Period,Scenario,LoadLevel,Unit,GWh
2030,sc01,01-05 19:00:00+01:00,CC NG 13,0.0
2030,sc01,01-05 19:00:00+01:00,CT NG 37,0.0
2030,sc01,01-05 19:00:00+01:00,ST Coal 01,0.0
2030,sc01,01-05 19:00:00+01:00,CT NG 09,0.0
2030,sc01,01-05 19:00:00+01:00,CT NG 47,0.0
2030,sc01,01-05 19:00:00+01:00,Solar 69,0.0
2030,sc01,01-05 19:00:00+01:00,Solar 34,0.0
2030,sc01,01-05 19:00:00+01:00,Solar 73,0.0
2030,sc01,01-05 19:00:00+01:00,Biomass 37,0.010010000000000002
2030,sc01,01-05 19:00:00+01:00,Hydro 20,0.0068975400000000015
2030,sc01,01-05 19:00:00+01:00,Solar 01,0.0
2030,sc01,01-05 19:00:00+01:00,Solar 62,0.0
2030,sc01,01-05 19:00:00+01:00,Solar 02,0.0
2030,sc01,01-05 19:00:00+01:00,CT NG 26,0.0
2030,sc01,01-05 19:00:00+01:00,Biomass 20,0.00455
2030,sc01,01-05 19:00:00+01:00,Wind 16,0.6483723866100001
2030,sc01,01-05 19:00:00+01:00,CT NG 66,0.0
2030,sc01,01-05 19:00:00+01:00,Solar 39,0.0
2030,sc01,01-05 19:00:00+01:00,Biomass 41,0.01742
2030,sc01,01-05 19:00:00+01:00,Solar 72,0.0
2030,sc01,01-05 19:00:00+01:00,ST NG 03,0.0
2030,sc01,01-05 19:00:00+01:00,Hydro 21,0.0068975400000000015
2030,sc01,01-05 19:00:00+01:00,CT NG 03,0.0
2030,sc01,01-05 19:00:00+01:00,CC NG 09,0.0
2030,sc01,01-05 19:00:00+01:00,CT Oil 02,0.0
2030,sc01,01-05 19:00:00+01:00,CT NG 39,0.0
2030,sc01,01-05 19:00:00+01:00,CC NG 08,0.0
2030,sc01,01-05 19:00:00+01:00,Biomass 43,0.03484
2030,sc01,01-05 19:00:00+01:00,CT NG 18,0.04912829999999999
2030,sc01,01-05 19:00:00+01:00,ST NG 07,0.0
2030,sc01,01-05 19:00:00+01:00,Biomass 35,0.017810000000000003
2030,sc01,01-05 19:00:00+01:00,Solar 32,0.0
2030,sc01,01-05 19:00:00+01:00,Biomass 15,0.0027300000000000002
2030,sc01,01-05 19:00:00+01:00,CC NG 31,0.0
2030,sc01,01-05 19:00:00+01:00,Solar 16,0.0
2030,sc01,01-05 19:00:00+01:00,Solar 68,0.0
2030,sc01,01-05 19:00:00+01:00,CT NG 21,0.0
2030,sc01,01-05 19:00:00+01:00,Wind 11,0.0
2030,sc01,01-05 19:00:00+01:00,CC NG 37,0.0
2030,sc01,01-05 19:00:00+01:00,CT NG 22,0.0
2030,sc01,01-05 19:00:00+01:00,Hydro 16,0.0
2030,sc01,01-05 19:00:00+01:00,Biomass 59,0.05382000000000001
2030,sc01,01-05 19:00:00+01:00,CC NG 01,0.0
2030,sc01,01-05 19:00:00+01:00,Biomass 16,0.0027300000000000002
2030,sc01,01-05 19:00:00+01:00,Solar 03,0.0
2030,sc01,01-05 19:00:00+01:00,Solar 44,0.0
2030,sc01,01-05 19:00:00+01:00,CT NG 08,0.0
2030,sc01,01-05 19:00:00+01:00,Wind 05,0.0
2030,sc01,01-05 19:00:00+01:00,Biomass 26,0.02197
2030,sc01,01-05 19:00:00+01:00,Solar 37,0.0
2030,sc01,01-05 19:00:00+01:00,Biomass 11,0.004679999999999999
2030,sc01,01-05 19:00:00+01:00,Solar 59,0.0
2030,sc01,01-05 19:00:00+01:00,CT NG 11,0.0
2030,sc01,01-05 19:00:00+01:00,Biomass 30,0.02197
2030,sc01,01-05 19:00:00+01:00,Hydro 23,0.0
2030,sc01,01-05 19:00:00+01:00,CC NG 24,0.0
2030,sc01,01-05 19:00:00+01:00,Solar 65,0.0
2030,sc01,01-05 19:00:00+01:00,CC NG 18,7.781449
2030,sc01,01-05 19:00:00+01:00,CT NG 16,0.0
2030,sc01,01-05 19:00:00+01:00,Solar 51,0.0
2030,sc01,01-05 19:00:00+01:00,Wind 06,0.028671012656000004
2030,sc01,01-05 19:00:00+01:00,CC NG 26,0.0
2030,sc01,01-05 19:00:00+01:00,CC NG 23,0.0
2030,sc01,01-05 19:00:00+01:00,CT NG 43,0.0
2030,sc01,01-05 19:00:00+01:00,CC NG 11,0.0
2030,sc01,01-05 19:00:00+01:00,CT NG 02,0.0
2030,sc01,01-05 19:00:00+01:00,CT NG 50,0.0
2030,sc01,01-05 19:00:00+01:00,Hydro 27,0.11554529999999999
2030,sc01,01-05 19:00:00+01:00,CT NG 13,0.0
2030,sc01,01-05 19:00:00+01:00,CT NG 25,0.0
2030,sc01,01-05 19:00:00+01:00,CC NG 05,0.4710559807278665
2030,sc01,01-05 19:00:00+01:00,Solar 04,0.0
2030,sc01,01-05 19:00:00+01:00,Solar 30,0.0
2030,sc01,01-05 19:00:00+01:00,Solar 29,0.0
2030,sc01,01-05 19:00:00+01:00,Solar 53,0.0
2030,sc01,01-05 19:00:00+01:00,Solar 21,0.0
2030,sc01,01-05 19:00:00+01:00,Biomass 58,0.02275
2030,sc01,01-05 19:00:00+01:00,CT NG 74,0.0
2030,sc01,01-05 19:00:00+01:00,Solar 61,0.0
2030,sc01,01-05 19:00:00+01:00,Wind 07,0.0
2030,sc01,01-05 19:00:00+01:00,Biomass 31,0.02197
2030,sc01,01-05 19:00:00+01:00,CT Oil 05,0.0
2030,sc01,01-05 19:00:00+01:00,Biomass 38,0.010010000000000002
2030,sc01,01-05 19:00:00+01:00,Solar 41,0.0
2030,sc01,01-05 19:00:00+01:00,Biomass 51,0.0023399999999999996
2030,sc01,01-05 19:00:00+01:00,Biomass 55,0.031070000000000004
2030,sc01,01-05 19:00:00+01:00,Wind 15,2.3564829002
2030,sc01,01-05 19:00:00+01:00,Geo 01,0.20800000000000002
2030,sc01,01-05 19:00:00+01:00,Biomass 60,0.0351
2030,sc01,01-05 19:00:00+01:00,CT NG 38,0.0
2030,sc01,01-05 19:00:00+01:00,Solar 66,0.0
2030,sc01,01-05 19:00:00+01:00,Solar 49,0.0
2030,sc01,01-05 19:00:00+01:00,CT NG 51,0.0
2030,sc01,01-05 19:00:00+01:00,Biomass 18,0.0027300000000000002
2030,sc01,01-05 19:00:00+01:00,ICE NG 01,0.0
2030,sc01,01-05 19:00:00+01:00,Solar 15,0.0
2030,sc01,01-05 19:00:00+01:00,ICE NG 05,0.0
2030,sc01,01-05 19:00:00+01:00,CT Oil 04,0.0
2030,sc01,01-05 19:00:00+01:00,CC NG 20,0.0
2030,sc01,01-05 19:00:00+01:00,Solar 20,0.0
2030,sc01,01-05 19:00:00+01:00,Biomass 04,0.0032500000000000003
2030,sc01,01-05 19:00:00+01:00,Wind 02,0.0
2030,sc01,01-05 19:00:00+01:00,Hydro 25,0.11554529999999999
2030,sc01,01-05 19:00:00+01:00,Solar 75,0.0
2030,sc01,01-05 19:00:00+01:00,Hydro 33,0.0
2030,sc01,01-05 19:00:00+01:00,ST NG 05,0.0
2030,sc01,01-05 19:00:00+01:00,CT NG 07,0.0
2030,sc01,01-05 19:00:00+01:00,Wind 01,0.0
2030,sc01,01-05 19:00:00+01:00,Solar 56,0.0
2030,sc01,01-05 19:00:00+01:00,Biomass 09,0.00975
2030,sc01,01-05 19:00:00+01:00,Biomass 53,0.031070000000000004
2030,sc01,01-05 19:00:00+01:00,Wind 17,3.2263393539000003
2030,sc01,01-05 19:00:00+01:00,ST NG 08,0.0
2030,sc01,01-05 19:00:00+01:00,Hydro 19,0.0525525
2030,sc01,01-05 19:00:00+01:00,ST NG 02,0.0
2030,sc01,01-05 19:00:00+01:00,Biomass 01,0.013130000000000001
2030,sc01,01-05 19:00:00+01:00,Biomass 57,0.02275
2030,sc01,01-05 19:00:00+01:00,CT NG 49,0.0
2030,sc01,01-05 19:00:00+01:00,CT NG 31,0.0
2030,sc01,01-05 19:00:00+01:00,Solar 64,0.0
2030,sc01,01-05 19:00:00+01:00,CC NG 33,0.0
2030,sc01,01-05 19:00:00+01:00,Solar 46,0.0
2030,sc01,01-05 19:00:00+01:00,Biomass 12,0.004679999999999999
2030,sc01,01-05 19:00:00+01:00,Wind 04,0.28512628157000003
2030,sc01,01-05 19:00:00+01:00,Solar 13,0.0
2030,sc01,01-05 19:00:00+01:00,CT NG 55,0.0
2030,sc01,01-05 19:00:00+01:00,Wind N03,64.98080524572768
2030,sc01,01-05 19:00:00+01:00,CT NG 28,0.0
2030,sc01,01-05 19:00:00+01:00,Wind 09,0.0
2030,sc01,01-05 19:00:00+01:00,Solar 60,0.0
2030,sc01,01-05 19:00:00+01:00,Solar 25,0.0
2030,sc01,01-05 19:00:00+01:00,CT NG 23,0.0
2030,sc01,01-05 19:00:00+01:00,ST Other 01,0.0
2030,sc01,01-05 19:00:00+01:00,Solar 70,0.0
2030,sc01,01-05 19:00:00+01:00,CC NG 34,7.766032772940403
2030,sc01,01-05 19:00:00+01:00,Solar 48,0.0
2030,sc01,01-05 19:00:00+01:00,Biomass 56,0.026389999999999997
2030,sc01,01-05 19:00:00+01:00,CT NG 36,0.0
2030,sc01,01-05 19:00:00+01:00,Solar 47,0.0
2030,sc01,01-05 19:00:00+01:00,Hydro 17,0.0039996450000000005
2030,sc01,01-05 19:00:00+01:00,Solar 09,0.0
2030,sc01,01-05 19:00:00+01:00,Solar 08,0.0
2030,sc01,01-05 19:00:00+01:00,CT NG 45,0.0
2030,sc01,01-05 19:00:00+01:00,ST NG 04,0.0
2030,sc01,01-05 19:00:00+01:00,Solar 40,0.0
2030,sc01,01-05 19:00:00+01:00,Biomass 47,0.030420000000000003
2030,sc01,01-05 19:00:00+01:00,Solar 50,0.0
2030,sc01,01-05 19:00:00+01:00,Solar 52,0.0
2030,sc01,01-05 19:00:00+01:00,Solar 63,0.0
2030,sc01,01-05 19:00:00+01:00,CC NG 06,0.0
2030,sc01,01-05 19:00:00+01:00,Biomass 39,0.010010000000000002
2030,sc01,01-05 19:00:00+01:00,Solar 67,0.0
2030,sc01,01-05 19:00:00+01:00,Solar 19,0.0
2030,sc01,01-05 19:00:00+01:00,Wind 12,1.8188616732
2030,sc01,01-05 19:00:00+01:00,Solar 24,0.0
2030,sc01,01-05 19:00:00+01:00,ICE NG 02,0.0
2030,sc01,01-05 19:00:00+01:00,Solar 05,0.0
2030,sc01,01-05 19:00:00+01:00,CT NG 54,0.0
2030,sc01,01-05 19:00:00+01:00,Wind N01,17.255867161
2030,sc01,01-05 19:00:00+01:00,CT NG 27,0.0
2030,sc01,01-05 19:00:00+01:00,CC NG 36,0.0
2030,sc01,01-05 19:00:00+01:00,Wind N02,1.1605215572599998
2030,sc01,01-05 19:00:00+01:00,CT NG 52,0.0
2030,sc01,01-05 19:00:00+01:00,Solar 35,0.0
2030,sc01,01-05 19:00:00+01:00,CT NG 05,0.0
2030,sc01,01-05 19:00:00+01:00,Biomass 36,0.017810000000000003
2030,sc01,01-05 19:00:00+01:00,CT NG 34,0.0
2030,sc01,01-05 19:00:00+01:00,CT Oil 03,0.0
2030,sc01,01-05 19:00:00+01:00,Hydro 35,0.0
2030,sc01,01-05 19:00:00+01:00,Solar 14,0.0
2030,sc01,01-05 19:00:00+01:00,CT NG 75,0.0
2030,sc01,01-05 19:00:00+01:00,ST NG 09,0.0
2030,sc01,01-05 19:00:00+01:00,CT NG 56,0.0
2030,sc01,01-05 19:00:00+01:00,Biomass 22,0.00455
2030,sc01,01-05 19:00:00+01:00,Solar 18,0.0
2030,sc01,01-05 19:00:00+01:00,Biomass 13,0.004679999999999999
2030,sc01,01-05 19:00:00+01:00,CT NG 71,0.0
2030,sc01,01-05 19:00:00+01:00,Solar 58,0.0
2030,sc01,01-05 19:00:00+01:00,Solar 06,0.0
2030,sc01,01-05 19:00:00+01:00,Biomass 08,0.00975
2030,sc01,01-05 19:00:00+01:00,CT NG 72,0.0
2030,sc01,01-05 19:00:00+01:00,Hydro 18,0.013776555
2030,sc01,01-05 19:00:00+01:00,Solar 10,0.0
2030,sc01,01-05 19:00:00+01:00,CT NG 04,0.0
2030,sc01,01-05 19:00:00+01:00,ST Other 02,0.0
2030,sc01,01-05 19:00:00+01:00,CT NG 12,0.0
2030,sc01,01-05 19:00:00+01:00,CT NG 48,0.0
2030,sc01,01-05 19:00:00+01:00,ST NG 10,0.0
2030,sc01,01-05 19:00:00+01:00,Solar 22,0.0
2030,sc01,01-05 19:00:00+01:00,Solar 28,0.0
2030,sc01,01-05 19:00:00+01:00,CT NG 73,0.0
2030,sc01,01-05 19:00:00+01:00,Biomass 52,0.02314
2030,sc01,01-05 19:00:00+01:00,CT NG 30,0.0
2030,sc01,01-05 19:00:00+01:00,Solar 54,0.0
2030,sc01,01-05 19:00:00+01:00,Solar 31,0.0
2030,sc01,01-05 19:00:00+01:00,Biomass 03,0.0032500000000000003
2030,sc01,01-05 19:00:00+01:00,CT NG 32,0.0
2030,sc01,01-05 19:00:00+01:00,Biomass 27,0.02197
2030,sc01,01-05 19:00:00+01:00,CC NG 14,0.0
2030,sc01,01-05 19:00:00+01:00,CC NG 03,1.59626558
2030,sc01,01-05 19:00:00+01:00,CC NG 29,0.0
2030,sc01,01-05 19:00:00+01:00,CC NG 28,0.0
2030,sc01,01-05 19:00:00+01:00,CC NG 25,0.0
2030,sc01,01-05 19:00:00+01:00,CT NG 44,0.0
2030,sc01,01-05 19:00:00+01:00,CT NG 14,0.0
2030,sc01,01-05 19:00:00+01:00,CC NG 15,0.0
2030,sc01,01-05 19:00:00+01:00,CC NG 04,4.02272
2030,sc01,01-05 19:00:00+01:00,Biomass 29,0.02197
2030,sc01,01-05 19:00:00+01:00,Wind 14,0.15848030484
2030,sc01,01-05 19:00:00+01:00,Wind 08,0.0
2030,sc01,01-05 19:00:00+01:00,Biomass 61,0.00481
2030,sc01,01-05 19:00:00+01:00,CT NG 35,0.0
2030,sc01,01-05 19:00:00+01:00,Solar 33,0.0
2030,sc01,01-05 19:00:00+01:00,CT NG 41,0.0
2030,sc01,01-05 19:00:00+01:00,CT NG 15,0.0
2030,sc01,01-05 19:00:00+01:00,Solar 42,0.0
2030,sc01,01-05 19:00:00+01:00,Solar 07,0.0
2030,sc01,01-05 19:00:00+01:00,Solar 43,0.0
2030,sc01,01-05 19:00:00+01:00,Biomass 05,0.00572
2030,sc01,01-05 19:00:00+01:00,CT NG 29,0.0
2030,sc01,01-05 19:00:00+01:00,Solar 71,0.0
2030,sc01,01-05 19:00:00+01:00,CT NG 53,0.0
2030,sc01,01-05 19:00:00+01:00,CT NG 20,0.0
2030,sc01,01-05 19:00:00+01:00,Biomass 14,0.010400000000000001
2030,sc01,01-05 19:00:00+01:00,Solar 26,0.0
2030,sc01,01-05 19:00:00+01:00,Hydro 29,14.363692200000001
2030,sc01,01-05 19:00:00+01:00,Hydro 31,0.0
2030,sc01,01-05 19:00:00+01:00,Biomass 24,0.00585
2030,sc01,01-05 19:00:00+01:00,Biomass 54,0.031070000000000004
2030,sc01,01-05 19:00:00+01:00,Solar 36,0.0
2030,sc01,01-05 19:00:00+01:00,Wind 03,0.55736412394
2030,sc01,01-05 19:00:00+01:00,Biomass 40,0.010010000000000002
2030,sc01,01-05 19:00:00+01:00,Biomass 49,0.0041600000000000005
2030,sc01,01-05 19:00:00+01:00,CC NG 16,11.8607385
2030,sc01,01-05 19:00:00+01:00,Biomass 48,0.030420000000000003
2030,sc01,01-05 19:00:00+01:00,Hydro 28,14.363692200000001
2030,sc01,01-05 19:00:00+01:00,Biomass 17,0.0027300000000000002
2030,sc01,01-05 19:00:00+01:00,CT NG 33,0.0
2030,sc01,01-05 19:00:00+01:00,Solar 45,0.0
2030,sc01,01-05 19:00:00+01:00,Hydro 24,0.0
2030,sc01,01-05 19:00:00+01:00,Wind 13,0.15828209526999998
2030,sc01,01-05 19:00:00+01:00,Biomass 07,0.026000000000000002
2030,sc01,01-05 19:00:00+01:00,Biomass 34,0.017810000000000003
2030,sc01,01-05 19:00:00+01:00,Biomass 33,0.017810000000000003
2030,sc01,01-05 19:00:00+01:00,CT NG 01,0.0
2030,sc01,01-05 19:00:00+01:00,ICE NG 03,0.0
2030,sc01,01-05 19:00:00+01:00,Solar 55,0.0
2030,sc01,01-05 19:00:00+01:00,Solar 11,0.0
2030,sc01,01-05 19:00:00+01:00,CT NG 06,0.0
2030,sc01,01-05 19:00:00+01:00,CT NG 70,0.0
2030,sc01,01-05 19:00:00+01:00,Solar 23,0.0
2030,sc01,01-05 19:00:00+01:00,CT NG 67,0.0
2030,sc01,01-05 19:00:00+01:00,Solar 12,0.0
2030,sc01,01-05 19:00:00+01:00,CT Oil 01,0.0
2030,sc01,01-05 19:00:00+01:00,Hydro 26,0.11554529999999999
2030,sc01,01-05 19:00:00+01:00,CC NG 22,8.5206238
2030,sc01,01-05 19:00:00+01:00,CC NG 35,1.1243581222472814
2030,sc01,01-05 19:00:00+01:00,Biomass 50,0.0023399999999999996
2030,sc01,01-05 19:00:00+01:00,ICE NG 04,0.0
2030,sc01,01-05 19:00:00+01:00,CC NG 39,0.0
2030,sc01,01-05 19:00:00+01:00,Hydro 32,0.0
2030,sc01,01-05 19:00:00+01:00,ICE NG 07,0.0
2030,sc01,01-05 19:00:00+01:00,Biomass 46,0.00754
2030,sc01,01-05 19:00:00+01:00,CC NG 38,0.0
2030,sc01,01-05 19:00:00+01:00,CC NG 12,0.0
2030,sc01,01-05 19:00:00+01:00,Solar 57,0.0
2030,sc01,01-05 19:00:00+01:00,CC NG 32,0.0
2030,sc01,01-05 19:00:00+01:00,CC NG 07,0.0
2030,sc01,01-05 19:00:00+01:00,Biomass 44,0.0143
2030,sc01,01-05 19:00:00+01:00,CT NG 40,0.0
2030,sc01,01-05 19:00:00+01:00,Solar 74,0.0
2030,sc01,01-05 19:00:00+01:00,Hydro 30,0.0
2030,sc01,01-05 19:00:00+01:00,CT NG 42,0.0
2030,sc01,01-05 19:00:00+01:00,Hydro 22,0.0068975400000000015
2030,sc01,01-05 19:00:00+01:00,Solar 17,0.0
2030,sc01,01-05 19:00:00+01:00,Solar 38,0.0
2030,sc01,01-05 19:00:00+01:00,CT NG 24,0.0
2030,sc01,01-05 19:00:00+01:00,CC NG 27,0.31200921593494163
2030,sc01,01-05 19:00:00+01:00,Biomass 21,0.00455
2030,sc01,01-05 19:00:00+01:00,ICE NG 06,0.0
2030,sc01,01-05 19:00:00+01:00,Biomass 25,0.00585
2030,sc01,01-05 19:00:00+01:00,Solar 27,0.0
2030,sc01,01-05 19:00:00+01:00,CT NG 19,0.0
2030,sc01,01-05 19:00:00+01:00,Biomass 42,0.01742
2030,sc01,01-05 19:00:00+01:00,Biomass 19,0.00455
2030,sc01,01-05 19:00:00+01:00,Biomass 06,0.00572
2030,sc01,01-05 19:00:00+01:00,CT NG 10,0.0
2030,sc01,01-05 19:00:00+01:00,CC NG 40,9.4420781
2030,sc01,01-05 19:00:00+01:00,CC NG 21,0.0
2030,sc01,01-05 19:00:00+01:00,Biomass 02,0.013130000000000001
2030,sc01,01-05 19:00:00+01:00,CT NG 46,0.0
2030,sc01,01-05 19:00:00+01:00,Hydro 34,0.0
2030,sc01,01-05 19:00:00+01:00,Biomass 10,0.00975
2030,sc01,01-05 19:00:00+01:00,CT NG 17,0.08691929999999999
2030,sc01,01-05 19:00:00+01:00,Biomass 62,0.020800000000000003
2030,sc01,01-05 19:00:00+01:00,Biomass 32,0.015469999999999998
2030,sc01,01-05 19:00:00+01:00,CC NG 19,1.75994
2030,sc01,01-05 19:00:00+01:00,CC NG 17,0.0
2030,sc01,01-05 19:00:00+01:00,ST NG 01,0.0
2030,sc01,01-05 19:00:00+01:00,Biomass 45,0.0143
2030,sc01,01-05 19:00:00+01:00,Biomass 28,0.02197
2030,sc01,01-05 19:00:00+01:00,CC NG 10,0.0
2030,sc01,01-05 19:00:00+01:00,Biomass 23,0.00585
2030,sc01,01-05 19:00:00+01:00,ST NG 06,0.0
2030,sc01,01-05 19:00:00+01:00,Wind 10,0.0
2030,sc01,01-05 19:00:00+01:00,CT NG 69,0.0
2030,sc01,01-05 19:00:00+01:00,CT NG 68,0.0
2030,sc01,01-06 14:00:00+01:00,CC NG 13,0.0
2030,sc01,01-06 14:00:00+01:00,CT NG 37,0.0
2030,sc01,01-06 14:00:00+01:00,ST Coal 01,0.0
2030,sc01,01-06 14:00:00+01:00,CT NG 09,0.0
2030,sc01,01-06 14:00:00+01:00,CT NG 47,0.0
2030,sc01,01-06 14:00:00+01:00,Solar 69,12.491441565
2030,sc01,01-06 14:00:00+01:00,Solar 34,11.258785505091714
2030,sc01,01-06 14:00:00+01:00,Solar 73,5.0
2030,sc01,01-06 14:00:00+01:00,Biomass 37,0.0
2030,sc01,01-06 14:00:00+01:00,Hydro 20,0.35545275
2030,sc01,01-06 14:00:00+01:00,Solar 01,5.677488365
2030,sc01,01-06 14:00:00+01:00,Solar 62,3.7885577935965364
2030,sc01,01-06 14:00:00+01:00,Solar 02,0.0
2030,sc01,01-06 14:00:00+01:00,CT NG 26,0.0
2030,sc01,01-06 14:00:00+01:00,Biomass 20,0.009
2030,sc01,01-06 14:00:00+01:00,Wind 16,0.555103565
2030,sc01,01-06 14:00:00+01:00,CT NG 66,0.0
2030,sc01,01-06 14:00:00+01:00,Solar 39,0.0
2030,sc01,01-06 14:00:00+01:00,Biomass 41,0.0
2030,sc01,01-06 14:00:00+01:00,Solar 72,3.623194975
2030,sc01,01-06 14:00:00+01:00,ST NG 03,0.0
2030,sc01,01-06 14:00:00+01:00,Hydro 21,0.0
2030,sc01,01-06 14:00:00+01:00,CT NG 03,0.0
2030,sc01,01-06 14:00:00+01:00,CC NG 09,0.0
2030,sc01,01-06 14:00:00+01:00,CT Oil 02,0.0
2030,sc01,01-06 14:00:00+01:00,CT NG 39,0.0
2030,sc01,01-06 14:00:00+01:00,CC NG 08,0.0
2030,sc01,01-06 14:00:00+01:00,Biomass 43,0.0
2030,sc01,01-06 14:00:00+01:00,CT NG 18,0.09447749999999998
2030,sc01,01-06 14:00:00+01:00,ST NG 07,0.0
2030,sc01,01-06 14:00:00+01:00,Biomass 35,0.0
2030,sc01,01-06 14:00:00+01:00,Solar 32,0.0
2030,sc01,01-06 14:00:00+01:00,Biomass 15,0.00525
2030,sc01,01-06 14:00:00+01:00,CC NG 31,0.0
2030,sc01,01-06 14:00:00+01:00,Solar 16,0.6195587175
2030,sc01,01-06 14:00:00+01:00,Solar 68,10.486333544999999
2030,sc01,01-06 14:00:00+01:00,CT NG 21,0.0
2030,sc01,01-06 14:00:00+01:00,Wind 11,0.0
2030,sc01,01-06 14:00:00+01:00,CC NG 37,0.0
2030,sc01,01-06 14:00:00+01:00,CT NG 22,0.0
2030,sc01,01-06 14:00:00+01:00,Hydro 16,0.0
2030,sc01,01-06 14:00:00+01:00,Biomass 59,0.10350000000000001
2030,sc01,01-06 14:00:00+01:00,CC NG 01,0.0
2030,sc01,01-06 14:00:00+01:00,Biomass 16,0.00525
2030,sc01,01-06 14:00:00+01:00,Solar 03,2.5332530725000004
2030,sc01,01-06 14:00:00+01:00,Solar 44,0.0
2030,sc01,01-06 14:00:00+01:00,CT NG 08,0.0
2030,sc01,01-06 14:00:00+01:00,Wind 05,0.0
2030,sc01,01-06 14:00:00+01:00,Biomass 26,0.042249999999999996
2030,sc01,01-06 14:00:00+01:00,Solar 37,0.0
2030,sc01,01-06 14:00:00+01:00,Biomass 11,0.008749999999999999
2030,sc01,01-06 14:00:00+01:00,Solar 59,0.5300227006783481
2030,sc01,01-06 14:00:00+01:00,CT NG 11,0.0
2030,sc01,01-06 14:00:00+01:00,Biomass 30,0.042249999999999996
2030,sc01,01-06 14:00:00+01:00,Hydro 23,18.3800925
2030,sc01,01-06 14:00:00+01:00,CC NG 24,0.0
2030,sc01,01-06 14:00:00+01:00,Solar 65,4.490035935
2030,sc01,01-06 14:00:00+01:00,CC NG 18,0.0
2030,sc01,01-06 14:00:00+01:00,CT NG 16,0.0
2030,sc01,01-06 14:00:00+01:00,Solar 51,0.0
2030,sc01,01-06 14:00:00+01:00,Wind 06,0.05772175120000001
2030,sc01,01-06 14:00:00+01:00,CC NG 26,0.0
2030,sc01,01-06 14:00:00+01:00,CC NG 23,0.0
2030,sc01,01-06 14:00:00+01:00,CT NG 43,0.0
2030,sc01,01-06 14:00:00+01:00,CC NG 11,0.0
2030,sc01,01-06 14:00:00+01:00,CT NG 02,0.0
2030,sc01,01-06 14:00:00+01:00,CT NG 50,0.0
2030,sc01,01-06 14:00:00+01:00,Hydro 27,0.0
2030,sc01,01-06 14:00:00+01:00,CT NG 13,0.0
2030,sc01,01-06 14:00:00+01:00,CT NG 25,0.0
2030,sc01,01-06 14:00:00+01:00,CC NG 05,0.31159999188811416
2030,sc01,01-06 14:00:00+01:00,Solar 04,0.499616431
2030,sc01,01-06 14:00:00+01:00,Solar 30,0.5974475905000001
2030,sc01,01-06 14:00:00+01:00,Solar 29,0.8675502667499999
2030,sc01,01-06 14:00:00+01:00,Solar 53,0.0
2030,sc01,01-06 14:00:00+01:00,Solar 21,1.8957343465000003
2030,sc01,01-06 14:00:00+01:00,Biomass 58,0.051500000000000004
2030,sc01,01-06 14:00:00+01:00,CT NG 74,0.0
2030,sc01,01-06 14:00:00+01:00,Solar 61,0.0
2030,sc01,01-06 14:00:00+01:00,Wind 07,0.0
2030,sc01,01-06 14:00:00+01:00,Biomass 31,0.042249999999999996
2030,sc01,01-06 14:00:00+01:00,CT Oil 05,0.0
2030,sc01,01-06 14:00:00+01:00,Biomass 38,0.0
2030,sc01,01-06 14:00:00+01:00,Solar 41,0.0
2030,sc01,01-06 14:00:00+01:00,Biomass 51,0.0
2030,sc01,01-06 14:00:00+01:00,Biomass 55,0.060750000000000005
2030,sc01,01-06 14:00:00+01:00,Wind 15,2.276843506
2030,sc01,01-06 14:00:00+01:00,Geo 01,0.0
2030,sc01,01-06 14:00:00+01:00,Biomass 60,0.0675
2030,sc01,01-06 14:00:00+01:00,CT NG 38,0.0
2030,sc01,01-06 14:00:00+01:00,Solar 66,3.9062234375000005
2030,sc01,01-06 14:00:00+01:00,Solar 49,0.0
2030,sc01,01-06 14:00:00+01:00,CT NG 51,0.0
2030,sc01,01-06 14:00:00+01:00,Biomass 18,0.00525
2030,sc01,01-06 14:00:00+01:00,ICE NG 01,0.0
2030,sc01,01-06 14:00:00+01:00,Solar 15,1.084153292
2030,sc01,01-06 14:00:00+01:00,ICE NG 05,0.0
2030,sc01,01-06 14:00:00+01:00,CT Oil 04,0.0
2030,sc01,01-06 14:00:00+01:00,CC NG 20,0.0
2030,sc01,01-06 14:00:00+01:00,Solar 20,0.7688426755
2030,sc01,01-06 14:00:00+01:00,Biomass 04,0.0
2030,sc01,01-06 14:00:00+01:00,Wind 02,0.0
2030,sc01,01-06 14:00:00+01:00,Hydro 25,0.0
2030,sc01,01-06 14:00:00+01:00,Solar 75,0.0
2030,sc01,01-06 14:00:00+01:00,Hydro 33,0.0
2030,sc01,01-06 14:00:00+01:00,ST NG 05,0.0
2030,sc01,01-06 14:00:00+01:00,CT NG 07,0.0
2030,sc01,01-06 14:00:00+01:00,Wind 01,0.0
2030,sc01,01-06 14:00:00+01:00,Solar 56,0.0
2030,sc01,01-06 14:00:00+01:00,Biomass 09,0.02175
2030,sc01,01-06 14:00:00+01:00,Biomass 53,0.060750000000000005
2030,sc01,01-06 14:00:00+01:00,Wind 17,2.069128326
2030,sc01,01-06 14:00:00+01:00,ST NG 08,0.0
2030,sc01,01-06 14:00:00+01:00,Hydro 19,0.0
2030,sc01,01-06 14:00:00+01:00,ST NG 02,0.0
2030,sc01,01-06 14:00:00+01:00,Biomass 01,0.025750000000000002
2030,sc01,01-06 14:00:00+01:00,Biomass 57,0.051500000000000004
2030,sc01,01-06 14:00:00+01:00,CT NG 49,0.0
2030,sc01,01-06 14:00:00+01:00,CT NG 31,0.0
2030,sc01,01-06 14:00:00+01:00,Solar 64,2.35726412
2030,sc01,01-06 14:00:00+01:00,CC NG 33,0.0
2030,sc01,01-06 14:00:00+01:00,Solar 46,0.0
2030,sc01,01-06 14:00:00+01:00,Biomass 12,0.008749999999999999
2030,sc01,01-06 14:00:00+01:00,Wind 04,0.24191770199999996
2030,sc01,01-06 14:00:00+01:00,Solar 13,0.027216181600000004
2030,sc01,01-06 14:00:00+01:00,CT NG 55,0.0
2030,sc01,01-06 14:00:00+01:00,Wind N03,79.5818587
2030,sc01,01-06 14:00:00+01:00,CT NG 28,0.0
2030,sc01,01-06 14:00:00+01:00,Wind 09,0.0
2030,sc01,01-06 14:00:00+01:00,Solar 60,1.446795099
2030,sc01,01-06 14:00:00+01:00,Solar 25,0.1995810358
2030,sc01,01-06 14:00:00+01:00,CT NG 23,0.0
2030,sc01,01-06 14:00:00+01:00,ST Other 01,0.0
2030,sc01,01-06 14:00:00+01:00,Solar 70,12.891219025
2030,sc01,01-06 14:00:00+01:00,CC NG 34,0.0
2030,sc01,01-06 14:00:00+01:00,Solar 48,0.0
2030,sc01,01-06 14:00:00+01:00,Biomass 56,0.057499999999999996
2030,sc01,01-06 14:00:00+01:00,CT NG 36,0.0
2030,sc01,01-06 14:00:00+01:00,Solar 47,0.0
2030,sc01,01-06 14:00:00+01:00,Hydro 17,0.0
2030,sc01,01-06 14:00:00+01:00,Solar 09,1.322776981
2030,sc01,01-06 14:00:00+01:00,Solar 08,0.2584021985
2030,sc01,01-06 14:00:00+01:00,CT NG 45,0.0
2030,sc01,01-06 14:00:00+01:00,ST NG 04,0.0
2030,sc01,01-06 14:00:00+01:00,Solar 40,0.0
2030,sc01,01-06 14:00:00+01:00,Biomass 47,0.0
2030,sc01,01-06 14:00:00+01:00,Solar 50,0.0
2030,sc01,01-06 14:00:00+01:00,Solar 52,0.0
2030,sc01,01-06 14:00:00+01:00,Solar 63,5.0340109925
2030,sc01,01-06 14:00:00+01:00,CC NG 06,0.0
2030,sc01,01-06 14:00:00+01:00,Biomass 39,0.0
2030,sc01,01-06 14:00:00+01:00,Solar 67,3.355726645
2030,sc01,01-06 14:00:00+01:00,Solar 19,0.0102932822
2030,sc01,01-06 14:00:00+01:00,Wind 12,2.057213038
2030,sc01,01-06 14:00:00+01:00,Solar 24,0.148857876
2030,sc01,01-06 14:00:00+01:00,ICE NG 02,0.0
2030,sc01,01-06 14:00:00+01:00,Solar 05,0.0121038024
2030,sc01,01-06 14:00:00+01:00,CT NG 54,0.0
2030,sc01,01-06 14:00:00+01:00,Wind N01,19.517149335
2030,sc01,01-06 14:00:00+01:00,CT NG 27,0.0
2030,sc01,01-06 14:00:00+01:00,CC NG 36,0.0
2030,sc01,01-06 14:00:00+01:00,Wind N02,11.58957322
2030,sc01,01-06 14:00:00+01:00,CT NG 52,0.0
2030,sc01,01-06 14:00:00+01:00,Solar 35,0.0
2030,sc01,01-06 14:00:00+01:00,CT NG 05,0.0
2030,sc01,01-06 14:00:00+01:00,Biomass 36,0.0
2030,sc01,01-06 14:00:00+01:00,CT NG 34,0.0
2030,sc01,01-06 14:00:00+01:00,CT Oil 03,0.0
2030,sc01,01-06 14:00:00+01:00,Hydro 35,0.0
2030,sc01,01-06 14:00:00+01:00,Solar 14,1.2053343345
2030,sc01,01-06 14:00:00+01:00,CT NG 75,0.0
2030,sc01,01-06 14:00:00+01:00,ST NG 09,0.0
2030,sc01,01-06 14:00:00+01:00,CT NG 56,0.0
2030,sc01,01-06 14:00:00+01:00,Biomass 22,0.009
2030,sc01,01-06 14:00:00+01:00,Solar 18,1.2713421055
2030,sc01,01-06 14:00:00+01:00,Biomass 13,0.008749999999999999
2030,sc01,01-06 14:00:00+01:00,CT NG 71,0.0
2030,sc01,01-06 14:00:00+01:00,Solar 58,0.0
2030,sc01,01-06 14:00:00+01:00,Solar 06,0.52277480975
2030,sc01,01-06 14:00:00+01:00,Biomass 08,0.02175
2030,sc01,01-06 14:00:00+01:00,CT NG 72,0.0
2030,sc01,01-06 14:00:00+01:00,Hydro 18,0.0
2030,sc01,01-06 14:00:00+01:00,Solar 10,0.7405777135
2030,sc01,01-06 14:00:00+01:00,CT NG 04,0.0
2030,sc01,01-06 14:00:00+01:00,ST Other 02,0.0
2030,sc01,01-06 14:00:00+01:00,CT NG 12,0.0
2030,sc01,01-06 14:00:00+01:00,CT NG 48,0.0
2030,sc01,01-06 14:00:00+01:00,ST NG 10,0.0
2030,sc01,01-06 14:00:00+01:00,Solar 22,0.9023459730000001
2030,sc01,01-06 14:00:00+01:00,Solar 28,0.8074945687499999
2030,sc01,01-06 14:00:00+01:00,CT NG 73,0.0
2030,sc01,01-06 14:00:00+01:00,Biomass 52,0.0
2030,sc01,01-06 14:00:00+01:00,CT NG 30,0.0
2030,sc01,01-06 14:00:00+01:00,Solar 54,0.0
2030,sc01,01-06 14:00:00+01:00,Solar 31,0.0
2030,sc01,01-06 14:00:00+01:00,Biomass 03,0.0
2030,sc01,01-06 14:00:00+01:00,CT NG 32,0.0
2030,sc01,01-06 14:00:00+01:00,Biomass 27,0.042249999999999996
2030,sc01,01-06 14:00:00+01:00,CC NG 14,0.0
2030,sc01,01-06 14:00:00+01:00,CC NG 03,0.0
2030,sc01,01-06 14:00:00+01:00,CC NG 29,0.0
2030,sc01,01-06 14:00:00+01:00,CC NG 28,0.0
2030,sc01,01-06 14:00:00+01:00,CC NG 25,0.0
2030,sc01,01-06 14:00:00+01:00,CT NG 44,0.0
2030,sc01,01-06 14:00:00+01:00,CT NG 14,0.0
2030,sc01,01-06 14:00:00+01:00,CC NG 15,0.0
2030,sc01,01-06 14:00:00+01:00,CC NG 04,0.0
2030,sc01,01-06 14:00:00+01:00,Biomass 29,0.042249999999999996
2030,sc01,01-06 14:00:00+01:00,Wind 14,1.58266693575
2030,sc01,01-06 14:00:00+01:00,Wind 08,0.0
2030,sc01,01-06 14:00:00+01:00,Biomass 61,0.0
2030,sc01,01-06 14:00:00+01:00,CT NG 35,0.0
2030,sc01,01-06 14:00:00+01:00,Solar 33,0.0
2030,sc01,01-06 14:00:00+01:00,CT NG 41,0.0
2030,sc01,01-06 14:00:00+01:00,CT NG 15,0.0
2030,sc01,01-06 14:00:00+01:00,Solar 42,0.0
2030,sc01,01-06 14:00:00+01:00,Solar 07,0.0219224104
2030,sc01,01-06 14:00:00+01:00,Solar 43,0.0
2030,sc01,01-06 14:00:00+01:00,Biomass 05,0.011000000000000001
2030,sc01,01-06 14:00:00+01:00,CT NG 29,0.0
2030,sc01,01-06 14:00:00+01:00,Solar 71,12.970865895
2030,sc01,01-06 14:00:00+01:00,CT NG 53,0.0
2030,sc01,01-06 14:00:00+01:00,CT NG 20,0.0
2030,sc01,01-06 14:00:00+01:00,Biomass 14,0.019500000000000003
2030,sc01,01-06 14:00:00+01:00,Solar 26,0.18482597439999998
2030,sc01,01-06 14:00:00+01:00,Hydro 29,0.0
2030,sc01,01-06 14:00:00+01:00,Hydro 31,0.0
2030,sc01,01-06 14:00:00+01:00,Biomass 24,0.009750000000000002
2030,sc01,01-06 14:00:00+01:00,Biomass 54,0.060750000000000005
2030,sc01,01-06 14:00:00+01:00,Solar 36,0.0
2030,sc01,01-06 14:00:00+01:00,Wind 03,0.44616826625000006
2030,sc01,01-06 14:00:00+01:00,Biomass 40,0.0
2030,sc01,01-06 14:00:00+01:00,Biomass 49,0.0
2030,sc01,01-06 14:00:00+01:00,CC NG 16,22.8091125
2030,sc01,01-06 14:00:00+01:00,Biomass 48,0.0
2030,sc01,01-06 14:00:00+01:00,Hydro 28,0.0
2030,sc01,01-06 14:00:00+01:00,Biomass 17,0.00525
2030,sc01,01-06 14:00:00+01:00,CT NG 33,0.0
2030,sc01,01-06 14:00:00+01:00,Solar 45,0.0
2030,sc01,01-06 14:00:00+01:00,Hydro 24,18.3800925
2030,sc01,01-06 14:00:00+01:00,Wind 13,0.386791784
2030,sc01,01-06 14:00:00+01:00,Biomass 07,0.05
2030,sc01,01-06 14:00:00+01:00,Biomass 34,0.0
2030,sc01,01-06 14:00:00+01:00,Biomass 33,0.0
2030,sc01,01-06 14:00:00+01:00,CT NG 01,0.0
2030,sc01,01-06 14:00:00+01:00,ICE NG 03,0.0
2030,sc01,01-06 14:00:00+01:00,Solar 55,0.0
2030,sc01,01-06 14:00:00+01:00,Solar 11,0.20416659499999998
2030,sc01,01-06 14:00:00+01:00,CT NG 06,0.0
2030,sc01,01-06 14:00:00+01:00,CT NG 70,0.0
2030,sc01,01-06 14:00:00+01:00,Solar 23,0.0302311824
2030,sc01,01-06 14:00:00+01:00,CT NG 67,0.0
2030,sc01,01-06 14:00:00+01:00,Solar 12,0.15804651400000003
2030,sc01,01-06 14:00:00+01:00,CT Oil 01,0.0
2030,sc01,01-06 14:00:00+01:00,Hydro 26,0.0
2030,sc01,01-06 14:00:00+01:00,CC NG 22,0.0
2030,sc01,01-06 14:00:00+01:00,CC NG 35,0.0
2030,sc01,01-06 14:00:00+01:00,Biomass 50,0.0
2030,sc01,01-06 14:00:00+01:00,ICE NG 04,0.0
2030,sc01,01-06 14:00:00+01:00,CC NG 39,0.0
2030,sc01,01-06 14:00:00+01:00,Hydro 32,0.0
2030,sc01,01-06 14:00:00+01:00,ICE NG 07,0.0
2030,sc01,01-06 14:00:00+01:00,Biomass 46,0.0
2030,sc01,01-06 14:00:00+01:00,CC NG 38,0.0
2030,sc01,01-06 14:00:00+01:00,CC NG 12,0.0
2030,sc01,01-06 14:00:00+01:00,Solar 57,0.0
2030,sc01,01-06 14:00:00+01:00,CC NG 32,0.0
2030,sc01,01-06 14:00:00+01:00,CC NG 07,0.0
2030,sc01,01-06 14:00:00+01:00,Biomass 44,0.0
2030,sc01,01-06 14:00:00+01:00,CT NG 40,0.0
2030,sc01,01-06 14:00:00+01:00,Solar 74,0.0
2030,sc01,01-06 14:00:00+01:00,Hydro 30,0.0
2030,sc01,01-06 14:00:00+01:00,CT NG 42,0.0
2030,sc01,01-06 14:00:00+01:00,Hydro 22,0.0
2030,sc01,01-06 14:00:00+01:00,Solar 17,0.30999237674999996
2030,sc01,01-06 14:00:00+01:00,Solar 38,0.0
2030,sc01,01-06 14:00:00+01:00,CT NG 24,0.0
2030,sc01,01-06 14:00:00+01:00,CC NG 27,0.0
2030,sc01,01-06 14:00:00+01:00,Biomass 21,0.009
2030,sc01,01-06 14:00:00+01:00,ICE NG 06,0.0
2030,sc01,01-06 14:00:00+01:00,Biomass 25,0.009750000000000002
2030,sc01,01-06 14:00:00+01:00,Solar 27,0.10620857539999999
2030,sc01,01-06 14:00:00+01:00,CT NG 19,0.0
2030,sc01,01-06 14:00:00+01:00,Biomass 42,0.0
2030,sc01,01-06 14:00:00+01:00,Biomass 19,0.009
2030,sc01,01-06 14:00:00+01:00,Biomass 06,0.011000000000000001
2030,sc01,01-06 14:00:00+01:00,CT NG 10,0.0
2030,sc01,01-06 14:00:00+01:00,CC NG 40,0.0
2030,sc01,01-06 14:00:00+01:00,CC NG 21,0.0
2030,sc01,01-06 14:00:00+01:00,Biomass 02,0.025750000000000002
2030,sc01,01-06 14:00:00+01:00,CT NG 46,0.0
2030,sc01,01-06 14:00:00+01:00,Hydro 34,0.0
2030,sc01,01-06 14:00:00+01:00,Biomass 10,0.02175
2030,sc01,01-06 14:00:00+01:00,CT NG 17,0.1367549650453874
2030,sc01,01-06 14:00:00+01:00,Biomass 62,0.04775
2030,sc01,01-06 14:00:00+01:00,Biomass 32,0.029749999999999995
2030,sc01,01-06 14:00:00+01:00,CC NG 19,3.3845
2030,sc01,01-06 14:00:00+01:00,CC NG 17,0.0
2030,sc01,01-06 14:00:00+01:00,ST NG 01,0.0
2030,sc01,01-06 14:00:00+01:00,Biomass 45,0.0
2030,sc01,01-06 14:00:00+01:00,Biomass 28,0.042249999999999996
2030,sc01,01-06 14:00:00+01:00,CC NG 10,0.0
2030,sc01,01-06 14:00:00+01:00,Biomass 23,0.009750000000000002
2030,sc01,01-06 14:00:00+01:00,ST NG 06,0.0
2030,sc01,01-06 14:00:00+01:00,Wind 10,0.0
2030,sc01,01-06 14:00:00+01:00,CT NG 69,0.0
2030,sc01,01-06 14:00:00+01:00,CT NG 68,0.0
2030,sc01,01-08 07:00:00+01:00,CC NG 13,0.0
2030,sc01,01-08 07:00:00+01:00,CT NG 37,0.0
2030,sc01,01-08 07:00:00+01:00,ST Coal 01,0.0
2030,sc01,01-08 07:00:00+01:00,CT NG 09,0.0
2030,sc01,01-08 07:00:00+01:00,CT NG 47,0.0
2030,sc01,01-08 07:00:00+01:00,Solar 69,0.0
2030,sc01,01-08 07:00:00+01:00,Solar 34,2.294725284
2030,sc01,01-08 07:00:00+01:00,Solar 73,0.0
2030,sc01,01-08 07:00:00+01:00,Biomass 37,0.0
2030,sc01,01-08 07:00:00+01:00,Hydro 20,0.0
2030,sc01,01-08 07:00:00+01:00,Solar 01,1.5660384495
2030,sc01,01-08 07:00:00+01:00,Solar 62,0.0
2030,sc01,01-08 07:00:00+01:00,Solar 02,0.28763649165000005
2030,sc01,01-08 07:00:00+01:00,CT NG 26,0.0
2030,sc01,01-08 07:00:00+01:00,Biomass 20,0.005850000000000001
2030,sc01,01-08 07:00:00+01:00,Wind 16,5.009040411
2030,sc01,01-08 07:00:00+01:00,CT NG 66,0.0
2030,sc01,01-08 07:00:00+01:00,Solar 39,0.0
2030,sc01,01-08 07:00:00+01:00,Biomass 41,0.0
2030,sc01,01-08 07:00:00+01:00,Solar 72,0.0
2030,sc01,01-08 07:00:00+01:00,ST NG 03,0.0
2030,sc01,01-08 07:00:00+01:00,Hydro 21,0.4398795
2030,sc01,01-08 07:00:00+01:00,CT NG 03,0.0
2030,sc01,01-08 07:00:00+01:00,CC NG 09,0.0
2030,sc01,01-08 07:00:00+01:00,CT Oil 02,0.0
2030,sc01,01-08 07:00:00+01:00,CT NG 39,0.0
2030,sc01,01-08 07:00:00+01:00,CC NG 08,0.0
2030,sc01,01-08 07:00:00+01:00,Biomass 43,0.0
2030,sc01,01-08 07:00:00+01:00,CT NG 18,0.05668649999999999
2030,sc01,01-08 07:00:00+01:00,ST NG 07,0.0
2030,sc01,01-08 07:00:00+01:00,Biomass 35,0.0
2030,sc01,01-08 07:00:00+01:00,Solar 32,4.021648587
2030,sc01,01-08 07:00:00+01:00,Biomass 15,0.0033
2030,sc01,01-08 07:00:00+01:00,CC NG 31,0.0
2030,sc01,01-08 07:00:00+01:00,Solar 16,0.0
2030,sc01,01-08 07:00:00+01:00,Solar 68,0.0
2030,sc01,01-08 07:00:00+01:00,CT NG 21,0.0
2030,sc01,01-08 07:00:00+01:00,Wind 11,0.056551350240000006
2030,sc01,01-08 07:00:00+01:00,CC NG 37,0.0
2030,sc01,01-08 07:00:00+01:00,CT NG 22,0.0
2030,sc01,01-08 07:00:00+01:00,Hydro 16,0.0
2030,sc01,01-08 07:00:00+01:00,Biomass 59,0.06210000000000001
2030,sc01,01-08 07:00:00+01:00,CC NG 01,0.0
2030,sc01,01-08 07:00:00+01:00,Biomass 16,0.0033
2030,sc01,01-08 07:00:00+01:00,Solar 03,0.0
2030,sc01,01-08 07:00:00+01:00,Solar 44,0.0
2030,sc01,01-08 07:00:00+01:00,CT NG 08,0.0
2030,sc01,01-08 07:00:00+01:00,Wind 05,0.0
2030,sc01,01-08 07:00:00+01:00,Biomass 26,0.02565
2030,sc01,01-08 07:00:00+01:00,Solar 37,0.0
2030,sc01,01-08 07:00:00+01:00,Biomass 11,0.0049499999999999995
2030,sc01,01-08 07:00:00+01:00,Solar 59,0.0
2030,sc01,01-08 07:00:00+01:00,CT NG 11,0.0
2030,sc01,01-08 07:00:00+01:00,Biomass 30,0.02565
2030,sc01,01-08 07:00:00+01:00,Hydro 23,0.0
2030,sc01,01-08 07:00:00+01:00,CC NG 24,0.0
2030,sc01,01-08 07:00:00+01:00,Solar 65,1.722305337
2030,sc01,01-08 07:00:00+01:00,CC NG 18,0.0
2030,sc01,01-08 07:00:00+01:00,CT NG 16,0.0
2030,sc01,01-08 07:00:00+01:00,Solar 51,0.0
2030,sc01,01-08 07:00:00+01:00,Wind 06,0.1551842997
2030,sc01,01-08 07:00:00+01:00,CC NG 26,0.0
2030,sc01,01-08 07:00:00+01:00,CC NG 23,0.0
2030,sc01,01-08 07:00:00+01:00,CT NG 43,0.0
2030,sc01,01-08 07:00:00+01:00,CC NG 11,0.0
2030,sc01,01-08 07:00:00+01:00,CT NG 02,0.0
2030,sc01,01-08 07:00:00+01:00,CT NG 50,0.0
2030,sc01,01-08 07:00:00+01:00,Hydro 27,0.0
2030,sc01,01-08 07:00:00+01:00,CT NG 13,0.0
2030,sc01,01-08 07:00:00+01:00,CT NG 25,0.0
2030,sc01,01-08 07:00:00+01:00,CC NG 05,0.43329809815186177
2030,sc01,01-08 07:00:00+01:00,Solar 04,0.0
2030,sc01,01-08 07:00:00+01:00,Solar 30,0.0
2030,sc01,01-08 07:00:00+01:00,Solar 29,0.0
2030,sc01,01-08 07:00:00+01:00,Solar 53,0.0
2030,sc01,01-08 07:00:00+01:00,Solar 21,0.0
2030,sc01,01-08 07:00:00+01:00,Biomass 58,0.0327
2030,sc01,01-08 07:00:00+01:00,CT NG 74,0.0
2030,sc01,01-08 07:00:00+01:00,Solar 61,0.0
2030,sc01,01-08 07:00:00+01:00,Wind 07,0.10460048232000001
2030,sc01,01-08 07:00:00+01:00,Biomass 31,0.02565
2030,sc01,01-08 07:00:00+01:00,CT Oil 05,0.0
2030,sc01,01-08 07:00:00+01:00,Biomass 38,0.0
2030,sc01,01-08 07:00:00+01:00,Solar 41,0.0
2030,sc01,01-08 07:00:00+01:00,Biomass 51,0.0
2030,sc01,01-08 07:00:00+01:00,Biomass 55,0.03945
2030,sc01,01-08 07:00:00+01:00,Wind 15,2.340361299
2030,sc01,01-08 07:00:00+01:00,Geo 01,0.0
2030,sc01,01-08 07:00:00+01:00,Biomass 60,0.0405
2030,sc01,01-08 07:00:00+01:00,CT NG 38,0.0
2030,sc01,01-08 07:00:00+01:00,Solar 66,8.252421971999999
2030,sc01,01-08 07:00:00+01:00,Solar 49,0.0
2030,sc01,01-08 07:00:00+01:00,CT NG 51,0.0
2030,sc01,01-08 07:00:00+01:00,Biomass 18,0.0033
2030,sc01,01-08 07:00:00+01:00,ICE NG 01,0.0
2030,sc01,01-08 07:00:00+01:00,Solar 15,0.0
2030,sc01,01-08 07:00:00+01:00,ICE NG 05,0.0
2030,sc01,01-08 07:00:00+01:00,CT Oil 04,0.0
2030,sc01,01-08 07:00:00+01:00,CC NG 20,0.0
2030,sc01,01-08 07:00:00+01:00,Solar 20,0.0
2030,sc01,01-08 07:00:00+01:00,Biomass 04,0.0
2030,sc01,01-08 07:00:00+01:00,Wind 02,0.03333209364
2030,sc01,01-08 07:00:00+01:00,Hydro 25,0.0
2030,sc01,01-08 07:00:00+01:00,Solar 75,0.0
2030,sc01,01-08 07:00:00+01:00,Hydro 33,0.0
2030,sc01,01-08 07:00:00+01:00,ST NG 05,0.0
2030,sc01,01-08 07:00:00+01:00,CT NG 07,0.0
2030,sc01,01-08 07:00:00+01:00,Wind 01,0.09825552372
2030,sc01,01-08 07:00:00+01:00,Solar 56,0.0
2030,sc01,01-08 07:00:00+01:00,Biomass 09,0.0123
2030,sc01,01-08 07:00:00+01:00,Biomass 53,0.03945
2030,sc01,01-08 07:00:00+01:00,Wind 17,3.7590957855
2030,sc01,01-08 07:00:00+01:00,ST NG 08,0.0
2030,sc01,01-08 07:00:00+01:00,Hydro 19,0.09240000000000001
2030,sc01,01-08 07:00:00+01:00,ST NG 02,0.0
2030,sc01,01-08 07:00:00+01:00,Biomass 01,0.01665
2030,sc01,01-08 07:00:00+01:00,Biomass 57,0.0327
2030,sc01,01-08 07:00:00+01:00,CT NG 49,0.0
2030,sc01,01-08 07:00:00+01:00,CT NG 31,0.0
2030,sc01,01-08 07:00:00+01:00,Solar 64,0.9042084818999999
2030,sc01,01-08 07:00:00+01:00,CC NG 33,0.0
2030,sc01,01-08 07:00:00+01:00,Solar 46,0.0
2030,sc01,01-08 07:00:00+01:00,Biomass 12,0.0049499999999999995
2030,sc01,01-08 07:00:00+01:00,Wind 04,0.0
2030,sc01,01-08 07:00:00+01:00,Solar 13,0.0
2030,sc01,01-08 07:00:00+01:00,CT NG 55,0.0
2030,sc01,01-08 07:00:00+01:00,Wind N03,82.3244144385402
2030,sc01,01-08 07:00:00+01:00,CT NG 28,0.0
2030,sc01,01-08 07:00:00+01:00,Wind 09,0.00311330616
2030,sc01,01-08 07:00:00+01:00,Solar 60,0.0
2030,sc01,01-08 07:00:00+01:00,Solar 25,0.0
2030,sc01,01-08 07:00:00+01:00,CT NG 23,0.0
2030,sc01,01-08 07:00:00+01:00,ST Other 01,0.0
2030,sc01,01-08 07:00:00+01:00,Solar 70,4.2127940595
2030,sc01,01-08 07:00:00+01:00,CC NG 34,0.0
2030,sc01,01-08 07:00:00+01:00,Solar 48,0.0
2030,sc01,01-08 07:00:00+01:00,Biomass 56,0.03930000000000001
2030,sc01,01-08 07:00:00+01:00,CT NG 36,0.0
2030,sc01,01-08 07:00:00+01:00,Solar 47,0.0
2030,sc01,01-08 07:00:00+01:00,Hydro 17,0.0
2030,sc01,01-08 07:00:00+01:00,Solar 09,0.0
2030,sc01,01-08 07:00:00+01:00,Solar 08,0.0
2030,sc01,01-08 07:00:00+01:00,CT NG 45,0.0
2030,sc01,01-08 07:00:00+01:00,ST NG 04,0.0
2030,sc01,01-08 07:00:00+01:00,Solar 40,0.0
2030,sc01,01-08 07:00:00+01:00,Biomass 47,0.0
2030,sc01,01-08 07:00:00+01:00,Solar 50,0.0
2030,sc01,01-08 07:00:00+01:00,Solar 52,0.0
2030,sc01,01-08 07:00:00+01:00,Solar 63,1.9309653915
2030,sc01,01-08 07:00:00+01:00,CC NG 06,0.0
2030,sc01,01-08 07:00:00+01:00,Biomass 39,0.0
2030,sc01,01-08 07:00:00+01:00,Solar 67,1.2872025959999998
2030,sc01,01-08 07:00:00+01:00,Solar 19,0.0
2030,sc01,01-08 07:00:00+01:00,Wind 12,0.9735950821499999
2030,sc01,01-08 07:00:00+01:00,Solar 24,0.0
2030,sc01,01-08 07:00:00+01:00,ICE NG 02,0.0
2030,sc01,01-08 07:00:00+01:00,Solar 05,0.0
2030,sc01,01-08 07:00:00+01:00,CT NG 54,0.0
2030,sc01,01-08 07:00:00+01:00,Wind N01,9.236671291499999
2030,sc01,01-08 07:00:00+01:00,CT NG 27,0.0
2030,sc01,01-08 07:00:00+01:00,CC NG 36,0.0
2030,sc01,01-08 07:00:00+01:00,Wind N02,15.75939571966008
2030,sc01,01-08 07:00:00+01:00,CT NG 52,0.0
2030,sc01,01-08 07:00:00+01:00,Solar 35,0.69379650675
2030,sc01,01-08 07:00:00+01:00,CT NG 05,0.0
2030,sc01,01-08 07:00:00+01:00,Biomass 36,0.0
2030,sc01,01-08 07:00:00+01:00,CT NG 34,0.0
2030,sc01,01-08 07:00:00+01:00,CT Oil 03,0.0
2030,sc01,01-08 07:00:00+01:00,Hydro 35,0.0
2030,sc01,01-08 07:00:00+01:00,Solar 14,0.0
2030,sc01,01-08 07:00:00+01:00,CT NG 75,0.0
2030,sc01,01-08 07:00:00+01:00,ST NG 09,0.0
2030,sc01,01-08 07:00:00+01:00,CT NG 56,0.0
2030,sc01,01-08 07:00:00+01:00,Biomass 22,0.005850000000000001
2030,sc01,01-08 07:00:00+01:00,Solar 18,0.0
2030,sc01,01-08 07:00:00+01:00,Biomass 13,0.0049499999999999995
2030,sc01,01-08 07:00:00+01:00,CT NG 71,0.0
2030,sc01,01-08 07:00:00+01:00,Solar 58,0.0
2030,sc01,01-08 07:00:00+01:00,Solar 06,0.0
2030,sc01,01-08 07:00:00+01:00,Biomass 08,0.0123
2030,sc01,01-08 07:00:00+01:00,CT NG 72,0.0
2030,sc01,01-08 07:00:00+01:00,Hydro 18,0.0
2030,sc01,01-08 07:00:00+01:00,Solar 10,0.0
2030,sc01,01-08 07:00:00+01:00,CT NG 04,0.0
2030,sc01,01-08 07:00:00+01:00,ST Other 02,0.0
2030,sc01,01-08 07:00:00+01:00,CT NG 12,0.0
2030,sc01,01-08 07:00:00+01:00,CT NG 48,0.0
2030,sc01,01-08 07:00:00+01:00,ST NG 10,0.0
2030,sc01,01-08 07:00:00+01:00,Solar 22,0.0
2030,sc01,01-08 07:00:00+01:00,Solar 28,0.0
2030,sc01,01-08 07:00:00+01:00,CT NG 73,0.0
2030,sc01,01-08 07:00:00+01:00,Biomass 52,0.0
2030,sc01,01-08 07:00:00+01:00,CT NG 30,0.0
2030,sc01,01-08 07:00:00+01:00,Solar 54,0.0
2030,sc01,01-08 07:00:00+01:00,Solar 31,2.54099658
2030,sc01,01-08 07:00:00+01:00,Biomass 03,0.0
2030,sc01,01-08 07:00:00+01:00,CT NG 32,0.0
2030,sc01,01-08 07:00:00+01:00,Biomass 27,0.02565
2030,sc01,01-08 07:00:00+01:00,CC NG 14,0.0
2030,sc01,01-08 07:00:00+01:00,CC NG 03,1.8418449000000001
2030,sc01,01-08 07:00:00+01:00,CC NG 29,0.0
2030,sc01,01-08 07:00:00+01:00,CC NG 28,0.0
2030,sc01,01-08 07:00:00+01:00,CC NG 25,0.0
2030,sc01,01-08 07:00:00+01:00,CT NG 44,0.0
2030,sc01,01-08 07:00:00+01:00,CT NG 14,0.0
2030,sc01,01-08 07:00:00+01:00,CC NG 15,0.0
2030,sc01,01-08 07:00:00+01:00,CC NG 04,3.392688781457393
2030,sc01,01-08 07:00:00+01:00,Biomass 29,0.02565
2030,sc01,01-08 07:00:00+01:00,Wind 14,0.0
2030,sc01,01-08 07:00:00+01:00,Wind 08,0.00611364504
2030,sc01,01-08 07:00:00+01:00,Biomass 61,0.0
2030,sc01,01-08 07:00:00+01:00,CT NG 35,0.0
2030,sc01,01-08 07:00:00+01:00,Solar 33,2.996230611
2030,sc01,01-08 07:00:00+01:00,CT NG 41,0.0
2030,sc01,01-08 07:00:00+01:00,CT NG 15,0.0
2030,sc01,01-08 07:00:00+01:00,Solar 42,0.0
2030,sc01,01-08 07:00:00+01:00,Solar 07,0.0
2030,sc01,01-08 07:00:00+01:00,Solar 43,0.0
2030,sc01,01-08 07:00:00+01:00,Biomass 05,0.0072
2030,sc01,01-08 07:00:00+01:00,CT NG 29,0.0
2030,sc01,01-08 07:00:00+01:00,Solar 71,0.6651089771287032
2030,sc01,01-08 07:00:00+01:00,CT NG 53,0.0
2030,sc01,01-08 07:00:00+01:00,CT NG 20,0.0
2030,sc01,01-08 07:00:00+01:00,Biomass 14,0.0111
2030,sc01,01-08 07:00:00+01:00,Solar 26,0.0
2030,sc01,01-08 07:00:00+01:00,Hydro 29,0.0
2030,sc01,01-08 07:00:00+01:00,Hydro 31,0.0
2030,sc01,01-08 07:00:00+01:00,Biomass 24,0.004200000000000001
2030,sc01,01-08 07:00:00+01:00,Biomass 54,0.03945
2030,sc01,01-08 07:00:00+01:00,Solar 36,2.330039385
2030,sc01,01-08 07:00:00+01:00,Wind 03,0.00823898652
2030,sc01,01-08 07:00:00+01:00,Biomass 40,0.0
2030,sc01,01-08 07:00:00+01:00,Biomass 49,0.0
2030,sc01,01-08 07:00:00+01:00,CC NG 16,13.6854675
2030,sc01,01-08 07:00:00+01:00,Biomass 48,0.0
2030,sc01,01-08 07:00:00+01:00,Hydro 28,0.0
2030,sc01,01-08 07:00:00+01:00,Biomass 17,0.0033
2030,sc01,01-08 07:00:00+01:00,CT NG 33,0.0
2030,sc01,01-08 07:00:00+01:00,Solar 45,0.0
2030,sc01,01-08 07:00:00+01:00,Hydro 24,0.0
2030,sc01,01-08 07:00:00+01:00,Wind 13,0.34455043695
2030,sc01,01-08 07:00:00+01:00,Biomass 07,0.03
2030,sc01,01-08 07:00:00+01:00,Biomass 34,0.0
2030,sc01,01-08 07:00:00+01:00,Biomass 33,0.0
2030,sc01,01-08 07:00:00+01:00,CT NG 01,0.0
2030,sc01,01-08 07:00:00+01:00,ICE NG 03,0.0
2030,sc01,01-08 07:00:00+01:00,Solar 55,0.0
2030,sc01,01-08 07:00:00+01:00,Solar 11,0.0
2030,sc01,01-08 07:00:00+01:00,CT NG 06,0.0
2030,sc01,01-08 07:00:00+01:00,CT NG 70,0.0
2030,sc01,01-08 07:00:00+01:00,Solar 23,0.0
2030,sc01,01-08 07:00:00+01:00,CT NG 67,0.0
2030,sc01,01-08 07:00:00+01:00,Solar 12,0.0
2030,sc01,01-08 07:00:00+01:00,CT Oil 01,0.0
2030,sc01,01-08 07:00:00+01:00,Hydro 26,0.128817
2030,sc01,01-08 07:00:00+01:00,CC NG 22,1.5434161457782216
2030,sc01,01-08 07:00:00+01:00,CC NG 35,0.0
2030,sc01,01-08 07:00:00+01:00,Biomass 50,0.0
2030,sc01,01-08 07:00:00+01:00,ICE NG 04,0.0
2030,sc01,01-08 07:00:00+01:00,CC NG 39,0.0
2030,sc01,01-08 07:00:00+01:00,Hydro 32,0.0
2030,sc01,01-08 07:00:00+01:00,ICE NG 07,0.0
2030,sc01,01-08 07:00:00+01:00,Biomass 46,0.0
2030,sc01,01-08 07:00:00+01:00,CC NG 38,0.0
2030,sc01,01-08 07:00:00+01:00,CC NG 12,0.0
2030,sc01,01-08 07:00:00+01:00,Solar 57,0.0
2030,sc01,01-08 07:00:00+01:00,CC NG 32,0.0
2030,sc01,01-08 07:00:00+01:00,CC NG 07,0.0
2030,sc01,01-08 07:00:00+01:00,Biomass 44,0.0
2030,sc01,01-08 07:00:00+01:00,CT NG 40,0.0
2030,sc01,01-08 07:00:00+01:00,Solar 74,0.0
2030,sc01,01-08 07:00:00+01:00,Hydro 30,0.0
2030,sc01,01-08 07:00:00+01:00,CT NG 42,0.0
2030,sc01,01-08 07:00:00+01:00,Hydro 22,0.4398795
2030,sc01,01-08 07:00:00+01:00,Solar 17,0.0
2030,sc01,01-08 07:00:00+01:00,Solar 38,0.0
2030,sc01,01-08 07:00:00+01:00,CT NG 24,0.0
2030,sc01,01-08 07:00:00+01:00,CC NG 27,0.0
2030,sc01,01-08 07:00:00+01:00,Biomass 21,0.005850000000000001
2030,sc01,01-08 07:00:00+01:00,ICE NG 06,0.0
2030,sc01,01-08 07:00:00+01:00,Biomass 25,0.004200000000000001
2030,sc01,01-08 07:00:00+01:00,Solar 27,0.0
2030,sc01,01-08 07:00:00+01:00,CT NG 19,0.0
2030,sc01,01-08 07:00:00+01:00,Biomass 42,0.0
2030,sc01,01-08 07:00:00+01:00,Biomass 19,0.005850000000000001
2030,sc01,01-08 07:00:00+01:00,Biomass 06,0.0072
2030,sc01,01-08 07:00:00+01:00,CT NG 10,0.0
2030,sc01,01-08 07:00:00+01:00,CC NG 40,0.0
2030,sc01,01-08 07:00:00+01:00,CC NG 21,0.0
2030,sc01,01-08 07:00:00+01:00,Biomass 02,0.01665
2030,sc01,01-08 07:00:00+01:00,CT NG 46,0.0
2030,sc01,01-08 07:00:00+01:00,Hydro 34,0.0
2030,sc01,01-08 07:00:00+01:00,Biomass 10,0.0123
2030,sc01,01-08 07:00:00+01:00,CT NG 17,0.10029149999999999
2030,sc01,01-08 07:00:00+01:00,Biomass 62,0.02985
2030,sc01,01-08 07:00:00+01:00,Biomass 32,0.01845
2030,sc01,01-08 07:00:00+01:00,CC NG 19,2.0307
2030,sc01,01-08 07:00:00+01:00,CC NG 17,0.0
2030,sc01,01-08 07:00:00+01:00,ST NG 01,0.0
2030,sc01,01-08 07:00:00+01:00,Biomass 45,0.0
2030,sc01,01-08 07:00:00+01:00,Biomass 28,0.02565
2030,sc01,01-08 07:00:00+01:00,CC NG 10,0.0
2030,sc01,01-08 07:00:00+01:00,Biomass 23,0.004200000000000001
2030,sc01,01-08 07:00:00+01:00,ST NG 06,0.0
2030,sc01,01-08 07:00:00+01:00,Wind 10,0.00354564072
2030,sc01,01-08 07:00:00+01:00,CT NG 69,0.0
2030,sc01,01-08 07:00:00+01:00,CT NG 68,0.0
2030,sc01,01-14 08:00:00+01:00,CC NG 13,0.0
2030,sc01,01-14 08:00:00+01:00,CT NG 37,0.0
2030,sc01,01-14 08:00:00+01:00,ST Coal 01,0.0
2030,sc01,01-14 08:00:00+01:00,CT NG 09,0.0
2030,sc01,01-14 08:00:00+01:00,CT NG 47,0.0
2030,sc01,01-14 08:00:00+01:00,Solar 69,17.889013296
2030,sc01,01-14 08:00:00+01:00,Solar 34,1.1965178588444196
2030,sc01,01-14 08:00:00+01:00,Solar 73,0.0
2030,sc01,01-14 08:00:00+01:00,Biomass 37,0.0
2030,sc01,01-14 08:00:00+01:00,Hydro 20,0.5269950000000001
2030,sc01,01-14 08:00:00+01:00,Solar 01,3.7097759460000006
2030,sc01,01-14 08:00:00+01:00,Solar 62,0.0
2030,sc01,01-14 08:00:00+01:00,Solar 02,4.843072179
2030,sc01,01-14 08:00:00+01:00,CT NG 26,0.0
2030,sc01,01-14 08:00:00+01:00,Biomass 20,0.0111
2030,sc01,01-14 08:00:00+01:00,Wind 16,0.3237956295
2030,sc01,01-14 08:00:00+01:00,CT NG 66,0.0
2030,sc01,01-14 08:00:00+01:00,Solar 39,0.0
2030,sc01,01-14 08:00:00+01:00,Biomass 41,0.0
2030,sc01,01-14 08:00:00+01:00,Solar 72,4.560111801
2030,sc01,01-14 08:00:00+01:00,ST NG 03,0.0
2030,sc01,01-14 08:00:00+01:00,Hydro 21,0.0
2030,sc01,01-14 08:00:00+01:00,CT NG 03,0.0
2030,sc01,01-14 08:00:00+01:00,CC NG 09,0.0
2030,sc01,01-14 08:00:00+01:00,CT Oil 02,0.0
2030,sc01,01-14 08:00:00+01:00,CT NG 39,0.0
2030,sc01,01-14 08:00:00+01:00,CC NG 08,0.0
2030,sc01,01-14 08:00:00+01:00,Biomass 43,0.0
2030,sc01,01-14 08:00:00+01:00,CT NG 18,0.11337299999999997
2030,sc01,01-14 08:00:00+01:00,ST NG 07,0.0
2030,sc01,01-14 08:00:00+01:00,Biomass 35,0.0
2030,sc01,01-14 08:00:00+01:00,Solar 32,0.0
2030,sc01,01-14 08:00:00+01:00,Biomass 15,0.0
2030,sc01,01-14 08:00:00+01:00,CC NG 31,0.0
2030,sc01,01-14 08:00:00+01:00,Solar 16,0.632238369
2030,sc01,01-14 08:00:00+01:00,Solar 68,12.985550766000001
2030,sc01,01-14 08:00:00+01:00,CT NG 21,0.0
2030,sc01,01-14 08:00:00+01:00,Wind 11,0.14044328447999999
2030,sc01,01-14 08:00:00+01:00,CC NG 37,0.0
2030,sc01,01-14 08:00:00+01:00,CT NG 22,0.0
2030,sc01,01-14 08:00:00+01:00,Hydro 16,0.0
2030,sc01,01-14 08:00:00+01:00,Biomass 59,0.12420000000000002
2030,sc01,01-14 08:00:00+01:00,CC NG 01,0.0
2030,sc01,01-14 08:00:00+01:00,Biomass 16,0.0
2030,sc01,01-14 08:00:00+01:00,Solar 03,0.0
2030,sc01,01-14 08:00:00+01:00,Solar 44,0.0
2030,sc01,01-14 08:00:00+01:00,CT NG 08,0.0
2030,sc01,01-14 08:00:00+01:00,Wind 05,0.02169479568
2030,sc01,01-14 08:00:00+01:00,Biomass 26,0.050699999999999995
2030,sc01,01-14 08:00:00+01:00,Solar 37,0.0
2030,sc01,01-14 08:00:00+01:00,Biomass 11,0.0114
2030,sc01,01-14 08:00:00+01:00,Solar 59,1.3574706102
2030,sc01,01-14 08:00:00+01:00,CT NG 11,0.0
2030,sc01,01-14 08:00:00+01:00,Biomass 30,0.050699999999999995
2030,sc01,01-14 08:00:00+01:00,Hydro 23,9.370757591888827
2030,sc01,01-14 08:00:00+01:00,CC NG 24,0.0
2030,sc01,01-14 08:00:00+01:00,Solar 65,6.497256582
2030,sc01,01-14 08:00:00+01:00,CC NG 18,0.0
2030,sc01,01-14 08:00:00+01:00,CT NG 16,0.0
2030,sc01,01-14 08:00:00+01:00,Solar 51,0.0
2030,sc01,01-14 08:00:00+01:00,Wind 06,0.19034810688
2030,sc01,01-14 08:00:00+01:00,CC NG 26,0.0
2030,sc01,01-14 08:00:00+01:00,CC NG 23,0.0
2030,sc01,01-14 08:00:00+01:00,CT NG 43,0.0
2030,sc01,01-14 08:00:00+01:00,CC NG 11,0.0
2030,sc01,01-14 08:00:00+01:00,CT NG 02,0.0
2030,sc01,01-14 08:00:00+01:00,CT NG 50,0.0
2030,sc01,01-14 08:00:00+01:00,Hydro 27,0.0
2030,sc01,01-14 08:00:00+01:00,CT NG 13,0.0
2030,sc01,01-14 08:00:00+01:00,CT NG 25,0.0
2030,sc01,01-14 08:00:00+01:00,CC NG 05,0.0
2030,sc01,01-14 08:00:00+01:00,Solar 04,0.42312259680000003
2030,sc01,01-14 08:00:00+01:00,Solar 30,0.6096747237000001
2030,sc01,01-14 08:00:00+01:00,Solar 29,0.7358202924000001
2030,sc01,01-14 08:00:00+01:00,Solar 53,0.0
2030,sc01,01-14 08:00:00+01:00,Solar 21,1.6054877091000002
2030,sc01,01-14 08:00:00+01:00,Biomass 58,0.06089999999999999
2030,sc01,01-14 08:00:00+01:00,CT NG 74,0.0
2030,sc01,01-14 08:00:00+01:00,Solar 61,0.13758909048
2030,sc01,01-14 08:00:00+01:00,Wind 07,0.10445477016
2030,sc01,01-14 08:00:00+01:00,Biomass 31,0.050699999999999995
2030,sc01,01-14 08:00:00+01:00,CT Oil 05,0.0
2030,sc01,01-14 08:00:00+01:00,Biomass 38,0.0
2030,sc01,01-14 08:00:00+01:00,Solar 41,0.0
2030,sc01,01-14 08:00:00+01:00,Biomass 51,0.0
2030,sc01,01-14 08:00:00+01:00,Biomass 55,0.07470000000000002
2030,sc01,01-14 08:00:00+01:00,Wind 15,8.117931096000001
2030,sc01,01-14 08:00:00+01:00,Geo 01,0.0
2030,sc01,01-14 08:00:00+01:00,Biomass 60,0.081
2030,sc01,01-14 08:00:00+01:00,CT NG 38,0.0
2030,sc01,01-14 08:00:00+01:00,Solar 66,18.509125011
2030,sc01,01-14 08:00:00+01:00,Solar 49,0.0
2030,sc01,01-14 08:00:00+01:00,CT NG 51,0.0
2030,sc01,01-14 08:00:00+01:00,Biomass 18,0.0
2030,sc01,01-14 08:00:00+01:00,ICE NG 01,0.0
2030,sc01,01-14 08:00:00+01:00,Solar 15,0.9181638705
2030,sc01,01-14 08:00:00+01:00,ICE NG 05,0.0
2030,sc01,01-14 08:00:00+01:00,CT Oil 04,0.0
2030,sc01,01-14 08:00:00+01:00,CC NG 20,0.0
2030,sc01,01-14 08:00:00+01:00,Solar 20,0.0
2030,sc01,01-14 08:00:00+01:00,Biomass 04,0.0
2030,sc01,01-14 08:00:00+01:00,Wind 02,0.49239144180000005
2030,sc01,01-14 08:00:00+01:00,Hydro 25,0.0
2030,sc01,01-14 08:00:00+01:00,Solar 75,0.0
2030,sc01,01-14 08:00:00+01:00,Hydro 33,0.0
2030,sc01,01-14 08:00:00+01:00,ST NG 05,0.0
2030,sc01,01-14 08:00:00+01:00,CT NG 07,0.0
2030,sc01,01-14 08:00:00+01:00,Wind 01,0.05221275024
2030,sc01,01-14 08:00:00+01:00,Solar 56,0.0
2030,sc01,01-14 08:00:00+01:00,Biomass 09,0.023400000000000004
2030,sc01,01-14 08:00:00+01:00,Biomass 53,0.07470000000000002
2030,sc01,01-14 08:00:00+01:00,Wind 17,3.232882671
2030,sc01,01-14 08:00:00+01:00,ST NG 08,0.0
2030,sc01,01-14 08:00:00+01:00,Hydro 19,0.0
2030,sc01,01-14 08:00:00+01:00,ST NG 02,0.0
2030,sc01,01-14 08:00:00+01:00,Biomass 01,0.03150000000000001
2030,sc01,01-14 08:00:00+01:00,Biomass 57,0.06089999999999999
2030,sc01,01-14 08:00:00+01:00,CT NG 49,0.0
2030,sc01,01-14 08:00:00+01:00,CT NG 31,0.0
2030,sc01,01-14 08:00:00+01:00,Solar 64,3.411052842
2030,sc01,01-14 08:00:00+01:00,CC NG 33,0.0
2030,sc01,01-14 08:00:00+01:00,Solar 46,0.0
2030,sc01,01-14 08:00:00+01:00,Biomass 12,0.0114
2030,sc01,01-14 08:00:00+01:00,Wind 04,0.24541635936
2030,sc01,01-14 08:00:00+01:00,Solar 13,0.0230492448
2030,sc01,01-14 08:00:00+01:00,CT NG 55,0.0
2030,sc01,01-14 08:00:00+01:00,Wind N03,124.34164116000001
2030,sc01,01-14 08:00:00+01:00,CT NG 28,0.0
2030,sc01,01-14 08:00:00+01:00,Wind 09,0.32990235780000005
2030,sc01,01-14 08:00:00+01:00,Solar 60,1.4553761808
2030,sc01,01-14 08:00:00+01:00,Solar 25,0.16902415703999998
2030,sc01,01-14 08:00:00+01:00,CT NG 23,0.0
2030,sc01,01-14 08:00:00+01:00,ST Other 01,0.0
2030,sc01,01-14 08:00:00+01:00,Solar 70,27.491037528
2030,sc01,01-14 08:00:00+01:00,CC NG 34,0.0
2030,sc01,01-14 08:00:00+01:00,Solar 48,0.0
2030,sc01,01-14 08:00:00+01:00,Biomass 56,0.0765
2030,sc01,01-14 08:00:00+01:00,CT NG 36,0.0
2030,sc01,01-14 08:00:00+01:00,Solar 47,0.0
2030,sc01,01-14 08:00:00+01:00,Hydro 17,0.0
2030,sc01,01-14 08:00:00+01:00,Solar 09,1.1202530508000001
2030,sc01,01-14 08:00:00+01:00,Solar 08,0.21883949856
2030,sc01,01-14 08:00:00+01:00,CT NG 45,0.0
2030,sc01,01-14 08:00:00+01:00,ST NG 04,0.0
2030,sc01,01-14 08:00:00+01:00,Solar 40,0.0
2030,sc01,01-14 08:00:00+01:00,Biomass 47,0.0
2030,sc01,01-14 08:00:00+01:00,Solar 50,0.0
2030,sc01,01-14 08:00:00+01:00,Solar 52,0.0
2030,sc01,01-14 08:00:00+01:00,Solar 63,7.284409641
2030,sc01,01-14 08:00:00+01:00,CC NG 06,0.0
2030,sc01,01-14 08:00:00+01:00,Biomass 39,0.0
2030,sc01,01-14 08:00:00+01:00,Solar 67,4.855866939
2030,sc01,01-14 08:00:00+01:00,Solar 19,0.008717328
2030,sc01,01-14 08:00:00+01:00,Wind 12,1.7128268622
2030,sc01,01-14 08:00:00+01:00,Solar 24,0.12606697296
2030,sc01,01-14 08:00:00+01:00,ICE NG 02,0.0
2030,sc01,01-14 08:00:00+01:00,Solar 05,0.01025064816
2030,sc01,01-14 08:00:00+01:00,CT NG 54,0.0
2030,sc01,01-14 08:00:00+01:00,Wind N01,16.249895871
2030,sc01,01-14 08:00:00+01:00,CT NG 27,0.0
2030,sc01,01-14 08:00:00+01:00,CC NG 36,0.0
2030,sc01,01-14 08:00:00+01:00,Wind N02,5.573381352000001
2030,sc01,01-14 08:00:00+01:00,CT NG 52,0.0
2030,sc01,01-14 08:00:00+01:00,Solar 35,0.0
2030,sc01,01-14 08:00:00+01:00,CT NG 05,0.0
2030,sc01,01-14 08:00:00+01:00,Biomass 36,0.0
2030,sc01,01-14 08:00:00+01:00,CT NG 34,0.0
2030,sc01,01-14 08:00:00+01:00,CT Oil 03,0.0
2030,sc01,01-14 08:00:00+01:00,Hydro 35,0.0
2030,sc01,01-14 08:00:00+01:00,Solar 14,1.020791475
2030,sc01,01-14 08:00:00+01:00,CT NG 75,0.0
2030,sc01,01-14 08:00:00+01:00,ST NG 09,0.0
2030,sc01,01-14 08:00:00+01:00,CT NG 56,0.0
2030,sc01,01-14 08:00:00+01:00,Biomass 22,0.0111
2030,sc01,01-14 08:00:00+01:00,Solar 18,1.0766931180000001
2030,sc01,01-14 08:00:00+01:00,Biomass 13,0.0114
2030,sc01,01-14 08:00:00+01:00,CT NG 71,0.0
2030,sc01,01-14 08:00:00+01:00,Solar 58,0.0
2030,sc01,01-14 08:00:00+01:00,Solar 06,0.256825764
2030,sc01,01-14 08:00:00+01:00,Biomass 08,0.023400000000000004
2030,sc01,01-14 08:00:00+01:00,CT NG 72,0.0
2030,sc01,01-14 08:00:00+01:00,Hydro 18,0.0
2030,sc01,01-14 08:00:00+01:00,Solar 10,0.0
2030,sc01,01-14 08:00:00+01:00,CT NG 04,0.0
2030,sc01,01-14 08:00:00+01:00,ST Other 02,0.0
2030,sc01,01-14 08:00:00+01:00,CT NG 12,0.0
2030,sc01,01-14 08:00:00+01:00,CT NG 48,0.0
2030,sc01,01-14 08:00:00+01:00,ST NG 10,0.0
2030,sc01,01-14 08:00:00+01:00,Solar 22,0.7653325728
2030,sc01,01-14 08:00:00+01:00,Solar 28,0.6848835306000001
2030,sc01,01-14 08:00:00+01:00,CT NG 73,0.0
2030,sc01,01-14 08:00:00+01:00,Biomass 52,0.0
2030,sc01,01-14 08:00:00+01:00,CT NG 30,0.0
2030,sc01,01-14 08:00:00+01:00,Solar 54,0.0
2030,sc01,01-14 08:00:00+01:00,Solar 31,0.0
2030,sc01,01-14 08:00:00+01:00,Biomass 03,0.0
2030,sc01,01-14 08:00:00+01:00,CT NG 32,0.0
2030,sc01,01-14 08:00:00+01:00,Biomass 27,0.050699999999999995
2030,sc01,01-14 08:00:00+01:00,CC NG 14,0.0
2030,sc01,01-14 08:00:00+01:00,CC NG 03,0.0
2030,sc01,01-14 08:00:00+01:00,CC NG 29,0.0
2030,sc01,01-14 08:00:00+01:00,CC NG 28,0.0
2030,sc01,01-14 08:00:00+01:00,CC NG 25,0.0
2030,sc01,01-14 08:00:00+01:00,CT NG 44,0.0
2030,sc01,01-14 08:00:00+01:00,CT NG 14,0.0
2030,sc01,01-14 08:00:00+01:00,CC NG 15,0.0
2030,sc01,01-14 08:00:00+01:00,CC NG 04,0.0
2030,sc01,01-14 08:00:00+01:00,Biomass 29,0.050699999999999995
2030,sc01,01-14 08:00:00+01:00,Wind 14,0.7610984649
2030,sc01,01-14 08:00:00+01:00,Wind 08,0.3323678955
2030,sc01,01-14 08:00:00+01:00,Biomass 61,0.0
2030,sc01,01-14 08:00:00+01:00,CT NG 35,0.0
2030,sc01,01-14 08:00:00+01:00,Solar 33,0.0
2030,sc01,01-14 08:00:00+01:00,CT NG 41,0.0
2030,sc01,01-14 08:00:00+01:00,CT NG 15,0.0
2030,sc01,01-14 08:00:00+01:00,Solar 42,0.0
2030,sc01,01-14 08:00:00+01:00,Solar 07,0.01856597712
2030,sc01,01-14 08:00:00+01:00,Solar 43,0.0
2030,sc01,01-14 08:00:00+01:00,Biomass 05,0.013500000000000002
2030,sc01,01-14 08:00:00+01:00,CT NG 29,0.0
2030,sc01,01-14 08:00:00+01:00,Solar 71,12.987429363
2030,sc01,01-14 08:00:00+01:00,CT NG 53,0.0
2030,sc01,01-14 08:00:00+01:00,CT NG 20,0.0
2030,sc01,01-14 08:00:00+01:00,Biomass 14,0.0252
2030,sc01,01-14 08:00:00+01:00,Solar 26,0.15652817112000003
2030,sc01,01-14 08:00:00+01:00,Hydro 29,0.0
2030,sc01,01-14 08:00:00+01:00,Hydro 31,0.0
2030,sc01,01-14 08:00:00+01:00,Biomass 24,0.013500000000000002
2030,sc01,01-14 08:00:00+01:00,Biomass 54,0.07470000000000002
2030,sc01,01-14 08:00:00+01:00,Solar 36,0.0
2030,sc01,01-14 08:00:00+01:00,Wind 03,0.4577502402
2030,sc01,01-14 08:00:00+01:00,Biomass 40,0.0
2030,sc01,01-14 08:00:00+01:00,Biomass 49,0.0
2030,sc01,01-14 08:00:00+01:00,CC NG 16,11.139602883136533
2030,sc01,01-14 08:00:00+01:00,Biomass 48,0.0
2030,sc01,01-14 08:00:00+01:00,Hydro 28,0.0
2030,sc01,01-14 08:00:00+01:00,Biomass 17,0.0
2030,sc01,01-14 08:00:00+01:00,CT NG 33,0.0
2030,sc01,01-14 08:00:00+01:00,Solar 45,0.0
2030,sc01,01-14 08:00:00+01:00,Hydro 24,0.0
2030,sc01,01-14 08:00:00+01:00,Wind 13,0.8555626785
2030,sc01,01-14 08:00:00+01:00,Biomass 07,0.06
2030,sc01,01-14 08:00:00+01:00,Biomass 34,0.0
2030,sc01,01-14 08:00:00+01:00,Biomass 33,0.0
2030,sc01,01-14 08:00:00+01:00,CT NG 01,0.0
2030,sc01,01-14 08:00:00+01:00,ICE NG 03,0.0
2030,sc01,01-14 08:00:00+01:00,Solar 55,0.0
2030,sc01,01-14 08:00:00+01:00,Solar 11,0.1729076436
2030,sc01,01-14 08:00:00+01:00,CT NG 06,0.0
2030,sc01,01-14 08:00:00+01:00,CT NG 70,0.0
2030,sc01,01-14 08:00:00+01:00,Solar 23,0.02560263336
2030,sc01,01-14 08:00:00+01:00,CT NG 67,0.0
2030,sc01,01-14 08:00:00+01:00,Solar 12,0.13384878336
2030,sc01,01-14 08:00:00+01:00,CT Oil 01,0.0
2030,sc01,01-14 08:00:00+01:00,Hydro 26,0.0
2030,sc01,01-14 08:00:00+01:00,CC NG 22,0.0
2030,sc01,01-14 08:00:00+01:00,CC NG 35,0.0
2030,sc01,01-14 08:00:00+01:00,Biomass 50,0.0
2030,sc01,01-14 08:00:00+01:00,ICE NG 04,0.0
2030,sc01,01-14 08:00:00+01:00,CC NG 39,0.0
2030,sc01,01-14 08:00:00+01:00,Hydro 32,0.0
2030,sc01,01-14 08:00:00+01:00,ICE NG 07,0.0
2030,sc01,01-14 08:00:00+01:00,Biomass 46,0.0
2030,sc01,01-14 08:00:00+01:00,CC NG 38,0.0
2030,sc01,01-14 08:00:00+01:00,CC NG 12,0.0
2030,sc01,01-14 08:00:00+01:00,Solar 57,0.0
2030,sc01,01-14 08:00:00+01:00,CC NG 32,0.0
2030,sc01,01-14 08:00:00+01:00,CC NG 07,0.0
2030,sc01,01-14 08:00:00+01:00,Biomass 44,0.0
2030,sc01,01-14 08:00:00+01:00,CT NG 40,0.0
2030,sc01,01-14 08:00:00+01:00,Solar 74,4.844581893
2030,sc01,01-14 08:00:00+01:00,Hydro 30,0.0
2030,sc01,01-14 08:00:00+01:00,CT NG 42,0.0
2030,sc01,01-14 08:00:00+01:00,Hydro 22,0.0
2030,sc01,01-14 08:00:00+01:00,Solar 17,0.26253095616000005
2030,sc01,01-14 08:00:00+01:00,Solar 38,0.0
2030,sc01,01-14 08:00:00+01:00,CT NG 24,0.0
2030,sc01,01-14 08:00:00+01:00,CC NG 27,0.0
2030,sc01,01-14 08:00:00+01:00,Biomass 21,0.0111
2030,sc01,01-14 08:00:00+01:00,ICE NG 06,0.0
2030,sc01,01-14 08:00:00+01:00,Biomass 25,0.013500000000000002
2030,sc01,01-14 08:00:00+01:00,Solar 27,0.0
2030,sc01,01-14 08:00:00+01:00,CT NG 19,0.0
2030,sc01,01-14 08:00:00+01:00,Biomass 42,0.0
2030,sc01,01-14 08:00:00+01:00,Biomass 19,0.0111
2030,sc01,01-14 08:00:00+01:00,Biomass 06,0.013500000000000002
2030,sc01,01-14 08:00:00+01:00,CT NG 10,0.0
2030,sc01,01-14 08:00:00+01:00,CC NG 40,0.0
2030,sc01,01-14 08:00:00+01:00,CC NG 21,0.0
2030,sc01,01-14 08:00:00+01:00,Biomass 02,0.03150000000000001
2030,sc01,01-14 08:00:00+01:00,CT NG 46,0.0
2030,sc01,01-14 08:00:00+01:00,Hydro 34,0.0
2030,sc01,01-14 08:00:00+01:00,Biomass 10,0.023400000000000004
2030,sc01,01-14 08:00:00+01:00,CT NG 17,0.0
2030,sc01,01-14 08:00:00+01:00,Biomass 62,0.056100000000000004
2030,sc01,01-14 08:00:00+01:00,Biomass 32,0.036
2030,sc01,01-14 08:00:00+01:00,CC NG 19,4.0614
2030,sc01,01-14 08:00:00+01:00,CC NG 17,0.0
2030,sc01,01-14 08:00:00+01:00,ST NG 01,0.0
2030,sc01,01-14 08:00:00+01:00,Biomass 45,0.0
2030,sc01,01-14 08:00:00+01:00,Biomass 28,0.050699999999999995
2030,sc01,01-14 08:00:00+01:00,CC NG 10,0.0
2030,sc01,01-14 08:00:00+01:00,Biomass 23,0.013500000000000002
2030,sc01,01-14 08:00:00+01:00,ST NG 06,0.0
2030,sc01,01-14 08:00:00+01:00,Wind 10,0.31359305940000004
2030,sc01,01-14 08:00:00+01:00,CT NG 69,0.0
2030,sc01,01-14 08:00:00+01:00,CT NG 68,0.0
2030,sc01,01-15 13:00:00+01:00,CC NG 13,0.0
2030,sc01,01-15 13:00:00+01:00,CT NG 37,0.0
2030,sc01,01-15 13:00:00+01:00,ST Coal 01,0.0
2030,sc01,01-15 13:00:00+01:00,CT NG 09,0.0
2030,sc01,01-15 13:00:00+01:00,CT NG 47,0.0
2030,sc01,01-15 13:00:00+01:00,Solar 69,0.0
2030,sc01,01-15 13:00:00+01:00,Solar 34,2.950843028718884
2030,sc01,01-15 13:00:00+01:00,Solar 73,0.0
2030,sc01,01-15 13:00:00+01:00,Biomass 37,0.0
2030,sc01,01-15 13:00:00+01:00,Hydro 20,0.34651176
2030,sc01,01-15 13:00:00+01:00,Solar 01,10.17403990527269
2030,sc01,01-15 13:00:00+01:00,Solar 62,0.0
2030,sc01,01-15 13:00:00+01:00,Solar 02,0.0
2030,sc01,01-15 13:00:00+01:00,CT NG 26,0.0
2030,sc01,01-15 13:00:00+01:00,Biomass 20,0.0
2030,sc01,01-15 13:00:00+01:00,Wind 16,0.099222180736
2030,sc01,01-15 13:00:00+01:00,CT NG 66,0.0
2030,sc01,01-15 13:00:00+01:00,Solar 39,0.0
2030,sc01,01-15 13:00:00+01:00,Biomass 41,0.0
2030,sc01,01-15 13:00:00+01:00,Solar 72,0.0
2030,sc01,01-15 13:00:00+01:00,ST NG 03,0.0
2030,sc01,01-15 13:00:00+01:00,Hydro 21,0.34651176
2030,sc01,01-15 13:00:00+01:00,CT NG 03,0.0
2030,sc01,01-15 13:00:00+01:00,CC NG 09,0.0
2030,sc01,01-15 13:00:00+01:00,CT Oil 02,0.0
2030,sc01,01-15 13:00:00+01:00,CT NG 39,0.0
2030,sc01,01-15 13:00:00+01:00,CC NG 08,0.0
2030,sc01,01-15 13:00:00+01:00,Biomass 43,0.0
2030,sc01,01-15 13:00:00+01:00,CT NG 18,0.0
2030,sc01,01-15 13:00:00+01:00,ST NG 07,0.0
2030,sc01,01-15 13:00:00+01:00,Biomass 35,0.0
2030,sc01,01-15 13:00:00+01:00,Solar 32,0.0
2030,sc01,01-15 13:00:00+01:00,Biomass 15,0.0
2030,sc01,01-15 13:00:00+01:00,CC NG 31,0.0
2030,sc01,01-15 13:00:00+01:00,Solar 16,0.7414341922400001
2030,sc01,01-15 13:00:00+01:00,Solar 68,0.0
2030,sc01,01-15 13:00:00+01:00,CT NG 21,0.0
2030,sc01,01-15 13:00:00+01:00,Wind 11,0.143165428672
2030,sc01,01-15 13:00:00+01:00,CC NG 37,0.0
2030,sc01,01-15 13:00:00+01:00,CT NG 22,0.0
2030,sc01,01-15 13:00:00+01:00,Hydro 16,0.0
2030,sc01,01-15 13:00:00+01:00,Biomass 59,0.0
2030,sc01,01-15 13:00:00+01:00,CC NG 01,0.0
2030,sc01,01-15 13:00:00+01:00,Biomass 16,0.0
2030,sc01,01-15 13:00:00+01:00,Solar 03,4.831596386399999
2030,sc01,01-15 13:00:00+01:00,Solar 44,0.0
2030,sc01,01-15 13:00:00+01:00,CT NG 08,0.0
2030,sc01,01-15 13:00:00+01:00,Wind 05,0.0
2030,sc01,01-15 13:00:00+01:00,Biomass 26,0.0
2030,sc01,01-15 13:00:00+01:00,Solar 37,0.0
2030,sc01,01-15 13:00:00+01:00,Biomass 11,0.0
2030,sc01,01-15 13:00:00+01:00,Solar 59,0.0
2030,sc01,01-15 13:00:00+01:00,CT NG 11,0.0
2030,sc01,01-15 13:00:00+01:00,Biomass 30,0.0
2030,sc01,01-15 13:00:00+01:00,Hydro 23,0.0
2030,sc01,01-15 13:00:00+01:00,CC NG 24,0.0
2030,sc01,01-15 13:00:00+01:00,Solar 65,9.8012491696
2030,sc01,01-15 13:00:00+01:00,CC NG 18,0.0
2030,sc01,01-15 13:00:00+01:00,CT NG 16,0.0
2030,sc01,01-15 13:00:00+01:00,Solar 51,0.0
2030,sc01,01-15 13:00:00+01:00,Wind 06,0.252049465248
2030,sc01,01-15 13:00:00+01:00,CC NG 26,0.0
2030,sc01,01-15 13:00:00+01:00,CC NG 23,0.0
2030,sc01,01-15 13:00:00+01:00,CT NG 43,0.0
2030,sc01,01-15 13:00:00+01:00,CC NG 11,0.0
2030,sc01,01-15 13:00:00+01:00,CT NG 02,0.0
2030,sc01,01-15 13:00:00+01:00,CT NG 50,0.0
2030,sc01,01-15 13:00:00+01:00,Hydro 27,0.25301640000000003
2030,sc01,01-15 13:00:00+01:00,CT NG 13,0.0
2030,sc01,01-15 13:00:00+01:00,CT NG 25,0.0
2030,sc01,01-15 13:00:00+01:00,CC NG 05,0.0
2030,sc01,01-15 13:00:00+01:00,Solar 04,0.0
2030,sc01,01-15 13:00:00+01:00,Solar 30,0.71497351128
2030,sc01,01-15 13:00:00+01:00,Solar 29,0.15701079452800001
2030,sc01,01-15 13:00:00+01:00,Solar 53,0.0
2030,sc01,01-15 13:00:00+01:00,Solar 21,2.762983944
2030,sc01,01-15 13:00:00+01:00,Biomass 58,0.0
2030,sc01,01-15 13:00:00+01:00,CT NG 74,0.0
2030,sc01,01-15 13:00:00+01:00,Solar 61,0.0
2030,sc01,01-15 13:00:00+01:00,Wind 07,0.13095492032
2030,sc01,01-15 13:00:00+01:00,Biomass 31,0.0
2030,sc01,01-15 13:00:00+01:00,CT Oil 05,0.0
2030,sc01,01-15 13:00:00+01:00,Biomass 38,0.0
2030,sc01,01-15 13:00:00+01:00,Solar 41,0.0
2030,sc01,01-15 13:00:00+01:00,Biomass 51,0.0
2030,sc01,01-15 13:00:00+01:00,Biomass 55,0.0
2030,sc01,01-15 13:00:00+01:00,Wind 15,7.6631113104000015
2030,sc01,01-15 13:00:00+01:00,Geo 01,0.0
2030,sc01,01-15 13:00:00+01:00,Biomass 60,0.0
2030,sc01,01-15 13:00:00+01:00,CT NG 38,0.0
2030,sc01,01-15 13:00:00+01:00,Solar 66,20.444076796678928
2030,sc01,01-15 13:00:00+01:00,Solar 49,0.0
2030,sc01,01-15 13:00:00+01:00,CT NG 51,0.0
2030,sc01,01-15 13:00:00+01:00,Biomass 18,0.0
2030,sc01,01-15 13:00:00+01:00,ICE NG 01,0.0
2030,sc01,01-15 13:00:00+01:00,Solar 15,1.5801254775600002
2030,sc01,01-15 13:00:00+01:00,ICE NG 05,0.0
2030,sc01,01-15 13:00:00+01:00,CT Oil 04,0.0
2030,sc01,01-15 13:00:00+01:00,CC NG 20,0.0
2030,sc01,01-15 13:00:00+01:00,Solar 20,1.42342394376
2030,sc01,01-15 13:00:00+01:00,Biomass 04,0.0
2030,sc01,01-15 13:00:00+01:00,Wind 02,0.0
2030,sc01,01-15 13:00:00+01:00,Hydro 25,0.25301640000000003
2030,sc01,01-15 13:00:00+01:00,Solar 75,0.7636606742800001
2030,sc01,01-15 13:00:00+01:00,Hydro 33,0.0
2030,sc01,01-15 13:00:00+01:00,ST NG 05,0.0
2030,sc01,01-15 13:00:00+01:00,CT NG 07,0.0
2030,sc01,01-15 13:00:00+01:00,Wind 01,0.0
2030,sc01,01-15 13:00:00+01:00,Solar 56,0.0
2030,sc01,01-15 13:00:00+01:00,Biomass 09,0.0
2030,sc01,01-15 13:00:00+01:00,Biomass 53,0.0
2030,sc01,01-15 13:00:00+01:00,Wind 17,4.7873911316
2030,sc01,01-15 13:00:00+01:00,ST NG 08,0.0
2030,sc01,01-15 13:00:00+01:00,Hydro 19,0.0
2030,sc01,01-15 13:00:00+01:00,ST NG 02,0.0
2030,sc01,01-15 13:00:00+01:00,Biomass 01,0.0
2030,sc01,01-15 13:00:00+01:00,Biomass 57,0.0
2030,sc01,01-15 13:00:00+01:00,CT NG 49,0.0
2030,sc01,01-15 13:00:00+01:00,CT NG 31,0.0
2030,sc01,01-15 13:00:00+01:00,Solar 64,4.704000000000001
2030,sc01,01-15 13:00:00+01:00,CC NG 33,0.0
2030,sc01,01-15 13:00:00+01:00,Solar 46,0.0
2030,sc01,01-15 13:00:00+01:00,Biomass 12,0.0
2030,sc01,01-15 13:00:00+01:00,Wind 04,0.0
2030,sc01,01-15 13:00:00+01:00,Solar 13,0.039666882976000004
2030,sc01,01-15 13:00:00+01:00,CT NG 55,0.0
2030,sc01,01-15 13:00:00+01:00,Wind N03,78.22637539095355
2030,sc01,01-15 13:00:00+01:00,CT NG 28,0.0
2030,sc01,01-15 13:00:00+01:00,Wind 09,0.015345419488
2030,sc01,01-15 13:00:00+01:00,Solar 60,0.0
2030,sc01,01-15 13:00:00+01:00,Solar 25,0.29088421516
2030,sc01,01-15 13:00:00+01:00,CT NG 23,0.0
2030,sc01,01-15 13:00:00+01:00,ST Other 01,0.0
2030,sc01,01-15 13:00:00+01:00,Solar 70,0.0
2030,sc01,01-15 13:00:00+01:00,CC NG 34,0.0
2030,sc01,01-15 13:00:00+01:00,Solar 48,0.0
2030,sc01,01-15 13:00:00+01:00,Biomass 56,0.0
2030,sc01,01-15 13:00:00+01:00,CT NG 36,0.0
2030,sc01,01-15 13:00:00+01:00,Solar 47,0.0
2030,sc01,01-15 13:00:00+01:00,Hydro 17,0.0
2030,sc01,01-15 13:00:00+01:00,Solar 09,0.0
2030,sc01,01-15 13:00:00+01:00,Solar 08,0.0
2030,sc01,01-15 13:00:00+01:00,CT NG 45,0.0
2030,sc01,01-15 13:00:00+01:00,ST NG 04,0.0
2030,sc01,01-15 13:00:00+01:00,Solar 40,0.0
2030,sc01,01-15 13:00:00+01:00,Biomass 47,0.0
2030,sc01,01-15 13:00:00+01:00,Solar 50,0.0
2030,sc01,01-15 13:00:00+01:00,Solar 52,0.0
2030,sc01,01-15 13:00:00+01:00,Solar 63,10.9886862288
2030,sc01,01-15 13:00:00+01:00,CC NG 06,0.0
2030,sc01,01-15 13:00:00+01:00,Biomass 39,0.0
2030,sc01,01-15 13:00:00+01:00,Solar 67,0.0
2030,sc01,01-15 13:00:00+01:00,Solar 19,0.015002193472000002
2030,sc01,01-15 13:00:00+01:00,Wind 12,2.37007137024
2030,sc01,01-15 13:00:00+01:00,Solar 24,0.216956517344
2030,sc01,01-15 13:00:00+01:00,ICE NG 02,0.0
2030,sc01,01-15 13:00:00+01:00,Solar 05,0.0
2030,sc01,01-15 13:00:00+01:00,CT NG 54,0.0
2030,sc01,01-15 13:00:00+01:00,Wind N01,22.485292485600002
2030,sc01,01-15 13:00:00+01:00,CT NG 27,0.0
2030,sc01,01-15 13:00:00+01:00,CC NG 36,0.0
2030,sc01,01-15 13:00:00+01:00,Wind N02,3.7828355487999996
2030,sc01,01-15 13:00:00+01:00,CT NG 52,0.0
2030,sc01,01-15 13:00:00+01:00,Solar 35,0.0
2030,sc01,01-15 13:00:00+01:00,CT NG 05,0.0
2030,sc01,01-15 13:00:00+01:00,Biomass 36,0.0
2030,sc01,01-15 13:00:00+01:00,CT NG 34,0.0
2030,sc01,01-15 13:00:00+01:00,CT Oil 03,0.0
2030,sc01,01-15 13:00:00+01:00,Hydro 35,0.0
2030,sc01,01-15 13:00:00+01:00,Solar 14,1.7567437238399999
2030,sc01,01-15 13:00:00+01:00,CT NG 75,0.0
2030,sc01,01-15 13:00:00+01:00,ST NG 09,0.0
2030,sc01,01-15 13:00:00+01:00,CT NG 56,0.0
2030,sc01,01-15 13:00:00+01:00,Biomass 22,0.0
2030,sc01,01-15 13:00:00+01:00,Solar 18,1.8529483481600002
2030,sc01,01-15 13:00:00+01:00,Biomass 13,0.0
2030,sc01,01-15 13:00:00+01:00,CT NG 71,0.0
2030,sc01,01-15 13:00:00+01:00,Solar 58,0.0
2030,sc01,01-15 13:00:00+01:00,Solar 06,0.0
2030,sc01,01-15 13:00:00+01:00,Biomass 08,0.0
2030,sc01,01-15 13:00:00+01:00,CT NG 72,0.0
2030,sc01,01-15 13:00:00+01:00,Hydro 18,0.0
2030,sc01,01-15 13:00:00+01:00,Solar 10,1.3710946116
2030,sc01,01-15 13:00:00+01:00,CT NG 04,0.0
2030,sc01,01-15 13:00:00+01:00,ST Other 02,0.0
2030,sc01,01-15 13:00:00+01:00,CT NG 12,0.0
2030,sc01,01-15 13:00:00+01:00,CT NG 48,0.0
2030,sc01,01-15 13:00:00+01:00,ST NG 10,0.0
2030,sc01,01-15 13:00:00+01:00,Solar 22,0.163308183584
2030,sc01,01-15 13:00:00+01:00,Solar 28,0.14614180716800002
2030,sc01,01-15 13:00:00+01:00,CT NG 73,0.0
2030,sc01,01-15 13:00:00+01:00,Biomass 52,0.0
2030,sc01,01-15 13:00:00+01:00,CT NG 30,0.0
2030,sc01,01-15 13:00:00+01:00,Solar 54,0.0
2030,sc01,01-15 13:00:00+01:00,Solar 31,0.0
2030,sc01,01-15 13:00:00+01:00,Biomass 03,0.0
2030,sc01,01-15 13:00:00+01:00,CT NG 32,0.0
2030,sc01,01-15 13:00:00+01:00,Biomass 27,0.0
2030,sc01,01-15 13:00:00+01:00,CC NG 14,0.0
2030,sc01,01-15 13:00:00+01:00,CC NG 03,0.0
2030,sc01,01-15 13:00:00+01:00,CC NG 29,0.0
2030,sc01,01-15 13:00:00+01:00,CC NG 28,0.0
2030,sc01,01-15 13:00:00+01:00,CC NG 25,0.0
2030,sc01,01-15 13:00:00+01:00,CT NG 44,0.0
2030,sc01,01-15 13:00:00+01:00,CT NG 14,0.0
2030,sc01,01-15 13:00:00+01:00,CC NG 15,0.0
2030,sc01,01-15 13:00:00+01:00,CC NG 04,0.0
2030,sc01,01-15 13:00:00+01:00,Biomass 29,0.0
2030,sc01,01-15 13:00:00+01:00,Wind 14,0.0
2030,sc01,01-15 13:00:00+01:00,Wind 08,0.014186686304
2030,sc01,01-15 13:00:00+01:00,Biomass 61,0.0
2030,sc01,01-15 13:00:00+01:00,CT NG 35,0.0
2030,sc01,01-15 13:00:00+01:00,Solar 33,0.0
2030,sc01,01-15 13:00:00+01:00,CT NG 41,0.0
2030,sc01,01-15 13:00:00+01:00,CT NG 15,0.0
2030,sc01,01-15 13:00:00+01:00,Solar 42,0.0
2030,sc01,01-15 13:00:00+01:00,Solar 07,0.0
2030,sc01,01-15 13:00:00+01:00,Solar 43,0.0
2030,sc01,01-15 13:00:00+01:00,Biomass 05,0.0
2030,sc01,01-15 13:00:00+01:00,CT NG 29,0.0
2030,sc01,01-15 13:00:00+01:00,Solar 71,0.0
2030,sc01,01-15 13:00:00+01:00,CT NG 53,0.0
2030,sc01,01-15 13:00:00+01:00,CT NG 20,0.0
2030,sc01,01-15 13:00:00+01:00,Biomass 14,0.0
2030,sc01,01-15 13:00:00+01:00,Solar 26,0.26937909376
2030,sc01,01-15 13:00:00+01:00,Hydro 29,30.937183200000003
2030,sc01,01-15 13:00:00+01:00,Hydro 31,0.0
2030,sc01,01-15 13:00:00+01:00,Biomass 24,0.0
2030,sc01,01-15 13:00:00+01:00,Biomass 54,0.0
2030,sc01,01-15 13:00:00+01:00,Solar 36,24.082378768
2030,sc01,01-15 13:00:00+01:00,Wind 03,0.0
2030,sc01,01-15 13:00:00+01:00,Biomass 40,0.0
2030,sc01,01-15 13:00:00+01:00,Biomass 49,0.0
2030,sc01,01-15 13:00:00+01:00,CC NG 16,0.0
2030,sc01,01-15 13:00:00+01:00,Biomass 48,0.0
2030,sc01,01-15 13:00:00+01:00,Hydro 28,30.937183200000003
2030,sc01,01-15 13:00:00+01:00,Biomass 17,0.0
2030,sc01,01-15 13:00:00+01:00,CT NG 33,0.0
2030,sc01,01-15 13:00:00+01:00,Solar 45,0.0
2030,sc01,01-15 13:00:00+01:00,Hydro 24,0.0
2030,sc01,01-15 13:00:00+01:00,Wind 13,1.0474243684800002
2030,sc01,01-15 13:00:00+01:00,Biomass 07,0.0
2030,sc01,01-15 13:00:00+01:00,Biomass 34,0.0
2030,sc01,01-15 13:00:00+01:00,Biomass 33,0.0
2030,sc01,01-15 13:00:00+01:00,CT NG 01,0.0
2030,sc01,01-15 13:00:00+01:00,ICE NG 03,0.0
2030,sc01,01-15 13:00:00+01:00,Solar 55,0.0
2030,sc01,01-15 13:00:00+01:00,Solar 11,0.29756754944
2030,sc01,01-15 13:00:00+01:00,CT NG 06,0.0
2030,sc01,01-15 13:00:00+01:00,CT NG 70,0.0
2030,sc01,01-15 13:00:00+01:00,Solar 23,0.044061168928
2030,sc01,01-15 13:00:00+01:00,CT NG 67,0.0
2030,sc01,01-15 13:00:00+01:00,Solar 12,0.23034872044800003
2030,sc01,01-15 13:00:00+01:00,CT Oil 01,0.0
2030,sc01,01-15 13:00:00+01:00,Hydro 26,0.0
2030,sc01,01-15 13:00:00+01:00,CC NG 22,0.0
2030,sc01,01-15 13:00:00+01:00,CC NG 35,0.0
2030,sc01,01-15 13:00:00+01:00,Biomass 50,0.0
2030,sc01,01-15 13:00:00+01:00,ICE NG 04,0.0
2030,sc01,01-15 13:00:00+01:00,CC NG 39,0.0
2030,sc01,01-15 13:00:00+01:00,Hydro 32,0.0
2030,sc01,01-15 13:00:00+01:00,ICE NG 07,0.0
2030,sc01,01-15 13:00:00+01:00,Biomass 46,0.0
2030,sc01,01-15 13:00:00+01:00,CC NG 38,0.0
2030,sc01,01-15 13:00:00+01:00,CC NG 12,0.0
2030,sc01,01-15 13:00:00+01:00,Solar 57,0.0
2030,sc01,01-15 13:00:00+01:00,CC NG 32,0.0
2030,sc01,01-15 13:00:00+01:00,CC NG 07,0.0
2030,sc01,01-15 13:00:00+01:00,Biomass 44,0.0
2030,sc01,01-15 13:00:00+01:00,CT NG 40,0.0
2030,sc01,01-15 13:00:00+01:00,Solar 74,4.8310017616000005
2030,sc01,01-15 13:00:00+01:00,Hydro 30,0.0
2030,sc01,01-15 13:00:00+01:00,CT NG 42,0.0
2030,sc01,01-15 13:00:00+01:00,Hydro 22,0.34651176
2030,sc01,01-15 13:00:00+01:00,Solar 17,0.45180589860000003
2030,sc01,01-15 13:00:00+01:00,Solar 38,0.0
2030,sc01,01-15 13:00:00+01:00,CT NG 24,0.0
2030,sc01,01-15 13:00:00+01:00,CC NG 27,0.0
2030,sc01,01-15 13:00:00+01:00,Biomass 21,0.0
2030,sc01,01-15 13:00:00+01:00,ICE NG 06,0.0
2030,sc01,01-15 13:00:00+01:00,Biomass 25,0.0
2030,sc01,01-15 13:00:00+01:00,Solar 27,0.046976850368000006
2030,sc01,01-15 13:00:00+01:00,CT NG 19,0.0
2030,sc01,01-15 13:00:00+01:00,Biomass 42,0.0
2030,sc01,01-15 13:00:00+01:00,Biomass 19,0.0
2030,sc01,01-15 13:00:00+01:00,Biomass 06,0.0
2030,sc01,01-15 13:00:00+01:00,CT NG 10,0.0
2030,sc01,01-15 13:00:00+01:00,CC NG 40,0.0
2030,sc01,01-15 13:00:00+01:00,CC NG 21,0.0
2030,sc01,01-15 13:00:00+01:00,Biomass 02,0.0
2030,sc01,01-15 13:00:00+01:00,CT NG 46,0.0
2030,sc01,01-15 13:00:00+01:00,Hydro 34,0.0
2030,sc01,01-15 13:00:00+01:00,Biomass 10,0.0
2030,sc01,01-15 13:00:00+01:00,CT NG 17,0.0
2030,sc01,01-15 13:00:00+01:00,Biomass 62,0.0
2030,sc01,01-15 13:00:00+01:00,Biomass 32,0.0
2030,sc01,01-15 13:00:00+01:00,CC NG 19,0.0
2030,sc01,01-15 13:00:00+01:00,CC NG 17,0.0
2030,sc01,01-15 13:00:00+01:00,ST NG 01,0.0
2030,sc01,01-15 13:00:00+01:00,Biomass 45,0.0
2030,sc01,01-15 13:00:00+01:00,Biomass 28,0.0
2030,sc01,01-15 13:00:00+01:00,CC NG 10,0.0
2030,sc01,01-15 13:00:00+01:00,Biomass 23,0.0
2030,sc01,01-15 13:00:00+01:00,ST NG 06,0.0
2030,sc01,01-15 13:00:00+01:00,Wind 10,0.012914591872000001
2030,sc01,01-15 13:00:00+01:00,CT NG 69,0.0
2030,sc01,01-15 13:00:00+01:00,CT NG 68,0.0
2030,sc01,01-16 01:00:00+01:00,CC NG 13,0.0
2030,sc01,01-16 01:00:00+01:00,CT NG 37,0.0
2030,sc01,01-16 01:00:00+01:00,ST Coal 01,0.0
2030,sc01,01-16 01:00:00+01:00,CT NG 09,0.0
2030,sc01,01-16 01:00:00+01:00,CT NG 47,0.0
2030,sc01,01-16 01:00:00+01:00,Solar 69,0.0
2030,sc01,01-16 01:00:00+01:00,Solar 34,0.0
2030,sc01,01-16 01:00:00+01:00,Solar 73,0.0
2030,sc01,01-16 01:00:00+01:00,Biomass 37,0.0
2030,sc01,01-16 01:00:00+01:00,Hydro 20,0.9769842
2030,sc01,01-16 01:00:00+01:00,Solar 01,0.0
2030,sc01,01-16 01:00:00+01:00,Solar 62,0.0
2030,sc01,01-16 01:00:00+01:00,Solar 02,0.0
2030,sc01,01-16 01:00:00+01:00,CT NG 26,0.0
2030,sc01,01-16 01:00:00+01:00,Biomass 20,0.0222
2030,sc01,01-16 01:00:00+01:00,Wind 16,0.31667704128
2030,sc01,01-16 01:00:00+01:00,CT NG 66,0.0
2030,sc01,01-16 01:00:00+01:00,Solar 39,0.0
2030,sc01,01-16 01:00:00+01:00,Biomass 41,0.0
2030,sc01,01-16 01:00:00+01:00,Solar 72,0.0
2030,sc01,01-16 01:00:00+01:00,ST NG 03,0.0
2030,sc01,01-16 01:00:00+01:00,Hydro 21,0.9769842
2030,sc01,01-16 01:00:00+01:00,CT NG 03,0.0
2030,sc01,01-16 01:00:00+01:00,CC NG 09,0.0
2030,sc01,01-16 01:00:00+01:00,CT Oil 02,0.0
2030,sc01,01-16 01:00:00+01:00,CT NG 39,0.0
2030,sc01,01-16 01:00:00+01:00,CC NG 08,0.0
2030,sc01,01-16 01:00:00+01:00,Biomass 43,0.0
2030,sc01,01-16 01:00:00+01:00,CT NG 18,0.22674599999999995
2030,sc01,01-16 01:00:00+01:00,ST NG 07,0.0
2030,sc01,01-16 01:00:00+01:00,Biomass 35,0.0
2030,sc01,01-16 01:00:00+01:00,Solar 32,0.0
2030,sc01,01-16 01:00:00+01:00,Biomass 15,0.0
2030,sc01,01-16 01:00:00+01:00,CC NG 31,0.0
2030,sc01,01-16 01:00:00+01:00,Solar 16,0.0
2030,sc01,01-16 01:00:00+01:00,Solar 68,0.0
2030,sc01,01-16 01:00:00+01:00,CT NG 21,0.0
2030,sc01,01-16 01:00:00+01:00,Wind 11,0.8162713566
2030,sc01,01-16 01:00:00+01:00,CC NG 37,0.0
2030,sc01,01-16 01:00:00+01:00,CT NG 22,0.0
2030,sc01,01-16 01:00:00+01:00,Hydro 16,0.0
2030,sc01,01-16 01:00:00+01:00,Biomass 59,0.24840000000000004
2030,sc01,01-16 01:00:00+01:00,CC NG 01,0.0
2030,sc01,01-16 01:00:00+01:00,Biomass 16,0.0
2030,sc01,01-16 01:00:00+01:00,Solar 03,0.0
2030,sc01,01-16 01:00:00+01:00,Solar 44,0.0
2030,sc01,01-16 01:00:00+01:00,CT NG 08,0.0
2030,sc01,01-16 01:00:00+01:00,Wind 05,0.0263103552
2030,sc01,01-16 01:00:00+01:00,Biomass 26,0.10139999999999999
2030,sc01,01-16 01:00:00+01:00,Solar 37,0.0
2030,sc01,01-16 01:00:00+01:00,Biomass 11,0.0228
2030,sc01,01-16 01:00:00+01:00,Solar 59,0.0
2030,sc01,01-16 01:00:00+01:00,CT NG 11,0.0
2030,sc01,01-16 01:00:00+01:00,Biomass 30,0.10139999999999999
2030,sc01,01-16 01:00:00+01:00,Hydro 23,0.0
2030,sc01,01-16 01:00:00+01:00,CC NG 24,0.0
2030,sc01,01-16 01:00:00+01:00,Solar 65,0.0
2030,sc01,01-16 01:00:00+01:00,CC NG 18,0.0
2030,sc01,01-16 01:00:00+01:00,CT NG 16,0.0
2030,sc01,01-16 01:00:00+01:00,Solar 51,0.0
2030,sc01,01-16 01:00:00+01:00,Wind 06,0.8649172338000001
2030,sc01,01-16 01:00:00+01:00,CC NG 26,0.0
2030,sc01,01-16 01:00:00+01:00,CC NG 23,0.0
2030,sc01,01-16 01:00:00+01:00,CT NG 43,0.0
2030,sc01,01-16 01:00:00+01:00,CC NG 11,0.0
2030,sc01,01-16 01:00:00+01:00,CT NG 02,0.0
2030,sc01,01-16 01:00:00+01:00,CT NG 50,0.0
2030,sc01,01-16 01:00:00+01:00,Hydro 27,0.525798
2030,sc01,01-16 01:00:00+01:00,CT NG 13,0.0
2030,sc01,01-16 01:00:00+01:00,CT NG 25,0.0
2030,sc01,01-16 01:00:00+01:00,CC NG 05,0.0
2030,sc01,01-16 01:00:00+01:00,Solar 04,0.0
2030,sc01,01-16 01:00:00+01:00,Solar 30,0.0
2030,sc01,01-16 01:00:00+01:00,Solar 29,0.0
2030,sc01,01-16 01:00:00+01:00,Solar 53,0.0
2030,sc01,01-16 01:00:00+01:00,Solar 21,0.0
2030,sc01,01-16 01:00:00+01:00,Biomass 58,0.12179999999999998
2030,sc01,01-16 01:00:00+01:00,CT NG 74,0.0
2030,sc01,01-16 01:00:00+01:00,Solar 61,0.0
2030,sc01,01-16 01:00:00+01:00,Wind 07,0.9068643894
2030,sc01,01-16 01:00:00+01:00,Biomass 31,0.10139999999999999
2030,sc01,01-16 01:00:00+01:00,CT Oil 05,0.0
2030,sc01,01-16 01:00:00+01:00,Biomass 38,0.0
2030,sc01,01-16 01:00:00+01:00,Solar 41,0.0
2030,sc01,01-16 01:00:00+01:00,Biomass 51,0.0
2030,sc01,01-16 01:00:00+01:00,Biomass 55,0.14940000000000003
2030,sc01,01-16 01:00:00+01:00,Wind 15,9.374985516
2030,sc01,01-16 01:00:00+01:00,Geo 01,0.0
2030,sc01,01-16 01:00:00+01:00,Biomass 60,0.162
2030,sc01,01-16 01:00:00+01:00,CT NG 38,0.0
2030,sc01,01-16 01:00:00+01:00,Solar 66,0.0
2030,sc01,01-16 01:00:00+01:00,Solar 49,0.0
2030,sc01,01-16 01:00:00+01:00,CT NG 51,0.0
2030,sc01,01-16 01:00:00+01:00,Biomass 18,0.0
2030,sc01,01-16 01:00:00+01:00,ICE NG 01,0.0
2030,sc01,01-16 01:00:00+01:00,Solar 15,0.0
2030,sc01,01-16 01:00:00+01:00,ICE NG 05,0.0
2030,sc01,01-16 01:00:00+01:00,CT Oil 04,0.0
2030,sc01,01-16 01:00:00+01:00,CC NG 20,0.0
2030,sc01,01-16 01:00:00+01:00,Solar 20,0.0
2030,sc01,01-16 01:00:00+01:00,Biomass 04,0.0
2030,sc01,01-16 01:00:00+01:00,Wind 02,0.33461215056
2030,sc01,01-16 01:00:00+01:00,Hydro 25,0.0
2030,sc01,01-16 01:00:00+01:00,Solar 75,0.0
2030,sc01,01-16 01:00:00+01:00,Hydro 33,0.0
2030,sc01,01-16 01:00:00+01:00,ST NG 05,0.0
2030,sc01,01-16 01:00:00+01:00,CT NG 07,0.0
2030,sc01,01-16 01:00:00+01:00,Wind 01,0.6110205630000001
2030,sc01,01-16 01:00:00+01:00,Solar 56,0.0
2030,sc01,01-16 01:00:00+01:00,Biomass 09,0.04680000000000001
2030,sc01,01-16 01:00:00+01:00,Biomass 53,0.14940000000000003
2030,sc01,01-16 01:00:00+01:00,Wind 17,6.931383996000001
2030,sc01,01-16 01:00:00+01:00,ST NG 08,0.0
2030,sc01,01-16 01:00:00+01:00,Hydro 19,0.0
2030,sc01,01-16 01:00:00+01:00,ST NG 02,0.0
2030,sc01,01-16 01:00:00+01:00,Biomass 01,0.06300000000000001
2030,sc01,01-16 01:00:00+01:00,Biomass 57,0.12179999999999998
2030,sc01,01-16 01:00:00+01:00,CT NG 49,0.0
2030,sc01,01-16 01:00:00+01:00,CT NG 31,0.0
2030,sc01,01-16 01:00:00+01:00,Solar 64,0.0
2030,sc01,01-16 01:00:00+01:00,CC NG 33,0.0
2030,sc01,01-16 01:00:00+01:00,Solar 46,0.0
2030,sc01,01-16 01:00:00+01:00,Biomass 12,0.0228
2030,sc01,01-16 01:00:00+01:00,Wind 04,0.0
2030,sc01,01-16 01:00:00+01:00,Solar 13,0.0
2030,sc01,01-16 01:00:00+01:00,CT NG 55,0.0
2030,sc01,01-16 01:00:00+01:00,Wind N03,265.8368670709064
2030,sc01,01-16 01:00:00+01:00,CT NG 28,0.0
2030,sc01,01-16 01:00:00+01:00,Wind 09,0.22689724560000002
2030,sc01,01-16 01:00:00+01:00,Solar 60,0.0
2030,sc01,01-16 01:00:00+01:00,Solar 25,0.0
2030,sc01,01-16 01:00:00+01:00,CT NG 23,0.0
2030,sc01,01-16 01:00:00+01:00,ST Other 01,0.0
2030,sc01,01-16 01:00:00+01:00,Solar 70,0.0
2030,sc01,01-16 01:00:00+01:00,CC NG 34,0.0
2030,sc01,01-16 01:00:00+01:00,Solar 48,0.0
2030,sc01,01-16 01:00:00+01:00,Biomass 56,0.153
2030,sc01,01-16 01:00:00+01:00,CT NG 36,0.0
2030,sc01,01-16 01:00:00+01:00,Solar 47,0.0
2030,sc01,01-16 01:00:00+01:00,Hydro 17,0.0182007
2030,sc01,01-16 01:00:00+01:00,Solar 09,0.0
2030,sc01,01-16 01:00:00+01:00,Solar 08,0.0
2030,sc01,01-16 01:00:00+01:00,CT NG 45,0.0
2030,sc01,01-16 01:00:00+01:00,ST NG 04,0.0
2030,sc01,01-16 01:00:00+01:00,Solar 40,0.0
2030,sc01,01-16 01:00:00+01:00,Biomass 47,0.0
2030,sc01,01-16 01:00:00+01:00,Solar 50,0.0
2030,sc01,01-16 01:00:00+01:00,Solar 52,0.0
2030,sc01,01-16 01:00:00+01:00,Solar 63,0.0
2030,sc01,01-16 01:00:00+01:00,CC NG 06,0.0
2030,sc01,01-16 01:00:00+01:00,Biomass 39,0.0
2030,sc01,01-16 01:00:00+01:00,Solar 67,0.0
2030,sc01,01-16 01:00:00+01:00,Solar 19,0.0
2030,sc01,01-16 01:00:00+01:00,Wind 12,3.9036092148000003
2030,sc01,01-16 01:00:00+01:00,Solar 24,0.0
2030,sc01,01-16 01:00:00+01:00,ICE NG 02,0.0
2030,sc01,01-16 01:00:00+01:00,Solar 05,0.0
2030,sc01,01-16 01:00:00+01:00,CT NG 54,0.0
2030,sc01,01-16 01:00:00+01:00,Wind N01,37.03424127
2030,sc01,01-16 01:00:00+01:00,CT NG 27,0.0
2030,sc01,01-16 01:00:00+01:00,CC NG 36,0.0
2030,sc01,01-16 01:00:00+01:00,Wind N02,1.0894323834
2030,sc01,01-16 01:00:00+01:00,CT NG 52,0.0
2030,sc01,01-16 01:00:00+01:00,Solar 35,0.0
2030,sc01,01-16 01:00:00+01:00,CT NG 05,0.0
2030,sc01,01-16 01:00:00+01:00,Biomass 36,0.0
2030,sc01,01-16 01:00:00+01:00,CT NG 34,0.0
2030,sc01,01-16 01:00:00+01:00,CT Oil 03,0.0
2030,sc01,01-16 01:00:00+01:00,Hydro 35,0.0
2030,sc01,01-16 01:00:00+01:00,Solar 14,0.0
2030,sc01,01-16 01:00:00+01:00,CT NG 75,0.0
2030,sc01,01-16 01:00:00+01:00,ST NG 09,0.0
2030,sc01,01-16 01:00:00+01:00,CT NG 56,0.0
2030,sc01,01-16 01:00:00+01:00,Biomass 22,0.0222
2030,sc01,01-16 01:00:00+01:00,Solar 18,0.0
2030,sc01,01-16 01:00:00+01:00,Biomass 13,0.0228
2030,sc01,01-16 01:00:00+01:00,CT NG 71,0.0
2030,sc01,01-16 01:00:00+01:00,Solar 58,0.0
2030,sc01,01-16 01:00:00+01:00,Solar 06,0.0
2030,sc01,01-16 01:00:00+01:00,Biomass 08,0.04680000000000001
2030,sc01,01-16 01:00:00+01:00,CT NG 72,0.0
2030,sc01,01-16 01:00:00+01:00,Hydro 18,0.0626913
2030,sc01,01-16 01:00:00+01:00,Solar 10,0.0
2030,sc01,01-16 01:00:00+01:00,CT NG 04,0.0
2030,sc01,01-16 01:00:00+01:00,ST Other 02,0.0
2030,sc01,01-16 01:00:00+01:00,CT NG 12,0.0
2030,sc01,01-16 01:00:00+01:00,CT NG 48,0.0
2030,sc01,01-16 01:00:00+01:00,ST NG 10,0.0
2030,sc01,01-16 01:00:00+01:00,Solar 22,0.0
2030,sc01,01-16 01:00:00+01:00,Solar 28,0.0
2030,sc01,01-16 01:00:00+01:00,CT NG 73,0.0
2030,sc01,01-16 01:00:00+01:00,Biomass 52,0.0
2030,sc01,01-16 01:00:00+01:00,CT NG 30,0.0
2030,sc01,01-16 01:00:00+01:00,Solar 54,0.0
2030,sc01,01-16 01:00:00+01:00,Solar 31,0.0
2030,sc01,01-16 01:00:00+01:00,Biomass 03,0.0
2030,sc01,01-16 01:00:00+01:00,CT NG 32,0.0
2030,sc01,01-16 01:00:00+01:00,Biomass 27,0.10139999999999999
2030,sc01,01-16 01:00:00+01:00,CC NG 14,0.0
2030,sc01,01-16 01:00:00+01:00,CC NG 03,0.0
2030,sc01,01-16 01:00:00+01:00,CC NG 29,0.0
2030,sc01,01-16 01:00:00+01:00,CC NG 28,0.0
2030,sc01,01-16 01:00:00+01:00,CC NG 25,0.0
2030,sc01,01-16 01:00:00+01:00,CT NG 44,0.0
2030,sc01,01-16 01:00:00+01:00,CT NG 14,0.0
2030,sc01,01-16 01:00:00+01:00,CC NG 15,0.0
2030,sc01,01-16 01:00:00+01:00,CC NG 04,0.0
2030,sc01,01-16 01:00:00+01:00,Biomass 29,0.10139999999999999
2030,sc01,01-16 01:00:00+01:00,Wind 14,0.14877239904
2030,sc01,01-16 01:00:00+01:00,Wind 08,0.31146067295999996
2030,sc01,01-16 01:00:00+01:00,Biomass 61,0.0
2030,sc01,01-16 01:00:00+01:00,CT NG 35,0.0
2030,sc01,01-16 01:00:00+01:00,Solar 33,0.0
2030,sc01,01-16 01:00:00+01:00,CT NG 41,0.0
2030,sc01,01-16 01:00:00+01:00,CT NG 15,0.0
2030,sc01,01-16 01:00:00+01:00,Solar 42,0.0
2030,sc01,01-16 01:00:00+01:00,Solar 07,0.0
2030,sc01,01-16 01:00:00+01:00,Solar 43,0.0
2030,sc01,01-16 01:00:00+01:00,Biomass 05,0.027000000000000003
2030,sc01,01-16 01:00:00+01:00,CT NG 29,0.0
2030,sc01,01-16 01:00:00+01:00,Solar 71,0.0
2030,sc01,01-16 01:00:00+01:00,CT NG 53,0.0
2030,sc01,01-16 01:00:00+01:00,CT NG 20,0.0
2030,sc01,01-16 01:00:00+01:00,Biomass 14,0.0504
2030,sc01,01-16 01:00:00+01:00,Solar 26,0.0
2030,sc01,01-16 01:00:00+01:00,Hydro 29,66.293964
2030,sc01,01-16 01:00:00+01:00,Hydro 31,0.0
2030,sc01,01-16 01:00:00+01:00,Biomass 24,0.027000000000000003
2030,sc01,01-16 01:00:00+01:00,Biomass 54,0.14940000000000003
2030,sc01,01-16 01:00:00+01:00,Solar 36,0.0
2030,sc01,01-16 01:00:00+01:00,Wind 03,0.039525994560000006
2030,sc01,01-16 01:00:00+01:00,Biomass 40,0.0
2030,sc01,01-16 01:00:00+01:00,Biomass 49,0.0
2030,sc01,01-16 01:00:00+01:00,CC NG 16,34.511948181073286
2030,sc01,01-16 01:00:00+01:00,Biomass 48,0.0
2030,sc01,01-16 01:00:00+01:00,Hydro 28,66.293964
2030,sc01,01-16 01:00:00+01:00,Biomass 17,0.0
2030,sc01,01-16 01:00:00+01:00,CT NG 33,0.0
2030,sc01,01-16 01:00:00+01:00,Solar 45,0.0
2030,sc01,01-16 01:00:00+01:00,Hydro 24,0.0
2030,sc01,01-16 01:00:00+01:00,Wind 13,1.5511521858
2030,sc01,01-16 01:00:00+01:00,Biomass 07,0.12
2030,sc01,01-16 01:00:00+01:00,Biomass 34,0.0
2030,sc01,01-16 01:00:00+01:00,Biomass 33,0.0
2030,sc01,01-16 01:00:00+01:00,CT NG 01,0.0
2030,sc01,01-16 01:00:00+01:00,ICE NG 03,0.0
2030,sc01,01-16 01:00:00+01:00,Solar 55,0.0
2030,sc01,01-16 01:00:00+01:00,Solar 11,0.0
2030,sc01,01-16 01:00:00+01:00,CT NG 06,0.0
2030,sc01,01-16 01:00:00+01:00,CT NG 70,0.0
2030,sc01,01-16 01:00:00+01:00,Solar 23,0.0
2030,sc01,01-16 01:00:00+01:00,CT NG 67,0.0
2030,sc01,01-16 01:00:00+01:00,Solar 12,0.0
2030,sc01,01-16 01:00:00+01:00,CT Oil 01,0.0
2030,sc01,01-16 01:00:00+01:00,Hydro 26,0.0
2030,sc01,01-16 01:00:00+01:00,CC NG 22,0.0
2030,sc01,01-16 01:00:00+01:00,CC NG 35,0.0
2030,sc01,01-16 01:00:00+01:00,Biomass 50,0.0
2030,sc01,01-16 01:00:00+01:00,ICE NG 04,0.0
2030,sc01,01-16 01:00:00+01:00,CC NG 39,0.0
2030,sc01,01-16 01:00:00+01:00,Hydro 32,0.0
2030,sc01,01-16 01:00:00+01:00,ICE NG 07,0.0
2030,sc01,01-16 01:00:00+01:00,Biomass 46,0.0
2030,sc01,01-16 01:00:00+01:00,CC NG 38,0.0
2030,sc01,01-16 01:00:00+01:00,CC NG 12,0.0
2030,sc01,01-16 01:00:00+01:00,Solar 57,0.0
2030,sc01,01-16 01:00:00+01:00,CC NG 32,0.0
2030,sc01,01-16 01:00:00+01:00,CC NG 07,0.0
2030,sc01,01-16 01:00:00+01:00,Biomass 44,0.0
2030,sc01,01-16 01:00:00+01:00,CT NG 40,0.0
2030,sc01,01-16 01:00:00+01:00,Solar 74,0.0
2030,sc01,01-16 01:00:00+01:00,Hydro 30,0.0
2030,sc01,01-16 01:00:00+01:00,CT NG 42,0.0
2030,sc01,01-16 01:00:00+01:00,Hydro 22,0.9769842
2030,sc01,01-16 01:00:00+01:00,Solar 17,0.0
2030,sc01,01-16 01:00:00+01:00,Solar 38,0.0
2030,sc01,01-16 01:00:00+01:00,CT NG 24,0.0
2030,sc01,01-16 01:00:00+01:00,CC NG 27,0.0
2030,sc01,01-16 01:00:00+01:00,Biomass 21,0.0222
2030,sc01,01-16 01:00:00+01:00,ICE NG 06,0.0
2030,sc01,01-16 01:00:00+01:00,Biomass 25,0.027000000000000003
2030,sc01,01-16 01:00:00+01:00,Solar 27,0.0
2030,sc01,01-16 01:00:00+01:00,CT NG 19,0.0
2030,sc01,01-16 01:00:00+01:00,Biomass 42,0.0
2030,sc01,01-16 01:00:00+01:00,Biomass 19,0.0222
2030,sc01,01-16 01:00:00+01:00,Biomass 06,0.027000000000000003
2030,sc01,01-16 01:00:00+01:00,CT NG 10,0.0
2030,sc01,01-16 01:00:00+01:00,CC NG 40,0.0
2030,sc01,01-16 01:00:00+01:00,CC NG 21,0.0
2030,sc01,01-16 01:00:00+01:00,Biomass 02,0.06300000000000001
2030,sc01,01-16 01:00:00+01:00,CT NG 46,0.0
2030,sc01,01-16 01:00:00+01:00,Hydro 34,0.0
2030,sc01,01-16 01:00:00+01:00,Biomass 10,0.04680000000000001
2030,sc01,01-16 01:00:00+01:00,CT NG 17,0.0
2030,sc01,01-16 01:00:00+01:00,Biomass 62,0.11220000000000001
2030,sc01,01-16 01:00:00+01:00,Biomass 32,0.072
2030,sc01,01-16 01:00:00+01:00,CC NG 19,8.1228
2030,sc01,01-16 01:00:00+01:00,CC NG 17,0.0
2030,sc01,01-16 01:00:00+01:00,ST NG 01,0.0
2030,sc01,01-16 01:00:00+01:00,Biomass 45,0.0
2030,sc01,01-16 01:00:00+01:00,Biomass 28,0.10139999999999999
2030,sc01,01-16 01:00:00+01:00,CC NG 10,0.0
2030,sc01,01-16 01:00:00+01:00,Biomass 23,0.027000000000000003
2030,sc01,01-16 01:00:00+01:00,ST NG 06,0.0
2030,sc01,01-16 01:00:00+01:00,Wind 10,0.30439200623999996
2030,sc01,01-16 01:00:00+01:00,CT NG 69,0.0
2030,sc01,01-16 01:00:00+01:00,CT NG 68,0.0
2030,sc01,01-17 13:00:00+01:00,CC NG 13,0.0
2030,sc01,01-17 13:00:00+01:00,CT NG 37,0.0
2030,sc01,01-17 13:00:00+01:00,ST Coal 01,0.0
2030,sc01,01-17 13:00:00+01:00,CT NG 09,0.0
2030,sc01,01-17 13:00:00+01:00,CT NG 47,0.0
2030,sc01,01-17 13:00:00+01:00,Solar 69,25.977923444195902
2030,sc01,01-17 13:00:00+01:00,Solar 34,0.0
2030,sc01,01-17 13:00:00+01:00,Solar 73,1.7127556826467458
2030,sc01,01-17 13:00:00+01:00,Biomass 37,0.0
2030,sc01,01-17 13:00:00+01:00,Hydro 20,0.51188064
2030,sc01,01-17 13:00:00+01:00,Solar 01,15.6475963648
2030,sc01,01-17 13:00:00+01:00,Solar 62,6.373418384
2030,sc01,01-17 13:00:00+01:00,Solar 02,7.898907315200001
2030,sc01,01-17 13:00:00+01:00,CT NG 26,0.0
2030,sc01,01-17 13:00:00+01:00,Biomass 20,0.01184
2030,sc01,01-17 13:00:00+01:00,Wind 16,0.00473308928
2030,sc01,01-17 13:00:00+01:00,CT NG 66,0.0
2030,sc01,01-17 13:00:00+01:00,Solar 39,0.0
2030,sc01,01-17 13:00:00+01:00,Biomass 41,0.0
2030,sc01,01-17 13:00:00+01:00,Solar 72,0.0
2030,sc01,01-17 13:00:00+01:00,ST NG 03,0.0
2030,sc01,01-17 13:00:00+01:00,Hydro 21,0.51188064
2030,sc01,01-17 13:00:00+01:00,CT NG 03,0.0
2030,sc01,01-17 13:00:00+01:00,CC NG 09,0.0
2030,sc01,01-17 13:00:00+01:00,CT Oil 02,0.0
2030,sc01,01-17 13:00:00+01:00,CT NG 39,0.0
2030,sc01,01-17 13:00:00+01:00,CC NG 08,0.0
2030,sc01,01-17 13:00:00+01:00,Biomass 43,0.0
2030,sc01,01-17 13:00:00+01:00,CT NG 18,0.0
2030,sc01,01-17 13:00:00+01:00,ST NG 07,0.0
2030,sc01,01-17 13:00:00+01:00,Biomass 35,0.0
2030,sc01,01-17 13:00:00+01:00,Solar 32,20.462781015320367
2030,sc01,01-17 13:00:00+01:00,Biomass 15,0.0
2030,sc01,01-17 13:00:00+01:00,CC NG 31,0.0
2030,sc01,01-17 13:00:00+01:00,Solar 16,1.44797495808
2030,sc01,01-17 13:00:00+01:00,Solar 68,0.0
2030,sc01,01-17 13:00:00+01:00,CT NG 21,0.0
2030,sc01,01-17 13:00:00+01:00,Wind 11,0.290526392576
2030,sc01,01-17 13:00:00+01:00,CC NG 37,0.0
2030,sc01,01-17 13:00:00+01:00,CT NG 22,0.0
2030,sc01,01-17 13:00:00+01:00,Hydro 16,0.0
2030,sc01,01-17 13:00:00+01:00,Biomass 59,0.13248000000000001
2030,sc01,01-17 13:00:00+01:00,CC NG 01,0.0
2030,sc01,01-17 13:00:00+01:00,Biomass 16,0.0
2030,sc01,01-17 13:00:00+01:00,Solar 03,5.0150846688
2030,sc01,01-17 13:00:00+01:00,Solar 44,0.0
2030,sc01,01-17 13:00:00+01:00,CT NG 08,0.0
2030,sc01,01-17 13:00:00+01:00,Wind 05,0.024786674432000003
2030,sc01,01-17 13:00:00+01:00,Biomass 26,0.054079999999999996
2030,sc01,01-17 13:00:00+01:00,Solar 37,0.0
2030,sc01,01-17 13:00:00+01:00,Biomass 11,0.01216
2030,sc01,01-17 13:00:00+01:00,Solar 59,0.0
2030,sc01,01-17 13:00:00+01:00,CT NG 11,0.0
2030,sc01,01-17 13:00:00+01:00,Biomass 30,0.054079999999999996
2030,sc01,01-17 13:00:00+01:00,Hydro 23,23.5265184
2030,sc01,01-17 13:00:00+01:00,CC NG 24,0.0
2030,sc01,01-17 13:00:00+01:00,Solar 65,12.3519722784
2030,sc01,01-17 13:00:00+01:00,CC NG 18,0.0
2030,sc01,01-17 13:00:00+01:00,CT NG 16,0.0
2030,sc01,01-17 13:00:00+01:00,Solar 51,0.0
2030,sc01,01-17 13:00:00+01:00,Wind 06,0.41512681984
2030,sc01,01-17 13:00:00+01:00,CC NG 26,0.0
2030,sc01,01-17 13:00:00+01:00,CC NG 23,0.0
2030,sc01,01-17 13:00:00+01:00,CT NG 43,0.0
2030,sc01,01-17 13:00:00+01:00,CC NG 11,0.0
2030,sc01,01-17 13:00:00+01:00,CT NG 02,0.0
2030,sc01,01-17 13:00:00+01:00,CT NG 50,0.0
2030,sc01,01-17 13:00:00+01:00,Hydro 27,0.0
2030,sc01,01-17 13:00:00+01:00,CT NG 13,0.6697728
2030,sc01,01-17 13:00:00+01:00,CT NG 25,0.0
2030,sc01,01-17 13:00:00+01:00,CC NG 05,0.0
2030,sc01,01-17 13:00:00+01:00,Solar 04,0.93151271488
2030,sc01,01-17 13:00:00+01:00,Solar 30,1.1520000000000001
2030,sc01,01-17 13:00:00+01:00,Solar 29,1.60291849344
2030,sc01,01-17 13:00:00+01:00,Solar 53,0.0
2030,sc01,01-17 13:00:00+01:00,Solar 21,3.5345127552
2030,sc01,01-17 13:00:00+01:00,Biomass 58,0.06495999999999999
2030,sc01,01-17 13:00:00+01:00,CT NG 74,0.0
2030,sc01,01-17 13:00:00+01:00,Solar 61,0.0
2030,sc01,01-17 13:00:00+01:00,Wind 07,0.34314514784
2030,sc01,01-17 13:00:00+01:00,Biomass 31,0.054079999999999996
2030,sc01,01-17 13:00:00+01:00,CT Oil 05,0.0
2030,sc01,01-17 13:00:00+01:00,Biomass 38,0.0
2030,sc01,01-17 13:00:00+01:00,Solar 41,0.0
2030,sc01,01-17 13:00:00+01:00,Biomass 51,0.0
2030,sc01,01-17 13:00:00+01:00,Biomass 55,0.07968000000000001
2030,sc01,01-17 13:00:00+01:00,Wind 15,1.87474809792
2030,sc01,01-17 13:00:00+01:00,Geo 01,0.0
2030,sc01,01-17 13:00:00+01:00,Biomass 60,0.0864
2030,sc01,01-17 13:00:00+01:00,CT NG 38,0.0
2030,sc01,01-17 13:00:00+01:00,Solar 66,23.465015306693708
2030,sc01,01-17 13:00:00+01:00,Solar 49,0.0
2030,sc01,01-17 13:00:00+01:00,CT NG 51,0.0
2030,sc01,01-17 13:00:00+01:00,Biomass 18,0.0
2030,sc01,01-17 13:00:00+01:00,ICE NG 01,0.0
2030,sc01,01-17 13:00:00+01:00,Solar 15,2.0213558112000003
2030,sc01,01-17 13:00:00+01:00,ICE NG 05,0.0
2030,sc01,01-17 13:00:00+01:00,CT Oil 04,0.0
2030,sc01,01-17 13:00:00+01:00,CC NG 20,0.0
2030,sc01,01-17 13:00:00+01:00,Solar 20,1.4928565984
2030,sc01,01-17 13:00:00+01:00,Biomass 04,0.0
2030,sc01,01-17 13:00:00+01:00,Wind 02,0.62994618592
2030,sc01,01-17 13:00:00+01:00,Hydro 25,0.0
2030,sc01,01-17 13:00:00+01:00,Solar 75,7.68
2030,sc01,01-17 13:00:00+01:00,Hydro 33,0.0
2030,sc01,01-17 13:00:00+01:00,ST NG 05,0.0
2030,sc01,01-17 13:00:00+01:00,CT NG 07,0.0
2030,sc01,01-17 13:00:00+01:00,Wind 01,0.223006411776
2030,sc01,01-17 13:00:00+01:00,Solar 56,0.0
2030,sc01,01-17 13:00:00+01:00,Biomass 09,0.024960000000000003
2030,sc01,01-17 13:00:00+01:00,Biomass 53,0.07968000000000001
2030,sc01,01-17 13:00:00+01:00,Wind 17,0.79497770528
2030,sc01,01-17 13:00:00+01:00,ST NG 08,0.0
2030,sc01,01-17 13:00:00+01:00,Hydro 19,0.0
2030,sc01,01-17 13:00:00+01:00,ST NG 02,0.0
2030,sc01,01-17 13:00:00+01:00,Biomass 01,0.033600000000000005
2030,sc01,01-17 13:00:00+01:00,Biomass 57,0.06495999999999999
2030,sc01,01-17 13:00:00+01:00,CT NG 49,0.0
2030,sc01,01-17 13:00:00+01:00,CT NG 31,0.0
2030,sc01,01-17 13:00:00+01:00,Solar 64,5.376
2030,sc01,01-17 13:00:00+01:00,CC NG 33,0.0
2030,sc01,01-17 13:00:00+01:00,Solar 46,0.0
2030,sc01,01-17 13:00:00+01:00,Biomass 12,0.01216
2030,sc01,01-17 13:00:00+01:00,Wind 04,0.13887954099199998
2030,sc01,01-17 13:00:00+01:00,Solar 13,0.050743365376
2030,sc01,01-17 13:00:00+01:00,CT NG 55,0.0
2030,sc01,01-17 13:00:00+01:00,Wind N03,30.576065584000002
2030,sc01,01-17 13:00:00+01:00,CT NG 28,0.0
2030,sc01,01-17 13:00:00+01:00,Wind 09,0.41412294592000004
2030,sc01,01-17 13:00:00+01:00,Solar 60,0.0
2030,sc01,01-17 13:00:00+01:00,Solar 25,0.3721100048
2030,sc01,01-17 13:00:00+01:00,CT NG 23,0.0
2030,sc01,01-17 13:00:00+01:00,ST Other 01,0.0
2030,sc01,01-17 13:00:00+01:00,Solar 70,30.108308147200002
2030,sc01,01-17 13:00:00+01:00,CC NG 34,0.0
2030,sc01,01-17 13:00:00+01:00,Solar 48,0.0
2030,sc01,01-17 13:00:00+01:00,Biomass 56,0.08159999999999999
2030,sc01,01-17 13:00:00+01:00,CT NG 36,0.0
2030,sc01,01-17 13:00:00+01:00,Solar 47,0.0
2030,sc01,01-17 13:00:00+01:00,Hydro 17,0.0
2030,sc01,01-17 13:00:00+01:00,Solar 09,0.0
2030,sc01,01-17 13:00:00+01:00,Solar 08,0.0
2030,sc01,01-17 13:00:00+01:00,CT NG 45,0.0
2030,sc01,01-17 13:00:00+01:00,ST NG 04,0.0
2030,sc01,01-17 13:00:00+01:00,Solar 40,0.0
2030,sc01,01-17 13:00:00+01:00,Biomass 47,0.0
2030,sc01,01-17 13:00:00+01:00,Solar 50,0.0
2030,sc01,01-17 13:00:00+01:00,Solar 52,0.0
2030,sc01,01-17 13:00:00+01:00,Solar 63,13.8484335328
2030,sc01,01-17 13:00:00+01:00,CC NG 06,0.0
2030,sc01,01-17 13:00:00+01:00,Biomass 39,0.0
2030,sc01,01-17 13:00:00+01:00,Solar 67,0.0
2030,sc01,01-17 13:00:00+01:00,Solar 19,0.01919136896
2030,sc01,01-17 13:00:00+01:00,Wind 12,2.60293555456
2030,sc01,01-17 13:00:00+01:00,Solar 24,0.277538919168
2030,sc01,01-17 13:00:00+01:00,ICE NG 02,0.0
2030,sc01,01-17 13:00:00+01:00,Solar 05,0.0
2030,sc01,01-17 13:00:00+01:00,CT NG 54,0.0
2030,sc01,01-17 13:00:00+01:00,Wind N01,24.694516800000002
2030,sc01,01-17 13:00:00+01:00,CT NG 27,0.0
2030,sc01,01-17 13:00:00+01:00,CC NG 36,0.0
2030,sc01,01-17 13:00:00+01:00,Wind N02,0.8429148054400001
2030,sc01,01-17 13:00:00+01:00,CT NG 52,0.0
2030,sc01,01-17 13:00:00+01:00,Solar 35,0.0
2030,sc01,01-17 13:00:00+01:00,CT NG 05,0.0
2030,sc01,01-17 13:00:00+01:00,Biomass 36,0.0
2030,sc01,01-17 13:00:00+01:00,CT NG 34,0.0
2030,sc01,01-17 13:00:00+01:00,CT Oil 03,0.0
2030,sc01,01-17 13:00:00+01:00,Hydro 35,0.0
2030,sc01,01-17 13:00:00+01:00,Solar 14,2.2472925001600004
2030,sc01,01-17 13:00:00+01:00,CT NG 75,0.0
2030,sc01,01-17 13:00:00+01:00,ST NG 09,0.0
2030,sc01,01-17 13:00:00+01:00,CT NG 56,0.0
2030,sc01,01-17 13:00:00+01:00,Biomass 22,0.01184
2030,sc01,01-17 13:00:00+01:00,Solar 18,2.37036106624
2030,sc01,01-17 13:00:00+01:00,Biomass 13,0.01216
2030,sc01,01-17 13:00:00+01:00,CT NG 71,0.0
2030,sc01,01-17 13:00:00+01:00,Solar 58,0.0
2030,sc01,01-17 13:00:00+01:00,Solar 06,0.0
2030,sc01,01-17 13:00:00+01:00,Biomass 08,0.024960000000000003
2030,sc01,01-17 13:00:00+01:00,CT NG 72,0.0
2030,sc01,01-17 13:00:00+01:00,Hydro 18,0.0
2030,sc01,01-17 13:00:00+01:00,Solar 10,1.43797471392
2030,sc01,01-17 13:00:00+01:00,CT NG 04,0.0
2030,sc01,01-17 13:00:00+01:00,ST Other 02,0.0
2030,sc01,01-17 13:00:00+01:00,CT NG 12,0.0
2030,sc01,01-17 13:00:00+01:00,CT NG 48,0.0
2030,sc01,01-17 13:00:00+01:00,ST NG 10,0.0
2030,sc01,01-17 13:00:00+01:00,Solar 22,1.6672083488
2030,sc01,01-17 13:00:00+01:00,Solar 28,1.49195732768
2030,sc01,01-17 13:00:00+01:00,CT NG 73,0.0
2030,sc01,01-17 13:00:00+01:00,Biomass 52,0.0
2030,sc01,01-17 13:00:00+01:00,CT NG 30,0.0
2030,sc01,01-17 13:00:00+01:00,Solar 54,0.0
2030,sc01,01-17 13:00:00+01:00,Solar 31,0.0
2030,sc01,01-17 13:00:00+01:00,Biomass 03,0.0
2030,sc01,01-17 13:00:00+01:00,CT NG 32,0.0
2030,sc01,01-17 13:00:00+01:00,Biomass 27,0.054079999999999996
2030,sc01,01-17 13:00:00+01:00,CC NG 14,0.0
2030,sc01,01-17 13:00:00+01:00,CC NG 03,0.0
2030,sc01,01-17 13:00:00+01:00,CC NG 29,0.0
2030,sc01,01-17 13:00:00+01:00,CC NG 28,0.0
2030,sc01,01-17 13:00:00+01:00,CC NG 25,0.0
2030,sc01,01-17 13:00:00+01:00,CT NG 44,0.0
2030,sc01,01-17 13:00:00+01:00,CT NG 14,0.05487206270773726
2030,sc01,01-17 13:00:00+01:00,CC NG 15,0.0
2030,sc01,01-17 13:00:00+01:00,CC NG 04,0.0
2030,sc01,01-17 13:00:00+01:00,Biomass 29,0.054079999999999996
2030,sc01,01-17 13:00:00+01:00,Wind 14,0.115108068864
2030,sc01,01-17 13:00:00+01:00,Wind 08,0.39275606112000006
2030,sc01,01-17 13:00:00+01:00,Biomass 61,0.0
2030,sc01,01-17 13:00:00+01:00,CT NG 35,0.0
2030,sc01,01-17 13:00:00+01:00,Solar 33,0.0
2030,sc01,01-17 13:00:00+01:00,CT NG 41,0.0
2030,sc01,01-17 13:00:00+01:00,CT NG 15,0.0
2030,sc01,01-17 13:00:00+01:00,Solar 42,0.0
2030,sc01,01-17 13:00:00+01:00,Solar 07,0.0
2030,sc01,01-17 13:00:00+01:00,Solar 43,0.0
2030,sc01,01-17 13:00:00+01:00,Biomass 05,0.014400000000000001
2030,sc01,01-17 13:00:00+01:00,CT NG 29,0.0
2030,sc01,01-17 13:00:00+01:00,Solar 71,21.3050788064
2030,sc01,01-17 13:00:00+01:00,CT NG 53,0.0
2030,sc01,01-17 13:00:00+01:00,CT NG 20,0.0
2030,sc01,01-17 13:00:00+01:00,Biomass 14,0.02688
2030,sc01,01-17 13:00:00+01:00,Solar 26,0.34459984608000005
2030,sc01,01-17 13:00:00+01:00,Hydro 29,13.606482310351087
2030,sc01,01-17 13:00:00+01:00,Hydro 31,0.0
2030,sc01,01-17 13:00:00+01:00,Biomass 24,0.014400000000000001
2030,sc01,01-17 13:00:00+01:00,Biomass 54,0.07968000000000001
2030,sc01,01-17 13:00:00+01:00,Solar 36,15.075457005092694
2030,sc01,01-17 13:00:00+01:00,Wind 03,0.30333808921600003
2030,sc01,01-17 13:00:00+01:00,Biomass 40,0.0
2030,sc01,01-17 13:00:00+01:00,Biomass 49,0.0
2030,sc01,01-17 13:00:00+01:00,CC NG 16,0.0
2030,sc01,01-17 13:00:00+01:00,Biomass 48,0.0
2030,sc01,01-17 13:00:00+01:00,Hydro 28,0.0
2030,sc01,01-17 13:00:00+01:00,Biomass 17,0.0
2030,sc01,01-17 13:00:00+01:00,CT NG 33,0.0
2030,sc01,01-17 13:00:00+01:00,Solar 45,0.0
2030,sc01,01-17 13:00:00+01:00,Hydro 24,23.5265184
2030,sc01,01-17 13:00:00+01:00,Wind 13,1.2940904640000002
2030,sc01,01-17 13:00:00+01:00,Biomass 07,0.064
2030,sc01,01-17 13:00:00+01:00,Biomass 34,0.0
2030,sc01,01-17 13:00:00+01:00,Biomass 33,0.0
2030,sc01,01-17 13:00:00+01:00,CT NG 01,0.7876032000000001
2030,sc01,01-17 13:00:00+01:00,ICE NG 03,0.0
2030,sc01,01-17 13:00:00+01:00,Solar 55,0.0
2030,sc01,01-17 13:00:00+01:00,Solar 11,0.38065957664
2030,sc01,01-17 13:00:00+01:00,CT NG 06,0.0
2030,sc01,01-17 13:00:00+01:00,CT NG 70,0.0
2030,sc01,01-17 13:00:00+01:00,Solar 23,0.056364700928
2030,sc01,01-17 13:00:00+01:00,CT NG 67,0.0
2030,sc01,01-17 13:00:00+01:00,Solar 12,0.294670727936
2030,sc01,01-17 13:00:00+01:00,CT Oil 01,0.0
2030,sc01,01-17 13:00:00+01:00,Hydro 26,0.0
2030,sc01,01-17 13:00:00+01:00,CC NG 22,0.0
2030,sc01,01-17 13:00:00+01:00,CC NG 35,0.0
2030,sc01,01-17 13:00:00+01:00,Biomass 50,0.0
2030,sc01,01-17 13:00:00+01:00,ICE NG 04,0.0
2030,sc01,01-17 13:00:00+01:00,CC NG 39,0.0
2030,sc01,01-17 13:00:00+01:00,Hydro 32,0.0
2030,sc01,01-17 13:00:00+01:00,ICE NG 07,0.0
2030,sc01,01-17 13:00:00+01:00,Biomass 46,0.0
2030,sc01,01-17 13:00:00+01:00,CC NG 38,0.0
2030,sc01,01-17 13:00:00+01:00,CC NG 12,0.0
2030,sc01,01-17 13:00:00+01:00,Solar 57,0.0
2030,sc01,01-17 13:00:00+01:00,CC NG 32,0.0
2030,sc01,01-17 13:00:00+01:00,CC NG 07,0.0
2030,sc01,01-17 13:00:00+01:00,Biomass 44,0.0
2030,sc01,01-17 13:00:00+01:00,CT NG 40,0.0
2030,sc01,01-17 13:00:00+01:00,Solar 74,6.1802296864
2030,sc01,01-17 13:00:00+01:00,Hydro 30,0.0
2030,sc01,01-17 13:00:00+01:00,CT NG 42,0.0
2030,sc01,01-17 13:00:00+01:00,Hydro 22,0.51188064
2030,sc01,01-17 13:00:00+01:00,Solar 17,0.5779670611200001
2030,sc01,01-17 13:00:00+01:00,Solar 38,0.0
2030,sc01,01-17 13:00:00+01:00,CT NG 24,0.0
2030,sc01,01-17 13:00:00+01:00,CC NG 27,0.0
2030,sc01,01-17 13:00:00+01:00,Biomass 21,0.01184
2030,sc01,01-17 13:00:00+01:00,ICE NG 06,0.0
2030,sc01,01-17 13:00:00+01:00,Biomass 25,0.014400000000000001
2030,sc01,01-17 13:00:00+01:00,Solar 27,0.19410204851200002
2030,sc01,01-17 13:00:00+01:00,CT NG 19,0.0
2030,sc01,01-17 13:00:00+01:00,Biomass 42,0.0
2030,sc01,01-17 13:00:00+01:00,Biomass 19,0.01184
2030,sc01,01-17 13:00:00+01:00,Biomass 06,0.014400000000000001
2030,sc01,01-17 13:00:00+01:00,CT NG 10,0.0
2030,sc01,01-17 13:00:00+01:00,CC NG 40,0.0
2030,sc01,01-17 13:00:00+01:00,CC NG 21,0.0
2030,sc01,01-17 13:00:00+01:00,Biomass 02,0.033600000000000005
2030,sc01,01-17 13:00:00+01:00,CT NG 46,0.0
2030,sc01,01-17 13:00:00+01:00,Hydro 34,0.0
2030,sc01,01-17 13:00:00+01:00,Biomass 10,0.024960000000000003
2030,sc01,01-17 13:00:00+01:00,CT NG 17,0.0
2030,sc01,01-17 13:00:00+01:00,Biomass 62,0.059840000000000004
2030,sc01,01-17 13:00:00+01:00,Biomass 32,0.0384
2030,sc01,01-17 13:00:00+01:00,CC NG 19,0.0
2030,sc01,01-17 13:00:00+01:00,CC NG 17,0.0
2030,sc01,01-17 13:00:00+01:00,ST NG 01,0.0
2030,sc01,01-17 13:00:00+01:00,Biomass 45,0.0
2030,sc01,01-17 13:00:00+01:00,Biomass 28,0.054079999999999996
2030,sc01,01-17 13:00:00+01:00,CC NG 10,0.0
2030,sc01,01-17 13:00:00+01:00,Biomass 23,0.014400000000000001
2030,sc01,01-17 13:00:00+01:00,ST NG 06,0.0
2030,sc01,01-17 13:00:00+01:00,Wind 10,0.37747180576
2030,sc01,01-17 13:00:00+01:00,CT NG 69,0.0
2030,sc01,01-17 13:00:00+01:00,CT NG 68,0.0
2030,sc01,01-18 09:00:00+01:00,CC NG 13,0.0
2030,sc01,01-18 09:00:00+01:00,CT NG 37,0.0
2030,sc01,01-18 09:00:00+01:00,ST Coal 01,0.0
2030,sc01,01-18 09:00:00+01:00,CT NG 09,0.0
2030,sc01,01-18 09:00:00+01:00,CT NG 47,0.0
2030,sc01,01-18 09:00:00+01:00,Solar 69,0.0
2030,sc01,01-18 09:00:00+01:00,Solar 34,13.0685022748
2030,sc01,01-18 09:00:00+01:00,Solar 73,0.0
2030,sc01,01-18 09:00:00+01:00,Biomass 37,0.0
2030,sc01,01-18 09:00:00+01:00,Hydro 20,0.6024090599999999
2030,sc01,01-18 09:00:00+01:00,Solar 01,13.776728600999999
2030,sc01,01-18 09:00:00+01:00,Solar 62,8.990504513157598
2030,sc01,01-18 09:00:00+01:00,Solar 02,1.69560618292
2030,sc01,01-18 09:00:00+01:00,CT NG 26,0.0
2030,sc01,01-18 09:00:00+01:00,Biomass 20,0.0
2030,sc01,01-18 09:00:00+01:00,Wind 16,0.0
2030,sc01,01-18 09:00:00+01:00,CT NG 66,0.0
2030,sc01,01-18 09:00:00+01:00,Solar 39,0.0
2030,sc01,01-18 09:00:00+01:00,Biomass 41,0.0
2030,sc01,01-18 09:00:00+01:00,Solar 72,0.0
2030,sc01,01-18 09:00:00+01:00,ST NG 03,0.0
2030,sc01,01-18 09:00:00+01:00,Hydro 21,0.6024090599999999
2030,sc01,01-18 09:00:00+01:00,CT NG 03,0.0
2030,sc01,01-18 09:00:00+01:00,CC NG 09,0.0
2030,sc01,01-18 09:00:00+01:00,CT Oil 02,0.0
2030,sc01,01-18 09:00:00+01:00,CT NG 39,0.0
2030,sc01,01-18 09:00:00+01:00,CC NG 08,0.0
2030,sc01,01-18 09:00:00+01:00,Biomass 43,0.0
2030,sc01,01-18 09:00:00+01:00,CT NG 18,0.0
2030,sc01,01-18 09:00:00+01:00,ST NG 07,0.0
2030,sc01,01-18 09:00:00+01:00,Biomass 35,0.0
2030,sc01,01-18 09:00:00+01:00,Solar 32,0.0
2030,sc01,01-18 09:00:00+01:00,Biomass 15,0.0
2030,sc01,01-18 09:00:00+01:00,CC NG 31,0.0
2030,sc01,01-18 09:00:00+01:00,Solar 16,1.19080114436
2030,sc01,01-18 09:00:00+01:00,Solar 68,15.996494128010621
2030,sc01,01-18 09:00:00+01:00,CT NG 21,0.0
2030,sc01,01-18 09:00:00+01:00,Wind 11,0.0
2030,sc01,01-18 09:00:00+01:00,CC NG 37,0.0
2030,sc01,01-18 09:00:00+01:00,CT NG 22,0.0
2030,sc01,01-18 09:00:00+01:00,Hydro 16,0.0
2030,sc01,01-18 09:00:00+01:00,Biomass 59,0.0
2030,sc01,01-18 09:00:00+01:00,CC NG 01,0.0
2030,sc01,01-18 09:00:00+01:00,Biomass 16,0.0
2030,sc01,01-18 09:00:00+01:00,Solar 03,0.0
2030,sc01,01-18 09:00:00+01:00,Solar 44,0.0
2030,sc01,01-18 09:00:00+01:00,CT NG 08,0.0
2030,sc01,01-18 09:00:00+01:00,Wind 05,0.033020887968
2030,sc01,01-18 09:00:00+01:00,Biomass 26,0.0
2030,sc01,01-18 09:00:00+01:00,Solar 37,0.0
2030,sc01,01-18 09:00:00+01:00,Biomass 11,0.0
2030,sc01,01-18 09:00:00+01:00,Solar 59,0.0
2030,sc01,01-18 09:00:00+01:00,CT NG 11,0.0
2030,sc01,01-18 09:00:00+01:00,Biomass 30,0.0
2030,sc01,01-18 09:00:00+01:00,Hydro 23,0.0
2030,sc01,01-18 09:00:00+01:00,CC NG 24,0.0
2030,sc01,01-18 09:00:00+01:00,Solar 65,10.105170451600001
2030,sc01,01-18 09:00:00+01:00,CC NG 18,0.0
2030,sc01,01-18 09:00:00+01:00,CT NG 16,0.0
2030,sc01,01-18 09:00:00+01:00,Solar 51,0.0
2030,sc01,01-18 09:00:00+01:00,Wind 06,0.0
2030,sc01,01-18 09:00:00+01:00,CC NG 26,0.0
2030,sc01,01-18 09:00:00+01:00,CC NG 23,0.0
2030,sc01,01-18 09:00:00+01:00,CT NG 43,0.0
2030,sc01,01-18 09:00:00+01:00,CC NG 11,0.0
2030,sc01,01-18 09:00:00+01:00,CT NG 02,0.0
2030,sc01,01-18 09:00:00+01:00,CT NG 50,0.0
2030,sc01,01-18 09:00:00+01:00,Hydro 27,0.0
2030,sc01,01-18 09:00:00+01:00,CT NG 13,0.0
2030,sc01,01-18 09:00:00+01:00,CT NG 25,0.0
2030,sc01,01-18 09:00:00+01:00,CC NG 05,0.0
2030,sc01,01-18 09:00:00+01:00,Solar 04,0.7148451373200001
2030,sc01,01-18 09:00:00+01:00,Solar 30,1.14830322686
2030,sc01,01-18 09:00:00+01:00,Solar 29,1.8059115538800001
2030,sc01,01-18 09:00:00+01:00,Solar 53,0.0
2030,sc01,01-18 09:00:00+01:00,Solar 21,2.71239373918
2030,sc01,01-18 09:00:00+01:00,Biomass 58,0.0
2030,sc01,01-18 09:00:00+01:00,CT NG 74,0.0
2030,sc01,01-18 09:00:00+01:00,Solar 61,0.0
2030,sc01,01-18 09:00:00+01:00,Wind 07,0.0
2030,sc01,01-18 09:00:00+01:00,Biomass 31,0.0
2030,sc01,01-18 09:00:00+01:00,CT Oil 05,0.0
2030,sc01,01-18 09:00:00+01:00,Biomass 38,0.0
2030,sc01,01-18 09:00:00+01:00,Solar 41,0.0
2030,sc01,01-18 09:00:00+01:00,Biomass 51,0.0
2030,sc01,01-18 09:00:00+01:00,Biomass 55,0.0
2030,sc01,01-18 09:00:00+01:00,Wind 15,0.0
2030,sc01,01-18 09:00:00+01:00,Geo 01,0.0
2030,sc01,01-18 09:00:00+01:00,Biomass 60,0.0
2030,sc01,01-18 09:00:00+01:00,CT NG 38,0.0
2030,sc01,01-18 09:00:00+01:00,Solar 66,29.151674738453362
2030,sc01,01-18 09:00:00+01:00,Solar 49,0.0
2030,sc01,01-18 09:00:00+01:00,CT NG 51,0.0
2030,sc01,01-18 09:00:00+01:00,Biomass 18,0.0
2030,sc01,01-18 09:00:00+01:00,ICE NG 01,0.0
2030,sc01,01-18 09:00:00+01:00,Solar 15,1.55119339744
2030,sc01,01-18 09:00:00+01:00,ICE NG 05,0.0
2030,sc01,01-18 09:00:00+01:00,CT Oil 04,0.0
2030,sc01,01-18 09:00:00+01:00,CC NG 20,0.0
2030,sc01,01-18 09:00:00+01:00,Solar 20,1.1818024392200002
2030,sc01,01-18 09:00:00+01:00,Biomass 04,0.0
2030,sc01,01-18 09:00:00+01:00,Wind 02,1.1172939394199999
2030,sc01,01-18 09:00:00+01:00,Hydro 25,0.0
2030,sc01,01-18 09:00:00+01:00,Solar 75,6.148127790799999
2030,sc01,01-18 09:00:00+01:00,Hydro 33,0.0
2030,sc01,01-18 09:00:00+01:00,ST NG 05,0.0
2030,sc01,01-18 09:00:00+01:00,CT NG 07,0.0
2030,sc01,01-18 09:00:00+01:00,Wind 01,0.19864592932800001
2030,sc01,01-18 09:00:00+01:00,Solar 56,0.0
2030,sc01,01-18 09:00:00+01:00,Biomass 09,0.0
2030,sc01,01-18 09:00:00+01:00,Biomass 53,0.0
2030,sc01,01-18 09:00:00+01:00,Wind 17,0.0
2030,sc01,01-18 09:00:00+01:00,ST NG 08,0.0
2030,sc01,01-18 09:00:00+01:00,Hydro 19,0.0
2030,sc01,01-18 09:00:00+01:00,ST NG 02,0.0
2030,sc01,01-18 09:00:00+01:00,Biomass 01,0.0
2030,sc01,01-18 09:00:00+01:00,Biomass 57,0.0
2030,sc01,01-18 09:00:00+01:00,CT NG 49,0.0
2030,sc01,01-18 09:00:00+01:00,CT NG 31,0.0
2030,sc01,01-18 09:00:00+01:00,Solar 64,5.305203807
2030,sc01,01-18 09:00:00+01:00,CC NG 33,0.0
2030,sc01,01-18 09:00:00+01:00,Solar 46,0.0
2030,sc01,01-18 09:00:00+01:00,Biomass 12,0.0
2030,sc01,01-18 09:00:00+01:00,Wind 04,0.17352856256
2030,sc01,01-18 09:00:00+01:00,Solar 13,0.038940582992
2030,sc01,01-18 09:00:00+01:00,CT NG 55,0.0
2030,sc01,01-18 09:00:00+01:00,Wind N03,38.49129086600001
2030,sc01,01-18 09:00:00+01:00,CT NG 28,0.0
2030,sc01,01-18 09:00:00+01:00,Wind 09,0.0
2030,sc01,01-18 09:00:00+01:00,Solar 60,0.0
2030,sc01,01-18 09:00:00+01:00,Solar 25,0.285558128496
2030,sc01,01-18 09:00:00+01:00,CT NG 23,0.0
2030,sc01,01-18 09:00:00+01:00,ST Other 01,0.0
2030,sc01,01-18 09:00:00+01:00,Solar 70,36.7239633136
2030,sc01,01-18 09:00:00+01:00,CC NG 34,0.0
2030,sc01,01-18 09:00:00+01:00,Solar 48,0.0
2030,sc01,01-18 09:00:00+01:00,Biomass 56,0.0
2030,sc01,01-18 09:00:00+01:00,CT NG 36,0.0
2030,sc01,01-18 09:00:00+01:00,Solar 47,0.0
2030,sc01,01-18 09:00:00+01:00,Hydro 17,0.0
2030,sc01,01-18 09:00:00+01:00,Solar 09,1.8926132810800003
2030,sc01,01-18 09:00:00+01:00,Solar 08,0.0
2030,sc01,01-18 09:00:00+01:00,CT NG 45,0.0
2030,sc01,01-18 09:00:00+01:00,ST NG 04,0.0
2030,sc01,01-18 09:00:00+01:00,Solar 40,0.0
2030,sc01,01-18 09:00:00+01:00,Biomass 47,0.0
2030,sc01,01-18 09:00:00+01:00,Solar 50,0.0
2030,sc01,01-18 09:00:00+01:00,Solar 52,0.0
2030,sc01,01-18 09:00:00+01:00,Solar 63,11.3294280606
2030,sc01,01-18 09:00:00+01:00,CC NG 06,0.0
2030,sc01,01-18 09:00:00+01:00,Biomass 39,0.0
2030,sc01,01-18 09:00:00+01:00,Solar 67,0.0
2030,sc01,01-18 09:00:00+01:00,Solar 19,0.01472750344
2030,sc01,01-18 09:00:00+01:00,Wind 12,12.8492425864
2030,sc01,01-18 09:00:00+01:00,Solar 24,0.21298404585599998
2030,sc01,01-18 09:00:00+01:00,ICE NG 02,0.0
2030,sc01,01-18 09:00:00+01:00,Solar 05,0.0
2030,sc01,01-18 09:00:00+01:00,CT NG 54,0.0
2030,sc01,01-18 09:00:00+01:00,Wind N01,50.783187975933444
2030,sc01,01-18 09:00:00+01:00,CT NG 27,0.0
2030,sc01,01-18 09:00:00+01:00,CC NG 36,0.0
2030,sc01,01-18 09:00:00+01:00,Wind N02,3.45395743498
2030,sc01,01-18 09:00:00+01:00,CT NG 52,0.0
2030,sc01,01-18 09:00:00+01:00,Solar 35,0.0
2030,sc01,01-18 09:00:00+01:00,CT NG 05,0.0
2030,sc01,01-18 09:00:00+01:00,Biomass 36,0.0
2030,sc01,01-18 09:00:00+01:00,CT NG 34,0.0
2030,sc01,01-18 09:00:00+01:00,CT Oil 03,0.0
2030,sc01,01-18 09:00:00+01:00,Hydro 35,0.0
2030,sc01,01-18 09:00:00+01:00,Solar 14,1.72457776558
2030,sc01,01-18 09:00:00+01:00,CT NG 75,0.0
2030,sc01,01-18 09:00:00+01:00,ST NG 09,0.0
2030,sc01,01-18 09:00:00+01:00,CT NG 56,0.0
2030,sc01,01-18 09:00:00+01:00,Biomass 22,0.0
2030,sc01,01-18 09:00:00+01:00,Solar 18,1.81902088432
2030,sc01,01-18 09:00:00+01:00,Biomass 13,0.0
2030,sc01,01-18 09:00:00+01:00,CT NG 71,0.0
2030,sc01,01-18 09:00:00+01:00,Solar 58,0.0
2030,sc01,01-18 09:00:00+01:00,Solar 06,0.0
2030,sc01,01-18 09:00:00+01:00,Biomass 08,0.0
2030,sc01,01-18 09:00:00+01:00,CT NG 72,0.0
2030,sc01,01-18 09:00:00+01:00,Hydro 18,0.0
2030,sc01,01-18 09:00:00+01:00,Solar 10,1.13835583804
2030,sc01,01-18 09:00:00+01:00,CT NG 04,0.0
2030,sc01,01-18 09:00:00+01:00,ST Other 02,0.0
2030,sc01,01-18 09:00:00+01:00,CT NG 12,0.0
2030,sc01,01-18 09:00:00+01:00,CT NG 48,0.0
2030,sc01,01-18 09:00:00+01:00,ST NG 10,0.0
2030,sc01,01-18 09:00:00+01:00,Solar 22,1.87834305444
2030,sc01,01-18 09:00:00+01:00,Solar 28,1.68089830306
2030,sc01,01-18 09:00:00+01:00,CT NG 73,0.0
2030,sc01,01-18 09:00:00+01:00,Biomass 52,0.0
2030,sc01,01-18 09:00:00+01:00,CT NG 30,0.0
2030,sc01,01-18 09:00:00+01:00,Solar 54,0.0
2030,sc01,01-18 09:00:00+01:00,Solar 31,0.0
2030,sc01,01-18 09:00:00+01:00,Biomass 03,0.0
2030,sc01,01-18 09:00:00+01:00,CT NG 32,0.0
2030,sc01,01-18 09:00:00+01:00,Biomass 27,0.0
2030,sc01,01-18 09:00:00+01:00,CC NG 14,0.0
2030,sc01,01-18 09:00:00+01:00,CC NG 03,0.0
2030,sc01,01-18 09:00:00+01:00,CC NG 29,0.0
2030,sc01,01-18 09:00:00+01:00,CC NG 28,0.0
2030,sc01,01-18 09:00:00+01:00,CC NG 25,0.0
2030,sc01,01-18 09:00:00+01:00,CT NG 44,0.0
2030,sc01,01-18 09:00:00+01:00,CT NG 14,0.0
2030,sc01,01-18 09:00:00+01:00,CC NG 15,0.0
2030,sc01,01-18 09:00:00+01:00,CC NG 04,0.0
2030,sc01,01-18 09:00:00+01:00,Biomass 29,0.0
2030,sc01,01-18 09:00:00+01:00,Wind 14,0.4716708827
2030,sc01,01-18 09:00:00+01:00,Wind 08,0.0
2030,sc01,01-18 09:00:00+01:00,Biomass 61,0.0
2030,sc01,01-18 09:00:00+01:00,CT NG 35,0.0
2030,sc01,01-18 09:00:00+01:00,Solar 33,0.0
2030,sc01,01-18 09:00:00+01:00,CT NG 41,0.0
2030,sc01,01-18 09:00:00+01:00,CT NG 15,0.0
2030,sc01,01-18 09:00:00+01:00,Solar 42,0.0
2030,sc01,01-18 09:00:00+01:00,Solar 07,0.0
2030,sc01,01-18 09:00:00+01:00,Solar 43,0.0
2030,sc01,01-18 09:00:00+01:00,Biomass 05,0.0
2030,sc01,01-18 09:00:00+01:00,CT NG 29,0.0
2030,sc01,01-18 09:00:00+01:00,Solar 71,22.993209373600003
2030,sc01,01-18 09:00:00+01:00,CT NG 53,0.0
2030,sc01,01-18 09:00:00+01:00,CT NG 20,0.0
2030,sc01,01-18 09:00:00+01:00,Biomass 14,0.0
2030,sc01,01-18 09:00:00+01:00,Solar 26,0.264446765504
2030,sc01,01-18 09:00:00+01:00,Hydro 29,34.780560049829
2030,sc01,01-18 09:00:00+01:00,Hydro 31,0.0
2030,sc01,01-18 09:00:00+01:00,Biomass 24,0.0
2030,sc01,01-18 09:00:00+01:00,Biomass 54,0.0
2030,sc01,01-18 09:00:00+01:00,Solar 36,28.553123293200002
2030,sc01,01-18 09:00:00+01:00,Wind 03,0.30480871721600006
2030,sc01,01-18 09:00:00+01:00,Biomass 40,0.0
2030,sc01,01-18 09:00:00+01:00,Biomass 49,0.0
2030,sc01,01-18 09:00:00+01:00,CC NG 16,0.0
2030,sc01,01-18 09:00:00+01:00,Biomass 48,0.0
2030,sc01,01-18 09:00:00+01:00,Hydro 28,41.9861772
2030,sc01,01-18 09:00:00+01:00,Biomass 17,0.0
2030,sc01,01-18 09:00:00+01:00,CT NG 33,0.0
2030,sc01,01-18 09:00:00+01:00,Solar 45,0.0
2030,sc01,01-18 09:00:00+01:00,Hydro 24,27.9377406
2030,sc01,01-18 09:00:00+01:00,Wind 13,5.934630053799999
2030,sc01,01-18 09:00:00+01:00,Biomass 07,0.0
2030,sc01,01-18 09:00:00+01:00,Biomass 34,0.0
2030,sc01,01-18 09:00:00+01:00,Biomass 33,0.0
2030,sc01,01-18 09:00:00+01:00,CT NG 01,0.0
2030,sc01,01-18 09:00:00+01:00,ICE NG 03,0.0
2030,sc01,01-18 09:00:00+01:00,Solar 55,0.0
2030,sc01,01-18 09:00:00+01:00,Solar 11,0.29211909084800003
2030,sc01,01-18 09:00:00+01:00,CT NG 06,0.0
2030,sc01,01-18 09:00:00+01:00,CT NG 70,0.0
2030,sc01,01-18 09:00:00+01:00,Solar 23,0.043254409568
2030,sc01,01-18 09:00:00+01:00,CT NG 67,0.0
2030,sc01,01-18 09:00:00+01:00,Solar 12,0.226131037792
2030,sc01,01-18 09:00:00+01:00,CT Oil 01,0.0
2030,sc01,01-18 09:00:00+01:00,Hydro 26,0.0
2030,sc01,01-18 09:00:00+01:00,CC NG 22,0.0
2030,sc01,01-18 09:00:00+01:00,CC NG 35,0.0
2030,sc01,01-18 09:00:00+01:00,Biomass 50,0.0
2030,sc01,01-18 09:00:00+01:00,ICE NG 04,0.0
2030,sc01,01-18 09:00:00+01:00,CC NG 39,0.0
2030,sc01,01-18 09:00:00+01:00,Hydro 32,0.0
2030,sc01,01-18 09:00:00+01:00,ICE NG 07,0.0
2030,sc01,01-18 09:00:00+01:00,Biomass 46,0.0
2030,sc01,01-18 09:00:00+01:00,CC NG 38,0.0
2030,sc01,01-18 09:00:00+01:00,CC NG 12,0.0
2030,sc01,01-18 09:00:00+01:00,Solar 57,0.0
2030,sc01,01-18 09:00:00+01:00,CC NG 32,0.0
2030,sc01,01-18 09:00:00+01:00,CC NG 07,0.0
2030,sc01,01-18 09:00:00+01:00,Biomass 44,0.0
2030,sc01,01-18 09:00:00+01:00,CT NG 40,0.0
2030,sc01,01-18 09:00:00+01:00,Solar 74,6.846070025
2030,sc01,01-18 09:00:00+01:00,Hydro 30,0.0
2030,sc01,01-18 09:00:00+01:00,CT NG 42,0.0
2030,sc01,01-18 09:00:00+01:00,Hydro 22,0.6024090599999999
2030,sc01,01-18 09:00:00+01:00,Solar 17,0.44353333772000003
2030,sc01,01-18 09:00:00+01:00,Solar 38,0.0
2030,sc01,01-18 09:00:00+01:00,CT NG 24,0.0
2030,sc01,01-18 09:00:00+01:00,CC NG 27,0.0
2030,sc01,01-18 09:00:00+01:00,Biomass 21,0.0
2030,sc01,01-18 09:00:00+01:00,ICE NG 06,0.0
2030,sc01,01-18 09:00:00+01:00,Biomass 25,0.0
2030,sc01,01-18 09:00:00+01:00,Solar 27,0.160529514048
2030,sc01,01-18 09:00:00+01:00,CT NG 19,0.0
2030,sc01,01-18 09:00:00+01:00,Biomass 42,0.0
2030,sc01,01-18 09:00:00+01:00,Biomass 19,0.0
2030,sc01,01-18 09:00:00+01:00,Biomass 06,0.0
2030,sc01,01-18 09:00:00+01:00,CT NG 10,0.0
2030,sc01,01-18 09:00:00+01:00,CC NG 40,0.0
2030,sc01,01-18 09:00:00+01:00,CC NG 21,0.0
2030,sc01,01-18 09:00:00+01:00,Biomass 02,0.0
2030,sc01,01-18 09:00:00+01:00,CT NG 46,0.0
2030,sc01,01-18 09:00:00+01:00,Hydro 34,0.0
2030,sc01,01-18 09:00:00+01:00,Biomass 10,0.0
2030,sc01,01-18 09:00:00+01:00,CT NG 17,0.0
2030,sc01,01-18 09:00:00+01:00,Biomass 62,0.0
2030,sc01,01-18 09:00:00+01:00,Biomass 32,0.0
2030,sc01,01-18 09:00:00+01:00,CC NG 19,0.0
2030,sc01,01-18 09:00:00+01:00,CC NG 17,0.0
2030,sc01,01-18 09:00:00+01:00,ST NG 01,0.0
2030,sc01,01-18 09:00:00+01:00,Biomass 45,0.0
2030,sc01,01-18 09:00:00+01:00,Biomass 28,0.0
2030,sc01,01-18 09:00:00+01:00,CC NG 10,0.0
2030,sc01,01-18 09:00:00+01:00,Biomass 23,0.0
2030,sc01,01-18 09:00:00+01:00,ST NG 06,0.0
2030,sc01,01-18 09:00:00+01:00,Wind 10,0.0
2030,sc01,01-18 09:00:00+01:00,CT NG 69,0.0
2030,sc01,01-18 09:00:00+01:00,CT NG 68,0.0
2030,sc01,01-18 20:00:00+01:00,CC NG 13,0.0
2030,sc01,01-18 20:00:00+01:00,CT NG 37,0.0
2030,sc01,01-18 20:00:00+01:00,ST Coal 01,0.0
2030,sc01,01-18 20:00:00+01:00,CT NG 09,0.0
2030,sc01,01-18 20:00:00+01:00,CT NG 47,0.0
2030,sc01,01-18 20:00:00+01:00,Solar 69,0.0
2030,sc01,01-18 20:00:00+01:00,Solar 34,0.0
2030,sc01,01-18 20:00:00+01:00,Solar 73,0.0
2030,sc01,01-18 20:00:00+01:00,Biomass 37,0.038880000000000005
2030,sc01,01-18 20:00:00+01:00,Hydro 20,0.0
2030,sc01,01-18 20:00:00+01:00,Solar 01,0.0
2030,sc01,01-18 20:00:00+01:00,Solar 62,0.0
2030,sc01,01-18 20:00:00+01:00,Solar 02,0.0
2030,sc01,01-18 20:00:00+01:00,CT NG 26,0.0
2030,sc01,01-18 20:00:00+01:00,Biomass 20,0.017759999999999998
2030,sc01,01-18 20:00:00+01:00,Wind 16,1.8906086808000002
2030,sc01,01-18 20:00:00+01:00,CT NG 66,0.0
2030,sc01,01-18 20:00:00+01:00,Solar 39,0.0
2030,sc01,01-18 20:00:00+01:00,Biomass 41,0.04368
2030,sc01,01-18 20:00:00+01:00,Solar 72,0.0
2030,sc01,01-18 20:00:00+01:00,ST NG 03,0.0
2030,sc01,01-18 20:00:00+01:00,Hydro 21,0.76300272
2030,sc01,01-18 20:00:00+01:00,CT NG 03,0.0
2030,sc01,01-18 20:00:00+01:00,CC NG 09,0.0
2030,sc01,01-18 20:00:00+01:00,CT Oil 02,0.0
2030,sc01,01-18 20:00:00+01:00,CT NG 39,0.0
2030,sc01,01-18 20:00:00+01:00,CC NG 08,0.0
2030,sc01,01-18 20:00:00+01:00,Biomass 43,0.1368
2030,sc01,01-18 20:00:00+01:00,CT NG 18,0.0
2030,sc01,01-18 20:00:00+01:00,ST NG 07,0.0
2030,sc01,01-18 20:00:00+01:00,Biomass 35,0.06912
2030,sc01,01-18 20:00:00+01:00,Solar 32,0.0
2030,sc01,01-18 20:00:00+01:00,Biomass 15,0.0
2030,sc01,01-18 20:00:00+01:00,CC NG 31,0.0
2030,sc01,01-18 20:00:00+01:00,Solar 16,0.0
2030,sc01,01-18 20:00:00+01:00,Solar 68,0.0
2030,sc01,01-18 20:00:00+01:00,CT NG 21,0.0
2030,sc01,01-18 20:00:00+01:00,Wind 11,1.5765164188800003
2030,sc01,01-18 20:00:00+01:00,CC NG 37,0.0
2030,sc01,01-18 20:00:00+01:00,CT NG 22,0.0
2030,sc01,01-18 20:00:00+01:00,Hydro 16,0.0
2030,sc01,01-18 20:00:00+01:00,Biomass 59,0.19872
2030,sc01,01-18 20:00:00+01:00,CC NG 01,0.0
2030,sc01,01-18 20:00:00+01:00,Biomass 16,0.0
2030,sc01,01-18 20:00:00+01:00,Solar 03,0.0
2030,sc01,01-18 20:00:00+01:00,Solar 44,0.0
2030,sc01,01-18 20:00:00+01:00,CT NG 08,0.0
2030,sc01,01-18 20:00:00+01:00,Wind 05,0.075647859072
2030,sc01,01-18 20:00:00+01:00,Biomass 26,0.08112
2030,sc01,01-18 20:00:00+01:00,Solar 37,0.0
2030,sc01,01-18 20:00:00+01:00,Biomass 11,0.01824
2030,sc01,01-18 20:00:00+01:00,Solar 59,0.0
2030,sc01,01-18 20:00:00+01:00,CT NG 11,0.0
2030,sc01,01-18 20:00:00+01:00,Biomass 30,0.08112
2030,sc01,01-18 20:00:00+01:00,Hydro 23,35.2897776
2030,sc01,01-18 20:00:00+01:00,CC NG 24,0.0
2030,sc01,01-18 20:00:00+01:00,Solar 65,0.0
2030,sc01,01-18 20:00:00+01:00,CC NG 18,0.0
2030,sc01,01-18 20:00:00+01:00,CT NG 16,0.0
2030,sc01,01-18 20:00:00+01:00,Solar 51,0.0
2030,sc01,01-18 20:00:00+01:00,Wind 06,2.4879455966400004
2030,sc01,01-18 20:00:00+01:00,CC NG 26,0.0
2030,sc01,01-18 20:00:00+01:00,CC NG 23,0.0
2030,sc01,01-18 20:00:00+01:00,CT NG 43,0.0
2030,sc01,01-18 20:00:00+01:00,CC NG 11,0.0
2030,sc01,01-18 20:00:00+01:00,CT NG 02,0.0
2030,sc01,01-18 20:00:00+01:00,CT NG 50,0.0
2030,sc01,01-18 20:00:00+01:00,Hydro 27,0.42943680000000006
2030,sc01,01-18 20:00:00+01:00,CT NG 13,0.0
2030,sc01,01-18 20:00:00+01:00,CT NG 25,0.0
2030,sc01,01-18 20:00:00+01:00,CC NG 05,0.0
2030,sc01,01-18 20:00:00+01:00,Solar 04,0.0
2030,sc01,01-18 20:00:00+01:00,Solar 30,0.0
2030,sc01,01-18 20:00:00+01:00,Solar 29,0.0
2030,sc01,01-18 20:00:00+01:00,Solar 53,0.0
2030,sc01,01-18 20:00:00+01:00,Solar 21,0.0
2030,sc01,01-18 20:00:00+01:00,Biomass 58,0.09743999999999998
2030,sc01,01-18 20:00:00+01:00,CT NG 74,0.0
2030,sc01,01-18 20:00:00+01:00,Solar 61,0.0
2030,sc01,01-18 20:00:00+01:00,Wind 07,1.61584458816
2030,sc01,01-18 20:00:00+01:00,Biomass 31,0.08112
2030,sc01,01-18 20:00:00+01:00,CT Oil 05,0.0
2030,sc01,01-18 20:00:00+01:00,Biomass 38,0.038880000000000005
2030,sc01,01-18 20:00:00+01:00,Solar 41,0.0
2030,sc01,01-18 20:00:00+01:00,Biomass 51,0.008639999999999998
2030,sc01,01-18 20:00:00+01:00,Biomass 55,0.11952000000000002
2030,sc01,01-18 20:00:00+01:00,Wind 15,1.78277998752
2030,sc01,01-18 20:00:00+01:00,Geo 01,0.768
2030,sc01,01-18 20:00:00+01:00,Biomass 60,0.1296
2030,sc01,01-18 20:00:00+01:00,CT NG 38,0.0
2030,sc01,01-18 20:00:00+01:00,Solar 66,0.0
2030,sc01,01-18 20:00:00+01:00,Solar 49,0.0
2030,sc01,01-18 20:00:00+01:00,CT NG 51,0.0
2030,sc01,01-18 20:00:00+01:00,Biomass 18,0.0
2030,sc01,01-18 20:00:00+01:00,ICE NG 01,0.0
2030,sc01,01-18 20:00:00+01:00,Solar 15,0.0
2030,sc01,01-18 20:00:00+01:00,ICE NG 05,0.0
2030,sc01,01-18 20:00:00+01:00,CT Oil 04,0.0
2030,sc01,01-18 20:00:00+01:00,CC NG 20,0.0
2030,sc01,01-18 20:00:00+01:00,Solar 20,0.0
2030,sc01,01-18 20:00:00+01:00,Biomass 04,0.012
2030,sc01,01-18 20:00:00+01:00,Wind 02,4.911395088
2030,sc01,01-18 20:00:00+01:00,Hydro 25,0.42943680000000006
2030,sc01,01-18 20:00:00+01:00,Solar 75,0.0
2030,sc01,01-18 20:00:00+01:00,Hydro 33,0.183936
2030,sc01,01-18 20:00:00+01:00,ST NG 05,0.0
2030,sc01,01-18 20:00:00+01:00,CT NG 07,0.0
2030,sc01,01-18 20:00:00+01:00,Wind 01,1.06938074112
2030,sc01,01-18 20:00:00+01:00,Solar 56,0.0
2030,sc01,01-18 20:00:00+01:00,Biomass 09,0.03744
2030,sc01,01-18 20:00:00+01:00,Biomass 53,0.11952000000000002
2030,sc01,01-18 20:00:00+01:00,Wind 17,0.177716105856
2030,sc01,01-18 20:00:00+01:00,ST NG 08,0.0
2030,sc01,01-18 20:00:00+01:00,Hydro 19,0.41606399999999993
2030,sc01,01-18 20:00:00+01:00,ST NG 02,0.0
2030,sc01,01-18 20:00:00+01:00,Biomass 01,0.05040000000000001
2030,sc01,01-18 20:00:00+01:00,Biomass 57,0.09743999999999998
2030,sc01,01-18 20:00:00+01:00,CT NG 49,0.0
2030,sc01,01-18 20:00:00+01:00,CT NG 31,0.0
2030,sc01,01-18 20:00:00+01:00,Solar 64,0.0
2030,sc01,01-18 20:00:00+01:00,CC NG 33,0.0
2030,sc01,01-18 20:00:00+01:00,Solar 46,0.0
2030,sc01,01-18 20:00:00+01:00,Biomass 12,0.01824
2030,sc01,01-18 20:00:00+01:00,Wind 04,0.017162266368
2030,sc01,01-18 20:00:00+01:00,Solar 13,0.0
2030,sc01,01-18 20:00:00+01:00,CT NG 55,0.0
2030,sc01,01-18 20:00:00+01:00,Wind N03,6.835234838400001
2030,sc01,01-18 20:00:00+01:00,CT NG 28,0.0
2030,sc01,01-18 20:00:00+01:00,Wind 09,0.9346289198400001
2030,sc01,01-18 20:00:00+01:00,Solar 60,0.0
2030,sc01,01-18 20:00:00+01:00,Solar 25,0.0
2030,sc01,01-18 20:00:00+01:00,CT NG 23,0.0
2030,sc01,01-18 20:00:00+01:00,ST Other 01,0.0
2030,sc01,01-18 20:00:00+01:00,Solar 70,0.0
2030,sc01,01-18 20:00:00+01:00,CC NG 34,23.498730447733188
2030,sc01,01-18 20:00:00+01:00,Solar 48,0.0
2030,sc01,01-18 20:00:00+01:00,Biomass 56,0.12239999999999998
2030,sc01,01-18 20:00:00+01:00,CT NG 36,0.0
2030,sc01,01-18 20:00:00+01:00,Solar 47,0.0
2030,sc01,01-18 20:00:00+01:00,Hydro 17,0.014865120000000002
2030,sc01,01-18 20:00:00+01:00,Solar 09,0.0
2030,sc01,01-18 20:00:00+01:00,Solar 08,0.0
2030,sc01,01-18 20:00:00+01:00,CT NG 45,0.0
2030,sc01,01-18 20:00:00+01:00,ST NG 04,2.914656
2030,sc01,01-18 20:00:00+01:00,Solar 40,0.0
2030,sc01,01-18 20:00:00+01:00,Biomass 47,0.11280000000000001
2030,sc01,01-18 20:00:00+01:00,Solar 50,0.0
2030,sc01,01-18 20:00:00+01:00,Solar 52,0.0
2030,sc01,01-18 20:00:00+01:00,Solar 63,0.0
2030,sc01,01-18 20:00:00+01:00,CC NG 06,0.0
2030,sc01,01-18 20:00:00+01:00,Biomass 39,0.038880000000000005
2030,sc01,01-18 20:00:00+01:00,Solar 67,0.0
2030,sc01,01-18 20:00:00+01:00,Solar 19,0.0
2030,sc01,01-18 20:00:00+01:00,Wind 12,14.9765397456
2030,sc01,01-18 20:00:00+01:00,Solar 24,0.0
2030,sc01,01-18 20:00:00+01:00,ICE NG 02,0.0
2030,sc01,01-18 20:00:00+01:00,Solar 05,0.0
2030,sc01,01-18 20:00:00+01:00,CT NG 54,0.0
2030,sc01,01-18 20:00:00+01:00,Wind N01,142.08512068800002
2030,sc01,01-18 20:00:00+01:00,CT NG 27,0.0
2030,sc01,01-18 20:00:00+01:00,CC NG 36,0.0
2030,sc01,01-18 20:00:00+01:00,Wind N02,78.51334334408745
2030,sc01,01-18 20:00:00+01:00,CT NG 52,0.0
2030,sc01,01-18 20:00:00+01:00,Solar 35,0.0
2030,sc01,01-18 20:00:00+01:00,CT NG 05,0.0
2030,sc01,01-18 20:00:00+01:00,Biomass 36,0.06912
2030,sc01,01-18 20:00:00+01:00,CT NG 34,0.0
2030,sc01,01-18 20:00:00+01:00,CT Oil 03,0.0
2030,sc01,01-18 20:00:00+01:00,Hydro 35,0.0
2030,sc01,01-18 20:00:00+01:00,Solar 14,0.0
2030,sc01,01-18 20:00:00+01:00,CT NG 75,0.0
2030,sc01,01-18 20:00:00+01:00,ST NG 09,0.0
2030,sc01,01-18 20:00:00+01:00,CT NG 56,0.0
2030,sc01,01-18 20:00:00+01:00,Biomass 22,0.017759999999999998
2030,sc01,01-18 20:00:00+01:00,Solar 18,0.0
2030,sc01,01-18 20:00:00+01:00,Biomass 13,0.01824
2030,sc01,01-18 20:00:00+01:00,CT NG 71,0.0
2030,sc01,01-18 20:00:00+01:00,Solar 58,0.0
2030,sc01,01-18 20:00:00+01:00,Solar 06,0.0
2030,sc01,01-18 20:00:00+01:00,Biomass 08,0.03744
2030,sc01,01-18 20:00:00+01:00,CT NG 72,0.0
2030,sc01,01-18 20:00:00+01:00,Hydro 18,0.05120208
2030,sc01,01-18 20:00:00+01:00,Solar 10,0.0
2030,sc01,01-18 20:00:00+01:00,CT NG 04,0.0
2030,sc01,01-18 20:00:00+01:00,ST Other 02,0.0
2030,sc01,01-18 20:00:00+01:00,CT NG 12,0.0
2030,sc01,01-18 20:00:00+01:00,CT NG 48,0.0
2030,sc01,01-18 20:00:00+01:00,ST NG 10,0.0
2030,sc01,01-18 20:00:00+01:00,Solar 22,0.0
2030,sc01,01-18 20:00:00+01:00,Solar 28,0.0
2030,sc01,01-18 20:00:00+01:00,CT NG 73,0.0
2030,sc01,01-18 20:00:00+01:00,Biomass 52,0.08256
2030,sc01,01-18 20:00:00+01:00,CT NG 30,0.0
2030,sc01,01-18 20:00:00+01:00,Solar 54,0.0
2030,sc01,01-18 20:00:00+01:00,Solar 31,0.0
2030,sc01,01-18 20:00:00+01:00,Biomass 03,0.012
2030,sc01,01-18 20:00:00+01:00,CT NG 32,0.0
2030,sc01,01-18 20:00:00+01:00,Biomass 27,0.08112
2030,sc01,01-18 20:00:00+01:00,CC NG 14,0.0
2030,sc01,01-18 20:00:00+01:00,CC NG 03,0.0
2030,sc01,01-18 20:00:00+01:00,CC NG 29,0.0
2030,sc01,01-18 20:00:00+01:00,CC NG 28,0.0
2030,sc01,01-18 20:00:00+01:00,CC NG 25,0.0
2030,sc01,01-18 20:00:00+01:00,CT NG 44,0.0
2030,sc01,01-18 20:00:00+01:00,CT NG 14,0.0
2030,sc01,01-18 20:00:00+01:00,CC NG 15,0.0
2030,sc01,01-18 20:00:00+01:00,CC NG 04,0.0
2030,sc01,01-18 20:00:00+01:00,Biomass 29,0.08112
2030,sc01,01-18 20:00:00+01:00,Wind 14,20.8266106176
2030,sc01,01-18 20:00:00+01:00,Wind 08,1.0634568835200002
2030,sc01,01-18 20:00:00+01:00,Biomass 61,0.02256
2030,sc01,01-18 20:00:00+01:00,CT NG 35,0.0
2030,sc01,01-18 20:00:00+01:00,Solar 33,0.0
2030,sc01,01-18 20:00:00+01:00,CT NG 41,0.0
2030,sc01,01-18 20:00:00+01:00,CT NG 15,0.0
2030,sc01,01-18 20:00:00+01:00,Solar 42,0.0
2030,sc01,01-18 20:00:00+01:00,Solar 07,0.0
2030,sc01,01-18 20:00:00+01:00,Solar 43,0.0
2030,sc01,01-18 20:00:00+01:00,Biomass 05,0.0216
2030,sc01,01-18 20:00:00+01:00,CT NG 29,0.0
2030,sc01,01-18 20:00:00+01:00,Solar 71,0.0
2030,sc01,01-18 20:00:00+01:00,CT NG 53,0.0
2030,sc01,01-18 20:00:00+01:00,CT NG 20,0.0
2030,sc01,01-18 20:00:00+01:00,Biomass 14,0.04032
2030,sc01,01-18 20:00:00+01:00,Solar 26,0.0
2030,sc01,01-18 20:00:00+01:00,Hydro 29,53.03517120000001
2030,sc01,01-18 20:00:00+01:00,Hydro 31,0.0
2030,sc01,01-18 20:00:00+01:00,Biomass 24,0.0216
2030,sc01,01-18 20:00:00+01:00,Biomass 54,0.11952000000000002
2030,sc01,01-18 20:00:00+01:00,Solar 36,0.0
2030,sc01,01-18 20:00:00+01:00,Wind 03,0.038058362112000005
2030,sc01,01-18 20:00:00+01:00,Biomass 40,0.038880000000000005
2030,sc01,01-18 20:00:00+01:00,Biomass 49,0.019200000000000002
2030,sc01,01-18 20:00:00+01:00,CC NG 16,0.0
2030,sc01,01-18 20:00:00+01:00,Biomass 48,0.11280000000000001
2030,sc01,01-18 20:00:00+01:00,Hydro 28,53.03517120000001
2030,sc01,01-18 20:00:00+01:00,Biomass 17,0.0
2030,sc01,01-18 20:00:00+01:00,CT NG 33,0.0
2030,sc01,01-18 20:00:00+01:00,Solar 45,0.0
2030,sc01,01-18 20:00:00+01:00,Hydro 24,35.2897776
2030,sc01,01-18 20:00:00+01:00,Wind 13,7.9007401632
2030,sc01,01-18 20:00:00+01:00,Biomass 07,0.096
2030,sc01,01-18 20:00:00+01:00,Biomass 34,0.06912
2030,sc01,01-18 20:00:00+01:00,Biomass 33,0.06912
2030,sc01,01-18 20:00:00+01:00,CT NG 01,0.0
2030,sc01,01-18 20:00:00+01:00,ICE NG 03,0.0
2030,sc01,01-18 20:00:00+01:00,Solar 55,0.0
2030,sc01,01-18 20:00:00+01:00,Solar 11,0.0
2030,sc01,01-18 20:00:00+01:00,CT NG 06,0.0
2030,sc01,01-18 20:00:00+01:00,CT NG 70,0.0
2030,sc01,01-18 20:00:00+01:00,Solar 23,0.0
2030,sc01,01-18 20:00:00+01:00,CT NG 67,0.0
2030,sc01,01-18 20:00:00+01:00,Solar 12,0.0
2030,sc01,01-18 20:00:00+01:00,CT Oil 01,0.0
2030,sc01,01-18 20:00:00+01:00,Hydro 26,0.42943680000000006
2030,sc01,01-18 20:00:00+01:00,CC NG 22,7.962862959892976
2030,sc01,01-18 20:00:00+01:00,CC NG 35,5.25407316972598
2030,sc01,01-18 20:00:00+01:00,Biomass 50,0.008639999999999998
2030,sc01,01-18 20:00:00+01:00,ICE NG 04,0.0
2030,sc01,01-18 20:00:00+01:00,CC NG 39,0.0
2030,sc01,01-18 20:00:00+01:00,Hydro 32,0.0
2030,sc01,01-18 20:00:00+01:00,ICE NG 07,0.0
2030,sc01,01-18 20:00:00+01:00,Biomass 46,0.02928
2030,sc01,01-18 20:00:00+01:00,CC NG 38,0.0
2030,sc01,01-18 20:00:00+01:00,CC NG 12,0.0
2030,sc01,01-18 20:00:00+01:00,Solar 57,0.0
2030,sc01,01-18 20:00:00+01:00,CC NG 32,0.0
2030,sc01,01-18 20:00:00+01:00,CC NG 07,0.0
2030,sc01,01-18 20:00:00+01:00,Biomass 44,0.05568
2030,sc01,01-18 20:00:00+01:00,CT NG 40,0.0
2030,sc01,01-18 20:00:00+01:00,Solar 74,0.0
2030,sc01,01-18 20:00:00+01:00,Hydro 30,0.0
2030,sc01,01-18 20:00:00+01:00,CT NG 42,0.0
2030,sc01,01-18 20:00:00+01:00,Hydro 22,0.76300272
2030,sc01,01-18 20:00:00+01:00,Solar 17,0.0
2030,sc01,01-18 20:00:00+01:00,Solar 38,0.0
2030,sc01,01-18 20:00:00+01:00,CT NG 24,0.0
2030,sc01,01-18 20:00:00+01:00,CC NG 27,0.0
2030,sc01,01-18 20:00:00+01:00,Biomass 21,0.017759999999999998
2030,sc01,01-18 20:00:00+01:00,ICE NG 06,0.0
2030,sc01,01-18 20:00:00+01:00,Biomass 25,0.0216
2030,sc01,01-18 20:00:00+01:00,Solar 27,0.0
2030,sc01,01-18 20:00:00+01:00,CT NG 19,0.18139679999999997
2030,sc01,01-18 20:00:00+01:00,Biomass 42,0.04368
2030,sc01,01-18 20:00:00+01:00,Biomass 19,0.017759999999999998
2030,sc01,01-18 20:00:00+01:00,Biomass 06,0.0216
2030,sc01,01-18 20:00:00+01:00,CT NG 10,0.0
2030,sc01,01-18 20:00:00+01:00,CC NG 40,0.0
2030,sc01,01-18 20:00:00+01:00,CC NG 21,0.0
2030,sc01,01-18 20:00:00+01:00,Biomass 02,0.05040000000000001
2030,sc01,01-18 20:00:00+01:00,CT NG 46,0.0
2030,sc01,01-18 20:00:00+01:00,Hydro 34,0.183936
2030,sc01,01-18 20:00:00+01:00,Biomass 10,0.03744
2030,sc01,01-18 20:00:00+01:00,CT NG 17,0.0
2030,sc01,01-18 20:00:00+01:00,Biomass 62,0.08976
2030,sc01,01-18 20:00:00+01:00,Biomass 32,0.0576
2030,sc01,01-18 20:00:00+01:00,CC NG 19,5.310005297552136
2030,sc01,01-18 20:00:00+01:00,CC NG 17,0.0
2030,sc01,01-18 20:00:00+01:00,ST NG 01,0.0
2030,sc01,01-18 20:00:00+01:00,Biomass 45,0.05568
2030,sc01,01-18 20:00:00+01:00,Biomass 28,0.08112
2030,sc01,01-18 20:00:00+01:00,CC NG 10,0.0
2030,sc01,01-18 20:00:00+01:00,Biomass 23,0.0216
2030,sc01,01-18 20:00:00+01:00,ST NG 06,0.0
2030,sc01,01-18 20:00:00+01:00,Wind 10,1.0052719243200001
2030,sc01,01-18 20:00:00+01:00,CT NG 69,0.0
2030,sc01,01-18 20:00:00+01:00,CT NG 68,0.0
2030,sc01,01-19 08:00:00+01:00,CC NG 13,0.0
2030,sc01,01-19 08:00:00+01:00,CT NG 37,0.0
2030,sc01,01-19 08:00:00+01:00,ST Coal 01,0.0
2030,sc01,01-19 08:00:00+01:00,CT NG 09,0.0
2030,sc01,01-19 08:00:00+01:00,CT NG 47,0.0
2030,sc01,01-19 08:00:00+01:00,Solar 69,0.0
2030,sc01,01-19 08:00:00+01:00,Solar 34,14.3509205169
2030,sc01,01-19 08:00:00+01:00,Solar 73,0.0
2030,sc01,01-19 08:00:00+01:00,Biomass 37,0.0
2030,sc01,01-19 08:00:00+01:00,Hydro 20,0.0
2030,sc01,01-19 08:00:00+01:00,Solar 01,0.0
2030,sc01,01-19 08:00:00+01:00,Solar 62,0.0
2030,sc01,01-19 08:00:00+01:00,Solar 02,0.0
2030,sc01,01-19 08:00:00+01:00,CT NG 26,0.0
2030,sc01,01-19 08:00:00+01:00,Biomass 20,0.0
2030,sc01,01-19 08:00:00+01:00,Wind 16,3.305477604
2030,sc01,01-19 08:00:00+01:00,CT NG 66,0.0
2030,sc01,01-19 08:00:00+01:00,Solar 39,0.0
2030,sc01,01-19 08:00:00+01:00,Biomass 41,0.0
2030,sc01,01-19 08:00:00+01:00,Solar 72,0.0
2030,sc01,01-19 08:00:00+01:00,ST NG 03,0.0
2030,sc01,01-19 08:00:00+01:00,Hydro 21,0.49214880000000005
2030,sc01,01-19 08:00:00+01:00,CT NG 03,0.0
2030,sc01,01-19 08:00:00+01:00,CC NG 09,0.0
2030,sc01,01-19 08:00:00+01:00,CT Oil 02,0.0
2030,sc01,01-19 08:00:00+01:00,CT NG 39,0.0
2030,sc01,01-19 08:00:00+01:00,CC NG 08,0.0
2030,sc01,01-19 08:00:00+01:00,Biomass 43,0.0
2030,sc01,01-19 08:00:00+01:00,CT NG 18,0.0
2030,sc01,01-19 08:00:00+01:00,ST NG 07,0.0
2030,sc01,01-19 08:00:00+01:00,Biomass 35,0.0
2030,sc01,01-19 08:00:00+01:00,Solar 32,0.0
2030,sc01,01-19 08:00:00+01:00,Biomass 15,0.0
2030,sc01,01-19 08:00:00+01:00,CC NG 31,0.0
2030,sc01,01-19 08:00:00+01:00,Solar 16,0.8286647876100001
2030,sc01,01-19 08:00:00+01:00,Solar 68,9.861717498770581
2030,sc01,01-19 08:00:00+01:00,CT NG 21,0.0
2030,sc01,01-19 08:00:00+01:00,Wind 11,0.0
2030,sc01,01-19 08:00:00+01:00,CC NG 37,0.0
2030,sc01,01-19 08:00:00+01:00,CT NG 22,0.0
2030,sc01,01-19 08:00:00+01:00,Hydro 16,0.0
2030,sc01,01-19 08:00:00+01:00,Biomass 59,0.0
2030,sc01,01-19 08:00:00+01:00,CC NG 01,0.0
2030,sc01,01-19 08:00:00+01:00,Biomass 16,0.0
2030,sc01,01-19 08:00:00+01:00,Solar 03,2.9377531055399997
2030,sc01,01-19 08:00:00+01:00,Solar 44,0.0
2030,sc01,01-19 08:00:00+01:00,CT NG 08,0.0
2030,sc01,01-19 08:00:00+01:00,Wind 05,0.12962839956
2030,sc01,01-19 08:00:00+01:00,Biomass 26,0.0
2030,sc01,01-19 08:00:00+01:00,Solar 37,0.0
2030,sc01,01-19 08:00:00+01:00,Biomass 11,0.0
2030,sc01,01-19 08:00:00+01:00,Solar 59,0.0
2030,sc01,01-19 08:00:00+01:00,CT NG 11,0.0
2030,sc01,01-19 08:00:00+01:00,Biomass 30,0.0
2030,sc01,01-19 08:00:00+01:00,Hydro 23,0.0
2030,sc01,01-19 08:00:00+01:00,CC NG 24,0.0
2030,sc01,01-19 08:00:00+01:00,Solar 65,12.3714333402
2030,sc01,01-19 08:00:00+01:00,CC NG 18,0.0
2030,sc01,01-19 08:00:00+01:00,CT NG 16,0.0
2030,sc01,01-19 08:00:00+01:00,Solar 51,0.0
2030,sc01,01-19 08:00:00+01:00,Wind 06,0.0
2030,sc01,01-19 08:00:00+01:00,CC NG 26,0.0
2030,sc01,01-19 08:00:00+01:00,CC NG 23,0.0
2030,sc01,01-19 08:00:00+01:00,CT NG 43,0.0
2030,sc01,01-19 08:00:00+01:00,CC NG 11,0.0
2030,sc01,01-19 08:00:00+01:00,CT NG 02,0.0
2030,sc01,01-19 08:00:00+01:00,CT NG 50,0.0
2030,sc01,01-19 08:00:00+01:00,Hydro 27,0.0
2030,sc01,01-19 08:00:00+01:00,CT NG 13,0.0
2030,sc01,01-19 08:00:00+01:00,CT NG 25,0.0
2030,sc01,01-19 08:00:00+01:00,CC NG 05,0.0
2030,sc01,01-19 08:00:00+01:00,Solar 04,0.0
2030,sc01,01-19 08:00:00+01:00,Solar 30,0.79909097664
2030,sc01,01-19 08:00:00+01:00,Solar 29,0.9789964549200001
2030,sc01,01-19 08:00:00+01:00,Solar 53,0.0
2030,sc01,01-19 08:00:00+01:00,Solar 21,1.01899320105
2030,sc01,01-19 08:00:00+01:00,Biomass 58,0.0
2030,sc01,01-19 08:00:00+01:00,CT NG 74,0.0
2030,sc01,01-19 08:00:00+01:00,Solar 61,0.0
2030,sc01,01-19 08:00:00+01:00,Wind 07,0.0
2030,sc01,01-19 08:00:00+01:00,Biomass 31,0.0
2030,sc01,01-19 08:00:00+01:00,CT Oil 05,0.0
2030,sc01,01-19 08:00:00+01:00,Biomass 38,0.0
2030,sc01,01-19 08:00:00+01:00,Solar 41,0.0
2030,sc01,01-19 08:00:00+01:00,Biomass 51,0.0
2030,sc01,01-19 08:00:00+01:00,Biomass 55,0.0
2030,sc01,01-19 08:00:00+01:00,Wind 15,4.464693716999999
2030,sc01,01-19 08:00:00+01:00,Geo 01,0.0
2030,sc01,01-19 08:00:00+01:00,Biomass 60,0.0
2030,sc01,01-19 08:00:00+01:00,CT NG 38,0.0
2030,sc01,01-19 08:00:00+01:00,Solar 66,14.882327144006632
2030,sc01,01-19 08:00:00+01:00,Solar 49,0.0
2030,sc01,01-19 08:00:00+01:00,CT NG 51,0.0
2030,sc01,01-19 08:00:00+01:00,Biomass 18,0.0
2030,sc01,01-19 08:00:00+01:00,ICE NG 01,0.0
2030,sc01,01-19 08:00:00+01:00,Solar 15,0.5827529766299999
2030,sc01,01-19 08:00:00+01:00,ICE NG 05,0.0
2030,sc01,01-19 08:00:00+01:00,CT Oil 04,0.0
2030,sc01,01-19 08:00:00+01:00,CC NG 20,0.0
2030,sc01,01-19 08:00:00+01:00,Solar 20,0.9167105541
2030,sc01,01-19 08:00:00+01:00,Biomass 04,0.0
2030,sc01,01-19 08:00:00+01:00,Wind 02,3.1718296922399998
2030,sc01,01-19 08:00:00+01:00,Hydro 25,0.27503190000000005
2030,sc01,01-19 08:00:00+01:00,Solar 75,2.2986948632999997
2030,sc01,01-19 08:00:00+01:00,Hydro 33,0.0
2030,sc01,01-19 08:00:00+01:00,ST NG 05,0.0
2030,sc01,01-19 08:00:00+01:00,CT NG 07,0.0
2030,sc01,01-19 08:00:00+01:00,Wind 01,0.48554680878
2030,sc01,01-19 08:00:00+01:00,Solar 56,0.0
2030,sc01,01-19 08:00:00+01:00,Biomass 09,0.0
2030,sc01,01-19 08:00:00+01:00,Biomass 53,0.0
2030,sc01,01-19 08:00:00+01:00,Wind 17,13.4173337232
2030,sc01,01-19 08:00:00+01:00,ST NG 08,0.0
2030,sc01,01-19 08:00:00+01:00,Hydro 19,0.0
2030,sc01,01-19 08:00:00+01:00,ST NG 02,0.0
2030,sc01,01-19 08:00:00+01:00,Biomass 01,0.0
2030,sc01,01-19 08:00:00+01:00,Biomass 57,0.0
2030,sc01,01-19 08:00:00+01:00,CT NG 49,0.0
2030,sc01,01-19 08:00:00+01:00,CT NG 31,0.0
2030,sc01,01-19 08:00:00+01:00,Solar 64,5.5440000000000005
2030,sc01,01-19 08:00:00+01:00,CC NG 33,0.0
2030,sc01,01-19 08:00:00+01:00,Solar 46,0.0
2030,sc01,01-19 08:00:00+01:00,Biomass 12,0.0
2030,sc01,01-19 08:00:00+01:00,Wind 04,0.45431710698
2030,sc01,01-19 08:00:00+01:00,Solar 13,0.01462921416
2030,sc01,01-19 08:00:00+01:00,CT NG 55,0.0
2030,sc01,01-19 08:00:00+01:00,Wind N03,114.37774115979757
2030,sc01,01-19 08:00:00+01:00,CT NG 28,0.0
2030,sc01,01-19 08:00:00+01:00,Wind 09,0.0
2030,sc01,01-19 08:00:00+01:00,Solar 60,0.0
2030,sc01,01-19 08:00:00+01:00,Solar 25,0.10727859568800001
2030,sc01,01-19 08:00:00+01:00,CT NG 23,0.0
2030,sc01,01-19 08:00:00+01:00,ST Other 01,0.0
2030,sc01,01-19 08:00:00+01:00,Solar 70,0.0
2030,sc01,01-19 08:00:00+01:00,CC NG 34,0.0
2030,sc01,01-19 08:00:00+01:00,Solar 48,0.0
2030,sc01,01-19 08:00:00+01:00,Biomass 56,0.0
2030,sc01,01-19 08:00:00+01:00,CT NG 36,0.0
2030,sc01,01-19 08:00:00+01:00,Solar 47,0.0
2030,sc01,01-19 08:00:00+01:00,Hydro 17,0.0
2030,sc01,01-19 08:00:00+01:00,Solar 09,0.0
2030,sc01,01-19 08:00:00+01:00,Solar 08,0.0
2030,sc01,01-19 08:00:00+01:00,CT NG 45,0.0
2030,sc01,01-19 08:00:00+01:00,ST NG 04,0.0
2030,sc01,01-19 08:00:00+01:00,Solar 40,0.0
2030,sc01,01-19 08:00:00+01:00,Biomass 47,0.0
2030,sc01,01-19 08:00:00+01:00,Solar 50,0.0
2030,sc01,01-19 08:00:00+01:00,Solar 52,0.0
2030,sc01,01-19 08:00:00+01:00,Solar 63,13.8702523344
2030,sc01,01-19 08:00:00+01:00,CC NG 06,0.0
2030,sc01,01-19 08:00:00+01:00,Biomass 39,0.0
2030,sc01,01-19 08:00:00+01:00,Solar 67,9.2460615258
2030,sc01,01-19 08:00:00+01:00,Solar 19,0.0
2030,sc01,01-19 08:00:00+01:00,Wind 12,7.060754613
2030,sc01,01-19 08:00:00+01:00,Solar 24,0.08001393443999999
2030,sc01,01-19 08:00:00+01:00,ICE NG 02,0.0
2030,sc01,01-19 08:00:00+01:00,Solar 05,0.0
2030,sc01,01-19 08:00:00+01:00,CT NG 54,0.0
2030,sc01,01-19 08:00:00+01:00,Wind N01,14.410031382944402
2030,sc01,01-19 08:00:00+01:00,CT NG 27,0.0
2030,sc01,01-19 08:00:00+01:00,CC NG 36,0.0
2030,sc01,01-19 08:00:00+01:00,Wind N02,79.58346820198213
2030,sc01,01-19 08:00:00+01:00,CT NG 52,0.0
2030,sc01,01-19 08:00:00+01:00,Solar 35,0.0
2030,sc01,01-19 08:00:00+01:00,CT NG 05,0.0
2030,sc01,01-19 08:00:00+01:00,Biomass 36,0.0
2030,sc01,01-19 08:00:00+01:00,CT NG 34,0.0
2030,sc01,01-19 08:00:00+01:00,CT Oil 03,0.0
2030,sc01,01-19 08:00:00+01:00,Hydro 35,0.0
2030,sc01,01-19 08:00:00+01:00,Solar 14,0.64789008768
2030,sc01,01-19 08:00:00+01:00,CT NG 75,0.0
2030,sc01,01-19 08:00:00+01:00,ST NG 09,0.0
2030,sc01,01-19 08:00:00+01:00,CT NG 56,0.0
2030,sc01,01-19 08:00:00+01:00,Biomass 22,0.0
2030,sc01,01-19 08:00:00+01:00,Solar 18,0.6833705175
2030,sc01,01-19 08:00:00+01:00,Biomass 13,0.0
2030,sc01,01-19 08:00:00+01:00,CT NG 71,0.0
2030,sc01,01-19 08:00:00+01:00,Solar 58,0.0
2030,sc01,01-19 08:00:00+01:00,Solar 06,0.0
2030,sc01,01-19 08:00:00+01:00,Biomass 08,0.0
2030,sc01,01-19 08:00:00+01:00,CT NG 72,0.0
2030,sc01,01-19 08:00:00+01:00,Hydro 18,0.0
2030,sc01,01-19 08:00:00+01:00,Solar 10,0.8830095252000001
2030,sc01,01-19 08:00:00+01:00,CT NG 04,0.0
2030,sc01,01-19 08:00:00+01:00,ST Other 02,0.0
2030,sc01,01-19 08:00:00+01:00,CT NG 12,0.0
2030,sc01,01-19 08:00:00+01:00,CT NG 48,0.0
2030,sc01,01-19 08:00:00+01:00,ST NG 10,0.0
2030,sc01,01-19 08:00:00+01:00,Solar 22,1.0182620448
2030,sc01,01-19 08:00:00+01:00,Solar 28,0.91122595476
2030,sc01,01-19 08:00:00+01:00,CT NG 73,0.0
2030,sc01,01-19 08:00:00+01:00,Biomass 52,0.0
2030,sc01,01-19 08:00:00+01:00,CT NG 30,0.0
2030,sc01,01-19 08:00:00+01:00,Solar 54,0.0
2030,sc01,01-19 08:00:00+01:00,Solar 31,0.0
2030,sc01,01-19 08:00:00+01:00,Biomass 03,0.0
2030,sc01,01-19 08:00:00+01:00,CT NG 32,0.0
2030,sc01,01-19 08:00:00+01:00,Biomass 27,0.0
2030,sc01,01-19 08:00:00+01:00,CC NG 14,0.0
2030,sc01,01-19 08:00:00+01:00,CC NG 03,0.0
2030,sc01,01-19 08:00:00+01:00,CC NG 29,0.0
2030,sc01,01-19 08:00:00+01:00,CC NG 28,0.0
2030,sc01,01-19 08:00:00+01:00,CC NG 25,0.0
2030,sc01,01-19 08:00:00+01:00,CT NG 44,0.0
2030,sc01,01-19 08:00:00+01:00,CT NG 14,0.0
2030,sc01,01-19 08:00:00+01:00,CC NG 15,0.0
2030,sc01,01-19 08:00:00+01:00,CC NG 04,0.0
2030,sc01,01-19 08:00:00+01:00,Biomass 29,0.0
2030,sc01,01-19 08:00:00+01:00,Wind 14,0.0
2030,sc01,01-19 08:00:00+01:00,Wind 08,0.0
2030,sc01,01-19 08:00:00+01:00,Biomass 61,0.0
2030,sc01,01-19 08:00:00+01:00,CT NG 35,0.0
2030,sc01,01-19 08:00:00+01:00,Solar 33,0.0
2030,sc01,01-19 08:00:00+01:00,CT NG 41,0.0
2030,sc01,01-19 08:00:00+01:00,CT NG 15,0.0
2030,sc01,01-19 08:00:00+01:00,Solar 42,0.0
2030,sc01,01-19 08:00:00+01:00,Solar 07,0.0
2030,sc01,01-19 08:00:00+01:00,Solar 43,0.0
2030,sc01,01-19 08:00:00+01:00,Biomass 05,0.0
2030,sc01,01-19 08:00:00+01:00,CT NG 29,0.0
2030,sc01,01-19 08:00:00+01:00,Solar 71,0.0
2030,sc01,01-19 08:00:00+01:00,CT NG 53,0.0
2030,sc01,01-19 08:00:00+01:00,CT NG 20,0.0
2030,sc01,01-19 08:00:00+01:00,Biomass 14,0.0
2030,sc01,01-19 08:00:00+01:00,Solar 26,0.0993474702
2030,sc01,01-19 08:00:00+01:00,Hydro 29,0.0
2030,sc01,01-19 08:00:00+01:00,Hydro 31,0.0
2030,sc01,01-19 08:00:00+01:00,Biomass 24,0.0
2030,sc01,01-19 08:00:00+01:00,Biomass 54,0.0
2030,sc01,01-19 08:00:00+01:00,Solar 36,20.4682661898
2030,sc01,01-19 08:00:00+01:00,Wind 03,0.90893073117
2030,sc01,01-19 08:00:00+01:00,Biomass 40,0.0
2030,sc01,01-19 08:00:00+01:00,Biomass 49,0.0
2030,sc01,01-19 08:00:00+01:00,CC NG 16,0.0
2030,sc01,01-19 08:00:00+01:00,Biomass 48,0.0
2030,sc01,01-19 08:00:00+01:00,Hydro 28,0.0
2030,sc01,01-19 08:00:00+01:00,Biomass 17,0.0
2030,sc01,01-19 08:00:00+01:00,CT NG 33,0.0
2030,sc01,01-19 08:00:00+01:00,Solar 45,0.0
2030,sc01,01-19 08:00:00+01:00,Hydro 24,0.0
2030,sc01,01-19 08:00:00+01:00,Wind 13,3.8305432440000002
2030,sc01,01-19 08:00:00+01:00,Biomass 07,0.0
2030,sc01,01-19 08:00:00+01:00,Biomass 34,0.0
2030,sc01,01-19 08:00:00+01:00,Biomass 33,0.0
2030,sc01,01-19 08:00:00+01:00,CT NG 01,0.0
2030,sc01,01-19 08:00:00+01:00,ICE NG 03,0.0
2030,sc01,01-19 08:00:00+01:00,Solar 55,0.0
2030,sc01,01-19 08:00:00+01:00,Solar 11,0.10974342086399999
2030,sc01,01-19 08:00:00+01:00,CT NG 06,0.0
2030,sc01,01-19 08:00:00+01:00,CT NG 70,0.0
2030,sc01,01-19 08:00:00+01:00,Solar 23,0.016249834392
2030,sc01,01-19 08:00:00+01:00,CT NG 67,0.0
2030,sc01,01-19 08:00:00+01:00,Solar 12,0.084953001672
2030,sc01,01-19 08:00:00+01:00,CT Oil 01,0.0
2030,sc01,01-19 08:00:00+01:00,Hydro 26,0.0
2030,sc01,01-19 08:00:00+01:00,CC NG 22,0.0
2030,sc01,01-19 08:00:00+01:00,CC NG 35,0.0
2030,sc01,01-19 08:00:00+01:00,Biomass 50,0.0
2030,sc01,01-19 08:00:00+01:00,ICE NG 04,0.0
2030,sc01,01-19 08:00:00+01:00,CC NG 39,0.0
2030,sc01,01-19 08:00:00+01:00,Hydro 32,0.0
2030,sc01,01-19 08:00:00+01:00,ICE NG 07,0.0
2030,sc01,01-19 08:00:00+01:00,Biomass 46,0.0
2030,sc01,01-19 08:00:00+01:00,CC NG 38,0.0
2030,sc01,01-19 08:00:00+01:00,CC NG 12,0.0
2030,sc01,01-19 08:00:00+01:00,Solar 57,0.0
2030,sc01,01-19 08:00:00+01:00,CC NG 32,0.0
2030,sc01,01-19 08:00:00+01:00,CC NG 07,0.0
2030,sc01,01-19 08:00:00+01:00,Biomass 44,0.0
2030,sc01,01-19 08:00:00+01:00,CT NG 40,0.0
2030,sc01,01-19 08:00:00+01:00,Solar 74,0.0
2030,sc01,01-19 08:00:00+01:00,Hydro 30,0.0
2030,sc01,01-19 08:00:00+01:00,CT NG 42,0.0
2030,sc01,01-19 08:00:00+01:00,Hydro 22,0.49214880000000005
2030,sc01,01-19 08:00:00+01:00,Solar 17,0.16662678753600002
2030,sc01,01-19 08:00:00+01:00,Solar 38,0.0
2030,sc01,01-19 08:00:00+01:00,CT NG 24,0.0
2030,sc01,01-19 08:00:00+01:00,CC NG 27,0.0
2030,sc01,01-19 08:00:00+01:00,Biomass 21,0.0
2030,sc01,01-19 08:00:00+01:00,ICE NG 06,0.0
2030,sc01,01-19 08:00:00+01:00,Biomass 25,0.0
2030,sc01,01-19 08:00:00+01:00,Solar 27,0.08396492200800001
2030,sc01,01-19 08:00:00+01:00,CT NG 19,0.0
2030,sc01,01-19 08:00:00+01:00,Biomass 42,0.0
2030,sc01,01-19 08:00:00+01:00,Biomass 19,0.0
2030,sc01,01-19 08:00:00+01:00,Biomass 06,0.0
2030,sc01,01-19 08:00:00+01:00,CT NG 10,0.0
2030,sc01,01-19 08:00:00+01:00,CC NG 40,0.0
2030,sc01,01-19 08:00:00+01:00,CC NG 21,0.0
2030,sc01,01-19 08:00:00+01:00,Biomass 02,0.0
2030,sc01,01-19 08:00:00+01:00,CT NG 46,0.0
2030,sc01,01-19 08:00:00+01:00,Hydro 34,0.0
2030,sc01,01-19 08:00:00+01:00,Biomass 10,0.0
2030,sc01,01-19 08:00:00+01:00,CT NG 17,0.0
2030,sc01,01-19 08:00:00+01:00,Biomass 62,0.0
2030,sc01,01-19 08:00:00+01:00,Biomass 32,0.0
2030,sc01,01-19 08:00:00+01:00,CC NG 19,0.0
2030,sc01,01-19 08:00:00+01:00,CC NG 17,0.0
2030,sc01,01-19 08:00:00+01:00,ST NG 01,0.0
2030,sc01,01-19 08:00:00+01:00,Biomass 45,0.0
2030,sc01,01-19 08:00:00+01:00,Biomass 28,0.0
2030,sc01,01-19 08:00:00+01:00,CC NG 10,0.0
2030,sc01,01-19 08:00:00+01:00,Biomass 23,0.0
2030,sc01,01-19 08:00:00+01:00,ST NG 06,0.0
2030,sc01,01-19 08:00:00+01:00,Wind 10,0.0
2030,sc01,01-19 08:00:00+01:00,CT NG 69,0.0
2030,sc01,01-19 08:00:00+01:00,CT NG 68,0.0
2030,sc01,01-20 11:00:00+01:00,CC NG 13,0.0
2030,sc01,01-20 11:00:00+01:00,CT NG 37,0.0
2030,sc01,01-20 11:00:00+01:00,ST Coal 01,0.0
2030,sc01,01-20 11:00:00+01:00,CT NG 09,0.0
2030,sc01,01-20 11:00:00+01:00,CT NG 47,0.0
2030,sc01,01-20 11:00:00+01:00,Solar 69,0.0
2030,sc01,01-20 11:00:00+01:00,Solar 34,15.623350513878288
2030,sc01,01-20 11:00:00+01:00,Solar 73,0.0
2030,sc01,01-20 11:00:00+01:00,Biomass 37,0.0
2030,sc01,01-20 11:00:00+01:00,Hydro 20,0.6853086
2030,sc01,01-20 11:00:00+01:00,Solar 01,22.660130232000004
2030,sc01,01-20 11:00:00+01:00,Solar 62,0.0
2030,sc01,01-20 11:00:00+01:00,Solar 02,12.777639223500001
2030,sc01,01-20 11:00:00+01:00,CT NG 26,0.0
2030,sc01,01-20 11:00:00+01:00,Biomass 20,0.002995567222884299
2030,sc01,01-20 11:00:00+01:00,Wind 16,0.0
2030,sc01,01-20 11:00:00+01:00,CT NG 66,0.0
2030,sc01,01-20 11:00:00+01:00,Solar 39,0.0
2030,sc01,01-20 11:00:00+01:00,Biomass 41,0.0
2030,sc01,01-20 11:00:00+01:00,Solar 72,0.0
2030,sc01,01-20 11:00:00+01:00,ST NG 03,0.0
2030,sc01,01-20 11:00:00+01:00,Hydro 21,0.0
2030,sc01,01-20 11:00:00+01:00,CT NG 03,0.0
2030,sc01,01-20 11:00:00+01:00,CC NG 09,0.0
2030,sc01,01-20 11:00:00+01:00,CT Oil 02,0.0
2030,sc01,01-20 11:00:00+01:00,CT NG 39,0.0
2030,sc01,01-20 11:00:00+01:00,CC NG 08,0.0
2030,sc01,01-20 11:00:00+01:00,Biomass 43,0.0
2030,sc01,01-20 11:00:00+01:00,CT NG 18,0.0
2030,sc01,01-20 11:00:00+01:00,ST NG 07,0.0
2030,sc01,01-20 11:00:00+01:00,Biomass 35,0.0
2030,sc01,01-20 11:00:00+01:00,Solar 32,0.0
2030,sc01,01-20 11:00:00+01:00,Biomass 15,0.0
2030,sc01,01-20 11:00:00+01:00,CC NG 31,0.0
2030,sc01,01-20 11:00:00+01:00,Solar 16,1.9983957570000002
2030,sc01,01-20 11:00:00+01:00,Solar 68,0.0
2030,sc01,01-20 11:00:00+01:00,CT NG 21,0.0
2030,sc01,01-20 11:00:00+01:00,Wind 11,0.14881468643999998
2030,sc01,01-20 11:00:00+01:00,CC NG 37,0.0
2030,sc01,01-20 11:00:00+01:00,CT NG 22,0.0
2030,sc01,01-20 11:00:00+01:00,Hydro 16,0.0
2030,sc01,01-20 11:00:00+01:00,Biomass 59,0.0
2030,sc01,01-20 11:00:00+01:00,CC NG 01,0.0
2030,sc01,01-20 11:00:00+01:00,Biomass 16,0.0
2030,sc01,01-20 11:00:00+01:00,Solar 03,0.0
2030,sc01,01-20 11:00:00+01:00,Solar 44,0.0
2030,sc01,01-20 11:00:00+01:00,CT NG 08,0.0
2030,sc01,01-20 11:00:00+01:00,Wind 05,0.0
2030,sc01,01-20 11:00:00+01:00,Biomass 26,0.0
2030,sc01,01-20 11:00:00+01:00,Solar 37,0.0
2030,sc01,01-20 11:00:00+01:00,Biomass 11,0.0
2030,sc01,01-20 11:00:00+01:00,Solar 59,0.0
2030,sc01,01-20 11:00:00+01:00,CT NG 11,0.0
2030,sc01,01-20 11:00:00+01:00,Biomass 30,0.0
2030,sc01,01-20 11:00:00+01:00,Hydro 23,0.0
2030,sc01,01-20 11:00:00+01:00,CC NG 24,0.0
2030,sc01,01-20 11:00:00+01:00,Solar 65,15.4905112485
2030,sc01,01-20 11:00:00+01:00,CC NG 18,0.0
2030,sc01,01-20 11:00:00+01:00,CT NG 16,0.0
2030,sc01,01-20 11:00:00+01:00,Solar 51,0.0
2030,sc01,01-20 11:00:00+01:00,Wind 06,0.8934252812999999
2030,sc01,01-20 11:00:00+01:00,CC NG 26,0.0
2030,sc01,01-20 11:00:00+01:00,CC NG 23,0.0
2030,sc01,01-20 11:00:00+01:00,CT NG 43,0.0
2030,sc01,01-20 11:00:00+01:00,CC NG 11,0.0
2030,sc01,01-20 11:00:00+01:00,CT NG 02,0.0
2030,sc01,01-20 11:00:00+01:00,CT NG 50,0.0
2030,sc01,01-20 11:00:00+01:00,Hydro 27,0.0
2030,sc01,01-20 11:00:00+01:00,CT NG 13,0.0
2030,sc01,01-20 11:00:00+01:00,CT NG 25,0.0
2030,sc01,01-20 11:00:00+01:00,CC NG 05,0.0
2030,sc01,01-20 11:00:00+01:00,Solar 04,1.3698685030500002
2030,sc01,01-20 11:00:00+01:00,Solar 30,1.62
2030,sc01,01-20 11:00:00+01:00,Solar 29,2.4003460701000003
2030,sc01,01-20 11:00:00+01:00,Solar 53,0.0
2030,sc01,01-20 11:00:00+01:00,Solar 21,5.197800969
2030,sc01,01-20 11:00:00+01:00,Biomass 58,0.0
2030,sc01,01-20 11:00:00+01:00,CT NG 74,0.0
2030,sc01,01-20 11:00:00+01:00,Solar 61,0.0
2030,sc01,01-20 11:00:00+01:00,Wind 07,0.15781422672
2030,sc01,01-20 11:00:00+01:00,Biomass 31,0.0
2030,sc01,01-20 11:00:00+01:00,CT Oil 05,0.0
2030,sc01,01-20 11:00:00+01:00,Biomass 38,0.0
2030,sc01,01-20 11:00:00+01:00,Solar 41,0.0
2030,sc01,01-20 11:00:00+01:00,Biomass 51,0.0
2030,sc01,01-20 11:00:00+01:00,Biomass 55,0.0
2030,sc01,01-20 11:00:00+01:00,Wind 15,13.233474207000002
2030,sc01,01-20 11:00:00+01:00,Geo 01,0.0
2030,sc01,01-20 11:00:00+01:00,Biomass 60,0.0
2030,sc01,01-20 11:00:00+01:00,CT NG 38,0.0
2030,sc01,01-20 11:00:00+01:00,Solar 66,31.51196558620884
2030,sc01,01-20 11:00:00+01:00,Solar 49,0.0
2030,sc01,01-20 11:00:00+01:00,CT NG 51,0.0
2030,sc01,01-20 11:00:00+01:00,Biomass 18,0.0
2030,sc01,01-20 11:00:00+01:00,ICE NG 01,0.0
2030,sc01,01-20 11:00:00+01:00,Solar 15,2.972575269
2030,sc01,01-20 11:00:00+01:00,ICE NG 05,0.0
2030,sc01,01-20 11:00:00+01:00,CT Oil 04,0.0
2030,sc01,01-20 11:00:00+01:00,CC NG 20,0.0
2030,sc01,01-20 11:00:00+01:00,Solar 20,2.26326933765
2030,sc01,01-20 11:00:00+01:00,Biomass 04,0.0
2030,sc01,01-20 11:00:00+01:00,Wind 02,0.7702453390499999
2030,sc01,01-20 11:00:00+01:00,Hydro 25,0.0
2030,sc01,01-20 11:00:00+01:00,Solar 75,0.0
2030,sc01,01-20 11:00:00+01:00,Hydro 33,0.0
2030,sc01,01-20 11:00:00+01:00,ST NG 05,0.0
2030,sc01,01-20 11:00:00+01:00,CT NG 07,0.0
2030,sc01,01-20 11:00:00+01:00,Wind 01,0.11975740704
2030,sc01,01-20 11:00:00+01:00,Solar 56,0.0
2030,sc01,01-20 11:00:00+01:00,Biomass 09,0.0
2030,sc01,01-20 11:00:00+01:00,Biomass 53,0.0
2030,sc01,01-20 11:00:00+01:00,Wind 17,20.996575625298018
2030,sc01,01-20 11:00:00+01:00,ST NG 08,0.0
2030,sc01,01-20 11:00:00+01:00,Hydro 19,0.0
2030,sc01,01-20 11:00:00+01:00,ST NG 02,0.0
2030,sc01,01-20 11:00:00+01:00,Biomass 01,0.0
2030,sc01,01-20 11:00:00+01:00,Biomass 57,0.0
2030,sc01,01-20 11:00:00+01:00,CT NG 49,0.0
2030,sc01,01-20 11:00:00+01:00,CT NG 31,0.0
2030,sc01,01-20 11:00:00+01:00,Solar 64,7.5600000000000005
2030,sc01,01-20 11:00:00+01:00,CC NG 33,0.0
2030,sc01,01-20 11:00:00+01:00,Solar 46,0.0
2030,sc01,01-20 11:00:00+01:00,Biomass 12,0.0
2030,sc01,01-20 11:00:00+01:00,Wind 04,0.9260550981
2030,sc01,01-20 11:00:00+01:00,Solar 13,0.07462242540000001
2030,sc01,01-20 11:00:00+01:00,CT NG 55,0.0
2030,sc01,01-20 11:00:00+01:00,Wind N03,70.85870396381142
2030,sc01,01-20 11:00:00+01:00,CT NG 28,0.0
2030,sc01,01-20 11:00:00+01:00,Wind 09,0.0191090646
2030,sc01,01-20 11:00:00+01:00,Solar 60,0.0
2030,sc01,01-20 11:00:00+01:00,Solar 25,0.5472193419
2030,sc01,01-20 11:00:00+01:00,CT NG 23,0.0
2030,sc01,01-20 11:00:00+01:00,ST Other 01,0.0
2030,sc01,01-20 11:00:00+01:00,Solar 70,47.328240915
2030,sc01,01-20 11:00:00+01:00,CC NG 34,0.0
2030,sc01,01-20 11:00:00+01:00,Solar 48,0.0
2030,sc01,01-20 11:00:00+01:00,Biomass 56,0.0
2030,sc01,01-20 11:00:00+01:00,CT NG 36,0.0
2030,sc01,01-20 11:00:00+01:00,Solar 47,0.0
2030,sc01,01-20 11:00:00+01:00,Hydro 17,0.0
2030,sc01,01-20 11:00:00+01:00,Solar 09,0.0
2030,sc01,01-20 11:00:00+01:00,Solar 08,0.0
2030,sc01,01-20 11:00:00+01:00,CT NG 45,0.0
2030,sc01,01-20 11:00:00+01:00,ST NG 04,0.0
2030,sc01,01-20 11:00:00+01:00,Solar 40,0.0
2030,sc01,01-20 11:00:00+01:00,Biomass 47,0.0
2030,sc01,01-20 11:00:00+01:00,Solar 50,0.0
2030,sc01,01-20 11:00:00+01:00,Solar 52,0.0
2030,sc01,01-20 11:00:00+01:00,Solar 63,17.3672115345
2030,sc01,01-20 11:00:00+01:00,CC NG 06,0.0
2030,sc01,01-20 11:00:00+01:00,Biomass 39,0.0
2030,sc01,01-20 11:00:00+01:00,Solar 67,0.0
2030,sc01,01-20 11:00:00+01:00,Solar 19,0.0282225366
2030,sc01,01-20 11:00:00+01:00,Wind 12,10.402279141500001
2030,sc01,01-20 11:00:00+01:00,Solar 24,0.4081445348400001
2030,sc01,01-20 11:00:00+01:00,ICE NG 02,0.0
2030,sc01,01-20 11:00:00+01:00,Solar 05,0.0
2030,sc01,01-20 11:00:00+01:00,CT NG 54,0.0
2030,sc01,01-20 11:00:00+01:00,Wind N01,96.99526914174459
2030,sc01,01-20 11:00:00+01:00,CT NG 27,0.0
2030,sc01,01-20 11:00:00+01:00,CC NG 36,0.0
2030,sc01,01-20 11:00:00+01:00,Wind N02,88.739375535
2030,sc01,01-20 11:00:00+01:00,CT NG 52,0.0
2030,sc01,01-20 11:00:00+01:00,Solar 35,0.0
2030,sc01,01-20 11:00:00+01:00,CT NG 05,0.0
2030,sc01,01-20 11:00:00+01:00,Biomass 36,0.0
2030,sc01,01-20 11:00:00+01:00,CT NG 34,0.0
2030,sc01,01-20 11:00:00+01:00,CT Oil 03,0.0
2030,sc01,01-20 11:00:00+01:00,Hydro 35,0.0
2030,sc01,01-20 11:00:00+01:00,Solar 14,3.3048343448999997
2030,sc01,01-20 11:00:00+01:00,CT NG 75,0.0
2030,sc01,01-20 11:00:00+01:00,ST NG 09,0.0
2030,sc01,01-20 11:00:00+01:00,CT NG 56,0.0
2030,sc01,01-20 11:00:00+01:00,Biomass 22,0.0
2030,sc01,01-20 11:00:00+01:00,Solar 18,3.4858171156499997
2030,sc01,01-20 11:00:00+01:00,Biomass 13,0.0
2030,sc01,01-20 11:00:00+01:00,CT NG 71,0.0
2030,sc01,01-20 11:00:00+01:00,Solar 58,0.0
2030,sc01,01-20 11:00:00+01:00,Solar 06,0.0
2030,sc01,01-20 11:00:00+01:00,Biomass 08,0.0
2030,sc01,01-20 11:00:00+01:00,CT NG 72,0.0
2030,sc01,01-20 11:00:00+01:00,Hydro 18,0.0
2030,sc01,01-20 11:00:00+01:00,Solar 10,2.1800647701
2030,sc01,01-20 11:00:00+01:00,CT NG 04,0.0
2030,sc01,01-20 11:00:00+01:00,ST Other 02,0.0
2030,sc01,01-20 11:00:00+01:00,CT NG 12,0.0
2030,sc01,01-20 11:00:00+01:00,CT NG 48,0.0
2030,sc01,01-20 11:00:00+01:00,ST NG 10,0.0
2030,sc01,01-20 11:00:00+01:00,Solar 22,2.4966191511000004
2030,sc01,01-20 11:00:00+01:00,Solar 28,2.2341834117
2030,sc01,01-20 11:00:00+01:00,CT NG 73,0.0
2030,sc01,01-20 11:00:00+01:00,Biomass 52,0.0
2030,sc01,01-20 11:00:00+01:00,CT NG 30,0.0
2030,sc01,01-20 11:00:00+01:00,Solar 54,0.0
2030,sc01,01-20 11:00:00+01:00,Solar 31,0.0
2030,sc01,01-20 11:00:00+01:00,Biomass 03,0.0
2030,sc01,01-20 11:00:00+01:00,CT NG 32,0.0
2030,sc01,01-20 11:00:00+01:00,Biomass 27,0.0
2030,sc01,01-20 11:00:00+01:00,CC NG 14,0.0
2030,sc01,01-20 11:00:00+01:00,CC NG 03,0.0
2030,sc01,01-20 11:00:00+01:00,CC NG 29,0.0
2030,sc01,01-20 11:00:00+01:00,CC NG 28,0.0
2030,sc01,01-20 11:00:00+01:00,CC NG 25,0.0
2030,sc01,01-20 11:00:00+01:00,CT NG 44,0.0
2030,sc01,01-20 11:00:00+01:00,CT NG 14,0.0
2030,sc01,01-20 11:00:00+01:00,CC NG 15,0.0
2030,sc01,01-20 11:00:00+01:00,CC NG 04,0.0
2030,sc01,01-20 11:00:00+01:00,Biomass 29,0.0
2030,sc01,01-20 11:00:00+01:00,Wind 14,0.0
2030,sc01,01-20 11:00:00+01:00,Wind 08,0.03507601176
2030,sc01,01-20 11:00:00+01:00,Biomass 61,0.0
2030,sc01,01-20 11:00:00+01:00,CT NG 35,0.0
2030,sc01,01-20 11:00:00+01:00,Solar 33,0.0
2030,sc01,01-20 11:00:00+01:00,CT NG 41,0.0
2030,sc01,01-20 11:00:00+01:00,CT NG 15,0.0
2030,sc01,01-20 11:00:00+01:00,Solar 42,0.0
2030,sc01,01-20 11:00:00+01:00,Solar 07,0.0
2030,sc01,01-20 11:00:00+01:00,Solar 43,0.0
2030,sc01,01-20 11:00:00+01:00,Biomass 05,0.0
2030,sc01,01-20 11:00:00+01:00,CT NG 29,0.0
2030,sc01,01-20 11:00:00+01:00,Solar 71,0.0
2030,sc01,01-20 11:00:00+01:00,CT NG 53,0.0
2030,sc01,01-20 11:00:00+01:00,CT NG 20,0.0
2030,sc01,01-20 11:00:00+01:00,Biomass 14,0.0
2030,sc01,01-20 11:00:00+01:00,Solar 26,0.5067633195
2030,sc01,01-20 11:00:00+01:00,Hydro 29,0.0
2030,sc01,01-20 11:00:00+01:00,Hydro 31,0.0
2030,sc01,01-20 11:00:00+01:00,Biomass 24,0.0
2030,sc01,01-20 11:00:00+01:00,Biomass 54,0.0
2030,sc01,01-20 11:00:00+01:00,Solar 36,0.0
2030,sc01,01-20 11:00:00+01:00,Wind 03,1.13632389945
2030,sc01,01-20 11:00:00+01:00,Biomass 40,0.0
2030,sc01,01-20 11:00:00+01:00,Biomass 49,0.0
2030,sc01,01-20 11:00:00+01:00,CC NG 16,0.0
2030,sc01,01-20 11:00:00+01:00,Biomass 48,0.0
2030,sc01,01-20 11:00:00+01:00,Hydro 28,0.0
2030,sc01,01-20 11:00:00+01:00,Biomass 17,0.0
2030,sc01,01-20 11:00:00+01:00,CT NG 33,0.0
2030,sc01,01-20 11:00:00+01:00,Solar 45,0.0
2030,sc01,01-20 11:00:00+01:00,Hydro 24,0.0
2030,sc01,01-20 11:00:00+01:00,Wind 13,3.33540361215
2030,sc01,01-20 11:00:00+01:00,Biomass 07,0.0
2030,sc01,01-20 11:00:00+01:00,Biomass 34,0.0
2030,sc01,01-20 11:00:00+01:00,Biomass 33,0.0
2030,sc01,01-20 11:00:00+01:00,CT NG 01,0.0
2030,sc01,01-20 11:00:00+01:00,ICE NG 03,0.0
2030,sc01,01-20 11:00:00+01:00,Solar 55,0.0
2030,sc01,01-20 11:00:00+01:00,Solar 11,0.5597922131999999
2030,sc01,01-20 11:00:00+01:00,CT NG 06,0.0
2030,sc01,01-20 11:00:00+01:00,CT NG 70,0.0
2030,sc01,01-20 11:00:00+01:00,Solar 23,0.08288907624
2030,sc01,01-20 11:00:00+01:00,CT NG 67,0.0
2030,sc01,01-20 11:00:00+01:00,Solar 12,0.43333831332
2030,sc01,01-20 11:00:00+01:00,CT Oil 01,0.0
2030,sc01,01-20 11:00:00+01:00,Hydro 26,0.0
2030,sc01,01-20 11:00:00+01:00,CC NG 22,0.0
2030,sc01,01-20 11:00:00+01:00,CC NG 35,0.0
2030,sc01,01-20 11:00:00+01:00,Biomass 50,0.0
2030,sc01,01-20 11:00:00+01:00,ICE NG 04,0.0
2030,sc01,01-20 11:00:00+01:00,CC NG 39,0.0
2030,sc01,01-20 11:00:00+01:00,Hydro 32,0.0
2030,sc01,01-20 11:00:00+01:00,ICE NG 07,0.0
2030,sc01,01-20 11:00:00+01:00,Biomass 46,0.0
2030,sc01,01-20 11:00:00+01:00,CC NG 38,0.0
2030,sc01,01-20 11:00:00+01:00,CC NG 12,0.0
2030,sc01,01-20 11:00:00+01:00,Solar 57,0.0
2030,sc01,01-20 11:00:00+01:00,CC NG 32,0.0
2030,sc01,01-20 11:00:00+01:00,CC NG 07,0.0
2030,sc01,01-20 11:00:00+01:00,Biomass 44,0.0
2030,sc01,01-20 11:00:00+01:00,CT NG 40,0.0
2030,sc01,01-20 11:00:00+01:00,Solar 74,9.0
2030,sc01,01-20 11:00:00+01:00,Hydro 30,0.0
2030,sc01,01-20 11:00:00+01:00,CT NG 42,0.0
2030,sc01,01-20 11:00:00+01:00,Hydro 22,0.0
2030,sc01,01-20 11:00:00+01:00,Solar 17,0.8499496149
2030,sc01,01-20 11:00:00+01:00,Solar 38,0.0
2030,sc01,01-20 11:00:00+01:00,CT NG 24,0.0
2030,sc01,01-20 11:00:00+01:00,CC NG 27,0.0
2030,sc01,01-20 11:00:00+01:00,Biomass 21,0.016649999999999998
2030,sc01,01-20 11:00:00+01:00,ICE NG 06,0.0
2030,sc01,01-20 11:00:00+01:00,Biomass 25,0.0
2030,sc01,01-20 11:00:00+01:00,Solar 27,0.26574214428
2030,sc01,01-20 11:00:00+01:00,CT NG 19,0.0
2030,sc01,01-20 11:00:00+01:00,Biomass 42,0.0
2030,sc01,01-20 11:00:00+01:00,Biomass 19,0.0
2030,sc01,01-20 11:00:00+01:00,Biomass 06,0.0
2030,sc01,01-20 11:00:00+01:00,CT NG 10,0.0
2030,sc01,01-20 11:00:00+01:00,CC NG 40,0.0
2030,sc01,01-20 11:00:00+01:00,CC NG 21,0.0
2030,sc01,01-20 11:00:00+01:00,Biomass 02,0.0
2030,sc01,01-20 11:00:00+01:00,CT NG 46,0.0
2030,sc01,01-20 11:00:00+01:00,Hydro 34,0.0
2030,sc01,01-20 11:00:00+01:00,Biomass 10,0.0
2030,sc01,01-20 11:00:00+01:00,CT NG 17,0.0
2030,sc01,01-20 11:00:00+01:00,Biomass 62,0.0
2030,sc01,01-20 11:00:00+01:00,Biomass 32,0.0
2030,sc01,01-20 11:00:00+01:00,CC NG 19,0.0
2030,sc01,01-20 11:00:00+01:00,CC NG 17,0.0
2030,sc01,01-20 11:00:00+01:00,ST NG 01,0.0
2030,sc01,01-20 11:00:00+01:00,Biomass 45,0.0
2030,sc01,01-20 11:00:00+01:00,Biomass 28,0.0
2030,sc01,01-20 11:00:00+01:00,CC NG 10,0.0
2030,sc01,01-20 11:00:00+01:00,Biomass 23,0.0
2030,sc01,01-20 11:00:00+01:00,ST NG 06,0.0
2030,sc01,01-20 11:00:00+01:00,Wind 10,0.03077260956
2030,sc01,01-20 11:00:00+01:00,CT NG 69,0.0
2030,sc01,01-20 11:00:00+01:00,CT NG 68,0.0
2030,sc01,01-20 23:00:00+01:00,CC NG 13,0.0
2030,sc01,01-20 23:00:00+01:00,CT NG 37,0.0
2030,sc01,01-20 23:00:00+01:00,ST Coal 01,0.0
2030,sc01,01-20 23:00:00+01:00,CT NG 09,0.0
2030,sc01,01-20 23:00:00+01:00,CT NG 47,0.0
2030,sc01,01-20 23:00:00+01:00,Solar 69,0.0
2030,sc01,01-20 23:00:00+01:00,Solar 34,0.0
2030,sc01,01-20 23:00:00+01:00,Solar 73,0.0
2030,sc01,01-20 23:00:00+01:00,Biomass 37,0.0
2030,sc01,01-20 23:00:00+01:00,Hydro 20,0.03980067
2030,sc01,01-20 23:00:00+01:00,Solar 01,0.0
2030,sc01,01-20 23:00:00+01:00,Solar 62,0.0
2030,sc01,01-20 23:00:00+01:00,Solar 02,0.0
2030,sc01,01-20 23:00:00+01:00,CT NG 26,0.0
2030,sc01,01-20 23:00:00+01:00,Biomass 20,0.02257
2030,sc01,01-20 23:00:00+01:00,Wind 16,1.5662085927
2030,sc01,01-20 23:00:00+01:00,CT NG 66,0.0
2030,sc01,01-20 23:00:00+01:00,Solar 39,0.0
2030,sc01,01-20 23:00:00+01:00,Biomass 41,0.0
2030,sc01,01-20 23:00:00+01:00,Solar 72,0.0
2030,sc01,01-20 23:00:00+01:00,ST NG 03,0.0
2030,sc01,01-20 23:00:00+01:00,Hydro 21,0.03980067
2030,sc01,01-20 23:00:00+01:00,CT NG 03,0.0
2030,sc01,01-20 23:00:00+01:00,CC NG 09,0.0
2030,sc01,01-20 23:00:00+01:00,CT Oil 02,0.0
2030,sc01,01-20 23:00:00+01:00,CT NG 39,0.0
2030,sc01,01-20 23:00:00+01:00,CC NG 08,0.0
2030,sc01,01-20 23:00:00+01:00,Biomass 43,0.0
2030,sc01,01-20 23:00:00+01:00,CT NG 18,0.23052509999999996
2030,sc01,01-20 23:00:00+01:00,ST NG 07,0.0
2030,sc01,01-20 23:00:00+01:00,Biomass 35,0.0
2030,sc01,01-20 23:00:00+01:00,Solar 32,0.0
2030,sc01,01-20 23:00:00+01:00,Biomass 15,0.0
2030,sc01,01-20 23:00:00+01:00,CC NG 31,0.0
2030,sc01,01-20 23:00:00+01:00,Solar 16,0.0
2030,sc01,01-20 23:00:00+01:00,Solar 68,0.0
2030,sc01,01-20 23:00:00+01:00,CT NG 21,0.0
2030,sc01,01-20 23:00:00+01:00,Wind 11,0.0
2030,sc01,01-20 23:00:00+01:00,CC NG 37,0.0
2030,sc01,01-20 23:00:00+01:00,CT NG 22,0.0
2030,sc01,01-20 23:00:00+01:00,Hydro 16,0.0
2030,sc01,01-20 23:00:00+01:00,Biomass 59,0.25254000000000004
2030,sc01,01-20 23:00:00+01:00,CC NG 01,0.0
2030,sc01,01-20 23:00:00+01:00,Biomass 16,0.0
2030,sc01,01-20 23:00:00+01:00,Solar 03,0.0
2030,sc01,01-20 23:00:00+01:00,Solar 44,0.0
2030,sc01,01-20 23:00:00+01:00,CT NG 08,0.0
2030,sc01,01-20 23:00:00+01:00,Wind 05,0.0
2030,sc01,01-20 23:00:00+01:00,Biomass 26,0.10308999999999999
2030,sc01,01-20 23:00:00+01:00,Solar 37,0.0
2030,sc01,01-20 23:00:00+01:00,Biomass 11,0.023180000000000003
2030,sc01,01-20 23:00:00+01:00,Solar 59,0.0
2030,sc01,01-20 23:00:00+01:00,CT NG 11,0.0
2030,sc01,01-20 23:00:00+01:00,Biomass 30,0.10308999999999999
2030,sc01,01-20 23:00:00+01:00,Hydro 23,0.0
2030,sc01,01-20 23:00:00+01:00,CC NG 24,0.0
2030,sc01,01-20 23:00:00+01:00,Solar 65,0.0
2030,sc01,01-20 23:00:00+01:00,CC NG 18,0.0
2030,sc01,01-20 23:00:00+01:00,CT NG 16,0.0
2030,sc01,01-20 23:00:00+01:00,Solar 51,0.0
2030,sc01,01-20 23:00:00+01:00,Wind 06,0.07992281390400001
2030,sc01,01-20 23:00:00+01:00,CC NG 26,0.0
2030,sc01,01-20 23:00:00+01:00,CC NG 23,0.0
2030,sc01,01-20 23:00:00+01:00,CT NG 43,0.0
2030,sc01,01-20 23:00:00+01:00,CC NG 11,0.0
2030,sc01,01-20 23:00:00+01:00,CT NG 02,0.0
2030,sc01,01-20 23:00:00+01:00,CT NG 50,0.0
2030,sc01,01-20 23:00:00+01:00,Hydro 27,0.5117229
2030,sc01,01-20 23:00:00+01:00,CT NG 13,0.0
2030,sc01,01-20 23:00:00+01:00,CT NG 25,0.0
2030,sc01,01-20 23:00:00+01:00,CC NG 05,0.0
2030,sc01,01-20 23:00:00+01:00,Solar 04,0.0
2030,sc01,01-20 23:00:00+01:00,Solar 30,0.0
2030,sc01,01-20 23:00:00+01:00,Solar 29,0.0
2030,sc01,01-20 23:00:00+01:00,Solar 53,0.0
2030,sc01,01-20 23:00:00+01:00,Solar 21,0.0
2030,sc01,01-20 23:00:00+01:00,Biomass 58,0.12382999999999998
2030,sc01,01-20 23:00:00+01:00,CT NG 74,0.0
2030,sc01,01-20 23:00:00+01:00,Solar 61,0.0
2030,sc01,01-20 23:00:00+01:00,Wind 07,0.0
2030,sc01,01-20 23:00:00+01:00,Biomass 31,0.10308999999999999
2030,sc01,01-20 23:00:00+01:00,CT Oil 05,0.0
2030,sc01,01-20 23:00:00+01:00,Biomass 38,0.0
2030,sc01,01-20 23:00:00+01:00,Solar 41,0.0
2030,sc01,01-20 23:00:00+01:00,Biomass 51,0.0
2030,sc01,01-20 23:00:00+01:00,Biomass 55,0.15189000000000002
2030,sc01,01-20 23:00:00+01:00,Wind 15,11.244508883200002
2030,sc01,01-20 23:00:00+01:00,Geo 01,0.0
2030,sc01,01-20 23:00:00+01:00,Biomass 60,0.1647
2030,sc01,01-20 23:00:00+01:00,CT NG 38,0.0
2030,sc01,01-20 23:00:00+01:00,Solar 66,0.0
2030,sc01,01-20 23:00:00+01:00,Solar 49,0.0
2030,sc01,01-20 23:00:00+01:00,CT NG 51,0.0
2030,sc01,01-20 23:00:00+01:00,Biomass 18,0.0
2030,sc01,01-20 23:00:00+01:00,ICE NG 01,0.0
2030,sc01,01-20 23:00:00+01:00,Solar 15,0.0
2030,sc01,01-20 23:00:00+01:00,ICE NG 05,0.0
2030,sc01,01-20 23:00:00+01:00,CT Oil 04,0.0
2030,sc01,01-20 23:00:00+01:00,CC NG 20,0.0
2030,sc01,01-20 23:00:00+01:00,Solar 20,0.0
2030,sc01,01-20 23:00:00+01:00,Biomass 04,0.0
2030,sc01,01-20 23:00:00+01:00,Wind 02,0.0
2030,sc01,01-20 23:00:00+01:00,Hydro 25,0.0
2030,sc01,01-20 23:00:00+01:00,Solar 75,0.0
2030,sc01,01-20 23:00:00+01:00,Hydro 33,0.0
2030,sc01,01-20 23:00:00+01:00,ST NG 05,0.0
2030,sc01,01-20 23:00:00+01:00,CT NG 07,0.0
2030,sc01,01-20 23:00:00+01:00,Wind 01,0.0
2030,sc01,01-20 23:00:00+01:00,Solar 56,0.0
2030,sc01,01-20 23:00:00+01:00,Biomass 09,0.047580000000000004
2030,sc01,01-20 23:00:00+01:00,Biomass 53,0.15189000000000002
2030,sc01,01-20 23:00:00+01:00,Wind 17,18.5258549583
2030,sc01,01-20 23:00:00+01:00,ST NG 08,0.0
2030,sc01,01-20 23:00:00+01:00,Hydro 19,0.0
2030,sc01,01-20 23:00:00+01:00,ST NG 02,0.0
2030,sc01,01-20 23:00:00+01:00,Biomass 01,0.06405000000000001
2030,sc01,01-20 23:00:00+01:00,Biomass 57,0.12382999999999998
2030,sc01,01-20 23:00:00+01:00,CT NG 49,0.0
2030,sc01,01-20 23:00:00+01:00,CT NG 31,0.0
2030,sc01,01-20 23:00:00+01:00,Solar 64,0.0
2030,sc01,01-20 23:00:00+01:00,CC NG 33,0.0
2030,sc01,01-20 23:00:00+01:00,Solar 46,0.0
2030,sc01,01-20 23:00:00+01:00,Biomass 12,0.023180000000000003
2030,sc01,01-20 23:00:00+01:00,Wind 04,0.43409740123999996
2030,sc01,01-20 23:00:00+01:00,Solar 13,0.0
2030,sc01,01-20 23:00:00+01:00,CT NG 55,0.0
2030,sc01,01-20 23:00:00+01:00,Wind N03,276.4771980558957
2030,sc01,01-20 23:00:00+01:00,CT NG 28,0.0
2030,sc01,01-20 23:00:00+01:00,Wind 09,0.012378912512
2030,sc01,01-20 23:00:00+01:00,Solar 60,0.0
2030,sc01,01-20 23:00:00+01:00,Solar 25,0.0
2030,sc01,01-20 23:00:00+01:00,CT NG 23,0.0
2030,sc01,01-20 23:00:00+01:00,ST Other 01,0.0
2030,sc01,01-20 23:00:00+01:00,Solar 70,0.0
2030,sc01,01-20 23:00:00+01:00,CC NG 34,0.0
2030,sc01,01-20 23:00:00+01:00,Solar 48,0.0
2030,sc01,01-20 23:00:00+01:00,Biomass 56,0.15555
2030,sc01,01-20 23:00:00+01:00,CT NG 36,0.0
2030,sc01,01-20 23:00:00+01:00,Solar 47,0.0
2030,sc01,01-20 23:00:00+01:00,Hydro 17,0.017713485
2030,sc01,01-20 23:00:00+01:00,Solar 09,0.0
2030,sc01,01-20 23:00:00+01:00,Solar 08,0.0
2030,sc01,01-20 23:00:00+01:00,CT NG 45,0.0
2030,sc01,01-20 23:00:00+01:00,ST NG 04,0.0
2030,sc01,01-20 23:00:00+01:00,Solar 40,0.0
2030,sc01,01-20 23:00:00+01:00,Biomass 47,0.0
2030,sc01,01-20 23:00:00+01:00,Solar 50,0.0
2030,sc01,01-20 23:00:00+01:00,Solar 52,0.0
2030,sc01,01-20 23:00:00+01:00,Solar 63,0.0
2030,sc01,01-20 23:00:00+01:00,CC NG 06,0.0
2030,sc01,01-20 23:00:00+01:00,Biomass 39,0.0
2030,sc01,01-20 23:00:00+01:00,Solar 67,0.0
2030,sc01,01-20 23:00:00+01:00,Solar 19,0.0
2030,sc01,01-20 23:00:00+01:00,Wind 12,3.75513633444
2030,sc01,01-20 23:00:00+01:00,Solar 24,0.0
2030,sc01,01-20 23:00:00+01:00,ICE NG 02,0.0
2030,sc01,01-20 23:00:00+01:00,Solar 05,0.0
2030,sc01,01-20 23:00:00+01:00,CT NG 54,0.0
2030,sc01,01-20 23:00:00+01:00,Wind N01,35.6256524046
2030,sc01,01-20 23:00:00+01:00,CT NG 27,0.0
2030,sc01,01-20 23:00:00+01:00,CC NG 36,0.0
2030,sc01,01-20 23:00:00+01:00,Wind N02,8.989956575299999
2030,sc01,01-20 23:00:00+01:00,CT NG 52,0.0
2030,sc01,01-20 23:00:00+01:00,Solar 35,0.0
2030,sc01,01-20 23:00:00+01:00,CT NG 05,0.0
2030,sc01,01-20 23:00:00+01:00,Biomass 36,0.0
2030,sc01,01-20 23:00:00+01:00,CT NG 34,0.0
2030,sc01,01-20 23:00:00+01:00,CT Oil 03,0.0
2030,sc01,01-20 23:00:00+01:00,Hydro 35,0.0
2030,sc01,01-20 23:00:00+01:00,Solar 14,0.0
2030,sc01,01-20 23:00:00+01:00,CT NG 75,0.0
2030,sc01,01-20 23:00:00+01:00,ST NG 09,0.0
2030,sc01,01-20 23:00:00+01:00,CT NG 56,0.0
2030,sc01,01-20 23:00:00+01:00,Biomass 22,0.02257
2030,sc01,01-20 23:00:00+01:00,Solar 18,0.0
2030,sc01,01-20 23:00:00+01:00,Biomass 13,0.023180000000000003
2030,sc01,01-20 23:00:00+01:00,CT NG 71,0.0
2030,sc01,01-20 23:00:00+01:00,Solar 58,0.0
2030,sc01,01-20 23:00:00+01:00,Solar 06,0.0
2030,sc01,01-20 23:00:00+01:00,Biomass 08,0.047580000000000004
2030,sc01,01-20 23:00:00+01:00,CT NG 72,0.0
2030,sc01,01-20 23:00:00+01:00,Hydro 18,0.061013115
2030,sc01,01-20 23:00:00+01:00,Solar 10,0.0
2030,sc01,01-20 23:00:00+01:00,CT NG 04,0.0
2030,sc01,01-20 23:00:00+01:00,ST Other 02,0.0
2030,sc01,01-20 23:00:00+01:00,CT NG 12,0.0
2030,sc01,01-20 23:00:00+01:00,CT NG 48,0.0
2030,sc01,01-20 23:00:00+01:00,ST NG 10,0.0
2030,sc01,01-20 23:00:00+01:00,Solar 22,0.0
2030,sc01,01-20 23:00:00+01:00,Solar 28,0.0
2030,sc01,01-20 23:00:00+01:00,CT NG 73,0.0
2030,sc01,01-20 23:00:00+01:00,Biomass 52,0.0
2030,sc01,01-20 23:00:00+01:00,CT NG 30,0.0
2030,sc01,01-20 23:00:00+01:00,Solar 54,0.0
2030,sc01,01-20 23:00:00+01:00,Solar 31,0.0
2030,sc01,01-20 23:00:00+01:00,Biomass 03,0.0
2030,sc01,01-20 23:00:00+01:00,CT NG 32,0.0
2030,sc01,01-20 23:00:00+01:00,Biomass 27,0.10308999999999999
2030,sc01,01-20 23:00:00+01:00,CC NG 14,0.0
2030,sc01,01-20 23:00:00+01:00,CC NG 03,0.0
2030,sc01,01-20 23:00:00+01:00,CC NG 29,0.0
2030,sc01,01-20 23:00:00+01:00,CC NG 28,0.0
2030,sc01,01-20 23:00:00+01:00,CC NG 25,0.0
2030,sc01,01-20 23:00:00+01:00,CT NG 44,0.0
2030,sc01,01-20 23:00:00+01:00,CT NG 14,0.0
2030,sc01,01-20 23:00:00+01:00,CC NG 15,0.0
2030,sc01,01-20 23:00:00+01:00,CC NG 04,0.0
2030,sc01,01-20 23:00:00+01:00,Biomass 29,0.10308999999999999
2030,sc01,01-20 23:00:00+01:00,Wind 14,1.2276644487000001
2030,sc01,01-20 23:00:00+01:00,Wind 08,0.0
2030,sc01,01-20 23:00:00+01:00,Biomass 61,0.0
2030,sc01,01-20 23:00:00+01:00,CT NG 35,0.0
2030,sc01,01-20 23:00:00+01:00,Solar 33,0.0
2030,sc01,01-20 23:00:00+01:00,CT NG 41,0.0
2030,sc01,01-20 23:00:00+01:00,CT NG 15,0.0
2030,sc01,01-20 23:00:00+01:00,Solar 42,0.0
2030,sc01,01-20 23:00:00+01:00,Solar 07,0.0
2030,sc01,01-20 23:00:00+01:00,Solar 43,0.0
2030,sc01,01-20 23:00:00+01:00,Biomass 05,0.027450000000000002
2030,sc01,01-20 23:00:00+01:00,CT NG 29,0.0
2030,sc01,01-20 23:00:00+01:00,Solar 71,0.0
2030,sc01,01-20 23:00:00+01:00,CT NG 53,0.0
2030,sc01,01-20 23:00:00+01:00,CT NG 20,0.0
2030,sc01,01-20 23:00:00+01:00,Biomass 14,0.05124
2030,sc01,01-20 23:00:00+01:00,Solar 26,0.0
2030,sc01,01-20 23:00:00+01:00,Hydro 29,67.39886340000001
2030,sc01,01-20 23:00:00+01:00,Hydro 31,0.0
2030,sc01,01-20 23:00:00+01:00,Biomass 24,0.027450000000000002
2030,sc01,01-20 23:00:00+01:00,Biomass 54,0.15189000000000002
2030,sc01,01-20 23:00:00+01:00,Solar 36,0.0
2030,sc01,01-20 23:00:00+01:00,Wind 03,1.15125300244
2030,sc01,01-20 23:00:00+01:00,Biomass 40,0.0
2030,sc01,01-20 23:00:00+01:00,Biomass 49,0.0
2030,sc01,01-20 23:00:00+01:00,CC NG 16,47.20082408713614
2030,sc01,01-20 23:00:00+01:00,Biomass 48,0.0
2030,sc01,01-20 23:00:00+01:00,Hydro 28,67.39886340000001
2030,sc01,01-20 23:00:00+01:00,Biomass 17,0.0
2030,sc01,01-20 23:00:00+01:00,CT NG 33,0.0
2030,sc01,01-20 23:00:00+01:00,Solar 45,0.0
2030,sc01,01-20 23:00:00+01:00,Hydro 24,0.0
2030,sc01,01-20 23:00:00+01:00,Wind 13,0.441613629944
2030,sc01,01-20 23:00:00+01:00,Biomass 07,0.122
2030,sc01,01-20 23:00:00+01:00,Biomass 34,0.0
2030,sc01,01-20 23:00:00+01:00,Biomass 33,0.0
2030,sc01,01-20 23:00:00+01:00,CT NG 01,0.0
2030,sc01,01-20 23:00:00+01:00,ICE NG 03,0.0
2030,sc01,01-20 23:00:00+01:00,Solar 55,0.0
2030,sc01,01-20 23:00:00+01:00,Solar 11,0.0
2030,sc01,01-20 23:00:00+01:00,CT NG 06,0.0
2030,sc01,01-20 23:00:00+01:00,CT NG 70,0.0
2030,sc01,01-20 23:00:00+01:00,Solar 23,0.0
2030,sc01,01-20 23:00:00+01:00,CT NG 67,0.0
2030,sc01,01-20 23:00:00+01:00,Solar 12,0.0
2030,sc01,01-20 23:00:00+01:00,CT Oil 01,0.0
2030,sc01,01-20 23:00:00+01:00,Hydro 26,0.0
2030,sc01,01-20 23:00:00+01:00,CC NG 22,0.0
2030,sc01,01-20 23:00:00+01:00,CC NG 35,0.0
2030,sc01,01-20 23:00:00+01:00,Biomass 50,0.0
2030,sc01,01-20 23:00:00+01:00,ICE NG 04,0.0
2030,sc01,01-20 23:00:00+01:00,CC NG 39,0.0
2030,sc01,01-20 23:00:00+01:00,Hydro 32,0.0
2030,sc01,01-20 23:00:00+01:00,ICE NG 07,0.0
2030,sc01,01-20 23:00:00+01:00,Biomass 46,0.0
2030,sc01,01-20 23:00:00+01:00,CC NG 38,0.0
2030,sc01,01-20 23:00:00+01:00,CC NG 12,0.0
2030,sc01,01-20 23:00:00+01:00,Solar 57,0.0
2030,sc01,01-20 23:00:00+01:00,CC NG 32,0.0
2030,sc01,01-20 23:00:00+01:00,CC NG 07,0.0
2030,sc01,01-20 23:00:00+01:00,Biomass 44,0.0
2030,sc01,01-20 23:00:00+01:00,CT NG 40,0.0
2030,sc01,01-20 23:00:00+01:00,Solar 74,0.0
2030,sc01,01-20 23:00:00+01:00,Hydro 30,0.0
2030,sc01,01-20 23:00:00+01:00,CT NG 42,0.0
2030,sc01,01-20 23:00:00+01:00,Hydro 22,0.03980067
2030,sc01,01-20 23:00:00+01:00,Solar 17,0.0
2030,sc01,01-20 23:00:00+01:00,Solar 38,0.0
2030,sc01,01-20 23:00:00+01:00,CT NG 24,0.0
2030,sc01,01-20 23:00:00+01:00,CC NG 27,0.0
2030,sc01,01-20 23:00:00+01:00,Biomass 21,0.02257
2030,sc01,01-20 23:00:00+01:00,ICE NG 06,0.0
2030,sc01,01-20 23:00:00+01:00,Biomass 25,0.027450000000000002
2030,sc01,01-20 23:00:00+01:00,Solar 27,0.0
2030,sc01,01-20 23:00:00+01:00,CT NG 19,0.0
2030,sc01,01-20 23:00:00+01:00,Biomass 42,0.0
2030,sc01,01-20 23:00:00+01:00,Biomass 19,0.02257
2030,sc01,01-20 23:00:00+01:00,Biomass 06,0.027450000000000002
2030,sc01,01-20 23:00:00+01:00,CT NG 10,0.0
2030,sc01,01-20 23:00:00+01:00,CC NG 40,0.0
2030,sc01,01-20 23:00:00+01:00,CC NG 21,0.0
2030,sc01,01-20 23:00:00+01:00,Biomass 02,0.06405000000000001
2030,sc01,01-20 23:00:00+01:00,CT NG 46,0.0
2030,sc01,01-20 23:00:00+01:00,Hydro 34,0.0
2030,sc01,01-20 23:00:00+01:00,Biomass 10,0.047580000000000004
2030,sc01,01-20 23:00:00+01:00,CT NG 17,0.0
2030,sc01,01-20 23:00:00+01:00,Biomass 62,0.11407
2030,sc01,01-20 23:00:00+01:00,Biomass 32,0.07319999999999999
2030,sc01,01-20 23:00:00+01:00,CC NG 19,8.25818
2030,sc01,01-20 23:00:00+01:00,CC NG 17,0.0
2030,sc01,01-20 23:00:00+01:00,ST NG 01,0.0
2030,sc01,01-20 23:00:00+01:00,Biomass 45,0.0
2030,sc01,01-20 23:00:00+01:00,Biomass 28,0.10308999999999999
2030,sc01,01-20 23:00:00+01:00,CC NG 10,0.0
2030,sc01,01-20 23:00:00+01:00,Biomass 23,0.027450000000000002
2030,sc01,01-20 23:00:00+01:00,ST NG 06,0.0
2030,sc01,01-20 23:00:00+01:00,Wind 10,0.0
2030,sc01,01-20 23:00:00+01:00,CT NG 69,0.0
2030,sc01,01-20 23:00:00+01:00,CT NG 68,0.0
2030,sc01,01-22 15:00:00+01:00,CC NG 13,0.0
2030,sc01,01-22 15:00:00+01:00,CT NG 37,0.0
2030,sc01,01-22 15:00:00+01:00,ST Coal 01,0.0
2030,sc01,01-22 15:00:00+01:00,CT NG 09,0.0
2030,sc01,01-22 15:00:00+01:00,CT NG 47,0.0
2030,sc01,01-22 15:00:00+01:00,Solar 69,9.996672418
2030,sc01,01-22 15:00:00+01:00,Solar 34,8.184814837100001
2030,sc01,01-22 15:00:00+01:00,Solar 73,0.0
2030,sc01,01-22 15:00:00+01:00,Biomass 37,0.0
2030,sc01,01-22 15:00:00+01:00,Hydro 20,12.8879091
2030,sc01,01-22 15:00:00+01:00,Solar 01,0.0
2030,sc01,01-22 15:00:00+01:00,Solar 62,0.0
2030,sc01,01-22 15:00:00+01:00,Solar 02,2.7736828788000003
2030,sc01,01-22 15:00:00+01:00,CT NG 26,0.0
2030,sc01,01-22 15:00:00+01:00,Biomass 20,0.0
2030,sc01,01-22 15:00:00+01:00,Wind 16,1.0436442392
2030,sc01,01-22 15:00:00+01:00,CT NG 66,0.0
2030,sc01,01-22 15:00:00+01:00,Solar 39,0.0
2030,sc01,01-22 15:00:00+01:00,Biomass 41,0.0
2030,sc01,01-22 15:00:00+01:00,Solar 72,0.0
2030,sc01,01-22 15:00:00+01:00,ST NG 03,0.0
2030,sc01,01-22 15:00:00+01:00,Hydro 21,0.0
2030,sc01,01-22 15:00:00+01:00,CT NG 03,0.0
2030,sc01,01-22 15:00:00+01:00,CC NG 09,0.0
2030,sc01,01-22 15:00:00+01:00,CT Oil 02,0.0
2030,sc01,01-22 15:00:00+01:00,CT NG 39,0.0
2030,sc01,01-22 15:00:00+01:00,CC NG 08,0.0
2030,sc01,01-22 15:00:00+01:00,Biomass 43,0.0
2030,sc01,01-22 15:00:00+01:00,CT NG 18,0.0
2030,sc01,01-22 15:00:00+01:00,ST NG 07,0.0
2030,sc01,01-22 15:00:00+01:00,Biomass 35,0.0
2030,sc01,01-22 15:00:00+01:00,Solar 32,0.0
2030,sc01,01-22 15:00:00+01:00,Biomass 15,0.0
2030,sc01,01-22 15:00:00+01:00,CC NG 31,0.0
2030,sc01,01-22 15:00:00+01:00,Solar 16,0.33781158218
2030,sc01,01-22 15:00:00+01:00,Solar 68,6.748603407
2030,sc01,01-22 15:00:00+01:00,CT NG 21,0.0
2030,sc01,01-22 15:00:00+01:00,Wind 11,0.0
2030,sc01,01-22 15:00:00+01:00,CC NG 37,0.0
2030,sc01,01-22 15:00:00+01:00,CT NG 22,0.0
2030,sc01,01-22 15:00:00+01:00,Hydro 16,0.0
2030,sc01,01-22 15:00:00+01:00,Biomass 59,0.0
2030,sc01,01-22 15:00:00+01:00,CC NG 01,0.0
2030,sc01,01-22 15:00:00+01:00,Biomass 16,0.0
2030,sc01,01-22 15:00:00+01:00,Solar 03,0.0
2030,sc01,01-22 15:00:00+01:00,Solar 44,0.0
2030,sc01,01-22 15:00:00+01:00,CT NG 08,0.0
2030,sc01,01-22 15:00:00+01:00,Wind 05,0.01377786012
2030,sc01,01-22 15:00:00+01:00,Biomass 26,0.0
2030,sc01,01-22 15:00:00+01:00,Solar 37,0.0
2030,sc01,01-22 15:00:00+01:00,Biomass 11,0.0
2030,sc01,01-22 15:00:00+01:00,Solar 59,0.0
2030,sc01,01-22 15:00:00+01:00,CT NG 11,0.0
2030,sc01,01-22 15:00:00+01:00,Biomass 30,0.0
2030,sc01,01-22 15:00:00+01:00,Hydro 23,0.0
2030,sc01,01-22 15:00:00+01:00,CC NG 24,0.0
2030,sc01,01-22 15:00:00+01:00,Solar 65,0.0
2030,sc01,01-22 15:00:00+01:00,CC NG 18,0.0
2030,sc01,01-22 15:00:00+01:00,CT NG 16,0.0
2030,sc01,01-22 15:00:00+01:00,Solar 51,0.0
2030,sc01,01-22 15:00:00+01:00,Wind 06,0.0
2030,sc01,01-22 15:00:00+01:00,CC NG 26,0.0
2030,sc01,01-22 15:00:00+01:00,CC NG 23,0.0
2030,sc01,01-22 15:00:00+01:00,CT NG 43,0.0
2030,sc01,01-22 15:00:00+01:00,CC NG 11,0.0
2030,sc01,01-22 15:00:00+01:00,CT NG 02,0.0
2030,sc01,01-22 15:00:00+01:00,CT NG 50,0.0
2030,sc01,01-22 15:00:00+01:00,Hydro 27,0.0
2030,sc01,01-22 15:00:00+01:00,CT NG 13,0.0
2030,sc01,01-22 15:00:00+01:00,CT NG 25,0.0
2030,sc01,01-22 15:00:00+01:00,CC NG 05,0.0
2030,sc01,01-22 15:00:00+01:00,Solar 04,0.0
2030,sc01,01-22 15:00:00+01:00,Solar 30,0.32575559035
2030,sc01,01-22 15:00:00+01:00,Solar 29,0.49019675746
2030,sc01,01-22 15:00:00+01:00,Solar 53,0.0
2030,sc01,01-22 15:00:00+01:00,Solar 21,0.86751380273
2030,sc01,01-22 15:00:00+01:00,Biomass 58,0.0
2030,sc01,01-22 15:00:00+01:00,CT NG 74,0.0
2030,sc01,01-22 15:00:00+01:00,Solar 61,0.0
2030,sc01,01-22 15:00:00+01:00,Wind 07,0.0
2030,sc01,01-22 15:00:00+01:00,Biomass 31,0.0
2030,sc01,01-22 15:00:00+01:00,CT Oil 05,0.0
2030,sc01,01-22 15:00:00+01:00,Biomass 38,0.0
2030,sc01,01-22 15:00:00+01:00,Solar 41,0.0
2030,sc01,01-22 15:00:00+01:00,Biomass 51,0.0
2030,sc01,01-22 15:00:00+01:00,Biomass 55,0.0
2030,sc01,01-22 15:00:00+01:00,Wind 15,1.55592374064
2030,sc01,01-22 15:00:00+01:00,Geo 01,0.0
2030,sc01,01-22 15:00:00+01:00,Biomass 60,0.0
2030,sc01,01-22 15:00:00+01:00,CT NG 38,0.0
2030,sc01,01-22 15:00:00+01:00,Solar 66,9.716088468599999
2030,sc01,01-22 15:00:00+01:00,Solar 49,0.0
2030,sc01,01-22 15:00:00+01:00,CT NG 51,0.0
2030,sc01,01-22 15:00:00+01:00,Biomass 18,0.0
2030,sc01,01-22 15:00:00+01:00,ICE NG 01,0.0
2030,sc01,01-22 15:00:00+01:00,Solar 15,0.49612328165
2030,sc01,01-22 15:00:00+01:00,ICE NG 05,0.0
2030,sc01,01-22 15:00:00+01:00,CT Oil 04,0.0
2030,sc01,01-22 15:00:00+01:00,CC NG 20,0.0
2030,sc01,01-22 15:00:00+01:00,Solar 20,0.46467577266
2030,sc01,01-22 15:00:00+01:00,Biomass 04,0.0
2030,sc01,01-22 15:00:00+01:00,Wind 02,0.6278232633999999
2030,sc01,01-22 15:00:00+01:00,Hydro 25,0.1286883
2030,sc01,01-22 15:00:00+01:00,Solar 75,1.8927714048
2030,sc01,01-22 15:00:00+01:00,Hydro 33,0.0
2030,sc01,01-22 15:00:00+01:00,ST NG 05,0.0
2030,sc01,01-22 15:00:00+01:00,CT NG 07,0.0
2030,sc01,01-22 15:00:00+01:00,Wind 01,0.064752964912
2030,sc01,01-22 15:00:00+01:00,Solar 56,0.0
2030,sc01,01-22 15:00:00+01:00,Biomass 09,0.0
2030,sc01,01-22 15:00:00+01:00,Biomass 53,0.0
2030,sc01,01-22 15:00:00+01:00,Wind 17,2.5148809716
2030,sc01,01-22 15:00:00+01:00,ST NG 08,0.0
2030,sc01,01-22 15:00:00+01:00,Hydro 19,0.0
2030,sc01,01-22 15:00:00+01:00,ST NG 02,0.0
2030,sc01,01-22 15:00:00+01:00,Biomass 01,0.0
2030,sc01,01-22 15:00:00+01:00,Biomass 57,0.0
2030,sc01,01-22 15:00:00+01:00,CT NG 49,0.0
2030,sc01,01-22 15:00:00+01:00,CT NG 31,0.0
2030,sc01,01-22 15:00:00+01:00,Solar 64,2.0599436503
2030,sc01,01-22 15:00:00+01:00,CC NG 33,0.0
2030,sc01,01-22 15:00:00+01:00,Solar 46,0.0
2030,sc01,01-22 15:00:00+01:00,Biomass 12,0.0
2030,sc01,01-22 15:00:00+01:00,Wind 04,0.50394310094
2030,sc01,01-22 15:00:00+01:00,Solar 13,0.012454494576000001
2030,sc01,01-22 15:00:00+01:00,CT NG 55,0.0
2030,sc01,01-22 15:00:00+01:00,Wind N03,27.676820523113758
2030,sc01,01-22 15:00:00+01:00,CT NG 28,0.0
2030,sc01,01-22 15:00:00+01:00,Wind 09,0.0
2030,sc01,01-22 15:00:00+01:00,Solar 60,0.5521213389700291
2030,sc01,01-22 15:00:00+01:00,Solar 25,0.09133099461600001
2030,sc01,01-22 15:00:00+01:00,CT NG 23,0.0
2030,sc01,01-22 15:00:00+01:00,ST Other 01,0.0
2030,sc01,01-22 15:00:00+01:00,Solar 70,11.2735750784
2030,sc01,01-22 15:00:00+01:00,CC NG 34,0.0
2030,sc01,01-22 15:00:00+01:00,Solar 48,0.0
2030,sc01,01-22 15:00:00+01:00,Biomass 56,0.0
2030,sc01,01-22 15:00:00+01:00,CT NG 36,0.0
2030,sc01,01-22 15:00:00+01:00,Solar 47,0.0
2030,sc01,01-22 15:00:00+01:00,Hydro 17,0.0
2030,sc01,01-22 15:00:00+01:00,Solar 09,0.6053207248200001
2030,sc01,01-22 15:00:00+01:00,Solar 08,0.11824835819200001
2030,sc01,01-22 15:00:00+01:00,CT NG 45,0.0
2030,sc01,01-22 15:00:00+01:00,ST NG 04,0.0
2030,sc01,01-22 15:00:00+01:00,Solar 40,0.0
2030,sc01,01-22 15:00:00+01:00,Biomass 47,0.0
2030,sc01,01-22 15:00:00+01:00,Solar 50,0.0
2030,sc01,01-22 15:00:00+01:00,Solar 52,0.0
2030,sc01,01-22 15:00:00+01:00,Solar 63,0.0
2030,sc01,01-22 15:00:00+01:00,CC NG 06,0.0
2030,sc01,01-22 15:00:00+01:00,Biomass 39,0.0
2030,sc01,01-22 15:00:00+01:00,Solar 67,2.9324706291
2030,sc01,01-22 15:00:00+01:00,Solar 19,0.0047103458559999995
2030,sc01,01-22 15:00:00+01:00,Wind 12,4.7732840023000005
2030,sc01,01-22 15:00:00+01:00,Solar 24,0.068119387328
2030,sc01,01-22 15:00:00+01:00,ICE NG 02,0.0
2030,sc01,01-22 15:00:00+01:00,Solar 05,0.00553886452
2030,sc01,01-22 15:00:00+01:00,CT NG 54,0.0
2030,sc01,01-22 15:00:00+01:00,Wind N01,30.33072449904289
2030,sc01,01-22 15:00:00+01:00,CT NG 27,0.0
2030,sc01,01-22 15:00:00+01:00,CC NG 36,0.0
2030,sc01,01-22 15:00:00+01:00,Wind N02,16.517738637080047
2030,sc01,01-22 15:00:00+01:00,CT NG 52,0.0
2030,sc01,01-22 15:00:00+01:00,Solar 35,0.0
2030,sc01,01-22 15:00:00+01:00,CT NG 05,0.0
2030,sc01,01-22 15:00:00+01:00,Biomass 36,0.0
2030,sc01,01-22 15:00:00+01:00,CT NG 34,0.0
2030,sc01,01-22 15:00:00+01:00,CT Oil 03,0.0
2030,sc01,01-22 15:00:00+01:00,Hydro 35,0.0
2030,sc01,01-22 15:00:00+01:00,Solar 14,0.5515773737899999
2030,sc01,01-22 15:00:00+01:00,CT NG 75,0.0
2030,sc01,01-22 15:00:00+01:00,ST NG 09,0.0
2030,sc01,01-22 15:00:00+01:00,CT NG 56,0.0
2030,sc01,01-22 15:00:00+01:00,Biomass 22,0.0
2030,sc01,01-22 15:00:00+01:00,Solar 18,0.5817834268400001
2030,sc01,01-22 15:00:00+01:00,Biomass 13,0.0
2030,sc01,01-22 15:00:00+01:00,CT NG 71,0.0
2030,sc01,01-22 15:00:00+01:00,Solar 58,0.0
2030,sc01,01-22 15:00:00+01:00,Solar 06,0.32541692944
2030,sc01,01-22 15:00:00+01:00,Biomass 08,0.0
2030,sc01,01-22 15:00:00+01:00,CT NG 72,0.0
2030,sc01,01-22 15:00:00+01:00,Hydro 18,0.0
2030,sc01,01-22 15:00:00+01:00,Solar 10,0.447592898
2030,sc01,01-22 15:00:00+01:00,CT NG 04,0.0
2030,sc01,01-22 15:00:00+01:00,ST Other 02,0.0
2030,sc01,01-22 15:00:00+01:00,CT NG 12,0.0
2030,sc01,01-22 15:00:00+01:00,CT NG 48,0.0
2030,sc01,01-22 15:00:00+01:00,ST NG 10,0.0
2030,sc01,01-22 15:00:00+01:00,Solar 22,0.50985756924
2030,sc01,01-22 15:00:00+01:00,Solar 28,0.45626315215
2030,sc01,01-22 15:00:00+01:00,CT NG 73,0.0
2030,sc01,01-22 15:00:00+01:00,Biomass 52,0.0
2030,sc01,01-22 15:00:00+01:00,CT NG 30,0.0
2030,sc01,01-22 15:00:00+01:00,Solar 54,0.0
2030,sc01,01-22 15:00:00+01:00,Solar 31,0.0
2030,sc01,01-22 15:00:00+01:00,Biomass 03,0.0
2030,sc01,01-22 15:00:00+01:00,CT NG 32,0.0
2030,sc01,01-22 15:00:00+01:00,Biomass 27,0.0
2030,sc01,01-22 15:00:00+01:00,CC NG 14,0.0
2030,sc01,01-22 15:00:00+01:00,CC NG 03,0.0
2030,sc01,01-22 15:00:00+01:00,CC NG 29,0.0
2030,sc01,01-22 15:00:00+01:00,CC NG 28,0.0
2030,sc01,01-22 15:00:00+01:00,CC NG 25,0.0
2030,sc01,01-22 15:00:00+01:00,CT NG 44,0.0
2030,sc01,01-22 15:00:00+01:00,CT NG 14,0.0
2030,sc01,01-22 15:00:00+01:00,CC NG 15,0.0
2030,sc01,01-22 15:00:00+01:00,CC NG 04,0.0
2030,sc01,01-22 15:00:00+01:00,Biomass 29,0.0
2030,sc01,01-22 15:00:00+01:00,Wind 14,0.0
2030,sc01,01-22 15:00:00+01:00,Wind 08,0.0
2030,sc01,01-22 15:00:00+01:00,Biomass 61,0.0
2030,sc01,01-22 15:00:00+01:00,CT NG 35,0.0
2030,sc01,01-22 15:00:00+01:00,Solar 33,0.0
2030,sc01,01-22 15:00:00+01:00,CT NG 41,0.0
2030,sc01,01-22 15:00:00+01:00,CT NG 15,0.0
2030,sc01,01-22 15:00:00+01:00,Solar 42,0.0
2030,sc01,01-22 15:00:00+01:00,Solar 07,0.010031992944
2030,sc01,01-22 15:00:00+01:00,Solar 43,0.0
2030,sc01,01-22 15:00:00+01:00,Biomass 05,0.0
2030,sc01,01-22 15:00:00+01:00,CT NG 29,0.0
2030,sc01,01-22 15:00:00+01:00,Solar 71,0.0
2030,sc01,01-22 15:00:00+01:00,CT NG 53,0.0
2030,sc01,01-22 15:00:00+01:00,CT NG 20,0.0
2030,sc01,01-22 15:00:00+01:00,Biomass 14,0.0
2030,sc01,01-22 15:00:00+01:00,Solar 26,0.08457887790400001
2030,sc01,01-22 15:00:00+01:00,Hydro 29,0.0
2030,sc01,01-22 15:00:00+01:00,Hydro 31,0.0
2030,sc01,01-22 15:00:00+01:00,Biomass 24,0.0
2030,sc01,01-22 15:00:00+01:00,Biomass 54,0.0
2030,sc01,01-22 15:00:00+01:00,Solar 36,1.13597828502
2030,sc01,01-22 15:00:00+01:00,Wind 03,0.8949896445600001
2030,sc01,01-22 15:00:00+01:00,Biomass 40,0.0
2030,sc01,01-22 15:00:00+01:00,Biomass 49,0.0
2030,sc01,01-22 15:00:00+01:00,CC NG 16,0.0
2030,sc01,01-22 15:00:00+01:00,Biomass 48,0.0
2030,sc01,01-22 15:00:00+01:00,Hydro 28,0.0
2030,sc01,01-22 15:00:00+01:00,Biomass 17,0.0
2030,sc01,01-22 15:00:00+01:00,CT NG 33,0.0
2030,sc01,01-22 15:00:00+01:00,Solar 45,0.0
2030,sc01,01-22 15:00:00+01:00,Hydro 24,0.0
2030,sc01,01-22 15:00:00+01:00,Wind 13,1.9155751300000001
2030,sc01,01-22 15:00:00+01:00,Biomass 07,0.0
2030,sc01,01-22 15:00:00+01:00,Biomass 34,0.0
2030,sc01,01-22 15:00:00+01:00,Biomass 33,0.0
2030,sc01,01-22 15:00:00+01:00,CT NG 01,0.0
2030,sc01,01-22 15:00:00+01:00,ICE NG 03,0.0
2030,sc01,01-22 15:00:00+01:00,Solar 55,0.0
2030,sc01,01-22 15:00:00+01:00,Solar 11,0.093429408792
2030,sc01,01-22 15:00:00+01:00,CT NG 06,0.0
2030,sc01,01-22 15:00:00+01:00,CT NG 70,0.0
2030,sc01,01-22 15:00:00+01:00,Solar 23,0.013834199888000002
2030,sc01,01-22 15:00:00+01:00,CT NG 67,0.0
2030,sc01,01-22 15:00:00+01:00,Solar 12,0.07232423288
2030,sc01,01-22 15:00:00+01:00,CT Oil 01,0.0
2030,sc01,01-22 15:00:00+01:00,Hydro 26,0.0
2030,sc01,01-22 15:00:00+01:00,CC NG 22,0.0
2030,sc01,01-22 15:00:00+01:00,CC NG 35,0.0
2030,sc01,01-22 15:00:00+01:00,Biomass 50,0.0
2030,sc01,01-22 15:00:00+01:00,ICE NG 04,0.0
2030,sc01,01-22 15:00:00+01:00,CC NG 39,0.0
2030,sc01,01-22 15:00:00+01:00,Hydro 32,0.0
2030,sc01,01-22 15:00:00+01:00,ICE NG 07,0.0
2030,sc01,01-22 15:00:00+01:00,Biomass 46,0.0
2030,sc01,01-22 15:00:00+01:00,CC NG 38,0.0
2030,sc01,01-22 15:00:00+01:00,CC NG 12,0.0
2030,sc01,01-22 15:00:00+01:00,Solar 57,0.0
2030,sc01,01-22 15:00:00+01:00,CC NG 32,0.0
2030,sc01,01-22 15:00:00+01:00,CC NG 07,0.0
2030,sc01,01-22 15:00:00+01:00,Biomass 44,0.0
2030,sc01,01-22 15:00:00+01:00,CT NG 40,0.0
2030,sc01,01-22 15:00:00+01:00,Solar 74,0.0
2030,sc01,01-22 15:00:00+01:00,Hydro 30,0.0
2030,sc01,01-22 15:00:00+01:00,CT NG 42,0.0
2030,sc01,01-22 15:00:00+01:00,Hydro 22,0.0
2030,sc01,01-22 15:00:00+01:00,Solar 17,0.14185672480800002
2030,sc01,01-22 15:00:00+01:00,Solar 38,0.0
2030,sc01,01-22 15:00:00+01:00,CT NG 24,0.0
2030,sc01,01-22 15:00:00+01:00,CC NG 27,0.0
2030,sc01,01-22 15:00:00+01:00,Biomass 21,0.0
2030,sc01,01-22 15:00:00+01:00,ICE NG 06,0.0
2030,sc01,01-22 15:00:00+01:00,Biomass 25,0.0
2030,sc01,01-22 15:00:00+01:00,Solar 27,0.057909744384
2030,sc01,01-22 15:00:00+01:00,CT NG 19,0.0
2030,sc01,01-22 15:00:00+01:00,Biomass 42,0.0
2030,sc01,01-22 15:00:00+01:00,Biomass 19,0.0
2030,sc01,01-22 15:00:00+01:00,Biomass 06,0.0
2030,sc01,01-22 15:00:00+01:00,CT NG 10,0.0
2030,sc01,01-22 15:00:00+01:00,CC NG 40,0.0
2030,sc01,01-22 15:00:00+01:00,CC NG 21,0.0
2030,sc01,01-22 15:00:00+01:00,Biomass 02,0.0
2030,sc01,01-22 15:00:00+01:00,CT NG 46,0.0
2030,sc01,01-22 15:00:00+01:00,Hydro 34,0.0
2030,sc01,01-22 15:00:00+01:00,Biomass 10,0.0
2030,sc01,01-22 15:00:00+01:00,CT NG 17,0.0
2030,sc01,01-22 15:00:00+01:00,Biomass 62,0.0
2030,sc01,01-22 15:00:00+01:00,Biomass 32,0.0
2030,sc01,01-22 15:00:00+01:00,CC NG 19,0.0
2030,sc01,01-22 15:00:00+01:00,CC NG 17,0.0
2030,sc01,01-22 15:00:00+01:00,ST NG 01,0.0
2030,sc01,01-22 15:00:00+01:00,Biomass 45,0.0
2030,sc01,01-22 15:00:00+01:00,Biomass 28,0.0
2030,sc01,01-22 15:00:00+01:00,CC NG 10,0.0
2030,sc01,01-22 15:00:00+01:00,Biomass 23,0.0
2030,sc01,01-22 15:00:00+01:00,ST NG 06,0.0
2030,sc01,01-22 15:00:00+01:00,Wind 10,0.0
2030,sc01,01-22 15:00:00+01:00,CT NG 69,0.0
2030,sc01,01-22 15:00:00+01:00,CT NG 68,0.0
2030,sc01,01-24 22:00:00+01:00,CC NG 13,0.0
2030,sc01,01-24 22:00:00+01:00,CT NG 37,0.0
2030,sc01,01-24 22:00:00+01:00,ST Coal 01,0.0
2030,sc01,01-24 22:00:00+01:00,CT NG 09,0.0
2030,sc01,01-24 22:00:00+01:00,CT NG 47,0.0
2030,sc01,01-24 22:00:00+01:00,Solar 69,0.0
2030,sc01,01-24 22:00:00+01:00,Solar 34,0.0
2030,sc01,01-24 22:00:00+01:00,Solar 73,0.0
2030,sc01,01-24 22:00:00+01:00,Biomass 37,0.03402
2030,sc01,01-24 22:00:00+01:00,Hydro 20,0.7573671000000001
2030,sc01,01-24 22:00:00+01:00,Solar 01,0.0
2030,sc01,01-24 22:00:00+01:00,Solar 62,0.0
2030,sc01,01-24 22:00:00+01:00,Solar 02,0.0
2030,sc01,01-24 22:00:00+01:00,CT NG 26,0.0
2030,sc01,01-24 22:00:00+01:00,Biomass 20,0.01554
2030,sc01,01-24 22:00:00+01:00,Wind 16,0.057593547984
2030,sc01,01-24 22:00:00+01:00,CT NG 66,0.0
2030,sc01,01-24 22:00:00+01:00,Solar 39,0.0
2030,sc01,01-24 22:00:00+01:00,Biomass 41,0.03822
2030,sc01,01-24 22:00:00+01:00,Solar 72,0.0
2030,sc01,01-24 22:00:00+01:00,ST NG 03,0.0
2030,sc01,01-24 22:00:00+01:00,Hydro 21,0.7573671000000001
2030,sc01,01-24 22:00:00+01:00,CT NG 03,0.0
2030,sc01,01-24 22:00:00+01:00,CC NG 09,0.0
2030,sc01,01-24 22:00:00+01:00,CT Oil 02,0.0
2030,sc01,01-24 22:00:00+01:00,CT NG 39,0.0
2030,sc01,01-24 22:00:00+01:00,CC NG 08,0.0
2030,sc01,01-24 22:00:00+01:00,Biomass 43,0.1197
2030,sc01,01-24 22:00:00+01:00,CT NG 18,0.15872219999999998
2030,sc01,01-24 22:00:00+01:00,ST NG 07,0.0
2030,sc01,01-24 22:00:00+01:00,Biomass 35,0.060480000000000006
2030,sc01,01-24 22:00:00+01:00,Solar 32,0.0
2030,sc01,01-24 22:00:00+01:00,Biomass 15,0.0
2030,sc01,01-24 22:00:00+01:00,CC NG 31,0.0
2030,sc01,01-24 22:00:00+01:00,Solar 16,0.0
2030,sc01,01-24 22:00:00+01:00,Solar 68,0.0
2030,sc01,01-24 22:00:00+01:00,CT NG 21,0.0
2030,sc01,01-24 22:00:00+01:00,Wind 11,0.09934883784000001
2030,sc01,01-24 22:00:00+01:00,CC NG 37,0.0
2030,sc01,01-24 22:00:00+01:00,CT NG 22,0.0
2030,sc01,01-24 22:00:00+01:00,Hydro 16,0.0
2030,sc01,01-24 22:00:00+01:00,Biomass 59,0.17388
2030,sc01,01-24 22:00:00+01:00,CC NG 01,0.0
2030,sc01,01-24 22:00:00+01:00,Biomass 16,0.0
2030,sc01,01-24 22:00:00+01:00,Solar 03,0.0
2030,sc01,01-24 22:00:00+01:00,Solar 44,0.0
2030,sc01,01-24 22:00:00+01:00,CT NG 08,0.0
2030,sc01,01-24 22:00:00+01:00,Wind 05,0.0
2030,sc01,01-24 22:00:00+01:00,Biomass 26,0.07098
2030,sc01,01-24 22:00:00+01:00,Solar 37,0.0
2030,sc01,01-24 22:00:00+01:00,Biomass 11,0.015960000000000002
2030,sc01,01-24 22:00:00+01:00,Solar 59,0.0
2030,sc01,01-24 22:00:00+01:00,CT NG 11,0.0
2030,sc01,01-24 22:00:00+01:00,Biomass 30,0.07098
2030,sc01,01-24 22:00:00+01:00,Hydro 23,0.0
2030,sc01,01-24 22:00:00+01:00,CC NG 24,0.0
2030,sc01,01-24 22:00:00+01:00,Solar 65,0.0
2030,sc01,01-24 22:00:00+01:00,CC NG 18,25.140066
2030,sc01,01-24 22:00:00+01:00,CT NG 16,0.0
2030,sc01,01-24 22:00:00+01:00,Solar 51,0.0
2030,sc01,01-24 22:00:00+01:00,Wind 06,0.093627969792
2030,sc01,01-24 22:00:00+01:00,CC NG 26,0.0
2030,sc01,01-24 22:00:00+01:00,CC NG 23,0.0
2030,sc01,01-24 22:00:00+01:00,CT NG 43,0.0
2030,sc01,01-24 22:00:00+01:00,CC NG 11,0.0
2030,sc01,01-24 22:00:00+01:00,CT NG 02,0.0
2030,sc01,01-24 22:00:00+01:00,CT NG 50,0.0
2030,sc01,01-24 22:00:00+01:00,Hydro 27,0.32661720000000005
2030,sc01,01-24 22:00:00+01:00,CT NG 13,0.0
2030,sc01,01-24 22:00:00+01:00,CT NG 25,0.0
2030,sc01,01-24 22:00:00+01:00,CC NG 05,0.2598860359163839
2030,sc01,01-24 22:00:00+01:00,Solar 04,0.0
2030,sc01,01-24 22:00:00+01:00,Solar 30,0.0
2030,sc01,01-24 22:00:00+01:00,Solar 29,0.0
2030,sc01,01-24 22:00:00+01:00,Solar 53,0.0
2030,sc01,01-24 22:00:00+01:00,Solar 21,0.0
2030,sc01,01-24 22:00:00+01:00,Biomass 58,0.08525999999999999
2030,sc01,01-24 22:00:00+01:00,CT NG 74,0.0
2030,sc01,01-24 22:00:00+01:00,Solar 61,0.0
2030,sc01,01-24 22:00:00+01:00,Wind 07,0.112248969504
2030,sc01,01-24 22:00:00+01:00,Biomass 31,0.07098
2030,sc01,01-24 22:00:00+01:00,CT Oil 05,0.0
2030,sc01,01-24 22:00:00+01:00,Biomass 38,0.03402
2030,sc01,01-24 22:00:00+01:00,Solar 41,0.0
2030,sc01,01-24 22:00:00+01:00,Biomass 51,0.007559999999999999
2030,sc01,01-24 22:00:00+01:00,Biomass 55,0.10458000000000002
2030,sc01,01-24 22:00:00+01:00,Wind 15,3.8218370870399996
2030,sc01,01-24 22:00:00+01:00,Geo 01,0.672
2030,sc01,01-24 22:00:00+01:00,Biomass 60,0.1134
2030,sc01,01-24 22:00:00+01:00,CT NG 38,0.0
2030,sc01,01-24 22:00:00+01:00,Solar 66,0.0
2030,sc01,01-24 22:00:00+01:00,Solar 49,0.0
2030,sc01,01-24 22:00:00+01:00,CT NG 51,0.0
2030,sc01,01-24 22:00:00+01:00,Biomass 18,0.0
2030,sc01,01-24 22:00:00+01:00,ICE NG 01,0.0
2030,sc01,01-24 22:00:00+01:00,Solar 15,0.0
2030,sc01,01-24 22:00:00+01:00,ICE NG 05,0.0
2030,sc01,01-24 22:00:00+01:00,CT Oil 04,0.0
2030,sc01,01-24 22:00:00+01:00,CC NG 20,0.0
2030,sc01,01-24 22:00:00+01:00,Solar 20,0.0
2030,sc01,01-24 22:00:00+01:00,Biomass 04,0.0105
2030,sc01,01-24 22:00:00+01:00,Wind 02,0.157871430192
2030,sc01,01-24 22:00:00+01:00,Hydro 25,0.32661720000000005
2030,sc01,01-24 22:00:00+01:00,Solar 75,0.0
2030,sc01,01-24 22:00:00+01:00,Hydro 33,0.0
2030,sc01,01-24 22:00:00+01:00,ST NG 05,0.0
2030,sc01,01-24 22:00:00+01:00,CT NG 07,0.0
2030,sc01,01-24 22:00:00+01:00,Wind 01,0.057430357152
2030,sc01,01-24 22:00:00+01:00,Solar 56,0.0
2030,sc01,01-24 22:00:00+01:00,Biomass 09,0.032760000000000004
2030,sc01,01-24 22:00:00+01:00,Biomass 53,0.10458000000000002
2030,sc01,01-24 22:00:00+01:00,Wind 17,29.815628035200003
2030,sc01,01-24 22:00:00+01:00,ST NG 08,0.0
2030,sc01,01-24 22:00:00+01:00,Hydro 19,0.022638000000000005
2030,sc01,01-24 22:00:00+01:00,ST NG 02,0.0
2030,sc01,01-24 22:00:00+01:00,Biomass 01,0.04410000000000001
2030,sc01,01-24 22:00:00+01:00,Biomass 57,0.08525999999999999
2030,sc01,01-24 22:00:00+01:00,CT NG 49,0.0
2030,sc01,01-24 22:00:00+01:00,CT NG 31,0.0
2030,sc01,01-24 22:00:00+01:00,Solar 64,0.0
2030,sc01,01-24 22:00:00+01:00,CC NG 33,0.0
2030,sc01,01-24 22:00:00+01:00,Solar 46,0.0
2030,sc01,01-24 22:00:00+01:00,Biomass 12,0.015960000000000002
2030,sc01,01-24 22:00:00+01:00,Wind 04,0.83475676368
2030,sc01,01-24 22:00:00+01:00,Solar 13,0.0
2030,sc01,01-24 22:00:00+01:00,CT NG 55,0.0
2030,sc01,01-24 22:00:00+01:00,Wind N03,219.96190143057282
2030,sc01,01-24 22:00:00+01:00,CT NG 28,0.0
2030,sc01,01-24 22:00:00+01:00,Wind 09,0.0
2030,sc01,01-24 22:00:00+01:00,Solar 60,0.0
2030,sc01,01-24 22:00:00+01:00,Solar 25,0.0
2030,sc01,01-24 22:00:00+01:00,CT NG 23,0.0
2030,sc01,01-24 22:00:00+01:00,ST Other 01,0.0
2030,sc01,01-24 22:00:00+01:00,Solar 70,0.0
2030,sc01,01-24 22:00:00+01:00,CC NG 34,0.0
2030,sc01,01-24 22:00:00+01:00,Solar 48,0.0
2030,sc01,01-24 22:00:00+01:00,Biomass 56,0.10709999999999999
2030,sc01,01-24 22:00:00+01:00,CT NG 36,0.0
2030,sc01,01-24 22:00:00+01:00,Solar 47,0.0
2030,sc01,01-24 22:00:00+01:00,Hydro 17,0.01130598
2030,sc01,01-24 22:00:00+01:00,Solar 09,0.0
2030,sc01,01-24 22:00:00+01:00,Solar 08,0.0
2030,sc01,01-24 22:00:00+01:00,CT NG 45,0.0
2030,sc01,01-24 22:00:00+01:00,ST NG 04,0.0
2030,sc01,01-24 22:00:00+01:00,Solar 40,0.0
2030,sc01,01-24 22:00:00+01:00,Biomass 47,0.09870000000000001
2030,sc01,01-24 22:00:00+01:00,Solar 50,0.0
2030,sc01,01-24 22:00:00+01:00,Solar 52,0.0
2030,sc01,01-24 22:00:00+01:00,Solar 63,0.0
2030,sc01,01-24 22:00:00+01:00,CC NG 06,0.0
2030,sc01,01-24 22:00:00+01:00,Biomass 39,0.03402
2030,sc01,01-24 22:00:00+01:00,Solar 67,0.0
2030,sc01,01-24 22:00:00+01:00,Solar 19,0.0
2030,sc01,01-24 22:00:00+01:00,Wind 12,1.36471320636
2030,sc01,01-24 22:00:00+01:00,Solar 24,0.0
2030,sc01,01-24 22:00:00+01:00,ICE NG 02,0.0
2030,sc01,01-24 22:00:00+01:00,Solar 05,0.0
2030,sc01,01-24 22:00:00+01:00,CT NG 54,0.0
2030,sc01,01-24 22:00:00+01:00,Wind N01,12.947279133600002
2030,sc01,01-24 22:00:00+01:00,CT NG 27,0.0
2030,sc01,01-24 22:00:00+01:00,CC NG 36,0.0
2030,sc01,01-24 22:00:00+01:00,Wind N02,1.96623021924
2030,sc01,01-24 22:00:00+01:00,CT NG 52,0.0
2030,sc01,01-24 22:00:00+01:00,Solar 35,0.0
2030,sc01,01-24 22:00:00+01:00,CT NG 05,0.0
2030,sc01,01-24 22:00:00+01:00,Biomass 36,0.060480000000000006
2030,sc01,01-24 22:00:00+01:00,CT NG 34,0.0
2030,sc01,01-24 22:00:00+01:00,CT Oil 03,0.0
2030,sc01,01-24 22:00:00+01:00,Hydro 35,0.0
2030,sc01,01-24 22:00:00+01:00,Solar 14,0.0
2030,sc01,01-24 22:00:00+01:00,CT NG 75,0.0
2030,sc01,01-24 22:00:00+01:00,ST NG 09,0.0
2030,sc01,01-24 22:00:00+01:00,CT NG 56,0.0
2030,sc01,01-24 22:00:00+01:00,Biomass 22,0.01554
2030,sc01,01-24 22:00:00+01:00,Solar 18,0.0
2030,sc01,01-24 22:00:00+01:00,Biomass 13,0.015960000000000002
2030,sc01,01-24 22:00:00+01:00,CT NG 71,0.0
2030,sc01,01-24 22:00:00+01:00,Solar 58,0.0
2030,sc01,01-24 22:00:00+01:00,Solar 06,0.0
2030,sc01,01-24 22:00:00+01:00,Biomass 08,0.032760000000000004
2030,sc01,01-24 22:00:00+01:00,CT NG 72,0.0
2030,sc01,01-24 22:00:00+01:00,Hydro 18,0.03894282
2030,sc01,01-24 22:00:00+01:00,Solar 10,0.0
2030,sc01,01-24 22:00:00+01:00,CT NG 04,0.0
2030,sc01,01-24 22:00:00+01:00,ST Other 02,0.0
2030,sc01,01-24 22:00:00+01:00,CT NG 12,0.0
2030,sc01,01-24 22:00:00+01:00,CT NG 48,0.0
2030,sc01,01-24 22:00:00+01:00,ST NG 10,0.0
2030,sc01,01-24 22:00:00+01:00,Solar 22,0.0
2030,sc01,01-24 22:00:00+01:00,Solar 28,0.0
2030,sc01,01-24 22:00:00+01:00,CT NG 73,0.0
2030,sc01,01-24 22:00:00+01:00,Biomass 52,0.07224
2030,sc01,01-24 22:00:00+01:00,CT NG 30,0.0
2030,sc01,01-24 22:00:00+01:00,Solar 54,0.0
2030,sc01,01-24 22:00:00+01:00,Solar 31,0.0
2030,sc01,01-24 22:00:00+01:00,Biomass 03,0.0105
2030,sc01,01-24 22:00:00+01:00,CT NG 32,0.0
2030,sc01,01-24 22:00:00+01:00,Biomass 27,0.07098
2030,sc01,01-24 22:00:00+01:00,CC NG 14,0.0
2030,sc01,01-24 22:00:00+01:00,CC NG 03,5.15716572
2030,sc01,01-24 22:00:00+01:00,CC NG 29,0.0
2030,sc01,01-24 22:00:00+01:00,CC NG 28,0.0
2030,sc01,01-24 22:00:00+01:00,CC NG 25,0.0
2030,sc01,01-24 22:00:00+01:00,CT NG 44,0.0
2030,sc01,01-24 22:00:00+01:00,CT NG 14,0.0
2030,sc01,01-24 22:00:00+01:00,CC NG 15,0.0
2030,sc01,01-24 22:00:00+01:00,CC NG 04,12.99648
2030,sc01,01-24 22:00:00+01:00,Biomass 29,0.07098
2030,sc01,01-24 22:00:00+01:00,Wind 14,0.26850751939199996
2030,sc01,01-24 22:00:00+01:00,Wind 08,0.008668921632
2030,sc01,01-24 22:00:00+01:00,Biomass 61,0.01974
2030,sc01,01-24 22:00:00+01:00,CT NG 35,0.0
2030,sc01,01-24 22:00:00+01:00,Solar 33,0.0
2030,sc01,01-24 22:00:00+01:00,CT NG 41,0.0
2030,sc01,01-24 22:00:00+01:00,CT NG 15,0.0
2030,sc01,01-24 22:00:00+01:00,Solar 42,0.0
2030,sc01,01-24 22:00:00+01:00,Solar 07,0.0
2030,sc01,01-24 22:00:00+01:00,Solar 43,0.0
2030,sc01,01-24 22:00:00+01:00,Biomass 05,0.0189
2030,sc01,01-24 22:00:00+01:00,CT NG 29,0.0
2030,sc01,01-24 22:00:00+01:00,Solar 71,0.0
2030,sc01,01-24 22:00:00+01:00,CT NG 53,0.0
2030,sc01,01-24 22:00:00+01:00,CT NG 20,0.0
2030,sc01,01-24 22:00:00+01:00,Biomass 14,0.03528
2030,sc01,01-24 22:00:00+01:00,Solar 26,0.0
2030,sc01,01-24 22:00:00+01:00,Hydro 29,46.4057748
2030,sc01,01-24 22:00:00+01:00,Hydro 31,0.0
2030,sc01,01-24 22:00:00+01:00,Biomass 24,0.0189
2030,sc01,01-24 22:00:00+01:00,Biomass 54,0.10458000000000002
2030,sc01,01-24 22:00:00+01:00,Solar 36,0.0
2030,sc01,01-24 22:00:00+01:00,Wind 03,1.67853226044
2030,sc01,01-24 22:00:00+01:00,Biomass 40,0.03402
2030,sc01,01-24 22:00:00+01:00,Biomass 49,0.016800000000000002
2030,sc01,01-24 22:00:00+01:00,CC NG 16,38.319309000000004
2030,sc01,01-24 22:00:00+01:00,Biomass 48,0.09870000000000001
2030,sc01,01-24 22:00:00+01:00,Hydro 28,46.4057748
2030,sc01,01-24 22:00:00+01:00,Biomass 17,0.0
2030,sc01,01-24 22:00:00+01:00,CT NG 33,0.0
2030,sc01,01-24 22:00:00+01:00,Solar 45,0.0
2030,sc01,01-24 22:00:00+01:00,Hydro 24,0.0
2030,sc01,01-24 22:00:00+01:00,Wind 13,0.6421363855200001
2030,sc01,01-24 22:00:00+01:00,Biomass 07,0.084
2030,sc01,01-24 22:00:00+01:00,Biomass 34,0.060480000000000006
2030,sc01,01-24 22:00:00+01:00,Biomass 33,0.060480000000000006
2030,sc01,01-24 22:00:00+01:00,CT NG 01,0.0
2030,sc01,01-24 22:00:00+01:00,ICE NG 03,0.0
2030,sc01,01-24 22:00:00+01:00,Solar 55,0.0
2030,sc01,01-24 22:00:00+01:00,Solar 11,0.0
2030,sc01,01-24 22:00:00+01:00,CT NG 06,0.0
2030,sc01,01-24 22:00:00+01:00,CT NG 70,0.0
2030,sc01,01-24 22:00:00+01:00,Solar 23,0.0
2030,sc01,01-24 22:00:00+01:00,CT NG 67,0.0
2030,sc01,01-24 22:00:00+01:00,Solar 12,0.0
2030,sc01,01-24 22:00:00+01:00,CT Oil 01,0.0
2030,sc01,01-24 22:00:00+01:00,Hydro 26,0.32661720000000005
2030,sc01,01-24 22:00:00+01:00,CC NG 22,1.0775617508593536
2030,sc01,01-24 22:00:00+01:00,CC NG 35,0.0
2030,sc01,01-24 22:00:00+01:00,Biomass 50,0.007559999999999999
2030,sc01,01-24 22:00:00+01:00,ICE NG 04,0.0
2030,sc01,01-24 22:00:00+01:00,CC NG 39,0.0
2030,sc01,01-24 22:00:00+01:00,Hydro 32,0.0
2030,sc01,01-24 22:00:00+01:00,ICE NG 07,0.0
2030,sc01,01-24 22:00:00+01:00,Biomass 46,0.02562
2030,sc01,01-24 22:00:00+01:00,CC NG 38,0.0
2030,sc01,01-24 22:00:00+01:00,CC NG 12,0.0
2030,sc01,01-24 22:00:00+01:00,Solar 57,0.0
2030,sc01,01-24 22:00:00+01:00,CC NG 32,0.0
2030,sc01,01-24 22:00:00+01:00,CC NG 07,0.0
2030,sc01,01-24 22:00:00+01:00,Biomass 44,0.04872
2030,sc01,01-24 22:00:00+01:00,CT NG 40,0.0
2030,sc01,01-24 22:00:00+01:00,Solar 74,0.0
2030,sc01,01-24 22:00:00+01:00,Hydro 30,0.0
2030,sc01,01-24 22:00:00+01:00,CT NG 42,0.0
2030,sc01,01-24 22:00:00+01:00,Hydro 22,0.7573671000000001
2030,sc01,01-24 22:00:00+01:00,Solar 17,0.0
2030,sc01,01-24 22:00:00+01:00,Solar 38,0.0
2030,sc01,01-24 22:00:00+01:00,CT NG 24,0.0
2030,sc01,01-24 22:00:00+01:00,CC NG 27,1.401183
2030,sc01,01-24 22:00:00+01:00,Biomass 21,0.01554
2030,sc01,01-24 22:00:00+01:00,ICE NG 06,0.0
2030,sc01,01-24 22:00:00+01:00,Biomass 25,0.0189
2030,sc01,01-24 22:00:00+01:00,Solar 27,0.0
2030,sc01,01-24 22:00:00+01:00,CT NG 19,0.0
2030,sc01,01-24 22:00:00+01:00,Biomass 42,0.03822
2030,sc01,01-24 22:00:00+01:00,Biomass 19,0.01554
2030,sc01,01-24 22:00:00+01:00,Biomass 06,0.0189
2030,sc01,01-24 22:00:00+01:00,CT NG 10,0.0
2030,sc01,01-24 22:00:00+01:00,CC NG 40,1.2577782382367033
2030,sc01,01-24 22:00:00+01:00,CC NG 21,0.0
2030,sc01,01-24 22:00:00+01:00,Biomass 02,0.04410000000000001
2030,sc01,01-24 22:00:00+01:00,CT NG 46,0.0
2030,sc01,01-24 22:00:00+01:00,Hydro 34,0.0
2030,sc01,01-24 22:00:00+01:00,Biomass 10,0.032760000000000004
2030,sc01,01-24 22:00:00+01:00,CT NG 17,0.28081620000000007
2030,sc01,01-24 22:00:00+01:00,Biomass 62,0.07854
2030,sc01,01-24 22:00:00+01:00,Biomass 32,0.05039999999999999
2030,sc01,01-24 22:00:00+01:00,CC NG 19,5.68596
2030,sc01,01-24 22:00:00+01:00,CC NG 17,0.0
2030,sc01,01-24 22:00:00+01:00,ST NG 01,0.0
2030,sc01,01-24 22:00:00+01:00,Biomass 45,0.04872
2030,sc01,01-24 22:00:00+01:00,Biomass 28,0.07098
2030,sc01,01-24 22:00:00+01:00,CC NG 10,0.0
2030,sc01,01-24 22:00:00+01:00,Biomass 23,0.0189
2030,sc01,01-24 22:00:00+01:00,ST NG 06,0.0
2030,sc01,01-24 22:00:00+01:00,Wind 10,0.0
2030,sc01,01-24 22:00:00+01:00,CT NG 69,0.0
2030,sc01,01-24 22:00:00+01:00,CT NG 68,0.0
2030,sc01,01-25 13:00:00+01:00,CC NG 13,0.0
2030,sc01,01-25 13:00:00+01:00,CT NG 37,0.0
2030,sc01,01-25 13:00:00+01:00,ST Coal 01,0.0
2030,sc01,01-25 13:00:00+01:00,CT NG 09,0.0
2030,sc01,01-25 13:00:00+01:00,CT NG 47,0.0
2030,sc01,01-25 13:00:00+01:00,Solar 69,16.7830592732
2030,sc01,01-25 13:00:00+01:00,Solar 34,2.9780094654781415
2030,sc01,01-25 13:00:00+01:00,Solar 73,0.0
2030,sc01,01-25 13:00:00+01:00,Biomass 37,0.0
2030,sc01,01-25 13:00:00+01:00,Hydro 20,0.44766611999999995
2030,sc01,01-25 13:00:00+01:00,Solar 01,10.7660537204
2030,sc01,01-25 13:00:00+01:00,Solar 62,0.0
2030,sc01,01-25 13:00:00+01:00,Solar 02,3.558624674
2030,sc01,01-25 13:00:00+01:00,CT NG 26,0.0
2030,sc01,01-25 13:00:00+01:00,Biomass 20,0.00814
2030,sc01,01-25 13:00:00+01:00,Wind 16,0.025013367632000003
2030,sc01,01-25 13:00:00+01:00,CT NG 66,0.0
2030,sc01,01-25 13:00:00+01:00,Solar 39,0.0
2030,sc01,01-25 13:00:00+01:00,Biomass 41,0.0
2030,sc01,01-25 13:00:00+01:00,Solar 72,0.0
2030,sc01,01-25 13:00:00+01:00,ST NG 03,0.0
2030,sc01,01-25 13:00:00+01:00,Hydro 21,0.0
2030,sc01,01-25 13:00:00+01:00,CT NG 03,0.0
2030,sc01,01-25 13:00:00+01:00,CC NG 09,0.0
2030,sc01,01-25 13:00:00+01:00,CT Oil 02,0.0
2030,sc01,01-25 13:00:00+01:00,CT NG 39,0.0
2030,sc01,01-25 13:00:00+01:00,CC NG 08,0.0
2030,sc01,01-25 13:00:00+01:00,Biomass 43,0.0
2030,sc01,01-25 13:00:00+01:00,CT NG 18,0.0
2030,sc01,01-25 13:00:00+01:00,ST NG 07,0.0
2030,sc01,01-25 13:00:00+01:00,Biomass 35,0.0
2030,sc01,01-25 13:00:00+01:00,Solar 32,0.0
2030,sc01,01-25 13:00:00+01:00,Biomass 15,0.0
2030,sc01,01-25 13:00:00+01:00,CC NG 31,0.0
2030,sc01,01-25 13:00:00+01:00,Solar 16,1.0066993024
2030,sc01,01-25 13:00:00+01:00,Solar 68,11.3617640312
2030,sc01,01-25 13:00:00+01:00,CT NG 21,0.0
2030,sc01,01-25 13:00:00+01:00,Wind 11,0.03697153504
2030,sc01,01-25 13:00:00+01:00,CC NG 37,0.0
2030,sc01,01-25 13:00:00+01:00,CT NG 22,0.0
2030,sc01,01-25 13:00:00+01:00,Hydro 16,0.0
2030,sc01,01-25 13:00:00+01:00,Biomass 59,0.09108000000000001
2030,sc01,01-25 13:00:00+01:00,CC NG 01,0.0
2030,sc01,01-25 13:00:00+01:00,Biomass 16,0.0
2030,sc01,01-25 13:00:00+01:00,Solar 03,3.7089714398
2030,sc01,01-25 13:00:00+01:00,Solar 44,0.0
2030,sc01,01-25 13:00:00+01:00,CT NG 08,0.0
2030,sc01,01-25 13:00:00+01:00,Wind 05,0.0
2030,sc01,01-25 13:00:00+01:00,Biomass 26,0.03718
2030,sc01,01-25 13:00:00+01:00,Solar 37,0.0
2030,sc01,01-25 13:00:00+01:00,Biomass 11,0.008360000000000001
2030,sc01,01-25 13:00:00+01:00,Solar 59,0.9557849171519115
2030,sc01,01-25 13:00:00+01:00,CT NG 11,0.0
2030,sc01,01-25 13:00:00+01:00,Biomass 30,0.03718
2030,sc01,01-25 13:00:00+01:00,Hydro 23,0.0
2030,sc01,01-25 13:00:00+01:00,CC NG 24,0.0
2030,sc01,01-25 13:00:00+01:00,Solar 65,7.230209540400001
2030,sc01,01-25 13:00:00+01:00,CC NG 18,0.0
2030,sc01,01-25 13:00:00+01:00,CT NG 16,0.0
2030,sc01,01-25 13:00:00+01:00,Solar 51,0.0
2030,sc01,01-25 13:00:00+01:00,Wind 06,0.21806720865600002
2030,sc01,01-25 13:00:00+01:00,CC NG 26,0.0
2030,sc01,01-25 13:00:00+01:00,CC NG 23,0.0
2030,sc01,01-25 13:00:00+01:00,CT NG 43,0.0
2030,sc01,01-25 13:00:00+01:00,CC NG 11,0.0
2030,sc01,01-25 13:00:00+01:00,CT NG 02,0.0
2030,sc01,01-25 13:00:00+01:00,CT NG 50,0.0
2030,sc01,01-25 13:00:00+01:00,Hydro 27,0.0
2030,sc01,01-25 13:00:00+01:00,CT NG 13,0.46046879999999996
2030,sc01,01-25 13:00:00+01:00,CT NG 25,0.0
2030,sc01,01-25 13:00:00+01:00,CC NG 05,0.0
2030,sc01,01-25 13:00:00+01:00,Solar 04,0.52654898802
2030,sc01,01-25 13:00:00+01:00,Solar 30,0.792
2030,sc01,01-25 13:00:00+01:00,Solar 29,1.13711775254
2030,sc01,01-25 13:00:00+01:00,Solar 53,0.0
2030,sc01,01-25 13:00:00+01:00,Solar 21,1.99792668944
2030,sc01,01-25 13:00:00+01:00,Biomass 58,0.04465999999999999
2030,sc01,01-25 13:00:00+01:00,CT NG 74,0.0
2030,sc01,01-25 13:00:00+01:00,Solar 61,0.0
2030,sc01,01-25 13:00:00+01:00,Wind 07,0.033990919775999995
2030,sc01,01-25 13:00:00+01:00,Biomass 31,0.03718
2030,sc01,01-25 13:00:00+01:00,CT Oil 05,0.0
2030,sc01,01-25 13:00:00+01:00,Biomass 38,0.0
2030,sc01,01-25 13:00:00+01:00,Solar 41,0.0
2030,sc01,01-25 13:00:00+01:00,Biomass 51,0.0
2030,sc01,01-25 13:00:00+01:00,Biomass 55,0.05478000000000001
2030,sc01,01-25 13:00:00+01:00,Wind 15,2.6117754652
2030,sc01,01-25 13:00:00+01:00,Geo 01,0.0
2030,sc01,01-25 13:00:00+01:00,Biomass 60,0.0594
2030,sc01,01-25 13:00:00+01:00,CT NG 38,0.0
2030,sc01,01-25 13:00:00+01:00,Solar 66,17.813516075436837
2030,sc01,01-25 13:00:00+01:00,Solar 49,0.0
2030,sc01,01-25 13:00:00+01:00,CT NG 51,0.0
2030,sc01,01-25 13:00:00+01:00,Biomass 18,0.0
2030,sc01,01-25 13:00:00+01:00,ICE NG 01,0.0
2030,sc01,01-25 13:00:00+01:00,Solar 15,1.1425961663600002
2030,sc01,01-25 13:00:00+01:00,ICE NG 05,0.0
2030,sc01,01-25 13:00:00+01:00,CT Oil 04,0.0
2030,sc01,01-25 13:00:00+01:00,CC NG 20,0.0
2030,sc01,01-25 13:00:00+01:00,Solar 20,1.0673724525200001
2030,sc01,01-25 13:00:00+01:00,Biomass 04,0.0
2030,sc01,01-25 13:00:00+01:00,Wind 02,0.25001478171999997
2030,sc01,01-25 13:00:00+01:00,Hydro 25,0.0
2030,sc01,01-25 13:00:00+01:00,Solar 75,1.28207458324
2030,sc01,01-25 13:00:00+01:00,Hydro 33,0.0
2030,sc01,01-25 13:00:00+01:00,ST NG 05,0.0
2030,sc01,01-25 13:00:00+01:00,CT NG 07,0.0
2030,sc01,01-25 13:00:00+01:00,Wind 01,0.020980853344
2030,sc01,01-25 13:00:00+01:00,Solar 56,0.0
2030,sc01,01-25 13:00:00+01:00,Biomass 09,0.01716
2030,sc01,01-25 13:00:00+01:00,Biomass 53,0.05478000000000001
2030,sc01,01-25 13:00:00+01:00,Wind 17,7.6322348674
2030,sc01,01-25 13:00:00+01:00,ST NG 08,0.0
2030,sc01,01-25 13:00:00+01:00,Hydro 19,0.0
2030,sc01,01-25 13:00:00+01:00,ST NG 02,0.0
2030,sc01,01-25 13:00:00+01:00,Biomass 01,0.023100000000000002
2030,sc01,01-25 13:00:00+01:00,Biomass 57,0.04465999999999999
2030,sc01,01-25 13:00:00+01:00,CT NG 49,0.0
2030,sc01,01-25 13:00:00+01:00,CT NG 31,0.0
2030,sc01,01-25 13:00:00+01:00,Solar 64,3.696
2030,sc01,01-25 13:00:00+01:00,CC NG 33,0.0
2030,sc01,01-25 13:00:00+01:00,Solar 46,0.0
2030,sc01,01-25 13:00:00+01:00,Biomass 12,0.008360000000000001
2030,sc01,01-25 13:00:00+01:00,Wind 04,0.3882270064200001
2030,sc01,01-25 13:00:00+01:00,Solar 13,0.028683309775999997
2030,sc01,01-25 13:00:00+01:00,CT NG 55,0.0
2030,sc01,01-25 13:00:00+01:00,Wind N03,80.05284025890971
2030,sc01,01-25 13:00:00+01:00,CT NG 28,0.0
2030,sc01,01-25 13:00:00+01:00,Wind 09,0.0
2030,sc01,01-25 13:00:00+01:00,Solar 60,0.0
2030,sc01,01-25 13:00:00+01:00,Solar 25,0.210339744384
2030,sc01,01-25 13:00:00+01:00,CT NG 23,0.0
2030,sc01,01-25 13:00:00+01:00,ST Other 01,0.0
2030,sc01,01-25 13:00:00+01:00,Solar 70,17.7237083936
2030,sc01,01-25 13:00:00+01:00,CC NG 34,0.0
2030,sc01,01-25 13:00:00+01:00,Solar 48,0.0
2030,sc01,01-25 13:00:00+01:00,Biomass 56,0.0561
2030,sc01,01-25 13:00:00+01:00,CT NG 36,0.0
2030,sc01,01-25 13:00:00+01:00,Solar 47,0.0
2030,sc01,01-25 13:00:00+01:00,Hydro 17,0.0
2030,sc01,01-25 13:00:00+01:00,Solar 09,0.0
2030,sc01,01-25 13:00:00+01:00,Solar 08,0.0
2030,sc01,01-25 13:00:00+01:00,CT NG 45,0.0
2030,sc01,01-25 13:00:00+01:00,ST NG 04,0.0
2030,sc01,01-25 13:00:00+01:00,Solar 40,0.0
2030,sc01,01-25 13:00:00+01:00,Biomass 47,0.0
2030,sc01,01-25 13:00:00+01:00,Solar 50,0.0
2030,sc01,01-25 13:00:00+01:00,Solar 52,0.0
2030,sc01,01-25 13:00:00+01:00,Solar 63,8.106161023399999
2030,sc01,01-25 13:00:00+01:00,CC NG 06,0.0
2030,sc01,01-25 13:00:00+01:00,Biomass 39,0.0
2030,sc01,01-25 13:00:00+01:00,Solar 67,0.0
2030,sc01,01-25 13:00:00+01:00,Solar 19,0.010848156704000002
2030,sc01,01-25 13:00:00+01:00,Wind 12,2.9403288948
2030,sc01,01-25 13:00:00+01:00,Solar 24,0.156882278432
2030,sc01,01-25 13:00:00+01:00,ICE NG 02,0.0
2030,sc01,01-25 13:00:00+01:00,Solar 05,0.0
2030,sc01,01-25 13:00:00+01:00,CT NG 54,0.0
2030,sc01,01-25 13:00:00+01:00,Wind N01,27.895427978
2030,sc01,01-25 13:00:00+01:00,CT NG 27,0.0
2030,sc01,01-25 13:00:00+01:00,CC NG 36,0.0
2030,sc01,01-25 13:00:00+01:00,Wind N02,1.4116725748399999
2030,sc01,01-25 13:00:00+01:00,CT NG 52,0.0
2030,sc01,01-25 13:00:00+01:00,Solar 35,0.0
2030,sc01,01-25 13:00:00+01:00,CT NG 05,0.0
2030,sc01,01-25 13:00:00+01:00,Biomass 36,0.0
2030,sc01,01-25 13:00:00+01:00,CT NG 34,0.0
2030,sc01,01-25 13:00:00+01:00,CT Oil 03,0.0
2030,sc01,01-25 13:00:00+01:00,Hydro 35,0.0
2030,sc01,01-25 13:00:00+01:00,Solar 14,1.27030965116
2030,sc01,01-25 13:00:00+01:00,CT NG 75,0.0
2030,sc01,01-25 13:00:00+01:00,ST NG 09,0.0
2030,sc01,01-25 13:00:00+01:00,CT NG 56,0.0
2030,sc01,01-25 13:00:00+01:00,Biomass 22,0.00814
2030,sc01,01-25 13:00:00+01:00,Solar 18,1.3398756674599999
2030,sc01,01-25 13:00:00+01:00,Biomass 13,0.008360000000000001
2030,sc01,01-25 13:00:00+01:00,CT NG 71,0.0
2030,sc01,01-25 13:00:00+01:00,Solar 58,0.0
2030,sc01,01-25 13:00:00+01:00,Solar 06,0.0
2030,sc01,01-25 13:00:00+01:00,Biomass 08,0.01716
2030,sc01,01-25 13:00:00+01:00,CT NG 72,0.0
2030,sc01,01-25 13:00:00+01:00,Hydro 18,0.0
2030,sc01,01-25 13:00:00+01:00,Solar 10,1.02813264092
2030,sc01,01-25 13:00:00+01:00,CT NG 04,0.0
2030,sc01,01-25 13:00:00+01:00,ST Other 02,0.0
2030,sc01,01-25 13:00:00+01:00,CT NG 12,0.0
2030,sc01,01-25 13:00:00+01:00,CT NG 48,0.0
2030,sc01,01-25 13:00:00+01:00,ST NG 10,0.0
2030,sc01,01-25 13:00:00+01:00,Solar 22,1.18272527164
2030,sc01,01-25 13:00:00+01:00,Solar 28,1.0584013910799999
2030,sc01,01-25 13:00:00+01:00,CT NG 73,0.0
2030,sc01,01-25 13:00:00+01:00,Biomass 52,0.0
2030,sc01,01-25 13:00:00+01:00,CT NG 30,0.0
2030,sc01,01-25 13:00:00+01:00,Solar 54,0.0
2030,sc01,01-25 13:00:00+01:00,Solar 31,0.0
2030,sc01,01-25 13:00:00+01:00,Biomass 03,0.0
2030,sc01,01-25 13:00:00+01:00,CT NG 32,0.0
2030,sc01,01-25 13:00:00+01:00,Biomass 27,0.03718
2030,sc01,01-25 13:00:00+01:00,CC NG 14,0.0
2030,sc01,01-25 13:00:00+01:00,CC NG 03,0.0
2030,sc01,01-25 13:00:00+01:00,CC NG 29,0.0
2030,sc01,01-25 13:00:00+01:00,CC NG 28,0.0
2030,sc01,01-25 13:00:00+01:00,CC NG 25,0.0
2030,sc01,01-25 13:00:00+01:00,CT NG 44,0.0
2030,sc01,01-25 13:00:00+01:00,CT NG 14,0.1863502423753545
2030,sc01,01-25 13:00:00+01:00,CC NG 15,0.0
2030,sc01,01-25 13:00:00+01:00,CC NG 04,0.0
2030,sc01,01-25 13:00:00+01:00,Biomass 29,0.03718
2030,sc01,01-25 13:00:00+01:00,Wind 14,0.192777375472
2030,sc01,01-25 13:00:00+01:00,Wind 08,0.0
2030,sc01,01-25 13:00:00+01:00,Biomass 61,0.0
2030,sc01,01-25 13:00:00+01:00,CT NG 35,0.0
2030,sc01,01-25 13:00:00+01:00,Solar 33,0.0
2030,sc01,01-25 13:00:00+01:00,CT NG 41,0.0
2030,sc01,01-25 13:00:00+01:00,CT NG 15,0.0
2030,sc01,01-25 13:00:00+01:00,Solar 42,0.0
2030,sc01,01-25 13:00:00+01:00,Solar 07,0.0
2030,sc01,01-25 13:00:00+01:00,Solar 43,0.0
2030,sc01,01-25 13:00:00+01:00,Biomass 05,0.0099
2030,sc01,01-25 13:00:00+01:00,CT NG 29,0.0
2030,sc01,01-25 13:00:00+01:00,Solar 71,14.052875828200001
2030,sc01,01-25 13:00:00+01:00,CT NG 53,0.0
2030,sc01,01-25 13:00:00+01:00,CT NG 20,0.0
2030,sc01,01-25 13:00:00+01:00,Biomass 14,0.01848
2030,sc01,01-25 13:00:00+01:00,Solar 26,0.19478928990399996
2030,sc01,01-25 13:00:00+01:00,Hydro 29,0.0
2030,sc01,01-25 13:00:00+01:00,Hydro 31,0.0
2030,sc01,01-25 13:00:00+01:00,Biomass 24,0.0099
2030,sc01,01-25 13:00:00+01:00,Biomass 54,0.05478000000000001
2030,sc01,01-25 13:00:00+01:00,Solar 36,0.0
2030,sc01,01-25 13:00:00+01:00,Wind 03,0.8127751423
2030,sc01,01-25 13:00:00+01:00,Biomass 40,0.0
2030,sc01,01-25 13:00:00+01:00,Biomass 49,0.0
2030,sc01,01-25 13:00:00+01:00,CC NG 16,0.886598188984098
2030,sc01,01-25 13:00:00+01:00,Biomass 48,0.0
2030,sc01,01-25 13:00:00+01:00,Hydro 28,0.0
2030,sc01,01-25 13:00:00+01:00,Biomass 17,0.0
2030,sc01,01-25 13:00:00+01:00,CT NG 33,0.0
2030,sc01,01-25 13:00:00+01:00,Solar 45,0.0
2030,sc01,01-25 13:00:00+01:00,Hydro 24,0.0
2030,sc01,01-25 13:00:00+01:00,Wind 13,1.3161565010000003
2030,sc01,01-25 13:00:00+01:00,Biomass 07,0.044
2030,sc01,01-25 13:00:00+01:00,Biomass 34,0.0
2030,sc01,01-25 13:00:00+01:00,Biomass 33,0.0
2030,sc01,01-25 13:00:00+01:00,CT NG 01,0.5414772
2030,sc01,01-25 13:00:00+01:00,ICE NG 03,0.0
2030,sc01,01-25 13:00:00+01:00,Solar 55,0.0
2030,sc01,01-25 13:00:00+01:00,Solar 11,0.215172494944
2030,sc01,01-25 13:00:00+01:00,CT NG 06,0.0
2030,sc01,01-25 13:00:00+01:00,CT NG 70,0.0
2030,sc01,01-25 13:00:00+01:00,Solar 23,0.031860838592
2030,sc01,01-25 13:00:00+01:00,CT NG 67,0.0
2030,sc01,01-25 13:00:00+01:00,Solar 12,0.16656624336
2030,sc01,01-25 13:00:00+01:00,CT Oil 01,0.0
2030,sc01,01-25 13:00:00+01:00,Hydro 26,0.0
2030,sc01,01-25 13:00:00+01:00,CC NG 22,0.0
2030,sc01,01-25 13:00:00+01:00,CC NG 35,0.0
2030,sc01,01-25 13:00:00+01:00,Biomass 50,0.0
2030,sc01,01-25 13:00:00+01:00,ICE NG 04,0.0
2030,sc01,01-25 13:00:00+01:00,CC NG 39,0.0
2030,sc01,01-25 13:00:00+01:00,Hydro 32,0.0
2030,sc01,01-25 13:00:00+01:00,ICE NG 07,0.0
2030,sc01,01-25 13:00:00+01:00,Biomass 46,0.0
2030,sc01,01-25 13:00:00+01:00,CC NG 38,0.0
2030,sc01,01-25 13:00:00+01:00,CC NG 12,0.0
2030,sc01,01-25 13:00:00+01:00,Solar 57,0.0
2030,sc01,01-25 13:00:00+01:00,CC NG 32,0.0
2030,sc01,01-25 13:00:00+01:00,CC NG 07,0.0
2030,sc01,01-25 13:00:00+01:00,Biomass 44,0.0
2030,sc01,01-25 13:00:00+01:00,CT NG 40,0.0
2030,sc01,01-25 13:00:00+01:00,Solar 74,4.3498629482
2030,sc01,01-25 13:00:00+01:00,Hydro 30,0.0
2030,sc01,01-25 13:00:00+01:00,CT NG 42,0.0
2030,sc01,01-25 13:00:00+01:00,Hydro 22,0.0
2030,sc01,01-25 13:00:00+01:00,Solar 17,0.32670297066000004
2030,sc01,01-25 13:00:00+01:00,Solar 38,0.0
2030,sc01,01-25 13:00:00+01:00,CT NG 24,0.0
2030,sc01,01-25 13:00:00+01:00,CC NG 27,0.0
2030,sc01,01-25 13:00:00+01:00,Biomass 21,0.00814
2030,sc01,01-25 13:00:00+01:00,ICE NG 06,0.0
2030,sc01,01-25 13:00:00+01:00,Biomass 25,0.0099
2030,sc01,01-25 13:00:00+01:00,Solar 27,0.13536796328
2030,sc01,01-25 13:00:00+01:00,CT NG 19,0.0
2030,sc01,01-25 13:00:00+01:00,Biomass 42,0.0
2030,sc01,01-25 13:00:00+01:00,Biomass 19,0.00814
2030,sc01,01-25 13:00:00+01:00,Biomass 06,0.0099
2030,sc01,01-25 13:00:00+01:00,CT NG 10,0.0
2030,sc01,01-25 13:00:00+01:00,CC NG 40,0.0
2030,sc01,01-25 13:00:00+01:00,CC NG 21,0.0
2030,sc01,01-25 13:00:00+01:00,Biomass 02,0.023100000000000002
2030,sc01,01-25 13:00:00+01:00,CT NG 46,0.0
2030,sc01,01-25 13:00:00+01:00,Hydro 34,0.0
2030,sc01,01-25 13:00:00+01:00,Biomass 10,0.01716
2030,sc01,01-25 13:00:00+01:00,CT NG 17,0.0
2030,sc01,01-25 13:00:00+01:00,Biomass 62,0.04114
2030,sc01,01-25 13:00:00+01:00,Biomass 32,0.026399999999999996
2030,sc01,01-25 13:00:00+01:00,CC NG 19,2.97836
2030,sc01,01-25 13:00:00+01:00,CC NG 17,0.0
2030,sc01,01-25 13:00:00+01:00,ST NG 01,0.0
2030,sc01,01-25 13:00:00+01:00,Biomass 45,0.0
2030,sc01,01-25 13:00:00+01:00,Biomass 28,0.03718
2030,sc01,01-25 13:00:00+01:00,CC NG 10,0.0
2030,sc01,01-25 13:00:00+01:00,Biomass 23,0.0099
2030,sc01,01-25 13:00:00+01:00,ST NG 06,0.0
2030,sc01,01-25 13:00:00+01:00,Wind 10,0.0
2030,sc01,01-25 13:00:00+01:00,CT NG 69,0.0
2030,sc01,01-25 13:00:00+01:00,CT NG 68,0.0
2030,sc01,01-26 15:00:00+01:00,CC NG 13,0.0
2030,sc01,01-26 15:00:00+01:00,CT NG 37,0.0
2030,sc01,01-26 15:00:00+01:00,ST Coal 01,0.0
2030,sc01,01-26 15:00:00+01:00,CT NG 09,0.0
2030,sc01,01-26 15:00:00+01:00,CT NG 47,0.0
2030,sc01,01-26 15:00:00+01:00,Solar 69,0.0
2030,sc01,01-26 15:00:00+01:00,Solar 34,0.0
2030,sc01,01-26 15:00:00+01:00,Solar 73,0.0
2030,sc01,01-26 15:00:00+01:00,Biomass 37,0.0
2030,sc01,01-26 15:00:00+01:00,Hydro 20,0.0
2030,sc01,01-26 15:00:00+01:00,Solar 01,3.2062658892
2030,sc01,01-26 15:00:00+01:00,Solar 62,0.0
2030,sc01,01-26 15:00:00+01:00,Solar 02,0.0
2030,sc01,01-26 15:00:00+01:00,CT NG 26,0.0
2030,sc01,01-26 15:00:00+01:00,Biomass 20,0.00407
2030,sc01,01-26 15:00:00+01:00,Wind 16,0.0
2030,sc01,01-26 15:00:00+01:00,CT NG 66,0.0
2030,sc01,01-26 15:00:00+01:00,Solar 39,0.0
2030,sc01,01-26 15:00:00+01:00,Biomass 41,0.0
2030,sc01,01-26 15:00:00+01:00,Solar 72,0.0
2030,sc01,01-26 15:00:00+01:00,ST NG 03,0.0
2030,sc01,01-26 15:00:00+01:00,Hydro 21,0.0
2030,sc01,01-26 15:00:00+01:00,CT NG 03,0.0
2030,sc01,01-26 15:00:00+01:00,CC NG 09,0.0
2030,sc01,01-26 15:00:00+01:00,CT Oil 02,0.0
2030,sc01,01-26 15:00:00+01:00,CT NG 39,0.0
2030,sc01,01-26 15:00:00+01:00,CC NG 08,0.0
2030,sc01,01-26 15:00:00+01:00,Biomass 43,0.0
2030,sc01,01-26 15:00:00+01:00,CT NG 18,0.04157009999999999
2030,sc01,01-26 15:00:00+01:00,ST NG 07,0.0
2030,sc01,01-26 15:00:00+01:00,Biomass 35,0.0
2030,sc01,01-26 15:00:00+01:00,Solar 32,0.0
2030,sc01,01-26 15:00:00+01:00,Biomass 15,0.0
2030,sc01,01-26 15:00:00+01:00,CC NG 31,0.0
2030,sc01,01-26 15:00:00+01:00,Solar 16,0.30747502885
2030,sc01,01-26 15:00:00+01:00,Solar 68,0.0
2030,sc01,01-26 15:00:00+01:00,CT NG 21,0.0
2030,sc01,01-26 15:00:00+01:00,Wind 11,0.0
2030,sc01,01-26 15:00:00+01:00,CC NG 37,0.0
2030,sc01,01-26 15:00:00+01:00,CT NG 22,0.0
2030,sc01,01-26 15:00:00+01:00,Hydro 16,0.0
2030,sc01,01-26 15:00:00+01:00,Biomass 59,0.045540000000000004
2030,sc01,01-26 15:00:00+01:00,CC NG 01,0.0
2030,sc01,01-26 15:00:00+01:00,Biomass 16,0.0
2030,sc01,01-26 15:00:00+01:00,Solar 03,1.0831322320499999
2030,sc01,01-26 15:00:00+01:00,Solar 44,0.0
2030,sc01,01-26 15:00:00+01:00,CT NG 08,0.0
2030,sc01,01-26 15:00:00+01:00,Wind 05,0.0
2030,sc01,01-26 15:00:00+01:00,Biomass 26,0.01859
2030,sc01,01-26 15:00:00+01:00,Solar 37,0.0
2030,sc01,01-26 15:00:00+01:00,Biomass 11,0.0041800000000000006
2030,sc01,01-26 15:00:00+01:00,Solar 59,0.0
2030,sc01,01-26 15:00:00+01:00,CT NG 11,0.0
2030,sc01,01-26 15:00:00+01:00,Biomass 30,0.01859
2030,sc01,01-26 15:00:00+01:00,Hydro 23,0.0
2030,sc01,01-26 15:00:00+01:00,CC NG 24,0.0
2030,sc01,01-26 15:00:00+01:00,Solar 65,3.5559937369
2030,sc01,01-26 15:00:00+01:00,CC NG 18,0.0
2030,sc01,01-26 15:00:00+01:00,CT NG 16,0.0
2030,sc01,01-26 15:00:00+01:00,Solar 51,0.0
2030,sc01,01-26 15:00:00+01:00,Wind 06,0.051707231576000004
2030,sc01,01-26 15:00:00+01:00,CC NG 26,0.0
2030,sc01,01-26 15:00:00+01:00,CC NG 23,0.0
2030,sc01,01-26 15:00:00+01:00,CT NG 43,0.0
2030,sc01,01-26 15:00:00+01:00,CC NG 11,0.0
2030,sc01,01-26 15:00:00+01:00,CT NG 02,0.0
2030,sc01,01-26 15:00:00+01:00,CT NG 50,0.0
2030,sc01,01-26 15:00:00+01:00,Hydro 27,0.0
2030,sc01,01-26 15:00:00+01:00,CT NG 13,0.0
2030,sc01,01-26 15:00:00+01:00,CT NG 25,0.0
2030,sc01,01-26 15:00:00+01:00,CC NG 05,0.015048626874469841
2030,sc01,01-26 15:00:00+01:00,Solar 04,0.18765957529000005
2030,sc01,01-26 15:00:00+01:00,Solar 30,0.29650170341
2030,sc01,01-26 15:00:00+01:00,Solar 29,0.37124540013
2030,sc01,01-26 15:00:00+01:00,Solar 53,0.0
2030,sc01,01-26 15:00:00+01:00,Solar 21,0.7120516466800001
2030,sc01,01-26 15:00:00+01:00,Biomass 58,0.022329999999999996
2030,sc01,01-26 15:00:00+01:00,CT NG 74,0.0
2030,sc01,01-26 15:00:00+01:00,Solar 61,0.0
2030,sc01,01-26 15:00:00+01:00,Wind 07,0.002576840112
2030,sc01,01-26 15:00:00+01:00,Biomass 31,0.01859
2030,sc01,01-26 15:00:00+01:00,CT Oil 05,0.0
2030,sc01,01-26 15:00:00+01:00,Biomass 38,0.0
2030,sc01,01-26 15:00:00+01:00,Solar 41,0.0
2030,sc01,01-26 15:00:00+01:00,Biomass 51,0.0
2030,sc01,01-26 15:00:00+01:00,Biomass 55,0.027390000000000005
2030,sc01,01-26 15:00:00+01:00,Wind 15,0.0
2030,sc01,01-26 15:00:00+01:00,Geo 01,0.0
2030,sc01,01-26 15:00:00+01:00,Biomass 60,0.0297
2030,sc01,01-26 15:00:00+01:00,CT NG 38,0.0
2030,sc01,01-26 15:00:00+01:00,Solar 66,0.020758113376
2030,sc01,01-26 15:00:00+01:00,Solar 49,0.0
2030,sc01,01-26 15:00:00+01:00,CT NG 51,0.0
2030,sc01,01-26 15:00:00+01:00,Biomass 18,0.0
2030,sc01,01-26 15:00:00+01:00,ICE NG 01,0.0
2030,sc01,01-26 15:00:00+01:00,Solar 15,0.40721588358000005
2030,sc01,01-26 15:00:00+01:00,ICE NG 05,0.0
2030,sc01,01-26 15:00:00+01:00,CT Oil 04,0.0
2030,sc01,01-26 15:00:00+01:00,CC NG 20,0.0
2030,sc01,01-26 15:00:00+01:00,Solar 20,0.36385004656
2030,sc01,01-26 15:00:00+01:00,Biomass 04,0.0
2030,sc01,01-26 15:00:00+01:00,Wind 02,0.016865426511999997
2030,sc01,01-26 15:00:00+01:00,Hydro 25,0.0
2030,sc01,01-26 15:00:00+01:00,Solar 75,1.2609356529
2030,sc01,01-26 15:00:00+01:00,Hydro 33,0.0
2030,sc01,01-26 15:00:00+01:00,ST NG 05,0.0
2030,sc01,01-26 15:00:00+01:00,CT NG 07,0.0
2030,sc01,01-26 15:00:00+01:00,Wind 01,0.006785271240000001
2030,sc01,01-26 15:00:00+01:00,Solar 56,0.0
2030,sc01,01-26 15:00:00+01:00,Biomass 09,0.00858
2030,sc01,01-26 15:00:00+01:00,Biomass 53,0.027390000000000005
2030,sc01,01-26 15:00:00+01:00,Wind 17,7.248286916783324
2030,sc01,01-26 15:00:00+01:00,ST NG 08,0.0
2030,sc01,01-26 15:00:00+01:00,Hydro 19,0.0
2030,sc01,01-26 15:00:00+01:00,ST NG 02,0.0
2030,sc01,01-26 15:00:00+01:00,Biomass 01,0.011550000000000001
2030,sc01,01-26 15:00:00+01:00,Biomass 57,0.022329999999999996
2030,sc01,01-26 15:00:00+01:00,CT NG 49,0.0
2030,sc01,01-26 15:00:00+01:00,CT NG 31,0.0
2030,sc01,01-26 15:00:00+01:00,Solar 64,1.848
2030,sc01,01-26 15:00:00+01:00,CC NG 33,0.0
2030,sc01,01-26 15:00:00+01:00,Solar 46,0.0
2030,sc01,01-26 15:00:00+01:00,Biomass 12,0.0041800000000000006
2030,sc01,01-26 15:00:00+01:00,Wind 04,0.21114843354
2030,sc01,01-26 15:00:00+01:00,Solar 13,0.010222596296
2030,sc01,01-26 15:00:00+01:00,CT NG 55,0.0
2030,sc01,01-26 15:00:00+01:00,Wind N03,55.19226511455928
2030,sc01,01-26 15:00:00+01:00,CT NG 28,0.0
2030,sc01,01-26 15:00:00+01:00,Wind 09,0.0
2030,sc01,01-26 15:00:00+01:00,Solar 60,0.0
2030,sc01,01-26 15:00:00+01:00,Solar 25,0.074964092632
2030,sc01,01-26 15:00:00+01:00,CT NG 23,0.0
2030,sc01,01-26 15:00:00+01:00,ST Other 01,0.0
2030,sc01,01-26 15:00:00+01:00,Solar 70,8.3594632801613
2030,sc01,01-26 15:00:00+01:00,CC NG 34,0.0
2030,sc01,01-26 15:00:00+01:00,Solar 48,0.0
2030,sc01,01-26 15:00:00+01:00,Biomass 56,0.02805
2030,sc01,01-26 15:00:00+01:00,CT NG 36,0.0
2030,sc01,01-26 15:00:00+01:00,Solar 47,0.0
2030,sc01,01-26 15:00:00+01:00,Hydro 17,0.0
2030,sc01,01-26 15:00:00+01:00,Solar 09,0.49684468152
2030,sc01,01-26 15:00:00+01:00,Solar 08,0.097057750416
2030,sc01,01-26 15:00:00+01:00,CT NG 45,0.0
2030,sc01,01-26 15:00:00+01:00,ST NG 04,0.0
2030,sc01,01-26 15:00:00+01:00,Solar 40,0.0
2030,sc01,01-26 15:00:00+01:00,Biomass 47,0.0
2030,sc01,01-26 15:00:00+01:00,Solar 50,0.0
2030,sc01,01-26 15:00:00+01:00,Solar 52,0.0
2030,sc01,01-26 15:00:00+01:00,Solar 63,3.9868080824000005
2030,sc01,01-26 15:00:00+01:00,CC NG 06,0.0
2030,sc01,01-26 15:00:00+01:00,Biomass 39,0.0
2030,sc01,01-26 15:00:00+01:00,Solar 67,2.6576497629
2030,sc01,01-26 15:00:00+01:00,Solar 19,0.0038662318640000004
2030,sc01,01-26 15:00:00+01:00,Wind 12,1.3181891536
2030,sc01,01-26 15:00:00+01:00,Solar 24,0.055912103896
2030,sc01,01-26 15:00:00+01:00,ICE NG 02,0.0
2030,sc01,01-26 15:00:00+01:00,Solar 05,0.004546276416
2030,sc01,01-26 15:00:00+01:00,CT NG 54,0.0
2030,sc01,01-26 15:00:00+01:00,Wind N01,12.505897096000002
2030,sc01,01-26 15:00:00+01:00,CT NG 27,0.0
2030,sc01,01-26 15:00:00+01:00,CC NG 36,0.0
2030,sc01,01-26 15:00:00+01:00,Wind N02,18.451825552954794
2030,sc01,01-26 15:00:00+01:00,CT NG 52,0.0
2030,sc01,01-26 15:00:00+01:00,Solar 35,0.0
2030,sc01,01-26 15:00:00+01:00,CT NG 05,0.0
2030,sc01,01-26 15:00:00+01:00,Biomass 36,0.0
2030,sc01,01-26 15:00:00+01:00,CT NG 34,0.0
2030,sc01,01-26 15:00:00+01:00,CT Oil 03,0.0
2030,sc01,01-26 15:00:00+01:00,Hydro 35,0.0
2030,sc01,01-26 15:00:00+01:00,Solar 14,0.45273236689999996
2030,sc01,01-26 15:00:00+01:00,CT NG 75,0.0
2030,sc01,01-26 15:00:00+01:00,ST NG 09,0.0
2030,sc01,01-26 15:00:00+01:00,CT NG 56,0.0
2030,sc01,01-26 15:00:00+01:00,Biomass 22,0.00407
2030,sc01,01-26 15:00:00+01:00,Solar 18,0.47752536711000004
2030,sc01,01-26 15:00:00+01:00,Biomass 13,0.0041800000000000006
2030,sc01,01-26 15:00:00+01:00,CT NG 71,0.0
2030,sc01,01-26 15:00:00+01:00,Solar 58,0.0
2030,sc01,01-26 15:00:00+01:00,Solar 06,0.07156336158400001
2030,sc01,01-26 15:00:00+01:00,Biomass 08,0.00858
2030,sc01,01-26 15:00:00+01:00,CT NG 72,0.0
2030,sc01,01-26 15:00:00+01:00,Hydro 18,0.0
2030,sc01,01-26 15:00:00+01:00,Solar 10,0.35047382788000003
2030,sc01,01-26 15:00:00+01:00,CT NG 04,0.0
2030,sc01,01-26 15:00:00+01:00,ST Other 02,0.0
2030,sc01,01-26 15:00:00+01:00,CT NG 12,0.0
2030,sc01,01-26 15:00:00+01:00,CT NG 48,0.0
2030,sc01,01-26 15:00:00+01:00,ST NG 10,0.0
2030,sc01,01-26 15:00:00+01:00,Solar 22,0.38613531066
2030,sc01,01-26 15:00:00+01:00,Solar 28,0.34554613808
2030,sc01,01-26 15:00:00+01:00,CT NG 73,0.0
2030,sc01,01-26 15:00:00+01:00,Biomass 52,0.0
2030,sc01,01-26 15:00:00+01:00,CT NG 30,0.0
2030,sc01,01-26 15:00:00+01:00,Solar 54,0.0
2030,sc01,01-26 15:00:00+01:00,Solar 31,0.0
2030,sc01,01-26 15:00:00+01:00,Biomass 03,0.0
2030,sc01,01-26 15:00:00+01:00,CT NG 32,0.0
2030,sc01,01-26 15:00:00+01:00,Biomass 27,0.01859
2030,sc01,01-26 15:00:00+01:00,CC NG 14,0.0
2030,sc01,01-26 15:00:00+01:00,CC NG 03,0.0
2030,sc01,01-26 15:00:00+01:00,CC NG 29,0.0
2030,sc01,01-26 15:00:00+01:00,CC NG 28,0.0
2030,sc01,01-26 15:00:00+01:00,CC NG 25,0.0
2030,sc01,01-26 15:00:00+01:00,CT NG 44,0.0
2030,sc01,01-26 15:00:00+01:00,CT NG 14,0.0
2030,sc01,01-26 15:00:00+01:00,CC NG 15,0.0
2030,sc01,01-26 15:00:00+01:00,CC NG 04,0.0
2030,sc01,01-26 15:00:00+01:00,Biomass 29,0.01859
2030,sc01,01-26 15:00:00+01:00,Wind 14,0.0
2030,sc01,01-26 15:00:00+01:00,Wind 08,0.0
2030,sc01,01-26 15:00:00+01:00,Biomass 61,0.0
2030,sc01,01-26 15:00:00+01:00,CT NG 35,0.0
2030,sc01,01-26 15:00:00+01:00,Solar 33,0.0
2030,sc01,01-26 15:00:00+01:00,CT NG 41,0.0
2030,sc01,01-26 15:00:00+01:00,CT NG 15,0.0
2030,sc01,01-26 15:00:00+01:00,Solar 42,0.0
2030,sc01,01-26 15:00:00+01:00,Solar 07,0.008234217288
2030,sc01,01-26 15:00:00+01:00,Solar 43,0.0
2030,sc01,01-26 15:00:00+01:00,Biomass 05,0.00495
2030,sc01,01-26 15:00:00+01:00,CT NG 29,0.0
2030,sc01,01-26 15:00:00+01:00,Solar 71,0.0
2030,sc01,01-26 15:00:00+01:00,CT NG 53,0.0
2030,sc01,01-26 15:00:00+01:00,CT NG 20,0.0
2030,sc01,01-26 15:00:00+01:00,Biomass 14,0.00924
2030,sc01,01-26 15:00:00+01:00,Solar 26,0.069421984016
2030,sc01,01-26 15:00:00+01:00,Hydro 29,0.0
2030,sc01,01-26 15:00:00+01:00,Hydro 31,0.0
2030,sc01,01-26 15:00:00+01:00,Biomass 24,0.00495
2030,sc01,01-26 15:00:00+01:00,Biomass 54,0.027390000000000005
2030,sc01,01-26 15:00:00+01:00,Solar 36,0.0
2030,sc01,01-26 15:00:00+01:00,Wind 03,0.3481475195
2030,sc01,01-26 15:00:00+01:00,Biomass 40,0.0
2030,sc01,01-26 15:00:00+01:00,Biomass 49,0.0
2030,sc01,01-26 15:00:00+01:00,CC NG 16,6.3458561475388295
2030,sc01,01-26 15:00:00+01:00,Biomass 48,0.0
2030,sc01,01-26 15:00:00+01:00,Hydro 28,0.0
2030,sc01,01-26 15:00:00+01:00,Biomass 17,0.0
2030,sc01,01-26 15:00:00+01:00,CT NG 33,0.0
2030,sc01,01-26 15:00:00+01:00,Solar 45,0.0
2030,sc01,01-26 15:00:00+01:00,Hydro 24,0.0
2030,sc01,01-26 15:00:00+01:00,Wind 13,0.21765654680000002
2030,sc01,01-26 15:00:00+01:00,Biomass 07,0.022
2030,sc01,01-26 15:00:00+01:00,Biomass 34,0.0
2030,sc01,01-26 15:00:00+01:00,Biomass 33,0.0
2030,sc01,01-26 15:00:00+01:00,CT NG 01,0.0
2030,sc01,01-26 15:00:00+01:00,ICE NG 03,0.0
2030,sc01,01-26 15:00:00+01:00,Solar 55,0.0
2030,sc01,01-26 15:00:00+01:00,Solar 11,0.076686462072
2030,sc01,01-26 15:00:00+01:00,CT NG 06,0.0
2030,sc01,01-26 15:00:00+01:00,CT NG 70,0.0
2030,sc01,01-26 15:00:00+01:00,Solar 23,0.011355052544
2030,sc01,01-26 15:00:00+01:00,CT NG 67,0.0
2030,sc01,01-26 15:00:00+01:00,Solar 12,0.059363423328
2030,sc01,01-26 15:00:00+01:00,CT Oil 01,0.0
2030,sc01,01-26 15:00:00+01:00,Hydro 26,0.0
2030,sc01,01-26 15:00:00+01:00,CC NG 22,0.0
2030,sc01,01-26 15:00:00+01:00,CC NG 35,0.0
2030,sc01,01-26 15:00:00+01:00,Biomass 50,0.0
2030,sc01,01-26 15:00:00+01:00,ICE NG 04,0.0
2030,sc01,01-26 15:00:00+01:00,CC NG 39,0.0
2030,sc01,01-26 15:00:00+01:00,Hydro 32,0.0
2030,sc01,01-26 15:00:00+01:00,ICE NG 07,0.0
2030,sc01,01-26 15:00:00+01:00,Biomass 46,0.0
2030,sc01,01-26 15:00:00+01:00,CC NG 38,0.0
2030,sc01,01-26 15:00:00+01:00,CC NG 12,0.0
2030,sc01,01-26 15:00:00+01:00,Solar 57,0.0
2030,sc01,01-26 15:00:00+01:00,CC NG 32,0.0
2030,sc01,01-26 15:00:00+01:00,CC NG 07,0.0
2030,sc01,01-26 15:00:00+01:00,Biomass 44,0.0
2030,sc01,01-26 15:00:00+01:00,CT NG 40,0.0
2030,sc01,01-26 15:00:00+01:00,Solar 74,0.0
2030,sc01,01-26 15:00:00+01:00,Hydro 30,0.0
2030,sc01,01-26 15:00:00+01:00,CT NG 42,0.0
2030,sc01,01-26 15:00:00+01:00,Hydro 22,0.0
2030,sc01,01-26 15:00:00+01:00,Solar 17,0.11643539754
2030,sc01,01-26 15:00:00+01:00,Solar 38,0.0
2030,sc01,01-26 15:00:00+01:00,CT NG 24,0.0
2030,sc01,01-26 15:00:00+01:00,CC NG 27,0.0
2030,sc01,01-26 15:00:00+01:00,Biomass 21,0.00407
2030,sc01,01-26 15:00:00+01:00,ICE NG 06,0.0
2030,sc01,01-26 15:00:00+01:00,Biomass 25,0.00495
2030,sc01,01-26 15:00:00+01:00,Solar 27,0.046137717296
2030,sc01,01-26 15:00:00+01:00,CT NG 19,0.0
2030,sc01,01-26 15:00:00+01:00,Biomass 42,0.0
2030,sc01,01-26 15:00:00+01:00,Biomass 19,0.00407
2030,sc01,01-26 15:00:00+01:00,Biomass 06,0.00495
2030,sc01,01-26 15:00:00+01:00,CT NG 10,0.0
2030,sc01,01-26 15:00:00+01:00,CC NG 40,0.0
2030,sc01,01-26 15:00:00+01:00,CC NG 21,0.0
2030,sc01,01-26 15:00:00+01:00,Biomass 02,0.011550000000000001
2030,sc01,01-26 15:00:00+01:00,CT NG 46,0.0
2030,sc01,01-26 15:00:00+01:00,Hydro 34,0.0
2030,sc01,01-26 15:00:00+01:00,Biomass 10,0.00858
2030,sc01,01-26 15:00:00+01:00,CT NG 17,0.0
2030,sc01,01-26 15:00:00+01:00,Biomass 62,0.02057
2030,sc01,01-26 15:00:00+01:00,Biomass 32,0.013199999999999998
2030,sc01,01-26 15:00:00+01:00,CC NG 19,1.48918
2030,sc01,01-26 15:00:00+01:00,CC NG 17,0.0
2030,sc01,01-26 15:00:00+01:00,ST NG 01,0.0
2030,sc01,01-26 15:00:00+01:00,Biomass 45,0.0
2030,sc01,01-26 15:00:00+01:00,Biomass 28,0.01859
2030,sc01,01-26 15:00:00+01:00,CC NG 10,0.0
2030,sc01,01-26 15:00:00+01:00,Biomass 23,0.00495
2030,sc01,01-26 15:00:00+01:00,ST NG 06,0.0
2030,sc01,01-26 15:00:00+01:00,Wind 10,0.0
2030,sc01,01-26 15:00:00+01:00,CT NG 69,0.0
2030,sc01,01-26 15:00:00+01:00,CT NG 68,0.0
2030,sc01,01-27 04:00:00+01:00,CC NG 13,0.0
2030,sc01,01-27 04:00:00+01:00,CT NG 37,0.0
2030,sc01,01-27 04:00:00+01:00,ST Coal 01,0.0
2030,sc01,01-27 04:00:00+01:00,CT NG 09,0.0
2030,sc01,01-27 04:00:00+01:00,CT NG 47,0.0
2030,sc01,01-27 04:00:00+01:00,Solar 69,0.0
2030,sc01,01-27 04:00:00+01:00,Solar 34,0.0
2030,sc01,01-27 04:00:00+01:00,Solar 73,0.0
2030,sc01,01-27 04:00:00+01:00,Biomass 37,0.0
2030,sc01,01-27 04:00:00+01:00,Hydro 20,0.6568293599999999
2030,sc01,01-27 04:00:00+01:00,Solar 01,0.0
2030,sc01,01-27 04:00:00+01:00,Solar 62,0.0
2030,sc01,01-27 04:00:00+01:00,Solar 02,0.0
2030,sc01,01-27 04:00:00+01:00,CT NG 26,0.0
2030,sc01,01-27 04:00:00+01:00,Biomass 20,0.01221
2030,sc01,01-27 04:00:00+01:00,Wind 16,0.0
2030,sc01,01-27 04:00:00+01:00,CT NG 66,0.0
2030,sc01,01-27 04:00:00+01:00,Solar 39,0.0
2030,sc01,01-27 04:00:00+01:00,Biomass 41,0.0
2030,sc01,01-27 04:00:00+01:00,Solar 72,0.0
2030,sc01,01-27 04:00:00+01:00,ST NG 03,0.0
2030,sc01,01-27 04:00:00+01:00,Hydro 21,0.6568293599999999
2030,sc01,01-27 04:00:00+01:00,CT NG 03,0.0
2030,sc01,01-27 04:00:00+01:00,CC NG 09,0.0
2030,sc01,01-27 04:00:00+01:00,CT Oil 02,0.0
2030,sc01,01-27 04:00:00+01:00,CT NG 39,0.0
2030,sc01,01-27 04:00:00+01:00,CC NG 08,0.0
2030,sc01,01-27 04:00:00+01:00,Biomass 43,0.0
2030,sc01,01-27 04:00:00+01:00,CT NG 18,0.12471029999999997
2030,sc01,01-27 04:00:00+01:00,ST NG 07,0.0
2030,sc01,01-27 04:00:00+01:00,Biomass 35,0.0
2030,sc01,01-27 04:00:00+01:00,Solar 32,0.0
2030,sc01,01-27 04:00:00+01:00,Biomass 15,0.0
2030,sc01,01-27 04:00:00+01:00,CC NG 31,0.0
2030,sc01,01-27 04:00:00+01:00,Solar 16,0.0
2030,sc01,01-27 04:00:00+01:00,Solar 68,0.0
2030,sc01,01-27 04:00:00+01:00,CT NG 21,0.0
2030,sc01,01-27 04:00:00+01:00,Wind 11,0.0
2030,sc01,01-27 04:00:00+01:00,CC NG 37,0.0
2030,sc01,01-27 04:00:00+01:00,CT NG 22,0.0
2030,sc01,01-27 04:00:00+01:00,Hydro 16,0.0
2030,sc01,01-27 04:00:00+01:00,Biomass 59,0.13662000000000002
2030,sc01,01-27 04:00:00+01:00,CC NG 01,0.0
2030,sc01,01-27 04:00:00+01:00,Biomass 16,0.0
2030,sc01,01-27 04:00:00+01:00,Solar 03,0.0
2030,sc01,01-27 04:00:00+01:00,Solar 44,0.0
2030,sc01,01-27 04:00:00+01:00,CT NG 08,0.0
2030,sc01,01-27 04:00:00+01:00,Wind 05,0.0
2030,sc01,01-27 04:00:00+01:00,Biomass 26,0.05576999999999999
2030,sc01,01-27 04:00:00+01:00,Solar 37,0.0
2030,sc01,01-27 04:00:00+01:00,Biomass 11,0.01254
2030,sc01,01-27 04:00:00+01:00,Solar 59,0.0
2030,sc01,01-27 04:00:00+01:00,CT NG 11,0.0
2030,sc01,01-27 04:00:00+01:00,Biomass 30,0.05576999999999999
2030,sc01,01-27 04:00:00+01:00,Hydro 23,0.0
2030,sc01,01-27 04:00:00+01:00,CC NG 24,0.0
2030,sc01,01-27 04:00:00+01:00,Solar 65,0.0
2030,sc01,01-27 04:00:00+01:00,CC NG 18,0.0
2030,sc01,01-27 04:00:00+01:00,CT NG 16,0.0
2030,sc01,01-27 04:00:00+01:00,Solar 51,0.0
2030,sc01,01-27 04:00:00+01:00,Wind 06,0.124460155512
2030,sc01,01-27 04:00:00+01:00,CC NG 26,0.0
2030,sc01,01-27 04:00:00+01:00,CC NG 23,0.0
2030,sc01,01-27 04:00:00+01:00,CT NG 43,0.0
2030,sc01,01-27 04:00:00+01:00,CC NG 11,0.0
2030,sc01,01-27 04:00:00+01:00,CT NG 02,0.0
2030,sc01,01-27 04:00:00+01:00,CT NG 50,0.0
2030,sc01,01-27 04:00:00+01:00,Hydro 27,0.0
2030,sc01,01-27 04:00:00+01:00,CT NG 13,0.0
2030,sc01,01-27 04:00:00+01:00,CT NG 25,0.0
2030,sc01,01-27 04:00:00+01:00,CC NG 05,0.0
2030,sc01,01-27 04:00:00+01:00,Solar 04,0.0
2030,sc01,01-27 04:00:00+01:00,Solar 30,0.0
2030,sc01,01-27 04:00:00+01:00,Solar 29,0.0
2030,sc01,01-27 04:00:00+01:00,Solar 53,0.0
2030,sc01,01-27 04:00:00+01:00,Solar 21,0.0
2030,sc01,01-27 04:00:00+01:00,Biomass 58,0.06699
2030,sc01,01-27 04:00:00+01:00,CT NG 74,0.0
2030,sc01,01-27 04:00:00+01:00,Solar 61,0.0
2030,sc01,01-27 04:00:00+01:00,Wind 07,0.019183601976
2030,sc01,01-27 04:00:00+01:00,Biomass 31,0.05576999999999999
2030,sc01,01-27 04:00:00+01:00,CT Oil 05,0.0
2030,sc01,01-27 04:00:00+01:00,Biomass 38,0.0
2030,sc01,01-27 04:00:00+01:00,Solar 41,0.0
2030,sc01,01-27 04:00:00+01:00,Biomass 51,0.0
2030,sc01,01-27 04:00:00+01:00,Biomass 55,0.08217000000000002
2030,sc01,01-27 04:00:00+01:00,Wind 15,0.0
2030,sc01,01-27 04:00:00+01:00,Geo 01,0.0
2030,sc01,01-27 04:00:00+01:00,Biomass 60,0.0891
2030,sc01,01-27 04:00:00+01:00,CT NG 38,0.0
2030,sc01,01-27 04:00:00+01:00,Solar 66,0.0
2030,sc01,01-27 04:00:00+01:00,Solar 49,0.0
2030,sc01,01-27 04:00:00+01:00,CT NG 51,0.0
2030,sc01,01-27 04:00:00+01:00,Biomass 18,0.0
2030,sc01,01-27 04:00:00+01:00,ICE NG 01,0.0
2030,sc01,01-27 04:00:00+01:00,Solar 15,0.0
2030,sc01,01-27 04:00:00+01:00,ICE NG 05,0.0
2030,sc01,01-27 04:00:00+01:00,CT Oil 04,0.0
2030,sc01,01-27 04:00:00+01:00,CC NG 20,0.0
2030,sc01,01-27 04:00:00+01:00,Solar 20,0.0
2030,sc01,01-27 04:00:00+01:00,Biomass 04,0.0
2030,sc01,01-27 04:00:00+01:00,Wind 02,0.0
2030,sc01,01-27 04:00:00+01:00,Hydro 25,0.0
2030,sc01,01-27 04:00:00+01:00,Solar 75,0.0
2030,sc01,01-27 04:00:00+01:00,Hydro 33,0.0
2030,sc01,01-27 04:00:00+01:00,ST NG 05,0.0
2030,sc01,01-27 04:00:00+01:00,CT NG 07,0.0
2030,sc01,01-27 04:00:00+01:00,Wind 01,0.029640465624000002
2030,sc01,01-27 04:00:00+01:00,Solar 56,0.0
2030,sc01,01-27 04:00:00+01:00,Biomass 09,0.025740000000000002
2030,sc01,01-27 04:00:00+01:00,Biomass 53,0.08217000000000002
2030,sc01,01-27 04:00:00+01:00,Wind 17,21.02273506234747
2030,sc01,01-27 04:00:00+01:00,ST NG 08,0.0
2030,sc01,01-27 04:00:00+01:00,Hydro 19,0.0
2030,sc01,01-27 04:00:00+01:00,ST NG 02,0.0
2030,sc01,01-27 04:00:00+01:00,Biomass 01,0.03465000000000001
2030,sc01,01-27 04:00:00+01:00,Biomass 57,0.06699
2030,sc01,01-27 04:00:00+01:00,CT NG 49,0.0
2030,sc01,01-27 04:00:00+01:00,CT NG 31,0.0
2030,sc01,01-27 04:00:00+01:00,Solar 64,0.0
2030,sc01,01-27 04:00:00+01:00,CC NG 33,0.0
2030,sc01,01-27 04:00:00+01:00,Solar 46,0.0
2030,sc01,01-27 04:00:00+01:00,Biomass 12,0.01254
2030,sc01,01-27 04:00:00+01:00,Wind 04,0.06820154088000001
2030,sc01,01-27 04:00:00+01:00,Solar 13,0.0
2030,sc01,01-27 04:00:00+01:00,CT NG 55,0.0
2030,sc01,01-27 04:00:00+01:00,Wind N03,89.0181773162805
2030,sc01,01-27 04:00:00+01:00,CT NG 28,0.0
2030,sc01,01-27 04:00:00+01:00,Wind 09,0.0
2030,sc01,01-27 04:00:00+01:00,Solar 60,0.0
2030,sc01,01-27 04:00:00+01:00,Solar 25,0.0
2030,sc01,01-27 04:00:00+01:00,CT NG 23,0.0
2030,sc01,01-27 04:00:00+01:00,ST Other 01,0.0
2030,sc01,01-27 04:00:00+01:00,Solar 70,0.0
2030,sc01,01-27 04:00:00+01:00,CC NG 34,0.0
2030,sc01,01-27 04:00:00+01:00,Solar 48,0.0
2030,sc01,01-27 04:00:00+01:00,Biomass 56,0.08414999999999999
2030,sc01,01-27 04:00:00+01:00,CT NG 36,0.0
2030,sc01,01-27 04:00:00+01:00,Solar 47,0.0
2030,sc01,01-27 04:00:00+01:00,Hydro 17,0.009128295000000002
2030,sc01,01-27 04:00:00+01:00,Solar 09,0.0
2030,sc01,01-27 04:00:00+01:00,Solar 08,0.0
2030,sc01,01-27 04:00:00+01:00,CT NG 45,0.0
2030,sc01,01-27 04:00:00+01:00,ST NG 04,0.0
2030,sc01,01-27 04:00:00+01:00,Solar 40,0.0
2030,sc01,01-27 04:00:00+01:00,Biomass 47,0.0
2030,sc01,01-27 04:00:00+01:00,Solar 50,0.0
2030,sc01,01-27 04:00:00+01:00,Solar 52,0.0
2030,sc01,01-27 04:00:00+01:00,Solar 63,0.0
2030,sc01,01-27 04:00:00+01:00,CC NG 06,0.0
2030,sc01,01-27 04:00:00+01:00,Biomass 39,0.0
2030,sc01,01-27 04:00:00+01:00,Solar 67,0.0
2030,sc01,01-27 04:00:00+01:00,Solar 19,0.0
2030,sc01,01-27 04:00:00+01:00,Wind 12,3.3525395574
2030,sc01,01-27 04:00:00+01:00,Solar 24,0.0
2030,sc01,01-27 04:00:00+01:00,ICE NG 02,0.0
2030,sc01,01-27 04:00:00+01:00,Solar 05,0.0
2030,sc01,01-27 04:00:00+01:00,CT NG 54,0.0
2030,sc01,01-27 04:00:00+01:00,Wind N01,31.8061445328
2030,sc01,01-27 04:00:00+01:00,CT NG 27,0.0
2030,sc01,01-27 04:00:00+01:00,CC NG 36,0.0
2030,sc01,01-27 04:00:00+01:00,Wind N02,79.218820263
2030,sc01,01-27 04:00:00+01:00,CT NG 52,0.0
2030,sc01,01-27 04:00:00+01:00,Solar 35,0.0
2030,sc01,01-27 04:00:00+01:00,CT NG 05,0.0
2030,sc01,01-27 04:00:00+01:00,Biomass 36,0.0
2030,sc01,01-27 04:00:00+01:00,CT NG 34,0.0
2030,sc01,01-27 04:00:00+01:00,CT Oil 03,0.0
2030,sc01,01-27 04:00:00+01:00,Hydro 35,0.0
2030,sc01,01-27 04:00:00+01:00,Solar 14,0.0
2030,sc01,01-27 04:00:00+01:00,CT NG 75,0.0
2030,sc01,01-27 04:00:00+01:00,ST NG 09,0.0
2030,sc01,01-27 04:00:00+01:00,CT NG 56,0.0
2030,sc01,01-27 04:00:00+01:00,Biomass 22,0.01221
2030,sc01,01-27 04:00:00+01:00,Solar 18,0.0
2030,sc01,01-27 04:00:00+01:00,Biomass 13,0.01254
2030,sc01,01-27 04:00:00+01:00,CT NG 71,0.0
2030,sc01,01-27 04:00:00+01:00,Solar 58,0.0
2030,sc01,01-27 04:00:00+01:00,Solar 06,0.0
2030,sc01,01-27 04:00:00+01:00,Biomass 08,0.025740000000000002
2030,sc01,01-27 04:00:00+01:00,CT NG 72,0.0
2030,sc01,01-27 04:00:00+01:00,Hydro 18,0.031441905
2030,sc01,01-27 04:00:00+01:00,Solar 10,0.0
2030,sc01,01-27 04:00:00+01:00,CT NG 04,0.0
2030,sc01,01-27 04:00:00+01:00,ST Other 02,0.0
2030,sc01,01-27 04:00:00+01:00,CT NG 12,0.0
2030,sc01,01-27 04:00:00+01:00,CT NG 48,0.0
2030,sc01,01-27 04:00:00+01:00,ST NG 10,0.0
2030,sc01,01-27 04:00:00+01:00,Solar 22,0.0
2030,sc01,01-27 04:00:00+01:00,Solar 28,0.0
2030,sc01,01-27 04:00:00+01:00,CT NG 73,0.0
2030,sc01,01-27 04:00:00+01:00,Biomass 52,0.0
2030,sc01,01-27 04:00:00+01:00,CT NG 30,0.0
2030,sc01,01-27 04:00:00+01:00,Solar 54,0.0
2030,sc01,01-27 04:00:00+01:00,Solar 31,0.0
2030,sc01,01-27 04:00:00+01:00,Biomass 03,0.0
2030,sc01,01-27 04:00:00+01:00,CT NG 32,0.0
2030,sc01,01-27 04:00:00+01:00,Biomass 27,0.05576999999999999
2030,sc01,01-27 04:00:00+01:00,CC NG 14,0.0
2030,sc01,01-27 04:00:00+01:00,CC NG 03,0.0
2030,sc01,01-27 04:00:00+01:00,CC NG 29,0.0
2030,sc01,01-27 04:00:00+01:00,CC NG 28,0.0
2030,sc01,01-27 04:00:00+01:00,CC NG 25,0.0
2030,sc01,01-27 04:00:00+01:00,CT NG 44,0.0
2030,sc01,01-27 04:00:00+01:00,CT NG 14,0.0
2030,sc01,01-27 04:00:00+01:00,CC NG 15,0.0
2030,sc01,01-27 04:00:00+01:00,CC NG 04,0.0
2030,sc01,01-27 04:00:00+01:00,Biomass 29,0.05576999999999999
2030,sc01,01-27 04:00:00+01:00,Wind 14,10.818086667300001
2030,sc01,01-27 04:00:00+01:00,Wind 08,0.0
2030,sc01,01-27 04:00:00+01:00,Biomass 61,0.0
2030,sc01,01-27 04:00:00+01:00,CT NG 35,0.0
2030,sc01,01-27 04:00:00+01:00,Solar 33,0.0
2030,sc01,01-27 04:00:00+01:00,CT NG 41,0.0
2030,sc01,01-27 04:00:00+01:00,CT NG 15,0.0
2030,sc01,01-27 04:00:00+01:00,Solar 42,0.0
2030,sc01,01-27 04:00:00+01:00,Solar 07,0.0
2030,sc01,01-27 04:00:00+01:00,Solar 43,0.0
2030,sc01,01-27 04:00:00+01:00,Biomass 05,0.014850000000000002
2030,sc01,01-27 04:00:00+01:00,CT NG 29,0.0
2030,sc01,01-27 04:00:00+01:00,Solar 71,0.0
2030,sc01,01-27 04:00:00+01:00,CT NG 53,0.0
2030,sc01,01-27 04:00:00+01:00,CT NG 20,0.0
2030,sc01,01-27 04:00:00+01:00,Biomass 14,0.02772
2030,sc01,01-27 04:00:00+01:00,Solar 26,0.0
2030,sc01,01-27 04:00:00+01:00,Hydro 29,0.0
2030,sc01,01-27 04:00:00+01:00,Hydro 31,0.0
2030,sc01,01-27 04:00:00+01:00,Biomass 24,0.014850000000000002
2030,sc01,01-27 04:00:00+01:00,Biomass 54,0.08217000000000002
2030,sc01,01-27 04:00:00+01:00,Solar 36,0.0
2030,sc01,01-27 04:00:00+01:00,Wind 03,0.084621536736
2030,sc01,01-27 04:00:00+01:00,Biomass 40,0.0
2030,sc01,01-27 04:00:00+01:00,Biomass 49,0.0
2030,sc01,01-27 04:00:00+01:00,CC NG 16,4.695954565082809
2030,sc01,01-27 04:00:00+01:00,Biomass 48,0.0
2030,sc01,01-27 04:00:00+01:00,Hydro 28,17.786300253347374
2030,sc01,01-27 04:00:00+01:00,Biomass 17,0.0
2030,sc01,01-27 04:00:00+01:00,CT NG 33,0.0
2030,sc01,01-27 04:00:00+01:00,Solar 45,0.0
2030,sc01,01-27 04:00:00+01:00,Hydro 24,0.0
2030,sc01,01-27 04:00:00+01:00,Wind 13,0.47391165195
2030,sc01,01-27 04:00:00+01:00,Biomass 07,0.066
2030,sc01,01-27 04:00:00+01:00,Biomass 34,0.0
2030,sc01,01-27 04:00:00+01:00,Biomass 33,0.0
2030,sc01,01-27 04:00:00+01:00,CT NG 01,0.0
2030,sc01,01-27 04:00:00+01:00,ICE NG 03,0.0
2030,sc01,01-27 04:00:00+01:00,Solar 55,0.0
2030,sc01,01-27 04:00:00+01:00,Solar 11,0.0
2030,sc01,01-27 04:00:00+01:00,CT NG 06,0.0
2030,sc01,01-27 04:00:00+01:00,CT NG 70,0.0
2030,sc01,01-27 04:00:00+01:00,Solar 23,0.0
2030,sc01,01-27 04:00:00+01:00,CT NG 67,0.0
2030,sc01,01-27 04:00:00+01:00,Solar 12,0.0
2030,sc01,01-27 04:00:00+01:00,CT Oil 01,0.0
2030,sc01,01-27 04:00:00+01:00,Hydro 26,0.0
2030,sc01,01-27 04:00:00+01:00,CC NG 22,0.0
2030,sc01,01-27 04:00:00+01:00,CC NG 35,0.0
2030,sc01,01-27 04:00:00+01:00,Biomass 50,0.0
2030,sc01,01-27 04:00:00+01:00,ICE NG 04,0.0
2030,sc01,01-27 04:00:00+01:00,CC NG 39,0.0
2030,sc01,01-27 04:00:00+01:00,Hydro 32,0.0
2030,sc01,01-27 04:00:00+01:00,ICE NG 07,0.0
2030,sc01,01-27 04:00:00+01:00,Biomass 46,0.0
2030,sc01,01-27 04:00:00+01:00,CC NG 38,0.0
2030,sc01,01-27 04:00:00+01:00,CC NG 12,0.0
2030,sc01,01-27 04:00:00+01:00,Solar 57,0.0
2030,sc01,01-27 04:00:00+01:00,CC NG 32,0.0
2030,sc01,01-27 04:00:00+01:00,CC NG 07,0.0
2030,sc01,01-27 04:00:00+01:00,Biomass 44,0.0
2030,sc01,01-27 04:00:00+01:00,CT NG 40,0.0
2030,sc01,01-27 04:00:00+01:00,Solar 74,0.0
2030,sc01,01-27 04:00:00+01:00,Hydro 30,0.0
2030,sc01,01-27 04:00:00+01:00,CT NG 42,0.0
2030,sc01,01-27 04:00:00+01:00,Hydro 22,0.6568293599999999
2030,sc01,01-27 04:00:00+01:00,Solar 17,0.0
2030,sc01,01-27 04:00:00+01:00,Solar 38,0.0
2030,sc01,01-27 04:00:00+01:00,CT NG 24,0.0
2030,sc01,01-27 04:00:00+01:00,CC NG 27,0.0
2030,sc01,01-27 04:00:00+01:00,Biomass 21,0.01221
2030,sc01,01-27 04:00:00+01:00,ICE NG 06,0.0
2030,sc01,01-27 04:00:00+01:00,Biomass 25,0.014850000000000002
2030,sc01,01-27 04:00:00+01:00,Solar 27,0.0
2030,sc01,01-27 04:00:00+01:00,CT NG 19,0.0
2030,sc01,01-27 04:00:00+01:00,Biomass 42,0.0
2030,sc01,01-27 04:00:00+01:00,Biomass 19,0.01221
2030,sc01,01-27 04:00:00+01:00,Biomass 06,0.014850000000000002
2030,sc01,01-27 04:00:00+01:00,CT NG 10,0.0
2030,sc01,01-27 04:00:00+01:00,CC NG 40,0.0
2030,sc01,01-27 04:00:00+01:00,CC NG 21,0.0
2030,sc01,01-27 04:00:00+01:00,Biomass 02,0.03465000000000001
2030,sc01,01-27 04:00:00+01:00,CT NG 46,0.0
2030,sc01,01-27 04:00:00+01:00,Hydro 34,0.0
2030,sc01,01-27 04:00:00+01:00,Biomass 10,0.025740000000000002
2030,sc01,01-27 04:00:00+01:00,CT NG 17,0.0
2030,sc01,01-27 04:00:00+01:00,Biomass 62,0.06171
2030,sc01,01-27 04:00:00+01:00,Biomass 32,0.039599999999999996
2030,sc01,01-27 04:00:00+01:00,CC NG 19,4.46754
2030,sc01,01-27 04:00:00+01:00,CC NG 17,0.0
2030,sc01,01-27 04:00:00+01:00,ST NG 01,0.0
2030,sc01,01-27 04:00:00+01:00,Biomass 45,0.0
2030,sc01,01-27 04:00:00+01:00,Biomass 28,0.05576999999999999
2030,sc01,01-27 04:00:00+01:00,CC NG 10,0.0
2030,sc01,01-27 04:00:00+01:00,Biomass 23,0.014850000000000002
2030,sc01,01-27 04:00:00+01:00,ST NG 06,0.0
2030,sc01,01-27 04:00:00+01:00,Wind 10,0.0
2030,sc01,01-27 04:00:00+01:00,CT NG 69,0.0
2030,sc01,01-27 04:00:00+01:00,CT NG 68,0.0
2030,sc01,01-27 06:00:00+01:00,CC NG 13,0.0
2030,sc01,01-27 06:00:00+01:00,CT NG 37,0.0
2030,sc01,01-27 06:00:00+01:00,ST Coal 01,0.0
2030,sc01,01-27 06:00:00+01:00,CT NG 09,0.0
2030,sc01,01-27 06:00:00+01:00,CT NG 47,0.0
2030,sc01,01-27 06:00:00+01:00,Solar 69,0.0
2030,sc01,01-27 06:00:00+01:00,Solar 34,0.0
2030,sc01,01-27 06:00:00+01:00,Solar 73,0.0
2030,sc01,01-27 06:00:00+01:00,Biomass 37,0.0
2030,sc01,01-27 06:00:00+01:00,Hydro 20,0.45539537999999996
2030,sc01,01-27 06:00:00+01:00,Solar 01,0.0
2030,sc01,01-27 06:00:00+01:00,Solar 62,0.0
2030,sc01,01-27 06:00:00+01:00,Solar 02,0.0
2030,sc01,01-27 06:00:00+01:00,CT NG 26,0.0
2030,sc01,01-27 06:00:00+01:00,Biomass 20,0.00814
2030,sc01,01-27 06:00:00+01:00,Wind 16,0.0
2030,sc01,01-27 06:00:00+01:00,CT NG 66,0.0
2030,sc01,01-27 06:00:00+01:00,Solar 39,0.0
2030,sc01,01-27 06:00:00+01:00,Biomass 41,0.0
2030,sc01,01-27 06:00:00+01:00,Solar 72,0.0
2030,sc01,01-27 06:00:00+01:00,ST NG 03,0.0
2030,sc01,01-27 06:00:00+01:00,Hydro 21,0.45539537999999996
2030,sc01,01-27 06:00:00+01:00,CT NG 03,0.0
2030,sc01,01-27 06:00:00+01:00,CC NG 09,0.0
2030,sc01,01-27 06:00:00+01:00,CT Oil 02,0.0
2030,sc01,01-27 06:00:00+01:00,CT NG 39,0.0
2030,sc01,01-27 06:00:00+01:00,CC NG 08,0.0
2030,sc01,01-27 06:00:00+01:00,Biomass 43,0.0
2030,sc01,01-27 06:00:00+01:00,CT NG 18,0.08314019999999998
2030,sc01,01-27 06:00:00+01:00,ST NG 07,0.0
2030,sc01,01-27 06:00:00+01:00,Biomass 35,0.0
2030,sc01,01-27 06:00:00+01:00,Solar 32,0.0
2030,sc01,01-27 06:00:00+01:00,Biomass 15,0.0
2030,sc01,01-27 06:00:00+01:00,CC NG 31,0.0
2030,sc01,01-27 06:00:00+01:00,Solar 16,0.0
2030,sc01,01-27 06:00:00+01:00,Solar 68,0.0
2030,sc01,01-27 06:00:00+01:00,CT NG 21,0.0
2030,sc01,01-27 06:00:00+01:00,Wind 11,0.0
2030,sc01,01-27 06:00:00+01:00,CC NG 37,0.0
2030,sc01,01-27 06:00:00+01:00,CT NG 22,0.0
2030,sc01,01-27 06:00:00+01:00,Hydro 16,0.0
2030,sc01,01-27 06:00:00+01:00,Biomass 59,0.09108000000000001
2030,sc01,01-27 06:00:00+01:00,CC NG 01,0.0
2030,sc01,01-27 06:00:00+01:00,Biomass 16,0.0
2030,sc01,01-27 06:00:00+01:00,Solar 03,0.0
2030,sc01,01-27 06:00:00+01:00,Solar 44,0.0
2030,sc01,01-27 06:00:00+01:00,CT NG 08,0.0
2030,sc01,01-27 06:00:00+01:00,Wind 05,0.0
2030,sc01,01-27 06:00:00+01:00,Biomass 26,0.03718
2030,sc01,01-27 06:00:00+01:00,Solar 37,0.0
2030,sc01,01-27 06:00:00+01:00,Biomass 11,0.008360000000000001
2030,sc01,01-27 06:00:00+01:00,Solar 59,0.0
2030,sc01,01-27 06:00:00+01:00,CT NG 11,0.0
2030,sc01,01-27 06:00:00+01:00,Biomass 30,0.03718
2030,sc01,01-27 06:00:00+01:00,Hydro 23,0.0
2030,sc01,01-27 06:00:00+01:00,CC NG 24,0.0
2030,sc01,01-27 06:00:00+01:00,Solar 65,0.0
2030,sc01,01-27 06:00:00+01:00,CC NG 18,0.0
2030,sc01,01-27 06:00:00+01:00,CT NG 16,0.0
2030,sc01,01-27 06:00:00+01:00,Solar 51,0.0
2030,sc01,01-27 06:00:00+01:00,Wind 06,0.069658489824
2030,sc01,01-27 06:00:00+01:00,CC NG 26,0.0
2030,sc01,01-27 06:00:00+01:00,CC NG 23,0.0
2030,sc01,01-27 06:00:00+01:00,CT NG 43,0.0
2030,sc01,01-27 06:00:00+01:00,CC NG 11,0.0
2030,sc01,01-27 06:00:00+01:00,CT NG 02,0.0
2030,sc01,01-27 06:00:00+01:00,CT NG 50,0.0
2030,sc01,01-27 06:00:00+01:00,Hydro 27,0.0
2030,sc01,01-27 06:00:00+01:00,CT NG 13,0.0
2030,sc01,01-27 06:00:00+01:00,CT NG 25,0.0
2030,sc01,01-27 06:00:00+01:00,CC NG 05,0.0
2030,sc01,01-27 06:00:00+01:00,Solar 04,0.0
2030,sc01,01-27 06:00:00+01:00,Solar 30,0.0
2030,sc01,01-27 06:00:00+01:00,Solar 29,0.0
2030,sc01,01-27 06:00:00+01:00,Solar 53,0.0
2030,sc01,01-27 06:00:00+01:00,Solar 21,0.0
2030,sc01,01-27 06:00:00+01:00,Biomass 58,0.04465999999999999
2030,sc01,01-27 06:00:00+01:00,CT NG 74,0.0
2030,sc01,01-27 06:00:00+01:00,Solar 61,0.0
2030,sc01,01-27 06:00:00+01:00,Wind 07,0.010293202656
2030,sc01,01-27 06:00:00+01:00,Biomass 31,0.03718
2030,sc01,01-27 06:00:00+01:00,CT Oil 05,0.0
2030,sc01,01-27 06:00:00+01:00,Biomass 38,0.0
2030,sc01,01-27 06:00:00+01:00,Solar 41,0.0
2030,sc01,01-27 06:00:00+01:00,Biomass 51,0.0
2030,sc01,01-27 06:00:00+01:00,Biomass 55,0.05478000000000001
2030,sc01,01-27 06:00:00+01:00,Wind 15,0.0
2030,sc01,01-27 06:00:00+01:00,Geo 01,0.0
2030,sc01,01-27 06:00:00+01:00,Biomass 60,0.0594
2030,sc01,01-27 06:00:00+01:00,CT NG 38,0.0
2030,sc01,01-27 06:00:00+01:00,Solar 66,0.0
2030,sc01,01-27 06:00:00+01:00,Solar 49,0.0
2030,sc01,01-27 06:00:00+01:00,CT NG 51,0.0
2030,sc01,01-27 06:00:00+01:00,Biomass 18,0.0
2030,sc01,01-27 06:00:00+01:00,ICE NG 01,0.0
2030,sc01,01-27 06:00:00+01:00,Solar 15,0.0
2030,sc01,01-27 06:00:00+01:00,ICE NG 05,0.0
2030,sc01,01-27 06:00:00+01:00,CT Oil 04,0.0
2030,sc01,01-27 06:00:00+01:00,CC NG 20,0.0
2030,sc01,01-27 06:00:00+01:00,Solar 20,0.0
2030,sc01,01-27 06:00:00+01:00,Biomass 04,0.0
2030,sc01,01-27 06:00:00+01:00,Wind 02,0.0
2030,sc01,01-27 06:00:00+01:00,Hydro 25,0.0
2030,sc01,01-27 06:00:00+01:00,Solar 75,0.0
2030,sc01,01-27 06:00:00+01:00,Hydro 33,0.0
2030,sc01,01-27 06:00:00+01:00,ST NG 05,0.0
2030,sc01,01-27 06:00:00+01:00,CT NG 07,0.0
2030,sc01,01-27 06:00:00+01:00,Wind 01,0.015606107263999998
2030,sc01,01-27 06:00:00+01:00,Solar 56,0.0
2030,sc01,01-27 06:00:00+01:00,Biomass 09,0.01716
2030,sc01,01-27 06:00:00+01:00,Biomass 53,0.05478000000000001
2030,sc01,01-27 06:00:00+01:00,Wind 17,16.15322791021015
2030,sc01,01-27 06:00:00+01:00,ST NG 08,0.0
2030,sc01,01-27 06:00:00+01:00,Hydro 19,0.0
2030,sc01,01-27 06:00:00+01:00,ST NG 02,0.0
2030,sc01,01-27 06:00:00+01:00,Biomass 01,0.023100000000000002
2030,sc01,01-27 06:00:00+01:00,Biomass 57,0.04465999999999999
2030,sc01,01-27 06:00:00+01:00,CT NG 49,0.0
2030,sc01,01-27 06:00:00+01:00,CT NG 31,0.0
2030,sc01,01-27 06:00:00+01:00,Solar 64,0.0
2030,sc01,01-27 06:00:00+01:00,CC NG 33,0.0
2030,sc01,01-27 06:00:00+01:00,Solar 46,0.0
2030,sc01,01-27 06:00:00+01:00,Biomass 12,0.008360000000000001
2030,sc01,01-27 06:00:00+01:00,Wind 04,0.020721288016
2030,sc01,01-27 06:00:00+01:00,Solar 13,0.0
2030,sc01,01-27 06:00:00+01:00,CT NG 55,0.0
2030,sc01,01-27 06:00:00+01:00,Wind N03,95.83747267934554
2030,sc01,01-27 06:00:00+01:00,CT NG 28,0.0
2030,sc01,01-27 06:00:00+01:00,Wind 09,0.0
2030,sc01,01-27 06:00:00+01:00,Solar 60,0.0
2030,sc01,01-27 06:00:00+01:00,Solar 25,0.0
2030,sc01,01-27 06:00:00+01:00,CT NG 23,0.0
2030,sc01,01-27 06:00:00+01:00,ST Other 01,0.0
2030,sc01,01-27 06:00:00+01:00,Solar 70,0.0
2030,sc01,01-27 06:00:00+01:00,CC NG 34,0.0
2030,sc01,01-27 06:00:00+01:00,Solar 48,0.0
2030,sc01,01-27 06:00:00+01:00,Biomass 56,0.0561
2030,sc01,01-27 06:00:00+01:00,CT NG 36,0.0
2030,sc01,01-27 06:00:00+01:00,Solar 47,0.0
2030,sc01,01-27 06:00:00+01:00,Hydro 17,0.006061769999999999
2030,sc01,01-27 06:00:00+01:00,Solar 09,0.0
2030,sc01,01-27 06:00:00+01:00,Solar 08,0.0
2030,sc01,01-27 06:00:00+01:00,CT NG 45,0.0
2030,sc01,01-27 06:00:00+01:00,ST NG 04,0.0
2030,sc01,01-27 06:00:00+01:00,Solar 40,0.0
2030,sc01,01-27 06:00:00+01:00,Biomass 47,0.0
2030,sc01,01-27 06:00:00+01:00,Solar 50,0.0
2030,sc01,01-27 06:00:00+01:00,Solar 52,0.0
2030,sc01,01-27 06:00:00+01:00,Solar 63,0.0
2030,sc01,01-27 06:00:00+01:00,CC NG 06,0.0
2030,sc01,01-27 06:00:00+01:00,Biomass 39,0.0
2030,sc01,01-27 06:00:00+01:00,Solar 67,0.0
2030,sc01,01-27 06:00:00+01:00,Solar 19,0.0
2030,sc01,01-27 06:00:00+01:00,Wind 12,1.92596265136
2030,sc01,01-27 06:00:00+01:00,Solar 24,0.0
2030,sc01,01-27 06:00:00+01:00,ICE NG 02,0.0
2030,sc01,01-27 06:00:00+01:00,Solar 05,0.0
2030,sc01,01-27 06:00:00+01:00,CT NG 54,0.0
2030,sc01,01-27 06:00:00+01:00,Wind N01,18.271953359
2030,sc01,01-27 06:00:00+01:00,CT NG 27,0.0
2030,sc01,01-27 06:00:00+01:00,CC NG 36,0.0
2030,sc01,01-27 06:00:00+01:00,Wind N02,35.530142758000004
2030,sc01,01-27 06:00:00+01:00,CT NG 52,0.0
2030,sc01,01-27 06:00:00+01:00,Solar 35,0.0
2030,sc01,01-27 06:00:00+01:00,CT NG 05,0.0
2030,sc01,01-27 06:00:00+01:00,Biomass 36,0.0
2030,sc01,01-27 06:00:00+01:00,CT NG 34,0.0
2030,sc01,01-27 06:00:00+01:00,CT Oil 03,0.0
2030,sc01,01-27 06:00:00+01:00,Hydro 35,0.0
2030,sc01,01-27 06:00:00+01:00,Solar 14,0.0
2030,sc01,01-27 06:00:00+01:00,CT NG 75,0.0
2030,sc01,01-27 06:00:00+01:00,ST NG 09,0.0
2030,sc01,01-27 06:00:00+01:00,CT NG 56,0.0
2030,sc01,01-27 06:00:00+01:00,Biomass 22,0.00814
2030,sc01,01-27 06:00:00+01:00,Solar 18,0.0
2030,sc01,01-27 06:00:00+01:00,Biomass 13,0.008360000000000001
2030,sc01,01-27 06:00:00+01:00,CT NG 71,0.0
2030,sc01,01-27 06:00:00+01:00,Solar 58,0.0
2030,sc01,01-27 06:00:00+01:00,Solar 06,0.0
2030,sc01,01-27 06:00:00+01:00,Biomass 08,0.01716
2030,sc01,01-27 06:00:00+01:00,CT NG 72,0.0
2030,sc01,01-27 06:00:00+01:00,Hydro 18,0.02087943
2030,sc01,01-27 06:00:00+01:00,Solar 10,0.0
2030,sc01,01-27 06:00:00+01:00,CT NG 04,0.0
2030,sc01,01-27 06:00:00+01:00,ST Other 02,0.0
2030,sc01,01-27 06:00:00+01:00,CT NG 12,0.0
2030,sc01,01-27 06:00:00+01:00,CT NG 48,0.0
2030,sc01,01-27 06:00:00+01:00,ST NG 10,0.0
2030,sc01,01-27 06:00:00+01:00,Solar 22,0.0
2030,sc01,01-27 06:00:00+01:00,Solar 28,0.0
2030,sc01,01-27 06:00:00+01:00,CT NG 73,0.0
2030,sc01,01-27 06:00:00+01:00,Biomass 52,0.0
2030,sc01,01-27 06:00:00+01:00,CT NG 30,0.0
2030,sc01,01-27 06:00:00+01:00,Solar 54,0.0
2030,sc01,01-27 06:00:00+01:00,Solar 31,0.0
2030,sc01,01-27 06:00:00+01:00,Biomass 03,0.0
2030,sc01,01-27 06:00:00+01:00,CT NG 32,0.0
2030,sc01,01-27 06:00:00+01:00,Biomass 27,0.03718
2030,sc01,01-27 06:00:00+01:00,CC NG 14,0.0
2030,sc01,01-27 06:00:00+01:00,CC NG 03,0.028437062486943387
2030,sc01,01-27 06:00:00+01:00,CC NG 29,0.0
2030,sc01,01-27 06:00:00+01:00,CC NG 28,0.0
2030,sc01,01-27 06:00:00+01:00,CC NG 25,0.0
2030,sc01,01-27 06:00:00+01:00,CT NG 44,0.0
2030,sc01,01-27 06:00:00+01:00,CT NG 14,0.0
2030,sc01,01-27 06:00:00+01:00,CC NG 15,0.0
2030,sc01,01-27 06:00:00+01:00,CC NG 04,0.0
2030,sc01,01-27 06:00:00+01:00,Biomass 29,0.03718
2030,sc01,01-27 06:00:00+01:00,Wind 14,4.8519804058
2030,sc01,01-27 06:00:00+01:00,Wind 08,0.0
2030,sc01,01-27 06:00:00+01:00,Biomass 61,0.0
2030,sc01,01-27 06:00:00+01:00,CT NG 35,0.0
2030,sc01,01-27 06:00:00+01:00,Solar 33,0.0
2030,sc01,01-27 06:00:00+01:00,CT NG 41,0.0
2030,sc01,01-27 06:00:00+01:00,CT NG 15,0.0
2030,sc01,01-27 06:00:00+01:00,Solar 42,0.0
2030,sc01,01-27 06:00:00+01:00,Solar 07,0.0
2030,sc01,01-27 06:00:00+01:00,Solar 43,0.0
2030,sc01,01-27 06:00:00+01:00,Biomass 05,0.0099
2030,sc01,01-27 06:00:00+01:00,CT NG 29,0.0
2030,sc01,01-27 06:00:00+01:00,Solar 71,0.0
2030,sc01,01-27 06:00:00+01:00,CT NG 53,0.0
2030,sc01,01-27 06:00:00+01:00,CT NG 20,0.0
2030,sc01,01-27 06:00:00+01:00,Biomass 14,0.01848
2030,sc01,01-27 06:00:00+01:00,Solar 26,0.0
2030,sc01,01-27 06:00:00+01:00,Hydro 29,0.0
2030,sc01,01-27 06:00:00+01:00,Hydro 31,0.0
2030,sc01,01-27 06:00:00+01:00,Biomass 24,0.0099
2030,sc01,01-27 06:00:00+01:00,Biomass 54,0.05478000000000001
2030,sc01,01-27 06:00:00+01:00,Solar 36,0.0
2030,sc01,01-27 06:00:00+01:00,Wind 03,0.023072800608000002
2030,sc01,01-27 06:00:00+01:00,Biomass 40,0.0
2030,sc01,01-27 06:00:00+01:00,Biomass 49,0.0
2030,sc01,01-27 06:00:00+01:00,CC NG 16,20.072019
2030,sc01,01-27 06:00:00+01:00,Biomass 48,0.0
2030,sc01,01-27 06:00:00+01:00,Hydro 28,22.720915957525342
2030,sc01,01-27 06:00:00+01:00,Biomass 17,0.0
2030,sc01,01-27 06:00:00+01:00,CT NG 33,0.0
2030,sc01,01-27 06:00:00+01:00,Solar 45,0.0
2030,sc01,01-27 06:00:00+01:00,Hydro 24,0.0
2030,sc01,01-27 06:00:00+01:00,Wind 13,0.26969387060000005
2030,sc01,01-27 06:00:00+01:00,Biomass 07,0.044
2030,sc01,01-27 06:00:00+01:00,Biomass 34,0.0
2030,sc01,01-27 06:00:00+01:00,Biomass 33,0.0
2030,sc01,01-27 06:00:00+01:00,CT NG 01,0.0
2030,sc01,01-27 06:00:00+01:00,ICE NG 03,0.0
2030,sc01,01-27 06:00:00+01:00,Solar 55,0.0
2030,sc01,01-27 06:00:00+01:00,Solar 11,0.0
2030,sc01,01-27 06:00:00+01:00,CT NG 06,0.0
2030,sc01,01-27 06:00:00+01:00,CT NG 70,0.0
2030,sc01,01-27 06:00:00+01:00,Solar 23,0.0
2030,sc01,01-27 06:00:00+01:00,CT NG 67,0.0
2030,sc01,01-27 06:00:00+01:00,Solar 12,0.0
2030,sc01,01-27 06:00:00+01:00,CT Oil 01,0.0
2030,sc01,01-27 06:00:00+01:00,Hydro 26,0.0
2030,sc01,01-27 06:00:00+01:00,CC NG 22,0.0
2030,sc01,01-27 06:00:00+01:00,CC NG 35,0.0
2030,sc01,01-27 06:00:00+01:00,Biomass 50,0.0
2030,sc01,01-27 06:00:00+01:00,ICE NG 04,0.0
2030,sc01,01-27 06:00:00+01:00,CC NG 39,0.0
2030,sc01,01-27 06:00:00+01:00,Hydro 32,0.0
2030,sc01,01-27 06:00:00+01:00,ICE NG 07,0.0
2030,sc01,01-27 06:00:00+01:00,Biomass 46,0.0
2030,sc01,01-27 06:00:00+01:00,CC NG 38,0.0
2030,sc01,01-27 06:00:00+01:00,CC NG 12,0.0
2030,sc01,01-27 06:00:00+01:00,Solar 57,0.0
2030,sc01,01-27 06:00:00+01:00,CC NG 32,0.0
2030,sc01,01-27 06:00:00+01:00,CC NG 07,0.0
2030,sc01,01-27 06:00:00+01:00,Biomass 44,0.0
2030,sc01,01-27 06:00:00+01:00,CT NG 40,0.0
2030,sc01,01-27 06:00:00+01:00,Solar 74,0.0
2030,sc01,01-27 06:00:00+01:00,Hydro 30,0.0
2030,sc01,01-27 06:00:00+01:00,CT NG 42,0.0
2030,sc01,01-27 06:00:00+01:00,Hydro 22,0.45539537999999996
2030,sc01,01-27 06:00:00+01:00,Solar 17,0.0
2030,sc01,01-27 06:00:00+01:00,Solar 38,0.0
2030,sc01,01-27 06:00:00+01:00,CT NG 24,0.0
2030,sc01,01-27 06:00:00+01:00,CC NG 27,0.0
2030,sc01,01-27 06:00:00+01:00,Biomass 21,0.00814
2030,sc01,01-27 06:00:00+01:00,ICE NG 06,0.0
2030,sc01,01-27 06:00:00+01:00,Biomass 25,0.0099
2030,sc01,01-27 06:00:00+01:00,Solar 27,0.0
2030,sc01,01-27 06:00:00+01:00,CT NG 19,0.0
2030,sc01,01-27 06:00:00+01:00,Biomass 42,0.0
2030,sc01,01-27 06:00:00+01:00,Biomass 19,0.00814
2030,sc01,01-27 06:00:00+01:00,Biomass 06,0.0099
2030,sc01,01-27 06:00:00+01:00,CT NG 10,0.0
2030,sc01,01-27 06:00:00+01:00,CC NG 40,0.0
2030,sc01,01-27 06:00:00+01:00,CC NG 21,0.0
2030,sc01,01-27 06:00:00+01:00,Biomass 02,0.023100000000000002
2030,sc01,01-27 06:00:00+01:00,CT NG 46,0.0
2030,sc01,01-27 06:00:00+01:00,Hydro 34,0.0
2030,sc01,01-27 06:00:00+01:00,Biomass 10,0.01716
2030,sc01,01-27 06:00:00+01:00,CT NG 17,0.14709419999999998
2030,sc01,01-27 06:00:00+01:00,Biomass 62,0.04114
2030,sc01,01-27 06:00:00+01:00,Biomass 32,0.026399999999999996
2030,sc01,01-27 06:00:00+01:00,CC NG 19,2.97836
2030,sc01,01-27 06:00:00+01:00,CC NG 17,0.0
2030,sc01,01-27 06:00:00+01:00,ST NG 01,0.0
2030,sc01,01-27 06:00:00+01:00,Biomass 45,0.0
2030,sc01,01-27 06:00:00+01:00,Biomass 28,0.03718
2030,sc01,01-27 06:00:00+01:00,CC NG 10,0.0
2030,sc01,01-27 06:00:00+01:00,Biomass 23,0.0099
2030,sc01,01-27 06:00:00+01:00,ST NG 06,0.0
2030,sc01,01-27 06:00:00+01:00,Wind 10,0.0
2030,sc01,01-27 06:00:00+01:00,CT NG 69,0.0
2030,sc01,01-27 06:00:00+01:00,CT NG 68,0.0
2030,sc01,01-28 17:00:00+01:00,CC NG 13,0.0
2030,sc01,01-28 17:00:00+01:00,CT NG 37,0.0
2030,sc01,01-28 17:00:00+01:00,ST Coal 01,0.0
2030,sc01,01-28 17:00:00+01:00,CT NG 09,0.0
2030,sc01,01-28 17:00:00+01:00,CT NG 47,0.0
2030,sc01,01-28 17:00:00+01:00,Solar 69,0.160109863368
2030,sc01,01-28 17:00:00+01:00,Solar 34,0.085327238976
2030,sc01,01-28 17:00:00+01:00,Solar 73,0.0
2030,sc01,01-28 17:00:00+01:00,Biomass 37,0.03969
2030,sc01,01-28 17:00:00+01:00,Hydro 20,0.0
2030,sc01,01-28 17:00:00+01:00,Solar 01,0.9345580507199999
2030,sc01,01-28 17:00:00+01:00,Solar 62,0.0
2030,sc01,01-28 17:00:00+01:00,Solar 02,0.152722122637
2030,sc01,01-28 17:00:00+01:00,CT NG 26,0.0
2030,sc01,01-28 17:00:00+01:00,Biomass 20,0.01813
2030,sc01,01-28 17:00:00+01:00,Wind 16,15.604909288499998
2030,sc01,01-28 17:00:00+01:00,CT NG 66,0.0
2030,sc01,01-28 17:00:00+01:00,Solar 39,0.0
2030,sc01,01-28 17:00:00+01:00,Biomass 41,0.04459
2030,sc01,01-28 17:00:00+01:00,Solar 72,0.042265998208
2030,sc01,01-28 17:00:00+01:00,ST NG 03,0.0
2030,sc01,01-28 17:00:00+01:00,Hydro 21,0.8308954499999999
2030,sc01,01-28 17:00:00+01:00,CT NG 03,0.0
2030,sc01,01-28 17:00:00+01:00,CC NG 09,0.0
2030,sc01,01-28 17:00:00+01:00,CT Oil 02,0.0
2030,sc01,01-28 17:00:00+01:00,CT NG 39,0.0
2030,sc01,01-28 17:00:00+01:00,CC NG 08,0.0
2030,sc01,01-28 17:00:00+01:00,Biomass 43,0.13965
2030,sc01,01-28 17:00:00+01:00,CT NG 18,0.18517589999999995
2030,sc01,01-28 17:00:00+01:00,ST NG 07,0.0
2030,sc01,01-28 17:00:00+01:00,Biomass 35,0.07056
2030,sc01,01-28 17:00:00+01:00,Solar 32,0.0
2030,sc01,01-28 17:00:00+01:00,Biomass 15,0.0
2030,sc01,01-28 17:00:00+01:00,CC NG 31,0.0
2030,sc01,01-28 17:00:00+01:00,Solar 16,0.08542057692
2030,sc01,01-28 17:00:00+01:00,Solar 68,0.243353835984
2030,sc01,01-28 17:00:00+01:00,CT NG 21,0.0
2030,sc01,01-28 17:00:00+01:00,Wind 11,1.67790898303
2030,sc01,01-28 17:00:00+01:00,CC NG 37,0.0
2030,sc01,01-28 17:00:00+01:00,CT NG 22,0.0
2030,sc01,01-28 17:00:00+01:00,Hydro 16,0.0
2030,sc01,01-28 17:00:00+01:00,Biomass 59,0.20286
2030,sc01,01-28 17:00:00+01:00,CC NG 01,0.0
2030,sc01,01-28 17:00:00+01:00,Biomass 16,0.0
2030,sc01,01-28 17:00:00+01:00,Solar 03,0.060451458906999996
2030,sc01,01-28 17:00:00+01:00,Solar 44,0.0
2030,sc01,01-28 17:00:00+01:00,CT NG 08,0.0
2030,sc01,01-28 17:00:00+01:00,Wind 05,0.023669454704
2030,sc01,01-28 17:00:00+01:00,Biomass 26,0.08281
2030,sc01,01-28 17:00:00+01:00,Solar 37,0.09988271641600001
2030,sc01,01-28 17:00:00+01:00,Biomass 11,0.01862
2030,sc01,01-28 17:00:00+01:00,Solar 59,0.036514713368
2030,sc01,01-28 17:00:00+01:00,CT NG 11,0.0
2030,sc01,01-28 17:00:00+01:00,Biomass 30,0.08281
2030,sc01,01-28 17:00:00+01:00,Hydro 23,36.0249813
2030,sc01,01-28 17:00:00+01:00,CC NG 24,0.0
2030,sc01,01-28 17:00:00+01:00,Solar 65,0.0
2030,sc01,01-28 17:00:00+01:00,CC NG 18,7.878470292984324
2030,sc01,01-28 17:00:00+01:00,CT NG 16,0.0
2030,sc01,01-28 17:00:00+01:00,Solar 51,0.038647427392
2030,sc01,01-28 17:00:00+01:00,Wind 06,1.74487530588
2030,sc01,01-28 17:00:00+01:00,CC NG 26,0.0
2030,sc01,01-28 17:00:00+01:00,CC NG 23,0.0
2030,sc01,01-28 17:00:00+01:00,CT NG 43,0.0
2030,sc01,01-28 17:00:00+01:00,CC NG 11,0.0
2030,sc01,01-28 17:00:00+01:00,CT NG 02,0.0
2030,sc01,01-28 17:00:00+01:00,CT NG 50,0.0
2030,sc01,01-28 17:00:00+01:00,Hydro 27,0.4093362
2030,sc01,01-28 17:00:00+01:00,CT NG 13,0.0
2030,sc01,01-28 17:00:00+01:00,CT NG 25,0.0
2030,sc01,01-28 17:00:00+01:00,CC NG 05,0.9749898072862229
2030,sc01,01-28 17:00:00+01:00,Solar 04,0.06497858679200001
2030,sc01,01-28 17:00:00+01:00,Solar 30,0.08237204388
2030,sc01,01-28 17:00:00+01:00,Solar 29,0.06403447204
2030,sc01,01-28 17:00:00+01:00,Solar 53,0.039744074048
2030,sc01,01-28 17:00:00+01:00,Solar 21,0.24655341877599998
2030,sc01,01-28 17:00:00+01:00,Biomass 58,0.09946999999999999
2030,sc01,01-28 17:00:00+01:00,CT NG 74,0.0
2030,sc01,01-28 17:00:00+01:00,Solar 61,0.0
2030,sc01,01-28 17:00:00+01:00,Wind 07,1.5300078338300003
2030,sc01,01-28 17:00:00+01:00,Biomass 31,0.08281
2030,sc01,01-28 17:00:00+01:00,CT Oil 05,0.0
2030,sc01,01-28 17:00:00+01:00,Biomass 38,0.03969
2030,sc01,01-28 17:00:00+01:00,Solar 41,0.0
2030,sc01,01-28 17:00:00+01:00,Biomass 51,0.00882
2030,sc01,01-28 17:00:00+01:00,Biomass 55,0.12201000000000002
2030,sc01,01-28 17:00:00+01:00,Wind 15,2.19461135418
2030,sc01,01-28 17:00:00+01:00,Geo 01,0.784
2030,sc01,01-28 17:00:00+01:00,Biomass 60,0.1323
2030,sc01,01-28 17:00:00+01:00,CT NG 38,0.0
2030,sc01,01-28 17:00:00+01:00,Solar 66,1.6757154073800002
2030,sc01,01-28 17:00:00+01:00,Solar 49,0.0
2030,sc01,01-28 17:00:00+01:00,CT NG 51,0.0
2030,sc01,01-28 17:00:00+01:00,Biomass 18,0.0
2030,sc01,01-28 17:00:00+01:00,ICE NG 01,0.0
2030,sc01,01-28 17:00:00+01:00,Solar 15,0.14100166578399997
2030,sc01,01-28 17:00:00+01:00,ICE NG 05,0.0
2030,sc01,01-28 17:00:00+01:00,CT Oil 04,0.0
2030,sc01,01-28 17:00:00+01:00,CC NG 20,0.0
2030,sc01,01-28 17:00:00+01:00,Solar 20,0.10917813519199998
2030,sc01,01-28 17:00:00+01:00,Biomass 04,0.01225
2030,sc01,01-28 17:00:00+01:00,Wind 02,3.5812890974
2030,sc01,01-28 17:00:00+01:00,Hydro 25,0.4093362
2030,sc01,01-28 17:00:00+01:00,Solar 75,0.38675755271999995
2030,sc01,01-28 17:00:00+01:00,Hydro 33,48.61767519369125
2030,sc01,01-28 17:00:00+01:00,ST NG 05,0.0
2030,sc01,01-28 17:00:00+01:00,CT NG 07,0.0
2030,sc01,01-28 17:00:00+01:00,Wind 01,1.0291753832500001
2030,sc01,01-28 17:00:00+01:00,Solar 56,0.05693938376
2030,sc01,01-28 17:00:00+01:00,Biomass 09,0.038220000000000004
2030,sc01,01-28 17:00:00+01:00,Biomass 53,0.12201000000000002
2030,sc01,01-28 17:00:00+01:00,Wind 17,1.8793755533700003
2030,sc01,01-28 17:00:00+01:00,ST NG 08,0.0
2030,sc01,01-28 17:00:00+01:00,Hydro 19,0.460306
2030,sc01,01-28 17:00:00+01:00,ST NG 02,0.0
2030,sc01,01-28 17:00:00+01:00,Biomass 01,0.05145000000000001
2030,sc01,01-28 17:00:00+01:00,Biomass 57,0.09946999999999999
2030,sc01,01-28 17:00:00+01:00,CT NG 49,0.0
2030,sc01,01-28 17:00:00+01:00,CT NG 31,0.0
2030,sc01,01-28 17:00:00+01:00,Solar 64,0.0
2030,sc01,01-28 17:00:00+01:00,CC NG 33,0.0
2030,sc01,01-28 17:00:00+01:00,Solar 46,0.0
2030,sc01,01-28 17:00:00+01:00,Biomass 12,0.01862
2030,sc01,01-28 17:00:00+01:00,Wind 04,0.14111652492
2030,sc01,01-28 17:00:00+01:00,Solar 13,0.0
2030,sc01,01-28 17:00:00+01:00,CT NG 55,0.0
2030,sc01,01-28 17:00:00+01:00,Wind N03,72.283675107
2030,sc01,01-28 17:00:00+01:00,CT NG 28,0.0
2030,sc01,01-28 17:00:00+01:00,Wind 09,0.361075953392
2030,sc01,01-28 17:00:00+01:00,Solar 60,0.03923686956
2030,sc01,01-28 17:00:00+01:00,Solar 25,0.025956899752
2030,sc01,01-28 17:00:00+01:00,CT NG 23,0.0
2030,sc01,01-28 17:00:00+01:00,ST Other 01,0.0
2030,sc01,01-28 17:00:00+01:00,Solar 70,0.32337171092800004
2030,sc01,01-28 17:00:00+01:00,CC NG 34,21.291149882793846
2030,sc01,01-28 17:00:00+01:00,Solar 48,0.0
2030,sc01,01-28 17:00:00+01:00,Biomass 56,0.12494999999999999
2030,sc01,01-28 17:00:00+01:00,CT NG 36,0.0
2030,sc01,01-28 17:00:00+01:00,Solar 47,0.0
2030,sc01,01-28 17:00:00+01:00,Hydro 17,0.014169329999999999
2030,sc01,01-28 17:00:00+01:00,Solar 09,0.172036333616
2030,sc01,01-28 17:00:00+01:00,Solar 08,0.03360700084
2030,sc01,01-28 17:00:00+01:00,CT NG 45,0.0
2030,sc01,01-28 17:00:00+01:00,ST NG 04,0.2710864123290128
2030,sc01,01-28 17:00:00+01:00,Solar 40,0.0
2030,sc01,01-28 17:00:00+01:00,Biomass 47,0.11515
2030,sc01,01-28 17:00:00+01:00,Solar 50,0.014202361487999998
2030,sc01,01-28 17:00:00+01:00,Solar 52,0.032213316575999996
2030,sc01,01-28 17:00:00+01:00,Solar 63,0.0
2030,sc01,01-28 17:00:00+01:00,CC NG 06,0.0
2030,sc01,01-28 17:00:00+01:00,Biomass 39,0.03969
2030,sc01,01-28 17:00:00+01:00,Solar 67,0.0
2030,sc01,01-28 17:00:00+01:00,Solar 19,0.0
2030,sc01,01-28 17:00:00+01:00,Wind 12,6.8911653818000005
2030,sc01,01-28 17:00:00+01:00,Solar 24,0.019360000744
2030,sc01,01-28 17:00:00+01:00,ICE NG 02,0.0
2030,sc01,01-28 17:00:00+01:00,Solar 05,0.0
2030,sc01,01-28 17:00:00+01:00,CT NG 54,0.0
2030,sc01,01-28 17:00:00+01:00,Wind N01,65.37772285800001
2030,sc01,01-28 17:00:00+01:00,CT NG 27,0.0
2030,sc01,01-28 17:00:00+01:00,CC NG 36,0.0
2030,sc01,01-28 17:00:00+01:00,Wind N02,19.96802076006135
2030,sc01,01-28 17:00:00+01:00,CT NG 52,0.0
2030,sc01,01-28 17:00:00+01:00,Solar 35,2.0743641252600002
2030,sc01,01-28 17:00:00+01:00,CT NG 05,0.0
2030,sc01,01-28 17:00:00+01:00,Biomass 36,0.07056
2030,sc01,01-28 17:00:00+01:00,CT NG 34,0.0
2030,sc01,01-28 17:00:00+01:00,CT Oil 03,0.0
2030,sc01,01-28 17:00:00+01:00,Hydro 35,0.0
2030,sc01,01-28 17:00:00+01:00,Solar 14,0.15676210183199998
2030,sc01,01-28 17:00:00+01:00,CT NG 75,0.0
2030,sc01,01-28 17:00:00+01:00,ST NG 09,0.0
2030,sc01,01-28 17:00:00+01:00,CT NG 56,0.0
2030,sc01,01-28 17:00:00+01:00,Biomass 22,0.01813
2030,sc01,01-28 17:00:00+01:00,Solar 18,0.16534687086400002
2030,sc01,01-28 17:00:00+01:00,Biomass 13,0.01862
2030,sc01,01-28 17:00:00+01:00,CT NG 71,0.0
2030,sc01,01-28 17:00:00+01:00,Solar 58,0.024258811416
2030,sc01,01-28 17:00:00+01:00,Solar 06,0.081935903112
2030,sc01,01-28 17:00:00+01:00,Biomass 08,0.038220000000000004
2030,sc01,01-28 17:00:00+01:00,CT NG 72,0.0
2030,sc01,01-28 17:00:00+01:00,Hydro 18,0.04880547
2030,sc01,01-28 17:00:00+01:00,Solar 10,0.10516441936
2030,sc01,01-28 17:00:00+01:00,CT NG 04,0.0
2030,sc01,01-28 17:00:00+01:00,ST Other 02,0.0
2030,sc01,01-28 17:00:00+01:00,CT NG 12,0.0
2030,sc01,01-28 17:00:00+01:00,CT NG 48,0.0
2030,sc01,01-28 17:00:00+01:00,ST NG 10,0.0
2030,sc01,01-28 17:00:00+01:00,Solar 22,0.066602766664
2030,sc01,01-28 17:00:00+01:00,Solar 28,0.05960172035999999
2030,sc01,01-28 17:00:00+01:00,CT NG 73,0.0
2030,sc01,01-28 17:00:00+01:00,Biomass 52,0.08428
2030,sc01,01-28 17:00:00+01:00,CT NG 30,0.0
2030,sc01,01-28 17:00:00+01:00,Solar 54,0.027847645504
2030,sc01,01-28 17:00:00+01:00,Solar 31,0.0
2030,sc01,01-28 17:00:00+01:00,Biomass 03,0.01225
2030,sc01,01-28 17:00:00+01:00,CT NG 32,0.0
2030,sc01,01-28 17:00:00+01:00,Biomass 27,0.08281
2030,sc01,01-28 17:00:00+01:00,CC NG 14,0.0
2030,sc01,01-28 17:00:00+01:00,CC NG 03,6.016693340000001
2030,sc01,01-28 17:00:00+01:00,CC NG 29,0.0
2030,sc01,01-28 17:00:00+01:00,CC NG 28,0.0
2030,sc01,01-28 17:00:00+01:00,CC NG 25,0.0
2030,sc01,01-28 17:00:00+01:00,CT NG 44,0.0
2030,sc01,01-28 17:00:00+01:00,CT NG 14,0.0
2030,sc01,01-28 17:00:00+01:00,CC NG 15,0.0
2030,sc01,01-28 17:00:00+01:00,CC NG 04,15.16256
2030,sc01,01-28 17:00:00+01:00,Biomass 29,0.08281
2030,sc01,01-28 17:00:00+01:00,Wind 14,28.594908591899998
2030,sc01,01-28 17:00:00+01:00,Wind 08,0.30325791535200003
2030,sc01,01-28 17:00:00+01:00,Biomass 61,0.02303
2030,sc01,01-28 17:00:00+01:00,CT NG 35,0.0
2030,sc01,01-28 17:00:00+01:00,Solar 33,0.0
2030,sc01,01-28 17:00:00+01:00,CT NG 41,0.0
2030,sc01,01-28 17:00:00+01:00,CT NG 15,0.0
2030,sc01,01-28 17:00:00+01:00,Solar 42,0.0
2030,sc01,01-28 17:00:00+01:00,Solar 07,0.0
2030,sc01,01-28 17:00:00+01:00,Solar 43,0.0
2030,sc01,01-28 17:00:00+01:00,Biomass 05,0.022050000000000004
2030,sc01,01-28 17:00:00+01:00,CT NG 29,0.0
2030,sc01,01-28 17:00:00+01:00,Solar 71,0.159459862688
2030,sc01,01-28 17:00:00+01:00,CT NG 53,0.0
2030,sc01,01-28 17:00:00+01:00,CT NG 20,0.0
2030,sc01,01-28 17:00:00+01:00,Biomass 14,0.04116
2030,sc01,01-28 17:00:00+01:00,Solar 26,0.024037901776
2030,sc01,01-28 17:00:00+01:00,Hydro 29,54.1400706
2030,sc01,01-28 17:00:00+01:00,Hydro 31,0.0
2030,sc01,01-28 17:00:00+01:00,Biomass 24,0.022050000000000004
2030,sc01,01-28 17:00:00+01:00,Biomass 54,0.12201000000000002
2030,sc01,01-28 17:00:00+01:00,Solar 36,0.088929473976
2030,sc01,01-28 17:00:00+01:00,Wind 03,0.431632735856
2030,sc01,01-28 17:00:00+01:00,Biomass 40,0.03969
2030,sc01,01-28 17:00:00+01:00,Biomass 49,0.0196
2030,sc01,01-28 17:00:00+01:00,CC NG 16,44.7058605
2030,sc01,01-28 17:00:00+01:00,Biomass 48,0.11515
2030,sc01,01-28 17:00:00+01:00,Hydro 28,54.1400706
2030,sc01,01-28 17:00:00+01:00,Biomass 17,0.0
2030,sc01,01-28 17:00:00+01:00,CT NG 33,0.0
2030,sc01,01-28 17:00:00+01:00,Solar 45,0.0
2030,sc01,01-28 17:00:00+01:00,Hydro 24,36.0249813
2030,sc01,01-28 17:00:00+01:00,Wind 13,3.80479976226
2030,sc01,01-28 17:00:00+01:00,Biomass 07,0.098
2030,sc01,01-28 17:00:00+01:00,Biomass 34,0.07056
2030,sc01,01-28 17:00:00+01:00,Biomass 33,0.07056
2030,sc01,01-28 17:00:00+01:00,CT NG 01,0.0
2030,sc01,01-28 17:00:00+01:00,ICE NG 03,0.0
2030,sc01,01-28 17:00:00+01:00,Solar 55,0.056786009055999995
2030,sc01,01-28 17:00:00+01:00,Solar 11,0.026553283847999997
2030,sc01,01-28 17:00:00+01:00,CT NG 06,0.0
2030,sc01,01-28 17:00:00+01:00,CT NG 70,0.0
2030,sc01,01-28 17:00:00+01:00,Solar 23,0.0
2030,sc01,01-28 17:00:00+01:00,CT NG 67,0.0
2030,sc01,01-28 17:00:00+01:00,Solar 12,0.020555046848
2030,sc01,01-28 17:00:00+01:00,CT Oil 01,0.0
2030,sc01,01-28 17:00:00+01:00,Hydro 26,0.4093362
2030,sc01,01-28 17:00:00+01:00,CC NG 22,0.0
2030,sc01,01-28 17:00:00+01:00,CC NG 35,0.0
2030,sc01,01-28 17:00:00+01:00,Biomass 50,0.00882
2030,sc01,01-28 17:00:00+01:00,ICE NG 04,0.0
2030,sc01,01-28 17:00:00+01:00,CC NG 39,0.0
2030,sc01,01-28 17:00:00+01:00,Hydro 32,0.0
2030,sc01,01-28 17:00:00+01:00,ICE NG 07,0.0
2030,sc01,01-28 17:00:00+01:00,Biomass 46,0.02989
2030,sc01,01-28 17:00:00+01:00,CC NG 38,0.0
2030,sc01,01-28 17:00:00+01:00,CC NG 12,0.0
2030,sc01,01-28 17:00:00+01:00,Solar 57,0.020717026343999998
2030,sc01,01-28 17:00:00+01:00,CC NG 32,0.0
2030,sc01,01-28 17:00:00+01:00,CC NG 07,0.0
2030,sc01,01-28 17:00:00+01:00,Biomass 44,0.05684
2030,sc01,01-28 17:00:00+01:00,CT NG 40,0.0
2030,sc01,01-28 17:00:00+01:00,Solar 74,0.0
2030,sc01,01-28 17:00:00+01:00,Hydro 30,0.0
2030,sc01,01-28 17:00:00+01:00,CT NG 42,0.0
2030,sc01,01-28 17:00:00+01:00,Hydro 22,0.8308954499999999
2030,sc01,01-28 17:00:00+01:00,Solar 17,0.040316661784
2030,sc01,01-28 17:00:00+01:00,Solar 38,0.074508978992
2030,sc01,01-28 17:00:00+01:00,CT NG 24,0.0
2030,sc01,01-28 17:00:00+01:00,CC NG 27,0.0
2030,sc01,01-28 17:00:00+01:00,Biomass 21,0.01813
2030,sc01,01-28 17:00:00+01:00,ICE NG 06,0.0
2030,sc01,01-28 17:00:00+01:00,Biomass 25,0.022050000000000004
2030,sc01,01-28 17:00:00+01:00,Solar 27,0.014643321896
2030,sc01,01-28 17:00:00+01:00,CT NG 19,0.0
2030,sc01,01-28 17:00:00+01:00,Biomass 42,0.04459
2030,sc01,01-28 17:00:00+01:00,Biomass 19,0.01813
2030,sc01,01-28 17:00:00+01:00,Biomass 06,0.022050000000000004
2030,sc01,01-28 17:00:00+01:00,CT NG 10,0.0
2030,sc01,01-28 17:00:00+01:00,CC NG 40,0.0
2030,sc01,01-28 17:00:00+01:00,CC NG 21,0.0
2030,sc01,01-28 17:00:00+01:00,Biomass 02,0.05145000000000001
2030,sc01,01-28 17:00:00+01:00,CT NG 46,0.0
2030,sc01,01-28 17:00:00+01:00,Hydro 34,53.96203890000001
2030,sc01,01-28 17:00:00+01:00,Biomass 10,0.038220000000000004
2030,sc01,01-28 17:00:00+01:00,CT NG 17,0.3276189
2030,sc01,01-28 17:00:00+01:00,Biomass 62,0.09163
2030,sc01,01-28 17:00:00+01:00,Biomass 32,0.0588
2030,sc01,01-28 17:00:00+01:00,CC NG 19,6.63362
2030,sc01,01-28 17:00:00+01:00,CC NG 17,0.0
2030,sc01,01-28 17:00:00+01:00,ST NG 01,0.0
2030,sc01,01-28 17:00:00+01:00,Biomass 45,0.05684
2030,sc01,01-28 17:00:00+01:00,Biomass 28,0.08281
2030,sc01,01-28 17:00:00+01:00,CC NG 10,0.0
2030,sc01,01-28 17:00:00+01:00,Biomass 23,0.022050000000000004
2030,sc01,01-28 17:00:00+01:00,ST NG 06,0.0
2030,sc01,01-28 17:00:00+01:00,Wind 10,0.37198297824800003
2030,sc01,01-28 17:00:00+01:00,CT NG 69,0.0
2030,sc01,01-28 17:00:00+01:00,CT NG 68,0.0
2030,sc01,01-30 04:00:00+01:00,CC NG 13,0.0
2030,sc01,01-30 04:00:00+01:00,CT NG 37,0.0
2030,sc01,01-30 04:00:00+01:00,ST Coal 01,0.0
2030,sc01,01-30 04:00:00+01:00,CT NG 09,0.0
2030,sc01,01-30 04:00:00+01:00,CT NG 47,0.0
2030,sc01,01-30 04:00:00+01:00,Solar 69,0.0
2030,sc01,01-30 04:00:00+01:00,Solar 34,0.0
2030,sc01,01-30 04:00:00+01:00,Solar 73,0.0
2030,sc01,01-30 04:00:00+01:00,Biomass 37,0.0
2030,sc01,01-30 04:00:00+01:00,Hydro 20,0.0
2030,sc01,01-30 04:00:00+01:00,Solar 01,0.0
2030,sc01,01-30 04:00:00+01:00,Solar 62,0.0
2030,sc01,01-30 04:00:00+01:00,Solar 02,0.0
2030,sc01,01-30 04:00:00+01:00,CT NG 26,0.0
2030,sc01,01-30 04:00:00+01:00,Biomass 20,0.0
2030,sc01,01-30 04:00:00+01:00,Wind 16,24.114324658
2030,sc01,01-30 04:00:00+01:00,CT NG 66,0.0
2030,sc01,01-30 04:00:00+01:00,Solar 39,0.0
2030,sc01,01-30 04:00:00+01:00,Biomass 41,0.0
2030,sc01,01-30 04:00:00+01:00,Solar 72,0.0
2030,sc01,01-30 04:00:00+01:00,ST NG 03,0.0
2030,sc01,01-30 04:00:00+01:00,Hydro 21,24.382298290744725
2030,sc01,01-30 04:00:00+01:00,CT NG 03,0.0
2030,sc01,01-30 04:00:00+01:00,CC NG 09,0.0
2030,sc01,01-30 04:00:00+01:00,CT Oil 02,0.0
2030,sc01,01-30 04:00:00+01:00,CT NG 39,0.0
2030,sc01,01-30 04:00:00+01:00,CC NG 08,0.0
2030,sc01,01-30 04:00:00+01:00,Biomass 43,0.0
2030,sc01,01-30 04:00:00+01:00,CT NG 18,0.0
2030,sc01,01-30 04:00:00+01:00,ST NG 07,0.0
2030,sc01,01-30 04:00:00+01:00,Biomass 35,0.0
2030,sc01,01-30 04:00:00+01:00,Solar 32,0.0
2030,sc01,01-30 04:00:00+01:00,Biomass 15,0.0
2030,sc01,01-30 04:00:00+01:00,CC NG 31,0.0
2030,sc01,01-30 04:00:00+01:00,Solar 16,0.0
2030,sc01,01-30 04:00:00+01:00,Solar 68,0.0
2030,sc01,01-30 04:00:00+01:00,CT NG 21,0.0
2030,sc01,01-30 04:00:00+01:00,Wind 11,0.9884329906200001
2030,sc01,01-30 04:00:00+01:00,CC NG 37,0.0
2030,sc01,01-30 04:00:00+01:00,CT NG 22,0.0
2030,sc01,01-30 04:00:00+01:00,Hydro 16,0.0
2030,sc01,01-30 04:00:00+01:00,Biomass 59,0.0
2030,sc01,01-30 04:00:00+01:00,CC NG 01,0.0
2030,sc01,01-30 04:00:00+01:00,Biomass 16,0.0
2030,sc01,01-30 04:00:00+01:00,Solar 03,0.0
2030,sc01,01-30 04:00:00+01:00,Solar 44,0.0
2030,sc01,01-30 04:00:00+01:00,CT NG 08,0.0
2030,sc01,01-30 04:00:00+01:00,Wind 05,0.12460722272000001
2030,sc01,01-30 04:00:00+01:00,Biomass 26,0.0
2030,sc01,01-30 04:00:00+01:00,Solar 37,0.0
2030,sc01,01-30 04:00:00+01:00,Biomass 11,0.0
2030,sc01,01-30 04:00:00+01:00,Solar 59,0.0
2030,sc01,01-30 04:00:00+01:00,CT NG 11,0.0
2030,sc01,01-30 04:00:00+01:00,Biomass 30,0.0
2030,sc01,01-30 04:00:00+01:00,Hydro 23,0.0
2030,sc01,01-30 04:00:00+01:00,CC NG 24,0.0
2030,sc01,01-30 04:00:00+01:00,Solar 65,0.0
2030,sc01,01-30 04:00:00+01:00,CC NG 18,0.0
2030,sc01,01-30 04:00:00+01:00,CT NG 16,0.0
2030,sc01,01-30 04:00:00+01:00,Solar 51,0.0
2030,sc01,01-30 04:00:00+01:00,Wind 06,2.1073068788400002
2030,sc01,01-30 04:00:00+01:00,CC NG 26,0.0
2030,sc01,01-30 04:00:00+01:00,CC NG 23,0.0
2030,sc01,01-30 04:00:00+01:00,CT NG 43,0.0
2030,sc01,01-30 04:00:00+01:00,CC NG 11,0.0
2030,sc01,01-30 04:00:00+01:00,CT NG 02,0.0
2030,sc01,01-30 04:00:00+01:00,CT NG 50,0.0
2030,sc01,01-30 04:00:00+01:00,Hydro 27,0.0
2030,sc01,01-30 04:00:00+01:00,CT NG 13,0.0
2030,sc01,01-30 04:00:00+01:00,CT NG 25,0.0
2030,sc01,01-30 04:00:00+01:00,CC NG 05,0.0
2030,sc01,01-30 04:00:00+01:00,Solar 04,0.0
2030,sc01,01-30 04:00:00+01:00,Solar 30,0.0
2030,sc01,01-30 04:00:00+01:00,Solar 29,0.0
2030,sc01,01-30 04:00:00+01:00,Solar 53,0.0
2030,sc01,01-30 04:00:00+01:00,Solar 21,0.0
2030,sc01,01-30 04:00:00+01:00,Biomass 58,0.0
2030,sc01,01-30 04:00:00+01:00,CT NG 74,0.0
2030,sc01,01-30 04:00:00+01:00,Solar 61,0.0
2030,sc01,01-30 04:00:00+01:00,Wind 07,1.2441474755200002
2030,sc01,01-30 04:00:00+01:00,Biomass 31,0.0
2030,sc01,01-30 04:00:00+01:00,CT Oil 05,0.0
2030,sc01,01-30 04:00:00+01:00,Biomass 38,0.0
2030,sc01,01-30 04:00:00+01:00,Solar 41,0.0
2030,sc01,01-30 04:00:00+01:00,Biomass 51,0.0
2030,sc01,01-30 04:00:00+01:00,Biomass 55,0.0
2030,sc01,01-30 04:00:00+01:00,Wind 15,5.385853870800001
2030,sc01,01-30 04:00:00+01:00,Geo 01,0.0
2030,sc01,01-30 04:00:00+01:00,Biomass 60,0.0
2030,sc01,01-30 04:00:00+01:00,CT NG 38,0.0
2030,sc01,01-30 04:00:00+01:00,Solar 66,0.0
2030,sc01,01-30 04:00:00+01:00,Solar 49,0.0
2030,sc01,01-30 04:00:00+01:00,CT NG 51,0.0
2030,sc01,01-30 04:00:00+01:00,Biomass 18,0.0
2030,sc01,01-30 04:00:00+01:00,ICE NG 01,0.0
2030,sc01,01-30 04:00:00+01:00,Solar 15,0.0
2030,sc01,01-30 04:00:00+01:00,ICE NG 05,0.0
2030,sc01,01-30 04:00:00+01:00,CT Oil 04,0.0
2030,sc01,01-30 04:00:00+01:00,CC NG 20,0.0
2030,sc01,01-30 04:00:00+01:00,Solar 20,0.0
2030,sc01,01-30 04:00:00+01:00,Biomass 04,0.0
2030,sc01,01-30 04:00:00+01:00,Wind 02,2.83199185548
2030,sc01,01-30 04:00:00+01:00,Hydro 25,0.30647760000000007
2030,sc01,01-30 04:00:00+01:00,Solar 75,0.0
2030,sc01,01-30 04:00:00+01:00,Hydro 33,0.0
2030,sc01,01-30 04:00:00+01:00,ST NG 05,0.0
2030,sc01,01-30 04:00:00+01:00,CT NG 07,0.0
2030,sc01,01-30 04:00:00+01:00,Wind 01,1.00068509692
2030,sc01,01-30 04:00:00+01:00,Solar 56,0.0
2030,sc01,01-30 04:00:00+01:00,Biomass 09,0.0
2030,sc01,01-30 04:00:00+01:00,Biomass 53,0.0
2030,sc01,01-30 04:00:00+01:00,Wind 17,6.883134598000001
2030,sc01,01-30 04:00:00+01:00,ST NG 08,0.0
2030,sc01,01-30 04:00:00+01:00,Hydro 19,0.011704
2030,sc01,01-30 04:00:00+01:00,ST NG 02,0.0
2030,sc01,01-30 04:00:00+01:00,Biomass 01,0.0
2030,sc01,01-30 04:00:00+01:00,Biomass 57,0.0
2030,sc01,01-30 04:00:00+01:00,CT NG 49,0.0
2030,sc01,01-30 04:00:00+01:00,CT NG 31,0.0
2030,sc01,01-30 04:00:00+01:00,Solar 64,0.0
2030,sc01,01-30 04:00:00+01:00,CC NG 33,0.0
2030,sc01,01-30 04:00:00+01:00,Solar 46,0.0
2030,sc01,01-30 04:00:00+01:00,Biomass 12,0.0
2030,sc01,01-30 04:00:00+01:00,Wind 04,0.5273120502
2030,sc01,01-30 04:00:00+01:00,Solar 13,0.0
2030,sc01,01-30 04:00:00+01:00,CT NG 55,0.0
2030,sc01,01-30 04:00:00+01:00,Wind N03,92.52831438083838
2030,sc01,01-30 04:00:00+01:00,CT NG 28,0.0
2030,sc01,01-30 04:00:00+01:00,Wind 09,1.87637625348
2030,sc01,01-30 04:00:00+01:00,Solar 60,0.0
2030,sc01,01-30 04:00:00+01:00,Solar 25,0.0
2030,sc01,01-30 04:00:00+01:00,CT NG 23,0.0
2030,sc01,01-30 04:00:00+01:00,ST Other 01,0.0
2030,sc01,01-30 04:00:00+01:00,Solar 70,0.0
2030,sc01,01-30 04:00:00+01:00,CC NG 34,0.0
2030,sc01,01-30 04:00:00+01:00,Solar 48,0.0
2030,sc01,01-30 04:00:00+01:00,Biomass 56,0.0
2030,sc01,01-30 04:00:00+01:00,CT NG 36,0.0
2030,sc01,01-30 04:00:00+01:00,Solar 47,0.0
2030,sc01,01-30 04:00:00+01:00,Hydro 17,0.010608839999999998
2030,sc01,01-30 04:00:00+01:00,Solar 09,0.0
2030,sc01,01-30 04:00:00+01:00,Solar 08,0.0
2030,sc01,01-30 04:00:00+01:00,CT NG 45,0.0
2030,sc01,01-30 04:00:00+01:00,ST NG 04,0.0
2030,sc01,01-30 04:00:00+01:00,Solar 40,0.0
2030,sc01,01-30 04:00:00+01:00,Biomass 47,0.0
2030,sc01,01-30 04:00:00+01:00,Solar 50,0.0
2030,sc01,01-30 04:00:00+01:00,Solar 52,0.0
2030,sc01,01-30 04:00:00+01:00,Solar 63,0.0
2030,sc01,01-30 04:00:00+01:00,CC NG 06,0.0
2030,sc01,01-30 04:00:00+01:00,Biomass 39,0.0
2030,sc01,01-30 04:00:00+01:00,Solar 67,0.0
2030,sc01,01-30 04:00:00+01:00,Solar 19,0.0
2030,sc01,01-30 04:00:00+01:00,Wind 12,13.213754307
2030,sc01,01-30 04:00:00+01:00,Solar 24,0.0
2030,sc01,01-30 04:00:00+01:00,ICE NG 02,0.0
2030,sc01,01-30 04:00:00+01:00,Solar 05,0.0
2030,sc01,01-30 04:00:00+01:00,CT NG 54,0.0
2030,sc01,01-30 04:00:00+01:00,Wind N01,116.22698957375385
2030,sc01,01-30 04:00:00+01:00,CT NG 27,0.0
2030,sc01,01-30 04:00:00+01:00,CC NG 36,0.0
2030,sc01,01-30 04:00:00+01:00,Wind N02,15.539992397800946
2030,sc01,01-30 04:00:00+01:00,CT NG 52,0.0
2030,sc01,01-30 04:00:00+01:00,Solar 35,0.0
2030,sc01,01-30 04:00:00+01:00,CT NG 05,0.0
2030,sc01,01-30 04:00:00+01:00,Biomass 36,0.0
2030,sc01,01-30 04:00:00+01:00,CT NG 34,0.0
2030,sc01,01-30 04:00:00+01:00,CT Oil 03,0.0
2030,sc01,01-30 04:00:00+01:00,Hydro 35,0.0
2030,sc01,01-30 04:00:00+01:00,Solar 14,0.0
2030,sc01,01-30 04:00:00+01:00,CT NG 75,0.0
2030,sc01,01-30 04:00:00+01:00,ST NG 09,0.0
2030,sc01,01-30 04:00:00+01:00,CT NG 56,0.0
2030,sc01,01-30 04:00:00+01:00,Biomass 22,0.0
2030,sc01,01-30 04:00:00+01:00,Solar 18,0.0
2030,sc01,01-30 04:00:00+01:00,Biomass 13,0.0
2030,sc01,01-30 04:00:00+01:00,CT NG 71,0.0
2030,sc01,01-30 04:00:00+01:00,Solar 58,0.0
2030,sc01,01-30 04:00:00+01:00,Solar 06,0.0
2030,sc01,01-30 04:00:00+01:00,Biomass 08,0.0
2030,sc01,01-30 04:00:00+01:00,CT NG 72,0.0
2030,sc01,01-30 04:00:00+01:00,Hydro 18,0.03654156
2030,sc01,01-30 04:00:00+01:00,Solar 10,0.0
2030,sc01,01-30 04:00:00+01:00,CT NG 04,0.0
2030,sc01,01-30 04:00:00+01:00,ST Other 02,0.0
2030,sc01,01-30 04:00:00+01:00,CT NG 12,0.0
2030,sc01,01-30 04:00:00+01:00,CT NG 48,0.0
2030,sc01,01-30 04:00:00+01:00,ST NG 10,0.0
2030,sc01,01-30 04:00:00+01:00,Solar 22,0.0
2030,sc01,01-30 04:00:00+01:00,Solar 28,0.0
2030,sc01,01-30 04:00:00+01:00,CT NG 73,0.0
2030,sc01,01-30 04:00:00+01:00,Biomass 52,0.0
2030,sc01,01-30 04:00:00+01:00,CT NG 30,0.0
2030,sc01,01-30 04:00:00+01:00,Solar 54,0.0
2030,sc01,01-30 04:00:00+01:00,Solar 31,0.0
2030,sc01,01-30 04:00:00+01:00,Biomass 03,0.0
2030,sc01,01-30 04:00:00+01:00,CT NG 32,0.0
2030,sc01,01-30 04:00:00+01:00,Biomass 27,0.0
2030,sc01,01-30 04:00:00+01:00,CC NG 14,0.0
2030,sc01,01-30 04:00:00+01:00,CC NG 03,0.0
2030,sc01,01-30 04:00:00+01:00,CC NG 29,0.0
2030,sc01,01-30 04:00:00+01:00,CC NG 28,0.0
2030,sc01,01-30 04:00:00+01:00,CC NG 25,0.0
2030,sc01,01-30 04:00:00+01:00,CT NG 44,0.0
2030,sc01,01-30 04:00:00+01:00,CT NG 14,0.0
2030,sc01,01-30 04:00:00+01:00,CC NG 15,0.0
2030,sc01,01-30 04:00:00+01:00,CC NG 04,0.0
2030,sc01,01-30 04:00:00+01:00,Biomass 29,0.0
2030,sc01,01-30 04:00:00+01:00,Wind 14,0.0
2030,sc01,01-30 04:00:00+01:00,Wind 08,1.99020342188
2030,sc01,01-30 04:00:00+01:00,Biomass 61,0.0
2030,sc01,01-30 04:00:00+01:00,CT NG 35,0.0
2030,sc01,01-30 04:00:00+01:00,Solar 33,0.0
2030,sc01,01-30 04:00:00+01:00,CT NG 41,0.0
2030,sc01,01-30 04:00:00+01:00,CT NG 15,0.0
2030,sc01,01-30 04:00:00+01:00,Solar 42,0.0
2030,sc01,01-30 04:00:00+01:00,Solar 07,0.0
2030,sc01,01-30 04:00:00+01:00,Solar 43,0.0
2030,sc01,01-30 04:00:00+01:00,Biomass 05,0.0
2030,sc01,01-30 04:00:00+01:00,CT NG 29,0.0
2030,sc01,01-30 04:00:00+01:00,Solar 71,0.0
2030,sc01,01-30 04:00:00+01:00,CT NG 53,0.0
2030,sc01,01-30 04:00:00+01:00,CT NG 20,0.0
2030,sc01,01-30 04:00:00+01:00,Biomass 14,0.0
2030,sc01,01-30 04:00:00+01:00,Solar 26,0.0
2030,sc01,01-30 04:00:00+01:00,Hydro 29,0.0
2030,sc01,01-30 04:00:00+01:00,Hydro 31,0.0
2030,sc01,01-30 04:00:00+01:00,Biomass 24,0.0
2030,sc01,01-30 04:00:00+01:00,Biomass 54,0.0
2030,sc01,01-30 04:00:00+01:00,Solar 36,0.0
2030,sc01,01-30 04:00:00+01:00,Wind 03,1.15511200264
2030,sc01,01-30 04:00:00+01:00,Biomass 40,0.0
2030,sc01,01-30 04:00:00+01:00,Biomass 49,0.0
2030,sc01,01-30 04:00:00+01:00,CC NG 16,0.0
2030,sc01,01-30 04:00:00+01:00,Biomass 48,0.0
2030,sc01,01-30 04:00:00+01:00,Hydro 28,0.0
2030,sc01,01-30 04:00:00+01:00,Biomass 17,0.0
2030,sc01,01-30 04:00:00+01:00,CT NG 33,0.0
2030,sc01,01-30 04:00:00+01:00,Solar 45,0.0
2030,sc01,01-30 04:00:00+01:00,Hydro 24,0.0
2030,sc01,01-30 04:00:00+01:00,Wind 13,5.5354102884
2030,sc01,01-30 04:00:00+01:00,Biomass 07,0.0
2030,sc01,01-30 04:00:00+01:00,Biomass 34,0.0
2030,sc01,01-30 04:00:00+01:00,Biomass 33,0.0
2030,sc01,01-30 04:00:00+01:00,CT NG 01,0.0
2030,sc01,01-30 04:00:00+01:00,ICE NG 03,0.0
2030,sc01,01-30 04:00:00+01:00,Solar 55,0.0
2030,sc01,01-30 04:00:00+01:00,Solar 11,0.0
2030,sc01,01-30 04:00:00+01:00,CT NG 06,0.0
2030,sc01,01-30 04:00:00+01:00,CT NG 70,0.0
2030,sc01,01-30 04:00:00+01:00,Solar 23,0.0
2030,sc01,01-30 04:00:00+01:00,CT NG 67,0.0
2030,sc01,01-30 04:00:00+01:00,Solar 12,0.0
2030,sc01,01-30 04:00:00+01:00,CT Oil 01,0.0
2030,sc01,01-30 04:00:00+01:00,Hydro 26,0.30647760000000007
2030,sc01,01-30 04:00:00+01:00,CC NG 22,0.0
2030,sc01,01-30 04:00:00+01:00,CC NG 35,0.0
2030,sc01,01-30 04:00:00+01:00,Biomass 50,0.0
2030,sc01,01-30 04:00:00+01:00,ICE NG 04,0.0
2030,sc01,01-30 04:00:00+01:00,CC NG 39,0.0
2030,sc01,01-30 04:00:00+01:00,Hydro 32,0.0
2030,sc01,01-30 04:00:00+01:00,ICE NG 07,0.0
2030,sc01,01-30 04:00:00+01:00,Biomass 46,0.0
2030,sc01,01-30 04:00:00+01:00,CC NG 38,0.0
2030,sc01,01-30 04:00:00+01:00,CC NG 12,0.0
2030,sc01,01-30 04:00:00+01:00,Solar 57,0.0
2030,sc01,01-30 04:00:00+01:00,CC NG 32,0.0
2030,sc01,01-30 04:00:00+01:00,CC NG 07,0.0
2030,sc01,01-30 04:00:00+01:00,Biomass 44,0.0
2030,sc01,01-30 04:00:00+01:00,CT NG 40,0.0
2030,sc01,01-30 04:00:00+01:00,Solar 74,0.0
2030,sc01,01-30 04:00:00+01:00,Hydro 30,0.0
2030,sc01,01-30 04:00:00+01:00,CT NG 42,0.0
2030,sc01,01-30 04:00:00+01:00,Hydro 22,0.0
2030,sc01,01-30 04:00:00+01:00,Solar 17,0.0
2030,sc01,01-30 04:00:00+01:00,Solar 38,0.0
2030,sc01,01-30 04:00:00+01:00,CT NG 24,0.0
2030,sc01,01-30 04:00:00+01:00,CC NG 27,0.0
2030,sc01,01-30 04:00:00+01:00,Biomass 21,0.0
2030,sc01,01-30 04:00:00+01:00,ICE NG 06,0.0
2030,sc01,01-30 04:00:00+01:00,Biomass 25,0.0
2030,sc01,01-30 04:00:00+01:00,Solar 27,0.0
2030,sc01,01-30 04:00:00+01:00,CT NG 19,0.0
2030,sc01,01-30 04:00:00+01:00,Biomass 42,0.0
2030,sc01,01-30 04:00:00+01:00,Biomass 19,0.0
2030,sc01,01-30 04:00:00+01:00,Biomass 06,0.0
2030,sc01,01-30 04:00:00+01:00,CT NG 10,0.0
2030,sc01,01-30 04:00:00+01:00,CC NG 40,0.0
2030,sc01,01-30 04:00:00+01:00,CC NG 21,0.0
2030,sc01,01-30 04:00:00+01:00,Biomass 02,0.0
2030,sc01,01-30 04:00:00+01:00,CT NG 46,0.0
2030,sc01,01-30 04:00:00+01:00,Hydro 34,0.0
2030,sc01,01-30 04:00:00+01:00,Biomass 10,0.0
2030,sc01,01-30 04:00:00+01:00,CT NG 17,0.0
2030,sc01,01-30 04:00:00+01:00,Biomass 62,0.0
2030,sc01,01-30 04:00:00+01:00,Biomass 32,0.0
2030,sc01,01-30 04:00:00+01:00,CC NG 19,0.0
2030,sc01,01-30 04:00:00+01:00,CC NG 17,0.0
2030,sc01,01-30 04:00:00+01:00,ST NG 01,0.0
2030,sc01,01-30 04:00:00+01:00,Biomass 45,0.0
2030,sc01,01-30 04:00:00+01:00,Biomass 28,0.0
2030,sc01,01-30 04:00:00+01:00,CC NG 10,0.0
2030,sc01,01-30 04:00:00+01:00,Biomass 23,0.0
2030,sc01,01-30 04:00:00+01:00,ST NG 06,0.0
2030,sc01,01-30 04:00:00+01:00,Wind 10,1.8922042566800001
2030,sc01,01-30 04:00:00+01:00,CT NG 69,0.0
2030,sc01,01-30 04:00:00+01:00,CT NG 68,0.0
2030,sc01,01-31 19:00:00+01:00,CC NG 13,0.0
2030,sc01,01-31 19:00:00+01:00,CT NG 37,0.0
2030,sc01,01-31 19:00:00+01:00,ST Coal 01,0.0
2030,sc01,01-31 19:00:00+01:00,CT NG 09,0.0
2030,sc01,01-31 19:00:00+01:00,CT NG 47,0.0
2030,sc01,01-31 19:00:00+01:00,Solar 69,0.0
2030,sc01,01-31 19:00:00+01:00,Solar 34,0.0
2030,sc01,01-31 19:00:00+01:00,Solar 73,0.0
2030,sc01,01-31 19:00:00+01:00,Biomass 37,0.028350000000000004
2030,sc01,01-31 19:00:00+01:00,Hydro 20,0.0
2030,sc01,01-31 19:00:00+01:00,Solar 01,0.0
2030,sc01,01-31 19:00:00+01:00,Solar 62,0.0
2030,sc01,01-31 19:00:00+01:00,Solar 02,0.0
2030,sc01,01-31 19:00:00+01:00,CT NG 26,0.0
2030,sc01,01-31 19:00:00+01:00,Biomass 20,0.01295
2030,sc01,01-31 19:00:00+01:00,Wind 16,0.0
2030,sc01,01-31 19:00:00+01:00,CT NG 66,0.0
2030,sc01,01-31 19:00:00+01:00,Solar 39,0.0
2030,sc01,01-31 19:00:00+01:00,Biomass 41,0.03185
2030,sc01,01-31 19:00:00+01:00,Solar 72,0.0
2030,sc01,01-31 19:00:00+01:00,ST NG 03,0.0
2030,sc01,01-31 19:00:00+01:00,Hydro 21,0.54782385
2030,sc01,01-31 19:00:00+01:00,CT NG 03,0.0
2030,sc01,01-31 19:00:00+01:00,CC NG 09,0.0
2030,sc01,01-31 19:00:00+01:00,CT Oil 02,0.0
2030,sc01,01-31 19:00:00+01:00,CT NG 39,0.0
2030,sc01,01-31 19:00:00+01:00,CC NG 08,0.0
2030,sc01,01-31 19:00:00+01:00,Biomass 43,0.09975
2030,sc01,01-31 19:00:00+01:00,CT NG 18,0.13226849999999998
2030,sc01,01-31 19:00:00+01:00,ST NG 07,0.0
2030,sc01,01-31 19:00:00+01:00,Biomass 35,0.0504
2030,sc01,01-31 19:00:00+01:00,Solar 32,0.0
2030,sc01,01-31 19:00:00+01:00,Biomass 15,0.0
2030,sc01,01-31 19:00:00+01:00,CC NG 31,0.0
2030,sc01,01-31 19:00:00+01:00,Solar 16,0.0
2030,sc01,01-31 19:00:00+01:00,Solar 68,0.0
2030,sc01,01-31 19:00:00+01:00,CT NG 21,0.0
2030,sc01,01-31 19:00:00+01:00,Wind 11,0.31051473824000003
2030,sc01,01-31 19:00:00+01:00,CC NG 37,0.0
2030,sc01,01-31 19:00:00+01:00,CT NG 22,0.0
2030,sc01,01-31 19:00:00+01:00,Hydro 16,0.0
2030,sc01,01-31 19:00:00+01:00,Biomass 59,0.14490000000000003
2030,sc01,01-31 19:00:00+01:00,CC NG 01,0.0
2030,sc01,01-31 19:00:00+01:00,Biomass 16,0.0
2030,sc01,01-31 19:00:00+01:00,Solar 03,0.0
2030,sc01,01-31 19:00:00+01:00,Solar 44,0.0
2030,sc01,01-31 19:00:00+01:00,CT NG 08,0.0
2030,sc01,01-31 19:00:00+01:00,Wind 05,0.01161494124
2030,sc01,01-31 19:00:00+01:00,Biomass 26,0.059149999999999994
2030,sc01,01-31 19:00:00+01:00,Solar 37,0.0
2030,sc01,01-31 19:00:00+01:00,Biomass 11,0.013300000000000001
2030,sc01,01-31 19:00:00+01:00,Solar 59,0.0
2030,sc01,01-31 19:00:00+01:00,CT NG 11,0.0
2030,sc01,01-31 19:00:00+01:00,Biomass 30,0.059149999999999994
2030,sc01,01-31 19:00:00+01:00,Hydro 23,0.0
2030,sc01,01-31 19:00:00+01:00,CC NG 24,0.0
2030,sc01,01-31 19:00:00+01:00,Solar 65,0.0
2030,sc01,01-31 19:00:00+01:00,CC NG 18,14.011206769729974
2030,sc01,01-31 19:00:00+01:00,CT NG 16,0.0
2030,sc01,01-31 19:00:00+01:00,Solar 51,0.0
2030,sc01,01-31 19:00:00+01:00,Wind 06,0.6549469451000001
2030,sc01,01-31 19:00:00+01:00,CC NG 26,0.0
2030,sc01,01-31 19:00:00+01:00,CC NG 23,0.0
2030,sc01,01-31 19:00:00+01:00,CT NG 43,0.0
2030,sc01,01-31 19:00:00+01:00,CC NG 11,0.0
2030,sc01,01-31 19:00:00+01:00,CT NG 02,0.0
2030,sc01,01-31 19:00:00+01:00,CT NG 50,0.0
2030,sc01,01-31 19:00:00+01:00,Hydro 27,0.27027
2030,sc01,01-31 19:00:00+01:00,CT NG 13,0.0
2030,sc01,01-31 19:00:00+01:00,CT NG 25,0.0
2030,sc01,01-31 19:00:00+01:00,CC NG 05,1.1961896759414212
2030,sc01,01-31 19:00:00+01:00,Solar 04,0.0
2030,sc01,01-31 19:00:00+01:00,Solar 30,0.0
2030,sc01,01-31 19:00:00+01:00,Solar 29,0.0
2030,sc01,01-31 19:00:00+01:00,Solar 53,0.0
2030,sc01,01-31 19:00:00+01:00,Solar 21,0.0
2030,sc01,01-31 19:00:00+01:00,Biomass 58,0.07104999999999999
2030,sc01,01-31 19:00:00+01:00,CT NG 74,0.0
2030,sc01,01-31 19:00:00+01:00,Solar 61,0.0
2030,sc01,01-31 19:00:00+01:00,Wind 07,0.4039549269
2030,sc01,01-31 19:00:00+01:00,Biomass 31,0.059149999999999994
2030,sc01,01-31 19:00:00+01:00,CT Oil 05,0.0
2030,sc01,01-31 19:00:00+01:00,Biomass 38,0.028350000000000004
2030,sc01,01-31 19:00:00+01:00,Solar 41,0.0
2030,sc01,01-31 19:00:00+01:00,Biomass 51,0.006299999999999999
2030,sc01,01-31 19:00:00+01:00,Biomass 55,0.08715000000000002
2030,sc01,01-31 19:00:00+01:00,Wind 15,0.0
2030,sc01,01-31 19:00:00+01:00,Geo 01,0.0
2030,sc01,01-31 19:00:00+01:00,Biomass 60,0.0945
2030,sc01,01-31 19:00:00+01:00,CT NG 38,0.0
2030,sc01,01-31 19:00:00+01:00,Solar 66,0.0
2030,sc01,01-31 19:00:00+01:00,Solar 49,0.0
2030,sc01,01-31 19:00:00+01:00,CT NG 51,0.0
2030,sc01,01-31 19:00:00+01:00,Biomass 18,0.0
2030,sc01,01-31 19:00:00+01:00,ICE NG 01,0.0
2030,sc01,01-31 19:00:00+01:00,Solar 15,0.0
2030,sc01,01-31 19:00:00+01:00,ICE NG 05,0.0
2030,sc01,01-31 19:00:00+01:00,CT Oil 04,0.0
2030,sc01,01-31 19:00:00+01:00,CC NG 20,0.0
2030,sc01,01-31 19:00:00+01:00,Solar 20,0.0
2030,sc01,01-31 19:00:00+01:00,Biomass 04,0.00875
2030,sc01,01-31 19:00:00+01:00,Wind 02,0.89522462855
2030,sc01,01-31 19:00:00+01:00,Hydro 25,0.0
2030,sc01,01-31 19:00:00+01:00,Solar 75,0.0
2030,sc01,01-31 19:00:00+01:00,Hydro 33,0.0
2030,sc01,01-31 19:00:00+01:00,ST NG 05,0.0
2030,sc01,01-31 19:00:00+01:00,CT NG 07,0.0
2030,sc01,01-31 19:00:00+01:00,Wind 01,0.2754521546
2030,sc01,01-31 19:00:00+01:00,Solar 56,0.0
2030,sc01,01-31 19:00:00+01:00,Biomass 09,0.027300000000000005
2030,sc01,01-31 19:00:00+01:00,Biomass 53,0.08715000000000002
2030,sc01,01-31 19:00:00+01:00,Wind 17,23.00286325674423
2030,sc01,01-31 19:00:00+01:00,ST NG 08,0.0
2030,sc01,01-31 19:00:00+01:00,Hydro 19,0.0
2030,sc01,01-31 19:00:00+01:00,ST NG 02,0.0
2030,sc01,01-31 19:00:00+01:00,Biomass 01,0.036750000000000005
2030,sc01,01-31 19:00:00+01:00,Biomass 57,0.07104999999999999
2030,sc01,01-31 19:00:00+01:00,CT NG 49,0.0
2030,sc01,01-31 19:00:00+01:00,CT NG 31,0.0
2030,sc01,01-31 19:00:00+01:00,Solar 64,0.0
2030,sc01,01-31 19:00:00+01:00,CC NG 33,0.0
2030,sc01,01-31 19:00:00+01:00,Solar 46,0.0
2030,sc01,01-31 19:00:00+01:00,Biomass 12,0.013300000000000001
2030,sc01,01-31 19:00:00+01:00,Wind 04,0.6398731591000001
2030,sc01,01-31 19:00:00+01:00,Solar 13,0.0
2030,sc01,01-31 19:00:00+01:00,CT NG 55,0.0
2030,sc01,01-31 19:00:00+01:00,Wind N03,176.65942576155396
2030,sc01,01-31 19:00:00+01:00,CT NG 28,0.0
2030,sc01,01-31 19:00:00+01:00,Wind 09,0.1322666506
2030,sc01,01-31 19:00:00+01:00,Solar 60,0.0
2030,sc01,01-31 19:00:00+01:00,Solar 25,0.0
2030,sc01,01-31 19:00:00+01:00,CT NG 23,0.0
2030,sc01,01-31 19:00:00+01:00,ST Other 01,0.0
2030,sc01,01-31 19:00:00+01:00,Solar 70,0.0
2030,sc01,01-31 19:00:00+01:00,CC NG 34,0.0
2030,sc01,01-31 19:00:00+01:00,Solar 48,0.0
2030,sc01,01-31 19:00:00+01:00,Biomass 56,0.08925
2030,sc01,01-31 19:00:00+01:00,CT NG 36,0.0
2030,sc01,01-31 19:00:00+01:00,Solar 47,0.0
2030,sc01,01-31 19:00:00+01:00,Hydro 17,0.0093555
2030,sc01,01-31 19:00:00+01:00,Solar 09,0.0
2030,sc01,01-31 19:00:00+01:00,Solar 08,0.0
2030,sc01,01-31 19:00:00+01:00,CT NG 45,0.0
2030,sc01,01-31 19:00:00+01:00,ST NG 04,1.1488718787201846
2030,sc01,01-31 19:00:00+01:00,Solar 40,0.0
2030,sc01,01-31 19:00:00+01:00,Biomass 47,0.08225
2030,sc01,01-31 19:00:00+01:00,Solar 50,0.0
2030,sc01,01-31 19:00:00+01:00,Solar 52,0.0
2030,sc01,01-31 19:00:00+01:00,Solar 63,0.0
2030,sc01,01-31 19:00:00+01:00,CC NG 06,0.0
2030,sc01,01-31 19:00:00+01:00,Biomass 39,0.028350000000000004
2030,sc01,01-31 19:00:00+01:00,Solar 67,0.0
2030,sc01,01-31 19:00:00+01:00,Solar 19,0.0
2030,sc01,01-31 19:00:00+01:00,Wind 12,4.7864272925
2030,sc01,01-31 19:00:00+01:00,Solar 24,0.0
2030,sc01,01-31 19:00:00+01:00,ICE NG 02,0.0
2030,sc01,01-31 19:00:00+01:00,Solar 05,0.0
2030,sc01,01-31 19:00:00+01:00,CT NG 54,0.0
2030,sc01,01-31 19:00:00+01:00,Wind N01,45.40969482
2030,sc01,01-31 19:00:00+01:00,CT NG 27,0.0
2030,sc01,01-31 19:00:00+01:00,CC NG 36,0.0
2030,sc01,01-31 19:00:00+01:00,Wind N02,14.72361240452384
2030,sc01,01-31 19:00:00+01:00,CT NG 52,0.0
2030,sc01,01-31 19:00:00+01:00,Solar 35,0.0
2030,sc01,01-31 19:00:00+01:00,CT NG 05,0.0
2030,sc01,01-31 19:00:00+01:00,Biomass 36,0.0504
2030,sc01,01-31 19:00:00+01:00,CT NG 34,0.0
2030,sc01,01-31 19:00:00+01:00,CT Oil 03,0.0
2030,sc01,01-31 19:00:00+01:00,Hydro 35,0.0
2030,sc01,01-31 19:00:00+01:00,Solar 14,0.0
2030,sc01,01-31 19:00:00+01:00,CT NG 75,0.0
2030,sc01,01-31 19:00:00+01:00,ST NG 09,0.0
2030,sc01,01-31 19:00:00+01:00,CT NG 56,0.0
2030,sc01,01-31 19:00:00+01:00,Biomass 22,0.01295
2030,sc01,01-31 19:00:00+01:00,Solar 18,0.0
2030,sc01,01-31 19:00:00+01:00,Biomass 13,0.013300000000000001
2030,sc01,01-31 19:00:00+01:00,CT NG 71,0.0
2030,sc01,01-31 19:00:00+01:00,Solar 58,0.0
2030,sc01,01-31 19:00:00+01:00,Solar 06,0.0
2030,sc01,01-31 19:00:00+01:00,Biomass 08,0.027300000000000005
2030,sc01,01-31 19:00:00+01:00,CT NG 72,0.0
2030,sc01,01-31 19:00:00+01:00,Hydro 18,0.0322245
2030,sc01,01-31 19:00:00+01:00,Solar 10,0.0
2030,sc01,01-31 19:00:00+01:00,CT NG 04,0.0
2030,sc01,01-31 19:00:00+01:00,ST Other 02,0.0
2030,sc01,01-31 19:00:00+01:00,CT NG 12,0.0
2030,sc01,01-31 19:00:00+01:00,CT NG 48,0.0
2030,sc01,01-31 19:00:00+01:00,ST NG 10,0.0
2030,sc01,01-31 19:00:00+01:00,Solar 22,0.0
2030,sc01,01-31 19:00:00+01:00,Solar 28,0.0
2030,sc01,01-31 19:00:00+01:00,CT NG 73,0.0
2030,sc01,01-31 19:00:00+01:00,Biomass 52,0.0602
2030,sc01,01-31 19:00:00+01:00,CT NG 30,0.0
2030,sc01,01-31 19:00:00+01:00,Solar 54,0.0
2030,sc01,01-31 19:00:00+01:00,Solar 31,0.0
2030,sc01,01-31 19:00:00+01:00,Biomass 03,0.00875
2030,sc01,01-31 19:00:00+01:00,CT NG 32,0.0
2030,sc01,01-31 19:00:00+01:00,Biomass 27,0.059149999999999994
2030,sc01,01-31 19:00:00+01:00,CC NG 14,0.0
2030,sc01,01-31 19:00:00+01:00,CC NG 03,4.2976381
2030,sc01,01-31 19:00:00+01:00,CC NG 29,0.0
2030,sc01,01-31 19:00:00+01:00,CC NG 28,0.0
2030,sc01,01-31 19:00:00+01:00,CC NG 25,0.0
2030,sc01,01-31 19:00:00+01:00,CT NG 44,0.0
2030,sc01,01-31 19:00:00+01:00,CT NG 14,0.0
2030,sc01,01-31 19:00:00+01:00,CC NG 15,0.0
2030,sc01,01-31 19:00:00+01:00,CC NG 04,10.8304
2030,sc01,01-31 19:00:00+01:00,Biomass 29,0.059149999999999994
2030,sc01,01-31 19:00:00+01:00,Wind 14,13.550334413
2030,sc01,01-31 19:00:00+01:00,Wind 08,0.16788839844
2030,sc01,01-31 19:00:00+01:00,Biomass 61,0.01645
2030,sc01,01-31 19:00:00+01:00,CT NG 35,0.0
2030,sc01,01-31 19:00:00+01:00,Solar 33,0.0
2030,sc01,01-31 19:00:00+01:00,CT NG 41,0.0
2030,sc01,01-31 19:00:00+01:00,CT NG 15,0.0
2030,sc01,01-31 19:00:00+01:00,Solar 42,0.0
2030,sc01,01-31 19:00:00+01:00,Solar 07,0.0
2030,sc01,01-31 19:00:00+01:00,Solar 43,0.0
2030,sc01,01-31 19:00:00+01:00,Biomass 05,0.01575
2030,sc01,01-31 19:00:00+01:00,CT NG 29,0.0
2030,sc01,01-31 19:00:00+01:00,Solar 71,0.0
2030,sc01,01-31 19:00:00+01:00,CT NG 53,0.0
2030,sc01,01-31 19:00:00+01:00,CT NG 20,0.0
2030,sc01,01-31 19:00:00+01:00,Biomass 14,0.029400000000000003
2030,sc01,01-31 19:00:00+01:00,Solar 26,0.0
2030,sc01,01-31 19:00:00+01:00,Hydro 29,38.671479000000005
2030,sc01,01-31 19:00:00+01:00,Hydro 31,0.0
2030,sc01,01-31 19:00:00+01:00,Biomass 24,0.01575
2030,sc01,01-31 19:00:00+01:00,Biomass 54,0.08715000000000002
2030,sc01,01-31 19:00:00+01:00,Solar 36,0.0
2030,sc01,01-31 19:00:00+01:00,Wind 03,1.4812289614499998
2030,sc01,01-31 19:00:00+01:00,Biomass 40,0.028350000000000004
2030,sc01,01-31 19:00:00+01:00,Biomass 49,0.014
2030,sc01,01-31 19:00:00+01:00,CC NG 16,31.9327575
2030,sc01,01-31 19:00:00+01:00,Biomass 48,0.08225
2030,sc01,01-31 19:00:00+01:00,Hydro 28,38.671479000000005
2030,sc01,01-31 19:00:00+01:00,Biomass 17,0.0
2030,sc01,01-31 19:00:00+01:00,CT NG 33,0.0
2030,sc01,01-31 19:00:00+01:00,Solar 45,0.0
2030,sc01,01-31 19:00:00+01:00,Hydro 24,0.0
2030,sc01,01-31 19:00:00+01:00,Wind 13,2.5834922596000003
2030,sc01,01-31 19:00:00+01:00,Biomass 07,0.07
2030,sc01,01-31 19:00:00+01:00,Biomass 34,0.0504
2030,sc01,01-31 19:00:00+01:00,Biomass 33,0.0504
2030,sc01,01-31 19:00:00+01:00,CT NG 01,0.0
2030,sc01,01-31 19:00:00+01:00,ICE NG 03,0.0
2030,sc01,01-31 19:00:00+01:00,Solar 55,0.0
2030,sc01,01-31 19:00:00+01:00,Solar 11,0.0
2030,sc01,01-31 19:00:00+01:00,CT NG 06,0.0
2030,sc01,01-31 19:00:00+01:00,CT NG 70,0.0
2030,sc01,01-31 19:00:00+01:00,Solar 23,0.0
2030,sc01,01-31 19:00:00+01:00,CT NG 67,0.0
2030,sc01,01-31 19:00:00+01:00,Solar 12,0.0
2030,sc01,01-31 19:00:00+01:00,CT Oil 01,0.0
2030,sc01,01-31 19:00:00+01:00,Hydro 26,0.0
2030,sc01,01-31 19:00:00+01:00,CC NG 22,0.0
2030,sc01,01-31 19:00:00+01:00,CC NG 35,0.0
2030,sc01,01-31 19:00:00+01:00,Biomass 50,0.006299999999999999
2030,sc01,01-31 19:00:00+01:00,ICE NG 04,0.0
2030,sc01,01-31 19:00:00+01:00,CC NG 39,0.0
2030,sc01,01-31 19:00:00+01:00,Hydro 32,0.0
2030,sc01,01-31 19:00:00+01:00,ICE NG 07,0.0
2030,sc01,01-31 19:00:00+01:00,Biomass 46,0.021349999999999997
2030,sc01,01-31 19:00:00+01:00,CC NG 38,0.0
2030,sc01,01-31 19:00:00+01:00,CC NG 12,0.0
2030,sc01,01-31 19:00:00+01:00,Solar 57,0.0
2030,sc01,01-31 19:00:00+01:00,CC NG 32,0.0
2030,sc01,01-31 19:00:00+01:00,CC NG 07,0.0
2030,sc01,01-31 19:00:00+01:00,Biomass 44,0.0406
2030,sc01,01-31 19:00:00+01:00,CT NG 40,0.0
2030,sc01,01-31 19:00:00+01:00,Solar 74,0.0
2030,sc01,01-31 19:00:00+01:00,Hydro 30,0.0
2030,sc01,01-31 19:00:00+01:00,CT NG 42,0.0
2030,sc01,01-31 19:00:00+01:00,Hydro 22,0.54782385
2030,sc01,01-31 19:00:00+01:00,Solar 17,0.0
2030,sc01,01-31 19:00:00+01:00,Solar 38,0.0
2030,sc01,01-31 19:00:00+01:00,CT NG 24,0.0
2030,sc01,01-31 19:00:00+01:00,CC NG 27,0.0
2030,sc01,01-31 19:00:00+01:00,Biomass 21,0.01295
2030,sc01,01-31 19:00:00+01:00,ICE NG 06,0.0
2030,sc01,01-31 19:00:00+01:00,Biomass 25,0.01575
2030,sc01,01-31 19:00:00+01:00,Solar 27,0.0
2030,sc01,01-31 19:00:00+01:00,CT NG 19,0.0
2030,sc01,01-31 19:00:00+01:00,Biomass 42,0.03185
2030,sc01,01-31 19:00:00+01:00,Biomass 19,0.01295
2030,sc01,01-31 19:00:00+01:00,Biomass 06,0.01575
2030,sc01,01-31 19:00:00+01:00,CT NG 10,0.0
2030,sc01,01-31 19:00:00+01:00,CC NG 40,7.912567657821499
2030,sc01,01-31 19:00:00+01:00,CC NG 21,0.0
2030,sc01,01-31 19:00:00+01:00,Biomass 02,0.036750000000000005
2030,sc01,01-31 19:00:00+01:00,CT NG 46,0.0
2030,sc01,01-31 19:00:00+01:00,Hydro 34,0.0
2030,sc01,01-31 19:00:00+01:00,Biomass 10,0.027300000000000005
2030,sc01,01-31 19:00:00+01:00,CT NG 17,0.23401349999999999
2030,sc01,01-31 19:00:00+01:00,Biomass 62,0.06545000000000001
2030,sc01,01-31 19:00:00+01:00,Biomass 32,0.041999999999999996
2030,sc01,01-31 19:00:00+01:00,CC NG 19,4.7383
2030,sc01,01-31 19:00:00+01:00,CC NG 17,0.0
2030,sc01,01-31 19:00:00+01:00,ST NG 01,0.0
2030,sc01,01-31 19:00:00+01:00,Biomass 45,0.0406
2030,sc01,01-31 19:00:00+01:00,Biomass 28,0.059149999999999994
2030,sc01,01-31 19:00:00+01:00,CC NG 10,0.0
2030,sc01,01-31 19:00:00+01:00,Biomass 23,0.01575
2030,sc01,01-31 19:00:00+01:00,ST NG 06,0.0
2030,sc01,01-31 19:00:00+01:00,Wind 10,0.1476566112
2030,sc01,01-31 19:00:00+01:00,CT NG 69,0.0
2030,sc01,01-31 19:00:00+01:00,CT NG 68,0.0
2030,sc01,02-04 06:00:00+01:00,CC NG 13,1.4997187941836885
2030,sc01,02-04 06:00:00+01:00,CT NG 37,0.0
2030,sc01,02-04 06:00:00+01:00,ST Coal 01,0.0
2030,sc01,02-04 06:00:00+01:00,CT NG 09,1.7442
2030,sc01,02-04 06:00:00+01:00,CT NG 47,0.0
2030,sc01,02-04 06:00:00+01:00,Solar 69,0.0
2030,sc01,02-04 06:00:00+01:00,Solar 34,0.0
2030,sc01,02-04 06:00:00+01:00,Solar 73,0.0
2030,sc01,02-04 06:00:00+01:00,Biomass 37,0.02772
2030,sc01,02-04 06:00:00+01:00,Hydro 20,13.175579451006616
2030,sc01,02-04 06:00:00+01:00,Solar 01,0.0
2030,sc01,02-04 06:00:00+01:00,Solar 62,0.0
2030,sc01,02-04 06:00:00+01:00,Solar 02,0.0
2030,sc01,02-04 06:00:00+01:00,CT NG 26,0.0
2030,sc01,02-04 06:00:00+01:00,Biomass 20,0.0126
2030,sc01,02-04 06:00:00+01:00,Wind 16,0.0
2030,sc01,02-04 06:00:00+01:00,CT NG 66,0.0
2030,sc01,02-04 06:00:00+01:00,Solar 39,0.0
2030,sc01,02-04 06:00:00+01:00,Biomass 41,0.048600000000000004
2030,sc01,02-04 06:00:00+01:00,Solar 72,0.0
2030,sc01,02-04 06:00:00+01:00,ST NG 03,0.0
2030,sc01,02-04 06:00:00+01:00,Hydro 21,0.0
2030,sc01,02-04 06:00:00+01:00,CT NG 03,0.0
2030,sc01,02-04 06:00:00+01:00,CC NG 09,0.0
2030,sc01,02-04 06:00:00+01:00,CT Oil 02,0.0
2030,sc01,02-04 06:00:00+01:00,CT NG 39,0.0
2030,sc01,02-04 06:00:00+01:00,CC NG 08,0.0
2030,sc01,02-04 06:00:00+01:00,Biomass 43,0.09504
2030,sc01,02-04 06:00:00+01:00,CT NG 18,0.13604759999999996
2030,sc01,02-04 06:00:00+01:00,ST NG 07,0.0
2030,sc01,02-04 06:00:00+01:00,Biomass 35,0.048600000000000004
2030,sc01,02-04 06:00:00+01:00,Solar 32,0.0
2030,sc01,02-04 06:00:00+01:00,Biomass 15,0.00792
2030,sc01,02-04 06:00:00+01:00,CC NG 31,0.0
2030,sc01,02-04 06:00:00+01:00,Solar 16,0.0
2030,sc01,02-04 06:00:00+01:00,Solar 68,0.0
2030,sc01,02-04 06:00:00+01:00,CT NG 21,0.0
2030,sc01,02-04 06:00:00+01:00,Wind 11,0.0
2030,sc01,02-04 06:00:00+01:00,CC NG 37,0.0
2030,sc01,02-04 06:00:00+01:00,CT NG 22,0.0
2030,sc01,02-04 06:00:00+01:00,Hydro 16,0.0
2030,sc01,02-04 06:00:00+01:00,Biomass 59,0.14904
2030,sc01,02-04 06:00:00+01:00,CC NG 01,0.0
2030,sc01,02-04 06:00:00+01:00,Biomass 16,0.00792
2030,sc01,02-04 06:00:00+01:00,Solar 03,0.0
2030,sc01,02-04 06:00:00+01:00,Solar 44,0.0
2030,sc01,02-04 06:00:00+01:00,CT NG 08,0.0
2030,sc01,02-04 06:00:00+01:00,Wind 05,0.0
2030,sc01,02-04 06:00:00+01:00,Biomass 26,0.06084
2030,sc01,02-04 06:00:00+01:00,Solar 37,0.0
2030,sc01,02-04 06:00:00+01:00,Biomass 11,0.01188
2030,sc01,02-04 06:00:00+01:00,Solar 59,0.0
2030,sc01,02-04 06:00:00+01:00,CT NG 11,0.0
2030,sc01,02-04 06:00:00+01:00,Biomass 30,0.06084
2030,sc01,02-04 06:00:00+01:00,Hydro 23,23.61267552295367
2030,sc01,02-04 06:00:00+01:00,CC NG 24,0.0
2030,sc01,02-04 06:00:00+01:00,Solar 65,0.0
2030,sc01,02-04 06:00:00+01:00,CC NG 18,21.548628
2030,sc01,02-04 06:00:00+01:00,CT NG 16,0.0
2030,sc01,02-04 06:00:00+01:00,Solar 51,0.0
2030,sc01,02-04 06:00:00+01:00,Wind 06,0.080859845952
2030,sc01,02-04 06:00:00+01:00,CC NG 26,0.0
2030,sc01,02-04 06:00:00+01:00,CC NG 23,0.0
2030,sc01,02-04 06:00:00+01:00,CT NG 43,0.0
2030,sc01,02-04 06:00:00+01:00,CC NG 11,0.0
2030,sc01,02-04 06:00:00+01:00,CT NG 02,0.0
2030,sc01,02-04 06:00:00+01:00,CT NG 50,0.0
2030,sc01,02-04 06:00:00+01:00,Hydro 27,0.26423280000000005
2030,sc01,02-04 06:00:00+01:00,CT NG 13,0.0
2030,sc01,02-04 06:00:00+01:00,CT NG 25,0.0
2030,sc01,02-04 06:00:00+01:00,CC NG 05,0.83645672039018
2030,sc01,02-04 06:00:00+01:00,Solar 04,0.0
2030,sc01,02-04 06:00:00+01:00,Solar 30,0.0
2030,sc01,02-04 06:00:00+01:00,Solar 29,0.0
2030,sc01,02-04 06:00:00+01:00,Solar 53,0.0
2030,sc01,02-04 06:00:00+01:00,Solar 21,0.0
2030,sc01,02-04 06:00:00+01:00,Biomass 58,0.06588
2030,sc01,02-04 06:00:00+01:00,CT NG 74,0.0
2030,sc01,02-04 06:00:00+01:00,Solar 61,0.0
2030,sc01,02-04 06:00:00+01:00,Wind 07,0.0
2030,sc01,02-04 06:00:00+01:00,Biomass 31,0.06084
2030,sc01,02-04 06:00:00+01:00,CT Oil 05,0.0
2030,sc01,02-04 06:00:00+01:00,Biomass 38,0.02772
2030,sc01,02-04 06:00:00+01:00,Solar 41,0.0
2030,sc01,02-04 06:00:00+01:00,Biomass 51,0.006840000000000001
2030,sc01,02-04 06:00:00+01:00,Biomass 55,0.08567999999999999
2030,sc01,02-04 06:00:00+01:00,Wind 15,4.4073518904
2030,sc01,02-04 06:00:00+01:00,Geo 01,0.0
2030,sc01,02-04 06:00:00+01:00,Biomass 60,0.09720000000000001
2030,sc01,02-04 06:00:00+01:00,CT NG 38,0.0
2030,sc01,02-04 06:00:00+01:00,Solar 66,0.0
2030,sc01,02-04 06:00:00+01:00,Solar 49,0.0
2030,sc01,02-04 06:00:00+01:00,CT NG 51,0.0
2030,sc01,02-04 06:00:00+01:00,Biomass 18,0.00792
2030,sc01,02-04 06:00:00+01:00,ICE NG 01,0.0
2030,sc01,02-04 06:00:00+01:00,Solar 15,0.0
2030,sc01,02-04 06:00:00+01:00,ICE NG 05,0.0
2030,sc01,02-04 06:00:00+01:00,CT Oil 04,0.0
2030,sc01,02-04 06:00:00+01:00,CC NG 20,0.0
2030,sc01,02-04 06:00:00+01:00,Solar 20,0.0
2030,sc01,02-04 06:00:00+01:00,Biomass 04,0.009000000000000001
2030,sc01,02-04 06:00:00+01:00,Wind 02,0.02029080672
2030,sc01,02-04 06:00:00+01:00,Hydro 25,0.26423280000000005
2030,sc01,02-04 06:00:00+01:00,Solar 75,0.0
2030,sc01,02-04 06:00:00+01:00,Hydro 33,0.0
2030,sc01,02-04 06:00:00+01:00,ST NG 05,0.0
2030,sc01,02-04 06:00:00+01:00,CT NG 07,0.0
2030,sc01,02-04 06:00:00+01:00,Wind 01,0.0
2030,sc01,02-04 06:00:00+01:00,Solar 56,0.0
2030,sc01,02-04 06:00:00+01:00,Biomass 09,0.02664
2030,sc01,02-04 06:00:00+01:00,Biomass 53,0.08567999999999999
2030,sc01,02-04 06:00:00+01:00,Wind 17,4.380317874
2030,sc01,02-04 06:00:00+01:00,ST NG 08,0.0
2030,sc01,02-04 06:00:00+01:00,Hydro 19,0.300168
2030,sc01,02-04 06:00:00+01:00,ST NG 02,0.0
2030,sc01,02-04 06:00:00+01:00,Biomass 01,0.036000000000000004
2030,sc01,02-04 06:00:00+01:00,Biomass 57,0.06588
2030,sc01,02-04 06:00:00+01:00,CT NG 49,0.0
2030,sc01,02-04 06:00:00+01:00,CT NG 31,0.0
2030,sc01,02-04 06:00:00+01:00,Solar 64,0.0
2030,sc01,02-04 06:00:00+01:00,CC NG 33,0.0
2030,sc01,02-04 06:00:00+01:00,Solar 46,0.0
2030,sc01,02-04 06:00:00+01:00,Biomass 12,0.01188
2030,sc01,02-04 06:00:00+01:00,Wind 04,1.00235744748
2030,sc01,02-04 06:00:00+01:00,Solar 13,0.0
2030,sc01,02-04 06:00:00+01:00,CT NG 55,0.0
2030,sc01,02-04 06:00:00+01:00,Wind N03,168.47376436800002
2030,sc01,02-04 06:00:00+01:00,CT NG 28,0.0
2030,sc01,02-04 06:00:00+01:00,Wind 09,0.0
2030,sc01,02-04 06:00:00+01:00,Solar 60,0.0
2030,sc01,02-04 06:00:00+01:00,Solar 25,0.0
2030,sc01,02-04 06:00:00+01:00,CT NG 23,0.0
2030,sc01,02-04 06:00:00+01:00,ST Other 01,0.0
2030,sc01,02-04 06:00:00+01:00,Solar 70,0.0
2030,sc01,02-04 06:00:00+01:00,CC NG 34,11.008763560934954
2030,sc01,02-04 06:00:00+01:00,Solar 48,0.0
2030,sc01,02-04 06:00:00+01:00,Biomass 56,0.07488
2030,sc01,02-04 06:00:00+01:00,CT NG 36,0.0
2030,sc01,02-04 06:00:00+01:00,Solar 47,0.0
2030,sc01,02-04 06:00:00+01:00,Hydro 17,0.00914652
2030,sc01,02-04 06:00:00+01:00,Solar 09,0.0
2030,sc01,02-04 06:00:00+01:00,Solar 08,0.0
2030,sc01,02-04 06:00:00+01:00,CT NG 45,0.0
2030,sc01,02-04 06:00:00+01:00,ST NG 04,0.0
2030,sc01,02-04 06:00:00+01:00,Solar 40,0.0
2030,sc01,02-04 06:00:00+01:00,Biomass 47,0.08604
2030,sc01,02-04 06:00:00+01:00,Solar 50,0.0
2030,sc01,02-04 06:00:00+01:00,Solar 52,0.0
2030,sc01,02-04 06:00:00+01:00,Solar 63,0.0
2030,sc01,02-04 06:00:00+01:00,CC NG 06,0.0
2030,sc01,02-04 06:00:00+01:00,Biomass 39,0.02772
2030,sc01,02-04 06:00:00+01:00,Solar 67,0.0
2030,sc01,02-04 06:00:00+01:00,Solar 19,0.0
2030,sc01,02-04 06:00:00+01:00,Wind 12,1.00193859
2030,sc01,02-04 06:00:00+01:00,Solar 24,0.0
2030,sc01,02-04 06:00:00+01:00,ICE NG 02,0.0
2030,sc01,02-04 06:00:00+01:00,Solar 05,0.0
2030,sc01,02-04 06:00:00+01:00,CT NG 54,0.0
2030,sc01,02-04 06:00:00+01:00,Wind N01,9.505571238000002
2030,sc01,02-04 06:00:00+01:00,CT NG 27,0.0
2030,sc01,02-04 06:00:00+01:00,CC NG 36,0.0
2030,sc01,02-04 06:00:00+01:00,Wind N02,0.0
2030,sc01,02-04 06:00:00+01:00,CT NG 52,0.0
2030,sc01,02-04 06:00:00+01:00,Solar 35,0.0
2030,sc01,02-04 06:00:00+01:00,CT NG 05,0.0
2030,sc01,02-04 06:00:00+01:00,Biomass 36,0.048600000000000004
2030,sc01,02-04 06:00:00+01:00,CT NG 34,0.0
2030,sc01,02-04 06:00:00+01:00,CT Oil 03,0.0
2030,sc01,02-04 06:00:00+01:00,Hydro 35,0.0
2030,sc01,02-04 06:00:00+01:00,Solar 14,0.0
2030,sc01,02-04 06:00:00+01:00,CT NG 75,0.0
2030,sc01,02-04 06:00:00+01:00,ST NG 09,0.0
2030,sc01,02-04 06:00:00+01:00,CT NG 56,0.0
2030,sc01,02-04 06:00:00+01:00,Biomass 22,0.0126
2030,sc01,02-04 06:00:00+01:00,Solar 18,0.0
2030,sc01,02-04 06:00:00+01:00,Biomass 13,0.01188
2030,sc01,02-04 06:00:00+01:00,CT NG 71,0.0
2030,sc01,02-04 06:00:00+01:00,Solar 58,0.0
2030,sc01,02-04 06:00:00+01:00,Solar 06,0.0
2030,sc01,02-04 06:00:00+01:00,Biomass 08,0.02664
2030,sc01,02-04 06:00:00+01:00,CT NG 72,0.0
2030,sc01,02-04 06:00:00+01:00,Hydro 18,0.03150468
2030,sc01,02-04 06:00:00+01:00,Solar 10,0.0
2030,sc01,02-04 06:00:00+01:00,CT NG 04,0.0
2030,sc01,02-04 06:00:00+01:00,ST Other 02,0.0
2030,sc01,02-04 06:00:00+01:00,CT NG 12,0.0
2030,sc01,02-04 06:00:00+01:00,CT NG 48,0.0
2030,sc01,02-04 06:00:00+01:00,ST NG 10,0.0
2030,sc01,02-04 06:00:00+01:00,Solar 22,0.0
2030,sc01,02-04 06:00:00+01:00,Solar 28,0.0
2030,sc01,02-04 06:00:00+01:00,CT NG 73,0.0
2030,sc01,02-04 06:00:00+01:00,Biomass 52,0.06624000000000001
2030,sc01,02-04 06:00:00+01:00,CT NG 30,0.0
2030,sc01,02-04 06:00:00+01:00,Solar 54,0.0
2030,sc01,02-04 06:00:00+01:00,Solar 31,0.0
2030,sc01,02-04 06:00:00+01:00,Biomass 03,0.009000000000000001
2030,sc01,02-04 06:00:00+01:00,CT NG 32,0.0
2030,sc01,02-04 06:00:00+01:00,Biomass 27,0.06084
2030,sc01,02-04 06:00:00+01:00,CC NG 14,0.0
2030,sc01,02-04 06:00:00+01:00,CC NG 03,4.42042776
2030,sc01,02-04 06:00:00+01:00,CC NG 29,0.0
2030,sc01,02-04 06:00:00+01:00,CC NG 28,0.0
2030,sc01,02-04 06:00:00+01:00,CC NG 25,0.0
2030,sc01,02-04 06:00:00+01:00,CT NG 44,0.0
2030,sc01,02-04 06:00:00+01:00,CT NG 14,0.0
2030,sc01,02-04 06:00:00+01:00,CC NG 15,0.0
2030,sc01,02-04 06:00:00+01:00,CC NG 04,11.13984
2030,sc01,02-04 06:00:00+01:00,Biomass 29,0.06084
2030,sc01,02-04 06:00:00+01:00,Wind 14,0.4056155622
2030,sc01,02-04 06:00:00+01:00,Wind 08,0.0
2030,sc01,02-04 06:00:00+01:00,Biomass 61,0.014759999999999999
2030,sc01,02-04 06:00:00+01:00,CT NG 35,0.0
2030,sc01,02-04 06:00:00+01:00,Solar 33,0.0
2030,sc01,02-04 06:00:00+01:00,CT NG 41,0.0
2030,sc01,02-04 06:00:00+01:00,CT NG 15,0.0
2030,sc01,02-04 06:00:00+01:00,Solar 42,0.0
2030,sc01,02-04 06:00:00+01:00,Solar 07,0.0
2030,sc01,02-04 06:00:00+01:00,Solar 43,0.0
2030,sc01,02-04 06:00:00+01:00,Biomass 05,0.01584
2030,sc01,02-04 06:00:00+01:00,CT NG 29,0.0
2030,sc01,02-04 06:00:00+01:00,Solar 71,0.0
2030,sc01,02-04 06:00:00+01:00,CT NG 53,0.0
2030,sc01,02-04 06:00:00+01:00,CT NG 20,0.0
2030,sc01,02-04 06:00:00+01:00,Biomass 14,0.026279999999999998
2030,sc01,02-04 06:00:00+01:00,Solar 26,0.0
2030,sc01,02-04 06:00:00+01:00,Hydro 29,39.776378400000006
2030,sc01,02-04 06:00:00+01:00,Hydro 31,0.0
2030,sc01,02-04 06:00:00+01:00,Biomass 24,0.01584
2030,sc01,02-04 06:00:00+01:00,Biomass 54,0.08567999999999999
2030,sc01,02-04 06:00:00+01:00,Solar 36,0.0
2030,sc01,02-04 06:00:00+01:00,Wind 03,2.01791919312
2030,sc01,02-04 06:00:00+01:00,Biomass 40,0.02772
2030,sc01,02-04 06:00:00+01:00,Biomass 49,0.0126
2030,sc01,02-04 06:00:00+01:00,CC NG 16,32.845122
2030,sc01,02-04 06:00:00+01:00,Biomass 48,0.08604
2030,sc01,02-04 06:00:00+01:00,Hydro 28,39.776378400000006
2030,sc01,02-04 06:00:00+01:00,Biomass 17,0.00792
2030,sc01,02-04 06:00:00+01:00,CT NG 33,0.0
2030,sc01,02-04 06:00:00+01:00,Solar 45,0.0
2030,sc01,02-04 06:00:00+01:00,Hydro 24,0.0
2030,sc01,02-04 06:00:00+01:00,Wind 13,0.60089611608
2030,sc01,02-04 06:00:00+01:00,Biomass 07,0.07200000000000001
2030,sc01,02-04 06:00:00+01:00,Biomass 34,0.048600000000000004
2030,sc01,02-04 06:00:00+01:00,Biomass 33,0.048600000000000004
2030,sc01,02-04 06:00:00+01:00,CT NG 01,0.0
2030,sc01,02-04 06:00:00+01:00,ICE NG 03,0.0
2030,sc01,02-04 06:00:00+01:00,Solar 55,0.0
2030,sc01,02-04 06:00:00+01:00,Solar 11,0.0
2030,sc01,02-04 06:00:00+01:00,CT NG 06,0.0
2030,sc01,02-04 06:00:00+01:00,CT NG 70,0.0
2030,sc01,02-04 06:00:00+01:00,Solar 23,0.0
2030,sc01,02-04 06:00:00+01:00,CT NG 67,0.0
2030,sc01,02-04 06:00:00+01:00,Solar 12,0.0
2030,sc01,02-04 06:00:00+01:00,CT Oil 01,0.0
2030,sc01,02-04 06:00:00+01:00,Hydro 26,0.26423280000000005
2030,sc01,02-04 06:00:00+01:00,CC NG 22,2.0561378924502502
2030,sc01,02-04 06:00:00+01:00,CC NG 35,0.0
2030,sc01,02-04 06:00:00+01:00,Biomass 50,0.006840000000000001
2030,sc01,02-04 06:00:00+01:00,ICE NG 04,0.0
2030,sc01,02-04 06:00:00+01:00,CC NG 39,0.0
2030,sc01,02-04 06:00:00+01:00,Hydro 32,0.0
2030,sc01,02-04 06:00:00+01:00,ICE NG 07,0.0
2030,sc01,02-04 06:00:00+01:00,Biomass 46,0.02088
2030,sc01,02-04 06:00:00+01:00,CC NG 38,0.0
2030,sc01,02-04 06:00:00+01:00,CC NG 12,0.0
2030,sc01,02-04 06:00:00+01:00,Solar 57,0.0
2030,sc01,02-04 06:00:00+01:00,CC NG 32,0.0
2030,sc01,02-04 06:00:00+01:00,CC NG 07,0.0
2030,sc01,02-04 06:00:00+01:00,Biomass 44,0.04032
2030,sc01,02-04 06:00:00+01:00,CT NG 40,0.0
2030,sc01,02-04 06:00:00+01:00,Solar 74,0.0
2030,sc01,02-04 06:00:00+01:00,Hydro 30,0.0
2030,sc01,02-04 06:00:00+01:00,CT NG 42,0.0
2030,sc01,02-04 06:00:00+01:00,Hydro 22,8.183660617752384
2030,sc01,02-04 06:00:00+01:00,Solar 17,0.0
2030,sc01,02-04 06:00:00+01:00,Solar 38,0.0
2030,sc01,02-04 06:00:00+01:00,CT NG 24,0.0
2030,sc01,02-04 06:00:00+01:00,CC NG 27,1.201014
2030,sc01,02-04 06:00:00+01:00,Biomass 21,0.0126
2030,sc01,02-04 06:00:00+01:00,ICE NG 06,0.0
2030,sc01,02-04 06:00:00+01:00,Biomass 25,0.01584
2030,sc01,02-04 06:00:00+01:00,Solar 27,0.0
2030,sc01,02-04 06:00:00+01:00,CT NG 19,0.0
2030,sc01,02-04 06:00:00+01:00,Biomass 42,0.048600000000000004
2030,sc01,02-04 06:00:00+01:00,Biomass 19,0.0126
2030,sc01,02-04 06:00:00+01:00,Biomass 06,0.01584
2030,sc01,02-04 06:00:00+01:00,CT NG 10,1.7442
2030,sc01,02-04 06:00:00+01:00,CC NG 40,0.0
2030,sc01,02-04 06:00:00+01:00,CC NG 21,0.0
2030,sc01,02-04 06:00:00+01:00,Biomass 02,0.036000000000000004
2030,sc01,02-04 06:00:00+01:00,CT NG 46,0.0
2030,sc01,02-04 06:00:00+01:00,Hydro 34,0.0
2030,sc01,02-04 06:00:00+01:00,Biomass 10,0.02664
2030,sc01,02-04 06:00:00+01:00,CT NG 17,0.24069960000000004
2030,sc01,02-04 06:00:00+01:00,Biomass 62,0.052559999999999996
2030,sc01,02-04 06:00:00+01:00,Biomass 32,0.042839999999999996
2030,sc01,02-04 06:00:00+01:00,CC NG 19,4.87368
2030,sc01,02-04 06:00:00+01:00,CC NG 17,0.0
2030,sc01,02-04 06:00:00+01:00,ST NG 01,0.0
2030,sc01,02-04 06:00:00+01:00,Biomass 45,0.04032
2030,sc01,02-04 06:00:00+01:00,Biomass 28,0.06084
2030,sc01,02-04 06:00:00+01:00,CC NG 10,0.0
2030,sc01,02-04 06:00:00+01:00,Biomass 23,0.01584
2030,sc01,02-04 06:00:00+01:00,ST NG 06,0.0
2030,sc01,02-04 06:00:00+01:00,Wind 10,0.0
2030,sc01,02-04 06:00:00+01:00,CT NG 69,0.0
2030,sc01,02-04 06:00:00+01:00,CT NG 68,0.0
2030,sc01,02-04 10:00:00+01:00,CC NG 13,0.0
2030,sc01,02-04 10:00:00+01:00,CT NG 37,0.0
2030,sc01,02-04 10:00:00+01:00,ST Coal 01,0.0
2030,sc01,02-04 10:00:00+01:00,CT NG 09,0.0
2030,sc01,02-04 10:00:00+01:00,CT NG 47,0.0
2030,sc01,02-04 10:00:00+01:00,Solar 69,11.87180770934365
2030,sc01,02-04 10:00:00+01:00,Solar 34,15.402927440880699
2030,sc01,02-04 10:00:00+01:00,Solar 73,0.0
2030,sc01,02-04 10:00:00+01:00,Biomass 37,0.0
2030,sc01,02-04 10:00:00+01:00,Hydro 20,0.7552806300000001
2030,sc01,02-04 10:00:00+01:00,Solar 01,17.071928330800002
2030,sc01,02-04 10:00:00+01:00,Solar 62,0.0
2030,sc01,02-04 10:00:00+01:00,Solar 02,10.1544560423
2030,sc01,02-04 10:00:00+01:00,CT NG 26,0.0
2030,sc01,02-04 10:00:00+01:00,Biomass 20,0.01295
2030,sc01,02-04 10:00:00+01:00,Wind 16,0.0
2030,sc01,02-04 10:00:00+01:00,CT NG 66,0.0
2030,sc01,02-04 10:00:00+01:00,Solar 39,0.0
2030,sc01,02-04 10:00:00+01:00,Biomass 41,0.0
2030,sc01,02-04 10:00:00+01:00,Solar 72,0.0
2030,sc01,02-04 10:00:00+01:00,ST NG 03,0.0
2030,sc01,02-04 10:00:00+01:00,Hydro 21,0.0
2030,sc01,02-04 10:00:00+01:00,CT NG 03,0.0
2030,sc01,02-04 10:00:00+01:00,CC NG 09,0.0
2030,sc01,02-04 10:00:00+01:00,CT Oil 02,0.0
2030,sc01,02-04 10:00:00+01:00,CT NG 39,0.0
2030,sc01,02-04 10:00:00+01:00,CC NG 08,0.0
2030,sc01,02-04 10:00:00+01:00,Biomass 43,0.0
2030,sc01,02-04 10:00:00+01:00,CT NG 18,0.0
2030,sc01,02-04 10:00:00+01:00,ST NG 07,0.0
2030,sc01,02-04 10:00:00+01:00,Biomass 35,0.0
2030,sc01,02-04 10:00:00+01:00,Solar 32,0.0
2030,sc01,02-04 10:00:00+01:00,Biomass 15,0.00814
2030,sc01,02-04 10:00:00+01:00,CC NG 31,0.0
2030,sc01,02-04 10:00:00+01:00,Solar 16,1.29691766782
2030,sc01,02-04 10:00:00+01:00,Solar 68,26.7019004006
2030,sc01,02-04 10:00:00+01:00,CT NG 21,0.0
2030,sc01,02-04 10:00:00+01:00,Wind 11,0.0
2030,sc01,02-04 10:00:00+01:00,CC NG 37,0.0
2030,sc01,02-04 10:00:00+01:00,CT NG 22,0.0
2030,sc01,02-04 10:00:00+01:00,Hydro 16,0.0
2030,sc01,02-04 10:00:00+01:00,Biomass 59,0.15318
2030,sc01,02-04 10:00:00+01:00,CC NG 01,0.0
2030,sc01,02-04 10:00:00+01:00,Biomass 16,0.00814
2030,sc01,02-04 10:00:00+01:00,Solar 03,0.0
2030,sc01,02-04 10:00:00+01:00,Solar 44,0.0
2030,sc01,02-04 10:00:00+01:00,CT NG 08,0.0
2030,sc01,02-04 10:00:00+01:00,Wind 05,0.0
2030,sc01,02-04 10:00:00+01:00,Biomass 26,0.06253
2030,sc01,02-04 10:00:00+01:00,Solar 37,0.0
2030,sc01,02-04 10:00:00+01:00,Biomass 11,0.01221
2030,sc01,02-04 10:00:00+01:00,Solar 59,0.0
2030,sc01,02-04 10:00:00+01:00,CT NG 11,0.0
2030,sc01,02-04 10:00:00+01:00,Biomass 30,0.06253
2030,sc01,02-04 10:00:00+01:00,Hydro 23,27.202536900000002
2030,sc01,02-04 10:00:00+01:00,CC NG 24,0.0
2030,sc01,02-04 10:00:00+01:00,Solar 65,13.406636169699999
2030,sc01,02-04 10:00:00+01:00,CC NG 18,0.0
2030,sc01,02-04 10:00:00+01:00,CT NG 16,0.0
2030,sc01,02-04 10:00:00+01:00,Solar 51,0.0
2030,sc01,02-04 10:00:00+01:00,Wind 06,0.07629786872
2030,sc01,02-04 10:00:00+01:00,CC NG 26,0.0
2030,sc01,02-04 10:00:00+01:00,CC NG 23,0.0
2030,sc01,02-04 10:00:00+01:00,CT NG 43,0.0
2030,sc01,02-04 10:00:00+01:00,CC NG 11,0.0
2030,sc01,02-04 10:00:00+01:00,CT NG 02,0.0
2030,sc01,02-04 10:00:00+01:00,CT NG 50,0.0
2030,sc01,02-04 10:00:00+01:00,Hydro 27,0.0
2030,sc01,02-04 10:00:00+01:00,CT NG 13,0.0
2030,sc01,02-04 10:00:00+01:00,CT NG 25,0.0
2030,sc01,02-04 10:00:00+01:00,CC NG 05,0.0
2030,sc01,02-04 10:00:00+01:00,Solar 04,1.11206216207
2030,sc01,02-04 10:00:00+01:00,Solar 30,1.2506326092100002
2030,sc01,02-04 10:00:00+01:00,Solar 29,2.00575496579
2030,sc01,02-04 10:00:00+01:00,Solar 53,0.0
2030,sc01,02-04 10:00:00+01:00,Solar 21,4.2195858755
2030,sc01,02-04 10:00:00+01:00,Biomass 58,0.06771
2030,sc01,02-04 10:00:00+01:00,CT NG 74,0.0
2030,sc01,02-04 10:00:00+01:00,Solar 61,0.0
2030,sc01,02-04 10:00:00+01:00,Wind 07,0.0
2030,sc01,02-04 10:00:00+01:00,Biomass 31,0.06253
2030,sc01,02-04 10:00:00+01:00,CT Oil 05,0.0
2030,sc01,02-04 10:00:00+01:00,Biomass 38,0.0
2030,sc01,02-04 10:00:00+01:00,Solar 41,0.0
2030,sc01,02-04 10:00:00+01:00,Biomass 51,0.0
2030,sc01,02-04 10:00:00+01:00,Biomass 55,0.08805999999999999
2030,sc01,02-04 10:00:00+01:00,Wind 15,3.1446031439199995
2030,sc01,02-04 10:00:00+01:00,Geo 01,0.0
2030,sc01,02-04 10:00:00+01:00,Biomass 60,0.0999
2030,sc01,02-04 10:00:00+01:00,CT NG 38,0.0
2030,sc01,02-04 10:00:00+01:00,Solar 66,29.134905703996846
2030,sc01,02-04 10:00:00+01:00,Solar 49,0.0
2030,sc01,02-04 10:00:00+01:00,CT NG 51,0.0
2030,sc01,02-04 10:00:00+01:00,Biomass 18,0.00814
2030,sc01,02-04 10:00:00+01:00,ICE NG 01,0.0
2030,sc01,02-04 10:00:00+01:00,Solar 15,2.41314292152
2030,sc01,02-04 10:00:00+01:00,ICE NG 05,0.0
2030,sc01,02-04 10:00:00+01:00,CT Oil 04,0.0
2030,sc01,02-04 10:00:00+01:00,CC NG 20,0.0
2030,sc01,02-04 10:00:00+01:00,Solar 20,1.48493445172
2030,sc01,02-04 10:00:00+01:00,Biomass 04,0.0
2030,sc01,02-04 10:00:00+01:00,Wind 02,0.02151637024
2030,sc01,02-04 10:00:00+01:00,Hydro 25,0.0
2030,sc01,02-04 10:00:00+01:00,Solar 75,0.0
2030,sc01,02-04 10:00:00+01:00,Hydro 33,0.0
2030,sc01,02-04 10:00:00+01:00,ST NG 05,0.0
2030,sc01,02-04 10:00:00+01:00,CT NG 07,0.0
2030,sc01,02-04 10:00:00+01:00,Wind 01,0.0
2030,sc01,02-04 10:00:00+01:00,Solar 56,0.0
2030,sc01,02-04 10:00:00+01:00,Biomass 09,0.027379999999999998
2030,sc01,02-04 10:00:00+01:00,Biomass 53,0.08805999999999999
2030,sc01,02-04 10:00:00+01:00,Wind 17,2.6650974296200003
2030,sc01,02-04 10:00:00+01:00,ST NG 08,0.0
2030,sc01,02-04 10:00:00+01:00,Hydro 19,0.0
2030,sc01,02-04 10:00:00+01:00,ST NG 02,0.0
2030,sc01,02-04 10:00:00+01:00,Biomass 01,0.037
2030,sc01,02-04 10:00:00+01:00,Biomass 57,0.06771
2030,sc01,02-04 10:00:00+01:00,CT NG 49,0.0
2030,sc01,02-04 10:00:00+01:00,CT NG 31,0.0
2030,sc01,02-04 10:00:00+01:00,Solar 64,6.216
2030,sc01,02-04 10:00:00+01:00,CC NG 33,0.0
2030,sc01,02-04 10:00:00+01:00,Solar 46,0.0
2030,sc01,02-04 10:00:00+01:00,Biomass 12,0.01221
2030,sc01,02-04 10:00:00+01:00,Wind 04,0.9725776180900001
2030,sc01,02-04 10:00:00+01:00,Solar 13,0.06057864368
2030,sc01,02-04 10:00:00+01:00,CT NG 55,0.0
2030,sc01,02-04 10:00:00+01:00,Wind N03,102.503747313
2030,sc01,02-04 10:00:00+01:00,CT NG 28,0.0
2030,sc01,02-04 10:00:00+01:00,Wind 09,0.0
2030,sc01,02-04 10:00:00+01:00,Solar 60,0.0
2030,sc01,02-04 10:00:00+01:00,Solar 25,0.44423382483
2030,sc01,02-04 10:00:00+01:00,CT NG 23,0.0
2030,sc01,02-04 10:00:00+01:00,ST Other 01,0.0
2030,sc01,02-04 10:00:00+01:00,Solar 70,38.178049363999996
2030,sc01,02-04 10:00:00+01:00,CC NG 34,0.0
2030,sc01,02-04 10:00:00+01:00,Solar 48,0.0
2030,sc01,02-04 10:00:00+01:00,Biomass 56,0.07696000000000001
2030,sc01,02-04 10:00:00+01:00,CT NG 36,0.0
2030,sc01,02-04 10:00:00+01:00,Solar 47,0.0
2030,sc01,02-04 10:00:00+01:00,Hydro 17,0.0
2030,sc01,02-04 10:00:00+01:00,Solar 09,0.0
2030,sc01,02-04 10:00:00+01:00,Solar 08,0.0
2030,sc01,02-04 10:00:00+01:00,CT NG 45,0.0
2030,sc01,02-04 10:00:00+01:00,ST NG 04,0.0
2030,sc01,02-04 10:00:00+01:00,Solar 40,0.0
2030,sc01,02-04 10:00:00+01:00,Biomass 47,0.0
2030,sc01,02-04 10:00:00+01:00,Solar 50,0.0
2030,sc01,02-04 10:00:00+01:00,Solar 52,0.0
2030,sc01,02-04 10:00:00+01:00,Solar 63,15.030871645400001
2030,sc01,02-04 10:00:00+01:00,CC NG 06,0.0
2030,sc01,02-04 10:00:00+01:00,Biomass 39,0.0
2030,sc01,02-04 10:00:00+01:00,Solar 67,0.0
2030,sc01,02-04 10:00:00+01:00,Solar 19,0.022911115432
2030,sc01,02-04 10:00:00+01:00,Wind 12,0.9562438881700001
2030,sc01,02-04 10:00:00+01:00,Solar 24,0.33133260092
2030,sc01,02-04 10:00:00+01:00,ICE NG 02,0.0
2030,sc01,02-04 10:00:00+01:00,Solar 05,0.0
2030,sc01,02-04 10:00:00+01:00,CT NG 54,0.0
2030,sc01,02-04 10:00:00+01:00,Wind N01,9.0720573985
2030,sc01,02-04 10:00:00+01:00,CT NG 27,0.0
2030,sc01,02-04 10:00:00+01:00,CC NG 36,0.0
2030,sc01,02-04 10:00:00+01:00,Wind N02,3.1360422596699995
2030,sc01,02-04 10:00:00+01:00,CT NG 52,0.0
2030,sc01,02-04 10:00:00+01:00,Solar 35,0.0
2030,sc01,02-04 10:00:00+01:00,CT NG 05,0.0
2030,sc01,02-04 10:00:00+01:00,Biomass 36,0.0
2030,sc01,02-04 10:00:00+01:00,CT NG 34,0.0
2030,sc01,02-04 10:00:00+01:00,CT Oil 03,0.0
2030,sc01,02-04 10:00:00+01:00,Hydro 35,0.0
2030,sc01,02-04 10:00:00+01:00,Solar 14,2.6828715454900003
2030,sc01,02-04 10:00:00+01:00,CT NG 75,0.0
2030,sc01,02-04 10:00:00+01:00,ST NG 09,0.0
2030,sc01,02-04 10:00:00+01:00,CT NG 56,0.0
2030,sc01,02-04 10:00:00+01:00,Biomass 22,0.01295
2030,sc01,02-04 10:00:00+01:00,Solar 18,2.82979374326
2030,sc01,02-04 10:00:00+01:00,Biomass 13,0.01221
2030,sc01,02-04 10:00:00+01:00,CT NG 71,0.0
2030,sc01,02-04 10:00:00+01:00,Solar 58,0.0
2030,sc01,02-04 10:00:00+01:00,Solar 06,0.0
2030,sc01,02-04 10:00:00+01:00,Biomass 08,0.027379999999999998
2030,sc01,02-04 10:00:00+01:00,CT NG 72,0.0
2030,sc01,02-04 10:00:00+01:00,Hydro 18,0.0
2030,sc01,02-04 10:00:00+01:00,Solar 10,1.4303438088599998
2030,sc01,02-04 10:00:00+01:00,CT NG 04,0.0
2030,sc01,02-04 10:00:00+01:00,ST Other 02,0.0
2030,sc01,02-04 10:00:00+01:00,CT NG 12,0.0
2030,sc01,02-04 10:00:00+01:00,CT NG 48,0.0
2030,sc01,02-04 10:00:00+01:00,ST NG 10,0.0
2030,sc01,02-04 10:00:00+01:00,Solar 22,2.08620178622
2030,sc01,02-04 10:00:00+01:00,Solar 28,1.8669076631900001
2030,sc01,02-04 10:00:00+01:00,CT NG 73,0.0
2030,sc01,02-04 10:00:00+01:00,Biomass 52,0.0
2030,sc01,02-04 10:00:00+01:00,CT NG 30,0.0
2030,sc01,02-04 10:00:00+01:00,Solar 54,0.0
2030,sc01,02-04 10:00:00+01:00,Solar 31,0.0
2030,sc01,02-04 10:00:00+01:00,Biomass 03,0.0
2030,sc01,02-04 10:00:00+01:00,CT NG 32,0.0
2030,sc01,02-04 10:00:00+01:00,Biomass 27,0.06253
2030,sc01,02-04 10:00:00+01:00,CC NG 14,0.0
2030,sc01,02-04 10:00:00+01:00,CC NG 03,0.0
2030,sc01,02-04 10:00:00+01:00,CC NG 29,0.0
2030,sc01,02-04 10:00:00+01:00,CC NG 28,0.0
2030,sc01,02-04 10:00:00+01:00,CC NG 25,0.0
2030,sc01,02-04 10:00:00+01:00,CT NG 44,0.0
2030,sc01,02-04 10:00:00+01:00,CT NG 14,0.1696144692505352
2030,sc01,02-04 10:00:00+01:00,CC NG 15,0.0
2030,sc01,02-04 10:00:00+01:00,CC NG 04,0.0
2030,sc01,02-04 10:00:00+01:00,Biomass 29,0.06253
2030,sc01,02-04 10:00:00+01:00,Wind 14,0.42825652849
2030,sc01,02-04 10:00:00+01:00,Wind 08,0.0
2030,sc01,02-04 10:00:00+01:00,Biomass 61,0.0
2030,sc01,02-04 10:00:00+01:00,CT NG 35,0.0
2030,sc01,02-04 10:00:00+01:00,Solar 33,0.0
2030,sc01,02-04 10:00:00+01:00,CT NG 41,0.0
2030,sc01,02-04 10:00:00+01:00,CT NG 15,0.0
2030,sc01,02-04 10:00:00+01:00,Solar 42,0.0
2030,sc01,02-04 10:00:00+01:00,Solar 07,0.0
2030,sc01,02-04 10:00:00+01:00,Solar 43,0.0
2030,sc01,02-04 10:00:00+01:00,Biomass 05,0.01628
2030,sc01,02-04 10:00:00+01:00,CT NG 29,0.0
2030,sc01,02-04 10:00:00+01:00,Solar 71,24.445808450900003
2030,sc01,02-04 10:00:00+01:00,CT NG 53,0.0
2030,sc01,02-04 10:00:00+01:00,CT NG 20,0.0
2030,sc01,02-04 10:00:00+01:00,Biomass 14,0.02701
2030,sc01,02-04 10:00:00+01:00,Solar 26,0.41139153961999997
2030,sc01,02-04 10:00:00+01:00,Hydro 29,0.0
2030,sc01,02-04 10:00:00+01:00,Hydro 31,0.0
2030,sc01,02-04 10:00:00+01:00,Biomass 24,0.01628
2030,sc01,02-04 10:00:00+01:00,Biomass 54,0.08805999999999999
2030,sc01,02-04 10:00:00+01:00,Solar 36,0.0
2030,sc01,02-04 10:00:00+01:00,Wind 03,2.0052350310600002
2030,sc01,02-04 10:00:00+01:00,Biomass 40,0.0
2030,sc01,02-04 10:00:00+01:00,Biomass 49,0.0
2030,sc01,02-04 10:00:00+01:00,CC NG 16,0.8842459472666049
2030,sc01,02-04 10:00:00+01:00,Biomass 48,0.0
2030,sc01,02-04 10:00:00+01:00,Hydro 28,0.0
2030,sc01,02-04 10:00:00+01:00,Biomass 17,0.00814
2030,sc01,02-04 10:00:00+01:00,CT NG 33,0.0
2030,sc01,02-04 10:00:00+01:00,Solar 45,0.0
2030,sc01,02-04 10:00:00+01:00,Hydro 24,26.860586261418728
2030,sc01,02-04 10:00:00+01:00,Wind 13,0.5479338798600001
2030,sc01,02-04 10:00:00+01:00,Biomass 07,0.074
2030,sc01,02-04 10:00:00+01:00,Biomass 34,0.0
2030,sc01,02-04 10:00:00+01:00,Biomass 33,0.0
2030,sc01,02-04 10:00:00+01:00,CT NG 01,0.9106662000000001
2030,sc01,02-04 10:00:00+01:00,ICE NG 03,0.0
2030,sc01,02-04 10:00:00+01:00,Solar 55,0.0
2030,sc01,02-04 10:00:00+01:00,Solar 11,0.45444050830000005
2030,sc01,02-04 10:00:00+01:00,CT NG 06,0.0
2030,sc01,02-04 10:00:00+01:00,CT NG 70,0.0
2030,sc01,02-04 10:00:00+01:00,Solar 23,0.067289528152
2030,sc01,02-04 10:00:00+01:00,CT NG 67,0.0
2030,sc01,02-04 10:00:00+01:00,Solar 12,0.351784963936
2030,sc01,02-04 10:00:00+01:00,CT Oil 01,0.0
2030,sc01,02-04 10:00:00+01:00,Hydro 26,0.0
2030,sc01,02-04 10:00:00+01:00,CC NG 22,0.0
2030,sc01,02-04 10:00:00+01:00,CC NG 35,0.0
2030,sc01,02-04 10:00:00+01:00,Biomass 50,0.0
2030,sc01,02-04 10:00:00+01:00,ICE NG 04,0.0
2030,sc01,02-04 10:00:00+01:00,CC NG 39,0.0
2030,sc01,02-04 10:00:00+01:00,Hydro 32,0.0
2030,sc01,02-04 10:00:00+01:00,ICE NG 07,0.0
2030,sc01,02-04 10:00:00+01:00,Biomass 46,0.0
2030,sc01,02-04 10:00:00+01:00,CC NG 38,0.0
2030,sc01,02-04 10:00:00+01:00,CC NG 12,0.0
2030,sc01,02-04 10:00:00+01:00,Solar 57,0.0
2030,sc01,02-04 10:00:00+01:00,CC NG 32,0.0
2030,sc01,02-04 10:00:00+01:00,CC NG 07,0.0
2030,sc01,02-04 10:00:00+01:00,Biomass 44,0.0
2030,sc01,02-04 10:00:00+01:00,CT NG 40,0.0
2030,sc01,02-04 10:00:00+01:00,Solar 74,6.508744399599999
2030,sc01,02-04 10:00:00+01:00,Hydro 30,0.0
2030,sc01,02-04 10:00:00+01:00,CT NG 42,0.0
2030,sc01,02-04 10:00:00+01:00,Hydro 22,0.0
2030,sc01,02-04 10:00:00+01:00,Solar 17,0.6899909035999999
2030,sc01,02-04 10:00:00+01:00,Solar 38,0.0
2030,sc01,02-04 10:00:00+01:00,CT NG 24,0.0
2030,sc01,02-04 10:00:00+01:00,CC NG 27,0.0
2030,sc01,02-04 10:00:00+01:00,Biomass 21,0.01295
2030,sc01,02-04 10:00:00+01:00,ICE NG 06,0.0
2030,sc01,02-04 10:00:00+01:00,Biomass 25,0.01628
2030,sc01,02-04 10:00:00+01:00,Solar 27,0.19851651351199998
2030,sc01,02-04 10:00:00+01:00,CT NG 19,0.0
2030,sc01,02-04 10:00:00+01:00,Biomass 42,0.0
2030,sc01,02-04 10:00:00+01:00,Biomass 19,0.01295
2030,sc01,02-04 10:00:00+01:00,Biomass 06,0.01628
2030,sc01,02-04 10:00:00+01:00,CT NG 10,0.0
2030,sc01,02-04 10:00:00+01:00,CC NG 40,0.0
2030,sc01,02-04 10:00:00+01:00,CC NG 21,0.0
2030,sc01,02-04 10:00:00+01:00,Biomass 02,0.037
2030,sc01,02-04 10:00:00+01:00,CT NG 46,0.0
2030,sc01,02-04 10:00:00+01:00,Hydro 34,0.0
2030,sc01,02-04 10:00:00+01:00,Biomass 10,0.027379999999999998
2030,sc01,02-04 10:00:00+01:00,CT NG 17,0.0
2030,sc01,02-04 10:00:00+01:00,Biomass 62,0.05402
2030,sc01,02-04 10:00:00+01:00,Biomass 32,0.04402999999999999
2030,sc01,02-04 10:00:00+01:00,CC NG 19,5.00906
2030,sc01,02-04 10:00:00+01:00,CC NG 17,0.0
2030,sc01,02-04 10:00:00+01:00,ST NG 01,0.0
2030,sc01,02-04 10:00:00+01:00,Biomass 45,0.0
2030,sc01,02-04 10:00:00+01:00,Biomass 28,0.06253
2030,sc01,02-04 10:00:00+01:00,CC NG 10,0.0
2030,sc01,02-04 10:00:00+01:00,Biomass 23,0.01628
2030,sc01,02-04 10:00:00+01:00,ST NG 06,0.0
2030,sc01,02-04 10:00:00+01:00,Wind 10,0.0
2030,sc01,02-04 10:00:00+01:00,CT NG 69,0.0
2030,sc01,02-04 10:00:00+01:00,CT NG 68,0.0
2030,sc01,02-05 03:00:00+01:00,CC NG 13,0.0
2030,sc01,02-05 03:00:00+01:00,CT NG 37,0.0
2030,sc01,02-05 03:00:00+01:00,ST Coal 01,0.0
2030,sc01,02-05 03:00:00+01:00,CT NG 09,0.0
2030,sc01,02-05 03:00:00+01:00,CT NG 47,0.0
2030,sc01,02-05 03:00:00+01:00,Solar 69,0.0
2030,sc01,02-05 03:00:00+01:00,Solar 34,0.0
2030,sc01,02-05 03:00:00+01:00,Solar 73,0.0
2030,sc01,02-05 03:00:00+01:00,Biomass 37,0.0
2030,sc01,02-05 03:00:00+01:00,Hydro 20,32.5988289
2030,sc01,02-05 03:00:00+01:00,Solar 01,0.0
2030,sc01,02-05 03:00:00+01:00,Solar 62,0.0
2030,sc01,02-05 03:00:00+01:00,Solar 02,0.0
2030,sc01,02-05 03:00:00+01:00,CT NG 26,0.0
2030,sc01,02-05 03:00:00+01:00,Biomass 20,0.0
2030,sc01,02-05 03:00:00+01:00,Wind 16,0.0
2030,sc01,02-05 03:00:00+01:00,CT NG 66,0.0
2030,sc01,02-05 03:00:00+01:00,Solar 39,0.0
2030,sc01,02-05 03:00:00+01:00,Biomass 41,0.0
2030,sc01,02-05 03:00:00+01:00,Solar 72,0.0
2030,sc01,02-05 03:00:00+01:00,ST NG 03,0.0
2030,sc01,02-05 03:00:00+01:00,Hydro 21,0.0
2030,sc01,02-05 03:00:00+01:00,CT NG 03,0.0
2030,sc01,02-05 03:00:00+01:00,CC NG 09,0.0
2030,sc01,02-05 03:00:00+01:00,CT Oil 02,0.0
2030,sc01,02-05 03:00:00+01:00,CT NG 39,0.0
2030,sc01,02-05 03:00:00+01:00,CC NG 08,0.0
2030,sc01,02-05 03:00:00+01:00,Biomass 43,0.0
2030,sc01,02-05 03:00:00+01:00,CT NG 18,0.0
2030,sc01,02-05 03:00:00+01:00,ST NG 07,0.0
2030,sc01,02-05 03:00:00+01:00,Biomass 35,0.0
2030,sc01,02-05 03:00:00+01:00,Solar 32,0.0
2030,sc01,02-05 03:00:00+01:00,Biomass 15,0.0
2030,sc01,02-05 03:00:00+01:00,CC NG 31,0.0
2030,sc01,02-05 03:00:00+01:00,Solar 16,0.0
2030,sc01,02-05 03:00:00+01:00,Solar 68,0.0
2030,sc01,02-05 03:00:00+01:00,CT NG 21,0.0
2030,sc01,02-05 03:00:00+01:00,Wind 11,0.37067637096000006
2030,sc01,02-05 03:00:00+01:00,CC NG 37,0.0
2030,sc01,02-05 03:00:00+01:00,CT NG 22,0.0
2030,sc01,02-05 03:00:00+01:00,Hydro 16,0.0
2030,sc01,02-05 03:00:00+01:00,Biomass 59,0.0
2030,sc01,02-05 03:00:00+01:00,CC NG 01,0.0
2030,sc01,02-05 03:00:00+01:00,Biomass 16,0.0
2030,sc01,02-05 03:00:00+01:00,Solar 03,0.0
2030,sc01,02-05 03:00:00+01:00,Solar 44,0.0
2030,sc01,02-05 03:00:00+01:00,CT NG 08,0.0
2030,sc01,02-05 03:00:00+01:00,Wind 05,0.024863495776
2030,sc01,02-05 03:00:00+01:00,Biomass 26,0.0
2030,sc01,02-05 03:00:00+01:00,Solar 37,0.0
2030,sc01,02-05 03:00:00+01:00,Biomass 11,0.0
2030,sc01,02-05 03:00:00+01:00,Solar 59,0.0
2030,sc01,02-05 03:00:00+01:00,CT NG 11,0.0
2030,sc01,02-05 03:00:00+01:00,Biomass 30,0.0
2030,sc01,02-05 03:00:00+01:00,Hydro 23,31.6137591
2030,sc01,02-05 03:00:00+01:00,CC NG 24,0.0
2030,sc01,02-05 03:00:00+01:00,Solar 65,0.0
2030,sc01,02-05 03:00:00+01:00,CC NG 18,0.0
2030,sc01,02-05 03:00:00+01:00,CT NG 16,0.0
2030,sc01,02-05 03:00:00+01:00,Solar 51,0.0
2030,sc01,02-05 03:00:00+01:00,Wind 06,1.69515033698
2030,sc01,02-05 03:00:00+01:00,CC NG 26,0.0
2030,sc01,02-05 03:00:00+01:00,CC NG 23,0.0
2030,sc01,02-05 03:00:00+01:00,CT NG 43,0.0
2030,sc01,02-05 03:00:00+01:00,CC NG 11,0.0
2030,sc01,02-05 03:00:00+01:00,CT NG 02,0.0
2030,sc01,02-05 03:00:00+01:00,CT NG 50,0.0
2030,sc01,02-05 03:00:00+01:00,Hydro 27,0.3087357
2030,sc01,02-05 03:00:00+01:00,CT NG 13,0.0
2030,sc01,02-05 03:00:00+01:00,CT NG 25,0.0
2030,sc01,02-05 03:00:00+01:00,CC NG 05,0.0
2030,sc01,02-05 03:00:00+01:00,Solar 04,0.0
2030,sc01,02-05 03:00:00+01:00,Solar 30,0.0
2030,sc01,02-05 03:00:00+01:00,Solar 29,0.0
2030,sc01,02-05 03:00:00+01:00,Solar 53,0.0
2030,sc01,02-05 03:00:00+01:00,Solar 21,0.0
2030,sc01,02-05 03:00:00+01:00,Biomass 58,0.0
2030,sc01,02-05 03:00:00+01:00,CT NG 74,0.0
2030,sc01,02-05 03:00:00+01:00,Solar 61,0.0
2030,sc01,02-05 03:00:00+01:00,Wind 07,0.376351689496
2030,sc01,02-05 03:00:00+01:00,Biomass 31,0.0
2030,sc01,02-05 03:00:00+01:00,CT Oil 05,0.0
2030,sc01,02-05 03:00:00+01:00,Biomass 38,0.0
2030,sc01,02-05 03:00:00+01:00,Solar 41,0.0
2030,sc01,02-05 03:00:00+01:00,Biomass 51,0.0
2030,sc01,02-05 03:00:00+01:00,Biomass 55,0.0
2030,sc01,02-05 03:00:00+01:00,Wind 15,6.5901385136
2030,sc01,02-05 03:00:00+01:00,Geo 01,0.0
2030,sc01,02-05 03:00:00+01:00,Biomass 60,0.0
2030,sc01,02-05 03:00:00+01:00,CT NG 38,0.0
2030,sc01,02-05 03:00:00+01:00,Solar 66,0.0
2030,sc01,02-05 03:00:00+01:00,Solar 49,0.0
2030,sc01,02-05 03:00:00+01:00,CT NG 51,0.0
2030,sc01,02-05 03:00:00+01:00,Biomass 18,0.0
2030,sc01,02-05 03:00:00+01:00,ICE NG 01,0.0
2030,sc01,02-05 03:00:00+01:00,Solar 15,0.0
2030,sc01,02-05 03:00:00+01:00,ICE NG 05,0.0
2030,sc01,02-05 03:00:00+01:00,CT Oil 04,0.0
2030,sc01,02-05 03:00:00+01:00,CC NG 20,0.0
2030,sc01,02-05 03:00:00+01:00,Solar 20,0.0
2030,sc01,02-05 03:00:00+01:00,Biomass 04,0.0
2030,sc01,02-05 03:00:00+01:00,Wind 02,1.34418316093
2030,sc01,02-05 03:00:00+01:00,Hydro 25,0.3087357
2030,sc01,02-05 03:00:00+01:00,Solar 75,0.0
2030,sc01,02-05 03:00:00+01:00,Hydro 33,0.0
2030,sc01,02-05 03:00:00+01:00,ST NG 05,0.0
2030,sc01,02-05 03:00:00+01:00,CT NG 07,0.0
2030,sc01,02-05 03:00:00+01:00,Wind 01,0.24018925861599996
2030,sc01,02-05 03:00:00+01:00,Solar 56,0.0
2030,sc01,02-05 03:00:00+01:00,Biomass 09,0.0
2030,sc01,02-05 03:00:00+01:00,Biomass 53,0.0
2030,sc01,02-05 03:00:00+01:00,Wind 17,0.175740771928
2030,sc01,02-05 03:00:00+01:00,ST NG 08,0.0
2030,sc01,02-05 03:00:00+01:00,Hydro 19,0.0
2030,sc01,02-05 03:00:00+01:00,ST NG 02,0.0
2030,sc01,02-05 03:00:00+01:00,Biomass 01,0.0
2030,sc01,02-05 03:00:00+01:00,Biomass 57,0.0
2030,sc01,02-05 03:00:00+01:00,CT NG 49,0.0
2030,sc01,02-05 03:00:00+01:00,CT NG 31,0.0
2030,sc01,02-05 03:00:00+01:00,Solar 64,0.0
2030,sc01,02-05 03:00:00+01:00,CC NG 33,0.0
2030,sc01,02-05 03:00:00+01:00,Solar 46,0.0
2030,sc01,02-05 03:00:00+01:00,Biomass 12,0.0
2030,sc01,02-05 03:00:00+01:00,Wind 04,1.19587793425
2030,sc01,02-05 03:00:00+01:00,Solar 13,0.0
2030,sc01,02-05 03:00:00+01:00,CT NG 55,0.0
2030,sc01,02-05 03:00:00+01:00,Wind N03,6.047359775080409
2030,sc01,02-05 03:00:00+01:00,CT NG 28,0.0
2030,sc01,02-05 03:00:00+01:00,Wind 09,0.31946833144000003
2030,sc01,02-05 03:00:00+01:00,Solar 60,0.0
2030,sc01,02-05 03:00:00+01:00,Solar 25,0.0
2030,sc01,02-05 03:00:00+01:00,CT NG 23,0.0
2030,sc01,02-05 03:00:00+01:00,ST Other 01,0.0
2030,sc01,02-05 03:00:00+01:00,Solar 70,0.0
2030,sc01,02-05 03:00:00+01:00,CC NG 34,0.0
2030,sc01,02-05 03:00:00+01:00,Solar 48,0.0
2030,sc01,02-05 03:00:00+01:00,Biomass 56,0.0
2030,sc01,02-05 03:00:00+01:00,CT NG 36,0.0
2030,sc01,02-05 03:00:00+01:00,Solar 47,0.0
2030,sc01,02-05 03:00:00+01:00,Hydro 17,0.010687005000000001
2030,sc01,02-05 03:00:00+01:00,Solar 09,0.0
2030,sc01,02-05 03:00:00+01:00,Solar 08,0.0
2030,sc01,02-05 03:00:00+01:00,CT NG 45,0.0
2030,sc01,02-05 03:00:00+01:00,ST NG 04,0.0
2030,sc01,02-05 03:00:00+01:00,Solar 40,0.0
2030,sc01,02-05 03:00:00+01:00,Biomass 47,0.0
2030,sc01,02-05 03:00:00+01:00,Solar 50,0.0
2030,sc01,02-05 03:00:00+01:00,Solar 52,0.0
2030,sc01,02-05 03:00:00+01:00,Solar 63,0.0
2030,sc01,02-05 03:00:00+01:00,CC NG 06,0.0
2030,sc01,02-05 03:00:00+01:00,Biomass 39,0.0
2030,sc01,02-05 03:00:00+01:00,Solar 67,0.0
2030,sc01,02-05 03:00:00+01:00,Solar 19,0.0
2030,sc01,02-05 03:00:00+01:00,Wind 12,14.0287827617
2030,sc01,02-05 03:00:00+01:00,Solar 24,0.0
2030,sc01,02-05 03:00:00+01:00,ICE NG 02,0.0
2030,sc01,02-05 03:00:00+01:00,Solar 05,0.0
2030,sc01,02-05 03:00:00+01:00,CT NG 54,0.0
2030,sc01,02-05 03:00:00+01:00,Wind N01,118.5706086744487
2030,sc01,02-05 03:00:00+01:00,CT NG 27,0.0
2030,sc01,02-05 03:00:00+01:00,CC NG 36,0.0
2030,sc01,02-05 03:00:00+01:00,Wind N02,2.11676182603
2030,sc01,02-05 03:00:00+01:00,CT NG 52,0.0
2030,sc01,02-05 03:00:00+01:00,Solar 35,0.0
2030,sc01,02-05 03:00:00+01:00,CT NG 05,0.0
2030,sc01,02-05 03:00:00+01:00,Biomass 36,0.0
2030,sc01,02-05 03:00:00+01:00,CT NG 34,0.0
2030,sc01,02-05 03:00:00+01:00,CT Oil 03,0.0
2030,sc01,02-05 03:00:00+01:00,Hydro 35,0.0
2030,sc01,02-05 03:00:00+01:00,Solar 14,0.0
2030,sc01,02-05 03:00:00+01:00,CT NG 75,0.0
2030,sc01,02-05 03:00:00+01:00,ST NG 09,0.0
2030,sc01,02-05 03:00:00+01:00,CT NG 56,0.0
2030,sc01,02-05 03:00:00+01:00,Biomass 22,0.0
2030,sc01,02-05 03:00:00+01:00,Solar 18,0.0
2030,sc01,02-05 03:00:00+01:00,Biomass 13,0.0
2030,sc01,02-05 03:00:00+01:00,CT NG 71,0.0
2030,sc01,02-05 03:00:00+01:00,Solar 58,0.0
2030,sc01,02-05 03:00:00+01:00,Solar 06,0.0
2030,sc01,02-05 03:00:00+01:00,Biomass 08,0.0
2030,sc01,02-05 03:00:00+01:00,CT NG 72,0.0
2030,sc01,02-05 03:00:00+01:00,Hydro 18,0.036810795
2030,sc01,02-05 03:00:00+01:00,Solar 10,0.0
2030,sc01,02-05 03:00:00+01:00,CT NG 04,0.0
2030,sc01,02-05 03:00:00+01:00,ST Other 02,0.0
2030,sc01,02-05 03:00:00+01:00,CT NG 12,0.0
2030,sc01,02-05 03:00:00+01:00,CT NG 48,0.0
2030,sc01,02-05 03:00:00+01:00,ST NG 10,0.0
2030,sc01,02-05 03:00:00+01:00,Solar 22,0.0
2030,sc01,02-05 03:00:00+01:00,Solar 28,0.0
2030,sc01,02-05 03:00:00+01:00,CT NG 73,0.0
2030,sc01,02-05 03:00:00+01:00,Biomass 52,0.0
2030,sc01,02-05 03:00:00+01:00,CT NG 30,0.0
2030,sc01,02-05 03:00:00+01:00,Solar 54,0.0
2030,sc01,02-05 03:00:00+01:00,Solar 31,0.0
2030,sc01,02-05 03:00:00+01:00,Biomass 03,0.0
2030,sc01,02-05 03:00:00+01:00,CT NG 32,0.0
2030,sc01,02-05 03:00:00+01:00,Biomass 27,0.0
2030,sc01,02-05 03:00:00+01:00,CC NG 14,0.0
2030,sc01,02-05 03:00:00+01:00,CC NG 03,0.0
2030,sc01,02-05 03:00:00+01:00,CC NG 29,0.0
2030,sc01,02-05 03:00:00+01:00,CC NG 28,0.0
2030,sc01,02-05 03:00:00+01:00,CC NG 25,0.0
2030,sc01,02-05 03:00:00+01:00,CT NG 44,0.0
2030,sc01,02-05 03:00:00+01:00,CT NG 14,0.0
2030,sc01,02-05 03:00:00+01:00,CC NG 15,0.0
2030,sc01,02-05 03:00:00+01:00,CC NG 04,0.0
2030,sc01,02-05 03:00:00+01:00,Biomass 29,0.0
2030,sc01,02-05 03:00:00+01:00,Wind 14,0.289064048304
2030,sc01,02-05 03:00:00+01:00,Wind 08,0.37125045536
2030,sc01,02-05 03:00:00+01:00,Biomass 61,0.0
2030,sc01,02-05 03:00:00+01:00,CT NG 35,0.0
2030,sc01,02-05 03:00:00+01:00,Solar 33,0.0
2030,sc01,02-05 03:00:00+01:00,CT NG 41,0.0
2030,sc01,02-05 03:00:00+01:00,CT NG 15,0.0
2030,sc01,02-05 03:00:00+01:00,Solar 42,0.0
2030,sc01,02-05 03:00:00+01:00,Solar 07,0.0
2030,sc01,02-05 03:00:00+01:00,Solar 43,0.0
2030,sc01,02-05 03:00:00+01:00,Biomass 05,0.0
2030,sc01,02-05 03:00:00+01:00,CT NG 29,0.0
2030,sc01,02-05 03:00:00+01:00,Solar 71,0.0
2030,sc01,02-05 03:00:00+01:00,CT NG 53,0.0
2030,sc01,02-05 03:00:00+01:00,CT NG 20,0.0
2030,sc01,02-05 03:00:00+01:00,Biomass 14,0.0
2030,sc01,02-05 03:00:00+01:00,Solar 26,0.0
2030,sc01,02-05 03:00:00+01:00,Hydro 29,47.510674200000004
2030,sc01,02-05 03:00:00+01:00,Hydro 31,0.0
2030,sc01,02-05 03:00:00+01:00,Biomass 24,0.0
2030,sc01,02-05 03:00:00+01:00,Biomass 54,0.0
2030,sc01,02-05 03:00:00+01:00,Solar 36,0.0
2030,sc01,02-05 03:00:00+01:00,Wind 03,2.3704016952600004
2030,sc01,02-05 03:00:00+01:00,Biomass 40,0.0
2030,sc01,02-05 03:00:00+01:00,Biomass 49,0.0
2030,sc01,02-05 03:00:00+01:00,CC NG 16,0.0
2030,sc01,02-05 03:00:00+01:00,Biomass 48,0.0
2030,sc01,02-05 03:00:00+01:00,Hydro 28,47.510674200000004
2030,sc01,02-05 03:00:00+01:00,Biomass 17,0.0
2030,sc01,02-05 03:00:00+01:00,CT NG 33,0.0
2030,sc01,02-05 03:00:00+01:00,Solar 45,0.0
2030,sc01,02-05 03:00:00+01:00,Hydro 24,31.6137591
2030,sc01,02-05 03:00:00+01:00,Wind 13,7.157855430600001
2030,sc01,02-05 03:00:00+01:00,Biomass 07,0.0
2030,sc01,02-05 03:00:00+01:00,Biomass 34,0.0
2030,sc01,02-05 03:00:00+01:00,Biomass 33,0.0
2030,sc01,02-05 03:00:00+01:00,CT NG 01,0.0
2030,sc01,02-05 03:00:00+01:00,ICE NG 03,0.0
2030,sc01,02-05 03:00:00+01:00,Solar 55,0.0
2030,sc01,02-05 03:00:00+01:00,Solar 11,0.0
2030,sc01,02-05 03:00:00+01:00,CT NG 06,0.0
2030,sc01,02-05 03:00:00+01:00,CT NG 70,0.0
2030,sc01,02-05 03:00:00+01:00,Solar 23,0.0
2030,sc01,02-05 03:00:00+01:00,CT NG 67,0.0
2030,sc01,02-05 03:00:00+01:00,Solar 12,0.0
2030,sc01,02-05 03:00:00+01:00,CT Oil 01,0.0
2030,sc01,02-05 03:00:00+01:00,Hydro 26,0.0
2030,sc01,02-05 03:00:00+01:00,CC NG 22,0.0
2030,sc01,02-05 03:00:00+01:00,CC NG 35,0.0
2030,sc01,02-05 03:00:00+01:00,Biomass 50,0.0
2030,sc01,02-05 03:00:00+01:00,ICE NG 04,0.0
2030,sc01,02-05 03:00:00+01:00,CC NG 39,0.0
2030,sc01,02-05 03:00:00+01:00,Hydro 32,0.0
2030,sc01,02-05 03:00:00+01:00,ICE NG 07,0.0
2030,sc01,02-05 03:00:00+01:00,Biomass 46,0.0
2030,sc01,02-05 03:00:00+01:00,CC NG 38,0.0
2030,sc01,02-05 03:00:00+01:00,CC NG 12,0.0
2030,sc01,02-05 03:00:00+01:00,Solar 57,0.0
2030,sc01,02-05 03:00:00+01:00,CC NG 32,0.0
2030,sc01,02-05 03:00:00+01:00,CC NG 07,0.0
2030,sc01,02-05 03:00:00+01:00,Biomass 44,0.0
2030,sc01,02-05 03:00:00+01:00,CT NG 40,0.0
2030,sc01,02-05 03:00:00+01:00,Solar 74,0.0
2030,sc01,02-05 03:00:00+01:00,Hydro 30,0.0
2030,sc01,02-05 03:00:00+01:00,CT NG 42,0.0
2030,sc01,02-05 03:00:00+01:00,Hydro 22,21.816869604943193
2030,sc01,02-05 03:00:00+01:00,Solar 17,0.0
2030,sc01,02-05 03:00:00+01:00,Solar 38,0.0
2030,sc01,02-05 03:00:00+01:00,CT NG 24,0.0
2030,sc01,02-05 03:00:00+01:00,CC NG 27,0.0
2030,sc01,02-05 03:00:00+01:00,Biomass 21,0.0
2030,sc01,02-05 03:00:00+01:00,ICE NG 06,0.0
2030,sc01,02-05 03:00:00+01:00,Biomass 25,0.0
2030,sc01,02-05 03:00:00+01:00,Solar 27,0.0
2030,sc01,02-05 03:00:00+01:00,CT NG 19,0.0
2030,sc01,02-05 03:00:00+01:00,Biomass 42,0.0
2030,sc01,02-05 03:00:00+01:00,Biomass 19,0.0
2030,sc01,02-05 03:00:00+01:00,Biomass 06,0.0
2030,sc01,02-05 03:00:00+01:00,CT NG 10,0.0
2030,sc01,02-05 03:00:00+01:00,CC NG 40,0.0
2030,sc01,02-05 03:00:00+01:00,CC NG 21,0.0
2030,sc01,02-05 03:00:00+01:00,Biomass 02,0.0
2030,sc01,02-05 03:00:00+01:00,CT NG 46,0.0
2030,sc01,02-05 03:00:00+01:00,Hydro 34,0.0
2030,sc01,02-05 03:00:00+01:00,Biomass 10,0.0
2030,sc01,02-05 03:00:00+01:00,CT NG 17,0.0
2030,sc01,02-05 03:00:00+01:00,Biomass 62,0.0
2030,sc01,02-05 03:00:00+01:00,Biomass 32,0.0
2030,sc01,02-05 03:00:00+01:00,CC NG 19,0.0
2030,sc01,02-05 03:00:00+01:00,CC NG 17,0.0
2030,sc01,02-05 03:00:00+01:00,ST NG 01,0.0
2030,sc01,02-05 03:00:00+01:00,Biomass 45,0.0
2030,sc01,02-05 03:00:00+01:00,Biomass 28,0.0
2030,sc01,02-05 03:00:00+01:00,CC NG 10,0.0
2030,sc01,02-05 03:00:00+01:00,Biomass 23,0.0
2030,sc01,02-05 03:00:00+01:00,ST NG 06,0.0
2030,sc01,02-05 03:00:00+01:00,Wind 10,0.36625122857599995
2030,sc01,02-05 03:00:00+01:00,CT NG 69,0.0
2030,sc01,02-05 03:00:00+01:00,CT NG 68,0.0
2030,sc01,02-06 09:00:00+01:00,CC NG 13,0.0
2030,sc01,02-06 09:00:00+01:00,CT NG 37,0.0
2030,sc01,02-06 09:00:00+01:00,ST Coal 01,0.0
2030,sc01,02-06 09:00:00+01:00,CT NG 09,0.0
2030,sc01,02-06 09:00:00+01:00,CT NG 47,0.0
2030,sc01,02-06 09:00:00+01:00,Solar 69,0.0
2030,sc01,02-06 09:00:00+01:00,Solar 34,13.051994256
2030,sc01,02-06 09:00:00+01:00,Solar 73,0.0
2030,sc01,02-06 09:00:00+01:00,Biomass 37,0.0
2030,sc01,02-06 09:00:00+01:00,Hydro 20,0.29668026000000003
2030,sc01,02-06 09:00:00+01:00,Solar 01,6.3620648054
2030,sc01,02-06 09:00:00+01:00,Solar 62,0.0
2030,sc01,02-06 09:00:00+01:00,Solar 02,4.620002688
2030,sc01,02-06 09:00:00+01:00,CT NG 26,0.0
2030,sc01,02-06 09:00:00+01:00,Biomass 20,0.0
2030,sc01,02-06 09:00:00+01:00,Wind 16,0.0
2030,sc01,02-06 09:00:00+01:00,CT NG 66,0.0
2030,sc01,02-06 09:00:00+01:00,Solar 39,0.0
2030,sc01,02-06 09:00:00+01:00,Biomass 41,0.0
2030,sc01,02-06 09:00:00+01:00,Solar 72,0.0
2030,sc01,02-06 09:00:00+01:00,ST NG 03,0.0
2030,sc01,02-06 09:00:00+01:00,Hydro 21,0.29668026000000003
2030,sc01,02-06 09:00:00+01:00,CT NG 03,0.0
2030,sc01,02-06 09:00:00+01:00,CC NG 09,0.0
2030,sc01,02-06 09:00:00+01:00,CT Oil 02,0.0
2030,sc01,02-06 09:00:00+01:00,CT NG 39,0.0
2030,sc01,02-06 09:00:00+01:00,CC NG 08,0.0
2030,sc01,02-06 09:00:00+01:00,Biomass 43,0.0
2030,sc01,02-06 09:00:00+01:00,CT NG 18,0.0
2030,sc01,02-06 09:00:00+01:00,ST NG 07,0.0
2030,sc01,02-06 09:00:00+01:00,Biomass 35,0.0
2030,sc01,02-06 09:00:00+01:00,Solar 32,0.0
2030,sc01,02-06 09:00:00+01:00,Biomass 15,0.0
2030,sc01,02-06 09:00:00+01:00,CC NG 31,0.0
2030,sc01,02-06 09:00:00+01:00,Solar 16,0.4992511652
2030,sc01,02-06 09:00:00+01:00,Solar 68,0.0
2030,sc01,02-06 09:00:00+01:00,CT NG 21,0.0
2030,sc01,02-06 09:00:00+01:00,Wind 11,0.0
2030,sc01,02-06 09:00:00+01:00,CC NG 37,0.0
2030,sc01,02-06 09:00:00+01:00,CT NG 22,0.0
2030,sc01,02-06 09:00:00+01:00,Hydro 16,0.0
2030,sc01,02-06 09:00:00+01:00,Biomass 59,0.0
2030,sc01,02-06 09:00:00+01:00,CC NG 01,0.0
2030,sc01,02-06 09:00:00+01:00,Biomass 16,0.0
2030,sc01,02-06 09:00:00+01:00,Solar 03,0.0
2030,sc01,02-06 09:00:00+01:00,Solar 44,0.0
2030,sc01,02-06 09:00:00+01:00,CT NG 08,0.0
2030,sc01,02-06 09:00:00+01:00,Wind 05,0.029461722976
2030,sc01,02-06 09:00:00+01:00,Biomass 26,0.0
2030,sc01,02-06 09:00:00+01:00,Solar 37,0.0
2030,sc01,02-06 09:00:00+01:00,Biomass 11,0.0
2030,sc01,02-06 09:00:00+01:00,Solar 59,0.0
2030,sc01,02-06 09:00:00+01:00,CT NG 11,0.0
2030,sc01,02-06 09:00:00+01:00,Biomass 30,0.0
2030,sc01,02-06 09:00:00+01:00,Hydro 23,0.0
2030,sc01,02-06 09:00:00+01:00,CC NG 24,0.0
2030,sc01,02-06 09:00:00+01:00,Solar 65,4.9389540683
2030,sc01,02-06 09:00:00+01:00,CC NG 18,0.0
2030,sc01,02-06 09:00:00+01:00,CT NG 16,0.0
2030,sc01,02-06 09:00:00+01:00,Solar 51,0.0
2030,sc01,02-06 09:00:00+01:00,Wind 06,0.0
2030,sc01,02-06 09:00:00+01:00,CC NG 26,0.0
2030,sc01,02-06 09:00:00+01:00,CC NG 23,0.0
2030,sc01,02-06 09:00:00+01:00,CT NG 43,0.0
2030,sc01,02-06 09:00:00+01:00,CC NG 11,0.0
2030,sc01,02-06 09:00:00+01:00,CT NG 02,0.0
2030,sc01,02-06 09:00:00+01:00,CT NG 50,0.0
2030,sc01,02-06 09:00:00+01:00,Hydro 27,0.0
2030,sc01,02-06 09:00:00+01:00,CT NG 13,0.0
2030,sc01,02-06 09:00:00+01:00,CT NG 25,0.0
2030,sc01,02-06 09:00:00+01:00,CC NG 05,0.0
2030,sc01,02-06 09:00:00+01:00,Solar 04,0.33492386409
2030,sc01,02-06 09:00:00+01:00,Solar 30,0.48143363537
2030,sc01,02-06 09:00:00+01:00,Solar 29,0.7853256273799999
2030,sc01,02-06 09:00:00+01:00,Solar 53,0.0
2030,sc01,02-06 09:00:00+01:00,Solar 21,1.2708282455600002
2030,sc01,02-06 09:00:00+01:00,Biomass 58,0.0
2030,sc01,02-06 09:00:00+01:00,CT NG 74,0.0
2030,sc01,02-06 09:00:00+01:00,Solar 61,0.0
2030,sc01,02-06 09:00:00+01:00,Wind 07,0.0
2030,sc01,02-06 09:00:00+01:00,Biomass 31,0.0
2030,sc01,02-06 09:00:00+01:00,CT Oil 05,0.0
2030,sc01,02-06 09:00:00+01:00,Biomass 38,0.0
2030,sc01,02-06 09:00:00+01:00,Solar 41,0.0
2030,sc01,02-06 09:00:00+01:00,Biomass 51,0.0
2030,sc01,02-06 09:00:00+01:00,Biomass 55,0.0
2030,sc01,02-06 09:00:00+01:00,Wind 15,0.0
2030,sc01,02-06 09:00:00+01:00,Geo 01,0.0
2030,sc01,02-06 09:00:00+01:00,Biomass 60,0.0
2030,sc01,02-06 09:00:00+01:00,CT NG 38,0.0
2030,sc01,02-06 09:00:00+01:00,Solar 66,10.4815842158
2030,sc01,02-06 09:00:00+01:00,Solar 49,0.0
2030,sc01,02-06 09:00:00+01:00,CT NG 51,0.0
2030,sc01,02-06 09:00:00+01:00,Biomass 18,0.0
2030,sc01,02-06 09:00:00+01:00,ICE NG 01,0.0
2030,sc01,02-06 09:00:00+01:00,Solar 15,0.72677515626
2030,sc01,02-06 09:00:00+01:00,ICE NG 05,0.0
2030,sc01,02-06 09:00:00+01:00,CT Oil 04,0.0
2030,sc01,02-06 09:00:00+01:00,CC NG 20,0.0
2030,sc01,02-06 09:00:00+01:00,Solar 20,0.7286297051299999
2030,sc01,02-06 09:00:00+01:00,Biomass 04,0.0
2030,sc01,02-06 09:00:00+01:00,Wind 02,0.53804426505
2030,sc01,02-06 09:00:00+01:00,Hydro 25,0.1363128
2030,sc01,02-06 09:00:00+01:00,Solar 75,2.8417891288
2030,sc01,02-06 09:00:00+01:00,Hydro 33,0.0
2030,sc01,02-06 09:00:00+01:00,ST NG 05,0.0
2030,sc01,02-06 09:00:00+01:00,CT NG 07,0.0
2030,sc01,02-06 09:00:00+01:00,Wind 01,0.14735352561600001
2030,sc01,02-06 09:00:00+01:00,Solar 56,0.0
2030,sc01,02-06 09:00:00+01:00,Biomass 09,0.0
2030,sc01,02-06 09:00:00+01:00,Biomass 53,0.0
2030,sc01,02-06 09:00:00+01:00,Wind 17,0.0
2030,sc01,02-06 09:00:00+01:00,ST NG 08,0.0
2030,sc01,02-06 09:00:00+01:00,Hydro 19,0.0
2030,sc01,02-06 09:00:00+01:00,ST NG 02,0.0
2030,sc01,02-06 09:00:00+01:00,Biomass 01,0.0
2030,sc01,02-06 09:00:00+01:00,Biomass 57,0.0
2030,sc01,02-06 09:00:00+01:00,CT NG 49,0.0
2030,sc01,02-06 09:00:00+01:00,CT NG 31,0.0
2030,sc01,02-06 09:00:00+01:00,Solar 64,2.5929456669
2030,sc01,02-06 09:00:00+01:00,CC NG 33,0.0
2030,sc01,02-06 09:00:00+01:00,Solar 46,0.0
2030,sc01,02-06 09:00:00+01:00,Biomass 12,0.0
2030,sc01,02-06 09:00:00+01:00,Wind 04,0.42944179417
2030,sc01,02-06 09:00:00+01:00,Solar 13,0.018244693624
2030,sc01,02-06 09:00:00+01:00,CT NG 55,0.0
2030,sc01,02-06 09:00:00+01:00,Wind N03,60.975163998666936
2030,sc01,02-06 09:00:00+01:00,CT NG 28,0.0
2030,sc01,02-06 09:00:00+01:00,Wind 09,0.0
2030,sc01,02-06 09:00:00+01:00,Solar 60,0.0
2030,sc01,02-06 09:00:00+01:00,Solar 25,0.133791539928
2030,sc01,02-06 09:00:00+01:00,CT NG 23,0.0
2030,sc01,02-06 09:00:00+01:00,ST Other 01,0.0
2030,sc01,02-06 09:00:00+01:00,Solar 70,19.485204126
2030,sc01,02-06 09:00:00+01:00,CC NG 34,0.0
2030,sc01,02-06 09:00:00+01:00,Solar 48,0.0
2030,sc01,02-06 09:00:00+01:00,Biomass 56,0.0
2030,sc01,02-06 09:00:00+01:00,CT NG 36,0.0
2030,sc01,02-06 09:00:00+01:00,Solar 47,0.0
2030,sc01,02-06 09:00:00+01:00,Hydro 17,0.0
2030,sc01,02-06 09:00:00+01:00,Solar 09,0.88673940686
2030,sc01,02-06 09:00:00+01:00,Solar 08,0.17322301164
2030,sc01,02-06 09:00:00+01:00,CT NG 45,0.0
2030,sc01,02-06 09:00:00+01:00,ST NG 04,0.0
2030,sc01,02-06 09:00:00+01:00,Solar 40,0.0
2030,sc01,02-06 09:00:00+01:00,Biomass 47,0.0
2030,sc01,02-06 09:00:00+01:00,Solar 50,0.0
2030,sc01,02-06 09:00:00+01:00,Solar 52,0.0
2030,sc01,02-06 09:00:00+01:00,Solar 63,2.089266441312228
2030,sc01,02-06 09:00:00+01:00,CC NG 06,0.0
2030,sc01,02-06 09:00:00+01:00,Biomass 39,0.0
2030,sc01,02-06 09:00:00+01:00,Solar 67,3.6912354422
2030,sc01,02-06 09:00:00+01:00,Solar 19,0.006900225064000001
2030,sc01,02-06 09:00:00+01:00,Wind 12,6.609840971600001
2030,sc01,02-06 09:00:00+01:00,Solar 24,0.09978866176
2030,sc01,02-06 09:00:00+01:00,ICE NG 02,0.0
2030,sc01,02-06 09:00:00+01:00,Solar 05,0.008113929048
2030,sc01,02-06 09:00:00+01:00,CT NG 54,0.0
2030,sc01,02-06 09:00:00+01:00,Wind N01,0.0
2030,sc01,02-06 09:00:00+01:00,CT NG 27,0.0
2030,sc01,02-06 09:00:00+01:00,CC NG 36,0.0
2030,sc01,02-06 09:00:00+01:00,Wind N02,16.291127767800003
2030,sc01,02-06 09:00:00+01:00,CT NG 52,0.0
2030,sc01,02-06 09:00:00+01:00,Solar 35,0.0
2030,sc01,02-06 09:00:00+01:00,CT NG 05,0.0
2030,sc01,02-06 09:00:00+01:00,Biomass 36,0.0
2030,sc01,02-06 09:00:00+01:00,CT NG 34,0.0
2030,sc01,02-06 09:00:00+01:00,CT Oil 03,0.0
2030,sc01,02-06 09:00:00+01:00,Hydro 35,0.0
2030,sc01,02-06 09:00:00+01:00,Solar 14,0.80801032113
2030,sc01,02-06 09:00:00+01:00,CT NG 75,0.0
2030,sc01,02-06 09:00:00+01:00,ST NG 09,0.0
2030,sc01,02-06 09:00:00+01:00,CT NG 56,0.0
2030,sc01,02-06 09:00:00+01:00,Biomass 22,0.0
2030,sc01,02-06 09:00:00+01:00,Solar 18,0.85225942138
2030,sc01,02-06 09:00:00+01:00,Biomass 13,0.0
2030,sc01,02-06 09:00:00+01:00,CT NG 71,0.0
2030,sc01,02-06 09:00:00+01:00,Solar 58,0.0
2030,sc01,02-06 09:00:00+01:00,Solar 06,0.44042457447
2030,sc01,02-06 09:00:00+01:00,Biomass 08,0.0
2030,sc01,02-06 09:00:00+01:00,CT NG 72,0.0
2030,sc01,02-06 09:00:00+01:00,Hydro 18,0.0
2030,sc01,02-06 09:00:00+01:00,Solar 10,0.7018430922600001
2030,sc01,02-06 09:00:00+01:00,CT NG 04,0.0
2030,sc01,02-06 09:00:00+01:00,ST Other 02,0.0
2030,sc01,02-06 09:00:00+01:00,CT NG 12,0.0
2030,sc01,02-06 09:00:00+01:00,CT NG 48,0.0
2030,sc01,02-06 09:00:00+01:00,ST NG 10,0.0
2030,sc01,02-06 09:00:00+01:00,Solar 22,0.81682346776
2030,sc01,02-06 09:00:00+01:00,Solar 28,0.7309618856600001
2030,sc01,02-06 09:00:00+01:00,CT NG 73,0.0
2030,sc01,02-06 09:00:00+01:00,Biomass 52,0.0
2030,sc01,02-06 09:00:00+01:00,CT NG 30,0.0
2030,sc01,02-06 09:00:00+01:00,Solar 54,0.0
2030,sc01,02-06 09:00:00+01:00,Solar 31,0.0
2030,sc01,02-06 09:00:00+01:00,Biomass 03,0.0
2030,sc01,02-06 09:00:00+01:00,CT NG 32,0.0
2030,sc01,02-06 09:00:00+01:00,Biomass 27,0.0
2030,sc01,02-06 09:00:00+01:00,CC NG 14,0.0
2030,sc01,02-06 09:00:00+01:00,CC NG 03,0.0
2030,sc01,02-06 09:00:00+01:00,CC NG 29,0.0
2030,sc01,02-06 09:00:00+01:00,CC NG 28,0.0
2030,sc01,02-06 09:00:00+01:00,CC NG 25,0.0
2030,sc01,02-06 09:00:00+01:00,CT NG 44,0.0
2030,sc01,02-06 09:00:00+01:00,CT NG 14,0.0
2030,sc01,02-06 09:00:00+01:00,CC NG 15,0.0
2030,sc01,02-06 09:00:00+01:00,CC NG 04,0.0
2030,sc01,02-06 09:00:00+01:00,Biomass 29,0.0
2030,sc01,02-06 09:00:00+01:00,Wind 14,0.0
2030,sc01,02-06 09:00:00+01:00,Wind 08,0.0
2030,sc01,02-06 09:00:00+01:00,Biomass 61,0.0
2030,sc01,02-06 09:00:00+01:00,CT NG 35,0.0
2030,sc01,02-06 09:00:00+01:00,Solar 33,0.0
2030,sc01,02-06 09:00:00+01:00,CT NG 41,0.0
2030,sc01,02-06 09:00:00+01:00,CT NG 15,0.0
2030,sc01,02-06 09:00:00+01:00,Solar 42,0.0
2030,sc01,02-06 09:00:00+01:00,Solar 07,0.014695950696
2030,sc01,02-06 09:00:00+01:00,Solar 43,0.0
2030,sc01,02-06 09:00:00+01:00,Biomass 05,0.0
2030,sc01,02-06 09:00:00+01:00,CT NG 29,0.0
2030,sc01,02-06 09:00:00+01:00,Solar 71,0.0
2030,sc01,02-06 09:00:00+01:00,CT NG 53,0.0
2030,sc01,02-06 09:00:00+01:00,CT NG 20,0.0
2030,sc01,02-06 09:00:00+01:00,Biomass 14,0.0
2030,sc01,02-06 09:00:00+01:00,Solar 26,0.123900307664
2030,sc01,02-06 09:00:00+01:00,Hydro 29,0.0
2030,sc01,02-06 09:00:00+01:00,Hydro 31,0.0
2030,sc01,02-06 09:00:00+01:00,Biomass 24,0.0
2030,sc01,02-06 09:00:00+01:00,Biomass 54,0.0
2030,sc01,02-06 09:00:00+01:00,Solar 36,3.278110285459031
2030,sc01,02-06 09:00:00+01:00,Wind 03,0.7934643093799999
2030,sc01,02-06 09:00:00+01:00,Biomass 40,0.0
2030,sc01,02-06 09:00:00+01:00,Biomass 49,0.0
2030,sc01,02-06 09:00:00+01:00,CC NG 16,0.0
2030,sc01,02-06 09:00:00+01:00,Biomass 48,0.0
2030,sc01,02-06 09:00:00+01:00,Hydro 28,0.0
2030,sc01,02-06 09:00:00+01:00,Biomass 17,0.0
2030,sc01,02-06 09:00:00+01:00,CT NG 33,0.0
2030,sc01,02-06 09:00:00+01:00,Solar 45,0.0
2030,sc01,02-06 09:00:00+01:00,Hydro 24,0.0
2030,sc01,02-06 09:00:00+01:00,Wind 13,2.1324734261000002
2030,sc01,02-06 09:00:00+01:00,Biomass 07,0.0
2030,sc01,02-06 09:00:00+01:00,Biomass 34,0.0
2030,sc01,02-06 09:00:00+01:00,Biomass 33,0.0
2030,sc01,02-06 09:00:00+01:00,CT NG 01,0.0
2030,sc01,02-06 09:00:00+01:00,ICE NG 03,0.0
2030,sc01,02-06 09:00:00+01:00,Solar 55,0.0
2030,sc01,02-06 09:00:00+01:00,Solar 11,0.136865524536
2030,sc01,02-06 09:00:00+01:00,CT NG 06,0.0
2030,sc01,02-06 09:00:00+01:00,CT NG 70,0.0
2030,sc01,02-06 09:00:00+01:00,Solar 23,0.020265835456
2030,sc01,02-06 09:00:00+01:00,CT NG 67,0.0
2030,sc01,02-06 09:00:00+01:00,Solar 12,0.105948375392
2030,sc01,02-06 09:00:00+01:00,CT Oil 01,0.0
2030,sc01,02-06 09:00:00+01:00,Hydro 26,0.0
2030,sc01,02-06 09:00:00+01:00,CC NG 22,0.0
2030,sc01,02-06 09:00:00+01:00,CC NG 35,0.0
2030,sc01,02-06 09:00:00+01:00,Biomass 50,0.0
2030,sc01,02-06 09:00:00+01:00,ICE NG 04,0.0
2030,sc01,02-06 09:00:00+01:00,CC NG 39,0.0
2030,sc01,02-06 09:00:00+01:00,Hydro 32,0.0
2030,sc01,02-06 09:00:00+01:00,ICE NG 07,0.0
2030,sc01,02-06 09:00:00+01:00,Biomass 46,0.0
2030,sc01,02-06 09:00:00+01:00,CC NG 38,0.0
2030,sc01,02-06 09:00:00+01:00,CC NG 12,0.0
2030,sc01,02-06 09:00:00+01:00,Solar 57,0.0
2030,sc01,02-06 09:00:00+01:00,CC NG 32,0.0
2030,sc01,02-06 09:00:00+01:00,CC NG 07,0.0
2030,sc01,02-06 09:00:00+01:00,Biomass 44,0.0
2030,sc01,02-06 09:00:00+01:00,CT NG 40,0.0
2030,sc01,02-06 09:00:00+01:00,Solar 74,0.0
2030,sc01,02-06 09:00:00+01:00,Hydro 30,0.0
2030,sc01,02-06 09:00:00+01:00,CT NG 42,0.0
2030,sc01,02-06 09:00:00+01:00,Hydro 22,0.29668026000000003
2030,sc01,02-06 09:00:00+01:00,Solar 17,0.20780710614
2030,sc01,02-06 09:00:00+01:00,Solar 38,0.0
2030,sc01,02-06 09:00:00+01:00,CT NG 24,0.0
2030,sc01,02-06 09:00:00+01:00,CC NG 27,0.0
2030,sc01,02-06 09:00:00+01:00,Biomass 21,0.0
2030,sc01,02-06 09:00:00+01:00,ICE NG 06,0.0
2030,sc01,02-06 09:00:00+01:00,Biomass 25,0.0
2030,sc01,02-06 09:00:00+01:00,Solar 27,0.113385285832
2030,sc01,02-06 09:00:00+01:00,CT NG 19,0.0
2030,sc01,02-06 09:00:00+01:00,Biomass 42,0.0
2030,sc01,02-06 09:00:00+01:00,Biomass 19,0.0
2030,sc01,02-06 09:00:00+01:00,Biomass 06,0.0
2030,sc01,02-06 09:00:00+01:00,CT NG 10,0.0
2030,sc01,02-06 09:00:00+01:00,CC NG 40,0.0
2030,sc01,02-06 09:00:00+01:00,CC NG 21,0.0
2030,sc01,02-06 09:00:00+01:00,Biomass 02,0.0
2030,sc01,02-06 09:00:00+01:00,CT NG 46,0.0
2030,sc01,02-06 09:00:00+01:00,Hydro 34,0.0
2030,sc01,02-06 09:00:00+01:00,Biomass 10,0.0
2030,sc01,02-06 09:00:00+01:00,CT NG 17,0.0
2030,sc01,02-06 09:00:00+01:00,Biomass 62,0.0
2030,sc01,02-06 09:00:00+01:00,Biomass 32,0.0
2030,sc01,02-06 09:00:00+01:00,CC NG 19,0.0
2030,sc01,02-06 09:00:00+01:00,CC NG 17,0.0
2030,sc01,02-06 09:00:00+01:00,ST NG 01,0.0
2030,sc01,02-06 09:00:00+01:00,Biomass 45,0.0
2030,sc01,02-06 09:00:00+01:00,Biomass 28,0.0
2030,sc01,02-06 09:00:00+01:00,CC NG 10,0.0
2030,sc01,02-06 09:00:00+01:00,Biomass 23,0.0
2030,sc01,02-06 09:00:00+01:00,ST NG 06,0.0
2030,sc01,02-06 09:00:00+01:00,Wind 10,0.0
2030,sc01,02-06 09:00:00+01:00,CT NG 69,0.0
2030,sc01,02-06 09:00:00+01:00,CT NG 68,0.0
2030,sc01,02-07 05:00:00+01:00,CC NG 13,0.0
2030,sc01,02-07 05:00:00+01:00,CT NG 37,0.0
2030,sc01,02-07 05:00:00+01:00,ST Coal 01,0.0
2030,sc01,02-07 05:00:00+01:00,CT NG 09,0.0
2030,sc01,02-07 05:00:00+01:00,CT NG 47,0.0
2030,sc01,02-07 05:00:00+01:00,Solar 69,0.0
2030,sc01,02-07 05:00:00+01:00,Solar 34,0.0
2030,sc01,02-07 05:00:00+01:00,Solar 73,0.0
2030,sc01,02-07 05:00:00+01:00,Biomass 37,0.0
2030,sc01,02-07 05:00:00+01:00,Hydro 20,0.5710188
2030,sc01,02-07 05:00:00+01:00,Solar 01,0.0
2030,sc01,02-07 05:00:00+01:00,Solar 62,0.0
2030,sc01,02-07 05:00:00+01:00,Solar 02,0.0
2030,sc01,02-07 05:00:00+01:00,CT NG 26,0.0
2030,sc01,02-07 05:00:00+01:00,Biomass 20,0.0148
2030,sc01,02-07 05:00:00+01:00,Wind 16,2.44341633
2030,sc01,02-07 05:00:00+01:00,CT NG 66,0.0
2030,sc01,02-07 05:00:00+01:00,Solar 39,0.0
2030,sc01,02-07 05:00:00+01:00,Biomass 41,0.0
2030,sc01,02-07 05:00:00+01:00,Solar 72,0.0
2030,sc01,02-07 05:00:00+01:00,ST NG 03,0.0
2030,sc01,02-07 05:00:00+01:00,Hydro 21,0.5710188
2030,sc01,02-07 05:00:00+01:00,CT NG 03,0.0
2030,sc01,02-07 05:00:00+01:00,CC NG 09,0.0
2030,sc01,02-07 05:00:00+01:00,CT Oil 02,0.0
2030,sc01,02-07 05:00:00+01:00,CT NG 39,0.0
2030,sc01,02-07 05:00:00+01:00,CC NG 08,0.0
2030,sc01,02-07 05:00:00+01:00,Biomass 43,0.0
2030,sc01,02-07 05:00:00+01:00,CT NG 18,0.15116399999999997
2030,sc01,02-07 05:00:00+01:00,ST NG 07,0.0
2030,sc01,02-07 05:00:00+01:00,Biomass 35,0.0
2030,sc01,02-07 05:00:00+01:00,Solar 32,0.0
2030,sc01,02-07 05:00:00+01:00,Biomass 15,0.008400000000000001
2030,sc01,02-07 05:00:00+01:00,CC NG 31,0.0
2030,sc01,02-07 05:00:00+01:00,Solar 16,0.0
2030,sc01,02-07 05:00:00+01:00,Solar 68,0.0
2030,sc01,02-07 05:00:00+01:00,CT NG 21,0.0
2030,sc01,02-07 05:00:00+01:00,Wind 11,0.2839579744
2030,sc01,02-07 05:00:00+01:00,CC NG 37,0.0
2030,sc01,02-07 05:00:00+01:00,CT NG 22,0.0
2030,sc01,02-07 05:00:00+01:00,Hydro 16,0.0
2030,sc01,02-07 05:00:00+01:00,Biomass 59,0.16560000000000002
2030,sc01,02-07 05:00:00+01:00,CC NG 01,0.0
2030,sc01,02-07 05:00:00+01:00,Biomass 16,0.008400000000000001
2030,sc01,02-07 05:00:00+01:00,Solar 03,0.0
2030,sc01,02-07 05:00:00+01:00,Solar 44,0.0
2030,sc01,02-07 05:00:00+01:00,CT NG 08,0.0
2030,sc01,02-07 05:00:00+01:00,Wind 05,0.0
2030,sc01,02-07 05:00:00+01:00,Biomass 26,0.0676
2030,sc01,02-07 05:00:00+01:00,Solar 37,0.0
2030,sc01,02-07 05:00:00+01:00,Biomass 11,0.014
2030,sc01,02-07 05:00:00+01:00,Solar 59,0.0
2030,sc01,02-07 05:00:00+01:00,CT NG 11,0.0
2030,sc01,02-07 05:00:00+01:00,Biomass 30,0.0676
2030,sc01,02-07 05:00:00+01:00,Hydro 23,0.0
2030,sc01,02-07 05:00:00+01:00,CC NG 24,0.0
2030,sc01,02-07 05:00:00+01:00,Solar 65,0.0
2030,sc01,02-07 05:00:00+01:00,CC NG 18,0.0
2030,sc01,02-07 05:00:00+01:00,CT NG 16,0.0
2030,sc01,02-07 05:00:00+01:00,Solar 51,0.0
2030,sc01,02-07 05:00:00+01:00,Wind 06,0.5903888052
2030,sc01,02-07 05:00:00+01:00,CC NG 26,0.0
2030,sc01,02-07 05:00:00+01:00,CC NG 23,0.0
2030,sc01,02-07 05:00:00+01:00,CT NG 43,0.0
2030,sc01,02-07 05:00:00+01:00,CC NG 11,0.0
2030,sc01,02-07 05:00:00+01:00,CT NG 02,0.0
2030,sc01,02-07 05:00:00+01:00,CT NG 50,0.0
2030,sc01,02-07 05:00:00+01:00,Hydro 27,0.315432
2030,sc01,02-07 05:00:00+01:00,CT NG 13,0.0
2030,sc01,02-07 05:00:00+01:00,CT NG 25,0.0
2030,sc01,02-07 05:00:00+01:00,CC NG 05,0.0
2030,sc01,02-07 05:00:00+01:00,Solar 04,0.0
2030,sc01,02-07 05:00:00+01:00,Solar 30,0.0
2030,sc01,02-07 05:00:00+01:00,Solar 29,0.0
2030,sc01,02-07 05:00:00+01:00,Solar 53,0.0
2030,sc01,02-07 05:00:00+01:00,Solar 21,0.0
2030,sc01,02-07 05:00:00+01:00,Biomass 58,0.0872
2030,sc01,02-07 05:00:00+01:00,CT NG 74,0.0
2030,sc01,02-07 05:00:00+01:00,Solar 61,0.0
2030,sc01,02-07 05:00:00+01:00,Wind 07,0.29108664
2030,sc01,02-07 05:00:00+01:00,Biomass 31,0.0676
2030,sc01,02-07 05:00:00+01:00,CT Oil 05,0.0
2030,sc01,02-07 05:00:00+01:00,Biomass 38,0.0
2030,sc01,02-07 05:00:00+01:00,Solar 41,0.0
2030,sc01,02-07 05:00:00+01:00,Biomass 51,0.0
2030,sc01,02-07 05:00:00+01:00,Biomass 55,0.09960000000000002
2030,sc01,02-07 05:00:00+01:00,Wind 15,7.697240376
2030,sc01,02-07 05:00:00+01:00,Geo 01,0.0
2030,sc01,02-07 05:00:00+01:00,Biomass 60,0.10800000000000001
2030,sc01,02-07 05:00:00+01:00,CT NG 38,0.0
2030,sc01,02-07 05:00:00+01:00,Solar 66,0.0
2030,sc01,02-07 05:00:00+01:00,Solar 49,0.0
2030,sc01,02-07 05:00:00+01:00,CT NG 51,0.0
2030,sc01,02-07 05:00:00+01:00,Biomass 18,0.008400000000000001
2030,sc01,02-07 05:00:00+01:00,ICE NG 01,0.0
2030,sc01,02-07 05:00:00+01:00,Solar 15,0.0
2030,sc01,02-07 05:00:00+01:00,ICE NG 05,0.0
2030,sc01,02-07 05:00:00+01:00,CT Oil 04,0.0
2030,sc01,02-07 05:00:00+01:00,CC NG 20,0.0
2030,sc01,02-07 05:00:00+01:00,Solar 20,0.0
2030,sc01,02-07 05:00:00+01:00,Biomass 04,0.0
2030,sc01,02-07 05:00:00+01:00,Wind 02,1.4081445228
2030,sc01,02-07 05:00:00+01:00,Hydro 25,0.0
2030,sc01,02-07 05:00:00+01:00,Solar 75,0.0
2030,sc01,02-07 05:00:00+01:00,Hydro 33,0.0
2030,sc01,02-07 05:00:00+01:00,ST NG 05,0.0
2030,sc01,02-07 05:00:00+01:00,CT NG 07,0.0
2030,sc01,02-07 05:00:00+01:00,Wind 01,0.19666127071999998
2030,sc01,02-07 05:00:00+01:00,Solar 56,0.0
2030,sc01,02-07 05:00:00+01:00,Biomass 09,0.031200000000000006
2030,sc01,02-07 05:00:00+01:00,Biomass 53,0.09960000000000002
2030,sc01,02-07 05:00:00+01:00,Wind 17,18.077020344
2030,sc01,02-07 05:00:00+01:00,ST NG 08,0.0
2030,sc01,02-07 05:00:00+01:00,Hydro 19,0.0
2030,sc01,02-07 05:00:00+01:00,ST NG 02,0.0
2030,sc01,02-07 05:00:00+01:00,Biomass 01,0.04200000000000001
2030,sc01,02-07 05:00:00+01:00,Biomass 57,0.0872
2030,sc01,02-07 05:00:00+01:00,CT NG 49,0.0
2030,sc01,02-07 05:00:00+01:00,CT NG 31,0.0
2030,sc01,02-07 05:00:00+01:00,Solar 64,0.0
2030,sc01,02-07 05:00:00+01:00,CC NG 33,0.0
2030,sc01,02-07 05:00:00+01:00,Solar 46,0.0
2030,sc01,02-07 05:00:00+01:00,Biomass 12,0.014
2030,sc01,02-07 05:00:00+01:00,Wind 04,0.053249086400000006
2030,sc01,02-07 05:00:00+01:00,Solar 13,0.0
2030,sc01,02-07 05:00:00+01:00,CT NG 55,0.0
2030,sc01,02-07 05:00:00+01:00,Wind N03,134.5737389344112
2030,sc01,02-07 05:00:00+01:00,CT NG 28,0.0
2030,sc01,02-07 05:00:00+01:00,Wind 09,0.01836812288
2030,sc01,02-07 05:00:00+01:00,Solar 60,0.0
2030,sc01,02-07 05:00:00+01:00,Solar 25,0.0
2030,sc01,02-07 05:00:00+01:00,CT NG 23,0.0
2030,sc01,02-07 05:00:00+01:00,ST Other 01,0.0
2030,sc01,02-07 05:00:00+01:00,Solar 70,0.0
2030,sc01,02-07 05:00:00+01:00,CC NG 34,0.0
2030,sc01,02-07 05:00:00+01:00,Solar 48,0.0
2030,sc01,02-07 05:00:00+01:00,Biomass 56,0.0984
2030,sc01,02-07 05:00:00+01:00,CT NG 36,0.0
2030,sc01,02-07 05:00:00+01:00,Solar 47,0.0
2030,sc01,02-07 05:00:00+01:00,Hydro 17,0.0109188
2030,sc01,02-07 05:00:00+01:00,Solar 09,0.0
2030,sc01,02-07 05:00:00+01:00,Solar 08,0.0
2030,sc01,02-07 05:00:00+01:00,CT NG 45,0.0
2030,sc01,02-07 05:00:00+01:00,ST NG 04,0.0
2030,sc01,02-07 05:00:00+01:00,Solar 40,0.0
2030,sc01,02-07 05:00:00+01:00,Biomass 47,0.0
2030,sc01,02-07 05:00:00+01:00,Solar 50,0.0
2030,sc01,02-07 05:00:00+01:00,Solar 52,0.0
2030,sc01,02-07 05:00:00+01:00,Solar 63,0.0
2030,sc01,02-07 05:00:00+01:00,CC NG 06,0.0
2030,sc01,02-07 05:00:00+01:00,Biomass 39,0.0
2030,sc01,02-07 05:00:00+01:00,Solar 67,0.0
2030,sc01,02-07 05:00:00+01:00,Solar 19,0.0
2030,sc01,02-07 05:00:00+01:00,Wind 12,3.1259587692000004
2030,sc01,02-07 05:00:00+01:00,Solar 24,0.0
2030,sc01,02-07 05:00:00+01:00,ICE NG 02,0.0
2030,sc01,02-07 05:00:00+01:00,Solar 05,0.0
2030,sc01,02-07 05:00:00+01:00,CT NG 54,0.0
2030,sc01,02-07 05:00:00+01:00,Wind N01,29.656531912
2030,sc01,02-07 05:00:00+01:00,CT NG 27,0.0
2030,sc01,02-07 05:00:00+01:00,CC NG 36,0.0
2030,sc01,02-07 05:00:00+01:00,Wind N02,31.49344648
2030,sc01,02-07 05:00:00+01:00,CT NG 52,0.0
2030,sc01,02-07 05:00:00+01:00,Solar 35,0.0
2030,sc01,02-07 05:00:00+01:00,CT NG 05,0.0
2030,sc01,02-07 05:00:00+01:00,Biomass 36,0.0
2030,sc01,02-07 05:00:00+01:00,CT NG 34,0.0
2030,sc01,02-07 05:00:00+01:00,CT Oil 03,0.0
2030,sc01,02-07 05:00:00+01:00,Hydro 35,0.0
2030,sc01,02-07 05:00:00+01:00,Solar 14,0.0
2030,sc01,02-07 05:00:00+01:00,CT NG 75,0.0
2030,sc01,02-07 05:00:00+01:00,ST NG 09,0.0
2030,sc01,02-07 05:00:00+01:00,CT NG 56,0.0
2030,sc01,02-07 05:00:00+01:00,Biomass 22,0.0148
2030,sc01,02-07 05:00:00+01:00,Solar 18,0.0
2030,sc01,02-07 05:00:00+01:00,Biomass 13,0.014
2030,sc01,02-07 05:00:00+01:00,CT NG 71,0.0
2030,sc01,02-07 05:00:00+01:00,Solar 58,0.0
2030,sc01,02-07 05:00:00+01:00,Solar 06,0.0
2030,sc01,02-07 05:00:00+01:00,Biomass 08,0.031200000000000006
2030,sc01,02-07 05:00:00+01:00,CT NG 72,0.0
2030,sc01,02-07 05:00:00+01:00,Hydro 18,0.0376092
2030,sc01,02-07 05:00:00+01:00,Solar 10,0.0
2030,sc01,02-07 05:00:00+01:00,CT NG 04,0.0
2030,sc01,02-07 05:00:00+01:00,ST Other 02,0.0
2030,sc01,02-07 05:00:00+01:00,CT NG 12,0.0
2030,sc01,02-07 05:00:00+01:00,CT NG 48,0.0
2030,sc01,02-07 05:00:00+01:00,ST NG 10,0.0
2030,sc01,02-07 05:00:00+01:00,Solar 22,0.0
2030,sc01,02-07 05:00:00+01:00,Solar 28,0.0
2030,sc01,02-07 05:00:00+01:00,CT NG 73,0.0
2030,sc01,02-07 05:00:00+01:00,Biomass 52,0.0
2030,sc01,02-07 05:00:00+01:00,CT NG 30,0.0
2030,sc01,02-07 05:00:00+01:00,Solar 54,0.0
2030,sc01,02-07 05:00:00+01:00,Solar 31,0.0
2030,sc01,02-07 05:00:00+01:00,Biomass 03,0.0
2030,sc01,02-07 05:00:00+01:00,CT NG 32,0.0
2030,sc01,02-07 05:00:00+01:00,Biomass 27,0.0676
2030,sc01,02-07 05:00:00+01:00,CC NG 14,0.0
2030,sc01,02-07 05:00:00+01:00,CC NG 03,0.0
2030,sc01,02-07 05:00:00+01:00,CC NG 29,0.0
2030,sc01,02-07 05:00:00+01:00,CC NG 28,0.0
2030,sc01,02-07 05:00:00+01:00,CC NG 25,0.0
2030,sc01,02-07 05:00:00+01:00,CT NG 44,0.0
2030,sc01,02-07 05:00:00+01:00,CT NG 14,0.0
2030,sc01,02-07 05:00:00+01:00,CC NG 15,0.0
2030,sc01,02-07 05:00:00+01:00,CC NG 04,0.0
2030,sc01,02-07 05:00:00+01:00,Biomass 29,0.0676
2030,sc01,02-07 05:00:00+01:00,Wind 14,4.300730968
2030,sc01,02-07 05:00:00+01:00,Wind 08,0.02542752896
2030,sc01,02-07 05:00:00+01:00,Biomass 61,0.0
2030,sc01,02-07 05:00:00+01:00,CT NG 35,0.0
2030,sc01,02-07 05:00:00+01:00,Solar 33,0.0
2030,sc01,02-07 05:00:00+01:00,CT NG 41,0.0
2030,sc01,02-07 05:00:00+01:00,CT NG 15,0.0
2030,sc01,02-07 05:00:00+01:00,Solar 42,0.0
2030,sc01,02-07 05:00:00+01:00,Solar 07,0.0
2030,sc01,02-07 05:00:00+01:00,Solar 43,0.0
2030,sc01,02-07 05:00:00+01:00,Biomass 05,0.0184
2030,sc01,02-07 05:00:00+01:00,CT NG 29,0.0
2030,sc01,02-07 05:00:00+01:00,Solar 71,0.0
2030,sc01,02-07 05:00:00+01:00,CT NG 53,0.0
2030,sc01,02-07 05:00:00+01:00,CT NG 20,0.0
2030,sc01,02-07 05:00:00+01:00,Biomass 14,0.0308
2030,sc01,02-07 05:00:00+01:00,Solar 26,0.0
2030,sc01,02-07 05:00:00+01:00,Hydro 29,44.195976
2030,sc01,02-07 05:00:00+01:00,Hydro 31,0.0
2030,sc01,02-07 05:00:00+01:00,Biomass 24,0.0124
2030,sc01,02-07 05:00:00+01:00,Biomass 54,0.09960000000000002
2030,sc01,02-07 05:00:00+01:00,Solar 36,0.0
2030,sc01,02-07 05:00:00+01:00,Wind 03,0.15942504672000002
2030,sc01,02-07 05:00:00+01:00,Biomass 40,0.0
2030,sc01,02-07 05:00:00+01:00,Biomass 49,0.0
2030,sc01,02-07 05:00:00+01:00,CC NG 16,23.58432344674892
2030,sc01,02-07 05:00:00+01:00,Biomass 48,0.0
2030,sc01,02-07 05:00:00+01:00,Hydro 28,44.195976
2030,sc01,02-07 05:00:00+01:00,Biomass 17,0.008400000000000001
2030,sc01,02-07 05:00:00+01:00,CT NG 33,0.0
2030,sc01,02-07 05:00:00+01:00,Solar 45,0.0
2030,sc01,02-07 05:00:00+01:00,Hydro 24,0.0
2030,sc01,02-07 05:00:00+01:00,Wind 13,2.2370543019999998
2030,sc01,02-07 05:00:00+01:00,Biomass 07,0.08
2030,sc01,02-07 05:00:00+01:00,Biomass 34,0.0
2030,sc01,02-07 05:00:00+01:00,Biomass 33,0.0
2030,sc01,02-07 05:00:00+01:00,CT NG 01,0.0
2030,sc01,02-07 05:00:00+01:00,ICE NG 03,0.0
2030,sc01,02-07 05:00:00+01:00,Solar 55,0.0
2030,sc01,02-07 05:00:00+01:00,Solar 11,0.0
2030,sc01,02-07 05:00:00+01:00,CT NG 06,0.0
2030,sc01,02-07 05:00:00+01:00,CT NG 70,0.0
2030,sc01,02-07 05:00:00+01:00,Solar 23,0.0
2030,sc01,02-07 05:00:00+01:00,CT NG 67,0.0
2030,sc01,02-07 05:00:00+01:00,Solar 12,0.0
2030,sc01,02-07 05:00:00+01:00,CT Oil 01,0.0
2030,sc01,02-07 05:00:00+01:00,Hydro 26,0.0
2030,sc01,02-07 05:00:00+01:00,CC NG 22,0.0
2030,sc01,02-07 05:00:00+01:00,CC NG 35,0.0
2030,sc01,02-07 05:00:00+01:00,Biomass 50,0.0
2030,sc01,02-07 05:00:00+01:00,ICE NG 04,0.0
2030,sc01,02-07 05:00:00+01:00,CC NG 39,0.0
2030,sc01,02-07 05:00:00+01:00,Hydro 32,0.0
2030,sc01,02-07 05:00:00+01:00,ICE NG 07,0.0
2030,sc01,02-07 05:00:00+01:00,Biomass 46,0.0
2030,sc01,02-07 05:00:00+01:00,CC NG 38,0.0
2030,sc01,02-07 05:00:00+01:00,CC NG 12,0.0
2030,sc01,02-07 05:00:00+01:00,Solar 57,0.0
2030,sc01,02-07 05:00:00+01:00,CC NG 32,0.0
2030,sc01,02-07 05:00:00+01:00,CC NG 07,0.0
2030,sc01,02-07 05:00:00+01:00,Biomass 44,0.0
2030,sc01,02-07 05:00:00+01:00,CT NG 40,0.0
2030,sc01,02-07 05:00:00+01:00,Solar 74,0.0
2030,sc01,02-07 05:00:00+01:00,Hydro 30,0.0
2030,sc01,02-07 05:00:00+01:00,CT NG 42,0.0
2030,sc01,02-07 05:00:00+01:00,Hydro 22,0.5710188
2030,sc01,02-07 05:00:00+01:00,Solar 17,0.0
2030,sc01,02-07 05:00:00+01:00,Solar 38,0.0
2030,sc01,02-07 05:00:00+01:00,CT NG 24,0.0
2030,sc01,02-07 05:00:00+01:00,CC NG 27,0.0
2030,sc01,02-07 05:00:00+01:00,Biomass 21,0.0148
2030,sc01,02-07 05:00:00+01:00,ICE NG 06,0.0
2030,sc01,02-07 05:00:00+01:00,Biomass 25,0.0124
2030,sc01,02-07 05:00:00+01:00,Solar 27,0.0
2030,sc01,02-07 05:00:00+01:00,CT NG 19,0.0
2030,sc01,02-07 05:00:00+01:00,Biomass 42,0.0
2030,sc01,02-07 05:00:00+01:00,Biomass 19,0.0148
2030,sc01,02-07 05:00:00+01:00,Biomass 06,0.0184
2030,sc01,02-07 05:00:00+01:00,CT NG 10,0.0
2030,sc01,02-07 05:00:00+01:00,CC NG 40,0.0
2030,sc01,02-07 05:00:00+01:00,CC NG 21,0.0
2030,sc01,02-07 05:00:00+01:00,Biomass 02,0.04200000000000001
2030,sc01,02-07 05:00:00+01:00,CT NG 46,0.0
2030,sc01,02-07 05:00:00+01:00,Hydro 34,0.0
2030,sc01,02-07 05:00:00+01:00,Biomass 10,0.031200000000000006
2030,sc01,02-07 05:00:00+01:00,CT NG 17,0.0
2030,sc01,02-07 05:00:00+01:00,Biomass 62,0.08279999999999998
2030,sc01,02-07 05:00:00+01:00,Biomass 32,0.047999999999999994
2030,sc01,02-07 05:00:00+01:00,CC NG 19,5.4152000000000005
2030,sc01,02-07 05:00:00+01:00,CC NG 17,0.0
2030,sc01,02-07 05:00:00+01:00,ST NG 01,0.0
2030,sc01,02-07 05:00:00+01:00,Biomass 45,0.0
2030,sc01,02-07 05:00:00+01:00,Biomass 28,0.0676
2030,sc01,02-07 05:00:00+01:00,CC NG 10,0.0
2030,sc01,02-07 05:00:00+01:00,Biomass 23,0.0124
2030,sc01,02-07 05:00:00+01:00,ST NG 06,0.0
2030,sc01,02-07 05:00:00+01:00,Wind 10,0.02180835968
2030,sc01,02-07 05:00:00+01:00,CT NG 69,0.0
2030,sc01,02-07 05:00:00+01:00,CT NG 68,0.0
2030,sc01,02-10 17:00:00+01:00,CC NG 13,0.0
2030,sc01,02-10 17:00:00+01:00,CT NG 37,0.0
2030,sc01,02-10 17:00:00+01:00,ST Coal 01,0.0
2030,sc01,02-10 17:00:00+01:00,CT NG 09,0.0
2030,sc01,02-10 17:00:00+01:00,CT NG 47,0.0
2030,sc01,02-10 17:00:00+01:00,Solar 69,1.5320521881
2030,sc01,02-10 17:00:00+01:00,Solar 34,1.3871202129
2030,sc01,02-10 17:00:00+01:00,Solar 73,0.0
2030,sc01,02-10 17:00:00+01:00,Biomass 37,0.03555
2030,sc01,02-10 17:00:00+01:00,Hydro 20,0.0
2030,sc01,02-10 17:00:00+01:00,Solar 01,2.08952543205
2030,sc01,02-10 17:00:00+01:00,Solar 62,0.0
2030,sc01,02-10 17:00:00+01:00,Solar 02,0.65093420385
2030,sc01,02-10 17:00:00+01:00,CT NG 26,0.0
2030,sc01,02-10 17:00:00+01:00,Biomass 20,0.0162
2030,sc01,02-10 17:00:00+01:00,Wind 16,0.40399045090388874
2030,sc01,02-10 17:00:00+01:00,CT NG 66,0.0
2030,sc01,02-10 17:00:00+01:00,Solar 39,0.024973863120000002
2030,sc01,02-10 17:00:00+01:00,Biomass 41,0.060750000000000005
2030,sc01,02-10 17:00:00+01:00,Solar 72,0.34023910607999996
2030,sc01,02-10 17:00:00+01:00,ST NG 03,0.0
2030,sc01,02-10 17:00:00+01:00,Hydro 21,1.2938265
2030,sc01,02-10 17:00:00+01:00,CT NG 03,0.0
2030,sc01,02-10 17:00:00+01:00,CC NG 09,0.0
2030,sc01,02-10 17:00:00+01:00,CT Oil 02,0.0
2030,sc01,02-10 17:00:00+01:00,CT NG 39,0.0
2030,sc01,02-10 17:00:00+01:00,CC NG 08,0.0
2030,sc01,02-10 17:00:00+01:00,Biomass 43,0.13275
2030,sc01,02-10 17:00:00+01:00,CT NG 18,0.17005949999999997
2030,sc01,02-10 17:00:00+01:00,ST NG 07,0.0
2030,sc01,02-10 17:00:00+01:00,Biomass 35,0.06480000000000001
2030,sc01,02-10 17:00:00+01:00,Solar 32,0.46179102330000005
2030,sc01,02-10 17:00:00+01:00,Biomass 15,0.0
2030,sc01,02-10 17:00:00+01:00,CC NG 31,0.0
2030,sc01,02-10 17:00:00+01:00,Solar 16,0.1573089048
2030,sc01,02-10 17:00:00+01:00,Solar 68,1.4076345208500003
2030,sc01,02-10 17:00:00+01:00,CT NG 21,0.0
2030,sc01,02-10 17:00:00+01:00,Wind 11,0.0
2030,sc01,02-10 17:00:00+01:00,CC NG 37,0.0
2030,sc01,02-10 17:00:00+01:00,CT NG 22,0.0
2030,sc01,02-10 17:00:00+01:00,Hydro 16,0.0
2030,sc01,02-10 17:00:00+01:00,Biomass 59,0.18630000000000002
2030,sc01,02-10 17:00:00+01:00,CC NG 01,0.0
2030,sc01,02-10 17:00:00+01:00,Biomass 16,0.0
2030,sc01,02-10 17:00:00+01:00,Solar 03,0.36651400587
2030,sc01,02-10 17:00:00+01:00,Solar 44,0.02063177964
2030,sc01,02-10 17:00:00+01:00,CT NG 08,0.0
2030,sc01,02-10 17:00:00+01:00,Wind 05,0.0
2030,sc01,02-10 17:00:00+01:00,Biomass 26,0.07604999999999999
2030,sc01,02-10 17:00:00+01:00,Solar 37,0.39593737404000007
2030,sc01,02-10 17:00:00+01:00,Biomass 11,0.0171
2030,sc01,02-10 17:00:00+01:00,Solar 59,0.14700086784000002
2030,sc01,02-10 17:00:00+01:00,CT NG 11,0.0
2030,sc01,02-10 17:00:00+01:00,Biomass 30,0.07604999999999999
2030,sc01,02-10 17:00:00+01:00,Hydro 23,0.0
2030,sc01,02-10 17:00:00+01:00,CC NG 24,0.0
2030,sc01,02-10 17:00:00+01:00,Solar 65,0.9578677401
2030,sc01,02-10 17:00:00+01:00,CC NG 18,26.153431513388018
2030,sc01,02-10 17:00:00+01:00,CT NG 16,0.0
2030,sc01,02-10 17:00:00+01:00,Solar 51,0.19700283456
2030,sc01,02-10 17:00:00+01:00,Wind 06,0.028292627879999997
2030,sc01,02-10 17:00:00+01:00,CC NG 26,0.0
2030,sc01,02-10 17:00:00+01:00,CC NG 23,0.0
2030,sc01,02-10 17:00:00+01:00,CT NG 43,0.0
2030,sc01,02-10 17:00:00+01:00,CC NG 11,0.0
2030,sc01,02-10 17:00:00+01:00,CT NG 02,0.0
2030,sc01,02-10 17:00:00+01:00,CT NG 50,0.0
2030,sc01,02-10 17:00:00+01:00,Hydro 27,0.3424005
2030,sc01,02-10 17:00:00+01:00,CT NG 13,0.0
2030,sc01,02-10 17:00:00+01:00,CT NG 25,0.0
2030,sc01,02-10 17:00:00+01:00,CC NG 05,0.2809636841747538
2030,sc01,02-10 17:00:00+01:00,Solar 04,0.11768757587999999
2030,sc01,02-10 17:00:00+01:00,Solar 30,0.15169478436
2030,sc01,02-10 17:00:00+01:00,Solar 29,0.19407079692
2030,sc01,02-10 17:00:00+01:00,Solar 53,0.2025929214
2030,sc01,02-10 17:00:00+01:00,Solar 21,0.44655132564
2030,sc01,02-10 17:00:00+01:00,Biomass 58,0.09044999999999999
2030,sc01,02-10 17:00:00+01:00,CT NG 74,0.0
2030,sc01,02-10 17:00:00+01:00,Solar 61,0.026046792360000005
2030,sc01,02-10 17:00:00+01:00,Wind 07,0.0
2030,sc01,02-10 17:00:00+01:00,Biomass 31,0.07604999999999999
2030,sc01,02-10 17:00:00+01:00,CT Oil 05,0.0
2030,sc01,02-10 17:00:00+01:00,Biomass 38,0.03555
2030,sc01,02-10 17:00:00+01:00,Solar 41,0.024973863120000002
2030,sc01,02-10 17:00:00+01:00,Biomass 51,0.0081
2030,sc01,02-10 17:00:00+01:00,Biomass 55,0.11069999999999999
2030,sc01,02-10 17:00:00+01:00,Wind 15,12.31998804
2030,sc01,02-10 17:00:00+01:00,Geo 01,0.0
2030,sc01,02-10 17:00:00+01:00,Biomass 60,0.12150000000000001
2030,sc01,02-10 17:00:00+01:00,CT NG 38,0.0
2030,sc01,02-10 17:00:00+01:00,Solar 66,2.6932526874000002
2030,sc01,02-10 17:00:00+01:00,Solar 49,0.01270454184
2030,sc01,02-10 17:00:00+01:00,CT NG 51,0.0
2030,sc01,02-10 17:00:00+01:00,Biomass 18,0.0
2030,sc01,02-10 17:00:00+01:00,ICE NG 01,0.0
2030,sc01,02-10 17:00:00+01:00,Solar 15,0.25537865616
2030,sc01,02-10 17:00:00+01:00,ICE NG 05,0.0
2030,sc01,02-10 17:00:00+01:00,CT Oil 04,0.0
2030,sc01,02-10 17:00:00+01:00,CC NG 20,0.0
2030,sc01,02-10 17:00:00+01:00,Solar 20,0.2268048942
2030,sc01,02-10 17:00:00+01:00,Biomass 04,0.011700000000000002
2030,sc01,02-10 17:00:00+01:00,Wind 02,0.03774005892
2030,sc01,02-10 17:00:00+01:00,Hydro 25,0.0
2030,sc01,02-10 17:00:00+01:00,Solar 75,0.8390535137999999
2030,sc01,02-10 17:00:00+01:00,Hydro 33,0.0
2030,sc01,02-10 17:00:00+01:00,ST NG 05,0.0
2030,sc01,02-10 17:00:00+01:00,CT NG 07,0.0
2030,sc01,02-10 17:00:00+01:00,Wind 01,0.0
2030,sc01,02-10 17:00:00+01:00,Solar 56,0.25692669036
2030,sc01,02-10 17:00:00+01:00,Biomass 09,0.03465
2030,sc01,02-10 17:00:00+01:00,Biomass 53,0.11069999999999999
2030,sc01,02-10 17:00:00+01:00,Wind 17,15.394162635000002
2030,sc01,02-10 17:00:00+01:00,ST NG 08,0.0
2030,sc01,02-10 17:00:00+01:00,Hydro 19,0.0
2030,sc01,02-10 17:00:00+01:00,ST NG 02,0.0
2030,sc01,02-10 17:00:00+01:00,Biomass 01,0.04635
2030,sc01,02-10 17:00:00+01:00,Biomass 57,0.09044999999999999
2030,sc01,02-10 17:00:00+01:00,CT NG 49,0.0
2030,sc01,02-10 17:00:00+01:00,CT NG 31,0.0
2030,sc01,02-10 17:00:00+01:00,Solar 64,0.5028795513000001
2030,sc01,02-10 17:00:00+01:00,CC NG 33,0.0
2030,sc01,02-10 17:00:00+01:00,Solar 46,0.02063177964
2030,sc01,02-10 17:00:00+01:00,Biomass 12,0.0171
2030,sc01,02-10 17:00:00+01:00,Wind 04,0.5874414066
2030,sc01,02-10 17:00:00+01:00,Solar 13,0.0
2030,sc01,02-10 17:00:00+01:00,CT NG 55,0.0
2030,sc01,02-10 17:00:00+01:00,Wind N03,243.9701467089397
2030,sc01,02-10 17:00:00+01:00,CT NG 28,0.0
2030,sc01,02-10 17:00:00+01:00,Wind 09,0.0
2030,sc01,02-10 17:00:00+01:00,Solar 60,0.19534413636000003
2030,sc01,02-10 17:00:00+01:00,Solar 25,0.04701248172
2030,sc01,02-10 17:00:00+01:00,CT NG 23,0.0
2030,sc01,02-10 17:00:00+01:00,ST Other 01,0.0
2030,sc01,02-10 17:00:00+01:00,Solar 70,2.0228382765
2030,sc01,02-10 17:00:00+01:00,CC NG 34,0.0
2030,sc01,02-10 17:00:00+01:00,Solar 48,0.02063177964
2030,sc01,02-10 17:00:00+01:00,Biomass 56,0.1116
2030,sc01,02-10 17:00:00+01:00,CT NG 36,0.0
2030,sc01,02-10 17:00:00+01:00,Solar 47,0.02063177964
2030,sc01,02-10 17:00:00+01:00,Hydro 17,0.011852324999999999
2030,sc01,02-10 17:00:00+01:00,Solar 09,0.31158786348
2030,sc01,02-10 17:00:00+01:00,Solar 08,0.06086815092000001
2030,sc01,02-10 17:00:00+01:00,CT NG 45,0.0
2030,sc01,02-10 17:00:00+01:00,ST NG 04,0.0
2030,sc01,02-10 17:00:00+01:00,Solar 40,0.024973863120000002
2030,sc01,02-10 17:00:00+01:00,Biomass 47,0.10485
2030,sc01,02-10 17:00:00+01:00,Solar 50,0.06584322816
2030,sc01,02-10 17:00:00+01:00,Solar 52,0.14934338676
2030,sc01,02-10 17:00:00+01:00,Solar 63,1.0739149533
2030,sc01,02-10 17:00:00+01:00,CC NG 06,0.0
2030,sc01,02-10 17:00:00+01:00,Biomass 39,0.03555
2030,sc01,02-10 17:00:00+01:00,Solar 67,0.71588342385
2030,sc01,02-10 17:00:00+01:00,Solar 19,0.0
2030,sc01,02-10 17:00:00+01:00,Wind 12,0.43797637944
2030,sc01,02-10 17:00:00+01:00,Solar 24,0.03506434416
2030,sc01,02-10 17:00:00+01:00,ICE NG 02,0.0
2030,sc01,02-10 17:00:00+01:00,Solar 05,0.0
2030,sc01,02-10 17:00:00+01:00,CT NG 54,0.0
2030,sc01,02-10 17:00:00+01:00,Wind N01,4.155160522950001
2030,sc01,02-10 17:00:00+01:00,CT NG 27,0.0
2030,sc01,02-10 17:00:00+01:00,CC NG 36,0.0
2030,sc01,02-10 17:00:00+01:00,Wind N02,21.06859273065968
2030,sc01,02-10 17:00:00+01:00,CT NG 52,0.0
2030,sc01,02-10 17:00:00+01:00,Solar 35,0.8147169279000002
2030,sc01,02-10 17:00:00+01:00,CT NG 05,0.0
2030,sc01,02-10 17:00:00+01:00,Biomass 36,0.06480000000000001
2030,sc01,02-10 17:00:00+01:00,CT NG 34,0.0
2030,sc01,02-10 17:00:00+01:00,CT Oil 03,0.0
2030,sc01,02-10 17:00:00+01:00,Hydro 35,0.0
2030,sc01,02-10 17:00:00+01:00,Solar 14,0.28392356016000003
2030,sc01,02-10 17:00:00+01:00,CT NG 75,0.0
2030,sc01,02-10 17:00:00+01:00,ST NG 09,0.0
2030,sc01,02-10 17:00:00+01:00,CT NG 56,0.0
2030,sc01,02-10 17:00:00+01:00,Biomass 22,0.0162
2030,sc01,02-10 17:00:00+01:00,Solar 18,0.29947207715999996
2030,sc01,02-10 17:00:00+01:00,Biomass 13,0.0171
2030,sc01,02-10 17:00:00+01:00,CT NG 71,0.0
2030,sc01,02-10 17:00:00+01:00,Solar 58,0.11246569596
2030,sc01,02-10 17:00:00+01:00,Solar 06,0.15801552108000003
2030,sc01,02-10 17:00:00+01:00,Biomass 08,0.03465
2030,sc01,02-10 17:00:00+01:00,CT NG 72,0.0
2030,sc01,02-10 17:00:00+01:00,Hydro 18,0.040824675000000005
2030,sc01,02-10 17:00:00+01:00,Solar 10,0.21846686616000002
2030,sc01,02-10 17:00:00+01:00,CT NG 04,0.0
2030,sc01,02-10 17:00:00+01:00,ST Other 02,0.0
2030,sc01,02-10 17:00:00+01:00,CT NG 12,0.0
2030,sc01,02-10 17:00:00+01:00,CT NG 48,0.0
2030,sc01,02-10 17:00:00+01:00,ST NG 10,0.0
2030,sc01,02-10 17:00:00+01:00,Solar 22,0.2018545884
2030,sc01,02-10 17:00:00+01:00,Solar 28,0.18063635076
2030,sc01,02-10 17:00:00+01:00,CT NG 73,0.0
2030,sc01,02-10 17:00:00+01:00,Biomass 52,0.07875
2030,sc01,02-10 17:00:00+01:00,CT NG 30,0.0
2030,sc01,02-10 17:00:00+01:00,Solar 54,0.12910380444000003
2030,sc01,02-10 17:00:00+01:00,Solar 31,0.22780497600000002
2030,sc01,02-10 17:00:00+01:00,Biomass 03,0.011700000000000002
2030,sc01,02-10 17:00:00+01:00,CT NG 32,0.0
2030,sc01,02-10 17:00:00+01:00,Biomass 27,0.07604999999999999
2030,sc01,02-10 17:00:00+01:00,CC NG 14,0.0
2030,sc01,02-10 17:00:00+01:00,CC NG 03,5.525534700000001
2030,sc01,02-10 17:00:00+01:00,CC NG 29,0.0
2030,sc01,02-10 17:00:00+01:00,CC NG 28,0.0
2030,sc01,02-10 17:00:00+01:00,CC NG 25,0.0
2030,sc01,02-10 17:00:00+01:00,CT NG 44,0.0
2030,sc01,02-10 17:00:00+01:00,CT NG 14,0.0
2030,sc01,02-10 17:00:00+01:00,CC NG 15,0.0
2030,sc01,02-10 17:00:00+01:00,CC NG 04,13.9248
2030,sc01,02-10 17:00:00+01:00,Biomass 29,0.07604999999999999
2030,sc01,02-10 17:00:00+01:00,Wind 14,3.3299416233000003
2030,sc01,02-10 17:00:00+01:00,Wind 08,0.0
2030,sc01,02-10 17:00:00+01:00,Biomass 61,0.015300000000000001
2030,sc01,02-10 17:00:00+01:00,CT NG 35,0.0
2030,sc01,02-10 17:00:00+01:00,Solar 33,0.5599341117
2030,sc01,02-10 17:00:00+01:00,CT NG 41,0.0
2030,sc01,02-10 17:00:00+01:00,CT NG 15,0.0
2030,sc01,02-10 17:00:00+01:00,Solar 42,0.02063177964
2030,sc01,02-10 17:00:00+01:00,Solar 07,0.0
2030,sc01,02-10 17:00:00+01:00,Solar 43,0.02063177964
2030,sc01,02-10 17:00:00+01:00,Biomass 05,0.02025
2030,sc01,02-10 17:00:00+01:00,CT NG 29,0.0
2030,sc01,02-10 17:00:00+01:00,Solar 71,0.9600632037000001
2030,sc01,02-10 17:00:00+01:00,CT NG 53,0.0
2030,sc01,02-10 17:00:00+01:00,CT NG 20,0.0
2030,sc01,02-10 17:00:00+01:00,Biomass 14,0.0378
2030,sc01,02-10 17:00:00+01:00,Solar 26,0.04353684048
2030,sc01,02-10 17:00:00+01:00,Hydro 29,49.720473000000005
2030,sc01,02-10 17:00:00+01:00,Hydro 31,0.0
2030,sc01,02-10 17:00:00+01:00,Biomass 24,0.012600000000000002
2030,sc01,02-10 17:00:00+01:00,Biomass 54,0.11069999999999999
2030,sc01,02-10 17:00:00+01:00,Solar 36,1.5463574505000002
2030,sc01,02-10 17:00:00+01:00,Wind 03,1.1783922817499999
2030,sc01,02-10 17:00:00+01:00,Biomass 40,0.03555
2030,sc01,02-10 17:00:00+01:00,Biomass 49,0.01305
2030,sc01,02-10 17:00:00+01:00,CC NG 16,41.056402500000004
2030,sc01,02-10 17:00:00+01:00,Biomass 48,0.10485
2030,sc01,02-10 17:00:00+01:00,Hydro 28,49.720473000000005
2030,sc01,02-10 17:00:00+01:00,Biomass 17,0.0
2030,sc01,02-10 17:00:00+01:00,CT NG 33,0.0
2030,sc01,02-10 17:00:00+01:00,Solar 45,0.02063177964
2030,sc01,02-10 17:00:00+01:00,Hydro 24,0.0
2030,sc01,02-10 17:00:00+01:00,Wind 13,0.11854728072
2030,sc01,02-10 17:00:00+01:00,Biomass 07,0.09
2030,sc01,02-10 17:00:00+01:00,Biomass 34,0.06480000000000001
2030,sc01,02-10 17:00:00+01:00,Biomass 33,0.06480000000000001
2030,sc01,02-10 17:00:00+01:00,CT NG 01,0.0
2030,sc01,02-10 17:00:00+01:00,ICE NG 03,0.0
2030,sc01,02-10 17:00:00+01:00,Solar 55,0.25623462096
2030,sc01,02-10 17:00:00+01:00,Solar 11,0.04809263688
2030,sc01,02-10 17:00:00+01:00,CT NG 06,0.0
2030,sc01,02-10 17:00:00+01:00,CT NG 70,0.0
2030,sc01,02-10 17:00:00+01:00,Solar 23,0.0
2030,sc01,02-10 17:00:00+01:00,CT NG 67,0.0
2030,sc01,02-10 17:00:00+01:00,Solar 12,0.03722878188
2030,sc01,02-10 17:00:00+01:00,CT Oil 01,0.0
2030,sc01,02-10 17:00:00+01:00,Hydro 26,0.0
2030,sc01,02-10 17:00:00+01:00,CC NG 22,0.5373917653012193
2030,sc01,02-10 17:00:00+01:00,CC NG 35,0.0
2030,sc01,02-10 17:00:00+01:00,Biomass 50,0.0081
2030,sc01,02-10 17:00:00+01:00,ICE NG 04,0.0
2030,sc01,02-10 17:00:00+01:00,CC NG 39,0.0
2030,sc01,02-10 17:00:00+01:00,Hydro 32,0.0
2030,sc01,02-10 17:00:00+01:00,ICE NG 07,0.0
2030,sc01,02-10 17:00:00+01:00,Biomass 46,0.029250000000000005
2030,sc01,02-10 17:00:00+01:00,CC NG 38,0.0
2030,sc01,02-10 17:00:00+01:00,CC NG 12,0.0
2030,sc01,02-10 17:00:00+01:00,Solar 57,0.09604571148
2030,sc01,02-10 17:00:00+01:00,CC NG 32,0.0
2030,sc01,02-10 17:00:00+01:00,CC NG 07,0.0
2030,sc01,02-10 17:00:00+01:00,Biomass 44,0.05445
2030,sc01,02-10 17:00:00+01:00,CT NG 40,0.0
2030,sc01,02-10 17:00:00+01:00,Solar 74,0.0
2030,sc01,02-10 17:00:00+01:00,Hydro 30,0.0
2030,sc01,02-10 17:00:00+01:00,CT NG 42,0.0
2030,sc01,02-10 17:00:00+01:00,Hydro 22,1.2938265
2030,sc01,02-10 17:00:00+01:00,Solar 17,0.07302051936000001
2030,sc01,02-10 17:00:00+01:00,Solar 38,0.33620570064000005
2030,sc01,02-10 17:00:00+01:00,CT NG 24,0.0
2030,sc01,02-10 17:00:00+01:00,CC NG 27,0.0
2030,sc01,02-10 17:00:00+01:00,Biomass 21,0.0162
2030,sc01,02-10 17:00:00+01:00,ICE NG 06,0.0
2030,sc01,02-10 17:00:00+01:00,Biomass 25,0.012600000000000002
2030,sc01,02-10 17:00:00+01:00,Solar 27,0.023199367679999996
2030,sc01,02-10 17:00:00+01:00,CT NG 19,0.0
2030,sc01,02-10 17:00:00+01:00,Biomass 42,0.060750000000000005
2030,sc01,02-10 17:00:00+01:00,Biomass 19,0.0162
2030,sc01,02-10 17:00:00+01:00,Biomass 06,0.02025
2030,sc01,02-10 17:00:00+01:00,CT NG 10,0.0
2030,sc01,02-10 17:00:00+01:00,CC NG 40,2.8911692718329425
2030,sc01,02-10 17:00:00+01:00,CC NG 21,0.0
2030,sc01,02-10 17:00:00+01:00,Biomass 02,0.04635
2030,sc01,02-10 17:00:00+01:00,CT NG 46,0.0
2030,sc01,02-10 17:00:00+01:00,Hydro 34,0.0
2030,sc01,02-10 17:00:00+01:00,Biomass 10,0.03465
2030,sc01,02-10 17:00:00+01:00,CT NG 17,0.3008745
2030,sc01,02-10 17:00:00+01:00,Biomass 62,0.0828
2030,sc01,02-10 17:00:00+01:00,Biomass 32,0.0549
2030,sc01,02-10 17:00:00+01:00,CC NG 19,6.0921
2030,sc01,02-10 17:00:00+01:00,CC NG 17,0.0
2030,sc01,02-10 17:00:00+01:00,ST NG 01,0.0
2030,sc01,02-10 17:00:00+01:00,Biomass 45,0.05445
2030,sc01,02-10 17:00:00+01:00,Biomass 28,0.07604999999999999
2030,sc01,02-10 17:00:00+01:00,CC NG 10,0.0
2030,sc01,02-10 17:00:00+01:00,Biomass 23,0.012600000000000002
2030,sc01,02-10 17:00:00+01:00,ST NG 06,0.0
2030,sc01,02-10 17:00:00+01:00,Wind 10,0.0
2030,sc01,02-10 17:00:00+01:00,CT NG 69,0.0
2030,sc01,02-10 17:00:00+01:00,CT NG 68,0.0
2030,sc01,02-13 00:00:00+01:00,CC NG 13,0.0
2030,sc01,02-13 00:00:00+01:00,CT NG 37,0.0
2030,sc01,02-13 00:00:00+01:00,ST Coal 01,0.0
2030,sc01,02-13 00:00:00+01:00,CT NG 09,0.0
2030,sc01,02-13 00:00:00+01:00,CT NG 47,0.0
2030,sc01,02-13 00:00:00+01:00,Solar 69,0.0
2030,sc01,02-13 00:00:00+01:00,Solar 34,0.0
2030,sc01,02-13 00:00:00+01:00,Solar 73,0.0
2030,sc01,02-13 00:00:00+01:00,Biomass 37,0.0
2030,sc01,02-13 00:00:00+01:00,Hydro 20,0.6739513199999999
2030,sc01,02-13 00:00:00+01:00,Solar 01,0.0
2030,sc01,02-13 00:00:00+01:00,Solar 62,0.0
2030,sc01,02-13 00:00:00+01:00,Solar 02,0.0
2030,sc01,02-13 00:00:00+01:00,CT NG 26,0.0
2030,sc01,02-13 00:00:00+01:00,Biomass 20,0.015960000000000002
2030,sc01,02-13 00:00:00+01:00,Wind 16,1.69991602746
2030,sc01,02-13 00:00:00+01:00,CT NG 66,0.0
2030,sc01,02-13 00:00:00+01:00,Solar 39,0.0
2030,sc01,02-13 00:00:00+01:00,Biomass 41,0.0
2030,sc01,02-13 00:00:00+01:00,Solar 72,0.0
2030,sc01,02-13 00:00:00+01:00,ST NG 03,0.0
2030,sc01,02-13 00:00:00+01:00,Hydro 21,0.6739513199999999
2030,sc01,02-13 00:00:00+01:00,CT NG 03,0.0
2030,sc01,02-13 00:00:00+01:00,CC NG 09,0.0
2030,sc01,02-13 00:00:00+01:00,CT Oil 02,0.0
2030,sc01,02-13 00:00:00+01:00,CT NG 39,0.0
2030,sc01,02-13 00:00:00+01:00,CC NG 08,0.0
2030,sc01,02-13 00:00:00+01:00,Biomass 43,0.0
2030,sc01,02-13 00:00:00+01:00,CT NG 18,0.15872219999999998
2030,sc01,02-13 00:00:00+01:00,ST NG 07,0.0
2030,sc01,02-13 00:00:00+01:00,Biomass 35,0.0
2030,sc01,02-13 00:00:00+01:00,Solar 32,0.0
2030,sc01,02-13 00:00:00+01:00,Biomass 15,0.00882
2030,sc01,02-13 00:00:00+01:00,CC NG 31,0.0
2030,sc01,02-13 00:00:00+01:00,Solar 16,0.0
2030,sc01,02-13 00:00:00+01:00,Solar 68,0.0
2030,sc01,02-13 00:00:00+01:00,CT NG 21,0.0
2030,sc01,02-13 00:00:00+01:00,Wind 11,0.009658236336
2030,sc01,02-13 00:00:00+01:00,CC NG 37,0.0
2030,sc01,02-13 00:00:00+01:00,CT NG 22,0.0
2030,sc01,02-13 00:00:00+01:00,Hydro 16,0.0
2030,sc01,02-13 00:00:00+01:00,Biomass 59,0.17388
2030,sc01,02-13 00:00:00+01:00,CC NG 01,0.0
2030,sc01,02-13 00:00:00+01:00,Biomass 16,0.00882
2030,sc01,02-13 00:00:00+01:00,Solar 03,0.0
2030,sc01,02-13 00:00:00+01:00,Solar 44,0.0
2030,sc01,02-13 00:00:00+01:00,CT NG 08,0.0
2030,sc01,02-13 00:00:00+01:00,Wind 05,0.0
2030,sc01,02-13 00:00:00+01:00,Biomass 26,0.07182
2030,sc01,02-13 00:00:00+01:00,Solar 37,0.0
2030,sc01,02-13 00:00:00+01:00,Biomass 11,0.01554
2030,sc01,02-13 00:00:00+01:00,Solar 59,0.0
2030,sc01,02-13 00:00:00+01:00,CT NG 11,0.0
2030,sc01,02-13 00:00:00+01:00,Biomass 30,0.07182
2030,sc01,02-13 00:00:00+01:00,Hydro 23,0.0
2030,sc01,02-13 00:00:00+01:00,CC NG 24,0.0
2030,sc01,02-13 00:00:00+01:00,Solar 65,0.0
2030,sc01,02-13 00:00:00+01:00,CC NG 18,0.0
2030,sc01,02-13 00:00:00+01:00,CT NG 16,0.0
2030,sc01,02-13 00:00:00+01:00,Solar 51,0.0
2030,sc01,02-13 00:00:00+01:00,Wind 06,0.09401949614400001
2030,sc01,02-13 00:00:00+01:00,CC NG 26,0.0
2030,sc01,02-13 00:00:00+01:00,CC NG 23,0.0
2030,sc01,02-13 00:00:00+01:00,CT NG 43,0.0
2030,sc01,02-13 00:00:00+01:00,CC NG 11,0.0
2030,sc01,02-13 00:00:00+01:00,CT NG 02,0.0
2030,sc01,02-13 00:00:00+01:00,CT NG 50,0.0
2030,sc01,02-13 00:00:00+01:00,Hydro 27,0.3110562
2030,sc01,02-13 00:00:00+01:00,CT NG 13,0.0
2030,sc01,02-13 00:00:00+01:00,CT NG 25,0.0
2030,sc01,02-13 00:00:00+01:00,CC NG 05,0.0
2030,sc01,02-13 00:00:00+01:00,Solar 04,0.0
2030,sc01,02-13 00:00:00+01:00,Solar 30,0.0
2030,sc01,02-13 00:00:00+01:00,Solar 29,0.0
2030,sc01,02-13 00:00:00+01:00,Solar 53,0.0
2030,sc01,02-13 00:00:00+01:00,Solar 21,0.0
2030,sc01,02-13 00:00:00+01:00,Biomass 58,0.08568
2030,sc01,02-13 00:00:00+01:00,CT NG 74,0.0
2030,sc01,02-13 00:00:00+01:00,Solar 61,0.0
2030,sc01,02-13 00:00:00+01:00,Wind 07,0.018144731472
2030,sc01,02-13 00:00:00+01:00,Biomass 31,0.07182
2030,sc01,02-13 00:00:00+01:00,CT Oil 05,0.0
2030,sc01,02-13 00:00:00+01:00,Biomass 38,0.0
2030,sc01,02-13 00:00:00+01:00,Solar 41,0.0
2030,sc01,02-13 00:00:00+01:00,Biomass 51,0.0
2030,sc01,02-13 00:00:00+01:00,Biomass 55,0.11088
2030,sc01,02-13 00:00:00+01:00,Wind 15,1.1393666550000001
2030,sc01,02-13 00:00:00+01:00,Geo 01,0.0
2030,sc01,02-13 00:00:00+01:00,Biomass 60,0.1134
2030,sc01,02-13 00:00:00+01:00,CT NG 38,0.0
2030,sc01,02-13 00:00:00+01:00,Solar 66,0.0
2030,sc01,02-13 00:00:00+01:00,Solar 49,0.0
2030,sc01,02-13 00:00:00+01:00,CT NG 51,0.0
2030,sc01,02-13 00:00:00+01:00,Biomass 18,0.00882
2030,sc01,02-13 00:00:00+01:00,ICE NG 01,0.0
2030,sc01,02-13 00:00:00+01:00,Solar 15,0.0
2030,sc01,02-13 00:00:00+01:00,ICE NG 05,0.0
2030,sc01,02-13 00:00:00+01:00,CT Oil 04,0.0
2030,sc01,02-13 00:00:00+01:00,CC NG 20,0.0
2030,sc01,02-13 00:00:00+01:00,Solar 20,0.0
2030,sc01,02-13 00:00:00+01:00,Biomass 04,0.0
2030,sc01,02-13 00:00:00+01:00,Wind 02,0.0
2030,sc01,02-13 00:00:00+01:00,Hydro 25,0.0
2030,sc01,02-13 00:00:00+01:00,Solar 75,0.0
2030,sc01,02-13 00:00:00+01:00,Hydro 33,0.0
2030,sc01,02-13 00:00:00+01:00,ST NG 05,0.0
2030,sc01,02-13 00:00:00+01:00,CT NG 07,0.0
2030,sc01,02-13 00:00:00+01:00,Wind 01,0.028701187872
2030,sc01,02-13 00:00:00+01:00,Solar 56,0.0
2030,sc01,02-13 00:00:00+01:00,Biomass 09,0.03612
2030,sc01,02-13 00:00:00+01:00,Biomass 53,0.11088
2030,sc01,02-13 00:00:00+01:00,Wind 17,10.8232301058
2030,sc01,02-13 00:00:00+01:00,ST NG 08,0.0
2030,sc01,02-13 00:00:00+01:00,Hydro 19,0.0
2030,sc01,02-13 00:00:00+01:00,ST NG 02,0.0
2030,sc01,02-13 00:00:00+01:00,Biomass 01,0.04662
2030,sc01,02-13 00:00:00+01:00,Biomass 57,0.08568
2030,sc01,02-13 00:00:00+01:00,CT NG 49,0.0
2030,sc01,02-13 00:00:00+01:00,CT NG 31,0.0
2030,sc01,02-13 00:00:00+01:00,Solar 64,0.0
2030,sc01,02-13 00:00:00+01:00,CC NG 33,0.0
2030,sc01,02-13 00:00:00+01:00,Solar 46,0.0
2030,sc01,02-13 00:00:00+01:00,Biomass 12,0.01554
2030,sc01,02-13 00:00:00+01:00,Wind 04,0.8402060830799999
2030,sc01,02-13 00:00:00+01:00,Solar 13,0.0
2030,sc01,02-13 00:00:00+01:00,CT NG 55,0.0
2030,sc01,02-13 00:00:00+01:00,Wind N03,199.39104047167385
2030,sc01,02-13 00:00:00+01:00,CT NG 28,0.0
2030,sc01,02-13 00:00:00+01:00,Wind 09,0.133351717632
2030,sc01,02-13 00:00:00+01:00,Solar 60,0.0
2030,sc01,02-13 00:00:00+01:00,Solar 25,0.0
2030,sc01,02-13 00:00:00+01:00,CT NG 23,0.0
2030,sc01,02-13 00:00:00+01:00,ST Other 01,0.0
2030,sc01,02-13 00:00:00+01:00,Solar 70,0.0
2030,sc01,02-13 00:00:00+01:00,CC NG 34,0.0
2030,sc01,02-13 00:00:00+01:00,Solar 48,0.0
2030,sc01,02-13 00:00:00+01:00,Biomass 56,0.11004000000000001
2030,sc01,02-13 00:00:00+01:00,CT NG 36,0.0
2030,sc01,02-13 00:00:00+01:00,Solar 47,0.0
2030,sc01,02-13 00:00:00+01:00,Hydro 17,0.01076733
2030,sc01,02-13 00:00:00+01:00,Solar 09,0.0
2030,sc01,02-13 00:00:00+01:00,Solar 08,0.0
2030,sc01,02-13 00:00:00+01:00,CT NG 45,0.0
2030,sc01,02-13 00:00:00+01:00,ST NG 04,0.0
2030,sc01,02-13 00:00:00+01:00,Solar 40,0.0
2030,sc01,02-13 00:00:00+01:00,Biomass 47,0.0
2030,sc01,02-13 00:00:00+01:00,Solar 50,0.0
2030,sc01,02-13 00:00:00+01:00,Solar 52,0.0
2030,sc01,02-13 00:00:00+01:00,Solar 63,0.0
2030,sc01,02-13 00:00:00+01:00,CC NG 06,0.0
2030,sc01,02-13 00:00:00+01:00,Biomass 39,0.0
2030,sc01,02-13 00:00:00+01:00,Solar 67,0.0
2030,sc01,02-13 00:00:00+01:00,Solar 19,0.0
2030,sc01,02-13 00:00:00+01:00,Wind 12,0.47418099876
2030,sc01,02-13 00:00:00+01:00,Solar 24,0.0
2030,sc01,02-13 00:00:00+01:00,ICE NG 02,0.0
2030,sc01,02-13 00:00:00+01:00,Solar 05,0.0
2030,sc01,02-13 00:00:00+01:00,CT NG 54,0.0
2030,sc01,02-13 00:00:00+01:00,Wind N01,4.4986402482
2030,sc01,02-13 00:00:00+01:00,CT NG 27,0.0
2030,sc01,02-13 00:00:00+01:00,CC NG 36,0.0
2030,sc01,02-13 00:00:00+01:00,Wind N02,2.65947896088
2030,sc01,02-13 00:00:00+01:00,CT NG 52,0.0
2030,sc01,02-13 00:00:00+01:00,Solar 35,0.0
2030,sc01,02-13 00:00:00+01:00,CT NG 05,0.0
2030,sc01,02-13 00:00:00+01:00,Biomass 36,0.0
2030,sc01,02-13 00:00:00+01:00,CT NG 34,0.0
2030,sc01,02-13 00:00:00+01:00,CT Oil 03,0.0
2030,sc01,02-13 00:00:00+01:00,Hydro 35,0.0
2030,sc01,02-13 00:00:00+01:00,Solar 14,0.0
2030,sc01,02-13 00:00:00+01:00,CT NG 75,0.0
2030,sc01,02-13 00:00:00+01:00,ST NG 09,0.0
2030,sc01,02-13 00:00:00+01:00,CT NG 56,0.0
2030,sc01,02-13 00:00:00+01:00,Biomass 22,0.015960000000000002
2030,sc01,02-13 00:00:00+01:00,Solar 18,0.0
2030,sc01,02-13 00:00:00+01:00,Biomass 13,0.01554
2030,sc01,02-13 00:00:00+01:00,CT NG 71,0.0
2030,sc01,02-13 00:00:00+01:00,Solar 58,0.0
2030,sc01,02-13 00:00:00+01:00,Solar 06,0.0
2030,sc01,02-13 00:00:00+01:00,Biomass 08,0.03612
2030,sc01,02-13 00:00:00+01:00,CT NG 72,0.0
2030,sc01,02-13 00:00:00+01:00,Hydro 18,0.03708747
2030,sc01,02-13 00:00:00+01:00,Solar 10,0.0
2030,sc01,02-13 00:00:00+01:00,CT NG 04,0.0
2030,sc01,02-13 00:00:00+01:00,ST Other 02,0.0
2030,sc01,02-13 00:00:00+01:00,CT NG 12,0.0
2030,sc01,02-13 00:00:00+01:00,CT NG 48,0.0
2030,sc01,02-13 00:00:00+01:00,ST NG 10,0.0
2030,sc01,02-13 00:00:00+01:00,Solar 22,0.0
2030,sc01,02-13 00:00:00+01:00,Solar 28,0.0
2030,sc01,02-13 00:00:00+01:00,CT NG 73,0.0
2030,sc01,02-13 00:00:00+01:00,Biomass 52,0.0
2030,sc01,02-13 00:00:00+01:00,CT NG 30,0.0
2030,sc01,02-13 00:00:00+01:00,Solar 54,0.0
2030,sc01,02-13 00:00:00+01:00,Solar 31,0.0
2030,sc01,02-13 00:00:00+01:00,Biomass 03,0.0
2030,sc01,02-13 00:00:00+01:00,CT NG 32,0.0
2030,sc01,02-13 00:00:00+01:00,Biomass 27,0.07182
2030,sc01,02-13 00:00:00+01:00,CC NG 14,0.0
2030,sc01,02-13 00:00:00+01:00,CC NG 03,3.617319931300164
2030,sc01,02-13 00:00:00+01:00,CC NG 29,0.0
2030,sc01,02-13 00:00:00+01:00,CC NG 28,0.0
2030,sc01,02-13 00:00:00+01:00,CC NG 25,0.0
2030,sc01,02-13 00:00:00+01:00,CT NG 44,0.0
2030,sc01,02-13 00:00:00+01:00,CT NG 14,0.0
2030,sc01,02-13 00:00:00+01:00,CC NG 15,0.0
2030,sc01,02-13 00:00:00+01:00,CC NG 04,0.0
2030,sc01,02-13 00:00:00+01:00,Biomass 29,0.07182
2030,sc01,02-13 00:00:00+01:00,Wind 14,0.36317725751999996
2030,sc01,02-13 00:00:00+01:00,Wind 08,0.130037725776
2030,sc01,02-13 00:00:00+01:00,Biomass 61,0.0
2030,sc01,02-13 00:00:00+01:00,CT NG 35,0.0
2030,sc01,02-13 00:00:00+01:00,Solar 33,0.0
2030,sc01,02-13 00:00:00+01:00,CT NG 41,0.0
2030,sc01,02-13 00:00:00+01:00,CT NG 15,0.0
2030,sc01,02-13 00:00:00+01:00,Solar 42,0.0
2030,sc01,02-13 00:00:00+01:00,Solar 07,0.0
2030,sc01,02-13 00:00:00+01:00,Solar 43,0.0
2030,sc01,02-13 00:00:00+01:00,Biomass 05,0.02016
2030,sc01,02-13 00:00:00+01:00,CT NG 29,0.0
2030,sc01,02-13 00:00:00+01:00,Solar 71,0.0
2030,sc01,02-13 00:00:00+01:00,CT NG 53,0.0
2030,sc01,02-13 00:00:00+01:00,CT NG 20,0.0
2030,sc01,02-13 00:00:00+01:00,Biomass 14,0.03444
2030,sc01,02-13 00:00:00+01:00,Solar 26,0.0
2030,sc01,02-13 00:00:00+01:00,Hydro 29,46.4057748
2030,sc01,02-13 00:00:00+01:00,Hydro 31,0.0
2030,sc01,02-13 00:00:00+01:00,Biomass 24,0.01932
2030,sc01,02-13 00:00:00+01:00,Biomass 54,0.11088
2030,sc01,02-13 00:00:00+01:00,Solar 36,0.0
2030,sc01,02-13 00:00:00+01:00,Wind 03,2.04140207712
2030,sc01,02-13 00:00:00+01:00,Biomass 40,0.0
2030,sc01,02-13 00:00:00+01:00,Biomass 49,0.0
2030,sc01,02-13 00:00:00+01:00,CC NG 16,38.319309000000004
2030,sc01,02-13 00:00:00+01:00,Biomass 48,0.0
2030,sc01,02-13 00:00:00+01:00,Hydro 28,46.4057748
2030,sc01,02-13 00:00:00+01:00,Biomass 17,0.00882
2030,sc01,02-13 00:00:00+01:00,CT NG 33,0.0
2030,sc01,02-13 00:00:00+01:00,Solar 45,0.0
2030,sc01,02-13 00:00:00+01:00,Hydro 24,0.0
2030,sc01,02-13 00:00:00+01:00,Wind 13,0.225869080752
2030,sc01,02-13 00:00:00+01:00,Biomass 07,0.084
2030,sc01,02-13 00:00:00+01:00,Biomass 34,0.0
2030,sc01,02-13 00:00:00+01:00,Biomass 33,0.0
2030,sc01,02-13 00:00:00+01:00,CT NG 01,0.0
2030,sc01,02-13 00:00:00+01:00,ICE NG 03,0.0
2030,sc01,02-13 00:00:00+01:00,Solar 55,0.0
2030,sc01,02-13 00:00:00+01:00,Solar 11,0.0
2030,sc01,02-13 00:00:00+01:00,CT NG 06,0.0
2030,sc01,02-13 00:00:00+01:00,CT NG 70,0.0
2030,sc01,02-13 00:00:00+01:00,Solar 23,0.0
2030,sc01,02-13 00:00:00+01:00,CT NG 67,0.0
2030,sc01,02-13 00:00:00+01:00,Solar 12,0.0
2030,sc01,02-13 00:00:00+01:00,CT Oil 01,0.0
2030,sc01,02-13 00:00:00+01:00,Hydro 26,0.0
2030,sc01,02-13 00:00:00+01:00,CC NG 22,0.0
2030,sc01,02-13 00:00:00+01:00,CC NG 35,0.0
2030,sc01,02-13 00:00:00+01:00,Biomass 50,0.0
2030,sc01,02-13 00:00:00+01:00,ICE NG 04,0.0
2030,sc01,02-13 00:00:00+01:00,CC NG 39,0.0
2030,sc01,02-13 00:00:00+01:00,Hydro 32,0.0
2030,sc01,02-13 00:00:00+01:00,ICE NG 07,0.0
2030,sc01,02-13 00:00:00+01:00,Biomass 46,0.0
2030,sc01,02-13 00:00:00+01:00,CC NG 38,0.0
2030,sc01,02-13 00:00:00+01:00,CC NG 12,0.0
2030,sc01,02-13 00:00:00+01:00,Solar 57,0.0
2030,sc01,02-13 00:00:00+01:00,CC NG 32,0.0
2030,sc01,02-13 00:00:00+01:00,CC NG 07,0.0
2030,sc01,02-13 00:00:00+01:00,Biomass 44,0.0
2030,sc01,02-13 00:00:00+01:00,CT NG 40,0.0
2030,sc01,02-13 00:00:00+01:00,Solar 74,0.0
2030,sc01,02-13 00:00:00+01:00,Hydro 30,0.0
2030,sc01,02-13 00:00:00+01:00,CT NG 42,0.0
2030,sc01,02-13 00:00:00+01:00,Hydro 22,0.6739513199999999
2030,sc01,02-13 00:00:00+01:00,Solar 17,0.0
2030,sc01,02-13 00:00:00+01:00,Solar 38,0.0
2030,sc01,02-13 00:00:00+01:00,CT NG 24,0.0
2030,sc01,02-13 00:00:00+01:00,CC NG 27,0.0
2030,sc01,02-13 00:00:00+01:00,Biomass 21,0.015960000000000002
2030,sc01,02-13 00:00:00+01:00,ICE NG 06,0.0
2030,sc01,02-13 00:00:00+01:00,Biomass 25,0.01932
2030,sc01,02-13 00:00:00+01:00,Solar 27,0.0
2030,sc01,02-13 00:00:00+01:00,CT NG 19,0.0
2030,sc01,02-13 00:00:00+01:00,Biomass 42,0.0
2030,sc01,02-13 00:00:00+01:00,Biomass 19,0.015960000000000002
2030,sc01,02-13 00:00:00+01:00,Biomass 06,0.02016
2030,sc01,02-13 00:00:00+01:00,CT NG 10,0.0
2030,sc01,02-13 00:00:00+01:00,CC NG 40,0.0
2030,sc01,02-13 00:00:00+01:00,CC NG 21,0.0
2030,sc01,02-13 00:00:00+01:00,Biomass 02,0.04662
2030,sc01,02-13 00:00:00+01:00,CT NG 46,0.0
2030,sc01,02-13 00:00:00+01:00,Hydro 34,0.0
2030,sc01,02-13 00:00:00+01:00,Biomass 10,0.03612
2030,sc01,02-13 00:00:00+01:00,CT NG 17,0.28081619999999996
2030,sc01,02-13 00:00:00+01:00,Biomass 62,0.08232
2030,sc01,02-13 00:00:00+01:00,Biomass 32,0.05292
2030,sc01,02-13 00:00:00+01:00,CC NG 19,5.68596
2030,sc01,02-13 00:00:00+01:00,CC NG 17,0.0
2030,sc01,02-13 00:00:00+01:00,ST NG 01,0.0
2030,sc01,02-13 00:00:00+01:00,Biomass 45,0.0
2030,sc01,02-13 00:00:00+01:00,Biomass 28,0.07182
2030,sc01,02-13 00:00:00+01:00,CC NG 10,0.0
2030,sc01,02-13 00:00:00+01:00,Biomass 23,0.01932
2030,sc01,02-13 00:00:00+01:00,ST NG 06,0.0
2030,sc01,02-13 00:00:00+01:00,Wind 10,0.134007002304
2030,sc01,02-13 00:00:00+01:00,CT NG 69,0.0
2030,sc01,02-13 00:00:00+01:00,CT NG 68,0.0
2030,sc01,02-13 13:00:00+01:00,CC NG 13,0.0
2030,sc01,02-13 13:00:00+01:00,CT NG 37,0.0
2030,sc01,02-13 13:00:00+01:00,ST Coal 01,0.0
2030,sc01,02-13 13:00:00+01:00,CT NG 09,0.0
2030,sc01,02-13 13:00:00+01:00,CT NG 47,0.0
2030,sc01,02-13 13:00:00+01:00,Solar 69,0.0
2030,sc01,02-13 13:00:00+01:00,Solar 34,15.772885288000001
2030,sc01,02-13 13:00:00+01:00,Solar 73,0.0
2030,sc01,02-13 13:00:00+01:00,Biomass 37,0.0
2030,sc01,02-13 13:00:00+01:00,Hydro 20,0.42130920000000005
2030,sc01,02-13 13:00:00+01:00,Solar 01,9.158501891496336
2030,sc01,02-13 13:00:00+01:00,Solar 62,0.0
2030,sc01,02-13 13:00:00+01:00,Solar 02,3.770940247740983
2030,sc01,02-13 13:00:00+01:00,CT NG 26,0.0
2030,sc01,02-13 13:00:00+01:00,Biomass 20,0.0
2030,sc01,02-13 13:00:00+01:00,Wind 16,1.2939832286
2030,sc01,02-13 13:00:00+01:00,CT NG 66,0.0
2030,sc01,02-13 13:00:00+01:00,Solar 39,0.0
2030,sc01,02-13 13:00:00+01:00,Biomass 41,0.0
2030,sc01,02-13 13:00:00+01:00,Solar 72,0.0
2030,sc01,02-13 13:00:00+01:00,ST NG 03,0.0
2030,sc01,02-13 13:00:00+01:00,Hydro 21,0.42130920000000005
2030,sc01,02-13 13:00:00+01:00,CT NG 03,0.0
2030,sc01,02-13 13:00:00+01:00,CC NG 09,0.0
2030,sc01,02-13 13:00:00+01:00,CT Oil 02,0.0
2030,sc01,02-13 13:00:00+01:00,CT NG 39,0.0
2030,sc01,02-13 13:00:00+01:00,CC NG 08,0.0
2030,sc01,02-13 13:00:00+01:00,Biomass 43,0.0
2030,sc01,02-13 13:00:00+01:00,CT NG 18,0.0
2030,sc01,02-13 13:00:00+01:00,ST NG 07,0.0
2030,sc01,02-13 13:00:00+01:00,Biomass 35,0.0
2030,sc01,02-13 13:00:00+01:00,Solar 32,0.0
2030,sc01,02-13 13:00:00+01:00,Biomass 15,0.0
2030,sc01,02-13 13:00:00+01:00,CC NG 31,0.0
2030,sc01,02-13 13:00:00+01:00,Solar 16,0.8200524012
2030,sc01,02-13 13:00:00+01:00,Solar 68,0.0
2030,sc01,02-13 13:00:00+01:00,CT NG 21,0.0
2030,sc01,02-13 13:00:00+01:00,Wind 11,0.06348849808
2030,sc01,02-13 13:00:00+01:00,CC NG 37,0.0
2030,sc01,02-13 13:00:00+01:00,CT NG 22,0.0
2030,sc01,02-13 13:00:00+01:00,Hydro 16,0.0
2030,sc01,02-13 13:00:00+01:00,Biomass 59,0.0
2030,sc01,02-13 13:00:00+01:00,CC NG 01,0.0
2030,sc01,02-13 13:00:00+01:00,Biomass 16,0.0
2030,sc01,02-13 13:00:00+01:00,Solar 03,2.8736937680000003
2030,sc01,02-13 13:00:00+01:00,Solar 44,0.0
2030,sc01,02-13 13:00:00+01:00,CT NG 08,0.0
2030,sc01,02-13 13:00:00+01:00,Wind 05,0.0
2030,sc01,02-13 13:00:00+01:00,Biomass 26,0.0
2030,sc01,02-13 13:00:00+01:00,Solar 37,0.0
2030,sc01,02-13 13:00:00+01:00,Biomass 11,0.0
2030,sc01,02-13 13:00:00+01:00,Solar 59,0.0
2030,sc01,02-13 13:00:00+01:00,CT NG 11,0.0
2030,sc01,02-13 13:00:00+01:00,Biomass 30,0.0
2030,sc01,02-13 13:00:00+01:00,Hydro 23,0.0
2030,sc01,02-13 13:00:00+01:00,CC NG 24,0.0
2030,sc01,02-13 13:00:00+01:00,Solar 65,1.3289368948000002
2030,sc01,02-13 13:00:00+01:00,CC NG 18,0.0
2030,sc01,02-13 13:00:00+01:00,CT NG 16,0.0
2030,sc01,02-13 13:00:00+01:00,Solar 51,0.0
2030,sc01,02-13 13:00:00+01:00,Wind 06,0.11691761648000001
2030,sc01,02-13 13:00:00+01:00,CC NG 26,0.0
2030,sc01,02-13 13:00:00+01:00,CC NG 23,0.0
2030,sc01,02-13 13:00:00+01:00,CT NG 43,0.0
2030,sc01,02-13 13:00:00+01:00,CC NG 11,0.0
2030,sc01,02-13 13:00:00+01:00,CT NG 02,0.0
2030,sc01,02-13 13:00:00+01:00,CT NG 50,0.0
2030,sc01,02-13 13:00:00+01:00,Hydro 27,0.0
2030,sc01,02-13 13:00:00+01:00,CT NG 13,0.0
2030,sc01,02-13 13:00:00+01:00,CT NG 25,0.0
2030,sc01,02-13 13:00:00+01:00,CC NG 05,0.0
2030,sc01,02-13 13:00:00+01:00,Solar 04,0.0
2030,sc01,02-13 13:00:00+01:00,Solar 30,0.7200000000000001
2030,sc01,02-13 13:00:00+01:00,Solar 29,0.9391845644000001
2030,sc01,02-13 13:00:00+01:00,Solar 53,0.0
2030,sc01,02-13 13:00:00+01:00,Solar 21,1.8605971184
2030,sc01,02-13 13:00:00+01:00,Biomass 58,0.0
2030,sc01,02-13 13:00:00+01:00,CT NG 74,0.0
2030,sc01,02-13 13:00:00+01:00,Solar 61,0.0
2030,sc01,02-13 13:00:00+01:00,Wind 07,0.07385077856
2030,sc01,02-13 13:00:00+01:00,Biomass 31,0.0
2030,sc01,02-13 13:00:00+01:00,CT Oil 05,0.0
2030,sc01,02-13 13:00:00+01:00,Biomass 38,0.0
2030,sc01,02-13 13:00:00+01:00,Solar 41,0.0
2030,sc01,02-13 13:00:00+01:00,Biomass 51,0.0
2030,sc01,02-13 13:00:00+01:00,Biomass 55,0.0
2030,sc01,02-13 13:00:00+01:00,Wind 15,0.40941651160000003
2030,sc01,02-13 13:00:00+01:00,Geo 01,0.0
2030,sc01,02-13 13:00:00+01:00,Biomass 60,0.0
2030,sc01,02-13 13:00:00+01:00,CT NG 38,0.0
2030,sc01,02-13 13:00:00+01:00,Solar 66,12.805067211999999
2030,sc01,02-13 13:00:00+01:00,Solar 49,0.0
2030,sc01,02-13 13:00:00+01:00,CT NG 51,0.0
2030,sc01,02-13 13:00:00+01:00,Biomass 18,0.0
2030,sc01,02-13 13:00:00+01:00,ICE NG 01,0.0
2030,sc01,02-13 13:00:00+01:00,Solar 15,1.0640586298
2030,sc01,02-13 13:00:00+01:00,ICE NG 05,0.0
2030,sc01,02-13 13:00:00+01:00,CT Oil 04,0.0
2030,sc01,02-13 13:00:00+01:00,CC NG 20,0.0
2030,sc01,02-13 13:00:00+01:00,Solar 20,1.148730096
2030,sc01,02-13 13:00:00+01:00,Biomass 04,0.0
2030,sc01,02-13 13:00:00+01:00,Wind 02,0.2757551924
2030,sc01,02-13 13:00:00+01:00,Hydro 25,0.151398
2030,sc01,02-13 13:00:00+01:00,Solar 75,1.3650539604
2030,sc01,02-13 13:00:00+01:00,Hydro 33,0.0
2030,sc01,02-13 13:00:00+01:00,ST NG 05,0.0
2030,sc01,02-13 13:00:00+01:00,CT NG 07,0.0
2030,sc01,02-13 13:00:00+01:00,Wind 01,0.06328689296000001
2030,sc01,02-13 13:00:00+01:00,Solar 56,0.0
2030,sc01,02-13 13:00:00+01:00,Biomass 09,0.0
2030,sc01,02-13 13:00:00+01:00,Biomass 53,0.0
2030,sc01,02-13 13:00:00+01:00,Wind 17,3.848954334
2030,sc01,02-13 13:00:00+01:00,ST NG 08,0.0
2030,sc01,02-13 13:00:00+01:00,Hydro 19,0.0
2030,sc01,02-13 13:00:00+01:00,ST NG 02,0.0
2030,sc01,02-13 13:00:00+01:00,Biomass 01,0.0
2030,sc01,02-13 13:00:00+01:00,Biomass 57,0.0
2030,sc01,02-13 13:00:00+01:00,CT NG 49,0.0
2030,sc01,02-13 13:00:00+01:00,CT NG 31,0.0
2030,sc01,02-13 13:00:00+01:00,Solar 64,0.6976904652
2030,sc01,02-13 13:00:00+01:00,CC NG 33,0.0
2030,sc01,02-13 13:00:00+01:00,Solar 46,0.0
2030,sc01,02-13 13:00:00+01:00,Biomass 12,0.0
2030,sc01,02-13 13:00:00+01:00,Wind 04,0.22672966120000002
2030,sc01,02-13 13:00:00+01:00,Solar 13,0.02671173264
2030,sc01,02-13 13:00:00+01:00,CT NG 55,0.0
2030,sc01,02-13 13:00:00+01:00,Wind N03,83.51451238551499
2030,sc01,02-13 13:00:00+01:00,CT NG 28,0.0
2030,sc01,02-13 13:00:00+01:00,Wind 09,0.01717039536
2030,sc01,02-13 13:00:00+01:00,Solar 60,0.0
2030,sc01,02-13 13:00:00+01:00,Solar 25,0.19588182320000003
2030,sc01,02-13 13:00:00+01:00,CT NG 23,0.0
2030,sc01,02-13 13:00:00+01:00,ST Other 01,0.0
2030,sc01,02-13 13:00:00+01:00,Solar 70,0.0
2030,sc01,02-13 13:00:00+01:00,CC NG 34,0.0
2030,sc01,02-13 13:00:00+01:00,Solar 48,0.0
2030,sc01,02-13 13:00:00+01:00,Biomass 56,0.0
2030,sc01,02-13 13:00:00+01:00,CT NG 36,0.0
2030,sc01,02-13 13:00:00+01:00,Solar 47,0.0
2030,sc01,02-13 13:00:00+01:00,Hydro 17,0.0
2030,sc01,02-13 13:00:00+01:00,Solar 09,1.2982594548000002
2030,sc01,02-13 13:00:00+01:00,Solar 08,0.2536127422
2030,sc01,02-13 13:00:00+01:00,CT NG 45,0.0
2030,sc01,02-13 13:00:00+01:00,ST NG 04,0.0
2030,sc01,02-13 13:00:00+01:00,Solar 40,0.0
2030,sc01,02-13 13:00:00+01:00,Biomass 47,0.0
2030,sc01,02-13 13:00:00+01:00,Solar 50,0.0
2030,sc01,02-13 13:00:00+01:00,Solar 52,0.0
2030,sc01,02-13 13:00:00+01:00,Solar 63,1.4899397314000002
2030,sc01,02-13 13:00:00+01:00,CC NG 06,0.0
2030,sc01,02-13 13:00:00+01:00,Biomass 39,0.0
2030,sc01,02-13 13:00:00+01:00,Solar 67,0.9932100798
2030,sc01,02-13 13:00:00+01:00,Solar 19,0.01010249728
2030,sc01,02-13 13:00:00+01:00,Wind 12,0.7066310612
2030,sc01,02-13 13:00:00+01:00,Solar 24,0.14609881168
2030,sc01,02-13 13:00:00+01:00,ICE NG 02,0.0
2030,sc01,02-13 13:00:00+01:00,Solar 05,0.01187945968
2030,sc01,02-13 13:00:00+01:00,CT NG 54,0.0
2030,sc01,02-13 13:00:00+01:00,Wind N01,6.703935708
2030,sc01,02-13 13:00:00+01:00,CT NG 27,0.0
2030,sc01,02-13 13:00:00+01:00,CC NG 36,0.0
2030,sc01,02-13 13:00:00+01:00,Wind N02,30.0154903
2030,sc01,02-13 13:00:00+01:00,CT NG 52,0.0
2030,sc01,02-13 13:00:00+01:00,Solar 35,0.0
2030,sc01,02-13 13:00:00+01:00,CT NG 05,0.0
2030,sc01,02-13 13:00:00+01:00,Biomass 36,0.0
2030,sc01,02-13 13:00:00+01:00,CT NG 34,0.0
2030,sc01,02-13 13:00:00+01:00,CT Oil 03,0.0
2030,sc01,02-13 13:00:00+01:00,Hydro 35,0.0
2030,sc01,02-13 13:00:00+01:00,Solar 14,1.1829935952
2030,sc01,02-13 13:00:00+01:00,CT NG 75,0.0
2030,sc01,02-13 13:00:00+01:00,ST NG 09,0.0
2030,sc01,02-13 13:00:00+01:00,CT NG 56,0.0
2030,sc01,02-13 13:00:00+01:00,Biomass 22,0.0
2030,sc01,02-13 13:00:00+01:00,Solar 18,1.247777919
2030,sc01,02-13 13:00:00+01:00,Biomass 13,0.0
2030,sc01,02-13 13:00:00+01:00,CT NG 71,0.0
2030,sc01,02-13 13:00:00+01:00,Solar 58,0.0
2030,sc01,02-13 13:00:00+01:00,Solar 06,0.6891583292000001
2030,sc01,02-13 13:00:00+01:00,Biomass 08,0.0
2030,sc01,02-13 13:00:00+01:00,CT NG 72,0.0
2030,sc01,02-13 13:00:00+01:00,Hydro 18,0.0
2030,sc01,02-13 13:00:00+01:00,Solar 10,1.1064993332
2030,sc01,02-13 13:00:00+01:00,CT NG 04,0.0
2030,sc01,02-13 13:00:00+01:00,ST Other 02,0.0
2030,sc01,02-13 13:00:00+01:00,CT NG 12,0.0
2030,sc01,02-13 13:00:00+01:00,CT NG 48,0.0
2030,sc01,02-13 13:00:00+01:00,ST NG 10,0.0
2030,sc01,02-13 13:00:00+01:00,Solar 22,0.976853379
2030,sc01,02-13 13:00:00+01:00,Solar 28,0.8741700208000001
2030,sc01,02-13 13:00:00+01:00,CT NG 73,0.0
2030,sc01,02-13 13:00:00+01:00,Biomass 52,0.0
2030,sc01,02-13 13:00:00+01:00,CT NG 30,0.0
2030,sc01,02-13 13:00:00+01:00,Solar 54,0.0
2030,sc01,02-13 13:00:00+01:00,Solar 31,0.0
2030,sc01,02-13 13:00:00+01:00,Biomass 03,0.0
2030,sc01,02-13 13:00:00+01:00,CT NG 32,0.0
2030,sc01,02-13 13:00:00+01:00,Biomass 27,0.0
2030,sc01,02-13 13:00:00+01:00,CC NG 14,0.0
2030,sc01,02-13 13:00:00+01:00,CC NG 03,0.0
2030,sc01,02-13 13:00:00+01:00,CC NG 29,0.0
2030,sc01,02-13 13:00:00+01:00,CC NG 28,0.0
2030,sc01,02-13 13:00:00+01:00,CC NG 25,0.0
2030,sc01,02-13 13:00:00+01:00,CT NG 44,0.0
2030,sc01,02-13 13:00:00+01:00,CT NG 14,0.0
2030,sc01,02-13 13:00:00+01:00,CC NG 15,0.0
2030,sc01,02-13 13:00:00+01:00,CC NG 04,0.0
2030,sc01,02-13 13:00:00+01:00,Biomass 29,0.0
2030,sc01,02-13 13:00:00+01:00,Wind 14,0.0
2030,sc01,02-13 13:00:00+01:00,Wind 08,0.01968584416
2030,sc01,02-13 13:00:00+01:00,Biomass 61,0.0
2030,sc01,02-13 13:00:00+01:00,CT NG 35,0.0
2030,sc01,02-13 13:00:00+01:00,Solar 33,0.0
2030,sc01,02-13 13:00:00+01:00,CT NG 41,0.0
2030,sc01,02-13 13:00:00+01:00,CT NG 15,0.0
2030,sc01,02-13 13:00:00+01:00,Solar 42,0.0
2030,sc01,02-13 13:00:00+01:00,Solar 07,0.021516080959999996
2030,sc01,02-13 13:00:00+01:00,Solar 43,0.0
2030,sc01,02-13 13:00:00+01:00,Biomass 05,0.0
2030,sc01,02-13 13:00:00+01:00,CT NG 29,0.0
2030,sc01,02-13 13:00:00+01:00,Solar 71,0.0
2030,sc01,02-13 13:00:00+01:00,CT NG 53,0.0
2030,sc01,02-13 13:00:00+01:00,CT NG 20,0.0
2030,sc01,02-13 13:00:00+01:00,Biomass 14,0.0
2030,sc01,02-13 13:00:00+01:00,Solar 26,0.18140024528000004
2030,sc01,02-13 13:00:00+01:00,Hydro 29,0.0
2030,sc01,02-13 13:00:00+01:00,Hydro 31,0.0
2030,sc01,02-13 13:00:00+01:00,Biomass 24,0.0
2030,sc01,02-13 13:00:00+01:00,Biomass 54,0.0
2030,sc01,02-13 13:00:00+01:00,Solar 36,3.506425457987934
2030,sc01,02-13 13:00:00+01:00,Wind 03,0.5671483902
2030,sc01,02-13 13:00:00+01:00,Biomass 40,0.0
2030,sc01,02-13 13:00:00+01:00,Biomass 49,0.0
2030,sc01,02-13 13:00:00+01:00,CC NG 16,0.0
2030,sc01,02-13 13:00:00+01:00,Biomass 48,0.0
2030,sc01,02-13 13:00:00+01:00,Hydro 28,0.0
2030,sc01,02-13 13:00:00+01:00,Biomass 17,0.0
2030,sc01,02-13 13:00:00+01:00,CT NG 33,0.0
2030,sc01,02-13 13:00:00+01:00,Solar 45,0.0
2030,sc01,02-13 13:00:00+01:00,Hydro 24,0.0
2030,sc01,02-13 13:00:00+01:00,Wind 13,0.32344249599999997
2030,sc01,02-13 13:00:00+01:00,Biomass 07,0.0
2030,sc01,02-13 13:00:00+01:00,Biomass 34,0.0
2030,sc01,02-13 13:00:00+01:00,Biomass 33,0.0
2030,sc01,02-13 13:00:00+01:00,CT NG 01,0.0
2030,sc01,02-13 13:00:00+01:00,ICE NG 03,0.0
2030,sc01,02-13 13:00:00+01:00,Solar 55,0.0
2030,sc01,02-13 13:00:00+01:00,Solar 11,0.20038238940000003
2030,sc01,02-13 13:00:00+01:00,CT NG 06,0.0
2030,sc01,02-13 13:00:00+01:00,CT NG 70,0.0
2030,sc01,02-13 13:00:00+01:00,Solar 23,0.029670850720000003
2030,sc01,02-13 13:00:00+01:00,CT NG 67,0.0
2030,sc01,02-13 13:00:00+01:00,Solar 12,0.15511713936
2030,sc01,02-13 13:00:00+01:00,CT Oil 01,0.0
2030,sc01,02-13 13:00:00+01:00,Hydro 26,0.0
2030,sc01,02-13 13:00:00+01:00,CC NG 22,0.0
2030,sc01,02-13 13:00:00+01:00,CC NG 35,0.0
2030,sc01,02-13 13:00:00+01:00,Biomass 50,0.0
2030,sc01,02-13 13:00:00+01:00,ICE NG 04,0.0
2030,sc01,02-13 13:00:00+01:00,CC NG 39,0.0
2030,sc01,02-13 13:00:00+01:00,Hydro 32,0.0
2030,sc01,02-13 13:00:00+01:00,ICE NG 07,0.0
2030,sc01,02-13 13:00:00+01:00,Biomass 46,0.0
2030,sc01,02-13 13:00:00+01:00,CC NG 38,0.0
2030,sc01,02-13 13:00:00+01:00,CC NG 12,0.0
2030,sc01,02-13 13:00:00+01:00,Solar 57,0.0
2030,sc01,02-13 13:00:00+01:00,CC NG 32,0.0
2030,sc01,02-13 13:00:00+01:00,CC NG 07,0.0
2030,sc01,02-13 13:00:00+01:00,Biomass 44,0.0
2030,sc01,02-13 13:00:00+01:00,CT NG 40,0.0
2030,sc01,02-13 13:00:00+01:00,Solar 74,4.0
2030,sc01,02-13 13:00:00+01:00,Hydro 30,0.0
2030,sc01,02-13 13:00:00+01:00,CT NG 42,0.0
2030,sc01,02-13 13:00:00+01:00,Hydro 22,0.42130920000000005
2030,sc01,02-13 13:00:00+01:00,Solar 17,0.30424670200000004
2030,sc01,02-13 13:00:00+01:00,Solar 38,0.0
2030,sc01,02-13 13:00:00+01:00,CT NG 24,0.0
2030,sc01,02-13 13:00:00+01:00,CC NG 27,0.0
2030,sc01,02-13 13:00:00+01:00,Biomass 21,0.0
2030,sc01,02-13 13:00:00+01:00,ICE NG 06,0.0
2030,sc01,02-13 13:00:00+01:00,Biomass 25,0.0
2030,sc01,02-13 13:00:00+01:00,Solar 27,0.12315037055999999
2030,sc01,02-13 13:00:00+01:00,CT NG 19,0.0
2030,sc01,02-13 13:00:00+01:00,Biomass 42,0.0
2030,sc01,02-13 13:00:00+01:00,Biomass 19,0.0
2030,sc01,02-13 13:00:00+01:00,Biomass 06,0.0
2030,sc01,02-13 13:00:00+01:00,CT NG 10,0.0
2030,sc01,02-13 13:00:00+01:00,CC NG 40,0.0
2030,sc01,02-13 13:00:00+01:00,CC NG 21,0.0
2030,sc01,02-13 13:00:00+01:00,Biomass 02,0.0
2030,sc01,02-13 13:00:00+01:00,CT NG 46,0.0
2030,sc01,02-13 13:00:00+01:00,Hydro 34,0.0
2030,sc01,02-13 13:00:00+01:00,Biomass 10,0.0
2030,sc01,02-13 13:00:00+01:00,CT NG 17,0.0
2030,sc01,02-13 13:00:00+01:00,Biomass 62,0.0
2030,sc01,02-13 13:00:00+01:00,Biomass 32,0.0
2030,sc01,02-13 13:00:00+01:00,CC NG 19,0.0
2030,sc01,02-13 13:00:00+01:00,CC NG 17,0.0
2030,sc01,02-13 13:00:00+01:00,ST NG 01,0.0
2030,sc01,02-13 13:00:00+01:00,Biomass 45,0.0
2030,sc01,02-13 13:00:00+01:00,Biomass 28,0.0
2030,sc01,02-13 13:00:00+01:00,CC NG 10,0.0
2030,sc01,02-13 13:00:00+01:00,Biomass 23,0.0
2030,sc01,02-13 13:00:00+01:00,ST NG 06,0.0
2030,sc01,02-13 13:00:00+01:00,Wind 10,0.018570970239999998
2030,sc01,02-13 13:00:00+01:00,CT NG 69,0.0
2030,sc01,02-13 13:00:00+01:00,CT NG 68,0.0
2030,sc01,02-14 08:00:00+01:00,CC NG 13,0.0
2030,sc01,02-14 08:00:00+01:00,CT NG 37,0.0
2030,sc01,02-14 08:00:00+01:00,ST Coal 01,0.0
2030,sc01,02-14 08:00:00+01:00,CT NG 09,0.0
2030,sc01,02-14 08:00:00+01:00,CT NG 47,0.0
2030,sc01,02-14 08:00:00+01:00,Solar 69,0.0
2030,sc01,02-14 08:00:00+01:00,Solar 34,6.4576016232
2030,sc01,02-14 08:00:00+01:00,Solar 73,0.0
2030,sc01,02-14 08:00:00+01:00,Biomass 37,0.0
2030,sc01,02-14 08:00:00+01:00,Hydro 20,0.0
2030,sc01,02-14 08:00:00+01:00,Solar 01,5.0429891288
2030,sc01,02-14 08:00:00+01:00,Solar 62,0.0
2030,sc01,02-14 08:00:00+01:00,Solar 02,0.0
2030,sc01,02-14 08:00:00+01:00,CT NG 26,0.0
2030,sc01,02-14 08:00:00+01:00,Biomass 20,0.01064
2030,sc01,02-14 08:00:00+01:00,Wind 16,18.9538173186905
2030,sc01,02-14 08:00:00+01:00,CT NG 66,0.0
2030,sc01,02-14 08:00:00+01:00,Solar 39,0.0
2030,sc01,02-14 08:00:00+01:00,Biomass 41,0.0
2030,sc01,02-14 08:00:00+01:00,Solar 72,0.0
2030,sc01,02-14 08:00:00+01:00,ST NG 03,0.0
2030,sc01,02-14 08:00:00+01:00,Hydro 21,0.5884275600000001
2030,sc01,02-14 08:00:00+01:00,CT NG 03,0.0
2030,sc01,02-14 08:00:00+01:00,CC NG 09,0.0
2030,sc01,02-14 08:00:00+01:00,CT Oil 02,0.0
2030,sc01,02-14 08:00:00+01:00,CT NG 39,0.0
2030,sc01,02-14 08:00:00+01:00,CC NG 08,0.0
2030,sc01,02-14 08:00:00+01:00,Biomass 43,0.0
2030,sc01,02-14 08:00:00+01:00,CT NG 18,0.0
2030,sc01,02-14 08:00:00+01:00,ST NG 07,0.0
2030,sc01,02-14 08:00:00+01:00,Biomass 35,0.0
2030,sc01,02-14 08:00:00+01:00,Solar 32,0.0
2030,sc01,02-14 08:00:00+01:00,Biomass 15,0.00588
2030,sc01,02-14 08:00:00+01:00,CC NG 31,0.0
2030,sc01,02-14 08:00:00+01:00,Solar 16,0.0
2030,sc01,02-14 08:00:00+01:00,Solar 68,0.0
2030,sc01,02-14 08:00:00+01:00,CT NG 21,0.0
2030,sc01,02-14 08:00:00+01:00,Wind 11,1.0031774667600002
2030,sc01,02-14 08:00:00+01:00,CC NG 37,0.0
2030,sc01,02-14 08:00:00+01:00,CT NG 22,0.0
2030,sc01,02-14 08:00:00+01:00,Hydro 16,0.0
2030,sc01,02-14 08:00:00+01:00,Biomass 59,0.11592000000000001
2030,sc01,02-14 08:00:00+01:00,CC NG 01,0.0
2030,sc01,02-14 08:00:00+01:00,Biomass 16,0.00588
2030,sc01,02-14 08:00:00+01:00,Solar 03,1.51004831124
2030,sc01,02-14 08:00:00+01:00,Solar 44,0.0
2030,sc01,02-14 08:00:00+01:00,CT NG 08,0.0
2030,sc01,02-14 08:00:00+01:00,Wind 05,0.12447637036800002
2030,sc01,02-14 08:00:00+01:00,Biomass 26,0.04788
2030,sc01,02-14 08:00:00+01:00,Solar 37,0.0
2030,sc01,02-14 08:00:00+01:00,Biomass 11,0.01036
2030,sc01,02-14 08:00:00+01:00,Solar 59,0.0
2030,sc01,02-14 08:00:00+01:00,CT NG 11,0.0
2030,sc01,02-14 08:00:00+01:00,Biomass 30,0.04788
2030,sc01,02-14 08:00:00+01:00,Hydro 23,0.0
2030,sc01,02-14 08:00:00+01:00,CC NG 24,0.0
2030,sc01,02-14 08:00:00+01:00,Solar 65,10.982033316799999
2030,sc01,02-14 08:00:00+01:00,CC NG 18,0.0
2030,sc01,02-14 08:00:00+01:00,CT NG 16,0.0
2030,sc01,02-14 08:00:00+01:00,Solar 51,0.0
2030,sc01,02-14 08:00:00+01:00,Wind 06,1.06007182848
2030,sc01,02-14 08:00:00+01:00,CC NG 26,0.0
2030,sc01,02-14 08:00:00+01:00,CC NG 23,0.0
2030,sc01,02-14 08:00:00+01:00,CT NG 43,0.0
2030,sc01,02-14 08:00:00+01:00,CC NG 11,0.0
2030,sc01,02-14 08:00:00+01:00,CT NG 02,0.0
2030,sc01,02-14 08:00:00+01:00,CT NG 50,0.0
2030,sc01,02-14 08:00:00+01:00,Hydro 27,0.0
2030,sc01,02-14 08:00:00+01:00,CT NG 13,0.0
2030,sc01,02-14 08:00:00+01:00,CT NG 25,0.0
2030,sc01,02-14 08:00:00+01:00,CC NG 05,0.0
2030,sc01,02-14 08:00:00+01:00,Solar 04,0.22543017750400002
2030,sc01,02-14 08:00:00+01:00,Solar 30,0.0
2030,sc01,02-14 08:00:00+01:00,Solar 29,0.0
2030,sc01,02-14 08:00:00+01:00,Solar 53,0.0
2030,sc01,02-14 08:00:00+01:00,Solar 21,0.85536764544
2030,sc01,02-14 08:00:00+01:00,Biomass 58,0.057120000000000004
2030,sc01,02-14 08:00:00+01:00,CT NG 74,0.0
2030,sc01,02-14 08:00:00+01:00,Solar 61,0.0
2030,sc01,02-14 08:00:00+01:00,Wind 07,1.09939933376
2030,sc01,02-14 08:00:00+01:00,Biomass 31,0.04788
2030,sc01,02-14 08:00:00+01:00,CT Oil 05,0.0
2030,sc01,02-14 08:00:00+01:00,Biomass 38,0.0
2030,sc01,02-14 08:00:00+01:00,Solar 41,0.0
2030,sc01,02-14 08:00:00+01:00,Biomass 51,0.0
2030,sc01,02-14 08:00:00+01:00,Biomass 55,0.07392
2030,sc01,02-14 08:00:00+01:00,Wind 15,0.0
2030,sc01,02-14 08:00:00+01:00,Geo 01,0.0
2030,sc01,02-14 08:00:00+01:00,Biomass 60,0.0756
2030,sc01,02-14 08:00:00+01:00,CT NG 38,0.0
2030,sc01,02-14 08:00:00+01:00,Solar 66,0.0
2030,sc01,02-14 08:00:00+01:00,Solar 49,0.0
2030,sc01,02-14 08:00:00+01:00,CT NG 51,0.0
2030,sc01,02-14 08:00:00+01:00,Biomass 18,0.00588
2030,sc01,02-14 08:00:00+01:00,ICE NG 01,0.0
2030,sc01,02-14 08:00:00+01:00,Solar 15,0.4891770044000001
2030,sc01,02-14 08:00:00+01:00,ICE NG 05,0.0
2030,sc01,02-14 08:00:00+01:00,CT Oil 04,0.0
2030,sc01,02-14 08:00:00+01:00,CC NG 20,0.0
2030,sc01,02-14 08:00:00+01:00,Solar 20,0.084962775072
2030,sc01,02-14 08:00:00+01:00,Biomass 04,0.0
2030,sc01,02-14 08:00:00+01:00,Wind 02,2.19848769812
2030,sc01,02-14 08:00:00+01:00,Hydro 25,0.0
2030,sc01,02-14 08:00:00+01:00,Solar 75,0.276793647648
2030,sc01,02-14 08:00:00+01:00,Hydro 33,0.0
2030,sc01,02-14 08:00:00+01:00,ST NG 05,0.0
2030,sc01,02-14 08:00:00+01:00,CT NG 07,0.0
2030,sc01,02-14 08:00:00+01:00,Wind 01,0.7814445545200001
2030,sc01,02-14 08:00:00+01:00,Solar 56,0.0
2030,sc01,02-14 08:00:00+01:00,Biomass 09,0.02408
2030,sc01,02-14 08:00:00+01:00,Biomass 53,0.07392
2030,sc01,02-14 08:00:00+01:00,Wind 17,0.0
2030,sc01,02-14 08:00:00+01:00,ST NG 08,0.0
2030,sc01,02-14 08:00:00+01:00,Hydro 19,0.0
2030,sc01,02-14 08:00:00+01:00,ST NG 02,0.0
2030,sc01,02-14 08:00:00+01:00,Biomass 01,0.031080000000000003
2030,sc01,02-14 08:00:00+01:00,Biomass 57,0.057120000000000004
2030,sc01,02-14 08:00:00+01:00,CT NG 49,0.0
2030,sc01,02-14 08:00:00+01:00,CT NG 31,0.0
2030,sc01,02-14 08:00:00+01:00,Solar 64,4.704000000000001
2030,sc01,02-14 08:00:00+01:00,CC NG 33,0.0
2030,sc01,02-14 08:00:00+01:00,Solar 46,0.0
2030,sc01,02-14 08:00:00+01:00,Biomass 12,0.01036
2030,sc01,02-14 08:00:00+01:00,Wind 04,0.8351202994400001
2030,sc01,02-14 08:00:00+01:00,Solar 13,0.01228011792
2030,sc01,02-14 08:00:00+01:00,CT NG 55,0.0
2030,sc01,02-14 08:00:00+01:00,Wind N03,38.858591968
2030,sc01,02-14 08:00:00+01:00,CT NG 28,0.0
2030,sc01,02-14 08:00:00+01:00,Wind 09,1.8595987466000001
2030,sc01,02-14 08:00:00+01:00,Solar 60,0.0
2030,sc01,02-14 08:00:00+01:00,Solar 25,0.09005225913600001
2030,sc01,02-14 08:00:00+01:00,CT NG 23,0.0
2030,sc01,02-14 08:00:00+01:00,ST Other 01,0.0
2030,sc01,02-14 08:00:00+01:00,Solar 70,12.173207320173063
2030,sc01,02-14 08:00:00+01:00,CC NG 34,0.0
2030,sc01,02-14 08:00:00+01:00,Solar 48,0.0
2030,sc01,02-14 08:00:00+01:00,Biomass 56,0.07336000000000001
2030,sc01,02-14 08:00:00+01:00,CT NG 36,0.0
2030,sc01,02-14 08:00:00+01:00,Solar 47,0.0
2030,sc01,02-14 08:00:00+01:00,Hydro 17,0.0
2030,sc01,02-14 08:00:00+01:00,Solar 09,0.59684556232
2030,sc01,02-14 08:00:00+01:00,Solar 08,0.11659274972799999
2030,sc01,02-14 08:00:00+01:00,CT NG 45,0.0
2030,sc01,02-14 08:00:00+01:00,ST NG 04,0.0
2030,sc01,02-14 08:00:00+01:00,Solar 40,0.0
2030,sc01,02-14 08:00:00+01:00,Biomass 47,0.0
2030,sc01,02-14 08:00:00+01:00,Solar 50,0.0
2030,sc01,02-14 08:00:00+01:00,Solar 52,0.0
2030,sc01,02-14 08:00:00+01:00,Solar 63,12.3125242688
2030,sc01,02-14 08:00:00+01:00,CC NG 06,0.0
2030,sc01,02-14 08:00:00+01:00,Biomass 39,0.0
2030,sc01,02-14 08:00:00+01:00,Solar 67,8.207663004799999
2030,sc01,02-14 08:00:00+01:00,Solar 19,0.0
2030,sc01,02-14 08:00:00+01:00,Wind 12,8.549570064000001
2030,sc01,02-14 08:00:00+01:00,Solar 24,0.067165640192
2030,sc01,02-14 08:00:00+01:00,ICE NG 02,0.0
2030,sc01,02-14 08:00:00+01:00,Solar 05,0.0
2030,sc01,02-14 08:00:00+01:00,CT NG 54,0.0
2030,sc01,02-14 08:00:00+01:00,Wind N01,81.11130574399999
2030,sc01,02-14 08:00:00+01:00,CT NG 27,0.0
2030,sc01,02-14 08:00:00+01:00,CC NG 36,0.0
2030,sc01,02-14 08:00:00+01:00,Wind N02,66.84502708840444
2030,sc01,02-14 08:00:00+01:00,CT NG 52,0.0
2030,sc01,02-14 08:00:00+01:00,Solar 35,0.0
2030,sc01,02-14 08:00:00+01:00,CT NG 05,0.0
2030,sc01,02-14 08:00:00+01:00,Biomass 36,0.0
2030,sc01,02-14 08:00:00+01:00,CT NG 34,0.0
2030,sc01,02-14 08:00:00+01:00,CT Oil 03,0.0
2030,sc01,02-14 08:00:00+01:00,Hydro 35,0.0
2030,sc01,02-14 08:00:00+01:00,Solar 14,0.54385467752
2030,sc01,02-14 08:00:00+01:00,CT NG 75,0.0
2030,sc01,02-14 08:00:00+01:00,ST NG 09,0.0
2030,sc01,02-14 08:00:00+01:00,CT NG 56,0.0
2030,sc01,02-14 08:00:00+01:00,Biomass 22,0.01064
2030,sc01,02-14 08:00:00+01:00,Solar 18,0.57363781244
2030,sc01,02-14 08:00:00+01:00,Biomass 13,0.01036
2030,sc01,02-14 08:00:00+01:00,CT NG 71,0.0
2030,sc01,02-14 08:00:00+01:00,Solar 58,0.0
2030,sc01,02-14 08:00:00+01:00,Solar 06,0.0
2030,sc01,02-14 08:00:00+01:00,Biomass 08,0.02408
2030,sc01,02-14 08:00:00+01:00,CT NG 72,0.0
2030,sc01,02-14 08:00:00+01:00,Hydro 18,0.0
2030,sc01,02-14 08:00:00+01:00,Solar 10,0.08183928883199999
2030,sc01,02-14 08:00:00+01:00,CT NG 04,0.0
2030,sc01,02-14 08:00:00+01:00,ST Other 02,0.0
2030,sc01,02-14 08:00:00+01:00,CT NG 12,0.0
2030,sc01,02-14 08:00:00+01:00,CT NG 48,0.0
2030,sc01,02-14 08:00:00+01:00,ST NG 10,0.0
2030,sc01,02-14 08:00:00+01:00,Solar 22,0.0
2030,sc01,02-14 08:00:00+01:00,Solar 28,0.0
2030,sc01,02-14 08:00:00+01:00,CT NG 73,0.0
2030,sc01,02-14 08:00:00+01:00,Biomass 52,0.0
2030,sc01,02-14 08:00:00+01:00,CT NG 30,0.0
2030,sc01,02-14 08:00:00+01:00,Solar 54,0.0
2030,sc01,02-14 08:00:00+01:00,Solar 31,0.0
2030,sc01,02-14 08:00:00+01:00,Biomass 03,0.0
2030,sc01,02-14 08:00:00+01:00,CT NG 32,0.0
2030,sc01,02-14 08:00:00+01:00,Biomass 27,0.04788
2030,sc01,02-14 08:00:00+01:00,CC NG 14,0.0
2030,sc01,02-14 08:00:00+01:00,CC NG 03,0.0
2030,sc01,02-14 08:00:00+01:00,CC NG 29,0.0
2030,sc01,02-14 08:00:00+01:00,CC NG 28,0.0
2030,sc01,02-14 08:00:00+01:00,CC NG 25,0.0
2030,sc01,02-14 08:00:00+01:00,CT NG 44,0.0
2030,sc01,02-14 08:00:00+01:00,CT NG 14,0.34750676865687724
2030,sc01,02-14 08:00:00+01:00,CC NG 15,0.0
2030,sc01,02-14 08:00:00+01:00,CC NG 04,0.0
2030,sc01,02-14 08:00:00+01:00,Biomass 29,0.04788
2030,sc01,02-14 08:00:00+01:00,Wind 14,0.0
2030,sc01,02-14 08:00:00+01:00,Wind 08,2.0205165685599997
2030,sc01,02-14 08:00:00+01:00,Biomass 61,0.0
2030,sc01,02-14 08:00:00+01:00,CT NG 35,0.0
2030,sc01,02-14 08:00:00+01:00,Solar 33,0.0
2030,sc01,02-14 08:00:00+01:00,CT NG 41,0.0
2030,sc01,02-14 08:00:00+01:00,CT NG 15,0.0
2030,sc01,02-14 08:00:00+01:00,Solar 42,0.0
2030,sc01,02-14 08:00:00+01:00,Solar 07,0.009891534016
2030,sc01,02-14 08:00:00+01:00,Solar 43,0.0
2030,sc01,02-14 08:00:00+01:00,Biomass 05,0.01344
2030,sc01,02-14 08:00:00+01:00,CT NG 29,0.0
2030,sc01,02-14 08:00:00+01:00,Solar 71,0.0
2030,sc01,02-14 08:00:00+01:00,CT NG 53,0.0
2030,sc01,02-14 08:00:00+01:00,CT NG 20,0.0
2030,sc01,02-14 08:00:00+01:00,Biomass 14,0.02296
2030,sc01,02-14 08:00:00+01:00,Solar 26,0.083394679648
2030,sc01,02-14 08:00:00+01:00,Hydro 29,0.0
2030,sc01,02-14 08:00:00+01:00,Hydro 31,0.0
2030,sc01,02-14 08:00:00+01:00,Biomass 24,0.01288
2030,sc01,02-14 08:00:00+01:00,Biomass 54,0.07392
2030,sc01,02-14 08:00:00+01:00,Solar 36,11.41992727405944
2030,sc01,02-14 08:00:00+01:00,Wind 03,1.57201734592
2030,sc01,02-14 08:00:00+01:00,Biomass 40,0.0
2030,sc01,02-14 08:00:00+01:00,Biomass 49,0.0
2030,sc01,02-14 08:00:00+01:00,CC NG 16,0.0
2030,sc01,02-14 08:00:00+01:00,Biomass 48,0.0
2030,sc01,02-14 08:00:00+01:00,Hydro 28,0.0
2030,sc01,02-14 08:00:00+01:00,Biomass 17,0.00588
2030,sc01,02-14 08:00:00+01:00,CT NG 33,0.0
2030,sc01,02-14 08:00:00+01:00,Solar 45,0.0
2030,sc01,02-14 08:00:00+01:00,Hydro 24,0.0
2030,sc01,02-14 08:00:00+01:00,Wind 13,3.2557304080000002
2030,sc01,02-14 08:00:00+01:00,Biomass 07,0.056
2030,sc01,02-14 08:00:00+01:00,Biomass 34,0.0
2030,sc01,02-14 08:00:00+01:00,Biomass 33,0.0
2030,sc01,02-14 08:00:00+01:00,CT NG 01,0.6891528
2030,sc01,02-14 08:00:00+01:00,ICE NG 03,0.0
2030,sc01,02-14 08:00:00+01:00,Solar 55,0.0
2030,sc01,02-14 08:00:00+01:00,Solar 11,0.092121293152
2030,sc01,02-14 08:00:00+01:00,CT NG 06,0.0
2030,sc01,02-14 08:00:00+01:00,CT NG 70,0.0
2030,sc01,02-14 08:00:00+01:00,Solar 23,0.01364050576
2030,sc01,02-14 08:00:00+01:00,CT NG 67,0.0
2030,sc01,02-14 08:00:00+01:00,Solar 12,0.071311613184
2030,sc01,02-14 08:00:00+01:00,CT Oil 01,0.0
2030,sc01,02-14 08:00:00+01:00,Hydro 26,0.0
2030,sc01,02-14 08:00:00+01:00,CC NG 22,0.0
2030,sc01,02-14 08:00:00+01:00,CC NG 35,0.0
2030,sc01,02-14 08:00:00+01:00,Biomass 50,0.0
2030,sc01,02-14 08:00:00+01:00,ICE NG 04,0.0
2030,sc01,02-14 08:00:00+01:00,CC NG 39,0.0
2030,sc01,02-14 08:00:00+01:00,Hydro 32,0.0
2030,sc01,02-14 08:00:00+01:00,ICE NG 07,0.0
2030,sc01,02-14 08:00:00+01:00,Biomass 46,0.0
2030,sc01,02-14 08:00:00+01:00,CC NG 38,0.0
2030,sc01,02-14 08:00:00+01:00,CC NG 12,0.0
2030,sc01,02-14 08:00:00+01:00,Solar 57,0.0
2030,sc01,02-14 08:00:00+01:00,CC NG 32,0.0
2030,sc01,02-14 08:00:00+01:00,CC NG 07,0.0
2030,sc01,02-14 08:00:00+01:00,Biomass 44,0.0
2030,sc01,02-14 08:00:00+01:00,CT NG 40,0.0
2030,sc01,02-14 08:00:00+01:00,Solar 74,5.373313699600001
2030,sc01,02-14 08:00:00+01:00,Hydro 30,0.0
2030,sc01,02-14 08:00:00+01:00,CT NG 42,0.0
2030,sc01,02-14 08:00:00+01:00,Hydro 22,0.5884275600000001
2030,sc01,02-14 08:00:00+01:00,Solar 17,0.139870573024
2030,sc01,02-14 08:00:00+01:00,Solar 38,0.0
2030,sc01,02-14 08:00:00+01:00,CT NG 24,0.0
2030,sc01,02-14 08:00:00+01:00,CC NG 27,0.0
2030,sc01,02-14 08:00:00+01:00,Biomass 21,0.01064
2030,sc01,02-14 08:00:00+01:00,ICE NG 06,0.0
2030,sc01,02-14 08:00:00+01:00,Biomass 25,0.01288
2030,sc01,02-14 08:00:00+01:00,Solar 27,0.099156538208
2030,sc01,02-14 08:00:00+01:00,CT NG 19,0.0
2030,sc01,02-14 08:00:00+01:00,Biomass 42,0.0
2030,sc01,02-14 08:00:00+01:00,Biomass 19,0.01064
2030,sc01,02-14 08:00:00+01:00,Biomass 06,0.01344
2030,sc01,02-14 08:00:00+01:00,CT NG 10,0.0
2030,sc01,02-14 08:00:00+01:00,CC NG 40,0.0
2030,sc01,02-14 08:00:00+01:00,CC NG 21,0.0
2030,sc01,02-14 08:00:00+01:00,Biomass 02,0.031080000000000003
2030,sc01,02-14 08:00:00+01:00,CT NG 46,0.0
2030,sc01,02-14 08:00:00+01:00,Hydro 34,18.63021941919591
2030,sc01,02-14 08:00:00+01:00,Biomass 10,0.02408
2030,sc01,02-14 08:00:00+01:00,CT NG 17,0.0
2030,sc01,02-14 08:00:00+01:00,Biomass 62,0.05488
2030,sc01,02-14 08:00:00+01:00,Biomass 32,0.03528
2030,sc01,02-14 08:00:00+01:00,CC NG 19,0.0
2030,sc01,02-14 08:00:00+01:00,CC NG 17,0.0
2030,sc01,02-14 08:00:00+01:00,ST NG 01,0.0
2030,sc01,02-14 08:00:00+01:00,Biomass 45,0.0
2030,sc01,02-14 08:00:00+01:00,Biomass 28,0.04788
2030,sc01,02-14 08:00:00+01:00,CC NG 10,0.0
2030,sc01,02-14 08:00:00+01:00,Biomass 23,0.01288
2030,sc01,02-14 08:00:00+01:00,ST NG 06,0.0
2030,sc01,02-14 08:00:00+01:00,Wind 10,1.89051211328
2030,sc01,02-14 08:00:00+01:00,CT NG 69,0.0
2030,sc01,02-14 08:00:00+01:00,CT NG 68,0.0
2030,sc01,02-14 10:00:00+01:00,CC NG 13,0.0
2030,sc01,02-14 10:00:00+01:00,CT NG 37,0.0
2030,sc01,02-14 10:00:00+01:00,ST Coal 01,0.0
2030,sc01,02-14 10:00:00+01:00,CT NG 09,0.0
2030,sc01,02-14 10:00:00+01:00,CT NG 47,0.0
2030,sc01,02-14 10:00:00+01:00,Solar 69,0.0
2030,sc01,02-14 10:00:00+01:00,Solar 34,2.7938531666921818
2030,sc01,02-14 10:00:00+01:00,Solar 73,0.0
2030,sc01,02-14 10:00:00+01:00,Biomass 37,0.0
2030,sc01,02-14 10:00:00+01:00,Hydro 20,0.0
2030,sc01,02-14 10:00:00+01:00,Solar 01,13.035231314
2030,sc01,02-14 10:00:00+01:00,Solar 62,0.0
2030,sc01,02-14 10:00:00+01:00,Solar 02,0.0
2030,sc01,02-14 10:00:00+01:00,CT NG 26,0.0
2030,sc01,02-14 10:00:00+01:00,Biomass 20,0.013300000000000001
2030,sc01,02-14 10:00:00+01:00,Wind 16,27.757509212349362
2030,sc01,02-14 10:00:00+01:00,CT NG 66,0.0
2030,sc01,02-14 10:00:00+01:00,Solar 39,0.0
2030,sc01,02-14 10:00:00+01:00,Biomass 41,0.0
2030,sc01,02-14 10:00:00+01:00,Solar 72,0.0
2030,sc01,02-14 10:00:00+01:00,ST NG 03,0.0
2030,sc01,02-14 10:00:00+01:00,Hydro 21,0.7403025
2030,sc01,02-14 10:00:00+01:00,CT NG 03,0.0
2030,sc01,02-14 10:00:00+01:00,CC NG 09,0.0
2030,sc01,02-14 10:00:00+01:00,CT Oil 02,0.0
2030,sc01,02-14 10:00:00+01:00,CT NG 39,0.0
2030,sc01,02-14 10:00:00+01:00,CC NG 08,0.0
2030,sc01,02-14 10:00:00+01:00,Biomass 43,0.0
2030,sc01,02-14 10:00:00+01:00,CT NG 18,0.0
2030,sc01,02-14 10:00:00+01:00,ST NG 07,0.0
2030,sc01,02-14 10:00:00+01:00,Biomass 35,0.0
2030,sc01,02-14 10:00:00+01:00,Solar 32,0.0
2030,sc01,02-14 10:00:00+01:00,Biomass 15,0.007350000000000001
2030,sc01,02-14 10:00:00+01:00,CC NG 31,0.0
2030,sc01,02-14 10:00:00+01:00,Solar 16,0.01918522676
2030,sc01,02-14 10:00:00+01:00,Solar 68,0.0
2030,sc01,02-14 10:00:00+01:00,CT NG 21,0.0
2030,sc01,02-14 10:00:00+01:00,Wind 11,1.3927104215500001
2030,sc01,02-14 10:00:00+01:00,CC NG 37,0.0
2030,sc01,02-14 10:00:00+01:00,CT NG 22,0.0
2030,sc01,02-14 10:00:00+01:00,Hydro 16,0.0
2030,sc01,02-14 10:00:00+01:00,Biomass 59,0.14490000000000003
2030,sc01,02-14 10:00:00+01:00,CC NG 01,0.0
2030,sc01,02-14 10:00:00+01:00,Biomass 16,0.007350000000000001
2030,sc01,02-14 10:00:00+01:00,Solar 03,0.0
2030,sc01,02-14 10:00:00+01:00,Solar 44,0.0
2030,sc01,02-14 10:00:00+01:00,CT NG 08,0.0
2030,sc01,02-14 10:00:00+01:00,Wind 05,0.1922728598
2030,sc01,02-14 10:00:00+01:00,Biomass 26,0.05985
2030,sc01,02-14 10:00:00+01:00,Solar 37,0.0
2030,sc01,02-14 10:00:00+01:00,Biomass 11,0.01295
2030,sc01,02-14 10:00:00+01:00,Solar 59,0.0
2030,sc01,02-14 10:00:00+01:00,CT NG 11,0.0
2030,sc01,02-14 10:00:00+01:00,Biomass 30,0.05985
2030,sc01,02-14 10:00:00+01:00,Hydro 23,0.0
2030,sc01,02-14 10:00:00+01:00,CC NG 24,0.0
2030,sc01,02-14 10:00:00+01:00,Solar 65,11.03974823
2030,sc01,02-14 10:00:00+01:00,CC NG 18,0.0
2030,sc01,02-14 10:00:00+01:00,CT NG 16,0.0
2030,sc01,02-14 10:00:00+01:00,Solar 51,0.0
2030,sc01,02-14 10:00:00+01:00,Wind 06,1.431388777
2030,sc01,02-14 10:00:00+01:00,CC NG 26,0.0
2030,sc01,02-14 10:00:00+01:00,CC NG 23,0.0
2030,sc01,02-14 10:00:00+01:00,CT NG 43,0.0
2030,sc01,02-14 10:00:00+01:00,CC NG 11,0.0
2030,sc01,02-14 10:00:00+01:00,CT NG 02,0.0
2030,sc01,02-14 10:00:00+01:00,CT NG 50,0.0
2030,sc01,02-14 10:00:00+01:00,Hydro 27,0.0
2030,sc01,02-14 10:00:00+01:00,CT NG 13,0.0
2030,sc01,02-14 10:00:00+01:00,CT NG 25,0.0
2030,sc01,02-14 10:00:00+01:00,CC NG 05,0.0
2030,sc01,02-14 10:00:00+01:00,Solar 04,0.24427463592
2030,sc01,02-14 10:00:00+01:00,Solar 30,0.018500534639999996
2030,sc01,02-14 10:00:00+01:00,Solar 29,0.44897767530000005
2030,sc01,02-14 10:00:00+01:00,Solar 53,0.0
2030,sc01,02-14 10:00:00+01:00,Solar 21,0.92687067165
2030,sc01,02-14 10:00:00+01:00,Biomass 58,0.0714
2030,sc01,02-14 10:00:00+01:00,CT NG 74,0.0
2030,sc01,02-14 10:00:00+01:00,Solar 61,0.0
2030,sc01,02-14 10:00:00+01:00,Wind 07,1.5123608591000002
2030,sc01,02-14 10:00:00+01:00,Biomass 31,0.05985
2030,sc01,02-14 10:00:00+01:00,CT Oil 05,0.0
2030,sc01,02-14 10:00:00+01:00,Biomass 38,0.0
2030,sc01,02-14 10:00:00+01:00,Solar 41,0.0
2030,sc01,02-14 10:00:00+01:00,Biomass 51,0.0
2030,sc01,02-14 10:00:00+01:00,Biomass 55,0.0
2030,sc01,02-14 10:00:00+01:00,Wind 15,0.0
2030,sc01,02-14 10:00:00+01:00,Geo 01,0.0
2030,sc01,02-14 10:00:00+01:00,Biomass 60,0.0945
2030,sc01,02-14 10:00:00+01:00,CT NG 38,0.0
2030,sc01,02-14 10:00:00+01:00,Solar 66,10.620993358500002
2030,sc01,02-14 10:00:00+01:00,Solar 49,0.0
2030,sc01,02-14 10:00:00+01:00,CT NG 51,0.0
2030,sc01,02-14 10:00:00+01:00,Biomass 18,0.007350000000000001
2030,sc01,02-14 10:00:00+01:00,ICE NG 01,0.0
2030,sc01,02-14 10:00:00+01:00,Solar 15,0.5300689373
2030,sc01,02-14 10:00:00+01:00,ICE NG 05,0.0
2030,sc01,02-14 10:00:00+01:00,CT Oil 04,0.0
2030,sc01,02-14 10:00:00+01:00,CC NG 20,0.0
2030,sc01,02-14 10:00:00+01:00,Solar 20,0.0
2030,sc01,02-14 10:00:00+01:00,Biomass 04,0.0
2030,sc01,02-14 10:00:00+01:00,Wind 02,2.7917007069000004
2030,sc01,02-14 10:00:00+01:00,Hydro 25,0.0
2030,sc01,02-14 10:00:00+01:00,Solar 75,0.0
2030,sc01,02-14 10:00:00+01:00,Hydro 33,37.86950020175983
2030,sc01,02-14 10:00:00+01:00,ST NG 05,0.0
2030,sc01,02-14 10:00:00+01:00,CT NG 07,0.0
2030,sc01,02-14 10:00:00+01:00,Wind 01,1.0748224179
2030,sc01,02-14 10:00:00+01:00,Solar 56,0.0
2030,sc01,02-14 10:00:00+01:00,Biomass 09,0.0301
2030,sc01,02-14 10:00:00+01:00,Biomass 53,0.0
2030,sc01,02-14 10:00:00+01:00,Wind 17,0.0
2030,sc01,02-14 10:00:00+01:00,ST NG 08,0.0
2030,sc01,02-14 10:00:00+01:00,Hydro 19,0.0
2030,sc01,02-14 10:00:00+01:00,ST NG 02,0.0
2030,sc01,02-14 10:00:00+01:00,Biomass 01,0.03885
2030,sc01,02-14 10:00:00+01:00,Biomass 57,0.0714
2030,sc01,02-14 10:00:00+01:00,CT NG 49,0.0
2030,sc01,02-14 10:00:00+01:00,CT NG 31,0.0
2030,sc01,02-14 10:00:00+01:00,Solar 64,5.7958561535
2030,sc01,02-14 10:00:00+01:00,CC NG 33,0.0
2030,sc01,02-14 10:00:00+01:00,Solar 46,0.0
2030,sc01,02-14 10:00:00+01:00,Biomass 12,0.01295
2030,sc01,02-14 10:00:00+01:00,Wind 04,1.0456447211
2030,sc01,02-14 10:00:00+01:00,Solar 13,0.013306653639999999
2030,sc01,02-14 10:00:00+01:00,CT NG 55,0.0
2030,sc01,02-14 10:00:00+01:00,Wind N03,0.0
2030,sc01,02-14 10:00:00+01:00,CT NG 28,0.0
2030,sc01,02-14 10:00:00+01:00,Wind 09,2.891258552
2030,sc01,02-14 10:00:00+01:00,Solar 60,0.0
2030,sc01,02-14 10:00:00+01:00,Solar 25,0.09758002688
2030,sc01,02-14 10:00:00+01:00,CT NG 23,0.0
2030,sc01,02-14 10:00:00+01:00,ST Other 01,0.0
2030,sc01,02-14 10:00:00+01:00,Solar 70,18.36446781164216
2030,sc01,02-14 10:00:00+01:00,CC NG 34,0.0
2030,sc01,02-14 10:00:00+01:00,Solar 48,0.0
2030,sc01,02-14 10:00:00+01:00,Biomass 56,0.09170000000000002
2030,sc01,02-14 10:00:00+01:00,CT NG 36,0.0
2030,sc01,02-14 10:00:00+01:00,Solar 47,0.0
2030,sc01,02-14 10:00:00+01:00,Hydro 17,0.0
2030,sc01,02-14 10:00:00+01:00,Solar 09,0.64673786765
2030,sc01,02-14 10:00:00+01:00,Solar 08,0.12633912536
2030,sc01,02-14 10:00:00+01:00,CT NG 45,0.0
2030,sc01,02-14 10:00:00+01:00,ST NG 04,0.0
2030,sc01,02-14 10:00:00+01:00,Solar 40,0.0
2030,sc01,02-14 10:00:00+01:00,Biomass 47,0.0
2030,sc01,02-14 10:00:00+01:00,Solar 50,0.0
2030,sc01,02-14 10:00:00+01:00,Solar 52,0.0
2030,sc01,02-14 10:00:00+01:00,Solar 63,12.3772314365
2030,sc01,02-14 10:00:00+01:00,CC NG 06,0.0
2030,sc01,02-14 10:00:00+01:00,Biomass 39,0.0
2030,sc01,02-14 10:00:00+01:00,Solar 67,8.2507975095
2030,sc01,02-14 10:00:00+01:00,Solar 19,0.0
2030,sc01,02-14 10:00:00+01:00,Wind 12,11.439779638
2030,sc01,02-14 10:00:00+01:00,Solar 24,0.07278023928
2030,sc01,02-14 10:00:00+01:00,ICE NG 02,0.0
2030,sc01,02-14 10:00:00+01:00,Solar 05,0.0
2030,sc01,02-14 10:00:00+01:00,CT NG 54,0.0
2030,sc01,02-14 10:00:00+01:00,Wind N01,102.36904216803865
2030,sc01,02-14 10:00:00+01:00,CT NG 27,0.0
2030,sc01,02-14 10:00:00+01:00,CC NG 36,0.0
2030,sc01,02-14 10:00:00+01:00,Wind N02,82.10412742322832
2030,sc01,02-14 10:00:00+01:00,CT NG 52,0.0
2030,sc01,02-14 10:00:00+01:00,Solar 35,0.0
2030,sc01,02-14 10:00:00+01:00,CT NG 05,0.0
2030,sc01,02-14 10:00:00+01:00,Biomass 36,0.0
2030,sc01,02-14 10:00:00+01:00,CT NG 34,0.0
2030,sc01,02-14 10:00:00+01:00,CT Oil 03,0.0
2030,sc01,02-14 10:00:00+01:00,Hydro 35,0.0
2030,sc01,02-14 10:00:00+01:00,Solar 14,0.5893172988500001
2030,sc01,02-14 10:00:00+01:00,CT NG 75,0.0
2030,sc01,02-14 10:00:00+01:00,ST NG 09,0.0
2030,sc01,02-14 10:00:00+01:00,CT NG 56,0.0
2030,sc01,02-14 10:00:00+01:00,Biomass 22,0.013300000000000001
2030,sc01,02-14 10:00:00+01:00,Solar 18,0.6215901048
2030,sc01,02-14 10:00:00+01:00,Biomass 13,0.01295
2030,sc01,02-14 10:00:00+01:00,CT NG 71,0.0
2030,sc01,02-14 10:00:00+01:00,Solar 58,0.0
2030,sc01,02-14 10:00:00+01:00,Solar 06,0.0
2030,sc01,02-14 10:00:00+01:00,Biomass 08,0.0301
2030,sc01,02-14 10:00:00+01:00,CT NG 72,0.0
2030,sc01,02-14 10:00:00+01:00,Hydro 18,0.0
2030,sc01,02-14 10:00:00+01:00,Solar 10,0.0
2030,sc01,02-14 10:00:00+01:00,CT NG 04,0.0
2030,sc01,02-14 10:00:00+01:00,ST Other 02,0.0
2030,sc01,02-14 10:00:00+01:00,CT NG 12,0.0
2030,sc01,02-14 10:00:00+01:00,CT NG 48,0.0
2030,sc01,02-14 10:00:00+01:00,ST NG 10,0.0
2030,sc01,02-14 10:00:00+01:00,Solar 22,0.46698527190000005
2030,sc01,02-14 10:00:00+01:00,Solar 28,0.41789743835
2030,sc01,02-14 10:00:00+01:00,CT NG 73,0.0
2030,sc01,02-14 10:00:00+01:00,Biomass 52,0.0
2030,sc01,02-14 10:00:00+01:00,CT NG 30,0.0
2030,sc01,02-14 10:00:00+01:00,Solar 54,0.0
2030,sc01,02-14 10:00:00+01:00,Solar 31,0.0
2030,sc01,02-14 10:00:00+01:00,Biomass 03,0.0
2030,sc01,02-14 10:00:00+01:00,CT NG 32,0.0
2030,sc01,02-14 10:00:00+01:00,Biomass 27,0.05985
2030,sc01,02-14 10:00:00+01:00,CC NG 14,0.0
2030,sc01,02-14 10:00:00+01:00,CC NG 03,0.0
2030,sc01,02-14 10:00:00+01:00,CC NG 29,0.0
2030,sc01,02-14 10:00:00+01:00,CC NG 28,0.0
2030,sc01,02-14 10:00:00+01:00,CC NG 25,0.0
2030,sc01,02-14 10:00:00+01:00,CT NG 44,0.0
2030,sc01,02-14 10:00:00+01:00,CT NG 14,0.0
2030,sc01,02-14 10:00:00+01:00,CC NG 15,0.0
2030,sc01,02-14 10:00:00+01:00,CC NG 04,0.0
2030,sc01,02-14 10:00:00+01:00,Biomass 29,0.05985
2030,sc01,02-14 10:00:00+01:00,Wind 14,0.0
2030,sc01,02-14 10:00:00+01:00,Wind 08,3.1343645984
2030,sc01,02-14 10:00:00+01:00,Biomass 61,0.0
2030,sc01,02-14 10:00:00+01:00,CT NG 35,0.0
2030,sc01,02-14 10:00:00+01:00,Solar 33,0.0
2030,sc01,02-14 10:00:00+01:00,CT NG 41,0.0
2030,sc01,02-14 10:00:00+01:00,CT NG 15,0.0
2030,sc01,02-14 10:00:00+01:00,Solar 42,0.0
2030,sc01,02-14 10:00:00+01:00,Solar 07,0.01071840028
2030,sc01,02-14 10:00:00+01:00,Solar 43,0.0
2030,sc01,02-14 10:00:00+01:00,Biomass 05,0.0168
2030,sc01,02-14 10:00:00+01:00,CT NG 29,0.0
2030,sc01,02-14 10:00:00+01:00,Solar 71,0.0
2030,sc01,02-14 10:00:00+01:00,CT NG 53,0.0
2030,sc01,02-14 10:00:00+01:00,CT NG 20,0.0
2030,sc01,02-14 10:00:00+01:00,Biomass 14,0.0287
2030,sc01,02-14 10:00:00+01:00,Solar 26,0.09036591844000001
2030,sc01,02-14 10:00:00+01:00,Hydro 29,0.0
2030,sc01,02-14 10:00:00+01:00,Hydro 31,0.0
2030,sc01,02-14 10:00:00+01:00,Biomass 24,0.0161
2030,sc01,02-14 10:00:00+01:00,Biomass 54,0.0
2030,sc01,02-14 10:00:00+01:00,Solar 36,31.637659788000004
2030,sc01,02-14 10:00:00+01:00,Wind 03,1.9650216824
2030,sc01,02-14 10:00:00+01:00,Biomass 40,0.0
2030,sc01,02-14 10:00:00+01:00,Biomass 49,0.0
2030,sc01,02-14 10:00:00+01:00,CC NG 16,0.0
2030,sc01,02-14 10:00:00+01:00,Biomass 48,0.0
2030,sc01,02-14 10:00:00+01:00,Hydro 28,0.0
2030,sc01,02-14 10:00:00+01:00,Biomass 17,0.007350000000000001
2030,sc01,02-14 10:00:00+01:00,CT NG 33,0.0
2030,sc01,02-14 10:00:00+01:00,Solar 45,0.0
2030,sc01,02-14 10:00:00+01:00,Hydro 24,0.0
2030,sc01,02-14 10:00:00+01:00,Wind 13,4.217225481
2030,sc01,02-14 10:00:00+01:00,Biomass 07,0.07
2030,sc01,02-14 10:00:00+01:00,Biomass 34,0.0
2030,sc01,02-14 10:00:00+01:00,Biomass 33,0.0
2030,sc01,02-14 10:00:00+01:00,CT NG 01,0.05142565727450782
2030,sc01,02-14 10:00:00+01:00,ICE NG 03,0.0
2030,sc01,02-14 10:00:00+01:00,Solar 55,0.0
2030,sc01,02-14 10:00:00+01:00,Solar 11,0.09982201852000001
2030,sc01,02-14 10:00:00+01:00,CT NG 06,0.0
2030,sc01,02-14 10:00:00+01:00,CT NG 70,0.0
2030,sc01,02-14 10:00:00+01:00,Solar 23,0.014780760960000002
2030,sc01,02-14 10:00:00+01:00,CT NG 67,0.0
2030,sc01,02-14 10:00:00+01:00,Solar 12,0.07727278832000001
2030,sc01,02-14 10:00:00+01:00,CT Oil 01,0.0
2030,sc01,02-14 10:00:00+01:00,Hydro 26,0.0
2030,sc01,02-14 10:00:00+01:00,CC NG 22,0.0
2030,sc01,02-14 10:00:00+01:00,CC NG 35,0.0
2030,sc01,02-14 10:00:00+01:00,Biomass 50,0.0
2030,sc01,02-14 10:00:00+01:00,ICE NG 04,0.0
2030,sc01,02-14 10:00:00+01:00,CC NG 39,0.0
2030,sc01,02-14 10:00:00+01:00,Hydro 32,0.0
2030,sc01,02-14 10:00:00+01:00,ICE NG 07,0.0
2030,sc01,02-14 10:00:00+01:00,Biomass 46,0.0
2030,sc01,02-14 10:00:00+01:00,CC NG 38,0.0
2030,sc01,02-14 10:00:00+01:00,CC NG 12,0.0
2030,sc01,02-14 10:00:00+01:00,Solar 57,0.0
2030,sc01,02-14 10:00:00+01:00,CC NG 32,0.0
2030,sc01,02-14 10:00:00+01:00,CC NG 07,0.0
2030,sc01,02-14 10:00:00+01:00,Biomass 44,0.0
2030,sc01,02-14 10:00:00+01:00,CT NG 40,0.0
2030,sc01,02-14 10:00:00+01:00,Solar 74,7.0
2030,sc01,02-14 10:00:00+01:00,Hydro 30,0.0
2030,sc01,02-14 10:00:00+01:00,CT NG 42,0.0
2030,sc01,02-14 10:00:00+01:00,Hydro 22,0.7403025
2030,sc01,02-14 10:00:00+01:00,Solar 17,0.15156281952
2030,sc01,02-14 10:00:00+01:00,Solar 38,0.0
2030,sc01,02-14 10:00:00+01:00,CT NG 24,0.0
2030,sc01,02-14 10:00:00+01:00,CC NG 27,0.0
2030,sc01,02-14 10:00:00+01:00,Biomass 21,0.013300000000000001
2030,sc01,02-14 10:00:00+01:00,ICE NG 06,0.0
2030,sc01,02-14 10:00:00+01:00,Biomass 25,0.0161
2030,sc01,02-14 10:00:00+01:00,Solar 27,0.19418550788
2030,sc01,02-14 10:00:00+01:00,CT NG 19,0.0
2030,sc01,02-14 10:00:00+01:00,Biomass 42,0.0
2030,sc01,02-14 10:00:00+01:00,Biomass 19,0.013300000000000001
2030,sc01,02-14 10:00:00+01:00,Biomass 06,0.0168
2030,sc01,02-14 10:00:00+01:00,CT NG 10,0.0
2030,sc01,02-14 10:00:00+01:00,CC NG 40,0.0
2030,sc01,02-14 10:00:00+01:00,CC NG 21,0.0
2030,sc01,02-14 10:00:00+01:00,Biomass 02,0.03885
2030,sc01,02-14 10:00:00+01:00,CT NG 46,0.0
2030,sc01,02-14 10:00:00+01:00,Hydro 34,0.0
2030,sc01,02-14 10:00:00+01:00,Biomass 10,0.0301
2030,sc01,02-14 10:00:00+01:00,CT NG 17,0.0
2030,sc01,02-14 10:00:00+01:00,Biomass 62,0.0
2030,sc01,02-14 10:00:00+01:00,Biomass 32,0.0441
2030,sc01,02-14 10:00:00+01:00,CC NG 19,0.0
2030,sc01,02-14 10:00:00+01:00,CC NG 17,0.0
2030,sc01,02-14 10:00:00+01:00,ST NG 01,0.0
2030,sc01,02-14 10:00:00+01:00,Biomass 45,0.0
2030,sc01,02-14 10:00:00+01:00,Biomass 28,0.05985
2030,sc01,02-14 10:00:00+01:00,CC NG 10,0.0
2030,sc01,02-14 10:00:00+01:00,Biomass 23,0.0161
2030,sc01,02-14 10:00:00+01:00,ST NG 06,0.0
2030,sc01,02-14 10:00:00+01:00,Wind 10,2.937313806
2030,sc01,02-14 10:00:00+01:00,CT NG 69,0.0
2030,sc01,02-14 10:00:00+01:00,CT NG 68,0.0
2030,sc01,02-15 05:00:00+01:00,CC NG 13,0.0
2030,sc01,02-15 05:00:00+01:00,CT NG 37,0.0
2030,sc01,02-15 05:00:00+01:00,ST Coal 01,0.0
2030,sc01,02-15 05:00:00+01:00,CT NG 09,0.0
2030,sc01,02-15 05:00:00+01:00,CT NG 47,0.0
2030,sc01,02-15 05:00:00+01:00,Solar 69,0.0
2030,sc01,02-15 05:00:00+01:00,Solar 34,0.0
2030,sc01,02-15 05:00:00+01:00,Solar 73,0.0
2030,sc01,02-15 05:00:00+01:00,Biomass 37,0.0
2030,sc01,02-15 05:00:00+01:00,Hydro 20,0.0
2030,sc01,02-15 05:00:00+01:00,Solar 01,0.0
2030,sc01,02-15 05:00:00+01:00,Solar 62,0.0
2030,sc01,02-15 05:00:00+01:00,Solar 02,0.0
2030,sc01,02-15 05:00:00+01:00,CT NG 26,0.0
2030,sc01,02-15 05:00:00+01:00,Biomass 20,0.0
2030,sc01,02-15 05:00:00+01:00,Wind 16,23.769941500999998
2030,sc01,02-15 05:00:00+01:00,CT NG 66,0.0
2030,sc01,02-15 05:00:00+01:00,Solar 39,0.0
2030,sc01,02-15 05:00:00+01:00,Biomass 41,0.0
2030,sc01,02-15 05:00:00+01:00,Solar 72,0.0
2030,sc01,02-15 05:00:00+01:00,ST NG 03,0.0
2030,sc01,02-15 05:00:00+01:00,Hydro 21,2.10211494
2030,sc01,02-15 05:00:00+01:00,CT NG 03,0.0
2030,sc01,02-15 05:00:00+01:00,CC NG 09,0.0
2030,sc01,02-15 05:00:00+01:00,CT Oil 02,0.0
2030,sc01,02-15 05:00:00+01:00,CT NG 39,0.0
2030,sc01,02-15 05:00:00+01:00,CC NG 08,0.0
2030,sc01,02-15 05:00:00+01:00,Biomass 43,0.0
2030,sc01,02-15 05:00:00+01:00,CT NG 18,0.0
2030,sc01,02-15 05:00:00+01:00,ST NG 07,0.0
2030,sc01,02-15 05:00:00+01:00,Biomass 35,0.0
2030,sc01,02-15 05:00:00+01:00,Solar 32,0.0
2030,sc01,02-15 05:00:00+01:00,Biomass 15,0.0
2030,sc01,02-15 05:00:00+01:00,CC NG 31,0.0
2030,sc01,02-15 05:00:00+01:00,Solar 16,0.0
2030,sc01,02-15 05:00:00+01:00,Solar 68,0.0
2030,sc01,02-15 05:00:00+01:00,CT NG 21,0.0
2030,sc01,02-15 05:00:00+01:00,Wind 11,1.4466698787200003
2030,sc01,02-15 05:00:00+01:00,CC NG 37,0.0
2030,sc01,02-15 05:00:00+01:00,CT NG 22,0.0
2030,sc01,02-15 05:00:00+01:00,Hydro 16,0.0
2030,sc01,02-15 05:00:00+01:00,Biomass 59,0.0
2030,sc01,02-15 05:00:00+01:00,CC NG 01,0.0
2030,sc01,02-15 05:00:00+01:00,Biomass 16,0.0
2030,sc01,02-15 05:00:00+01:00,Solar 03,0.0
2030,sc01,02-15 05:00:00+01:00,Solar 44,0.0
2030,sc01,02-15 05:00:00+01:00,CT NG 08,0.0
2030,sc01,02-15 05:00:00+01:00,Wind 05,0.12691840905600002
2030,sc01,02-15 05:00:00+01:00,Biomass 26,0.0
2030,sc01,02-15 05:00:00+01:00,Solar 37,0.0
2030,sc01,02-15 05:00:00+01:00,Biomass 11,0.0
2030,sc01,02-15 05:00:00+01:00,Solar 59,0.0
2030,sc01,02-15 05:00:00+01:00,CT NG 11,0.0
2030,sc01,02-15 05:00:00+01:00,Biomass 30,0.0
2030,sc01,02-15 05:00:00+01:00,Hydro 23,24.9969258
2030,sc01,02-15 05:00:00+01:00,CC NG 24,0.0
2030,sc01,02-15 05:00:00+01:00,Solar 65,0.0
2030,sc01,02-15 05:00:00+01:00,CC NG 18,0.0
2030,sc01,02-15 05:00:00+01:00,CT NG 16,0.0
2030,sc01,02-15 05:00:00+01:00,Solar 51,0.0
2030,sc01,02-15 05:00:00+01:00,Wind 06,2.2185806599
2030,sc01,02-15 05:00:00+01:00,CC NG 26,0.0
2030,sc01,02-15 05:00:00+01:00,CC NG 23,0.0
2030,sc01,02-15 05:00:00+01:00,CT NG 43,0.0
2030,sc01,02-15 05:00:00+01:00,CC NG 11,0.0
2030,sc01,02-15 05:00:00+01:00,CT NG 02,0.0
2030,sc01,02-15 05:00:00+01:00,CT NG 50,0.0
2030,sc01,02-15 05:00:00+01:00,Hydro 27,0.0
2030,sc01,02-15 05:00:00+01:00,CT NG 13,0.0
2030,sc01,02-15 05:00:00+01:00,CT NG 25,0.0
2030,sc01,02-15 05:00:00+01:00,CC NG 05,0.0
2030,sc01,02-15 05:00:00+01:00,Solar 04,0.0
2030,sc01,02-15 05:00:00+01:00,Solar 30,0.0
2030,sc01,02-15 05:00:00+01:00,Solar 29,0.0
2030,sc01,02-15 05:00:00+01:00,Solar 53,0.0
2030,sc01,02-15 05:00:00+01:00,Solar 21,0.0
2030,sc01,02-15 05:00:00+01:00,Biomass 58,0.0
2030,sc01,02-15 05:00:00+01:00,CT NG 74,0.0
2030,sc01,02-15 05:00:00+01:00,Solar 61,0.0
2030,sc01,02-15 05:00:00+01:00,Wind 07,1.5863482309399999
2030,sc01,02-15 05:00:00+01:00,Biomass 31,0.0
2030,sc01,02-15 05:00:00+01:00,CT Oil 05,0.0
2030,sc01,02-15 05:00:00+01:00,Biomass 38,0.0
2030,sc01,02-15 05:00:00+01:00,Solar 41,0.0
2030,sc01,02-15 05:00:00+01:00,Biomass 51,0.0
2030,sc01,02-15 05:00:00+01:00,Biomass 55,0.0
2030,sc01,02-15 05:00:00+01:00,Wind 15,6.704569650000001
2030,sc01,02-15 05:00:00+01:00,Geo 01,0.0
2030,sc01,02-15 05:00:00+01:00,Biomass 60,0.0
2030,sc01,02-15 05:00:00+01:00,CT NG 38,0.0
2030,sc01,02-15 05:00:00+01:00,Solar 66,0.0
2030,sc01,02-15 05:00:00+01:00,Solar 49,0.0
2030,sc01,02-15 05:00:00+01:00,CT NG 51,0.0
2030,sc01,02-15 05:00:00+01:00,Biomass 18,0.0
2030,sc01,02-15 05:00:00+01:00,ICE NG 01,0.0
2030,sc01,02-15 05:00:00+01:00,Solar 15,0.0
2030,sc01,02-15 05:00:00+01:00,ICE NG 05,0.0
2030,sc01,02-15 05:00:00+01:00,CT Oil 04,0.0
2030,sc01,02-15 05:00:00+01:00,CC NG 20,0.0
2030,sc01,02-15 05:00:00+01:00,Solar 20,0.0
2030,sc01,02-15 05:00:00+01:00,Biomass 04,0.0
2030,sc01,02-15 05:00:00+01:00,Wind 02,3.9517553694
2030,sc01,02-15 05:00:00+01:00,Hydro 25,0.2601612
2030,sc01,02-15 05:00:00+01:00,Solar 75,0.0
2030,sc01,02-15 05:00:00+01:00,Hydro 33,0.0
2030,sc01,02-15 05:00:00+01:00,ST NG 05,0.0
2030,sc01,02-15 05:00:00+01:00,CT NG 07,0.0
2030,sc01,02-15 05:00:00+01:00,Wind 01,1.1506249369400001
2030,sc01,02-15 05:00:00+01:00,Solar 56,0.0
2030,sc01,02-15 05:00:00+01:00,Biomass 09,0.0
2030,sc01,02-15 05:00:00+01:00,Biomass 53,0.0
2030,sc01,02-15 05:00:00+01:00,Wind 17,1.6670024611
2030,sc01,02-15 05:00:00+01:00,ST NG 08,0.0
2030,sc01,02-15 05:00:00+01:00,Hydro 19,0.0
2030,sc01,02-15 05:00:00+01:00,ST NG 02,0.0
2030,sc01,02-15 05:00:00+01:00,Biomass 01,0.0
2030,sc01,02-15 05:00:00+01:00,Biomass 57,0.0
2030,sc01,02-15 05:00:00+01:00,CT NG 49,0.0
2030,sc01,02-15 05:00:00+01:00,CT NG 31,0.0
2030,sc01,02-15 05:00:00+01:00,Solar 64,0.0
2030,sc01,02-15 05:00:00+01:00,CC NG 33,0.0
2030,sc01,02-15 05:00:00+01:00,Solar 46,0.0
2030,sc01,02-15 05:00:00+01:00,Biomass 12,0.0
2030,sc01,02-15 05:00:00+01:00,Wind 04,1.01580285606
2030,sc01,02-15 05:00:00+01:00,Solar 13,0.0
2030,sc01,02-15 05:00:00+01:00,CT NG 55,0.0
2030,sc01,02-15 05:00:00+01:00,Wind N03,64.11547926
2030,sc01,02-15 05:00:00+01:00,CT NG 28,0.0
2030,sc01,02-15 05:00:00+01:00,Wind 09,1.88840737288
2030,sc01,02-15 05:00:00+01:00,Solar 60,0.0
2030,sc01,02-15 05:00:00+01:00,Solar 25,0.0
2030,sc01,02-15 05:00:00+01:00,CT NG 23,0.0
2030,sc01,02-15 05:00:00+01:00,ST Other 01,0.0
2030,sc01,02-15 05:00:00+01:00,Solar 70,0.0
2030,sc01,02-15 05:00:00+01:00,CC NG 34,0.0
2030,sc01,02-15 05:00:00+01:00,Solar 48,0.0
2030,sc01,02-15 05:00:00+01:00,Biomass 56,0.0
2030,sc01,02-15 05:00:00+01:00,CT NG 36,0.0
2030,sc01,02-15 05:00:00+01:00,Solar 47,0.0
2030,sc01,02-15 05:00:00+01:00,Hydro 17,0.009005580000000001
2030,sc01,02-15 05:00:00+01:00,Solar 09,0.0
2030,sc01,02-15 05:00:00+01:00,Solar 08,0.0
2030,sc01,02-15 05:00:00+01:00,CT NG 45,0.0
2030,sc01,02-15 05:00:00+01:00,ST NG 04,0.0
2030,sc01,02-15 05:00:00+01:00,Solar 40,0.0
2030,sc01,02-15 05:00:00+01:00,Biomass 47,0.0
2030,sc01,02-15 05:00:00+01:00,Solar 50,0.0
2030,sc01,02-15 05:00:00+01:00,Solar 52,0.0
2030,sc01,02-15 05:00:00+01:00,Solar 63,0.0
2030,sc01,02-15 05:00:00+01:00,CC NG 06,0.0
2030,sc01,02-15 05:00:00+01:00,Biomass 39,0.0
2030,sc01,02-15 05:00:00+01:00,Solar 67,0.0
2030,sc01,02-15 05:00:00+01:00,Solar 19,0.0
2030,sc01,02-15 05:00:00+01:00,Wind 12,14.944307524400001
2030,sc01,02-15 05:00:00+01:00,Solar 24,0.0
2030,sc01,02-15 05:00:00+01:00,ICE NG 02,0.0
2030,sc01,02-15 05:00:00+01:00,Solar 05,0.0
2030,sc01,02-15 05:00:00+01:00,CT NG 54,0.0
2030,sc01,02-15 05:00:00+01:00,Wind N01,64.18823195572091
2030,sc01,02-15 05:00:00+01:00,CT NG 27,0.0
2030,sc01,02-15 05:00:00+01:00,CC NG 36,0.0
2030,sc01,02-15 05:00:00+01:00,Wind N02,19.40386490549585
2030,sc01,02-15 05:00:00+01:00,CT NG 52,0.0
2030,sc01,02-15 05:00:00+01:00,Solar 35,0.0
2030,sc01,02-15 05:00:00+01:00,CT NG 05,0.0
2030,sc01,02-15 05:00:00+01:00,Biomass 36,0.0
2030,sc01,02-15 05:00:00+01:00,CT NG 34,0.0
2030,sc01,02-15 05:00:00+01:00,CT Oil 03,0.0
2030,sc01,02-15 05:00:00+01:00,Hydro 35,0.0
2030,sc01,02-15 05:00:00+01:00,Solar 14,0.0
2030,sc01,02-15 05:00:00+01:00,CT NG 75,0.0
2030,sc01,02-15 05:00:00+01:00,ST NG 09,0.0
2030,sc01,02-15 05:00:00+01:00,CT NG 56,0.0
2030,sc01,02-15 05:00:00+01:00,Biomass 22,0.0
2030,sc01,02-15 05:00:00+01:00,Solar 18,0.0
2030,sc01,02-15 05:00:00+01:00,Biomass 13,0.0
2030,sc01,02-15 05:00:00+01:00,CT NG 71,0.0
2030,sc01,02-15 05:00:00+01:00,Solar 58,0.0
2030,sc01,02-15 05:00:00+01:00,Solar 06,0.0
2030,sc01,02-15 05:00:00+01:00,Biomass 08,0.0
2030,sc01,02-15 05:00:00+01:00,CT NG 72,0.0
2030,sc01,02-15 05:00:00+01:00,Hydro 18,0.03101922
2030,sc01,02-15 05:00:00+01:00,Solar 10,0.0
2030,sc01,02-15 05:00:00+01:00,CT NG 04,0.0
2030,sc01,02-15 05:00:00+01:00,ST Other 02,0.0
2030,sc01,02-15 05:00:00+01:00,CT NG 12,0.0
2030,sc01,02-15 05:00:00+01:00,CT NG 48,0.0
2030,sc01,02-15 05:00:00+01:00,ST NG 10,0.0
2030,sc01,02-15 05:00:00+01:00,Solar 22,0.0
2030,sc01,02-15 05:00:00+01:00,Solar 28,0.0
2030,sc01,02-15 05:00:00+01:00,CT NG 73,0.0
2030,sc01,02-15 05:00:00+01:00,Biomass 52,0.0
2030,sc01,02-15 05:00:00+01:00,CT NG 30,0.0
2030,sc01,02-15 05:00:00+01:00,Solar 54,0.0
2030,sc01,02-15 05:00:00+01:00,Solar 31,0.0
2030,sc01,02-15 05:00:00+01:00,Biomass 03,0.0
2030,sc01,02-15 05:00:00+01:00,CT NG 32,0.0
2030,sc01,02-15 05:00:00+01:00,Biomass 27,0.0
2030,sc01,02-15 05:00:00+01:00,CC NG 14,0.0
2030,sc01,02-15 05:00:00+01:00,CC NG 03,0.0
2030,sc01,02-15 05:00:00+01:00,CC NG 29,0.0
2030,sc01,02-15 05:00:00+01:00,CC NG 28,0.0
2030,sc01,02-15 05:00:00+01:00,CC NG 25,0.0
2030,sc01,02-15 05:00:00+01:00,CT NG 44,0.0
2030,sc01,02-15 05:00:00+01:00,CT NG 14,0.0
2030,sc01,02-15 05:00:00+01:00,CC NG 15,0.0
2030,sc01,02-15 05:00:00+01:00,CC NG 04,0.0
2030,sc01,02-15 05:00:00+01:00,Biomass 29,0.0
2030,sc01,02-15 05:00:00+01:00,Wind 14,13.832134516216291
2030,sc01,02-15 05:00:00+01:00,Wind 08,1.94412232084
2030,sc01,02-15 05:00:00+01:00,Biomass 61,0.0
2030,sc01,02-15 05:00:00+01:00,CT NG 35,0.0
2030,sc01,02-15 05:00:00+01:00,Solar 33,0.0
2030,sc01,02-15 05:00:00+01:00,CT NG 41,0.0
2030,sc01,02-15 05:00:00+01:00,CT NG 15,0.0
2030,sc01,02-15 05:00:00+01:00,Solar 42,0.0
2030,sc01,02-15 05:00:00+01:00,Solar 07,0.0
2030,sc01,02-15 05:00:00+01:00,Solar 43,0.0
2030,sc01,02-15 05:00:00+01:00,Biomass 05,0.0
2030,sc01,02-15 05:00:00+01:00,CT NG 29,0.0
2030,sc01,02-15 05:00:00+01:00,Solar 71,0.0
2030,sc01,02-15 05:00:00+01:00,CT NG 53,0.0
2030,sc01,02-15 05:00:00+01:00,CT NG 20,0.0
2030,sc01,02-15 05:00:00+01:00,Biomass 14,0.0
2030,sc01,02-15 05:00:00+01:00,Solar 26,0.0
2030,sc01,02-15 05:00:00+01:00,Hydro 29,0.0
2030,sc01,02-15 05:00:00+01:00,Hydro 31,0.0
2030,sc01,02-15 05:00:00+01:00,Biomass 24,0.0
2030,sc01,02-15 05:00:00+01:00,Biomass 54,0.0
2030,sc01,02-15 05:00:00+01:00,Solar 36,0.0
2030,sc01,02-15 05:00:00+01:00,Wind 03,1.90887820576
2030,sc01,02-15 05:00:00+01:00,Biomass 40,0.0
2030,sc01,02-15 05:00:00+01:00,Biomass 49,0.0
2030,sc01,02-15 05:00:00+01:00,CC NG 16,0.0
2030,sc01,02-15 05:00:00+01:00,Biomass 48,0.0
2030,sc01,02-15 05:00:00+01:00,Hydro 28,0.0
2030,sc01,02-15 05:00:00+01:00,Biomass 17,0.0
2030,sc01,02-15 05:00:00+01:00,CT NG 33,0.0
2030,sc01,02-15 05:00:00+01:00,Solar 45,0.0
2030,sc01,02-15 05:00:00+01:00,Hydro 24,20.36109553466309
2030,sc01,02-15 05:00:00+01:00,Wind 13,6.6431981472
2030,sc01,02-15 05:00:00+01:00,Biomass 07,0.0
2030,sc01,02-15 05:00:00+01:00,Biomass 34,0.0
2030,sc01,02-15 05:00:00+01:00,Biomass 33,0.0
2030,sc01,02-15 05:00:00+01:00,CT NG 01,0.0
2030,sc01,02-15 05:00:00+01:00,ICE NG 03,0.0
2030,sc01,02-15 05:00:00+01:00,Solar 55,0.0
2030,sc01,02-15 05:00:00+01:00,Solar 11,0.0
2030,sc01,02-15 05:00:00+01:00,CT NG 06,0.0
2030,sc01,02-15 05:00:00+01:00,CT NG 70,0.0
2030,sc01,02-15 05:00:00+01:00,Solar 23,0.0
2030,sc01,02-15 05:00:00+01:00,CT NG 67,0.0
2030,sc01,02-15 05:00:00+01:00,Solar 12,0.0
2030,sc01,02-15 05:00:00+01:00,CT Oil 01,0.0
2030,sc01,02-15 05:00:00+01:00,Hydro 26,0.0
2030,sc01,02-15 05:00:00+01:00,CC NG 22,0.0
2030,sc01,02-15 05:00:00+01:00,CC NG 35,0.0
2030,sc01,02-15 05:00:00+01:00,Biomass 50,0.0
2030,sc01,02-15 05:00:00+01:00,ICE NG 04,0.0
2030,sc01,02-15 05:00:00+01:00,CC NG 39,0.0
2030,sc01,02-15 05:00:00+01:00,Hydro 32,0.0
2030,sc01,02-15 05:00:00+01:00,ICE NG 07,0.0
2030,sc01,02-15 05:00:00+01:00,Biomass 46,0.0
2030,sc01,02-15 05:00:00+01:00,CC NG 38,0.0
2030,sc01,02-15 05:00:00+01:00,CC NG 12,0.0
2030,sc01,02-15 05:00:00+01:00,Solar 57,0.0
2030,sc01,02-15 05:00:00+01:00,CC NG 32,0.0
2030,sc01,02-15 05:00:00+01:00,CC NG 07,0.0
2030,sc01,02-15 05:00:00+01:00,Biomass 44,0.0
2030,sc01,02-15 05:00:00+01:00,CT NG 40,0.0
2030,sc01,02-15 05:00:00+01:00,Solar 74,0.0
2030,sc01,02-15 05:00:00+01:00,Hydro 30,0.0
2030,sc01,02-15 05:00:00+01:00,CT NG 42,0.0
2030,sc01,02-15 05:00:00+01:00,Hydro 22,2.10211494
2030,sc01,02-15 05:00:00+01:00,Solar 17,0.0
2030,sc01,02-15 05:00:00+01:00,Solar 38,0.0
2030,sc01,02-15 05:00:00+01:00,CT NG 24,0.0
2030,sc01,02-15 05:00:00+01:00,CC NG 27,0.0
2030,sc01,02-15 05:00:00+01:00,Biomass 21,0.0
2030,sc01,02-15 05:00:00+01:00,ICE NG 06,0.0
2030,sc01,02-15 05:00:00+01:00,Biomass 25,0.0
2030,sc01,02-15 05:00:00+01:00,Solar 27,0.0
2030,sc01,02-15 05:00:00+01:00,CT NG 19,0.0
2030,sc01,02-15 05:00:00+01:00,Biomass 42,0.0
2030,sc01,02-15 05:00:00+01:00,Biomass 19,0.0
2030,sc01,02-15 05:00:00+01:00,Biomass 06,0.0
2030,sc01,02-15 05:00:00+01:00,CT NG 10,0.0
2030,sc01,02-15 05:00:00+01:00,CC NG 40,0.0
2030,sc01,02-15 05:00:00+01:00,CC NG 21,0.0
2030,sc01,02-15 05:00:00+01:00,Biomass 02,0.0
2030,sc01,02-15 05:00:00+01:00,CT NG 46,0.0
2030,sc01,02-15 05:00:00+01:00,Hydro 34,37.443047400000005
2030,sc01,02-15 05:00:00+01:00,Biomass 10,0.0
2030,sc01,02-15 05:00:00+01:00,CT NG 17,0.0
2030,sc01,02-15 05:00:00+01:00,Biomass 62,0.0
2030,sc01,02-15 05:00:00+01:00,Biomass 32,0.0
2030,sc01,02-15 05:00:00+01:00,CC NG 19,0.0
2030,sc01,02-15 05:00:00+01:00,CC NG 17,0.0
2030,sc01,02-15 05:00:00+01:00,ST NG 01,0.0
2030,sc01,02-15 05:00:00+01:00,Biomass 45,0.0
2030,sc01,02-15 05:00:00+01:00,Biomass 28,0.0
2030,sc01,02-15 05:00:00+01:00,CC NG 10,0.0
2030,sc01,02-15 05:00:00+01:00,Biomass 23,0.0
2030,sc01,02-15 05:00:00+01:00,ST NG 06,0.0
2030,sc01,02-15 05:00:00+01:00,Wind 10,1.8746457127399998
2030,sc01,02-15 05:00:00+01:00,CT NG 69,0.0
2030,sc01,02-15 05:00:00+01:00,CT NG 68,0.0
2030,sc01,02-15 17:00:00+01:00,CC NG 13,0.0
2030,sc01,02-15 17:00:00+01:00,CT NG 37,0.0
2030,sc01,02-15 17:00:00+01:00,ST Coal 01,0.0
2030,sc01,02-15 17:00:00+01:00,CT NG 09,0.0
2030,sc01,02-15 17:00:00+01:00,CT NG 47,0.0
2030,sc01,02-15 17:00:00+01:00,Solar 69,0.0
2030,sc01,02-15 17:00:00+01:00,Solar 34,1.19628727505
2030,sc01,02-15 17:00:00+01:00,Solar 73,0.0
2030,sc01,02-15 17:00:00+01:00,Biomass 37,0.0
2030,sc01,02-15 17:00:00+01:00,Hydro 20,0.0
2030,sc01,02-15 17:00:00+01:00,Solar 01,0.7903833882
2030,sc01,02-15 17:00:00+01:00,Solar 62,0.0
2030,sc01,02-15 17:00:00+01:00,Solar 02,0.0
2030,sc01,02-15 17:00:00+01:00,CT NG 26,0.0
2030,sc01,02-15 17:00:00+01:00,Biomass 20,0.013300000000000001
2030,sc01,02-15 17:00:00+01:00,Wind 16,30.752315003150297
2030,sc01,02-15 17:00:00+01:00,CT NG 66,0.0
2030,sc01,02-15 17:00:00+01:00,Solar 39,0.0211467032
2030,sc01,02-15 17:00:00+01:00,Biomass 41,0.0
2030,sc01,02-15 17:00:00+01:00,Solar 72,0.0
2030,sc01,02-15 17:00:00+01:00,ST NG 03,0.0
2030,sc01,02-15 17:00:00+01:00,Hydro 21,2.0557824
2030,sc01,02-15 17:00:00+01:00,CT NG 03,0.0
2030,sc01,02-15 17:00:00+01:00,CC NG 09,0.0
2030,sc01,02-15 17:00:00+01:00,CT Oil 02,0.0
2030,sc01,02-15 17:00:00+01:00,CT NG 39,0.0
2030,sc01,02-15 17:00:00+01:00,CC NG 08,0.0
2030,sc01,02-15 17:00:00+01:00,Biomass 43,0.0
2030,sc01,02-15 17:00:00+01:00,CT NG 18,0.0
2030,sc01,02-15 17:00:00+01:00,ST NG 07,0.0
2030,sc01,02-15 17:00:00+01:00,Biomass 35,0.0
2030,sc01,02-15 17:00:00+01:00,Solar 32,0.84950636085
2030,sc01,02-15 17:00:00+01:00,Biomass 15,0.007350000000000001
2030,sc01,02-15 17:00:00+01:00,CC NG 31,0.0
2030,sc01,02-15 17:00:00+01:00,Solar 16,0.03295741372
2030,sc01,02-15 17:00:00+01:00,Solar 68,0.0
2030,sc01,02-15 17:00:00+01:00,CT NG 21,0.0
2030,sc01,02-15 17:00:00+01:00,Wind 11,1.9174641955
2030,sc01,02-15 17:00:00+01:00,CC NG 37,0.0
2030,sc01,02-15 17:00:00+01:00,CT NG 22,0.0
2030,sc01,02-15 17:00:00+01:00,Hydro 16,0.0
2030,sc01,02-15 17:00:00+01:00,Biomass 59,0.14490000000000003
2030,sc01,02-15 17:00:00+01:00,CC NG 01,0.0
2030,sc01,02-15 17:00:00+01:00,Biomass 16,0.007350000000000001
2030,sc01,02-15 17:00:00+01:00,Solar 03,0.0
2030,sc01,02-15 17:00:00+01:00,Solar 44,0.017266323200000003
2030,sc01,02-15 17:00:00+01:00,CT NG 08,0.0
2030,sc01,02-15 17:00:00+01:00,Wind 05,0.25870880364
2030,sc01,02-15 17:00:00+01:00,Biomass 26,0.05985
2030,sc01,02-15 17:00:00+01:00,Solar 37,0.33135206132
2030,sc01,02-15 17:00:00+01:00,Biomass 11,0.01295
2030,sc01,02-15 17:00:00+01:00,Solar 59,0.0
2030,sc01,02-15 17:00:00+01:00,CT NG 11,0.0
2030,sc01,02-15 17:00:00+01:00,Biomass 30,0.05985
2030,sc01,02-15 17:00:00+01:00,Hydro 23,0.0
2030,sc01,02-15 17:00:00+01:00,CC NG 24,0.0
2030,sc01,02-15 17:00:00+01:00,Solar 65,3.591094234
2030,sc01,02-15 17:00:00+01:00,CC NG 18,0.0
2030,sc01,02-15 17:00:00+01:00,CT NG 16,0.0
2030,sc01,02-15 17:00:00+01:00,Solar 51,0.16490632144
2030,sc01,02-15 17:00:00+01:00,Wind 06,3.5494500615
2030,sc01,02-15 17:00:00+01:00,CC NG 26,0.0
2030,sc01,02-15 17:00:00+01:00,CC NG 23,0.0
2030,sc01,02-15 17:00:00+01:00,CT NG 43,0.0
2030,sc01,02-15 17:00:00+01:00,CC NG 11,0.0
2030,sc01,02-15 17:00:00+01:00,CT NG 02,0.0
2030,sc01,02-15 17:00:00+01:00,CT NG 50,0.0
2030,sc01,02-15 17:00:00+01:00,Hydro 27,0.0
2030,sc01,02-15 17:00:00+01:00,CT NG 13,0.0
2030,sc01,02-15 17:00:00+01:00,CT NG 25,0.0
2030,sc01,02-15 17:00:00+01:00,CC NG 05,0.0
2030,sc01,02-15 17:00:00+01:00,Solar 04,0.07824301071999999
2030,sc01,02-15 17:00:00+01:00,Solar 30,0.03178121296
2030,sc01,02-15 17:00:00+01:00,Solar 29,0.043023899799999994
2030,sc01,02-15 17:00:00+01:00,Solar 53,0.16958564839999998
2030,sc01,02-15 17:00:00+01:00,Solar 21,0.2968836766
2030,sc01,02-15 17:00:00+01:00,Biomass 58,0.0714
2030,sc01,02-15 17:00:00+01:00,CT NG 74,0.0
2030,sc01,02-15 17:00:00+01:00,Solar 61,0.0
2030,sc01,02-15 17:00:00+01:00,Wind 07,2.0509870934000003
2030,sc01,02-15 17:00:00+01:00,Biomass 31,0.05985
2030,sc01,02-15 17:00:00+01:00,CT Oil 05,0.0
2030,sc01,02-15 17:00:00+01:00,Biomass 38,0.0
2030,sc01,02-15 17:00:00+01:00,Solar 41,0.0211467032
2030,sc01,02-15 17:00:00+01:00,Biomass 51,0.0
2030,sc01,02-15 17:00:00+01:00,Biomass 55,0.0
2030,sc01,02-15 17:00:00+01:00,Wind 15,0.0
2030,sc01,02-15 17:00:00+01:00,Geo 01,0.0
2030,sc01,02-15 17:00:00+01:00,Biomass 60,0.0945
2030,sc01,02-15 17:00:00+01:00,CT NG 38,0.0
2030,sc01,02-15 17:00:00+01:00,Solar 66,0.4356731183
2030,sc01,02-15 17:00:00+01:00,Solar 49,0.010632176520000002
2030,sc01,02-15 17:00:00+01:00,CT NG 51,0.0
2030,sc01,02-15 17:00:00+01:00,Biomass 18,0.007350000000000001
2030,sc01,02-15 17:00:00+01:00,ICE NG 01,0.0
2030,sc01,02-15 17:00:00+01:00,Solar 15,0.16978508399999998
2030,sc01,02-15 17:00:00+01:00,ICE NG 05,0.0
2030,sc01,02-15 17:00:00+01:00,CT Oil 04,0.0
2030,sc01,02-15 17:00:00+01:00,CC NG 20,0.0
2030,sc01,02-15 17:00:00+01:00,Solar 20,0.050263062360000006
2030,sc01,02-15 17:00:00+01:00,Biomass 04,0.0
2030,sc01,02-15 17:00:00+01:00,Wind 02,4.165260155
2030,sc01,02-15 17:00:00+01:00,Hydro 25,0.0
2030,sc01,02-15 17:00:00+01:00,Solar 75,0.0
2030,sc01,02-15 17:00:00+01:00,Hydro 33,0.0
2030,sc01,02-15 17:00:00+01:00,ST NG 05,0.0
2030,sc01,02-15 17:00:00+01:00,CT NG 07,0.0
2030,sc01,02-15 17:00:00+01:00,Wind 01,1.5156149449
2030,sc01,02-15 17:00:00+01:00,Solar 56,0.0
2030,sc01,02-15 17:00:00+01:00,Biomass 09,0.0301
2030,sc01,02-15 17:00:00+01:00,Biomass 53,0.0
2030,sc01,02-15 17:00:00+01:00,Wind 17,0.0
2030,sc01,02-15 17:00:00+01:00,ST NG 08,0.0
2030,sc01,02-15 17:00:00+01:00,Hydro 19,0.0
2030,sc01,02-15 17:00:00+01:00,ST NG 02,0.0
2030,sc01,02-15 17:00:00+01:00,Biomass 01,0.03885
2030,sc01,02-15 17:00:00+01:00,Biomass 57,0.0714
2030,sc01,02-15 17:00:00+01:00,CT NG 49,0.0
2030,sc01,02-15 17:00:00+01:00,CT NG 31,0.0
2030,sc01,02-15 17:00:00+01:00,Solar 64,1.8853206784999998
2030,sc01,02-15 17:00:00+01:00,CC NG 33,0.0
2030,sc01,02-15 17:00:00+01:00,Solar 46,0.017266323200000003
2030,sc01,02-15 17:00:00+01:00,Biomass 12,0.01295
2030,sc01,02-15 17:00:00+01:00,Wind 04,0.9646203595
2030,sc01,02-15 17:00:00+01:00,Solar 13,0.0
2030,sc01,02-15 17:00:00+01:00,CT NG 55,0.0
2030,sc01,02-15 17:00:00+01:00,Wind N03,46.46663135093389
2030,sc01,02-15 17:00:00+01:00,CT NG 28,0.0
2030,sc01,02-15 17:00:00+01:00,Wind 09,3.8067888670000003
2030,sc01,02-15 17:00:00+01:00,Solar 60,0.0
2030,sc01,02-15 17:00:00+01:00,Solar 25,0.03125561964
2030,sc01,02-15 17:00:00+01:00,CT NG 23,0.0
2030,sc01,02-15 17:00:00+01:00,ST Other 01,0.0
2030,sc01,02-15 17:00:00+01:00,Solar 70,0.0
2030,sc01,02-15 17:00:00+01:00,CC NG 34,0.0
2030,sc01,02-15 17:00:00+01:00,Solar 48,0.017266323200000003
2030,sc01,02-15 17:00:00+01:00,Biomass 56,0.09170000000000002
2030,sc01,02-15 17:00:00+01:00,CT NG 36,0.0
2030,sc01,02-15 17:00:00+01:00,Solar 47,0.017266323200000003
2030,sc01,02-15 17:00:00+01:00,Hydro 17,0.009553949999999999
2030,sc01,02-15 17:00:00+01:00,Solar 09,0.2071550236
2030,sc01,02-15 17:00:00+01:00,Solar 08,0.04046737604
2030,sc01,02-15 17:00:00+01:00,CT NG 45,0.0
2030,sc01,02-15 17:00:00+01:00,ST NG 04,0.0
2030,sc01,02-15 17:00:00+01:00,Solar 40,0.0211467032
2030,sc01,02-15 17:00:00+01:00,Biomass 47,0.0
2030,sc01,02-15 17:00:00+01:00,Solar 50,0.05575297672
2030,sc01,02-15 17:00:00+01:00,Solar 52,0.1264570188
2030,sc01,02-15 17:00:00+01:00,Solar 63,4.026161062
2030,sc01,02-15 17:00:00+01:00,CC NG 06,0.0
2030,sc01,02-15 17:00:00+01:00,Biomass 39,0.0
2030,sc01,02-15 17:00:00+01:00,Solar 67,2.68388288875
2030,sc01,02-15 17:00:00+01:00,Solar 19,0.0
2030,sc01,02-15 17:00:00+01:00,Wind 12,21.715123464999998
2030,sc01,02-15 17:00:00+01:00,Solar 24,0.023312060239999998
2030,sc01,02-15 17:00:00+01:00,ICE NG 02,0.0
2030,sc01,02-15 17:00:00+01:00,Solar 05,0.0
2030,sc01,02-15 17:00:00+01:00,CT NG 54,0.0
2030,sc01,02-15 17:00:00+01:00,Wind N01,133.24272863531257
2030,sc01,02-15 17:00:00+01:00,CT NG 27,0.0
2030,sc01,02-15 17:00:00+01:00,CC NG 36,0.0
2030,sc01,02-15 17:00:00+01:00,Wind N02,86.09620043028951
2030,sc01,02-15 17:00:00+01:00,CT NG 52,0.0
2030,sc01,02-15 17:00:00+01:00,Solar 35,0.5530698271000001
2030,sc01,02-15 17:00:00+01:00,CT NG 05,0.0
2030,sc01,02-15 17:00:00+01:00,Biomass 36,0.0
2030,sc01,02-15 17:00:00+01:00,CT NG 34,0.0
2030,sc01,02-15 17:00:00+01:00,CT Oil 03,0.0
2030,sc01,02-15 17:00:00+01:00,Hydro 35,0.0
2030,sc01,02-15 17:00:00+01:00,Solar 14,0.18876278176
2030,sc01,02-15 17:00:00+01:00,CT NG 75,0.0
2030,sc01,02-15 17:00:00+01:00,ST NG 09,0.0
2030,sc01,02-15 17:00:00+01:00,CT NG 56,0.0
2030,sc01,02-15 17:00:00+01:00,Biomass 22,0.013300000000000001
2030,sc01,02-15 17:00:00+01:00,Solar 18,0.19910000516
2030,sc01,02-15 17:00:00+01:00,Biomass 13,0.01295
2030,sc01,02-15 17:00:00+01:00,CT NG 71,0.0
2030,sc01,02-15 17:00:00+01:00,Solar 58,0.09523070900000001
2030,sc01,02-15 17:00:00+01:00,Solar 06,0.03161648056
2030,sc01,02-15 17:00:00+01:00,Biomass 08,0.0301
2030,sc01,02-15 17:00:00+01:00,CT NG 72,0.0
2030,sc01,02-15 17:00:00+01:00,Hydro 18,0.03290805
2030,sc01,02-15 17:00:00+01:00,Solar 10,0.04841524156
2030,sc01,02-15 17:00:00+01:00,CT NG 04,0.0
2030,sc01,02-15 17:00:00+01:00,ST Other 02,0.0
2030,sc01,02-15 17:00:00+01:00,CT NG 12,0.0
2030,sc01,02-15 17:00:00+01:00,CT NG 48,0.0
2030,sc01,02-15 17:00:00+01:00,ST NG 10,0.0
2030,sc01,02-15 17:00:00+01:00,Solar 22,0.044749502280000006
2030,sc01,02-15 17:00:00+01:00,Solar 28,0.04004559356
2030,sc01,02-15 17:00:00+01:00,CT NG 73,0.0
2030,sc01,02-15 17:00:00+01:00,Biomass 52,0.0
2030,sc01,02-15 17:00:00+01:00,CT NG 30,0.0
2030,sc01,02-15 17:00:00+01:00,Solar 54,0.10931908399999998
2030,sc01,02-15 17:00:00+01:00,Solar 31,0.33246923696
2030,sc01,02-15 17:00:00+01:00,Biomass 03,0.0
2030,sc01,02-15 17:00:00+01:00,CT NG 32,0.0
2030,sc01,02-15 17:00:00+01:00,Biomass 27,0.05985
2030,sc01,02-15 17:00:00+01:00,CC NG 14,0.0
2030,sc01,02-15 17:00:00+01:00,CC NG 03,0.0
2030,sc01,02-15 17:00:00+01:00,CC NG 29,0.0
2030,sc01,02-15 17:00:00+01:00,CC NG 28,0.0
2030,sc01,02-15 17:00:00+01:00,CC NG 25,0.0
2030,sc01,02-15 17:00:00+01:00,CT NG 44,0.0
2030,sc01,02-15 17:00:00+01:00,CT NG 14,0.41200368275833543
2030,sc01,02-15 17:00:00+01:00,CC NG 15,0.0
2030,sc01,02-15 17:00:00+01:00,CC NG 04,0.0
2030,sc01,02-15 17:00:00+01:00,Biomass 29,0.05985
2030,sc01,02-15 17:00:00+01:00,Wind 14,43.83182320369063
2030,sc01,02-15 17:00:00+01:00,Wind 08,4.0244249675
2030,sc01,02-15 17:00:00+01:00,Biomass 61,0.0
2030,sc01,02-15 17:00:00+01:00,CT NG 35,0.0
2030,sc01,02-15 17:00:00+01:00,Solar 33,0.44161407779999995
2030,sc01,02-15 17:00:00+01:00,CT NG 41,0.0
2030,sc01,02-15 17:00:00+01:00,CT NG 15,0.0
2030,sc01,02-15 17:00:00+01:00,Solar 42,0.017266323200000003
2030,sc01,02-15 17:00:00+01:00,Solar 07,0.0
2030,sc01,02-15 17:00:00+01:00,Solar 43,0.017266323200000003
2030,sc01,02-15 17:00:00+01:00,Biomass 05,0.0168
2030,sc01,02-15 17:00:00+01:00,CT NG 29,0.0
2030,sc01,02-15 17:00:00+01:00,Solar 71,0.0
2030,sc01,02-15 17:00:00+01:00,CT NG 53,0.0
2030,sc01,02-15 17:00:00+01:00,CT NG 20,0.0
2030,sc01,02-15 17:00:00+01:00,Biomass 14,0.0287
2030,sc01,02-15 17:00:00+01:00,Solar 26,0.028944886040000003
2030,sc01,02-15 17:00:00+01:00,Hydro 29,0.0
2030,sc01,02-15 17:00:00+01:00,Hydro 31,0.0
2030,sc01,02-15 17:00:00+01:00,Biomass 24,0.0161
2030,sc01,02-15 17:00:00+01:00,Biomass 54,0.0
2030,sc01,02-15 17:00:00+01:00,Solar 36,1.3329139596500001
2030,sc01,02-15 17:00:00+01:00,Wind 03,1.48987152195
2030,sc01,02-15 17:00:00+01:00,Biomass 40,0.0
2030,sc01,02-15 17:00:00+01:00,Biomass 49,0.0
2030,sc01,02-15 17:00:00+01:00,CC NG 16,0.0
2030,sc01,02-15 17:00:00+01:00,Biomass 48,0.0
2030,sc01,02-15 17:00:00+01:00,Hydro 28,0.0
2030,sc01,02-15 17:00:00+01:00,Biomass 17,0.007350000000000001
2030,sc01,02-15 17:00:00+01:00,CT NG 33,0.0
2030,sc01,02-15 17:00:00+01:00,Solar 45,0.017266323200000003
2030,sc01,02-15 17:00:00+01:00,Hydro 24,0.0
2030,sc01,02-15 17:00:00+01:00,Wind 13,9.297250235
2030,sc01,02-15 17:00:00+01:00,Biomass 07,0.07
2030,sc01,02-15 17:00:00+01:00,Biomass 34,0.0
2030,sc01,02-15 17:00:00+01:00,Biomass 33,0.0
2030,sc01,02-15 17:00:00+01:00,CT NG 01,0.861441
2030,sc01,02-15 17:00:00+01:00,ICE NG 03,0.0
2030,sc01,02-15 17:00:00+01:00,Solar 55,0.0
2030,sc01,02-15 17:00:00+01:00,Solar 11,0.03197374656
2030,sc01,02-15 17:00:00+01:00,CT NG 06,0.0
2030,sc01,02-15 17:00:00+01:00,CT NG 70,0.0
2030,sc01,02-15 17:00:00+01:00,Solar 23,0.0
2030,sc01,02-15 17:00:00+01:00,CT NG 67,0.0
2030,sc01,02-15 17:00:00+01:00,Solar 12,0.024751057800000004
2030,sc01,02-15 17:00:00+01:00,CT Oil 01,0.0
2030,sc01,02-15 17:00:00+01:00,Hydro 26,0.0
2030,sc01,02-15 17:00:00+01:00,CC NG 22,0.0
2030,sc01,02-15 17:00:00+01:00,CC NG 35,0.0
2030,sc01,02-15 17:00:00+01:00,Biomass 50,0.0
2030,sc01,02-15 17:00:00+01:00,ICE NG 04,0.0
2030,sc01,02-15 17:00:00+01:00,CC NG 39,0.0
2030,sc01,02-15 17:00:00+01:00,Hydro 32,0.0
2030,sc01,02-15 17:00:00+01:00,ICE NG 07,0.0
2030,sc01,02-15 17:00:00+01:00,Biomass 46,0.0
2030,sc01,02-15 17:00:00+01:00,CC NG 38,0.0
2030,sc01,02-15 17:00:00+01:00,CC NG 12,0.0
2030,sc01,02-15 17:00:00+01:00,Solar 57,0.0813270318
2030,sc01,02-15 17:00:00+01:00,CC NG 32,0.0
2030,sc01,02-15 17:00:00+01:00,CC NG 07,0.0
2030,sc01,02-15 17:00:00+01:00,Biomass 44,0.0
2030,sc01,02-15 17:00:00+01:00,CT NG 40,0.0
2030,sc01,02-15 17:00:00+01:00,Solar 74,0.6192621183
2030,sc01,02-15 17:00:00+01:00,Hydro 30,0.0
2030,sc01,02-15 17:00:00+01:00,CT NG 42,0.0
2030,sc01,02-15 17:00:00+01:00,Hydro 22,2.0557824
2030,sc01,02-15 17:00:00+01:00,Solar 17,0.04854671584
2030,sc01,02-15 17:00:00+01:00,Solar 38,0.0
2030,sc01,02-15 17:00:00+01:00,CT NG 24,0.0
2030,sc01,02-15 17:00:00+01:00,CC NG 27,0.0
2030,sc01,02-15 17:00:00+01:00,Biomass 21,0.013300000000000001
2030,sc01,02-15 17:00:00+01:00,ICE NG 06,0.0
2030,sc01,02-15 17:00:00+01:00,Biomass 25,0.0161
2030,sc01,02-15 17:00:00+01:00,Solar 27,0.0
2030,sc01,02-15 17:00:00+01:00,CT NG 19,0.0
2030,sc01,02-15 17:00:00+01:00,Biomass 42,0.0
2030,sc01,02-15 17:00:00+01:00,Biomass 19,0.013300000000000001
2030,sc01,02-15 17:00:00+01:00,Biomass 06,0.0168
2030,sc01,02-15 17:00:00+01:00,CT NG 10,0.0
2030,sc01,02-15 17:00:00+01:00,CC NG 40,0.0
2030,sc01,02-15 17:00:00+01:00,CC NG 21,0.0
2030,sc01,02-15 17:00:00+01:00,Biomass 02,0.03885
2030,sc01,02-15 17:00:00+01:00,CT NG 46,0.0
2030,sc01,02-15 17:00:00+01:00,Hydro 34,0.0
2030,sc01,02-15 17:00:00+01:00,Biomass 10,0.0301
2030,sc01,02-15 17:00:00+01:00,CT NG 17,0.0
2030,sc01,02-15 17:00:00+01:00,Biomass 62,0.0
2030,sc01,02-15 17:00:00+01:00,Biomass 32,0.0441
2030,sc01,02-15 17:00:00+01:00,CC NG 19,0.0
2030,sc01,02-15 17:00:00+01:00,CC NG 17,0.0
2030,sc01,02-15 17:00:00+01:00,ST NG 01,0.0
2030,sc01,02-15 17:00:00+01:00,Biomass 45,0.0
2030,sc01,02-15 17:00:00+01:00,Biomass 28,0.05985
2030,sc01,02-15 17:00:00+01:00,CC NG 10,0.0
2030,sc01,02-15 17:00:00+01:00,Biomass 23,0.0161
2030,sc01,02-15 17:00:00+01:00,ST NG 06,0.0
2030,sc01,02-15 17:00:00+01:00,Wind 10,3.824116387
2030,sc01,02-15 17:00:00+01:00,CT NG 69,0.0
2030,sc01,02-15 17:00:00+01:00,CT NG 68,0.0
2030,sc01,02-21 13:00:00+01:00,CC NG 13,0.0
2030,sc01,02-21 13:00:00+01:00,CT NG 37,0.0
2030,sc01,02-21 13:00:00+01:00,ST Coal 01,0.0
2030,sc01,02-21 13:00:00+01:00,CT NG 09,0.0
2030,sc01,02-21 13:00:00+01:00,CT NG 47,0.0
2030,sc01,02-21 13:00:00+01:00,Solar 69,0.0
2030,sc01,02-21 13:00:00+01:00,Solar 34,17.542046105999997
2030,sc01,02-21 13:00:00+01:00,Solar 73,5.2
2030,sc01,02-21 13:00:00+01:00,Biomass 37,0.0
2030,sc01,02-21 13:00:00+01:00,Hydro 20,0.0
2030,sc01,02-21 13:00:00+01:00,Solar 01,9.293416256799999
2030,sc01,02-21 13:00:00+01:00,Solar 62,1.7571363958200001
2030,sc01,02-21 13:00:00+01:00,Solar 02,7.612839870999999
2030,sc01,02-21 13:00:00+01:00,CT NG 26,0.0
2030,sc01,02-21 13:00:00+01:00,Biomass 20,0.00988
2030,sc01,02-21 13:00:00+01:00,Wind 16,0.0
2030,sc01,02-21 13:00:00+01:00,CT NG 66,0.0
2030,sc01,02-21 13:00:00+01:00,Solar 39,0.0
2030,sc01,02-21 13:00:00+01:00,Biomass 41,0.0
2030,sc01,02-21 13:00:00+01:00,Solar 72,0.0
2030,sc01,02-21 13:00:00+01:00,ST NG 03,0.0
2030,sc01,02-21 13:00:00+01:00,Hydro 21,0.45691541999999996
2030,sc01,02-21 13:00:00+01:00,CT NG 03,0.0
2030,sc01,02-21 13:00:00+01:00,CC NG 09,0.0
2030,sc01,02-21 13:00:00+01:00,CT Oil 02,0.0
2030,sc01,02-21 13:00:00+01:00,CT NG 39,0.0
2030,sc01,02-21 13:00:00+01:00,CC NG 08,0.0
2030,sc01,02-21 13:00:00+01:00,Biomass 43,0.0
2030,sc01,02-21 13:00:00+01:00,CT NG 18,0.09825659999999999
2030,sc01,02-21 13:00:00+01:00,ST NG 07,0.0
2030,sc01,02-21 13:00:00+01:00,Biomass 35,0.0
2030,sc01,02-21 13:00:00+01:00,Solar 32,0.0
2030,sc01,02-21 13:00:00+01:00,Biomass 15,0.0054600000000000004
2030,sc01,02-21 13:00:00+01:00,CC NG 31,0.0
2030,sc01,02-21 13:00:00+01:00,Solar 16,1.02890129316
2030,sc01,02-21 13:00:00+01:00,Solar 68,0.0
2030,sc01,02-21 13:00:00+01:00,CT NG 21,0.0
2030,sc01,02-21 13:00:00+01:00,Wind 11,0.01822527408
2030,sc01,02-21 13:00:00+01:00,CC NG 37,0.0
2030,sc01,02-21 13:00:00+01:00,CT NG 22,0.0
2030,sc01,02-21 13:00:00+01:00,Hydro 16,0.0
2030,sc01,02-21 13:00:00+01:00,Biomass 59,0.10764000000000001
2030,sc01,02-21 13:00:00+01:00,CC NG 01,0.0
2030,sc01,02-21 13:00:00+01:00,Biomass 16,0.0054600000000000004
2030,sc01,02-21 13:00:00+01:00,Solar 03,4.2843972288000005
2030,sc01,02-21 13:00:00+01:00,Solar 44,0.0
2030,sc01,02-21 13:00:00+01:00,CT NG 08,0.0
2030,sc01,02-21 13:00:00+01:00,Wind 05,0.008801911871999999
2030,sc01,02-21 13:00:00+01:00,Biomass 26,0.04446
2030,sc01,02-21 13:00:00+01:00,Solar 37,0.0
2030,sc01,02-21 13:00:00+01:00,Biomass 11,0.00962
2030,sc01,02-21 13:00:00+01:00,Solar 59,0.0
2030,sc01,02-21 13:00:00+01:00,CT NG 11,0.0
2030,sc01,02-21 13:00:00+01:00,Biomass 30,0.04446
2030,sc01,02-21 13:00:00+01:00,Hydro 23,19.1152962
2030,sc01,02-21 13:00:00+01:00,CC NG 24,0.0
2030,sc01,02-21 13:00:00+01:00,Solar 65,6.749801783400001
2030,sc01,02-21 13:00:00+01:00,CC NG 18,0.0
2030,sc01,02-21 13:00:00+01:00,CT NG 16,0.0
2030,sc01,02-21 13:00:00+01:00,Solar 51,0.0
2030,sc01,02-21 13:00:00+01:00,Wind 06,0.079247915136
2030,sc01,02-21 13:00:00+01:00,CC NG 26,0.0
2030,sc01,02-21 13:00:00+01:00,CC NG 23,0.0
2030,sc01,02-21 13:00:00+01:00,CT NG 43,0.0
2030,sc01,02-21 13:00:00+01:00,CC NG 11,0.0
2030,sc01,02-21 13:00:00+01:00,CT NG 02,0.0
2030,sc01,02-21 13:00:00+01:00,CT NG 50,0.0
2030,sc01,02-21 13:00:00+01:00,Hydro 27,0.0
2030,sc01,02-21 13:00:00+01:00,CT NG 13,0.0
2030,sc01,02-21 13:00:00+01:00,CT NG 25,0.0
2030,sc01,02-21 13:00:00+01:00,CC NG 05,0.0
2030,sc01,02-21 13:00:00+01:00,Solar 04,0.0
2030,sc01,02-21 13:00:00+01:00,Solar 30,0.9360000000000002
2030,sc01,02-21 13:00:00+01:00,Solar 29,0.0
2030,sc01,02-21 13:00:00+01:00,Solar 53,0.0
2030,sc01,02-21 13:00:00+01:00,Solar 21,0.0
2030,sc01,02-21 13:00:00+01:00,Biomass 58,0.053040000000000004
2030,sc01,02-21 13:00:00+01:00,CT NG 74,0.0
2030,sc01,02-21 13:00:00+01:00,Solar 61,0.0
2030,sc01,02-21 13:00:00+01:00,Wind 07,0.029077208368
2030,sc01,02-21 13:00:00+01:00,Biomass 31,0.04446
2030,sc01,02-21 13:00:00+01:00,CT Oil 05,0.0
2030,sc01,02-21 13:00:00+01:00,Biomass 38,0.0
2030,sc01,02-21 13:00:00+01:00,Solar 41,0.0
2030,sc01,02-21 13:00:00+01:00,Biomass 51,0.0
2030,sc01,02-21 13:00:00+01:00,Biomass 55,0.06864
2030,sc01,02-21 13:00:00+01:00,Wind 15,0.0
2030,sc01,02-21 13:00:00+01:00,Geo 01,0.0
2030,sc01,02-21 13:00:00+01:00,Biomass 60,0.0702
2030,sc01,02-21 13:00:00+01:00,CT NG 38,0.0
2030,sc01,02-21 13:00:00+01:00,Solar 66,18.260946108788392
2030,sc01,02-21 13:00:00+01:00,Solar 49,0.0
2030,sc01,02-21 13:00:00+01:00,CT NG 51,0.0
2030,sc01,02-21 13:00:00+01:00,Biomass 18,0.0054600000000000004
2030,sc01,02-21 13:00:00+01:00,ICE NG 01,0.0
2030,sc01,02-21 13:00:00+01:00,Solar 15,0.0
2030,sc01,02-21 13:00:00+01:00,ICE NG 05,0.0
2030,sc01,02-21 13:00:00+01:00,CT Oil 04,0.0
2030,sc01,02-21 13:00:00+01:00,CC NG 20,0.0
2030,sc01,02-21 13:00:00+01:00,Solar 20,1.0698571598000002
2030,sc01,02-21 13:00:00+01:00,Biomass 04,0.0
2030,sc01,02-21 13:00:00+01:00,Wind 02,0.091799404944
2030,sc01,02-21 13:00:00+01:00,Hydro 25,0.2026986
2030,sc01,02-21 13:00:00+01:00,Solar 75,6.00324842
2030,sc01,02-21 13:00:00+01:00,Hydro 33,1.01948444
2030,sc01,02-21 13:00:00+01:00,ST NG 05,0.0
2030,sc01,02-21 13:00:00+01:00,CT NG 07,0.0
2030,sc01,02-21 13:00:00+01:00,Wind 01,0.023523157632
2030,sc01,02-21 13:00:00+01:00,Solar 56,0.0
2030,sc01,02-21 13:00:00+01:00,Biomass 09,0.022359999999999998
2030,sc01,02-21 13:00:00+01:00,Biomass 53,0.06864
2030,sc01,02-21 13:00:00+01:00,Wind 17,0.0
2030,sc01,02-21 13:00:00+01:00,ST NG 08,0.0
2030,sc01,02-21 13:00:00+01:00,Hydro 19,0.48519900000000005
2030,sc01,02-21 13:00:00+01:00,ST NG 02,0.0
2030,sc01,02-21 13:00:00+01:00,Biomass 01,0.028860000000000004
2030,sc01,02-21 13:00:00+01:00,Biomass 57,0.053040000000000004
2030,sc01,02-21 13:00:00+01:00,CT NG 49,0.0
2030,sc01,02-21 13:00:00+01:00,CT NG 31,0.0
2030,sc01,02-21 13:00:00+01:00,Solar 64,3.5436388052
2030,sc01,02-21 13:00:00+01:00,CC NG 33,0.0
2030,sc01,02-21 13:00:00+01:00,Solar 46,0.0
2030,sc01,02-21 13:00:00+01:00,Biomass 12,0.00962
2030,sc01,02-21 13:00:00+01:00,Wind 04,0.055242236608000005
2030,sc01,02-21 13:00:00+01:00,Solar 13,0.0
2030,sc01,02-21 13:00:00+01:00,CT NG 55,0.0
2030,sc01,02-21 13:00:00+01:00,Wind N03,44.213173498
2030,sc01,02-21 13:00:00+01:00,CT NG 28,0.0
2030,sc01,02-21 13:00:00+01:00,Wind 09,0.115164549136
2030,sc01,02-21 13:00:00+01:00,Solar 60,0.0
2030,sc01,02-21 13:00:00+01:00,Solar 25,0.0
2030,sc01,02-21 13:00:00+01:00,CT NG 23,0.0
2030,sc01,02-21 13:00:00+01:00,ST Other 01,0.0
2030,sc01,02-21 13:00:00+01:00,Solar 70,24.596407672135193
2030,sc01,02-21 13:00:00+01:00,CC NG 34,0.0
2030,sc01,02-21 13:00:00+01:00,Solar 48,0.0
2030,sc01,02-21 13:00:00+01:00,Biomass 56,0.06812000000000001
2030,sc01,02-21 13:00:00+01:00,CT NG 36,0.0
2030,sc01,02-21 13:00:00+01:00,Solar 47,0.0
2030,sc01,02-21 13:00:00+01:00,Hydro 17,0.0
2030,sc01,02-21 13:00:00+01:00,Solar 09,0.0
2030,sc01,02-21 13:00:00+01:00,Solar 08,0.0
2030,sc01,02-21 13:00:00+01:00,CT NG 45,0.0
2030,sc01,02-21 13:00:00+01:00,ST NG 04,0.0
2030,sc01,02-21 13:00:00+01:00,Solar 40,0.0
2030,sc01,02-21 13:00:00+01:00,Biomass 47,0.0
2030,sc01,02-21 13:00:00+01:00,Solar 50,0.0
2030,sc01,02-21 13:00:00+01:00,Solar 52,0.0
2030,sc01,02-21 13:00:00+01:00,Solar 63,7.567551097599999
2030,sc01,02-21 13:00:00+01:00,CC NG 06,0.0
2030,sc01,02-21 13:00:00+01:00,Biomass 39,0.0
2030,sc01,02-21 13:00:00+01:00,Solar 67,5.044612120600001
2030,sc01,02-21 13:00:00+01:00,Solar 19,0.0
2030,sc01,02-21 13:00:00+01:00,Wind 12,0.8755453233799999
2030,sc01,02-21 13:00:00+01:00,Solar 24,0.0
2030,sc01,02-21 13:00:00+01:00,ICE NG 02,0.0
2030,sc01,02-21 13:00:00+01:00,Solar 05,0.0
2030,sc01,02-21 13:00:00+01:00,CT NG 54,0.0
2030,sc01,02-21 13:00:00+01:00,Wind N01,8.3064556328
2030,sc01,02-21 13:00:00+01:00,CT NG 27,0.0
2030,sc01,02-21 13:00:00+01:00,CC NG 36,0.0
2030,sc01,02-21 13:00:00+01:00,Wind N02,0.0
2030,sc01,02-21 13:00:00+01:00,CT NG 52,0.0
2030,sc01,02-21 13:00:00+01:00,Solar 35,0.0
2030,sc01,02-21 13:00:00+01:00,CT NG 05,0.0
2030,sc01,02-21 13:00:00+01:00,Biomass 36,0.0
2030,sc01,02-21 13:00:00+01:00,CT NG 34,0.0
2030,sc01,02-21 13:00:00+01:00,CT Oil 03,0.0
2030,sc01,02-21 13:00:00+01:00,Hydro 35,0.0
2030,sc01,02-21 13:00:00+01:00,Solar 14,0.0
2030,sc01,02-21 13:00:00+01:00,CT NG 75,0.0
2030,sc01,02-21 13:00:00+01:00,ST NG 09,0.0
2030,sc01,02-21 13:00:00+01:00,CT NG 56,0.0
2030,sc01,02-21 13:00:00+01:00,Biomass 22,0.00988
2030,sc01,02-21 13:00:00+01:00,Solar 18,0.0
2030,sc01,02-21 13:00:00+01:00,Biomass 13,0.00962
2030,sc01,02-21 13:00:00+01:00,CT NG 71,0.0
2030,sc01,02-21 13:00:00+01:00,Solar 58,0.0
2030,sc01,02-21 13:00:00+01:00,Solar 06,0.0
2030,sc01,02-21 13:00:00+01:00,Biomass 08,0.022359999999999998
2030,sc01,02-21 13:00:00+01:00,CT NG 72,0.0
2030,sc01,02-21 13:00:00+01:00,Hydro 18,0.0
2030,sc01,02-21 13:00:00+01:00,Solar 10,1.0305260027399998
2030,sc01,02-21 13:00:00+01:00,CT NG 04,0.0
2030,sc01,02-21 13:00:00+01:00,ST Other 02,0.0
2030,sc01,02-21 13:00:00+01:00,CT NG 12,0.0
2030,sc01,02-21 13:00:00+01:00,CT NG 48,0.0
2030,sc01,02-21 13:00:00+01:00,ST NG 10,0.0
2030,sc01,02-21 13:00:00+01:00,Solar 22,0.0
2030,sc01,02-21 13:00:00+01:00,Solar 28,0.0
2030,sc01,02-21 13:00:00+01:00,CT NG 73,0.0
2030,sc01,02-21 13:00:00+01:00,Biomass 52,0.0
2030,sc01,02-21 13:00:00+01:00,CT NG 30,0.0
2030,sc01,02-21 13:00:00+01:00,Solar 54,0.0
2030,sc01,02-21 13:00:00+01:00,Solar 31,0.0
2030,sc01,02-21 13:00:00+01:00,Biomass 03,0.0
2030,sc01,02-21 13:00:00+01:00,CT NG 32,0.0
2030,sc01,02-21 13:00:00+01:00,Biomass 27,0.04446
2030,sc01,02-21 13:00:00+01:00,CC NG 14,0.0
2030,sc01,02-21 13:00:00+01:00,CC NG 03,0.0
2030,sc01,02-21 13:00:00+01:00,CC NG 29,0.0
2030,sc01,02-21 13:00:00+01:00,CC NG 28,0.0
2030,sc01,02-21 13:00:00+01:00,CC NG 25,0.0
2030,sc01,02-21 13:00:00+01:00,CT NG 44,0.0
2030,sc01,02-21 13:00:00+01:00,CT NG 14,0.0
2030,sc01,02-21 13:00:00+01:00,CC NG 15,0.0
2030,sc01,02-21 13:00:00+01:00,CC NG 04,0.0
2030,sc01,02-21 13:00:00+01:00,Biomass 29,0.04446
2030,sc01,02-21 13:00:00+01:00,Wind 14,0.0
2030,sc01,02-21 13:00:00+01:00,Wind 08,0.11936976521600001
2030,sc01,02-21 13:00:00+01:00,Biomass 61,0.0
2030,sc01,02-21 13:00:00+01:00,CT NG 35,0.0
2030,sc01,02-21 13:00:00+01:00,Solar 33,0.0
2030,sc01,02-21 13:00:00+01:00,CT NG 41,0.0
2030,sc01,02-21 13:00:00+01:00,CT NG 15,0.0
2030,sc01,02-21 13:00:00+01:00,Solar 42,0.0
2030,sc01,02-21 13:00:00+01:00,Solar 07,0.0
2030,sc01,02-21 13:00:00+01:00,Solar 43,0.0
2030,sc01,02-21 13:00:00+01:00,Biomass 05,0.01248
2030,sc01,02-21 13:00:00+01:00,CT NG 29,0.0
2030,sc01,02-21 13:00:00+01:00,Solar 71,0.0
2030,sc01,02-21 13:00:00+01:00,CT NG 53,0.0
2030,sc01,02-21 13:00:00+01:00,CT NG 20,0.0
2030,sc01,02-21 13:00:00+01:00,Biomass 14,0.02132
2030,sc01,02-21 13:00:00+01:00,Solar 26,0.0
2030,sc01,02-21 13:00:00+01:00,Hydro 29,28.727384400000002
2030,sc01,02-21 13:00:00+01:00,Hydro 31,0.0
2030,sc01,02-21 13:00:00+01:00,Biomass 24,0.01196
2030,sc01,02-21 13:00:00+01:00,Biomass 54,0.06864
2030,sc01,02-21 13:00:00+01:00,Solar 36,8.058342862443878
2030,sc01,02-21 13:00:00+01:00,Wind 03,0.16864872315200002
2030,sc01,02-21 13:00:00+01:00,Biomass 40,0.0
2030,sc01,02-21 13:00:00+01:00,Biomass 49,0.0
2030,sc01,02-21 13:00:00+01:00,CC NG 16,9.413355660034934
2030,sc01,02-21 13:00:00+01:00,Biomass 48,0.0
2030,sc01,02-21 13:00:00+01:00,Hydro 28,28.222049663197602
2030,sc01,02-21 13:00:00+01:00,Biomass 17,0.0054600000000000004
2030,sc01,02-21 13:00:00+01:00,CT NG 33,0.0
2030,sc01,02-21 13:00:00+01:00,Solar 45,0.0
2030,sc01,02-21 13:00:00+01:00,Hydro 24,19.1152962
2030,sc01,02-21 13:00:00+01:00,Wind 13,0.25089724712
2030,sc01,02-21 13:00:00+01:00,Biomass 07,0.052000000000000005
2030,sc01,02-21 13:00:00+01:00,Biomass 34,0.0
2030,sc01,02-21 13:00:00+01:00,Biomass 33,0.0
2030,sc01,02-21 13:00:00+01:00,CT NG 01,0.0
2030,sc01,02-21 13:00:00+01:00,ICE NG 03,0.0
2030,sc01,02-21 13:00:00+01:00,Solar 55,0.0
2030,sc01,02-21 13:00:00+01:00,Solar 11,0.0
2030,sc01,02-21 13:00:00+01:00,CT NG 06,0.0
2030,sc01,02-21 13:00:00+01:00,CT NG 70,0.0
2030,sc01,02-21 13:00:00+01:00,Solar 23,0.0
2030,sc01,02-21 13:00:00+01:00,CT NG 67,0.0
2030,sc01,02-21 13:00:00+01:00,Solar 12,0.0
2030,sc01,02-21 13:00:00+01:00,CT Oil 01,0.0
2030,sc01,02-21 13:00:00+01:00,Hydro 26,0.2026986
2030,sc01,02-21 13:00:00+01:00,CC NG 22,0.0
2030,sc01,02-21 13:00:00+01:00,CC NG 35,0.0
2030,sc01,02-21 13:00:00+01:00,Biomass 50,0.0
2030,sc01,02-21 13:00:00+01:00,ICE NG 04,0.0
2030,sc01,02-21 13:00:00+01:00,CC NG 39,0.0
2030,sc01,02-21 13:00:00+01:00,Hydro 32,0.0
2030,sc01,02-21 13:00:00+01:00,ICE NG 07,0.0
2030,sc01,02-21 13:00:00+01:00,Biomass 46,0.0
2030,sc01,02-21 13:00:00+01:00,CC NG 38,0.0
2030,sc01,02-21 13:00:00+01:00,CC NG 12,0.0
2030,sc01,02-21 13:00:00+01:00,Solar 57,0.0
2030,sc01,02-21 13:00:00+01:00,CC NG 32,0.0
2030,sc01,02-21 13:00:00+01:00,CC NG 07,0.0
2030,sc01,02-21 13:00:00+01:00,Biomass 44,0.0
2030,sc01,02-21 13:00:00+01:00,CT NG 40,0.0
2030,sc01,02-21 13:00:00+01:00,Solar 74,0.0
2030,sc01,02-21 13:00:00+01:00,Hydro 30,0.0
2030,sc01,02-21 13:00:00+01:00,CT NG 42,0.0
2030,sc01,02-21 13:00:00+01:00,Hydro 22,0.45691541999999996
2030,sc01,02-21 13:00:00+01:00,Solar 17,0.0
2030,sc01,02-21 13:00:00+01:00,Solar 38,0.0
2030,sc01,02-21 13:00:00+01:00,CT NG 24,0.0
2030,sc01,02-21 13:00:00+01:00,CC NG 27,0.0
2030,sc01,02-21 13:00:00+01:00,Biomass 21,0.00988
2030,sc01,02-21 13:00:00+01:00,ICE NG 06,0.0
2030,sc01,02-21 13:00:00+01:00,Biomass 25,0.01196
2030,sc01,02-21 13:00:00+01:00,Solar 27,0.06595135352
2030,sc01,02-21 13:00:00+01:00,CT NG 19,0.0
2030,sc01,02-21 13:00:00+01:00,Biomass 42,0.0
2030,sc01,02-21 13:00:00+01:00,Biomass 19,0.00988
2030,sc01,02-21 13:00:00+01:00,Biomass 06,0.01248
2030,sc01,02-21 13:00:00+01:00,CT NG 10,0.0
2030,sc01,02-21 13:00:00+01:00,CC NG 40,0.0
2030,sc01,02-21 13:00:00+01:00,CC NG 21,0.0
2030,sc01,02-21 13:00:00+01:00,Biomass 02,0.028860000000000004
2030,sc01,02-21 13:00:00+01:00,CT NG 46,0.0
2030,sc01,02-21 13:00:00+01:00,Hydro 34,1.01948444
2030,sc01,02-21 13:00:00+01:00,Biomass 10,0.022359999999999998
2030,sc01,02-21 13:00:00+01:00,CT NG 17,0.0
2030,sc01,02-21 13:00:00+01:00,Biomass 62,0.05096
2030,sc01,02-21 13:00:00+01:00,Biomass 32,0.032760000000000004
2030,sc01,02-21 13:00:00+01:00,CC NG 19,3.51988
2030,sc01,02-21 13:00:00+01:00,CC NG 17,0.0
2030,sc01,02-21 13:00:00+01:00,ST NG 01,0.0
2030,sc01,02-21 13:00:00+01:00,Biomass 45,0.0
2030,sc01,02-21 13:00:00+01:00,Biomass 28,0.04446
2030,sc01,02-21 13:00:00+01:00,CC NG 10,0.0
2030,sc01,02-21 13:00:00+01:00,Biomass 23,0.01196
2030,sc01,02-21 13:00:00+01:00,ST NG 06,0.0
2030,sc01,02-21 13:00:00+01:00,Wind 10,0.12459945929600001
2030,sc01,02-21 13:00:00+01:00,CT NG 69,0.0
2030,sc01,02-21 13:00:00+01:00,CT NG 68,0.0
2030,sc01,02-22 20:00:00+01:00,CC NG 13,0.0
2030,sc01,02-22 20:00:00+01:00,CT NG 37,0.0
2030,sc01,02-22 20:00:00+01:00,ST Coal 01,0.0
2030,sc01,02-22 20:00:00+01:00,CT NG 09,0.0
2030,sc01,02-22 20:00:00+01:00,CT NG 47,0.0
2030,sc01,02-22 20:00:00+01:00,Solar 69,0.0
2030,sc01,02-22 20:00:00+01:00,Solar 34,0.0
2030,sc01,02-22 20:00:00+01:00,Solar 73,0.0
2030,sc01,02-22 20:00:00+01:00,Biomass 37,0.02975
2030,sc01,02-22 20:00:00+01:00,Hydro 20,0.0
2030,sc01,02-22 20:00:00+01:00,Solar 01,0.0
2030,sc01,02-22 20:00:00+01:00,Solar 62,0.0
2030,sc01,02-22 20:00:00+01:00,Solar 02,0.0
2030,sc01,02-22 20:00:00+01:00,CT NG 26,0.0
2030,sc01,02-22 20:00:00+01:00,Biomass 20,0.013300000000000001
2030,sc01,02-22 20:00:00+01:00,Wind 16,4.148251443
2030,sc01,02-22 20:00:00+01:00,CT NG 66,0.0
2030,sc01,02-22 20:00:00+01:00,Solar 39,0.0
2030,sc01,02-22 20:00:00+01:00,Biomass 41,0.050050000000000004
2030,sc01,02-22 20:00:00+01:00,Solar 72,0.0
2030,sc01,02-22 20:00:00+01:00,ST NG 03,0.0
2030,sc01,02-22 20:00:00+01:00,Hydro 21,0.6735498
2030,sc01,02-22 20:00:00+01:00,CT NG 03,0.0
2030,sc01,02-22 20:00:00+01:00,CC NG 09,0.0
2030,sc01,02-22 20:00:00+01:00,CT Oil 02,0.0
2030,sc01,02-22 20:00:00+01:00,CT NG 39,0.0
2030,sc01,02-22 20:00:00+01:00,CC NG 08,0.0
2030,sc01,02-22 20:00:00+01:00,Biomass 43,0.0868
2030,sc01,02-22 20:00:00+01:00,CT NG 18,0.13226849999999998
2030,sc01,02-22 20:00:00+01:00,ST NG 07,0.0
2030,sc01,02-22 20:00:00+01:00,Biomass 35,0.0504
2030,sc01,02-22 20:00:00+01:00,Solar 32,0.0
2030,sc01,02-22 20:00:00+01:00,Biomass 15,0.007350000000000001
2030,sc01,02-22 20:00:00+01:00,CC NG 31,0.0
2030,sc01,02-22 20:00:00+01:00,Solar 16,0.0
2030,sc01,02-22 20:00:00+01:00,Solar 68,0.0
2030,sc01,02-22 20:00:00+01:00,CT NG 21,0.0
2030,sc01,02-22 20:00:00+01:00,Wind 11,0.34898276196
2030,sc01,02-22 20:00:00+01:00,CC NG 37,0.0
2030,sc01,02-22 20:00:00+01:00,CT NG 22,0.0
2030,sc01,02-22 20:00:00+01:00,Hydro 16,0.0
2030,sc01,02-22 20:00:00+01:00,Biomass 59,0.14490000000000003
2030,sc01,02-22 20:00:00+01:00,CC NG 01,0.0
2030,sc01,02-22 20:00:00+01:00,Biomass 16,0.007350000000000001
2030,sc01,02-22 20:00:00+01:00,Solar 03,0.0
2030,sc01,02-22 20:00:00+01:00,Solar 44,0.0
2030,sc01,02-22 20:00:00+01:00,CT NG 08,0.0
2030,sc01,02-22 20:00:00+01:00,Wind 05,0.0
2030,sc01,02-22 20:00:00+01:00,Biomass 26,0.05985
2030,sc01,02-22 20:00:00+01:00,Solar 37,0.0
2030,sc01,02-22 20:00:00+01:00,Biomass 11,0.01295
2030,sc01,02-22 20:00:00+01:00,Solar 59,0.0
2030,sc01,02-22 20:00:00+01:00,CT NG 11,0.0
2030,sc01,02-22 20:00:00+01:00,Biomass 30,0.05985
2030,sc01,02-22 20:00:00+01:00,Hydro 23,0.0
2030,sc01,02-22 20:00:00+01:00,CC NG 24,0.0
2030,sc01,02-22 20:00:00+01:00,Solar 65,0.0
2030,sc01,02-22 20:00:00+01:00,CC NG 18,8.369048761341801
2030,sc01,02-22 20:00:00+01:00,CT NG 16,0.0
2030,sc01,02-22 20:00:00+01:00,Solar 51,0.0
2030,sc01,02-22 20:00:00+01:00,Wind 06,0.29518718908
2030,sc01,02-22 20:00:00+01:00,CC NG 26,0.0
2030,sc01,02-22 20:00:00+01:00,CC NG 23,0.0
2030,sc01,02-22 20:00:00+01:00,CT NG 43,0.0
2030,sc01,02-22 20:00:00+01:00,CC NG 11,0.0
2030,sc01,02-22 20:00:00+01:00,CT NG 02,0.0
2030,sc01,02-22 20:00:00+01:00,CT NG 50,0.0
2030,sc01,02-22 20:00:00+01:00,Hydro 27,0.27299999999999996
2030,sc01,02-22 20:00:00+01:00,CT NG 13,0.0
2030,sc01,02-22 20:00:00+01:00,CT NG 25,0.0
2030,sc01,02-22 20:00:00+01:00,CC NG 05,0.0
2030,sc01,02-22 20:00:00+01:00,Solar 04,0.0
2030,sc01,02-22 20:00:00+01:00,Solar 30,0.0
2030,sc01,02-22 20:00:00+01:00,Solar 29,0.0
2030,sc01,02-22 20:00:00+01:00,Solar 53,0.0
2030,sc01,02-22 20:00:00+01:00,Solar 21,0.0
2030,sc01,02-22 20:00:00+01:00,Biomass 58,0.0714
2030,sc01,02-22 20:00:00+01:00,CT NG 74,0.0
2030,sc01,02-22 20:00:00+01:00,Solar 61,0.0
2030,sc01,02-22 20:00:00+01:00,Wind 07,0.29707729184
2030,sc01,02-22 20:00:00+01:00,Biomass 31,0.05985
2030,sc01,02-22 20:00:00+01:00,CT Oil 05,0.0
2030,sc01,02-22 20:00:00+01:00,Biomass 38,0.02975
2030,sc01,02-22 20:00:00+01:00,Solar 41,0.0
2030,sc01,02-22 20:00:00+01:00,Biomass 51,0.007
2030,sc01,02-22 20:00:00+01:00,Biomass 55,0.0924
2030,sc01,02-22 20:00:00+01:00,Wind 15,0.22512668052
2030,sc01,02-22 20:00:00+01:00,Geo 01,0.0
2030,sc01,02-22 20:00:00+01:00,Biomass 60,0.0945
2030,sc01,02-22 20:00:00+01:00,CT NG 38,0.0
2030,sc01,02-22 20:00:00+01:00,Solar 66,0.0
2030,sc01,02-22 20:00:00+01:00,Solar 49,0.0
2030,sc01,02-22 20:00:00+01:00,CT NG 51,0.0
2030,sc01,02-22 20:00:00+01:00,Biomass 18,0.007350000000000001
2030,sc01,02-22 20:00:00+01:00,ICE NG 01,0.0
2030,sc01,02-22 20:00:00+01:00,Solar 15,0.0
2030,sc01,02-22 20:00:00+01:00,ICE NG 05,0.0
2030,sc01,02-22 20:00:00+01:00,CT Oil 04,0.0
2030,sc01,02-22 20:00:00+01:00,CC NG 20,0.0
2030,sc01,02-22 20:00:00+01:00,Solar 20,0.0
2030,sc01,02-22 20:00:00+01:00,Biomass 04,0.0091
2030,sc01,02-22 20:00:00+01:00,Wind 02,0.7882242914
2030,sc01,02-22 20:00:00+01:00,Hydro 25,0.27299999999999996
2030,sc01,02-22 20:00:00+01:00,Solar 75,0.0
2030,sc01,02-22 20:00:00+01:00,Hydro 33,38.5443135
2030,sc01,02-22 20:00:00+01:00,ST NG 05,0.0
2030,sc01,02-22 20:00:00+01:00,CT NG 07,0.0
2030,sc01,02-22 20:00:00+01:00,Wind 01,0.19010951176
2030,sc01,02-22 20:00:00+01:00,Solar 56,0.0
2030,sc01,02-22 20:00:00+01:00,Biomass 09,0.0301
2030,sc01,02-22 20:00:00+01:00,Biomass 53,0.0924
2030,sc01,02-22 20:00:00+01:00,Wind 17,2.15401599805
2030,sc01,02-22 20:00:00+01:00,ST NG 08,0.0
2030,sc01,02-22 20:00:00+01:00,Hydro 19,0.8252474999999999
2030,sc01,02-22 20:00:00+01:00,ST NG 02,0.0
2030,sc01,02-22 20:00:00+01:00,Biomass 01,0.03885
2030,sc01,02-22 20:00:00+01:00,Biomass 57,0.0714
2030,sc01,02-22 20:00:00+01:00,CT NG 49,0.0
2030,sc01,02-22 20:00:00+01:00,CT NG 31,0.0
2030,sc01,02-22 20:00:00+01:00,Solar 64,0.0
2030,sc01,02-22 20:00:00+01:00,CC NG 33,0.0
2030,sc01,02-22 20:00:00+01:00,Solar 46,0.0
2030,sc01,02-22 20:00:00+01:00,Biomass 12,0.01295
2030,sc01,02-22 20:00:00+01:00,Wind 04,0.023987958400000002
2030,sc01,02-22 20:00:00+01:00,Solar 13,0.0
2030,sc01,02-22 20:00:00+01:00,CT NG 55,0.0
2030,sc01,02-22 20:00:00+01:00,Wind N03,82.846769145
2030,sc01,02-22 20:00:00+01:00,CT NG 28,0.0
2030,sc01,02-22 20:00:00+01:00,Wind 09,0.08490847540000002
2030,sc01,02-22 20:00:00+01:00,Solar 60,0.0
2030,sc01,02-22 20:00:00+01:00,Solar 25,0.0
2030,sc01,02-22 20:00:00+01:00,CT NG 23,0.0
2030,sc01,02-22 20:00:00+01:00,ST Other 01,0.0
2030,sc01,02-22 20:00:00+01:00,Solar 70,0.0
2030,sc01,02-22 20:00:00+01:00,CC NG 34,11.545674419390249
2030,sc01,02-22 20:00:00+01:00,Solar 48,0.0
2030,sc01,02-22 20:00:00+01:00,Biomass 56,0.09170000000000002
2030,sc01,02-22 20:00:00+01:00,CT NG 36,0.0
2030,sc01,02-22 20:00:00+01:00,Solar 47,0.0
2030,sc01,02-22 20:00:00+01:00,Hydro 17,0.00945
2030,sc01,02-22 20:00:00+01:00,Solar 09,0.0
2030,sc01,02-22 20:00:00+01:00,Solar 08,0.0
2030,sc01,02-22 20:00:00+01:00,CT NG 45,0.0
2030,sc01,02-22 20:00:00+01:00,ST NG 04,0.0
2030,sc01,02-22 20:00:00+01:00,Solar 40,0.0
2030,sc01,02-22 20:00:00+01:00,Biomass 47,0.0868
2030,sc01,02-22 20:00:00+01:00,Solar 50,0.0
2030,sc01,02-22 20:00:00+01:00,Solar 52,0.0
2030,sc01,02-22 20:00:00+01:00,Solar 63,0.0
2030,sc01,02-22 20:00:00+01:00,CC NG 06,0.0
2030,sc01,02-22 20:00:00+01:00,Biomass 39,0.02975
2030,sc01,02-22 20:00:00+01:00,Solar 67,0.0
2030,sc01,02-22 20:00:00+01:00,Solar 19,0.0
2030,sc01,02-22 20:00:00+01:00,Wind 12,0.7927694715500001
2030,sc01,02-22 20:00:00+01:00,Solar 24,0.0
2030,sc01,02-22 20:00:00+01:00,ICE NG 02,0.0
2030,sc01,02-22 20:00:00+01:00,Solar 05,0.0
2030,sc01,02-22 20:00:00+01:00,CT NG 54,0.0
2030,sc01,02-22 20:00:00+01:00,Wind N01,7.521146269
2030,sc01,02-22 20:00:00+01:00,CT NG 27,0.0
2030,sc01,02-22 20:00:00+01:00,CC NG 36,0.0
2030,sc01,02-22 20:00:00+01:00,Wind N02,11.002346816688226
2030,sc01,02-22 20:00:00+01:00,CT NG 52,0.0
2030,sc01,02-22 20:00:00+01:00,Solar 35,0.0
2030,sc01,02-22 20:00:00+01:00,CT NG 05,0.0
2030,sc01,02-22 20:00:00+01:00,Biomass 36,0.0504
2030,sc01,02-22 20:00:00+01:00,CT NG 34,0.0
2030,sc01,02-22 20:00:00+01:00,CT Oil 03,0.0
2030,sc01,02-22 20:00:00+01:00,Hydro 35,0.0
2030,sc01,02-22 20:00:00+01:00,Solar 14,0.0
2030,sc01,02-22 20:00:00+01:00,CT NG 75,0.0
2030,sc01,02-22 20:00:00+01:00,ST NG 09,0.0
2030,sc01,02-22 20:00:00+01:00,CT NG 56,0.0
2030,sc01,02-22 20:00:00+01:00,Biomass 22,0.013300000000000001
2030,sc01,02-22 20:00:00+01:00,Solar 18,0.0
2030,sc01,02-22 20:00:00+01:00,Biomass 13,0.01295
2030,sc01,02-22 20:00:00+01:00,CT NG 71,0.0
2030,sc01,02-22 20:00:00+01:00,Solar 58,0.0
2030,sc01,02-22 20:00:00+01:00,Solar 06,0.0
2030,sc01,02-22 20:00:00+01:00,Biomass 08,0.0301
2030,sc01,02-22 20:00:00+01:00,CT NG 72,0.0
2030,sc01,02-22 20:00:00+01:00,Hydro 18,0.03255
2030,sc01,02-22 20:00:00+01:00,Solar 10,0.0
2030,sc01,02-22 20:00:00+01:00,CT NG 04,0.0
2030,sc01,02-22 20:00:00+01:00,ST Other 02,0.0
2030,sc01,02-22 20:00:00+01:00,CT NG 12,0.0
2030,sc01,02-22 20:00:00+01:00,CT NG 48,0.0
2030,sc01,02-22 20:00:00+01:00,ST NG 10,0.0
2030,sc01,02-22 20:00:00+01:00,Solar 22,0.0
2030,sc01,02-22 20:00:00+01:00,Solar 28,0.0
2030,sc01,02-22 20:00:00+01:00,CT NG 73,0.0
2030,sc01,02-22 20:00:00+01:00,Biomass 52,0.07
2030,sc01,02-22 20:00:00+01:00,CT NG 30,0.0
2030,sc01,02-22 20:00:00+01:00,Solar 54,0.0
2030,sc01,02-22 20:00:00+01:00,Solar 31,0.0
2030,sc01,02-22 20:00:00+01:00,Biomass 03,0.0091
2030,sc01,02-22 20:00:00+01:00,CT NG 32,0.0
2030,sc01,02-22 20:00:00+01:00,Biomass 27,0.05985
2030,sc01,02-22 20:00:00+01:00,CC NG 14,0.0
2030,sc01,02-22 20:00:00+01:00,CC NG 03,4.2976381
2030,sc01,02-22 20:00:00+01:00,CC NG 29,0.0
2030,sc01,02-22 20:00:00+01:00,CC NG 28,0.0
2030,sc01,02-22 20:00:00+01:00,CC NG 25,0.0
2030,sc01,02-22 20:00:00+01:00,CT NG 44,0.0
2030,sc01,02-22 20:00:00+01:00,CT NG 14,0.0
2030,sc01,02-22 20:00:00+01:00,CC NG 15,0.0
2030,sc01,02-22 20:00:00+01:00,CC NG 04,10.8304
2030,sc01,02-22 20:00:00+01:00,Biomass 29,0.05985
2030,sc01,02-22 20:00:00+01:00,Wind 14,7.3875892125
2030,sc01,02-22 20:00:00+01:00,Wind 08,0.0854720986
2030,sc01,02-22 20:00:00+01:00,Biomass 61,0.0161
2030,sc01,02-22 20:00:00+01:00,CT NG 35,0.0
2030,sc01,02-22 20:00:00+01:00,Solar 33,0.0
2030,sc01,02-22 20:00:00+01:00,CT NG 41,0.0
2030,sc01,02-22 20:00:00+01:00,CT NG 15,0.0
2030,sc01,02-22 20:00:00+01:00,Solar 42,0.0
2030,sc01,02-22 20:00:00+01:00,Solar 07,0.0
2030,sc01,02-22 20:00:00+01:00,Solar 43,0.0
2030,sc01,02-22 20:00:00+01:00,Biomass 05,0.0168
2030,sc01,02-22 20:00:00+01:00,CT NG 29,0.0
2030,sc01,02-22 20:00:00+01:00,Solar 71,0.0
2030,sc01,02-22 20:00:00+01:00,CT NG 53,0.0
2030,sc01,02-22 20:00:00+01:00,CT NG 20,0.0
2030,sc01,02-22 20:00:00+01:00,Biomass 14,0.0287
2030,sc01,02-22 20:00:00+01:00,Solar 26,0.0
2030,sc01,02-22 20:00:00+01:00,Hydro 29,38.671479000000005
2030,sc01,02-22 20:00:00+01:00,Hydro 31,0.0
2030,sc01,02-22 20:00:00+01:00,Biomass 24,0.0161
2030,sc01,02-22 20:00:00+01:00,Biomass 54,0.0924
2030,sc01,02-22 20:00:00+01:00,Solar 36,0.0
2030,sc01,02-22 20:00:00+01:00,Wind 03,0.11034528232
2030,sc01,02-22 20:00:00+01:00,Biomass 40,0.02975
2030,sc01,02-22 20:00:00+01:00,Biomass 49,0.014
2030,sc01,02-22 20:00:00+01:00,CC NG 16,31.9327575
2030,sc01,02-22 20:00:00+01:00,Biomass 48,0.0868
2030,sc01,02-22 20:00:00+01:00,Hydro 28,38.671479000000005
2030,sc01,02-22 20:00:00+01:00,Biomass 17,0.007350000000000001
2030,sc01,02-22 20:00:00+01:00,CT NG 33,0.0
2030,sc01,02-22 20:00:00+01:00,Solar 45,0.0
2030,sc01,02-22 20:00:00+01:00,Hydro 24,22.4957909541702
2030,sc01,02-22 20:00:00+01:00,Wind 13,0.5828884813500002
2030,sc01,02-22 20:00:00+01:00,Biomass 07,0.07
2030,sc01,02-22 20:00:00+01:00,Biomass 34,0.0504
2030,sc01,02-22 20:00:00+01:00,Biomass 33,0.0504
2030,sc01,02-22 20:00:00+01:00,CT NG 01,0.0
2030,sc01,02-22 20:00:00+01:00,ICE NG 03,0.0
2030,sc01,02-22 20:00:00+01:00,Solar 55,0.0
2030,sc01,02-22 20:00:00+01:00,Solar 11,0.0
2030,sc01,02-22 20:00:00+01:00,CT NG 06,0.0
2030,sc01,02-22 20:00:00+01:00,CT NG 70,0.0
2030,sc01,02-22 20:00:00+01:00,Solar 23,0.0
2030,sc01,02-22 20:00:00+01:00,CT NG 67,0.0
2030,sc01,02-22 20:00:00+01:00,Solar 12,0.0
2030,sc01,02-22 20:00:00+01:00,CT Oil 01,0.0
2030,sc01,02-22 20:00:00+01:00,Hydro 26,0.27299999999999996
2030,sc01,02-22 20:00:00+01:00,CC NG 22,0.0
2030,sc01,02-22 20:00:00+01:00,CC NG 35,0.0
2030,sc01,02-22 20:00:00+01:00,Biomass 50,0.007
2030,sc01,02-22 20:00:00+01:00,ICE NG 04,0.0
2030,sc01,02-22 20:00:00+01:00,CC NG 39,0.0
2030,sc01,02-22 20:00:00+01:00,Hydro 32,0.0
2030,sc01,02-22 20:00:00+01:00,ICE NG 07,0.0
2030,sc01,02-22 20:00:00+01:00,Biomass 46,0.021349999999999997
2030,sc01,02-22 20:00:00+01:00,CC NG 38,0.0
2030,sc01,02-22 20:00:00+01:00,CC NG 12,0.0
2030,sc01,02-22 20:00:00+01:00,Solar 57,0.0
2030,sc01,02-22 20:00:00+01:00,CC NG 32,0.0
2030,sc01,02-22 20:00:00+01:00,CC NG 07,0.0
2030,sc01,02-22 20:00:00+01:00,Biomass 44,0.0441
2030,sc01,02-22 20:00:00+01:00,CT NG 40,0.0
2030,sc01,02-22 20:00:00+01:00,Solar 74,0.0
2030,sc01,02-22 20:00:00+01:00,Hydro 30,0.0
2030,sc01,02-22 20:00:00+01:00,CT NG 42,0.0
2030,sc01,02-22 20:00:00+01:00,Hydro 22,0.6735498
2030,sc01,02-22 20:00:00+01:00,Solar 17,0.0
2030,sc01,02-22 20:00:00+01:00,Solar 38,0.0
2030,sc01,02-22 20:00:00+01:00,CT NG 24,0.0
2030,sc01,02-22 20:00:00+01:00,CC NG 27,0.0
2030,sc01,02-22 20:00:00+01:00,Biomass 21,0.013300000000000001
2030,sc01,02-22 20:00:00+01:00,ICE NG 06,0.0
2030,sc01,02-22 20:00:00+01:00,Biomass 25,0.0161
2030,sc01,02-22 20:00:00+01:00,Solar 27,0.0
2030,sc01,02-22 20:00:00+01:00,CT NG 19,0.0
2030,sc01,02-22 20:00:00+01:00,Biomass 42,0.050050000000000004
2030,sc01,02-22 20:00:00+01:00,Biomass 19,0.013300000000000001
2030,sc01,02-22 20:00:00+01:00,Biomass 06,0.0168
2030,sc01,02-22 20:00:00+01:00,CT NG 10,0.0
2030,sc01,02-22 20:00:00+01:00,CC NG 40,0.0
2030,sc01,02-22 20:00:00+01:00,CC NG 21,0.0
2030,sc01,02-22 20:00:00+01:00,Biomass 02,0.03885
2030,sc01,02-22 20:00:00+01:00,CT NG 46,0.0
2030,sc01,02-22 20:00:00+01:00,Hydro 34,38.5443135
2030,sc01,02-22 20:00:00+01:00,Biomass 10,0.0301
2030,sc01,02-22 20:00:00+01:00,CT NG 17,0.23401349999999999
2030,sc01,02-22 20:00:00+01:00,Biomass 62,0.0686
2030,sc01,02-22 20:00:00+01:00,Biomass 32,0.0441
2030,sc01,02-22 20:00:00+01:00,CC NG 19,4.7383
2030,sc01,02-22 20:00:00+01:00,CC NG 17,0.0
2030,sc01,02-22 20:00:00+01:00,ST NG 01,0.0
2030,sc01,02-22 20:00:00+01:00,Biomass 45,0.0441
2030,sc01,02-22 20:00:00+01:00,Biomass 28,0.05985
2030,sc01,02-22 20:00:00+01:00,CC NG 10,0.0
2030,sc01,02-22 20:00:00+01:00,Biomass 23,0.0161
2030,sc01,02-22 20:00:00+01:00,ST NG 06,0.0
2030,sc01,02-22 20:00:00+01:00,Wind 10,0.08162449932
2030,sc01,02-22 20:00:00+01:00,CT NG 69,0.0
2030,sc01,02-22 20:00:00+01:00,CT NG 68,0.0
2030,sc01,02-23 13:00:00+01:00,CC NG 13,0.0
2030,sc01,02-23 13:00:00+01:00,CT NG 37,0.0
2030,sc01,02-23 13:00:00+01:00,ST Coal 01,0.0
2030,sc01,02-23 13:00:00+01:00,CT NG 09,0.0
2030,sc01,02-23 13:00:00+01:00,CT NG 47,0.0
2030,sc01,02-23 13:00:00+01:00,Solar 69,0.0
2030,sc01,02-23 13:00:00+01:00,Solar 34,0.0
2030,sc01,02-23 13:00:00+01:00,Solar 73,0.0
2030,sc01,02-23 13:00:00+01:00,Biomass 37,0.0
2030,sc01,02-23 13:00:00+01:00,Hydro 20,0.0
2030,sc01,02-23 13:00:00+01:00,Solar 01,20.4914260512
2030,sc01,02-23 13:00:00+01:00,Solar 62,0.0
2030,sc01,02-23 13:00:00+01:00,Solar 02,0.0
2030,sc01,02-23 13:00:00+01:00,CT NG 26,0.0
2030,sc01,02-23 13:00:00+01:00,Biomass 20,0.013680000000000001
2030,sc01,02-23 13:00:00+01:00,Wind 16,20.368634169599318
2030,sc01,02-23 13:00:00+01:00,CT NG 66,0.0
2030,sc01,02-23 13:00:00+01:00,Solar 39,0.0
2030,sc01,02-23 13:00:00+01:00,Biomass 41,0.0
2030,sc01,02-23 13:00:00+01:00,Solar 72,0.0
2030,sc01,02-23 13:00:00+01:00,ST NG 03,0.0
2030,sc01,02-23 13:00:00+01:00,Hydro 21,0.0
2030,sc01,02-23 13:00:00+01:00,CT NG 03,0.0
2030,sc01,02-23 13:00:00+01:00,CC NG 09,0.0
2030,sc01,02-23 13:00:00+01:00,CT Oil 02,0.0
2030,sc01,02-23 13:00:00+01:00,CT NG 39,0.0
2030,sc01,02-23 13:00:00+01:00,CC NG 08,0.0
2030,sc01,02-23 13:00:00+01:00,Biomass 43,0.0
2030,sc01,02-23 13:00:00+01:00,CT NG 18,0.0
2030,sc01,02-23 13:00:00+01:00,ST NG 07,0.0
2030,sc01,02-23 13:00:00+01:00,Biomass 35,0.0
2030,sc01,02-23 13:00:00+01:00,Solar 32,0.0
2030,sc01,02-23 13:00:00+01:00,Biomass 15,0.007560000000000001
2030,sc01,02-23 13:00:00+01:00,CC NG 31,0.0
2030,sc01,02-23 13:00:00+01:00,Solar 16,1.21743109548
2030,sc01,02-23 13:00:00+01:00,Solar 68,0.0
2030,sc01,02-23 13:00:00+01:00,CT NG 21,0.0
2030,sc01,02-23 13:00:00+01:00,Wind 11,0.36996741252
2030,sc01,02-23 13:00:00+01:00,CC NG 37,0.0
2030,sc01,02-23 13:00:00+01:00,CT NG 22,0.0
2030,sc01,02-23 13:00:00+01:00,Hydro 16,0.0
2030,sc01,02-23 13:00:00+01:00,Biomass 59,0.14904
2030,sc01,02-23 13:00:00+01:00,CC NG 01,0.0
2030,sc01,02-23 13:00:00+01:00,Biomass 16,0.007560000000000001
2030,sc01,02-23 13:00:00+01:00,Solar 03,7.1104409208
2030,sc01,02-23 13:00:00+01:00,Solar 44,0.0
2030,sc01,02-23 13:00:00+01:00,CT NG 08,0.0
2030,sc01,02-23 13:00:00+01:00,Wind 05,0.015388252992
2030,sc01,02-23 13:00:00+01:00,Biomass 26,0.06156
2030,sc01,02-23 13:00:00+01:00,Solar 37,0.0
2030,sc01,02-23 13:00:00+01:00,Biomass 11,0.01332
2030,sc01,02-23 13:00:00+01:00,Solar 59,0.0
2030,sc01,02-23 13:00:00+01:00,CT NG 11,0.0
2030,sc01,02-23 13:00:00+01:00,Biomass 30,0.06156
2030,sc01,02-23 13:00:00+01:00,Hydro 23,0.0
2030,sc01,02-23 13:00:00+01:00,CC NG 24,0.0
2030,sc01,02-23 13:00:00+01:00,Solar 65,9.8917309296
2030,sc01,02-23 13:00:00+01:00,CC NG 18,0.0
2030,sc01,02-23 13:00:00+01:00,CT NG 16,0.0
2030,sc01,02-23 13:00:00+01:00,Solar 51,0.0
2030,sc01,02-23 13:00:00+01:00,Wind 06,0.5563991358
2030,sc01,02-23 13:00:00+01:00,CC NG 26,0.0
2030,sc01,02-23 13:00:00+01:00,CC NG 23,0.0
2030,sc01,02-23 13:00:00+01:00,CT NG 43,0.0
2030,sc01,02-23 13:00:00+01:00,CC NG 11,0.0
2030,sc01,02-23 13:00:00+01:00,CT NG 02,0.0
2030,sc01,02-23 13:00:00+01:00,CT NG 50,0.0
2030,sc01,02-23 13:00:00+01:00,Hydro 27,0.0
2030,sc01,02-23 13:00:00+01:00,CT NG 13,0.22132441825420507
2030,sc01,02-23 13:00:00+01:00,CT NG 25,0.0
2030,sc01,02-23 13:00:00+01:00,CC NG 05,0.0
2030,sc01,02-23 13:00:00+01:00,Solar 04,0.8735655042000001
2030,sc01,02-23 13:00:00+01:00,Solar 30,1.17398279448
2030,sc01,02-23 13:00:00+01:00,Solar 29,1.90272486168
2030,sc01,02-23 13:00:00+01:00,Solar 53,0.0
2030,sc01,02-23 13:00:00+01:00,Solar 21,3.3146390448000003
2030,sc01,02-23 13:00:00+01:00,Biomass 58,0.07344
2030,sc01,02-23 13:00:00+01:00,CT NG 74,0.0
2030,sc01,02-23 13:00:00+01:00,Solar 61,0.0
2030,sc01,02-23 13:00:00+01:00,Wind 07,0.38179553256
2030,sc01,02-23 13:00:00+01:00,Biomass 31,0.06156
2030,sc01,02-23 13:00:00+01:00,CT Oil 05,0.0
2030,sc01,02-23 13:00:00+01:00,Biomass 38,0.0
2030,sc01,02-23 13:00:00+01:00,Solar 41,0.0
2030,sc01,02-23 13:00:00+01:00,Biomass 51,0.0
2030,sc01,02-23 13:00:00+01:00,Biomass 55,0.09504
2030,sc01,02-23 13:00:00+01:00,Wind 15,0.0
2030,sc01,02-23 13:00:00+01:00,Geo 01,0.0
2030,sc01,02-23 13:00:00+01:00,Biomass 60,0.09720000000000001
2030,sc01,02-23 13:00:00+01:00,CT NG 38,0.0
2030,sc01,02-23 13:00:00+01:00,Solar 66,29.60712042028577
2030,sc01,02-23 13:00:00+01:00,Solar 49,0.0
2030,sc01,02-23 13:00:00+01:00,CT NG 51,0.0
2030,sc01,02-23 13:00:00+01:00,Biomass 18,0.007560000000000001
2030,sc01,02-23 13:00:00+01:00,ICE NG 01,0.0
2030,sc01,02-23 13:00:00+01:00,Solar 15,1.89561202992
2030,sc01,02-23 13:00:00+01:00,ICE NG 05,0.0
2030,sc01,02-23 13:00:00+01:00,CT Oil 04,0.0
2030,sc01,02-23 13:00:00+01:00,CC NG 20,0.0
2030,sc01,02-23 13:00:00+01:00,Solar 20,2.01976235208
2030,sc01,02-23 13:00:00+01:00,Biomass 04,0.0
2030,sc01,02-23 13:00:00+01:00,Wind 02,0.9480773876399999
2030,sc01,02-23 13:00:00+01:00,Hydro 25,0.0
2030,sc01,02-23 13:00:00+01:00,Solar 75,6.277363448400001
2030,sc01,02-23 13:00:00+01:00,Hydro 33,0.0
2030,sc01,02-23 13:00:00+01:00,ST NG 05,0.0
2030,sc01,02-23 13:00:00+01:00,CT NG 07,0.0
2030,sc01,02-23 13:00:00+01:00,Wind 01,0.25985215699200004
2030,sc01,02-23 13:00:00+01:00,Solar 56,0.0
2030,sc01,02-23 13:00:00+01:00,Biomass 09,0.030959999999999998
2030,sc01,02-23 13:00:00+01:00,Biomass 53,0.09504
2030,sc01,02-23 13:00:00+01:00,Wind 17,0.0
2030,sc01,02-23 13:00:00+01:00,ST NG 08,0.0
2030,sc01,02-23 13:00:00+01:00,Hydro 19,0.0
2030,sc01,02-23 13:00:00+01:00,ST NG 02,0.0
2030,sc01,02-23 13:00:00+01:00,Biomass 01,0.03996
2030,sc01,02-23 13:00:00+01:00,Biomass 57,0.07344
2030,sc01,02-23 13:00:00+01:00,CT NG 49,0.0
2030,sc01,02-23 13:00:00+01:00,CT NG 31,0.0
2030,sc01,02-23 13:00:00+01:00,Solar 64,5.193148284
2030,sc01,02-23 13:00:00+01:00,CC NG 33,0.0
2030,sc01,02-23 13:00:00+01:00,Solar 46,0.0
2030,sc01,02-23 13:00:00+01:00,Biomass 12,0.01332
2030,sc01,02-23 13:00:00+01:00,Wind 04,0.267354317952
2030,sc01,02-23 13:00:00+01:00,Solar 13,0.047586740255999994
2030,sc01,02-23 13:00:00+01:00,CT NG 55,0.0
2030,sc01,02-23 13:00:00+01:00,Wind N03,105.19935040094055
2030,sc01,02-23 13:00:00+01:00,CT NG 28,0.0
2030,sc01,02-23 13:00:00+01:00,Wind 09,0.21443146473599997
2030,sc01,02-23 13:00:00+01:00,Solar 60,0.0
2030,sc01,02-23 13:00:00+01:00,Solar 25,0.348961918176
2030,sc01,02-23 13:00:00+01:00,CT NG 23,0.0
2030,sc01,02-23 13:00:00+01:00,ST Other 01,0.0
2030,sc01,02-23 13:00:00+01:00,Solar 70,29.744314079954876
2030,sc01,02-23 13:00:00+01:00,CC NG 34,0.0
2030,sc01,02-23 13:00:00+01:00,Solar 48,0.0
2030,sc01,02-23 13:00:00+01:00,Biomass 56,0.09432000000000001
2030,sc01,02-23 13:00:00+01:00,CT NG 36,0.0
2030,sc01,02-23 13:00:00+01:00,Solar 47,0.0
2030,sc01,02-23 13:00:00+01:00,Hydro 17,0.0
2030,sc01,02-23 13:00:00+01:00,Solar 09,0.0
2030,sc01,02-23 13:00:00+01:00,Solar 08,0.0
2030,sc01,02-23 13:00:00+01:00,CT NG 45,0.0
2030,sc01,02-23 13:00:00+01:00,ST NG 04,0.0
2030,sc01,02-23 13:00:00+01:00,Solar 40,0.0
2030,sc01,02-23 13:00:00+01:00,Biomass 47,0.0
2030,sc01,02-23 13:00:00+01:00,Solar 50,0.0
2030,sc01,02-23 13:00:00+01:00,Solar 52,0.0
2030,sc01,02-23 13:00:00+01:00,Solar 63,11.090129997600002
2030,sc01,02-23 13:00:00+01:00,CC NG 06,0.0
2030,sc01,02-23 13:00:00+01:00,Biomass 39,0.0
2030,sc01,02-23 13:00:00+01:00,Solar 67,0.0
2030,sc01,02-23 13:00:00+01:00,Solar 19,0.017997519168
2030,sc01,02-23 13:00:00+01:00,Wind 12,3.57011996544
2030,sc01,02-23 13:00:00+01:00,Solar 24,0.26027387712000005
2030,sc01,02-23 13:00:00+01:00,ICE NG 02,0.0
2030,sc01,02-23 13:00:00+01:00,Solar 05,0.0
2030,sc01,02-23 13:00:00+01:00,CT NG 54,0.0
2030,sc01,02-23 13:00:00+01:00,Wind N01,33.8703689016
2030,sc01,02-23 13:00:00+01:00,CT NG 27,0.0
2030,sc01,02-23 13:00:00+01:00,CC NG 36,0.0
2030,sc01,02-23 13:00:00+01:00,Wind N02,81.58430819736152
2030,sc01,02-23 13:00:00+01:00,CT NG 52,0.0
2030,sc01,02-23 13:00:00+01:00,Solar 35,0.0
2030,sc01,02-23 13:00:00+01:00,CT NG 05,0.0
2030,sc01,02-23 13:00:00+01:00,Biomass 36,0.0
2030,sc01,02-23 13:00:00+01:00,CT NG 34,0.0
2030,sc01,02-23 13:00:00+01:00,CT Oil 03,0.0
2030,sc01,02-23 13:00:00+01:00,Hydro 35,0.0
2030,sc01,02-23 13:00:00+01:00,Solar 14,2.10749373
2030,sc01,02-23 13:00:00+01:00,CT NG 75,0.0
2030,sc01,02-23 13:00:00+01:00,ST NG 09,0.0
2030,sc01,02-23 13:00:00+01:00,CT NG 56,0.0
2030,sc01,02-23 13:00:00+01:00,Biomass 22,0.013680000000000001
2030,sc01,02-23 13:00:00+01:00,Solar 18,2.22290649036
2030,sc01,02-23 13:00:00+01:00,Biomass 13,0.01332
2030,sc01,02-23 13:00:00+01:00,CT NG 71,0.0
2030,sc01,02-23 13:00:00+01:00,Solar 58,0.0
2030,sc01,02-23 13:00:00+01:00,Solar 06,0.0
2030,sc01,02-23 13:00:00+01:00,Biomass 08,0.030959999999999998
2030,sc01,02-23 13:00:00+01:00,CT NG 72,0.0
2030,sc01,02-23 13:00:00+01:00,Hydro 18,0.0
2030,sc01,02-23 13:00:00+01:00,Solar 10,1.94550983208
2030,sc01,02-23 13:00:00+01:00,CT NG 04,0.0
2030,sc01,02-23 13:00:00+01:00,ST Other 02,0.0
2030,sc01,02-23 13:00:00+01:00,CT NG 12,0.0
2030,sc01,02-23 13:00:00+01:00,CT NG 48,0.0
2030,sc01,02-23 13:00:00+01:00,ST NG 10,0.0
2030,sc01,02-23 13:00:00+01:00,Solar 22,1.9790393508000002
2030,sc01,02-23 13:00:00+01:00,Solar 28,1.77100976196
2030,sc01,02-23 13:00:00+01:00,CT NG 73,0.0
2030,sc01,02-23 13:00:00+01:00,Biomass 52,0.0
2030,sc01,02-23 13:00:00+01:00,CT NG 30,0.0
2030,sc01,02-23 13:00:00+01:00,Solar 54,0.0
2030,sc01,02-23 13:00:00+01:00,Solar 31,0.0
2030,sc01,02-23 13:00:00+01:00,Biomass 03,0.0
2030,sc01,02-23 13:00:00+01:00,CT NG 32,0.0
2030,sc01,02-23 13:00:00+01:00,Biomass 27,0.06156
2030,sc01,02-23 13:00:00+01:00,CC NG 14,0.0
2030,sc01,02-23 13:00:00+01:00,CC NG 03,0.0
2030,sc01,02-23 13:00:00+01:00,CC NG 29,0.0
2030,sc01,02-23 13:00:00+01:00,CC NG 28,0.0
2030,sc01,02-23 13:00:00+01:00,CC NG 25,0.0
2030,sc01,02-23 13:00:00+01:00,CT NG 44,0.0
2030,sc01,02-23 13:00:00+01:00,CT NG 14,0.0
2030,sc01,02-23 13:00:00+01:00,CC NG 15,0.0
2030,sc01,02-23 13:00:00+01:00,CC NG 04,0.0
2030,sc01,02-23 13:00:00+01:00,Biomass 29,0.06156
2030,sc01,02-23 13:00:00+01:00,Wind 14,0.0
2030,sc01,02-23 13:00:00+01:00,Wind 08,0.23046852211200003
2030,sc01,02-23 13:00:00+01:00,Biomass 61,0.0
2030,sc01,02-23 13:00:00+01:00,CT NG 35,0.0
2030,sc01,02-23 13:00:00+01:00,Solar 33,0.0
2030,sc01,02-23 13:00:00+01:00,CT NG 41,0.0
2030,sc01,02-23 13:00:00+01:00,CT NG 15,0.0
2030,sc01,02-23 13:00:00+01:00,Solar 42,0.0
2030,sc01,02-23 13:00:00+01:00,Solar 07,0.0
2030,sc01,02-23 13:00:00+01:00,Solar 43,0.0
2030,sc01,02-23 13:00:00+01:00,Biomass 05,0.01728
2030,sc01,02-23 13:00:00+01:00,CT NG 29,0.0
2030,sc01,02-23 13:00:00+01:00,Solar 71,0.0
2030,sc01,02-23 13:00:00+01:00,CT NG 53,0.0
2030,sc01,02-23 13:00:00+01:00,CT NG 20,0.0
2030,sc01,02-23 13:00:00+01:00,Biomass 14,0.029519999999999998
2030,sc01,02-23 13:00:00+01:00,Solar 26,0.323163101664
2030,sc01,02-23 13:00:00+01:00,Hydro 29,0.0
2030,sc01,02-23 13:00:00+01:00,Hydro 31,0.0
2030,sc01,02-23 13:00:00+01:00,Biomass 24,0.016560000000000002
2030,sc01,02-23 13:00:00+01:00,Biomass 54,0.09504
2030,sc01,02-23 13:00:00+01:00,Solar 36,0.0
2030,sc01,02-23 13:00:00+01:00,Wind 03,0.70793552664
2030,sc01,02-23 13:00:00+01:00,Biomass 40,0.0
2030,sc01,02-23 13:00:00+01:00,Biomass 49,0.0
2030,sc01,02-23 13:00:00+01:00,CC NG 16,0.0
2030,sc01,02-23 13:00:00+01:00,Biomass 48,0.0
2030,sc01,02-23 13:00:00+01:00,Hydro 28,0.0
2030,sc01,02-23 13:00:00+01:00,Biomass 17,0.007560000000000001
2030,sc01,02-23 13:00:00+01:00,CT NG 33,0.0
2030,sc01,02-23 13:00:00+01:00,Solar 45,0.0
2030,sc01,02-23 13:00:00+01:00,Hydro 24,0.0
2030,sc01,02-23 13:00:00+01:00,Wind 13,1.60386880284
2030,sc01,02-23 13:00:00+01:00,Biomass 07,0.07200000000000001
2030,sc01,02-23 13:00:00+01:00,Biomass 34,0.0
2030,sc01,02-23 13:00:00+01:00,Biomass 33,0.0
2030,sc01,02-23 13:00:00+01:00,CT NG 01,0.8860536000000001
2030,sc01,02-23 13:00:00+01:00,ICE NG 03,0.0
2030,sc01,02-23 13:00:00+01:00,Solar 55,0.0
2030,sc01,02-23 13:00:00+01:00,Solar 11,0.356979641472
2030,sc01,02-23 13:00:00+01:00,CT NG 06,0.0
2030,sc01,02-23 13:00:00+01:00,CT NG 70,0.0
2030,sc01,02-23 13:00:00+01:00,Solar 23,0.052858385568
2030,sc01,02-23 13:00:00+01:00,CT NG 67,0.0
2030,sc01,02-23 13:00:00+01:00,Solar 12,0.276339956256
2030,sc01,02-23 13:00:00+01:00,CT Oil 01,0.0
2030,sc01,02-23 13:00:00+01:00,Hydro 26,0.0
2030,sc01,02-23 13:00:00+01:00,CC NG 22,0.0
2030,sc01,02-23 13:00:00+01:00,CC NG 35,0.0
2030,sc01,02-23 13:00:00+01:00,Biomass 50,0.0
2030,sc01,02-23 13:00:00+01:00,ICE NG 04,0.0
2030,sc01,02-23 13:00:00+01:00,CC NG 39,0.0
2030,sc01,02-23 13:00:00+01:00,Hydro 32,0.0
2030,sc01,02-23 13:00:00+01:00,ICE NG 07,0.0
2030,sc01,02-23 13:00:00+01:00,Biomass 46,0.0
2030,sc01,02-23 13:00:00+01:00,CC NG 38,0.0
2030,sc01,02-23 13:00:00+01:00,CC NG 12,0.0
2030,sc01,02-23 13:00:00+01:00,Solar 57,0.0
2030,sc01,02-23 13:00:00+01:00,CC NG 32,0.0
2030,sc01,02-23 13:00:00+01:00,CC NG 07,0.0
2030,sc01,02-23 13:00:00+01:00,Biomass 44,0.0
2030,sc01,02-23 13:00:00+01:00,CT NG 40,0.0
2030,sc01,02-23 13:00:00+01:00,Solar 74,6.283642392000001
2030,sc01,02-23 13:00:00+01:00,Hydro 30,0.0
2030,sc01,02-23 13:00:00+01:00,CT NG 42,0.0
2030,sc01,02-23 13:00:00+01:00,Hydro 22,0.0
2030,sc01,02-23 13:00:00+01:00,Solar 17,0.54201309264
2030,sc01,02-23 13:00:00+01:00,Solar 38,0.0
2030,sc01,02-23 13:00:00+01:00,CT NG 24,0.0
2030,sc01,02-23 13:00:00+01:00,CC NG 27,0.0
2030,sc01,02-23 13:00:00+01:00,Biomass 21,0.013680000000000001
2030,sc01,02-23 13:00:00+01:00,ICE NG 06,0.0
2030,sc01,02-23 13:00:00+01:00,Biomass 25,0.016560000000000002
2030,sc01,02-23 13:00:00+01:00,Solar 27,0.256740737472
2030,sc01,02-23 13:00:00+01:00,CT NG 19,0.0
2030,sc01,02-23 13:00:00+01:00,Biomass 42,0.0
2030,sc01,02-23 13:00:00+01:00,Biomass 19,0.013680000000000001
2030,sc01,02-23 13:00:00+01:00,Biomass 06,0.01728
2030,sc01,02-23 13:00:00+01:00,CT NG 10,0.0
2030,sc01,02-23 13:00:00+01:00,CC NG 40,0.0
2030,sc01,02-23 13:00:00+01:00,CC NG 21,0.0
2030,sc01,02-23 13:00:00+01:00,Biomass 02,0.03996
2030,sc01,02-23 13:00:00+01:00,CT NG 46,0.0
2030,sc01,02-23 13:00:00+01:00,Hydro 34,0.0
2030,sc01,02-23 13:00:00+01:00,Biomass 10,0.030959999999999998
2030,sc01,02-23 13:00:00+01:00,CT NG 17,0.0
2030,sc01,02-23 13:00:00+01:00,Biomass 62,0.07056
2030,sc01,02-23 13:00:00+01:00,Biomass 32,0.045360000000000004
2030,sc01,02-23 13:00:00+01:00,CC NG 19,0.0
2030,sc01,02-23 13:00:00+01:00,CC NG 17,0.0
2030,sc01,02-23 13:00:00+01:00,ST NG 01,0.0
2030,sc01,02-23 13:00:00+01:00,Biomass 45,0.0
2030,sc01,02-23 13:00:00+01:00,Biomass 28,0.06156
2030,sc01,02-23 13:00:00+01:00,CC NG 10,0.0
2030,sc01,02-23 13:00:00+01:00,Biomass 23,0.016560000000000002
2030,sc01,02-23 13:00:00+01:00,ST NG 06,0.0
2030,sc01,02-23 13:00:00+01:00,Wind 10,0.22592427033600002
2030,sc01,02-23 13:00:00+01:00,CT NG 69,0.0
2030,sc01,02-23 13:00:00+01:00,CT NG 68,0.0
2030,sc01,02-23 23:00:00+01:00,CC NG 13,0.0
2030,sc01,02-23 23:00:00+01:00,CT NG 37,0.0
2030,sc01,02-23 23:00:00+01:00,ST Coal 01,0.0
2030,sc01,02-23 23:00:00+01:00,CT NG 09,0.0
2030,sc01,02-23 23:00:00+01:00,CT NG 47,0.0
2030,sc01,02-23 23:00:00+01:00,Solar 69,0.0
2030,sc01,02-23 23:00:00+01:00,Solar 34,0.0
2030,sc01,02-23 23:00:00+01:00,Solar 73,0.0
2030,sc01,02-23 23:00:00+01:00,Biomass 37,0.0
2030,sc01,02-23 23:00:00+01:00,Hydro 20,0.0
2030,sc01,02-23 23:00:00+01:00,Solar 01,0.0
2030,sc01,02-23 23:00:00+01:00,Solar 62,0.0
2030,sc01,02-23 23:00:00+01:00,Solar 02,0.0
2030,sc01,02-23 23:00:00+01:00,CT NG 26,0.0
2030,sc01,02-23 23:00:00+01:00,Biomass 20,0.0
2030,sc01,02-23 23:00:00+01:00,Wind 16,55.6282005248
2030,sc01,02-23 23:00:00+01:00,CT NG 66,0.0
2030,sc01,02-23 23:00:00+01:00,Solar 39,0.0
2030,sc01,02-23 23:00:00+01:00,Biomass 41,0.0
2030,sc01,02-23 23:00:00+01:00,Solar 72,0.0
2030,sc01,02-23 23:00:00+01:00,ST NG 03,0.0
2030,sc01,02-23 23:00:00+01:00,Hydro 21,1.08996906
2030,sc01,02-23 23:00:00+01:00,CT NG 03,0.0
2030,sc01,02-23 23:00:00+01:00,CC NG 09,0.0
2030,sc01,02-23 23:00:00+01:00,CT Oil 02,0.0
2030,sc01,02-23 23:00:00+01:00,CT NG 39,0.0
2030,sc01,02-23 23:00:00+01:00,CC NG 08,0.0
2030,sc01,02-23 23:00:00+01:00,Biomass 43,0.0
2030,sc01,02-23 23:00:00+01:00,CT NG 18,0.0
2030,sc01,02-23 23:00:00+01:00,ST NG 07,0.0
2030,sc01,02-23 23:00:00+01:00,Biomass 35,0.0
2030,sc01,02-23 23:00:00+01:00,Solar 32,0.0
2030,sc01,02-23 23:00:00+01:00,Biomass 15,0.0
2030,sc01,02-23 23:00:00+01:00,CC NG 31,0.0
2030,sc01,02-23 23:00:00+01:00,Solar 16,0.0
2030,sc01,02-23 23:00:00+01:00,Solar 68,0.0
2030,sc01,02-23 23:00:00+01:00,CT NG 21,0.0
2030,sc01,02-23 23:00:00+01:00,Wind 11,3.2794394394
2030,sc01,02-23 23:00:00+01:00,CC NG 37,0.0
2030,sc01,02-23 23:00:00+01:00,CT NG 22,0.0
2030,sc01,02-23 23:00:00+01:00,Hydro 16,0.0
2030,sc01,02-23 23:00:00+01:00,Biomass 59,0.0
2030,sc01,02-23 23:00:00+01:00,CC NG 01,0.0
2030,sc01,02-23 23:00:00+01:00,Biomass 16,0.0
2030,sc01,02-23 23:00:00+01:00,Solar 03,0.0
2030,sc01,02-23 23:00:00+01:00,Solar 44,0.0
2030,sc01,02-23 23:00:00+01:00,CT NG 08,0.0
2030,sc01,02-23 23:00:00+01:00,Wind 05,0.23684075423999998
2030,sc01,02-23 23:00:00+01:00,Biomass 26,0.0
2030,sc01,02-23 23:00:00+01:00,Solar 37,0.0
2030,sc01,02-23 23:00:00+01:00,Biomass 11,0.0
2030,sc01,02-23 23:00:00+01:00,Solar 59,0.0
2030,sc01,02-23 23:00:00+01:00,CT NG 11,0.0
2030,sc01,02-23 23:00:00+01:00,Biomass 30,0.0
2030,sc01,02-23 23:00:00+01:00,Hydro 23,0.0
2030,sc01,02-23 23:00:00+01:00,CC NG 24,0.0
2030,sc01,02-23 23:00:00+01:00,Solar 65,0.0
2030,sc01,02-23 23:00:00+01:00,CC NG 18,0.0
2030,sc01,02-23 23:00:00+01:00,CT NG 16,0.0
2030,sc01,02-23 23:00:00+01:00,Solar 51,0.0
2030,sc01,02-23 23:00:00+01:00,Wind 06,3.2641919064000002
2030,sc01,02-23 23:00:00+01:00,CC NG 26,0.0
2030,sc01,02-23 23:00:00+01:00,CC NG 23,0.0
2030,sc01,02-23 23:00:00+01:00,CT NG 43,0.0
2030,sc01,02-23 23:00:00+01:00,CC NG 11,0.0
2030,sc01,02-23 23:00:00+01:00,CT NG 02,0.0
2030,sc01,02-23 23:00:00+01:00,CT NG 50,0.0
2030,sc01,02-23 23:00:00+01:00,Hydro 27,0.0
2030,sc01,02-23 23:00:00+01:00,CT NG 13,0.0
2030,sc01,02-23 23:00:00+01:00,CT NG 25,0.0
2030,sc01,02-23 23:00:00+01:00,CC NG 05,0.0
2030,sc01,02-23 23:00:00+01:00,Solar 04,0.0
2030,sc01,02-23 23:00:00+01:00,Solar 30,0.0
2030,sc01,02-23 23:00:00+01:00,Solar 29,0.0
2030,sc01,02-23 23:00:00+01:00,Solar 53,0.0
2030,sc01,02-23 23:00:00+01:00,Solar 21,0.0
2030,sc01,02-23 23:00:00+01:00,Biomass 58,0.0
2030,sc01,02-23 23:00:00+01:00,CT NG 74,0.0
2030,sc01,02-23 23:00:00+01:00,Solar 61,0.0
2030,sc01,02-23 23:00:00+01:00,Wind 07,3.24878697416
2030,sc01,02-23 23:00:00+01:00,Biomass 31,0.0
2030,sc01,02-23 23:00:00+01:00,CT Oil 05,0.0
2030,sc01,02-23 23:00:00+01:00,Biomass 38,0.0
2030,sc01,02-23 23:00:00+01:00,Solar 41,0.0
2030,sc01,02-23 23:00:00+01:00,Biomass 51,0.0
2030,sc01,02-23 23:00:00+01:00,Biomass 55,0.0
2030,sc01,02-23 23:00:00+01:00,Wind 15,0.0
2030,sc01,02-23 23:00:00+01:00,Geo 01,0.0
2030,sc01,02-23 23:00:00+01:00,Biomass 60,0.0
2030,sc01,02-23 23:00:00+01:00,CT NG 38,0.0
2030,sc01,02-23 23:00:00+01:00,Solar 66,0.0
2030,sc01,02-23 23:00:00+01:00,Solar 49,0.0
2030,sc01,02-23 23:00:00+01:00,CT NG 51,0.0
2030,sc01,02-23 23:00:00+01:00,Biomass 18,0.0
2030,sc01,02-23 23:00:00+01:00,ICE NG 01,0.0
2030,sc01,02-23 23:00:00+01:00,Solar 15,0.0
2030,sc01,02-23 23:00:00+01:00,ICE NG 05,0.0
2030,sc01,02-23 23:00:00+01:00,CT Oil 04,0.0
2030,sc01,02-23 23:00:00+01:00,CC NG 20,0.0
2030,sc01,02-23 23:00:00+01:00,Solar 20,0.0
2030,sc01,02-23 23:00:00+01:00,Biomass 04,0.0
2030,sc01,02-23 23:00:00+01:00,Wind 02,7.0300142534
2030,sc01,02-23 23:00:00+01:00,Hydro 25,0.45013800000000004
2030,sc01,02-23 23:00:00+01:00,Solar 75,0.0
2030,sc01,02-23 23:00:00+01:00,Hydro 33,0.0
2030,sc01,02-23 23:00:00+01:00,ST NG 05,0.0
2030,sc01,02-23 23:00:00+01:00,CT NG 07,0.0
2030,sc01,02-23 23:00:00+01:00,Wind 01,2.09886057076
2030,sc01,02-23 23:00:00+01:00,Solar 56,0.0
2030,sc01,02-23 23:00:00+01:00,Biomass 09,0.0
2030,sc01,02-23 23:00:00+01:00,Biomass 53,0.0
2030,sc01,02-23 23:00:00+01:00,Wind 17,27.374625182073366
2030,sc01,02-23 23:00:00+01:00,ST NG 08,0.0
2030,sc01,02-23 23:00:00+01:00,Hydro 19,0.0
2030,sc01,02-23 23:00:00+01:00,ST NG 02,0.0
2030,sc01,02-23 23:00:00+01:00,Biomass 01,0.0
2030,sc01,02-23 23:00:00+01:00,Biomass 57,0.0
2030,sc01,02-23 23:00:00+01:00,CT NG 49,0.0
2030,sc01,02-23 23:00:00+01:00,CT NG 31,0.0
2030,sc01,02-23 23:00:00+01:00,Solar 64,0.0
2030,sc01,02-23 23:00:00+01:00,CC NG 33,0.0
2030,sc01,02-23 23:00:00+01:00,Solar 46,0.0
2030,sc01,02-23 23:00:00+01:00,Biomass 12,0.0
2030,sc01,02-23 23:00:00+01:00,Wind 04,1.16285480176
2030,sc01,02-23 23:00:00+01:00,Solar 13,0.0
2030,sc01,02-23 23:00:00+01:00,CT NG 55,0.0
2030,sc01,02-23 23:00:00+01:00,Wind N03,135.10308904027238
2030,sc01,02-23 23:00:00+01:00,CT NG 28,0.0
2030,sc01,02-23 23:00:00+01:00,Wind 09,3.4665695954
2030,sc01,02-23 23:00:00+01:00,Solar 60,0.0
2030,sc01,02-23 23:00:00+01:00,Solar 25,0.0
2030,sc01,02-23 23:00:00+01:00,CT NG 23,0.0
2030,sc01,02-23 23:00:00+01:00,ST Other 01,0.0
2030,sc01,02-23 23:00:00+01:00,Solar 70,0.0
2030,sc01,02-23 23:00:00+01:00,CC NG 34,0.0
2030,sc01,02-23 23:00:00+01:00,Solar 48,0.0
2030,sc01,02-23 23:00:00+01:00,Biomass 56,0.0
2030,sc01,02-23 23:00:00+01:00,CT NG 36,0.0
2030,sc01,02-23 23:00:00+01:00,Solar 47,0.0
2030,sc01,02-23 23:00:00+01:00,Hydro 17,0.0155817
2030,sc01,02-23 23:00:00+01:00,Solar 09,0.0
2030,sc01,02-23 23:00:00+01:00,Solar 08,0.0
2030,sc01,02-23 23:00:00+01:00,CT NG 45,0.0
2030,sc01,02-23 23:00:00+01:00,ST NG 04,0.0
2030,sc01,02-23 23:00:00+01:00,Solar 40,0.0
2030,sc01,02-23 23:00:00+01:00,Biomass 47,0.0
2030,sc01,02-23 23:00:00+01:00,Solar 50,0.0
2030,sc01,02-23 23:00:00+01:00,Solar 52,0.0
2030,sc01,02-23 23:00:00+01:00,Solar 63,0.0
2030,sc01,02-23 23:00:00+01:00,CC NG 06,0.0
2030,sc01,02-23 23:00:00+01:00,Biomass 39,0.0
2030,sc01,02-23 23:00:00+01:00,Solar 67,0.0
2030,sc01,02-23 23:00:00+01:00,Solar 19,0.0
2030,sc01,02-23 23:00:00+01:00,Wind 12,15.894215774000003
2030,sc01,02-23 23:00:00+01:00,Solar 24,0.0
2030,sc01,02-23 23:00:00+01:00,ICE NG 02,0.0
2030,sc01,02-23 23:00:00+01:00,Solar 05,0.0
2030,sc01,02-23 23:00:00+01:00,CT NG 54,0.0
2030,sc01,02-23 23:00:00+01:00,Wind N01,150.79127784400004
2030,sc01,02-23 23:00:00+01:00,CT NG 27,0.0
2030,sc01,02-23 23:00:00+01:00,CC NG 36,0.0
2030,sc01,02-23 23:00:00+01:00,Wind N02,0.0
2030,sc01,02-23 23:00:00+01:00,CT NG 52,0.0
2030,sc01,02-23 23:00:00+01:00,Solar 35,0.0
2030,sc01,02-23 23:00:00+01:00,CT NG 05,0.0
2030,sc01,02-23 23:00:00+01:00,Biomass 36,0.0
2030,sc01,02-23 23:00:00+01:00,CT NG 34,0.0
2030,sc01,02-23 23:00:00+01:00,CT Oil 03,0.0
2030,sc01,02-23 23:00:00+01:00,Hydro 35,0.0
2030,sc01,02-23 23:00:00+01:00,Solar 14,0.0
2030,sc01,02-23 23:00:00+01:00,CT NG 75,0.0
2030,sc01,02-23 23:00:00+01:00,ST NG 09,0.0
2030,sc01,02-23 23:00:00+01:00,CT NG 56,0.0
2030,sc01,02-23 23:00:00+01:00,Biomass 22,0.0
2030,sc01,02-23 23:00:00+01:00,Solar 18,0.0
2030,sc01,02-23 23:00:00+01:00,Biomass 13,0.0
2030,sc01,02-23 23:00:00+01:00,CT NG 71,0.0
2030,sc01,02-23 23:00:00+01:00,Solar 58,0.0
2030,sc01,02-23 23:00:00+01:00,Solar 06,0.0
2030,sc01,02-23 23:00:00+01:00,Biomass 08,0.0
2030,sc01,02-23 23:00:00+01:00,CT NG 72,0.0
2030,sc01,02-23 23:00:00+01:00,Hydro 18,0.053670300000000004
2030,sc01,02-23 23:00:00+01:00,Solar 10,0.0
2030,sc01,02-23 23:00:00+01:00,CT NG 04,0.0
2030,sc01,02-23 23:00:00+01:00,ST Other 02,0.0
2030,sc01,02-23 23:00:00+01:00,CT NG 12,0.0
2030,sc01,02-23 23:00:00+01:00,CT NG 48,0.0
2030,sc01,02-23 23:00:00+01:00,ST NG 10,0.0
2030,sc01,02-23 23:00:00+01:00,Solar 22,0.0
2030,sc01,02-23 23:00:00+01:00,Solar 28,0.0
2030,sc01,02-23 23:00:00+01:00,CT NG 73,0.0
2030,sc01,02-23 23:00:00+01:00,Biomass 52,0.0
2030,sc01,02-23 23:00:00+01:00,CT NG 30,0.0
2030,sc01,02-23 23:00:00+01:00,Solar 54,0.0
2030,sc01,02-23 23:00:00+01:00,Solar 31,0.0
2030,sc01,02-23 23:00:00+01:00,Biomass 03,0.0
2030,sc01,02-23 23:00:00+01:00,CT NG 32,0.0
2030,sc01,02-23 23:00:00+01:00,Biomass 27,0.0
2030,sc01,02-23 23:00:00+01:00,CC NG 14,0.0
2030,sc01,02-23 23:00:00+01:00,CC NG 03,0.0
2030,sc01,02-23 23:00:00+01:00,CC NG 29,0.0
2030,sc01,02-23 23:00:00+01:00,CC NG 28,0.0
2030,sc01,02-23 23:00:00+01:00,CC NG 25,0.0
2030,sc01,02-23 23:00:00+01:00,CT NG 44,0.0
2030,sc01,02-23 23:00:00+01:00,CT NG 14,0.0
2030,sc01,02-23 23:00:00+01:00,CC NG 15,0.0
2030,sc01,02-23 23:00:00+01:00,CC NG 04,0.0
2030,sc01,02-23 23:00:00+01:00,Biomass 29,0.0
2030,sc01,02-23 23:00:00+01:00,Wind 14,106.51065489829334
2030,sc01,02-23 23:00:00+01:00,Wind 08,3.6943136539999997
2030,sc01,02-23 23:00:00+01:00,Biomass 61,0.0
2030,sc01,02-23 23:00:00+01:00,CT NG 35,0.0
2030,sc01,02-23 23:00:00+01:00,Solar 33,0.0
2030,sc01,02-23 23:00:00+01:00,CT NG 41,0.0
2030,sc01,02-23 23:00:00+01:00,CT NG 15,0.0
2030,sc01,02-23 23:00:00+01:00,Solar 42,0.0
2030,sc01,02-23 23:00:00+01:00,Solar 07,0.0
2030,sc01,02-23 23:00:00+01:00,Solar 43,0.0
2030,sc01,02-23 23:00:00+01:00,Biomass 05,0.0
2030,sc01,02-23 23:00:00+01:00,CT NG 29,0.0
2030,sc01,02-23 23:00:00+01:00,Solar 71,0.0
2030,sc01,02-23 23:00:00+01:00,CT NG 53,0.0
2030,sc01,02-23 23:00:00+01:00,CT NG 20,0.0
2030,sc01,02-23 23:00:00+01:00,Biomass 14,0.0
2030,sc01,02-23 23:00:00+01:00,Solar 26,0.0
2030,sc01,02-23 23:00:00+01:00,Hydro 29,0.0
2030,sc01,02-23 23:00:00+01:00,Hydro 31,0.0
2030,sc01,02-23 23:00:00+01:00,Biomass 24,0.0
2030,sc01,02-23 23:00:00+01:00,Biomass 54,0.0
2030,sc01,02-23 23:00:00+01:00,Solar 36,0.0
2030,sc01,02-23 23:00:00+01:00,Wind 03,2.47863359368
2030,sc01,02-23 23:00:00+01:00,Biomass 40,0.0
2030,sc01,02-23 23:00:00+01:00,Biomass 49,0.0
2030,sc01,02-23 23:00:00+01:00,CC NG 16,0.0
2030,sc01,02-23 23:00:00+01:00,Biomass 48,0.0
2030,sc01,02-23 23:00:00+01:00,Hydro 28,0.0
2030,sc01,02-23 23:00:00+01:00,Biomass 17,0.0
2030,sc01,02-23 23:00:00+01:00,CT NG 33,0.0
2030,sc01,02-23 23:00:00+01:00,Solar 45,0.0
2030,sc01,02-23 23:00:00+01:00,Hydro 24,0.0
2030,sc01,02-23 23:00:00+01:00,Wind 13,7.8720425006
2030,sc01,02-23 23:00:00+01:00,Biomass 07,0.0
2030,sc01,02-23 23:00:00+01:00,Biomass 34,0.0
2030,sc01,02-23 23:00:00+01:00,Biomass 33,0.0
2030,sc01,02-23 23:00:00+01:00,CT NG 01,0.0
2030,sc01,02-23 23:00:00+01:00,ICE NG 03,0.0
2030,sc01,02-23 23:00:00+01:00,Solar 55,0.0
2030,sc01,02-23 23:00:00+01:00,Solar 11,0.0
2030,sc01,02-23 23:00:00+01:00,CT NG 06,0.0
2030,sc01,02-23 23:00:00+01:00,CT NG 70,0.0
2030,sc01,02-23 23:00:00+01:00,Solar 23,0.0
2030,sc01,02-23 23:00:00+01:00,CT NG 67,0.0
2030,sc01,02-23 23:00:00+01:00,Solar 12,0.0
2030,sc01,02-23 23:00:00+01:00,CT Oil 01,0.0
2030,sc01,02-23 23:00:00+01:00,Hydro 26,0.0
2030,sc01,02-23 23:00:00+01:00,CC NG 22,0.0
2030,sc01,02-23 23:00:00+01:00,CC NG 35,0.0
2030,sc01,02-23 23:00:00+01:00,Biomass 50,0.0
2030,sc01,02-23 23:00:00+01:00,ICE NG 04,0.0
2030,sc01,02-23 23:00:00+01:00,CC NG 39,0.0
2030,sc01,02-23 23:00:00+01:00,Hydro 32,0.0
2030,sc01,02-23 23:00:00+01:00,ICE NG 07,0.0
2030,sc01,02-23 23:00:00+01:00,Biomass 46,0.0
2030,sc01,02-23 23:00:00+01:00,CC NG 38,0.0
2030,sc01,02-23 23:00:00+01:00,CC NG 12,0.0
2030,sc01,02-23 23:00:00+01:00,Solar 57,0.0
2030,sc01,02-23 23:00:00+01:00,CC NG 32,0.0
2030,sc01,02-23 23:00:00+01:00,CC NG 07,0.0
2030,sc01,02-23 23:00:00+01:00,Biomass 44,0.0
2030,sc01,02-23 23:00:00+01:00,CT NG 40,0.0
2030,sc01,02-23 23:00:00+01:00,Solar 74,0.0
2030,sc01,02-23 23:00:00+01:00,Hydro 30,0.0
2030,sc01,02-23 23:00:00+01:00,CT NG 42,0.0
2030,sc01,02-23 23:00:00+01:00,Hydro 22,1.08996906
2030,sc01,02-23 23:00:00+01:00,Solar 17,0.0
2030,sc01,02-23 23:00:00+01:00,Solar 38,0.0
2030,sc01,02-23 23:00:00+01:00,CT NG 24,0.0
2030,sc01,02-23 23:00:00+01:00,CC NG 27,0.0
2030,sc01,02-23 23:00:00+01:00,Biomass 21,0.0
2030,sc01,02-23 23:00:00+01:00,ICE NG 06,0.0
2030,sc01,02-23 23:00:00+01:00,Biomass 25,0.0
2030,sc01,02-23 23:00:00+01:00,Solar 27,0.0
2030,sc01,02-23 23:00:00+01:00,CT NG 19,0.0
2030,sc01,02-23 23:00:00+01:00,Biomass 42,0.0
2030,sc01,02-23 23:00:00+01:00,Biomass 19,0.0
2030,sc01,02-23 23:00:00+01:00,Biomass 06,0.0
2030,sc01,02-23 23:00:00+01:00,CT NG 10,0.0
2030,sc01,02-23 23:00:00+01:00,CC NG 40,0.0
2030,sc01,02-23 23:00:00+01:00,CC NG 21,0.0
2030,sc01,02-23 23:00:00+01:00,Biomass 02,0.0
2030,sc01,02-23 23:00:00+01:00,CT NG 46,0.0
2030,sc01,02-23 23:00:00+01:00,Hydro 34,0.0
2030,sc01,02-23 23:00:00+01:00,Biomass 10,0.0
2030,sc01,02-23 23:00:00+01:00,CT NG 17,0.0
2030,sc01,02-23 23:00:00+01:00,Biomass 62,0.0
2030,sc01,02-23 23:00:00+01:00,Biomass 32,0.0
2030,sc01,02-23 23:00:00+01:00,CC NG 19,0.0
2030,sc01,02-23 23:00:00+01:00,CC NG 17,0.0
2030,sc01,02-23 23:00:00+01:00,ST NG 01,0.0
2030,sc01,02-23 23:00:00+01:00,Biomass 45,0.0
2030,sc01,02-23 23:00:00+01:00,Biomass 28,0.0
2030,sc01,02-23 23:00:00+01:00,CC NG 10,0.0
2030,sc01,02-23 23:00:00+01:00,Biomass 23,0.0
2030,sc01,02-23 23:00:00+01:00,ST NG 06,0.0
2030,sc01,02-23 23:00:00+01:00,Wind 10,3.53521902586
2030,sc01,02-23 23:00:00+01:00,CT NG 69,0.0
2030,sc01,02-23 23:00:00+01:00,CT NG 68,0.0
2030,sc01,02-24 17:00:00+01:00,CC NG 13,0.0
2030,sc01,02-24 17:00:00+01:00,CT NG 37,0.0
2030,sc01,02-24 17:00:00+01:00,ST Coal 01,0.0
2030,sc01,02-24 17:00:00+01:00,CT NG 09,0.0
2030,sc01,02-24 17:00:00+01:00,CT NG 47,0.0
2030,sc01,02-24 17:00:00+01:00,Solar 69,0.8933142954600002
2030,sc01,02-24 17:00:00+01:00,Solar 34,0.8711256915
2030,sc01,02-24 17:00:00+01:00,Solar 73,0.0
2030,sc01,02-24 17:00:00+01:00,Biomass 37,0.0
2030,sc01,02-24 17:00:00+01:00,Hydro 20,0.0
2030,sc01,02-24 17:00:00+01:00,Solar 01,0.45829916154
2030,sc01,02-24 17:00:00+01:00,Solar 62,0.5832160542
2030,sc01,02-24 17:00:00+01:00,Solar 02,0.0
2030,sc01,02-24 17:00:00+01:00,CT NG 26,0.0
2030,sc01,02-24 17:00:00+01:00,Biomass 20,0.006840000000000001
2030,sc01,02-24 17:00:00+01:00,Wind 16,15.4817538336
2030,sc01,02-24 17:00:00+01:00,CT NG 66,0.0
2030,sc01,02-24 17:00:00+01:00,Solar 39,0.0030676988160000004
2030,sc01,02-24 17:00:00+01:00,Biomass 41,0.0
2030,sc01,02-24 17:00:00+01:00,Solar 72,0.1979381286
2030,sc01,02-24 17:00:00+01:00,ST NG 03,0.0
2030,sc01,02-24 17:00:00+01:00,Hydro 21,0.33904062
2030,sc01,02-24 17:00:00+01:00,CT NG 03,0.0
2030,sc01,02-24 17:00:00+01:00,CC NG 09,0.0
2030,sc01,02-24 17:00:00+01:00,CT Oil 02,0.0
2030,sc01,02-24 17:00:00+01:00,CT NG 39,0.0
2030,sc01,02-24 17:00:00+01:00,CC NG 08,0.0
2030,sc01,02-24 17:00:00+01:00,Biomass 43,0.0
2030,sc01,02-24 17:00:00+01:00,CT NG 18,0.06802379999999998
2030,sc01,02-24 17:00:00+01:00,ST NG 07,0.0
2030,sc01,02-24 17:00:00+01:00,Biomass 35,0.0
2030,sc01,02-24 17:00:00+01:00,Solar 32,0.0
2030,sc01,02-24 17:00:00+01:00,Biomass 15,0.0037800000000000004
2030,sc01,02-24 17:00:00+01:00,CC NG 31,0.0
2030,sc01,02-24 17:00:00+01:00,Solar 16,0.013377060576
2030,sc01,02-24 17:00:00+01:00,Solar 68,0.7487934467399999
2030,sc01,02-24 17:00:00+01:00,CT NG 21,0.0
2030,sc01,02-24 17:00:00+01:00,Wind 11,0.162507347568
2030,sc01,02-24 17:00:00+01:00,CC NG 37,0.0
2030,sc01,02-24 17:00:00+01:00,CT NG 22,0.0
2030,sc01,02-24 17:00:00+01:00,Hydro 16,0.0
2030,sc01,02-24 17:00:00+01:00,Biomass 59,0.07452
2030,sc01,02-24 17:00:00+01:00,CC NG 01,0.0
2030,sc01,02-24 17:00:00+01:00,Biomass 16,0.0037800000000000004
2030,sc01,02-24 17:00:00+01:00,Solar 03,0.130269892968
2030,sc01,02-24 17:00:00+01:00,Solar 44,0.010868238144
2030,sc01,02-24 17:00:00+01:00,CT NG 08,0.0
2030,sc01,02-24 17:00:00+01:00,Wind 05,0.025387216416000002
2030,sc01,02-24 17:00:00+01:00,Biomass 26,0.03078
2030,sc01,02-24 17:00:00+01:00,Solar 37,0.20856861378
2030,sc01,02-24 17:00:00+01:00,Biomass 11,0.00666
2030,sc01,02-24 17:00:00+01:00,Solar 59,0.076935892752
2030,sc01,02-24 17:00:00+01:00,CT NG 11,0.0
2030,sc01,02-24 17:00:00+01:00,Biomass 30,0.03078
2030,sc01,02-24 17:00:00+01:00,Hydro 23,13.2336666
2030,sc01,02-24 17:00:00+01:00,CC NG 24,0.0
2030,sc01,02-24 17:00:00+01:00,Solar 65,0.48282164027999996
2030,sc01,02-24 17:00:00+01:00,CC NG 18,0.8640466411091676
2030,sc01,02-24 17:00:00+01:00,CT NG 16,0.0
2030,sc01,02-24 17:00:00+01:00,Solar 51,0.070314450048
2030,sc01,02-24 17:00:00+01:00,Wind 06,0.55731646278
2030,sc01,02-24 17:00:00+01:00,CC NG 26,0.0
2030,sc01,02-24 17:00:00+01:00,CC NG 23,0.0
2030,sc01,02-24 17:00:00+01:00,CT NG 43,0.0
2030,sc01,02-24 17:00:00+01:00,CC NG 11,0.0
2030,sc01,02-24 17:00:00+01:00,CT NG 02,0.0
2030,sc01,02-24 17:00:00+01:00,CT NG 50,0.0
2030,sc01,02-24 17:00:00+01:00,Hydro 27,0.0
2030,sc01,02-24 17:00:00+01:00,CT NG 13,0.0
2030,sc01,02-24 17:00:00+01:00,CT NG 25,0.0
2030,sc01,02-24 17:00:00+01:00,CC NG 05,0.8781325245413201
2030,sc01,02-24 17:00:00+01:00,Solar 04,0.006405005952
2030,sc01,02-24 17:00:00+01:00,Solar 30,0.012899653200000001
2030,sc01,02-24 17:00:00+01:00,Solar 29,0.0345432096
2030,sc01,02-24 17:00:00+01:00,Solar 53,0.072309669552
2030,sc01,02-24 17:00:00+01:00,Solar 21,0.024303023280000002
2030,sc01,02-24 17:00:00+01:00,Biomass 58,0.03672
2030,sc01,02-24 17:00:00+01:00,CT NG 74,0.0
2030,sc01,02-24 17:00:00+01:00,Solar 61,0.014887945583999999
2030,sc01,02-24 17:00:00+01:00,Wind 07,0.22325925024
2030,sc01,02-24 17:00:00+01:00,Biomass 31,0.03078
2030,sc01,02-24 17:00:00+01:00,CT Oil 05,0.0
2030,sc01,02-24 17:00:00+01:00,Biomass 38,0.0
2030,sc01,02-24 17:00:00+01:00,Solar 41,0.0030676988160000004
2030,sc01,02-24 17:00:00+01:00,Biomass 51,0.0
2030,sc01,02-24 17:00:00+01:00,Biomass 55,0.04752
2030,sc01,02-24 17:00:00+01:00,Wind 15,3.9793266684000006
2030,sc01,02-24 17:00:00+01:00,Geo 01,0.0
2030,sc01,02-24 17:00:00+01:00,Biomass 60,0.048600000000000004
2030,sc01,02-24 17:00:00+01:00,CT NG 38,0.0
2030,sc01,02-24 17:00:00+01:00,Solar 66,1.4030444755799998
2030,sc01,02-24 17:00:00+01:00,Solar 49,0.006692393376
2030,sc01,02-24 17:00:00+01:00,CT NG 51,0.0
2030,sc01,02-24 17:00:00+01:00,Biomass 18,0.0037800000000000004
2030,sc01,02-24 17:00:00+01:00,ICE NG 01,0.0
2030,sc01,02-24 17:00:00+01:00,Solar 15,0.013898678687999998
2030,sc01,02-24 17:00:00+01:00,ICE NG 05,0.0
2030,sc01,02-24 17:00:00+01:00,CT Oil 04,0.0
2030,sc01,02-24 17:00:00+01:00,CC NG 20,0.0
2030,sc01,02-24 17:00:00+01:00,Solar 20,0.040369643999999996
2030,sc01,02-24 17:00:00+01:00,Biomass 04,0.0
2030,sc01,02-24 17:00:00+01:00,Wind 02,0.6830193848400001
2030,sc01,02-24 17:00:00+01:00,Hydro 25,0.14159339999999998
2030,sc01,02-24 17:00:00+01:00,Solar 75,0.24895080972000003
2030,sc01,02-24 17:00:00+01:00,Hydro 33,19.822789800000002
2030,sc01,02-24 17:00:00+01:00,ST NG 05,0.0
2030,sc01,02-24 17:00:00+01:00,CT NG 07,0.0
2030,sc01,02-24 17:00:00+01:00,Wind 01,0.20546674326
2030,sc01,02-24 17:00:00+01:00,Solar 56,0.11655117201600002
2030,sc01,02-24 17:00:00+01:00,Biomass 09,0.015479999999999999
2030,sc01,02-24 17:00:00+01:00,Biomass 53,0.04752
2030,sc01,02-24 17:00:00+01:00,Wind 17,0.6019030686600001
2030,sc01,02-24 17:00:00+01:00,ST NG 08,0.0
2030,sc01,02-24 17:00:00+01:00,Hydro 19,0.368973
2030,sc01,02-24 17:00:00+01:00,ST NG 02,0.0
2030,sc01,02-24 17:00:00+01:00,Biomass 01,0.01998
2030,sc01,02-24 17:00:00+01:00,Biomass 57,0.03672
2030,sc01,02-24 17:00:00+01:00,CT NG 49,0.0
2030,sc01,02-24 17:00:00+01:00,CT NG 31,0.0
2030,sc01,02-24 17:00:00+01:00,Solar 64,0.253480851
2030,sc01,02-24 17:00:00+01:00,CC NG 33,0.0
2030,sc01,02-24 17:00:00+01:00,Solar 46,0.010868238144
2030,sc01,02-24 17:00:00+01:00,Biomass 12,0.00666
2030,sc01,02-24 17:00:00+01:00,Wind 04,0.53532107118
2030,sc01,02-24 17:00:00+01:00,Solar 13,0.0
2030,sc01,02-24 17:00:00+01:00,CT NG 55,0.0
2030,sc01,02-24 17:00:00+01:00,Wind N03,23.150118024
2030,sc01,02-24 17:00:00+01:00,CT NG 28,0.0
2030,sc01,02-24 17:00:00+01:00,Wind 09,0.36549254808
2030,sc01,02-24 17:00:00+01:00,Solar 60,0.101793028176
2030,sc01,02-24 17:00:00+01:00,Solar 25,0.0
2030,sc01,02-24 17:00:00+01:00,CT NG 23,0.0
2030,sc01,02-24 17:00:00+01:00,ST Other 01,0.0
2030,sc01,02-24 17:00:00+01:00,Solar 70,0.0
2030,sc01,02-24 17:00:00+01:00,CC NG 34,0.0
2030,sc01,02-24 17:00:00+01:00,Solar 48,0.010868238144
2030,sc01,02-24 17:00:00+01:00,Biomass 56,0.04716000000000001
2030,sc01,02-24 17:00:00+01:00,CT NG 36,0.0
2030,sc01,02-24 17:00:00+01:00,Solar 47,0.010868238144
2030,sc01,02-24 17:00:00+01:00,Hydro 17,0.004901310000000001
2030,sc01,02-24 17:00:00+01:00,Solar 09,0.01695779784
2030,sc01,02-24 17:00:00+01:00,Solar 08,0.0
2030,sc01,02-24 17:00:00+01:00,CT NG 45,0.0
2030,sc01,02-24 17:00:00+01:00,ST NG 04,1.0098876882483057
2030,sc01,02-24 17:00:00+01:00,Solar 40,0.0030676988160000004
2030,sc01,02-24 17:00:00+01:00,Biomass 47,0.0
2030,sc01,02-24 17:00:00+01:00,Solar 50,0.008087943456
2030,sc01,02-24 17:00:00+01:00,Solar 52,0.018344800368
2030,sc01,02-24 17:00:00+01:00,Solar 63,0.5413162566599999
2030,sc01,02-24 17:00:00+01:00,CC NG 06,0.0
2030,sc01,02-24 17:00:00+01:00,Biomass 39,0.0
2030,sc01,02-24 17:00:00+01:00,Solar 67,0.36084732228000005
2030,sc01,02-24 17:00:00+01:00,Solar 19,0.0
2030,sc01,02-24 17:00:00+01:00,Wind 12,3.6896777496
2030,sc01,02-24 17:00:00+01:00,Solar 24,0.0
2030,sc01,02-24 17:00:00+01:00,ICE NG 02,0.0
2030,sc01,02-24 17:00:00+01:00,Solar 05,0.0
2030,sc01,02-24 17:00:00+01:00,CT NG 54,0.0
2030,sc01,02-24 17:00:00+01:00,Wind N01,35.004635064
2030,sc01,02-24 17:00:00+01:00,CT NG 27,0.0
2030,sc01,02-24 17:00:00+01:00,CC NG 36,0.0
2030,sc01,02-24 17:00:00+01:00,Wind N02,0.6824879985603979
2030,sc01,02-24 17:00:00+01:00,CT NG 52,0.0
2030,sc01,02-24 17:00:00+01:00,Solar 35,0.0
2030,sc01,02-24 17:00:00+01:00,CT NG 05,0.0
2030,sc01,02-24 17:00:00+01:00,Biomass 36,0.0
2030,sc01,02-24 17:00:00+01:00,CT NG 34,0.0
2030,sc01,02-24 17:00:00+01:00,CT Oil 03,0.0
2030,sc01,02-24 17:00:00+01:00,Hydro 35,0.0
2030,sc01,02-24 17:00:00+01:00,Solar 14,0.015452201088
2030,sc01,02-24 17:00:00+01:00,CT NG 75,0.0
2030,sc01,02-24 17:00:00+01:00,ST NG 09,0.0
2030,sc01,02-24 17:00:00+01:00,CT NG 56,0.0
2030,sc01,02-24 17:00:00+01:00,Biomass 22,0.006840000000000001
2030,sc01,02-24 17:00:00+01:00,Solar 18,0.016298410608
2030,sc01,02-24 17:00:00+01:00,Biomass 13,0.00666
2030,sc01,02-24 17:00:00+01:00,CT NG 71,0.0
2030,sc01,02-24 17:00:00+01:00,Solar 58,0.013814878463999999
2030,sc01,02-24 17:00:00+01:00,Solar 06,0.012832790112
2030,sc01,02-24 17:00:00+01:00,Biomass 08,0.015479999999999999
2030,sc01,02-24 17:00:00+01:00,CT NG 72,0.0
2030,sc01,02-24 17:00:00+01:00,Hydro 18,0.01688229
2030,sc01,02-24 17:00:00+01:00,Solar 10,0.03888553492800001
2030,sc01,02-24 17:00:00+01:00,CT NG 04,0.0
2030,sc01,02-24 17:00:00+01:00,ST Other 02,0.0
2030,sc01,02-24 17:00:00+01:00,CT NG 12,0.0
2030,sc01,02-24 17:00:00+01:00,CT NG 48,0.0
2030,sc01,02-24 17:00:00+01:00,ST NG 10,0.0
2030,sc01,02-24 17:00:00+01:00,Solar 22,0.035928668591999995
2030,sc01,02-24 17:00:00+01:00,Solar 28,0.032151974544
2030,sc01,02-24 17:00:00+01:00,CT NG 73,0.0
2030,sc01,02-24 17:00:00+01:00,Biomass 52,0.0
2030,sc01,02-24 17:00:00+01:00,CT NG 30,0.0
2030,sc01,02-24 17:00:00+01:00,Solar 54,0.015858643392
2030,sc01,02-24 17:00:00+01:00,Solar 31,0.0
2030,sc01,02-24 17:00:00+01:00,Biomass 03,0.0
2030,sc01,02-24 17:00:00+01:00,CT NG 32,0.0
2030,sc01,02-24 17:00:00+01:00,Biomass 27,0.03078
2030,sc01,02-24 17:00:00+01:00,CC NG 14,0.0
2030,sc01,02-24 17:00:00+01:00,CC NG 03,2.21021388
2030,sc01,02-24 17:00:00+01:00,CC NG 29,0.0
2030,sc01,02-24 17:00:00+01:00,CC NG 28,0.0
2030,sc01,02-24 17:00:00+01:00,CC NG 25,0.0
2030,sc01,02-24 17:00:00+01:00,CT NG 44,0.0
2030,sc01,02-24 17:00:00+01:00,CT NG 14,0.0
2030,sc01,02-24 17:00:00+01:00,CC NG 15,0.0
2030,sc01,02-24 17:00:00+01:00,CC NG 04,5.56992
2030,sc01,02-24 17:00:00+01:00,Biomass 29,0.03078
2030,sc01,02-24 17:00:00+01:00,Wind 14,34.62433632
2030,sc01,02-24 17:00:00+01:00,Wind 08,0.37685979342
2030,sc01,02-24 17:00:00+01:00,Biomass 61,0.0
2030,sc01,02-24 17:00:00+01:00,CT NG 35,0.0
2030,sc01,02-24 17:00:00+01:00,Solar 33,0.0
2030,sc01,02-24 17:00:00+01:00,CT NG 41,0.0
2030,sc01,02-24 17:00:00+01:00,CT NG 15,0.0
2030,sc01,02-24 17:00:00+01:00,Solar 42,0.010868238144
2030,sc01,02-24 17:00:00+01:00,Solar 07,0.0
2030,sc01,02-24 17:00:00+01:00,Solar 43,0.010868238144
2030,sc01,02-24 17:00:00+01:00,Biomass 05,0.00864
2030,sc01,02-24 17:00:00+01:00,CT NG 29,0.0
2030,sc01,02-24 17:00:00+01:00,Solar 71,0.68197800348
2030,sc01,02-24 17:00:00+01:00,CT NG 53,0.0
2030,sc01,02-24 17:00:00+01:00,CT NG 20,0.0
2030,sc01,02-24 17:00:00+01:00,Biomass 14,0.014759999999999999
2030,sc01,02-24 17:00:00+01:00,Solar 26,0.0
2030,sc01,02-24 17:00:00+01:00,Hydro 29,15.43630587734877
2030,sc01,02-24 17:00:00+01:00,Hydro 31,0.0
2030,sc01,02-24 17:00:00+01:00,Biomass 24,0.008280000000000001
2030,sc01,02-24 17:00:00+01:00,Biomass 54,0.04752
2030,sc01,02-24 17:00:00+01:00,Solar 36,0.9452487060000001
2030,sc01,02-24 17:00:00+01:00,Wind 03,1.00959436836
2030,sc01,02-24 17:00:00+01:00,Biomass 40,0.0
2030,sc01,02-24 17:00:00+01:00,Biomass 49,0.0
2030,sc01,02-24 17:00:00+01:00,CC NG 16,16.422561
2030,sc01,02-24 17:00:00+01:00,Biomass 48,0.0
2030,sc01,02-24 17:00:00+01:00,Hydro 28,0.0
2030,sc01,02-24 17:00:00+01:00,Biomass 17,0.0037800000000000004
2030,sc01,02-24 17:00:00+01:00,CT NG 33,0.0
2030,sc01,02-24 17:00:00+01:00,Solar 45,0.010868238144
2030,sc01,02-24 17:00:00+01:00,Hydro 24,13.2336666
2030,sc01,02-24 17:00:00+01:00,Wind 13,1.5950941113600001
2030,sc01,02-24 17:00:00+01:00,Biomass 07,0.036000000000000004
2030,sc01,02-24 17:00:00+01:00,Biomass 34,0.0
2030,sc01,02-24 17:00:00+01:00,Biomass 33,0.0
2030,sc01,02-24 17:00:00+01:00,CT NG 01,0.0
2030,sc01,02-24 17:00:00+01:00,ICE NG 03,0.0
2030,sc01,02-24 17:00:00+01:00,Solar 55,0.11623722436799999
2030,sc01,02-24 17:00:00+01:00,Solar 11,0.0
2030,sc01,02-24 17:00:00+01:00,CT NG 06,0.0
2030,sc01,02-24 17:00:00+01:00,CT NG 70,0.0
2030,sc01,02-24 17:00:00+01:00,Solar 23,0.0
2030,sc01,02-24 17:00:00+01:00,CT NG 67,0.0
2030,sc01,02-24 17:00:00+01:00,Solar 12,0.0
2030,sc01,02-24 17:00:00+01:00,CT Oil 01,0.0
2030,sc01,02-24 17:00:00+01:00,Hydro 26,0.14159339999999998
2030,sc01,02-24 17:00:00+01:00,CC NG 22,0.0
2030,sc01,02-24 17:00:00+01:00,CC NG 35,0.0
2030,sc01,02-24 17:00:00+01:00,Biomass 50,0.0
2030,sc01,02-24 17:00:00+01:00,ICE NG 04,0.0
2030,sc01,02-24 17:00:00+01:00,CC NG 39,0.0
2030,sc01,02-24 17:00:00+01:00,Hydro 32,0.0
2030,sc01,02-24 17:00:00+01:00,ICE NG 07,0.0
2030,sc01,02-24 17:00:00+01:00,Biomass 46,0.0
2030,sc01,02-24 17:00:00+01:00,CC NG 38,0.0
2030,sc01,02-24 17:00:00+01:00,CC NG 12,0.0
2030,sc01,02-24 17:00:00+01:00,Solar 57,0.011797907039999998
2030,sc01,02-24 17:00:00+01:00,CC NG 32,0.0
2030,sc01,02-24 17:00:00+01:00,CC NG 07,0.0
2030,sc01,02-24 17:00:00+01:00,Biomass 44,0.0
2030,sc01,02-24 17:00:00+01:00,CT NG 40,0.0
2030,sc01,02-24 17:00:00+01:00,Solar 74,0.0
2030,sc01,02-24 17:00:00+01:00,Hydro 30,0.0
2030,sc01,02-24 17:00:00+01:00,CT NG 42,0.0
2030,sc01,02-24 17:00:00+01:00,Hydro 22,0.33904062
2030,sc01,02-24 17:00:00+01:00,Solar 17,0.003974054688
2030,sc01,02-24 17:00:00+01:00,Solar 38,0.15251497761600002
2030,sc01,02-24 17:00:00+01:00,CT NG 24,0.0
2030,sc01,02-24 17:00:00+01:00,CC NG 27,0.0
2030,sc01,02-24 17:00:00+01:00,Biomass 21,0.006840000000000001
2030,sc01,02-24 17:00:00+01:00,ICE NG 06,0.0
2030,sc01,02-24 17:00:00+01:00,Biomass 25,0.008280000000000001
2030,sc01,02-24 17:00:00+01:00,Solar 27,0.0
2030,sc01,02-24 17:00:00+01:00,CT NG 19,0.0
2030,sc01,02-24 17:00:00+01:00,Biomass 42,0.0
2030,sc01,02-24 17:00:00+01:00,Biomass 19,0.006840000000000001
2030,sc01,02-24 17:00:00+01:00,Biomass 06,0.00864
2030,sc01,02-24 17:00:00+01:00,CT NG 10,0.0
2030,sc01,02-24 17:00:00+01:00,CC NG 40,0.0
2030,sc01,02-24 17:00:00+01:00,CC NG 21,0.0
2030,sc01,02-24 17:00:00+01:00,Biomass 02,0.01998
2030,sc01,02-24 17:00:00+01:00,CT NG 46,0.0
2030,sc01,02-24 17:00:00+01:00,Hydro 34,19.822789800000002
2030,sc01,02-24 17:00:00+01:00,Biomass 10,0.015479999999999999
2030,sc01,02-24 17:00:00+01:00,CT NG 17,0.12034979999999999
2030,sc01,02-24 17:00:00+01:00,Biomass 62,0.03528
2030,sc01,02-24 17:00:00+01:00,Biomass 32,0.022680000000000002
2030,sc01,02-24 17:00:00+01:00,CC NG 19,2.43684
2030,sc01,02-24 17:00:00+01:00,CC NG 17,0.0
2030,sc01,02-24 17:00:00+01:00,ST NG 01,0.0
2030,sc01,02-24 17:00:00+01:00,Biomass 45,0.0
2030,sc01,02-24 17:00:00+01:00,Biomass 28,0.03078
2030,sc01,02-24 17:00:00+01:00,CC NG 10,0.0
2030,sc01,02-24 17:00:00+01:00,Biomass 23,0.008280000000000001
2030,sc01,02-24 17:00:00+01:00,ST NG 06,0.0
2030,sc01,02-24 17:00:00+01:00,Wind 10,0.3975162957
2030,sc01,02-24 17:00:00+01:00,CT NG 69,0.0
2030,sc01,02-24 17:00:00+01:00,CT NG 68,0.0
2030,sc01,02-25 23:00:00+01:00,CC NG 13,0.0
2030,sc01,02-25 23:00:00+01:00,CT NG 37,0.0
2030,sc01,02-25 23:00:00+01:00,ST Coal 01,0.0
2030,sc01,02-25 23:00:00+01:00,CT NG 09,0.0
2030,sc01,02-25 23:00:00+01:00,CT NG 47,0.0
2030,sc01,02-25 23:00:00+01:00,Solar 69,0.0
2030,sc01,02-25 23:00:00+01:00,Solar 34,0.0
2030,sc01,02-25 23:00:00+01:00,Solar 73,0.0
2030,sc01,02-25 23:00:00+01:00,Biomass 37,0.0
2030,sc01,02-25 23:00:00+01:00,Hydro 20,0.0
2030,sc01,02-25 23:00:00+01:00,Solar 01,0.0
2030,sc01,02-25 23:00:00+01:00,Solar 62,0.0
2030,sc01,02-25 23:00:00+01:00,Solar 02,0.0
2030,sc01,02-25 23:00:00+01:00,CT NG 26,0.0
2030,sc01,02-25 23:00:00+01:00,Biomass 20,0.0
2030,sc01,02-25 23:00:00+01:00,Wind 16,22.004401989599998
2030,sc01,02-25 23:00:00+01:00,CT NG 66,0.0
2030,sc01,02-25 23:00:00+01:00,Solar 39,0.0
2030,sc01,02-25 23:00:00+01:00,Biomass 41,0.0
2030,sc01,02-25 23:00:00+01:00,Solar 72,0.0
2030,sc01,02-25 23:00:00+01:00,ST NG 03,0.0
2030,sc01,02-25 23:00:00+01:00,Hydro 21,1.01241117
2030,sc01,02-25 23:00:00+01:00,CT NG 03,0.0
2030,sc01,02-25 23:00:00+01:00,CC NG 09,0.0
2030,sc01,02-25 23:00:00+01:00,CT Oil 02,0.0
2030,sc01,02-25 23:00:00+01:00,CT NG 39,0.0
2030,sc01,02-25 23:00:00+01:00,CC NG 08,0.0
2030,sc01,02-25 23:00:00+01:00,Biomass 43,0.0
2030,sc01,02-25 23:00:00+01:00,CT NG 18,0.0
2030,sc01,02-25 23:00:00+01:00,ST NG 07,0.0
2030,sc01,02-25 23:00:00+01:00,Biomass 35,0.0
2030,sc01,02-25 23:00:00+01:00,Solar 32,0.0
2030,sc01,02-25 23:00:00+01:00,Biomass 15,0.0
2030,sc01,02-25 23:00:00+01:00,CC NG 31,0.0
2030,sc01,02-25 23:00:00+01:00,Solar 16,0.0
2030,sc01,02-25 23:00:00+01:00,Solar 68,0.0
2030,sc01,02-25 23:00:00+01:00,CT NG 21,0.0
2030,sc01,02-25 23:00:00+01:00,Wind 11,0.9576203123200001
2030,sc01,02-25 23:00:00+01:00,CC NG 37,0.0
2030,sc01,02-25 23:00:00+01:00,CT NG 22,0.0
2030,sc01,02-25 23:00:00+01:00,Hydro 16,0.0
2030,sc01,02-25 23:00:00+01:00,Biomass 59,0.0
2030,sc01,02-25 23:00:00+01:00,CC NG 01,0.0
2030,sc01,02-25 23:00:00+01:00,Biomass 16,0.0
2030,sc01,02-25 23:00:00+01:00,Solar 03,0.0
2030,sc01,02-25 23:00:00+01:00,Solar 44,0.0
2030,sc01,02-25 23:00:00+01:00,CT NG 08,0.0
2030,sc01,02-25 23:00:00+01:00,Wind 05,0.088039394336
2030,sc01,02-25 23:00:00+01:00,Biomass 26,0.0
2030,sc01,02-25 23:00:00+01:00,Solar 37,0.0
2030,sc01,02-25 23:00:00+01:00,Biomass 11,0.0
2030,sc01,02-25 23:00:00+01:00,Solar 59,0.0
2030,sc01,02-25 23:00:00+01:00,CT NG 11,0.0
2030,sc01,02-25 23:00:00+01:00,Biomass 30,0.0
2030,sc01,02-25 23:00:00+01:00,Hydro 23,0.0
2030,sc01,02-25 23:00:00+01:00,CC NG 24,0.0
2030,sc01,02-25 23:00:00+01:00,Solar 65,0.0
2030,sc01,02-25 23:00:00+01:00,CC NG 18,0.0
2030,sc01,02-25 23:00:00+01:00,CT NG 16,0.0
2030,sc01,02-25 23:00:00+01:00,Solar 51,0.0
2030,sc01,02-25 23:00:00+01:00,Wind 06,1.24207071746
2030,sc01,02-25 23:00:00+01:00,CC NG 26,0.0
2030,sc01,02-25 23:00:00+01:00,CC NG 23,0.0
2030,sc01,02-25 23:00:00+01:00,CT NG 43,0.0
2030,sc01,02-25 23:00:00+01:00,CC NG 11,0.0
2030,sc01,02-25 23:00:00+01:00,CT NG 02,0.0
2030,sc01,02-25 23:00:00+01:00,CT NG 50,0.0
2030,sc01,02-25 23:00:00+01:00,Hydro 27,0.0
2030,sc01,02-25 23:00:00+01:00,CT NG 13,0.0
2030,sc01,02-25 23:00:00+01:00,CT NG 25,0.0
2030,sc01,02-25 23:00:00+01:00,CC NG 05,0.0
2030,sc01,02-25 23:00:00+01:00,Solar 04,0.0
2030,sc01,02-25 23:00:00+01:00,Solar 30,0.0
2030,sc01,02-25 23:00:00+01:00,Solar 29,0.0
2030,sc01,02-25 23:00:00+01:00,Solar 53,0.0
2030,sc01,02-25 23:00:00+01:00,Solar 21,0.0
2030,sc01,02-25 23:00:00+01:00,Biomass 58,0.0
2030,sc01,02-25 23:00:00+01:00,CT NG 74,0.0
2030,sc01,02-25 23:00:00+01:00,Solar 61,0.0
2030,sc01,02-25 23:00:00+01:00,Wind 07,0.9486422434999999
2030,sc01,02-25 23:00:00+01:00,Biomass 31,0.0
2030,sc01,02-25 23:00:00+01:00,CT Oil 05,0.0
2030,sc01,02-25 23:00:00+01:00,Biomass 38,0.0
2030,sc01,02-25 23:00:00+01:00,Solar 41,0.0
2030,sc01,02-25 23:00:00+01:00,Biomass 51,0.0
2030,sc01,02-25 23:00:00+01:00,Biomass 55,0.0
2030,sc01,02-25 23:00:00+01:00,Wind 15,0.0
2030,sc01,02-25 23:00:00+01:00,Geo 01,0.0
2030,sc01,02-25 23:00:00+01:00,Biomass 60,0.0
2030,sc01,02-25 23:00:00+01:00,CT NG 38,0.0
2030,sc01,02-25 23:00:00+01:00,Solar 66,0.0
2030,sc01,02-25 23:00:00+01:00,Solar 49,0.0
2030,sc01,02-25 23:00:00+01:00,CT NG 51,0.0
2030,sc01,02-25 23:00:00+01:00,Biomass 18,0.0
2030,sc01,02-25 23:00:00+01:00,ICE NG 01,0.0
2030,sc01,02-25 23:00:00+01:00,Solar 15,0.0
2030,sc01,02-25 23:00:00+01:00,ICE NG 05,0.0
2030,sc01,02-25 23:00:00+01:00,CT Oil 04,0.0
2030,sc01,02-25 23:00:00+01:00,CC NG 20,0.0
2030,sc01,02-25 23:00:00+01:00,Solar 20,0.0
2030,sc01,02-25 23:00:00+01:00,Biomass 04,0.0
2030,sc01,02-25 23:00:00+01:00,Wind 02,2.57626123528
2030,sc01,02-25 23:00:00+01:00,Hydro 25,0.22891440000000002
2030,sc01,02-25 23:00:00+01:00,Solar 75,0.0
2030,sc01,02-25 23:00:00+01:00,Hydro 33,0.0
2030,sc01,02-25 23:00:00+01:00,ST NG 05,0.0
2030,sc01,02-25 23:00:00+01:00,CT NG 07,0.0
2030,sc01,02-25 23:00:00+01:00,Wind 01,0.6276851721200001
2030,sc01,02-25 23:00:00+01:00,Solar 56,0.0
2030,sc01,02-25 23:00:00+01:00,Biomass 09,0.0
2030,sc01,02-25 23:00:00+01:00,Biomass 53,0.0
2030,sc01,02-25 23:00:00+01:00,Wind 17,12.911670291449829
2030,sc01,02-25 23:00:00+01:00,ST NG 08,0.0
2030,sc01,02-25 23:00:00+01:00,Hydro 19,0.0
2030,sc01,02-25 23:00:00+01:00,ST NG 02,0.0
2030,sc01,02-25 23:00:00+01:00,Biomass 01,0.0
2030,sc01,02-25 23:00:00+01:00,Biomass 57,0.0
2030,sc01,02-25 23:00:00+01:00,CT NG 49,0.0
2030,sc01,02-25 23:00:00+01:00,CT NG 31,0.0
2030,sc01,02-25 23:00:00+01:00,Solar 64,0.0
2030,sc01,02-25 23:00:00+01:00,CC NG 33,0.0
2030,sc01,02-25 23:00:00+01:00,Solar 46,0.0
2030,sc01,02-25 23:00:00+01:00,Biomass 12,0.0
2030,sc01,02-25 23:00:00+01:00,Wind 04,0.32361398584
2030,sc01,02-25 23:00:00+01:00,Solar 13,0.0
2030,sc01,02-25 23:00:00+01:00,CT NG 55,0.0
2030,sc01,02-25 23:00:00+01:00,Wind N03,120.9001263332262
2030,sc01,02-25 23:00:00+01:00,CT NG 28,0.0
2030,sc01,02-25 23:00:00+01:00,Wind 09,1.33171754862
2030,sc01,02-25 23:00:00+01:00,Solar 60,0.0
2030,sc01,02-25 23:00:00+01:00,Solar 25,0.0
2030,sc01,02-25 23:00:00+01:00,CT NG 23,0.0
2030,sc01,02-25 23:00:00+01:00,ST Other 01,0.0
2030,sc01,02-25 23:00:00+01:00,Solar 70,0.0
2030,sc01,02-25 23:00:00+01:00,CC NG 34,0.0
2030,sc01,02-25 23:00:00+01:00,Solar 48,0.0
2030,sc01,02-25 23:00:00+01:00,Biomass 56,0.0
2030,sc01,02-25 23:00:00+01:00,CT NG 36,0.0
2030,sc01,02-25 23:00:00+01:00,Solar 47,0.0
2030,sc01,02-25 23:00:00+01:00,Hydro 17,0.00792396
2030,sc01,02-25 23:00:00+01:00,Solar 09,0.0
2030,sc01,02-25 23:00:00+01:00,Solar 08,0.0
2030,sc01,02-25 23:00:00+01:00,CT NG 45,0.0
2030,sc01,02-25 23:00:00+01:00,ST NG 04,0.0
2030,sc01,02-25 23:00:00+01:00,Solar 40,0.0
2030,sc01,02-25 23:00:00+01:00,Biomass 47,0.0
2030,sc01,02-25 23:00:00+01:00,Solar 50,0.0
2030,sc01,02-25 23:00:00+01:00,Solar 52,0.0
2030,sc01,02-25 23:00:00+01:00,Solar 63,0.0
2030,sc01,02-25 23:00:00+01:00,CC NG 06,0.0
2030,sc01,02-25 23:00:00+01:00,Biomass 39,0.0
2030,sc01,02-25 23:00:00+01:00,Solar 67,0.0
2030,sc01,02-25 23:00:00+01:00,Solar 19,0.0
2030,sc01,02-25 23:00:00+01:00,Wind 12,7.1451316239
2030,sc01,02-25 23:00:00+01:00,Solar 24,0.0
2030,sc01,02-25 23:00:00+01:00,ICE NG 02,0.0
2030,sc01,02-25 23:00:00+01:00,Solar 05,0.0
2030,sc01,02-25 23:00:00+01:00,CT NG 54,0.0
2030,sc01,02-25 23:00:00+01:00,Wind N01,67.787146171
2030,sc01,02-25 23:00:00+01:00,CT NG 27,0.0
2030,sc01,02-25 23:00:00+01:00,CC NG 36,0.0
2030,sc01,02-25 23:00:00+01:00,Wind N02,2.871572939934619
2030,sc01,02-25 23:00:00+01:00,CT NG 52,0.0
2030,sc01,02-25 23:00:00+01:00,Solar 35,0.0
2030,sc01,02-25 23:00:00+01:00,CT NG 05,0.0
2030,sc01,02-25 23:00:00+01:00,Biomass 36,0.0
2030,sc01,02-25 23:00:00+01:00,CT NG 34,0.0
2030,sc01,02-25 23:00:00+01:00,CT Oil 03,0.0
2030,sc01,02-25 23:00:00+01:00,Hydro 35,0.0
2030,sc01,02-25 23:00:00+01:00,Solar 14,0.0
2030,sc01,02-25 23:00:00+01:00,CT NG 75,0.0
2030,sc01,02-25 23:00:00+01:00,ST NG 09,0.0
2030,sc01,02-25 23:00:00+01:00,CT NG 56,0.0
2030,sc01,02-25 23:00:00+01:00,Biomass 22,0.0
2030,sc01,02-25 23:00:00+01:00,Solar 18,0.0
2030,sc01,02-25 23:00:00+01:00,Biomass 13,0.0
2030,sc01,02-25 23:00:00+01:00,CT NG 71,0.0
2030,sc01,02-25 23:00:00+01:00,Solar 58,0.0
2030,sc01,02-25 23:00:00+01:00,Solar 06,0.0
2030,sc01,02-25 23:00:00+01:00,Biomass 08,0.0
2030,sc01,02-25 23:00:00+01:00,CT NG 72,0.0
2030,sc01,02-25 23:00:00+01:00,Hydro 18,0.02729364
2030,sc01,02-25 23:00:00+01:00,Solar 10,0.0
2030,sc01,02-25 23:00:00+01:00,CT NG 04,0.0
2030,sc01,02-25 23:00:00+01:00,ST Other 02,0.0
2030,sc01,02-25 23:00:00+01:00,CT NG 12,0.0
2030,sc01,02-25 23:00:00+01:00,CT NG 48,0.0
2030,sc01,02-25 23:00:00+01:00,ST NG 10,0.0
2030,sc01,02-25 23:00:00+01:00,Solar 22,0.0
2030,sc01,02-25 23:00:00+01:00,Solar 28,0.0
2030,sc01,02-25 23:00:00+01:00,CT NG 73,0.0
2030,sc01,02-25 23:00:00+01:00,Biomass 52,0.0
2030,sc01,02-25 23:00:00+01:00,CT NG 30,0.0
2030,sc01,02-25 23:00:00+01:00,Solar 54,0.0
2030,sc01,02-25 23:00:00+01:00,Solar 31,0.0
2030,sc01,02-25 23:00:00+01:00,Biomass 03,0.0
2030,sc01,02-25 23:00:00+01:00,CT NG 32,0.0
2030,sc01,02-25 23:00:00+01:00,Biomass 27,0.0
2030,sc01,02-25 23:00:00+01:00,CC NG 14,0.0
2030,sc01,02-25 23:00:00+01:00,CC NG 03,0.0
2030,sc01,02-25 23:00:00+01:00,CC NG 29,0.0
2030,sc01,02-25 23:00:00+01:00,CC NG 28,0.0
2030,sc01,02-25 23:00:00+01:00,CC NG 25,0.0
2030,sc01,02-25 23:00:00+01:00,CT NG 44,0.0
2030,sc01,02-25 23:00:00+01:00,CT NG 14,0.0
2030,sc01,02-25 23:00:00+01:00,CC NG 15,0.0
2030,sc01,02-25 23:00:00+01:00,CC NG 04,0.0
2030,sc01,02-25 23:00:00+01:00,Biomass 29,0.0
2030,sc01,02-25 23:00:00+01:00,Wind 14,32.986186822
2030,sc01,02-25 23:00:00+01:00,Wind 08,1.37845388946
2030,sc01,02-25 23:00:00+01:00,Biomass 61,0.0
2030,sc01,02-25 23:00:00+01:00,CT NG 35,0.0
2030,sc01,02-25 23:00:00+01:00,Solar 33,0.0
2030,sc01,02-25 23:00:00+01:00,CT NG 41,0.0
2030,sc01,02-25 23:00:00+01:00,CT NG 15,0.0
2030,sc01,02-25 23:00:00+01:00,Solar 42,0.0
2030,sc01,02-25 23:00:00+01:00,Solar 07,0.0
2030,sc01,02-25 23:00:00+01:00,Solar 43,0.0
2030,sc01,02-25 23:00:00+01:00,Biomass 05,0.0
2030,sc01,02-25 23:00:00+01:00,CT NG 29,0.0
2030,sc01,02-25 23:00:00+01:00,Solar 71,0.0
2030,sc01,02-25 23:00:00+01:00,CT NG 53,0.0
2030,sc01,02-25 23:00:00+01:00,CT NG 20,0.0
2030,sc01,02-25 23:00:00+01:00,Biomass 14,0.0
2030,sc01,02-25 23:00:00+01:00,Solar 26,0.0
2030,sc01,02-25 23:00:00+01:00,Hydro 29,0.0
2030,sc01,02-25 23:00:00+01:00,Hydro 31,0.0
2030,sc01,02-25 23:00:00+01:00,Biomass 24,0.0
2030,sc01,02-25 23:00:00+01:00,Biomass 54,0.0
2030,sc01,02-25 23:00:00+01:00,Solar 36,0.0
2030,sc01,02-25 23:00:00+01:00,Wind 03,0.7476134802200001
2030,sc01,02-25 23:00:00+01:00,Biomass 40,0.0
2030,sc01,02-25 23:00:00+01:00,Biomass 49,0.0
2030,sc01,02-25 23:00:00+01:00,CC NG 16,0.0
2030,sc01,02-25 23:00:00+01:00,Biomass 48,0.0
2030,sc01,02-25 23:00:00+01:00,Hydro 28,0.0
2030,sc01,02-25 23:00:00+01:00,Biomass 17,0.0
2030,sc01,02-25 23:00:00+01:00,CT NG 33,0.0
2030,sc01,02-25 23:00:00+01:00,Solar 45,0.0
2030,sc01,02-25 23:00:00+01:00,Hydro 24,0.0
2030,sc01,02-25 23:00:00+01:00,Wind 13,3.4317855367
2030,sc01,02-25 23:00:00+01:00,Biomass 07,0.0
2030,sc01,02-25 23:00:00+01:00,Biomass 34,0.0
2030,sc01,02-25 23:00:00+01:00,Biomass 33,0.0
2030,sc01,02-25 23:00:00+01:00,CT NG 01,0.0
2030,sc01,02-25 23:00:00+01:00,ICE NG 03,0.0
2030,sc01,02-25 23:00:00+01:00,Solar 55,0.0
2030,sc01,02-25 23:00:00+01:00,Solar 11,0.0
2030,sc01,02-25 23:00:00+01:00,CT NG 06,0.0
2030,sc01,02-25 23:00:00+01:00,CT NG 70,0.0
2030,sc01,02-25 23:00:00+01:00,Solar 23,0.0
2030,sc01,02-25 23:00:00+01:00,CT NG 67,0.0
2030,sc01,02-25 23:00:00+01:00,Solar 12,0.0
2030,sc01,02-25 23:00:00+01:00,CT Oil 01,0.0
2030,sc01,02-25 23:00:00+01:00,Hydro 26,0.0
2030,sc01,02-25 23:00:00+01:00,CC NG 22,0.0
2030,sc01,02-25 23:00:00+01:00,CC NG 35,0.0
2030,sc01,02-25 23:00:00+01:00,Biomass 50,0.0
2030,sc01,02-25 23:00:00+01:00,ICE NG 04,0.0
2030,sc01,02-25 23:00:00+01:00,CC NG 39,0.0
2030,sc01,02-25 23:00:00+01:00,Hydro 32,0.0
2030,sc01,02-25 23:00:00+01:00,ICE NG 07,0.0
2030,sc01,02-25 23:00:00+01:00,Biomass 46,0.0
2030,sc01,02-25 23:00:00+01:00,CC NG 38,0.0
2030,sc01,02-25 23:00:00+01:00,CC NG 12,0.0
2030,sc01,02-25 23:00:00+01:00,Solar 57,0.0
2030,sc01,02-25 23:00:00+01:00,CC NG 32,0.0
2030,sc01,02-25 23:00:00+01:00,CC NG 07,0.0
2030,sc01,02-25 23:00:00+01:00,Biomass 44,0.0
2030,sc01,02-25 23:00:00+01:00,CT NG 40,0.0
2030,sc01,02-25 23:00:00+01:00,Solar 74,0.0
2030,sc01,02-25 23:00:00+01:00,Hydro 30,0.0
2030,sc01,02-25 23:00:00+01:00,CT NG 42,0.0
2030,sc01,02-25 23:00:00+01:00,Hydro 22,1.01241117
2030,sc01,02-25 23:00:00+01:00,Solar 17,0.0
2030,sc01,02-25 23:00:00+01:00,Solar 38,0.0
2030,sc01,02-25 23:00:00+01:00,CT NG 24,0.0
2030,sc01,02-25 23:00:00+01:00,CC NG 27,0.0
2030,sc01,02-25 23:00:00+01:00,Biomass 21,0.0
2030,sc01,02-25 23:00:00+01:00,ICE NG 06,0.0
2030,sc01,02-25 23:00:00+01:00,Biomass 25,0.0
2030,sc01,02-25 23:00:00+01:00,Solar 27,0.0
2030,sc01,02-25 23:00:00+01:00,CT NG 19,0.0
2030,sc01,02-25 23:00:00+01:00,Biomass 42,0.0
2030,sc01,02-25 23:00:00+01:00,Biomass 19,0.0
2030,sc01,02-25 23:00:00+01:00,Biomass 06,0.0
2030,sc01,02-25 23:00:00+01:00,CT NG 10,0.0
2030,sc01,02-25 23:00:00+01:00,CC NG 40,0.0
2030,sc01,02-25 23:00:00+01:00,CC NG 21,0.0
2030,sc01,02-25 23:00:00+01:00,Biomass 02,0.0
2030,sc01,02-25 23:00:00+01:00,CT NG 46,0.0
2030,sc01,02-25 23:00:00+01:00,Hydro 34,0.0
2030,sc01,02-25 23:00:00+01:00,Biomass 10,0.0
2030,sc01,02-25 23:00:00+01:00,CT NG 17,0.0
2030,sc01,02-25 23:00:00+01:00,Biomass 62,0.0
2030,sc01,02-25 23:00:00+01:00,Biomass 32,0.0
2030,sc01,02-25 23:00:00+01:00,CC NG 19,0.0
2030,sc01,02-25 23:00:00+01:00,CC NG 17,0.0
2030,sc01,02-25 23:00:00+01:00,ST NG 01,0.0
2030,sc01,02-25 23:00:00+01:00,Biomass 45,0.0
2030,sc01,02-25 23:00:00+01:00,Biomass 28,0.0
2030,sc01,02-25 23:00:00+01:00,CC NG 10,0.0
2030,sc01,02-25 23:00:00+01:00,Biomass 23,0.0
2030,sc01,02-25 23:00:00+01:00,ST NG 06,0.0
2030,sc01,02-25 23:00:00+01:00,Wind 10,1.3242526562999999
2030,sc01,02-25 23:00:00+01:00,CT NG 69,0.0
2030,sc01,02-25 23:00:00+01:00,CT NG 68,0.0
2030,sc01,02-26 12:00:00+01:00,CC NG 13,0.0
2030,sc01,02-26 12:00:00+01:00,CT NG 37,0.0
2030,sc01,02-26 12:00:00+01:00,ST Coal 01,0.0
2030,sc01,02-26 12:00:00+01:00,CT NG 09,0.0
2030,sc01,02-26 12:00:00+01:00,CT NG 47,0.0
2030,sc01,02-26 12:00:00+01:00,Solar 69,0.0
2030,sc01,02-26 12:00:00+01:00,Solar 34,0.0
2030,sc01,02-26 12:00:00+01:00,Solar 73,0.0
2030,sc01,02-26 12:00:00+01:00,Biomass 37,0.0
2030,sc01,02-26 12:00:00+01:00,Hydro 20,0.0
2030,sc01,02-26 12:00:00+01:00,Solar 01,18.782195363
2030,sc01,02-26 12:00:00+01:00,Solar 62,0.0
2030,sc01,02-26 12:00:00+01:00,Solar 02,0.0
2030,sc01,02-26 12:00:00+01:00,CT NG 26,0.0
2030,sc01,02-26 12:00:00+01:00,Biomass 20,0.01634
2030,sc01,02-26 12:00:00+01:00,Wind 16,0.0
2030,sc01,02-26 12:00:00+01:00,CT NG 66,0.0
2030,sc01,02-26 12:00:00+01:00,Solar 39,0.0
2030,sc01,02-26 12:00:00+01:00,Biomass 41,0.0
2030,sc01,02-26 12:00:00+01:00,Solar 72,0.0
2030,sc01,02-26 12:00:00+01:00,ST NG 03,0.0
2030,sc01,02-26 12:00:00+01:00,Hydro 21,0.0
2030,sc01,02-26 12:00:00+01:00,CT NG 03,0.0
2030,sc01,02-26 12:00:00+01:00,CC NG 09,0.0
2030,sc01,02-26 12:00:00+01:00,CT Oil 02,0.0
2030,sc01,02-26 12:00:00+01:00,CT NG 39,0.0
2030,sc01,02-26 12:00:00+01:00,CC NG 08,0.0
2030,sc01,02-26 12:00:00+01:00,Biomass 43,0.0
2030,sc01,02-26 12:00:00+01:00,CT NG 18,0.0
2030,sc01,02-26 12:00:00+01:00,ST NG 07,0.0
2030,sc01,02-26 12:00:00+01:00,Biomass 35,0.0
2030,sc01,02-26 12:00:00+01:00,Solar 32,0.0
2030,sc01,02-26 12:00:00+01:00,Biomass 15,0.00903
2030,sc01,02-26 12:00:00+01:00,CC NG 31,0.0
2030,sc01,02-26 12:00:00+01:00,Solar 16,2.01306527622
2030,sc01,02-26 12:00:00+01:00,Solar 68,0.0
2030,sc01,02-26 12:00:00+01:00,CT NG 21,0.0
2030,sc01,02-26 12:00:00+01:00,Wind 11,0.21036799287200003
2030,sc01,02-26 12:00:00+01:00,CC NG 37,0.0
2030,sc01,02-26 12:00:00+01:00,CT NG 22,0.0
2030,sc01,02-26 12:00:00+01:00,Hydro 16,0.0
2030,sc01,02-26 12:00:00+01:00,Biomass 59,0.17802
2030,sc01,02-26 12:00:00+01:00,CC NG 01,0.0
2030,sc01,02-26 12:00:00+01:00,Biomass 16,0.00903
2030,sc01,02-26 12:00:00+01:00,Solar 03,0.0
2030,sc01,02-26 12:00:00+01:00,Solar 44,0.0
2030,sc01,02-26 12:00:00+01:00,CT NG 08,0.0
2030,sc01,02-26 12:00:00+01:00,Wind 05,0.033630744448
2030,sc01,02-26 12:00:00+01:00,Biomass 26,0.07353
2030,sc01,02-26 12:00:00+01:00,Solar 37,0.0
2030,sc01,02-26 12:00:00+01:00,Biomass 11,0.01591
2030,sc01,02-26 12:00:00+01:00,Solar 59,0.0
2030,sc01,02-26 12:00:00+01:00,CT NG 11,0.0
2030,sc01,02-26 12:00:00+01:00,Biomass 30,0.07353
2030,sc01,02-26 12:00:00+01:00,Hydro 23,0.0
2030,sc01,02-26 12:00:00+01:00,CC NG 24,0.0
2030,sc01,02-26 12:00:00+01:00,Solar 65,10.9840219745
2030,sc01,02-26 12:00:00+01:00,CC NG 18,0.0
2030,sc01,02-26 12:00:00+01:00,CT NG 16,0.0
2030,sc01,02-26 12:00:00+01:00,Solar 51,0.0
2030,sc01,02-26 12:00:00+01:00,Wind 06,0.357731682264
2030,sc01,02-26 12:00:00+01:00,CC NG 26,0.0
2030,sc01,02-26 12:00:00+01:00,CC NG 23,0.0
2030,sc01,02-26 12:00:00+01:00,CT NG 43,0.0
2030,sc01,02-26 12:00:00+01:00,CC NG 11,0.0
2030,sc01,02-26 12:00:00+01:00,CT NG 02,0.0
2030,sc01,02-26 12:00:00+01:00,CT NG 50,0.0
2030,sc01,02-26 12:00:00+01:00,Hydro 27,0.0
2030,sc01,02-26 12:00:00+01:00,CT NG 13,0.0
2030,sc01,02-26 12:00:00+01:00,CT NG 25,0.0
2030,sc01,02-26 12:00:00+01:00,CC NG 05,0.0
2030,sc01,02-26 12:00:00+01:00,Solar 04,0.46821304822
2030,sc01,02-26 12:00:00+01:00,Solar 30,1.5480000000000003
2030,sc01,02-26 12:00:00+01:00,Solar 29,1.97081282649
2030,sc01,02-26 12:00:00+01:00,Solar 53,0.0
2030,sc01,02-26 12:00:00+01:00,Solar 21,1.7765779939
2030,sc01,02-26 12:00:00+01:00,Biomass 58,0.08772
2030,sc01,02-26 12:00:00+01:00,CT NG 74,0.0
2030,sc01,02-26 12:00:00+01:00,Solar 61,0.0
2030,sc01,02-26 12:00:00+01:00,Wind 07,0.20270919132
2030,sc01,02-26 12:00:00+01:00,Biomass 31,0.07353
2030,sc01,02-26 12:00:00+01:00,CT Oil 05,0.0
2030,sc01,02-26 12:00:00+01:00,Biomass 38,0.0
2030,sc01,02-26 12:00:00+01:00,Solar 41,0.0
2030,sc01,02-26 12:00:00+01:00,Biomass 51,0.0
2030,sc01,02-26 12:00:00+01:00,Biomass 55,0.11352
2030,sc01,02-26 12:00:00+01:00,Wind 15,0.0
2030,sc01,02-26 12:00:00+01:00,Geo 01,0.0
2030,sc01,02-26 12:00:00+01:00,Biomass 60,0.11610000000000001
2030,sc01,02-26 12:00:00+01:00,CT NG 38,0.0
2030,sc01,02-26 12:00:00+01:00,Solar 66,20.902177991800002
2030,sc01,02-26 12:00:00+01:00,Solar 49,0.0
2030,sc01,02-26 12:00:00+01:00,CT NG 51,0.0
2030,sc01,02-26 12:00:00+01:00,Biomass 18,0.00903
2030,sc01,02-26 12:00:00+01:00,ICE NG 01,0.0
2030,sc01,02-26 12:00:00+01:00,Solar 15,1.01600885384
2030,sc01,02-26 12:00:00+01:00,ICE NG 05,0.0
2030,sc01,02-26 12:00:00+01:00,CT Oil 04,0.0
2030,sc01,02-26 12:00:00+01:00,CC NG 20,0.0
2030,sc01,02-26 12:00:00+01:00,Solar 20,2.33199715299
2030,sc01,02-26 12:00:00+01:00,Biomass 04,0.0
2030,sc01,02-26 12:00:00+01:00,Wind 02,0.76420308554
2030,sc01,02-26 12:00:00+01:00,Hydro 25,0.0
2030,sc01,02-26 12:00:00+01:00,Solar 75,0.0
2030,sc01,02-26 12:00:00+01:00,Hydro 33,0.0
2030,sc01,02-26 12:00:00+01:00,ST NG 05,0.0
2030,sc01,02-26 12:00:00+01:00,CT NG 07,0.0
2030,sc01,02-26 12:00:00+01:00,Wind 01,0.130863500976
2030,sc01,02-26 12:00:00+01:00,Solar 56,0.0
2030,sc01,02-26 12:00:00+01:00,Biomass 09,0.03698
2030,sc01,02-26 12:00:00+01:00,Biomass 53,0.11352
2030,sc01,02-26 12:00:00+01:00,Wind 17,25.198333098626414
2030,sc01,02-26 12:00:00+01:00,ST NG 08,0.0
2030,sc01,02-26 12:00:00+01:00,Hydro 19,0.0
2030,sc01,02-26 12:00:00+01:00,ST NG 02,0.0
2030,sc01,02-26 12:00:00+01:00,Biomass 01,0.04773
2030,sc01,02-26 12:00:00+01:00,Biomass 57,0.08772
2030,sc01,02-26 12:00:00+01:00,CT NG 49,0.0
2030,sc01,02-26 12:00:00+01:00,CT NG 31,0.0
2030,sc01,02-26 12:00:00+01:00,Solar 64,5.7665999293
2030,sc01,02-26 12:00:00+01:00,CC NG 33,0.0
2030,sc01,02-26 12:00:00+01:00,Solar 46,0.0
2030,sc01,02-26 12:00:00+01:00,Biomass 12,0.01591
2030,sc01,02-26 12:00:00+01:00,Wind 04,0.17898203934400003
2030,sc01,02-26 12:00:00+01:00,Solar 13,0.025505508824
2030,sc01,02-26 12:00:00+01:00,CT NG 55,0.0
2030,sc01,02-26 12:00:00+01:00,Wind N03,193.48103056939902
2030,sc01,02-26 12:00:00+01:00,CT NG 28,0.0
2030,sc01,02-26 12:00:00+01:00,Wind 09,0.52444721713
2030,sc01,02-26 12:00:00+01:00,Solar 60,0.0
2030,sc01,02-26 12:00:00+01:00,Solar 25,0.18703637278399998
2030,sc01,02-26 12:00:00+01:00,CT NG 23,0.0
2030,sc01,02-26 12:00:00+01:00,ST Other 01,0.0
2030,sc01,02-26 12:00:00+01:00,Solar 70,37.921703018890405
2030,sc01,02-26 12:00:00+01:00,CC NG 34,0.0
2030,sc01,02-26 12:00:00+01:00,Solar 48,0.0
2030,sc01,02-26 12:00:00+01:00,Biomass 56,0.11266000000000001
2030,sc01,02-26 12:00:00+01:00,CT NG 36,0.0
2030,sc01,02-26 12:00:00+01:00,Solar 47,0.0
2030,sc01,02-26 12:00:00+01:00,Hydro 17,0.0
2030,sc01,02-26 12:00:00+01:00,Solar 09,1.2396338548999999
2030,sc01,02-26 12:00:00+01:00,Solar 08,0.24216033252000002
2030,sc01,02-26 12:00:00+01:00,CT NG 45,0.0
2030,sc01,02-26 12:00:00+01:00,ST NG 04,0.0
2030,sc01,02-26 12:00:00+01:00,Solar 40,0.0
2030,sc01,02-26 12:00:00+01:00,Biomass 47,0.0
2030,sc01,02-26 12:00:00+01:00,Solar 50,0.0
2030,sc01,02-26 12:00:00+01:00,Solar 52,0.0
2030,sc01,02-26 12:00:00+01:00,Solar 63,12.3147538578
2030,sc01,02-26 12:00:00+01:00,CC NG 06,0.0
2030,sc01,02-26 12:00:00+01:00,Biomass 39,0.0
2030,sc01,02-26 12:00:00+01:00,Solar 67,8.2091492726
2030,sc01,02-26 12:00:00+01:00,Solar 19,0.009646298016000001
2030,sc01,02-26 12:00:00+01:00,Wind 12,3.06235762646
2030,sc01,02-26 12:00:00+01:00,Solar 24,0.139501416656
2030,sc01,02-26 12:00:00+01:00,ICE NG 02,0.0
2030,sc01,02-26 12:00:00+01:00,Solar 05,0.01134301816
2030,sc01,02-26 12:00:00+01:00,CT NG 54,0.0
2030,sc01,02-26 12:00:00+01:00,Wind N01,29.0531364566
2030,sc01,02-26 12:00:00+01:00,CT NG 27,0.0
2030,sc01,02-26 12:00:00+01:00,CC NG 36,0.0
2030,sc01,02-26 12:00:00+01:00,Wind N02,96.11454674394555
2030,sc01,02-26 12:00:00+01:00,CT NG 52,0.0
2030,sc01,02-26 12:00:00+01:00,Solar 35,0.0
2030,sc01,02-26 12:00:00+01:00,CT NG 05,0.0
2030,sc01,02-26 12:00:00+01:00,Biomass 36,0.0
2030,sc01,02-26 12:00:00+01:00,CT NG 34,0.0
2030,sc01,02-26 12:00:00+01:00,CT Oil 03,0.0
2030,sc01,02-26 12:00:00+01:00,Hydro 35,0.0
2030,sc01,02-26 12:00:00+01:00,Solar 14,1.1295730638600001
2030,sc01,02-26 12:00:00+01:00,CT NG 75,0.0
2030,sc01,02-26 12:00:00+01:00,ST NG 09,0.0
2030,sc01,02-26 12:00:00+01:00,CT NG 56,0.0
2030,sc01,02-26 12:00:00+01:00,Biomass 22,0.01634
2030,sc01,02-26 12:00:00+01:00,Solar 18,1.19143191743
2030,sc01,02-26 12:00:00+01:00,Biomass 13,0.01591
2030,sc01,02-26 12:00:00+01:00,CT NG 71,0.0
2030,sc01,02-26 12:00:00+01:00,Solar 58,0.0
2030,sc01,02-26 12:00:00+01:00,Solar 06,1.93115999723
2030,sc01,02-26 12:00:00+01:00,Biomass 08,0.03698
2030,sc01,02-26 12:00:00+01:00,CT NG 72,0.0
2030,sc01,02-26 12:00:00+01:00,Hydro 18,0.0
2030,sc01,02-26 12:00:00+01:00,Solar 10,2.24626594513
2030,sc01,02-26 12:00:00+01:00,CT NG 04,0.0
2030,sc01,02-26 12:00:00+01:00,ST Other 02,0.0
2030,sc01,02-26 12:00:00+01:00,CT NG 12,0.0
2030,sc01,02-26 12:00:00+01:00,CT NG 48,0.0
2030,sc01,02-26 12:00:00+01:00,ST NG 10,0.0
2030,sc01,02-26 12:00:00+01:00,Solar 22,2.04985818795
2030,sc01,02-26 12:00:00+01:00,Solar 28,1.8343843748200002
2030,sc01,02-26 12:00:00+01:00,CT NG 73,0.0
2030,sc01,02-26 12:00:00+01:00,Biomass 52,0.0
2030,sc01,02-26 12:00:00+01:00,CT NG 30,0.0
2030,sc01,02-26 12:00:00+01:00,Solar 54,0.0
2030,sc01,02-26 12:00:00+01:00,Solar 31,0.0
2030,sc01,02-26 12:00:00+01:00,Biomass 03,0.0
2030,sc01,02-26 12:00:00+01:00,CT NG 32,0.0
2030,sc01,02-26 12:00:00+01:00,Biomass 27,0.07353
2030,sc01,02-26 12:00:00+01:00,CC NG 14,0.0
2030,sc01,02-26 12:00:00+01:00,CC NG 03,0.0
2030,sc01,02-26 12:00:00+01:00,CC NG 29,0.0
2030,sc01,02-26 12:00:00+01:00,CC NG 28,0.0
2030,sc01,02-26 12:00:00+01:00,CC NG 25,0.0
2030,sc01,02-26 12:00:00+01:00,CT NG 44,0.0
2030,sc01,02-26 12:00:00+01:00,CT NG 14,0.0
2030,sc01,02-26 12:00:00+01:00,CC NG 15,0.0
2030,sc01,02-26 12:00:00+01:00,CC NG 04,0.0
2030,sc01,02-26 12:00:00+01:00,Biomass 29,0.07353
2030,sc01,02-26 12:00:00+01:00,Wind 14,0.0
2030,sc01,02-26 12:00:00+01:00,Wind 08,0.51606358281
2030,sc01,02-26 12:00:00+01:00,Biomass 61,0.0
2030,sc01,02-26 12:00:00+01:00,CT NG 35,0.0
2030,sc01,02-26 12:00:00+01:00,Solar 33,0.0
2030,sc01,02-26 12:00:00+01:00,CT NG 41,0.0
2030,sc01,02-26 12:00:00+01:00,CT NG 15,0.0
2030,sc01,02-26 12:00:00+01:00,Solar 42,0.0
2030,sc01,02-26 12:00:00+01:00,Solar 07,0.020544477736
2030,sc01,02-26 12:00:00+01:00,Solar 43,0.0
2030,sc01,02-26 12:00:00+01:00,Biomass 05,0.020640000000000002
2030,sc01,02-26 12:00:00+01:00,CT NG 29,0.0
2030,sc01,02-26 12:00:00+01:00,Solar 71,0.0
2030,sc01,02-26 12:00:00+01:00,CT NG 53,0.0
2030,sc01,02-26 12:00:00+01:00,CT NG 20,0.0
2030,sc01,02-26 12:00:00+01:00,Biomass 14,0.03526
2030,sc01,02-26 12:00:00+01:00,Solar 26,0.17320874066400002
2030,sc01,02-26 12:00:00+01:00,Hydro 29,0.0
2030,sc01,02-26 12:00:00+01:00,Hydro 31,0.0
2030,sc01,02-26 12:00:00+01:00,Biomass 24,0.01978
2030,sc01,02-26 12:00:00+01:00,Biomass 54,0.11352
2030,sc01,02-26 12:00:00+01:00,Solar 36,0.0
2030,sc01,02-26 12:00:00+01:00,Wind 03,0.35504505911999995
2030,sc01,02-26 12:00:00+01:00,Biomass 40,0.0
2030,sc01,02-26 12:00:00+01:00,Biomass 49,0.0
2030,sc01,02-26 12:00:00+01:00,CC NG 16,1.8301751238979715
2030,sc01,02-26 12:00:00+01:00,Biomass 48,0.0
2030,sc01,02-26 12:00:00+01:00,Hydro 28,0.0
2030,sc01,02-26 12:00:00+01:00,Biomass 17,0.00903
2030,sc01,02-26 12:00:00+01:00,CT NG 33,0.0
2030,sc01,02-26 12:00:00+01:00,Solar 45,0.0
2030,sc01,02-26 12:00:00+01:00,Hydro 24,0.0
2030,sc01,02-26 12:00:00+01:00,Wind 13,1.03623051114
2030,sc01,02-26 12:00:00+01:00,Biomass 07,0.08600000000000001
2030,sc01,02-26 12:00:00+01:00,Biomass 34,0.0
2030,sc01,02-26 12:00:00+01:00,Biomass 33,0.0
2030,sc01,02-26 12:00:00+01:00,CT NG 01,0.2754385787787048
2030,sc01,02-26 12:00:00+01:00,ICE NG 03,0.0
2030,sc01,02-26 12:00:00+01:00,Solar 55,0.0
2030,sc01,02-26 12:00:00+01:00,Solar 11,0.191333706784
2030,sc01,02-26 12:00:00+01:00,CT NG 06,0.0
2030,sc01,02-26 12:00:00+01:00,CT NG 70,0.0
2030,sc01,02-26 12:00:00+01:00,Solar 23,0.028331001672
2030,sc01,02-26 12:00:00+01:00,CT NG 67,0.0
2030,sc01,02-26 12:00:00+01:00,Solar 12,0.148112502744
2030,sc01,02-26 12:00:00+01:00,CT Oil 01,0.0
2030,sc01,02-26 12:00:00+01:00,Hydro 26,0.0
2030,sc01,02-26 12:00:00+01:00,CC NG 22,0.0
2030,sc01,02-26 12:00:00+01:00,CC NG 35,0.0
2030,sc01,02-26 12:00:00+01:00,Biomass 50,0.0
2030,sc01,02-26 12:00:00+01:00,ICE NG 04,0.0
2030,sc01,02-26 12:00:00+01:00,CC NG 39,0.0
2030,sc01,02-26 12:00:00+01:00,Hydro 32,0.0
2030,sc01,02-26 12:00:00+01:00,ICE NG 07,0.0
2030,sc01,02-26 12:00:00+01:00,Biomass 46,0.0
2030,sc01,02-26 12:00:00+01:00,CC NG 38,0.0
2030,sc01,02-26 12:00:00+01:00,CC NG 12,0.0
2030,sc01,02-26 12:00:00+01:00,Solar 57,0.0
2030,sc01,02-26 12:00:00+01:00,CC NG 32,0.0
2030,sc01,02-26 12:00:00+01:00,CC NG 07,0.0
2030,sc01,02-26 12:00:00+01:00,Biomass 44,0.0
2030,sc01,02-26 12:00:00+01:00,CT NG 40,0.0
2030,sc01,02-26 12:00:00+01:00,Solar 74,0.09237766402400001
2030,sc01,02-26 12:00:00+01:00,Hydro 30,0.0
2030,sc01,02-26 12:00:00+01:00,CT NG 42,0.0
2030,sc01,02-26 12:00:00+01:00,Hydro 22,0.0
2030,sc01,02-26 12:00:00+01:00,Solar 17,0.2905078108
2030,sc01,02-26 12:00:00+01:00,Solar 38,0.0
2030,sc01,02-26 12:00:00+01:00,CT NG 24,0.0
2030,sc01,02-26 12:00:00+01:00,CC NG 27,0.0
2030,sc01,02-26 12:00:00+01:00,Biomass 21,0.01634
2030,sc01,02-26 12:00:00+01:00,ICE NG 06,0.0
2030,sc01,02-26 12:00:00+01:00,Biomass 25,0.01978
2030,sc01,02-26 12:00:00+01:00,Solar 27,0.079287247984
2030,sc01,02-26 12:00:00+01:00,CT NG 19,0.0
2030,sc01,02-26 12:00:00+01:00,Biomass 42,0.0
2030,sc01,02-26 12:00:00+01:00,Biomass 19,0.01634
2030,sc01,02-26 12:00:00+01:00,Biomass 06,0.020640000000000002
2030,sc01,02-26 12:00:00+01:00,CT NG 10,0.0
2030,sc01,02-26 12:00:00+01:00,CC NG 40,0.0
2030,sc01,02-26 12:00:00+01:00,CC NG 21,0.0
2030,sc01,02-26 12:00:00+01:00,Biomass 02,0.04773
2030,sc01,02-26 12:00:00+01:00,CT NG 46,0.0
2030,sc01,02-26 12:00:00+01:00,Hydro 34,0.0
2030,sc01,02-26 12:00:00+01:00,Biomass 10,0.03698
2030,sc01,02-26 12:00:00+01:00,CT NG 17,0.0
2030,sc01,02-26 12:00:00+01:00,Biomass 62,0.08428
2030,sc01,02-26 12:00:00+01:00,Biomass 32,0.05418
2030,sc01,02-26 12:00:00+01:00,CC NG 19,5.82134
2030,sc01,02-26 12:00:00+01:00,CC NG 17,0.0
2030,sc01,02-26 12:00:00+01:00,ST NG 01,0.0
2030,sc01,02-26 12:00:00+01:00,Biomass 45,0.0
2030,sc01,02-26 12:00:00+01:00,Biomass 28,0.07353
2030,sc01,02-26 12:00:00+01:00,CC NG 10,0.0
2030,sc01,02-26 12:00:00+01:00,Biomass 23,0.01978
2030,sc01,02-26 12:00:00+01:00,ST NG 06,0.0
2030,sc01,02-26 12:00:00+01:00,Wind 10,0.5001274891199999
2030,sc01,02-26 12:00:00+01:00,CT NG 69,0.0
2030,sc01,02-26 12:00:00+01:00,CT NG 68,0.0
2030,sc01,02-26 20:00:00+01:00,CC NG 13,0.0
2030,sc01,02-26 20:00:00+01:00,CT NG 37,0.0
2030,sc01,02-26 20:00:00+01:00,ST Coal 01,0.0
2030,sc01,02-26 20:00:00+01:00,CT NG 09,0.0
2030,sc01,02-26 20:00:00+01:00,CT NG 47,0.0
2030,sc01,02-26 20:00:00+01:00,Solar 69,0.0
2030,sc01,02-26 20:00:00+01:00,Solar 34,0.0
2030,sc01,02-26 20:00:00+01:00,Solar 73,0.0
2030,sc01,02-26 20:00:00+01:00,Biomass 37,0.0
2030,sc01,02-26 20:00:00+01:00,Hydro 20,0.0
2030,sc01,02-26 20:00:00+01:00,Solar 01,0.0
2030,sc01,02-26 20:00:00+01:00,Solar 62,0.0
2030,sc01,02-26 20:00:00+01:00,Solar 02,0.0
2030,sc01,02-26 20:00:00+01:00,CT NG 26,0.0
2030,sc01,02-26 20:00:00+01:00,Biomass 20,0.0095
2030,sc01,02-26 20:00:00+01:00,Wind 16,4.169265520423371
2030,sc01,02-26 20:00:00+01:00,CT NG 66,0.0
2030,sc01,02-26 20:00:00+01:00,Solar 39,0.0
2030,sc01,02-26 20:00:00+01:00,Biomass 41,0.0
2030,sc01,02-26 20:00:00+01:00,Solar 72,0.0
2030,sc01,02-26 20:00:00+01:00,ST NG 03,0.0
2030,sc01,02-26 20:00:00+01:00,Hydro 21,1.50336975
2030,sc01,02-26 20:00:00+01:00,CT NG 03,0.0
2030,sc01,02-26 20:00:00+01:00,CC NG 09,0.0
2030,sc01,02-26 20:00:00+01:00,CT Oil 02,0.0
2030,sc01,02-26 20:00:00+01:00,CT NG 39,0.0
2030,sc01,02-26 20:00:00+01:00,CC NG 08,0.0
2030,sc01,02-26 20:00:00+01:00,Biomass 43,0.0
2030,sc01,02-26 20:00:00+01:00,CT NG 18,0.09447749999999998
2030,sc01,02-26 20:00:00+01:00,ST NG 07,0.0
2030,sc01,02-26 20:00:00+01:00,Biomass 35,0.0
2030,sc01,02-26 20:00:00+01:00,Solar 32,0.0
2030,sc01,02-26 20:00:00+01:00,Biomass 15,0.00525
2030,sc01,02-26 20:00:00+01:00,CC NG 31,0.0
2030,sc01,02-26 20:00:00+01:00,Solar 16,0.0
2030,sc01,02-26 20:00:00+01:00,Solar 68,0.0
2030,sc01,02-26 20:00:00+01:00,CT NG 21,0.0
2030,sc01,02-26 20:00:00+01:00,Wind 11,0.5018876954999999
2030,sc01,02-26 20:00:00+01:00,CC NG 37,0.0
2030,sc01,02-26 20:00:00+01:00,CT NG 22,0.0
2030,sc01,02-26 20:00:00+01:00,Hydro 16,0.0
2030,sc01,02-26 20:00:00+01:00,Biomass 59,0.10350000000000001
2030,sc01,02-26 20:00:00+01:00,CC NG 01,0.0
2030,sc01,02-26 20:00:00+01:00,Biomass 16,0.00525
2030,sc01,02-26 20:00:00+01:00,Solar 03,0.0
2030,sc01,02-26 20:00:00+01:00,Solar 44,0.0
2030,sc01,02-26 20:00:00+01:00,CT NG 08,0.0
2030,sc01,02-26 20:00:00+01:00,Wind 05,0.0928691176
2030,sc01,02-26 20:00:00+01:00,Biomass 26,0.042749999999999996
2030,sc01,02-26 20:00:00+01:00,Solar 37,0.0
2030,sc01,02-26 20:00:00+01:00,Biomass 11,0.00925
2030,sc01,02-26 20:00:00+01:00,Solar 59,0.0
2030,sc01,02-26 20:00:00+01:00,CT NG 11,0.0
2030,sc01,02-26 20:00:00+01:00,Biomass 30,0.042749999999999996
2030,sc01,02-26 20:00:00+01:00,Hydro 23,0.0
2030,sc01,02-26 20:00:00+01:00,CC NG 24,0.0
2030,sc01,02-26 20:00:00+01:00,Solar 65,0.0
2030,sc01,02-26 20:00:00+01:00,CC NG 18,5.57524106484665
2030,sc01,02-26 20:00:00+01:00,CT NG 16,0.0
2030,sc01,02-26 20:00:00+01:00,Solar 51,0.0
2030,sc01,02-26 20:00:00+01:00,Wind 06,0.4862674905
2030,sc01,02-26 20:00:00+01:00,CC NG 26,0.0
2030,sc01,02-26 20:00:00+01:00,CC NG 23,0.0
2030,sc01,02-26 20:00:00+01:00,CT NG 43,0.0
2030,sc01,02-26 20:00:00+01:00,CC NG 11,0.0
2030,sc01,02-26 20:00:00+01:00,CT NG 02,0.0
2030,sc01,02-26 20:00:00+01:00,CT NG 50,0.0
2030,sc01,02-26 20:00:00+01:00,Hydro 27,0.0
2030,sc01,02-26 20:00:00+01:00,CT NG 13,0.0
2030,sc01,02-26 20:00:00+01:00,CT NG 25,0.0
2030,sc01,02-26 20:00:00+01:00,CC NG 05,0.0
2030,sc01,02-26 20:00:00+01:00,Solar 04,0.0
2030,sc01,02-26 20:00:00+01:00,Solar 30,0.0
2030,sc01,02-26 20:00:00+01:00,Solar 29,0.0
2030,sc01,02-26 20:00:00+01:00,Solar 53,0.0
2030,sc01,02-26 20:00:00+01:00,Solar 21,0.0
2030,sc01,02-26 20:00:00+01:00,Biomass 58,0.051000000000000004
2030,sc01,02-26 20:00:00+01:00,CT NG 74,0.0
2030,sc01,02-26 20:00:00+01:00,Solar 61,0.0
2030,sc01,02-26 20:00:00+01:00,Wind 07,0.4804233807500001
2030,sc01,02-26 20:00:00+01:00,Biomass 31,0.042749999999999996
2030,sc01,02-26 20:00:00+01:00,CT Oil 05,0.0
2030,sc01,02-26 20:00:00+01:00,Biomass 38,0.0
2030,sc01,02-26 20:00:00+01:00,Solar 41,0.0
2030,sc01,02-26 20:00:00+01:00,Biomass 51,0.0
2030,sc01,02-26 20:00:00+01:00,Biomass 55,0.066
2030,sc01,02-26 20:00:00+01:00,Wind 15,0.0
2030,sc01,02-26 20:00:00+01:00,Geo 01,0.0
2030,sc01,02-26 20:00:00+01:00,Biomass 60,0.0675
2030,sc01,02-26 20:00:00+01:00,CT NG 38,0.0
2030,sc01,02-26 20:00:00+01:00,Solar 66,0.0
2030,sc01,02-26 20:00:00+01:00,Solar 49,0.0
2030,sc01,02-26 20:00:00+01:00,CT NG 51,0.0
2030,sc01,02-26 20:00:00+01:00,Biomass 18,0.00525
2030,sc01,02-26 20:00:00+01:00,ICE NG 01,0.0
2030,sc01,02-26 20:00:00+01:00,Solar 15,0.0
2030,sc01,02-26 20:00:00+01:00,ICE NG 05,0.0
2030,sc01,02-26 20:00:00+01:00,CT Oil 04,0.0
2030,sc01,02-26 20:00:00+01:00,CC NG 20,0.0
2030,sc01,02-26 20:00:00+01:00,Solar 20,0.0
2030,sc01,02-26 20:00:00+01:00,Biomass 04,0.0
2030,sc01,02-26 20:00:00+01:00,Wind 02,1.6444406145
2030,sc01,02-26 20:00:00+01:00,Hydro 25,0.19782750000000002
2030,sc01,02-26 20:00:00+01:00,Solar 75,0.0
2030,sc01,02-26 20:00:00+01:00,Hydro 33,0.0
2030,sc01,02-26 20:00:00+01:00,ST NG 05,0.0
2030,sc01,02-26 20:00:00+01:00,CT NG 07,0.0
2030,sc01,02-26 20:00:00+01:00,Wind 01,0.30038080300000003
2030,sc01,02-26 20:00:00+01:00,Solar 56,0.0
2030,sc01,02-26 20:00:00+01:00,Biomass 09,0.0215
2030,sc01,02-26 20:00:00+01:00,Biomass 53,0.066
2030,sc01,02-26 20:00:00+01:00,Wind 17,29.9
2030,sc01,02-26 20:00:00+01:00,ST NG 08,0.0
2030,sc01,02-26 20:00:00+01:00,Hydro 19,0.5207125
2030,sc01,02-26 20:00:00+01:00,ST NG 02,0.0
2030,sc01,02-26 20:00:00+01:00,Biomass 01,0.027750000000000004
2030,sc01,02-26 20:00:00+01:00,Biomass 57,0.051000000000000004
2030,sc01,02-26 20:00:00+01:00,CT NG 49,0.0
2030,sc01,02-26 20:00:00+01:00,CT NG 31,0.0
2030,sc01,02-26 20:00:00+01:00,Solar 64,0.0
2030,sc01,02-26 20:00:00+01:00,CC NG 33,0.0
2030,sc01,02-26 20:00:00+01:00,Solar 46,0.0
2030,sc01,02-26 20:00:00+01:00,Biomass 12,0.00925
2030,sc01,02-26 20:00:00+01:00,Wind 04,0.4197705415
2030,sc01,02-26 20:00:00+01:00,Solar 13,0.0
2030,sc01,02-26 20:00:00+01:00,CT NG 55,0.0
2030,sc01,02-26 20:00:00+01:00,Wind N03,137.30060190960305
2030,sc01,02-26 20:00:00+01:00,CT NG 28,0.0
2030,sc01,02-26 20:00:00+01:00,Wind 09,1.3472371052499998
2030,sc01,02-26 20:00:00+01:00,Solar 60,0.0
2030,sc01,02-26 20:00:00+01:00,Solar 25,0.0
2030,sc01,02-26 20:00:00+01:00,CT NG 23,0.0
2030,sc01,02-26 20:00:00+01:00,ST Other 01,0.0
2030,sc01,02-26 20:00:00+01:00,Solar 70,0.0
2030,sc01,02-26 20:00:00+01:00,CC NG 34,0.0
2030,sc01,02-26 20:00:00+01:00,Solar 48,0.0
2030,sc01,02-26 20:00:00+01:00,Biomass 56,0.0655
2030,sc01,02-26 20:00:00+01:00,CT NG 36,0.0
2030,sc01,02-26 20:00:00+01:00,Solar 47,0.0
2030,sc01,02-26 20:00:00+01:00,Hydro 17,0.006847875
2030,sc01,02-26 20:00:00+01:00,Solar 09,0.0
2030,sc01,02-26 20:00:00+01:00,Solar 08,0.0
2030,sc01,02-26 20:00:00+01:00,CT NG 45,0.0
2030,sc01,02-26 20:00:00+01:00,ST NG 04,0.0
2030,sc01,02-26 20:00:00+01:00,Solar 40,0.0
2030,sc01,02-26 20:00:00+01:00,Biomass 47,0.0
2030,sc01,02-26 20:00:00+01:00,Solar 50,0.0
2030,sc01,02-26 20:00:00+01:00,Solar 52,0.0
2030,sc01,02-26 20:00:00+01:00,Solar 63,0.0
2030,sc01,02-26 20:00:00+01:00,CC NG 06,0.0
2030,sc01,02-26 20:00:00+01:00,Biomass 39,0.0
2030,sc01,02-26 20:00:00+01:00,Solar 67,0.0
2030,sc01,02-26 20:00:00+01:00,Solar 19,0.0
2030,sc01,02-26 20:00:00+01:00,Wind 12,2.2777728020000003
2030,sc01,02-26 20:00:00+01:00,Solar 24,0.0
2030,sc01,02-26 20:00:00+01:00,ICE NG 02,0.0
2030,sc01,02-26 20:00:00+01:00,Solar 05,0.0
2030,sc01,02-26 20:00:00+01:00,CT NG 54,0.0
2030,sc01,02-26 20:00:00+01:00,Wind N01,21.6096394025
2030,sc01,02-26 20:00:00+01:00,CT NG 27,0.0
2030,sc01,02-26 20:00:00+01:00,CC NG 36,0.0
2030,sc01,02-26 20:00:00+01:00,Wind N02,7.332172665994829
2030,sc01,02-26 20:00:00+01:00,CT NG 52,0.0
2030,sc01,02-26 20:00:00+01:00,Solar 35,0.0
2030,sc01,02-26 20:00:00+01:00,CT NG 05,0.0
2030,sc01,02-26 20:00:00+01:00,Biomass 36,0.0
2030,sc01,02-26 20:00:00+01:00,CT NG 34,0.0
2030,sc01,02-26 20:00:00+01:00,CT Oil 03,0.0
2030,sc01,02-26 20:00:00+01:00,Hydro 35,0.0
2030,sc01,02-26 20:00:00+01:00,Solar 14,0.0
2030,sc01,02-26 20:00:00+01:00,CT NG 75,0.0
2030,sc01,02-26 20:00:00+01:00,ST NG 09,0.0
2030,sc01,02-26 20:00:00+01:00,CT NG 56,0.0
2030,sc01,02-26 20:00:00+01:00,Biomass 22,0.0095
2030,sc01,02-26 20:00:00+01:00,Solar 18,0.0
2030,sc01,02-26 20:00:00+01:00,Biomass 13,0.00925
2030,sc01,02-26 20:00:00+01:00,CT NG 71,0.0
2030,sc01,02-26 20:00:00+01:00,Solar 58,0.0
2030,sc01,02-26 20:00:00+01:00,Solar 06,0.0
2030,sc01,02-26 20:00:00+01:00,Biomass 08,0.0215
2030,sc01,02-26 20:00:00+01:00,CT NG 72,0.0
2030,sc01,02-26 20:00:00+01:00,Hydro 18,0.023587125000000004
2030,sc01,02-26 20:00:00+01:00,Solar 10,0.0
2030,sc01,02-26 20:00:00+01:00,CT NG 04,0.0
2030,sc01,02-26 20:00:00+01:00,ST Other 02,0.0
2030,sc01,02-26 20:00:00+01:00,CT NG 12,0.0
2030,sc01,02-26 20:00:00+01:00,CT NG 48,0.0
2030,sc01,02-26 20:00:00+01:00,ST NG 10,0.0
2030,sc01,02-26 20:00:00+01:00,Solar 22,0.0
2030,sc01,02-26 20:00:00+01:00,Solar 28,0.0
2030,sc01,02-26 20:00:00+01:00,CT NG 73,0.0
2030,sc01,02-26 20:00:00+01:00,Biomass 52,0.0
2030,sc01,02-26 20:00:00+01:00,CT NG 30,0.0
2030,sc01,02-26 20:00:00+01:00,Solar 54,0.0
2030,sc01,02-26 20:00:00+01:00,Solar 31,0.0
2030,sc01,02-26 20:00:00+01:00,Biomass 03,0.0
2030,sc01,02-26 20:00:00+01:00,CT NG 32,0.0
2030,sc01,02-26 20:00:00+01:00,Biomass 27,0.042749999999999996
2030,sc01,02-26 20:00:00+01:00,CC NG 14,0.0
2030,sc01,02-26 20:00:00+01:00,CC NG 03,3.0697415
2030,sc01,02-26 20:00:00+01:00,CC NG 29,0.0
2030,sc01,02-26 20:00:00+01:00,CC NG 28,0.0
2030,sc01,02-26 20:00:00+01:00,CC NG 25,0.0
2030,sc01,02-26 20:00:00+01:00,CT NG 44,0.0
2030,sc01,02-26 20:00:00+01:00,CT NG 14,0.0
2030,sc01,02-26 20:00:00+01:00,CC NG 15,0.0
2030,sc01,02-26 20:00:00+01:00,CC NG 04,7.736
2030,sc01,02-26 20:00:00+01:00,Biomass 29,0.042749999999999996
2030,sc01,02-26 20:00:00+01:00,Wind 14,46.56016695
2030,sc01,02-26 20:00:00+01:00,Wind 08,1.4563586582499999
2030,sc01,02-26 20:00:00+01:00,Biomass 61,0.0
2030,sc01,02-26 20:00:00+01:00,CT NG 35,0.0
2030,sc01,02-26 20:00:00+01:00,Solar 33,0.0
2030,sc01,02-26 20:00:00+01:00,CT NG 41,0.0
2030,sc01,02-26 20:00:00+01:00,CT NG 15,0.0
2030,sc01,02-26 20:00:00+01:00,Solar 42,0.0
2030,sc01,02-26 20:00:00+01:00,Solar 07,0.0
2030,sc01,02-26 20:00:00+01:00,Solar 43,0.0
2030,sc01,02-26 20:00:00+01:00,Biomass 05,0.012
2030,sc01,02-26 20:00:00+01:00,CT NG 29,0.0
2030,sc01,02-26 20:00:00+01:00,Solar 71,0.0
2030,sc01,02-26 20:00:00+01:00,CT NG 53,0.0
2030,sc01,02-26 20:00:00+01:00,CT NG 20,0.0
2030,sc01,02-26 20:00:00+01:00,Biomass 14,0.0205
2030,sc01,02-26 20:00:00+01:00,Solar 26,0.0
2030,sc01,02-26 20:00:00+01:00,Hydro 29,0.9132709331823939
2030,sc01,02-26 20:00:00+01:00,Hydro 31,0.0
2030,sc01,02-26 20:00:00+01:00,Biomass 24,0.0115
2030,sc01,02-26 20:00:00+01:00,Biomass 54,0.066
2030,sc01,02-26 20:00:00+01:00,Solar 36,0.0
2030,sc01,02-26 20:00:00+01:00,Wind 03,0.8212193445
2030,sc01,02-26 20:00:00+01:00,Biomass 40,0.0
2030,sc01,02-26 20:00:00+01:00,Biomass 49,0.0
2030,sc01,02-26 20:00:00+01:00,CC NG 16,22.8091125
2030,sc01,02-26 20:00:00+01:00,Biomass 48,0.0
2030,sc01,02-26 20:00:00+01:00,Hydro 28,0.0
2030,sc01,02-26 20:00:00+01:00,Biomass 17,0.00525
2030,sc01,02-26 20:00:00+01:00,CT NG 33,0.0
2030,sc01,02-26 20:00:00+01:00,Solar 45,0.0
2030,sc01,02-26 20:00:00+01:00,Hydro 24,0.0
2030,sc01,02-26 20:00:00+01:00,Wind 13,1.4742162085000001
2030,sc01,02-26 20:00:00+01:00,Biomass 07,0.05
2030,sc01,02-26 20:00:00+01:00,Biomass 34,0.0
2030,sc01,02-26 20:00:00+01:00,Biomass 33,0.0
2030,sc01,02-26 20:00:00+01:00,CT NG 01,0.0
2030,sc01,02-26 20:00:00+01:00,ICE NG 03,0.0
2030,sc01,02-26 20:00:00+01:00,Solar 55,0.0
2030,sc01,02-26 20:00:00+01:00,Solar 11,0.0
2030,sc01,02-26 20:00:00+01:00,CT NG 06,0.0
2030,sc01,02-26 20:00:00+01:00,CT NG 70,0.0
2030,sc01,02-26 20:00:00+01:00,Solar 23,0.0
2030,sc01,02-26 20:00:00+01:00,CT NG 67,0.0
2030,sc01,02-26 20:00:00+01:00,Solar 12,0.0
2030,sc01,02-26 20:00:00+01:00,CT Oil 01,0.0
2030,sc01,02-26 20:00:00+01:00,Hydro 26,0.19782750000000002
2030,sc01,02-26 20:00:00+01:00,CC NG 22,0.0
2030,sc01,02-26 20:00:00+01:00,CC NG 35,0.0
2030,sc01,02-26 20:00:00+01:00,Biomass 50,0.0
2030,sc01,02-26 20:00:00+01:00,ICE NG 04,0.0
2030,sc01,02-26 20:00:00+01:00,CC NG 39,0.0
2030,sc01,02-26 20:00:00+01:00,Hydro 32,0.0
2030,sc01,02-26 20:00:00+01:00,ICE NG 07,0.0
2030,sc01,02-26 20:00:00+01:00,Biomass 46,0.0
2030,sc01,02-26 20:00:00+01:00,CC NG 38,0.0
2030,sc01,02-26 20:00:00+01:00,CC NG 12,0.0
2030,sc01,02-26 20:00:00+01:00,Solar 57,0.0
2030,sc01,02-26 20:00:00+01:00,CC NG 32,0.0
2030,sc01,02-26 20:00:00+01:00,CC NG 07,0.0
2030,sc01,02-26 20:00:00+01:00,Biomass 44,0.0
2030,sc01,02-26 20:00:00+01:00,CT NG 40,0.0
2030,sc01,02-26 20:00:00+01:00,Solar 74,0.0
2030,sc01,02-26 20:00:00+01:00,Hydro 30,0.0
2030,sc01,02-26 20:00:00+01:00,CT NG 42,0.0
2030,sc01,02-26 20:00:00+01:00,Hydro 22,1.50336975
2030,sc01,02-26 20:00:00+01:00,Solar 17,0.0
2030,sc01,02-26 20:00:00+01:00,Solar 38,0.0
2030,sc01,02-26 20:00:00+01:00,CT NG 24,0.0
2030,sc01,02-26 20:00:00+01:00,CC NG 27,0.0
2030,sc01,02-26 20:00:00+01:00,Biomass 21,0.0095
2030,sc01,02-26 20:00:00+01:00,ICE NG 06,0.0
2030,sc01,02-26 20:00:00+01:00,Biomass 25,0.0115
2030,sc01,02-26 20:00:00+01:00,Solar 27,0.0
2030,sc01,02-26 20:00:00+01:00,CT NG 19,0.0
2030,sc01,02-26 20:00:00+01:00,Biomass 42,0.0
2030,sc01,02-26 20:00:00+01:00,Biomass 19,0.0095
2030,sc01,02-26 20:00:00+01:00,Biomass 06,0.012
2030,sc01,02-26 20:00:00+01:00,CT NG 10,0.0
2030,sc01,02-26 20:00:00+01:00,CC NG 40,0.0
2030,sc01,02-26 20:00:00+01:00,CC NG 21,0.0
2030,sc01,02-26 20:00:00+01:00,Biomass 02,0.027750000000000004
2030,sc01,02-26 20:00:00+01:00,CT NG 46,0.0
2030,sc01,02-26 20:00:00+01:00,Hydro 34,0.0
2030,sc01,02-26 20:00:00+01:00,Biomass 10,0.0215
2030,sc01,02-26 20:00:00+01:00,CT NG 17,0.16715249999999998
2030,sc01,02-26 20:00:00+01:00,Biomass 62,0.049
2030,sc01,02-26 20:00:00+01:00,Biomass 32,0.0315
2030,sc01,02-26 20:00:00+01:00,CC NG 19,3.3845
2030,sc01,02-26 20:00:00+01:00,CC NG 17,0.0
2030,sc01,02-26 20:00:00+01:00,ST NG 01,0.0
2030,sc01,02-26 20:00:00+01:00,Biomass 45,0.0
2030,sc01,02-26 20:00:00+01:00,Biomass 28,0.042749999999999996
2030,sc01,02-26 20:00:00+01:00,CC NG 10,0.0
2030,sc01,02-26 20:00:00+01:00,Biomass 23,0.0115
2030,sc01,02-26 20:00:00+01:00,ST NG 06,0.0
2030,sc01,02-26 20:00:00+01:00,Wind 10,1.4037600185
2030,sc01,02-26 20:00:00+01:00,CT NG 69,0.0
2030,sc01,02-26 20:00:00+01:00,CT NG 68,0.0
2030,sc01,02-28 17:00:00+01:00,CC NG 13,0.0
2030,sc01,02-28 17:00:00+01:00,CT NG 37,0.0
2030,sc01,02-28 17:00:00+01:00,ST Coal 01,0.0
2030,sc01,02-28 17:00:00+01:00,CT NG 09,0.0
2030,sc01,02-28 17:00:00+01:00,CT NG 47,0.0
2030,sc01,02-28 17:00:00+01:00,Solar 69,1.2174986023199998
2030,sc01,02-28 17:00:00+01:00,Solar 34,1.13040729942
2030,sc01,02-28 17:00:00+01:00,Solar 73,0.0
2030,sc01,02-28 17:00:00+01:00,Biomass 37,0.017849999999999998
2030,sc01,02-28 17:00:00+01:00,Hydro 20,0.0
2030,sc01,02-28 17:00:00+01:00,Solar 01,1.7978242732800003
2030,sc01,02-28 17:00:00+01:00,Solar 62,0.0
2030,sc01,02-28 17:00:00+01:00,Solar 02,0.4671849378
2030,sc01,02-28 17:00:00+01:00,CT NG 26,0.0
2030,sc01,02-28 17:00:00+01:00,Biomass 20,0.007980000000000001
2030,sc01,02-28 17:00:00+01:00,Wind 16,0.041074806528
2030,sc01,02-28 17:00:00+01:00,CT NG 66,0.0
2030,sc01,02-28 17:00:00+01:00,Solar 39,0.017314653048
2030,sc01,02-28 17:00:00+01:00,Biomass 41,0.03003
2030,sc01,02-28 17:00:00+01:00,Solar 72,0.22305725589000003
2030,sc01,02-28 17:00:00+01:00,ST NG 03,0.0
2030,sc01,02-28 17:00:00+01:00,Hydro 21,1.1065389300000001
2030,sc01,02-28 17:00:00+01:00,CT NG 03,0.0
2030,sc01,02-28 17:00:00+01:00,CC NG 09,0.0
2030,sc01,02-28 17:00:00+01:00,CT Oil 02,0.0
2030,sc01,02-28 17:00:00+01:00,CT NG 39,0.0
2030,sc01,02-28 17:00:00+01:00,CC NG 08,0.0
2030,sc01,02-28 17:00:00+01:00,Biomass 43,0.05208
2030,sc01,02-28 17:00:00+01:00,CT NG 18,0.07936109999999999
2030,sc01,02-28 17:00:00+01:00,ST NG 07,0.0
2030,sc01,02-28 17:00:00+01:00,Biomass 35,0.030240000000000003
2030,sc01,02-28 17:00:00+01:00,Solar 32,1.08798197991
2030,sc01,02-28 17:00:00+01:00,Biomass 15,0.00441
2030,sc01,02-28 17:00:00+01:00,CC NG 31,0.0
2030,sc01,02-28 17:00:00+01:00,Solar 16,0.128598984696
2030,sc01,02-28 17:00:00+01:00,Solar 68,0.9718024056300001
2030,sc01,02-28 17:00:00+01:00,CT NG 21,0.0
2030,sc01,02-28 17:00:00+01:00,Wind 11,0.29162720202000003
2030,sc01,02-28 17:00:00+01:00,CC NG 37,0.0
2030,sc01,02-28 17:00:00+01:00,CT NG 22,0.0
2030,sc01,02-28 17:00:00+01:00,Hydro 16,0.0
2030,sc01,02-28 17:00:00+01:00,Biomass 59,0.08694
2030,sc01,02-28 17:00:00+01:00,CC NG 01,0.0
2030,sc01,02-28 17:00:00+01:00,Biomass 16,0.00441
2030,sc01,02-28 17:00:00+01:00,Solar 03,0.6211279042500001
2030,sc01,02-28 17:00:00+01:00,Solar 44,0.0143832192
2030,sc01,02-28 17:00:00+01:00,CT NG 08,0.0
2030,sc01,02-28 17:00:00+01:00,Wind 05,0.009635694432
2030,sc01,02-28 17:00:00+01:00,Biomass 26,0.03591
2030,sc01,02-28 17:00:00+01:00,Solar 37,0.27602340444
2030,sc01,02-28 17:00:00+01:00,Biomass 11,0.00777
2030,sc01,02-28 17:00:00+01:00,Solar 59,0.09947537628
2030,sc01,02-28 17:00:00+01:00,CT NG 11,0.0
2030,sc01,02-28 17:00:00+01:00,Biomass 30,0.03591
2030,sc01,02-28 17:00:00+01:00,Hydro 23,0.0
2030,sc01,02-28 17:00:00+01:00,CC NG 24,0.0
2030,sc01,02-28 17:00:00+01:00,Solar 65,0.66415682592
2030,sc01,02-28 17:00:00+01:00,CC NG 18,2.1464622538806766
2030,sc01,02-28 17:00:00+01:00,CT NG 16,0.0
2030,sc01,02-28 17:00:00+01:00,Solar 51,0.148696417464
2030,sc01,02-28 17:00:00+01:00,Wind 06,0.5061415569
2030,sc01,02-28 17:00:00+01:00,CC NG 26,0.0
2030,sc01,02-28 17:00:00+01:00,CC NG 23,0.0
2030,sc01,02-28 17:00:00+01:00,CT NG 43,0.0
2030,sc01,02-28 17:00:00+01:00,CC NG 11,0.0
2030,sc01,02-28 17:00:00+01:00,CT NG 02,0.0
2030,sc01,02-28 17:00:00+01:00,CT NG 50,0.0
2030,sc01,02-28 17:00:00+01:00,Hydro 27,0.1643733
2030,sc01,02-28 17:00:00+01:00,CT NG 13,0.0
2030,sc01,02-28 17:00:00+01:00,CT NG 25,0.0
2030,sc01,02-28 17:00:00+01:00,CC NG 05,0.6911671452179191
2030,sc01,02-28 17:00:00+01:00,Solar 04,0.09184785422399999
2030,sc01,02-28 17:00:00+01:00,Solar 30,0.124009478544
2030,sc01,02-28 17:00:00+01:00,Solar 29,0.127276927848
2030,sc01,02-28 17:00:00+01:00,Solar 53,0.152915777616
2030,sc01,02-28 17:00:00+01:00,Solar 21,0.3485056155000001
2030,sc01,02-28 17:00:00+01:00,Biomass 58,0.04284
2030,sc01,02-28 17:00:00+01:00,CT NG 74,0.0
2030,sc01,02-28 17:00:00+01:00,Solar 61,0.01660109724
2030,sc01,02-28 17:00:00+01:00,Wind 07,0.31313807532
2030,sc01,02-28 17:00:00+01:00,Biomass 31,0.03591
2030,sc01,02-28 17:00:00+01:00,CT Oil 05,0.0
2030,sc01,02-28 17:00:00+01:00,Biomass 38,0.017849999999999998
2030,sc01,02-28 17:00:00+01:00,Solar 41,0.017314653048
2030,sc01,02-28 17:00:00+01:00,Biomass 51,0.004200000000000001
2030,sc01,02-28 17:00:00+01:00,Biomass 55,0.05544
2030,sc01,02-28 17:00:00+01:00,Wind 15,0.42980626122000004
2030,sc01,02-28 17:00:00+01:00,Geo 01,0.336
2030,sc01,02-28 17:00:00+01:00,Biomass 60,0.0567
2030,sc01,02-28 17:00:00+01:00,CT NG 38,0.0
2030,sc01,02-28 17:00:00+01:00,Solar 66,2.0902463316000004
2030,sc01,02-28 17:00:00+01:00,Solar 49,0.008856832152
2030,sc01,02-28 17:00:00+01:00,CT NG 51,0.0
2030,sc01,02-28 17:00:00+01:00,Biomass 18,0.00441
2030,sc01,02-28 17:00:00+01:00,ICE NG 01,0.0
2030,sc01,02-28 17:00:00+01:00,Solar 15,0.199307203032
2030,sc01,02-28 17:00:00+01:00,ICE NG 05,0.0
2030,sc01,02-28 17:00:00+01:00,CT Oil 04,0.0
2030,sc01,02-28 17:00:00+01:00,CC NG 20,0.0
2030,sc01,02-28 17:00:00+01:00,Solar 20,0.19573952328000002
2030,sc01,02-28 17:00:00+01:00,Biomass 04,0.0054600000000000004
2030,sc01,02-28 17:00:00+01:00,Wind 02,0.80347515801
2030,sc01,02-28 17:00:00+01:00,Hydro 25,0.1643733
2030,sc01,02-28 17:00:00+01:00,Solar 75,0.68763961896
2030,sc01,02-28 17:00:00+01:00,Hydro 33,23.126588100000003
2030,sc01,02-28 17:00:00+01:00,ST NG 05,0.0
2030,sc01,02-28 17:00:00+01:00,CT NG 07,0.0
2030,sc01,02-28 17:00:00+01:00,Wind 01,0.23194264590000002
2030,sc01,02-28 17:00:00+01:00,Solar 56,0.19007903493599998
2030,sc01,02-28 17:00:00+01:00,Biomass 09,0.01806
2030,sc01,02-28 17:00:00+01:00,Biomass 53,0.05544
2030,sc01,02-28 17:00:00+01:00,Wind 17,1.5159131925
2030,sc01,02-28 17:00:00+01:00,ST NG 08,0.0
2030,sc01,02-28 17:00:00+01:00,Hydro 19,0.6530370000000001
2030,sc01,02-28 17:00:00+01:00,ST NG 02,0.0
2030,sc01,02-28 17:00:00+01:00,Biomass 01,0.02331
2030,sc01,02-28 17:00:00+01:00,Biomass 57,0.04284
2030,sc01,02-28 17:00:00+01:00,CT NG 49,0.0
2030,sc01,02-28 17:00:00+01:00,CT NG 31,0.0
2030,sc01,02-28 17:00:00+01:00,Solar 64,0.34868163162000004
2030,sc01,02-28 17:00:00+01:00,CC NG 33,0.0
2030,sc01,02-28 17:00:00+01:00,Solar 46,0.0143832192
2030,sc01,02-28 17:00:00+01:00,Biomass 12,0.00777
2030,sc01,02-28 17:00:00+01:00,Wind 04,0.31376810136000005
2030,sc01,02-28 17:00:00+01:00,Solar 13,0.005003334
2030,sc01,02-28 17:00:00+01:00,CT NG 55,0.0
2030,sc01,02-28 17:00:00+01:00,Wind N03,56.31804808826923
2030,sc01,02-28 17:00:00+01:00,CT NG 28,0.0
2030,sc01,02-28 17:00:00+01:00,Wind 09,0.137676120624
2030,sc01,02-28 17:00:00+01:00,Solar 60,0.145830632472
2030,sc01,02-28 17:00:00+01:00,Solar 25,0.036690326232000005
2030,sc01,02-28 17:00:00+01:00,CT NG 23,0.0
2030,sc01,02-28 17:00:00+01:00,ST Other 01,0.0
2030,sc01,02-28 17:00:00+01:00,Solar 70,1.55089568046
2030,sc01,02-28 17:00:00+01:00,CC NG 34,5.707063404465883
2030,sc01,02-28 17:00:00+01:00,Solar 48,0.0143832192
2030,sc01,02-28 17:00:00+01:00,Biomass 56,0.055020000000000006
2030,sc01,02-28 17:00:00+01:00,CT NG 36,0.0
2030,sc01,02-28 17:00:00+01:00,Solar 47,0.0143832192
2030,sc01,02-28 17:00:00+01:00,Hydro 17,0.005689845
2030,sc01,02-28 17:00:00+01:00,Solar 09,0.24317500326
2030,sc01,02-28 17:00:00+01:00,Solar 08,0.047503816920000004
2030,sc01,02-28 17:00:00+01:00,CT NG 45,0.0
2030,sc01,02-28 17:00:00+01:00,ST NG 04,0.0
2030,sc01,02-28 17:00:00+01:00,Solar 40,0.017314653048
2030,sc01,02-28 17:00:00+01:00,Biomass 47,0.05208
2030,sc01,02-28 17:00:00+01:00,Solar 50,0.04564983141599999
2030,sc01,02-28 17:00:00+01:00,Solar 52,0.10354140602399999
2030,sc01,02-28 17:00:00+01:00,Solar 63,0.7446204910199999
2030,sc01,02-28 17:00:00+01:00,CC NG 06,0.0
2030,sc01,02-28 17:00:00+01:00,Biomass 39,0.017849999999999998
2030,sc01,02-28 17:00:00+01:00,Solar 67,0.49637214291
2030,sc01,02-28 17:00:00+01:00,Solar 19,0.0
2030,sc01,02-28 17:00:00+01:00,Wind 12,3.0320795127
2030,sc01,02-28 17:00:00+01:00,Solar 24,0.027365546208
2030,sc01,02-28 17:00:00+01:00,ICE NG 02,0.0
2030,sc01,02-28 17:00:00+01:00,Solar 05,0.0
2030,sc01,02-28 17:00:00+01:00,CT NG 54,0.0
2030,sc01,02-28 17:00:00+01:00,Wind N01,28.765882550999997
2030,sc01,02-28 17:00:00+01:00,CT NG 27,0.0
2030,sc01,02-28 17:00:00+01:00,CC NG 36,0.0
2030,sc01,02-28 17:00:00+01:00,Wind N02,4.464782698673291
2030,sc01,02-28 17:00:00+01:00,CT NG 52,0.0
2030,sc01,02-28 17:00:00+01:00,Solar 35,0.55388109798
2030,sc01,02-28 17:00:00+01:00,CT NG 05,0.0
2030,sc01,02-28 17:00:00+01:00,Biomass 36,0.030240000000000003
2030,sc01,02-28 17:00:00+01:00,CT NG 34,0.0
2030,sc01,02-28 17:00:00+01:00,CT Oil 03,0.0
2030,sc01,02-28 17:00:00+01:00,Hydro 35,0.0
2030,sc01,02-28 17:00:00+01:00,Solar 14,0.22158473043000002
2030,sc01,02-28 17:00:00+01:00,CT NG 75,0.0
2030,sc01,02-28 17:00:00+01:00,ST NG 09,0.0
2030,sc01,02-28 17:00:00+01:00,CT NG 56,0.0
2030,sc01,02-28 17:00:00+01:00,Biomass 22,0.007980000000000001
2030,sc01,02-28 17:00:00+01:00,Solar 18,0.23371938366
2030,sc01,02-28 17:00:00+01:00,Biomass 13,0.00777
2030,sc01,02-28 17:00:00+01:00,CT NG 71,0.0
2030,sc01,02-28 17:00:00+01:00,Solar 58,0.07797369888
2030,sc01,02-28 17:00:00+01:00,Solar 06,0.113527883784
2030,sc01,02-28 17:00:00+01:00,Biomass 08,0.01806
2030,sc01,02-28 17:00:00+01:00,CT NG 72,0.0
2030,sc01,02-28 17:00:00+01:00,Hydro 18,0.019598354999999998
2030,sc01,02-28 17:00:00+01:00,Solar 10,0.18854355156000002
2030,sc01,02-28 17:00:00+01:00,CT NG 04,0.0
2030,sc01,02-28 17:00:00+01:00,ST Other 02,0.0
2030,sc01,02-28 17:00:00+01:00,CT NG 12,0.0
2030,sc01,02-28 17:00:00+01:00,CT NG 48,0.0
2030,sc01,02-28 17:00:00+01:00,ST NG 10,0.0
2030,sc01,02-28 17:00:00+01:00,Solar 22,0.132381750816
2030,sc01,02-28 17:00:00+01:00,Solar 28,0.118466251344
2030,sc01,02-28 17:00:00+01:00,CT NG 73,0.0
2030,sc01,02-28 17:00:00+01:00,Biomass 52,0.042
2030,sc01,02-28 17:00:00+01:00,CT NG 30,0.0
2030,sc01,02-28 17:00:00+01:00,Solar 54,0.08950908187200002
2030,sc01,02-28 17:00:00+01:00,Solar 31,0.6660768363899999
2030,sc01,02-28 17:00:00+01:00,Biomass 03,0.0054600000000000004
2030,sc01,02-28 17:00:00+01:00,CT NG 32,0.0
2030,sc01,02-28 17:00:00+01:00,Biomass 27,0.03591
2030,sc01,02-28 17:00:00+01:00,CC NG 14,0.0
2030,sc01,02-28 17:00:00+01:00,CC NG 03,2.57858286
2030,sc01,02-28 17:00:00+01:00,CC NG 29,0.0
2030,sc01,02-28 17:00:00+01:00,CC NG 28,0.0
2030,sc01,02-28 17:00:00+01:00,CC NG 25,0.0
2030,sc01,02-28 17:00:00+01:00,CT NG 44,0.0
2030,sc01,02-28 17:00:00+01:00,CT NG 14,0.0
2030,sc01,02-28 17:00:00+01:00,CC NG 15,0.0
2030,sc01,02-28 17:00:00+01:00,CC NG 04,6.49824
2030,sc01,02-28 17:00:00+01:00,Biomass 29,0.03591
2030,sc01,02-28 17:00:00+01:00,Wind 14,1.11503800758
2030,sc01,02-28 17:00:00+01:00,Wind 08,0.15282325615200001
2030,sc01,02-28 17:00:00+01:00,Biomass 61,0.00966
2030,sc01,02-28 17:00:00+01:00,CT NG 35,0.0
2030,sc01,02-28 17:00:00+01:00,Solar 33,0.9189372439800001
2030,sc01,02-28 17:00:00+01:00,CT NG 41,0.0
2030,sc01,02-28 17:00:00+01:00,CT NG 15,0.0
2030,sc01,02-28 17:00:00+01:00,Solar 42,0.0143832192
2030,sc01,02-28 17:00:00+01:00,Solar 07,0.0
2030,sc01,02-28 17:00:00+01:00,Solar 43,0.0143832192
2030,sc01,02-28 17:00:00+01:00,Biomass 05,0.01008
2030,sc01,02-28 17:00:00+01:00,CT NG 29,0.0
2030,sc01,02-28 17:00:00+01:00,Solar 71,3.0879864771000003
2030,sc01,02-28 17:00:00+01:00,CT NG 53,0.0
2030,sc01,02-28 17:00:00+01:00,CT NG 20,0.0
2030,sc01,02-28 17:00:00+01:00,Biomass 14,0.01722
2030,sc01,02-28 17:00:00+01:00,Solar 26,0.033977803944
2030,sc01,02-28 17:00:00+01:00,Hydro 29,23.2028874
2030,sc01,02-28 17:00:00+01:00,Hydro 31,0.0
2030,sc01,02-28 17:00:00+01:00,Biomass 24,0.00966
2030,sc01,02-28 17:00:00+01:00,Biomass 54,0.05544
2030,sc01,02-28 17:00:00+01:00,Solar 36,1.20860041302
2030,sc01,02-28 17:00:00+01:00,Wind 03,0.8892724654799999
2030,sc01,02-28 17:00:00+01:00,Biomass 40,0.017849999999999998
2030,sc01,02-28 17:00:00+01:00,Biomass 49,0.008400000000000001
2030,sc01,02-28 17:00:00+01:00,CC NG 16,19.159654500000002
2030,sc01,02-28 17:00:00+01:00,Biomass 48,0.05208
2030,sc01,02-28 17:00:00+01:00,Hydro 28,23.2028874
2030,sc01,02-28 17:00:00+01:00,Biomass 17,0.00441
2030,sc01,02-28 17:00:00+01:00,CT NG 33,0.0
2030,sc01,02-28 17:00:00+01:00,Solar 45,0.0143832192
2030,sc01,02-28 17:00:00+01:00,Hydro 24,0.0
2030,sc01,02-28 17:00:00+01:00,Wind 13,1.5927703808100002
2030,sc01,02-28 17:00:00+01:00,Biomass 07,0.042
2030,sc01,02-28 17:00:00+01:00,Biomass 34,0.030240000000000003
2030,sc01,02-28 17:00:00+01:00,Biomass 33,0.030240000000000003
2030,sc01,02-28 17:00:00+01:00,CT NG 01,0.0
2030,sc01,02-28 17:00:00+01:00,ICE NG 03,0.0
2030,sc01,02-28 17:00:00+01:00,Solar 55,0.18956702923200003
2030,sc01,02-28 17:00:00+01:00,Solar 11,0.037533320496
2030,sc01,02-28 17:00:00+01:00,CT NG 06,0.0
2030,sc01,02-28 17:00:00+01:00,CT NG 70,0.0
2030,sc01,02-28 17:00:00+01:00,Solar 23,0.005557601952
2030,sc01,02-28 17:00:00+01:00,CT NG 67,0.0
2030,sc01,02-28 17:00:00+01:00,Solar 12,0.029054755296
2030,sc01,02-28 17:00:00+01:00,CT Oil 01,0.0
2030,sc01,02-28 17:00:00+01:00,Hydro 26,0.1643733
2030,sc01,02-28 17:00:00+01:00,CC NG 22,0.0
2030,sc01,02-28 17:00:00+01:00,CC NG 35,0.0
2030,sc01,02-28 17:00:00+01:00,Biomass 50,0.004200000000000001
2030,sc01,02-28 17:00:00+01:00,ICE NG 04,0.0
2030,sc01,02-28 17:00:00+01:00,CC NG 39,0.0
2030,sc01,02-28 17:00:00+01:00,Hydro 32,0.0
2030,sc01,02-28 17:00:00+01:00,ICE NG 07,0.0
2030,sc01,02-28 17:00:00+01:00,Biomass 46,0.01281
2030,sc01,02-28 17:00:00+01:00,CC NG 38,0.0
2030,sc01,02-28 17:00:00+01:00,CC NG 12,0.0
2030,sc01,02-28 17:00:00+01:00,Solar 57,0.066589543944
2030,sc01,02-28 17:00:00+01:00,CC NG 32,0.0
2030,sc01,02-28 17:00:00+01:00,CC NG 07,0.0
2030,sc01,02-28 17:00:00+01:00,Biomass 44,0.02646
2030,sc01,02-28 17:00:00+01:00,CT NG 40,0.0
2030,sc01,02-28 17:00:00+01:00,Solar 74,0.0
2030,sc01,02-28 17:00:00+01:00,Hydro 30,0.0
2030,sc01,02-28 17:00:00+01:00,CT NG 42,0.0
2030,sc01,02-28 17:00:00+01:00,Hydro 22,1.1065389300000001
2030,sc01,02-28 17:00:00+01:00,Solar 17,0.05698798694400001
2030,sc01,02-28 17:00:00+01:00,Solar 38,0.2487310875
2030,sc01,02-28 17:00:00+01:00,CT NG 24,0.0
2030,sc01,02-28 17:00:00+01:00,CC NG 27,0.0
2030,sc01,02-28 17:00:00+01:00,Biomass 21,0.007980000000000001
2030,sc01,02-28 17:00:00+01:00,ICE NG 06,0.0
2030,sc01,02-28 17:00:00+01:00,Biomass 25,0.00966
2030,sc01,02-28 17:00:00+01:00,Solar 27,0.020287066632
2030,sc01,02-28 17:00:00+01:00,CT NG 19,0.0
2030,sc01,02-28 17:00:00+01:00,Biomass 42,0.03003
2030,sc01,02-28 17:00:00+01:00,Biomass 19,0.007980000000000001
2030,sc01,02-28 17:00:00+01:00,Biomass 06,0.01008
2030,sc01,02-28 17:00:00+01:00,CT NG 10,0.0
2030,sc01,02-28 17:00:00+01:00,CC NG 40,0.0
2030,sc01,02-28 17:00:00+01:00,CC NG 21,0.0
2030,sc01,02-28 17:00:00+01:00,Biomass 02,0.02331
2030,sc01,02-28 17:00:00+01:00,CT NG 46,0.0
2030,sc01,02-28 17:00:00+01:00,Hydro 34,23.126588100000003
2030,sc01,02-28 17:00:00+01:00,Biomass 10,0.01806
2030,sc01,02-28 17:00:00+01:00,CT NG 17,0.14040809999999998
2030,sc01,02-28 17:00:00+01:00,Biomass 62,0.04116
2030,sc01,02-28 17:00:00+01:00,Biomass 32,0.02646
2030,sc01,02-28 17:00:00+01:00,CC NG 19,2.84298
2030,sc01,02-28 17:00:00+01:00,CC NG 17,0.0
2030,sc01,02-28 17:00:00+01:00,ST NG 01,0.0
2030,sc01,02-28 17:00:00+01:00,Biomass 45,0.02646
2030,sc01,02-28 17:00:00+01:00,Biomass 28,0.03591
2030,sc01,02-28 17:00:00+01:00,CC NG 10,0.0
2030,sc01,02-28 17:00:00+01:00,Biomass 23,0.00966
2030,sc01,02-28 17:00:00+01:00,ST NG 06,0.0
2030,sc01,02-28 17:00:00+01:00,Wind 10,0.143073932568
2030,sc01,02-28 17:00:00+01:00,CT NG 69,0.0
2030,sc01,02-28 17:00:00+01:00,CT NG 68,0.0
2030,sc01,03-01 21:00:00+01:00,CC NG 13,0.0
2030,sc01,03-01 21:00:00+01:00,CT NG 37,0.0
2030,sc01,03-01 21:00:00+01:00,ST Coal 01,0.0
2030,sc01,03-01 21:00:00+01:00,CT NG 09,0.0
2030,sc01,03-01 21:00:00+01:00,CT NG 47,0.0
2030,sc01,03-01 21:00:00+01:00,Solar 69,0.0
2030,sc01,03-01 21:00:00+01:00,Solar 34,0.0
2030,sc01,03-01 21:00:00+01:00,Solar 73,0.0
2030,sc01,03-01 21:00:00+01:00,Biomass 37,0.0
2030,sc01,03-01 21:00:00+01:00,Hydro 20,0.0
2030,sc01,03-01 21:00:00+01:00,Solar 01,0.0
2030,sc01,03-01 21:00:00+01:00,Solar 62,0.0
2030,sc01,03-01 21:00:00+01:00,Solar 02,0.0
2030,sc01,03-01 21:00:00+01:00,CT NG 26,0.0
2030,sc01,03-01 21:00:00+01:00,Biomass 20,0.008879999999999999
2030,sc01,03-01 21:00:00+01:00,Wind 16,13.501605504000002
2030,sc01,03-01 21:00:00+01:00,CT NG 66,0.0
2030,sc01,03-01 21:00:00+01:00,Solar 39,0.0
2030,sc01,03-01 21:00:00+01:00,Biomass 41,0.0
2030,sc01,03-01 21:00:00+01:00,Solar 72,0.0
2030,sc01,03-01 21:00:00+01:00,ST NG 03,0.0
2030,sc01,03-01 21:00:00+01:00,Hydro 21,0.90737784
2030,sc01,03-01 21:00:00+01:00,CT NG 03,0.0
2030,sc01,03-01 21:00:00+01:00,CC NG 09,0.0
2030,sc01,03-01 21:00:00+01:00,CT Oil 02,0.0
2030,sc01,03-01 21:00:00+01:00,CT NG 39,0.0
2030,sc01,03-01 21:00:00+01:00,CC NG 08,0.0
2030,sc01,03-01 21:00:00+01:00,Biomass 43,0.0
2030,sc01,03-01 21:00:00+01:00,CT NG 18,0.09069839999999998
2030,sc01,03-01 21:00:00+01:00,ST NG 07,0.0
2030,sc01,03-01 21:00:00+01:00,Biomass 35,0.0
2030,sc01,03-01 21:00:00+01:00,Solar 32,0.0
2030,sc01,03-01 21:00:00+01:00,Biomass 15,0.0
2030,sc01,03-01 21:00:00+01:00,CC NG 31,0.0
2030,sc01,03-01 21:00:00+01:00,Solar 16,0.0
2030,sc01,03-01 21:00:00+01:00,Solar 68,0.0
2030,sc01,03-01 21:00:00+01:00,CT NG 21,0.0
2030,sc01,03-01 21:00:00+01:00,Wind 11,0.91192855752
2030,sc01,03-01 21:00:00+01:00,CC NG 37,0.0
2030,sc01,03-01 21:00:00+01:00,CT NG 22,0.0
2030,sc01,03-01 21:00:00+01:00,Hydro 16,0.0
2030,sc01,03-01 21:00:00+01:00,Biomass 59,0.09936
2030,sc01,03-01 21:00:00+01:00,CC NG 01,0.0
2030,sc01,03-01 21:00:00+01:00,Biomass 16,0.0
2030,sc01,03-01 21:00:00+01:00,Solar 03,0.0
2030,sc01,03-01 21:00:00+01:00,Solar 44,0.0
2030,sc01,03-01 21:00:00+01:00,CT NG 08,0.0
2030,sc01,03-01 21:00:00+01:00,Wind 05,0.09030261408
2030,sc01,03-01 21:00:00+01:00,Biomass 26,0.04056
2030,sc01,03-01 21:00:00+01:00,Solar 37,0.0
2030,sc01,03-01 21:00:00+01:00,Biomass 11,0.00912
2030,sc01,03-01 21:00:00+01:00,Solar 59,0.0
2030,sc01,03-01 21:00:00+01:00,CT NG 11,0.0
2030,sc01,03-01 21:00:00+01:00,Biomass 30,0.04056
2030,sc01,03-01 21:00:00+01:00,Hydro 23,0.0
2030,sc01,03-01 21:00:00+01:00,CC NG 24,0.0
2030,sc01,03-01 21:00:00+01:00,Solar 65,0.0
2030,sc01,03-01 21:00:00+01:00,CC NG 18,0.0
2030,sc01,03-01 21:00:00+01:00,CT NG 16,0.0
2030,sc01,03-01 21:00:00+01:00,Solar 51,0.0
2030,sc01,03-01 21:00:00+01:00,Wind 06,0.60966446064
2030,sc01,03-01 21:00:00+01:00,CC NG 26,0.0
2030,sc01,03-01 21:00:00+01:00,CC NG 23,0.0
2030,sc01,03-01 21:00:00+01:00,CT NG 43,0.0
2030,sc01,03-01 21:00:00+01:00,CC NG 11,0.0
2030,sc01,03-01 21:00:00+01:00,CT NG 02,0.0
2030,sc01,03-01 21:00:00+01:00,CT NG 50,0.0
2030,sc01,03-01 21:00:00+01:00,Hydro 27,0.0
2030,sc01,03-01 21:00:00+01:00,CT NG 13,0.0
2030,sc01,03-01 21:00:00+01:00,CT NG 25,0.0
2030,sc01,03-01 21:00:00+01:00,CC NG 05,0.0
2030,sc01,03-01 21:00:00+01:00,Solar 04,0.0
2030,sc01,03-01 21:00:00+01:00,Solar 30,0.0
2030,sc01,03-01 21:00:00+01:00,Solar 29,0.0
2030,sc01,03-01 21:00:00+01:00,Solar 53,0.0
2030,sc01,03-01 21:00:00+01:00,Solar 21,0.0
2030,sc01,03-01 21:00:00+01:00,Biomass 58,0.04871999999999999
2030,sc01,03-01 21:00:00+01:00,CT NG 74,0.0
2030,sc01,03-01 21:00:00+01:00,Solar 61,0.0
2030,sc01,03-01 21:00:00+01:00,Wind 07,1.03705553184
2030,sc01,03-01 21:00:00+01:00,Biomass 31,0.04056
2030,sc01,03-01 21:00:00+01:00,CT Oil 05,0.0
2030,sc01,03-01 21:00:00+01:00,Biomass 38,0.0
2030,sc01,03-01 21:00:00+01:00,Solar 41,0.0
2030,sc01,03-01 21:00:00+01:00,Biomass 51,0.0
2030,sc01,03-01 21:00:00+01:00,Biomass 55,0.05976000000000001
2030,sc01,03-01 21:00:00+01:00,Wind 15,2.8076680224
2030,sc01,03-01 21:00:00+01:00,Geo 01,0.0
2030,sc01,03-01 21:00:00+01:00,Biomass 60,0.0648
2030,sc01,03-01 21:00:00+01:00,CT NG 38,0.0
2030,sc01,03-01 21:00:00+01:00,Solar 66,0.0
2030,sc01,03-01 21:00:00+01:00,Solar 49,0.0
2030,sc01,03-01 21:00:00+01:00,CT NG 51,0.0
2030,sc01,03-01 21:00:00+01:00,Biomass 18,0.0
2030,sc01,03-01 21:00:00+01:00,ICE NG 01,0.0
2030,sc01,03-01 21:00:00+01:00,Solar 15,0.0
2030,sc01,03-01 21:00:00+01:00,ICE NG 05,0.0
2030,sc01,03-01 21:00:00+01:00,CT Oil 04,0.0
2030,sc01,03-01 21:00:00+01:00,CC NG 20,0.0
2030,sc01,03-01 21:00:00+01:00,Solar 20,0.0
2030,sc01,03-01 21:00:00+01:00,Biomass 04,0.0
2030,sc01,03-01 21:00:00+01:00,Wind 02,2.430221748
2030,sc01,03-01 21:00:00+01:00,Hydro 25,0.0
2030,sc01,03-01 21:00:00+01:00,Solar 75,0.0
2030,sc01,03-01 21:00:00+01:00,Hydro 33,0.0
2030,sc01,03-01 21:00:00+01:00,ST NG 05,0.0
2030,sc01,03-01 21:00:00+01:00,CT NG 07,0.0
2030,sc01,03-01 21:00:00+01:00,Wind 01,0.7539295653600001
2030,sc01,03-01 21:00:00+01:00,Solar 56,0.0
2030,sc01,03-01 21:00:00+01:00,Biomass 09,0.01872
2030,sc01,03-01 21:00:00+01:00,Biomass 53,0.05976000000000001
2030,sc01,03-01 21:00:00+01:00,Wind 17,1.14554159736
2030,sc01,03-01 21:00:00+01:00,ST NG 08,0.0
2030,sc01,03-01 21:00:00+01:00,Hydro 19,0.0
2030,sc01,03-01 21:00:00+01:00,ST NG 02,0.0
2030,sc01,03-01 21:00:00+01:00,Biomass 01,0.025200000000000004
2030,sc01,03-01 21:00:00+01:00,Biomass 57,0.04871999999999999
2030,sc01,03-01 21:00:00+01:00,CT NG 49,0.0
2030,sc01,03-01 21:00:00+01:00,CT NG 31,0.0
2030,sc01,03-01 21:00:00+01:00,Solar 64,0.0
2030,sc01,03-01 21:00:00+01:00,CC NG 33,0.0
2030,sc01,03-01 21:00:00+01:00,Solar 46,0.0
2030,sc01,03-01 21:00:00+01:00,Biomass 12,0.00912
2030,sc01,03-01 21:00:00+01:00,Wind 04,0.63392894544
2030,sc01,03-01 21:00:00+01:00,Solar 13,0.0
2030,sc01,03-01 21:00:00+01:00,CT NG 55,0.0
2030,sc01,03-01 21:00:00+01:00,Wind N03,36.053172906295146
2030,sc01,03-01 21:00:00+01:00,CT NG 28,0.0
2030,sc01,03-01 21:00:00+01:00,Wind 09,1.42011895632
2030,sc01,03-01 21:00:00+01:00,Solar 60,0.0
2030,sc01,03-01 21:00:00+01:00,Solar 25,0.0
2030,sc01,03-01 21:00:00+01:00,CT NG 23,0.0
2030,sc01,03-01 21:00:00+01:00,ST Other 01,0.0
2030,sc01,03-01 21:00:00+01:00,Solar 70,0.0
2030,sc01,03-01 21:00:00+01:00,CC NG 34,0.0
2030,sc01,03-01 21:00:00+01:00,Solar 48,0.0
2030,sc01,03-01 21:00:00+01:00,Biomass 56,0.06119999999999999
2030,sc01,03-01 21:00:00+01:00,CT NG 36,0.0
2030,sc01,03-01 21:00:00+01:00,Solar 47,0.0
2030,sc01,03-01 21:00:00+01:00,Hydro 17,0.0066031200000000005
2030,sc01,03-01 21:00:00+01:00,Solar 09,0.0
2030,sc01,03-01 21:00:00+01:00,Solar 08,0.0
2030,sc01,03-01 21:00:00+01:00,CT NG 45,0.0
2030,sc01,03-01 21:00:00+01:00,ST NG 04,0.0
2030,sc01,03-01 21:00:00+01:00,Solar 40,0.0
2030,sc01,03-01 21:00:00+01:00,Biomass 47,0.0
2030,sc01,03-01 21:00:00+01:00,Solar 50,0.0
2030,sc01,03-01 21:00:00+01:00,Solar 52,0.0
2030,sc01,03-01 21:00:00+01:00,Solar 63,0.0
2030,sc01,03-01 21:00:00+01:00,CC NG 06,0.0
2030,sc01,03-01 21:00:00+01:00,Biomass 39,0.0
2030,sc01,03-01 21:00:00+01:00,Solar 67,0.0
2030,sc01,03-01 21:00:00+01:00,Solar 19,0.0
2030,sc01,03-01 21:00:00+01:00,Wind 12,4.1470607376
2030,sc01,03-01 21:00:00+01:00,Solar 24,0.0
2030,sc01,03-01 21:00:00+01:00,ICE NG 02,0.0
2030,sc01,03-01 21:00:00+01:00,Solar 05,0.0
2030,sc01,03-01 21:00:00+01:00,CT NG 54,0.0
2030,sc01,03-01 21:00:00+01:00,Wind N01,39.34390956
2030,sc01,03-01 21:00:00+01:00,CT NG 27,0.0
2030,sc01,03-01 21:00:00+01:00,CC NG 36,0.0
2030,sc01,03-01 21:00:00+01:00,Wind N02,62.60970879523275
2030,sc01,03-01 21:00:00+01:00,CT NG 52,0.0
2030,sc01,03-01 21:00:00+01:00,Solar 35,0.0
2030,sc01,03-01 21:00:00+01:00,CT NG 05,0.0
2030,sc01,03-01 21:00:00+01:00,Biomass 36,0.0
2030,sc01,03-01 21:00:00+01:00,CT NG 34,0.0
2030,sc01,03-01 21:00:00+01:00,CT Oil 03,0.0
2030,sc01,03-01 21:00:00+01:00,Hydro 35,0.0
2030,sc01,03-01 21:00:00+01:00,Solar 14,0.0
2030,sc01,03-01 21:00:00+01:00,CT NG 75,0.0
2030,sc01,03-01 21:00:00+01:00,ST NG 09,0.0
2030,sc01,03-01 21:00:00+01:00,CT NG 56,0.0
2030,sc01,03-01 21:00:00+01:00,Biomass 22,0.008879999999999999
2030,sc01,03-01 21:00:00+01:00,Solar 18,0.0
2030,sc01,03-01 21:00:00+01:00,Biomass 13,0.00912
2030,sc01,03-01 21:00:00+01:00,CT NG 71,0.0
2030,sc01,03-01 21:00:00+01:00,Solar 58,0.0
2030,sc01,03-01 21:00:00+01:00,Solar 06,0.0
2030,sc01,03-01 21:00:00+01:00,Biomass 08,0.01872
2030,sc01,03-01 21:00:00+01:00,CT NG 72,0.0
2030,sc01,03-01 21:00:00+01:00,Hydro 18,0.02274408
2030,sc01,03-01 21:00:00+01:00,Solar 10,0.0
2030,sc01,03-01 21:00:00+01:00,CT NG 04,0.0
2030,sc01,03-01 21:00:00+01:00,ST Other 02,0.0
2030,sc01,03-01 21:00:00+01:00,CT NG 12,0.0
2030,sc01,03-01 21:00:00+01:00,CT NG 48,0.0
2030,sc01,03-01 21:00:00+01:00,ST NG 10,0.0
2030,sc01,03-01 21:00:00+01:00,Solar 22,0.0
2030,sc01,03-01 21:00:00+01:00,Solar 28,0.0
2030,sc01,03-01 21:00:00+01:00,CT NG 73,0.0
2030,sc01,03-01 21:00:00+01:00,Biomass 52,0.0
2030,sc01,03-01 21:00:00+01:00,CT NG 30,0.0
2030,sc01,03-01 21:00:00+01:00,Solar 54,0.0
2030,sc01,03-01 21:00:00+01:00,Solar 31,0.0
2030,sc01,03-01 21:00:00+01:00,Biomass 03,0.0
2030,sc01,03-01 21:00:00+01:00,CT NG 32,0.0
2030,sc01,03-01 21:00:00+01:00,Biomass 27,0.04056
2030,sc01,03-01 21:00:00+01:00,CC NG 14,0.0
2030,sc01,03-01 21:00:00+01:00,CC NG 03,0.0
2030,sc01,03-01 21:00:00+01:00,CC NG 29,0.0
2030,sc01,03-01 21:00:00+01:00,CC NG 28,0.0
2030,sc01,03-01 21:00:00+01:00,CC NG 25,0.0
2030,sc01,03-01 21:00:00+01:00,CT NG 44,0.0
2030,sc01,03-01 21:00:00+01:00,CT NG 14,0.0
2030,sc01,03-01 21:00:00+01:00,CC NG 15,0.0
2030,sc01,03-01 21:00:00+01:00,CC NG 04,0.0
2030,sc01,03-01 21:00:00+01:00,Biomass 29,0.04056
2030,sc01,03-01 21:00:00+01:00,Wind 14,22.283865720110356
2030,sc01,03-01 21:00:00+01:00,Wind 08,1.5532667208
2030,sc01,03-01 21:00:00+01:00,Biomass 61,0.0
2030,sc01,03-01 21:00:00+01:00,CT NG 35,0.0
2030,sc01,03-01 21:00:00+01:00,Solar 33,0.0
2030,sc01,03-01 21:00:00+01:00,CT NG 41,0.0
2030,sc01,03-01 21:00:00+01:00,CT NG 15,0.0
2030,sc01,03-01 21:00:00+01:00,Solar 42,0.0
2030,sc01,03-01 21:00:00+01:00,Solar 07,0.0
2030,sc01,03-01 21:00:00+01:00,Solar 43,0.0
2030,sc01,03-01 21:00:00+01:00,Biomass 05,0.0108
2030,sc01,03-01 21:00:00+01:00,CT NG 29,0.0
2030,sc01,03-01 21:00:00+01:00,Solar 71,0.0
2030,sc01,03-01 21:00:00+01:00,CT NG 53,0.0
2030,sc01,03-01 21:00:00+01:00,CT NG 20,0.0
2030,sc01,03-01 21:00:00+01:00,Biomass 14,0.02016
2030,sc01,03-01 21:00:00+01:00,Solar 26,0.0
2030,sc01,03-01 21:00:00+01:00,Hydro 29,0.0
2030,sc01,03-01 21:00:00+01:00,Hydro 31,0.0
2030,sc01,03-01 21:00:00+01:00,Biomass 24,0.0108
2030,sc01,03-01 21:00:00+01:00,Biomass 54,0.05976000000000001
2030,sc01,03-01 21:00:00+01:00,Solar 36,0.0
2030,sc01,03-01 21:00:00+01:00,Wind 03,1.29122184432
2030,sc01,03-01 21:00:00+01:00,Biomass 40,0.0
2030,sc01,03-01 21:00:00+01:00,Biomass 49,0.0
2030,sc01,03-01 21:00:00+01:00,CC NG 16,0.03007132194546125
2030,sc01,03-01 21:00:00+01:00,Biomass 48,0.0
2030,sc01,03-01 21:00:00+01:00,Hydro 28,3.5389603789280244
2030,sc01,03-01 21:00:00+01:00,Biomass 17,0.0
2030,sc01,03-01 21:00:00+01:00,CT NG 33,0.0
2030,sc01,03-01 21:00:00+01:00,Solar 45,0.0
2030,sc01,03-01 21:00:00+01:00,Hydro 24,0.0
2030,sc01,03-01 21:00:00+01:00,Wind 13,1.6625240735999998
2030,sc01,03-01 21:00:00+01:00,Biomass 07,0.048
2030,sc01,03-01 21:00:00+01:00,Biomass 34,0.0
2030,sc01,03-01 21:00:00+01:00,Biomass 33,0.0
2030,sc01,03-01 21:00:00+01:00,CT NG 01,0.0
2030,sc01,03-01 21:00:00+01:00,ICE NG 03,0.0
2030,sc01,03-01 21:00:00+01:00,Solar 55,0.0
2030,sc01,03-01 21:00:00+01:00,Solar 11,0.0
2030,sc01,03-01 21:00:00+01:00,CT NG 06,0.0
2030,sc01,03-01 21:00:00+01:00,CT NG 70,0.0
2030,sc01,03-01 21:00:00+01:00,Solar 23,0.0
2030,sc01,03-01 21:00:00+01:00,CT NG 67,0.0
2030,sc01,03-01 21:00:00+01:00,Solar 12,0.0
2030,sc01,03-01 21:00:00+01:00,CT Oil 01,0.0
2030,sc01,03-01 21:00:00+01:00,Hydro 26,0.0
2030,sc01,03-01 21:00:00+01:00,CC NG 22,0.0
2030,sc01,03-01 21:00:00+01:00,CC NG 35,0.0
2030,sc01,03-01 21:00:00+01:00,Biomass 50,0.0
2030,sc01,03-01 21:00:00+01:00,ICE NG 04,0.0
2030,sc01,03-01 21:00:00+01:00,CC NG 39,0.0
2030,sc01,03-01 21:00:00+01:00,Hydro 32,0.0
2030,sc01,03-01 21:00:00+01:00,ICE NG 07,0.0
2030,sc01,03-01 21:00:00+01:00,Biomass 46,0.0
2030,sc01,03-01 21:00:00+01:00,CC NG 38,0.0
2030,sc01,03-01 21:00:00+01:00,CC NG 12,0.0
2030,sc01,03-01 21:00:00+01:00,Solar 57,0.0
2030,sc01,03-01 21:00:00+01:00,CC NG 32,0.0
2030,sc01,03-01 21:00:00+01:00,CC NG 07,0.0
2030,sc01,03-01 21:00:00+01:00,Biomass 44,0.0
2030,sc01,03-01 21:00:00+01:00,CT NG 40,0.0
2030,sc01,03-01 21:00:00+01:00,Solar 74,0.0
2030,sc01,03-01 21:00:00+01:00,Hydro 30,0.0
2030,sc01,03-01 21:00:00+01:00,CT NG 42,0.0
2030,sc01,03-01 21:00:00+01:00,Hydro 22,0.90737784
2030,sc01,03-01 21:00:00+01:00,Solar 17,0.0
2030,sc01,03-01 21:00:00+01:00,Solar 38,0.0
2030,sc01,03-01 21:00:00+01:00,CT NG 24,0.0
2030,sc01,03-01 21:00:00+01:00,CC NG 27,0.0
2030,sc01,03-01 21:00:00+01:00,Biomass 21,0.008879999999999999
2030,sc01,03-01 21:00:00+01:00,ICE NG 06,0.0
2030,sc01,03-01 21:00:00+01:00,Biomass 25,0.0108
2030,sc01,03-01 21:00:00+01:00,Solar 27,0.0
2030,sc01,03-01 21:00:00+01:00,CT NG 19,0.0
2030,sc01,03-01 21:00:00+01:00,Biomass 42,0.0
2030,sc01,03-01 21:00:00+01:00,Biomass 19,0.008879999999999999
2030,sc01,03-01 21:00:00+01:00,Biomass 06,0.0108
2030,sc01,03-01 21:00:00+01:00,CT NG 10,0.0
2030,sc01,03-01 21:00:00+01:00,CC NG 40,0.0
2030,sc01,03-01 21:00:00+01:00,CC NG 21,0.0
2030,sc01,03-01 21:00:00+01:00,Biomass 02,0.025200000000000004
2030,sc01,03-01 21:00:00+01:00,CT NG 46,0.0
2030,sc01,03-01 21:00:00+01:00,Hydro 34,26.430386400000003
2030,sc01,03-01 21:00:00+01:00,Biomass 10,0.01872
2030,sc01,03-01 21:00:00+01:00,CT NG 17,0.0
2030,sc01,03-01 21:00:00+01:00,Biomass 62,0.04488
2030,sc01,03-01 21:00:00+01:00,Biomass 32,0.0288
2030,sc01,03-01 21:00:00+01:00,CC NG 19,3.24912
2030,sc01,03-01 21:00:00+01:00,CC NG 17,0.0
2030,sc01,03-01 21:00:00+01:00,ST NG 01,0.0
2030,sc01,03-01 21:00:00+01:00,Biomass 45,0.0
2030,sc01,03-01 21:00:00+01:00,Biomass 28,0.04056
2030,sc01,03-01 21:00:00+01:00,CC NG 10,0.0
2030,sc01,03-01 21:00:00+01:00,Biomass 23,0.0108
2030,sc01,03-01 21:00:00+01:00,ST NG 06,0.0
2030,sc01,03-01 21:00:00+01:00,Wind 10,1.4097782522400002
2030,sc01,03-01 21:00:00+01:00,CT NG 69,0.0
2030,sc01,03-01 21:00:00+01:00,CT NG 68,0.0
2030,sc01,03-03 08:00:00+01:00,CC NG 13,0.0
2030,sc01,03-03 08:00:00+01:00,CT NG 37,0.0
2030,sc01,03-03 08:00:00+01:00,ST Coal 01,0.0
2030,sc01,03-03 08:00:00+01:00,CT NG 09,0.0
2030,sc01,03-03 08:00:00+01:00,CT NG 47,0.0
2030,sc01,03-03 08:00:00+01:00,Solar 69,0.0
2030,sc01,03-03 08:00:00+01:00,Solar 34,0.0
2030,sc01,03-03 08:00:00+01:00,Solar 73,0.0
2030,sc01,03-03 08:00:00+01:00,Biomass 37,0.0
2030,sc01,03-03 08:00:00+01:00,Hydro 20,0.0
2030,sc01,03-03 08:00:00+01:00,Solar 01,15.2278561874
2030,sc01,03-03 08:00:00+01:00,Solar 62,0.0
2030,sc01,03-03 08:00:00+01:00,Solar 02,0.0
2030,sc01,03-03 08:00:00+01:00,CT NG 26,0.0
2030,sc01,03-03 08:00:00+01:00,Biomass 20,0.0161
2030,sc01,03-03 08:00:00+01:00,Wind 16,29.416380956390604
2030,sc01,03-03 08:00:00+01:00,CT NG 66,0.0
2030,sc01,03-03 08:00:00+01:00,Solar 39,0.0
2030,sc01,03-03 08:00:00+01:00,Biomass 41,0.0
2030,sc01,03-03 08:00:00+01:00,Solar 72,0.0
2030,sc01,03-03 08:00:00+01:00,ST NG 03,0.0
2030,sc01,03-03 08:00:00+01:00,Hydro 21,0.0
2030,sc01,03-03 08:00:00+01:00,CT NG 03,0.0
2030,sc01,03-03 08:00:00+01:00,CC NG 09,0.0
2030,sc01,03-03 08:00:00+01:00,CT Oil 02,0.0
2030,sc01,03-03 08:00:00+01:00,CT NG 39,0.0
2030,sc01,03-03 08:00:00+01:00,CC NG 08,0.0
2030,sc01,03-03 08:00:00+01:00,Biomass 43,0.0
2030,sc01,03-03 08:00:00+01:00,CT NG 18,0.17383859999999995
2030,sc01,03-03 08:00:00+01:00,ST NG 07,0.0
2030,sc01,03-03 08:00:00+01:00,Biomass 35,0.0
2030,sc01,03-03 08:00:00+01:00,Solar 32,0.0
2030,sc01,03-03 08:00:00+01:00,Biomass 15,0.00966
2030,sc01,03-03 08:00:00+01:00,CC NG 31,0.0
2030,sc01,03-03 08:00:00+01:00,Solar 16,1.1070432657
2030,sc01,03-03 08:00:00+01:00,Solar 68,0.0
2030,sc01,03-03 08:00:00+01:00,CT NG 21,0.0
2030,sc01,03-03 08:00:00+01:00,Wind 11,0.21145540912
2030,sc01,03-03 08:00:00+01:00,CC NG 37,0.0
2030,sc01,03-03 08:00:00+01:00,CT NG 22,0.0
2030,sc01,03-03 08:00:00+01:00,Hydro 16,0.0
2030,sc01,03-03 08:00:00+01:00,Biomass 59,0.19044000000000003
2030,sc01,03-03 08:00:00+01:00,CC NG 01,0.0
2030,sc01,03-03 08:00:00+01:00,Biomass 16,0.00966
2030,sc01,03-03 08:00:00+01:00,Solar 03,0.0
2030,sc01,03-03 08:00:00+01:00,Solar 44,0.0
2030,sc01,03-03 08:00:00+01:00,CT NG 08,0.0
2030,sc01,03-03 08:00:00+01:00,Wind 05,0.0
2030,sc01,03-03 08:00:00+01:00,Biomass 26,0.07773999999999999
2030,sc01,03-03 08:00:00+01:00,Solar 37,0.0
2030,sc01,03-03 08:00:00+01:00,Biomass 11,0.01656
2030,sc01,03-03 08:00:00+01:00,Solar 59,0.0
2030,sc01,03-03 08:00:00+01:00,CT NG 11,0.0
2030,sc01,03-03 08:00:00+01:00,Biomass 30,0.07773999999999999
2030,sc01,03-03 08:00:00+01:00,Hydro 23,0.0
2030,sc01,03-03 08:00:00+01:00,CC NG 24,0.0
2030,sc01,03-03 08:00:00+01:00,Solar 65,0.101526005312
2030,sc01,03-03 08:00:00+01:00,CC NG 18,0.0
2030,sc01,03-03 08:00:00+01:00,CT NG 16,0.0
2030,sc01,03-03 08:00:00+01:00,Solar 51,0.0
2030,sc01,03-03 08:00:00+01:00,Wind 06,0.7167799166
2030,sc01,03-03 08:00:00+01:00,CC NG 26,0.0
2030,sc01,03-03 08:00:00+01:00,CC NG 23,0.0
2030,sc01,03-03 08:00:00+01:00,CT NG 43,0.0
2030,sc01,03-03 08:00:00+01:00,CC NG 11,0.0
2030,sc01,03-03 08:00:00+01:00,CT NG 02,0.0
2030,sc01,03-03 08:00:00+01:00,CT NG 50,0.0
2030,sc01,03-03 08:00:00+01:00,Hydro 27,0.0
2030,sc01,03-03 08:00:00+01:00,CT NG 13,0.0
2030,sc01,03-03 08:00:00+01:00,CT NG 25,0.0
2030,sc01,03-03 08:00:00+01:00,CC NG 05,0.0
2030,sc01,03-03 08:00:00+01:00,Solar 04,0.6635448834200001
2030,sc01,03-03 08:00:00+01:00,Solar 30,1.0675345419
2030,sc01,03-03 08:00:00+01:00,Solar 29,0.87386111128
2030,sc01,03-03 08:00:00+01:00,Solar 53,0.0
2030,sc01,03-03 08:00:00+01:00,Solar 21,2.5177411058
2030,sc01,03-03 08:00:00+01:00,Biomass 58,0.0874
2030,sc01,03-03 08:00:00+01:00,CT NG 74,0.0
2030,sc01,03-03 08:00:00+01:00,Solar 61,0.0
2030,sc01,03-03 08:00:00+01:00,Wind 07,0.263809463088
2030,sc01,03-03 08:00:00+01:00,Biomass 31,0.07773999999999999
2030,sc01,03-03 08:00:00+01:00,CT Oil 05,0.0
2030,sc01,03-03 08:00:00+01:00,Biomass 38,0.0
2030,sc01,03-03 08:00:00+01:00,Solar 41,0.0
2030,sc01,03-03 08:00:00+01:00,Biomass 51,0.0
2030,sc01,03-03 08:00:00+01:00,Biomass 55,0.10948
2030,sc01,03-03 08:00:00+01:00,Wind 15,0.0
2030,sc01,03-03 08:00:00+01:00,Geo 01,0.0
2030,sc01,03-03 08:00:00+01:00,Biomass 60,0.1242
2030,sc01,03-03 08:00:00+01:00,CT NG 38,0.0
2030,sc01,03-03 08:00:00+01:00,Solar 66,28.960144353000004
2030,sc01,03-03 08:00:00+01:00,Solar 49,0.0
2030,sc01,03-03 08:00:00+01:00,CT NG 51,0.0
2030,sc01,03-03 08:00:00+01:00,Biomass 18,0.00966
2030,sc01,03-03 08:00:00+01:00,ICE NG 01,0.0
2030,sc01,03-03 08:00:00+01:00,Solar 15,1.43987332078
2030,sc01,03-03 08:00:00+01:00,ICE NG 05,0.0
2030,sc01,03-03 08:00:00+01:00,CT Oil 04,0.0
2030,sc01,03-03 08:00:00+01:00,CC NG 20,0.0
2030,sc01,03-03 08:00:00+01:00,Solar 20,1.69454930916
2030,sc01,03-03 08:00:00+01:00,Biomass 04,0.0
2030,sc01,03-03 08:00:00+01:00,Wind 02,0.45650239736
2030,sc01,03-03 08:00:00+01:00,Hydro 25,0.0
2030,sc01,03-03 08:00:00+01:00,Solar 75,0.0
2030,sc01,03-03 08:00:00+01:00,Hydro 33,0.0
2030,sc01,03-03 08:00:00+01:00,ST NG 05,0.0
2030,sc01,03-03 08:00:00+01:00,CT NG 07,0.0
2030,sc01,03-03 08:00:00+01:00,Wind 01,0.246122600352
2030,sc01,03-03 08:00:00+01:00,Solar 56,0.0
2030,sc01,03-03 08:00:00+01:00,Biomass 09,0.03772
2030,sc01,03-03 08:00:00+01:00,Biomass 53,0.10948
2030,sc01,03-03 08:00:00+01:00,Wind 17,0.0
2030,sc01,03-03 08:00:00+01:00,ST NG 08,0.0
2030,sc01,03-03 08:00:00+01:00,Hydro 19,0.0
2030,sc01,03-03 08:00:00+01:00,ST NG 02,0.0
2030,sc01,03-03 08:00:00+01:00,Biomass 01,0.046
2030,sc01,03-03 08:00:00+01:00,Biomass 57,0.0874
2030,sc01,03-03 08:00:00+01:00,CT NG 49,0.0
2030,sc01,03-03 08:00:00+01:00,CT NG 31,0.0
2030,sc01,03-03 08:00:00+01:00,Solar 64,0.053301045296
2030,sc01,03-03 08:00:00+01:00,CC NG 33,0.0
2030,sc01,03-03 08:00:00+01:00,Solar 46,0.0
2030,sc01,03-03 08:00:00+01:00,Biomass 12,0.01656
2030,sc01,03-03 08:00:00+01:00,Wind 04,0.69862592184
2030,sc01,03-03 08:00:00+01:00,Solar 13,0.036146044864
2030,sc01,03-03 08:00:00+01:00,CT NG 55,0.0
2030,sc01,03-03 08:00:00+01:00,Wind N03,230.51571389585322
2030,sc01,03-03 08:00:00+01:00,CT NG 28,0.0
2030,sc01,03-03 08:00:00+01:00,Wind 09,0.038018535216
2030,sc01,03-03 08:00:00+01:00,Solar 60,0.0
2030,sc01,03-03 08:00:00+01:00,Solar 25,0.265065291792
2030,sc01,03-03 08:00:00+01:00,CT NG 23,0.0
2030,sc01,03-03 08:00:00+01:00,ST Other 01,0.0
2030,sc01,03-03 08:00:00+01:00,Solar 70,28.722391407913122
2030,sc01,03-03 08:00:00+01:00,CC NG 34,0.0
2030,sc01,03-03 08:00:00+01:00,Solar 48,0.0
2030,sc01,03-03 08:00:00+01:00,Biomass 56,0.11086000000000001
2030,sc01,03-03 08:00:00+01:00,CT NG 36,0.0
2030,sc01,03-03 08:00:00+01:00,Solar 47,0.0
2030,sc01,03-03 08:00:00+01:00,Hydro 17,0.0
2030,sc01,03-03 08:00:00+01:00,Solar 09,1.75679149654
2030,sc01,03-03 08:00:00+01:00,Solar 08,0.343186184672
2030,sc01,03-03 08:00:00+01:00,CT NG 45,0.0
2030,sc01,03-03 08:00:00+01:00,ST NG 04,0.0
2030,sc01,03-03 08:00:00+01:00,Solar 40,0.0
2030,sc01,03-03 08:00:00+01:00,Biomass 47,0.0
2030,sc01,03-03 08:00:00+01:00,Solar 50,0.0
2030,sc01,03-03 08:00:00+01:00,Solar 52,0.0
2030,sc01,03-03 08:00:00+01:00,Solar 63,0.113826043568
2030,sc01,03-03 08:00:00+01:00,CC NG 06,0.0
2030,sc01,03-03 08:00:00+01:00,Biomass 39,0.0
2030,sc01,03-03 08:00:00+01:00,Solar 67,0.07587768264
2030,sc01,03-03 08:00:00+01:00,Solar 19,0.013670596848
2030,sc01,03-03 08:00:00+01:00,Wind 12,5.7499861908000005
2030,sc01,03-03 08:00:00+01:00,Solar 24,0.197699426704
2030,sc01,03-03 08:00:00+01:00,ICE NG 02,0.0
2030,sc01,03-03 08:00:00+01:00,Solar 05,0.016075164048000003
2030,sc01,03-03 08:00:00+01:00,CT NG 54,0.0
2030,sc01,03-03 08:00:00+01:00,Wind N01,54.551151002
2030,sc01,03-03 08:00:00+01:00,CT NG 27,0.0
2030,sc01,03-03 08:00:00+01:00,CC NG 36,0.0
2030,sc01,03-03 08:00:00+01:00,Wind N02,74.38840843172224
2030,sc01,03-03 08:00:00+01:00,CT NG 52,0.0
2030,sc01,03-03 08:00:00+01:00,Solar 35,0.0
2030,sc01,03-03 08:00:00+01:00,CT NG 05,0.0
2030,sc01,03-03 08:00:00+01:00,Biomass 36,0.0
2030,sc01,03-03 08:00:00+01:00,CT NG 34,0.0
2030,sc01,03-03 08:00:00+01:00,CT Oil 03,0.0
2030,sc01,03-03 08:00:00+01:00,Hydro 35,0.0
2030,sc01,03-03 08:00:00+01:00,Solar 14,1.60081490676
2030,sc01,03-03 08:00:00+01:00,CT NG 75,0.0
2030,sc01,03-03 08:00:00+01:00,ST NG 09,0.0
2030,sc01,03-03 08:00:00+01:00,CT NG 56,0.0
2030,sc01,03-03 08:00:00+01:00,Biomass 22,0.0161
2030,sc01,03-03 08:00:00+01:00,Solar 18,1.6884803952999998
2030,sc01,03-03 08:00:00+01:00,Biomass 13,0.01656
2030,sc01,03-03 08:00:00+01:00,CT NG 71,0.0
2030,sc01,03-03 08:00:00+01:00,Solar 58,0.0
2030,sc01,03-03 08:00:00+01:00,Solar 06,1.15467595658
2030,sc01,03-03 08:00:00+01:00,Biomass 08,0.03772
2030,sc01,03-03 08:00:00+01:00,CT NG 72,0.0
2030,sc01,03-03 08:00:00+01:00,Hydro 18,0.0
2030,sc01,03-03 08:00:00+01:00,Solar 10,1.63225259568
2030,sc01,03-03 08:00:00+01:00,CT NG 04,0.0
2030,sc01,03-03 08:00:00+01:00,ST Other 02,0.0
2030,sc01,03-03 08:00:00+01:00,CT NG 12,0.0
2030,sc01,03-03 08:00:00+01:00,CT NG 48,0.0
2030,sc01,03-03 08:00:00+01:00,ST NG 10,0.0
2030,sc01,03-03 08:00:00+01:00,Solar 22,0.90890993268
2030,sc01,03-03 08:00:00+01:00,Solar 28,0.8133685486200001
2030,sc01,03-03 08:00:00+01:00,CT NG 73,0.0
2030,sc01,03-03 08:00:00+01:00,Biomass 52,0.0
2030,sc01,03-03 08:00:00+01:00,CT NG 30,0.0
2030,sc01,03-03 08:00:00+01:00,Solar 54,0.0
2030,sc01,03-03 08:00:00+01:00,Solar 31,0.0
2030,sc01,03-03 08:00:00+01:00,Biomass 03,0.0
2030,sc01,03-03 08:00:00+01:00,CT NG 32,0.0
2030,sc01,03-03 08:00:00+01:00,Biomass 27,0.07773999999999999
2030,sc01,03-03 08:00:00+01:00,CC NG 14,0.0
2030,sc01,03-03 08:00:00+01:00,CC NG 03,0.0
2030,sc01,03-03 08:00:00+01:00,CC NG 29,0.0
2030,sc01,03-03 08:00:00+01:00,CC NG 28,0.0
2030,sc01,03-03 08:00:00+01:00,CC NG 25,0.0
2030,sc01,03-03 08:00:00+01:00,CT NG 44,0.0
2030,sc01,03-03 08:00:00+01:00,CT NG 14,0.0
2030,sc01,03-03 08:00:00+01:00,CC NG 15,0.0
2030,sc01,03-03 08:00:00+01:00,CC NG 04,0.0
2030,sc01,03-03 08:00:00+01:00,Biomass 29,0.07773999999999999
2030,sc01,03-03 08:00:00+01:00,Wind 14,0.0
2030,sc01,03-03 08:00:00+01:00,Wind 08,0.047728153759999996
2030,sc01,03-03 08:00:00+01:00,Biomass 61,0.0
2030,sc01,03-03 08:00:00+01:00,CT NG 35,0.0
2030,sc01,03-03 08:00:00+01:00,Solar 33,0.0
2030,sc01,03-03 08:00:00+01:00,CT NG 41,0.0
2030,sc01,03-03 08:00:00+01:00,CT NG 15,0.0
2030,sc01,03-03 08:00:00+01:00,Solar 42,0.0
2030,sc01,03-03 08:00:00+01:00,Solar 07,0.029115341936000003
2030,sc01,03-03 08:00:00+01:00,Solar 43,0.0
2030,sc01,03-03 08:00:00+01:00,Biomass 05,0.01978
2030,sc01,03-03 08:00:00+01:00,CT NG 29,0.0
2030,sc01,03-03 08:00:00+01:00,Solar 71,0.0
2030,sc01,03-03 08:00:00+01:00,CT NG 53,0.0
2030,sc01,03-03 08:00:00+01:00,CT NG 20,0.0
2030,sc01,03-03 08:00:00+01:00,Biomass 14,0.0368
2030,sc01,03-03 08:00:00+01:00,Solar 26,0.245468967952
2030,sc01,03-03 08:00:00+01:00,Hydro 29,0.0
2030,sc01,03-03 08:00:00+01:00,Hydro 31,0.0
2030,sc01,03-03 08:00:00+01:00,Biomass 24,0.020700000000000003
2030,sc01,03-03 08:00:00+01:00,Biomass 54,0.10948
2030,sc01,03-03 08:00:00+01:00,Solar 36,0.0
2030,sc01,03-03 08:00:00+01:00,Wind 03,1.6317649754399999
2030,sc01,03-03 08:00:00+01:00,Biomass 40,0.0
2030,sc01,03-03 08:00:00+01:00,Biomass 49,0.0
2030,sc01,03-03 08:00:00+01:00,CC NG 16,23.870644346698846
2030,sc01,03-03 08:00:00+01:00,Biomass 48,0.0
2030,sc01,03-03 08:00:00+01:00,Hydro 28,0.0
2030,sc01,03-03 08:00:00+01:00,Biomass 17,0.00966
2030,sc01,03-03 08:00:00+01:00,CT NG 33,0.0
2030,sc01,03-03 08:00:00+01:00,Solar 45,0.0
2030,sc01,03-03 08:00:00+01:00,Hydro 24,0.0
2030,sc01,03-03 08:00:00+01:00,Wind 13,2.30528620362
2030,sc01,03-03 08:00:00+01:00,Biomass 07,0.092
2030,sc01,03-03 08:00:00+01:00,Biomass 34,0.0
2030,sc01,03-03 08:00:00+01:00,Biomass 33,0.0
2030,sc01,03-03 08:00:00+01:00,CT NG 01,0.0
2030,sc01,03-03 08:00:00+01:00,ICE NG 03,0.0
2030,sc01,03-03 08:00:00+01:00,Solar 55,0.0
2030,sc01,03-03 08:00:00+01:00,Solar 11,0.27115541248
2030,sc01,03-03 08:00:00+01:00,CT NG 06,0.0
2030,sc01,03-03 08:00:00+01:00,CT NG 70,0.0
2030,sc01,03-03 08:00:00+01:00,Solar 23,0.040150293344
2030,sc01,03-03 08:00:00+01:00,CT NG 67,0.0
2030,sc01,03-03 08:00:00+01:00,Solar 12,0.209902935984
2030,sc01,03-03 08:00:00+01:00,CT Oil 01,0.0
2030,sc01,03-03 08:00:00+01:00,Hydro 26,0.0
2030,sc01,03-03 08:00:00+01:00,CC NG 22,0.0
2030,sc01,03-03 08:00:00+01:00,CC NG 35,0.0
2030,sc01,03-03 08:00:00+01:00,Biomass 50,0.0
2030,sc01,03-03 08:00:00+01:00,ICE NG 04,0.0
2030,sc01,03-03 08:00:00+01:00,CC NG 39,0.0
2030,sc01,03-03 08:00:00+01:00,Hydro 32,0.0
2030,sc01,03-03 08:00:00+01:00,ICE NG 07,0.0
2030,sc01,03-03 08:00:00+01:00,Biomass 46,0.0
2030,sc01,03-03 08:00:00+01:00,CC NG 38,0.0
2030,sc01,03-03 08:00:00+01:00,CC NG 12,0.0
2030,sc01,03-03 08:00:00+01:00,Solar 57,0.0
2030,sc01,03-03 08:00:00+01:00,CC NG 32,0.0
2030,sc01,03-03 08:00:00+01:00,CC NG 07,0.0
2030,sc01,03-03 08:00:00+01:00,Biomass 44,0.0
2030,sc01,03-03 08:00:00+01:00,CT NG 40,0.0
2030,sc01,03-03 08:00:00+01:00,Solar 74,9.0132709212
2030,sc01,03-03 08:00:00+01:00,Hydro 30,0.0
2030,sc01,03-03 08:00:00+01:00,CT NG 42,0.0
2030,sc01,03-03 08:00:00+01:00,Hydro 22,0.0
2030,sc01,03-03 08:00:00+01:00,Solar 17,0.41170354420800004
2030,sc01,03-03 08:00:00+01:00,Solar 38,0.0
2030,sc01,03-03 08:00:00+01:00,CT NG 24,0.0
2030,sc01,03-03 08:00:00+01:00,CC NG 27,0.0
2030,sc01,03-03 08:00:00+01:00,Biomass 21,0.0161
2030,sc01,03-03 08:00:00+01:00,ICE NG 06,0.0
2030,sc01,03-03 08:00:00+01:00,Biomass 25,0.020700000000000003
2030,sc01,03-03 08:00:00+01:00,Solar 27,0.161284716448
2030,sc01,03-03 08:00:00+01:00,CT NG 19,0.0
2030,sc01,03-03 08:00:00+01:00,Biomass 42,0.0
2030,sc01,03-03 08:00:00+01:00,Biomass 19,0.0161
2030,sc01,03-03 08:00:00+01:00,Biomass 06,0.01978
2030,sc01,03-03 08:00:00+01:00,CT NG 10,0.0
2030,sc01,03-03 08:00:00+01:00,CC NG 40,0.0
2030,sc01,03-03 08:00:00+01:00,CC NG 21,0.0
2030,sc01,03-03 08:00:00+01:00,Biomass 02,0.046
2030,sc01,03-03 08:00:00+01:00,CT NG 46,0.0
2030,sc01,03-03 08:00:00+01:00,Hydro 34,0.0
2030,sc01,03-03 08:00:00+01:00,Biomass 10,0.03772
2030,sc01,03-03 08:00:00+01:00,CT NG 17,0.0
2030,sc01,03-03 08:00:00+01:00,Biomass 62,0.08464
2030,sc01,03-03 08:00:00+01:00,Biomass 32,0.05519999999999999
2030,sc01,03-03 08:00:00+01:00,CC NG 19,6.22748
2030,sc01,03-03 08:00:00+01:00,CC NG 17,0.0
2030,sc01,03-03 08:00:00+01:00,ST NG 01,0.0
2030,sc01,03-03 08:00:00+01:00,Biomass 45,0.0
2030,sc01,03-03 08:00:00+01:00,Biomass 28,0.07773999999999999
2030,sc01,03-03 08:00:00+01:00,CC NG 10,0.0
2030,sc01,03-03 08:00:00+01:00,Biomass 23,0.020700000000000003
2030,sc01,03-03 08:00:00+01:00,ST NG 06,0.0
2030,sc01,03-03 08:00:00+01:00,Wind 10,0.04314817516800001
2030,sc01,03-03 08:00:00+01:00,CT NG 69,0.0
2030,sc01,03-03 08:00:00+01:00,CT NG 68,0.0
2030,sc01,03-04 18:00:00+01:00,CC NG 13,1.6622729999999997
2030,sc01,03-04 18:00:00+01:00,CT NG 37,0.0
2030,sc01,03-04 18:00:00+01:00,ST Coal 01,0.0
2030,sc01,03-04 18:00:00+01:00,CT NG 09,1.4535
2030,sc01,03-04 18:00:00+01:00,CT NG 47,0.0
2030,sc01,03-04 18:00:00+01:00,Solar 69,0.0
2030,sc01,03-04 18:00:00+01:00,Solar 34,0.0
2030,sc01,03-04 18:00:00+01:00,Solar 73,0.0
2030,sc01,03-04 18:00:00+01:00,Biomass 37,0.023100000000000002
2030,sc01,03-04 18:00:00+01:00,Hydro 20,0.0
2030,sc01,03-04 18:00:00+01:00,Solar 01,0.0
2030,sc01,03-04 18:00:00+01:00,Solar 62,0.0
2030,sc01,03-04 18:00:00+01:00,Solar 02,0.0
2030,sc01,03-04 18:00:00+01:00,CT NG 26,0.0
2030,sc01,03-04 18:00:00+01:00,Biomass 20,0.0105
2030,sc01,03-04 18:00:00+01:00,Wind 16,0.0
2030,sc01,03-04 18:00:00+01:00,CT NG 66,0.0
2030,sc01,03-04 18:00:00+01:00,Solar 39,0.0
2030,sc01,03-04 18:00:00+01:00,Biomass 41,0.0405
2030,sc01,03-04 18:00:00+01:00,Solar 72,0.0
2030,sc01,03-04 18:00:00+01:00,ST NG 03,0.0
2030,sc01,03-04 18:00:00+01:00,Hydro 21,0.6242202
2030,sc01,03-04 18:00:00+01:00,CT NG 03,0.0
2030,sc01,03-04 18:00:00+01:00,CC NG 09,0.0
2030,sc01,03-04 18:00:00+01:00,CT Oil 02,0.0
2030,sc01,03-04 18:00:00+01:00,CT NG 39,0.0
2030,sc01,03-04 18:00:00+01:00,CC NG 08,0.0
2030,sc01,03-04 18:00:00+01:00,Biomass 43,0.07919999999999999
2030,sc01,03-04 18:00:00+01:00,CT NG 18,0.11337299999999997
2030,sc01,03-04 18:00:00+01:00,ST NG 07,0.0
2030,sc01,03-04 18:00:00+01:00,Biomass 35,0.0405
2030,sc01,03-04 18:00:00+01:00,Solar 32,0.0
2030,sc01,03-04 18:00:00+01:00,Biomass 15,0.0066
2030,sc01,03-04 18:00:00+01:00,CC NG 31,0.0
2030,sc01,03-04 18:00:00+01:00,Solar 16,0.0
2030,sc01,03-04 18:00:00+01:00,Solar 68,0.0
2030,sc01,03-04 18:00:00+01:00,CT NG 21,0.0
2030,sc01,03-04 18:00:00+01:00,Wind 11,0.0
2030,sc01,03-04 18:00:00+01:00,CC NG 37,0.0
2030,sc01,03-04 18:00:00+01:00,CT NG 22,0.0
2030,sc01,03-04 18:00:00+01:00,Hydro 16,0.0
2030,sc01,03-04 18:00:00+01:00,Biomass 59,0.12420000000000002
2030,sc01,03-04 18:00:00+01:00,CC NG 01,1.203915
2030,sc01,03-04 18:00:00+01:00,Biomass 16,0.0066
2030,sc01,03-04 18:00:00+01:00,Solar 03,0.0
2030,sc01,03-04 18:00:00+01:00,Solar 44,0.0
2030,sc01,03-04 18:00:00+01:00,CT NG 08,0.0
2030,sc01,03-04 18:00:00+01:00,Wind 05,0.0
2030,sc01,03-04 18:00:00+01:00,Biomass 26,0.050699999999999995
2030,sc01,03-04 18:00:00+01:00,Solar 37,0.0
2030,sc01,03-04 18:00:00+01:00,Biomass 11,0.009899999999999999
2030,sc01,03-04 18:00:00+01:00,Solar 59,0.0
2030,sc01,03-04 18:00:00+01:00,CT NG 11,0.0
2030,sc01,03-04 18:00:00+01:00,Biomass 30,0.050699999999999995
2030,sc01,03-04 18:00:00+01:00,Hydro 23,0.0
2030,sc01,03-04 18:00:00+01:00,CC NG 24,0.0
2030,sc01,03-04 18:00:00+01:00,Solar 65,0.0
2030,sc01,03-04 18:00:00+01:00,CC NG 18,17.95719
2030,sc01,03-04 18:00:00+01:00,CT NG 16,0.0
2030,sc01,03-04 18:00:00+01:00,Solar 51,0.0
2030,sc01,03-04 18:00:00+01:00,Wind 06,0.0
2030,sc01,03-04 18:00:00+01:00,CC NG 26,0.0
2030,sc01,03-04 18:00:00+01:00,CC NG 23,0.0
2030,sc01,03-04 18:00:00+01:00,CT NG 43,0.0
2030,sc01,03-04 18:00:00+01:00,CC NG 11,0.0
2030,sc01,03-04 18:00:00+01:00,CT NG 02,0.0
2030,sc01,03-04 18:00:00+01:00,CT NG 50,0.0
2030,sc01,03-04 18:00:00+01:00,Hydro 27,0.23634
2030,sc01,03-04 18:00:00+01:00,CT NG 13,0.0
2030,sc01,03-04 18:00:00+01:00,CT NG 25,0.0
2030,sc01,03-04 18:00:00+01:00,CC NG 05,0.6934491447656126
2030,sc01,03-04 18:00:00+01:00,Solar 04,0.0
2030,sc01,03-04 18:00:00+01:00,Solar 30,0.0
2030,sc01,03-04 18:00:00+01:00,Solar 29,0.0
2030,sc01,03-04 18:00:00+01:00,Solar 53,0.0
2030,sc01,03-04 18:00:00+01:00,Solar 21,0.0
2030,sc01,03-04 18:00:00+01:00,Biomass 58,0.054900000000000004
2030,sc01,03-04 18:00:00+01:00,CT NG 74,0.0
2030,sc01,03-04 18:00:00+01:00,Solar 61,0.0
2030,sc01,03-04 18:00:00+01:00,Wind 07,0.0
2030,sc01,03-04 18:00:00+01:00,Biomass 31,0.050699999999999995
2030,sc01,03-04 18:00:00+01:00,CT Oil 05,0.0
2030,sc01,03-04 18:00:00+01:00,Biomass 38,0.023100000000000002
2030,sc01,03-04 18:00:00+01:00,Solar 41,0.0
2030,sc01,03-04 18:00:00+01:00,Biomass 51,0.0057
2030,sc01,03-04 18:00:00+01:00,Biomass 55,0.07139999999999999
2030,sc01,03-04 18:00:00+01:00,Wind 15,0.0
2030,sc01,03-04 18:00:00+01:00,Geo 01,0.0
2030,sc01,03-04 18:00:00+01:00,Biomass 60,0.081
2030,sc01,03-04 18:00:00+01:00,CT NG 38,0.0
2030,sc01,03-04 18:00:00+01:00,Solar 66,0.0
2030,sc01,03-04 18:00:00+01:00,Solar 49,0.0
2030,sc01,03-04 18:00:00+01:00,CT NG 51,0.0
2030,sc01,03-04 18:00:00+01:00,Biomass 18,0.0066
2030,sc01,03-04 18:00:00+01:00,ICE NG 01,0.0
2030,sc01,03-04 18:00:00+01:00,Solar 15,0.0
2030,sc01,03-04 18:00:00+01:00,ICE NG 05,0.0
2030,sc01,03-04 18:00:00+01:00,CT Oil 04,0.0
2030,sc01,03-04 18:00:00+01:00,CC NG 20,0.0
2030,sc01,03-04 18:00:00+01:00,Solar 20,0.0
2030,sc01,03-04 18:00:00+01:00,Biomass 04,0.0075
2030,sc01,03-04 18:00:00+01:00,Wind 02,0.0
2030,sc01,03-04 18:00:00+01:00,Hydro 25,0.0
2030,sc01,03-04 18:00:00+01:00,Solar 75,0.0
2030,sc01,03-04 18:00:00+01:00,Hydro 33,0.0
2030,sc01,03-04 18:00:00+01:00,ST NG 05,0.0
2030,sc01,03-04 18:00:00+01:00,CT NG 07,0.0
2030,sc01,03-04 18:00:00+01:00,Wind 01,0.0
2030,sc01,03-04 18:00:00+01:00,Solar 56,0.0
2030,sc01,03-04 18:00:00+01:00,Biomass 09,0.0222
2030,sc01,03-04 18:00:00+01:00,Biomass 53,0.07139999999999999
2030,sc01,03-04 18:00:00+01:00,Wind 17,18.655271321142113
2030,sc01,03-04 18:00:00+01:00,ST NG 08,0.0
2030,sc01,03-04 18:00:00+01:00,Hydro 19,0.0
2030,sc01,03-04 18:00:00+01:00,ST NG 02,0.0
2030,sc01,03-04 18:00:00+01:00,Biomass 01,0.03
2030,sc01,03-04 18:00:00+01:00,Biomass 57,0.054900000000000004
2030,sc01,03-04 18:00:00+01:00,CT NG 49,0.0
2030,sc01,03-04 18:00:00+01:00,CT NG 31,0.0
2030,sc01,03-04 18:00:00+01:00,Solar 64,0.0
2030,sc01,03-04 18:00:00+01:00,CC NG 33,0.0
2030,sc01,03-04 18:00:00+01:00,Solar 46,0.0
2030,sc01,03-04 18:00:00+01:00,Biomass 12,0.009899999999999999
2030,sc01,03-04 18:00:00+01:00,Wind 04,0.06780831384
2030,sc01,03-04 18:00:00+01:00,Solar 13,0.0
2030,sc01,03-04 18:00:00+01:00,CT NG 55,0.0
2030,sc01,03-04 18:00:00+01:00,Wind N03,165.70892358306048
2030,sc01,03-04 18:00:00+01:00,CT NG 28,0.0
2030,sc01,03-04 18:00:00+01:00,Wind 09,0.0236319264
2030,sc01,03-04 18:00:00+01:00,Solar 60,0.0
2030,sc01,03-04 18:00:00+01:00,Solar 25,0.0
2030,sc01,03-04 18:00:00+01:00,CT NG 23,0.0
2030,sc01,03-04 18:00:00+01:00,ST Other 01,0.0
2030,sc01,03-04 18:00:00+01:00,Solar 70,0.0
2030,sc01,03-04 18:00:00+01:00,CC NG 34,0.0
2030,sc01,03-04 18:00:00+01:00,Solar 48,0.0
2030,sc01,03-04 18:00:00+01:00,Biomass 56,0.06240000000000001
2030,sc01,03-04 18:00:00+01:00,CT NG 36,0.0
2030,sc01,03-04 18:00:00+01:00,Solar 47,0.0
2030,sc01,03-04 18:00:00+01:00,Hydro 17,0.008181
2030,sc01,03-04 18:00:00+01:00,Solar 09,0.0
2030,sc01,03-04 18:00:00+01:00,Solar 08,0.0
2030,sc01,03-04 18:00:00+01:00,CT NG 45,0.0
2030,sc01,03-04 18:00:00+01:00,ST NG 04,1.82166
2030,sc01,03-04 18:00:00+01:00,Solar 40,0.0
2030,sc01,03-04 18:00:00+01:00,Biomass 47,0.0717
2030,sc01,03-04 18:00:00+01:00,Solar 50,0.0
2030,sc01,03-04 18:00:00+01:00,Solar 52,0.0
2030,sc01,03-04 18:00:00+01:00,Solar 63,0.0
2030,sc01,03-04 18:00:00+01:00,CC NG 06,0.0
2030,sc01,03-04 18:00:00+01:00,Biomass 39,0.023100000000000002
2030,sc01,03-04 18:00:00+01:00,Solar 67,0.0
2030,sc01,03-04 18:00:00+01:00,Solar 19,0.0
2030,sc01,03-04 18:00:00+01:00,Wind 12,0.08269852176
2030,sc01,03-04 18:00:00+01:00,Solar 24,0.0
2030,sc01,03-04 18:00:00+01:00,ICE NG 02,0.0
2030,sc01,03-04 18:00:00+01:00,Solar 05,0.0
2030,sc01,03-04 18:00:00+01:00,CT NG 54,0.0
2030,sc01,03-04 18:00:00+01:00,Wind N01,0.7845757194
2030,sc01,03-04 18:00:00+01:00,CT NG 27,0.0
2030,sc01,03-04 18:00:00+01:00,CC NG 36,0.0
2030,sc01,03-04 18:00:00+01:00,Wind N02,14.520573834373284
2030,sc01,03-04 18:00:00+01:00,CT NG 52,0.0
2030,sc01,03-04 18:00:00+01:00,Solar 35,0.0
2030,sc01,03-04 18:00:00+01:00,CT NG 05,0.0
2030,sc01,03-04 18:00:00+01:00,Biomass 36,0.0405
2030,sc01,03-04 18:00:00+01:00,CT NG 34,0.0
2030,sc01,03-04 18:00:00+01:00,CT Oil 03,0.0
2030,sc01,03-04 18:00:00+01:00,Hydro 35,0.0
2030,sc01,03-04 18:00:00+01:00,Solar 14,0.0
2030,sc01,03-04 18:00:00+01:00,CT NG 75,0.0
2030,sc01,03-04 18:00:00+01:00,ST NG 09,0.0
2030,sc01,03-04 18:00:00+01:00,CT NG 56,0.0
2030,sc01,03-04 18:00:00+01:00,Biomass 22,0.0105
2030,sc01,03-04 18:00:00+01:00,Solar 18,0.0
2030,sc01,03-04 18:00:00+01:00,Biomass 13,0.009899999999999999
2030,sc01,03-04 18:00:00+01:00,CT NG 71,0.0
2030,sc01,03-04 18:00:00+01:00,Solar 58,0.0
2030,sc01,03-04 18:00:00+01:00,Solar 06,0.0
2030,sc01,03-04 18:00:00+01:00,Biomass 08,0.0222
2030,sc01,03-04 18:00:00+01:00,CT NG 72,0.0
2030,sc01,03-04 18:00:00+01:00,Hydro 18,0.028179
2030,sc01,03-04 18:00:00+01:00,Solar 10,0.0
2030,sc01,03-04 18:00:00+01:00,CT NG 04,0.0
2030,sc01,03-04 18:00:00+01:00,ST Other 02,0.0
2030,sc01,03-04 18:00:00+01:00,CT NG 12,0.0
2030,sc01,03-04 18:00:00+01:00,CT NG 48,0.0
2030,sc01,03-04 18:00:00+01:00,ST NG 10,0.0
2030,sc01,03-04 18:00:00+01:00,Solar 22,0.0
2030,sc01,03-04 18:00:00+01:00,Solar 28,0.0
2030,sc01,03-04 18:00:00+01:00,CT NG 73,0.0
2030,sc01,03-04 18:00:00+01:00,Biomass 52,0.0552
2030,sc01,03-04 18:00:00+01:00,CT NG 30,0.0
2030,sc01,03-04 18:00:00+01:00,Solar 54,0.0
2030,sc01,03-04 18:00:00+01:00,Solar 31,0.0
2030,sc01,03-04 18:00:00+01:00,Biomass 03,0.0075
2030,sc01,03-04 18:00:00+01:00,CT NG 32,0.0
2030,sc01,03-04 18:00:00+01:00,Biomass 27,0.050699999999999995
2030,sc01,03-04 18:00:00+01:00,CC NG 14,0.0
2030,sc01,03-04 18:00:00+01:00,CC NG 03,3.6836898000000002
2030,sc01,03-04 18:00:00+01:00,CC NG 29,0.0
2030,sc01,03-04 18:00:00+01:00,CC NG 28,0.0
2030,sc01,03-04 18:00:00+01:00,CC NG 25,0.0
2030,sc01,03-04 18:00:00+01:00,CT NG 44,0.0
2030,sc01,03-04 18:00:00+01:00,CT NG 14,0.0
2030,sc01,03-04 18:00:00+01:00,CC NG 15,0.0
2030,sc01,03-04 18:00:00+01:00,CC NG 04,9.283199999999999
2030,sc01,03-04 18:00:00+01:00,Biomass 29,0.050699999999999995
2030,sc01,03-04 18:00:00+01:00,Wind 14,4.233421374
2030,sc01,03-04 18:00:00+01:00,Wind 08,0.028284541200000003
2030,sc01,03-04 18:00:00+01:00,Biomass 61,0.0123
2030,sc01,03-04 18:00:00+01:00,CT NG 35,0.0
2030,sc01,03-04 18:00:00+01:00,Solar 33,0.0
2030,sc01,03-04 18:00:00+01:00,CT NG 41,0.0
2030,sc01,03-04 18:00:00+01:00,CT NG 15,0.0
2030,sc01,03-04 18:00:00+01:00,Solar 42,0.0
2030,sc01,03-04 18:00:00+01:00,Solar 07,0.0
2030,sc01,03-04 18:00:00+01:00,Solar 43,0.0
2030,sc01,03-04 18:00:00+01:00,Biomass 05,0.0132
2030,sc01,03-04 18:00:00+01:00,CT NG 29,0.0
2030,sc01,03-04 18:00:00+01:00,Solar 71,0.0
2030,sc01,03-04 18:00:00+01:00,CT NG 53,0.0
2030,sc01,03-04 18:00:00+01:00,CT NG 20,0.0
2030,sc01,03-04 18:00:00+01:00,Biomass 14,0.0219
2030,sc01,03-04 18:00:00+01:00,Solar 26,0.0
2030,sc01,03-04 18:00:00+01:00,Hydro 29,33.146982
2030,sc01,03-04 18:00:00+01:00,Hydro 31,0.0
2030,sc01,03-04 18:00:00+01:00,Biomass 24,0.0132
2030,sc01,03-04 18:00:00+01:00,Biomass 54,0.07139999999999999
2030,sc01,03-04 18:00:00+01:00,Solar 36,0.0
2030,sc01,03-04 18:00:00+01:00,Wind 03,0.19082813448
2030,sc01,03-04 18:00:00+01:00,Biomass 40,0.023100000000000002
2030,sc01,03-04 18:00:00+01:00,Biomass 49,0.0105
2030,sc01,03-04 18:00:00+01:00,CC NG 16,27.370935
2030,sc01,03-04 18:00:00+01:00,Biomass 48,0.0717
2030,sc01,03-04 18:00:00+01:00,Hydro 28,33.146982
2030,sc01,03-04 18:00:00+01:00,Biomass 17,0.0066
2030,sc01,03-04 18:00:00+01:00,CT NG 33,0.0
2030,sc01,03-04 18:00:00+01:00,Solar 45,0.0
2030,sc01,03-04 18:00:00+01:00,Hydro 24,0.0
2030,sc01,03-04 18:00:00+01:00,Wind 13,0.0
2030,sc01,03-04 18:00:00+01:00,Biomass 07,0.06
2030,sc01,03-04 18:00:00+01:00,Biomass 34,0.0405
2030,sc01,03-04 18:00:00+01:00,Biomass 33,0.0405
2030,sc01,03-04 18:00:00+01:00,CT NG 01,0.0
2030,sc01,03-04 18:00:00+01:00,ICE NG 03,0.0
2030,sc01,03-04 18:00:00+01:00,Solar 55,0.0
2030,sc01,03-04 18:00:00+01:00,Solar 11,0.0
2030,sc01,03-04 18:00:00+01:00,CT NG 06,0.0
2030,sc01,03-04 18:00:00+01:00,CT NG 70,0.0
2030,sc01,03-04 18:00:00+01:00,Solar 23,0.0
2030,sc01,03-04 18:00:00+01:00,CT NG 67,0.0
2030,sc01,03-04 18:00:00+01:00,Solar 12,0.0
2030,sc01,03-04 18:00:00+01:00,CT Oil 01,0.0
2030,sc01,03-04 18:00:00+01:00,Hydro 26,0.0
2030,sc01,03-04 18:00:00+01:00,CC NG 22,7.069447023489002
2030,sc01,03-04 18:00:00+01:00,CC NG 35,0.0
2030,sc01,03-04 18:00:00+01:00,Biomass 50,0.0057
2030,sc01,03-04 18:00:00+01:00,ICE NG 04,0.0
2030,sc01,03-04 18:00:00+01:00,CC NG 39,0.0
2030,sc01,03-04 18:00:00+01:00,Hydro 32,0.0
2030,sc01,03-04 18:00:00+01:00,ICE NG 07,0.0
2030,sc01,03-04 18:00:00+01:00,Biomass 46,0.0174
2030,sc01,03-04 18:00:00+01:00,CC NG 38,0.0
2030,sc01,03-04 18:00:00+01:00,CC NG 12,0.0
2030,sc01,03-04 18:00:00+01:00,Solar 57,0.0
2030,sc01,03-04 18:00:00+01:00,CC NG 32,0.0
2030,sc01,03-04 18:00:00+01:00,CC NG 07,0.0
2030,sc01,03-04 18:00:00+01:00,Biomass 44,0.033600000000000005
2030,sc01,03-04 18:00:00+01:00,CT NG 40,0.0
2030,sc01,03-04 18:00:00+01:00,Solar 74,0.0
2030,sc01,03-04 18:00:00+01:00,Hydro 30,0.0
2030,sc01,03-04 18:00:00+01:00,CT NG 42,0.0
2030,sc01,03-04 18:00:00+01:00,Hydro 22,0.6242202
2030,sc01,03-04 18:00:00+01:00,Solar 17,0.0
2030,sc01,03-04 18:00:00+01:00,Solar 38,0.0
2030,sc01,03-04 18:00:00+01:00,CT NG 24,0.0
2030,sc01,03-04 18:00:00+01:00,CC NG 27,1.000845
2030,sc01,03-04 18:00:00+01:00,Biomass 21,0.0105
2030,sc01,03-04 18:00:00+01:00,ICE NG 06,0.0
2030,sc01,03-04 18:00:00+01:00,Biomass 25,0.0132
2030,sc01,03-04 18:00:00+01:00,Solar 27,0.0
2030,sc01,03-04 18:00:00+01:00,CT NG 19,0.11337299999999997
2030,sc01,03-04 18:00:00+01:00,Biomass 42,0.0405
2030,sc01,03-04 18:00:00+01:00,Biomass 19,0.0105
2030,sc01,03-04 18:00:00+01:00,Biomass 06,0.0132
2030,sc01,03-04 18:00:00+01:00,CT NG 10,1.4535
2030,sc01,03-04 18:00:00+01:00,CC NG 40,8.32995125914946
2030,sc01,03-04 18:00:00+01:00,CC NG 21,0.0
2030,sc01,03-04 18:00:00+01:00,Biomass 02,0.03
2030,sc01,03-04 18:00:00+01:00,CT NG 46,0.0
2030,sc01,03-04 18:00:00+01:00,Hydro 34,0.0
2030,sc01,03-04 18:00:00+01:00,Biomass 10,0.0222
2030,sc01,03-04 18:00:00+01:00,CT NG 17,0.20058300000000004
2030,sc01,03-04 18:00:00+01:00,Biomass 62,0.0438
2030,sc01,03-04 18:00:00+01:00,Biomass 32,0.035699999999999996
2030,sc01,03-04 18:00:00+01:00,CC NG 19,4.0614
2030,sc01,03-04 18:00:00+01:00,CC NG 17,0.0
2030,sc01,03-04 18:00:00+01:00,ST NG 01,0.0
2030,sc01,03-04 18:00:00+01:00,Biomass 45,0.033600000000000005
2030,sc01,03-04 18:00:00+01:00,Biomass 28,0.050699999999999995
2030,sc01,03-04 18:00:00+01:00,CC NG 10,0.0
2030,sc01,03-04 18:00:00+01:00,Biomass 23,0.0132
2030,sc01,03-04 18:00:00+01:00,ST NG 06,0.0
2030,sc01,03-04 18:00:00+01:00,Wind 10,0.02616769344
2030,sc01,03-04 18:00:00+01:00,CT NG 69,0.0
2030,sc01,03-04 18:00:00+01:00,CT NG 68,0.0
2030,sc01,03-05 06:00:00+01:00,CC NG 13,0.0
2030,sc01,03-05 06:00:00+01:00,CT NG 37,0.0
2030,sc01,03-05 06:00:00+01:00,ST Coal 01,0.0
2030,sc01,03-05 06:00:00+01:00,CT NG 09,0.0
2030,sc01,03-05 06:00:00+01:00,CT NG 47,0.0
2030,sc01,03-05 06:00:00+01:00,Solar 69,4.574837988500001
2030,sc01,03-05 06:00:00+01:00,Solar 34,3.4287864076999996
2030,sc01,03-05 06:00:00+01:00,Solar 73,0.0
2030,sc01,03-05 06:00:00+01:00,Biomass 37,0.0
2030,sc01,03-05 06:00:00+01:00,Hydro 20,0.33625149000000004
2030,sc01,03-05 06:00:00+01:00,Solar 01,0.0
2030,sc01,03-05 06:00:00+01:00,Solar 62,0.0
2030,sc01,03-05 06:00:00+01:00,Solar 02,1.0253205484399999
2030,sc01,03-05 06:00:00+01:00,CT NG 26,0.0
2030,sc01,03-05 06:00:00+01:00,Biomass 20,0.00805
2030,sc01,03-05 06:00:00+01:00,Wind 16,0.51922936402
2030,sc01,03-05 06:00:00+01:00,CT NG 66,0.0
2030,sc01,03-05 06:00:00+01:00,Solar 39,0.026461524288
2030,sc01,03-05 06:00:00+01:00,Biomass 41,0.0
2030,sc01,03-05 06:00:00+01:00,Solar 72,0.04552518616
2030,sc01,03-05 06:00:00+01:00,ST NG 03,0.0
2030,sc01,03-05 06:00:00+01:00,Hydro 21,0.33625149000000004
2030,sc01,03-05 06:00:00+01:00,CT NG 03,0.0
2030,sc01,03-05 06:00:00+01:00,CC NG 09,0.0
2030,sc01,03-05 06:00:00+01:00,CT Oil 02,0.0
2030,sc01,03-05 06:00:00+01:00,CT NG 39,0.0
2030,sc01,03-05 06:00:00+01:00,CC NG 08,0.0
2030,sc01,03-05 06:00:00+01:00,Biomass 43,0.0
2030,sc01,03-05 06:00:00+01:00,CT NG 18,0.08691929999999998
2030,sc01,03-05 06:00:00+01:00,ST NG 07,0.0
2030,sc01,03-05 06:00:00+01:00,Biomass 35,0.0
2030,sc01,03-05 06:00:00+01:00,Solar 32,1.18780631072
2030,sc01,03-05 06:00:00+01:00,Biomass 15,0.00483
2030,sc01,03-05 06:00:00+01:00,CC NG 31,0.0
2030,sc01,03-05 06:00:00+01:00,Solar 16,0.0
2030,sc01,03-05 06:00:00+01:00,Solar 68,0.19984499016799998
2030,sc01,03-05 06:00:00+01:00,CT NG 21,0.0
2030,sc01,03-05 06:00:00+01:00,Wind 11,0.0
2030,sc01,03-05 06:00:00+01:00,CC NG 37,0.0
2030,sc01,03-05 06:00:00+01:00,CT NG 22,0.0
2030,sc01,03-05 06:00:00+01:00,Hydro 16,0.0
2030,sc01,03-05 06:00:00+01:00,Biomass 59,0.09522000000000001
2030,sc01,03-05 06:00:00+01:00,CC NG 01,0.0
2030,sc01,03-05 06:00:00+01:00,Biomass 16,0.00483
2030,sc01,03-05 06:00:00+01:00,Solar 03,0.0
2030,sc01,03-05 06:00:00+01:00,Solar 44,0.0
2030,sc01,03-05 06:00:00+01:00,CT NG 08,0.0
2030,sc01,03-05 06:00:00+01:00,Wind 05,0.0
2030,sc01,03-05 06:00:00+01:00,Biomass 26,0.038869999999999995
2030,sc01,03-05 06:00:00+01:00,Solar 37,0.0
2030,sc01,03-05 06:00:00+01:00,Biomass 11,0.00828
2030,sc01,03-05 06:00:00+01:00,Solar 59,0.172888946008
2030,sc01,03-05 06:00:00+01:00,CT NG 11,0.0
2030,sc01,03-05 06:00:00+01:00,Biomass 30,0.038869999999999995
2030,sc01,03-05 06:00:00+01:00,Hydro 23,0.0
2030,sc01,03-05 06:00:00+01:00,CC NG 24,0.0
2030,sc01,03-05 06:00:00+01:00,Solar 65,3.3100558031
2030,sc01,03-05 06:00:00+01:00,CC NG 18,0.0
2030,sc01,03-05 06:00:00+01:00,CT NG 16,0.0
2030,sc01,03-05 06:00:00+01:00,Solar 51,0.214388574464
2030,sc01,03-05 06:00:00+01:00,Wind 06,0.0
2030,sc01,03-05 06:00:00+01:00,CC NG 26,0.0
2030,sc01,03-05 06:00:00+01:00,CC NG 23,0.0
2030,sc01,03-05 06:00:00+01:00,CT NG 43,0.0
2030,sc01,03-05 06:00:00+01:00,CC NG 11,0.0
2030,sc01,03-05 06:00:00+01:00,CT NG 02,0.0
2030,sc01,03-05 06:00:00+01:00,CT NG 50,0.0
2030,sc01,03-05 06:00:00+01:00,Hydro 27,0.0
2030,sc01,03-05 06:00:00+01:00,CT NG 13,0.0
2030,sc01,03-05 06:00:00+01:00,CT NG 25,0.0
2030,sc01,03-05 06:00:00+01:00,CC NG 05,0.0
2030,sc01,03-05 06:00:00+01:00,Solar 04,0.0
2030,sc01,03-05 06:00:00+01:00,Solar 30,0.0
2030,sc01,03-05 06:00:00+01:00,Solar 29,0.0
2030,sc01,03-05 06:00:00+01:00,Solar 53,0.22047199332
2030,sc01,03-05 06:00:00+01:00,Solar 21,0.0
2030,sc01,03-05 06:00:00+01:00,Biomass 58,0.04025
2030,sc01,03-05 06:00:00+01:00,CT NG 74,0.0
2030,sc01,03-05 06:00:00+01:00,Solar 61,0.0
2030,sc01,03-05 06:00:00+01:00,Wind 07,0.0
2030,sc01,03-05 06:00:00+01:00,Biomass 31,0.038869999999999995
2030,sc01,03-05 06:00:00+01:00,CT Oil 05,0.0
2030,sc01,03-05 06:00:00+01:00,Biomass 38,0.0
2030,sc01,03-05 06:00:00+01:00,Solar 41,0.026461524288
2030,sc01,03-05 06:00:00+01:00,Biomass 51,0.0
2030,sc01,03-05 06:00:00+01:00,Biomass 55,0.054970000000000005
2030,sc01,03-05 06:00:00+01:00,Wind 15,2.11281999608
2030,sc01,03-05 06:00:00+01:00,Geo 01,0.0
2030,sc01,03-05 06:00:00+01:00,Biomass 60,0.0621
2030,sc01,03-05 06:00:00+01:00,CT NG 38,0.0
2030,sc01,03-05 06:00:00+01:00,Solar 66,0.008065939736000002
2030,sc01,03-05 06:00:00+01:00,Solar 49,0.0
2030,sc01,03-05 06:00:00+01:00,CT NG 51,0.0
2030,sc01,03-05 06:00:00+01:00,Biomass 18,0.00483
2030,sc01,03-05 06:00:00+01:00,ICE NG 01,0.0
2030,sc01,03-05 06:00:00+01:00,Solar 15,0.0
2030,sc01,03-05 06:00:00+01:00,ICE NG 05,0.0
2030,sc01,03-05 06:00:00+01:00,CT Oil 04,0.0
2030,sc01,03-05 06:00:00+01:00,CC NG 20,0.0
2030,sc01,03-05 06:00:00+01:00,Solar 20,0.0
2030,sc01,03-05 06:00:00+01:00,Biomass 04,0.0
2030,sc01,03-05 06:00:00+01:00,Wind 02,0.0
2030,sc01,03-05 06:00:00+01:00,Hydro 25,0.0
2030,sc01,03-05 06:00:00+01:00,Solar 75,0.0
2030,sc01,03-05 06:00:00+01:00,Hydro 33,0.0
2030,sc01,03-05 06:00:00+01:00,ST NG 05,0.0
2030,sc01,03-05 06:00:00+01:00,CT NG 07,0.0
2030,sc01,03-05 06:00:00+01:00,Wind 01,0.0
2030,sc01,03-05 06:00:00+01:00,Solar 56,0.144669137408
2030,sc01,03-05 06:00:00+01:00,Biomass 09,0.01725
2030,sc01,03-05 06:00:00+01:00,Biomass 53,0.054970000000000005
2030,sc01,03-05 06:00:00+01:00,Wind 17,21.3450585888
2030,sc01,03-05 06:00:00+01:00,ST NG 08,0.0
2030,sc01,03-05 06:00:00+01:00,Hydro 19,0.0
2030,sc01,03-05 06:00:00+01:00,ST NG 02,0.0
2030,sc01,03-05 06:00:00+01:00,Biomass 01,0.02323
2030,sc01,03-05 06:00:00+01:00,Biomass 57,0.04025
2030,sc01,03-05 06:00:00+01:00,CT NG 49,0.0
2030,sc01,03-05 06:00:00+01:00,CT NG 31,0.0
2030,sc01,03-05 06:00:00+01:00,Solar 64,1.7377757978100004
2030,sc01,03-05 06:00:00+01:00,CC NG 33,0.0
2030,sc01,03-05 06:00:00+01:00,Solar 46,0.0
2030,sc01,03-05 06:00:00+01:00,Biomass 12,0.00828
2030,sc01,03-05 06:00:00+01:00,Wind 04,0.08226970832
2030,sc01,03-05 06:00:00+01:00,Solar 13,0.0
2030,sc01,03-05 06:00:00+01:00,CT NG 55,0.0
2030,sc01,03-05 06:00:00+01:00,Wind N03,97.51887467749235
2030,sc01,03-05 06:00:00+01:00,CT NG 28,0.0
2030,sc01,03-05 06:00:00+01:00,Wind 09,0.026884095192
2030,sc01,03-05 06:00:00+01:00,Solar 60,0.2579339692
2030,sc01,03-05 06:00:00+01:00,Solar 25,0.0
2030,sc01,03-05 06:00:00+01:00,CT NG 23,0.0
2030,sc01,03-05 06:00:00+01:00,ST Other 01,0.0
2030,sc01,03-05 06:00:00+01:00,Solar 70,5.1354210089
2030,sc01,03-05 06:00:00+01:00,CC NG 34,0.0
2030,sc01,03-05 06:00:00+01:00,Solar 48,0.0
2030,sc01,03-05 06:00:00+01:00,Biomass 56,0.046689999999999995
2030,sc01,03-05 06:00:00+01:00,CT NG 36,0.0
2030,sc01,03-05 06:00:00+01:00,Solar 47,0.0
2030,sc01,03-05 06:00:00+01:00,Hydro 17,0.006296940000000001
2030,sc01,03-05 06:00:00+01:00,Solar 09,0.0
2030,sc01,03-05 06:00:00+01:00,Solar 08,0.0
2030,sc01,03-05 06:00:00+01:00,CT NG 45,0.0
2030,sc01,03-05 06:00:00+01:00,ST NG 04,0.0
2030,sc01,03-05 06:00:00+01:00,Solar 40,0.026461524288
2030,sc01,03-05 06:00:00+01:00,Biomass 47,0.0
2030,sc01,03-05 06:00:00+01:00,Solar 50,0.069765424728
2030,sc01,03-05 06:00:00+01:00,Solar 52,0.15823958048
2030,sc01,03-05 06:00:00+01:00,Solar 63,3.7110743731000007
2030,sc01,03-05 06:00:00+01:00,CC NG 06,0.0
2030,sc01,03-05 06:00:00+01:00,Biomass 39,0.0
2030,sc01,03-05 06:00:00+01:00,Solar 67,2.4738426618
2030,sc01,03-05 06:00:00+01:00,Solar 19,0.0
2030,sc01,03-05 06:00:00+01:00,Wind 12,0.011892339520000001
2030,sc01,03-05 06:00:00+01:00,Solar 24,0.0
2030,sc01,03-05 06:00:00+01:00,ICE NG 02,0.0
2030,sc01,03-05 06:00:00+01:00,Solar 05,0.0
2030,sc01,03-05 06:00:00+01:00,CT NG 54,0.0
2030,sc01,03-05 06:00:00+01:00,Wind N01,0.112824759544
2030,sc01,03-05 06:00:00+01:00,CT NG 27,0.0
2030,sc01,03-05 06:00:00+01:00,CC NG 36,0.0
2030,sc01,03-05 06:00:00+01:00,Wind N02,2.8723127904
2030,sc01,03-05 06:00:00+01:00,CT NG 52,0.0
2030,sc01,03-05 06:00:00+01:00,Solar 35,0.10332605836
2030,sc01,03-05 06:00:00+01:00,CT NG 05,0.0
2030,sc01,03-05 06:00:00+01:00,Biomass 36,0.0
2030,sc01,03-05 06:00:00+01:00,CT NG 34,0.0
2030,sc01,03-05 06:00:00+01:00,CT Oil 03,0.0
2030,sc01,03-05 06:00:00+01:00,Hydro 35,0.0
2030,sc01,03-05 06:00:00+01:00,Solar 14,0.0
2030,sc01,03-05 06:00:00+01:00,CT NG 75,0.0
2030,sc01,03-05 06:00:00+01:00,ST NG 09,0.0
2030,sc01,03-05 06:00:00+01:00,CT NG 56,0.0
2030,sc01,03-05 06:00:00+01:00,Biomass 22,0.00805
2030,sc01,03-05 06:00:00+01:00,Solar 18,0.0
2030,sc01,03-05 06:00:00+01:00,Biomass 13,0.00828
2030,sc01,03-05 06:00:00+01:00,CT NG 71,0.0
2030,sc01,03-05 06:00:00+01:00,Solar 58,0.11916513292800002
2030,sc01,03-05 06:00:00+01:00,Solar 06,0.0
2030,sc01,03-05 06:00:00+01:00,Biomass 08,0.01725
2030,sc01,03-05 06:00:00+01:00,CT NG 72,0.0
2030,sc01,03-05 06:00:00+01:00,Hydro 18,0.02168946
2030,sc01,03-05 06:00:00+01:00,Solar 10,0.0
2030,sc01,03-05 06:00:00+01:00,CT NG 04,0.0
2030,sc01,03-05 06:00:00+01:00,ST Other 02,0.0
2030,sc01,03-05 06:00:00+01:00,CT NG 12,0.0
2030,sc01,03-05 06:00:00+01:00,CT NG 48,0.0
2030,sc01,03-05 06:00:00+01:00,ST NG 10,0.0
2030,sc01,03-05 06:00:00+01:00,Solar 22,0.0
2030,sc01,03-05 06:00:00+01:00,Solar 28,0.0
2030,sc01,03-05 06:00:00+01:00,CT NG 73,0.0
2030,sc01,03-05 06:00:00+01:00,Biomass 52,0.0
2030,sc01,03-05 06:00:00+01:00,CT NG 30,0.0
2030,sc01,03-05 06:00:00+01:00,Solar 54,0.13679435232800002
2030,sc01,03-05 06:00:00+01:00,Solar 31,0.7253979062000001
2030,sc01,03-05 06:00:00+01:00,Biomass 03,0.0
2030,sc01,03-05 06:00:00+01:00,CT NG 32,0.0
2030,sc01,03-05 06:00:00+01:00,Biomass 27,0.038869999999999995
2030,sc01,03-05 06:00:00+01:00,CC NG 14,0.0
2030,sc01,03-05 06:00:00+01:00,CC NG 03,2.82416218
2030,sc01,03-05 06:00:00+01:00,CC NG 29,0.0
2030,sc01,03-05 06:00:00+01:00,CC NG 28,0.0
2030,sc01,03-05 06:00:00+01:00,CC NG 25,0.0
2030,sc01,03-05 06:00:00+01:00,CT NG 44,0.0
2030,sc01,03-05 06:00:00+01:00,CT NG 14,0.0
2030,sc01,03-05 06:00:00+01:00,CC NG 15,0.0
2030,sc01,03-05 06:00:00+01:00,CC NG 04,2.121507411670932
2030,sc01,03-05 06:00:00+01:00,Biomass 29,0.038869999999999995
2030,sc01,03-05 06:00:00+01:00,Wind 14,0.39224175022
2030,sc01,03-05 06:00:00+01:00,Wind 08,0.032802377544
2030,sc01,03-05 06:00:00+01:00,Biomass 61,0.0
2030,sc01,03-05 06:00:00+01:00,CT NG 35,0.0
2030,sc01,03-05 06:00:00+01:00,Solar 33,0.86953746364
2030,sc01,03-05 06:00:00+01:00,CT NG 41,0.0
2030,sc01,03-05 06:00:00+01:00,CT NG 15,0.0
2030,sc01,03-05 06:00:00+01:00,Solar 42,0.0
2030,sc01,03-05 06:00:00+01:00,Solar 07,0.0
2030,sc01,03-05 06:00:00+01:00,Solar 43,0.0
2030,sc01,03-05 06:00:00+01:00,Biomass 05,0.01012
2030,sc01,03-05 06:00:00+01:00,CT NG 29,0.0
2030,sc01,03-05 06:00:00+01:00,Solar 71,1.63691938538
2030,sc01,03-05 06:00:00+01:00,CT NG 53,0.0
2030,sc01,03-05 06:00:00+01:00,CT NG 20,0.0
2030,sc01,03-05 06:00:00+01:00,Biomass 14,0.0184
2030,sc01,03-05 06:00:00+01:00,Solar 26,0.0
2030,sc01,03-05 06:00:00+01:00,Hydro 29,19.493173311434834
2030,sc01,03-05 06:00:00+01:00,Hydro 31,0.0
2030,sc01,03-05 06:00:00+01:00,Biomass 24,0.010350000000000002
2030,sc01,03-05 06:00:00+01:00,Biomass 54,0.054970000000000005
2030,sc01,03-05 06:00:00+01:00,Solar 36,1.8368643552600001
2030,sc01,03-05 06:00:00+01:00,Wind 03,0.198020811592
2030,sc01,03-05 06:00:00+01:00,Biomass 40,0.0
2030,sc01,03-05 06:00:00+01:00,Biomass 49,0.0
2030,sc01,03-05 06:00:00+01:00,CC NG 16,20.9843835
2030,sc01,03-05 06:00:00+01:00,Biomass 48,0.0
2030,sc01,03-05 06:00:00+01:00,Hydro 28,0.0
2030,sc01,03-05 06:00:00+01:00,Biomass 17,0.00483
2030,sc01,03-05 06:00:00+01:00,CT NG 33,0.0
2030,sc01,03-05 06:00:00+01:00,Solar 45,0.0
2030,sc01,03-05 06:00:00+01:00,Hydro 24,0.0
2030,sc01,03-05 06:00:00+01:00,Wind 13,0.014707674208
2030,sc01,03-05 06:00:00+01:00,Biomass 07,0.046
2030,sc01,03-05 06:00:00+01:00,Biomass 34,0.0
2030,sc01,03-05 06:00:00+01:00,Biomass 33,0.0
2030,sc01,03-05 06:00:00+01:00,CT NG 01,0.0
2030,sc01,03-05 06:00:00+01:00,ICE NG 03,0.0
2030,sc01,03-05 06:00:00+01:00,Solar 55,0.14427944988
2030,sc01,03-05 06:00:00+01:00,Solar 11,0.0
2030,sc01,03-05 06:00:00+01:00,CT NG 06,0.0
2030,sc01,03-05 06:00:00+01:00,CT NG 70,0.0
2030,sc01,03-05 06:00:00+01:00,Solar 23,0.0
2030,sc01,03-05 06:00:00+01:00,CT NG 67,0.0
2030,sc01,03-05 06:00:00+01:00,Solar 12,0.0
2030,sc01,03-05 06:00:00+01:00,CT Oil 01,0.0
2030,sc01,03-05 06:00:00+01:00,Hydro 26,0.0
2030,sc01,03-05 06:00:00+01:00,CC NG 22,0.0
2030,sc01,03-05 06:00:00+01:00,CC NG 35,0.0
2030,sc01,03-05 06:00:00+01:00,Biomass 50,0.0
2030,sc01,03-05 06:00:00+01:00,ICE NG 04,0.0
2030,sc01,03-05 06:00:00+01:00,CC NG 39,0.0
2030,sc01,03-05 06:00:00+01:00,Hydro 32,0.0
2030,sc01,03-05 06:00:00+01:00,ICE NG 07,0.0
2030,sc01,03-05 06:00:00+01:00,Biomass 46,0.0
2030,sc01,03-05 06:00:00+01:00,CC NG 38,0.0
2030,sc01,03-05 06:00:00+01:00,CC NG 12,0.0
2030,sc01,03-05 06:00:00+01:00,Solar 57,0.101767031144
2030,sc01,03-05 06:00:00+01:00,CC NG 32,0.0
2030,sc01,03-05 06:00:00+01:00,CC NG 07,0.0
2030,sc01,03-05 06:00:00+01:00,Biomass 44,0.0
2030,sc01,03-05 06:00:00+01:00,CT NG 40,0.0
2030,sc01,03-05 06:00:00+01:00,Solar 74,0.0
2030,sc01,03-05 06:00:00+01:00,Hydro 30,0.0
2030,sc01,03-05 06:00:00+01:00,CT NG 42,0.0
2030,sc01,03-05 06:00:00+01:00,Hydro 22,0.33625149000000004
2030,sc01,03-05 06:00:00+01:00,Solar 17,0.0
2030,sc01,03-05 06:00:00+01:00,Solar 38,0.1893092096
2030,sc01,03-05 06:00:00+01:00,CT NG 24,0.0
2030,sc01,03-05 06:00:00+01:00,CC NG 27,0.0
2030,sc01,03-05 06:00:00+01:00,Biomass 21,0.00805
2030,sc01,03-05 06:00:00+01:00,ICE NG 06,0.0
2030,sc01,03-05 06:00:00+01:00,Biomass 25,0.010350000000000002
2030,sc01,03-05 06:00:00+01:00,Solar 27,0.0
2030,sc01,03-05 06:00:00+01:00,CT NG 19,0.0
2030,sc01,03-05 06:00:00+01:00,Biomass 42,0.0
2030,sc01,03-05 06:00:00+01:00,Biomass 19,0.00805
2030,sc01,03-05 06:00:00+01:00,Biomass 06,0.01012
2030,sc01,03-05 06:00:00+01:00,CT NG 10,0.0
2030,sc01,03-05 06:00:00+01:00,CC NG 40,0.0
2030,sc01,03-05 06:00:00+01:00,CC NG 21,0.0
2030,sc01,03-05 06:00:00+01:00,Biomass 02,0.02323
2030,sc01,03-05 06:00:00+01:00,CT NG 46,0.0
2030,sc01,03-05 06:00:00+01:00,Hydro 34,0.0
2030,sc01,03-05 06:00:00+01:00,Biomass 10,0.01725
2030,sc01,03-05 06:00:00+01:00,CT NG 17,0.15378029999999998
2030,sc01,03-05 06:00:00+01:00,Biomass 62,0.0368
2030,sc01,03-05 06:00:00+01:00,Biomass 32,0.02737
2030,sc01,03-05 06:00:00+01:00,CC NG 19,3.11374
2030,sc01,03-05 06:00:00+01:00,CC NG 17,0.0
2030,sc01,03-05 06:00:00+01:00,ST NG 01,0.0
2030,sc01,03-05 06:00:00+01:00,Biomass 45,0.0
2030,sc01,03-05 06:00:00+01:00,Biomass 28,0.038869999999999995
2030,sc01,03-05 06:00:00+01:00,CC NG 10,0.0
2030,sc01,03-05 06:00:00+01:00,Biomass 23,0.010350000000000002
2030,sc01,03-05 06:00:00+01:00,ST NG 06,0.0
2030,sc01,03-05 06:00:00+01:00,Wind 10,0.026399497151999997
2030,sc01,03-05 06:00:00+01:00,CT NG 69,0.0
2030,sc01,03-05 06:00:00+01:00,CT NG 68,0.0
2030,sc01,03-10 03:00:00+01:00,CC NG 13,0.0
2030,sc01,03-10 03:00:00+01:00,CT NG 37,0.0
2030,sc01,03-10 03:00:00+01:00,ST Coal 01,0.0
2030,sc01,03-10 03:00:00+01:00,CT NG 09,0.0
2030,sc01,03-10 03:00:00+01:00,CT NG 47,0.0
2030,sc01,03-10 03:00:00+01:00,Solar 69,0.0
2030,sc01,03-10 03:00:00+01:00,Solar 34,0.0
2030,sc01,03-10 03:00:00+01:00,Solar 73,0.0
2030,sc01,03-10 03:00:00+01:00,Biomass 37,0.0
2030,sc01,03-10 03:00:00+01:00,Hydro 20,0.31542981000000003
2030,sc01,03-10 03:00:00+01:00,Solar 01,0.0
2030,sc01,03-10 03:00:00+01:00,Solar 62,0.0
2030,sc01,03-10 03:00:00+01:00,Solar 02,0.0
2030,sc01,03-10 03:00:00+01:00,CT NG 26,0.0
2030,sc01,03-10 03:00:00+01:00,Biomass 20,0.01044
2030,sc01,03-10 03:00:00+01:00,Wind 16,1.50050304267
2030,sc01,03-10 03:00:00+01:00,CT NG 66,0.0
2030,sc01,03-10 03:00:00+01:00,Solar 39,0.0
2030,sc01,03-10 03:00:00+01:00,Biomass 41,0.0
2030,sc01,03-10 03:00:00+01:00,Solar 72,0.0
2030,sc01,03-10 03:00:00+01:00,ST NG 03,0.0
2030,sc01,03-10 03:00:00+01:00,Hydro 21,0.31542981000000003
2030,sc01,03-10 03:00:00+01:00,CT NG 03,0.0
2030,sc01,03-10 03:00:00+01:00,CC NG 09,0.0
2030,sc01,03-10 03:00:00+01:00,CT Oil 02,0.0
2030,sc01,03-10 03:00:00+01:00,CT NG 39,0.0
2030,sc01,03-10 03:00:00+01:00,CC NG 08,0.0
2030,sc01,03-10 03:00:00+01:00,Biomass 43,0.0
2030,sc01,03-10 03:00:00+01:00,CT NG 18,0.10959389999999998
2030,sc01,03-10 03:00:00+01:00,ST NG 07,0.0
2030,sc01,03-10 03:00:00+01:00,Biomass 35,0.0
2030,sc01,03-10 03:00:00+01:00,Solar 32,0.0
2030,sc01,03-10 03:00:00+01:00,Biomass 15,0.0
2030,sc01,03-10 03:00:00+01:00,CC NG 31,0.0
2030,sc01,03-10 03:00:00+01:00,Solar 16,0.0
2030,sc01,03-10 03:00:00+01:00,Solar 68,0.0
2030,sc01,03-10 03:00:00+01:00,CT NG 21,0.0
2030,sc01,03-10 03:00:00+01:00,Wind 11,0.071997475936
2030,sc01,03-10 03:00:00+01:00,CC NG 37,0.0
2030,sc01,03-10 03:00:00+01:00,CT NG 22,0.0
2030,sc01,03-10 03:00:00+01:00,Hydro 16,0.0
2030,sc01,03-10 03:00:00+01:00,Biomass 59,0.12006000000000001
2030,sc01,03-10 03:00:00+01:00,CC NG 01,0.0
2030,sc01,03-10 03:00:00+01:00,Biomass 16,0.0
2030,sc01,03-10 03:00:00+01:00,Solar 03,0.0
2030,sc01,03-10 03:00:00+01:00,Solar 44,0.0
2030,sc01,03-10 03:00:00+01:00,CT NG 08,0.0
2030,sc01,03-10 03:00:00+01:00,Wind 05,0.0058737971120000005
2030,sc01,03-10 03:00:00+01:00,Biomass 26,0.04901
2030,sc01,03-10 03:00:00+01:00,Solar 37,0.0
2030,sc01,03-10 03:00:00+01:00,Biomass 11,0.01102
2030,sc01,03-10 03:00:00+01:00,Solar 59,0.0
2030,sc01,03-10 03:00:00+01:00,CT NG 11,0.0
2030,sc01,03-10 03:00:00+01:00,Biomass 30,0.04901
2030,sc01,03-10 03:00:00+01:00,Hydro 23,0.0
2030,sc01,03-10 03:00:00+01:00,CC NG 24,0.0
2030,sc01,03-10 03:00:00+01:00,Solar 65,0.0
2030,sc01,03-10 03:00:00+01:00,CC NG 18,0.0
2030,sc01,03-10 03:00:00+01:00,CT NG 16,0.0
2030,sc01,03-10 03:00:00+01:00,Solar 51,0.0
2030,sc01,03-10 03:00:00+01:00,Wind 06,0.39821489867
2030,sc01,03-10 03:00:00+01:00,CC NG 26,0.0
2030,sc01,03-10 03:00:00+01:00,CC NG 23,0.0
2030,sc01,03-10 03:00:00+01:00,CT NG 43,0.0
2030,sc01,03-10 03:00:00+01:00,CC NG 11,0.0
2030,sc01,03-10 03:00:00+01:00,CT NG 02,0.0
2030,sc01,03-10 03:00:00+01:00,CT NG 50,0.0
2030,sc01,03-10 03:00:00+01:00,Hydro 27,0.23027160000000002
2030,sc01,03-10 03:00:00+01:00,CT NG 13,0.0
2030,sc01,03-10 03:00:00+01:00,CT NG 25,0.0
2030,sc01,03-10 03:00:00+01:00,CC NG 05,0.0
2030,sc01,03-10 03:00:00+01:00,Solar 04,0.0
2030,sc01,03-10 03:00:00+01:00,Solar 30,0.0
2030,sc01,03-10 03:00:00+01:00,Solar 29,0.0
2030,sc01,03-10 03:00:00+01:00,Solar 53,0.0
2030,sc01,03-10 03:00:00+01:00,Solar 21,0.0
2030,sc01,03-10 03:00:00+01:00,Biomass 58,0.05828999999999999
2030,sc01,03-10 03:00:00+01:00,CT NG 74,0.0
2030,sc01,03-10 03:00:00+01:00,Solar 61,0.0
2030,sc01,03-10 03:00:00+01:00,Wind 07,0.06784881829600001
2030,sc01,03-10 03:00:00+01:00,Biomass 31,0.04901
2030,sc01,03-10 03:00:00+01:00,CT Oil 05,0.0
2030,sc01,03-10 03:00:00+01:00,Biomass 38,0.0
2030,sc01,03-10 03:00:00+01:00,Solar 41,0.0
2030,sc01,03-10 03:00:00+01:00,Biomass 51,0.0
2030,sc01,03-10 03:00:00+01:00,Biomass 55,0.07134
2030,sc01,03-10 03:00:00+01:00,Wind 15,1.7683632385899999
2030,sc01,03-10 03:00:00+01:00,Geo 01,0.0
2030,sc01,03-10 03:00:00+01:00,Biomass 60,0.07830000000000001
2030,sc01,03-10 03:00:00+01:00,CT NG 38,0.0
2030,sc01,03-10 03:00:00+01:00,Solar 66,0.0
2030,sc01,03-10 03:00:00+01:00,Solar 49,0.0
2030,sc01,03-10 03:00:00+01:00,CT NG 51,0.0
2030,sc01,03-10 03:00:00+01:00,Biomass 18,0.0
2030,sc01,03-10 03:00:00+01:00,ICE NG 01,0.0
2030,sc01,03-10 03:00:00+01:00,Solar 15,0.0
2030,sc01,03-10 03:00:00+01:00,ICE NG 05,0.0
2030,sc01,03-10 03:00:00+01:00,CT Oil 04,0.0
2030,sc01,03-10 03:00:00+01:00,CC NG 20,0.0
2030,sc01,03-10 03:00:00+01:00,Solar 20,0.0
2030,sc01,03-10 03:00:00+01:00,Biomass 04,0.0
2030,sc01,03-10 03:00:00+01:00,Wind 02,0.20533232152
2030,sc01,03-10 03:00:00+01:00,Hydro 25,0.0
2030,sc01,03-10 03:00:00+01:00,Solar 75,0.0
2030,sc01,03-10 03:00:00+01:00,Hydro 33,0.0
2030,sc01,03-10 03:00:00+01:00,ST NG 05,0.0
2030,sc01,03-10 03:00:00+01:00,CT NG 07,0.0
2030,sc01,03-10 03:00:00+01:00,Wind 01,0.10077240972
2030,sc01,03-10 03:00:00+01:00,Solar 56,0.0
2030,sc01,03-10 03:00:00+01:00,Biomass 09,0.022330000000000003
2030,sc01,03-10 03:00:00+01:00,Biomass 53,0.07134
2030,sc01,03-10 03:00:00+01:00,Wind 17,7.4194469419999995
2030,sc01,03-10 03:00:00+01:00,ST NG 08,0.0
2030,sc01,03-10 03:00:00+01:00,Hydro 19,0.0
2030,sc01,03-10 03:00:00+01:00,ST NG 02,0.0
2030,sc01,03-10 03:00:00+01:00,Biomass 01,0.029870000000000004
2030,sc01,03-10 03:00:00+01:00,Biomass 57,0.05828999999999999
2030,sc01,03-10 03:00:00+01:00,CT NG 49,0.0
2030,sc01,03-10 03:00:00+01:00,CT NG 31,0.0
2030,sc01,03-10 03:00:00+01:00,Solar 64,0.0
2030,sc01,03-10 03:00:00+01:00,CC NG 33,0.0
2030,sc01,03-10 03:00:00+01:00,Solar 46,0.0
2030,sc01,03-10 03:00:00+01:00,Biomass 12,0.01102
2030,sc01,03-10 03:00:00+01:00,Wind 04,0.5785086755800001
2030,sc01,03-10 03:00:00+01:00,Solar 13,0.0
2030,sc01,03-10 03:00:00+01:00,CT NG 55,0.0
2030,sc01,03-10 03:00:00+01:00,Wind N03,118.32048615939647
2030,sc01,03-10 03:00:00+01:00,CT NG 28,0.0
2030,sc01,03-10 03:00:00+01:00,Wind 09,0.073737220736
2030,sc01,03-10 03:00:00+01:00,Solar 60,0.0
2030,sc01,03-10 03:00:00+01:00,Solar 25,0.0
2030,sc01,03-10 03:00:00+01:00,CT NG 23,0.0
2030,sc01,03-10 03:00:00+01:00,ST Other 01,0.0
2030,sc01,03-10 03:00:00+01:00,Solar 70,0.0
2030,sc01,03-10 03:00:00+01:00,CC NG 34,0.0
2030,sc01,03-10 03:00:00+01:00,Solar 48,0.0
2030,sc01,03-10 03:00:00+01:00,Biomass 56,0.07192
2030,sc01,03-10 03:00:00+01:00,CT NG 36,0.0
2030,sc01,03-10 03:00:00+01:00,Solar 47,0.0
2030,sc01,03-10 03:00:00+01:00,Hydro 17,0.00797094
2030,sc01,03-10 03:00:00+01:00,Solar 09,0.0
2030,sc01,03-10 03:00:00+01:00,Solar 08,0.0
2030,sc01,03-10 03:00:00+01:00,CT NG 45,0.0
2030,sc01,03-10 03:00:00+01:00,ST NG 04,0.0
2030,sc01,03-10 03:00:00+01:00,Solar 40,0.0
2030,sc01,03-10 03:00:00+01:00,Biomass 47,0.0
2030,sc01,03-10 03:00:00+01:00,Solar 50,0.0
2030,sc01,03-10 03:00:00+01:00,Solar 52,0.0
2030,sc01,03-10 03:00:00+01:00,Solar 63,0.0
2030,sc01,03-10 03:00:00+01:00,CC NG 06,0.0
2030,sc01,03-10 03:00:00+01:00,Biomass 39,0.0
2030,sc01,03-10 03:00:00+01:00,Solar 67,0.0
2030,sc01,03-10 03:00:00+01:00,Solar 19,0.0
2030,sc01,03-10 03:00:00+01:00,Wind 12,1.82212839585
2030,sc01,03-10 03:00:00+01:00,Solar 24,0.0
2030,sc01,03-10 03:00:00+01:00,ICE NG 02,0.0
2030,sc01,03-10 03:00:00+01:00,Solar 05,0.0
2030,sc01,03-10 03:00:00+01:00,CT NG 54,0.0
2030,sc01,03-10 03:00:00+01:00,Wind N01,17.286859139
2030,sc01,03-10 03:00:00+01:00,CT NG 27,0.0
2030,sc01,03-10 03:00:00+01:00,CC NG 36,0.0
2030,sc01,03-10 03:00:00+01:00,Wind N02,1.07635270914
2030,sc01,03-10 03:00:00+01:00,CT NG 52,0.0
2030,sc01,03-10 03:00:00+01:00,Solar 35,0.0
2030,sc01,03-10 03:00:00+01:00,CT NG 05,0.0
2030,sc01,03-10 03:00:00+01:00,Biomass 36,0.0
2030,sc01,03-10 03:00:00+01:00,CT NG 34,0.0
2030,sc01,03-10 03:00:00+01:00,CT Oil 03,0.0
2030,sc01,03-10 03:00:00+01:00,Hydro 35,0.0
2030,sc01,03-10 03:00:00+01:00,Solar 14,0.0
2030,sc01,03-10 03:00:00+01:00,CT NG 75,0.0
2030,sc01,03-10 03:00:00+01:00,ST NG 09,0.0
2030,sc01,03-10 03:00:00+01:00,CT NG 56,0.0
2030,sc01,03-10 03:00:00+01:00,Biomass 22,0.01044
2030,sc01,03-10 03:00:00+01:00,Solar 18,0.0
2030,sc01,03-10 03:00:00+01:00,Biomass 13,0.01102
2030,sc01,03-10 03:00:00+01:00,CT NG 71,0.0
2030,sc01,03-10 03:00:00+01:00,Solar 58,0.0
2030,sc01,03-10 03:00:00+01:00,Solar 06,0.0
2030,sc01,03-10 03:00:00+01:00,Biomass 08,0.022330000000000003
2030,sc01,03-10 03:00:00+01:00,CT NG 72,0.0
2030,sc01,03-10 03:00:00+01:00,Hydro 18,0.02745546
2030,sc01,03-10 03:00:00+01:00,Solar 10,0.0
2030,sc01,03-10 03:00:00+01:00,CT NG 04,0.0
2030,sc01,03-10 03:00:00+01:00,ST Other 02,0.0
2030,sc01,03-10 03:00:00+01:00,CT NG 12,0.0
2030,sc01,03-10 03:00:00+01:00,CT NG 48,0.0
2030,sc01,03-10 03:00:00+01:00,ST NG 10,0.0
2030,sc01,03-10 03:00:00+01:00,Solar 22,0.0
2030,sc01,03-10 03:00:00+01:00,Solar 28,0.0
2030,sc01,03-10 03:00:00+01:00,CT NG 73,0.0
2030,sc01,03-10 03:00:00+01:00,Biomass 52,0.0
2030,sc01,03-10 03:00:00+01:00,CT NG 30,0.0
2030,sc01,03-10 03:00:00+01:00,Solar 54,0.0
2030,sc01,03-10 03:00:00+01:00,Solar 31,0.0
2030,sc01,03-10 03:00:00+01:00,Biomass 03,0.0
2030,sc01,03-10 03:00:00+01:00,CT NG 32,0.0
2030,sc01,03-10 03:00:00+01:00,Biomass 27,0.04901
2030,sc01,03-10 03:00:00+01:00,CC NG 14,0.0
2030,sc01,03-10 03:00:00+01:00,CC NG 03,0.0
2030,sc01,03-10 03:00:00+01:00,CC NG 29,0.0
2030,sc01,03-10 03:00:00+01:00,CC NG 28,0.0
2030,sc01,03-10 03:00:00+01:00,CC NG 25,0.0
2030,sc01,03-10 03:00:00+01:00,CT NG 44,0.0
2030,sc01,03-10 03:00:00+01:00,CT NG 14,0.0
2030,sc01,03-10 03:00:00+01:00,CC NG 15,0.0
2030,sc01,03-10 03:00:00+01:00,CC NG 04,0.0
2030,sc01,03-10 03:00:00+01:00,Biomass 29,0.04901
2030,sc01,03-10 03:00:00+01:00,Wind 14,0.146986244568
2030,sc01,03-10 03:00:00+01:00,Wind 08,0.077766698352
2030,sc01,03-10 03:00:00+01:00,Biomass 61,0.0
2030,sc01,03-10 03:00:00+01:00,CT NG 35,0.0
2030,sc01,03-10 03:00:00+01:00,Solar 33,0.0
2030,sc01,03-10 03:00:00+01:00,CT NG 41,0.0
2030,sc01,03-10 03:00:00+01:00,CT NG 15,0.0
2030,sc01,03-10 03:00:00+01:00,Solar 42,0.0
2030,sc01,03-10 03:00:00+01:00,Solar 07,0.0
2030,sc01,03-10 03:00:00+01:00,Solar 43,0.0
2030,sc01,03-10 03:00:00+01:00,Biomass 05,0.01305
2030,sc01,03-10 03:00:00+01:00,CT NG 29,0.0
2030,sc01,03-10 03:00:00+01:00,Solar 71,0.0
2030,sc01,03-10 03:00:00+01:00,CT NG 53,0.0
2030,sc01,03-10 03:00:00+01:00,CT NG 20,0.0
2030,sc01,03-10 03:00:00+01:00,Biomass 14,0.02436
2030,sc01,03-10 03:00:00+01:00,Solar 26,0.0
2030,sc01,03-10 03:00:00+01:00,Hydro 29,32.0420826
2030,sc01,03-10 03:00:00+01:00,Hydro 31,0.0
2030,sc01,03-10 03:00:00+01:00,Biomass 24,0.00812
2030,sc01,03-10 03:00:00+01:00,Biomass 54,0.07134
2030,sc01,03-10 03:00:00+01:00,Solar 36,0.0
2030,sc01,03-10 03:00:00+01:00,Wind 03,1.24755263357
2030,sc01,03-10 03:00:00+01:00,Biomass 40,0.0
2030,sc01,03-10 03:00:00+01:00,Biomass 49,0.0
2030,sc01,03-10 03:00:00+01:00,CC NG 16,13.722482530413425
2030,sc01,03-10 03:00:00+01:00,Biomass 48,0.0
2030,sc01,03-10 03:00:00+01:00,Hydro 28,32.0420826
2030,sc01,03-10 03:00:00+01:00,Biomass 17,0.0
2030,sc01,03-10 03:00:00+01:00,CT NG 33,0.0
2030,sc01,03-10 03:00:00+01:00,Solar 45,0.0
2030,sc01,03-10 03:00:00+01:00,Hydro 24,0.0
2030,sc01,03-10 03:00:00+01:00,Wind 13,1.22674981649
2030,sc01,03-10 03:00:00+01:00,Biomass 07,0.058
2030,sc01,03-10 03:00:00+01:00,Biomass 34,0.0
2030,sc01,03-10 03:00:00+01:00,Biomass 33,0.0
2030,sc01,03-10 03:00:00+01:00,CT NG 01,0.0
2030,sc01,03-10 03:00:00+01:00,ICE NG 03,0.0
2030,sc01,03-10 03:00:00+01:00,Solar 55,0.0
2030,sc01,03-10 03:00:00+01:00,Solar 11,0.0
2030,sc01,03-10 03:00:00+01:00,CT NG 06,0.0
2030,sc01,03-10 03:00:00+01:00,CT NG 70,0.0
2030,sc01,03-10 03:00:00+01:00,Solar 23,0.0
2030,sc01,03-10 03:00:00+01:00,CT NG 67,0.0
2030,sc01,03-10 03:00:00+01:00,Solar 12,0.0
2030,sc01,03-10 03:00:00+01:00,CT Oil 01,0.0
2030,sc01,03-10 03:00:00+01:00,Hydro 26,0.0
2030,sc01,03-10 03:00:00+01:00,CC NG 22,0.0
2030,sc01,03-10 03:00:00+01:00,CC NG 35,0.0
2030,sc01,03-10 03:00:00+01:00,Biomass 50,0.0
2030,sc01,03-10 03:00:00+01:00,ICE NG 04,0.0
2030,sc01,03-10 03:00:00+01:00,CC NG 39,0.0
2030,sc01,03-10 03:00:00+01:00,Hydro 32,0.0
2030,sc01,03-10 03:00:00+01:00,ICE NG 07,0.0
2030,sc01,03-10 03:00:00+01:00,Biomass 46,0.0
2030,sc01,03-10 03:00:00+01:00,CC NG 38,0.0
2030,sc01,03-10 03:00:00+01:00,CC NG 12,0.0
2030,sc01,03-10 03:00:00+01:00,Solar 57,0.0
2030,sc01,03-10 03:00:00+01:00,CC NG 32,0.0
2030,sc01,03-10 03:00:00+01:00,CC NG 07,0.0
2030,sc01,03-10 03:00:00+01:00,Biomass 44,0.0
2030,sc01,03-10 03:00:00+01:00,CT NG 40,0.0
2030,sc01,03-10 03:00:00+01:00,Solar 74,0.0
2030,sc01,03-10 03:00:00+01:00,Hydro 30,0.0
2030,sc01,03-10 03:00:00+01:00,CT NG 42,0.0
2030,sc01,03-10 03:00:00+01:00,Hydro 22,0.31542981000000003
2030,sc01,03-10 03:00:00+01:00,Solar 17,0.0
2030,sc01,03-10 03:00:00+01:00,Solar 38,0.0
2030,sc01,03-10 03:00:00+01:00,CT NG 24,0.0
2030,sc01,03-10 03:00:00+01:00,CC NG 27,0.0
2030,sc01,03-10 03:00:00+01:00,Biomass 21,0.01044
2030,sc01,03-10 03:00:00+01:00,ICE NG 06,0.0
2030,sc01,03-10 03:00:00+01:00,Biomass 25,0.00812
2030,sc01,03-10 03:00:00+01:00,Solar 27,0.0
2030,sc01,03-10 03:00:00+01:00,CT NG 19,0.0
2030,sc01,03-10 03:00:00+01:00,Biomass 42,0.0
2030,sc01,03-10 03:00:00+01:00,Biomass 19,0.01044
2030,sc01,03-10 03:00:00+01:00,Biomass 06,0.01305
2030,sc01,03-10 03:00:00+01:00,CT NG 10,0.0
2030,sc01,03-10 03:00:00+01:00,CC NG 40,0.0
2030,sc01,03-10 03:00:00+01:00,CC NG 21,0.0
2030,sc01,03-10 03:00:00+01:00,Biomass 02,0.029870000000000004
2030,sc01,03-10 03:00:00+01:00,CT NG 46,0.0
2030,sc01,03-10 03:00:00+01:00,Hydro 34,0.0
2030,sc01,03-10 03:00:00+01:00,Biomass 10,0.022330000000000003
2030,sc01,03-10 03:00:00+01:00,CT NG 17,0.0
2030,sc01,03-10 03:00:00+01:00,Biomass 62,0.053360000000000005
2030,sc01,03-10 03:00:00+01:00,Biomass 32,0.03538
2030,sc01,03-10 03:00:00+01:00,CC NG 19,3.92602
2030,sc01,03-10 03:00:00+01:00,CC NG 17,0.0
2030,sc01,03-10 03:00:00+01:00,ST NG 01,0.0
2030,sc01,03-10 03:00:00+01:00,Biomass 45,0.0
2030,sc01,03-10 03:00:00+01:00,Biomass 28,0.04901
2030,sc01,03-10 03:00:00+01:00,CC NG 10,0.0
2030,sc01,03-10 03:00:00+01:00,Biomass 23,0.00812
2030,sc01,03-10 03:00:00+01:00,ST NG 06,0.0
2030,sc01,03-10 03:00:00+01:00,Wind 10,0.079508447632
2030,sc01,03-10 03:00:00+01:00,CT NG 69,0.0
2030,sc01,03-10 03:00:00+01:00,CT NG 68,0.0
2030,sc01,03-13 18:00:00+01:00,CC NG 13,0.0
2030,sc01,03-13 18:00:00+01:00,CT NG 37,0.0
2030,sc01,03-13 18:00:00+01:00,ST Coal 01,0.0
2030,sc01,03-13 18:00:00+01:00,CT NG 09,0.0
2030,sc01,03-13 18:00:00+01:00,CT NG 47,0.0
2030,sc01,03-13 18:00:00+01:00,Solar 69,0.0
2030,sc01,03-13 18:00:00+01:00,Solar 34,0.0
2030,sc01,03-13 18:00:00+01:00,Solar 73,0.0
2030,sc01,03-13 18:00:00+01:00,Biomass 37,0.0
2030,sc01,03-13 18:00:00+01:00,Hydro 20,0.0
2030,sc01,03-13 18:00:00+01:00,Solar 01,0.0
2030,sc01,03-13 18:00:00+01:00,Solar 62,0.0
2030,sc01,03-13 18:00:00+01:00,Solar 02,0.0
2030,sc01,03-13 18:00:00+01:00,CT NG 26,0.0
2030,sc01,03-13 18:00:00+01:00,Biomass 20,0.01715
2030,sc01,03-13 18:00:00+01:00,Wind 16,32.4165964178
2030,sc01,03-13 18:00:00+01:00,CT NG 66,0.0
2030,sc01,03-13 18:00:00+01:00,Solar 39,0.0
2030,sc01,03-13 18:00:00+01:00,Biomass 41,0.0
2030,sc01,03-13 18:00:00+01:00,Solar 72,0.0
2030,sc01,03-13 18:00:00+01:00,ST NG 03,0.0
2030,sc01,03-13 18:00:00+01:00,Hydro 21,0.0
2030,sc01,03-13 18:00:00+01:00,CT NG 03,0.0
2030,sc01,03-13 18:00:00+01:00,CC NG 09,0.0
2030,sc01,03-13 18:00:00+01:00,CT Oil 02,0.0
2030,sc01,03-13 18:00:00+01:00,CT NG 39,0.0
2030,sc01,03-13 18:00:00+01:00,CC NG 08,0.0
2030,sc01,03-13 18:00:00+01:00,Biomass 43,0.0
2030,sc01,03-13 18:00:00+01:00,CT NG 18,0.0
2030,sc01,03-13 18:00:00+01:00,ST NG 07,0.0
2030,sc01,03-13 18:00:00+01:00,Biomass 35,0.0
2030,sc01,03-13 18:00:00+01:00,Solar 32,0.0
2030,sc01,03-13 18:00:00+01:00,Biomass 15,0.01029
2030,sc01,03-13 18:00:00+01:00,CC NG 31,0.0
2030,sc01,03-13 18:00:00+01:00,Solar 16,0.0
2030,sc01,03-13 18:00:00+01:00,Solar 68,0.0
2030,sc01,03-13 18:00:00+01:00,CT NG 21,0.0
2030,sc01,03-13 18:00:00+01:00,Wind 11,0.8494581317600001
2030,sc01,03-13 18:00:00+01:00,CC NG 37,0.0
2030,sc01,03-13 18:00:00+01:00,CT NG 22,0.0
2030,sc01,03-13 18:00:00+01:00,Hydro 16,0.0
2030,sc01,03-13 18:00:00+01:00,Biomass 59,0.20286
2030,sc01,03-13 18:00:00+01:00,CC NG 01,0.0
2030,sc01,03-13 18:00:00+01:00,Biomass 16,0.01029
2030,sc01,03-13 18:00:00+01:00,Solar 03,0.0
2030,sc01,03-13 18:00:00+01:00,Solar 44,0.0
2030,sc01,03-13 18:00:00+01:00,CT NG 08,0.0
2030,sc01,03-13 18:00:00+01:00,Wind 05,0.027833094464
2030,sc01,03-13 18:00:00+01:00,Biomass 26,0.08281
2030,sc01,03-13 18:00:00+01:00,Solar 37,0.0
2030,sc01,03-13 18:00:00+01:00,Biomass 11,0.01764
2030,sc01,03-13 18:00:00+01:00,Solar 59,0.0
2030,sc01,03-13 18:00:00+01:00,CT NG 11,0.0
2030,sc01,03-13 18:00:00+01:00,Biomass 30,0.08281
2030,sc01,03-13 18:00:00+01:00,Hydro 23,0.0
2030,sc01,03-13 18:00:00+01:00,CC NG 24,0.0
2030,sc01,03-13 18:00:00+01:00,Solar 65,0.0
2030,sc01,03-13 18:00:00+01:00,CC NG 18,0.0
2030,sc01,03-13 18:00:00+01:00,CT NG 16,0.0
2030,sc01,03-13 18:00:00+01:00,Solar 51,0.0
2030,sc01,03-13 18:00:00+01:00,Wind 06,3.16589226723
2030,sc01,03-13 18:00:00+01:00,CC NG 26,0.0
2030,sc01,03-13 18:00:00+01:00,CC NG 23,0.0
2030,sc01,03-13 18:00:00+01:00,CT NG 43,0.0
2030,sc01,03-13 18:00:00+01:00,CC NG 11,0.0
2030,sc01,03-13 18:00:00+01:00,CT NG 02,0.0
2030,sc01,03-13 18:00:00+01:00,CT NG 50,0.0
2030,sc01,03-13 18:00:00+01:00,Hydro 27,0.0
2030,sc01,03-13 18:00:00+01:00,CT NG 13,0.18216442562727075
2030,sc01,03-13 18:00:00+01:00,CT NG 25,0.0
2030,sc01,03-13 18:00:00+01:00,CC NG 05,0.0
2030,sc01,03-13 18:00:00+01:00,Solar 04,0.0
2030,sc01,03-13 18:00:00+01:00,Solar 30,0.0
2030,sc01,03-13 18:00:00+01:00,Solar 29,0.0
2030,sc01,03-13 18:00:00+01:00,Solar 53,0.0
2030,sc01,03-13 18:00:00+01:00,Solar 21,0.0
2030,sc01,03-13 18:00:00+01:00,Biomass 58,0.0931
2030,sc01,03-13 18:00:00+01:00,CT NG 74,0.0
2030,sc01,03-13 18:00:00+01:00,Solar 61,0.0
2030,sc01,03-13 18:00:00+01:00,Wind 07,1.60371026067
2030,sc01,03-13 18:00:00+01:00,Biomass 31,0.08281
2030,sc01,03-13 18:00:00+01:00,CT Oil 05,0.0
2030,sc01,03-13 18:00:00+01:00,Biomass 38,0.0
2030,sc01,03-13 18:00:00+01:00,Solar 41,0.0
2030,sc01,03-13 18:00:00+01:00,Biomass 51,0.0
2030,sc01,03-13 18:00:00+01:00,Biomass 55,0.11661999999999999
2030,sc01,03-13 18:00:00+01:00,Wind 15,3.501167270793304
2030,sc01,03-13 18:00:00+01:00,Geo 01,0.0
2030,sc01,03-13 18:00:00+01:00,Biomass 60,0.1323
2030,sc01,03-13 18:00:00+01:00,CT NG 38,0.0
2030,sc01,03-13 18:00:00+01:00,Solar 66,0.0
2030,sc01,03-13 18:00:00+01:00,Solar 49,0.0
2030,sc01,03-13 18:00:00+01:00,CT NG 51,0.0
2030,sc01,03-13 18:00:00+01:00,Biomass 18,0.01029
2030,sc01,03-13 18:00:00+01:00,ICE NG 01,0.0
2030,sc01,03-13 18:00:00+01:00,Solar 15,0.0
2030,sc01,03-13 18:00:00+01:00,ICE NG 05,0.0
2030,sc01,03-13 18:00:00+01:00,CT Oil 04,0.0
2030,sc01,03-13 18:00:00+01:00,CC NG 20,0.0
2030,sc01,03-13 18:00:00+01:00,Solar 20,0.0
2030,sc01,03-13 18:00:00+01:00,Biomass 04,0.0
2030,sc01,03-13 18:00:00+01:00,Wind 02,3.59333174018
2030,sc01,03-13 18:00:00+01:00,Hydro 25,0.0
2030,sc01,03-13 18:00:00+01:00,Solar 75,0.0
2030,sc01,03-13 18:00:00+01:00,Hydro 33,0.0
2030,sc01,03-13 18:00:00+01:00,ST NG 05,0.0
2030,sc01,03-13 18:00:00+01:00,CT NG 07,0.0
2030,sc01,03-13 18:00:00+01:00,Wind 01,1.45010309038
2030,sc01,03-13 18:00:00+01:00,Solar 56,0.0
2030,sc01,03-13 18:00:00+01:00,Biomass 09,0.04018
2030,sc01,03-13 18:00:00+01:00,Biomass 53,0.11661999999999999
2030,sc01,03-13 18:00:00+01:00,Wind 17,0.0
2030,sc01,03-13 18:00:00+01:00,ST NG 08,0.0
2030,sc01,03-13 18:00:00+01:00,Hydro 19,0.0
2030,sc01,03-13 18:00:00+01:00,ST NG 02,0.0
2030,sc01,03-13 18:00:00+01:00,Biomass 01,0.049
2030,sc01,03-13 18:00:00+01:00,Biomass 57,0.0931
2030,sc01,03-13 18:00:00+01:00,CT NG 49,0.0
2030,sc01,03-13 18:00:00+01:00,CT NG 31,0.0
2030,sc01,03-13 18:00:00+01:00,Solar 64,0.0
2030,sc01,03-13 18:00:00+01:00,CC NG 33,0.0
2030,sc01,03-13 18:00:00+01:00,Solar 46,0.0
2030,sc01,03-13 18:00:00+01:00,Biomass 12,0.01764
2030,sc01,03-13 18:00:00+01:00,Wind 04,1.37716421878
2030,sc01,03-13 18:00:00+01:00,Solar 13,0.0
2030,sc01,03-13 18:00:00+01:00,CT NG 55,0.0
2030,sc01,03-13 18:00:00+01:00,Wind N03,158.00998820637128
2030,sc01,03-13 18:00:00+01:00,CT NG 28,0.0
2030,sc01,03-13 18:00:00+01:00,Wind 09,0.44578601032
2030,sc01,03-13 18:00:00+01:00,Solar 60,0.0
2030,sc01,03-13 18:00:00+01:00,Solar 25,0.0
2030,sc01,03-13 18:00:00+01:00,CT NG 23,0.0
2030,sc01,03-13 18:00:00+01:00,ST Other 01,0.0
2030,sc01,03-13 18:00:00+01:00,Solar 70,0.0
2030,sc01,03-13 18:00:00+01:00,CC NG 34,0.0
2030,sc01,03-13 18:00:00+01:00,Solar 48,0.0
2030,sc01,03-13 18:00:00+01:00,Biomass 56,0.11809000000000001
2030,sc01,03-13 18:00:00+01:00,CT NG 36,0.0
2030,sc01,03-13 18:00:00+01:00,Solar 47,0.0
2030,sc01,03-13 18:00:00+01:00,Hydro 17,0.013342455000000001
2030,sc01,03-13 18:00:00+01:00,Solar 09,0.0
2030,sc01,03-13 18:00:00+01:00,Solar 08,0.0
2030,sc01,03-13 18:00:00+01:00,CT NG 45,0.0
2030,sc01,03-13 18:00:00+01:00,ST NG 04,2.975378
2030,sc01,03-13 18:00:00+01:00,Solar 40,0.0
2030,sc01,03-13 18:00:00+01:00,Biomass 47,0.0
2030,sc01,03-13 18:00:00+01:00,Solar 50,0.0
2030,sc01,03-13 18:00:00+01:00,Solar 52,0.0
2030,sc01,03-13 18:00:00+01:00,Solar 63,0.0
2030,sc01,03-13 18:00:00+01:00,CC NG 06,0.0
2030,sc01,03-13 18:00:00+01:00,Biomass 39,0.0
2030,sc01,03-13 18:00:00+01:00,Solar 67,0.0
2030,sc01,03-13 18:00:00+01:00,Solar 19,0.0
2030,sc01,03-13 18:00:00+01:00,Wind 12,19.6254736594
2030,sc01,03-13 18:00:00+01:00,Solar 24,0.0
2030,sc01,03-13 18:00:00+01:00,ICE NG 02,0.0
2030,sc01,03-13 18:00:00+01:00,Solar 05,0.0
2030,sc01,03-13 18:00:00+01:00,CT NG 54,0.0
2030,sc01,03-13 18:00:00+01:00,Wind N01,137.89972243469558
2030,sc01,03-13 18:00:00+01:00,CT NG 27,0.0
2030,sc01,03-13 18:00:00+01:00,CC NG 36,0.0
2030,sc01,03-13 18:00:00+01:00,Wind N02,122.10888218003555
2030,sc01,03-13 18:00:00+01:00,CT NG 52,0.0
2030,sc01,03-13 18:00:00+01:00,Solar 35,0.0
2030,sc01,03-13 18:00:00+01:00,CT NG 05,0.0
2030,sc01,03-13 18:00:00+01:00,Biomass 36,0.0
2030,sc01,03-13 18:00:00+01:00,CT NG 34,0.0
2030,sc01,03-13 18:00:00+01:00,CT Oil 03,0.0
2030,sc01,03-13 18:00:00+01:00,Hydro 35,0.0
2030,sc01,03-13 18:00:00+01:00,Solar 14,0.0
2030,sc01,03-13 18:00:00+01:00,CT NG 75,0.0
2030,sc01,03-13 18:00:00+01:00,ST NG 09,0.0
2030,sc01,03-13 18:00:00+01:00,CT NG 56,0.0
2030,sc01,03-13 18:00:00+01:00,Biomass 22,0.01715
2030,sc01,03-13 18:00:00+01:00,Solar 18,0.0
2030,sc01,03-13 18:00:00+01:00,Biomass 13,0.01764
2030,sc01,03-13 18:00:00+01:00,CT NG 71,0.0
2030,sc01,03-13 18:00:00+01:00,Solar 58,0.0
2030,sc01,03-13 18:00:00+01:00,Solar 06,0.0
2030,sc01,03-13 18:00:00+01:00,Biomass 08,0.04018
2030,sc01,03-13 18:00:00+01:00,CT NG 72,0.0
2030,sc01,03-13 18:00:00+01:00,Hydro 18,0.045957345000000004
2030,sc01,03-13 18:00:00+01:00,Solar 10,0.0
2030,sc01,03-13 18:00:00+01:00,CT NG 04,0.0
2030,sc01,03-13 18:00:00+01:00,ST Other 02,0.0
2030,sc01,03-13 18:00:00+01:00,CT NG 12,0.0
2030,sc01,03-13 18:00:00+01:00,CT NG 48,0.0
2030,sc01,03-13 18:00:00+01:00,ST NG 10,0.0
2030,sc01,03-13 18:00:00+01:00,Solar 22,0.0
2030,sc01,03-13 18:00:00+01:00,Solar 28,0.0
2030,sc01,03-13 18:00:00+01:00,CT NG 73,0.0
2030,sc01,03-13 18:00:00+01:00,Biomass 52,0.0
2030,sc01,03-13 18:00:00+01:00,CT NG 30,0.0
2030,sc01,03-13 18:00:00+01:00,Solar 54,0.0
2030,sc01,03-13 18:00:00+01:00,Solar 31,0.0
2030,sc01,03-13 18:00:00+01:00,Biomass 03,0.0
2030,sc01,03-13 18:00:00+01:00,CT NG 32,0.0
2030,sc01,03-13 18:00:00+01:00,Biomass 27,0.08281
2030,sc01,03-13 18:00:00+01:00,CC NG 14,0.0
2030,sc01,03-13 18:00:00+01:00,CC NG 03,0.0
2030,sc01,03-13 18:00:00+01:00,CC NG 29,0.0
2030,sc01,03-13 18:00:00+01:00,CC NG 28,0.0
2030,sc01,03-13 18:00:00+01:00,CC NG 25,0.0
2030,sc01,03-13 18:00:00+01:00,CT NG 44,0.0
2030,sc01,03-13 18:00:00+01:00,CT NG 14,0.0
2030,sc01,03-13 18:00:00+01:00,CC NG 15,0.0
2030,sc01,03-13 18:00:00+01:00,CC NG 04,0.0
2030,sc01,03-13 18:00:00+01:00,Biomass 29,0.08281
2030,sc01,03-13 18:00:00+01:00,Wind 14,50.56989663169574
2030,sc01,03-13 18:00:00+01:00,Wind 08,0.46967204502400006
2030,sc01,03-13 18:00:00+01:00,Biomass 61,0.0
2030,sc01,03-13 18:00:00+01:00,CT NG 35,0.0
2030,sc01,03-13 18:00:00+01:00,Solar 33,0.0
2030,sc01,03-13 18:00:00+01:00,CT NG 41,0.0
2030,sc01,03-13 18:00:00+01:00,CT NG 15,0.0
2030,sc01,03-13 18:00:00+01:00,Solar 42,0.0
2030,sc01,03-13 18:00:00+01:00,Solar 07,0.0
2030,sc01,03-13 18:00:00+01:00,Solar 43,0.0
2030,sc01,03-13 18:00:00+01:00,Biomass 05,0.02107
2030,sc01,03-13 18:00:00+01:00,CT NG 29,0.0
2030,sc01,03-13 18:00:00+01:00,Solar 71,0.0
2030,sc01,03-13 18:00:00+01:00,CT NG 53,0.0
2030,sc01,03-13 18:00:00+01:00,CT NG 20,0.0
2030,sc01,03-13 18:00:00+01:00,Biomass 14,0.0392
2030,sc01,03-13 18:00:00+01:00,Solar 26,0.0
2030,sc01,03-13 18:00:00+01:00,Hydro 29,0.0
2030,sc01,03-13 18:00:00+01:00,Hydro 31,0.0
2030,sc01,03-13 18:00:00+01:00,Biomass 24,0.022050000000000004
2030,sc01,03-13 18:00:00+01:00,Biomass 54,0.11661999999999999
2030,sc01,03-13 18:00:00+01:00,Solar 36,0.0
2030,sc01,03-13 18:00:00+01:00,Wind 03,2.6785349273900003
2030,sc01,03-13 18:00:00+01:00,Biomass 40,0.0
2030,sc01,03-13 18:00:00+01:00,Biomass 49,0.0
2030,sc01,03-13 18:00:00+01:00,CC NG 16,0.0
2030,sc01,03-13 18:00:00+01:00,Biomass 48,0.0
2030,sc01,03-13 18:00:00+01:00,Hydro 28,0.0
2030,sc01,03-13 18:00:00+01:00,Biomass 17,0.01029
2030,sc01,03-13 18:00:00+01:00,CT NG 33,0.0
2030,sc01,03-13 18:00:00+01:00,Solar 45,0.0
2030,sc01,03-13 18:00:00+01:00,Hydro 24,0.0
2030,sc01,03-13 18:00:00+01:00,Wind 13,9.827834793000001
2030,sc01,03-13 18:00:00+01:00,Biomass 07,0.098
2030,sc01,03-13 18:00:00+01:00,Biomass 34,0.0
2030,sc01,03-13 18:00:00+01:00,Biomass 33,0.0
2030,sc01,03-13 18:00:00+01:00,CT NG 01,1.2060174000000001
2030,sc01,03-13 18:00:00+01:00,ICE NG 03,0.0
2030,sc01,03-13 18:00:00+01:00,Solar 55,0.0
2030,sc01,03-13 18:00:00+01:00,Solar 11,0.0
2030,sc01,03-13 18:00:00+01:00,CT NG 06,0.0
2030,sc01,03-13 18:00:00+01:00,CT NG 70,0.0
2030,sc01,03-13 18:00:00+01:00,Solar 23,0.0
2030,sc01,03-13 18:00:00+01:00,CT NG 67,0.0
2030,sc01,03-13 18:00:00+01:00,Solar 12,0.0
2030,sc01,03-13 18:00:00+01:00,CT Oil 01,0.0
2030,sc01,03-13 18:00:00+01:00,Hydro 26,0.0
2030,sc01,03-13 18:00:00+01:00,CC NG 22,0.0
2030,sc01,03-13 18:00:00+01:00,CC NG 35,0.0
2030,sc01,03-13 18:00:00+01:00,Biomass 50,0.0
2030,sc01,03-13 18:00:00+01:00,ICE NG 04,0.0
2030,sc01,03-13 18:00:00+01:00,CC NG 39,0.0
2030,sc01,03-13 18:00:00+01:00,Hydro 32,0.0
2030,sc01,03-13 18:00:00+01:00,ICE NG 07,0.0
2030,sc01,03-13 18:00:00+01:00,Biomass 46,0.0
2030,sc01,03-13 18:00:00+01:00,CC NG 38,0.0
2030,sc01,03-13 18:00:00+01:00,CC NG 12,0.0
2030,sc01,03-13 18:00:00+01:00,Solar 57,0.0
2030,sc01,03-13 18:00:00+01:00,CC NG 32,0.0
2030,sc01,03-13 18:00:00+01:00,CC NG 07,0.0
2030,sc01,03-13 18:00:00+01:00,Biomass 44,0.0
2030,sc01,03-13 18:00:00+01:00,CT NG 40,0.0
2030,sc01,03-13 18:00:00+01:00,Solar 74,0.0
2030,sc01,03-13 18:00:00+01:00,Hydro 30,0.0
2030,sc01,03-13 18:00:00+01:00,CT NG 42,0.0
2030,sc01,03-13 18:00:00+01:00,Hydro 22,0.0
2030,sc01,03-13 18:00:00+01:00,Solar 17,0.0
2030,sc01,03-13 18:00:00+01:00,Solar 38,0.0
2030,sc01,03-13 18:00:00+01:00,CT NG 24,0.0
2030,sc01,03-13 18:00:00+01:00,CC NG 27,0.0
2030,sc01,03-13 18:00:00+01:00,Biomass 21,0.01715
2030,sc01,03-13 18:00:00+01:00,ICE NG 06,0.0
2030,sc01,03-13 18:00:00+01:00,Biomass 25,0.022050000000000004
2030,sc01,03-13 18:00:00+01:00,Solar 27,0.0
2030,sc01,03-13 18:00:00+01:00,CT NG 19,0.16271570680460792
2030,sc01,03-13 18:00:00+01:00,Biomass 42,0.0
2030,sc01,03-13 18:00:00+01:00,Biomass 19,0.01715
2030,sc01,03-13 18:00:00+01:00,Biomass 06,0.02107
2030,sc01,03-13 18:00:00+01:00,CT NG 10,0.0
2030,sc01,03-13 18:00:00+01:00,CC NG 40,0.0
2030,sc01,03-13 18:00:00+01:00,CC NG 21,0.0
2030,sc01,03-13 18:00:00+01:00,Biomass 02,0.049
2030,sc01,03-13 18:00:00+01:00,CT NG 46,0.0
2030,sc01,03-13 18:00:00+01:00,Hydro 34,0.0
2030,sc01,03-13 18:00:00+01:00,Biomass 10,0.04018
2030,sc01,03-13 18:00:00+01:00,CT NG 17,0.0
2030,sc01,03-13 18:00:00+01:00,Biomass 62,0.09016
2030,sc01,03-13 18:00:00+01:00,Biomass 32,0.0588
2030,sc01,03-13 18:00:00+01:00,CC NG 19,0.0
2030,sc01,03-13 18:00:00+01:00,CC NG 17,0.0
2030,sc01,03-13 18:00:00+01:00,ST NG 01,0.0
2030,sc01,03-13 18:00:00+01:00,Biomass 45,0.0
2030,sc01,03-13 18:00:00+01:00,Biomass 28,0.08281
2030,sc01,03-13 18:00:00+01:00,CC NG 10,0.0
2030,sc01,03-13 18:00:00+01:00,Biomass 23,0.022050000000000004
2030,sc01,03-13 18:00:00+01:00,ST NG 06,0.0
2030,sc01,03-13 18:00:00+01:00,Wind 10,0.485234880536
2030,sc01,03-13 18:00:00+01:00,CT NG 69,0.0
2030,sc01,03-13 18:00:00+01:00,CT NG 68,0.0
2030,sc01,03-14 23:00:00+01:00,CC NG 13,0.0
2030,sc01,03-14 23:00:00+01:00,CT NG 37,0.0
2030,sc01,03-14 23:00:00+01:00,ST Coal 01,0.0
2030,sc01,03-14 23:00:00+01:00,CT NG 09,0.0
2030,sc01,03-14 23:00:00+01:00,CT NG 47,0.0
2030,sc01,03-14 23:00:00+01:00,Solar 69,0.0
2030,sc01,03-14 23:00:00+01:00,Solar 34,0.0
2030,sc01,03-14 23:00:00+01:00,Solar 73,0.0
2030,sc01,03-14 23:00:00+01:00,Biomass 37,0.0
2030,sc01,03-14 23:00:00+01:00,Hydro 20,0.0
2030,sc01,03-14 23:00:00+01:00,Solar 01,0.0
2030,sc01,03-14 23:00:00+01:00,Solar 62,0.0
2030,sc01,03-14 23:00:00+01:00,Solar 02,0.0
2030,sc01,03-14 23:00:00+01:00,CT NG 26,0.0
2030,sc01,03-14 23:00:00+01:00,Biomass 20,0.01785
2030,sc01,03-14 23:00:00+01:00,Wind 16,26.513312579422205
2030,sc01,03-14 23:00:00+01:00,CT NG 66,0.0
2030,sc01,03-14 23:00:00+01:00,Solar 39,0.0
2030,sc01,03-14 23:00:00+01:00,Biomass 41,0.0
2030,sc01,03-14 23:00:00+01:00,Solar 72,0.0
2030,sc01,03-14 23:00:00+01:00,ST NG 03,0.0
2030,sc01,03-14 23:00:00+01:00,Hydro 21,1.01875662
2030,sc01,03-14 23:00:00+01:00,CT NG 03,0.0
2030,sc01,03-14 23:00:00+01:00,CC NG 09,0.0
2030,sc01,03-14 23:00:00+01:00,CT Oil 02,0.0
2030,sc01,03-14 23:00:00+01:00,CT NG 39,0.0
2030,sc01,03-14 23:00:00+01:00,CC NG 08,0.0
2030,sc01,03-14 23:00:00+01:00,Biomass 43,0.0
2030,sc01,03-14 23:00:00+01:00,CT NG 18,0.0
2030,sc01,03-14 23:00:00+01:00,ST NG 07,0.0
2030,sc01,03-14 23:00:00+01:00,Biomass 35,0.0
2030,sc01,03-14 23:00:00+01:00,Solar 32,0.0
2030,sc01,03-14 23:00:00+01:00,Biomass 15,0.01071
2030,sc01,03-14 23:00:00+01:00,CC NG 31,0.0
2030,sc01,03-14 23:00:00+01:00,Solar 16,0.0
2030,sc01,03-14 23:00:00+01:00,Solar 68,0.0
2030,sc01,03-14 23:00:00+01:00,CT NG 21,0.0
2030,sc01,03-14 23:00:00+01:00,Wind 11,0.59150958822
2030,sc01,03-14 23:00:00+01:00,CC NG 37,0.0
2030,sc01,03-14 23:00:00+01:00,CT NG 22,0.0
2030,sc01,03-14 23:00:00+01:00,Hydro 16,0.0
2030,sc01,03-14 23:00:00+01:00,Biomass 59,0.21114000000000002
2030,sc01,03-14 23:00:00+01:00,CC NG 01,0.0
2030,sc01,03-14 23:00:00+01:00,Biomass 16,0.01071
2030,sc01,03-14 23:00:00+01:00,Solar 03,0.0
2030,sc01,03-14 23:00:00+01:00,Solar 44,0.0
2030,sc01,03-14 23:00:00+01:00,CT NG 08,0.0
2030,sc01,03-14 23:00:00+01:00,Wind 05,0.014013232056
2030,sc01,03-14 23:00:00+01:00,Biomass 26,0.08618999999999999
2030,sc01,03-14 23:00:00+01:00,Solar 37,0.0
2030,sc01,03-14 23:00:00+01:00,Biomass 11,0.018359999999999998
2030,sc01,03-14 23:00:00+01:00,Solar 59,0.0
2030,sc01,03-14 23:00:00+01:00,CT NG 11,0.0
2030,sc01,03-14 23:00:00+01:00,Biomass 30,0.08618999999999999
2030,sc01,03-14 23:00:00+01:00,Hydro 23,0.0
2030,sc01,03-14 23:00:00+01:00,CC NG 24,0.0
2030,sc01,03-14 23:00:00+01:00,Solar 65,0.0
2030,sc01,03-14 23:00:00+01:00,CC NG 18,0.0
2030,sc01,03-14 23:00:00+01:00,CT NG 16,0.0
2030,sc01,03-14 23:00:00+01:00,Solar 51,0.0
2030,sc01,03-14 23:00:00+01:00,Wind 06,1.71845223996
2030,sc01,03-14 23:00:00+01:00,CC NG 26,0.0
2030,sc01,03-14 23:00:00+01:00,CC NG 23,0.0
2030,sc01,03-14 23:00:00+01:00,CT NG 43,0.0
2030,sc01,03-14 23:00:00+01:00,CC NG 11,0.0
2030,sc01,03-14 23:00:00+01:00,CT NG 02,0.0
2030,sc01,03-14 23:00:00+01:00,CT NG 50,0.0
2030,sc01,03-14 23:00:00+01:00,Hydro 27,0.0
2030,sc01,03-14 23:00:00+01:00,CT NG 13,0.0
2030,sc01,03-14 23:00:00+01:00,CT NG 25,0.0
2030,sc01,03-14 23:00:00+01:00,CC NG 05,0.0
2030,sc01,03-14 23:00:00+01:00,Solar 04,0.0
2030,sc01,03-14 23:00:00+01:00,Solar 30,0.0
2030,sc01,03-14 23:00:00+01:00,Solar 29,0.0
2030,sc01,03-14 23:00:00+01:00,Solar 53,0.0
2030,sc01,03-14 23:00:00+01:00,Solar 21,0.0
2030,sc01,03-14 23:00:00+01:00,Biomass 58,0.0969
2030,sc01,03-14 23:00:00+01:00,CT NG 74,0.0
2030,sc01,03-14 23:00:00+01:00,Solar 61,0.0
2030,sc01,03-14 23:00:00+01:00,Wind 07,0.87590284713
2030,sc01,03-14 23:00:00+01:00,Biomass 31,0.08618999999999999
2030,sc01,03-14 23:00:00+01:00,CT Oil 05,0.0
2030,sc01,03-14 23:00:00+01:00,Biomass 38,0.0
2030,sc01,03-14 23:00:00+01:00,Solar 41,0.0
2030,sc01,03-14 23:00:00+01:00,Biomass 51,0.0
2030,sc01,03-14 23:00:00+01:00,Biomass 55,0.12137999999999999
2030,sc01,03-14 23:00:00+01:00,Wind 15,0.0
2030,sc01,03-14 23:00:00+01:00,Geo 01,0.0
2030,sc01,03-14 23:00:00+01:00,Biomass 60,0.13770000000000002
2030,sc01,03-14 23:00:00+01:00,CT NG 38,0.0
2030,sc01,03-14 23:00:00+01:00,Solar 66,0.0
2030,sc01,03-14 23:00:00+01:00,Solar 49,0.0
2030,sc01,03-14 23:00:00+01:00,CT NG 51,0.0
2030,sc01,03-14 23:00:00+01:00,Biomass 18,0.01071
2030,sc01,03-14 23:00:00+01:00,ICE NG 01,0.0
2030,sc01,03-14 23:00:00+01:00,Solar 15,0.0
2030,sc01,03-14 23:00:00+01:00,ICE NG 05,0.0
2030,sc01,03-14 23:00:00+01:00,CT Oil 04,0.0
2030,sc01,03-14 23:00:00+01:00,CC NG 20,0.0
2030,sc01,03-14 23:00:00+01:00,Solar 20,0.0
2030,sc01,03-14 23:00:00+01:00,Biomass 04,0.0
2030,sc01,03-14 23:00:00+01:00,Wind 02,2.16628607046
2030,sc01,03-14 23:00:00+01:00,Hydro 25,0.0
2030,sc01,03-14 23:00:00+01:00,Solar 75,0.0
2030,sc01,03-14 23:00:00+01:00,Hydro 33,0.0
2030,sc01,03-14 23:00:00+01:00,ST NG 05,0.0
2030,sc01,03-14 23:00:00+01:00,CT NG 07,0.0
2030,sc01,03-14 23:00:00+01:00,Wind 01,0.8544342068999999
2030,sc01,03-14 23:00:00+01:00,Solar 56,0.0
2030,sc01,03-14 23:00:00+01:00,Biomass 09,0.041819999999999996
2030,sc01,03-14 23:00:00+01:00,Biomass 53,0.12137999999999999
2030,sc01,03-14 23:00:00+01:00,Wind 17,0.0
2030,sc01,03-14 23:00:00+01:00,ST NG 08,0.0
2030,sc01,03-14 23:00:00+01:00,Hydro 19,0.0
2030,sc01,03-14 23:00:00+01:00,ST NG 02,0.0
2030,sc01,03-14 23:00:00+01:00,Biomass 01,0.051000000000000004
2030,sc01,03-14 23:00:00+01:00,Biomass 57,0.0969
2030,sc01,03-14 23:00:00+01:00,CT NG 49,0.0
2030,sc01,03-14 23:00:00+01:00,CT NG 31,0.0
2030,sc01,03-14 23:00:00+01:00,Solar 64,0.0
2030,sc01,03-14 23:00:00+01:00,CC NG 33,0.0
2030,sc01,03-14 23:00:00+01:00,Solar 46,0.0
2030,sc01,03-14 23:00:00+01:00,Biomass 12,0.018359999999999998
2030,sc01,03-14 23:00:00+01:00,Wind 04,0.78540743886
2030,sc01,03-14 23:00:00+01:00,Solar 13,0.0
2030,sc01,03-14 23:00:00+01:00,CT NG 55,0.0
2030,sc01,03-14 23:00:00+01:00,Wind N03,120.19288037554067
2030,sc01,03-14 23:00:00+01:00,CT NG 28,0.0
2030,sc01,03-14 23:00:00+01:00,Wind 09,0.243850182528
2030,sc01,03-14 23:00:00+01:00,Solar 60,0.0
2030,sc01,03-14 23:00:00+01:00,Solar 25,0.0
2030,sc01,03-14 23:00:00+01:00,CT NG 23,0.0
2030,sc01,03-14 23:00:00+01:00,ST Other 01,0.0
2030,sc01,03-14 23:00:00+01:00,Solar 70,0.0
2030,sc01,03-14 23:00:00+01:00,CC NG 34,0.0
2030,sc01,03-14 23:00:00+01:00,Solar 48,0.0
2030,sc01,03-14 23:00:00+01:00,Biomass 56,0.12291000000000002
2030,sc01,03-14 23:00:00+01:00,CT NG 36,0.0
2030,sc01,03-14 23:00:00+01:00,Solar 47,0.0
2030,sc01,03-14 23:00:00+01:00,Hydro 17,0.01370115
2030,sc01,03-14 23:00:00+01:00,Solar 09,0.0
2030,sc01,03-14 23:00:00+01:00,Solar 08,0.0
2030,sc01,03-14 23:00:00+01:00,CT NG 45,0.0
2030,sc01,03-14 23:00:00+01:00,ST NG 04,0.0
2030,sc01,03-14 23:00:00+01:00,Solar 40,0.0
2030,sc01,03-14 23:00:00+01:00,Biomass 47,0.0
2030,sc01,03-14 23:00:00+01:00,Solar 50,0.0
2030,sc01,03-14 23:00:00+01:00,Solar 52,0.0
2030,sc01,03-14 23:00:00+01:00,Solar 63,0.0
2030,sc01,03-14 23:00:00+01:00,CC NG 06,0.0
2030,sc01,03-14 23:00:00+01:00,Biomass 39,0.0
2030,sc01,03-14 23:00:00+01:00,Solar 67,0.0
2030,sc01,03-14 23:00:00+01:00,Solar 19,0.0
2030,sc01,03-14 23:00:00+01:00,Wind 12,9.3498712998
2030,sc01,03-14 23:00:00+01:00,Solar 24,0.0
2030,sc01,03-14 23:00:00+01:00,ICE NG 02,0.0
2030,sc01,03-14 23:00:00+01:00,Solar 05,0.0
2030,sc01,03-14 23:00:00+01:00,CT NG 54,0.0
2030,sc01,03-14 23:00:00+01:00,Wind N01,88.70390719800001
2030,sc01,03-14 23:00:00+01:00,CT NG 27,0.0
2030,sc01,03-14 23:00:00+01:00,CC NG 36,0.0
2030,sc01,03-14 23:00:00+01:00,Wind N02,139.50313021164146
2030,sc01,03-14 23:00:00+01:00,CT NG 52,0.0
2030,sc01,03-14 23:00:00+01:00,Solar 35,0.0
2030,sc01,03-14 23:00:00+01:00,CT NG 05,0.0
2030,sc01,03-14 23:00:00+01:00,Biomass 36,0.0
2030,sc01,03-14 23:00:00+01:00,CT NG 34,0.0
2030,sc01,03-14 23:00:00+01:00,CT Oil 03,0.0
2030,sc01,03-14 23:00:00+01:00,Hydro 35,0.0
2030,sc01,03-14 23:00:00+01:00,Solar 14,0.0
2030,sc01,03-14 23:00:00+01:00,CT NG 75,0.0
2030,sc01,03-14 23:00:00+01:00,ST NG 09,0.0
2030,sc01,03-14 23:00:00+01:00,CT NG 56,0.0
2030,sc01,03-14 23:00:00+01:00,Biomass 22,0.01785
2030,sc01,03-14 23:00:00+01:00,Solar 18,0.0
2030,sc01,03-14 23:00:00+01:00,Biomass 13,0.018359999999999998
2030,sc01,03-14 23:00:00+01:00,CT NG 71,0.0
2030,sc01,03-14 23:00:00+01:00,Solar 58,0.0
2030,sc01,03-14 23:00:00+01:00,Solar 06,0.0
2030,sc01,03-14 23:00:00+01:00,Biomass 08,0.041819999999999996
2030,sc01,03-14 23:00:00+01:00,CT NG 72,0.0
2030,sc01,03-14 23:00:00+01:00,Hydro 18,0.04719285
2030,sc01,03-14 23:00:00+01:00,Solar 10,0.0
2030,sc01,03-14 23:00:00+01:00,CT NG 04,0.0
2030,sc01,03-14 23:00:00+01:00,ST Other 02,0.0
2030,sc01,03-14 23:00:00+01:00,CT NG 12,0.0
2030,sc01,03-14 23:00:00+01:00,CT NG 48,0.0
2030,sc01,03-14 23:00:00+01:00,ST NG 10,0.0
2030,sc01,03-14 23:00:00+01:00,Solar 22,0.0
2030,sc01,03-14 23:00:00+01:00,Solar 28,0.0
2030,sc01,03-14 23:00:00+01:00,CT NG 73,0.0
2030,sc01,03-14 23:00:00+01:00,Biomass 52,0.0
2030,sc01,03-14 23:00:00+01:00,CT NG 30,0.0
2030,sc01,03-14 23:00:00+01:00,Solar 54,0.0
2030,sc01,03-14 23:00:00+01:00,Solar 31,0.0
2030,sc01,03-14 23:00:00+01:00,Biomass 03,0.0
2030,sc01,03-14 23:00:00+01:00,CT NG 32,0.0
2030,sc01,03-14 23:00:00+01:00,Biomass 27,0.08618999999999999
2030,sc01,03-14 23:00:00+01:00,CC NG 14,0.0
2030,sc01,03-14 23:00:00+01:00,CC NG 03,0.0
2030,sc01,03-14 23:00:00+01:00,CC NG 29,0.0
2030,sc01,03-14 23:00:00+01:00,CC NG 28,0.0
2030,sc01,03-14 23:00:00+01:00,CC NG 25,0.0
2030,sc01,03-14 23:00:00+01:00,CT NG 44,0.0
2030,sc01,03-14 23:00:00+01:00,CT NG 14,0.0
2030,sc01,03-14 23:00:00+01:00,CC NG 15,0.0
2030,sc01,03-14 23:00:00+01:00,CC NG 04,0.0
2030,sc01,03-14 23:00:00+01:00,Biomass 29,0.08618999999999999
2030,sc01,03-14 23:00:00+01:00,Wind 14,7.0710192293638565
2030,sc01,03-14 23:00:00+01:00,Wind 08,0.21466981118400003
2030,sc01,03-14 23:00:00+01:00,Biomass 61,0.0
2030,sc01,03-14 23:00:00+01:00,CT NG 35,0.0
2030,sc01,03-14 23:00:00+01:00,Solar 33,0.0
2030,sc01,03-14 23:00:00+01:00,CT NG 41,0.0
2030,sc01,03-14 23:00:00+01:00,CT NG 15,0.0
2030,sc01,03-14 23:00:00+01:00,Solar 42,0.0
2030,sc01,03-14 23:00:00+01:00,Solar 07,0.0
2030,sc01,03-14 23:00:00+01:00,Solar 43,0.0
2030,sc01,03-14 23:00:00+01:00,Biomass 05,0.021929999999999998
2030,sc01,03-14 23:00:00+01:00,CT NG 29,0.0
2030,sc01,03-14 23:00:00+01:00,Solar 71,0.0
2030,sc01,03-14 23:00:00+01:00,CT NG 53,0.0
2030,sc01,03-14 23:00:00+01:00,CT NG 20,0.0
2030,sc01,03-14 23:00:00+01:00,Biomass 14,0.0408
2030,sc01,03-14 23:00:00+01:00,Solar 26,0.0
2030,sc01,03-14 23:00:00+01:00,Hydro 29,12.778838688317686
2030,sc01,03-14 23:00:00+01:00,Hydro 31,0.0
2030,sc01,03-14 23:00:00+01:00,Biomass 24,0.02295
2030,sc01,03-14 23:00:00+01:00,Biomass 54,0.12137999999999999
2030,sc01,03-14 23:00:00+01:00,Solar 36,0.0
2030,sc01,03-14 23:00:00+01:00,Wind 03,1.7411916665700002
2030,sc01,03-14 23:00:00+01:00,Biomass 40,0.0
2030,sc01,03-14 23:00:00+01:00,Biomass 49,0.0
2030,sc01,03-14 23:00:00+01:00,CC NG 16,0.0
2030,sc01,03-14 23:00:00+01:00,Biomass 48,0.0
2030,sc01,03-14 23:00:00+01:00,Hydro 28,0.0
2030,sc01,03-14 23:00:00+01:00,Biomass 17,0.01071
2030,sc01,03-14 23:00:00+01:00,CT NG 33,0.0
2030,sc01,03-14 23:00:00+01:00,Solar 45,0.0
2030,sc01,03-14 23:00:00+01:00,Hydro 24,0.0
2030,sc01,03-14 23:00:00+01:00,Wind 13,5.6979927378
2030,sc01,03-14 23:00:00+01:00,Biomass 07,0.10200000000000001
2030,sc01,03-14 23:00:00+01:00,Biomass 34,0.0
2030,sc01,03-14 23:00:00+01:00,Biomass 33,0.0
2030,sc01,03-14 23:00:00+01:00,CT NG 01,0.0
2030,sc01,03-14 23:00:00+01:00,ICE NG 03,0.0
2030,sc01,03-14 23:00:00+01:00,Solar 55,0.0
2030,sc01,03-14 23:00:00+01:00,Solar 11,0.0
2030,sc01,03-14 23:00:00+01:00,CT NG 06,0.0
2030,sc01,03-14 23:00:00+01:00,CT NG 70,0.0
2030,sc01,03-14 23:00:00+01:00,Solar 23,0.0
2030,sc01,03-14 23:00:00+01:00,CT NG 67,0.0
2030,sc01,03-14 23:00:00+01:00,Solar 12,0.0
2030,sc01,03-14 23:00:00+01:00,CT Oil 01,0.0
2030,sc01,03-14 23:00:00+01:00,Hydro 26,0.0
2030,sc01,03-14 23:00:00+01:00,CC NG 22,0.0
2030,sc01,03-14 23:00:00+01:00,CC NG 35,0.0
2030,sc01,03-14 23:00:00+01:00,Biomass 50,0.0
2030,sc01,03-14 23:00:00+01:00,ICE NG 04,0.0
2030,sc01,03-14 23:00:00+01:00,CC NG 39,0.0
2030,sc01,03-14 23:00:00+01:00,Hydro 32,0.0
2030,sc01,03-14 23:00:00+01:00,ICE NG 07,0.0
2030,sc01,03-14 23:00:00+01:00,Biomass 46,0.0
2030,sc01,03-14 23:00:00+01:00,CC NG 38,0.0
2030,sc01,03-14 23:00:00+01:00,CC NG 12,0.0
2030,sc01,03-14 23:00:00+01:00,Solar 57,0.0
2030,sc01,03-14 23:00:00+01:00,CC NG 32,0.0
2030,sc01,03-14 23:00:00+01:00,CC NG 07,0.0
2030,sc01,03-14 23:00:00+01:00,Biomass 44,0.0
2030,sc01,03-14 23:00:00+01:00,CT NG 40,0.0
2030,sc01,03-14 23:00:00+01:00,Solar 74,0.0
2030,sc01,03-14 23:00:00+01:00,Hydro 30,0.0
2030,sc01,03-14 23:00:00+01:00,CT NG 42,0.0
2030,sc01,03-14 23:00:00+01:00,Hydro 22,1.01875662
2030,sc01,03-14 23:00:00+01:00,Solar 17,0.0
2030,sc01,03-14 23:00:00+01:00,Solar 38,0.0
2030,sc01,03-14 23:00:00+01:00,CT NG 24,0.0
2030,sc01,03-14 23:00:00+01:00,CC NG 27,0.0
2030,sc01,03-14 23:00:00+01:00,Biomass 21,0.01785
2030,sc01,03-14 23:00:00+01:00,ICE NG 06,0.0
2030,sc01,03-14 23:00:00+01:00,Biomass 25,0.02295
2030,sc01,03-14 23:00:00+01:00,Solar 27,0.0
2030,sc01,03-14 23:00:00+01:00,CT NG 19,0.0
2030,sc01,03-14 23:00:00+01:00,Biomass 42,0.0
2030,sc01,03-14 23:00:00+01:00,Biomass 19,0.01785
2030,sc01,03-14 23:00:00+01:00,Biomass 06,0.021929999999999998
2030,sc01,03-14 23:00:00+01:00,CT NG 10,0.0
2030,sc01,03-14 23:00:00+01:00,CC NG 40,0.0
2030,sc01,03-14 23:00:00+01:00,CC NG 21,0.0
2030,sc01,03-14 23:00:00+01:00,Biomass 02,0.051000000000000004
2030,sc01,03-14 23:00:00+01:00,CT NG 46,0.0
2030,sc01,03-14 23:00:00+01:00,Hydro 34,0.0
2030,sc01,03-14 23:00:00+01:00,Biomass 10,0.041819999999999996
2030,sc01,03-14 23:00:00+01:00,CT NG 17,0.0
2030,sc01,03-14 23:00:00+01:00,Biomass 62,0.09384
2030,sc01,03-14 23:00:00+01:00,Biomass 32,0.0612
2030,sc01,03-14 23:00:00+01:00,CC NG 19,1.4818853014703695
2030,sc01,03-14 23:00:00+01:00,CC NG 17,0.0
2030,sc01,03-14 23:00:00+01:00,ST NG 01,0.0
2030,sc01,03-14 23:00:00+01:00,Biomass 45,0.0
2030,sc01,03-14 23:00:00+01:00,Biomass 28,0.08618999999999999
2030,sc01,03-14 23:00:00+01:00,CC NG 10,0.0
2030,sc01,03-14 23:00:00+01:00,Biomass 23,0.02295
2030,sc01,03-14 23:00:00+01:00,ST NG 06,0.0
2030,sc01,03-14 23:00:00+01:00,Wind 10,0.21105581164800002
2030,sc01,03-14 23:00:00+01:00,CT NG 69,0.0
2030,sc01,03-14 23:00:00+01:00,CT NG 68,0.0
2030,sc01,03-15 07:00:00+01:00,CC NG 13,0.0
2030,sc01,03-15 07:00:00+01:00,CT NG 37,0.0
2030,sc01,03-15 07:00:00+01:00,ST Coal 01,0.0
2030,sc01,03-15 07:00:00+01:00,CT NG 09,0.0
2030,sc01,03-15 07:00:00+01:00,CT NG 47,0.0
2030,sc01,03-15 07:00:00+01:00,Solar 69,0.0
2030,sc01,03-15 07:00:00+01:00,Solar 34,21.450808737979298
2030,sc01,03-15 07:00:00+01:00,Solar 73,0.0
2030,sc01,03-15 07:00:00+01:00,Biomass 37,0.0
2030,sc01,03-15 07:00:00+01:00,Hydro 20,0.0
2030,sc01,03-15 07:00:00+01:00,Solar 01,0.0
2030,sc01,03-15 07:00:00+01:00,Solar 62,7.69147743
2030,sc01,03-15 07:00:00+01:00,Solar 02,0.0
2030,sc01,03-15 07:00:00+01:00,CT NG 26,0.0
2030,sc01,03-15 07:00:00+01:00,Biomass 20,0.0
2030,sc01,03-15 07:00:00+01:00,Wind 16,18.87183949
2030,sc01,03-15 07:00:00+01:00,CT NG 66,0.0
2030,sc01,03-15 07:00:00+01:00,Solar 39,0.0
2030,sc01,03-15 07:00:00+01:00,Biomass 41,0.0
2030,sc01,03-15 07:00:00+01:00,Solar 72,0.0
2030,sc01,03-15 07:00:00+01:00,ST NG 03,0.0
2030,sc01,03-15 07:00:00+01:00,Hydro 21,1.4318490000000001
2030,sc01,03-15 07:00:00+01:00,CT NG 03,0.0
2030,sc01,03-15 07:00:00+01:00,CC NG 09,0.0
2030,sc01,03-15 07:00:00+01:00,CT Oil 02,0.0
2030,sc01,03-15 07:00:00+01:00,CT NG 39,0.0
2030,sc01,03-15 07:00:00+01:00,CC NG 08,0.0
2030,sc01,03-15 07:00:00+01:00,Biomass 43,0.0
2030,sc01,03-15 07:00:00+01:00,CT NG 18,0.0
2030,sc01,03-15 07:00:00+01:00,ST NG 07,0.0
2030,sc01,03-15 07:00:00+01:00,Biomass 35,0.0
2030,sc01,03-15 07:00:00+01:00,Solar 32,0.0
2030,sc01,03-15 07:00:00+01:00,Biomass 15,0.0
2030,sc01,03-15 07:00:00+01:00,CC NG 31,0.0
2030,sc01,03-15 07:00:00+01:00,Solar 16,0.42501853599999995
2030,sc01,03-15 07:00:00+01:00,Solar 68,0.0
2030,sc01,03-15 07:00:00+01:00,CT NG 21,0.0
2030,sc01,03-15 07:00:00+01:00,Wind 11,0.0
2030,sc01,03-15 07:00:00+01:00,CC NG 37,0.0
2030,sc01,03-15 07:00:00+01:00,CT NG 22,0.0
2030,sc01,03-15 07:00:00+01:00,Hydro 16,0.0
2030,sc01,03-15 07:00:00+01:00,Biomass 59,0.0
2030,sc01,03-15 07:00:00+01:00,CC NG 01,0.0
2030,sc01,03-15 07:00:00+01:00,Biomass 16,0.0
2030,sc01,03-15 07:00:00+01:00,Solar 03,0.0
2030,sc01,03-15 07:00:00+01:00,Solar 44,0.0
2030,sc01,03-15 07:00:00+01:00,CT NG 08,0.0
2030,sc01,03-15 07:00:00+01:00,Wind 05,0.0145529036
2030,sc01,03-15 07:00:00+01:00,Biomass 26,0.0
2030,sc01,03-15 07:00:00+01:00,Solar 37,0.0
2030,sc01,03-15 07:00:00+01:00,Biomass 11,0.0
2030,sc01,03-15 07:00:00+01:00,Solar 59,0.0
2030,sc01,03-15 07:00:00+01:00,CT NG 11,0.0
2030,sc01,03-15 07:00:00+01:00,Biomass 30,0.0
2030,sc01,03-15 07:00:00+01:00,Hydro 23,0.0
2030,sc01,03-15 07:00:00+01:00,CC NG 24,0.0
2030,sc01,03-15 07:00:00+01:00,Solar 65,11.34664938
2030,sc01,03-15 07:00:00+01:00,CC NG 18,0.0
2030,sc01,03-15 07:00:00+01:00,CT NG 16,0.0
2030,sc01,03-15 07:00:00+01:00,Solar 51,0.0
2030,sc01,03-15 07:00:00+01:00,Wind 06,0.0
2030,sc01,03-15 07:00:00+01:00,CC NG 26,0.0
2030,sc01,03-15 07:00:00+01:00,CC NG 23,0.0
2030,sc01,03-15 07:00:00+01:00,CT NG 43,0.0
2030,sc01,03-15 07:00:00+01:00,CC NG 11,0.0
2030,sc01,03-15 07:00:00+01:00,CT NG 02,0.0
2030,sc01,03-15 07:00:00+01:00,CT NG 50,0.0
2030,sc01,03-15 07:00:00+01:00,Hydro 27,0.0
2030,sc01,03-15 07:00:00+01:00,CT NG 13,0.0
2030,sc01,03-15 07:00:00+01:00,CT NG 25,0.0
2030,sc01,03-15 07:00:00+01:00,CC NG 05,0.0
2030,sc01,03-15 07:00:00+01:00,Solar 04,0.0
2030,sc01,03-15 07:00:00+01:00,Solar 30,0.40985025799999997
2030,sc01,03-15 07:00:00+01:00,Solar 29,0.0
2030,sc01,03-15 07:00:00+01:00,Solar 53,0.0
2030,sc01,03-15 07:00:00+01:00,Solar 21,1.2307117415000002
2030,sc01,03-15 07:00:00+01:00,Biomass 58,0.0
2030,sc01,03-15 07:00:00+01:00,CT NG 74,0.0
2030,sc01,03-15 07:00:00+01:00,Solar 61,0.0
2030,sc01,03-15 07:00:00+01:00,Wind 07,0.0
2030,sc01,03-15 07:00:00+01:00,Biomass 31,0.0
2030,sc01,03-15 07:00:00+01:00,CT Oil 05,0.0
2030,sc01,03-15 07:00:00+01:00,Biomass 38,0.0
2030,sc01,03-15 07:00:00+01:00,Solar 41,0.0
2030,sc01,03-15 07:00:00+01:00,Biomass 51,0.0
2030,sc01,03-15 07:00:00+01:00,Biomass 55,0.0
2030,sc01,03-15 07:00:00+01:00,Wind 15,7.749140585000001
2030,sc01,03-15 07:00:00+01:00,Geo 01,0.0
2030,sc01,03-15 07:00:00+01:00,Biomass 60,0.0
2030,sc01,03-15 07:00:00+01:00,CT NG 38,0.0
2030,sc01,03-15 07:00:00+01:00,Solar 66,12.629374695000001
2030,sc01,03-15 07:00:00+01:00,Solar 49,0.0
2030,sc01,03-15 07:00:00+01:00,CT NG 51,0.0
2030,sc01,03-15 07:00:00+01:00,Biomass 18,0.0
2030,sc01,03-15 07:00:00+01:00,ICE NG 01,0.0
2030,sc01,03-15 07:00:00+01:00,Solar 15,0.703832891
2030,sc01,03-15 07:00:00+01:00,ICE NG 05,0.0
2030,sc01,03-15 07:00:00+01:00,CT Oil 04,0.0
2030,sc01,03-15 07:00:00+01:00,CC NG 20,0.0
2030,sc01,03-15 07:00:00+01:00,Solar 20,0.3389493744
2030,sc01,03-15 07:00:00+01:00,Biomass 04,0.0
2030,sc01,03-15 07:00:00+01:00,Wind 02,2.100733364
2030,sc01,03-15 07:00:00+01:00,Hydro 25,0.38142000000000004
2030,sc01,03-15 07:00:00+01:00,Solar 75,0.0
2030,sc01,03-15 07:00:00+01:00,Hydro 33,55.06330500000001
2030,sc01,03-15 07:00:00+01:00,ST NG 05,0.0
2030,sc01,03-15 07:00:00+01:00,CT NG 07,0.0
2030,sc01,03-15 07:00:00+01:00,Wind 01,0.7829335425
2030,sc01,03-15 07:00:00+01:00,Solar 56,0.0
2030,sc01,03-15 07:00:00+01:00,Biomass 09,0.0
2030,sc01,03-15 07:00:00+01:00,Biomass 53,0.0
2030,sc01,03-15 07:00:00+01:00,Wind 17,1.7416573035
2030,sc01,03-15 07:00:00+01:00,ST NG 08,0.0
2030,sc01,03-15 07:00:00+01:00,Hydro 19,0.0
2030,sc01,03-15 07:00:00+01:00,ST NG 02,0.0
2030,sc01,03-15 07:00:00+01:00,Biomass 01,0.0
2030,sc01,03-15 07:00:00+01:00,Biomass 57,0.0
2030,sc01,03-15 07:00:00+01:00,CT NG 49,0.0
2030,sc01,03-15 07:00:00+01:00,CT NG 31,0.0
2030,sc01,03-15 07:00:00+01:00,Solar 64,5.956978929999999
2030,sc01,03-15 07:00:00+01:00,CC NG 33,0.0
2030,sc01,03-15 07:00:00+01:00,Solar 46,0.0
2030,sc01,03-15 07:00:00+01:00,Biomass 12,0.0
2030,sc01,03-15 07:00:00+01:00,Wind 04,1.3319406045
2030,sc01,03-15 07:00:00+01:00,Solar 13,0.0176687596
2030,sc01,03-15 07:00:00+01:00,CT NG 55,0.0
2030,sc01,03-15 07:00:00+01:00,Wind N03,0.0
2030,sc01,03-15 07:00:00+01:00,CT NG 28,0.0
2030,sc01,03-15 07:00:00+01:00,Wind 09,0.0
2030,sc01,03-15 07:00:00+01:00,Solar 60,0.0
2030,sc01,03-15 07:00:00+01:00,Solar 25,0.129568114
2030,sc01,03-15 07:00:00+01:00,CT NG 23,0.0
2030,sc01,03-15 07:00:00+01:00,ST Other 01,0.0
2030,sc01,03-15 07:00:00+01:00,Solar 70,0.0
2030,sc01,03-15 07:00:00+01:00,CC NG 34,0.0
2030,sc01,03-15 07:00:00+01:00,Solar 48,0.0
2030,sc01,03-15 07:00:00+01:00,Biomass 56,0.0
2030,sc01,03-15 07:00:00+01:00,CT NG 36,0.0
2030,sc01,03-15 07:00:00+01:00,Solar 47,0.0
2030,sc01,03-15 07:00:00+01:00,Hydro 17,0.0
2030,sc01,03-15 07:00:00+01:00,Solar 09,0.858747517
2030,sc01,03-15 07:00:00+01:00,Solar 08,0.16775484400000001
2030,sc01,03-15 07:00:00+01:00,CT NG 45,0.0
2030,sc01,03-15 07:00:00+01:00,ST NG 04,0.0
2030,sc01,03-15 07:00:00+01:00,Solar 40,0.0
2030,sc01,03-15 07:00:00+01:00,Biomass 47,0.0
2030,sc01,03-15 07:00:00+01:00,Solar 50,0.0
2030,sc01,03-15 07:00:00+01:00,Solar 52,0.0
2030,sc01,03-15 07:00:00+01:00,Solar 63,12.721314155000002
2030,sc01,03-15 07:00:00+01:00,CC NG 06,0.0
2030,sc01,03-15 07:00:00+01:00,Biomass 39,0.0
2030,sc01,03-15 07:00:00+01:00,Solar 67,8.480166805
2030,sc01,03-15 07:00:00+01:00,Solar 19,0.0
2030,sc01,03-15 07:00:00+01:00,Wind 12,15.89876104
2030,sc01,03-15 07:00:00+01:00,Solar 24,0.096638612
2030,sc01,03-15 07:00:00+01:00,ICE NG 02,0.0
2030,sc01,03-15 07:00:00+01:00,Solar 05,0.0
2030,sc01,03-15 07:00:00+01:00,CT NG 54,0.0
2030,sc01,03-15 07:00:00+01:00,Wind N01,150.8343996
2030,sc01,03-15 07:00:00+01:00,CT NG 27,0.0
2030,sc01,03-15 07:00:00+01:00,CC NG 36,0.0
2030,sc01,03-15 07:00:00+01:00,Wind N02,0.0
2030,sc01,03-15 07:00:00+01:00,CT NG 52,0.0
2030,sc01,03-15 07:00:00+01:00,Solar 35,0.0
2030,sc01,03-15 07:00:00+01:00,CT NG 05,0.0
2030,sc01,03-15 07:00:00+01:00,Biomass 36,0.0
2030,sc01,03-15 07:00:00+01:00,CT NG 34,0.0
2030,sc01,03-15 07:00:00+01:00,CT Oil 03,0.0
2030,sc01,03-15 07:00:00+01:00,Hydro 35,0.0
2030,sc01,03-15 07:00:00+01:00,Solar 14,0.7825036885000001
2030,sc01,03-15 07:00:00+01:00,CT NG 75,0.0
2030,sc01,03-15 07:00:00+01:00,ST NG 09,0.0
2030,sc01,03-15 07:00:00+01:00,CT NG 56,0.0
2030,sc01,03-15 07:00:00+01:00,Biomass 22,0.0
2030,sc01,03-15 07:00:00+01:00,Solar 18,0.8253559680000001
2030,sc01,03-15 07:00:00+01:00,Biomass 13,0.0
2030,sc01,03-15 07:00:00+01:00,CT NG 71,0.0
2030,sc01,03-15 07:00:00+01:00,Solar 58,0.0
2030,sc01,03-15 07:00:00+01:00,Solar 06,0.0
2030,sc01,03-15 07:00:00+01:00,Biomass 08,0.0
2030,sc01,03-15 07:00:00+01:00,CT NG 72,0.0
2030,sc01,03-15 07:00:00+01:00,Hydro 18,0.0
2030,sc01,03-15 07:00:00+01:00,Solar 10,0.32648857919999996
2030,sc01,03-15 07:00:00+01:00,CT NG 04,0.0
2030,sc01,03-15 07:00:00+01:00,ST Other 02,0.0
2030,sc01,03-15 07:00:00+01:00,CT NG 12,0.0
2030,sc01,03-15 07:00:00+01:00,CT NG 48,0.0
2030,sc01,03-15 07:00:00+01:00,ST NG 10,0.0
2030,sc01,03-15 07:00:00+01:00,Solar 22,0.0
2030,sc01,03-15 07:00:00+01:00,Solar 28,0.0
2030,sc01,03-15 07:00:00+01:00,CT NG 73,0.0
2030,sc01,03-15 07:00:00+01:00,Biomass 52,0.0
2030,sc01,03-15 07:00:00+01:00,CT NG 30,0.0
2030,sc01,03-15 07:00:00+01:00,Solar 54,0.0
2030,sc01,03-15 07:00:00+01:00,Solar 31,0.0
2030,sc01,03-15 07:00:00+01:00,Biomass 03,0.0
2030,sc01,03-15 07:00:00+01:00,CT NG 32,0.0
2030,sc01,03-15 07:00:00+01:00,Biomass 27,0.0
2030,sc01,03-15 07:00:00+01:00,CC NG 14,0.0
2030,sc01,03-15 07:00:00+01:00,CC NG 03,0.0
2030,sc01,03-15 07:00:00+01:00,CC NG 29,0.0
2030,sc01,03-15 07:00:00+01:00,CC NG 28,0.0
2030,sc01,03-15 07:00:00+01:00,CC NG 25,0.0
2030,sc01,03-15 07:00:00+01:00,CT NG 44,0.0
2030,sc01,03-15 07:00:00+01:00,CT NG 14,0.0
2030,sc01,03-15 07:00:00+01:00,CC NG 15,0.0
2030,sc01,03-15 07:00:00+01:00,CC NG 04,0.0
2030,sc01,03-15 07:00:00+01:00,Biomass 29,0.0
2030,sc01,03-15 07:00:00+01:00,Wind 14,48.10669260000001
2030,sc01,03-15 07:00:00+01:00,Wind 08,0.0
2030,sc01,03-15 07:00:00+01:00,Biomass 61,0.0
2030,sc01,03-15 07:00:00+01:00,CT NG 35,0.0
2030,sc01,03-15 07:00:00+01:00,Solar 33,0.0
2030,sc01,03-15 07:00:00+01:00,CT NG 41,0.0
2030,sc01,03-15 07:00:00+01:00,CT NG 15,0.0
2030,sc01,03-15 07:00:00+01:00,Solar 42,0.0
2030,sc01,03-15 07:00:00+01:00,Solar 07,0.014232040400000001
2030,sc01,03-15 07:00:00+01:00,Solar 43,0.0
2030,sc01,03-15 07:00:00+01:00,Biomass 05,0.0
2030,sc01,03-15 07:00:00+01:00,CT NG 29,0.0
2030,sc01,03-15 07:00:00+01:00,Solar 71,19.608515205000003
2030,sc01,03-15 07:00:00+01:00,CT NG 53,0.0
2030,sc01,03-15 07:00:00+01:00,CT NG 20,0.0
2030,sc01,03-15 07:00:00+01:00,Biomass 14,0.0
2030,sc01,03-15 07:00:00+01:00,Solar 26,0.11998912040000001
2030,sc01,03-15 07:00:00+01:00,Hydro 29,0.0
2030,sc01,03-15 07:00:00+01:00,Hydro 31,0.0
2030,sc01,03-15 07:00:00+01:00,Biomass 24,0.0
2030,sc01,03-15 07:00:00+01:00,Biomass 54,0.0
2030,sc01,03-15 07:00:00+01:00,Solar 36,26.82386151
2030,sc01,03-15 07:00:00+01:00,Wind 03,2.6574705305
2030,sc01,03-15 07:00:00+01:00,Biomass 40,0.0
2030,sc01,03-15 07:00:00+01:00,Biomass 49,0.0
2030,sc01,03-15 07:00:00+01:00,CC NG 16,0.0
2030,sc01,03-15 07:00:00+01:00,Biomass 48,0.0
2030,sc01,03-15 07:00:00+01:00,Hydro 28,0.0
2030,sc01,03-15 07:00:00+01:00,Biomass 17,0.0
2030,sc01,03-15 07:00:00+01:00,CT NG 33,0.0
2030,sc01,03-15 07:00:00+01:00,Solar 45,0.0
2030,sc01,03-15 07:00:00+01:00,Hydro 24,35.98792062146995
2030,sc01,03-15 07:00:00+01:00,Wind 13,7.80485917
2030,sc01,03-15 07:00:00+01:00,Biomass 07,0.0
2030,sc01,03-15 07:00:00+01:00,Biomass 34,0.0
2030,sc01,03-15 07:00:00+01:00,Biomass 33,0.0
2030,sc01,03-15 07:00:00+01:00,CT NG 01,0.0
2030,sc01,03-15 07:00:00+01:00,ICE NG 03,0.0
2030,sc01,03-15 07:00:00+01:00,Solar 55,0.0
2030,sc01,03-15 07:00:00+01:00,Solar 11,0.13254506159999999
2030,sc01,03-15 07:00:00+01:00,CT NG 06,0.0
2030,sc01,03-15 07:00:00+01:00,CT NG 70,0.0
2030,sc01,03-15 07:00:00+01:00,Solar 23,0.0196260996
2030,sc01,03-15 07:00:00+01:00,CT NG 67,0.0
2030,sc01,03-15 07:00:00+01:00,Solar 12,0.10260388079999999
2030,sc01,03-15 07:00:00+01:00,CT Oil 01,0.0
2030,sc01,03-15 07:00:00+01:00,Hydro 26,0.0
2030,sc01,03-15 07:00:00+01:00,CC NG 22,0.0
2030,sc01,03-15 07:00:00+01:00,CC NG 35,0.0
2030,sc01,03-15 07:00:00+01:00,Biomass 50,0.0
2030,sc01,03-15 07:00:00+01:00,ICE NG 04,0.0
2030,sc01,03-15 07:00:00+01:00,CC NG 39,0.0
2030,sc01,03-15 07:00:00+01:00,Hydro 32,0.0
2030,sc01,03-15 07:00:00+01:00,ICE NG 07,0.0
2030,sc01,03-15 07:00:00+01:00,Biomass 46,0.0
2030,sc01,03-15 07:00:00+01:00,CC NG 38,0.0
2030,sc01,03-15 07:00:00+01:00,CC NG 12,0.0
2030,sc01,03-15 07:00:00+01:00,Solar 57,0.0
2030,sc01,03-15 07:00:00+01:00,CC NG 32,0.0
2030,sc01,03-15 07:00:00+01:00,CC NG 07,0.0
2030,sc01,03-15 07:00:00+01:00,Biomass 44,0.0
2030,sc01,03-15 07:00:00+01:00,CT NG 40,0.0
2030,sc01,03-15 07:00:00+01:00,Solar 74,0.0
2030,sc01,03-15 07:00:00+01:00,Hydro 30,0.0
2030,sc01,03-15 07:00:00+01:00,CT NG 42,0.0
2030,sc01,03-15 07:00:00+01:00,Hydro 22,1.4318490000000001
2030,sc01,03-15 07:00:00+01:00,Solar 17,0.20124721519999997
2030,sc01,03-15 07:00:00+01:00,Solar 38,0.0
2030,sc01,03-15 07:00:00+01:00,CT NG 24,0.0
2030,sc01,03-15 07:00:00+01:00,CC NG 27,0.0
2030,sc01,03-15 07:00:00+01:00,Biomass 21,0.0
2030,sc01,03-15 07:00:00+01:00,ICE NG 06,0.0
2030,sc01,03-15 07:00:00+01:00,Biomass 25,0.0
2030,sc01,03-15 07:00:00+01:00,Solar 27,0.043234275200000005
2030,sc01,03-15 07:00:00+01:00,CT NG 19,0.0
2030,sc01,03-15 07:00:00+01:00,Biomass 42,0.0
2030,sc01,03-15 07:00:00+01:00,Biomass 19,0.0
2030,sc01,03-15 07:00:00+01:00,Biomass 06,0.0
2030,sc01,03-15 07:00:00+01:00,CT NG 10,0.0
2030,sc01,03-15 07:00:00+01:00,CC NG 40,0.0
2030,sc01,03-15 07:00:00+01:00,CC NG 21,0.0
2030,sc01,03-15 07:00:00+01:00,Biomass 02,0.0
2030,sc01,03-15 07:00:00+01:00,CT NG 46,0.0
2030,sc01,03-15 07:00:00+01:00,Hydro 34,55.06330500000001
2030,sc01,03-15 07:00:00+01:00,Biomass 10,0.0
2030,sc01,03-15 07:00:00+01:00,CT NG 17,0.0
2030,sc01,03-15 07:00:00+01:00,Biomass 62,0.0
2030,sc01,03-15 07:00:00+01:00,Biomass 32,0.0
2030,sc01,03-15 07:00:00+01:00,CC NG 19,0.0
2030,sc01,03-15 07:00:00+01:00,CC NG 17,0.0
2030,sc01,03-15 07:00:00+01:00,ST NG 01,0.0
2030,sc01,03-15 07:00:00+01:00,Biomass 45,0.0
2030,sc01,03-15 07:00:00+01:00,Biomass 28,0.0
2030,sc01,03-15 07:00:00+01:00,CC NG 10,0.0
2030,sc01,03-15 07:00:00+01:00,Biomass 23,0.0
2030,sc01,03-15 07:00:00+01:00,ST NG 06,0.0
2030,sc01,03-15 07:00:00+01:00,Wind 10,0.0
2030,sc01,03-15 07:00:00+01:00,CT NG 69,0.0
2030,sc01,03-15 07:00:00+01:00,CT NG 68,0.0
2030,sc01,03-16 02:00:00+01:00,CC NG 13,0.0
2030,sc01,03-16 02:00:00+01:00,CT NG 37,0.0
2030,sc01,03-16 02:00:00+01:00,ST Coal 01,0.0
2030,sc01,03-16 02:00:00+01:00,CT NG 09,0.0
2030,sc01,03-16 02:00:00+01:00,CT NG 47,0.0
2030,sc01,03-16 02:00:00+01:00,Solar 69,0.0
2030,sc01,03-16 02:00:00+01:00,Solar 34,0.0
2030,sc01,03-16 02:00:00+01:00,Solar 73,0.0
2030,sc01,03-16 02:00:00+01:00,Biomass 37,0.0
2030,sc01,03-16 02:00:00+01:00,Hydro 20,0.0
2030,sc01,03-16 02:00:00+01:00,Solar 01,0.0
2030,sc01,03-16 02:00:00+01:00,Solar 62,0.0
2030,sc01,03-16 02:00:00+01:00,Solar 02,0.0
2030,sc01,03-16 02:00:00+01:00,CT NG 26,0.0
2030,sc01,03-16 02:00:00+01:00,Biomass 20,0.0
2030,sc01,03-16 02:00:00+01:00,Wind 16,44.2933160976
2030,sc01,03-16 02:00:00+01:00,CT NG 66,0.0
2030,sc01,03-16 02:00:00+01:00,Solar 39,0.0
2030,sc01,03-16 02:00:00+01:00,Biomass 41,0.0
2030,sc01,03-16 02:00:00+01:00,Solar 72,0.0
2030,sc01,03-16 02:00:00+01:00,ST NG 03,0.0
2030,sc01,03-16 02:00:00+01:00,Hydro 21,0.94188705
2030,sc01,03-16 02:00:00+01:00,CT NG 03,0.0
2030,sc01,03-16 02:00:00+01:00,CC NG 09,0.0
2030,sc01,03-16 02:00:00+01:00,CT Oil 02,0.0
2030,sc01,03-16 02:00:00+01:00,CT NG 39,0.0
2030,sc01,03-16 02:00:00+01:00,CC NG 08,0.0
2030,sc01,03-16 02:00:00+01:00,Biomass 43,0.0
2030,sc01,03-16 02:00:00+01:00,CT NG 18,0.0
2030,sc01,03-16 02:00:00+01:00,ST NG 07,0.0
2030,sc01,03-16 02:00:00+01:00,Biomass 35,0.0
2030,sc01,03-16 02:00:00+01:00,Solar 32,0.0
2030,sc01,03-16 02:00:00+01:00,Biomass 15,0.0
2030,sc01,03-16 02:00:00+01:00,CC NG 31,0.0
2030,sc01,03-16 02:00:00+01:00,Solar 16,0.0
2030,sc01,03-16 02:00:00+01:00,Solar 68,0.0
2030,sc01,03-16 02:00:00+01:00,CT NG 21,0.0
2030,sc01,03-16 02:00:00+01:00,Wind 11,1.4873958559800002
2030,sc01,03-16 02:00:00+01:00,CC NG 37,0.0
2030,sc01,03-16 02:00:00+01:00,CT NG 22,0.0
2030,sc01,03-16 02:00:00+01:00,Hydro 16,0.0
2030,sc01,03-16 02:00:00+01:00,Biomass 59,0.0
2030,sc01,03-16 02:00:00+01:00,CC NG 01,0.0
2030,sc01,03-16 02:00:00+01:00,Biomass 16,0.0
2030,sc01,03-16 02:00:00+01:00,Solar 03,0.0
2030,sc01,03-16 02:00:00+01:00,Solar 44,0.0
2030,sc01,03-16 02:00:00+01:00,CT NG 08,0.0
2030,sc01,03-16 02:00:00+01:00,Wind 05,0.14051517206400002
2030,sc01,03-16 02:00:00+01:00,Biomass 26,0.0
2030,sc01,03-16 02:00:00+01:00,Solar 37,0.0
2030,sc01,03-16 02:00:00+01:00,Biomass 11,0.0
2030,sc01,03-16 02:00:00+01:00,Solar 59,0.0
2030,sc01,03-16 02:00:00+01:00,CT NG 11,0.0
2030,sc01,03-16 02:00:00+01:00,Biomass 30,0.0
2030,sc01,03-16 02:00:00+01:00,Hydro 23,0.0
2030,sc01,03-16 02:00:00+01:00,CC NG 24,0.0
2030,sc01,03-16 02:00:00+01:00,Solar 65,0.0
2030,sc01,03-16 02:00:00+01:00,CC NG 18,0.0
2030,sc01,03-16 02:00:00+01:00,CT NG 16,0.0
2030,sc01,03-16 02:00:00+01:00,Solar 51,0.0
2030,sc01,03-16 02:00:00+01:00,Wind 06,2.02277826709
2030,sc01,03-16 02:00:00+01:00,CC NG 26,0.0
2030,sc01,03-16 02:00:00+01:00,CC NG 23,0.0
2030,sc01,03-16 02:00:00+01:00,CT NG 43,0.0
2030,sc01,03-16 02:00:00+01:00,CC NG 11,0.0
2030,sc01,03-16 02:00:00+01:00,CT NG 02,0.0
2030,sc01,03-16 02:00:00+01:00,CT NG 50,0.0
2030,sc01,03-16 02:00:00+01:00,Hydro 27,0.0
2030,sc01,03-16 02:00:00+01:00,CT NG 13,0.0
2030,sc01,03-16 02:00:00+01:00,CT NG 25,0.0
2030,sc01,03-16 02:00:00+01:00,CC NG 05,0.0
2030,sc01,03-16 02:00:00+01:00,Solar 04,0.0
2030,sc01,03-16 02:00:00+01:00,Solar 30,0.0
2030,sc01,03-16 02:00:00+01:00,Solar 29,0.0
2030,sc01,03-16 02:00:00+01:00,Solar 53,0.0
2030,sc01,03-16 02:00:00+01:00,Solar 21,0.0
2030,sc01,03-16 02:00:00+01:00,Biomass 58,0.0
2030,sc01,03-16 02:00:00+01:00,CT NG 74,0.0
2030,sc01,03-16 02:00:00+01:00,Solar 61,0.0
2030,sc01,03-16 02:00:00+01:00,Wind 07,1.5522618724500004
2030,sc01,03-16 02:00:00+01:00,Biomass 31,0.0
2030,sc01,03-16 02:00:00+01:00,CT Oil 05,0.0
2030,sc01,03-16 02:00:00+01:00,Biomass 38,0.0
2030,sc01,03-16 02:00:00+01:00,Solar 41,0.0
2030,sc01,03-16 02:00:00+01:00,Biomass 51,0.0
2030,sc01,03-16 02:00:00+01:00,Biomass 55,0.0
2030,sc01,03-16 02:00:00+01:00,Wind 15,5.471428068589369
2030,sc01,03-16 02:00:00+01:00,Geo 01,0.0
2030,sc01,03-16 02:00:00+01:00,Biomass 60,0.0
2030,sc01,03-16 02:00:00+01:00,CT NG 38,0.0
2030,sc01,03-16 02:00:00+01:00,Solar 66,0.0
2030,sc01,03-16 02:00:00+01:00,Solar 49,0.0
2030,sc01,03-16 02:00:00+01:00,CT NG 51,0.0
2030,sc01,03-16 02:00:00+01:00,Biomass 18,0.0
2030,sc01,03-16 02:00:00+01:00,ICE NG 01,0.0
2030,sc01,03-16 02:00:00+01:00,Solar 15,0.0
2030,sc01,03-16 02:00:00+01:00,ICE NG 05,0.0
2030,sc01,03-16 02:00:00+01:00,CT Oil 04,0.0
2030,sc01,03-16 02:00:00+01:00,CC NG 20,0.0
2030,sc01,03-16 02:00:00+01:00,Solar 20,0.0
2030,sc01,03-16 02:00:00+01:00,Biomass 04,0.0
2030,sc01,03-16 02:00:00+01:00,Wind 02,4.50236252592
2030,sc01,03-16 02:00:00+01:00,Hydro 25,0.0
2030,sc01,03-16 02:00:00+01:00,Solar 75,0.0
2030,sc01,03-16 02:00:00+01:00,Hydro 33,0.0
2030,sc01,03-16 02:00:00+01:00,ST NG 05,0.0
2030,sc01,03-16 02:00:00+01:00,CT NG 07,0.0
2030,sc01,03-16 02:00:00+01:00,Wind 01,1.0782713957299999
2030,sc01,03-16 02:00:00+01:00,Solar 56,0.0
2030,sc01,03-16 02:00:00+01:00,Biomass 09,0.0
2030,sc01,03-16 02:00:00+01:00,Biomass 53,0.0
2030,sc01,03-16 02:00:00+01:00,Wind 17,16.088086229
2030,sc01,03-16 02:00:00+01:00,ST NG 08,0.0
2030,sc01,03-16 02:00:00+01:00,Hydro 19,0.0
2030,sc01,03-16 02:00:00+01:00,ST NG 02,0.0
2030,sc01,03-16 02:00:00+01:00,Biomass 01,0.0
2030,sc01,03-16 02:00:00+01:00,Biomass 57,0.0
2030,sc01,03-16 02:00:00+01:00,CT NG 49,0.0
2030,sc01,03-16 02:00:00+01:00,CT NG 31,0.0
2030,sc01,03-16 02:00:00+01:00,Solar 64,0.0
2030,sc01,03-16 02:00:00+01:00,CC NG 33,0.0
2030,sc01,03-16 02:00:00+01:00,Solar 46,0.0
2030,sc01,03-16 02:00:00+01:00,Biomass 12,0.0
2030,sc01,03-16 02:00:00+01:00,Wind 04,1.1124886680200001
2030,sc01,03-16 02:00:00+01:00,Solar 13,0.0
2030,sc01,03-16 02:00:00+01:00,CT NG 55,0.0
2030,sc01,03-16 02:00:00+01:00,Wind N03,97.0499652234439
2030,sc01,03-16 02:00:00+01:00,CT NG 28,0.0
2030,sc01,03-16 02:00:00+01:00,Wind 09,2.15644018529
2030,sc01,03-16 02:00:00+01:00,Solar 60,0.0
2030,sc01,03-16 02:00:00+01:00,Solar 25,0.0
2030,sc01,03-16 02:00:00+01:00,CT NG 23,0.0
2030,sc01,03-16 02:00:00+01:00,ST Other 01,0.0
2030,sc01,03-16 02:00:00+01:00,Solar 70,0.0
2030,sc01,03-16 02:00:00+01:00,CC NG 34,0.0
2030,sc01,03-16 02:00:00+01:00,Solar 48,0.0
2030,sc01,03-16 02:00:00+01:00,Biomass 56,0.0
2030,sc01,03-16 02:00:00+01:00,CT NG 36,0.0
2030,sc01,03-16 02:00:00+01:00,Solar 47,0.0
2030,sc01,03-16 02:00:00+01:00,Hydro 17,0.0124362
2030,sc01,03-16 02:00:00+01:00,Solar 09,0.0
2030,sc01,03-16 02:00:00+01:00,Solar 08,0.0
2030,sc01,03-16 02:00:00+01:00,CT NG 45,0.0
2030,sc01,03-16 02:00:00+01:00,ST NG 04,0.0
2030,sc01,03-16 02:00:00+01:00,Solar 40,0.0
2030,sc01,03-16 02:00:00+01:00,Biomass 47,0.0
2030,sc01,03-16 02:00:00+01:00,Solar 50,0.0
2030,sc01,03-16 02:00:00+01:00,Solar 52,0.0
2030,sc01,03-16 02:00:00+01:00,Solar 63,0.0
2030,sc01,03-16 02:00:00+01:00,CC NG 06,0.0
2030,sc01,03-16 02:00:00+01:00,Biomass 39,0.0
2030,sc01,03-16 02:00:00+01:00,Solar 67,0.0
2030,sc01,03-16 02:00:00+01:00,Solar 19,0.0
2030,sc01,03-16 02:00:00+01:00,Wind 12,11.8980472552
2030,sc01,03-16 02:00:00+01:00,Solar 24,0.0
2030,sc01,03-16 02:00:00+01:00,ICE NG 02,0.0
2030,sc01,03-16 02:00:00+01:00,Solar 05,0.0
2030,sc01,03-16 02:00:00+01:00,CT NG 54,0.0
2030,sc01,03-16 02:00:00+01:00,Wind N01,112.87890985100002
2030,sc01,03-16 02:00:00+01:00,CT NG 27,0.0
2030,sc01,03-16 02:00:00+01:00,CC NG 36,0.0
2030,sc01,03-16 02:00:00+01:00,Wind N02,0.0
2030,sc01,03-16 02:00:00+01:00,CT NG 52,0.0
2030,sc01,03-16 02:00:00+01:00,Solar 35,0.0
2030,sc01,03-16 02:00:00+01:00,CT NG 05,0.0
2030,sc01,03-16 02:00:00+01:00,Biomass 36,0.0
2030,sc01,03-16 02:00:00+01:00,CT NG 34,0.0
2030,sc01,03-16 02:00:00+01:00,CT Oil 03,0.0
2030,sc01,03-16 02:00:00+01:00,Hydro 35,0.0
2030,sc01,03-16 02:00:00+01:00,Solar 14,0.0
2030,sc01,03-16 02:00:00+01:00,CT NG 75,0.0
2030,sc01,03-16 02:00:00+01:00,ST NG 09,0.0
2030,sc01,03-16 02:00:00+01:00,CT NG 56,0.0
2030,sc01,03-16 02:00:00+01:00,Biomass 22,0.0
2030,sc01,03-16 02:00:00+01:00,Solar 18,0.0
2030,sc01,03-16 02:00:00+01:00,Biomass 13,0.0
2030,sc01,03-16 02:00:00+01:00,CT NG 71,0.0
2030,sc01,03-16 02:00:00+01:00,Solar 58,0.0
2030,sc01,03-16 02:00:00+01:00,Solar 06,0.0
2030,sc01,03-16 02:00:00+01:00,Biomass 08,0.0
2030,sc01,03-16 02:00:00+01:00,CT NG 72,0.0
2030,sc01,03-16 02:00:00+01:00,Hydro 18,0.0428358
2030,sc01,03-16 02:00:00+01:00,Solar 10,0.0
2030,sc01,03-16 02:00:00+01:00,CT NG 04,0.0
2030,sc01,03-16 02:00:00+01:00,ST Other 02,0.0
2030,sc01,03-16 02:00:00+01:00,CT NG 12,0.0
2030,sc01,03-16 02:00:00+01:00,CT NG 48,0.0
2030,sc01,03-16 02:00:00+01:00,ST NG 10,0.0
2030,sc01,03-16 02:00:00+01:00,Solar 22,0.0
2030,sc01,03-16 02:00:00+01:00,Solar 28,0.0
2030,sc01,03-16 02:00:00+01:00,CT NG 73,0.0
2030,sc01,03-16 02:00:00+01:00,Biomass 52,0.0
2030,sc01,03-16 02:00:00+01:00,CT NG 30,0.0
2030,sc01,03-16 02:00:00+01:00,Solar 54,0.0
2030,sc01,03-16 02:00:00+01:00,Solar 31,0.0
2030,sc01,03-16 02:00:00+01:00,Biomass 03,0.0
2030,sc01,03-16 02:00:00+01:00,CT NG 32,0.0
2030,sc01,03-16 02:00:00+01:00,Biomass 27,0.0
2030,sc01,03-16 02:00:00+01:00,CC NG 14,0.0
2030,sc01,03-16 02:00:00+01:00,CC NG 03,0.0
2030,sc01,03-16 02:00:00+01:00,CC NG 29,0.0
2030,sc01,03-16 02:00:00+01:00,CC NG 28,0.0
2030,sc01,03-16 02:00:00+01:00,CC NG 25,0.0
2030,sc01,03-16 02:00:00+01:00,CT NG 44,0.0
2030,sc01,03-16 02:00:00+01:00,CT NG 14,0.0
2030,sc01,03-16 02:00:00+01:00,CC NG 15,0.0
2030,sc01,03-16 02:00:00+01:00,CC NG 04,0.0
2030,sc01,03-16 02:00:00+01:00,Biomass 29,0.0
2030,sc01,03-16 02:00:00+01:00,Wind 14,80.02944341637185
2030,sc01,03-16 02:00:00+01:00,Wind 08,2.0900293953799998
2030,sc01,03-16 02:00:00+01:00,Biomass 61,0.0
2030,sc01,03-16 02:00:00+01:00,CT NG 35,0.0
2030,sc01,03-16 02:00:00+01:00,Solar 33,0.0
2030,sc01,03-16 02:00:00+01:00,CT NG 41,0.0
2030,sc01,03-16 02:00:00+01:00,CT NG 15,0.0
2030,sc01,03-16 02:00:00+01:00,Solar 42,0.0
2030,sc01,03-16 02:00:00+01:00,Solar 07,0.0
2030,sc01,03-16 02:00:00+01:00,Solar 43,0.0
2030,sc01,03-16 02:00:00+01:00,Biomass 05,0.0
2030,sc01,03-16 02:00:00+01:00,CT NG 29,0.0
2030,sc01,03-16 02:00:00+01:00,Solar 71,0.0
2030,sc01,03-16 02:00:00+01:00,CT NG 53,0.0
2030,sc01,03-16 02:00:00+01:00,CT NG 20,0.0
2030,sc01,03-16 02:00:00+01:00,Biomass 14,0.0
2030,sc01,03-16 02:00:00+01:00,Solar 26,0.0
2030,sc01,03-16 02:00:00+01:00,Hydro 29,0.0
2030,sc01,03-16 02:00:00+01:00,Hydro 31,0.0
2030,sc01,03-16 02:00:00+01:00,Biomass 24,0.0
2030,sc01,03-16 02:00:00+01:00,Biomass 54,0.0
2030,sc01,03-16 02:00:00+01:00,Solar 36,0.0
2030,sc01,03-16 02:00:00+01:00,Wind 03,2.20888074925
2030,sc01,03-16 02:00:00+01:00,Biomass 40,0.0
2030,sc01,03-16 02:00:00+01:00,Biomass 49,0.0
2030,sc01,03-16 02:00:00+01:00,CC NG 16,0.0
2030,sc01,03-16 02:00:00+01:00,Biomass 48,0.0
2030,sc01,03-16 02:00:00+01:00,Hydro 28,0.0
2030,sc01,03-16 02:00:00+01:00,Biomass 17,0.0
2030,sc01,03-16 02:00:00+01:00,CT NG 33,0.0
2030,sc01,03-16 02:00:00+01:00,Solar 45,0.0
2030,sc01,03-16 02:00:00+01:00,Hydro 24,0.0
2030,sc01,03-16 02:00:00+01:00,Wind 13,5.672336987
2030,sc01,03-16 02:00:00+01:00,Biomass 07,0.0
2030,sc01,03-16 02:00:00+01:00,Biomass 34,0.0
2030,sc01,03-16 02:00:00+01:00,Biomass 33,0.0
2030,sc01,03-16 02:00:00+01:00,CT NG 01,0.0
2030,sc01,03-16 02:00:00+01:00,ICE NG 03,0.0
2030,sc01,03-16 02:00:00+01:00,Solar 55,0.0
2030,sc01,03-16 02:00:00+01:00,Solar 11,0.0
2030,sc01,03-16 02:00:00+01:00,CT NG 06,0.0
2030,sc01,03-16 02:00:00+01:00,CT NG 70,0.0
2030,sc01,03-16 02:00:00+01:00,Solar 23,0.0
2030,sc01,03-16 02:00:00+01:00,CT NG 67,0.0
2030,sc01,03-16 02:00:00+01:00,Solar 12,0.0
2030,sc01,03-16 02:00:00+01:00,CT Oil 01,0.0
2030,sc01,03-16 02:00:00+01:00,Hydro 26,0.0
2030,sc01,03-16 02:00:00+01:00,CC NG 22,0.0
2030,sc01,03-16 02:00:00+01:00,CC NG 35,0.0
2030,sc01,03-16 02:00:00+01:00,Biomass 50,0.0
2030,sc01,03-16 02:00:00+01:00,ICE NG 04,0.0
2030,sc01,03-16 02:00:00+01:00,CC NG 39,0.0
2030,sc01,03-16 02:00:00+01:00,Hydro 32,0.0
2030,sc01,03-16 02:00:00+01:00,ICE NG 07,0.0
2030,sc01,03-16 02:00:00+01:00,Biomass 46,0.0
2030,sc01,03-16 02:00:00+01:00,CC NG 38,0.0
2030,sc01,03-16 02:00:00+01:00,CC NG 12,0.0
2030,sc01,03-16 02:00:00+01:00,Solar 57,0.0
2030,sc01,03-16 02:00:00+01:00,CC NG 32,0.0
2030,sc01,03-16 02:00:00+01:00,CC NG 07,0.0
2030,sc01,03-16 02:00:00+01:00,Biomass 44,0.0
2030,sc01,03-16 02:00:00+01:00,CT NG 40,0.0
2030,sc01,03-16 02:00:00+01:00,Solar 74,0.0
2030,sc01,03-16 02:00:00+01:00,Hydro 30,0.0
2030,sc01,03-16 02:00:00+01:00,CT NG 42,0.0
2030,sc01,03-16 02:00:00+01:00,Hydro 22,0.94188705
2030,sc01,03-16 02:00:00+01:00,Solar 17,0.0
2030,sc01,03-16 02:00:00+01:00,Solar 38,0.0
2030,sc01,03-16 02:00:00+01:00,CT NG 24,0.0
2030,sc01,03-16 02:00:00+01:00,CC NG 27,0.0
2030,sc01,03-16 02:00:00+01:00,Biomass 21,0.0
2030,sc01,03-16 02:00:00+01:00,ICE NG 06,0.0
2030,sc01,03-16 02:00:00+01:00,Biomass 25,0.0
2030,sc01,03-16 02:00:00+01:00,Solar 27,0.0
2030,sc01,03-16 02:00:00+01:00,CT NG 19,0.0
2030,sc01,03-16 02:00:00+01:00,Biomass 42,0.0
2030,sc01,03-16 02:00:00+01:00,Biomass 19,0.0
2030,sc01,03-16 02:00:00+01:00,Biomass 06,0.0
2030,sc01,03-16 02:00:00+01:00,CT NG 10,0.0
2030,sc01,03-16 02:00:00+01:00,CC NG 40,0.0
2030,sc01,03-16 02:00:00+01:00,CC NG 21,0.0
2030,sc01,03-16 02:00:00+01:00,Biomass 02,0.0
2030,sc01,03-16 02:00:00+01:00,CT NG 46,0.0
2030,sc01,03-16 02:00:00+01:00,Hydro 34,0.0
2030,sc01,03-16 02:00:00+01:00,Biomass 10,0.0
2030,sc01,03-16 02:00:00+01:00,CT NG 17,0.0
2030,sc01,03-16 02:00:00+01:00,Biomass 62,0.0
2030,sc01,03-16 02:00:00+01:00,Biomass 32,0.0
2030,sc01,03-16 02:00:00+01:00,CC NG 19,0.0
2030,sc01,03-16 02:00:00+01:00,CC NG 17,0.0
2030,sc01,03-16 02:00:00+01:00,ST NG 01,0.0
2030,sc01,03-16 02:00:00+01:00,Biomass 45,0.0
2030,sc01,03-16 02:00:00+01:00,Biomass 28,0.0
2030,sc01,03-16 02:00:00+01:00,CC NG 10,0.0
2030,sc01,03-16 02:00:00+01:00,Biomass 23,0.0
2030,sc01,03-16 02:00:00+01:00,ST NG 06,0.0
2030,sc01,03-16 02:00:00+01:00,Wind 10,2.19311088907
2030,sc01,03-16 02:00:00+01:00,CT NG 69,0.0
2030,sc01,03-16 02:00:00+01:00,CT NG 68,0.0
2030,sc01,03-17 00:00:00+01:00,CC NG 13,0.0
2030,sc01,03-17 00:00:00+01:00,CT NG 37,0.0
2030,sc01,03-17 00:00:00+01:00,ST Coal 01,0.0
2030,sc01,03-17 00:00:00+01:00,CT NG 09,0.0
2030,sc01,03-17 00:00:00+01:00,CT NG 47,0.0
2030,sc01,03-17 00:00:00+01:00,Solar 69,0.0
2030,sc01,03-17 00:00:00+01:00,Solar 34,0.0
2030,sc01,03-17 00:00:00+01:00,Solar 73,0.0
2030,sc01,03-17 00:00:00+01:00,Biomass 37,0.0
2030,sc01,03-17 00:00:00+01:00,Hydro 20,0.0
2030,sc01,03-17 00:00:00+01:00,Solar 01,0.0
2030,sc01,03-17 00:00:00+01:00,Solar 62,0.0
2030,sc01,03-17 00:00:00+01:00,Solar 02,0.0
2030,sc01,03-17 00:00:00+01:00,CT NG 26,0.0
2030,sc01,03-17 00:00:00+01:00,Biomass 20,0.02345
2030,sc01,03-17 00:00:00+01:00,Wind 16,0.0
2030,sc01,03-17 00:00:00+01:00,CT NG 66,0.0
2030,sc01,03-17 00:00:00+01:00,Solar 39,0.0
2030,sc01,03-17 00:00:00+01:00,Biomass 41,0.0
2030,sc01,03-17 00:00:00+01:00,Solar 72,0.0
2030,sc01,03-17 00:00:00+01:00,ST NG 03,0.0
2030,sc01,03-17 00:00:00+01:00,Hydro 21,1.15918107
2030,sc01,03-17 00:00:00+01:00,CT NG 03,0.0
2030,sc01,03-17 00:00:00+01:00,CC NG 09,0.0
2030,sc01,03-17 00:00:00+01:00,CT Oil 02,0.0
2030,sc01,03-17 00:00:00+01:00,CT NG 39,0.0
2030,sc01,03-17 00:00:00+01:00,CC NG 08,0.0
2030,sc01,03-17 00:00:00+01:00,Biomass 43,0.0
2030,sc01,03-17 00:00:00+01:00,CT NG 18,0.25319969999999997
2030,sc01,03-17 00:00:00+01:00,ST NG 07,0.0
2030,sc01,03-17 00:00:00+01:00,Biomass 35,0.0
2030,sc01,03-17 00:00:00+01:00,Solar 32,0.0
2030,sc01,03-17 00:00:00+01:00,Biomass 15,0.014070000000000001
2030,sc01,03-17 00:00:00+01:00,CC NG 31,0.0
2030,sc01,03-17 00:00:00+01:00,Solar 16,0.0
2030,sc01,03-17 00:00:00+01:00,Solar 68,0.0
2030,sc01,03-17 00:00:00+01:00,CT NG 21,0.0
2030,sc01,03-17 00:00:00+01:00,Wind 11,1.61163529471
2030,sc01,03-17 00:00:00+01:00,CC NG 37,0.0
2030,sc01,03-17 00:00:00+01:00,CT NG 22,0.0
2030,sc01,03-17 00:00:00+01:00,Hydro 16,0.0
2030,sc01,03-17 00:00:00+01:00,Biomass 59,0.27738
2030,sc01,03-17 00:00:00+01:00,CC NG 01,0.0
2030,sc01,03-17 00:00:00+01:00,Biomass 16,0.014070000000000001
2030,sc01,03-17 00:00:00+01:00,Solar 03,0.0
2030,sc01,03-17 00:00:00+01:00,Solar 44,0.0
2030,sc01,03-17 00:00:00+01:00,CT NG 08,0.0
2030,sc01,03-17 00:00:00+01:00,Wind 05,0.18451411668
2030,sc01,03-17 00:00:00+01:00,Biomass 26,0.11323
2030,sc01,03-17 00:00:00+01:00,Solar 37,0.0
2030,sc01,03-17 00:00:00+01:00,Biomass 11,0.02412
2030,sc01,03-17 00:00:00+01:00,Solar 59,0.0
2030,sc01,03-17 00:00:00+01:00,CT NG 11,0.0
2030,sc01,03-17 00:00:00+01:00,Biomass 30,0.11323
2030,sc01,03-17 00:00:00+01:00,Hydro 23,0.0
2030,sc01,03-17 00:00:00+01:00,CC NG 24,0.0
2030,sc01,03-17 00:00:00+01:00,Solar 65,0.0
2030,sc01,03-17 00:00:00+01:00,CC NG 18,0.0
2030,sc01,03-17 00:00:00+01:00,CT NG 16,0.0
2030,sc01,03-17 00:00:00+01:00,Solar 51,0.0
2030,sc01,03-17 00:00:00+01:00,Wind 06,1.5501838253400002
2030,sc01,03-17 00:00:00+01:00,CC NG 26,0.0
2030,sc01,03-17 00:00:00+01:00,CC NG 23,0.0
2030,sc01,03-17 00:00:00+01:00,CT NG 43,0.0
2030,sc01,03-17 00:00:00+01:00,CC NG 11,0.0
2030,sc01,03-17 00:00:00+01:00,CT NG 02,0.0
2030,sc01,03-17 00:00:00+01:00,CT NG 50,0.0
2030,sc01,03-17 00:00:00+01:00,Hydro 27,0.0
2030,sc01,03-17 00:00:00+01:00,CT NG 13,0.0
2030,sc01,03-17 00:00:00+01:00,CT NG 25,0.0
2030,sc01,03-17 00:00:00+01:00,CC NG 05,0.0
2030,sc01,03-17 00:00:00+01:00,Solar 04,0.0
2030,sc01,03-17 00:00:00+01:00,Solar 30,0.0
2030,sc01,03-17 00:00:00+01:00,Solar 29,0.0
2030,sc01,03-17 00:00:00+01:00,Solar 53,0.0
2030,sc01,03-17 00:00:00+01:00,Solar 21,0.0
2030,sc01,03-17 00:00:00+01:00,Biomass 58,0.1273
2030,sc01,03-17 00:00:00+01:00,CT NG 74,0.0
2030,sc01,03-17 00:00:00+01:00,Solar 61,0.0
2030,sc01,03-17 00:00:00+01:00,Wind 07,1.58349503475
2030,sc01,03-17 00:00:00+01:00,Biomass 31,0.11323
2030,sc01,03-17 00:00:00+01:00,CT Oil 05,0.0
2030,sc01,03-17 00:00:00+01:00,Biomass 38,0.0
2030,sc01,03-17 00:00:00+01:00,Solar 41,0.0
2030,sc01,03-17 00:00:00+01:00,Biomass 51,0.0
2030,sc01,03-17 00:00:00+01:00,Biomass 55,0.15946
2030,sc01,03-17 00:00:00+01:00,Wind 15,0.0
2030,sc01,03-17 00:00:00+01:00,Geo 01,0.0
2030,sc01,03-17 00:00:00+01:00,Biomass 60,0.1809
2030,sc01,03-17 00:00:00+01:00,CT NG 38,0.0
2030,sc01,03-17 00:00:00+01:00,Solar 66,0.0
2030,sc01,03-17 00:00:00+01:00,Solar 49,0.0
2030,sc01,03-17 00:00:00+01:00,CT NG 51,0.0
2030,sc01,03-17 00:00:00+01:00,Biomass 18,0.014070000000000001
2030,sc01,03-17 00:00:00+01:00,ICE NG 01,0.0
2030,sc01,03-17 00:00:00+01:00,Solar 15,0.0
2030,sc01,03-17 00:00:00+01:00,ICE NG 05,0.0
2030,sc01,03-17 00:00:00+01:00,CT Oil 04,0.0
2030,sc01,03-17 00:00:00+01:00,CC NG 20,0.0
2030,sc01,03-17 00:00:00+01:00,Solar 20,0.0
2030,sc01,03-17 00:00:00+01:00,Biomass 04,0.0
2030,sc01,03-17 00:00:00+01:00,Wind 02,4.29933807969
2030,sc01,03-17 00:00:00+01:00,Hydro 25,0.0
2030,sc01,03-17 00:00:00+01:00,Solar 75,0.0
2030,sc01,03-17 00:00:00+01:00,Hydro 33,0.0
2030,sc01,03-17 00:00:00+01:00,ST NG 05,0.0
2030,sc01,03-17 00:00:00+01:00,CT NG 07,0.0
2030,sc01,03-17 00:00:00+01:00,Wind 01,0.9117075049000001
2030,sc01,03-17 00:00:00+01:00,Solar 56,0.0
2030,sc01,03-17 00:00:00+01:00,Biomass 09,0.054939999999999996
2030,sc01,03-17 00:00:00+01:00,Biomass 53,0.15946
2030,sc01,03-17 00:00:00+01:00,Wind 17,37.885788031631186
2030,sc01,03-17 00:00:00+01:00,ST NG 08,0.0
2030,sc01,03-17 00:00:00+01:00,Hydro 19,0.0
2030,sc01,03-17 00:00:00+01:00,ST NG 02,0.0
2030,sc01,03-17 00:00:00+01:00,Biomass 01,0.067
2030,sc01,03-17 00:00:00+01:00,Biomass 57,0.1273
2030,sc01,03-17 00:00:00+01:00,CT NG 49,0.0
2030,sc01,03-17 00:00:00+01:00,CT NG 31,0.0
2030,sc01,03-17 00:00:00+01:00,Solar 64,0.0
2030,sc01,03-17 00:00:00+01:00,CC NG 33,0.0
2030,sc01,03-17 00:00:00+01:00,Solar 46,0.0
2030,sc01,03-17 00:00:00+01:00,Biomass 12,0.02412
2030,sc01,03-17 00:00:00+01:00,Wind 04,0.044988694216
2030,sc01,03-17 00:00:00+01:00,Solar 13,0.0
2030,sc01,03-17 00:00:00+01:00,CT NG 55,0.0
2030,sc01,03-17 00:00:00+01:00,Wind N03,196.9141092389166
2030,sc01,03-17 00:00:00+01:00,CT NG 28,0.0
2030,sc01,03-17 00:00:00+01:00,Wind 09,2.8255810672500004
2030,sc01,03-17 00:00:00+01:00,Solar 60,0.0
2030,sc01,03-17 00:00:00+01:00,Solar 25,0.0
2030,sc01,03-17 00:00:00+01:00,CT NG 23,0.0
2030,sc01,03-17 00:00:00+01:00,ST Other 01,0.0
2030,sc01,03-17 00:00:00+01:00,Solar 70,0.0
2030,sc01,03-17 00:00:00+01:00,CC NG 34,0.0
2030,sc01,03-17 00:00:00+01:00,Solar 48,0.0
2030,sc01,03-17 00:00:00+01:00,Biomass 56,0.16147000000000003
2030,sc01,03-17 00:00:00+01:00,CT NG 36,0.0
2030,sc01,03-17 00:00:00+01:00,Solar 47,0.0
2030,sc01,03-17 00:00:00+01:00,Hydro 17,0.017583480000000002
2030,sc01,03-17 00:00:00+01:00,Solar 09,0.0
2030,sc01,03-17 00:00:00+01:00,Solar 08,0.0
2030,sc01,03-17 00:00:00+01:00,CT NG 45,0.0
2030,sc01,03-17 00:00:00+01:00,ST NG 04,0.0
2030,sc01,03-17 00:00:00+01:00,Solar 40,0.0
2030,sc01,03-17 00:00:00+01:00,Biomass 47,0.0
2030,sc01,03-17 00:00:00+01:00,Solar 50,0.0
2030,sc01,03-17 00:00:00+01:00,Solar 52,0.0
2030,sc01,03-17 00:00:00+01:00,Solar 63,0.0
2030,sc01,03-17 00:00:00+01:00,CC NG 06,0.0
2030,sc01,03-17 00:00:00+01:00,Biomass 39,0.0
2030,sc01,03-17 00:00:00+01:00,Solar 67,0.0
2030,sc01,03-17 00:00:00+01:00,Solar 19,0.0
2030,sc01,03-17 00:00:00+01:00,Wind 12,7.1657335691
2030,sc01,03-17 00:00:00+01:00,Solar 24,0.0
2030,sc01,03-17 00:00:00+01:00,ICE NG 02,0.0
2030,sc01,03-17 00:00:00+01:00,Solar 05,0.0
2030,sc01,03-17 00:00:00+01:00,CT NG 54,0.0
2030,sc01,03-17 00:00:00+01:00,Wind N01,67.98260049299999
2030,sc01,03-17 00:00:00+01:00,CT NG 27,0.0
2030,sc01,03-17 00:00:00+01:00,CC NG 36,0.0
2030,sc01,03-17 00:00:00+01:00,Wind N02,179.60397943229276
2030,sc01,03-17 00:00:00+01:00,CT NG 52,0.0
2030,sc01,03-17 00:00:00+01:00,Solar 35,0.0
2030,sc01,03-17 00:00:00+01:00,CT NG 05,0.0
2030,sc01,03-17 00:00:00+01:00,Biomass 36,0.0
2030,sc01,03-17 00:00:00+01:00,CT NG 34,0.0
2030,sc01,03-17 00:00:00+01:00,CT Oil 03,0.0
2030,sc01,03-17 00:00:00+01:00,Hydro 35,0.0
2030,sc01,03-17 00:00:00+01:00,Solar 14,0.0
2030,sc01,03-17 00:00:00+01:00,CT NG 75,0.0
2030,sc01,03-17 00:00:00+01:00,ST NG 09,0.0
2030,sc01,03-17 00:00:00+01:00,CT NG 56,0.0
2030,sc01,03-17 00:00:00+01:00,Biomass 22,0.02345
2030,sc01,03-17 00:00:00+01:00,Solar 18,0.0
2030,sc01,03-17 00:00:00+01:00,Biomass 13,0.02412
2030,sc01,03-17 00:00:00+01:00,CT NG 71,0.0
2030,sc01,03-17 00:00:00+01:00,Solar 58,0.0
2030,sc01,03-17 00:00:00+01:00,Solar 06,0.0
2030,sc01,03-17 00:00:00+01:00,Biomass 08,0.054939999999999996
2030,sc01,03-17 00:00:00+01:00,CT NG 72,0.0
2030,sc01,03-17 00:00:00+01:00,Hydro 18,0.06056532
2030,sc01,03-17 00:00:00+01:00,Solar 10,0.0
2030,sc01,03-17 00:00:00+01:00,CT NG 04,0.0
2030,sc01,03-17 00:00:00+01:00,ST Other 02,0.0
2030,sc01,03-17 00:00:00+01:00,CT NG 12,0.0
2030,sc01,03-17 00:00:00+01:00,CT NG 48,0.0
2030,sc01,03-17 00:00:00+01:00,ST NG 10,0.0
2030,sc01,03-17 00:00:00+01:00,Solar 22,0.0
2030,sc01,03-17 00:00:00+01:00,Solar 28,0.0
2030,sc01,03-17 00:00:00+01:00,CT NG 73,0.0
2030,sc01,03-17 00:00:00+01:00,Biomass 52,0.0
2030,sc01,03-17 00:00:00+01:00,CT NG 30,0.0
2030,sc01,03-17 00:00:00+01:00,Solar 54,0.0
2030,sc01,03-17 00:00:00+01:00,Solar 31,0.0
2030,sc01,03-17 00:00:00+01:00,Biomass 03,0.0
2030,sc01,03-17 00:00:00+01:00,CT NG 32,0.0
2030,sc01,03-17 00:00:00+01:00,Biomass 27,0.11323
2030,sc01,03-17 00:00:00+01:00,CC NG 14,0.0
2030,sc01,03-17 00:00:00+01:00,CC NG 03,0.0
2030,sc01,03-17 00:00:00+01:00,CC NG 29,0.0
2030,sc01,03-17 00:00:00+01:00,CC NG 28,0.0
2030,sc01,03-17 00:00:00+01:00,CC NG 25,0.0
2030,sc01,03-17 00:00:00+01:00,CT NG 44,0.0
2030,sc01,03-17 00:00:00+01:00,CT NG 14,0.0
2030,sc01,03-17 00:00:00+01:00,CC NG 15,0.0
2030,sc01,03-17 00:00:00+01:00,CC NG 04,0.0
2030,sc01,03-17 00:00:00+01:00,Biomass 29,0.11323
2030,sc01,03-17 00:00:00+01:00,Wind 14,22.445141354312923
2030,sc01,03-17 00:00:00+01:00,Wind 08,2.87055078318
2030,sc01,03-17 00:00:00+01:00,Biomass 61,0.0
2030,sc01,03-17 00:00:00+01:00,CT NG 35,0.0
2030,sc01,03-17 00:00:00+01:00,Solar 33,0.0
2030,sc01,03-17 00:00:00+01:00,CT NG 41,0.0
2030,sc01,03-17 00:00:00+01:00,CT NG 15,0.0
2030,sc01,03-17 00:00:00+01:00,Solar 42,0.0
2030,sc01,03-17 00:00:00+01:00,Solar 07,0.0
2030,sc01,03-17 00:00:00+01:00,Solar 43,0.0
2030,sc01,03-17 00:00:00+01:00,Biomass 05,0.02881
2030,sc01,03-17 00:00:00+01:00,CT NG 29,0.0
2030,sc01,03-17 00:00:00+01:00,Solar 71,0.0
2030,sc01,03-17 00:00:00+01:00,CT NG 53,0.0
2030,sc01,03-17 00:00:00+01:00,CT NG 20,0.0
2030,sc01,03-17 00:00:00+01:00,Biomass 14,0.0536
2030,sc01,03-17 00:00:00+01:00,Solar 26,0.0
2030,sc01,03-17 00:00:00+01:00,Hydro 29,13.432036294930917
2030,sc01,03-17 00:00:00+01:00,Hydro 31,0.0
2030,sc01,03-17 00:00:00+01:00,Biomass 24,0.030150000000000003
2030,sc01,03-17 00:00:00+01:00,Biomass 54,0.15946
2030,sc01,03-17 00:00:00+01:00,Solar 36,0.0
2030,sc01,03-17 00:00:00+01:00,Wind 03,0.146275956544
2030,sc01,03-17 00:00:00+01:00,Biomass 40,0.0
2030,sc01,03-17 00:00:00+01:00,Biomass 49,0.0
2030,sc01,03-17 00:00:00+01:00,CC NG 16,17.913267497843577
2030,sc01,03-17 00:00:00+01:00,Biomass 48,0.0
2030,sc01,03-17 00:00:00+01:00,Hydro 28,0.0
2030,sc01,03-17 00:00:00+01:00,Biomass 17,0.014070000000000001
2030,sc01,03-17 00:00:00+01:00,CT NG 33,0.0
2030,sc01,03-17 00:00:00+01:00,Solar 45,0.0
2030,sc01,03-17 00:00:00+01:00,Hydro 24,0.0
2030,sc01,03-17 00:00:00+01:00,Wind 13,4.83751427788
2030,sc01,03-17 00:00:00+01:00,Biomass 07,0.134
2030,sc01,03-17 00:00:00+01:00,Biomass 34,0.0
2030,sc01,03-17 00:00:00+01:00,Biomass 33,0.0
2030,sc01,03-17 00:00:00+01:00,CT NG 01,0.0
2030,sc01,03-17 00:00:00+01:00,ICE NG 03,0.0
2030,sc01,03-17 00:00:00+01:00,Solar 55,0.0
2030,sc01,03-17 00:00:00+01:00,Solar 11,0.0
2030,sc01,03-17 00:00:00+01:00,CT NG 06,0.0
2030,sc01,03-17 00:00:00+01:00,CT NG 70,0.0
2030,sc01,03-17 00:00:00+01:00,Solar 23,0.0
2030,sc01,03-17 00:00:00+01:00,CT NG 67,0.0
2030,sc01,03-17 00:00:00+01:00,Solar 12,0.0
2030,sc01,03-17 00:00:00+01:00,CT Oil 01,0.0
2030,sc01,03-17 00:00:00+01:00,Hydro 26,0.0
2030,sc01,03-17 00:00:00+01:00,CC NG 22,0.0
2030,sc01,03-17 00:00:00+01:00,CC NG 35,0.0
2030,sc01,03-17 00:00:00+01:00,Biomass 50,0.0
2030,sc01,03-17 00:00:00+01:00,ICE NG 04,0.0
2030,sc01,03-17 00:00:00+01:00,CC NG 39,0.0
2030,sc01,03-17 00:00:00+01:00,Hydro 32,0.0
2030,sc01,03-17 00:00:00+01:00,ICE NG 07,0.0
2030,sc01,03-17 00:00:00+01:00,Biomass 46,0.0
2030,sc01,03-17 00:00:00+01:00,CC NG 38,0.0
2030,sc01,03-17 00:00:00+01:00,CC NG 12,0.0
2030,sc01,03-17 00:00:00+01:00,Solar 57,0.0
2030,sc01,03-17 00:00:00+01:00,CC NG 32,0.0
2030,sc01,03-17 00:00:00+01:00,CC NG 07,0.0
2030,sc01,03-17 00:00:00+01:00,Biomass 44,0.0
2030,sc01,03-17 00:00:00+01:00,CT NG 40,0.0
2030,sc01,03-17 00:00:00+01:00,Solar 74,0.0
2030,sc01,03-17 00:00:00+01:00,Hydro 30,0.0
2030,sc01,03-17 00:00:00+01:00,CT NG 42,0.0
2030,sc01,03-17 00:00:00+01:00,Hydro 22,1.15918107
2030,sc01,03-17 00:00:00+01:00,Solar 17,0.0
2030,sc01,03-17 00:00:00+01:00,Solar 38,0.0
2030,sc01,03-17 00:00:00+01:00,CT NG 24,0.0
2030,sc01,03-17 00:00:00+01:00,CC NG 27,0.0
2030,sc01,03-17 00:00:00+01:00,Biomass 21,0.02345
2030,sc01,03-17 00:00:00+01:00,ICE NG 06,0.0
2030,sc01,03-17 00:00:00+01:00,Biomass 25,0.030150000000000003
2030,sc01,03-17 00:00:00+01:00,Solar 27,0.0
2030,sc01,03-17 00:00:00+01:00,CT NG 19,0.0
2030,sc01,03-17 00:00:00+01:00,Biomass 42,0.0
2030,sc01,03-17 00:00:00+01:00,Biomass 19,0.02345
2030,sc01,03-17 00:00:00+01:00,Biomass 06,0.02881
2030,sc01,03-17 00:00:00+01:00,CT NG 10,0.0
2030,sc01,03-17 00:00:00+01:00,CC NG 40,0.0
2030,sc01,03-17 00:00:00+01:00,CC NG 21,0.0
2030,sc01,03-17 00:00:00+01:00,Biomass 02,0.067
2030,sc01,03-17 00:00:00+01:00,CT NG 46,0.0
2030,sc01,03-17 00:00:00+01:00,Hydro 34,0.0
2030,sc01,03-17 00:00:00+01:00,Biomass 10,0.054939999999999996
2030,sc01,03-17 00:00:00+01:00,CT NG 17,0.0
2030,sc01,03-17 00:00:00+01:00,Biomass 62,0.12328
2030,sc01,03-17 00:00:00+01:00,Biomass 32,0.0804
2030,sc01,03-17 00:00:00+01:00,CC NG 19,9.07046
2030,sc01,03-17 00:00:00+01:00,CC NG 17,0.0
2030,sc01,03-17 00:00:00+01:00,ST NG 01,0.0
2030,sc01,03-17 00:00:00+01:00,Biomass 45,0.0
2030,sc01,03-17 00:00:00+01:00,Biomass 28,0.11323
2030,sc01,03-17 00:00:00+01:00,CC NG 10,0.0
2030,sc01,03-17 00:00:00+01:00,Biomass 23,0.030150000000000003
2030,sc01,03-17 00:00:00+01:00,ST NG 06,0.0
2030,sc01,03-17 00:00:00+01:00,Wind 10,2.84655998866
2030,sc01,03-17 00:00:00+01:00,CT NG 69,0.0
2030,sc01,03-17 00:00:00+01:00,CT NG 68,0.0
2030,sc01,03-17 12:00:00+01:00,CC NG 13,0.0
2030,sc01,03-17 12:00:00+01:00,CT NG 37,0.0
2030,sc01,03-17 12:00:00+01:00,ST Coal 01,0.0
2030,sc01,03-17 12:00:00+01:00,CT NG 09,0.0
2030,sc01,03-17 12:00:00+01:00,CT NG 47,0.0
2030,sc01,03-17 12:00:00+01:00,Solar 69,0.0
2030,sc01,03-17 12:00:00+01:00,Solar 34,0.0
2030,sc01,03-17 12:00:00+01:00,Solar 73,0.0
2030,sc01,03-17 12:00:00+01:00,Biomass 37,0.0
2030,sc01,03-17 12:00:00+01:00,Hydro 20,0.0
2030,sc01,03-17 12:00:00+01:00,Solar 01,22.0612492752
2030,sc01,03-17 12:00:00+01:00,Solar 62,0.0
2030,sc01,03-17 12:00:00+01:00,Solar 02,0.0
2030,sc01,03-17 12:00:00+01:00,CT NG 26,0.0
2030,sc01,03-17 12:00:00+01:00,Biomass 20,0.011899999999999999
2030,sc01,03-17 12:00:00+01:00,Wind 16,0.0
2030,sc01,03-17 12:00:00+01:00,CT NG 66,0.0
2030,sc01,03-17 12:00:00+01:00,Solar 39,0.0
2030,sc01,03-17 12:00:00+01:00,Biomass 41,0.0
2030,sc01,03-17 12:00:00+01:00,Solar 72,0.0
2030,sc01,03-17 12:00:00+01:00,ST NG 03,0.0
2030,sc01,03-17 12:00:00+01:00,Hydro 21,0.0
2030,sc01,03-17 12:00:00+01:00,CT NG 03,0.0
2030,sc01,03-17 12:00:00+01:00,CC NG 09,0.0
2030,sc01,03-17 12:00:00+01:00,CT Oil 02,0.0
2030,sc01,03-17 12:00:00+01:00,CT NG 39,0.0
2030,sc01,03-17 12:00:00+01:00,CC NG 08,0.0
2030,sc01,03-17 12:00:00+01:00,Biomass 43,0.0
2030,sc01,03-17 12:00:00+01:00,CT NG 18,0.0
2030,sc01,03-17 12:00:00+01:00,ST NG 07,0.0
2030,sc01,03-17 12:00:00+01:00,Biomass 35,0.0
2030,sc01,03-17 12:00:00+01:00,Solar 32,0.0
2030,sc01,03-17 12:00:00+01:00,Biomass 15,0.0071400000000000005
2030,sc01,03-17 12:00:00+01:00,CC NG 31,0.0
2030,sc01,03-17 12:00:00+01:00,Solar 16,1.486253203
2030,sc01,03-17 12:00:00+01:00,Solar 68,0.0
2030,sc01,03-17 12:00:00+01:00,CT NG 21,0.0
2030,sc01,03-17 12:00:00+01:00,Wind 11,0.3407613076
2030,sc01,03-17 12:00:00+01:00,CC NG 37,0.0
2030,sc01,03-17 12:00:00+01:00,CT NG 22,0.0
2030,sc01,03-17 12:00:00+01:00,Hydro 16,0.0
2030,sc01,03-17 12:00:00+01:00,Biomass 59,0.14076000000000002
2030,sc01,03-17 12:00:00+01:00,CC NG 01,0.0
2030,sc01,03-17 12:00:00+01:00,Biomass 16,0.0071400000000000005
2030,sc01,03-17 12:00:00+01:00,Solar 03,3.20966507464
2030,sc01,03-17 12:00:00+01:00,Solar 44,0.0
2030,sc01,03-17 12:00:00+01:00,CT NG 08,0.0
2030,sc01,03-17 12:00:00+01:00,Wind 05,0.013532423504
2030,sc01,03-17 12:00:00+01:00,Biomass 26,0.05746
2030,sc01,03-17 12:00:00+01:00,Solar 37,0.0
2030,sc01,03-17 12:00:00+01:00,Biomass 11,0.01224
2030,sc01,03-17 12:00:00+01:00,Solar 59,0.0
2030,sc01,03-17 12:00:00+01:00,CT NG 11,0.0
2030,sc01,03-17 12:00:00+01:00,Biomass 30,0.05746
2030,sc01,03-17 12:00:00+01:00,Hydro 23,0.0
2030,sc01,03-17 12:00:00+01:00,CC NG 24,0.0
2030,sc01,03-17 12:00:00+01:00,Solar 65,14.119836179600002
2030,sc01,03-17 12:00:00+01:00,CC NG 18,0.0
2030,sc01,03-17 12:00:00+01:00,CT NG 16,0.0
2030,sc01,03-17 12:00:00+01:00,Solar 51,0.0
2030,sc01,03-17 12:00:00+01:00,Wind 06,0.50768742302
2030,sc01,03-17 12:00:00+01:00,CC NG 26,0.0
2030,sc01,03-17 12:00:00+01:00,CC NG 23,0.0
2030,sc01,03-17 12:00:00+01:00,CT NG 43,0.0
2030,sc01,03-17 12:00:00+01:00,CC NG 11,0.0
2030,sc01,03-17 12:00:00+01:00,CT NG 02,0.0
2030,sc01,03-17 12:00:00+01:00,CT NG 50,0.0
2030,sc01,03-17 12:00:00+01:00,Hydro 27,0.0
2030,sc01,03-17 12:00:00+01:00,CT NG 13,0.7116336
2030,sc01,03-17 12:00:00+01:00,CT NG 25,0.0
2030,sc01,03-17 12:00:00+01:00,CC NG 05,0.0
2030,sc01,03-17 12:00:00+01:00,Solar 04,1.08598646356
2030,sc01,03-17 12:00:00+01:00,Solar 30,1.2240000000000002
2030,sc01,03-17 12:00:00+01:00,Solar 29,1.973403367
2030,sc01,03-17 12:00:00+01:00,Solar 53,0.0
2030,sc01,03-17 12:00:00+01:00,Solar 21,4.1206447798
2030,sc01,03-17 12:00:00+01:00,Biomass 58,0.0646
2030,sc01,03-17 12:00:00+01:00,CT NG 74,0.0
2030,sc01,03-17 12:00:00+01:00,Solar 61,0.0
2030,sc01,03-17 12:00:00+01:00,Wind 07,0.38290682122
2030,sc01,03-17 12:00:00+01:00,Biomass 31,0.05746
2030,sc01,03-17 12:00:00+01:00,CT Oil 05,0.0
2030,sc01,03-17 12:00:00+01:00,Biomass 38,0.0
2030,sc01,03-17 12:00:00+01:00,Solar 41,0.0
2030,sc01,03-17 12:00:00+01:00,Biomass 51,0.0
2030,sc01,03-17 12:00:00+01:00,Biomass 55,0.08091999999999999
2030,sc01,03-17 12:00:00+01:00,Wind 15,0.0
2030,sc01,03-17 12:00:00+01:00,Geo 01,0.0
2030,sc01,03-17 12:00:00+01:00,Biomass 60,0.0918
2030,sc01,03-17 12:00:00+01:00,CT NG 38,0.0
2030,sc01,03-17 12:00:00+01:00,Solar 66,24.390249855252247
2030,sc01,03-17 12:00:00+01:00,Solar 49,0.0
2030,sc01,03-17 12:00:00+01:00,CT NG 51,0.0
2030,sc01,03-17 12:00:00+01:00,Biomass 18,0.0071400000000000005
2030,sc01,03-17 12:00:00+01:00,ICE NG 01,0.0
2030,sc01,03-17 12:00:00+01:00,Solar 15,2.35655940448
2030,sc01,03-17 12:00:00+01:00,ICE NG 05,0.0
2030,sc01,03-17 12:00:00+01:00,CT Oil 04,0.0
2030,sc01,03-17 12:00:00+01:00,CC NG 20,0.0
2030,sc01,03-17 12:00:00+01:00,Solar 20,0.072351922208
2030,sc01,03-17 12:00:00+01:00,Biomass 04,0.0
2030,sc01,03-17 12:00:00+01:00,Wind 02,0.48444101271999995
2030,sc01,03-17 12:00:00+01:00,Hydro 25,0.0
2030,sc01,03-17 12:00:00+01:00,Solar 75,8.16
2030,sc01,03-17 12:00:00+01:00,Hydro 33,0.0
2030,sc01,03-17 12:00:00+01:00,ST NG 05,0.0
2030,sc01,03-17 12:00:00+01:00,CT NG 07,0.0
2030,sc01,03-17 12:00:00+01:00,Wind 01,0.27224384500800003
2030,sc01,03-17 12:00:00+01:00,Solar 56,0.0
2030,sc01,03-17 12:00:00+01:00,Biomass 09,0.02788
2030,sc01,03-17 12:00:00+01:00,Biomass 53,0.08091999999999999
2030,sc01,03-17 12:00:00+01:00,Wind 17,20.024450672748646
2030,sc01,03-17 12:00:00+01:00,ST NG 08,0.0
2030,sc01,03-17 12:00:00+01:00,Hydro 19,0.0
2030,sc01,03-17 12:00:00+01:00,ST NG 02,0.0
2030,sc01,03-17 12:00:00+01:00,Biomass 01,0.034
2030,sc01,03-17 12:00:00+01:00,Biomass 57,0.0646
2030,sc01,03-17 12:00:00+01:00,CT NG 49,0.0
2030,sc01,03-17 12:00:00+01:00,CT NG 31,0.0
2030,sc01,03-17 12:00:00+01:00,Solar 64,5.712000000000001
2030,sc01,03-17 12:00:00+01:00,CC NG 33,0.0
2030,sc01,03-17 12:00:00+01:00,Solar 46,0.0
2030,sc01,03-17 12:00:00+01:00,Biomass 12,0.01224
2030,sc01,03-17 12:00:00+01:00,Wind 04,0.111678745456
2030,sc01,03-17 12:00:00+01:00,Solar 13,0.059158192016
2030,sc01,03-17 12:00:00+01:00,CT NG 55,0.0
2030,sc01,03-17 12:00:00+01:00,Wind N03,113.09695387257115
2030,sc01,03-17 12:00:00+01:00,CT NG 28,0.0
2030,sc01,03-17 12:00:00+01:00,Wind 09,0.172834124672
2030,sc01,03-17 12:00:00+01:00,Solar 60,0.0
2030,sc01,03-17 12:00:00+01:00,Solar 25,0.43381740428
2030,sc01,03-17 12:00:00+01:00,CT NG 23,0.0
2030,sc01,03-17 12:00:00+01:00,ST Other 01,0.0
2030,sc01,03-17 12:00:00+01:00,Solar 70,34.09207177243927
2030,sc01,03-17 12:00:00+01:00,CC NG 34,0.0
2030,sc01,03-17 12:00:00+01:00,Solar 48,0.0
2030,sc01,03-17 12:00:00+01:00,Biomass 56,0.08194000000000001
2030,sc01,03-17 12:00:00+01:00,CT NG 36,0.0
2030,sc01,03-17 12:00:00+01:00,Solar 47,0.0
2030,sc01,03-17 12:00:00+01:00,Hydro 17,0.0
2030,sc01,03-17 12:00:00+01:00,Solar 09,0.0
2030,sc01,03-17 12:00:00+01:00,Solar 08,0.0
2030,sc01,03-17 12:00:00+01:00,CT NG 45,0.0
2030,sc01,03-17 12:00:00+01:00,ST NG 04,0.0
2030,sc01,03-17 12:00:00+01:00,Solar 40,0.0
2030,sc01,03-17 12:00:00+01:00,Biomass 47,0.0
2030,sc01,03-17 12:00:00+01:00,Solar 50,0.0
2030,sc01,03-17 12:00:00+01:00,Solar 52,0.0
2030,sc01,03-17 12:00:00+01:00,Solar 63,15.830476952200002
2030,sc01,03-17 12:00:00+01:00,CC NG 06,0.0
2030,sc01,03-17 12:00:00+01:00,Biomass 39,0.0
2030,sc01,03-17 12:00:00+01:00,Solar 67,0.0
2030,sc01,03-17 12:00:00+01:00,Solar 19,0.022373894208
2030,sc01,03-17 12:00:00+01:00,Wind 12,3.00594899776
2030,sc01,03-17 12:00:00+01:00,Solar 24,0.32356349451199995
2030,sc01,03-17 12:00:00+01:00,ICE NG 02,0.0
2030,sc01,03-17 12:00:00+01:00,Solar 05,0.0
2030,sc01,03-17 12:00:00+01:00,CT NG 54,0.0
2030,sc01,03-17 12:00:00+01:00,Wind N01,28.5179776694
2030,sc01,03-17 12:00:00+01:00,CT NG 27,0.0
2030,sc01,03-17 12:00:00+01:00,CC NG 36,0.0
2030,sc01,03-17 12:00:00+01:00,Wind N02,72.91240312274351
2030,sc01,03-17 12:00:00+01:00,CT NG 52,0.0
2030,sc01,03-17 12:00:00+01:00,Solar 35,0.0
2030,sc01,03-17 12:00:00+01:00,CT NG 05,0.0
2030,sc01,03-17 12:00:00+01:00,Biomass 36,0.0
2030,sc01,03-17 12:00:00+01:00,CT NG 34,0.0
2030,sc01,03-17 12:00:00+01:00,CT Oil 03,0.0
2030,sc01,03-17 12:00:00+01:00,Hydro 35,0.0
2030,sc01,03-17 12:00:00+01:00,Solar 14,2.6199634156800005
2030,sc01,03-17 12:00:00+01:00,CT NG 75,0.0
2030,sc01,03-17 12:00:00+01:00,ST NG 09,0.0
2030,sc01,03-17 12:00:00+01:00,CT NG 56,0.0
2030,sc01,03-17 12:00:00+01:00,Biomass 22,0.011899999999999999
2030,sc01,03-17 12:00:00+01:00,Solar 18,2.7634405732799996
2030,sc01,03-17 12:00:00+01:00,Biomass 13,0.01224
2030,sc01,03-17 12:00:00+01:00,CT NG 71,0.0
2030,sc01,03-17 12:00:00+01:00,Solar 58,0.0
2030,sc01,03-17 12:00:00+01:00,Solar 06,0.0
2030,sc01,03-17 12:00:00+01:00,Biomass 08,0.02788
2030,sc01,03-17 12:00:00+01:00,CT NG 72,0.0
2030,sc01,03-17 12:00:00+01:00,Hydro 18,0.0
2030,sc01,03-17 12:00:00+01:00,Solar 10,0.069692048624
2030,sc01,03-17 12:00:00+01:00,CT NG 04,0.0
2030,sc01,03-17 12:00:00+01:00,ST Other 02,0.0
2030,sc01,03-17 12:00:00+01:00,CT NG 12,0.0
2030,sc01,03-17 12:00:00+01:00,CT NG 48,0.0
2030,sc01,03-17 12:00:00+01:00,ST NG 10,0.0
2030,sc01,03-17 12:00:00+01:00,Solar 22,2.05255263
2030,sc01,03-17 12:00:00+01:00,Solar 28,1.8367955864
2030,sc01,03-17 12:00:00+01:00,CT NG 73,0.0
2030,sc01,03-17 12:00:00+01:00,Biomass 52,0.0
2030,sc01,03-17 12:00:00+01:00,CT NG 30,0.0
2030,sc01,03-17 12:00:00+01:00,Solar 54,0.0
2030,sc01,03-17 12:00:00+01:00,Solar 31,0.0
2030,sc01,03-17 12:00:00+01:00,Biomass 03,0.0
2030,sc01,03-17 12:00:00+01:00,CT NG 32,0.0
2030,sc01,03-17 12:00:00+01:00,Biomass 27,0.05746
2030,sc01,03-17 12:00:00+01:00,CC NG 14,0.0
2030,sc01,03-17 12:00:00+01:00,CC NG 03,0.0
2030,sc01,03-17 12:00:00+01:00,CC NG 29,0.0
2030,sc01,03-17 12:00:00+01:00,CC NG 28,0.0
2030,sc01,03-17 12:00:00+01:00,CC NG 25,0.0
2030,sc01,03-17 12:00:00+01:00,CT NG 44,0.0
2030,sc01,03-17 12:00:00+01:00,CT NG 14,0.2737817533924993
2030,sc01,03-17 12:00:00+01:00,CC NG 15,0.0
2030,sc01,03-17 12:00:00+01:00,CC NG 04,0.0
2030,sc01,03-17 12:00:00+01:00,Biomass 29,0.05746
2030,sc01,03-17 12:00:00+01:00,Wind 14,0.0
2030,sc01,03-17 12:00:00+01:00,Wind 08,0.185908651408
2030,sc01,03-17 12:00:00+01:00,Biomass 61,0.0
2030,sc01,03-17 12:00:00+01:00,CT NG 35,0.0
2030,sc01,03-17 12:00:00+01:00,Solar 33,0.0
2030,sc01,03-17 12:00:00+01:00,CT NG 41,0.0
2030,sc01,03-17 12:00:00+01:00,CT NG 15,0.0
2030,sc01,03-17 12:00:00+01:00,Solar 42,0.0
2030,sc01,03-17 12:00:00+01:00,Solar 07,0.0
2030,sc01,03-17 12:00:00+01:00,Solar 43,0.0
2030,sc01,03-17 12:00:00+01:00,Biomass 05,0.01462
2030,sc01,03-17 12:00:00+01:00,CT NG 29,0.0
2030,sc01,03-17 12:00:00+01:00,Solar 71,0.0
2030,sc01,03-17 12:00:00+01:00,CT NG 53,0.0
2030,sc01,03-17 12:00:00+01:00,CT NG 20,0.0
2030,sc01,03-17 12:00:00+01:00,Biomass 14,0.027200000000000002
2030,sc01,03-17 12:00:00+01:00,Solar 26,0.40174520666
2030,sc01,03-17 12:00:00+01:00,Hydro 29,0.0
2030,sc01,03-17 12:00:00+01:00,Hydro 31,0.0
2030,sc01,03-17 12:00:00+01:00,Biomass 24,0.015300000000000001
2030,sc01,03-17 12:00:00+01:00,Biomass 54,0.08091999999999999
2030,sc01,03-17 12:00:00+01:00,Solar 36,0.0
2030,sc01,03-17 12:00:00+01:00,Wind 03,0.26130649
2030,sc01,03-17 12:00:00+01:00,Biomass 40,0.0
2030,sc01,03-17 12:00:00+01:00,Biomass 49,0.0
2030,sc01,03-17 12:00:00+01:00,CC NG 16,0.0
2030,sc01,03-17 12:00:00+01:00,Biomass 48,0.0
2030,sc01,03-17 12:00:00+01:00,Hydro 28,0.0
2030,sc01,03-17 12:00:00+01:00,Biomass 17,0.0071400000000000005
2030,sc01,03-17 12:00:00+01:00,CT NG 33,0.0
2030,sc01,03-17 12:00:00+01:00,Solar 45,0.0
2030,sc01,03-17 12:00:00+01:00,Hydro 24,0.0
2030,sc01,03-17 12:00:00+01:00,Wind 13,1.25678951364
2030,sc01,03-17 12:00:00+01:00,Biomass 07,0.068
2030,sc01,03-17 12:00:00+01:00,Biomass 34,0.0
2030,sc01,03-17 12:00:00+01:00,Biomass 33,0.0
2030,sc01,03-17 12:00:00+01:00,CT NG 01,0.8368284
2030,sc01,03-17 12:00:00+01:00,ICE NG 03,0.0
2030,sc01,03-17 12:00:00+01:00,Solar 55,0.0
2030,sc01,03-17 12:00:00+01:00,Solar 11,0.44378476097999997
2030,sc01,03-17 12:00:00+01:00,CT NG 06,0.0
2030,sc01,03-17 12:00:00+01:00,CT NG 70,0.0
2030,sc01,03-17 12:00:00+01:00,Solar 23,0.065711719488
2030,sc01,03-17 12:00:00+01:00,CT NG 67,0.0
2030,sc01,03-17 12:00:00+01:00,Solar 12,0.34353628934
2030,sc01,03-17 12:00:00+01:00,CT Oil 01,0.0
2030,sc01,03-17 12:00:00+01:00,Hydro 26,0.0
2030,sc01,03-17 12:00:00+01:00,CC NG 22,0.0
2030,sc01,03-17 12:00:00+01:00,CC NG 35,0.0
2030,sc01,03-17 12:00:00+01:00,Biomass 50,0.0
2030,sc01,03-17 12:00:00+01:00,ICE NG 04,0.0
2030,sc01,03-17 12:00:00+01:00,CC NG 39,0.0
2030,sc01,03-17 12:00:00+01:00,Hydro 32,0.0
2030,sc01,03-17 12:00:00+01:00,ICE NG 07,0.0
2030,sc01,03-17 12:00:00+01:00,Biomass 46,0.0
2030,sc01,03-17 12:00:00+01:00,CC NG 38,0.0
2030,sc01,03-17 12:00:00+01:00,CC NG 12,0.0
2030,sc01,03-17 12:00:00+01:00,Solar 57,0.0
2030,sc01,03-17 12:00:00+01:00,CC NG 32,0.0
2030,sc01,03-17 12:00:00+01:00,CC NG 07,0.0
2030,sc01,03-17 12:00:00+01:00,Biomass 44,0.0
2030,sc01,03-17 12:00:00+01:00,CT NG 40,0.0
2030,sc01,03-17 12:00:00+01:00,Solar 74,6.800000000000001
2030,sc01,03-17 12:00:00+01:00,Hydro 30,0.0
2030,sc01,03-17 12:00:00+01:00,CT NG 42,0.0
2030,sc01,03-17 12:00:00+01:00,Hydro 22,0.0
2030,sc01,03-17 12:00:00+01:00,Solar 17,0.67381195648
2030,sc01,03-17 12:00:00+01:00,Solar 38,0.0
2030,sc01,03-17 12:00:00+01:00,CT NG 24,0.0
2030,sc01,03-17 12:00:00+01:00,CC NG 27,0.0
2030,sc01,03-17 12:00:00+01:00,Biomass 21,0.011899999999999999
2030,sc01,03-17 12:00:00+01:00,ICE NG 06,0.0
2030,sc01,03-17 12:00:00+01:00,Biomass 25,0.015300000000000001
2030,sc01,03-17 12:00:00+01:00,Solar 27,0.272863490384
2030,sc01,03-17 12:00:00+01:00,CT NG 19,0.0
2030,sc01,03-17 12:00:00+01:00,Biomass 42,0.0
2030,sc01,03-17 12:00:00+01:00,Biomass 19,0.011899999999999999
2030,sc01,03-17 12:00:00+01:00,Biomass 06,0.01462
2030,sc01,03-17 12:00:00+01:00,CT NG 10,0.0
2030,sc01,03-17 12:00:00+01:00,CC NG 40,0.0
2030,sc01,03-17 12:00:00+01:00,CC NG 21,0.0
2030,sc01,03-17 12:00:00+01:00,Biomass 02,0.034
2030,sc01,03-17 12:00:00+01:00,CT NG 46,0.0
2030,sc01,03-17 12:00:00+01:00,Hydro 34,0.0
2030,sc01,03-17 12:00:00+01:00,Biomass 10,0.02788
2030,sc01,03-17 12:00:00+01:00,CT NG 17,0.0
2030,sc01,03-17 12:00:00+01:00,Biomass 62,0.06256
2030,sc01,03-17 12:00:00+01:00,Biomass 32,0.040799999999999996
2030,sc01,03-17 12:00:00+01:00,CC NG 19,0.0
2030,sc01,03-17 12:00:00+01:00,CC NG 17,0.0
2030,sc01,03-17 12:00:00+01:00,ST NG 01,0.0
2030,sc01,03-17 12:00:00+01:00,Biomass 45,0.0
2030,sc01,03-17 12:00:00+01:00,Biomass 28,0.05746
2030,sc01,03-17 12:00:00+01:00,CC NG 10,0.0
2030,sc01,03-17 12:00:00+01:00,Biomass 23,0.015300000000000001
2030,sc01,03-17 12:00:00+01:00,ST NG 06,0.0
2030,sc01,03-17 12:00:00+01:00,Wind 10,0.195040187536
2030,sc01,03-17 12:00:00+01:00,CT NG 69,0.0
2030,sc01,03-17 12:00:00+01:00,CT NG 68,0.0
2030,sc01,03-19 06:00:00+01:00,CC NG 13,0.0
2030,sc01,03-19 06:00:00+01:00,CT NG 37,0.0
2030,sc01,03-19 06:00:00+01:00,ST Coal 01,0.0
2030,sc01,03-19 06:00:00+01:00,CT NG 09,0.0
2030,sc01,03-19 06:00:00+01:00,CT NG 47,0.0
2030,sc01,03-19 06:00:00+01:00,Solar 69,0.0
2030,sc01,03-19 06:00:00+01:00,Solar 34,4.9968156696
2030,sc01,03-19 06:00:00+01:00,Solar 73,0.0
2030,sc01,03-19 06:00:00+01:00,Biomass 37,0.0
2030,sc01,03-19 06:00:00+01:00,Hydro 20,0.0
2030,sc01,03-19 06:00:00+01:00,Solar 01,0.0
2030,sc01,03-19 06:00:00+01:00,Solar 62,0.0
2030,sc01,03-19 06:00:00+01:00,Solar 02,0.0
2030,sc01,03-19 06:00:00+01:00,CT NG 26,0.0
2030,sc01,03-19 06:00:00+01:00,Biomass 20,0.0
2030,sc01,03-19 06:00:00+01:00,Wind 16,0.0
2030,sc01,03-19 06:00:00+01:00,CT NG 66,0.0
2030,sc01,03-19 06:00:00+01:00,Solar 39,0.03009199784
2030,sc01,03-19 06:00:00+01:00,Biomass 41,0.0
2030,sc01,03-19 06:00:00+01:00,Solar 72,0.0
2030,sc01,03-19 06:00:00+01:00,ST NG 03,0.0
2030,sc01,03-19 06:00:00+01:00,Hydro 21,0.7492650000000001
2030,sc01,03-19 06:00:00+01:00,CT NG 03,0.0
2030,sc01,03-19 06:00:00+01:00,CC NG 09,0.0
2030,sc01,03-19 06:00:00+01:00,CT Oil 02,0.0
2030,sc01,03-19 06:00:00+01:00,CT NG 39,0.0
2030,sc01,03-19 06:00:00+01:00,CC NG 08,0.0
2030,sc01,03-19 06:00:00+01:00,Biomass 43,0.0
2030,sc01,03-19 06:00:00+01:00,CT NG 18,0.0
2030,sc01,03-19 06:00:00+01:00,ST NG 07,0.0
2030,sc01,03-19 06:00:00+01:00,Biomass 35,0.0
2030,sc01,03-19 06:00:00+01:00,Solar 32,3.5943372633600004
2030,sc01,03-19 06:00:00+01:00,Biomass 15,0.0
2030,sc01,03-19 06:00:00+01:00,CC NG 31,0.0
2030,sc01,03-19 06:00:00+01:00,Solar 16,0.0
2030,sc01,03-19 06:00:00+01:00,Solar 68,0.0
2030,sc01,03-19 06:00:00+01:00,CT NG 21,0.0
2030,sc01,03-19 06:00:00+01:00,Wind 11,1.4665721010800001
2030,sc01,03-19 06:00:00+01:00,CC NG 37,0.0
2030,sc01,03-19 06:00:00+01:00,CT NG 22,0.0
2030,sc01,03-19 06:00:00+01:00,Hydro 16,0.0
2030,sc01,03-19 06:00:00+01:00,Biomass 59,0.0
2030,sc01,03-19 06:00:00+01:00,CC NG 01,0.0
2030,sc01,03-19 06:00:00+01:00,Biomass 16,0.0
2030,sc01,03-19 06:00:00+01:00,Solar 03,0.06969928612000001
2030,sc01,03-19 06:00:00+01:00,Solar 44,0.013460427184
2030,sc01,03-19 06:00:00+01:00,CT NG 08,0.0
2030,sc01,03-19 06:00:00+01:00,Wind 05,0.08947138851200001
2030,sc01,03-19 06:00:00+01:00,Biomass 26,0.0
2030,sc01,03-19 06:00:00+01:00,Solar 37,0.258314418832
2030,sc01,03-19 06:00:00+01:00,Biomass 11,0.0
2030,sc01,03-19 06:00:00+01:00,Solar 59,0.0
2030,sc01,03-19 06:00:00+01:00,CT NG 11,0.0
2030,sc01,03-19 06:00:00+01:00,Biomass 30,0.0
2030,sc01,03-19 06:00:00+01:00,Hydro 23,0.0
2030,sc01,03-19 06:00:00+01:00,CC NG 24,0.0
2030,sc01,03-19 06:00:00+01:00,Solar 65,0.0
2030,sc01,03-19 06:00:00+01:00,CC NG 18,0.0
2030,sc01,03-19 06:00:00+01:00,CT NG 16,0.0
2030,sc01,03-19 06:00:00+01:00,Solar 51,0.53576376548
2030,sc01,03-19 06:00:00+01:00,Wind 06,3.00363716882
2030,sc01,03-19 06:00:00+01:00,CC NG 26,0.0
2030,sc01,03-19 06:00:00+01:00,CC NG 23,0.0
2030,sc01,03-19 06:00:00+01:00,CT NG 43,0.0
2030,sc01,03-19 06:00:00+01:00,CC NG 11,0.0
2030,sc01,03-19 06:00:00+01:00,CT NG 02,0.0
2030,sc01,03-19 06:00:00+01:00,CT NG 50,0.0
2030,sc01,03-19 06:00:00+01:00,Hydro 27,0.2955108
2030,sc01,03-19 06:00:00+01:00,CT NG 13,0.0
2030,sc01,03-19 06:00:00+01:00,CT NG 25,0.0
2030,sc01,03-19 06:00:00+01:00,CC NG 05,0.0
2030,sc01,03-19 06:00:00+01:00,Solar 04,0.0
2030,sc01,03-19 06:00:00+01:00,Solar 30,0.0
2030,sc01,03-19 06:00:00+01:00,Solar 29,0.0
2030,sc01,03-19 06:00:00+01:00,Solar 53,0.55096641978
2030,sc01,03-19 06:00:00+01:00,Solar 21,0.0
2030,sc01,03-19 06:00:00+01:00,Biomass 58,0.0
2030,sc01,03-19 06:00:00+01:00,CT NG 74,0.0
2030,sc01,03-19 06:00:00+01:00,Solar 61,0.0
2030,sc01,03-19 06:00:00+01:00,Wind 07,1.85691512272
2030,sc01,03-19 06:00:00+01:00,Biomass 31,0.0
2030,sc01,03-19 06:00:00+01:00,CT Oil 05,0.0
2030,sc01,03-19 06:00:00+01:00,Biomass 38,0.0
2030,sc01,03-19 06:00:00+01:00,Solar 41,0.03009199784
2030,sc01,03-19 06:00:00+01:00,Biomass 51,0.0
2030,sc01,03-19 06:00:00+01:00,Biomass 55,0.0
2030,sc01,03-19 06:00:00+01:00,Wind 15,0.0
2030,sc01,03-19 06:00:00+01:00,Geo 01,0.0
2030,sc01,03-19 06:00:00+01:00,Biomass 60,0.0
2030,sc01,03-19 06:00:00+01:00,CT NG 38,0.0
2030,sc01,03-19 06:00:00+01:00,Solar 66,4.5937519686
2030,sc01,03-19 06:00:00+01:00,Solar 49,0.00828859952
2030,sc01,03-19 06:00:00+01:00,CT NG 51,0.0
2030,sc01,03-19 06:00:00+01:00,Biomass 18,0.0
2030,sc01,03-19 06:00:00+01:00,ICE NG 01,0.0
2030,sc01,03-19 06:00:00+01:00,Solar 15,0.0
2030,sc01,03-19 06:00:00+01:00,ICE NG 05,0.0
2030,sc01,03-19 06:00:00+01:00,CT Oil 04,0.0
2030,sc01,03-19 06:00:00+01:00,CC NG 20,0.0
2030,sc01,03-19 06:00:00+01:00,Solar 20,0.0
2030,sc01,03-19 06:00:00+01:00,Biomass 04,0.0
2030,sc01,03-19 06:00:00+01:00,Wind 02,3.5435135553599997
2030,sc01,03-19 06:00:00+01:00,Hydro 25,0.0
2030,sc01,03-19 06:00:00+01:00,Solar 75,0.0
2030,sc01,03-19 06:00:00+01:00,Hydro 33,0.0
2030,sc01,03-19 06:00:00+01:00,ST NG 05,0.0
2030,sc01,03-19 06:00:00+01:00,CT NG 07,0.0
2030,sc01,03-19 06:00:00+01:00,Wind 01,1.45918426724
2030,sc01,03-19 06:00:00+01:00,Solar 56,0.5684162424600001
2030,sc01,03-19 06:00:00+01:00,Biomass 09,0.0
2030,sc01,03-19 06:00:00+01:00,Biomass 53,0.0
2030,sc01,03-19 06:00:00+01:00,Wind 17,0.0
2030,sc01,03-19 06:00:00+01:00,ST NG 08,0.0
2030,sc01,03-19 06:00:00+01:00,Hydro 19,0.0
2030,sc01,03-19 06:00:00+01:00,ST NG 02,0.0
2030,sc01,03-19 06:00:00+01:00,Biomass 01,0.0
2030,sc01,03-19 06:00:00+01:00,Biomass 57,0.0
2030,sc01,03-19 06:00:00+01:00,CT NG 49,0.0
2030,sc01,03-19 06:00:00+01:00,CT NG 31,0.0
2030,sc01,03-19 06:00:00+01:00,Solar 64,0.0
2030,sc01,03-19 06:00:00+01:00,CC NG 33,0.0
2030,sc01,03-19 06:00:00+01:00,Solar 46,0.013460427184
2030,sc01,03-19 06:00:00+01:00,Biomass 12,0.0
2030,sc01,03-19 06:00:00+01:00,Wind 04,0.92102846408
2030,sc01,03-19 06:00:00+01:00,Solar 13,0.0
2030,sc01,03-19 06:00:00+01:00,CT NG 55,0.0
2030,sc01,03-19 06:00:00+01:00,Wind N03,96.39880676134075
2030,sc01,03-19 06:00:00+01:00,CT NG 28,0.0
2030,sc01,03-19 06:00:00+01:00,Wind 09,1.31289032292
2030,sc01,03-19 06:00:00+01:00,Solar 60,0.0
2030,sc01,03-19 06:00:00+01:00,Solar 25,0.0
2030,sc01,03-19 06:00:00+01:00,CT NG 23,0.0
2030,sc01,03-19 06:00:00+01:00,ST Other 01,0.0
2030,sc01,03-19 06:00:00+01:00,Solar 70,0.0
2030,sc01,03-19 06:00:00+01:00,CC NG 34,0.0
2030,sc01,03-19 06:00:00+01:00,Solar 48,0.013460427184
2030,sc01,03-19 06:00:00+01:00,Biomass 56,0.0
2030,sc01,03-19 06:00:00+01:00,CT NG 36,0.0
2030,sc01,03-19 06:00:00+01:00,Solar 47,0.013460427184
2030,sc01,03-19 06:00:00+01:00,Hydro 17,0.010229219999999999
2030,sc01,03-19 06:00:00+01:00,Solar 09,0.0
2030,sc01,03-19 06:00:00+01:00,Solar 08,0.0
2030,sc01,03-19 06:00:00+01:00,CT NG 45,0.0
2030,sc01,03-19 06:00:00+01:00,ST NG 04,0.0
2030,sc01,03-19 06:00:00+01:00,Solar 40,0.03009199784
2030,sc01,03-19 06:00:00+01:00,Biomass 47,0.0
2030,sc01,03-19 06:00:00+01:00,Solar 50,0.079337115616
2030,sc01,03-19 06:00:00+01:00,Solar 52,0.17994976668799997
2030,sc01,03-19 06:00:00+01:00,Solar 63,0.0
2030,sc01,03-19 06:00:00+01:00,CC NG 06,0.0
2030,sc01,03-19 06:00:00+01:00,Biomass 39,0.0
2030,sc01,03-19 06:00:00+01:00,Solar 67,0.0
2030,sc01,03-19 06:00:00+01:00,Solar 19,0.0
2030,sc01,03-19 06:00:00+01:00,Wind 12,18.33828681
2030,sc01,03-19 06:00:00+01:00,Solar 24,0.0
2030,sc01,03-19 06:00:00+01:00,ICE NG 02,0.0
2030,sc01,03-19 06:00:00+01:00,Solar 05,0.0
2030,sc01,03-19 06:00:00+01:00,CT NG 54,0.0
2030,sc01,03-19 06:00:00+01:00,Wind N01,64.28352854596214
2030,sc01,03-19 06:00:00+01:00,CT NG 27,0.0
2030,sc01,03-19 06:00:00+01:00,CC NG 36,0.0
2030,sc01,03-19 06:00:00+01:00,Wind N02,0.0
2030,sc01,03-19 06:00:00+01:00,CT NG 52,0.0
2030,sc01,03-19 06:00:00+01:00,Solar 35,0.59001162004
2030,sc01,03-19 06:00:00+01:00,CT NG 05,0.0
2030,sc01,03-19 06:00:00+01:00,Biomass 36,0.0
2030,sc01,03-19 06:00:00+01:00,CT NG 34,0.0
2030,sc01,03-19 06:00:00+01:00,CT Oil 03,0.0
2030,sc01,03-19 06:00:00+01:00,Hydro 35,0.0
2030,sc01,03-19 06:00:00+01:00,Solar 14,0.0
2030,sc01,03-19 06:00:00+01:00,CT NG 75,0.0
2030,sc01,03-19 06:00:00+01:00,ST NG 09,0.0
2030,sc01,03-19 06:00:00+01:00,CT NG 56,0.0
2030,sc01,03-19 06:00:00+01:00,Biomass 22,0.0
2030,sc01,03-19 06:00:00+01:00,Solar 18,0.0
2030,sc01,03-19 06:00:00+01:00,Biomass 13,0.0
2030,sc01,03-19 06:00:00+01:00,CT NG 71,0.0
2030,sc01,03-19 06:00:00+01:00,Solar 58,0.13551437487999998
2030,sc01,03-19 06:00:00+01:00,Solar 06,0.0
2030,sc01,03-19 06:00:00+01:00,Biomass 08,0.0
2030,sc01,03-19 06:00:00+01:00,CT NG 72,0.0
2030,sc01,03-19 06:00:00+01:00,Hydro 18,0.03523398
2030,sc01,03-19 06:00:00+01:00,Solar 10,0.0
2030,sc01,03-19 06:00:00+01:00,CT NG 04,0.0
2030,sc01,03-19 06:00:00+01:00,ST Other 02,0.0
2030,sc01,03-19 06:00:00+01:00,CT NG 12,0.0
2030,sc01,03-19 06:00:00+01:00,CT NG 48,0.0
2030,sc01,03-19 06:00:00+01:00,ST NG 10,0.0
2030,sc01,03-19 06:00:00+01:00,Solar 22,0.0
2030,sc01,03-19 06:00:00+01:00,Solar 28,0.0
2030,sc01,03-19 06:00:00+01:00,CT NG 73,0.0
2030,sc01,03-19 06:00:00+01:00,Biomass 52,0.0
2030,sc01,03-19 06:00:00+01:00,CT NG 30,0.0
2030,sc01,03-19 06:00:00+01:00,Solar 54,0.15556229176000003
2030,sc01,03-19 06:00:00+01:00,Solar 31,2.4299988515999997
2030,sc01,03-19 06:00:00+01:00,Biomass 03,0.0
2030,sc01,03-19 06:00:00+01:00,CT NG 32,0.0
2030,sc01,03-19 06:00:00+01:00,Biomass 27,0.0
2030,sc01,03-19 06:00:00+01:00,CC NG 14,0.0
2030,sc01,03-19 06:00:00+01:00,CC NG 03,0.0
2030,sc01,03-19 06:00:00+01:00,CC NG 29,0.0
2030,sc01,03-19 06:00:00+01:00,CC NG 28,0.0
2030,sc01,03-19 06:00:00+01:00,CC NG 25,0.0
2030,sc01,03-19 06:00:00+01:00,CT NG 44,0.0
2030,sc01,03-19 06:00:00+01:00,CT NG 14,0.0
2030,sc01,03-19 06:00:00+01:00,CC NG 15,0.0
2030,sc01,03-19 06:00:00+01:00,CC NG 04,0.0
2030,sc01,03-19 06:00:00+01:00,Biomass 29,0.0
2030,sc01,03-19 06:00:00+01:00,Wind 14,67.67458737340928
2030,sc01,03-19 06:00:00+01:00,Wind 08,1.4671375547599999
2030,sc01,03-19 06:00:00+01:00,Biomass 61,0.0
2030,sc01,03-19 06:00:00+01:00,CT NG 35,0.0
2030,sc01,03-19 06:00:00+01:00,Solar 33,2.5672225280400003
2030,sc01,03-19 06:00:00+01:00,CT NG 41,0.0
2030,sc01,03-19 06:00:00+01:00,CT NG 15,0.0
2030,sc01,03-19 06:00:00+01:00,Solar 42,0.013460427184
2030,sc01,03-19 06:00:00+01:00,Solar 07,0.0
2030,sc01,03-19 06:00:00+01:00,Solar 43,0.013460427184
2030,sc01,03-19 06:00:00+01:00,Biomass 05,0.0
2030,sc01,03-19 06:00:00+01:00,CT NG 29,0.0
2030,sc01,03-19 06:00:00+01:00,Solar 71,0.0
2030,sc01,03-19 06:00:00+01:00,CT NG 53,0.0
2030,sc01,03-19 06:00:00+01:00,CT NG 20,0.0
2030,sc01,03-19 06:00:00+01:00,Biomass 14,0.0
2030,sc01,03-19 06:00:00+01:00,Solar 26,0.0
2030,sc01,03-19 06:00:00+01:00,Hydro 29,41.9861772
2030,sc01,03-19 06:00:00+01:00,Hydro 31,0.0
2030,sc01,03-19 06:00:00+01:00,Biomass 24,0.0
2030,sc01,03-19 06:00:00+01:00,Biomass 54,0.0
2030,sc01,03-19 06:00:00+01:00,Solar 36,0.0
2030,sc01,03-19 06:00:00+01:00,Wind 03,1.81766872652
2030,sc01,03-19 06:00:00+01:00,Biomass 40,0.0
2030,sc01,03-19 06:00:00+01:00,Biomass 49,0.0
2030,sc01,03-19 06:00:00+01:00,CC NG 16,0.0
2030,sc01,03-19 06:00:00+01:00,Biomass 48,0.0
2030,sc01,03-19 06:00:00+01:00,Hydro 28,41.9861772
2030,sc01,03-19 06:00:00+01:00,Biomass 17,0.0
2030,sc01,03-19 06:00:00+01:00,CT NG 33,0.0
2030,sc01,03-19 06:00:00+01:00,Solar 45,0.013460427184
2030,sc01,03-19 06:00:00+01:00,Hydro 24,0.0
2030,sc01,03-19 06:00:00+01:00,Wind 13,7.6171388702
2030,sc01,03-19 06:00:00+01:00,Biomass 07,0.0
2030,sc01,03-19 06:00:00+01:00,Biomass 34,0.0
2030,sc01,03-19 06:00:00+01:00,Biomass 33,0.0
2030,sc01,03-19 06:00:00+01:00,CT NG 01,0.0
2030,sc01,03-19 06:00:00+01:00,ICE NG 03,0.0
2030,sc01,03-19 06:00:00+01:00,Solar 55,0.56688513012
2030,sc01,03-19 06:00:00+01:00,Solar 11,0.0
2030,sc01,03-19 06:00:00+01:00,CT NG 06,0.0
2030,sc01,03-19 06:00:00+01:00,CT NG 70,0.0
2030,sc01,03-19 06:00:00+01:00,Solar 23,0.0
2030,sc01,03-19 06:00:00+01:00,CT NG 67,0.0
2030,sc01,03-19 06:00:00+01:00,Solar 12,0.0
2030,sc01,03-19 06:00:00+01:00,CT Oil 01,0.0
2030,sc01,03-19 06:00:00+01:00,Hydro 26,0.0
2030,sc01,03-19 06:00:00+01:00,CC NG 22,0.0
2030,sc01,03-19 06:00:00+01:00,CC NG 35,0.0
2030,sc01,03-19 06:00:00+01:00,Biomass 50,0.0
2030,sc01,03-19 06:00:00+01:00,ICE NG 04,0.0
2030,sc01,03-19 06:00:00+01:00,CC NG 39,0.0
2030,sc01,03-19 06:00:00+01:00,Hydro 32,0.0
2030,sc01,03-19 06:00:00+01:00,ICE NG 07,0.0
2030,sc01,03-19 06:00:00+01:00,Biomass 46,0.0
2030,sc01,03-19 06:00:00+01:00,CC NG 38,0.0
2030,sc01,03-19 06:00:00+01:00,CC NG 12,0.0
2030,sc01,03-19 06:00:00+01:00,Solar 57,0.115729284848
2030,sc01,03-19 06:00:00+01:00,CC NG 32,0.0
2030,sc01,03-19 06:00:00+01:00,CC NG 07,0.0
2030,sc01,03-19 06:00:00+01:00,Biomass 44,0.0
2030,sc01,03-19 06:00:00+01:00,CT NG 40,0.0
2030,sc01,03-19 06:00:00+01:00,Solar 74,0.0
2030,sc01,03-19 06:00:00+01:00,Hydro 30,0.0
2030,sc01,03-19 06:00:00+01:00,CT NG 42,0.0
2030,sc01,03-19 06:00:00+01:00,Hydro 22,0.7492650000000001
2030,sc01,03-19 06:00:00+01:00,Solar 17,0.0
2030,sc01,03-19 06:00:00+01:00,Solar 38,0.7438105427000001
2030,sc01,03-19 06:00:00+01:00,CT NG 24,0.0
2030,sc01,03-19 06:00:00+01:00,CC NG 27,0.0
2030,sc01,03-19 06:00:00+01:00,Biomass 21,0.0
2030,sc01,03-19 06:00:00+01:00,ICE NG 06,0.0
2030,sc01,03-19 06:00:00+01:00,Biomass 25,0.0
2030,sc01,03-19 06:00:00+01:00,Solar 27,0.0
2030,sc01,03-19 06:00:00+01:00,CT NG 19,0.0
2030,sc01,03-19 06:00:00+01:00,Biomass 42,0.0
2030,sc01,03-19 06:00:00+01:00,Biomass 19,0.0
2030,sc01,03-19 06:00:00+01:00,Biomass 06,0.0
2030,sc01,03-19 06:00:00+01:00,CT NG 10,0.0
2030,sc01,03-19 06:00:00+01:00,CC NG 40,0.0
2030,sc01,03-19 06:00:00+01:00,CC NG 21,0.0
2030,sc01,03-19 06:00:00+01:00,Biomass 02,0.0
2030,sc01,03-19 06:00:00+01:00,CT NG 46,0.0
2030,sc01,03-19 06:00:00+01:00,Hydro 34,0.0
2030,sc01,03-19 06:00:00+01:00,Biomass 10,0.0
2030,sc01,03-19 06:00:00+01:00,CT NG 17,0.0
2030,sc01,03-19 06:00:00+01:00,Biomass 62,0.0
2030,sc01,03-19 06:00:00+01:00,Biomass 32,0.0
2030,sc01,03-19 06:00:00+01:00,CC NG 19,0.0
2030,sc01,03-19 06:00:00+01:00,CC NG 17,0.0
2030,sc01,03-19 06:00:00+01:00,ST NG 01,0.0
2030,sc01,03-19 06:00:00+01:00,Biomass 45,0.0
2030,sc01,03-19 06:00:00+01:00,Biomass 28,0.0
2030,sc01,03-19 06:00:00+01:00,CC NG 10,0.0
2030,sc01,03-19 06:00:00+01:00,Biomass 23,0.0
2030,sc01,03-19 06:00:00+01:00,ST NG 06,0.0
2030,sc01,03-19 06:00:00+01:00,Wind 10,1.3978416211599998
2030,sc01,03-19 06:00:00+01:00,CT NG 69,0.0
2030,sc01,03-19 06:00:00+01:00,CT NG 68,0.0
2030,sc01,03-19 08:00:00+01:00,CC NG 13,0.0
2030,sc01,03-19 08:00:00+01:00,CT NG 37,0.0
2030,sc01,03-19 08:00:00+01:00,ST Coal 01,0.0
2030,sc01,03-19 08:00:00+01:00,CT NG 09,0.0
2030,sc01,03-19 08:00:00+01:00,CT NG 47,0.0
2030,sc01,03-19 08:00:00+01:00,Solar 69,0.0
2030,sc01,03-19 08:00:00+01:00,Solar 34,14.090746340811856
2030,sc01,03-19 08:00:00+01:00,Solar 73,0.0
2030,sc01,03-19 08:00:00+01:00,Biomass 37,0.0
2030,sc01,03-19 08:00:00+01:00,Hydro 20,0.0
2030,sc01,03-19 08:00:00+01:00,Solar 01,9.7423397964
2030,sc01,03-19 08:00:00+01:00,Solar 62,0.0
2030,sc01,03-19 08:00:00+01:00,Solar 02,5.560711433999999
2030,sc01,03-19 08:00:00+01:00,CT NG 26,0.0
2030,sc01,03-19 08:00:00+01:00,Biomass 20,0.0
2030,sc01,03-19 08:00:00+01:00,Wind 16,33.837485731200005
2030,sc01,03-19 08:00:00+01:00,CT NG 66,0.0
2030,sc01,03-19 08:00:00+01:00,Solar 39,0.0
2030,sc01,03-19 08:00:00+01:00,Biomass 41,0.0
2030,sc01,03-19 08:00:00+01:00,Solar 72,0.0
2030,sc01,03-19 08:00:00+01:00,ST NG 03,0.0
2030,sc01,03-19 08:00:00+01:00,Hydro 21,1.27046664
2030,sc01,03-19 08:00:00+01:00,CT NG 03,0.0
2030,sc01,03-19 08:00:00+01:00,CC NG 09,0.0
2030,sc01,03-19 08:00:00+01:00,CT Oil 02,0.0
2030,sc01,03-19 08:00:00+01:00,CT NG 39,0.0
2030,sc01,03-19 08:00:00+01:00,CC NG 08,0.0
2030,sc01,03-19 08:00:00+01:00,Biomass 43,0.0
2030,sc01,03-19 08:00:00+01:00,CT NG 18,0.0
2030,sc01,03-19 08:00:00+01:00,ST NG 07,0.0
2030,sc01,03-19 08:00:00+01:00,Biomass 35,0.0
2030,sc01,03-19 08:00:00+01:00,Solar 32,0.0
2030,sc01,03-19 08:00:00+01:00,Biomass 15,0.0
2030,sc01,03-19 08:00:00+01:00,CC NG 31,0.0
2030,sc01,03-19 08:00:00+01:00,Solar 16,0.0
2030,sc01,03-19 08:00:00+01:00,Solar 68,0.0
2030,sc01,03-19 08:00:00+01:00,CT NG 21,0.0
2030,sc01,03-19 08:00:00+01:00,Wind 11,0.0
2030,sc01,03-19 08:00:00+01:00,CC NG 37,0.0
2030,sc01,03-19 08:00:00+01:00,CT NG 22,0.0
2030,sc01,03-19 08:00:00+01:00,Hydro 16,0.0
2030,sc01,03-19 08:00:00+01:00,Biomass 59,0.0
2030,sc01,03-19 08:00:00+01:00,CC NG 01,0.0
2030,sc01,03-19 08:00:00+01:00,Biomass 16,0.0
2030,sc01,03-19 08:00:00+01:00,Solar 03,0.0
2030,sc01,03-19 08:00:00+01:00,Solar 44,0.0
2030,sc01,03-19 08:00:00+01:00,CT NG 08,0.0
2030,sc01,03-19 08:00:00+01:00,Wind 05,0.08075897251200001
2030,sc01,03-19 08:00:00+01:00,Biomass 26,0.0
2030,sc01,03-19 08:00:00+01:00,Solar 37,0.0
2030,sc01,03-19 08:00:00+01:00,Biomass 11,0.0
2030,sc01,03-19 08:00:00+01:00,Solar 59,0.0
2030,sc01,03-19 08:00:00+01:00,CT NG 11,0.0
2030,sc01,03-19 08:00:00+01:00,Biomass 30,0.0
2030,sc01,03-19 08:00:00+01:00,Hydro 23,0.0
2030,sc01,03-19 08:00:00+01:00,CC NG 24,0.0
2030,sc01,03-19 08:00:00+01:00,Solar 65,2.76434766072
2030,sc01,03-19 08:00:00+01:00,CC NG 18,0.0
2030,sc01,03-19 08:00:00+01:00,CT NG 16,0.0
2030,sc01,03-19 08:00:00+01:00,Solar 51,0.0
2030,sc01,03-19 08:00:00+01:00,Wind 06,0.0
2030,sc01,03-19 08:00:00+01:00,CC NG 26,0.0
2030,sc01,03-19 08:00:00+01:00,CC NG 23,0.0
2030,sc01,03-19 08:00:00+01:00,CT NG 43,0.0
2030,sc01,03-19 08:00:00+01:00,CC NG 11,0.0
2030,sc01,03-19 08:00:00+01:00,CT NG 02,0.0
2030,sc01,03-19 08:00:00+01:00,CT NG 50,0.0
2030,sc01,03-19 08:00:00+01:00,Hydro 27,0.0
2030,sc01,03-19 08:00:00+01:00,CT NG 13,0.0
2030,sc01,03-19 08:00:00+01:00,CT NG 25,0.0
2030,sc01,03-19 08:00:00+01:00,CC NG 05,0.0
2030,sc01,03-19 08:00:00+01:00,Solar 04,0.21594144528
2030,sc01,03-19 08:00:00+01:00,Solar 30,0.0
2030,sc01,03-19 08:00:00+01:00,Solar 29,0.0
2030,sc01,03-19 08:00:00+01:00,Solar 53,0.0
2030,sc01,03-19 08:00:00+01:00,Solar 21,0.0
2030,sc01,03-19 08:00:00+01:00,Biomass 58,0.0
2030,sc01,03-19 08:00:00+01:00,CT NG 74,0.0
2030,sc01,03-19 08:00:00+01:00,Solar 61,0.0
2030,sc01,03-19 08:00:00+01:00,Wind 07,0.0
2030,sc01,03-19 08:00:00+01:00,Biomass 31,0.0
2030,sc01,03-19 08:00:00+01:00,CT Oil 05,0.0
2030,sc01,03-19 08:00:00+01:00,Biomass 38,0.0
2030,sc01,03-19 08:00:00+01:00,Solar 41,0.0
2030,sc01,03-19 08:00:00+01:00,Biomass 51,0.0
2030,sc01,03-19 08:00:00+01:00,Biomass 55,0.0
2030,sc01,03-19 08:00:00+01:00,Wind 15,0.0
2030,sc01,03-19 08:00:00+01:00,Geo 01,0.0
2030,sc01,03-19 08:00:00+01:00,Biomass 60,0.0
2030,sc01,03-19 08:00:00+01:00,CT NG 38,0.0
2030,sc01,03-19 08:00:00+01:00,Solar 66,12.385335855600001
2030,sc01,03-19 08:00:00+01:00,Solar 49,0.0
2030,sc01,03-19 08:00:00+01:00,CT NG 51,0.0
2030,sc01,03-19 08:00:00+01:00,Biomass 18,0.0
2030,sc01,03-19 08:00:00+01:00,ICE NG 01,0.0
2030,sc01,03-19 08:00:00+01:00,Solar 15,0.0
2030,sc01,03-19 08:00:00+01:00,ICE NG 05,0.0
2030,sc01,03-19 08:00:00+01:00,CT Oil 04,0.0
2030,sc01,03-19 08:00:00+01:00,CC NG 20,0.0
2030,sc01,03-19 08:00:00+01:00,Solar 20,0.0
2030,sc01,03-19 08:00:00+01:00,Biomass 04,0.0
2030,sc01,03-19 08:00:00+01:00,Wind 02,3.4632221212800003
2030,sc01,03-19 08:00:00+01:00,Hydro 25,0.2750436
2030,sc01,03-19 08:00:00+01:00,Solar 75,0.052074628416
2030,sc01,03-19 08:00:00+01:00,Hydro 33,0.0
2030,sc01,03-19 08:00:00+01:00,ST NG 05,0.0
2030,sc01,03-19 08:00:00+01:00,CT NG 07,0.0
2030,sc01,03-19 08:00:00+01:00,Wind 01,1.3108409218800001
2030,sc01,03-19 08:00:00+01:00,Solar 56,0.0
2030,sc01,03-19 08:00:00+01:00,Biomass 09,0.0
2030,sc01,03-19 08:00:00+01:00,Biomass 53,0.0
2030,sc01,03-19 08:00:00+01:00,Wind 17,12.637150086066393
2030,sc01,03-19 08:00:00+01:00,ST NG 08,0.0
2030,sc01,03-19 08:00:00+01:00,Hydro 19,0.0
2030,sc01,03-19 08:00:00+01:00,ST NG 02,0.0
2030,sc01,03-19 08:00:00+01:00,Biomass 01,0.0
2030,sc01,03-19 08:00:00+01:00,Biomass 57,0.0
2030,sc01,03-19 08:00:00+01:00,CT NG 49,0.0
2030,sc01,03-19 08:00:00+01:00,CT NG 31,0.0
2030,sc01,03-19 08:00:00+01:00,Solar 64,0.0
2030,sc01,03-19 08:00:00+01:00,CC NG 33,0.0
2030,sc01,03-19 08:00:00+01:00,Solar 46,0.0
2030,sc01,03-19 08:00:00+01:00,Biomass 12,0.0
2030,sc01,03-19 08:00:00+01:00,Wind 04,0.8266558892399999
2030,sc01,03-19 08:00:00+01:00,Solar 13,0.0
2030,sc01,03-19 08:00:00+01:00,CT NG 55,0.0
2030,sc01,03-19 08:00:00+01:00,Wind N03,40.832472098168154
2030,sc01,03-19 08:00:00+01:00,CT NG 28,0.0
2030,sc01,03-19 08:00:00+01:00,Wind 09,0.0
2030,sc01,03-19 08:00:00+01:00,Solar 60,0.0
2030,sc01,03-19 08:00:00+01:00,Solar 25,0.0
2030,sc01,03-19 08:00:00+01:00,CT NG 23,0.0
2030,sc01,03-19 08:00:00+01:00,ST Other 01,0.0
2030,sc01,03-19 08:00:00+01:00,Solar 70,33.3395511552
2030,sc01,03-19 08:00:00+01:00,CC NG 34,0.0
2030,sc01,03-19 08:00:00+01:00,Solar 48,0.0
2030,sc01,03-19 08:00:00+01:00,Biomass 56,0.0
2030,sc01,03-19 08:00:00+01:00,CT NG 36,0.0
2030,sc01,03-19 08:00:00+01:00,Solar 47,0.0
2030,sc01,03-19 08:00:00+01:00,Hydro 17,0.0
2030,sc01,03-19 08:00:00+01:00,Solar 09,0.5717233368
2030,sc01,03-19 08:00:00+01:00,Solar 08,0.111685166496
2030,sc01,03-19 08:00:00+01:00,CT NG 45,0.0
2030,sc01,03-19 08:00:00+01:00,ST NG 04,0.0
2030,sc01,03-19 08:00:00+01:00,Solar 40,0.0
2030,sc01,03-19 08:00:00+01:00,Biomass 47,0.0
2030,sc01,03-19 08:00:00+01:00,Solar 50,0.0
2030,sc01,03-19 08:00:00+01:00,Solar 52,0.0
2030,sc01,03-19 08:00:00+01:00,Solar 63,3.0992528160000004
2030,sc01,03-19 08:00:00+01:00,CC NG 06,0.0
2030,sc01,03-19 08:00:00+01:00,Biomass 39,0.0
2030,sc01,03-19 08:00:00+01:00,Solar 67,2.06599573836
2030,sc01,03-19 08:00:00+01:00,Solar 19,0.0
2030,sc01,03-19 08:00:00+01:00,Wind 12,16.919057898000002
2030,sc01,03-19 08:00:00+01:00,Solar 24,0.0
2030,sc01,03-19 08:00:00+01:00,ICE NG 02,0.0
2030,sc01,03-19 08:00:00+01:00,Solar 05,0.0
2030,sc01,03-19 08:00:00+01:00,CT NG 54,0.0
2030,sc01,03-19 08:00:00+01:00,Wind N01,151.10187533717368
2030,sc01,03-19 08:00:00+01:00,CT NG 27,0.0
2030,sc01,03-19 08:00:00+01:00,CC NG 36,0.0
2030,sc01,03-19 08:00:00+01:00,Wind N02,0.0
2030,sc01,03-19 08:00:00+01:00,CT NG 52,0.0
2030,sc01,03-19 08:00:00+01:00,Solar 35,0.0
2030,sc01,03-19 08:00:00+01:00,CT NG 05,0.0
2030,sc01,03-19 08:00:00+01:00,Biomass 36,0.0
2030,sc01,03-19 08:00:00+01:00,CT NG 34,0.0
2030,sc01,03-19 08:00:00+01:00,CT Oil 03,0.0
2030,sc01,03-19 08:00:00+01:00,Hydro 35,0.0
2030,sc01,03-19 08:00:00+01:00,Solar 14,0.0
2030,sc01,03-19 08:00:00+01:00,CT NG 75,0.0
2030,sc01,03-19 08:00:00+01:00,ST NG 09,0.0
2030,sc01,03-19 08:00:00+01:00,CT NG 56,0.0
2030,sc01,03-19 08:00:00+01:00,Biomass 22,0.0
2030,sc01,03-19 08:00:00+01:00,Solar 18,0.0
2030,sc01,03-19 08:00:00+01:00,Biomass 13,0.0
2030,sc01,03-19 08:00:00+01:00,CT NG 71,0.0
2030,sc01,03-19 08:00:00+01:00,Solar 58,0.0
2030,sc01,03-19 08:00:00+01:00,Solar 06,0.39516574175999997
2030,sc01,03-19 08:00:00+01:00,Biomass 08,0.0
2030,sc01,03-19 08:00:00+01:00,CT NG 72,0.0
2030,sc01,03-19 08:00:00+01:00,Hydro 18,0.0
2030,sc01,03-19 08:00:00+01:00,Solar 10,0.0
2030,sc01,03-19 08:00:00+01:00,CT NG 04,0.0
2030,sc01,03-19 08:00:00+01:00,ST Other 02,0.0
2030,sc01,03-19 08:00:00+01:00,CT NG 12,0.0
2030,sc01,03-19 08:00:00+01:00,CT NG 48,0.0
2030,sc01,03-19 08:00:00+01:00,ST NG 10,0.0
2030,sc01,03-19 08:00:00+01:00,Solar 22,0.0
2030,sc01,03-19 08:00:00+01:00,Solar 28,0.0
2030,sc01,03-19 08:00:00+01:00,CT NG 73,0.0
2030,sc01,03-19 08:00:00+01:00,Biomass 52,0.0
2030,sc01,03-19 08:00:00+01:00,CT NG 30,0.0
2030,sc01,03-19 08:00:00+01:00,Solar 54,0.0
2030,sc01,03-19 08:00:00+01:00,Solar 31,0.0
2030,sc01,03-19 08:00:00+01:00,Biomass 03,0.0
2030,sc01,03-19 08:00:00+01:00,CT NG 32,0.0
2030,sc01,03-19 08:00:00+01:00,Biomass 27,0.0
2030,sc01,03-19 08:00:00+01:00,CC NG 14,0.0
2030,sc01,03-19 08:00:00+01:00,CC NG 03,0.0
2030,sc01,03-19 08:00:00+01:00,CC NG 29,0.0
2030,sc01,03-19 08:00:00+01:00,CC NG 28,0.0
2030,sc01,03-19 08:00:00+01:00,CC NG 25,0.0
2030,sc01,03-19 08:00:00+01:00,CT NG 44,0.0
2030,sc01,03-19 08:00:00+01:00,CT NG 14,0.0
2030,sc01,03-19 08:00:00+01:00,CC NG 15,0.0
2030,sc01,03-19 08:00:00+01:00,CC NG 04,0.0
2030,sc01,03-19 08:00:00+01:00,Biomass 29,0.0
2030,sc01,03-19 08:00:00+01:00,Wind 14,0.0
2030,sc01,03-19 08:00:00+01:00,Wind 08,0.0
2030,sc01,03-19 08:00:00+01:00,Biomass 61,0.0
2030,sc01,03-19 08:00:00+01:00,CT NG 35,0.0
2030,sc01,03-19 08:00:00+01:00,Solar 33,0.0
2030,sc01,03-19 08:00:00+01:00,CT NG 41,0.0
2030,sc01,03-19 08:00:00+01:00,CT NG 15,0.0
2030,sc01,03-19 08:00:00+01:00,Solar 42,0.0
2030,sc01,03-19 08:00:00+01:00,Solar 07,0.009475182720000001
2030,sc01,03-19 08:00:00+01:00,Solar 43,0.0
2030,sc01,03-19 08:00:00+01:00,Biomass 05,0.0
2030,sc01,03-19 08:00:00+01:00,CT NG 29,0.0
2030,sc01,03-19 08:00:00+01:00,Solar 71,0.0
2030,sc01,03-19 08:00:00+01:00,CT NG 53,0.0
2030,sc01,03-19 08:00:00+01:00,CT NG 20,0.0
2030,sc01,03-19 08:00:00+01:00,Biomass 14,0.0
2030,sc01,03-19 08:00:00+01:00,Solar 26,0.0
2030,sc01,03-19 08:00:00+01:00,Hydro 29,0.0
2030,sc01,03-19 08:00:00+01:00,Hydro 31,0.0
2030,sc01,03-19 08:00:00+01:00,Biomass 24,0.0
2030,sc01,03-19 08:00:00+01:00,Biomass 54,0.0
2030,sc01,03-19 08:00:00+01:00,Solar 36,20.84160456
2030,sc01,03-19 08:00:00+01:00,Wind 03,1.63791821016
2030,sc01,03-19 08:00:00+01:00,Biomass 40,0.0
2030,sc01,03-19 08:00:00+01:00,Biomass 49,0.0
2030,sc01,03-19 08:00:00+01:00,CC NG 16,0.0
2030,sc01,03-19 08:00:00+01:00,Biomass 48,0.0
2030,sc01,03-19 08:00:00+01:00,Hydro 28,0.0
2030,sc01,03-19 08:00:00+01:00,Biomass 17,0.0
2030,sc01,03-19 08:00:00+01:00,CT NG 33,0.0
2030,sc01,03-19 08:00:00+01:00,Solar 45,0.0
2030,sc01,03-19 08:00:00+01:00,Hydro 24,0.0
2030,sc01,03-19 08:00:00+01:00,Wind 13,6.8279652072
2030,sc01,03-19 08:00:00+01:00,Biomass 07,0.0
2030,sc01,03-19 08:00:00+01:00,Biomass 34,0.0
2030,sc01,03-19 08:00:00+01:00,Biomass 33,0.0
2030,sc01,03-19 08:00:00+01:00,CT NG 01,0.0
2030,sc01,03-19 08:00:00+01:00,ICE NG 03,0.0
2030,sc01,03-19 08:00:00+01:00,Solar 55,0.0
2030,sc01,03-19 08:00:00+01:00,Solar 11,0.0
2030,sc01,03-19 08:00:00+01:00,CT NG 06,0.0
2030,sc01,03-19 08:00:00+01:00,CT NG 70,0.0
2030,sc01,03-19 08:00:00+01:00,Solar 23,0.0
2030,sc01,03-19 08:00:00+01:00,CT NG 67,0.0
2030,sc01,03-19 08:00:00+01:00,Solar 12,0.0
2030,sc01,03-19 08:00:00+01:00,CT Oil 01,0.0
2030,sc01,03-19 08:00:00+01:00,Hydro 26,0.0
2030,sc01,03-19 08:00:00+01:00,CC NG 22,0.0
2030,sc01,03-19 08:00:00+01:00,CC NG 35,0.0
2030,sc01,03-19 08:00:00+01:00,Biomass 50,0.0
2030,sc01,03-19 08:00:00+01:00,ICE NG 04,0.0
2030,sc01,03-19 08:00:00+01:00,CC NG 39,0.0
2030,sc01,03-19 08:00:00+01:00,Hydro 32,0.0
2030,sc01,03-19 08:00:00+01:00,ICE NG 07,0.0
2030,sc01,03-19 08:00:00+01:00,Biomass 46,0.0
2030,sc01,03-19 08:00:00+01:00,CC NG 38,0.0
2030,sc01,03-19 08:00:00+01:00,CC NG 12,0.0
2030,sc01,03-19 08:00:00+01:00,Solar 57,0.0
2030,sc01,03-19 08:00:00+01:00,CC NG 32,0.0
2030,sc01,03-19 08:00:00+01:00,CC NG 07,0.0
2030,sc01,03-19 08:00:00+01:00,Biomass 44,0.0
2030,sc01,03-19 08:00:00+01:00,CT NG 40,0.0
2030,sc01,03-19 08:00:00+01:00,Solar 74,0.0
2030,sc01,03-19 08:00:00+01:00,Hydro 30,0.0
2030,sc01,03-19 08:00:00+01:00,CT NG 42,0.0
2030,sc01,03-19 08:00:00+01:00,Hydro 22,1.27046664
2030,sc01,03-19 08:00:00+01:00,Solar 17,0.0
2030,sc01,03-19 08:00:00+01:00,Solar 38,0.0
2030,sc01,03-19 08:00:00+01:00,CT NG 24,0.0
2030,sc01,03-19 08:00:00+01:00,CC NG 27,0.0
2030,sc01,03-19 08:00:00+01:00,Biomass 21,0.0
2030,sc01,03-19 08:00:00+01:00,ICE NG 06,0.0
2030,sc01,03-19 08:00:00+01:00,Biomass 25,0.0
2030,sc01,03-19 08:00:00+01:00,Solar 27,0.0
2030,sc01,03-19 08:00:00+01:00,CT NG 19,0.0
2030,sc01,03-19 08:00:00+01:00,Biomass 42,0.0
2030,sc01,03-19 08:00:00+01:00,Biomass 19,0.0
2030,sc01,03-19 08:00:00+01:00,Biomass 06,0.0
2030,sc01,03-19 08:00:00+01:00,CT NG 10,0.0
2030,sc01,03-19 08:00:00+01:00,CC NG 40,0.0
2030,sc01,03-19 08:00:00+01:00,CC NG 21,0.0
2030,sc01,03-19 08:00:00+01:00,Biomass 02,0.0
2030,sc01,03-19 08:00:00+01:00,CT NG 46,0.0
2030,sc01,03-19 08:00:00+01:00,Hydro 34,0.0
2030,sc01,03-19 08:00:00+01:00,Biomass 10,0.0
2030,sc01,03-19 08:00:00+01:00,CT NG 17,0.0
2030,sc01,03-19 08:00:00+01:00,Biomass 62,0.0
2030,sc01,03-19 08:00:00+01:00,Biomass 32,0.0
2030,sc01,03-19 08:00:00+01:00,CC NG 19,0.0
2030,sc01,03-19 08:00:00+01:00,CC NG 17,0.0
2030,sc01,03-19 08:00:00+01:00,ST NG 01,0.0
2030,sc01,03-19 08:00:00+01:00,Biomass 45,0.0
2030,sc01,03-19 08:00:00+01:00,Biomass 28,0.0
2030,sc01,03-19 08:00:00+01:00,CC NG 10,0.0
2030,sc01,03-19 08:00:00+01:00,Biomass 23,0.0
2030,sc01,03-19 08:00:00+01:00,ST NG 06,0.0
2030,sc01,03-19 08:00:00+01:00,Wind 10,0.0
2030,sc01,03-19 08:00:00+01:00,CT NG 69,0.0
2030,sc01,03-19 08:00:00+01:00,CT NG 68,0.0
2030,sc01,03-22 09:00:00+01:00,CC NG 13,0.0
2030,sc01,03-22 09:00:00+01:00,CT NG 37,0.0
2030,sc01,03-22 09:00:00+01:00,ST Coal 01,0.0
2030,sc01,03-22 09:00:00+01:00,CT NG 09,0.0
2030,sc01,03-22 09:00:00+01:00,CT NG 47,0.0
2030,sc01,03-22 09:00:00+01:00,Solar 69,0.0
2030,sc01,03-22 09:00:00+01:00,Solar 34,0.0
2030,sc01,03-22 09:00:00+01:00,Solar 73,2.750277313469316
2030,sc01,03-22 09:00:00+01:00,Biomass 37,0.0
2030,sc01,03-22 09:00:00+01:00,Hydro 20,0.0
2030,sc01,03-22 09:00:00+01:00,Solar 01,16.9091769636
2030,sc01,03-22 09:00:00+01:00,Solar 62,0.0
2030,sc01,03-22 09:00:00+01:00,Solar 02,0.0
2030,sc01,03-22 09:00:00+01:00,CT NG 26,0.0
2030,sc01,03-22 09:00:00+01:00,Biomass 20,0.0126
2030,sc01,03-22 09:00:00+01:00,Wind 16,20.4191574984
2030,sc01,03-22 09:00:00+01:00,CT NG 66,0.0
2030,sc01,03-22 09:00:00+01:00,Solar 39,0.0
2030,sc01,03-22 09:00:00+01:00,Biomass 41,0.0
2030,sc01,03-22 09:00:00+01:00,Solar 72,0.0
2030,sc01,03-22 09:00:00+01:00,ST NG 03,0.0
2030,sc01,03-22 09:00:00+01:00,Hydro 21,0.0
2030,sc01,03-22 09:00:00+01:00,CT NG 03,0.0
2030,sc01,03-22 09:00:00+01:00,CC NG 09,0.0
2030,sc01,03-22 09:00:00+01:00,CT Oil 02,0.0
2030,sc01,03-22 09:00:00+01:00,CT NG 39,0.0
2030,sc01,03-22 09:00:00+01:00,CC NG 08,0.0
2030,sc01,03-22 09:00:00+01:00,Biomass 43,0.0
2030,sc01,03-22 09:00:00+01:00,CT NG 18,0.0
2030,sc01,03-22 09:00:00+01:00,ST NG 07,0.0
2030,sc01,03-22 09:00:00+01:00,Biomass 35,0.0
2030,sc01,03-22 09:00:00+01:00,Solar 32,0.0
2030,sc01,03-22 09:00:00+01:00,Biomass 15,0.007560000000000001
2030,sc01,03-22 09:00:00+01:00,CC NG 31,0.0
2030,sc01,03-22 09:00:00+01:00,Solar 16,1.15227979128
2030,sc01,03-22 09:00:00+01:00,Solar 68,0.0
2030,sc01,03-22 09:00:00+01:00,CT NG 21,0.0
2030,sc01,03-22 09:00:00+01:00,Wind 11,0.38623412411999997
2030,sc01,03-22 09:00:00+01:00,CC NG 37,0.0
2030,sc01,03-22 09:00:00+01:00,CT NG 22,0.0
2030,sc01,03-22 09:00:00+01:00,Hydro 16,0.0
2030,sc01,03-22 09:00:00+01:00,Biomass 59,0.14904
2030,sc01,03-22 09:00:00+01:00,CC NG 01,0.0
2030,sc01,03-22 09:00:00+01:00,Biomass 16,0.007560000000000001
2030,sc01,03-22 09:00:00+01:00,Solar 03,6.5711091564
2030,sc01,03-22 09:00:00+01:00,Solar 44,0.0
2030,sc01,03-22 09:00:00+01:00,CT NG 08,0.0
2030,sc01,03-22 09:00:00+01:00,Wind 05,0.038160876095999996
2030,sc01,03-22 09:00:00+01:00,Biomass 26,0.06084
2030,sc01,03-22 09:00:00+01:00,Solar 37,0.0
2030,sc01,03-22 09:00:00+01:00,Biomass 11,0.01296
2030,sc01,03-22 09:00:00+01:00,Solar 59,0.0
2030,sc01,03-22 09:00:00+01:00,CT NG 11,0.0
2030,sc01,03-22 09:00:00+01:00,Biomass 30,0.06084
2030,sc01,03-22 09:00:00+01:00,Hydro 23,26.4673332
2030,sc01,03-22 09:00:00+01:00,CC NG 24,0.0
2030,sc01,03-22 09:00:00+01:00,Solar 65,12.818047305600002
2030,sc01,03-22 09:00:00+01:00,CC NG 18,0.0
2030,sc01,03-22 09:00:00+01:00,CT NG 16,0.0
2030,sc01,03-22 09:00:00+01:00,Solar 51,0.0
2030,sc01,03-22 09:00:00+01:00,Wind 06,0.42140450411999997
2030,sc01,03-22 09:00:00+01:00,CC NG 26,0.0
2030,sc01,03-22 09:00:00+01:00,CC NG 23,0.0
2030,sc01,03-22 09:00:00+01:00,CT NG 43,0.0
2030,sc01,03-22 09:00:00+01:00,CC NG 11,0.0
2030,sc01,03-22 09:00:00+01:00,CT NG 02,0.0
2030,sc01,03-22 09:00:00+01:00,CT NG 50,0.0
2030,sc01,03-22 09:00:00+01:00,Hydro 27,0.0
2030,sc01,03-22 09:00:00+01:00,CT NG 13,0.7534943999999999
2030,sc01,03-22 09:00:00+01:00,CT NG 25,0.0
2030,sc01,03-22 09:00:00+01:00,CC NG 05,0.0
2030,sc01,03-22 09:00:00+01:00,Solar 04,0.8227423620000001
2030,sc01,03-22 09:00:00+01:00,Solar 30,1.11115664316
2030,sc01,03-22 09:00:00+01:00,Solar 29,1.4593863006
2030,sc01,03-22 09:00:00+01:00,Solar 53,0.0
2030,sc01,03-22 09:00:00+01:00,Solar 21,3.1217967561599997
2030,sc01,03-22 09:00:00+01:00,Biomass 58,0.0684
2030,sc01,03-22 09:00:00+01:00,CT NG 74,0.0
2030,sc01,03-22 09:00:00+01:00,Solar 61,0.0
2030,sc01,03-22 09:00:00+01:00,Wind 07,0.349834732704
2030,sc01,03-22 09:00:00+01:00,Biomass 31,0.06084
2030,sc01,03-22 09:00:00+01:00,CT Oil 05,0.0
2030,sc01,03-22 09:00:00+01:00,Biomass 38,0.0
2030,sc01,03-22 09:00:00+01:00,Solar 41,0.0
2030,sc01,03-22 09:00:00+01:00,Biomass 51,0.0
2030,sc01,03-22 09:00:00+01:00,Biomass 55,0.08567999999999999
2030,sc01,03-22 09:00:00+01:00,Wind 15,0.0
2030,sc01,03-22 09:00:00+01:00,Geo 01,0.0
2030,sc01,03-22 09:00:00+01:00,Biomass 60,0.09720000000000001
2030,sc01,03-22 09:00:00+01:00,CT NG 38,0.0
2030,sc01,03-22 09:00:00+01:00,Solar 66,26.8148618568
2030,sc01,03-22 09:00:00+01:00,Solar 49,0.0
2030,sc01,03-22 09:00:00+01:00,CT NG 51,0.0
2030,sc01,03-22 09:00:00+01:00,Biomass 18,0.007560000000000001
2030,sc01,03-22 09:00:00+01:00,ICE NG 01,0.0
2030,sc01,03-22 09:00:00+01:00,Solar 15,1.785327273
2030,sc01,03-22 09:00:00+01:00,ICE NG 05,0.0
2030,sc01,03-22 09:00:00+01:00,CT Oil 04,0.0
2030,sc01,03-22 09:00:00+01:00,CC NG 20,0.0
2030,sc01,03-22 09:00:00+01:00,Solar 20,2.040533748
2030,sc01,03-22 09:00:00+01:00,Biomass 04,0.0
2030,sc01,03-22 09:00:00+01:00,Wind 02,1.1046157236
2030,sc01,03-22 09:00:00+01:00,Hydro 25,0.0
2030,sc01,03-22 09:00:00+01:00,Solar 75,7.4144847564
2030,sc01,03-22 09:00:00+01:00,Hydro 33,39.645579600000005
2030,sc01,03-22 09:00:00+01:00,ST NG 05,0.0
2030,sc01,03-22 09:00:00+01:00,CT NG 07,0.0
2030,sc01,03-22 09:00:00+01:00,Wind 01,0.21712713552
2030,sc01,03-22 09:00:00+01:00,Solar 56,0.0
2030,sc01,03-22 09:00:00+01:00,Biomass 09,0.029519999999999998
2030,sc01,03-22 09:00:00+01:00,Biomass 53,0.08567999999999999
2030,sc01,03-22 09:00:00+01:00,Wind 17,1.514405799100299
2030,sc01,03-22 09:00:00+01:00,ST NG 08,0.0
2030,sc01,03-22 09:00:00+01:00,Hydro 19,0.0
2030,sc01,03-22 09:00:00+01:00,ST NG 02,0.0
2030,sc01,03-22 09:00:00+01:00,Biomass 01,0.036000000000000004
2030,sc01,03-22 09:00:00+01:00,Biomass 57,0.0684
2030,sc01,03-22 09:00:00+01:00,CT NG 49,0.0
2030,sc01,03-22 09:00:00+01:00,CT NG 31,0.0
2030,sc01,03-22 09:00:00+01:00,Solar 64,6.048
2030,sc01,03-22 09:00:00+01:00,CC NG 33,0.0
2030,sc01,03-22 09:00:00+01:00,Solar 46,0.0
2030,sc01,03-22 09:00:00+01:00,Biomass 12,0.01296
2030,sc01,03-22 09:00:00+01:00,Wind 04,0.41345007984000004
2030,sc01,03-22 09:00:00+01:00,Solar 13,0.044818192800000003
2030,sc01,03-22 09:00:00+01:00,CT NG 55,0.0
2030,sc01,03-22 09:00:00+01:00,Wind N03,0.0
2030,sc01,03-22 09:00:00+01:00,CT NG 28,0.0
2030,sc01,03-22 09:00:00+01:00,Wind 09,0.53491510548
2030,sc01,03-22 09:00:00+01:00,Solar 60,0.0
2030,sc01,03-22 09:00:00+01:00,Solar 25,0.32865967296
2030,sc01,03-22 09:00:00+01:00,CT NG 23,0.0
2030,sc01,03-22 09:00:00+01:00,ST Other 01,0.0
2030,sc01,03-22 09:00:00+01:00,Solar 70,24.21474774241391
2030,sc01,03-22 09:00:00+01:00,CC NG 34,0.0
2030,sc01,03-22 09:00:00+01:00,Solar 48,0.0
2030,sc01,03-22 09:00:00+01:00,Biomass 56,0.08676
2030,sc01,03-22 09:00:00+01:00,CT NG 36,0.0
2030,sc01,03-22 09:00:00+01:00,Solar 47,0.0
2030,sc01,03-22 09:00:00+01:00,Hydro 17,0.0
2030,sc01,03-22 09:00:00+01:00,Solar 09,0.0
2030,sc01,03-22 09:00:00+01:00,Solar 08,0.0
2030,sc01,03-22 09:00:00+01:00,CT NG 45,0.0
2030,sc01,03-22 09:00:00+01:00,ST NG 04,0.0
2030,sc01,03-22 09:00:00+01:00,Solar 40,0.0
2030,sc01,03-22 09:00:00+01:00,Biomass 47,0.0
2030,sc01,03-22 09:00:00+01:00,Solar 50,0.0
2030,sc01,03-22 09:00:00+01:00,Solar 52,0.0
2030,sc01,03-22 09:00:00+01:00,Solar 63,14.370974301599999
2030,sc01,03-22 09:00:00+01:00,CC NG 06,0.0
2030,sc01,03-22 09:00:00+01:00,Biomass 39,0.0
2030,sc01,03-22 09:00:00+01:00,Solar 67,1.2633870668222356
2030,sc01,03-22 09:00:00+01:00,Solar 19,0.016950441888
2030,sc01,03-22 09:00:00+01:00,Wind 12,3.35526948576
2030,sc01,03-22 09:00:00+01:00,Solar 24,0.245131410816
2030,sc01,03-22 09:00:00+01:00,ICE NG 02,0.0
2030,sc01,03-22 09:00:00+01:00,Solar 05,0.0
2030,sc01,03-22 09:00:00+01:00,CT NG 54,0.0
2030,sc01,03-22 09:00:00+01:00,Wind N01,31.832043839999997
2030,sc01,03-22 09:00:00+01:00,CT NG 27,0.0
2030,sc01,03-22 09:00:00+01:00,CC NG 36,0.0
2030,sc01,03-22 09:00:00+01:00,Wind N02,67.73489688741175
2030,sc01,03-22 09:00:00+01:00,CT NG 52,0.0
2030,sc01,03-22 09:00:00+01:00,Solar 35,0.0
2030,sc01,03-22 09:00:00+01:00,CT NG 05,0.0
2030,sc01,03-22 09:00:00+01:00,Biomass 36,0.0
2030,sc01,03-22 09:00:00+01:00,CT NG 34,0.0
2030,sc01,03-22 09:00:00+01:00,CT Oil 03,0.0
2030,sc01,03-22 09:00:00+01:00,Hydro 35,0.0
2030,sc01,03-22 09:00:00+01:00,Solar 14,1.9848819132
2030,sc01,03-22 09:00:00+01:00,CT NG 75,0.0
2030,sc01,03-22 09:00:00+01:00,ST NG 09,0.0
2030,sc01,03-22 09:00:00+01:00,CT NG 56,0.0
2030,sc01,03-22 09:00:00+01:00,Biomass 22,0.0126
2030,sc01,03-22 09:00:00+01:00,Solar 18,2.09358007848
2030,sc01,03-22 09:00:00+01:00,Biomass 13,0.01296
2030,sc01,03-22 09:00:00+01:00,CT NG 71,0.0
2030,sc01,03-22 09:00:00+01:00,Solar 58,0.0
2030,sc01,03-22 09:00:00+01:00,Solar 06,0.0
2030,sc01,03-22 09:00:00+01:00,Biomass 08,0.029519999999999998
2030,sc01,03-22 09:00:00+01:00,CT NG 72,0.0
2030,sc01,03-22 09:00:00+01:00,Hydro 18,0.0
2030,sc01,03-22 09:00:00+01:00,Solar 10,1.9655176089600002
2030,sc01,03-22 09:00:00+01:00,CT NG 04,0.0
2030,sc01,03-22 09:00:00+01:00,ST Other 02,0.0
2030,sc01,03-22 09:00:00+01:00,CT NG 12,0.0
2030,sc01,03-22 09:00:00+01:00,CT NG 48,0.0
2030,sc01,03-22 09:00:00+01:00,ST NG 10,0.0
2030,sc01,03-22 09:00:00+01:00,Solar 22,1.51791936696
2030,sc01,03-22 09:00:00+01:00,Solar 28,1.3583610734399998
2030,sc01,03-22 09:00:00+01:00,CT NG 73,0.0
2030,sc01,03-22 09:00:00+01:00,Biomass 52,0.0
2030,sc01,03-22 09:00:00+01:00,CT NG 30,0.0
2030,sc01,03-22 09:00:00+01:00,Solar 54,0.0
2030,sc01,03-22 09:00:00+01:00,Solar 31,0.0
2030,sc01,03-22 09:00:00+01:00,Biomass 03,0.0
2030,sc01,03-22 09:00:00+01:00,CT NG 32,0.0
2030,sc01,03-22 09:00:00+01:00,Biomass 27,0.06084
2030,sc01,03-22 09:00:00+01:00,CC NG 14,0.0
2030,sc01,03-22 09:00:00+01:00,CC NG 03,0.0
2030,sc01,03-22 09:00:00+01:00,CC NG 29,0.0
2030,sc01,03-22 09:00:00+01:00,CC NG 28,0.0
2030,sc01,03-22 09:00:00+01:00,CC NG 25,0.0
2030,sc01,03-22 09:00:00+01:00,CT NG 44,0.0
2030,sc01,03-22 09:00:00+01:00,CT NG 14,0.34289070006142297
2030,sc01,03-22 09:00:00+01:00,CC NG 15,0.0
2030,sc01,03-22 09:00:00+01:00,CC NG 04,0.0
2030,sc01,03-22 09:00:00+01:00,Biomass 29,0.06084
2030,sc01,03-22 09:00:00+01:00,Wind 14,0.0
2030,sc01,03-22 09:00:00+01:00,Wind 08,0.60755194188
2030,sc01,03-22 09:00:00+01:00,Biomass 61,0.0
2030,sc01,03-22 09:00:00+01:00,CT NG 35,0.0
2030,sc01,03-22 09:00:00+01:00,Solar 33,0.0
2030,sc01,03-22 09:00:00+01:00,CT NG 41,0.0
2030,sc01,03-22 09:00:00+01:00,CT NG 15,0.0
2030,sc01,03-22 09:00:00+01:00,Solar 42,0.0
2030,sc01,03-22 09:00:00+01:00,Solar 07,0.0
2030,sc01,03-22 09:00:00+01:00,Solar 43,0.0
2030,sc01,03-22 09:00:00+01:00,Biomass 05,0.015479999999999999
2030,sc01,03-22 09:00:00+01:00,CT NG 29,0.0
2030,sc01,03-22 09:00:00+01:00,Solar 71,0.0
2030,sc01,03-22 09:00:00+01:00,CT NG 53,0.0
2030,sc01,03-22 09:00:00+01:00,CT NG 20,0.0
2030,sc01,03-22 09:00:00+01:00,Biomass 14,0.028800000000000003
2030,sc01,03-22 09:00:00+01:00,Solar 26,0.304361805024
2030,sc01,03-22 09:00:00+01:00,Hydro 29,0.0
2030,sc01,03-22 09:00:00+01:00,Hydro 31,0.0
2030,sc01,03-22 09:00:00+01:00,Biomass 24,0.016200000000000003
2030,sc01,03-22 09:00:00+01:00,Biomass 54,0.08567999999999999
2030,sc01,03-22 09:00:00+01:00,Solar 36,0.0
2030,sc01,03-22 09:00:00+01:00,Wind 03,1.0299515184
2030,sc01,03-22 09:00:00+01:00,Biomass 40,0.0
2030,sc01,03-22 09:00:00+01:00,Biomass 49,0.0
2030,sc01,03-22 09:00:00+01:00,CC NG 16,0.0
2030,sc01,03-22 09:00:00+01:00,Biomass 48,0.0
2030,sc01,03-22 09:00:00+01:00,Hydro 28,0.0
2030,sc01,03-22 09:00:00+01:00,Biomass 17,0.007560000000000001
2030,sc01,03-22 09:00:00+01:00,CT NG 33,0.0
2030,sc01,03-22 09:00:00+01:00,Solar 45,0.0
2030,sc01,03-22 09:00:00+01:00,Hydro 24,26.4673332
2030,sc01,03-22 09:00:00+01:00,Wind 13,1.2472448713200002
2030,sc01,03-22 09:00:00+01:00,Biomass 07,0.07200000000000001
2030,sc01,03-22 09:00:00+01:00,Biomass 34,0.0
2030,sc01,03-22 09:00:00+01:00,Biomass 33,0.0
2030,sc01,03-22 09:00:00+01:00,CT NG 01,0.8860536000000001
2030,sc01,03-22 09:00:00+01:00,ICE NG 03,0.0
2030,sc01,03-22 09:00:00+01:00,Solar 55,0.0
2030,sc01,03-22 09:00:00+01:00,Solar 11,0.336210933312
2030,sc01,03-22 09:00:00+01:00,CT NG 06,0.0
2030,sc01,03-22 09:00:00+01:00,CT NG 70,0.0
2030,sc01,03-22 09:00:00+01:00,Solar 23,0.04978313913600001
2030,sc01,03-22 09:00:00+01:00,CT NG 67,0.0
2030,sc01,03-22 09:00:00+01:00,Solar 12,0.260262782208
2030,sc01,03-22 09:00:00+01:00,CT Oil 01,0.0
2030,sc01,03-22 09:00:00+01:00,Hydro 26,0.0
2030,sc01,03-22 09:00:00+01:00,CC NG 22,0.0
2030,sc01,03-22 09:00:00+01:00,CC NG 35,0.0
2030,sc01,03-22 09:00:00+01:00,Biomass 50,0.0
2030,sc01,03-22 09:00:00+01:00,ICE NG 04,0.0
2030,sc01,03-22 09:00:00+01:00,CC NG 39,0.0
2030,sc01,03-22 09:00:00+01:00,Hydro 32,0.0
2030,sc01,03-22 09:00:00+01:00,ICE NG 07,0.0
2030,sc01,03-22 09:00:00+01:00,Biomass 46,0.0
2030,sc01,03-22 09:00:00+01:00,CC NG 38,0.0
2030,sc01,03-22 09:00:00+01:00,CC NG 12,0.0
2030,sc01,03-22 09:00:00+01:00,Solar 57,0.0
2030,sc01,03-22 09:00:00+01:00,CC NG 32,0.0
2030,sc01,03-22 09:00:00+01:00,CC NG 07,0.0
2030,sc01,03-22 09:00:00+01:00,Biomass 44,0.0
2030,sc01,03-22 09:00:00+01:00,CT NG 40,0.0
2030,sc01,03-22 09:00:00+01:00,Solar 74,6.9642470664
2030,sc01,03-22 09:00:00+01:00,Hydro 30,0.0
2030,sc01,03-22 09:00:00+01:00,CT NG 42,0.0
2030,sc01,03-22 09:00:00+01:00,Hydro 22,0.0
2030,sc01,03-22 09:00:00+01:00,Solar 17,0.5104793286
2030,sc01,03-22 09:00:00+01:00,Solar 38,0.0
2030,sc01,03-22 09:00:00+01:00,CT NG 24,0.0
2030,sc01,03-22 09:00:00+01:00,CC NG 27,0.0
2030,sc01,03-22 09:00:00+01:00,Biomass 21,0.0126
2030,sc01,03-22 09:00:00+01:00,ICE NG 06,0.0
2030,sc01,03-22 09:00:00+01:00,Biomass 25,0.016200000000000003
2030,sc01,03-22 09:00:00+01:00,Solar 27,0.19542897648000002
2030,sc01,03-22 09:00:00+01:00,CT NG 19,0.0
2030,sc01,03-22 09:00:00+01:00,Biomass 42,0.0
2030,sc01,03-22 09:00:00+01:00,Biomass 19,0.0126
2030,sc01,03-22 09:00:00+01:00,Biomass 06,0.015479999999999999
2030,sc01,03-22 09:00:00+01:00,CT NG 10,0.0
2030,sc01,03-22 09:00:00+01:00,CC NG 40,0.0
2030,sc01,03-22 09:00:00+01:00,CC NG 21,0.0
2030,sc01,03-22 09:00:00+01:00,Biomass 02,0.036000000000000004
2030,sc01,03-22 09:00:00+01:00,CT NG 46,0.0
2030,sc01,03-22 09:00:00+01:00,Hydro 34,39.645579600000005
2030,sc01,03-22 09:00:00+01:00,Biomass 10,0.029519999999999998
2030,sc01,03-22 09:00:00+01:00,CT NG 17,0.0
2030,sc01,03-22 09:00:00+01:00,Biomass 62,0.06624000000000001
2030,sc01,03-22 09:00:00+01:00,Biomass 32,0.043199999999999995
2030,sc01,03-22 09:00:00+01:00,CC NG 19,3.1279216913133157
2030,sc01,03-22 09:00:00+01:00,CC NG 17,0.0
2030,sc01,03-22 09:00:00+01:00,ST NG 01,0.0
2030,sc01,03-22 09:00:00+01:00,Biomass 45,0.0
2030,sc01,03-22 09:00:00+01:00,Biomass 28,0.06084
2030,sc01,03-22 09:00:00+01:00,CC NG 10,0.0
2030,sc01,03-22 09:00:00+01:00,Biomass 23,0.016200000000000003
2030,sc01,03-22 09:00:00+01:00,ST NG 06,0.0
2030,sc01,03-22 09:00:00+01:00,Wind 10,0.5502719808000001
2030,sc01,03-22 09:00:00+01:00,CT NG 69,0.0
2030,sc01,03-22 09:00:00+01:00,CT NG 68,0.0
2030,sc01,03-24 10:00:00+01:00,CC NG 13,0.0
2030,sc01,03-24 10:00:00+01:00,CT NG 37,0.0
2030,sc01,03-24 10:00:00+01:00,ST Coal 01,0.0
2030,sc01,03-24 10:00:00+01:00,CT NG 09,0.0
2030,sc01,03-24 10:00:00+01:00,CT NG 47,0.0
2030,sc01,03-24 10:00:00+01:00,Solar 69,0.0
2030,sc01,03-24 10:00:00+01:00,Solar 34,0.0
2030,sc01,03-24 10:00:00+01:00,Solar 73,0.0
2030,sc01,03-24 10:00:00+01:00,Biomass 37,0.0
2030,sc01,03-24 10:00:00+01:00,Hydro 20,0.0
2030,sc01,03-24 10:00:00+01:00,Solar 01,18.8761859685
2030,sc01,03-24 10:00:00+01:00,Solar 62,0.0
2030,sc01,03-24 10:00:00+01:00,Solar 02,0.0
2030,sc01,03-24 10:00:00+01:00,CT NG 26,0.0
2030,sc01,03-24 10:00:00+01:00,Biomass 20,0.0
2030,sc01,03-24 10:00:00+01:00,Wind 16,17.7090323161468
2030,sc01,03-24 10:00:00+01:00,CT NG 66,0.0
2030,sc01,03-24 10:00:00+01:00,Solar 39,0.0
2030,sc01,03-24 10:00:00+01:00,Biomass 41,0.0
2030,sc01,03-24 10:00:00+01:00,Solar 72,0.0
2030,sc01,03-24 10:00:00+01:00,ST NG 03,0.0
2030,sc01,03-24 10:00:00+01:00,Hydro 21,2.7870507
2030,sc01,03-24 10:00:00+01:00,CT NG 03,0.0
2030,sc01,03-24 10:00:00+01:00,CC NG 09,0.0
2030,sc01,03-24 10:00:00+01:00,CT Oil 02,0.0
2030,sc01,03-24 10:00:00+01:00,CT NG 39,0.0
2030,sc01,03-24 10:00:00+01:00,CC NG 08,0.0
2030,sc01,03-24 10:00:00+01:00,Biomass 43,0.0
2030,sc01,03-24 10:00:00+01:00,CT NG 18,0.0
2030,sc01,03-24 10:00:00+01:00,ST NG 07,0.0
2030,sc01,03-24 10:00:00+01:00,Biomass 35,0.0
2030,sc01,03-24 10:00:00+01:00,Solar 32,0.0
2030,sc01,03-24 10:00:00+01:00,Biomass 15,0.0
2030,sc01,03-24 10:00:00+01:00,CC NG 31,0.0
2030,sc01,03-24 10:00:00+01:00,Solar 16,0.16037608032
2030,sc01,03-24 10:00:00+01:00,Solar 68,0.0
2030,sc01,03-24 10:00:00+01:00,CT NG 21,0.0
2030,sc01,03-24 10:00:00+01:00,Wind 11,2.7574393887
2030,sc01,03-24 10:00:00+01:00,CC NG 37,0.0
2030,sc01,03-24 10:00:00+01:00,CT NG 22,0.0
2030,sc01,03-24 10:00:00+01:00,Hydro 16,0.0
2030,sc01,03-24 10:00:00+01:00,Biomass 59,0.18630000000000002
2030,sc01,03-24 10:00:00+01:00,CC NG 01,0.0
2030,sc01,03-24 10:00:00+01:00,Biomass 16,0.00945
2030,sc01,03-24 10:00:00+01:00,Solar 03,0.0
2030,sc01,03-24 10:00:00+01:00,Solar 44,0.0
2030,sc01,03-24 10:00:00+01:00,CT NG 08,0.0
2030,sc01,03-24 10:00:00+01:00,Wind 05,0.28944904248
2030,sc01,03-24 10:00:00+01:00,Biomass 26,0.07604999999999999
2030,sc01,03-24 10:00:00+01:00,Solar 37,0.0
2030,sc01,03-24 10:00:00+01:00,Biomass 11,0.0
2030,sc01,03-24 10:00:00+01:00,Solar 59,0.0
2030,sc01,03-24 10:00:00+01:00,CT NG 11,0.0
2030,sc01,03-24 10:00:00+01:00,Biomass 30,0.0
2030,sc01,03-24 10:00:00+01:00,Hydro 23,0.0
2030,sc01,03-24 10:00:00+01:00,CC NG 24,0.0
2030,sc01,03-24 10:00:00+01:00,Solar 65,11.950421642999999
2030,sc01,03-24 10:00:00+01:00,CC NG 18,0.0
2030,sc01,03-24 10:00:00+01:00,CT NG 16,0.0
2030,sc01,03-24 10:00:00+01:00,Solar 51,0.0
2030,sc01,03-24 10:00:00+01:00,Wind 06,4.6196601975
2030,sc01,03-24 10:00:00+01:00,CC NG 26,0.0
2030,sc01,03-24 10:00:00+01:00,CC NG 23,0.0
2030,sc01,03-24 10:00:00+01:00,CT NG 43,0.0
2030,sc01,03-24 10:00:00+01:00,CC NG 11,0.0
2030,sc01,03-24 10:00:00+01:00,CT NG 02,0.0
2030,sc01,03-24 10:00:00+01:00,CT NG 50,0.0
2030,sc01,03-24 10:00:00+01:00,Hydro 27,0.0
2030,sc01,03-24 10:00:00+01:00,CT NG 13,0.0
2030,sc01,03-24 10:00:00+01:00,CT NG 25,0.0
2030,sc01,03-24 10:00:00+01:00,CC NG 05,0.0
2030,sc01,03-24 10:00:00+01:00,Solar 04,0.644180967
2030,sc01,03-24 10:00:00+01:00,Solar 30,0.15465249684000001
2030,sc01,03-24 10:00:00+01:00,Solar 29,0.0
2030,sc01,03-24 10:00:00+01:00,Solar 53,0.0
2030,sc01,03-24 10:00:00+01:00,Solar 21,2.4442670583
2030,sc01,03-24 10:00:00+01:00,Biomass 58,0.0855
2030,sc01,03-24 10:00:00+01:00,CT NG 74,0.0
2030,sc01,03-24 10:00:00+01:00,Solar 61,0.0
2030,sc01,03-24 10:00:00+01:00,Wind 07,2.8540830590999997
2030,sc01,03-24 10:00:00+01:00,Biomass 31,0.0
2030,sc01,03-24 10:00:00+01:00,CT Oil 05,0.0
2030,sc01,03-24 10:00:00+01:00,Biomass 38,0.0
2030,sc01,03-24 10:00:00+01:00,Solar 41,0.0
2030,sc01,03-24 10:00:00+01:00,Biomass 51,0.0
2030,sc01,03-24 10:00:00+01:00,Biomass 55,0.0
2030,sc01,03-24 10:00:00+01:00,Wind 15,0.0
2030,sc01,03-24 10:00:00+01:00,Geo 01,0.0
2030,sc01,03-24 10:00:00+01:00,Biomass 60,0.12150000000000001
2030,sc01,03-24 10:00:00+01:00,CT NG 38,0.0
2030,sc01,03-24 10:00:00+01:00,Solar 66,16.105842135
2030,sc01,03-24 10:00:00+01:00,Solar 49,0.0
2030,sc01,03-24 10:00:00+01:00,CT NG 51,0.0
2030,sc01,03-24 10:00:00+01:00,Biomass 18,0.00945
2030,sc01,03-24 10:00:00+01:00,ICE NG 01,0.0
2030,sc01,03-24 10:00:00+01:00,Solar 15,1.39785417855
2030,sc01,03-24 10:00:00+01:00,ICE NG 05,0.0
2030,sc01,03-24 10:00:00+01:00,CT Oil 04,0.0
2030,sc01,03-24 10:00:00+01:00,CC NG 20,0.0
2030,sc01,03-24 10:00:00+01:00,Solar 20,0.0
2030,sc01,03-24 10:00:00+01:00,Biomass 04,0.0
2030,sc01,03-24 10:00:00+01:00,Wind 02,6.246738513
2030,sc01,03-24 10:00:00+01:00,Hydro 25,0.0
2030,sc01,03-24 10:00:00+01:00,Solar 75,0.0
2030,sc01,03-24 10:00:00+01:00,Hydro 33,0.0
2030,sc01,03-24 10:00:00+01:00,ST NG 05,0.0
2030,sc01,03-24 10:00:00+01:00,CT NG 07,0.0
2030,sc01,03-24 10:00:00+01:00,Wind 01,2.01407397885
2030,sc01,03-24 10:00:00+01:00,Solar 56,0.0
2030,sc01,03-24 10:00:00+01:00,Biomass 09,0.0369
2030,sc01,03-24 10:00:00+01:00,Biomass 53,0.0
2030,sc01,03-24 10:00:00+01:00,Wind 17,0.0
2030,sc01,03-24 10:00:00+01:00,ST NG 08,0.0
2030,sc01,03-24 10:00:00+01:00,Hydro 19,0.0
2030,sc01,03-24 10:00:00+01:00,ST NG 02,0.0
2030,sc01,03-24 10:00:00+01:00,Biomass 01,0.045
2030,sc01,03-24 10:00:00+01:00,Biomass 57,0.0855
2030,sc01,03-24 10:00:00+01:00,CT NG 49,0.0
2030,sc01,03-24 10:00:00+01:00,CT NG 31,0.0
2030,sc01,03-24 10:00:00+01:00,Solar 64,6.273958734000001
2030,sc01,03-24 10:00:00+01:00,CC NG 33,0.0
2030,sc01,03-24 10:00:00+01:00,Solar 46,0.0
2030,sc01,03-24 10:00:00+01:00,Biomass 12,0.0
2030,sc01,03-24 10:00:00+01:00,Wind 04,1.2692597188499999
2030,sc01,03-24 10:00:00+01:00,Solar 13,0.03509121204
2030,sc01,03-24 10:00:00+01:00,CT NG 55,0.0
2030,sc01,03-24 10:00:00+01:00,Wind N03,38.69967461771313
2030,sc01,03-24 10:00:00+01:00,CT NG 28,0.0
2030,sc01,03-24 10:00:00+01:00,Wind 09,4.3002703044
2030,sc01,03-24 10:00:00+01:00,Solar 60,0.0
2030,sc01,03-24 10:00:00+01:00,Solar 25,0.25733001672
2030,sc01,03-24 10:00:00+01:00,CT NG 23,0.0
2030,sc01,03-24 10:00:00+01:00,ST Other 01,0.0
2030,sc01,03-24 10:00:00+01:00,Solar 70,32.674575726833126
2030,sc01,03-24 10:00:00+01:00,CC NG 34,0.0
2030,sc01,03-24 10:00:00+01:00,Solar 48,0.0
2030,sc01,03-24 10:00:00+01:00,Biomass 56,0.0
2030,sc01,03-24 10:00:00+01:00,CT NG 36,0.0
2030,sc01,03-24 10:00:00+01:00,Solar 47,0.0
2030,sc01,03-24 10:00:00+01:00,Hydro 17,0.0
2030,sc01,03-24 10:00:00+01:00,Solar 09,1.7055238814999998
2030,sc01,03-24 10:00:00+01:00,Solar 08,0.33317114436
2030,sc01,03-24 10:00:00+01:00,CT NG 45,0.0
2030,sc01,03-24 10:00:00+01:00,ST NG 04,0.0
2030,sc01,03-24 10:00:00+01:00,Solar 40,0.0
2030,sc01,03-24 10:00:00+01:00,Biomass 47,0.0
2030,sc01,03-24 10:00:00+01:00,Solar 50,0.0
2030,sc01,03-24 10:00:00+01:00,Solar 52,0.0
2030,sc01,03-24 10:00:00+01:00,Solar 63,13.398234399
2030,sc01,03-24 10:00:00+01:00,CC NG 06,0.0
2030,sc01,03-24 10:00:00+01:00,Biomass 39,0.0
2030,sc01,03-24 10:00:00+01:00,Solar 67,8.931409222500001
2030,sc01,03-24 10:00:00+01:00,Solar 19,0.01327165416
2030,sc01,03-24 10:00:00+01:00,Wind 12,28.991677734000003
2030,sc01,03-24 10:00:00+01:00,Solar 24,0.191930058
2030,sc01,03-24 10:00:00+01:00,ICE NG 02,0.0
2030,sc01,03-24 10:00:00+01:00,Solar 05,0.015606050040000001
2030,sc01,03-24 10:00:00+01:00,CT NG 54,0.0
2030,sc01,03-24 10:00:00+01:00,Wind N01,113.91668375700374
2030,sc01,03-24 10:00:00+01:00,CT NG 27,0.0
2030,sc01,03-24 10:00:00+01:00,CC NG 36,0.0
2030,sc01,03-24 10:00:00+01:00,Wind N02,110.89672553731359
2030,sc01,03-24 10:00:00+01:00,CT NG 52,0.0
2030,sc01,03-24 10:00:00+01:00,Solar 35,0.0
2030,sc01,03-24 10:00:00+01:00,CT NG 05,0.0
2030,sc01,03-24 10:00:00+01:00,Biomass 36,0.0
2030,sc01,03-24 10:00:00+01:00,CT NG 34,0.0
2030,sc01,03-24 10:00:00+01:00,CT Oil 03,0.0
2030,sc01,03-24 10:00:00+01:00,Hydro 35,0.0
2030,sc01,03-24 10:00:00+01:00,Solar 14,1.5540990826500003
2030,sc01,03-24 10:00:00+01:00,CT NG 75,0.0
2030,sc01,03-24 10:00:00+01:00,ST NG 09,0.0
2030,sc01,03-24 10:00:00+01:00,CT NG 56,0.0
2030,sc01,03-24 10:00:00+01:00,Biomass 22,0.01575
2030,sc01,03-24 10:00:00+01:00,Solar 18,1.6392062709
2030,sc01,03-24 10:00:00+01:00,Biomass 13,0.0162
2030,sc01,03-24 10:00:00+01:00,CT NG 71,0.0
2030,sc01,03-24 10:00:00+01:00,Solar 58,0.0
2030,sc01,03-24 10:00:00+01:00,Solar 06,1.07276209335
2030,sc01,03-24 10:00:00+01:00,Biomass 08,0.0369
2030,sc01,03-24 10:00:00+01:00,CT NG 72,0.0
2030,sc01,03-24 10:00:00+01:00,Hydro 18,0.0
2030,sc01,03-24 10:00:00+01:00,Solar 10,0.0
2030,sc01,03-24 10:00:00+01:00,CT NG 04,0.0
2030,sc01,03-24 10:00:00+01:00,ST Other 02,0.0
2030,sc01,03-24 10:00:00+01:00,CT NG 12,0.0
2030,sc01,03-24 10:00:00+01:00,CT NG 48,0.0
2030,sc01,03-24 10:00:00+01:00,ST NG 10,0.0
2030,sc01,03-24 10:00:00+01:00,Solar 22,0.0
2030,sc01,03-24 10:00:00+01:00,Solar 28,0.0
2030,sc01,03-24 10:00:00+01:00,CT NG 73,0.0
2030,sc01,03-24 10:00:00+01:00,Biomass 52,0.0
2030,sc01,03-24 10:00:00+01:00,CT NG 30,0.0
2030,sc01,03-24 10:00:00+01:00,Solar 54,0.0
2030,sc01,03-24 10:00:00+01:00,Solar 31,0.0
2030,sc01,03-24 10:00:00+01:00,Biomass 03,0.0
2030,sc01,03-24 10:00:00+01:00,CT NG 32,0.0
2030,sc01,03-24 10:00:00+01:00,Biomass 27,0.0
2030,sc01,03-24 10:00:00+01:00,CC NG 14,0.0
2030,sc01,03-24 10:00:00+01:00,CC NG 03,0.0
2030,sc01,03-24 10:00:00+01:00,CC NG 29,0.0
2030,sc01,03-24 10:00:00+01:00,CC NG 28,0.0
2030,sc01,03-24 10:00:00+01:00,CC NG 25,0.0
2030,sc01,03-24 10:00:00+01:00,CT NG 44,0.0
2030,sc01,03-24 10:00:00+01:00,CT NG 14,0.0
2030,sc01,03-24 10:00:00+01:00,CC NG 15,0.0
2030,sc01,03-24 10:00:00+01:00,CC NG 04,0.0
2030,sc01,03-24 10:00:00+01:00,Biomass 29,0.07604999999999999
2030,sc01,03-24 10:00:00+01:00,Wind 14,0.0
2030,sc01,03-24 10:00:00+01:00,Wind 08,4.5991989945
2030,sc01,03-24 10:00:00+01:00,Biomass 61,0.0
2030,sc01,03-24 10:00:00+01:00,CT NG 35,0.0
2030,sc01,03-24 10:00:00+01:00,Solar 33,0.0
2030,sc01,03-24 10:00:00+01:00,CT NG 41,0.0
2030,sc01,03-24 10:00:00+01:00,CT NG 15,0.0
2030,sc01,03-24 10:00:00+01:00,Solar 42,0.0
2030,sc01,03-24 10:00:00+01:00,Solar 07,0.028265682960000003
2030,sc01,03-24 10:00:00+01:00,Solar 43,0.0
2030,sc01,03-24 10:00:00+01:00,Biomass 05,0.01935
2030,sc01,03-24 10:00:00+01:00,CT NG 29,0.0
2030,sc01,03-24 10:00:00+01:00,Solar 71,0.0
2030,sc01,03-24 10:00:00+01:00,CT NG 53,0.0
2030,sc01,03-24 10:00:00+01:00,CT NG 20,0.0
2030,sc01,03-24 10:00:00+01:00,Biomass 14,0.036000000000000004
2030,sc01,03-24 10:00:00+01:00,Solar 26,0.23830556328000002
2030,sc01,03-24 10:00:00+01:00,Hydro 29,0.0
2030,sc01,03-24 10:00:00+01:00,Hydro 31,0.0
2030,sc01,03-24 10:00:00+01:00,Biomass 24,0.0
2030,sc01,03-24 10:00:00+01:00,Biomass 54,0.0
2030,sc01,03-24 10:00:00+01:00,Solar 36,44.38306973216248
2030,sc01,03-24 10:00:00+01:00,Wind 03,1.87307275545
2030,sc01,03-24 10:00:00+01:00,Biomass 40,0.0
2030,sc01,03-24 10:00:00+01:00,Biomass 49,0.0
2030,sc01,03-24 10:00:00+01:00,CC NG 16,0.0
2030,sc01,03-24 10:00:00+01:00,Biomass 48,0.0
2030,sc01,03-24 10:00:00+01:00,Hydro 28,0.0
2030,sc01,03-24 10:00:00+01:00,Biomass 17,0.00945
2030,sc01,03-24 10:00:00+01:00,CT NG 33,0.0
2030,sc01,03-24 10:00:00+01:00,Solar 45,0.0
2030,sc01,03-24 10:00:00+01:00,Hydro 24,0.0
2030,sc01,03-24 10:00:00+01:00,Wind 13,12.102517755
2030,sc01,03-24 10:00:00+01:00,Biomass 07,0.0
2030,sc01,03-24 10:00:00+01:00,Biomass 34,0.0
2030,sc01,03-24 10:00:00+01:00,Biomass 33,0.0
2030,sc01,03-24 10:00:00+01:00,CT NG 01,0.0
2030,sc01,03-24 10:00:00+01:00,ICE NG 03,0.0
2030,sc01,03-24 10:00:00+01:00,Solar 55,0.0
2030,sc01,03-24 10:00:00+01:00,Solar 11,0.26324241228
2030,sc01,03-24 10:00:00+01:00,CT NG 06,0.0
2030,sc01,03-24 10:00:00+01:00,CT NG 70,0.0
2030,sc01,03-24 10:00:00+01:00,Solar 23,0.03897860652
2030,sc01,03-24 10:00:00+01:00,CT NG 67,0.0
2030,sc01,03-24 10:00:00+01:00,Solar 12,0.20377743804000004
2030,sc01,03-24 10:00:00+01:00,CT Oil 01,0.0
2030,sc01,03-24 10:00:00+01:00,Hydro 26,0.0
2030,sc01,03-24 10:00:00+01:00,CC NG 22,0.0
2030,sc01,03-24 10:00:00+01:00,CC NG 35,0.0
2030,sc01,03-24 10:00:00+01:00,Biomass 50,0.0
2030,sc01,03-24 10:00:00+01:00,ICE NG 04,0.0
2030,sc01,03-24 10:00:00+01:00,CC NG 39,0.0
2030,sc01,03-24 10:00:00+01:00,Hydro 32,0.0
2030,sc01,03-24 10:00:00+01:00,ICE NG 07,0.0
2030,sc01,03-24 10:00:00+01:00,Biomass 46,0.0
2030,sc01,03-24 10:00:00+01:00,CC NG 38,0.0
2030,sc01,03-24 10:00:00+01:00,CC NG 12,0.0
2030,sc01,03-24 10:00:00+01:00,Solar 57,0.0
2030,sc01,03-24 10:00:00+01:00,CC NG 32,0.0
2030,sc01,03-24 10:00:00+01:00,CC NG 07,0.0
2030,sc01,03-24 10:00:00+01:00,Biomass 44,0.0
2030,sc01,03-24 10:00:00+01:00,CT NG 40,0.0
2030,sc01,03-24 10:00:00+01:00,Solar 74,9.0
2030,sc01,03-24 10:00:00+01:00,Hydro 30,0.0
2030,sc01,03-24 10:00:00+01:00,CT NG 42,0.0
2030,sc01,03-24 10:00:00+01:00,Hydro 22,2.7870507
2030,sc01,03-24 10:00:00+01:00,Solar 17,0.39968899452
2030,sc01,03-24 10:00:00+01:00,Solar 38,0.0
2030,sc01,03-24 10:00:00+01:00,CT NG 24,0.0
2030,sc01,03-24 10:00:00+01:00,CC NG 27,0.0
2030,sc01,03-24 10:00:00+01:00,Biomass 21,0.01575
2030,sc01,03-24 10:00:00+01:00,ICE NG 06,0.0
2030,sc01,03-24 10:00:00+01:00,Biomass 25,0.02025
2030,sc01,03-24 10:00:00+01:00,Solar 27,0.0
2030,sc01,03-24 10:00:00+01:00,CT NG 19,0.0
2030,sc01,03-24 10:00:00+01:00,Biomass 42,0.0
2030,sc01,03-24 10:00:00+01:00,Biomass 19,0.0
2030,sc01,03-24 10:00:00+01:00,Biomass 06,0.01935
2030,sc01,03-24 10:00:00+01:00,CT NG 10,0.0
2030,sc01,03-24 10:00:00+01:00,CC NG 40,0.0
2030,sc01,03-24 10:00:00+01:00,CC NG 21,0.0
2030,sc01,03-24 10:00:00+01:00,Biomass 02,0.044113843567652605
2030,sc01,03-24 10:00:00+01:00,CT NG 46,0.0
2030,sc01,03-24 10:00:00+01:00,Hydro 34,0.0
2030,sc01,03-24 10:00:00+01:00,Biomass 10,0.0369
2030,sc01,03-24 10:00:00+01:00,CT NG 17,0.0
2030,sc01,03-24 10:00:00+01:00,Biomass 62,0.0
2030,sc01,03-24 10:00:00+01:00,Biomass 32,0.0
2030,sc01,03-24 10:00:00+01:00,CC NG 19,0.0
2030,sc01,03-24 10:00:00+01:00,CC NG 17,0.0
2030,sc01,03-24 10:00:00+01:00,ST NG 01,0.0
2030,sc01,03-24 10:00:00+01:00,Biomass 45,0.0
2030,sc01,03-24 10:00:00+01:00,Biomass 28,0.0
2030,sc01,03-24 10:00:00+01:00,CC NG 10,0.0
2030,sc01,03-24 10:00:00+01:00,Biomass 23,0.0
2030,sc01,03-24 10:00:00+01:00,ST NG 06,0.0
2030,sc01,03-24 10:00:00+01:00,Wind 10,4.337954460000001
2030,sc01,03-24 10:00:00+01:00,CT NG 69,0.0
2030,sc01,03-24 10:00:00+01:00,CT NG 68,0.0
2030,sc01,03-26 20:00:00+01:00,CC NG 13,0.0
2030,sc01,03-26 20:00:00+01:00,CT NG 37,0.0
2030,sc01,03-26 20:00:00+01:00,ST Coal 01,0.0
2030,sc01,03-26 20:00:00+01:00,CT NG 09,0.0
2030,sc01,03-26 20:00:00+01:00,CT NG 47,0.0
2030,sc01,03-26 20:00:00+01:00,Solar 69,0.0
2030,sc01,03-26 20:00:00+01:00,Solar 34,0.0
2030,sc01,03-26 20:00:00+01:00,Solar 73,0.0
2030,sc01,03-26 20:00:00+01:00,Biomass 37,0.0
2030,sc01,03-26 20:00:00+01:00,Hydro 20,0.0
2030,sc01,03-26 20:00:00+01:00,Solar 01,0.0
2030,sc01,03-26 20:00:00+01:00,Solar 62,0.0
2030,sc01,03-26 20:00:00+01:00,Solar 02,0.0
2030,sc01,03-26 20:00:00+01:00,CT NG 26,0.0
2030,sc01,03-26 20:00:00+01:00,Biomass 20,0.01155
2030,sc01,03-26 20:00:00+01:00,Wind 16,0.0
2030,sc01,03-26 20:00:00+01:00,CT NG 66,0.0
2030,sc01,03-26 20:00:00+01:00,Solar 39,0.0
2030,sc01,03-26 20:00:00+01:00,Biomass 41,0.0
2030,sc01,03-26 20:00:00+01:00,Solar 72,0.0
2030,sc01,03-26 20:00:00+01:00,ST NG 03,0.0
2030,sc01,03-26 20:00:00+01:00,Hydro 21,0.0
2030,sc01,03-26 20:00:00+01:00,CT NG 03,0.0
2030,sc01,03-26 20:00:00+01:00,CC NG 09,0.0
2030,sc01,03-26 20:00:00+01:00,CT Oil 02,0.0
2030,sc01,03-26 20:00:00+01:00,CT NG 39,0.0
2030,sc01,03-26 20:00:00+01:00,CC NG 08,0.0
2030,sc01,03-26 20:00:00+01:00,Biomass 43,0.0
2030,sc01,03-26 20:00:00+01:00,CT NG 18,0.12471029999999997
2030,sc01,03-26 20:00:00+01:00,ST NG 07,0.0
2030,sc01,03-26 20:00:00+01:00,Biomass 35,0.0
2030,sc01,03-26 20:00:00+01:00,Solar 32,0.0
2030,sc01,03-26 20:00:00+01:00,Biomass 15,0.00693
2030,sc01,03-26 20:00:00+01:00,CC NG 31,0.0
2030,sc01,03-26 20:00:00+01:00,Solar 16,0.0
2030,sc01,03-26 20:00:00+01:00,Solar 68,0.0
2030,sc01,03-26 20:00:00+01:00,CT NG 21,0.0
2030,sc01,03-26 20:00:00+01:00,Wind 11,0.7014495038100002
2030,sc01,03-26 20:00:00+01:00,CC NG 37,0.0
2030,sc01,03-26 20:00:00+01:00,CT NG 22,0.0
2030,sc01,03-26 20:00:00+01:00,Hydro 16,0.0
2030,sc01,03-26 20:00:00+01:00,Biomass 59,0.13662000000000002
2030,sc01,03-26 20:00:00+01:00,CC NG 01,0.0
2030,sc01,03-26 20:00:00+01:00,Biomass 16,0.00693
2030,sc01,03-26 20:00:00+01:00,Solar 03,0.0
2030,sc01,03-26 20:00:00+01:00,Solar 44,0.0
2030,sc01,03-26 20:00:00+01:00,CT NG 08,0.0
2030,sc01,03-26 20:00:00+01:00,Wind 05,0.061855967712000005
2030,sc01,03-26 20:00:00+01:00,Biomass 26,0.05576999999999999
2030,sc01,03-26 20:00:00+01:00,Solar 37,0.0
2030,sc01,03-26 20:00:00+01:00,Biomass 11,0.011879999999999998
2030,sc01,03-26 20:00:00+01:00,Solar 59,0.0
2030,sc01,03-26 20:00:00+01:00,CT NG 11,0.0
2030,sc01,03-26 20:00:00+01:00,Biomass 30,0.05576999999999999
2030,sc01,03-26 20:00:00+01:00,Hydro 23,0.0
2030,sc01,03-26 20:00:00+01:00,CC NG 24,0.0
2030,sc01,03-26 20:00:00+01:00,Solar 65,0.0
2030,sc01,03-26 20:00:00+01:00,CC NG 18,0.0
2030,sc01,03-26 20:00:00+01:00,CT NG 16,0.0
2030,sc01,03-26 20:00:00+01:00,Solar 51,0.0
2030,sc01,03-26 20:00:00+01:00,Wind 06,0.95234625189
2030,sc01,03-26 20:00:00+01:00,CC NG 26,0.0
2030,sc01,03-26 20:00:00+01:00,CC NG 23,0.0
2030,sc01,03-26 20:00:00+01:00,CT NG 43,0.0
2030,sc01,03-26 20:00:00+01:00,CC NG 11,0.0
2030,sc01,03-26 20:00:00+01:00,CT NG 02,0.0
2030,sc01,03-26 20:00:00+01:00,CT NG 50,0.0
2030,sc01,03-26 20:00:00+01:00,Hydro 27,0.0
2030,sc01,03-26 20:00:00+01:00,CT NG 13,0.0
2030,sc01,03-26 20:00:00+01:00,CT NG 25,0.0
2030,sc01,03-26 20:00:00+01:00,CC NG 05,0.0
2030,sc01,03-26 20:00:00+01:00,Solar 04,0.0
2030,sc01,03-26 20:00:00+01:00,Solar 30,0.0
2030,sc01,03-26 20:00:00+01:00,Solar 29,0.0
2030,sc01,03-26 20:00:00+01:00,Solar 53,0.0
2030,sc01,03-26 20:00:00+01:00,Solar 21,0.0
2030,sc01,03-26 20:00:00+01:00,Biomass 58,0.0627
2030,sc01,03-26 20:00:00+01:00,CT NG 74,0.0
2030,sc01,03-26 20:00:00+01:00,Solar 61,0.0
2030,sc01,03-26 20:00:00+01:00,Wind 07,0.7788395138699999
2030,sc01,03-26 20:00:00+01:00,Biomass 31,0.05576999999999999
2030,sc01,03-26 20:00:00+01:00,CT Oil 05,0.0
2030,sc01,03-26 20:00:00+01:00,Biomass 38,0.0
2030,sc01,03-26 20:00:00+01:00,Solar 41,0.0
2030,sc01,03-26 20:00:00+01:00,Biomass 51,0.0
2030,sc01,03-26 20:00:00+01:00,Biomass 55,0.07853999999999998
2030,sc01,03-26 20:00:00+01:00,Wind 15,0.0
2030,sc01,03-26 20:00:00+01:00,Geo 01,0.0
2030,sc01,03-26 20:00:00+01:00,Biomass 60,0.0891
2030,sc01,03-26 20:00:00+01:00,CT NG 38,0.0
2030,sc01,03-26 20:00:00+01:00,Solar 66,0.0
2030,sc01,03-26 20:00:00+01:00,Solar 49,0.0
2030,sc01,03-26 20:00:00+01:00,CT NG 51,0.0
2030,sc01,03-26 20:00:00+01:00,Biomass 18,0.00693
2030,sc01,03-26 20:00:00+01:00,ICE NG 01,0.0
2030,sc01,03-26 20:00:00+01:00,Solar 15,0.0
2030,sc01,03-26 20:00:00+01:00,ICE NG 05,0.0
2030,sc01,03-26 20:00:00+01:00,CT Oil 04,0.0
2030,sc01,03-26 20:00:00+01:00,CC NG 20,0.0
2030,sc01,03-26 20:00:00+01:00,Solar 20,0.0
2030,sc01,03-26 20:00:00+01:00,Biomass 04,0.0
2030,sc01,03-26 20:00:00+01:00,Wind 02,1.82498127537
2030,sc01,03-26 20:00:00+01:00,Hydro 25,0.0
2030,sc01,03-26 20:00:00+01:00,Solar 75,0.0
2030,sc01,03-26 20:00:00+01:00,Hydro 33,0.0
2030,sc01,03-26 20:00:00+01:00,ST NG 05,0.0
2030,sc01,03-26 20:00:00+01:00,CT NG 07,0.0
2030,sc01,03-26 20:00:00+01:00,Wind 01,0.56811435417
2030,sc01,03-26 20:00:00+01:00,Solar 56,0.0
2030,sc01,03-26 20:00:00+01:00,Biomass 09,0.02706
2030,sc01,03-26 20:00:00+01:00,Biomass 53,0.07853999999999998
2030,sc01,03-26 20:00:00+01:00,Wind 17,22.220273052863806
2030,sc01,03-26 20:00:00+01:00,ST NG 08,0.0
2030,sc01,03-26 20:00:00+01:00,Hydro 19,0.0
2030,sc01,03-26 20:00:00+01:00,ST NG 02,0.0
2030,sc01,03-26 20:00:00+01:00,Biomass 01,0.033
2030,sc01,03-26 20:00:00+01:00,Biomass 57,0.0627
2030,sc01,03-26 20:00:00+01:00,CT NG 49,0.0
2030,sc01,03-26 20:00:00+01:00,CT NG 31,0.0
2030,sc01,03-26 20:00:00+01:00,Solar 64,0.0
2030,sc01,03-26 20:00:00+01:00,CC NG 33,0.0
2030,sc01,03-26 20:00:00+01:00,Solar 46,0.0
2030,sc01,03-26 20:00:00+01:00,Biomass 12,0.011879999999999998
2030,sc01,03-26 20:00:00+01:00,Wind 04,0.7021313055899999
2030,sc01,03-26 20:00:00+01:00,Solar 13,0.0
2030,sc01,03-26 20:00:00+01:00,CT NG 55,0.0
2030,sc01,03-26 20:00:00+01:00,Wind N03,128.5262675325689
2030,sc01,03-26 20:00:00+01:00,CT NG 28,0.0
2030,sc01,03-26 20:00:00+01:00,Wind 09,0.8617850864700001
2030,sc01,03-26 20:00:00+01:00,Solar 60,0.0
2030,sc01,03-26 20:00:00+01:00,Solar 25,0.0
2030,sc01,03-26 20:00:00+01:00,CT NG 23,0.0
2030,sc01,03-26 20:00:00+01:00,ST Other 01,0.0
2030,sc01,03-26 20:00:00+01:00,Solar 70,0.0
2030,sc01,03-26 20:00:00+01:00,CC NG 34,0.0
2030,sc01,03-26 20:00:00+01:00,Solar 48,0.0
2030,sc01,03-26 20:00:00+01:00,Biomass 56,0.07953
2030,sc01,03-26 20:00:00+01:00,CT NG 36,0.0
2030,sc01,03-26 20:00:00+01:00,Solar 47,0.0
2030,sc01,03-26 20:00:00+01:00,Hydro 17,0.00897237
2030,sc01,03-26 20:00:00+01:00,Solar 09,0.0
2030,sc01,03-26 20:00:00+01:00,Solar 08,0.0
2030,sc01,03-26 20:00:00+01:00,CT NG 45,0.0
2030,sc01,03-26 20:00:00+01:00,ST NG 04,0.0
2030,sc01,03-26 20:00:00+01:00,Solar 40,0.0
2030,sc01,03-26 20:00:00+01:00,Biomass 47,0.0
2030,sc01,03-26 20:00:00+01:00,Solar 50,0.0
2030,sc01,03-26 20:00:00+01:00,Solar 52,0.0
2030,sc01,03-26 20:00:00+01:00,Solar 63,0.0
2030,sc01,03-26 20:00:00+01:00,CC NG 06,0.0
2030,sc01,03-26 20:00:00+01:00,Biomass 39,0.0
2030,sc01,03-26 20:00:00+01:00,Solar 67,0.0
2030,sc01,03-26 20:00:00+01:00,Solar 19,0.0
2030,sc01,03-26 20:00:00+01:00,Wind 12,5.285879395500001
2030,sc01,03-26 20:00:00+01:00,Solar 24,0.0
2030,sc01,03-26 20:00:00+01:00,ICE NG 02,0.0
2030,sc01,03-26 20:00:00+01:00,Solar 05,0.0
2030,sc01,03-26 20:00:00+01:00,CT NG 54,0.0
2030,sc01,03-26 20:00:00+01:00,Wind N01,50.148086571
2030,sc01,03-26 20:00:00+01:00,CT NG 27,0.0
2030,sc01,03-26 20:00:00+01:00,CC NG 36,0.0
2030,sc01,03-26 20:00:00+01:00,Wind N02,73.87176557055312
2030,sc01,03-26 20:00:00+01:00,CT NG 52,0.0
2030,sc01,03-26 20:00:00+01:00,Solar 35,0.0
2030,sc01,03-26 20:00:00+01:00,CT NG 05,0.0
2030,sc01,03-26 20:00:00+01:00,Biomass 36,0.0
2030,sc01,03-26 20:00:00+01:00,CT NG 34,0.0
2030,sc01,03-26 20:00:00+01:00,CT Oil 03,0.0
2030,sc01,03-26 20:00:00+01:00,Hydro 35,0.0
2030,sc01,03-26 20:00:00+01:00,Solar 14,0.0
2030,sc01,03-26 20:00:00+01:00,CT NG 75,0.0
2030,sc01,03-26 20:00:00+01:00,ST NG 09,0.0
2030,sc01,03-26 20:00:00+01:00,CT NG 56,0.0
2030,sc01,03-26 20:00:00+01:00,Biomass 22,0.01155
2030,sc01,03-26 20:00:00+01:00,Solar 18,0.0
2030,sc01,03-26 20:00:00+01:00,Biomass 13,0.011879999999999998
2030,sc01,03-26 20:00:00+01:00,CT NG 71,0.0
2030,sc01,03-26 20:00:00+01:00,Solar 58,0.0
2030,sc01,03-26 20:00:00+01:00,Solar 06,0.0
2030,sc01,03-26 20:00:00+01:00,Biomass 08,0.02706
2030,sc01,03-26 20:00:00+01:00,CT NG 72,0.0
2030,sc01,03-26 20:00:00+01:00,Hydro 18,0.03090483
2030,sc01,03-26 20:00:00+01:00,Solar 10,0.0
2030,sc01,03-26 20:00:00+01:00,CT NG 04,0.0
2030,sc01,03-26 20:00:00+01:00,ST Other 02,0.0
2030,sc01,03-26 20:00:00+01:00,CT NG 12,0.0
2030,sc01,03-26 20:00:00+01:00,CT NG 48,0.0
2030,sc01,03-26 20:00:00+01:00,ST NG 10,0.0
2030,sc01,03-26 20:00:00+01:00,Solar 22,0.0
2030,sc01,03-26 20:00:00+01:00,Solar 28,0.0
2030,sc01,03-26 20:00:00+01:00,CT NG 73,0.0
2030,sc01,03-26 20:00:00+01:00,Biomass 52,0.0
2030,sc01,03-26 20:00:00+01:00,CT NG 30,0.0
2030,sc01,03-26 20:00:00+01:00,Solar 54,0.0
2030,sc01,03-26 20:00:00+01:00,Solar 31,0.0
2030,sc01,03-26 20:00:00+01:00,Biomass 03,0.0
2030,sc01,03-26 20:00:00+01:00,CT NG 32,0.0
2030,sc01,03-26 20:00:00+01:00,Biomass 27,0.05576999999999999
2030,sc01,03-26 20:00:00+01:00,CC NG 14,0.0
2030,sc01,03-26 20:00:00+01:00,CC NG 03,0.0
2030,sc01,03-26 20:00:00+01:00,CC NG 29,0.0
2030,sc01,03-26 20:00:00+01:00,CC NG 28,0.0
2030,sc01,03-26 20:00:00+01:00,CC NG 25,0.0
2030,sc01,03-26 20:00:00+01:00,CT NG 44,0.0
2030,sc01,03-26 20:00:00+01:00,CT NG 14,0.0
2030,sc01,03-26 20:00:00+01:00,CC NG 15,0.0
2030,sc01,03-26 20:00:00+01:00,CC NG 04,0.0
2030,sc01,03-26 20:00:00+01:00,Biomass 29,0.05576999999999999
2030,sc01,03-26 20:00:00+01:00,Wind 14,20.20521923931544
2030,sc01,03-26 20:00:00+01:00,Wind 08,0.95197511046
2030,sc01,03-26 20:00:00+01:00,Biomass 61,0.0
2030,sc01,03-26 20:00:00+01:00,CT NG 35,0.0
2030,sc01,03-26 20:00:00+01:00,Solar 33,0.0
2030,sc01,03-26 20:00:00+01:00,CT NG 41,0.0
2030,sc01,03-26 20:00:00+01:00,CT NG 15,0.0
2030,sc01,03-26 20:00:00+01:00,Solar 42,0.0
2030,sc01,03-26 20:00:00+01:00,Solar 07,0.0
2030,sc01,03-26 20:00:00+01:00,Solar 43,0.0
2030,sc01,03-26 20:00:00+01:00,Biomass 05,0.01419
2030,sc01,03-26 20:00:00+01:00,CT NG 29,0.0
2030,sc01,03-26 20:00:00+01:00,Solar 71,0.0
2030,sc01,03-26 20:00:00+01:00,CT NG 53,0.0
2030,sc01,03-26 20:00:00+01:00,CT NG 20,0.0
2030,sc01,03-26 20:00:00+01:00,Biomass 14,0.0264
2030,sc01,03-26 20:00:00+01:00,Solar 26,0.0
2030,sc01,03-26 20:00:00+01:00,Hydro 29,0.0
2030,sc01,03-26 20:00:00+01:00,Hydro 31,0.0
2030,sc01,03-26 20:00:00+01:00,Biomass 24,0.014850000000000002
2030,sc01,03-26 20:00:00+01:00,Biomass 54,0.07853999999999998
2030,sc01,03-26 20:00:00+01:00,Solar 36,0.0
2030,sc01,03-26 20:00:00+01:00,Wind 03,1.53716606472
2030,sc01,03-26 20:00:00+01:00,Biomass 40,0.0
2030,sc01,03-26 20:00:00+01:00,Biomass 49,0.0
2030,sc01,03-26 20:00:00+01:00,CC NG 16,20.468853248860118
2030,sc01,03-26 20:00:00+01:00,Biomass 48,0.0
2030,sc01,03-26 20:00:00+01:00,Hydro 28,0.0
2030,sc01,03-26 20:00:00+01:00,Biomass 17,0.00693
2030,sc01,03-26 20:00:00+01:00,CT NG 33,0.0
2030,sc01,03-26 20:00:00+01:00,Solar 45,0.0
2030,sc01,03-26 20:00:00+01:00,Hydro 24,0.0
2030,sc01,03-26 20:00:00+01:00,Wind 13,2.3529588409800004
2030,sc01,03-26 20:00:00+01:00,Biomass 07,0.066
2030,sc01,03-26 20:00:00+01:00,Biomass 34,0.0
2030,sc01,03-26 20:00:00+01:00,Biomass 33,0.0
2030,sc01,03-26 20:00:00+01:00,CT NG 01,0.0
2030,sc01,03-26 20:00:00+01:00,ICE NG 03,0.0
2030,sc01,03-26 20:00:00+01:00,Solar 55,0.0
2030,sc01,03-26 20:00:00+01:00,Solar 11,0.0
2030,sc01,03-26 20:00:00+01:00,CT NG 06,0.0
2030,sc01,03-26 20:00:00+01:00,CT NG 70,0.0
2030,sc01,03-26 20:00:00+01:00,Solar 23,0.0
2030,sc01,03-26 20:00:00+01:00,CT NG 67,0.0
2030,sc01,03-26 20:00:00+01:00,Solar 12,0.0
2030,sc01,03-26 20:00:00+01:00,CT Oil 01,0.0
2030,sc01,03-26 20:00:00+01:00,Hydro 26,0.0
2030,sc01,03-26 20:00:00+01:00,CC NG 22,0.0
2030,sc01,03-26 20:00:00+01:00,CC NG 35,0.0
2030,sc01,03-26 20:00:00+01:00,Biomass 50,0.0
2030,sc01,03-26 20:00:00+01:00,ICE NG 04,0.0
2030,sc01,03-26 20:00:00+01:00,CC NG 39,0.0
2030,sc01,03-26 20:00:00+01:00,Hydro 32,0.0
2030,sc01,03-26 20:00:00+01:00,ICE NG 07,0.0
2030,sc01,03-26 20:00:00+01:00,Biomass 46,0.0
2030,sc01,03-26 20:00:00+01:00,CC NG 38,0.0
2030,sc01,03-26 20:00:00+01:00,CC NG 12,0.0
2030,sc01,03-26 20:00:00+01:00,Solar 57,0.0
2030,sc01,03-26 20:00:00+01:00,CC NG 32,0.0
2030,sc01,03-26 20:00:00+01:00,CC NG 07,0.0
2030,sc01,03-26 20:00:00+01:00,Biomass 44,0.0
2030,sc01,03-26 20:00:00+01:00,CT NG 40,0.0
2030,sc01,03-26 20:00:00+01:00,Solar 74,0.0
2030,sc01,03-26 20:00:00+01:00,Hydro 30,0.0
2030,sc01,03-26 20:00:00+01:00,CT NG 42,0.0
2030,sc01,03-26 20:00:00+01:00,Hydro 22,0.0
2030,sc01,03-26 20:00:00+01:00,Solar 17,0.0
2030,sc01,03-26 20:00:00+01:00,Solar 38,0.0
2030,sc01,03-26 20:00:00+01:00,CT NG 24,0.0
2030,sc01,03-26 20:00:00+01:00,CC NG 27,0.0
2030,sc01,03-26 20:00:00+01:00,Biomass 21,0.01155
2030,sc01,03-26 20:00:00+01:00,ICE NG 06,0.0
2030,sc01,03-26 20:00:00+01:00,Biomass 25,0.014850000000000002
2030,sc01,03-26 20:00:00+01:00,Solar 27,0.0
2030,sc01,03-26 20:00:00+01:00,CT NG 19,0.0
2030,sc01,03-26 20:00:00+01:00,Biomass 42,0.0
2030,sc01,03-26 20:00:00+01:00,Biomass 19,0.01155
2030,sc01,03-26 20:00:00+01:00,Biomass 06,0.01419
2030,sc01,03-26 20:00:00+01:00,CT NG 10,0.0
2030,sc01,03-26 20:00:00+01:00,CC NG 40,0.0
2030,sc01,03-26 20:00:00+01:00,CC NG 21,0.0
2030,sc01,03-26 20:00:00+01:00,Biomass 02,0.033
2030,sc01,03-26 20:00:00+01:00,CT NG 46,0.0
2030,sc01,03-26 20:00:00+01:00,Hydro 34,0.0
2030,sc01,03-26 20:00:00+01:00,Biomass 10,0.02706
2030,sc01,03-26 20:00:00+01:00,CT NG 17,0.0
2030,sc01,03-26 20:00:00+01:00,Biomass 62,0.06072
2030,sc01,03-26 20:00:00+01:00,Biomass 32,0.039599999999999996
2030,sc01,03-26 20:00:00+01:00,CC NG 19,4.46754
2030,sc01,03-26 20:00:00+01:00,CC NG 17,0.0
2030,sc01,03-26 20:00:00+01:00,ST NG 01,0.0
2030,sc01,03-26 20:00:00+01:00,Biomass 45,0.0
2030,sc01,03-26 20:00:00+01:00,Biomass 28,0.05576999999999999
2030,sc01,03-26 20:00:00+01:00,CC NG 10,0.0
2030,sc01,03-26 20:00:00+01:00,Biomass 23,0.014850000000000002
2030,sc01,03-26 20:00:00+01:00,ST NG 06,0.0
2030,sc01,03-26 20:00:00+01:00,Wind 10,0.8950146539399999
2030,sc01,03-26 20:00:00+01:00,CT NG 69,0.0
2030,sc01,03-26 20:00:00+01:00,CT NG 68,0.0
2030,sc01,03-27 09:00:00+01:00,CC NG 13,0.0
2030,sc01,03-27 09:00:00+01:00,CT NG 37,0.0
2030,sc01,03-27 09:00:00+01:00,ST Coal 01,0.0
2030,sc01,03-27 09:00:00+01:00,CT NG 09,0.0
2030,sc01,03-27 09:00:00+01:00,CT NG 47,0.0
2030,sc01,03-27 09:00:00+01:00,Solar 69,0.0
2030,sc01,03-27 09:00:00+01:00,Solar 34,29.718806647200005
2030,sc01,03-27 09:00:00+01:00,Solar 73,0.0
2030,sc01,03-27 09:00:00+01:00,Biomass 37,0.0
2030,sc01,03-27 09:00:00+01:00,Hydro 20,0.0
2030,sc01,03-27 09:00:00+01:00,Solar 01,17.9228150838
2030,sc01,03-27 09:00:00+01:00,Solar 62,0.0
2030,sc01,03-27 09:00:00+01:00,Solar 02,0.0
2030,sc01,03-27 09:00:00+01:00,CT NG 26,0.0
2030,sc01,03-27 09:00:00+01:00,Biomass 20,0.0
2030,sc01,03-27 09:00:00+01:00,Wind 16,28.563414264000002
2030,sc01,03-27 09:00:00+01:00,CT NG 66,0.0
2030,sc01,03-27 09:00:00+01:00,Solar 39,0.0
2030,sc01,03-27 09:00:00+01:00,Biomass 41,0.0
2030,sc01,03-27 09:00:00+01:00,Solar 72,0.0
2030,sc01,03-27 09:00:00+01:00,ST NG 03,0.0
2030,sc01,03-27 09:00:00+01:00,Hydro 21,1.4419013400000003
2030,sc01,03-27 09:00:00+01:00,CT NG 03,0.0
2030,sc01,03-27 09:00:00+01:00,CC NG 09,0.0
2030,sc01,03-27 09:00:00+01:00,CT Oil 02,0.0
2030,sc01,03-27 09:00:00+01:00,CT NG 39,0.0
2030,sc01,03-27 09:00:00+01:00,CC NG 08,0.0
2030,sc01,03-27 09:00:00+01:00,Biomass 43,0.0
2030,sc01,03-27 09:00:00+01:00,CT NG 18,0.0
2030,sc01,03-27 09:00:00+01:00,ST NG 07,0.0
2030,sc01,03-27 09:00:00+01:00,Biomass 35,0.0
2030,sc01,03-27 09:00:00+01:00,Solar 32,0.0
2030,sc01,03-27 09:00:00+01:00,Biomass 15,0.0
2030,sc01,03-27 09:00:00+01:00,CC NG 31,0.0
2030,sc01,03-27 09:00:00+01:00,Solar 16,1.22023005225
2030,sc01,03-27 09:00:00+01:00,Solar 68,0.0
2030,sc01,03-27 09:00:00+01:00,CT NG 21,0.0
2030,sc01,03-27 09:00:00+01:00,Wind 11,0.24664595604
2030,sc01,03-27 09:00:00+01:00,CC NG 37,0.0
2030,sc01,03-27 09:00:00+01:00,CT NG 22,0.0
2030,sc01,03-27 09:00:00+01:00,Hydro 16,0.0
2030,sc01,03-27 09:00:00+01:00,Biomass 59,0.0
2030,sc01,03-27 09:00:00+01:00,CC NG 01,0.0
2030,sc01,03-27 09:00:00+01:00,Biomass 16,0.0
2030,sc01,03-27 09:00:00+01:00,Solar 03,0.0
2030,sc01,03-27 09:00:00+01:00,Solar 44,0.0
2030,sc01,03-27 09:00:00+01:00,CT NG 08,0.0
2030,sc01,03-27 09:00:00+01:00,Wind 05,0.0
2030,sc01,03-27 09:00:00+01:00,Biomass 26,0.0
2030,sc01,03-27 09:00:00+01:00,Solar 37,0.0
2030,sc01,03-27 09:00:00+01:00,Biomass 11,0.0
2030,sc01,03-27 09:00:00+01:00,Solar 59,0.0
2030,sc01,03-27 09:00:00+01:00,CT NG 11,0.0
2030,sc01,03-27 09:00:00+01:00,Biomass 30,0.0
2030,sc01,03-27 09:00:00+01:00,Hydro 23,0.0
2030,sc01,03-27 09:00:00+01:00,CC NG 24,0.0
2030,sc01,03-27 09:00:00+01:00,Solar 65,0.0
2030,sc01,03-27 09:00:00+01:00,CC NG 18,0.0
2030,sc01,03-27 09:00:00+01:00,CT NG 16,0.0
2030,sc01,03-27 09:00:00+01:00,Solar 51,0.0
2030,sc01,03-27 09:00:00+01:00,Wind 06,0.7716355976999999
2030,sc01,03-27 09:00:00+01:00,CC NG 26,0.0
2030,sc01,03-27 09:00:00+01:00,CC NG 23,0.0
2030,sc01,03-27 09:00:00+01:00,CT NG 43,0.0
2030,sc01,03-27 09:00:00+01:00,CC NG 11,0.0
2030,sc01,03-27 09:00:00+01:00,CT NG 02,0.0
2030,sc01,03-27 09:00:00+01:00,CT NG 50,0.0
2030,sc01,03-27 09:00:00+01:00,Hydro 27,0.0
2030,sc01,03-27 09:00:00+01:00,CT NG 13,0.0
2030,sc01,03-27 09:00:00+01:00,CT NG 25,0.0
2030,sc01,03-27 09:00:00+01:00,CC NG 05,0.0
2030,sc01,03-27 09:00:00+01:00,Solar 04,0.7507800372600001
2030,sc01,03-27 09:00:00+01:00,Solar 30,1.17668186031
2030,sc01,03-27 09:00:00+01:00,Solar 29,1.76468106573
2030,sc01,03-27 09:00:00+01:00,Solar 53,0.0
2030,sc01,03-27 09:00:00+01:00,Solar 21,2.8487443855200003
2030,sc01,03-27 09:00:00+01:00,Biomass 58,0.0
2030,sc01,03-27 09:00:00+01:00,CT NG 74,0.0
2030,sc01,03-27 09:00:00+01:00,Solar 61,0.0
2030,sc01,03-27 09:00:00+01:00,Wind 07,0.33862149981
2030,sc01,03-27 09:00:00+01:00,Biomass 31,0.0
2030,sc01,03-27 09:00:00+01:00,CT Oil 05,0.0
2030,sc01,03-27 09:00:00+01:00,Biomass 38,0.0
2030,sc01,03-27 09:00:00+01:00,Solar 41,0.0
2030,sc01,03-27 09:00:00+01:00,Biomass 51,0.0
2030,sc01,03-27 09:00:00+01:00,Biomass 55,0.0
2030,sc01,03-27 09:00:00+01:00,Wind 15,0.0
2030,sc01,03-27 09:00:00+01:00,Geo 01,0.0
2030,sc01,03-27 09:00:00+01:00,Biomass 60,0.0
2030,sc01,03-27 09:00:00+01:00,CT NG 38,0.0
2030,sc01,03-27 09:00:00+01:00,Solar 66,12.1023487959
2030,sc01,03-27 09:00:00+01:00,Solar 49,0.0
2030,sc01,03-27 09:00:00+01:00,CT NG 51,0.0
2030,sc01,03-27 09:00:00+01:00,Biomass 18,0.0
2030,sc01,03-27 09:00:00+01:00,ICE NG 01,0.0
2030,sc01,03-27 09:00:00+01:00,Solar 15,1.6291710969600002
2030,sc01,03-27 09:00:00+01:00,ICE NG 05,0.0
2030,sc01,03-27 09:00:00+01:00,CT Oil 04,0.0
2030,sc01,03-27 09:00:00+01:00,CC NG 20,0.0
2030,sc01,03-27 09:00:00+01:00,Solar 20,2.2105378383
2030,sc01,03-27 09:00:00+01:00,Biomass 04,0.0
2030,sc01,03-27 09:00:00+01:00,Wind 02,0.0
2030,sc01,03-27 09:00:00+01:00,Hydro 25,0.2758041
2030,sc01,03-27 09:00:00+01:00,Solar 75,6.5842106352
2030,sc01,03-27 09:00:00+01:00,Hydro 33,0.0
2030,sc01,03-27 09:00:00+01:00,ST NG 05,0.0
2030,sc01,03-27 09:00:00+01:00,CT NG 07,0.0
2030,sc01,03-27 09:00:00+01:00,Wind 01,0.0
2030,sc01,03-27 09:00:00+01:00,Solar 56,0.0
2030,sc01,03-27 09:00:00+01:00,Biomass 09,0.0
2030,sc01,03-27 09:00:00+01:00,Biomass 53,0.0
2030,sc01,03-27 09:00:00+01:00,Wind 17,11.360172636271434
2030,sc01,03-27 09:00:00+01:00,ST NG 08,0.0
2030,sc01,03-27 09:00:00+01:00,Hydro 19,0.0
2030,sc01,03-27 09:00:00+01:00,ST NG 02,0.0
2030,sc01,03-27 09:00:00+01:00,Biomass 01,0.0
2030,sc01,03-27 09:00:00+01:00,Biomass 57,0.0
2030,sc01,03-27 09:00:00+01:00,CT NG 49,0.0
2030,sc01,03-27 09:00:00+01:00,CT NG 31,0.0
2030,sc01,03-27 09:00:00+01:00,Solar 64,1.31637935715
2030,sc01,03-27 09:00:00+01:00,CC NG 33,0.0
2030,sc01,03-27 09:00:00+01:00,Solar 46,0.0
2030,sc01,03-27 09:00:00+01:00,Biomass 12,0.0
2030,sc01,03-27 09:00:00+01:00,Wind 04,0.0
2030,sc01,03-27 09:00:00+01:00,Solar 13,0.040898106216
2030,sc01,03-27 09:00:00+01:00,CT NG 55,0.0
2030,sc01,03-27 09:00:00+01:00,Wind N03,145.9812826800094
2030,sc01,03-27 09:00:00+01:00,CT NG 28,0.0
2030,sc01,03-27 09:00:00+01:00,Wind 09,0.087576063432
2030,sc01,03-27 09:00:00+01:00,Solar 60,0.0
2030,sc01,03-27 09:00:00+01:00,Solar 25,0.29991298972800007
2030,sc01,03-27 09:00:00+01:00,CT NG 23,0.0
2030,sc01,03-27 09:00:00+01:00,ST Other 01,0.0
2030,sc01,03-27 09:00:00+01:00,Solar 70,9.921444050365533
2030,sc01,03-27 09:00:00+01:00,CC NG 34,0.0
2030,sc01,03-27 09:00:00+01:00,Solar 48,0.0
2030,sc01,03-27 09:00:00+01:00,Biomass 56,0.0
2030,sc01,03-27 09:00:00+01:00,CT NG 36,0.0
2030,sc01,03-27 09:00:00+01:00,Solar 47,0.0
2030,sc01,03-27 09:00:00+01:00,Hydro 17,0.0
2030,sc01,03-27 09:00:00+01:00,Solar 09,1.98775398393
2030,sc01,03-27 09:00:00+01:00,Solar 08,0.3883043076
2030,sc01,03-27 09:00:00+01:00,CT NG 45,0.0
2030,sc01,03-27 09:00:00+01:00,ST NG 04,0.0
2030,sc01,03-27 09:00:00+01:00,Solar 40,0.0
2030,sc01,03-27 09:00:00+01:00,Biomass 47,0.0
2030,sc01,03-27 09:00:00+01:00,Solar 50,0.0
2030,sc01,03-27 09:00:00+01:00,Solar 52,0.0
2030,sc01,03-27 09:00:00+01:00,Solar 63,0.0
2030,sc01,03-27 09:00:00+01:00,CC NG 06,0.0
2030,sc01,03-27 09:00:00+01:00,Biomass 39,0.0
2030,sc01,03-27 09:00:00+01:00,Solar 67,1.8739560183300001
2030,sc01,03-27 09:00:00+01:00,Solar 19,0.015467847648
2030,sc01,03-27 09:00:00+01:00,Wind 12,4.553793687300001
2030,sc01,03-27 09:00:00+01:00,Solar 24,0.2236906452
2030,sc01,03-27 09:00:00+01:00,ICE NG 02,0.0
2030,sc01,03-27 09:00:00+01:00,Solar 05,0.018188539512
2030,sc01,03-27 09:00:00+01:00,CT NG 54,0.0
2030,sc01,03-27 09:00:00+01:00,Wind N01,16.70955943973277
2030,sc01,03-27 09:00:00+01:00,CT NG 27,0.0
2030,sc01,03-27 09:00:00+01:00,CC NG 36,0.0
2030,sc01,03-27 09:00:00+01:00,Wind N02,0.0
2030,sc01,03-27 09:00:00+01:00,CT NG 52,0.0
2030,sc01,03-27 09:00:00+01:00,Solar 35,0.0
2030,sc01,03-27 09:00:00+01:00,CT NG 05,0.0
2030,sc01,03-27 09:00:00+01:00,Biomass 36,0.0
2030,sc01,03-27 09:00:00+01:00,CT NG 34,0.0
2030,sc01,03-27 09:00:00+01:00,CT Oil 03,0.0
2030,sc01,03-27 09:00:00+01:00,Hydro 35,0.0
2030,sc01,03-27 09:00:00+01:00,Solar 14,1.8112714085400001
2030,sc01,03-27 09:00:00+01:00,CT NG 75,0.0
2030,sc01,03-27 09:00:00+01:00,ST NG 09,0.0
2030,sc01,03-27 09:00:00+01:00,CT NG 56,0.0
2030,sc01,03-27 09:00:00+01:00,Biomass 22,0.0
2030,sc01,03-27 09:00:00+01:00,Solar 18,1.91046213468
2030,sc01,03-27 09:00:00+01:00,Biomass 13,0.0
2030,sc01,03-27 09:00:00+01:00,CT NG 71,0.0
2030,sc01,03-27 09:00:00+01:00,Solar 58,0.0
2030,sc01,03-27 09:00:00+01:00,Solar 06,0.96322411779
2030,sc01,03-27 09:00:00+01:00,Biomass 08,0.0
2030,sc01,03-27 09:00:00+01:00,CT NG 72,0.0
2030,sc01,03-27 09:00:00+01:00,Hydro 18,0.0
2030,sc01,03-27 09:00:00+01:00,Solar 10,2.1292718389800003
2030,sc01,03-27 09:00:00+01:00,CT NG 04,0.0
2030,sc01,03-27 09:00:00+01:00,ST Other 02,0.0
2030,sc01,03-27 09:00:00+01:00,CT NG 12,0.0
2030,sc01,03-27 09:00:00+01:00,CT NG 48,0.0
2030,sc01,03-27 09:00:00+01:00,ST NG 10,0.0
2030,sc01,03-27 09:00:00+01:00,Solar 22,1.8354588944999999
2030,sc01,03-27 09:00:00+01:00,Solar 28,1.64252197362
2030,sc01,03-27 09:00:00+01:00,CT NG 73,0.0
2030,sc01,03-27 09:00:00+01:00,Biomass 52,0.0
2030,sc01,03-27 09:00:00+01:00,CT NG 30,0.0
2030,sc01,03-27 09:00:00+01:00,Solar 54,0.0
2030,sc01,03-27 09:00:00+01:00,Solar 31,0.0
2030,sc01,03-27 09:00:00+01:00,Biomass 03,0.0
2030,sc01,03-27 09:00:00+01:00,CT NG 32,0.0
2030,sc01,03-27 09:00:00+01:00,Biomass 27,0.0
2030,sc01,03-27 09:00:00+01:00,CC NG 14,0.0
2030,sc01,03-27 09:00:00+01:00,CC NG 03,0.0
2030,sc01,03-27 09:00:00+01:00,CC NG 29,0.0
2030,sc01,03-27 09:00:00+01:00,CC NG 28,0.0
2030,sc01,03-27 09:00:00+01:00,CC NG 25,0.0
2030,sc01,03-27 09:00:00+01:00,CT NG 44,0.0
2030,sc01,03-27 09:00:00+01:00,CT NG 14,0.0
2030,sc01,03-27 09:00:00+01:00,CC NG 15,0.0
2030,sc01,03-27 09:00:00+01:00,CC NG 04,0.0
2030,sc01,03-27 09:00:00+01:00,Biomass 29,0.0
2030,sc01,03-27 09:00:00+01:00,Wind 14,0.0
2030,sc01,03-27 09:00:00+01:00,Wind 08,0.08720883256800001
2030,sc01,03-27 09:00:00+01:00,Biomass 61,0.0
2030,sc01,03-27 09:00:00+01:00,CT NG 35,0.0
2030,sc01,03-27 09:00:00+01:00,Solar 33,0.0
2030,sc01,03-27 09:00:00+01:00,CT NG 41,0.0
2030,sc01,03-27 09:00:00+01:00,CT NG 15,0.0
2030,sc01,03-27 09:00:00+01:00,Solar 42,0.0
2030,sc01,03-27 09:00:00+01:00,Solar 07,0.0329430882
2030,sc01,03-27 09:00:00+01:00,Solar 43,0.0
2030,sc01,03-27 09:00:00+01:00,Biomass 05,0.0
2030,sc01,03-27 09:00:00+01:00,CT NG 29,0.0
2030,sc01,03-27 09:00:00+01:00,Solar 71,0.0
2030,sc01,03-27 09:00:00+01:00,CT NG 53,0.0
2030,sc01,03-27 09:00:00+01:00,CT NG 20,0.0
2030,sc01,03-27 09:00:00+01:00,Biomass 14,0.0
2030,sc01,03-27 09:00:00+01:00,Solar 26,0.277740369192
2030,sc01,03-27 09:00:00+01:00,Hydro 29,0.0
2030,sc01,03-27 09:00:00+01:00,Hydro 31,0.0
2030,sc01,03-27 09:00:00+01:00,Biomass 24,0.0
2030,sc01,03-27 09:00:00+01:00,Biomass 54,0.0
2030,sc01,03-27 09:00:00+01:00,Solar 36,1.9035599795012548
2030,sc01,03-27 09:00:00+01:00,Wind 03,0.0
2030,sc01,03-27 09:00:00+01:00,Biomass 40,0.0
2030,sc01,03-27 09:00:00+01:00,Biomass 49,0.0
2030,sc01,03-27 09:00:00+01:00,CC NG 16,0.0
2030,sc01,03-27 09:00:00+01:00,Biomass 48,0.0
2030,sc01,03-27 09:00:00+01:00,Hydro 28,0.0
2030,sc01,03-27 09:00:00+01:00,Biomass 17,0.0
2030,sc01,03-27 09:00:00+01:00,CT NG 33,0.0
2030,sc01,03-27 09:00:00+01:00,Solar 45,0.0
2030,sc01,03-27 09:00:00+01:00,Hydro 24,0.0
2030,sc01,03-27 09:00:00+01:00,Wind 13,2.35117685814
2030,sc01,03-27 09:00:00+01:00,Biomass 07,0.0
2030,sc01,03-27 09:00:00+01:00,Biomass 34,0.0
2030,sc01,03-27 09:00:00+01:00,Biomass 33,0.0
2030,sc01,03-27 09:00:00+01:00,CT NG 01,0.0
2030,sc01,03-27 09:00:00+01:00,ICE NG 03,0.0
2030,sc01,03-27 09:00:00+01:00,Solar 55,0.0
2030,sc01,03-27 09:00:00+01:00,Solar 11,0.30680376830399997
2030,sc01,03-27 09:00:00+01:00,CT NG 06,0.0
2030,sc01,03-27 09:00:00+01:00,CT NG 70,0.0
2030,sc01,03-27 09:00:00+01:00,Solar 23,0.04542878656800001
2030,sc01,03-27 09:00:00+01:00,CT NG 67,0.0
2030,sc01,03-27 09:00:00+01:00,Solar 12,0.23749852948800002
2030,sc01,03-27 09:00:00+01:00,CT Oil 01,0.0
2030,sc01,03-27 09:00:00+01:00,Hydro 26,0.0
2030,sc01,03-27 09:00:00+01:00,CC NG 22,0.0
2030,sc01,03-27 09:00:00+01:00,CC NG 35,0.0
2030,sc01,03-27 09:00:00+01:00,Biomass 50,0.0
2030,sc01,03-27 09:00:00+01:00,ICE NG 04,0.0
2030,sc01,03-27 09:00:00+01:00,CC NG 39,0.0
2030,sc01,03-27 09:00:00+01:00,Hydro 32,0.0
2030,sc01,03-27 09:00:00+01:00,ICE NG 07,0.0
2030,sc01,03-27 09:00:00+01:00,Biomass 46,0.0
2030,sc01,03-27 09:00:00+01:00,CC NG 38,0.0
2030,sc01,03-27 09:00:00+01:00,CC NG 12,0.0
2030,sc01,03-27 09:00:00+01:00,Solar 57,0.0
2030,sc01,03-27 09:00:00+01:00,CC NG 32,0.0
2030,sc01,03-27 09:00:00+01:00,CC NG 07,0.0
2030,sc01,03-27 09:00:00+01:00,Biomass 44,0.0
2030,sc01,03-27 09:00:00+01:00,CT NG 40,0.0
2030,sc01,03-27 09:00:00+01:00,Solar 74,0.0
2030,sc01,03-27 09:00:00+01:00,Hydro 30,0.0
2030,sc01,03-27 09:00:00+01:00,CT NG 42,0.0
2030,sc01,03-27 09:00:00+01:00,Hydro 22,1.4419013400000003
2030,sc01,03-27 09:00:00+01:00,Solar 17,0.46582953186
2030,sc01,03-27 09:00:00+01:00,Solar 38,0.0
2030,sc01,03-27 09:00:00+01:00,CT NG 24,0.0
2030,sc01,03-27 09:00:00+01:00,CC NG 27,0.0
2030,sc01,03-27 09:00:00+01:00,Biomass 21,0.0
2030,sc01,03-27 09:00:00+01:00,ICE NG 06,0.0
2030,sc01,03-27 09:00:00+01:00,Biomass 25,0.0
2030,sc01,03-27 09:00:00+01:00,Solar 27,0.231344718792
2030,sc01,03-27 09:00:00+01:00,CT NG 19,0.0
2030,sc01,03-27 09:00:00+01:00,Biomass 42,0.0
2030,sc01,03-27 09:00:00+01:00,Biomass 19,0.0
2030,sc01,03-27 09:00:00+01:00,Biomass 06,0.0
2030,sc01,03-27 09:00:00+01:00,CT NG 10,0.0
2030,sc01,03-27 09:00:00+01:00,CC NG 40,0.0
2030,sc01,03-27 09:00:00+01:00,CC NG 21,0.0
2030,sc01,03-27 09:00:00+01:00,Biomass 02,0.0
2030,sc01,03-27 09:00:00+01:00,CT NG 46,0.0
2030,sc01,03-27 09:00:00+01:00,Hydro 34,0.0
2030,sc01,03-27 09:00:00+01:00,Biomass 10,0.0
2030,sc01,03-27 09:00:00+01:00,CT NG 17,0.0
2030,sc01,03-27 09:00:00+01:00,Biomass 62,0.0
2030,sc01,03-27 09:00:00+01:00,Biomass 32,0.0
2030,sc01,03-27 09:00:00+01:00,CC NG 19,0.0
2030,sc01,03-27 09:00:00+01:00,CC NG 17,0.0
2030,sc01,03-27 09:00:00+01:00,ST NG 01,0.0
2030,sc01,03-27 09:00:00+01:00,Biomass 45,0.0
2030,sc01,03-27 09:00:00+01:00,Biomass 28,0.0
2030,sc01,03-27 09:00:00+01:00,CC NG 10,0.0
2030,sc01,03-27 09:00:00+01:00,Biomass 23,0.0
2030,sc01,03-27 09:00:00+01:00,ST NG 06,0.0
2030,sc01,03-27 09:00:00+01:00,Wind 10,0.09334647088800001
2030,sc01,03-27 09:00:00+01:00,CT NG 69,0.0
2030,sc01,03-27 09:00:00+01:00,CT NG 68,0.0
2030,sc01,03-28 08:00:00+01:00,CC NG 13,0.0
2030,sc01,03-28 08:00:00+01:00,CT NG 37,0.0
2030,sc01,03-28 08:00:00+01:00,ST Coal 01,0.0
2030,sc01,03-28 08:00:00+01:00,CT NG 09,0.0
2030,sc01,03-28 08:00:00+01:00,CT NG 47,0.0
2030,sc01,03-28 08:00:00+01:00,Solar 69,0.0
2030,sc01,03-28 08:00:00+01:00,Solar 34,0.0
2030,sc01,03-28 08:00:00+01:00,Solar 73,0.0
2030,sc01,03-28 08:00:00+01:00,Biomass 37,0.0
2030,sc01,03-28 08:00:00+01:00,Hydro 20,0.0
2030,sc01,03-28 08:00:00+01:00,Solar 01,11.6100933597
2030,sc01,03-28 08:00:00+01:00,Solar 62,0.0
2030,sc01,03-28 08:00:00+01:00,Solar 02,6.562699704
2030,sc01,03-28 08:00:00+01:00,CT NG 26,0.0
2030,sc01,03-28 08:00:00+01:00,Biomass 20,0.01155
2030,sc01,03-28 08:00:00+01:00,Wind 16,11.657596849799999
2030,sc01,03-28 08:00:00+01:00,CT NG 66,0.0
2030,sc01,03-28 08:00:00+01:00,Solar 39,0.0
2030,sc01,03-28 08:00:00+01:00,Biomass 41,0.0
2030,sc01,03-28 08:00:00+01:00,Solar 72,0.0
2030,sc01,03-28 08:00:00+01:00,ST NG 03,0.0
2030,sc01,03-28 08:00:00+01:00,Hydro 21,0.0
2030,sc01,03-28 08:00:00+01:00,CT NG 03,0.0
2030,sc01,03-28 08:00:00+01:00,CC NG 09,0.0
2030,sc01,03-28 08:00:00+01:00,CT Oil 02,0.0
2030,sc01,03-28 08:00:00+01:00,CT NG 39,0.0
2030,sc01,03-28 08:00:00+01:00,CC NG 08,0.0
2030,sc01,03-28 08:00:00+01:00,Biomass 43,0.0
2030,sc01,03-28 08:00:00+01:00,CT NG 18,0.12471029999999997
2030,sc01,03-28 08:00:00+01:00,ST NG 07,0.0
2030,sc01,03-28 08:00:00+01:00,Biomass 35,0.0
2030,sc01,03-28 08:00:00+01:00,Solar 32,0.0
2030,sc01,03-28 08:00:00+01:00,Biomass 15,0.00693
2030,sc01,03-28 08:00:00+01:00,CC NG 31,0.0
2030,sc01,03-28 08:00:00+01:00,Solar 16,0.94414849551
2030,sc01,03-28 08:00:00+01:00,Solar 68,0.0
2030,sc01,03-28 08:00:00+01:00,CT NG 21,0.0
2030,sc01,03-28 08:00:00+01:00,Wind 11,0.21689256441599997
2030,sc01,03-28 08:00:00+01:00,CC NG 37,0.0
2030,sc01,03-28 08:00:00+01:00,CT NG 22,0.0
2030,sc01,03-28 08:00:00+01:00,Hydro 16,0.0
2030,sc01,03-28 08:00:00+01:00,Biomass 59,0.13662000000000002
2030,sc01,03-28 08:00:00+01:00,CC NG 01,0.0
2030,sc01,03-28 08:00:00+01:00,Biomass 16,0.00693
2030,sc01,03-28 08:00:00+01:00,Solar 03,0.0
2030,sc01,03-28 08:00:00+01:00,Solar 44,0.0
2030,sc01,03-28 08:00:00+01:00,CT NG 08,0.0
2030,sc01,03-28 08:00:00+01:00,Wind 05,0.031629222504
2030,sc01,03-28 08:00:00+01:00,Biomass 26,0.05576999999999999
2030,sc01,03-28 08:00:00+01:00,Solar 37,0.0
2030,sc01,03-28 08:00:00+01:00,Biomass 11,0.011879999999999998
2030,sc01,03-28 08:00:00+01:00,Solar 59,0.0
2030,sc01,03-28 08:00:00+01:00,CT NG 11,0.0
2030,sc01,03-28 08:00:00+01:00,Biomass 30,0.05576999999999999
2030,sc01,03-28 08:00:00+01:00,Hydro 23,24.2617221
2030,sc01,03-28 08:00:00+01:00,CC NG 24,0.0
2030,sc01,03-28 08:00:00+01:00,Solar 65,10.8439821666
2030,sc01,03-28 08:00:00+01:00,CC NG 18,0.0
2030,sc01,03-28 08:00:00+01:00,CT NG 16,0.0
2030,sc01,03-28 08:00:00+01:00,Solar 51,0.0
2030,sc01,03-28 08:00:00+01:00,Wind 06,0.227679495912
2030,sc01,03-28 08:00:00+01:00,CC NG 26,0.0
2030,sc01,03-28 08:00:00+01:00,CC NG 23,0.0
2030,sc01,03-28 08:00:00+01:00,CT NG 43,0.0
2030,sc01,03-28 08:00:00+01:00,CC NG 11,0.0
2030,sc01,03-28 08:00:00+01:00,CT NG 02,0.0
2030,sc01,03-28 08:00:00+01:00,CT NG 50,0.0
2030,sc01,03-28 08:00:00+01:00,Hydro 27,0.0
2030,sc01,03-28 08:00:00+01:00,CT NG 13,0.0
2030,sc01,03-28 08:00:00+01:00,CT NG 25,0.0
2030,sc01,03-28 08:00:00+01:00,CC NG 05,0.0
2030,sc01,03-28 08:00:00+01:00,Solar 04,0.76394105931
2030,sc01,03-28 08:00:00+01:00,Solar 30,0.91045324293
2030,sc01,03-28 08:00:00+01:00,Solar 29,1.0537140787800001
2030,sc01,03-28 08:00:00+01:00,Solar 53,0.0
2030,sc01,03-28 08:00:00+01:00,Solar 21,2.8986822981600002
2030,sc01,03-28 08:00:00+01:00,Biomass 58,0.0627
2030,sc01,03-28 08:00:00+01:00,CT NG 74,0.0
2030,sc01,03-28 08:00:00+01:00,Solar 61,0.0
2030,sc01,03-28 08:00:00+01:00,Wind 07,0.208098290136
2030,sc01,03-28 08:00:00+01:00,Biomass 31,0.05576999999999999
2030,sc01,03-28 08:00:00+01:00,CT Oil 05,0.0
2030,sc01,03-28 08:00:00+01:00,Biomass 38,0.0
2030,sc01,03-28 08:00:00+01:00,Solar 41,0.0
2030,sc01,03-28 08:00:00+01:00,Biomass 51,0.0
2030,sc01,03-28 08:00:00+01:00,Biomass 55,0.07853999999999998
2030,sc01,03-28 08:00:00+01:00,Wind 15,4.457138103
2030,sc01,03-28 08:00:00+01:00,Geo 01,0.0
2030,sc01,03-28 08:00:00+01:00,Biomass 60,0.0891
2030,sc01,03-28 08:00:00+01:00,CT NG 38,0.0
2030,sc01,03-28 08:00:00+01:00,Solar 66,20.41513437506627
2030,sc01,03-28 08:00:00+01:00,Solar 49,0.0
2030,sc01,03-28 08:00:00+01:00,CT NG 51,0.0
2030,sc01,03-28 08:00:00+01:00,Biomass 18,0.00693
2030,sc01,03-28 08:00:00+01:00,ICE NG 01,0.0
2030,sc01,03-28 08:00:00+01:00,Solar 15,1.6577301368100001
2030,sc01,03-28 08:00:00+01:00,ICE NG 05,0.0
2030,sc01,03-28 08:00:00+01:00,CT Oil 04,0.0
2030,sc01,03-28 08:00:00+01:00,CC NG 20,0.0
2030,sc01,03-28 08:00:00+01:00,Solar 20,1.12418932758
2030,sc01,03-28 08:00:00+01:00,Biomass 04,0.0
2030,sc01,03-28 08:00:00+01:00,Wind 02,0.78787637874
2030,sc01,03-28 08:00:00+01:00,Hydro 25,0.0
2030,sc01,03-28 08:00:00+01:00,Solar 75,0.0
2030,sc01,03-28 08:00:00+01:00,Hydro 33,0.0
2030,sc01,03-28 08:00:00+01:00,ST NG 05,0.0
2030,sc01,03-28 08:00:00+01:00,CT NG 07,0.0
2030,sc01,03-28 08:00:00+01:00,Wind 01,0.136170502248
2030,sc01,03-28 08:00:00+01:00,Solar 56,0.0
2030,sc01,03-28 08:00:00+01:00,Biomass 09,0.02706
2030,sc01,03-28 08:00:00+01:00,Biomass 53,0.07853999999999998
2030,sc01,03-28 08:00:00+01:00,Wind 17,4.4223770085
2030,sc01,03-28 08:00:00+01:00,ST NG 08,0.0
2030,sc01,03-28 08:00:00+01:00,Hydro 19,0.0
2030,sc01,03-28 08:00:00+01:00,ST NG 02,0.0
2030,sc01,03-28 08:00:00+01:00,Biomass 01,0.033
2030,sc01,03-28 08:00:00+01:00,Biomass 57,0.0627
2030,sc01,03-28 08:00:00+01:00,CT NG 49,0.0
2030,sc01,03-28 08:00:00+01:00,CT NG 31,0.0
2030,sc01,03-28 08:00:00+01:00,Solar 64,5.5440000000000005
2030,sc01,03-28 08:00:00+01:00,CC NG 33,0.0
2030,sc01,03-28 08:00:00+01:00,Solar 46,0.0
2030,sc01,03-28 08:00:00+01:00,Biomass 12,0.011879999999999998
2030,sc01,03-28 08:00:00+01:00,Wind 04,0.193494530592
2030,sc01,03-28 08:00:00+01:00,Solar 13,0.041615041511999996
2030,sc01,03-28 08:00:00+01:00,CT NG 55,0.0
2030,sc01,03-28 08:00:00+01:00,Wind N03,153.51931612661505
2030,sc01,03-28 08:00:00+01:00,CT NG 28,0.0
2030,sc01,03-28 08:00:00+01:00,Wind 09,0.4737991137
2030,sc01,03-28 08:00:00+01:00,Solar 60,0.0
2030,sc01,03-28 08:00:00+01:00,Solar 25,0.30517040373599996
2030,sc01,03-28 08:00:00+01:00,CT NG 23,0.0
2030,sc01,03-28 08:00:00+01:00,ST Other 01,0.0
2030,sc01,03-28 08:00:00+01:00,Solar 70,11.926021476599999
2030,sc01,03-28 08:00:00+01:00,CC NG 34,0.0
2030,sc01,03-28 08:00:00+01:00,Solar 48,0.0
2030,sc01,03-28 08:00:00+01:00,Biomass 56,0.07953
2030,sc01,03-28 08:00:00+01:00,CT NG 36,0.0
2030,sc01,03-28 08:00:00+01:00,Solar 47,0.0
2030,sc01,03-28 08:00:00+01:00,Hydro 17,0.0
2030,sc01,03-28 08:00:00+01:00,Solar 09,0.0
2030,sc01,03-28 08:00:00+01:00,Solar 08,0.0
2030,sc01,03-28 08:00:00+01:00,CT NG 45,0.0
2030,sc01,03-28 08:00:00+01:00,ST NG 04,0.0
2030,sc01,03-28 08:00:00+01:00,Solar 40,0.0
2030,sc01,03-28 08:00:00+01:00,Biomass 47,0.0
2030,sc01,03-28 08:00:00+01:00,Solar 50,0.0
2030,sc01,03-28 08:00:00+01:00,Solar 52,0.0
2030,sc01,03-28 08:00:00+01:00,Solar 63,12.157748001300002
2030,sc01,03-28 08:00:00+01:00,CC NG 06,0.0
2030,sc01,03-28 08:00:00+01:00,Biomass 39,0.0
2030,sc01,03-28 08:00:00+01:00,Solar 67,8.104487457
2030,sc01,03-28 08:00:00+01:00,Solar 19,0.015738995712
2030,sc01,03-28 08:00:00+01:00,Wind 12,1.2104252308500003
2030,sc01,03-28 08:00:00+01:00,Solar 24,0.22761189686400002
2030,sc01,03-28 08:00:00+01:00,ICE NG 02,0.0
2030,sc01,03-28 08:00:00+01:00,Solar 05,0.0
2030,sc01,03-28 08:00:00+01:00,CT NG 54,0.0
2030,sc01,03-28 08:00:00+01:00,Wind N01,11.483521420799999
2030,sc01,03-28 08:00:00+01:00,CT NG 27,0.0
2030,sc01,03-28 08:00:00+01:00,CC NG 36,0.0
2030,sc01,03-28 08:00:00+01:00,Wind N02,55.50563922819933
2030,sc01,03-28 08:00:00+01:00,CT NG 52,0.0
2030,sc01,03-28 08:00:00+01:00,Solar 35,0.0
2030,sc01,03-28 08:00:00+01:00,CT NG 05,0.0
2030,sc01,03-28 08:00:00+01:00,Biomass 36,0.0
2030,sc01,03-28 08:00:00+01:00,CT NG 34,0.0
2030,sc01,03-28 08:00:00+01:00,CT Oil 03,0.0
2030,sc01,03-28 08:00:00+01:00,Hydro 35,0.0
2030,sc01,03-28 08:00:00+01:00,Solar 14,1.8430226298
2030,sc01,03-28 08:00:00+01:00,CT NG 75,0.0
2030,sc01,03-28 08:00:00+01:00,ST NG 09,0.0
2030,sc01,03-28 08:00:00+01:00,CT NG 56,0.0
2030,sc01,03-28 08:00:00+01:00,Biomass 22,0.01155
2030,sc01,03-28 08:00:00+01:00,Solar 18,1.94395214937
2030,sc01,03-28 08:00:00+01:00,Biomass 13,0.011879999999999998
2030,sc01,03-28 08:00:00+01:00,CT NG 71,0.0
2030,sc01,03-28 08:00:00+01:00,Solar 58,0.0
2030,sc01,03-28 08:00:00+01:00,Solar 06,0.0
2030,sc01,03-28 08:00:00+01:00,Biomass 08,0.02706
2030,sc01,03-28 08:00:00+01:00,CT NG 72,0.0
2030,sc01,03-28 08:00:00+01:00,Hydro 18,0.0
2030,sc01,03-28 08:00:00+01:00,Solar 10,1.0828607572200002
2030,sc01,03-28 08:00:00+01:00,CT NG 04,0.0
2030,sc01,03-28 08:00:00+01:00,ST Other 02,0.0
2030,sc01,03-28 08:00:00+01:00,CT NG 12,0.0
2030,sc01,03-28 08:00:00+01:00,CT NG 48,0.0
2030,sc01,03-28 08:00:00+01:00,ST NG 10,0.0
2030,sc01,03-28 08:00:00+01:00,Solar 22,1.09597644354
2030,sc01,03-28 08:00:00+01:00,Solar 28,0.98077129194
2030,sc01,03-28 08:00:00+01:00,CT NG 73,0.0
2030,sc01,03-28 08:00:00+01:00,Biomass 52,0.0
2030,sc01,03-28 08:00:00+01:00,CT NG 30,0.0
2030,sc01,03-28 08:00:00+01:00,Solar 54,0.0
2030,sc01,03-28 08:00:00+01:00,Solar 31,0.0
2030,sc01,03-28 08:00:00+01:00,Biomass 03,0.0
2030,sc01,03-28 08:00:00+01:00,CT NG 32,0.0
2030,sc01,03-28 08:00:00+01:00,Biomass 27,0.05576999999999999
2030,sc01,03-28 08:00:00+01:00,CC NG 14,0.0
2030,sc01,03-28 08:00:00+01:00,CC NG 03,0.0
2030,sc01,03-28 08:00:00+01:00,CC NG 29,0.0
2030,sc01,03-28 08:00:00+01:00,CC NG 28,0.0
2030,sc01,03-28 08:00:00+01:00,CC NG 25,0.0
2030,sc01,03-28 08:00:00+01:00,CT NG 44,0.0
2030,sc01,03-28 08:00:00+01:00,CT NG 14,0.0
2030,sc01,03-28 08:00:00+01:00,CC NG 15,0.0
2030,sc01,03-28 08:00:00+01:00,CC NG 04,0.0
2030,sc01,03-28 08:00:00+01:00,Biomass 29,0.05576999999999999
2030,sc01,03-28 08:00:00+01:00,Wind 14,0.0
2030,sc01,03-28 08:00:00+01:00,Wind 08,0.50137274319
2030,sc01,03-28 08:00:00+01:00,Biomass 61,0.0
2030,sc01,03-28 08:00:00+01:00,CT NG 35,0.0
2030,sc01,03-28 08:00:00+01:00,Solar 33,0.0
2030,sc01,03-28 08:00:00+01:00,CT NG 41,0.0
2030,sc01,03-28 08:00:00+01:00,CT NG 15,0.0
2030,sc01,03-28 08:00:00+01:00,Solar 42,0.0
2030,sc01,03-28 08:00:00+01:00,Solar 07,0.0
2030,sc01,03-28 08:00:00+01:00,Solar 43,0.0
2030,sc01,03-28 08:00:00+01:00,Biomass 05,0.01419
2030,sc01,03-28 08:00:00+01:00,CT NG 29,0.0
2030,sc01,03-28 08:00:00+01:00,Solar 71,0.0
2030,sc01,03-28 08:00:00+01:00,CT NG 53,0.0
2030,sc01,03-28 08:00:00+01:00,CT NG 20,0.0
2030,sc01,03-28 08:00:00+01:00,Biomass 14,0.0264
2030,sc01,03-28 08:00:00+01:00,Solar 26,0.282609101544
2030,sc01,03-28 08:00:00+01:00,Hydro 29,0.0
2030,sc01,03-28 08:00:00+01:00,Hydro 31,0.0
2030,sc01,03-28 08:00:00+01:00,Biomass 24,0.014850000000000002
2030,sc01,03-28 08:00:00+01:00,Biomass 54,0.07853999999999998
2030,sc01,03-28 08:00:00+01:00,Solar 36,3.6025973232498947
2030,sc01,03-28 08:00:00+01:00,Wind 03,0.47803949259000006
2030,sc01,03-28 08:00:00+01:00,Biomass 40,0.0
2030,sc01,03-28 08:00:00+01:00,Biomass 49,0.0
2030,sc01,03-28 08:00:00+01:00,CC NG 16,14.707838763927128
2030,sc01,03-28 08:00:00+01:00,Biomass 48,0.0
2030,sc01,03-28 08:00:00+01:00,Hydro 28,0.0
2030,sc01,03-28 08:00:00+01:00,Biomass 17,0.00693
2030,sc01,03-28 08:00:00+01:00,CT NG 33,0.0
2030,sc01,03-28 08:00:00+01:00,Solar 45,0.0
2030,sc01,03-28 08:00:00+01:00,Hydro 24,0.0
2030,sc01,03-28 08:00:00+01:00,Wind 13,0.69471303297
2030,sc01,03-28 08:00:00+01:00,Biomass 07,0.066
2030,sc01,03-28 08:00:00+01:00,Biomass 34,0.0
2030,sc01,03-28 08:00:00+01:00,Biomass 33,0.0
2030,sc01,03-28 08:00:00+01:00,CT NG 01,0.0
2030,sc01,03-28 08:00:00+01:00,ICE NG 03,0.0
2030,sc01,03-28 08:00:00+01:00,Solar 55,0.0
2030,sc01,03-28 08:00:00+01:00,Solar 11,0.312181976304
2030,sc01,03-28 08:00:00+01:00,CT NG 06,0.0
2030,sc01,03-28 08:00:00+01:00,CT NG 70,0.0
2030,sc01,03-28 08:00:00+01:00,Solar 23,0.046225143888
2030,sc01,03-28 08:00:00+01:00,CT NG 67,0.0
2030,sc01,03-28 08:00:00+01:00,Solar 12,0.24166183087200002
2030,sc01,03-28 08:00:00+01:00,CT Oil 01,0.0
2030,sc01,03-28 08:00:00+01:00,Hydro 26,0.0
2030,sc01,03-28 08:00:00+01:00,CC NG 22,0.0
2030,sc01,03-28 08:00:00+01:00,CC NG 35,0.0
2030,sc01,03-28 08:00:00+01:00,Biomass 50,0.0
2030,sc01,03-28 08:00:00+01:00,ICE NG 04,0.0
2030,sc01,03-28 08:00:00+01:00,CC NG 39,0.0
2030,sc01,03-28 08:00:00+01:00,Hydro 32,0.0
2030,sc01,03-28 08:00:00+01:00,ICE NG 07,0.0
2030,sc01,03-28 08:00:00+01:00,Biomass 46,0.0
2030,sc01,03-28 08:00:00+01:00,CC NG 38,0.0
2030,sc01,03-28 08:00:00+01:00,CC NG 12,0.0
2030,sc01,03-28 08:00:00+01:00,Solar 57,0.0
2030,sc01,03-28 08:00:00+01:00,CC NG 32,0.0
2030,sc01,03-28 08:00:00+01:00,CC NG 07,0.0
2030,sc01,03-28 08:00:00+01:00,Biomass 44,0.0
2030,sc01,03-28 08:00:00+01:00,CT NG 40,0.0
2030,sc01,03-28 08:00:00+01:00,Solar 74,0.46730804356519373
2030,sc01,03-28 08:00:00+01:00,Hydro 30,0.0
2030,sc01,03-28 08:00:00+01:00,CT NG 42,0.0
2030,sc01,03-28 08:00:00+01:00,Hydro 22,0.0
2030,sc01,03-28 08:00:00+01:00,Solar 17,0.47399542938000006
2030,sc01,03-28 08:00:00+01:00,Solar 38,0.0
2030,sc01,03-28 08:00:00+01:00,CT NG 24,0.0
2030,sc01,03-28 08:00:00+01:00,CC NG 27,0.0
2030,sc01,03-28 08:00:00+01:00,Biomass 21,0.01155
2030,sc01,03-28 08:00:00+01:00,ICE NG 06,0.0
2030,sc01,03-28 08:00:00+01:00,Biomass 25,0.014850000000000002
2030,sc01,03-28 08:00:00+01:00,Solar 27,0.161851756704
2030,sc01,03-28 08:00:00+01:00,CT NG 19,0.0
2030,sc01,03-28 08:00:00+01:00,Biomass 42,0.0
2030,sc01,03-28 08:00:00+01:00,Biomass 19,0.01155
2030,sc01,03-28 08:00:00+01:00,Biomass 06,0.01419
2030,sc01,03-28 08:00:00+01:00,CT NG 10,0.0
2030,sc01,03-28 08:00:00+01:00,CC NG 40,0.0
2030,sc01,03-28 08:00:00+01:00,CC NG 21,0.0
2030,sc01,03-28 08:00:00+01:00,Biomass 02,0.033
2030,sc01,03-28 08:00:00+01:00,CT NG 46,0.0
2030,sc01,03-28 08:00:00+01:00,Hydro 34,0.0
2030,sc01,03-28 08:00:00+01:00,Biomass 10,0.02706
2030,sc01,03-28 08:00:00+01:00,CT NG 17,0.0
2030,sc01,03-28 08:00:00+01:00,Biomass 62,0.06072
2030,sc01,03-28 08:00:00+01:00,Biomass 32,0.039599999999999996
2030,sc01,03-28 08:00:00+01:00,CC NG 19,4.46754
2030,sc01,03-28 08:00:00+01:00,CC NG 17,0.0
2030,sc01,03-28 08:00:00+01:00,ST NG 01,0.0
2030,sc01,03-28 08:00:00+01:00,Biomass 45,0.0
2030,sc01,03-28 08:00:00+01:00,Biomass 28,0.05576999999999999
2030,sc01,03-28 08:00:00+01:00,CC NG 10,0.0
2030,sc01,03-28 08:00:00+01:00,Biomass 23,0.014850000000000002
2030,sc01,03-28 08:00:00+01:00,ST NG 06,0.0
2030,sc01,03-28 08:00:00+01:00,Wind 10,0.46779736113
2030,sc01,03-28 08:00:00+01:00,CT NG 69,0.0
2030,sc01,03-28 08:00:00+01:00,CT NG 68,0.0
2030,sc01,03-29 17:00:00+01:00,CC NG 13,0.0
2030,sc01,03-29 17:00:00+01:00,CT NG 37,0.0
2030,sc01,03-29 17:00:00+01:00,ST Coal 01,0.0
2030,sc01,03-29 17:00:00+01:00,CT NG 09,0.0
2030,sc01,03-29 17:00:00+01:00,CT NG 47,0.0
2030,sc01,03-29 17:00:00+01:00,Solar 69,2.57406124904
2030,sc01,03-29 17:00:00+01:00,Solar 34,2.0061739475300002
2030,sc01,03-29 17:00:00+01:00,Solar 73,0.0
2030,sc01,03-29 17:00:00+01:00,Biomass 37,0.0
2030,sc01,03-29 17:00:00+01:00,Hydro 20,0.5661390333436662
2030,sc01,03-29 17:00:00+01:00,Solar 01,3.4405908155000002
2030,sc01,03-29 17:00:00+01:00,Solar 62,0.0
2030,sc01,03-29 17:00:00+01:00,Solar 02,0.8394482042300001
2030,sc01,03-29 17:00:00+01:00,CT NG 26,0.0
2030,sc01,03-29 17:00:00+01:00,Biomass 20,0.01085
2030,sc01,03-29 17:00:00+01:00,Wind 16,3.7695352782000002
2030,sc01,03-29 17:00:00+01:00,CT NG 66,0.0
2030,sc01,03-29 17:00:00+01:00,Solar 39,0.032584255496
2030,sc01,03-29 17:00:00+01:00,Biomass 41,0.0
2030,sc01,03-29 17:00:00+01:00,Solar 72,0.55080659322
2030,sc01,03-29 17:00:00+01:00,ST NG 03,0.0
2030,sc01,03-29 17:00:00+01:00,Hydro 21,1.90352028
2030,sc01,03-29 17:00:00+01:00,CT NG 03,0.0
2030,sc01,03-29 17:00:00+01:00,CC NG 09,0.0
2030,sc01,03-29 17:00:00+01:00,CT Oil 02,0.0
2030,sc01,03-29 17:00:00+01:00,CT NG 39,0.0
2030,sc01,03-29 17:00:00+01:00,CC NG 08,0.0
2030,sc01,03-29 17:00:00+01:00,Biomass 43,0.0
2030,sc01,03-29 17:00:00+01:00,CT NG 18,0.11715209999999998
2030,sc01,03-29 17:00:00+01:00,ST NG 07,0.0
2030,sc01,03-29 17:00:00+01:00,Biomass 35,0.0
2030,sc01,03-29 17:00:00+01:00,Solar 32,2.3667282971
2030,sc01,03-29 17:00:00+01:00,Biomass 15,0.00651
2030,sc01,03-29 17:00:00+01:00,CC NG 31,0.0
2030,sc01,03-29 17:00:00+01:00,Solar 16,0.231954301048
2030,sc01,03-29 17:00:00+01:00,Solar 68,2.0734868487400004
2030,sc01,03-29 17:00:00+01:00,CT NG 21,0.0
2030,sc01,03-29 17:00:00+01:00,Wind 11,1.27927064004
2030,sc01,03-29 17:00:00+01:00,CC NG 37,0.0
2030,sc01,03-29 17:00:00+01:00,CT NG 22,0.0
2030,sc01,03-29 17:00:00+01:00,Hydro 16,0.0
2030,sc01,03-29 17:00:00+01:00,Biomass 59,0.12834
2030,sc01,03-29 17:00:00+01:00,CC NG 01,0.0
2030,sc01,03-29 17:00:00+01:00,Biomass 16,0.00651
2030,sc01,03-29 17:00:00+01:00,Solar 03,0.6740215269000001
2030,sc01,03-29 17:00:00+01:00,Solar 44,0.032681270864
2030,sc01,03-29 17:00:00+01:00,CT NG 08,0.0
2030,sc01,03-29 17:00:00+01:00,Wind 05,0.099160320992
2030,sc01,03-29 17:00:00+01:00,Biomass 26,0.05239
2030,sc01,03-29 17:00:00+01:00,Solar 37,0.6271750082800001
2030,sc01,03-29 17:00:00+01:00,Biomass 11,0.01116
2030,sc01,03-29 17:00:00+01:00,Solar 59,0.235530839744
2030,sc01,03-29 17:00:00+01:00,CT NG 11,0.0
2030,sc01,03-29 17:00:00+01:00,Biomass 30,0.05239
2030,sc01,03-29 17:00:00+01:00,Hydro 23,0.0
2030,sc01,03-29 17:00:00+01:00,CC NG 24,0.0
2030,sc01,03-29 17:00:00+01:00,Solar 65,1.4958621986099998
2030,sc01,03-29 17:00:00+01:00,CC NG 18,0.0
2030,sc01,03-29 17:00:00+01:00,CT NG 16,0.0
2030,sc01,03-29 17:00:00+01:00,Solar 51,0.29197348884
2030,sc01,03-29 17:00:00+01:00,Wind 06,1.08784376082
2030,sc01,03-29 17:00:00+01:00,CC NG 26,0.0
2030,sc01,03-29 17:00:00+01:00,CC NG 23,0.0
2030,sc01,03-29 17:00:00+01:00,CT NG 43,0.0
2030,sc01,03-29 17:00:00+01:00,CC NG 11,0.0
2030,sc01,03-29 17:00:00+01:00,CT NG 02,0.0
2030,sc01,03-29 17:00:00+01:00,CT NG 50,0.0
2030,sc01,03-29 17:00:00+01:00,Hydro 27,0.0
2030,sc01,03-29 17:00:00+01:00,CT NG 13,0.0
2030,sc01,03-29 17:00:00+01:00,CT NG 25,0.0
2030,sc01,03-29 17:00:00+01:00,CC NG 05,0.5467442007968503
2030,sc01,03-29 17:00:00+01:00,Solar 04,0.164922492896
2030,sc01,03-29 17:00:00+01:00,Solar 30,0.223676197696
2030,sc01,03-29 17:00:00+01:00,Solar 29,0.25231600773600005
2030,sc01,03-29 17:00:00+01:00,Solar 53,0.300258431536
2030,sc01,03-29 17:00:00+01:00,Solar 21,0.6257785271
2030,sc01,03-29 17:00:00+01:00,Biomass 58,0.0589
2030,sc01,03-29 17:00:00+01:00,CT NG 74,0.0
2030,sc01,03-29 17:00:00+01:00,Solar 61,0.030506446272000002
2030,sc01,03-29 17:00:00+01:00,Wind 07,1.20508503294
2030,sc01,03-29 17:00:00+01:00,Biomass 31,0.05239
2030,sc01,03-29 17:00:00+01:00,CT Oil 05,0.0
2030,sc01,03-29 17:00:00+01:00,Biomass 38,0.0
2030,sc01,03-29 17:00:00+01:00,Solar 41,0.032584255496
2030,sc01,03-29 17:00:00+01:00,Biomass 51,0.0
2030,sc01,03-29 17:00:00+01:00,Biomass 55,0.07378
2030,sc01,03-29 17:00:00+01:00,Wind 15,0.66376270837
2030,sc01,03-29 17:00:00+01:00,Geo 01,0.0
2030,sc01,03-29 17:00:00+01:00,Biomass 60,0.08370000000000001
2030,sc01,03-29 17:00:00+01:00,CT NG 38,0.0
2030,sc01,03-29 17:00:00+01:00,Solar 66,3.9078561095
2030,sc01,03-29 17:00:00+01:00,Solar 49,0.020124321584
2030,sc01,03-29 17:00:00+01:00,CT NG 51,0.0
2030,sc01,03-29 17:00:00+01:00,Biomass 18,0.00651
2030,sc01,03-29 17:00:00+01:00,ICE NG 01,0.0
2030,sc01,03-29 17:00:00+01:00,Solar 15,0.35787706836
2030,sc01,03-29 17:00:00+01:00,ICE NG 05,0.0
2030,sc01,03-29 17:00:00+01:00,CT Oil 04,0.0
2030,sc01,03-29 17:00:00+01:00,CC NG 20,0.0
2030,sc01,03-29 17:00:00+01:00,Solar 20,0.38315507813000005
2030,sc01,03-29 17:00:00+01:00,Biomass 04,0.0
2030,sc01,03-29 17:00:00+01:00,Wind 02,3.1065464157
2030,sc01,03-29 17:00:00+01:00,Hydro 25,0.0
2030,sc01,03-29 17:00:00+01:00,Solar 75,1.22935325646
2030,sc01,03-29 17:00:00+01:00,Hydro 33,0.0
2030,sc01,03-29 17:00:00+01:00,ST NG 05,0.0
2030,sc01,03-29 17:00:00+01:00,CT NG 07,0.0
2030,sc01,03-29 17:00:00+01:00,Wind 01,0.7279254779300001
2030,sc01,03-29 17:00:00+01:00,Solar 56,0.36692334048999997
2030,sc01,03-29 17:00:00+01:00,Biomass 09,0.025419999999999998
2030,sc01,03-29 17:00:00+01:00,Biomass 53,0.07378
2030,sc01,03-29 17:00:00+01:00,Wind 17,5.776433009700001
2030,sc01,03-29 17:00:00+01:00,ST NG 08,0.0
2030,sc01,03-29 17:00:00+01:00,Hydro 19,0.0
2030,sc01,03-29 17:00:00+01:00,ST NG 02,0.0
2030,sc01,03-29 17:00:00+01:00,Biomass 01,0.031
2030,sc01,03-29 17:00:00+01:00,Biomass 57,0.0589
2030,sc01,03-29 17:00:00+01:00,CT NG 49,0.0
2030,sc01,03-29 17:00:00+01:00,CT NG 31,0.0
2030,sc01,03-29 17:00:00+01:00,Solar 64,0.78532607334
2030,sc01,03-29 17:00:00+01:00,CC NG 33,0.0
2030,sc01,03-29 17:00:00+01:00,Solar 46,0.032681270864
2030,sc01,03-29 17:00:00+01:00,Biomass 12,0.01116
2030,sc01,03-29 17:00:00+01:00,Wind 04,0.27730128630399997
2030,sc01,03-29 17:00:00+01:00,Solar 13,0.008984013032
2030,sc01,03-29 17:00:00+01:00,CT NG 55,0.0
2030,sc01,03-29 17:00:00+01:00,Wind N03,151.7864301802363
2030,sc01,03-29 17:00:00+01:00,CT NG 28,0.0
2030,sc01,03-29 17:00:00+01:00,Wind 09,1.20168307403
2030,sc01,03-29 17:00:00+01:00,Solar 60,0.296426605608
2030,sc01,03-29 17:00:00+01:00,Solar 25,0.06588134408799999
2030,sc01,03-29 17:00:00+01:00,CT NG 23,0.0
2030,sc01,03-29 17:00:00+01:00,ST Other 01,0.0
2030,sc01,03-29 17:00:00+01:00,Solar 70,3.4985001454
2030,sc01,03-29 17:00:00+01:00,CC NG 34,0.0
2030,sc01,03-29 17:00:00+01:00,Solar 48,0.032681270864
2030,sc01,03-29 17:00:00+01:00,Biomass 56,0.07471000000000001
2030,sc01,03-29 17:00:00+01:00,CT NG 36,0.0
2030,sc01,03-29 17:00:00+01:00,Solar 47,0.032681270864
2030,sc01,03-29 17:00:00+01:00,Hydro 17,0.00842859
2030,sc01,03-29 17:00:00+01:00,Solar 09,0.43664632275000004
2030,sc01,03-29 17:00:00+01:00,Solar 08,0.085298105056
2030,sc01,03-29 17:00:00+01:00,CT NG 45,0.0
2030,sc01,03-29 17:00:00+01:00,ST NG 04,0.0
2030,sc01,03-29 17:00:00+01:00,Solar 40,0.032584255496
2030,sc01,03-29 17:00:00+01:00,Biomass 47,0.0
2030,sc01,03-29 17:00:00+01:00,Solar 50,0.08590791672
2030,sc01,03-29 17:00:00+01:00,Solar 52,0.19485343557600002
2030,sc01,03-29 17:00:00+01:00,Solar 63,1.6770883037
2030,sc01,03-29 17:00:00+01:00,CC NG 06,0.0
2030,sc01,03-29 17:00:00+01:00,Biomass 39,0.0
2030,sc01,03-29 17:00:00+01:00,Solar 67,1.1179653596999999
2030,sc01,03-29 17:00:00+01:00,Solar 19,0.0
2030,sc01,03-29 17:00:00+01:00,Wind 12,5.0917625271
2030,sc01,03-29 17:00:00+01:00,Solar 24,0.049137719319999995
2030,sc01,03-29 17:00:00+01:00,ICE NG 02,0.0
2030,sc01,03-29 17:00:00+01:00,Solar 05,0.0
2030,sc01,03-29 17:00:00+01:00,CT NG 54,0.0
2030,sc01,03-29 17:00:00+01:00,Wind N01,48.306464984
2030,sc01,03-29 17:00:00+01:00,CT NG 27,0.0
2030,sc01,03-29 17:00:00+01:00,CC NG 36,0.0
2030,sc01,03-29 17:00:00+01:00,Wind N02,21.9036508947
2030,sc01,03-29 17:00:00+01:00,CT NG 52,0.0
2030,sc01,03-29 17:00:00+01:00,Solar 35,1.12897307158
2030,sc01,03-29 17:00:00+01:00,CT NG 05,0.0
2030,sc01,03-29 17:00:00+01:00,Biomass 36,0.0
2030,sc01,03-29 17:00:00+01:00,CT NG 34,0.0
2030,sc01,03-29 17:00:00+01:00,CT Oil 03,0.0
2030,sc01,03-29 17:00:00+01:00,Hydro 35,0.0
2030,sc01,03-29 17:00:00+01:00,Solar 14,0.39787871444
2030,sc01,03-29 17:00:00+01:00,CT NG 75,0.0
2030,sc01,03-29 17:00:00+01:00,ST NG 09,0.0
2030,sc01,03-29 17:00:00+01:00,CT NG 56,0.0
2030,sc01,03-29 17:00:00+01:00,Biomass 22,0.01085
2030,sc01,03-29 17:00:00+01:00,Solar 18,0.41966776194000005
2030,sc01,03-29 17:00:00+01:00,Biomass 13,0.01116
2030,sc01,03-29 17:00:00+01:00,CT NG 71,0.0
2030,sc01,03-29 17:00:00+01:00,Solar 58,0.146737848256
2030,sc01,03-29 17:00:00+01:00,Solar 06,0.258315944648
2030,sc01,03-29 17:00:00+01:00,Biomass 08,0.025419999999999998
2030,sc01,03-29 17:00:00+01:00,CT NG 72,0.0
2030,sc01,03-29 17:00:00+01:00,Hydro 18,0.029031809999999998
2030,sc01,03-29 17:00:00+01:00,Solar 10,0.36906914870999996
2030,sc01,03-29 17:00:00+01:00,CT NG 04,0.0
2030,sc01,03-29 17:00:00+01:00,ST Other 02,0.0
2030,sc01,03-29 17:00:00+01:00,CT NG 12,0.0
2030,sc01,03-29 17:00:00+01:00,CT NG 48,0.0
2030,sc01,03-29 17:00:00+01:00,ST NG 10,0.0
2030,sc01,03-29 17:00:00+01:00,Solar 22,0.262435898216
2030,sc01,03-29 17:00:00+01:00,Solar 28,0.234849568616
2030,sc01,03-29 17:00:00+01:00,CT NG 73,0.0
2030,sc01,03-29 17:00:00+01:00,Biomass 52,0.0
2030,sc01,03-29 17:00:00+01:00,CT NG 30,0.0
2030,sc01,03-29 17:00:00+01:00,Solar 54,0.168446158736
2030,sc01,03-29 17:00:00+01:00,Solar 31,1.49406438616
2030,sc01,03-29 17:00:00+01:00,Biomass 03,0.0
2030,sc01,03-29 17:00:00+01:00,CT NG 32,0.0
2030,sc01,03-29 17:00:00+01:00,Biomass 27,0.05239
2030,sc01,03-29 17:00:00+01:00,CC NG 14,0.0
2030,sc01,03-29 17:00:00+01:00,CC NG 03,3.8064794600000003
2030,sc01,03-29 17:00:00+01:00,CC NG 29,0.0
2030,sc01,03-29 17:00:00+01:00,CC NG 28,0.0
2030,sc01,03-29 17:00:00+01:00,CC NG 25,0.0
2030,sc01,03-29 17:00:00+01:00,CT NG 44,0.0
2030,sc01,03-29 17:00:00+01:00,CT NG 14,0.0
2030,sc01,03-29 17:00:00+01:00,CC NG 15,0.0
2030,sc01,03-29 17:00:00+01:00,CC NG 04,3.654923434086675
2030,sc01,03-29 17:00:00+01:00,Biomass 29,0.05239
2030,sc01,03-29 17:00:00+01:00,Wind 14,2.9911527702400003
2030,sc01,03-29 17:00:00+01:00,Wind 08,1.51758826682
2030,sc01,03-29 17:00:00+01:00,Biomass 61,0.0
2030,sc01,03-29 17:00:00+01:00,CT NG 35,0.0
2030,sc01,03-29 17:00:00+01:00,Solar 33,1.6106967420200002
2030,sc01,03-29 17:00:00+01:00,CT NG 41,0.0
2030,sc01,03-29 17:00:00+01:00,CT NG 15,0.0
2030,sc01,03-29 17:00:00+01:00,Solar 42,0.032681270864
2030,sc01,03-29 17:00:00+01:00,Solar 07,0.007236548488
2030,sc01,03-29 17:00:00+01:00,Solar 43,0.032681270864
2030,sc01,03-29 17:00:00+01:00,Biomass 05,0.01333
2030,sc01,03-29 17:00:00+01:00,CT NG 29,0.0
2030,sc01,03-29 17:00:00+01:00,Solar 71,2.0741153136
2030,sc01,03-29 17:00:00+01:00,CT NG 53,0.0
2030,sc01,03-29 17:00:00+01:00,CT NG 20,0.0
2030,sc01,03-29 17:00:00+01:00,Biomass 14,0.024800000000000003
2030,sc01,03-29 17:00:00+01:00,Solar 26,0.06101072452799999
2030,sc01,03-29 17:00:00+01:00,Hydro 29,3.8571753712845243
2030,sc01,03-29 17:00:00+01:00,Hydro 31,0.0
2030,sc01,03-29 17:00:00+01:00,Biomass 24,0.01395
2030,sc01,03-29 17:00:00+01:00,Biomass 54,0.07378
2030,sc01,03-29 17:00:00+01:00,Solar 36,2.0630752829800003
2030,sc01,03-29 17:00:00+01:00,Wind 03,0.57811528806
2030,sc01,03-29 17:00:00+01:00,Biomass 40,0.0
2030,sc01,03-29 17:00:00+01:00,Biomass 49,0.0
2030,sc01,03-29 17:00:00+01:00,CC NG 16,28.283299500000002
2030,sc01,03-29 17:00:00+01:00,Biomass 48,0.0
2030,sc01,03-29 17:00:00+01:00,Hydro 28,34.2518814
2030,sc01,03-29 17:00:00+01:00,Biomass 17,0.00651
2030,sc01,03-29 17:00:00+01:00,CT NG 33,0.0
2030,sc01,03-29 17:00:00+01:00,Solar 45,0.032681270864
2030,sc01,03-29 17:00:00+01:00,Hydro 24,0.0
2030,sc01,03-29 17:00:00+01:00,Wind 13,2.808530436
2030,sc01,03-29 17:00:00+01:00,Biomass 07,0.062
2030,sc01,03-29 17:00:00+01:00,Biomass 34,0.0
2030,sc01,03-29 17:00:00+01:00,Biomass 33,0.0
2030,sc01,03-29 17:00:00+01:00,CT NG 01,0.0
2030,sc01,03-29 17:00:00+01:00,ICE NG 03,0.0
2030,sc01,03-29 17:00:00+01:00,Solar 55,0.36593497896000005
2030,sc01,03-29 17:00:00+01:00,Solar 11,0.067395028952
2030,sc01,03-29 17:00:00+01:00,CT NG 06,0.0
2030,sc01,03-29 17:00:00+01:00,CT NG 70,0.0
2030,sc01,03-29 17:00:00+01:00,Solar 23,0.009979259352000001
2030,sc01,03-29 17:00:00+01:00,CT NG 67,0.0
2030,sc01,03-29 17:00:00+01:00,Solar 12,0.052170872408
2030,sc01,03-29 17:00:00+01:00,CT Oil 01,0.0
2030,sc01,03-29 17:00:00+01:00,Hydro 26,0.0
2030,sc01,03-29 17:00:00+01:00,CC NG 22,0.0
2030,sc01,03-29 17:00:00+01:00,CC NG 35,0.0
2030,sc01,03-29 17:00:00+01:00,Biomass 50,0.0
2030,sc01,03-29 17:00:00+01:00,ICE NG 04,0.0
2030,sc01,03-29 17:00:00+01:00,CC NG 39,0.0
2030,sc01,03-29 17:00:00+01:00,Hydro 32,0.0
2030,sc01,03-29 17:00:00+01:00,ICE NG 07,0.0
2030,sc01,03-29 17:00:00+01:00,Biomass 46,0.0
2030,sc01,03-29 17:00:00+01:00,CC NG 38,0.0
2030,sc01,03-29 17:00:00+01:00,CC NG 12,0.0
2030,sc01,03-29 17:00:00+01:00,Solar 57,0.12531413166400002
2030,sc01,03-29 17:00:00+01:00,CC NG 32,0.0
2030,sc01,03-29 17:00:00+01:00,CC NG 07,0.0
2030,sc01,03-29 17:00:00+01:00,Biomass 44,0.0
2030,sc01,03-29 17:00:00+01:00,CT NG 40,0.0
2030,sc01,03-29 17:00:00+01:00,Solar 74,0.0
2030,sc01,03-29 17:00:00+01:00,Hydro 30,0.0
2030,sc01,03-29 17:00:00+01:00,CT NG 42,0.0
2030,sc01,03-29 17:00:00+01:00,Hydro 22,1.90352028
2030,sc01,03-29 17:00:00+01:00,Solar 17,0.10232793075199999
2030,sc01,03-29 17:00:00+01:00,Solar 38,0.48014364942
2030,sc01,03-29 17:00:00+01:00,CT NG 24,0.0
2030,sc01,03-29 17:00:00+01:00,CC NG 27,0.0
2030,sc01,03-29 17:00:00+01:00,Biomass 21,0.01085
2030,sc01,03-29 17:00:00+01:00,ICE NG 06,0.0
2030,sc01,03-29 17:00:00+01:00,Biomass 25,0.01395
2030,sc01,03-29 17:00:00+01:00,Solar 27,0.039883526408
2030,sc01,03-29 17:00:00+01:00,CT NG 19,0.0
2030,sc01,03-29 17:00:00+01:00,Biomass 42,0.0
2030,sc01,03-29 17:00:00+01:00,Biomass 19,0.01085
2030,sc01,03-29 17:00:00+01:00,Biomass 06,0.01333
2030,sc01,03-29 17:00:00+01:00,CT NG 10,0.0
2030,sc01,03-29 17:00:00+01:00,CC NG 40,0.0
2030,sc01,03-29 17:00:00+01:00,CC NG 21,0.0
2030,sc01,03-29 17:00:00+01:00,Biomass 02,0.031
2030,sc01,03-29 17:00:00+01:00,CT NG 46,0.0
2030,sc01,03-29 17:00:00+01:00,Hydro 34,0.0
2030,sc01,03-29 17:00:00+01:00,Biomass 10,0.025419999999999998
2030,sc01,03-29 17:00:00+01:00,CT NG 17,0.20726909999999998
2030,sc01,03-29 17:00:00+01:00,Biomass 62,0.05704
2030,sc01,03-29 17:00:00+01:00,Biomass 32,0.0372
2030,sc01,03-29 17:00:00+01:00,CC NG 19,4.19678
2030,sc01,03-29 17:00:00+01:00,CC NG 17,0.0
2030,sc01,03-29 17:00:00+01:00,ST NG 01,0.0
2030,sc01,03-29 17:00:00+01:00,Biomass 45,0.0
2030,sc01,03-29 17:00:00+01:00,Biomass 28,0.05239
2030,sc01,03-29 17:00:00+01:00,CC NG 10,0.0
2030,sc01,03-29 17:00:00+01:00,Biomass 23,0.01395
2030,sc01,03-29 17:00:00+01:00,ST NG 06,0.0
2030,sc01,03-29 17:00:00+01:00,Wind 10,1.37413190143
2030,sc01,03-29 17:00:00+01:00,CT NG 69,0.0
2030,sc01,03-29 17:00:00+01:00,CT NG 68,0.0
2030,sc01,03-31 20:00:00+02:00,CC NG 13,0.0
2030,sc01,03-31 20:00:00+02:00,CT NG 37,0.0
2030,sc01,03-31 20:00:00+02:00,ST Coal 01,0.0
2030,sc01,03-31 20:00:00+02:00,CT NG 09,0.0
2030,sc01,03-31 20:00:00+02:00,CT NG 47,0.0
2030,sc01,03-31 20:00:00+02:00,Solar 69,0.0
2030,sc01,03-31 20:00:00+02:00,Solar 34,0.0
2030,sc01,03-31 20:00:00+02:00,Solar 73,0.0
2030,sc01,03-31 20:00:00+02:00,Biomass 37,0.020020000000000003
2030,sc01,03-31 20:00:00+02:00,Hydro 20,1.6250231400000001
2030,sc01,03-31 20:00:00+02:00,Solar 01,0.0
2030,sc01,03-31 20:00:00+02:00,Solar 62,0.0
2030,sc01,03-31 20:00:00+02:00,Solar 02,0.0
2030,sc01,03-31 20:00:00+02:00,CT NG 26,0.0
2030,sc01,03-31 20:00:00+02:00,Biomass 20,0.0091
2030,sc01,03-31 20:00:00+02:00,Wind 16,1.9763270755800002
2030,sc01,03-31 20:00:00+02:00,CT NG 66,0.0
2030,sc01,03-31 20:00:00+02:00,Solar 39,0.0
2030,sc01,03-31 20:00:00+02:00,Biomass 41,0.03848
2030,sc01,03-31 20:00:00+02:00,Solar 72,0.0
2030,sc01,03-31 20:00:00+02:00,ST NG 03,0.0
2030,sc01,03-31 20:00:00+02:00,Hydro 21,1.6250231400000001
2030,sc01,03-31 20:00:00+02:00,CT NG 03,0.0
2030,sc01,03-31 20:00:00+02:00,CC NG 09,0.0
2030,sc01,03-31 20:00:00+02:00,CT Oil 02,0.0
2030,sc01,03-31 20:00:00+02:00,CT NG 39,0.0
2030,sc01,03-31 20:00:00+02:00,CC NG 08,0.0
2030,sc01,03-31 20:00:00+02:00,Biomass 43,0.06812000000000001
2030,sc01,03-31 20:00:00+02:00,CT NG 18,0.09825659999999999
2030,sc01,03-31 20:00:00+02:00,ST NG 07,0.0
2030,sc01,03-31 20:00:00+02:00,Biomass 35,0.0351
2030,sc01,03-31 20:00:00+02:00,Solar 32,0.0
2030,sc01,03-31 20:00:00+02:00,Biomass 15,0.0054600000000000004
2030,sc01,03-31 20:00:00+02:00,CC NG 31,0.0
2030,sc01,03-31 20:00:00+02:00,Solar 16,0.0
2030,sc01,03-31 20:00:00+02:00,Solar 68,0.0
2030,sc01,03-31 20:00:00+02:00,CT NG 21,0.0
2030,sc01,03-31 20:00:00+02:00,Wind 11,0.0
2030,sc01,03-31 20:00:00+02:00,CC NG 37,0.0
2030,sc01,03-31 20:00:00+02:00,CT NG 22,0.0
2030,sc01,03-31 20:00:00+02:00,Hydro 16,0.0
2030,sc01,03-31 20:00:00+02:00,Biomass 59,0.10764000000000001
2030,sc01,03-31 20:00:00+02:00,CC NG 01,0.0
2030,sc01,03-31 20:00:00+02:00,Biomass 16,0.0054600000000000004
2030,sc01,03-31 20:00:00+02:00,Solar 03,0.0
2030,sc01,03-31 20:00:00+02:00,Solar 44,0.0
2030,sc01,03-31 20:00:00+02:00,CT NG 08,0.0
2030,sc01,03-31 20:00:00+02:00,Wind 05,0.0
2030,sc01,03-31 20:00:00+02:00,Biomass 26,0.04394
2030,sc01,03-31 20:00:00+02:00,Solar 37,0.0
2030,sc01,03-31 20:00:00+02:00,Biomass 11,0.009359999999999999
2030,sc01,03-31 20:00:00+02:00,Solar 59,0.0
2030,sc01,03-31 20:00:00+02:00,CT NG 11,0.0
2030,sc01,03-31 20:00:00+02:00,Biomass 30,0.04394
2030,sc01,03-31 20:00:00+02:00,Hydro 23,10.179786459852878
2030,sc01,03-31 20:00:00+02:00,CC NG 24,0.0
2030,sc01,03-31 20:00:00+02:00,Solar 65,0.0
2030,sc01,03-31 20:00:00+02:00,CC NG 18,0.0
2030,sc01,03-31 20:00:00+02:00,CT NG 16,0.0
2030,sc01,03-31 20:00:00+02:00,Solar 51,0.0
2030,sc01,03-31 20:00:00+02:00,Wind 06,0.011698437504
2030,sc01,03-31 20:00:00+02:00,CC NG 26,0.0
2030,sc01,03-31 20:00:00+02:00,CC NG 23,0.0
2030,sc01,03-31 20:00:00+02:00,CT NG 43,0.0
2030,sc01,03-31 20:00:00+02:00,CC NG 11,0.0
2030,sc01,03-31 20:00:00+02:00,CT NG 02,0.0
2030,sc01,03-31 20:00:00+02:00,CT NG 50,0.0
2030,sc01,03-31 20:00:00+02:00,Hydro 27,0.20340840000000004
2030,sc01,03-31 20:00:00+02:00,CT NG 13,0.0
2030,sc01,03-31 20:00:00+02:00,CT NG 25,0.0
2030,sc01,03-31 20:00:00+02:00,CC NG 05,0.0
2030,sc01,03-31 20:00:00+02:00,Solar 04,0.0
2030,sc01,03-31 20:00:00+02:00,Solar 30,0.0
2030,sc01,03-31 20:00:00+02:00,Solar 29,0.0
2030,sc01,03-31 20:00:00+02:00,Solar 53,0.0
2030,sc01,03-31 20:00:00+02:00,Solar 21,0.0
2030,sc01,03-31 20:00:00+02:00,Biomass 58,0.0494
2030,sc01,03-31 20:00:00+02:00,CT NG 74,0.0
2030,sc01,03-31 20:00:00+02:00,Solar 61,0.0
2030,sc01,03-31 20:00:00+02:00,Wind 07,0.0
2030,sc01,03-31 20:00:00+02:00,Biomass 31,0.04394
2030,sc01,03-31 20:00:00+02:00,CT Oil 05,0.0
2030,sc01,03-31 20:00:00+02:00,Biomass 38,0.020020000000000003
2030,sc01,03-31 20:00:00+02:00,Solar 41,0.0
2030,sc01,03-31 20:00:00+02:00,Biomass 51,0.004679999999999999
2030,sc01,03-31 20:00:00+02:00,Biomass 55,0.06187999999999999
2030,sc01,03-31 20:00:00+02:00,Wind 15,2.2224456737600002
2030,sc01,03-31 20:00:00+02:00,Geo 01,0.41600000000000004
2030,sc01,03-31 20:00:00+02:00,Biomass 60,0.0702
2030,sc01,03-31 20:00:00+02:00,CT NG 38,0.0
2030,sc01,03-31 20:00:00+02:00,Solar 66,0.0
2030,sc01,03-31 20:00:00+02:00,Solar 49,0.0
2030,sc01,03-31 20:00:00+02:00,CT NG 51,0.0
2030,sc01,03-31 20:00:00+02:00,Biomass 18,0.0054600000000000004
2030,sc01,03-31 20:00:00+02:00,ICE NG 01,0.0
2030,sc01,03-31 20:00:00+02:00,Solar 15,0.0
2030,sc01,03-31 20:00:00+02:00,ICE NG 05,0.0
2030,sc01,03-31 20:00:00+02:00,CT Oil 04,0.0
2030,sc01,03-31 20:00:00+02:00,CC NG 20,0.0
2030,sc01,03-31 20:00:00+02:00,Solar 20,0.0
2030,sc01,03-31 20:00:00+02:00,Biomass 04,0.00676
2030,sc01,03-31 20:00:00+02:00,Wind 02,0.009439264848
2030,sc01,03-31 20:00:00+02:00,Hydro 25,0.20340840000000004
2030,sc01,03-31 20:00:00+02:00,Solar 75,0.0
2030,sc01,03-31 20:00:00+02:00,Hydro 33,0.0
2030,sc01,03-31 20:00:00+02:00,ST NG 05,0.0
2030,sc01,03-31 20:00:00+02:00,CT NG 07,0.0
2030,sc01,03-31 20:00:00+02:00,Wind 01,0.0
2030,sc01,03-31 20:00:00+02:00,Solar 56,0.0
2030,sc01,03-31 20:00:00+02:00,Biomass 09,0.02132
2030,sc01,03-31 20:00:00+02:00,Biomass 53,0.06187999999999999
2030,sc01,03-31 20:00:00+02:00,Wind 17,2.64208425
2030,sc01,03-31 20:00:00+02:00,ST NG 08,0.0
2030,sc01,03-31 20:00:00+02:00,Hydro 19,0.9004709999999999
2030,sc01,03-31 20:00:00+02:00,ST NG 02,0.0
2030,sc01,03-31 20:00:00+02:00,Biomass 01,0.026000000000000002
2030,sc01,03-31 20:00:00+02:00,Biomass 57,0.0494
2030,sc01,03-31 20:00:00+02:00,CT NG 49,0.0
2030,sc01,03-31 20:00:00+02:00,CT NG 31,0.0
2030,sc01,03-31 20:00:00+02:00,Solar 64,0.0
2030,sc01,03-31 20:00:00+02:00,CC NG 33,0.0
2030,sc01,03-31 20:00:00+02:00,Solar 46,0.0
2030,sc01,03-31 20:00:00+02:00,Biomass 12,0.009359999999999999
2030,sc01,03-31 20:00:00+02:00,Wind 04,0.0
2030,sc01,03-31 20:00:00+02:00,Solar 13,0.0
2030,sc01,03-31 20:00:00+02:00,CT NG 55,0.0
2030,sc01,03-31 20:00:00+02:00,Wind N03,101.618624952
2030,sc01,03-31 20:00:00+02:00,CT NG 28,0.0
2030,sc01,03-31 20:00:00+02:00,Wind 09,0.014280918496
2030,sc01,03-31 20:00:00+02:00,Solar 60,0.0
2030,sc01,03-31 20:00:00+02:00,Solar 25,0.0
2030,sc01,03-31 20:00:00+02:00,CT NG 23,0.0
2030,sc01,03-31 20:00:00+02:00,ST Other 01,0.0
2030,sc01,03-31 20:00:00+02:00,Solar 70,0.0
2030,sc01,03-31 20:00:00+02:00,CC NG 34,10.005878506501729
2030,sc01,03-31 20:00:00+02:00,Solar 48,0.0
2030,sc01,03-31 20:00:00+02:00,Biomass 56,0.06266000000000001
2030,sc01,03-31 20:00:00+02:00,CT NG 36,0.0
2030,sc01,03-31 20:00:00+02:00,Solar 47,0.0
2030,sc01,03-31 20:00:00+02:00,Hydro 17,0.00704106
2030,sc01,03-31 20:00:00+02:00,Solar 09,0.0
2030,sc01,03-31 20:00:00+02:00,Solar 08,0.0
2030,sc01,03-31 20:00:00+02:00,CT NG 45,0.0
2030,sc01,03-31 20:00:00+02:00,ST NG 04,0.0
2030,sc01,03-31 20:00:00+02:00,Solar 40,0.0
2030,sc01,03-31 20:00:00+02:00,Biomass 47,0.057980000000000004
2030,sc01,03-31 20:00:00+02:00,Solar 50,0.0
2030,sc01,03-31 20:00:00+02:00,Solar 52,0.0
2030,sc01,03-31 20:00:00+02:00,Solar 63,0.0
2030,sc01,03-31 20:00:00+02:00,CC NG 06,0.0
2030,sc01,03-31 20:00:00+02:00,Biomass 39,0.020020000000000003
2030,sc01,03-31 20:00:00+02:00,Solar 67,0.0
2030,sc01,03-31 20:00:00+02:00,Solar 19,0.0
2030,sc01,03-31 20:00:00+02:00,Wind 12,0.37179505766000004
2030,sc01,03-31 20:00:00+02:00,Solar 24,0.0
2030,sc01,03-31 20:00:00+02:00,ICE NG 02,0.0
2030,sc01,03-31 20:00:00+02:00,Solar 05,0.0
2030,sc01,03-31 20:00:00+02:00,CT NG 54,0.0
2030,sc01,03-31 20:00:00+02:00,Wind N01,3.5272864458000006
2030,sc01,03-31 20:00:00+02:00,CT NG 27,0.0
2030,sc01,03-31 20:00:00+02:00,CC NG 36,0.0
2030,sc01,03-31 20:00:00+02:00,Wind N02,5.5549977106
2030,sc01,03-31 20:00:00+02:00,CT NG 52,0.0
2030,sc01,03-31 20:00:00+02:00,Solar 35,0.0
2030,sc01,03-31 20:00:00+02:00,CT NG 05,0.0
2030,sc01,03-31 20:00:00+02:00,Biomass 36,0.0351
2030,sc01,03-31 20:00:00+02:00,CT NG 34,0.0
2030,sc01,03-31 20:00:00+02:00,CT Oil 03,0.0
2030,sc01,03-31 20:00:00+02:00,Hydro 35,0.0
2030,sc01,03-31 20:00:00+02:00,Solar 14,0.0
2030,sc01,03-31 20:00:00+02:00,CT NG 75,0.0
2030,sc01,03-31 20:00:00+02:00,ST NG 09,0.0
2030,sc01,03-31 20:00:00+02:00,CT NG 56,0.0
2030,sc01,03-31 20:00:00+02:00,Biomass 22,0.0091
2030,sc01,03-31 20:00:00+02:00,Solar 18,0.0
2030,sc01,03-31 20:00:00+02:00,Biomass 13,0.009359999999999999
2030,sc01,03-31 20:00:00+02:00,CT NG 71,0.0
2030,sc01,03-31 20:00:00+02:00,Solar 58,0.0
2030,sc01,03-31 20:00:00+02:00,Solar 06,0.0
2030,sc01,03-31 20:00:00+02:00,Biomass 08,0.02132
2030,sc01,03-31 20:00:00+02:00,CT NG 72,0.0
2030,sc01,03-31 20:00:00+02:00,Hydro 18,0.024252540000000003
2030,sc01,03-31 20:00:00+02:00,Solar 10,0.0
2030,sc01,03-31 20:00:00+02:00,CT NG 04,0.0
2030,sc01,03-31 20:00:00+02:00,ST Other 02,0.0
2030,sc01,03-31 20:00:00+02:00,CT NG 12,0.0
2030,sc01,03-31 20:00:00+02:00,CT NG 48,0.0
2030,sc01,03-31 20:00:00+02:00,ST NG 10,0.0
2030,sc01,03-31 20:00:00+02:00,Solar 22,0.0
2030,sc01,03-31 20:00:00+02:00,Solar 28,0.0
2030,sc01,03-31 20:00:00+02:00,CT NG 73,0.0
2030,sc01,03-31 20:00:00+02:00,Biomass 52,0.04784
2030,sc01,03-31 20:00:00+02:00,CT NG 30,0.0
2030,sc01,03-31 20:00:00+02:00,Solar 54,0.0
2030,sc01,03-31 20:00:00+02:00,Solar 31,0.0
2030,sc01,03-31 20:00:00+02:00,Biomass 03,0.00676
2030,sc01,03-31 20:00:00+02:00,CT NG 32,0.0
2030,sc01,03-31 20:00:00+02:00,Biomass 27,0.04394
2030,sc01,03-31 20:00:00+02:00,CC NG 14,0.0
2030,sc01,03-31 20:00:00+02:00,CC NG 03,3.19253116
2030,sc01,03-31 20:00:00+02:00,CC NG 29,0.0
2030,sc01,03-31 20:00:00+02:00,CC NG 28,0.0
2030,sc01,03-31 20:00:00+02:00,CC NG 25,0.0
2030,sc01,03-31 20:00:00+02:00,CT NG 44,0.0
2030,sc01,03-31 20:00:00+02:00,CT NG 14,0.0
2030,sc01,03-31 20:00:00+02:00,CC NG 15,0.0
2030,sc01,03-31 20:00:00+02:00,CC NG 04,5.742168478470208
2030,sc01,03-31 20:00:00+02:00,Biomass 29,0.04394
2030,sc01,03-31 20:00:00+02:00,Wind 14,0.7585880029000001
2030,sc01,03-31 20:00:00+02:00,Wind 08,0.011863159360000002
2030,sc01,03-31 20:00:00+02:00,Biomass 61,0.011179999999999999
2030,sc01,03-31 20:00:00+02:00,CT NG 35,0.0
2030,sc01,03-31 20:00:00+02:00,Solar 33,0.0
2030,sc01,03-31 20:00:00+02:00,CT NG 41,0.0
2030,sc01,03-31 20:00:00+02:00,CT NG 15,0.0
2030,sc01,03-31 20:00:00+02:00,Solar 42,0.0
2030,sc01,03-31 20:00:00+02:00,Solar 07,0.0
2030,sc01,03-31 20:00:00+02:00,Solar 43,0.0
2030,sc01,03-31 20:00:00+02:00,Biomass 05,0.011179999999999999
2030,sc01,03-31 20:00:00+02:00,CT NG 29,0.0
2030,sc01,03-31 20:00:00+02:00,Solar 71,0.0
2030,sc01,03-31 20:00:00+02:00,CT NG 53,0.0
2030,sc01,03-31 20:00:00+02:00,CT NG 20,0.0
2030,sc01,03-31 20:00:00+02:00,Biomass 14,0.020800000000000003
2030,sc01,03-31 20:00:00+02:00,Solar 26,0.0
2030,sc01,03-31 20:00:00+02:00,Hydro 29,28.727384400000002
2030,sc01,03-31 20:00:00+02:00,Hydro 31,0.0
2030,sc01,03-31 20:00:00+02:00,Biomass 24,0.0117
2030,sc01,03-31 20:00:00+02:00,Biomass 54,0.06187999999999999
2030,sc01,03-31 20:00:00+02:00,Solar 36,0.0
2030,sc01,03-31 20:00:00+02:00,Wind 03,0.008384077104
2030,sc01,03-31 20:00:00+02:00,Biomass 40,0.020020000000000003
2030,sc01,03-31 20:00:00+02:00,Biomass 49,0.00962
2030,sc01,03-31 20:00:00+02:00,CC NG 16,23.721477
2030,sc01,03-31 20:00:00+02:00,Biomass 48,0.057980000000000004
2030,sc01,03-31 20:00:00+02:00,Hydro 28,28.727384400000002
2030,sc01,03-31 20:00:00+02:00,Biomass 17,0.0054600000000000004
2030,sc01,03-31 20:00:00+02:00,CT NG 33,0.0
2030,sc01,03-31 20:00:00+02:00,Solar 45,0.0
2030,sc01,03-31 20:00:00+02:00,Hydro 24,19.1152962
2030,sc01,03-31 20:00:00+02:00,Wind 13,0.078211983408
2030,sc01,03-31 20:00:00+02:00,Biomass 07,0.052000000000000005
2030,sc01,03-31 20:00:00+02:00,Biomass 34,0.0351
2030,sc01,03-31 20:00:00+02:00,Biomass 33,0.0351
2030,sc01,03-31 20:00:00+02:00,CT NG 01,0.0
2030,sc01,03-31 20:00:00+02:00,ICE NG 03,0.0
2030,sc01,03-31 20:00:00+02:00,Solar 55,0.0
2030,sc01,03-31 20:00:00+02:00,Solar 11,0.0
2030,sc01,03-31 20:00:00+02:00,CT NG 06,0.0
2030,sc01,03-31 20:00:00+02:00,CT NG 70,0.0
2030,sc01,03-31 20:00:00+02:00,Solar 23,0.0
2030,sc01,03-31 20:00:00+02:00,CT NG 67,0.0
2030,sc01,03-31 20:00:00+02:00,Solar 12,0.0
2030,sc01,03-31 20:00:00+02:00,CT Oil 01,0.0
2030,sc01,03-31 20:00:00+02:00,Hydro 26,0.20340840000000004
2030,sc01,03-31 20:00:00+02:00,CC NG 22,0.0
2030,sc01,03-31 20:00:00+02:00,CC NG 35,0.0
2030,sc01,03-31 20:00:00+02:00,Biomass 50,0.004679999999999999
2030,sc01,03-31 20:00:00+02:00,ICE NG 04,0.0
2030,sc01,03-31 20:00:00+02:00,CC NG 39,0.0
2030,sc01,03-31 20:00:00+02:00,Hydro 32,0.0
2030,sc01,03-31 20:00:00+02:00,ICE NG 07,0.0
2030,sc01,03-31 20:00:00+02:00,Biomass 46,0.01742
2030,sc01,03-31 20:00:00+02:00,CC NG 38,0.0
2030,sc01,03-31 20:00:00+02:00,CC NG 12,0.0
2030,sc01,03-31 20:00:00+02:00,Solar 57,0.0
2030,sc01,03-31 20:00:00+02:00,CC NG 32,0.0
2030,sc01,03-31 20:00:00+02:00,CC NG 07,0.0
2030,sc01,03-31 20:00:00+02:00,Biomass 44,0.033280000000000004
2030,sc01,03-31 20:00:00+02:00,CT NG 40,0.0
2030,sc01,03-31 20:00:00+02:00,Solar 74,0.0
2030,sc01,03-31 20:00:00+02:00,Hydro 30,0.0
2030,sc01,03-31 20:00:00+02:00,CT NG 42,0.0
2030,sc01,03-31 20:00:00+02:00,Hydro 22,1.6250231400000001
2030,sc01,03-31 20:00:00+02:00,Solar 17,0.0
2030,sc01,03-31 20:00:00+02:00,Solar 38,0.0
2030,sc01,03-31 20:00:00+02:00,CT NG 24,0.0
2030,sc01,03-31 20:00:00+02:00,CC NG 27,0.0
2030,sc01,03-31 20:00:00+02:00,Biomass 21,0.0091
2030,sc01,03-31 20:00:00+02:00,ICE NG 06,0.0
2030,sc01,03-31 20:00:00+02:00,Biomass 25,0.0117
2030,sc01,03-31 20:00:00+02:00,Solar 27,0.0
2030,sc01,03-31 20:00:00+02:00,CT NG 19,0.0
2030,sc01,03-31 20:00:00+02:00,Biomass 42,0.03848
2030,sc01,03-31 20:00:00+02:00,Biomass 19,0.0091
2030,sc01,03-31 20:00:00+02:00,Biomass 06,0.011179999999999999
2030,sc01,03-31 20:00:00+02:00,CT NG 10,0.0
2030,sc01,03-31 20:00:00+02:00,CC NG 40,2.397267494869255
2030,sc01,03-31 20:00:00+02:00,CC NG 21,0.0
2030,sc01,03-31 20:00:00+02:00,Biomass 02,0.026000000000000002
2030,sc01,03-31 20:00:00+02:00,CT NG 46,0.0
2030,sc01,03-31 20:00:00+02:00,Hydro 34,0.0
2030,sc01,03-31 20:00:00+02:00,Biomass 10,0.02132
2030,sc01,03-31 20:00:00+02:00,CT NG 17,0.17383859999999998
2030,sc01,03-31 20:00:00+02:00,Biomass 62,0.04784
2030,sc01,03-31 20:00:00+02:00,Biomass 32,0.0312
2030,sc01,03-31 20:00:00+02:00,CC NG 19,3.51988
2030,sc01,03-31 20:00:00+02:00,CC NG 17,0.0
2030,sc01,03-31 20:00:00+02:00,ST NG 01,0.0
2030,sc01,03-31 20:00:00+02:00,Biomass 45,0.033280000000000004
2030,sc01,03-31 20:00:00+02:00,Biomass 28,0.04394
2030,sc01,03-31 20:00:00+02:00,CC NG 10,0.0
2030,sc01,03-31 20:00:00+02:00,Biomass 23,0.0117
2030,sc01,03-31 20:00:00+02:00,ST NG 06,0.0
2030,sc01,03-31 20:00:00+02:00,Wind 10,0.01242461584
2030,sc01,03-31 20:00:00+02:00,CT NG 69,0.0
2030,sc01,03-31 20:00:00+02:00,CT NG 68,0.0
2030,sc01,04-01 10:00:00+02:00,CC NG 13,0.0
2030,sc01,04-01 10:00:00+02:00,CT NG 37,0.0
2030,sc01,04-01 10:00:00+02:00,ST Coal 01,0.0
2030,sc01,04-01 10:00:00+02:00,CT NG 09,0.0
2030,sc01,04-01 10:00:00+02:00,CT NG 47,0.0
2030,sc01,04-01 10:00:00+02:00,Solar 69,0.0
2030,sc01,04-01 10:00:00+02:00,Solar 34,4.700967889000001
2030,sc01,04-01 10:00:00+02:00,Solar 73,0.0
2030,sc01,04-01 10:00:00+02:00,Biomass 37,0.0
2030,sc01,04-01 10:00:00+02:00,Hydro 20,1.73663136
2030,sc01,04-01 10:00:00+02:00,Solar 01,16.381819393100002
2030,sc01,04-01 10:00:00+02:00,Solar 62,0.0
2030,sc01,04-01 10:00:00+02:00,Solar 02,8.1800242232
2030,sc01,04-01 10:00:00+02:00,CT NG 26,0.0
2030,sc01,04-01 10:00:00+02:00,Biomass 20,0.01073
2030,sc01,04-01 10:00:00+02:00,Wind 16,1.15473991475
2030,sc01,04-01 10:00:00+02:00,CT NG 66,0.0
2030,sc01,04-01 10:00:00+02:00,Solar 39,0.0
2030,sc01,04-01 10:00:00+02:00,Biomass 41,0.0
2030,sc01,04-01 10:00:00+02:00,Solar 72,0.0
2030,sc01,04-01 10:00:00+02:00,ST NG 03,0.0
2030,sc01,04-01 10:00:00+02:00,Hydro 21,0.0
2030,sc01,04-01 10:00:00+02:00,CT NG 03,0.0
2030,sc01,04-01 10:00:00+02:00,CC NG 09,0.0
2030,sc01,04-01 10:00:00+02:00,CT Oil 02,0.0
2030,sc01,04-01 10:00:00+02:00,CT NG 39,0.0
2030,sc01,04-01 10:00:00+02:00,CC NG 08,0.0
2030,sc01,04-01 10:00:00+02:00,Biomass 43,0.0
2030,sc01,04-01 10:00:00+02:00,CT NG 18,0.0
2030,sc01,04-01 10:00:00+02:00,ST NG 07,0.0
2030,sc01,04-01 10:00:00+02:00,Biomass 35,0.0
2030,sc01,04-01 10:00:00+02:00,Solar 32,0.0
2030,sc01,04-01 10:00:00+02:00,Biomass 15,0.0
2030,sc01,04-01 10:00:00+02:00,CC NG 31,0.0
2030,sc01,04-01 10:00:00+02:00,Solar 16,1.08330132635
2030,sc01,04-01 10:00:00+02:00,Solar 68,12.317635947126782
2030,sc01,04-01 10:00:00+02:00,CT NG 21,0.0
2030,sc01,04-01 10:00:00+02:00,Wind 11,0.042445218264
2030,sc01,04-01 10:00:00+02:00,CC NG 37,0.0
2030,sc01,04-01 10:00:00+02:00,CT NG 22,0.0
2030,sc01,04-01 10:00:00+02:00,Hydro 16,0.0
2030,sc01,04-01 10:00:00+02:00,Biomass 59,0.12006000000000001
2030,sc01,04-01 10:00:00+02:00,CC NG 01,0.0
2030,sc01,04-01 10:00:00+02:00,Biomass 16,0.0
2030,sc01,04-01 10:00:00+02:00,Solar 03,5.4190579343
2030,sc01,04-01 10:00:00+02:00,Solar 44,0.0
2030,sc01,04-01 10:00:00+02:00,CT NG 08,0.0
2030,sc01,04-01 10:00:00+02:00,Wind 05,0.0
2030,sc01,04-01 10:00:00+02:00,Biomass 26,0.04901
2030,sc01,04-01 10:00:00+02:00,Solar 37,0.0
2030,sc01,04-01 10:00:00+02:00,Biomass 11,0.01102
2030,sc01,04-01 10:00:00+02:00,Solar 59,0.0
2030,sc01,04-01 10:00:00+02:00,CT NG 11,0.0
2030,sc01,04-01 10:00:00+02:00,Biomass 30,0.04901
2030,sc01,04-01 10:00:00+02:00,Hydro 23,0.0
2030,sc01,04-01 10:00:00+02:00,CC NG 24,0.0
2030,sc01,04-01 10:00:00+02:00,Solar 65,10.3986650066
2030,sc01,04-01 10:00:00+02:00,CC NG 18,0.0
2030,sc01,04-01 10:00:00+02:00,CT NG 16,0.0
2030,sc01,04-01 10:00:00+02:00,Solar 51,0.0
2030,sc01,04-01 10:00:00+02:00,Wind 06,0.15642120850400001
2030,sc01,04-01 10:00:00+02:00,CC NG 26,0.0
2030,sc01,04-01 10:00:00+02:00,CC NG 23,0.0
2030,sc01,04-01 10:00:00+02:00,CT NG 43,0.0
2030,sc01,04-01 10:00:00+02:00,CC NG 11,0.0
2030,sc01,04-01 10:00:00+02:00,CT NG 02,0.0
2030,sc01,04-01 10:00:00+02:00,CT NG 50,0.0
2030,sc01,04-01 10:00:00+02:00,Hydro 27,0.0
2030,sc01,04-01 10:00:00+02:00,CT NG 13,0.0
2030,sc01,04-01 10:00:00+02:00,CT NG 25,0.0
2030,sc01,04-01 10:00:00+02:00,CC NG 05,0.0
2030,sc01,04-01 10:00:00+02:00,Solar 04,0.84129222517
2030,sc01,04-01 10:00:00+02:00,Solar 30,1.044
2030,sc01,04-01 10:00:00+02:00,Solar 29,1.32008505006
2030,sc01,04-01 10:00:00+02:00,Solar 53,0.0
2030,sc01,04-01 10:00:00+02:00,Solar 21,3.1921819773999998
2030,sc01,04-01 10:00:00+02:00,Biomass 58,0.05886999999999999
2030,sc01,04-01 10:00:00+02:00,CT NG 74,0.0
2030,sc01,04-01 10:00:00+02:00,Solar 61,0.0
2030,sc01,04-01 10:00:00+02:00,Wind 07,0.03522010676
2030,sc01,04-01 10:00:00+02:00,Biomass 31,0.04901
2030,sc01,04-01 10:00:00+02:00,CT Oil 05,0.0
2030,sc01,04-01 10:00:00+02:00,Biomass 38,0.0
2030,sc01,04-01 10:00:00+02:00,Solar 41,0.0
2030,sc01,04-01 10:00:00+02:00,Biomass 51,0.0
2030,sc01,04-01 10:00:00+02:00,Biomass 55,0.07221000000000001
2030,sc01,04-01 10:00:00+02:00,Wind 15,1.23365074842
2030,sc01,04-01 10:00:00+02:00,Geo 01,0.0
2030,sc01,04-01 10:00:00+02:00,Biomass 60,0.07830000000000001
2030,sc01,04-01 10:00:00+02:00,CT NG 38,0.0
2030,sc01,04-01 10:00:00+02:00,Solar 66,21.72240959280689
2030,sc01,04-01 10:00:00+02:00,Solar 49,0.0
2030,sc01,04-01 10:00:00+02:00,CT NG 51,0.0
2030,sc01,04-01 10:00:00+02:00,Biomass 18,0.0
2030,sc01,04-01 10:00:00+02:00,ICE NG 01,0.0
2030,sc01,04-01 10:00:00+02:00,Solar 15,1.8255799425
2030,sc01,04-01 10:00:00+02:00,ICE NG 05,0.0
2030,sc01,04-01 10:00:00+02:00,CT Oil 04,0.0
2030,sc01,04-01 10:00:00+02:00,CC NG 20,0.0
2030,sc01,04-01 10:00:00+02:00,Solar 20,1.54703239572
2030,sc01,04-01 10:00:00+02:00,Biomass 04,0.0
2030,sc01,04-01 10:00:00+02:00,Wind 02,0.1646644128
2030,sc01,04-01 10:00:00+02:00,Hydro 25,0.0
2030,sc01,04-01 10:00:00+02:00,Solar 75,6.2355592215
2030,sc01,04-01 10:00:00+02:00,Hydro 33,0.0
2030,sc01,04-01 10:00:00+02:00,ST NG 05,0.0
2030,sc01,04-01 10:00:00+02:00,CT NG 07,0.0
2030,sc01,04-01 10:00:00+02:00,Wind 01,0.018695296136
2030,sc01,04-01 10:00:00+02:00,Solar 56,0.0
2030,sc01,04-01 10:00:00+02:00,Biomass 09,0.02262
2030,sc01,04-01 10:00:00+02:00,Biomass 53,0.07221000000000001
2030,sc01,04-01 10:00:00+02:00,Wind 17,4.0363497663
2030,sc01,04-01 10:00:00+02:00,ST NG 08,0.0
2030,sc01,04-01 10:00:00+02:00,Hydro 19,0.0
2030,sc01,04-01 10:00:00+02:00,ST NG 02,0.0
2030,sc01,04-01 10:00:00+02:00,Biomass 01,0.030450000000000005
2030,sc01,04-01 10:00:00+02:00,Biomass 57,0.05886999999999999
2030,sc01,04-01 10:00:00+02:00,CT NG 49,0.0
2030,sc01,04-01 10:00:00+02:00,CT NG 31,0.0
2030,sc01,04-01 10:00:00+02:00,Solar 64,4.872
2030,sc01,04-01 10:00:00+02:00,CC NG 33,0.0
2030,sc01,04-01 10:00:00+02:00,Solar 46,0.0
2030,sc01,04-01 10:00:00+02:00,Biomass 12,0.01102
2030,sc01,04-01 10:00:00+02:00,Wind 04,0.069740680624
2030,sc01,04-01 10:00:00+02:00,Solar 13,0.045828680744000004
2030,sc01,04-01 10:00:00+02:00,CT NG 55,0.0
2030,sc01,04-01 10:00:00+02:00,Wind N03,85.51061750966687
2030,sc01,04-01 10:00:00+02:00,CT NG 28,0.0
2030,sc01,04-01 10:00:00+02:00,Wind 09,0.014797538143999998
2030,sc01,04-01 10:00:00+02:00,Solar 60,0.0
2030,sc01,04-01 10:00:00+02:00,Solar 25,0.33606975902
2030,sc01,04-01 10:00:00+02:00,CT NG 23,0.0
2030,sc01,04-01 10:00:00+02:00,ST Other 01,0.0
2030,sc01,04-01 10:00:00+02:00,Solar 70,27.6970822696
2030,sc01,04-01 10:00:00+02:00,CC NG 34,0.0
2030,sc01,04-01 10:00:00+02:00,Solar 48,0.0
2030,sc01,04-01 10:00:00+02:00,Biomass 56,0.07394999999999999
2030,sc01,04-01 10:00:00+02:00,CT NG 36,0.0
2030,sc01,04-01 10:00:00+02:00,Solar 47,0.0
2030,sc01,04-01 10:00:00+02:00,Hydro 17,0.0
2030,sc01,04-01 10:00:00+02:00,Solar 09,0.0
2030,sc01,04-01 10:00:00+02:00,Solar 08,0.0
2030,sc01,04-01 10:00:00+02:00,CT NG 45,0.0
2030,sc01,04-01 10:00:00+02:00,ST NG 04,0.0
2030,sc01,04-01 10:00:00+02:00,Solar 40,0.0
2030,sc01,04-01 10:00:00+02:00,Biomass 47,0.0
2030,sc01,04-01 10:00:00+02:00,Solar 50,0.0
2030,sc01,04-01 10:00:00+02:00,Solar 52,0.0
2030,sc01,04-01 10:00:00+02:00,Solar 63,11.6584799529
2030,sc01,04-01 10:00:00+02:00,CC NG 06,0.0
2030,sc01,04-01 10:00:00+02:00,Biomass 39,0.0
2030,sc01,04-01 10:00:00+02:00,Solar 67,0.0
2030,sc01,04-01 10:00:00+02:00,Solar 19,0.017332613048
2030,sc01,04-01 10:00:00+02:00,Wind 12,2.08855216203
2030,sc01,04-01 10:00:00+02:00,Solar 24,0.25065823692
2030,sc01,04-01 10:00:00+02:00,ICE NG 02,0.0
2030,sc01,04-01 10:00:00+02:00,Solar 05,0.0
2030,sc01,04-01 10:00:00+02:00,CT NG 54,0.0
2030,sc01,04-01 10:00:00+02:00,Wind N01,19.814469231300002
2030,sc01,04-01 10:00:00+02:00,CT NG 27,0.0
2030,sc01,04-01 10:00:00+02:00,CC NG 36,0.0
2030,sc01,04-01 10:00:00+02:00,Wind N02,36.286662728
2030,sc01,04-01 10:00:00+02:00,CT NG 52,0.0
2030,sc01,04-01 10:00:00+02:00,Solar 35,0.0
2030,sc01,04-01 10:00:00+02:00,CT NG 05,0.0
2030,sc01,04-01 10:00:00+02:00,Biomass 36,0.0
2030,sc01,04-01 10:00:00+02:00,CT NG 34,0.0
2030,sc01,04-01 10:00:00+02:00,CT Oil 03,0.0
2030,sc01,04-01 10:00:00+02:00,Hydro 35,0.0
2030,sc01,04-01 10:00:00+02:00,Solar 14,2.02963381787
2030,sc01,04-01 10:00:00+02:00,CT NG 75,0.0
2030,sc01,04-01 10:00:00+02:00,ST NG 09,0.0
2030,sc01,04-01 10:00:00+02:00,CT NG 56,0.0
2030,sc01,04-01 10:00:00+02:00,Biomass 22,0.01073
2030,sc01,04-01 10:00:00+02:00,Solar 18,2.1407827329600004
2030,sc01,04-01 10:00:00+02:00,Biomass 13,0.01102
2030,sc01,04-01 10:00:00+02:00,CT NG 71,0.0
2030,sc01,04-01 10:00:00+02:00,Solar 58,0.0
2030,sc01,04-01 10:00:00+02:00,Solar 06,0.0
2030,sc01,04-01 10:00:00+02:00,Biomass 08,0.02262
2030,sc01,04-01 10:00:00+02:00,CT NG 72,0.0
2030,sc01,04-01 10:00:00+02:00,Hydro 18,0.0
2030,sc01,04-01 10:00:00+02:00,Solar 10,1.4901588462
2030,sc01,04-01 10:00:00+02:00,CT NG 04,0.0
2030,sc01,04-01 10:00:00+02:00,ST Other 02,0.0
2030,sc01,04-01 10:00:00+02:00,CT NG 12,0.0
2030,sc01,04-01 10:00:00+02:00,CT NG 48,0.0
2030,sc01,04-01 10:00:00+02:00,ST NG 10,0.0
2030,sc01,04-01 10:00:00+02:00,Solar 22,1.37303102141
2030,sc01,04-01 10:00:00+02:00,Solar 28,1.2287028763
2030,sc01,04-01 10:00:00+02:00,CT NG 73,0.0
2030,sc01,04-01 10:00:00+02:00,Biomass 52,0.0
2030,sc01,04-01 10:00:00+02:00,CT NG 30,0.0
2030,sc01,04-01 10:00:00+02:00,Solar 54,0.0
2030,sc01,04-01 10:00:00+02:00,Solar 31,0.0
2030,sc01,04-01 10:00:00+02:00,Biomass 03,0.0
2030,sc01,04-01 10:00:00+02:00,CT NG 32,0.0
2030,sc01,04-01 10:00:00+02:00,Biomass 27,0.04901
2030,sc01,04-01 10:00:00+02:00,CC NG 14,0.0
2030,sc01,04-01 10:00:00+02:00,CC NG 03,0.0
2030,sc01,04-01 10:00:00+02:00,CC NG 29,0.0
2030,sc01,04-01 10:00:00+02:00,CC NG 28,0.0
2030,sc01,04-01 10:00:00+02:00,CC NG 25,0.0
2030,sc01,04-01 10:00:00+02:00,CT NG 44,0.0
2030,sc01,04-01 10:00:00+02:00,CT NG 14,0.0
2030,sc01,04-01 10:00:00+02:00,CC NG 15,0.0
2030,sc01,04-01 10:00:00+02:00,CC NG 04,0.0
2030,sc01,04-01 10:00:00+02:00,Biomass 29,0.04901
2030,sc01,04-01 10:00:00+02:00,Wind 14,4.450896304823638
2030,sc01,04-01 10:00:00+02:00,Wind 08,0.01569552384
2030,sc01,04-01 10:00:00+02:00,Biomass 61,0.0
2030,sc01,04-01 10:00:00+02:00,CT NG 35,0.0
2030,sc01,04-01 10:00:00+02:00,Solar 33,0.0
2030,sc01,04-01 10:00:00+02:00,CT NG 41,0.0
2030,sc01,04-01 10:00:00+02:00,CT NG 15,0.0
2030,sc01,04-01 10:00:00+02:00,Solar 42,0.0
2030,sc01,04-01 10:00:00+02:00,Solar 07,0.0
2030,sc01,04-01 10:00:00+02:00,Solar 43,0.0
2030,sc01,04-01 10:00:00+02:00,Biomass 05,0.01305
2030,sc01,04-01 10:00:00+02:00,CT NG 29,0.0
2030,sc01,04-01 10:00:00+02:00,Solar 71,0.0
2030,sc01,04-01 10:00:00+02:00,CT NG 53,0.0
2030,sc01,04-01 10:00:00+02:00,CT NG 20,0.0
2030,sc01,04-01 10:00:00+02:00,Biomass 14,0.02436
2030,sc01,04-01 10:00:00+02:00,Solar 26,0.31122406238
2030,sc01,04-01 10:00:00+02:00,Hydro 29,0.0
2030,sc01,04-01 10:00:00+02:00,Hydro 31,0.0
2030,sc01,04-01 10:00:00+02:00,Biomass 24,0.01305
2030,sc01,04-01 10:00:00+02:00,Biomass 54,0.07221000000000001
2030,sc01,04-01 10:00:00+02:00,Solar 36,27.1137868256
2030,sc01,04-01 10:00:00+02:00,Wind 03,0.24153549139199998
2030,sc01,04-01 10:00:00+02:00,Biomass 40,0.0
2030,sc01,04-01 10:00:00+02:00,Biomass 49,0.0
2030,sc01,04-01 10:00:00+02:00,CC NG 16,0.0
2030,sc01,04-01 10:00:00+02:00,Biomass 48,0.0
2030,sc01,04-01 10:00:00+02:00,Hydro 28,0.0
2030,sc01,04-01 10:00:00+02:00,Biomass 17,0.0
2030,sc01,04-01 10:00:00+02:00,CT NG 33,0.0
2030,sc01,04-01 10:00:00+02:00,Solar 45,0.0
2030,sc01,04-01 10:00:00+02:00,Hydro 24,0.0
2030,sc01,04-01 10:00:00+02:00,Wind 13,0.81447726874
2030,sc01,04-01 10:00:00+02:00,Biomass 07,0.058
2030,sc01,04-01 10:00:00+02:00,Biomass 34,0.0
2030,sc01,04-01 10:00:00+02:00,Biomass 33,0.0
2030,sc01,04-01 10:00:00+02:00,CT NG 01,0.7038266080230635
2030,sc01,04-01 10:00:00+02:00,ICE NG 03,0.0
2030,sc01,04-01 10:00:00+02:00,Solar 55,0.0
2030,sc01,04-01 10:00:00+02:00,Solar 11,0.34379127321
2030,sc01,04-01 10:00:00+02:00,CT NG 06,0.0
2030,sc01,04-01 10:00:00+02:00,CT NG 70,0.0
2030,sc01,04-01 10:00:00+02:00,Solar 23,0.05090556876
2030,sc01,04-01 10:00:00+02:00,CT NG 67,0.0
2030,sc01,04-01 10:00:00+02:00,Solar 12,0.266130766072
2030,sc01,04-01 10:00:00+02:00,CT Oil 01,0.0
2030,sc01,04-01 10:00:00+02:00,Hydro 26,0.0
2030,sc01,04-01 10:00:00+02:00,CC NG 22,0.0
2030,sc01,04-01 10:00:00+02:00,CC NG 35,0.0
2030,sc01,04-01 10:00:00+02:00,Biomass 50,0.0
2030,sc01,04-01 10:00:00+02:00,ICE NG 04,0.0
2030,sc01,04-01 10:00:00+02:00,CC NG 39,0.0
2030,sc01,04-01 10:00:00+02:00,Hydro 32,0.0
2030,sc01,04-01 10:00:00+02:00,ICE NG 07,0.0
2030,sc01,04-01 10:00:00+02:00,Biomass 46,0.0
2030,sc01,04-01 10:00:00+02:00,CC NG 38,0.0
2030,sc01,04-01 10:00:00+02:00,CC NG 12,0.0
2030,sc01,04-01 10:00:00+02:00,Solar 57,0.0
2030,sc01,04-01 10:00:00+02:00,CC NG 32,0.0
2030,sc01,04-01 10:00:00+02:00,CC NG 07,0.0
2030,sc01,04-01 10:00:00+02:00,Biomass 44,0.0
2030,sc01,04-01 10:00:00+02:00,CT NG 40,0.0
2030,sc01,04-01 10:00:00+02:00,Solar 74,5.800000000000001
2030,sc01,04-01 10:00:00+02:00,Hydro 30,0.0
2030,sc01,04-01 10:00:00+02:00,CT NG 42,0.0
2030,sc01,04-01 10:00:00+02:00,Hydro 22,0.0
2030,sc01,04-01 10:00:00+02:00,Solar 17,0.52198879034
2030,sc01,04-01 10:00:00+02:00,Solar 38,0.0
2030,sc01,04-01 10:00:00+02:00,CT NG 24,0.0
2030,sc01,04-01 10:00:00+02:00,CC NG 27,0.0
2030,sc01,04-01 10:00:00+02:00,Biomass 21,0.01073
2030,sc01,04-01 10:00:00+02:00,ICE NG 06,0.0
2030,sc01,04-01 10:00:00+02:00,Biomass 25,0.01305
2030,sc01,04-01 10:00:00+02:00,Solar 27,0.19735135448000002
2030,sc01,04-01 10:00:00+02:00,CT NG 19,0.0
2030,sc01,04-01 10:00:00+02:00,Biomass 42,0.0
2030,sc01,04-01 10:00:00+02:00,Biomass 19,0.01073
2030,sc01,04-01 10:00:00+02:00,Biomass 06,0.01305
2030,sc01,04-01 10:00:00+02:00,CT NG 10,0.0
2030,sc01,04-01 10:00:00+02:00,CC NG 40,0.0
2030,sc01,04-01 10:00:00+02:00,CC NG 21,0.0
2030,sc01,04-01 10:00:00+02:00,Biomass 02,0.030450000000000005
2030,sc01,04-01 10:00:00+02:00,CT NG 46,0.0
2030,sc01,04-01 10:00:00+02:00,Hydro 34,0.0
2030,sc01,04-01 10:00:00+02:00,Biomass 10,0.02262
2030,sc01,04-01 10:00:00+02:00,CT NG 17,0.0
2030,sc01,04-01 10:00:00+02:00,Biomass 62,0.05423
2030,sc01,04-01 10:00:00+02:00,Biomass 32,0.0348
2030,sc01,04-01 10:00:00+02:00,CC NG 19,0.0
2030,sc01,04-01 10:00:00+02:00,CC NG 17,0.0
2030,sc01,04-01 10:00:00+02:00,ST NG 01,0.0
2030,sc01,04-01 10:00:00+02:00,Biomass 45,0.0
2030,sc01,04-01 10:00:00+02:00,Biomass 28,0.04901
2030,sc01,04-01 10:00:00+02:00,CC NG 10,0.0
2030,sc01,04-01 10:00:00+02:00,Biomass 23,0.01305
2030,sc01,04-01 10:00:00+02:00,ST NG 06,0.0
2030,sc01,04-01 10:00:00+02:00,Wind 10,0.013910765936
2030,sc01,04-01 10:00:00+02:00,CT NG 69,0.0
2030,sc01,04-01 10:00:00+02:00,CT NG 68,0.0
2030,sc01,04-05 19:00:00+02:00,CC NG 13,0.0
2030,sc01,04-05 19:00:00+02:00,CT NG 37,0.0
2030,sc01,04-05 19:00:00+02:00,ST Coal 01,0.0
2030,sc01,04-05 19:00:00+02:00,CT NG 09,0.0
2030,sc01,04-05 19:00:00+02:00,CT NG 47,0.0
2030,sc01,04-05 19:00:00+02:00,Solar 69,0.0
2030,sc01,04-05 19:00:00+02:00,Solar 34,0.0
2030,sc01,04-05 19:00:00+02:00,Solar 73,0.0
2030,sc01,04-05 19:00:00+02:00,Biomass 37,0.0
2030,sc01,04-05 19:00:00+02:00,Hydro 20,0.0
2030,sc01,04-05 19:00:00+02:00,Solar 01,0.0
2030,sc01,04-05 19:00:00+02:00,Solar 62,0.0
2030,sc01,04-05 19:00:00+02:00,Solar 02,0.0
2030,sc01,04-05 19:00:00+02:00,CT NG 26,0.0
2030,sc01,04-05 19:00:00+02:00,Biomass 20,0.01505
2030,sc01,04-05 19:00:00+02:00,Wind 16,0.0
2030,sc01,04-05 19:00:00+02:00,CT NG 66,0.0
2030,sc01,04-05 19:00:00+02:00,Solar 39,0.0
2030,sc01,04-05 19:00:00+02:00,Biomass 41,0.0
2030,sc01,04-05 19:00:00+02:00,Solar 72,0.0
2030,sc01,04-05 19:00:00+02:00,ST NG 03,0.0
2030,sc01,04-05 19:00:00+02:00,Hydro 21,0.0
2030,sc01,04-05 19:00:00+02:00,CT NG 03,0.0
2030,sc01,04-05 19:00:00+02:00,CC NG 09,0.0
2030,sc01,04-05 19:00:00+02:00,CT Oil 02,0.0
2030,sc01,04-05 19:00:00+02:00,CT NG 39,0.0
2030,sc01,04-05 19:00:00+02:00,CC NG 08,0.0
2030,sc01,04-05 19:00:00+02:00,Biomass 43,0.0
2030,sc01,04-05 19:00:00+02:00,CT NG 18,0.0
2030,sc01,04-05 19:00:00+02:00,ST NG 07,0.0
2030,sc01,04-05 19:00:00+02:00,Biomass 35,0.0
2030,sc01,04-05 19:00:00+02:00,Solar 32,0.0
2030,sc01,04-05 19:00:00+02:00,Biomass 15,0.00903
2030,sc01,04-05 19:00:00+02:00,CC NG 31,0.0
2030,sc01,04-05 19:00:00+02:00,Solar 16,0.0
2030,sc01,04-05 19:00:00+02:00,Solar 68,0.0
2030,sc01,04-05 19:00:00+02:00,CT NG 21,0.0
2030,sc01,04-05 19:00:00+02:00,Wind 11,2.5429528228200002
2030,sc01,04-05 19:00:00+02:00,CC NG 37,0.0
2030,sc01,04-05 19:00:00+02:00,CT NG 22,0.0
2030,sc01,04-05 19:00:00+02:00,Hydro 16,0.0
2030,sc01,04-05 19:00:00+02:00,Biomass 59,0.17802
2030,sc01,04-05 19:00:00+02:00,CC NG 01,0.0
2030,sc01,04-05 19:00:00+02:00,Biomass 16,0.00903
2030,sc01,04-05 19:00:00+02:00,Solar 03,0.0
2030,sc01,04-05 19:00:00+02:00,Solar 44,0.0
2030,sc01,04-05 19:00:00+02:00,CT NG 08,0.0
2030,sc01,04-05 19:00:00+02:00,Wind 05,0.17709102249599998
2030,sc01,04-05 19:00:00+02:00,Biomass 26,0.07267
2030,sc01,04-05 19:00:00+02:00,Solar 37,0.0
2030,sc01,04-05 19:00:00+02:00,Biomass 11,0.015479999999999999
2030,sc01,04-05 19:00:00+02:00,Solar 59,0.0
2030,sc01,04-05 19:00:00+02:00,CT NG 11,0.0
2030,sc01,04-05 19:00:00+02:00,Biomass 30,0.07267
2030,sc01,04-05 19:00:00+02:00,Hydro 23,0.0
2030,sc01,04-05 19:00:00+02:00,CC NG 24,0.0
2030,sc01,04-05 19:00:00+02:00,Solar 65,0.0
2030,sc01,04-05 19:00:00+02:00,CC NG 18,0.0
2030,sc01,04-05 19:00:00+02:00,CT NG 16,0.0
2030,sc01,04-05 19:00:00+02:00,Solar 51,0.0
2030,sc01,04-05 19:00:00+02:00,Wind 06,2.82864924021
2030,sc01,04-05 19:00:00+02:00,CC NG 26,0.0
2030,sc01,04-05 19:00:00+02:00,CC NG 23,0.0
2030,sc01,04-05 19:00:00+02:00,CT NG 43,0.0
2030,sc01,04-05 19:00:00+02:00,CC NG 11,0.0
2030,sc01,04-05 19:00:00+02:00,CT NG 02,0.0
2030,sc01,04-05 19:00:00+02:00,CT NG 50,0.0
2030,sc01,04-05 19:00:00+02:00,Hydro 27,0.0
2030,sc01,04-05 19:00:00+02:00,CT NG 13,0.9000071999999999
2030,sc01,04-05 19:00:00+02:00,CT NG 25,0.0
2030,sc01,04-05 19:00:00+02:00,CC NG 05,0.0
2030,sc01,04-05 19:00:00+02:00,Solar 04,0.0
2030,sc01,04-05 19:00:00+02:00,Solar 30,0.0
2030,sc01,04-05 19:00:00+02:00,Solar 29,0.0
2030,sc01,04-05 19:00:00+02:00,Solar 53,0.0
2030,sc01,04-05 19:00:00+02:00,Solar 21,0.0
2030,sc01,04-05 19:00:00+02:00,Biomass 58,0.07525
2030,sc01,04-05 19:00:00+02:00,CT NG 74,0.0
2030,sc01,04-05 19:00:00+02:00,Solar 61,0.0
2030,sc01,04-05 19:00:00+02:00,Wind 07,2.42622973562
2030,sc01,04-05 19:00:00+02:00,Biomass 31,0.07267
2030,sc01,04-05 19:00:00+02:00,CT Oil 05,0.0
2030,sc01,04-05 19:00:00+02:00,Biomass 38,0.0
2030,sc01,04-05 19:00:00+02:00,Solar 41,0.0
2030,sc01,04-05 19:00:00+02:00,Biomass 51,0.0
2030,sc01,04-05 19:00:00+02:00,Biomass 55,0.10277000000000001
2030,sc01,04-05 19:00:00+02:00,Wind 15,0.0
2030,sc01,04-05 19:00:00+02:00,Geo 01,0.0
2030,sc01,04-05 19:00:00+02:00,Biomass 60,0.11610000000000001
2030,sc01,04-05 19:00:00+02:00,CT NG 38,0.0
2030,sc01,04-05 19:00:00+02:00,Solar 66,0.0
2030,sc01,04-05 19:00:00+02:00,Solar 49,0.0
2030,sc01,04-05 19:00:00+02:00,CT NG 51,0.0
2030,sc01,04-05 19:00:00+02:00,Biomass 18,0.00903
2030,sc01,04-05 19:00:00+02:00,ICE NG 01,0.0
2030,sc01,04-05 19:00:00+02:00,Solar 15,0.0
2030,sc01,04-05 19:00:00+02:00,ICE NG 05,0.0
2030,sc01,04-05 19:00:00+02:00,CT Oil 04,0.0
2030,sc01,04-05 19:00:00+02:00,CC NG 20,0.0
2030,sc01,04-05 19:00:00+02:00,Solar 20,0.0
2030,sc01,04-05 19:00:00+02:00,Biomass 04,0.0
2030,sc01,04-05 19:00:00+02:00,Wind 02,5.1855567275
2030,sc01,04-05 19:00:00+02:00,Hydro 25,0.0
2030,sc01,04-05 19:00:00+02:00,Solar 75,0.0
2030,sc01,04-05 19:00:00+02:00,Hydro 33,0.0
2030,sc01,04-05 19:00:00+02:00,ST NG 05,0.0
2030,sc01,04-05 19:00:00+02:00,CT NG 07,0.0
2030,sc01,04-05 19:00:00+02:00,Wind 01,1.5557067481000002
2030,sc01,04-05 19:00:00+02:00,Solar 56,0.0
2030,sc01,04-05 19:00:00+02:00,Biomass 09,0.03225
2030,sc01,04-05 19:00:00+02:00,Biomass 53,0.10277000000000001
2030,sc01,04-05 19:00:00+02:00,Wind 17,32.7045300072213
2030,sc01,04-05 19:00:00+02:00,ST NG 08,0.0
2030,sc01,04-05 19:00:00+02:00,Hydro 19,0.0
2030,sc01,04-05 19:00:00+02:00,ST NG 02,0.0
2030,sc01,04-05 19:00:00+02:00,Biomass 01,0.04343
2030,sc01,04-05 19:00:00+02:00,Biomass 57,0.07525
2030,sc01,04-05 19:00:00+02:00,CT NG 49,0.0
2030,sc01,04-05 19:00:00+02:00,CT NG 31,0.0
2030,sc01,04-05 19:00:00+02:00,Solar 64,0.0
2030,sc01,04-05 19:00:00+02:00,CC NG 33,0.0
2030,sc01,04-05 19:00:00+02:00,Solar 46,0.0
2030,sc01,04-05 19:00:00+02:00,Biomass 12,0.015479999999999999
2030,sc01,04-05 19:00:00+02:00,Wind 04,0.0679379532
2030,sc01,04-05 19:00:00+02:00,Solar 13,0.0
2030,sc01,04-05 19:00:00+02:00,CT NG 55,0.0
2030,sc01,04-05 19:00:00+02:00,Wind N03,142.70392008493587
2030,sc01,04-05 19:00:00+02:00,CT NG 28,0.0
2030,sc01,04-05 19:00:00+02:00,Wind 09,2.61026673078
2030,sc01,04-05 19:00:00+02:00,Solar 60,0.0
2030,sc01,04-05 19:00:00+02:00,Solar 25,0.0
2030,sc01,04-05 19:00:00+02:00,CT NG 23,0.0
2030,sc01,04-05 19:00:00+02:00,ST Other 01,0.0
2030,sc01,04-05 19:00:00+02:00,Solar 70,0.0
2030,sc01,04-05 19:00:00+02:00,CC NG 34,0.0
2030,sc01,04-05 19:00:00+02:00,Solar 48,0.0
2030,sc01,04-05 19:00:00+02:00,Biomass 56,0.08728999999999999
2030,sc01,04-05 19:00:00+02:00,CT NG 36,0.0
2030,sc01,04-05 19:00:00+02:00,Solar 47,0.0
2030,sc01,04-05 19:00:00+02:00,Hydro 17,0.01147068
2030,sc01,04-05 19:00:00+02:00,Solar 09,0.0
2030,sc01,04-05 19:00:00+02:00,Solar 08,0.0
2030,sc01,04-05 19:00:00+02:00,CT NG 45,0.0
2030,sc01,04-05 19:00:00+02:00,ST NG 04,2.611046
2030,sc01,04-05 19:00:00+02:00,Solar 40,0.0
2030,sc01,04-05 19:00:00+02:00,Biomass 47,0.0
2030,sc01,04-05 19:00:00+02:00,Solar 50,0.0
2030,sc01,04-05 19:00:00+02:00,Solar 52,0.0
2030,sc01,04-05 19:00:00+02:00,Solar 63,0.0
2030,sc01,04-05 19:00:00+02:00,CC NG 06,0.0
2030,sc01,04-05 19:00:00+02:00,Biomass 39,0.0
2030,sc01,04-05 19:00:00+02:00,Solar 67,0.0
2030,sc01,04-05 19:00:00+02:00,Solar 19,0.0
2030,sc01,04-05 19:00:00+02:00,Wind 12,13.9037452547
2030,sc01,04-05 19:00:00+02:00,Solar 24,0.0
2030,sc01,04-05 19:00:00+02:00,ICE NG 02,0.0
2030,sc01,04-05 19:00:00+02:00,Solar 05,0.0
2030,sc01,04-05 19:00:00+02:00,CT NG 54,0.0
2030,sc01,04-05 19:00:00+02:00,Wind N01,127.74640972969
2030,sc01,04-05 19:00:00+02:00,CT NG 27,0.0
2030,sc01,04-05 19:00:00+02:00,CC NG 36,0.0
2030,sc01,04-05 19:00:00+02:00,Wind N02,100.82113832500058
2030,sc01,04-05 19:00:00+02:00,CT NG 52,0.0
2030,sc01,04-05 19:00:00+02:00,Solar 35,0.0
2030,sc01,04-05 19:00:00+02:00,CT NG 05,0.0
2030,sc01,04-05 19:00:00+02:00,Biomass 36,0.0
2030,sc01,04-05 19:00:00+02:00,CT NG 34,0.0
2030,sc01,04-05 19:00:00+02:00,CT Oil 03,0.0
2030,sc01,04-05 19:00:00+02:00,Hydro 35,0.0
2030,sc01,04-05 19:00:00+02:00,Solar 14,0.0
2030,sc01,04-05 19:00:00+02:00,CT NG 75,0.0
2030,sc01,04-05 19:00:00+02:00,ST NG 09,0.0
2030,sc01,04-05 19:00:00+02:00,CT NG 56,0.0
2030,sc01,04-05 19:00:00+02:00,Biomass 22,0.01505
2030,sc01,04-05 19:00:00+02:00,Solar 18,0.0
2030,sc01,04-05 19:00:00+02:00,Biomass 13,0.015479999999999999
2030,sc01,04-05 19:00:00+02:00,CT NG 71,0.0
2030,sc01,04-05 19:00:00+02:00,Solar 58,0.0
2030,sc01,04-05 19:00:00+02:00,Solar 06,0.0
2030,sc01,04-05 19:00:00+02:00,Biomass 08,0.03225
2030,sc01,04-05 19:00:00+02:00,CT NG 72,0.0
2030,sc01,04-05 19:00:00+02:00,Hydro 18,0.039510119999999996
2030,sc01,04-05 19:00:00+02:00,Solar 10,0.0
2030,sc01,04-05 19:00:00+02:00,CT NG 04,0.0
2030,sc01,04-05 19:00:00+02:00,ST Other 02,0.0
2030,sc01,04-05 19:00:00+02:00,CT NG 12,0.0
2030,sc01,04-05 19:00:00+02:00,CT NG 48,0.0
2030,sc01,04-05 19:00:00+02:00,ST NG 10,0.0
2030,sc01,04-05 19:00:00+02:00,Solar 22,0.0
2030,sc01,04-05 19:00:00+02:00,Solar 28,0.0
2030,sc01,04-05 19:00:00+02:00,CT NG 73,0.0
2030,sc01,04-05 19:00:00+02:00,Biomass 52,0.0
2030,sc01,04-05 19:00:00+02:00,CT NG 30,0.0
2030,sc01,04-05 19:00:00+02:00,Solar 54,0.0
2030,sc01,04-05 19:00:00+02:00,Solar 31,0.0
2030,sc01,04-05 19:00:00+02:00,Biomass 03,0.0
2030,sc01,04-05 19:00:00+02:00,CT NG 32,0.0
2030,sc01,04-05 19:00:00+02:00,Biomass 27,0.07267
2030,sc01,04-05 19:00:00+02:00,CC NG 14,0.0
2030,sc01,04-05 19:00:00+02:00,CC NG 03,0.0
2030,sc01,04-05 19:00:00+02:00,CC NG 29,0.0
2030,sc01,04-05 19:00:00+02:00,CC NG 28,0.0
2030,sc01,04-05 19:00:00+02:00,CC NG 25,0.0
2030,sc01,04-05 19:00:00+02:00,CT NG 44,0.0
2030,sc01,04-05 19:00:00+02:00,CT NG 14,0.5781140840988683
2030,sc01,04-05 19:00:00+02:00,CC NG 15,0.0
2030,sc01,04-05 19:00:00+02:00,CC NG 04,0.0
2030,sc01,04-05 19:00:00+02:00,Biomass 29,0.07267
2030,sc01,04-05 19:00:00+02:00,Wind 14,45.82701644949798
2030,sc01,04-05 19:00:00+02:00,Wind 08,2.68259367033
2030,sc01,04-05 19:00:00+02:00,Biomass 61,0.0
2030,sc01,04-05 19:00:00+02:00,CT NG 35,0.0
2030,sc01,04-05 19:00:00+02:00,Solar 33,0.0
2030,sc01,04-05 19:00:00+02:00,CT NG 41,0.0
2030,sc01,04-05 19:00:00+02:00,CT NG 15,0.0
2030,sc01,04-05 19:00:00+02:00,Solar 42,0.0
2030,sc01,04-05 19:00:00+02:00,Solar 07,0.0
2030,sc01,04-05 19:00:00+02:00,Solar 43,0.0
2030,sc01,04-05 19:00:00+02:00,Biomass 05,0.01892
2030,sc01,04-05 19:00:00+02:00,CT NG 29,0.0
2030,sc01,04-05 19:00:00+02:00,Solar 71,0.0
2030,sc01,04-05 19:00:00+02:00,CT NG 53,0.0
2030,sc01,04-05 19:00:00+02:00,CT NG 20,0.0
2030,sc01,04-05 19:00:00+02:00,Biomass 14,0.0344
2030,sc01,04-05 19:00:00+02:00,Solar 26,0.0
2030,sc01,04-05 19:00:00+02:00,Hydro 29,0.0
2030,sc01,04-05 19:00:00+02:00,Hydro 31,0.0
2030,sc01,04-05 19:00:00+02:00,Biomass 24,0.019350000000000003
2030,sc01,04-05 19:00:00+02:00,Biomass 54,0.10277000000000001
2030,sc01,04-05 19:00:00+02:00,Solar 36,0.0
2030,sc01,04-05 19:00:00+02:00,Wind 03,0.129280964752
2030,sc01,04-05 19:00:00+02:00,Biomass 40,0.0
2030,sc01,04-05 19:00:00+02:00,Biomass 49,0.0
2030,sc01,04-05 19:00:00+02:00,CC NG 16,0.0
2030,sc01,04-05 19:00:00+02:00,Biomass 48,0.0
2030,sc01,04-05 19:00:00+02:00,Hydro 28,0.0
2030,sc01,04-05 19:00:00+02:00,Biomass 17,0.00903
2030,sc01,04-05 19:00:00+02:00,CT NG 33,0.0
2030,sc01,04-05 19:00:00+02:00,Solar 45,0.0
2030,sc01,04-05 19:00:00+02:00,Hydro 24,0.0
2030,sc01,04-05 19:00:00+02:00,Wind 13,6.6078810016
2030,sc01,04-05 19:00:00+02:00,Biomass 07,0.08600000000000001
2030,sc01,04-05 19:00:00+02:00,Biomass 34,0.0
2030,sc01,04-05 19:00:00+02:00,Biomass 33,0.0
2030,sc01,04-05 19:00:00+02:00,CT NG 01,1.0583418
2030,sc01,04-05 19:00:00+02:00,ICE NG 03,0.0
2030,sc01,04-05 19:00:00+02:00,Solar 55,0.0
2030,sc01,04-05 19:00:00+02:00,Solar 11,0.0
2030,sc01,04-05 19:00:00+02:00,CT NG 06,0.0
2030,sc01,04-05 19:00:00+02:00,CT NG 70,0.0
2030,sc01,04-05 19:00:00+02:00,Solar 23,0.0
2030,sc01,04-05 19:00:00+02:00,CT NG 67,0.0
2030,sc01,04-05 19:00:00+02:00,Solar 12,0.0
2030,sc01,04-05 19:00:00+02:00,CT Oil 01,0.0
2030,sc01,04-05 19:00:00+02:00,Hydro 26,0.0
2030,sc01,04-05 19:00:00+02:00,CC NG 22,0.0
2030,sc01,04-05 19:00:00+02:00,CC NG 35,0.0
2030,sc01,04-05 19:00:00+02:00,Biomass 50,0.0
2030,sc01,04-05 19:00:00+02:00,ICE NG 04,0.0
2030,sc01,04-05 19:00:00+02:00,CC NG 39,3.4711406436914145
2030,sc01,04-05 19:00:00+02:00,Hydro 32,0.0
2030,sc01,04-05 19:00:00+02:00,ICE NG 07,0.0
2030,sc01,04-05 19:00:00+02:00,Biomass 46,0.0
2030,sc01,04-05 19:00:00+02:00,CC NG 38,0.0
2030,sc01,04-05 19:00:00+02:00,CC NG 12,0.0
2030,sc01,04-05 19:00:00+02:00,Solar 57,0.0
2030,sc01,04-05 19:00:00+02:00,CC NG 32,0.0
2030,sc01,04-05 19:00:00+02:00,CC NG 07,0.0
2030,sc01,04-05 19:00:00+02:00,Biomass 44,0.0
2030,sc01,04-05 19:00:00+02:00,CT NG 40,0.0
2030,sc01,04-05 19:00:00+02:00,Solar 74,0.0
2030,sc01,04-05 19:00:00+02:00,Hydro 30,0.0
2030,sc01,04-05 19:00:00+02:00,CT NG 42,0.0
2030,sc01,04-05 19:00:00+02:00,Hydro 22,0.0
2030,sc01,04-05 19:00:00+02:00,Solar 17,0.0
2030,sc01,04-05 19:00:00+02:00,Solar 38,0.0
2030,sc01,04-05 19:00:00+02:00,CT NG 24,0.0
2030,sc01,04-05 19:00:00+02:00,CC NG 27,0.0
2030,sc01,04-05 19:00:00+02:00,Biomass 21,0.01505
2030,sc01,04-05 19:00:00+02:00,ICE NG 06,0.0
2030,sc01,04-05 19:00:00+02:00,Biomass 25,0.019350000000000003
2030,sc01,04-05 19:00:00+02:00,Solar 27,0.0
2030,sc01,04-05 19:00:00+02:00,CT NG 19,0.16250129999999996
2030,sc01,04-05 19:00:00+02:00,Biomass 42,0.0
2030,sc01,04-05 19:00:00+02:00,Biomass 19,0.01505
2030,sc01,04-05 19:00:00+02:00,Biomass 06,0.01892
2030,sc01,04-05 19:00:00+02:00,CT NG 10,0.0
2030,sc01,04-05 19:00:00+02:00,CC NG 40,0.0
2030,sc01,04-05 19:00:00+02:00,CC NG 21,0.0
2030,sc01,04-05 19:00:00+02:00,Biomass 02,0.04343
2030,sc01,04-05 19:00:00+02:00,CT NG 46,0.0
2030,sc01,04-05 19:00:00+02:00,Hydro 34,0.0
2030,sc01,04-05 19:00:00+02:00,Biomass 10,0.03225
2030,sc01,04-05 19:00:00+02:00,CT NG 17,0.0
2030,sc01,04-05 19:00:00+02:00,Biomass 62,0.0688
2030,sc01,04-05 19:00:00+02:00,Biomass 32,0.05116999999999999
2030,sc01,04-05 19:00:00+02:00,CC NG 19,0.1412107301414284
2030,sc01,04-05 19:00:00+02:00,CC NG 17,0.0
2030,sc01,04-05 19:00:00+02:00,ST NG 01,0.0
2030,sc01,04-05 19:00:00+02:00,Biomass 45,0.0
2030,sc01,04-05 19:00:00+02:00,Biomass 28,0.07267
2030,sc01,04-05 19:00:00+02:00,CC NG 10,0.0
2030,sc01,04-05 19:00:00+02:00,Biomass 23,0.019350000000000003
2030,sc01,04-05 19:00:00+02:00,ST NG 06,0.0
2030,sc01,04-05 19:00:00+02:00,Wind 10,2.6569203534900003
2030,sc01,04-05 19:00:00+02:00,CT NG 69,0.0
2030,sc01,04-05 19:00:00+02:00,CT NG 68,0.0
2030,sc01,04-06 23:00:00+02:00,CC NG 13,0.0
2030,sc01,04-06 23:00:00+02:00,CT NG 37,0.0
2030,sc01,04-06 23:00:00+02:00,ST Coal 01,0.0
2030,sc01,04-06 23:00:00+02:00,CT NG 09,0.0
2030,sc01,04-06 23:00:00+02:00,CT NG 47,0.0
2030,sc01,04-06 23:00:00+02:00,Solar 69,0.0
2030,sc01,04-06 23:00:00+02:00,Solar 34,0.0
2030,sc01,04-06 23:00:00+02:00,Solar 73,0.0
2030,sc01,04-06 23:00:00+02:00,Biomass 37,0.0
2030,sc01,04-06 23:00:00+02:00,Hydro 20,0.0
2030,sc01,04-06 23:00:00+02:00,Solar 01,0.0
2030,sc01,04-06 23:00:00+02:00,Solar 62,0.0
2030,sc01,04-06 23:00:00+02:00,Solar 02,0.0
2030,sc01,04-06 23:00:00+02:00,CT NG 26,0.0
2030,sc01,04-06 23:00:00+02:00,Biomass 20,0.0
2030,sc01,04-06 23:00:00+02:00,Wind 16,12.38340153802178
2030,sc01,04-06 23:00:00+02:00,CT NG 66,0.0
2030,sc01,04-06 23:00:00+02:00,Solar 39,0.0
2030,sc01,04-06 23:00:00+02:00,Biomass 41,0.0
2030,sc01,04-06 23:00:00+02:00,Solar 72,0.0
2030,sc01,04-06 23:00:00+02:00,ST NG 03,0.0
2030,sc01,04-06 23:00:00+02:00,Hydro 21,2.18105664
2030,sc01,04-06 23:00:00+02:00,CT NG 03,0.0
2030,sc01,04-06 23:00:00+02:00,CC NG 09,0.0
2030,sc01,04-06 23:00:00+02:00,CT Oil 02,0.0
2030,sc01,04-06 23:00:00+02:00,CT NG 39,0.0
2030,sc01,04-06 23:00:00+02:00,CC NG 08,0.0
2030,sc01,04-06 23:00:00+02:00,Biomass 43,0.0
2030,sc01,04-06 23:00:00+02:00,CT NG 18,0.0
2030,sc01,04-06 23:00:00+02:00,ST NG 07,0.0
2030,sc01,04-06 23:00:00+02:00,Biomass 35,0.0
2030,sc01,04-06 23:00:00+02:00,Solar 32,0.0
2030,sc01,04-06 23:00:00+02:00,Biomass 15,0.0
2030,sc01,04-06 23:00:00+02:00,CC NG 31,0.0
2030,sc01,04-06 23:00:00+02:00,Solar 16,0.0
2030,sc01,04-06 23:00:00+02:00,Solar 68,0.0
2030,sc01,04-06 23:00:00+02:00,CT NG 21,0.0
2030,sc01,04-06 23:00:00+02:00,Wind 11,3.0260470766400003
2030,sc01,04-06 23:00:00+02:00,CC NG 37,0.0
2030,sc01,04-06 23:00:00+02:00,CT NG 22,0.0
2030,sc01,04-06 23:00:00+02:00,Hydro 16,0.0
2030,sc01,04-06 23:00:00+02:00,Biomass 59,0.0
2030,sc01,04-06 23:00:00+02:00,CC NG 01,0.0
2030,sc01,04-06 23:00:00+02:00,Biomass 16,0.0
2030,sc01,04-06 23:00:00+02:00,Solar 03,0.0
2030,sc01,04-06 23:00:00+02:00,Solar 44,0.0
2030,sc01,04-06 23:00:00+02:00,CT NG 08,0.0
2030,sc01,04-06 23:00:00+02:00,Wind 05,0.275999034304
2030,sc01,04-06 23:00:00+02:00,Biomass 26,0.0
2030,sc01,04-06 23:00:00+02:00,Solar 37,0.0
2030,sc01,04-06 23:00:00+02:00,Biomass 11,0.0
2030,sc01,04-06 23:00:00+02:00,Solar 59,0.0
2030,sc01,04-06 23:00:00+02:00,CT NG 11,0.0
2030,sc01,04-06 23:00:00+02:00,Biomass 30,0.0
2030,sc01,04-06 23:00:00+02:00,Hydro 23,0.0
2030,sc01,04-06 23:00:00+02:00,CC NG 24,0.0
2030,sc01,04-06 23:00:00+02:00,Solar 65,0.0
2030,sc01,04-06 23:00:00+02:00,CC NG 18,0.0
2030,sc01,04-06 23:00:00+02:00,CT NG 16,0.0
2030,sc01,04-06 23:00:00+02:00,Solar 51,0.0
2030,sc01,04-06 23:00:00+02:00,Wind 06,4.27221687648
2030,sc01,04-06 23:00:00+02:00,CC NG 26,0.0
2030,sc01,04-06 23:00:00+02:00,CC NG 23,0.0
2030,sc01,04-06 23:00:00+02:00,CT NG 43,0.0
2030,sc01,04-06 23:00:00+02:00,CC NG 11,0.0
2030,sc01,04-06 23:00:00+02:00,CT NG 02,0.0
2030,sc01,04-06 23:00:00+02:00,CT NG 50,0.0
2030,sc01,04-06 23:00:00+02:00,Hydro 27,0.0
2030,sc01,04-06 23:00:00+02:00,CT NG 13,0.0
2030,sc01,04-06 23:00:00+02:00,CT NG 25,0.0
2030,sc01,04-06 23:00:00+02:00,CC NG 05,0.0
2030,sc01,04-06 23:00:00+02:00,Solar 04,0.0
2030,sc01,04-06 23:00:00+02:00,Solar 30,0.0
2030,sc01,04-06 23:00:00+02:00,Solar 29,0.0
2030,sc01,04-06 23:00:00+02:00,Solar 53,0.0
2030,sc01,04-06 23:00:00+02:00,Solar 21,0.0
2030,sc01,04-06 23:00:00+02:00,Biomass 58,0.0
2030,sc01,04-06 23:00:00+02:00,CT NG 74,0.0
2030,sc01,04-06 23:00:00+02:00,Solar 61,0.0
2030,sc01,04-06 23:00:00+02:00,Wind 07,2.9544988715200002
2030,sc01,04-06 23:00:00+02:00,Biomass 31,0.0
2030,sc01,04-06 23:00:00+02:00,CT Oil 05,0.0
2030,sc01,04-06 23:00:00+02:00,Biomass 38,0.0
2030,sc01,04-06 23:00:00+02:00,Solar 41,0.0
2030,sc01,04-06 23:00:00+02:00,Biomass 51,0.0
2030,sc01,04-06 23:00:00+02:00,Biomass 55,0.0
2030,sc01,04-06 23:00:00+02:00,Wind 15,0.0
2030,sc01,04-06 23:00:00+02:00,Geo 01,0.0
2030,sc01,04-06 23:00:00+02:00,Biomass 60,0.0
2030,sc01,04-06 23:00:00+02:00,CT NG 38,0.0
2030,sc01,04-06 23:00:00+02:00,Solar 66,0.0
2030,sc01,04-06 23:00:00+02:00,Solar 49,0.0
2030,sc01,04-06 23:00:00+02:00,CT NG 51,0.0
2030,sc01,04-06 23:00:00+02:00,Biomass 18,0.0
2030,sc01,04-06 23:00:00+02:00,ICE NG 01,0.0
2030,sc01,04-06 23:00:00+02:00,Solar 15,0.0
2030,sc01,04-06 23:00:00+02:00,ICE NG 05,0.0
2030,sc01,04-06 23:00:00+02:00,CT Oil 04,0.0
2030,sc01,04-06 23:00:00+02:00,CC NG 20,0.0
2030,sc01,04-06 23:00:00+02:00,Solar 20,0.0
2030,sc01,04-06 23:00:00+02:00,Biomass 04,0.0
2030,sc01,04-06 23:00:00+02:00,Wind 02,8.3258351064
2030,sc01,04-06 23:00:00+02:00,Hydro 25,0.44029440000000003
2030,sc01,04-06 23:00:00+02:00,Solar 75,0.0
2030,sc01,04-06 23:00:00+02:00,Hydro 33,0.0
2030,sc01,04-06 23:00:00+02:00,ST NG 05,0.0
2030,sc01,04-06 23:00:00+02:00,CT NG 07,0.0
2030,sc01,04-06 23:00:00+02:00,Wind 01,1.9792436042400001
2030,sc01,04-06 23:00:00+02:00,Solar 56,0.0
2030,sc01,04-06 23:00:00+02:00,Biomass 09,0.0
2030,sc01,04-06 23:00:00+02:00,Biomass 53,0.0
2030,sc01,04-06 23:00:00+02:00,Wind 17,66.72977281600001
2030,sc01,04-06 23:00:00+02:00,ST NG 08,0.0
2030,sc01,04-06 23:00:00+02:00,Hydro 19,0.0
2030,sc01,04-06 23:00:00+02:00,ST NG 02,0.0
2030,sc01,04-06 23:00:00+02:00,Biomass 01,0.0
2030,sc01,04-06 23:00:00+02:00,Biomass 57,0.0
2030,sc01,04-06 23:00:00+02:00,CT NG 49,0.0
2030,sc01,04-06 23:00:00+02:00,CT NG 31,0.0
2030,sc01,04-06 23:00:00+02:00,Solar 64,0.0
2030,sc01,04-06 23:00:00+02:00,CC NG 33,0.0
2030,sc01,04-06 23:00:00+02:00,Solar 46,0.0
2030,sc01,04-06 23:00:00+02:00,Biomass 12,0.0
2030,sc01,04-06 23:00:00+02:00,Wind 04,1.59147427152
2030,sc01,04-06 23:00:00+02:00,Solar 13,0.0
2030,sc01,04-06 23:00:00+02:00,CT NG 55,0.0
2030,sc01,04-06 23:00:00+02:00,Wind N03,154.16545399315828
2030,sc01,04-06 23:00:00+02:00,CT NG 28,0.0
2030,sc01,04-06 23:00:00+02:00,Wind 09,3.5136823248800004
2030,sc01,04-06 23:00:00+02:00,Solar 60,0.0
2030,sc01,04-06 23:00:00+02:00,Solar 25,0.0
2030,sc01,04-06 23:00:00+02:00,CT NG 23,0.0
2030,sc01,04-06 23:00:00+02:00,ST Other 01,0.0
2030,sc01,04-06 23:00:00+02:00,Solar 70,0.0
2030,sc01,04-06 23:00:00+02:00,CC NG 34,0.0
2030,sc01,04-06 23:00:00+02:00,Solar 48,0.0
2030,sc01,04-06 23:00:00+02:00,Biomass 56,0.0
2030,sc01,04-06 23:00:00+02:00,CT NG 36,0.0
2030,sc01,04-06 23:00:00+02:00,Solar 47,0.0
2030,sc01,04-06 23:00:00+02:00,Hydro 17,0.015240960000000001
2030,sc01,04-06 23:00:00+02:00,Solar 09,0.0
2030,sc01,04-06 23:00:00+02:00,Solar 08,0.0
2030,sc01,04-06 23:00:00+02:00,CT NG 45,0.0
2030,sc01,04-06 23:00:00+02:00,ST NG 04,0.0
2030,sc01,04-06 23:00:00+02:00,Solar 40,0.0
2030,sc01,04-06 23:00:00+02:00,Biomass 47,0.0
2030,sc01,04-06 23:00:00+02:00,Solar 50,0.0
2030,sc01,04-06 23:00:00+02:00,Solar 52,0.0
2030,sc01,04-06 23:00:00+02:00,Solar 63,0.0
2030,sc01,04-06 23:00:00+02:00,CC NG 06,0.0
2030,sc01,04-06 23:00:00+02:00,Biomass 39,0.0
2030,sc01,04-06 23:00:00+02:00,Solar 67,0.0
2030,sc01,04-06 23:00:00+02:00,Solar 19,0.0
2030,sc01,04-06 23:00:00+02:00,Wind 12,0.0
2030,sc01,04-06 23:00:00+02:00,Solar 24,0.0
2030,sc01,04-06 23:00:00+02:00,ICE NG 02,0.0
2030,sc01,04-06 23:00:00+02:00,Solar 05,0.0
2030,sc01,04-06 23:00:00+02:00,CT NG 54,0.0
2030,sc01,04-06 23:00:00+02:00,Wind N01,151.39466758359285
2030,sc01,04-06 23:00:00+02:00,CT NG 27,0.0
2030,sc01,04-06 23:00:00+02:00,CC NG 36,0.0
2030,sc01,04-06 23:00:00+02:00,Wind N02,0.0
2030,sc01,04-06 23:00:00+02:00,CT NG 52,0.0
2030,sc01,04-06 23:00:00+02:00,Solar 35,0.0
2030,sc01,04-06 23:00:00+02:00,CT NG 05,0.0
2030,sc01,04-06 23:00:00+02:00,Biomass 36,0.0
2030,sc01,04-06 23:00:00+02:00,CT NG 34,0.0
2030,sc01,04-06 23:00:00+02:00,CT Oil 03,0.0
2030,sc01,04-06 23:00:00+02:00,Hydro 35,0.0
2030,sc01,04-06 23:00:00+02:00,Solar 14,0.0
2030,sc01,04-06 23:00:00+02:00,CT NG 75,0.0
2030,sc01,04-06 23:00:00+02:00,ST NG 09,0.0
2030,sc01,04-06 23:00:00+02:00,CT NG 56,0.0
2030,sc01,04-06 23:00:00+02:00,Biomass 22,0.0
2030,sc01,04-06 23:00:00+02:00,Solar 18,0.0
2030,sc01,04-06 23:00:00+02:00,Biomass 13,0.0
2030,sc01,04-06 23:00:00+02:00,CT NG 71,0.0
2030,sc01,04-06 23:00:00+02:00,Solar 58,0.0
2030,sc01,04-06 23:00:00+02:00,Solar 06,0.0
2030,sc01,04-06 23:00:00+02:00,Biomass 08,0.0
2030,sc01,04-06 23:00:00+02:00,CT NG 72,0.0
2030,sc01,04-06 23:00:00+02:00,Hydro 18,0.052496640000000004
2030,sc01,04-06 23:00:00+02:00,Solar 10,0.0
2030,sc01,04-06 23:00:00+02:00,CT NG 04,0.0
2030,sc01,04-06 23:00:00+02:00,ST Other 02,0.0
2030,sc01,04-06 23:00:00+02:00,CT NG 12,0.0
2030,sc01,04-06 23:00:00+02:00,CT NG 48,0.0
2030,sc01,04-06 23:00:00+02:00,ST NG 10,0.0
2030,sc01,04-06 23:00:00+02:00,Solar 22,0.0
2030,sc01,04-06 23:00:00+02:00,Solar 28,0.0
2030,sc01,04-06 23:00:00+02:00,CT NG 73,0.0
2030,sc01,04-06 23:00:00+02:00,Biomass 52,0.0
2030,sc01,04-06 23:00:00+02:00,CT NG 30,0.0
2030,sc01,04-06 23:00:00+02:00,Solar 54,0.0
2030,sc01,04-06 23:00:00+02:00,Solar 31,0.0
2030,sc01,04-06 23:00:00+02:00,Biomass 03,0.0
2030,sc01,04-06 23:00:00+02:00,CT NG 32,0.0
2030,sc01,04-06 23:00:00+02:00,Biomass 27,0.0
2030,sc01,04-06 23:00:00+02:00,CC NG 14,0.0
2030,sc01,04-06 23:00:00+02:00,CC NG 03,0.0
2030,sc01,04-06 23:00:00+02:00,CC NG 29,0.0
2030,sc01,04-06 23:00:00+02:00,CC NG 28,0.0
2030,sc01,04-06 23:00:00+02:00,CC NG 25,0.0
2030,sc01,04-06 23:00:00+02:00,CT NG 44,0.0
2030,sc01,04-06 23:00:00+02:00,CT NG 14,0.0
2030,sc01,04-06 23:00:00+02:00,CC NG 15,0.0
2030,sc01,04-06 23:00:00+02:00,CC NG 04,0.0
2030,sc01,04-06 23:00:00+02:00,Biomass 29,0.0
2030,sc01,04-06 23:00:00+02:00,Wind 14,95.45726248196323
2030,sc01,04-06 23:00:00+02:00,Wind 08,3.6444124634399997
2030,sc01,04-06 23:00:00+02:00,Biomass 61,0.0
2030,sc01,04-06 23:00:00+02:00,CT NG 35,0.0
2030,sc01,04-06 23:00:00+02:00,Solar 33,0.0
2030,sc01,04-06 23:00:00+02:00,CT NG 41,0.0
2030,sc01,04-06 23:00:00+02:00,CT NG 15,0.0
2030,sc01,04-06 23:00:00+02:00,Solar 42,0.0
2030,sc01,04-06 23:00:00+02:00,Solar 07,0.0
2030,sc01,04-06 23:00:00+02:00,Solar 43,0.0
2030,sc01,04-06 23:00:00+02:00,Biomass 05,0.0
2030,sc01,04-06 23:00:00+02:00,CT NG 29,0.0
2030,sc01,04-06 23:00:00+02:00,Solar 71,0.0
2030,sc01,04-06 23:00:00+02:00,CT NG 53,0.0
2030,sc01,04-06 23:00:00+02:00,CT NG 20,0.0
2030,sc01,04-06 23:00:00+02:00,Biomass 14,0.0
2030,sc01,04-06 23:00:00+02:00,Solar 26,0.0
2030,sc01,04-06 23:00:00+02:00,Hydro 29,0.0
2030,sc01,04-06 23:00:00+02:00,Hydro 31,0.0
2030,sc01,04-06 23:00:00+02:00,Biomass 24,0.0
2030,sc01,04-06 23:00:00+02:00,Biomass 54,0.0
2030,sc01,04-06 23:00:00+02:00,Solar 36,0.0
2030,sc01,04-06 23:00:00+02:00,Wind 03,3.03971537632
2030,sc01,04-06 23:00:00+02:00,Biomass 40,0.0
2030,sc01,04-06 23:00:00+02:00,Biomass 49,0.0
2030,sc01,04-06 23:00:00+02:00,CC NG 16,0.0
2030,sc01,04-06 23:00:00+02:00,Biomass 48,0.0
2030,sc01,04-06 23:00:00+02:00,Hydro 28,0.0
2030,sc01,04-06 23:00:00+02:00,Biomass 17,0.0
2030,sc01,04-06 23:00:00+02:00,CT NG 33,0.0
2030,sc01,04-06 23:00:00+02:00,Solar 45,0.0
2030,sc01,04-06 23:00:00+02:00,Hydro 24,0.0
2030,sc01,04-06 23:00:00+02:00,Wind 13,0.0
2030,sc01,04-06 23:00:00+02:00,Biomass 07,0.0
2030,sc01,04-06 23:00:00+02:00,Biomass 34,0.0
2030,sc01,04-06 23:00:00+02:00,Biomass 33,0.0
2030,sc01,04-06 23:00:00+02:00,CT NG 01,0.0
2030,sc01,04-06 23:00:00+02:00,ICE NG 03,0.0
2030,sc01,04-06 23:00:00+02:00,Solar 55,0.0
2030,sc01,04-06 23:00:00+02:00,Solar 11,0.0
2030,sc01,04-06 23:00:00+02:00,CT NG 06,0.0
2030,sc01,04-06 23:00:00+02:00,CT NG 70,0.0
2030,sc01,04-06 23:00:00+02:00,Solar 23,0.0
2030,sc01,04-06 23:00:00+02:00,CT NG 67,0.0
2030,sc01,04-06 23:00:00+02:00,Solar 12,0.0
2030,sc01,04-06 23:00:00+02:00,CT Oil 01,0.0
2030,sc01,04-06 23:00:00+02:00,Hydro 26,0.0
2030,sc01,04-06 23:00:00+02:00,CC NG 22,0.0
2030,sc01,04-06 23:00:00+02:00,CC NG 35,0.0
2030,sc01,04-06 23:00:00+02:00,Biomass 50,0.0
2030,sc01,04-06 23:00:00+02:00,ICE NG 04,0.0
2030,sc01,04-06 23:00:00+02:00,CC NG 39,0.0
2030,sc01,04-06 23:00:00+02:00,Hydro 32,0.0
2030,sc01,04-06 23:00:00+02:00,ICE NG 07,0.0
2030,sc01,04-06 23:00:00+02:00,Biomass 46,0.0
2030,sc01,04-06 23:00:00+02:00,CC NG 38,0.0
2030,sc01,04-06 23:00:00+02:00,CC NG 12,0.0
2030,sc01,04-06 23:00:00+02:00,Solar 57,0.0
2030,sc01,04-06 23:00:00+02:00,CC NG 32,0.0
2030,sc01,04-06 23:00:00+02:00,CC NG 07,0.0
2030,sc01,04-06 23:00:00+02:00,Biomass 44,0.0
2030,sc01,04-06 23:00:00+02:00,CT NG 40,0.0
2030,sc01,04-06 23:00:00+02:00,Solar 74,0.0
2030,sc01,04-06 23:00:00+02:00,Hydro 30,0.0
2030,sc01,04-06 23:00:00+02:00,CT NG 42,0.0
2030,sc01,04-06 23:00:00+02:00,Hydro 22,2.18105664
2030,sc01,04-06 23:00:00+02:00,Solar 17,0.0
2030,sc01,04-06 23:00:00+02:00,Solar 38,0.0
2030,sc01,04-06 23:00:00+02:00,CT NG 24,0.0
2030,sc01,04-06 23:00:00+02:00,CC NG 27,0.0
2030,sc01,04-06 23:00:00+02:00,Biomass 21,0.0
2030,sc01,04-06 23:00:00+02:00,ICE NG 06,0.0
2030,sc01,04-06 23:00:00+02:00,Biomass 25,0.0
2030,sc01,04-06 23:00:00+02:00,Solar 27,0.0
2030,sc01,04-06 23:00:00+02:00,CT NG 19,0.0
2030,sc01,04-06 23:00:00+02:00,Biomass 42,0.0
2030,sc01,04-06 23:00:00+02:00,Biomass 19,0.0
2030,sc01,04-06 23:00:00+02:00,Biomass 06,0.0
2030,sc01,04-06 23:00:00+02:00,CT NG 10,0.0
2030,sc01,04-06 23:00:00+02:00,CC NG 40,0.0
2030,sc01,04-06 23:00:00+02:00,CC NG 21,0.0
2030,sc01,04-06 23:00:00+02:00,Biomass 02,0.0
2030,sc01,04-06 23:00:00+02:00,CT NG 46,0.0
2030,sc01,04-06 23:00:00+02:00,Hydro 34,0.0
2030,sc01,04-06 23:00:00+02:00,Biomass 10,0.0
2030,sc01,04-06 23:00:00+02:00,CT NG 17,0.0
2030,sc01,04-06 23:00:00+02:00,Biomass 62,0.0
2030,sc01,04-06 23:00:00+02:00,Biomass 32,0.0
2030,sc01,04-06 23:00:00+02:00,CC NG 19,0.0
2030,sc01,04-06 23:00:00+02:00,CC NG 17,0.0
2030,sc01,04-06 23:00:00+02:00,ST NG 01,0.0
2030,sc01,04-06 23:00:00+02:00,Biomass 45,0.0
2030,sc01,04-06 23:00:00+02:00,Biomass 28,0.0
2030,sc01,04-06 23:00:00+02:00,CC NG 10,0.0
2030,sc01,04-06 23:00:00+02:00,Biomass 23,0.0
2030,sc01,04-06 23:00:00+02:00,ST NG 06,0.0
2030,sc01,04-06 23:00:00+02:00,Wind 10,3.71119894096
2030,sc01,04-06 23:00:00+02:00,CT NG 69,0.0
2030,sc01,04-06 23:00:00+02:00,CT NG 68,0.0
2030,sc01,04-07 13:00:00+02:00,CC NG 13,0.0
2030,sc01,04-07 13:00:00+02:00,CT NG 37,0.0
2030,sc01,04-07 13:00:00+02:00,ST Coal 01,0.0
2030,sc01,04-07 13:00:00+02:00,CT NG 09,0.0
2030,sc01,04-07 13:00:00+02:00,CT NG 47,0.0
2030,sc01,04-07 13:00:00+02:00,Solar 69,15.435054933317504
2030,sc01,04-07 13:00:00+02:00,Solar 34,1.7230967095000103
2030,sc01,04-07 13:00:00+02:00,Solar 73,0.0
2030,sc01,04-07 13:00:00+02:00,Biomass 37,0.0
2030,sc01,04-07 13:00:00+02:00,Hydro 20,0.0
2030,sc01,04-07 13:00:00+02:00,Solar 01,23.7672742182
2030,sc01,04-07 13:00:00+02:00,Solar 62,0.0
2030,sc01,04-07 13:00:00+02:00,Solar 02,2.406636171027359
2030,sc01,04-07 13:00:00+02:00,CT NG 26,0.0
2030,sc01,04-07 13:00:00+02:00,Biomass 20,0.0
2030,sc01,04-07 13:00:00+02:00,Wind 16,41.083788557599995
2030,sc01,04-07 13:00:00+02:00,CT NG 66,0.0
2030,sc01,04-07 13:00:00+02:00,Solar 39,0.0
2030,sc01,04-07 13:00:00+02:00,Biomass 41,0.0
2030,sc01,04-07 13:00:00+02:00,Solar 72,0.0
2030,sc01,04-07 13:00:00+02:00,ST NG 03,0.0
2030,sc01,04-07 13:00:00+02:00,Hydro 21,2.24850483
2030,sc01,04-07 13:00:00+02:00,CT NG 03,0.0
2030,sc01,04-07 13:00:00+02:00,CC NG 09,0.0
2030,sc01,04-07 13:00:00+02:00,CT Oil 02,0.0
2030,sc01,04-07 13:00:00+02:00,CT NG 39,0.0
2030,sc01,04-07 13:00:00+02:00,CC NG 08,0.0
2030,sc01,04-07 13:00:00+02:00,Biomass 43,0.0
2030,sc01,04-07 13:00:00+02:00,CT NG 18,0.0
2030,sc01,04-07 13:00:00+02:00,ST NG 07,0.0
2030,sc01,04-07 13:00:00+02:00,Biomass 35,0.0
2030,sc01,04-07 13:00:00+02:00,Solar 32,0.0
2030,sc01,04-07 13:00:00+02:00,Biomass 15,0.0
2030,sc01,04-07 13:00:00+02:00,CC NG 31,0.0
2030,sc01,04-07 13:00:00+02:00,Solar 16,1.4945172316700002
2030,sc01,04-07 13:00:00+02:00,Solar 68,0.0
2030,sc01,04-07 13:00:00+02:00,CT NG 21,0.0
2030,sc01,04-07 13:00:00+02:00,Wind 11,1.47329368426
2030,sc01,04-07 13:00:00+02:00,CC NG 37,0.0
2030,sc01,04-07 13:00:00+02:00,CT NG 22,0.0
2030,sc01,04-07 13:00:00+02:00,Hydro 16,0.0
2030,sc01,04-07 13:00:00+02:00,Biomass 59,0.0
2030,sc01,04-07 13:00:00+02:00,CC NG 01,0.0
2030,sc01,04-07 13:00:00+02:00,Biomass 16,0.0
2030,sc01,04-07 13:00:00+02:00,Solar 03,0.0
2030,sc01,04-07 13:00:00+02:00,Solar 44,0.0
2030,sc01,04-07 13:00:00+02:00,CT NG 08,0.0
2030,sc01,04-07 13:00:00+02:00,Wind 05,0.12771038424800002
2030,sc01,04-07 13:00:00+02:00,Biomass 26,0.0
2030,sc01,04-07 13:00:00+02:00,Solar 37,0.0
2030,sc01,04-07 13:00:00+02:00,Biomass 11,0.0
2030,sc01,04-07 13:00:00+02:00,Solar 59,0.0
2030,sc01,04-07 13:00:00+02:00,CT NG 11,0.0
2030,sc01,04-07 13:00:00+02:00,Biomass 30,0.0
2030,sc01,04-07 13:00:00+02:00,Hydro 23,0.0
2030,sc01,04-07 13:00:00+02:00,CC NG 24,0.0
2030,sc01,04-07 13:00:00+02:00,Solar 65,4.6382703274
2030,sc01,04-07 13:00:00+02:00,CC NG 18,0.0
2030,sc01,04-07 13:00:00+02:00,CT NG 16,0.0
2030,sc01,04-07 13:00:00+02:00,Solar 51,0.0
2030,sc01,04-07 13:00:00+02:00,Wind 06,1.9042735489099998
2030,sc01,04-07 13:00:00+02:00,CC NG 26,0.0
2030,sc01,04-07 13:00:00+02:00,CC NG 23,0.0
2030,sc01,04-07 13:00:00+02:00,CT NG 43,0.0
2030,sc01,04-07 13:00:00+02:00,CC NG 11,0.0
2030,sc01,04-07 13:00:00+02:00,CT NG 02,0.0
2030,sc01,04-07 13:00:00+02:00,CT NG 50,0.0
2030,sc01,04-07 13:00:00+02:00,Hydro 27,0.0
2030,sc01,04-07 13:00:00+02:00,CT NG 13,0.0
2030,sc01,04-07 13:00:00+02:00,CT NG 25,0.0
2030,sc01,04-07 13:00:00+02:00,CC NG 05,0.0
2030,sc01,04-07 13:00:00+02:00,Solar 04,1.34624042412
2030,sc01,04-07 13:00:00+02:00,Solar 30,1.4411801391699999
2030,sc01,04-07 13:00:00+02:00,Solar 29,2.60339246354
2030,sc01,04-07 13:00:00+02:00,Solar 53,0.0
2030,sc01,04-07 13:00:00+02:00,Solar 21,5.108147074000001
2030,sc01,04-07 13:00:00+02:00,Biomass 58,0.0
2030,sc01,04-07 13:00:00+02:00,CT NG 74,0.0
2030,sc01,04-07 13:00:00+02:00,Solar 61,0.0
2030,sc01,04-07 13:00:00+02:00,Wind 07,1.4679565173799998
2030,sc01,04-07 13:00:00+02:00,Biomass 31,0.0
2030,sc01,04-07 13:00:00+02:00,CT Oil 05,0.0
2030,sc01,04-07 13:00:00+02:00,Biomass 38,0.0
2030,sc01,04-07 13:00:00+02:00,Solar 41,0.0
2030,sc01,04-07 13:00:00+02:00,Biomass 51,0.0
2030,sc01,04-07 13:00:00+02:00,Biomass 55,0.0
2030,sc01,04-07 13:00:00+02:00,Wind 15,0.0
2030,sc01,04-07 13:00:00+02:00,Geo 01,0.0
2030,sc01,04-07 13:00:00+02:00,Biomass 60,0.0
2030,sc01,04-07 13:00:00+02:00,CT NG 38,0.0
2030,sc01,04-07 13:00:00+02:00,Solar 66,19.7053583769
2030,sc01,04-07 13:00:00+02:00,Solar 49,0.0
2030,sc01,04-07 13:00:00+02:00,CT NG 51,0.0
2030,sc01,04-07 13:00:00+02:00,Biomass 18,0.0
2030,sc01,04-07 13:00:00+02:00,ICE NG 01,0.0
2030,sc01,04-07 13:00:00+02:00,Solar 15,2.92130301764
2030,sc01,04-07 13:00:00+02:00,ICE NG 05,0.0
2030,sc01,04-07 13:00:00+02:00,CT Oil 04,0.0
2030,sc01,04-07 13:00:00+02:00,CC NG 20,0.0
2030,sc01,04-07 13:00:00+02:00,Solar 20,2.38189457788
2030,sc01,04-07 13:00:00+02:00,Biomass 04,0.0
2030,sc01,04-07 13:00:00+02:00,Wind 02,3.8171759241600003
2030,sc01,04-07 13:00:00+02:00,Hydro 25,0.3347292
2030,sc01,04-07 13:00:00+02:00,Solar 75,10.32
2030,sc01,04-07 13:00:00+02:00,Hydro 33,0.0
2030,sc01,04-07 13:00:00+02:00,ST NG 05,0.0
2030,sc01,04-07 13:00:00+02:00,CT NG 07,0.0
2030,sc01,04-07 13:00:00+02:00,Wind 01,0.95832156959
2030,sc01,04-07 13:00:00+02:00,Solar 56,0.0
2030,sc01,04-07 13:00:00+02:00,Biomass 09,0.0
2030,sc01,04-07 13:00:00+02:00,Biomass 53,0.0
2030,sc01,04-07 13:00:00+02:00,Wind 17,14.42059159585899
2030,sc01,04-07 13:00:00+02:00,ST NG 08,0.0
2030,sc01,04-07 13:00:00+02:00,Hydro 19,2.2124574999999997
2030,sc01,04-07 13:00:00+02:00,ST NG 02,0.0
2030,sc01,04-07 13:00:00+02:00,Biomass 01,0.0
2030,sc01,04-07 13:00:00+02:00,Biomass 57,0.0
2030,sc01,04-07 13:00:00+02:00,CT NG 49,0.0
2030,sc01,04-07 13:00:00+02:00,CT NG 31,0.0
2030,sc01,04-07 13:00:00+02:00,Solar 64,2.43508701967
2030,sc01,04-07 13:00:00+02:00,CC NG 33,0.0
2030,sc01,04-07 13:00:00+02:00,Solar 46,0.0
2030,sc01,04-07 13:00:00+02:00,Biomass 12,0.0
2030,sc01,04-07 13:00:00+02:00,Wind 04,0.278546828976
2030,sc01,04-07 13:00:00+02:00,Solar 13,0.07333530597599999
2030,sc01,04-07 13:00:00+02:00,CT NG 55,0.0
2030,sc01,04-07 13:00:00+02:00,Wind N03,117.58508616532761
2030,sc01,04-07 13:00:00+02:00,CT NG 28,0.0
2030,sc01,04-07 13:00:00+02:00,Wind 09,1.9143610019
2030,sc01,04-07 13:00:00+02:00,Solar 60,0.0
2030,sc01,04-07 13:00:00+02:00,Solar 25,0.5377806687400001
2030,sc01,04-07 13:00:00+02:00,CT NG 23,0.0
2030,sc01,04-07 13:00:00+02:00,ST Other 01,0.0
2030,sc01,04-07 13:00:00+02:00,Solar 70,0.0
2030,sc01,04-07 13:00:00+02:00,CC NG 34,0.0
2030,sc01,04-07 13:00:00+02:00,Solar 48,0.0
2030,sc01,04-07 13:00:00+02:00,Biomass 56,0.0
2030,sc01,04-07 13:00:00+02:00,CT NG 36,0.0
2030,sc01,04-07 13:00:00+02:00,Solar 47,0.0
2030,sc01,04-07 13:00:00+02:00,Hydro 17,0.0
2030,sc01,04-07 13:00:00+02:00,Solar 09,3.5642859856799998
2030,sc01,04-07 13:00:00+02:00,Solar 08,0.6962771117100001
2030,sc01,04-07 13:00:00+02:00,CT NG 45,0.0
2030,sc01,04-07 13:00:00+02:00,ST NG 04,0.0
2030,sc01,04-07 13:00:00+02:00,Solar 40,0.0
2030,sc01,04-07 13:00:00+02:00,Biomass 47,0.0
2030,sc01,04-07 13:00:00+02:00,Solar 50,0.0
2030,sc01,04-07 13:00:00+02:00,Solar 52,0.0
2030,sc01,04-07 13:00:00+02:00,Solar 63,5.2002042174000005
2030,sc01,04-07 13:00:00+02:00,CC NG 06,0.0
2030,sc01,04-07 13:00:00+02:00,Biomass 39,0.0
2030,sc01,04-07 13:00:00+02:00,Solar 67,3.46651286432
2030,sc01,04-07 13:00:00+02:00,Solar 19,0.027735742352000003
2030,sc01,04-07 13:00:00+02:00,Wind 12,11.950747295099998
2030,sc01,04-07 13:00:00+02:00,Solar 24,0.40110468284
2030,sc01,04-07 13:00:00+02:00,ICE NG 02,0.0
2030,sc01,04-07 13:00:00+02:00,Solar 05,0.032614275704
2030,sc01,04-07 13:00:00+02:00,CT NG 54,0.0
2030,sc01,04-07 13:00:00+02:00,Wind N01,110.91757726637377
2030,sc01,04-07 13:00:00+02:00,CT NG 27,0.0
2030,sc01,04-07 13:00:00+02:00,CC NG 36,0.0
2030,sc01,04-07 13:00:00+02:00,Wind N02,0.0
2030,sc01,04-07 13:00:00+02:00,CT NG 52,0.0
2030,sc01,04-07 13:00:00+02:00,Solar 35,0.0
2030,sc01,04-07 13:00:00+02:00,CT NG 05,0.0
2030,sc01,04-07 13:00:00+02:00,Biomass 36,0.0
2030,sc01,04-07 13:00:00+02:00,CT NG 34,0.0
2030,sc01,04-07 13:00:00+02:00,CT Oil 03,0.0
2030,sc01,04-07 13:00:00+02:00,Hydro 35,0.0
2030,sc01,04-07 13:00:00+02:00,Solar 14,3.2478311462700002
2030,sc01,04-07 13:00:00+02:00,CT NG 75,0.0
2030,sc01,04-07 13:00:00+02:00,ST NG 09,0.0
2030,sc01,04-07 13:00:00+02:00,CT NG 56,0.0
2030,sc01,04-07 13:00:00+02:00,Biomass 22,0.0
2030,sc01,04-07 13:00:00+02:00,Solar 18,3.4256922488000003
2030,sc01,04-07 13:00:00+02:00,Biomass 13,0.0
2030,sc01,04-07 13:00:00+02:00,CT NG 71,0.0
2030,sc01,04-07 13:00:00+02:00,Solar 58,0.0
2030,sc01,04-07 13:00:00+02:00,Solar 06,1.93115999723
2030,sc01,04-07 13:00:00+02:00,Biomass 08,0.0
2030,sc01,04-07 13:00:00+02:00,CT NG 72,0.0
2030,sc01,04-07 13:00:00+02:00,Hydro 18,0.0
2030,sc01,04-07 13:00:00+02:00,Solar 10,2.29432899131
2030,sc01,04-07 13:00:00+02:00,CT NG 04,0.0
2030,sc01,04-07 13:00:00+02:00,ST Other 02,0.0
2030,sc01,04-07 13:00:00+02:00,CT NG 12,0.0
2030,sc01,04-07 13:00:00+02:00,CT NG 48,0.0
2030,sc01,04-07 13:00:00+02:00,ST NG 10,0.0
2030,sc01,04-07 13:00:00+02:00,Solar 22,2.70780933774
2030,sc01,04-07 13:00:00+02:00,Solar 28,2.42317403135
2030,sc01,04-07 13:00:00+02:00,CT NG 73,0.0
2030,sc01,04-07 13:00:00+02:00,Biomass 52,0.0
2030,sc01,04-07 13:00:00+02:00,CT NG 30,0.0
2030,sc01,04-07 13:00:00+02:00,Solar 54,0.0
2030,sc01,04-07 13:00:00+02:00,Solar 31,0.0
2030,sc01,04-07 13:00:00+02:00,Biomass 03,0.0
2030,sc01,04-07 13:00:00+02:00,CT NG 32,0.0
2030,sc01,04-07 13:00:00+02:00,Biomass 27,0.0
2030,sc01,04-07 13:00:00+02:00,CC NG 14,0.0
2030,sc01,04-07 13:00:00+02:00,CC NG 03,0.0
2030,sc01,04-07 13:00:00+02:00,CC NG 29,0.0
2030,sc01,04-07 13:00:00+02:00,CC NG 28,0.0
2030,sc01,04-07 13:00:00+02:00,CC NG 25,0.0
2030,sc01,04-07 13:00:00+02:00,CT NG 44,0.0
2030,sc01,04-07 13:00:00+02:00,CT NG 14,0.0
2030,sc01,04-07 13:00:00+02:00,CC NG 15,0.0
2030,sc01,04-07 13:00:00+02:00,CC NG 04,0.0
2030,sc01,04-07 13:00:00+02:00,Biomass 29,0.0
2030,sc01,04-07 13:00:00+02:00,Wind 14,0.0
2030,sc01,04-07 13:00:00+02:00,Wind 08,1.9417234825799998
2030,sc01,04-07 13:00:00+02:00,Biomass 61,0.0
2030,sc01,04-07 13:00:00+02:00,CT NG 35,0.0
2030,sc01,04-07 13:00:00+02:00,Solar 33,0.0
2030,sc01,04-07 13:00:00+02:00,CT NG 41,0.0
2030,sc01,04-07 13:00:00+02:00,CT NG 15,0.0
2030,sc01,04-07 13:00:00+02:00,Solar 42,0.0
2030,sc01,04-07 13:00:00+02:00,Solar 07,0.059070986152
2030,sc01,04-07 13:00:00+02:00,Solar 43,0.0
2030,sc01,04-07 13:00:00+02:00,Biomass 05,0.0
2030,sc01,04-07 13:00:00+02:00,CT NG 29,0.0
2030,sc01,04-07 13:00:00+02:00,Solar 71,0.0
2030,sc01,04-07 13:00:00+02:00,CT NG 53,0.0
2030,sc01,04-07 13:00:00+02:00,CT NG 20,0.0
2030,sc01,04-07 13:00:00+02:00,Biomass 14,0.0
2030,sc01,04-07 13:00:00+02:00,Solar 26,0.49802244863000006
2030,sc01,04-07 13:00:00+02:00,Hydro 29,0.0
2030,sc01,04-07 13:00:00+02:00,Hydro 31,0.0
2030,sc01,04-07 13:00:00+02:00,Biomass 24,0.0
2030,sc01,04-07 13:00:00+02:00,Biomass 54,0.0
2030,sc01,04-07 13:00:00+02:00,Solar 36,44.13932511899999
2030,sc01,04-07 13:00:00+02:00,Wind 03,0.5255577028799999
2030,sc01,04-07 13:00:00+02:00,Biomass 40,0.0
2030,sc01,04-07 13:00:00+02:00,Biomass 49,0.0
2030,sc01,04-07 13:00:00+02:00,CC NG 16,0.0
2030,sc01,04-07 13:00:00+02:00,Biomass 48,0.0
2030,sc01,04-07 13:00:00+02:00,Hydro 28,0.0
2030,sc01,04-07 13:00:00+02:00,Biomass 17,0.0
2030,sc01,04-07 13:00:00+02:00,CT NG 33,0.0
2030,sc01,04-07 13:00:00+02:00,Solar 45,0.0
2030,sc01,04-07 13:00:00+02:00,Hydro 24,0.0
2030,sc01,04-07 13:00:00+02:00,Wind 13,4.9191539943
2030,sc01,04-07 13:00:00+02:00,Biomass 07,0.0
2030,sc01,04-07 13:00:00+02:00,Biomass 34,0.0
2030,sc01,04-07 13:00:00+02:00,Biomass 33,0.0
2030,sc01,04-07 13:00:00+02:00,CT NG 01,0.0
2030,sc01,04-07 13:00:00+02:00,ICE NG 03,0.0
2030,sc01,04-07 13:00:00+02:00,Solar 55,0.0
2030,sc01,04-07 13:00:00+02:00,Solar 11,0.5501366774600001
2030,sc01,04-07 13:00:00+02:00,CT NG 06,0.0
2030,sc01,04-07 13:00:00+02:00,CT NG 70,0.0
2030,sc01,04-07 13:00:00+02:00,Solar 23,0.081459369936
2030,sc01,04-07 13:00:00+02:00,CT NG 67,0.0
2030,sc01,04-07 13:00:00+02:00,Solar 12,0.425863908776
2030,sc01,04-07 13:00:00+02:00,CT Oil 01,0.0
2030,sc01,04-07 13:00:00+02:00,Hydro 26,0.3347292
2030,sc01,04-07 13:00:00+02:00,CC NG 22,0.0
2030,sc01,04-07 13:00:00+02:00,CC NG 35,0.0
2030,sc01,04-07 13:00:00+02:00,Biomass 50,0.0
2030,sc01,04-07 13:00:00+02:00,ICE NG 04,0.0
2030,sc01,04-07 13:00:00+02:00,CC NG 39,0.0
2030,sc01,04-07 13:00:00+02:00,Hydro 32,0.0
2030,sc01,04-07 13:00:00+02:00,ICE NG 07,0.0
2030,sc01,04-07 13:00:00+02:00,Biomass 46,0.0
2030,sc01,04-07 13:00:00+02:00,CC NG 38,0.0
2030,sc01,04-07 13:00:00+02:00,CC NG 12,0.0
2030,sc01,04-07 13:00:00+02:00,Solar 57,0.0
2030,sc01,04-07 13:00:00+02:00,CC NG 32,0.0
2030,sc01,04-07 13:00:00+02:00,CC NG 07,0.0
2030,sc01,04-07 13:00:00+02:00,Biomass 44,0.0
2030,sc01,04-07 13:00:00+02:00,CT NG 40,0.0
2030,sc01,04-07 13:00:00+02:00,Solar 74,0.0
2030,sc01,04-07 13:00:00+02:00,Hydro 30,0.0
2030,sc01,04-07 13:00:00+02:00,CT NG 42,0.0
2030,sc01,04-07 13:00:00+02:00,Hydro 22,2.24850483
2030,sc01,04-07 13:00:00+02:00,Solar 17,0.8352893198600001
2030,sc01,04-07 13:00:00+02:00,Solar 38,0.0
2030,sc01,04-07 13:00:00+02:00,CT NG 24,0.0
2030,sc01,04-07 13:00:00+02:00,CC NG 27,0.0
2030,sc01,04-07 13:00:00+02:00,Biomass 21,0.0
2030,sc01,04-07 13:00:00+02:00,ICE NG 06,0.0
2030,sc01,04-07 13:00:00+02:00,Biomass 25,0.0
2030,sc01,04-07 13:00:00+02:00,Solar 27,0.252546778872
2030,sc01,04-07 13:00:00+02:00,CT NG 19,0.0
2030,sc01,04-07 13:00:00+02:00,Biomass 42,0.0
2030,sc01,04-07 13:00:00+02:00,Biomass 19,0.0
2030,sc01,04-07 13:00:00+02:00,Biomass 06,0.0
2030,sc01,04-07 13:00:00+02:00,CT NG 10,0.0
2030,sc01,04-07 13:00:00+02:00,CC NG 40,0.0
2030,sc01,04-07 13:00:00+02:00,CC NG 21,0.0
2030,sc01,04-07 13:00:00+02:00,Biomass 02,0.0
2030,sc01,04-07 13:00:00+02:00,CT NG 46,0.0
2030,sc01,04-07 13:00:00+02:00,Hydro 34,0.0
2030,sc01,04-07 13:00:00+02:00,Biomass 10,0.0
2030,sc01,04-07 13:00:00+02:00,CT NG 17,0.0
2030,sc01,04-07 13:00:00+02:00,Biomass 62,0.0
2030,sc01,04-07 13:00:00+02:00,Biomass 32,0.0
2030,sc01,04-07 13:00:00+02:00,CC NG 19,0.0
2030,sc01,04-07 13:00:00+02:00,CC NG 17,0.0
2030,sc01,04-07 13:00:00+02:00,ST NG 01,0.0
2030,sc01,04-07 13:00:00+02:00,Biomass 45,0.0
2030,sc01,04-07 13:00:00+02:00,Biomass 28,0.0
2030,sc01,04-07 13:00:00+02:00,CC NG 10,0.0
2030,sc01,04-07 13:00:00+02:00,Biomass 23,0.0
2030,sc01,04-07 13:00:00+02:00,ST NG 06,0.0
2030,sc01,04-07 13:00:00+02:00,Wind 10,1.8834280992099999
2030,sc01,04-07 13:00:00+02:00,CT NG 69,0.0
2030,sc01,04-07 13:00:00+02:00,CT NG 68,0.0
2030,sc01,04-09 13:00:00+02:00,CC NG 13,0.0
2030,sc01,04-09 13:00:00+02:00,CT NG 37,0.0
2030,sc01,04-09 13:00:00+02:00,ST Coal 01,0.0
2030,sc01,04-09 13:00:00+02:00,CT NG 09,0.0
2030,sc01,04-09 13:00:00+02:00,CT NG 47,0.0
2030,sc01,04-09 13:00:00+02:00,Solar 69,0.0
2030,sc01,04-09 13:00:00+02:00,Solar 34,17.352330294905187
2030,sc01,04-09 13:00:00+02:00,Solar 73,0.0
2030,sc01,04-09 13:00:00+02:00,Biomass 37,0.0
2030,sc01,04-09 13:00:00+02:00,Hydro 20,0.0
2030,sc01,04-09 13:00:00+02:00,Solar 01,11.6693800326
2030,sc01,04-09 13:00:00+02:00,Solar 62,0.0
2030,sc01,04-09 13:00:00+02:00,Solar 02,0.0
2030,sc01,04-09 13:00:00+02:00,CT NG 26,0.0
2030,sc01,04-09 13:00:00+02:00,Biomass 20,0.0
2030,sc01,04-09 13:00:00+02:00,Wind 16,12.759161249968452
2030,sc01,04-09 13:00:00+02:00,CT NG 66,0.0
2030,sc01,04-09 13:00:00+02:00,Solar 39,0.0
2030,sc01,04-09 13:00:00+02:00,Biomass 41,0.0
2030,sc01,04-09 13:00:00+02:00,Solar 72,0.0
2030,sc01,04-09 13:00:00+02:00,ST NG 03,0.0
2030,sc01,04-09 13:00:00+02:00,Hydro 21,0.9553021199999999
2030,sc01,04-09 13:00:00+02:00,CT NG 03,0.0
2030,sc01,04-09 13:00:00+02:00,CC NG 09,0.0
2030,sc01,04-09 13:00:00+02:00,CT Oil 02,0.0
2030,sc01,04-09 13:00:00+02:00,CT NG 39,0.0
2030,sc01,04-09 13:00:00+02:00,CC NG 08,0.0
2030,sc01,04-09 13:00:00+02:00,Biomass 43,0.0
2030,sc01,04-09 13:00:00+02:00,CT NG 18,0.0
2030,sc01,04-09 13:00:00+02:00,ST NG 07,0.0
2030,sc01,04-09 13:00:00+02:00,Biomass 35,0.0
2030,sc01,04-09 13:00:00+02:00,Solar 32,0.0
2030,sc01,04-09 13:00:00+02:00,Biomass 15,0.0
2030,sc01,04-09 13:00:00+02:00,CC NG 31,0.0
2030,sc01,04-09 13:00:00+02:00,Solar 16,0.0
2030,sc01,04-09 13:00:00+02:00,Solar 68,0.0
2030,sc01,04-09 13:00:00+02:00,CT NG 21,0.0
2030,sc01,04-09 13:00:00+02:00,Wind 11,0.36834633252
2030,sc01,04-09 13:00:00+02:00,CC NG 37,0.0
2030,sc01,04-09 13:00:00+02:00,CT NG 22,0.0
2030,sc01,04-09 13:00:00+02:00,Hydro 16,0.0
2030,sc01,04-09 13:00:00+02:00,Biomass 59,0.0
2030,sc01,04-09 13:00:00+02:00,CC NG 01,0.0
2030,sc01,04-09 13:00:00+02:00,Biomass 16,0.0
2030,sc01,04-09 13:00:00+02:00,Solar 03,0.0
2030,sc01,04-09 13:00:00+02:00,Solar 44,0.0
2030,sc01,04-09 13:00:00+02:00,CT NG 08,0.0
2030,sc01,04-09 13:00:00+02:00,Wind 05,0.0
2030,sc01,04-09 13:00:00+02:00,Biomass 26,0.0
2030,sc01,04-09 13:00:00+02:00,Solar 37,0.0
2030,sc01,04-09 13:00:00+02:00,Biomass 11,0.0
2030,sc01,04-09 13:00:00+02:00,Solar 59,0.0
2030,sc01,04-09 13:00:00+02:00,CT NG 11,0.0
2030,sc01,04-09 13:00:00+02:00,Biomass 30,0.0
2030,sc01,04-09 13:00:00+02:00,Hydro 23,0.0
2030,sc01,04-09 13:00:00+02:00,CC NG 24,0.0
2030,sc01,04-09 13:00:00+02:00,Solar 65,0.0
2030,sc01,04-09 13:00:00+02:00,CC NG 18,0.0
2030,sc01,04-09 13:00:00+02:00,CT NG 16,0.0
2030,sc01,04-09 13:00:00+02:00,Solar 51,0.0
2030,sc01,04-09 13:00:00+02:00,Wind 06,0.54663688026
2030,sc01,04-09 13:00:00+02:00,CC NG 26,0.0
2030,sc01,04-09 13:00:00+02:00,CC NG 23,0.0
2030,sc01,04-09 13:00:00+02:00,CT NG 43,0.0
2030,sc01,04-09 13:00:00+02:00,CC NG 11,0.0
2030,sc01,04-09 13:00:00+02:00,CT NG 02,0.0
2030,sc01,04-09 13:00:00+02:00,CT NG 50,0.0
2030,sc01,04-09 13:00:00+02:00,Hydro 27,0.0
2030,sc01,04-09 13:00:00+02:00,CT NG 13,0.0
2030,sc01,04-09 13:00:00+02:00,CT NG 25,0.0
2030,sc01,04-09 13:00:00+02:00,CC NG 05,0.0
2030,sc01,04-09 13:00:00+02:00,Solar 04,0.16949935872
2030,sc01,04-09 13:00:00+02:00,Solar 30,0.0
2030,sc01,04-09 13:00:00+02:00,Solar 29,0.0
2030,sc01,04-09 13:00:00+02:00,Solar 53,0.0
2030,sc01,04-09 13:00:00+02:00,Solar 21,0.0
2030,sc01,04-09 13:00:00+02:00,Biomass 58,0.0
2030,sc01,04-09 13:00:00+02:00,CT NG 74,0.0
2030,sc01,04-09 13:00:00+02:00,Solar 61,0.0
2030,sc01,04-09 13:00:00+02:00,Wind 07,0.36395469468
2030,sc01,04-09 13:00:00+02:00,Biomass 31,0.0
2030,sc01,04-09 13:00:00+02:00,CT Oil 05,0.0
2030,sc01,04-09 13:00:00+02:00,Biomass 38,0.0
2030,sc01,04-09 13:00:00+02:00,Solar 41,0.0
2030,sc01,04-09 13:00:00+02:00,Biomass 51,0.0
2030,sc01,04-09 13:00:00+02:00,Biomass 55,0.0
2030,sc01,04-09 13:00:00+02:00,Wind 15,0.0
2030,sc01,04-09 13:00:00+02:00,Geo 01,0.0
2030,sc01,04-09 13:00:00+02:00,Biomass 60,0.0
2030,sc01,04-09 13:00:00+02:00,CT NG 38,0.0
2030,sc01,04-09 13:00:00+02:00,Solar 66,13.226822379579172
2030,sc01,04-09 13:00:00+02:00,Solar 49,0.0
2030,sc01,04-09 13:00:00+02:00,CT NG 51,0.0
2030,sc01,04-09 13:00:00+02:00,Biomass 18,0.0
2030,sc01,04-09 13:00:00+02:00,ICE NG 01,0.0
2030,sc01,04-09 13:00:00+02:00,Solar 15,0.0
2030,sc01,04-09 13:00:00+02:00,ICE NG 05,0.0
2030,sc01,04-09 13:00:00+02:00,CT Oil 04,0.0
2030,sc01,04-09 13:00:00+02:00,CC NG 20,0.0
2030,sc01,04-09 13:00:00+02:00,Solar 20,0.0
2030,sc01,04-09 13:00:00+02:00,Biomass 04,0.0
2030,sc01,04-09 13:00:00+02:00,Wind 02,0.0
2030,sc01,04-09 13:00:00+02:00,Hydro 25,0.138996
2030,sc01,04-09 13:00:00+02:00,Solar 75,4.32
2030,sc01,04-09 13:00:00+02:00,Hydro 33,0.0
2030,sc01,04-09 13:00:00+02:00,ST NG 05,0.0
2030,sc01,04-09 13:00:00+02:00,CT NG 07,0.0
2030,sc01,04-09 13:00:00+02:00,Wind 01,0.0
2030,sc01,04-09 13:00:00+02:00,Solar 56,0.0
2030,sc01,04-09 13:00:00+02:00,Biomass 09,0.0
2030,sc01,04-09 13:00:00+02:00,Biomass 53,0.0
2030,sc01,04-09 13:00:00+02:00,Wind 17,8.8583162868
2030,sc01,04-09 13:00:00+02:00,ST NG 08,0.0
2030,sc01,04-09 13:00:00+02:00,Hydro 19,0.0
2030,sc01,04-09 13:00:00+02:00,ST NG 02,0.0
2030,sc01,04-09 13:00:00+02:00,Biomass 01,0.0
2030,sc01,04-09 13:00:00+02:00,Biomass 57,0.0
2030,sc01,04-09 13:00:00+02:00,CT NG 49,0.0
2030,sc01,04-09 13:00:00+02:00,CT NG 31,0.0
2030,sc01,04-09 13:00:00+02:00,Solar 64,0.0
2030,sc01,04-09 13:00:00+02:00,CC NG 33,0.0
2030,sc01,04-09 13:00:00+02:00,Solar 46,0.0
2030,sc01,04-09 13:00:00+02:00,Biomass 12,0.0
2030,sc01,04-09 13:00:00+02:00,Wind 04,0.0
2030,sc01,04-09 13:00:00+02:00,Solar 13,0.0
2030,sc01,04-09 13:00:00+02:00,CT NG 55,0.0
2030,sc01,04-09 13:00:00+02:00,Wind N03,61.9776349812465
2030,sc01,04-09 13:00:00+02:00,CT NG 28,0.0
2030,sc01,04-09 13:00:00+02:00,Wind 09,0.29866982328
2030,sc01,04-09 13:00:00+02:00,Solar 60,0.0
2030,sc01,04-09 13:00:00+02:00,Solar 25,0.0
2030,sc01,04-09 13:00:00+02:00,CT NG 23,0.0
2030,sc01,04-09 13:00:00+02:00,ST Other 01,0.0
2030,sc01,04-09 13:00:00+02:00,Solar 70,4.105665183876454
2030,sc01,04-09 13:00:00+02:00,CC NG 34,0.0
2030,sc01,04-09 13:00:00+02:00,Solar 48,0.0
2030,sc01,04-09 13:00:00+02:00,Biomass 56,0.0
2030,sc01,04-09 13:00:00+02:00,CT NG 36,0.0
2030,sc01,04-09 13:00:00+02:00,Solar 47,0.0
2030,sc01,04-09 13:00:00+02:00,Hydro 17,0.0
2030,sc01,04-09 13:00:00+02:00,Solar 09,0.0
2030,sc01,04-09 13:00:00+02:00,Solar 08,0.0
2030,sc01,04-09 13:00:00+02:00,CT NG 45,0.0
2030,sc01,04-09 13:00:00+02:00,ST NG 04,0.0
2030,sc01,04-09 13:00:00+02:00,Solar 40,0.0
2030,sc01,04-09 13:00:00+02:00,Biomass 47,0.0
2030,sc01,04-09 13:00:00+02:00,Solar 50,0.0
2030,sc01,04-09 13:00:00+02:00,Solar 52,0.0
2030,sc01,04-09 13:00:00+02:00,Solar 63,0.0
2030,sc01,04-09 13:00:00+02:00,CC NG 06,0.0
2030,sc01,04-09 13:00:00+02:00,Biomass 39,0.0
2030,sc01,04-09 13:00:00+02:00,Solar 67,5.4975672576
2030,sc01,04-09 13:00:00+02:00,Solar 19,0.0
2030,sc01,04-09 13:00:00+02:00,Wind 12,3.706560945
2030,sc01,04-09 13:00:00+02:00,Solar 24,0.0
2030,sc01,04-09 13:00:00+02:00,ICE NG 02,0.0
2030,sc01,04-09 13:00:00+02:00,Solar 05,0.0
2030,sc01,04-09 13:00:00+02:00,CT NG 54,0.0
2030,sc01,04-09 13:00:00+02:00,Wind N01,35.164808964
2030,sc01,04-09 13:00:00+02:00,CT NG 27,0.0
2030,sc01,04-09 13:00:00+02:00,CC NG 36,0.0
2030,sc01,04-09 13:00:00+02:00,Wind N02,0.0
2030,sc01,04-09 13:00:00+02:00,CT NG 52,0.0
2030,sc01,04-09 13:00:00+02:00,Solar 35,0.0
2030,sc01,04-09 13:00:00+02:00,CT NG 05,0.0
2030,sc01,04-09 13:00:00+02:00,Biomass 36,0.0
2030,sc01,04-09 13:00:00+02:00,CT NG 34,0.0
2030,sc01,04-09 13:00:00+02:00,CT Oil 03,0.0
2030,sc01,04-09 13:00:00+02:00,Hydro 35,0.0
2030,sc01,04-09 13:00:00+02:00,Solar 14,0.0
2030,sc01,04-09 13:00:00+02:00,CT NG 75,0.0
2030,sc01,04-09 13:00:00+02:00,ST NG 09,0.0
2030,sc01,04-09 13:00:00+02:00,CT NG 56,0.0
2030,sc01,04-09 13:00:00+02:00,Biomass 22,0.0
2030,sc01,04-09 13:00:00+02:00,Solar 18,0.0
2030,sc01,04-09 13:00:00+02:00,Biomass 13,0.0
2030,sc01,04-09 13:00:00+02:00,CT NG 71,0.0
2030,sc01,04-09 13:00:00+02:00,Solar 58,0.0
2030,sc01,04-09 13:00:00+02:00,Solar 06,0.0
2030,sc01,04-09 13:00:00+02:00,Biomass 08,0.0
2030,sc01,04-09 13:00:00+02:00,CT NG 72,0.0
2030,sc01,04-09 13:00:00+02:00,Hydro 18,0.0
2030,sc01,04-09 13:00:00+02:00,Solar 10,0.0
2030,sc01,04-09 13:00:00+02:00,CT NG 04,0.0
2030,sc01,04-09 13:00:00+02:00,ST Other 02,0.0
2030,sc01,04-09 13:00:00+02:00,CT NG 12,0.0
2030,sc01,04-09 13:00:00+02:00,CT NG 48,0.0
2030,sc01,04-09 13:00:00+02:00,ST NG 10,0.0
2030,sc01,04-09 13:00:00+02:00,Solar 22,0.0
2030,sc01,04-09 13:00:00+02:00,Solar 28,0.0
2030,sc01,04-09 13:00:00+02:00,CT NG 73,0.0
2030,sc01,04-09 13:00:00+02:00,Biomass 52,0.0
2030,sc01,04-09 13:00:00+02:00,CT NG 30,0.0
2030,sc01,04-09 13:00:00+02:00,Solar 54,0.0
2030,sc01,04-09 13:00:00+02:00,Solar 31,0.0
2030,sc01,04-09 13:00:00+02:00,Biomass 03,0.0
2030,sc01,04-09 13:00:00+02:00,CT NG 32,0.0
2030,sc01,04-09 13:00:00+02:00,Biomass 27,0.0
2030,sc01,04-09 13:00:00+02:00,CC NG 14,0.0
2030,sc01,04-09 13:00:00+02:00,CC NG 03,0.0
2030,sc01,04-09 13:00:00+02:00,CC NG 29,0.0
2030,sc01,04-09 13:00:00+02:00,CC NG 28,0.0
2030,sc01,04-09 13:00:00+02:00,CC NG 25,0.0
2030,sc01,04-09 13:00:00+02:00,CT NG 44,0.0
2030,sc01,04-09 13:00:00+02:00,CT NG 14,0.0
2030,sc01,04-09 13:00:00+02:00,CC NG 15,0.0
2030,sc01,04-09 13:00:00+02:00,CC NG 04,0.0
2030,sc01,04-09 13:00:00+02:00,Biomass 29,0.0
2030,sc01,04-09 13:00:00+02:00,Wind 14,0.0
2030,sc01,04-09 13:00:00+02:00,Wind 08,0.33573162636000004
2030,sc01,04-09 13:00:00+02:00,Biomass 61,0.0
2030,sc01,04-09 13:00:00+02:00,CT NG 35,0.0
2030,sc01,04-09 13:00:00+02:00,Solar 33,0.0
2030,sc01,04-09 13:00:00+02:00,CT NG 41,0.0
2030,sc01,04-09 13:00:00+02:00,CT NG 15,0.0
2030,sc01,04-09 13:00:00+02:00,Solar 42,0.0
2030,sc01,04-09 13:00:00+02:00,Solar 07,0.0
2030,sc01,04-09 13:00:00+02:00,Solar 43,0.0
2030,sc01,04-09 13:00:00+02:00,Biomass 05,0.0
2030,sc01,04-09 13:00:00+02:00,CT NG 29,0.0
2030,sc01,04-09 13:00:00+02:00,Solar 71,0.0
2030,sc01,04-09 13:00:00+02:00,CT NG 53,0.0
2030,sc01,04-09 13:00:00+02:00,CT NG 20,0.0
2030,sc01,04-09 13:00:00+02:00,Biomass 14,0.0
2030,sc01,04-09 13:00:00+02:00,Solar 26,0.0
2030,sc01,04-09 13:00:00+02:00,Hydro 29,0.0
2030,sc01,04-09 13:00:00+02:00,Hydro 31,0.0
2030,sc01,04-09 13:00:00+02:00,Biomass 24,0.0
2030,sc01,04-09 13:00:00+02:00,Biomass 54,0.0
2030,sc01,04-09 13:00:00+02:00,Solar 36,0.0
2030,sc01,04-09 13:00:00+02:00,Wind 03,0.0
2030,sc01,04-09 13:00:00+02:00,Biomass 40,0.0
2030,sc01,04-09 13:00:00+02:00,Biomass 49,0.0
2030,sc01,04-09 13:00:00+02:00,CC NG 16,0.0
2030,sc01,04-09 13:00:00+02:00,Biomass 48,0.0
2030,sc01,04-09 13:00:00+02:00,Hydro 28,0.0
2030,sc01,04-09 13:00:00+02:00,Biomass 17,0.0
2030,sc01,04-09 13:00:00+02:00,CT NG 33,0.0
2030,sc01,04-09 13:00:00+02:00,Solar 45,0.0
2030,sc01,04-09 13:00:00+02:00,Hydro 24,0.0
2030,sc01,04-09 13:00:00+02:00,Wind 13,1.63373100048
2030,sc01,04-09 13:00:00+02:00,Biomass 07,0.0
2030,sc01,04-09 13:00:00+02:00,Biomass 34,0.0
2030,sc01,04-09 13:00:00+02:00,Biomass 33,0.0
2030,sc01,04-09 13:00:00+02:00,CT NG 01,0.0
2030,sc01,04-09 13:00:00+02:00,ICE NG 03,0.0
2030,sc01,04-09 13:00:00+02:00,Solar 55,0.0
2030,sc01,04-09 13:00:00+02:00,Solar 11,0.0
2030,sc01,04-09 13:00:00+02:00,CT NG 06,0.0
2030,sc01,04-09 13:00:00+02:00,CT NG 70,0.0
2030,sc01,04-09 13:00:00+02:00,Solar 23,0.0
2030,sc01,04-09 13:00:00+02:00,CT NG 67,0.0
2030,sc01,04-09 13:00:00+02:00,Solar 12,0.0
2030,sc01,04-09 13:00:00+02:00,CT Oil 01,0.0
2030,sc01,04-09 13:00:00+02:00,Hydro 26,0.0
2030,sc01,04-09 13:00:00+02:00,CC NG 22,0.0
2030,sc01,04-09 13:00:00+02:00,CC NG 35,0.0
2030,sc01,04-09 13:00:00+02:00,Biomass 50,0.0
2030,sc01,04-09 13:00:00+02:00,ICE NG 04,0.0
2030,sc01,04-09 13:00:00+02:00,CC NG 39,0.0
2030,sc01,04-09 13:00:00+02:00,Hydro 32,0.0
2030,sc01,04-09 13:00:00+02:00,ICE NG 07,0.0
2030,sc01,04-09 13:00:00+02:00,Biomass 46,0.0
2030,sc01,04-09 13:00:00+02:00,CC NG 38,0.0
2030,sc01,04-09 13:00:00+02:00,CC NG 12,0.0
2030,sc01,04-09 13:00:00+02:00,Solar 57,0.0
2030,sc01,04-09 13:00:00+02:00,CC NG 32,0.0
2030,sc01,04-09 13:00:00+02:00,CC NG 07,0.0
2030,sc01,04-09 13:00:00+02:00,Biomass 44,0.0
2030,sc01,04-09 13:00:00+02:00,CT NG 40,0.0
2030,sc01,04-09 13:00:00+02:00,Solar 74,0.0
2030,sc01,04-09 13:00:00+02:00,Hydro 30,0.0
2030,sc01,04-09 13:00:00+02:00,CT NG 42,0.0
2030,sc01,04-09 13:00:00+02:00,Hydro 22,0.9553021199999999
2030,sc01,04-09 13:00:00+02:00,Solar 17,0.0
2030,sc01,04-09 13:00:00+02:00,Solar 38,0.0
2030,sc01,04-09 13:00:00+02:00,CT NG 24,0.0
2030,sc01,04-09 13:00:00+02:00,CC NG 27,0.0
2030,sc01,04-09 13:00:00+02:00,Biomass 21,0.0
2030,sc01,04-09 13:00:00+02:00,ICE NG 06,0.0
2030,sc01,04-09 13:00:00+02:00,Biomass 25,0.0
2030,sc01,04-09 13:00:00+02:00,Solar 27,0.0
2030,sc01,04-09 13:00:00+02:00,CT NG 19,0.0
2030,sc01,04-09 13:00:00+02:00,Biomass 42,0.0
2030,sc01,04-09 13:00:00+02:00,Biomass 19,0.0
2030,sc01,04-09 13:00:00+02:00,Biomass 06,0.0
2030,sc01,04-09 13:00:00+02:00,CT NG 10,0.0
2030,sc01,04-09 13:00:00+02:00,CC NG 40,0.0
2030,sc01,04-09 13:00:00+02:00,CC NG 21,0.0
2030,sc01,04-09 13:00:00+02:00,Biomass 02,0.0
2030,sc01,04-09 13:00:00+02:00,CT NG 46,0.0
2030,sc01,04-09 13:00:00+02:00,Hydro 34,0.0
2030,sc01,04-09 13:00:00+02:00,Biomass 10,0.0
2030,sc01,04-09 13:00:00+02:00,CT NG 17,0.0
2030,sc01,04-09 13:00:00+02:00,Biomass 62,0.0
2030,sc01,04-09 13:00:00+02:00,Biomass 32,0.0
2030,sc01,04-09 13:00:00+02:00,CC NG 19,0.0
2030,sc01,04-09 13:00:00+02:00,CC NG 17,0.0
2030,sc01,04-09 13:00:00+02:00,ST NG 01,0.0
2030,sc01,04-09 13:00:00+02:00,Biomass 45,0.0
2030,sc01,04-09 13:00:00+02:00,Biomass 28,0.0
2030,sc01,04-09 13:00:00+02:00,CC NG 10,0.0
2030,sc01,04-09 13:00:00+02:00,Biomass 23,0.0
2030,sc01,04-09 13:00:00+02:00,ST NG 06,0.0
2030,sc01,04-09 13:00:00+02:00,Wind 10,0.32149519181999997
2030,sc01,04-09 13:00:00+02:00,CT NG 69,0.0
2030,sc01,04-09 13:00:00+02:00,CT NG 68,0.0
2030,sc01,04-11 15:00:00+02:00,CC NG 13,0.0
2030,sc01,04-11 15:00:00+02:00,CT NG 37,0.0
2030,sc01,04-11 15:00:00+02:00,ST Coal 01,0.0
2030,sc01,04-11 15:00:00+02:00,CT NG 09,0.0
2030,sc01,04-11 15:00:00+02:00,CT NG 47,0.0
2030,sc01,04-11 15:00:00+02:00,Solar 69,0.0
2030,sc01,04-11 15:00:00+02:00,Solar 34,3.48454462013664
2030,sc01,04-11 15:00:00+02:00,Solar 73,0.0
2030,sc01,04-11 15:00:00+02:00,Biomass 37,0.0
2030,sc01,04-11 15:00:00+02:00,Hydro 20,0.61845552
2030,sc01,04-11 15:00:00+02:00,Solar 01,8.4829381146
2030,sc01,04-11 15:00:00+02:00,Solar 62,0.0
2030,sc01,04-11 15:00:00+02:00,Solar 02,3.780575802
2030,sc01,04-11 15:00:00+02:00,CT NG 26,0.0
2030,sc01,04-11 15:00:00+02:00,Biomass 20,0.007020000000000001
2030,sc01,04-11 15:00:00+02:00,Wind 16,3.0201206886000005
2030,sc01,04-11 15:00:00+02:00,CT NG 66,0.0
2030,sc01,04-11 15:00:00+02:00,Solar 39,0.0
2030,sc01,04-11 15:00:00+02:00,Biomass 41,0.0
2030,sc01,04-11 15:00:00+02:00,Solar 72,0.0
2030,sc01,04-11 15:00:00+02:00,ST NG 03,0.0
2030,sc01,04-11 15:00:00+02:00,Hydro 21,0.0
2030,sc01,04-11 15:00:00+02:00,CT NG 03,0.0
2030,sc01,04-11 15:00:00+02:00,CC NG 09,0.0
2030,sc01,04-11 15:00:00+02:00,CT Oil 02,0.0
2030,sc01,04-11 15:00:00+02:00,CT NG 39,0.0
2030,sc01,04-11 15:00:00+02:00,CC NG 08,0.0
2030,sc01,04-11 15:00:00+02:00,Biomass 43,0.0
2030,sc01,04-11 15:00:00+02:00,CT NG 18,0.0
2030,sc01,04-11 15:00:00+02:00,ST NG 07,0.0
2030,sc01,04-11 15:00:00+02:00,Biomass 35,0.0
2030,sc01,04-11 15:00:00+02:00,Solar 32,0.0
2030,sc01,04-11 15:00:00+02:00,Biomass 15,0.0037800000000000004
2030,sc01,04-11 15:00:00+02:00,CC NG 31,0.0
2030,sc01,04-11 15:00:00+02:00,Solar 16,0.5947033366800001
2030,sc01,04-11 15:00:00+02:00,Solar 68,0.0
2030,sc01,04-11 15:00:00+02:00,CT NG 21,0.0
2030,sc01,04-11 15:00:00+02:00,Wind 11,0.5609259378
2030,sc01,04-11 15:00:00+02:00,CC NG 37,0.0
2030,sc01,04-11 15:00:00+02:00,CT NG 22,0.0
2030,sc01,04-11 15:00:00+02:00,Hydro 16,0.0
2030,sc01,04-11 15:00:00+02:00,Biomass 59,0.07452
2030,sc01,04-11 15:00:00+02:00,CC NG 01,0.0
2030,sc01,04-11 15:00:00+02:00,Biomass 16,0.0037800000000000004
2030,sc01,04-11 15:00:00+02:00,Solar 03,2.6034701489999996
2030,sc01,04-11 15:00:00+02:00,Solar 44,0.0
2030,sc01,04-11 15:00:00+02:00,CT NG 08,0.0
2030,sc01,04-11 15:00:00+02:00,Wind 05,0.037092695184000005
2030,sc01,04-11 15:00:00+02:00,Biomass 26,0.03078
2030,sc01,04-11 15:00:00+02:00,Solar 37,0.0
2030,sc01,04-11 15:00:00+02:00,Biomass 11,0.007020000000000001
2030,sc01,04-11 15:00:00+02:00,Solar 59,0.0
2030,sc01,04-11 15:00:00+02:00,CT NG 11,0.0
2030,sc01,04-11 15:00:00+02:00,Biomass 30,0.03078
2030,sc01,04-11 15:00:00+02:00,Hydro 23,0.0
2030,sc01,04-11 15:00:00+02:00,CC NG 24,0.0
2030,sc01,04-11 15:00:00+02:00,Solar 65,4.870482075
2030,sc01,04-11 15:00:00+02:00,CC NG 18,0.0
2030,sc01,04-11 15:00:00+02:00,CT NG 16,0.0
2030,sc01,04-11 15:00:00+02:00,Solar 51,0.0
2030,sc01,04-11 15:00:00+02:00,Wind 06,0.62408978388
2030,sc01,04-11 15:00:00+02:00,CC NG 26,0.0
2030,sc01,04-11 15:00:00+02:00,CC NG 23,0.0
2030,sc01,04-11 15:00:00+02:00,CT NG 43,0.0
2030,sc01,04-11 15:00:00+02:00,CC NG 11,0.0
2030,sc01,04-11 15:00:00+02:00,CT NG 02,0.0
2030,sc01,04-11 15:00:00+02:00,CT NG 50,0.0
2030,sc01,04-11 15:00:00+02:00,Hydro 27,0.0
2030,sc01,04-11 15:00:00+02:00,CT NG 13,0.2019653183094697
2030,sc01,04-11 15:00:00+02:00,CT NG 25,0.0
2030,sc01,04-11 15:00:00+02:00,CC NG 05,0.0
2030,sc01,04-11 15:00:00+02:00,Solar 04,0.35201898648
2030,sc01,04-11 15:00:00+02:00,Solar 30,0.57347926092
2030,sc01,04-11 15:00:00+02:00,Solar 29,0.68892996852
2030,sc01,04-11 15:00:00+02:00,Solar 53,0.0
2030,sc01,04-11 15:00:00+02:00,Solar 21,1.33569362772
2030,sc01,04-11 15:00:00+02:00,Biomass 58,0.03636
2030,sc01,04-11 15:00:00+02:00,CT NG 74,0.0
2030,sc01,04-11 15:00:00+02:00,Solar 61,0.0
2030,sc01,04-11 15:00:00+02:00,Wind 07,0.5293946498400001
2030,sc01,04-11 15:00:00+02:00,Biomass 31,0.03078
2030,sc01,04-11 15:00:00+02:00,CT Oil 05,0.0
2030,sc01,04-11 15:00:00+02:00,Biomass 38,0.0
2030,sc01,04-11 15:00:00+02:00,Solar 41,0.0
2030,sc01,04-11 15:00:00+02:00,Biomass 51,0.0
2030,sc01,04-11 15:00:00+02:00,Biomass 55,0.04788
2030,sc01,04-11 15:00:00+02:00,Wind 15,0.59089523004
2030,sc01,04-11 15:00:00+02:00,Geo 01,0.0
2030,sc01,04-11 15:00:00+02:00,Biomass 60,0.048600000000000004
2030,sc01,04-11 15:00:00+02:00,CT NG 38,0.0
2030,sc01,04-11 15:00:00+02:00,Solar 66,9.940332808800001
2030,sc01,04-11 15:00:00+02:00,Solar 49,0.0
2030,sc01,04-11 15:00:00+02:00,CT NG 51,0.0
2030,sc01,04-11 15:00:00+02:00,Biomass 18,0.0037800000000000004
2030,sc01,04-11 15:00:00+02:00,ICE NG 01,0.0
2030,sc01,04-11 15:00:00+02:00,Solar 15,0.7638710805000001
2030,sc01,04-11 15:00:00+02:00,ICE NG 05,0.0
2030,sc01,04-11 15:00:00+02:00,CT Oil 04,0.0
2030,sc01,04-11 15:00:00+02:00,CC NG 20,0.0
2030,sc01,04-11 15:00:00+02:00,Solar 20,0.7742432385000001
2030,sc01,04-11 15:00:00+02:00,Biomass 04,0.0
2030,sc01,04-11 15:00:00+02:00,Wind 02,1.39170182436
2030,sc01,04-11 15:00:00+02:00,Hydro 25,0.0
2030,sc01,04-11 15:00:00+02:00,Solar 75,4.1658077988
2030,sc01,04-11 15:00:00+02:00,Hydro 33,0.0
2030,sc01,04-11 15:00:00+02:00,ST NG 05,0.0
2030,sc01,04-11 15:00:00+02:00,CT NG 07,0.0
2030,sc01,04-11 15:00:00+02:00,Wind 01,0.33599591009999996
2030,sc01,04-11 15:00:00+02:00,Solar 56,0.0
2030,sc01,04-11 15:00:00+02:00,Biomass 09,0.01494
2030,sc01,04-11 15:00:00+02:00,Biomass 53,0.04788
2030,sc01,04-11 15:00:00+02:00,Wind 17,3.2910534144000003
2030,sc01,04-11 15:00:00+02:00,ST NG 08,0.0
2030,sc01,04-11 15:00:00+02:00,Hydro 19,0.0
2030,sc01,04-11 15:00:00+02:00,ST NG 02,0.0
2030,sc01,04-11 15:00:00+02:00,Biomass 01,0.02016
2030,sc01,04-11 15:00:00+02:00,Biomass 57,0.03636
2030,sc01,04-11 15:00:00+02:00,CT NG 49,0.0
2030,sc01,04-11 15:00:00+02:00,CT NG 31,0.0
2030,sc01,04-11 15:00:00+02:00,Solar 64,2.5569979434
2030,sc01,04-11 15:00:00+02:00,CC NG 33,0.0
2030,sc01,04-11 15:00:00+02:00,Solar 46,0.0
2030,sc01,04-11 15:00:00+02:00,Biomass 12,0.007020000000000001
2030,sc01,04-11 15:00:00+02:00,Wind 04,0.053054664624000006
2030,sc01,04-11 15:00:00+02:00,Solar 13,0.019175935824000002
2030,sc01,04-11 15:00:00+02:00,CT NG 55,0.0
2030,sc01,04-11 15:00:00+02:00,Wind N03,37.14728650362881
2030,sc01,04-11 15:00:00+02:00,CT NG 28,0.0
2030,sc01,04-11 15:00:00+02:00,Wind 09,0.58845676428
2030,sc01,04-11 15:00:00+02:00,Solar 60,0.0
2030,sc01,04-11 15:00:00+02:00,Solar 25,0.140620503168
2030,sc01,04-11 15:00:00+02:00,CT NG 23,0.0
2030,sc01,04-11 15:00:00+02:00,ST Other 01,0.0
2030,sc01,04-11 15:00:00+02:00,Solar 70,14.737471891200002
2030,sc01,04-11 15:00:00+02:00,CC NG 34,0.0
2030,sc01,04-11 15:00:00+02:00,Solar 48,0.0
2030,sc01,04-11 15:00:00+02:00,Biomass 56,0.044820000000000006
2030,sc01,04-11 15:00:00+02:00,CT NG 36,0.0
2030,sc01,04-11 15:00:00+02:00,Solar 47,0.0
2030,sc01,04-11 15:00:00+02:00,Hydro 17,0.0
2030,sc01,04-11 15:00:00+02:00,Solar 09,0.9320001969599999
2030,sc01,04-11 15:00:00+02:00,Solar 08,0.0
2030,sc01,04-11 15:00:00+02:00,CT NG 45,0.0
2030,sc01,04-11 15:00:00+02:00,ST NG 04,0.0
2030,sc01,04-11 15:00:00+02:00,Solar 40,0.0
2030,sc01,04-11 15:00:00+02:00,Biomass 47,0.0
2030,sc01,04-11 15:00:00+02:00,Solar 50,0.0
2030,sc01,04-11 15:00:00+02:00,Solar 52,0.0
2030,sc01,04-11 15:00:00+02:00,Solar 63,5.4605487924
2030,sc01,04-11 15:00:00+02:00,CC NG 06,0.0
2030,sc01,04-11 15:00:00+02:00,Biomass 39,0.0
2030,sc01,04-11 15:00:00+02:00,Solar 67,3.2841550864036986
2030,sc01,04-11 15:00:00+02:00,Solar 19,0.007252425216000001
2030,sc01,04-11 15:00:00+02:00,Wind 12,3.0518725572000003
2030,sc01,04-11 15:00:00+02:00,Solar 24,0.10488205627200001
2030,sc01,04-11 15:00:00+02:00,ICE NG 02,0.0
2030,sc01,04-11 15:00:00+02:00,Solar 05,0.0
2030,sc01,04-11 15:00:00+02:00,CT NG 54,0.0
2030,sc01,04-11 15:00:00+02:00,Wind N01,28.953662724000004
2030,sc01,04-11 15:00:00+02:00,CT NG 27,0.0
2030,sc01,04-11 15:00:00+02:00,CC NG 36,0.0
2030,sc01,04-11 15:00:00+02:00,Wind N02,30.63957624
2030,sc01,04-11 15:00:00+02:00,CT NG 52,0.0
2030,sc01,04-11 15:00:00+02:00,Solar 35,0.0
2030,sc01,04-11 15:00:00+02:00,CT NG 05,0.0
2030,sc01,04-11 15:00:00+02:00,Biomass 36,0.0
2030,sc01,04-11 15:00:00+02:00,CT NG 34,0.0
2030,sc01,04-11 15:00:00+02:00,CT Oil 03,0.0
2030,sc01,04-11 15:00:00+02:00,Hydro 35,0.0
2030,sc01,04-11 15:00:00+02:00,Solar 14,0.8492526356400001
2030,sc01,04-11 15:00:00+02:00,CT NG 75,0.0
2030,sc01,04-11 15:00:00+02:00,ST NG 09,0.0
2030,sc01,04-11 15:00:00+02:00,CT NG 56,0.0
2030,sc01,04-11 15:00:00+02:00,Biomass 22,0.007020000000000001
2030,sc01,04-11 15:00:00+02:00,Solar 18,0.8957602904399999
2030,sc01,04-11 15:00:00+02:00,Biomass 13,0.007020000000000001
2030,sc01,04-11 15:00:00+02:00,CT NG 71,0.0
2030,sc01,04-11 15:00:00+02:00,Solar 58,0.0
2030,sc01,04-11 15:00:00+02:00,Solar 06,0.56018870352
2030,sc01,04-11 15:00:00+02:00,Biomass 08,0.01494
2030,sc01,04-11 15:00:00+02:00,CT NG 72,0.0
2030,sc01,04-11 15:00:00+02:00,Hydro 18,0.0
2030,sc01,04-11 15:00:00+02:00,Solar 10,0.74577973554
2030,sc01,04-11 15:00:00+02:00,CT NG 04,0.0
2030,sc01,04-11 15:00:00+02:00,ST Other 02,0.0
2030,sc01,04-11 15:00:00+02:00,CT NG 12,0.0
2030,sc01,04-11 15:00:00+02:00,CT NG 48,0.0
2030,sc01,04-11 15:00:00+02:00,ST NG 10,0.0
2030,sc01,04-11 15:00:00+02:00,Solar 22,0.71656157196
2030,sc01,04-11 15:00:00+02:00,Solar 28,0.64123916418
2030,sc01,04-11 15:00:00+02:00,CT NG 73,0.0
2030,sc01,04-11 15:00:00+02:00,Biomass 52,0.0
2030,sc01,04-11 15:00:00+02:00,CT NG 30,0.0
2030,sc01,04-11 15:00:00+02:00,Solar 54,0.0
2030,sc01,04-11 15:00:00+02:00,Solar 31,0.0
2030,sc01,04-11 15:00:00+02:00,Biomass 03,0.0
2030,sc01,04-11 15:00:00+02:00,CT NG 32,0.0
2030,sc01,04-11 15:00:00+02:00,Biomass 27,0.03078
2030,sc01,04-11 15:00:00+02:00,CC NG 14,0.0
2030,sc01,04-11 15:00:00+02:00,CC NG 03,0.0
2030,sc01,04-11 15:00:00+02:00,CC NG 29,0.0
2030,sc01,04-11 15:00:00+02:00,CC NG 28,0.0
2030,sc01,04-11 15:00:00+02:00,CC NG 25,0.0
2030,sc01,04-11 15:00:00+02:00,CT NG 44,0.0
2030,sc01,04-11 15:00:00+02:00,CT NG 14,0.0
2030,sc01,04-11 15:00:00+02:00,CC NG 15,0.0
2030,sc01,04-11 15:00:00+02:00,CC NG 04,0.0
2030,sc01,04-11 15:00:00+02:00,Biomass 29,0.03078
2030,sc01,04-11 15:00:00+02:00,Wind 14,0.0
2030,sc01,04-11 15:00:00+02:00,Wind 08,0.6029947917
2030,sc01,04-11 15:00:00+02:00,Biomass 61,0.0
2030,sc01,04-11 15:00:00+02:00,CT NG 35,0.0
2030,sc01,04-11 15:00:00+02:00,Solar 33,0.0
2030,sc01,04-11 15:00:00+02:00,CT NG 41,0.0
2030,sc01,04-11 15:00:00+02:00,CT NG 15,0.0
2030,sc01,04-11 15:00:00+02:00,Solar 42,0.0
2030,sc01,04-11 15:00:00+02:00,Solar 07,0.0
2030,sc01,04-11 15:00:00+02:00,Solar 43,0.0
2030,sc01,04-11 15:00:00+02:00,Biomass 05,0.00864
2030,sc01,04-11 15:00:00+02:00,CT NG 29,0.0
2030,sc01,04-11 15:00:00+02:00,Solar 71,0.0
2030,sc01,04-11 15:00:00+02:00,CT NG 53,0.0
2030,sc01,04-11 15:00:00+02:00,CT NG 20,0.0
2030,sc01,04-11 15:00:00+02:00,Biomass 14,0.015479999999999999
2030,sc01,04-11 15:00:00+02:00,Solar 26,0.13022440444800001
2030,sc01,04-11 15:00:00+02:00,Hydro 29,0.0
2030,sc01,04-11 15:00:00+02:00,Hydro 31,0.0
2030,sc01,04-11 15:00:00+02:00,Biomass 24,0.00522
2030,sc01,04-11 15:00:00+02:00,Biomass 54,0.04788
2030,sc01,04-11 15:00:00+02:00,Solar 36,10.5159638862
2030,sc01,04-11 15:00:00+02:00,Wind 03,0.120778215696
2030,sc01,04-11 15:00:00+02:00,Biomass 40,0.0
2030,sc01,04-11 15:00:00+02:00,Biomass 49,0.0
2030,sc01,04-11 15:00:00+02:00,CC NG 16,0.0
2030,sc01,04-11 15:00:00+02:00,Biomass 48,0.0
2030,sc01,04-11 15:00:00+02:00,Hydro 28,0.0
2030,sc01,04-11 15:00:00+02:00,Biomass 17,0.0037800000000000004
2030,sc01,04-11 15:00:00+02:00,CT NG 33,0.0
2030,sc01,04-11 15:00:00+02:00,Solar 45,0.0
2030,sc01,04-11 15:00:00+02:00,Hydro 24,0.0
2030,sc01,04-11 15:00:00+02:00,Wind 13,1.5180856948800001
2030,sc01,04-11 15:00:00+02:00,Biomass 07,0.036000000000000004
2030,sc01,04-11 15:00:00+02:00,Biomass 34,0.0
2030,sc01,04-11 15:00:00+02:00,Biomass 33,0.0
2030,sc01,04-11 15:00:00+02:00,CT NG 01,0.44302680000000005
2030,sc01,04-11 15:00:00+02:00,ICE NG 03,0.0
2030,sc01,04-11 15:00:00+02:00,Solar 55,0.0
2030,sc01,04-11 15:00:00+02:00,Solar 11,0.14385138955200003
2030,sc01,04-11 15:00:00+02:00,CT NG 06,0.0
2030,sc01,04-11 15:00:00+02:00,CT NG 70,0.0
2030,sc01,04-11 15:00:00+02:00,Solar 23,0.021300240528000003
2030,sc01,04-11 15:00:00+02:00,CT NG 67,0.0
2030,sc01,04-11 15:00:00+02:00,Solar 12,0.11135617300799999
2030,sc01,04-11 15:00:00+02:00,CT Oil 01,0.0
2030,sc01,04-11 15:00:00+02:00,Hydro 26,0.0
2030,sc01,04-11 15:00:00+02:00,CC NG 22,0.0
2030,sc01,04-11 15:00:00+02:00,CC NG 35,0.0
2030,sc01,04-11 15:00:00+02:00,Biomass 50,0.0
2030,sc01,04-11 15:00:00+02:00,ICE NG 04,0.0
2030,sc01,04-11 15:00:00+02:00,CC NG 39,0.0
2030,sc01,04-11 15:00:00+02:00,Hydro 32,0.0
2030,sc01,04-11 15:00:00+02:00,ICE NG 07,0.0
2030,sc01,04-11 15:00:00+02:00,Biomass 46,0.0
2030,sc01,04-11 15:00:00+02:00,CC NG 38,0.0
2030,sc01,04-11 15:00:00+02:00,CC NG 12,0.0
2030,sc01,04-11 15:00:00+02:00,Solar 57,0.0
2030,sc01,04-11 15:00:00+02:00,CC NG 32,0.0
2030,sc01,04-11 15:00:00+02:00,CC NG 07,0.0
2030,sc01,04-11 15:00:00+02:00,Biomass 44,0.0
2030,sc01,04-11 15:00:00+02:00,CT NG 40,0.0
2030,sc01,04-11 15:00:00+02:00,Solar 74,3.6
2030,sc01,04-11 15:00:00+02:00,Hydro 30,0.0
2030,sc01,04-11 15:00:00+02:00,CT NG 42,0.0
2030,sc01,04-11 15:00:00+02:00,Hydro 22,0.0
2030,sc01,04-11 15:00:00+02:00,Solar 17,0.21841395804
2030,sc01,04-11 15:00:00+02:00,Solar 38,0.0
2030,sc01,04-11 15:00:00+02:00,CT NG 24,0.0
2030,sc01,04-11 15:00:00+02:00,CC NG 27,0.0
2030,sc01,04-11 15:00:00+02:00,Biomass 21,0.007020000000000001
2030,sc01,04-11 15:00:00+02:00,ICE NG 06,0.0
2030,sc01,04-11 15:00:00+02:00,Biomass 25,0.00522
2030,sc01,04-11 15:00:00+02:00,Solar 27,0.10194771283199999
2030,sc01,04-11 15:00:00+02:00,CT NG 19,0.0
2030,sc01,04-11 15:00:00+02:00,Biomass 42,0.0
2030,sc01,04-11 15:00:00+02:00,Biomass 19,0.007020000000000001
2030,sc01,04-11 15:00:00+02:00,Biomass 06,0.00864
2030,sc01,04-11 15:00:00+02:00,CT NG 10,0.0
2030,sc01,04-11 15:00:00+02:00,CC NG 40,0.0
2030,sc01,04-11 15:00:00+02:00,CC NG 21,0.0
2030,sc01,04-11 15:00:00+02:00,Biomass 02,0.02016
2030,sc01,04-11 15:00:00+02:00,CT NG 46,0.0
2030,sc01,04-11 15:00:00+02:00,Hydro 34,0.0
2030,sc01,04-11 15:00:00+02:00,Biomass 10,0.01494
2030,sc01,04-11 15:00:00+02:00,CT NG 17,0.0
2030,sc01,04-11 15:00:00+02:00,Biomass 62,0.0315
2030,sc01,04-11 15:00:00+02:00,Biomass 32,0.022860000000000002
2030,sc01,04-11 15:00:00+02:00,CC NG 19,0.0
2030,sc01,04-11 15:00:00+02:00,CC NG 17,0.0
2030,sc01,04-11 15:00:00+02:00,ST NG 01,0.0
2030,sc01,04-11 15:00:00+02:00,Biomass 45,0.0
2030,sc01,04-11 15:00:00+02:00,Biomass 28,0.03078
2030,sc01,04-11 15:00:00+02:00,CC NG 10,0.0
2030,sc01,04-11 15:00:00+02:00,Biomass 23,0.00522
2030,sc01,04-11 15:00:00+02:00,ST NG 06,0.0
2030,sc01,04-11 15:00:00+02:00,Wind 10,0.56828436984
2030,sc01,04-11 15:00:00+02:00,CT NG 69,0.0
2030,sc01,04-11 15:00:00+02:00,CT NG 68,0.0
2030,sc01,04-11 20:00:00+02:00,CC NG 13,0.0
2030,sc01,04-11 20:00:00+02:00,CT NG 37,0.0
2030,sc01,04-11 20:00:00+02:00,ST Coal 01,0.0
2030,sc01,04-11 20:00:00+02:00,CT NG 09,0.0
2030,sc01,04-11 20:00:00+02:00,CT NG 47,0.0
2030,sc01,04-11 20:00:00+02:00,Solar 69,0.0
2030,sc01,04-11 20:00:00+02:00,Solar 34,0.0
2030,sc01,04-11 20:00:00+02:00,Solar 73,0.0
2030,sc01,04-11 20:00:00+02:00,Biomass 37,0.02394
2030,sc01,04-11 20:00:00+02:00,Hydro 20,0.0
2030,sc01,04-11 20:00:00+02:00,Solar 01,0.0
2030,sc01,04-11 20:00:00+02:00,Solar 62,0.0
2030,sc01,04-11 20:00:00+02:00,Solar 02,0.0
2030,sc01,04-11 20:00:00+02:00,CT NG 26,0.0
2030,sc01,04-11 20:00:00+02:00,Biomass 20,0.010920000000000001
2030,sc01,04-11 20:00:00+02:00,Wind 16,13.8382018404
2030,sc01,04-11 20:00:00+02:00,CT NG 66,0.0
2030,sc01,04-11 20:00:00+02:00,Solar 39,0.0
2030,sc01,04-11 20:00:00+02:00,Biomass 41,0.040319999999999995
2030,sc01,04-11 20:00:00+02:00,Solar 72,0.0
2030,sc01,04-11 20:00:00+02:00,ST NG 03,0.0
2030,sc01,04-11 20:00:00+02:00,Hydro 21,0.9805118399999999
2030,sc01,04-11 20:00:00+02:00,CT NG 03,0.0
2030,sc01,04-11 20:00:00+02:00,CC NG 09,0.0
2030,sc01,04-11 20:00:00+02:00,CT Oil 02,0.0
2030,sc01,04-11 20:00:00+02:00,CT NG 39,0.0
2030,sc01,04-11 20:00:00+02:00,CC NG 08,0.0
2030,sc01,04-11 20:00:00+02:00,Biomass 43,0.0784
2030,sc01,04-11 20:00:00+02:00,CT NG 18,0.10581479999999997
2030,sc01,04-11 20:00:00+02:00,ST NG 07,0.0
2030,sc01,04-11 20:00:00+02:00,Biomass 35,0.04032
2030,sc01,04-11 20:00:00+02:00,Solar 32,0.0
2030,sc01,04-11 20:00:00+02:00,Biomass 15,0.00588
2030,sc01,04-11 20:00:00+02:00,CC NG 31,0.0
2030,sc01,04-11 20:00:00+02:00,Solar 16,0.0
2030,sc01,04-11 20:00:00+02:00,Solar 68,0.0
2030,sc01,04-11 20:00:00+02:00,CT NG 21,0.0
2030,sc01,04-11 20:00:00+02:00,Wind 11,1.7048080554400002
2030,sc01,04-11 20:00:00+02:00,CC NG 37,0.0
2030,sc01,04-11 20:00:00+02:00,CT NG 22,0.0
2030,sc01,04-11 20:00:00+02:00,Hydro 16,0.0
2030,sc01,04-11 20:00:00+02:00,Biomass 59,0.11592000000000001
2030,sc01,04-11 20:00:00+02:00,CC NG 01,0.0
2030,sc01,04-11 20:00:00+02:00,Biomass 16,0.00588
2030,sc01,04-11 20:00:00+02:00,Solar 03,0.0
2030,sc01,04-11 20:00:00+02:00,Solar 44,0.0
2030,sc01,04-11 20:00:00+02:00,CT NG 08,0.0
2030,sc01,04-11 20:00:00+02:00,Wind 05,0.094012964416
2030,sc01,04-11 20:00:00+02:00,Biomass 26,0.04788
2030,sc01,04-11 20:00:00+02:00,Solar 37,0.0
2030,sc01,04-11 20:00:00+02:00,Biomass 11,0.010920000000000001
2030,sc01,04-11 20:00:00+02:00,Solar 59,0.0
2030,sc01,04-11 20:00:00+02:00,CT NG 11,0.0
2030,sc01,04-11 20:00:00+02:00,Biomass 30,0.04788
2030,sc01,04-11 20:00:00+02:00,Hydro 23,0.0
2030,sc01,04-11 20:00:00+02:00,CC NG 24,0.0
2030,sc01,04-11 20:00:00+02:00,Solar 65,0.0
2030,sc01,04-11 20:00:00+02:00,CC NG 18,0.0
2030,sc01,04-11 20:00:00+02:00,CT NG 16,0.0
2030,sc01,04-11 20:00:00+02:00,Solar 51,0.0
2030,sc01,04-11 20:00:00+02:00,Wind 06,1.68169051624
2030,sc01,04-11 20:00:00+02:00,CC NG 26,0.0
2030,sc01,04-11 20:00:00+02:00,CC NG 23,0.0
2030,sc01,04-11 20:00:00+02:00,CT NG 43,0.0
2030,sc01,04-11 20:00:00+02:00,CC NG 11,0.0
2030,sc01,04-11 20:00:00+02:00,CT NG 02,0.0
2030,sc01,04-11 20:00:00+02:00,CT NG 50,0.0
2030,sc01,04-11 20:00:00+02:00,Hydro 27,0.2193828
2030,sc01,04-11 20:00:00+02:00,CT NG 13,0.0
2030,sc01,04-11 20:00:00+02:00,CT NG 25,0.0
2030,sc01,04-11 20:00:00+02:00,CC NG 05,0.0
2030,sc01,04-11 20:00:00+02:00,Solar 04,0.0
2030,sc01,04-11 20:00:00+02:00,Solar 30,0.0
2030,sc01,04-11 20:00:00+02:00,Solar 29,0.0
2030,sc01,04-11 20:00:00+02:00,Solar 53,0.0
2030,sc01,04-11 20:00:00+02:00,Solar 21,0.0
2030,sc01,04-11 20:00:00+02:00,Biomass 58,0.05656
2030,sc01,04-11 20:00:00+02:00,CT NG 74,0.0
2030,sc01,04-11 20:00:00+02:00,Solar 61,0.0
2030,sc01,04-11 20:00:00+02:00,Wind 07,1.57812853996
2030,sc01,04-11 20:00:00+02:00,Biomass 31,0.04788
2030,sc01,04-11 20:00:00+02:00,CT Oil 05,0.0
2030,sc01,04-11 20:00:00+02:00,Biomass 38,0.02394
2030,sc01,04-11 20:00:00+02:00,Solar 41,0.0
2030,sc01,04-11 20:00:00+02:00,Biomass 51,0.0056
2030,sc01,04-11 20:00:00+02:00,Biomass 55,0.07448
2030,sc01,04-11 20:00:00+02:00,Wind 15,1.5661395428
2030,sc01,04-11 20:00:00+02:00,Geo 01,0.0
2030,sc01,04-11 20:00:00+02:00,Biomass 60,0.0756
2030,sc01,04-11 20:00:00+02:00,CT NG 38,0.0
2030,sc01,04-11 20:00:00+02:00,Solar 66,0.0
2030,sc01,04-11 20:00:00+02:00,Solar 49,0.0
2030,sc01,04-11 20:00:00+02:00,CT NG 51,0.0
2030,sc01,04-11 20:00:00+02:00,Biomass 18,0.00588
2030,sc01,04-11 20:00:00+02:00,ICE NG 01,0.0
2030,sc01,04-11 20:00:00+02:00,Solar 15,0.0
2030,sc01,04-11 20:00:00+02:00,ICE NG 05,0.0
2030,sc01,04-11 20:00:00+02:00,CT Oil 04,0.0
2030,sc01,04-11 20:00:00+02:00,CC NG 20,0.0
2030,sc01,04-11 20:00:00+02:00,Solar 20,0.0
2030,sc01,04-11 20:00:00+02:00,Biomass 04,0.007280000000000001
2030,sc01,04-11 20:00:00+02:00,Wind 02,4.145357316799999
2030,sc01,04-11 20:00:00+02:00,Hydro 25,0.0
2030,sc01,04-11 20:00:00+02:00,Solar 75,0.0
2030,sc01,04-11 20:00:00+02:00,Hydro 33,0.0
2030,sc01,04-11 20:00:00+02:00,ST NG 05,0.0
2030,sc01,04-11 20:00:00+02:00,CT NG 07,0.0
2030,sc01,04-11 20:00:00+02:00,Wind 01,0.98271415564
2030,sc01,04-11 20:00:00+02:00,Solar 56,0.0
2030,sc01,04-11 20:00:00+02:00,Biomass 09,0.02324
2030,sc01,04-11 20:00:00+02:00,Biomass 53,0.07448
2030,sc01,04-11 20:00:00+02:00,Wind 17,5.6177165632
2030,sc01,04-11 20:00:00+02:00,ST NG 08,0.0
2030,sc01,04-11 20:00:00+02:00,Hydro 19,0.0
2030,sc01,04-11 20:00:00+02:00,ST NG 02,0.0
2030,sc01,04-11 20:00:00+02:00,Biomass 01,0.031360000000000006
2030,sc01,04-11 20:00:00+02:00,Biomass 57,0.05656
2030,sc01,04-11 20:00:00+02:00,CT NG 49,0.0
2030,sc01,04-11 20:00:00+02:00,CT NG 31,0.0
2030,sc01,04-11 20:00:00+02:00,Solar 64,0.0
2030,sc01,04-11 20:00:00+02:00,CC NG 33,0.0
2030,sc01,04-11 20:00:00+02:00,Solar 46,0.0
2030,sc01,04-11 20:00:00+02:00,Biomass 12,0.010920000000000001
2030,sc01,04-11 20:00:00+02:00,Wind 04,0.012729034528
2030,sc01,04-11 20:00:00+02:00,Solar 13,0.0
2030,sc01,04-11 20:00:00+02:00,CT NG 55,0.0
2030,sc01,04-11 20:00:00+02:00,Wind N03,105.98011309494723
2030,sc01,04-11 20:00:00+02:00,CT NG 28,0.0
2030,sc01,04-11 20:00:00+02:00,Wind 09,1.5708777588
2030,sc01,04-11 20:00:00+02:00,Solar 60,0.0
2030,sc01,04-11 20:00:00+02:00,Solar 25,0.0
2030,sc01,04-11 20:00:00+02:00,CT NG 23,0.0
2030,sc01,04-11 20:00:00+02:00,ST Other 01,0.0
2030,sc01,04-11 20:00:00+02:00,Solar 70,0.0
2030,sc01,04-11 20:00:00+02:00,CC NG 34,0.0
2030,sc01,04-11 20:00:00+02:00,Solar 48,0.0
2030,sc01,04-11 20:00:00+02:00,Biomass 56,0.06972000000000002
2030,sc01,04-11 20:00:00+02:00,CT NG 36,0.0
2030,sc01,04-11 20:00:00+02:00,Solar 47,0.0
2030,sc01,04-11 20:00:00+02:00,Hydro 17,0.00759402
2030,sc01,04-11 20:00:00+02:00,Solar 09,0.0
2030,sc01,04-11 20:00:00+02:00,Solar 08,0.0
2030,sc01,04-11 20:00:00+02:00,CT NG 45,0.0
2030,sc01,04-11 20:00:00+02:00,ST NG 04,1.4181234570191803
2030,sc01,04-11 20:00:00+02:00,Solar 40,0.0
2030,sc01,04-11 20:00:00+02:00,Biomass 47,0.07028
2030,sc01,04-11 20:00:00+02:00,Solar 50,0.0
2030,sc01,04-11 20:00:00+02:00,Solar 52,0.0
2030,sc01,04-11 20:00:00+02:00,Solar 63,0.0
2030,sc01,04-11 20:00:00+02:00,CC NG 06,0.0
2030,sc01,04-11 20:00:00+02:00,Biomass 39,0.02394
2030,sc01,04-11 20:00:00+02:00,Solar 67,0.0
2030,sc01,04-11 20:00:00+02:00,Solar 19,0.0
2030,sc01,04-11 20:00:00+02:00,Wind 12,7.1302634199999995
2030,sc01,04-11 20:00:00+02:00,Solar 24,0.0
2030,sc01,04-11 20:00:00+02:00,ICE NG 02,0.0
2030,sc01,04-11 20:00:00+02:00,Solar 05,0.0
2030,sc01,04-11 20:00:00+02:00,CT NG 54,0.0
2030,sc01,04-11 20:00:00+02:00,Wind N01,67.64608885999999
2030,sc01,04-11 20:00:00+02:00,CT NG 27,0.0
2030,sc01,04-11 20:00:00+02:00,CC NG 36,0.0
2030,sc01,04-11 20:00:00+02:00,Wind N02,52.75013569647478
2030,sc01,04-11 20:00:00+02:00,CT NG 52,0.0
2030,sc01,04-11 20:00:00+02:00,Solar 35,0.0
2030,sc01,04-11 20:00:00+02:00,CT NG 05,0.0
2030,sc01,04-11 20:00:00+02:00,Biomass 36,0.04032
2030,sc01,04-11 20:00:00+02:00,CT NG 34,0.0
2030,sc01,04-11 20:00:00+02:00,CT Oil 03,0.0
2030,sc01,04-11 20:00:00+02:00,Hydro 35,0.0
2030,sc01,04-11 20:00:00+02:00,Solar 14,0.0
2030,sc01,04-11 20:00:00+02:00,CT NG 75,0.0
2030,sc01,04-11 20:00:00+02:00,ST NG 09,0.0
2030,sc01,04-11 20:00:00+02:00,CT NG 56,0.0
2030,sc01,04-11 20:00:00+02:00,Biomass 22,0.010920000000000001
2030,sc01,04-11 20:00:00+02:00,Solar 18,0.0
2030,sc01,04-11 20:00:00+02:00,Biomass 13,0.010920000000000001
2030,sc01,04-11 20:00:00+02:00,CT NG 71,0.0
2030,sc01,04-11 20:00:00+02:00,Solar 58,0.0
2030,sc01,04-11 20:00:00+02:00,Solar 06,0.0
2030,sc01,04-11 20:00:00+02:00,Biomass 08,0.02324
2030,sc01,04-11 20:00:00+02:00,CT NG 72,0.0
2030,sc01,04-11 20:00:00+02:00,Hydro 18,0.026157180000000002
2030,sc01,04-11 20:00:00+02:00,Solar 10,0.0
2030,sc01,04-11 20:00:00+02:00,CT NG 04,0.0
2030,sc01,04-11 20:00:00+02:00,ST Other 02,0.0
2030,sc01,04-11 20:00:00+02:00,CT NG 12,0.0
2030,sc01,04-11 20:00:00+02:00,CT NG 48,0.0
2030,sc01,04-11 20:00:00+02:00,ST NG 10,0.0
2030,sc01,04-11 20:00:00+02:00,Solar 22,0.0
2030,sc01,04-11 20:00:00+02:00,Solar 28,0.0
2030,sc01,04-11 20:00:00+02:00,CT NG 73,0.0
2030,sc01,04-11 20:00:00+02:00,Biomass 52,0.04564
2030,sc01,04-11 20:00:00+02:00,CT NG 30,0.0
2030,sc01,04-11 20:00:00+02:00,Solar 54,0.0
2030,sc01,04-11 20:00:00+02:00,Solar 31,0.0
2030,sc01,04-11 20:00:00+02:00,Biomass 03,0.007280000000000001
2030,sc01,04-11 20:00:00+02:00,CT NG 32,0.0
2030,sc01,04-11 20:00:00+02:00,Biomass 27,0.04788
2030,sc01,04-11 20:00:00+02:00,CC NG 14,0.0
2030,sc01,04-11 20:00:00+02:00,CC NG 03,0.0
2030,sc01,04-11 20:00:00+02:00,CC NG 29,0.0
2030,sc01,04-11 20:00:00+02:00,CC NG 28,0.0
2030,sc01,04-11 20:00:00+02:00,CC NG 25,0.0
2030,sc01,04-11 20:00:00+02:00,CT NG 44,0.0
2030,sc01,04-11 20:00:00+02:00,CT NG 14,0.0
2030,sc01,04-11 20:00:00+02:00,CC NG 15,0.0
2030,sc01,04-11 20:00:00+02:00,CC NG 04,0.0
2030,sc01,04-11 20:00:00+02:00,Biomass 29,0.04788
2030,sc01,04-11 20:00:00+02:00,Wind 14,22.575692182399997
2030,sc01,04-11 20:00:00+02:00,Wind 08,1.5288791602000003
2030,sc01,04-11 20:00:00+02:00,Biomass 61,0.01064
2030,sc01,04-11 20:00:00+02:00,CT NG 35,0.0
2030,sc01,04-11 20:00:00+02:00,Solar 33,0.0
2030,sc01,04-11 20:00:00+02:00,CT NG 41,0.0
2030,sc01,04-11 20:00:00+02:00,CT NG 15,0.0
2030,sc01,04-11 20:00:00+02:00,Solar 42,0.0
2030,sc01,04-11 20:00:00+02:00,Solar 07,0.0
2030,sc01,04-11 20:00:00+02:00,Solar 43,0.0
2030,sc01,04-11 20:00:00+02:00,Biomass 05,0.01344
2030,sc01,04-11 20:00:00+02:00,CT NG 29,0.0
2030,sc01,04-11 20:00:00+02:00,Solar 71,0.0
2030,sc01,04-11 20:00:00+02:00,CT NG 53,0.0
2030,sc01,04-11 20:00:00+02:00,CT NG 20,0.0
2030,sc01,04-11 20:00:00+02:00,Biomass 14,0.02408
2030,sc01,04-11 20:00:00+02:00,Solar 26,0.0
2030,sc01,04-11 20:00:00+02:00,Hydro 29,1.71276
2030,sc01,04-11 20:00:00+02:00,Hydro 31,0.0
2030,sc01,04-11 20:00:00+02:00,Biomass 24,0.00812
2030,sc01,04-11 20:00:00+02:00,Biomass 54,0.07448
2030,sc01,04-11 20:00:00+02:00,Solar 36,0.0
2030,sc01,04-11 20:00:00+02:00,Wind 03,0.033244266272
2030,sc01,04-11 20:00:00+02:00,Biomass 40,0.02394
2030,sc01,04-11 20:00:00+02:00,Biomass 49,0.008960000000000001
2030,sc01,04-11 20:00:00+02:00,CC NG 16,9.606715209486929
2030,sc01,04-11 20:00:00+02:00,Biomass 48,0.07028
2030,sc01,04-11 20:00:00+02:00,Hydro 28,1.71276
2030,sc01,04-11 20:00:00+02:00,Biomass 17,0.00588
2030,sc01,04-11 20:00:00+02:00,CT NG 33,0.0
2030,sc01,04-11 20:00:00+02:00,Solar 45,0.0
2030,sc01,04-11 20:00:00+02:00,Hydro 24,0.0
2030,sc01,04-11 20:00:00+02:00,Wind 13,3.8410388044000006
2030,sc01,04-11 20:00:00+02:00,Biomass 07,0.056
2030,sc01,04-11 20:00:00+02:00,Biomass 34,0.04032
2030,sc01,04-11 20:00:00+02:00,Biomass 33,0.04032
2030,sc01,04-11 20:00:00+02:00,CT NG 01,0.0
2030,sc01,04-11 20:00:00+02:00,ICE NG 03,0.0
2030,sc01,04-11 20:00:00+02:00,Solar 55,0.0
2030,sc01,04-11 20:00:00+02:00,Solar 11,0.0
2030,sc01,04-11 20:00:00+02:00,CT NG 06,0.0
2030,sc01,04-11 20:00:00+02:00,CT NG 70,0.0
2030,sc01,04-11 20:00:00+02:00,Solar 23,0.0
2030,sc01,04-11 20:00:00+02:00,CT NG 67,0.0
2030,sc01,04-11 20:00:00+02:00,Solar 12,0.0
2030,sc01,04-11 20:00:00+02:00,CT Oil 01,0.0
2030,sc01,04-11 20:00:00+02:00,Hydro 26,0.0
2030,sc01,04-11 20:00:00+02:00,CC NG 22,0.0
2030,sc01,04-11 20:00:00+02:00,CC NG 35,0.0
2030,sc01,04-11 20:00:00+02:00,Biomass 50,0.0056
2030,sc01,04-11 20:00:00+02:00,ICE NG 04,0.0
2030,sc01,04-11 20:00:00+02:00,CC NG 39,0.0
2030,sc01,04-11 20:00:00+02:00,Hydro 32,0.0
2030,sc01,04-11 20:00:00+02:00,ICE NG 07,0.0
2030,sc01,04-11 20:00:00+02:00,Biomass 46,0.01876
2030,sc01,04-11 20:00:00+02:00,CC NG 38,0.0
2030,sc01,04-11 20:00:00+02:00,CC NG 12,0.0
2030,sc01,04-11 20:00:00+02:00,Solar 57,0.0
2030,sc01,04-11 20:00:00+02:00,CC NG 32,0.0
2030,sc01,04-11 20:00:00+02:00,CC NG 07,0.0
2030,sc01,04-11 20:00:00+02:00,Biomass 44,0.035840000000000004
2030,sc01,04-11 20:00:00+02:00,CT NG 40,0.0
2030,sc01,04-11 20:00:00+02:00,Solar 74,0.0
2030,sc01,04-11 20:00:00+02:00,Hydro 30,0.0
2030,sc01,04-11 20:00:00+02:00,CT NG 42,0.0
2030,sc01,04-11 20:00:00+02:00,Hydro 22,0.9805118399999999
2030,sc01,04-11 20:00:00+02:00,Solar 17,0.0
2030,sc01,04-11 20:00:00+02:00,Solar 38,0.0
2030,sc01,04-11 20:00:00+02:00,CT NG 24,0.0
2030,sc01,04-11 20:00:00+02:00,CC NG 27,0.0
2030,sc01,04-11 20:00:00+02:00,Biomass 21,0.010920000000000001
2030,sc01,04-11 20:00:00+02:00,ICE NG 06,0.0
2030,sc01,04-11 20:00:00+02:00,Biomass 25,0.00812
2030,sc01,04-11 20:00:00+02:00,Solar 27,0.0
2030,sc01,04-11 20:00:00+02:00,CT NG 19,0.0
2030,sc01,04-11 20:00:00+02:00,Biomass 42,0.040319999999999995
2030,sc01,04-11 20:00:00+02:00,Biomass 19,0.010920000000000001
2030,sc01,04-11 20:00:00+02:00,Biomass 06,0.01344
2030,sc01,04-11 20:00:00+02:00,CT NG 10,0.0
2030,sc01,04-11 20:00:00+02:00,CC NG 40,0.0
2030,sc01,04-11 20:00:00+02:00,CC NG 21,0.0
2030,sc01,04-11 20:00:00+02:00,Biomass 02,0.031360000000000006
2030,sc01,04-11 20:00:00+02:00,CT NG 46,0.0
2030,sc01,04-11 20:00:00+02:00,Hydro 34,0.0
2030,sc01,04-11 20:00:00+02:00,Biomass 10,0.02324
2030,sc01,04-11 20:00:00+02:00,CT NG 17,0.0
2030,sc01,04-11 20:00:00+02:00,Biomass 62,0.049
2030,sc01,04-11 20:00:00+02:00,Biomass 32,0.03556
2030,sc01,04-11 20:00:00+02:00,CC NG 19,3.79064
2030,sc01,04-11 20:00:00+02:00,CC NG 17,0.0
2030,sc01,04-11 20:00:00+02:00,ST NG 01,0.0
2030,sc01,04-11 20:00:00+02:00,Biomass 45,0.035840000000000004
2030,sc01,04-11 20:00:00+02:00,Biomass 28,0.04788
2030,sc01,04-11 20:00:00+02:00,CC NG 10,0.0
2030,sc01,04-11 20:00:00+02:00,Biomass 23,0.00812
2030,sc01,04-11 20:00:00+02:00,ST NG 06,0.0
2030,sc01,04-11 20:00:00+02:00,Wind 10,1.4893893154
2030,sc01,04-11 20:00:00+02:00,CT NG 69,0.0
2030,sc01,04-11 20:00:00+02:00,CT NG 68,0.0
2030,sc01,04-12 00:00:00+02:00,CC NG 13,0.0
2030,sc01,04-12 00:00:00+02:00,CT NG 37,0.0
2030,sc01,04-12 00:00:00+02:00,ST Coal 01,0.0
2030,sc01,04-12 00:00:00+02:00,CT NG 09,0.0
2030,sc01,04-12 00:00:00+02:00,CT NG 47,0.0
2030,sc01,04-12 00:00:00+02:00,Solar 69,0.0
2030,sc01,04-12 00:00:00+02:00,Solar 34,0.0
2030,sc01,04-12 00:00:00+02:00,Solar 73,0.0
2030,sc01,04-12 00:00:00+02:00,Biomass 37,0.0
2030,sc01,04-12 00:00:00+02:00,Hydro 20,0.0
2030,sc01,04-12 00:00:00+02:00,Solar 01,0.0
2030,sc01,04-12 00:00:00+02:00,Solar 62,0.0
2030,sc01,04-12 00:00:00+02:00,Solar 02,0.0
2030,sc01,04-12 00:00:00+02:00,CT NG 26,0.0
2030,sc01,04-12 00:00:00+02:00,Biomass 20,0.0
2030,sc01,04-12 00:00:00+02:00,Wind 16,21.020427426
2030,sc01,04-12 00:00:00+02:00,CT NG 66,0.0
2030,sc01,04-12 00:00:00+02:00,Solar 39,0.0
2030,sc01,04-12 00:00:00+02:00,Biomass 41,0.0
2030,sc01,04-12 00:00:00+02:00,Solar 72,0.0
2030,sc01,04-12 00:00:00+02:00,ST NG 03,0.0
2030,sc01,04-12 00:00:00+02:00,Hydro 21,0.5368896
2030,sc01,04-12 00:00:00+02:00,CT NG 03,0.0
2030,sc01,04-12 00:00:00+02:00,CC NG 09,0.0
2030,sc01,04-12 00:00:00+02:00,CT Oil 02,0.0
2030,sc01,04-12 00:00:00+02:00,CT NG 39,0.0
2030,sc01,04-12 00:00:00+02:00,CC NG 08,0.0
2030,sc01,04-12 00:00:00+02:00,Biomass 43,0.0
2030,sc01,04-12 00:00:00+02:00,CT NG 18,0.0
2030,sc01,04-12 00:00:00+02:00,ST NG 07,0.0
2030,sc01,04-12 00:00:00+02:00,Biomass 35,0.0
2030,sc01,04-12 00:00:00+02:00,Solar 32,0.0
2030,sc01,04-12 00:00:00+02:00,Biomass 15,0.0
2030,sc01,04-12 00:00:00+02:00,CC NG 31,0.0
2030,sc01,04-12 00:00:00+02:00,Solar 16,0.0
2030,sc01,04-12 00:00:00+02:00,Solar 68,0.0
2030,sc01,04-12 00:00:00+02:00,CT NG 21,0.0
2030,sc01,04-12 00:00:00+02:00,Wind 11,1.9512425808000002
2030,sc01,04-12 00:00:00+02:00,CC NG 37,0.0
2030,sc01,04-12 00:00:00+02:00,CT NG 22,0.0
2030,sc01,04-12 00:00:00+02:00,Hydro 16,0.0
2030,sc01,04-12 00:00:00+02:00,Biomass 59,0.0
2030,sc01,04-12 00:00:00+02:00,CC NG 01,0.0
2030,sc01,04-12 00:00:00+02:00,Biomass 16,0.0
2030,sc01,04-12 00:00:00+02:00,Solar 03,0.0
2030,sc01,04-12 00:00:00+02:00,Solar 44,0.0
2030,sc01,04-12 00:00:00+02:00,CT NG 08,0.0
2030,sc01,04-12 00:00:00+02:00,Wind 05,0.0
2030,sc01,04-12 00:00:00+02:00,Biomass 26,0.0
2030,sc01,04-12 00:00:00+02:00,Solar 37,0.0
2030,sc01,04-12 00:00:00+02:00,Biomass 11,0.0
2030,sc01,04-12 00:00:00+02:00,Solar 59,0.0
2030,sc01,04-12 00:00:00+02:00,CT NG 11,0.0
2030,sc01,04-12 00:00:00+02:00,Biomass 30,0.0
2030,sc01,04-12 00:00:00+02:00,Hydro 23,0.0
2030,sc01,04-12 00:00:00+02:00,CC NG 24,0.0
2030,sc01,04-12 00:00:00+02:00,Solar 65,0.0
2030,sc01,04-12 00:00:00+02:00,CC NG 18,0.0
2030,sc01,04-12 00:00:00+02:00,CT NG 16,0.0
2030,sc01,04-12 00:00:00+02:00,Solar 51,0.0
2030,sc01,04-12 00:00:00+02:00,Wind 06,1.7701907766
2030,sc01,04-12 00:00:00+02:00,CC NG 26,0.0
2030,sc01,04-12 00:00:00+02:00,CC NG 23,0.0
2030,sc01,04-12 00:00:00+02:00,CT NG 43,0.0
2030,sc01,04-12 00:00:00+02:00,CC NG 11,0.0
2030,sc01,04-12 00:00:00+02:00,CT NG 02,0.0
2030,sc01,04-12 00:00:00+02:00,CT NG 50,0.0
2030,sc01,04-12 00:00:00+02:00,Hydro 27,0.0
2030,sc01,04-12 00:00:00+02:00,CT NG 13,0.0
2030,sc01,04-12 00:00:00+02:00,CT NG 25,0.0
2030,sc01,04-12 00:00:00+02:00,CC NG 05,0.0
2030,sc01,04-12 00:00:00+02:00,Solar 04,0.0
2030,sc01,04-12 00:00:00+02:00,Solar 30,0.0
2030,sc01,04-12 00:00:00+02:00,Solar 29,0.0
2030,sc01,04-12 00:00:00+02:00,Solar 53,0.0
2030,sc01,04-12 00:00:00+02:00,Solar 21,0.0
2030,sc01,04-12 00:00:00+02:00,Biomass 58,0.0
2030,sc01,04-12 00:00:00+02:00,CT NG 74,0.0
2030,sc01,04-12 00:00:00+02:00,Solar 61,0.0
2030,sc01,04-12 00:00:00+02:00,Wind 07,1.7908434834
2030,sc01,04-12 00:00:00+02:00,Biomass 31,0.0
2030,sc01,04-12 00:00:00+02:00,CT Oil 05,0.0
2030,sc01,04-12 00:00:00+02:00,Biomass 38,0.0
2030,sc01,04-12 00:00:00+02:00,Solar 41,0.0
2030,sc01,04-12 00:00:00+02:00,Biomass 51,0.0
2030,sc01,04-12 00:00:00+02:00,Biomass 55,0.0
2030,sc01,04-12 00:00:00+02:00,Wind 15,3.0369005520000005
2030,sc01,04-12 00:00:00+02:00,Geo 01,0.0
2030,sc01,04-12 00:00:00+02:00,Biomass 60,0.0
2030,sc01,04-12 00:00:00+02:00,CT NG 38,0.0
2030,sc01,04-12 00:00:00+02:00,Solar 66,0.0
2030,sc01,04-12 00:00:00+02:00,Solar 49,0.0
2030,sc01,04-12 00:00:00+02:00,CT NG 51,0.0
2030,sc01,04-12 00:00:00+02:00,Biomass 18,0.0
2030,sc01,04-12 00:00:00+02:00,ICE NG 01,0.0
2030,sc01,04-12 00:00:00+02:00,Solar 15,0.0
2030,sc01,04-12 00:00:00+02:00,ICE NG 05,0.0
2030,sc01,04-12 00:00:00+02:00,CT Oil 04,0.0
2030,sc01,04-12 00:00:00+02:00,CC NG 20,0.0
2030,sc01,04-12 00:00:00+02:00,Solar 20,0.0
2030,sc01,04-12 00:00:00+02:00,Biomass 04,0.0
2030,sc01,04-12 00:00:00+02:00,Wind 02,0.0
2030,sc01,04-12 00:00:00+02:00,Hydro 25,0.233883
2030,sc01,04-12 00:00:00+02:00,Solar 75,0.0
2030,sc01,04-12 00:00:00+02:00,Hydro 33,0.0
2030,sc01,04-12 00:00:00+02:00,ST NG 05,0.0
2030,sc01,04-12 00:00:00+02:00,CT NG 07,0.0
2030,sc01,04-12 00:00:00+02:00,Wind 01,0.0
2030,sc01,04-12 00:00:00+02:00,Solar 56,0.0
2030,sc01,04-12 00:00:00+02:00,Biomass 09,0.0
2030,sc01,04-12 00:00:00+02:00,Biomass 53,0.0
2030,sc01,04-12 00:00:00+02:00,Wind 17,7.008537195
2030,sc01,04-12 00:00:00+02:00,ST NG 08,0.0
2030,sc01,04-12 00:00:00+02:00,Hydro 19,0.0
2030,sc01,04-12 00:00:00+02:00,ST NG 02,0.0
2030,sc01,04-12 00:00:00+02:00,Biomass 01,0.0
2030,sc01,04-12 00:00:00+02:00,Biomass 57,0.0
2030,sc01,04-12 00:00:00+02:00,CT NG 49,0.0
2030,sc01,04-12 00:00:00+02:00,CT NG 31,0.0
2030,sc01,04-12 00:00:00+02:00,Solar 64,0.0
2030,sc01,04-12 00:00:00+02:00,CC NG 33,0.0
2030,sc01,04-12 00:00:00+02:00,Solar 46,0.0
2030,sc01,04-12 00:00:00+02:00,Biomass 12,0.0
2030,sc01,04-12 00:00:00+02:00,Wind 04,0.0
2030,sc01,04-12 00:00:00+02:00,Solar 13,0.0
2030,sc01,04-12 00:00:00+02:00,CT NG 55,0.0
2030,sc01,04-12 00:00:00+02:00,Wind N03,80.33090923189977
2030,sc01,04-12 00:00:00+02:00,CT NG 28,0.0
2030,sc01,04-12 00:00:00+02:00,Wind 09,1.4890103079
2030,sc01,04-12 00:00:00+02:00,Solar 60,0.0
2030,sc01,04-12 00:00:00+02:00,Solar 25,0.0
2030,sc01,04-12 00:00:00+02:00,CT NG 23,0.0
2030,sc01,04-12 00:00:00+02:00,ST Other 01,0.0
2030,sc01,04-12 00:00:00+02:00,Solar 70,0.0
2030,sc01,04-12 00:00:00+02:00,CC NG 34,0.0
2030,sc01,04-12 00:00:00+02:00,Solar 48,0.0
2030,sc01,04-12 00:00:00+02:00,Biomass 56,0.0
2030,sc01,04-12 00:00:00+02:00,CT NG 36,0.0
2030,sc01,04-12 00:00:00+02:00,Solar 47,0.0
2030,sc01,04-12 00:00:00+02:00,Hydro 17,0.008095950000000001
2030,sc01,04-12 00:00:00+02:00,Solar 09,0.0
2030,sc01,04-12 00:00:00+02:00,Solar 08,0.0
2030,sc01,04-12 00:00:00+02:00,CT NG 45,0.0
2030,sc01,04-12 00:00:00+02:00,ST NG 04,0.0
2030,sc01,04-12 00:00:00+02:00,Solar 40,0.0
2030,sc01,04-12 00:00:00+02:00,Biomass 47,0.0
2030,sc01,04-12 00:00:00+02:00,Solar 50,0.0
2030,sc01,04-12 00:00:00+02:00,Solar 52,0.0
2030,sc01,04-12 00:00:00+02:00,Solar 63,0.0
2030,sc01,04-12 00:00:00+02:00,CC NG 06,0.0
2030,sc01,04-12 00:00:00+02:00,Biomass 39,0.0
2030,sc01,04-12 00:00:00+02:00,Solar 67,0.0
2030,sc01,04-12 00:00:00+02:00,Solar 19,0.0
2030,sc01,04-12 00:00:00+02:00,Wind 12,6.769874154
2030,sc01,04-12 00:00:00+02:00,Solar 24,0.0
2030,sc01,04-12 00:00:00+02:00,ICE NG 02,0.0
2030,sc01,04-12 00:00:00+02:00,Solar 05,0.0
2030,sc01,04-12 00:00:00+02:00,CT NG 54,0.0
2030,sc01,04-12 00:00:00+02:00,Wind N01,38.31980078500608
2030,sc01,04-12 00:00:00+02:00,CT NG 27,0.0
2030,sc01,04-12 00:00:00+02:00,CC NG 36,0.0
2030,sc01,04-12 00:00:00+02:00,Wind N02,41.25105041357417
2030,sc01,04-12 00:00:00+02:00,CT NG 52,0.0
2030,sc01,04-12 00:00:00+02:00,Solar 35,0.0
2030,sc01,04-12 00:00:00+02:00,CT NG 05,0.0
2030,sc01,04-12 00:00:00+02:00,Biomass 36,0.0
2030,sc01,04-12 00:00:00+02:00,CT NG 34,0.0
2030,sc01,04-12 00:00:00+02:00,CT Oil 03,0.0
2030,sc01,04-12 00:00:00+02:00,Hydro 35,0.0
2030,sc01,04-12 00:00:00+02:00,Solar 14,0.0
2030,sc01,04-12 00:00:00+02:00,CT NG 75,0.0
2030,sc01,04-12 00:00:00+02:00,ST NG 09,0.0
2030,sc01,04-12 00:00:00+02:00,CT NG 56,0.0
2030,sc01,04-12 00:00:00+02:00,Biomass 22,0.0
2030,sc01,04-12 00:00:00+02:00,Solar 18,0.0
2030,sc01,04-12 00:00:00+02:00,Biomass 13,0.0
2030,sc01,04-12 00:00:00+02:00,CT NG 71,0.0
2030,sc01,04-12 00:00:00+02:00,Solar 58,0.0
2030,sc01,04-12 00:00:00+02:00,Solar 06,0.0
2030,sc01,04-12 00:00:00+02:00,Biomass 08,0.0
2030,sc01,04-12 00:00:00+02:00,CT NG 72,0.0
2030,sc01,04-12 00:00:00+02:00,Hydro 18,0.02788605
2030,sc01,04-12 00:00:00+02:00,Solar 10,0.0
2030,sc01,04-12 00:00:00+02:00,CT NG 04,0.0
2030,sc01,04-12 00:00:00+02:00,ST Other 02,0.0
2030,sc01,04-12 00:00:00+02:00,CT NG 12,0.0
2030,sc01,04-12 00:00:00+02:00,CT NG 48,0.0
2030,sc01,04-12 00:00:00+02:00,ST NG 10,0.0
2030,sc01,04-12 00:00:00+02:00,Solar 22,0.0
2030,sc01,04-12 00:00:00+02:00,Solar 28,0.0
2030,sc01,04-12 00:00:00+02:00,CT NG 73,0.0
2030,sc01,04-12 00:00:00+02:00,Biomass 52,0.0
2030,sc01,04-12 00:00:00+02:00,CT NG 30,0.0
2030,sc01,04-12 00:00:00+02:00,Solar 54,0.0
2030,sc01,04-12 00:00:00+02:00,Solar 31,0.0
2030,sc01,04-12 00:00:00+02:00,Biomass 03,0.0
2030,sc01,04-12 00:00:00+02:00,CT NG 32,0.0
2030,sc01,04-12 00:00:00+02:00,Biomass 27,0.0
2030,sc01,04-12 00:00:00+02:00,CC NG 14,0.0
2030,sc01,04-12 00:00:00+02:00,CC NG 03,0.0
2030,sc01,04-12 00:00:00+02:00,CC NG 29,0.0
2030,sc01,04-12 00:00:00+02:00,CC NG 28,0.0
2030,sc01,04-12 00:00:00+02:00,CC NG 25,0.0
2030,sc01,04-12 00:00:00+02:00,CT NG 44,0.0
2030,sc01,04-12 00:00:00+02:00,CT NG 14,0.0
2030,sc01,04-12 00:00:00+02:00,CC NG 15,0.0
2030,sc01,04-12 00:00:00+02:00,CC NG 04,0.0
2030,sc01,04-12 00:00:00+02:00,Biomass 29,0.0
2030,sc01,04-12 00:00:00+02:00,Wind 14,37.84831362
2030,sc01,04-12 00:00:00+02:00,Wind 08,1.4487197216999999
2030,sc01,04-12 00:00:00+02:00,Biomass 61,0.0
2030,sc01,04-12 00:00:00+02:00,CT NG 35,0.0
2030,sc01,04-12 00:00:00+02:00,Solar 33,0.0
2030,sc01,04-12 00:00:00+02:00,CT NG 41,0.0
2030,sc01,04-12 00:00:00+02:00,CT NG 15,0.0
2030,sc01,04-12 00:00:00+02:00,Solar 42,0.0
2030,sc01,04-12 00:00:00+02:00,Solar 07,0.0
2030,sc01,04-12 00:00:00+02:00,Solar 43,0.0
2030,sc01,04-12 00:00:00+02:00,Biomass 05,0.0
2030,sc01,04-12 00:00:00+02:00,CT NG 29,0.0
2030,sc01,04-12 00:00:00+02:00,Solar 71,0.0
2030,sc01,04-12 00:00:00+02:00,CT NG 53,0.0
2030,sc01,04-12 00:00:00+02:00,CT NG 20,0.0
2030,sc01,04-12 00:00:00+02:00,Biomass 14,0.0
2030,sc01,04-12 00:00:00+02:00,Solar 26,0.0
2030,sc01,04-12 00:00:00+02:00,Hydro 29,0.0
2030,sc01,04-12 00:00:00+02:00,Hydro 31,0.0
2030,sc01,04-12 00:00:00+02:00,Biomass 24,0.0
2030,sc01,04-12 00:00:00+02:00,Biomass 54,0.0
2030,sc01,04-12 00:00:00+02:00,Solar 36,0.0
2030,sc01,04-12 00:00:00+02:00,Wind 03,0.0
2030,sc01,04-12 00:00:00+02:00,Biomass 40,0.0
2030,sc01,04-12 00:00:00+02:00,Biomass 49,0.0
2030,sc01,04-12 00:00:00+02:00,CC NG 16,0.0
2030,sc01,04-12 00:00:00+02:00,Biomass 48,0.0
2030,sc01,04-12 00:00:00+02:00,Hydro 28,0.0
2030,sc01,04-12 00:00:00+02:00,Biomass 17,0.0
2030,sc01,04-12 00:00:00+02:00,CT NG 33,0.0
2030,sc01,04-12 00:00:00+02:00,Solar 45,0.0
2030,sc01,04-12 00:00:00+02:00,Hydro 24,0.0
2030,sc01,04-12 00:00:00+02:00,Wind 13,3.865210463999999
2030,sc01,04-12 00:00:00+02:00,Biomass 07,0.0
2030,sc01,04-12 00:00:00+02:00,Biomass 34,0.0
2030,sc01,04-12 00:00:00+02:00,Biomass 33,0.0
2030,sc01,04-12 00:00:00+02:00,CT NG 01,0.0
2030,sc01,04-12 00:00:00+02:00,ICE NG 03,0.0
2030,sc01,04-12 00:00:00+02:00,Solar 55,0.0
2030,sc01,04-12 00:00:00+02:00,Solar 11,0.0
2030,sc01,04-12 00:00:00+02:00,CT NG 06,0.0
2030,sc01,04-12 00:00:00+02:00,CT NG 70,0.0
2030,sc01,04-12 00:00:00+02:00,Solar 23,0.0
2030,sc01,04-12 00:00:00+02:00,CT NG 67,0.0
2030,sc01,04-12 00:00:00+02:00,Solar 12,0.0
2030,sc01,04-12 00:00:00+02:00,CT Oil 01,0.0
2030,sc01,04-12 00:00:00+02:00,Hydro 26,0.0
2030,sc01,04-12 00:00:00+02:00,CC NG 22,0.0
2030,sc01,04-12 00:00:00+02:00,CC NG 35,0.0
2030,sc01,04-12 00:00:00+02:00,Biomass 50,0.0
2030,sc01,04-12 00:00:00+02:00,ICE NG 04,0.0
2030,sc01,04-12 00:00:00+02:00,CC NG 39,0.0
2030,sc01,04-12 00:00:00+02:00,Hydro 32,0.0
2030,sc01,04-12 00:00:00+02:00,ICE NG 07,0.0
2030,sc01,04-12 00:00:00+02:00,Biomass 46,0.0
2030,sc01,04-12 00:00:00+02:00,CC NG 38,0.0
2030,sc01,04-12 00:00:00+02:00,CC NG 12,0.0
2030,sc01,04-12 00:00:00+02:00,Solar 57,0.0
2030,sc01,04-12 00:00:00+02:00,CC NG 32,0.0
2030,sc01,04-12 00:00:00+02:00,CC NG 07,0.0
2030,sc01,04-12 00:00:00+02:00,Biomass 44,0.0
2030,sc01,04-12 00:00:00+02:00,CT NG 40,0.0
2030,sc01,04-12 00:00:00+02:00,Solar 74,0.0
2030,sc01,04-12 00:00:00+02:00,Hydro 30,0.0
2030,sc01,04-12 00:00:00+02:00,CT NG 42,0.0
2030,sc01,04-12 00:00:00+02:00,Hydro 22,0.5368896
2030,sc01,04-12 00:00:00+02:00,Solar 17,0.0
2030,sc01,04-12 00:00:00+02:00,Solar 38,0.0
2030,sc01,04-12 00:00:00+02:00,CT NG 24,0.0
2030,sc01,04-12 00:00:00+02:00,CC NG 27,0.0
2030,sc01,04-12 00:00:00+02:00,Biomass 21,0.0
2030,sc01,04-12 00:00:00+02:00,ICE NG 06,0.0
2030,sc01,04-12 00:00:00+02:00,Biomass 25,0.0
2030,sc01,04-12 00:00:00+02:00,Solar 27,0.0
2030,sc01,04-12 00:00:00+02:00,CT NG 19,0.0
2030,sc01,04-12 00:00:00+02:00,Biomass 42,0.0
2030,sc01,04-12 00:00:00+02:00,Biomass 19,0.0
2030,sc01,04-12 00:00:00+02:00,Biomass 06,0.0
2030,sc01,04-12 00:00:00+02:00,CT NG 10,0.0
2030,sc01,04-12 00:00:00+02:00,CC NG 40,0.0
2030,sc01,04-12 00:00:00+02:00,CC NG 21,0.0
2030,sc01,04-12 00:00:00+02:00,Biomass 02,0.0
2030,sc01,04-12 00:00:00+02:00,CT NG 46,0.0
2030,sc01,04-12 00:00:00+02:00,Hydro 34,0.0
2030,sc01,04-12 00:00:00+02:00,Biomass 10,0.0
2030,sc01,04-12 00:00:00+02:00,CT NG 17,0.0
2030,sc01,04-12 00:00:00+02:00,Biomass 62,0.0
2030,sc01,04-12 00:00:00+02:00,Biomass 32,0.0
2030,sc01,04-12 00:00:00+02:00,CC NG 19,0.0
2030,sc01,04-12 00:00:00+02:00,CC NG 17,0.0
2030,sc01,04-12 00:00:00+02:00,ST NG 01,0.0
2030,sc01,04-12 00:00:00+02:00,Biomass 45,0.0
2030,sc01,04-12 00:00:00+02:00,Biomass 28,0.0
2030,sc01,04-12 00:00:00+02:00,CC NG 10,0.0
2030,sc01,04-12 00:00:00+02:00,Biomass 23,0.0
2030,sc01,04-12 00:00:00+02:00,ST NG 06,0.0
2030,sc01,04-12 00:00:00+02:00,Wind 10,1.4140118466000002
2030,sc01,04-12 00:00:00+02:00,CT NG 69,0.0
2030,sc01,04-12 00:00:00+02:00,CT NG 68,0.0
2030,sc01,04-12 15:00:00+02:00,CC NG 13,0.0
2030,sc01,04-12 15:00:00+02:00,CT NG 37,0.0
2030,sc01,04-12 15:00:00+02:00,ST Coal 01,0.0
2030,sc01,04-12 15:00:00+02:00,CT NG 09,0.0
2030,sc01,04-12 15:00:00+02:00,CT NG 47,0.0
2030,sc01,04-12 15:00:00+02:00,Solar 69,5.601786499743818
2030,sc01,04-12 15:00:00+02:00,Solar 34,9.4901983404
2030,sc01,04-12 15:00:00+02:00,Solar 73,0.0
2030,sc01,04-12 15:00:00+02:00,Biomass 37,0.0
2030,sc01,04-12 15:00:00+02:00,Hydro 20,0.0
2030,sc01,04-12 15:00:00+02:00,Solar 01,0.0
2030,sc01,04-12 15:00:00+02:00,Solar 62,0.0
2030,sc01,04-12 15:00:00+02:00,Solar 02,0.08034498682104506
2030,sc01,04-12 15:00:00+02:00,CT NG 26,0.0
2030,sc01,04-12 15:00:00+02:00,Biomass 20,0.0
2030,sc01,04-12 15:00:00+02:00,Wind 16,12.0381200105
2030,sc01,04-12 15:00:00+02:00,CT NG 66,0.0
2030,sc01,04-12 15:00:00+02:00,Solar 39,0.0
2030,sc01,04-12 15:00:00+02:00,Biomass 41,0.0
2030,sc01,04-12 15:00:00+02:00,Solar 72,0.0
2030,sc01,04-12 15:00:00+02:00,ST NG 03,0.0
2030,sc01,04-12 15:00:00+02:00,Hydro 21,0.6177385200000001
2030,sc01,04-12 15:00:00+02:00,CT NG 03,0.0
2030,sc01,04-12 15:00:00+02:00,CC NG 09,0.0
2030,sc01,04-12 15:00:00+02:00,CT Oil 02,0.0
2030,sc01,04-12 15:00:00+02:00,CT NG 39,0.0
2030,sc01,04-12 15:00:00+02:00,CC NG 08,0.0
2030,sc01,04-12 15:00:00+02:00,Biomass 43,0.0
2030,sc01,04-12 15:00:00+02:00,CT NG 18,0.0
2030,sc01,04-12 15:00:00+02:00,ST NG 07,0.0
2030,sc01,04-12 15:00:00+02:00,Biomass 35,0.0
2030,sc01,04-12 15:00:00+02:00,Solar 32,0.0
2030,sc01,04-12 15:00:00+02:00,Biomass 15,0.0
2030,sc01,04-12 15:00:00+02:00,CC NG 31,0.0
2030,sc01,04-12 15:00:00+02:00,Solar 16,0.51789975516
2030,sc01,04-12 15:00:00+02:00,Solar 68,0.0
2030,sc01,04-12 15:00:00+02:00,CT NG 21,0.0
2030,sc01,04-12 15:00:00+02:00,Wind 11,0.7499527305
2030,sc01,04-12 15:00:00+02:00,CC NG 37,0.0
2030,sc01,04-12 15:00:00+02:00,CT NG 22,0.0
2030,sc01,04-12 15:00:00+02:00,Hydro 16,0.0
2030,sc01,04-12 15:00:00+02:00,Biomass 59,0.0
2030,sc01,04-12 15:00:00+02:00,CC NG 01,0.0
2030,sc01,04-12 15:00:00+02:00,Biomass 16,0.0
2030,sc01,04-12 15:00:00+02:00,Solar 03,0.0
2030,sc01,04-12 15:00:00+02:00,Solar 44,0.0
2030,sc01,04-12 15:00:00+02:00,CT NG 08,0.0
2030,sc01,04-12 15:00:00+02:00,Wind 05,0.057020746928
2030,sc01,04-12 15:00:00+02:00,Biomass 26,0.0
2030,sc01,04-12 15:00:00+02:00,Solar 37,0.0
2030,sc01,04-12 15:00:00+02:00,Biomass 11,0.0
2030,sc01,04-12 15:00:00+02:00,Solar 59,0.0
2030,sc01,04-12 15:00:00+02:00,CT NG 11,0.0
2030,sc01,04-12 15:00:00+02:00,Biomass 30,0.0
2030,sc01,04-12 15:00:00+02:00,Hydro 23,0.0
2030,sc01,04-12 15:00:00+02:00,CC NG 24,0.0
2030,sc01,04-12 15:00:00+02:00,Solar 65,4.8641681072275595
2030,sc01,04-12 15:00:00+02:00,CC NG 18,0.0
2030,sc01,04-12 15:00:00+02:00,CT NG 16,0.0
2030,sc01,04-12 15:00:00+02:00,Solar 51,0.0
2030,sc01,04-12 15:00:00+02:00,Wind 06,1.07827565354
2030,sc01,04-12 15:00:00+02:00,CC NG 26,0.0
2030,sc01,04-12 15:00:00+02:00,CC NG 23,0.0
2030,sc01,04-12 15:00:00+02:00,CT NG 43,0.0
2030,sc01,04-12 15:00:00+02:00,CC NG 11,0.0
2030,sc01,04-12 15:00:00+02:00,CT NG 02,0.0
2030,sc01,04-12 15:00:00+02:00,CT NG 50,0.0
2030,sc01,04-12 15:00:00+02:00,Hydro 27,0.0
2030,sc01,04-12 15:00:00+02:00,CT NG 13,0.0
2030,sc01,04-12 15:00:00+02:00,CT NG 25,0.0
2030,sc01,04-12 15:00:00+02:00,CC NG 05,0.0
2030,sc01,04-12 15:00:00+02:00,Solar 04,0.0
2030,sc01,04-12 15:00:00+02:00,Solar 30,0.49941668484999996
2030,sc01,04-12 15:00:00+02:00,Solar 29,0.64782677189
2030,sc01,04-12 15:00:00+02:00,Solar 53,0.0
2030,sc01,04-12 15:00:00+02:00,Solar 21,1.40250373456
2030,sc01,04-12 15:00:00+02:00,Biomass 58,0.0
2030,sc01,04-12 15:00:00+02:00,CT NG 74,0.0
2030,sc01,04-12 15:00:00+02:00,Solar 61,0.0
2030,sc01,04-12 15:00:00+02:00,Wind 07,0.7563380937
2030,sc01,04-12 15:00:00+02:00,Biomass 31,0.0
2030,sc01,04-12 15:00:00+02:00,CT Oil 05,0.0
2030,sc01,04-12 15:00:00+02:00,Biomass 38,0.0
2030,sc01,04-12 15:00:00+02:00,Solar 41,0.0
2030,sc01,04-12 15:00:00+02:00,Biomass 51,0.0
2030,sc01,04-12 15:00:00+02:00,Biomass 55,0.0
2030,sc01,04-12 15:00:00+02:00,Wind 15,2.7273321646
2030,sc01,04-12 15:00:00+02:00,Geo 01,0.0
2030,sc01,04-12 15:00:00+02:00,Biomass 60,0.0
2030,sc01,04-12 15:00:00+02:00,CT NG 38,0.0
2030,sc01,04-12 15:00:00+02:00,Solar 66,10.0539879945
2030,sc01,04-12 15:00:00+02:00,Solar 49,0.0
2030,sc01,04-12 15:00:00+02:00,CT NG 51,0.0
2030,sc01,04-12 15:00:00+02:00,Biomass 18,0.0
2030,sc01,04-12 15:00:00+02:00,ICE NG 01,0.0
2030,sc01,04-12 15:00:00+02:00,Solar 15,0.80207917549
2030,sc01,04-12 15:00:00+02:00,ICE NG 05,0.0
2030,sc01,04-12 15:00:00+02:00,CT Oil 04,0.0
2030,sc01,04-12 15:00:00+02:00,CC NG 20,0.0
2030,sc01,04-12 15:00:00+02:00,Solar 20,0.75580553079
2030,sc01,04-12 15:00:00+02:00,Biomass 04,0.0
2030,sc01,04-12 15:00:00+02:00,Wind 02,1.800928167
2030,sc01,04-12 15:00:00+02:00,Hydro 25,0.129948
2030,sc01,04-12 15:00:00+02:00,Solar 75,3.2596212726
2030,sc01,04-12 15:00:00+02:00,Hydro 33,0.0
2030,sc01,04-12 15:00:00+02:00,ST NG 05,0.0
2030,sc01,04-12 15:00:00+02:00,CT NG 07,0.0
2030,sc01,04-12 15:00:00+02:00,Wind 01,0.5120889022
2030,sc01,04-12 15:00:00+02:00,Solar 56,0.0
2030,sc01,04-12 15:00:00+02:00,Biomass 09,0.0
2030,sc01,04-12 15:00:00+02:00,Biomass 53,0.0
2030,sc01,04-12 15:00:00+02:00,Wind 17,4.990032015000001
2030,sc01,04-12 15:00:00+02:00,ST NG 08,0.0
2030,sc01,04-12 15:00:00+02:00,Hydro 19,0.877217
2030,sc01,04-12 15:00:00+02:00,ST NG 02,0.0
2030,sc01,04-12 15:00:00+02:00,Biomass 01,0.0
2030,sc01,04-12 15:00:00+02:00,Biomass 57,0.0
2030,sc01,04-12 15:00:00+02:00,CT NG 49,0.0
2030,sc01,04-12 15:00:00+02:00,CT NG 31,0.0
2030,sc01,04-12 15:00:00+02:00,Solar 64,2.5731990517
2030,sc01,04-12 15:00:00+02:00,CC NG 33,0.0
2030,sc01,04-12 15:00:00+02:00,Solar 46,0.0
2030,sc01,04-12 15:00:00+02:00,Biomass 12,0.0
2030,sc01,04-12 15:00:00+02:00,Wind 04,0.090292505552
2030,sc01,04-12 15:00:00+02:00,Solar 13,0.020135097704000002
2030,sc01,04-12 15:00:00+02:00,CT NG 55,0.0
2030,sc01,04-12 15:00:00+02:00,Wind N03,50.05291407122567
2030,sc01,04-12 15:00:00+02:00,CT NG 28,0.0
2030,sc01,04-12 15:00:00+02:00,Wind 09,0.8303537749000001
2030,sc01,04-12 15:00:00+02:00,Solar 60,0.0
2030,sc01,04-12 15:00:00+02:00,Solar 25,0.14765420516
2030,sc01,04-12 15:00:00+02:00,CT NG 23,0.0
2030,sc01,04-12 15:00:00+02:00,ST Other 01,0.0
2030,sc01,04-12 15:00:00+02:00,Solar 70,0.0
2030,sc01,04-12 15:00:00+02:00,CC NG 34,0.0
2030,sc01,04-12 15:00:00+02:00,Solar 48,0.0
2030,sc01,04-12 15:00:00+02:00,Biomass 56,0.0
2030,sc01,04-12 15:00:00+02:00,CT NG 36,0.0
2030,sc01,04-12 15:00:00+02:00,Solar 47,0.0
2030,sc01,04-12 15:00:00+02:00,Hydro 17,0.0
2030,sc01,04-12 15:00:00+02:00,Solar 09,0.97861794822
2030,sc01,04-12 15:00:00+02:00,Solar 08,0.19117132604000003
2030,sc01,04-12 15:00:00+02:00,CT NG 45,0.0
2030,sc01,04-12 15:00:00+02:00,ST NG 04,0.0
2030,sc01,04-12 15:00:00+02:00,Solar 40,0.0
2030,sc01,04-12 15:00:00+02:00,Biomass 47,0.0
2030,sc01,04-12 15:00:00+02:00,Solar 50,0.0
2030,sc01,04-12 15:00:00+02:00,Solar 52,0.0
2030,sc01,04-12 15:00:00+02:00,Solar 63,0.0
2030,sc01,04-12 15:00:00+02:00,CC NG 06,0.0
2030,sc01,04-12 15:00:00+02:00,Biomass 39,0.0
2030,sc01,04-12 15:00:00+02:00,Solar 67,3.6631247845
2030,sc01,04-12 15:00:00+02:00,Solar 19,0.007615184408
2030,sc01,04-12 15:00:00+02:00,Wind 12,5.898445896899999
2030,sc01,04-12 15:00:00+02:00,Solar 24,0.1101281556
2030,sc01,04-12 15:00:00+02:00,ICE NG 02,0.0
2030,sc01,04-12 15:00:00+02:00,Solar 05,0.008954645007999999
2030,sc01,04-12 15:00:00+02:00,CT NG 54,0.0
2030,sc01,04-12 15:00:00+02:00,Wind N01,41.37854553753079
2030,sc01,04-12 15:00:00+02:00,CT NG 27,0.0
2030,sc01,04-12 15:00:00+02:00,CC NG 36,0.0
2030,sc01,04-12 15:00:00+02:00,Wind N02,0.0
2030,sc01,04-12 15:00:00+02:00,CT NG 52,0.0
2030,sc01,04-12 15:00:00+02:00,Solar 35,0.0
2030,sc01,04-12 15:00:00+02:00,CT NG 05,0.0
2030,sc01,04-12 15:00:00+02:00,Biomass 36,0.0
2030,sc01,04-12 15:00:00+02:00,CT NG 34,0.0
2030,sc01,04-12 15:00:00+02:00,CT Oil 03,0.0
2030,sc01,04-12 15:00:00+02:00,Hydro 35,0.0
2030,sc01,04-12 15:00:00+02:00,Solar 14,0.89173143357
2030,sc01,04-12 15:00:00+02:00,CT NG 75,0.0
2030,sc01,04-12 15:00:00+02:00,ST NG 09,0.0
2030,sc01,04-12 15:00:00+02:00,CT NG 56,0.0
2030,sc01,04-12 15:00:00+02:00,Biomass 22,0.0
2030,sc01,04-12 15:00:00+02:00,Solar 18,0.94056535647
2030,sc01,04-12 15:00:00+02:00,Biomass 13,0.0
2030,sc01,04-12 15:00:00+02:00,CT NG 71,0.0
2030,sc01,04-12 15:00:00+02:00,Solar 58,0.0
2030,sc01,04-12 15:00:00+02:00,Solar 06,0.076692691328
2030,sc01,04-12 15:00:00+02:00,Biomass 08,0.0
2030,sc01,04-12 15:00:00+02:00,CT NG 72,0.0
2030,sc01,04-12 15:00:00+02:00,Hydro 18,0.0
2030,sc01,04-12 15:00:00+02:00,Solar 10,0.7280198534200001
2030,sc01,04-12 15:00:00+02:00,CT NG 04,0.0
2030,sc01,04-12 15:00:00+02:00,ST Other 02,0.0
2030,sc01,04-12 15:00:00+02:00,CT NG 12,0.0
2030,sc01,04-12 15:00:00+02:00,CT NG 48,0.0
2030,sc01,04-12 15:00:00+02:00,ST NG 10,0.0
2030,sc01,04-12 15:00:00+02:00,Solar 22,0.67380980802
2030,sc01,04-12 15:00:00+02:00,Solar 28,0.6029813140200001
2030,sc01,04-12 15:00:00+02:00,CT NG 73,0.0
2030,sc01,04-12 15:00:00+02:00,Biomass 52,0.0
2030,sc01,04-12 15:00:00+02:00,CT NG 30,0.0
2030,sc01,04-12 15:00:00+02:00,Solar 54,0.0
2030,sc01,04-12 15:00:00+02:00,Solar 31,0.0
2030,sc01,04-12 15:00:00+02:00,Biomass 03,0.0
2030,sc01,04-12 15:00:00+02:00,CT NG 32,0.0
2030,sc01,04-12 15:00:00+02:00,Biomass 27,0.0
2030,sc01,04-12 15:00:00+02:00,CC NG 14,0.0
2030,sc01,04-12 15:00:00+02:00,CC NG 03,0.0
2030,sc01,04-12 15:00:00+02:00,CC NG 29,0.0
2030,sc01,04-12 15:00:00+02:00,CC NG 28,0.0
2030,sc01,04-12 15:00:00+02:00,CC NG 25,0.0
2030,sc01,04-12 15:00:00+02:00,CT NG 44,0.0
2030,sc01,04-12 15:00:00+02:00,CT NG 14,0.0
2030,sc01,04-12 15:00:00+02:00,CC NG 15,0.0
2030,sc01,04-12 15:00:00+02:00,CC NG 04,0.0
2030,sc01,04-12 15:00:00+02:00,Biomass 29,0.0
2030,sc01,04-12 15:00:00+02:00,Wind 14,0.0
2030,sc01,04-12 15:00:00+02:00,Wind 08,0.88792710591
2030,sc01,04-12 15:00:00+02:00,Biomass 61,0.0
2030,sc01,04-12 15:00:00+02:00,CT NG 35,0.0
2030,sc01,04-12 15:00:00+02:00,Solar 33,0.0
2030,sc01,04-12 15:00:00+02:00,CT NG 41,0.0
2030,sc01,04-12 15:00:00+02:00,CT NG 15,0.0
2030,sc01,04-12 15:00:00+02:00,Solar 42,0.0
2030,sc01,04-12 15:00:00+02:00,Solar 07,0.016218655656
2030,sc01,04-12 15:00:00+02:00,Solar 43,0.0
2030,sc01,04-12 15:00:00+02:00,Biomass 05,0.0
2030,sc01,04-12 15:00:00+02:00,CT NG 29,0.0
2030,sc01,04-12 15:00:00+02:00,Solar 71,0.0
2030,sc01,04-12 15:00:00+02:00,CT NG 53,0.0
2030,sc01,04-12 15:00:00+02:00,CT NG 20,0.0
2030,sc01,04-12 15:00:00+02:00,Biomass 14,0.0
2030,sc01,04-12 15:00:00+02:00,Solar 26,0.13673810368800002
2030,sc01,04-12 15:00:00+02:00,Hydro 29,0.0
2030,sc01,04-12 15:00:00+02:00,Hydro 31,0.0
2030,sc01,04-12 15:00:00+02:00,Biomass 24,0.0
2030,sc01,04-12 15:00:00+02:00,Biomass 54,0.0
2030,sc01,04-12 15:00:00+02:00,Solar 36,8.409513774790002
2030,sc01,04-12 15:00:00+02:00,Wind 03,0.20887367186
2030,sc01,04-12 15:00:00+02:00,Biomass 40,0.0
2030,sc01,04-12 15:00:00+02:00,Biomass 49,0.0
2030,sc01,04-12 15:00:00+02:00,CC NG 16,0.0
2030,sc01,04-12 15:00:00+02:00,Biomass 48,0.0
2030,sc01,04-12 15:00:00+02:00,Hydro 28,0.0
2030,sc01,04-12 15:00:00+02:00,Biomass 17,0.0
2030,sc01,04-12 15:00:00+02:00,CT NG 33,0.0
2030,sc01,04-12 15:00:00+02:00,Solar 45,0.0
2030,sc01,04-12 15:00:00+02:00,Hydro 24,0.0
2030,sc01,04-12 15:00:00+02:00,Wind 13,2.658732697
2030,sc01,04-12 15:00:00+02:00,Biomass 07,0.0
2030,sc01,04-12 15:00:00+02:00,Biomass 34,0.0
2030,sc01,04-12 15:00:00+02:00,Biomass 33,0.0
2030,sc01,04-12 15:00:00+02:00,CT NG 01,0.0
2030,sc01,04-12 15:00:00+02:00,ICE NG 03,0.0
2030,sc01,04-12 15:00:00+02:00,Solar 55,0.0
2030,sc01,04-12 15:00:00+02:00,Solar 11,0.15104669728
2030,sc01,04-12 15:00:00+02:00,CT NG 06,0.0
2030,sc01,04-12 15:00:00+02:00,CT NG 70,0.0
2030,sc01,04-12 15:00:00+02:00,Solar 23,0.022365658048
2030,sc01,04-12 15:00:00+02:00,CT NG 67,0.0
2030,sc01,04-12 15:00:00+02:00,Solar 12,0.11692610132
2030,sc01,04-12 15:00:00+02:00,CT Oil 01,0.0
2030,sc01,04-12 15:00:00+02:00,Hydro 26,0.129948
2030,sc01,04-12 15:00:00+02:00,CC NG 22,0.0
2030,sc01,04-12 15:00:00+02:00,CC NG 35,0.0
2030,sc01,04-12 15:00:00+02:00,Biomass 50,0.0
2030,sc01,04-12 15:00:00+02:00,ICE NG 04,0.0
2030,sc01,04-12 15:00:00+02:00,CC NG 39,0.0
2030,sc01,04-12 15:00:00+02:00,Hydro 32,0.0
2030,sc01,04-12 15:00:00+02:00,ICE NG 07,0.0
2030,sc01,04-12 15:00:00+02:00,Biomass 46,0.0
2030,sc01,04-12 15:00:00+02:00,CC NG 38,0.0
2030,sc01,04-12 15:00:00+02:00,CC NG 12,0.0
2030,sc01,04-12 15:00:00+02:00,Solar 57,0.0
2030,sc01,04-12 15:00:00+02:00,CC NG 32,0.0
2030,sc01,04-12 15:00:00+02:00,CC NG 07,0.0
2030,sc01,04-12 15:00:00+02:00,Biomass 44,0.0
2030,sc01,04-12 15:00:00+02:00,CT NG 40,0.0
2030,sc01,04-12 15:00:00+02:00,Solar 74,3.182355868
2030,sc01,04-12 15:00:00+02:00,Hydro 30,0.0
2030,sc01,04-12 15:00:00+02:00,CT NG 42,0.0
2030,sc01,04-12 15:00:00+02:00,Hydro 22,0.6177385200000001
2030,sc01,04-12 15:00:00+02:00,Solar 17,0.22933881382000001
2030,sc01,04-12 15:00:00+02:00,Solar 38,0.0
2030,sc01,04-12 15:00:00+02:00,CT NG 24,0.0
2030,sc01,04-12 15:00:00+02:00,CC NG 27,0.0
2030,sc01,04-12 15:00:00+02:00,Biomass 21,0.0
2030,sc01,04-12 15:00:00+02:00,ICE NG 06,0.0
2030,sc01,04-12 15:00:00+02:00,Biomass 25,0.0
2030,sc01,04-12 15:00:00+02:00,Solar 27,0.089029552568
2030,sc01,04-12 15:00:00+02:00,CT NG 19,0.0
2030,sc01,04-12 15:00:00+02:00,Biomass 42,0.0
2030,sc01,04-12 15:00:00+02:00,Biomass 19,0.0
2030,sc01,04-12 15:00:00+02:00,Biomass 06,0.0
2030,sc01,04-12 15:00:00+02:00,CT NG 10,0.0
2030,sc01,04-12 15:00:00+02:00,CC NG 40,0.0
2030,sc01,04-12 15:00:00+02:00,CC NG 21,0.0
2030,sc01,04-12 15:00:00+02:00,Biomass 02,0.0
2030,sc01,04-12 15:00:00+02:00,CT NG 46,0.0
2030,sc01,04-12 15:00:00+02:00,Hydro 34,0.0
2030,sc01,04-12 15:00:00+02:00,Biomass 10,0.0
2030,sc01,04-12 15:00:00+02:00,CT NG 17,0.0
2030,sc01,04-12 15:00:00+02:00,Biomass 62,0.0
2030,sc01,04-12 15:00:00+02:00,Biomass 32,0.0
2030,sc01,04-12 15:00:00+02:00,CC NG 19,0.0
2030,sc01,04-12 15:00:00+02:00,CC NG 17,0.0
2030,sc01,04-12 15:00:00+02:00,ST NG 01,0.0
2030,sc01,04-12 15:00:00+02:00,Biomass 45,0.0
2030,sc01,04-12 15:00:00+02:00,Biomass 28,0.0
2030,sc01,04-12 15:00:00+02:00,CC NG 10,0.0
2030,sc01,04-12 15:00:00+02:00,Biomass 23,0.0
2030,sc01,04-12 15:00:00+02:00,ST NG 06,0.0
2030,sc01,04-12 15:00:00+02:00,Wind 10,0.85054932168
2030,sc01,04-12 15:00:00+02:00,CT NG 69,0.0
2030,sc01,04-12 15:00:00+02:00,CT NG 68,0.0
2030,sc01,04-14 02:00:00+02:00,CC NG 13,0.0
2030,sc01,04-14 02:00:00+02:00,CT NG 37,0.0
2030,sc01,04-14 02:00:00+02:00,ST Coal 01,0.0
2030,sc01,04-14 02:00:00+02:00,CT NG 09,0.0
2030,sc01,04-14 02:00:00+02:00,CT NG 47,0.0
2030,sc01,04-14 02:00:00+02:00,Solar 69,0.0
2030,sc01,04-14 02:00:00+02:00,Solar 34,0.0
2030,sc01,04-14 02:00:00+02:00,Solar 73,0.0
2030,sc01,04-14 02:00:00+02:00,Biomass 37,0.0
2030,sc01,04-14 02:00:00+02:00,Hydro 20,0.0
2030,sc01,04-14 02:00:00+02:00,Solar 01,0.0
2030,sc01,04-14 02:00:00+02:00,Solar 62,0.0
2030,sc01,04-14 02:00:00+02:00,Solar 02,0.0
2030,sc01,04-14 02:00:00+02:00,CT NG 26,0.0
2030,sc01,04-14 02:00:00+02:00,Biomass 20,0.01715
2030,sc01,04-14 02:00:00+02:00,Wind 16,0.0
2030,sc01,04-14 02:00:00+02:00,CT NG 66,0.0
2030,sc01,04-14 02:00:00+02:00,Solar 39,0.0
2030,sc01,04-14 02:00:00+02:00,Biomass 41,0.0
2030,sc01,04-14 02:00:00+02:00,Solar 72,0.0
2030,sc01,04-14 02:00:00+02:00,ST NG 03,0.0
2030,sc01,04-14 02:00:00+02:00,Hydro 21,0.6092062199999999
2030,sc01,04-14 02:00:00+02:00,CT NG 03,0.0
2030,sc01,04-14 02:00:00+02:00,CC NG 09,0.0
2030,sc01,04-14 02:00:00+02:00,CT Oil 02,0.0
2030,sc01,04-14 02:00:00+02:00,CT NG 39,0.0
2030,sc01,04-14 02:00:00+02:00,CC NG 08,0.0
2030,sc01,04-14 02:00:00+02:00,Biomass 43,0.0
2030,sc01,04-14 02:00:00+02:00,CT NG 18,0.0
2030,sc01,04-14 02:00:00+02:00,ST NG 07,0.0
2030,sc01,04-14 02:00:00+02:00,Biomass 35,0.0
2030,sc01,04-14 02:00:00+02:00,Solar 32,0.0
2030,sc01,04-14 02:00:00+02:00,Biomass 15,0.01078
2030,sc01,04-14 02:00:00+02:00,CC NG 31,0.0
2030,sc01,04-14 02:00:00+02:00,Solar 16,0.0
2030,sc01,04-14 02:00:00+02:00,Solar 68,0.0
2030,sc01,04-14 02:00:00+02:00,CT NG 21,0.0
2030,sc01,04-14 02:00:00+02:00,Wind 11,2.3773194088699996
2030,sc01,04-14 02:00:00+02:00,CC NG 37,0.0
2030,sc01,04-14 02:00:00+02:00,CT NG 22,0.0
2030,sc01,04-14 02:00:00+02:00,Hydro 16,0.0
2030,sc01,04-14 02:00:00+02:00,Biomass 59,0.20286
2030,sc01,04-14 02:00:00+02:00,CC NG 01,0.0
2030,sc01,04-14 02:00:00+02:00,Biomass 16,0.01078
2030,sc01,04-14 02:00:00+02:00,Solar 03,0.0
2030,sc01,04-14 02:00:00+02:00,Solar 44,0.0
2030,sc01,04-14 02:00:00+02:00,CT NG 08,0.0
2030,sc01,04-14 02:00:00+02:00,Wind 05,0.14431071732
2030,sc01,04-14 02:00:00+02:00,Biomass 26,0.08281
2030,sc01,04-14 02:00:00+02:00,Solar 37,0.0
2030,sc01,04-14 02:00:00+02:00,Biomass 11,0.01617
2030,sc01,04-14 02:00:00+02:00,Solar 59,0.0
2030,sc01,04-14 02:00:00+02:00,CT NG 11,0.0
2030,sc01,04-14 02:00:00+02:00,Biomass 30,0.08281
2030,sc01,04-14 02:00:00+02:00,Hydro 23,0.0
2030,sc01,04-14 02:00:00+02:00,CC NG 24,0.0
2030,sc01,04-14 02:00:00+02:00,Solar 65,0.0
2030,sc01,04-14 02:00:00+02:00,CC NG 18,0.0
2030,sc01,04-14 02:00:00+02:00,CT NG 16,0.0
2030,sc01,04-14 02:00:00+02:00,Solar 51,0.0
2030,sc01,04-14 02:00:00+02:00,Wind 06,1.9895140171199999
2030,sc01,04-14 02:00:00+02:00,CC NG 26,0.0
2030,sc01,04-14 02:00:00+02:00,CC NG 23,0.0
2030,sc01,04-14 02:00:00+02:00,CT NG 43,0.0
2030,sc01,04-14 02:00:00+02:00,CC NG 11,0.0
2030,sc01,04-14 02:00:00+02:00,CT NG 02,0.0
2030,sc01,04-14 02:00:00+02:00,CT NG 50,0.0
2030,sc01,04-14 02:00:00+02:00,Hydro 27,0.0
2030,sc01,04-14 02:00:00+02:00,CT NG 13,0.0
2030,sc01,04-14 02:00:00+02:00,CT NG 25,0.0
2030,sc01,04-14 02:00:00+02:00,CC NG 05,0.0
2030,sc01,04-14 02:00:00+02:00,Solar 04,0.0
2030,sc01,04-14 02:00:00+02:00,Solar 30,0.0
2030,sc01,04-14 02:00:00+02:00,Solar 29,0.0
2030,sc01,04-14 02:00:00+02:00,Solar 53,0.0
2030,sc01,04-14 02:00:00+02:00,Solar 21,0.0
2030,sc01,04-14 02:00:00+02:00,Biomass 58,0.08967
2030,sc01,04-14 02:00:00+02:00,CT NG 74,0.0
2030,sc01,04-14 02:00:00+02:00,Solar 61,0.0
2030,sc01,04-14 02:00:00+02:00,Wind 07,2.2232555713199997
2030,sc01,04-14 02:00:00+02:00,Biomass 31,0.08281
2030,sc01,04-14 02:00:00+02:00,CT Oil 05,0.0
2030,sc01,04-14 02:00:00+02:00,Biomass 38,0.0
2030,sc01,04-14 02:00:00+02:00,Solar 41,0.0
2030,sc01,04-14 02:00:00+02:00,Biomass 51,0.0
2030,sc01,04-14 02:00:00+02:00,Biomass 55,0.11661999999999999
2030,sc01,04-14 02:00:00+02:00,Wind 15,0.0
2030,sc01,04-14 02:00:00+02:00,Geo 01,0.0
2030,sc01,04-14 02:00:00+02:00,Biomass 60,0.1323
2030,sc01,04-14 02:00:00+02:00,CT NG 38,0.0
2030,sc01,04-14 02:00:00+02:00,Solar 66,0.0
2030,sc01,04-14 02:00:00+02:00,Solar 49,0.0
2030,sc01,04-14 02:00:00+02:00,CT NG 51,0.0
2030,sc01,04-14 02:00:00+02:00,Biomass 18,0.01078
2030,sc01,04-14 02:00:00+02:00,ICE NG 01,0.0
2030,sc01,04-14 02:00:00+02:00,Solar 15,0.0
2030,sc01,04-14 02:00:00+02:00,ICE NG 05,0.0
2030,sc01,04-14 02:00:00+02:00,CT Oil 04,0.0
2030,sc01,04-14 02:00:00+02:00,CC NG 20,0.0
2030,sc01,04-14 02:00:00+02:00,Solar 20,0.0
2030,sc01,04-14 02:00:00+02:00,Biomass 04,0.0
2030,sc01,04-14 02:00:00+02:00,Wind 02,4.09523279648
2030,sc01,04-14 02:00:00+02:00,Hydro 25,0.0
2030,sc01,04-14 02:00:00+02:00,Solar 75,0.0
2030,sc01,04-14 02:00:00+02:00,Hydro 33,0.0
2030,sc01,04-14 02:00:00+02:00,ST NG 05,0.0
2030,sc01,04-14 02:00:00+02:00,CT NG 07,0.0
2030,sc01,04-14 02:00:00+02:00,Wind 01,1.3762798981400002
2030,sc01,04-14 02:00:00+02:00,Solar 56,0.0
2030,sc01,04-14 02:00:00+02:00,Biomass 09,0.03626
2030,sc01,04-14 02:00:00+02:00,Biomass 53,0.11661999999999999
2030,sc01,04-14 02:00:00+02:00,Wind 17,26.722013086922406
2030,sc01,04-14 02:00:00+02:00,ST NG 08,0.0
2030,sc01,04-14 02:00:00+02:00,Hydro 19,0.0
2030,sc01,04-14 02:00:00+02:00,ST NG 02,0.0
2030,sc01,04-14 02:00:00+02:00,Biomass 01,0.049
2030,sc01,04-14 02:00:00+02:00,Biomass 57,0.08967
2030,sc01,04-14 02:00:00+02:00,CT NG 49,0.0
2030,sc01,04-14 02:00:00+02:00,CT NG 31,0.0
2030,sc01,04-14 02:00:00+02:00,Solar 64,0.0
2030,sc01,04-14 02:00:00+02:00,CC NG 33,0.0
2030,sc01,04-14 02:00:00+02:00,Solar 46,0.0
2030,sc01,04-14 02:00:00+02:00,Biomass 12,0.01617
2030,sc01,04-14 02:00:00+02:00,Wind 04,0.028163138080000004
2030,sc01,04-14 02:00:00+02:00,Solar 13,0.0
2030,sc01,04-14 02:00:00+02:00,CT NG 55,0.0
2030,sc01,04-14 02:00:00+02:00,Wind N03,118.29061927324479
2030,sc01,04-14 02:00:00+02:00,CT NG 28,0.0
2030,sc01,04-14 02:00:00+02:00,Wind 09,2.01301666426
2030,sc01,04-14 02:00:00+02:00,Solar 60,0.0
2030,sc01,04-14 02:00:00+02:00,Solar 25,0.0
2030,sc01,04-14 02:00:00+02:00,CT NG 23,0.0
2030,sc01,04-14 02:00:00+02:00,ST Other 01,0.0
2030,sc01,04-14 02:00:00+02:00,Solar 70,0.0
2030,sc01,04-14 02:00:00+02:00,CC NG 34,0.0
2030,sc01,04-14 02:00:00+02:00,Solar 48,0.0
2030,sc01,04-14 02:00:00+02:00,Biomass 56,0.10192000000000001
2030,sc01,04-14 02:00:00+02:00,CT NG 36,0.0
2030,sc01,04-14 02:00:00+02:00,Solar 47,0.0
2030,sc01,04-14 02:00:00+02:00,Hydro 17,0.013216770000000001
2030,sc01,04-14 02:00:00+02:00,Solar 09,0.0
2030,sc01,04-14 02:00:00+02:00,Solar 08,0.0
2030,sc01,04-14 02:00:00+02:00,CT NG 45,0.0
2030,sc01,04-14 02:00:00+02:00,ST NG 04,0.0
2030,sc01,04-14 02:00:00+02:00,Solar 40,0.0
2030,sc01,04-14 02:00:00+02:00,Biomass 47,0.0
2030,sc01,04-14 02:00:00+02:00,Solar 50,0.0
2030,sc01,04-14 02:00:00+02:00,Solar 52,0.0
2030,sc01,04-14 02:00:00+02:00,Solar 63,0.0
2030,sc01,04-14 02:00:00+02:00,CC NG 06,0.0
2030,sc01,04-14 02:00:00+02:00,Biomass 39,0.0
2030,sc01,04-14 02:00:00+02:00,Solar 67,0.0
2030,sc01,04-14 02:00:00+02:00,Solar 19,0.0
2030,sc01,04-14 02:00:00+02:00,Wind 12,7.813273881
2030,sc01,04-14 02:00:00+02:00,Solar 24,0.0
2030,sc01,04-14 02:00:00+02:00,ICE NG 02,0.0
2030,sc01,04-14 02:00:00+02:00,Solar 05,0.0
2030,sc01,04-14 02:00:00+02:00,CT NG 54,0.0
2030,sc01,04-14 02:00:00+02:00,Wind N01,74.125931733
2030,sc01,04-14 02:00:00+02:00,CT NG 27,0.0
2030,sc01,04-14 02:00:00+02:00,CC NG 36,0.0
2030,sc01,04-14 02:00:00+02:00,Wind N02,133.48279253018123
2030,sc01,04-14 02:00:00+02:00,CT NG 52,0.0
2030,sc01,04-14 02:00:00+02:00,Solar 35,0.0
2030,sc01,04-14 02:00:00+02:00,CT NG 05,0.0
2030,sc01,04-14 02:00:00+02:00,Biomass 36,0.0
2030,sc01,04-14 02:00:00+02:00,CT NG 34,0.0
2030,sc01,04-14 02:00:00+02:00,CT Oil 03,0.0
2030,sc01,04-14 02:00:00+02:00,Hydro 35,0.0
2030,sc01,04-14 02:00:00+02:00,Solar 14,0.0
2030,sc01,04-14 02:00:00+02:00,CT NG 75,0.0
2030,sc01,04-14 02:00:00+02:00,ST NG 09,0.0
2030,sc01,04-14 02:00:00+02:00,CT NG 56,0.0
2030,sc01,04-14 02:00:00+02:00,Biomass 22,0.01715
2030,sc01,04-14 02:00:00+02:00,Solar 18,0.0
2030,sc01,04-14 02:00:00+02:00,Biomass 13,0.01617
2030,sc01,04-14 02:00:00+02:00,CT NG 71,0.0
2030,sc01,04-14 02:00:00+02:00,Solar 58,0.0
2030,sc01,04-14 02:00:00+02:00,Solar 06,0.0
2030,sc01,04-14 02:00:00+02:00,Biomass 08,0.03626
2030,sc01,04-14 02:00:00+02:00,CT NG 72,0.0
2030,sc01,04-14 02:00:00+02:00,Hydro 18,0.04552443
2030,sc01,04-14 02:00:00+02:00,Solar 10,0.0
2030,sc01,04-14 02:00:00+02:00,CT NG 04,0.0
2030,sc01,04-14 02:00:00+02:00,ST Other 02,0.0
2030,sc01,04-14 02:00:00+02:00,CT NG 12,0.0
2030,sc01,04-14 02:00:00+02:00,CT NG 48,0.0
2030,sc01,04-14 02:00:00+02:00,ST NG 10,0.0
2030,sc01,04-14 02:00:00+02:00,Solar 22,0.0
2030,sc01,04-14 02:00:00+02:00,Solar 28,0.0
2030,sc01,04-14 02:00:00+02:00,CT NG 73,0.0
2030,sc01,04-14 02:00:00+02:00,Biomass 52,0.0
2030,sc01,04-14 02:00:00+02:00,CT NG 30,0.0
2030,sc01,04-14 02:00:00+02:00,Solar 54,0.0
2030,sc01,04-14 02:00:00+02:00,Solar 31,0.0
2030,sc01,04-14 02:00:00+02:00,Biomass 03,0.0
2030,sc01,04-14 02:00:00+02:00,CT NG 32,0.0
2030,sc01,04-14 02:00:00+02:00,Biomass 27,0.08281
2030,sc01,04-14 02:00:00+02:00,CC NG 14,0.0
2030,sc01,04-14 02:00:00+02:00,CC NG 03,0.0
2030,sc01,04-14 02:00:00+02:00,CC NG 29,0.0
2030,sc01,04-14 02:00:00+02:00,CC NG 28,0.0
2030,sc01,04-14 02:00:00+02:00,CC NG 25,0.0
2030,sc01,04-14 02:00:00+02:00,CT NG 44,0.0
2030,sc01,04-14 02:00:00+02:00,CT NG 14,0.0
2030,sc01,04-14 02:00:00+02:00,CC NG 15,0.0
2030,sc01,04-14 02:00:00+02:00,CC NG 04,0.0
2030,sc01,04-14 02:00:00+02:00,Biomass 29,0.08281
2030,sc01,04-14 02:00:00+02:00,Wind 14,12.989896963808096
2030,sc01,04-14 02:00:00+02:00,Wind 08,2.15305742456
2030,sc01,04-14 02:00:00+02:00,Biomass 61,0.0
2030,sc01,04-14 02:00:00+02:00,CT NG 35,0.0
2030,sc01,04-14 02:00:00+02:00,Solar 33,0.0
2030,sc01,04-14 02:00:00+02:00,CT NG 41,0.0
2030,sc01,04-14 02:00:00+02:00,CT NG 15,0.0
2030,sc01,04-14 02:00:00+02:00,Solar 42,0.0
2030,sc01,04-14 02:00:00+02:00,Solar 07,0.0
2030,sc01,04-14 02:00:00+02:00,Solar 43,0.0
2030,sc01,04-14 02:00:00+02:00,Biomass 05,0.02156
2030,sc01,04-14 02:00:00+02:00,CT NG 29,0.0
2030,sc01,04-14 02:00:00+02:00,Solar 71,0.0
2030,sc01,04-14 02:00:00+02:00,CT NG 53,0.0
2030,sc01,04-14 02:00:00+02:00,CT NG 20,0.0
2030,sc01,04-14 02:00:00+02:00,Biomass 14,0.035769999999999996
2030,sc01,04-14 02:00:00+02:00,Solar 26,0.0
2030,sc01,04-14 02:00:00+02:00,Hydro 29,0.0
2030,sc01,04-14 02:00:00+02:00,Hydro 31,0.0
2030,sc01,04-14 02:00:00+02:00,Biomass 24,0.02156
2030,sc01,04-14 02:00:00+02:00,Biomass 54,0.11661999999999999
2030,sc01,04-14 02:00:00+02:00,Solar 36,0.0
2030,sc01,04-14 02:00:00+02:00,Wind 03,0.063654058776
2030,sc01,04-14 02:00:00+02:00,Biomass 40,0.0
2030,sc01,04-14 02:00:00+02:00,Biomass 49,0.0
2030,sc01,04-14 02:00:00+02:00,CC NG 16,0.0
2030,sc01,04-14 02:00:00+02:00,Biomass 48,0.0
2030,sc01,04-14 02:00:00+02:00,Hydro 28,13.290097410354436
2030,sc01,04-14 02:00:00+02:00,Biomass 17,0.01078
2030,sc01,04-14 02:00:00+02:00,CT NG 33,0.0
2030,sc01,04-14 02:00:00+02:00,Solar 45,0.0
2030,sc01,04-14 02:00:00+02:00,Hydro 24,0.0
2030,sc01,04-14 02:00:00+02:00,Wind 13,4.8595031072
2030,sc01,04-14 02:00:00+02:00,Biomass 07,0.098
2030,sc01,04-14 02:00:00+02:00,Biomass 34,0.0
2030,sc01,04-14 02:00:00+02:00,Biomass 33,0.0
2030,sc01,04-14 02:00:00+02:00,CT NG 01,0.0
2030,sc01,04-14 02:00:00+02:00,ICE NG 03,0.0
2030,sc01,04-14 02:00:00+02:00,Solar 55,0.0
2030,sc01,04-14 02:00:00+02:00,Solar 11,0.0
2030,sc01,04-14 02:00:00+02:00,CT NG 06,0.0
2030,sc01,04-14 02:00:00+02:00,CT NG 70,0.0
2030,sc01,04-14 02:00:00+02:00,Solar 23,0.0
2030,sc01,04-14 02:00:00+02:00,CT NG 67,0.0
2030,sc01,04-14 02:00:00+02:00,Solar 12,0.0
2030,sc01,04-14 02:00:00+02:00,CT Oil 01,0.0
2030,sc01,04-14 02:00:00+02:00,Hydro 26,0.0
2030,sc01,04-14 02:00:00+02:00,CC NG 22,0.0
2030,sc01,04-14 02:00:00+02:00,CC NG 35,0.0
2030,sc01,04-14 02:00:00+02:00,Biomass 50,0.0
2030,sc01,04-14 02:00:00+02:00,ICE NG 04,0.0
2030,sc01,04-14 02:00:00+02:00,CC NG 39,0.0
2030,sc01,04-14 02:00:00+02:00,Hydro 32,0.0
2030,sc01,04-14 02:00:00+02:00,ICE NG 07,0.0
2030,sc01,04-14 02:00:00+02:00,Biomass 46,0.0
2030,sc01,04-14 02:00:00+02:00,CC NG 38,0.0
2030,sc01,04-14 02:00:00+02:00,CC NG 12,0.0
2030,sc01,04-14 02:00:00+02:00,Solar 57,0.0
2030,sc01,04-14 02:00:00+02:00,CC NG 32,0.0
2030,sc01,04-14 02:00:00+02:00,CC NG 07,0.0
2030,sc01,04-14 02:00:00+02:00,Biomass 44,0.0
2030,sc01,04-14 02:00:00+02:00,CT NG 40,0.0
2030,sc01,04-14 02:00:00+02:00,Solar 74,0.0
2030,sc01,04-14 02:00:00+02:00,Hydro 30,0.0
2030,sc01,04-14 02:00:00+02:00,CT NG 42,0.0
2030,sc01,04-14 02:00:00+02:00,Hydro 22,0.6092062199999999
2030,sc01,04-14 02:00:00+02:00,Solar 17,0.0
2030,sc01,04-14 02:00:00+02:00,Solar 38,0.0
2030,sc01,04-14 02:00:00+02:00,CT NG 24,0.0
2030,sc01,04-14 02:00:00+02:00,CC NG 27,0.0
2030,sc01,04-14 02:00:00+02:00,Biomass 21,0.01715
2030,sc01,04-14 02:00:00+02:00,ICE NG 06,0.0
2030,sc01,04-14 02:00:00+02:00,Biomass 25,0.02156
2030,sc01,04-14 02:00:00+02:00,Solar 27,0.0
2030,sc01,04-14 02:00:00+02:00,CT NG 19,0.0
2030,sc01,04-14 02:00:00+02:00,Biomass 42,0.0
2030,sc01,04-14 02:00:00+02:00,Biomass 19,0.01715
2030,sc01,04-14 02:00:00+02:00,Biomass 06,0.02156
2030,sc01,04-14 02:00:00+02:00,CT NG 10,0.0
2030,sc01,04-14 02:00:00+02:00,CC NG 40,0.0
2030,sc01,04-14 02:00:00+02:00,CC NG 21,0.0
2030,sc01,04-14 02:00:00+02:00,Biomass 02,0.049
2030,sc01,04-14 02:00:00+02:00,CT NG 46,0.0
2030,sc01,04-14 02:00:00+02:00,Hydro 34,0.0
2030,sc01,04-14 02:00:00+02:00,Biomass 10,0.03626
2030,sc01,04-14 02:00:00+02:00,CT NG 17,0.0
2030,sc01,04-14 02:00:00+02:00,Biomass 62,0.07153999999999999
2030,sc01,04-14 02:00:00+02:00,Biomass 32,0.058309999999999994
2030,sc01,04-14 02:00:00+02:00,CC NG 19,1.6148181239200357
2030,sc01,04-14 02:00:00+02:00,CC NG 17,0.0
2030,sc01,04-14 02:00:00+02:00,ST NG 01,0.0
2030,sc01,04-14 02:00:00+02:00,Biomass 45,0.0
2030,sc01,04-14 02:00:00+02:00,Biomass 28,0.08281
2030,sc01,04-14 02:00:00+02:00,CC NG 10,0.0
2030,sc01,04-14 02:00:00+02:00,Biomass 23,0.02156
2030,sc01,04-14 02:00:00+02:00,ST NG 06,0.0
2030,sc01,04-14 02:00:00+02:00,Wind 10,2.08900091428
2030,sc01,04-14 02:00:00+02:00,CT NG 69,0.0
2030,sc01,04-14 02:00:00+02:00,CT NG 68,0.0
2030,sc01,04-14 05:00:00+02:00,CC NG 13,0.0
2030,sc01,04-14 05:00:00+02:00,CT NG 37,0.0
2030,sc01,04-14 05:00:00+02:00,ST Coal 01,0.0
2030,sc01,04-14 05:00:00+02:00,CT NG 09,0.0
2030,sc01,04-14 05:00:00+02:00,CT NG 47,0.0
2030,sc01,04-14 05:00:00+02:00,Solar 69,0.1406067984
2030,sc01,04-14 05:00:00+02:00,Solar 34,0.27376149204
2030,sc01,04-14 05:00:00+02:00,Solar 73,0.0
2030,sc01,04-14 05:00:00+02:00,Biomass 37,0.0
2030,sc01,04-14 05:00:00+02:00,Hydro 20,0.10442245611258844
2030,sc01,04-14 05:00:00+02:00,Solar 01,0.0
2030,sc01,04-14 05:00:00+02:00,Solar 62,0.0
2030,sc01,04-14 05:00:00+02:00,Solar 02,0.051432211224000005
2030,sc01,04-14 05:00:00+02:00,CT NG 26,0.0
2030,sc01,04-14 05:00:00+02:00,Biomass 20,0.00945
2030,sc01,04-14 05:00:00+02:00,Wind 16,0.0
2030,sc01,04-14 05:00:00+02:00,CT NG 66,0.0
2030,sc01,04-14 05:00:00+02:00,Solar 39,0.0
2030,sc01,04-14 05:00:00+02:00,Biomass 41,0.0
2030,sc01,04-14 05:00:00+02:00,Solar 72,0.031078535976
2030,sc01,04-14 05:00:00+02:00,ST NG 03,0.0
2030,sc01,04-14 05:00:00+02:00,Hydro 21,0.0
2030,sc01,04-14 05:00:00+02:00,CT NG 03,0.0
2030,sc01,04-14 05:00:00+02:00,CC NG 09,0.0
2030,sc01,04-14 05:00:00+02:00,CT Oil 02,0.0
2030,sc01,04-14 05:00:00+02:00,CT NG 39,0.0
2030,sc01,04-14 05:00:00+02:00,CC NG 08,0.0
2030,sc01,04-14 05:00:00+02:00,Biomass 43,0.0
2030,sc01,04-14 05:00:00+02:00,CT NG 18,0.10203569999999998
2030,sc01,04-14 05:00:00+02:00,ST NG 07,0.0
2030,sc01,04-14 05:00:00+02:00,Biomass 35,0.0
2030,sc01,04-14 05:00:00+02:00,Solar 32,0.42661544346
2030,sc01,04-14 05:00:00+02:00,Biomass 15,0.00594
2030,sc01,04-14 05:00:00+02:00,CC NG 31,0.0
2030,sc01,04-14 05:00:00+02:00,Solar 16,0.0
2030,sc01,04-14 05:00:00+02:00,Solar 68,0.07671532312799999
2030,sc01,04-14 05:00:00+02:00,CT NG 21,0.0
2030,sc01,04-14 05:00:00+02:00,Wind 11,0.92489127858
2030,sc01,04-14 05:00:00+02:00,CC NG 37,0.0
2030,sc01,04-14 05:00:00+02:00,CT NG 22,0.0
2030,sc01,04-14 05:00:00+02:00,Hydro 16,0.0
2030,sc01,04-14 05:00:00+02:00,Biomass 59,0.11178000000000002
2030,sc01,04-14 05:00:00+02:00,CC NG 01,0.0
2030,sc01,04-14 05:00:00+02:00,Biomass 16,0.00594
2030,sc01,04-14 05:00:00+02:00,Solar 03,0.0
2030,sc01,04-14 05:00:00+02:00,Solar 44,0.0
2030,sc01,04-14 05:00:00+02:00,CT NG 08,0.0
2030,sc01,04-14 05:00:00+02:00,Wind 05,0.035389906344
2030,sc01,04-14 05:00:00+02:00,Biomass 26,0.04563
2030,sc01,04-14 05:00:00+02:00,Solar 37,0.033177846672
2030,sc01,04-14 05:00:00+02:00,Biomass 11,0.00891
2030,sc01,04-14 05:00:00+02:00,Solar 59,0.0
2030,sc01,04-14 05:00:00+02:00,CT NG 11,0.0
2030,sc01,04-14 05:00:00+02:00,Biomass 30,0.04563
2030,sc01,04-14 05:00:00+02:00,Hydro 23,0.0
2030,sc01,04-14 05:00:00+02:00,CC NG 24,0.0
2030,sc01,04-14 05:00:00+02:00,Solar 65,0.0
2030,sc01,04-14 05:00:00+02:00,CC NG 18,0.0
2030,sc01,04-14 05:00:00+02:00,CT NG 16,0.0
2030,sc01,04-14 05:00:00+02:00,Solar 51,0.0
2030,sc01,04-14 05:00:00+02:00,Wind 06,0.77045533425
2030,sc01,04-14 05:00:00+02:00,CC NG 26,0.0
2030,sc01,04-14 05:00:00+02:00,CC NG 23,0.0
2030,sc01,04-14 05:00:00+02:00,CT NG 43,0.0
2030,sc01,04-14 05:00:00+02:00,CC NG 11,0.0
2030,sc01,04-14 05:00:00+02:00,CT NG 02,0.0
2030,sc01,04-14 05:00:00+02:00,CT NG 50,0.0
2030,sc01,04-14 05:00:00+02:00,Hydro 27,0.0
2030,sc01,04-14 05:00:00+02:00,CT NG 13,0.0
2030,sc01,04-14 05:00:00+02:00,CT NG 25,0.0
2030,sc01,04-14 05:00:00+02:00,CC NG 05,0.0
2030,sc01,04-14 05:00:00+02:00,Solar 04,0.0
2030,sc01,04-14 05:00:00+02:00,Solar 30,0.0
2030,sc01,04-14 05:00:00+02:00,Solar 29,0.0
2030,sc01,04-14 05:00:00+02:00,Solar 53,0.0
2030,sc01,04-14 05:00:00+02:00,Solar 21,0.0
2030,sc01,04-14 05:00:00+02:00,Biomass 58,0.04941
2030,sc01,04-14 05:00:00+02:00,CT NG 74,0.0
2030,sc01,04-14 05:00:00+02:00,Solar 61,0.0
2030,sc01,04-14 05:00:00+02:00,Wind 07,0.8811853245000001
2030,sc01,04-14 05:00:00+02:00,Biomass 31,0.04563
2030,sc01,04-14 05:00:00+02:00,CT Oil 05,0.0
2030,sc01,04-14 05:00:00+02:00,Biomass 38,0.0
2030,sc01,04-14 05:00:00+02:00,Solar 41,0.0
2030,sc01,04-14 05:00:00+02:00,Biomass 51,0.0
2030,sc01,04-14 05:00:00+02:00,Biomass 55,0.06426
2030,sc01,04-14 05:00:00+02:00,Wind 15,2.6399008484885353
2030,sc01,04-14 05:00:00+02:00,Geo 01,0.0
2030,sc01,04-14 05:00:00+02:00,Biomass 60,0.0729
2030,sc01,04-14 05:00:00+02:00,CT NG 38,0.0
2030,sc01,04-14 05:00:00+02:00,Solar 66,0.0
2030,sc01,04-14 05:00:00+02:00,Solar 49,0.0
2030,sc01,04-14 05:00:00+02:00,CT NG 51,0.0
2030,sc01,04-14 05:00:00+02:00,Biomass 18,0.00594
2030,sc01,04-14 05:00:00+02:00,ICE NG 01,0.0
2030,sc01,04-14 05:00:00+02:00,Solar 15,0.0
2030,sc01,04-14 05:00:00+02:00,ICE NG 05,0.0
2030,sc01,04-14 05:00:00+02:00,CT Oil 04,0.0
2030,sc01,04-14 05:00:00+02:00,CC NG 20,0.0
2030,sc01,04-14 05:00:00+02:00,Solar 20,0.0
2030,sc01,04-14 05:00:00+02:00,Biomass 04,0.0
2030,sc01,04-14 05:00:00+02:00,Wind 02,1.25447785074
2030,sc01,04-14 05:00:00+02:00,Hydro 25,0.0
2030,sc01,04-14 05:00:00+02:00,Solar 75,0.0
2030,sc01,04-14 05:00:00+02:00,Hydro 33,0.0
2030,sc01,04-14 05:00:00+02:00,ST NG 05,0.0
2030,sc01,04-14 05:00:00+02:00,CT NG 07,0.0
2030,sc01,04-14 05:00:00+02:00,Wind 01,0.55078834518
2030,sc01,04-14 05:00:00+02:00,Solar 56,0.0
2030,sc01,04-14 05:00:00+02:00,Biomass 09,0.01998
2030,sc01,04-14 05:00:00+02:00,Biomass 53,0.06426
2030,sc01,04-14 05:00:00+02:00,Wind 17,13.377316541399999
2030,sc01,04-14 05:00:00+02:00,ST NG 08,0.0
2030,sc01,04-14 05:00:00+02:00,Hydro 19,0.0
2030,sc01,04-14 05:00:00+02:00,ST NG 02,0.0
2030,sc01,04-14 05:00:00+02:00,Biomass 01,0.027
2030,sc01,04-14 05:00:00+02:00,Biomass 57,0.04941
2030,sc01,04-14 05:00:00+02:00,CT NG 49,0.0
2030,sc01,04-14 05:00:00+02:00,CT NG 31,0.0
2030,sc01,04-14 05:00:00+02:00,Solar 64,0.0
2030,sc01,04-14 05:00:00+02:00,CC NG 33,0.0
2030,sc01,04-14 05:00:00+02:00,Solar 46,0.0
2030,sc01,04-14 05:00:00+02:00,Biomass 12,0.00891
2030,sc01,04-14 05:00:00+02:00,Wind 04,0.043107531264
2030,sc01,04-14 05:00:00+02:00,Solar 13,0.0
2030,sc01,04-14 05:00:00+02:00,CT NG 55,0.0
2030,sc01,04-14 05:00:00+02:00,Wind N03,104.34152728579207
2030,sc01,04-14 05:00:00+02:00,CT NG 28,0.0
2030,sc01,04-14 05:00:00+02:00,Wind 09,0.45406238526
2030,sc01,04-14 05:00:00+02:00,Solar 60,0.0
2030,sc01,04-14 05:00:00+02:00,Solar 25,0.0
2030,sc01,04-14 05:00:00+02:00,CT NG 23,0.0
2030,sc01,04-14 05:00:00+02:00,ST Other 01,0.0
2030,sc01,04-14 05:00:00+02:00,Solar 70,0.15647478156
2030,sc01,04-14 05:00:00+02:00,CC NG 34,0.0
2030,sc01,04-14 05:00:00+02:00,Solar 48,0.0
2030,sc01,04-14 05:00:00+02:00,Biomass 56,0.05616000000000001
2030,sc01,04-14 05:00:00+02:00,CT NG 36,0.0
2030,sc01,04-14 05:00:00+02:00,Solar 47,0.0
2030,sc01,04-14 05:00:00+02:00,Hydro 17,0.007351965000000001
2030,sc01,04-14 05:00:00+02:00,Solar 09,0.0
2030,sc01,04-14 05:00:00+02:00,Solar 08,0.0
2030,sc01,04-14 05:00:00+02:00,CT NG 45,0.0
2030,sc01,04-14 05:00:00+02:00,ST NG 04,0.0
2030,sc01,04-14 05:00:00+02:00,Solar 40,0.0
2030,sc01,04-14 05:00:00+02:00,Biomass 47,0.0
2030,sc01,04-14 05:00:00+02:00,Solar 50,0.0
2030,sc01,04-14 05:00:00+02:00,Solar 52,0.0
2030,sc01,04-14 05:00:00+02:00,Solar 63,0.0
2030,sc01,04-14 05:00:00+02:00,CC NG 06,0.0
2030,sc01,04-14 05:00:00+02:00,Biomass 39,0.0
2030,sc01,04-14 05:00:00+02:00,Solar 67,0.0
2030,sc01,04-14 05:00:00+02:00,Solar 19,0.0
2030,sc01,04-14 05:00:00+02:00,Wind 12,3.051345141
2030,sc01,04-14 05:00:00+02:00,Solar 24,0.0
2030,sc01,04-14 05:00:00+02:00,ICE NG 02,0.0
2030,sc01,04-14 05:00:00+02:00,Solar 05,0.0
2030,sc01,04-14 05:00:00+02:00,CT NG 54,0.0
2030,sc01,04-14 05:00:00+02:00,Wind N01,28.948659012
2030,sc01,04-14 05:00:00+02:00,CT NG 27,0.0
2030,sc01,04-14 05:00:00+02:00,CC NG 36,0.0
2030,sc01,04-14 05:00:00+02:00,Wind N02,66.77078081399999
2030,sc01,04-14 05:00:00+02:00,CT NG 52,0.0
2030,sc01,04-14 05:00:00+02:00,Solar 35,0.057835169856000006
2030,sc01,04-14 05:00:00+02:00,CT NG 05,0.0
2030,sc01,04-14 05:00:00+02:00,Biomass 36,0.0
2030,sc01,04-14 05:00:00+02:00,CT NG 34,0.0
2030,sc01,04-14 05:00:00+02:00,CT Oil 03,0.0
2030,sc01,04-14 05:00:00+02:00,Hydro 35,0.0
2030,sc01,04-14 05:00:00+02:00,Solar 14,0.0
2030,sc01,04-14 05:00:00+02:00,CT NG 75,0.0
2030,sc01,04-14 05:00:00+02:00,ST NG 09,0.0
2030,sc01,04-14 05:00:00+02:00,CT NG 56,0.0
2030,sc01,04-14 05:00:00+02:00,Biomass 22,0.00945
2030,sc01,04-14 05:00:00+02:00,Solar 18,0.0
2030,sc01,04-14 05:00:00+02:00,Biomass 13,0.00891
2030,sc01,04-14 05:00:00+02:00,CT NG 71,0.0
2030,sc01,04-14 05:00:00+02:00,Solar 58,0.0
2030,sc01,04-14 05:00:00+02:00,Solar 06,0.0
2030,sc01,04-14 05:00:00+02:00,Biomass 08,0.01998
2030,sc01,04-14 05:00:00+02:00,CT NG 72,0.0
2030,sc01,04-14 05:00:00+02:00,Hydro 18,0.025323435000000002
2030,sc01,04-14 05:00:00+02:00,Solar 10,0.0
2030,sc01,04-14 05:00:00+02:00,CT NG 04,0.0
2030,sc01,04-14 05:00:00+02:00,ST Other 02,0.0
2030,sc01,04-14 05:00:00+02:00,CT NG 12,0.0
2030,sc01,04-14 05:00:00+02:00,CT NG 48,0.0
2030,sc01,04-14 05:00:00+02:00,ST NG 10,0.0
2030,sc01,04-14 05:00:00+02:00,Solar 22,0.0
2030,sc01,04-14 05:00:00+02:00,Solar 28,0.0
2030,sc01,04-14 05:00:00+02:00,CT NG 73,0.0
2030,sc01,04-14 05:00:00+02:00,Biomass 52,0.0
2030,sc01,04-14 05:00:00+02:00,CT NG 30,0.0
2030,sc01,04-14 05:00:00+02:00,Solar 54,0.0
2030,sc01,04-14 05:00:00+02:00,Solar 31,0.31458299427
2030,sc01,04-14 05:00:00+02:00,Biomass 03,0.0
2030,sc01,04-14 05:00:00+02:00,CT NG 32,0.0
2030,sc01,04-14 05:00:00+02:00,Biomass 27,0.04563
2030,sc01,04-14 05:00:00+02:00,CC NG 14,0.0
2030,sc01,04-14 05:00:00+02:00,CC NG 03,0.0
2030,sc01,04-14 05:00:00+02:00,CC NG 29,0.0
2030,sc01,04-14 05:00:00+02:00,CC NG 28,0.0
2030,sc01,04-14 05:00:00+02:00,CC NG 25,0.0
2030,sc01,04-14 05:00:00+02:00,CT NG 44,0.0
2030,sc01,04-14 05:00:00+02:00,CT NG 14,0.0
2030,sc01,04-14 05:00:00+02:00,CC NG 15,0.0
2030,sc01,04-14 05:00:00+02:00,CC NG 04,0.0
2030,sc01,04-14 05:00:00+02:00,Biomass 29,0.04563
2030,sc01,04-14 05:00:00+02:00,Wind 14,8.791727658794667
2030,sc01,04-14 05:00:00+02:00,Wind 08,0.50459516595
2030,sc01,04-14 05:00:00+02:00,Biomass 61,0.0
2030,sc01,04-14 05:00:00+02:00,CT NG 35,0.0
2030,sc01,04-14 05:00:00+02:00,Solar 33,0.31729287222
2030,sc01,04-14 05:00:00+02:00,CT NG 41,0.0
2030,sc01,04-14 05:00:00+02:00,CT NG 15,0.0
2030,sc01,04-14 05:00:00+02:00,Solar 42,0.0
2030,sc01,04-14 05:00:00+02:00,Solar 07,0.0
2030,sc01,04-14 05:00:00+02:00,Solar 43,0.0
2030,sc01,04-14 05:00:00+02:00,Biomass 05,0.01188
2030,sc01,04-14 05:00:00+02:00,CT NG 29,0.0
2030,sc01,04-14 05:00:00+02:00,Solar 71,0.0
2030,sc01,04-14 05:00:00+02:00,CT NG 53,0.0
2030,sc01,04-14 05:00:00+02:00,CT NG 20,0.0
2030,sc01,04-14 05:00:00+02:00,Biomass 14,0.01971
2030,sc01,04-14 05:00:00+02:00,Solar 26,0.0
2030,sc01,04-14 05:00:00+02:00,Hydro 29,0.0
2030,sc01,04-14 05:00:00+02:00,Hydro 31,0.0
2030,sc01,04-14 05:00:00+02:00,Biomass 24,0.01188
2030,sc01,04-14 05:00:00+02:00,Biomass 54,0.06426
2030,sc01,04-14 05:00:00+02:00,Solar 36,0.08763462122400001
2030,sc01,04-14 05:00:00+02:00,Wind 03,0.09425290744800001
2030,sc01,04-14 05:00:00+02:00,Biomass 40,0.0
2030,sc01,04-14 05:00:00+02:00,Biomass 49,0.0
2030,sc01,04-14 05:00:00+02:00,CC NG 16,15.91966317259841
2030,sc01,04-14 05:00:00+02:00,Biomass 48,0.0
2030,sc01,04-14 05:00:00+02:00,Hydro 28,0.0
2030,sc01,04-14 05:00:00+02:00,Biomass 17,0.00594
2030,sc01,04-14 05:00:00+02:00,CT NG 33,0.0
2030,sc01,04-14 05:00:00+02:00,Solar 45,0.0
2030,sc01,04-14 05:00:00+02:00,Hydro 24,0.0
2030,sc01,04-14 05:00:00+02:00,Wind 13,1.7971195545
2030,sc01,04-14 05:00:00+02:00,Biomass 07,0.054
2030,sc01,04-14 05:00:00+02:00,Biomass 34,0.0
2030,sc01,04-14 05:00:00+02:00,Biomass 33,0.0
2030,sc01,04-14 05:00:00+02:00,CT NG 01,0.0
2030,sc01,04-14 05:00:00+02:00,ICE NG 03,0.0
2030,sc01,04-14 05:00:00+02:00,Solar 55,0.0
2030,sc01,04-14 05:00:00+02:00,Solar 11,0.0
2030,sc01,04-14 05:00:00+02:00,CT NG 06,0.0
2030,sc01,04-14 05:00:00+02:00,CT NG 70,0.0
2030,sc01,04-14 05:00:00+02:00,Solar 23,0.0
2030,sc01,04-14 05:00:00+02:00,CT NG 67,0.0
2030,sc01,04-14 05:00:00+02:00,Solar 12,0.0
2030,sc01,04-14 05:00:00+02:00,CT Oil 01,0.0
2030,sc01,04-14 05:00:00+02:00,Hydro 26,0.0
2030,sc01,04-14 05:00:00+02:00,CC NG 22,0.0
2030,sc01,04-14 05:00:00+02:00,CC NG 35,0.0
2030,sc01,04-14 05:00:00+02:00,Biomass 50,0.0
2030,sc01,04-14 05:00:00+02:00,ICE NG 04,0.0
2030,sc01,04-14 05:00:00+02:00,CC NG 39,0.0
2030,sc01,04-14 05:00:00+02:00,Hydro 32,0.0
2030,sc01,04-14 05:00:00+02:00,ICE NG 07,0.0
2030,sc01,04-14 05:00:00+02:00,Biomass 46,0.0
2030,sc01,04-14 05:00:00+02:00,CC NG 38,0.0
2030,sc01,04-14 05:00:00+02:00,CC NG 12,0.0
2030,sc01,04-14 05:00:00+02:00,Solar 57,0.0
2030,sc01,04-14 05:00:00+02:00,CC NG 32,0.0
2030,sc01,04-14 05:00:00+02:00,CC NG 07,0.0
2030,sc01,04-14 05:00:00+02:00,Biomass 44,0.0
2030,sc01,04-14 05:00:00+02:00,CT NG 40,0.0
2030,sc01,04-14 05:00:00+02:00,Solar 74,0.0
2030,sc01,04-14 05:00:00+02:00,Hydro 30,0.0
2030,sc01,04-14 05:00:00+02:00,CT NG 42,0.0
2030,sc01,04-14 05:00:00+02:00,Hydro 22,0.0
2030,sc01,04-14 05:00:00+02:00,Solar 17,0.0
2030,sc01,04-14 05:00:00+02:00,Solar 38,0.0
2030,sc01,04-14 05:00:00+02:00,CT NG 24,0.0
2030,sc01,04-14 05:00:00+02:00,CC NG 27,0.0
2030,sc01,04-14 05:00:00+02:00,Biomass 21,0.00945
2030,sc01,04-14 05:00:00+02:00,ICE NG 06,0.0
2030,sc01,04-14 05:00:00+02:00,Biomass 25,0.01188
2030,sc01,04-14 05:00:00+02:00,Solar 27,0.0
2030,sc01,04-14 05:00:00+02:00,CT NG 19,0.0
2030,sc01,04-14 05:00:00+02:00,Biomass 42,0.0
2030,sc01,04-14 05:00:00+02:00,Biomass 19,0.00945
2030,sc01,04-14 05:00:00+02:00,Biomass 06,0.01188
2030,sc01,04-14 05:00:00+02:00,CT NG 10,0.0
2030,sc01,04-14 05:00:00+02:00,CC NG 40,0.0
2030,sc01,04-14 05:00:00+02:00,CC NG 21,0.0
2030,sc01,04-14 05:00:00+02:00,Biomass 02,0.027
2030,sc01,04-14 05:00:00+02:00,CT NG 46,0.0
2030,sc01,04-14 05:00:00+02:00,Hydro 34,0.0
2030,sc01,04-14 05:00:00+02:00,Biomass 10,0.01998
2030,sc01,04-14 05:00:00+02:00,CT NG 17,0.0
2030,sc01,04-14 05:00:00+02:00,Biomass 62,0.03942
2030,sc01,04-14 05:00:00+02:00,Biomass 32,0.03213
2030,sc01,04-14 05:00:00+02:00,CC NG 19,3.65526
2030,sc01,04-14 05:00:00+02:00,CC NG 17,0.0
2030,sc01,04-14 05:00:00+02:00,ST NG 01,0.0
2030,sc01,04-14 05:00:00+02:00,Biomass 45,0.0
2030,sc01,04-14 05:00:00+02:00,Biomass 28,0.04563
2030,sc01,04-14 05:00:00+02:00,CC NG 10,0.0
2030,sc01,04-14 05:00:00+02:00,Biomass 23,0.01188
2030,sc01,04-14 05:00:00+02:00,ST NG 06,0.0
2030,sc01,04-14 05:00:00+02:00,Wind 10,0.49103019963
2030,sc01,04-14 05:00:00+02:00,CT NG 69,0.0
2030,sc01,04-14 05:00:00+02:00,CT NG 68,0.0
2030,sc01,04-14 13:00:00+02:00,CC NG 13,0.0
2030,sc01,04-14 13:00:00+02:00,CT NG 37,0.0
2030,sc01,04-14 13:00:00+02:00,ST Coal 01,0.0
2030,sc01,04-14 13:00:00+02:00,CT NG 09,0.0
2030,sc01,04-14 13:00:00+02:00,CT NG 47,0.0
2030,sc01,04-14 13:00:00+02:00,Solar 69,0.0
2030,sc01,04-14 13:00:00+02:00,Solar 34,0.0
2030,sc01,04-14 13:00:00+02:00,Solar 73,0.0
2030,sc01,04-14 13:00:00+02:00,Biomass 37,0.0
2030,sc01,04-14 13:00:00+02:00,Hydro 20,1.3489638
2030,sc01,04-14 13:00:00+02:00,Solar 01,29.396246465199997
2030,sc01,04-14 13:00:00+02:00,Solar 62,0.0
2030,sc01,04-14 13:00:00+02:00,Solar 02,13.7937963802
2030,sc01,04-14 13:00:00+02:00,CT NG 26,0.0
2030,sc01,04-14 13:00:00+02:00,Biomass 20,0.0161
2030,sc01,04-14 13:00:00+02:00,Wind 16,0.310345483792
2030,sc01,04-14 13:00:00+02:00,CT NG 66,0.0
2030,sc01,04-14 13:00:00+02:00,Solar 39,0.0
2030,sc01,04-14 13:00:00+02:00,Biomass 41,0.0
2030,sc01,04-14 13:00:00+02:00,Solar 72,0.0
2030,sc01,04-14 13:00:00+02:00,ST NG 03,0.0
2030,sc01,04-14 13:00:00+02:00,Hydro 21,0.0
2030,sc01,04-14 13:00:00+02:00,CT NG 03,0.0
2030,sc01,04-14 13:00:00+02:00,CC NG 09,0.0
2030,sc01,04-14 13:00:00+02:00,CT Oil 02,0.0
2030,sc01,04-14 13:00:00+02:00,CT NG 39,0.0
2030,sc01,04-14 13:00:00+02:00,CC NG 08,0.0
2030,sc01,04-14 13:00:00+02:00,Biomass 43,0.0
2030,sc01,04-14 13:00:00+02:00,CT NG 18,0.0
2030,sc01,04-14 13:00:00+02:00,ST NG 07,0.0
2030,sc01,04-14 13:00:00+02:00,Biomass 35,0.0
2030,sc01,04-14 13:00:00+02:00,Solar 32,0.0
2030,sc01,04-14 13:00:00+02:00,Biomass 15,0.01012
2030,sc01,04-14 13:00:00+02:00,CC NG 31,0.0
2030,sc01,04-14 13:00:00+02:00,Solar 16,1.94635189558
2030,sc01,04-14 13:00:00+02:00,Solar 68,0.0
2030,sc01,04-14 13:00:00+02:00,CT NG 21,0.0
2030,sc01,04-14 13:00:00+02:00,Wind 11,0.55504284342
2030,sc01,04-14 13:00:00+02:00,CC NG 37,0.0
2030,sc01,04-14 13:00:00+02:00,CT NG 22,0.0
2030,sc01,04-14 13:00:00+02:00,Hydro 16,0.0
2030,sc01,04-14 13:00:00+02:00,Biomass 59,0.19044000000000003
2030,sc01,04-14 13:00:00+02:00,CC NG 01,0.0
2030,sc01,04-14 13:00:00+02:00,Biomass 16,0.01012
2030,sc01,04-14 13:00:00+02:00,Solar 03,8.4033491794
2030,sc01,04-14 13:00:00+02:00,Solar 44,0.0
2030,sc01,04-14 13:00:00+02:00,CT NG 08,0.0
2030,sc01,04-14 13:00:00+02:00,Wind 05,0.036723273472
2030,sc01,04-14 13:00:00+02:00,Biomass 26,0.07773999999999999
2030,sc01,04-14 13:00:00+02:00,Solar 37,0.0
2030,sc01,04-14 13:00:00+02:00,Biomass 11,0.015179999999999999
2030,sc01,04-14 13:00:00+02:00,Solar 59,0.0
2030,sc01,04-14 13:00:00+02:00,CT NG 11,0.0
2030,sc01,04-14 13:00:00+02:00,Biomass 30,0.07773999999999999
2030,sc01,04-14 13:00:00+02:00,Hydro 23,0.0
2030,sc01,04-14 13:00:00+02:00,CC NG 24,0.0
2030,sc01,04-14 13:00:00+02:00,Solar 65,18.1988008714
2030,sc01,04-14 13:00:00+02:00,CC NG 18,0.0
2030,sc01,04-14 13:00:00+02:00,CT NG 16,0.0
2030,sc01,04-14 13:00:00+02:00,Solar 51,0.0
2030,sc01,04-14 13:00:00+02:00,Wind 06,0.5876919013999999
2030,sc01,04-14 13:00:00+02:00,CC NG 26,0.0
2030,sc01,04-14 13:00:00+02:00,CC NG 23,0.0
2030,sc01,04-14 13:00:00+02:00,CT NG 43,0.0
2030,sc01,04-14 13:00:00+02:00,CC NG 11,0.0
2030,sc01,04-14 13:00:00+02:00,CT NG 02,0.0
2030,sc01,04-14 13:00:00+02:00,CT NG 50,0.0
2030,sc01,04-14 13:00:00+02:00,Hydro 27,0.0
2030,sc01,04-14 13:00:00+02:00,CT NG 13,0.39186458988899175
2030,sc01,04-14 13:00:00+02:00,CT NG 25,0.0
2030,sc01,04-14 13:00:00+02:00,CC NG 05,0.0
2030,sc01,04-14 13:00:00+02:00,Solar 04,1.491057202
2030,sc01,04-14 13:00:00+02:00,Solar 30,1.6560000000000001
2030,sc01,04-14 13:00:00+02:00,Solar 29,2.39048906514
2030,sc01,04-14 13:00:00+02:00,Solar 53,0.0
2030,sc01,04-14 13:00:00+02:00,Solar 21,5.6576368852
2030,sc01,04-14 13:00:00+02:00,Biomass 58,0.08418
2030,sc01,04-14 13:00:00+02:00,CT NG 74,0.0
2030,sc01,04-14 13:00:00+02:00,Solar 61,0.0
2030,sc01,04-14 13:00:00+02:00,Wind 07,0.552290329
2030,sc01,04-14 13:00:00+02:00,Biomass 31,0.07773999999999999
2030,sc01,04-14 13:00:00+02:00,CT Oil 05,0.0
2030,sc01,04-14 13:00:00+02:00,Biomass 38,0.0
2030,sc01,04-14 13:00:00+02:00,Solar 41,0.0
2030,sc01,04-14 13:00:00+02:00,Biomass 51,0.0
2030,sc01,04-14 13:00:00+02:00,Biomass 55,0.10948
2030,sc01,04-14 13:00:00+02:00,Wind 15,4.25048208608
2030,sc01,04-14 13:00:00+02:00,Geo 01,0.0
2030,sc01,04-14 13:00:00+02:00,Biomass 60,0.1242
2030,sc01,04-14 13:00:00+02:00,CT NG 38,0.0
2030,sc01,04-14 13:00:00+02:00,Solar 66,34.96036547345533
2030,sc01,04-14 13:00:00+02:00,Solar 49,0.0
2030,sc01,04-14 13:00:00+02:00,CT NG 51,0.0
2030,sc01,04-14 13:00:00+02:00,Biomass 18,0.01012
2030,sc01,04-14 13:00:00+02:00,ICE NG 01,0.0
2030,sc01,04-14 13:00:00+02:00,Solar 15,3.2355512618599995
2030,sc01,04-14 13:00:00+02:00,ICE NG 05,0.0
2030,sc01,04-14 13:00:00+02:00,CT Oil 04,0.0
2030,sc01,04-14 13:00:00+02:00,CC NG 20,0.0
2030,sc01,04-14 13:00:00+02:00,Solar 20,2.9235700982
2030,sc01,04-14 13:00:00+02:00,Biomass 04,0.0
2030,sc01,04-14 13:00:00+02:00,Wind 02,0.97241263506
2030,sc01,04-14 13:00:00+02:00,Hydro 25,0.0
2030,sc01,04-14 13:00:00+02:00,Solar 75,11.04
2030,sc01,04-14 13:00:00+02:00,Hydro 33,0.0
2030,sc01,04-14 13:00:00+02:00,ST NG 05,0.0
2030,sc01,04-14 13:00:00+02:00,CT NG 07,0.0
2030,sc01,04-14 13:00:00+02:00,Wind 01,0.346672315648
2030,sc01,04-14 13:00:00+02:00,Solar 56,0.0
2030,sc01,04-14 13:00:00+02:00,Biomass 09,0.03404
2030,sc01,04-14 13:00:00+02:00,Biomass 53,0.10948
2030,sc01,04-14 13:00:00+02:00,Wind 17,15.942889898
2030,sc01,04-14 13:00:00+02:00,ST NG 08,0.0
2030,sc01,04-14 13:00:00+02:00,Hydro 19,0.0
2030,sc01,04-14 13:00:00+02:00,ST NG 02,0.0
2030,sc01,04-14 13:00:00+02:00,Biomass 01,0.046
2030,sc01,04-14 13:00:00+02:00,Biomass 57,0.08418
2030,sc01,04-14 13:00:00+02:00,CT NG 49,0.0
2030,sc01,04-14 13:00:00+02:00,CT NG 31,0.0
2030,sc01,04-14 13:00:00+02:00,Solar 64,7.728000000000001
2030,sc01,04-14 13:00:00+02:00,CC NG 33,0.0
2030,sc01,04-14 13:00:00+02:00,Solar 46,0.0
2030,sc01,04-14 13:00:00+02:00,Biomass 12,0.015179999999999999
2030,sc01,04-14 13:00:00+02:00,Wind 04,0.19768455913599997
2030,sc01,04-14 13:00:00+02:00,Solar 13,0.08122407716800001
2030,sc01,04-14 13:00:00+02:00,CT NG 55,0.0
2030,sc01,04-14 13:00:00+02:00,Wind N03,150.92564495166127
2030,sc01,04-14 13:00:00+02:00,CT NG 28,0.0
2030,sc01,04-14 13:00:00+02:00,Wind 09,0.53692243878
2030,sc01,04-14 13:00:00+02:00,Solar 60,0.0
2030,sc01,04-14 13:00:00+02:00,Solar 25,0.59563041212
2030,sc01,04-14 13:00:00+02:00,CT NG 23,0.0
2030,sc01,04-14 13:00:00+02:00,ST Other 01,0.0
2030,sc01,04-14 13:00:00+02:00,Solar 70,55.199999999999996
2030,sc01,04-14 13:00:00+02:00,CC NG 34,0.0
2030,sc01,04-14 13:00:00+02:00,Solar 48,0.0
2030,sc01,04-14 13:00:00+02:00,Biomass 56,0.09568000000000002
2030,sc01,04-14 13:00:00+02:00,CT NG 36,0.0
2030,sc01,04-14 13:00:00+02:00,Solar 47,0.0
2030,sc01,04-14 13:00:00+02:00,Hydro 17,0.0
2030,sc01,04-14 13:00:00+02:00,Solar 09,0.0
2030,sc01,04-14 13:00:00+02:00,Solar 08,0.0
2030,sc01,04-14 13:00:00+02:00,CT NG 45,0.0
2030,sc01,04-14 13:00:00+02:00,ST NG 04,0.0
2030,sc01,04-14 13:00:00+02:00,Solar 40,0.0
2030,sc01,04-14 13:00:00+02:00,Biomass 47,0.0
2030,sc01,04-14 13:00:00+02:00,Solar 50,0.0
2030,sc01,04-14 13:00:00+02:00,Solar 52,0.0
2030,sc01,04-14 13:00:00+02:00,Solar 63,20.4036147964
2030,sc01,04-14 13:00:00+02:00,CC NG 06,0.0
2030,sc01,04-14 13:00:00+02:00,Biomass 39,0.0
2030,sc01,04-14 13:00:00+02:00,Solar 67,0.0
2030,sc01,04-14 13:00:00+02:00,Solar 19,0.030719311152000002
2030,sc01,04-14 13:00:00+02:00,Wind 12,3.17414399012
2030,sc01,04-14 13:00:00+02:00,Solar 24,0.44425201886399995
2030,sc01,04-14 13:00:00+02:00,ICE NG 02,0.0
2030,sc01,04-14 13:00:00+02:00,Solar 05,0.0
2030,sc01,04-14 13:00:00+02:00,CT NG 54,0.0
2030,sc01,04-14 13:00:00+02:00,Wind N01,30.113673749
2030,sc01,04-14 13:00:00+02:00,CT NG 27,0.0
2030,sc01,04-14 13:00:00+02:00,CC NG 36,0.0
2030,sc01,04-14 13:00:00+02:00,Wind N02,9.537743771399999
2030,sc01,04-14 13:00:00+02:00,CT NG 52,0.0
2030,sc01,04-14 13:00:00+02:00,Solar 35,0.0
2030,sc01,04-14 13:00:00+02:00,CT NG 05,0.0
2030,sc01,04-14 13:00:00+02:00,Biomass 36,0.0
2030,sc01,04-14 13:00:00+02:00,CT NG 34,0.0
2030,sc01,04-14 13:00:00+02:00,CT Oil 03,0.0
2030,sc01,04-14 13:00:00+02:00,Hydro 35,0.0
2030,sc01,04-14 13:00:00+02:00,Solar 14,3.59720443302
2030,sc01,04-14 13:00:00+02:00,CT NG 75,0.0
2030,sc01,04-14 13:00:00+02:00,ST NG 09,0.0
2030,sc01,04-14 13:00:00+02:00,CT NG 56,0.0
2030,sc01,04-14 13:00:00+02:00,Biomass 22,0.0161
2030,sc01,04-14 13:00:00+02:00,Solar 18,3.79419827888
2030,sc01,04-14 13:00:00+02:00,Biomass 13,0.015179999999999999
2030,sc01,04-14 13:00:00+02:00,CT NG 71,0.0
2030,sc01,04-14 13:00:00+02:00,Solar 58,0.0
2030,sc01,04-14 13:00:00+02:00,Solar 06,0.0
2030,sc01,04-14 13:00:00+02:00,Biomass 08,0.03404
2030,sc01,04-14 13:00:00+02:00,CT NG 72,0.0
2030,sc01,04-14 13:00:00+02:00,Hydro 18,0.0
2030,sc01,04-14 13:00:00+02:00,Solar 10,2.81609089534
2030,sc01,04-14 13:00:00+02:00,CT NG 04,0.0
2030,sc01,04-14 13:00:00+02:00,ST Other 02,0.0
2030,sc01,04-14 13:00:00+02:00,CT NG 12,0.0
2030,sc01,04-14 13:00:00+02:00,CT NG 48,0.0
2030,sc01,04-14 13:00:00+02:00,ST NG 10,0.0
2030,sc01,04-14 13:00:00+02:00,Solar 22,2.4863668012
2030,sc01,04-14 13:00:00+02:00,Solar 28,2.2250087525400004
2030,sc01,04-14 13:00:00+02:00,CT NG 73,0.0
2030,sc01,04-14 13:00:00+02:00,Biomass 52,0.0
2030,sc01,04-14 13:00:00+02:00,CT NG 30,0.0
2030,sc01,04-14 13:00:00+02:00,Solar 54,0.0
2030,sc01,04-14 13:00:00+02:00,Solar 31,0.0
2030,sc01,04-14 13:00:00+02:00,Biomass 03,0.0
2030,sc01,04-14 13:00:00+02:00,CT NG 32,0.0
2030,sc01,04-14 13:00:00+02:00,Biomass 27,0.07773999999999999
2030,sc01,04-14 13:00:00+02:00,CC NG 14,0.0
2030,sc01,04-14 13:00:00+02:00,CC NG 03,0.0
2030,sc01,04-14 13:00:00+02:00,CC NG 29,0.0
2030,sc01,04-14 13:00:00+02:00,CC NG 28,0.0
2030,sc01,04-14 13:00:00+02:00,CC NG 25,0.0
2030,sc01,04-14 13:00:00+02:00,CT NG 44,0.0
2030,sc01,04-14 13:00:00+02:00,CT NG 14,0.9627983999999999
2030,sc01,04-14 13:00:00+02:00,CC NG 15,0.0
2030,sc01,04-14 13:00:00+02:00,CC NG 04,0.0
2030,sc01,04-14 13:00:00+02:00,Biomass 29,0.07773999999999999
2030,sc01,04-14 13:00:00+02:00,Wind 14,0.0
2030,sc01,04-14 13:00:00+02:00,Wind 08,0.5544110559600001
2030,sc01,04-14 13:00:00+02:00,Biomass 61,0.0
2030,sc01,04-14 13:00:00+02:00,CT NG 35,0.0
2030,sc01,04-14 13:00:00+02:00,Solar 33,0.0
2030,sc01,04-14 13:00:00+02:00,CT NG 41,0.0
2030,sc01,04-14 13:00:00+02:00,CT NG 15,0.0
2030,sc01,04-14 13:00:00+02:00,Solar 42,0.0
2030,sc01,04-14 13:00:00+02:00,Solar 07,0.0
2030,sc01,04-14 13:00:00+02:00,Solar 43,0.0
2030,sc01,04-14 13:00:00+02:00,Biomass 05,0.02024
2030,sc01,04-14 13:00:00+02:00,CT NG 29,0.0
2030,sc01,04-14 13:00:00+02:00,Solar 71,23.63040456852049
2030,sc01,04-14 13:00:00+02:00,CT NG 53,0.0
2030,sc01,04-14 13:00:00+02:00,CT NG 20,0.0
2030,sc01,04-14 13:00:00+02:00,Biomass 14,0.03358
2030,sc01,04-14 13:00:00+02:00,Solar 26,0.55159535042
2030,sc01,04-14 13:00:00+02:00,Hydro 29,0.0
2030,sc01,04-14 13:00:00+02:00,Hydro 31,0.0
2030,sc01,04-14 13:00:00+02:00,Biomass 24,0.02024
2030,sc01,04-14 13:00:00+02:00,Biomass 54,0.10948
2030,sc01,04-14 13:00:00+02:00,Solar 36,45.073927951734255
2030,sc01,04-14 13:00:00+02:00,Wind 03,0.45398735361600007
2030,sc01,04-14 13:00:00+02:00,Biomass 40,0.0
2030,sc01,04-14 13:00:00+02:00,Biomass 49,0.0
2030,sc01,04-14 13:00:00+02:00,CC NG 16,0.0
2030,sc01,04-14 13:00:00+02:00,Biomass 48,0.0
2030,sc01,04-14 13:00:00+02:00,Hydro 28,0.0
2030,sc01,04-14 13:00:00+02:00,Biomass 17,0.01012
2030,sc01,04-14 13:00:00+02:00,CT NG 33,0.0
2030,sc01,04-14 13:00:00+02:00,Solar 45,0.0
2030,sc01,04-14 13:00:00+02:00,Hydro 24,0.0
2030,sc01,04-14 13:00:00+02:00,Wind 13,1.50661404228
2030,sc01,04-14 13:00:00+02:00,Biomass 07,0.092
2030,sc01,04-14 13:00:00+02:00,Biomass 34,0.0
2030,sc01,04-14 13:00:00+02:00,Biomass 33,0.0
2030,sc01,04-14 13:00:00+02:00,CT NG 01,1.1321796000000002
2030,sc01,04-14 13:00:00+02:00,ICE NG 03,0.0
2030,sc01,04-14 13:00:00+02:00,Solar 55,0.0
2030,sc01,04-14 13:00:00+02:00,Solar 11,0.6093155726599999
2030,sc01,04-14 13:00:00+02:00,CT NG 06,0.0
2030,sc01,04-14 13:00:00+02:00,CT NG 70,0.0
2030,sc01,04-14 13:00:00+02:00,Solar 23,0.090222056944
2030,sc01,04-14 13:00:00+02:00,CT NG 67,0.0
2030,sc01,04-14 13:00:00+02:00,Solar 12,0.47167462566
2030,sc01,04-14 13:00:00+02:00,CT Oil 01,0.0
2030,sc01,04-14 13:00:00+02:00,Hydro 26,0.0
2030,sc01,04-14 13:00:00+02:00,CC NG 22,0.0
2030,sc01,04-14 13:00:00+02:00,CC NG 35,0.0
2030,sc01,04-14 13:00:00+02:00,Biomass 50,0.0
2030,sc01,04-14 13:00:00+02:00,ICE NG 04,0.0
2030,sc01,04-14 13:00:00+02:00,CC NG 39,0.0
2030,sc01,04-14 13:00:00+02:00,Hydro 32,0.0
2030,sc01,04-14 13:00:00+02:00,ICE NG 07,0.0
2030,sc01,04-14 13:00:00+02:00,Biomass 46,0.0
2030,sc01,04-14 13:00:00+02:00,CC NG 38,0.0
2030,sc01,04-14 13:00:00+02:00,CC NG 12,0.0
2030,sc01,04-14 13:00:00+02:00,Solar 57,0.0
2030,sc01,04-14 13:00:00+02:00,CC NG 32,0.0
2030,sc01,04-14 13:00:00+02:00,CC NG 07,0.0
2030,sc01,04-14 13:00:00+02:00,Biomass 44,0.0
2030,sc01,04-14 13:00:00+02:00,CT NG 40,0.0
2030,sc01,04-14 13:00:00+02:00,Solar 74,9.200000000000001
2030,sc01,04-14 13:00:00+02:00,Hydro 30,0.0
2030,sc01,04-14 13:00:00+02:00,CT NG 42,0.0
2030,sc01,04-14 13:00:00+02:00,Hydro 22,0.0
2030,sc01,04-14 13:00:00+02:00,Solar 17,0.92514244396
2030,sc01,04-14 13:00:00+02:00,Solar 38,0.0
2030,sc01,04-14 13:00:00+02:00,CT NG 24,0.0
2030,sc01,04-14 13:00:00+02:00,CC NG 27,0.0
2030,sc01,04-14 13:00:00+02:00,Biomass 21,0.0161
2030,sc01,04-14 13:00:00+02:00,ICE NG 06,0.0
2030,sc01,04-14 13:00:00+02:00,Biomass 25,0.02024
2030,sc01,04-14 13:00:00+02:00,Solar 27,0.356929956112
2030,sc01,04-14 13:00:00+02:00,CT NG 19,0.0
2030,sc01,04-14 13:00:00+02:00,Biomass 42,0.0
2030,sc01,04-14 13:00:00+02:00,Biomass 19,0.0161
2030,sc01,04-14 13:00:00+02:00,Biomass 06,0.02024
2030,sc01,04-14 13:00:00+02:00,CT NG 10,0.0
2030,sc01,04-14 13:00:00+02:00,CC NG 40,0.0
2030,sc01,04-14 13:00:00+02:00,CC NG 21,0.0
2030,sc01,04-14 13:00:00+02:00,Biomass 02,0.046
2030,sc01,04-14 13:00:00+02:00,CT NG 46,0.0
2030,sc01,04-14 13:00:00+02:00,Hydro 34,0.0
2030,sc01,04-14 13:00:00+02:00,Biomass 10,0.03404
2030,sc01,04-14 13:00:00+02:00,CT NG 17,0.0
2030,sc01,04-14 13:00:00+02:00,Biomass 62,0.06716
2030,sc01,04-14 13:00:00+02:00,Biomass 32,0.05474
2030,sc01,04-14 13:00:00+02:00,CC NG 19,6.035286183859629
2030,sc01,04-14 13:00:00+02:00,CC NG 17,0.0
2030,sc01,04-14 13:00:00+02:00,ST NG 01,0.0
2030,sc01,04-14 13:00:00+02:00,Biomass 45,0.0
2030,sc01,04-14 13:00:00+02:00,Biomass 28,0.07773999999999999
2030,sc01,04-14 13:00:00+02:00,CC NG 10,0.0
2030,sc01,04-14 13:00:00+02:00,Biomass 23,0.02024
2030,sc01,04-14 13:00:00+02:00,ST NG 06,0.0
2030,sc01,04-14 13:00:00+02:00,Wind 10,0.54921895408
2030,sc01,04-14 13:00:00+02:00,CT NG 69,0.0
2030,sc01,04-14 13:00:00+02:00,CT NG 68,0.0
2030,sc01,04-16 00:00:00+02:00,CC NG 13,0.0
2030,sc01,04-16 00:00:00+02:00,CT NG 37,0.0
2030,sc01,04-16 00:00:00+02:00,ST Coal 01,0.0
2030,sc01,04-16 00:00:00+02:00,CT NG 09,0.0
2030,sc01,04-16 00:00:00+02:00,CT NG 47,0.0
2030,sc01,04-16 00:00:00+02:00,Solar 69,0.0
2030,sc01,04-16 00:00:00+02:00,Solar 34,0.0
2030,sc01,04-16 00:00:00+02:00,Solar 73,0.0
2030,sc01,04-16 00:00:00+02:00,Biomass 37,0.0
2030,sc01,04-16 00:00:00+02:00,Hydro 20,0.0
2030,sc01,04-16 00:00:00+02:00,Solar 01,0.0
2030,sc01,04-16 00:00:00+02:00,Solar 62,0.0
2030,sc01,04-16 00:00:00+02:00,Solar 02,0.0
2030,sc01,04-16 00:00:00+02:00,CT NG 26,0.0
2030,sc01,04-16 00:00:00+02:00,Biomass 20,0.0
2030,sc01,04-16 00:00:00+02:00,Wind 16,2.86903494768
2030,sc01,04-16 00:00:00+02:00,CT NG 66,0.0
2030,sc01,04-16 00:00:00+02:00,Solar 39,0.0
2030,sc01,04-16 00:00:00+02:00,Biomass 41,0.0
2030,sc01,04-16 00:00:00+02:00,Solar 72,0.0
2030,sc01,04-16 00:00:00+02:00,ST NG 03,0.0
2030,sc01,04-16 00:00:00+02:00,Hydro 21,0.0
2030,sc01,04-16 00:00:00+02:00,CT NG 03,0.0
2030,sc01,04-16 00:00:00+02:00,CC NG 09,0.0
2030,sc01,04-16 00:00:00+02:00,CT Oil 02,0.0
2030,sc01,04-16 00:00:00+02:00,CT NG 39,0.0
2030,sc01,04-16 00:00:00+02:00,CC NG 08,0.0
2030,sc01,04-16 00:00:00+02:00,Biomass 43,0.0
2030,sc01,04-16 00:00:00+02:00,CT NG 18,0.0
2030,sc01,04-16 00:00:00+02:00,ST NG 07,0.0
2030,sc01,04-16 00:00:00+02:00,Biomass 35,0.0
2030,sc01,04-16 00:00:00+02:00,Solar 32,0.0
2030,sc01,04-16 00:00:00+02:00,Biomass 15,0.0
2030,sc01,04-16 00:00:00+02:00,CC NG 31,0.0
2030,sc01,04-16 00:00:00+02:00,Solar 16,0.0
2030,sc01,04-16 00:00:00+02:00,Solar 68,0.0
2030,sc01,04-16 00:00:00+02:00,CT NG 21,0.0
2030,sc01,04-16 00:00:00+02:00,Wind 11,1.7690762578500001
2030,sc01,04-16 00:00:00+02:00,CC NG 37,0.0
2030,sc01,04-16 00:00:00+02:00,CT NG 22,0.0
2030,sc01,04-16 00:00:00+02:00,Hydro 16,0.0
2030,sc01,04-16 00:00:00+02:00,Biomass 59,0.0
2030,sc01,04-16 00:00:00+02:00,CC NG 01,0.0
2030,sc01,04-16 00:00:00+02:00,Biomass 16,0.0
2030,sc01,04-16 00:00:00+02:00,Solar 03,0.0
2030,sc01,04-16 00:00:00+02:00,Solar 44,0.0
2030,sc01,04-16 00:00:00+02:00,CT NG 08,0.0
2030,sc01,04-16 00:00:00+02:00,Wind 05,0.17865662627999998
2030,sc01,04-16 00:00:00+02:00,Biomass 26,0.0
2030,sc01,04-16 00:00:00+02:00,Solar 37,0.0
2030,sc01,04-16 00:00:00+02:00,Biomass 11,0.0
2030,sc01,04-16 00:00:00+02:00,Solar 59,0.0
2030,sc01,04-16 00:00:00+02:00,CT NG 11,0.0
2030,sc01,04-16 00:00:00+02:00,Biomass 30,0.0
2030,sc01,04-16 00:00:00+02:00,Hydro 23,0.0
2030,sc01,04-16 00:00:00+02:00,CC NG 24,0.0
2030,sc01,04-16 00:00:00+02:00,Solar 65,0.0
2030,sc01,04-16 00:00:00+02:00,CC NG 18,0.0
2030,sc01,04-16 00:00:00+02:00,CT NG 16,0.0
2030,sc01,04-16 00:00:00+02:00,Solar 51,0.0
2030,sc01,04-16 00:00:00+02:00,Wind 06,1.4367220395
2030,sc01,04-16 00:00:00+02:00,CC NG 26,0.0
2030,sc01,04-16 00:00:00+02:00,CC NG 23,0.0
2030,sc01,04-16 00:00:00+02:00,CT NG 43,0.0
2030,sc01,04-16 00:00:00+02:00,CC NG 11,0.0
2030,sc01,04-16 00:00:00+02:00,CT NG 02,0.0
2030,sc01,04-16 00:00:00+02:00,CT NG 50,0.0
2030,sc01,04-16 00:00:00+02:00,Hydro 27,0.0
2030,sc01,04-16 00:00:00+02:00,CT NG 13,0.0
2030,sc01,04-16 00:00:00+02:00,CT NG 25,0.0
2030,sc01,04-16 00:00:00+02:00,CC NG 05,0.0
2030,sc01,04-16 00:00:00+02:00,Solar 04,0.0
2030,sc01,04-16 00:00:00+02:00,Solar 30,0.0
2030,sc01,04-16 00:00:00+02:00,Solar 29,0.0
2030,sc01,04-16 00:00:00+02:00,Solar 53,0.0
2030,sc01,04-16 00:00:00+02:00,Solar 21,0.0
2030,sc01,04-16 00:00:00+02:00,Biomass 58,0.0
2030,sc01,04-16 00:00:00+02:00,CT NG 74,0.0
2030,sc01,04-16 00:00:00+02:00,Solar 61,0.0
2030,sc01,04-16 00:00:00+02:00,Wind 07,1.6372586802
2030,sc01,04-16 00:00:00+02:00,Biomass 31,0.0
2030,sc01,04-16 00:00:00+02:00,CT Oil 05,0.0
2030,sc01,04-16 00:00:00+02:00,Biomass 38,0.0
2030,sc01,04-16 00:00:00+02:00,Solar 41,0.0
2030,sc01,04-16 00:00:00+02:00,Biomass 51,0.0
2030,sc01,04-16 00:00:00+02:00,Biomass 55,0.0
2030,sc01,04-16 00:00:00+02:00,Wind 15,0.54902435346
2030,sc01,04-16 00:00:00+02:00,Geo 01,0.0
2030,sc01,04-16 00:00:00+02:00,Biomass 60,0.0
2030,sc01,04-16 00:00:00+02:00,CT NG 38,0.0
2030,sc01,04-16 00:00:00+02:00,Solar 66,0.0
2030,sc01,04-16 00:00:00+02:00,Solar 49,0.0
2030,sc01,04-16 00:00:00+02:00,CT NG 51,0.0
2030,sc01,04-16 00:00:00+02:00,Biomass 18,0.0
2030,sc01,04-16 00:00:00+02:00,ICE NG 01,0.0
2030,sc01,04-16 00:00:00+02:00,Solar 15,0.0
2030,sc01,04-16 00:00:00+02:00,ICE NG 05,0.0
2030,sc01,04-16 00:00:00+02:00,CT Oil 04,0.0
2030,sc01,04-16 00:00:00+02:00,CC NG 20,0.0
2030,sc01,04-16 00:00:00+02:00,Solar 20,0.0
2030,sc01,04-16 00:00:00+02:00,Biomass 04,0.0
2030,sc01,04-16 00:00:00+02:00,Wind 02,2.1700490176200002
2030,sc01,04-16 00:00:00+02:00,Hydro 25,0.0
2030,sc01,04-16 00:00:00+02:00,Solar 75,0.0
2030,sc01,04-16 00:00:00+02:00,Hydro 33,0.0
2030,sc01,04-16 00:00:00+02:00,ST NG 05,0.0
2030,sc01,04-16 00:00:00+02:00,CT NG 07,0.0
2030,sc01,04-16 00:00:00+02:00,Wind 01,0.99977045619
2030,sc01,04-16 00:00:00+02:00,Solar 56,0.0
2030,sc01,04-16 00:00:00+02:00,Biomass 09,0.0
2030,sc01,04-16 00:00:00+02:00,Biomass 53,0.0
2030,sc01,04-16 00:00:00+02:00,Wind 17,8.2389966714
2030,sc01,04-16 00:00:00+02:00,ST NG 08,0.0
2030,sc01,04-16 00:00:00+02:00,Hydro 19,0.0
2030,sc01,04-16 00:00:00+02:00,ST NG 02,0.0
2030,sc01,04-16 00:00:00+02:00,Biomass 01,0.0
2030,sc01,04-16 00:00:00+02:00,Biomass 57,0.0
2030,sc01,04-16 00:00:00+02:00,CT NG 49,0.0
2030,sc01,04-16 00:00:00+02:00,CT NG 31,0.0
2030,sc01,04-16 00:00:00+02:00,Solar 64,0.0
2030,sc01,04-16 00:00:00+02:00,CC NG 33,0.0
2030,sc01,04-16 00:00:00+02:00,Solar 46,0.0
2030,sc01,04-16 00:00:00+02:00,Biomass 12,0.0
2030,sc01,04-16 00:00:00+02:00,Wind 04,0.0
2030,sc01,04-16 00:00:00+02:00,Solar 13,0.0
2030,sc01,04-16 00:00:00+02:00,CT NG 55,0.0
2030,sc01,04-16 00:00:00+02:00,Wind N03,126.53560124053418
2030,sc01,04-16 00:00:00+02:00,CT NG 28,0.0
2030,sc01,04-16 00:00:00+02:00,Wind 09,2.7332468724
2030,sc01,04-16 00:00:00+02:00,Solar 60,0.0
2030,sc01,04-16 00:00:00+02:00,Solar 25,0.0
2030,sc01,04-16 00:00:00+02:00,CT NG 23,0.0
2030,sc01,04-16 00:00:00+02:00,ST Other 01,0.0
2030,sc01,04-16 00:00:00+02:00,Solar 70,0.0
2030,sc01,04-16 00:00:00+02:00,CC NG 34,0.0
2030,sc01,04-16 00:00:00+02:00,Solar 48,0.0
2030,sc01,04-16 00:00:00+02:00,Biomass 56,0.0
2030,sc01,04-16 00:00:00+02:00,CT NG 36,0.0
2030,sc01,04-16 00:00:00+02:00,Solar 47,0.0
2030,sc01,04-16 00:00:00+02:00,Hydro 17,0.009181755
2030,sc01,04-16 00:00:00+02:00,Solar 09,0.0
2030,sc01,04-16 00:00:00+02:00,Solar 08,0.0
2030,sc01,04-16 00:00:00+02:00,CT NG 45,0.0
2030,sc01,04-16 00:00:00+02:00,ST NG 04,0.0
2030,sc01,04-16 00:00:00+02:00,Solar 40,0.0
2030,sc01,04-16 00:00:00+02:00,Biomass 47,0.0
2030,sc01,04-16 00:00:00+02:00,Solar 50,0.0
2030,sc01,04-16 00:00:00+02:00,Solar 52,0.0
2030,sc01,04-16 00:00:00+02:00,Solar 63,0.0
2030,sc01,04-16 00:00:00+02:00,CC NG 06,0.0
2030,sc01,04-16 00:00:00+02:00,Biomass 39,0.0
2030,sc01,04-16 00:00:00+02:00,Solar 67,0.0
2030,sc01,04-16 00:00:00+02:00,Solar 19,0.0
2030,sc01,04-16 00:00:00+02:00,Wind 12,5.3092792731000005
2030,sc01,04-16 00:00:00+02:00,Solar 24,0.0
2030,sc01,04-16 00:00:00+02:00,ICE NG 02,0.0
2030,sc01,04-16 00:00:00+02:00,Solar 05,0.0
2030,sc01,04-16 00:00:00+02:00,CT NG 54,0.0
2030,sc01,04-16 00:00:00+02:00,Wind N01,50.370085425
2030,sc01,04-16 00:00:00+02:00,CT NG 27,0.0
2030,sc01,04-16 00:00:00+02:00,CC NG 36,0.0
2030,sc01,04-16 00:00:00+02:00,Wind N02,0.0
2030,sc01,04-16 00:00:00+02:00,CT NG 52,0.0
2030,sc01,04-16 00:00:00+02:00,Solar 35,0.0
2030,sc01,04-16 00:00:00+02:00,CT NG 05,0.0
2030,sc01,04-16 00:00:00+02:00,Biomass 36,0.0
2030,sc01,04-16 00:00:00+02:00,CT NG 34,0.0
2030,sc01,04-16 00:00:00+02:00,CT Oil 03,0.0
2030,sc01,04-16 00:00:00+02:00,Hydro 35,0.0
2030,sc01,04-16 00:00:00+02:00,Solar 14,0.0
2030,sc01,04-16 00:00:00+02:00,CT NG 75,0.0
2030,sc01,04-16 00:00:00+02:00,ST NG 09,0.0
2030,sc01,04-16 00:00:00+02:00,CT NG 56,0.0
2030,sc01,04-16 00:00:00+02:00,Biomass 22,0.0
2030,sc01,04-16 00:00:00+02:00,Solar 18,0.0
2030,sc01,04-16 00:00:00+02:00,Biomass 13,0.0
2030,sc01,04-16 00:00:00+02:00,CT NG 71,0.0
2030,sc01,04-16 00:00:00+02:00,Solar 58,0.0
2030,sc01,04-16 00:00:00+02:00,Solar 06,0.0
2030,sc01,04-16 00:00:00+02:00,Biomass 08,0.0
2030,sc01,04-16 00:00:00+02:00,CT NG 72,0.0
2030,sc01,04-16 00:00:00+02:00,Hydro 18,0.031626045000000005
2030,sc01,04-16 00:00:00+02:00,Solar 10,0.0
2030,sc01,04-16 00:00:00+02:00,CT NG 04,0.0
2030,sc01,04-16 00:00:00+02:00,ST Other 02,0.0
2030,sc01,04-16 00:00:00+02:00,CT NG 12,0.0
2030,sc01,04-16 00:00:00+02:00,CT NG 48,0.0
2030,sc01,04-16 00:00:00+02:00,ST NG 10,0.0
2030,sc01,04-16 00:00:00+02:00,Solar 22,0.0
2030,sc01,04-16 00:00:00+02:00,Solar 28,0.0
2030,sc01,04-16 00:00:00+02:00,CT NG 73,0.0
2030,sc01,04-16 00:00:00+02:00,Biomass 52,0.0
2030,sc01,04-16 00:00:00+02:00,CT NG 30,0.0
2030,sc01,04-16 00:00:00+02:00,Solar 54,0.0
2030,sc01,04-16 00:00:00+02:00,Solar 31,0.0
2030,sc01,04-16 00:00:00+02:00,Biomass 03,0.0
2030,sc01,04-16 00:00:00+02:00,CT NG 32,0.0
2030,sc01,04-16 00:00:00+02:00,Biomass 27,0.0
2030,sc01,04-16 00:00:00+02:00,CC NG 14,0.0
2030,sc01,04-16 00:00:00+02:00,CC NG 03,0.0
2030,sc01,04-16 00:00:00+02:00,CC NG 29,0.0
2030,sc01,04-16 00:00:00+02:00,CC NG 28,0.0
2030,sc01,04-16 00:00:00+02:00,CC NG 25,0.0
2030,sc01,04-16 00:00:00+02:00,CT NG 44,0.0
2030,sc01,04-16 00:00:00+02:00,CT NG 14,0.0
2030,sc01,04-16 00:00:00+02:00,CC NG 15,0.0
2030,sc01,04-16 00:00:00+02:00,CC NG 04,0.0
2030,sc01,04-16 00:00:00+02:00,Biomass 29,0.0
2030,sc01,04-16 00:00:00+02:00,Wind 14,0.0
2030,sc01,04-16 00:00:00+02:00,Wind 08,2.8284246408000002
2030,sc01,04-16 00:00:00+02:00,Biomass 61,0.0
2030,sc01,04-16 00:00:00+02:00,CT NG 35,0.0
2030,sc01,04-16 00:00:00+02:00,Solar 33,0.0
2030,sc01,04-16 00:00:00+02:00,CT NG 41,0.0
2030,sc01,04-16 00:00:00+02:00,CT NG 15,0.0
2030,sc01,04-16 00:00:00+02:00,Solar 42,0.0
2030,sc01,04-16 00:00:00+02:00,Solar 07,0.0
2030,sc01,04-16 00:00:00+02:00,Solar 43,0.0
2030,sc01,04-16 00:00:00+02:00,Biomass 05,0.0
2030,sc01,04-16 00:00:00+02:00,CT NG 29,0.0
2030,sc01,04-16 00:00:00+02:00,Solar 71,0.0
2030,sc01,04-16 00:00:00+02:00,CT NG 53,0.0
2030,sc01,04-16 00:00:00+02:00,CT NG 20,0.0
2030,sc01,04-16 00:00:00+02:00,Biomass 14,0.0
2030,sc01,04-16 00:00:00+02:00,Solar 26,0.0
2030,sc01,04-16 00:00:00+02:00,Hydro 29,21.537373515600947
2030,sc01,04-16 00:00:00+02:00,Hydro 31,0.0
2030,sc01,04-16 00:00:00+02:00,Biomass 24,0.0
2030,sc01,04-16 00:00:00+02:00,Biomass 54,0.0
2030,sc01,04-16 00:00:00+02:00,Solar 36,0.0
2030,sc01,04-16 00:00:00+02:00,Wind 03,0.0
2030,sc01,04-16 00:00:00+02:00,Biomass 40,0.0
2030,sc01,04-16 00:00:00+02:00,Biomass 49,0.0
2030,sc01,04-16 00:00:00+02:00,CC NG 16,0.0
2030,sc01,04-16 00:00:00+02:00,Biomass 48,0.0
2030,sc01,04-16 00:00:00+02:00,Hydro 28,36.4616802
2030,sc01,04-16 00:00:00+02:00,Biomass 17,0.0
2030,sc01,04-16 00:00:00+02:00,CT NG 33,0.0
2030,sc01,04-16 00:00:00+02:00,Solar 45,0.0
2030,sc01,04-16 00:00:00+02:00,Hydro 24,0.0
2030,sc01,04-16 00:00:00+02:00,Wind 13,3.15855952896
2030,sc01,04-16 00:00:00+02:00,Biomass 07,0.0
2030,sc01,04-16 00:00:00+02:00,Biomass 34,0.0
2030,sc01,04-16 00:00:00+02:00,Biomass 33,0.0
2030,sc01,04-16 00:00:00+02:00,CT NG 01,0.0
2030,sc01,04-16 00:00:00+02:00,ICE NG 03,0.0
2030,sc01,04-16 00:00:00+02:00,Solar 55,0.0
2030,sc01,04-16 00:00:00+02:00,Solar 11,0.0
2030,sc01,04-16 00:00:00+02:00,CT NG 06,0.0
2030,sc01,04-16 00:00:00+02:00,CT NG 70,0.0
2030,sc01,04-16 00:00:00+02:00,Solar 23,0.0
2030,sc01,04-16 00:00:00+02:00,CT NG 67,0.0
2030,sc01,04-16 00:00:00+02:00,Solar 12,0.0
2030,sc01,04-16 00:00:00+02:00,CT Oil 01,0.0
2030,sc01,04-16 00:00:00+02:00,Hydro 26,0.0
2030,sc01,04-16 00:00:00+02:00,CC NG 22,0.0
2030,sc01,04-16 00:00:00+02:00,CC NG 35,0.0
2030,sc01,04-16 00:00:00+02:00,Biomass 50,0.0
2030,sc01,04-16 00:00:00+02:00,ICE NG 04,0.0
2030,sc01,04-16 00:00:00+02:00,CC NG 39,0.0
2030,sc01,04-16 00:00:00+02:00,Hydro 32,0.0
2030,sc01,04-16 00:00:00+02:00,ICE NG 07,0.0
2030,sc01,04-16 00:00:00+02:00,Biomass 46,0.0
2030,sc01,04-16 00:00:00+02:00,CC NG 38,0.0
2030,sc01,04-16 00:00:00+02:00,CC NG 12,0.0
2030,sc01,04-16 00:00:00+02:00,Solar 57,0.0
2030,sc01,04-16 00:00:00+02:00,CC NG 32,0.0
2030,sc01,04-16 00:00:00+02:00,CC NG 07,0.0
2030,sc01,04-16 00:00:00+02:00,Biomass 44,0.0
2030,sc01,04-16 00:00:00+02:00,CT NG 40,0.0
2030,sc01,04-16 00:00:00+02:00,Solar 74,0.0
2030,sc01,04-16 00:00:00+02:00,Hydro 30,0.0
2030,sc01,04-16 00:00:00+02:00,CT NG 42,0.0
2030,sc01,04-16 00:00:00+02:00,Hydro 22,0.0
2030,sc01,04-16 00:00:00+02:00,Solar 17,0.0
2030,sc01,04-16 00:00:00+02:00,Solar 38,0.0
2030,sc01,04-16 00:00:00+02:00,CT NG 24,0.0
2030,sc01,04-16 00:00:00+02:00,CC NG 27,0.0
2030,sc01,04-16 00:00:00+02:00,Biomass 21,0.0
2030,sc01,04-16 00:00:00+02:00,ICE NG 06,0.0
2030,sc01,04-16 00:00:00+02:00,Biomass 25,0.0
2030,sc01,04-16 00:00:00+02:00,Solar 27,0.0
2030,sc01,04-16 00:00:00+02:00,CT NG 19,0.0
2030,sc01,04-16 00:00:00+02:00,Biomass 42,0.0
2030,sc01,04-16 00:00:00+02:00,Biomass 19,0.0
2030,sc01,04-16 00:00:00+02:00,Biomass 06,0.0
2030,sc01,04-16 00:00:00+02:00,CT NG 10,0.0
2030,sc01,04-16 00:00:00+02:00,CC NG 40,0.0
2030,sc01,04-16 00:00:00+02:00,CC NG 21,0.0
2030,sc01,04-16 00:00:00+02:00,Biomass 02,0.0
2030,sc01,04-16 00:00:00+02:00,CT NG 46,0.0
2030,sc01,04-16 00:00:00+02:00,Hydro 34,0.0
2030,sc01,04-16 00:00:00+02:00,Biomass 10,0.0
2030,sc01,04-16 00:00:00+02:00,CT NG 17,0.0
2030,sc01,04-16 00:00:00+02:00,Biomass 62,0.0
2030,sc01,04-16 00:00:00+02:00,Biomass 32,0.0
2030,sc01,04-16 00:00:00+02:00,CC NG 19,0.0
2030,sc01,04-16 00:00:00+02:00,CC NG 17,0.0
2030,sc01,04-16 00:00:00+02:00,ST NG 01,0.0
2030,sc01,04-16 00:00:00+02:00,Biomass 45,0.0
2030,sc01,04-16 00:00:00+02:00,Biomass 28,0.0
2030,sc01,04-16 00:00:00+02:00,CC NG 10,0.0
2030,sc01,04-16 00:00:00+02:00,Biomass 23,0.0
2030,sc01,04-16 00:00:00+02:00,ST NG 06,0.0
2030,sc01,04-16 00:00:00+02:00,Wind 10,2.7155601924
2030,sc01,04-16 00:00:00+02:00,CT NG 69,0.0
2030,sc01,04-16 00:00:00+02:00,CT NG 68,0.0
2030,sc01,04-19 16:00:00+02:00,CC NG 13,0.0
2030,sc01,04-19 16:00:00+02:00,CT NG 37,0.0
2030,sc01,04-19 16:00:00+02:00,ST Coal 01,0.0
2030,sc01,04-19 16:00:00+02:00,CT NG 09,0.0
2030,sc01,04-19 16:00:00+02:00,CT NG 47,0.0
2030,sc01,04-19 16:00:00+02:00,Solar 69,0.0
2030,sc01,04-19 16:00:00+02:00,Solar 34,11.111950747100002
2030,sc01,04-19 16:00:00+02:00,Solar 73,0.0
2030,sc01,04-19 16:00:00+02:00,Biomass 37,0.0
2030,sc01,04-19 16:00:00+02:00,Hydro 20,0.0
2030,sc01,04-19 16:00:00+02:00,Solar 01,8.2770574492
2030,sc01,04-19 16:00:00+02:00,Solar 62,0.0
2030,sc01,04-19 16:00:00+02:00,Solar 02,0.0
2030,sc01,04-19 16:00:00+02:00,CT NG 26,0.0
2030,sc01,04-19 16:00:00+02:00,Biomass 20,0.01085
2030,sc01,04-19 16:00:00+02:00,Wind 16,0.0
2030,sc01,04-19 16:00:00+02:00,CT NG 66,0.0
2030,sc01,04-19 16:00:00+02:00,Solar 39,0.0
2030,sc01,04-19 16:00:00+02:00,Biomass 41,0.0
2030,sc01,04-19 16:00:00+02:00,Solar 72,0.0
2030,sc01,04-19 16:00:00+02:00,ST NG 03,0.0
2030,sc01,04-19 16:00:00+02:00,Hydro 21,1.1071268699999999
2030,sc01,04-19 16:00:00+02:00,CT NG 03,0.0
2030,sc01,04-19 16:00:00+02:00,CC NG 09,0.0
2030,sc01,04-19 16:00:00+02:00,CT Oil 02,0.0
2030,sc01,04-19 16:00:00+02:00,CT NG 39,0.0
2030,sc01,04-19 16:00:00+02:00,CC NG 08,0.0
2030,sc01,04-19 16:00:00+02:00,Biomass 43,0.0
2030,sc01,04-19 16:00:00+02:00,CT NG 18,0.0
2030,sc01,04-19 16:00:00+02:00,ST NG 07,0.0
2030,sc01,04-19 16:00:00+02:00,Biomass 35,0.0
2030,sc01,04-19 16:00:00+02:00,Solar 32,0.0
2030,sc01,04-19 16:00:00+02:00,Biomass 15,0.0068200000000000005
2030,sc01,04-19 16:00:00+02:00,CC NG 31,0.0
2030,sc01,04-19 16:00:00+02:00,Solar 16,0.48936792540999996
2030,sc01,04-19 16:00:00+02:00,Solar 68,0.0
2030,sc01,04-19 16:00:00+02:00,CT NG 21,0.0
2030,sc01,04-19 16:00:00+02:00,Wind 11,1.3104321825900003
2030,sc01,04-19 16:00:00+02:00,CC NG 37,0.0
2030,sc01,04-19 16:00:00+02:00,CT NG 22,0.0
2030,sc01,04-19 16:00:00+02:00,Hydro 16,0.0
2030,sc01,04-19 16:00:00+02:00,Biomass 59,0.12834
2030,sc01,04-19 16:00:00+02:00,CC NG 01,0.0
2030,sc01,04-19 16:00:00+02:00,Biomass 16,0.0068200000000000005
2030,sc01,04-19 16:00:00+02:00,Solar 03,2.4259169222900003
2030,sc01,04-19 16:00:00+02:00,Solar 44,0.0
2030,sc01,04-19 16:00:00+02:00,CT NG 08,0.0
2030,sc01,04-19 16:00:00+02:00,Wind 05,0.053742147088
2030,sc01,04-19 16:00:00+02:00,Biomass 26,0.05239
2030,sc01,04-19 16:00:00+02:00,Solar 37,0.0
2030,sc01,04-19 16:00:00+02:00,Biomass 11,0.01023
2030,sc01,04-19 16:00:00+02:00,Solar 59,0.0
2030,sc01,04-19 16:00:00+02:00,CT NG 11,0.0
2030,sc01,04-19 16:00:00+02:00,Biomass 30,0.05239
2030,sc01,04-19 16:00:00+02:00,Hydro 23,0.0
2030,sc01,04-19 16:00:00+02:00,CC NG 24,0.0
2030,sc01,04-19 16:00:00+02:00,Solar 65,4.5613754082
2030,sc01,04-19 16:00:00+02:00,CC NG 18,0.0
2030,sc01,04-19 16:00:00+02:00,CT NG 16,0.0
2030,sc01,04-19 16:00:00+02:00,Solar 51,0.0
2030,sc01,04-19 16:00:00+02:00,Wind 06,1.79558130498
2030,sc01,04-19 16:00:00+02:00,CC NG 26,0.0
2030,sc01,04-19 16:00:00+02:00,CC NG 23,0.0
2030,sc01,04-19 16:00:00+02:00,CT NG 43,0.0
2030,sc01,04-19 16:00:00+02:00,CC NG 11,0.0
2030,sc01,04-19 16:00:00+02:00,CT NG 02,0.0
2030,sc01,04-19 16:00:00+02:00,CT NG 50,0.0
2030,sc01,04-19 16:00:00+02:00,Hydro 27,0.0
2030,sc01,04-19 16:00:00+02:00,CT NG 13,0.0
2030,sc01,04-19 16:00:00+02:00,CT NG 25,0.0
2030,sc01,04-19 16:00:00+02:00,CC NG 05,0.0
2030,sc01,04-19 16:00:00+02:00,Solar 04,0.36818332526
2030,sc01,04-19 16:00:00+02:00,Solar 30,0.47190311379
2030,sc01,04-19 16:00:00+02:00,Solar 29,0.7836857269399999
2030,sc01,04-19 16:00:00+02:00,Solar 53,0.0
2030,sc01,04-19 16:00:00+02:00,Solar 21,1.3970272636
2030,sc01,04-19 16:00:00+02:00,Biomass 58,0.05673
2030,sc01,04-19 16:00:00+02:00,CT NG 74,0.0
2030,sc01,04-19 16:00:00+02:00,Solar 61,0.0
2030,sc01,04-19 16:00:00+02:00,Wind 07,1.31789214752
2030,sc01,04-19 16:00:00+02:00,Biomass 31,0.05239
2030,sc01,04-19 16:00:00+02:00,CT Oil 05,0.0
2030,sc01,04-19 16:00:00+02:00,Biomass 38,0.0
2030,sc01,04-19 16:00:00+02:00,Solar 41,0.0
2030,sc01,04-19 16:00:00+02:00,Biomass 51,0.0
2030,sc01,04-19 16:00:00+02:00,Biomass 55,0.07378
2030,sc01,04-19 16:00:00+02:00,Wind 15,7.3860283427999995
2030,sc01,04-19 16:00:00+02:00,Geo 01,0.0
2030,sc01,04-19 16:00:00+02:00,Biomass 60,0.08370000000000001
2030,sc01,04-19 16:00:00+02:00,CT NG 38,0.0
2030,sc01,04-19 16:00:00+02:00,Solar 66,13.6652097332
2030,sc01,04-19 16:00:00+02:00,Solar 49,0.0
2030,sc01,04-19 16:00:00+02:00,CT NG 51,0.0
2030,sc01,04-19 16:00:00+02:00,Biomass 18,0.0068200000000000005
2030,sc01,04-19 16:00:00+02:00,ICE NG 01,0.0
2030,sc01,04-19 16:00:00+02:00,Solar 15,0.79894723092
2030,sc01,04-19 16:00:00+02:00,ICE NG 05,0.0
2030,sc01,04-19 16:00:00+02:00,CT Oil 04,0.0
2030,sc01,04-19 16:00:00+02:00,CC NG 20,0.0
2030,sc01,04-19 16:00:00+02:00,Solar 20,0.96252072174
2030,sc01,04-19 16:00:00+02:00,Biomass 04,0.0
2030,sc01,04-19 16:00:00+02:00,Wind 02,2.55900485656
2030,sc01,04-19 16:00:00+02:00,Hydro 25,0.0
2030,sc01,04-19 16:00:00+02:00,Solar 75,3.7607415236999997
2030,sc01,04-19 16:00:00+02:00,Hydro 33,0.0
2030,sc01,04-19 16:00:00+02:00,ST NG 05,0.0
2030,sc01,04-19 16:00:00+02:00,CT NG 07,0.0
2030,sc01,04-19 16:00:00+02:00,Wind 01,0.8882362916
2030,sc01,04-19 16:00:00+02:00,Solar 56,0.0
2030,sc01,04-19 16:00:00+02:00,Biomass 09,0.02294
2030,sc01,04-19 16:00:00+02:00,Biomass 53,0.07378
2030,sc01,04-19 16:00:00+02:00,Wind 17,7.683494759996771
2030,sc01,04-19 16:00:00+02:00,ST NG 08,0.0
2030,sc01,04-19 16:00:00+02:00,Hydro 19,0.0
2030,sc01,04-19 16:00:00+02:00,ST NG 02,0.0
2030,sc01,04-19 16:00:00+02:00,Biomass 01,0.031
2030,sc01,04-19 16:00:00+02:00,Biomass 57,0.05673
2030,sc01,04-19 16:00:00+02:00,CT NG 49,0.0
2030,sc01,04-19 16:00:00+02:00,CT NG 31,0.0
2030,sc01,04-19 16:00:00+02:00,Solar 64,2.3947172683400004
2030,sc01,04-19 16:00:00+02:00,CC NG 33,0.0
2030,sc01,04-19 16:00:00+02:00,Solar 46,0.0
2030,sc01,04-19 16:00:00+02:00,Biomass 12,0.01023
2030,sc01,04-19 16:00:00+02:00,Wind 04,0.124161156352
2030,sc01,04-19 16:00:00+02:00,Solar 13,0.020056474488
2030,sc01,04-19 16:00:00+02:00,CT NG 55,0.0
2030,sc01,04-19 16:00:00+02:00,Wind N03,57.89250955246082
2030,sc01,04-19 16:00:00+02:00,CT NG 28,0.0
2030,sc01,04-19 16:00:00+02:00,Wind 09,0.93995370847
2030,sc01,04-19 16:00:00+02:00,Solar 60,0.0
2030,sc01,04-19 16:00:00+02:00,Solar 25,0.147077647688
2030,sc01,04-19 16:00:00+02:00,CT NG 23,0.0
2030,sc01,04-19 16:00:00+02:00,ST Other 01,0.0
2030,sc01,04-19 16:00:00+02:00,Solar 70,16.149905818518835
2030,sc01,04-19 16:00:00+02:00,CC NG 34,0.0
2030,sc01,04-19 16:00:00+02:00,Solar 48,0.0
2030,sc01,04-19 16:00:00+02:00,Biomass 56,0.06448000000000001
2030,sc01,04-19 16:00:00+02:00,CT NG 36,0.0
2030,sc01,04-19 16:00:00+02:00,Solar 47,0.0
2030,sc01,04-19 16:00:00+02:00,Hydro 17,0.0
2030,sc01,04-19 16:00:00+02:00,Solar 09,0.9747966585
2030,sc01,04-19 16:00:00+02:00,Solar 08,0.19042484352800002
2030,sc01,04-19 16:00:00+02:00,CT NG 45,0.0
2030,sc01,04-19 16:00:00+02:00,ST NG 04,0.0
2030,sc01,04-19 16:00:00+02:00,Solar 40,0.0
2030,sc01,04-19 16:00:00+02:00,Biomass 47,0.0
2030,sc01,04-19 16:00:00+02:00,Solar 50,0.0
2030,sc01,04-19 16:00:00+02:00,Solar 52,0.0
2030,sc01,04-19 16:00:00+02:00,Solar 63,5.113993355600001
2030,sc01,04-19 16:00:00+02:00,CC NG 06,0.0
2030,sc01,04-19 16:00:00+02:00,Biomass 39,0.0
2030,sc01,04-19 16:00:00+02:00,Solar 67,3.4090437647000003
2030,sc01,04-19 16:00:00+02:00,Solar 19,0.007585448776
2030,sc01,04-19 16:00:00+02:00,Wind 12,7.9883194006
2030,sc01,04-19 16:00:00+02:00,Solar 24,0.10969812916800001
2030,sc01,04-19 16:00:00+02:00,ICE NG 02,0.0
2030,sc01,04-19 16:00:00+02:00,Solar 05,0.008919679104
2030,sc01,04-19 16:00:00+02:00,CT NG 54,0.0
2030,sc01,04-19 16:00:00+02:00,Wind N01,75.78661995600001
2030,sc01,04-19 16:00:00+02:00,CT NG 27,0.0
2030,sc01,04-19 16:00:00+02:00,CC NG 36,0.0
2030,sc01,04-19 16:00:00+02:00,Wind N02,77.79708089601976
2030,sc01,04-19 16:00:00+02:00,CT NG 52,0.0
2030,sc01,04-19 16:00:00+02:00,Solar 35,0.0
2030,sc01,04-19 16:00:00+02:00,CT NG 05,0.0
2030,sc01,04-19 16:00:00+02:00,Biomass 36,0.0
2030,sc01,04-19 16:00:00+02:00,CT NG 34,0.0
2030,sc01,04-19 16:00:00+02:00,CT Oil 03,0.0
2030,sc01,04-19 16:00:00+02:00,Hydro 35,0.0
2030,sc01,04-19 16:00:00+02:00,Solar 14,0.8882494163800001
2030,sc01,04-19 16:00:00+02:00,CT NG 75,0.0
2030,sc01,04-19 16:00:00+02:00,ST NG 09,0.0
2030,sc01,04-19 16:00:00+02:00,CT NG 56,0.0
2030,sc01,04-19 16:00:00+02:00,Biomass 22,0.01085
2030,sc01,04-19 16:00:00+02:00,Solar 18,0.9368926537700001
2030,sc01,04-19 16:00:00+02:00,Biomass 13,0.01023
2030,sc01,04-19 16:00:00+02:00,CT NG 71,0.0
2030,sc01,04-19 16:00:00+02:00,Solar 58,0.0
2030,sc01,04-19 16:00:00+02:00,Solar 06,0.50082760923
2030,sc01,04-19 16:00:00+02:00,Biomass 08,0.02294
2030,sc01,04-19 16:00:00+02:00,CT NG 72,0.0
2030,sc01,04-19 16:00:00+02:00,Hydro 18,0.0
2030,sc01,04-19 16:00:00+02:00,Solar 10,0.92713557365
2030,sc01,04-19 16:00:00+02:00,CT NG 04,0.0
2030,sc01,04-19 16:00:00+02:00,ST Other 02,0.0
2030,sc01,04-19 16:00:00+02:00,CT NG 12,0.0
2030,sc01,04-19 16:00:00+02:00,CT NG 48,0.0
2030,sc01,04-19 16:00:00+02:00,ST NG 10,0.0
2030,sc01,04-19 16:00:00+02:00,Solar 22,0.81511779409
2030,sc01,04-19 16:00:00+02:00,Solar 28,0.7294355062200001
2030,sc01,04-19 16:00:00+02:00,CT NG 73,0.0
2030,sc01,04-19 16:00:00+02:00,Biomass 52,0.0
2030,sc01,04-19 16:00:00+02:00,CT NG 30,0.0
2030,sc01,04-19 16:00:00+02:00,Solar 54,0.0
2030,sc01,04-19 16:00:00+02:00,Solar 31,0.0
2030,sc01,04-19 16:00:00+02:00,Biomass 03,0.0
2030,sc01,04-19 16:00:00+02:00,CT NG 32,0.0
2030,sc01,04-19 16:00:00+02:00,Biomass 27,0.05239
2030,sc01,04-19 16:00:00+02:00,CC NG 14,0.0
2030,sc01,04-19 16:00:00+02:00,CC NG 03,0.0
2030,sc01,04-19 16:00:00+02:00,CC NG 29,0.0
2030,sc01,04-19 16:00:00+02:00,CC NG 28,0.0
2030,sc01,04-19 16:00:00+02:00,CC NG 25,0.0
2030,sc01,04-19 16:00:00+02:00,CT NG 44,0.0
2030,sc01,04-19 16:00:00+02:00,CT NG 14,0.0
2030,sc01,04-19 16:00:00+02:00,CC NG 15,0.0
2030,sc01,04-19 16:00:00+02:00,CC NG 04,0.0
2030,sc01,04-19 16:00:00+02:00,Biomass 29,0.05239
2030,sc01,04-19 16:00:00+02:00,Wind 14,0.0
2030,sc01,04-19 16:00:00+02:00,Wind 08,0.75587315593
2030,sc01,04-19 16:00:00+02:00,Biomass 61,0.0
2030,sc01,04-19 16:00:00+02:00,CT NG 35,0.0
2030,sc01,04-19 16:00:00+02:00,Solar 33,0.0
2030,sc01,04-19 16:00:00+02:00,CT NG 41,0.0
2030,sc01,04-19 16:00:00+02:00,CT NG 15,0.0
2030,sc01,04-19 16:00:00+02:00,Solar 42,0.0
2030,sc01,04-19 16:00:00+02:00,Solar 07,0.016155325367999997
2030,sc01,04-19 16:00:00+02:00,Solar 43,0.0
2030,sc01,04-19 16:00:00+02:00,Biomass 05,0.013640000000000001
2030,sc01,04-19 16:00:00+02:00,CT NG 29,0.0
2030,sc01,04-19 16:00:00+02:00,Solar 71,0.0
2030,sc01,04-19 16:00:00+02:00,CT NG 53,0.0
2030,sc01,04-19 16:00:00+02:00,CT NG 20,0.0
2030,sc01,04-19 16:00:00+02:00,Biomass 14,0.022629999999999997
2030,sc01,04-19 16:00:00+02:00,Solar 26,0.136204171016
2030,sc01,04-19 16:00:00+02:00,Hydro 29,0.0
2030,sc01,04-19 16:00:00+02:00,Hydro 31,0.0
2030,sc01,04-19 16:00:00+02:00,Biomass 24,0.013640000000000001
2030,sc01,04-19 16:00:00+02:00,Biomass 54,0.07378
2030,sc01,04-19 16:00:00+02:00,Solar 36,10.512727446200001
2030,sc01,04-19 16:00:00+02:00,Wind 03,0.33697946120000005
2030,sc01,04-19 16:00:00+02:00,Biomass 40,0.0
2030,sc01,04-19 16:00:00+02:00,Biomass 49,0.0
2030,sc01,04-19 16:00:00+02:00,CC NG 16,0.0
2030,sc01,04-19 16:00:00+02:00,Biomass 48,0.0
2030,sc01,04-19 16:00:00+02:00,Hydro 28,0.0
2030,sc01,04-19 16:00:00+02:00,Biomass 17,0.0068200000000000005
2030,sc01,04-19 16:00:00+02:00,CT NG 33,0.0
2030,sc01,04-19 16:00:00+02:00,Solar 45,0.0
2030,sc01,04-19 16:00:00+02:00,Hydro 24,0.0
2030,sc01,04-19 16:00:00+02:00,Wind 13,4.58162392
2030,sc01,04-19 16:00:00+02:00,Biomass 07,0.062
2030,sc01,04-19 16:00:00+02:00,Biomass 34,0.0
2030,sc01,04-19 16:00:00+02:00,Biomass 33,0.0
2030,sc01,04-19 16:00:00+02:00,CT NG 01,0.1413603283302991
2030,sc01,04-19 16:00:00+02:00,ICE NG 03,0.0
2030,sc01,04-19 16:00:00+02:00,Solar 55,0.0
2030,sc01,04-19 16:00:00+02:00,Solar 11,0.15045689296
2030,sc01,04-19 16:00:00+02:00,CT NG 06,0.0
2030,sc01,04-19 16:00:00+02:00,CT NG 70,0.0
2030,sc01,04-19 16:00:00+02:00,Solar 23,0.022278325088
2030,sc01,04-19 16:00:00+02:00,CT NG 67,0.0
2030,sc01,04-19 16:00:00+02:00,Solar 12,0.116469530344
2030,sc01,04-19 16:00:00+02:00,CT Oil 01,0.0
2030,sc01,04-19 16:00:00+02:00,Hydro 26,0.0
2030,sc01,04-19 16:00:00+02:00,CC NG 22,0.0
2030,sc01,04-19 16:00:00+02:00,CC NG 35,0.0
2030,sc01,04-19 16:00:00+02:00,Biomass 50,0.0
2030,sc01,04-19 16:00:00+02:00,ICE NG 04,0.0
2030,sc01,04-19 16:00:00+02:00,CC NG 39,0.0
2030,sc01,04-19 16:00:00+02:00,Hydro 32,0.0
2030,sc01,04-19 16:00:00+02:00,ICE NG 07,0.0
2030,sc01,04-19 16:00:00+02:00,Biomass 46,0.0
2030,sc01,04-19 16:00:00+02:00,CC NG 38,0.0
2030,sc01,04-19 16:00:00+02:00,CC NG 12,0.0
2030,sc01,04-19 16:00:00+02:00,Solar 57,0.0
2030,sc01,04-19 16:00:00+02:00,CC NG 32,0.0
2030,sc01,04-19 16:00:00+02:00,CC NG 07,0.0
2030,sc01,04-19 16:00:00+02:00,Biomass 44,0.0
2030,sc01,04-19 16:00:00+02:00,CT NG 40,0.0
2030,sc01,04-19 16:00:00+02:00,Solar 74,3.7645032124999998
2030,sc01,04-19 16:00:00+02:00,Hydro 30,0.0
2030,sc01,04-19 16:00:00+02:00,CT NG 42,0.0
2030,sc01,04-19 16:00:00+02:00,Hydro 22,1.1071268699999999
2030,sc01,04-19 16:00:00+02:00,Solar 17,0.228443295608
2030,sc01,04-19 16:00:00+02:00,Solar 38,0.0
2030,sc01,04-19 16:00:00+02:00,CT NG 24,0.0
2030,sc01,04-19 16:00:00+02:00,CC NG 27,0.0
2030,sc01,04-19 16:00:00+02:00,Biomass 21,0.01085
2030,sc01,04-19 16:00:00+02:00,ICE NG 06,0.0
2030,sc01,04-19 16:00:00+02:00,Biomass 25,0.013640000000000001
2030,sc01,04-19 16:00:00+02:00,Solar 27,0.09422414164
2030,sc01,04-19 16:00:00+02:00,CT NG 19,0.0
2030,sc01,04-19 16:00:00+02:00,Biomass 42,0.0
2030,sc01,04-19 16:00:00+02:00,Biomass 19,0.01085
2030,sc01,04-19 16:00:00+02:00,Biomass 06,0.013640000000000001
2030,sc01,04-19 16:00:00+02:00,CT NG 10,0.0
2030,sc01,04-19 16:00:00+02:00,CC NG 40,0.0
2030,sc01,04-19 16:00:00+02:00,CC NG 21,0.0
2030,sc01,04-19 16:00:00+02:00,Biomass 02,0.031
2030,sc01,04-19 16:00:00+02:00,CT NG 46,0.0
2030,sc01,04-19 16:00:00+02:00,Hydro 34,0.0
2030,sc01,04-19 16:00:00+02:00,Biomass 10,0.02294
2030,sc01,04-19 16:00:00+02:00,CT NG 17,0.0
2030,sc01,04-19 16:00:00+02:00,Biomass 62,0.045259999999999995
2030,sc01,04-19 16:00:00+02:00,Biomass 32,0.03689
2030,sc01,04-19 16:00:00+02:00,CC NG 19,0.0
2030,sc01,04-19 16:00:00+02:00,CC NG 17,0.0
2030,sc01,04-19 16:00:00+02:00,ST NG 01,0.0
2030,sc01,04-19 16:00:00+02:00,Biomass 45,0.0
2030,sc01,04-19 16:00:00+02:00,Biomass 28,0.05239
2030,sc01,04-19 16:00:00+02:00,CC NG 10,0.0
2030,sc01,04-19 16:00:00+02:00,Biomass 23,0.013640000000000001
2030,sc01,04-19 16:00:00+02:00,ST NG 06,0.0
2030,sc01,04-19 16:00:00+02:00,Wind 10,0.8949382637500001
2030,sc01,04-19 16:00:00+02:00,CT NG 69,0.0
2030,sc01,04-19 16:00:00+02:00,CT NG 68,0.0
2030,sc01,04-20 03:00:00+02:00,CC NG 13,0.0
2030,sc01,04-20 03:00:00+02:00,CT NG 37,0.0
2030,sc01,04-20 03:00:00+02:00,ST Coal 01,0.0
2030,sc01,04-20 03:00:00+02:00,CT NG 09,0.0
2030,sc01,04-20 03:00:00+02:00,CT NG 47,0.0
2030,sc01,04-20 03:00:00+02:00,Solar 69,0.0
2030,sc01,04-20 03:00:00+02:00,Solar 34,0.0
2030,sc01,04-20 03:00:00+02:00,Solar 73,0.0
2030,sc01,04-20 03:00:00+02:00,Biomass 37,0.0
2030,sc01,04-20 03:00:00+02:00,Hydro 20,0.0
2030,sc01,04-20 03:00:00+02:00,Solar 01,0.0
2030,sc01,04-20 03:00:00+02:00,Solar 62,0.0
2030,sc01,04-20 03:00:00+02:00,Solar 02,0.0
2030,sc01,04-20 03:00:00+02:00,CT NG 26,0.0
2030,sc01,04-20 03:00:00+02:00,Biomass 20,0.0
2030,sc01,04-20 03:00:00+02:00,Wind 16,39.6960637648
2030,sc01,04-20 03:00:00+02:00,CT NG 66,0.0
2030,sc01,04-20 03:00:00+02:00,Solar 39,0.0
2030,sc01,04-20 03:00:00+02:00,Biomass 41,0.0
2030,sc01,04-20 03:00:00+02:00,Solar 72,0.0
2030,sc01,04-20 03:00:00+02:00,ST NG 03,0.0
2030,sc01,04-20 03:00:00+02:00,Hydro 21,0.80869713
2030,sc01,04-20 03:00:00+02:00,CT NG 03,0.0
2030,sc01,04-20 03:00:00+02:00,CC NG 09,0.0
2030,sc01,04-20 03:00:00+02:00,CT Oil 02,0.0
2030,sc01,04-20 03:00:00+02:00,CT NG 39,0.0
2030,sc01,04-20 03:00:00+02:00,CC NG 08,0.0
2030,sc01,04-20 03:00:00+02:00,Biomass 43,0.0
2030,sc01,04-20 03:00:00+02:00,CT NG 18,0.0
2030,sc01,04-20 03:00:00+02:00,ST NG 07,0.0
2030,sc01,04-20 03:00:00+02:00,Biomass 35,0.0
2030,sc01,04-20 03:00:00+02:00,Solar 32,0.0
2030,sc01,04-20 03:00:00+02:00,Biomass 15,0.0
2030,sc01,04-20 03:00:00+02:00,CC NG 31,0.0
2030,sc01,04-20 03:00:00+02:00,Solar 16,0.0
2030,sc01,04-20 03:00:00+02:00,Solar 68,0.0
2030,sc01,04-20 03:00:00+02:00,CT NG 21,0.0
2030,sc01,04-20 03:00:00+02:00,Wind 11,1.9681346708200003
2030,sc01,04-20 03:00:00+02:00,CC NG 37,0.0
2030,sc01,04-20 03:00:00+02:00,CT NG 22,0.0
2030,sc01,04-20 03:00:00+02:00,Hydro 16,0.0
2030,sc01,04-20 03:00:00+02:00,Biomass 59,0.0
2030,sc01,04-20 03:00:00+02:00,CC NG 01,0.0
2030,sc01,04-20 03:00:00+02:00,Biomass 16,0.0
2030,sc01,04-20 03:00:00+02:00,Solar 03,0.0
2030,sc01,04-20 03:00:00+02:00,Solar 44,0.0
2030,sc01,04-20 03:00:00+02:00,CT NG 08,0.0
2030,sc01,04-20 03:00:00+02:00,Wind 05,0.034224841735999996
2030,sc01,04-20 03:00:00+02:00,Biomass 26,0.0
2030,sc01,04-20 03:00:00+02:00,Solar 37,0.0
2030,sc01,04-20 03:00:00+02:00,Biomass 11,0.0
2030,sc01,04-20 03:00:00+02:00,Solar 59,0.0
2030,sc01,04-20 03:00:00+02:00,CT NG 11,0.0
2030,sc01,04-20 03:00:00+02:00,Biomass 30,0.0
2030,sc01,04-20 03:00:00+02:00,Hydro 23,0.0
2030,sc01,04-20 03:00:00+02:00,CC NG 24,0.0
2030,sc01,04-20 03:00:00+02:00,Solar 65,0.0
2030,sc01,04-20 03:00:00+02:00,CC NG 18,0.0
2030,sc01,04-20 03:00:00+02:00,CT NG 16,0.0
2030,sc01,04-20 03:00:00+02:00,Solar 51,0.0
2030,sc01,04-20 03:00:00+02:00,Wind 06,3.3494926239000002
2030,sc01,04-20 03:00:00+02:00,CC NG 26,0.0
2030,sc01,04-20 03:00:00+02:00,CC NG 23,0.0
2030,sc01,04-20 03:00:00+02:00,CT NG 43,0.0
2030,sc01,04-20 03:00:00+02:00,CC NG 11,0.0
2030,sc01,04-20 03:00:00+02:00,CT NG 02,0.0
2030,sc01,04-20 03:00:00+02:00,CT NG 50,0.0
2030,sc01,04-20 03:00:00+02:00,Hydro 27,0.0
2030,sc01,04-20 03:00:00+02:00,CT NG 13,0.0
2030,sc01,04-20 03:00:00+02:00,CT NG 25,0.0
2030,sc01,04-20 03:00:00+02:00,CC NG 05,0.0
2030,sc01,04-20 03:00:00+02:00,Solar 04,0.0
2030,sc01,04-20 03:00:00+02:00,Solar 30,0.0
2030,sc01,04-20 03:00:00+02:00,Solar 29,0.0
2030,sc01,04-20 03:00:00+02:00,Solar 53,0.0
2030,sc01,04-20 03:00:00+02:00,Solar 21,0.0
2030,sc01,04-20 03:00:00+02:00,Biomass 58,0.0
2030,sc01,04-20 03:00:00+02:00,CT NG 74,0.0
2030,sc01,04-20 03:00:00+02:00,Solar 61,0.0
2030,sc01,04-20 03:00:00+02:00,Wind 07,2.0858150425099997
2030,sc01,04-20 03:00:00+02:00,Biomass 31,0.0
2030,sc01,04-20 03:00:00+02:00,CT Oil 05,0.0
2030,sc01,04-20 03:00:00+02:00,Biomass 38,0.0
2030,sc01,04-20 03:00:00+02:00,Solar 41,0.0
2030,sc01,04-20 03:00:00+02:00,Biomass 51,0.0
2030,sc01,04-20 03:00:00+02:00,Biomass 55,0.0
2030,sc01,04-20 03:00:00+02:00,Wind 15,8.4769733579
2030,sc01,04-20 03:00:00+02:00,Geo 01,0.0
2030,sc01,04-20 03:00:00+02:00,Biomass 60,0.0
2030,sc01,04-20 03:00:00+02:00,CT NG 38,0.0
2030,sc01,04-20 03:00:00+02:00,Solar 66,0.0
2030,sc01,04-20 03:00:00+02:00,Solar 49,0.0
2030,sc01,04-20 03:00:00+02:00,CT NG 51,0.0
2030,sc01,04-20 03:00:00+02:00,Biomass 18,0.0
2030,sc01,04-20 03:00:00+02:00,ICE NG 01,0.0
2030,sc01,04-20 03:00:00+02:00,Solar 15,0.0
2030,sc01,04-20 03:00:00+02:00,ICE NG 05,0.0
2030,sc01,04-20 03:00:00+02:00,CT Oil 04,0.0
2030,sc01,04-20 03:00:00+02:00,CC NG 20,0.0
2030,sc01,04-20 03:00:00+02:00,Solar 20,0.0
2030,sc01,04-20 03:00:00+02:00,Biomass 04,0.0
2030,sc01,04-20 03:00:00+02:00,Wind 02,4.5174660371
2030,sc01,04-20 03:00:00+02:00,Hydro 25,0.32500260000000003
2030,sc01,04-20 03:00:00+02:00,Solar 75,0.0
2030,sc01,04-20 03:00:00+02:00,Hydro 33,0.0
2030,sc01,04-20 03:00:00+02:00,ST NG 05,0.0
2030,sc01,04-20 03:00:00+02:00,CT NG 07,0.0
2030,sc01,04-20 03:00:00+02:00,Wind 01,1.52303506946
2030,sc01,04-20 03:00:00+02:00,Solar 56,0.0
2030,sc01,04-20 03:00:00+02:00,Biomass 09,0.0
2030,sc01,04-20 03:00:00+02:00,Biomass 53,0.0
2030,sc01,04-20 03:00:00+02:00,Wind 17,7.3647361706000005
2030,sc01,04-20 03:00:00+02:00,ST NG 08,0.0
2030,sc01,04-20 03:00:00+02:00,Hydro 19,0.0
2030,sc01,04-20 03:00:00+02:00,ST NG 02,0.0
2030,sc01,04-20 03:00:00+02:00,Biomass 01,0.0
2030,sc01,04-20 03:00:00+02:00,Biomass 57,0.0
2030,sc01,04-20 03:00:00+02:00,CT NG 49,0.0
2030,sc01,04-20 03:00:00+02:00,CT NG 31,0.0
2030,sc01,04-20 03:00:00+02:00,Solar 64,0.0
2030,sc01,04-20 03:00:00+02:00,CC NG 33,0.0
2030,sc01,04-20 03:00:00+02:00,Solar 46,0.0
2030,sc01,04-20 03:00:00+02:00,Biomass 12,0.0
2030,sc01,04-20 03:00:00+02:00,Wind 04,0.5936645192300001
2030,sc01,04-20 03:00:00+02:00,Solar 13,0.0
2030,sc01,04-20 03:00:00+02:00,CT NG 55,0.0
2030,sc01,04-20 03:00:00+02:00,Wind N03,114.36804344515517
2030,sc01,04-20 03:00:00+02:00,CT NG 28,0.0
2030,sc01,04-20 03:00:00+02:00,Wind 09,0.5954240573
2030,sc01,04-20 03:00:00+02:00,Solar 60,0.0
2030,sc01,04-20 03:00:00+02:00,Solar 25,0.0
2030,sc01,04-20 03:00:00+02:00,CT NG 23,0.0
2030,sc01,04-20 03:00:00+02:00,ST Other 01,0.0
2030,sc01,04-20 03:00:00+02:00,Solar 70,0.0
2030,sc01,04-20 03:00:00+02:00,CC NG 34,0.0
2030,sc01,04-20 03:00:00+02:00,Solar 48,0.0
2030,sc01,04-20 03:00:00+02:00,Biomass 56,0.0
2030,sc01,04-20 03:00:00+02:00,CT NG 36,0.0
2030,sc01,04-20 03:00:00+02:00,Solar 47,0.0
2030,sc01,04-20 03:00:00+02:00,Hydro 17,0.01125009
2030,sc01,04-20 03:00:00+02:00,Solar 09,0.0
2030,sc01,04-20 03:00:00+02:00,Solar 08,0.0
2030,sc01,04-20 03:00:00+02:00,CT NG 45,0.0
2030,sc01,04-20 03:00:00+02:00,ST NG 04,0.0
2030,sc01,04-20 03:00:00+02:00,Solar 40,0.0
2030,sc01,04-20 03:00:00+02:00,Biomass 47,0.0
2030,sc01,04-20 03:00:00+02:00,Solar 50,0.0
2030,sc01,04-20 03:00:00+02:00,Solar 52,0.0
2030,sc01,04-20 03:00:00+02:00,Solar 63,0.0
2030,sc01,04-20 03:00:00+02:00,CC NG 06,0.0
2030,sc01,04-20 03:00:00+02:00,Biomass 39,0.0
2030,sc01,04-20 03:00:00+02:00,Solar 67,0.0
2030,sc01,04-20 03:00:00+02:00,Solar 19,0.0
2030,sc01,04-20 03:00:00+02:00,Wind 12,0.0
2030,sc01,04-20 03:00:00+02:00,Solar 24,0.0
2030,sc01,04-20 03:00:00+02:00,ICE NG 02,0.0
2030,sc01,04-20 03:00:00+02:00,Solar 05,0.0
2030,sc01,04-20 03:00:00+02:00,CT NG 54,0.0
2030,sc01,04-20 03:00:00+02:00,Wind N01,118.61700925700002
2030,sc01,04-20 03:00:00+02:00,CT NG 27,0.0
2030,sc01,04-20 03:00:00+02:00,CC NG 36,0.0
2030,sc01,04-20 03:00:00+02:00,Wind N02,0.0
2030,sc01,04-20 03:00:00+02:00,CT NG 52,0.0
2030,sc01,04-20 03:00:00+02:00,Solar 35,0.0
2030,sc01,04-20 03:00:00+02:00,CT NG 05,0.0
2030,sc01,04-20 03:00:00+02:00,Biomass 36,0.0
2030,sc01,04-20 03:00:00+02:00,CT NG 34,0.0
2030,sc01,04-20 03:00:00+02:00,CT Oil 03,0.0
2030,sc01,04-20 03:00:00+02:00,Hydro 35,0.0
2030,sc01,04-20 03:00:00+02:00,Solar 14,0.0
2030,sc01,04-20 03:00:00+02:00,CT NG 75,0.0
2030,sc01,04-20 03:00:00+02:00,ST NG 09,0.0
2030,sc01,04-20 03:00:00+02:00,CT NG 56,0.0
2030,sc01,04-20 03:00:00+02:00,Biomass 22,0.0
2030,sc01,04-20 03:00:00+02:00,Solar 18,0.0
2030,sc01,04-20 03:00:00+02:00,Biomass 13,0.0
2030,sc01,04-20 03:00:00+02:00,CT NG 71,0.0
2030,sc01,04-20 03:00:00+02:00,Solar 58,0.0
2030,sc01,04-20 03:00:00+02:00,Solar 06,0.0
2030,sc01,04-20 03:00:00+02:00,Biomass 08,0.0
2030,sc01,04-20 03:00:00+02:00,CT NG 72,0.0
2030,sc01,04-20 03:00:00+02:00,Hydro 18,0.03875031
2030,sc01,04-20 03:00:00+02:00,Solar 10,0.0
2030,sc01,04-20 03:00:00+02:00,CT NG 04,0.0
2030,sc01,04-20 03:00:00+02:00,ST Other 02,0.0
2030,sc01,04-20 03:00:00+02:00,CT NG 12,0.0
2030,sc01,04-20 03:00:00+02:00,CT NG 48,0.0
2030,sc01,04-20 03:00:00+02:00,ST NG 10,0.0
2030,sc01,04-20 03:00:00+02:00,Solar 22,0.0
2030,sc01,04-20 03:00:00+02:00,Solar 28,0.0
2030,sc01,04-20 03:00:00+02:00,CT NG 73,0.0
2030,sc01,04-20 03:00:00+02:00,Biomass 52,0.0
2030,sc01,04-20 03:00:00+02:00,CT NG 30,0.0
2030,sc01,04-20 03:00:00+02:00,Solar 54,0.0
2030,sc01,04-20 03:00:00+02:00,Solar 31,0.0
2030,sc01,04-20 03:00:00+02:00,Biomass 03,0.0
2030,sc01,04-20 03:00:00+02:00,CT NG 32,0.0
2030,sc01,04-20 03:00:00+02:00,Biomass 27,0.0
2030,sc01,04-20 03:00:00+02:00,CC NG 14,0.0
2030,sc01,04-20 03:00:00+02:00,CC NG 03,0.0
2030,sc01,04-20 03:00:00+02:00,CC NG 29,0.0
2030,sc01,04-20 03:00:00+02:00,CC NG 28,0.0
2030,sc01,04-20 03:00:00+02:00,CC NG 25,0.0
2030,sc01,04-20 03:00:00+02:00,CT NG 44,0.0
2030,sc01,04-20 03:00:00+02:00,CT NG 14,0.0
2030,sc01,04-20 03:00:00+02:00,CC NG 15,0.0
2030,sc01,04-20 03:00:00+02:00,CC NG 04,0.0
2030,sc01,04-20 03:00:00+02:00,Biomass 29,0.0
2030,sc01,04-20 03:00:00+02:00,Wind 14,56.25900149849419
2030,sc01,04-20 03:00:00+02:00,Wind 08,0.4317449314
2030,sc01,04-20 03:00:00+02:00,Biomass 61,0.0
2030,sc01,04-20 03:00:00+02:00,CT NG 35,0.0
2030,sc01,04-20 03:00:00+02:00,Solar 33,0.0
2030,sc01,04-20 03:00:00+02:00,CT NG 41,0.0
2030,sc01,04-20 03:00:00+02:00,CT NG 15,0.0
2030,sc01,04-20 03:00:00+02:00,Solar 42,0.0
2030,sc01,04-20 03:00:00+02:00,Solar 07,0.0
2030,sc01,04-20 03:00:00+02:00,Solar 43,0.0
2030,sc01,04-20 03:00:00+02:00,Biomass 05,0.0
2030,sc01,04-20 03:00:00+02:00,CT NG 29,0.0
2030,sc01,04-20 03:00:00+02:00,Solar 71,0.0
2030,sc01,04-20 03:00:00+02:00,CT NG 53,0.0
2030,sc01,04-20 03:00:00+02:00,CT NG 20,0.0
2030,sc01,04-20 03:00:00+02:00,Biomass 14,0.0
2030,sc01,04-20 03:00:00+02:00,Solar 26,0.0
2030,sc01,04-20 03:00:00+02:00,Hydro 29,0.0
2030,sc01,04-20 03:00:00+02:00,Hydro 31,0.0
2030,sc01,04-20 03:00:00+02:00,Biomass 24,0.0
2030,sc01,04-20 03:00:00+02:00,Biomass 54,0.0
2030,sc01,04-20 03:00:00+02:00,Solar 36,0.0
2030,sc01,04-20 03:00:00+02:00,Wind 03,1.46018752592
2030,sc01,04-20 03:00:00+02:00,Biomass 40,0.0
2030,sc01,04-20 03:00:00+02:00,Biomass 49,0.0
2030,sc01,04-20 03:00:00+02:00,CC NG 16,0.0
2030,sc01,04-20 03:00:00+02:00,Biomass 48,0.0
2030,sc01,04-20 03:00:00+02:00,Hydro 28,0.0
2030,sc01,04-20 03:00:00+02:00,Biomass 17,0.0
2030,sc01,04-20 03:00:00+02:00,CT NG 33,0.0
2030,sc01,04-20 03:00:00+02:00,Solar 45,0.0
2030,sc01,04-20 03:00:00+02:00,Hydro 24,0.0
2030,sc01,04-20 03:00:00+02:00,Wind 13,0.0
2030,sc01,04-20 03:00:00+02:00,Biomass 07,0.0
2030,sc01,04-20 03:00:00+02:00,Biomass 34,0.0
2030,sc01,04-20 03:00:00+02:00,Biomass 33,0.0
2030,sc01,04-20 03:00:00+02:00,CT NG 01,0.0
2030,sc01,04-20 03:00:00+02:00,ICE NG 03,0.0
2030,sc01,04-20 03:00:00+02:00,Solar 55,0.0
2030,sc01,04-20 03:00:00+02:00,Solar 11,0.0
2030,sc01,04-20 03:00:00+02:00,CT NG 06,0.0
2030,sc01,04-20 03:00:00+02:00,CT NG 70,0.0
2030,sc01,04-20 03:00:00+02:00,Solar 23,0.0
2030,sc01,04-20 03:00:00+02:00,CT NG 67,0.0
2030,sc01,04-20 03:00:00+02:00,Solar 12,0.0
2030,sc01,04-20 03:00:00+02:00,CT Oil 01,0.0
2030,sc01,04-20 03:00:00+02:00,Hydro 26,0.0
2030,sc01,04-20 03:00:00+02:00,CC NG 22,0.0
2030,sc01,04-20 03:00:00+02:00,CC NG 35,0.0
2030,sc01,04-20 03:00:00+02:00,Biomass 50,0.0
2030,sc01,04-20 03:00:00+02:00,ICE NG 04,0.0
2030,sc01,04-20 03:00:00+02:00,CC NG 39,0.0
2030,sc01,04-20 03:00:00+02:00,Hydro 32,0.0
2030,sc01,04-20 03:00:00+02:00,ICE NG 07,0.0
2030,sc01,04-20 03:00:00+02:00,Biomass 46,0.0
2030,sc01,04-20 03:00:00+02:00,CC NG 38,0.0
2030,sc01,04-20 03:00:00+02:00,CC NG 12,0.0
2030,sc01,04-20 03:00:00+02:00,Solar 57,0.0
2030,sc01,04-20 03:00:00+02:00,CC NG 32,0.0
2030,sc01,04-20 03:00:00+02:00,CC NG 07,0.0
2030,sc01,04-20 03:00:00+02:00,Biomass 44,0.0
2030,sc01,04-20 03:00:00+02:00,CT NG 40,0.0
2030,sc01,04-20 03:00:00+02:00,Solar 74,0.0
2030,sc01,04-20 03:00:00+02:00,Hydro 30,0.0
2030,sc01,04-20 03:00:00+02:00,CT NG 42,0.0
2030,sc01,04-20 03:00:00+02:00,Hydro 22,0.80869713
2030,sc01,04-20 03:00:00+02:00,Solar 17,0.0
2030,sc01,04-20 03:00:00+02:00,Solar 38,0.0
2030,sc01,04-20 03:00:00+02:00,CT NG 24,0.0
2030,sc01,04-20 03:00:00+02:00,CC NG 27,0.0
2030,sc01,04-20 03:00:00+02:00,Biomass 21,0.0
2030,sc01,04-20 03:00:00+02:00,ICE NG 06,0.0
2030,sc01,04-20 03:00:00+02:00,Biomass 25,0.0
2030,sc01,04-20 03:00:00+02:00,Solar 27,0.0
2030,sc01,04-20 03:00:00+02:00,CT NG 19,0.0
2030,sc01,04-20 03:00:00+02:00,Biomass 42,0.0
2030,sc01,04-20 03:00:00+02:00,Biomass 19,0.0
2030,sc01,04-20 03:00:00+02:00,Biomass 06,0.0
2030,sc01,04-20 03:00:00+02:00,CT NG 10,0.0
2030,sc01,04-20 03:00:00+02:00,CC NG 40,0.0
2030,sc01,04-20 03:00:00+02:00,CC NG 21,0.0
2030,sc01,04-20 03:00:00+02:00,Biomass 02,0.0
2030,sc01,04-20 03:00:00+02:00,CT NG 46,0.0
2030,sc01,04-20 03:00:00+02:00,Hydro 34,0.0
2030,sc01,04-20 03:00:00+02:00,Biomass 10,0.0
2030,sc01,04-20 03:00:00+02:00,CT NG 17,0.0
2030,sc01,04-20 03:00:00+02:00,Biomass 62,0.0
2030,sc01,04-20 03:00:00+02:00,Biomass 32,0.0
2030,sc01,04-20 03:00:00+02:00,CC NG 19,0.0
2030,sc01,04-20 03:00:00+02:00,CC NG 17,0.0
2030,sc01,04-20 03:00:00+02:00,ST NG 01,0.0
2030,sc01,04-20 03:00:00+02:00,Biomass 45,0.0
2030,sc01,04-20 03:00:00+02:00,Biomass 28,0.0
2030,sc01,04-20 03:00:00+02:00,CC NG 10,0.0
2030,sc01,04-20 03:00:00+02:00,Biomass 23,0.0
2030,sc01,04-20 03:00:00+02:00,ST NG 06,0.0
2030,sc01,04-20 03:00:00+02:00,Wind 10,0.57553760607
2030,sc01,04-20 03:00:00+02:00,CT NG 69,0.0
2030,sc01,04-20 03:00:00+02:00,CT NG 68,0.0
2030,sc01,04-21 16:00:00+02:00,CC NG 13,0.0
2030,sc01,04-21 16:00:00+02:00,CT NG 37,0.0
2030,sc01,04-21 16:00:00+02:00,ST Coal 01,0.0
2030,sc01,04-21 16:00:00+02:00,CT NG 09,0.0
2030,sc01,04-21 16:00:00+02:00,CT NG 47,0.0
2030,sc01,04-21 16:00:00+02:00,Solar 69,0.0
2030,sc01,04-21 16:00:00+02:00,Solar 34,13.144126268
2030,sc01,04-21 16:00:00+02:00,Solar 73,0.0
2030,sc01,04-21 16:00:00+02:00,Biomass 37,0.0
2030,sc01,04-21 16:00:00+02:00,Hydro 20,0.0
2030,sc01,04-21 16:00:00+02:00,Solar 01,13.271365708000001
2030,sc01,04-21 16:00:00+02:00,Solar 62,0.0
2030,sc01,04-21 16:00:00+02:00,Solar 02,0.0
2030,sc01,04-21 16:00:00+02:00,CT NG 26,0.0
2030,sc01,04-21 16:00:00+02:00,Biomass 20,0.014
2030,sc01,04-21 16:00:00+02:00,Wind 16,0.0
2030,sc01,04-21 16:00:00+02:00,CT NG 66,0.0
2030,sc01,04-21 16:00:00+02:00,Solar 39,0.0
2030,sc01,04-21 16:00:00+02:00,Biomass 41,0.0
2030,sc01,04-21 16:00:00+02:00,Solar 72,0.0
2030,sc01,04-21 16:00:00+02:00,ST NG 03,0.0
2030,sc01,04-21 16:00:00+02:00,Hydro 21,0.8839176000000002
2030,sc01,04-21 16:00:00+02:00,CT NG 03,0.0
2030,sc01,04-21 16:00:00+02:00,CC NG 09,0.0
2030,sc01,04-21 16:00:00+02:00,CT Oil 02,0.0
2030,sc01,04-21 16:00:00+02:00,CT NG 39,0.0
2030,sc01,04-21 16:00:00+02:00,CC NG 08,0.0
2030,sc01,04-21 16:00:00+02:00,Biomass 43,0.0
2030,sc01,04-21 16:00:00+02:00,CT NG 18,0.0
2030,sc01,04-21 16:00:00+02:00,ST NG 07,0.0
2030,sc01,04-21 16:00:00+02:00,Biomass 35,0.0
2030,sc01,04-21 16:00:00+02:00,Solar 32,0.0
2030,sc01,04-21 16:00:00+02:00,Biomass 15,0.0088
2030,sc01,04-21 16:00:00+02:00,CC NG 31,0.0
2030,sc01,04-21 16:00:00+02:00,Solar 16,0.9006854120000001
2030,sc01,04-21 16:00:00+02:00,Solar 68,0.0
2030,sc01,04-21 16:00:00+02:00,CT NG 21,0.0
2030,sc01,04-21 16:00:00+02:00,Wind 11,1.5709123064
2030,sc01,04-21 16:00:00+02:00,CC NG 37,0.0
2030,sc01,04-21 16:00:00+02:00,CT NG 22,0.0
2030,sc01,04-21 16:00:00+02:00,Hydro 16,0.0
2030,sc01,04-21 16:00:00+02:00,Biomass 59,0.16560000000000002
2030,sc01,04-21 16:00:00+02:00,CC NG 01,0.0
2030,sc01,04-21 16:00:00+02:00,Biomass 16,0.0088
2030,sc01,04-21 16:00:00+02:00,Solar 03,4.095975596
2030,sc01,04-21 16:00:00+02:00,Solar 44,0.0
2030,sc01,04-21 16:00:00+02:00,CT NG 08,0.0
2030,sc01,04-21 16:00:00+02:00,Wind 05,0.02918824864
2030,sc01,04-21 16:00:00+02:00,Biomass 26,0.0676
2030,sc01,04-21 16:00:00+02:00,Solar 37,0.0
2030,sc01,04-21 16:00:00+02:00,Biomass 11,0.0132
2030,sc01,04-21 16:00:00+02:00,Solar 59,0.0
2030,sc01,04-21 16:00:00+02:00,CT NG 11,0.0
2030,sc01,04-21 16:00:00+02:00,Biomass 30,0.0676
2030,sc01,04-21 16:00:00+02:00,Hydro 23,0.0
2030,sc01,04-21 16:00:00+02:00,CC NG 24,0.0
2030,sc01,04-21 16:00:00+02:00,Solar 65,2.381167662
2030,sc01,04-21 16:00:00+02:00,CC NG 18,0.0
2030,sc01,04-21 16:00:00+02:00,CT NG 16,0.0
2030,sc01,04-21 16:00:00+02:00,Solar 51,0.0
2030,sc01,04-21 16:00:00+02:00,Wind 06,1.3489318624000002
2030,sc01,04-21 16:00:00+02:00,CC NG 26,0.0
2030,sc01,04-21 16:00:00+02:00,CC NG 23,0.0
2030,sc01,04-21 16:00:00+02:00,CT NG 43,0.0
2030,sc01,04-21 16:00:00+02:00,CC NG 11,0.0
2030,sc01,04-21 16:00:00+02:00,CT NG 02,0.0
2030,sc01,04-21 16:00:00+02:00,CT NG 50,0.0
2030,sc01,04-21 16:00:00+02:00,Hydro 27,0.0
2030,sc01,04-21 16:00:00+02:00,CT NG 13,0.0
2030,sc01,04-21 16:00:00+02:00,CT NG 25,0.0
2030,sc01,04-21 16:00:00+02:00,CC NG 05,0.0
2030,sc01,04-21 16:00:00+02:00,Solar 04,0.5975985828
2030,sc01,04-21 16:00:00+02:00,Solar 30,0.8685412920000001
2030,sc01,04-21 16:00:00+02:00,Solar 29,1.039596366
2030,sc01,04-21 16:00:00+02:00,Solar 53,0.0
2030,sc01,04-21 16:00:00+02:00,Solar 21,2.2675158152
2030,sc01,04-21 16:00:00+02:00,Biomass 58,0.0732
2030,sc01,04-21 16:00:00+02:00,CT NG 74,0.0
2030,sc01,04-21 16:00:00+02:00,Solar 61,0.0
2030,sc01,04-21 16:00:00+02:00,Wind 07,1.3949757692
2030,sc01,04-21 16:00:00+02:00,Biomass 31,0.0676
2030,sc01,04-21 16:00:00+02:00,CT Oil 05,0.0
2030,sc01,04-21 16:00:00+02:00,Biomass 38,0.0
2030,sc01,04-21 16:00:00+02:00,Solar 41,0.0
2030,sc01,04-21 16:00:00+02:00,Biomass 51,0.0
2030,sc01,04-21 16:00:00+02:00,Biomass 55,0.09519999999999999
2030,sc01,04-21 16:00:00+02:00,Wind 15,0.0
2030,sc01,04-21 16:00:00+02:00,Geo 01,0.0
2030,sc01,04-21 16:00:00+02:00,Biomass 60,0.10800000000000001
2030,sc01,04-21 16:00:00+02:00,CT NG 38,0.0
2030,sc01,04-21 16:00:00+02:00,Solar 66,23.831764456000002
2030,sc01,04-21 16:00:00+02:00,Solar 49,0.0
2030,sc01,04-21 16:00:00+02:00,CT NG 51,0.0
2030,sc01,04-21 16:00:00+02:00,Biomass 18,0.0088
2030,sc01,04-21 16:00:00+02:00,ICE NG 01,0.0
2030,sc01,04-21 16:00:00+02:00,Solar 15,1.2967717448
2030,sc01,04-21 16:00:00+02:00,ICE NG 05,0.0
2030,sc01,04-21 16:00:00+02:00,CT Oil 04,0.0
2030,sc01,04-21 16:00:00+02:00,CC NG 20,0.0
2030,sc01,04-21 16:00:00+02:00,Solar 20,1.3541177236
2030,sc01,04-21 16:00:00+02:00,Biomass 04,0.0
2030,sc01,04-21 16:00:00+02:00,Wind 02,3.6379730624
2030,sc01,04-21 16:00:00+02:00,Hydro 25,0.0
2030,sc01,04-21 16:00:00+02:00,Solar 75,6.516151544
2030,sc01,04-21 16:00:00+02:00,Hydro 33,0.0
2030,sc01,04-21 16:00:00+02:00,ST NG 05,0.0
2030,sc01,04-21 16:00:00+02:00,CT NG 07,0.0
2030,sc01,04-21 16:00:00+02:00,Wind 01,0.8548699792000001
2030,sc01,04-21 16:00:00+02:00,Solar 56,0.0
2030,sc01,04-21 16:00:00+02:00,Biomass 09,0.0296
2030,sc01,04-21 16:00:00+02:00,Biomass 53,0.09519999999999999
2030,sc01,04-21 16:00:00+02:00,Wind 17,26.95483499943385
2030,sc01,04-21 16:00:00+02:00,ST NG 08,0.0
2030,sc01,04-21 16:00:00+02:00,Hydro 19,0.0
2030,sc01,04-21 16:00:00+02:00,ST NG 02,0.0
2030,sc01,04-21 16:00:00+02:00,Biomass 01,0.04
2030,sc01,04-21 16:00:00+02:00,Biomass 57,0.0732
2030,sc01,04-21 16:00:00+02:00,CT NG 49,0.0
2030,sc01,04-21 16:00:00+02:00,CT NG 31,0.0
2030,sc01,04-21 16:00:00+02:00,Solar 64,1.2501105064
2030,sc01,04-21 16:00:00+02:00,CC NG 33,0.0
2030,sc01,04-21 16:00:00+02:00,Solar 46,0.0
2030,sc01,04-21 16:00:00+02:00,Biomass 12,0.0132
2030,sc01,04-21 16:00:00+02:00,Wind 04,0.24576849888000002
2030,sc01,04-21 16:00:00+02:00,Solar 13,0.03255367616
2030,sc01,04-21 16:00:00+02:00,CT NG 55,0.0
2030,sc01,04-21 16:00:00+02:00,Wind N03,119.61767659741793
2030,sc01,04-21 16:00:00+02:00,CT NG 28,0.0
2030,sc01,04-21 16:00:00+02:00,Wind 09,0.4731579336
2030,sc01,04-21 16:00:00+02:00,Solar 60,0.0
2030,sc01,04-21 16:00:00+02:00,Solar 25,0.2387218208
2030,sc01,04-21 16:00:00+02:00,CT NG 23,0.0
2030,sc01,04-21 16:00:00+02:00,ST Other 01,0.0
2030,sc01,04-21 16:00:00+02:00,Solar 70,2.320435382987322
2030,sc01,04-21 16:00:00+02:00,CC NG 34,0.0
2030,sc01,04-21 16:00:00+02:00,Solar 48,0.0
2030,sc01,04-21 16:00:00+02:00,Biomass 56,0.08320000000000001
2030,sc01,04-21 16:00:00+02:00,CT NG 36,0.0
2030,sc01,04-21 16:00:00+02:00,Solar 47,0.0
2030,sc01,04-21 16:00:00+02:00,Hydro 17,0.0
2030,sc01,04-21 16:00:00+02:00,Solar 09,1.5821930588000002
2030,sc01,04-21 16:00:00+02:00,Solar 08,0.30907868128
2030,sc01,04-21 16:00:00+02:00,CT NG 45,0.0
2030,sc01,04-21 16:00:00+02:00,ST NG 04,0.0
2030,sc01,04-21 16:00:00+02:00,Solar 40,0.0
2030,sc01,04-21 16:00:00+02:00,Biomass 47,0.0
2030,sc01,04-21 16:00:00+02:00,Solar 50,0.0
2030,sc01,04-21 16:00:00+02:00,Solar 52,0.0
2030,sc01,04-21 16:00:00+02:00,Solar 63,2.6696499440000006
2030,sc01,04-21 16:00:00+02:00,CC NG 06,0.0
2030,sc01,04-21 16:00:00+02:00,Biomass 39,0.0
2030,sc01,04-21 16:00:00+02:00,Solar 67,1.779617778
2030,sc01,04-21 16:00:00+02:00,Solar 19,0.012311946560000002
2030,sc01,04-21 16:00:00+02:00,Wind 12,6.249248936000001
2030,sc01,04-21 16:00:00+02:00,Solar 24,0.17805110144000003
2030,sc01,04-21 16:00:00+02:00,ICE NG 02,0.0
2030,sc01,04-21 16:00:00+02:00,Solar 05,0.01447753664
2030,sc01,04-21 16:00:00+02:00,CT NG 54,0.0
2030,sc01,04-21 16:00:00+02:00,Wind N01,59.28774632
2030,sc01,04-21 16:00:00+02:00,CT NG 27,0.0
2030,sc01,04-21 16:00:00+02:00,CC NG 36,0.0
2030,sc01,04-21 16:00:00+02:00,Wind N02,93.85715158852427
2030,sc01,04-21 16:00:00+02:00,CT NG 52,0.0
2030,sc01,04-21 16:00:00+02:00,Solar 35,0.0
2030,sc01,04-21 16:00:00+02:00,CT NG 05,0.0
2030,sc01,04-21 16:00:00+02:00,Biomass 36,0.0
2030,sc01,04-21 16:00:00+02:00,CT NG 34,0.0
2030,sc01,04-21 16:00:00+02:00,CT Oil 03,0.0
2030,sc01,04-21 16:00:00+02:00,Hydro 35,0.0
2030,sc01,04-21 16:00:00+02:00,Solar 14,1.4417181772
2030,sc01,04-21 16:00:00+02:00,CT NG 75,0.0
2030,sc01,04-21 16:00:00+02:00,ST NG 09,0.0
2030,sc01,04-21 16:00:00+02:00,CT NG 56,0.0
2030,sc01,04-21 16:00:00+02:00,Biomass 22,0.014
2030,sc01,04-21 16:00:00+02:00,Solar 18,1.5206710455999999
2030,sc01,04-21 16:00:00+02:00,Biomass 13,0.0132
2030,sc01,04-21 16:00:00+02:00,CT NG 71,0.0
2030,sc01,04-21 16:00:00+02:00,Solar 58,0.0
2030,sc01,04-21 16:00:00+02:00,Solar 06,0.8279092760000001
2030,sc01,04-21 16:00:00+02:00,Biomass 08,0.0296
2030,sc01,04-21 16:00:00+02:00,CT NG 72,0.0
2030,sc01,04-21 16:00:00+02:00,Hydro 18,0.0
2030,sc01,04-21 16:00:00+02:00,Solar 10,1.3043362959999998
2030,sc01,04-21 16:00:00+02:00,CT NG 04,0.0
2030,sc01,04-21 16:00:00+02:00,ST Other 02,0.0
2030,sc01,04-21 16:00:00+02:00,CT NG 12,0.0
2030,sc01,04-21 16:00:00+02:00,CT NG 48,0.0
2030,sc01,04-21 16:00:00+02:00,ST NG 10,0.0
2030,sc01,04-21 16:00:00+02:00,Solar 22,1.0812924972
2030,sc01,04-21 16:00:00+02:00,Solar 28,0.9676308696
2030,sc01,04-21 16:00:00+02:00,CT NG 73,0.0
2030,sc01,04-21 16:00:00+02:00,Biomass 52,0.0
2030,sc01,04-21 16:00:00+02:00,CT NG 30,0.0
2030,sc01,04-21 16:00:00+02:00,Solar 54,0.0
2030,sc01,04-21 16:00:00+02:00,Solar 31,0.0
2030,sc01,04-21 16:00:00+02:00,Biomass 03,0.0
2030,sc01,04-21 16:00:00+02:00,CT NG 32,0.0
2030,sc01,04-21 16:00:00+02:00,Biomass 27,0.0676
2030,sc01,04-21 16:00:00+02:00,CC NG 14,0.0
2030,sc01,04-21 16:00:00+02:00,CC NG 03,0.0
2030,sc01,04-21 16:00:00+02:00,CC NG 29,0.0
2030,sc01,04-21 16:00:00+02:00,CC NG 28,0.0
2030,sc01,04-21 16:00:00+02:00,CC NG 25,0.0
2030,sc01,04-21 16:00:00+02:00,CT NG 44,0.0
2030,sc01,04-21 16:00:00+02:00,CT NG 14,0.0
2030,sc01,04-21 16:00:00+02:00,CC NG 15,0.0
2030,sc01,04-21 16:00:00+02:00,CC NG 04,0.0
2030,sc01,04-21 16:00:00+02:00,Biomass 29,0.0676
2030,sc01,04-21 16:00:00+02:00,Wind 14,0.0
2030,sc01,04-21 16:00:00+02:00,Wind 08,0.5434299496
2030,sc01,04-21 16:00:00+02:00,Biomass 61,0.0
2030,sc01,04-21 16:00:00+02:00,CT NG 35,0.0
2030,sc01,04-21 16:00:00+02:00,Solar 33,0.0
2030,sc01,04-21 16:00:00+02:00,CT NG 41,0.0
2030,sc01,04-21 16:00:00+02:00,CT NG 15,0.0
2030,sc01,04-21 16:00:00+02:00,Solar 42,0.0
2030,sc01,04-21 16:00:00+02:00,Solar 07,0.02622171872
2030,sc01,04-21 16:00:00+02:00,Solar 43,0.0
2030,sc01,04-21 16:00:00+02:00,Biomass 05,0.0176
2030,sc01,04-21 16:00:00+02:00,CT NG 29,0.0
2030,sc01,04-21 16:00:00+02:00,Solar 71,0.0
2030,sc01,04-21 16:00:00+02:00,CT NG 53,0.0
2030,sc01,04-21 16:00:00+02:00,CT NG 20,0.0
2030,sc01,04-21 16:00:00+02:00,Biomass 14,0.029199999999999997
2030,sc01,04-21 16:00:00+02:00,Solar 26,0.22107307423999997
2030,sc01,04-21 16:00:00+02:00,Hydro 29,0.0
2030,sc01,04-21 16:00:00+02:00,Hydro 31,0.0
2030,sc01,04-21 16:00:00+02:00,Biomass 24,0.0176
2030,sc01,04-21 16:00:00+02:00,Biomass 54,0.09519999999999999
2030,sc01,04-21 16:00:00+02:00,Solar 36,14.588088611999998
2030,sc01,04-21 16:00:00+02:00,Wind 03,0.5111101848
2030,sc01,04-21 16:00:00+02:00,Biomass 40,0.0
2030,sc01,04-21 16:00:00+02:00,Biomass 49,0.0
2030,sc01,04-21 16:00:00+02:00,CC NG 16,0.0
2030,sc01,04-21 16:00:00+02:00,Biomass 48,0.0
2030,sc01,04-21 16:00:00+02:00,Hydro 28,0.0
2030,sc01,04-21 16:00:00+02:00,Biomass 17,0.0088
2030,sc01,04-21 16:00:00+02:00,CT NG 33,0.0
2030,sc01,04-21 16:00:00+02:00,Solar 45,0.0
2030,sc01,04-21 16:00:00+02:00,Hydro 24,0.0
2030,sc01,04-21 16:00:00+02:00,Wind 13,3.0543351444
2030,sc01,04-21 16:00:00+02:00,Biomass 07,0.08
2030,sc01,04-21 16:00:00+02:00,Biomass 34,0.0
2030,sc01,04-21 16:00:00+02:00,Biomass 33,0.0
2030,sc01,04-21 16:00:00+02:00,CT NG 01,0.20676632203682488
2030,sc01,04-21 16:00:00+02:00,ICE NG 03,0.0
2030,sc01,04-21 16:00:00+02:00,Solar 55,0.0
2030,sc01,04-21 16:00:00+02:00,Solar 11,0.24420667584
2030,sc01,04-21 16:00:00+02:00,CT NG 06,0.0
2030,sc01,04-21 16:00:00+02:00,CT NG 70,0.0
2030,sc01,04-21 16:00:00+02:00,Solar 23,0.0361599632
2030,sc01,04-21 16:00:00+02:00,CT NG 67,0.0
2030,sc01,04-21 16:00:00+02:00,Solar 12,0.18904176672
2030,sc01,04-21 16:00:00+02:00,CT Oil 01,0.0
2030,sc01,04-21 16:00:00+02:00,Hydro 26,0.0
2030,sc01,04-21 16:00:00+02:00,CC NG 22,0.0
2030,sc01,04-21 16:00:00+02:00,CC NG 35,0.0
2030,sc01,04-21 16:00:00+02:00,Biomass 50,0.0
2030,sc01,04-21 16:00:00+02:00,ICE NG 04,0.0
2030,sc01,04-21 16:00:00+02:00,CC NG 39,0.0
2030,sc01,04-21 16:00:00+02:00,Hydro 32,0.0
2030,sc01,04-21 16:00:00+02:00,ICE NG 07,0.0
2030,sc01,04-21 16:00:00+02:00,Biomass 46,0.0
2030,sc01,04-21 16:00:00+02:00,CC NG 38,0.0
2030,sc01,04-21 16:00:00+02:00,CC NG 12,0.0
2030,sc01,04-21 16:00:00+02:00,Solar 57,0.0
2030,sc01,04-21 16:00:00+02:00,CC NG 32,0.0
2030,sc01,04-21 16:00:00+02:00,CC NG 07,0.0
2030,sc01,04-21 16:00:00+02:00,Biomass 44,0.0
2030,sc01,04-21 16:00:00+02:00,CT NG 40,0.0
2030,sc01,04-21 16:00:00+02:00,Solar 74,7.969635328000001
2030,sc01,04-21 16:00:00+02:00,Hydro 30,0.0
2030,sc01,04-21 16:00:00+02:00,CT NG 42,0.0
2030,sc01,04-21 16:00:00+02:00,Hydro 22,0.8839176000000002
2030,sc01,04-21 16:00:00+02:00,Solar 17,0.3707864544
2030,sc01,04-21 16:00:00+02:00,Solar 38,0.0
2030,sc01,04-21 16:00:00+02:00,CT NG 24,0.0
2030,sc01,04-21 16:00:00+02:00,CC NG 27,0.0
2030,sc01,04-21 16:00:00+02:00,Biomass 21,0.014
2030,sc01,04-21 16:00:00+02:00,ICE NG 06,0.0
2030,sc01,04-21 16:00:00+02:00,Biomass 25,0.0176
2030,sc01,04-21 16:00:00+02:00,Solar 27,0.1582540544
2030,sc01,04-21 16:00:00+02:00,CT NG 19,0.0
2030,sc01,04-21 16:00:00+02:00,Biomass 42,0.0
2030,sc01,04-21 16:00:00+02:00,Biomass 19,0.014
2030,sc01,04-21 16:00:00+02:00,Biomass 06,0.0176
2030,sc01,04-21 16:00:00+02:00,CT NG 10,0.0
2030,sc01,04-21 16:00:00+02:00,CC NG 40,0.0
2030,sc01,04-21 16:00:00+02:00,CC NG 21,0.0
2030,sc01,04-21 16:00:00+02:00,Biomass 02,0.04
2030,sc01,04-21 16:00:00+02:00,CT NG 46,0.0
2030,sc01,04-21 16:00:00+02:00,Hydro 34,0.0
2030,sc01,04-21 16:00:00+02:00,Biomass 10,0.0296
2030,sc01,04-21 16:00:00+02:00,CT NG 17,0.0
2030,sc01,04-21 16:00:00+02:00,Biomass 62,0.058399999999999994
2030,sc01,04-21 16:00:00+02:00,Biomass 32,0.047599999999999996
2030,sc01,04-21 16:00:00+02:00,CC NG 19,0.0
2030,sc01,04-21 16:00:00+02:00,CC NG 17,0.0
2030,sc01,04-21 16:00:00+02:00,ST NG 01,0.0
2030,sc01,04-21 16:00:00+02:00,Biomass 45,0.0
2030,sc01,04-21 16:00:00+02:00,Biomass 28,0.0676
2030,sc01,04-21 16:00:00+02:00,CC NG 10,0.0
2030,sc01,04-21 16:00:00+02:00,Biomass 23,0.0176
2030,sc01,04-21 16:00:00+02:00,ST NG 06,0.0
2030,sc01,04-21 16:00:00+02:00,Wind 10,0.44723001920000005
2030,sc01,04-21 16:00:00+02:00,CT NG 69,0.0
2030,sc01,04-21 16:00:00+02:00,CT NG 68,0.0
2030,sc01,04-25 01:00:00+02:00,CC NG 13,0.0
2030,sc01,04-25 01:00:00+02:00,CT NG 37,0.0
2030,sc01,04-25 01:00:00+02:00,ST Coal 01,0.0
2030,sc01,04-25 01:00:00+02:00,CT NG 09,0.0
2030,sc01,04-25 01:00:00+02:00,CT NG 47,0.0
2030,sc01,04-25 01:00:00+02:00,Solar 69,0.0
2030,sc01,04-25 01:00:00+02:00,Solar 34,0.0
2030,sc01,04-25 01:00:00+02:00,Solar 73,0.0
2030,sc01,04-25 01:00:00+02:00,Biomass 37,0.0
2030,sc01,04-25 01:00:00+02:00,Hydro 20,0.0
2030,sc01,04-25 01:00:00+02:00,Solar 01,0.0
2030,sc01,04-25 01:00:00+02:00,Solar 62,0.0
2030,sc01,04-25 01:00:00+02:00,Solar 02,0.0
2030,sc01,04-25 01:00:00+02:00,CT NG 26,0.0
2030,sc01,04-25 01:00:00+02:00,Biomass 20,0.0
2030,sc01,04-25 01:00:00+02:00,Wind 16,0.0
2030,sc01,04-25 01:00:00+02:00,CT NG 66,0.0
2030,sc01,04-25 01:00:00+02:00,Solar 39,0.0
2030,sc01,04-25 01:00:00+02:00,Biomass 41,0.0
2030,sc01,04-25 01:00:00+02:00,Solar 72,0.0
2030,sc01,04-25 01:00:00+02:00,ST NG 03,0.0
2030,sc01,04-25 01:00:00+02:00,Hydro 21,1.2090412499999998
2030,sc01,04-25 01:00:00+02:00,CT NG 03,0.0
2030,sc01,04-25 01:00:00+02:00,CC NG 09,0.0
2030,sc01,04-25 01:00:00+02:00,CT Oil 02,0.0
2030,sc01,04-25 01:00:00+02:00,CT NG 39,0.0
2030,sc01,04-25 01:00:00+02:00,CC NG 08,0.0
2030,sc01,04-25 01:00:00+02:00,Biomass 43,0.0
2030,sc01,04-25 01:00:00+02:00,CT NG 18,0.0
2030,sc01,04-25 01:00:00+02:00,ST NG 07,0.0
2030,sc01,04-25 01:00:00+02:00,Biomass 35,0.0
2030,sc01,04-25 01:00:00+02:00,Solar 32,0.0
2030,sc01,04-25 01:00:00+02:00,Biomass 15,0.0
2030,sc01,04-25 01:00:00+02:00,CC NG 31,0.0
2030,sc01,04-25 01:00:00+02:00,Solar 16,0.0
2030,sc01,04-25 01:00:00+02:00,Solar 68,0.0
2030,sc01,04-25 01:00:00+02:00,CT NG 21,0.0
2030,sc01,04-25 01:00:00+02:00,Wind 11,3.70937056038
2030,sc01,04-25 01:00:00+02:00,CC NG 37,0.0
2030,sc01,04-25 01:00:00+02:00,CT NG 22,0.0
2030,sc01,04-25 01:00:00+02:00,Hydro 16,0.0
2030,sc01,04-25 01:00:00+02:00,Biomass 59,0.0
2030,sc01,04-25 01:00:00+02:00,CC NG 01,0.0
2030,sc01,04-25 01:00:00+02:00,Biomass 16,0.0
2030,sc01,04-25 01:00:00+02:00,Solar 03,0.0
2030,sc01,04-25 01:00:00+02:00,Solar 44,0.0
2030,sc01,04-25 01:00:00+02:00,CT NG 08,0.0
2030,sc01,04-25 01:00:00+02:00,Wind 05,0.236394790816
2030,sc01,04-25 01:00:00+02:00,Biomass 26,0.0
2030,sc01,04-25 01:00:00+02:00,Solar 37,0.0
2030,sc01,04-25 01:00:00+02:00,Biomass 11,0.0
2030,sc01,04-25 01:00:00+02:00,Solar 59,0.0
2030,sc01,04-25 01:00:00+02:00,CT NG 11,0.0
2030,sc01,04-25 01:00:00+02:00,Biomass 30,0.0
2030,sc01,04-25 01:00:00+02:00,Hydro 23,0.0
2030,sc01,04-25 01:00:00+02:00,CC NG 24,0.0
2030,sc01,04-25 01:00:00+02:00,Solar 65,0.0
2030,sc01,04-25 01:00:00+02:00,CC NG 18,0.0
2030,sc01,04-25 01:00:00+02:00,CT NG 16,0.0
2030,sc01,04-25 01:00:00+02:00,Solar 51,0.0
2030,sc01,04-25 01:00:00+02:00,Wind 06,5.19380373346
2030,sc01,04-25 01:00:00+02:00,CC NG 26,0.0
2030,sc01,04-25 01:00:00+02:00,CC NG 23,0.0
2030,sc01,04-25 01:00:00+02:00,CT NG 43,0.0
2030,sc01,04-25 01:00:00+02:00,CC NG 11,0.0
2030,sc01,04-25 01:00:00+02:00,CT NG 02,0.0
2030,sc01,04-25 01:00:00+02:00,CT NG 50,0.0
2030,sc01,04-25 01:00:00+02:00,Hydro 27,0.0
2030,sc01,04-25 01:00:00+02:00,CT NG 13,0.0
2030,sc01,04-25 01:00:00+02:00,CT NG 25,0.0
2030,sc01,04-25 01:00:00+02:00,CC NG 05,0.0
2030,sc01,04-25 01:00:00+02:00,Solar 04,0.0
2030,sc01,04-25 01:00:00+02:00,Solar 30,0.0
2030,sc01,04-25 01:00:00+02:00,Solar 29,0.0
2030,sc01,04-25 01:00:00+02:00,Solar 53,0.0
2030,sc01,04-25 01:00:00+02:00,Solar 21,0.0
2030,sc01,04-25 01:00:00+02:00,Biomass 58,0.0
2030,sc01,04-25 01:00:00+02:00,CT NG 74,0.0
2030,sc01,04-25 01:00:00+02:00,Solar 61,0.0
2030,sc01,04-25 01:00:00+02:00,Wind 07,3.70574408202
2030,sc01,04-25 01:00:00+02:00,Biomass 31,0.0
2030,sc01,04-25 01:00:00+02:00,CT Oil 05,0.0
2030,sc01,04-25 01:00:00+02:00,Biomass 38,0.0
2030,sc01,04-25 01:00:00+02:00,Solar 41,0.0
2030,sc01,04-25 01:00:00+02:00,Biomass 51,0.0
2030,sc01,04-25 01:00:00+02:00,Biomass 55,0.0
2030,sc01,04-25 01:00:00+02:00,Wind 15,0.0
2030,sc01,04-25 01:00:00+02:00,Geo 01,0.0
2030,sc01,04-25 01:00:00+02:00,Biomass 60,0.0
2030,sc01,04-25 01:00:00+02:00,CT NG 38,0.0
2030,sc01,04-25 01:00:00+02:00,Solar 66,0.0
2030,sc01,04-25 01:00:00+02:00,Solar 49,0.0
2030,sc01,04-25 01:00:00+02:00,CT NG 51,0.0
2030,sc01,04-25 01:00:00+02:00,Biomass 18,0.0
2030,sc01,04-25 01:00:00+02:00,ICE NG 01,0.0
2030,sc01,04-25 01:00:00+02:00,Solar 15,0.0
2030,sc01,04-25 01:00:00+02:00,ICE NG 05,0.0
2030,sc01,04-25 01:00:00+02:00,CT Oil 04,0.0
2030,sc01,04-25 01:00:00+02:00,CC NG 20,0.0
2030,sc01,04-25 01:00:00+02:00,Solar 20,0.0
2030,sc01,04-25 01:00:00+02:00,Biomass 04,0.0
2030,sc01,04-25 01:00:00+02:00,Wind 02,9.7064136423
2030,sc01,04-25 01:00:00+02:00,Hydro 25,0.5540769
2030,sc01,04-25 01:00:00+02:00,Solar 75,0.0
2030,sc01,04-25 01:00:00+02:00,Hydro 33,0.0
2030,sc01,04-25 01:00:00+02:00,ST NG 05,0.0
2030,sc01,04-25 01:00:00+02:00,CT NG 07,0.0
2030,sc01,04-25 01:00:00+02:00,Wind 01,2.55137964447
2030,sc01,04-25 01:00:00+02:00,Solar 56,0.0
2030,sc01,04-25 01:00:00+02:00,Biomass 09,0.0
2030,sc01,04-25 01:00:00+02:00,Biomass 53,0.0
2030,sc01,04-25 01:00:00+02:00,Wind 17,54.20450193296432
2030,sc01,04-25 01:00:00+02:00,ST NG 08,0.0
2030,sc01,04-25 01:00:00+02:00,Hydro 19,0.0
2030,sc01,04-25 01:00:00+02:00,ST NG 02,0.0
2030,sc01,04-25 01:00:00+02:00,Biomass 01,0.0
2030,sc01,04-25 01:00:00+02:00,Biomass 57,0.0
2030,sc01,04-25 01:00:00+02:00,CT NG 49,0.0
2030,sc01,04-25 01:00:00+02:00,CT NG 31,0.0
2030,sc01,04-25 01:00:00+02:00,Solar 64,0.0
2030,sc01,04-25 01:00:00+02:00,CC NG 33,0.0
2030,sc01,04-25 01:00:00+02:00,Solar 46,0.0
2030,sc01,04-25 01:00:00+02:00,Biomass 12,0.0
2030,sc01,04-25 01:00:00+02:00,Wind 04,0.99060501572
2030,sc01,04-25 01:00:00+02:00,Solar 13,0.0
2030,sc01,04-25 01:00:00+02:00,CT NG 55,0.0
2030,sc01,04-25 01:00:00+02:00,Wind N03,196.49775398685367
2030,sc01,04-25 01:00:00+02:00,CT NG 28,0.0
2030,sc01,04-25 01:00:00+02:00,Wind 09,3.46565669736
2030,sc01,04-25 01:00:00+02:00,Solar 60,0.0
2030,sc01,04-25 01:00:00+02:00,Solar 25,0.0
2030,sc01,04-25 01:00:00+02:00,CT NG 23,0.0
2030,sc01,04-25 01:00:00+02:00,ST Other 01,0.0
2030,sc01,04-25 01:00:00+02:00,Solar 70,0.0
2030,sc01,04-25 01:00:00+02:00,CC NG 34,0.0
2030,sc01,04-25 01:00:00+02:00,Solar 48,0.0
2030,sc01,04-25 01:00:00+02:00,Biomass 56,0.0
2030,sc01,04-25 01:00:00+02:00,CT NG 36,0.0
2030,sc01,04-25 01:00:00+02:00,Solar 47,0.0
2030,sc01,04-25 01:00:00+02:00,Hydro 17,0.019179585000000002
2030,sc01,04-25 01:00:00+02:00,Solar 09,0.0
2030,sc01,04-25 01:00:00+02:00,Solar 08,0.0
2030,sc01,04-25 01:00:00+02:00,CT NG 45,0.0
2030,sc01,04-25 01:00:00+02:00,ST NG 04,0.0
2030,sc01,04-25 01:00:00+02:00,Solar 40,0.0
2030,sc01,04-25 01:00:00+02:00,Biomass 47,0.0
2030,sc01,04-25 01:00:00+02:00,Solar 50,0.0
2030,sc01,04-25 01:00:00+02:00,Solar 52,0.0
2030,sc01,04-25 01:00:00+02:00,Solar 63,0.0
2030,sc01,04-25 01:00:00+02:00,CC NG 06,0.0
2030,sc01,04-25 01:00:00+02:00,Biomass 39,0.0
2030,sc01,04-25 01:00:00+02:00,Solar 67,0.0
2030,sc01,04-25 01:00:00+02:00,Solar 19,0.0
2030,sc01,04-25 01:00:00+02:00,Wind 12,22.4054984639
2030,sc01,04-25 01:00:00+02:00,Solar 24,0.0
2030,sc01,04-25 01:00:00+02:00,ICE NG 02,0.0
2030,sc01,04-25 01:00:00+02:00,Solar 05,0.0
2030,sc01,04-25 01:00:00+02:00,CT NG 54,0.0
2030,sc01,04-25 01:00:00+02:00,Wind N01,212.56498541400003
2030,sc01,04-25 01:00:00+02:00,CT NG 27,0.0
2030,sc01,04-25 01:00:00+02:00,CC NG 36,0.0
2030,sc01,04-25 01:00:00+02:00,Wind N02,55.99461637943715
2030,sc01,04-25 01:00:00+02:00,CT NG 52,0.0
2030,sc01,04-25 01:00:00+02:00,Solar 35,0.0
2030,sc01,04-25 01:00:00+02:00,CT NG 05,0.0
2030,sc01,04-25 01:00:00+02:00,Biomass 36,0.0
2030,sc01,04-25 01:00:00+02:00,CT NG 34,0.0
2030,sc01,04-25 01:00:00+02:00,CT Oil 03,0.0
2030,sc01,04-25 01:00:00+02:00,Hydro 35,0.0
2030,sc01,04-25 01:00:00+02:00,Solar 14,0.0
2030,sc01,04-25 01:00:00+02:00,CT NG 75,0.0
2030,sc01,04-25 01:00:00+02:00,ST NG 09,0.0
2030,sc01,04-25 01:00:00+02:00,CT NG 56,0.0
2030,sc01,04-25 01:00:00+02:00,Biomass 22,0.0
2030,sc01,04-25 01:00:00+02:00,Solar 18,0.0
2030,sc01,04-25 01:00:00+02:00,Biomass 13,0.0
2030,sc01,04-25 01:00:00+02:00,CT NG 71,0.0
2030,sc01,04-25 01:00:00+02:00,Solar 58,0.0
2030,sc01,04-25 01:00:00+02:00,Solar 06,0.0
2030,sc01,04-25 01:00:00+02:00,Biomass 08,0.0
2030,sc01,04-25 01:00:00+02:00,CT NG 72,0.0
2030,sc01,04-25 01:00:00+02:00,Hydro 18,0.066063015
2030,sc01,04-25 01:00:00+02:00,Solar 10,0.0
2030,sc01,04-25 01:00:00+02:00,CT NG 04,0.0
2030,sc01,04-25 01:00:00+02:00,ST Other 02,0.0
2030,sc01,04-25 01:00:00+02:00,CT NG 12,0.0
2030,sc01,04-25 01:00:00+02:00,CT NG 48,0.0
2030,sc01,04-25 01:00:00+02:00,ST NG 10,0.0
2030,sc01,04-25 01:00:00+02:00,Solar 22,0.0
2030,sc01,04-25 01:00:00+02:00,Solar 28,0.0
2030,sc01,04-25 01:00:00+02:00,CT NG 73,0.0
2030,sc01,04-25 01:00:00+02:00,Biomass 52,0.0
2030,sc01,04-25 01:00:00+02:00,CT NG 30,0.0
2030,sc01,04-25 01:00:00+02:00,Solar 54,0.0
2030,sc01,04-25 01:00:00+02:00,Solar 31,0.0
2030,sc01,04-25 01:00:00+02:00,Biomass 03,0.0
2030,sc01,04-25 01:00:00+02:00,CT NG 32,0.0
2030,sc01,04-25 01:00:00+02:00,Biomass 27,0.0
2030,sc01,04-25 01:00:00+02:00,CC NG 14,0.0
2030,sc01,04-25 01:00:00+02:00,CC NG 03,0.0
2030,sc01,04-25 01:00:00+02:00,CC NG 29,0.0
2030,sc01,04-25 01:00:00+02:00,CC NG 28,0.0
2030,sc01,04-25 01:00:00+02:00,CC NG 25,0.0
2030,sc01,04-25 01:00:00+02:00,CT NG 44,0.0
2030,sc01,04-25 01:00:00+02:00,CT NG 14,0.0
2030,sc01,04-25 01:00:00+02:00,CC NG 15,0.0
2030,sc01,04-25 01:00:00+02:00,CC NG 04,0.0
2030,sc01,04-25 01:00:00+02:00,Biomass 29,0.0
2030,sc01,04-25 01:00:00+02:00,Wind 14,0.0
2030,sc01,04-25 01:00:00+02:00,Wind 08,3.9352339917699997
2030,sc01,04-25 01:00:00+02:00,Biomass 61,0.0
2030,sc01,04-25 01:00:00+02:00,CT NG 35,0.0
2030,sc01,04-25 01:00:00+02:00,Solar 33,0.0
2030,sc01,04-25 01:00:00+02:00,CT NG 41,0.0
2030,sc01,04-25 01:00:00+02:00,CT NG 15,0.0
2030,sc01,04-25 01:00:00+02:00,Solar 42,0.0
2030,sc01,04-25 01:00:00+02:00,Solar 07,0.0
2030,sc01,04-25 01:00:00+02:00,Solar 43,0.0
2030,sc01,04-25 01:00:00+02:00,Biomass 05,0.0
2030,sc01,04-25 01:00:00+02:00,CT NG 29,0.0
2030,sc01,04-25 01:00:00+02:00,Solar 71,0.0
2030,sc01,04-25 01:00:00+02:00,CT NG 53,0.0
2030,sc01,04-25 01:00:00+02:00,CT NG 20,0.0
2030,sc01,04-25 01:00:00+02:00,Biomass 14,0.0
2030,sc01,04-25 01:00:00+02:00,Solar 26,0.0
2030,sc01,04-25 01:00:00+02:00,Hydro 29,0.0
2030,sc01,04-25 01:00:00+02:00,Hydro 31,0.0
2030,sc01,04-25 01:00:00+02:00,Biomass 24,0.0
2030,sc01,04-25 01:00:00+02:00,Biomass 54,0.0
2030,sc01,04-25 01:00:00+02:00,Solar 36,0.0
2030,sc01,04-25 01:00:00+02:00,Wind 03,2.24821029199
2030,sc01,04-25 01:00:00+02:00,Biomass 40,0.0
2030,sc01,04-25 01:00:00+02:00,Biomass 49,0.0
2030,sc01,04-25 01:00:00+02:00,CC NG 16,0.0
2030,sc01,04-25 01:00:00+02:00,Biomass 48,0.0
2030,sc01,04-25 01:00:00+02:00,Hydro 28,0.0
2030,sc01,04-25 01:00:00+02:00,Biomass 17,0.0
2030,sc01,04-25 01:00:00+02:00,CT NG 33,0.0
2030,sc01,04-25 01:00:00+02:00,Solar 45,0.0
2030,sc01,04-25 01:00:00+02:00,Hydro 24,0.0
2030,sc01,04-25 01:00:00+02:00,Wind 13,13.0569372324
2030,sc01,04-25 01:00:00+02:00,Biomass 07,0.0
2030,sc01,04-25 01:00:00+02:00,Biomass 34,0.0
2030,sc01,04-25 01:00:00+02:00,Biomass 33,0.0
2030,sc01,04-25 01:00:00+02:00,CT NG 01,0.0
2030,sc01,04-25 01:00:00+02:00,ICE NG 03,0.0
2030,sc01,04-25 01:00:00+02:00,Solar 55,0.0
2030,sc01,04-25 01:00:00+02:00,Solar 11,0.0
2030,sc01,04-25 01:00:00+02:00,CT NG 06,0.0
2030,sc01,04-25 01:00:00+02:00,CT NG 70,0.0
2030,sc01,04-25 01:00:00+02:00,Solar 23,0.0
2030,sc01,04-25 01:00:00+02:00,CT NG 67,0.0
2030,sc01,04-25 01:00:00+02:00,Solar 12,0.0
2030,sc01,04-25 01:00:00+02:00,CT Oil 01,0.0
2030,sc01,04-25 01:00:00+02:00,Hydro 26,0.0
2030,sc01,04-25 01:00:00+02:00,CC NG 22,0.0
2030,sc01,04-25 01:00:00+02:00,CC NG 35,0.0
2030,sc01,04-25 01:00:00+02:00,Biomass 50,0.0
2030,sc01,04-25 01:00:00+02:00,ICE NG 04,0.0
2030,sc01,04-25 01:00:00+02:00,CC NG 39,0.0
2030,sc01,04-25 01:00:00+02:00,Hydro 32,0.0
2030,sc01,04-25 01:00:00+02:00,ICE NG 07,0.0
2030,sc01,04-25 01:00:00+02:00,Biomass 46,0.0
2030,sc01,04-25 01:00:00+02:00,CC NG 38,0.0
2030,sc01,04-25 01:00:00+02:00,CC NG 12,0.0
2030,sc01,04-25 01:00:00+02:00,Solar 57,0.0
2030,sc01,04-25 01:00:00+02:00,CC NG 32,0.0
2030,sc01,04-25 01:00:00+02:00,CC NG 07,0.0
2030,sc01,04-25 01:00:00+02:00,Biomass 44,0.0
2030,sc01,04-25 01:00:00+02:00,CT NG 40,0.0
2030,sc01,04-25 01:00:00+02:00,Solar 74,0.0
2030,sc01,04-25 01:00:00+02:00,Hydro 30,0.0
2030,sc01,04-25 01:00:00+02:00,CT NG 42,0.0
2030,sc01,04-25 01:00:00+02:00,Hydro 22,1.2090412499999998
2030,sc01,04-25 01:00:00+02:00,Solar 17,0.0
2030,sc01,04-25 01:00:00+02:00,Solar 38,0.0
2030,sc01,04-25 01:00:00+02:00,CT NG 24,0.0
2030,sc01,04-25 01:00:00+02:00,CC NG 27,0.0
2030,sc01,04-25 01:00:00+02:00,Biomass 21,0.0
2030,sc01,04-25 01:00:00+02:00,ICE NG 06,0.0
2030,sc01,04-25 01:00:00+02:00,Biomass 25,0.0
2030,sc01,04-25 01:00:00+02:00,Solar 27,0.0
2030,sc01,04-25 01:00:00+02:00,CT NG 19,0.0
2030,sc01,04-25 01:00:00+02:00,Biomass 42,0.0
2030,sc01,04-25 01:00:00+02:00,Biomass 19,0.0
2030,sc01,04-25 01:00:00+02:00,Biomass 06,0.0
2030,sc01,04-25 01:00:00+02:00,CT NG 10,0.0
2030,sc01,04-25 01:00:00+02:00,CC NG 40,0.0
2030,sc01,04-25 01:00:00+02:00,CC NG 21,0.0
2030,sc01,04-25 01:00:00+02:00,Biomass 02,0.0
2030,sc01,04-25 01:00:00+02:00,CT NG 46,0.0
2030,sc01,04-25 01:00:00+02:00,Hydro 34,0.0
2030,sc01,04-25 01:00:00+02:00,Biomass 10,0.0
2030,sc01,04-25 01:00:00+02:00,CT NG 17,0.0
2030,sc01,04-25 01:00:00+02:00,Biomass 62,0.0
2030,sc01,04-25 01:00:00+02:00,Biomass 32,0.0
2030,sc01,04-25 01:00:00+02:00,CC NG 19,0.0
2030,sc01,04-25 01:00:00+02:00,CC NG 17,0.0
2030,sc01,04-25 01:00:00+02:00,ST NG 01,0.0
2030,sc01,04-25 01:00:00+02:00,Biomass 45,0.0
2030,sc01,04-25 01:00:00+02:00,Biomass 28,0.0
2030,sc01,04-25 01:00:00+02:00,CC NG 10,0.0
2030,sc01,04-25 01:00:00+02:00,Biomass 23,0.0
2030,sc01,04-25 01:00:00+02:00,ST NG 06,0.0
2030,sc01,04-25 01:00:00+02:00,Wind 10,3.51793938626
2030,sc01,04-25 01:00:00+02:00,CT NG 69,0.0
2030,sc01,04-25 01:00:00+02:00,CT NG 68,0.0
2030,sc01,04-25 14:00:00+02:00,CC NG 13,0.0
2030,sc01,04-25 14:00:00+02:00,CT NG 37,0.0
2030,sc01,04-25 14:00:00+02:00,ST Coal 01,0.0
2030,sc01,04-25 14:00:00+02:00,CT NG 09,0.0
2030,sc01,04-25 14:00:00+02:00,CT NG 47,0.0
2030,sc01,04-25 14:00:00+02:00,Solar 69,0.0
2030,sc01,04-25 14:00:00+02:00,Solar 34,18.0634776738
2030,sc01,04-25 14:00:00+02:00,Solar 73,0.0
2030,sc01,04-25 14:00:00+02:00,Biomass 37,0.0
2030,sc01,04-25 14:00:00+02:00,Hydro 20,0.0
2030,sc01,04-25 14:00:00+02:00,Solar 01,0.0
2030,sc01,04-25 14:00:00+02:00,Solar 62,0.0
2030,sc01,04-25 14:00:00+02:00,Solar 02,6.6595680034
2030,sc01,04-25 14:00:00+02:00,CT NG 26,0.0
2030,sc01,04-25 14:00:00+02:00,Biomass 20,0.0
2030,sc01,04-25 14:00:00+02:00,Wind 16,7.682808029
2030,sc01,04-25 14:00:00+02:00,CT NG 66,0.0
2030,sc01,04-25 14:00:00+02:00,Solar 39,0.0
2030,sc01,04-25 14:00:00+02:00,Biomass 41,0.0
2030,sc01,04-25 14:00:00+02:00,Solar 72,0.0
2030,sc01,04-25 14:00:00+02:00,ST NG 03,0.0
2030,sc01,04-25 14:00:00+02:00,Hydro 21,1.45444884
2030,sc01,04-25 14:00:00+02:00,CT NG 03,0.0
2030,sc01,04-25 14:00:00+02:00,CC NG 09,0.0
2030,sc01,04-25 14:00:00+02:00,CT Oil 02,0.0
2030,sc01,04-25 14:00:00+02:00,CT NG 39,0.0
2030,sc01,04-25 14:00:00+02:00,CC NG 08,0.0
2030,sc01,04-25 14:00:00+02:00,Biomass 43,0.0
2030,sc01,04-25 14:00:00+02:00,CT NG 18,0.0
2030,sc01,04-25 14:00:00+02:00,ST NG 07,0.0
2030,sc01,04-25 14:00:00+02:00,Biomass 35,0.0
2030,sc01,04-25 14:00:00+02:00,Solar 32,0.0
2030,sc01,04-25 14:00:00+02:00,Biomass 15,0.0
2030,sc01,04-25 14:00:00+02:00,CC NG 31,0.0
2030,sc01,04-25 14:00:00+02:00,Solar 16,0.0
2030,sc01,04-25 14:00:00+02:00,Solar 68,10.03945881157563
2030,sc01,04-25 14:00:00+02:00,CT NG 21,0.0
2030,sc01,04-25 14:00:00+02:00,Wind 11,0.83782865894
2030,sc01,04-25 14:00:00+02:00,CC NG 37,0.0
2030,sc01,04-25 14:00:00+02:00,CT NG 22,0.0
2030,sc01,04-25 14:00:00+02:00,Hydro 16,0.0
2030,sc01,04-25 14:00:00+02:00,Biomass 59,0.0
2030,sc01,04-25 14:00:00+02:00,CC NG 01,0.0
2030,sc01,04-25 14:00:00+02:00,Biomass 16,0.0
2030,sc01,04-25 14:00:00+02:00,Solar 03,0.0
2030,sc01,04-25 14:00:00+02:00,Solar 44,0.0
2030,sc01,04-25 14:00:00+02:00,CT NG 08,0.0
2030,sc01,04-25 14:00:00+02:00,Wind 05,0.045853056704
2030,sc01,04-25 14:00:00+02:00,Biomass 26,0.0
2030,sc01,04-25 14:00:00+02:00,Solar 37,0.0
2030,sc01,04-25 14:00:00+02:00,Biomass 11,0.0
2030,sc01,04-25 14:00:00+02:00,Solar 59,0.0
2030,sc01,04-25 14:00:00+02:00,CT NG 11,0.0
2030,sc01,04-25 14:00:00+02:00,Biomass 30,0.0
2030,sc01,04-25 14:00:00+02:00,Hydro 23,0.0
2030,sc01,04-25 14:00:00+02:00,CC NG 24,0.0
2030,sc01,04-25 14:00:00+02:00,Solar 65,9.5243369052
2030,sc01,04-25 14:00:00+02:00,CC NG 18,0.0
2030,sc01,04-25 14:00:00+02:00,CT NG 16,0.0
2030,sc01,04-25 14:00:00+02:00,Solar 51,0.0
2030,sc01,04-25 14:00:00+02:00,Wind 06,1.7060346513599998
2030,sc01,04-25 14:00:00+02:00,CC NG 26,0.0
2030,sc01,04-25 14:00:00+02:00,CC NG 23,0.0
2030,sc01,04-25 14:00:00+02:00,CT NG 43,0.0
2030,sc01,04-25 14:00:00+02:00,CC NG 11,0.0
2030,sc01,04-25 14:00:00+02:00,CT NG 02,0.0
2030,sc01,04-25 14:00:00+02:00,CT NG 50,0.0
2030,sc01,04-25 14:00:00+02:00,Hydro 27,0.0
2030,sc01,04-25 14:00:00+02:00,CT NG 13,0.0
2030,sc01,04-25 14:00:00+02:00,CT NG 25,0.0
2030,sc01,04-25 14:00:00+02:00,CC NG 05,0.0
2030,sc01,04-25 14:00:00+02:00,Solar 04,0.0
2030,sc01,04-25 14:00:00+02:00,Solar 30,0.0
2030,sc01,04-25 14:00:00+02:00,Solar 29,0.0
2030,sc01,04-25 14:00:00+02:00,Solar 53,0.0
2030,sc01,04-25 14:00:00+02:00,Solar 21,0.0
2030,sc01,04-25 14:00:00+02:00,Biomass 58,0.0
2030,sc01,04-25 14:00:00+02:00,CT NG 74,0.0
2030,sc01,04-25 14:00:00+02:00,Solar 61,0.0
2030,sc01,04-25 14:00:00+02:00,Wind 07,0.9235730517
2030,sc01,04-25 14:00:00+02:00,Biomass 31,0.0
2030,sc01,04-25 14:00:00+02:00,CT Oil 05,0.0
2030,sc01,04-25 14:00:00+02:00,Biomass 38,0.0
2030,sc01,04-25 14:00:00+02:00,Solar 41,0.0
2030,sc01,04-25 14:00:00+02:00,Biomass 51,0.0
2030,sc01,04-25 14:00:00+02:00,Biomass 55,0.0
2030,sc01,04-25 14:00:00+02:00,Wind 15,4.2120264862
2030,sc01,04-25 14:00:00+02:00,Geo 01,0.0
2030,sc01,04-25 14:00:00+02:00,Biomass 60,0.0
2030,sc01,04-25 14:00:00+02:00,CT NG 38,0.0
2030,sc01,04-25 14:00:00+02:00,Solar 66,15.5680843188
2030,sc01,04-25 14:00:00+02:00,Solar 49,0.0
2030,sc01,04-25 14:00:00+02:00,CT NG 51,0.0
2030,sc01,04-25 14:00:00+02:00,Biomass 18,0.0
2030,sc01,04-25 14:00:00+02:00,ICE NG 01,0.0
2030,sc01,04-25 14:00:00+02:00,Solar 15,0.0
2030,sc01,04-25 14:00:00+02:00,ICE NG 05,0.0
2030,sc01,04-25 14:00:00+02:00,CT Oil 04,0.0
2030,sc01,04-25 14:00:00+02:00,CC NG 20,0.0
2030,sc01,04-25 14:00:00+02:00,Solar 20,0.0
2030,sc01,04-25 14:00:00+02:00,Biomass 04,0.0
2030,sc01,04-25 14:00:00+02:00,Wind 02,2.3047964617600005
2030,sc01,04-25 14:00:00+02:00,Hydro 25,0.200265
2030,sc01,04-25 14:00:00+02:00,Solar 75,5.2788827104000005
2030,sc01,04-25 14:00:00+02:00,Hydro 33,0.0
2030,sc01,04-25 14:00:00+02:00,ST NG 05,0.0
2030,sc01,04-25 14:00:00+02:00,CT NG 07,0.0
2030,sc01,04-25 14:00:00+02:00,Wind 01,0.70137651012
2030,sc01,04-25 14:00:00+02:00,Solar 56,0.0
2030,sc01,04-25 14:00:00+02:00,Biomass 09,0.0
2030,sc01,04-25 14:00:00+02:00,Biomass 53,0.0
2030,sc01,04-25 14:00:00+02:00,Wind 17,11.2351645614
2030,sc01,04-25 14:00:00+02:00,ST NG 08,0.0
2030,sc01,04-25 14:00:00+02:00,Hydro 19,0.0
2030,sc01,04-25 14:00:00+02:00,ST NG 02,0.0
2030,sc01,04-25 14:00:00+02:00,Biomass 01,0.0
2030,sc01,04-25 14:00:00+02:00,Biomass 57,0.0
2030,sc01,04-25 14:00:00+02:00,CT NG 49,0.0
2030,sc01,04-25 14:00:00+02:00,CT NG 31,0.0
2030,sc01,04-25 14:00:00+02:00,Solar 64,0.0
2030,sc01,04-25 14:00:00+02:00,CC NG 33,0.0
2030,sc01,04-25 14:00:00+02:00,Solar 46,0.0
2030,sc01,04-25 14:00:00+02:00,Biomass 12,0.0
2030,sc01,04-25 14:00:00+02:00,Wind 04,0.68398297162
2030,sc01,04-25 14:00:00+02:00,Solar 13,0.0
2030,sc01,04-25 14:00:00+02:00,CT NG 55,0.0
2030,sc01,04-25 14:00:00+02:00,Wind N03,73.80319757123952
2030,sc01,04-25 14:00:00+02:00,CT NG 28,0.0
2030,sc01,04-25 14:00:00+02:00,Wind 09,0.59491087422
2030,sc01,04-25 14:00:00+02:00,Solar 60,0.0
2030,sc01,04-25 14:00:00+02:00,Solar 25,0.0
2030,sc01,04-25 14:00:00+02:00,CT NG 23,0.0
2030,sc01,04-25 14:00:00+02:00,ST Other 01,0.0
2030,sc01,04-25 14:00:00+02:00,Solar 70,28.698655283999997
2030,sc01,04-25 14:00:00+02:00,CC NG 34,0.0
2030,sc01,04-25 14:00:00+02:00,Solar 48,0.0
2030,sc01,04-25 14:00:00+02:00,Biomass 56,0.0
2030,sc01,04-25 14:00:00+02:00,CT NG 36,0.0
2030,sc01,04-25 14:00:00+02:00,Solar 47,0.0
2030,sc01,04-25 14:00:00+02:00,Hydro 17,0.0
2030,sc01,04-25 14:00:00+02:00,Solar 09,0.0
2030,sc01,04-25 14:00:00+02:00,Solar 08,0.0
2030,sc01,04-25 14:00:00+02:00,CT NG 45,0.0
2030,sc01,04-25 14:00:00+02:00,ST NG 04,0.0
2030,sc01,04-25 14:00:00+02:00,Solar 40,0.0
2030,sc01,04-25 14:00:00+02:00,Biomass 47,0.0
2030,sc01,04-25 14:00:00+02:00,Solar 50,0.0
2030,sc01,04-25 14:00:00+02:00,Solar 52,0.0
2030,sc01,04-25 14:00:00+02:00,Solar 63,10.678225599600001
2030,sc01,04-25 14:00:00+02:00,CC NG 06,0.0
2030,sc01,04-25 14:00:00+02:00,Biomass 39,0.0
2030,sc01,04-25 14:00:00+02:00,Solar 67,3.287146536597986
2030,sc01,04-25 14:00:00+02:00,Solar 19,0.0
2030,sc01,04-25 14:00:00+02:00,Wind 12,10.763837760000001
2030,sc01,04-25 14:00:00+02:00,Solar 24,0.0
2030,sc01,04-25 14:00:00+02:00,ICE NG 02,0.0
2030,sc01,04-25 14:00:00+02:00,Solar 05,0.0
2030,sc01,04-25 14:00:00+02:00,CT NG 54,0.0
2030,sc01,04-25 14:00:00+02:00,Wind N01,52.03177607700102
2030,sc01,04-25 14:00:00+02:00,CT NG 27,0.0
2030,sc01,04-25 14:00:00+02:00,CC NG 36,0.0
2030,sc01,04-25 14:00:00+02:00,Wind N02,0.0
2030,sc01,04-25 14:00:00+02:00,CT NG 52,0.0
2030,sc01,04-25 14:00:00+02:00,Solar 35,0.0
2030,sc01,04-25 14:00:00+02:00,CT NG 05,0.0
2030,sc01,04-25 14:00:00+02:00,Biomass 36,0.0
2030,sc01,04-25 14:00:00+02:00,CT NG 34,0.0
2030,sc01,04-25 14:00:00+02:00,CT Oil 03,0.0
2030,sc01,04-25 14:00:00+02:00,Hydro 35,0.0
2030,sc01,04-25 14:00:00+02:00,Solar 14,0.0
2030,sc01,04-25 14:00:00+02:00,CT NG 75,0.0
2030,sc01,04-25 14:00:00+02:00,ST NG 09,0.0
2030,sc01,04-25 14:00:00+02:00,CT NG 56,0.0
2030,sc01,04-25 14:00:00+02:00,Biomass 22,0.0
2030,sc01,04-25 14:00:00+02:00,Solar 18,0.0
2030,sc01,04-25 14:00:00+02:00,Biomass 13,0.0
2030,sc01,04-25 14:00:00+02:00,CT NG 71,0.0
2030,sc01,04-25 14:00:00+02:00,Solar 58,0.0
2030,sc01,04-25 14:00:00+02:00,Solar 06,0.0
2030,sc01,04-25 14:00:00+02:00,Biomass 08,0.0
2030,sc01,04-25 14:00:00+02:00,CT NG 72,0.0
2030,sc01,04-25 14:00:00+02:00,Hydro 18,0.0
2030,sc01,04-25 14:00:00+02:00,Solar 10,0.0
2030,sc01,04-25 14:00:00+02:00,CT NG 04,0.0
2030,sc01,04-25 14:00:00+02:00,ST Other 02,0.0
2030,sc01,04-25 14:00:00+02:00,CT NG 12,0.0
2030,sc01,04-25 14:00:00+02:00,CT NG 48,0.0
2030,sc01,04-25 14:00:00+02:00,ST NG 10,0.0
2030,sc01,04-25 14:00:00+02:00,Solar 22,0.0
2030,sc01,04-25 14:00:00+02:00,Solar 28,0.0
2030,sc01,04-25 14:00:00+02:00,CT NG 73,0.0
2030,sc01,04-25 14:00:00+02:00,Biomass 52,0.0
2030,sc01,04-25 14:00:00+02:00,CT NG 30,0.0
2030,sc01,04-25 14:00:00+02:00,Solar 54,0.0
2030,sc01,04-25 14:00:00+02:00,Solar 31,0.0
2030,sc01,04-25 14:00:00+02:00,Biomass 03,0.0
2030,sc01,04-25 14:00:00+02:00,CT NG 32,0.0
2030,sc01,04-25 14:00:00+02:00,Biomass 27,0.0
2030,sc01,04-25 14:00:00+02:00,CC NG 14,0.0
2030,sc01,04-25 14:00:00+02:00,CC NG 03,0.0
2030,sc01,04-25 14:00:00+02:00,CC NG 29,0.0
2030,sc01,04-25 14:00:00+02:00,CC NG 28,0.0
2030,sc01,04-25 14:00:00+02:00,CC NG 25,0.0
2030,sc01,04-25 14:00:00+02:00,CT NG 44,0.0
2030,sc01,04-25 14:00:00+02:00,CT NG 14,0.0
2030,sc01,04-25 14:00:00+02:00,CC NG 15,0.0
2030,sc01,04-25 14:00:00+02:00,CC NG 04,0.0
2030,sc01,04-25 14:00:00+02:00,Biomass 29,0.0
2030,sc01,04-25 14:00:00+02:00,Wind 14,0.0
2030,sc01,04-25 14:00:00+02:00,Wind 08,0.5559122103599999
2030,sc01,04-25 14:00:00+02:00,Biomass 61,0.0
2030,sc01,04-25 14:00:00+02:00,CT NG 35,0.0
2030,sc01,04-25 14:00:00+02:00,Solar 33,0.0
2030,sc01,04-25 14:00:00+02:00,CT NG 41,0.0
2030,sc01,04-25 14:00:00+02:00,CT NG 15,0.0
2030,sc01,04-25 14:00:00+02:00,Solar 42,0.0
2030,sc01,04-25 14:00:00+02:00,Solar 07,0.0
2030,sc01,04-25 14:00:00+02:00,Solar 43,0.0
2030,sc01,04-25 14:00:00+02:00,Biomass 05,0.0
2030,sc01,04-25 14:00:00+02:00,CT NG 29,0.0
2030,sc01,04-25 14:00:00+02:00,Solar 71,0.0
2030,sc01,04-25 14:00:00+02:00,CT NG 53,0.0
2030,sc01,04-25 14:00:00+02:00,CT NG 20,0.0
2030,sc01,04-25 14:00:00+02:00,Biomass 14,0.0
2030,sc01,04-25 14:00:00+02:00,Solar 26,0.0
2030,sc01,04-25 14:00:00+02:00,Hydro 29,0.0
2030,sc01,04-25 14:00:00+02:00,Hydro 31,0.0
2030,sc01,04-25 14:00:00+02:00,Biomass 24,0.0
2030,sc01,04-25 14:00:00+02:00,Biomass 54,0.0
2030,sc01,04-25 14:00:00+02:00,Solar 36,9.994795920200001
2030,sc01,04-25 14:00:00+02:00,Wind 03,1.30199433884
2030,sc01,04-25 14:00:00+02:00,Biomass 40,0.0
2030,sc01,04-25 14:00:00+02:00,Biomass 49,0.0
2030,sc01,04-25 14:00:00+02:00,CC NG 16,0.0
2030,sc01,04-25 14:00:00+02:00,Biomass 48,0.0
2030,sc01,04-25 14:00:00+02:00,Hydro 28,0.0
2030,sc01,04-25 14:00:00+02:00,Biomass 17,0.0
2030,sc01,04-25 14:00:00+02:00,CT NG 33,0.0
2030,sc01,04-25 14:00:00+02:00,Solar 45,0.0
2030,sc01,04-25 14:00:00+02:00,Hydro 24,0.0
2030,sc01,04-25 14:00:00+02:00,Wind 13,5.0651372746000005
2030,sc01,04-25 14:00:00+02:00,Biomass 07,0.0
2030,sc01,04-25 14:00:00+02:00,Biomass 34,0.0
2030,sc01,04-25 14:00:00+02:00,Biomass 33,0.0
2030,sc01,04-25 14:00:00+02:00,CT NG 01,0.0
2030,sc01,04-25 14:00:00+02:00,ICE NG 03,0.0
2030,sc01,04-25 14:00:00+02:00,Solar 55,0.0
2030,sc01,04-25 14:00:00+02:00,Solar 11,0.0
2030,sc01,04-25 14:00:00+02:00,CT NG 06,0.0
2030,sc01,04-25 14:00:00+02:00,CT NG 70,0.0
2030,sc01,04-25 14:00:00+02:00,Solar 23,0.0
2030,sc01,04-25 14:00:00+02:00,CT NG 67,0.0
2030,sc01,04-25 14:00:00+02:00,Solar 12,0.0
2030,sc01,04-25 14:00:00+02:00,CT Oil 01,0.0
2030,sc01,04-25 14:00:00+02:00,Hydro 26,0.0
2030,sc01,04-25 14:00:00+02:00,CC NG 22,0.0
2030,sc01,04-25 14:00:00+02:00,CC NG 35,0.0
2030,sc01,04-25 14:00:00+02:00,Biomass 50,0.0
2030,sc01,04-25 14:00:00+02:00,ICE NG 04,0.0
2030,sc01,04-25 14:00:00+02:00,CC NG 39,0.0
2030,sc01,04-25 14:00:00+02:00,Hydro 32,0.0
2030,sc01,04-25 14:00:00+02:00,ICE NG 07,0.0
2030,sc01,04-25 14:00:00+02:00,Biomass 46,0.0
2030,sc01,04-25 14:00:00+02:00,CC NG 38,0.0
2030,sc01,04-25 14:00:00+02:00,CC NG 12,0.0
2030,sc01,04-25 14:00:00+02:00,Solar 57,0.0
2030,sc01,04-25 14:00:00+02:00,CC NG 32,0.0
2030,sc01,04-25 14:00:00+02:00,CC NG 07,0.0
2030,sc01,04-25 14:00:00+02:00,Biomass 44,0.0
2030,sc01,04-25 14:00:00+02:00,CT NG 40,0.0
2030,sc01,04-25 14:00:00+02:00,Solar 74,0.0
2030,sc01,04-25 14:00:00+02:00,Hydro 30,0.0
2030,sc01,04-25 14:00:00+02:00,CT NG 42,0.0
2030,sc01,04-25 14:00:00+02:00,Hydro 22,1.45444884
2030,sc01,04-25 14:00:00+02:00,Solar 17,0.0
2030,sc01,04-25 14:00:00+02:00,Solar 38,0.0
2030,sc01,04-25 14:00:00+02:00,CT NG 24,0.0
2030,sc01,04-25 14:00:00+02:00,CC NG 27,0.0
2030,sc01,04-25 14:00:00+02:00,Biomass 21,0.0
2030,sc01,04-25 14:00:00+02:00,ICE NG 06,0.0
2030,sc01,04-25 14:00:00+02:00,Biomass 25,0.0
2030,sc01,04-25 14:00:00+02:00,Solar 27,0.0
2030,sc01,04-25 14:00:00+02:00,CT NG 19,0.0
2030,sc01,04-25 14:00:00+02:00,Biomass 42,0.0
2030,sc01,04-25 14:00:00+02:00,Biomass 19,0.0
2030,sc01,04-25 14:00:00+02:00,Biomass 06,0.0
2030,sc01,04-25 14:00:00+02:00,CT NG 10,0.0
2030,sc01,04-25 14:00:00+02:00,CC NG 40,0.0
2030,sc01,04-25 14:00:00+02:00,CC NG 21,0.0
2030,sc01,04-25 14:00:00+02:00,Biomass 02,0.0
2030,sc01,04-25 14:00:00+02:00,CT NG 46,0.0
2030,sc01,04-25 14:00:00+02:00,Hydro 34,0.0
2030,sc01,04-25 14:00:00+02:00,Biomass 10,0.0
2030,sc01,04-25 14:00:00+02:00,CT NG 17,0.0
2030,sc01,04-25 14:00:00+02:00,Biomass 62,0.0
2030,sc01,04-25 14:00:00+02:00,Biomass 32,0.0
2030,sc01,04-25 14:00:00+02:00,CC NG 19,0.0
2030,sc01,04-25 14:00:00+02:00,CC NG 17,0.0
2030,sc01,04-25 14:00:00+02:00,ST NG 01,0.0
2030,sc01,04-25 14:00:00+02:00,Biomass 45,0.0
2030,sc01,04-25 14:00:00+02:00,Biomass 28,0.0
2030,sc01,04-25 14:00:00+02:00,CC NG 10,0.0
2030,sc01,04-25 14:00:00+02:00,Biomass 23,0.0
2030,sc01,04-25 14:00:00+02:00,ST NG 06,0.0
2030,sc01,04-25 14:00:00+02:00,Wind 10,0.61911107102
2030,sc01,04-25 14:00:00+02:00,CT NG 69,0.0
2030,sc01,04-25 14:00:00+02:00,CT NG 68,0.0
2030,sc01,04-25 21:00:00+02:00,CC NG 13,0.0
2030,sc01,04-25 21:00:00+02:00,CT NG 37,0.0
2030,sc01,04-25 21:00:00+02:00,ST Coal 01,0.0
2030,sc01,04-25 21:00:00+02:00,CT NG 09,0.0
2030,sc01,04-25 21:00:00+02:00,CT NG 47,0.0
2030,sc01,04-25 21:00:00+02:00,Solar 69,0.0
2030,sc01,04-25 21:00:00+02:00,Solar 34,0.0
2030,sc01,04-25 21:00:00+02:00,Solar 73,0.0
2030,sc01,04-25 21:00:00+02:00,Biomass 37,0.0
2030,sc01,04-25 21:00:00+02:00,Hydro 20,0.0
2030,sc01,04-25 21:00:00+02:00,Solar 01,0.0
2030,sc01,04-25 21:00:00+02:00,Solar 62,0.0
2030,sc01,04-25 21:00:00+02:00,Solar 02,0.0
2030,sc01,04-25 21:00:00+02:00,CT NG 26,0.0
2030,sc01,04-25 21:00:00+02:00,Biomass 20,0.01715
2030,sc01,04-25 21:00:00+02:00,Wind 16,0.0
2030,sc01,04-25 21:00:00+02:00,CT NG 66,0.0
2030,sc01,04-25 21:00:00+02:00,Solar 39,0.0
2030,sc01,04-25 21:00:00+02:00,Biomass 41,0.0
2030,sc01,04-25 21:00:00+02:00,Solar 72,0.0
2030,sc01,04-25 21:00:00+02:00,ST NG 03,0.0
2030,sc01,04-25 21:00:00+02:00,Hydro 21,0.0
2030,sc01,04-25 21:00:00+02:00,CT NG 03,0.0
2030,sc01,04-25 21:00:00+02:00,CC NG 09,0.0
2030,sc01,04-25 21:00:00+02:00,CT Oil 02,0.0
2030,sc01,04-25 21:00:00+02:00,CT NG 39,0.0
2030,sc01,04-25 21:00:00+02:00,CC NG 08,0.0
2030,sc01,04-25 21:00:00+02:00,Biomass 43,0.0
2030,sc01,04-25 21:00:00+02:00,CT NG 18,0.0
2030,sc01,04-25 21:00:00+02:00,ST NG 07,0.0
2030,sc01,04-25 21:00:00+02:00,Biomass 35,0.0
2030,sc01,04-25 21:00:00+02:00,Solar 32,0.0
2030,sc01,04-25 21:00:00+02:00,Biomass 15,0.01078
2030,sc01,04-25 21:00:00+02:00,CC NG 31,0.0
2030,sc01,04-25 21:00:00+02:00,Solar 16,0.0
2030,sc01,04-25 21:00:00+02:00,Solar 68,0.0
2030,sc01,04-25 21:00:00+02:00,CT NG 21,0.0
2030,sc01,04-25 21:00:00+02:00,Wind 11,2.60253258608
2030,sc01,04-25 21:00:00+02:00,CC NG 37,0.0
2030,sc01,04-25 21:00:00+02:00,CT NG 22,0.0
2030,sc01,04-25 21:00:00+02:00,Hydro 16,0.0
2030,sc01,04-25 21:00:00+02:00,Biomass 59,0.20286
2030,sc01,04-25 21:00:00+02:00,CC NG 01,0.0
2030,sc01,04-25 21:00:00+02:00,Biomass 16,0.01078
2030,sc01,04-25 21:00:00+02:00,Solar 03,0.0
2030,sc01,04-25 21:00:00+02:00,Solar 44,0.0
2030,sc01,04-25 21:00:00+02:00,CT NG 08,0.0
2030,sc01,04-25 21:00:00+02:00,Wind 05,0.230181980168
2030,sc01,04-25 21:00:00+02:00,Biomass 26,0.08281
2030,sc01,04-25 21:00:00+02:00,Solar 37,0.0
2030,sc01,04-25 21:00:00+02:00,Biomass 11,0.01617
2030,sc01,04-25 21:00:00+02:00,Solar 59,0.0
2030,sc01,04-25 21:00:00+02:00,CT NG 11,0.0
2030,sc01,04-25 21:00:00+02:00,Biomass 30,0.08281
2030,sc01,04-25 21:00:00+02:00,Hydro 23,0.0
2030,sc01,04-25 21:00:00+02:00,CC NG 24,0.0
2030,sc01,04-25 21:00:00+02:00,Solar 65,0.0
2030,sc01,04-25 21:00:00+02:00,CC NG 18,0.0
2030,sc01,04-25 21:00:00+02:00,CT NG 16,0.0
2030,sc01,04-25 21:00:00+02:00,Solar 51,0.0
2030,sc01,04-25 21:00:00+02:00,Wind 06,3.3334108070199995
2030,sc01,04-25 21:00:00+02:00,CC NG 26,0.0
2030,sc01,04-25 21:00:00+02:00,CC NG 23,0.0
2030,sc01,04-25 21:00:00+02:00,CT NG 43,0.0
2030,sc01,04-25 21:00:00+02:00,CC NG 11,0.0
2030,sc01,04-25 21:00:00+02:00,CT NG 02,0.0
2030,sc01,04-25 21:00:00+02:00,CT NG 50,0.0
2030,sc01,04-25 21:00:00+02:00,Hydro 27,0.0
2030,sc01,04-25 21:00:00+02:00,CT NG 13,0.18241673915639253
2030,sc01,04-25 21:00:00+02:00,CT NG 25,0.0
2030,sc01,04-25 21:00:00+02:00,CC NG 05,0.0
2030,sc01,04-25 21:00:00+02:00,Solar 04,0.0
2030,sc01,04-25 21:00:00+02:00,Solar 30,0.0
2030,sc01,04-25 21:00:00+02:00,Solar 29,0.0
2030,sc01,04-25 21:00:00+02:00,Solar 53,0.0
2030,sc01,04-25 21:00:00+02:00,Solar 21,0.0
2030,sc01,04-25 21:00:00+02:00,Biomass 58,0.08967
2030,sc01,04-25 21:00:00+02:00,CT NG 74,0.0
2030,sc01,04-25 21:00:00+02:00,Solar 61,0.0
2030,sc01,04-25 21:00:00+02:00,Wind 07,2.67513219834
2030,sc01,04-25 21:00:00+02:00,Biomass 31,0.08281
2030,sc01,04-25 21:00:00+02:00,CT Oil 05,0.0
2030,sc01,04-25 21:00:00+02:00,Biomass 38,0.0
2030,sc01,04-25 21:00:00+02:00,Solar 41,0.0
2030,sc01,04-25 21:00:00+02:00,Biomass 51,0.0
2030,sc01,04-25 21:00:00+02:00,Biomass 55,0.11661999999999999
2030,sc01,04-25 21:00:00+02:00,Wind 15,0.0
2030,sc01,04-25 21:00:00+02:00,Geo 01,0.0
2030,sc01,04-25 21:00:00+02:00,Biomass 60,0.1323
2030,sc01,04-25 21:00:00+02:00,CT NG 38,0.0
2030,sc01,04-25 21:00:00+02:00,Solar 66,0.0
2030,sc01,04-25 21:00:00+02:00,Solar 49,0.0
2030,sc01,04-25 21:00:00+02:00,CT NG 51,0.0
2030,sc01,04-25 21:00:00+02:00,Biomass 18,0.01078
2030,sc01,04-25 21:00:00+02:00,ICE NG 01,0.0
2030,sc01,04-25 21:00:00+02:00,Solar 15,0.0
2030,sc01,04-25 21:00:00+02:00,ICE NG 05,0.0
2030,sc01,04-25 21:00:00+02:00,CT Oil 04,0.0
2030,sc01,04-25 21:00:00+02:00,CC NG 20,0.0
2030,sc01,04-25 21:00:00+02:00,Solar 20,0.0
2030,sc01,04-25 21:00:00+02:00,Biomass 04,0.0
2030,sc01,04-25 21:00:00+02:00,Wind 02,5.8332392118000005
2030,sc01,04-25 21:00:00+02:00,Hydro 25,0.0
2030,sc01,04-25 21:00:00+02:00,Solar 75,0.0
2030,sc01,04-25 21:00:00+02:00,Hydro 33,0.0
2030,sc01,04-25 21:00:00+02:00,ST NG 05,0.0
2030,sc01,04-25 21:00:00+02:00,CT NG 07,0.0
2030,sc01,04-25 21:00:00+02:00,Wind 01,1.7471552582400003
2030,sc01,04-25 21:00:00+02:00,Solar 56,0.0
2030,sc01,04-25 21:00:00+02:00,Biomass 09,0.03626
2030,sc01,04-25 21:00:00+02:00,Biomass 53,0.11661999999999999
2030,sc01,04-25 21:00:00+02:00,Wind 17,38.25014015926459
2030,sc01,04-25 21:00:00+02:00,ST NG 08,0.0
2030,sc01,04-25 21:00:00+02:00,Hydro 19,0.0
2030,sc01,04-25 21:00:00+02:00,ST NG 02,0.0
2030,sc01,04-25 21:00:00+02:00,Biomass 01,0.049
2030,sc01,04-25 21:00:00+02:00,Biomass 57,0.08967
2030,sc01,04-25 21:00:00+02:00,CT NG 49,0.0
2030,sc01,04-25 21:00:00+02:00,CT NG 31,0.0
2030,sc01,04-25 21:00:00+02:00,Solar 64,0.0
2030,sc01,04-25 21:00:00+02:00,CC NG 33,0.0
2030,sc01,04-25 21:00:00+02:00,Solar 46,0.0
2030,sc01,04-25 21:00:00+02:00,Biomass 12,0.01617
2030,sc01,04-25 21:00:00+02:00,Wind 04,0.54907286287
2030,sc01,04-25 21:00:00+02:00,Solar 13,0.0
2030,sc01,04-25 21:00:00+02:00,CT NG 55,0.0
2030,sc01,04-25 21:00:00+02:00,Wind N03,141.7200577895529
2030,sc01,04-25 21:00:00+02:00,CT NG 28,0.0
2030,sc01,04-25 21:00:00+02:00,Wind 09,3.25901762326
2030,sc01,04-25 21:00:00+02:00,Solar 60,0.0
2030,sc01,04-25 21:00:00+02:00,Solar 25,0.0
2030,sc01,04-25 21:00:00+02:00,CT NG 23,0.0
2030,sc01,04-25 21:00:00+02:00,ST Other 01,0.0
2030,sc01,04-25 21:00:00+02:00,Solar 70,0.0
2030,sc01,04-25 21:00:00+02:00,CC NG 34,0.0
2030,sc01,04-25 21:00:00+02:00,Solar 48,0.0
2030,sc01,04-25 21:00:00+02:00,Biomass 56,0.10192000000000001
2030,sc01,04-25 21:00:00+02:00,CT NG 36,0.0
2030,sc01,04-25 21:00:00+02:00,Solar 47,0.0
2030,sc01,04-25 21:00:00+02:00,Hydro 17,0.01299186
2030,sc01,04-25 21:00:00+02:00,Solar 09,0.0
2030,sc01,04-25 21:00:00+02:00,Solar 08,0.0
2030,sc01,04-25 21:00:00+02:00,CT NG 45,0.0
2030,sc01,04-25 21:00:00+02:00,ST NG 04,0.0
2030,sc01,04-25 21:00:00+02:00,Solar 40,0.0
2030,sc01,04-25 21:00:00+02:00,Biomass 47,0.0
2030,sc01,04-25 21:00:00+02:00,Solar 50,0.0
2030,sc01,04-25 21:00:00+02:00,Solar 52,0.0
2030,sc01,04-25 21:00:00+02:00,Solar 63,0.0
2030,sc01,04-25 21:00:00+02:00,CC NG 06,0.0
2030,sc01,04-25 21:00:00+02:00,Biomass 39,0.0
2030,sc01,04-25 21:00:00+02:00,Solar 67,0.0
2030,sc01,04-25 21:00:00+02:00,Solar 19,0.0
2030,sc01,04-25 21:00:00+02:00,Wind 12,17.832455761400002
2030,sc01,04-25 21:00:00+02:00,Solar 24,0.0
2030,sc01,04-25 21:00:00+02:00,ICE NG 02,0.0
2030,sc01,04-25 21:00:00+02:00,Solar 05,0.0
2030,sc01,04-25 21:00:00+02:00,CT NG 54,0.0
2030,sc01,04-25 21:00:00+02:00,Wind N01,128.11125393030673
2030,sc01,04-25 21:00:00+02:00,CT NG 27,0.0
2030,sc01,04-25 21:00:00+02:00,CC NG 36,0.0
2030,sc01,04-25 21:00:00+02:00,Wind N02,125.01897033257342
2030,sc01,04-25 21:00:00+02:00,CT NG 52,0.0
2030,sc01,04-25 21:00:00+02:00,Solar 35,0.0
2030,sc01,04-25 21:00:00+02:00,CT NG 05,0.0
2030,sc01,04-25 21:00:00+02:00,Biomass 36,0.0
2030,sc01,04-25 21:00:00+02:00,CT NG 34,0.0
2030,sc01,04-25 21:00:00+02:00,CT Oil 03,0.0
2030,sc01,04-25 21:00:00+02:00,Hydro 35,0.0
2030,sc01,04-25 21:00:00+02:00,Solar 14,0.0
2030,sc01,04-25 21:00:00+02:00,CT NG 75,0.0
2030,sc01,04-25 21:00:00+02:00,ST NG 09,0.0
2030,sc01,04-25 21:00:00+02:00,CT NG 56,0.0
2030,sc01,04-25 21:00:00+02:00,Biomass 22,0.01715
2030,sc01,04-25 21:00:00+02:00,Solar 18,0.0
2030,sc01,04-25 21:00:00+02:00,Biomass 13,0.01617
2030,sc01,04-25 21:00:00+02:00,CT NG 71,0.0
2030,sc01,04-25 21:00:00+02:00,Solar 58,0.0
2030,sc01,04-25 21:00:00+02:00,Solar 06,0.0
2030,sc01,04-25 21:00:00+02:00,Biomass 08,0.03626
2030,sc01,04-25 21:00:00+02:00,CT NG 72,0.0
2030,sc01,04-25 21:00:00+02:00,Hydro 18,0.044749739999999996
2030,sc01,04-25 21:00:00+02:00,Solar 10,0.0
2030,sc01,04-25 21:00:00+02:00,CT NG 04,0.0
2030,sc01,04-25 21:00:00+02:00,ST Other 02,0.0
2030,sc01,04-25 21:00:00+02:00,CT NG 12,0.0
2030,sc01,04-25 21:00:00+02:00,CT NG 48,0.0
2030,sc01,04-25 21:00:00+02:00,ST NG 10,0.0
2030,sc01,04-25 21:00:00+02:00,Solar 22,0.0
2030,sc01,04-25 21:00:00+02:00,Solar 28,0.0
2030,sc01,04-25 21:00:00+02:00,CT NG 73,0.0
2030,sc01,04-25 21:00:00+02:00,Biomass 52,0.0
2030,sc01,04-25 21:00:00+02:00,CT NG 30,0.0
2030,sc01,04-25 21:00:00+02:00,Solar 54,0.0
2030,sc01,04-25 21:00:00+02:00,Solar 31,0.0
2030,sc01,04-25 21:00:00+02:00,Biomass 03,0.0
2030,sc01,04-25 21:00:00+02:00,CT NG 32,0.0
2030,sc01,04-25 21:00:00+02:00,Biomass 27,0.08281
2030,sc01,04-25 21:00:00+02:00,CC NG 14,0.0
2030,sc01,04-25 21:00:00+02:00,CC NG 03,0.0
2030,sc01,04-25 21:00:00+02:00,CC NG 29,0.0
2030,sc01,04-25 21:00:00+02:00,CC NG 28,0.0
2030,sc01,04-25 21:00:00+02:00,CC NG 25,0.0
2030,sc01,04-25 21:00:00+02:00,CT NG 44,0.0
2030,sc01,04-25 21:00:00+02:00,CT NG 14,0.0
2030,sc01,04-25 21:00:00+02:00,CC NG 15,0.0
2030,sc01,04-25 21:00:00+02:00,CC NG 04,0.0
2030,sc01,04-25 21:00:00+02:00,Biomass 29,0.08281
2030,sc01,04-25 21:00:00+02:00,Wind 14,63.74237448972763
2030,sc01,04-25 21:00:00+02:00,Wind 08,3.1880839002599997
2030,sc01,04-25 21:00:00+02:00,Biomass 61,0.0
2030,sc01,04-25 21:00:00+02:00,CT NG 35,0.0
2030,sc01,04-25 21:00:00+02:00,Solar 33,0.0
2030,sc01,04-25 21:00:00+02:00,CT NG 41,0.0
2030,sc01,04-25 21:00:00+02:00,CT NG 15,0.0
2030,sc01,04-25 21:00:00+02:00,Solar 42,0.0
2030,sc01,04-25 21:00:00+02:00,Solar 07,0.0
2030,sc01,04-25 21:00:00+02:00,Solar 43,0.0
2030,sc01,04-25 21:00:00+02:00,Biomass 05,0.02156
2030,sc01,04-25 21:00:00+02:00,CT NG 29,0.0
2030,sc01,04-25 21:00:00+02:00,Solar 71,0.0
2030,sc01,04-25 21:00:00+02:00,CT NG 53,0.0
2030,sc01,04-25 21:00:00+02:00,CT NG 20,0.0
2030,sc01,04-25 21:00:00+02:00,Biomass 14,0.035769999999999996
2030,sc01,04-25 21:00:00+02:00,Solar 26,0.0
2030,sc01,04-25 21:00:00+02:00,Hydro 29,0.0
2030,sc01,04-25 21:00:00+02:00,Hydro 31,0.0
2030,sc01,04-25 21:00:00+02:00,Biomass 24,0.02156
2030,sc01,04-25 21:00:00+02:00,Biomass 54,0.11661999999999999
2030,sc01,04-25 21:00:00+02:00,Solar 36,0.0
2030,sc01,04-25 21:00:00+02:00,Wind 03,1.13364614636
2030,sc01,04-25 21:00:00+02:00,Biomass 40,0.0
2030,sc01,04-25 21:00:00+02:00,Biomass 49,0.0
2030,sc01,04-25 21:00:00+02:00,CC NG 16,0.0
2030,sc01,04-25 21:00:00+02:00,Biomass 48,0.0
2030,sc01,04-25 21:00:00+02:00,Hydro 28,0.0
2030,sc01,04-25 21:00:00+02:00,Biomass 17,0.01078
2030,sc01,04-25 21:00:00+02:00,CT NG 33,0.0
2030,sc01,04-25 21:00:00+02:00,Solar 45,0.0
2030,sc01,04-25 21:00:00+02:00,Hydro 24,0.0
2030,sc01,04-25 21:00:00+02:00,Wind 13,9.661854231400001
2030,sc01,04-25 21:00:00+02:00,Biomass 07,0.098
2030,sc01,04-25 21:00:00+02:00,Biomass 34,0.0
2030,sc01,04-25 21:00:00+02:00,Biomass 33,0.0
2030,sc01,04-25 21:00:00+02:00,CT NG 01,1.2060174000000001
2030,sc01,04-25 21:00:00+02:00,ICE NG 03,0.0
2030,sc01,04-25 21:00:00+02:00,Solar 55,0.0
2030,sc01,04-25 21:00:00+02:00,Solar 11,0.0
2030,sc01,04-25 21:00:00+02:00,CT NG 06,0.0
2030,sc01,04-25 21:00:00+02:00,CT NG 70,0.0
2030,sc01,04-25 21:00:00+02:00,Solar 23,0.0
2030,sc01,04-25 21:00:00+02:00,CT NG 67,0.0
2030,sc01,04-25 21:00:00+02:00,Solar 12,0.0
2030,sc01,04-25 21:00:00+02:00,CT Oil 01,0.0
2030,sc01,04-25 21:00:00+02:00,Hydro 26,0.0
2030,sc01,04-25 21:00:00+02:00,CC NG 22,0.0
2030,sc01,04-25 21:00:00+02:00,CC NG 35,0.0
2030,sc01,04-25 21:00:00+02:00,Biomass 50,0.0
2030,sc01,04-25 21:00:00+02:00,ICE NG 04,0.0
2030,sc01,04-25 21:00:00+02:00,CC NG 39,0.0
2030,sc01,04-25 21:00:00+02:00,Hydro 32,0.0
2030,sc01,04-25 21:00:00+02:00,ICE NG 07,0.0
2030,sc01,04-25 21:00:00+02:00,Biomass 46,0.0
2030,sc01,04-25 21:00:00+02:00,CC NG 38,0.0
2030,sc01,04-25 21:00:00+02:00,CC NG 12,0.0
2030,sc01,04-25 21:00:00+02:00,Solar 57,0.0
2030,sc01,04-25 21:00:00+02:00,CC NG 32,0.0
2030,sc01,04-25 21:00:00+02:00,CC NG 07,0.0
2030,sc01,04-25 21:00:00+02:00,Biomass 44,0.0
2030,sc01,04-25 21:00:00+02:00,CT NG 40,0.0
2030,sc01,04-25 21:00:00+02:00,Solar 74,0.0
2030,sc01,04-25 21:00:00+02:00,Hydro 30,0.0
2030,sc01,04-25 21:00:00+02:00,CT NG 42,0.0
2030,sc01,04-25 21:00:00+02:00,Hydro 22,0.0
2030,sc01,04-25 21:00:00+02:00,Solar 17,0.0
2030,sc01,04-25 21:00:00+02:00,Solar 38,0.0
2030,sc01,04-25 21:00:00+02:00,CT NG 24,0.0
2030,sc01,04-25 21:00:00+02:00,CC NG 27,0.0
2030,sc01,04-25 21:00:00+02:00,Biomass 21,0.01715
2030,sc01,04-25 21:00:00+02:00,ICE NG 06,0.0
2030,sc01,04-25 21:00:00+02:00,Biomass 25,0.02156
2030,sc01,04-25 21:00:00+02:00,Solar 27,0.0
2030,sc01,04-25 21:00:00+02:00,CT NG 19,0.0
2030,sc01,04-25 21:00:00+02:00,Biomass 42,0.0
2030,sc01,04-25 21:00:00+02:00,Biomass 19,0.01715
2030,sc01,04-25 21:00:00+02:00,Biomass 06,0.02156
2030,sc01,04-25 21:00:00+02:00,CT NG 10,0.0
2030,sc01,04-25 21:00:00+02:00,CC NG 40,0.0
2030,sc01,04-25 21:00:00+02:00,CC NG 21,0.0
2030,sc01,04-25 21:00:00+02:00,Biomass 02,0.049
2030,sc01,04-25 21:00:00+02:00,CT NG 46,0.0
2030,sc01,04-25 21:00:00+02:00,Hydro 34,0.0
2030,sc01,04-25 21:00:00+02:00,Biomass 10,0.03626
2030,sc01,04-25 21:00:00+02:00,CT NG 17,0.0
2030,sc01,04-25 21:00:00+02:00,Biomass 62,0.07153999999999999
2030,sc01,04-25 21:00:00+02:00,Biomass 32,0.058309999999999994
2030,sc01,04-25 21:00:00+02:00,CC NG 19,0.0
2030,sc01,04-25 21:00:00+02:00,CC NG 17,0.0
2030,sc01,04-25 21:00:00+02:00,ST NG 01,0.0
2030,sc01,04-25 21:00:00+02:00,Biomass 45,0.0
2030,sc01,04-25 21:00:00+02:00,Biomass 28,0.08281
2030,sc01,04-25 21:00:00+02:00,CC NG 10,0.0
2030,sc01,04-25 21:00:00+02:00,Biomass 23,0.02156
2030,sc01,04-25 21:00:00+02:00,ST NG 06,0.0
2030,sc01,04-25 21:00:00+02:00,Wind 10,3.33861437084
2030,sc01,04-25 21:00:00+02:00,CT NG 69,0.0
2030,sc01,04-25 21:00:00+02:00,CT NG 68,0.0
2030,sc01,04-27 09:00:00+02:00,CC NG 13,0.0
2030,sc01,04-27 09:00:00+02:00,CT NG 37,0.0
2030,sc01,04-27 09:00:00+02:00,ST Coal 01,0.0
2030,sc01,04-27 09:00:00+02:00,CT NG 09,0.0
2030,sc01,04-27 09:00:00+02:00,CT NG 47,0.0
2030,sc01,04-27 09:00:00+02:00,Solar 69,26.160107176500002
2030,sc01,04-27 09:00:00+02:00,Solar 34,16.85768159785145
2030,sc01,04-27 09:00:00+02:00,Solar 73,0.0
2030,sc01,04-27 09:00:00+02:00,Biomass 37,0.0
2030,sc01,04-27 09:00:00+02:00,Hydro 20,1.29614958
2030,sc01,04-27 09:00:00+02:00,Solar 01,17.7848726088
2030,sc01,04-27 09:00:00+02:00,Solar 62,0.0
2030,sc01,04-27 09:00:00+02:00,Solar 02,0.06133720655700001
2030,sc01,04-27 09:00:00+02:00,CT NG 26,0.0
2030,sc01,04-27 09:00:00+02:00,Biomass 20,0.01155
2030,sc01,04-27 09:00:00+02:00,Wind 16,1.16876579952
2030,sc01,04-27 09:00:00+02:00,CT NG 66,0.0
2030,sc01,04-27 09:00:00+02:00,Solar 39,0.0
2030,sc01,04-27 09:00:00+02:00,Biomass 41,0.0
2030,sc01,04-27 09:00:00+02:00,Solar 72,0.003966476827631921
2030,sc01,04-27 09:00:00+02:00,ST NG 03,0.0
2030,sc01,04-27 09:00:00+02:00,Hydro 21,1.29614958
2030,sc01,04-27 09:00:00+02:00,CT NG 03,0.0
2030,sc01,04-27 09:00:00+02:00,CC NG 09,0.0
2030,sc01,04-27 09:00:00+02:00,CT Oil 02,0.0
2030,sc01,04-27 09:00:00+02:00,CT NG 39,0.0
2030,sc01,04-27 09:00:00+02:00,CC NG 08,0.0
2030,sc01,04-27 09:00:00+02:00,Biomass 43,0.0
2030,sc01,04-27 09:00:00+02:00,CT NG 18,0.0
2030,sc01,04-27 09:00:00+02:00,ST NG 07,0.0
2030,sc01,04-27 09:00:00+02:00,Biomass 35,0.0
2030,sc01,04-27 09:00:00+02:00,Solar 32,6.927116555262538
2030,sc01,04-27 09:00:00+02:00,Biomass 15,0.00726
2030,sc01,04-27 09:00:00+02:00,CC NG 31,0.0
2030,sc01,04-27 09:00:00+02:00,Solar 16,1.18821093798
2030,sc01,04-27 09:00:00+02:00,Solar 68,17.2005655635
2030,sc01,04-27 09:00:00+02:00,CT NG 21,0.0
2030,sc01,04-27 09:00:00+02:00,Wind 11,1.6606307394600002
2030,sc01,04-27 09:00:00+02:00,CC NG 37,0.0
2030,sc01,04-27 09:00:00+02:00,CT NG 22,0.0
2030,sc01,04-27 09:00:00+02:00,Hydro 16,0.0
2030,sc01,04-27 09:00:00+02:00,Biomass 59,0.13662000000000002
2030,sc01,04-27 09:00:00+02:00,CC NG 01,0.0
2030,sc01,04-27 09:00:00+02:00,Biomass 16,0.00726
2030,sc01,04-27 09:00:00+02:00,Solar 03,0.0
2030,sc01,04-27 09:00:00+02:00,Solar 44,0.0
2030,sc01,04-27 09:00:00+02:00,CT NG 08,0.0
2030,sc01,04-27 09:00:00+02:00,Wind 05,0.0171706524
2030,sc01,04-27 09:00:00+02:00,Biomass 26,0.05576999999999999
2030,sc01,04-27 09:00:00+02:00,Solar 37,0.0
2030,sc01,04-27 09:00:00+02:00,Biomass 11,0.01089
2030,sc01,04-27 09:00:00+02:00,Solar 59,0.0
2030,sc01,04-27 09:00:00+02:00,CT NG 11,0.0
2030,sc01,04-27 09:00:00+02:00,Biomass 30,0.05576999999999999
2030,sc01,04-27 09:00:00+02:00,Hydro 23,0.0
2030,sc01,04-27 09:00:00+02:00,CC NG 24,0.0
2030,sc01,04-27 09:00:00+02:00,Solar 65,11.262571042800001
2030,sc01,04-27 09:00:00+02:00,CC NG 18,0.0
2030,sc01,04-27 09:00:00+02:00,CT NG 16,0.0
2030,sc01,04-27 09:00:00+02:00,Solar 51,0.0
2030,sc01,04-27 09:00:00+02:00,Wind 06,2.3273083092599998
2030,sc01,04-27 09:00:00+02:00,CC NG 26,0.0
2030,sc01,04-27 09:00:00+02:00,CC NG 23,0.0
2030,sc01,04-27 09:00:00+02:00,CT NG 43,0.0
2030,sc01,04-27 09:00:00+02:00,CC NG 11,0.0
2030,sc01,04-27 09:00:00+02:00,CT NG 02,0.0
2030,sc01,04-27 09:00:00+02:00,CT NG 50,0.0
2030,sc01,04-27 09:00:00+02:00,Hydro 27,0.2536677
2030,sc01,04-27 09:00:00+02:00,CT NG 13,0.0
2030,sc01,04-27 09:00:00+02:00,CT NG 25,0.0
2030,sc01,04-27 09:00:00+02:00,CC NG 05,0.0
2030,sc01,04-27 09:00:00+02:00,Solar 04,0.8153155302599999
2030,sc01,04-27 09:00:00+02:00,Solar 30,1.1458054608
2030,sc01,04-27 09:00:00+02:00,Solar 29,1.4462143621199999
2030,sc01,04-27 09:00:00+02:00,Solar 53,0.0
2030,sc01,04-27 09:00:00+02:00,Solar 21,3.09361653744
2030,sc01,04-27 09:00:00+02:00,Biomass 58,0.06039
2030,sc01,04-27 09:00:00+02:00,CT NG 74,0.0
2030,sc01,04-27 09:00:00+02:00,Solar 61,0.0
2030,sc01,04-27 09:00:00+02:00,Wind 07,1.70138450658
2030,sc01,04-27 09:00:00+02:00,Biomass 31,0.05576999999999999
2030,sc01,04-27 09:00:00+02:00,CT Oil 05,0.0
2030,sc01,04-27 09:00:00+02:00,Biomass 38,0.0
2030,sc01,04-27 09:00:00+02:00,Solar 41,0.0
2030,sc01,04-27 09:00:00+02:00,Biomass 51,0.0
2030,sc01,04-27 09:00:00+02:00,Biomass 55,0.0
2030,sc01,04-27 09:00:00+02:00,Wind 15,2.1406300908299998
2030,sc01,04-27 09:00:00+02:00,Geo 01,0.0
2030,sc01,04-27 09:00:00+02:00,Biomass 60,0.0891
2030,sc01,04-27 09:00:00+02:00,CT NG 38,0.0
2030,sc01,04-27 09:00:00+02:00,Solar 66,22.744016347800002
2030,sc01,04-27 09:00:00+02:00,Solar 49,0.0
2030,sc01,04-27 09:00:00+02:00,CT NG 51,0.0
2030,sc01,04-27 09:00:00+02:00,Biomass 18,0.00726
2030,sc01,04-27 09:00:00+02:00,ICE NG 01,0.0
2030,sc01,04-27 09:00:00+02:00,Solar 15,1.7692112611800002
2030,sc01,04-27 09:00:00+02:00,ICE NG 05,0.0
2030,sc01,04-27 09:00:00+02:00,CT Oil 04,0.0
2030,sc01,04-27 09:00:00+02:00,CC NG 20,0.0
2030,sc01,04-27 09:00:00+02:00,Solar 20,1.55796380256
2030,sc01,04-27 09:00:00+02:00,Biomass 04,0.0
2030,sc01,04-27 09:00:00+02:00,Wind 02,3.9640681542
2030,sc01,04-27 09:00:00+02:00,Hydro 25,0.0
2030,sc01,04-27 09:00:00+02:00,Solar 75,0.0
2030,sc01,04-27 09:00:00+02:00,Hydro 33,0.0
2030,sc01,04-27 09:00:00+02:00,ST NG 05,0.0
2030,sc01,04-27 09:00:00+02:00,CT NG 07,0.0
2030,sc01,04-27 09:00:00+02:00,Wind 01,1.17699811251
2030,sc01,04-27 09:00:00+02:00,Solar 56,0.0
2030,sc01,04-27 09:00:00+02:00,Biomass 09,0.02442
2030,sc01,04-27 09:00:00+02:00,Biomass 53,0.0
2030,sc01,04-27 09:00:00+02:00,Wind 17,13.652317106999998
2030,sc01,04-27 09:00:00+02:00,ST NG 08,0.0
2030,sc01,04-27 09:00:00+02:00,Hydro 19,0.0
2030,sc01,04-27 09:00:00+02:00,ST NG 02,0.0
2030,sc01,04-27 09:00:00+02:00,Biomass 01,0.033
2030,sc01,04-27 09:00:00+02:00,Biomass 57,0.06039
2030,sc01,04-27 09:00:00+02:00,CT NG 49,0.0
2030,sc01,04-27 09:00:00+02:00,CT NG 31,0.0
2030,sc01,04-27 09:00:00+02:00,Solar 64,5.5440000000000005
2030,sc01,04-27 09:00:00+02:00,CC NG 33,0.0
2030,sc01,04-27 09:00:00+02:00,Solar 46,0.0
2030,sc01,04-27 09:00:00+02:00,Biomass 12,0.01089
2030,sc01,04-27 09:00:00+02:00,Wind 04,0.18092425164
2030,sc01,04-27 09:00:00+02:00,Solar 13,0.044413622352000005
2030,sc01,04-27 09:00:00+02:00,CT NG 55,0.0
2030,sc01,04-27 09:00:00+02:00,Wind N03,41.87976072960343
2030,sc01,04-27 09:00:00+02:00,CT NG 28,0.0
2030,sc01,04-27 09:00:00+02:00,Wind 09,0.222728430672
2030,sc01,04-27 09:00:00+02:00,Solar 60,0.0
2030,sc01,04-27 09:00:00+02:00,Solar 25,0.32569288752
2030,sc01,04-27 09:00:00+02:00,CT NG 23,0.0
2030,sc01,04-27 09:00:00+02:00,ST Other 01,0.0
2030,sc01,04-27 09:00:00+02:00,Solar 70,21.267771511800003
2030,sc01,04-27 09:00:00+02:00,CC NG 34,0.0
2030,sc01,04-27 09:00:00+02:00,Solar 48,0.0
2030,sc01,04-27 09:00:00+02:00,Biomass 56,0.06864
2030,sc01,04-27 09:00:00+02:00,CT NG 36,0.0
2030,sc01,04-27 09:00:00+02:00,Solar 47,0.0
2030,sc01,04-27 09:00:00+02:00,Hydro 17,0.0
2030,sc01,04-27 09:00:00+02:00,Solar 09,0.0
2030,sc01,04-27 09:00:00+02:00,Solar 08,0.0
2030,sc01,04-27 09:00:00+02:00,CT NG 45,0.0
2030,sc01,04-27 09:00:00+02:00,ST NG 04,0.0
2030,sc01,04-27 09:00:00+02:00,Solar 40,0.0
2030,sc01,04-27 09:00:00+02:00,Biomass 47,0.0
2030,sc01,04-27 09:00:00+02:00,Solar 50,0.0
2030,sc01,04-27 09:00:00+02:00,Solar 52,0.0
2030,sc01,04-27 09:00:00+02:00,Solar 63,12.6270495912
2030,sc01,04-27 09:00:00+02:00,CC NG 06,0.0
2030,sc01,04-27 09:00:00+02:00,Biomass 39,0.0
2030,sc01,04-27 09:00:00+02:00,Solar 67,2.1782155926489994
2030,sc01,04-27 09:00:00+02:00,Solar 19,0.01679743164
2030,sc01,04-27 09:00:00+02:00,Wind 12,11.717887137000002
2030,sc01,04-27 09:00:00+02:00,Solar 24,0.24291862847999998
2030,sc01,04-27 09:00:00+02:00,ICE NG 02,0.0
2030,sc01,04-27 09:00:00+02:00,Solar 05,0.0
2030,sc01,04-27 09:00:00+02:00,CT NG 54,0.0
2030,sc01,04-27 09:00:00+02:00,Wind N01,66.34819544676999
2030,sc01,04-27 09:00:00+02:00,CT NG 27,0.0
2030,sc01,04-27 09:00:00+02:00,CC NG 36,0.0
2030,sc01,04-27 09:00:00+02:00,Wind N02,16.7435566254
2030,sc01,04-27 09:00:00+02:00,CT NG 52,0.0
2030,sc01,04-27 09:00:00+02:00,Solar 35,0.0
2030,sc01,04-27 09:00:00+02:00,CT NG 05,0.0
2030,sc01,04-27 09:00:00+02:00,Biomass 36,0.0
2030,sc01,04-27 09:00:00+02:00,CT NG 34,0.0
2030,sc01,04-27 09:00:00+02:00,CT Oil 03,0.0
2030,sc01,04-27 09:00:00+02:00,Hydro 35,0.0
2030,sc01,04-27 09:00:00+02:00,Solar 14,1.9669645373400002
2030,sc01,04-27 09:00:00+02:00,CT NG 75,0.0
2030,sc01,04-27 09:00:00+02:00,ST NG 09,0.0
2030,sc01,04-27 09:00:00+02:00,CT NG 56,0.0
2030,sc01,04-27 09:00:00+02:00,Biomass 22,0.01155
2030,sc01,04-27 09:00:00+02:00,Solar 18,2.07468149262
2030,sc01,04-27 09:00:00+02:00,Biomass 13,0.01089
2030,sc01,04-27 09:00:00+02:00,CT NG 71,0.0
2030,sc01,04-27 09:00:00+02:00,Solar 58,0.0
2030,sc01,04-27 09:00:00+02:00,Solar 06,0.0
2030,sc01,04-27 09:00:00+02:00,Biomass 08,0.02442
2030,sc01,04-27 09:00:00+02:00,CT NG 72,0.0
2030,sc01,04-27 09:00:00+02:00,Hydro 18,0.0
2030,sc01,04-27 09:00:00+02:00,Solar 10,1.5006883815
2030,sc01,04-27 09:00:00+02:00,CT NG 04,0.0
2030,sc01,04-27 09:00:00+02:00,ST Other 02,0.0
2030,sc01,04-27 09:00:00+02:00,CT NG 12,0.0
2030,sc01,04-27 09:00:00+02:00,CT NG 48,0.0
2030,sc01,04-27 09:00:00+02:00,ST NG 10,0.0
2030,sc01,04-27 09:00:00+02:00,Solar 22,1.50421912806
2030,sc01,04-27 09:00:00+02:00,Solar 28,1.34610095532
2030,sc01,04-27 09:00:00+02:00,CT NG 73,0.0
2030,sc01,04-27 09:00:00+02:00,Biomass 52,0.0
2030,sc01,04-27 09:00:00+02:00,CT NG 30,0.0
2030,sc01,04-27 09:00:00+02:00,Solar 54,0.0
2030,sc01,04-27 09:00:00+02:00,Solar 31,0.0
2030,sc01,04-27 09:00:00+02:00,Biomass 03,0.0
2030,sc01,04-27 09:00:00+02:00,CT NG 32,0.0
2030,sc01,04-27 09:00:00+02:00,Biomass 27,0.05576999999999999
2030,sc01,04-27 09:00:00+02:00,CC NG 14,0.0
2030,sc01,04-27 09:00:00+02:00,CC NG 03,0.0
2030,sc01,04-27 09:00:00+02:00,CC NG 29,0.0
2030,sc01,04-27 09:00:00+02:00,CC NG 28,0.0
2030,sc01,04-27 09:00:00+02:00,CC NG 25,0.0
2030,sc01,04-27 09:00:00+02:00,CT NG 44,0.0
2030,sc01,04-27 09:00:00+02:00,CT NG 14,0.0
2030,sc01,04-27 09:00:00+02:00,CC NG 15,0.0
2030,sc01,04-27 09:00:00+02:00,CC NG 04,0.0
2030,sc01,04-27 09:00:00+02:00,Biomass 29,0.05576999999999999
2030,sc01,04-27 09:00:00+02:00,Wind 14,2.28649260477
2030,sc01,04-27 09:00:00+02:00,Wind 08,0.295355539248
2030,sc01,04-27 09:00:00+02:00,Biomass 61,0.0
2030,sc01,04-27 09:00:00+02:00,CT NG 35,0.0
2030,sc01,04-27 09:00:00+02:00,Solar 33,0.0
2030,sc01,04-27 09:00:00+02:00,CT NG 41,0.0
2030,sc01,04-27 09:00:00+02:00,CT NG 15,0.0
2030,sc01,04-27 09:00:00+02:00,Solar 42,0.0
2030,sc01,04-27 09:00:00+02:00,Solar 07,0.0
2030,sc01,04-27 09:00:00+02:00,Solar 43,0.0
2030,sc01,04-27 09:00:00+02:00,Biomass 05,0.01452
2030,sc01,04-27 09:00:00+02:00,CT NG 29,0.0
2030,sc01,04-27 09:00:00+02:00,Solar 71,21.728943380100002
2030,sc01,04-27 09:00:00+02:00,CT NG 53,0.0
2030,sc01,04-27 09:00:00+02:00,CT NG 20,0.0
2030,sc01,04-27 09:00:00+02:00,Biomass 14,0.02409
2030,sc01,04-27 09:00:00+02:00,Solar 26,0.30161435462400005
2030,sc01,04-27 09:00:00+02:00,Hydro 29,0.026730000000000004
2030,sc01,04-27 09:00:00+02:00,Hydro 31,0.0
2030,sc01,04-27 09:00:00+02:00,Biomass 24,0.01452
2030,sc01,04-27 09:00:00+02:00,Biomass 54,0.0
2030,sc01,04-27 09:00:00+02:00,Solar 36,0.0
2030,sc01,04-27 09:00:00+02:00,Wind 03,0.44032682694
2030,sc01,04-27 09:00:00+02:00,Biomass 40,0.0
2030,sc01,04-27 09:00:00+02:00,Biomass 49,0.0
2030,sc01,04-27 09:00:00+02:00,CC NG 16,0.0
2030,sc01,04-27 09:00:00+02:00,Biomass 48,0.0
2030,sc01,04-27 09:00:00+02:00,Hydro 28,0.026730000000000004
2030,sc01,04-27 09:00:00+02:00,Biomass 17,0.00726
2030,sc01,04-27 09:00:00+02:00,CT NG 33,0.0
2030,sc01,04-27 09:00:00+02:00,Solar 45,0.0
2030,sc01,04-27 09:00:00+02:00,Hydro 24,0.0
2030,sc01,04-27 09:00:00+02:00,Wind 13,5.694795744
2030,sc01,04-27 09:00:00+02:00,Biomass 07,0.066
2030,sc01,04-27 09:00:00+02:00,Biomass 34,0.0
2030,sc01,04-27 09:00:00+02:00,Biomass 33,0.0
2030,sc01,04-27 09:00:00+02:00,CT NG 01,0.712940259337482
2030,sc01,04-27 09:00:00+02:00,ICE NG 03,0.0
2030,sc01,04-27 09:00:00+02:00,Solar 55,0.0
2030,sc01,04-27 09:00:00+02:00,Solar 11,0.33317598303
2030,sc01,04-27 09:00:00+02:00,CT NG 06,0.0
2030,sc01,04-27 09:00:00+02:00,CT NG 70,0.0
2030,sc01,04-27 09:00:00+02:00,Solar 23,0.04933375075200001
2030,sc01,04-27 09:00:00+02:00,CT NG 67,0.0
2030,sc01,04-27 09:00:00+02:00,Solar 12,0.25791341004
2030,sc01,04-27 09:00:00+02:00,CT Oil 01,0.0
2030,sc01,04-27 09:00:00+02:00,Hydro 26,0.0
2030,sc01,04-27 09:00:00+02:00,CC NG 22,0.0
2030,sc01,04-27 09:00:00+02:00,CC NG 35,0.0
2030,sc01,04-27 09:00:00+02:00,Biomass 50,0.0
2030,sc01,04-27 09:00:00+02:00,ICE NG 04,0.0
2030,sc01,04-27 09:00:00+02:00,CC NG 39,0.0
2030,sc01,04-27 09:00:00+02:00,Hydro 32,0.0
2030,sc01,04-27 09:00:00+02:00,ICE NG 07,0.0
2030,sc01,04-27 09:00:00+02:00,Biomass 46,0.0
2030,sc01,04-27 09:00:00+02:00,CC NG 38,0.0
2030,sc01,04-27 09:00:00+02:00,CC NG 12,0.0
2030,sc01,04-27 09:00:00+02:00,Solar 57,0.0
2030,sc01,04-27 09:00:00+02:00,CC NG 32,0.0
2030,sc01,04-27 09:00:00+02:00,CC NG 07,0.0
2030,sc01,04-27 09:00:00+02:00,Biomass 44,0.0
2030,sc01,04-27 09:00:00+02:00,CT NG 40,0.0
2030,sc01,04-27 09:00:00+02:00,Solar 74,6.6000000000000005
2030,sc01,04-27 09:00:00+02:00,Hydro 30,0.0
2030,sc01,04-27 09:00:00+02:00,CT NG 42,0.0
2030,sc01,04-27 09:00:00+02:00,Hydro 22,1.29614958
2030,sc01,04-27 09:00:00+02:00,Solar 17,0.50587127118
2030,sc01,04-27 09:00:00+02:00,Solar 38,0.0
2030,sc01,04-27 09:00:00+02:00,CT NG 24,0.0
2030,sc01,04-27 09:00:00+02:00,CC NG 27,0.0
2030,sc01,04-27 09:00:00+02:00,Biomass 21,0.01155
2030,sc01,04-27 09:00:00+02:00,ICE NG 06,0.0
2030,sc01,04-27 09:00:00+02:00,Biomass 25,0.01452
2030,sc01,04-27 09:00:00+02:00,Solar 27,0.203690445288
2030,sc01,04-27 09:00:00+02:00,CT NG 19,0.0
2030,sc01,04-27 09:00:00+02:00,Biomass 42,0.0
2030,sc01,04-27 09:00:00+02:00,Biomass 19,0.01155
2030,sc01,04-27 09:00:00+02:00,Biomass 06,0.01452
2030,sc01,04-27 09:00:00+02:00,CT NG 10,0.0
2030,sc01,04-27 09:00:00+02:00,CC NG 40,0.0
2030,sc01,04-27 09:00:00+02:00,CC NG 21,0.0
2030,sc01,04-27 09:00:00+02:00,Biomass 02,0.033
2030,sc01,04-27 09:00:00+02:00,CT NG 46,0.0
2030,sc01,04-27 09:00:00+02:00,Hydro 34,0.0
2030,sc01,04-27 09:00:00+02:00,Biomass 10,0.02442
2030,sc01,04-27 09:00:00+02:00,CT NG 17,0.0
2030,sc01,04-27 09:00:00+02:00,Biomass 62,0.0
2030,sc01,04-27 09:00:00+02:00,Biomass 32,0.03926999999999999
2030,sc01,04-27 09:00:00+02:00,CC NG 19,0.0
2030,sc01,04-27 09:00:00+02:00,CC NG 17,0.0
2030,sc01,04-27 09:00:00+02:00,ST NG 01,0.0
2030,sc01,04-27 09:00:00+02:00,Biomass 45,0.0
2030,sc01,04-27 09:00:00+02:00,Biomass 28,0.05576999999999999
2030,sc01,04-27 09:00:00+02:00,CC NG 10,0.0
2030,sc01,04-27 09:00:00+02:00,Biomass 23,0.01452
2030,sc01,04-27 09:00:00+02:00,ST NG 06,0.0
2030,sc01,04-27 09:00:00+02:00,Wind 10,0.241855194768
2030,sc01,04-27 09:00:00+02:00,CT NG 69,0.0
2030,sc01,04-27 09:00:00+02:00,CT NG 68,0.0
2030,sc01,04-29 06:00:00+02:00,CC NG 13,0.0
2030,sc01,04-29 06:00:00+02:00,CT NG 37,0.0
2030,sc01,04-29 06:00:00+02:00,ST Coal 01,0.0
2030,sc01,04-29 06:00:00+02:00,CT NG 09,0.0
2030,sc01,04-29 06:00:00+02:00,CT NG 47,0.0
2030,sc01,04-29 06:00:00+02:00,Solar 69,0.0
2030,sc01,04-29 06:00:00+02:00,Solar 34,5.4914597809000005
2030,sc01,04-29 06:00:00+02:00,Solar 73,0.0
2030,sc01,04-29 06:00:00+02:00,Biomass 37,0.0
2030,sc01,04-29 06:00:00+02:00,Hydro 20,0.0
2030,sc01,04-29 06:00:00+02:00,Solar 01,0.0
2030,sc01,04-29 06:00:00+02:00,Solar 62,0.0
2030,sc01,04-29 06:00:00+02:00,Solar 02,1.4442684078799999
2030,sc01,04-29 06:00:00+02:00,CT NG 26,0.0
2030,sc01,04-29 06:00:00+02:00,Biomass 20,0.0
2030,sc01,04-29 06:00:00+02:00,Wind 16,29.187465637600003
2030,sc01,04-29 06:00:00+02:00,CT NG 66,0.0
2030,sc01,04-29 06:00:00+02:00,Solar 39,0.0
2030,sc01,04-29 06:00:00+02:00,Biomass 41,0.0
2030,sc01,04-29 06:00:00+02:00,Solar 72,0.0
2030,sc01,04-29 06:00:00+02:00,ST NG 03,0.0
2030,sc01,04-29 06:00:00+02:00,Hydro 21,0.47365737
2030,sc01,04-29 06:00:00+02:00,CT NG 03,0.0
2030,sc01,04-29 06:00:00+02:00,CC NG 09,0.0
2030,sc01,04-29 06:00:00+02:00,CT Oil 02,0.0
2030,sc01,04-29 06:00:00+02:00,CT NG 39,0.0
2030,sc01,04-29 06:00:00+02:00,CC NG 08,0.0
2030,sc01,04-29 06:00:00+02:00,Biomass 43,0.0
2030,sc01,04-29 06:00:00+02:00,CT NG 18,0.0
2030,sc01,04-29 06:00:00+02:00,ST NG 07,0.0
2030,sc01,04-29 06:00:00+02:00,Biomass 35,0.0
2030,sc01,04-29 06:00:00+02:00,Solar 32,8.7424273319
2030,sc01,04-29 06:00:00+02:00,Biomass 15,0.0
2030,sc01,04-29 06:00:00+02:00,CC NG 31,0.0
2030,sc01,04-29 06:00:00+02:00,Solar 16,0.12222492239200002
2030,sc01,04-29 06:00:00+02:00,Solar 68,0.0
2030,sc01,04-29 06:00:00+02:00,CT NG 21,0.0
2030,sc01,04-29 06:00:00+02:00,Wind 11,0.0
2030,sc01,04-29 06:00:00+02:00,CC NG 37,0.0
2030,sc01,04-29 06:00:00+02:00,CT NG 22,0.0
2030,sc01,04-29 06:00:00+02:00,Hydro 16,0.0
2030,sc01,04-29 06:00:00+02:00,Biomass 59,0.0
2030,sc01,04-29 06:00:00+02:00,CC NG 01,0.0
2030,sc01,04-29 06:00:00+02:00,Biomass 16,0.0
2030,sc01,04-29 06:00:00+02:00,Solar 03,0.0
2030,sc01,04-29 06:00:00+02:00,Solar 44,0.0
2030,sc01,04-29 06:00:00+02:00,CT NG 08,0.0
2030,sc01,04-29 06:00:00+02:00,Wind 05,0.213926194752
2030,sc01,04-29 06:00:00+02:00,Biomass 26,0.0
2030,sc01,04-29 06:00:00+02:00,Solar 37,0.0
2030,sc01,04-29 06:00:00+02:00,Biomass 11,0.0
2030,sc01,04-29 06:00:00+02:00,Solar 59,0.0
2030,sc01,04-29 06:00:00+02:00,CT NG 11,0.0
2030,sc01,04-29 06:00:00+02:00,Biomass 30,0.0
2030,sc01,04-29 06:00:00+02:00,Hydro 23,0.0
2030,sc01,04-29 06:00:00+02:00,CC NG 24,0.0
2030,sc01,04-29 06:00:00+02:00,Solar 65,1.9783699157799999
2030,sc01,04-29 06:00:00+02:00,CC NG 18,0.0
2030,sc01,04-29 06:00:00+02:00,CT NG 16,0.0
2030,sc01,04-29 06:00:00+02:00,Solar 51,0.0
2030,sc01,04-29 06:00:00+02:00,Wind 06,0.0
2030,sc01,04-29 06:00:00+02:00,CC NG 26,0.0
2030,sc01,04-29 06:00:00+02:00,CC NG 23,0.0
2030,sc01,04-29 06:00:00+02:00,CT NG 43,0.0
2030,sc01,04-29 06:00:00+02:00,CC NG 11,0.0
2030,sc01,04-29 06:00:00+02:00,CT NG 02,0.0
2030,sc01,04-29 06:00:00+02:00,CT NG 50,0.0
2030,sc01,04-29 06:00:00+02:00,Hydro 27,0.0
2030,sc01,04-29 06:00:00+02:00,CT NG 13,0.0
2030,sc01,04-29 06:00:00+02:00,CT NG 25,0.0
2030,sc01,04-29 06:00:00+02:00,CC NG 05,0.0
2030,sc01,04-29 06:00:00+02:00,Solar 04,0.0
2030,sc01,04-29 06:00:00+02:00,Solar 30,0.117862897264
2030,sc01,04-29 06:00:00+02:00,Solar 29,0.33783870246000003
2030,sc01,04-29 06:00:00+02:00,Solar 53,0.0
2030,sc01,04-29 06:00:00+02:00,Solar 21,0.5819711747
2030,sc01,04-29 06:00:00+02:00,Biomass 58,0.0
2030,sc01,04-29 06:00:00+02:00,CT NG 74,0.0
2030,sc01,04-29 06:00:00+02:00,Solar 61,0.0
2030,sc01,04-29 06:00:00+02:00,Wind 07,0.0
2030,sc01,04-29 06:00:00+02:00,Biomass 31,0.0
2030,sc01,04-29 06:00:00+02:00,CT Oil 05,0.0
2030,sc01,04-29 06:00:00+02:00,Biomass 38,0.0
2030,sc01,04-29 06:00:00+02:00,Solar 41,0.0
2030,sc01,04-29 06:00:00+02:00,Biomass 51,0.0
2030,sc01,04-29 06:00:00+02:00,Biomass 55,0.0
2030,sc01,04-29 06:00:00+02:00,Wind 15,0.0
2030,sc01,04-29 06:00:00+02:00,Geo 01,0.0
2030,sc01,04-29 06:00:00+02:00,Biomass 60,0.0
2030,sc01,04-29 06:00:00+02:00,CT NG 38,0.0
2030,sc01,04-29 06:00:00+02:00,Solar 66,2.86847076128
2030,sc01,04-29 06:00:00+02:00,Solar 49,0.0
2030,sc01,04-29 06:00:00+02:00,CT NG 51,0.0
2030,sc01,04-29 06:00:00+02:00,Biomass 18,0.0
2030,sc01,04-29 06:00:00+02:00,ICE NG 01,0.0
2030,sc01,04-29 06:00:00+02:00,Solar 15,0.33282404047
2030,sc01,04-29 06:00:00+02:00,ICE NG 05,0.0
2030,sc01,04-29 06:00:00+02:00,CT Oil 04,0.0
2030,sc01,04-29 06:00:00+02:00,CC NG 20,0.0
2030,sc01,04-29 06:00:00+02:00,Solar 20,0.13872312908800002
2030,sc01,04-29 06:00:00+02:00,Biomass 04,0.0
2030,sc01,04-29 06:00:00+02:00,Wind 02,5.4501822486
2030,sc01,04-29 06:00:00+02:00,Hydro 25,0.0
2030,sc01,04-29 06:00:00+02:00,Solar 75,4.7025154043
2030,sc01,04-29 06:00:00+02:00,Hydro 33,0.0
2030,sc01,04-29 06:00:00+02:00,ST NG 05,0.0
2030,sc01,04-29 06:00:00+02:00,CT NG 07,0.0
2030,sc01,04-29 06:00:00+02:00,Wind 01,1.30801293391
2030,sc01,04-29 06:00:00+02:00,Solar 56,0.0
2030,sc01,04-29 06:00:00+02:00,Biomass 09,0.0
2030,sc01,04-29 06:00:00+02:00,Biomass 53,0.0
2030,sc01,04-29 06:00:00+02:00,Wind 17,9.946036751254384
2030,sc01,04-29 06:00:00+02:00,ST NG 08,0.0
2030,sc01,04-29 06:00:00+02:00,Hydro 19,0.0
2030,sc01,04-29 06:00:00+02:00,ST NG 02,0.0
2030,sc01,04-29 06:00:00+02:00,Biomass 01,0.0
2030,sc01,04-29 06:00:00+02:00,Biomass 57,0.0
2030,sc01,04-29 06:00:00+02:00,CT NG 49,0.0
2030,sc01,04-29 06:00:00+02:00,CT NG 31,0.0
2030,sc01,04-29 06:00:00+02:00,Solar 64,1.0386421148500002
2030,sc01,04-29 06:00:00+02:00,CC NG 33,0.0
2030,sc01,04-29 06:00:00+02:00,Solar 46,0.0
2030,sc01,04-29 06:00:00+02:00,Biomass 12,0.0
2030,sc01,04-29 06:00:00+02:00,Wind 04,0.5169756980200001
2030,sc01,04-29 06:00:00+02:00,Solar 13,0.008355090983999999
2030,sc01,04-29 06:00:00+02:00,CT NG 55,0.0
2030,sc01,04-29 06:00:00+02:00,Wind N03,81.62225650254962
2030,sc01,04-29 06:00:00+02:00,CT NG 28,0.0
2030,sc01,04-29 06:00:00+02:00,Wind 09,0.0
2030,sc01,04-29 06:00:00+02:00,Solar 60,0.0
2030,sc01,04-29 06:00:00+02:00,Solar 25,0.061269349344
2030,sc01,04-29 06:00:00+02:00,CT NG 23,0.0
2030,sc01,04-29 06:00:00+02:00,ST Other 01,0.0
2030,sc01,04-29 06:00:00+02:00,Solar 70,10.0738305932
2030,sc01,04-29 06:00:00+02:00,CC NG 34,0.0
2030,sc01,04-29 06:00:00+02:00,Solar 48,0.0
2030,sc01,04-29 06:00:00+02:00,Biomass 56,0.0
2030,sc01,04-29 06:00:00+02:00,CT NG 36,0.0
2030,sc01,04-29 06:00:00+02:00,Solar 47,0.0
2030,sc01,04-29 06:00:00+02:00,Hydro 17,0.0
2030,sc01,04-29 06:00:00+02:00,Solar 09,0.4060790874
2030,sc01,04-29 06:00:00+02:00,Solar 08,0.07932684835199999
2030,sc01,04-29 06:00:00+02:00,CT NG 45,0.0
2030,sc01,04-29 06:00:00+02:00,ST NG 04,0.0
2030,sc01,04-29 06:00:00+02:00,Solar 40,0.0
2030,sc01,04-29 06:00:00+02:00,Biomass 47,0.0
2030,sc01,04-29 06:00:00+02:00,Solar 50,0.0
2030,sc01,04-29 06:00:00+02:00,Solar 52,0.0
2030,sc01,04-29 06:00:00+02:00,Solar 63,2.21805260462
2030,sc01,04-29 06:00:00+02:00,CC NG 06,0.0
2030,sc01,04-29 06:00:00+02:00,Biomass 39,0.0
2030,sc01,04-29 06:00:00+02:00,Solar 67,1.4785780649100002
2030,sc01,04-29 06:00:00+02:00,Solar 19,0.0
2030,sc01,04-29 06:00:00+02:00,Wind 12,16.972697253
2030,sc01,04-29 06:00:00+02:00,Solar 24,0.045697854912000006
2030,sc01,04-29 06:00:00+02:00,ICE NG 02,0.0
2030,sc01,04-29 06:00:00+02:00,Solar 05,0.0
2030,sc01,04-29 06:00:00+02:00,CT NG 54,0.0
2030,sc01,04-29 06:00:00+02:00,Wind N01,107.93935599195774
2030,sc01,04-29 06:00:00+02:00,CT NG 27,0.0
2030,sc01,04-29 06:00:00+02:00,CC NG 36,0.0
2030,sc01,04-29 06:00:00+02:00,Wind N02,0.0
2030,sc01,04-29 06:00:00+02:00,CT NG 52,0.0
2030,sc01,04-29 06:00:00+02:00,Solar 35,1.9835374936399999
2030,sc01,04-29 06:00:00+02:00,CT NG 05,0.0
2030,sc01,04-29 06:00:00+02:00,Biomass 36,0.0
2030,sc01,04-29 06:00:00+02:00,CT NG 34,0.0
2030,sc01,04-29 06:00:00+02:00,CT Oil 03,0.0
2030,sc01,04-29 06:00:00+02:00,Hydro 35,0.0
2030,sc01,04-29 06:00:00+02:00,Solar 14,0.37002538865999995
2030,sc01,04-29 06:00:00+02:00,CT NG 75,0.0
2030,sc01,04-29 06:00:00+02:00,ST NG 09,0.0
2030,sc01,04-29 06:00:00+02:00,CT NG 56,0.0
2030,sc01,04-29 06:00:00+02:00,Biomass 22,0.0
2030,sc01,04-29 06:00:00+02:00,Solar 18,0.39028910348
2030,sc01,04-29 06:00:00+02:00,Biomass 13,0.0
2030,sc01,04-29 06:00:00+02:00,CT NG 71,0.0
2030,sc01,04-29 06:00:00+02:00,Solar 58,0.0
2030,sc01,04-29 06:00:00+02:00,Solar 06,0.12812092547999998
2030,sc01,04-29 06:00:00+02:00,Biomass 08,0.0
2030,sc01,04-29 06:00:00+02:00,CT NG 72,0.0
2030,sc01,04-29 06:00:00+02:00,Hydro 18,0.0
2030,sc01,04-29 06:00:00+02:00,Solar 10,0.13362325113600002
2030,sc01,04-29 06:00:00+02:00,CT NG 04,0.0
2030,sc01,04-29 06:00:00+02:00,ST Other 02,0.0
2030,sc01,04-29 06:00:00+02:00,CT NG 12,0.0
2030,sc01,04-29 06:00:00+02:00,CT NG 48,0.0
2030,sc01,04-29 06:00:00+02:00,ST NG 10,0.0
2030,sc01,04-29 06:00:00+02:00,Solar 22,0.35138873736
2030,sc01,04-29 06:00:00+02:00,Solar 28,0.31445200114000005
2030,sc01,04-29 06:00:00+02:00,CT NG 73,0.0
2030,sc01,04-29 06:00:00+02:00,Biomass 52,0.0
2030,sc01,04-29 06:00:00+02:00,CT NG 30,0.0
2030,sc01,04-29 06:00:00+02:00,Solar 54,0.0
2030,sc01,04-29 06:00:00+02:00,Solar 31,5.9694636795000005
2030,sc01,04-29 06:00:00+02:00,Biomass 03,0.0
2030,sc01,04-29 06:00:00+02:00,CT NG 32,0.0
2030,sc01,04-29 06:00:00+02:00,Biomass 27,0.0
2030,sc01,04-29 06:00:00+02:00,CC NG 14,0.0
2030,sc01,04-29 06:00:00+02:00,CC NG 03,0.0
2030,sc01,04-29 06:00:00+02:00,CC NG 29,0.0
2030,sc01,04-29 06:00:00+02:00,CC NG 28,0.0
2030,sc01,04-29 06:00:00+02:00,CC NG 25,0.0
2030,sc01,04-29 06:00:00+02:00,CT NG 44,0.0
2030,sc01,04-29 06:00:00+02:00,CT NG 14,0.0
2030,sc01,04-29 06:00:00+02:00,CC NG 15,0.0
2030,sc01,04-29 06:00:00+02:00,CC NG 04,0.0
2030,sc01,04-29 06:00:00+02:00,Biomass 29,0.0
2030,sc01,04-29 06:00:00+02:00,Wind 14,0.0
2030,sc01,04-29 06:00:00+02:00,Wind 08,0.0
2030,sc01,04-29 06:00:00+02:00,Biomass 61,0.0
2030,sc01,04-29 06:00:00+02:00,CT NG 35,0.0
2030,sc01,04-29 06:00:00+02:00,Solar 33,6.808395088
2030,sc01,04-29 06:00:00+02:00,CT NG 41,0.0
2030,sc01,04-29 06:00:00+02:00,CT NG 15,0.0
2030,sc01,04-29 06:00:00+02:00,Solar 42,0.0
2030,sc01,04-29 06:00:00+02:00,Solar 07,0.006729957152
2030,sc01,04-29 06:00:00+02:00,Solar 43,0.0
2030,sc01,04-29 06:00:00+02:00,Biomass 05,0.0
2030,sc01,04-29 06:00:00+02:00,CT NG 29,0.0
2030,sc01,04-29 06:00:00+02:00,Solar 71,0.0
2030,sc01,04-29 06:00:00+02:00,CT NG 53,0.0
2030,sc01,04-29 06:00:00+02:00,CT NG 20,0.0
2030,sc01,04-29 06:00:00+02:00,Biomass 14,0.0
2030,sc01,04-29 06:00:00+02:00,Solar 26,0.05673969556
2030,sc01,04-29 06:00:00+02:00,Hydro 29,0.0
2030,sc01,04-29 06:00:00+02:00,Hydro 31,0.0
2030,sc01,04-29 06:00:00+02:00,Biomass 24,0.0
2030,sc01,04-29 06:00:00+02:00,Biomass 54,0.0
2030,sc01,04-29 06:00:00+02:00,Solar 36,6.0375459694
2030,sc01,04-29 06:00:00+02:00,Wind 03,1.0037306036700002
2030,sc01,04-29 06:00:00+02:00,Biomass 40,0.0
2030,sc01,04-29 06:00:00+02:00,Biomass 49,0.0
2030,sc01,04-29 06:00:00+02:00,CC NG 16,0.0
2030,sc01,04-29 06:00:00+02:00,Biomass 48,0.0
2030,sc01,04-29 06:00:00+02:00,Hydro 28,0.0
2030,sc01,04-29 06:00:00+02:00,Biomass 17,0.0
2030,sc01,04-29 06:00:00+02:00,CT NG 33,0.0
2030,sc01,04-29 06:00:00+02:00,Solar 45,0.0
2030,sc01,04-29 06:00:00+02:00,Hydro 24,0.0
2030,sc01,04-29 06:00:00+02:00,Wind 13,7.6851063546
2030,sc01,04-29 06:00:00+02:00,Biomass 07,0.0
2030,sc01,04-29 06:00:00+02:00,Biomass 34,0.0
2030,sc01,04-29 06:00:00+02:00,Biomass 33,0.0
2030,sc01,04-29 06:00:00+02:00,CT NG 01,0.0
2030,sc01,04-29 06:00:00+02:00,ICE NG 03,0.0
2030,sc01,04-29 06:00:00+02:00,Solar 55,0.0
2030,sc01,04-29 06:00:00+02:00,Solar 11,0.062677069264
2030,sc01,04-29 06:00:00+02:00,CT NG 06,0.0
2030,sc01,04-29 06:00:00+02:00,CT NG 70,0.0
2030,sc01,04-29 06:00:00+02:00,Solar 23,0.009280665672
2030,sc01,04-29 06:00:00+02:00,CT NG 67,0.0
2030,sc01,04-29 06:00:00+02:00,Solar 12,0.048518673376
2030,sc01,04-29 06:00:00+02:00,CT Oil 01,0.0
2030,sc01,04-29 06:00:00+02:00,Hydro 26,0.0
2030,sc01,04-29 06:00:00+02:00,CC NG 22,0.0
2030,sc01,04-29 06:00:00+02:00,CC NG 35,0.0
2030,sc01,04-29 06:00:00+02:00,Biomass 50,0.0
2030,sc01,04-29 06:00:00+02:00,ICE NG 04,0.0
2030,sc01,04-29 06:00:00+02:00,CC NG 39,0.0
2030,sc01,04-29 06:00:00+02:00,Hydro 32,0.0039908159999999995
2030,sc01,04-29 06:00:00+02:00,ICE NG 07,0.0
2030,sc01,04-29 06:00:00+02:00,Biomass 46,0.0
2030,sc01,04-29 06:00:00+02:00,CC NG 38,0.0
2030,sc01,04-29 06:00:00+02:00,CC NG 12,0.0
2030,sc01,04-29 06:00:00+02:00,Solar 57,0.0
2030,sc01,04-29 06:00:00+02:00,CC NG 32,0.0
2030,sc01,04-29 06:00:00+02:00,CC NG 07,0.0
2030,sc01,04-29 06:00:00+02:00,Biomass 44,0.0
2030,sc01,04-29 06:00:00+02:00,CT NG 40,0.0
2030,sc01,04-29 06:00:00+02:00,Solar 74,0.0
2030,sc01,04-29 06:00:00+02:00,Hydro 30,0.0
2030,sc01,04-29 06:00:00+02:00,CT NG 42,0.0
2030,sc01,04-29 06:00:00+02:00,Hydro 22,0.47365737
2030,sc01,04-29 06:00:00+02:00,Solar 17,0.095164508536
2030,sc01,04-29 06:00:00+02:00,Solar 38,0.0
2030,sc01,04-29 06:00:00+02:00,CT NG 24,0.0
2030,sc01,04-29 06:00:00+02:00,CC NG 27,0.0
2030,sc01,04-29 06:00:00+02:00,Biomass 21,0.0
2030,sc01,04-29 06:00:00+02:00,ICE NG 06,0.0
2030,sc01,04-29 06:00:00+02:00,Biomass 25,0.0
2030,sc01,04-29 06:00:00+02:00,Solar 27,0.020857110496000003
2030,sc01,04-29 06:00:00+02:00,CT NG 19,0.0
2030,sc01,04-29 06:00:00+02:00,Biomass 42,0.0
2030,sc01,04-29 06:00:00+02:00,Biomass 19,0.0
2030,sc01,04-29 06:00:00+02:00,Biomass 06,0.0
2030,sc01,04-29 06:00:00+02:00,CT NG 10,0.0
2030,sc01,04-29 06:00:00+02:00,CC NG 40,0.0
2030,sc01,04-29 06:00:00+02:00,CC NG 21,0.0
2030,sc01,04-29 06:00:00+02:00,Biomass 02,0.0
2030,sc01,04-29 06:00:00+02:00,CT NG 46,0.0
2030,sc01,04-29 06:00:00+02:00,Hydro 34,0.0
2030,sc01,04-29 06:00:00+02:00,Biomass 10,0.0
2030,sc01,04-29 06:00:00+02:00,CT NG 17,0.0
2030,sc01,04-29 06:00:00+02:00,Biomass 62,0.0
2030,sc01,04-29 06:00:00+02:00,Biomass 32,0.0
2030,sc01,04-29 06:00:00+02:00,CC NG 19,0.0
2030,sc01,04-29 06:00:00+02:00,CC NG 17,0.0
2030,sc01,04-29 06:00:00+02:00,ST NG 01,0.0
2030,sc01,04-29 06:00:00+02:00,Biomass 45,0.0
2030,sc01,04-29 06:00:00+02:00,Biomass 28,0.0
2030,sc01,04-29 06:00:00+02:00,CC NG 10,0.0
2030,sc01,04-29 06:00:00+02:00,Biomass 23,0.0
2030,sc01,04-29 06:00:00+02:00,ST NG 06,0.0
2030,sc01,04-29 06:00:00+02:00,Wind 10,0.0
2030,sc01,04-29 06:00:00+02:00,CT NG 69,0.0
2030,sc01,04-29 06:00:00+02:00,CT NG 68,0.0
2030,sc01,04-30 14:00:00+02:00,CC NG 13,0.0
2030,sc01,04-30 14:00:00+02:00,CT NG 37,0.0
2030,sc01,04-30 14:00:00+02:00,ST Coal 01,0.0
2030,sc01,04-30 14:00:00+02:00,CT NG 09,0.0
2030,sc01,04-30 14:00:00+02:00,CT NG 47,0.0
2030,sc01,04-30 14:00:00+02:00,Solar 69,0.0
2030,sc01,04-30 14:00:00+02:00,Solar 34,1.8653444450175032
2030,sc01,04-30 14:00:00+02:00,Solar 73,0.0
2030,sc01,04-30 14:00:00+02:00,Biomass 37,0.0
2030,sc01,04-30 14:00:00+02:00,Hydro 20,0.0
2030,sc01,04-30 14:00:00+02:00,Solar 01,11.6294689269
2030,sc01,04-30 14:00:00+02:00,Solar 62,0.0
2030,sc01,04-30 14:00:00+02:00,Solar 02,0.0
2030,sc01,04-30 14:00:00+02:00,CT NG 26,0.0
2030,sc01,04-30 14:00:00+02:00,Biomass 20,0.0
2030,sc01,04-30 14:00:00+02:00,Wind 16,0.0
2030,sc01,04-30 14:00:00+02:00,CT NG 66,0.0
2030,sc01,04-30 14:00:00+02:00,Solar 39,0.0
2030,sc01,04-30 14:00:00+02:00,Biomass 41,0.0
2030,sc01,04-30 14:00:00+02:00,Solar 72,0.0
2030,sc01,04-30 14:00:00+02:00,ST NG 03,0.0
2030,sc01,04-30 14:00:00+02:00,Hydro 21,1.17098289
2030,sc01,04-30 14:00:00+02:00,CT NG 03,0.0
2030,sc01,04-30 14:00:00+02:00,CC NG 09,0.0
2030,sc01,04-30 14:00:00+02:00,CT Oil 02,0.0
2030,sc01,04-30 14:00:00+02:00,CT NG 39,0.0
2030,sc01,04-30 14:00:00+02:00,CC NG 08,0.0
2030,sc01,04-30 14:00:00+02:00,Biomass 43,0.0
2030,sc01,04-30 14:00:00+02:00,CT NG 18,0.0
2030,sc01,04-30 14:00:00+02:00,ST NG 07,0.0
2030,sc01,04-30 14:00:00+02:00,Biomass 35,0.0
2030,sc01,04-30 14:00:00+02:00,Solar 32,0.0
2030,sc01,04-30 14:00:00+02:00,Biomass 15,0.0
2030,sc01,04-30 14:00:00+02:00,CC NG 31,0.0
2030,sc01,04-30 14:00:00+02:00,Solar 16,0.0
2030,sc01,04-30 14:00:00+02:00,Solar 68,0.0
2030,sc01,04-30 14:00:00+02:00,CT NG 21,0.0
2030,sc01,04-30 14:00:00+02:00,Wind 11,0.0
2030,sc01,04-30 14:00:00+02:00,CC NG 37,0.0
2030,sc01,04-30 14:00:00+02:00,CT NG 22,0.0
2030,sc01,04-30 14:00:00+02:00,Hydro 16,0.00718608
2030,sc01,04-30 14:00:00+02:00,Biomass 59,0.0
2030,sc01,04-30 14:00:00+02:00,CC NG 01,0.0
2030,sc01,04-30 14:00:00+02:00,Biomass 16,0.0
2030,sc01,04-30 14:00:00+02:00,Solar 03,6.0209519865
2030,sc01,04-30 14:00:00+02:00,Solar 44,0.0
2030,sc01,04-30 14:00:00+02:00,CT NG 08,0.0
2030,sc01,04-30 14:00:00+02:00,Wind 05,0.10466648200800001
2030,sc01,04-30 14:00:00+02:00,Biomass 26,0.0
2030,sc01,04-30 14:00:00+02:00,Solar 37,0.0
2030,sc01,04-30 14:00:00+02:00,Biomass 11,0.0
2030,sc01,04-30 14:00:00+02:00,Solar 59,0.0
2030,sc01,04-30 14:00:00+02:00,CT NG 11,0.0
2030,sc01,04-30 14:00:00+02:00,Biomass 30,0.0
2030,sc01,04-30 14:00:00+02:00,Hydro 23,0.0
2030,sc01,04-30 14:00:00+02:00,CC NG 24,0.0
2030,sc01,04-30 14:00:00+02:00,Solar 65,11.5010613036
2030,sc01,04-30 14:00:00+02:00,CC NG 18,0.0
2030,sc01,04-30 14:00:00+02:00,CT NG 16,0.0
2030,sc01,04-30 14:00:00+02:00,Solar 51,0.0
2030,sc01,04-30 14:00:00+02:00,Wind 06,0.0
2030,sc01,04-30 14:00:00+02:00,CC NG 26,0.0
2030,sc01,04-30 14:00:00+02:00,CC NG 23,0.0
2030,sc01,04-30 14:00:00+02:00,CT NG 43,0.0
2030,sc01,04-30 14:00:00+02:00,CC NG 11,0.0
2030,sc01,04-30 14:00:00+02:00,CT NG 02,0.0
2030,sc01,04-30 14:00:00+02:00,CT NG 50,0.0
2030,sc01,04-30 14:00:00+02:00,Hydro 27,0.0
2030,sc01,04-30 14:00:00+02:00,CT NG 13,0.0
2030,sc01,04-30 14:00:00+02:00,CT NG 25,0.0
2030,sc01,04-30 14:00:00+02:00,CC NG 05,0.0
2030,sc01,04-30 14:00:00+02:00,Solar 04,0.8938300298399999
2030,sc01,04-30 14:00:00+02:00,Solar 30,0.0
2030,sc01,04-30 14:00:00+02:00,Solar 29,0.0
2030,sc01,04-30 14:00:00+02:00,Solar 53,0.0
2030,sc01,04-30 14:00:00+02:00,Solar 21,0.0
2030,sc01,04-30 14:00:00+02:00,Biomass 58,0.0
2030,sc01,04-30 14:00:00+02:00,CT NG 74,0.0
2030,sc01,04-30 14:00:00+02:00,Solar 61,0.0
2030,sc01,04-30 14:00:00+02:00,Wind 07,0.0
2030,sc01,04-30 14:00:00+02:00,Biomass 31,0.0
2030,sc01,04-30 14:00:00+02:00,CT Oil 05,0.0
2030,sc01,04-30 14:00:00+02:00,Biomass 38,0.0
2030,sc01,04-30 14:00:00+02:00,Solar 41,0.0
2030,sc01,04-30 14:00:00+02:00,Biomass 51,0.0
2030,sc01,04-30 14:00:00+02:00,Biomass 55,0.0
2030,sc01,04-30 14:00:00+02:00,Wind 15,0.0
2030,sc01,04-30 14:00:00+02:00,Geo 01,0.0
2030,sc01,04-30 14:00:00+02:00,Biomass 60,0.0
2030,sc01,04-30 14:00:00+02:00,CT NG 38,0.0
2030,sc01,04-30 14:00:00+02:00,Solar 66,25.507692061500002
2030,sc01,04-30 14:00:00+02:00,Solar 49,0.0
2030,sc01,04-30 14:00:00+02:00,CT NG 51,0.0
2030,sc01,04-30 14:00:00+02:00,Biomass 18,0.0
2030,sc01,04-30 14:00:00+02:00,ICE NG 01,0.0
2030,sc01,04-30 14:00:00+02:00,Solar 15,0.0
2030,sc01,04-30 14:00:00+02:00,ICE NG 05,0.0
2030,sc01,04-30 14:00:00+02:00,CT Oil 04,0.0
2030,sc01,04-30 14:00:00+02:00,CC NG 20,0.0
2030,sc01,04-30 14:00:00+02:00,Solar 20,0.0
2030,sc01,04-30 14:00:00+02:00,Biomass 04,0.0
2030,sc01,04-30 14:00:00+02:00,Wind 02,1.8586553165400002
2030,sc01,04-30 14:00:00+02:00,Hydro 25,0.3503214
2030,sc01,04-30 14:00:00+02:00,Solar 75,0.0
2030,sc01,04-30 14:00:00+02:00,Hydro 33,0.0
2030,sc01,04-30 14:00:00+02:00,ST NG 05,0.0
2030,sc01,04-30 14:00:00+02:00,CT NG 07,0.0
2030,sc01,04-30 14:00:00+02:00,Wind 01,0.33205193142
2030,sc01,04-30 14:00:00+02:00,Solar 56,0.0
2030,sc01,04-30 14:00:00+02:00,Biomass 09,0.0
2030,sc01,04-30 14:00:00+02:00,Biomass 53,0.0
2030,sc01,04-30 14:00:00+02:00,Wind 17,0.0
2030,sc01,04-30 14:00:00+02:00,ST NG 08,0.0
2030,sc01,04-30 14:00:00+02:00,Hydro 19,0.0
2030,sc01,04-30 14:00:00+02:00,ST NG 02,0.0
2030,sc01,04-30 14:00:00+02:00,Biomass 01,0.0
2030,sc01,04-30 14:00:00+02:00,Biomass 57,0.0
2030,sc01,04-30 14:00:00+02:00,CT NG 49,0.0
2030,sc01,04-30 14:00:00+02:00,CT NG 31,0.0
2030,sc01,04-30 14:00:00+02:00,Solar 64,0.0
2030,sc01,04-30 14:00:00+02:00,CC NG 33,0.0
2030,sc01,04-30 14:00:00+02:00,Solar 46,0.0
2030,sc01,04-30 14:00:00+02:00,Biomass 12,0.0
2030,sc01,04-30 14:00:00+02:00,Wind 04,0.77896893657
2030,sc01,04-30 14:00:00+02:00,Solar 13,0.0
2030,sc01,04-30 14:00:00+02:00,CT NG 55,0.0
2030,sc01,04-30 14:00:00+02:00,Wind N03,132.78350265613264
2030,sc01,04-30 14:00:00+02:00,CT NG 28,0.0
2030,sc01,04-30 14:00:00+02:00,Wind 09,0.0
2030,sc01,04-30 14:00:00+02:00,Solar 60,0.0
2030,sc01,04-30 14:00:00+02:00,Solar 25,0.0
2030,sc01,04-30 14:00:00+02:00,CT NG 23,0.0
2030,sc01,04-30 14:00:00+02:00,ST Other 01,0.0
2030,sc01,04-30 14:00:00+02:00,Solar 70,14.131459945453209
2030,sc01,04-30 14:00:00+02:00,CC NG 34,0.0
2030,sc01,04-30 14:00:00+02:00,Solar 48,0.0
2030,sc01,04-30 14:00:00+02:00,Biomass 56,0.0
2030,sc01,04-30 14:00:00+02:00,CT NG 36,0.0
2030,sc01,04-30 14:00:00+02:00,Solar 47,0.0
2030,sc01,04-30 14:00:00+02:00,Hydro 17,0.0
2030,sc01,04-30 14:00:00+02:00,Solar 09,0.0
2030,sc01,04-30 14:00:00+02:00,Solar 08,0.14266741733759813
2030,sc01,04-30 14:00:00+02:00,CT NG 45,0.0
2030,sc01,04-30 14:00:00+02:00,ST NG 04,0.0
2030,sc01,04-30 14:00:00+02:00,Solar 40,0.0
2030,sc01,04-30 14:00:00+02:00,Biomass 47,0.0
2030,sc01,04-30 14:00:00+02:00,Solar 50,0.0
2030,sc01,04-30 14:00:00+02:00,Solar 52,0.0
2030,sc01,04-30 14:00:00+02:00,Solar 63,12.894433332000002
2030,sc01,04-30 14:00:00+02:00,CC NG 06,0.0
2030,sc01,04-30 14:00:00+02:00,Biomass 39,0.0
2030,sc01,04-30 14:00:00+02:00,Solar 67,0.0
2030,sc01,04-30 14:00:00+02:00,Solar 19,0.0
2030,sc01,04-30 14:00:00+02:00,Wind 12,8.9842385358
2030,sc01,04-30 14:00:00+02:00,Solar 24,0.0
2030,sc01,04-30 14:00:00+02:00,ICE NG 02,0.0
2030,sc01,04-30 14:00:00+02:00,Solar 05,0.0
2030,sc01,04-30 14:00:00+02:00,CT NG 54,0.0
2030,sc01,04-30 14:00:00+02:00,Wind N01,22.867756815875435
2030,sc01,04-30 14:00:00+02:00,CT NG 27,0.0
2030,sc01,04-30 14:00:00+02:00,CC NG 36,0.0
2030,sc01,04-30 14:00:00+02:00,Wind N02,0.0
2030,sc01,04-30 14:00:00+02:00,CT NG 52,0.0
2030,sc01,04-30 14:00:00+02:00,Solar 35,0.0
2030,sc01,04-30 14:00:00+02:00,CT NG 05,0.0
2030,sc01,04-30 14:00:00+02:00,Biomass 36,0.0
2030,sc01,04-30 14:00:00+02:00,CT NG 34,0.0
2030,sc01,04-30 14:00:00+02:00,CT Oil 03,0.0
2030,sc01,04-30 14:00:00+02:00,Hydro 35,0.0
2030,sc01,04-30 14:00:00+02:00,Solar 14,0.0
2030,sc01,04-30 14:00:00+02:00,CT NG 75,0.0
2030,sc01,04-30 14:00:00+02:00,ST NG 09,0.0
2030,sc01,04-30 14:00:00+02:00,CT NG 56,0.0
2030,sc01,04-30 14:00:00+02:00,Biomass 22,0.0
2030,sc01,04-30 14:00:00+02:00,Solar 18,0.0
2030,sc01,04-30 14:00:00+02:00,Biomass 13,0.0
2030,sc01,04-30 14:00:00+02:00,CT NG 71,0.0
2030,sc01,04-30 14:00:00+02:00,Solar 58,0.0
2030,sc01,04-30 14:00:00+02:00,Solar 06,0.0
2030,sc01,04-30 14:00:00+02:00,Biomass 08,0.0
2030,sc01,04-30 14:00:00+02:00,CT NG 72,0.0
2030,sc01,04-30 14:00:00+02:00,Hydro 18,0.0
2030,sc01,04-30 14:00:00+02:00,Solar 10,0.0
2030,sc01,04-30 14:00:00+02:00,CT NG 04,0.0
2030,sc01,04-30 14:00:00+02:00,ST Other 02,0.0
2030,sc01,04-30 14:00:00+02:00,CT NG 12,0.0
2030,sc01,04-30 14:00:00+02:00,CT NG 48,0.0
2030,sc01,04-30 14:00:00+02:00,ST NG 10,0.0
2030,sc01,04-30 14:00:00+02:00,Solar 22,0.0
2030,sc01,04-30 14:00:00+02:00,Solar 28,0.0
2030,sc01,04-30 14:00:00+02:00,CT NG 73,0.0
2030,sc01,04-30 14:00:00+02:00,Biomass 52,0.0
2030,sc01,04-30 14:00:00+02:00,CT NG 30,0.0
2030,sc01,04-30 14:00:00+02:00,Solar 54,0.0
2030,sc01,04-30 14:00:00+02:00,Solar 31,0.0
2030,sc01,04-30 14:00:00+02:00,Biomass 03,0.0
2030,sc01,04-30 14:00:00+02:00,CT NG 32,0.0
2030,sc01,04-30 14:00:00+02:00,Biomass 27,0.0
2030,sc01,04-30 14:00:00+02:00,CC NG 14,0.0
2030,sc01,04-30 14:00:00+02:00,CC NG 03,0.0
2030,sc01,04-30 14:00:00+02:00,CC NG 29,0.0
2030,sc01,04-30 14:00:00+02:00,CC NG 28,0.0
2030,sc01,04-30 14:00:00+02:00,CC NG 25,0.0
2030,sc01,04-30 14:00:00+02:00,CT NG 44,0.0
2030,sc01,04-30 14:00:00+02:00,CT NG 14,0.0
2030,sc01,04-30 14:00:00+02:00,CC NG 15,0.0
2030,sc01,04-30 14:00:00+02:00,CC NG 04,0.0
2030,sc01,04-30 14:00:00+02:00,Biomass 29,0.0
2030,sc01,04-30 14:00:00+02:00,Wind 14,15.3089704845
2030,sc01,04-30 14:00:00+02:00,Wind 08,0.0
2030,sc01,04-30 14:00:00+02:00,Biomass 61,0.0
2030,sc01,04-30 14:00:00+02:00,CT NG 35,0.0
2030,sc01,04-30 14:00:00+02:00,Solar 33,0.0
2030,sc01,04-30 14:00:00+02:00,CT NG 41,0.0
2030,sc01,04-30 14:00:00+02:00,CT NG 15,0.0
2030,sc01,04-30 14:00:00+02:00,Solar 42,0.0
2030,sc01,04-30 14:00:00+02:00,Solar 07,0.0
2030,sc01,04-30 14:00:00+02:00,Solar 43,0.0
2030,sc01,04-30 14:00:00+02:00,Biomass 05,0.0
2030,sc01,04-30 14:00:00+02:00,CT NG 29,0.0
2030,sc01,04-30 14:00:00+02:00,Solar 71,20.397961056000003
2030,sc01,04-30 14:00:00+02:00,CT NG 53,0.0
2030,sc01,04-30 14:00:00+02:00,CT NG 20,0.0
2030,sc01,04-30 14:00:00+02:00,Biomass 14,0.0
2030,sc01,04-30 14:00:00+02:00,Solar 26,0.0
2030,sc01,04-30 14:00:00+02:00,Hydro 29,0.0
2030,sc01,04-30 14:00:00+02:00,Hydro 31,0.0
2030,sc01,04-30 14:00:00+02:00,Biomass 24,0.0
2030,sc01,04-30 14:00:00+02:00,Biomass 54,0.0
2030,sc01,04-30 14:00:00+02:00,Solar 36,29.8654318776
2030,sc01,04-30 14:00:00+02:00,Wind 03,1.52873321832
2030,sc01,04-30 14:00:00+02:00,Biomass 40,0.0
2030,sc01,04-30 14:00:00+02:00,Biomass 49,0.0
2030,sc01,04-30 14:00:00+02:00,CC NG 16,0.0
2030,sc01,04-30 14:00:00+02:00,Biomass 48,0.0
2030,sc01,04-30 14:00:00+02:00,Hydro 28,0.0
2030,sc01,04-30 14:00:00+02:00,Biomass 17,0.0
2030,sc01,04-30 14:00:00+02:00,CT NG 33,0.0
2030,sc01,04-30 14:00:00+02:00,Solar 45,0.0
2030,sc01,04-30 14:00:00+02:00,Hydro 24,0.0
2030,sc01,04-30 14:00:00+02:00,Wind 13,3.4074236856
2030,sc01,04-30 14:00:00+02:00,Biomass 07,0.0
2030,sc01,04-30 14:00:00+02:00,Biomass 34,0.0
2030,sc01,04-30 14:00:00+02:00,Biomass 33,0.0
2030,sc01,04-30 14:00:00+02:00,CT NG 01,0.0
2030,sc01,04-30 14:00:00+02:00,ICE NG 03,0.0
2030,sc01,04-30 14:00:00+02:00,Solar 55,0.0
2030,sc01,04-30 14:00:00+02:00,Solar 11,0.0
2030,sc01,04-30 14:00:00+02:00,CT NG 06,0.0
2030,sc01,04-30 14:00:00+02:00,CT NG 70,0.0
2030,sc01,04-30 14:00:00+02:00,Solar 23,0.0
2030,sc01,04-30 14:00:00+02:00,CT NG 67,0.0
2030,sc01,04-30 14:00:00+02:00,Solar 12,0.0
2030,sc01,04-30 14:00:00+02:00,CT Oil 01,0.0
2030,sc01,04-30 14:00:00+02:00,Hydro 26,0.0
2030,sc01,04-30 14:00:00+02:00,CC NG 22,0.0
2030,sc01,04-30 14:00:00+02:00,CC NG 35,0.0
2030,sc01,04-30 14:00:00+02:00,Biomass 50,0.0
2030,sc01,04-30 14:00:00+02:00,ICE NG 04,0.0
2030,sc01,04-30 14:00:00+02:00,CC NG 39,0.0
2030,sc01,04-30 14:00:00+02:00,Hydro 32,0.0043116479999999995
2030,sc01,04-30 14:00:00+02:00,ICE NG 07,0.0
2030,sc01,04-30 14:00:00+02:00,Biomass 46,0.0
2030,sc01,04-30 14:00:00+02:00,CC NG 38,0.0
2030,sc01,04-30 14:00:00+02:00,CC NG 12,0.0
2030,sc01,04-30 14:00:00+02:00,Solar 57,0.0
2030,sc01,04-30 14:00:00+02:00,CC NG 32,0.0
2030,sc01,04-30 14:00:00+02:00,CC NG 07,0.0
2030,sc01,04-30 14:00:00+02:00,Biomass 44,0.0
2030,sc01,04-30 14:00:00+02:00,CT NG 40,0.0
2030,sc01,04-30 14:00:00+02:00,Solar 74,6.6000000000000005
2030,sc01,04-30 14:00:00+02:00,Hydro 30,0.0
2030,sc01,04-30 14:00:00+02:00,CT NG 42,0.0
2030,sc01,04-30 14:00:00+02:00,Hydro 22,1.17098289
2030,sc01,04-30 14:00:00+02:00,Solar 17,0.0
2030,sc01,04-30 14:00:00+02:00,Solar 38,0.0
2030,sc01,04-30 14:00:00+02:00,CT NG 24,0.0
2030,sc01,04-30 14:00:00+02:00,CC NG 27,0.0
2030,sc01,04-30 14:00:00+02:00,Biomass 21,0.0
2030,sc01,04-30 14:00:00+02:00,ICE NG 06,0.0
2030,sc01,04-30 14:00:00+02:00,Biomass 25,0.0
2030,sc01,04-30 14:00:00+02:00,Solar 27,0.0
2030,sc01,04-30 14:00:00+02:00,CT NG 19,0.0
2030,sc01,04-30 14:00:00+02:00,Biomass 42,0.0
2030,sc01,04-30 14:00:00+02:00,Biomass 19,0.0
2030,sc01,04-30 14:00:00+02:00,Biomass 06,0.0
2030,sc01,04-30 14:00:00+02:00,CT NG 10,0.0
2030,sc01,04-30 14:00:00+02:00,CC NG 40,0.0
2030,sc01,04-30 14:00:00+02:00,CC NG 21,0.0
2030,sc01,04-30 14:00:00+02:00,Biomass 02,0.0
2030,sc01,04-30 14:00:00+02:00,CT NG 46,0.0
2030,sc01,04-30 14:00:00+02:00,Hydro 34,0.0
2030,sc01,04-30 14:00:00+02:00,Biomass 10,0.0
2030,sc01,04-30 14:00:00+02:00,CT NG 17,0.0
2030,sc01,04-30 14:00:00+02:00,Biomass 62,0.0
2030,sc01,04-30 14:00:00+02:00,Biomass 32,0.0
2030,sc01,04-30 14:00:00+02:00,CC NG 19,0.0
2030,sc01,04-30 14:00:00+02:00,CC NG 17,0.0
2030,sc01,04-30 14:00:00+02:00,ST NG 01,0.0
2030,sc01,04-30 14:00:00+02:00,Biomass 45,0.0
2030,sc01,04-30 14:00:00+02:00,Biomass 28,0.0
2030,sc01,04-30 14:00:00+02:00,CC NG 10,0.0
2030,sc01,04-30 14:00:00+02:00,Biomass 23,0.0
2030,sc01,04-30 14:00:00+02:00,ST NG 06,0.0
2030,sc01,04-30 14:00:00+02:00,Wind 10,0.0
2030,sc01,04-30 14:00:00+02:00,CT NG 69,0.0
2030,sc01,04-30 14:00:00+02:00,CT NG 68,0.0
2030,sc01,05-02 18:00:00+02:00,CC NG 13,0.0
2030,sc01,05-02 18:00:00+02:00,CT NG 37,0.0
2030,sc01,05-02 18:00:00+02:00,ST Coal 01,0.0
2030,sc01,05-02 18:00:00+02:00,CT NG 09,0.0
2030,sc01,05-02 18:00:00+02:00,CT NG 47,0.0
2030,sc01,05-02 18:00:00+02:00,Solar 69,0.36364340212
2030,sc01,05-02 18:00:00+02:00,Solar 34,0.32613978140800004
2030,sc01,05-02 18:00:00+02:00,Solar 73,0.0
2030,sc01,05-02 18:00:00+02:00,Biomass 37,0.0289
2030,sc01,05-02 18:00:00+02:00,Hydro 20,1.4334263999999999
2030,sc01,05-02 18:00:00+02:00,Solar 01,1.0031787859399999
2030,sc01,05-02 18:00:00+02:00,Solar 62,0.0
2030,sc01,05-02 18:00:00+02:00,Solar 02,0.15291676109799998
2030,sc01,05-02 18:00:00+02:00,CT NG 26,0.0
2030,sc01,05-02 18:00:00+02:00,Biomass 20,0.012920000000000001
2030,sc01,05-02 18:00:00+02:00,Wind 16,0.0
2030,sc01,05-02 18:00:00+02:00,CT NG 66,0.0
2030,sc01,05-02 18:00:00+02:00,Solar 39,0.004256947152
2030,sc01,05-02 18:00:00+02:00,Biomass 41,0.048620000000000003
2030,sc01,05-02 18:00:00+02:00,Solar 72,0.066106161648
2030,sc01,05-02 18:00:00+02:00,ST NG 03,0.0
2030,sc01,05-02 18:00:00+02:00,Hydro 21,1.4334263999999999
2030,sc01,05-02 18:00:00+02:00,CT NG 03,0.0
2030,sc01,05-02 18:00:00+02:00,CC NG 09,0.0
2030,sc01,05-02 18:00:00+02:00,CT Oil 02,0.0
2030,sc01,05-02 18:00:00+02:00,CT NG 39,0.0
2030,sc01,05-02 18:00:00+02:00,CC NG 08,0.0
2030,sc01,05-02 18:00:00+02:00,Biomass 43,0.08432
2030,sc01,05-02 18:00:00+02:00,CT NG 18,0.0
2030,sc01,05-02 18:00:00+02:00,ST NG 07,0.0
2030,sc01,05-02 18:00:00+02:00,Biomass 35,0.048960000000000004
2030,sc01,05-02 18:00:00+02:00,Solar 32,0.29877279
2030,sc01,05-02 18:00:00+02:00,Biomass 15,0.0071400000000000005
2030,sc01,05-02 18:00:00+02:00,CC NG 31,0.0
2030,sc01,05-02 18:00:00+02:00,Solar 16,0.0
2030,sc01,05-02 18:00:00+02:00,Solar 68,0.270834829248
2030,sc01,05-02 18:00:00+02:00,CT NG 21,0.0
2030,sc01,05-02 18:00:00+02:00,Wind 11,2.22446742636
2030,sc01,05-02 18:00:00+02:00,CC NG 37,0.0
2030,sc01,05-02 18:00:00+02:00,CT NG 22,0.0
2030,sc01,05-02 18:00:00+02:00,Hydro 16,0.00726784
2030,sc01,05-02 18:00:00+02:00,Biomass 59,0.14076000000000002
2030,sc01,05-02 18:00:00+02:00,CC NG 01,0.0
2030,sc01,05-02 18:00:00+02:00,Biomass 16,0.0071400000000000005
2030,sc01,05-02 18:00:00+02:00,Solar 03,0.265024568874
2030,sc01,05-02 18:00:00+02:00,Solar 44,0.004172723168
2030,sc01,05-02 18:00:00+02:00,CT NG 08,0.0
2030,sc01,05-02 18:00:00+02:00,Wind 05,0.063620423824
2030,sc01,05-02 18:00:00+02:00,Biomass 26,0.05814
2030,sc01,05-02 18:00:00+02:00,Solar 37,0.080077291776
2030,sc01,05-02 18:00:00+02:00,Biomass 11,0.01258
2030,sc01,05-02 18:00:00+02:00,Solar 59,0.03193859224
2030,sc01,05-02 18:00:00+02:00,CT NG 11,0.0
2030,sc01,05-02 18:00:00+02:00,Biomass 30,0.05814
2030,sc01,05-02 18:00:00+02:00,Hydro 23,0.0
2030,sc01,05-02 18:00:00+02:00,CC NG 24,0.0
2030,sc01,05-02 18:00:00+02:00,Solar 65,0.25269777894400003
2030,sc01,05-02 18:00:00+02:00,CC NG 18,0.0
2030,sc01,05-02 18:00:00+02:00,CT NG 16,0.0
2030,sc01,05-02 18:00:00+02:00,Solar 51,0.0399977972
2030,sc01,05-02 18:00:00+02:00,Wind 06,3.03438113328
2030,sc01,05-02 18:00:00+02:00,CC NG 26,0.0
2030,sc01,05-02 18:00:00+02:00,CC NG 23,0.0
2030,sc01,05-02 18:00:00+02:00,CT NG 43,0.0
2030,sc01,05-02 18:00:00+02:00,CC NG 11,0.0
2030,sc01,05-02 18:00:00+02:00,CT NG 02,0.0
2030,sc01,05-02 18:00:00+02:00,CT NG 50,0.0
2030,sc01,05-02 18:00:00+02:00,Hydro 27,0.35430720000000004
2030,sc01,05-02 18:00:00+02:00,CT NG 13,0.0
2030,sc01,05-02 18:00:00+02:00,CT NG 25,0.0
2030,sc01,05-02 18:00:00+02:00,CC NG 05,0.0
2030,sc01,05-02 18:00:00+02:00,Solar 04,0.046987653472
2030,sc01,05-02 18:00:00+02:00,Solar 30,0.0
2030,sc01,05-02 18:00:00+02:00,Solar 29,0.0
2030,sc01,05-02 18:00:00+02:00,Solar 53,0.041132761264
2030,sc01,05-02 18:00:00+02:00,Solar 21,0.0
2030,sc01,05-02 18:00:00+02:00,Biomass 58,0.06936
2030,sc01,05-02 18:00:00+02:00,CT NG 74,0.0
2030,sc01,05-02 18:00:00+02:00,Solar 61,0.004019758256
2030,sc01,05-02 18:00:00+02:00,Wind 07,2.1829061683999997
2030,sc01,05-02 18:00:00+02:00,Biomass 31,0.05814
2030,sc01,05-02 18:00:00+02:00,CT Oil 05,0.0
2030,sc01,05-02 18:00:00+02:00,Biomass 38,0.0289
2030,sc01,05-02 18:00:00+02:00,Solar 41,0.004256947152
2030,sc01,05-02 18:00:00+02:00,Biomass 51,0.0068000000000000005
2030,sc01,05-02 18:00:00+02:00,Biomass 55,0.08976
2030,sc01,05-02 18:00:00+02:00,Wind 15,8.1083431812
2030,sc01,05-02 18:00:00+02:00,Geo 01,0.544
2030,sc01,05-02 18:00:00+02:00,Biomass 60,0.0918
2030,sc01,05-02 18:00:00+02:00,CT NG 38,0.0
2030,sc01,05-02 18:00:00+02:00,Solar 66,0.7419836354000001
2030,sc01,05-02 18:00:00+02:00,Solar 49,0.0
2030,sc01,05-02 18:00:00+02:00,CT NG 51,0.0
2030,sc01,05-02 18:00:00+02:00,Biomass 18,0.0071400000000000005
2030,sc01,05-02 18:00:00+02:00,ICE NG 01,0.0
2030,sc01,05-02 18:00:00+02:00,Solar 15,0.0
2030,sc01,05-02 18:00:00+02:00,ICE NG 05,0.0
2030,sc01,05-02 18:00:00+02:00,CT Oil 04,0.0
2030,sc01,05-02 18:00:00+02:00,CC NG 20,0.0
2030,sc01,05-02 18:00:00+02:00,Solar 20,0.0
2030,sc01,05-02 18:00:00+02:00,Biomass 04,0.00884
2030,sc01,05-02 18:00:00+02:00,Wind 02,5.1938849684
2030,sc01,05-02 18:00:00+02:00,Hydro 25,0.35430720000000004
2030,sc01,05-02 18:00:00+02:00,Solar 75,0.38986771738
2030,sc01,05-02 18:00:00+02:00,Hydro 33,0.0
2030,sc01,05-02 18:00:00+02:00,ST NG 05,0.0
2030,sc01,05-02 18:00:00+02:00,CT NG 07,0.0
2030,sc01,05-02 18:00:00+02:00,Wind 01,1.4527322147200001
2030,sc01,05-02 18:00:00+02:00,Solar 56,0.048859803359999995
2030,sc01,05-02 18:00:00+02:00,Biomass 09,0.02924
2030,sc01,05-02 18:00:00+02:00,Biomass 53,0.08976
2030,sc01,05-02 18:00:00+02:00,Wind 17,24.228306872179385
2030,sc01,05-02 18:00:00+02:00,ST NG 08,0.0
2030,sc01,05-02 18:00:00+02:00,Hydro 19,1.8340960000000002
2030,sc01,05-02 18:00:00+02:00,ST NG 02,0.0
2030,sc01,05-02 18:00:00+02:00,Biomass 01,0.03774
2030,sc01,05-02 18:00:00+02:00,Biomass 57,0.06936
2030,sc01,05-02 18:00:00+02:00,CT NG 49,0.0
2030,sc01,05-02 18:00:00+02:00,CT NG 31,0.0
2030,sc01,05-02 18:00:00+02:00,Solar 64,0.0
2030,sc01,05-02 18:00:00+02:00,CC NG 33,0.0
2030,sc01,05-02 18:00:00+02:00,Solar 46,0.004172723168
2030,sc01,05-02 18:00:00+02:00,Biomass 12,0.01258
2030,sc01,05-02 18:00:00+02:00,Wind 04,0.34330132384000006
2030,sc01,05-02 18:00:00+02:00,Solar 13,0.0
2030,sc01,05-02 18:00:00+02:00,CT NG 55,0.0
2030,sc01,05-02 18:00:00+02:00,Wind N03,128.40208338868425
2030,sc01,05-02 18:00:00+02:00,CT NG 28,0.0
2030,sc01,05-02 18:00:00+02:00,Wind 09,1.0043537168
2030,sc01,05-02 18:00:00+02:00,Solar 60,0.040607834992
2030,sc01,05-02 18:00:00+02:00,Solar 25,0.0
2030,sc01,05-02 18:00:00+02:00,CT NG 23,0.0
2030,sc01,05-02 18:00:00+02:00,ST Other 01,0.0
2030,sc01,05-02 18:00:00+02:00,Solar 70,0.43554460156
2030,sc01,05-02 18:00:00+02:00,CC NG 34,0.0
2030,sc01,05-02 18:00:00+02:00,Solar 48,0.004172723168
2030,sc01,05-02 18:00:00+02:00,Biomass 56,0.08908
2030,sc01,05-02 18:00:00+02:00,CT NG 36,0.0
2030,sc01,05-02 18:00:00+02:00,Solar 47,0.004172723168
2030,sc01,05-02 18:00:00+02:00,Hydro 17,0.01226448
2030,sc01,05-02 18:00:00+02:00,Solar 09,0.124403807408
2030,sc01,05-02 18:00:00+02:00,Solar 08,0.024302069024
2030,sc01,05-02 18:00:00+02:00,CT NG 45,0.0
2030,sc01,05-02 18:00:00+02:00,ST NG 04,2.064548
2030,sc01,05-02 18:00:00+02:00,Solar 40,0.004256947152
2030,sc01,05-02 18:00:00+02:00,Biomass 47,0.08432
2030,sc01,05-02 18:00:00+02:00,Solar 50,0.011223379056
2030,sc01,05-02 18:00:00+02:00,Solar 52,0.02545648952
2030,sc01,05-02 18:00:00+02:00,Solar 63,0.283312520256
2030,sc01,05-02 18:00:00+02:00,CC NG 06,0.0
2030,sc01,05-02 18:00:00+02:00,Biomass 39,0.0289
2030,sc01,05-02 18:00:00+02:00,Solar 67,0.188859216832
2030,sc01,05-02 18:00:00+02:00,Solar 19,0.0
2030,sc01,05-02 18:00:00+02:00,Wind 12,13.8163041614
2030,sc01,05-02 18:00:00+02:00,Solar 24,0.0
2030,sc01,05-02 18:00:00+02:00,ICE NG 02,0.0
2030,sc01,05-02 18:00:00+02:00,Solar 05,0.0
2030,sc01,05-02 18:00:00+02:00,CT NG 54,0.0
2030,sc01,05-02 18:00:00+02:00,Wind N01,106.47277154625215
2030,sc01,05-02 18:00:00+02:00,CT NG 27,0.0
2030,sc01,05-02 18:00:00+02:00,CC NG 36,0.0
2030,sc01,05-02 18:00:00+02:00,Wind N02,29.354537109
2030,sc01,05-02 18:00:00+02:00,CT NG 52,0.0
2030,sc01,05-02 18:00:00+02:00,Solar 35,0.111561336384
2030,sc01,05-02 18:00:00+02:00,CT NG 05,0.0
2030,sc01,05-02 18:00:00+02:00,Biomass 36,0.048960000000000004
2030,sc01,05-02 18:00:00+02:00,CT NG 34,0.0
2030,sc01,05-02 18:00:00+02:00,CT Oil 03,0.0
2030,sc01,05-02 18:00:00+02:00,Hydro 35,0.0
2030,sc01,05-02 18:00:00+02:00,Solar 14,0.0
2030,sc01,05-02 18:00:00+02:00,CT NG 75,0.0
2030,sc01,05-02 18:00:00+02:00,ST NG 09,0.0
2030,sc01,05-02 18:00:00+02:00,CT NG 56,0.0
2030,sc01,05-02 18:00:00+02:00,Biomass 22,0.012920000000000001
2030,sc01,05-02 18:00:00+02:00,Solar 18,0.0
2030,sc01,05-02 18:00:00+02:00,Biomass 13,0.01258
2030,sc01,05-02 18:00:00+02:00,CT NG 71,0.0
2030,sc01,05-02 18:00:00+02:00,Solar 58,0.019170462624
2030,sc01,05-02 18:00:00+02:00,Solar 06,0.06949942475200001
2030,sc01,05-02 18:00:00+02:00,Biomass 08,0.02924
2030,sc01,05-02 18:00:00+02:00,CT NG 72,0.0
2030,sc01,05-02 18:00:00+02:00,Hydro 18,0.04224432
2030,sc01,05-02 18:00:00+02:00,Solar 10,0.0
2030,sc01,05-02 18:00:00+02:00,CT NG 04,0.0
2030,sc01,05-02 18:00:00+02:00,ST Other 02,0.0
2030,sc01,05-02 18:00:00+02:00,CT NG 12,0.0
2030,sc01,05-02 18:00:00+02:00,CT NG 48,0.0
2030,sc01,05-02 18:00:00+02:00,ST NG 10,0.0
2030,sc01,05-02 18:00:00+02:00,Solar 22,0.0
2030,sc01,05-02 18:00:00+02:00,Solar 28,0.0
2030,sc01,05-02 18:00:00+02:00,CT NG 73,0.0
2030,sc01,05-02 18:00:00+02:00,Biomass 52,0.068
2030,sc01,05-02 18:00:00+02:00,CT NG 30,0.0
2030,sc01,05-02 18:00:00+02:00,Solar 54,0.022006529376
2030,sc01,05-02 18:00:00+02:00,Solar 31,0.16050551904
2030,sc01,05-02 18:00:00+02:00,Biomass 03,0.00884
2030,sc01,05-02 18:00:00+02:00,CT NG 32,0.0
2030,sc01,05-02 18:00:00+02:00,Biomass 27,0.05814
2030,sc01,05-02 18:00:00+02:00,CC NG 14,0.0
2030,sc01,05-02 18:00:00+02:00,CC NG 03,0.0
2030,sc01,05-02 18:00:00+02:00,CC NG 29,0.0
2030,sc01,05-02 18:00:00+02:00,CC NG 28,0.0
2030,sc01,05-02 18:00:00+02:00,CC NG 25,0.0
2030,sc01,05-02 18:00:00+02:00,CT NG 44,0.0
2030,sc01,05-02 18:00:00+02:00,CT NG 14,0.0
2030,sc01,05-02 18:00:00+02:00,CC NG 15,0.0
2030,sc01,05-02 18:00:00+02:00,CC NG 04,0.0
2030,sc01,05-02 18:00:00+02:00,Biomass 29,0.05814
2030,sc01,05-02 18:00:00+02:00,Wind 14,4.008642459200001
2030,sc01,05-02 18:00:00+02:00,Wind 08,1.07910002808
2030,sc01,05-02 18:00:00+02:00,Biomass 61,0.01564
2030,sc01,05-02 18:00:00+02:00,CT NG 35,0.0
2030,sc01,05-02 18:00:00+02:00,Solar 33,0.21497758516800003
2030,sc01,05-02 18:00:00+02:00,CT NG 41,0.0
2030,sc01,05-02 18:00:00+02:00,CT NG 15,0.0
2030,sc01,05-02 18:00:00+02:00,Solar 42,0.004172723168
2030,sc01,05-02 18:00:00+02:00,Solar 07,0.0
2030,sc01,05-02 18:00:00+02:00,Solar 43,0.004172723168
2030,sc01,05-02 18:00:00+02:00,Biomass 05,0.01632
2030,sc01,05-02 18:00:00+02:00,CT NG 29,0.0
2030,sc01,05-02 18:00:00+02:00,Solar 71,0.270487868768
2030,sc01,05-02 18:00:00+02:00,CT NG 53,0.0
2030,sc01,05-02 18:00:00+02:00,CT NG 20,0.0
2030,sc01,05-02 18:00:00+02:00,Biomass 14,0.02788
2030,sc01,05-02 18:00:00+02:00,Solar 26,0.0
2030,sc01,05-02 18:00:00+02:00,Hydro 29,2.3868
2030,sc01,05-02 18:00:00+02:00,Hydro 31,0.0
2030,sc01,05-02 18:00:00+02:00,Biomass 24,0.01564
2030,sc01,05-02 18:00:00+02:00,Biomass 54,0.08976
2030,sc01,05-02 18:00:00+02:00,Solar 36,0.34667674524000003
2030,sc01,05-02 18:00:00+02:00,Wind 03,0.9104615778
2030,sc01,05-02 18:00:00+02:00,Biomass 40,0.0289
2030,sc01,05-02 18:00:00+02:00,Biomass 49,0.013600000000000001
2030,sc01,05-02 18:00:00+02:00,CC NG 16,0.0
2030,sc01,05-02 18:00:00+02:00,Biomass 48,0.08432
2030,sc01,05-02 18:00:00+02:00,Hydro 28,2.3868
2030,sc01,05-02 18:00:00+02:00,Biomass 17,0.0071400000000000005
2030,sc01,05-02 18:00:00+02:00,CT NG 33,0.0
2030,sc01,05-02 18:00:00+02:00,Solar 45,0.004172723168
2030,sc01,05-02 18:00:00+02:00,Hydro 24,0.0
2030,sc01,05-02 18:00:00+02:00,Wind 13,7.3004231486
2030,sc01,05-02 18:00:00+02:00,Biomass 07,0.068
2030,sc01,05-02 18:00:00+02:00,Biomass 34,0.048960000000000004
2030,sc01,05-02 18:00:00+02:00,Biomass 33,0.048960000000000004
2030,sc01,05-02 18:00:00+02:00,CT NG 01,0.005972136754972851
2030,sc01,05-02 18:00:00+02:00,ICE NG 03,0.0
2030,sc01,05-02 18:00:00+02:00,Solar 55,0.04872819235200001
2030,sc01,05-02 18:00:00+02:00,Solar 11,0.0
2030,sc01,05-02 18:00:00+02:00,CT NG 06,0.0
2030,sc01,05-02 18:00:00+02:00,CT NG 70,0.0
2030,sc01,05-02 18:00:00+02:00,Solar 23,0.0
2030,sc01,05-02 18:00:00+02:00,CT NG 67,0.0
2030,sc01,05-02 18:00:00+02:00,Solar 12,0.0
2030,sc01,05-02 18:00:00+02:00,CT Oil 01,0.0
2030,sc01,05-02 18:00:00+02:00,Hydro 26,0.35430720000000004
2030,sc01,05-02 18:00:00+02:00,CC NG 22,0.0
2030,sc01,05-02 18:00:00+02:00,CC NG 35,0.0
2030,sc01,05-02 18:00:00+02:00,Biomass 50,0.0068000000000000005
2030,sc01,05-02 18:00:00+02:00,ICE NG 04,0.0
2030,sc01,05-02 18:00:00+02:00,CC NG 39,0.0
2030,sc01,05-02 18:00:00+02:00,Hydro 32,0.004360704000000001
2030,sc01,05-02 18:00:00+02:00,ICE NG 07,0.0
2030,sc01,05-02 18:00:00+02:00,Biomass 46,0.020739999999999998
2030,sc01,05-02 18:00:00+02:00,CC NG 38,0.0
2030,sc01,05-02 18:00:00+02:00,CC NG 12,0.0
2030,sc01,05-02 18:00:00+02:00,Solar 57,0.016371576368
2030,sc01,05-02 18:00:00+02:00,CC NG 32,0.0
2030,sc01,05-02 18:00:00+02:00,CC NG 07,0.0
2030,sc01,05-02 18:00:00+02:00,Biomass 44,0.04284
2030,sc01,05-02 18:00:00+02:00,CT NG 40,0.0
2030,sc01,05-02 18:00:00+02:00,Solar 74,0.30838052441599995
2030,sc01,05-02 18:00:00+02:00,Hydro 30,0.0
2030,sc01,05-02 18:00:00+02:00,CT NG 42,0.0
2030,sc01,05-02 18:00:00+02:00,Hydro 22,1.4334263999999999
2030,sc01,05-02 18:00:00+02:00,Solar 17,0.0
2030,sc01,05-02 18:00:00+02:00,Solar 38,0.063936309664
2030,sc01,05-02 18:00:00+02:00,CT NG 24,0.0
2030,sc01,05-02 18:00:00+02:00,CC NG 27,0.0
2030,sc01,05-02 18:00:00+02:00,Biomass 21,0.012920000000000001
2030,sc01,05-02 18:00:00+02:00,ICE NG 06,0.0
2030,sc01,05-02 18:00:00+02:00,Biomass 25,0.01564
2030,sc01,05-02 18:00:00+02:00,Solar 27,0.0
2030,sc01,05-02 18:00:00+02:00,CT NG 19,0.0
2030,sc01,05-02 18:00:00+02:00,Biomass 42,0.048620000000000003
2030,sc01,05-02 18:00:00+02:00,Biomass 19,0.012920000000000001
2030,sc01,05-02 18:00:00+02:00,Biomass 06,0.01632
2030,sc01,05-02 18:00:00+02:00,CT NG 10,0.0
2030,sc01,05-02 18:00:00+02:00,CC NG 40,19.75129251624737
2030,sc01,05-02 18:00:00+02:00,CC NG 21,0.0
2030,sc01,05-02 18:00:00+02:00,Biomass 02,0.03774
2030,sc01,05-02 18:00:00+02:00,CT NG 46,0.0
2030,sc01,05-02 18:00:00+02:00,Hydro 34,0.0
2030,sc01,05-02 18:00:00+02:00,Biomass 10,0.02924
2030,sc01,05-02 18:00:00+02:00,CT NG 17,0.0
2030,sc01,05-02 18:00:00+02:00,Biomass 62,0.06664
2030,sc01,05-02 18:00:00+02:00,Biomass 32,0.04284
2030,sc01,05-02 18:00:00+02:00,CC NG 19,0.0
2030,sc01,05-02 18:00:00+02:00,CC NG 17,0.0
2030,sc01,05-02 18:00:00+02:00,ST NG 01,0.0
2030,sc01,05-02 18:00:00+02:00,Biomass 45,0.04284
2030,sc01,05-02 18:00:00+02:00,Biomass 28,0.05814
2030,sc01,05-02 18:00:00+02:00,CC NG 10,0.0
2030,sc01,05-02 18:00:00+02:00,Biomass 23,0.01564
2030,sc01,05-02 18:00:00+02:00,ST NG 06,0.0
2030,sc01,05-02 18:00:00+02:00,Wind 10,0.9701635541200001
2030,sc01,05-02 18:00:00+02:00,CT NG 69,0.0
2030,sc01,05-02 18:00:00+02:00,CT NG 68,0.0
2030,sc01,05-04 03:00:00+02:00,CC NG 13,0.0
2030,sc01,05-04 03:00:00+02:00,CT NG 37,0.0
2030,sc01,05-04 03:00:00+02:00,ST Coal 01,0.0
2030,sc01,05-04 03:00:00+02:00,CT NG 09,0.0
2030,sc01,05-04 03:00:00+02:00,CT NG 47,0.0
2030,sc01,05-04 03:00:00+02:00,Solar 69,0.0
2030,sc01,05-04 03:00:00+02:00,Solar 34,0.0
2030,sc01,05-04 03:00:00+02:00,Solar 73,0.0
2030,sc01,05-04 03:00:00+02:00,Biomass 37,0.023870000000000002
2030,sc01,05-04 03:00:00+02:00,Hydro 20,0.54411696
2030,sc01,05-04 03:00:00+02:00,Solar 01,0.0
2030,sc01,05-04 03:00:00+02:00,Solar 62,0.0
2030,sc01,05-04 03:00:00+02:00,Solar 02,0.0
2030,sc01,05-04 03:00:00+02:00,CT NG 26,0.0
2030,sc01,05-04 03:00:00+02:00,Biomass 20,0.01085
2030,sc01,05-04 03:00:00+02:00,Wind 16,0.74718806945
2030,sc01,05-04 03:00:00+02:00,CT NG 66,0.0
2030,sc01,05-04 03:00:00+02:00,Solar 39,0.0
2030,sc01,05-04 03:00:00+02:00,Biomass 41,0.041850000000000005
2030,sc01,05-04 03:00:00+02:00,Solar 72,0.0
2030,sc01,05-04 03:00:00+02:00,ST NG 03,0.0
2030,sc01,05-04 03:00:00+02:00,Hydro 21,0.54411696
2030,sc01,05-04 03:00:00+02:00,CT NG 03,0.0
2030,sc01,05-04 03:00:00+02:00,CC NG 09,0.0
2030,sc01,05-04 03:00:00+02:00,CT Oil 02,0.0
2030,sc01,05-04 03:00:00+02:00,CT NG 39,0.0
2030,sc01,05-04 03:00:00+02:00,CC NG 08,0.0
2030,sc01,05-04 03:00:00+02:00,Biomass 43,0.08184
2030,sc01,05-04 03:00:00+02:00,CT NG 18,0.0
2030,sc01,05-04 03:00:00+02:00,ST NG 07,0.0
2030,sc01,05-04 03:00:00+02:00,Biomass 35,0.041850000000000005
2030,sc01,05-04 03:00:00+02:00,Solar 32,0.0
2030,sc01,05-04 03:00:00+02:00,Biomass 15,0.0068200000000000005
2030,sc01,05-04 03:00:00+02:00,CC NG 31,0.0
2030,sc01,05-04 03:00:00+02:00,Solar 16,0.0
2030,sc01,05-04 03:00:00+02:00,Solar 68,0.0
2030,sc01,05-04 03:00:00+02:00,CT NG 21,0.0
2030,sc01,05-04 03:00:00+02:00,Wind 11,1.01156593427
2030,sc01,05-04 03:00:00+02:00,CC NG 37,0.0
2030,sc01,05-04 03:00:00+02:00,CT NG 22,0.0
2030,sc01,05-04 03:00:00+02:00,Hydro 16,0.006725759999999999
2030,sc01,05-04 03:00:00+02:00,Biomass 59,0.12834
2030,sc01,05-04 03:00:00+02:00,CC NG 01,0.0
2030,sc01,05-04 03:00:00+02:00,Biomass 16,0.0068200000000000005
2030,sc01,05-04 03:00:00+02:00,Solar 03,0.0
2030,sc01,05-04 03:00:00+02:00,Solar 44,0.0
2030,sc01,05-04 03:00:00+02:00,CT NG 08,0.0
2030,sc01,05-04 03:00:00+02:00,Wind 05,0.13003786628
2030,sc01,05-04 03:00:00+02:00,Biomass 26,0.05239
2030,sc01,05-04 03:00:00+02:00,Solar 37,0.0
2030,sc01,05-04 03:00:00+02:00,Biomass 11,0.01023
2030,sc01,05-04 03:00:00+02:00,Solar 59,0.0
2030,sc01,05-04 03:00:00+02:00,CT NG 11,0.0
2030,sc01,05-04 03:00:00+02:00,Biomass 30,0.05239
2030,sc01,05-04 03:00:00+02:00,Hydro 23,0.0
2030,sc01,05-04 03:00:00+02:00,CC NG 24,0.0
2030,sc01,05-04 03:00:00+02:00,Solar 65,0.0
2030,sc01,05-04 03:00:00+02:00,CC NG 18,0.0
2030,sc01,05-04 03:00:00+02:00,CT NG 16,0.0
2030,sc01,05-04 03:00:00+02:00,Solar 51,0.0
2030,sc01,05-04 03:00:00+02:00,Wind 06,2.2354169098999996
2030,sc01,05-04 03:00:00+02:00,CC NG 26,0.0
2030,sc01,05-04 03:00:00+02:00,CC NG 23,0.0
2030,sc01,05-04 03:00:00+02:00,CT NG 43,0.0
2030,sc01,05-04 03:00:00+02:00,CC NG 11,0.0
2030,sc01,05-04 03:00:00+02:00,CT NG 02,0.0
2030,sc01,05-04 03:00:00+02:00,CT NG 50,0.0
2030,sc01,05-04 03:00:00+02:00,Hydro 27,0.32788080000000003
2030,sc01,05-04 03:00:00+02:00,CT NG 13,0.0
2030,sc01,05-04 03:00:00+02:00,CT NG 25,0.0
2030,sc01,05-04 03:00:00+02:00,CC NG 05,0.0
2030,sc01,05-04 03:00:00+02:00,Solar 04,0.0
2030,sc01,05-04 03:00:00+02:00,Solar 30,0.0
2030,sc01,05-04 03:00:00+02:00,Solar 29,0.0
2030,sc01,05-04 03:00:00+02:00,Solar 53,0.0
2030,sc01,05-04 03:00:00+02:00,Solar 21,0.0
2030,sc01,05-04 03:00:00+02:00,Biomass 58,0.05673
2030,sc01,05-04 03:00:00+02:00,CT NG 74,0.0
2030,sc01,05-04 03:00:00+02:00,Solar 61,0.0
2030,sc01,05-04 03:00:00+02:00,Wind 07,1.0580528873
2030,sc01,05-04 03:00:00+02:00,Biomass 31,0.05239
2030,sc01,05-04 03:00:00+02:00,CT Oil 05,0.0
2030,sc01,05-04 03:00:00+02:00,Biomass 38,0.023870000000000002
2030,sc01,05-04 03:00:00+02:00,Solar 41,0.0
2030,sc01,05-04 03:00:00+02:00,Biomass 51,0.00589
2030,sc01,05-04 03:00:00+02:00,Biomass 55,0.07378
2030,sc01,05-04 03:00:00+02:00,Wind 15,0.22973498823199998
2030,sc01,05-04 03:00:00+02:00,Geo 01,0.496
2030,sc01,05-04 03:00:00+02:00,Biomass 60,0.08370000000000001
2030,sc01,05-04 03:00:00+02:00,CT NG 38,0.0
2030,sc01,05-04 03:00:00+02:00,Solar 66,0.0
2030,sc01,05-04 03:00:00+02:00,Solar 49,0.0
2030,sc01,05-04 03:00:00+02:00,CT NG 51,0.0
2030,sc01,05-04 03:00:00+02:00,Biomass 18,0.0068200000000000005
2030,sc01,05-04 03:00:00+02:00,ICE NG 01,0.0
2030,sc01,05-04 03:00:00+02:00,Solar 15,0.0
2030,sc01,05-04 03:00:00+02:00,ICE NG 05,0.0
2030,sc01,05-04 03:00:00+02:00,CT Oil 04,0.0
2030,sc01,05-04 03:00:00+02:00,CC NG 20,0.0
2030,sc01,05-04 03:00:00+02:00,Solar 20,0.0
2030,sc01,05-04 03:00:00+02:00,Biomass 04,0.00775
2030,sc01,05-04 03:00:00+02:00,Wind 02,3.02705223592
2030,sc01,05-04 03:00:00+02:00,Hydro 25,0.32788080000000003
2030,sc01,05-04 03:00:00+02:00,Solar 75,0.0
2030,sc01,05-04 03:00:00+02:00,Hydro 33,0.0
2030,sc01,05-04 03:00:00+02:00,ST NG 05,0.0
2030,sc01,05-04 03:00:00+02:00,CT NG 07,0.0
2030,sc01,05-04 03:00:00+02:00,Wind 01,0.72652278652
2030,sc01,05-04 03:00:00+02:00,Solar 56,0.0
2030,sc01,05-04 03:00:00+02:00,Biomass 09,0.02294
2030,sc01,05-04 03:00:00+02:00,Biomass 53,0.07378
2030,sc01,05-04 03:00:00+02:00,Wind 17,2.8297001748
2030,sc01,05-04 03:00:00+02:00,ST NG 08,0.0
2030,sc01,05-04 03:00:00+02:00,Hydro 19,1.680107
2030,sc01,05-04 03:00:00+02:00,ST NG 02,0.0
2030,sc01,05-04 03:00:00+02:00,Biomass 01,0.031
2030,sc01,05-04 03:00:00+02:00,Biomass 57,0.05673
2030,sc01,05-04 03:00:00+02:00,CT NG 49,0.0
2030,sc01,05-04 03:00:00+02:00,CT NG 31,0.0
2030,sc01,05-04 03:00:00+02:00,Solar 64,0.0
2030,sc01,05-04 03:00:00+02:00,CC NG 33,0.0
2030,sc01,05-04 03:00:00+02:00,Solar 46,0.0
2030,sc01,05-04 03:00:00+02:00,Biomass 12,0.01023
2030,sc01,05-04 03:00:00+02:00,Wind 04,0.92480053151
2030,sc01,05-04 03:00:00+02:00,Solar 13,0.0
2030,sc01,05-04 03:00:00+02:00,CT NG 55,0.0
2030,sc01,05-04 03:00:00+02:00,Wind N03,66.95795482598302
2030,sc01,05-04 03:00:00+02:00,CT NG 28,0.0
2030,sc01,05-04 03:00:00+02:00,Wind 09,2.1923328429899995
2030,sc01,05-04 03:00:00+02:00,Solar 60,0.0
2030,sc01,05-04 03:00:00+02:00,Solar 25,0.0
2030,sc01,05-04 03:00:00+02:00,CT NG 23,0.0
2030,sc01,05-04 03:00:00+02:00,ST Other 01,0.0
2030,sc01,05-04 03:00:00+02:00,Solar 70,0.0
2030,sc01,05-04 03:00:00+02:00,CC NG 34,20.6331691
2030,sc01,05-04 03:00:00+02:00,Solar 48,0.0
2030,sc01,05-04 03:00:00+02:00,Biomass 56,0.06448000000000001
2030,sc01,05-04 03:00:00+02:00,CT NG 36,0.0
2030,sc01,05-04 03:00:00+02:00,Solar 47,0.0
2030,sc01,05-04 03:00:00+02:00,Hydro 17,0.01134972
2030,sc01,05-04 03:00:00+02:00,Solar 09,0.0
2030,sc01,05-04 03:00:00+02:00,Solar 08,0.0
2030,sc01,05-04 03:00:00+02:00,CT NG 45,0.0
2030,sc01,05-04 03:00:00+02:00,ST NG 04,1.882382
2030,sc01,05-04 03:00:00+02:00,Solar 40,0.0
2030,sc01,05-04 03:00:00+02:00,Biomass 47,0.07409
2030,sc01,05-04 03:00:00+02:00,Solar 50,0.0
2030,sc01,05-04 03:00:00+02:00,Solar 52,0.0
2030,sc01,05-04 03:00:00+02:00,Solar 63,0.0
2030,sc01,05-04 03:00:00+02:00,CC NG 06,0.0
2030,sc01,05-04 03:00:00+02:00,Biomass 39,0.023870000000000002
2030,sc01,05-04 03:00:00+02:00,Solar 67,0.0
2030,sc01,05-04 03:00:00+02:00,Solar 19,0.0
2030,sc01,05-04 03:00:00+02:00,Wind 12,13.8053509682
2030,sc01,05-04 03:00:00+02:00,Solar 24,0.0
2030,sc01,05-04 03:00:00+02:00,ICE NG 02,0.0
2030,sc01,05-04 03:00:00+02:00,Solar 05,0.0
2030,sc01,05-04 03:00:00+02:00,CT NG 54,0.0
2030,sc01,05-04 03:00:00+02:00,Wind N01,104.115061919837
2030,sc01,05-04 03:00:00+02:00,CT NG 27,0.0
2030,sc01,05-04 03:00:00+02:00,CC NG 36,0.9050818638828647
2030,sc01,05-04 03:00:00+02:00,Wind N02,2.32191967911
2030,sc01,05-04 03:00:00+02:00,CT NG 52,0.0
2030,sc01,05-04 03:00:00+02:00,Solar 35,0.0
2030,sc01,05-04 03:00:00+02:00,CT NG 05,0.0
2030,sc01,05-04 03:00:00+02:00,Biomass 36,0.041850000000000005
2030,sc01,05-04 03:00:00+02:00,CT NG 34,0.0
2030,sc01,05-04 03:00:00+02:00,CT Oil 03,0.0
2030,sc01,05-04 03:00:00+02:00,Hydro 35,0.0
2030,sc01,05-04 03:00:00+02:00,Solar 14,0.0
2030,sc01,05-04 03:00:00+02:00,CT NG 75,0.0
2030,sc01,05-04 03:00:00+02:00,ST NG 09,0.0
2030,sc01,05-04 03:00:00+02:00,CT NG 56,0.0
2030,sc01,05-04 03:00:00+02:00,Biomass 22,0.01085
2030,sc01,05-04 03:00:00+02:00,Solar 18,0.0
2030,sc01,05-04 03:00:00+02:00,Biomass 13,0.01023
2030,sc01,05-04 03:00:00+02:00,CT NG 71,0.0
2030,sc01,05-04 03:00:00+02:00,Solar 58,0.0
2030,sc01,05-04 03:00:00+02:00,Solar 06,0.0
2030,sc01,05-04 03:00:00+02:00,Biomass 08,0.02294
2030,sc01,05-04 03:00:00+02:00,CT NG 72,0.0
2030,sc01,05-04 03:00:00+02:00,Hydro 18,0.03909348
2030,sc01,05-04 03:00:00+02:00,Solar 10,0.0
2030,sc01,05-04 03:00:00+02:00,CT NG 04,0.0
2030,sc01,05-04 03:00:00+02:00,ST Other 02,0.0
2030,sc01,05-04 03:00:00+02:00,CT NG 12,0.0
2030,sc01,05-04 03:00:00+02:00,CT NG 48,0.0
2030,sc01,05-04 03:00:00+02:00,ST NG 10,0.0
2030,sc01,05-04 03:00:00+02:00,Solar 22,0.0
2030,sc01,05-04 03:00:00+02:00,Solar 28,0.0
2030,sc01,05-04 03:00:00+02:00,CT NG 73,0.0
2030,sc01,05-04 03:00:00+02:00,Biomass 52,0.05704
2030,sc01,05-04 03:00:00+02:00,CT NG 30,0.0
2030,sc01,05-04 03:00:00+02:00,Solar 54,0.0
2030,sc01,05-04 03:00:00+02:00,Solar 31,0.0
2030,sc01,05-04 03:00:00+02:00,Biomass 03,0.00775
2030,sc01,05-04 03:00:00+02:00,CT NG 32,0.0
2030,sc01,05-04 03:00:00+02:00,Biomass 27,0.05239
2030,sc01,05-04 03:00:00+02:00,CC NG 14,0.0
2030,sc01,05-04 03:00:00+02:00,CC NG 03,0.0
2030,sc01,05-04 03:00:00+02:00,CC NG 29,0.0
2030,sc01,05-04 03:00:00+02:00,CC NG 28,0.0
2030,sc01,05-04 03:00:00+02:00,CC NG 25,0.0
2030,sc01,05-04 03:00:00+02:00,CT NG 44,0.0
2030,sc01,05-04 03:00:00+02:00,CT NG 14,0.0
2030,sc01,05-04 03:00:00+02:00,CC NG 15,0.0
2030,sc01,05-04 03:00:00+02:00,CC NG 04,0.0
2030,sc01,05-04 03:00:00+02:00,Biomass 29,0.05239
2030,sc01,05-04 03:00:00+02:00,Wind 14,0.31708031289
2030,sc01,05-04 03:00:00+02:00,Wind 08,2.11685731628
2030,sc01,05-04 03:00:00+02:00,Biomass 61,0.012709999999999999
2030,sc01,05-04 03:00:00+02:00,CT NG 35,0.0
2030,sc01,05-04 03:00:00+02:00,Solar 33,0.0
2030,sc01,05-04 03:00:00+02:00,CT NG 41,0.0
2030,sc01,05-04 03:00:00+02:00,CT NG 15,0.0
2030,sc01,05-04 03:00:00+02:00,Solar 42,0.0
2030,sc01,05-04 03:00:00+02:00,Solar 07,0.0
2030,sc01,05-04 03:00:00+02:00,Solar 43,0.0
2030,sc01,05-04 03:00:00+02:00,Biomass 05,0.013640000000000001
2030,sc01,05-04 03:00:00+02:00,CT NG 29,0.0
2030,sc01,05-04 03:00:00+02:00,Solar 71,0.0
2030,sc01,05-04 03:00:00+02:00,CT NG 53,0.0
2030,sc01,05-04 03:00:00+02:00,CT NG 20,0.0
2030,sc01,05-04 03:00:00+02:00,Biomass 14,0.022629999999999997
2030,sc01,05-04 03:00:00+02:00,Solar 26,0.0
2030,sc01,05-04 03:00:00+02:00,Hydro 29,0.83979
2030,sc01,05-04 03:00:00+02:00,Hydro 31,0.0
2030,sc01,05-04 03:00:00+02:00,Biomass 24,0.013640000000000001
2030,sc01,05-04 03:00:00+02:00,Biomass 54,0.07378
2030,sc01,05-04 03:00:00+02:00,Solar 36,0.0
2030,sc01,05-04 03:00:00+02:00,Wind 03,1.7392079593600003
2030,sc01,05-04 03:00:00+02:00,Biomass 40,0.023870000000000002
2030,sc01,05-04 03:00:00+02:00,Biomass 49,0.01085
2030,sc01,05-04 03:00:00+02:00,CC NG 16,0.0
2030,sc01,05-04 03:00:00+02:00,Biomass 48,0.07409
2030,sc01,05-04 03:00:00+02:00,Hydro 28,0.83979
2030,sc01,05-04 03:00:00+02:00,Biomass 17,0.0068200000000000005
2030,sc01,05-04 03:00:00+02:00,CT NG 33,0.0
2030,sc01,05-04 03:00:00+02:00,Solar 45,0.0
2030,sc01,05-04 03:00:00+02:00,Hydro 24,0.0
2030,sc01,05-04 03:00:00+02:00,Wind 13,6.4909977967
2030,sc01,05-04 03:00:00+02:00,Biomass 07,0.062
2030,sc01,05-04 03:00:00+02:00,Biomass 34,0.041850000000000005
2030,sc01,05-04 03:00:00+02:00,Biomass 33,0.041850000000000005
2030,sc01,05-04 03:00:00+02:00,CT NG 01,0.0
2030,sc01,05-04 03:00:00+02:00,ICE NG 03,0.0
2030,sc01,05-04 03:00:00+02:00,Solar 55,0.0
2030,sc01,05-04 03:00:00+02:00,Solar 11,0.0
2030,sc01,05-04 03:00:00+02:00,CT NG 06,0.0
2030,sc01,05-04 03:00:00+02:00,CT NG 70,0.0
2030,sc01,05-04 03:00:00+02:00,Solar 23,0.0
2030,sc01,05-04 03:00:00+02:00,CT NG 67,0.0
2030,sc01,05-04 03:00:00+02:00,Solar 12,0.0
2030,sc01,05-04 03:00:00+02:00,CT Oil 01,0.0
2030,sc01,05-04 03:00:00+02:00,Hydro 26,0.32788080000000003
2030,sc01,05-04 03:00:00+02:00,CC NG 22,0.0
2030,sc01,05-04 03:00:00+02:00,CC NG 35,0.0
2030,sc01,05-04 03:00:00+02:00,Biomass 50,0.00589
2030,sc01,05-04 03:00:00+02:00,ICE NG 04,0.0
2030,sc01,05-04 03:00:00+02:00,CC NG 39,0.0
2030,sc01,05-04 03:00:00+02:00,Hydro 32,0.004035456
2030,sc01,05-04 03:00:00+02:00,ICE NG 07,0.0
2030,sc01,05-04 03:00:00+02:00,Biomass 46,0.01798
2030,sc01,05-04 03:00:00+02:00,CC NG 38,0.0
2030,sc01,05-04 03:00:00+02:00,CC NG 12,0.0
2030,sc01,05-04 03:00:00+02:00,Solar 57,0.0
2030,sc01,05-04 03:00:00+02:00,CC NG 32,0.0
2030,sc01,05-04 03:00:00+02:00,CC NG 07,0.0
2030,sc01,05-04 03:00:00+02:00,Biomass 44,0.03472
2030,sc01,05-04 03:00:00+02:00,CT NG 40,0.0
2030,sc01,05-04 03:00:00+02:00,Solar 74,0.0
2030,sc01,05-04 03:00:00+02:00,Hydro 30,0.0
2030,sc01,05-04 03:00:00+02:00,CT NG 42,0.0
2030,sc01,05-04 03:00:00+02:00,Hydro 22,0.54411696
2030,sc01,05-04 03:00:00+02:00,Solar 17,0.0
2030,sc01,05-04 03:00:00+02:00,Solar 38,0.0
2030,sc01,05-04 03:00:00+02:00,CT NG 24,0.0
2030,sc01,05-04 03:00:00+02:00,CC NG 27,0.0
2030,sc01,05-04 03:00:00+02:00,Biomass 21,0.01085
2030,sc01,05-04 03:00:00+02:00,ICE NG 06,0.0
2030,sc01,05-04 03:00:00+02:00,Biomass 25,0.013640000000000001
2030,sc01,05-04 03:00:00+02:00,Solar 27,0.0
2030,sc01,05-04 03:00:00+02:00,CT NG 19,0.0
2030,sc01,05-04 03:00:00+02:00,Biomass 42,0.041850000000000005
2030,sc01,05-04 03:00:00+02:00,Biomass 19,0.01085
2030,sc01,05-04 03:00:00+02:00,Biomass 06,0.013640000000000001
2030,sc01,05-04 03:00:00+02:00,CT NG 10,0.0
2030,sc01,05-04 03:00:00+02:00,CC NG 40,22.5157247
2030,sc01,05-04 03:00:00+02:00,CC NG 21,0.0
2030,sc01,05-04 03:00:00+02:00,Biomass 02,0.031
2030,sc01,05-04 03:00:00+02:00,CT NG 46,0.0
2030,sc01,05-04 03:00:00+02:00,Hydro 34,0.0
2030,sc01,05-04 03:00:00+02:00,Biomass 10,0.02294
2030,sc01,05-04 03:00:00+02:00,CT NG 17,0.0
2030,sc01,05-04 03:00:00+02:00,Biomass 62,0.045259999999999995
2030,sc01,05-04 03:00:00+02:00,Biomass 32,0.03689
2030,sc01,05-04 03:00:00+02:00,CC NG 19,0.0
2030,sc01,05-04 03:00:00+02:00,CC NG 17,0.0
2030,sc01,05-04 03:00:00+02:00,ST NG 01,0.0
2030,sc01,05-04 03:00:00+02:00,Biomass 45,0.03472
2030,sc01,05-04 03:00:00+02:00,Biomass 28,0.05239
2030,sc01,05-04 03:00:00+02:00,CC NG 10,0.0
2030,sc01,05-04 03:00:00+02:00,Biomass 23,0.013640000000000001
2030,sc01,05-04 03:00:00+02:00,ST NG 06,0.0
2030,sc01,05-04 03:00:00+02:00,Wind 10,2.11100478071
2030,sc01,05-04 03:00:00+02:00,CT NG 69,0.0
2030,sc01,05-04 03:00:00+02:00,CT NG 68,0.0
2030,sc01,05-04 07:00:00+02:00,CC NG 13,0.0
2030,sc01,05-04 07:00:00+02:00,CT NG 37,0.0
2030,sc01,05-04 07:00:00+02:00,ST Coal 01,0.0
2030,sc01,05-04 07:00:00+02:00,CT NG 09,0.0
2030,sc01,05-04 07:00:00+02:00,CT NG 47,0.0
2030,sc01,05-04 07:00:00+02:00,Solar 69,18.11764021
2030,sc01,05-04 07:00:00+02:00,Solar 34,10.643620735
2030,sc01,05-04 07:00:00+02:00,Solar 73,0.0
2030,sc01,05-04 07:00:00+02:00,Biomass 37,0.0
2030,sc01,05-04 07:00:00+02:00,Hydro 20,0.43826625
2030,sc01,05-04 07:00:00+02:00,Solar 01,5.7611354975
2030,sc01,05-04 07:00:00+02:00,Solar 62,0.0
2030,sc01,05-04 07:00:00+02:00,Solar 02,1.8188538387500002
2030,sc01,05-04 07:00:00+02:00,CT NG 26,0.0
2030,sc01,05-04 07:00:00+02:00,Biomass 20,0.0
2030,sc01,05-04 07:00:00+02:00,Wind 16,0.3942447515
2030,sc01,05-04 07:00:00+02:00,CT NG 66,0.0
2030,sc01,05-04 07:00:00+02:00,Solar 39,0.0
2030,sc01,05-04 07:00:00+02:00,Biomass 41,0.0
2030,sc01,05-04 07:00:00+02:00,Solar 72,0.0
2030,sc01,05-04 07:00:00+02:00,ST NG 03,0.0
2030,sc01,05-04 07:00:00+02:00,Hydro 21,0.43826625
2030,sc01,05-04 07:00:00+02:00,CT NG 03,0.0
2030,sc01,05-04 07:00:00+02:00,CC NG 09,0.0
2030,sc01,05-04 07:00:00+02:00,CT Oil 02,0.0
2030,sc01,05-04 07:00:00+02:00,CT NG 39,0.0
2030,sc01,05-04 07:00:00+02:00,CC NG 08,0.0
2030,sc01,05-04 07:00:00+02:00,Biomass 43,0.0
2030,sc01,05-04 07:00:00+02:00,CT NG 18,0.0
2030,sc01,05-04 07:00:00+02:00,ST NG 07,0.0
2030,sc01,05-04 07:00:00+02:00,Biomass 35,0.0
2030,sc01,05-04 07:00:00+02:00,Solar 32,0.0
2030,sc01,05-04 07:00:00+02:00,Biomass 15,0.0
2030,sc01,05-04 07:00:00+02:00,CC NG 31,0.0
2030,sc01,05-04 07:00:00+02:00,Solar 16,0.0
2030,sc01,05-04 07:00:00+02:00,Solar 68,4.652040335772833
2030,sc01,05-04 07:00:00+02:00,CT NG 21,0.0
2030,sc01,05-04 07:00:00+02:00,Wind 11,0.4548445280000001
2030,sc01,05-04 07:00:00+02:00,CC NG 37,0.0
2030,sc01,05-04 07:00:00+02:00,CT NG 22,0.0
2030,sc01,05-04 07:00:00+02:00,Hydro 16,0.005358000000000001
2030,sc01,05-04 07:00:00+02:00,Biomass 59,0.0
2030,sc01,05-04 07:00:00+02:00,CC NG 01,0.0
2030,sc01,05-04 07:00:00+02:00,Biomass 16,0.0
2030,sc01,05-04 07:00:00+02:00,Solar 03,0.0
2030,sc01,05-04 07:00:00+02:00,Solar 44,0.0
2030,sc01,05-04 07:00:00+02:00,CT NG 08,0.0
2030,sc01,05-04 07:00:00+02:00,Wind 05,0.0595123776
2030,sc01,05-04 07:00:00+02:00,Biomass 26,0.0
2030,sc01,05-04 07:00:00+02:00,Solar 37,0.0
2030,sc01,05-04 07:00:00+02:00,Biomass 11,0.0
2030,sc01,05-04 07:00:00+02:00,Solar 59,0.0
2030,sc01,05-04 07:00:00+02:00,CT NG 11,0.0
2030,sc01,05-04 07:00:00+02:00,Biomass 30,0.0
2030,sc01,05-04 07:00:00+02:00,Hydro 23,0.0
2030,sc01,05-04 07:00:00+02:00,CC NG 24,0.0
2030,sc01,05-04 07:00:00+02:00,Solar 65,8.4562847025
2030,sc01,05-04 07:00:00+02:00,CC NG 18,0.0
2030,sc01,05-04 07:00:00+02:00,CT NG 16,0.0
2030,sc01,05-04 07:00:00+02:00,Solar 51,0.0
2030,sc01,05-04 07:00:00+02:00,Wind 06,1.3746840425
2030,sc01,05-04 07:00:00+02:00,CC NG 26,0.0
2030,sc01,05-04 07:00:00+02:00,CC NG 23,0.0
2030,sc01,05-04 07:00:00+02:00,CT NG 43,0.0
2030,sc01,05-04 07:00:00+02:00,CC NG 11,0.0
2030,sc01,05-04 07:00:00+02:00,CT NG 02,0.0
2030,sc01,05-04 07:00:00+02:00,CT NG 50,0.0
2030,sc01,05-04 07:00:00+02:00,Hydro 27,0.0
2030,sc01,05-04 07:00:00+02:00,CT NG 13,0.0
2030,sc01,05-04 07:00:00+02:00,CT NG 25,0.0
2030,sc01,05-04 07:00:00+02:00,CC NG 05,0.0
2030,sc01,05-04 07:00:00+02:00,Solar 04,0.28200227325
2030,sc01,05-04 07:00:00+02:00,Solar 30,0.0
2030,sc01,05-04 07:00:00+02:00,Solar 29,0.0
2030,sc01,05-04 07:00:00+02:00,Solar 53,0.0
2030,sc01,05-04 07:00:00+02:00,Solar 21,0.0
2030,sc01,05-04 07:00:00+02:00,Biomass 58,0.0
2030,sc01,05-04 07:00:00+02:00,CT NG 74,0.0
2030,sc01,05-04 07:00:00+02:00,Solar 61,0.0
2030,sc01,05-04 07:00:00+02:00,Wind 07,0.5056041010000001
2030,sc01,05-04 07:00:00+02:00,Biomass 31,0.0
2030,sc01,05-04 07:00:00+02:00,CT Oil 05,0.0
2030,sc01,05-04 07:00:00+02:00,Biomass 38,0.0
2030,sc01,05-04 07:00:00+02:00,Solar 41,0.0
2030,sc01,05-04 07:00:00+02:00,Biomass 51,0.0
2030,sc01,05-04 07:00:00+02:00,Biomass 55,0.0
2030,sc01,05-04 07:00:00+02:00,Wind 15,0.573394375
2030,sc01,05-04 07:00:00+02:00,Geo 01,0.0
2030,sc01,05-04 07:00:00+02:00,Biomass 60,0.0
2030,sc01,05-04 07:00:00+02:00,CT NG 38,0.0
2030,sc01,05-04 07:00:00+02:00,Solar 66,11.412484817381547
2030,sc01,05-04 07:00:00+02:00,Solar 49,0.0
2030,sc01,05-04 07:00:00+02:00,CT NG 51,0.0
2030,sc01,05-04 07:00:00+02:00,Biomass 18,0.0
2030,sc01,05-04 07:00:00+02:00,ICE NG 01,0.0
2030,sc01,05-04 07:00:00+02:00,Solar 15,0.0
2030,sc01,05-04 07:00:00+02:00,ICE NG 05,0.0
2030,sc01,05-04 07:00:00+02:00,CT Oil 04,0.0
2030,sc01,05-04 07:00:00+02:00,CC NG 20,0.0
2030,sc01,05-04 07:00:00+02:00,Solar 20,0.0
2030,sc01,05-04 07:00:00+02:00,Biomass 04,0.0
2030,sc01,05-04 07:00:00+02:00,Wind 02,1.47126972325
2030,sc01,05-04 07:00:00+02:00,Hydro 25,0.2612025
2030,sc01,05-04 07:00:00+02:00,Solar 75,0.0
2030,sc01,05-04 07:00:00+02:00,Hydro 33,0.0
2030,sc01,05-04 07:00:00+02:00,ST NG 05,0.0
2030,sc01,05-04 07:00:00+02:00,CT NG 07,0.0
2030,sc01,05-04 07:00:00+02:00,Wind 01,0.3624270435
2030,sc01,05-04 07:00:00+02:00,Solar 56,0.0
2030,sc01,05-04 07:00:00+02:00,Biomass 09,0.0
2030,sc01,05-04 07:00:00+02:00,Biomass 53,0.0
2030,sc01,05-04 07:00:00+02:00,Wind 17,1.8442697634999998
2030,sc01,05-04 07:00:00+02:00,ST NG 08,0.0
2030,sc01,05-04 07:00:00+02:00,Hydro 19,0.0
2030,sc01,05-04 07:00:00+02:00,ST NG 02,0.0
2030,sc01,05-04 07:00:00+02:00,Biomass 01,0.0
2030,sc01,05-04 07:00:00+02:00,Biomass 57,0.0
2030,sc01,05-04 07:00:00+02:00,CT NG 49,0.0
2030,sc01,05-04 07:00:00+02:00,CT NG 31,0.0
2030,sc01,05-04 07:00:00+02:00,Solar 64,0.0
2030,sc01,05-04 07:00:00+02:00,CC NG 33,0.0
2030,sc01,05-04 07:00:00+02:00,Solar 46,0.0
2030,sc01,05-04 07:00:00+02:00,Biomass 12,0.0
2030,sc01,05-04 07:00:00+02:00,Wind 04,0.664410236
2030,sc01,05-04 07:00:00+02:00,Solar 13,0.0
2030,sc01,05-04 07:00:00+02:00,CT NG 55,0.0
2030,sc01,05-04 07:00:00+02:00,Wind N03,69.55089692616725
2030,sc01,05-04 07:00:00+02:00,CT NG 28,0.0
2030,sc01,05-04 07:00:00+02:00,Wind 09,1.06919156725
2030,sc01,05-04 07:00:00+02:00,Solar 60,0.0
2030,sc01,05-04 07:00:00+02:00,Solar 25,0.0
2030,sc01,05-04 07:00:00+02:00,CT NG 23,0.0
2030,sc01,05-04 07:00:00+02:00,ST Other 01,0.0
2030,sc01,05-04 07:00:00+02:00,Solar 70,11.71775969
2030,sc01,05-04 07:00:00+02:00,CC NG 34,0.0
2030,sc01,05-04 07:00:00+02:00,Solar 48,0.0
2030,sc01,05-04 07:00:00+02:00,Biomass 56,0.0
2030,sc01,05-04 07:00:00+02:00,CT NG 36,0.0
2030,sc01,05-04 07:00:00+02:00,Solar 47,0.0
2030,sc01,05-04 07:00:00+02:00,Hydro 17,0.0
2030,sc01,05-04 07:00:00+02:00,Solar 09,0.0
2030,sc01,05-04 07:00:00+02:00,Solar 08,0.0
2030,sc01,05-04 07:00:00+02:00,CT NG 45,0.0
2030,sc01,05-04 07:00:00+02:00,ST NG 04,0.0
2030,sc01,05-04 07:00:00+02:00,Solar 40,0.0
2030,sc01,05-04 07:00:00+02:00,Biomass 47,0.0
2030,sc01,05-04 07:00:00+02:00,Solar 50,0.0
2030,sc01,05-04 07:00:00+02:00,Solar 52,0.0
2030,sc01,05-04 07:00:00+02:00,Solar 63,9.480777159999999
2030,sc01,05-04 07:00:00+02:00,CC NG 06,0.0
2030,sc01,05-04 07:00:00+02:00,Biomass 39,0.0
2030,sc01,05-04 07:00:00+02:00,Solar 67,6.319989487499999
2030,sc01,05-04 07:00:00+02:00,Solar 19,0.0
2030,sc01,05-04 07:00:00+02:00,Wind 12,9.5444748025
2030,sc01,05-04 07:00:00+02:00,Solar 24,0.0
2030,sc01,05-04 07:00:00+02:00,ICE NG 02,0.0
2030,sc01,05-04 07:00:00+02:00,Solar 05,0.0
2030,sc01,05-04 07:00:00+02:00,CT NG 54,0.0
2030,sc01,05-04 07:00:00+02:00,Wind N01,81.44192796014664
2030,sc01,05-04 07:00:00+02:00,CT NG 27,0.0
2030,sc01,05-04 07:00:00+02:00,CC NG 36,0.0
2030,sc01,05-04 07:00:00+02:00,Wind N02,4.085950455
2030,sc01,05-04 07:00:00+02:00,CT NG 52,0.0
2030,sc01,05-04 07:00:00+02:00,Solar 35,0.0
2030,sc01,05-04 07:00:00+02:00,CT NG 05,0.0
2030,sc01,05-04 07:00:00+02:00,Biomass 36,0.0
2030,sc01,05-04 07:00:00+02:00,CT NG 34,0.0
2030,sc01,05-04 07:00:00+02:00,CT Oil 03,0.0
2030,sc01,05-04 07:00:00+02:00,Hydro 35,0.0
2030,sc01,05-04 07:00:00+02:00,Solar 14,0.0
2030,sc01,05-04 07:00:00+02:00,CT NG 75,0.0
2030,sc01,05-04 07:00:00+02:00,ST NG 09,0.0
2030,sc01,05-04 07:00:00+02:00,CT NG 56,0.0
2030,sc01,05-04 07:00:00+02:00,Biomass 22,0.0
2030,sc01,05-04 07:00:00+02:00,Solar 18,0.0
2030,sc01,05-04 07:00:00+02:00,Biomass 13,0.0
2030,sc01,05-04 07:00:00+02:00,CT NG 71,0.0
2030,sc01,05-04 07:00:00+02:00,Solar 58,0.0
2030,sc01,05-04 07:00:00+02:00,Solar 06,0.0
2030,sc01,05-04 07:00:00+02:00,Biomass 08,0.0
2030,sc01,05-04 07:00:00+02:00,CT NG 72,0.0
2030,sc01,05-04 07:00:00+02:00,Hydro 18,0.0
2030,sc01,05-04 07:00:00+02:00,Solar 10,0.0
2030,sc01,05-04 07:00:00+02:00,CT NG 04,0.0
2030,sc01,05-04 07:00:00+02:00,ST Other 02,0.0
2030,sc01,05-04 07:00:00+02:00,CT NG 12,0.0
2030,sc01,05-04 07:00:00+02:00,CT NG 48,0.0
2030,sc01,05-04 07:00:00+02:00,ST NG 10,0.0
2030,sc01,05-04 07:00:00+02:00,Solar 22,0.0
2030,sc01,05-04 07:00:00+02:00,Solar 28,0.0
2030,sc01,05-04 07:00:00+02:00,CT NG 73,0.0
2030,sc01,05-04 07:00:00+02:00,Biomass 52,0.0
2030,sc01,05-04 07:00:00+02:00,CT NG 30,0.0
2030,sc01,05-04 07:00:00+02:00,Solar 54,0.0
2030,sc01,05-04 07:00:00+02:00,Solar 31,0.0
2030,sc01,05-04 07:00:00+02:00,Biomass 03,0.0
2030,sc01,05-04 07:00:00+02:00,CT NG 32,0.0
2030,sc01,05-04 07:00:00+02:00,Biomass 27,0.0
2030,sc01,05-04 07:00:00+02:00,CC NG 14,0.0
2030,sc01,05-04 07:00:00+02:00,CC NG 03,0.0
2030,sc01,05-04 07:00:00+02:00,CC NG 29,0.0
2030,sc01,05-04 07:00:00+02:00,CC NG 28,0.0
2030,sc01,05-04 07:00:00+02:00,CC NG 25,0.0
2030,sc01,05-04 07:00:00+02:00,CT NG 44,0.0
2030,sc01,05-04 07:00:00+02:00,CT NG 14,0.0
2030,sc01,05-04 07:00:00+02:00,CC NG 15,0.0
2030,sc01,05-04 07:00:00+02:00,CC NG 04,0.0
2030,sc01,05-04 07:00:00+02:00,Biomass 29,0.0
2030,sc01,05-04 07:00:00+02:00,Wind 14,0.0
2030,sc01,05-04 07:00:00+02:00,Wind 08,0.9787591870000001
2030,sc01,05-04 07:00:00+02:00,Biomass 61,0.0
2030,sc01,05-04 07:00:00+02:00,CT NG 35,0.0
2030,sc01,05-04 07:00:00+02:00,Solar 33,0.0
2030,sc01,05-04 07:00:00+02:00,CT NG 41,0.0
2030,sc01,05-04 07:00:00+02:00,CT NG 15,0.0
2030,sc01,05-04 07:00:00+02:00,Solar 42,0.0
2030,sc01,05-04 07:00:00+02:00,Solar 07,0.0
2030,sc01,05-04 07:00:00+02:00,Solar 43,0.0
2030,sc01,05-04 07:00:00+02:00,Biomass 05,0.0
2030,sc01,05-04 07:00:00+02:00,CT NG 29,0.0
2030,sc01,05-04 07:00:00+02:00,Solar 71,4.862947338758871
2030,sc01,05-04 07:00:00+02:00,CT NG 53,0.0
2030,sc01,05-04 07:00:00+02:00,CT NG 20,0.0
2030,sc01,05-04 07:00:00+02:00,Biomass 14,0.0
2030,sc01,05-04 07:00:00+02:00,Solar 26,0.0
2030,sc01,05-04 07:00:00+02:00,Hydro 29,0.0
2030,sc01,05-04 07:00:00+02:00,Hydro 31,0.0
2030,sc01,05-04 07:00:00+02:00,Biomass 24,0.0
2030,sc01,05-04 07:00:00+02:00,Biomass 54,0.0
2030,sc01,05-04 07:00:00+02:00,Solar 36,11.785715810000001
2030,sc01,05-04 07:00:00+02:00,Wind 03,1.23151151175
2030,sc01,05-04 07:00:00+02:00,Biomass 40,0.0
2030,sc01,05-04 07:00:00+02:00,Biomass 49,0.0
2030,sc01,05-04 07:00:00+02:00,CC NG 16,0.0
2030,sc01,05-04 07:00:00+02:00,Biomass 48,0.0
2030,sc01,05-04 07:00:00+02:00,Hydro 28,0.0
2030,sc01,05-04 07:00:00+02:00,Biomass 17,0.0
2030,sc01,05-04 07:00:00+02:00,CT NG 33,0.0
2030,sc01,05-04 07:00:00+02:00,Solar 45,0.0
2030,sc01,05-04 07:00:00+02:00,Hydro 24,0.0
2030,sc01,05-04 07:00:00+02:00,Wind 13,4.041859625
2030,sc01,05-04 07:00:00+02:00,Biomass 07,0.0
2030,sc01,05-04 07:00:00+02:00,Biomass 34,0.0
2030,sc01,05-04 07:00:00+02:00,Biomass 33,0.0
2030,sc01,05-04 07:00:00+02:00,CT NG 01,0.0
2030,sc01,05-04 07:00:00+02:00,ICE NG 03,0.0
2030,sc01,05-04 07:00:00+02:00,Solar 55,0.0
2030,sc01,05-04 07:00:00+02:00,Solar 11,0.0
2030,sc01,05-04 07:00:00+02:00,CT NG 06,0.0
2030,sc01,05-04 07:00:00+02:00,CT NG 70,0.0
2030,sc01,05-04 07:00:00+02:00,Solar 23,0.0
2030,sc01,05-04 07:00:00+02:00,CT NG 67,0.0
2030,sc01,05-04 07:00:00+02:00,Solar 12,0.0
2030,sc01,05-04 07:00:00+02:00,CT Oil 01,0.0
2030,sc01,05-04 07:00:00+02:00,Hydro 26,0.0
2030,sc01,05-04 07:00:00+02:00,CC NG 22,0.0
2030,sc01,05-04 07:00:00+02:00,CC NG 35,0.0
2030,sc01,05-04 07:00:00+02:00,Biomass 50,0.0
2030,sc01,05-04 07:00:00+02:00,ICE NG 04,0.0
2030,sc01,05-04 07:00:00+02:00,CC NG 39,0.0
2030,sc01,05-04 07:00:00+02:00,Hydro 32,0.0032148000000000003
2030,sc01,05-04 07:00:00+02:00,ICE NG 07,0.0
2030,sc01,05-04 07:00:00+02:00,Biomass 46,0.0
2030,sc01,05-04 07:00:00+02:00,CC NG 38,0.0
2030,sc01,05-04 07:00:00+02:00,CC NG 12,0.0
2030,sc01,05-04 07:00:00+02:00,Solar 57,0.0
2030,sc01,05-04 07:00:00+02:00,CC NG 32,0.0
2030,sc01,05-04 07:00:00+02:00,CC NG 07,0.0
2030,sc01,05-04 07:00:00+02:00,Biomass 44,0.0
2030,sc01,05-04 07:00:00+02:00,CT NG 40,0.0
2030,sc01,05-04 07:00:00+02:00,Solar 74,4.87106905
2030,sc01,05-04 07:00:00+02:00,Hydro 30,0.0
2030,sc01,05-04 07:00:00+02:00,CT NG 42,0.0
2030,sc01,05-04 07:00:00+02:00,Hydro 22,0.43826625
2030,sc01,05-04 07:00:00+02:00,Solar 17,0.0
2030,sc01,05-04 07:00:00+02:00,Solar 38,0.0
2030,sc01,05-04 07:00:00+02:00,CT NG 24,0.0
2030,sc01,05-04 07:00:00+02:00,CC NG 27,0.0
2030,sc01,05-04 07:00:00+02:00,Biomass 21,0.0
2030,sc01,05-04 07:00:00+02:00,ICE NG 06,0.0
2030,sc01,05-04 07:00:00+02:00,Biomass 25,0.0
2030,sc01,05-04 07:00:00+02:00,Solar 27,0.0
2030,sc01,05-04 07:00:00+02:00,CT NG 19,0.0
2030,sc01,05-04 07:00:00+02:00,Biomass 42,0.0
2030,sc01,05-04 07:00:00+02:00,Biomass 19,0.0
2030,sc01,05-04 07:00:00+02:00,Biomass 06,0.0
2030,sc01,05-04 07:00:00+02:00,CT NG 10,0.0
2030,sc01,05-04 07:00:00+02:00,CC NG 40,0.0
2030,sc01,05-04 07:00:00+02:00,CC NG 21,0.0
2030,sc01,05-04 07:00:00+02:00,Biomass 02,0.0
2030,sc01,05-04 07:00:00+02:00,CT NG 46,0.0
2030,sc01,05-04 07:00:00+02:00,Hydro 34,0.0
2030,sc01,05-04 07:00:00+02:00,Biomass 10,0.0
2030,sc01,05-04 07:00:00+02:00,CT NG 17,0.0
2030,sc01,05-04 07:00:00+02:00,Biomass 62,0.0
2030,sc01,05-04 07:00:00+02:00,Biomass 32,0.0
2030,sc01,05-04 07:00:00+02:00,CC NG 19,0.0
2030,sc01,05-04 07:00:00+02:00,CC NG 17,0.0
2030,sc01,05-04 07:00:00+02:00,ST NG 01,0.0
2030,sc01,05-04 07:00:00+02:00,Biomass 45,0.0
2030,sc01,05-04 07:00:00+02:00,Biomass 28,0.0
2030,sc01,05-04 07:00:00+02:00,CC NG 10,0.0
2030,sc01,05-04 07:00:00+02:00,Biomass 23,0.0
2030,sc01,05-04 07:00:00+02:00,ST NG 06,0.0
2030,sc01,05-04 07:00:00+02:00,Wind 10,1.0033285539999999
2030,sc01,05-04 07:00:00+02:00,CT NG 69,0.0
2030,sc01,05-04 07:00:00+02:00,CT NG 68,0.0
2030,sc01,05-04 20:00:00+02:00,CC NG 13,0.12534852028813734
2030,sc01,05-04 20:00:00+02:00,CT NG 37,0.0
2030,sc01,05-04 20:00:00+02:00,ST Coal 01,0.0
2030,sc01,05-04 20:00:00+02:00,CT NG 09,0.0
2030,sc01,05-04 20:00:00+02:00,CT NG 47,0.0
2030,sc01,05-04 20:00:00+02:00,Solar 69,0.0
2030,sc01,05-04 20:00:00+02:00,Solar 34,0.0
2030,sc01,05-04 20:00:00+02:00,Solar 73,0.0
2030,sc01,05-04 20:00:00+02:00,Biomass 37,0.013090000000000001
2030,sc01,05-04 20:00:00+02:00,Hydro 20,0.0
2030,sc01,05-04 20:00:00+02:00,Solar 01,0.0
2030,sc01,05-04 20:00:00+02:00,Solar 62,0.0
2030,sc01,05-04 20:00:00+02:00,Solar 02,0.0
2030,sc01,05-04 20:00:00+02:00,CT NG 26,0.0
2030,sc01,05-04 20:00:00+02:00,Biomass 20,0.0059499999999999996
2030,sc01,05-04 20:00:00+02:00,Wind 16,6.938512218694135
2030,sc01,05-04 20:00:00+02:00,CT NG 66,0.0
2030,sc01,05-04 20:00:00+02:00,Solar 39,0.0
2030,sc01,05-04 20:00:00+02:00,Biomass 41,0.02295
2030,sc01,05-04 20:00:00+02:00,Solar 72,0.0
2030,sc01,05-04 20:00:00+02:00,ST NG 03,0.0
2030,sc01,05-04 20:00:00+02:00,Hydro 21,0.77838954
2030,sc01,05-04 20:00:00+02:00,CT NG 03,0.0
2030,sc01,05-04 20:00:00+02:00,CC NG 09,0.0
2030,sc01,05-04 20:00:00+02:00,CT Oil 02,0.0
2030,sc01,05-04 20:00:00+02:00,CT NG 39,0.0
2030,sc01,05-04 20:00:00+02:00,CC NG 08,0.0
2030,sc01,05-04 20:00:00+02:00,Biomass 43,0.04488
2030,sc01,05-04 20:00:00+02:00,CT NG 18,0.06424469999999999
2030,sc01,05-04 20:00:00+02:00,ST NG 07,0.0
2030,sc01,05-04 20:00:00+02:00,Biomass 35,0.02295
2030,sc01,05-04 20:00:00+02:00,Solar 32,0.0
2030,sc01,05-04 20:00:00+02:00,Biomass 15,0.0037400000000000003
2030,sc01,05-04 20:00:00+02:00,CC NG 31,0.0
2030,sc01,05-04 20:00:00+02:00,Solar 16,0.0
2030,sc01,05-04 20:00:00+02:00,Solar 68,0.0
2030,sc01,05-04 20:00:00+02:00,CT NG 21,0.0
2030,sc01,05-04 20:00:00+02:00,Wind 11,0.047935675336
2030,sc01,05-04 20:00:00+02:00,CC NG 37,0.0
2030,sc01,05-04 20:00:00+02:00,CT NG 22,0.0
2030,sc01,05-04 20:00:00+02:00,Hydro 16,0.00371416
2030,sc01,05-04 20:00:00+02:00,Biomass 59,0.07038000000000001
2030,sc01,05-04 20:00:00+02:00,CC NG 01,0.0
2030,sc01,05-04 20:00:00+02:00,Biomass 16,0.0037400000000000003
2030,sc01,05-04 20:00:00+02:00,Solar 03,0.0
2030,sc01,05-04 20:00:00+02:00,Solar 44,0.0
2030,sc01,05-04 20:00:00+02:00,CT NG 08,0.0
2030,sc01,05-04 20:00:00+02:00,Wind 05,0.008366296496
2030,sc01,05-04 20:00:00+02:00,Biomass 26,0.02873
2030,sc01,05-04 20:00:00+02:00,Solar 37,0.0
2030,sc01,05-04 20:00:00+02:00,Biomass 11,0.00561
2030,sc01,05-04 20:00:00+02:00,Solar 59,0.0
2030,sc01,05-04 20:00:00+02:00,CT NG 11,0.0
2030,sc01,05-04 20:00:00+02:00,Biomass 30,0.02873
2030,sc01,05-04 20:00:00+02:00,Hydro 23,0.0
2030,sc01,05-04 20:00:00+02:00,CC NG 24,0.0
2030,sc01,05-04 20:00:00+02:00,Solar 65,0.0
2030,sc01,05-04 20:00:00+02:00,CC NG 18,10.175741
2030,sc01,05-04 20:00:00+02:00,CT NG 16,0.0
2030,sc01,05-04 20:00:00+02:00,Solar 51,0.0
2030,sc01,05-04 20:00:00+02:00,Wind 06,0.039512039472
2030,sc01,05-04 20:00:00+02:00,CC NG 26,0.0
2030,sc01,05-04 20:00:00+02:00,CC NG 23,0.0
2030,sc01,05-04 20:00:00+02:00,CT NG 43,0.0
2030,sc01,05-04 20:00:00+02:00,CC NG 11,0.0
2030,sc01,05-04 20:00:00+02:00,CT NG 02,0.0
2030,sc01,05-04 20:00:00+02:00,CT NG 50,0.0
2030,sc01,05-04 20:00:00+02:00,Hydro 27,0.18106529999999998
2030,sc01,05-04 20:00:00+02:00,CT NG 13,0.0
2030,sc01,05-04 20:00:00+02:00,CT NG 25,0.0
2030,sc01,05-04 20:00:00+02:00,CC NG 05,0.46644635752605745
2030,sc01,05-04 20:00:00+02:00,Solar 04,0.0
2030,sc01,05-04 20:00:00+02:00,Solar 30,0.0
2030,sc01,05-04 20:00:00+02:00,Solar 29,0.0
2030,sc01,05-04 20:00:00+02:00,Solar 53,0.0
2030,sc01,05-04 20:00:00+02:00,Solar 21,0.0
2030,sc01,05-04 20:00:00+02:00,Biomass 58,0.03111
2030,sc01,05-04 20:00:00+02:00,CT NG 74,0.0
2030,sc01,05-04 20:00:00+02:00,Solar 61,0.0
2030,sc01,05-04 20:00:00+02:00,Wind 07,0.047321915632
2030,sc01,05-04 20:00:00+02:00,Biomass 31,0.02873
2030,sc01,05-04 20:00:00+02:00,CT Oil 05,0.0
2030,sc01,05-04 20:00:00+02:00,Biomass 38,0.013090000000000001
2030,sc01,05-04 20:00:00+02:00,Solar 41,0.0
2030,sc01,05-04 20:00:00+02:00,Biomass 51,0.0032300000000000002
2030,sc01,05-04 20:00:00+02:00,Biomass 55,0.040459999999999996
2030,sc01,05-04 20:00:00+02:00,Wind 15,0.0
2030,sc01,05-04 20:00:00+02:00,Geo 01,0.272
2030,sc01,05-04 20:00:00+02:00,Biomass 60,0.0459
2030,sc01,05-04 20:00:00+02:00,CT NG 38,0.0
2030,sc01,05-04 20:00:00+02:00,Solar 66,0.0
2030,sc01,05-04 20:00:00+02:00,Solar 49,0.0
2030,sc01,05-04 20:00:00+02:00,CT NG 51,0.0
2030,sc01,05-04 20:00:00+02:00,Biomass 18,0.0037400000000000003
2030,sc01,05-04 20:00:00+02:00,ICE NG 01,0.0
2030,sc01,05-04 20:00:00+02:00,Solar 15,0.0
2030,sc01,05-04 20:00:00+02:00,ICE NG 05,0.0
2030,sc01,05-04 20:00:00+02:00,CT Oil 04,0.0
2030,sc01,05-04 20:00:00+02:00,CC NG 20,0.0
2030,sc01,05-04 20:00:00+02:00,Solar 20,0.0
2030,sc01,05-04 20:00:00+02:00,Biomass 04,0.00425
2030,sc01,05-04 20:00:00+02:00,Wind 02,0.008852896064
2030,sc01,05-04 20:00:00+02:00,Hydro 25,0.18106529999999998
2030,sc01,05-04 20:00:00+02:00,Solar 75,0.0
2030,sc01,05-04 20:00:00+02:00,Hydro 33,0.0
2030,sc01,05-04 20:00:00+02:00,ST NG 05,0.0
2030,sc01,05-04 20:00:00+02:00,CT NG 07,0.0
2030,sc01,05-04 20:00:00+02:00,Wind 01,0.030128802432000005
2030,sc01,05-04 20:00:00+02:00,Solar 56,0.0
2030,sc01,05-04 20:00:00+02:00,Biomass 09,0.01258
2030,sc01,05-04 20:00:00+02:00,Biomass 53,0.040459999999999996
2030,sc01,05-04 20:00:00+02:00,Wind 17,6.770720798
2030,sc01,05-04 20:00:00+02:00,ST NG 08,0.0
2030,sc01,05-04 20:00:00+02:00,Hydro 19,0.9239670000000001
2030,sc01,05-04 20:00:00+02:00,ST NG 02,0.0
2030,sc01,05-04 20:00:00+02:00,Biomass 01,0.017
2030,sc01,05-04 20:00:00+02:00,Biomass 57,0.03111
2030,sc01,05-04 20:00:00+02:00,CT NG 49,0.0
2030,sc01,05-04 20:00:00+02:00,CT NG 31,0.0
2030,sc01,05-04 20:00:00+02:00,Solar 64,0.0
2030,sc01,05-04 20:00:00+02:00,CC NG 33,0.0
2030,sc01,05-04 20:00:00+02:00,Solar 46,0.0
2030,sc01,05-04 20:00:00+02:00,Biomass 12,0.00561
2030,sc01,05-04 20:00:00+02:00,Wind 04,0.101528572728
2030,sc01,05-04 20:00:00+02:00,Solar 13,0.0
2030,sc01,05-04 20:00:00+02:00,CT NG 55,0.0
2030,sc01,05-04 20:00:00+02:00,Wind N03,90.38160208583041
2030,sc01,05-04 20:00:00+02:00,CT NG 28,0.0
2030,sc01,05-04 20:00:00+02:00,Wind 09,0.110847777024
2030,sc01,05-04 20:00:00+02:00,Solar 60,0.0
2030,sc01,05-04 20:00:00+02:00,Solar 25,0.0
2030,sc01,05-04 20:00:00+02:00,CT NG 23,0.0
2030,sc01,05-04 20:00:00+02:00,ST Other 01,0.0
2030,sc01,05-04 20:00:00+02:00,Solar 70,0.0
2030,sc01,05-04 20:00:00+02:00,CC NG 34,0.0
2030,sc01,05-04 20:00:00+02:00,Solar 48,0.0
2030,sc01,05-04 20:00:00+02:00,Biomass 56,0.03536
2030,sc01,05-04 20:00:00+02:00,CT NG 36,0.0
2030,sc01,05-04 20:00:00+02:00,Solar 47,0.0
2030,sc01,05-04 20:00:00+02:00,Hydro 17,0.006267645
2030,sc01,05-04 20:00:00+02:00,Solar 09,0.0
2030,sc01,05-04 20:00:00+02:00,Solar 08,0.0
2030,sc01,05-04 20:00:00+02:00,CT NG 45,0.0
2030,sc01,05-04 20:00:00+02:00,ST NG 04,1.032274
2030,sc01,05-04 20:00:00+02:00,Solar 40,0.0
2030,sc01,05-04 20:00:00+02:00,Biomass 47,0.040630000000000006
2030,sc01,05-04 20:00:00+02:00,Solar 50,0.0
2030,sc01,05-04 20:00:00+02:00,Solar 52,0.0
2030,sc01,05-04 20:00:00+02:00,Solar 63,0.0
2030,sc01,05-04 20:00:00+02:00,CC NG 06,0.0
2030,sc01,05-04 20:00:00+02:00,Biomass 39,0.013090000000000001
2030,sc01,05-04 20:00:00+02:00,Solar 67,0.0
2030,sc01,05-04 20:00:00+02:00,Solar 19,0.0
2030,sc01,05-04 20:00:00+02:00,Wind 12,0.14888901865600002
2030,sc01,05-04 20:00:00+02:00,Solar 24,0.0
2030,sc01,05-04 20:00:00+02:00,ICE NG 02,0.0
2030,sc01,05-04 20:00:00+02:00,Solar 05,0.0
2030,sc01,05-04 20:00:00+02:00,CT NG 54,0.0
2030,sc01,05-04 20:00:00+02:00,Wind N01,1.4125368436899999
2030,sc01,05-04 20:00:00+02:00,CT NG 27,0.0
2030,sc01,05-04 20:00:00+02:00,CC NG 36,0.0
2030,sc01,05-04 20:00:00+02:00,Wind N02,32.33603785542661
2030,sc01,05-04 20:00:00+02:00,CT NG 52,0.0
2030,sc01,05-04 20:00:00+02:00,Solar 35,0.0
2030,sc01,05-04 20:00:00+02:00,CT NG 05,0.0
2030,sc01,05-04 20:00:00+02:00,Biomass 36,0.02295
2030,sc01,05-04 20:00:00+02:00,CT NG 34,0.0
2030,sc01,05-04 20:00:00+02:00,CT Oil 03,0.0
2030,sc01,05-04 20:00:00+02:00,Hydro 35,0.0
2030,sc01,05-04 20:00:00+02:00,Solar 14,0.0
2030,sc01,05-04 20:00:00+02:00,CT NG 75,0.0
2030,sc01,05-04 20:00:00+02:00,ST NG 09,0.0
2030,sc01,05-04 20:00:00+02:00,CT NG 56,0.0
2030,sc01,05-04 20:00:00+02:00,Biomass 22,0.0059499999999999996
2030,sc01,05-04 20:00:00+02:00,Solar 18,0.0
2030,sc01,05-04 20:00:00+02:00,Biomass 13,0.00561
2030,sc01,05-04 20:00:00+02:00,CT NG 71,0.0
2030,sc01,05-04 20:00:00+02:00,Solar 58,0.0
2030,sc01,05-04 20:00:00+02:00,Solar 06,0.0
2030,sc01,05-04 20:00:00+02:00,Biomass 08,0.01258
2030,sc01,05-04 20:00:00+02:00,CT NG 72,0.0
2030,sc01,05-04 20:00:00+02:00,Hydro 18,0.021588555
2030,sc01,05-04 20:00:00+02:00,Solar 10,0.0
2030,sc01,05-04 20:00:00+02:00,CT NG 04,0.0
2030,sc01,05-04 20:00:00+02:00,ST Other 02,0.0
2030,sc01,05-04 20:00:00+02:00,CT NG 12,0.0
2030,sc01,05-04 20:00:00+02:00,CT NG 48,0.0
2030,sc01,05-04 20:00:00+02:00,ST NG 10,0.0
2030,sc01,05-04 20:00:00+02:00,Solar 22,0.0
2030,sc01,05-04 20:00:00+02:00,Solar 28,0.0
2030,sc01,05-04 20:00:00+02:00,CT NG 73,0.0
2030,sc01,05-04 20:00:00+02:00,Biomass 52,0.03128
2030,sc01,05-04 20:00:00+02:00,CT NG 30,0.0
2030,sc01,05-04 20:00:00+02:00,Solar 54,0.0
2030,sc01,05-04 20:00:00+02:00,Solar 31,0.0
2030,sc01,05-04 20:00:00+02:00,Biomass 03,0.00425
2030,sc01,05-04 20:00:00+02:00,CT NG 32,0.0
2030,sc01,05-04 20:00:00+02:00,Biomass 27,0.02873
2030,sc01,05-04 20:00:00+02:00,CC NG 14,0.0
2030,sc01,05-04 20:00:00+02:00,CC NG 03,2.08742422
2030,sc01,05-04 20:00:00+02:00,CC NG 29,0.0
2030,sc01,05-04 20:00:00+02:00,CC NG 28,0.0
2030,sc01,05-04 20:00:00+02:00,CC NG 25,0.0
2030,sc01,05-04 20:00:00+02:00,CT NG 44,0.0
2030,sc01,05-04 20:00:00+02:00,CT NG 14,0.0
2030,sc01,05-04 20:00:00+02:00,CC NG 15,0.0
2030,sc01,05-04 20:00:00+02:00,CC NG 04,5.26048
2030,sc01,05-04 20:00:00+02:00,Biomass 29,0.02873
2030,sc01,05-04 20:00:00+02:00,Wind 14,13.6267110936
2030,sc01,05-04 20:00:00+02:00,Wind 08,0.129977132696
2030,sc01,05-04 20:00:00+02:00,Biomass 61,0.00697
2030,sc01,05-04 20:00:00+02:00,CT NG 35,0.0
2030,sc01,05-04 20:00:00+02:00,Solar 33,0.0
2030,sc01,05-04 20:00:00+02:00,CT NG 41,0.0
2030,sc01,05-04 20:00:00+02:00,CT NG 15,0.0
2030,sc01,05-04 20:00:00+02:00,Solar 42,0.0
2030,sc01,05-04 20:00:00+02:00,Solar 07,0.0
2030,sc01,05-04 20:00:00+02:00,Solar 43,0.0
2030,sc01,05-04 20:00:00+02:00,Biomass 05,0.0074800000000000005
2030,sc01,05-04 20:00:00+02:00,CT NG 29,0.0
2030,sc01,05-04 20:00:00+02:00,Solar 71,0.0
2030,sc01,05-04 20:00:00+02:00,CT NG 53,0.0
2030,sc01,05-04 20:00:00+02:00,CT NG 20,0.0
2030,sc01,05-04 20:00:00+02:00,Biomass 14,0.01241
2030,sc01,05-04 20:00:00+02:00,Solar 26,0.0
2030,sc01,05-04 20:00:00+02:00,Hydro 29,1.0977750000000002
2030,sc01,05-04 20:00:00+02:00,Hydro 31,0.0
2030,sc01,05-04 20:00:00+02:00,Biomass 24,0.0074800000000000005
2030,sc01,05-04 20:00:00+02:00,Biomass 54,0.040459999999999996
2030,sc01,05-04 20:00:00+02:00,Solar 36,0.0
2030,sc01,05-04 20:00:00+02:00,Wind 03,0.159298815112
2030,sc01,05-04 20:00:00+02:00,Biomass 40,0.013090000000000001
2030,sc01,05-04 20:00:00+02:00,Biomass 49,0.0059499999999999996
2030,sc01,05-04 20:00:00+02:00,CC NG 16,15.510196500000001
2030,sc01,05-04 20:00:00+02:00,Biomass 48,0.040630000000000006
2030,sc01,05-04 20:00:00+02:00,Hydro 28,1.0977750000000002
2030,sc01,05-04 20:00:00+02:00,Biomass 17,0.0037400000000000003
2030,sc01,05-04 20:00:00+02:00,CT NG 33,0.0
2030,sc01,05-04 20:00:00+02:00,Solar 45,0.0
2030,sc01,05-04 20:00:00+02:00,Hydro 24,0.0
2030,sc01,05-04 20:00:00+02:00,Wind 13,0.057718582512
2030,sc01,05-04 20:00:00+02:00,Biomass 07,0.034
2030,sc01,05-04 20:00:00+02:00,Biomass 34,0.02295
2030,sc01,05-04 20:00:00+02:00,Biomass 33,0.02295
2030,sc01,05-04 20:00:00+02:00,CT NG 01,0.0
2030,sc01,05-04 20:00:00+02:00,ICE NG 03,0.0
2030,sc01,05-04 20:00:00+02:00,Solar 55,0.0
2030,sc01,05-04 20:00:00+02:00,Solar 11,0.0
2030,sc01,05-04 20:00:00+02:00,CT NG 06,0.0
2030,sc01,05-04 20:00:00+02:00,CT NG 70,0.0
2030,sc01,05-04 20:00:00+02:00,Solar 23,0.0
2030,sc01,05-04 20:00:00+02:00,CT NG 67,0.0
2030,sc01,05-04 20:00:00+02:00,Solar 12,0.0
2030,sc01,05-04 20:00:00+02:00,CT Oil 01,0.0
2030,sc01,05-04 20:00:00+02:00,Hydro 26,0.18106529999999998
2030,sc01,05-04 20:00:00+02:00,CC NG 22,10.905404006415377
2030,sc01,05-04 20:00:00+02:00,CC NG 35,0.0
2030,sc01,05-04 20:00:00+02:00,Biomass 50,0.0032300000000000002
2030,sc01,05-04 20:00:00+02:00,ICE NG 04,0.0
2030,sc01,05-04 20:00:00+02:00,CC NG 39,0.0
2030,sc01,05-04 20:00:00+02:00,Hydro 32,0.0022284960000000004
2030,sc01,05-04 20:00:00+02:00,ICE NG 07,0.0
2030,sc01,05-04 20:00:00+02:00,Biomass 46,0.00986
2030,sc01,05-04 20:00:00+02:00,CC NG 38,0.0
2030,sc01,05-04 20:00:00+02:00,CC NG 12,0.0
2030,sc01,05-04 20:00:00+02:00,Solar 57,0.0
2030,sc01,05-04 20:00:00+02:00,CC NG 32,0.0
2030,sc01,05-04 20:00:00+02:00,CC NG 07,0.0
2030,sc01,05-04 20:00:00+02:00,Biomass 44,0.01904
2030,sc01,05-04 20:00:00+02:00,CT NG 40,0.0
2030,sc01,05-04 20:00:00+02:00,Solar 74,0.0
2030,sc01,05-04 20:00:00+02:00,Hydro 30,0.0
2030,sc01,05-04 20:00:00+02:00,CT NG 42,0.0
2030,sc01,05-04 20:00:00+02:00,Hydro 22,0.77838954
2030,sc01,05-04 20:00:00+02:00,Solar 17,0.0
2030,sc01,05-04 20:00:00+02:00,Solar 38,0.0
2030,sc01,05-04 20:00:00+02:00,CT NG 24,0.0
2030,sc01,05-04 20:00:00+02:00,CC NG 27,0.5671455000000001
2030,sc01,05-04 20:00:00+02:00,Biomass 21,0.0059499999999999996
2030,sc01,05-04 20:00:00+02:00,ICE NG 06,0.0
2030,sc01,05-04 20:00:00+02:00,Biomass 25,0.0074800000000000005
2030,sc01,05-04 20:00:00+02:00,Solar 27,0.0
2030,sc01,05-04 20:00:00+02:00,CT NG 19,0.06424469999999999
2030,sc01,05-04 20:00:00+02:00,Biomass 42,0.02295
2030,sc01,05-04 20:00:00+02:00,Biomass 19,0.0059499999999999996
2030,sc01,05-04 20:00:00+02:00,Biomass 06,0.0074800000000000005
2030,sc01,05-04 20:00:00+02:00,CT NG 10,0.0
2030,sc01,05-04 20:00:00+02:00,CC NG 40,1.4952745185992016
2030,sc01,05-04 20:00:00+02:00,CC NG 21,0.0
2030,sc01,05-04 20:00:00+02:00,Biomass 02,0.017
2030,sc01,05-04 20:00:00+02:00,CT NG 46,0.0
2030,sc01,05-04 20:00:00+02:00,Hydro 34,0.0
2030,sc01,05-04 20:00:00+02:00,Biomass 10,0.01258
2030,sc01,05-04 20:00:00+02:00,CT NG 17,0.11366370000000002
2030,sc01,05-04 20:00:00+02:00,Biomass 62,0.02482
2030,sc01,05-04 20:00:00+02:00,Biomass 32,0.020229999999999998
2030,sc01,05-04 20:00:00+02:00,CC NG 19,2.30146
2030,sc01,05-04 20:00:00+02:00,CC NG 17,0.0
2030,sc01,05-04 20:00:00+02:00,ST NG 01,0.0
2030,sc01,05-04 20:00:00+02:00,Biomass 45,0.01904
2030,sc01,05-04 20:00:00+02:00,Biomass 28,0.02873
2030,sc01,05-04 20:00:00+02:00,CC NG 10,0.0
2030,sc01,05-04 20:00:00+02:00,Biomass 23,0.0074800000000000005
2030,sc01,05-04 20:00:00+02:00,ST NG 06,0.0
2030,sc01,05-04 20:00:00+02:00,Wind 10,0.12142307527999999
2030,sc01,05-04 20:00:00+02:00,CT NG 69,0.0
2030,sc01,05-04 20:00:00+02:00,CT NG 68,0.0
2030,sc01,05-05 13:00:00+02:00,CC NG 13,0.0
2030,sc01,05-05 13:00:00+02:00,CT NG 37,0.0
2030,sc01,05-05 13:00:00+02:00,ST Coal 01,0.0
2030,sc01,05-05 13:00:00+02:00,CT NG 09,0.0
2030,sc01,05-05 13:00:00+02:00,CT NG 47,0.0
2030,sc01,05-05 13:00:00+02:00,Solar 69,10.125107430130809
2030,sc01,05-05 13:00:00+02:00,Solar 34,22.909554756
2030,sc01,05-05 13:00:00+02:00,Solar 73,0.0
2030,sc01,05-05 13:00:00+02:00,Biomass 37,0.0
2030,sc01,05-05 13:00:00+02:00,Hydro 20,0.0
2030,sc01,05-05 13:00:00+02:00,Solar 01,16.8505168212
2030,sc01,05-05 13:00:00+02:00,Solar 62,21.578400000000002
2030,sc01,05-05 13:00:00+02:00,Solar 02,7.6850189289
2030,sc01,05-05 13:00:00+02:00,CT NG 26,0.0
2030,sc01,05-05 13:00:00+02:00,Biomass 20,0.0
2030,sc01,05-05 13:00:00+02:00,Wind 16,3.6996092982000004
2030,sc01,05-05 13:00:00+02:00,CT NG 66,0.0
2030,sc01,05-05 13:00:00+02:00,Solar 39,0.0
2030,sc01,05-05 13:00:00+02:00,Biomass 41,0.0
2030,sc01,05-05 13:00:00+02:00,Solar 72,0.0
2030,sc01,05-05 13:00:00+02:00,ST NG 03,0.0
2030,sc01,05-05 13:00:00+02:00,Hydro 21,0.92110122
2030,sc01,05-05 13:00:00+02:00,CT NG 03,0.0
2030,sc01,05-05 13:00:00+02:00,CC NG 09,0.0
2030,sc01,05-05 13:00:00+02:00,CT Oil 02,0.0
2030,sc01,05-05 13:00:00+02:00,CT NG 39,0.0
2030,sc01,05-05 13:00:00+02:00,CC NG 08,0.0
2030,sc01,05-05 13:00:00+02:00,Biomass 43,0.0
2030,sc01,05-05 13:00:00+02:00,CT NG 18,0.0
2030,sc01,05-05 13:00:00+02:00,ST NG 07,0.0
2030,sc01,05-05 13:00:00+02:00,Biomass 35,0.0
2030,sc01,05-05 13:00:00+02:00,Solar 32,0.0
2030,sc01,05-05 13:00:00+02:00,Biomass 15,0.0
2030,sc01,05-05 13:00:00+02:00,CC NG 31,0.0
2030,sc01,05-05 13:00:00+02:00,Solar 16,1.10954453913
2030,sc01,05-05 13:00:00+02:00,Solar 68,0.0
2030,sc01,05-05 13:00:00+02:00,CT NG 21,0.0
2030,sc01,05-05 13:00:00+02:00,Wind 11,0.0
2030,sc01,05-05 13:00:00+02:00,CC NG 37,0.0
2030,sc01,05-05 13:00:00+02:00,CT NG 22,0.0
2030,sc01,05-05 13:00:00+02:00,Hydro 16,0.0058104
2030,sc01,05-05 13:00:00+02:00,Biomass 59,0.0
2030,sc01,05-05 13:00:00+02:00,CC NG 01,0.0
2030,sc01,05-05 13:00:00+02:00,Biomass 16,0.0
2030,sc01,05-05 13:00:00+02:00,Solar 03,0.0
2030,sc01,05-05 13:00:00+02:00,Solar 44,0.0
2030,sc01,05-05 13:00:00+02:00,CT NG 08,0.0
2030,sc01,05-05 13:00:00+02:00,Wind 05,0.0
2030,sc01,05-05 13:00:00+02:00,Biomass 26,0.0
2030,sc01,05-05 13:00:00+02:00,Solar 37,0.0
2030,sc01,05-05 13:00:00+02:00,Biomass 11,0.0
2030,sc01,05-05 13:00:00+02:00,Solar 59,0.0
2030,sc01,05-05 13:00:00+02:00,CT NG 11,0.0
2030,sc01,05-05 13:00:00+02:00,Biomass 30,0.0
2030,sc01,05-05 13:00:00+02:00,Hydro 23,0.0
2030,sc01,05-05 13:00:00+02:00,CC NG 24,0.0
2030,sc01,05-05 13:00:00+02:00,Solar 65,2.059141329938537
2030,sc01,05-05 13:00:00+02:00,CC NG 18,0.0
2030,sc01,05-05 13:00:00+02:00,CT NG 16,0.0
2030,sc01,05-05 13:00:00+02:00,Solar 51,0.0
2030,sc01,05-05 13:00:00+02:00,Wind 06,0.0
2030,sc01,05-05 13:00:00+02:00,CC NG 26,0.0
2030,sc01,05-05 13:00:00+02:00,CC NG 23,0.0
2030,sc01,05-05 13:00:00+02:00,CT NG 43,0.0
2030,sc01,05-05 13:00:00+02:00,CC NG 11,0.0
2030,sc01,05-05 13:00:00+02:00,CT NG 02,0.0
2030,sc01,05-05 13:00:00+02:00,CT NG 50,0.0
2030,sc01,05-05 13:00:00+02:00,Hydro 27,0.0
2030,sc01,05-05 13:00:00+02:00,CT NG 13,0.0
2030,sc01,05-05 13:00:00+02:00,CT NG 25,0.0
2030,sc01,05-05 13:00:00+02:00,CC NG 05,0.0
2030,sc01,05-05 13:00:00+02:00,Solar 04,0.68271108282
2030,sc01,05-05 13:00:00+02:00,Solar 30,0.9720000000000001
2030,sc01,05-05 13:00:00+02:00,Solar 29,1.35470348802
2030,sc01,05-05 13:00:00+02:00,Solar 53,0.0
2030,sc01,05-05 13:00:00+02:00,Solar 21,2.590464942
2030,sc01,05-05 13:00:00+02:00,Biomass 58,0.0
2030,sc01,05-05 13:00:00+02:00,CT NG 74,0.0
2030,sc01,05-05 13:00:00+02:00,Solar 61,0.0
2030,sc01,05-05 13:00:00+02:00,Wind 07,0.0
2030,sc01,05-05 13:00:00+02:00,Biomass 31,0.0
2030,sc01,05-05 13:00:00+02:00,CT Oil 05,0.0
2030,sc01,05-05 13:00:00+02:00,Biomass 38,0.0
2030,sc01,05-05 13:00:00+02:00,Solar 41,0.0
2030,sc01,05-05 13:00:00+02:00,Biomass 51,0.0
2030,sc01,05-05 13:00:00+02:00,Biomass 55,0.0
2030,sc01,05-05 13:00:00+02:00,Wind 15,1.10861170533
2030,sc01,05-05 13:00:00+02:00,Geo 01,0.0
2030,sc01,05-05 13:00:00+02:00,Biomass 60,0.0
2030,sc01,05-05 13:00:00+02:00,CT NG 38,0.0
2030,sc01,05-05 13:00:00+02:00,Solar 66,21.3721544277
2030,sc01,05-05 13:00:00+02:00,Solar 49,0.0
2030,sc01,05-05 13:00:00+02:00,CT NG 51,0.0
2030,sc01,05-05 13:00:00+02:00,Biomass 18,0.0
2030,sc01,05-05 13:00:00+02:00,ICE NG 01,0.0
2030,sc01,05-05 13:00:00+02:00,Solar 15,1.48146342282
2030,sc01,05-05 13:00:00+02:00,ICE NG 05,0.0
2030,sc01,05-05 13:00:00+02:00,CT Oil 04,0.0
2030,sc01,05-05 13:00:00+02:00,CC NG 20,0.0
2030,sc01,05-05 13:00:00+02:00,Solar 20,1.5794140314600003
2030,sc01,05-05 13:00:00+02:00,Biomass 04,0.0
2030,sc01,05-05 13:00:00+02:00,Wind 02,0.0
2030,sc01,05-05 13:00:00+02:00,Hydro 25,0.283257
2030,sc01,05-05 13:00:00+02:00,Solar 75,5.798792648700001
2030,sc01,05-05 13:00:00+02:00,Hydro 33,0.0
2030,sc01,05-05 13:00:00+02:00,ST NG 05,0.0
2030,sc01,05-05 13:00:00+02:00,CT NG 07,0.0
2030,sc01,05-05 13:00:00+02:00,Wind 01,0.0
2030,sc01,05-05 13:00:00+02:00,Solar 56,0.0
2030,sc01,05-05 13:00:00+02:00,Biomass 09,0.0
2030,sc01,05-05 13:00:00+02:00,Biomass 53,0.0
2030,sc01,05-05 13:00:00+02:00,Wind 17,2.3080508388
2030,sc01,05-05 13:00:00+02:00,ST NG 08,0.0
2030,sc01,05-05 13:00:00+02:00,Hydro 19,0.0
2030,sc01,05-05 13:00:00+02:00,ST NG 02,0.0
2030,sc01,05-05 13:00:00+02:00,Biomass 01,0.0
2030,sc01,05-05 13:00:00+02:00,Biomass 57,0.0
2030,sc01,05-05 13:00:00+02:00,CT NG 49,0.0
2030,sc01,05-05 13:00:00+02:00,CT NG 31,0.0
2030,sc01,05-05 13:00:00+02:00,Solar 64,4.5360000000000005
2030,sc01,05-05 13:00:00+02:00,CC NG 33,0.0
2030,sc01,05-05 13:00:00+02:00,Solar 46,0.0
2030,sc01,05-05 13:00:00+02:00,Biomass 12,0.0
2030,sc01,05-05 13:00:00+02:00,Wind 04,0.0
2030,sc01,05-05 13:00:00+02:00,Solar 13,0.037190107584
2030,sc01,05-05 13:00:00+02:00,CT NG 55,0.0
2030,sc01,05-05 13:00:00+02:00,Wind N03,88.31681494653722
2030,sc01,05-05 13:00:00+02:00,CT NG 28,0.0
2030,sc01,05-05 13:00:00+02:00,Wind 09,0.0
2030,sc01,05-05 13:00:00+02:00,Solar 60,0.0
2030,sc01,05-05 13:00:00+02:00,Solar 25,0.27272158541999997
2030,sc01,05-05 13:00:00+02:00,CT NG 23,0.0
2030,sc01,05-05 13:00:00+02:00,ST Other 01,0.0
2030,sc01,05-05 13:00:00+02:00,Solar 70,27.433297667824725
2030,sc01,05-05 13:00:00+02:00,CC NG 34,0.0
2030,sc01,05-05 13:00:00+02:00,Solar 48,0.0
2030,sc01,05-05 13:00:00+02:00,Biomass 56,0.0
2030,sc01,05-05 13:00:00+02:00,CT NG 36,0.0
2030,sc01,05-05 13:00:00+02:00,Solar 47,0.0
2030,sc01,05-05 13:00:00+02:00,Hydro 17,0.0
2030,sc01,05-05 13:00:00+02:00,Solar 09,0.0
2030,sc01,05-05 13:00:00+02:00,Solar 08,0.0
2030,sc01,05-05 13:00:00+02:00,CT NG 45,0.0
2030,sc01,05-05 13:00:00+02:00,ST NG 04,0.0
2030,sc01,05-05 13:00:00+02:00,Solar 40,0.0
2030,sc01,05-05 13:00:00+02:00,Biomass 47,0.0
2030,sc01,05-05 13:00:00+02:00,Solar 50,0.0
2030,sc01,05-05 13:00:00+02:00,Solar 52,0.0
2030,sc01,05-05 13:00:00+02:00,Solar 63,0.0
2030,sc01,05-05 13:00:00+02:00,CC NG 06,0.0
2030,sc01,05-05 13:00:00+02:00,Biomass 39,0.0
2030,sc01,05-05 13:00:00+02:00,Solar 67,6.136987172278714
2030,sc01,05-05 13:00:00+02:00,Solar 19,0.014065465752
2030,sc01,05-05 13:00:00+02:00,Wind 12,1.1479433567400001
2030,sc01,05-05 13:00:00+02:00,Solar 24,0.20340988704000001
2030,sc01,05-05 13:00:00+02:00,ICE NG 02,0.0
2030,sc01,05-05 13:00:00+02:00,Solar 05,0.0
2030,sc01,05-05 13:00:00+02:00,CT NG 54,0.0
2030,sc01,05-05 13:00:00+02:00,Wind N01,10.890744667200002
2030,sc01,05-05 13:00:00+02:00,CT NG 27,0.0
2030,sc01,05-05 13:00:00+02:00,CC NG 36,0.0
2030,sc01,05-05 13:00:00+02:00,Wind N02,0.0
2030,sc01,05-05 13:00:00+02:00,CT NG 52,0.0
2030,sc01,05-05 13:00:00+02:00,Solar 35,0.0
2030,sc01,05-05 13:00:00+02:00,CT NG 05,0.0
2030,sc01,05-05 13:00:00+02:00,Biomass 36,0.0
2030,sc01,05-05 13:00:00+02:00,CT NG 34,0.0
2030,sc01,05-05 13:00:00+02:00,CT Oil 03,0.0
2030,sc01,05-05 13:00:00+02:00,Hydro 35,0.0
2030,sc01,05-05 13:00:00+02:00,Solar 14,1.64705373513
2030,sc01,05-05 13:00:00+02:00,CT NG 75,0.0
2030,sc01,05-05 13:00:00+02:00,ST NG 09,0.0
2030,sc01,05-05 13:00:00+02:00,CT NG 56,0.0
2030,sc01,05-05 13:00:00+02:00,Biomass 22,0.0
2030,sc01,05-05 13:00:00+02:00,Solar 18,1.7372514025799999
2030,sc01,05-05 13:00:00+02:00,Biomass 13,0.0
2030,sc01,05-05 13:00:00+02:00,CT NG 71,0.0
2030,sc01,05-05 13:00:00+02:00,Solar 58,0.0
2030,sc01,05-05 13:00:00+02:00,Solar 06,0.0
2030,sc01,05-05 13:00:00+02:00,Biomass 08,0.0
2030,sc01,05-05 13:00:00+02:00,CT NG 72,0.0
2030,sc01,05-05 13:00:00+02:00,Hydro 18,0.0
2030,sc01,05-05 13:00:00+02:00,Solar 10,1.52135003601
2030,sc01,05-05 13:00:00+02:00,CT NG 04,0.0
2030,sc01,05-05 13:00:00+02:00,ST Other 02,0.0
2030,sc01,05-05 13:00:00+02:00,CT NG 12,0.0
2030,sc01,05-05 13:00:00+02:00,CT NG 48,0.0
2030,sc01,05-05 13:00:00+02:00,ST NG 10,0.0
2030,sc01,05-05 13:00:00+02:00,Solar 22,1.40903793567
2030,sc01,05-05 13:00:00+02:00,Solar 28,1.26092487186
2030,sc01,05-05 13:00:00+02:00,CT NG 73,0.0
2030,sc01,05-05 13:00:00+02:00,Biomass 52,0.0
2030,sc01,05-05 13:00:00+02:00,CT NG 30,0.0
2030,sc01,05-05 13:00:00+02:00,Solar 54,0.0
2030,sc01,05-05 13:00:00+02:00,Solar 31,0.0
2030,sc01,05-05 13:00:00+02:00,Biomass 03,0.0
2030,sc01,05-05 13:00:00+02:00,CT NG 32,0.0
2030,sc01,05-05 13:00:00+02:00,Biomass 27,0.0
2030,sc01,05-05 13:00:00+02:00,CC NG 14,0.0
2030,sc01,05-05 13:00:00+02:00,CC NG 03,0.0
2030,sc01,05-05 13:00:00+02:00,CC NG 29,0.0
2030,sc01,05-05 13:00:00+02:00,CC NG 28,0.0
2030,sc01,05-05 13:00:00+02:00,CC NG 25,0.0
2030,sc01,05-05 13:00:00+02:00,CT NG 44,0.0
2030,sc01,05-05 13:00:00+02:00,CT NG 14,0.0
2030,sc01,05-05 13:00:00+02:00,CC NG 15,0.0
2030,sc01,05-05 13:00:00+02:00,CC NG 04,0.0
2030,sc01,05-05 13:00:00+02:00,Biomass 29,0.0
2030,sc01,05-05 13:00:00+02:00,Wind 14,0.0
2030,sc01,05-05 13:00:00+02:00,Wind 08,0.0
2030,sc01,05-05 13:00:00+02:00,Biomass 61,0.0
2030,sc01,05-05 13:00:00+02:00,CT NG 35,0.0
2030,sc01,05-05 13:00:00+02:00,Solar 33,0.0
2030,sc01,05-05 13:00:00+02:00,CT NG 41,0.0
2030,sc01,05-05 13:00:00+02:00,CT NG 15,0.0
2030,sc01,05-05 13:00:00+02:00,Solar 42,0.0
2030,sc01,05-05 13:00:00+02:00,Solar 07,0.0
2030,sc01,05-05 13:00:00+02:00,Solar 43,0.0
2030,sc01,05-05 13:00:00+02:00,Biomass 05,0.0
2030,sc01,05-05 13:00:00+02:00,CT NG 29,0.0
2030,sc01,05-05 13:00:00+02:00,Solar 71,0.0
2030,sc01,05-05 13:00:00+02:00,CT NG 53,0.0
2030,sc01,05-05 13:00:00+02:00,CT NG 20,0.0
2030,sc01,05-05 13:00:00+02:00,Biomass 14,0.0
2030,sc01,05-05 13:00:00+02:00,Solar 26,0.25255923012
2030,sc01,05-05 13:00:00+02:00,Hydro 29,0.0
2030,sc01,05-05 13:00:00+02:00,Hydro 31,0.0
2030,sc01,05-05 13:00:00+02:00,Biomass 24,0.0
2030,sc01,05-05 13:00:00+02:00,Biomass 54,0.0
2030,sc01,05-05 13:00:00+02:00,Solar 36,6.088616494200004
2030,sc01,05-05 13:00:00+02:00,Wind 03,0.0
2030,sc01,05-05 13:00:00+02:00,Biomass 40,0.0
2030,sc01,05-05 13:00:00+02:00,Biomass 49,0.0
2030,sc01,05-05 13:00:00+02:00,CC NG 16,0.0
2030,sc01,05-05 13:00:00+02:00,Biomass 48,0.0
2030,sc01,05-05 13:00:00+02:00,Hydro 28,0.0
2030,sc01,05-05 13:00:00+02:00,Biomass 17,0.0
2030,sc01,05-05 13:00:00+02:00,CT NG 33,0.0
2030,sc01,05-05 13:00:00+02:00,Solar 45,0.0
2030,sc01,05-05 13:00:00+02:00,Hydro 24,0.0
2030,sc01,05-05 13:00:00+02:00,Wind 13,0.61307477667
2030,sc01,05-05 13:00:00+02:00,Biomass 07,0.0
2030,sc01,05-05 13:00:00+02:00,Biomass 34,0.0
2030,sc01,05-05 13:00:00+02:00,Biomass 33,0.0
2030,sc01,05-05 13:00:00+02:00,CT NG 01,0.0
2030,sc01,05-05 13:00:00+02:00,ICE NG 03,0.0
2030,sc01,05-05 13:00:00+02:00,Solar 55,0.0
2030,sc01,05-05 13:00:00+02:00,Solar 11,0.27898761609
2030,sc01,05-05 13:00:00+02:00,CT NG 06,0.0
2030,sc01,05-05 13:00:00+02:00,CT NG 70,0.0
2030,sc01,05-05 13:00:00+02:00,Solar 23,0.041310016848
2030,sc01,05-05 13:00:00+02:00,CT NG 67,0.0
2030,sc01,05-05 13:00:00+02:00,Solar 12,0.21596588928000002
2030,sc01,05-05 13:00:00+02:00,CT Oil 01,0.0
2030,sc01,05-05 13:00:00+02:00,Hydro 26,0.0
2030,sc01,05-05 13:00:00+02:00,CC NG 22,0.0
2030,sc01,05-05 13:00:00+02:00,CC NG 35,0.0
2030,sc01,05-05 13:00:00+02:00,Biomass 50,0.0
2030,sc01,05-05 13:00:00+02:00,ICE NG 04,0.0
2030,sc01,05-05 13:00:00+02:00,CC NG 39,0.0
2030,sc01,05-05 13:00:00+02:00,Hydro 32,0.0
2030,sc01,05-05 13:00:00+02:00,ICE NG 07,0.0
2030,sc01,05-05 13:00:00+02:00,Biomass 46,0.0
2030,sc01,05-05 13:00:00+02:00,CC NG 38,0.0
2030,sc01,05-05 13:00:00+02:00,CC NG 12,0.0
2030,sc01,05-05 13:00:00+02:00,Solar 57,0.0
2030,sc01,05-05 13:00:00+02:00,CC NG 32,0.0
2030,sc01,05-05 13:00:00+02:00,CC NG 07,0.0
2030,sc01,05-05 13:00:00+02:00,Biomass 44,0.0
2030,sc01,05-05 13:00:00+02:00,CT NG 40,0.0
2030,sc01,05-05 13:00:00+02:00,Solar 74,5.4
2030,sc01,05-05 13:00:00+02:00,Hydro 30,0.0
2030,sc01,05-05 13:00:00+02:00,CT NG 42,0.0
2030,sc01,05-05 13:00:00+02:00,Hydro 22,0.92110122
2030,sc01,05-05 13:00:00+02:00,Solar 17,0.42359541867
2030,sc01,05-05 13:00:00+02:00,Solar 38,0.0
2030,sc01,05-05 13:00:00+02:00,CT NG 24,0.0
2030,sc01,05-05 13:00:00+02:00,CC NG 27,0.0
2030,sc01,05-05 13:00:00+02:00,Biomass 21,0.0
2030,sc01,05-05 13:00:00+02:00,ICE NG 06,0.0
2030,sc01,05-05 13:00:00+02:00,Biomass 25,0.0
2030,sc01,05-05 13:00:00+02:00,Solar 27,0.19173480667200002
2030,sc01,05-05 13:00:00+02:00,CT NG 19,0.0
2030,sc01,05-05 13:00:00+02:00,Biomass 42,0.0
2030,sc01,05-05 13:00:00+02:00,Biomass 19,0.0
2030,sc01,05-05 13:00:00+02:00,Biomass 06,0.0
2030,sc01,05-05 13:00:00+02:00,CT NG 10,0.0
2030,sc01,05-05 13:00:00+02:00,CC NG 40,0.0
2030,sc01,05-05 13:00:00+02:00,CC NG 21,0.0
2030,sc01,05-05 13:00:00+02:00,Biomass 02,0.0
2030,sc01,05-05 13:00:00+02:00,CT NG 46,0.0
2030,sc01,05-05 13:00:00+02:00,Hydro 34,0.0
2030,sc01,05-05 13:00:00+02:00,Biomass 10,0.0
2030,sc01,05-05 13:00:00+02:00,CT NG 17,0.0
2030,sc01,05-05 13:00:00+02:00,Biomass 62,0.0
2030,sc01,05-05 13:00:00+02:00,Biomass 32,0.0
2030,sc01,05-05 13:00:00+02:00,CC NG 19,0.0
2030,sc01,05-05 13:00:00+02:00,CC NG 17,0.0
2030,sc01,05-05 13:00:00+02:00,ST NG 01,0.0
2030,sc01,05-05 13:00:00+02:00,Biomass 45,0.0
2030,sc01,05-05 13:00:00+02:00,Biomass 28,0.0
2030,sc01,05-05 13:00:00+02:00,CC NG 10,0.0
2030,sc01,05-05 13:00:00+02:00,Biomass 23,0.0
2030,sc01,05-05 13:00:00+02:00,ST NG 06,0.0
2030,sc01,05-05 13:00:00+02:00,Wind 10,0.0
2030,sc01,05-05 13:00:00+02:00,CT NG 69,0.0
2030,sc01,05-05 13:00:00+02:00,CT NG 68,0.0
2030,sc01,05-10 00:00:00+02:00,CC NG 13,0.0
2030,sc01,05-10 00:00:00+02:00,CT NG 37,0.0
2030,sc01,05-10 00:00:00+02:00,ST Coal 01,0.0
2030,sc01,05-10 00:00:00+02:00,CT NG 09,0.0
2030,sc01,05-10 00:00:00+02:00,CT NG 47,0.0
2030,sc01,05-10 00:00:00+02:00,Solar 69,0.0
2030,sc01,05-10 00:00:00+02:00,Solar 34,0.0
2030,sc01,05-10 00:00:00+02:00,Solar 73,0.0
2030,sc01,05-10 00:00:00+02:00,Biomass 37,0.0
2030,sc01,05-10 00:00:00+02:00,Hydro 20,0.0
2030,sc01,05-10 00:00:00+02:00,Solar 01,0.0
2030,sc01,05-10 00:00:00+02:00,Solar 62,0.0
2030,sc01,05-10 00:00:00+02:00,Solar 02,0.0
2030,sc01,05-10 00:00:00+02:00,CT NG 26,0.0
2030,sc01,05-10 00:00:00+02:00,Biomass 20,0.0
2030,sc01,05-10 00:00:00+02:00,Wind 16,14.584991279328857
2030,sc01,05-10 00:00:00+02:00,CT NG 66,0.0
2030,sc01,05-10 00:00:00+02:00,Solar 39,0.0
2030,sc01,05-10 00:00:00+02:00,Biomass 41,0.0
2030,sc01,05-10 00:00:00+02:00,Solar 72,0.0
2030,sc01,05-10 00:00:00+02:00,ST NG 03,0.0
2030,sc01,05-10 00:00:00+02:00,Hydro 21,0.39632175
2030,sc01,05-10 00:00:00+02:00,CT NG 03,0.0
2030,sc01,05-10 00:00:00+02:00,CC NG 09,0.0
2030,sc01,05-10 00:00:00+02:00,CT Oil 02,0.0
2030,sc01,05-10 00:00:00+02:00,CT NG 39,0.0
2030,sc01,05-10 00:00:00+02:00,CC NG 08,0.0
2030,sc01,05-10 00:00:00+02:00,Biomass 43,0.0
2030,sc01,05-10 00:00:00+02:00,CT NG 18,0.0
2030,sc01,05-10 00:00:00+02:00,ST NG 07,0.0
2030,sc01,05-10 00:00:00+02:00,Biomass 35,0.0
2030,sc01,05-10 00:00:00+02:00,Solar 32,0.0
2030,sc01,05-10 00:00:00+02:00,Biomass 15,0.0
2030,sc01,05-10 00:00:00+02:00,CC NG 31,0.0
2030,sc01,05-10 00:00:00+02:00,Solar 16,0.0
2030,sc01,05-10 00:00:00+02:00,Solar 68,0.0
2030,sc01,05-10 00:00:00+02:00,CT NG 21,0.0
2030,sc01,05-10 00:00:00+02:00,Wind 11,0.0
2030,sc01,05-10 00:00:00+02:00,CC NG 37,0.0
2030,sc01,05-10 00:00:00+02:00,CT NG 22,0.0
2030,sc01,05-10 00:00:00+02:00,Hydro 16,0.0
2030,sc01,05-10 00:00:00+02:00,Biomass 59,0.0
2030,sc01,05-10 00:00:00+02:00,CC NG 01,0.0
2030,sc01,05-10 00:00:00+02:00,Biomass 16,0.0
2030,sc01,05-10 00:00:00+02:00,Solar 03,0.0
2030,sc01,05-10 00:00:00+02:00,Solar 44,0.0
2030,sc01,05-10 00:00:00+02:00,CT NG 08,0.0
2030,sc01,05-10 00:00:00+02:00,Wind 05,0.077420327
2030,sc01,05-10 00:00:00+02:00,Biomass 26,0.0
2030,sc01,05-10 00:00:00+02:00,Solar 37,0.0
2030,sc01,05-10 00:00:00+02:00,Biomass 11,0.0
2030,sc01,05-10 00:00:00+02:00,Solar 59,0.0
2030,sc01,05-10 00:00:00+02:00,CT NG 11,0.0
2030,sc01,05-10 00:00:00+02:00,Biomass 30,0.0
2030,sc01,05-10 00:00:00+02:00,Hydro 23,0.0
2030,sc01,05-10 00:00:00+02:00,CC NG 24,0.0
2030,sc01,05-10 00:00:00+02:00,Solar 65,0.0
2030,sc01,05-10 00:00:00+02:00,CC NG 18,0.0
2030,sc01,05-10 00:00:00+02:00,CT NG 16,0.0
2030,sc01,05-10 00:00:00+02:00,Solar 51,0.0
2030,sc01,05-10 00:00:00+02:00,Wind 06,0.0
2030,sc01,05-10 00:00:00+02:00,CC NG 26,0.0
2030,sc01,05-10 00:00:00+02:00,CC NG 23,0.0
2030,sc01,05-10 00:00:00+02:00,CT NG 43,0.0
2030,sc01,05-10 00:00:00+02:00,CC NG 11,0.0
2030,sc01,05-10 00:00:00+02:00,CT NG 02,0.0
2030,sc01,05-10 00:00:00+02:00,CT NG 50,0.0
2030,sc01,05-10 00:00:00+02:00,Hydro 27,0.0
2030,sc01,05-10 00:00:00+02:00,CT NG 13,0.0
2030,sc01,05-10 00:00:00+02:00,CT NG 25,0.0
2030,sc01,05-10 00:00:00+02:00,CC NG 05,0.0
2030,sc01,05-10 00:00:00+02:00,Solar 04,0.0
2030,sc01,05-10 00:00:00+02:00,Solar 30,0.0
2030,sc01,05-10 00:00:00+02:00,Solar 29,0.0
2030,sc01,05-10 00:00:00+02:00,Solar 53,0.0
2030,sc01,05-10 00:00:00+02:00,Solar 21,0.0
2030,sc01,05-10 00:00:00+02:00,Biomass 58,0.0
2030,sc01,05-10 00:00:00+02:00,CT NG 74,0.0
2030,sc01,05-10 00:00:00+02:00,Solar 61,0.0
2030,sc01,05-10 00:00:00+02:00,Wind 07,0.0
2030,sc01,05-10 00:00:00+02:00,Biomass 31,0.0
2030,sc01,05-10 00:00:00+02:00,CT Oil 05,0.0
2030,sc01,05-10 00:00:00+02:00,Biomass 38,0.0
2030,sc01,05-10 00:00:00+02:00,Solar 41,0.0
2030,sc01,05-10 00:00:00+02:00,Biomass 51,0.0
2030,sc01,05-10 00:00:00+02:00,Biomass 55,0.0
2030,sc01,05-10 00:00:00+02:00,Wind 15,0.0
2030,sc01,05-10 00:00:00+02:00,Geo 01,0.0
2030,sc01,05-10 00:00:00+02:00,Biomass 60,0.0
2030,sc01,05-10 00:00:00+02:00,CT NG 38,0.0
2030,sc01,05-10 00:00:00+02:00,Solar 66,0.0
2030,sc01,05-10 00:00:00+02:00,Solar 49,0.0
2030,sc01,05-10 00:00:00+02:00,CT NG 51,0.0
2030,sc01,05-10 00:00:00+02:00,Biomass 18,0.0
2030,sc01,05-10 00:00:00+02:00,ICE NG 01,0.0
2030,sc01,05-10 00:00:00+02:00,Solar 15,0.0
2030,sc01,05-10 00:00:00+02:00,ICE NG 05,0.0
2030,sc01,05-10 00:00:00+02:00,CT Oil 04,0.0
2030,sc01,05-10 00:00:00+02:00,CC NG 20,0.0
2030,sc01,05-10 00:00:00+02:00,Solar 20,0.0
2030,sc01,05-10 00:00:00+02:00,Biomass 04,0.0
2030,sc01,05-10 00:00:00+02:00,Wind 02,2.989196685
2030,sc01,05-10 00:00:00+02:00,Hydro 25,0.0
2030,sc01,05-10 00:00:00+02:00,Solar 75,0.0
2030,sc01,05-10 00:00:00+02:00,Hydro 33,0.0
2030,sc01,05-10 00:00:00+02:00,ST NG 05,0.0
2030,sc01,05-10 00:00:00+02:00,CT NG 07,0.0
2030,sc01,05-10 00:00:00+02:00,Wind 01,0.756401567
2030,sc01,05-10 00:00:00+02:00,Solar 56,0.0
2030,sc01,05-10 00:00:00+02:00,Biomass 09,0.0
2030,sc01,05-10 00:00:00+02:00,Biomass 53,0.0
2030,sc01,05-10 00:00:00+02:00,Wind 17,0.0
2030,sc01,05-10 00:00:00+02:00,ST NG 08,0.0
2030,sc01,05-10 00:00:00+02:00,Hydro 19,0.0
2030,sc01,05-10 00:00:00+02:00,ST NG 02,0.0
2030,sc01,05-10 00:00:00+02:00,Biomass 01,0.0
2030,sc01,05-10 00:00:00+02:00,Biomass 57,0.0
2030,sc01,05-10 00:00:00+02:00,CT NG 49,0.0
2030,sc01,05-10 00:00:00+02:00,CT NG 31,0.0
2030,sc01,05-10 00:00:00+02:00,Solar 64,0.0
2030,sc01,05-10 00:00:00+02:00,CC NG 33,0.0
2030,sc01,05-10 00:00:00+02:00,Solar 46,0.0
2030,sc01,05-10 00:00:00+02:00,Biomass 12,0.0
2030,sc01,05-10 00:00:00+02:00,Wind 04,0.6649196665
2030,sc01,05-10 00:00:00+02:00,Solar 13,0.0
2030,sc01,05-10 00:00:00+02:00,CT NG 55,0.0
2030,sc01,05-10 00:00:00+02:00,Wind N03,51.760758416977794
2030,sc01,05-10 00:00:00+02:00,CT NG 28,0.0
2030,sc01,05-10 00:00:00+02:00,Wind 09,0.0
2030,sc01,05-10 00:00:00+02:00,Solar 60,0.0
2030,sc01,05-10 00:00:00+02:00,Solar 25,0.0
2030,sc01,05-10 00:00:00+02:00,CT NG 23,0.0
2030,sc01,05-10 00:00:00+02:00,ST Other 01,0.0
2030,sc01,05-10 00:00:00+02:00,Solar 70,0.0
2030,sc01,05-10 00:00:00+02:00,CC NG 34,0.0
2030,sc01,05-10 00:00:00+02:00,Solar 48,0.0
2030,sc01,05-10 00:00:00+02:00,Biomass 56,0.0
2030,sc01,05-10 00:00:00+02:00,CT NG 36,0.0
2030,sc01,05-10 00:00:00+02:00,Solar 47,0.0
2030,sc01,05-10 00:00:00+02:00,Hydro 17,0.009439875
2030,sc01,05-10 00:00:00+02:00,Solar 09,0.0
2030,sc01,05-10 00:00:00+02:00,Solar 08,0.0
2030,sc01,05-10 00:00:00+02:00,CT NG 45,0.0
2030,sc01,05-10 00:00:00+02:00,ST NG 04,0.0
2030,sc01,05-10 00:00:00+02:00,Solar 40,0.0
2030,sc01,05-10 00:00:00+02:00,Biomass 47,0.0
2030,sc01,05-10 00:00:00+02:00,Solar 50,0.0
2030,sc01,05-10 00:00:00+02:00,Solar 52,0.0
2030,sc01,05-10 00:00:00+02:00,Solar 63,0.0
2030,sc01,05-10 00:00:00+02:00,CC NG 06,0.0
2030,sc01,05-10 00:00:00+02:00,Biomass 39,0.0
2030,sc01,05-10 00:00:00+02:00,Solar 67,0.0
2030,sc01,05-10 00:00:00+02:00,Solar 19,0.0
2030,sc01,05-10 00:00:00+02:00,Wind 12,10.672356985
2030,sc01,05-10 00:00:00+02:00,Solar 24,0.0
2030,sc01,05-10 00:00:00+02:00,ICE NG 02,0.0
2030,sc01,05-10 00:00:00+02:00,Solar 05,0.0
2030,sc01,05-10 00:00:00+02:00,CT NG 54,0.0
2030,sc01,05-10 00:00:00+02:00,Wind N01,66.38323202711777
2030,sc01,05-10 00:00:00+02:00,CT NG 27,0.0
2030,sc01,05-10 00:00:00+02:00,CC NG 36,0.0
2030,sc01,05-10 00:00:00+02:00,Wind N02,46.702841764875274
2030,sc01,05-10 00:00:00+02:00,CT NG 52,0.0
2030,sc01,05-10 00:00:00+02:00,Solar 35,0.0
2030,sc01,05-10 00:00:00+02:00,CT NG 05,0.0
2030,sc01,05-10 00:00:00+02:00,Biomass 36,0.0
2030,sc01,05-10 00:00:00+02:00,CT NG 34,0.0
2030,sc01,05-10 00:00:00+02:00,CT Oil 03,0.0
2030,sc01,05-10 00:00:00+02:00,Hydro 35,0.0
2030,sc01,05-10 00:00:00+02:00,Solar 14,0.0
2030,sc01,05-10 00:00:00+02:00,CT NG 75,0.0
2030,sc01,05-10 00:00:00+02:00,ST NG 09,0.0
2030,sc01,05-10 00:00:00+02:00,CT NG 56,0.0
2030,sc01,05-10 00:00:00+02:00,Biomass 22,0.0
2030,sc01,05-10 00:00:00+02:00,Solar 18,0.0
2030,sc01,05-10 00:00:00+02:00,Biomass 13,0.0
2030,sc01,05-10 00:00:00+02:00,CT NG 71,0.0
2030,sc01,05-10 00:00:00+02:00,Solar 58,0.0
2030,sc01,05-10 00:00:00+02:00,Solar 06,0.0
2030,sc01,05-10 00:00:00+02:00,Biomass 08,0.0
2030,sc01,05-10 00:00:00+02:00,CT NG 72,0.0
2030,sc01,05-10 00:00:00+02:00,Hydro 18,0.032515125
2030,sc01,05-10 00:00:00+02:00,Solar 10,0.0
2030,sc01,05-10 00:00:00+02:00,CT NG 04,0.0
2030,sc01,05-10 00:00:00+02:00,ST Other 02,0.0
2030,sc01,05-10 00:00:00+02:00,CT NG 12,0.0
2030,sc01,05-10 00:00:00+02:00,CT NG 48,0.0
2030,sc01,05-10 00:00:00+02:00,ST NG 10,0.0
2030,sc01,05-10 00:00:00+02:00,Solar 22,0.0
2030,sc01,05-10 00:00:00+02:00,Solar 28,0.0
2030,sc01,05-10 00:00:00+02:00,CT NG 73,0.0
2030,sc01,05-10 00:00:00+02:00,Biomass 52,0.0
2030,sc01,05-10 00:00:00+02:00,CT NG 30,0.0
2030,sc01,05-10 00:00:00+02:00,Solar 54,0.0
2030,sc01,05-10 00:00:00+02:00,Solar 31,0.0
2030,sc01,05-10 00:00:00+02:00,Biomass 03,0.0
2030,sc01,05-10 00:00:00+02:00,CT NG 32,0.0
2030,sc01,05-10 00:00:00+02:00,Biomass 27,0.0
2030,sc01,05-10 00:00:00+02:00,CC NG 14,0.0
2030,sc01,05-10 00:00:00+02:00,CC NG 03,0.0
2030,sc01,05-10 00:00:00+02:00,CC NG 29,0.0
2030,sc01,05-10 00:00:00+02:00,CC NG 28,0.0
2030,sc01,05-10 00:00:00+02:00,CC NG 25,0.0
2030,sc01,05-10 00:00:00+02:00,CT NG 44,0.0
2030,sc01,05-10 00:00:00+02:00,CT NG 14,0.0
2030,sc01,05-10 00:00:00+02:00,CC NG 15,0.0
2030,sc01,05-10 00:00:00+02:00,CC NG 04,0.0
2030,sc01,05-10 00:00:00+02:00,Biomass 29,0.0
2030,sc01,05-10 00:00:00+02:00,Wind 14,0.0
2030,sc01,05-10 00:00:00+02:00,Wind 08,0.0
2030,sc01,05-10 00:00:00+02:00,Biomass 61,0.0
2030,sc01,05-10 00:00:00+02:00,CT NG 35,0.0
2030,sc01,05-10 00:00:00+02:00,Solar 33,0.0
2030,sc01,05-10 00:00:00+02:00,CT NG 41,0.0
2030,sc01,05-10 00:00:00+02:00,CT NG 15,0.0
2030,sc01,05-10 00:00:00+02:00,Solar 42,0.0
2030,sc01,05-10 00:00:00+02:00,Solar 07,0.0
2030,sc01,05-10 00:00:00+02:00,Solar 43,0.0
2030,sc01,05-10 00:00:00+02:00,Biomass 05,0.0
2030,sc01,05-10 00:00:00+02:00,CT NG 29,0.0
2030,sc01,05-10 00:00:00+02:00,Solar 71,0.0
2030,sc01,05-10 00:00:00+02:00,CT NG 53,0.0
2030,sc01,05-10 00:00:00+02:00,CT NG 20,0.0
2030,sc01,05-10 00:00:00+02:00,Biomass 14,0.0
2030,sc01,05-10 00:00:00+02:00,Solar 26,0.0
2030,sc01,05-10 00:00:00+02:00,Hydro 29,0.0
2030,sc01,05-10 00:00:00+02:00,Hydro 31,0.0
2030,sc01,05-10 00:00:00+02:00,Biomass 24,0.0
2030,sc01,05-10 00:00:00+02:00,Biomass 54,0.0
2030,sc01,05-10 00:00:00+02:00,Solar 36,0.0
2030,sc01,05-10 00:00:00+02:00,Wind 03,1.3194626365
2030,sc01,05-10 00:00:00+02:00,Biomass 40,0.0
2030,sc01,05-10 00:00:00+02:00,Biomass 49,0.0
2030,sc01,05-10 00:00:00+02:00,CC NG 16,0.0
2030,sc01,05-10 00:00:00+02:00,Biomass 48,0.0
2030,sc01,05-10 00:00:00+02:00,Hydro 28,0.0
2030,sc01,05-10 00:00:00+02:00,Biomass 17,0.0
2030,sc01,05-10 00:00:00+02:00,CT NG 33,0.0
2030,sc01,05-10 00:00:00+02:00,Solar 45,0.0
2030,sc01,05-10 00:00:00+02:00,Hydro 24,0.0
2030,sc01,05-10 00:00:00+02:00,Wind 13,4.949688035
2030,sc01,05-10 00:00:00+02:00,Biomass 07,0.0
2030,sc01,05-10 00:00:00+02:00,Biomass 34,0.0
2030,sc01,05-10 00:00:00+02:00,Biomass 33,0.0
2030,sc01,05-10 00:00:00+02:00,CT NG 01,0.0
2030,sc01,05-10 00:00:00+02:00,ICE NG 03,0.0
2030,sc01,05-10 00:00:00+02:00,Solar 55,0.0
2030,sc01,05-10 00:00:00+02:00,Solar 11,0.0
2030,sc01,05-10 00:00:00+02:00,CT NG 06,0.0
2030,sc01,05-10 00:00:00+02:00,CT NG 70,0.0
2030,sc01,05-10 00:00:00+02:00,Solar 23,0.0
2030,sc01,05-10 00:00:00+02:00,CT NG 67,0.0
2030,sc01,05-10 00:00:00+02:00,Solar 12,0.0
2030,sc01,05-10 00:00:00+02:00,CT Oil 01,0.0
2030,sc01,05-10 00:00:00+02:00,Hydro 26,0.0
2030,sc01,05-10 00:00:00+02:00,CC NG 22,0.0
2030,sc01,05-10 00:00:00+02:00,CC NG 35,0.0
2030,sc01,05-10 00:00:00+02:00,Biomass 50,0.0
2030,sc01,05-10 00:00:00+02:00,ICE NG 04,0.0
2030,sc01,05-10 00:00:00+02:00,CC NG 39,0.0
2030,sc01,05-10 00:00:00+02:00,Hydro 32,0.0033564
2030,sc01,05-10 00:00:00+02:00,ICE NG 07,0.0
2030,sc01,05-10 00:00:00+02:00,Biomass 46,0.0
2030,sc01,05-10 00:00:00+02:00,CC NG 38,0.0
2030,sc01,05-10 00:00:00+02:00,CC NG 12,0.0
2030,sc01,05-10 00:00:00+02:00,Solar 57,0.0
2030,sc01,05-10 00:00:00+02:00,CC NG 32,0.0
2030,sc01,05-10 00:00:00+02:00,CC NG 07,0.0
2030,sc01,05-10 00:00:00+02:00,Biomass 44,0.0
2030,sc01,05-10 00:00:00+02:00,CT NG 40,0.0
2030,sc01,05-10 00:00:00+02:00,Solar 74,0.0
2030,sc01,05-10 00:00:00+02:00,Hydro 30,0.0
2030,sc01,05-10 00:00:00+02:00,CT NG 42,0.0
2030,sc01,05-10 00:00:00+02:00,Hydro 22,0.39632175
2030,sc01,05-10 00:00:00+02:00,Solar 17,0.0
2030,sc01,05-10 00:00:00+02:00,Solar 38,0.0
2030,sc01,05-10 00:00:00+02:00,CT NG 24,0.0
2030,sc01,05-10 00:00:00+02:00,CC NG 27,0.0
2030,sc01,05-10 00:00:00+02:00,Biomass 21,0.0
2030,sc01,05-10 00:00:00+02:00,ICE NG 06,0.0
2030,sc01,05-10 00:00:00+02:00,Biomass 25,0.0
2030,sc01,05-10 00:00:00+02:00,Solar 27,0.0
2030,sc01,05-10 00:00:00+02:00,CT NG 19,0.0
2030,sc01,05-10 00:00:00+02:00,Biomass 42,0.0
2030,sc01,05-10 00:00:00+02:00,Biomass 19,0.0
2030,sc01,05-10 00:00:00+02:00,Biomass 06,0.0
2030,sc01,05-10 00:00:00+02:00,CT NG 10,0.0
2030,sc01,05-10 00:00:00+02:00,CC NG 40,0.0
2030,sc01,05-10 00:00:00+02:00,CC NG 21,0.0
2030,sc01,05-10 00:00:00+02:00,Biomass 02,0.0
2030,sc01,05-10 00:00:00+02:00,CT NG 46,0.0
2030,sc01,05-10 00:00:00+02:00,Hydro 34,0.0
2030,sc01,05-10 00:00:00+02:00,Biomass 10,0.0
2030,sc01,05-10 00:00:00+02:00,CT NG 17,0.0
2030,sc01,05-10 00:00:00+02:00,Biomass 62,0.0
2030,sc01,05-10 00:00:00+02:00,Biomass 32,0.0
2030,sc01,05-10 00:00:00+02:00,CC NG 19,0.0
2030,sc01,05-10 00:00:00+02:00,CC NG 17,0.0
2030,sc01,05-10 00:00:00+02:00,ST NG 01,0.0
2030,sc01,05-10 00:00:00+02:00,Biomass 45,0.0
2030,sc01,05-10 00:00:00+02:00,Biomass 28,0.0
2030,sc01,05-10 00:00:00+02:00,CC NG 10,0.0
2030,sc01,05-10 00:00:00+02:00,Biomass 23,0.0
2030,sc01,05-10 00:00:00+02:00,ST NG 06,0.0
2030,sc01,05-10 00:00:00+02:00,Wind 10,0.0
2030,sc01,05-10 00:00:00+02:00,CT NG 69,0.0
2030,sc01,05-10 00:00:00+02:00,CT NG 68,0.0
2030,sc01,05-10 13:00:00+02:00,CC NG 13,0.0
2030,sc01,05-10 13:00:00+02:00,CT NG 37,0.0
2030,sc01,05-10 13:00:00+02:00,ST Coal 01,0.0
2030,sc01,05-10 13:00:00+02:00,CT NG 09,0.0
2030,sc01,05-10 13:00:00+02:00,CT NG 47,0.0
2030,sc01,05-10 13:00:00+02:00,Solar 69,0.0
2030,sc01,05-10 13:00:00+02:00,Solar 34,0.0
2030,sc01,05-10 13:00:00+02:00,Solar 73,0.0
2030,sc01,05-10 13:00:00+02:00,Biomass 37,0.0
2030,sc01,05-10 13:00:00+02:00,Hydro 20,0.0
2030,sc01,05-10 13:00:00+02:00,Solar 01,13.0099853352
2030,sc01,05-10 13:00:00+02:00,Solar 62,0.0
2030,sc01,05-10 13:00:00+02:00,Solar 02,0.0
2030,sc01,05-10 13:00:00+02:00,CT NG 26,0.0
2030,sc01,05-10 13:00:00+02:00,Biomass 20,0.010079999999999999
2030,sc01,05-10 13:00:00+02:00,Wind 16,8.7248727888
2030,sc01,05-10 13:00:00+02:00,CT NG 66,0.0
2030,sc01,05-10 13:00:00+02:00,Solar 39,0.0
2030,sc01,05-10 13:00:00+02:00,Biomass 41,0.0
2030,sc01,05-10 13:00:00+02:00,Solar 72,0.0
2030,sc01,05-10 13:00:00+02:00,ST NG 03,0.0
2030,sc01,05-10 13:00:00+02:00,Hydro 21,0.0
2030,sc01,05-10 13:00:00+02:00,CT NG 03,0.0
2030,sc01,05-10 13:00:00+02:00,CC NG 09,0.0
2030,sc01,05-10 13:00:00+02:00,CT Oil 02,0.0
2030,sc01,05-10 13:00:00+02:00,CT NG 39,0.0
2030,sc01,05-10 13:00:00+02:00,CC NG 08,0.0
2030,sc01,05-10 13:00:00+02:00,Biomass 43,0.0
2030,sc01,05-10 13:00:00+02:00,CT NG 18,0.0
2030,sc01,05-10 13:00:00+02:00,ST NG 07,0.0
2030,sc01,05-10 13:00:00+02:00,Biomass 35,0.0
2030,sc01,05-10 13:00:00+02:00,Solar 32,0.0
2030,sc01,05-10 13:00:00+02:00,Biomass 15,0.0
2030,sc01,05-10 13:00:00+02:00,CC NG 31,0.0
2030,sc01,05-10 13:00:00+02:00,Solar 16,1.1799071844000002
2030,sc01,05-10 13:00:00+02:00,Solar 68,0.0
2030,sc01,05-10 13:00:00+02:00,CT NG 21,0.0
2030,sc01,05-10 13:00:00+02:00,Wind 11,0.48352645543999995
2030,sc01,05-10 13:00:00+02:00,CC NG 37,0.0
2030,sc01,05-10 13:00:00+02:00,CT NG 22,0.0
2030,sc01,05-10 13:00:00+02:00,Hydro 16,0.00690368
2030,sc01,05-10 13:00:00+02:00,Biomass 59,0.11592000000000001
2030,sc01,05-10 13:00:00+02:00,CC NG 01,0.0
2030,sc01,05-10 13:00:00+02:00,Biomass 16,0.0
2030,sc01,05-10 13:00:00+02:00,Solar 03,5.5718384344
2030,sc01,05-10 13:00:00+02:00,Solar 44,0.0
2030,sc01,05-10 13:00:00+02:00,CT NG 08,0.0
2030,sc01,05-10 13:00:00+02:00,Wind 05,0.02998046128
2030,sc01,05-10 13:00:00+02:00,Biomass 26,0.047319999999999994
2030,sc01,05-10 13:00:00+02:00,Solar 37,0.0
2030,sc01,05-10 13:00:00+02:00,Biomass 11,0.01064
2030,sc01,05-10 13:00:00+02:00,Solar 59,0.0
2030,sc01,05-10 13:00:00+02:00,CT NG 11,0.0
2030,sc01,05-10 13:00:00+02:00,Biomass 30,0.047319999999999994
2030,sc01,05-10 13:00:00+02:00,Hydro 23,0.0
2030,sc01,05-10 13:00:00+02:00,CC NG 24,0.0
2030,sc01,05-10 13:00:00+02:00,Solar 65,10.8020665536
2030,sc01,05-10 13:00:00+02:00,CC NG 18,0.0
2030,sc01,05-10 13:00:00+02:00,CT NG 16,0.0
2030,sc01,05-10 13:00:00+02:00,Solar 51,0.0
2030,sc01,05-10 13:00:00+02:00,Wind 06,0.7226688529199999
2030,sc01,05-10 13:00:00+02:00,CC NG 26,0.0
2030,sc01,05-10 13:00:00+02:00,CC NG 23,0.0
2030,sc01,05-10 13:00:00+02:00,CT NG 43,0.0
2030,sc01,05-10 13:00:00+02:00,CC NG 11,0.0
2030,sc01,05-10 13:00:00+02:00,CT NG 02,0.0
2030,sc01,05-10 13:00:00+02:00,CT NG 50,0.0
2030,sc01,05-10 13:00:00+02:00,Hydro 27,0.0
2030,sc01,05-10 13:00:00+02:00,CT NG 13,0.07840941780151123
2030,sc01,05-10 13:00:00+02:00,CT NG 25,0.0
2030,sc01,05-10 13:00:00+02:00,CC NG 05,0.0
2030,sc01,05-10 13:00:00+02:00,Solar 04,0.79819736752
2030,sc01,05-10 13:00:00+02:00,Solar 30,1.008
2030,sc01,05-10 13:00:00+02:00,Solar 29,1.4362037348399999
2030,sc01,05-10 13:00:00+02:00,Solar 53,0.0
2030,sc01,05-10 13:00:00+02:00,Solar 21,3.0286637332
2030,sc01,05-10 13:00:00+02:00,Biomass 58,0.05627999999999999
2030,sc01,05-10 13:00:00+02:00,CT NG 74,0.0
2030,sc01,05-10 13:00:00+02:00,Solar 61,0.0
2030,sc01,05-10 13:00:00+02:00,Wind 07,0.4818669268
2030,sc01,05-10 13:00:00+02:00,Biomass 31,0.047319999999999994
2030,sc01,05-10 13:00:00+02:00,CT Oil 05,0.0
2030,sc01,05-10 13:00:00+02:00,Biomass 38,0.0
2030,sc01,05-10 13:00:00+02:00,Solar 41,0.0
2030,sc01,05-10 13:00:00+02:00,Biomass 51,0.0
2030,sc01,05-10 13:00:00+02:00,Biomass 55,0.06888
2030,sc01,05-10 13:00:00+02:00,Wind 15,0.0
2030,sc01,05-10 13:00:00+02:00,Geo 01,0.0
2030,sc01,05-10 13:00:00+02:00,Biomass 60,0.0756
2030,sc01,05-10 13:00:00+02:00,CT NG 38,0.0
2030,sc01,05-10 13:00:00+02:00,Solar 66,19.830815644756466
2030,sc01,05-10 13:00:00+02:00,Solar 49,0.0
2030,sc01,05-10 13:00:00+02:00,CT NG 51,0.0
2030,sc01,05-10 13:00:00+02:00,Biomass 18,0.0
2030,sc01,05-10 13:00:00+02:00,ICE NG 01,0.0
2030,sc01,05-10 13:00:00+02:00,Solar 15,1.7320653406000002
2030,sc01,05-10 13:00:00+02:00,ICE NG 05,0.0
2030,sc01,05-10 13:00:00+02:00,CT Oil 04,0.0
2030,sc01,05-10 13:00:00+02:00,CC NG 20,0.0
2030,sc01,05-10 13:00:00+02:00,Solar 20,1.72762320808
2030,sc01,05-10 13:00:00+02:00,Biomass 04,0.0
2030,sc01,05-10 13:00:00+02:00,Wind 02,1.18627363204
2030,sc01,05-10 13:00:00+02:00,Hydro 25,0.0
2030,sc01,05-10 13:00:00+02:00,Solar 75,6.2892986968
2030,sc01,05-10 13:00:00+02:00,Hydro 33,0.0
2030,sc01,05-10 13:00:00+02:00,ST NG 05,0.0
2030,sc01,05-10 13:00:00+02:00,CT NG 07,0.0
2030,sc01,05-10 13:00:00+02:00,Wind 01,0.32155264428
2030,sc01,05-10 13:00:00+02:00,Solar 56,0.0
2030,sc01,05-10 13:00:00+02:00,Biomass 09,0.021560000000000003
2030,sc01,05-10 13:00:00+02:00,Biomass 53,0.06888
2030,sc01,05-10 13:00:00+02:00,Wind 17,7.210947393531226
2030,sc01,05-10 13:00:00+02:00,ST NG 08,0.0
2030,sc01,05-10 13:00:00+02:00,Hydro 19,0.0
2030,sc01,05-10 13:00:00+02:00,ST NG 02,0.0
2030,sc01,05-10 13:00:00+02:00,Biomass 01,0.028840000000000005
2030,sc01,05-10 13:00:00+02:00,Biomass 57,0.05627999999999999
2030,sc01,05-10 13:00:00+02:00,CT NG 49,0.0
2030,sc01,05-10 13:00:00+02:00,CT NG 31,0.0
2030,sc01,05-10 13:00:00+02:00,Solar 64,4.704000000000001
2030,sc01,05-10 13:00:00+02:00,CC NG 33,0.0
2030,sc01,05-10 13:00:00+02:00,Solar 46,0.0
2030,sc01,05-10 13:00:00+02:00,Biomass 12,0.01064
2030,sc01,05-10 13:00:00+02:00,Wind 04,0.162797977664
2030,sc01,05-10 13:00:00+02:00,Solar 13,0.043481124960000006
2030,sc01,05-10 13:00:00+02:00,CT NG 55,0.0
2030,sc01,05-10 13:00:00+02:00,Wind N03,69.092808123817
2030,sc01,05-10 13:00:00+02:00,CT NG 28,0.0
2030,sc01,05-10 13:00:00+02:00,Wind 09,0.43156816528
2030,sc01,05-10 13:00:00+02:00,Solar 60,0.0
2030,sc01,05-10 13:00:00+02:00,Solar 25,0.31885472024
2030,sc01,05-10 13:00:00+02:00,CT NG 23,0.0
2030,sc01,05-10 13:00:00+02:00,ST Other 01,0.0
2030,sc01,05-10 13:00:00+02:00,Solar 70,29.262766757355305
2030,sc01,05-10 13:00:00+02:00,CC NG 34,0.0
2030,sc01,05-10 13:00:00+02:00,Solar 48,0.0
2030,sc01,05-10 13:00:00+02:00,Biomass 56,0.06944
2030,sc01,05-10 13:00:00+02:00,CT NG 36,0.0
2030,sc01,05-10 13:00:00+02:00,Solar 47,0.0
2030,sc01,05-10 13:00:00+02:00,Hydro 17,0.0
2030,sc01,05-10 13:00:00+02:00,Solar 09,0.0
2030,sc01,05-10 13:00:00+02:00,Solar 08,0.0
2030,sc01,05-10 13:00:00+02:00,CT NG 45,0.0
2030,sc01,05-10 13:00:00+02:00,ST NG 04,0.0
2030,sc01,05-10 13:00:00+02:00,Solar 40,0.0
2030,sc01,05-10 13:00:00+02:00,Biomass 47,0.0
2030,sc01,05-10 13:00:00+02:00,Solar 50,0.0
2030,sc01,05-10 13:00:00+02:00,Solar 52,0.0
2030,sc01,05-10 13:00:00+02:00,Solar 63,12.110754247200001
2030,sc01,05-10 13:00:00+02:00,CC NG 06,0.0
2030,sc01,05-10 13:00:00+02:00,Biomass 39,0.0
2030,sc01,05-10 13:00:00+02:00,Solar 67,0.0
2030,sc01,05-10 13:00:00+02:00,Solar 19,0.016444756832
2030,sc01,05-10 13:00:00+02:00,Wind 12,4.0162294788
2030,sc01,05-10 13:00:00+02:00,Solar 24,0.23781836915199997
2030,sc01,05-10 13:00:00+02:00,ICE NG 02,0.0
2030,sc01,05-10 13:00:00+02:00,Solar 05,0.0
2030,sc01,05-10 13:00:00+02:00,CT NG 54,0.0
2030,sc01,05-10 13:00:00+02:00,Wind N01,38.102689940000005
2030,sc01,05-10 13:00:00+02:00,CT NG 27,0.0
2030,sc01,05-10 13:00:00+02:00,CC NG 36,0.0
2030,sc01,05-10 13:00:00+02:00,Wind N02,65.05068136003928
2030,sc01,05-10 13:00:00+02:00,CT NG 52,0.0
2030,sc01,05-10 13:00:00+02:00,Solar 35,0.0
2030,sc01,05-10 13:00:00+02:00,CT NG 05,0.0
2030,sc01,05-10 13:00:00+02:00,Biomass 36,0.0
2030,sc01,05-10 13:00:00+02:00,CT NG 34,0.0
2030,sc01,05-10 13:00:00+02:00,CT Oil 03,0.0
2030,sc01,05-10 13:00:00+02:00,Hydro 35,0.0
2030,sc01,05-10 13:00:00+02:00,Solar 14,1.925666638
2030,sc01,05-10 13:00:00+02:00,CT NG 75,0.0
2030,sc01,05-10 13:00:00+02:00,ST NG 09,0.0
2030,sc01,05-10 13:00:00+02:00,CT NG 56,0.0
2030,sc01,05-10 13:00:00+02:00,Biomass 22,0.010079999999999999
2030,sc01,05-10 13:00:00+02:00,Solar 18,2.0311219944400003
2030,sc01,05-10 13:00:00+02:00,Biomass 13,0.01064
2030,sc01,05-10 13:00:00+02:00,CT NG 71,0.0
2030,sc01,05-10 13:00:00+02:00,Solar 58,0.0
2030,sc01,05-10 13:00:00+02:00,Solar 06,0.0
2030,sc01,05-10 13:00:00+02:00,Biomass 08,0.021560000000000003
2030,sc01,05-10 13:00:00+02:00,CT NG 72,0.0
2030,sc01,05-10 13:00:00+02:00,Hydro 18,0.0
2030,sc01,05-10 13:00:00+02:00,Solar 10,1.66411059864
2030,sc01,05-10 13:00:00+02:00,CT NG 04,0.0
2030,sc01,05-10 13:00:00+02:00,ST Other 02,0.0
2030,sc01,05-10 13:00:00+02:00,CT NG 12,0.0
2030,sc01,05-10 13:00:00+02:00,CT NG 48,0.0
2030,sc01,05-10 13:00:00+02:00,ST NG 10,0.0
2030,sc01,05-10 13:00:00+02:00,Solar 22,1.4938069943999999
2030,sc01,05-10 13:00:00+02:00,Solar 28,1.336783308
2030,sc01,05-10 13:00:00+02:00,CT NG 73,0.0
2030,sc01,05-10 13:00:00+02:00,Biomass 52,0.0
2030,sc01,05-10 13:00:00+02:00,CT NG 30,0.0
2030,sc01,05-10 13:00:00+02:00,Solar 54,0.0
2030,sc01,05-10 13:00:00+02:00,Solar 31,0.0
2030,sc01,05-10 13:00:00+02:00,Biomass 03,0.0
2030,sc01,05-10 13:00:00+02:00,CT NG 32,0.0
2030,sc01,05-10 13:00:00+02:00,Biomass 27,0.047319999999999994
2030,sc01,05-10 13:00:00+02:00,CC NG 14,0.0
2030,sc01,05-10 13:00:00+02:00,CC NG 03,0.0
2030,sc01,05-10 13:00:00+02:00,CC NG 29,0.0
2030,sc01,05-10 13:00:00+02:00,CC NG 28,0.0
2030,sc01,05-10 13:00:00+02:00,CC NG 25,0.0
2030,sc01,05-10 13:00:00+02:00,CT NG 44,0.0
2030,sc01,05-10 13:00:00+02:00,CT NG 14,0.0
2030,sc01,05-10 13:00:00+02:00,CC NG 15,0.0
2030,sc01,05-10 13:00:00+02:00,CC NG 04,0.0
2030,sc01,05-10 13:00:00+02:00,Biomass 29,0.047319999999999994
2030,sc01,05-10 13:00:00+02:00,Wind 14,0.0
2030,sc01,05-10 13:00:00+02:00,Wind 08,0.44851455012
2030,sc01,05-10 13:00:00+02:00,Biomass 61,0.0
2030,sc01,05-10 13:00:00+02:00,CT NG 35,0.0
2030,sc01,05-10 13:00:00+02:00,Solar 33,0.0
2030,sc01,05-10 13:00:00+02:00,CT NG 41,0.0
2030,sc01,05-10 13:00:00+02:00,CT NG 15,0.0
2030,sc01,05-10 13:00:00+02:00,Solar 42,0.0
2030,sc01,05-10 13:00:00+02:00,Solar 07,0.0
2030,sc01,05-10 13:00:00+02:00,Solar 43,0.0
2030,sc01,05-10 13:00:00+02:00,Biomass 05,0.012600000000000002
2030,sc01,05-10 13:00:00+02:00,CT NG 29,0.0
2030,sc01,05-10 13:00:00+02:00,Solar 71,0.0
2030,sc01,05-10 13:00:00+02:00,CT NG 53,0.0
2030,sc01,05-10 13:00:00+02:00,CT NG 20,0.0
2030,sc01,05-10 13:00:00+02:00,Biomass 14,0.02352
2030,sc01,05-10 13:00:00+02:00,Solar 26,0.29528173444
2030,sc01,05-10 13:00:00+02:00,Hydro 29,0.0
2030,sc01,05-10 13:00:00+02:00,Hydro 31,0.00345184
2030,sc01,05-10 13:00:00+02:00,Biomass 24,0.007840000000000001
2030,sc01,05-10 13:00:00+02:00,Biomass 54,0.06888
2030,sc01,05-10 13:00:00+02:00,Solar 36,0.0
2030,sc01,05-10 13:00:00+02:00,Wind 03,0.36247133468
2030,sc01,05-10 13:00:00+02:00,Biomass 40,0.0
2030,sc01,05-10 13:00:00+02:00,Biomass 49,0.0
2030,sc01,05-10 13:00:00+02:00,CC NG 16,0.0
2030,sc01,05-10 13:00:00+02:00,Biomass 48,0.0
2030,sc01,05-10 13:00:00+02:00,Hydro 28,0.0
2030,sc01,05-10 13:00:00+02:00,Biomass 17,0.0
2030,sc01,05-10 13:00:00+02:00,CT NG 33,0.0
2030,sc01,05-10 13:00:00+02:00,Solar 45,0.0
2030,sc01,05-10 13:00:00+02:00,Hydro 24,0.0
2030,sc01,05-10 13:00:00+02:00,Wind 13,1.9053125464799998
2030,sc01,05-10 13:00:00+02:00,Biomass 07,0.056
2030,sc01,05-10 13:00:00+02:00,Biomass 34,0.0
2030,sc01,05-10 13:00:00+02:00,Biomass 33,0.0
2030,sc01,05-10 13:00:00+02:00,CT NG 01,0.6891528
2030,sc01,05-10 13:00:00+02:00,ICE NG 03,0.0
2030,sc01,05-10 13:00:00+02:00,Solar 55,0.0
2030,sc01,05-10 13:00:00+02:00,Solar 11,0.32618070296
2030,sc01,05-10 13:00:00+02:00,CT NG 06,0.0
2030,sc01,05-10 13:00:00+02:00,CT NG 70,0.0
2030,sc01,05-10 13:00:00+02:00,Solar 23,0.04829795152
2030,sc01,05-10 13:00:00+02:00,CT NG 67,0.0
2030,sc01,05-10 13:00:00+02:00,Solar 12,0.252498324064
2030,sc01,05-10 13:00:00+02:00,CT Oil 01,0.0
2030,sc01,05-10 13:00:00+02:00,Hydro 26,0.0
2030,sc01,05-10 13:00:00+02:00,CC NG 22,0.0
2030,sc01,05-10 13:00:00+02:00,CC NG 35,0.0
2030,sc01,05-10 13:00:00+02:00,Biomass 50,0.0
2030,sc01,05-10 13:00:00+02:00,ICE NG 04,0.0
2030,sc01,05-10 13:00:00+02:00,CC NG 39,0.0
2030,sc01,05-10 13:00:00+02:00,Hydro 32,0.0041422080000000005
2030,sc01,05-10 13:00:00+02:00,ICE NG 07,0.0
2030,sc01,05-10 13:00:00+02:00,Biomass 46,0.0
2030,sc01,05-10 13:00:00+02:00,CC NG 38,0.0
2030,sc01,05-10 13:00:00+02:00,CC NG 12,0.0
2030,sc01,05-10 13:00:00+02:00,Solar 57,0.0
2030,sc01,05-10 13:00:00+02:00,CC NG 32,0.0
2030,sc01,05-10 13:00:00+02:00,CC NG 07,0.0
2030,sc01,05-10 13:00:00+02:00,Biomass 44,0.0
2030,sc01,05-10 13:00:00+02:00,CT NG 40,0.0
2030,sc01,05-10 13:00:00+02:00,Solar 74,5.6000000000000005
2030,sc01,05-10 13:00:00+02:00,Hydro 30,0.0
2030,sc01,05-10 13:00:00+02:00,CT NG 42,0.0
2030,sc01,05-10 13:00:00+02:00,Hydro 22,0.0
2030,sc01,05-10 13:00:00+02:00,Solar 17,0.49525012347999997
2030,sc01,05-10 13:00:00+02:00,Solar 38,0.0
2030,sc01,05-10 13:00:00+02:00,CT NG 24,0.0
2030,sc01,05-10 13:00:00+02:00,CC NG 27,0.0
2030,sc01,05-10 13:00:00+02:00,Biomass 21,0.010079999999999999
2030,sc01,05-10 13:00:00+02:00,ICE NG 06,0.0
2030,sc01,05-10 13:00:00+02:00,Biomass 25,0.007840000000000001
2030,sc01,05-10 13:00:00+02:00,Solar 27,0.202266964704
2030,sc01,05-10 13:00:00+02:00,CT NG 19,0.0
2030,sc01,05-10 13:00:00+02:00,Biomass 42,0.0
2030,sc01,05-10 13:00:00+02:00,Biomass 19,0.010079999999999999
2030,sc01,05-10 13:00:00+02:00,Biomass 06,0.012600000000000002
2030,sc01,05-10 13:00:00+02:00,CT NG 10,0.0
2030,sc01,05-10 13:00:00+02:00,CC NG 40,0.0
2030,sc01,05-10 13:00:00+02:00,CC NG 21,0.0
2030,sc01,05-10 13:00:00+02:00,Biomass 02,0.028840000000000005
2030,sc01,05-10 13:00:00+02:00,CT NG 46,0.0
2030,sc01,05-10 13:00:00+02:00,Hydro 34,0.0
2030,sc01,05-10 13:00:00+02:00,Biomass 10,0.021560000000000003
2030,sc01,05-10 13:00:00+02:00,CT NG 17,0.0
2030,sc01,05-10 13:00:00+02:00,Biomass 62,0.05152
2030,sc01,05-10 13:00:00+02:00,Biomass 32,0.034159999999999996
2030,sc01,05-10 13:00:00+02:00,CC NG 19,0.0
2030,sc01,05-10 13:00:00+02:00,CC NG 17,0.0
2030,sc01,05-10 13:00:00+02:00,ST NG 01,0.0
2030,sc01,05-10 13:00:00+02:00,Biomass 45,0.0
2030,sc01,05-10 13:00:00+02:00,Biomass 28,0.047319999999999994
2030,sc01,05-10 13:00:00+02:00,CC NG 10,0.0
2030,sc01,05-10 13:00:00+02:00,Biomass 23,0.007840000000000001
2030,sc01,05-10 13:00:00+02:00,ST NG 06,0.0
2030,sc01,05-10 13:00:00+02:00,Wind 10,0.44549980748000007
2030,sc01,05-10 13:00:00+02:00,CT NG 69,0.0
2030,sc01,05-10 13:00:00+02:00,CT NG 68,0.0
2030,sc01,05-11 13:00:00+02:00,CC NG 13,0.0
2030,sc01,05-11 13:00:00+02:00,CT NG 37,0.0
2030,sc01,05-11 13:00:00+02:00,ST Coal 01,0.0
2030,sc01,05-11 13:00:00+02:00,CT NG 09,0.0
2030,sc01,05-11 13:00:00+02:00,CT NG 47,0.0
2030,sc01,05-11 13:00:00+02:00,Solar 69,10.122443103321135
2030,sc01,05-11 13:00:00+02:00,Solar 34,3.882019785600002
2030,sc01,05-11 13:00:00+02:00,Solar 73,0.0
2030,sc01,05-11 13:00:00+02:00,Biomass 37,0.0
2030,sc01,05-11 13:00:00+02:00,Hydro 20,0.0
2030,sc01,05-11 13:00:00+02:00,Solar 01,0.0
2030,sc01,05-11 13:00:00+02:00,Solar 62,0.0
2030,sc01,05-11 13:00:00+02:00,Solar 02,9.2336941312
2030,sc01,05-11 13:00:00+02:00,CT NG 26,0.0
2030,sc01,05-11 13:00:00+02:00,Biomass 20,0.0
2030,sc01,05-11 13:00:00+02:00,Wind 16,5.0917147808
2030,sc01,05-11 13:00:00+02:00,CT NG 66,0.0
2030,sc01,05-11 13:00:00+02:00,Solar 39,0.0
2030,sc01,05-11 13:00:00+02:00,Biomass 41,0.0
2030,sc01,05-11 13:00:00+02:00,Solar 72,0.0
2030,sc01,05-11 13:00:00+02:00,ST NG 03,0.0
2030,sc01,05-11 13:00:00+02:00,Hydro 21,1.11117792
2030,sc01,05-11 13:00:00+02:00,CT NG 03,0.0
2030,sc01,05-11 13:00:00+02:00,CC NG 09,0.0
2030,sc01,05-11 13:00:00+02:00,CT Oil 02,0.0
2030,sc01,05-11 13:00:00+02:00,CT NG 39,0.0
2030,sc01,05-11 13:00:00+02:00,CC NG 08,0.0
2030,sc01,05-11 13:00:00+02:00,Biomass 43,0.0
2030,sc01,05-11 13:00:00+02:00,CT NG 18,0.0
2030,sc01,05-11 13:00:00+02:00,ST NG 07,0.0
2030,sc01,05-11 13:00:00+02:00,Biomass 35,0.0
2030,sc01,05-11 13:00:00+02:00,Solar 32,0.0
2030,sc01,05-11 13:00:00+02:00,Biomass 15,0.0
2030,sc01,05-11 13:00:00+02:00,CC NG 31,0.0
2030,sc01,05-11 13:00:00+02:00,Solar 16,1.4482794796799998
2030,sc01,05-11 13:00:00+02:00,Solar 68,0.0
2030,sc01,05-11 13:00:00+02:00,CT NG 21,0.0
2030,sc01,05-11 13:00:00+02:00,Wind 11,2.0852528291200003
2030,sc01,05-11 13:00:00+02:00,CC NG 37,0.0
2030,sc01,05-11 13:00:00+02:00,CT NG 22,0.0
2030,sc01,05-11 13:00:00+02:00,Hydro 16,0.0
2030,sc01,05-11 13:00:00+02:00,Biomass 59,0.0
2030,sc01,05-11 13:00:00+02:00,CC NG 01,0.0
2030,sc01,05-11 13:00:00+02:00,Biomass 16,0.0
2030,sc01,05-11 13:00:00+02:00,Solar 03,5.0882775936
2030,sc01,05-11 13:00:00+02:00,Solar 44,0.0
2030,sc01,05-11 13:00:00+02:00,CT NG 08,0.0
2030,sc01,05-11 13:00:00+02:00,Wind 05,0.051610952448
2030,sc01,05-11 13:00:00+02:00,Biomass 26,0.0
2030,sc01,05-11 13:00:00+02:00,Solar 37,0.0
2030,sc01,05-11 13:00:00+02:00,Biomass 11,0.0
2030,sc01,05-11 13:00:00+02:00,Solar 59,0.0
2030,sc01,05-11 13:00:00+02:00,CT NG 11,0.0
2030,sc01,05-11 13:00:00+02:00,Biomass 30,0.0
2030,sc01,05-11 13:00:00+02:00,Hydro 23,0.0
2030,sc01,05-11 13:00:00+02:00,CC NG 24,0.0
2030,sc01,05-11 13:00:00+02:00,Solar 65,12.352247123200002
2030,sc01,05-11 13:00:00+02:00,CC NG 18,0.0
2030,sc01,05-11 13:00:00+02:00,CT NG 16,0.0
2030,sc01,05-11 13:00:00+02:00,Solar 51,0.0
2030,sc01,05-11 13:00:00+02:00,Wind 06,3.0754000384
2030,sc01,05-11 13:00:00+02:00,CC NG 26,0.0
2030,sc01,05-11 13:00:00+02:00,CC NG 23,0.0
2030,sc01,05-11 13:00:00+02:00,CT NG 43,0.0
2030,sc01,05-11 13:00:00+02:00,CC NG 11,0.0
2030,sc01,05-11 13:00:00+02:00,CT NG 02,0.0
2030,sc01,05-11 13:00:00+02:00,CT NG 50,0.0
2030,sc01,05-11 13:00:00+02:00,Hydro 27,0.0
2030,sc01,05-11 13:00:00+02:00,CT NG 13,0.0
2030,sc01,05-11 13:00:00+02:00,CT NG 25,0.0
2030,sc01,05-11 13:00:00+02:00,CC NG 05,0.0
2030,sc01,05-11 13:00:00+02:00,Solar 04,0.0
2030,sc01,05-11 13:00:00+02:00,Solar 30,1.1520000000000001
2030,sc01,05-11 13:00:00+02:00,Solar 29,1.78785697728
2030,sc01,05-11 13:00:00+02:00,Solar 53,0.0
2030,sc01,05-11 13:00:00+02:00,Solar 21,3.8558116032
2030,sc01,05-11 13:00:00+02:00,Biomass 58,0.0
2030,sc01,05-11 13:00:00+02:00,CT NG 74,0.0
2030,sc01,05-11 13:00:00+02:00,Solar 61,0.0
2030,sc01,05-11 13:00:00+02:00,Wind 07,2.07874213728
2030,sc01,05-11 13:00:00+02:00,Biomass 31,0.0
2030,sc01,05-11 13:00:00+02:00,CT Oil 05,0.0
2030,sc01,05-11 13:00:00+02:00,Biomass 38,0.0
2030,sc01,05-11 13:00:00+02:00,Solar 41,0.0
2030,sc01,05-11 13:00:00+02:00,Biomass 51,0.0
2030,sc01,05-11 13:00:00+02:00,Biomass 55,0.0
2030,sc01,05-11 13:00:00+02:00,Wind 15,2.09729299904
2030,sc01,05-11 13:00:00+02:00,Geo 01,0.0
2030,sc01,05-11 13:00:00+02:00,Biomass 60,0.0
2030,sc01,05-11 13:00:00+02:00,CT NG 38,0.0
2030,sc01,05-11 13:00:00+02:00,Solar 66,21.433111136792277
2030,sc01,05-11 13:00:00+02:00,Solar 49,0.0
2030,sc01,05-11 13:00:00+02:00,CT NG 51,0.0
2030,sc01,05-11 13:00:00+02:00,Biomass 18,0.0
2030,sc01,05-11 13:00:00+02:00,ICE NG 01,0.0
2030,sc01,05-11 13:00:00+02:00,Solar 15,2.20510371232
2030,sc01,05-11 13:00:00+02:00,ICE NG 05,0.0
2030,sc01,05-11 13:00:00+02:00,CT Oil 04,0.0
2030,sc01,05-11 13:00:00+02:00,CC NG 20,0.0
2030,sc01,05-11 13:00:00+02:00,Solar 20,2.21650392832
2030,sc01,05-11 13:00:00+02:00,Biomass 04,0.0
2030,sc01,05-11 13:00:00+02:00,Wind 02,5.196988576
2030,sc01,05-11 13:00:00+02:00,Hydro 25,0.39162240000000004
2030,sc01,05-11 13:00:00+02:00,Solar 75,5.5555463872
2030,sc01,05-11 13:00:00+02:00,Hydro 33,0.0
2030,sc01,05-11 13:00:00+02:00,ST NG 05,0.0
2030,sc01,05-11 13:00:00+02:00,CT NG 07,0.0
2030,sc01,05-11 13:00:00+02:00,Wind 01,1.4294580134400001
2030,sc01,05-11 13:00:00+02:00,Solar 56,0.0
2030,sc01,05-11 13:00:00+02:00,Biomass 09,0.0
2030,sc01,05-11 13:00:00+02:00,Biomass 53,0.0
2030,sc01,05-11 13:00:00+02:00,Wind 17,9.991356745600001
2030,sc01,05-11 13:00:00+02:00,ST NG 08,0.0
2030,sc01,05-11 13:00:00+02:00,Hydro 19,0.0
2030,sc01,05-11 13:00:00+02:00,ST NG 02,0.0
2030,sc01,05-11 13:00:00+02:00,Biomass 01,0.0
2030,sc01,05-11 13:00:00+02:00,Biomass 57,0.0
2030,sc01,05-11 13:00:00+02:00,CT NG 49,0.0
2030,sc01,05-11 13:00:00+02:00,CT NG 31,0.0
2030,sc01,05-11 13:00:00+02:00,Solar 64,5.376
2030,sc01,05-11 13:00:00+02:00,CC NG 33,0.0
2030,sc01,05-11 13:00:00+02:00,Solar 46,0.0
2030,sc01,05-11 13:00:00+02:00,Biomass 12,0.0
2030,sc01,05-11 13:00:00+02:00,Wind 04,0.114684156416
2030,sc01,05-11 13:00:00+02:00,Solar 13,0.055356104448
2030,sc01,05-11 13:00:00+02:00,CT NG 55,0.0
2030,sc01,05-11 13:00:00+02:00,Wind N03,53.80744115966341
2030,sc01,05-11 13:00:00+02:00,CT NG 28,0.0
2030,sc01,05-11 13:00:00+02:00,Wind 09,0.737914768
2030,sc01,05-11 13:00:00+02:00,Solar 60,0.0
2030,sc01,05-11 13:00:00+02:00,Solar 25,0.40593602976
2030,sc01,05-11 13:00:00+02:00,CT NG 23,0.0
2030,sc01,05-11 13:00:00+02:00,ST Other 01,0.0
2030,sc01,05-11 13:00:00+02:00,Solar 70,38.4
2030,sc01,05-11 13:00:00+02:00,CC NG 34,0.0
2030,sc01,05-11 13:00:00+02:00,Solar 48,0.0
2030,sc01,05-11 13:00:00+02:00,Biomass 56,0.0
2030,sc01,05-11 13:00:00+02:00,CT NG 36,0.0
2030,sc01,05-11 13:00:00+02:00,Solar 47,0.0
2030,sc01,05-11 13:00:00+02:00,Hydro 17,0.0
2030,sc01,05-11 13:00:00+02:00,Solar 09,0.0
2030,sc01,05-11 13:00:00+02:00,Solar 08,0.0
2030,sc01,05-11 13:00:00+02:00,CT NG 45,0.0
2030,sc01,05-11 13:00:00+02:00,ST NG 04,0.0
2030,sc01,05-11 13:00:00+02:00,Solar 40,0.0
2030,sc01,05-11 13:00:00+02:00,Biomass 47,0.0
2030,sc01,05-11 13:00:00+02:00,Solar 50,0.0
2030,sc01,05-11 13:00:00+02:00,Solar 52,0.0
2030,sc01,05-11 13:00:00+02:00,Solar 63,13.848741676800001
2030,sc01,05-11 13:00:00+02:00,CC NG 06,0.0
2030,sc01,05-11 13:00:00+02:00,Biomass 39,0.0
2030,sc01,05-11 13:00:00+02:00,Solar 67,0.0
2030,sc01,05-11 13:00:00+02:00,Solar 19,0.020935927551999998
2030,sc01,05-11 13:00:00+02:00,Wind 12,15.452228464000001
2030,sc01,05-11 13:00:00+02:00,Solar 24,0.302768121088
2030,sc01,05-11 13:00:00+02:00,ICE NG 02,0.0
2030,sc01,05-11 13:00:00+02:00,Solar 05,0.0
2030,sc01,05-11 13:00:00+02:00,CT NG 54,0.0
2030,sc01,05-11 13:00:00+02:00,Wind N01,63.813066682527165
2030,sc01,05-11 13:00:00+02:00,CT NG 27,0.0
2030,sc01,05-11 13:00:00+02:00,CC NG 36,0.0
2030,sc01,05-11 13:00:00+02:00,Wind N02,0.0
2030,sc01,05-11 13:00:00+02:00,CT NG 52,0.0
2030,sc01,05-11 13:00:00+02:00,Solar 35,0.0
2030,sc01,05-11 13:00:00+02:00,CT NG 05,0.0
2030,sc01,05-11 13:00:00+02:00,Biomass 36,0.0
2030,sc01,05-11 13:00:00+02:00,CT NG 34,0.0
2030,sc01,05-11 13:00:00+02:00,CT Oil 03,0.0
2030,sc01,05-11 13:00:00+02:00,Hydro 35,0.0
2030,sc01,05-11 13:00:00+02:00,Solar 14,2.4515787904
2030,sc01,05-11 13:00:00+02:00,CT NG 75,0.0
2030,sc01,05-11 13:00:00+02:00,ST NG 09,0.0
2030,sc01,05-11 13:00:00+02:00,CT NG 56,0.0
2030,sc01,05-11 13:00:00+02:00,Biomass 22,0.0
2030,sc01,05-11 13:00:00+02:00,Solar 18,2.58583469312
2030,sc01,05-11 13:00:00+02:00,Biomass 13,0.0
2030,sc01,05-11 13:00:00+02:00,CT NG 71,0.0
2030,sc01,05-11 13:00:00+02:00,Solar 58,0.0
2030,sc01,05-11 13:00:00+02:00,Solar 06,0.0
2030,sc01,05-11 13:00:00+02:00,Biomass 08,0.0
2030,sc01,05-11 13:00:00+02:00,CT NG 72,0.0
2030,sc01,05-11 13:00:00+02:00,Hydro 18,0.0
2030,sc01,05-11 13:00:00+02:00,Solar 10,2.13501859776
2030,sc01,05-11 13:00:00+02:00,CT NG 04,0.0
2030,sc01,05-11 13:00:00+02:00,ST Other 02,0.0
2030,sc01,05-11 13:00:00+02:00,CT NG 12,0.0
2030,sc01,05-11 13:00:00+02:00,CT NG 48,0.0
2030,sc01,05-11 13:00:00+02:00,ST NG 10,0.0
2030,sc01,05-11 13:00:00+02:00,Solar 22,1.8595643452800001
2030,sc01,05-11 13:00:00+02:00,Solar 28,1.66409354528
2030,sc01,05-11 13:00:00+02:00,CT NG 73,0.0
2030,sc01,05-11 13:00:00+02:00,Biomass 52,0.0
2030,sc01,05-11 13:00:00+02:00,CT NG 30,0.0
2030,sc01,05-11 13:00:00+02:00,Solar 54,0.0
2030,sc01,05-11 13:00:00+02:00,Solar 31,0.0
2030,sc01,05-11 13:00:00+02:00,Biomass 03,0.0
2030,sc01,05-11 13:00:00+02:00,CT NG 32,0.0
2030,sc01,05-11 13:00:00+02:00,Biomass 27,0.0
2030,sc01,05-11 13:00:00+02:00,CC NG 14,0.0
2030,sc01,05-11 13:00:00+02:00,CC NG 03,0.0
2030,sc01,05-11 13:00:00+02:00,CC NG 29,0.0
2030,sc01,05-11 13:00:00+02:00,CC NG 28,0.0
2030,sc01,05-11 13:00:00+02:00,CC NG 25,0.0
2030,sc01,05-11 13:00:00+02:00,CT NG 44,0.0
2030,sc01,05-11 13:00:00+02:00,CT NG 14,0.0
2030,sc01,05-11 13:00:00+02:00,CC NG 15,0.0
2030,sc01,05-11 13:00:00+02:00,CC NG 04,0.0
2030,sc01,05-11 13:00:00+02:00,Biomass 29,0.0
2030,sc01,05-11 13:00:00+02:00,Wind 14,0.0
2030,sc01,05-11 13:00:00+02:00,Wind 08,0.81225878656
2030,sc01,05-11 13:00:00+02:00,Biomass 61,0.0
2030,sc01,05-11 13:00:00+02:00,CT NG 35,0.0
2030,sc01,05-11 13:00:00+02:00,Solar 33,0.0
2030,sc01,05-11 13:00:00+02:00,CT NG 41,0.0
2030,sc01,05-11 13:00:00+02:00,CT NG 15,0.0
2030,sc01,05-11 13:00:00+02:00,Solar 42,0.0
2030,sc01,05-11 13:00:00+02:00,Solar 07,0.0
2030,sc01,05-11 13:00:00+02:00,Solar 43,0.0
2030,sc01,05-11 13:00:00+02:00,Biomass 05,0.0
2030,sc01,05-11 13:00:00+02:00,CT NG 29,0.0
2030,sc01,05-11 13:00:00+02:00,Solar 71,0.0
2030,sc01,05-11 13:00:00+02:00,CT NG 53,0.0
2030,sc01,05-11 13:00:00+02:00,CT NG 20,0.0
2030,sc01,05-11 13:00:00+02:00,Biomass 14,0.0
2030,sc01,05-11 13:00:00+02:00,Solar 26,0.3759251072
2030,sc01,05-11 13:00:00+02:00,Hydro 29,0.0
2030,sc01,05-11 13:00:00+02:00,Hydro 31,0.00401664
2030,sc01,05-11 13:00:00+02:00,Biomass 24,0.0
2030,sc01,05-11 13:00:00+02:00,Biomass 54,0.0
2030,sc01,05-11 13:00:00+02:00,Solar 36,29.6159253504
2030,sc01,05-11 13:00:00+02:00,Wind 03,0.271179033088
2030,sc01,05-11 13:00:00+02:00,Biomass 40,0.0
2030,sc01,05-11 13:00:00+02:00,Biomass 49,0.0
2030,sc01,05-11 13:00:00+02:00,CC NG 16,0.0
2030,sc01,05-11 13:00:00+02:00,Biomass 48,0.0
2030,sc01,05-11 13:00:00+02:00,Hydro 28,0.0
2030,sc01,05-11 13:00:00+02:00,Biomass 17,0.0
2030,sc01,05-11 13:00:00+02:00,CT NG 33,0.0
2030,sc01,05-11 13:00:00+02:00,Solar 45,0.0
2030,sc01,05-11 13:00:00+02:00,Hydro 24,0.0
2030,sc01,05-11 13:00:00+02:00,Wind 13,7.9474598848
2030,sc01,05-11 13:00:00+02:00,Biomass 07,0.0
2030,sc01,05-11 13:00:00+02:00,Biomass 34,0.0
2030,sc01,05-11 13:00:00+02:00,Biomass 33,0.0
2030,sc01,05-11 13:00:00+02:00,CT NG 01,0.0
2030,sc01,05-11 13:00:00+02:00,ICE NG 03,0.0
2030,sc01,05-11 13:00:00+02:00,Solar 55,0.0
2030,sc01,05-11 13:00:00+02:00,Solar 11,0.41526278592
2030,sc01,05-11 13:00:00+02:00,CT NG 06,0.0
2030,sc01,05-11 13:00:00+02:00,CT NG 70,0.0
2030,sc01,05-11 13:00:00+02:00,Solar 23,0.06148843776
2030,sc01,05-11 13:00:00+02:00,CT NG 67,0.0
2030,sc01,05-11 13:00:00+02:00,Solar 12,0.32145726784
2030,sc01,05-11 13:00:00+02:00,CT Oil 01,0.0
2030,sc01,05-11 13:00:00+02:00,Hydro 26,0.0
2030,sc01,05-11 13:00:00+02:00,CC NG 22,0.0
2030,sc01,05-11 13:00:00+02:00,CC NG 35,0.0
2030,sc01,05-11 13:00:00+02:00,Biomass 50,0.0
2030,sc01,05-11 13:00:00+02:00,ICE NG 04,0.0
2030,sc01,05-11 13:00:00+02:00,CC NG 39,0.0
2030,sc01,05-11 13:00:00+02:00,Hydro 32,0.004819968
2030,sc01,05-11 13:00:00+02:00,ICE NG 07,0.0
2030,sc01,05-11 13:00:00+02:00,Biomass 46,0.0
2030,sc01,05-11 13:00:00+02:00,CC NG 38,0.0
2030,sc01,05-11 13:00:00+02:00,CC NG 12,0.0
2030,sc01,05-11 13:00:00+02:00,Solar 57,0.0
2030,sc01,05-11 13:00:00+02:00,CC NG 32,0.0
2030,sc01,05-11 13:00:00+02:00,CC NG 07,0.0
2030,sc01,05-11 13:00:00+02:00,Biomass 44,0.0
2030,sc01,05-11 13:00:00+02:00,CT NG 40,0.0
2030,sc01,05-11 13:00:00+02:00,Solar 74,6.0703218975999995
2030,sc01,05-11 13:00:00+02:00,Hydro 30,0.0
2030,sc01,05-11 13:00:00+02:00,CT NG 42,0.0
2030,sc01,05-11 13:00:00+02:00,Hydro 22,1.11117792
2030,sc01,05-11 13:00:00+02:00,Solar 17,0.63050617088
2030,sc01,05-11 13:00:00+02:00,Solar 38,0.0
2030,sc01,05-11 13:00:00+02:00,CT NG 24,0.0
2030,sc01,05-11 13:00:00+02:00,CC NG 27,0.0
2030,sc01,05-11 13:00:00+02:00,Biomass 21,0.0
2030,sc01,05-11 13:00:00+02:00,ICE NG 06,0.0
2030,sc01,05-11 13:00:00+02:00,Biomass 25,0.0
2030,sc01,05-11 13:00:00+02:00,Solar 27,0.25565365529600004
2030,sc01,05-11 13:00:00+02:00,CT NG 19,0.0
2030,sc01,05-11 13:00:00+02:00,Biomass 42,0.0
2030,sc01,05-11 13:00:00+02:00,Biomass 19,0.0
2030,sc01,05-11 13:00:00+02:00,Biomass 06,0.0
2030,sc01,05-11 13:00:00+02:00,CT NG 10,0.0
2030,sc01,05-11 13:00:00+02:00,CC NG 40,0.0
2030,sc01,05-11 13:00:00+02:00,CC NG 21,0.0
2030,sc01,05-11 13:00:00+02:00,Biomass 02,0.0
2030,sc01,05-11 13:00:00+02:00,CT NG 46,0.0
2030,sc01,05-11 13:00:00+02:00,Hydro 34,0.0
2030,sc01,05-11 13:00:00+02:00,Biomass 10,0.0
2030,sc01,05-11 13:00:00+02:00,CT NG 17,0.0
2030,sc01,05-11 13:00:00+02:00,Biomass 62,0.0
2030,sc01,05-11 13:00:00+02:00,Biomass 32,0.0
2030,sc01,05-11 13:00:00+02:00,CC NG 19,0.0
2030,sc01,05-11 13:00:00+02:00,CC NG 17,0.0
2030,sc01,05-11 13:00:00+02:00,ST NG 01,0.0
2030,sc01,05-11 13:00:00+02:00,Biomass 45,0.0
2030,sc01,05-11 13:00:00+02:00,Biomass 28,0.0
2030,sc01,05-11 13:00:00+02:00,CC NG 10,0.0
2030,sc01,05-11 13:00:00+02:00,Biomass 23,0.0
2030,sc01,05-11 13:00:00+02:00,ST NG 06,0.0
2030,sc01,05-11 13:00:00+02:00,Wind 10,0.76130374944
2030,sc01,05-11 13:00:00+02:00,CT NG 69,0.0
2030,sc01,05-11 13:00:00+02:00,CT NG 68,0.0
2030,sc01,05-15 13:00:00+02:00,CC NG 13,0.0
2030,sc01,05-15 13:00:00+02:00,CT NG 37,0.0
2030,sc01,05-15 13:00:00+02:00,ST Coal 01,0.0
2030,sc01,05-15 13:00:00+02:00,CT NG 09,0.0
2030,sc01,05-15 13:00:00+02:00,CT NG 47,0.0
2030,sc01,05-15 13:00:00+02:00,Solar 69,10.453797836342071
2030,sc01,05-15 13:00:00+02:00,Solar 34,0.7492737326399956
2030,sc01,05-15 13:00:00+02:00,Solar 73,0.0
2030,sc01,05-15 13:00:00+02:00,Biomass 37,0.0
2030,sc01,05-15 13:00:00+02:00,Hydro 20,0.0
2030,sc01,05-15 13:00:00+02:00,Solar 01,3.9858967080000003
2030,sc01,05-15 13:00:00+02:00,Solar 62,0.0
2030,sc01,05-15 13:00:00+02:00,Solar 02,0.0
2030,sc01,05-15 13:00:00+02:00,CT NG 26,0.0
2030,sc01,05-15 13:00:00+02:00,Biomass 20,0.0
2030,sc01,05-15 13:00:00+02:00,Wind 16,30.8548438848
2030,sc01,05-15 13:00:00+02:00,CT NG 66,0.0
2030,sc01,05-15 13:00:00+02:00,Solar 39,0.0
2030,sc01,05-15 13:00:00+02:00,Biomass 41,0.0
2030,sc01,05-15 13:00:00+02:00,Solar 72,0.0
2030,sc01,05-15 13:00:00+02:00,ST NG 03,0.0
2030,sc01,05-15 13:00:00+02:00,Hydro 21,0.0
2030,sc01,05-15 13:00:00+02:00,CT NG 03,0.0
2030,sc01,05-15 13:00:00+02:00,CC NG 09,0.0
2030,sc01,05-15 13:00:00+02:00,CT Oil 02,0.0
2030,sc01,05-15 13:00:00+02:00,CT NG 39,0.0
2030,sc01,05-15 13:00:00+02:00,CC NG 08,0.0
2030,sc01,05-15 13:00:00+02:00,Biomass 43,0.0
2030,sc01,05-15 13:00:00+02:00,CT NG 18,0.0
2030,sc01,05-15 13:00:00+02:00,ST NG 07,0.0
2030,sc01,05-15 13:00:00+02:00,Biomass 35,0.0
2030,sc01,05-15 13:00:00+02:00,Solar 32,0.0
2030,sc01,05-15 13:00:00+02:00,Biomass 15,0.0
2030,sc01,05-15 13:00:00+02:00,CC NG 31,0.0
2030,sc01,05-15 13:00:00+02:00,Solar 16,1.3306362174
2030,sc01,05-15 13:00:00+02:00,Solar 68,0.0
2030,sc01,05-15 13:00:00+02:00,CT NG 21,0.0
2030,sc01,05-15 13:00:00+02:00,Wind 11,0.69897073788
2030,sc01,05-15 13:00:00+02:00,CC NG 37,0.0
2030,sc01,05-15 13:00:00+02:00,CT NG 22,0.0
2030,sc01,05-15 13:00:00+02:00,Hydro 16,0.01460736
2030,sc01,05-15 13:00:00+02:00,Biomass 59,0.0
2030,sc01,05-15 13:00:00+02:00,CC NG 01,0.0
2030,sc01,05-15 13:00:00+02:00,Biomass 16,0.0
2030,sc01,05-15 13:00:00+02:00,Solar 03,7.1307567144
2030,sc01,05-15 13:00:00+02:00,Solar 44,0.0
2030,sc01,05-15 13:00:00+02:00,CT NG 08,0.0
2030,sc01,05-15 13:00:00+02:00,Wind 05,0.0
2030,sc01,05-15 13:00:00+02:00,Biomass 26,0.0
2030,sc01,05-15 13:00:00+02:00,Solar 37,0.0
2030,sc01,05-15 13:00:00+02:00,Biomass 11,0.0
2030,sc01,05-15 13:00:00+02:00,Solar 59,0.0
2030,sc01,05-15 13:00:00+02:00,CT NG 11,0.0
2030,sc01,05-15 13:00:00+02:00,Biomass 30,0.0
2030,sc01,05-15 13:00:00+02:00,Hydro 23,0.0
2030,sc01,05-15 13:00:00+02:00,CC NG 24,0.0
2030,sc01,05-15 13:00:00+02:00,Solar 65,14.779181556000001
2030,sc01,05-15 13:00:00+02:00,CC NG 18,0.0
2030,sc01,05-15 13:00:00+02:00,CT NG 16,0.0
2030,sc01,05-15 13:00:00+02:00,Solar 51,0.0
2030,sc01,05-15 13:00:00+02:00,Wind 06,1.56708419724
2030,sc01,05-15 13:00:00+02:00,CC NG 26,0.0
2030,sc01,05-15 13:00:00+02:00,CC NG 23,0.0
2030,sc01,05-15 13:00:00+02:00,CT NG 43,0.0
2030,sc01,05-15 13:00:00+02:00,CC NG 11,0.0
2030,sc01,05-15 13:00:00+02:00,CT NG 02,0.0
2030,sc01,05-15 13:00:00+02:00,CT NG 50,0.0
2030,sc01,05-15 13:00:00+02:00,Hydro 27,0.0
2030,sc01,05-15 13:00:00+02:00,CT NG 13,0.0
2030,sc01,05-15 13:00:00+02:00,CT NG 25,0.0
2030,sc01,05-15 13:00:00+02:00,CC NG 05,0.0
2030,sc01,05-15 13:00:00+02:00,Solar 04,1.2196312236
2030,sc01,05-15 13:00:00+02:00,Solar 30,1.2831477940800002
2030,sc01,05-15 13:00:00+02:00,Solar 29,1.72746765108
2030,sc01,05-15 13:00:00+02:00,Solar 53,0.0
2030,sc01,05-15 13:00:00+02:00,Solar 21,4.627743732000001
2030,sc01,05-15 13:00:00+02:00,Biomass 58,0.0
2030,sc01,05-15 13:00:00+02:00,CT NG 74,0.0
2030,sc01,05-15 13:00:00+02:00,Solar 61,0.0
2030,sc01,05-15 13:00:00+02:00,Wind 07,0.7405449012
2030,sc01,05-15 13:00:00+02:00,Biomass 31,0.0
2030,sc01,05-15 13:00:00+02:00,CT Oil 05,0.0
2030,sc01,05-15 13:00:00+02:00,Biomass 38,0.0
2030,sc01,05-15 13:00:00+02:00,Solar 41,0.0
2030,sc01,05-15 13:00:00+02:00,Biomass 51,0.0
2030,sc01,05-15 13:00:00+02:00,Biomass 55,0.0
2030,sc01,05-15 13:00:00+02:00,Wind 15,0.0
2030,sc01,05-15 13:00:00+02:00,Geo 01,0.0
2030,sc01,05-15 13:00:00+02:00,Biomass 60,0.0
2030,sc01,05-15 13:00:00+02:00,CT NG 38,0.0
2030,sc01,05-15 13:00:00+02:00,Solar 66,13.967287303337004
2030,sc01,05-15 13:00:00+02:00,Solar 49,0.0
2030,sc01,05-15 13:00:00+02:00,CT NG 51,0.0
2030,sc01,05-15 13:00:00+02:00,Biomass 18,0.0
2030,sc01,05-15 13:00:00+02:00,ICE NG 01,0.0
2030,sc01,05-15 13:00:00+02:00,Solar 15,2.6465647042800002
2030,sc01,05-15 13:00:00+02:00,ICE NG 05,0.0
2030,sc01,05-15 13:00:00+02:00,CT Oil 04,0.0
2030,sc01,05-15 13:00:00+02:00,CC NG 20,0.0
2030,sc01,05-15 13:00:00+02:00,Solar 20,2.0101412826000002
2030,sc01,05-15 13:00:00+02:00,Biomass 04,0.0
2030,sc01,05-15 13:00:00+02:00,Wind 02,0.0
2030,sc01,05-15 13:00:00+02:00,Hydro 25,0.7121088
2030,sc01,05-15 13:00:00+02:00,Solar 75,0.0
2030,sc01,05-15 13:00:00+02:00,Hydro 33,0.0
2030,sc01,05-15 13:00:00+02:00,ST NG 05,0.0
2030,sc01,05-15 13:00:00+02:00,CT NG 07,0.0
2030,sc01,05-15 13:00:00+02:00,Wind 01,0.0
2030,sc01,05-15 13:00:00+02:00,Solar 56,0.0
2030,sc01,05-15 13:00:00+02:00,Biomass 09,0.0
2030,sc01,05-15 13:00:00+02:00,Biomass 53,0.0
2030,sc01,05-15 13:00:00+02:00,Wind 17,14.684803514258604
2030,sc01,05-15 13:00:00+02:00,ST NG 08,0.0
2030,sc01,05-15 13:00:00+02:00,Hydro 19,1.939014
2030,sc01,05-15 13:00:00+02:00,ST NG 02,0.0
2030,sc01,05-15 13:00:00+02:00,Biomass 01,0.0
2030,sc01,05-15 13:00:00+02:00,Biomass 57,0.0
2030,sc01,05-15 13:00:00+02:00,CT NG 49,0.0
2030,sc01,05-15 13:00:00+02:00,CT NG 31,0.0
2030,sc01,05-15 13:00:00+02:00,Solar 64,6.048
2030,sc01,05-15 13:00:00+02:00,CC NG 33,0.0
2030,sc01,05-15 13:00:00+02:00,Solar 46,0.0
2030,sc01,05-15 13:00:00+02:00,Biomass 12,0.0
2030,sc01,05-15 13:00:00+02:00,Wind 04,0.0
2030,sc01,05-15 13:00:00+02:00,Solar 13,0.06643837267199999
2030,sc01,05-15 13:00:00+02:00,CT NG 55,0.0
2030,sc01,05-15 13:00:00+02:00,Wind N03,138.25435185464
2030,sc01,05-15 13:00:00+02:00,CT NG 28,0.0
2030,sc01,05-15 13:00:00+02:00,Wind 09,0.73490033232
2030,sc01,05-15 13:00:00+02:00,Solar 60,0.0
2030,sc01,05-15 13:00:00+02:00,Solar 25,0.48720428208
2030,sc01,05-15 13:00:00+02:00,CT NG 23,0.0
2030,sc01,05-15 13:00:00+02:00,ST Other 01,0.0
2030,sc01,05-15 13:00:00+02:00,Solar 70,2.857689195484336
2030,sc01,05-15 13:00:00+02:00,CC NG 34,0.0
2030,sc01,05-15 13:00:00+02:00,Solar 48,0.0
2030,sc01,05-15 13:00:00+02:00,Biomass 56,0.0
2030,sc01,05-15 13:00:00+02:00,CT NG 36,0.0
2030,sc01,05-15 13:00:00+02:00,Solar 47,0.0
2030,sc01,05-15 13:00:00+02:00,Hydro 17,0.0
2030,sc01,05-15 13:00:00+02:00,Solar 09,0.0
2030,sc01,05-15 13:00:00+02:00,Solar 08,0.0
2030,sc01,05-15 13:00:00+02:00,CT NG 45,0.0
2030,sc01,05-15 13:00:00+02:00,ST NG 04,0.0
2030,sc01,05-15 13:00:00+02:00,Solar 40,0.0
2030,sc01,05-15 13:00:00+02:00,Biomass 47,0.0
2030,sc01,05-15 13:00:00+02:00,Solar 50,0.0
2030,sc01,05-15 13:00:00+02:00,Solar 52,0.0
2030,sc01,05-15 13:00:00+02:00,Solar 63,16.5697031088
2030,sc01,05-15 13:00:00+02:00,CC NG 06,0.0
2030,sc01,05-15 13:00:00+02:00,Biomass 39,0.0
2030,sc01,05-15 13:00:00+02:00,Solar 67,11.0455448616
2030,sc01,05-15 13:00:00+02:00,Solar 19,0.025127287488000003
2030,sc01,05-15 13:00:00+02:00,Wind 12,10.672836152399999
2030,sc01,05-15 13:00:00+02:00,Solar 24,0.36338219639999997
2030,sc01,05-15 13:00:00+02:00,ICE NG 02,0.0
2030,sc01,05-15 13:00:00+02:00,Solar 05,0.0
2030,sc01,05-15 13:00:00+02:00,CT NG 54,0.0
2030,sc01,05-15 13:00:00+02:00,Wind N01,18.065000573185948
2030,sc01,05-15 13:00:00+02:00,CT NG 27,0.0
2030,sc01,05-15 13:00:00+02:00,CC NG 36,0.0
2030,sc01,05-15 13:00:00+02:00,Wind N02,0.0
2030,sc01,05-15 13:00:00+02:00,CT NG 52,0.0
2030,sc01,05-15 13:00:00+02:00,Solar 35,0.0
2030,sc01,05-15 13:00:00+02:00,CT NG 05,0.0
2030,sc01,05-15 13:00:00+02:00,Biomass 36,0.0
2030,sc01,05-15 13:00:00+02:00,CT NG 34,0.0
2030,sc01,05-15 13:00:00+02:00,CT Oil 03,0.0
2030,sc01,05-15 13:00:00+02:00,Hydro 35,0.004382208
2030,sc01,05-15 13:00:00+02:00,Solar 14,2.94238400256
2030,sc01,05-15 13:00:00+02:00,CT NG 75,0.0
2030,sc01,05-15 13:00:00+02:00,ST NG 09,0.0
2030,sc01,05-15 13:00:00+02:00,CT NG 56,0.0
2030,sc01,05-15 13:00:00+02:00,Biomass 22,0.0
2030,sc01,05-15 13:00:00+02:00,Solar 18,3.1035179001599995
2030,sc01,05-15 13:00:00+02:00,Biomass 13,0.0
2030,sc01,05-15 13:00:00+02:00,CT NG 71,0.0
2030,sc01,05-15 13:00:00+02:00,Solar 58,0.0
2030,sc01,05-15 13:00:00+02:00,Solar 06,0.0
2030,sc01,05-15 13:00:00+02:00,Biomass 08,0.0
2030,sc01,05-15 13:00:00+02:00,CT NG 72,0.0
2030,sc01,05-15 13:00:00+02:00,Hydro 18,0.0
2030,sc01,05-15 13:00:00+02:00,Solar 10,1.93624246188
2030,sc01,05-15 13:00:00+02:00,CT NG 04,0.0
2030,sc01,05-15 13:00:00+02:00,ST Other 02,0.0
2030,sc01,05-15 13:00:00+02:00,CT NG 12,0.0
2030,sc01,05-15 13:00:00+02:00,CT NG 48,0.0
2030,sc01,05-15 13:00:00+02:00,ST NG 10,0.0
2030,sc01,05-15 13:00:00+02:00,Solar 22,1.79675292384
2030,sc01,05-15 13:00:00+02:00,Solar 28,1.60788463704
2030,sc01,05-15 13:00:00+02:00,CT NG 73,0.0
2030,sc01,05-15 13:00:00+02:00,Biomass 52,0.0
2030,sc01,05-15 13:00:00+02:00,CT NG 30,0.0
2030,sc01,05-15 13:00:00+02:00,Solar 54,0.0
2030,sc01,05-15 13:00:00+02:00,Solar 31,0.0
2030,sc01,05-15 13:00:00+02:00,Biomass 03,0.0
2030,sc01,05-15 13:00:00+02:00,CT NG 32,0.0
2030,sc01,05-15 13:00:00+02:00,Biomass 27,0.0
2030,sc01,05-15 13:00:00+02:00,CC NG 14,0.0
2030,sc01,05-15 13:00:00+02:00,CC NG 03,0.0
2030,sc01,05-15 13:00:00+02:00,CC NG 29,0.0
2030,sc01,05-15 13:00:00+02:00,CC NG 28,0.0
2030,sc01,05-15 13:00:00+02:00,CC NG 25,0.0
2030,sc01,05-15 13:00:00+02:00,CT NG 44,0.0
2030,sc01,05-15 13:00:00+02:00,CT NG 14,0.0
2030,sc01,05-15 13:00:00+02:00,CC NG 15,0.0
2030,sc01,05-15 13:00:00+02:00,CC NG 04,0.0
2030,sc01,05-15 13:00:00+02:00,Biomass 29,0.0
2030,sc01,05-15 13:00:00+02:00,Wind 14,0.0
2030,sc01,05-15 13:00:00+02:00,Wind 08,0.76125107664
2030,sc01,05-15 13:00:00+02:00,Biomass 61,0.0
2030,sc01,05-15 13:00:00+02:00,CT NG 35,0.0
2030,sc01,05-15 13:00:00+02:00,Solar 33,0.0
2030,sc01,05-15 13:00:00+02:00,CT NG 41,0.0
2030,sc01,05-15 13:00:00+02:00,CT NG 15,0.0
2030,sc01,05-15 13:00:00+02:00,Solar 42,0.0
2030,sc01,05-15 13:00:00+02:00,Solar 07,0.0
2030,sc01,05-15 13:00:00+02:00,Solar 43,0.0
2030,sc01,05-15 13:00:00+02:00,Biomass 05,0.0
2030,sc01,05-15 13:00:00+02:00,CT NG 29,0.0
2030,sc01,05-15 13:00:00+02:00,Solar 71,0.0
2030,sc01,05-15 13:00:00+02:00,CT NG 53,0.0
2030,sc01,05-15 13:00:00+02:00,CT NG 20,0.0
2030,sc01,05-15 13:00:00+02:00,Biomass 14,0.0
2030,sc01,05-15 13:00:00+02:00,Solar 26,0.45118517724
2030,sc01,05-15 13:00:00+02:00,Hydro 29,0.0
2030,sc01,05-15 13:00:00+02:00,Hydro 31,0.00730368
2030,sc01,05-15 13:00:00+02:00,Biomass 24,0.0
2030,sc01,05-15 13:00:00+02:00,Biomass 54,0.0
2030,sc01,05-15 13:00:00+02:00,Solar 36,36.503052696000005
2030,sc01,05-15 13:00:00+02:00,Wind 03,0.0
2030,sc01,05-15 13:00:00+02:00,Biomass 40,0.0
2030,sc01,05-15 13:00:00+02:00,Biomass 49,0.0
2030,sc01,05-15 13:00:00+02:00,CC NG 16,0.0
2030,sc01,05-15 13:00:00+02:00,Biomass 48,0.0
2030,sc01,05-15 13:00:00+02:00,Hydro 28,0.0
2030,sc01,05-15 13:00:00+02:00,Biomass 17,0.0
2030,sc01,05-15 13:00:00+02:00,CT NG 33,0.0
2030,sc01,05-15 13:00:00+02:00,Solar 45,0.0
2030,sc01,05-15 13:00:00+02:00,Hydro 24,0.0
2030,sc01,05-15 13:00:00+02:00,Wind 13,4.1720005512
2030,sc01,05-15 13:00:00+02:00,Biomass 07,0.0
2030,sc01,05-15 13:00:00+02:00,Biomass 34,0.0
2030,sc01,05-15 13:00:00+02:00,Biomass 33,0.0
2030,sc01,05-15 13:00:00+02:00,CT NG 01,0.0
2030,sc01,05-15 13:00:00+02:00,ICE NG 03,0.0
2030,sc01,05-15 13:00:00+02:00,Solar 55,0.0
2030,sc01,05-15 13:00:00+02:00,Solar 11,0.49839825384
2030,sc01,05-15 13:00:00+02:00,CT NG 06,0.0
2030,sc01,05-15 13:00:00+02:00,CT NG 70,0.0
2030,sc01,05-15 13:00:00+02:00,Solar 23,0.07379840188799999
2030,sc01,05-15 13:00:00+02:00,CT NG 67,0.0
2030,sc01,05-15 13:00:00+02:00,Solar 12,0.38581289712
2030,sc01,05-15 13:00:00+02:00,CT Oil 01,0.0
2030,sc01,05-15 13:00:00+02:00,Hydro 26,0.7121088
2030,sc01,05-15 13:00:00+02:00,CC NG 22,0.0
2030,sc01,05-15 13:00:00+02:00,CC NG 35,0.0
2030,sc01,05-15 13:00:00+02:00,Biomass 50,0.0
2030,sc01,05-15 13:00:00+02:00,ICE NG 04,0.0
2030,sc01,05-15 13:00:00+02:00,CC NG 39,0.0
2030,sc01,05-15 13:00:00+02:00,Hydro 32,0.008764416
2030,sc01,05-15 13:00:00+02:00,ICE NG 07,0.0
2030,sc01,05-15 13:00:00+02:00,Biomass 46,0.0
2030,sc01,05-15 13:00:00+02:00,CC NG 38,0.0
2030,sc01,05-15 13:00:00+02:00,CC NG 12,0.0
2030,sc01,05-15 13:00:00+02:00,Solar 57,0.0
2030,sc01,05-15 13:00:00+02:00,CC NG 32,0.0
2030,sc01,05-15 13:00:00+02:00,CC NG 07,0.0
2030,sc01,05-15 13:00:00+02:00,Biomass 44,0.0
2030,sc01,05-15 13:00:00+02:00,CT NG 40,0.0
2030,sc01,05-15 13:00:00+02:00,Solar 74,0.0
2030,sc01,05-15 13:00:00+02:00,Hydro 30,0.0
2030,sc01,05-15 13:00:00+02:00,CT NG 42,0.0
2030,sc01,05-15 13:00:00+02:00,Hydro 22,0.0
2030,sc01,05-15 13:00:00+02:00,Solar 17,0.75673327932
2030,sc01,05-15 13:00:00+02:00,Solar 38,0.0
2030,sc01,05-15 13:00:00+02:00,CT NG 24,0.0
2030,sc01,05-15 13:00:00+02:00,CC NG 27,0.0
2030,sc01,05-15 13:00:00+02:00,Biomass 21,0.0
2030,sc01,05-15 13:00:00+02:00,ICE NG 06,0.0
2030,sc01,05-15 13:00:00+02:00,Biomass 25,0.0
2030,sc01,05-15 13:00:00+02:00,Solar 27,0.217090193472
2030,sc01,05-15 13:00:00+02:00,CT NG 19,0.0
2030,sc01,05-15 13:00:00+02:00,Biomass 42,0.0
2030,sc01,05-15 13:00:00+02:00,Biomass 19,0.0
2030,sc01,05-15 13:00:00+02:00,Biomass 06,0.0
2030,sc01,05-15 13:00:00+02:00,CT NG 10,0.0
2030,sc01,05-15 13:00:00+02:00,CC NG 40,0.0
2030,sc01,05-15 13:00:00+02:00,CC NG 21,0.0
2030,sc01,05-15 13:00:00+02:00,Biomass 02,0.0
2030,sc01,05-15 13:00:00+02:00,CT NG 46,0.0
2030,sc01,05-15 13:00:00+02:00,Hydro 34,0.0
2030,sc01,05-15 13:00:00+02:00,Biomass 10,0.0
2030,sc01,05-15 13:00:00+02:00,CT NG 17,0.0
2030,sc01,05-15 13:00:00+02:00,Biomass 62,0.0
2030,sc01,05-15 13:00:00+02:00,Biomass 32,0.0
2030,sc01,05-15 13:00:00+02:00,CC NG 19,0.0
2030,sc01,05-15 13:00:00+02:00,CC NG 17,0.0
2030,sc01,05-15 13:00:00+02:00,ST NG 01,0.0
2030,sc01,05-15 13:00:00+02:00,Biomass 45,0.0
2030,sc01,05-15 13:00:00+02:00,Biomass 28,0.0
2030,sc01,05-15 13:00:00+02:00,CC NG 10,0.0
2030,sc01,05-15 13:00:00+02:00,Biomass 23,0.0
2030,sc01,05-15 13:00:00+02:00,ST NG 06,0.0
2030,sc01,05-15 13:00:00+02:00,Wind 10,0.72425137212
2030,sc01,05-15 13:00:00+02:00,CT NG 69,0.0
2030,sc01,05-15 13:00:00+02:00,CT NG 68,0.0
2030,sc01,05-15 19:00:00+02:00,CC NG 13,0.0
2030,sc01,05-15 19:00:00+02:00,CT NG 37,0.0
2030,sc01,05-15 19:00:00+02:00,ST Coal 01,0.0
2030,sc01,05-15 19:00:00+02:00,CT NG 09,0.0
2030,sc01,05-15 19:00:00+02:00,CT NG 47,0.0
2030,sc01,05-15 19:00:00+02:00,Solar 69,0.0
2030,sc01,05-15 19:00:00+02:00,Solar 34,0.0
2030,sc01,05-15 19:00:00+02:00,Solar 73,0.0
2030,sc01,05-15 19:00:00+02:00,Biomass 37,0.0
2030,sc01,05-15 19:00:00+02:00,Hydro 20,0.0
2030,sc01,05-15 19:00:00+02:00,Solar 01,0.022936259855000002
2030,sc01,05-15 19:00:00+02:00,Solar 62,0.0
2030,sc01,05-15 19:00:00+02:00,Solar 02,0.0
2030,sc01,05-15 19:00:00+02:00,CT NG 26,0.0
2030,sc01,05-15 19:00:00+02:00,Biomass 20,0.01295
2030,sc01,05-15 19:00:00+02:00,Wind 16,0.0
2030,sc01,05-15 19:00:00+02:00,CT NG 66,0.0
2030,sc01,05-15 19:00:00+02:00,Solar 39,0.0
2030,sc01,05-15 19:00:00+02:00,Biomass 41,0.0
2030,sc01,05-15 19:00:00+02:00,Solar 72,0.0
2030,sc01,05-15 19:00:00+02:00,ST NG 03,0.0
2030,sc01,05-15 19:00:00+02:00,Hydro 21,0.0
2030,sc01,05-15 19:00:00+02:00,CT NG 03,0.0
2030,sc01,05-15 19:00:00+02:00,CC NG 09,0.0
2030,sc01,05-15 19:00:00+02:00,CT Oil 02,0.0
2030,sc01,05-15 19:00:00+02:00,CT NG 39,0.0
2030,sc01,05-15 19:00:00+02:00,CC NG 08,0.0
2030,sc01,05-15 19:00:00+02:00,Biomass 43,0.0
2030,sc01,05-15 19:00:00+02:00,CT NG 18,0.13982669999999997
2030,sc01,05-15 19:00:00+02:00,ST NG 07,0.0
2030,sc01,05-15 19:00:00+02:00,Biomass 35,0.0
2030,sc01,05-15 19:00:00+02:00,Solar 32,0.0
2030,sc01,05-15 19:00:00+02:00,Biomass 15,0.00777
2030,sc01,05-15 19:00:00+02:00,CC NG 31,0.0
2030,sc01,05-15 19:00:00+02:00,Solar 16,0.0
2030,sc01,05-15 19:00:00+02:00,Solar 68,0.0
2030,sc01,05-15 19:00:00+02:00,CT NG 21,0.0
2030,sc01,05-15 19:00:00+02:00,Wind 11,0.43734033078
2030,sc01,05-15 19:00:00+02:00,CC NG 37,0.0
2030,sc01,05-15 19:00:00+02:00,CT NG 22,0.0
2030,sc01,05-15 19:00:00+02:00,Hydro 16,0.02234208
2030,sc01,05-15 19:00:00+02:00,Biomass 59,0.15318
2030,sc01,05-15 19:00:00+02:00,CC NG 01,0.0
2030,sc01,05-15 19:00:00+02:00,Biomass 16,0.00777
2030,sc01,05-15 19:00:00+02:00,Solar 03,0.0
2030,sc01,05-15 19:00:00+02:00,Solar 44,0.0
2030,sc01,05-15 19:00:00+02:00,CT NG 08,0.0
2030,sc01,05-15 19:00:00+02:00,Wind 05,0.048168019320000005
2030,sc01,05-15 19:00:00+02:00,Biomass 26,0.06253
2030,sc01,05-15 19:00:00+02:00,Solar 37,0.0
2030,sc01,05-15 19:00:00+02:00,Biomass 11,0.013319999999999999
2030,sc01,05-15 19:00:00+02:00,Solar 59,0.0
2030,sc01,05-15 19:00:00+02:00,CT NG 11,0.0
2030,sc01,05-15 19:00:00+02:00,Biomass 30,0.06253
2030,sc01,05-15 19:00:00+02:00,Hydro 23,0.0
2030,sc01,05-15 19:00:00+02:00,CC NG 24,0.0
2030,sc01,05-15 19:00:00+02:00,Solar 65,0.0
2030,sc01,05-15 19:00:00+02:00,CC NG 18,0.0
2030,sc01,05-15 19:00:00+02:00,CT NG 16,0.0
2030,sc01,05-15 19:00:00+02:00,Solar 51,0.0
2030,sc01,05-15 19:00:00+02:00,Wind 06,1.48926997704
2030,sc01,05-15 19:00:00+02:00,CC NG 26,0.0
2030,sc01,05-15 19:00:00+02:00,CC NG 23,0.0
2030,sc01,05-15 19:00:00+02:00,CT NG 43,0.0
2030,sc01,05-15 19:00:00+02:00,CC NG 11,0.0
2030,sc01,05-15 19:00:00+02:00,CT NG 02,0.0
2030,sc01,05-15 19:00:00+02:00,CT NG 50,0.0
2030,sc01,05-15 19:00:00+02:00,Hydro 27,0.0
2030,sc01,05-15 19:00:00+02:00,CT NG 13,0.0
2030,sc01,05-15 19:00:00+02:00,CT NG 25,0.0
2030,sc01,05-15 19:00:00+02:00,CC NG 05,0.0
2030,sc01,05-15 19:00:00+02:00,Solar 04,0.0
2030,sc01,05-15 19:00:00+02:00,Solar 30,0.0
2030,sc01,05-15 19:00:00+02:00,Solar 29,0.0
2030,sc01,05-15 19:00:00+02:00,Solar 53,0.0
2030,sc01,05-15 19:00:00+02:00,Solar 21,0.0
2030,sc01,05-15 19:00:00+02:00,Biomass 58,0.06475
2030,sc01,05-15 19:00:00+02:00,CT NG 74,0.0
2030,sc01,05-15 19:00:00+02:00,Solar 61,0.0
2030,sc01,05-15 19:00:00+02:00,Wind 07,0.58803130008
2030,sc01,05-15 19:00:00+02:00,Biomass 31,0.06253
2030,sc01,05-15 19:00:00+02:00,CT Oil 05,0.0
2030,sc01,05-15 19:00:00+02:00,Biomass 38,0.0
2030,sc01,05-15 19:00:00+02:00,Solar 41,0.0
2030,sc01,05-15 19:00:00+02:00,Biomass 51,0.0
2030,sc01,05-15 19:00:00+02:00,Biomass 55,0.08843000000000001
2030,sc01,05-15 19:00:00+02:00,Wind 15,0.0
2030,sc01,05-15 19:00:00+02:00,Geo 01,0.0
2030,sc01,05-15 19:00:00+02:00,Biomass 60,0.0999
2030,sc01,05-15 19:00:00+02:00,CT NG 38,0.0
2030,sc01,05-15 19:00:00+02:00,Solar 66,0.0
2030,sc01,05-15 19:00:00+02:00,Solar 49,0.0
2030,sc01,05-15 19:00:00+02:00,CT NG 51,0.0
2030,sc01,05-15 19:00:00+02:00,Biomass 18,0.00777
2030,sc01,05-15 19:00:00+02:00,ICE NG 01,0.0
2030,sc01,05-15 19:00:00+02:00,Solar 15,0.0
2030,sc01,05-15 19:00:00+02:00,ICE NG 05,0.0
2030,sc01,05-15 19:00:00+02:00,CT Oil 04,0.0
2030,sc01,05-15 19:00:00+02:00,CC NG 20,0.0
2030,sc01,05-15 19:00:00+02:00,Solar 20,0.0
2030,sc01,05-15 19:00:00+02:00,Biomass 04,0.0
2030,sc01,05-15 19:00:00+02:00,Wind 02,1.4966561057399999
2030,sc01,05-15 19:00:00+02:00,Hydro 25,0.0
2030,sc01,05-15 19:00:00+02:00,Solar 75,0.0
2030,sc01,05-15 19:00:00+02:00,Hydro 33,0.0
2030,sc01,05-15 19:00:00+02:00,ST NG 05,0.0
2030,sc01,05-15 19:00:00+02:00,CT NG 07,0.0
2030,sc01,05-15 19:00:00+02:00,Wind 01,0.53733394263
2030,sc01,05-15 19:00:00+02:00,Solar 56,0.0
2030,sc01,05-15 19:00:00+02:00,Biomass 09,0.02775
2030,sc01,05-15 19:00:00+02:00,Biomass 53,0.08843000000000001
2030,sc01,05-15 19:00:00+02:00,Wind 17,27.73986748778733
2030,sc01,05-15 19:00:00+02:00,ST NG 08,0.0
2030,sc01,05-15 19:00:00+02:00,Hydro 19,0.0
2030,sc01,05-15 19:00:00+02:00,ST NG 02,0.0
2030,sc01,05-15 19:00:00+02:00,Biomass 01,0.03737
2030,sc01,05-15 19:00:00+02:00,Biomass 57,0.06475
2030,sc01,05-15 19:00:00+02:00,CT NG 49,0.0
2030,sc01,05-15 19:00:00+02:00,CT NG 31,0.0
2030,sc01,05-15 19:00:00+02:00,Solar 64,0.0
2030,sc01,05-15 19:00:00+02:00,CC NG 33,0.0
2030,sc01,05-15 19:00:00+02:00,Solar 46,0.0
2030,sc01,05-15 19:00:00+02:00,Biomass 12,0.013319999999999999
2030,sc01,05-15 19:00:00+02:00,Wind 04,0.156918257704
2030,sc01,05-15 19:00:00+02:00,Solar 13,0.0
2030,sc01,05-15 19:00:00+02:00,CT NG 55,0.0
2030,sc01,05-15 19:00:00+02:00,Wind N03,164.1729879310983
2030,sc01,05-15 19:00:00+02:00,CT NG 28,0.0
2030,sc01,05-15 19:00:00+02:00,Wind 09,0.6052018652900001
2030,sc01,05-15 19:00:00+02:00,Solar 60,0.0
2030,sc01,05-15 19:00:00+02:00,Solar 25,0.0
2030,sc01,05-15 19:00:00+02:00,CT NG 23,0.0
2030,sc01,05-15 19:00:00+02:00,ST Other 01,0.0
2030,sc01,05-15 19:00:00+02:00,Solar 70,0.0
2030,sc01,05-15 19:00:00+02:00,CC NG 34,0.0
2030,sc01,05-15 19:00:00+02:00,Solar 48,0.0
2030,sc01,05-15 19:00:00+02:00,Biomass 56,0.07510999999999998
2030,sc01,05-15 19:00:00+02:00,CT NG 36,0.0
2030,sc01,05-15 19:00:00+02:00,Solar 47,0.0
2030,sc01,05-15 19:00:00+02:00,Hydro 17,0.03770226
2030,sc01,05-15 19:00:00+02:00,Solar 09,0.0
2030,sc01,05-15 19:00:00+02:00,Solar 08,0.0
2030,sc01,05-15 19:00:00+02:00,CT NG 45,0.0
2030,sc01,05-15 19:00:00+02:00,ST NG 04,2.246714
2030,sc01,05-15 19:00:00+02:00,Solar 40,0.0
2030,sc01,05-15 19:00:00+02:00,Biomass 47,0.0
2030,sc01,05-15 19:00:00+02:00,Solar 50,0.0
2030,sc01,05-15 19:00:00+02:00,Solar 52,0.0
2030,sc01,05-15 19:00:00+02:00,Solar 63,0.0
2030,sc01,05-15 19:00:00+02:00,CC NG 06,0.0
2030,sc01,05-15 19:00:00+02:00,Biomass 39,0.0
2030,sc01,05-15 19:00:00+02:00,Solar 67,0.0
2030,sc01,05-15 19:00:00+02:00,Solar 19,0.0
2030,sc01,05-15 19:00:00+02:00,Wind 12,9.7804899531
2030,sc01,05-15 19:00:00+02:00,Solar 24,0.0
2030,sc01,05-15 19:00:00+02:00,ICE NG 02,0.0
2030,sc01,05-15 19:00:00+02:00,Solar 05,0.0
2030,sc01,05-15 19:00:00+02:00,CT NG 54,0.0
2030,sc01,05-15 19:00:00+02:00,Wind N01,92.789263669
2030,sc01,05-15 19:00:00+02:00,CT NG 27,0.0
2030,sc01,05-15 19:00:00+02:00,CC NG 36,0.0
2030,sc01,05-15 19:00:00+02:00,Wind N02,65.74766501515924
2030,sc01,05-15 19:00:00+02:00,CT NG 52,0.0
2030,sc01,05-15 19:00:00+02:00,Solar 35,0.0
2030,sc01,05-15 19:00:00+02:00,CT NG 05,0.0
2030,sc01,05-15 19:00:00+02:00,Biomass 36,0.0
2030,sc01,05-15 19:00:00+02:00,CT NG 34,0.0
2030,sc01,05-15 19:00:00+02:00,CT Oil 03,0.0
2030,sc01,05-15 19:00:00+02:00,Hydro 35,0.006702624000000001
2030,sc01,05-15 19:00:00+02:00,Solar 14,0.0
2030,sc01,05-15 19:00:00+02:00,CT NG 75,0.0
2030,sc01,05-15 19:00:00+02:00,ST NG 09,0.0
2030,sc01,05-15 19:00:00+02:00,CT NG 56,0.0
2030,sc01,05-15 19:00:00+02:00,Biomass 22,0.01295
2030,sc01,05-15 19:00:00+02:00,Solar 18,0.0
2030,sc01,05-15 19:00:00+02:00,Biomass 13,0.013319999999999999
2030,sc01,05-15 19:00:00+02:00,CT NG 71,0.0
2030,sc01,05-15 19:00:00+02:00,Solar 58,0.0
2030,sc01,05-15 19:00:00+02:00,Solar 06,0.0
2030,sc01,05-15 19:00:00+02:00,Biomass 08,0.02775
2030,sc01,05-15 19:00:00+02:00,CT NG 72,0.0
2030,sc01,05-15 19:00:00+02:00,Hydro 18,0.12986334
2030,sc01,05-15 19:00:00+02:00,Solar 10,0.0
2030,sc01,05-15 19:00:00+02:00,CT NG 04,0.0
2030,sc01,05-15 19:00:00+02:00,ST Other 02,0.0
2030,sc01,05-15 19:00:00+02:00,CT NG 12,0.0
2030,sc01,05-15 19:00:00+02:00,CT NG 48,0.0
2030,sc01,05-15 19:00:00+02:00,ST NG 10,0.0
2030,sc01,05-15 19:00:00+02:00,Solar 22,0.0
2030,sc01,05-15 19:00:00+02:00,Solar 28,0.0
2030,sc01,05-15 19:00:00+02:00,CT NG 73,0.0
2030,sc01,05-15 19:00:00+02:00,Biomass 52,0.0
2030,sc01,05-15 19:00:00+02:00,CT NG 30,0.0
2030,sc01,05-15 19:00:00+02:00,Solar 54,0.0
2030,sc01,05-15 19:00:00+02:00,Solar 31,0.0
2030,sc01,05-15 19:00:00+02:00,Biomass 03,0.0
2030,sc01,05-15 19:00:00+02:00,CT NG 32,0.0
2030,sc01,05-15 19:00:00+02:00,Biomass 27,0.06253
2030,sc01,05-15 19:00:00+02:00,CC NG 14,0.0
2030,sc01,05-15 19:00:00+02:00,CC NG 03,0.0
2030,sc01,05-15 19:00:00+02:00,CC NG 29,0.0
2030,sc01,05-15 19:00:00+02:00,CC NG 28,0.0
2030,sc01,05-15 19:00:00+02:00,CC NG 25,0.0
2030,sc01,05-15 19:00:00+02:00,CT NG 44,0.0
2030,sc01,05-15 19:00:00+02:00,CT NG 14,0.0
2030,sc01,05-15 19:00:00+02:00,CC NG 15,0.0
2030,sc01,05-15 19:00:00+02:00,CC NG 04,0.0
2030,sc01,05-15 19:00:00+02:00,Biomass 29,0.06253
2030,sc01,05-15 19:00:00+02:00,Wind 14,24.165248837293934
2030,sc01,05-15 19:00:00+02:00,Wind 08,0.67065625982
2030,sc01,05-15 19:00:00+02:00,Biomass 61,0.0
2030,sc01,05-15 19:00:00+02:00,CT NG 35,0.0
2030,sc01,05-15 19:00:00+02:00,Solar 33,0.0
2030,sc01,05-15 19:00:00+02:00,CT NG 41,0.0
2030,sc01,05-15 19:00:00+02:00,CT NG 15,0.0
2030,sc01,05-15 19:00:00+02:00,Solar 42,0.0
2030,sc01,05-15 19:00:00+02:00,Solar 07,0.0
2030,sc01,05-15 19:00:00+02:00,Solar 43,0.0
2030,sc01,05-15 19:00:00+02:00,Biomass 05,0.01628
2030,sc01,05-15 19:00:00+02:00,CT NG 29,0.0
2030,sc01,05-15 19:00:00+02:00,Solar 71,0.0
2030,sc01,05-15 19:00:00+02:00,CT NG 53,0.0
2030,sc01,05-15 19:00:00+02:00,CT NG 20,0.0
2030,sc01,05-15 19:00:00+02:00,Biomass 14,0.0296
2030,sc01,05-15 19:00:00+02:00,Solar 26,0.0
2030,sc01,05-15 19:00:00+02:00,Hydro 29,0.0
2030,sc01,05-15 19:00:00+02:00,Hydro 31,0.01117104
2030,sc01,05-15 19:00:00+02:00,Biomass 24,0.01665
2030,sc01,05-15 19:00:00+02:00,Biomass 54,0.08843000000000001
2030,sc01,05-15 19:00:00+02:00,Solar 36,0.0
2030,sc01,05-15 19:00:00+02:00,Wind 03,0.41216975285000007
2030,sc01,05-15 19:00:00+02:00,Biomass 40,0.0
2030,sc01,05-15 19:00:00+02:00,Biomass 49,0.0
2030,sc01,05-15 19:00:00+02:00,CC NG 16,20.235868776707612
2030,sc01,05-15 19:00:00+02:00,Biomass 48,0.0
2030,sc01,05-15 19:00:00+02:00,Hydro 28,0.0
2030,sc01,05-15 19:00:00+02:00,Biomass 17,0.00777
2030,sc01,05-15 19:00:00+02:00,CT NG 33,0.0
2030,sc01,05-15 19:00:00+02:00,Solar 45,0.0
2030,sc01,05-15 19:00:00+02:00,Hydro 24,0.0
2030,sc01,05-15 19:00:00+02:00,Wind 13,4.1016689438
2030,sc01,05-15 19:00:00+02:00,Biomass 07,0.074
2030,sc01,05-15 19:00:00+02:00,Biomass 34,0.0
2030,sc01,05-15 19:00:00+02:00,Biomass 33,0.0
2030,sc01,05-15 19:00:00+02:00,CT NG 01,0.0
2030,sc01,05-15 19:00:00+02:00,ICE NG 03,0.0
2030,sc01,05-15 19:00:00+02:00,Solar 55,0.0
2030,sc01,05-15 19:00:00+02:00,Solar 11,0.0
2030,sc01,05-15 19:00:00+02:00,CT NG 06,0.0
2030,sc01,05-15 19:00:00+02:00,CT NG 70,0.0
2030,sc01,05-15 19:00:00+02:00,Solar 23,0.0
2030,sc01,05-15 19:00:00+02:00,CT NG 67,0.0
2030,sc01,05-15 19:00:00+02:00,Solar 12,0.0
2030,sc01,05-15 19:00:00+02:00,CT Oil 01,0.0
2030,sc01,05-15 19:00:00+02:00,Hydro 26,0.0
2030,sc01,05-15 19:00:00+02:00,CC NG 22,0.0
2030,sc01,05-15 19:00:00+02:00,CC NG 35,0.0
2030,sc01,05-15 19:00:00+02:00,Biomass 50,0.0
2030,sc01,05-15 19:00:00+02:00,ICE NG 04,0.0
2030,sc01,05-15 19:00:00+02:00,CC NG 39,6.26215031657572
2030,sc01,05-15 19:00:00+02:00,Hydro 32,0.013405248000000002
2030,sc01,05-15 19:00:00+02:00,ICE NG 07,0.0
2030,sc01,05-15 19:00:00+02:00,Biomass 46,0.0
2030,sc01,05-15 19:00:00+02:00,CC NG 38,0.0
2030,sc01,05-15 19:00:00+02:00,CC NG 12,0.0
2030,sc01,05-15 19:00:00+02:00,Solar 57,0.0
2030,sc01,05-15 19:00:00+02:00,CC NG 32,0.0
2030,sc01,05-15 19:00:00+02:00,CC NG 07,0.0
2030,sc01,05-15 19:00:00+02:00,Biomass 44,0.0
2030,sc01,05-15 19:00:00+02:00,CT NG 40,0.0
2030,sc01,05-15 19:00:00+02:00,Solar 74,0.013422324536
2030,sc01,05-15 19:00:00+02:00,Hydro 30,0.0
2030,sc01,05-15 19:00:00+02:00,CT NG 42,0.0
2030,sc01,05-15 19:00:00+02:00,Hydro 22,0.0
2030,sc01,05-15 19:00:00+02:00,Solar 17,0.0
2030,sc01,05-15 19:00:00+02:00,Solar 38,0.0
2030,sc01,05-15 19:00:00+02:00,CT NG 24,0.0
2030,sc01,05-15 19:00:00+02:00,CC NG 27,0.0
2030,sc01,05-15 19:00:00+02:00,Biomass 21,0.01295
2030,sc01,05-15 19:00:00+02:00,ICE NG 06,0.0
2030,sc01,05-15 19:00:00+02:00,Biomass 25,0.01665
2030,sc01,05-15 19:00:00+02:00,Solar 27,0.0
2030,sc01,05-15 19:00:00+02:00,CT NG 19,0.13982669999999997
2030,sc01,05-15 19:00:00+02:00,Biomass 42,0.0
2030,sc01,05-15 19:00:00+02:00,Biomass 19,0.01295
2030,sc01,05-15 19:00:00+02:00,Biomass 06,0.01628
2030,sc01,05-15 19:00:00+02:00,CT NG 10,0.0
2030,sc01,05-15 19:00:00+02:00,CC NG 40,0.0
2030,sc01,05-15 19:00:00+02:00,CC NG 21,0.0
2030,sc01,05-15 19:00:00+02:00,Biomass 02,0.03737
2030,sc01,05-15 19:00:00+02:00,CT NG 46,0.0
2030,sc01,05-15 19:00:00+02:00,Hydro 34,0.0
2030,sc01,05-15 19:00:00+02:00,Biomass 10,0.02775
2030,sc01,05-15 19:00:00+02:00,CT NG 17,0.0
2030,sc01,05-15 19:00:00+02:00,Biomass 62,0.0592
2030,sc01,05-15 19:00:00+02:00,Biomass 32,0.04402999999999999
2030,sc01,05-15 19:00:00+02:00,CC NG 19,5.00906
2030,sc01,05-15 19:00:00+02:00,CC NG 17,0.0
2030,sc01,05-15 19:00:00+02:00,ST NG 01,0.0
2030,sc01,05-15 19:00:00+02:00,Biomass 45,0.0
2030,sc01,05-15 19:00:00+02:00,Biomass 28,0.06253
2030,sc01,05-15 19:00:00+02:00,CC NG 10,0.0
2030,sc01,05-15 19:00:00+02:00,Biomass 23,0.01665
2030,sc01,05-15 19:00:00+02:00,ST NG 06,0.0
2030,sc01,05-15 19:00:00+02:00,Wind 10,0.7020464219400001
2030,sc01,05-15 19:00:00+02:00,CT NG 69,0.0
2030,sc01,05-15 19:00:00+02:00,CT NG 68,0.0
2030,sc01,05-16 09:00:00+02:00,CC NG 13,0.0
2030,sc01,05-16 09:00:00+02:00,CT NG 37,0.0
2030,sc01,05-16 09:00:00+02:00,ST Coal 01,0.0
2030,sc01,05-16 09:00:00+02:00,CT NG 09,0.0
2030,sc01,05-16 09:00:00+02:00,CT NG 47,0.0
2030,sc01,05-16 09:00:00+02:00,Solar 69,0.0
2030,sc01,05-16 09:00:00+02:00,Solar 34,44.3255454432
2030,sc01,05-16 09:00:00+02:00,Solar 73,0.0
2030,sc01,05-16 09:00:00+02:00,Biomass 37,0.0
2030,sc01,05-16 09:00:00+02:00,Hydro 20,0.0
2030,sc01,05-16 09:00:00+02:00,Solar 01,23.8444242792
2030,sc01,05-16 09:00:00+02:00,Solar 62,0.0
2030,sc01,05-16 09:00:00+02:00,Solar 02,0.0
2030,sc01,05-16 09:00:00+02:00,CT NG 26,0.0
2030,sc01,05-16 09:00:00+02:00,Biomass 20,0.0
2030,sc01,05-16 09:00:00+02:00,Wind 16,39.75172544000715
2030,sc01,05-16 09:00:00+02:00,CT NG 66,0.0
2030,sc01,05-16 09:00:00+02:00,Solar 39,0.0
2030,sc01,05-16 09:00:00+02:00,Biomass 41,0.0
2030,sc01,05-16 09:00:00+02:00,Solar 72,0.0
2030,sc01,05-16 09:00:00+02:00,ST NG 03,0.0
2030,sc01,05-16 09:00:00+02:00,Hydro 21,0.0
2030,sc01,05-16 09:00:00+02:00,CT NG 03,0.0
2030,sc01,05-16 09:00:00+02:00,CC NG 09,0.0
2030,sc01,05-16 09:00:00+02:00,CT Oil 02,0.0
2030,sc01,05-16 09:00:00+02:00,CT NG 39,0.0
2030,sc01,05-16 09:00:00+02:00,CC NG 08,0.0
2030,sc01,05-16 09:00:00+02:00,Biomass 43,0.0
2030,sc01,05-16 09:00:00+02:00,CT NG 18,0.0
2030,sc01,05-16 09:00:00+02:00,ST NG 07,0.0
2030,sc01,05-16 09:00:00+02:00,Biomass 35,0.0
2030,sc01,05-16 09:00:00+02:00,Solar 32,0.0
2030,sc01,05-16 09:00:00+02:00,Biomass 15,0.01176
2030,sc01,05-16 09:00:00+02:00,CC NG 31,0.0
2030,sc01,05-16 09:00:00+02:00,Solar 16,1.25051819424
2030,sc01,05-16 09:00:00+02:00,Solar 68,0.0
2030,sc01,05-16 09:00:00+02:00,CT NG 21,0.0
2030,sc01,05-16 09:00:00+02:00,Wind 11,0.06631324448
2030,sc01,05-16 09:00:00+02:00,CC NG 37,0.0
2030,sc01,05-16 09:00:00+02:00,CT NG 22,0.0
2030,sc01,05-16 09:00:00+02:00,Hydro 16,0.032287359999999994
2030,sc01,05-16 09:00:00+02:00,Biomass 59,0.23184000000000002
2030,sc01,05-16 09:00:00+02:00,CC NG 01,0.0
2030,sc01,05-16 09:00:00+02:00,Biomass 16,0.01176
2030,sc01,05-16 09:00:00+02:00,Solar 03,10.8047452576
2030,sc01,05-16 09:00:00+02:00,Solar 44,0.0
2030,sc01,05-16 09:00:00+02:00,CT NG 08,0.0
2030,sc01,05-16 09:00:00+02:00,Wind 05,0.035266433663999994
2030,sc01,05-16 09:00:00+02:00,Biomass 26,0.0
2030,sc01,05-16 09:00:00+02:00,Solar 37,0.0
2030,sc01,05-16 09:00:00+02:00,Biomass 11,0.0
2030,sc01,05-16 09:00:00+02:00,Solar 59,0.0
2030,sc01,05-16 09:00:00+02:00,CT NG 11,0.0
2030,sc01,05-16 09:00:00+02:00,Biomass 30,0.0
2030,sc01,05-16 09:00:00+02:00,Hydro 23,0.0
2030,sc01,05-16 09:00:00+02:00,CC NG 24,0.0
2030,sc01,05-16 09:00:00+02:00,Solar 65,19.9662570296
2030,sc01,05-16 09:00:00+02:00,CC NG 18,0.0
2030,sc01,05-16 09:00:00+02:00,CT NG 16,0.0
2030,sc01,05-16 09:00:00+02:00,Solar 51,0.0
2030,sc01,05-16 09:00:00+02:00,Wind 06,0.6503041591200001
2030,sc01,05-16 09:00:00+02:00,CC NG 26,0.0
2030,sc01,05-16 09:00:00+02:00,CC NG 23,0.0
2030,sc01,05-16 09:00:00+02:00,CT NG 43,0.0
2030,sc01,05-16 09:00:00+02:00,CC NG 11,0.0
2030,sc01,05-16 09:00:00+02:00,CT NG 02,0.0
2030,sc01,05-16 09:00:00+02:00,CT NG 50,0.0
2030,sc01,05-16 09:00:00+02:00,Hydro 27,0.0
2030,sc01,05-16 09:00:00+02:00,CT NG 13,0.0
2030,sc01,05-16 09:00:00+02:00,CT NG 25,0.0
2030,sc01,05-16 09:00:00+02:00,CC NG 05,0.0
2030,sc01,05-16 09:00:00+02:00,Solar 04,1.0975753958399999
2030,sc01,05-16 09:00:00+02:00,Solar 30,1.2058890636800002
2030,sc01,05-16 09:00:00+02:00,Solar 29,1.73760971944
2030,sc01,05-16 09:00:00+02:00,Solar 53,0.0
2030,sc01,05-16 09:00:00+02:00,Solar 21,4.1646175877600005
2030,sc01,05-16 09:00:00+02:00,Biomass 58,0.0
2030,sc01,05-16 09:00:00+02:00,CT NG 74,0.0
2030,sc01,05-16 09:00:00+02:00,Solar 61,0.0
2030,sc01,05-16 09:00:00+02:00,Wind 07,0.070512748096
2030,sc01,05-16 09:00:00+02:00,Biomass 31,0.0
2030,sc01,05-16 09:00:00+02:00,CT Oil 05,0.0
2030,sc01,05-16 09:00:00+02:00,Biomass 38,0.0
2030,sc01,05-16 09:00:00+02:00,Solar 41,0.0
2030,sc01,05-16 09:00:00+02:00,Biomass 51,0.0
2030,sc01,05-16 09:00:00+02:00,Biomass 55,0.0
2030,sc01,05-16 09:00:00+02:00,Wind 15,0.0
2030,sc01,05-16 09:00:00+02:00,Geo 01,0.0
2030,sc01,05-16 09:00:00+02:00,Biomass 60,0.1512
2030,sc01,05-16 09:00:00+02:00,CT NG 38,0.0
2030,sc01,05-16 09:00:00+02:00,Solar 66,40.50712614356274
2030,sc01,05-16 09:00:00+02:00,Solar 49,0.0
2030,sc01,05-16 09:00:00+02:00,CT NG 51,0.0
2030,sc01,05-16 09:00:00+02:00,Biomass 18,0.0
2030,sc01,05-16 09:00:00+02:00,ICE NG 01,0.0
2030,sc01,05-16 09:00:00+02:00,Solar 15,2.38170705528
2030,sc01,05-16 09:00:00+02:00,ICE NG 05,0.0
2030,sc01,05-16 09:00:00+02:00,CT Oil 04,0.0
2030,sc01,05-16 09:00:00+02:00,CC NG 20,0.0
2030,sc01,05-16 09:00:00+02:00,Solar 20,0.272503987392
2030,sc01,05-16 09:00:00+02:00,Biomass 04,0.0
2030,sc01,05-16 09:00:00+02:00,Wind 02,0.755277334
2030,sc01,05-16 09:00:00+02:00,Hydro 25,0.0
2030,sc01,05-16 09:00:00+02:00,Solar 75,1.24078784648
2030,sc01,05-16 09:00:00+02:00,Hydro 33,0.0
2030,sc01,05-16 09:00:00+02:00,ST NG 05,0.0
2030,sc01,05-16 09:00:00+02:00,CT NG 07,0.0
2030,sc01,05-16 09:00:00+02:00,Wind 01,0.086192697024
2030,sc01,05-16 09:00:00+02:00,Solar 56,0.0
2030,sc01,05-16 09:00:00+02:00,Biomass 09,0.0
2030,sc01,05-16 09:00:00+02:00,Biomass 53,0.0
2030,sc01,05-16 09:00:00+02:00,Wind 17,0.0
2030,sc01,05-16 09:00:00+02:00,ST NG 08,0.0
2030,sc01,05-16 09:00:00+02:00,Hydro 19,0.0
2030,sc01,05-16 09:00:00+02:00,ST NG 02,0.0
2030,sc01,05-16 09:00:00+02:00,Biomass 01,0.0
2030,sc01,05-16 09:00:00+02:00,Biomass 57,0.0
2030,sc01,05-16 09:00:00+02:00,CT NG 49,0.0
2030,sc01,05-16 09:00:00+02:00,CT NG 31,0.0
2030,sc01,05-16 09:00:00+02:00,Solar 64,9.408000000000001
2030,sc01,05-16 09:00:00+02:00,CC NG 33,0.0
2030,sc01,05-16 09:00:00+02:00,Solar 46,0.0
2030,sc01,05-16 09:00:00+02:00,Biomass 12,0.0
2030,sc01,05-16 09:00:00+02:00,Wind 04,0.65240252336
2030,sc01,05-16 09:00:00+02:00,Solar 13,0.059789489088
2030,sc01,05-16 09:00:00+02:00,CT NG 55,0.0
2030,sc01,05-16 09:00:00+02:00,Wind N03,146.71071449930182
2030,sc01,05-16 09:00:00+02:00,CT NG 28,0.0
2030,sc01,05-16 09:00:00+02:00,Wind 09,0.6148621942400001
2030,sc01,05-16 09:00:00+02:00,Solar 60,0.0
2030,sc01,05-16 09:00:00+02:00,Solar 25,0.438446817984
2030,sc01,05-16 09:00:00+02:00,CT NG 23,0.0
2030,sc01,05-16 09:00:00+02:00,ST Other 01,0.0
2030,sc01,05-16 09:00:00+02:00,Solar 70,7.628474702746546
2030,sc01,05-16 09:00:00+02:00,CC NG 34,0.0
2030,sc01,05-16 09:00:00+02:00,Solar 48,0.0
2030,sc01,05-16 09:00:00+02:00,Biomass 56,0.11367999999999998
2030,sc01,05-16 09:00:00+02:00,CT NG 36,0.0
2030,sc01,05-16 09:00:00+02:00,Solar 47,0.0
2030,sc01,05-16 09:00:00+02:00,Hydro 17,0.0
2030,sc01,05-16 09:00:00+02:00,Solar 09,0.0
2030,sc01,05-16 09:00:00+02:00,Solar 08,0.0
2030,sc01,05-16 09:00:00+02:00,CT NG 45,0.0
2030,sc01,05-16 09:00:00+02:00,ST NG 04,0.0
2030,sc01,05-16 09:00:00+02:00,Solar 40,0.0
2030,sc01,05-16 09:00:00+02:00,Biomass 47,0.0
2030,sc01,05-16 09:00:00+02:00,Solar 50,0.0
2030,sc01,05-16 09:00:00+02:00,Solar 52,0.0
2030,sc01,05-16 09:00:00+02:00,Solar 63,22.3852010984
2030,sc01,05-16 09:00:00+02:00,CC NG 06,0.0
2030,sc01,05-16 09:00:00+02:00,Biomass 39,0.0
2030,sc01,05-16 09:00:00+02:00,Solar 67,0.0
2030,sc01,05-16 09:00:00+02:00,Solar 19,0.022612653503999998
2030,sc01,05-16 09:00:00+02:00,Wind 12,7.621065334400001
2030,sc01,05-16 09:00:00+02:00,Solar 24,0.327016350976
2030,sc01,05-16 09:00:00+02:00,ICE NG 02,0.0
2030,sc01,05-16 09:00:00+02:00,Solar 05,0.0
2030,sc01,05-16 09:00:00+02:00,CT NG 54,0.0
2030,sc01,05-16 09:00:00+02:00,Wind N01,72.30241468800001
2030,sc01,05-16 09:00:00+02:00,CT NG 27,0.0
2030,sc01,05-16 09:00:00+02:00,CC NG 36,0.0
2030,sc01,05-16 09:00:00+02:00,Wind N02,133.11312327344118
2030,sc01,05-16 09:00:00+02:00,CT NG 52,0.0
2030,sc01,05-16 09:00:00+02:00,Solar 35,0.0
2030,sc01,05-16 09:00:00+02:00,CT NG 05,0.0
2030,sc01,05-16 09:00:00+02:00,Biomass 36,0.0
2030,sc01,05-16 09:00:00+02:00,CT NG 34,0.0
2030,sc01,05-16 09:00:00+02:00,CT Oil 03,0.0
2030,sc01,05-16 09:00:00+02:00,Hydro 35,0.009686208000000002
2030,sc01,05-16 09:00:00+02:00,Solar 14,2.6479219407200003
2030,sc01,05-16 09:00:00+02:00,CT NG 75,0.0
2030,sc01,05-16 09:00:00+02:00,ST NG 09,0.0
2030,sc01,05-16 09:00:00+02:00,CT NG 56,0.0
2030,sc01,05-16 09:00:00+02:00,Biomass 22,0.0
2030,sc01,05-16 09:00:00+02:00,Solar 18,2.79293019208
2030,sc01,05-16 09:00:00+02:00,Biomass 13,0.020159999999999997
2030,sc01,05-16 09:00:00+02:00,CT NG 71,0.0
2030,sc01,05-16 09:00:00+02:00,Solar 58,0.0
2030,sc01,05-16 09:00:00+02:00,Solar 06,0.0
2030,sc01,05-16 09:00:00+02:00,Biomass 08,0.0
2030,sc01,05-16 09:00:00+02:00,CT NG 72,0.0
2030,sc01,05-16 09:00:00+02:00,Hydro 18,0.0
2030,sc01,05-16 09:00:00+02:00,Solar 10,0.26248592383999997
2030,sc01,05-16 09:00:00+02:00,CT NG 04,0.0
2030,sc01,05-16 09:00:00+02:00,ST Other 02,0.0
2030,sc01,05-16 09:00:00+02:00,CT NG 12,0.0
2030,sc01,05-16 09:00:00+02:00,CT NG 48,0.0
2030,sc01,05-16 09:00:00+02:00,ST NG 10,0.0
2030,sc01,05-16 09:00:00+02:00,Solar 22,1.8073017703999998
2030,sc01,05-16 09:00:00+02:00,Solar 28,1.6173246264
2030,sc01,05-16 09:00:00+02:00,CT NG 73,0.0
2030,sc01,05-16 09:00:00+02:00,Biomass 52,0.0
2030,sc01,05-16 09:00:00+02:00,CT NG 30,0.0
2030,sc01,05-16 09:00:00+02:00,Solar 54,0.0
2030,sc01,05-16 09:00:00+02:00,Solar 31,0.0
2030,sc01,05-16 09:00:00+02:00,Biomass 03,0.0
2030,sc01,05-16 09:00:00+02:00,CT NG 32,0.0
2030,sc01,05-16 09:00:00+02:00,Biomass 27,0.0
2030,sc01,05-16 09:00:00+02:00,CC NG 14,0.0
2030,sc01,05-16 09:00:00+02:00,CC NG 03,0.0
2030,sc01,05-16 09:00:00+02:00,CC NG 29,0.0
2030,sc01,05-16 09:00:00+02:00,CC NG 28,0.0
2030,sc01,05-16 09:00:00+02:00,CC NG 25,0.0
2030,sc01,05-16 09:00:00+02:00,CT NG 44,0.0
2030,sc01,05-16 09:00:00+02:00,CT NG 14,0.0
2030,sc01,05-16 09:00:00+02:00,CC NG 15,0.0
2030,sc01,05-16 09:00:00+02:00,CC NG 04,0.0
2030,sc01,05-16 09:00:00+02:00,Biomass 29,0.0
2030,sc01,05-16 09:00:00+02:00,Wind 14,0.0
2030,sc01,05-16 09:00:00+02:00,Wind 08,0.554413866496
2030,sc01,05-16 09:00:00+02:00,Biomass 61,0.0
2030,sc01,05-16 09:00:00+02:00,CT NG 35,0.0
2030,sc01,05-16 09:00:00+02:00,Solar 33,0.0
2030,sc01,05-16 09:00:00+02:00,CT NG 41,0.0
2030,sc01,05-16 09:00:00+02:00,CT NG 15,0.0
2030,sc01,05-16 09:00:00+02:00,Solar 42,0.0
2030,sc01,05-16 09:00:00+02:00,Solar 07,0.0
2030,sc01,05-16 09:00:00+02:00,Solar 43,0.0
2030,sc01,05-16 09:00:00+02:00,Biomass 05,0.0
2030,sc01,05-16 09:00:00+02:00,CT NG 29,0.0
2030,sc01,05-16 09:00:00+02:00,Solar 71,0.0
2030,sc01,05-16 09:00:00+02:00,CT NG 53,0.0
2030,sc01,05-16 09:00:00+02:00,CT NG 20,0.0
2030,sc01,05-16 09:00:00+02:00,Biomass 14,0.0
2030,sc01,05-16 09:00:00+02:00,Solar 26,0.40603236710400004
2030,sc01,05-16 09:00:00+02:00,Hydro 29,0.0
2030,sc01,05-16 09:00:00+02:00,Hydro 31,0.016143679999999997
2030,sc01,05-16 09:00:00+02:00,Biomass 24,0.0
2030,sc01,05-16 09:00:00+02:00,Biomass 54,0.0
2030,sc01,05-16 09:00:00+02:00,Solar 36,6.141868110162218
2030,sc01,05-16 09:00:00+02:00,Wind 03,1.5029259319200001
2030,sc01,05-16 09:00:00+02:00,Biomass 40,0.0
2030,sc01,05-16 09:00:00+02:00,Biomass 49,0.0
2030,sc01,05-16 09:00:00+02:00,CC NG 16,0.0
2030,sc01,05-16 09:00:00+02:00,Biomass 48,0.0
2030,sc01,05-16 09:00:00+02:00,Hydro 28,0.0
2030,sc01,05-16 09:00:00+02:00,Biomass 17,0.01176
2030,sc01,05-16 09:00:00+02:00,CT NG 33,0.0
2030,sc01,05-16 09:00:00+02:00,Solar 45,0.0
2030,sc01,05-16 09:00:00+02:00,Hydro 24,0.0
2030,sc01,05-16 09:00:00+02:00,Wind 13,2.8107137844800003
2030,sc01,05-16 09:00:00+02:00,Biomass 07,0.0
2030,sc01,05-16 09:00:00+02:00,Biomass 34,0.0
2030,sc01,05-16 09:00:00+02:00,Biomass 33,0.0
2030,sc01,05-16 09:00:00+02:00,CT NG 01,0.0
2030,sc01,05-16 09:00:00+02:00,ICE NG 03,0.0
2030,sc01,05-16 09:00:00+02:00,Solar 55,0.0
2030,sc01,05-16 09:00:00+02:00,Solar 11,0.448520539712
2030,sc01,05-16 09:00:00+02:00,CT NG 06,0.0
2030,sc01,05-16 09:00:00+02:00,CT NG 70,0.0
2030,sc01,05-16 09:00:00+02:00,Solar 23,0.066412951808
2030,sc01,05-16 09:00:00+02:00,CT NG 67,0.0
2030,sc01,05-16 09:00:00+02:00,Solar 12,0.34720228256
2030,sc01,05-16 09:00:00+02:00,CT Oil 01,0.0
2030,sc01,05-16 09:00:00+02:00,Hydro 26,0.0
2030,sc01,05-16 09:00:00+02:00,CC NG 22,0.0
2030,sc01,05-16 09:00:00+02:00,CC NG 35,0.0
2030,sc01,05-16 09:00:00+02:00,Biomass 50,0.0
2030,sc01,05-16 09:00:00+02:00,ICE NG 04,0.0
2030,sc01,05-16 09:00:00+02:00,CC NG 39,0.0
2030,sc01,05-16 09:00:00+02:00,Hydro 32,0.019372416000000003
2030,sc01,05-16 09:00:00+02:00,ICE NG 07,0.0
2030,sc01,05-16 09:00:00+02:00,Biomass 46,0.0
2030,sc01,05-16 09:00:00+02:00,CC NG 38,0.0
2030,sc01,05-16 09:00:00+02:00,CC NG 12,0.0
2030,sc01,05-16 09:00:00+02:00,Solar 57,0.0
2030,sc01,05-16 09:00:00+02:00,CC NG 32,0.0
2030,sc01,05-16 09:00:00+02:00,CC NG 07,0.0
2030,sc01,05-16 09:00:00+02:00,Biomass 44,0.0
2030,sc01,05-16 09:00:00+02:00,CT NG 40,0.0
2030,sc01,05-16 09:00:00+02:00,Solar 74,11.200000000000001
2030,sc01,05-16 09:00:00+02:00,Hydro 30,0.0
2030,sc01,05-16 09:00:00+02:00,CT NG 42,0.0
2030,sc01,05-16 09:00:00+02:00,Hydro 22,0.0
2030,sc01,05-16 09:00:00+02:00,Solar 17,0.681002434
2030,sc01,05-16 09:00:00+02:00,Solar 38,0.0
2030,sc01,05-16 09:00:00+02:00,CT NG 24,0.0
2030,sc01,05-16 09:00:00+02:00,CC NG 27,0.0
2030,sc01,05-16 09:00:00+02:00,Biomass 21,0.017891912202747662
2030,sc01,05-16 09:00:00+02:00,ICE NG 06,0.0
2030,sc01,05-16 09:00:00+02:00,Biomass 25,0.0
2030,sc01,05-16 09:00:00+02:00,Solar 27,0.21437153920000002
2030,sc01,05-16 09:00:00+02:00,CT NG 19,0.0
2030,sc01,05-16 09:00:00+02:00,Biomass 42,0.0
2030,sc01,05-16 09:00:00+02:00,Biomass 19,0.0196
2030,sc01,05-16 09:00:00+02:00,Biomass 06,0.0
2030,sc01,05-16 09:00:00+02:00,CT NG 10,0.0
2030,sc01,05-16 09:00:00+02:00,CC NG 40,0.0
2030,sc01,05-16 09:00:00+02:00,CC NG 21,0.0
2030,sc01,05-16 09:00:00+02:00,Biomass 02,0.0
2030,sc01,05-16 09:00:00+02:00,CT NG 46,0.0
2030,sc01,05-16 09:00:00+02:00,Hydro 34,0.0
2030,sc01,05-16 09:00:00+02:00,Biomass 10,0.0
2030,sc01,05-16 09:00:00+02:00,CT NG 17,0.0
2030,sc01,05-16 09:00:00+02:00,Biomass 62,0.0
2030,sc01,05-16 09:00:00+02:00,Biomass 32,0.0
2030,sc01,05-16 09:00:00+02:00,CC NG 19,0.0
2030,sc01,05-16 09:00:00+02:00,CC NG 17,0.0
2030,sc01,05-16 09:00:00+02:00,ST NG 01,0.0
2030,sc01,05-16 09:00:00+02:00,Biomass 45,0.0
2030,sc01,05-16 09:00:00+02:00,Biomass 28,0.0
2030,sc01,05-16 09:00:00+02:00,CC NG 10,0.0
2030,sc01,05-16 09:00:00+02:00,Biomass 23,0.0
2030,sc01,05-16 09:00:00+02:00,ST NG 06,0.0
2030,sc01,05-16 09:00:00+02:00,Wind 10,0.6185796612800001
2030,sc01,05-16 09:00:00+02:00,CT NG 69,0.0
2030,sc01,05-16 09:00:00+02:00,CT NG 68,0.0
2030,sc01,05-16 15:00:00+02:00,CC NG 13,0.0
2030,sc01,05-16 15:00:00+02:00,CT NG 37,0.0
2030,sc01,05-16 15:00:00+02:00,ST Coal 01,0.0
2030,sc01,05-16 15:00:00+02:00,CT NG 09,0.0
2030,sc01,05-16 15:00:00+02:00,CT NG 47,0.0
2030,sc01,05-16 15:00:00+02:00,Solar 69,0.0
2030,sc01,05-16 15:00:00+02:00,Solar 34,8.571314364465383
2030,sc01,05-16 15:00:00+02:00,Solar 73,0.0
2030,sc01,05-16 15:00:00+02:00,Biomass 37,0.0
2030,sc01,05-16 15:00:00+02:00,Hydro 20,0.0
2030,sc01,05-16 15:00:00+02:00,Solar 01,9.0624058776
2030,sc01,05-16 15:00:00+02:00,Solar 62,0.0
2030,sc01,05-16 15:00:00+02:00,Solar 02,0.11991922248027331
2030,sc01,05-16 15:00:00+02:00,CT NG 26,0.0
2030,sc01,05-16 15:00:00+02:00,Biomass 20,0.0084
2030,sc01,05-16 15:00:00+02:00,Wind 16,18.175973872360036
2030,sc01,05-16 15:00:00+02:00,CT NG 66,0.0
2030,sc01,05-16 15:00:00+02:00,Solar 39,0.0
2030,sc01,05-16 15:00:00+02:00,Biomass 41,0.0
2030,sc01,05-16 15:00:00+02:00,Solar 72,0.0
2030,sc01,05-16 15:00:00+02:00,ST NG 03,0.0
2030,sc01,05-16 15:00:00+02:00,Hydro 21,1.07446752
2030,sc01,05-16 15:00:00+02:00,CT NG 03,0.0
2030,sc01,05-16 15:00:00+02:00,CC NG 09,0.0
2030,sc01,05-16 15:00:00+02:00,CT Oil 02,0.0
2030,sc01,05-16 15:00:00+02:00,CT NG 39,0.0
2030,sc01,05-16 15:00:00+02:00,CC NG 08,0.0
2030,sc01,05-16 15:00:00+02:00,Biomass 43,0.0
2030,sc01,05-16 15:00:00+02:00,CT NG 18,0.0
2030,sc01,05-16 15:00:00+02:00,ST NG 07,0.0
2030,sc01,05-16 15:00:00+02:00,Biomass 35,0.0
2030,sc01,05-16 15:00:00+02:00,Solar 32,0.0
2030,sc01,05-16 15:00:00+02:00,Biomass 15,0.00504
2030,sc01,05-16 15:00:00+02:00,CC NG 31,0.0
2030,sc01,05-16 15:00:00+02:00,Solar 16,0.0
2030,sc01,05-16 15:00:00+02:00,Solar 68,0.0
2030,sc01,05-16 15:00:00+02:00,CT NG 21,0.0
2030,sc01,05-16 15:00:00+02:00,Wind 11,0.31021910832
2030,sc01,05-16 15:00:00+02:00,CC NG 37,0.0
2030,sc01,05-16 15:00:00+02:00,CT NG 22,0.0
2030,sc01,05-16 15:00:00+02:00,Hydro 16,0.013772160000000002
2030,sc01,05-16 15:00:00+02:00,Biomass 59,0.09936
2030,sc01,05-16 15:00:00+02:00,CC NG 01,0.0
2030,sc01,05-16 15:00:00+02:00,Biomass 16,0.00504
2030,sc01,05-16 15:00:00+02:00,Solar 03,0.37059777888
2030,sc01,05-16 15:00:00+02:00,Solar 44,0.0
2030,sc01,05-16 15:00:00+02:00,CT NG 08,0.0
2030,sc01,05-16 15:00:00+02:00,Wind 05,0.04112482464
2030,sc01,05-16 15:00:00+02:00,Biomass 26,0.04056
2030,sc01,05-16 15:00:00+02:00,Solar 37,0.0
2030,sc01,05-16 15:00:00+02:00,Biomass 11,0.008639999999999998
2030,sc01,05-16 15:00:00+02:00,Solar 59,0.0
2030,sc01,05-16 15:00:00+02:00,CT NG 11,0.0
2030,sc01,05-16 15:00:00+02:00,Biomass 30,0.04056
2030,sc01,05-16 15:00:00+02:00,Hydro 23,0.0
2030,sc01,05-16 15:00:00+02:00,CC NG 24,0.0
2030,sc01,05-16 15:00:00+02:00,Solar 65,4.9946891568
2030,sc01,05-16 15:00:00+02:00,CC NG 18,0.0
2030,sc01,05-16 15:00:00+02:00,CT NG 16,0.0
2030,sc01,05-16 15:00:00+02:00,Solar 51,0.0
2030,sc01,05-16 15:00:00+02:00,Wind 06,0.43886747544000004
2030,sc01,05-16 15:00:00+02:00,CC NG 26,0.0
2030,sc01,05-16 15:00:00+02:00,CC NG 23,0.0
2030,sc01,05-16 15:00:00+02:00,CT NG 43,0.0
2030,sc01,05-16 15:00:00+02:00,CC NG 11,0.0
2030,sc01,05-16 15:00:00+02:00,CT NG 02,0.0
2030,sc01,05-16 15:00:00+02:00,CT NG 50,0.0
2030,sc01,05-16 15:00:00+02:00,Hydro 27,0.0
2030,sc01,05-16 15:00:00+02:00,CT NG 13,0.0
2030,sc01,05-16 15:00:00+02:00,CT NG 25,0.0
2030,sc01,05-16 15:00:00+02:00,CC NG 05,0.0
2030,sc01,05-16 15:00:00+02:00,Solar 04,0.0
2030,sc01,05-16 15:00:00+02:00,Solar 30,0.0
2030,sc01,05-16 15:00:00+02:00,Solar 29,0.08580141868800001
2030,sc01,05-16 15:00:00+02:00,Solar 53,0.0
2030,sc01,05-16 15:00:00+02:00,Solar 21,0.0
2030,sc01,05-16 15:00:00+02:00,Biomass 58,0.042
2030,sc01,05-16 15:00:00+02:00,CT NG 74,0.0
2030,sc01,05-16 15:00:00+02:00,Solar 61,0.0
2030,sc01,05-16 15:00:00+02:00,Wind 07,0.3900862032
2030,sc01,05-16 15:00:00+02:00,Biomass 31,0.04056
2030,sc01,05-16 15:00:00+02:00,CT Oil 05,0.0
2030,sc01,05-16 15:00:00+02:00,Biomass 38,0.0
2030,sc01,05-16 15:00:00+02:00,Solar 41,0.0
2030,sc01,05-16 15:00:00+02:00,Biomass 51,0.0
2030,sc01,05-16 15:00:00+02:00,Biomass 55,0.05736000000000001
2030,sc01,05-16 15:00:00+02:00,Wind 15,0.0
2030,sc01,05-16 15:00:00+02:00,Geo 01,0.0
2030,sc01,05-16 15:00:00+02:00,Biomass 60,0.0648
2030,sc01,05-16 15:00:00+02:00,CT NG 38,0.0
2030,sc01,05-16 15:00:00+02:00,Solar 66,8.1603767088
2030,sc01,05-16 15:00:00+02:00,Solar 49,0.0
2030,sc01,05-16 15:00:00+02:00,CT NG 51,0.0
2030,sc01,05-16 15:00:00+02:00,Biomass 18,0.00504
2030,sc01,05-16 15:00:00+02:00,ICE NG 01,0.0
2030,sc01,05-16 15:00:00+02:00,Solar 15,0.0
2030,sc01,05-16 15:00:00+02:00,ICE NG 05,0.0
2030,sc01,05-16 15:00:00+02:00,CT Oil 04,0.0
2030,sc01,05-16 15:00:00+02:00,CC NG 20,0.0
2030,sc01,05-16 15:00:00+02:00,Solar 20,0.076528003008
2030,sc01,05-16 15:00:00+02:00,Biomass 04,0.0
2030,sc01,05-16 15:00:00+02:00,Wind 02,0.9654804993599999
2030,sc01,05-16 15:00:00+02:00,Hydro 25,0.0
2030,sc01,05-16 15:00:00+02:00,Solar 75,0.0
2030,sc01,05-16 15:00:00+02:00,Hydro 33,0.0
2030,sc01,05-16 15:00:00+02:00,ST NG 05,0.0
2030,sc01,05-16 15:00:00+02:00,CT NG 07,0.0
2030,sc01,05-16 15:00:00+02:00,Wind 01,0.33408951408
2030,sc01,05-16 15:00:00+02:00,Solar 56,0.0
2030,sc01,05-16 15:00:00+02:00,Biomass 09,0.018000000000000002
2030,sc01,05-16 15:00:00+02:00,Biomass 53,0.05736000000000001
2030,sc01,05-16 15:00:00+02:00,Wind 17,0.0
2030,sc01,05-16 15:00:00+02:00,ST NG 08,0.0
2030,sc01,05-16 15:00:00+02:00,Hydro 19,0.0
2030,sc01,05-16 15:00:00+02:00,ST NG 02,0.0
2030,sc01,05-16 15:00:00+02:00,Biomass 01,0.02424
2030,sc01,05-16 15:00:00+02:00,Biomass 57,0.042
2030,sc01,05-16 15:00:00+02:00,CT NG 49,0.0
2030,sc01,05-16 15:00:00+02:00,CT NG 31,0.0
2030,sc01,05-16 15:00:00+02:00,Solar 64,2.6222065296
2030,sc01,05-16 15:00:00+02:00,CC NG 33,0.0
2030,sc01,05-16 15:00:00+02:00,Solar 46,0.0
2030,sc01,05-16 15:00:00+02:00,Biomass 12,0.008639999999999998
2030,sc01,05-16 15:00:00+02:00,Wind 04,0.31205395056
2030,sc01,05-16 15:00:00+02:00,Solar 13,0.0
2030,sc01,05-16 15:00:00+02:00,CT NG 55,0.0
2030,sc01,05-16 15:00:00+02:00,Wind N03,70.88158757940694
2030,sc01,05-16 15:00:00+02:00,CT NG 28,0.0
2030,sc01,05-16 15:00:00+02:00,Wind 09,0.60066981648
2030,sc01,05-16 15:00:00+02:00,Solar 60,0.0
2030,sc01,05-16 15:00:00+02:00,Solar 25,0.0
2030,sc01,05-16 15:00:00+02:00,CT NG 23,0.0
2030,sc01,05-16 15:00:00+02:00,ST Other 01,0.0
2030,sc01,05-16 15:00:00+02:00,Solar 70,0.0
2030,sc01,05-16 15:00:00+02:00,CC NG 34,0.0
2030,sc01,05-16 15:00:00+02:00,Solar 48,0.0
2030,sc01,05-16 15:00:00+02:00,Biomass 56,0.04871999999999999
2030,sc01,05-16 15:00:00+02:00,CT NG 36,0.0
2030,sc01,05-16 15:00:00+02:00,Solar 47,0.0
2030,sc01,05-16 15:00:00+02:00,Hydro 17,0.0
2030,sc01,05-16 15:00:00+02:00,Solar 09,0.0
2030,sc01,05-16 15:00:00+02:00,Solar 08,0.0
2030,sc01,05-16 15:00:00+02:00,CT NG 45,0.0
2030,sc01,05-16 15:00:00+02:00,ST NG 04,0.0
2030,sc01,05-16 15:00:00+02:00,Solar 40,0.0
2030,sc01,05-16 15:00:00+02:00,Biomass 47,0.0
2030,sc01,05-16 15:00:00+02:00,Solar 50,0.0
2030,sc01,05-16 15:00:00+02:00,Solar 52,0.0
2030,sc01,05-16 15:00:00+02:00,Solar 63,5.599803763200001
2030,sc01,05-16 15:00:00+02:00,CC NG 06,0.0
2030,sc01,05-16 15:00:00+02:00,Biomass 39,0.0
2030,sc01,05-16 15:00:00+02:00,Solar 67,3.7328902799999994
2030,sc01,05-16 15:00:00+02:00,Solar 19,0.0
2030,sc01,05-16 15:00:00+02:00,Wind 12,4.340268312
2030,sc01,05-16 15:00:00+02:00,Solar 24,0.0
2030,sc01,05-16 15:00:00+02:00,ICE NG 02,0.0
2030,sc01,05-16 15:00:00+02:00,Solar 05,0.0
2030,sc01,05-16 15:00:00+02:00,CT NG 54,0.0
2030,sc01,05-16 15:00:00+02:00,Wind N01,41.176904496000006
2030,sc01,05-16 15:00:00+02:00,CT NG 27,0.0
2030,sc01,05-16 15:00:00+02:00,CC NG 36,0.0
2030,sc01,05-16 15:00:00+02:00,Wind N02,59.141031251678015
2030,sc01,05-16 15:00:00+02:00,CT NG 52,0.0
2030,sc01,05-16 15:00:00+02:00,Solar 35,0.0
2030,sc01,05-16 15:00:00+02:00,CT NG 05,0.0
2030,sc01,05-16 15:00:00+02:00,Biomass 36,0.0
2030,sc01,05-16 15:00:00+02:00,CT NG 34,0.0
2030,sc01,05-16 15:00:00+02:00,CT Oil 03,0.0
2030,sc01,05-16 15:00:00+02:00,Hydro 35,0.004131648
2030,sc01,05-16 15:00:00+02:00,Solar 14,0.0
2030,sc01,05-16 15:00:00+02:00,CT NG 75,0.0
2030,sc01,05-16 15:00:00+02:00,ST NG 09,0.0
2030,sc01,05-16 15:00:00+02:00,CT NG 56,0.0
2030,sc01,05-16 15:00:00+02:00,Biomass 22,0.0084
2030,sc01,05-16 15:00:00+02:00,Solar 18,0.0
2030,sc01,05-16 15:00:00+02:00,Biomass 13,0.008639999999999998
2030,sc01,05-16 15:00:00+02:00,CT NG 71,0.0
2030,sc01,05-16 15:00:00+02:00,Solar 58,0.0
2030,sc01,05-16 15:00:00+02:00,Solar 06,0.49600954632
2030,sc01,05-16 15:00:00+02:00,Biomass 08,0.018000000000000002
2030,sc01,05-16 15:00:00+02:00,CT NG 72,0.0
2030,sc01,05-16 15:00:00+02:00,Hydro 18,0.0
2030,sc01,05-16 15:00:00+02:00,Solar 10,0.07371460416
2030,sc01,05-16 15:00:00+02:00,CT NG 04,0.0
2030,sc01,05-16 15:00:00+02:00,ST Other 02,0.0
2030,sc01,05-16 15:00:00+02:00,CT NG 12,0.0
2030,sc01,05-16 15:00:00+02:00,CT NG 48,0.0
2030,sc01,05-16 15:00:00+02:00,ST NG 10,0.0
2030,sc01,05-16 15:00:00+02:00,Solar 22,0.089242742016
2030,sc01,05-16 15:00:00+02:00,Solar 28,0.079861861824
2030,sc01,05-16 15:00:00+02:00,CT NG 73,0.0
2030,sc01,05-16 15:00:00+02:00,Biomass 52,0.0
2030,sc01,05-16 15:00:00+02:00,CT NG 30,0.0
2030,sc01,05-16 15:00:00+02:00,Solar 54,0.0
2030,sc01,05-16 15:00:00+02:00,Solar 31,0.0
2030,sc01,05-16 15:00:00+02:00,Biomass 03,0.0
2030,sc01,05-16 15:00:00+02:00,CT NG 32,0.0
2030,sc01,05-16 15:00:00+02:00,Biomass 27,0.04056
2030,sc01,05-16 15:00:00+02:00,CC NG 14,0.0
2030,sc01,05-16 15:00:00+02:00,CC NG 03,0.0
2030,sc01,05-16 15:00:00+02:00,CC NG 29,0.0
2030,sc01,05-16 15:00:00+02:00,CC NG 28,0.0
2030,sc01,05-16 15:00:00+02:00,CC NG 25,0.0
2030,sc01,05-16 15:00:00+02:00,CT NG 44,0.0
2030,sc01,05-16 15:00:00+02:00,CT NG 14,0.0
2030,sc01,05-16 15:00:00+02:00,CC NG 15,0.0
2030,sc01,05-16 15:00:00+02:00,CC NG 04,0.0
2030,sc01,05-16 15:00:00+02:00,Biomass 29,0.04056
2030,sc01,05-16 15:00:00+02:00,Wind 14,0.0
2030,sc01,05-16 15:00:00+02:00,Wind 08,0.6608762181600001
2030,sc01,05-16 15:00:00+02:00,Biomass 61,0.0
2030,sc01,05-16 15:00:00+02:00,CT NG 35,0.0
2030,sc01,05-16 15:00:00+02:00,Solar 33,0.0
2030,sc01,05-16 15:00:00+02:00,CT NG 41,0.0
2030,sc01,05-16 15:00:00+02:00,CT NG 15,0.0
2030,sc01,05-16 15:00:00+02:00,Solar 42,0.0
2030,sc01,05-16 15:00:00+02:00,Solar 07,0.0
2030,sc01,05-16 15:00:00+02:00,Solar 43,0.0
2030,sc01,05-16 15:00:00+02:00,Biomass 05,0.01056
2030,sc01,05-16 15:00:00+02:00,CT NG 29,0.0
2030,sc01,05-16 15:00:00+02:00,Solar 71,0.0
2030,sc01,05-16 15:00:00+02:00,CT NG 53,0.0
2030,sc01,05-16 15:00:00+02:00,CT NG 20,0.0
2030,sc01,05-16 15:00:00+02:00,Biomass 14,0.019200000000000002
2030,sc01,05-16 15:00:00+02:00,Solar 26,0.0
2030,sc01,05-16 15:00:00+02:00,Hydro 29,0.0
2030,sc01,05-16 15:00:00+02:00,Hydro 31,0.006886080000000001
2030,sc01,05-16 15:00:00+02:00,Biomass 24,0.0108
2030,sc01,05-16 15:00:00+02:00,Biomass 54,0.05736000000000001
2030,sc01,05-16 15:00:00+02:00,Solar 36,14.706117931200001
2030,sc01,05-16 15:00:00+02:00,Wind 03,0.74136979656
2030,sc01,05-16 15:00:00+02:00,Biomass 40,0.0
2030,sc01,05-16 15:00:00+02:00,Biomass 49,0.0
2030,sc01,05-16 15:00:00+02:00,CC NG 16,0.0
2030,sc01,05-16 15:00:00+02:00,Biomass 48,0.0
2030,sc01,05-16 15:00:00+02:00,Hydro 28,0.0
2030,sc01,05-16 15:00:00+02:00,Biomass 17,0.00504
2030,sc01,05-16 15:00:00+02:00,CT NG 33,0.0
2030,sc01,05-16 15:00:00+02:00,Solar 45,0.0
2030,sc01,05-16 15:00:00+02:00,Hydro 24,0.0
2030,sc01,05-16 15:00:00+02:00,Wind 13,1.5112160810400002
2030,sc01,05-16 15:00:00+02:00,Biomass 07,0.048
2030,sc01,05-16 15:00:00+02:00,Biomass 34,0.0
2030,sc01,05-16 15:00:00+02:00,Biomass 33,0.0
2030,sc01,05-16 15:00:00+02:00,CT NG 01,0.0843268790893753
2030,sc01,05-16 15:00:00+02:00,ICE NG 03,0.0
2030,sc01,05-16 15:00:00+02:00,Solar 55,0.0
2030,sc01,05-16 15:00:00+02:00,Solar 11,0.0
2030,sc01,05-16 15:00:00+02:00,CT NG 06,0.0
2030,sc01,05-16 15:00:00+02:00,CT NG 70,0.0
2030,sc01,05-16 15:00:00+02:00,Solar 23,0.0
2030,sc01,05-16 15:00:00+02:00,CT NG 67,0.0
2030,sc01,05-16 15:00:00+02:00,Solar 12,0.0
2030,sc01,05-16 15:00:00+02:00,CT Oil 01,0.0
2030,sc01,05-16 15:00:00+02:00,Hydro 26,0.0
2030,sc01,05-16 15:00:00+02:00,CC NG 22,0.0
2030,sc01,05-16 15:00:00+02:00,CC NG 35,0.0
2030,sc01,05-16 15:00:00+02:00,Biomass 50,0.0
2030,sc01,05-16 15:00:00+02:00,ICE NG 04,0.0
2030,sc01,05-16 15:00:00+02:00,CC NG 39,0.0
2030,sc01,05-16 15:00:00+02:00,Hydro 32,0.008263296
2030,sc01,05-16 15:00:00+02:00,ICE NG 07,0.0
2030,sc01,05-16 15:00:00+02:00,Biomass 46,0.0
2030,sc01,05-16 15:00:00+02:00,CC NG 38,0.0
2030,sc01,05-16 15:00:00+02:00,CC NG 12,0.0
2030,sc01,05-16 15:00:00+02:00,Solar 57,0.0
2030,sc01,05-16 15:00:00+02:00,CC NG 32,0.0
2030,sc01,05-16 15:00:00+02:00,CC NG 07,0.0
2030,sc01,05-16 15:00:00+02:00,Biomass 44,0.0
2030,sc01,05-16 15:00:00+02:00,CT NG 40,0.0
2030,sc01,05-16 15:00:00+02:00,Solar 74,0.0
2030,sc01,05-16 15:00:00+02:00,Hydro 30,0.0
2030,sc01,05-16 15:00:00+02:00,CT NG 42,0.0
2030,sc01,05-16 15:00:00+02:00,Hydro 22,1.07446752
2030,sc01,05-16 15:00:00+02:00,Solar 17,0.0
2030,sc01,05-16 15:00:00+02:00,Solar 38,0.0
2030,sc01,05-16 15:00:00+02:00,CT NG 24,0.0
2030,sc01,05-16 15:00:00+02:00,CC NG 27,0.0
2030,sc01,05-16 15:00:00+02:00,Biomass 21,0.0084
2030,sc01,05-16 15:00:00+02:00,ICE NG 06,0.0
2030,sc01,05-16 15:00:00+02:00,Biomass 25,0.0108
2030,sc01,05-16 15:00:00+02:00,Solar 27,0.0
2030,sc01,05-16 15:00:00+02:00,CT NG 19,0.0
2030,sc01,05-16 15:00:00+02:00,Biomass 42,0.0
2030,sc01,05-16 15:00:00+02:00,Biomass 19,0.0084
2030,sc01,05-16 15:00:00+02:00,Biomass 06,0.01056
2030,sc01,05-16 15:00:00+02:00,CT NG 10,0.0
2030,sc01,05-16 15:00:00+02:00,CC NG 40,0.0
2030,sc01,05-16 15:00:00+02:00,CC NG 21,0.0
2030,sc01,05-16 15:00:00+02:00,Biomass 02,0.02424
2030,sc01,05-16 15:00:00+02:00,CT NG 46,0.0
2030,sc01,05-16 15:00:00+02:00,Hydro 34,0.0
2030,sc01,05-16 15:00:00+02:00,Biomass 10,0.018000000000000002
2030,sc01,05-16 15:00:00+02:00,CT NG 17,0.0
2030,sc01,05-16 15:00:00+02:00,Biomass 62,0.038400000000000004
2030,sc01,05-16 15:00:00+02:00,Biomass 32,0.028559999999999995
2030,sc01,05-16 15:00:00+02:00,CC NG 19,0.0
2030,sc01,05-16 15:00:00+02:00,CC NG 17,0.0
2030,sc01,05-16 15:00:00+02:00,ST NG 01,0.0
2030,sc01,05-16 15:00:00+02:00,Biomass 45,0.0
2030,sc01,05-16 15:00:00+02:00,Biomass 28,0.04056
2030,sc01,05-16 15:00:00+02:00,CC NG 10,0.0
2030,sc01,05-16 15:00:00+02:00,Biomass 23,0.0108
2030,sc01,05-16 15:00:00+02:00,ST NG 06,0.0
2030,sc01,05-16 15:00:00+02:00,Wind 10,0.6187522512
2030,sc01,05-16 15:00:00+02:00,CT NG 69,0.0
2030,sc01,05-16 15:00:00+02:00,CT NG 68,0.0
2030,sc01,05-18 04:00:00+02:00,CC NG 13,0.0
2030,sc01,05-18 04:00:00+02:00,CT NG 37,0.0
2030,sc01,05-18 04:00:00+02:00,ST Coal 01,0.0
2030,sc01,05-18 04:00:00+02:00,CT NG 09,0.0
2030,sc01,05-18 04:00:00+02:00,CT NG 47,0.0
2030,sc01,05-18 04:00:00+02:00,Solar 69,0.0
2030,sc01,05-18 04:00:00+02:00,Solar 34,0.0
2030,sc01,05-18 04:00:00+02:00,Solar 73,0.0
2030,sc01,05-18 04:00:00+02:00,Biomass 37,0.0
2030,sc01,05-18 04:00:00+02:00,Hydro 20,0.0
2030,sc01,05-18 04:00:00+02:00,Solar 01,0.0
2030,sc01,05-18 04:00:00+02:00,Solar 62,0.0
2030,sc01,05-18 04:00:00+02:00,Solar 02,0.0
2030,sc01,05-18 04:00:00+02:00,CT NG 26,0.0
2030,sc01,05-18 04:00:00+02:00,Biomass 20,0.02415
2030,sc01,05-18 04:00:00+02:00,Wind 16,0.0
2030,sc01,05-18 04:00:00+02:00,CT NG 66,0.0
2030,sc01,05-18 04:00:00+02:00,Solar 39,0.0
2030,sc01,05-18 04:00:00+02:00,Biomass 41,0.0
2030,sc01,05-18 04:00:00+02:00,Solar 72,0.0
2030,sc01,05-18 04:00:00+02:00,ST NG 03,0.0
2030,sc01,05-18 04:00:00+02:00,Hydro 21,0.0
2030,sc01,05-18 04:00:00+02:00,CT NG 03,0.0
2030,sc01,05-18 04:00:00+02:00,CC NG 09,0.0
2030,sc01,05-18 04:00:00+02:00,CT Oil 02,0.0
2030,sc01,05-18 04:00:00+02:00,CT NG 39,0.0
2030,sc01,05-18 04:00:00+02:00,CC NG 08,0.0
2030,sc01,05-18 04:00:00+02:00,Biomass 43,0.0
2030,sc01,05-18 04:00:00+02:00,CT NG 18,0.26075789999999993
2030,sc01,05-18 04:00:00+02:00,ST NG 07,0.0
2030,sc01,05-18 04:00:00+02:00,Biomass 35,0.0
2030,sc01,05-18 04:00:00+02:00,Solar 32,0.0
2030,sc01,05-18 04:00:00+02:00,Biomass 15,0.014490000000000001
2030,sc01,05-18 04:00:00+02:00,CC NG 31,0.0
2030,sc01,05-18 04:00:00+02:00,Solar 16,0.0
2030,sc01,05-18 04:00:00+02:00,Solar 68,0.0
2030,sc01,05-18 04:00:00+02:00,CT NG 21,0.0
2030,sc01,05-18 04:00:00+02:00,Wind 11,0.8514399230699999
2030,sc01,05-18 04:00:00+02:00,CC NG 37,0.0
2030,sc01,05-18 04:00:00+02:00,CT NG 22,0.0
2030,sc01,05-18 04:00:00+02:00,Hydro 16,0.039175440000000006
2030,sc01,05-18 04:00:00+02:00,Biomass 59,0.28566
2030,sc01,05-18 04:00:00+02:00,CC NG 01,0.0
2030,sc01,05-18 04:00:00+02:00,Biomass 16,0.014490000000000001
2030,sc01,05-18 04:00:00+02:00,Solar 03,0.0
2030,sc01,05-18 04:00:00+02:00,Solar 44,0.0
2030,sc01,05-18 04:00:00+02:00,CT NG 08,0.0
2030,sc01,05-18 04:00:00+02:00,Wind 05,0.077081641008
2030,sc01,05-18 04:00:00+02:00,Biomass 26,0.11660999999999999
2030,sc01,05-18 04:00:00+02:00,Solar 37,0.0
2030,sc01,05-18 04:00:00+02:00,Biomass 11,0.024839999999999997
2030,sc01,05-18 04:00:00+02:00,Solar 59,0.0
2030,sc01,05-18 04:00:00+02:00,CT NG 11,0.0
2030,sc01,05-18 04:00:00+02:00,Biomass 30,0.11660999999999999
2030,sc01,05-18 04:00:00+02:00,Hydro 23,0.0
2030,sc01,05-18 04:00:00+02:00,CC NG 24,0.0
2030,sc01,05-18 04:00:00+02:00,Solar 65,0.0
2030,sc01,05-18 04:00:00+02:00,CC NG 18,0.0
2030,sc01,05-18 04:00:00+02:00,CT NG 16,0.0
2030,sc01,05-18 04:00:00+02:00,Solar 51,0.0
2030,sc01,05-18 04:00:00+02:00,Wind 06,1.03480565391
2030,sc01,05-18 04:00:00+02:00,CC NG 26,0.0
2030,sc01,05-18 04:00:00+02:00,CC NG 23,0.0
2030,sc01,05-18 04:00:00+02:00,CT NG 43,0.0
2030,sc01,05-18 04:00:00+02:00,CC NG 11,0.0
2030,sc01,05-18 04:00:00+02:00,CT NG 02,0.0
2030,sc01,05-18 04:00:00+02:00,CT NG 50,0.0
2030,sc01,05-18 04:00:00+02:00,Hydro 27,0.0
2030,sc01,05-18 04:00:00+02:00,CT NG 13,0.0
2030,sc01,05-18 04:00:00+02:00,CT NG 25,0.0
2030,sc01,05-18 04:00:00+02:00,CC NG 05,0.0
2030,sc01,05-18 04:00:00+02:00,Solar 04,0.0
2030,sc01,05-18 04:00:00+02:00,Solar 30,0.0
2030,sc01,05-18 04:00:00+02:00,Solar 29,0.0
2030,sc01,05-18 04:00:00+02:00,Solar 53,0.0
2030,sc01,05-18 04:00:00+02:00,Solar 21,0.0
2030,sc01,05-18 04:00:00+02:00,Biomass 58,0.12075
2030,sc01,05-18 04:00:00+02:00,CT NG 74,0.0
2030,sc01,05-18 04:00:00+02:00,Solar 61,0.0
2030,sc01,05-18 04:00:00+02:00,Wind 07,0.8211410757000001
2030,sc01,05-18 04:00:00+02:00,Biomass 31,0.11660999999999999
2030,sc01,05-18 04:00:00+02:00,CT Oil 05,0.0
2030,sc01,05-18 04:00:00+02:00,Biomass 38,0.0
2030,sc01,05-18 04:00:00+02:00,Solar 41,0.0
2030,sc01,05-18 04:00:00+02:00,Biomass 51,0.0
2030,sc01,05-18 04:00:00+02:00,Biomass 55,0.16491
2030,sc01,05-18 04:00:00+02:00,Wind 15,0.0
2030,sc01,05-18 04:00:00+02:00,Geo 01,0.0
2030,sc01,05-18 04:00:00+02:00,Biomass 60,0.18630000000000002
2030,sc01,05-18 04:00:00+02:00,CT NG 38,0.0
2030,sc01,05-18 04:00:00+02:00,Solar 66,0.0
2030,sc01,05-18 04:00:00+02:00,Solar 49,0.0
2030,sc01,05-18 04:00:00+02:00,CT NG 51,0.0
2030,sc01,05-18 04:00:00+02:00,Biomass 18,0.014490000000000001
2030,sc01,05-18 04:00:00+02:00,ICE NG 01,0.0
2030,sc01,05-18 04:00:00+02:00,Solar 15,0.0
2030,sc01,05-18 04:00:00+02:00,ICE NG 05,0.0
2030,sc01,05-18 04:00:00+02:00,CT Oil 04,0.0
2030,sc01,05-18 04:00:00+02:00,CC NG 20,0.0
2030,sc01,05-18 04:00:00+02:00,Solar 20,0.0
2030,sc01,05-18 04:00:00+02:00,Biomass 04,0.0
2030,sc01,05-18 04:00:00+02:00,Wind 02,2.7721363278899998
2030,sc01,05-18 04:00:00+02:00,Hydro 25,0.0
2030,sc01,05-18 04:00:00+02:00,Solar 75,0.0
2030,sc01,05-18 04:00:00+02:00,Hydro 33,0.0
2030,sc01,05-18 04:00:00+02:00,ST NG 05,0.0
2030,sc01,05-18 04:00:00+02:00,CT NG 07,0.0
2030,sc01,05-18 04:00:00+02:00,Wind 01,0.51979817472
2030,sc01,05-18 04:00:00+02:00,Solar 56,0.0
2030,sc01,05-18 04:00:00+02:00,Biomass 09,0.051750000000000004
2030,sc01,05-18 04:00:00+02:00,Biomass 53,0.16491
2030,sc01,05-18 04:00:00+02:00,Wind 17,41.15652377398247
2030,sc01,05-18 04:00:00+02:00,ST NG 08,0.0
2030,sc01,05-18 04:00:00+02:00,Hydro 19,0.0
2030,sc01,05-18 04:00:00+02:00,ST NG 02,0.0
2030,sc01,05-18 04:00:00+02:00,Biomass 01,0.06969
2030,sc01,05-18 04:00:00+02:00,Biomass 57,0.12075
2030,sc01,05-18 04:00:00+02:00,CT NG 49,0.0
2030,sc01,05-18 04:00:00+02:00,CT NG 31,0.0
2030,sc01,05-18 04:00:00+02:00,Solar 64,0.0
2030,sc01,05-18 04:00:00+02:00,CC NG 33,0.0
2030,sc01,05-18 04:00:00+02:00,Solar 46,0.0
2030,sc01,05-18 04:00:00+02:00,Biomass 12,0.024839999999999997
2030,sc01,05-18 04:00:00+02:00,Wind 04,0.0
2030,sc01,05-18 04:00:00+02:00,Solar 13,0.0
2030,sc01,05-18 04:00:00+02:00,CT NG 55,0.0
2030,sc01,05-18 04:00:00+02:00,Wind N03,247.01118073821098
2030,sc01,05-18 04:00:00+02:00,CT NG 28,0.0
2030,sc01,05-18 04:00:00+02:00,Wind 09,0.94175461854
2030,sc01,05-18 04:00:00+02:00,Solar 60,0.0
2030,sc01,05-18 04:00:00+02:00,Solar 25,0.0
2030,sc01,05-18 04:00:00+02:00,CT NG 23,0.0
2030,sc01,05-18 04:00:00+02:00,ST Other 01,0.0
2030,sc01,05-18 04:00:00+02:00,Solar 70,0.0
2030,sc01,05-18 04:00:00+02:00,CC NG 34,0.0
2030,sc01,05-18 04:00:00+02:00,Solar 48,0.0
2030,sc01,05-18 04:00:00+02:00,Biomass 56,0.14006999999999997
2030,sc01,05-18 04:00:00+02:00,CT NG 36,0.0
2030,sc01,05-18 04:00:00+02:00,Solar 47,0.0
2030,sc01,05-18 04:00:00+02:00,Hydro 17,0.066108555
2030,sc01,05-18 04:00:00+02:00,Solar 09,0.0
2030,sc01,05-18 04:00:00+02:00,Solar 08,0.0
2030,sc01,05-18 04:00:00+02:00,CT NG 45,0.0
2030,sc01,05-18 04:00:00+02:00,ST NG 04,0.0
2030,sc01,05-18 04:00:00+02:00,Solar 40,0.0
2030,sc01,05-18 04:00:00+02:00,Biomass 47,0.0
2030,sc01,05-18 04:00:00+02:00,Solar 50,0.0
2030,sc01,05-18 04:00:00+02:00,Solar 52,0.0
2030,sc01,05-18 04:00:00+02:00,Solar 63,0.0
2030,sc01,05-18 04:00:00+02:00,CC NG 06,0.0
2030,sc01,05-18 04:00:00+02:00,Biomass 39,0.0
2030,sc01,05-18 04:00:00+02:00,Solar 67,0.0
2030,sc01,05-18 04:00:00+02:00,Solar 19,0.0
2030,sc01,05-18 04:00:00+02:00,Wind 12,5.82658793184
2030,sc01,05-18 04:00:00+02:00,Solar 24,0.0
2030,sc01,05-18 04:00:00+02:00,ICE NG 02,0.0
2030,sc01,05-18 04:00:00+02:00,Solar 05,0.0
2030,sc01,05-18 04:00:00+02:00,CT NG 54,0.0
2030,sc01,05-18 04:00:00+02:00,Wind N01,55.277885509499995
2030,sc01,05-18 04:00:00+02:00,CT NG 27,0.0
2030,sc01,05-18 04:00:00+02:00,CC NG 36,0.0
2030,sc01,05-18 04:00:00+02:00,Wind N02,170.85543117164806
2030,sc01,05-18 04:00:00+02:00,CT NG 52,0.0
2030,sc01,05-18 04:00:00+02:00,Solar 35,0.0
2030,sc01,05-18 04:00:00+02:00,CT NG 05,0.0
2030,sc01,05-18 04:00:00+02:00,Biomass 36,0.0
2030,sc01,05-18 04:00:00+02:00,CT NG 34,0.0
2030,sc01,05-18 04:00:00+02:00,CT Oil 03,0.0
2030,sc01,05-18 04:00:00+02:00,Hydro 35,0.011752632
2030,sc01,05-18 04:00:00+02:00,Solar 14,0.0
2030,sc01,05-18 04:00:00+02:00,CT NG 75,0.0
2030,sc01,05-18 04:00:00+02:00,ST NG 09,0.0
2030,sc01,05-18 04:00:00+02:00,CT NG 56,0.0
2030,sc01,05-18 04:00:00+02:00,Biomass 22,0.02415
2030,sc01,05-18 04:00:00+02:00,Solar 18,0.0
2030,sc01,05-18 04:00:00+02:00,Biomass 13,0.024839999999999997
2030,sc01,05-18 04:00:00+02:00,CT NG 71,0.0
2030,sc01,05-18 04:00:00+02:00,Solar 58,0.0
2030,sc01,05-18 04:00:00+02:00,Solar 06,0.0
2030,sc01,05-18 04:00:00+02:00,Biomass 08,0.051750000000000004
2030,sc01,05-18 04:00:00+02:00,CT NG 72,0.0
2030,sc01,05-18 04:00:00+02:00,Hydro 18,0.22770724499999997
2030,sc01,05-18 04:00:00+02:00,Solar 10,0.0
2030,sc01,05-18 04:00:00+02:00,CT NG 04,0.0
2030,sc01,05-18 04:00:00+02:00,ST Other 02,0.0
2030,sc01,05-18 04:00:00+02:00,CT NG 12,0.0
2030,sc01,05-18 04:00:00+02:00,CT NG 48,0.0
2030,sc01,05-18 04:00:00+02:00,ST NG 10,0.0
2030,sc01,05-18 04:00:00+02:00,Solar 22,0.0
2030,sc01,05-18 04:00:00+02:00,Solar 28,0.0
2030,sc01,05-18 04:00:00+02:00,CT NG 73,0.0
2030,sc01,05-18 04:00:00+02:00,Biomass 52,0.0
2030,sc01,05-18 04:00:00+02:00,CT NG 30,0.0
2030,sc01,05-18 04:00:00+02:00,Solar 54,0.0
2030,sc01,05-18 04:00:00+02:00,Solar 31,0.0
2030,sc01,05-18 04:00:00+02:00,Biomass 03,0.0
2030,sc01,05-18 04:00:00+02:00,CT NG 32,0.0
2030,sc01,05-18 04:00:00+02:00,Biomass 27,0.11660999999999999
2030,sc01,05-18 04:00:00+02:00,CC NG 14,0.0
2030,sc01,05-18 04:00:00+02:00,CC NG 03,0.0
2030,sc01,05-18 04:00:00+02:00,CC NG 29,0.0
2030,sc01,05-18 04:00:00+02:00,CC NG 28,0.0
2030,sc01,05-18 04:00:00+02:00,CC NG 25,0.0
2030,sc01,05-18 04:00:00+02:00,CT NG 44,0.0
2030,sc01,05-18 04:00:00+02:00,CT NG 14,0.0
2030,sc01,05-18 04:00:00+02:00,CC NG 15,0.0
2030,sc01,05-18 04:00:00+02:00,CC NG 04,0.0
2030,sc01,05-18 04:00:00+02:00,Biomass 29,0.11660999999999999
2030,sc01,05-18 04:00:00+02:00,Wind 14,28.59944179154556
2030,sc01,05-18 04:00:00+02:00,Wind 08,1.17126451476
2030,sc01,05-18 04:00:00+02:00,Biomass 61,0.0
2030,sc01,05-18 04:00:00+02:00,CT NG 35,0.0
2030,sc01,05-18 04:00:00+02:00,Solar 33,0.0
2030,sc01,05-18 04:00:00+02:00,CT NG 41,0.0
2030,sc01,05-18 04:00:00+02:00,CT NG 15,0.0
2030,sc01,05-18 04:00:00+02:00,Solar 42,0.0
2030,sc01,05-18 04:00:00+02:00,Solar 07,0.0
2030,sc01,05-18 04:00:00+02:00,Solar 43,0.0
2030,sc01,05-18 04:00:00+02:00,Biomass 05,0.03036
2030,sc01,05-18 04:00:00+02:00,CT NG 29,0.0
2030,sc01,05-18 04:00:00+02:00,Solar 71,0.0
2030,sc01,05-18 04:00:00+02:00,CT NG 53,0.0
2030,sc01,05-18 04:00:00+02:00,CT NG 20,0.0
2030,sc01,05-18 04:00:00+02:00,Biomass 14,0.055200000000000006
2030,sc01,05-18 04:00:00+02:00,Solar 26,0.0
2030,sc01,05-18 04:00:00+02:00,Hydro 29,0.0
2030,sc01,05-18 04:00:00+02:00,Hydro 31,0.019587720000000003
2030,sc01,05-18 04:00:00+02:00,Biomass 24,0.03105
2030,sc01,05-18 04:00:00+02:00,Biomass 54,0.16491
2030,sc01,05-18 04:00:00+02:00,Solar 36,0.0
2030,sc01,05-18 04:00:00+02:00,Wind 03,0.026555714256
2030,sc01,05-18 04:00:00+02:00,Biomass 40,0.0
2030,sc01,05-18 04:00:00+02:00,Biomass 49,0.0
2030,sc01,05-18 04:00:00+02:00,CC NG 16,42.21188971868661
2030,sc01,05-18 04:00:00+02:00,Biomass 48,0.0
2030,sc01,05-18 04:00:00+02:00,Hydro 28,0.0
2030,sc01,05-18 04:00:00+02:00,Biomass 17,0.014490000000000001
2030,sc01,05-18 04:00:00+02:00,CT NG 33,0.0
2030,sc01,05-18 04:00:00+02:00,Solar 45,0.0
2030,sc01,05-18 04:00:00+02:00,Hydro 24,0.0
2030,sc01,05-18 04:00:00+02:00,Wind 13,3.4547154034200003
2030,sc01,05-18 04:00:00+02:00,Biomass 07,0.138
2030,sc01,05-18 04:00:00+02:00,Biomass 34,0.0
2030,sc01,05-18 04:00:00+02:00,Biomass 33,0.0
2030,sc01,05-18 04:00:00+02:00,CT NG 01,0.0
2030,sc01,05-18 04:00:00+02:00,ICE NG 03,0.0
2030,sc01,05-18 04:00:00+02:00,Solar 55,0.0
2030,sc01,05-18 04:00:00+02:00,Solar 11,0.0
2030,sc01,05-18 04:00:00+02:00,CT NG 06,0.0
2030,sc01,05-18 04:00:00+02:00,CT NG 70,0.0
2030,sc01,05-18 04:00:00+02:00,Solar 23,0.0
2030,sc01,05-18 04:00:00+02:00,CT NG 67,0.0
2030,sc01,05-18 04:00:00+02:00,Solar 12,0.0
2030,sc01,05-18 04:00:00+02:00,CT Oil 01,0.0
2030,sc01,05-18 04:00:00+02:00,Hydro 26,0.0
2030,sc01,05-18 04:00:00+02:00,CC NG 22,0.0
2030,sc01,05-18 04:00:00+02:00,CC NG 35,0.0
2030,sc01,05-18 04:00:00+02:00,Biomass 50,0.0
2030,sc01,05-18 04:00:00+02:00,ICE NG 04,0.0
2030,sc01,05-18 04:00:00+02:00,CC NG 39,0.0
2030,sc01,05-18 04:00:00+02:00,Hydro 32,0.023505264
2030,sc01,05-18 04:00:00+02:00,ICE NG 07,0.0
2030,sc01,05-18 04:00:00+02:00,Biomass 46,0.0
2030,sc01,05-18 04:00:00+02:00,CC NG 38,0.0
2030,sc01,05-18 04:00:00+02:00,CC NG 12,0.0
2030,sc01,05-18 04:00:00+02:00,Solar 57,0.0
2030,sc01,05-18 04:00:00+02:00,CC NG 32,0.0
2030,sc01,05-18 04:00:00+02:00,CC NG 07,0.0
2030,sc01,05-18 04:00:00+02:00,Biomass 44,0.0
2030,sc01,05-18 04:00:00+02:00,CT NG 40,0.0
2030,sc01,05-18 04:00:00+02:00,Solar 74,0.0
2030,sc01,05-18 04:00:00+02:00,Hydro 30,0.0
2030,sc01,05-18 04:00:00+02:00,CT NG 42,0.0
2030,sc01,05-18 04:00:00+02:00,Hydro 22,0.0
2030,sc01,05-18 04:00:00+02:00,Solar 17,0.0
2030,sc01,05-18 04:00:00+02:00,Solar 38,0.0
2030,sc01,05-18 04:00:00+02:00,CT NG 24,0.0
2030,sc01,05-18 04:00:00+02:00,CC NG 27,0.0
2030,sc01,05-18 04:00:00+02:00,Biomass 21,0.02415
2030,sc01,05-18 04:00:00+02:00,ICE NG 06,0.0
2030,sc01,05-18 04:00:00+02:00,Biomass 25,0.03105
2030,sc01,05-18 04:00:00+02:00,Solar 27,0.0
2030,sc01,05-18 04:00:00+02:00,CT NG 19,0.0
2030,sc01,05-18 04:00:00+02:00,Biomass 42,0.0
2030,sc01,05-18 04:00:00+02:00,Biomass 19,0.02415
2030,sc01,05-18 04:00:00+02:00,Biomass 06,0.03036
2030,sc01,05-18 04:00:00+02:00,CT NG 10,0.0
2030,sc01,05-18 04:00:00+02:00,CC NG 40,0.0
2030,sc01,05-18 04:00:00+02:00,CC NG 21,0.0
2030,sc01,05-18 04:00:00+02:00,Biomass 02,0.06969
2030,sc01,05-18 04:00:00+02:00,CT NG 46,0.0
2030,sc01,05-18 04:00:00+02:00,Hydro 34,0.0
2030,sc01,05-18 04:00:00+02:00,Biomass 10,0.051750000000000004
2030,sc01,05-18 04:00:00+02:00,CT NG 17,0.0
2030,sc01,05-18 04:00:00+02:00,Biomass 62,0.11040000000000001
2030,sc01,05-18 04:00:00+02:00,Biomass 32,0.08210999999999999
2030,sc01,05-18 04:00:00+02:00,CC NG 19,9.34122
2030,sc01,05-18 04:00:00+02:00,CC NG 17,0.0
2030,sc01,05-18 04:00:00+02:00,ST NG 01,0.0
2030,sc01,05-18 04:00:00+02:00,Biomass 45,0.0
2030,sc01,05-18 04:00:00+02:00,Biomass 28,0.11660999999999999
2030,sc01,05-18 04:00:00+02:00,CC NG 10,0.0
2030,sc01,05-18 04:00:00+02:00,Biomass 23,0.03105
2030,sc01,05-18 04:00:00+02:00,ST NG 06,0.0
2030,sc01,05-18 04:00:00+02:00,Wind 10,1.0671714501
2030,sc01,05-18 04:00:00+02:00,CT NG 69,0.0
2030,sc01,05-18 04:00:00+02:00,CT NG 68,0.0
2030,sc01,05-23 10:00:00+02:00,CC NG 13,0.0
2030,sc01,05-23 10:00:00+02:00,CT NG 37,0.0
2030,sc01,05-23 10:00:00+02:00,ST Coal 01,0.0
2030,sc01,05-23 10:00:00+02:00,CT NG 09,0.0
2030,sc01,05-23 10:00:00+02:00,CT NG 47,0.0
2030,sc01,05-23 10:00:00+02:00,Solar 69,0.0
2030,sc01,05-23 10:00:00+02:00,Solar 34,0.0
2030,sc01,05-23 10:00:00+02:00,Solar 73,0.0
2030,sc01,05-23 10:00:00+02:00,Biomass 37,0.0
2030,sc01,05-23 10:00:00+02:00,Hydro 20,0.0
2030,sc01,05-23 10:00:00+02:00,Solar 01,22.819121410799998
2030,sc01,05-23 10:00:00+02:00,Solar 62,0.0
2030,sc01,05-23 10:00:00+02:00,Solar 02,0.0
2030,sc01,05-23 10:00:00+02:00,CT NG 26,0.0
2030,sc01,05-23 10:00:00+02:00,Biomass 20,0.01365
2030,sc01,05-23 10:00:00+02:00,Wind 16,0.0
2030,sc01,05-23 10:00:00+02:00,CT NG 66,0.0
2030,sc01,05-23 10:00:00+02:00,Solar 39,0.0
2030,sc01,05-23 10:00:00+02:00,Biomass 41,0.0
2030,sc01,05-23 10:00:00+02:00,Solar 72,0.0
2030,sc01,05-23 10:00:00+02:00,ST NG 03,0.0
2030,sc01,05-23 10:00:00+02:00,Hydro 21,2.73450177
2030,sc01,05-23 10:00:00+02:00,CT NG 03,0.0
2030,sc01,05-23 10:00:00+02:00,CC NG 09,0.0
2030,sc01,05-23 10:00:00+02:00,CT Oil 02,0.0
2030,sc01,05-23 10:00:00+02:00,CT NG 39,0.0
2030,sc01,05-23 10:00:00+02:00,CC NG 08,0.0
2030,sc01,05-23 10:00:00+02:00,Biomass 43,0.0
2030,sc01,05-23 10:00:00+02:00,CT NG 18,0.0
2030,sc01,05-23 10:00:00+02:00,ST NG 07,0.0
2030,sc01,05-23 10:00:00+02:00,Biomass 35,0.0
2030,sc01,05-23 10:00:00+02:00,Solar 32,0.0
2030,sc01,05-23 10:00:00+02:00,Biomass 15,0.008190000000000001
2030,sc01,05-23 10:00:00+02:00,CC NG 31,0.0
2030,sc01,05-23 10:00:00+02:00,Solar 16,1.82580339006
2030,sc01,05-23 10:00:00+02:00,Solar 68,0.0
2030,sc01,05-23 10:00:00+02:00,CT NG 21,0.0
2030,sc01,05-23 10:00:00+02:00,Wind 11,1.8688279053599999
2030,sc01,05-23 10:00:00+02:00,CC NG 37,0.0
2030,sc01,05-23 10:00:00+02:00,CT NG 22,0.0
2030,sc01,05-23 10:00:00+02:00,Hydro 16,0.01716312
2030,sc01,05-23 10:00:00+02:00,Biomass 59,0.16146000000000002
2030,sc01,05-23 10:00:00+02:00,CC NG 01,0.0
2030,sc01,05-23 10:00:00+02:00,Biomass 16,0.008190000000000001
2030,sc01,05-23 10:00:00+02:00,Solar 03,0.0
2030,sc01,05-23 10:00:00+02:00,Solar 44,0.0
2030,sc01,05-23 10:00:00+02:00,CT NG 08,0.0
2030,sc01,05-23 10:00:00+02:00,Wind 05,0.044253293448
2030,sc01,05-23 10:00:00+02:00,Biomass 26,0.06591
2030,sc01,05-23 10:00:00+02:00,Solar 37,0.0
2030,sc01,05-23 10:00:00+02:00,Biomass 11,0.014039999999999999
2030,sc01,05-23 10:00:00+02:00,Solar 59,0.0
2030,sc01,05-23 10:00:00+02:00,CT NG 11,0.0
2030,sc01,05-23 10:00:00+02:00,Biomass 30,0.06591
2030,sc01,05-23 10:00:00+02:00,Hydro 23,0.0
2030,sc01,05-23 10:00:00+02:00,CC NG 24,0.0
2030,sc01,05-23 10:00:00+02:00,Solar 65,11.969240622300001
2030,sc01,05-23 10:00:00+02:00,CC NG 18,0.0
2030,sc01,05-23 10:00:00+02:00,CT NG 16,0.0
2030,sc01,05-23 10:00:00+02:00,Solar 51,0.0
2030,sc01,05-23 10:00:00+02:00,Wind 06,2.53602469458
2030,sc01,05-23 10:00:00+02:00,CC NG 26,0.0
2030,sc01,05-23 10:00:00+02:00,CC NG 23,0.0
2030,sc01,05-23 10:00:00+02:00,CT NG 43,0.0
2030,sc01,05-23 10:00:00+02:00,CC NG 11,0.0
2030,sc01,05-23 10:00:00+02:00,CT NG 02,0.0
2030,sc01,05-23 10:00:00+02:00,CT NG 50,0.0
2030,sc01,05-23 10:00:00+02:00,Hydro 27,0.0
2030,sc01,05-23 10:00:00+02:00,CT NG 13,0.0
2030,sc01,05-23 10:00:00+02:00,CT NG 25,0.0
2030,sc01,05-23 10:00:00+02:00,CC NG 05,0.0
2030,sc01,05-23 10:00:00+02:00,Solar 04,1.10667590553
2030,sc01,05-23 10:00:00+02:00,Solar 30,1.4040000000000001
2030,sc01,05-23 10:00:00+02:00,Solar 29,1.68146364204
2030,sc01,05-23 10:00:00+02:00,Solar 53,0.0
2030,sc01,05-23 10:00:00+02:00,Solar 21,4.1991483729
2030,sc01,05-23 10:00:00+02:00,Biomass 58,0.06825
2030,sc01,05-23 10:00:00+02:00,CT NG 74,0.0
2030,sc01,05-23 10:00:00+02:00,Solar 61,0.0
2030,sc01,05-23 10:00:00+02:00,Wind 07,1.87445828895
2030,sc01,05-23 10:00:00+02:00,Biomass 31,0.06591
2030,sc01,05-23 10:00:00+02:00,CT Oil 05,0.0
2030,sc01,05-23 10:00:00+02:00,Biomass 38,0.0
2030,sc01,05-23 10:00:00+02:00,Solar 41,0.0
2030,sc01,05-23 10:00:00+02:00,Biomass 51,0.0
2030,sc01,05-23 10:00:00+02:00,Biomass 55,0.0
2030,sc01,05-23 10:00:00+02:00,Wind 15,9.6220991256
2030,sc01,05-23 10:00:00+02:00,Geo 01,0.0
2030,sc01,05-23 10:00:00+02:00,Biomass 60,0.1053
2030,sc01,05-23 10:00:00+02:00,CT NG 38,0.0
2030,sc01,05-23 10:00:00+02:00,Solar 66,27.27235585963468
2030,sc01,05-23 10:00:00+02:00,Solar 49,0.0
2030,sc01,05-23 10:00:00+02:00,CT NG 51,0.0
2030,sc01,05-23 10:00:00+02:00,Biomass 18,0.008190000000000001
2030,sc01,05-23 10:00:00+02:00,ICE NG 01,0.0
2030,sc01,05-23 10:00:00+02:00,Solar 15,2.40145489974
2030,sc01,05-23 10:00:00+02:00,ICE NG 05,0.0
2030,sc01,05-23 10:00:00+02:00,CT Oil 04,0.0
2030,sc01,05-23 10:00:00+02:00,CC NG 20,0.0
2030,sc01,05-23 10:00:00+02:00,Solar 20,2.2073268009
2030,sc01,05-23 10:00:00+02:00,Biomass 04,0.0
2030,sc01,05-23 10:00:00+02:00,Wind 02,4.0362908235
2030,sc01,05-23 10:00:00+02:00,Hydro 25,0.0
2030,sc01,05-23 10:00:00+02:00,Solar 75,0.0
2030,sc01,05-23 10:00:00+02:00,Hydro 33,0.0
2030,sc01,05-23 10:00:00+02:00,ST NG 05,0.0
2030,sc01,05-23 10:00:00+02:00,CT NG 07,0.0
2030,sc01,05-23 10:00:00+02:00,Wind 01,1.2552050745
2030,sc01,05-23 10:00:00+02:00,Solar 56,0.0
2030,sc01,05-23 10:00:00+02:00,Biomass 09,0.02925
2030,sc01,05-23 10:00:00+02:00,Biomass 53,0.0
2030,sc01,05-23 10:00:00+02:00,Wind 17,21.055000504405935
2030,sc01,05-23 10:00:00+02:00,ST NG 08,0.0
2030,sc01,05-23 10:00:00+02:00,Hydro 19,0.0
2030,sc01,05-23 10:00:00+02:00,ST NG 02,0.0
2030,sc01,05-23 10:00:00+02:00,Biomass 01,0.03939
2030,sc01,05-23 10:00:00+02:00,Biomass 57,0.06825
2030,sc01,05-23 10:00:00+02:00,CT NG 49,0.0
2030,sc01,05-23 10:00:00+02:00,CT NG 31,0.0
2030,sc01,05-23 10:00:00+02:00,Solar 64,6.2838386754
2030,sc01,05-23 10:00:00+02:00,CC NG 33,0.0
2030,sc01,05-23 10:00:00+02:00,Solar 46,0.0
2030,sc01,05-23 10:00:00+02:00,Biomass 12,0.014039999999999999
2030,sc01,05-23 10:00:00+02:00,Wind 04,0.20598664788
2030,sc01,05-23 10:00:00+02:00,Solar 13,0.060285231864000005
2030,sc01,05-23 10:00:00+02:00,CT NG 55,0.0
2030,sc01,05-23 10:00:00+02:00,Wind N03,43.61197419820159
2030,sc01,05-23 10:00:00+02:00,CT NG 28,0.0
2030,sc01,05-23 10:00:00+02:00,Wind 09,0.7260498109800001
2030,sc01,05-23 10:00:00+02:00,Solar 60,0.0
2030,sc01,05-23 10:00:00+02:00,Solar 25,0.44208218495999996
2030,sc01,05-23 10:00:00+02:00,CT NG 23,0.0
2030,sc01,05-23 10:00:00+02:00,ST Other 01,0.0
2030,sc01,05-23 10:00:00+02:00,Solar 70,15.597504571930624
2030,sc01,05-23 10:00:00+02:00,CC NG 34,0.0
2030,sc01,05-23 10:00:00+02:00,Solar 48,0.0
2030,sc01,05-23 10:00:00+02:00,Biomass 56,0.07916999999999999
2030,sc01,05-23 10:00:00+02:00,CT NG 36,0.0
2030,sc01,05-23 10:00:00+02:00,Solar 47,0.0
2030,sc01,05-23 10:00:00+02:00,Hydro 17,0.0
2030,sc01,05-23 10:00:00+02:00,Solar 09,2.9300185551
2030,sc01,05-23 10:00:00+02:00,Solar 08,0.0
2030,sc01,05-23 10:00:00+02:00,CT NG 45,0.0
2030,sc01,05-23 10:00:00+02:00,ST NG 04,0.0
2030,sc01,05-23 10:00:00+02:00,Solar 40,0.0
2030,sc01,05-23 10:00:00+02:00,Biomass 47,0.0
2030,sc01,05-23 10:00:00+02:00,Solar 50,0.0
2030,sc01,05-23 10:00:00+02:00,Solar 52,0.0
2030,sc01,05-23 10:00:00+02:00,Solar 63,13.4193333222
2030,sc01,05-23 10:00:00+02:00,CC NG 06,0.0
2030,sc01,05-23 10:00:00+02:00,Biomass 39,0.0
2030,sc01,05-23 10:00:00+02:00,Solar 67,0.0
2030,sc01,05-23 10:00:00+02:00,Solar 19,0.02280014568
2030,sc01,05-23 10:00:00+02:00,Wind 12,13.7270463642
2030,sc01,05-23 10:00:00+02:00,Solar 24,0.32972779632000004
2030,sc01,05-23 10:00:00+02:00,ICE NG 02,0.0
2030,sc01,05-23 10:00:00+02:00,Solar 05,0.0
2030,sc01,05-23 10:00:00+02:00,CT NG 54,0.0
2030,sc01,05-23 10:00:00+02:00,Wind N01,77.07959671642487
2030,sc01,05-23 10:00:00+02:00,CT NG 27,0.0
2030,sc01,05-23 10:00:00+02:00,CC NG 36,0.0
2030,sc01,05-23 10:00:00+02:00,Wind N02,93.59919020286522
2030,sc01,05-23 10:00:00+02:00,CT NG 52,0.0
2030,sc01,05-23 10:00:00+02:00,Solar 35,0.0
2030,sc01,05-23 10:00:00+02:00,CT NG 05,0.0
2030,sc01,05-23 10:00:00+02:00,Biomass 36,0.0
2030,sc01,05-23 10:00:00+02:00,CT NG 34,0.0
2030,sc01,05-23 10:00:00+02:00,CT Oil 03,0.0
2030,sc01,05-23 10:00:00+02:00,Hydro 35,0.0
2030,sc01,05-23 10:00:00+02:00,Solar 14,2.6698770969
2030,sc01,05-23 10:00:00+02:00,CT NG 75,0.0
2030,sc01,05-23 10:00:00+02:00,ST NG 09,0.0
2030,sc01,05-23 10:00:00+02:00,CT NG 56,0.0
2030,sc01,05-23 10:00:00+02:00,Biomass 22,0.01365
2030,sc01,05-23 10:00:00+02:00,Solar 18,2.81608767921
2030,sc01,05-23 10:00:00+02:00,Biomass 13,0.014039999999999999
2030,sc01,05-23 10:00:00+02:00,CT NG 71,0.0
2030,sc01,05-23 10:00:00+02:00,Solar 58,0.0
2030,sc01,05-23 10:00:00+02:00,Solar 06,0.0
2030,sc01,05-23 10:00:00+02:00,Biomass 08,0.02925
2030,sc01,05-23 10:00:00+02:00,CT NG 72,0.0
2030,sc01,05-23 10:00:00+02:00,Hydro 18,0.0
2030,sc01,05-23 10:00:00+02:00,Solar 10,2.12617884921
2030,sc01,05-23 10:00:00+02:00,CT NG 04,0.0
2030,sc01,05-23 10:00:00+02:00,ST Other 02,0.0
2030,sc01,05-23 10:00:00+02:00,CT NG 12,0.0
2030,sc01,05-23 10:00:00+02:00,CT NG 48,0.0
2030,sc01,05-23 10:00:00+02:00,ST NG 10,0.0
2030,sc01,05-23 10:00:00+02:00,Solar 22,1.7489037863700003
2030,sc01,05-23 10:00:00+02:00,Solar 28,1.5650652310800002
2030,sc01,05-23 10:00:00+02:00,CT NG 73,0.0
2030,sc01,05-23 10:00:00+02:00,Biomass 52,0.0
2030,sc01,05-23 10:00:00+02:00,CT NG 30,0.0
2030,sc01,05-23 10:00:00+02:00,Solar 54,0.0
2030,sc01,05-23 10:00:00+02:00,Solar 31,0.0
2030,sc01,05-23 10:00:00+02:00,Biomass 03,0.0
2030,sc01,05-23 10:00:00+02:00,CT NG 32,0.0
2030,sc01,05-23 10:00:00+02:00,Biomass 27,0.06591
2030,sc01,05-23 10:00:00+02:00,CC NG 14,0.0
2030,sc01,05-23 10:00:00+02:00,CC NG 03,0.0
2030,sc01,05-23 10:00:00+02:00,CC NG 29,0.0
2030,sc01,05-23 10:00:00+02:00,CC NG 28,0.0
2030,sc01,05-23 10:00:00+02:00,CC NG 25,0.0
2030,sc01,05-23 10:00:00+02:00,CT NG 44,0.0
2030,sc01,05-23 10:00:00+02:00,CT NG 14,0.0
2030,sc01,05-23 10:00:00+02:00,CC NG 15,0.0
2030,sc01,05-23 10:00:00+02:00,CC NG 04,0.0
2030,sc01,05-23 10:00:00+02:00,Biomass 29,0.06591
2030,sc01,05-23 10:00:00+02:00,Wind 14,0.0
2030,sc01,05-23 10:00:00+02:00,Wind 08,0.76466353626
2030,sc01,05-23 10:00:00+02:00,Biomass 61,0.0
2030,sc01,05-23 10:00:00+02:00,CT NG 35,0.0
2030,sc01,05-23 10:00:00+02:00,Solar 33,0.0
2030,sc01,05-23 10:00:00+02:00,CT NG 41,0.0
2030,sc01,05-23 10:00:00+02:00,CT NG 15,0.0
2030,sc01,05-23 10:00:00+02:00,Solar 42,0.0
2030,sc01,05-23 10:00:00+02:00,Solar 07,0.0
2030,sc01,05-23 10:00:00+02:00,Solar 43,0.0
2030,sc01,05-23 10:00:00+02:00,Biomass 05,0.01716
2030,sc01,05-23 10:00:00+02:00,CT NG 29,0.0
2030,sc01,05-23 10:00:00+02:00,Solar 71,0.0
2030,sc01,05-23 10:00:00+02:00,CT NG 53,0.0
2030,sc01,05-23 10:00:00+02:00,CT NG 20,0.0
2030,sc01,05-23 10:00:00+02:00,Biomass 14,0.031200000000000002
2030,sc01,05-23 10:00:00+02:00,Solar 26,0.40939897089000005
2030,sc01,05-23 10:00:00+02:00,Hydro 29,0.0
2030,sc01,05-23 10:00:00+02:00,Hydro 31,0.0
2030,sc01,05-23 10:00:00+02:00,Biomass 24,0.017550000000000003
2030,sc01,05-23 10:00:00+02:00,Biomass 54,0.0
2030,sc01,05-23 10:00:00+02:00,Solar 36,38.45314049933699
2030,sc01,05-23 10:00:00+02:00,Wind 03,0.4613353602
2030,sc01,05-23 10:00:00+02:00,Biomass 40,0.0
2030,sc01,05-23 10:00:00+02:00,Biomass 49,0.0
2030,sc01,05-23 10:00:00+02:00,CC NG 16,0.0
2030,sc01,05-23 10:00:00+02:00,Biomass 48,0.0
2030,sc01,05-23 10:00:00+02:00,Hydro 28,0.0
2030,sc01,05-23 10:00:00+02:00,Biomass 17,0.008190000000000001
2030,sc01,05-23 10:00:00+02:00,CT NG 33,0.0
2030,sc01,05-23 10:00:00+02:00,Solar 45,0.0
2030,sc01,05-23 10:00:00+02:00,Hydro 24,0.0
2030,sc01,05-23 10:00:00+02:00,Wind 13,6.0187557065999995
2030,sc01,05-23 10:00:00+02:00,Biomass 07,0.078
2030,sc01,05-23 10:00:00+02:00,Biomass 34,0.0
2030,sc01,05-23 10:00:00+02:00,Biomass 33,0.0
2030,sc01,05-23 10:00:00+02:00,CT NG 01,0.09930261875777144
2030,sc01,05-23 10:00:00+02:00,ICE NG 03,0.0
2030,sc01,05-23 10:00:00+02:00,Solar 55,0.0
2030,sc01,05-23 10:00:00+02:00,Solar 11,0.45223943271000006
2030,sc01,05-23 10:00:00+02:00,CT NG 06,0.0
2030,sc01,05-23 10:00:00+02:00,CT NG 70,0.0
2030,sc01,05-23 10:00:00+02:00,Solar 23,0.06696361245600001
2030,sc01,05-23 10:00:00+02:00,CT NG 67,0.0
2030,sc01,05-23 10:00:00+02:00,Solar 12,0.350081098536
2030,sc01,05-23 10:00:00+02:00,CT Oil 01,0.0
2030,sc01,05-23 10:00:00+02:00,Hydro 26,0.0
2030,sc01,05-23 10:00:00+02:00,CC NG 22,0.0
2030,sc01,05-23 10:00:00+02:00,CC NG 35,0.0
2030,sc01,05-23 10:00:00+02:00,Biomass 50,0.0
2030,sc01,05-23 10:00:00+02:00,ICE NG 04,0.0
2030,sc01,05-23 10:00:00+02:00,CC NG 39,0.0
2030,sc01,05-23 10:00:00+02:00,Hydro 32,0.0
2030,sc01,05-23 10:00:00+02:00,ICE NG 07,0.0
2030,sc01,05-23 10:00:00+02:00,Biomass 46,0.0
2030,sc01,05-23 10:00:00+02:00,CC NG 38,0.0
2030,sc01,05-23 10:00:00+02:00,CC NG 12,0.0
2030,sc01,05-23 10:00:00+02:00,Solar 57,0.0
2030,sc01,05-23 10:00:00+02:00,CC NG 32,0.0
2030,sc01,05-23 10:00:00+02:00,CC NG 07,0.0
2030,sc01,05-23 10:00:00+02:00,Biomass 44,0.0
2030,sc01,05-23 10:00:00+02:00,CT NG 40,0.0
2030,sc01,05-23 10:00:00+02:00,Solar 74,7.800000000000001
2030,sc01,05-23 10:00:00+02:00,Hydro 30,0.0
2030,sc01,05-23 10:00:00+02:00,CT NG 42,0.0
2030,sc01,05-23 10:00:00+02:00,Hydro 22,2.73450177
2030,sc01,05-23 10:00:00+02:00,Solar 17,0.6866489428499999
2030,sc01,05-23 10:00:00+02:00,Solar 38,0.0
2030,sc01,05-23 10:00:00+02:00,CT NG 24,0.0
2030,sc01,05-23 10:00:00+02:00,CC NG 27,0.0
2030,sc01,05-23 10:00:00+02:00,Biomass 21,0.01365
2030,sc01,05-23 10:00:00+02:00,ICE NG 06,0.0
2030,sc01,05-23 10:00:00+02:00,Biomass 25,0.017550000000000003
2030,sc01,05-23 10:00:00+02:00,Solar 27,0.31299047426399995
2030,sc01,05-23 10:00:00+02:00,CT NG 19,0.0
2030,sc01,05-23 10:00:00+02:00,Biomass 42,0.0
2030,sc01,05-23 10:00:00+02:00,Biomass 19,0.01365
2030,sc01,05-23 10:00:00+02:00,Biomass 06,0.01716
2030,sc01,05-23 10:00:00+02:00,CT NG 10,0.0
2030,sc01,05-23 10:00:00+02:00,CC NG 40,0.0
2030,sc01,05-23 10:00:00+02:00,CC NG 21,0.0
2030,sc01,05-23 10:00:00+02:00,Biomass 02,0.03939
2030,sc01,05-23 10:00:00+02:00,CT NG 46,0.0
2030,sc01,05-23 10:00:00+02:00,Hydro 34,0.0
2030,sc01,05-23 10:00:00+02:00,Biomass 10,0.02925
2030,sc01,05-23 10:00:00+02:00,CT NG 17,0.0
2030,sc01,05-23 10:00:00+02:00,Biomass 62,0.0
2030,sc01,05-23 10:00:00+02:00,Biomass 32,0.04640999999999999
2030,sc01,05-23 10:00:00+02:00,CC NG 19,0.0
2030,sc01,05-23 10:00:00+02:00,CC NG 17,0.0
2030,sc01,05-23 10:00:00+02:00,ST NG 01,0.0
2030,sc01,05-23 10:00:00+02:00,Biomass 45,0.0
2030,sc01,05-23 10:00:00+02:00,Biomass 28,0.06591
2030,sc01,05-23 10:00:00+02:00,CC NG 10,0.0
2030,sc01,05-23 10:00:00+02:00,Biomass 23,0.017550000000000003
2030,sc01,05-23 10:00:00+02:00,ST NG 06,0.0
2030,sc01,05-23 10:00:00+02:00,Wind 10,0.70042167234
2030,sc01,05-23 10:00:00+02:00,CT NG 69,0.0
2030,sc01,05-23 10:00:00+02:00,CT NG 68,0.0
2030,sc01,05-23 16:00:00+02:00,CC NG 13,0.0
2030,sc01,05-23 16:00:00+02:00,CT NG 37,0.0
2030,sc01,05-23 16:00:00+02:00,ST Coal 01,0.0
2030,sc01,05-23 16:00:00+02:00,CT NG 09,0.0
2030,sc01,05-23 16:00:00+02:00,CT NG 47,0.0
2030,sc01,05-23 16:00:00+02:00,Solar 69,8.855517239300001
2030,sc01,05-23 16:00:00+02:00,Solar 34,6.733745534300001
2030,sc01,05-23 16:00:00+02:00,Solar 73,0.0
2030,sc01,05-23 16:00:00+02:00,Biomass 37,0.0
2030,sc01,05-23 16:00:00+02:00,Hydro 20,0.0
2030,sc01,05-23 16:00:00+02:00,Solar 01,6.7167919312
2030,sc01,05-23 16:00:00+02:00,Solar 62,0.0
2030,sc01,05-23 16:00:00+02:00,Solar 02,0.0
2030,sc01,05-23 16:00:00+02:00,CT NG 26,0.0
2030,sc01,05-23 16:00:00+02:00,Biomass 20,0.00665
2030,sc01,05-23 16:00:00+02:00,Wind 16,10.294960896925089
2030,sc01,05-23 16:00:00+02:00,CT NG 66,0.0
2030,sc01,05-23 16:00:00+02:00,Solar 39,0.0
2030,sc01,05-23 16:00:00+02:00,Biomass 41,0.0
2030,sc01,05-23 16:00:00+02:00,Solar 72,0.0
2030,sc01,05-23 16:00:00+02:00,ST NG 03,0.0
2030,sc01,05-23 16:00:00+02:00,Hydro 21,1.3319207100000001
2030,sc01,05-23 16:00:00+02:00,CT NG 03,0.0
2030,sc01,05-23 16:00:00+02:00,CC NG 09,0.0
2030,sc01,05-23 16:00:00+02:00,CT Oil 02,0.0
2030,sc01,05-23 16:00:00+02:00,CT NG 39,0.0
2030,sc01,05-23 16:00:00+02:00,CC NG 08,0.0
2030,sc01,05-23 16:00:00+02:00,Biomass 43,0.0
2030,sc01,05-23 16:00:00+02:00,CT NG 18,0.0
2030,sc01,05-23 16:00:00+02:00,ST NG 07,0.0
2030,sc01,05-23 16:00:00+02:00,Biomass 35,0.0
2030,sc01,05-23 16:00:00+02:00,Solar 32,0.0
2030,sc01,05-23 16:00:00+02:00,Biomass 15,0.0039900000000000005
2030,sc01,05-23 16:00:00+02:00,CC NG 31,0.0
2030,sc01,05-23 16:00:00+02:00,Solar 16,0.32524856089
2030,sc01,05-23 16:00:00+02:00,Solar 68,2.295567047252597
2030,sc01,05-23 16:00:00+02:00,CT NG 21,0.0
2030,sc01,05-23 16:00:00+02:00,Wind 11,1.2086446709799998
2030,sc01,05-23 16:00:00+02:00,CC NG 37,0.0
2030,sc01,05-23 16:00:00+02:00,CT NG 22,0.0
2030,sc01,05-23 16:00:00+02:00,Hydro 16,0.00881144
2030,sc01,05-23 16:00:00+02:00,Biomass 59,0.07866000000000001
2030,sc01,05-23 16:00:00+02:00,CC NG 01,0.0
2030,sc01,05-23 16:00:00+02:00,Biomass 16,0.0039900000000000005
2030,sc01,05-23 16:00:00+02:00,Solar 03,0.0
2030,sc01,05-23 16:00:00+02:00,Solar 44,0.0
2030,sc01,05-23 16:00:00+02:00,CT NG 08,0.0
2030,sc01,05-23 16:00:00+02:00,Wind 05,0.077763085392
2030,sc01,05-23 16:00:00+02:00,Biomass 26,0.03211
2030,sc01,05-23 16:00:00+02:00,Solar 37,0.0
2030,sc01,05-23 16:00:00+02:00,Biomass 11,0.00684
2030,sc01,05-23 16:00:00+02:00,Solar 59,0.0
2030,sc01,05-23 16:00:00+02:00,CT NG 11,0.0
2030,sc01,05-23 16:00:00+02:00,Biomass 30,0.03211
2030,sc01,05-23 16:00:00+02:00,Hydro 23,0.0
2030,sc01,05-23 16:00:00+02:00,CC NG 24,0.0
2030,sc01,05-23 16:00:00+02:00,Solar 65,3.4338751148
2030,sc01,05-23 16:00:00+02:00,CC NG 18,0.0
2030,sc01,05-23 16:00:00+02:00,CT NG 16,0.0
2030,sc01,05-23 16:00:00+02:00,Solar 51,0.0
2030,sc01,05-23 16:00:00+02:00,Wind 06,1.6784989743200003
2030,sc01,05-23 16:00:00+02:00,CC NG 26,0.0
2030,sc01,05-23 16:00:00+02:00,CC NG 23,0.0
2030,sc01,05-23 16:00:00+02:00,CT NG 43,0.0
2030,sc01,05-23 16:00:00+02:00,CC NG 11,0.0
2030,sc01,05-23 16:00:00+02:00,CT NG 02,0.0
2030,sc01,05-23 16:00:00+02:00,CT NG 50,0.0
2030,sc01,05-23 16:00:00+02:00,Hydro 27,0.0
2030,sc01,05-23 16:00:00+02:00,CT NG 13,0.39767759999999996
2030,sc01,05-23 16:00:00+02:00,CT NG 25,0.0
2030,sc01,05-23 16:00:00+02:00,CC NG 05,0.0
2030,sc01,05-23 16:00:00+02:00,Solar 04,0.28908623063
2030,sc01,05-23 16:00:00+02:00,Solar 30,0.31364092471
2030,sc01,05-23 16:00:00+02:00,Solar 29,0.50726040989
2030,sc01,05-23 16:00:00+02:00,Solar 53,0.0
2030,sc01,05-23 16:00:00+02:00,Solar 21,1.09690286886
2030,sc01,05-23 16:00:00+02:00,Biomass 58,0.03325
2030,sc01,05-23 16:00:00+02:00,CT NG 74,0.0
2030,sc01,05-23 16:00:00+02:00,Solar 61,0.0
2030,sc01,05-23 16:00:00+02:00,Wind 07,1.1809264128699999
2030,sc01,05-23 16:00:00+02:00,Biomass 31,0.03211
2030,sc01,05-23 16:00:00+02:00,CT Oil 05,0.0
2030,sc01,05-23 16:00:00+02:00,Biomass 38,0.0
2030,sc01,05-23 16:00:00+02:00,Solar 41,0.0
2030,sc01,05-23 16:00:00+02:00,Biomass 51,0.0
2030,sc01,05-23 16:00:00+02:00,Biomass 55,0.0
2030,sc01,05-23 16:00:00+02:00,Wind 15,5.510721709299999
2030,sc01,05-23 16:00:00+02:00,Geo 01,0.0
2030,sc01,05-23 16:00:00+02:00,Biomass 60,0.051300000000000005
2030,sc01,05-23 16:00:00+02:00,CT NG 38,0.0
2030,sc01,05-23 16:00:00+02:00,Solar 66,8.4128605498
2030,sc01,05-23 16:00:00+02:00,Solar 49,0.0
2030,sc01,05-23 16:00:00+02:00,CT NG 51,0.0
2030,sc01,05-23 16:00:00+02:00,Biomass 18,0.0039900000000000005
2030,sc01,05-23 16:00:00+02:00,ICE NG 01,0.0
2030,sc01,05-23 16:00:00+02:00,Solar 15,0.6273088096600001
2030,sc01,05-23 16:00:00+02:00,ICE NG 05,0.0
2030,sc01,05-23 16:00:00+02:00,CT Oil 04,0.0
2030,sc01,05-23 16:00:00+02:00,CC NG 20,0.0
2030,sc01,05-23 16:00:00+02:00,Solar 20,0.58924569603
2030,sc01,05-23 16:00:00+02:00,Biomass 04,0.0
2030,sc01,05-23 16:00:00+02:00,Wind 02,2.7526480204
2030,sc01,05-23 16:00:00+02:00,Hydro 25,0.0
2030,sc01,05-23 16:00:00+02:00,Solar 75,0.0
2030,sc01,05-23 16:00:00+02:00,Hydro 33,0.0
2030,sc01,05-23 16:00:00+02:00,ST NG 05,0.0
2030,sc01,05-23 16:00:00+02:00,CT NG 07,0.0
2030,sc01,05-23 16:00:00+02:00,Wind 01,0.78534015066
2030,sc01,05-23 16:00:00+02:00,Solar 56,0.0
2030,sc01,05-23 16:00:00+02:00,Biomass 09,0.01425
2030,sc01,05-23 16:00:00+02:00,Biomass 53,0.0
2030,sc01,05-23 16:00:00+02:00,Wind 17,0.0
2030,sc01,05-23 16:00:00+02:00,ST NG 08,0.0
2030,sc01,05-23 16:00:00+02:00,Hydro 19,0.0
2030,sc01,05-23 16:00:00+02:00,ST NG 02,0.0
2030,sc01,05-23 16:00:00+02:00,Biomass 01,0.019190000000000002
2030,sc01,05-23 16:00:00+02:00,Biomass 57,0.03325
2030,sc01,05-23 16:00:00+02:00,CT NG 49,0.0
2030,sc01,05-23 16:00:00+02:00,CT NG 31,0.0
2030,sc01,05-23 16:00:00+02:00,Solar 64,1.80278080608
2030,sc01,05-23 16:00:00+02:00,CC NG 33,0.0
2030,sc01,05-23 16:00:00+02:00,Solar 46,0.0
2030,sc01,05-23 16:00:00+02:00,Biomass 12,0.00684
2030,sc01,05-23 16:00:00+02:00,Wind 04,0.10034278434400001
2030,sc01,05-23 16:00:00+02:00,Solar 13,0.015747727288
2030,sc01,05-23 16:00:00+02:00,CT NG 55,0.0
2030,sc01,05-23 16:00:00+02:00,Wind N03,28.68859133359926
2030,sc01,05-23 16:00:00+02:00,CT NG 28,0.0
2030,sc01,05-23 16:00:00+02:00,Wind 09,1.1843423596
2030,sc01,05-23 16:00:00+02:00,Solar 60,0.0
2030,sc01,05-23 16:00:00+02:00,Solar 25,0.11548084844800001
2030,sc01,05-23 16:00:00+02:00,CT NG 23,0.0
2030,sc01,05-23 16:00:00+02:00,ST Other 01,0.0
2030,sc01,05-23 16:00:00+02:00,Solar 70,0.0
2030,sc01,05-23 16:00:00+02:00,CC NG 34,0.0
2030,sc01,05-23 16:00:00+02:00,Solar 48,0.0
2030,sc01,05-23 16:00:00+02:00,Biomass 56,0.03856999999999999
2030,sc01,05-23 16:00:00+02:00,CT NG 36,0.0
2030,sc01,05-23 16:00:00+02:00,Solar 47,0.0
2030,sc01,05-23 16:00:00+02:00,Hydro 17,0.0
2030,sc01,05-23 16:00:00+02:00,Solar 09,0.76538037516
2030,sc01,05-23 16:00:00+02:00,Solar 08,0.149515734344
2030,sc01,05-23 16:00:00+02:00,CT NG 45,0.0
2030,sc01,05-23 16:00:00+02:00,ST NG 04,0.0
2030,sc01,05-23 16:00:00+02:00,Solar 40,0.0
2030,sc01,05-23 16:00:00+02:00,Biomass 47,0.0
2030,sc01,05-23 16:00:00+02:00,Solar 50,0.0
2030,sc01,05-23 16:00:00+02:00,Solar 52,0.0
2030,sc01,05-23 16:00:00+02:00,Solar 63,3.8498945947000003
2030,sc01,05-23 16:00:00+02:00,CC NG 06,0.0
2030,sc01,05-23 16:00:00+02:00,Biomass 39,0.0
2030,sc01,05-23 16:00:00+02:00,Solar 67,2.566381737
2030,sc01,05-23 16:00:00+02:00,Solar 19,0.0059558612959999995
2030,sc01,05-23 16:00:00+02:00,Wind 12,9.5341621862
2030,sc01,05-23 16:00:00+02:00,Solar 24,0.08613159936800001
2030,sc01,05-23 16:00:00+02:00,ICE NG 02,0.0
2030,sc01,05-23 16:00:00+02:00,Solar 05,0.00700345776
2030,sc01,05-23 16:00:00+02:00,CT NG 54,0.0
2030,sc01,05-23 16:00:00+02:00,Wind N01,50.745454448086335
2030,sc01,05-23 16:00:00+02:00,CT NG 27,0.0
2030,sc01,05-23 16:00:00+02:00,CC NG 36,0.0
2030,sc01,05-23 16:00:00+02:00,Wind N02,45.71097185379278
2030,sc01,05-23 16:00:00+02:00,CT NG 52,0.0
2030,sc01,05-23 16:00:00+02:00,Solar 35,0.0
2030,sc01,05-23 16:00:00+02:00,CT NG 05,0.0
2030,sc01,05-23 16:00:00+02:00,Biomass 36,0.0
2030,sc01,05-23 16:00:00+02:00,CT NG 34,0.0
2030,sc01,05-23 16:00:00+02:00,CT Oil 03,0.0
2030,sc01,05-23 16:00:00+02:00,Hydro 35,0.0
2030,sc01,05-23 16:00:00+02:00,Solar 14,0.6974261410000001
2030,sc01,05-23 16:00:00+02:00,CT NG 75,0.0
2030,sc01,05-23 16:00:00+02:00,ST NG 09,0.0
2030,sc01,05-23 16:00:00+02:00,CT NG 56,0.0
2030,sc01,05-23 16:00:00+02:00,Biomass 22,0.00665
2030,sc01,05-23 16:00:00+02:00,Solar 18,0.7356193157099999
2030,sc01,05-23 16:00:00+02:00,Biomass 13,0.00684
2030,sc01,05-23 16:00:00+02:00,CT NG 71,0.0
2030,sc01,05-23 16:00:00+02:00,Solar 58,0.0
2030,sc01,05-23 16:00:00+02:00,Solar 06,0.31201522201
2030,sc01,05-23 16:00:00+02:00,Biomass 08,0.01425
2030,sc01,05-23 16:00:00+02:00,CT NG 72,0.0
2030,sc01,05-23 16:00:00+02:00,Hydro 18,0.0
2030,sc01,05-23 16:00:00+02:00,Solar 10,0.56758325738
2030,sc01,05-23 16:00:00+02:00,CT NG 04,0.0
2030,sc01,05-23 16:00:00+02:00,ST Other 02,0.0
2030,sc01,05-23 16:00:00+02:00,CT NG 12,0.0
2030,sc01,05-23 16:00:00+02:00,CT NG 48,0.0
2030,sc01,05-23 16:00:00+02:00,ST NG 10,0.0
2030,sc01,05-23 16:00:00+02:00,Solar 22,0.52760561065
2030,sc01,05-23 16:00:00+02:00,Solar 28,0.47214558249999994
2030,sc01,05-23 16:00:00+02:00,CT NG 73,0.0
2030,sc01,05-23 16:00:00+02:00,Biomass 52,0.0
2030,sc01,05-23 16:00:00+02:00,CT NG 30,0.0
2030,sc01,05-23 16:00:00+02:00,Solar 54,0.0
2030,sc01,05-23 16:00:00+02:00,Solar 31,0.0
2030,sc01,05-23 16:00:00+02:00,Biomass 03,0.0
2030,sc01,05-23 16:00:00+02:00,CT NG 32,0.0
2030,sc01,05-23 16:00:00+02:00,Biomass 27,0.03211
2030,sc01,05-23 16:00:00+02:00,CC NG 14,0.0
2030,sc01,05-23 16:00:00+02:00,CC NG 03,0.0
2030,sc01,05-23 16:00:00+02:00,CC NG 29,0.0
2030,sc01,05-23 16:00:00+02:00,CC NG 28,0.0
2030,sc01,05-23 16:00:00+02:00,CC NG 25,0.0
2030,sc01,05-23 16:00:00+02:00,CT NG 44,0.0
2030,sc01,05-23 16:00:00+02:00,CT NG 14,0.04880355140091891
2030,sc01,05-23 16:00:00+02:00,CC NG 15,0.0
2030,sc01,05-23 16:00:00+02:00,CC NG 04,0.0
2030,sc01,05-23 16:00:00+02:00,Biomass 29,0.03211
2030,sc01,05-23 16:00:00+02:00,Wind 14,0.0
2030,sc01,05-23 16:00:00+02:00,Wind 08,1.25862558515
2030,sc01,05-23 16:00:00+02:00,Biomass 61,0.0
2030,sc01,05-23 16:00:00+02:00,CT NG 35,0.0
2030,sc01,05-23 16:00:00+02:00,Solar 33,0.0
2030,sc01,05-23 16:00:00+02:00,CT NG 41,0.0
2030,sc01,05-23 16:00:00+02:00,CT NG 15,0.0
2030,sc01,05-23 16:00:00+02:00,Solar 42,0.0
2030,sc01,05-23 16:00:00+02:00,Solar 07,0.012684664936
2030,sc01,05-23 16:00:00+02:00,Solar 43,0.0
2030,sc01,05-23 16:00:00+02:00,Biomass 05,0.008360000000000001
2030,sc01,05-23 16:00:00+02:00,CT NG 29,0.0
2030,sc01,05-23 16:00:00+02:00,Solar 71,0.0
2030,sc01,05-23 16:00:00+02:00,CT NG 53,0.0
2030,sc01,05-23 16:00:00+02:00,CT NG 20,0.0
2030,sc01,05-23 16:00:00+02:00,Biomass 14,0.0152
2030,sc01,05-23 16:00:00+02:00,Solar 26,0.106943328864
2030,sc01,05-23 16:00:00+02:00,Hydro 29,0.0
2030,sc01,05-23 16:00:00+02:00,Hydro 31,0.0
2030,sc01,05-23 16:00:00+02:00,Biomass 24,0.00855
2030,sc01,05-23 16:00:00+02:00,Biomass 54,0.0
2030,sc01,05-23 16:00:00+02:00,Solar 36,6.9100641397
2030,sc01,05-23 16:00:00+02:00,Wind 03,0.22319758014
2030,sc01,05-23 16:00:00+02:00,Biomass 40,0.0
2030,sc01,05-23 16:00:00+02:00,Biomass 49,0.0
2030,sc01,05-23 16:00:00+02:00,CC NG 16,0.0
2030,sc01,05-23 16:00:00+02:00,Biomass 48,0.0
2030,sc01,05-23 16:00:00+02:00,Hydro 28,0.0
2030,sc01,05-23 16:00:00+02:00,Biomass 17,0.0039900000000000005
2030,sc01,05-23 16:00:00+02:00,CT NG 33,0.0
2030,sc01,05-23 16:00:00+02:00,Solar 45,0.0
2030,sc01,05-23 16:00:00+02:00,Hydro 24,0.0
2030,sc01,05-23 16:00:00+02:00,Wind 13,4.0697085606000005
2030,sc01,05-23 16:00:00+02:00,Biomass 07,0.038
2030,sc01,05-23 16:00:00+02:00,Biomass 34,0.0
2030,sc01,05-23 16:00:00+02:00,Biomass 33,0.0
2030,sc01,05-23 16:00:00+02:00,CT NG 01,0.46763940000000004
2030,sc01,05-23 16:00:00+02:00,ICE NG 03,0.0
2030,sc01,05-23 16:00:00+02:00,Solar 55,0.0
2030,sc01,05-23 16:00:00+02:00,Solar 11,0.11813412792
2030,sc01,05-23 16:00:00+02:00,CT NG 06,0.0
2030,sc01,05-23 16:00:00+02:00,CT NG 70,0.0
2030,sc01,05-23 16:00:00+02:00,Solar 23,0.017492256064
2030,sc01,05-23 16:00:00+02:00,CT NG 67,0.0
2030,sc01,05-23 16:00:00+02:00,Solar 12,0.09144829549599999
2030,sc01,05-23 16:00:00+02:00,CT Oil 01,0.0
2030,sc01,05-23 16:00:00+02:00,Hydro 26,0.0
2030,sc01,05-23 16:00:00+02:00,CC NG 22,0.0
2030,sc01,05-23 16:00:00+02:00,CC NG 35,0.0
2030,sc01,05-23 16:00:00+02:00,Biomass 50,0.0
2030,sc01,05-23 16:00:00+02:00,ICE NG 04,0.0
2030,sc01,05-23 16:00:00+02:00,CC NG 39,0.0
2030,sc01,05-23 16:00:00+02:00,Hydro 32,0.0
2030,sc01,05-23 16:00:00+02:00,ICE NG 07,0.0
2030,sc01,05-23 16:00:00+02:00,Biomass 46,0.0
2030,sc01,05-23 16:00:00+02:00,CC NG 38,0.0
2030,sc01,05-23 16:00:00+02:00,CC NG 12,0.0
2030,sc01,05-23 16:00:00+02:00,Solar 57,0.0
2030,sc01,05-23 16:00:00+02:00,CC NG 32,0.0
2030,sc01,05-23 16:00:00+02:00,CC NG 07,0.0
2030,sc01,05-23 16:00:00+02:00,Biomass 44,0.0
2030,sc01,05-23 16:00:00+02:00,CT NG 40,0.0
2030,sc01,05-23 16:00:00+02:00,Solar 74,3.2918109482
2030,sc01,05-23 16:00:00+02:00,Hydro 30,0.0
2030,sc01,05-23 16:00:00+02:00,CT NG 42,0.0
2030,sc01,05-23 16:00:00+02:00,Hydro 22,1.3319207100000001
2030,sc01,05-23 16:00:00+02:00,Solar 17,0.179366654408
2030,sc01,05-23 16:00:00+02:00,Solar 38,0.0
2030,sc01,05-23 16:00:00+02:00,CT NG 24,0.0
2030,sc01,05-23 16:00:00+02:00,CC NG 27,0.0
2030,sc01,05-23 16:00:00+02:00,Biomass 21,0.00665
2030,sc01,05-23 16:00:00+02:00,ICE NG 06,0.0
2030,sc01,05-23 16:00:00+02:00,Biomass 25,0.00855
2030,sc01,05-23 16:00:00+02:00,Solar 27,0.053765190872000004
2030,sc01,05-23 16:00:00+02:00,CT NG 19,0.0
2030,sc01,05-23 16:00:00+02:00,Biomass 42,0.0
2030,sc01,05-23 16:00:00+02:00,Biomass 19,0.00665
2030,sc01,05-23 16:00:00+02:00,Biomass 06,0.008360000000000001
2030,sc01,05-23 16:00:00+02:00,CT NG 10,0.0
2030,sc01,05-23 16:00:00+02:00,CC NG 40,0.0
2030,sc01,05-23 16:00:00+02:00,CC NG 21,0.0
2030,sc01,05-23 16:00:00+02:00,Biomass 02,0.019190000000000002
2030,sc01,05-23 16:00:00+02:00,CT NG 46,0.0
2030,sc01,05-23 16:00:00+02:00,Hydro 34,0.0
2030,sc01,05-23 16:00:00+02:00,Biomass 10,0.01425
2030,sc01,05-23 16:00:00+02:00,CT NG 17,0.0
2030,sc01,05-23 16:00:00+02:00,Biomass 62,0.0
2030,sc01,05-23 16:00:00+02:00,Biomass 32,0.022609999999999998
2030,sc01,05-23 16:00:00+02:00,CC NG 19,0.0
2030,sc01,05-23 16:00:00+02:00,CC NG 17,0.0
2030,sc01,05-23 16:00:00+02:00,ST NG 01,0.0
2030,sc01,05-23 16:00:00+02:00,Biomass 45,0.0
2030,sc01,05-23 16:00:00+02:00,Biomass 28,0.03211
2030,sc01,05-23 16:00:00+02:00,CC NG 10,0.0
2030,sc01,05-23 16:00:00+02:00,Biomass 23,0.00855
2030,sc01,05-23 16:00:00+02:00,ST NG 06,0.0
2030,sc01,05-23 16:00:00+02:00,Wind 10,1.1743866326299999
2030,sc01,05-23 16:00:00+02:00,CT NG 69,0.0
2030,sc01,05-23 16:00:00+02:00,CT NG 68,0.0
2030,sc01,05-28 13:00:00+02:00,CC NG 13,0.0
2030,sc01,05-28 13:00:00+02:00,CT NG 37,0.0
2030,sc01,05-28 13:00:00+02:00,ST Coal 01,0.0
2030,sc01,05-28 13:00:00+02:00,CT NG 09,0.0
2030,sc01,05-28 13:00:00+02:00,CT NG 47,0.0
2030,sc01,05-28 13:00:00+02:00,Solar 69,0.0
2030,sc01,05-28 13:00:00+02:00,Solar 34,1.2057071238520862
2030,sc01,05-28 13:00:00+02:00,Solar 73,0.0
2030,sc01,05-28 13:00:00+02:00,Biomass 37,0.0
2030,sc01,05-28 13:00:00+02:00,Hydro 20,0.0
2030,sc01,05-28 13:00:00+02:00,Solar 01,0.0
2030,sc01,05-28 13:00:00+02:00,Solar 62,0.0
2030,sc01,05-28 13:00:00+02:00,Solar 02,4.9592079958
2030,sc01,05-28 13:00:00+02:00,CT NG 26,0.0
2030,sc01,05-28 13:00:00+02:00,Biomass 20,0.0
2030,sc01,05-28 13:00:00+02:00,Wind 16,0.0
2030,sc01,05-28 13:00:00+02:00,CT NG 66,0.0
2030,sc01,05-28 13:00:00+02:00,Solar 39,0.0
2030,sc01,05-28 13:00:00+02:00,Biomass 41,0.0
2030,sc01,05-28 13:00:00+02:00,Solar 72,0.0
2030,sc01,05-28 13:00:00+02:00,ST NG 03,0.0
2030,sc01,05-28 13:00:00+02:00,Hydro 21,1.16088036
2030,sc01,05-28 13:00:00+02:00,CT NG 03,0.0
2030,sc01,05-28 13:00:00+02:00,CC NG 09,0.0
2030,sc01,05-28 13:00:00+02:00,CT Oil 02,0.0
2030,sc01,05-28 13:00:00+02:00,CT NG 39,0.0
2030,sc01,05-28 13:00:00+02:00,CC NG 08,0.0
2030,sc01,05-28 13:00:00+02:00,Biomass 43,0.0
2030,sc01,05-28 13:00:00+02:00,CT NG 18,0.0
2030,sc01,05-28 13:00:00+02:00,ST NG 07,0.0
2030,sc01,05-28 13:00:00+02:00,Biomass 35,0.0
2030,sc01,05-28 13:00:00+02:00,Solar 32,0.0
2030,sc01,05-28 13:00:00+02:00,Biomass 15,0.0
2030,sc01,05-28 13:00:00+02:00,CC NG 31,0.0
2030,sc01,05-28 13:00:00+02:00,Solar 16,0.0
2030,sc01,05-28 13:00:00+02:00,Solar 68,0.0
2030,sc01,05-28 13:00:00+02:00,CT NG 21,0.0
2030,sc01,05-28 13:00:00+02:00,Wind 11,0.0
2030,sc01,05-28 13:00:00+02:00,CC NG 37,0.0
2030,sc01,05-28 13:00:00+02:00,CT NG 22,0.0
2030,sc01,05-28 13:00:00+02:00,Hydro 16,0.0
2030,sc01,05-28 13:00:00+02:00,Biomass 59,0.0
2030,sc01,05-28 13:00:00+02:00,CC NG 01,0.0
2030,sc01,05-28 13:00:00+02:00,Biomass 16,0.0
2030,sc01,05-28 13:00:00+02:00,Solar 03,0.0
2030,sc01,05-28 13:00:00+02:00,Solar 44,0.0
2030,sc01,05-28 13:00:00+02:00,CT NG 08,0.0
2030,sc01,05-28 13:00:00+02:00,Wind 05,0.057844901623999995
2030,sc01,05-28 13:00:00+02:00,Biomass 26,0.0
2030,sc01,05-28 13:00:00+02:00,Solar 37,0.0
2030,sc01,05-28 13:00:00+02:00,Biomass 11,0.0
2030,sc01,05-28 13:00:00+02:00,Solar 59,0.0
2030,sc01,05-28 13:00:00+02:00,CT NG 11,0.0
2030,sc01,05-28 13:00:00+02:00,Biomass 30,0.0
2030,sc01,05-28 13:00:00+02:00,Hydro 23,0.0
2030,sc01,05-28 13:00:00+02:00,CC NG 24,0.0
2030,sc01,05-28 13:00:00+02:00,Solar 65,6.4955289800000005
2030,sc01,05-28 13:00:00+02:00,CC NG 18,0.0
2030,sc01,05-28 13:00:00+02:00,CT NG 16,0.0
2030,sc01,05-28 13:00:00+02:00,Solar 51,0.0
2030,sc01,05-28 13:00:00+02:00,Wind 06,0.0
2030,sc01,05-28 13:00:00+02:00,CC NG 26,0.0
2030,sc01,05-28 13:00:00+02:00,CC NG 23,0.0
2030,sc01,05-28 13:00:00+02:00,CT NG 43,0.0
2030,sc01,05-28 13:00:00+02:00,CC NG 11,0.0
2030,sc01,05-28 13:00:00+02:00,CT NG 02,0.0
2030,sc01,05-28 13:00:00+02:00,CT NG 50,0.0
2030,sc01,05-28 13:00:00+02:00,Hydro 27,0.0
2030,sc01,05-28 13:00:00+02:00,CT NG 13,0.0
2030,sc01,05-28 13:00:00+02:00,CT NG 25,0.0
2030,sc01,05-28 13:00:00+02:00,CC NG 05,0.0
2030,sc01,05-28 13:00:00+02:00,Solar 04,0.0
2030,sc01,05-28 13:00:00+02:00,Solar 30,0.0
2030,sc01,05-28 13:00:00+02:00,Solar 29,0.0
2030,sc01,05-28 13:00:00+02:00,Solar 53,0.0
2030,sc01,05-28 13:00:00+02:00,Solar 21,0.0
2030,sc01,05-28 13:00:00+02:00,Biomass 58,0.0
2030,sc01,05-28 13:00:00+02:00,CT NG 74,0.0
2030,sc01,05-28 13:00:00+02:00,Solar 61,0.0
2030,sc01,05-28 13:00:00+02:00,Wind 07,0.0
2030,sc01,05-28 13:00:00+02:00,Biomass 31,0.0
2030,sc01,05-28 13:00:00+02:00,CT Oil 05,0.0
2030,sc01,05-28 13:00:00+02:00,Biomass 38,0.0
2030,sc01,05-28 13:00:00+02:00,Solar 41,0.0
2030,sc01,05-28 13:00:00+02:00,Biomass 51,0.0
2030,sc01,05-28 13:00:00+02:00,Biomass 55,0.0
2030,sc01,05-28 13:00:00+02:00,Wind 15,4.9855914076
2030,sc01,05-28 13:00:00+02:00,Geo 01,0.0
2030,sc01,05-28 13:00:00+02:00,Biomass 60,0.0
2030,sc01,05-28 13:00:00+02:00,CT NG 38,0.0
2030,sc01,05-28 13:00:00+02:00,Solar 66,12.469052778594506
2030,sc01,05-28 13:00:00+02:00,Solar 49,0.0
2030,sc01,05-28 13:00:00+02:00,CT NG 51,0.0
2030,sc01,05-28 13:00:00+02:00,Biomass 18,0.0
2030,sc01,05-28 13:00:00+02:00,ICE NG 01,0.0
2030,sc01,05-28 13:00:00+02:00,Solar 15,0.0
2030,sc01,05-28 13:00:00+02:00,ICE NG 05,0.0
2030,sc01,05-28 13:00:00+02:00,CT Oil 04,0.0
2030,sc01,05-28 13:00:00+02:00,CC NG 20,0.0
2030,sc01,05-28 13:00:00+02:00,Solar 20,0.0
2030,sc01,05-28 13:00:00+02:00,Biomass 04,0.0
2030,sc01,05-28 13:00:00+02:00,Wind 02,2.5947215957
2030,sc01,05-28 13:00:00+02:00,Hydro 25,0.3959436
2030,sc01,05-28 13:00:00+02:00,Solar 75,3.4261602358000003
2030,sc01,05-28 13:00:00+02:00,Hydro 33,0.0
2030,sc01,05-28 13:00:00+02:00,ST NG 05,0.0
2030,sc01,05-28 13:00:00+02:00,CT NG 07,0.0
2030,sc01,05-28 13:00:00+02:00,Wind 01,0.70257970906
2030,sc01,05-28 13:00:00+02:00,Solar 56,0.0
2030,sc01,05-28 13:00:00+02:00,Biomass 09,0.0
2030,sc01,05-28 13:00:00+02:00,Biomass 53,0.0
2030,sc01,05-28 13:00:00+02:00,Wind 17,17.17286105302916
2030,sc01,05-28 13:00:00+02:00,ST NG 08,0.0
2030,sc01,05-28 13:00:00+02:00,Hydro 19,0.9191050000000001
2030,sc01,05-28 13:00:00+02:00,ST NG 02,0.0
2030,sc01,05-28 13:00:00+02:00,Biomass 01,0.0
2030,sc01,05-28 13:00:00+02:00,Biomass 57,0.0
2030,sc01,05-28 13:00:00+02:00,CT NG 49,0.0
2030,sc01,05-28 13:00:00+02:00,CT NG 31,0.0
2030,sc01,05-28 13:00:00+02:00,Solar 64,0.0
2030,sc01,05-28 13:00:00+02:00,CC NG 33,0.0
2030,sc01,05-28 13:00:00+02:00,Solar 46,0.0
2030,sc01,05-28 13:00:00+02:00,Biomass 12,0.0
2030,sc01,05-28 13:00:00+02:00,Wind 04,0.32939261625
2030,sc01,05-28 13:00:00+02:00,Solar 13,0.0
2030,sc01,05-28 13:00:00+02:00,CT NG 55,0.0
2030,sc01,05-28 13:00:00+02:00,Wind N03,43.97442176397363
2030,sc01,05-28 13:00:00+02:00,CT NG 28,0.0
2030,sc01,05-28 13:00:00+02:00,Wind 09,0.0
2030,sc01,05-28 13:00:00+02:00,Solar 60,0.0
2030,sc01,05-28 13:00:00+02:00,Solar 25,0.0
2030,sc01,05-28 13:00:00+02:00,CT NG 23,0.0
2030,sc01,05-28 13:00:00+02:00,ST Other 01,0.0
2030,sc01,05-28 13:00:00+02:00,Solar 70,14.79228406154462
2030,sc01,05-28 13:00:00+02:00,CC NG 34,0.0
2030,sc01,05-28 13:00:00+02:00,Solar 48,0.0
2030,sc01,05-28 13:00:00+02:00,Biomass 56,0.0
2030,sc01,05-28 13:00:00+02:00,CT NG 36,0.0
2030,sc01,05-28 13:00:00+02:00,Solar 47,0.0
2030,sc01,05-28 13:00:00+02:00,Hydro 17,0.0
2030,sc01,05-28 13:00:00+02:00,Solar 09,0.0
2030,sc01,05-28 13:00:00+02:00,Solar 08,0.0
2030,sc01,05-28 13:00:00+02:00,CT NG 45,0.0
2030,sc01,05-28 13:00:00+02:00,ST NG 04,0.0
2030,sc01,05-28 13:00:00+02:00,Solar 40,0.0
2030,sc01,05-28 13:00:00+02:00,Biomass 47,0.0
2030,sc01,05-28 13:00:00+02:00,Solar 50,0.0
2030,sc01,05-28 13:00:00+02:00,Solar 52,0.0
2030,sc01,05-28 13:00:00+02:00,Solar 63,7.282472736400001
2030,sc01,05-28 13:00:00+02:00,CC NG 06,0.0
2030,sc01,05-28 13:00:00+02:00,Biomass 39,0.0
2030,sc01,05-28 13:00:00+02:00,Solar 67,0.0
2030,sc01,05-28 13:00:00+02:00,Solar 19,0.0
2030,sc01,05-28 13:00:00+02:00,Wind 12,8.0541047628
2030,sc01,05-28 13:00:00+02:00,Solar 24,0.0
2030,sc01,05-28 13:00:00+02:00,ICE NG 02,0.0
2030,sc01,05-28 13:00:00+02:00,Solar 05,0.0
2030,sc01,05-28 13:00:00+02:00,CT NG 54,0.0
2030,sc01,05-28 13:00:00+02:00,Wind N01,13.60667143803873
2030,sc01,05-28 13:00:00+02:00,CT NG 27,0.0
2030,sc01,05-28 13:00:00+02:00,CC NG 36,0.0
2030,sc01,05-28 13:00:00+02:00,Wind N02,0.0
2030,sc01,05-28 13:00:00+02:00,CT NG 52,0.0
2030,sc01,05-28 13:00:00+02:00,Solar 35,0.0
2030,sc01,05-28 13:00:00+02:00,CT NG 05,0.0
2030,sc01,05-28 13:00:00+02:00,Biomass 36,0.0
2030,sc01,05-28 13:00:00+02:00,CT NG 34,0.0
2030,sc01,05-28 13:00:00+02:00,CT Oil 03,0.0
2030,sc01,05-28 13:00:00+02:00,Hydro 35,0.002436576
2030,sc01,05-28 13:00:00+02:00,Solar 14,0.0
2030,sc01,05-28 13:00:00+02:00,CT NG 75,0.0
2030,sc01,05-28 13:00:00+02:00,ST NG 09,0.0
2030,sc01,05-28 13:00:00+02:00,CT NG 56,0.0
2030,sc01,05-28 13:00:00+02:00,Biomass 22,0.0
2030,sc01,05-28 13:00:00+02:00,Solar 18,0.0
2030,sc01,05-28 13:00:00+02:00,Biomass 13,0.0
2030,sc01,05-28 13:00:00+02:00,CT NG 71,0.0
2030,sc01,05-28 13:00:00+02:00,Solar 58,0.0
2030,sc01,05-28 13:00:00+02:00,Solar 06,0.0
2030,sc01,05-28 13:00:00+02:00,Biomass 08,0.0
2030,sc01,05-28 13:00:00+02:00,CT NG 72,0.0
2030,sc01,05-28 13:00:00+02:00,Hydro 18,0.0
2030,sc01,05-28 13:00:00+02:00,Solar 10,0.0
2030,sc01,05-28 13:00:00+02:00,CT NG 04,0.0
2030,sc01,05-28 13:00:00+02:00,ST Other 02,0.0
2030,sc01,05-28 13:00:00+02:00,CT NG 12,0.0
2030,sc01,05-28 13:00:00+02:00,CT NG 48,0.0
2030,sc01,05-28 13:00:00+02:00,ST NG 10,0.0
2030,sc01,05-28 13:00:00+02:00,Solar 22,0.0
2030,sc01,05-28 13:00:00+02:00,Solar 28,0.0
2030,sc01,05-28 13:00:00+02:00,CT NG 73,0.0
2030,sc01,05-28 13:00:00+02:00,Biomass 52,0.0
2030,sc01,05-28 13:00:00+02:00,CT NG 30,0.0
2030,sc01,05-28 13:00:00+02:00,Solar 54,0.0
2030,sc01,05-28 13:00:00+02:00,Solar 31,0.0
2030,sc01,05-28 13:00:00+02:00,Biomass 03,0.0
2030,sc01,05-28 13:00:00+02:00,CT NG 32,0.0
2030,sc01,05-28 13:00:00+02:00,Biomass 27,0.0
2030,sc01,05-28 13:00:00+02:00,CC NG 14,0.0
2030,sc01,05-28 13:00:00+02:00,CC NG 03,0.0
2030,sc01,05-28 13:00:00+02:00,CC NG 29,0.0
2030,sc01,05-28 13:00:00+02:00,CC NG 28,0.0
2030,sc01,05-28 13:00:00+02:00,CC NG 25,0.0
2030,sc01,05-28 13:00:00+02:00,CT NG 44,0.0
2030,sc01,05-28 13:00:00+02:00,CT NG 14,0.0
2030,sc01,05-28 13:00:00+02:00,CC NG 15,0.0
2030,sc01,05-28 13:00:00+02:00,CC NG 04,0.0
2030,sc01,05-28 13:00:00+02:00,Biomass 29,0.0
2030,sc01,05-28 13:00:00+02:00,Wind 14,0.0
2030,sc01,05-28 13:00:00+02:00,Wind 08,0.0
2030,sc01,05-28 13:00:00+02:00,Biomass 61,0.0
2030,sc01,05-28 13:00:00+02:00,CT NG 35,0.0
2030,sc01,05-28 13:00:00+02:00,Solar 33,0.0
2030,sc01,05-28 13:00:00+02:00,CT NG 41,0.0
2030,sc01,05-28 13:00:00+02:00,CT NG 15,0.0
2030,sc01,05-28 13:00:00+02:00,Solar 42,0.0
2030,sc01,05-28 13:00:00+02:00,Solar 07,0.0
2030,sc01,05-28 13:00:00+02:00,Solar 43,0.0
2030,sc01,05-28 13:00:00+02:00,Biomass 05,0.0
2030,sc01,05-28 13:00:00+02:00,CT NG 29,0.0
2030,sc01,05-28 13:00:00+02:00,Solar 71,0.0
2030,sc01,05-28 13:00:00+02:00,CT NG 53,0.0
2030,sc01,05-28 13:00:00+02:00,CT NG 20,0.0
2030,sc01,05-28 13:00:00+02:00,Biomass 14,0.0
2030,sc01,05-28 13:00:00+02:00,Solar 26,0.0
2030,sc01,05-28 13:00:00+02:00,Hydro 29,0.0
2030,sc01,05-28 13:00:00+02:00,Hydro 31,0.004060960000000001
2030,sc01,05-28 13:00:00+02:00,Biomass 24,0.0
2030,sc01,05-28 13:00:00+02:00,Biomass 54,0.0
2030,sc01,05-28 13:00:00+02:00,Solar 36,15.177304676000002
2030,sc01,05-28 13:00:00+02:00,Wind 03,0.6759798502
2030,sc01,05-28 13:00:00+02:00,Biomass 40,0.0
2030,sc01,05-28 13:00:00+02:00,Biomass 49,0.0
2030,sc01,05-28 13:00:00+02:00,CC NG 16,0.0
2030,sc01,05-28 13:00:00+02:00,Biomass 48,0.0
2030,sc01,05-28 13:00:00+02:00,Hydro 28,0.0
2030,sc01,05-28 13:00:00+02:00,Biomass 17,0.0
2030,sc01,05-28 13:00:00+02:00,CT NG 33,0.0
2030,sc01,05-28 13:00:00+02:00,Solar 45,0.0
2030,sc01,05-28 13:00:00+02:00,Hydro 24,0.0
2030,sc01,05-28 13:00:00+02:00,Wind 13,3.5948625816
2030,sc01,05-28 13:00:00+02:00,Biomass 07,0.0
2030,sc01,05-28 13:00:00+02:00,Biomass 34,0.0
2030,sc01,05-28 13:00:00+02:00,Biomass 33,0.0
2030,sc01,05-28 13:00:00+02:00,CT NG 01,0.0
2030,sc01,05-28 13:00:00+02:00,ICE NG 03,0.0
2030,sc01,05-28 13:00:00+02:00,Solar 55,0.0
2030,sc01,05-28 13:00:00+02:00,Solar 11,0.0
2030,sc01,05-28 13:00:00+02:00,CT NG 06,0.0
2030,sc01,05-28 13:00:00+02:00,CT NG 70,0.0
2030,sc01,05-28 13:00:00+02:00,Solar 23,0.0
2030,sc01,05-28 13:00:00+02:00,CT NG 67,0.0
2030,sc01,05-28 13:00:00+02:00,Solar 12,0.0
2030,sc01,05-28 13:00:00+02:00,CT Oil 01,0.0
2030,sc01,05-28 13:00:00+02:00,Hydro 26,0.3959436
2030,sc01,05-28 13:00:00+02:00,CC NG 22,0.0
2030,sc01,05-28 13:00:00+02:00,CC NG 35,0.0
2030,sc01,05-28 13:00:00+02:00,Biomass 50,0.0
2030,sc01,05-28 13:00:00+02:00,ICE NG 04,0.0
2030,sc01,05-28 13:00:00+02:00,CC NG 39,0.0
2030,sc01,05-28 13:00:00+02:00,Hydro 32,0.004873152
2030,sc01,05-28 13:00:00+02:00,ICE NG 07,0.0
2030,sc01,05-28 13:00:00+02:00,Biomass 46,0.0
2030,sc01,05-28 13:00:00+02:00,CC NG 38,0.0
2030,sc01,05-28 13:00:00+02:00,CC NG 12,0.0
2030,sc01,05-28 13:00:00+02:00,Solar 57,0.0
2030,sc01,05-28 13:00:00+02:00,CC NG 32,0.0
2030,sc01,05-28 13:00:00+02:00,CC NG 07,0.0
2030,sc01,05-28 13:00:00+02:00,Biomass 44,0.0
2030,sc01,05-28 13:00:00+02:00,CT NG 40,0.0
2030,sc01,05-28 13:00:00+02:00,Solar 74,2.8780974602000002
2030,sc01,05-28 13:00:00+02:00,Hydro 30,0.0
2030,sc01,05-28 13:00:00+02:00,CT NG 42,0.0
2030,sc01,05-28 13:00:00+02:00,Hydro 22,1.16088036
2030,sc01,05-28 13:00:00+02:00,Solar 17,0.0
2030,sc01,05-28 13:00:00+02:00,Solar 38,0.0
2030,sc01,05-28 13:00:00+02:00,CT NG 24,0.0
2030,sc01,05-28 13:00:00+02:00,CC NG 27,0.0
2030,sc01,05-28 13:00:00+02:00,Biomass 21,0.0
2030,sc01,05-28 13:00:00+02:00,ICE NG 06,0.0
2030,sc01,05-28 13:00:00+02:00,Biomass 25,0.0
2030,sc01,05-28 13:00:00+02:00,Solar 27,0.0
2030,sc01,05-28 13:00:00+02:00,CT NG 19,0.0
2030,sc01,05-28 13:00:00+02:00,Biomass 42,0.0
2030,sc01,05-28 13:00:00+02:00,Biomass 19,0.0
2030,sc01,05-28 13:00:00+02:00,Biomass 06,0.0
2030,sc01,05-28 13:00:00+02:00,CT NG 10,0.0
2030,sc01,05-28 13:00:00+02:00,CC NG 40,0.0
2030,sc01,05-28 13:00:00+02:00,CC NG 21,0.0
2030,sc01,05-28 13:00:00+02:00,Biomass 02,0.0
2030,sc01,05-28 13:00:00+02:00,CT NG 46,0.0
2030,sc01,05-28 13:00:00+02:00,Hydro 34,0.0
2030,sc01,05-28 13:00:00+02:00,Biomass 10,0.0
2030,sc01,05-28 13:00:00+02:00,CT NG 17,0.0
2030,sc01,05-28 13:00:00+02:00,Biomass 62,0.0
2030,sc01,05-28 13:00:00+02:00,Biomass 32,0.0
2030,sc01,05-28 13:00:00+02:00,CC NG 19,0.0
2030,sc01,05-28 13:00:00+02:00,CC NG 17,0.0
2030,sc01,05-28 13:00:00+02:00,ST NG 01,0.0
2030,sc01,05-28 13:00:00+02:00,Biomass 45,0.0
2030,sc01,05-28 13:00:00+02:00,Biomass 28,0.0
2030,sc01,05-28 13:00:00+02:00,CC NG 10,0.0
2030,sc01,05-28 13:00:00+02:00,Biomass 23,0.0
2030,sc01,05-28 13:00:00+02:00,ST NG 06,0.0
2030,sc01,05-28 13:00:00+02:00,Wind 10,0.0
2030,sc01,05-28 13:00:00+02:00,CT NG 69,0.0
2030,sc01,05-28 13:00:00+02:00,CT NG 68,0.0
2030,sc01,05-29 04:00:00+02:00,CC NG 13,0.0
2030,sc01,05-29 04:00:00+02:00,CT NG 37,0.0
2030,sc01,05-29 04:00:00+02:00,ST Coal 01,0.0
2030,sc01,05-29 04:00:00+02:00,CT NG 09,0.0
2030,sc01,05-29 04:00:00+02:00,CT NG 47,0.0
2030,sc01,05-29 04:00:00+02:00,Solar 69,0.0
2030,sc01,05-29 04:00:00+02:00,Solar 34,0.0
2030,sc01,05-29 04:00:00+02:00,Solar 73,0.0
2030,sc01,05-29 04:00:00+02:00,Biomass 37,0.0
2030,sc01,05-29 04:00:00+02:00,Hydro 20,3.8357205599999995
2030,sc01,05-29 04:00:00+02:00,Solar 01,0.0
2030,sc01,05-29 04:00:00+02:00,Solar 62,0.0
2030,sc01,05-29 04:00:00+02:00,Solar 02,0.0
2030,sc01,05-29 04:00:00+02:00,CT NG 26,0.0
2030,sc01,05-29 04:00:00+02:00,Biomass 20,0.0
2030,sc01,05-29 04:00:00+02:00,Wind 16,0.0
2030,sc01,05-29 04:00:00+02:00,CT NG 66,0.0
2030,sc01,05-29 04:00:00+02:00,Solar 39,0.0
2030,sc01,05-29 04:00:00+02:00,Biomass 41,0.0
2030,sc01,05-29 04:00:00+02:00,Solar 72,0.0
2030,sc01,05-29 04:00:00+02:00,ST NG 03,0.0
2030,sc01,05-29 04:00:00+02:00,Hydro 21,3.8357205599999995
2030,sc01,05-29 04:00:00+02:00,CT NG 03,0.0
2030,sc01,05-29 04:00:00+02:00,CC NG 09,0.0
2030,sc01,05-29 04:00:00+02:00,CT Oil 02,0.0
2030,sc01,05-29 04:00:00+02:00,CT NG 39,0.0
2030,sc01,05-29 04:00:00+02:00,CC NG 08,0.0
2030,sc01,05-29 04:00:00+02:00,Biomass 43,0.0
2030,sc01,05-29 04:00:00+02:00,CT NG 18,0.0
2030,sc01,05-29 04:00:00+02:00,ST NG 07,0.0
2030,sc01,05-29 04:00:00+02:00,Biomass 35,0.0
2030,sc01,05-29 04:00:00+02:00,Solar 32,0.0
2030,sc01,05-29 04:00:00+02:00,Biomass 15,0.0
2030,sc01,05-29 04:00:00+02:00,CC NG 31,0.0
2030,sc01,05-29 04:00:00+02:00,Solar 16,0.0
2030,sc01,05-29 04:00:00+02:00,Solar 68,0.0
2030,sc01,05-29 04:00:00+02:00,CT NG 21,0.0
2030,sc01,05-29 04:00:00+02:00,Wind 11,2.81714913984
2030,sc01,05-29 04:00:00+02:00,CC NG 37,0.0
2030,sc01,05-29 04:00:00+02:00,CT NG 22,0.0
2030,sc01,05-29 04:00:00+02:00,Hydro 16,0.0
2030,sc01,05-29 04:00:00+02:00,Biomass 59,0.0
2030,sc01,05-29 04:00:00+02:00,CC NG 01,0.0
2030,sc01,05-29 04:00:00+02:00,Biomass 16,0.0
2030,sc01,05-29 04:00:00+02:00,Solar 03,0.0
2030,sc01,05-29 04:00:00+02:00,Solar 44,0.0
2030,sc01,05-29 04:00:00+02:00,CT NG 08,0.0
2030,sc01,05-29 04:00:00+02:00,Wind 05,0.27664435008
2030,sc01,05-29 04:00:00+02:00,Biomass 26,0.0
2030,sc01,05-29 04:00:00+02:00,Solar 37,0.0
2030,sc01,05-29 04:00:00+02:00,Biomass 11,0.0
2030,sc01,05-29 04:00:00+02:00,Solar 59,0.0
2030,sc01,05-29 04:00:00+02:00,CT NG 11,0.0
2030,sc01,05-29 04:00:00+02:00,Biomass 30,0.0
2030,sc01,05-29 04:00:00+02:00,Hydro 23,0.0
2030,sc01,05-29 04:00:00+02:00,CC NG 24,0.0
2030,sc01,05-29 04:00:00+02:00,Solar 65,0.0
2030,sc01,05-29 04:00:00+02:00,CC NG 18,0.0
2030,sc01,05-29 04:00:00+02:00,CT NG 16,0.0
2030,sc01,05-29 04:00:00+02:00,Solar 51,0.0
2030,sc01,05-29 04:00:00+02:00,Wind 06,2.86151418616
2030,sc01,05-29 04:00:00+02:00,CC NG 26,0.0
2030,sc01,05-29 04:00:00+02:00,CC NG 23,0.0
2030,sc01,05-29 04:00:00+02:00,CT NG 43,0.0
2030,sc01,05-29 04:00:00+02:00,CC NG 11,0.0
2030,sc01,05-29 04:00:00+02:00,CT NG 02,0.0
2030,sc01,05-29 04:00:00+02:00,CT NG 50,0.0
2030,sc01,05-29 04:00:00+02:00,Hydro 27,0.0
2030,sc01,05-29 04:00:00+02:00,CT NG 13,0.0
2030,sc01,05-29 04:00:00+02:00,CT NG 25,0.0
2030,sc01,05-29 04:00:00+02:00,CC NG 05,0.0
2030,sc01,05-29 04:00:00+02:00,Solar 04,0.0
2030,sc01,05-29 04:00:00+02:00,Solar 30,0.0
2030,sc01,05-29 04:00:00+02:00,Solar 29,0.0
2030,sc01,05-29 04:00:00+02:00,Solar 53,0.0
2030,sc01,05-29 04:00:00+02:00,Solar 21,0.0
2030,sc01,05-29 04:00:00+02:00,Biomass 58,0.0
2030,sc01,05-29 04:00:00+02:00,CT NG 74,0.0
2030,sc01,05-29 04:00:00+02:00,Solar 61,0.0
2030,sc01,05-29 04:00:00+02:00,Wind 07,2.66073184832
2030,sc01,05-29 04:00:00+02:00,Biomass 31,0.0
2030,sc01,05-29 04:00:00+02:00,CT Oil 05,0.0
2030,sc01,05-29 04:00:00+02:00,Biomass 38,0.0
2030,sc01,05-29 04:00:00+02:00,Solar 41,0.0
2030,sc01,05-29 04:00:00+02:00,Biomass 51,0.0
2030,sc01,05-29 04:00:00+02:00,Biomass 55,0.0
2030,sc01,05-29 04:00:00+02:00,Wind 15,0.0
2030,sc01,05-29 04:00:00+02:00,Geo 01,0.0
2030,sc01,05-29 04:00:00+02:00,Biomass 60,0.0
2030,sc01,05-29 04:00:00+02:00,CT NG 38,0.0
2030,sc01,05-29 04:00:00+02:00,Solar 66,0.0
2030,sc01,05-29 04:00:00+02:00,Solar 49,0.0
2030,sc01,05-29 04:00:00+02:00,CT NG 51,0.0
2030,sc01,05-29 04:00:00+02:00,Biomass 18,0.0
2030,sc01,05-29 04:00:00+02:00,ICE NG 01,0.0
2030,sc01,05-29 04:00:00+02:00,Solar 15,0.0
2030,sc01,05-29 04:00:00+02:00,ICE NG 05,0.0
2030,sc01,05-29 04:00:00+02:00,CT Oil 04,0.0
2030,sc01,05-29 04:00:00+02:00,CC NG 20,0.0
2030,sc01,05-29 04:00:00+02:00,Solar 20,0.0
2030,sc01,05-29 04:00:00+02:00,Biomass 04,0.0
2030,sc01,05-29 04:00:00+02:00,Wind 02,7.2732128784
2030,sc01,05-29 04:00:00+02:00,Hydro 25,1.3248144
2030,sc01,05-29 04:00:00+02:00,Solar 75,0.0
2030,sc01,05-29 04:00:00+02:00,Hydro 33,0.0
2030,sc01,05-29 04:00:00+02:00,ST NG 05,0.0
2030,sc01,05-29 04:00:00+02:00,CT NG 07,0.0
2030,sc01,05-29 04:00:00+02:00,Wind 01,1.6189967332
2030,sc01,05-29 04:00:00+02:00,Solar 56,0.0
2030,sc01,05-29 04:00:00+02:00,Biomass 09,0.0
2030,sc01,05-29 04:00:00+02:00,Biomass 53,0.0
2030,sc01,05-29 04:00:00+02:00,Wind 17,46.25272087796851
2030,sc01,05-29 04:00:00+02:00,ST NG 08,0.0
2030,sc01,05-29 04:00:00+02:00,Hydro 19,0.0
2030,sc01,05-29 04:00:00+02:00,ST NG 02,0.0
2030,sc01,05-29 04:00:00+02:00,Biomass 01,0.0
2030,sc01,05-29 04:00:00+02:00,Biomass 57,0.0
2030,sc01,05-29 04:00:00+02:00,CT NG 49,0.0
2030,sc01,05-29 04:00:00+02:00,CT NG 31,0.0
2030,sc01,05-29 04:00:00+02:00,Solar 64,0.0
2030,sc01,05-29 04:00:00+02:00,CC NG 33,0.0
2030,sc01,05-29 04:00:00+02:00,Solar 46,0.0
2030,sc01,05-29 04:00:00+02:00,Biomass 12,0.0
2030,sc01,05-29 04:00:00+02:00,Wind 04,0.6918599105600001
2030,sc01,05-29 04:00:00+02:00,Solar 13,0.0
2030,sc01,05-29 04:00:00+02:00,CT NG 55,0.0
2030,sc01,05-29 04:00:00+02:00,Wind N03,68.5185288571434
2030,sc01,05-29 04:00:00+02:00,CT NG 28,0.0
2030,sc01,05-29 04:00:00+02:00,Wind 09,4.1520562832
2030,sc01,05-29 04:00:00+02:00,Solar 60,0.0
2030,sc01,05-29 04:00:00+02:00,Solar 25,0.0
2030,sc01,05-29 04:00:00+02:00,CT NG 23,0.0
2030,sc01,05-29 04:00:00+02:00,ST Other 01,0.0
2030,sc01,05-29 04:00:00+02:00,Solar 70,0.0
2030,sc01,05-29 04:00:00+02:00,CC NG 34,0.0
2030,sc01,05-29 04:00:00+02:00,Solar 48,0.0
2030,sc01,05-29 04:00:00+02:00,Biomass 56,0.0
2030,sc01,05-29 04:00:00+02:00,CT NG 36,0.0
2030,sc01,05-29 04:00:00+02:00,Solar 47,0.0
2030,sc01,05-29 04:00:00+02:00,Hydro 17,0.045858960000000004
2030,sc01,05-29 04:00:00+02:00,Solar 09,0.0
2030,sc01,05-29 04:00:00+02:00,Solar 08,0.0
2030,sc01,05-29 04:00:00+02:00,CT NG 45,0.0
2030,sc01,05-29 04:00:00+02:00,ST NG 04,0.0
2030,sc01,05-29 04:00:00+02:00,Solar 40,0.0
2030,sc01,05-29 04:00:00+02:00,Biomass 47,0.0
2030,sc01,05-29 04:00:00+02:00,Solar 50,0.0
2030,sc01,05-29 04:00:00+02:00,Solar 52,0.0
2030,sc01,05-29 04:00:00+02:00,Solar 63,0.0
2030,sc01,05-29 04:00:00+02:00,CC NG 06,0.0
2030,sc01,05-29 04:00:00+02:00,Biomass 39,0.0
2030,sc01,05-29 04:00:00+02:00,Solar 67,0.0
2030,sc01,05-29 04:00:00+02:00,Solar 19,0.0
2030,sc01,05-29 04:00:00+02:00,Wind 12,0.0
2030,sc01,05-29 04:00:00+02:00,Solar 24,0.0
2030,sc01,05-29 04:00:00+02:00,ICE NG 02,0.0
2030,sc01,05-29 04:00:00+02:00,Solar 05,0.0
2030,sc01,05-29 04:00:00+02:00,CT NG 54,0.0
2030,sc01,05-29 04:00:00+02:00,Wind N01,137.82725857600002
2030,sc01,05-29 04:00:00+02:00,CT NG 27,0.0
2030,sc01,05-29 04:00:00+02:00,CC NG 36,0.0
2030,sc01,05-29 04:00:00+02:00,Wind N02,68.049358272
2030,sc01,05-29 04:00:00+02:00,CT NG 52,0.0
2030,sc01,05-29 04:00:00+02:00,Solar 35,0.0
2030,sc01,05-29 04:00:00+02:00,CT NG 05,0.0
2030,sc01,05-29 04:00:00+02:00,Biomass 36,0.0
2030,sc01,05-29 04:00:00+02:00,CT NG 34,0.0
2030,sc01,05-29 04:00:00+02:00,CT Oil 03,0.0
2030,sc01,05-29 04:00:00+02:00,Hydro 35,0.008152704
2030,sc01,05-29 04:00:00+02:00,Solar 14,0.0
2030,sc01,05-29 04:00:00+02:00,CT NG 75,0.0
2030,sc01,05-29 04:00:00+02:00,ST NG 09,0.0
2030,sc01,05-29 04:00:00+02:00,CT NG 56,0.0
2030,sc01,05-29 04:00:00+02:00,Biomass 22,0.0
2030,sc01,05-29 04:00:00+02:00,Solar 18,0.0
2030,sc01,05-29 04:00:00+02:00,Biomass 13,0.0
2030,sc01,05-29 04:00:00+02:00,CT NG 71,0.0
2030,sc01,05-29 04:00:00+02:00,Solar 58,0.0
2030,sc01,05-29 04:00:00+02:00,Solar 06,0.0
2030,sc01,05-29 04:00:00+02:00,Biomass 08,0.0
2030,sc01,05-29 04:00:00+02:00,CT NG 72,0.0
2030,sc01,05-29 04:00:00+02:00,Hydro 18,0.15795863999999998
2030,sc01,05-29 04:00:00+02:00,Solar 10,0.0
2030,sc01,05-29 04:00:00+02:00,CT NG 04,0.0
2030,sc01,05-29 04:00:00+02:00,ST Other 02,0.0
2030,sc01,05-29 04:00:00+02:00,CT NG 12,0.0
2030,sc01,05-29 04:00:00+02:00,CT NG 48,0.0
2030,sc01,05-29 04:00:00+02:00,ST NG 10,0.0
2030,sc01,05-29 04:00:00+02:00,Solar 22,0.0
2030,sc01,05-29 04:00:00+02:00,Solar 28,0.0
2030,sc01,05-29 04:00:00+02:00,CT NG 73,0.0
2030,sc01,05-29 04:00:00+02:00,Biomass 52,0.0
2030,sc01,05-29 04:00:00+02:00,CT NG 30,0.0
2030,sc01,05-29 04:00:00+02:00,Solar 54,0.0
2030,sc01,05-29 04:00:00+02:00,Solar 31,0.0
2030,sc01,05-29 04:00:00+02:00,Biomass 03,0.0
2030,sc01,05-29 04:00:00+02:00,CT NG 32,0.0
2030,sc01,05-29 04:00:00+02:00,Biomass 27,0.0
2030,sc01,05-29 04:00:00+02:00,CC NG 14,0.0
2030,sc01,05-29 04:00:00+02:00,CC NG 03,0.0
2030,sc01,05-29 04:00:00+02:00,CC NG 29,0.0
2030,sc01,05-29 04:00:00+02:00,CC NG 28,0.0
2030,sc01,05-29 04:00:00+02:00,CC NG 25,0.0
2030,sc01,05-29 04:00:00+02:00,CT NG 44,0.0
2030,sc01,05-29 04:00:00+02:00,CT NG 14,0.0
2030,sc01,05-29 04:00:00+02:00,CC NG 15,0.0
2030,sc01,05-29 04:00:00+02:00,CC NG 04,0.0
2030,sc01,05-29 04:00:00+02:00,Biomass 29,0.0
2030,sc01,05-29 04:00:00+02:00,Wind 14,0.0
2030,sc01,05-29 04:00:00+02:00,Wind 08,4.26657108024
2030,sc01,05-29 04:00:00+02:00,Biomass 61,0.0
2030,sc01,05-29 04:00:00+02:00,CT NG 35,0.0
2030,sc01,05-29 04:00:00+02:00,Solar 33,0.0
2030,sc01,05-29 04:00:00+02:00,CT NG 41,0.0
2030,sc01,05-29 04:00:00+02:00,CT NG 15,0.0
2030,sc01,05-29 04:00:00+02:00,Solar 42,0.0
2030,sc01,05-29 04:00:00+02:00,Solar 07,0.0
2030,sc01,05-29 04:00:00+02:00,Solar 43,0.0
2030,sc01,05-29 04:00:00+02:00,Biomass 05,0.0
2030,sc01,05-29 04:00:00+02:00,CT NG 29,0.0
2030,sc01,05-29 04:00:00+02:00,Solar 71,0.0
2030,sc01,05-29 04:00:00+02:00,CT NG 53,0.0
2030,sc01,05-29 04:00:00+02:00,CT NG 20,0.0
2030,sc01,05-29 04:00:00+02:00,Biomass 14,0.0
2030,sc01,05-29 04:00:00+02:00,Solar 26,0.0
2030,sc01,05-29 04:00:00+02:00,Hydro 29,36.09556003996841
2030,sc01,05-29 04:00:00+02:00,Hydro 31,0.01358784
2030,sc01,05-29 04:00:00+02:00,Biomass 24,0.0
2030,sc01,05-29 04:00:00+02:00,Biomass 54,0.0
2030,sc01,05-29 04:00:00+02:00,Solar 36,0.0
2030,sc01,05-29 04:00:00+02:00,Wind 03,1.2732403857599999
2030,sc01,05-29 04:00:00+02:00,Biomass 40,0.0
2030,sc01,05-29 04:00:00+02:00,Biomass 49,0.0
2030,sc01,05-29 04:00:00+02:00,CC NG 16,0.0
2030,sc01,05-29 04:00:00+02:00,Biomass 48,0.0
2030,sc01,05-29 04:00:00+02:00,Hydro 28,61.87436640000001
2030,sc01,05-29 04:00:00+02:00,Biomass 17,0.0
2030,sc01,05-29 04:00:00+02:00,CT NG 33,0.0
2030,sc01,05-29 04:00:00+02:00,Solar 45,0.0
2030,sc01,05-29 04:00:00+02:00,Hydro 24,0.0
2030,sc01,05-29 04:00:00+02:00,Wind 13,0.0
2030,sc01,05-29 04:00:00+02:00,Biomass 07,0.0
2030,sc01,05-29 04:00:00+02:00,Biomass 34,0.0
2030,sc01,05-29 04:00:00+02:00,Biomass 33,0.0
2030,sc01,05-29 04:00:00+02:00,CT NG 01,0.0
2030,sc01,05-29 04:00:00+02:00,ICE NG 03,0.0
2030,sc01,05-29 04:00:00+02:00,Solar 55,0.0
2030,sc01,05-29 04:00:00+02:00,Solar 11,0.0
2030,sc01,05-29 04:00:00+02:00,CT NG 06,0.0
2030,sc01,05-29 04:00:00+02:00,CT NG 70,0.0
2030,sc01,05-29 04:00:00+02:00,Solar 23,0.0
2030,sc01,05-29 04:00:00+02:00,CT NG 67,0.0
2030,sc01,05-29 04:00:00+02:00,Solar 12,0.0
2030,sc01,05-29 04:00:00+02:00,CT Oil 01,0.0
2030,sc01,05-29 04:00:00+02:00,Hydro 26,0.0
2030,sc01,05-29 04:00:00+02:00,CC NG 22,0.0
2030,sc01,05-29 04:00:00+02:00,CC NG 35,0.0
2030,sc01,05-29 04:00:00+02:00,Biomass 50,0.0
2030,sc01,05-29 04:00:00+02:00,ICE NG 04,0.0
2030,sc01,05-29 04:00:00+02:00,CC NG 39,0.0
2030,sc01,05-29 04:00:00+02:00,Hydro 32,0.016305408
2030,sc01,05-29 04:00:00+02:00,ICE NG 07,0.0
2030,sc01,05-29 04:00:00+02:00,Biomass 46,0.0
2030,sc01,05-29 04:00:00+02:00,CC NG 38,0.0
2030,sc01,05-29 04:00:00+02:00,CC NG 12,0.0
2030,sc01,05-29 04:00:00+02:00,Solar 57,0.0
2030,sc01,05-29 04:00:00+02:00,CC NG 32,0.0
2030,sc01,05-29 04:00:00+02:00,CC NG 07,0.0
2030,sc01,05-29 04:00:00+02:00,Biomass 44,0.0
2030,sc01,05-29 04:00:00+02:00,CT NG 40,0.0
2030,sc01,05-29 04:00:00+02:00,Solar 74,0.0
2030,sc01,05-29 04:00:00+02:00,Hydro 30,0.0
2030,sc01,05-29 04:00:00+02:00,CT NG 42,0.0
2030,sc01,05-29 04:00:00+02:00,Hydro 22,3.8357205599999995
2030,sc01,05-29 04:00:00+02:00,Solar 17,0.0
2030,sc01,05-29 04:00:00+02:00,Solar 38,0.0
2030,sc01,05-29 04:00:00+02:00,CT NG 24,0.0
2030,sc01,05-29 04:00:00+02:00,CC NG 27,0.0
2030,sc01,05-29 04:00:00+02:00,Biomass 21,0.0
2030,sc01,05-29 04:00:00+02:00,ICE NG 06,0.0
2030,sc01,05-29 04:00:00+02:00,Biomass 25,0.0
2030,sc01,05-29 04:00:00+02:00,Solar 27,0.0
2030,sc01,05-29 04:00:00+02:00,CT NG 19,0.0
2030,sc01,05-29 04:00:00+02:00,Biomass 42,0.0
2030,sc01,05-29 04:00:00+02:00,Biomass 19,0.0
2030,sc01,05-29 04:00:00+02:00,Biomass 06,0.0
2030,sc01,05-29 04:00:00+02:00,CT NG 10,0.0
2030,sc01,05-29 04:00:00+02:00,CC NG 40,0.0
2030,sc01,05-29 04:00:00+02:00,CC NG 21,0.0
2030,sc01,05-29 04:00:00+02:00,Biomass 02,0.0
2030,sc01,05-29 04:00:00+02:00,CT NG 46,0.0
2030,sc01,05-29 04:00:00+02:00,Hydro 34,0.0
2030,sc01,05-29 04:00:00+02:00,Biomass 10,0.0
2030,sc01,05-29 04:00:00+02:00,CT NG 17,0.0
2030,sc01,05-29 04:00:00+02:00,Biomass 62,0.0
2030,sc01,05-29 04:00:00+02:00,Biomass 32,0.0
2030,sc01,05-29 04:00:00+02:00,CC NG 19,0.0
2030,sc01,05-29 04:00:00+02:00,CC NG 17,0.0
2030,sc01,05-29 04:00:00+02:00,ST NG 01,0.0
2030,sc01,05-29 04:00:00+02:00,Biomass 45,0.0
2030,sc01,05-29 04:00:00+02:00,Biomass 28,0.0
2030,sc01,05-29 04:00:00+02:00,CC NG 10,0.0
2030,sc01,05-29 04:00:00+02:00,Biomass 23,0.0
2030,sc01,05-29 04:00:00+02:00,ST NG 06,0.0
2030,sc01,05-29 04:00:00+02:00,Wind 10,4.10067554512
2030,sc01,05-29 04:00:00+02:00,CT NG 69,0.0
2030,sc01,05-29 04:00:00+02:00,CT NG 68,0.0
2030,sc01,05-30 00:00:00+02:00,CC NG 13,0.0
2030,sc01,05-30 00:00:00+02:00,CT NG 37,0.0
2030,sc01,05-30 00:00:00+02:00,ST Coal 01,0.0
2030,sc01,05-30 00:00:00+02:00,CT NG 09,0.0
2030,sc01,05-30 00:00:00+02:00,CT NG 47,0.0
2030,sc01,05-30 00:00:00+02:00,Solar 69,0.0
2030,sc01,05-30 00:00:00+02:00,Solar 34,0.0
2030,sc01,05-30 00:00:00+02:00,Solar 73,0.0
2030,sc01,05-30 00:00:00+02:00,Biomass 37,0.0
2030,sc01,05-30 00:00:00+02:00,Hydro 20,0.0
2030,sc01,05-30 00:00:00+02:00,Solar 01,0.0
2030,sc01,05-30 00:00:00+02:00,Solar 62,0.0
2030,sc01,05-30 00:00:00+02:00,Solar 02,0.0
2030,sc01,05-30 00:00:00+02:00,CT NG 26,0.0
2030,sc01,05-30 00:00:00+02:00,Biomass 20,0.0
2030,sc01,05-30 00:00:00+02:00,Wind 16,43.6964940972
2030,sc01,05-30 00:00:00+02:00,CT NG 66,0.0
2030,sc01,05-30 00:00:00+02:00,Solar 39,0.0
2030,sc01,05-30 00:00:00+02:00,Biomass 41,0.0
2030,sc01,05-30 00:00:00+02:00,Solar 72,0.0
2030,sc01,05-30 00:00:00+02:00,ST NG 03,0.0
2030,sc01,05-30 00:00:00+02:00,Hydro 21,4.33957797
2030,sc01,05-30 00:00:00+02:00,CT NG 03,0.0
2030,sc01,05-30 00:00:00+02:00,CC NG 09,0.0
2030,sc01,05-30 00:00:00+02:00,CT Oil 02,0.0
2030,sc01,05-30 00:00:00+02:00,CT NG 39,0.0
2030,sc01,05-30 00:00:00+02:00,CC NG 08,0.0
2030,sc01,05-30 00:00:00+02:00,Biomass 43,0.0
2030,sc01,05-30 00:00:00+02:00,CT NG 18,0.0
2030,sc01,05-30 00:00:00+02:00,ST NG 07,0.0
2030,sc01,05-30 00:00:00+02:00,Biomass 35,0.0
2030,sc01,05-30 00:00:00+02:00,Solar 32,0.0
2030,sc01,05-30 00:00:00+02:00,Biomass 15,0.0
2030,sc01,05-30 00:00:00+02:00,CC NG 31,0.0
2030,sc01,05-30 00:00:00+02:00,Solar 16,0.0
2030,sc01,05-30 00:00:00+02:00,Solar 68,0.0
2030,sc01,05-30 00:00:00+02:00,CT NG 21,0.0
2030,sc01,05-30 00:00:00+02:00,Wind 11,0.0
2030,sc01,05-30 00:00:00+02:00,CC NG 37,0.0
2030,sc01,05-30 00:00:00+02:00,CT NG 22,0.0
2030,sc01,05-30 00:00:00+02:00,Hydro 16,0.0
2030,sc01,05-30 00:00:00+02:00,Biomass 59,0.0
2030,sc01,05-30 00:00:00+02:00,CC NG 01,0.0
2030,sc01,05-30 00:00:00+02:00,Biomass 16,0.0
2030,sc01,05-30 00:00:00+02:00,Solar 03,0.0
2030,sc01,05-30 00:00:00+02:00,Solar 44,0.0
2030,sc01,05-30 00:00:00+02:00,CT NG 08,0.0
2030,sc01,05-30 00:00:00+02:00,Wind 05,0.28486212350400003
2030,sc01,05-30 00:00:00+02:00,Biomass 26,0.0
2030,sc01,05-30 00:00:00+02:00,Solar 37,0.0
2030,sc01,05-30 00:00:00+02:00,Biomass 11,0.0
2030,sc01,05-30 00:00:00+02:00,Solar 59,0.0
2030,sc01,05-30 00:00:00+02:00,CT NG 11,0.0
2030,sc01,05-30 00:00:00+02:00,Biomass 30,0.0
2030,sc01,05-30 00:00:00+02:00,Hydro 23,0.0
2030,sc01,05-30 00:00:00+02:00,CC NG 24,0.0
2030,sc01,05-30 00:00:00+02:00,Solar 65,0.0
2030,sc01,05-30 00:00:00+02:00,CC NG 18,0.0
2030,sc01,05-30 00:00:00+02:00,CT NG 16,0.0
2030,sc01,05-30 00:00:00+02:00,Solar 51,0.0
2030,sc01,05-30 00:00:00+02:00,Wind 06,0.0
2030,sc01,05-30 00:00:00+02:00,CC NG 26,0.0
2030,sc01,05-30 00:00:00+02:00,CC NG 23,0.0
2030,sc01,05-30 00:00:00+02:00,CT NG 43,0.0
2030,sc01,05-30 00:00:00+02:00,CC NG 11,0.0
2030,sc01,05-30 00:00:00+02:00,CT NG 02,0.0
2030,sc01,05-30 00:00:00+02:00,CT NG 50,0.0
2030,sc01,05-30 00:00:00+02:00,Hydro 27,0.0
2030,sc01,05-30 00:00:00+02:00,CT NG 13,0.0
2030,sc01,05-30 00:00:00+02:00,CT NG 25,0.0
2030,sc01,05-30 00:00:00+02:00,CC NG 05,0.0
2030,sc01,05-30 00:00:00+02:00,Solar 04,0.0
2030,sc01,05-30 00:00:00+02:00,Solar 30,0.0
2030,sc01,05-30 00:00:00+02:00,Solar 29,0.0
2030,sc01,05-30 00:00:00+02:00,Solar 53,0.0
2030,sc01,05-30 00:00:00+02:00,Solar 21,0.0
2030,sc01,05-30 00:00:00+02:00,Biomass 58,0.0
2030,sc01,05-30 00:00:00+02:00,CT NG 74,0.0
2030,sc01,05-30 00:00:00+02:00,Solar 61,0.0
2030,sc01,05-30 00:00:00+02:00,Wind 07,0.0
2030,sc01,05-30 00:00:00+02:00,Biomass 31,0.0
2030,sc01,05-30 00:00:00+02:00,CT Oil 05,0.0
2030,sc01,05-30 00:00:00+02:00,Biomass 38,0.0
2030,sc01,05-30 00:00:00+02:00,Solar 41,0.0
2030,sc01,05-30 00:00:00+02:00,Biomass 51,0.0
2030,sc01,05-30 00:00:00+02:00,Biomass 55,0.0
2030,sc01,05-30 00:00:00+02:00,Wind 15,0.0
2030,sc01,05-30 00:00:00+02:00,Geo 01,0.0
2030,sc01,05-30 00:00:00+02:00,Biomass 60,0.0
2030,sc01,05-30 00:00:00+02:00,CT NG 38,0.0
2030,sc01,05-30 00:00:00+02:00,Solar 66,0.0
2030,sc01,05-30 00:00:00+02:00,Solar 49,0.0
2030,sc01,05-30 00:00:00+02:00,CT NG 51,0.0
2030,sc01,05-30 00:00:00+02:00,Biomass 18,0.0
2030,sc01,05-30 00:00:00+02:00,ICE NG 01,0.0
2030,sc01,05-30 00:00:00+02:00,Solar 15,0.0
2030,sc01,05-30 00:00:00+02:00,ICE NG 05,0.0
2030,sc01,05-30 00:00:00+02:00,CT Oil 04,0.0
2030,sc01,05-30 00:00:00+02:00,CC NG 20,0.0
2030,sc01,05-30 00:00:00+02:00,Solar 20,0.0
2030,sc01,05-30 00:00:00+02:00,Biomass 04,0.0
2030,sc01,05-30 00:00:00+02:00,Wind 02,11.8180982745
2030,sc01,05-30 00:00:00+02:00,Hydro 25,0.0
2030,sc01,05-30 00:00:00+02:00,Solar 75,0.0
2030,sc01,05-30 00:00:00+02:00,Hydro 33,0.0
2030,sc01,05-30 00:00:00+02:00,ST NG 05,0.0
2030,sc01,05-30 00:00:00+02:00,CT NG 07,0.0
2030,sc01,05-30 00:00:00+02:00,Wind 01,2.9082965007599997
2030,sc01,05-30 00:00:00+02:00,Solar 56,0.0
2030,sc01,05-30 00:00:00+02:00,Biomass 09,0.0
2030,sc01,05-30 00:00:00+02:00,Biomass 53,0.0
2030,sc01,05-30 00:00:00+02:00,Wind 17,31.416519862007394
2030,sc01,05-30 00:00:00+02:00,ST NG 08,0.0
2030,sc01,05-30 00:00:00+02:00,Hydro 19,0.0
2030,sc01,05-30 00:00:00+02:00,ST NG 02,0.0
2030,sc01,05-30 00:00:00+02:00,Biomass 01,0.0
2030,sc01,05-30 00:00:00+02:00,Biomass 57,0.0
2030,sc01,05-30 00:00:00+02:00,CT NG 49,0.0
2030,sc01,05-30 00:00:00+02:00,CT NG 31,0.0
2030,sc01,05-30 00:00:00+02:00,Solar 64,0.0
2030,sc01,05-30 00:00:00+02:00,CC NG 33,0.0
2030,sc01,05-30 00:00:00+02:00,Solar 46,0.0
2030,sc01,05-30 00:00:00+02:00,Biomass 12,0.0
2030,sc01,05-30 00:00:00+02:00,Wind 04,0.17557765092000002
2030,sc01,05-30 00:00:00+02:00,Solar 13,0.0
2030,sc01,05-30 00:00:00+02:00,CT NG 55,0.0
2030,sc01,05-30 00:00:00+02:00,Wind N03,140.8274366254661
2030,sc01,05-30 00:00:00+02:00,CT NG 28,0.0
2030,sc01,05-30 00:00:00+02:00,Wind 09,0.0
2030,sc01,05-30 00:00:00+02:00,Solar 60,0.0
2030,sc01,05-30 00:00:00+02:00,Solar 25,0.0
2030,sc01,05-30 00:00:00+02:00,CT NG 23,0.0
2030,sc01,05-30 00:00:00+02:00,ST Other 01,0.0
2030,sc01,05-30 00:00:00+02:00,Solar 70,0.0
2030,sc01,05-30 00:00:00+02:00,CC NG 34,0.0
2030,sc01,05-30 00:00:00+02:00,Solar 48,0.0
2030,sc01,05-30 00:00:00+02:00,Biomass 56,0.0
2030,sc01,05-30 00:00:00+02:00,CT NG 36,0.0
2030,sc01,05-30 00:00:00+02:00,Solar 47,0.0
2030,sc01,05-30 00:00:00+02:00,Hydro 17,0.06166125
2030,sc01,05-30 00:00:00+02:00,Solar 09,0.0
2030,sc01,05-30 00:00:00+02:00,Solar 08,0.0
2030,sc01,05-30 00:00:00+02:00,CT NG 45,0.0
2030,sc01,05-30 00:00:00+02:00,ST NG 04,0.0
2030,sc01,05-30 00:00:00+02:00,Solar 40,0.0
2030,sc01,05-30 00:00:00+02:00,Biomass 47,0.0
2030,sc01,05-30 00:00:00+02:00,Solar 50,0.0
2030,sc01,05-30 00:00:00+02:00,Solar 52,0.0
2030,sc01,05-30 00:00:00+02:00,Solar 63,0.0
2030,sc01,05-30 00:00:00+02:00,CC NG 06,0.0
2030,sc01,05-30 00:00:00+02:00,Biomass 39,0.0
2030,sc01,05-30 00:00:00+02:00,Solar 67,0.0
2030,sc01,05-30 00:00:00+02:00,Solar 19,0.0
2030,sc01,05-30 00:00:00+02:00,Wind 12,29.2965712326
2030,sc01,05-30 00:00:00+02:00,Solar 24,0.0
2030,sc01,05-30 00:00:00+02:00,ICE NG 02,0.0
2030,sc01,05-30 00:00:00+02:00,Solar 05,0.0
2030,sc01,05-30 00:00:00+02:00,CT NG 54,0.0
2030,sc01,05-30 00:00:00+02:00,Wind N01,182.69635538770845
2030,sc01,05-30 00:00:00+02:00,CT NG 27,0.0
2030,sc01,05-30 00:00:00+02:00,CC NG 36,0.0
2030,sc01,05-30 00:00:00+02:00,Wind N02,0.0
2030,sc01,05-30 00:00:00+02:00,CT NG 52,0.0
2030,sc01,05-30 00:00:00+02:00,Solar 35,0.0
2030,sc01,05-30 00:00:00+02:00,CT NG 05,0.0
2030,sc01,05-30 00:00:00+02:00,Biomass 36,0.0
2030,sc01,05-30 00:00:00+02:00,CT NG 34,0.0
2030,sc01,05-30 00:00:00+02:00,CT Oil 03,0.0
2030,sc01,05-30 00:00:00+02:00,Hydro 35,0.010962
2030,sc01,05-30 00:00:00+02:00,Solar 14,0.0
2030,sc01,05-30 00:00:00+02:00,CT NG 75,0.0
2030,sc01,05-30 00:00:00+02:00,ST NG 09,0.0
2030,sc01,05-30 00:00:00+02:00,CT NG 56,0.0
2030,sc01,05-30 00:00:00+02:00,Biomass 22,0.0
2030,sc01,05-30 00:00:00+02:00,Solar 18,0.0
2030,sc01,05-30 00:00:00+02:00,Biomass 13,0.0
2030,sc01,05-30 00:00:00+02:00,CT NG 71,0.0
2030,sc01,05-30 00:00:00+02:00,Solar 58,0.0
2030,sc01,05-30 00:00:00+02:00,Solar 06,0.0
2030,sc01,05-30 00:00:00+02:00,Biomass 08,0.0
2030,sc01,05-30 00:00:00+02:00,CT NG 72,0.0
2030,sc01,05-30 00:00:00+02:00,Hydro 18,0.21238875000000002
2030,sc01,05-30 00:00:00+02:00,Solar 10,0.0
2030,sc01,05-30 00:00:00+02:00,CT NG 04,0.0
2030,sc01,05-30 00:00:00+02:00,ST Other 02,0.0
2030,sc01,05-30 00:00:00+02:00,CT NG 12,0.0
2030,sc01,05-30 00:00:00+02:00,CT NG 48,0.0
2030,sc01,05-30 00:00:00+02:00,ST NG 10,0.0
2030,sc01,05-30 00:00:00+02:00,Solar 22,0.0
2030,sc01,05-30 00:00:00+02:00,Solar 28,0.0
2030,sc01,05-30 00:00:00+02:00,CT NG 73,0.0
2030,sc01,05-30 00:00:00+02:00,Biomass 52,0.0
2030,sc01,05-30 00:00:00+02:00,CT NG 30,0.0
2030,sc01,05-30 00:00:00+02:00,Solar 54,0.0
2030,sc01,05-30 00:00:00+02:00,Solar 31,0.0
2030,sc01,05-30 00:00:00+02:00,Biomass 03,0.0
2030,sc01,05-30 00:00:00+02:00,CT NG 32,0.0
2030,sc01,05-30 00:00:00+02:00,Biomass 27,0.0
2030,sc01,05-30 00:00:00+02:00,CC NG 14,0.0
2030,sc01,05-30 00:00:00+02:00,CC NG 03,0.0
2030,sc01,05-30 00:00:00+02:00,CC NG 29,0.0
2030,sc01,05-30 00:00:00+02:00,CC NG 28,0.0
2030,sc01,05-30 00:00:00+02:00,CC NG 25,0.0
2030,sc01,05-30 00:00:00+02:00,CT NG 44,0.0
2030,sc01,05-30 00:00:00+02:00,CT NG 14,0.0
2030,sc01,05-30 00:00:00+02:00,CC NG 15,0.0
2030,sc01,05-30 00:00:00+02:00,CC NG 04,0.0
2030,sc01,05-30 00:00:00+02:00,Biomass 29,0.0
2030,sc01,05-30 00:00:00+02:00,Wind 14,55.6173015552
2030,sc01,05-30 00:00:00+02:00,Wind 08,0.0
2030,sc01,05-30 00:00:00+02:00,Biomass 61,0.0
2030,sc01,05-30 00:00:00+02:00,CT NG 35,0.0
2030,sc01,05-30 00:00:00+02:00,Solar 33,0.0
2030,sc01,05-30 00:00:00+02:00,CT NG 41,0.0
2030,sc01,05-30 00:00:00+02:00,CT NG 15,0.0
2030,sc01,05-30 00:00:00+02:00,Solar 42,0.0
2030,sc01,05-30 00:00:00+02:00,Solar 07,0.0
2030,sc01,05-30 00:00:00+02:00,Solar 43,0.0
2030,sc01,05-30 00:00:00+02:00,Biomass 05,0.0
2030,sc01,05-30 00:00:00+02:00,CT NG 29,0.0
2030,sc01,05-30 00:00:00+02:00,Solar 71,0.0
2030,sc01,05-30 00:00:00+02:00,CT NG 53,0.0
2030,sc01,05-30 00:00:00+02:00,CT NG 20,0.0
2030,sc01,05-30 00:00:00+02:00,Biomass 14,0.0
2030,sc01,05-30 00:00:00+02:00,Solar 26,0.0
2030,sc01,05-30 00:00:00+02:00,Hydro 29,0.0
2030,sc01,05-30 00:00:00+02:00,Hydro 31,0.01827
2030,sc01,05-30 00:00:00+02:00,Biomass 24,0.0
2030,sc01,05-30 00:00:00+02:00,Biomass 54,0.0
2030,sc01,05-30 00:00:00+02:00,Solar 36,0.0
2030,sc01,05-30 00:00:00+02:00,Wind 03,0.43945369675199997
2030,sc01,05-30 00:00:00+02:00,Biomass 40,0.0
2030,sc01,05-30 00:00:00+02:00,Biomass 49,0.0
2030,sc01,05-30 00:00:00+02:00,CC NG 16,0.0
2030,sc01,05-30 00:00:00+02:00,Biomass 48,0.0
2030,sc01,05-30 00:00:00+02:00,Hydro 28,0.0
2030,sc01,05-30 00:00:00+02:00,Biomass 17,0.0
2030,sc01,05-30 00:00:00+02:00,CT NG 33,0.0
2030,sc01,05-30 00:00:00+02:00,Solar 45,0.0
2030,sc01,05-30 00:00:00+02:00,Hydro 24,0.0
2030,sc01,05-30 00:00:00+02:00,Wind 13,14.6224733382
2030,sc01,05-30 00:00:00+02:00,Biomass 07,0.0
2030,sc01,05-30 00:00:00+02:00,Biomass 34,0.0
2030,sc01,05-30 00:00:00+02:00,Biomass 33,0.0
2030,sc01,05-30 00:00:00+02:00,CT NG 01,0.0
2030,sc01,05-30 00:00:00+02:00,ICE NG 03,0.0
2030,sc01,05-30 00:00:00+02:00,Solar 55,0.0
2030,sc01,05-30 00:00:00+02:00,Solar 11,0.0
2030,sc01,05-30 00:00:00+02:00,CT NG 06,0.0
2030,sc01,05-30 00:00:00+02:00,CT NG 70,0.0
2030,sc01,05-30 00:00:00+02:00,Solar 23,0.0
2030,sc01,05-30 00:00:00+02:00,CT NG 67,0.0
2030,sc01,05-30 00:00:00+02:00,Solar 12,0.0
2030,sc01,05-30 00:00:00+02:00,CT Oil 01,0.0
2030,sc01,05-30 00:00:00+02:00,Hydro 26,0.0
2030,sc01,05-30 00:00:00+02:00,CC NG 22,0.0
2030,sc01,05-30 00:00:00+02:00,CC NG 35,0.0
2030,sc01,05-30 00:00:00+02:00,Biomass 50,0.0
2030,sc01,05-30 00:00:00+02:00,ICE NG 04,0.0
2030,sc01,05-30 00:00:00+02:00,CC NG 39,0.0
2030,sc01,05-30 00:00:00+02:00,Hydro 32,0.021924
2030,sc01,05-30 00:00:00+02:00,ICE NG 07,0.0
2030,sc01,05-30 00:00:00+02:00,Biomass 46,0.0
2030,sc01,05-30 00:00:00+02:00,CC NG 38,0.0
2030,sc01,05-30 00:00:00+02:00,CC NG 12,0.0
2030,sc01,05-30 00:00:00+02:00,Solar 57,0.0
2030,sc01,05-30 00:00:00+02:00,CC NG 32,0.0
2030,sc01,05-30 00:00:00+02:00,CC NG 07,0.0
2030,sc01,05-30 00:00:00+02:00,Biomass 44,0.0
2030,sc01,05-30 00:00:00+02:00,CT NG 40,0.0
2030,sc01,05-30 00:00:00+02:00,Solar 74,0.0
2030,sc01,05-30 00:00:00+02:00,Hydro 30,0.0
2030,sc01,05-30 00:00:00+02:00,CT NG 42,0.0
2030,sc01,05-30 00:00:00+02:00,Hydro 22,4.33957797
2030,sc01,05-30 00:00:00+02:00,Solar 17,0.0
2030,sc01,05-30 00:00:00+02:00,Solar 38,0.0
2030,sc01,05-30 00:00:00+02:00,CT NG 24,0.0
2030,sc01,05-30 00:00:00+02:00,CC NG 27,0.0
2030,sc01,05-30 00:00:00+02:00,Biomass 21,0.0
2030,sc01,05-30 00:00:00+02:00,ICE NG 06,0.0
2030,sc01,05-30 00:00:00+02:00,Biomass 25,0.0
2030,sc01,05-30 00:00:00+02:00,Solar 27,0.0
2030,sc01,05-30 00:00:00+02:00,CT NG 19,0.0
2030,sc01,05-30 00:00:00+02:00,Biomass 42,0.0
2030,sc01,05-30 00:00:00+02:00,Biomass 19,0.0
2030,sc01,05-30 00:00:00+02:00,Biomass 06,0.0
2030,sc01,05-30 00:00:00+02:00,CT NG 10,0.0
2030,sc01,05-30 00:00:00+02:00,CC NG 40,0.0
2030,sc01,05-30 00:00:00+02:00,CC NG 21,0.0
2030,sc01,05-30 00:00:00+02:00,Biomass 02,0.0
2030,sc01,05-30 00:00:00+02:00,CT NG 46,0.0
2030,sc01,05-30 00:00:00+02:00,Hydro 34,0.0
2030,sc01,05-30 00:00:00+02:00,Biomass 10,0.0
2030,sc01,05-30 00:00:00+02:00,CT NG 17,0.0
2030,sc01,05-30 00:00:00+02:00,Biomass 62,0.0
2030,sc01,05-30 00:00:00+02:00,Biomass 32,0.0
2030,sc01,05-30 00:00:00+02:00,CC NG 19,0.0
2030,sc01,05-30 00:00:00+02:00,CC NG 17,0.0
2030,sc01,05-30 00:00:00+02:00,ST NG 01,0.0
2030,sc01,05-30 00:00:00+02:00,Biomass 45,0.0
2030,sc01,05-30 00:00:00+02:00,Biomass 28,0.0
2030,sc01,05-30 00:00:00+02:00,CC NG 10,0.0
2030,sc01,05-30 00:00:00+02:00,Biomass 23,0.0
2030,sc01,05-30 00:00:00+02:00,ST NG 06,0.0
2030,sc01,05-30 00:00:00+02:00,Wind 10,0.0
2030,sc01,05-30 00:00:00+02:00,CT NG 69,0.0
2030,sc01,05-30 00:00:00+02:00,CT NG 68,0.0
2030,sc01,05-31 15:00:00+02:00,CC NG 13,0.0
2030,sc01,05-31 15:00:00+02:00,CT NG 37,0.0
2030,sc01,05-31 15:00:00+02:00,ST Coal 01,0.0
2030,sc01,05-31 15:00:00+02:00,CT NG 09,0.0
2030,sc01,05-31 15:00:00+02:00,CT NG 47,0.0
2030,sc01,05-31 15:00:00+02:00,Solar 69,0.0
2030,sc01,05-31 15:00:00+02:00,Solar 34,13.268133726435844
2030,sc01,05-31 15:00:00+02:00,Solar 73,0.0
2030,sc01,05-31 15:00:00+02:00,Biomass 37,0.0
2030,sc01,05-31 15:00:00+02:00,Hydro 20,0.0
2030,sc01,05-31 15:00:00+02:00,Solar 01,8.94785324
2030,sc01,05-31 15:00:00+02:00,Solar 62,0.0
2030,sc01,05-31 15:00:00+02:00,Solar 02,0.0
2030,sc01,05-31 15:00:00+02:00,CT NG 26,0.0
2030,sc01,05-31 15:00:00+02:00,Biomass 20,0.0
2030,sc01,05-31 15:00:00+02:00,Wind 16,10.784761981790075
2030,sc01,05-31 15:00:00+02:00,CT NG 66,0.0
2030,sc01,05-31 15:00:00+02:00,Solar 39,0.0
2030,sc01,05-31 15:00:00+02:00,Biomass 41,0.0
2030,sc01,05-31 15:00:00+02:00,Solar 72,0.0
2030,sc01,05-31 15:00:00+02:00,ST NG 03,0.0
2030,sc01,05-31 15:00:00+02:00,Hydro 21,1.7156017500000003
2030,sc01,05-31 15:00:00+02:00,CT NG 03,0.0
2030,sc01,05-31 15:00:00+02:00,CC NG 09,0.0
2030,sc01,05-31 15:00:00+02:00,CT Oil 02,0.0
2030,sc01,05-31 15:00:00+02:00,CT NG 39,0.0
2030,sc01,05-31 15:00:00+02:00,CC NG 08,0.0
2030,sc01,05-31 15:00:00+02:00,Biomass 43,0.0
2030,sc01,05-31 15:00:00+02:00,CT NG 18,0.0
2030,sc01,05-31 15:00:00+02:00,ST NG 07,0.0
2030,sc01,05-31 15:00:00+02:00,Biomass 35,0.0
2030,sc01,05-31 15:00:00+02:00,Solar 32,0.0
2030,sc01,05-31 15:00:00+02:00,Biomass 15,0.0
2030,sc01,05-31 15:00:00+02:00,CC NG 31,0.0
2030,sc01,05-31 15:00:00+02:00,Solar 16,0.17369426480000003
2030,sc01,05-31 15:00:00+02:00,Solar 68,0.0
2030,sc01,05-31 15:00:00+02:00,CT NG 21,0.0
2030,sc01,05-31 15:00:00+02:00,Wind 11,0.8827049027499999
2030,sc01,05-31 15:00:00+02:00,CC NG 37,0.0
2030,sc01,05-31 15:00:00+02:00,CT NG 22,0.0
2030,sc01,05-31 15:00:00+02:00,Hydro 16,0.01384
2030,sc01,05-31 15:00:00+02:00,Biomass 59,0.0
2030,sc01,05-31 15:00:00+02:00,CC NG 01,0.0
2030,sc01,05-31 15:00:00+02:00,Biomass 16,0.0
2030,sc01,05-31 15:00:00+02:00,Solar 03,0.0
2030,sc01,05-31 15:00:00+02:00,Solar 44,0.0
2030,sc01,05-31 15:00:00+02:00,CT NG 08,0.0
2030,sc01,05-31 15:00:00+02:00,Wind 05,0.0457645096
2030,sc01,05-31 15:00:00+02:00,Biomass 26,0.0
2030,sc01,05-31 15:00:00+02:00,Solar 37,0.0
2030,sc01,05-31 15:00:00+02:00,Biomass 11,0.0
2030,sc01,05-31 15:00:00+02:00,Solar 59,0.0
2030,sc01,05-31 15:00:00+02:00,CT NG 11,0.0
2030,sc01,05-31 15:00:00+02:00,Biomass 30,0.0
2030,sc01,05-31 15:00:00+02:00,Hydro 23,0.0
2030,sc01,05-31 15:00:00+02:00,CC NG 24,0.0
2030,sc01,05-31 15:00:00+02:00,Solar 65,6.6419544175
2030,sc01,05-31 15:00:00+02:00,CC NG 18,0.0
2030,sc01,05-31 15:00:00+02:00,CT NG 16,0.0
2030,sc01,05-31 15:00:00+02:00,Solar 51,0.0
2030,sc01,05-31 15:00:00+02:00,Wind 06,1.6737960242500003
2030,sc01,05-31 15:00:00+02:00,CC NG 26,0.0
2030,sc01,05-31 15:00:00+02:00,CC NG 23,0.0
2030,sc01,05-31 15:00:00+02:00,CT NG 43,0.0
2030,sc01,05-31 15:00:00+02:00,CC NG 11,0.0
2030,sc01,05-31 15:00:00+02:00,CT NG 02,0.0
2030,sc01,05-31 15:00:00+02:00,CT NG 50,0.0
2030,sc01,05-31 15:00:00+02:00,Hydro 27,0.0
2030,sc01,05-31 15:00:00+02:00,CT NG 13,0.0
2030,sc01,05-31 15:00:00+02:00,CT NG 25,0.0
2030,sc01,05-31 15:00:00+02:00,CC NG 05,0.0
2030,sc01,05-31 15:00:00+02:00,Solar 04,0.26970086649999997
2030,sc01,05-31 15:00:00+02:00,Solar 30,0.16749537539999998
2030,sc01,05-31 15:00:00+02:00,Solar 29,0.41370425725000004
2030,sc01,05-31 15:00:00+02:00,Solar 53,0.0
2030,sc01,05-31 15:00:00+02:00,Solar 21,1.0233474397500002
2030,sc01,05-31 15:00:00+02:00,Biomass 58,0.0
2030,sc01,05-31 15:00:00+02:00,CT NG 74,0.0
2030,sc01,05-31 15:00:00+02:00,Solar 61,0.0
2030,sc01,05-31 15:00:00+02:00,Wind 07,0.90139234175
2030,sc01,05-31 15:00:00+02:00,Biomass 31,0.0
2030,sc01,05-31 15:00:00+02:00,CT Oil 05,0.0
2030,sc01,05-31 15:00:00+02:00,Biomass 38,0.0
2030,sc01,05-31 15:00:00+02:00,Solar 41,0.0
2030,sc01,05-31 15:00:00+02:00,Biomass 51,0.0
2030,sc01,05-31 15:00:00+02:00,Biomass 55,0.0
2030,sc01,05-31 15:00:00+02:00,Wind 15,0.0
2030,sc01,05-31 15:00:00+02:00,Geo 01,0.0
2030,sc01,05-31 15:00:00+02:00,Biomass 60,0.0
2030,sc01,05-31 15:00:00+02:00,CT NG 38,0.0
2030,sc01,05-31 15:00:00+02:00,Solar 66,15.9749260725
2030,sc01,05-31 15:00:00+02:00,Solar 49,0.0
2030,sc01,05-31 15:00:00+02:00,CT NG 51,0.0
2030,sc01,05-31 15:00:00+02:00,Biomass 18,0.0
2030,sc01,05-31 15:00:00+02:00,ICE NG 01,0.0
2030,sc01,05-31 15:00:00+02:00,Solar 15,0.5852431265
2030,sc01,05-31 15:00:00+02:00,ICE NG 05,0.0
2030,sc01,05-31 15:00:00+02:00,CT Oil 04,0.0
2030,sc01,05-31 15:00:00+02:00,CC NG 20,0.0
2030,sc01,05-31 15:00:00+02:00,Solar 20,0.90082758575
2030,sc01,05-31 15:00:00+02:00,Biomass 04,0.0
2030,sc01,05-31 15:00:00+02:00,Wind 02,2.455430922
2030,sc01,05-31 15:00:00+02:00,Hydro 25,0.0
2030,sc01,05-31 15:00:00+02:00,Solar 75,0.0
2030,sc01,05-31 15:00:00+02:00,Hydro 33,0.0
2030,sc01,05-31 15:00:00+02:00,ST NG 05,0.0
2030,sc01,05-31 15:00:00+02:00,CT NG 07,0.0
2030,sc01,05-31 15:00:00+02:00,Wind 01,0.6508142237500001
2030,sc01,05-31 15:00:00+02:00,Solar 56,0.0
2030,sc01,05-31 15:00:00+02:00,Biomass 09,0.0
2030,sc01,05-31 15:00:00+02:00,Biomass 53,0.0
2030,sc01,05-31 15:00:00+02:00,Wind 17,10.3626154775
2030,sc01,05-31 15:00:00+02:00,ST NG 08,0.0
2030,sc01,05-31 15:00:00+02:00,Hydro 19,0.0
2030,sc01,05-31 15:00:00+02:00,ST NG 02,0.0
2030,sc01,05-31 15:00:00+02:00,Biomass 01,0.0
2030,sc01,05-31 15:00:00+02:00,Biomass 57,0.0
2030,sc01,05-31 15:00:00+02:00,CT NG 49,0.0
2030,sc01,05-31 15:00:00+02:00,CT NG 31,0.0
2030,sc01,05-31 15:00:00+02:00,Solar 64,3.4870190500000002
2030,sc01,05-31 15:00:00+02:00,CC NG 33,0.0
2030,sc01,05-31 15:00:00+02:00,Solar 46,0.0
2030,sc01,05-31 15:00:00+02:00,Biomass 12,0.006667626977430868
2030,sc01,05-31 15:00:00+02:00,Wind 04,0.42479596774999995
2030,sc01,05-31 15:00:00+02:00,Solar 13,0.014691726
2030,sc01,05-31 15:00:00+02:00,CT NG 55,0.0
2030,sc01,05-31 15:00:00+02:00,Wind N03,35.193180012066705
2030,sc01,05-31 15:00:00+02:00,CT NG 28,0.0
2030,sc01,05-31 15:00:00+02:00,Wind 09,0.5940204685
2030,sc01,05-31 15:00:00+02:00,Solar 60,0.0
2030,sc01,05-31 15:00:00+02:00,Solar 25,0.1077370056
2030,sc01,05-31 15:00:00+02:00,CT NG 23,0.0
2030,sc01,05-31 15:00:00+02:00,ST Other 01,0.0
2030,sc01,05-31 15:00:00+02:00,Solar 70,8.774679615087555
2030,sc01,05-31 15:00:00+02:00,CC NG 34,0.0
2030,sc01,05-31 15:00:00+02:00,Solar 48,0.0
2030,sc01,05-31 15:00:00+02:00,Biomass 56,0.0
2030,sc01,05-31 15:00:00+02:00,CT NG 36,0.0
2030,sc01,05-31 15:00:00+02:00,Solar 47,0.0
2030,sc01,05-31 15:00:00+02:00,Hydro 17,0.0
2030,sc01,05-31 15:00:00+02:00,Solar 09,0.0
2030,sc01,05-31 15:00:00+02:00,Solar 08,0.0
2030,sc01,05-31 15:00:00+02:00,CT NG 45,0.0
2030,sc01,05-31 15:00:00+02:00,ST NG 04,0.0
2030,sc01,05-31 15:00:00+02:00,Solar 40,0.0
2030,sc01,05-31 15:00:00+02:00,Biomass 47,0.0
2030,sc01,05-31 15:00:00+02:00,Solar 50,0.0
2030,sc01,05-31 15:00:00+02:00,Solar 52,0.0
2030,sc01,05-31 15:00:00+02:00,Solar 63,7.4466378525
2030,sc01,05-31 15:00:00+02:00,CC NG 06,0.0
2030,sc01,05-31 15:00:00+02:00,Biomass 39,0.0
2030,sc01,05-31 15:00:00+02:00,Solar 67,3.8752652271175596
2030,sc01,05-31 15:00:00+02:00,Solar 19,0.0055564768
2030,sc01,05-31 15:00:00+02:00,Wind 12,10.64135688
2030,sc01,05-31 15:00:00+02:00,Solar 24,0.08035584019999999
2030,sc01,05-31 15:00:00+02:00,ICE NG 02,0.0
2030,sc01,05-31 15:00:00+02:00,Solar 05,0.0
2030,sc01,05-31 15:00:00+02:00,CT NG 54,0.0
2030,sc01,05-31 15:00:00+02:00,Wind N01,67.98608026450272
2030,sc01,05-31 15:00:00+02:00,CT NG 27,0.0
2030,sc01,05-31 15:00:00+02:00,CC NG 36,0.0
2030,sc01,05-31 15:00:00+02:00,Wind N02,57.8021746512973
2030,sc01,05-31 15:00:00+02:00,CT NG 52,0.0
2030,sc01,05-31 15:00:00+02:00,Solar 35,0.0
2030,sc01,05-31 15:00:00+02:00,CT NG 05,0.0
2030,sc01,05-31 15:00:00+02:00,Biomass 36,0.0
2030,sc01,05-31 15:00:00+02:00,CT NG 34,0.0
2030,sc01,05-31 15:00:00+02:00,CT Oil 03,0.0
2030,sc01,05-31 15:00:00+02:00,Hydro 35,0.0
2030,sc01,05-31 15:00:00+02:00,Solar 14,0.6506585735
2030,sc01,05-31 15:00:00+02:00,CT NG 75,0.0
2030,sc01,05-31 15:00:00+02:00,ST NG 09,0.0
2030,sc01,05-31 15:00:00+02:00,CT NG 56,0.0
2030,sc01,05-31 15:00:00+02:00,Biomass 22,0.0
2030,sc01,05-31 15:00:00+02:00,Solar 18,0.686290614
2030,sc01,05-31 15:00:00+02:00,Biomass 13,0.0
2030,sc01,05-31 15:00:00+02:00,CT NG 71,0.0
2030,sc01,05-31 15:00:00+02:00,Solar 58,0.0
2030,sc01,05-31 15:00:00+02:00,Solar 06,0.0
2030,sc01,05-31 15:00:00+02:00,Biomass 08,0.0
2030,sc01,05-31 15:00:00+02:00,CT NG 72,0.0
2030,sc01,05-31 15:00:00+02:00,Hydro 18,0.0
2030,sc01,05-31 15:00:00+02:00,Solar 10,0.8677104625000001
2030,sc01,05-31 15:00:00+02:00,CT NG 04,0.0
2030,sc01,05-31 15:00:00+02:00,ST Other 02,0.0
2030,sc01,05-31 15:00:00+02:00,CT NG 12,0.0
2030,sc01,05-31 15:00:00+02:00,CT NG 48,0.0
2030,sc01,05-31 15:00:00+02:00,ST NG 10,0.0
2030,sc01,05-31 15:00:00+02:00,Solar 22,0.4302971075
2030,sc01,05-31 15:00:00+02:00,Solar 28,0.38506580375000005
2030,sc01,05-31 15:00:00+02:00,CT NG 73,0.0
2030,sc01,05-31 15:00:00+02:00,Biomass 52,0.0
2030,sc01,05-31 15:00:00+02:00,CT NG 30,0.0
2030,sc01,05-31 15:00:00+02:00,Solar 54,0.0
2030,sc01,05-31 15:00:00+02:00,Solar 31,0.0
2030,sc01,05-31 15:00:00+02:00,Biomass 03,0.0
2030,sc01,05-31 15:00:00+02:00,CT NG 32,0.0
2030,sc01,05-31 15:00:00+02:00,Biomass 27,0.0
2030,sc01,05-31 15:00:00+02:00,CC NG 14,0.0
2030,sc01,05-31 15:00:00+02:00,CC NG 03,0.0
2030,sc01,05-31 15:00:00+02:00,CC NG 29,0.0
2030,sc01,05-31 15:00:00+02:00,CC NG 28,0.0
2030,sc01,05-31 15:00:00+02:00,CC NG 25,0.0
2030,sc01,05-31 15:00:00+02:00,CT NG 44,0.0
2030,sc01,05-31 15:00:00+02:00,CT NG 14,0.0
2030,sc01,05-31 15:00:00+02:00,CC NG 15,0.0
2030,sc01,05-31 15:00:00+02:00,CC NG 04,0.0
2030,sc01,05-31 15:00:00+02:00,Biomass 29,0.042249999999999996
2030,sc01,05-31 15:00:00+02:00,Wind 14,0.0
2030,sc01,05-31 15:00:00+02:00,Wind 08,0.6799476194999999
2030,sc01,05-31 15:00:00+02:00,Biomass 61,0.0
2030,sc01,05-31 15:00:00+02:00,CT NG 35,0.0
2030,sc01,05-31 15:00:00+02:00,Solar 33,0.0
2030,sc01,05-31 15:00:00+02:00,CT NG 41,0.0
2030,sc01,05-31 15:00:00+02:00,CT NG 15,0.0
2030,sc01,05-31 15:00:00+02:00,Solar 42,0.0
2030,sc01,05-31 15:00:00+02:00,Solar 07,0.0
2030,sc01,05-31 15:00:00+02:00,Solar 43,0.0
2030,sc01,05-31 15:00:00+02:00,Biomass 05,0.0
2030,sc01,05-31 15:00:00+02:00,CT NG 29,0.0
2030,sc01,05-31 15:00:00+02:00,Solar 71,0.0
2030,sc01,05-31 15:00:00+02:00,CT NG 53,0.0
2030,sc01,05-31 15:00:00+02:00,CT NG 20,0.0
2030,sc01,05-31 15:00:00+02:00,Biomass 14,0.0
2030,sc01,05-31 15:00:00+02:00,Solar 26,0.09977198980000002
2030,sc01,05-31 15:00:00+02:00,Hydro 29,0.0
2030,sc01,05-31 15:00:00+02:00,Hydro 31,0.0
2030,sc01,05-31 15:00:00+02:00,Biomass 24,0.0
2030,sc01,05-31 15:00:00+02:00,Biomass 54,0.0
2030,sc01,05-31 15:00:00+02:00,Solar 36,10.903008357500001
2030,sc01,05-31 15:00:00+02:00,Wind 03,0.8631250375
2030,sc01,05-31 15:00:00+02:00,Biomass 40,0.0
2030,sc01,05-31 15:00:00+02:00,Biomass 49,0.0
2030,sc01,05-31 15:00:00+02:00,CC NG 16,0.0
2030,sc01,05-31 15:00:00+02:00,Biomass 48,0.0
2030,sc01,05-31 15:00:00+02:00,Hydro 28,0.0
2030,sc01,05-31 15:00:00+02:00,Biomass 17,0.0
2030,sc01,05-31 15:00:00+02:00,CT NG 33,0.0
2030,sc01,05-31 15:00:00+02:00,Solar 45,0.0
2030,sc01,05-31 15:00:00+02:00,Hydro 24,0.0
2030,sc01,05-31 15:00:00+02:00,Wind 13,4.47064438
2030,sc01,05-31 15:00:00+02:00,Biomass 07,0.0
2030,sc01,05-31 15:00:00+02:00,Biomass 34,0.0
2030,sc01,05-31 15:00:00+02:00,Biomass 33,0.0
2030,sc01,05-31 15:00:00+02:00,CT NG 01,0.0
2030,sc01,05-31 15:00:00+02:00,ICE NG 03,0.0
2030,sc01,05-31 15:00:00+02:00,Solar 55,0.0
2030,sc01,05-31 15:00:00+02:00,Solar 11,0.11021236320000001
2030,sc01,05-31 15:00:00+02:00,CT NG 06,0.0
2030,sc01,05-31 15:00:00+02:00,CT NG 70,0.0
2030,sc01,05-31 15:00:00+02:00,Solar 23,0.0163192712
2030,sc01,05-31 15:00:00+02:00,CT NG 67,0.0
2030,sc01,05-31 15:00:00+02:00,Solar 12,0.0853160126
2030,sc01,05-31 15:00:00+02:00,CT Oil 01,0.0
2030,sc01,05-31 15:00:00+02:00,Hydro 26,0.0
2030,sc01,05-31 15:00:00+02:00,CC NG 22,0.0
2030,sc01,05-31 15:00:00+02:00,CC NG 35,0.0
2030,sc01,05-31 15:00:00+02:00,Biomass 50,0.0
2030,sc01,05-31 15:00:00+02:00,ICE NG 04,0.0
2030,sc01,05-31 15:00:00+02:00,CC NG 39,0.0
2030,sc01,05-31 15:00:00+02:00,Hydro 32,0.0
2030,sc01,05-31 15:00:00+02:00,ICE NG 07,0.0
2030,sc01,05-31 15:00:00+02:00,Biomass 46,0.0
2030,sc01,05-31 15:00:00+02:00,CC NG 38,0.0
2030,sc01,05-31 15:00:00+02:00,CC NG 12,0.0
2030,sc01,05-31 15:00:00+02:00,Solar 57,0.0
2030,sc01,05-31 15:00:00+02:00,CC NG 32,0.0
2030,sc01,05-31 15:00:00+02:00,CC NG 07,0.0
2030,sc01,05-31 15:00:00+02:00,Biomass 44,0.0
2030,sc01,05-31 15:00:00+02:00,CT NG 40,0.0
2030,sc01,05-31 15:00:00+02:00,Solar 74,0.0
2030,sc01,05-31 15:00:00+02:00,Hydro 30,0.0
2030,sc01,05-31 15:00:00+02:00,CT NG 42,0.0
2030,sc01,05-31 15:00:00+02:00,Hydro 22,1.7156017500000003
2030,sc01,05-31 15:00:00+02:00,Solar 17,0.167338797
2030,sc01,05-31 15:00:00+02:00,Solar 38,0.0
2030,sc01,05-31 15:00:00+02:00,CT NG 24,0.0
2030,sc01,05-31 15:00:00+02:00,CC NG 27,0.0
2030,sc01,05-31 15:00:00+02:00,Biomass 21,0.0
2030,sc01,05-31 15:00:00+02:00,ICE NG 06,0.0
2030,sc01,05-31 15:00:00+02:00,Biomass 25,0.0
2030,sc01,05-31 15:00:00+02:00,Solar 27,0.0152237144
2030,sc01,05-31 15:00:00+02:00,CT NG 19,0.0
2030,sc01,05-31 15:00:00+02:00,Biomass 42,0.0
2030,sc01,05-31 15:00:00+02:00,Biomass 19,0.0
2030,sc01,05-31 15:00:00+02:00,Biomass 06,0.0
2030,sc01,05-31 15:00:00+02:00,CT NG 10,0.0
2030,sc01,05-31 15:00:00+02:00,CC NG 40,0.0
2030,sc01,05-31 15:00:00+02:00,CC NG 21,0.0
2030,sc01,05-31 15:00:00+02:00,Biomass 02,0.0
2030,sc01,05-31 15:00:00+02:00,CT NG 46,0.0
2030,sc01,05-31 15:00:00+02:00,Hydro 34,0.0
2030,sc01,05-31 15:00:00+02:00,Biomass 10,0.0
2030,sc01,05-31 15:00:00+02:00,CT NG 17,0.0
2030,sc01,05-31 15:00:00+02:00,Biomass 62,0.0
2030,sc01,05-31 15:00:00+02:00,Biomass 32,0.0
2030,sc01,05-31 15:00:00+02:00,CC NG 19,0.0
2030,sc01,05-31 15:00:00+02:00,CC NG 17,0.0
2030,sc01,05-31 15:00:00+02:00,ST NG 01,0.0
2030,sc01,05-31 15:00:00+02:00,Biomass 45,0.0
2030,sc01,05-31 15:00:00+02:00,Biomass 28,0.042249999999999996
2030,sc01,05-31 15:00:00+02:00,CC NG 10,0.0
2030,sc01,05-31 15:00:00+02:00,Biomass 23,0.0
2030,sc01,05-31 15:00:00+02:00,ST NG 06,0.0
2030,sc01,05-31 15:00:00+02:00,Wind 10,0.638092923
2030,sc01,05-31 15:00:00+02:00,CT NG 69,0.0
2030,sc01,05-31 15:00:00+02:00,CT NG 68,0.0
2030,sc01,06-01 07:00:00+02:00,CC NG 13,0.0
2030,sc01,06-01 07:00:00+02:00,CT NG 37,0.0
2030,sc01,06-01 07:00:00+02:00,ST Coal 01,0.0
2030,sc01,06-01 07:00:00+02:00,CT NG 09,0.0
2030,sc01,06-01 07:00:00+02:00,CT NG 47,0.0
2030,sc01,06-01 07:00:00+02:00,Solar 69,15.721386779188794
2030,sc01,06-01 07:00:00+02:00,Solar 34,6.746769666
2030,sc01,06-01 07:00:00+02:00,Solar 73,0.0
2030,sc01,06-01 07:00:00+02:00,Biomass 37,0.0
2030,sc01,06-01 07:00:00+02:00,Hydro 20,0.0
2030,sc01,06-01 07:00:00+02:00,Solar 01,0.0
2030,sc01,06-01 07:00:00+02:00,Solar 62,0.0
2030,sc01,06-01 07:00:00+02:00,Solar 02,0.0
2030,sc01,06-01 07:00:00+02:00,CT NG 26,0.0
2030,sc01,06-01 07:00:00+02:00,Biomass 20,0.0
2030,sc01,06-01 07:00:00+02:00,Wind 16,0.0
2030,sc01,06-01 07:00:00+02:00,CT NG 66,0.0
2030,sc01,06-01 07:00:00+02:00,Solar 39,0.0
2030,sc01,06-01 07:00:00+02:00,Biomass 41,0.0
2030,sc01,06-01 07:00:00+02:00,Solar 72,0.0
2030,sc01,06-01 07:00:00+02:00,ST NG 03,0.0
2030,sc01,06-01 07:00:00+02:00,Hydro 21,1.85149476
2030,sc01,06-01 07:00:00+02:00,CT NG 03,0.0
2030,sc01,06-01 07:00:00+02:00,CC NG 09,0.0
2030,sc01,06-01 07:00:00+02:00,CT Oil 02,0.0
2030,sc01,06-01 07:00:00+02:00,CT NG 39,0.0
2030,sc01,06-01 07:00:00+02:00,CC NG 08,0.0
2030,sc01,06-01 07:00:00+02:00,Biomass 43,0.0
2030,sc01,06-01 07:00:00+02:00,CT NG 18,0.0
2030,sc01,06-01 07:00:00+02:00,ST NG 07,0.0
2030,sc01,06-01 07:00:00+02:00,Biomass 35,0.0
2030,sc01,06-01 07:00:00+02:00,Solar 32,0.0
2030,sc01,06-01 07:00:00+02:00,Biomass 15,0.0
2030,sc01,06-01 07:00:00+02:00,CC NG 31,0.0
2030,sc01,06-01 07:00:00+02:00,Solar 16,0.58032110178
2030,sc01,06-01 07:00:00+02:00,Solar 68,12.059917351200001
2030,sc01,06-01 07:00:00+02:00,CT NG 21,0.0
2030,sc01,06-01 07:00:00+02:00,Wind 11,0.36349731504000005
2030,sc01,06-01 07:00:00+02:00,CC NG 37,0.0
2030,sc01,06-01 07:00:00+02:00,CT NG 22,0.0
2030,sc01,06-01 07:00:00+02:00,Hydro 16,0.0
2030,sc01,06-01 07:00:00+02:00,Biomass 59,0.0
2030,sc01,06-01 07:00:00+02:00,CC NG 01,0.0
2030,sc01,06-01 07:00:00+02:00,Biomass 16,0.0
2030,sc01,06-01 07:00:00+02:00,Solar 03,0.0
2030,sc01,06-01 07:00:00+02:00,Solar 44,0.0
2030,sc01,06-01 07:00:00+02:00,CT NG 08,0.0
2030,sc01,06-01 07:00:00+02:00,Wind 05,0.024965674416
2030,sc01,06-01 07:00:00+02:00,Biomass 26,0.0
2030,sc01,06-01 07:00:00+02:00,Solar 37,0.0
2030,sc01,06-01 07:00:00+02:00,Biomass 11,0.0
2030,sc01,06-01 07:00:00+02:00,Solar 59,0.0
2030,sc01,06-01 07:00:00+02:00,CT NG 11,0.0
2030,sc01,06-01 07:00:00+02:00,Biomass 30,0.0
2030,sc01,06-01 07:00:00+02:00,Hydro 23,0.0
2030,sc01,06-01 07:00:00+02:00,CC NG 24,0.0
2030,sc01,06-01 07:00:00+02:00,Solar 65,7.469011457999999
2030,sc01,06-01 07:00:00+02:00,CC NG 18,0.0
2030,sc01,06-01 07:00:00+02:00,CT NG 16,0.0
2030,sc01,06-01 07:00:00+02:00,Solar 51,0.0
2030,sc01,06-01 07:00:00+02:00,Wind 06,0.68742772659
2030,sc01,06-01 07:00:00+02:00,CC NG 26,0.0
2030,sc01,06-01 07:00:00+02:00,CC NG 23,0.0
2030,sc01,06-01 07:00:00+02:00,CT NG 43,0.0
2030,sc01,06-01 07:00:00+02:00,CC NG 11,0.0
2030,sc01,06-01 07:00:00+02:00,CT NG 02,0.0
2030,sc01,06-01 07:00:00+02:00,CT NG 50,0.0
2030,sc01,06-01 07:00:00+02:00,Hydro 27,0.0
2030,sc01,06-01 07:00:00+02:00,CT NG 13,0.0
2030,sc01,06-01 07:00:00+02:00,CT NG 25,0.0
2030,sc01,06-01 07:00:00+02:00,CC NG 05,0.0
2030,sc01,06-01 07:00:00+02:00,Solar 04,0.0
2030,sc01,06-01 07:00:00+02:00,Solar 30,0.55961030655
2030,sc01,06-01 07:00:00+02:00,Solar 29,0.201648504888
2030,sc01,06-01 07:00:00+02:00,Solar 53,0.0
2030,sc01,06-01 07:00:00+02:00,Solar 21,1.33278503328
2030,sc01,06-01 07:00:00+02:00,Biomass 58,0.0
2030,sc01,06-01 07:00:00+02:00,CT NG 74,0.0
2030,sc01,06-01 07:00:00+02:00,Solar 61,0.0
2030,sc01,06-01 07:00:00+02:00,Wind 07,0.36838104966
2030,sc01,06-01 07:00:00+02:00,Biomass 31,0.0
2030,sc01,06-01 07:00:00+02:00,CT Oil 05,0.0
2030,sc01,06-01 07:00:00+02:00,Biomass 38,0.0
2030,sc01,06-01 07:00:00+02:00,Solar 41,0.0
2030,sc01,06-01 07:00:00+02:00,Biomass 51,0.0
2030,sc01,06-01 07:00:00+02:00,Biomass 55,0.0
2030,sc01,06-01 07:00:00+02:00,Wind 15,0.0
2030,sc01,06-01 07:00:00+02:00,Geo 01,0.0
2030,sc01,06-01 07:00:00+02:00,Biomass 60,0.0
2030,sc01,06-01 07:00:00+02:00,CT NG 38,0.0
2030,sc01,06-01 07:00:00+02:00,Solar 66,11.3232163248
2030,sc01,06-01 07:00:00+02:00,Solar 49,0.0
2030,sc01,06-01 07:00:00+02:00,CT NG 51,0.0
2030,sc01,06-01 07:00:00+02:00,Biomass 18,0.0
2030,sc01,06-01 07:00:00+02:00,ICE NG 01,0.0
2030,sc01,06-01 07:00:00+02:00,Solar 15,0.7622076817800001
2030,sc01,06-01 07:00:00+02:00,ICE NG 05,0.0
2030,sc01,06-01 07:00:00+02:00,CT Oil 04,0.0
2030,sc01,06-01 07:00:00+02:00,CC NG 20,0.0
2030,sc01,06-01 07:00:00+02:00,Solar 20,0.78267951081
2030,sc01,06-01 07:00:00+02:00,Biomass 04,0.0
2030,sc01,06-01 07:00:00+02:00,Wind 02,1.21281392718
2030,sc01,06-01 07:00:00+02:00,Hydro 25,0.7023510000000001
2030,sc01,06-01 07:00:00+02:00,Solar 75,3.9933316818
2030,sc01,06-01 07:00:00+02:00,Hydro 33,0.0
2030,sc01,06-01 07:00:00+02:00,ST NG 05,0.0
2030,sc01,06-01 07:00:00+02:00,CT NG 07,0.0
2030,sc01,06-01 07:00:00+02:00,Wind 01,0.26743663792800004
2030,sc01,06-01 07:00:00+02:00,Solar 56,0.0
2030,sc01,06-01 07:00:00+02:00,Biomass 09,0.0
2030,sc01,06-01 07:00:00+02:00,Biomass 53,0.0
2030,sc01,06-01 07:00:00+02:00,Wind 17,0.0
2030,sc01,06-01 07:00:00+02:00,ST NG 08,0.0
2030,sc01,06-01 07:00:00+02:00,Hydro 19,1.3700610000000002
2030,sc01,06-01 07:00:00+02:00,ST NG 02,0.0
2030,sc01,06-01 07:00:00+02:00,Biomass 01,0.0
2030,sc01,06-01 07:00:00+02:00,Biomass 57,0.0
2030,sc01,06-01 07:00:00+02:00,CT NG 49,0.0
2030,sc01,06-01 07:00:00+02:00,CT NG 31,0.0
2030,sc01,06-01 07:00:00+02:00,Solar 64,3.9212231220000007
2030,sc01,06-01 07:00:00+02:00,CC NG 33,0.0
2030,sc01,06-01 07:00:00+02:00,Solar 46,0.0
2030,sc01,06-01 07:00:00+02:00,Biomass 12,0.0
2030,sc01,06-01 07:00:00+02:00,Wind 04,0.28980192474
2030,sc01,06-01 07:00:00+02:00,Solar 13,0.01913417856
2030,sc01,06-01 07:00:00+02:00,CT NG 55,0.0
2030,sc01,06-01 07:00:00+02:00,Wind N03,98.74100473277564
2030,sc01,06-01 07:00:00+02:00,CT NG 28,0.0
2030,sc01,06-01 07:00:00+02:00,Wind 09,0.29413593207
2030,sc01,06-01 07:00:00+02:00,Solar 60,0.0
2030,sc01,06-01 07:00:00+02:00,Solar 25,0.140314289256
2030,sc01,06-01 07:00:00+02:00,CT NG 23,0.0
2030,sc01,06-01 07:00:00+02:00,ST Other 01,0.0
2030,sc01,06-01 07:00:00+02:00,Solar 70,0.0
2030,sc01,06-01 07:00:00+02:00,CC NG 34,0.0
2030,sc01,06-01 07:00:00+02:00,Solar 48,0.0
2030,sc01,06-01 07:00:00+02:00,Biomass 56,0.0
2030,sc01,06-01 07:00:00+02:00,CT NG 36,0.0
2030,sc01,06-01 07:00:00+02:00,Solar 47,0.0
2030,sc01,06-01 07:00:00+02:00,Hydro 17,0.0
2030,sc01,06-01 07:00:00+02:00,Solar 09,0.92997068166
2030,sc01,06-01 07:00:00+02:00,Solar 08,0.181668166416
2030,sc01,06-01 07:00:00+02:00,CT NG 45,0.0
2030,sc01,06-01 07:00:00+02:00,ST NG 04,0.0
2030,sc01,06-01 07:00:00+02:00,Solar 40,0.0
2030,sc01,06-01 07:00:00+02:00,Biomass 47,0.0
2030,sc01,06-01 07:00:00+02:00,Solar 50,0.0
2030,sc01,06-01 07:00:00+02:00,Solar 52,0.0
2030,sc01,06-01 07:00:00+02:00,Solar 63,8.3738941776
2030,sc01,06-01 07:00:00+02:00,CC NG 06,0.0
2030,sc01,06-01 07:00:00+02:00,Biomass 39,0.0
2030,sc01,06-01 07:00:00+02:00,Solar 67,5.5821292182
2030,sc01,06-01 07:00:00+02:00,Solar 19,0.007236632232000001
2030,sc01,06-01 07:00:00+02:00,Wind 12,4.565306799
2030,sc01,06-01 07:00:00+02:00,Solar 24,0.10465366600800001
2030,sc01,06-01 07:00:00+02:00,ICE NG 02,0.0
2030,sc01,06-01 07:00:00+02:00,Solar 05,0.00850950792
2030,sc01,06-01 07:00:00+02:00,CT NG 54,0.0
2030,sc01,06-01 07:00:00+02:00,Wind N01,43.311885003
2030,sc01,06-01 07:00:00+02:00,CT NG 27,0.0
2030,sc01,06-01 07:00:00+02:00,CC NG 36,0.0
2030,sc01,06-01 07:00:00+02:00,Wind N02,26.497923513322966
2030,sc01,06-01 07:00:00+02:00,CT NG 52,0.0
2030,sc01,06-01 07:00:00+02:00,Solar 35,0.0
2030,sc01,06-01 07:00:00+02:00,CT NG 05,0.0
2030,sc01,06-01 07:00:00+02:00,Biomass 36,0.0
2030,sc01,06-01 07:00:00+02:00,CT NG 34,0.0
2030,sc01,06-01 07:00:00+02:00,CT Oil 03,0.0
2030,sc01,06-01 07:00:00+02:00,Hydro 35,0.00432216
2030,sc01,06-01 07:00:00+02:00,Solar 14,0.84740331087
2030,sc01,06-01 07:00:00+02:00,CT NG 75,0.0
2030,sc01,06-01 07:00:00+02:00,ST NG 09,0.0
2030,sc01,06-01 07:00:00+02:00,CT NG 56,0.0
2030,sc01,06-01 07:00:00+02:00,Biomass 22,0.0
2030,sc01,06-01 07:00:00+02:00,Solar 18,0.89380969101
2030,sc01,06-01 07:00:00+02:00,Biomass 13,0.0
2030,sc01,06-01 07:00:00+02:00,CT NG 71,0.0
2030,sc01,06-01 07:00:00+02:00,Solar 58,0.0
2030,sc01,06-01 07:00:00+02:00,Solar 06,0.37695097629
2030,sc01,06-01 07:00:00+02:00,Biomass 08,0.0
2030,sc01,06-01 07:00:00+02:00,CT NG 72,0.0
2030,sc01,06-01 07:00:00+02:00,Hydro 18,0.0
2030,sc01,06-01 07:00:00+02:00,Solar 10,0.75390586515
2030,sc01,06-01 07:00:00+02:00,CT NG 04,0.0
2030,sc01,06-01 07:00:00+02:00,ST Other 02,0.0
2030,sc01,06-01 07:00:00+02:00,CT NG 12,0.0
2030,sc01,06-01 07:00:00+02:00,CT NG 48,0.0
2030,sc01,06-01 07:00:00+02:00,ST NG 10,0.0
2030,sc01,06-01 07:00:00+02:00,Solar 22,0.209736223128
2030,sc01,06-01 07:00:00+02:00,Solar 28,0.18768949624800002
2030,sc01,06-01 07:00:00+02:00,CT NG 73,0.0
2030,sc01,06-01 07:00:00+02:00,Biomass 52,0.0
2030,sc01,06-01 07:00:00+02:00,CT NG 30,0.0
2030,sc01,06-01 07:00:00+02:00,Solar 54,0.0
2030,sc01,06-01 07:00:00+02:00,Solar 31,0.0
2030,sc01,06-01 07:00:00+02:00,Biomass 03,0.0
2030,sc01,06-01 07:00:00+02:00,CT NG 32,0.0
2030,sc01,06-01 07:00:00+02:00,Biomass 27,0.0
2030,sc01,06-01 07:00:00+02:00,CC NG 14,0.0
2030,sc01,06-01 07:00:00+02:00,CC NG 03,0.0
2030,sc01,06-01 07:00:00+02:00,CC NG 29,0.0
2030,sc01,06-01 07:00:00+02:00,CC NG 28,0.0
2030,sc01,06-01 07:00:00+02:00,CC NG 25,0.0
2030,sc01,06-01 07:00:00+02:00,CT NG 44,0.0
2030,sc01,06-01 07:00:00+02:00,CT NG 14,0.0
2030,sc01,06-01 07:00:00+02:00,CC NG 15,0.0
2030,sc01,06-01 07:00:00+02:00,CC NG 04,0.0
2030,sc01,06-01 07:00:00+02:00,Biomass 29,0.0
2030,sc01,06-01 07:00:00+02:00,Wind 14,0.0
2030,sc01,06-01 07:00:00+02:00,Wind 08,0.32674300748999996
2030,sc01,06-01 07:00:00+02:00,Biomass 61,0.0
2030,sc01,06-01 07:00:00+02:00,CT NG 35,0.0
2030,sc01,06-01 07:00:00+02:00,Solar 33,0.0
2030,sc01,06-01 07:00:00+02:00,CT NG 41,0.0
2030,sc01,06-01 07:00:00+02:00,CT NG 15,0.0
2030,sc01,06-01 07:00:00+02:00,Solar 42,0.0
2030,sc01,06-01 07:00:00+02:00,Solar 07,0.015412423608000003
2030,sc01,06-01 07:00:00+02:00,Solar 43,0.0
2030,sc01,06-01 07:00:00+02:00,Biomass 05,0.0
2030,sc01,06-01 07:00:00+02:00,CT NG 29,0.0
2030,sc01,06-01 07:00:00+02:00,Solar 71,0.0
2030,sc01,06-01 07:00:00+02:00,CT NG 53,0.0
2030,sc01,06-01 07:00:00+02:00,CT NG 20,0.0
2030,sc01,06-01 07:00:00+02:00,Biomass 14,0.0
2030,sc01,06-01 07:00:00+02:00,Solar 26,0.129940828992
2030,sc01,06-01 07:00:00+02:00,Hydro 29,0.0
2030,sc01,06-01 07:00:00+02:00,Hydro 31,0.007203599999999999
2030,sc01,06-01 07:00:00+02:00,Biomass 24,0.0
2030,sc01,06-01 07:00:00+02:00,Biomass 54,0.0
2030,sc01,06-01 07:00:00+02:00,Solar 36,8.767088003700001
2030,sc01,06-01 07:00:00+02:00,Wind 03,0.6222189835799999
2030,sc01,06-01 07:00:00+02:00,Biomass 40,0.0
2030,sc01,06-01 07:00:00+02:00,Biomass 49,0.0
2030,sc01,06-01 07:00:00+02:00,CC NG 16,0.0
2030,sc01,06-01 07:00:00+02:00,Biomass 48,0.0
2030,sc01,06-01 07:00:00+02:00,Hydro 28,0.0
2030,sc01,06-01 07:00:00+02:00,Biomass 17,0.0
2030,sc01,06-01 07:00:00+02:00,CT NG 33,0.0
2030,sc01,06-01 07:00:00+02:00,Solar 45,0.0
2030,sc01,06-01 07:00:00+02:00,Hydro 24,0.0
2030,sc01,06-01 07:00:00+02:00,Wind 13,1.9941264279900002
2030,sc01,06-01 07:00:00+02:00,Biomass 07,0.0
2030,sc01,06-01 07:00:00+02:00,Biomass 34,0.0
2030,sc01,06-01 07:00:00+02:00,Biomass 33,0.0
2030,sc01,06-01 07:00:00+02:00,CT NG 01,0.0
2030,sc01,06-01 07:00:00+02:00,ICE NG 03,0.0
2030,sc01,06-01 07:00:00+02:00,Solar 55,0.0
2030,sc01,06-01 07:00:00+02:00,Solar 11,0.143538140016
2030,sc01,06-01 07:00:00+02:00,CT NG 06,0.0
2030,sc01,06-01 07:00:00+02:00,CT NG 70,0.0
2030,sc01,06-01 07:00:00+02:00,Solar 23,0.021253857408
2030,sc01,06-01 07:00:00+02:00,CT NG 67,0.0
2030,sc01,06-01 07:00:00+02:00,Solar 12,0.11111368471199999
2030,sc01,06-01 07:00:00+02:00,CT Oil 01,0.0
2030,sc01,06-01 07:00:00+02:00,Hydro 26,0.7023510000000001
2030,sc01,06-01 07:00:00+02:00,CC NG 22,0.0
2030,sc01,06-01 07:00:00+02:00,CC NG 35,0.0
2030,sc01,06-01 07:00:00+02:00,Biomass 50,0.0
2030,sc01,06-01 07:00:00+02:00,ICE NG 04,0.0
2030,sc01,06-01 07:00:00+02:00,CC NG 39,0.0
2030,sc01,06-01 07:00:00+02:00,Hydro 32,0.00864432
2030,sc01,06-01 07:00:00+02:00,ICE NG 07,0.0
2030,sc01,06-01 07:00:00+02:00,Biomass 46,0.0
2030,sc01,06-01 07:00:00+02:00,CC NG 38,0.0
2030,sc01,06-01 07:00:00+02:00,CC NG 12,0.0
2030,sc01,06-01 07:00:00+02:00,Solar 57,0.0
2030,sc01,06-01 07:00:00+02:00,CC NG 32,0.0
2030,sc01,06-01 07:00:00+02:00,CC NG 07,0.0
2030,sc01,06-01 07:00:00+02:00,Biomass 44,0.0
2030,sc01,06-01 07:00:00+02:00,CT NG 40,0.0
2030,sc01,06-01 07:00:00+02:00,Solar 74,2.01992447871
2030,sc01,06-01 07:00:00+02:00,Hydro 30,0.0
2030,sc01,06-01 07:00:00+02:00,CT NG 42,0.0
2030,sc01,06-01 07:00:00+02:00,Hydro 22,1.85149476
2030,sc01,06-01 07:00:00+02:00,Solar 17,0.21793834187999997
2030,sc01,06-01 07:00:00+02:00,Solar 38,0.0
2030,sc01,06-01 07:00:00+02:00,CT NG 24,0.0
2030,sc01,06-01 07:00:00+02:00,CC NG 27,0.0
2030,sc01,06-01 07:00:00+02:00,Biomass 21,0.0
2030,sc01,06-01 07:00:00+02:00,ICE NG 06,0.0
2030,sc01,06-01 07:00:00+02:00,Biomass 25,0.0
2030,sc01,06-01 07:00:00+02:00,Solar 27,0.067359923568
2030,sc01,06-01 07:00:00+02:00,CT NG 19,0.0
2030,sc01,06-01 07:00:00+02:00,Biomass 42,0.0
2030,sc01,06-01 07:00:00+02:00,Biomass 19,0.0
2030,sc01,06-01 07:00:00+02:00,Biomass 06,0.0
2030,sc01,06-01 07:00:00+02:00,CT NG 10,0.0
2030,sc01,06-01 07:00:00+02:00,CC NG 40,0.0
2030,sc01,06-01 07:00:00+02:00,CC NG 21,0.0
2030,sc01,06-01 07:00:00+02:00,Biomass 02,0.0
2030,sc01,06-01 07:00:00+02:00,CT NG 46,0.0
2030,sc01,06-01 07:00:00+02:00,Hydro 34,0.0
2030,sc01,06-01 07:00:00+02:00,Biomass 10,0.0
2030,sc01,06-01 07:00:00+02:00,CT NG 17,0.0
2030,sc01,06-01 07:00:00+02:00,Biomass 62,0.0
2030,sc01,06-01 07:00:00+02:00,Biomass 32,0.0
2030,sc01,06-01 07:00:00+02:00,CC NG 19,0.0
2030,sc01,06-01 07:00:00+02:00,CC NG 17,0.0
2030,sc01,06-01 07:00:00+02:00,ST NG 01,0.0
2030,sc01,06-01 07:00:00+02:00,Biomass 45,0.0
2030,sc01,06-01 07:00:00+02:00,Biomass 28,0.0
2030,sc01,06-01 07:00:00+02:00,CC NG 10,0.0
2030,sc01,06-01 07:00:00+02:00,Biomass 23,0.0
2030,sc01,06-01 07:00:00+02:00,ST NG 06,0.0
2030,sc01,06-01 07:00:00+02:00,Wind 10,0.31442438034000003
2030,sc01,06-01 07:00:00+02:00,CT NG 69,0.0
2030,sc01,06-01 07:00:00+02:00,CT NG 68,0.0
2030,sc01,06-02 18:00:00+02:00,CC NG 13,0.0
2030,sc01,06-02 18:00:00+02:00,CT NG 37,0.0
2030,sc01,06-02 18:00:00+02:00,ST Coal 01,0.0
2030,sc01,06-02 18:00:00+02:00,CT NG 09,0.0
2030,sc01,06-02 18:00:00+02:00,CT NG 47,0.0
2030,sc01,06-02 18:00:00+02:00,Solar 69,0.0
2030,sc01,06-02 18:00:00+02:00,Solar 34,0.0
2030,sc01,06-02 18:00:00+02:00,Solar 73,0.0
2030,sc01,06-02 18:00:00+02:00,Biomass 37,0.0
2030,sc01,06-02 18:00:00+02:00,Hydro 20,0.0
2030,sc01,06-02 18:00:00+02:00,Solar 01,1.25205101112
2030,sc01,06-02 18:00:00+02:00,Solar 62,0.0
2030,sc01,06-02 18:00:00+02:00,Solar 02,0.30526509442000005
2030,sc01,06-02 18:00:00+02:00,CT NG 26,0.0
2030,sc01,06-02 18:00:00+02:00,Biomass 20,0.00988
2030,sc01,06-02 18:00:00+02:00,Wind 16,19.35067819531855
2030,sc01,06-02 18:00:00+02:00,CT NG 66,0.0
2030,sc01,06-02 18:00:00+02:00,Solar 39,0.009199000304
2030,sc01,06-02 18:00:00+02:00,Biomass 41,0.0
2030,sc01,06-02 18:00:00+02:00,Solar 72,0.0
2030,sc01,06-02 18:00:00+02:00,ST NG 03,0.0
2030,sc01,06-02 18:00:00+02:00,Hydro 21,0.0
2030,sc01,06-02 18:00:00+02:00,CT NG 03,0.0
2030,sc01,06-02 18:00:00+02:00,CC NG 09,0.0
2030,sc01,06-02 18:00:00+02:00,CT Oil 02,0.0
2030,sc01,06-02 18:00:00+02:00,CT NG 39,0.0
2030,sc01,06-02 18:00:00+02:00,CC NG 08,0.0
2030,sc01,06-02 18:00:00+02:00,Biomass 43,0.0
2030,sc01,06-02 18:00:00+02:00,CT NG 18,0.09825659999999999
2030,sc01,06-02 18:00:00+02:00,ST NG 07,0.0
2030,sc01,06-02 18:00:00+02:00,Biomass 35,0.0
2030,sc01,06-02 18:00:00+02:00,Solar 32,0.0
2030,sc01,06-02 18:00:00+02:00,Biomass 15,0.0054600000000000004
2030,sc01,06-02 18:00:00+02:00,CC NG 31,0.0
2030,sc01,06-02 18:00:00+02:00,Solar 16,0.08706506140800001
2030,sc01,06-02 18:00:00+02:00,Solar 68,0.0
2030,sc01,06-02 18:00:00+02:00,CT NG 21,0.0
2030,sc01,06-02 18:00:00+02:00,Wind 11,1.29803572236
2030,sc01,06-02 18:00:00+02:00,CC NG 37,0.0
2030,sc01,06-02 18:00:00+02:00,CT NG 22,0.0
2030,sc01,06-02 18:00:00+02:00,Hydro 16,0.014308320000000003
2030,sc01,06-02 18:00:00+02:00,Biomass 59,0.10764000000000001
2030,sc01,06-02 18:00:00+02:00,CC NG 01,0.0
2030,sc01,06-02 18:00:00+02:00,Biomass 16,0.0054600000000000004
2030,sc01,06-02 18:00:00+02:00,Solar 03,0.0
2030,sc01,06-02 18:00:00+02:00,Solar 44,0.007818407376
2030,sc01,06-02 18:00:00+02:00,CT NG 08,0.0
2030,sc01,06-02 18:00:00+02:00,Wind 05,0.105445905968
2030,sc01,06-02 18:00:00+02:00,Biomass 26,0.04446
2030,sc01,06-02 18:00:00+02:00,Solar 37,0.150040361744
2030,sc01,06-02 18:00:00+02:00,Biomass 11,0.00962
2030,sc01,06-02 18:00:00+02:00,Solar 59,0.0
2030,sc01,06-02 18:00:00+02:00,CT NG 11,0.0
2030,sc01,06-02 18:00:00+02:00,Biomass 30,0.04446
2030,sc01,06-02 18:00:00+02:00,Hydro 23,0.0
2030,sc01,06-02 18:00:00+02:00,CC NG 24,0.0
2030,sc01,06-02 18:00:00+02:00,Solar 65,0.4768239359
2030,sc01,06-02 18:00:00+02:00,CC NG 18,0.0
2030,sc01,06-02 18:00:00+02:00,CT NG 16,0.0
2030,sc01,06-02 18:00:00+02:00,Solar 51,0.08489841152000001
2030,sc01,06-02 18:00:00+02:00,Wind 06,1.4441138314200002
2030,sc01,06-02 18:00:00+02:00,CC NG 26,0.0
2030,sc01,06-02 18:00:00+02:00,CC NG 23,0.0
2030,sc01,06-02 18:00:00+02:00,CT NG 43,0.0
2030,sc01,06-02 18:00:00+02:00,CC NG 11,0.0
2030,sc01,06-02 18:00:00+02:00,CT NG 02,0.0
2030,sc01,06-02 18:00:00+02:00,CT NG 50,0.0
2030,sc01,06-02 18:00:00+02:00,Hydro 27,0.0
2030,sc01,06-02 18:00:00+02:00,CT NG 13,0.0
2030,sc01,06-02 18:00:00+02:00,CT NG 25,0.0
2030,sc01,06-02 18:00:00+02:00,CC NG 05,0.0
2030,sc01,06-02 18:00:00+02:00,Solar 04,0.06190281843199999
2030,sc01,06-02 18:00:00+02:00,Solar 30,0.083957839056
2030,sc01,06-02 18:00:00+02:00,Solar 29,0.106145192816
2030,sc01,06-02 18:00:00+02:00,Solar 53,0.08730746065600001
2030,sc01,06-02 18:00:00+02:00,Solar 21,0.234882785696
2030,sc01,06-02 18:00:00+02:00,Biomass 58,0.053040000000000004
2030,sc01,06-02 18:00:00+02:00,CT NG 74,0.0
2030,sc01,06-02 18:00:00+02:00,Solar 61,0.0
2030,sc01,06-02 18:00:00+02:00,Wind 07,1.27455511794
2030,sc01,06-02 18:00:00+02:00,Biomass 31,0.04446
2030,sc01,06-02 18:00:00+02:00,CT Oil 05,0.0
2030,sc01,06-02 18:00:00+02:00,Biomass 38,0.0
2030,sc01,06-02 18:00:00+02:00,Solar 41,0.009199000304
2030,sc01,06-02 18:00:00+02:00,Biomass 51,0.0
2030,sc01,06-02 18:00:00+02:00,Biomass 55,0.06864
2030,sc01,06-02 18:00:00+02:00,Wind 15,0.0
2030,sc01,06-02 18:00:00+02:00,Geo 01,0.0
2030,sc01,06-02 18:00:00+02:00,Biomass 60,0.0702
2030,sc01,06-02 18:00:00+02:00,CT NG 38,0.0
2030,sc01,06-02 18:00:00+02:00,Solar 66,1.1296099906000001
2030,sc01,06-02 18:00:00+02:00,Solar 49,0.004814382768
2030,sc01,06-02 18:00:00+02:00,CT NG 51,0.0
2030,sc01,06-02 18:00:00+02:00,Biomass 18,0.0054600000000000004
2030,sc01,06-02 18:00:00+02:00,ICE NG 01,0.0
2030,sc01,06-02 18:00:00+02:00,Solar 15,0.134327336416
2030,sc01,06-02 18:00:00+02:00,ICE NG 05,0.0
2030,sc01,06-02 18:00:00+02:00,CT Oil 04,0.0
2030,sc01,06-02 18:00:00+02:00,CC NG 20,0.0
2030,sc01,06-02 18:00:00+02:00,Solar 20,0.12410549070400001
2030,sc01,06-02 18:00:00+02:00,Biomass 04,0.0
2030,sc01,06-02 18:00:00+02:00,Wind 02,3.0030140842
2030,sc01,06-02 18:00:00+02:00,Hydro 25,0.0
2030,sc01,06-02 18:00:00+02:00,Solar 75,0.0
2030,sc01,06-02 18:00:00+02:00,Hydro 33,0.0
2030,sc01,06-02 18:00:00+02:00,ST NG 05,0.0
2030,sc01,06-02 18:00:00+02:00,CT NG 07,0.0
2030,sc01,06-02 18:00:00+02:00,Wind 01,0.8275431834800001
2030,sc01,06-02 18:00:00+02:00,Solar 56,0.10439629366400001
2030,sc01,06-02 18:00:00+02:00,Biomass 09,0.022359999999999998
2030,sc01,06-02 18:00:00+02:00,Biomass 53,0.06864
2030,sc01,06-02 18:00:00+02:00,Wind 17,0.0
2030,sc01,06-02 18:00:00+02:00,ST NG 08,0.0
2030,sc01,06-02 18:00:00+02:00,Hydro 19,0.0
2030,sc01,06-02 18:00:00+02:00,ST NG 02,0.0
2030,sc01,06-02 18:00:00+02:00,Biomass 01,0.028860000000000004
2030,sc01,06-02 18:00:00+02:00,Biomass 57,0.053040000000000004
2030,sc01,06-02 18:00:00+02:00,CT NG 49,0.0
2030,sc01,06-02 18:00:00+02:00,CT NG 31,0.0
2030,sc01,06-02 18:00:00+02:00,Solar 64,0.250332062448
2030,sc01,06-02 18:00:00+02:00,CC NG 33,0.0
2030,sc01,06-02 18:00:00+02:00,Solar 46,0.007818407376
2030,sc01,06-02 18:00:00+02:00,Biomass 12,0.00962
2030,sc01,06-02 18:00:00+02:00,Wind 04,0.021857032704
2030,sc01,06-02 18:00:00+02:00,Solar 13,0.0
2030,sc01,06-02 18:00:00+02:00,CT NG 55,0.0
2030,sc01,06-02 18:00:00+02:00,Wind N03,107.8087560123746
2030,sc01,06-02 18:00:00+02:00,CT NG 28,0.0
2030,sc01,06-02 18:00:00+02:00,Wind 09,1.6843423485200002
2030,sc01,06-02 18:00:00+02:00,Solar 60,0.0
2030,sc01,06-02 18:00:00+02:00,Solar 25,0.024728227264000004
2030,sc01,06-02 18:00:00+02:00,CT NG 23,0.0
2030,sc01,06-02 18:00:00+02:00,ST Other 01,0.0
2030,sc01,06-02 18:00:00+02:00,Solar 70,0.7972210844000001
2030,sc01,06-02 18:00:00+02:00,CC NG 34,0.0
2030,sc01,06-02 18:00:00+02:00,Solar 48,0.007818407376
2030,sc01,06-02 18:00:00+02:00,Biomass 56,0.06812000000000001
2030,sc01,06-02 18:00:00+02:00,CT NG 36,0.0
2030,sc01,06-02 18:00:00+02:00,Solar 47,0.007818407376
2030,sc01,06-02 18:00:00+02:00,Hydro 17,0.02414529
2030,sc01,06-02 18:00:00+02:00,Solar 09,0.163892975168
2030,sc01,06-02 18:00:00+02:00,Solar 08,0.03201620968
2030,sc01,06-02 18:00:00+02:00,CT NG 45,0.0
2030,sc01,06-02 18:00:00+02:00,ST NG 04,0.8728881045560457
2030,sc01,06-02 18:00:00+02:00,Solar 40,0.009199000304
2030,sc01,06-02 18:00:00+02:00,Biomass 47,0.0
2030,sc01,06-02 18:00:00+02:00,Solar 50,0.024253031087999997
2030,sc01,06-02 18:00:00+02:00,Solar 52,0.05500990580799999
2030,sc01,06-02 18:00:00+02:00,Solar 63,0.5345919207200001
2030,sc01,06-02 18:00:00+02:00,CC NG 06,0.0
2030,sc01,06-02 18:00:00+02:00,Biomass 39,0.0
2030,sc01,06-02 18:00:00+02:00,Solar 67,0.35636480672000004
2030,sc01,06-02 18:00:00+02:00,Solar 19,0.0
2030,sc01,06-02 18:00:00+02:00,Wind 12,6.7826916456
2030,sc01,06-02 18:00:00+02:00,Solar 24,0.01844359296
2030,sc01,06-02 18:00:00+02:00,ICE NG 02,0.0
2030,sc01,06-02 18:00:00+02:00,Solar 05,0.0
2030,sc01,06-02 18:00:00+02:00,CT NG 54,0.0
2030,sc01,06-02 18:00:00+02:00,Wind N01,64.348613056
2030,sc01,06-02 18:00:00+02:00,CT NG 27,0.0
2030,sc01,06-02 18:00:00+02:00,CC NG 36,0.0
2030,sc01,06-02 18:00:00+02:00,Wind N02,50.44351917665072
2030,sc01,06-02 18:00:00+02:00,CT NG 52,0.0
2030,sc01,06-02 18:00:00+02:00,Solar 35,0.0
2030,sc01,06-02 18:00:00+02:00,CT NG 05,0.0
2030,sc01,06-02 18:00:00+02:00,Biomass 36,0.0
2030,sc01,06-02 18:00:00+02:00,CT NG 34,0.0
2030,sc01,06-02 18:00:00+02:00,CT Oil 03,0.0
2030,sc01,06-02 18:00:00+02:00,Hydro 35,0.004292496
2030,sc01,06-02 18:00:00+02:00,Solar 14,0.14934175068799999
2030,sc01,06-02 18:00:00+02:00,CT NG 75,0.0
2030,sc01,06-02 18:00:00+02:00,ST NG 09,0.0
2030,sc01,06-02 18:00:00+02:00,CT NG 56,0.0
2030,sc01,06-02 18:00:00+02:00,Biomass 22,0.00988
2030,sc01,06-02 18:00:00+02:00,Solar 18,0.157520158848
2030,sc01,06-02 18:00:00+02:00,Biomass 13,0.00962
2030,sc01,06-02 18:00:00+02:00,CT NG 71,0.0
2030,sc01,06-02 18:00:00+02:00,Solar 58,0.04142618896
2030,sc01,06-02 18:00:00+02:00,Solar 06,0.083522658336
2030,sc01,06-02 18:00:00+02:00,Biomass 08,0.022359999999999998
2030,sc01,06-02 18:00:00+02:00,CT NG 72,0.0
2030,sc01,06-02 18:00:00+02:00,Hydro 18,0.08316711
2030,sc01,06-02 18:00:00+02:00,Solar 10,0.11954300071999999
2030,sc01,06-02 18:00:00+02:00,CT NG 04,0.0
2030,sc01,06-02 18:00:00+02:00,ST Other 02,0.0
2030,sc01,06-02 18:00:00+02:00,CT NG 12,0.0
2030,sc01,06-02 18:00:00+02:00,CT NG 48,0.0
2030,sc01,06-02 18:00:00+02:00,ST NG 10,0.0
2030,sc01,06-02 18:00:00+02:00,Solar 22,0.11040246422399999
2030,sc01,06-02 18:00:00+02:00,Solar 28,0.098797349248
2030,sc01,06-02 18:00:00+02:00,CT NG 73,0.0
2030,sc01,06-02 18:00:00+02:00,Biomass 52,0.0
2030,sc01,06-02 18:00:00+02:00,CT NG 30,0.0
2030,sc01,06-02 18:00:00+02:00,Solar 54,0.047554754832
2030,sc01,06-02 18:00:00+02:00,Solar 31,0.0
2030,sc01,06-02 18:00:00+02:00,Biomass 03,0.0
2030,sc01,06-02 18:00:00+02:00,CT NG 32,0.0
2030,sc01,06-02 18:00:00+02:00,Biomass 27,0.04446
2030,sc01,06-02 18:00:00+02:00,CC NG 14,0.0
2030,sc01,06-02 18:00:00+02:00,CC NG 03,0.0
2030,sc01,06-02 18:00:00+02:00,CC NG 29,0.0
2030,sc01,06-02 18:00:00+02:00,CC NG 28,0.0
2030,sc01,06-02 18:00:00+02:00,CC NG 25,0.0
2030,sc01,06-02 18:00:00+02:00,CT NG 44,0.0
2030,sc01,06-02 18:00:00+02:00,CT NG 14,0.0
2030,sc01,06-02 18:00:00+02:00,CC NG 15,0.0
2030,sc01,06-02 18:00:00+02:00,CC NG 04,0.0
2030,sc01,06-02 18:00:00+02:00,Biomass 29,0.04446
2030,sc01,06-02 18:00:00+02:00,Wind 14,18.06699924311776
2030,sc01,06-02 18:00:00+02:00,Wind 08,1.5768733024200001
2030,sc01,06-02 18:00:00+02:00,Biomass 61,0.0
2030,sc01,06-02 18:00:00+02:00,CT NG 35,0.0
2030,sc01,06-02 18:00:00+02:00,Solar 33,0.0
2030,sc01,06-02 18:00:00+02:00,CT NG 41,0.0
2030,sc01,06-02 18:00:00+02:00,CT NG 15,0.0
2030,sc01,06-02 18:00:00+02:00,Solar 42,0.007818407376
2030,sc01,06-02 18:00:00+02:00,Solar 07,0.0
2030,sc01,06-02 18:00:00+02:00,Solar 43,0.007818407376
2030,sc01,06-02 18:00:00+02:00,Biomass 05,0.01248
2030,sc01,06-02 18:00:00+02:00,CT NG 29,0.0
2030,sc01,06-02 18:00:00+02:00,Solar 71,0.0
2030,sc01,06-02 18:00:00+02:00,CT NG 53,0.0
2030,sc01,06-02 18:00:00+02:00,CT NG 20,0.0
2030,sc01,06-02 18:00:00+02:00,Biomass 14,0.02132
2030,sc01,06-02 18:00:00+02:00,Solar 26,0.022900064928
2030,sc01,06-02 18:00:00+02:00,Hydro 29,0.0
2030,sc01,06-02 18:00:00+02:00,Hydro 31,0.007154160000000001
2030,sc01,06-02 18:00:00+02:00,Biomass 24,0.01196
2030,sc01,06-02 18:00:00+02:00,Biomass 54,0.06864
2030,sc01,06-02 18:00:00+02:00,Solar 36,0.0
2030,sc01,06-02 18:00:00+02:00,Wind 03,0.041375555728
2030,sc01,06-02 18:00:00+02:00,Biomass 40,0.0
2030,sc01,06-02 18:00:00+02:00,Biomass 49,0.0
2030,sc01,06-02 18:00:00+02:00,CC NG 16,11.093611680410357
2030,sc01,06-02 18:00:00+02:00,Biomass 48,0.0
2030,sc01,06-02 18:00:00+02:00,Hydro 28,0.0
2030,sc01,06-02 18:00:00+02:00,Biomass 17,0.0054600000000000004
2030,sc01,06-02 18:00:00+02:00,CT NG 33,0.0
2030,sc01,06-02 18:00:00+02:00,Solar 45,0.007818407376
2030,sc01,06-02 18:00:00+02:00,Hydro 24,0.0
2030,sc01,06-02 18:00:00+02:00,Wind 13,3.7266792576
2030,sc01,06-02 18:00:00+02:00,Biomass 07,0.052000000000000005
2030,sc01,06-02 18:00:00+02:00,Biomass 34,0.0
2030,sc01,06-02 18:00:00+02:00,Biomass 33,0.0
2030,sc01,06-02 18:00:00+02:00,CT NG 01,0.0
2030,sc01,06-02 18:00:00+02:00,ICE NG 03,0.0
2030,sc01,06-02 18:00:00+02:00,Solar 55,0.104115087024
2030,sc01,06-02 18:00:00+02:00,Solar 11,0.025296381136
2030,sc01,06-02 18:00:00+02:00,CT NG 06,0.0
2030,sc01,06-02 18:00:00+02:00,CT NG 70,0.0
2030,sc01,06-02 18:00:00+02:00,Solar 23,0.0
2030,sc01,06-02 18:00:00+02:00,CT NG 67,0.0
2030,sc01,06-02 18:00:00+02:00,Solar 12,0.019582071391999998
2030,sc01,06-02 18:00:00+02:00,CT Oil 01,0.0
2030,sc01,06-02 18:00:00+02:00,Hydro 26,0.0
2030,sc01,06-02 18:00:00+02:00,CC NG 22,0.0
2030,sc01,06-02 18:00:00+02:00,CC NG 35,0.0
2030,sc01,06-02 18:00:00+02:00,Biomass 50,0.0
2030,sc01,06-02 18:00:00+02:00,ICE NG 04,0.0
2030,sc01,06-02 18:00:00+02:00,CC NG 39,0.0
2030,sc01,06-02 18:00:00+02:00,Hydro 32,0.008584992
2030,sc01,06-02 18:00:00+02:00,ICE NG 07,0.0
2030,sc01,06-02 18:00:00+02:00,Biomass 46,0.0
2030,sc01,06-02 18:00:00+02:00,CC NG 38,0.0
2030,sc01,06-02 18:00:00+02:00,CC NG 12,0.0
2030,sc01,06-02 18:00:00+02:00,Solar 57,0.035377967872
2030,sc01,06-02 18:00:00+02:00,CC NG 32,0.0
2030,sc01,06-02 18:00:00+02:00,CC NG 07,0.0
2030,sc01,06-02 18:00:00+02:00,Biomass 44,0.0
2030,sc01,06-02 18:00:00+02:00,CT NG 40,0.0
2030,sc01,06-02 18:00:00+02:00,Solar 74,0.46286577401999995
2030,sc01,06-02 18:00:00+02:00,Hydro 30,0.0
2030,sc01,06-02 18:00:00+02:00,CT NG 42,0.0
2030,sc01,06-02 18:00:00+02:00,Hydro 22,0.0
2030,sc01,06-02 18:00:00+02:00,Solar 17,0.038408268079999995
2030,sc01,06-02 18:00:00+02:00,Solar 38,0.13660950908800001
2030,sc01,06-02 18:00:00+02:00,CT NG 24,0.0
2030,sc01,06-02 18:00:00+02:00,CC NG 27,0.0
2030,sc01,06-02 18:00:00+02:00,Biomass 21,0.00988
2030,sc01,06-02 18:00:00+02:00,ICE NG 06,0.0
2030,sc01,06-02 18:00:00+02:00,Biomass 25,0.01196
2030,sc01,06-02 18:00:00+02:00,Solar 27,0.014925229696000002
2030,sc01,06-02 18:00:00+02:00,CT NG 19,0.0
2030,sc01,06-02 18:00:00+02:00,Biomass 42,0.0
2030,sc01,06-02 18:00:00+02:00,Biomass 19,0.00988
2030,sc01,06-02 18:00:00+02:00,Biomass 06,0.01248
2030,sc01,06-02 18:00:00+02:00,CT NG 10,0.0
2030,sc01,06-02 18:00:00+02:00,CC NG 40,0.0
2030,sc01,06-02 18:00:00+02:00,CC NG 21,0.0
2030,sc01,06-02 18:00:00+02:00,Biomass 02,0.028860000000000004
2030,sc01,06-02 18:00:00+02:00,CT NG 46,0.0
2030,sc01,06-02 18:00:00+02:00,Hydro 34,0.0
2030,sc01,06-02 18:00:00+02:00,Biomass 10,0.022359999999999998
2030,sc01,06-02 18:00:00+02:00,CT NG 17,0.0
2030,sc01,06-02 18:00:00+02:00,Biomass 62,0.05096
2030,sc01,06-02 18:00:00+02:00,Biomass 32,0.032760000000000004
2030,sc01,06-02 18:00:00+02:00,CC NG 19,3.51988
2030,sc01,06-02 18:00:00+02:00,CC NG 17,0.0
2030,sc01,06-02 18:00:00+02:00,ST NG 01,0.0
2030,sc01,06-02 18:00:00+02:00,Biomass 45,0.0
2030,sc01,06-02 18:00:00+02:00,Biomass 28,0.04446
2030,sc01,06-02 18:00:00+02:00,CC NG 10,0.0
2030,sc01,06-02 18:00:00+02:00,Biomass 23,0.01196
2030,sc01,06-02 18:00:00+02:00,ST NG 06,0.0
2030,sc01,06-02 18:00:00+02:00,Wind 10,1.6393735763600001
2030,sc01,06-02 18:00:00+02:00,CT NG 69,0.0
2030,sc01,06-02 18:00:00+02:00,CT NG 68,0.0
2030,sc01,06-03 12:00:00+02:00,CC NG 13,0.0
2030,sc01,06-03 12:00:00+02:00,CT NG 37,0.0
2030,sc01,06-03 12:00:00+02:00,ST Coal 01,0.0
2030,sc01,06-03 12:00:00+02:00,CT NG 09,0.0
2030,sc01,06-03 12:00:00+02:00,CT NG 47,0.0
2030,sc01,06-03 12:00:00+02:00,Solar 69,38.0975151024
2030,sc01,06-03 12:00:00+02:00,Solar 34,0.0
2030,sc01,06-03 12:00:00+02:00,Solar 73,7.800000000000001
2030,sc01,06-03 12:00:00+02:00,Biomass 37,0.0
2030,sc01,06-03 12:00:00+02:00,Hydro 20,0.0
2030,sc01,06-03 12:00:00+02:00,Solar 01,4.9019258964
2030,sc01,06-03 12:00:00+02:00,Solar 62,0.0
2030,sc01,06-03 12:00:00+02:00,Solar 02,0.0
2030,sc01,06-03 12:00:00+02:00,CT NG 26,0.0
2030,sc01,06-03 12:00:00+02:00,Biomass 20,0.01365
2030,sc01,06-03 12:00:00+02:00,Wind 16,0.0
2030,sc01,06-03 12:00:00+02:00,CT NG 66,0.0
2030,sc01,06-03 12:00:00+02:00,Solar 39,0.0
2030,sc01,06-03 12:00:00+02:00,Biomass 41,0.0
2030,sc01,06-03 12:00:00+02:00,Solar 72,7.240634824800001
2030,sc01,06-03 12:00:00+02:00,ST NG 03,0.0
2030,sc01,06-03 12:00:00+02:00,Hydro 21,2.16265842
2030,sc01,06-03 12:00:00+02:00,CT NG 03,0.0
2030,sc01,06-03 12:00:00+02:00,CC NG 09,0.0
2030,sc01,06-03 12:00:00+02:00,CT Oil 02,0.0
2030,sc01,06-03 12:00:00+02:00,CT NG 39,0.0
2030,sc01,06-03 12:00:00+02:00,CC NG 08,0.0
2030,sc01,06-03 12:00:00+02:00,Biomass 43,0.0
2030,sc01,06-03 12:00:00+02:00,CT NG 18,0.14738489999999996
2030,sc01,06-03 12:00:00+02:00,ST NG 07,0.0
2030,sc01,06-03 12:00:00+02:00,Biomass 35,0.0
2030,sc01,06-03 12:00:00+02:00,Solar 32,0.0
2030,sc01,06-03 12:00:00+02:00,Biomass 15,0.008190000000000001
2030,sc01,06-03 12:00:00+02:00,CC NG 31,0.0
2030,sc01,06-03 12:00:00+02:00,Solar 16,0.204048002808
2030,sc01,06-03 12:00:00+02:00,Solar 68,0.0
2030,sc01,06-03 12:00:00+02:00,CT NG 21,0.0
2030,sc01,06-03 12:00:00+02:00,Wind 11,0.278570097312
2030,sc01,06-03 12:00:00+02:00,CC NG 37,0.0
2030,sc01,06-03 12:00:00+02:00,CT NG 22,0.0
2030,sc01,06-03 12:00:00+02:00,Hydro 16,0.021038160000000004
2030,sc01,06-03 12:00:00+02:00,Biomass 59,0.16146000000000002
2030,sc01,06-03 12:00:00+02:00,CC NG 01,0.0
2030,sc01,06-03 12:00:00+02:00,Biomass 16,0.008190000000000001
2030,sc01,06-03 12:00:00+02:00,Solar 03,6.133616174399999
2030,sc01,06-03 12:00:00+02:00,Solar 44,0.0
2030,sc01,06-03 12:00:00+02:00,CT NG 08,0.0
2030,sc01,06-03 12:00:00+02:00,Wind 05,0.01546955748
2030,sc01,06-03 12:00:00+02:00,Biomass 26,0.06591
2030,sc01,06-03 12:00:00+02:00,Solar 37,0.0
2030,sc01,06-03 12:00:00+02:00,Biomass 11,0.014039999999999999
2030,sc01,06-03 12:00:00+02:00,Solar 59,0.0
2030,sc01,06-03 12:00:00+02:00,CT NG 11,0.0
2030,sc01,06-03 12:00:00+02:00,Biomass 30,0.06591
2030,sc01,06-03 12:00:00+02:00,Hydro 23,28.6729443
2030,sc01,06-03 12:00:00+02:00,CC NG 24,0.0
2030,sc01,06-03 12:00:00+02:00,Solar 65,15.6408790083
2030,sc01,06-03 12:00:00+02:00,CC NG 18,0.0
2030,sc01,06-03 12:00:00+02:00,CT NG 16,0.0
2030,sc01,06-03 12:00:00+02:00,Solar 51,0.0
2030,sc01,06-03 12:00:00+02:00,Wind 06,0.49391223414
2030,sc01,06-03 12:00:00+02:00,CC NG 26,0.0
2030,sc01,06-03 12:00:00+02:00,CC NG 23,0.0
2030,sc01,06-03 12:00:00+02:00,CT NG 43,0.0
2030,sc01,06-03 12:00:00+02:00,CC NG 11,0.0
2030,sc01,06-03 12:00:00+02:00,CT NG 02,0.0
2030,sc01,06-03 12:00:00+02:00,CT NG 50,0.0
2030,sc01,06-03 12:00:00+02:00,Hydro 27,1.0256103
2030,sc01,06-03 12:00:00+02:00,CT NG 13,0.0
2030,sc01,06-03 12:00:00+02:00,CT NG 25,0.0
2030,sc01,06-03 12:00:00+02:00,CC NG 05,0.30519826403763073
2030,sc01,06-03 12:00:00+02:00,Solar 04,0.42556202715
2030,sc01,06-03 12:00:00+02:00,Solar 30,0.19676583357599997
2030,sc01,06-03 12:00:00+02:00,Solar 29,0.203281629408
2030,sc01,06-03 12:00:00+02:00,Solar 53,0.0
2030,sc01,06-03 12:00:00+02:00,Solar 21,1.61474383434
2030,sc01,06-03 12:00:00+02:00,Biomass 58,0.0741
2030,sc01,06-03 12:00:00+02:00,CT NG 74,0.0
2030,sc01,06-03 12:00:00+02:00,Solar 61,0.0
2030,sc01,06-03 12:00:00+02:00,Wind 07,0.271121098872
2030,sc01,06-03 12:00:00+02:00,Biomass 31,0.06591
2030,sc01,06-03 12:00:00+02:00,CT Oil 05,0.0
2030,sc01,06-03 12:00:00+02:00,Biomass 38,0.0
2030,sc01,06-03 12:00:00+02:00,Solar 41,0.0
2030,sc01,06-03 12:00:00+02:00,Biomass 51,0.0
2030,sc01,06-03 12:00:00+02:00,Biomass 55,0.09281999999999999
2030,sc01,06-03 12:00:00+02:00,Wind 15,0.0
2030,sc01,06-03 12:00:00+02:00,Geo 01,0.624
2030,sc01,06-03 12:00:00+02:00,Biomass 60,0.1053
2030,sc01,06-03 12:00:00+02:00,CT NG 38,0.0
2030,sc01,06-03 12:00:00+02:00,Solar 66,30.751970302982098
2030,sc01,06-03 12:00:00+02:00,Solar 49,0.0
2030,sc01,06-03 12:00:00+02:00,CT NG 51,0.0
2030,sc01,06-03 12:00:00+02:00,Biomass 18,0.008190000000000001
2030,sc01,06-03 12:00:00+02:00,ICE NG 01,0.0
2030,sc01,06-03 12:00:00+02:00,Solar 15,0.92345736444
2030,sc01,06-03 12:00:00+02:00,ICE NG 05,0.0
2030,sc01,06-03 12:00:00+02:00,CT Oil 04,0.0
2030,sc01,06-03 12:00:00+02:00,CC NG 20,0.0
2030,sc01,06-03 12:00:00+02:00,Solar 20,0.0
2030,sc01,06-03 12:00:00+02:00,Biomass 04,0.0
2030,sc01,06-03 12:00:00+02:00,Wind 02,0.8569828741500001
2030,sc01,06-03 12:00:00+02:00,Hydro 25,1.0256103
2030,sc01,06-03 12:00:00+02:00,Solar 75,6.832759229400001
2030,sc01,06-03 12:00:00+02:00,Hydro 33,1.4347007999999999
2030,sc01,06-03 12:00:00+02:00,ST NG 05,0.0
2030,sc01,06-03 12:00:00+02:00,CT NG 07,0.0
2030,sc01,06-03 12:00:00+02:00,Wind 01,0.204930493872
2030,sc01,06-03 12:00:00+02:00,Solar 56,0.0
2030,sc01,06-03 12:00:00+02:00,Biomass 09,0.03198
2030,sc01,06-03 12:00:00+02:00,Biomass 53,0.09281999999999999
2030,sc01,06-03 12:00:00+02:00,Wind 17,0.0
2030,sc01,06-03 12:00:00+02:00,ST NG 08,0.0
2030,sc01,06-03 12:00:00+02:00,Hydro 19,2.0980244999999997
2030,sc01,06-03 12:00:00+02:00,ST NG 02,0.0
2030,sc01,06-03 12:00:00+02:00,Biomass 01,0.039
2030,sc01,06-03 12:00:00+02:00,Biomass 57,0.0741
2030,sc01,06-03 12:00:00+02:00,CT NG 49,0.0
2030,sc01,06-03 12:00:00+02:00,CT NG 31,0.0
2030,sc01,06-03 12:00:00+02:00,Solar 64,6.5520000000000005
2030,sc01,06-03 12:00:00+02:00,CC NG 33,0.0
2030,sc01,06-03 12:00:00+02:00,Solar 46,0.0
2030,sc01,06-03 12:00:00+02:00,Biomass 12,0.014039999999999999
2030,sc01,06-03 12:00:00+02:00,Wind 04,0.115117450968
2030,sc01,06-03 12:00:00+02:00,Solar 13,0.023182130712
2030,sc01,06-03 12:00:00+02:00,CT NG 55,0.0
2030,sc01,06-03 12:00:00+02:00,Wind N03,91.31139162600002
2030,sc01,06-03 12:00:00+02:00,CT NG 28,0.0
2030,sc01,06-03 12:00:00+02:00,Wind 09,0.207453217296
2030,sc01,06-03 12:00:00+02:00,Solar 60,2.8106152754404903
2030,sc01,06-03 12:00:00+02:00,Solar 25,0.16999863285599998
2030,sc01,06-03 12:00:00+02:00,CT NG 23,0.0
2030,sc01,06-03 12:00:00+02:00,ST Other 01,0.0
2030,sc01,06-03 12:00:00+02:00,Solar 70,40.04586732347645
2030,sc01,06-03 12:00:00+02:00,CC NG 34,0.0
2030,sc01,06-03 12:00:00+02:00,Solar 48,0.0
2030,sc01,06-03 12:00:00+02:00,Biomass 56,0.09399
2030,sc01,06-03 12:00:00+02:00,CT NG 36,0.0
2030,sc01,06-03 12:00:00+02:00,Solar 47,0.0
2030,sc01,06-03 12:00:00+02:00,Hydro 17,0.0
2030,sc01,06-03 12:00:00+02:00,Solar 09,0.0
2030,sc01,06-03 12:00:00+02:00,Solar 08,0.0
2030,sc01,06-03 12:00:00+02:00,CT NG 45,0.0
2030,sc01,06-03 12:00:00+02:00,ST NG 04,0.0
2030,sc01,06-03 12:00:00+02:00,Solar 40,0.0
2030,sc01,06-03 12:00:00+02:00,Biomass 47,0.0
2030,sc01,06-03 12:00:00+02:00,Solar 50,0.0
2030,sc01,06-03 12:00:00+02:00,Solar 52,0.0
2030,sc01,06-03 12:00:00+02:00,Solar 63,17.53579659
2030,sc01,06-03 12:00:00+02:00,CC NG 06,0.0
2030,sc01,06-03 12:00:00+02:00,Biomass 39,0.0
2030,sc01,06-03 12:00:00+02:00,Solar 67,0.0
2030,sc01,06-03 12:00:00+02:00,Solar 19,0.008767585944000001
2030,sc01,06-03 12:00:00+02:00,Wind 12,3.0046607401200003
2030,sc01,06-03 12:00:00+02:00,Solar 24,0.126793787328
2030,sc01,06-03 12:00:00+02:00,ICE NG 02,0.0
2030,sc01,06-03 12:00:00+02:00,Solar 05,0.0
2030,sc01,06-03 12:00:00+02:00,CT NG 54,0.0
2030,sc01,06-03 12:00:00+02:00,Wind N01,28.5057557382
2030,sc01,06-03 12:00:00+02:00,CT NG 27,0.0
2030,sc01,06-03 12:00:00+02:00,CC NG 36,0.0
2030,sc01,06-03 12:00:00+02:00,Wind N02,0.0
2030,sc01,06-03 12:00:00+02:00,CT NG 52,0.0
2030,sc01,06-03 12:00:00+02:00,Solar 35,0.0
2030,sc01,06-03 12:00:00+02:00,CT NG 05,0.0
2030,sc01,06-03 12:00:00+02:00,Biomass 36,0.0
2030,sc01,06-03 12:00:00+02:00,CT NG 34,0.0
2030,sc01,06-03 12:00:00+02:00,CT Oil 03,0.0
2030,sc01,06-03 12:00:00+02:00,Hydro 35,0.006311448000000001
2030,sc01,06-03 12:00:00+02:00,Solar 14,1.02667664814
2030,sc01,06-03 12:00:00+02:00,CT NG 75,0.0
2030,sc01,06-03 12:00:00+02:00,ST NG 09,0.0
2030,sc01,06-03 12:00:00+02:00,CT NG 56,0.0
2030,sc01,06-03 12:00:00+02:00,Biomass 22,0.01365
2030,sc01,06-03 12:00:00+02:00,Solar 18,1.0829005816200001
2030,sc01,06-03 12:00:00+02:00,Biomass 13,0.014039999999999999
2030,sc01,06-03 12:00:00+02:00,CT NG 71,0.0
2030,sc01,06-03 12:00:00+02:00,Solar 58,0.0
2030,sc01,06-03 12:00:00+02:00,Solar 06,0.0
2030,sc01,06-03 12:00:00+02:00,Biomass 08,0.03198
2030,sc01,06-03 12:00:00+02:00,CT NG 72,0.0
2030,sc01,06-03 12:00:00+02:00,Hydro 18,0.0
2030,sc01,06-03 12:00:00+02:00,Solar 10,0.0
2030,sc01,06-03 12:00:00+02:00,CT NG 04,0.0
2030,sc01,06-03 12:00:00+02:00,ST Other 02,0.0
2030,sc01,06-03 12:00:00+02:00,CT NG 12,0.0
2030,sc01,06-03 12:00:00+02:00,CT NG 48,0.0
2030,sc01,06-03 12:00:00+02:00,ST NG 10,0.0
2030,sc01,06-03 12:00:00+02:00,Solar 22,0.211434848976
2030,sc01,06-03 12:00:00+02:00,Solar 28,0.18920956860000002
2030,sc01,06-03 12:00:00+02:00,CT NG 73,0.0
2030,sc01,06-03 12:00:00+02:00,Biomass 52,0.0
2030,sc01,06-03 12:00:00+02:00,CT NG 30,0.0
2030,sc01,06-03 12:00:00+02:00,Solar 54,0.0
2030,sc01,06-03 12:00:00+02:00,Solar 31,0.0
2030,sc01,06-03 12:00:00+02:00,Biomass 03,0.0
2030,sc01,06-03 12:00:00+02:00,CT NG 32,0.0
2030,sc01,06-03 12:00:00+02:00,Biomass 27,0.06591
2030,sc01,06-03 12:00:00+02:00,CC NG 14,0.0
2030,sc01,06-03 12:00:00+02:00,CC NG 03,0.0
2030,sc01,06-03 12:00:00+02:00,CC NG 29,0.0
2030,sc01,06-03 12:00:00+02:00,CC NG 28,0.0
2030,sc01,06-03 12:00:00+02:00,CC NG 25,0.0
2030,sc01,06-03 12:00:00+02:00,CT NG 44,0.0
2030,sc01,06-03 12:00:00+02:00,CT NG 14,0.0
2030,sc01,06-03 12:00:00+02:00,CC NG 15,0.0
2030,sc01,06-03 12:00:00+02:00,CC NG 04,0.0
2030,sc01,06-03 12:00:00+02:00,Biomass 29,0.06591
2030,sc01,06-03 12:00:00+02:00,Wind 14,23.9517939024
2030,sc01,06-03 12:00:00+02:00,Wind 08,0.24560857151999999
2030,sc01,06-03 12:00:00+02:00,Biomass 61,0.0
2030,sc01,06-03 12:00:00+02:00,CT NG 35,0.0
2030,sc01,06-03 12:00:00+02:00,Solar 33,0.0
2030,sc01,06-03 12:00:00+02:00,CT NG 41,0.0
2030,sc01,06-03 12:00:00+02:00,CT NG 15,0.0
2030,sc01,06-03 12:00:00+02:00,Solar 42,0.0
2030,sc01,06-03 12:00:00+02:00,Solar 07,0.0
2030,sc01,06-03 12:00:00+02:00,Solar 43,0.0
2030,sc01,06-03 12:00:00+02:00,Biomass 05,0.01677
2030,sc01,06-03 12:00:00+02:00,CT NG 29,0.0
2030,sc01,06-03 12:00:00+02:00,Solar 71,31.846413736800002
2030,sc01,06-03 12:00:00+02:00,CT NG 53,0.0
2030,sc01,06-03 12:00:00+02:00,CT NG 20,0.0
2030,sc01,06-03 12:00:00+02:00,Biomass 14,0.031200000000000002
2030,sc01,06-03 12:00:00+02:00,Solar 26,0.157430603616
2030,sc01,06-03 12:00:00+02:00,Hydro 29,2.91915
2030,sc01,06-03 12:00:00+02:00,Hydro 31,0.010519080000000002
2030,sc01,06-03 12:00:00+02:00,Biomass 24,0.017550000000000003
2030,sc01,06-03 12:00:00+02:00,Biomass 54,0.09281999999999999
2030,sc01,06-03 12:00:00+02:00,Solar 36,0.0
2030,sc01,06-03 12:00:00+02:00,Wind 03,0.284695817016
2030,sc01,06-03 12:00:00+02:00,Biomass 40,0.0
2030,sc01,06-03 12:00:00+02:00,Biomass 49,0.0
2030,sc01,06-03 12:00:00+02:00,CC NG 16,18.841609038379616
2030,sc01,06-03 12:00:00+02:00,Biomass 48,0.0
2030,sc01,06-03 12:00:00+02:00,Hydro 28,2.91915
2030,sc01,06-03 12:00:00+02:00,Biomass 17,0.008190000000000001
2030,sc01,06-03 12:00:00+02:00,CT NG 33,0.0
2030,sc01,06-03 12:00:00+02:00,Solar 45,0.0
2030,sc01,06-03 12:00:00+02:00,Hydro 24,28.6729443
2030,sc01,06-03 12:00:00+02:00,Wind 13,1.34987307468
2030,sc01,06-03 12:00:00+02:00,Biomass 07,0.078
2030,sc01,06-03 12:00:00+02:00,Biomass 34,0.0
2030,sc01,06-03 12:00:00+02:00,Biomass 33,0.0
2030,sc01,06-03 12:00:00+02:00,CT NG 01,0.0
2030,sc01,06-03 12:00:00+02:00,ICE NG 03,0.0
2030,sc01,06-03 12:00:00+02:00,Solar 55,0.0
2030,sc01,06-03 12:00:00+02:00,Solar 11,0.173904508752
2030,sc01,06-03 12:00:00+02:00,CT NG 06,0.0
2030,sc01,06-03 12:00:00+02:00,CT NG 70,0.0
2030,sc01,06-03 12:00:00+02:00,Solar 23,0.025750240464000002
2030,sc01,06-03 12:00:00+02:00,CT NG 67,0.0
2030,sc01,06-03 12:00:00+02:00,Solar 12,0.134620462392
2030,sc01,06-03 12:00:00+02:00,CT Oil 01,0.0
2030,sc01,06-03 12:00:00+02:00,Hydro 26,1.0256103
2030,sc01,06-03 12:00:00+02:00,CC NG 22,2.4053420235048097
2030,sc01,06-03 12:00:00+02:00,CC NG 35,0.0
2030,sc01,06-03 12:00:00+02:00,Biomass 50,0.0
2030,sc01,06-03 12:00:00+02:00,ICE NG 04,0.0
2030,sc01,06-03 12:00:00+02:00,CC NG 39,0.0
2030,sc01,06-03 12:00:00+02:00,Hydro 32,0.012622896000000002
2030,sc01,06-03 12:00:00+02:00,ICE NG 07,0.0
2030,sc01,06-03 12:00:00+02:00,Biomass 46,0.0
2030,sc01,06-03 12:00:00+02:00,CC NG 38,0.0
2030,sc01,06-03 12:00:00+02:00,CC NG 12,0.0
2030,sc01,06-03 12:00:00+02:00,Solar 57,0.0
2030,sc01,06-03 12:00:00+02:00,CC NG 32,0.0
2030,sc01,06-03 12:00:00+02:00,CC NG 07,0.0
2030,sc01,06-03 12:00:00+02:00,Biomass 44,0.0
2030,sc01,06-03 12:00:00+02:00,CT NG 40,0.0
2030,sc01,06-03 12:00:00+02:00,Solar 74,0.0
2030,sc01,06-03 12:00:00+02:00,Hydro 30,0.0
2030,sc01,06-03 12:00:00+02:00,CT NG 42,0.0
2030,sc01,06-03 12:00:00+02:00,Hydro 22,2.16265842
2030,sc01,06-03 12:00:00+02:00,Solar 17,0.264044527032
2030,sc01,06-03 12:00:00+02:00,Solar 38,0.0
2030,sc01,06-03 12:00:00+02:00,CT NG 24,0.0
2030,sc01,06-03 12:00:00+02:00,CC NG 27,0.0
2030,sc01,06-03 12:00:00+02:00,Biomass 21,0.01365
2030,sc01,06-03 12:00:00+02:00,ICE NG 06,0.0
2030,sc01,06-03 12:00:00+02:00,Biomass 25,0.017550000000000003
2030,sc01,06-03 12:00:00+02:00,Solar 27,0.032672483999999995
2030,sc01,06-03 12:00:00+02:00,CT NG 19,0.0
2030,sc01,06-03 12:00:00+02:00,Biomass 42,0.0
2030,sc01,06-03 12:00:00+02:00,Biomass 19,0.01365
2030,sc01,06-03 12:00:00+02:00,Biomass 06,0.01677
2030,sc01,06-03 12:00:00+02:00,CT NG 10,0.0
2030,sc01,06-03 12:00:00+02:00,CC NG 40,0.0
2030,sc01,06-03 12:00:00+02:00,CC NG 21,0.0
2030,sc01,06-03 12:00:00+02:00,Biomass 02,0.039
2030,sc01,06-03 12:00:00+02:00,CT NG 46,0.0
2030,sc01,06-03 12:00:00+02:00,Hydro 34,1.4347007999999999
2030,sc01,06-03 12:00:00+02:00,Biomass 10,0.03198
2030,sc01,06-03 12:00:00+02:00,CT NG 17,0.0
2030,sc01,06-03 12:00:00+02:00,Biomass 62,0.07176
2030,sc01,06-03 12:00:00+02:00,Biomass 32,0.046799999999999994
2030,sc01,06-03 12:00:00+02:00,CC NG 19,5.27982
2030,sc01,06-03 12:00:00+02:00,CC NG 17,0.0
2030,sc01,06-03 12:00:00+02:00,ST NG 01,0.0
2030,sc01,06-03 12:00:00+02:00,Biomass 45,0.0
2030,sc01,06-03 12:00:00+02:00,Biomass 28,0.06591
2030,sc01,06-03 12:00:00+02:00,CC NG 10,0.0
2030,sc01,06-03 12:00:00+02:00,Biomass 23,0.017550000000000003
2030,sc01,06-03 12:00:00+02:00,ST NG 06,0.0
2030,sc01,06-03 12:00:00+02:00,Wind 10,0.218963590248
2030,sc01,06-03 12:00:00+02:00,CT NG 69,0.0
2030,sc01,06-03 12:00:00+02:00,CT NG 68,0.0
2030,sc01,06-06 20:00:00+02:00,CC NG 13,0.0
2030,sc01,06-06 20:00:00+02:00,CT NG 37,0.0
2030,sc01,06-06 20:00:00+02:00,ST Coal 01,0.0
2030,sc01,06-06 20:00:00+02:00,CT NG 09,0.0
2030,sc01,06-06 20:00:00+02:00,CT NG 47,0.0
2030,sc01,06-06 20:00:00+02:00,Solar 69,0.0
2030,sc01,06-06 20:00:00+02:00,Solar 34,0.0
2030,sc01,06-06 20:00:00+02:00,Solar 73,0.0
2030,sc01,06-06 20:00:00+02:00,Biomass 37,0.0
2030,sc01,06-06 20:00:00+02:00,Hydro 20,0.0
2030,sc01,06-06 20:00:00+02:00,Solar 01,0.0
2030,sc01,06-06 20:00:00+02:00,Solar 62,0.0
2030,sc01,06-06 20:00:00+02:00,Solar 02,0.0
2030,sc01,06-06 20:00:00+02:00,CT NG 26,0.0
2030,sc01,06-06 20:00:00+02:00,Biomass 20,0.0144
2030,sc01,06-06 20:00:00+02:00,Wind 16,0.0
2030,sc01,06-06 20:00:00+02:00,CT NG 66,0.0
2030,sc01,06-06 20:00:00+02:00,Solar 39,0.0
2030,sc01,06-06 20:00:00+02:00,Biomass 41,0.0
2030,sc01,06-06 20:00:00+02:00,Solar 72,0.0
2030,sc01,06-06 20:00:00+02:00,ST NG 03,0.0
2030,sc01,06-06 20:00:00+02:00,Hydro 21,0.0
2030,sc01,06-06 20:00:00+02:00,CT NG 03,0.0
2030,sc01,06-06 20:00:00+02:00,CC NG 09,0.0
2030,sc01,06-06 20:00:00+02:00,CT Oil 02,0.0
2030,sc01,06-06 20:00:00+02:00,CT NG 39,0.0
2030,sc01,06-06 20:00:00+02:00,CC NG 08,0.0
2030,sc01,06-06 20:00:00+02:00,Biomass 43,0.0
2030,sc01,06-06 20:00:00+02:00,CT NG 18,0.0
2030,sc01,06-06 20:00:00+02:00,ST NG 07,0.0
2030,sc01,06-06 20:00:00+02:00,Biomass 35,0.0
2030,sc01,06-06 20:00:00+02:00,Solar 32,0.0
2030,sc01,06-06 20:00:00+02:00,Biomass 15,0.008400000000000001
2030,sc01,06-06 20:00:00+02:00,CC NG 31,0.0
2030,sc01,06-06 20:00:00+02:00,Solar 16,0.0
2030,sc01,06-06 20:00:00+02:00,Solar 68,0.0
2030,sc01,06-06 20:00:00+02:00,CT NG 21,0.0
2030,sc01,06-06 20:00:00+02:00,Wind 11,2.5257236552
2030,sc01,06-06 20:00:00+02:00,CC NG 37,0.0
2030,sc01,06-06 20:00:00+02:00,CT NG 22,0.0
2030,sc01,06-06 20:00:00+02:00,Hydro 16,0.0198304
2030,sc01,06-06 20:00:00+02:00,Biomass 59,0.16560000000000002
2030,sc01,06-06 20:00:00+02:00,CC NG 01,0.0
2030,sc01,06-06 20:00:00+02:00,Biomass 16,0.008400000000000001
2030,sc01,06-06 20:00:00+02:00,Solar 03,0.0
2030,sc01,06-06 20:00:00+02:00,Solar 44,0.0
2030,sc01,06-06 20:00:00+02:00,CT NG 08,0.0
2030,sc01,06-06 20:00:00+02:00,Wind 05,0.07278151583999999
2030,sc01,06-06 20:00:00+02:00,Biomass 26,0.0676
2030,sc01,06-06 20:00:00+02:00,Solar 37,0.0
2030,sc01,06-06 20:00:00+02:00,Biomass 11,0.014
2030,sc01,06-06 20:00:00+02:00,Solar 59,0.0
2030,sc01,06-06 20:00:00+02:00,CT NG 11,0.0
2030,sc01,06-06 20:00:00+02:00,Biomass 30,0.0676
2030,sc01,06-06 20:00:00+02:00,Hydro 23,0.0
2030,sc01,06-06 20:00:00+02:00,CC NG 24,0.0
2030,sc01,06-06 20:00:00+02:00,Solar 65,0.0
2030,sc01,06-06 20:00:00+02:00,CC NG 18,0.0
2030,sc01,06-06 20:00:00+02:00,CT NG 16,0.0
2030,sc01,06-06 20:00:00+02:00,Solar 51,0.0
2030,sc01,06-06 20:00:00+02:00,Wind 06,2.731293314
2030,sc01,06-06 20:00:00+02:00,CC NG 26,0.0
2030,sc01,06-06 20:00:00+02:00,CC NG 23,0.0
2030,sc01,06-06 20:00:00+02:00,CT NG 43,0.0
2030,sc01,06-06 20:00:00+02:00,CC NG 11,0.0
2030,sc01,06-06 20:00:00+02:00,CT NG 02,0.0
2030,sc01,06-06 20:00:00+02:00,CT NG 50,0.0
2030,sc01,06-06 20:00:00+02:00,Hydro 27,0.0
2030,sc01,06-06 20:00:00+02:00,CT NG 13,0.0
2030,sc01,06-06 20:00:00+02:00,CT NG 25,0.0
2030,sc01,06-06 20:00:00+02:00,CC NG 05,0.0
2030,sc01,06-06 20:00:00+02:00,Solar 04,0.0
2030,sc01,06-06 20:00:00+02:00,Solar 30,0.0
2030,sc01,06-06 20:00:00+02:00,Solar 29,0.0
2030,sc01,06-06 20:00:00+02:00,Solar 53,0.0
2030,sc01,06-06 20:00:00+02:00,Solar 21,0.0
2030,sc01,06-06 20:00:00+02:00,Biomass 58,0.0824
2030,sc01,06-06 20:00:00+02:00,CT NG 74,0.0
2030,sc01,06-06 20:00:00+02:00,Solar 61,0.0
2030,sc01,06-06 20:00:00+02:00,Wind 07,2.4586138464
2030,sc01,06-06 20:00:00+02:00,Biomass 31,0.0676
2030,sc01,06-06 20:00:00+02:00,CT Oil 05,0.0
2030,sc01,06-06 20:00:00+02:00,Biomass 38,0.0
2030,sc01,06-06 20:00:00+02:00,Solar 41,0.0
2030,sc01,06-06 20:00:00+02:00,Biomass 51,0.0
2030,sc01,06-06 20:00:00+02:00,Biomass 55,0.09720000000000001
2030,sc01,06-06 20:00:00+02:00,Wind 15,0.0
2030,sc01,06-06 20:00:00+02:00,Geo 01,0.0
2030,sc01,06-06 20:00:00+02:00,Biomass 60,0.10800000000000001
2030,sc01,06-06 20:00:00+02:00,CT NG 38,0.0
2030,sc01,06-06 20:00:00+02:00,Solar 66,0.0
2030,sc01,06-06 20:00:00+02:00,Solar 49,0.0
2030,sc01,06-06 20:00:00+02:00,CT NG 51,0.0
2030,sc01,06-06 20:00:00+02:00,Biomass 18,0.008400000000000001
2030,sc01,06-06 20:00:00+02:00,ICE NG 01,0.0
2030,sc01,06-06 20:00:00+02:00,Solar 15,0.0
2030,sc01,06-06 20:00:00+02:00,ICE NG 05,0.0
2030,sc01,06-06 20:00:00+02:00,CT Oil 04,0.0
2030,sc01,06-06 20:00:00+02:00,CC NG 20,0.0
2030,sc01,06-06 20:00:00+02:00,Solar 20,0.0
2030,sc01,06-06 20:00:00+02:00,Biomass 04,0.0
2030,sc01,06-06 20:00:00+02:00,Wind 02,6.036712776000001
2030,sc01,06-06 20:00:00+02:00,Hydro 25,0.0
2030,sc01,06-06 20:00:00+02:00,Solar 75,0.0
2030,sc01,06-06 20:00:00+02:00,Hydro 33,0.0
2030,sc01,06-06 20:00:00+02:00,ST NG 05,0.0
2030,sc01,06-06 20:00:00+02:00,CT NG 07,0.0
2030,sc01,06-06 20:00:00+02:00,Wind 01,1.5760864952
2030,sc01,06-06 20:00:00+02:00,Solar 56,0.0
2030,sc01,06-06 20:00:00+02:00,Biomass 09,0.0348
2030,sc01,06-06 20:00:00+02:00,Biomass 53,0.09720000000000001
2030,sc01,06-06 20:00:00+02:00,Wind 17,29.109060260407034
2030,sc01,06-06 20:00:00+02:00,ST NG 08,0.0
2030,sc01,06-06 20:00:00+02:00,Hydro 19,0.0
2030,sc01,06-06 20:00:00+02:00,ST NG 02,0.0
2030,sc01,06-06 20:00:00+02:00,Biomass 01,0.0412
2030,sc01,06-06 20:00:00+02:00,Biomass 57,0.0824
2030,sc01,06-06 20:00:00+02:00,CT NG 49,0.0
2030,sc01,06-06 20:00:00+02:00,CT NG 31,0.0
2030,sc01,06-06 20:00:00+02:00,Solar 64,0.0
2030,sc01,06-06 20:00:00+02:00,CC NG 33,0.0
2030,sc01,06-06 20:00:00+02:00,Solar 46,0.0
2030,sc01,06-06 20:00:00+02:00,Biomass 12,0.014
2030,sc01,06-06 20:00:00+02:00,Wind 04,0.10083932256000001
2030,sc01,06-06 20:00:00+02:00,Solar 13,0.0
2030,sc01,06-06 20:00:00+02:00,CT NG 55,0.0
2030,sc01,06-06 20:00:00+02:00,Wind N03,113.2933609702816
2030,sc01,06-06 20:00:00+02:00,CT NG 28,0.0
2030,sc01,06-06 20:00:00+02:00,Wind 09,1.2116328552000002
2030,sc01,06-06 20:00:00+02:00,Solar 60,0.0
2030,sc01,06-06 20:00:00+02:00,Solar 25,0.0
2030,sc01,06-06 20:00:00+02:00,CT NG 23,0.0
2030,sc01,06-06 20:00:00+02:00,ST Other 01,0.0
2030,sc01,06-06 20:00:00+02:00,Solar 70,0.0
2030,sc01,06-06 20:00:00+02:00,CC NG 34,0.0
2030,sc01,06-06 20:00:00+02:00,Solar 48,0.0
2030,sc01,06-06 20:00:00+02:00,Biomass 56,0.092
2030,sc01,06-06 20:00:00+02:00,CT NG 36,0.0
2030,sc01,06-06 20:00:00+02:00,Solar 47,0.0
2030,sc01,06-06 20:00:00+02:00,Hydro 17,0.0334638
2030,sc01,06-06 20:00:00+02:00,Solar 09,0.0
2030,sc01,06-06 20:00:00+02:00,Solar 08,0.0
2030,sc01,06-06 20:00:00+02:00,CT NG 45,0.0
2030,sc01,06-06 20:00:00+02:00,ST NG 04,1.6778623853839025
2030,sc01,06-06 20:00:00+02:00,Solar 40,0.0
2030,sc01,06-06 20:00:00+02:00,Biomass 47,0.0
2030,sc01,06-06 20:00:00+02:00,Solar 50,0.0
2030,sc01,06-06 20:00:00+02:00,Solar 52,0.0
2030,sc01,06-06 20:00:00+02:00,Solar 63,0.0
2030,sc01,06-06 20:00:00+02:00,CC NG 06,0.0
2030,sc01,06-06 20:00:00+02:00,Biomass 39,0.0
2030,sc01,06-06 20:00:00+02:00,Solar 67,0.0
2030,sc01,06-06 20:00:00+02:00,Solar 19,0.0
2030,sc01,06-06 20:00:00+02:00,Wind 12,11.56996004
2030,sc01,06-06 20:00:00+02:00,Solar 24,0.0
2030,sc01,06-06 20:00:00+02:00,ICE NG 02,0.0
2030,sc01,06-06 20:00:00+02:00,Solar 05,0.0
2030,sc01,06-06 20:00:00+02:00,CT NG 54,0.0
2030,sc01,06-06 20:00:00+02:00,Wind N01,109.76628756
2030,sc01,06-06 20:00:00+02:00,CT NG 27,0.0
2030,sc01,06-06 20:00:00+02:00,CC NG 36,0.0
2030,sc01,06-06 20:00:00+02:00,Wind N02,99.13624697036008
2030,sc01,06-06 20:00:00+02:00,CT NG 52,0.0
2030,sc01,06-06 20:00:00+02:00,Solar 35,0.0
2030,sc01,06-06 20:00:00+02:00,CT NG 05,0.0
2030,sc01,06-06 20:00:00+02:00,Biomass 36,0.0
2030,sc01,06-06 20:00:00+02:00,CT NG 34,0.0
2030,sc01,06-06 20:00:00+02:00,CT Oil 03,0.0
2030,sc01,06-06 20:00:00+02:00,Hydro 35,0.00594912
2030,sc01,06-06 20:00:00+02:00,Solar 14,0.0
2030,sc01,06-06 20:00:00+02:00,CT NG 75,0.0
2030,sc01,06-06 20:00:00+02:00,ST NG 09,0.0
2030,sc01,06-06 20:00:00+02:00,CT NG 56,0.0
2030,sc01,06-06 20:00:00+02:00,Biomass 22,0.0144
2030,sc01,06-06 20:00:00+02:00,Solar 18,0.0
2030,sc01,06-06 20:00:00+02:00,Biomass 13,0.014
2030,sc01,06-06 20:00:00+02:00,CT NG 71,0.0
2030,sc01,06-06 20:00:00+02:00,Solar 58,0.0
2030,sc01,06-06 20:00:00+02:00,Solar 06,0.0
2030,sc01,06-06 20:00:00+02:00,Biomass 08,0.0348
2030,sc01,06-06 20:00:00+02:00,CT NG 72,0.0
2030,sc01,06-06 20:00:00+02:00,Hydro 18,0.11526420000000001
2030,sc01,06-06 20:00:00+02:00,Solar 10,0.0
2030,sc01,06-06 20:00:00+02:00,CT NG 04,0.0
2030,sc01,06-06 20:00:00+02:00,ST Other 02,0.0
2030,sc01,06-06 20:00:00+02:00,CT NG 12,0.0
2030,sc01,06-06 20:00:00+02:00,CT NG 48,0.0
2030,sc01,06-06 20:00:00+02:00,ST NG 10,0.0
2030,sc01,06-06 20:00:00+02:00,Solar 22,0.0
2030,sc01,06-06 20:00:00+02:00,Solar 28,0.0
2030,sc01,06-06 20:00:00+02:00,CT NG 73,0.0
2030,sc01,06-06 20:00:00+02:00,Biomass 52,0.0
2030,sc01,06-06 20:00:00+02:00,CT NG 30,0.0
2030,sc01,06-06 20:00:00+02:00,Solar 54,0.0
2030,sc01,06-06 20:00:00+02:00,Solar 31,0.0
2030,sc01,06-06 20:00:00+02:00,Biomass 03,0.0
2030,sc01,06-06 20:00:00+02:00,CT NG 32,0.0
2030,sc01,06-06 20:00:00+02:00,Biomass 27,0.0676
2030,sc01,06-06 20:00:00+02:00,CC NG 14,0.0
2030,sc01,06-06 20:00:00+02:00,CC NG 03,0.0
2030,sc01,06-06 20:00:00+02:00,CC NG 29,0.0
2030,sc01,06-06 20:00:00+02:00,CC NG 28,0.0
2030,sc01,06-06 20:00:00+02:00,CC NG 25,0.0
2030,sc01,06-06 20:00:00+02:00,CT NG 44,0.0
2030,sc01,06-06 20:00:00+02:00,CT NG 14,0.0
2030,sc01,06-06 20:00:00+02:00,CC NG 15,0.0
2030,sc01,06-06 20:00:00+02:00,CC NG 04,0.0
2030,sc01,06-06 20:00:00+02:00,Biomass 29,0.0676
2030,sc01,06-06 20:00:00+02:00,Wind 14,40.23176748551556
2030,sc01,06-06 20:00:00+02:00,Wind 08,1.3900919792
2030,sc01,06-06 20:00:00+02:00,Biomass 61,0.0
2030,sc01,06-06 20:00:00+02:00,CT NG 35,0.0
2030,sc01,06-06 20:00:00+02:00,Solar 33,0.0
2030,sc01,06-06 20:00:00+02:00,CT NG 41,0.0
2030,sc01,06-06 20:00:00+02:00,CT NG 15,0.0
2030,sc01,06-06 20:00:00+02:00,Solar 42,0.0
2030,sc01,06-06 20:00:00+02:00,Solar 07,0.0
2030,sc01,06-06 20:00:00+02:00,Solar 43,0.0
2030,sc01,06-06 20:00:00+02:00,Biomass 05,0.0176
2030,sc01,06-06 20:00:00+02:00,CT NG 29,0.0
2030,sc01,06-06 20:00:00+02:00,Solar 71,0.0
2030,sc01,06-06 20:00:00+02:00,CT NG 53,0.0
2030,sc01,06-06 20:00:00+02:00,CT NG 20,0.0
2030,sc01,06-06 20:00:00+02:00,Biomass 14,0.031200000000000006
2030,sc01,06-06 20:00:00+02:00,Solar 26,0.0
2030,sc01,06-06 20:00:00+02:00,Hydro 29,0.0
2030,sc01,06-06 20:00:00+02:00,Hydro 31,0.0099152
2030,sc01,06-06 20:00:00+02:00,Biomass 24,0.015600000000000003
2030,sc01,06-06 20:00:00+02:00,Biomass 54,0.09720000000000001
2030,sc01,06-06 20:00:00+02:00,Solar 36,0.0
2030,sc01,06-06 20:00:00+02:00,Wind 03,0.27438960832
2030,sc01,06-06 20:00:00+02:00,Biomass 40,0.0
2030,sc01,06-06 20:00:00+02:00,Biomass 49,0.0
2030,sc01,06-06 20:00:00+02:00,CC NG 16,0.0
2030,sc01,06-06 20:00:00+02:00,Biomass 48,0.0
2030,sc01,06-06 20:00:00+02:00,Hydro 28,0.0
2030,sc01,06-06 20:00:00+02:00,Biomass 17,0.008400000000000001
2030,sc01,06-06 20:00:00+02:00,CT NG 33,0.0
2030,sc01,06-06 20:00:00+02:00,Solar 45,0.0
2030,sc01,06-06 20:00:00+02:00,Hydro 24,0.0
2030,sc01,06-06 20:00:00+02:00,Wind 13,6.410214144
2030,sc01,06-06 20:00:00+02:00,Biomass 07,0.08
2030,sc01,06-06 20:00:00+02:00,Biomass 34,0.0
2030,sc01,06-06 20:00:00+02:00,Biomass 33,0.0
2030,sc01,06-06 20:00:00+02:00,CT NG 01,0.7700174306775553
2030,sc01,06-06 20:00:00+02:00,ICE NG 03,0.0
2030,sc01,06-06 20:00:00+02:00,Solar 55,0.0
2030,sc01,06-06 20:00:00+02:00,Solar 11,0.0
2030,sc01,06-06 20:00:00+02:00,CT NG 06,0.0
2030,sc01,06-06 20:00:00+02:00,CT NG 70,0.0
2030,sc01,06-06 20:00:00+02:00,Solar 23,0.0
2030,sc01,06-06 20:00:00+02:00,CT NG 67,0.0
2030,sc01,06-06 20:00:00+02:00,Solar 12,0.0
2030,sc01,06-06 20:00:00+02:00,CT Oil 01,0.0
2030,sc01,06-06 20:00:00+02:00,Hydro 26,0.0
2030,sc01,06-06 20:00:00+02:00,CC NG 22,0.0
2030,sc01,06-06 20:00:00+02:00,CC NG 35,0.0
2030,sc01,06-06 20:00:00+02:00,Biomass 50,0.0
2030,sc01,06-06 20:00:00+02:00,ICE NG 04,0.0
2030,sc01,06-06 20:00:00+02:00,CC NG 39,0.0
2030,sc01,06-06 20:00:00+02:00,Hydro 32,0.01189824
2030,sc01,06-06 20:00:00+02:00,ICE NG 07,0.0
2030,sc01,06-06 20:00:00+02:00,Biomass 46,0.0
2030,sc01,06-06 20:00:00+02:00,CC NG 38,0.0
2030,sc01,06-06 20:00:00+02:00,CC NG 12,0.0
2030,sc01,06-06 20:00:00+02:00,Solar 57,0.0
2030,sc01,06-06 20:00:00+02:00,CC NG 32,0.0
2030,sc01,06-06 20:00:00+02:00,CC NG 07,0.0
2030,sc01,06-06 20:00:00+02:00,Biomass 44,0.0
2030,sc01,06-06 20:00:00+02:00,CT NG 40,0.0
2030,sc01,06-06 20:00:00+02:00,Solar 74,0.0
2030,sc01,06-06 20:00:00+02:00,Hydro 30,0.0
2030,sc01,06-06 20:00:00+02:00,CT NG 42,0.0
2030,sc01,06-06 20:00:00+02:00,Hydro 22,0.0
2030,sc01,06-06 20:00:00+02:00,Solar 17,0.0
2030,sc01,06-06 20:00:00+02:00,Solar 38,0.0
2030,sc01,06-06 20:00:00+02:00,CT NG 24,0.0
2030,sc01,06-06 20:00:00+02:00,CC NG 27,0.0
2030,sc01,06-06 20:00:00+02:00,Biomass 21,0.0144
2030,sc01,06-06 20:00:00+02:00,ICE NG 06,0.0
2030,sc01,06-06 20:00:00+02:00,Biomass 25,0.015600000000000003
2030,sc01,06-06 20:00:00+02:00,Solar 27,0.0
2030,sc01,06-06 20:00:00+02:00,CT NG 19,0.0
2030,sc01,06-06 20:00:00+02:00,Biomass 42,0.0
2030,sc01,06-06 20:00:00+02:00,Biomass 19,0.0144
2030,sc01,06-06 20:00:00+02:00,Biomass 06,0.0176
2030,sc01,06-06 20:00:00+02:00,CT NG 10,0.0
2030,sc01,06-06 20:00:00+02:00,CC NG 40,0.0
2030,sc01,06-06 20:00:00+02:00,CC NG 21,0.0
2030,sc01,06-06 20:00:00+02:00,Biomass 02,0.0412
2030,sc01,06-06 20:00:00+02:00,CT NG 46,0.0
2030,sc01,06-06 20:00:00+02:00,Hydro 34,0.0
2030,sc01,06-06 20:00:00+02:00,Biomass 10,0.0348
2030,sc01,06-06 20:00:00+02:00,CT NG 17,0.0
2030,sc01,06-06 20:00:00+02:00,Biomass 62,0.0764
2030,sc01,06-06 20:00:00+02:00,Biomass 32,0.047599999999999996
2030,sc01,06-06 20:00:00+02:00,CC NG 19,0.49394388733455474
2030,sc01,06-06 20:00:00+02:00,CC NG 17,0.0
2030,sc01,06-06 20:00:00+02:00,ST NG 01,0.0
2030,sc01,06-06 20:00:00+02:00,Biomass 45,0.0
2030,sc01,06-06 20:00:00+02:00,Biomass 28,0.0676
2030,sc01,06-06 20:00:00+02:00,CC NG 10,0.0
2030,sc01,06-06 20:00:00+02:00,Biomass 23,0.015600000000000003
2030,sc01,06-06 20:00:00+02:00,ST NG 06,0.0
2030,sc01,06-06 20:00:00+02:00,Wind 10,1.1688496684
2030,sc01,06-06 20:00:00+02:00,CT NG 69,0.0
2030,sc01,06-06 20:00:00+02:00,CT NG 68,0.0
2030,sc01,06-07 05:00:00+02:00,CC NG 13,0.0
2030,sc01,06-07 05:00:00+02:00,CT NG 37,0.0
2030,sc01,06-07 05:00:00+02:00,ST Coal 01,0.0
2030,sc01,06-07 05:00:00+02:00,CT NG 09,0.0
2030,sc01,06-07 05:00:00+02:00,CT NG 47,0.0
2030,sc01,06-07 05:00:00+02:00,Solar 69,17.6146664672
2030,sc01,06-07 05:00:00+02:00,Solar 34,1.8876087642000001
2030,sc01,06-07 05:00:00+02:00,Solar 73,0.0
2030,sc01,06-07 05:00:00+02:00,Biomass 37,0.0
2030,sc01,06-07 05:00:00+02:00,Hydro 20,0.0
2030,sc01,06-07 05:00:00+02:00,Solar 01,0.53592940369
2030,sc01,06-07 05:00:00+02:00,Solar 62,0.0
2030,sc01,06-07 05:00:00+02:00,Solar 02,0.48050411319
2030,sc01,06-07 05:00:00+02:00,CT NG 26,0.0
2030,sc01,06-07 05:00:00+02:00,Biomass 20,0.01739
2030,sc01,06-07 05:00:00+02:00,Wind 16,32.56307757356364
2030,sc01,06-07 05:00:00+02:00,CT NG 66,0.0
2030,sc01,06-07 05:00:00+02:00,Solar 39,0.0
2030,sc01,06-07 05:00:00+02:00,Biomass 41,0.0
2030,sc01,06-07 05:00:00+02:00,Solar 72,0.31654962555199995
2030,sc01,06-07 05:00:00+02:00,ST NG 03,0.0
2030,sc01,06-07 05:00:00+02:00,Hydro 21,0.0
2030,sc01,06-07 05:00:00+02:00,CT NG 03,0.0
2030,sc01,06-07 05:00:00+02:00,CC NG 09,0.0
2030,sc01,06-07 05:00:00+02:00,CT Oil 02,0.0
2030,sc01,06-07 05:00:00+02:00,CT NG 39,0.0
2030,sc01,06-07 05:00:00+02:00,CC NG 08,0.0
2030,sc01,06-07 05:00:00+02:00,Biomass 43,0.0
2030,sc01,06-07 05:00:00+02:00,CT NG 18,0.17761769999999996
2030,sc01,06-07 05:00:00+02:00,ST NG 07,0.0
2030,sc01,06-07 05:00:00+02:00,Biomass 35,0.0
2030,sc01,06-07 05:00:00+02:00,Solar 32,3.39632130286
2030,sc01,06-07 05:00:00+02:00,Biomass 15,0.00987
2030,sc01,06-07 05:00:00+02:00,CC NG 31,0.0
2030,sc01,06-07 05:00:00+02:00,Solar 16,0.026400893391999997
2030,sc01,06-07 05:00:00+02:00,Solar 68,1.13730868323
2030,sc01,06-07 05:00:00+02:00,CT NG 21,0.0
2030,sc01,06-07 05:00:00+02:00,Wind 11,2.1610997197
2030,sc01,06-07 05:00:00+02:00,CC NG 37,0.0
2030,sc01,06-07 05:00:00+02:00,CT NG 22,0.0
2030,sc01,06-07 05:00:00+02:00,Hydro 16,0.023387199999999997
2030,sc01,06-07 05:00:00+02:00,Biomass 59,0.19458000000000003
2030,sc01,06-07 05:00:00+02:00,CC NG 01,0.0
2030,sc01,06-07 05:00:00+02:00,Biomass 16,0.00987
2030,sc01,06-07 05:00:00+02:00,Solar 03,0.0
2030,sc01,06-07 05:00:00+02:00,Solar 44,0.0
2030,sc01,06-07 05:00:00+02:00,CT NG 08,0.0
2030,sc01,06-07 05:00:00+02:00,Wind 05,0.029269962520000005
2030,sc01,06-07 05:00:00+02:00,Biomass 26,0.07943
2030,sc01,06-07 05:00:00+02:00,Solar 37,0.0
2030,sc01,06-07 05:00:00+02:00,Biomass 11,0.01645
2030,sc01,06-07 05:00:00+02:00,Solar 59,0.10551463904000001
2030,sc01,06-07 05:00:00+02:00,CT NG 11,0.0
2030,sc01,06-07 05:00:00+02:00,Biomass 30,0.07943
2030,sc01,06-07 05:00:00+02:00,Hydro 23,0.0
2030,sc01,06-07 05:00:00+02:00,CC NG 24,0.0
2030,sc01,06-07 05:00:00+02:00,Solar 65,0.4246379917359999
2030,sc01,06-07 05:00:00+02:00,CC NG 18,0.0
2030,sc01,06-07 05:00:00+02:00,CT NG 16,0.0
2030,sc01,06-07 05:00:00+02:00,Solar 51,0.0
2030,sc01,06-07 05:00:00+02:00,Wind 06,2.06421678247
2030,sc01,06-07 05:00:00+02:00,CC NG 26,0.0
2030,sc01,06-07 05:00:00+02:00,CC NG 23,0.0
2030,sc01,06-07 05:00:00+02:00,CT NG 43,0.0
2030,sc01,06-07 05:00:00+02:00,CC NG 11,0.0
2030,sc01,06-07 05:00:00+02:00,CT NG 02,0.0
2030,sc01,06-07 05:00:00+02:00,CT NG 50,0.0
2030,sc01,06-07 05:00:00+02:00,Hydro 27,0.0
2030,sc01,06-07 05:00:00+02:00,CT NG 13,0.0
2030,sc01,06-07 05:00:00+02:00,CT NG 25,0.0
2030,sc01,06-07 05:00:00+02:00,CC NG 05,0.0
2030,sc01,06-07 05:00:00+02:00,Solar 04,0.033805732864
2030,sc01,06-07 05:00:00+02:00,Solar 30,0.025458685144
2030,sc01,06-07 05:00:00+02:00,Solar 29,0.043441845824
2030,sc01,06-07 05:00:00+02:00,Solar 53,0.0
2030,sc01,06-07 05:00:00+02:00,Solar 21,0.1282717796
2030,sc01,06-07 05:00:00+02:00,Biomass 58,0.10246000000000001
2030,sc01,06-07 05:00:00+02:00,CT NG 74,0.0
2030,sc01,06-07 05:00:00+02:00,Solar 61,0.020718984432
2030,sc01,06-07 05:00:00+02:00,Wind 07,1.99515909356
2030,sc01,06-07 05:00:00+02:00,Biomass 31,0.07943
2030,sc01,06-07 05:00:00+02:00,CT Oil 05,0.0
2030,sc01,06-07 05:00:00+02:00,Biomass 38,0.0
2030,sc01,06-07 05:00:00+02:00,Solar 41,0.0
2030,sc01,06-07 05:00:00+02:00,Biomass 51,0.0
2030,sc01,06-07 05:00:00+02:00,Biomass 55,0.11703000000000002
2030,sc01,06-07 05:00:00+02:00,Wind 15,0.0
2030,sc01,06-07 05:00:00+02:00,Geo 01,0.0
2030,sc01,06-07 05:00:00+02:00,Biomass 60,0.1269
2030,sc01,06-07 05:00:00+02:00,CT NG 38,0.0
2030,sc01,06-07 05:00:00+02:00,Solar 66,0.84170104771
2030,sc01,06-07 05:00:00+02:00,Solar 49,0.0
2030,sc01,06-07 05:00:00+02:00,CT NG 51,0.0
2030,sc01,06-07 05:00:00+02:00,Biomass 18,0.00987
2030,sc01,06-07 05:00:00+02:00,ICE NG 01,0.0
2030,sc01,06-07 05:00:00+02:00,Solar 15,0.073357468024
2030,sc01,06-07 05:00:00+02:00,ICE NG 05,0.0
2030,sc01,06-07 05:00:00+02:00,CT Oil 04,0.0
2030,sc01,06-07 05:00:00+02:00,CC NG 20,0.0
2030,sc01,06-07 05:00:00+02:00,Solar 20,0.046829770512000005
2030,sc01,06-07 05:00:00+02:00,Biomass 04,0.0
2030,sc01,06-07 05:00:00+02:00,Wind 02,4.991716408699999
2030,sc01,06-07 05:00:00+02:00,Hydro 25,0.0
2030,sc01,06-07 05:00:00+02:00,Solar 75,0.0
2030,sc01,06-07 05:00:00+02:00,Hydro 33,0.0
2030,sc01,06-07 05:00:00+02:00,ST NG 05,0.0
2030,sc01,06-07 05:00:00+02:00,CT NG 07,0.0
2030,sc01,06-07 05:00:00+02:00,Wind 01,1.2766380687
2030,sc01,06-07 05:00:00+02:00,Solar 56,0.0
2030,sc01,06-07 05:00:00+02:00,Biomass 09,0.036660000000000005
2030,sc01,06-07 05:00:00+02:00,Biomass 53,0.11703000000000002
2030,sc01,06-07 05:00:00+02:00,Wind 17,0.0
2030,sc01,06-07 05:00:00+02:00,ST NG 08,0.0
2030,sc01,06-07 05:00:00+02:00,Hydro 19,0.0
2030,sc01,06-07 05:00:00+02:00,ST NG 02,0.0
2030,sc01,06-07 05:00:00+02:00,Biomass 01,0.049350000000000005
2030,sc01,06-07 05:00:00+02:00,Biomass 57,0.10246000000000001
2030,sc01,06-07 05:00:00+02:00,CT NG 49,0.0
2030,sc01,06-07 05:00:00+02:00,CT NG 31,0.0
2030,sc01,06-07 05:00:00+02:00,Solar 64,0.222934496896
2030,sc01,06-07 05:00:00+02:00,CC NG 33,0.0
2030,sc01,06-07 05:00:00+02:00,Solar 46,0.0
2030,sc01,06-07 05:00:00+02:00,Biomass 12,0.01645
2030,sc01,06-07 05:00:00+02:00,Wind 04,0.23618879167999995
2030,sc01,06-07 05:00:00+02:00,Solar 13,0.0
2030,sc01,06-07 05:00:00+02:00,CT NG 55,0.0
2030,sc01,06-07 05:00:00+02:00,Wind N03,176.8357407994461
2030,sc01,06-07 05:00:00+02:00,CT NG 28,0.0
2030,sc01,06-07 05:00:00+02:00,Wind 09,0.49881924427
2030,sc01,06-07 05:00:00+02:00,Solar 60,0.127175987384
2030,sc01,06-07 05:00:00+02:00,Solar 25,0.013504326136
2030,sc01,06-07 05:00:00+02:00,CT NG 23,0.0
2030,sc01,06-07 05:00:00+02:00,ST Other 01,0.0
2030,sc01,06-07 05:00:00+02:00,Solar 70,1.8580968532
2030,sc01,06-07 05:00:00+02:00,CC NG 34,0.0
2030,sc01,06-07 05:00:00+02:00,Solar 48,0.0
2030,sc01,06-07 05:00:00+02:00,Biomass 56,0.11562
2030,sc01,06-07 05:00:00+02:00,CT NG 36,0.0
2030,sc01,06-07 05:00:00+02:00,Solar 47,0.0
2030,sc01,06-07 05:00:00+02:00,Hydro 17,0.0
2030,sc01,06-07 05:00:00+02:00,Solar 09,0.089503551736
2030,sc01,06-07 05:00:00+02:00,Solar 08,0.017484364344
2030,sc01,06-07 05:00:00+02:00,CT NG 45,0.0
2030,sc01,06-07 05:00:00+02:00,ST NG 04,0.0
2030,sc01,06-07 05:00:00+02:00,Solar 40,0.0
2030,sc01,06-07 05:00:00+02:00,Biomass 47,0.0
2030,sc01,06-07 05:00:00+02:00,Solar 50,0.0
2030,sc01,06-07 05:00:00+02:00,Solar 52,0.0
2030,sc01,06-07 05:00:00+02:00,Solar 63,0.47608356579
2030,sc01,06-07 05:00:00+02:00,CC NG 06,0.0
2030,sc01,06-07 05:00:00+02:00,Biomass 39,0.0
2030,sc01,06-07 05:00:00+02:00,Solar 67,0.317362498824
2030,sc01,06-07 05:00:00+02:00,Solar 19,0.0
2030,sc01,06-07 05:00:00+02:00,Wind 12,7.5127959669
2030,sc01,06-07 05:00:00+02:00,Solar 24,0.01007222596
2030,sc01,06-07 05:00:00+02:00,ICE NG 02,0.0
2030,sc01,06-07 05:00:00+02:00,Solar 05,0.0
2030,sc01,06-07 05:00:00+02:00,CT NG 54,0.0
2030,sc01,06-07 05:00:00+02:00,Wind N01,71.27524380300001
2030,sc01,06-07 05:00:00+02:00,CT NG 27,0.0
2030,sc01,06-07 05:00:00+02:00,CC NG 36,0.0
2030,sc01,06-07 05:00:00+02:00,Wind N02,111.31213780339255
2030,sc01,06-07 05:00:00+02:00,CT NG 52,0.0
2030,sc01,06-07 05:00:00+02:00,Solar 35,0.70193806562
2030,sc01,06-07 05:00:00+02:00,CT NG 05,0.0
2030,sc01,06-07 05:00:00+02:00,Biomass 36,0.0
2030,sc01,06-07 05:00:00+02:00,CT NG 34,0.0
2030,sc01,06-07 05:00:00+02:00,CT Oil 03,0.0
2030,sc01,06-07 05:00:00+02:00,Hydro 35,0.0070161600000000005
2030,sc01,06-07 05:00:00+02:00,Solar 14,0.08155698612800001
2030,sc01,06-07 05:00:00+02:00,CT NG 75,0.0
2030,sc01,06-07 05:00:00+02:00,ST NG 09,0.0
2030,sc01,06-07 05:00:00+02:00,CT NG 56,0.0
2030,sc01,06-07 05:00:00+02:00,Biomass 22,0.01739
2030,sc01,06-07 05:00:00+02:00,Solar 18,0.086023294608
2030,sc01,06-07 05:00:00+02:00,Biomass 13,0.01645
2030,sc01,06-07 05:00:00+02:00,CT NG 71,0.0
2030,sc01,06-07 05:00:00+02:00,Solar 58,0.0
2030,sc01,06-07 05:00:00+02:00,Solar 06,0.022079572768000003
2030,sc01,06-07 05:00:00+02:00,Biomass 08,0.036660000000000005
2030,sc01,06-07 05:00:00+02:00,CT NG 72,0.0
2030,sc01,06-07 05:00:00+02:00,Hydro 18,0.0
2030,sc01,06-07 05:00:00+02:00,Solar 10,0.045108167656
2030,sc01,06-07 05:00:00+02:00,CT NG 04,0.0
2030,sc01,06-07 05:00:00+02:00,ST Other 02,0.0
2030,sc01,06-07 05:00:00+02:00,CT NG 12,0.0
2030,sc01,06-07 05:00:00+02:00,CT NG 48,0.0
2030,sc01,06-07 05:00:00+02:00,ST NG 10,0.0
2030,sc01,06-07 05:00:00+02:00,Solar 22,0.04518421139999999
2030,sc01,06-07 05:00:00+02:00,Solar 28,0.0404346076
2030,sc01,06-07 05:00:00+02:00,CT NG 73,0.0
2030,sc01,06-07 05:00:00+02:00,Biomass 52,0.0
2030,sc01,06-07 05:00:00+02:00,CT NG 30,0.0
2030,sc01,06-07 05:00:00+02:00,Solar 54,0.0
2030,sc01,06-07 05:00:00+02:00,Solar 31,2.36942604987
2030,sc01,06-07 05:00:00+02:00,Biomass 03,0.0
2030,sc01,06-07 05:00:00+02:00,CT NG 32,0.0
2030,sc01,06-07 05:00:00+02:00,Biomass 27,0.07943
2030,sc01,06-07 05:00:00+02:00,CC NG 14,0.0
2030,sc01,06-07 05:00:00+02:00,CC NG 03,0.0
2030,sc01,06-07 05:00:00+02:00,CC NG 29,0.0
2030,sc01,06-07 05:00:00+02:00,CC NG 28,0.0
2030,sc01,06-07 05:00:00+02:00,CC NG 25,0.0
2030,sc01,06-07 05:00:00+02:00,CT NG 44,0.0
2030,sc01,06-07 05:00:00+02:00,CT NG 14,0.0
2030,sc01,06-07 05:00:00+02:00,CC NG 15,0.0
2030,sc01,06-07 05:00:00+02:00,CC NG 04,0.0
2030,sc01,06-07 05:00:00+02:00,Biomass 29,0.07943
2030,sc01,06-07 05:00:00+02:00,Wind 14,3.673323940370892
2030,sc01,06-07 05:00:00+02:00,Wind 08,0.55401894182
2030,sc01,06-07 05:00:00+02:00,Biomass 61,0.0
2030,sc01,06-07 05:00:00+02:00,CT NG 35,0.0
2030,sc01,06-07 05:00:00+02:00,Solar 33,2.60182620962
2030,sc01,06-07 05:00:00+02:00,CT NG 41,0.0
2030,sc01,06-07 05:00:00+02:00,CT NG 15,0.0
2030,sc01,06-07 05:00:00+02:00,Solar 42,0.0
2030,sc01,06-07 05:00:00+02:00,Solar 07,0.0
2030,sc01,06-07 05:00:00+02:00,Solar 43,0.0
2030,sc01,06-07 05:00:00+02:00,Biomass 05,0.02162
2030,sc01,06-07 05:00:00+02:00,CT NG 29,0.0
2030,sc01,06-07 05:00:00+02:00,Solar 71,0.0
2030,sc01,06-07 05:00:00+02:00,CT NG 53,0.0
2030,sc01,06-07 05:00:00+02:00,CT NG 20,0.0
2030,sc01,06-07 05:00:00+02:00,Biomass 14,0.03619
2030,sc01,06-07 05:00:00+02:00,Solar 26,0.012505948751999998
2030,sc01,06-07 05:00:00+02:00,Hydro 29,0.0
2030,sc01,06-07 05:00:00+02:00,Hydro 31,0.011693599999999998
2030,sc01,06-07 05:00:00+02:00,Biomass 24,0.01457
2030,sc01,06-07 05:00:00+02:00,Biomass 54,0.11703000000000002
2030,sc01,06-07 05:00:00+02:00,Solar 36,2.53107701703
2030,sc01,06-07 05:00:00+02:00,Wind 03,0.55887166879
2030,sc01,06-07 05:00:00+02:00,Biomass 40,0.0
2030,sc01,06-07 05:00:00+02:00,Biomass 49,0.0
2030,sc01,06-07 05:00:00+02:00,CC NG 16,22.358211644925916
2030,sc01,06-07 05:00:00+02:00,Biomass 48,0.0
2030,sc01,06-07 05:00:00+02:00,Hydro 28,0.0
2030,sc01,06-07 05:00:00+02:00,Biomass 17,0.00987
2030,sc01,06-07 05:00:00+02:00,CT NG 33,0.0
2030,sc01,06-07 05:00:00+02:00,Solar 45,0.0
2030,sc01,06-07 05:00:00+02:00,Hydro 24,0.0
2030,sc01,06-07 05:00:00+02:00,Wind 13,4.51036679512
2030,sc01,06-07 05:00:00+02:00,Biomass 07,0.094
2030,sc01,06-07 05:00:00+02:00,Biomass 34,0.0
2030,sc01,06-07 05:00:00+02:00,Biomass 33,0.0
2030,sc01,06-07 05:00:00+02:00,CT NG 01,0.0
2030,sc01,06-07 05:00:00+02:00,ICE NG 03,0.0
2030,sc01,06-07 05:00:00+02:00,Solar 55,0.0
2030,sc01,06-07 05:00:00+02:00,Solar 11,0.013814600207999999
2030,sc01,06-07 05:00:00+02:00,CT NG 06,0.0
2030,sc01,06-07 05:00:00+02:00,CT NG 70,0.0
2030,sc01,06-07 05:00:00+02:00,Solar 23,0.0
2030,sc01,06-07 05:00:00+02:00,CT NG 67,0.0
2030,sc01,06-07 05:00:00+02:00,Solar 12,0.010693960008
2030,sc01,06-07 05:00:00+02:00,CT Oil 01,0.0
2030,sc01,06-07 05:00:00+02:00,Hydro 26,0.0
2030,sc01,06-07 05:00:00+02:00,CC NG 22,0.0
2030,sc01,06-07 05:00:00+02:00,CC NG 35,0.0
2030,sc01,06-07 05:00:00+02:00,Biomass 50,0.0
2030,sc01,06-07 05:00:00+02:00,ICE NG 04,0.0
2030,sc01,06-07 05:00:00+02:00,CC NG 39,0.0
2030,sc01,06-07 05:00:00+02:00,Hydro 32,0.014032320000000001
2030,sc01,06-07 05:00:00+02:00,ICE NG 07,0.0
2030,sc01,06-07 05:00:00+02:00,Biomass 46,0.0
2030,sc01,06-07 05:00:00+02:00,CC NG 38,0.0
2030,sc01,06-07 05:00:00+02:00,CC NG 12,0.0
2030,sc01,06-07 05:00:00+02:00,Solar 57,0.0
2030,sc01,06-07 05:00:00+02:00,CC NG 32,0.0
2030,sc01,06-07 05:00:00+02:00,CC NG 07,0.0
2030,sc01,06-07 05:00:00+02:00,Biomass 44,0.0
2030,sc01,06-07 05:00:00+02:00,CT NG 40,0.0
2030,sc01,06-07 05:00:00+02:00,Solar 74,0.19405441366399998
2030,sc01,06-07 05:00:00+02:00,Hydro 30,0.0
2030,sc01,06-07 05:00:00+02:00,CT NG 42,0.0
2030,sc01,06-07 05:00:00+02:00,Hydro 22,0.0
2030,sc01,06-07 05:00:00+02:00,Solar 17,0.020975129544
2030,sc01,06-07 05:00:00+02:00,Solar 38,0.0
2030,sc01,06-07 05:00:00+02:00,CT NG 24,0.0
2030,sc01,06-07 05:00:00+02:00,CC NG 27,0.0
2030,sc01,06-07 05:00:00+02:00,Biomass 21,0.01739
2030,sc01,06-07 05:00:00+02:00,ICE NG 06,0.0
2030,sc01,06-07 05:00:00+02:00,Biomass 25,0.01457
2030,sc01,06-07 05:00:00+02:00,Solar 27,0.0
2030,sc01,06-07 05:00:00+02:00,CT NG 19,0.0
2030,sc01,06-07 05:00:00+02:00,Biomass 42,0.0
2030,sc01,06-07 05:00:00+02:00,Biomass 19,0.01739
2030,sc01,06-07 05:00:00+02:00,Biomass 06,0.02162
2030,sc01,06-07 05:00:00+02:00,CT NG 10,0.0
2030,sc01,06-07 05:00:00+02:00,CC NG 40,0.0
2030,sc01,06-07 05:00:00+02:00,CC NG 21,0.0
2030,sc01,06-07 05:00:00+02:00,Biomass 02,0.049350000000000005
2030,sc01,06-07 05:00:00+02:00,CT NG 46,0.0
2030,sc01,06-07 05:00:00+02:00,Hydro 34,0.0
2030,sc01,06-07 05:00:00+02:00,Biomass 10,0.036660000000000005
2030,sc01,06-07 05:00:00+02:00,CT NG 17,0.0
2030,sc01,06-07 05:00:00+02:00,Biomass 62,0.09728999999999999
2030,sc01,06-07 05:00:00+02:00,Biomass 32,0.05639999999999999
2030,sc01,06-07 05:00:00+02:00,CC NG 19,6.36286
2030,sc01,06-07 05:00:00+02:00,CC NG 17,0.0
2030,sc01,06-07 05:00:00+02:00,ST NG 01,0.0
2030,sc01,06-07 05:00:00+02:00,Biomass 45,0.0
2030,sc01,06-07 05:00:00+02:00,Biomass 28,0.07943
2030,sc01,06-07 05:00:00+02:00,CC NG 10,0.0
2030,sc01,06-07 05:00:00+02:00,Biomass 23,0.01457
2030,sc01,06-07 05:00:00+02:00,ST NG 06,0.0
2030,sc01,06-07 05:00:00+02:00,Wind 10,0.47985334602
2030,sc01,06-07 05:00:00+02:00,CT NG 69,0.0
2030,sc01,06-07 05:00:00+02:00,CT NG 68,0.0
2030,sc01,06-12 23:00:00+02:00,CC NG 13,0.0
2030,sc01,06-12 23:00:00+02:00,CT NG 37,0.0
2030,sc01,06-12 23:00:00+02:00,ST Coal 01,0.0
2030,sc01,06-12 23:00:00+02:00,CT NG 09,0.0
2030,sc01,06-12 23:00:00+02:00,CT NG 47,0.0
2030,sc01,06-12 23:00:00+02:00,Solar 69,0.0
2030,sc01,06-12 23:00:00+02:00,Solar 34,0.0
2030,sc01,06-12 23:00:00+02:00,Solar 73,0.0
2030,sc01,06-12 23:00:00+02:00,Biomass 37,0.0
2030,sc01,06-12 23:00:00+02:00,Hydro 20,0.0
2030,sc01,06-12 23:00:00+02:00,Solar 01,0.0
2030,sc01,06-12 23:00:00+02:00,Solar 62,0.0
2030,sc01,06-12 23:00:00+02:00,Solar 02,0.0
2030,sc01,06-12 23:00:00+02:00,CT NG 26,0.0
2030,sc01,06-12 23:00:00+02:00,Biomass 20,0.0
2030,sc01,06-12 23:00:00+02:00,Wind 16,12.40929308903172
2030,sc01,06-12 23:00:00+02:00,CT NG 66,0.0
2030,sc01,06-12 23:00:00+02:00,Solar 39,0.0
2030,sc01,06-12 23:00:00+02:00,Biomass 41,0.0
2030,sc01,06-12 23:00:00+02:00,Solar 72,0.0
2030,sc01,06-12 23:00:00+02:00,ST NG 03,0.0
2030,sc01,06-12 23:00:00+02:00,Hydro 21,1.78292088
2030,sc01,06-12 23:00:00+02:00,CT NG 03,0.0
2030,sc01,06-12 23:00:00+02:00,CC NG 09,0.0
2030,sc01,06-12 23:00:00+02:00,CT Oil 02,0.0
2030,sc01,06-12 23:00:00+02:00,CT NG 39,0.0
2030,sc01,06-12 23:00:00+02:00,CC NG 08,0.0
2030,sc01,06-12 23:00:00+02:00,Biomass 43,0.0
2030,sc01,06-12 23:00:00+02:00,CT NG 18,0.0
2030,sc01,06-12 23:00:00+02:00,ST NG 07,0.0
2030,sc01,06-12 23:00:00+02:00,Biomass 35,0.0
2030,sc01,06-12 23:00:00+02:00,Solar 32,0.0
2030,sc01,06-12 23:00:00+02:00,Biomass 15,0.0
2030,sc01,06-12 23:00:00+02:00,CC NG 31,0.0
2030,sc01,06-12 23:00:00+02:00,Solar 16,0.0
2030,sc01,06-12 23:00:00+02:00,Solar 68,0.0
2030,sc01,06-12 23:00:00+02:00,CT NG 21,0.0
2030,sc01,06-12 23:00:00+02:00,Wind 11,0.0
2030,sc01,06-12 23:00:00+02:00,CC NG 37,0.0
2030,sc01,06-12 23:00:00+02:00,CT NG 22,0.0
2030,sc01,06-12 23:00:00+02:00,Hydro 16,0.0
2030,sc01,06-12 23:00:00+02:00,Biomass 59,0.0
2030,sc01,06-12 23:00:00+02:00,CC NG 01,0.0
2030,sc01,06-12 23:00:00+02:00,Biomass 16,0.0
2030,sc01,06-12 23:00:00+02:00,Solar 03,0.0
2030,sc01,06-12 23:00:00+02:00,Solar 44,0.0
2030,sc01,06-12 23:00:00+02:00,CT NG 08,0.0
2030,sc01,06-12 23:00:00+02:00,Wind 05,0.050691483440000004
2030,sc01,06-12 23:00:00+02:00,Biomass 26,0.0
2030,sc01,06-12 23:00:00+02:00,Solar 37,0.0
2030,sc01,06-12 23:00:00+02:00,Biomass 11,0.0
2030,sc01,06-12 23:00:00+02:00,Solar 59,0.0
2030,sc01,06-12 23:00:00+02:00,CT NG 11,0.0
2030,sc01,06-12 23:00:00+02:00,Biomass 30,0.0
2030,sc01,06-12 23:00:00+02:00,Hydro 23,0.0
2030,sc01,06-12 23:00:00+02:00,CC NG 24,0.0
2030,sc01,06-12 23:00:00+02:00,Solar 65,0.0
2030,sc01,06-12 23:00:00+02:00,CC NG 18,0.0
2030,sc01,06-12 23:00:00+02:00,CT NG 16,0.0
2030,sc01,06-12 23:00:00+02:00,Solar 51,0.0
2030,sc01,06-12 23:00:00+02:00,Wind 06,0.0
2030,sc01,06-12 23:00:00+02:00,CC NG 26,0.0
2030,sc01,06-12 23:00:00+02:00,CC NG 23,0.0
2030,sc01,06-12 23:00:00+02:00,CT NG 43,0.0
2030,sc01,06-12 23:00:00+02:00,CC NG 11,0.0
2030,sc01,06-12 23:00:00+02:00,CT NG 02,0.0
2030,sc01,06-12 23:00:00+02:00,CT NG 50,0.0
2030,sc01,06-12 23:00:00+02:00,Hydro 27,0.0
2030,sc01,06-12 23:00:00+02:00,CT NG 13,0.0
2030,sc01,06-12 23:00:00+02:00,CT NG 25,0.0
2030,sc01,06-12 23:00:00+02:00,CC NG 05,0.0
2030,sc01,06-12 23:00:00+02:00,Solar 04,0.0
2030,sc01,06-12 23:00:00+02:00,Solar 30,0.0
2030,sc01,06-12 23:00:00+02:00,Solar 29,0.0
2030,sc01,06-12 23:00:00+02:00,Solar 53,0.0
2030,sc01,06-12 23:00:00+02:00,Solar 21,0.0
2030,sc01,06-12 23:00:00+02:00,Biomass 58,0.0
2030,sc01,06-12 23:00:00+02:00,CT NG 74,0.0
2030,sc01,06-12 23:00:00+02:00,Solar 61,0.0
2030,sc01,06-12 23:00:00+02:00,Wind 07,0.0
2030,sc01,06-12 23:00:00+02:00,Biomass 31,0.0
2030,sc01,06-12 23:00:00+02:00,CT Oil 05,0.0
2030,sc01,06-12 23:00:00+02:00,Biomass 38,0.0
2030,sc01,06-12 23:00:00+02:00,Solar 41,0.0
2030,sc01,06-12 23:00:00+02:00,Biomass 51,0.0
2030,sc01,06-12 23:00:00+02:00,Biomass 55,0.0
2030,sc01,06-12 23:00:00+02:00,Wind 15,0.0
2030,sc01,06-12 23:00:00+02:00,Geo 01,0.0
2030,sc01,06-12 23:00:00+02:00,Biomass 60,0.0
2030,sc01,06-12 23:00:00+02:00,CT NG 38,0.0
2030,sc01,06-12 23:00:00+02:00,Solar 66,0.0
2030,sc01,06-12 23:00:00+02:00,Solar 49,0.0
2030,sc01,06-12 23:00:00+02:00,CT NG 51,0.0
2030,sc01,06-12 23:00:00+02:00,Biomass 18,0.0
2030,sc01,06-12 23:00:00+02:00,ICE NG 01,0.0
2030,sc01,06-12 23:00:00+02:00,Solar 15,0.0
2030,sc01,06-12 23:00:00+02:00,ICE NG 05,0.0
2030,sc01,06-12 23:00:00+02:00,CT Oil 04,0.0
2030,sc01,06-12 23:00:00+02:00,CC NG 20,0.0
2030,sc01,06-12 23:00:00+02:00,Solar 20,0.0
2030,sc01,06-12 23:00:00+02:00,Biomass 04,0.0
2030,sc01,06-12 23:00:00+02:00,Wind 02,4.6358388154
2030,sc01,06-12 23:00:00+02:00,Hydro 25,0.612963
2030,sc01,06-12 23:00:00+02:00,Solar 75,0.0
2030,sc01,06-12 23:00:00+02:00,Hydro 33,0.0
2030,sc01,06-12 23:00:00+02:00,ST NG 05,0.0
2030,sc01,06-12 23:00:00+02:00,CT NG 07,0.0
2030,sc01,06-12 23:00:00+02:00,Wind 01,1.22247004932
2030,sc01,06-12 23:00:00+02:00,Solar 56,0.0
2030,sc01,06-12 23:00:00+02:00,Biomass 09,0.0
2030,sc01,06-12 23:00:00+02:00,Biomass 53,0.0
2030,sc01,06-12 23:00:00+02:00,Wind 17,17.2959178756
2030,sc01,06-12 23:00:00+02:00,ST NG 08,0.0
2030,sc01,06-12 23:00:00+02:00,Hydro 19,0.0
2030,sc01,06-12 23:00:00+02:00,ST NG 02,0.0
2030,sc01,06-12 23:00:00+02:00,Biomass 01,0.0
2030,sc01,06-12 23:00:00+02:00,Biomass 57,0.0
2030,sc01,06-12 23:00:00+02:00,CT NG 49,0.0
2030,sc01,06-12 23:00:00+02:00,CT NG 31,0.0
2030,sc01,06-12 23:00:00+02:00,Solar 64,0.0
2030,sc01,06-12 23:00:00+02:00,CC NG 33,0.0
2030,sc01,06-12 23:00:00+02:00,Solar 46,0.0
2030,sc01,06-12 23:00:00+02:00,Biomass 12,0.0
2030,sc01,06-12 23:00:00+02:00,Wind 04,0.0
2030,sc01,06-12 23:00:00+02:00,Solar 13,0.0
2030,sc01,06-12 23:00:00+02:00,CT NG 55,0.0
2030,sc01,06-12 23:00:00+02:00,Wind N03,91.16948307882126
2030,sc01,06-12 23:00:00+02:00,CT NG 28,0.0
2030,sc01,06-12 23:00:00+02:00,Wind 09,0.0
2030,sc01,06-12 23:00:00+02:00,Solar 60,0.0
2030,sc01,06-12 23:00:00+02:00,Solar 25,0.0
2030,sc01,06-12 23:00:00+02:00,CT NG 23,0.0
2030,sc01,06-12 23:00:00+02:00,ST Other 01,0.0
2030,sc01,06-12 23:00:00+02:00,Solar 70,0.0
2030,sc01,06-12 23:00:00+02:00,CC NG 34,0.0
2030,sc01,06-12 23:00:00+02:00,Solar 48,0.0
2030,sc01,06-12 23:00:00+02:00,Biomass 56,0.0
2030,sc01,06-12 23:00:00+02:00,CT NG 36,0.0
2030,sc01,06-12 23:00:00+02:00,Solar 47,0.0
2030,sc01,06-12 23:00:00+02:00,Hydro 17,0.02121795
2030,sc01,06-12 23:00:00+02:00,Solar 09,0.0
2030,sc01,06-12 23:00:00+02:00,Solar 08,0.0
2030,sc01,06-12 23:00:00+02:00,CT NG 45,0.0
2030,sc01,06-12 23:00:00+02:00,ST NG 04,0.0
2030,sc01,06-12 23:00:00+02:00,Solar 40,0.0
2030,sc01,06-12 23:00:00+02:00,Biomass 47,0.0
2030,sc01,06-12 23:00:00+02:00,Solar 50,0.0
2030,sc01,06-12 23:00:00+02:00,Solar 52,0.0
2030,sc01,06-12 23:00:00+02:00,Solar 63,0.0
2030,sc01,06-12 23:00:00+02:00,CC NG 06,0.0
2030,sc01,06-12 23:00:00+02:00,Biomass 39,0.0
2030,sc01,06-12 23:00:00+02:00,Solar 67,0.0
2030,sc01,06-12 23:00:00+02:00,Solar 19,0.0
2030,sc01,06-12 23:00:00+02:00,Wind 12,11.264729130200001
2030,sc01,06-12 23:00:00+02:00,Solar 24,0.0
2030,sc01,06-12 23:00:00+02:00,ICE NG 02,0.0
2030,sc01,06-12 23:00:00+02:00,Solar 05,0.0
2030,sc01,06-12 23:00:00+02:00,CT NG 54,0.0
2030,sc01,06-12 23:00:00+02:00,Wind N01,71.85457663390089
2030,sc01,06-12 23:00:00+02:00,CT NG 27,0.0
2030,sc01,06-12 23:00:00+02:00,CC NG 36,0.0
2030,sc01,06-12 23:00:00+02:00,Wind N02,0.0
2030,sc01,06-12 23:00:00+02:00,CT NG 52,0.0
2030,sc01,06-12 23:00:00+02:00,Solar 35,0.0
2030,sc01,06-12 23:00:00+02:00,CT NG 05,0.0
2030,sc01,06-12 23:00:00+02:00,Biomass 36,0.0
2030,sc01,06-12 23:00:00+02:00,CT NG 34,0.0
2030,sc01,06-12 23:00:00+02:00,CT Oil 03,0.0
2030,sc01,06-12 23:00:00+02:00,Hydro 35,0.0037720799999999997
2030,sc01,06-12 23:00:00+02:00,Solar 14,0.0
2030,sc01,06-12 23:00:00+02:00,CT NG 75,0.0
2030,sc01,06-12 23:00:00+02:00,ST NG 09,0.0
2030,sc01,06-12 23:00:00+02:00,CT NG 56,0.0
2030,sc01,06-12 23:00:00+02:00,Biomass 22,0.0
2030,sc01,06-12 23:00:00+02:00,Solar 18,0.0
2030,sc01,06-12 23:00:00+02:00,Biomass 13,0.0
2030,sc01,06-12 23:00:00+02:00,CT NG 71,0.0
2030,sc01,06-12 23:00:00+02:00,Solar 58,0.0
2030,sc01,06-12 23:00:00+02:00,Solar 06,0.0
2030,sc01,06-12 23:00:00+02:00,Biomass 08,0.0
2030,sc01,06-12 23:00:00+02:00,CT NG 72,0.0
2030,sc01,06-12 23:00:00+02:00,Hydro 18,0.07308405
2030,sc01,06-12 23:00:00+02:00,Solar 10,0.0
2030,sc01,06-12 23:00:00+02:00,CT NG 04,0.0
2030,sc01,06-12 23:00:00+02:00,ST Other 02,0.0
2030,sc01,06-12 23:00:00+02:00,CT NG 12,0.0
2030,sc01,06-12 23:00:00+02:00,CT NG 48,0.0
2030,sc01,06-12 23:00:00+02:00,ST NG 10,0.0
2030,sc01,06-12 23:00:00+02:00,Solar 22,0.0
2030,sc01,06-12 23:00:00+02:00,Solar 28,0.0
2030,sc01,06-12 23:00:00+02:00,CT NG 73,0.0
2030,sc01,06-12 23:00:00+02:00,Biomass 52,0.0
2030,sc01,06-12 23:00:00+02:00,CT NG 30,0.0
2030,sc01,06-12 23:00:00+02:00,Solar 54,0.0
2030,sc01,06-12 23:00:00+02:00,Solar 31,0.0
2030,sc01,06-12 23:00:00+02:00,Biomass 03,0.0
2030,sc01,06-12 23:00:00+02:00,CT NG 32,0.0
2030,sc01,06-12 23:00:00+02:00,Biomass 27,0.0
2030,sc01,06-12 23:00:00+02:00,CC NG 14,0.0
2030,sc01,06-12 23:00:00+02:00,CC NG 03,0.0
2030,sc01,06-12 23:00:00+02:00,CC NG 29,0.0
2030,sc01,06-12 23:00:00+02:00,CC NG 28,0.0
2030,sc01,06-12 23:00:00+02:00,CC NG 25,0.0
2030,sc01,06-12 23:00:00+02:00,CT NG 44,0.0
2030,sc01,06-12 23:00:00+02:00,CT NG 14,0.0
2030,sc01,06-12 23:00:00+02:00,CC NG 15,0.0
2030,sc01,06-12 23:00:00+02:00,CC NG 04,0.0
2030,sc01,06-12 23:00:00+02:00,Biomass 29,0.0
2030,sc01,06-12 23:00:00+02:00,Wind 14,18.982023120078257
2030,sc01,06-12 23:00:00+02:00,Wind 08,0.0
2030,sc01,06-12 23:00:00+02:00,Biomass 61,0.0
2030,sc01,06-12 23:00:00+02:00,CT NG 35,0.0
2030,sc01,06-12 23:00:00+02:00,Solar 33,0.0
2030,sc01,06-12 23:00:00+02:00,CT NG 41,0.0
2030,sc01,06-12 23:00:00+02:00,CT NG 15,0.0
2030,sc01,06-12 23:00:00+02:00,Solar 42,0.0
2030,sc01,06-12 23:00:00+02:00,Solar 07,0.0
2030,sc01,06-12 23:00:00+02:00,Solar 43,0.0
2030,sc01,06-12 23:00:00+02:00,Biomass 05,0.0
2030,sc01,06-12 23:00:00+02:00,CT NG 29,0.0
2030,sc01,06-12 23:00:00+02:00,Solar 71,0.0
2030,sc01,06-12 23:00:00+02:00,CT NG 53,0.0
2030,sc01,06-12 23:00:00+02:00,CT NG 20,0.0
2030,sc01,06-12 23:00:00+02:00,Biomass 14,0.0
2030,sc01,06-12 23:00:00+02:00,Solar 26,0.0
2030,sc01,06-12 23:00:00+02:00,Hydro 29,0.0
2030,sc01,06-12 23:00:00+02:00,Hydro 31,0.0062867999999999995
2030,sc01,06-12 23:00:00+02:00,Biomass 24,0.0
2030,sc01,06-12 23:00:00+02:00,Biomass 54,0.0
2030,sc01,06-12 23:00:00+02:00,Solar 36,0.0
2030,sc01,06-12 23:00:00+02:00,Wind 03,0.006668841504000001
2030,sc01,06-12 23:00:00+02:00,Biomass 40,0.0
2030,sc01,06-12 23:00:00+02:00,Biomass 49,0.0
2030,sc01,06-12 23:00:00+02:00,CC NG 16,0.0
2030,sc01,06-12 23:00:00+02:00,Biomass 48,0.0
2030,sc01,06-12 23:00:00+02:00,Hydro 28,0.0
2030,sc01,06-12 23:00:00+02:00,Biomass 17,0.0
2030,sc01,06-12 23:00:00+02:00,CT NG 33,0.0
2030,sc01,06-12 23:00:00+02:00,Solar 45,0.0
2030,sc01,06-12 23:00:00+02:00,Hydro 24,0.0
2030,sc01,06-12 23:00:00+02:00,Wind 13,6.2715109548
2030,sc01,06-12 23:00:00+02:00,Biomass 07,0.0
2030,sc01,06-12 23:00:00+02:00,Biomass 34,0.0
2030,sc01,06-12 23:00:00+02:00,Biomass 33,0.0
2030,sc01,06-12 23:00:00+02:00,CT NG 01,0.0
2030,sc01,06-12 23:00:00+02:00,ICE NG 03,0.0
2030,sc01,06-12 23:00:00+02:00,Solar 55,0.0
2030,sc01,06-12 23:00:00+02:00,Solar 11,0.0
2030,sc01,06-12 23:00:00+02:00,CT NG 06,0.0
2030,sc01,06-12 23:00:00+02:00,CT NG 70,0.0
2030,sc01,06-12 23:00:00+02:00,Solar 23,0.0
2030,sc01,06-12 23:00:00+02:00,CT NG 67,0.0
2030,sc01,06-12 23:00:00+02:00,Solar 12,0.0
2030,sc01,06-12 23:00:00+02:00,CT Oil 01,0.0
2030,sc01,06-12 23:00:00+02:00,Hydro 26,0.0
2030,sc01,06-12 23:00:00+02:00,CC NG 22,0.0
2030,sc01,06-12 23:00:00+02:00,CC NG 35,0.0
2030,sc01,06-12 23:00:00+02:00,Biomass 50,0.0
2030,sc01,06-12 23:00:00+02:00,ICE NG 04,0.0
2030,sc01,06-12 23:00:00+02:00,CC NG 39,0.0
2030,sc01,06-12 23:00:00+02:00,Hydro 32,0.007544159999999999
2030,sc01,06-12 23:00:00+02:00,ICE NG 07,0.0
2030,sc01,06-12 23:00:00+02:00,Biomass 46,0.0
2030,sc01,06-12 23:00:00+02:00,CC NG 38,0.0
2030,sc01,06-12 23:00:00+02:00,CC NG 12,0.0
2030,sc01,06-12 23:00:00+02:00,Solar 57,0.0
2030,sc01,06-12 23:00:00+02:00,CC NG 32,0.0
2030,sc01,06-12 23:00:00+02:00,CC NG 07,0.0
2030,sc01,06-12 23:00:00+02:00,Biomass 44,0.0
2030,sc01,06-12 23:00:00+02:00,CT NG 40,0.0
2030,sc01,06-12 23:00:00+02:00,Solar 74,0.0
2030,sc01,06-12 23:00:00+02:00,Hydro 30,0.0
2030,sc01,06-12 23:00:00+02:00,CT NG 42,0.0
2030,sc01,06-12 23:00:00+02:00,Hydro 22,1.78292088
2030,sc01,06-12 23:00:00+02:00,Solar 17,0.0
2030,sc01,06-12 23:00:00+02:00,Solar 38,0.0
2030,sc01,06-12 23:00:00+02:00,CT NG 24,0.0
2030,sc01,06-12 23:00:00+02:00,CC NG 27,0.0
2030,sc01,06-12 23:00:00+02:00,Biomass 21,0.0
2030,sc01,06-12 23:00:00+02:00,ICE NG 06,0.0
2030,sc01,06-12 23:00:00+02:00,Biomass 25,0.0
2030,sc01,06-12 23:00:00+02:00,Solar 27,0.0
2030,sc01,06-12 23:00:00+02:00,CT NG 19,0.0
2030,sc01,06-12 23:00:00+02:00,Biomass 42,0.0
2030,sc01,06-12 23:00:00+02:00,Biomass 19,0.0
2030,sc01,06-12 23:00:00+02:00,Biomass 06,0.0
2030,sc01,06-12 23:00:00+02:00,CT NG 10,0.0
2030,sc01,06-12 23:00:00+02:00,CC NG 40,0.0
2030,sc01,06-12 23:00:00+02:00,CC NG 21,0.0
2030,sc01,06-12 23:00:00+02:00,Biomass 02,0.0
2030,sc01,06-12 23:00:00+02:00,CT NG 46,0.0
2030,sc01,06-12 23:00:00+02:00,Hydro 34,0.0
2030,sc01,06-12 23:00:00+02:00,Biomass 10,0.0
2030,sc01,06-12 23:00:00+02:00,CT NG 17,0.0
2030,sc01,06-12 23:00:00+02:00,Biomass 62,0.0
2030,sc01,06-12 23:00:00+02:00,Biomass 32,0.0
2030,sc01,06-12 23:00:00+02:00,CC NG 19,0.0
2030,sc01,06-12 23:00:00+02:00,CC NG 17,0.0
2030,sc01,06-12 23:00:00+02:00,ST NG 01,0.0
2030,sc01,06-12 23:00:00+02:00,Biomass 45,0.0
2030,sc01,06-12 23:00:00+02:00,Biomass 28,0.0
2030,sc01,06-12 23:00:00+02:00,CC NG 10,0.0
2030,sc01,06-12 23:00:00+02:00,Biomass 23,0.0
2030,sc01,06-12 23:00:00+02:00,ST NG 06,0.0
2030,sc01,06-12 23:00:00+02:00,Wind 10,0.0
2030,sc01,06-12 23:00:00+02:00,CT NG 69,0.0
2030,sc01,06-12 23:00:00+02:00,CT NG 68,0.0
2030,sc01,06-13 13:00:00+02:00,CC NG 13,0.0
2030,sc01,06-13 13:00:00+02:00,CT NG 37,0.0
2030,sc01,06-13 13:00:00+02:00,ST Coal 01,0.0
2030,sc01,06-13 13:00:00+02:00,CT NG 09,0.0
2030,sc01,06-13 13:00:00+02:00,CT NG 47,0.0
2030,sc01,06-13 13:00:00+02:00,Solar 69,0.0
2030,sc01,06-13 13:00:00+02:00,Solar 34,8.894016164485157
2030,sc01,06-13 13:00:00+02:00,Solar 73,0.0
2030,sc01,06-13 13:00:00+02:00,Biomass 37,0.0
2030,sc01,06-13 13:00:00+02:00,Hydro 20,0.0
2030,sc01,06-13 13:00:00+02:00,Solar 01,34.212930653
2030,sc01,06-13 13:00:00+02:00,Solar 62,0.0
2030,sc01,06-13 13:00:00+02:00,Solar 02,0.0
2030,sc01,06-13 13:00:00+02:00,CT NG 26,0.0
2030,sc01,06-13 13:00:00+02:00,Biomass 20,0.0
2030,sc01,06-13 13:00:00+02:00,Wind 16,15.210493507
2030,sc01,06-13 13:00:00+02:00,CT NG 66,0.0
2030,sc01,06-13 13:00:00+02:00,Solar 39,0.0
2030,sc01,06-13 13:00:00+02:00,Biomass 41,0.0
2030,sc01,06-13 13:00:00+02:00,Solar 72,0.0
2030,sc01,06-13 13:00:00+02:00,ST NG 03,0.0
2030,sc01,06-13 13:00:00+02:00,Hydro 21,2.54395185
2030,sc01,06-13 13:00:00+02:00,CT NG 03,0.0
2030,sc01,06-13 13:00:00+02:00,CC NG 09,0.0
2030,sc01,06-13 13:00:00+02:00,CT Oil 02,0.0
2030,sc01,06-13 13:00:00+02:00,CT NG 39,0.0
2030,sc01,06-13 13:00:00+02:00,CC NG 08,0.0
2030,sc01,06-13 13:00:00+02:00,Biomass 43,0.0
2030,sc01,06-13 13:00:00+02:00,CT NG 18,0.0
2030,sc01,06-13 13:00:00+02:00,ST NG 07,0.0
2030,sc01,06-13 13:00:00+02:00,Biomass 35,0.0
2030,sc01,06-13 13:00:00+02:00,Solar 32,0.0
2030,sc01,06-13 13:00:00+02:00,Biomass 15,0.0
2030,sc01,06-13 13:00:00+02:00,CC NG 31,0.0
2030,sc01,06-13 13:00:00+02:00,Solar 16,2.23114391775
2030,sc01,06-13 13:00:00+02:00,Solar 68,0.0
2030,sc01,06-13 13:00:00+02:00,CT NG 21,0.0
2030,sc01,06-13 13:00:00+02:00,Wind 11,1.5748384465
2030,sc01,06-13 13:00:00+02:00,CC NG 37,0.0
2030,sc01,06-13 13:00:00+02:00,CT NG 22,0.0
2030,sc01,06-13 13:00:00+02:00,Hydro 16,0.0258016
2030,sc01,06-13 13:00:00+02:00,Biomass 59,0.0
2030,sc01,06-13 13:00:00+02:00,CC NG 01,0.0
2030,sc01,06-13 13:00:00+02:00,Biomass 16,0.0
2030,sc01,06-13 13:00:00+02:00,Solar 03,0.0
2030,sc01,06-13 13:00:00+02:00,Solar 44,0.0
2030,sc01,06-13 13:00:00+02:00,CT NG 08,0.0
2030,sc01,06-13 13:00:00+02:00,Wind 05,0.03705387004
2030,sc01,06-13 13:00:00+02:00,Biomass 26,0.0
2030,sc01,06-13 13:00:00+02:00,Solar 37,0.0
2030,sc01,06-13 13:00:00+02:00,Biomass 11,0.0
2030,sc01,06-13 13:00:00+02:00,Solar 59,0.0
2030,sc01,06-13 13:00:00+02:00,CT NG 11,0.0
2030,sc01,06-13 13:00:00+02:00,Biomass 30,0.0
2030,sc01,06-13 13:00:00+02:00,Hydro 23,0.0
2030,sc01,06-13 13:00:00+02:00,CC NG 24,0.0
2030,sc01,06-13 13:00:00+02:00,Solar 65,20.378567759000003
2030,sc01,06-13 13:00:00+02:00,CC NG 18,0.0
2030,sc01,06-13 13:00:00+02:00,CT NG 16,0.0
2030,sc01,06-13 13:00:00+02:00,Solar 51,0.0
2030,sc01,06-13 13:00:00+02:00,Wind 06,1.9801389905
2030,sc01,06-13 13:00:00+02:00,CC NG 26,0.0
2030,sc01,06-13 13:00:00+02:00,CC NG 23,0.0
2030,sc01,06-13 13:00:00+02:00,CT NG 43,0.0
2030,sc01,06-13 13:00:00+02:00,CC NG 11,0.0
2030,sc01,06-13 13:00:00+02:00,CT NG 02,0.0
2030,sc01,06-13 13:00:00+02:00,CT NG 50,0.0
2030,sc01,06-13 13:00:00+02:00,Hydro 27,0.0
2030,sc01,06-13 13:00:00+02:00,CT NG 13,0.0
2030,sc01,06-13 13:00:00+02:00,CT NG 25,0.0
2030,sc01,06-13 13:00:00+02:00,CC NG 05,0.0
2030,sc01,06-13 13:00:00+02:00,Solar 04,1.495598357
2030,sc01,06-13 13:00:00+02:00,Solar 30,0.9986557705886246
2030,sc01,06-13 13:00:00+02:00,Solar 29,2.7991394249500003
2030,sc01,06-13 13:00:00+02:00,Solar 53,0.0
2030,sc01,06-13 13:00:00+02:00,Solar 21,5.6748677535
2030,sc01,06-13 13:00:00+02:00,Biomass 58,0.0
2030,sc01,06-13 13:00:00+02:00,CT NG 74,0.0
2030,sc01,06-13 13:00:00+02:00,Solar 61,0.0
2030,sc01,06-13 13:00:00+02:00,Wind 07,1.5821704613
2030,sc01,06-13 13:00:00+02:00,Biomass 31,0.0
2030,sc01,06-13 13:00:00+02:00,CT Oil 05,0.0
2030,sc01,06-13 13:00:00+02:00,Biomass 38,0.0
2030,sc01,06-13 13:00:00+02:00,Solar 41,0.0
2030,sc01,06-13 13:00:00+02:00,Biomass 51,0.0
2030,sc01,06-13 13:00:00+02:00,Biomass 55,0.0
2030,sc01,06-13 13:00:00+02:00,Wind 15,4.485231665200001
2030,sc01,06-13 13:00:00+02:00,Geo 01,0.0
2030,sc01,06-13 13:00:00+02:00,Biomass 60,0.0
2030,sc01,06-13 13:00:00+02:00,CT NG 38,0.0
2030,sc01,06-13 13:00:00+02:00,Solar 66,39.181550188244934
2030,sc01,06-13 13:00:00+02:00,Solar 49,0.0
2030,sc01,06-13 13:00:00+02:00,CT NG 51,0.0
2030,sc01,06-13 13:00:00+02:00,Biomass 18,0.0
2030,sc01,06-13 13:00:00+02:00,ICE NG 01,0.0
2030,sc01,06-13 13:00:00+02:00,Solar 15,0.0
2030,sc01,06-13 13:00:00+02:00,ICE NG 05,0.0
2030,sc01,06-13 13:00:00+02:00,CT Oil 04,0.0
2030,sc01,06-13 13:00:00+02:00,CC NG 20,0.0
2030,sc01,06-13 13:00:00+02:00,Solar 20,3.2635554501
2030,sc01,06-13 13:00:00+02:00,Biomass 04,0.0
2030,sc01,06-13 13:00:00+02:00,Wind 02,2.8114014263500002
2030,sc01,06-13 13:00:00+02:00,Hydro 25,1.257828
2030,sc01,06-13 13:00:00+02:00,Solar 75,11.981403005
2030,sc01,06-13 13:00:00+02:00,Hydro 33,0.0
2030,sc01,06-13 13:00:00+02:00,ST NG 05,0.0
2030,sc01,06-13 13:00:00+02:00,CT NG 07,0.0
2030,sc01,06-13 13:00:00+02:00,Wind 01,1.0870466706000002
2030,sc01,06-13 13:00:00+02:00,Solar 56,0.0
2030,sc01,06-13 13:00:00+02:00,Biomass 09,0.0
2030,sc01,06-13 13:00:00+02:00,Biomass 53,0.0
2030,sc01,06-13 13:00:00+02:00,Wind 17,7.0053427675
2030,sc01,06-13 13:00:00+02:00,ST NG 08,0.0
2030,sc01,06-13 13:00:00+02:00,Hydro 19,2.9762975000000003
2030,sc01,06-13 13:00:00+02:00,ST NG 02,0.0
2030,sc01,06-13 13:00:00+02:00,Biomass 01,0.0
2030,sc01,06-13 13:00:00+02:00,Biomass 57,0.0
2030,sc01,06-13 13:00:00+02:00,CT NG 49,0.0
2030,sc01,06-13 13:00:00+02:00,CT NG 31,0.0
2030,sc01,06-13 13:00:00+02:00,Solar 64,9.24
2030,sc01,06-13 13:00:00+02:00,CC NG 33,0.0
2030,sc01,06-13 13:00:00+02:00,Solar 46,0.0
2030,sc01,06-13 13:00:00+02:00,Biomass 12,0.0
2030,sc01,06-13 13:00:00+02:00,Wind 04,0.11489488560000001
2030,sc01,06-13 13:00:00+02:00,Solar 13,0.0
2030,sc01,06-13 13:00:00+02:00,CT NG 55,0.0
2030,sc01,06-13 13:00:00+02:00,Wind N03,188.78542782934045
2030,sc01,06-13 13:00:00+02:00,CT NG 28,0.0
2030,sc01,06-13 13:00:00+02:00,Wind 09,0.5629775706500001
2030,sc01,06-13 13:00:00+02:00,Solar 60,0.0
2030,sc01,06-13 13:00:00+02:00,Solar 25,0.0
2030,sc01,06-13 13:00:00+02:00,CT NG 23,0.0
2030,sc01,06-13 13:00:00+02:00,ST Other 01,0.0
2030,sc01,06-13 13:00:00+02:00,Solar 70,40.54799075012814
2030,sc01,06-13 13:00:00+02:00,CC NG 34,0.0
2030,sc01,06-13 13:00:00+02:00,Solar 48,0.0
2030,sc01,06-13 13:00:00+02:00,Biomass 56,0.0
2030,sc01,06-13 13:00:00+02:00,CT NG 36,0.0
2030,sc01,06-13 13:00:00+02:00,Solar 47,0.0
2030,sc01,06-13 13:00:00+02:00,Hydro 17,0.0
2030,sc01,06-13 13:00:00+02:00,Solar 09,0.0
2030,sc01,06-13 13:00:00+02:00,Solar 08,0.0
2030,sc01,06-13 13:00:00+02:00,CT NG 45,0.0
2030,sc01,06-13 13:00:00+02:00,ST NG 04,0.0
2030,sc01,06-13 13:00:00+02:00,Solar 40,0.0
2030,sc01,06-13 13:00:00+02:00,Biomass 47,0.0
2030,sc01,06-13 13:00:00+02:00,Solar 50,0.0
2030,sc01,06-13 13:00:00+02:00,Solar 52,0.0
2030,sc01,06-13 13:00:00+02:00,Solar 63,22.847463936
2030,sc01,06-13 13:00:00+02:00,CC NG 06,0.0
2030,sc01,06-13 13:00:00+02:00,Biomass 39,0.0
2030,sc01,06-13 13:00:00+02:00,Solar 67,0.0
2030,sc01,06-13 13:00:00+02:00,Solar 19,0.0
2030,sc01,06-13 13:00:00+02:00,Wind 12,8.805505587999999
2030,sc01,06-13 13:00:00+02:00,Solar 24,0.0
2030,sc01,06-13 13:00:00+02:00,ICE NG 02,0.0
2030,sc01,06-13 13:00:00+02:00,Solar 05,0.0
2030,sc01,06-13 13:00:00+02:00,CT NG 54,0.0
2030,sc01,06-13 13:00:00+02:00,Wind N01,83.539412
2030,sc01,06-13 13:00:00+02:00,CT NG 27,0.0
2030,sc01,06-13 13:00:00+02:00,CC NG 36,0.0
2030,sc01,06-13 13:00:00+02:00,Wind N02,61.89093649381261
2030,sc01,06-13 13:00:00+02:00,CT NG 52,0.0
2030,sc01,06-13 13:00:00+02:00,Solar 35,0.0
2030,sc01,06-13 13:00:00+02:00,CT NG 05,0.0
2030,sc01,06-13 13:00:00+02:00,Biomass 36,0.0
2030,sc01,06-13 13:00:00+02:00,CT NG 34,0.0
2030,sc01,06-13 13:00:00+02:00,CT Oil 03,0.0
2030,sc01,06-13 13:00:00+02:00,Hydro 35,0.00774048
2030,sc01,06-13 13:00:00+02:00,Solar 14,0.0
2030,sc01,06-13 13:00:00+02:00,CT NG 75,0.0
2030,sc01,06-13 13:00:00+02:00,ST NG 09,0.0
2030,sc01,06-13 13:00:00+02:00,CT NG 56,0.0
2030,sc01,06-13 13:00:00+02:00,Biomass 22,0.0
2030,sc01,06-13 13:00:00+02:00,Solar 18,3.80575386675
2030,sc01,06-13 13:00:00+02:00,Biomass 13,0.0
2030,sc01,06-13 13:00:00+02:00,CT NG 71,0.0
2030,sc01,06-13 13:00:00+02:00,Solar 58,0.0
2030,sc01,06-13 13:00:00+02:00,Solar 06,0.0
2030,sc01,06-13 13:00:00+02:00,Biomass 08,0.0
2030,sc01,06-13 13:00:00+02:00,CT NG 72,0.0
2030,sc01,06-13 13:00:00+02:00,Hydro 18,0.0
2030,sc01,06-13 13:00:00+02:00,Solar 10,3.14357736605
2030,sc01,06-13 13:00:00+02:00,CT NG 04,0.0
2030,sc01,06-13 13:00:00+02:00,ST Other 02,0.0
2030,sc01,06-13 13:00:00+02:00,CT NG 12,0.0
2030,sc01,06-13 13:00:00+02:00,CT NG 48,0.0
2030,sc01,06-13 13:00:00+02:00,ST NG 10,0.0
2030,sc01,06-13 13:00:00+02:00,Solar 22,2.91140730925
2030,sc01,06-13 13:00:00+02:00,Solar 28,0.0
2030,sc01,06-13 13:00:00+02:00,CT NG 73,0.0
2030,sc01,06-13 13:00:00+02:00,Biomass 52,0.0
2030,sc01,06-13 13:00:00+02:00,CT NG 30,0.0
2030,sc01,06-13 13:00:00+02:00,Solar 54,0.0
2030,sc01,06-13 13:00:00+02:00,Solar 31,0.0
2030,sc01,06-13 13:00:00+02:00,Biomass 03,0.0
2030,sc01,06-13 13:00:00+02:00,CT NG 32,0.0
2030,sc01,06-13 13:00:00+02:00,Biomass 27,0.0
2030,sc01,06-13 13:00:00+02:00,CC NG 14,0.0
2030,sc01,06-13 13:00:00+02:00,CC NG 03,0.0
2030,sc01,06-13 13:00:00+02:00,CC NG 29,0.0
2030,sc01,06-13 13:00:00+02:00,CC NG 28,0.0
2030,sc01,06-13 13:00:00+02:00,CC NG 25,0.0
2030,sc01,06-13 13:00:00+02:00,CT NG 44,0.0
2030,sc01,06-13 13:00:00+02:00,CT NG 14,0.0
2030,sc01,06-13 13:00:00+02:00,CC NG 15,0.0
2030,sc01,06-13 13:00:00+02:00,CC NG 04,0.0
2030,sc01,06-13 13:00:00+02:00,Biomass 29,0.0
2030,sc01,06-13 13:00:00+02:00,Wind 14,0.0
2030,sc01,06-13 13:00:00+02:00,Wind 08,0.6332825763000001
2030,sc01,06-13 13:00:00+02:00,Biomass 61,0.0
2030,sc01,06-13 13:00:00+02:00,CT NG 35,0.0
2030,sc01,06-13 13:00:00+02:00,Solar 33,0.0
2030,sc01,06-13 13:00:00+02:00,CT NG 41,0.0
2030,sc01,06-13 13:00:00+02:00,CT NG 15,0.0
2030,sc01,06-13 13:00:00+02:00,Solar 42,0.0
2030,sc01,06-13 13:00:00+02:00,Solar 07,0.0
2030,sc01,06-13 13:00:00+02:00,Solar 43,0.0
2030,sc01,06-13 13:00:00+02:00,Biomass 05,0.0
2030,sc01,06-13 13:00:00+02:00,CT NG 29,0.0
2030,sc01,06-13 13:00:00+02:00,Solar 71,0.0
2030,sc01,06-13 13:00:00+02:00,CT NG 53,0.0
2030,sc01,06-13 13:00:00+02:00,CT NG 20,0.0
2030,sc01,06-13 13:00:00+02:00,Biomass 14,0.0
2030,sc01,06-13 13:00:00+02:00,Solar 26,0.0
2030,sc01,06-13 13:00:00+02:00,Hydro 29,0.0
2030,sc01,06-13 13:00:00+02:00,Hydro 31,0.0129008
2030,sc01,06-13 13:00:00+02:00,Biomass 24,0.0
2030,sc01,06-13 13:00:00+02:00,Biomass 54,0.0
2030,sc01,06-13 13:00:00+02:00,Solar 36,46.715677404000004
2030,sc01,06-13 13:00:00+02:00,Wind 03,0.26886874916000003
2030,sc01,06-13 13:00:00+02:00,Biomass 40,0.0
2030,sc01,06-13 13:00:00+02:00,Biomass 49,0.0
2030,sc01,06-13 13:00:00+02:00,CC NG 16,0.0
2030,sc01,06-13 13:00:00+02:00,Biomass 48,0.0
2030,sc01,06-13 13:00:00+02:00,Hydro 28,0.0
2030,sc01,06-13 13:00:00+02:00,Biomass 17,0.0
2030,sc01,06-13 13:00:00+02:00,CT NG 33,0.0
2030,sc01,06-13 13:00:00+02:00,Solar 45,0.0
2030,sc01,06-13 13:00:00+02:00,Hydro 24,0.0
2030,sc01,06-13 13:00:00+02:00,Wind 13,4.0765578568
2030,sc01,06-13 13:00:00+02:00,Biomass 07,0.0
2030,sc01,06-13 13:00:00+02:00,Biomass 34,0.0
2030,sc01,06-13 13:00:00+02:00,Biomass 33,0.0
2030,sc01,06-13 13:00:00+02:00,CT NG 01,0.0
2030,sc01,06-13 13:00:00+02:00,ICE NG 03,0.0
2030,sc01,06-13 13:00:00+02:00,Solar 55,0.0
2030,sc01,06-13 13:00:00+02:00,Solar 11,0.0
2030,sc01,06-13 13:00:00+02:00,CT NG 06,0.0
2030,sc01,06-13 13:00:00+02:00,CT NG 70,0.0
2030,sc01,06-13 13:00:00+02:00,Solar 23,0.0
2030,sc01,06-13 13:00:00+02:00,CT NG 67,0.0
2030,sc01,06-13 13:00:00+02:00,Solar 12,0.0
2030,sc01,06-13 13:00:00+02:00,CT Oil 01,0.0
2030,sc01,06-13 13:00:00+02:00,Hydro 26,1.257828
2030,sc01,06-13 13:00:00+02:00,CC NG 22,0.0
2030,sc01,06-13 13:00:00+02:00,CC NG 35,0.0
2030,sc01,06-13 13:00:00+02:00,Biomass 50,0.0
2030,sc01,06-13 13:00:00+02:00,ICE NG 04,0.0
2030,sc01,06-13 13:00:00+02:00,CC NG 39,0.0
2030,sc01,06-13 13:00:00+02:00,Hydro 32,0.01548096
2030,sc01,06-13 13:00:00+02:00,ICE NG 07,0.0
2030,sc01,06-13 13:00:00+02:00,Biomass 46,0.0
2030,sc01,06-13 13:00:00+02:00,CC NG 38,0.0
2030,sc01,06-13 13:00:00+02:00,CC NG 12,0.0
2030,sc01,06-13 13:00:00+02:00,Solar 57,0.0
2030,sc01,06-13 13:00:00+02:00,CC NG 32,0.0
2030,sc01,06-13 13:00:00+02:00,CC NG 07,0.0
2030,sc01,06-13 13:00:00+02:00,Biomass 44,0.0
2030,sc01,06-13 13:00:00+02:00,CT NG 40,0.0
2030,sc01,06-13 13:00:00+02:00,Solar 74,0.0
2030,sc01,06-13 13:00:00+02:00,Hydro 30,0.0
2030,sc01,06-13 13:00:00+02:00,CT NG 42,0.0
2030,sc01,06-13 13:00:00+02:00,Hydro 22,2.54395185
2030,sc01,06-13 13:00:00+02:00,Solar 17,0.0
2030,sc01,06-13 13:00:00+02:00,Solar 38,0.0
2030,sc01,06-13 13:00:00+02:00,CT NG 24,0.0
2030,sc01,06-13 13:00:00+02:00,CC NG 27,0.0
2030,sc01,06-13 13:00:00+02:00,Biomass 21,0.0
2030,sc01,06-13 13:00:00+02:00,ICE NG 06,0.0
2030,sc01,06-13 13:00:00+02:00,Biomass 25,0.0
2030,sc01,06-13 13:00:00+02:00,Solar 27,0.0
2030,sc01,06-13 13:00:00+02:00,CT NG 19,0.0
2030,sc01,06-13 13:00:00+02:00,Biomass 42,0.0
2030,sc01,06-13 13:00:00+02:00,Biomass 19,0.0
2030,sc01,06-13 13:00:00+02:00,Biomass 06,0.0
2030,sc01,06-13 13:00:00+02:00,CT NG 10,0.0
2030,sc01,06-13 13:00:00+02:00,CC NG 40,0.0
2030,sc01,06-13 13:00:00+02:00,CC NG 21,0.0
2030,sc01,06-13 13:00:00+02:00,Biomass 02,0.0
2030,sc01,06-13 13:00:00+02:00,CT NG 46,0.0
2030,sc01,06-13 13:00:00+02:00,Hydro 34,0.0
2030,sc01,06-13 13:00:00+02:00,Biomass 10,0.0
2030,sc01,06-13 13:00:00+02:00,CT NG 17,0.0
2030,sc01,06-13 13:00:00+02:00,Biomass 62,0.0
2030,sc01,06-13 13:00:00+02:00,Biomass 32,0.0
2030,sc01,06-13 13:00:00+02:00,CC NG 19,0.0
2030,sc01,06-13 13:00:00+02:00,CC NG 17,0.0
2030,sc01,06-13 13:00:00+02:00,ST NG 01,0.0
2030,sc01,06-13 13:00:00+02:00,Biomass 45,0.0
2030,sc01,06-13 13:00:00+02:00,Biomass 28,0.0
2030,sc01,06-13 13:00:00+02:00,CC NG 10,0.0
2030,sc01,06-13 13:00:00+02:00,Biomass 23,0.0
2030,sc01,06-13 13:00:00+02:00,ST NG 06,0.0
2030,sc01,06-13 13:00:00+02:00,Wind 10,0.57033368975
2030,sc01,06-13 13:00:00+02:00,CT NG 69,0.0
2030,sc01,06-13 13:00:00+02:00,CT NG 68,0.0
2030,sc01,06-13 22:00:00+02:00,CC NG 13,0.0
2030,sc01,06-13 22:00:00+02:00,CT NG 37,0.0
2030,sc01,06-13 22:00:00+02:00,ST Coal 01,0.0
2030,sc01,06-13 22:00:00+02:00,CT NG 09,0.0
2030,sc01,06-13 22:00:00+02:00,CT NG 47,0.0
2030,sc01,06-13 22:00:00+02:00,Solar 69,0.0
2030,sc01,06-13 22:00:00+02:00,Solar 34,0.0
2030,sc01,06-13 22:00:00+02:00,Solar 73,0.0
2030,sc01,06-13 22:00:00+02:00,Biomass 37,0.0
2030,sc01,06-13 22:00:00+02:00,Hydro 20,0.0
2030,sc01,06-13 22:00:00+02:00,Solar 01,0.0
2030,sc01,06-13 22:00:00+02:00,Solar 62,0.0
2030,sc01,06-13 22:00:00+02:00,Solar 02,0.0
2030,sc01,06-13 22:00:00+02:00,CT NG 26,0.0
2030,sc01,06-13 22:00:00+02:00,Biomass 20,0.01584
2030,sc01,06-13 22:00:00+02:00,Wind 16,27.2489679238247
2030,sc01,06-13 22:00:00+02:00,CT NG 66,0.0
2030,sc01,06-13 22:00:00+02:00,Solar 39,0.0
2030,sc01,06-13 22:00:00+02:00,Biomass 41,0.0
2030,sc01,06-13 22:00:00+02:00,Solar 72,0.0
2030,sc01,06-13 22:00:00+02:00,ST NG 03,0.0
2030,sc01,06-13 22:00:00+02:00,Hydro 21,0.0
2030,sc01,06-13 22:00:00+02:00,CT NG 03,0.0
2030,sc01,06-13 22:00:00+02:00,CC NG 09,0.0
2030,sc01,06-13 22:00:00+02:00,CT Oil 02,0.0
2030,sc01,06-13 22:00:00+02:00,CT NG 39,0.0
2030,sc01,06-13 22:00:00+02:00,CC NG 08,0.0
2030,sc01,06-13 22:00:00+02:00,Biomass 43,0.0
2030,sc01,06-13 22:00:00+02:00,CT NG 18,0.0
2030,sc01,06-13 22:00:00+02:00,ST NG 07,0.0
2030,sc01,06-13 22:00:00+02:00,Biomass 35,0.0
2030,sc01,06-13 22:00:00+02:00,Solar 32,0.0
2030,sc01,06-13 22:00:00+02:00,Biomass 15,0.00924
2030,sc01,06-13 22:00:00+02:00,CC NG 31,0.0
2030,sc01,06-13 22:00:00+02:00,Solar 16,0.0
2030,sc01,06-13 22:00:00+02:00,Solar 68,0.0
2030,sc01,06-13 22:00:00+02:00,CT NG 21,0.0
2030,sc01,06-13 22:00:00+02:00,Wind 11,2.58162095444
2030,sc01,06-13 22:00:00+02:00,CC NG 37,0.0
2030,sc01,06-13 22:00:00+02:00,CT NG 22,0.0
2030,sc01,06-13 22:00:00+02:00,Hydro 16,0.02085952
2030,sc01,06-13 22:00:00+02:00,Biomass 59,0.18216000000000002
2030,sc01,06-13 22:00:00+02:00,CC NG 01,0.0
2030,sc01,06-13 22:00:00+02:00,Biomass 16,0.00924
2030,sc01,06-13 22:00:00+02:00,Solar 03,0.0
2030,sc01,06-13 22:00:00+02:00,Solar 44,0.0
2030,sc01,06-13 22:00:00+02:00,CT NG 08,0.0
2030,sc01,06-13 22:00:00+02:00,Wind 05,0.17885307334400002
2030,sc01,06-13 22:00:00+02:00,Biomass 26,0.07436
2030,sc01,06-13 22:00:00+02:00,Solar 37,0.0
2030,sc01,06-13 22:00:00+02:00,Biomass 11,0.0154
2030,sc01,06-13 22:00:00+02:00,Solar 59,0.0
2030,sc01,06-13 22:00:00+02:00,CT NG 11,0.0
2030,sc01,06-13 22:00:00+02:00,Biomass 30,0.07436
2030,sc01,06-13 22:00:00+02:00,Hydro 23,0.0
2030,sc01,06-13 22:00:00+02:00,CC NG 24,0.0
2030,sc01,06-13 22:00:00+02:00,Solar 65,0.0
2030,sc01,06-13 22:00:00+02:00,CC NG 18,0.0
2030,sc01,06-13 22:00:00+02:00,CT NG 16,0.0
2030,sc01,06-13 22:00:00+02:00,Solar 51,0.0
2030,sc01,06-13 22:00:00+02:00,Wind 06,3.04594850208
2030,sc01,06-13 22:00:00+02:00,CC NG 26,0.0
2030,sc01,06-13 22:00:00+02:00,CC NG 23,0.0
2030,sc01,06-13 22:00:00+02:00,CT NG 43,0.0
2030,sc01,06-13 22:00:00+02:00,CC NG 11,0.0
2030,sc01,06-13 22:00:00+02:00,CT NG 02,0.0
2030,sc01,06-13 22:00:00+02:00,CT NG 50,0.0
2030,sc01,06-13 22:00:00+02:00,Hydro 27,0.0
2030,sc01,06-13 22:00:00+02:00,CT NG 13,0.0
2030,sc01,06-13 22:00:00+02:00,CT NG 25,0.0
2030,sc01,06-13 22:00:00+02:00,CC NG 05,0.0
2030,sc01,06-13 22:00:00+02:00,Solar 04,0.0
2030,sc01,06-13 22:00:00+02:00,Solar 30,0.0
2030,sc01,06-13 22:00:00+02:00,Solar 29,0.0
2030,sc01,06-13 22:00:00+02:00,Solar 53,0.0
2030,sc01,06-13 22:00:00+02:00,Solar 21,0.0
2030,sc01,06-13 22:00:00+02:00,Biomass 58,0.09064000000000001
2030,sc01,06-13 22:00:00+02:00,CT NG 74,0.0
2030,sc01,06-13 22:00:00+02:00,Solar 61,0.0
2030,sc01,06-13 22:00:00+02:00,Wind 07,2.45788283664
2030,sc01,06-13 22:00:00+02:00,Biomass 31,0.07436
2030,sc01,06-13 22:00:00+02:00,CT Oil 05,0.0
2030,sc01,06-13 22:00:00+02:00,Biomass 38,0.0
2030,sc01,06-13 22:00:00+02:00,Solar 41,0.0
2030,sc01,06-13 22:00:00+02:00,Biomass 51,0.0
2030,sc01,06-13 22:00:00+02:00,Biomass 55,0.10692000000000002
2030,sc01,06-13 22:00:00+02:00,Wind 15,0.0
2030,sc01,06-13 22:00:00+02:00,Geo 01,0.0
2030,sc01,06-13 22:00:00+02:00,Biomass 60,0.1188
2030,sc01,06-13 22:00:00+02:00,CT NG 38,0.0
2030,sc01,06-13 22:00:00+02:00,Solar 66,0.0
2030,sc01,06-13 22:00:00+02:00,Solar 49,0.0
2030,sc01,06-13 22:00:00+02:00,CT NG 51,0.0
2030,sc01,06-13 22:00:00+02:00,Biomass 18,0.00924
2030,sc01,06-13 22:00:00+02:00,ICE NG 01,0.0
2030,sc01,06-13 22:00:00+02:00,Solar 15,0.0
2030,sc01,06-13 22:00:00+02:00,ICE NG 05,0.0
2030,sc01,06-13 22:00:00+02:00,CT Oil 04,0.0
2030,sc01,06-13 22:00:00+02:00,CC NG 20,0.0
2030,sc01,06-13 22:00:00+02:00,Solar 20,0.0
2030,sc01,06-13 22:00:00+02:00,Biomass 04,0.0
2030,sc01,06-13 22:00:00+02:00,Wind 02,5.3550098756
2030,sc01,06-13 22:00:00+02:00,Hydro 25,0.0
2030,sc01,06-13 22:00:00+02:00,Solar 75,0.0
2030,sc01,06-13 22:00:00+02:00,Hydro 33,0.0
2030,sc01,06-13 22:00:00+02:00,ST NG 05,0.0
2030,sc01,06-13 22:00:00+02:00,CT NG 07,0.0
2030,sc01,06-13 22:00:00+02:00,Wind 01,1.5837478756
2030,sc01,06-13 22:00:00+02:00,Solar 56,0.0
2030,sc01,06-13 22:00:00+02:00,Biomass 09,0.03828
2030,sc01,06-13 22:00:00+02:00,Biomass 53,0.10692000000000002
2030,sc01,06-13 22:00:00+02:00,Wind 17,0.0
2030,sc01,06-13 22:00:00+02:00,ST NG 08,0.0
2030,sc01,06-13 22:00:00+02:00,Hydro 19,0.0
2030,sc01,06-13 22:00:00+02:00,ST NG 02,0.0
2030,sc01,06-13 22:00:00+02:00,Biomass 01,0.045320000000000006
2030,sc01,06-13 22:00:00+02:00,Biomass 57,0.09064000000000001
2030,sc01,06-13 22:00:00+02:00,CT NG 49,0.0
2030,sc01,06-13 22:00:00+02:00,CT NG 31,0.0
2030,sc01,06-13 22:00:00+02:00,Solar 64,0.0
2030,sc01,06-13 22:00:00+02:00,CC NG 33,0.0
2030,sc01,06-13 22:00:00+02:00,Solar 46,0.0
2030,sc01,06-13 22:00:00+02:00,Biomass 12,0.0154
2030,sc01,06-13 22:00:00+02:00,Wind 04,0.53591019548
2030,sc01,06-13 22:00:00+02:00,Solar 13,0.0
2030,sc01,06-13 22:00:00+02:00,CT NG 55,0.0
2030,sc01,06-13 22:00:00+02:00,Wind N03,118.85902010683047
2030,sc01,06-13 22:00:00+02:00,CT NG 28,0.0
2030,sc01,06-13 22:00:00+02:00,Wind 09,2.72789335016
2030,sc01,06-13 22:00:00+02:00,Solar 60,0.0
2030,sc01,06-13 22:00:00+02:00,Solar 25,0.0
2030,sc01,06-13 22:00:00+02:00,CT NG 23,0.0
2030,sc01,06-13 22:00:00+02:00,ST Other 01,0.0
2030,sc01,06-13 22:00:00+02:00,Solar 70,0.0
2030,sc01,06-13 22:00:00+02:00,CC NG 34,0.0
2030,sc01,06-13 22:00:00+02:00,Solar 48,0.0
2030,sc01,06-13 22:00:00+02:00,Biomass 56,0.1012
2030,sc01,06-13 22:00:00+02:00,CT NG 36,0.0
2030,sc01,06-13 22:00:00+02:00,Solar 47,0.0
2030,sc01,06-13 22:00:00+02:00,Hydro 17,0.03520044
2030,sc01,06-13 22:00:00+02:00,Solar 09,0.0
2030,sc01,06-13 22:00:00+02:00,Solar 08,0.0
2030,sc01,06-13 22:00:00+02:00,CT NG 45,0.0
2030,sc01,06-13 22:00:00+02:00,ST NG 04,0.0
2030,sc01,06-13 22:00:00+02:00,Solar 40,0.0
2030,sc01,06-13 22:00:00+02:00,Biomass 47,0.0
2030,sc01,06-13 22:00:00+02:00,Solar 50,0.0
2030,sc01,06-13 22:00:00+02:00,Solar 52,0.0
2030,sc01,06-13 22:00:00+02:00,Solar 63,0.0
2030,sc01,06-13 22:00:00+02:00,CC NG 06,0.0
2030,sc01,06-13 22:00:00+02:00,Biomass 39,0.0
2030,sc01,06-13 22:00:00+02:00,Solar 67,0.0
2030,sc01,06-13 22:00:00+02:00,Solar 19,0.0
2030,sc01,06-13 22:00:00+02:00,Wind 12,11.8265531384
2030,sc01,06-13 22:00:00+02:00,Solar 24,0.0
2030,sc01,06-13 22:00:00+02:00,ICE NG 02,0.0
2030,sc01,06-13 22:00:00+02:00,Solar 05,0.0
2030,sc01,06-13 22:00:00+02:00,CT NG 54,0.0
2030,sc01,06-13 22:00:00+02:00,Wind N01,112.200632324
2030,sc01,06-13 22:00:00+02:00,CT NG 27,0.0
2030,sc01,06-13 22:00:00+02:00,CC NG 36,0.0
2030,sc01,06-13 22:00:00+02:00,Wind N02,114.22470235131908
2030,sc01,06-13 22:00:00+02:00,CT NG 52,0.0
2030,sc01,06-13 22:00:00+02:00,Solar 35,0.0
2030,sc01,06-13 22:00:00+02:00,CT NG 05,0.0
2030,sc01,06-13 22:00:00+02:00,Biomass 36,0.0
2030,sc01,06-13 22:00:00+02:00,CT NG 34,0.0
2030,sc01,06-13 22:00:00+02:00,CT Oil 03,0.0
2030,sc01,06-13 22:00:00+02:00,Hydro 35,0.006257855999999999
2030,sc01,06-13 22:00:00+02:00,Solar 14,0.0
2030,sc01,06-13 22:00:00+02:00,CT NG 75,0.0
2030,sc01,06-13 22:00:00+02:00,ST NG 09,0.0
2030,sc01,06-13 22:00:00+02:00,CT NG 56,0.0
2030,sc01,06-13 22:00:00+02:00,Biomass 22,0.01584
2030,sc01,06-13 22:00:00+02:00,Solar 18,0.0
2030,sc01,06-13 22:00:00+02:00,Biomass 13,0.0154
2030,sc01,06-13 22:00:00+02:00,CT NG 71,0.0
2030,sc01,06-13 22:00:00+02:00,Solar 58,0.0
2030,sc01,06-13 22:00:00+02:00,Solar 06,0.0
2030,sc01,06-13 22:00:00+02:00,Biomass 08,0.03828
2030,sc01,06-13 22:00:00+02:00,CT NG 72,0.0
2030,sc01,06-13 22:00:00+02:00,Hydro 18,0.12124596000000001
2030,sc01,06-13 22:00:00+02:00,Solar 10,0.0
2030,sc01,06-13 22:00:00+02:00,CT NG 04,0.0
2030,sc01,06-13 22:00:00+02:00,ST Other 02,0.0
2030,sc01,06-13 22:00:00+02:00,CT NG 12,0.0
2030,sc01,06-13 22:00:00+02:00,CT NG 48,0.0
2030,sc01,06-13 22:00:00+02:00,ST NG 10,0.0
2030,sc01,06-13 22:00:00+02:00,Solar 22,0.0
2030,sc01,06-13 22:00:00+02:00,Solar 28,0.0
2030,sc01,06-13 22:00:00+02:00,CT NG 73,0.0
2030,sc01,06-13 22:00:00+02:00,Biomass 52,0.0
2030,sc01,06-13 22:00:00+02:00,CT NG 30,0.0
2030,sc01,06-13 22:00:00+02:00,Solar 54,0.0
2030,sc01,06-13 22:00:00+02:00,Solar 31,0.0
2030,sc01,06-13 22:00:00+02:00,Biomass 03,0.0
2030,sc01,06-13 22:00:00+02:00,CT NG 32,0.0
2030,sc01,06-13 22:00:00+02:00,Biomass 27,0.07436
2030,sc01,06-13 22:00:00+02:00,CC NG 14,0.0
2030,sc01,06-13 22:00:00+02:00,CC NG 03,0.0
2030,sc01,06-13 22:00:00+02:00,CC NG 29,0.0
2030,sc01,06-13 22:00:00+02:00,CC NG 28,0.0
2030,sc01,06-13 22:00:00+02:00,CC NG 25,0.0
2030,sc01,06-13 22:00:00+02:00,CT NG 44,0.0
2030,sc01,06-13 22:00:00+02:00,CT NG 14,0.0
2030,sc01,06-13 22:00:00+02:00,CC NG 15,0.0
2030,sc01,06-13 22:00:00+02:00,CC NG 04,0.0
2030,sc01,06-13 22:00:00+02:00,Biomass 29,0.07436
2030,sc01,06-13 22:00:00+02:00,Wind 14,25.446753536457123
2030,sc01,06-13 22:00:00+02:00,Wind 08,2.9031200941599997
2030,sc01,06-13 22:00:00+02:00,Biomass 61,0.0
2030,sc01,06-13 22:00:00+02:00,CT NG 35,0.0
2030,sc01,06-13 22:00:00+02:00,Solar 33,0.0
2030,sc01,06-13 22:00:00+02:00,CT NG 41,0.0
2030,sc01,06-13 22:00:00+02:00,CT NG 15,0.0
2030,sc01,06-13 22:00:00+02:00,Solar 42,0.0
2030,sc01,06-13 22:00:00+02:00,Solar 07,0.0
2030,sc01,06-13 22:00:00+02:00,Solar 43,0.0
2030,sc01,06-13 22:00:00+02:00,Biomass 05,0.019360000000000002
2030,sc01,06-13 22:00:00+02:00,CT NG 29,0.0
2030,sc01,06-13 22:00:00+02:00,Solar 71,0.0
2030,sc01,06-13 22:00:00+02:00,CT NG 53,0.0
2030,sc01,06-13 22:00:00+02:00,CT NG 20,0.0
2030,sc01,06-13 22:00:00+02:00,Biomass 14,0.03432
2030,sc01,06-13 22:00:00+02:00,Solar 26,0.0
2030,sc01,06-13 22:00:00+02:00,Hydro 29,0.0
2030,sc01,06-13 22:00:00+02:00,Hydro 31,0.01042976
2030,sc01,06-13 22:00:00+02:00,Biomass 24,0.01716
2030,sc01,06-13 22:00:00+02:00,Biomass 54,0.10692000000000002
2030,sc01,06-13 22:00:00+02:00,Solar 36,0.0
2030,sc01,06-13 22:00:00+02:00,Wind 03,1.0384741338399999
2030,sc01,06-13 22:00:00+02:00,Biomass 40,0.0
2030,sc01,06-13 22:00:00+02:00,Biomass 49,0.0
2030,sc01,06-13 22:00:00+02:00,CC NG 16,0.0
2030,sc01,06-13 22:00:00+02:00,Biomass 48,0.0
2030,sc01,06-13 22:00:00+02:00,Hydro 28,0.0
2030,sc01,06-13 22:00:00+02:00,Biomass 17,0.00924
2030,sc01,06-13 22:00:00+02:00,CT NG 33,0.0
2030,sc01,06-13 22:00:00+02:00,Solar 45,0.0
2030,sc01,06-13 22:00:00+02:00,Hydro 24,0.0
2030,sc01,06-13 22:00:00+02:00,Wind 13,6.5338691527999995
2030,sc01,06-13 22:00:00+02:00,Biomass 07,0.088
2030,sc01,06-13 22:00:00+02:00,Biomass 34,0.0
2030,sc01,06-13 22:00:00+02:00,Biomass 33,0.0
2030,sc01,06-13 22:00:00+02:00,CT NG 01,0.15147454462189847
2030,sc01,06-13 22:00:00+02:00,ICE NG 03,0.0
2030,sc01,06-13 22:00:00+02:00,Solar 55,0.0
2030,sc01,06-13 22:00:00+02:00,Solar 11,0.0
2030,sc01,06-13 22:00:00+02:00,CT NG 06,0.0
2030,sc01,06-13 22:00:00+02:00,CT NG 70,0.0
2030,sc01,06-13 22:00:00+02:00,Solar 23,0.0
2030,sc01,06-13 22:00:00+02:00,CT NG 67,0.0
2030,sc01,06-13 22:00:00+02:00,Solar 12,0.0
2030,sc01,06-13 22:00:00+02:00,CT Oil 01,0.0
2030,sc01,06-13 22:00:00+02:00,Hydro 26,0.0
2030,sc01,06-13 22:00:00+02:00,CC NG 22,0.0
2030,sc01,06-13 22:00:00+02:00,CC NG 35,0.0
2030,sc01,06-13 22:00:00+02:00,Biomass 50,0.0
2030,sc01,06-13 22:00:00+02:00,ICE NG 04,0.0
2030,sc01,06-13 22:00:00+02:00,CC NG 39,0.0
2030,sc01,06-13 22:00:00+02:00,Hydro 32,0.012515711999999998
2030,sc01,06-13 22:00:00+02:00,ICE NG 07,0.0
2030,sc01,06-13 22:00:00+02:00,Biomass 46,0.0
2030,sc01,06-13 22:00:00+02:00,CC NG 38,0.0
2030,sc01,06-13 22:00:00+02:00,CC NG 12,0.0
2030,sc01,06-13 22:00:00+02:00,Solar 57,0.0
2030,sc01,06-13 22:00:00+02:00,CC NG 32,0.0
2030,sc01,06-13 22:00:00+02:00,CC NG 07,0.0
2030,sc01,06-13 22:00:00+02:00,Biomass 44,0.0
2030,sc01,06-13 22:00:00+02:00,CT NG 40,0.0
2030,sc01,06-13 22:00:00+02:00,Solar 74,0.0
2030,sc01,06-13 22:00:00+02:00,Hydro 30,0.0
2030,sc01,06-13 22:00:00+02:00,CT NG 42,0.0
2030,sc01,06-13 22:00:00+02:00,Hydro 22,0.0
2030,sc01,06-13 22:00:00+02:00,Solar 17,0.0
2030,sc01,06-13 22:00:00+02:00,Solar 38,0.0
2030,sc01,06-13 22:00:00+02:00,CT NG 24,0.0
2030,sc01,06-13 22:00:00+02:00,CC NG 27,0.0
2030,sc01,06-13 22:00:00+02:00,Biomass 21,0.01584
2030,sc01,06-13 22:00:00+02:00,ICE NG 06,0.0
2030,sc01,06-13 22:00:00+02:00,Biomass 25,0.01716
2030,sc01,06-13 22:00:00+02:00,Solar 27,0.0
2030,sc01,06-13 22:00:00+02:00,CT NG 19,0.0
2030,sc01,06-13 22:00:00+02:00,Biomass 42,0.0
2030,sc01,06-13 22:00:00+02:00,Biomass 19,0.01584
2030,sc01,06-13 22:00:00+02:00,Biomass 06,0.019360000000000002
2030,sc01,06-13 22:00:00+02:00,CT NG 10,0.0
2030,sc01,06-13 22:00:00+02:00,CC NG 40,0.0
2030,sc01,06-13 22:00:00+02:00,CC NG 21,0.0
2030,sc01,06-13 22:00:00+02:00,Biomass 02,0.045320000000000006
2030,sc01,06-13 22:00:00+02:00,CT NG 46,0.0
2030,sc01,06-13 22:00:00+02:00,Hydro 34,0.0
2030,sc01,06-13 22:00:00+02:00,Biomass 10,0.03828
2030,sc01,06-13 22:00:00+02:00,CT NG 17,0.0
2030,sc01,06-13 22:00:00+02:00,Biomass 62,0.08404
2030,sc01,06-13 22:00:00+02:00,Biomass 32,0.05236
2030,sc01,06-13 22:00:00+02:00,CC NG 19,1.1549700309671853
2030,sc01,06-13 22:00:00+02:00,CC NG 17,0.0
2030,sc01,06-13 22:00:00+02:00,ST NG 01,0.0
2030,sc01,06-13 22:00:00+02:00,Biomass 45,0.0
2030,sc01,06-13 22:00:00+02:00,Biomass 28,0.07436
2030,sc01,06-13 22:00:00+02:00,CC NG 10,0.0
2030,sc01,06-13 22:00:00+02:00,Biomass 23,0.01716
2030,sc01,06-13 22:00:00+02:00,ST NG 06,0.0
2030,sc01,06-13 22:00:00+02:00,Wind 10,2.73742710428
2030,sc01,06-13 22:00:00+02:00,CT NG 69,0.0
2030,sc01,06-13 22:00:00+02:00,CT NG 68,0.0
2030,sc01,06-16 07:00:00+02:00,CC NG 13,0.0
2030,sc01,06-16 07:00:00+02:00,CT NG 37,0.0
2030,sc01,06-16 07:00:00+02:00,ST Coal 01,0.0
2030,sc01,06-16 07:00:00+02:00,CT NG 09,0.0
2030,sc01,06-16 07:00:00+02:00,CT NG 47,0.0
2030,sc01,06-16 07:00:00+02:00,Solar 69,0.0
2030,sc01,06-16 07:00:00+02:00,Solar 34,0.0
2030,sc01,06-16 07:00:00+02:00,Solar 73,0.0
2030,sc01,06-16 07:00:00+02:00,Biomass 37,0.0
2030,sc01,06-16 07:00:00+02:00,Hydro 20,0.0
2030,sc01,06-16 07:00:00+02:00,Solar 01,9.521398178300002
2030,sc01,06-16 07:00:00+02:00,Solar 62,0.0
2030,sc01,06-16 07:00:00+02:00,Solar 02,3.7248489410000003
2030,sc01,06-16 07:00:00+02:00,CT NG 26,0.0
2030,sc01,06-16 07:00:00+02:00,Biomass 20,0.013319999999999999
2030,sc01,06-16 07:00:00+02:00,Wind 16,0.0
2030,sc01,06-16 07:00:00+02:00,CT NG 66,0.0
2030,sc01,06-16 07:00:00+02:00,Solar 39,0.0
2030,sc01,06-16 07:00:00+02:00,Biomass 41,0.0
2030,sc01,06-16 07:00:00+02:00,Solar 72,0.0
2030,sc01,06-16 07:00:00+02:00,ST NG 03,0.0
2030,sc01,06-16 07:00:00+02:00,Hydro 21,0.0
2030,sc01,06-16 07:00:00+02:00,CT NG 03,0.0
2030,sc01,06-16 07:00:00+02:00,CC NG 09,0.0
2030,sc01,06-16 07:00:00+02:00,CT Oil 02,0.0
2030,sc01,06-16 07:00:00+02:00,CT NG 39,0.0
2030,sc01,06-16 07:00:00+02:00,CC NG 08,0.0
2030,sc01,06-16 07:00:00+02:00,Biomass 43,0.0
2030,sc01,06-16 07:00:00+02:00,CT NG 18,0.0
2030,sc01,06-16 07:00:00+02:00,ST NG 07,0.0
2030,sc01,06-16 07:00:00+02:00,Biomass 35,0.0
2030,sc01,06-16 07:00:00+02:00,Solar 32,0.0
2030,sc01,06-16 07:00:00+02:00,Biomass 15,0.00777
2030,sc01,06-16 07:00:00+02:00,CC NG 31,0.0
2030,sc01,06-16 07:00:00+02:00,Solar 16,0.61751979318
2030,sc01,06-16 07:00:00+02:00,Solar 68,0.0
2030,sc01,06-16 07:00:00+02:00,CT NG 21,0.0
2030,sc01,06-16 07:00:00+02:00,Wind 11,1.2837765487600001
2030,sc01,06-16 07:00:00+02:00,CC NG 37,0.0
2030,sc01,06-16 07:00:00+02:00,CT NG 22,0.0
2030,sc01,06-16 07:00:00+02:00,Hydro 16,0.01717984
2030,sc01,06-16 07:00:00+02:00,Biomass 59,0.15318
2030,sc01,06-16 07:00:00+02:00,CC NG 01,0.0
2030,sc01,06-16 07:00:00+02:00,Biomass 16,0.00777
2030,sc01,06-16 07:00:00+02:00,Solar 03,3.0563622427800006
2030,sc01,06-16 07:00:00+02:00,Solar 44,0.0
2030,sc01,06-16 07:00:00+02:00,CT NG 08,0.0
2030,sc01,06-16 07:00:00+02:00,Wind 05,0.15693887558400002
2030,sc01,06-16 07:00:00+02:00,Biomass 26,0.06253
2030,sc01,06-16 07:00:00+02:00,Solar 37,0.0
2030,sc01,06-16 07:00:00+02:00,Biomass 11,0.01295
2030,sc01,06-16 07:00:00+02:00,Solar 59,0.0
2030,sc01,06-16 07:00:00+02:00,CT NG 11,0.0
2030,sc01,06-16 07:00:00+02:00,Biomass 30,0.06253
2030,sc01,06-16 07:00:00+02:00,Hydro 23,0.0
2030,sc01,06-16 07:00:00+02:00,CC NG 24,0.0
2030,sc01,06-16 07:00:00+02:00,Solar 65,5.154111133300001
2030,sc01,06-16 07:00:00+02:00,CC NG 18,0.0
2030,sc01,06-16 07:00:00+02:00,CT NG 16,0.0
2030,sc01,06-16 07:00:00+02:00,Solar 51,0.0
2030,sc01,06-16 07:00:00+02:00,Wind 06,1.05853025756
2030,sc01,06-16 07:00:00+02:00,CC NG 26,0.0
2030,sc01,06-16 07:00:00+02:00,CC NG 23,0.0
2030,sc01,06-16 07:00:00+02:00,CT NG 43,0.0
2030,sc01,06-16 07:00:00+02:00,CC NG 11,0.0
2030,sc01,06-16 07:00:00+02:00,CT NG 02,0.0
2030,sc01,06-16 07:00:00+02:00,CT NG 50,0.0
2030,sc01,06-16 07:00:00+02:00,Hydro 27,0.0
2030,sc01,06-16 07:00:00+02:00,CT NG 13,0.0
2030,sc01,06-16 07:00:00+02:00,CT NG 25,0.0
2030,sc01,06-16 07:00:00+02:00,CC NG 05,0.0
2030,sc01,06-16 07:00:00+02:00,Solar 04,0.44652984539999996
2030,sc01,06-16 07:00:00+02:00,Solar 30,0.5954814321199999
2030,sc01,06-16 07:00:00+02:00,Solar 29,0.54647447628
2030,sc01,06-16 07:00:00+02:00,Solar 53,0.0
2030,sc01,06-16 07:00:00+02:00,Solar 21,1.69430369438
2030,sc01,06-16 07:00:00+02:00,Biomass 58,0.07622000000000001
2030,sc01,06-16 07:00:00+02:00,CT NG 74,0.0
2030,sc01,06-16 07:00:00+02:00,Solar 61,0.0
2030,sc01,06-16 07:00:00+02:00,Wind 07,1.18693040222
2030,sc01,06-16 07:00:00+02:00,Biomass 31,0.06253
2030,sc01,06-16 07:00:00+02:00,CT Oil 05,0.0
2030,sc01,06-16 07:00:00+02:00,Biomass 38,0.0
2030,sc01,06-16 07:00:00+02:00,Solar 41,0.0
2030,sc01,06-16 07:00:00+02:00,Biomass 51,0.0
2030,sc01,06-16 07:00:00+02:00,Biomass 55,0.08991000000000002
2030,sc01,06-16 07:00:00+02:00,Wind 15,0.0
2030,sc01,06-16 07:00:00+02:00,Geo 01,0.0
2030,sc01,06-16 07:00:00+02:00,Biomass 60,0.0999
2030,sc01,06-16 07:00:00+02:00,CT NG 38,0.0
2030,sc01,06-16 07:00:00+02:00,Solar 66,18.4618716406
2030,sc01,06-16 07:00:00+02:00,Solar 49,0.0
2030,sc01,06-16 07:00:00+02:00,CT NG 51,0.0
2030,sc01,06-16 07:00:00+02:00,Biomass 18,0.00777
2030,sc01,06-16 07:00:00+02:00,ICE NG 01,0.0
2030,sc01,06-16 07:00:00+02:00,Solar 15,0.96895692722
2030,sc01,06-16 07:00:00+02:00,ICE NG 05,0.0
2030,sc01,06-16 07:00:00+02:00,CT Oil 04,0.0
2030,sc01,06-16 07:00:00+02:00,CC NG 20,0.0
2030,sc01,06-16 07:00:00+02:00,Solar 20,0.50891255728
2030,sc01,06-16 07:00:00+02:00,Biomass 04,0.0
2030,sc01,06-16 07:00:00+02:00,Wind 02,3.07219563576
2030,sc01,06-16 07:00:00+02:00,Hydro 25,0.0
2030,sc01,06-16 07:00:00+02:00,Solar 75,6.039462159000001
2030,sc01,06-16 07:00:00+02:00,Hydro 33,0.0
2030,sc01,06-16 07:00:00+02:00,ST NG 05,0.0
2030,sc01,06-16 07:00:00+02:00,CT NG 07,0.0
2030,sc01,06-16 07:00:00+02:00,Wind 01,0.72663103494
2030,sc01,06-16 07:00:00+02:00,Solar 56,0.0
2030,sc01,06-16 07:00:00+02:00,Biomass 09,0.03219
2030,sc01,06-16 07:00:00+02:00,Biomass 53,0.08991000000000002
2030,sc01,06-16 07:00:00+02:00,Wind 17,23.055694522587267
2030,sc01,06-16 07:00:00+02:00,ST NG 08,0.0
2030,sc01,06-16 07:00:00+02:00,Hydro 19,0.0
2030,sc01,06-16 07:00:00+02:00,ST NG 02,0.0
2030,sc01,06-16 07:00:00+02:00,Biomass 01,0.038110000000000005
2030,sc01,06-16 07:00:00+02:00,Biomass 57,0.07622000000000001
2030,sc01,06-16 07:00:00+02:00,CT NG 49,0.0
2030,sc01,06-16 07:00:00+02:00,CT NG 31,0.0
2030,sc01,06-16 07:00:00+02:00,Solar 64,2.70590289738
2030,sc01,06-16 07:00:00+02:00,CC NG 33,0.0
2030,sc01,06-16 07:00:00+02:00,Solar 46,0.0
2030,sc01,06-16 07:00:00+02:00,Biomass 12,0.01295
2030,sc01,06-16 07:00:00+02:00,Wind 04,0.337064710184
2030,sc01,06-16 07:00:00+02:00,Solar 13,0.024324334872000003
2030,sc01,06-16 07:00:00+02:00,CT NG 55,0.0
2030,sc01,06-16 07:00:00+02:00,Wind N03,133.1752024085439
2030,sc01,06-16 07:00:00+02:00,CT NG 28,0.0
2030,sc01,06-16 07:00:00+02:00,Wind 09,2.2802244893
2030,sc01,06-16 07:00:00+02:00,Solar 60,0.0
2030,sc01,06-16 07:00:00+02:00,Solar 25,0.17837461601600002
2030,sc01,06-16 07:00:00+02:00,CT NG 23,0.0
2030,sc01,06-16 07:00:00+02:00,ST Other 01,0.0
2030,sc01,06-16 07:00:00+02:00,Solar 70,33.0106294232
2030,sc01,06-16 07:00:00+02:00,CC NG 34,0.0
2030,sc01,06-16 07:00:00+02:00,Solar 48,0.0
2030,sc01,06-16 07:00:00+02:00,Biomass 56,0.0851
2030,sc01,06-16 07:00:00+02:00,CT NG 36,0.0
2030,sc01,06-16 07:00:00+02:00,Solar 47,0.0
2030,sc01,06-16 07:00:00+02:00,Hydro 17,0.0
2030,sc01,06-16 07:00:00+02:00,Solar 09,1.18222573234
2030,sc01,06-16 07:00:00+02:00,Solar 08,0.23094575492
2030,sc01,06-16 07:00:00+02:00,CT NG 45,0.0
2030,sc01,06-16 07:00:00+02:00,ST NG 04,0.0
2030,sc01,06-16 07:00:00+02:00,Solar 40,0.0
2030,sc01,06-16 07:00:00+02:00,Biomass 47,0.0
2030,sc01,06-16 07:00:00+02:00,Solar 50,0.0
2030,sc01,06-16 07:00:00+02:00,Solar 52,0.0
2030,sc01,06-16 07:00:00+02:00,Solar 63,5.7785399646
2030,sc01,06-16 07:00:00+02:00,CC NG 06,0.0
2030,sc01,06-16 07:00:00+02:00,Biomass 39,0.0
2030,sc01,06-16 07:00:00+02:00,Solar 67,3.8520377841
2030,sc01,06-16 07:00:00+02:00,Solar 19,0.009199572848000001
2030,sc01,06-16 07:00:00+02:00,Wind 12,4.7434213786
2030,sc01,06-16 07:00:00+02:00,Solar 24,0.133041029648
2030,sc01,06-16 07:00:00+02:00,ICE NG 02,0.0
2030,sc01,06-16 07:00:00+02:00,Solar 05,0.010817716639999999
2030,sc01,06-16 07:00:00+02:00,CT NG 54,0.0
2030,sc01,06-16 07:00:00+02:00,Wind N01,45.001690004000004
2030,sc01,06-16 07:00:00+02:00,CT NG 27,0.0
2030,sc01,06-16 07:00:00+02:00,CC NG 36,0.0
2030,sc01,06-16 07:00:00+02:00,Wind N02,84.45182953022221
2030,sc01,06-16 07:00:00+02:00,CT NG 52,0.0
2030,sc01,06-16 07:00:00+02:00,Solar 35,0.0
2030,sc01,06-16 07:00:00+02:00,CT NG 05,0.0
2030,sc01,06-16 07:00:00+02:00,Biomass 36,0.0
2030,sc01,06-16 07:00:00+02:00,CT NG 34,0.0
2030,sc01,06-16 07:00:00+02:00,CT Oil 03,0.0
2030,sc01,06-16 07:00:00+02:00,Hydro 35,0.005153952000000001
2030,sc01,06-16 07:00:00+02:00,Solar 14,1.0772619167800002
2030,sc01,06-16 07:00:00+02:00,CT NG 75,0.0
2030,sc01,06-16 07:00:00+02:00,ST NG 09,0.0
2030,sc01,06-16 07:00:00+02:00,CT NG 56,0.0
2030,sc01,06-16 07:00:00+02:00,Biomass 22,0.013319999999999999
2030,sc01,06-16 07:00:00+02:00,Solar 18,1.13625605285
2030,sc01,06-16 07:00:00+02:00,Biomass 13,0.01295
2030,sc01,06-16 07:00:00+02:00,CT NG 71,0.0
2030,sc01,06-16 07:00:00+02:00,Solar 58,0.0
2030,sc01,06-16 07:00:00+02:00,Solar 06,0.5666648590200001
2030,sc01,06-16 07:00:00+02:00,Biomass 08,0.03219
2030,sc01,06-16 07:00:00+02:00,CT NG 72,0.0
2030,sc01,06-16 07:00:00+02:00,Hydro 18,0.0
2030,sc01,06-16 07:00:00+02:00,Solar 10,0.49020340590000006
2030,sc01,06-16 07:00:00+02:00,CT NG 04,0.0
2030,sc01,06-16 07:00:00+02:00,ST Other 02,0.0
2030,sc01,06-16 07:00:00+02:00,CT NG 12,0.0
2030,sc01,06-16 07:00:00+02:00,CT NG 48,0.0
2030,sc01,06-16 07:00:00+02:00,ST NG 10,0.0
2030,sc01,06-16 07:00:00+02:00,Solar 22,0.56839247486
2030,sc01,06-16 07:00:00+02:00,Solar 28,0.50864507614
2030,sc01,06-16 07:00:00+02:00,CT NG 73,0.0
2030,sc01,06-16 07:00:00+02:00,Biomass 52,0.0
2030,sc01,06-16 07:00:00+02:00,CT NG 30,0.0
2030,sc01,06-16 07:00:00+02:00,Solar 54,0.0
2030,sc01,06-16 07:00:00+02:00,Solar 31,0.0
2030,sc01,06-16 07:00:00+02:00,Biomass 03,0.0
2030,sc01,06-16 07:00:00+02:00,CT NG 32,0.0
2030,sc01,06-16 07:00:00+02:00,Biomass 27,0.06253
2030,sc01,06-16 07:00:00+02:00,CC NG 14,0.0
2030,sc01,06-16 07:00:00+02:00,CC NG 03,0.0
2030,sc01,06-16 07:00:00+02:00,CC NG 29,0.0
2030,sc01,06-16 07:00:00+02:00,CC NG 28,0.0
2030,sc01,06-16 07:00:00+02:00,CC NG 25,0.0
2030,sc01,06-16 07:00:00+02:00,CT NG 44,0.0
2030,sc01,06-16 07:00:00+02:00,CT NG 14,0.279147875799847
2030,sc01,06-16 07:00:00+02:00,CC NG 15,0.0
2030,sc01,06-16 07:00:00+02:00,CC NG 04,0.0
2030,sc01,06-16 07:00:00+02:00,Biomass 29,0.06253
2030,sc01,06-16 07:00:00+02:00,Wind 14,0.0
2030,sc01,06-16 07:00:00+02:00,Wind 08,2.4316194627800005
2030,sc01,06-16 07:00:00+02:00,Biomass 61,0.0
2030,sc01,06-16 07:00:00+02:00,CT NG 35,0.0
2030,sc01,06-16 07:00:00+02:00,Solar 33,0.0
2030,sc01,06-16 07:00:00+02:00,CT NG 41,0.0
2030,sc01,06-16 07:00:00+02:00,CT NG 15,0.0
2030,sc01,06-16 07:00:00+02:00,Solar 42,0.0
2030,sc01,06-16 07:00:00+02:00,Solar 07,0.019593051631999998
2030,sc01,06-16 07:00:00+02:00,Solar 43,0.0
2030,sc01,06-16 07:00:00+02:00,Biomass 05,0.01628
2030,sc01,06-16 07:00:00+02:00,CT NG 29,0.0
2030,sc01,06-16 07:00:00+02:00,Solar 71,0.0
2030,sc01,06-16 07:00:00+02:00,CT NG 53,0.0
2030,sc01,06-16 07:00:00+02:00,CT NG 20,0.0
2030,sc01,06-16 07:00:00+02:00,Biomass 14,0.028860000000000004
2030,sc01,06-16 07:00:00+02:00,Solar 26,0.165187349224
2030,sc01,06-16 07:00:00+02:00,Hydro 29,0.0
2030,sc01,06-16 07:00:00+02:00,Hydro 31,0.00858992
2030,sc01,06-16 07:00:00+02:00,Biomass 24,0.014430000000000002
2030,sc01,06-16 07:00:00+02:00,Biomass 54,0.08991000000000002
2030,sc01,06-16 07:00:00+02:00,Solar 36,9.635176588763105
2030,sc01,06-16 07:00:00+02:00,Wind 03,0.82833285909
2030,sc01,06-16 07:00:00+02:00,Biomass 40,0.0
2030,sc01,06-16 07:00:00+02:00,Biomass 49,0.0
2030,sc01,06-16 07:00:00+02:00,CC NG 16,0.0
2030,sc01,06-16 07:00:00+02:00,Biomass 48,0.0
2030,sc01,06-16 07:00:00+02:00,Hydro 28,0.0
2030,sc01,06-16 07:00:00+02:00,Biomass 17,0.00777
2030,sc01,06-16 07:00:00+02:00,CT NG 33,0.0
2030,sc01,06-16 07:00:00+02:00,Solar 45,0.0
2030,sc01,06-16 07:00:00+02:00,Hydro 24,0.0
2030,sc01,06-16 07:00:00+02:00,Wind 13,2.5686245894
2030,sc01,06-16 07:00:00+02:00,Biomass 07,0.074
2030,sc01,06-16 07:00:00+02:00,Biomass 34,0.0
2030,sc01,06-16 07:00:00+02:00,Biomass 33,0.0
2030,sc01,06-16 07:00:00+02:00,CT NG 01,0.9106662000000001
2030,sc01,06-16 07:00:00+02:00,ICE NG 03,0.0
2030,sc01,06-16 07:00:00+02:00,Solar 55,0.0
2030,sc01,06-16 07:00:00+02:00,Solar 11,0.182472938184
2030,sc01,06-16 07:00:00+02:00,CT NG 06,0.0
2030,sc01,06-16 07:00:00+02:00,CT NG 70,0.0
2030,sc01,06-16 07:00:00+02:00,Solar 23,0.02701897768
2030,sc01,06-16 07:00:00+02:00,CT NG 67,0.0
2030,sc01,06-16 07:00:00+02:00,Solar 12,0.141253331792
2030,sc01,06-16 07:00:00+02:00,CT Oil 01,0.0
2030,sc01,06-16 07:00:00+02:00,Hydro 26,0.0
2030,sc01,06-16 07:00:00+02:00,CC NG 22,0.0
2030,sc01,06-16 07:00:00+02:00,CC NG 35,0.0
2030,sc01,06-16 07:00:00+02:00,Biomass 50,0.0
2030,sc01,06-16 07:00:00+02:00,ICE NG 04,0.0
2030,sc01,06-16 07:00:00+02:00,CC NG 39,0.0
2030,sc01,06-16 07:00:00+02:00,Hydro 32,0.010307904000000001
2030,sc01,06-16 07:00:00+02:00,ICE NG 07,0.0
2030,sc01,06-16 07:00:00+02:00,Biomass 46,0.0
2030,sc01,06-16 07:00:00+02:00,CC NG 38,0.0
2030,sc01,06-16 07:00:00+02:00,CC NG 12,0.0
2030,sc01,06-16 07:00:00+02:00,Solar 57,0.0
2030,sc01,06-16 07:00:00+02:00,CC NG 32,0.0
2030,sc01,06-16 07:00:00+02:00,CC NG 07,0.0
2030,sc01,06-16 07:00:00+02:00,Biomass 44,0.0
2030,sc01,06-16 07:00:00+02:00,CT NG 40,0.0
2030,sc01,06-16 07:00:00+02:00,Solar 74,7.2218721839
2030,sc01,06-16 07:00:00+02:00,Hydro 30,0.0
2030,sc01,06-16 07:00:00+02:00,CT NG 42,0.0
2030,sc01,06-16 07:00:00+02:00,Hydro 22,0.0
2030,sc01,06-16 07:00:00+02:00,Solar 17,0.277054234952
2030,sc01,06-16 07:00:00+02:00,Solar 38,0.0
2030,sc01,06-16 07:00:00+02:00,CT NG 24,0.0
2030,sc01,06-16 07:00:00+02:00,CC NG 27,0.0
2030,sc01,06-16 07:00:00+02:00,Biomass 21,0.013319999999999999
2030,sc01,06-16 07:00:00+02:00,ICE NG 06,0.0
2030,sc01,06-16 07:00:00+02:00,Biomass 25,0.014430000000000002
2030,sc01,06-16 07:00:00+02:00,Solar 27,0.101261182344
2030,sc01,06-16 07:00:00+02:00,CT NG 19,0.0
2030,sc01,06-16 07:00:00+02:00,Biomass 42,0.0
2030,sc01,06-16 07:00:00+02:00,Biomass 19,0.013319999999999999
2030,sc01,06-16 07:00:00+02:00,Biomass 06,0.01628
2030,sc01,06-16 07:00:00+02:00,CT NG 10,0.0
2030,sc01,06-16 07:00:00+02:00,CC NG 40,0.0
2030,sc01,06-16 07:00:00+02:00,CC NG 21,0.0
2030,sc01,06-16 07:00:00+02:00,Biomass 02,0.038110000000000005
2030,sc01,06-16 07:00:00+02:00,CT NG 46,0.0
2030,sc01,06-16 07:00:00+02:00,Hydro 34,0.0
2030,sc01,06-16 07:00:00+02:00,Biomass 10,0.03219
2030,sc01,06-16 07:00:00+02:00,CT NG 17,0.0
2030,sc01,06-16 07:00:00+02:00,Biomass 62,0.07067
2030,sc01,06-16 07:00:00+02:00,Biomass 32,0.04402999999999999
2030,sc01,06-16 07:00:00+02:00,CC NG 19,0.0
2030,sc01,06-16 07:00:00+02:00,CC NG 17,0.0
2030,sc01,06-16 07:00:00+02:00,ST NG 01,0.0
2030,sc01,06-16 07:00:00+02:00,Biomass 45,0.0
2030,sc01,06-16 07:00:00+02:00,Biomass 28,0.06253
2030,sc01,06-16 07:00:00+02:00,CC NG 10,0.0
2030,sc01,06-16 07:00:00+02:00,Biomass 23,0.014430000000000002
2030,sc01,06-16 07:00:00+02:00,ST NG 06,0.0
2030,sc01,06-16 07:00:00+02:00,Wind 10,2.30121724886
2030,sc01,06-16 07:00:00+02:00,CT NG 69,0.0
2030,sc01,06-16 07:00:00+02:00,CT NG 68,0.0
2030,sc01,06-17 20:00:00+02:00,CC NG 13,0.0
2030,sc01,06-17 20:00:00+02:00,CT NG 37,0.0
2030,sc01,06-17 20:00:00+02:00,ST Coal 01,0.0
2030,sc01,06-17 20:00:00+02:00,CT NG 09,0.0
2030,sc01,06-17 20:00:00+02:00,CT NG 47,0.0
2030,sc01,06-17 20:00:00+02:00,Solar 69,0.0
2030,sc01,06-17 20:00:00+02:00,Solar 34,0.0
2030,sc01,06-17 20:00:00+02:00,Solar 73,0.0
2030,sc01,06-17 20:00:00+02:00,Biomass 37,0.0
2030,sc01,06-17 20:00:00+02:00,Hydro 20,0.0
2030,sc01,06-17 20:00:00+02:00,Solar 01,0.0
2030,sc01,06-17 20:00:00+02:00,Solar 62,0.0
2030,sc01,06-17 20:00:00+02:00,Solar 02,0.0
2030,sc01,06-17 20:00:00+02:00,CT NG 26,0.0
2030,sc01,06-17 20:00:00+02:00,Biomass 20,0.01764
2030,sc01,06-17 20:00:00+02:00,Wind 16,38.38836331826252
2030,sc01,06-17 20:00:00+02:00,CT NG 66,0.0
2030,sc01,06-17 20:00:00+02:00,Solar 39,0.0
2030,sc01,06-17 20:00:00+02:00,Biomass 41,0.0
2030,sc01,06-17 20:00:00+02:00,Solar 72,0.0
2030,sc01,06-17 20:00:00+02:00,ST NG 03,0.0
2030,sc01,06-17 20:00:00+02:00,Hydro 21,0.6087517492435227
2030,sc01,06-17 20:00:00+02:00,CT NG 03,0.0
2030,sc01,06-17 20:00:00+02:00,CC NG 09,0.0
2030,sc01,06-17 20:00:00+02:00,CT Oil 02,0.0
2030,sc01,06-17 20:00:00+02:00,CT NG 39,0.0
2030,sc01,06-17 20:00:00+02:00,CC NG 08,0.0
2030,sc01,06-17 20:00:00+02:00,Biomass 43,0.0
2030,sc01,06-17 20:00:00+02:00,CT NG 18,0.0
2030,sc01,06-17 20:00:00+02:00,ST NG 07,0.0
2030,sc01,06-17 20:00:00+02:00,Biomass 35,0.0
2030,sc01,06-17 20:00:00+02:00,Solar 32,0.0
2030,sc01,06-17 20:00:00+02:00,Biomass 15,0.01029
2030,sc01,06-17 20:00:00+02:00,CC NG 31,0.0
2030,sc01,06-17 20:00:00+02:00,Solar 16,0.0
2030,sc01,06-17 20:00:00+02:00,Solar 68,0.0
2030,sc01,06-17 20:00:00+02:00,CT NG 21,0.0
2030,sc01,06-17 20:00:00+02:00,Wind 11,3.1302861394000003
2030,sc01,06-17 20:00:00+02:00,CC NG 37,0.0
2030,sc01,06-17 20:00:00+02:00,CT NG 22,0.0
2030,sc01,06-17 20:00:00+02:00,Hydro 16,0.023100560000000003
2030,sc01,06-17 20:00:00+02:00,Biomass 59,0.20286
2030,sc01,06-17 20:00:00+02:00,CC NG 01,0.0
2030,sc01,06-17 20:00:00+02:00,Biomass 16,0.01029
2030,sc01,06-17 20:00:00+02:00,Solar 03,0.0
2030,sc01,06-17 20:00:00+02:00,Solar 44,0.0
2030,sc01,06-17 20:00:00+02:00,CT NG 08,0.0
2030,sc01,06-17 20:00:00+02:00,Wind 05,0.147336261128
2030,sc01,06-17 20:00:00+02:00,Biomass 26,0.08281
2030,sc01,06-17 20:00:00+02:00,Solar 37,0.0
2030,sc01,06-17 20:00:00+02:00,Biomass 11,0.01715
2030,sc01,06-17 20:00:00+02:00,Solar 59,0.0
2030,sc01,06-17 20:00:00+02:00,CT NG 11,0.0
2030,sc01,06-17 20:00:00+02:00,Biomass 30,0.08281
2030,sc01,06-17 20:00:00+02:00,Hydro 23,0.0
2030,sc01,06-17 20:00:00+02:00,CC NG 24,0.0
2030,sc01,06-17 20:00:00+02:00,Solar 65,0.0
2030,sc01,06-17 20:00:00+02:00,CC NG 18,0.0
2030,sc01,06-17 20:00:00+02:00,CT NG 16,0.0
2030,sc01,06-17 20:00:00+02:00,Solar 51,0.0
2030,sc01,06-17 20:00:00+02:00,Wind 06,4.44992809688
2030,sc01,06-17 20:00:00+02:00,CC NG 26,0.0
2030,sc01,06-17 20:00:00+02:00,CC NG 23,0.0
2030,sc01,06-17 20:00:00+02:00,CT NG 43,0.0
2030,sc01,06-17 20:00:00+02:00,CC NG 11,0.0
2030,sc01,06-17 20:00:00+02:00,CT NG 02,0.0
2030,sc01,06-17 20:00:00+02:00,CT NG 50,0.0
2030,sc01,06-17 20:00:00+02:00,Hydro 27,0.0
2030,sc01,06-17 20:00:00+02:00,CT NG 13,0.5344627964910369
2030,sc01,06-17 20:00:00+02:00,CT NG 25,0.0
2030,sc01,06-17 20:00:00+02:00,CC NG 05,0.0
2030,sc01,06-17 20:00:00+02:00,Solar 04,0.0
2030,sc01,06-17 20:00:00+02:00,Solar 30,0.0
2030,sc01,06-17 20:00:00+02:00,Solar 29,0.0
2030,sc01,06-17 20:00:00+02:00,Solar 53,0.0
2030,sc01,06-17 20:00:00+02:00,Solar 21,0.0
2030,sc01,06-17 20:00:00+02:00,Biomass 58,0.10094000000000002
2030,sc01,06-17 20:00:00+02:00,CT NG 74,0.0
2030,sc01,06-17 20:00:00+02:00,Solar 61,0.0
2030,sc01,06-17 20:00:00+02:00,Wind 07,2.93895309638
2030,sc01,06-17 20:00:00+02:00,Biomass 31,0.08281
2030,sc01,06-17 20:00:00+02:00,CT Oil 05,0.0
2030,sc01,06-17 20:00:00+02:00,Biomass 38,0.0
2030,sc01,06-17 20:00:00+02:00,Solar 41,0.0
2030,sc01,06-17 20:00:00+02:00,Biomass 51,0.0
2030,sc01,06-17 20:00:00+02:00,Biomass 55,0.11907000000000001
2030,sc01,06-17 20:00:00+02:00,Wind 15,0.0
2030,sc01,06-17 20:00:00+02:00,Geo 01,0.0
2030,sc01,06-17 20:00:00+02:00,Biomass 60,0.1323
2030,sc01,06-17 20:00:00+02:00,CT NG 38,0.0
2030,sc01,06-17 20:00:00+02:00,Solar 66,0.0
2030,sc01,06-17 20:00:00+02:00,Solar 49,0.0
2030,sc01,06-17 20:00:00+02:00,CT NG 51,0.0
2030,sc01,06-17 20:00:00+02:00,Biomass 18,0.01029
2030,sc01,06-17 20:00:00+02:00,ICE NG 01,0.0
2030,sc01,06-17 20:00:00+02:00,Solar 15,0.0
2030,sc01,06-17 20:00:00+02:00,ICE NG 05,0.0
2030,sc01,06-17 20:00:00+02:00,CT Oil 04,0.0
2030,sc01,06-17 20:00:00+02:00,CC NG 20,0.0
2030,sc01,06-17 20:00:00+02:00,Solar 20,0.0
2030,sc01,06-17 20:00:00+02:00,Biomass 04,0.0
2030,sc01,06-17 20:00:00+02:00,Wind 02,8.059800172200001
2030,sc01,06-17 20:00:00+02:00,Hydro 25,0.0
2030,sc01,06-17 20:00:00+02:00,Solar 75,0.0
2030,sc01,06-17 20:00:00+02:00,Hydro 33,0.0
2030,sc01,06-17 20:00:00+02:00,ST NG 05,0.0
2030,sc01,06-17 20:00:00+02:00,CT NG 07,0.0
2030,sc01,06-17 20:00:00+02:00,Wind 01,2.01795569276
2030,sc01,06-17 20:00:00+02:00,Solar 56,0.0
2030,sc01,06-17 20:00:00+02:00,Biomass 09,0.04263
2030,sc01,06-17 20:00:00+02:00,Biomass 53,0.11907000000000001
2030,sc01,06-17 20:00:00+02:00,Wind 17,0.0
2030,sc01,06-17 20:00:00+02:00,ST NG 08,0.0
2030,sc01,06-17 20:00:00+02:00,Hydro 19,0.0
2030,sc01,06-17 20:00:00+02:00,ST NG 02,0.0
2030,sc01,06-17 20:00:00+02:00,Biomass 01,0.05047000000000001
2030,sc01,06-17 20:00:00+02:00,Biomass 57,0.10094000000000002
2030,sc01,06-17 20:00:00+02:00,CT NG 49,0.0
2030,sc01,06-17 20:00:00+02:00,CT NG 31,0.0
2030,sc01,06-17 20:00:00+02:00,Solar 64,0.0
2030,sc01,06-17 20:00:00+02:00,CC NG 33,0.0
2030,sc01,06-17 20:00:00+02:00,Solar 46,0.0
2030,sc01,06-17 20:00:00+02:00,Biomass 12,0.01715
2030,sc01,06-17 20:00:00+02:00,Wind 04,0.025515567336
2030,sc01,06-17 20:00:00+02:00,Solar 13,0.0
2030,sc01,06-17 20:00:00+02:00,CT NG 55,0.0
2030,sc01,06-17 20:00:00+02:00,Wind N03,165.98686311351844
2030,sc01,06-17 20:00:00+02:00,CT NG 28,0.0
2030,sc01,06-17 20:00:00+02:00,Wind 09,2.2344857627400003
2030,sc01,06-17 20:00:00+02:00,Solar 60,0.0
2030,sc01,06-17 20:00:00+02:00,Solar 25,0.0
2030,sc01,06-17 20:00:00+02:00,CT NG 23,0.0
2030,sc01,06-17 20:00:00+02:00,ST Other 01,0.0
2030,sc01,06-17 20:00:00+02:00,Solar 70,0.0
2030,sc01,06-17 20:00:00+02:00,CC NG 34,0.0
2030,sc01,06-17 20:00:00+02:00,Solar 48,0.0
2030,sc01,06-17 20:00:00+02:00,Biomass 56,0.1127
2030,sc01,06-17 20:00:00+02:00,CT NG 36,0.0
2030,sc01,06-17 20:00:00+02:00,Solar 47,0.0
2030,sc01,06-17 20:00:00+02:00,Hydro 17,0.038982195
2030,sc01,06-17 20:00:00+02:00,Solar 09,0.0
2030,sc01,06-17 20:00:00+02:00,Solar 08,0.0
2030,sc01,06-17 20:00:00+02:00,CT NG 45,0.0
2030,sc01,06-17 20:00:00+02:00,ST NG 04,2.975378
2030,sc01,06-17 20:00:00+02:00,Solar 40,0.0
2030,sc01,06-17 20:00:00+02:00,Biomass 47,0.0
2030,sc01,06-17 20:00:00+02:00,Solar 50,0.0
2030,sc01,06-17 20:00:00+02:00,Solar 52,0.0
2030,sc01,06-17 20:00:00+02:00,Solar 63,0.0
2030,sc01,06-17 20:00:00+02:00,CC NG 06,0.0
2030,sc01,06-17 20:00:00+02:00,Biomass 39,0.0
2030,sc01,06-17 20:00:00+02:00,Solar 67,0.0
2030,sc01,06-17 20:00:00+02:00,Solar 19,0.0
2030,sc01,06-17 20:00:00+02:00,Wind 12,16.7189433789
2030,sc01,06-17 20:00:00+02:00,Solar 24,0.0
2030,sc01,06-17 20:00:00+02:00,ICE NG 02,0.0
2030,sc01,06-17 20:00:00+02:00,Solar 05,0.0
2030,sc01,06-17 20:00:00+02:00,CT NG 54,0.0
2030,sc01,06-17 20:00:00+02:00,Wind N01,141.12814709057022
2030,sc01,06-17 20:00:00+02:00,CT NG 27,0.0
2030,sc01,06-17 20:00:00+02:00,CC NG 36,0.0
2030,sc01,06-17 20:00:00+02:00,Wind N02,120.56015934123582
2030,sc01,06-17 20:00:00+02:00,CT NG 52,0.0
2030,sc01,06-17 20:00:00+02:00,Solar 35,0.0
2030,sc01,06-17 20:00:00+02:00,CT NG 05,0.0
2030,sc01,06-17 20:00:00+02:00,Biomass 36,0.0
2030,sc01,06-17 20:00:00+02:00,CT NG 34,0.0
2030,sc01,06-17 20:00:00+02:00,CT Oil 03,0.0
2030,sc01,06-17 20:00:00+02:00,Hydro 35,0.0069301680000000004
2030,sc01,06-17 20:00:00+02:00,Solar 14,0.0
2030,sc01,06-17 20:00:00+02:00,CT NG 75,0.0
2030,sc01,06-17 20:00:00+02:00,ST NG 09,0.0
2030,sc01,06-17 20:00:00+02:00,CT NG 56,0.0
2030,sc01,06-17 20:00:00+02:00,Biomass 22,0.01764
2030,sc01,06-17 20:00:00+02:00,Solar 18,0.0
2030,sc01,06-17 20:00:00+02:00,Biomass 13,0.01715
2030,sc01,06-17 20:00:00+02:00,CT NG 71,0.0
2030,sc01,06-17 20:00:00+02:00,Solar 58,0.0
2030,sc01,06-17 20:00:00+02:00,Solar 06,0.0
2030,sc01,06-17 20:00:00+02:00,Biomass 08,0.04263
2030,sc01,06-17 20:00:00+02:00,CT NG 72,0.0
2030,sc01,06-17 20:00:00+02:00,Hydro 18,0.13427200499999997
2030,sc01,06-17 20:00:00+02:00,Solar 10,0.0
2030,sc01,06-17 20:00:00+02:00,CT NG 04,0.0
2030,sc01,06-17 20:00:00+02:00,ST Other 02,0.0
2030,sc01,06-17 20:00:00+02:00,CT NG 12,0.0
2030,sc01,06-17 20:00:00+02:00,CT NG 48,0.0
2030,sc01,06-17 20:00:00+02:00,ST NG 10,0.0
2030,sc01,06-17 20:00:00+02:00,Solar 22,0.0
2030,sc01,06-17 20:00:00+02:00,Solar 28,0.0
2030,sc01,06-17 20:00:00+02:00,CT NG 73,0.0
2030,sc01,06-17 20:00:00+02:00,Biomass 52,0.0
2030,sc01,06-17 20:00:00+02:00,CT NG 30,0.0
2030,sc01,06-17 20:00:00+02:00,Solar 54,0.0
2030,sc01,06-17 20:00:00+02:00,Solar 31,0.0
2030,sc01,06-17 20:00:00+02:00,Biomass 03,0.0
2030,sc01,06-17 20:00:00+02:00,CT NG 32,0.0
2030,sc01,06-17 20:00:00+02:00,Biomass 27,0.08281
2030,sc01,06-17 20:00:00+02:00,CC NG 14,0.0
2030,sc01,06-17 20:00:00+02:00,CC NG 03,0.0
2030,sc01,06-17 20:00:00+02:00,CC NG 29,0.0
2030,sc01,06-17 20:00:00+02:00,CC NG 28,0.0
2030,sc01,06-17 20:00:00+02:00,CC NG 25,0.0
2030,sc01,06-17 20:00:00+02:00,CT NG 44,0.0
2030,sc01,06-17 20:00:00+02:00,CT NG 14,1.0255896
2030,sc01,06-17 20:00:00+02:00,CC NG 15,0.0
2030,sc01,06-17 20:00:00+02:00,CC NG 04,0.0
2030,sc01,06-17 20:00:00+02:00,Biomass 29,0.08281
2030,sc01,06-17 20:00:00+02:00,Wind 14,57.70860068065933
2030,sc01,06-17 20:00:00+02:00,Wind 08,2.41952918781
2030,sc01,06-17 20:00:00+02:00,Biomass 61,0.0
2030,sc01,06-17 20:00:00+02:00,CT NG 35,0.0
2030,sc01,06-17 20:00:00+02:00,Solar 33,0.0
2030,sc01,06-17 20:00:00+02:00,CT NG 41,0.0
2030,sc01,06-17 20:00:00+02:00,CT NG 15,0.0
2030,sc01,06-17 20:00:00+02:00,Solar 42,0.0
2030,sc01,06-17 20:00:00+02:00,Solar 07,0.0
2030,sc01,06-17 20:00:00+02:00,Solar 43,0.0
2030,sc01,06-17 20:00:00+02:00,Biomass 05,0.02156
2030,sc01,06-17 20:00:00+02:00,CT NG 29,0.0
2030,sc01,06-17 20:00:00+02:00,Solar 71,0.0
2030,sc01,06-17 20:00:00+02:00,CT NG 53,0.0
2030,sc01,06-17 20:00:00+02:00,CT NG 20,0.0
2030,sc01,06-17 20:00:00+02:00,Biomass 14,0.038220000000000004
2030,sc01,06-17 20:00:00+02:00,Solar 26,0.0
2030,sc01,06-17 20:00:00+02:00,Hydro 29,0.0
2030,sc01,06-17 20:00:00+02:00,Hydro 31,0.011550280000000001
2030,sc01,06-17 20:00:00+02:00,Biomass 24,0.019110000000000002
2030,sc01,06-17 20:00:00+02:00,Biomass 54,0.11907000000000001
2030,sc01,06-17 20:00:00+02:00,Solar 36,0.0
2030,sc01,06-17 20:00:00+02:00,Wind 03,0.034405060704000005
2030,sc01,06-17 20:00:00+02:00,Biomass 40,0.0
2030,sc01,06-17 20:00:00+02:00,Biomass 49,0.0
2030,sc01,06-17 20:00:00+02:00,CC NG 16,0.0
2030,sc01,06-17 20:00:00+02:00,Biomass 48,0.0
2030,sc01,06-17 20:00:00+02:00,Hydro 28,0.0
2030,sc01,06-17 20:00:00+02:00,Biomass 17,0.01029
2030,sc01,06-17 20:00:00+02:00,CT NG 33,0.0
2030,sc01,06-17 20:00:00+02:00,Solar 45,0.0
2030,sc01,06-17 20:00:00+02:00,Hydro 24,0.0
2030,sc01,06-17 20:00:00+02:00,Wind 13,11.0845250726
2030,sc01,06-17 20:00:00+02:00,Biomass 07,0.098
2030,sc01,06-17 20:00:00+02:00,Biomass 34,0.0
2030,sc01,06-17 20:00:00+02:00,Biomass 33,0.0
2030,sc01,06-17 20:00:00+02:00,CT NG 01,1.2060174000000001
2030,sc01,06-17 20:00:00+02:00,ICE NG 03,0.0
2030,sc01,06-17 20:00:00+02:00,Solar 55,0.0
2030,sc01,06-17 20:00:00+02:00,Solar 11,0.0
2030,sc01,06-17 20:00:00+02:00,CT NG 06,0.0
2030,sc01,06-17 20:00:00+02:00,CT NG 70,0.0
2030,sc01,06-17 20:00:00+02:00,Solar 23,0.0
2030,sc01,06-17 20:00:00+02:00,CT NG 67,0.0
2030,sc01,06-17 20:00:00+02:00,Solar 12,0.0
2030,sc01,06-17 20:00:00+02:00,CT Oil 01,0.0
2030,sc01,06-17 20:00:00+02:00,Hydro 26,0.0
2030,sc01,06-17 20:00:00+02:00,CC NG 22,0.0
2030,sc01,06-17 20:00:00+02:00,CC NG 35,0.0
2030,sc01,06-17 20:00:00+02:00,Biomass 50,0.0
2030,sc01,06-17 20:00:00+02:00,ICE NG 04,0.0
2030,sc01,06-17 20:00:00+02:00,CC NG 39,0.375920809968507
2030,sc01,06-17 20:00:00+02:00,Hydro 32,0.013860336000000001
2030,sc01,06-17 20:00:00+02:00,ICE NG 07,0.0
2030,sc01,06-17 20:00:00+02:00,Biomass 46,0.0
2030,sc01,06-17 20:00:00+02:00,CC NG 38,0.0
2030,sc01,06-17 20:00:00+02:00,CC NG 12,0.0
2030,sc01,06-17 20:00:00+02:00,Solar 57,0.0
2030,sc01,06-17 20:00:00+02:00,CC NG 32,0.0
2030,sc01,06-17 20:00:00+02:00,CC NG 07,0.0
2030,sc01,06-17 20:00:00+02:00,Biomass 44,0.0
2030,sc01,06-17 20:00:00+02:00,CT NG 40,0.0
2030,sc01,06-17 20:00:00+02:00,Solar 74,0.0
2030,sc01,06-17 20:00:00+02:00,Hydro 30,0.0
2030,sc01,06-17 20:00:00+02:00,CT NG 42,0.0
2030,sc01,06-17 20:00:00+02:00,Hydro 22,3.40403637
2030,sc01,06-17 20:00:00+02:00,Solar 17,0.0
2030,sc01,06-17 20:00:00+02:00,Solar 38,0.0
2030,sc01,06-17 20:00:00+02:00,CT NG 24,0.0
2030,sc01,06-17 20:00:00+02:00,CC NG 27,0.0
2030,sc01,06-17 20:00:00+02:00,Biomass 21,0.01764
2030,sc01,06-17 20:00:00+02:00,ICE NG 06,0.0
2030,sc01,06-17 20:00:00+02:00,Biomass 25,0.019110000000000002
2030,sc01,06-17 20:00:00+02:00,Solar 27,0.0
2030,sc01,06-17 20:00:00+02:00,CT NG 19,0.18517589999999995
2030,sc01,06-17 20:00:00+02:00,Biomass 42,0.0
2030,sc01,06-17 20:00:00+02:00,Biomass 19,0.01764
2030,sc01,06-17 20:00:00+02:00,Biomass 06,0.02156
2030,sc01,06-17 20:00:00+02:00,CT NG 10,0.0
2030,sc01,06-17 20:00:00+02:00,CC NG 40,0.0
2030,sc01,06-17 20:00:00+02:00,CC NG 21,0.0
2030,sc01,06-17 20:00:00+02:00,Biomass 02,0.05047000000000001
2030,sc01,06-17 20:00:00+02:00,CT NG 46,0.0
2030,sc01,06-17 20:00:00+02:00,Hydro 34,0.0
2030,sc01,06-17 20:00:00+02:00,Biomass 10,0.04263
2030,sc01,06-17 20:00:00+02:00,CT NG 17,0.0
2030,sc01,06-17 20:00:00+02:00,Biomass 62,0.09359
2030,sc01,06-17 20:00:00+02:00,Biomass 32,0.058309999999999994
2030,sc01,06-17 20:00:00+02:00,CC NG 19,0.0
2030,sc01,06-17 20:00:00+02:00,CC NG 17,0.0
2030,sc01,06-17 20:00:00+02:00,ST NG 01,0.0
2030,sc01,06-17 20:00:00+02:00,Biomass 45,0.0
2030,sc01,06-17 20:00:00+02:00,Biomass 28,0.08281
2030,sc01,06-17 20:00:00+02:00,CC NG 10,0.0
2030,sc01,06-17 20:00:00+02:00,Biomass 23,0.019110000000000002
2030,sc01,06-17 20:00:00+02:00,ST NG 06,0.0
2030,sc01,06-17 20:00:00+02:00,Wind 10,2.2574793248700002
2030,sc01,06-17 20:00:00+02:00,CT NG 69,0.0
2030,sc01,06-17 20:00:00+02:00,CT NG 68,0.0
2030,sc01,06-17 22:00:00+02:00,CC NG 13,0.0
2030,sc01,06-17 22:00:00+02:00,CT NG 37,0.0
2030,sc01,06-17 22:00:00+02:00,ST Coal 01,0.0
2030,sc01,06-17 22:00:00+02:00,CT NG 09,0.0
2030,sc01,06-17 22:00:00+02:00,CT NG 47,0.0
2030,sc01,06-17 22:00:00+02:00,Solar 69,0.0
2030,sc01,06-17 22:00:00+02:00,Solar 34,0.0
2030,sc01,06-17 22:00:00+02:00,Solar 73,0.0
2030,sc01,06-17 22:00:00+02:00,Biomass 37,0.0
2030,sc01,06-17 22:00:00+02:00,Hydro 20,0.0
2030,sc01,06-17 22:00:00+02:00,Solar 01,0.0
2030,sc01,06-17 22:00:00+02:00,Solar 62,0.0
2030,sc01,06-17 22:00:00+02:00,Solar 02,0.0
2030,sc01,06-17 22:00:00+02:00,CT NG 26,0.0
2030,sc01,06-17 22:00:00+02:00,Biomass 20,0.0
2030,sc01,06-17 22:00:00+02:00,Wind 16,23.771095428869046
2030,sc01,06-17 22:00:00+02:00,CT NG 66,0.0
2030,sc01,06-17 22:00:00+02:00,Solar 39,0.0
2030,sc01,06-17 22:00:00+02:00,Biomass 41,0.0
2030,sc01,06-17 22:00:00+02:00,Solar 72,0.0
2030,sc01,06-17 22:00:00+02:00,ST NG 03,0.0
2030,sc01,06-17 22:00:00+02:00,Hydro 21,2.4289450500000003
2030,sc01,06-17 22:00:00+02:00,CT NG 03,0.0
2030,sc01,06-17 22:00:00+02:00,CC NG 09,0.0
2030,sc01,06-17 22:00:00+02:00,CT Oil 02,0.0
2030,sc01,06-17 22:00:00+02:00,CT NG 39,0.0
2030,sc01,06-17 22:00:00+02:00,CC NG 08,0.0
2030,sc01,06-17 22:00:00+02:00,Biomass 43,0.0
2030,sc01,06-17 22:00:00+02:00,CT NG 18,0.0
2030,sc01,06-17 22:00:00+02:00,ST NG 07,0.0
2030,sc01,06-17 22:00:00+02:00,Biomass 35,0.0
2030,sc01,06-17 22:00:00+02:00,Solar 32,0.0
2030,sc01,06-17 22:00:00+02:00,Biomass 15,0.0
2030,sc01,06-17 22:00:00+02:00,CC NG 31,0.0
2030,sc01,06-17 22:00:00+02:00,Solar 16,0.0
2030,sc01,06-17 22:00:00+02:00,Solar 68,0.0
2030,sc01,06-17 22:00:00+02:00,CT NG 21,0.0
2030,sc01,06-17 22:00:00+02:00,Wind 11,2.04025692255
2030,sc01,06-17 22:00:00+02:00,CC NG 37,0.0
2030,sc01,06-17 22:00:00+02:00,CT NG 22,0.0
2030,sc01,06-17 22:00:00+02:00,Hydro 16,0.0
2030,sc01,06-17 22:00:00+02:00,Biomass 59,0.0
2030,sc01,06-17 22:00:00+02:00,CC NG 01,0.0
2030,sc01,06-17 22:00:00+02:00,Biomass 16,0.0
2030,sc01,06-17 22:00:00+02:00,Solar 03,0.0
2030,sc01,06-17 22:00:00+02:00,Solar 44,0.0
2030,sc01,06-17 22:00:00+02:00,CT NG 08,0.0
2030,sc01,06-17 22:00:00+02:00,Wind 05,0.08846705308
2030,sc01,06-17 22:00:00+02:00,Biomass 26,0.0
2030,sc01,06-17 22:00:00+02:00,Solar 37,0.0
2030,sc01,06-17 22:00:00+02:00,Biomass 11,0.0
2030,sc01,06-17 22:00:00+02:00,Solar 59,0.0
2030,sc01,06-17 22:00:00+02:00,CT NG 11,0.0
2030,sc01,06-17 22:00:00+02:00,Biomass 30,0.0
2030,sc01,06-17 22:00:00+02:00,Hydro 23,0.0
2030,sc01,06-17 22:00:00+02:00,CC NG 24,0.0
2030,sc01,06-17 22:00:00+02:00,Solar 65,0.0
2030,sc01,06-17 22:00:00+02:00,CC NG 18,0.0
2030,sc01,06-17 22:00:00+02:00,CT NG 16,0.0
2030,sc01,06-17 22:00:00+02:00,Solar 51,0.0
2030,sc01,06-17 22:00:00+02:00,Wind 06,3.0042995276000006
2030,sc01,06-17 22:00:00+02:00,CC NG 26,0.0
2030,sc01,06-17 22:00:00+02:00,CC NG 23,0.0
2030,sc01,06-17 22:00:00+02:00,CT NG 43,0.0
2030,sc01,06-17 22:00:00+02:00,CC NG 11,0.0
2030,sc01,06-17 22:00:00+02:00,CT NG 02,0.0
2030,sc01,06-17 22:00:00+02:00,CT NG 50,0.0
2030,sc01,06-17 22:00:00+02:00,Hydro 27,0.0
2030,sc01,06-17 22:00:00+02:00,CT NG 13,0.0
2030,sc01,06-17 22:00:00+02:00,CT NG 25,0.0
2030,sc01,06-17 22:00:00+02:00,CC NG 05,0.0
2030,sc01,06-17 22:00:00+02:00,Solar 04,0.0
2030,sc01,06-17 22:00:00+02:00,Solar 30,0.0
2030,sc01,06-17 22:00:00+02:00,Solar 29,0.0
2030,sc01,06-17 22:00:00+02:00,Solar 53,0.0
2030,sc01,06-17 22:00:00+02:00,Solar 21,0.0
2030,sc01,06-17 22:00:00+02:00,Biomass 58,0.0
2030,sc01,06-17 22:00:00+02:00,CT NG 74,0.0
2030,sc01,06-17 22:00:00+02:00,Solar 61,0.0
2030,sc01,06-17 22:00:00+02:00,Wind 07,1.8554325831999998
2030,sc01,06-17 22:00:00+02:00,Biomass 31,0.0
2030,sc01,06-17 22:00:00+02:00,CT Oil 05,0.0
2030,sc01,06-17 22:00:00+02:00,Biomass 38,0.0
2030,sc01,06-17 22:00:00+02:00,Solar 41,0.0
2030,sc01,06-17 22:00:00+02:00,Biomass 51,0.0
2030,sc01,06-17 22:00:00+02:00,Biomass 55,0.0
2030,sc01,06-17 22:00:00+02:00,Wind 15,0.0
2030,sc01,06-17 22:00:00+02:00,Geo 01,0.0
2030,sc01,06-17 22:00:00+02:00,Biomass 60,0.0
2030,sc01,06-17 22:00:00+02:00,CT NG 38,0.0
2030,sc01,06-17 22:00:00+02:00,Solar 66,0.0
2030,sc01,06-17 22:00:00+02:00,Solar 49,0.0
2030,sc01,06-17 22:00:00+02:00,CT NG 51,0.0
2030,sc01,06-17 22:00:00+02:00,Biomass 18,0.0
2030,sc01,06-17 22:00:00+02:00,ICE NG 01,0.0
2030,sc01,06-17 22:00:00+02:00,Solar 15,0.0
2030,sc01,06-17 22:00:00+02:00,ICE NG 05,0.0
2030,sc01,06-17 22:00:00+02:00,CT Oil 04,0.0
2030,sc01,06-17 22:00:00+02:00,CC NG 20,0.0
2030,sc01,06-17 22:00:00+02:00,Solar 20,0.0
2030,sc01,06-17 22:00:00+02:00,Biomass 04,0.0
2030,sc01,06-17 22:00:00+02:00,Wind 02,5.2563446775
2030,sc01,06-17 22:00:00+02:00,Hydro 25,0.0
2030,sc01,06-17 22:00:00+02:00,Solar 75,0.0
2030,sc01,06-17 22:00:00+02:00,Hydro 33,0.0
2030,sc01,06-17 22:00:00+02:00,ST NG 05,0.0
2030,sc01,06-17 22:00:00+02:00,CT NG 07,0.0
2030,sc01,06-17 22:00:00+02:00,Wind 01,1.2871736045
2030,sc01,06-17 22:00:00+02:00,Solar 56,0.0
2030,sc01,06-17 22:00:00+02:00,Biomass 09,0.0
2030,sc01,06-17 22:00:00+02:00,Biomass 53,0.0
2030,sc01,06-17 22:00:00+02:00,Wind 17,0.0
2030,sc01,06-17 22:00:00+02:00,ST NG 08,0.0
2030,sc01,06-17 22:00:00+02:00,Hydro 19,0.0
2030,sc01,06-17 22:00:00+02:00,ST NG 02,0.0
2030,sc01,06-17 22:00:00+02:00,Biomass 01,0.0
2030,sc01,06-17 22:00:00+02:00,Biomass 57,0.0
2030,sc01,06-17 22:00:00+02:00,CT NG 49,0.0
2030,sc01,06-17 22:00:00+02:00,CT NG 31,0.0
2030,sc01,06-17 22:00:00+02:00,Solar 64,0.0
2030,sc01,06-17 22:00:00+02:00,CC NG 33,0.0
2030,sc01,06-17 22:00:00+02:00,Solar 46,0.0
2030,sc01,06-17 22:00:00+02:00,Biomass 12,0.0
2030,sc01,06-17 22:00:00+02:00,Wind 04,0.013654424279999999
2030,sc01,06-17 22:00:00+02:00,Solar 13,0.0
2030,sc01,06-17 22:00:00+02:00,CT NG 55,0.0
2030,sc01,06-17 22:00:00+02:00,Wind N03,89.11738593952049
2030,sc01,06-17 22:00:00+02:00,CT NG 28,0.0
2030,sc01,06-17 22:00:00+02:00,Wind 09,1.3499357571000001
2030,sc01,06-17 22:00:00+02:00,Solar 60,0.0
2030,sc01,06-17 22:00:00+02:00,Solar 25,0.0
2030,sc01,06-17 22:00:00+02:00,CT NG 23,0.0
2030,sc01,06-17 22:00:00+02:00,ST Other 01,0.0
2030,sc01,06-17 22:00:00+02:00,Solar 70,0.0
2030,sc01,06-17 22:00:00+02:00,CC NG 34,0.0
2030,sc01,06-17 22:00:00+02:00,Solar 48,0.0
2030,sc01,06-17 22:00:00+02:00,Biomass 56,0.0
2030,sc01,06-17 22:00:00+02:00,CT NG 36,0.0
2030,sc01,06-17 22:00:00+02:00,Solar 47,0.0
2030,sc01,06-17 22:00:00+02:00,Hydro 17,0.027622349999999997
2030,sc01,06-17 22:00:00+02:00,Solar 09,0.0
2030,sc01,06-17 22:00:00+02:00,Solar 08,0.0
2030,sc01,06-17 22:00:00+02:00,CT NG 45,0.0
2030,sc01,06-17 22:00:00+02:00,ST NG 04,0.0
2030,sc01,06-17 22:00:00+02:00,Solar 40,0.0
2030,sc01,06-17 22:00:00+02:00,Biomass 47,0.0
2030,sc01,06-17 22:00:00+02:00,Solar 50,0.0
2030,sc01,06-17 22:00:00+02:00,Solar 52,0.0
2030,sc01,06-17 22:00:00+02:00,Solar 63,0.0
2030,sc01,06-17 22:00:00+02:00,CC NG 06,0.0
2030,sc01,06-17 22:00:00+02:00,Biomass 39,0.0
2030,sc01,06-17 22:00:00+02:00,Solar 67,0.0
2030,sc01,06-17 22:00:00+02:00,Solar 19,0.0
2030,sc01,06-17 22:00:00+02:00,Wind 12,10.9869947985
2030,sc01,06-17 22:00:00+02:00,Solar 24,0.0
2030,sc01,06-17 22:00:00+02:00,ICE NG 02,0.0
2030,sc01,06-17 22:00:00+02:00,Solar 05,0.0
2030,sc01,06-17 22:00:00+02:00,CT NG 54,0.0
2030,sc01,06-17 22:00:00+02:00,Wind N01,94.73911222070903
2030,sc01,06-17 22:00:00+02:00,CT NG 27,0.0
2030,sc01,06-17 22:00:00+02:00,CC NG 36,0.0
2030,sc01,06-17 22:00:00+02:00,Wind N02,90.22812556213226
2030,sc01,06-17 22:00:00+02:00,CT NG 52,0.0
2030,sc01,06-17 22:00:00+02:00,Solar 35,0.0
2030,sc01,06-17 22:00:00+02:00,CT NG 05,0.0
2030,sc01,06-17 22:00:00+02:00,Biomass 36,0.0
2030,sc01,06-17 22:00:00+02:00,CT NG 34,0.0
2030,sc01,06-17 22:00:00+02:00,CT Oil 03,0.0
2030,sc01,06-17 22:00:00+02:00,Hydro 35,0.00491064
2030,sc01,06-17 22:00:00+02:00,Solar 14,0.0
2030,sc01,06-17 22:00:00+02:00,CT NG 75,0.0
2030,sc01,06-17 22:00:00+02:00,ST NG 09,0.0
2030,sc01,06-17 22:00:00+02:00,CT NG 56,0.0
2030,sc01,06-17 22:00:00+02:00,Biomass 22,0.0
2030,sc01,06-17 22:00:00+02:00,Solar 18,0.0
2030,sc01,06-17 22:00:00+02:00,Biomass 13,0.0
2030,sc01,06-17 22:00:00+02:00,CT NG 71,0.0
2030,sc01,06-17 22:00:00+02:00,Solar 58,0.0
2030,sc01,06-17 22:00:00+02:00,Solar 06,0.0
2030,sc01,06-17 22:00:00+02:00,Biomass 08,0.0
2030,sc01,06-17 22:00:00+02:00,CT NG 72,0.0
2030,sc01,06-17 22:00:00+02:00,Hydro 18,0.09514365
2030,sc01,06-17 22:00:00+02:00,Solar 10,0.0
2030,sc01,06-17 22:00:00+02:00,CT NG 04,0.0
2030,sc01,06-17 22:00:00+02:00,ST Other 02,0.0
2030,sc01,06-17 22:00:00+02:00,CT NG 12,0.0
2030,sc01,06-17 22:00:00+02:00,CT NG 48,0.0
2030,sc01,06-17 22:00:00+02:00,ST NG 10,0.0
2030,sc01,06-17 22:00:00+02:00,Solar 22,0.0
2030,sc01,06-17 22:00:00+02:00,Solar 28,0.0
2030,sc01,06-17 22:00:00+02:00,CT NG 73,0.0
2030,sc01,06-17 22:00:00+02:00,Biomass 52,0.0
2030,sc01,06-17 22:00:00+02:00,CT NG 30,0.0
2030,sc01,06-17 22:00:00+02:00,Solar 54,0.0
2030,sc01,06-17 22:00:00+02:00,Solar 31,0.0
2030,sc01,06-17 22:00:00+02:00,Biomass 03,0.0
2030,sc01,06-17 22:00:00+02:00,CT NG 32,0.0
2030,sc01,06-17 22:00:00+02:00,Biomass 27,0.0
2030,sc01,06-17 22:00:00+02:00,CC NG 14,0.0
2030,sc01,06-17 22:00:00+02:00,CC NG 03,0.0
2030,sc01,06-17 22:00:00+02:00,CC NG 29,0.0
2030,sc01,06-17 22:00:00+02:00,CC NG 28,0.0
2030,sc01,06-17 22:00:00+02:00,CC NG 25,0.0
2030,sc01,06-17 22:00:00+02:00,CT NG 44,0.0
2030,sc01,06-17 22:00:00+02:00,CT NG 14,0.0
2030,sc01,06-17 22:00:00+02:00,CC NG 15,0.0
2030,sc01,06-17 22:00:00+02:00,CC NG 04,0.0
2030,sc01,06-17 22:00:00+02:00,Biomass 29,0.0
2030,sc01,06-17 22:00:00+02:00,Wind 14,25.95258195208363
2030,sc01,06-17 22:00:00+02:00,Wind 08,1.44723914685
2030,sc01,06-17 22:00:00+02:00,Biomass 61,0.0
2030,sc01,06-17 22:00:00+02:00,CT NG 35,0.0
2030,sc01,06-17 22:00:00+02:00,Solar 33,0.0
2030,sc01,06-17 22:00:00+02:00,CT NG 41,0.0
2030,sc01,06-17 22:00:00+02:00,CT NG 15,0.0
2030,sc01,06-17 22:00:00+02:00,Solar 42,0.0
2030,sc01,06-17 22:00:00+02:00,Solar 07,0.0
2030,sc01,06-17 22:00:00+02:00,Solar 43,0.0
2030,sc01,06-17 22:00:00+02:00,Biomass 05,0.0
2030,sc01,06-17 22:00:00+02:00,CT NG 29,0.0
2030,sc01,06-17 22:00:00+02:00,Solar 71,0.0
2030,sc01,06-17 22:00:00+02:00,CT NG 53,0.0
2030,sc01,06-17 22:00:00+02:00,CT NG 20,0.0
2030,sc01,06-17 22:00:00+02:00,Biomass 14,0.0
2030,sc01,06-17 22:00:00+02:00,Solar 26,0.0
2030,sc01,06-17 22:00:00+02:00,Hydro 29,0.0
2030,sc01,06-17 22:00:00+02:00,Hydro 31,0.0081844
2030,sc01,06-17 22:00:00+02:00,Biomass 24,0.0
2030,sc01,06-17 22:00:00+02:00,Biomass 54,0.0
2030,sc01,06-17 22:00:00+02:00,Solar 36,0.0
2030,sc01,06-17 22:00:00+02:00,Wind 03,0.01718675196
2030,sc01,06-17 22:00:00+02:00,Biomass 40,0.0
2030,sc01,06-17 22:00:00+02:00,Biomass 49,0.0
2030,sc01,06-17 22:00:00+02:00,CC NG 16,0.0
2030,sc01,06-17 22:00:00+02:00,Biomass 48,0.0
2030,sc01,06-17 22:00:00+02:00,Hydro 28,0.0
2030,sc01,06-17 22:00:00+02:00,Biomass 17,0.0
2030,sc01,06-17 22:00:00+02:00,CT NG 33,0.0
2030,sc01,06-17 22:00:00+02:00,Solar 45,0.0
2030,sc01,06-17 22:00:00+02:00,Hydro 24,0.0
2030,sc01,06-17 22:00:00+02:00,Wind 13,7.6227177495000005
2030,sc01,06-17 22:00:00+02:00,Biomass 07,0.0
2030,sc01,06-17 22:00:00+02:00,Biomass 34,0.0
2030,sc01,06-17 22:00:00+02:00,Biomass 33,0.0
2030,sc01,06-17 22:00:00+02:00,CT NG 01,0.0
2030,sc01,06-17 22:00:00+02:00,ICE NG 03,0.0
2030,sc01,06-17 22:00:00+02:00,Solar 55,0.0
2030,sc01,06-17 22:00:00+02:00,Solar 11,0.0
2030,sc01,06-17 22:00:00+02:00,CT NG 06,0.0
2030,sc01,06-17 22:00:00+02:00,CT NG 70,0.0
2030,sc01,06-17 22:00:00+02:00,Solar 23,0.0
2030,sc01,06-17 22:00:00+02:00,CT NG 67,0.0
2030,sc01,06-17 22:00:00+02:00,Solar 12,0.0
2030,sc01,06-17 22:00:00+02:00,CT Oil 01,0.0
2030,sc01,06-17 22:00:00+02:00,Hydro 26,0.0
2030,sc01,06-17 22:00:00+02:00,CC NG 22,0.0
2030,sc01,06-17 22:00:00+02:00,CC NG 35,0.0
2030,sc01,06-17 22:00:00+02:00,Biomass 50,0.0
2030,sc01,06-17 22:00:00+02:00,ICE NG 04,0.0
2030,sc01,06-17 22:00:00+02:00,CC NG 39,0.0
2030,sc01,06-17 22:00:00+02:00,Hydro 32,0.00982128
2030,sc01,06-17 22:00:00+02:00,ICE NG 07,0.0
2030,sc01,06-17 22:00:00+02:00,Biomass 46,0.0
2030,sc01,06-17 22:00:00+02:00,CC NG 38,0.0
2030,sc01,06-17 22:00:00+02:00,CC NG 12,0.0
2030,sc01,06-17 22:00:00+02:00,Solar 57,0.0
2030,sc01,06-17 22:00:00+02:00,CC NG 32,0.0
2030,sc01,06-17 22:00:00+02:00,CC NG 07,0.0
2030,sc01,06-17 22:00:00+02:00,Biomass 44,0.0
2030,sc01,06-17 22:00:00+02:00,CT NG 40,0.0
2030,sc01,06-17 22:00:00+02:00,Solar 74,0.0
2030,sc01,06-17 22:00:00+02:00,Hydro 30,0.0
2030,sc01,06-17 22:00:00+02:00,CT NG 42,0.0
2030,sc01,06-17 22:00:00+02:00,Hydro 22,2.4289450500000003
2030,sc01,06-17 22:00:00+02:00,Solar 17,0.0
2030,sc01,06-17 22:00:00+02:00,Solar 38,0.0
2030,sc01,06-17 22:00:00+02:00,CT NG 24,0.0
2030,sc01,06-17 22:00:00+02:00,CC NG 27,0.0
2030,sc01,06-17 22:00:00+02:00,Biomass 21,0.0
2030,sc01,06-17 22:00:00+02:00,ICE NG 06,0.0
2030,sc01,06-17 22:00:00+02:00,Biomass 25,0.0
2030,sc01,06-17 22:00:00+02:00,Solar 27,0.0
2030,sc01,06-17 22:00:00+02:00,CT NG 19,0.0
2030,sc01,06-17 22:00:00+02:00,Biomass 42,0.0
2030,sc01,06-17 22:00:00+02:00,Biomass 19,0.0
2030,sc01,06-17 22:00:00+02:00,Biomass 06,0.0
2030,sc01,06-17 22:00:00+02:00,CT NG 10,0.0
2030,sc01,06-17 22:00:00+02:00,CC NG 40,0.0
2030,sc01,06-17 22:00:00+02:00,CC NG 21,0.0
2030,sc01,06-17 22:00:00+02:00,Biomass 02,0.0
2030,sc01,06-17 22:00:00+02:00,CT NG 46,0.0
2030,sc01,06-17 22:00:00+02:00,Hydro 34,0.0
2030,sc01,06-17 22:00:00+02:00,Biomass 10,0.0
2030,sc01,06-17 22:00:00+02:00,CT NG 17,0.0
2030,sc01,06-17 22:00:00+02:00,Biomass 62,0.0
2030,sc01,06-17 22:00:00+02:00,Biomass 32,0.0
2030,sc01,06-17 22:00:00+02:00,CC NG 19,0.0
2030,sc01,06-17 22:00:00+02:00,CC NG 17,0.0
2030,sc01,06-17 22:00:00+02:00,ST NG 01,0.0
2030,sc01,06-17 22:00:00+02:00,Biomass 45,0.0
2030,sc01,06-17 22:00:00+02:00,Biomass 28,0.0
2030,sc01,06-17 22:00:00+02:00,CC NG 10,0.0
2030,sc01,06-17 22:00:00+02:00,Biomass 23,0.0
2030,sc01,06-17 22:00:00+02:00,ST NG 06,0.0
2030,sc01,06-17 22:00:00+02:00,Wind 10,1.3598671544499998
2030,sc01,06-17 22:00:00+02:00,CT NG 69,0.0
2030,sc01,06-17 22:00:00+02:00,CT NG 68,0.0
2030,sc01,06-23 22:00:00+02:00,CC NG 13,0.0
2030,sc01,06-23 22:00:00+02:00,CT NG 37,0.0
2030,sc01,06-23 22:00:00+02:00,ST Coal 01,0.0
2030,sc01,06-23 22:00:00+02:00,CT NG 09,0.0
2030,sc01,06-23 22:00:00+02:00,CT NG 47,0.0
2030,sc01,06-23 22:00:00+02:00,Solar 69,0.0
2030,sc01,06-23 22:00:00+02:00,Solar 34,0.0
2030,sc01,06-23 22:00:00+02:00,Solar 73,0.0
2030,sc01,06-23 22:00:00+02:00,Biomass 37,0.0
2030,sc01,06-23 22:00:00+02:00,Hydro 20,0.0
2030,sc01,06-23 22:00:00+02:00,Solar 01,0.0
2030,sc01,06-23 22:00:00+02:00,Solar 62,0.0
2030,sc01,06-23 22:00:00+02:00,Solar 02,0.0
2030,sc01,06-23 22:00:00+02:00,CT NG 26,0.0
2030,sc01,06-23 22:00:00+02:00,Biomass 20,0.0
2030,sc01,06-23 22:00:00+02:00,Wind 16,0.0
2030,sc01,06-23 22:00:00+02:00,CT NG 66,0.0
2030,sc01,06-23 22:00:00+02:00,Solar 39,0.0
2030,sc01,06-23 22:00:00+02:00,Biomass 41,0.0
2030,sc01,06-23 22:00:00+02:00,Solar 72,0.0
2030,sc01,06-23 22:00:00+02:00,ST NG 03,0.0
2030,sc01,06-23 22:00:00+02:00,Hydro 21,0.0
2030,sc01,06-23 22:00:00+02:00,CT NG 03,0.0
2030,sc01,06-23 22:00:00+02:00,CC NG 09,0.0
2030,sc01,06-23 22:00:00+02:00,CT Oil 02,0.0
2030,sc01,06-23 22:00:00+02:00,CT NG 39,0.0
2030,sc01,06-23 22:00:00+02:00,CC NG 08,0.0
2030,sc01,06-23 22:00:00+02:00,Biomass 43,0.0
2030,sc01,06-23 22:00:00+02:00,CT NG 18,0.0
2030,sc01,06-23 22:00:00+02:00,ST NG 07,0.0
2030,sc01,06-23 22:00:00+02:00,Biomass 35,0.0
2030,sc01,06-23 22:00:00+02:00,Solar 32,0.0
2030,sc01,06-23 22:00:00+02:00,Biomass 15,0.0
2030,sc01,06-23 22:00:00+02:00,CC NG 31,0.0
2030,sc01,06-23 22:00:00+02:00,Solar 16,0.0
2030,sc01,06-23 22:00:00+02:00,Solar 68,0.0
2030,sc01,06-23 22:00:00+02:00,CT NG 21,0.0
2030,sc01,06-23 22:00:00+02:00,Wind 11,4.0390551853600005
2030,sc01,06-23 22:00:00+02:00,CC NG 37,0.0
2030,sc01,06-23 22:00:00+02:00,CT NG 22,0.0
2030,sc01,06-23 22:00:00+02:00,Hydro 16,0.0
2030,sc01,06-23 22:00:00+02:00,Biomass 59,0.0
2030,sc01,06-23 22:00:00+02:00,CC NG 01,0.0
2030,sc01,06-23 22:00:00+02:00,Biomass 16,0.0
2030,sc01,06-23 22:00:00+02:00,Solar 03,0.0
2030,sc01,06-23 22:00:00+02:00,Solar 44,0.0
2030,sc01,06-23 22:00:00+02:00,CT NG 08,0.0
2030,sc01,06-23 22:00:00+02:00,Wind 05,0.18838424966400003
2030,sc01,06-23 22:00:00+02:00,Biomass 26,0.0
2030,sc01,06-23 22:00:00+02:00,Solar 37,0.0
2030,sc01,06-23 22:00:00+02:00,Biomass 11,0.0
2030,sc01,06-23 22:00:00+02:00,Solar 59,0.0
2030,sc01,06-23 22:00:00+02:00,CT NG 11,0.0
2030,sc01,06-23 22:00:00+02:00,Biomass 30,0.0
2030,sc01,06-23 22:00:00+02:00,Hydro 23,0.0
2030,sc01,06-23 22:00:00+02:00,CC NG 24,0.0
2030,sc01,06-23 22:00:00+02:00,Solar 65,0.0
2030,sc01,06-23 22:00:00+02:00,CC NG 18,0.0
2030,sc01,06-23 22:00:00+02:00,CT NG 16,0.0
2030,sc01,06-23 22:00:00+02:00,Solar 51,0.0
2030,sc01,06-23 22:00:00+02:00,Wind 06,5.7874604632
2030,sc01,06-23 22:00:00+02:00,CC NG 26,0.0
2030,sc01,06-23 22:00:00+02:00,CC NG 23,0.0
2030,sc01,06-23 22:00:00+02:00,CT NG 43,0.0
2030,sc01,06-23 22:00:00+02:00,CC NG 11,0.0
2030,sc01,06-23 22:00:00+02:00,CT NG 02,0.0
2030,sc01,06-23 22:00:00+02:00,CT NG 50,0.0
2030,sc01,06-23 22:00:00+02:00,Hydro 27,0.0
2030,sc01,06-23 22:00:00+02:00,CT NG 13,0.0
2030,sc01,06-23 22:00:00+02:00,CT NG 25,0.0
2030,sc01,06-23 22:00:00+02:00,CC NG 05,0.0
2030,sc01,06-23 22:00:00+02:00,Solar 04,0.0
2030,sc01,06-23 22:00:00+02:00,Solar 30,0.0
2030,sc01,06-23 22:00:00+02:00,Solar 29,0.0
2030,sc01,06-23 22:00:00+02:00,Solar 53,0.0
2030,sc01,06-23 22:00:00+02:00,Solar 21,0.0
2030,sc01,06-23 22:00:00+02:00,Biomass 58,0.0
2030,sc01,06-23 22:00:00+02:00,CT NG 74,0.0
2030,sc01,06-23 22:00:00+02:00,Solar 61,0.0
2030,sc01,06-23 22:00:00+02:00,Wind 07,3.8916605369200004
2030,sc01,06-23 22:00:00+02:00,Biomass 31,0.0
2030,sc01,06-23 22:00:00+02:00,CT Oil 05,0.0
2030,sc01,06-23 22:00:00+02:00,Biomass 38,0.0
2030,sc01,06-23 22:00:00+02:00,Solar 41,0.0
2030,sc01,06-23 22:00:00+02:00,Biomass 51,0.0
2030,sc01,06-23 22:00:00+02:00,Biomass 55,0.0
2030,sc01,06-23 22:00:00+02:00,Wind 15,8.172029975200001
2030,sc01,06-23 22:00:00+02:00,Geo 01,0.0
2030,sc01,06-23 22:00:00+02:00,Biomass 60,0.0
2030,sc01,06-23 22:00:00+02:00,CT NG 38,0.0
2030,sc01,06-23 22:00:00+02:00,Solar 66,0.0
2030,sc01,06-23 22:00:00+02:00,Solar 49,0.0
2030,sc01,06-23 22:00:00+02:00,CT NG 51,0.0
2030,sc01,06-23 22:00:00+02:00,Biomass 18,0.0
2030,sc01,06-23 22:00:00+02:00,ICE NG 01,0.0
2030,sc01,06-23 22:00:00+02:00,Solar 15,0.0
2030,sc01,06-23 22:00:00+02:00,ICE NG 05,0.0
2030,sc01,06-23 22:00:00+02:00,CT Oil 04,0.0
2030,sc01,06-23 22:00:00+02:00,CC NG 20,0.0
2030,sc01,06-23 22:00:00+02:00,Solar 20,0.0
2030,sc01,06-23 22:00:00+02:00,Biomass 04,0.0
2030,sc01,06-23 22:00:00+02:00,Wind 02,10.013191047600001
2030,sc01,06-23 22:00:00+02:00,Hydro 25,0.0
2030,sc01,06-23 22:00:00+02:00,Solar 75,0.0
2030,sc01,06-23 22:00:00+02:00,Hydro 33,0.0
2030,sc01,06-23 22:00:00+02:00,ST NG 05,0.0
2030,sc01,06-23 22:00:00+02:00,CT NG 07,0.0
2030,sc01,06-23 22:00:00+02:00,Wind 01,2.5776181391999997
2030,sc01,06-23 22:00:00+02:00,Solar 56,0.0
2030,sc01,06-23 22:00:00+02:00,Biomass 09,0.0
2030,sc01,06-23 22:00:00+02:00,Biomass 53,0.0
2030,sc01,06-23 22:00:00+02:00,Wind 17,26.49818020227539
2030,sc01,06-23 22:00:00+02:00,ST NG 08,0.0
2030,sc01,06-23 22:00:00+02:00,Hydro 19,0.0
2030,sc01,06-23 22:00:00+02:00,ST NG 02,0.0
2030,sc01,06-23 22:00:00+02:00,Biomass 01,0.0
2030,sc01,06-23 22:00:00+02:00,Biomass 57,0.0
2030,sc01,06-23 22:00:00+02:00,CT NG 49,0.0
2030,sc01,06-23 22:00:00+02:00,CT NG 31,0.0
2030,sc01,06-23 22:00:00+02:00,Solar 64,0.0
2030,sc01,06-23 22:00:00+02:00,CC NG 33,0.0
2030,sc01,06-23 22:00:00+02:00,Solar 46,0.0
2030,sc01,06-23 22:00:00+02:00,Biomass 12,0.0
2030,sc01,06-23 22:00:00+02:00,Wind 04,0.27058564041600003
2030,sc01,06-23 22:00:00+02:00,Solar 13,0.0
2030,sc01,06-23 22:00:00+02:00,CT NG 55,0.0
2030,sc01,06-23 22:00:00+02:00,Wind N03,65.10098500056614
2030,sc01,06-23 22:00:00+02:00,CT NG 28,0.0
2030,sc01,06-23 22:00:00+02:00,Wind 09,2.93557113096
2030,sc01,06-23 22:00:00+02:00,Solar 60,0.0
2030,sc01,06-23 22:00:00+02:00,Solar 25,0.0
2030,sc01,06-23 22:00:00+02:00,CT NG 23,0.0
2030,sc01,06-23 22:00:00+02:00,ST Other 01,0.0
2030,sc01,06-23 22:00:00+02:00,Solar 70,0.0
2030,sc01,06-23 22:00:00+02:00,CC NG 34,0.0
2030,sc01,06-23 22:00:00+02:00,Solar 48,0.0
2030,sc01,06-23 22:00:00+02:00,Biomass 56,0.0
2030,sc01,06-23 22:00:00+02:00,CT NG 36,0.0
2030,sc01,06-23 22:00:00+02:00,Solar 47,0.0
2030,sc01,06-23 22:00:00+02:00,Hydro 17,0.03592134
2030,sc01,06-23 22:00:00+02:00,Solar 09,0.0
2030,sc01,06-23 22:00:00+02:00,Solar 08,0.0
2030,sc01,06-23 22:00:00+02:00,CT NG 45,0.0
2030,sc01,06-23 22:00:00+02:00,ST NG 04,0.0
2030,sc01,06-23 22:00:00+02:00,Solar 40,0.0
2030,sc01,06-23 22:00:00+02:00,Biomass 47,0.0
2030,sc01,06-23 22:00:00+02:00,Solar 50,0.0
2030,sc01,06-23 22:00:00+02:00,Solar 52,0.0
2030,sc01,06-23 22:00:00+02:00,Solar 63,0.0
2030,sc01,06-23 22:00:00+02:00,CC NG 06,0.0
2030,sc01,06-23 22:00:00+02:00,Biomass 39,0.0
2030,sc01,06-23 22:00:00+02:00,Solar 67,0.0
2030,sc01,06-23 22:00:00+02:00,Solar 19,0.0
2030,sc01,06-23 22:00:00+02:00,Wind 12,0.0
2030,sc01,06-23 22:00:00+02:00,Solar 24,0.0
2030,sc01,06-23 22:00:00+02:00,ICE NG 02,0.0
2030,sc01,06-23 22:00:00+02:00,Solar 05,0.0
2030,sc01,06-23 22:00:00+02:00,CT NG 54,0.0
2030,sc01,06-23 22:00:00+02:00,Wind N01,156.82488472373922
2030,sc01,06-23 22:00:00+02:00,CT NG 27,0.0
2030,sc01,06-23 22:00:00+02:00,CC NG 36,0.0
2030,sc01,06-23 22:00:00+02:00,Wind N02,134.95051703717735
2030,sc01,06-23 22:00:00+02:00,CT NG 52,0.0
2030,sc01,06-23 22:00:00+02:00,Solar 35,0.0
2030,sc01,06-23 22:00:00+02:00,CT NG 05,0.0
2030,sc01,06-23 22:00:00+02:00,Biomass 36,0.0
2030,sc01,06-23 22:00:00+02:00,CT NG 34,0.0
2030,sc01,06-23 22:00:00+02:00,CT Oil 03,0.0
2030,sc01,06-23 22:00:00+02:00,Hydro 35,0.006386016
2030,sc01,06-23 22:00:00+02:00,Solar 14,0.0
2030,sc01,06-23 22:00:00+02:00,CT NG 75,0.0
2030,sc01,06-23 22:00:00+02:00,ST NG 09,0.0
2030,sc01,06-23 22:00:00+02:00,CT NG 56,0.0
2030,sc01,06-23 22:00:00+02:00,Biomass 22,0.0
2030,sc01,06-23 22:00:00+02:00,Solar 18,0.0
2030,sc01,06-23 22:00:00+02:00,Biomass 13,0.0
2030,sc01,06-23 22:00:00+02:00,CT NG 71,0.0
2030,sc01,06-23 22:00:00+02:00,Solar 58,0.0
2030,sc01,06-23 22:00:00+02:00,Solar 06,0.0
2030,sc01,06-23 22:00:00+02:00,Biomass 08,0.0
2030,sc01,06-23 22:00:00+02:00,CT NG 72,0.0
2030,sc01,06-23 22:00:00+02:00,Hydro 18,0.12372906000000002
2030,sc01,06-23 22:00:00+02:00,Solar 10,0.0
2030,sc01,06-23 22:00:00+02:00,CT NG 04,0.0
2030,sc01,06-23 22:00:00+02:00,ST Other 02,0.0
2030,sc01,06-23 22:00:00+02:00,CT NG 12,0.0
2030,sc01,06-23 22:00:00+02:00,CT NG 48,0.0
2030,sc01,06-23 22:00:00+02:00,ST NG 10,0.0
2030,sc01,06-23 22:00:00+02:00,Solar 22,0.0
2030,sc01,06-23 22:00:00+02:00,Solar 28,0.0
2030,sc01,06-23 22:00:00+02:00,CT NG 73,0.0
2030,sc01,06-23 22:00:00+02:00,Biomass 52,0.0
2030,sc01,06-23 22:00:00+02:00,CT NG 30,0.0
2030,sc01,06-23 22:00:00+02:00,Solar 54,0.0
2030,sc01,06-23 22:00:00+02:00,Solar 31,0.0
2030,sc01,06-23 22:00:00+02:00,Biomass 03,0.0
2030,sc01,06-23 22:00:00+02:00,CT NG 32,0.0
2030,sc01,06-23 22:00:00+02:00,Biomass 27,0.0
2030,sc01,06-23 22:00:00+02:00,CC NG 14,0.0
2030,sc01,06-23 22:00:00+02:00,CC NG 03,0.0
2030,sc01,06-23 22:00:00+02:00,CC NG 29,0.0
2030,sc01,06-23 22:00:00+02:00,CC NG 28,0.0
2030,sc01,06-23 22:00:00+02:00,CC NG 25,0.0
2030,sc01,06-23 22:00:00+02:00,CT NG 44,0.0
2030,sc01,06-23 22:00:00+02:00,CT NG 14,0.0
2030,sc01,06-23 22:00:00+02:00,CC NG 15,0.0
2030,sc01,06-23 22:00:00+02:00,CC NG 04,0.0
2030,sc01,06-23 22:00:00+02:00,Biomass 29,0.0
2030,sc01,06-23 22:00:00+02:00,Wind 14,43.29599300269757
2030,sc01,06-23 22:00:00+02:00,Wind 08,3.7285625062400003
2030,sc01,06-23 22:00:00+02:00,Biomass 61,0.0
2030,sc01,06-23 22:00:00+02:00,CT NG 35,0.0
2030,sc01,06-23 22:00:00+02:00,Solar 33,0.0
2030,sc01,06-23 22:00:00+02:00,CT NG 41,0.0
2030,sc01,06-23 22:00:00+02:00,CT NG 15,0.0
2030,sc01,06-23 22:00:00+02:00,Solar 42,0.0
2030,sc01,06-23 22:00:00+02:00,Solar 07,0.0
2030,sc01,06-23 22:00:00+02:00,Solar 43,0.0
2030,sc01,06-23 22:00:00+02:00,Biomass 05,0.0
2030,sc01,06-23 22:00:00+02:00,CT NG 29,0.0
2030,sc01,06-23 22:00:00+02:00,Solar 71,0.0
2030,sc01,06-23 22:00:00+02:00,CT NG 53,0.0
2030,sc01,06-23 22:00:00+02:00,CT NG 20,0.0
2030,sc01,06-23 22:00:00+02:00,Biomass 14,0.0
2030,sc01,06-23 22:00:00+02:00,Solar 26,0.0
2030,sc01,06-23 22:00:00+02:00,Hydro 29,0.0
2030,sc01,06-23 22:00:00+02:00,Hydro 31,0.01064336
2030,sc01,06-23 22:00:00+02:00,Biomass 24,0.0
2030,sc01,06-23 22:00:00+02:00,Biomass 54,0.0
2030,sc01,06-23 22:00:00+02:00,Solar 36,0.0
2030,sc01,06-23 22:00:00+02:00,Wind 03,0.66973039172
2030,sc01,06-23 22:00:00+02:00,Biomass 40,0.0
2030,sc01,06-23 22:00:00+02:00,Biomass 49,0.0
2030,sc01,06-23 22:00:00+02:00,CC NG 16,0.0
2030,sc01,06-23 22:00:00+02:00,Biomass 48,0.0
2030,sc01,06-23 22:00:00+02:00,Hydro 28,0.0
2030,sc01,06-23 22:00:00+02:00,Biomass 17,0.0
2030,sc01,06-23 22:00:00+02:00,CT NG 33,0.0
2030,sc01,06-23 22:00:00+02:00,Solar 45,0.0
2030,sc01,06-23 22:00:00+02:00,Hydro 24,0.0
2030,sc01,06-23 22:00:00+02:00,Wind 13,0.0
2030,sc01,06-23 22:00:00+02:00,Biomass 07,0.0
2030,sc01,06-23 22:00:00+02:00,Biomass 34,0.0
2030,sc01,06-23 22:00:00+02:00,Biomass 33,0.0
2030,sc01,06-23 22:00:00+02:00,CT NG 01,0.0
2030,sc01,06-23 22:00:00+02:00,ICE NG 03,0.0
2030,sc01,06-23 22:00:00+02:00,Solar 55,0.0
2030,sc01,06-23 22:00:00+02:00,Solar 11,0.0
2030,sc01,06-23 22:00:00+02:00,CT NG 06,0.0
2030,sc01,06-23 22:00:00+02:00,CT NG 70,0.0
2030,sc01,06-23 22:00:00+02:00,Solar 23,0.0
2030,sc01,06-23 22:00:00+02:00,CT NG 67,0.0
2030,sc01,06-23 22:00:00+02:00,Solar 12,0.0
2030,sc01,06-23 22:00:00+02:00,CT Oil 01,0.0
2030,sc01,06-23 22:00:00+02:00,Hydro 26,0.0
2030,sc01,06-23 22:00:00+02:00,CC NG 22,0.0
2030,sc01,06-23 22:00:00+02:00,CC NG 35,0.0
2030,sc01,06-23 22:00:00+02:00,Biomass 50,0.0
2030,sc01,06-23 22:00:00+02:00,ICE NG 04,0.0
2030,sc01,06-23 22:00:00+02:00,CC NG 39,0.0
2030,sc01,06-23 22:00:00+02:00,Hydro 32,0.012772032
2030,sc01,06-23 22:00:00+02:00,ICE NG 07,0.0
2030,sc01,06-23 22:00:00+02:00,Biomass 46,0.0
2030,sc01,06-23 22:00:00+02:00,CC NG 38,0.0
2030,sc01,06-23 22:00:00+02:00,CC NG 12,0.0
2030,sc01,06-23 22:00:00+02:00,Solar 57,0.0
2030,sc01,06-23 22:00:00+02:00,CC NG 32,0.0
2030,sc01,06-23 22:00:00+02:00,CC NG 07,0.0
2030,sc01,06-23 22:00:00+02:00,Biomass 44,0.0
2030,sc01,06-23 22:00:00+02:00,CT NG 40,0.0
2030,sc01,06-23 22:00:00+02:00,Solar 74,0.0
2030,sc01,06-23 22:00:00+02:00,Hydro 30,0.0
2030,sc01,06-23 22:00:00+02:00,CT NG 42,0.0
2030,sc01,06-23 22:00:00+02:00,Hydro 22,0.0
2030,sc01,06-23 22:00:00+02:00,Solar 17,0.0
2030,sc01,06-23 22:00:00+02:00,Solar 38,0.0
2030,sc01,06-23 22:00:00+02:00,CT NG 24,0.0
2030,sc01,06-23 22:00:00+02:00,CC NG 27,0.0
2030,sc01,06-23 22:00:00+02:00,Biomass 21,0.0
2030,sc01,06-23 22:00:00+02:00,ICE NG 06,0.0
2030,sc01,06-23 22:00:00+02:00,Biomass 25,0.0
2030,sc01,06-23 22:00:00+02:00,Solar 27,0.0
2030,sc01,06-23 22:00:00+02:00,CT NG 19,0.0
2030,sc01,06-23 22:00:00+02:00,Biomass 42,0.0
2030,sc01,06-23 22:00:00+02:00,Biomass 19,0.0
2030,sc01,06-23 22:00:00+02:00,Biomass 06,0.0
2030,sc01,06-23 22:00:00+02:00,CT NG 10,0.0
2030,sc01,06-23 22:00:00+02:00,CC NG 40,0.0
2030,sc01,06-23 22:00:00+02:00,CC NG 21,0.0
2030,sc01,06-23 22:00:00+02:00,Biomass 02,0.0
2030,sc01,06-23 22:00:00+02:00,CT NG 46,0.0
2030,sc01,06-23 22:00:00+02:00,Hydro 34,0.0
2030,sc01,06-23 22:00:00+02:00,Biomass 10,0.0
2030,sc01,06-23 22:00:00+02:00,CT NG 17,0.0
2030,sc01,06-23 22:00:00+02:00,Biomass 62,0.0
2030,sc01,06-23 22:00:00+02:00,Biomass 32,0.0
2030,sc01,06-23 22:00:00+02:00,CC NG 19,0.0
2030,sc01,06-23 22:00:00+02:00,CC NG 17,0.0
2030,sc01,06-23 22:00:00+02:00,ST NG 01,0.0
2030,sc01,06-23 22:00:00+02:00,Biomass 45,0.0
2030,sc01,06-23 22:00:00+02:00,Biomass 28,0.0
2030,sc01,06-23 22:00:00+02:00,CC NG 10,0.0
2030,sc01,06-23 22:00:00+02:00,Biomass 23,0.0
2030,sc01,06-23 22:00:00+02:00,ST NG 06,0.0
2030,sc01,06-23 22:00:00+02:00,Wind 10,2.91078828352
2030,sc01,06-23 22:00:00+02:00,CT NG 69,0.0
2030,sc01,06-23 22:00:00+02:00,CT NG 68,0.0
2030,sc01,06-24 18:00:00+02:00,CC NG 13,0.0
2030,sc01,06-24 18:00:00+02:00,CT NG 37,0.0
2030,sc01,06-24 18:00:00+02:00,ST Coal 01,0.0
2030,sc01,06-24 18:00:00+02:00,CT NG 09,0.0
2030,sc01,06-24 18:00:00+02:00,CT NG 47,0.0
2030,sc01,06-24 18:00:00+02:00,Solar 69,0.0
2030,sc01,06-24 18:00:00+02:00,Solar 34,0.9972230778000001
2030,sc01,06-24 18:00:00+02:00,Solar 73,0.0
2030,sc01,06-24 18:00:00+02:00,Biomass 37,0.0
2030,sc01,06-24 18:00:00+02:00,Hydro 20,0.0
2030,sc01,06-24 18:00:00+02:00,Solar 01,2.00445530724
2030,sc01,06-24 18:00:00+02:00,Solar 62,0.0
2030,sc01,06-24 18:00:00+02:00,Solar 02,0.53204973012
2030,sc01,06-24 18:00:00+02:00,CT NG 26,0.0
2030,sc01,06-24 18:00:00+02:00,Biomass 20,0.01296
2030,sc01,06-24 18:00:00+02:00,Wind 16,0.0
2030,sc01,06-24 18:00:00+02:00,CT NG 66,0.0
2030,sc01,06-24 18:00:00+02:00,Solar 39,0.016457212224
2030,sc01,06-24 18:00:00+02:00,Biomass 41,0.0
2030,sc01,06-24 18:00:00+02:00,Solar 72,0.0
2030,sc01,06-24 18:00:00+02:00,ST NG 03,0.0
2030,sc01,06-24 18:00:00+02:00,Hydro 21,2.53499652
2030,sc01,06-24 18:00:00+02:00,CT NG 03,0.0
2030,sc01,06-24 18:00:00+02:00,CC NG 09,0.0
2030,sc01,06-24 18:00:00+02:00,CT Oil 02,0.0
2030,sc01,06-24 18:00:00+02:00,CT NG 39,0.0
2030,sc01,06-24 18:00:00+02:00,CC NG 08,0.0
2030,sc01,06-24 18:00:00+02:00,Biomass 43,0.0
2030,sc01,06-24 18:00:00+02:00,CT NG 18,0.0
2030,sc01,06-24 18:00:00+02:00,ST NG 07,0.0
2030,sc01,06-24 18:00:00+02:00,Biomass 35,0.0
2030,sc01,06-24 18:00:00+02:00,Solar 32,0.9224071286400001
2030,sc01,06-24 18:00:00+02:00,Biomass 15,0.007560000000000001
2030,sc01,06-24 18:00:00+02:00,CC NG 31,0.0
2030,sc01,06-24 18:00:00+02:00,Solar 16,0.0
2030,sc01,06-24 18:00:00+02:00,Solar 68,0.0
2030,sc01,06-24 18:00:00+02:00,CT NG 21,0.0
2030,sc01,06-24 18:00:00+02:00,Wind 11,2.5239157477200003
2030,sc01,06-24 18:00:00+02:00,CC NG 37,0.0
2030,sc01,06-24 18:00:00+02:00,CT NG 22,0.0
2030,sc01,06-24 18:00:00+02:00,Hydro 16,0.01512864
2030,sc01,06-24 18:00:00+02:00,Biomass 59,0.14904
2030,sc01,06-24 18:00:00+02:00,CC NG 01,0.0
2030,sc01,06-24 18:00:00+02:00,Biomass 16,0.007560000000000001
2030,sc01,06-24 18:00:00+02:00,Solar 03,0.0
2030,sc01,06-24 18:00:00+02:00,Solar 44,0.01402750656
2030,sc01,06-24 18:00:00+02:00,CT NG 08,0.0
2030,sc01,06-24 18:00:00+02:00,Wind 05,0.106295477184
2030,sc01,06-24 18:00:00+02:00,Biomass 26,0.06084
2030,sc01,06-24 18:00:00+02:00,Solar 37,0.269197043328
2030,sc01,06-24 18:00:00+02:00,Biomass 11,0.0126
2030,sc01,06-24 18:00:00+02:00,Solar 59,0.0
2030,sc01,06-24 18:00:00+02:00,CT NG 11,0.0
2030,sc01,06-24 18:00:00+02:00,Biomass 30,0.06084
2030,sc01,06-24 18:00:00+02:00,Hydro 23,0.0
2030,sc01,06-24 18:00:00+02:00,CC NG 24,0.0
2030,sc01,06-24 18:00:00+02:00,Solar 65,0.7389670284000001
2030,sc01,06-24 18:00:00+02:00,CC NG 18,0.0
2030,sc01,06-24 18:00:00+02:00,CT NG 16,0.0
2030,sc01,06-24 18:00:00+02:00,Solar 51,0.151636987872
2030,sc01,06-24 18:00:00+02:00,Wind 06,3.33477019584
2030,sc01,06-24 18:00:00+02:00,CC NG 26,0.0
2030,sc01,06-24 18:00:00+02:00,CC NG 23,0.0
2030,sc01,06-24 18:00:00+02:00,CT NG 43,0.0
2030,sc01,06-24 18:00:00+02:00,CC NG 11,0.0
2030,sc01,06-24 18:00:00+02:00,CT NG 02,0.0
2030,sc01,06-24 18:00:00+02:00,CT NG 50,0.0
2030,sc01,06-24 18:00:00+02:00,Hydro 27,0.0
2030,sc01,06-24 18:00:00+02:00,CT NG 13,0.0
2030,sc01,06-24 18:00:00+02:00,CT NG 25,0.0
2030,sc01,06-24 18:00:00+02:00,CC NG 05,0.0
2030,sc01,06-24 18:00:00+02:00,Solar 04,0.091381965984
2030,sc01,06-24 18:00:00+02:00,Solar 30,0.0
2030,sc01,06-24 18:00:00+02:00,Solar 29,0.0
2030,sc01,06-24 18:00:00+02:00,Solar 53,0.15593978851200002
2030,sc01,06-24 18:00:00+02:00,Solar 21,0.0
2030,sc01,06-24 18:00:00+02:00,Biomass 58,0.07416
2030,sc01,06-24 18:00:00+02:00,CT NG 74,0.0
2030,sc01,06-24 18:00:00+02:00,Solar 61,0.0
2030,sc01,06-24 18:00:00+02:00,Wind 07,2.4266106162
2030,sc01,06-24 18:00:00+02:00,Biomass 31,0.06084
2030,sc01,06-24 18:00:00+02:00,CT Oil 05,0.0
2030,sc01,06-24 18:00:00+02:00,Biomass 38,0.0
2030,sc01,06-24 18:00:00+02:00,Solar 41,0.016457212224
2030,sc01,06-24 18:00:00+02:00,Biomass 51,0.0
2030,sc01,06-24 18:00:00+02:00,Biomass 55,0.08748000000000002
2030,sc01,06-24 18:00:00+02:00,Wind 15,0.0
2030,sc01,06-24 18:00:00+02:00,Geo 01,0.0
2030,sc01,06-24 18:00:00+02:00,Biomass 60,0.09720000000000001
2030,sc01,06-24 18:00:00+02:00,CT NG 38,0.0
2030,sc01,06-24 18:00:00+02:00,Solar 66,1.70093843208
2030,sc01,06-24 18:00:00+02:00,Solar 49,0.008637793056000001
2030,sc01,06-24 18:00:00+02:00,CT NG 51,0.0
2030,sc01,06-24 18:00:00+02:00,Biomass 18,0.007560000000000001
2030,sc01,06-24 18:00:00+02:00,ICE NG 01,0.0
2030,sc01,06-24 18:00:00+02:00,Solar 15,0.0
2030,sc01,06-24 18:00:00+02:00,ICE NG 05,0.0
2030,sc01,06-24 18:00:00+02:00,CT Oil 04,0.0
2030,sc01,06-24 18:00:00+02:00,CC NG 20,0.0
2030,sc01,06-24 18:00:00+02:00,Solar 20,0.0
2030,sc01,06-24 18:00:00+02:00,Biomass 04,0.0
2030,sc01,06-24 18:00:00+02:00,Wind 02,6.1142560704
2030,sc01,06-24 18:00:00+02:00,Hydro 25,0.0
2030,sc01,06-24 18:00:00+02:00,Solar 75,0.0
2030,sc01,06-24 18:00:00+02:00,Hydro 33,0.0
2030,sc01,06-24 18:00:00+02:00,ST NG 05,0.0
2030,sc01,06-24 18:00:00+02:00,CT NG 07,0.0
2030,sc01,06-24 18:00:00+02:00,Wind 01,1.5957747838800003
2030,sc01,06-24 18:00:00+02:00,Solar 56,0.185521863744
2030,sc01,06-24 18:00:00+02:00,Biomass 09,0.03132
2030,sc01,06-24 18:00:00+02:00,Biomass 53,0.08748000000000002
2030,sc01,06-24 18:00:00+02:00,Wind 17,13.995909754151638
2030,sc01,06-24 18:00:00+02:00,ST NG 08,0.0
2030,sc01,06-24 18:00:00+02:00,Hydro 19,0.0
2030,sc01,06-24 18:00:00+02:00,ST NG 02,0.0
2030,sc01,06-24 18:00:00+02:00,Biomass 01,0.03708
2030,sc01,06-24 18:00:00+02:00,Biomass 57,0.07416
2030,sc01,06-24 18:00:00+02:00,CT NG 49,0.0
2030,sc01,06-24 18:00:00+02:00,CT NG 31,0.0
2030,sc01,06-24 18:00:00+02:00,Solar 64,0.0
2030,sc01,06-24 18:00:00+02:00,CC NG 33,0.0
2030,sc01,06-24 18:00:00+02:00,Solar 46,0.01402750656
2030,sc01,06-24 18:00:00+02:00,Biomass 12,0.0126
2030,sc01,06-24 18:00:00+02:00,Wind 04,0.091417777632
2030,sc01,06-24 18:00:00+02:00,Solar 13,0.0
2030,sc01,06-24 18:00:00+02:00,CT NG 55,0.0
2030,sc01,06-24 18:00:00+02:00,Wind N03,87.42343035774005
2030,sc01,06-24 18:00:00+02:00,CT NG 28,0.0
2030,sc01,06-24 18:00:00+02:00,Wind 09,1.61120543148
2030,sc01,06-24 18:00:00+02:00,Solar 60,0.0
2030,sc01,06-24 18:00:00+02:00,Solar 25,0.0
2030,sc01,06-24 18:00:00+02:00,CT NG 23,0.0
2030,sc01,06-24 18:00:00+02:00,ST Other 01,0.0
2030,sc01,06-24 18:00:00+02:00,Solar 70,1.46042513496
2030,sc01,06-24 18:00:00+02:00,CC NG 34,0.0
2030,sc01,06-24 18:00:00+02:00,Solar 48,0.01402750656
2030,sc01,06-24 18:00:00+02:00,Biomass 56,0.0828
2030,sc01,06-24 18:00:00+02:00,CT NG 36,0.0
2030,sc01,06-24 18:00:00+02:00,Solar 47,0.01402750656
2030,sc01,06-24 18:00:00+02:00,Hydro 17,0.025529579999999996
2030,sc01,06-24 18:00:00+02:00,Solar 09,0.241941524544
2030,sc01,06-24 18:00:00+02:00,Solar 08,0.047262858912
2030,sc01,06-24 18:00:00+02:00,CT NG 45,0.0
2030,sc01,06-24 18:00:00+02:00,ST NG 04,0.0
2030,sc01,06-24 18:00:00+02:00,Solar 40,0.016457212224
2030,sc01,06-24 18:00:00+02:00,Biomass 47,0.0
2030,sc01,06-24 18:00:00+02:00,Solar 50,0.043389201024000006
2030,sc01,06-24 18:00:00+02:00,Solar 52,0.098413920864
2030,sc01,06-24 18:00:00+02:00,Solar 63,0.8284940694
2030,sc01,06-24 18:00:00+02:00,CC NG 06,0.0
2030,sc01,06-24 18:00:00+02:00,Biomass 39,0.0
2030,sc01,06-24 18:00:00+02:00,Solar 67,0.5522831856
2030,sc01,06-24 18:00:00+02:00,Solar 19,0.0
2030,sc01,06-24 18:00:00+02:00,Wind 12,13.674396819600002
2030,sc01,06-24 18:00:00+02:00,Solar 24,0.0
2030,sc01,06-24 18:00:00+02:00,ICE NG 02,0.0
2030,sc01,06-24 18:00:00+02:00,Solar 05,0.0
2030,sc01,06-24 18:00:00+02:00,CT NG 54,0.0
2030,sc01,06-24 18:00:00+02:00,Wind N01,113.83383942405187
2030,sc01,06-24 18:00:00+02:00,CT NG 27,0.0
2030,sc01,06-24 18:00:00+02:00,CC NG 36,0.0
2030,sc01,06-24 18:00:00+02:00,Wind N02,92.31873835072096
2030,sc01,06-24 18:00:00+02:00,CT NG 52,0.0
2030,sc01,06-24 18:00:00+02:00,Solar 35,0.34045548825599997
2030,sc01,06-24 18:00:00+02:00,CT NG 05,0.0
2030,sc01,06-24 18:00:00+02:00,Biomass 36,0.0
2030,sc01,06-24 18:00:00+02:00,CT NG 34,0.0
2030,sc01,06-24 18:00:00+02:00,CT Oil 03,0.0
2030,sc01,06-24 18:00:00+02:00,Hydro 35,0.004538592
2030,sc01,06-24 18:00:00+02:00,Solar 14,0.0
2030,sc01,06-24 18:00:00+02:00,CT NG 75,0.0
2030,sc01,06-24 18:00:00+02:00,ST NG 09,0.0
2030,sc01,06-24 18:00:00+02:00,CT NG 56,0.0
2030,sc01,06-24 18:00:00+02:00,Biomass 22,0.01296
2030,sc01,06-24 18:00:00+02:00,Solar 18,0.0
2030,sc01,06-24 18:00:00+02:00,Biomass 13,0.0126
2030,sc01,06-24 18:00:00+02:00,CT NG 71,0.0
2030,sc01,06-24 18:00:00+02:00,Solar 58,0.074112355008
2030,sc01,06-24 18:00:00+02:00,Solar 06,0.134871607584
2030,sc01,06-24 18:00:00+02:00,Biomass 08,0.03132
2030,sc01,06-24 18:00:00+02:00,CT NG 72,0.0
2030,sc01,06-24 18:00:00+02:00,Hydro 18,0.08793522000000001
2030,sc01,06-24 18:00:00+02:00,Solar 10,0.0
2030,sc01,06-24 18:00:00+02:00,CT NG 04,0.0
2030,sc01,06-24 18:00:00+02:00,ST Other 02,0.0
2030,sc01,06-24 18:00:00+02:00,CT NG 12,0.0
2030,sc01,06-24 18:00:00+02:00,CT NG 48,0.0
2030,sc01,06-24 18:00:00+02:00,ST NG 10,0.0
2030,sc01,06-24 18:00:00+02:00,Solar 22,0.0
2030,sc01,06-24 18:00:00+02:00,Solar 28,0.0
2030,sc01,06-24 18:00:00+02:00,CT NG 73,0.0
2030,sc01,06-24 18:00:00+02:00,Biomass 52,0.0
2030,sc01,06-24 18:00:00+02:00,CT NG 30,0.0
2030,sc01,06-24 18:00:00+02:00,Solar 54,0.085076492832
2030,sc01,06-24 18:00:00+02:00,Solar 31,0.61043741928
2030,sc01,06-24 18:00:00+02:00,Biomass 03,0.0
2030,sc01,06-24 18:00:00+02:00,CT NG 32,0.0
2030,sc01,06-24 18:00:00+02:00,Biomass 27,0.06084
2030,sc01,06-24 18:00:00+02:00,CC NG 14,0.0
2030,sc01,06-24 18:00:00+02:00,CC NG 03,0.0
2030,sc01,06-24 18:00:00+02:00,CC NG 29,0.0
2030,sc01,06-24 18:00:00+02:00,CC NG 28,0.0
2030,sc01,06-24 18:00:00+02:00,CC NG 25,0.0
2030,sc01,06-24 18:00:00+02:00,CT NG 44,0.0
2030,sc01,06-24 18:00:00+02:00,CT NG 14,0.0
2030,sc01,06-24 18:00:00+02:00,CC NG 15,0.0
2030,sc01,06-24 18:00:00+02:00,CC NG 04,0.0
2030,sc01,06-24 18:00:00+02:00,Biomass 29,0.06084
2030,sc01,06-24 18:00:00+02:00,Wind 14,68.622380424
2030,sc01,06-24 18:00:00+02:00,Wind 08,1.9434778570800002
2030,sc01,06-24 18:00:00+02:00,Biomass 61,0.0
2030,sc01,06-24 18:00:00+02:00,CT NG 35,0.0
2030,sc01,06-24 18:00:00+02:00,Solar 33,0.69843756024
2030,sc01,06-24 18:00:00+02:00,CT NG 41,0.0
2030,sc01,06-24 18:00:00+02:00,CT NG 15,0.0
2030,sc01,06-24 18:00:00+02:00,Solar 42,0.01402750656
2030,sc01,06-24 18:00:00+02:00,Solar 07,0.0
2030,sc01,06-24 18:00:00+02:00,Solar 43,0.01402750656
2030,sc01,06-24 18:00:00+02:00,Biomass 05,0.01584
2030,sc01,06-24 18:00:00+02:00,CT NG 29,0.0
2030,sc01,06-24 18:00:00+02:00,Solar 71,0.95887292904
2030,sc01,06-24 18:00:00+02:00,CT NG 53,0.0
2030,sc01,06-24 18:00:00+02:00,CT NG 20,0.0
2030,sc01,06-24 18:00:00+02:00,Biomass 14,0.028080000000000004
2030,sc01,06-24 18:00:00+02:00,Solar 26,0.0
2030,sc01,06-24 18:00:00+02:00,Hydro 29,0.2288186328936676
2030,sc01,06-24 18:00:00+02:00,Hydro 31,0.00756432
2030,sc01,06-24 18:00:00+02:00,Biomass 24,0.014040000000000002
2030,sc01,06-24 18:00:00+02:00,Biomass 54,0.08748000000000002
2030,sc01,06-24 18:00:00+02:00,Solar 36,1.04181367716
2030,sc01,06-24 18:00:00+02:00,Wind 03,0.220534222176
2030,sc01,06-24 18:00:00+02:00,Biomass 40,0.0
2030,sc01,06-24 18:00:00+02:00,Biomass 49,0.0
2030,sc01,06-24 18:00:00+02:00,CC NG 16,0.0
2030,sc01,06-24 18:00:00+02:00,Biomass 48,0.0
2030,sc01,06-24 18:00:00+02:00,Hydro 28,2.5650000000000004
2030,sc01,06-24 18:00:00+02:00,Biomass 17,0.007560000000000001
2030,sc01,06-24 18:00:00+02:00,CT NG 33,0.0
2030,sc01,06-24 18:00:00+02:00,Solar 45,0.01402750656
2030,sc01,06-24 18:00:00+02:00,Hydro 24,0.0
2030,sc01,06-24 18:00:00+02:00,Wind 13,8.0999591616
2030,sc01,06-24 18:00:00+02:00,Biomass 07,0.07200000000000001
2030,sc01,06-24 18:00:00+02:00,Biomass 34,0.0
2030,sc01,06-24 18:00:00+02:00,Biomass 33,0.0
2030,sc01,06-24 18:00:00+02:00,CT NG 01,0.3398542745897409
2030,sc01,06-24 18:00:00+02:00,ICE NG 03,0.0
2030,sc01,06-24 18:00:00+02:00,Solar 55,0.185022133344
2030,sc01,06-24 18:00:00+02:00,Solar 11,0.0
2030,sc01,06-24 18:00:00+02:00,CT NG 06,0.0
2030,sc01,06-24 18:00:00+02:00,CT NG 70,0.0
2030,sc01,06-24 18:00:00+02:00,Solar 23,0.0
2030,sc01,06-24 18:00:00+02:00,CT NG 67,0.0
2030,sc01,06-24 18:00:00+02:00,Solar 12,0.0
2030,sc01,06-24 18:00:00+02:00,CT Oil 01,0.0
2030,sc01,06-24 18:00:00+02:00,Hydro 26,0.0
2030,sc01,06-24 18:00:00+02:00,CC NG 22,0.0
2030,sc01,06-24 18:00:00+02:00,CC NG 35,0.0
2030,sc01,06-24 18:00:00+02:00,Biomass 50,0.0
2030,sc01,06-24 18:00:00+02:00,ICE NG 04,0.0
2030,sc01,06-24 18:00:00+02:00,CC NG 39,0.0
2030,sc01,06-24 18:00:00+02:00,Hydro 32,0.009077184
2030,sc01,06-24 18:00:00+02:00,ICE NG 07,0.0
2030,sc01,06-24 18:00:00+02:00,Biomass 46,0.0
2030,sc01,06-24 18:00:00+02:00,CC NG 38,0.0
2030,sc01,06-24 18:00:00+02:00,CC NG 12,0.0
2030,sc01,06-24 18:00:00+02:00,Solar 57,0.063291955968
2030,sc01,06-24 18:00:00+02:00,CC NG 32,0.0
2030,sc01,06-24 18:00:00+02:00,CC NG 07,0.0
2030,sc01,06-24 18:00:00+02:00,Biomass 44,0.0
2030,sc01,06-24 18:00:00+02:00,CT NG 40,0.0
2030,sc01,06-24 18:00:00+02:00,Solar 74,0.6792134900400001
2030,sc01,06-24 18:00:00+02:00,Hydro 30,0.0
2030,sc01,06-24 18:00:00+02:00,CT NG 42,0.0
2030,sc01,06-24 18:00:00+02:00,Hydro 22,2.53499652
2030,sc01,06-24 18:00:00+02:00,Solar 17,0.0
2030,sc01,06-24 18:00:00+02:00,Solar 38,0.24276772512000003
2030,sc01,06-24 18:00:00+02:00,CT NG 24,0.0
2030,sc01,06-24 18:00:00+02:00,CC NG 27,0.0
2030,sc01,06-24 18:00:00+02:00,Biomass 21,0.01296
2030,sc01,06-24 18:00:00+02:00,ICE NG 06,0.0
2030,sc01,06-24 18:00:00+02:00,Biomass 25,0.014040000000000002
2030,sc01,06-24 18:00:00+02:00,Solar 27,0.0
2030,sc01,06-24 18:00:00+02:00,CT NG 19,0.0
2030,sc01,06-24 18:00:00+02:00,Biomass 42,0.0
2030,sc01,06-24 18:00:00+02:00,Biomass 19,0.01296
2030,sc01,06-24 18:00:00+02:00,Biomass 06,0.01584
2030,sc01,06-24 18:00:00+02:00,CT NG 10,0.0
2030,sc01,06-24 18:00:00+02:00,CC NG 40,0.0
2030,sc01,06-24 18:00:00+02:00,CC NG 21,0.0
2030,sc01,06-24 18:00:00+02:00,Biomass 02,0.03708
2030,sc01,06-24 18:00:00+02:00,CT NG 46,0.0
2030,sc01,06-24 18:00:00+02:00,Hydro 34,0.0
2030,sc01,06-24 18:00:00+02:00,Biomass 10,0.03132
2030,sc01,06-24 18:00:00+02:00,CT NG 17,0.0
2030,sc01,06-24 18:00:00+02:00,Biomass 62,0.06876
2030,sc01,06-24 18:00:00+02:00,Biomass 32,0.042839999999999996
2030,sc01,06-24 18:00:00+02:00,CC NG 19,0.0
2030,sc01,06-24 18:00:00+02:00,CC NG 17,0.0
2030,sc01,06-24 18:00:00+02:00,ST NG 01,0.0
2030,sc01,06-24 18:00:00+02:00,Biomass 45,0.0
2030,sc01,06-24 18:00:00+02:00,Biomass 28,0.06084
2030,sc01,06-24 18:00:00+02:00,CC NG 10,0.0
2030,sc01,06-24 18:00:00+02:00,Biomass 23,0.014040000000000002
2030,sc01,06-24 18:00:00+02:00,ST NG 06,0.0
2030,sc01,06-24 18:00:00+02:00,Wind 10,1.61863228512
2030,sc01,06-24 18:00:00+02:00,CT NG 69,0.0
2030,sc01,06-24 18:00:00+02:00,CT NG 68,0.0
2030,sc01,06-25 00:00:00+02:00,CC NG 13,0.0
2030,sc01,06-25 00:00:00+02:00,CT NG 37,0.0
2030,sc01,06-25 00:00:00+02:00,ST Coal 01,0.0
2030,sc01,06-25 00:00:00+02:00,CT NG 09,0.0
2030,sc01,06-25 00:00:00+02:00,CT NG 47,0.0
2030,sc01,06-25 00:00:00+02:00,Solar 69,0.0
2030,sc01,06-25 00:00:00+02:00,Solar 34,0.0
2030,sc01,06-25 00:00:00+02:00,Solar 73,0.0
2030,sc01,06-25 00:00:00+02:00,Biomass 37,0.0
2030,sc01,06-25 00:00:00+02:00,Hydro 20,0.0
2030,sc01,06-25 00:00:00+02:00,Solar 01,0.0
2030,sc01,06-25 00:00:00+02:00,Solar 62,0.0
2030,sc01,06-25 00:00:00+02:00,Solar 02,0.0
2030,sc01,06-25 00:00:00+02:00,CT NG 26,0.0
2030,sc01,06-25 00:00:00+02:00,Biomass 20,0.0
2030,sc01,06-25 00:00:00+02:00,Wind 16,49.188414776950566
2030,sc01,06-25 00:00:00+02:00,CT NG 66,0.0
2030,sc01,06-25 00:00:00+02:00,Solar 39,0.0
2030,sc01,06-25 00:00:00+02:00,Biomass 41,0.0
2030,sc01,06-25 00:00:00+02:00,Solar 72,0.0
2030,sc01,06-25 00:00:00+02:00,ST NG 03,0.0
2030,sc01,06-25 00:00:00+02:00,Hydro 21,0.0
2030,sc01,06-25 00:00:00+02:00,CT NG 03,0.0
2030,sc01,06-25 00:00:00+02:00,CC NG 09,0.0
2030,sc01,06-25 00:00:00+02:00,CT Oil 02,0.0
2030,sc01,06-25 00:00:00+02:00,CT NG 39,0.0
2030,sc01,06-25 00:00:00+02:00,CC NG 08,0.0
2030,sc01,06-25 00:00:00+02:00,Biomass 43,0.0
2030,sc01,06-25 00:00:00+02:00,CT NG 18,0.0
2030,sc01,06-25 00:00:00+02:00,ST NG 07,0.0
2030,sc01,06-25 00:00:00+02:00,Biomass 35,0.0
2030,sc01,06-25 00:00:00+02:00,Solar 32,0.0
2030,sc01,06-25 00:00:00+02:00,Biomass 15,0.0
2030,sc01,06-25 00:00:00+02:00,CC NG 31,0.0
2030,sc01,06-25 00:00:00+02:00,Solar 16,0.0
2030,sc01,06-25 00:00:00+02:00,Solar 68,0.0
2030,sc01,06-25 00:00:00+02:00,CT NG 21,0.0
2030,sc01,06-25 00:00:00+02:00,Wind 11,5.555879459200001
2030,sc01,06-25 00:00:00+02:00,CC NG 37,0.0
2030,sc01,06-25 00:00:00+02:00,CT NG 22,0.0
2030,sc01,06-25 00:00:00+02:00,Hydro 16,0.0
2030,sc01,06-25 00:00:00+02:00,Biomass 59,0.0
2030,sc01,06-25 00:00:00+02:00,CC NG 01,0.0
2030,sc01,06-25 00:00:00+02:00,Biomass 16,0.0
2030,sc01,06-25 00:00:00+02:00,Solar 03,0.0
2030,sc01,06-25 00:00:00+02:00,Solar 44,0.0
2030,sc01,06-25 00:00:00+02:00,CT NG 08,0.0
2030,sc01,06-25 00:00:00+02:00,Wind 05,0.0
2030,sc01,06-25 00:00:00+02:00,Biomass 26,0.0
2030,sc01,06-25 00:00:00+02:00,Solar 37,0.0
2030,sc01,06-25 00:00:00+02:00,Biomass 11,0.0
2030,sc01,06-25 00:00:00+02:00,Solar 59,0.0
2030,sc01,06-25 00:00:00+02:00,CT NG 11,0.0
2030,sc01,06-25 00:00:00+02:00,Biomass 30,0.0
2030,sc01,06-25 00:00:00+02:00,Hydro 23,0.0
2030,sc01,06-25 00:00:00+02:00,CC NG 24,0.0
2030,sc01,06-25 00:00:00+02:00,Solar 65,0.0
2030,sc01,06-25 00:00:00+02:00,CC NG 18,0.0
2030,sc01,06-25 00:00:00+02:00,CT NG 16,0.0
2030,sc01,06-25 00:00:00+02:00,Solar 51,0.0
2030,sc01,06-25 00:00:00+02:00,Wind 06,7.8047704512
2030,sc01,06-25 00:00:00+02:00,CC NG 26,0.0
2030,sc01,06-25 00:00:00+02:00,CC NG 23,0.0
2030,sc01,06-25 00:00:00+02:00,CT NG 43,0.0
2030,sc01,06-25 00:00:00+02:00,CC NG 11,0.0
2030,sc01,06-25 00:00:00+02:00,CT NG 02,0.0
2030,sc01,06-25 00:00:00+02:00,CT NG 50,0.0
2030,sc01,06-25 00:00:00+02:00,Hydro 27,0.0
2030,sc01,06-25 00:00:00+02:00,CT NG 13,0.0
2030,sc01,06-25 00:00:00+02:00,CT NG 25,0.0
2030,sc01,06-25 00:00:00+02:00,CC NG 05,0.0
2030,sc01,06-25 00:00:00+02:00,Solar 04,0.0
2030,sc01,06-25 00:00:00+02:00,Solar 30,0.0
2030,sc01,06-25 00:00:00+02:00,Solar 29,0.0
2030,sc01,06-25 00:00:00+02:00,Solar 53,0.0
2030,sc01,06-25 00:00:00+02:00,Solar 21,0.0
2030,sc01,06-25 00:00:00+02:00,Biomass 58,0.0
2030,sc01,06-25 00:00:00+02:00,CT NG 74,0.0
2030,sc01,06-25 00:00:00+02:00,Solar 61,0.0
2030,sc01,06-25 00:00:00+02:00,Wind 07,5.1006279384
2030,sc01,06-25 00:00:00+02:00,Biomass 31,0.0
2030,sc01,06-25 00:00:00+02:00,CT Oil 05,0.0
2030,sc01,06-25 00:00:00+02:00,Biomass 38,0.0
2030,sc01,06-25 00:00:00+02:00,Solar 41,0.0
2030,sc01,06-25 00:00:00+02:00,Biomass 51,0.0
2030,sc01,06-25 00:00:00+02:00,Biomass 55,0.0
2030,sc01,06-25 00:00:00+02:00,Wind 15,0.0
2030,sc01,06-25 00:00:00+02:00,Geo 01,0.0
2030,sc01,06-25 00:00:00+02:00,Biomass 60,0.0
2030,sc01,06-25 00:00:00+02:00,CT NG 38,0.0
2030,sc01,06-25 00:00:00+02:00,Solar 66,0.0
2030,sc01,06-25 00:00:00+02:00,Solar 49,0.0
2030,sc01,06-25 00:00:00+02:00,CT NG 51,0.0
2030,sc01,06-25 00:00:00+02:00,Biomass 18,0.0
2030,sc01,06-25 00:00:00+02:00,ICE NG 01,0.0
2030,sc01,06-25 00:00:00+02:00,Solar 15,0.0
2030,sc01,06-25 00:00:00+02:00,ICE NG 05,0.0
2030,sc01,06-25 00:00:00+02:00,CT Oil 04,0.0
2030,sc01,06-25 00:00:00+02:00,CC NG 20,0.0
2030,sc01,06-25 00:00:00+02:00,Solar 20,0.0
2030,sc01,06-25 00:00:00+02:00,Biomass 04,0.0
2030,sc01,06-25 00:00:00+02:00,Wind 02,0.0
2030,sc01,06-25 00:00:00+02:00,Hydro 25,0.0
2030,sc01,06-25 00:00:00+02:00,Solar 75,0.0
2030,sc01,06-25 00:00:00+02:00,Hydro 33,0.0
2030,sc01,06-25 00:00:00+02:00,ST NG 05,0.0
2030,sc01,06-25 00:00:00+02:00,CT NG 07,0.0
2030,sc01,06-25 00:00:00+02:00,Wind 01,0.0
2030,sc01,06-25 00:00:00+02:00,Solar 56,0.0
2030,sc01,06-25 00:00:00+02:00,Biomass 09,0.0
2030,sc01,06-25 00:00:00+02:00,Biomass 53,0.0
2030,sc01,06-25 00:00:00+02:00,Wind 17,0.0
2030,sc01,06-25 00:00:00+02:00,ST NG 08,0.0
2030,sc01,06-25 00:00:00+02:00,Hydro 19,0.0
2030,sc01,06-25 00:00:00+02:00,ST NG 02,0.0
2030,sc01,06-25 00:00:00+02:00,Biomass 01,0.0
2030,sc01,06-25 00:00:00+02:00,Biomass 57,0.0
2030,sc01,06-25 00:00:00+02:00,CT NG 49,0.0
2030,sc01,06-25 00:00:00+02:00,CT NG 31,0.0
2030,sc01,06-25 00:00:00+02:00,Solar 64,0.0
2030,sc01,06-25 00:00:00+02:00,CC NG 33,0.0
2030,sc01,06-25 00:00:00+02:00,Solar 46,0.0
2030,sc01,06-25 00:00:00+02:00,Biomass 12,0.0
2030,sc01,06-25 00:00:00+02:00,Wind 04,0.0
2030,sc01,06-25 00:00:00+02:00,Solar 13,0.0
2030,sc01,06-25 00:00:00+02:00,CT NG 55,0.0
2030,sc01,06-25 00:00:00+02:00,Wind N03,165.29286627919848
2030,sc01,06-25 00:00:00+02:00,CT NG 28,0.0
2030,sc01,06-25 00:00:00+02:00,Wind 09,2.452620424
2030,sc01,06-25 00:00:00+02:00,Solar 60,0.0
2030,sc01,06-25 00:00:00+02:00,Solar 25,0.0
2030,sc01,06-25 00:00:00+02:00,CT NG 23,0.0
2030,sc01,06-25 00:00:00+02:00,ST Other 01,0.0
2030,sc01,06-25 00:00:00+02:00,Solar 70,0.0
2030,sc01,06-25 00:00:00+02:00,CC NG 34,0.0
2030,sc01,06-25 00:00:00+02:00,Solar 48,0.0
2030,sc01,06-25 00:00:00+02:00,Biomass 56,0.0
2030,sc01,06-25 00:00:00+02:00,CT NG 36,0.0
2030,sc01,06-25 00:00:00+02:00,Solar 47,0.0
2030,sc01,06-25 00:00:00+02:00,Hydro 17,0.0573696
2030,sc01,06-25 00:00:00+02:00,Solar 09,0.0
2030,sc01,06-25 00:00:00+02:00,Solar 08,0.0
2030,sc01,06-25 00:00:00+02:00,CT NG 45,0.0
2030,sc01,06-25 00:00:00+02:00,ST NG 04,0.0
2030,sc01,06-25 00:00:00+02:00,Solar 40,0.0
2030,sc01,06-25 00:00:00+02:00,Biomass 47,0.0
2030,sc01,06-25 00:00:00+02:00,Solar 50,0.0
2030,sc01,06-25 00:00:00+02:00,Solar 52,0.0
2030,sc01,06-25 00:00:00+02:00,Solar 63,0.0
2030,sc01,06-25 00:00:00+02:00,CC NG 06,0.0
2030,sc01,06-25 00:00:00+02:00,Biomass 39,0.0
2030,sc01,06-25 00:00:00+02:00,Solar 67,0.0
2030,sc01,06-25 00:00:00+02:00,Solar 19,0.0
2030,sc01,06-25 00:00:00+02:00,Wind 12,0.0
2030,sc01,06-25 00:00:00+02:00,Solar 24,0.0
2030,sc01,06-25 00:00:00+02:00,ICE NG 02,0.0
2030,sc01,06-25 00:00:00+02:00,Solar 05,0.0
2030,sc01,06-25 00:00:00+02:00,CT NG 54,0.0
2030,sc01,06-25 00:00:00+02:00,Wind N01,218.3307290033667
2030,sc01,06-25 00:00:00+02:00,CT NG 27,0.0
2030,sc01,06-25 00:00:00+02:00,CC NG 36,0.0
2030,sc01,06-25 00:00:00+02:00,Wind N02,205.27606908270886
2030,sc01,06-25 00:00:00+02:00,CT NG 52,0.0
2030,sc01,06-25 00:00:00+02:00,Solar 35,0.0
2030,sc01,06-25 00:00:00+02:00,CT NG 05,0.0
2030,sc01,06-25 00:00:00+02:00,Biomass 36,0.0
2030,sc01,06-25 00:00:00+02:00,CT NG 34,0.0
2030,sc01,06-25 00:00:00+02:00,CT Oil 03,0.0
2030,sc01,06-25 00:00:00+02:00,Hydro 35,0.01019904
2030,sc01,06-25 00:00:00+02:00,Solar 14,0.0
2030,sc01,06-25 00:00:00+02:00,CT NG 75,0.0
2030,sc01,06-25 00:00:00+02:00,ST NG 09,0.0
2030,sc01,06-25 00:00:00+02:00,CT NG 56,0.0
2030,sc01,06-25 00:00:00+02:00,Biomass 22,0.0
2030,sc01,06-25 00:00:00+02:00,Solar 18,0.0
2030,sc01,06-25 00:00:00+02:00,Biomass 13,0.0
2030,sc01,06-25 00:00:00+02:00,CT NG 71,0.0
2030,sc01,06-25 00:00:00+02:00,Solar 58,0.0
2030,sc01,06-25 00:00:00+02:00,Solar 06,0.0
2030,sc01,06-25 00:00:00+02:00,Biomass 08,0.0
2030,sc01,06-25 00:00:00+02:00,CT NG 72,0.0
2030,sc01,06-25 00:00:00+02:00,Hydro 18,0.1976064
2030,sc01,06-25 00:00:00+02:00,Solar 10,0.0
2030,sc01,06-25 00:00:00+02:00,CT NG 04,0.0
2030,sc01,06-25 00:00:00+02:00,ST Other 02,0.0
2030,sc01,06-25 00:00:00+02:00,CT NG 12,0.0
2030,sc01,06-25 00:00:00+02:00,CT NG 48,0.0
2030,sc01,06-25 00:00:00+02:00,ST NG 10,0.0
2030,sc01,06-25 00:00:00+02:00,Solar 22,0.0
2030,sc01,06-25 00:00:00+02:00,Solar 28,0.0
2030,sc01,06-25 00:00:00+02:00,CT NG 73,0.0
2030,sc01,06-25 00:00:00+02:00,Biomass 52,0.0
2030,sc01,06-25 00:00:00+02:00,CT NG 30,0.0
2030,sc01,06-25 00:00:00+02:00,Solar 54,0.0
2030,sc01,06-25 00:00:00+02:00,Solar 31,0.0
2030,sc01,06-25 00:00:00+02:00,Biomass 03,0.0
2030,sc01,06-25 00:00:00+02:00,CT NG 32,0.0
2030,sc01,06-25 00:00:00+02:00,Biomass 27,0.0
2030,sc01,06-25 00:00:00+02:00,CC NG 14,0.0
2030,sc01,06-25 00:00:00+02:00,CC NG 03,0.0
2030,sc01,06-25 00:00:00+02:00,CC NG 29,0.0
2030,sc01,06-25 00:00:00+02:00,CC NG 28,0.0
2030,sc01,06-25 00:00:00+02:00,CC NG 25,0.0
2030,sc01,06-25 00:00:00+02:00,CT NG 44,0.0
2030,sc01,06-25 00:00:00+02:00,CT NG 14,0.0
2030,sc01,06-25 00:00:00+02:00,CC NG 15,0.0
2030,sc01,06-25 00:00:00+02:00,CC NG 04,0.0
2030,sc01,06-25 00:00:00+02:00,Biomass 29,0.0
2030,sc01,06-25 00:00:00+02:00,Wind 14,44.7947231244961
2030,sc01,06-25 00:00:00+02:00,Wind 08,2.9424943280000004
2030,sc01,06-25 00:00:00+02:00,Biomass 61,0.0
2030,sc01,06-25 00:00:00+02:00,CT NG 35,0.0
2030,sc01,06-25 00:00:00+02:00,Solar 33,0.0
2030,sc01,06-25 00:00:00+02:00,CT NG 41,0.0
2030,sc01,06-25 00:00:00+02:00,CT NG 15,0.0
2030,sc01,06-25 00:00:00+02:00,Solar 42,0.0
2030,sc01,06-25 00:00:00+02:00,Solar 07,0.0
2030,sc01,06-25 00:00:00+02:00,Solar 43,0.0
2030,sc01,06-25 00:00:00+02:00,Biomass 05,0.0
2030,sc01,06-25 00:00:00+02:00,CT NG 29,0.0
2030,sc01,06-25 00:00:00+02:00,Solar 71,0.0
2030,sc01,06-25 00:00:00+02:00,CT NG 53,0.0
2030,sc01,06-25 00:00:00+02:00,CT NG 20,0.0
2030,sc01,06-25 00:00:00+02:00,Biomass 14,0.0
2030,sc01,06-25 00:00:00+02:00,Solar 26,0.0
2030,sc01,06-25 00:00:00+02:00,Hydro 29,0.0
2030,sc01,06-25 00:00:00+02:00,Hydro 31,0.0169984
2030,sc01,06-25 00:00:00+02:00,Biomass 24,0.0
2030,sc01,06-25 00:00:00+02:00,Biomass 54,0.0
2030,sc01,06-25 00:00:00+02:00,Solar 36,0.0
2030,sc01,06-25 00:00:00+02:00,Wind 03,0.0
2030,sc01,06-25 00:00:00+02:00,Biomass 40,0.0
2030,sc01,06-25 00:00:00+02:00,Biomass 49,0.0
2030,sc01,06-25 00:00:00+02:00,CC NG 16,0.0
2030,sc01,06-25 00:00:00+02:00,Biomass 48,0.0
2030,sc01,06-25 00:00:00+02:00,Hydro 28,0.0
2030,sc01,06-25 00:00:00+02:00,Biomass 17,0.0
2030,sc01,06-25 00:00:00+02:00,CT NG 33,0.0
2030,sc01,06-25 00:00:00+02:00,Solar 45,0.0
2030,sc01,06-25 00:00:00+02:00,Hydro 24,0.0
2030,sc01,06-25 00:00:00+02:00,Wind 13,0.0
2030,sc01,06-25 00:00:00+02:00,Biomass 07,0.0
2030,sc01,06-25 00:00:00+02:00,Biomass 34,0.0
2030,sc01,06-25 00:00:00+02:00,Biomass 33,0.0
2030,sc01,06-25 00:00:00+02:00,CT NG 01,0.0
2030,sc01,06-25 00:00:00+02:00,ICE NG 03,0.0
2030,sc01,06-25 00:00:00+02:00,Solar 55,0.0
2030,sc01,06-25 00:00:00+02:00,Solar 11,0.0
2030,sc01,06-25 00:00:00+02:00,CT NG 06,0.0
2030,sc01,06-25 00:00:00+02:00,CT NG 70,0.0
2030,sc01,06-25 00:00:00+02:00,Solar 23,0.0
2030,sc01,06-25 00:00:00+02:00,CT NG 67,0.0
2030,sc01,06-25 00:00:00+02:00,Solar 12,0.0
2030,sc01,06-25 00:00:00+02:00,CT Oil 01,0.0
2030,sc01,06-25 00:00:00+02:00,Hydro 26,0.0
2030,sc01,06-25 00:00:00+02:00,CC NG 22,0.0
2030,sc01,06-25 00:00:00+02:00,CC NG 35,0.0
2030,sc01,06-25 00:00:00+02:00,Biomass 50,0.0
2030,sc01,06-25 00:00:00+02:00,ICE NG 04,0.0
2030,sc01,06-25 00:00:00+02:00,CC NG 39,0.0
2030,sc01,06-25 00:00:00+02:00,Hydro 32,0.02039808
2030,sc01,06-25 00:00:00+02:00,ICE NG 07,0.0
2030,sc01,06-25 00:00:00+02:00,Biomass 46,0.0
2030,sc01,06-25 00:00:00+02:00,CC NG 38,0.0
2030,sc01,06-25 00:00:00+02:00,CC NG 12,0.0
2030,sc01,06-25 00:00:00+02:00,Solar 57,0.0
2030,sc01,06-25 00:00:00+02:00,CC NG 32,0.0
2030,sc01,06-25 00:00:00+02:00,CC NG 07,0.0
2030,sc01,06-25 00:00:00+02:00,Biomass 44,0.0
2030,sc01,06-25 00:00:00+02:00,CT NG 40,0.0
2030,sc01,06-25 00:00:00+02:00,Solar 74,0.0
2030,sc01,06-25 00:00:00+02:00,Hydro 30,0.0
2030,sc01,06-25 00:00:00+02:00,CT NG 42,0.0
2030,sc01,06-25 00:00:00+02:00,Hydro 22,0.0
2030,sc01,06-25 00:00:00+02:00,Solar 17,0.0
2030,sc01,06-25 00:00:00+02:00,Solar 38,0.0
2030,sc01,06-25 00:00:00+02:00,CT NG 24,0.0
2030,sc01,06-25 00:00:00+02:00,CC NG 27,0.0
2030,sc01,06-25 00:00:00+02:00,Biomass 21,0.0
2030,sc01,06-25 00:00:00+02:00,ICE NG 06,0.0
2030,sc01,06-25 00:00:00+02:00,Biomass 25,0.0
2030,sc01,06-25 00:00:00+02:00,Solar 27,0.0
2030,sc01,06-25 00:00:00+02:00,CT NG 19,0.0
2030,sc01,06-25 00:00:00+02:00,Biomass 42,0.0
2030,sc01,06-25 00:00:00+02:00,Biomass 19,0.0
2030,sc01,06-25 00:00:00+02:00,Biomass 06,0.0
2030,sc01,06-25 00:00:00+02:00,CT NG 10,0.0
2030,sc01,06-25 00:00:00+02:00,CC NG 40,0.0
2030,sc01,06-25 00:00:00+02:00,CC NG 21,0.0
2030,sc01,06-25 00:00:00+02:00,Biomass 02,0.0
2030,sc01,06-25 00:00:00+02:00,CT NG 46,0.0
2030,sc01,06-25 00:00:00+02:00,Hydro 34,0.0
2030,sc01,06-25 00:00:00+02:00,Biomass 10,0.0
2030,sc01,06-25 00:00:00+02:00,CT NG 17,0.0
2030,sc01,06-25 00:00:00+02:00,Biomass 62,0.0
2030,sc01,06-25 00:00:00+02:00,Biomass 32,0.0
2030,sc01,06-25 00:00:00+02:00,CC NG 19,0.0
2030,sc01,06-25 00:00:00+02:00,CC NG 17,0.0
2030,sc01,06-25 00:00:00+02:00,ST NG 01,0.0
2030,sc01,06-25 00:00:00+02:00,Biomass 45,0.0
2030,sc01,06-25 00:00:00+02:00,Biomass 28,0.0
2030,sc01,06-25 00:00:00+02:00,CC NG 10,0.0
2030,sc01,06-25 00:00:00+02:00,Biomass 23,0.0
2030,sc01,06-25 00:00:00+02:00,ST NG 06,0.0
2030,sc01,06-25 00:00:00+02:00,Wind 10,2.4494900512
2030,sc01,06-25 00:00:00+02:00,CT NG 69,0.0
2030,sc01,06-25 00:00:00+02:00,CT NG 68,0.0
2030,sc01,06-26 04:00:00+02:00,CC NG 13,0.0
2030,sc01,06-26 04:00:00+02:00,CT NG 37,0.0
2030,sc01,06-26 04:00:00+02:00,ST Coal 01,0.0
2030,sc01,06-26 04:00:00+02:00,CT NG 09,0.0
2030,sc01,06-26 04:00:00+02:00,CT NG 47,0.0
2030,sc01,06-26 04:00:00+02:00,Solar 69,0.0
2030,sc01,06-26 04:00:00+02:00,Solar 34,0.0
2030,sc01,06-26 04:00:00+02:00,Solar 73,0.0
2030,sc01,06-26 04:00:00+02:00,Biomass 37,0.0
2030,sc01,06-26 04:00:00+02:00,Hydro 20,0.0
2030,sc01,06-26 04:00:00+02:00,Solar 01,0.0
2030,sc01,06-26 04:00:00+02:00,Solar 62,0.0
2030,sc01,06-26 04:00:00+02:00,Solar 02,0.0
2030,sc01,06-26 04:00:00+02:00,CT NG 26,0.0
2030,sc01,06-26 04:00:00+02:00,Biomass 20,0.0
2030,sc01,06-26 04:00:00+02:00,Wind 16,54.4175035916
2030,sc01,06-26 04:00:00+02:00,CT NG 66,0.0
2030,sc01,06-26 04:00:00+02:00,Solar 39,0.0
2030,sc01,06-26 04:00:00+02:00,Biomass 41,0.0
2030,sc01,06-26 04:00:00+02:00,Solar 72,0.0
2030,sc01,06-26 04:00:00+02:00,ST NG 03,0.0
2030,sc01,06-26 04:00:00+02:00,Hydro 21,5.414325119999999
2030,sc01,06-26 04:00:00+02:00,CT NG 03,0.0
2030,sc01,06-26 04:00:00+02:00,CC NG 09,0.0
2030,sc01,06-26 04:00:00+02:00,CT Oil 02,0.0
2030,sc01,06-26 04:00:00+02:00,CT NG 39,0.0
2030,sc01,06-26 04:00:00+02:00,CC NG 08,0.0
2030,sc01,06-26 04:00:00+02:00,Biomass 43,0.0
2030,sc01,06-26 04:00:00+02:00,CT NG 18,0.0
2030,sc01,06-26 04:00:00+02:00,ST NG 07,0.0
2030,sc01,06-26 04:00:00+02:00,Biomass 35,0.0
2030,sc01,06-26 04:00:00+02:00,Solar 32,0.0
2030,sc01,06-26 04:00:00+02:00,Biomass 15,0.0
2030,sc01,06-26 04:00:00+02:00,CC NG 31,0.0
2030,sc01,06-26 04:00:00+02:00,Solar 16,0.0
2030,sc01,06-26 04:00:00+02:00,Solar 68,0.0
2030,sc01,06-26 04:00:00+02:00,CT NG 21,0.0
2030,sc01,06-26 04:00:00+02:00,Wind 11,4.318922165480001
2030,sc01,06-26 04:00:00+02:00,CC NG 37,0.0
2030,sc01,06-26 04:00:00+02:00,CT NG 22,0.0
2030,sc01,06-26 04:00:00+02:00,Hydro 16,0.0
2030,sc01,06-26 04:00:00+02:00,Biomass 59,0.0
2030,sc01,06-26 04:00:00+02:00,CC NG 01,0.0
2030,sc01,06-26 04:00:00+02:00,Biomass 16,0.0
2030,sc01,06-26 04:00:00+02:00,Solar 03,0.0
2030,sc01,06-26 04:00:00+02:00,Solar 44,0.0
2030,sc01,06-26 04:00:00+02:00,CT NG 08,0.0
2030,sc01,06-26 04:00:00+02:00,Wind 05,0.03920443948800001
2030,sc01,06-26 04:00:00+02:00,Biomass 26,0.0
2030,sc01,06-26 04:00:00+02:00,Solar 37,0.0
2030,sc01,06-26 04:00:00+02:00,Biomass 11,0.0
2030,sc01,06-26 04:00:00+02:00,Solar 59,0.0
2030,sc01,06-26 04:00:00+02:00,CT NG 11,0.0
2030,sc01,06-26 04:00:00+02:00,Biomass 30,0.0
2030,sc01,06-26 04:00:00+02:00,Hydro 23,0.0
2030,sc01,06-26 04:00:00+02:00,CC NG 24,0.0
2030,sc01,06-26 04:00:00+02:00,Solar 65,0.0
2030,sc01,06-26 04:00:00+02:00,CC NG 18,0.0
2030,sc01,06-26 04:00:00+02:00,CT NG 16,0.0
2030,sc01,06-26 04:00:00+02:00,Solar 51,0.0
2030,sc01,06-26 04:00:00+02:00,Wind 06,6.0561912193200005
2030,sc01,06-26 04:00:00+02:00,CC NG 26,0.0
2030,sc01,06-26 04:00:00+02:00,CC NG 23,0.0
2030,sc01,06-26 04:00:00+02:00,CT NG 43,0.0
2030,sc01,06-26 04:00:00+02:00,CC NG 11,0.0
2030,sc01,06-26 04:00:00+02:00,CT NG 02,0.0
2030,sc01,06-26 04:00:00+02:00,CT NG 50,0.0
2030,sc01,06-26 04:00:00+02:00,Hydro 27,0.0
2030,sc01,06-26 04:00:00+02:00,CT NG 13,0.0
2030,sc01,06-26 04:00:00+02:00,CT NG 25,0.0
2030,sc01,06-26 04:00:00+02:00,CC NG 05,0.0
2030,sc01,06-26 04:00:00+02:00,Solar 04,0.0
2030,sc01,06-26 04:00:00+02:00,Solar 30,0.0
2030,sc01,06-26 04:00:00+02:00,Solar 29,0.0
2030,sc01,06-26 04:00:00+02:00,Solar 53,0.0
2030,sc01,06-26 04:00:00+02:00,Solar 21,0.0
2030,sc01,06-26 04:00:00+02:00,Biomass 58,0.0
2030,sc01,06-26 04:00:00+02:00,CT NG 74,0.0
2030,sc01,06-26 04:00:00+02:00,Solar 61,0.0
2030,sc01,06-26 04:00:00+02:00,Wind 07,4.1234486302799995
2030,sc01,06-26 04:00:00+02:00,Biomass 31,0.0
2030,sc01,06-26 04:00:00+02:00,CT Oil 05,0.0
2030,sc01,06-26 04:00:00+02:00,Biomass 38,0.0
2030,sc01,06-26 04:00:00+02:00,Solar 41,0.0
2030,sc01,06-26 04:00:00+02:00,Biomass 51,0.0
2030,sc01,06-26 04:00:00+02:00,Biomass 55,0.0
2030,sc01,06-26 04:00:00+02:00,Wind 15,12.8258322152
2030,sc01,06-26 04:00:00+02:00,Geo 01,0.0
2030,sc01,06-26 04:00:00+02:00,Biomass 60,0.0
2030,sc01,06-26 04:00:00+02:00,CT NG 38,0.0
2030,sc01,06-26 04:00:00+02:00,Solar 66,0.0
2030,sc01,06-26 04:00:00+02:00,Solar 49,0.0
2030,sc01,06-26 04:00:00+02:00,CT NG 51,0.0
2030,sc01,06-26 04:00:00+02:00,Biomass 18,0.0
2030,sc01,06-26 04:00:00+02:00,ICE NG 01,0.0
2030,sc01,06-26 04:00:00+02:00,Solar 15,0.0
2030,sc01,06-26 04:00:00+02:00,ICE NG 05,0.0
2030,sc01,06-26 04:00:00+02:00,CT Oil 04,0.0
2030,sc01,06-26 04:00:00+02:00,CC NG 20,0.0
2030,sc01,06-26 04:00:00+02:00,Solar 20,0.0
2030,sc01,06-26 04:00:00+02:00,Biomass 04,0.0
2030,sc01,06-26 04:00:00+02:00,Wind 02,9.9088159548
2030,sc01,06-26 04:00:00+02:00,Hydro 25,0.0
2030,sc01,06-26 04:00:00+02:00,Solar 75,0.0
2030,sc01,06-26 04:00:00+02:00,Hydro 33,0.0
2030,sc01,06-26 04:00:00+02:00,ST NG 05,0.0
2030,sc01,06-26 04:00:00+02:00,CT NG 07,0.0
2030,sc01,06-26 04:00:00+02:00,Wind 01,2.81905217376
2030,sc01,06-26 04:00:00+02:00,Solar 56,0.0
2030,sc01,06-26 04:00:00+02:00,Biomass 09,0.0
2030,sc01,06-26 04:00:00+02:00,Biomass 53,0.0
2030,sc01,06-26 04:00:00+02:00,Wind 17,13.8146966772
2030,sc01,06-26 04:00:00+02:00,ST NG 08,0.0
2030,sc01,06-26 04:00:00+02:00,Hydro 19,0.0
2030,sc01,06-26 04:00:00+02:00,ST NG 02,0.0
2030,sc01,06-26 04:00:00+02:00,Biomass 01,0.0
2030,sc01,06-26 04:00:00+02:00,Biomass 57,0.0
2030,sc01,06-26 04:00:00+02:00,CT NG 49,0.0
2030,sc01,06-26 04:00:00+02:00,CT NG 31,0.0
2030,sc01,06-26 04:00:00+02:00,Solar 64,0.0
2030,sc01,06-26 04:00:00+02:00,CC NG 33,0.0
2030,sc01,06-26 04:00:00+02:00,Solar 46,0.0
2030,sc01,06-26 04:00:00+02:00,Biomass 12,0.0
2030,sc01,06-26 04:00:00+02:00,Wind 04,0.10824520156800002
2030,sc01,06-26 04:00:00+02:00,Solar 13,0.0
2030,sc01,06-26 04:00:00+02:00,CT NG 55,0.0
2030,sc01,06-26 04:00:00+02:00,Wind N03,198.1248986338695
2030,sc01,06-26 04:00:00+02:00,CT NG 28,0.0
2030,sc01,06-26 04:00:00+02:00,Wind 09,0.631795385376
2030,sc01,06-26 04:00:00+02:00,Solar 60,0.0
2030,sc01,06-26 04:00:00+02:00,Solar 25,0.0
2030,sc01,06-26 04:00:00+02:00,CT NG 23,0.0
2030,sc01,06-26 04:00:00+02:00,ST Other 01,0.0
2030,sc01,06-26 04:00:00+02:00,Solar 70,0.0
2030,sc01,06-26 04:00:00+02:00,CC NG 34,0.0
2030,sc01,06-26 04:00:00+02:00,Solar 48,0.0
2030,sc01,06-26 04:00:00+02:00,Biomass 56,0.0
2030,sc01,06-26 04:00:00+02:00,CT NG 36,0.0
2030,sc01,06-26 04:00:00+02:00,Solar 47,0.0
2030,sc01,06-26 04:00:00+02:00,Hydro 17,0.05438826000000001
2030,sc01,06-26 04:00:00+02:00,Solar 09,0.0
2030,sc01,06-26 04:00:00+02:00,Solar 08,0.0
2030,sc01,06-26 04:00:00+02:00,CT NG 45,0.0
2030,sc01,06-26 04:00:00+02:00,ST NG 04,0.0
2030,sc01,06-26 04:00:00+02:00,Solar 40,0.0
2030,sc01,06-26 04:00:00+02:00,Biomass 47,0.0
2030,sc01,06-26 04:00:00+02:00,Solar 50,0.0
2030,sc01,06-26 04:00:00+02:00,Solar 52,0.0
2030,sc01,06-26 04:00:00+02:00,Solar 63,0.0
2030,sc01,06-26 04:00:00+02:00,CC NG 06,0.0
2030,sc01,06-26 04:00:00+02:00,Biomass 39,0.0
2030,sc01,06-26 04:00:00+02:00,Solar 67,0.0
2030,sc01,06-26 04:00:00+02:00,Solar 19,0.0
2030,sc01,06-26 04:00:00+02:00,Wind 12,0.0
2030,sc01,06-26 04:00:00+02:00,Solar 24,0.0
2030,sc01,06-26 04:00:00+02:00,ICE NG 02,0.0
2030,sc01,06-26 04:00:00+02:00,Solar 05,0.0
2030,sc01,06-26 04:00:00+02:00,CT NG 54,0.0
2030,sc01,06-26 04:00:00+02:00,Wind N01,210.552313604
2030,sc01,06-26 04:00:00+02:00,CT NG 27,0.0
2030,sc01,06-26 04:00:00+02:00,CC NG 36,0.0
2030,sc01,06-26 04:00:00+02:00,Wind N02,0.0
2030,sc01,06-26 04:00:00+02:00,CT NG 52,0.0
2030,sc01,06-26 04:00:00+02:00,Solar 35,0.0
2030,sc01,06-26 04:00:00+02:00,CT NG 05,0.0
2030,sc01,06-26 04:00:00+02:00,Biomass 36,0.0
2030,sc01,06-26 04:00:00+02:00,CT NG 34,0.0
2030,sc01,06-26 04:00:00+02:00,CT Oil 03,0.0
2030,sc01,06-26 04:00:00+02:00,Hydro 35,0.009669024
2030,sc01,06-26 04:00:00+02:00,Solar 14,0.0
2030,sc01,06-26 04:00:00+02:00,CT NG 75,0.0
2030,sc01,06-26 04:00:00+02:00,ST NG 09,0.0
2030,sc01,06-26 04:00:00+02:00,CT NG 56,0.0
2030,sc01,06-26 04:00:00+02:00,Biomass 22,0.0
2030,sc01,06-26 04:00:00+02:00,Solar 18,0.0
2030,sc01,06-26 04:00:00+02:00,Biomass 13,0.0
2030,sc01,06-26 04:00:00+02:00,CT NG 71,0.0
2030,sc01,06-26 04:00:00+02:00,Solar 58,0.0
2030,sc01,06-26 04:00:00+02:00,Solar 06,0.0
2030,sc01,06-26 04:00:00+02:00,Biomass 08,0.0
2030,sc01,06-26 04:00:00+02:00,CT NG 72,0.0
2030,sc01,06-26 04:00:00+02:00,Hydro 18,0.18733734
2030,sc01,06-26 04:00:00+02:00,Solar 10,0.0
2030,sc01,06-26 04:00:00+02:00,CT NG 04,0.0
2030,sc01,06-26 04:00:00+02:00,ST Other 02,0.0
2030,sc01,06-26 04:00:00+02:00,CT NG 12,0.0
2030,sc01,06-26 04:00:00+02:00,CT NG 48,0.0
2030,sc01,06-26 04:00:00+02:00,ST NG 10,0.0
2030,sc01,06-26 04:00:00+02:00,Solar 22,0.0
2030,sc01,06-26 04:00:00+02:00,Solar 28,0.0
2030,sc01,06-26 04:00:00+02:00,CT NG 73,0.0
2030,sc01,06-26 04:00:00+02:00,Biomass 52,0.0
2030,sc01,06-26 04:00:00+02:00,CT NG 30,0.0
2030,sc01,06-26 04:00:00+02:00,Solar 54,0.0
2030,sc01,06-26 04:00:00+02:00,Solar 31,0.0
2030,sc01,06-26 04:00:00+02:00,Biomass 03,0.0
2030,sc01,06-26 04:00:00+02:00,CT NG 32,0.0
2030,sc01,06-26 04:00:00+02:00,Biomass 27,0.0
2030,sc01,06-26 04:00:00+02:00,CC NG 14,0.0
2030,sc01,06-26 04:00:00+02:00,CC NG 03,0.0
2030,sc01,06-26 04:00:00+02:00,CC NG 29,0.0
2030,sc01,06-26 04:00:00+02:00,CC NG 28,0.0
2030,sc01,06-26 04:00:00+02:00,CC NG 25,0.0
2030,sc01,06-26 04:00:00+02:00,CT NG 44,0.0
2030,sc01,06-26 04:00:00+02:00,CT NG 14,0.0
2030,sc01,06-26 04:00:00+02:00,CC NG 15,0.0
2030,sc01,06-26 04:00:00+02:00,CC NG 04,0.0
2030,sc01,06-26 04:00:00+02:00,Biomass 29,0.0
2030,sc01,06-26 04:00:00+02:00,Wind 14,118.909067696
2030,sc01,06-26 04:00:00+02:00,Wind 08,0.9717222174
2030,sc01,06-26 04:00:00+02:00,Biomass 61,0.0
2030,sc01,06-26 04:00:00+02:00,CT NG 35,0.0
2030,sc01,06-26 04:00:00+02:00,Solar 33,0.0
2030,sc01,06-26 04:00:00+02:00,CT NG 41,0.0
2030,sc01,06-26 04:00:00+02:00,CT NG 15,0.0
2030,sc01,06-26 04:00:00+02:00,Solar 42,0.0
2030,sc01,06-26 04:00:00+02:00,Solar 07,0.0
2030,sc01,06-26 04:00:00+02:00,Solar 43,0.0
2030,sc01,06-26 04:00:00+02:00,Biomass 05,0.0
2030,sc01,06-26 04:00:00+02:00,CT NG 29,0.0
2030,sc01,06-26 04:00:00+02:00,Solar 71,0.0
2030,sc01,06-26 04:00:00+02:00,CT NG 53,0.0
2030,sc01,06-26 04:00:00+02:00,CT NG 20,0.0
2030,sc01,06-26 04:00:00+02:00,Biomass 14,0.0
2030,sc01,06-26 04:00:00+02:00,Solar 26,0.0
2030,sc01,06-26 04:00:00+02:00,Hydro 29,0.0
2030,sc01,06-26 04:00:00+02:00,Hydro 31,0.01611504
2030,sc01,06-26 04:00:00+02:00,Biomass 24,0.0
2030,sc01,06-26 04:00:00+02:00,Biomass 54,0.0
2030,sc01,06-26 04:00:00+02:00,Solar 36,0.0
2030,sc01,06-26 04:00:00+02:00,Wind 03,0.383657495744
2030,sc01,06-26 04:00:00+02:00,Biomass 40,0.0
2030,sc01,06-26 04:00:00+02:00,Biomass 49,0.0
2030,sc01,06-26 04:00:00+02:00,CC NG 16,0.0
2030,sc01,06-26 04:00:00+02:00,Biomass 48,0.0
2030,sc01,06-26 04:00:00+02:00,Hydro 28,0.0
2030,sc01,06-26 04:00:00+02:00,Biomass 17,0.0
2030,sc01,06-26 04:00:00+02:00,CT NG 33,0.0
2030,sc01,06-26 04:00:00+02:00,Solar 45,0.0
2030,sc01,06-26 04:00:00+02:00,Hydro 24,0.0
2030,sc01,06-26 04:00:00+02:00,Wind 13,0.0
2030,sc01,06-26 04:00:00+02:00,Biomass 07,0.0
2030,sc01,06-26 04:00:00+02:00,Biomass 34,0.0
2030,sc01,06-26 04:00:00+02:00,Biomass 33,0.0
2030,sc01,06-26 04:00:00+02:00,CT NG 01,0.0
2030,sc01,06-26 04:00:00+02:00,ICE NG 03,0.0
2030,sc01,06-26 04:00:00+02:00,Solar 55,0.0
2030,sc01,06-26 04:00:00+02:00,Solar 11,0.0
2030,sc01,06-26 04:00:00+02:00,CT NG 06,0.0
2030,sc01,06-26 04:00:00+02:00,CT NG 70,0.0
2030,sc01,06-26 04:00:00+02:00,Solar 23,0.0
2030,sc01,06-26 04:00:00+02:00,CT NG 67,0.0
2030,sc01,06-26 04:00:00+02:00,Solar 12,0.0
2030,sc01,06-26 04:00:00+02:00,CT Oil 01,0.0
2030,sc01,06-26 04:00:00+02:00,Hydro 26,0.0
2030,sc01,06-26 04:00:00+02:00,CC NG 22,0.0
2030,sc01,06-26 04:00:00+02:00,CC NG 35,0.0
2030,sc01,06-26 04:00:00+02:00,Biomass 50,0.0
2030,sc01,06-26 04:00:00+02:00,ICE NG 04,0.0
2030,sc01,06-26 04:00:00+02:00,CC NG 39,0.0
2030,sc01,06-26 04:00:00+02:00,Hydro 32,0.019338048
2030,sc01,06-26 04:00:00+02:00,ICE NG 07,0.0
2030,sc01,06-26 04:00:00+02:00,Biomass 46,0.0
2030,sc01,06-26 04:00:00+02:00,CC NG 38,0.0
2030,sc01,06-26 04:00:00+02:00,CC NG 12,0.0
2030,sc01,06-26 04:00:00+02:00,Solar 57,0.0
2030,sc01,06-26 04:00:00+02:00,CC NG 32,0.0
2030,sc01,06-26 04:00:00+02:00,CC NG 07,0.0
2030,sc01,06-26 04:00:00+02:00,Biomass 44,0.0
2030,sc01,06-26 04:00:00+02:00,CT NG 40,0.0
2030,sc01,06-26 04:00:00+02:00,Solar 74,0.0
2030,sc01,06-26 04:00:00+02:00,Hydro 30,0.0
2030,sc01,06-26 04:00:00+02:00,CT NG 42,0.0
2030,sc01,06-26 04:00:00+02:00,Hydro 22,5.414325119999999
2030,sc01,06-26 04:00:00+02:00,Solar 17,0.0
2030,sc01,06-26 04:00:00+02:00,Solar 38,0.0
2030,sc01,06-26 04:00:00+02:00,CT NG 24,0.0
2030,sc01,06-26 04:00:00+02:00,CC NG 27,0.0
2030,sc01,06-26 04:00:00+02:00,Biomass 21,0.0
2030,sc01,06-26 04:00:00+02:00,ICE NG 06,0.0
2030,sc01,06-26 04:00:00+02:00,Biomass 25,0.0
2030,sc01,06-26 04:00:00+02:00,Solar 27,0.0
2030,sc01,06-26 04:00:00+02:00,CT NG 19,0.0
2030,sc01,06-26 04:00:00+02:00,Biomass 42,0.0
2030,sc01,06-26 04:00:00+02:00,Biomass 19,0.0
2030,sc01,06-26 04:00:00+02:00,Biomass 06,0.0
2030,sc01,06-26 04:00:00+02:00,CT NG 10,0.0
2030,sc01,06-26 04:00:00+02:00,CC NG 40,0.0
2030,sc01,06-26 04:00:00+02:00,CC NG 21,0.0
2030,sc01,06-26 04:00:00+02:00,Biomass 02,0.0
2030,sc01,06-26 04:00:00+02:00,CT NG 46,0.0
2030,sc01,06-26 04:00:00+02:00,Hydro 34,0.0
2030,sc01,06-26 04:00:00+02:00,Biomass 10,0.0
2030,sc01,06-26 04:00:00+02:00,CT NG 17,0.0
2030,sc01,06-26 04:00:00+02:00,Biomass 62,0.0
2030,sc01,06-26 04:00:00+02:00,Biomass 32,0.0
2030,sc01,06-26 04:00:00+02:00,CC NG 19,0.0
2030,sc01,06-26 04:00:00+02:00,CC NG 17,0.0
2030,sc01,06-26 04:00:00+02:00,ST NG 01,0.0
2030,sc01,06-26 04:00:00+02:00,Biomass 45,0.0
2030,sc01,06-26 04:00:00+02:00,Biomass 28,0.0
2030,sc01,06-26 04:00:00+02:00,CC NG 10,0.0
2030,sc01,06-26 04:00:00+02:00,Biomass 23,0.0
2030,sc01,06-26 04:00:00+02:00,ST NG 06,0.0
2030,sc01,06-26 04:00:00+02:00,Wind 10,0.6274569174720002
2030,sc01,06-26 04:00:00+02:00,CT NG 69,0.0
2030,sc01,06-26 04:00:00+02:00,CT NG 68,0.0
2030,sc01,06-28 12:00:00+02:00,CC NG 13,0.0
2030,sc01,06-28 12:00:00+02:00,CT NG 37,0.0
2030,sc01,06-28 12:00:00+02:00,ST Coal 01,0.0
2030,sc01,06-28 12:00:00+02:00,CT NG 09,0.0
2030,sc01,06-28 12:00:00+02:00,CT NG 47,0.0
2030,sc01,06-28 12:00:00+02:00,Solar 69,0.0
2030,sc01,06-28 12:00:00+02:00,Solar 34,48.020245728
2030,sc01,06-28 12:00:00+02:00,Solar 73,0.0
2030,sc01,06-28 12:00:00+02:00,Biomass 37,0.0
2030,sc01,06-28 12:00:00+02:00,Hydro 20,0.0
2030,sc01,06-28 12:00:00+02:00,Solar 01,2.8423292190000002
2030,sc01,06-28 12:00:00+02:00,Solar 62,0.0
2030,sc01,06-28 12:00:00+02:00,Solar 02,0.0
2030,sc01,06-28 12:00:00+02:00,CT NG 26,0.0
2030,sc01,06-28 12:00:00+02:00,Biomass 20,0.021599999999999998
2030,sc01,06-28 12:00:00+02:00,Wind 16,31.575597528000007
2030,sc01,06-28 12:00:00+02:00,CT NG 66,0.0
2030,sc01,06-28 12:00:00+02:00,Solar 39,0.0
2030,sc01,06-28 12:00:00+02:00,Biomass 41,0.0
2030,sc01,06-28 12:00:00+02:00,Solar 72,0.0
2030,sc01,06-28 12:00:00+02:00,ST NG 03,0.0
2030,sc01,06-28 12:00:00+02:00,Hydro 21,3.8576034000000003
2030,sc01,06-28 12:00:00+02:00,CT NG 03,0.0
2030,sc01,06-28 12:00:00+02:00,CC NG 09,0.0
2030,sc01,06-28 12:00:00+02:00,CT Oil 02,0.0
2030,sc01,06-28 12:00:00+02:00,CT NG 39,0.0
2030,sc01,06-28 12:00:00+02:00,CC NG 08,0.0
2030,sc01,06-28 12:00:00+02:00,Biomass 43,0.0
2030,sc01,06-28 12:00:00+02:00,CT NG 18,0.0
2030,sc01,06-28 12:00:00+02:00,ST NG 07,0.0
2030,sc01,06-28 12:00:00+02:00,Biomass 35,0.0
2030,sc01,06-28 12:00:00+02:00,Solar 32,0.0
2030,sc01,06-28 12:00:00+02:00,Biomass 15,0.0126
2030,sc01,06-28 12:00:00+02:00,CC NG 31,0.0
2030,sc01,06-28 12:00:00+02:00,Solar 16,0.0
2030,sc01,06-28 12:00:00+02:00,Solar 68,0.0
2030,sc01,06-28 12:00:00+02:00,CT NG 21,0.0
2030,sc01,06-28 12:00:00+02:00,Wind 11,3.1173043812
2030,sc01,06-28 12:00:00+02:00,CC NG 37,0.0
2030,sc01,06-28 12:00:00+02:00,CT NG 22,0.0
2030,sc01,06-28 12:00:00+02:00,Hydro 16,0.0293472
2030,sc01,06-28 12:00:00+02:00,Biomass 59,0.24840000000000004
2030,sc01,06-28 12:00:00+02:00,CC NG 01,0.0
2030,sc01,06-28 12:00:00+02:00,Biomass 16,0.0126
2030,sc01,06-28 12:00:00+02:00,Solar 03,0.0
2030,sc01,06-28 12:00:00+02:00,Solar 44,0.0
2030,sc01,06-28 12:00:00+02:00,CT NG 08,0.0
2030,sc01,06-28 12:00:00+02:00,Wind 05,0.09899512272000001
2030,sc01,06-28 12:00:00+02:00,Biomass 26,0.10139999999999999
2030,sc01,06-28 12:00:00+02:00,Solar 37,0.0
2030,sc01,06-28 12:00:00+02:00,Biomass 11,0.021
2030,sc01,06-28 12:00:00+02:00,Solar 59,0.0
2030,sc01,06-28 12:00:00+02:00,CT NG 11,0.0
2030,sc01,06-28 12:00:00+02:00,Biomass 30,0.10139999999999999
2030,sc01,06-28 12:00:00+02:00,Hydro 23,0.0
2030,sc01,06-28 12:00:00+02:00,CC NG 24,0.0
2030,sc01,06-28 12:00:00+02:00,Solar 65,23.586867306
2030,sc01,06-28 12:00:00+02:00,CC NG 18,0.0
2030,sc01,06-28 12:00:00+02:00,CT NG 16,0.0
2030,sc01,06-28 12:00:00+02:00,Solar 51,0.0
2030,sc01,06-28 12:00:00+02:00,Wind 06,5.5431125088
2030,sc01,06-28 12:00:00+02:00,CC NG 26,0.0
2030,sc01,06-28 12:00:00+02:00,CC NG 23,0.0
2030,sc01,06-28 12:00:00+02:00,CT NG 43,0.0
2030,sc01,06-28 12:00:00+02:00,CC NG 11,0.0
2030,sc01,06-28 12:00:00+02:00,CT NG 02,0.0
2030,sc01,06-28 12:00:00+02:00,CT NG 50,0.0
2030,sc01,06-28 12:00:00+02:00,Hydro 27,0.0
2030,sc01,06-28 12:00:00+02:00,CT NG 13,1.0367580940639531
2030,sc01,06-28 12:00:00+02:00,CT NG 25,0.0
2030,sc01,06-28 12:00:00+02:00,CC NG 05,0.0
2030,sc01,06-28 12:00:00+02:00,Solar 04,0.7691609387999999
2030,sc01,06-28 12:00:00+02:00,Solar 30,0.0
2030,sc01,06-28 12:00:00+02:00,Solar 29,0.10039119456
2030,sc01,06-28 12:00:00+02:00,Solar 53,0.0
2030,sc01,06-28 12:00:00+02:00,Solar 21,2.9184885006
2030,sc01,06-28 12:00:00+02:00,Biomass 58,0.12360000000000002
2030,sc01,06-28 12:00:00+02:00,CT NG 74,0.0
2030,sc01,06-28 12:00:00+02:00,Solar 61,0.0
2030,sc01,06-28 12:00:00+02:00,Wind 07,3.2724200556
2030,sc01,06-28 12:00:00+02:00,Biomass 31,0.10139999999999999
2030,sc01,06-28 12:00:00+02:00,CT Oil 05,0.0
2030,sc01,06-28 12:00:00+02:00,Biomass 38,0.0
2030,sc01,06-28 12:00:00+02:00,Solar 41,0.0
2030,sc01,06-28 12:00:00+02:00,Biomass 51,0.0
2030,sc01,06-28 12:00:00+02:00,Biomass 55,0.0
2030,sc01,06-28 12:00:00+02:00,Wind 15,0.0
2030,sc01,06-28 12:00:00+02:00,Geo 01,0.0
2030,sc01,06-28 12:00:00+02:00,Biomass 60,0.162
2030,sc01,06-28 12:00:00+02:00,CT NG 38,0.0
2030,sc01,06-28 12:00:00+02:00,Solar 66,43.85708936766398
2030,sc01,06-28 12:00:00+02:00,Solar 49,0.0
2030,sc01,06-28 12:00:00+02:00,CT NG 51,0.0
2030,sc01,06-28 12:00:00+02:00,Biomass 18,0.0126
2030,sc01,06-28 12:00:00+02:00,ICE NG 01,0.0
2030,sc01,06-28 12:00:00+02:00,Solar 15,1.6690571238
2030,sc01,06-28 12:00:00+02:00,ICE NG 05,0.0
2030,sc01,06-28 12:00:00+02:00,CT Oil 04,0.0
2030,sc01,06-28 12:00:00+02:00,CC NG 20,0.0
2030,sc01,06-28 12:00:00+02:00,Solar 20,3.4291477092
2030,sc01,06-28 12:00:00+02:00,Biomass 04,0.0
2030,sc01,06-28 12:00:00+02:00,Wind 02,8.432480712
2030,sc01,06-28 12:00:00+02:00,Hydro 25,0.0
2030,sc01,06-28 12:00:00+02:00,Solar 75,0.0
2030,sc01,06-28 12:00:00+02:00,Hydro 33,0.0
2030,sc01,06-28 12:00:00+02:00,ST NG 05,0.0
2030,sc01,06-28 12:00:00+02:00,CT NG 07,0.0
2030,sc01,06-28 12:00:00+02:00,Wind 01,2.4335831172
2030,sc01,06-28 12:00:00+02:00,Solar 56,0.0
2030,sc01,06-28 12:00:00+02:00,Biomass 09,0.0522
2030,sc01,06-28 12:00:00+02:00,Biomass 53,0.0
2030,sc01,06-28 12:00:00+02:00,Wind 17,7.689573633556995
2030,sc01,06-28 12:00:00+02:00,ST NG 08,0.0
2030,sc01,06-28 12:00:00+02:00,Hydro 19,0.0
2030,sc01,06-28 12:00:00+02:00,ST NG 02,0.0
2030,sc01,06-28 12:00:00+02:00,Biomass 01,0.06180000000000001
2030,sc01,06-28 12:00:00+02:00,Biomass 57,0.12360000000000002
2030,sc01,06-28 12:00:00+02:00,CT NG 49,0.0
2030,sc01,06-28 12:00:00+02:00,CT NG 31,0.0
2030,sc01,06-28 12:00:00+02:00,Solar 64,10.08
2030,sc01,06-28 12:00:00+02:00,CC NG 33,0.0
2030,sc01,06-28 12:00:00+02:00,Solar 46,0.0
2030,sc01,06-28 12:00:00+02:00,Biomass 12,0.021
2030,sc01,06-28 12:00:00+02:00,Wind 04,1.3168745304000002
2030,sc01,06-28 12:00:00+02:00,Solar 13,0.04189939008
2030,sc01,06-28 12:00:00+02:00,CT NG 55,0.0
2030,sc01,06-28 12:00:00+02:00,Wind N03,153.3403408575489
2030,sc01,06-28 12:00:00+02:00,CT NG 28,0.0
2030,sc01,06-28 12:00:00+02:00,Wind 09,1.337960508
2030,sc01,06-28 12:00:00+02:00,Solar 60,0.0
2030,sc01,06-28 12:00:00+02:00,Solar 25,0.30725558112
2030,sc01,06-28 12:00:00+02:00,CT NG 23,0.0
2030,sc01,06-28 12:00:00+02:00,ST Other 01,0.0
2030,sc01,06-28 12:00:00+02:00,Solar 70,21.4974755498073
2030,sc01,06-28 12:00:00+02:00,CC NG 34,0.0
2030,sc01,06-28 12:00:00+02:00,Solar 48,0.0
2030,sc01,06-28 12:00:00+02:00,Biomass 56,0.138
2030,sc01,06-28 12:00:00+02:00,CT NG 36,0.0
2030,sc01,06-28 12:00:00+02:00,Solar 47,0.0
2030,sc01,06-28 12:00:00+02:00,Hydro 17,0.0
2030,sc01,06-28 12:00:00+02:00,Solar 09,0.0
2030,sc01,06-28 12:00:00+02:00,Solar 08,0.0
2030,sc01,06-28 12:00:00+02:00,CT NG 45,0.0
2030,sc01,06-28 12:00:00+02:00,ST NG 04,0.0
2030,sc01,06-28 12:00:00+02:00,Solar 40,0.0
2030,sc01,06-28 12:00:00+02:00,Biomass 47,0.0
2030,sc01,06-28 12:00:00+02:00,Solar 50,0.0
2030,sc01,06-28 12:00:00+02:00,Solar 52,0.0
2030,sc01,06-28 12:00:00+02:00,Solar 63,26.44445412
2030,sc01,06-28 12:00:00+02:00,CC NG 06,0.0
2030,sc01,06-28 12:00:00+02:00,Biomass 39,0.0
2030,sc01,06-28 12:00:00+02:00,Solar 67,0.0
2030,sc01,06-28 12:00:00+02:00,Solar 19,0.0158465376
2030,sc01,06-28 12:00:00+02:00,Wind 12,29.259888420000003
2030,sc01,06-28 12:00:00+02:00,Solar 24,0.22916713008
2030,sc01,06-28 12:00:00+02:00,ICE NG 02,0.0
2030,sc01,06-28 12:00:00+02:00,Solar 05,0.0
2030,sc01,06-28 12:00:00+02:00,CT NG 54,0.0
2030,sc01,06-28 12:00:00+02:00,Wind N01,143.62062194239047
2030,sc01,06-28 12:00:00+02:00,CT NG 27,0.0
2030,sc01,06-28 12:00:00+02:00,CC NG 36,0.0
2030,sc01,06-28 12:00:00+02:00,Wind N02,137.92181735453866
2030,sc01,06-28 12:00:00+02:00,CT NG 52,0.0
2030,sc01,06-28 12:00:00+02:00,Solar 35,0.0
2030,sc01,06-28 12:00:00+02:00,CT NG 05,0.0
2030,sc01,06-28 12:00:00+02:00,Biomass 36,0.0
2030,sc01,06-28 12:00:00+02:00,CT NG 34,0.0
2030,sc01,06-28 12:00:00+02:00,CT Oil 03,0.0
2030,sc01,06-28 12:00:00+02:00,Hydro 35,0.0
2030,sc01,06-28 12:00:00+02:00,Solar 14,1.855615689
2030,sc01,06-28 12:00:00+02:00,CT NG 75,0.0
2030,sc01,06-28 12:00:00+02:00,ST NG 09,0.0
2030,sc01,06-28 12:00:00+02:00,CT NG 56,0.0
2030,sc01,06-28 12:00:00+02:00,Biomass 22,0.021599999999999998
2030,sc01,06-28 12:00:00+02:00,Solar 18,1.9572348426
2030,sc01,06-28 12:00:00+02:00,Biomass 13,0.021
2030,sc01,06-28 12:00:00+02:00,CT NG 71,0.0
2030,sc01,06-28 12:00:00+02:00,Solar 58,0.0
2030,sc01,06-28 12:00:00+02:00,Solar 06,0.0
2030,sc01,06-28 12:00:00+02:00,Biomass 08,0.0522
2030,sc01,06-28 12:00:00+02:00,CT NG 72,0.0
2030,sc01,06-28 12:00:00+02:00,Hydro 18,0.0
2030,sc01,06-28 12:00:00+02:00,Solar 10,3.303081957
2030,sc01,06-28 12:00:00+02:00,CT NG 04,0.0
2030,sc01,06-28 12:00:00+02:00,ST Other 02,0.0
2030,sc01,06-28 12:00:00+02:00,CT NG 12,0.0
2030,sc01,06-28 12:00:00+02:00,CT NG 48,0.0
2030,sc01,06-28 12:00:00+02:00,ST NG 10,0.0
2030,sc01,06-28 12:00:00+02:00,Solar 22,0.10441768464000001
2030,sc01,06-28 12:00:00+02:00,Solar 28,0.09344166864
2030,sc01,06-28 12:00:00+02:00,CT NG 73,0.0
2030,sc01,06-28 12:00:00+02:00,Biomass 52,0.0
2030,sc01,06-28 12:00:00+02:00,CT NG 30,0.0
2030,sc01,06-28 12:00:00+02:00,Solar 54,0.0
2030,sc01,06-28 12:00:00+02:00,Solar 31,0.0
2030,sc01,06-28 12:00:00+02:00,Biomass 03,0.0
2030,sc01,06-28 12:00:00+02:00,CT NG 32,0.0
2030,sc01,06-28 12:00:00+02:00,Biomass 27,0.10139999999999999
2030,sc01,06-28 12:00:00+02:00,CC NG 14,0.0
2030,sc01,06-28 12:00:00+02:00,CC NG 03,0.0
2030,sc01,06-28 12:00:00+02:00,CC NG 29,0.0
2030,sc01,06-28 12:00:00+02:00,CC NG 28,0.0
2030,sc01,06-28 12:00:00+02:00,CC NG 25,0.0
2030,sc01,06-28 12:00:00+02:00,CT NG 44,0.0
2030,sc01,06-28 12:00:00+02:00,CT NG 14,1.2558239999999998
2030,sc01,06-28 12:00:00+02:00,CC NG 15,0.0
2030,sc01,06-28 12:00:00+02:00,CC NG 04,0.0
2030,sc01,06-28 12:00:00+02:00,Biomass 29,0.10139999999999999
2030,sc01,06-28 12:00:00+02:00,Wind 14,0.0
2030,sc01,06-28 12:00:00+02:00,Wind 08,1.4611830162000001
2030,sc01,06-28 12:00:00+02:00,Biomass 61,0.0
2030,sc01,06-28 12:00:00+02:00,CT NG 35,0.0
2030,sc01,06-28 12:00:00+02:00,Solar 33,0.0
2030,sc01,06-28 12:00:00+02:00,CT NG 41,0.0
2030,sc01,06-28 12:00:00+02:00,CT NG 15,0.0
2030,sc01,06-28 12:00:00+02:00,Solar 42,0.0
2030,sc01,06-28 12:00:00+02:00,Solar 07,0.0
2030,sc01,06-28 12:00:00+02:00,Solar 43,0.0
2030,sc01,06-28 12:00:00+02:00,Biomass 05,0.0264
2030,sc01,06-28 12:00:00+02:00,CT NG 29,0.0
2030,sc01,06-28 12:00:00+02:00,Solar 71,0.0
2030,sc01,06-28 12:00:00+02:00,CT NG 53,0.0
2030,sc01,06-28 12:00:00+02:00,CT NG 20,0.0
2030,sc01,06-28 12:00:00+02:00,Biomass 14,0.04680000000000001
2030,sc01,06-28 12:00:00+02:00,Solar 26,0.28454012160000003
2030,sc01,06-28 12:00:00+02:00,Hydro 29,0.0
2030,sc01,06-28 12:00:00+02:00,Hydro 31,0.0
2030,sc01,06-28 12:00:00+02:00,Biomass 24,0.023400000000000004
2030,sc01,06-28 12:00:00+02:00,Biomass 54,0.0
2030,sc01,06-28 12:00:00+02:00,Solar 36,11.57628322551005
2030,sc01,06-28 12:00:00+02:00,Wind 03,2.7476683368000003
2030,sc01,06-28 12:00:00+02:00,Biomass 40,0.0
2030,sc01,06-28 12:00:00+02:00,Biomass 49,0.0
2030,sc01,06-28 12:00:00+02:00,CC NG 16,0.0
2030,sc01,06-28 12:00:00+02:00,Biomass 48,0.0
2030,sc01,06-28 12:00:00+02:00,Hydro 28,0.0
2030,sc01,06-28 12:00:00+02:00,Biomass 17,0.0126
2030,sc01,06-28 12:00:00+02:00,CT NG 33,0.0
2030,sc01,06-28 12:00:00+02:00,Solar 45,0.0
2030,sc01,06-28 12:00:00+02:00,Hydro 24,0.0
2030,sc01,06-28 12:00:00+02:00,Wind 13,14.418861702000001
2030,sc01,06-28 12:00:00+02:00,Biomass 07,0.12
2030,sc01,06-28 12:00:00+02:00,Biomass 34,0.0
2030,sc01,06-28 12:00:00+02:00,Biomass 33,0.0
2030,sc01,06-28 12:00:00+02:00,CT NG 01,1.4767560000000002
2030,sc01,06-28 12:00:00+02:00,ICE NG 03,0.0
2030,sc01,06-28 12:00:00+02:00,Solar 55,0.0
2030,sc01,06-28 12:00:00+02:00,Solar 11,0.31431506256
2030,sc01,06-28 12:00:00+02:00,CT NG 06,0.0
2030,sc01,06-28 12:00:00+02:00,CT NG 70,0.0
2030,sc01,06-28 12:00:00+02:00,Solar 23,0.04654099248
2030,sc01,06-28 12:00:00+02:00,CT NG 67,0.0
2030,sc01,06-28 12:00:00+02:00,Solar 12,0.24331306464000002
2030,sc01,06-28 12:00:00+02:00,CT Oil 01,0.0
2030,sc01,06-28 12:00:00+02:00,Hydro 26,0.0
2030,sc01,06-28 12:00:00+02:00,CC NG 22,0.0
2030,sc01,06-28 12:00:00+02:00,CC NG 35,0.0
2030,sc01,06-28 12:00:00+02:00,Biomass 50,0.0
2030,sc01,06-28 12:00:00+02:00,ICE NG 04,0.0
2030,sc01,06-28 12:00:00+02:00,CC NG 39,0.0
2030,sc01,06-28 12:00:00+02:00,Hydro 32,0.0
2030,sc01,06-28 12:00:00+02:00,ICE NG 07,0.0
2030,sc01,06-28 12:00:00+02:00,Biomass 46,0.0
2030,sc01,06-28 12:00:00+02:00,CC NG 38,0.0
2030,sc01,06-28 12:00:00+02:00,CC NG 12,0.0
2030,sc01,06-28 12:00:00+02:00,Solar 57,0.0
2030,sc01,06-28 12:00:00+02:00,CC NG 32,0.0
2030,sc01,06-28 12:00:00+02:00,CC NG 07,0.0
2030,sc01,06-28 12:00:00+02:00,Biomass 44,0.0
2030,sc01,06-28 12:00:00+02:00,CT NG 40,0.0
2030,sc01,06-28 12:00:00+02:00,Solar 74,12.0
2030,sc01,06-28 12:00:00+02:00,Hydro 30,0.0
2030,sc01,06-28 12:00:00+02:00,CT NG 42,0.0
2030,sc01,06-28 12:00:00+02:00,Hydro 22,3.8576034000000003
2030,sc01,06-28 12:00:00+02:00,Solar 17,0.47723415935999997
2030,sc01,06-28 12:00:00+02:00,Solar 38,0.0
2030,sc01,06-28 12:00:00+02:00,CT NG 24,0.0
2030,sc01,06-28 12:00:00+02:00,CC NG 27,0.0
2030,sc01,06-28 12:00:00+02:00,Biomass 21,0.021599999999999998
2030,sc01,06-28 12:00:00+02:00,ICE NG 06,0.0
2030,sc01,06-28 12:00:00+02:00,Biomass 25,0.023400000000000004
2030,sc01,06-28 12:00:00+02:00,Solar 27,0.012879580799999998
2030,sc01,06-28 12:00:00+02:00,CT NG 19,0.0
2030,sc01,06-28 12:00:00+02:00,Biomass 42,0.0
2030,sc01,06-28 12:00:00+02:00,Biomass 19,0.021599999999999998
2030,sc01,06-28 12:00:00+02:00,Biomass 06,0.0264
2030,sc01,06-28 12:00:00+02:00,CT NG 10,0.0
2030,sc01,06-28 12:00:00+02:00,CC NG 40,0.0
2030,sc01,06-28 12:00:00+02:00,CC NG 21,0.0
2030,sc01,06-28 12:00:00+02:00,Biomass 02,0.06180000000000001
2030,sc01,06-28 12:00:00+02:00,CT NG 46,0.0
2030,sc01,06-28 12:00:00+02:00,Hydro 34,0.0
2030,sc01,06-28 12:00:00+02:00,Biomass 10,0.0522
2030,sc01,06-28 12:00:00+02:00,CT NG 17,0.0
2030,sc01,06-28 12:00:00+02:00,Biomass 62,0.0
2030,sc01,06-28 12:00:00+02:00,Biomass 32,0.07139999999999999
2030,sc01,06-28 12:00:00+02:00,CC NG 19,0.0
2030,sc01,06-28 12:00:00+02:00,CC NG 17,0.0
2030,sc01,06-28 12:00:00+02:00,ST NG 01,0.0
2030,sc01,06-28 12:00:00+02:00,Biomass 45,0.0
2030,sc01,06-28 12:00:00+02:00,Biomass 28,0.10139999999999999
2030,sc01,06-28 12:00:00+02:00,CC NG 10,0.0
2030,sc01,06-28 12:00:00+02:00,Biomass 23,0.023400000000000004
2030,sc01,06-28 12:00:00+02:00,ST NG 06,0.0
2030,sc01,06-28 12:00:00+02:00,Wind 10,1.4238288816
2030,sc01,06-28 12:00:00+02:00,CT NG 69,0.0
2030,sc01,06-28 12:00:00+02:00,CT NG 68,0.0
2030,sc01,06-29 06:00:00+02:00,CC NG 13,0.0
2030,sc01,06-29 06:00:00+02:00,CT NG 37,0.0
2030,sc01,06-29 06:00:00+02:00,ST Coal 01,0.0
2030,sc01,06-29 06:00:00+02:00,CT NG 09,0.0
2030,sc01,06-29 06:00:00+02:00,CT NG 47,0.0
2030,sc01,06-29 06:00:00+02:00,Solar 69,0.0
2030,sc01,06-29 06:00:00+02:00,Solar 34,0.0
2030,sc01,06-29 06:00:00+02:00,Solar 73,0.0
2030,sc01,06-29 06:00:00+02:00,Biomass 37,0.0
2030,sc01,06-29 06:00:00+02:00,Hydro 20,0.0
2030,sc01,06-29 06:00:00+02:00,Solar 01,2.272243338
2030,sc01,06-29 06:00:00+02:00,Solar 62,0.0
2030,sc01,06-29 06:00:00+02:00,Solar 02,1.2309116495399999
2030,sc01,06-29 06:00:00+02:00,CT NG 26,0.0
2030,sc01,06-29 06:00:00+02:00,Biomass 20,0.0
2030,sc01,06-29 06:00:00+02:00,Wind 16,0.0
2030,sc01,06-29 06:00:00+02:00,CT NG 66,0.0
2030,sc01,06-29 06:00:00+02:00,Solar 39,0.034227228816
2030,sc01,06-29 06:00:00+02:00,Biomass 41,0.0
2030,sc01,06-29 06:00:00+02:00,Solar 72,1.9904081016339916
2030,sc01,06-29 06:00:00+02:00,ST NG 03,0.0
2030,sc01,06-29 06:00:00+02:00,Hydro 21,0.0
2030,sc01,06-29 06:00:00+02:00,CT NG 03,0.0
2030,sc01,06-29 06:00:00+02:00,CC NG 09,0.0
2030,sc01,06-29 06:00:00+02:00,CT Oil 02,0.0
2030,sc01,06-29 06:00:00+02:00,CT NG 39,0.0
2030,sc01,06-29 06:00:00+02:00,CC NG 08,0.0
2030,sc01,06-29 06:00:00+02:00,Biomass 43,0.0
2030,sc01,06-29 06:00:00+02:00,CT NG 18,0.0
2030,sc01,06-29 06:00:00+02:00,ST NG 07,0.0
2030,sc01,06-29 06:00:00+02:00,Biomass 35,0.0
2030,sc01,06-29 06:00:00+02:00,Solar 32,0.0
2030,sc01,06-29 06:00:00+02:00,Biomass 15,0.0
2030,sc01,06-29 06:00:00+02:00,CC NG 31,0.0
2030,sc01,06-29 06:00:00+02:00,Solar 16,0.083696918832
2030,sc01,06-29 06:00:00+02:00,Solar 68,0.0
2030,sc01,06-29 06:00:00+02:00,CT NG 21,0.0
2030,sc01,06-29 06:00:00+02:00,Wind 11,0.6535140541200001
2030,sc01,06-29 06:00:00+02:00,CC NG 37,0.0
2030,sc01,06-29 06:00:00+02:00,CT NG 22,0.0
2030,sc01,06-29 06:00:00+02:00,Hydro 16,0.008866079999999998
2030,sc01,06-29 06:00:00+02:00,Biomass 59,0.0
2030,sc01,06-29 06:00:00+02:00,CC NG 01,0.0
2030,sc01,06-29 06:00:00+02:00,Biomass 16,0.0
2030,sc01,06-29 06:00:00+02:00,Solar 03,0.50752452024
2030,sc01,06-29 06:00:00+02:00,Solar 44,0.034217930016
2030,sc01,06-29 06:00:00+02:00,CT NG 08,0.0
2030,sc01,06-29 06:00:00+02:00,Wind 05,0.016666817615999998
2030,sc01,06-29 06:00:00+02:00,Biomass 26,0.03042
2030,sc01,06-29 06:00:00+02:00,Solar 37,0.6566645073599999
2030,sc01,06-29 06:00:00+02:00,Biomass 11,0.0
2030,sc01,06-29 06:00:00+02:00,Solar 59,0.21493460844
2030,sc01,06-29 06:00:00+02:00,CT NG 11,0.0
2030,sc01,06-29 06:00:00+02:00,Biomass 30,0.0
2030,sc01,06-29 06:00:00+02:00,Hydro 23,0.0
2030,sc01,06-29 06:00:00+02:00,CC NG 24,0.0
2030,sc01,06-29 06:00:00+02:00,Solar 65,3.5330298624000003
2030,sc01,06-29 06:00:00+02:00,CC NG 18,0.0
2030,sc01,06-29 06:00:00+02:00,CT NG 16,0.0
2030,sc01,06-29 06:00:00+02:00,Solar 51,0.2624973228
2030,sc01,06-29 06:00:00+02:00,Wind 06,0.80885942532
2030,sc01,06-29 06:00:00+02:00,CC NG 26,0.0
2030,sc01,06-29 06:00:00+02:00,CC NG 23,0.0
2030,sc01,06-29 06:00:00+02:00,CT NG 43,0.0
2030,sc01,06-29 06:00:00+02:00,CC NG 11,0.0
2030,sc01,06-29 06:00:00+02:00,CT NG 02,0.0
2030,sc01,06-29 06:00:00+02:00,CT NG 50,0.0
2030,sc01,06-29 06:00:00+02:00,Hydro 27,0.0
2030,sc01,06-29 06:00:00+02:00,CT NG 13,0.0
2030,sc01,06-29 06:00:00+02:00,CT NG 25,0.0
2030,sc01,06-29 06:00:00+02:00,CC NG 05,0.0
2030,sc01,06-29 06:00:00+02:00,Solar 04,0.10884153384
2030,sc01,06-29 06:00:00+02:00,Solar 30,0.08070990062399999
2030,sc01,06-29 06:00:00+02:00,Solar 29,0.19357475454
2030,sc01,06-29 06:00:00+02:00,Solar 53,0.2699458596
2030,sc01,06-29 06:00:00+02:00,Solar 21,0.4129860852
2030,sc01,06-29 06:00:00+02:00,Biomass 58,0.0
2030,sc01,06-29 06:00:00+02:00,CT NG 74,0.0
2030,sc01,06-29 06:00:00+02:00,Solar 61,0.0
2030,sc01,06-29 06:00:00+02:00,Wind 07,0.6707051058600001
2030,sc01,06-29 06:00:00+02:00,Biomass 31,0.03042
2030,sc01,06-29 06:00:00+02:00,CT Oil 05,0.0
2030,sc01,06-29 06:00:00+02:00,Biomass 38,0.0
2030,sc01,06-29 06:00:00+02:00,Solar 41,0.034227228816
2030,sc01,06-29 06:00:00+02:00,Biomass 51,0.0
2030,sc01,06-29 06:00:00+02:00,Biomass 55,0.0
2030,sc01,06-29 06:00:00+02:00,Wind 15,0.0
2030,sc01,06-29 06:00:00+02:00,Geo 01,0.0
2030,sc01,06-29 06:00:00+02:00,Biomass 60,0.03609253033623416
2030,sc01,06-29 06:00:00+02:00,CT NG 38,0.0
2030,sc01,06-29 06:00:00+02:00,Solar 66,6.565970608200001
2030,sc01,06-29 06:00:00+02:00,Solar 49,0.021070558656
2030,sc01,06-29 06:00:00+02:00,CT NG 51,0.0
2030,sc01,06-29 06:00:00+02:00,Biomass 18,0.0
2030,sc01,06-29 06:00:00+02:00,ICE NG 01,0.0
2030,sc01,06-29 06:00:00+02:00,Solar 15,0.23618299932000003
2030,sc01,06-29 06:00:00+02:00,ICE NG 05,0.0
2030,sc01,06-29 06:00:00+02:00,CT Oil 04,0.0
2030,sc01,06-29 06:00:00+02:00,CC NG 20,0.0
2030,sc01,06-29 06:00:00+02:00,Solar 20,0.150159128832
2030,sc01,06-29 06:00:00+02:00,Biomass 04,0.0
2030,sc01,06-29 06:00:00+02:00,Wind 02,1.58583796272
2030,sc01,06-29 06:00:00+02:00,Hydro 25,0.0
2030,sc01,06-29 06:00:00+02:00,Solar 75,2.944672686
2030,sc01,06-29 06:00:00+02:00,Hydro 33,0.0
2030,sc01,06-29 06:00:00+02:00,ST NG 05,0.0
2030,sc01,06-29 06:00:00+02:00,CT NG 07,0.0
2030,sc01,06-29 06:00:00+02:00,Wind 01,0.45689916132
2030,sc01,06-29 06:00:00+02:00,Solar 56,0.31794659316
2030,sc01,06-29 06:00:00+02:00,Biomass 09,0.0
2030,sc01,06-29 06:00:00+02:00,Biomass 53,0.0
2030,sc01,06-29 06:00:00+02:00,Wind 17,11.191161006587576
2030,sc01,06-29 06:00:00+02:00,ST NG 08,0.0
2030,sc01,06-29 06:00:00+02:00,Hydro 19,0.0
2030,sc01,06-29 06:00:00+02:00,ST NG 02,0.0
2030,sc01,06-29 06:00:00+02:00,Biomass 01,0.01854
2030,sc01,06-29 06:00:00+02:00,Biomass 57,0.0
2030,sc01,06-29 06:00:00+02:00,CT NG 49,0.0
2030,sc01,06-29 06:00:00+02:00,CT NG 31,0.0
2030,sc01,06-29 06:00:00+02:00,Solar 64,1.8548369442
2030,sc01,06-29 06:00:00+02:00,CC NG 33,0.0
2030,sc01,06-29 06:00:00+02:00,Solar 46,0.034217930016
2030,sc01,06-29 06:00:00+02:00,Biomass 12,0.0
2030,sc01,06-29 06:00:00+02:00,Wind 04,0.044269015968
2030,sc01,06-29 06:00:00+02:00,Solar 13,0.005929050240000001
2030,sc01,06-29 06:00:00+02:00,CT NG 55,0.0
2030,sc01,06-29 06:00:00+02:00,Wind N03,44.19158767380046
2030,sc01,06-29 06:00:00+02:00,CT NG 28,0.0
2030,sc01,06-29 06:00:00+02:00,Wind 09,0.21593953404
2030,sc01,06-29 06:00:00+02:00,Solar 60,0.22607349066000001
2030,sc01,06-29 06:00:00+02:00,Solar 25,0.04347876628800001
2030,sc01,06-29 06:00:00+02:00,CT NG 23,0.0
2030,sc01,06-29 06:00:00+02:00,ST Other 01,0.0
2030,sc01,06-29 06:00:00+02:00,Solar 70,7.3001432196
2030,sc01,06-29 06:00:00+02:00,CC NG 34,0.0
2030,sc01,06-29 06:00:00+02:00,Solar 48,0.034217930016
2030,sc01,06-29 06:00:00+02:00,Biomass 56,0.0
2030,sc01,06-29 06:00:00+02:00,CT NG 36,0.0
2030,sc01,06-29 06:00:00+02:00,Solar 47,0.034217930016
2030,sc01,06-29 06:00:00+02:00,Hydro 17,0.01496151
2030,sc01,06-29 06:00:00+02:00,Solar 09,0.2881672149600001
2030,sc01,06-29 06:00:00+02:00,Solar 08,0.05629296772800001
2030,sc01,06-29 06:00:00+02:00,CT NG 45,0.0
2030,sc01,06-29 06:00:00+02:00,ST NG 04,0.0
2030,sc01,06-29 06:00:00+02:00,Solar 40,0.034227228816
2030,sc01,06-29 06:00:00+02:00,Biomass 47,0.0
2030,sc01,06-29 06:00:00+02:00,Solar 50,0.09023959224
2030,sc01,06-29 06:00:00+02:00,Solar 52,0.20467839581999997
2030,sc01,06-29 06:00:00+02:00,Solar 63,3.9610620972
2030,sc01,06-29 06:00:00+02:00,CC NG 06,0.0
2030,sc01,06-29 06:00:00+02:00,Biomass 39,0.0
2030,sc01,06-29 06:00:00+02:00,Solar 67,2.6404872084
2030,sc01,06-29 06:00:00+02:00,Solar 19,0.0
2030,sc01,06-29 06:00:00+02:00,Wind 12,3.8270311487999997
2030,sc01,06-29 06:00:00+02:00,Solar 24,0.032428716336
2030,sc01,06-29 06:00:00+02:00,ICE NG 02,0.0
2030,sc01,06-29 06:00:00+02:00,Solar 05,0.0
2030,sc01,06-29 06:00:00+02:00,CT NG 54,0.0
2030,sc01,06-29 06:00:00+02:00,Wind N01,36.30773142
2030,sc01,06-29 06:00:00+02:00,CT NG 27,0.0
2030,sc01,06-29 06:00:00+02:00,CC NG 36,0.0
2030,sc01,06-29 06:00:00+02:00,Wind N02,44.47500119442966
2030,sc01,06-29 06:00:00+02:00,CT NG 52,0.0
2030,sc01,06-29 06:00:00+02:00,Solar 35,0.0
2030,sc01,06-29 06:00:00+02:00,CT NG 05,0.0
2030,sc01,06-29 06:00:00+02:00,Biomass 36,0.0
2030,sc01,06-29 06:00:00+02:00,CT NG 34,0.0
2030,sc01,06-29 06:00:00+02:00,CT Oil 03,0.0
2030,sc01,06-29 06:00:00+02:00,Hydro 35,0.0026598240000000003
2030,sc01,06-29 06:00:00+02:00,Solar 14,0.26258231232
2030,sc01,06-29 06:00:00+02:00,CT NG 75,0.0
2030,sc01,06-29 06:00:00+02:00,ST NG 09,0.0
2030,sc01,06-29 06:00:00+02:00,CT NG 56,0.0
2030,sc01,06-29 06:00:00+02:00,Biomass 22,0.0
2030,sc01,06-29 06:00:00+02:00,Solar 18,0.27696211758
2030,sc01,06-29 06:00:00+02:00,Biomass 13,0.0
2030,sc01,06-29 06:00:00+02:00,CT NG 71,0.0
2030,sc01,06-29 06:00:00+02:00,Solar 58,0.15413670936000004
2030,sc01,06-29 06:00:00+02:00,Solar 06,0.080291554992
2030,sc01,06-29 06:00:00+02:00,Biomass 08,0.0
2030,sc01,06-29 06:00:00+02:00,CT NG 72,0.0
2030,sc01,06-29 06:00:00+02:00,Hydro 18,0.051534090000000005
2030,sc01,06-29 06:00:00+02:00,Solar 10,0.144638829072
2030,sc01,06-29 06:00:00+02:00,CT NG 04,0.0
2030,sc01,06-29 06:00:00+02:00,ST Other 02,0.0
2030,sc01,06-29 06:00:00+02:00,CT NG 12,0.0
2030,sc01,06-29 06:00:00+02:00,CT NG 48,0.0
2030,sc01,06-29 06:00:00+02:00,ST NG 10,0.0
2030,sc01,06-29 06:00:00+02:00,Solar 22,0.20133865098000003
2030,sc01,06-29 06:00:00+02:00,Solar 28,0.18017464698000002
2030,sc01,06-29 06:00:00+02:00,CT NG 73,0.0
2030,sc01,06-29 06:00:00+02:00,Biomass 52,0.0
2030,sc01,06-29 06:00:00+02:00,CT NG 30,0.0
2030,sc01,06-29 06:00:00+02:00,Solar 54,0.176939603136
2030,sc01,06-29 06:00:00+02:00,Solar 31,0.0
2030,sc01,06-29 06:00:00+02:00,Biomass 03,0.0
2030,sc01,06-29 06:00:00+02:00,CT NG 32,0.0
2030,sc01,06-29 06:00:00+02:00,Biomass 27,0.03042
2030,sc01,06-29 06:00:00+02:00,CC NG 14,0.0
2030,sc01,06-29 06:00:00+02:00,CC NG 03,0.0
2030,sc01,06-29 06:00:00+02:00,CC NG 29,0.0
2030,sc01,06-29 06:00:00+02:00,CC NG 28,0.0
2030,sc01,06-29 06:00:00+02:00,CC NG 25,0.0
2030,sc01,06-29 06:00:00+02:00,CT NG 44,0.0
2030,sc01,06-29 06:00:00+02:00,CT NG 14,0.0
2030,sc01,06-29 06:00:00+02:00,CC NG 15,0.0
2030,sc01,06-29 06:00:00+02:00,CC NG 04,0.0
2030,sc01,06-29 06:00:00+02:00,Biomass 29,0.0
2030,sc01,06-29 06:00:00+02:00,Wind 14,0.0
2030,sc01,06-29 06:00:00+02:00,Wind 08,0.21276525708
2030,sc01,06-29 06:00:00+02:00,Biomass 61,0.0
2030,sc01,06-29 06:00:00+02:00,CT NG 35,0.0
2030,sc01,06-29 06:00:00+02:00,Solar 33,0.0
2030,sc01,06-29 06:00:00+02:00,CT NG 41,0.0
2030,sc01,06-29 06:00:00+02:00,CT NG 15,0.0
2030,sc01,06-29 06:00:00+02:00,Solar 42,0.034217930016
2030,sc01,06-29 06:00:00+02:00,Solar 07,0.004775801328
2030,sc01,06-29 06:00:00+02:00,Solar 43,0.034217930016
2030,sc01,06-29 06:00:00+02:00,Biomass 05,0.0
2030,sc01,06-29 06:00:00+02:00,CT NG 29,0.0
2030,sc01,06-29 06:00:00+02:00,Solar 71,0.0
2030,sc01,06-29 06:00:00+02:00,CT NG 53,0.0
2030,sc01,06-29 06:00:00+02:00,CT NG 20,0.0
2030,sc01,06-29 06:00:00+02:00,Biomass 14,0.0
2030,sc01,06-29 06:00:00+02:00,Solar 26,0.040264373376
2030,sc01,06-29 06:00:00+02:00,Hydro 29,0.0
2030,sc01,06-29 06:00:00+02:00,Hydro 31,0.004433039999999999
2030,sc01,06-29 06:00:00+02:00,Biomass 24,0.0
2030,sc01,06-29 06:00:00+02:00,Biomass 54,0.0
2030,sc01,06-29 06:00:00+02:00,Solar 36,0.0
2030,sc01,06-29 06:00:00+02:00,Wind 03,0.109502820576
2030,sc01,06-29 06:00:00+02:00,Biomass 40,0.0
2030,sc01,06-29 06:00:00+02:00,Biomass 49,0.0
2030,sc01,06-29 06:00:00+02:00,CC NG 16,0.0
2030,sc01,06-29 06:00:00+02:00,Biomass 48,0.0
2030,sc01,06-29 06:00:00+02:00,Hydro 28,0.0
2030,sc01,06-29 06:00:00+02:00,Biomass 17,0.0
2030,sc01,06-29 06:00:00+02:00,CT NG 33,0.0
2030,sc01,06-29 06:00:00+02:00,Solar 45,0.034217930016
2030,sc01,06-29 06:00:00+02:00,Hydro 24,0.0
2030,sc01,06-29 06:00:00+02:00,Wind 13,2.038878954
2030,sc01,06-29 06:00:00+02:00,Biomass 07,0.0
2030,sc01,06-29 06:00:00+02:00,Biomass 34,0.0
2030,sc01,06-29 06:00:00+02:00,Biomass 33,0.0
2030,sc01,06-29 06:00:00+02:00,CT NG 01,0.0
2030,sc01,06-29 06:00:00+02:00,ICE NG 03,0.0
2030,sc01,06-29 06:00:00+02:00,Solar 55,0.31709015748
2030,sc01,06-29 06:00:00+02:00,Solar 11,0.044477731295999995
2030,sc01,06-29 06:00:00+02:00,CT NG 06,0.0
2030,sc01,06-29 06:00:00+02:00,CT NG 70,0.0
2030,sc01,06-29 06:00:00+02:00,Solar 23,0.006585868799999999
2030,sc01,06-29 06:00:00+02:00,CT NG 67,0.0
2030,sc01,06-29 06:00:00+02:00,Solar 12,0.034430462928
2030,sc01,06-29 06:00:00+02:00,CT Oil 01,0.0
2030,sc01,06-29 06:00:00+02:00,Hydro 26,0.0
2030,sc01,06-29 06:00:00+02:00,CC NG 22,0.0
2030,sc01,06-29 06:00:00+02:00,CC NG 35,0.0
2030,sc01,06-29 06:00:00+02:00,Biomass 50,0.0
2030,sc01,06-29 06:00:00+02:00,ICE NG 04,0.0
2030,sc01,06-29 06:00:00+02:00,CC NG 39,0.0
2030,sc01,06-29 06:00:00+02:00,Hydro 32,0.005319648000000001
2030,sc01,06-29 06:00:00+02:00,ICE NG 07,0.0
2030,sc01,06-29 06:00:00+02:00,Biomass 46,0.0
2030,sc01,06-29 06:00:00+02:00,CC NG 38,0.0
2030,sc01,06-29 06:00:00+02:00,CC NG 12,0.0
2030,sc01,06-29 06:00:00+02:00,Solar 57,0.13163275972799998
2030,sc01,06-29 06:00:00+02:00,CC NG 32,0.0
2030,sc01,06-29 06:00:00+02:00,CC NG 07,0.0
2030,sc01,06-29 06:00:00+02:00,Biomass 44,0.0
2030,sc01,06-29 06:00:00+02:00,CT NG 40,0.0
2030,sc01,06-29 06:00:00+02:00,Solar 74,0.6182967965399999
2030,sc01,06-29 06:00:00+02:00,Hydro 30,0.0
2030,sc01,06-29 06:00:00+02:00,CT NG 42,0.0
2030,sc01,06-29 06:00:00+02:00,Hydro 22,0.0
2030,sc01,06-29 06:00:00+02:00,Solar 17,0.067531897728
2030,sc01,06-29 06:00:00+02:00,Solar 38,0.41605431066
2030,sc01,06-29 06:00:00+02:00,CT NG 24,0.0
2030,sc01,06-29 06:00:00+02:00,CC NG 27,0.0
2030,sc01,06-29 06:00:00+02:00,Biomass 21,0.0
2030,sc01,06-29 06:00:00+02:00,ICE NG 06,0.0
2030,sc01,06-29 06:00:00+02:00,Biomass 25,0.0
2030,sc01,06-29 06:00:00+02:00,Solar 27,0.008649480384
2030,sc01,06-29 06:00:00+02:00,CT NG 19,0.0
2030,sc01,06-29 06:00:00+02:00,Biomass 42,0.0
2030,sc01,06-29 06:00:00+02:00,Biomass 19,0.0
2030,sc01,06-29 06:00:00+02:00,Biomass 06,0.0
2030,sc01,06-29 06:00:00+02:00,CT NG 10,0.0
2030,sc01,06-29 06:00:00+02:00,CC NG 40,0.0
2030,sc01,06-29 06:00:00+02:00,CC NG 21,0.0
2030,sc01,06-29 06:00:00+02:00,Biomass 02,0.0
2030,sc01,06-29 06:00:00+02:00,CT NG 46,0.0
2030,sc01,06-29 06:00:00+02:00,Hydro 34,0.0
2030,sc01,06-29 06:00:00+02:00,Biomass 10,0.0
2030,sc01,06-29 06:00:00+02:00,CT NG 17,0.0
2030,sc01,06-29 06:00:00+02:00,Biomass 62,0.0
2030,sc01,06-29 06:00:00+02:00,Biomass 32,0.021419999999999998
2030,sc01,06-29 06:00:00+02:00,CC NG 19,0.0
2030,sc01,06-29 06:00:00+02:00,CC NG 17,0.0
2030,sc01,06-29 06:00:00+02:00,ST NG 01,0.0
2030,sc01,06-29 06:00:00+02:00,Biomass 45,0.0
2030,sc01,06-29 06:00:00+02:00,Biomass 28,0.03042
2030,sc01,06-29 06:00:00+02:00,CC NG 10,0.0
2030,sc01,06-29 06:00:00+02:00,Biomass 23,0.0
2030,sc01,06-29 06:00:00+02:00,ST NG 06,0.0
2030,sc01,06-29 06:00:00+02:00,Wind 10,0.22222111248
2030,sc01,06-29 06:00:00+02:00,CT NG 69,0.0
2030,sc01,06-29 06:00:00+02:00,CT NG 68,0.0
2030,sc01,06-29 09:00:00+02:00,CC NG 13,0.0
2030,sc01,06-29 09:00:00+02:00,CT NG 37,0.0
2030,sc01,06-29 09:00:00+02:00,ST Coal 01,0.0
2030,sc01,06-29 09:00:00+02:00,CT NG 09,0.0
2030,sc01,06-29 09:00:00+02:00,CT NG 47,0.0
2030,sc01,06-29 09:00:00+02:00,Solar 69,0.0
2030,sc01,06-29 09:00:00+02:00,Solar 34,2.0297941487665114
2030,sc01,06-29 09:00:00+02:00,Solar 73,0.0
2030,sc01,06-29 09:00:00+02:00,Biomass 37,0.0
2030,sc01,06-29 09:00:00+02:00,Hydro 20,0.0
2030,sc01,06-29 09:00:00+02:00,Solar 01,8.6167413154
2030,sc01,06-29 09:00:00+02:00,Solar 62,0.0
2030,sc01,06-29 09:00:00+02:00,Solar 02,0.0
2030,sc01,06-29 09:00:00+02:00,CT NG 26,0.0
2030,sc01,06-29 09:00:00+02:00,Biomass 20,0.00612
2030,sc01,06-29 09:00:00+02:00,Wind 16,0.0
2030,sc01,06-29 09:00:00+02:00,CT NG 66,0.0
2030,sc01,06-29 09:00:00+02:00,Solar 39,0.0
2030,sc01,06-29 09:00:00+02:00,Biomass 41,0.0
2030,sc01,06-29 09:00:00+02:00,Solar 72,0.0
2030,sc01,06-29 09:00:00+02:00,ST NG 03,0.0
2030,sc01,06-29 09:00:00+02:00,Hydro 21,0.7240266
2030,sc01,06-29 09:00:00+02:00,CT NG 03,0.0
2030,sc01,06-29 09:00:00+02:00,CC NG 09,0.0
2030,sc01,06-29 09:00:00+02:00,CT Oil 02,0.0
2030,sc01,06-29 09:00:00+02:00,CT NG 39,0.0
2030,sc01,06-29 09:00:00+02:00,CC NG 08,0.0
2030,sc01,06-29 09:00:00+02:00,Biomass 43,0.0
2030,sc01,06-29 09:00:00+02:00,CT NG 18,0.0
2030,sc01,06-29 09:00:00+02:00,ST NG 07,0.0
2030,sc01,06-29 09:00:00+02:00,Biomass 35,0.0
2030,sc01,06-29 09:00:00+02:00,Solar 32,0.0
2030,sc01,06-29 09:00:00+02:00,Biomass 15,0.0035700000000000003
2030,sc01,06-29 09:00:00+02:00,CC NG 31,0.0
2030,sc01,06-29 09:00:00+02:00,Solar 16,0.54323670544
2030,sc01,06-29 09:00:00+02:00,Solar 68,0.0
2030,sc01,06-29 09:00:00+02:00,CT NG 21,0.0
2030,sc01,06-29 09:00:00+02:00,Wind 11,0.47994119279
2030,sc01,06-29 09:00:00+02:00,CC NG 37,0.0
2030,sc01,06-29 09:00:00+02:00,CT NG 22,0.0
2030,sc01,06-29 09:00:00+02:00,Hydro 16,0.00842792
2030,sc01,06-29 09:00:00+02:00,Biomass 59,0.07038000000000001
2030,sc01,06-29 09:00:00+02:00,CC NG 01,0.0
2030,sc01,06-29 09:00:00+02:00,Biomass 16,0.0035700000000000003
2030,sc01,06-29 09:00:00+02:00,Solar 03,0.44376735927
2030,sc01,06-29 09:00:00+02:00,Solar 44,0.0
2030,sc01,06-29 09:00:00+02:00,CT NG 08,0.0
2030,sc01,06-29 09:00:00+02:00,Wind 05,0.009878587256
2030,sc01,06-29 09:00:00+02:00,Biomass 26,0.02873
2030,sc01,06-29 09:00:00+02:00,Solar 37,0.0
2030,sc01,06-29 09:00:00+02:00,Biomass 11,0.0059499999999999996
2030,sc01,06-29 09:00:00+02:00,Solar 59,0.0
2030,sc01,06-29 09:00:00+02:00,CT NG 11,0.0
2030,sc01,06-29 09:00:00+02:00,Biomass 30,0.02873
2030,sc01,06-29 09:00:00+02:00,Hydro 23,0.0
2030,sc01,06-29 09:00:00+02:00,CC NG 24,0.0
2030,sc01,06-29 09:00:00+02:00,Solar 65,5.6246511814
2030,sc01,06-29 09:00:00+02:00,CC NG 18,0.0
2030,sc01,06-29 09:00:00+02:00,CT NG 16,0.0
2030,sc01,06-29 09:00:00+02:00,Solar 51,0.0
2030,sc01,06-29 09:00:00+02:00,Wind 06,0.6008048256099999
2030,sc01,06-29 09:00:00+02:00,CC NG 26,0.0
2030,sc01,06-29 09:00:00+02:00,CC NG 23,0.0
2030,sc01,06-29 09:00:00+02:00,CT NG 43,0.0
2030,sc01,06-29 09:00:00+02:00,CC NG 11,0.0
2030,sc01,06-29 09:00:00+02:00,CT NG 02,0.0
2030,sc01,06-29 09:00:00+02:00,CT NG 50,0.0
2030,sc01,06-29 09:00:00+02:00,Hydro 27,0.0
2030,sc01,06-29 09:00:00+02:00,CT NG 13,0.325900857405189
2030,sc01,06-29 09:00:00+02:00,CT NG 25,0.0
2030,sc01,06-29 09:00:00+02:00,CC NG 05,0.0
2030,sc01,06-29 09:00:00+02:00,Solar 04,0.43434124687
2030,sc01,06-29 09:00:00+02:00,Solar 30,0.52384939714
2030,sc01,06-29 09:00:00+02:00,Solar 29,0.49896068416000006
2030,sc01,06-29 09:00:00+02:00,Solar 53,0.0
2030,sc01,06-29 09:00:00+02:00,Solar 21,1.64805552488
2030,sc01,06-29 09:00:00+02:00,Biomass 58,0.03502
2030,sc01,06-29 09:00:00+02:00,CT NG 74,0.0
2030,sc01,06-29 09:00:00+02:00,Solar 61,0.0
2030,sc01,06-29 09:00:00+02:00,Wind 07,0.49372544134
2030,sc01,06-29 09:00:00+02:00,Biomass 31,0.02873
2030,sc01,06-29 09:00:00+02:00,CT Oil 05,0.0
2030,sc01,06-29 09:00:00+02:00,Biomass 38,0.0
2030,sc01,06-29 09:00:00+02:00,Solar 41,0.0
2030,sc01,06-29 09:00:00+02:00,Biomass 51,0.0
2030,sc01,06-29 09:00:00+02:00,Biomass 55,0.041310000000000006
2030,sc01,06-29 09:00:00+02:00,Wind 15,1.290462983811642
2030,sc01,06-29 09:00:00+02:00,Geo 01,0.0
2030,sc01,06-29 09:00:00+02:00,Biomass 60,0.0459
2030,sc01,06-29 09:00:00+02:00,CT NG 38,0.0
2030,sc01,06-29 09:00:00+02:00,Solar 66,11.265482769000002
2030,sc01,06-29 09:00:00+02:00,Solar 49,0.0
2030,sc01,06-29 09:00:00+02:00,CT NG 51,0.0
2030,sc01,06-29 09:00:00+02:00,Biomass 18,0.0035700000000000003
2030,sc01,06-29 09:00:00+02:00,ICE NG 01,0.0
2030,sc01,06-29 09:00:00+02:00,Solar 15,0.94250801906
2030,sc01,06-29 09:00:00+02:00,ICE NG 05,0.0
2030,sc01,06-29 09:00:00+02:00,CT Oil 04,0.0
2030,sc01,06-29 09:00:00+02:00,CC NG 20,0.0
2030,sc01,06-29 09:00:00+02:00,Solar 20,0.6171073205400001
2030,sc01,06-29 09:00:00+02:00,Biomass 04,0.0
2030,sc01,06-29 09:00:00+02:00,Wind 02,1.15603681316
2030,sc01,06-29 09:00:00+02:00,Hydro 25,0.0
2030,sc01,06-29 09:00:00+02:00,Solar 75,3.9640333338
2030,sc01,06-29 09:00:00+02:00,Hydro 33,0.0
2030,sc01,06-29 09:00:00+02:00,ST NG 05,0.0
2030,sc01,06-29 09:00:00+02:00,CT NG 07,0.0
2030,sc01,06-29 09:00:00+02:00,Wind 01,0.33144742801000004
2030,sc01,06-29 09:00:00+02:00,Solar 56,0.0
2030,sc01,06-29 09:00:00+02:00,Biomass 09,0.01479
2030,sc01,06-29 09:00:00+02:00,Biomass 53,0.041310000000000006
2030,sc01,06-29 09:00:00+02:00,Wind 17,11.1077931558
2030,sc01,06-29 09:00:00+02:00,ST NG 08,0.0
2030,sc01,06-29 09:00:00+02:00,Hydro 19,0.0
2030,sc01,06-29 09:00:00+02:00,ST NG 02,0.0
2030,sc01,06-29 09:00:00+02:00,Biomass 01,0.01751
2030,sc01,06-29 09:00:00+02:00,Biomass 57,0.03502
2030,sc01,06-29 09:00:00+02:00,CT NG 49,0.0
2030,sc01,06-29 09:00:00+02:00,CT NG 31,0.0
2030,sc01,06-29 09:00:00+02:00,Solar 64,2.8560000000000003
2030,sc01,06-29 09:00:00+02:00,CC NG 33,0.0
2030,sc01,06-29 09:00:00+02:00,Solar 46,0.0
2030,sc01,06-29 09:00:00+02:00,Biomass 12,0.0059499999999999996
2030,sc01,06-29 09:00:00+02:00,Wind 04,0.039286903712
2030,sc01,06-29 09:00:00+02:00,Solar 13,0.023660371248
2030,sc01,06-29 09:00:00+02:00,CT NG 55,0.0
2030,sc01,06-29 09:00:00+02:00,Wind N03,43.332864318544765
2030,sc01,06-29 09:00:00+02:00,CT NG 28,0.0
2030,sc01,06-29 09:00:00+02:00,Wind 09,0.126157071264
2030,sc01,06-29 09:00:00+02:00,Solar 60,0.0
2030,sc01,06-29 09:00:00+02:00,Solar 25,0.17350565466
2030,sc01,06-29 09:00:00+02:00,CT NG 23,0.0
2030,sc01,06-29 09:00:00+02:00,ST Other 01,0.0
2030,sc01,06-29 09:00:00+02:00,Solar 70,0.0
2030,sc01,06-29 09:00:00+02:00,CC NG 34,0.0
2030,sc01,06-29 09:00:00+02:00,Solar 48,0.0
2030,sc01,06-29 09:00:00+02:00,Biomass 56,0.039099999999999996
2030,sc01,06-29 09:00:00+02:00,CT NG 36,0.0
2030,sc01,06-29 09:00:00+02:00,Solar 47,0.0
2030,sc01,06-29 09:00:00+02:00,Hydro 17,0.0
2030,sc01,06-29 09:00:00+02:00,Solar 09,0.0
2030,sc01,06-29 09:00:00+02:00,Solar 08,0.0
2030,sc01,06-29 09:00:00+02:00,CT NG 45,0.0
2030,sc01,06-29 09:00:00+02:00,ST NG 04,0.0
2030,sc01,06-29 09:00:00+02:00,Solar 40,0.0
2030,sc01,06-29 09:00:00+02:00,Biomass 47,0.0
2030,sc01,06-29 09:00:00+02:00,Solar 50,0.0
2030,sc01,06-29 09:00:00+02:00,Solar 52,0.0
2030,sc01,06-29 09:00:00+02:00,Solar 63,6.306086693699999
2030,sc01,06-29 09:00:00+02:00,CC NG 06,0.0
2030,sc01,06-29 09:00:00+02:00,Biomass 39,0.0
2030,sc01,06-29 09:00:00+02:00,Solar 67,1.7726037915547184
2030,sc01,06-29 09:00:00+02:00,Solar 19,0.008948458776
2030,sc01,06-29 09:00:00+02:00,Wind 12,3.0675392109999997
2030,sc01,06-29 09:00:00+02:00,Solar 24,0.12940950596
2030,sc01,06-29 09:00:00+02:00,ICE NG 02,0.0
2030,sc01,06-29 09:00:00+02:00,Solar 05,0.0
2030,sc01,06-29 09:00:00+02:00,CT NG 54,0.0
2030,sc01,06-29 09:00:00+02:00,Wind N01,29.10229507
2030,sc01,06-29 09:00:00+02:00,CT NG 27,0.0
2030,sc01,06-29 09:00:00+02:00,CC NG 36,0.0
2030,sc01,06-29 09:00:00+02:00,Wind N02,41.18548808845988
2030,sc01,06-29 09:00:00+02:00,CT NG 52,0.0
2030,sc01,06-29 09:00:00+02:00,Solar 35,0.0
2030,sc01,06-29 09:00:00+02:00,CT NG 05,0.0
2030,sc01,06-29 09:00:00+02:00,Biomass 36,0.0
2030,sc01,06-29 09:00:00+02:00,CT NG 34,0.0
2030,sc01,06-29 09:00:00+02:00,CT Oil 03,0.0
2030,sc01,06-29 09:00:00+02:00,Hydro 35,0.0025283759999999997
2030,sc01,06-29 09:00:00+02:00,Solar 14,1.0478566863699998
2030,sc01,06-29 09:00:00+02:00,CT NG 75,0.0
2030,sc01,06-29 09:00:00+02:00,ST NG 09,0.0
2030,sc01,06-29 09:00:00+02:00,CT NG 56,0.0
2030,sc01,06-29 09:00:00+02:00,Biomass 22,0.00612
2030,sc01,06-29 09:00:00+02:00,Solar 18,1.1052405025700003
2030,sc01,06-29 09:00:00+02:00,Biomass 13,0.0059499999999999996
2030,sc01,06-29 09:00:00+02:00,CT NG 71,0.0
2030,sc01,06-29 09:00:00+02:00,Solar 58,0.0
2030,sc01,06-29 09:00:00+02:00,Solar 06,0.0
2030,sc01,06-29 09:00:00+02:00,Biomass 08,0.01479
2030,sc01,06-29 09:00:00+02:00,CT NG 72,0.0
2030,sc01,06-29 09:00:00+02:00,Hydro 18,0.0
2030,sc01,06-29 09:00:00+02:00,Solar 10,0.5944206051500001
2030,sc01,06-29 09:00:00+02:00,CT NG 04,0.0
2030,sc01,06-29 09:00:00+02:00,ST Other 02,0.0
2030,sc01,06-29 09:00:00+02:00,CT NG 12,0.0
2030,sc01,06-29 09:00:00+02:00,CT NG 48,0.0
2030,sc01,06-29 09:00:00+02:00,ST NG 10,0.0
2030,sc01,06-29 09:00:00+02:00,Solar 22,0.5189729995000001
2030,sc01,06-29 09:00:00+02:00,Solar 28,0.46442040069999996
2030,sc01,06-29 09:00:00+02:00,CT NG 73,0.0
2030,sc01,06-29 09:00:00+02:00,Biomass 52,0.0
2030,sc01,06-29 09:00:00+02:00,CT NG 30,0.0
2030,sc01,06-29 09:00:00+02:00,Solar 54,0.0
2030,sc01,06-29 09:00:00+02:00,Solar 31,0.0
2030,sc01,06-29 09:00:00+02:00,Biomass 03,0.0
2030,sc01,06-29 09:00:00+02:00,CT NG 32,0.0
2030,sc01,06-29 09:00:00+02:00,Biomass 27,0.02873
2030,sc01,06-29 09:00:00+02:00,CC NG 14,0.0
2030,sc01,06-29 09:00:00+02:00,CC NG 03,0.0
2030,sc01,06-29 09:00:00+02:00,CC NG 29,0.0
2030,sc01,06-29 09:00:00+02:00,CC NG 28,0.0
2030,sc01,06-29 09:00:00+02:00,CC NG 25,0.0
2030,sc01,06-29 09:00:00+02:00,CT NG 44,0.0
2030,sc01,06-29 09:00:00+02:00,CT NG 14,0.0
2030,sc01,06-29 09:00:00+02:00,CC NG 15,0.0
2030,sc01,06-29 09:00:00+02:00,CC NG 04,0.0
2030,sc01,06-29 09:00:00+02:00,Biomass 29,0.02873
2030,sc01,06-29 09:00:00+02:00,Wind 14,0.0
2030,sc01,06-29 09:00:00+02:00,Wind 08,0.14554591888
2030,sc01,06-29 09:00:00+02:00,Biomass 61,0.0
2030,sc01,06-29 09:00:00+02:00,CT NG 35,0.0
2030,sc01,06-29 09:00:00+02:00,Solar 33,0.0
2030,sc01,06-29 09:00:00+02:00,CT NG 41,0.0
2030,sc01,06-29 09:00:00+02:00,CT NG 15,0.0
2030,sc01,06-29 09:00:00+02:00,Solar 42,0.0
2030,sc01,06-29 09:00:00+02:00,Solar 07,0.0
2030,sc01,06-29 09:00:00+02:00,Solar 43,0.0
2030,sc01,06-29 09:00:00+02:00,Biomass 05,0.0074800000000000005
2030,sc01,06-29 09:00:00+02:00,CT NG 29,0.0
2030,sc01,06-29 09:00:00+02:00,Solar 71,0.0
2030,sc01,06-29 09:00:00+02:00,CT NG 53,0.0
2030,sc01,06-29 09:00:00+02:00,CT NG 20,0.0
2030,sc01,06-29 09:00:00+02:00,Biomass 14,0.013260000000000001
2030,sc01,06-29 09:00:00+02:00,Solar 26,0.160678350832
2030,sc01,06-29 09:00:00+02:00,Hydro 29,0.0
2030,sc01,06-29 09:00:00+02:00,Hydro 31,0.00421396
2030,sc01,06-29 09:00:00+02:00,Biomass 24,0.0066300000000000005
2030,sc01,06-29 09:00:00+02:00,Biomass 54,0.041310000000000006
2030,sc01,06-29 09:00:00+02:00,Solar 36,14.349101600000001
2030,sc01,06-29 09:00:00+02:00,Wind 03,0.09987140035200001
2030,sc01,06-29 09:00:00+02:00,Biomass 40,0.0
2030,sc01,06-29 09:00:00+02:00,Biomass 49,0.0
2030,sc01,06-29 09:00:00+02:00,CC NG 16,0.0
2030,sc01,06-29 09:00:00+02:00,Biomass 48,0.0
2030,sc01,06-29 09:00:00+02:00,Hydro 28,0.0
2030,sc01,06-29 09:00:00+02:00,Biomass 17,0.0035700000000000003
2030,sc01,06-29 09:00:00+02:00,CT NG 33,0.0
2030,sc01,06-29 09:00:00+02:00,Solar 45,0.0
2030,sc01,06-29 09:00:00+02:00,Hydro 24,0.0
2030,sc01,06-29 09:00:00+02:00,Wind 13,1.54368504352
2030,sc01,06-29 09:00:00+02:00,Biomass 07,0.034
2030,sc01,06-29 09:00:00+02:00,Biomass 34,0.0
2030,sc01,06-29 09:00:00+02:00,Biomass 33,0.0
2030,sc01,06-29 09:00:00+02:00,CT NG 01,0.4184142
2030,sc01,06-29 09:00:00+02:00,ICE NG 03,0.0
2030,sc01,06-29 09:00:00+02:00,Solar 55,0.0
2030,sc01,06-29 09:00:00+02:00,Solar 11,0.17749210774000002
2030,sc01,06-29 09:00:00+02:00,CT NG 06,0.0
2030,sc01,06-29 09:00:00+02:00,CT NG 70,0.0
2030,sc01,06-29 09:00:00+02:00,Solar 23,0.026281460352
2030,sc01,06-29 09:00:00+02:00,CT NG 67,0.0
2030,sc01,06-29 09:00:00+02:00,Solar 12,0.13739764289599998
2030,sc01,06-29 09:00:00+02:00,CT Oil 01,0.0
2030,sc01,06-29 09:00:00+02:00,Hydro 26,0.0
2030,sc01,06-29 09:00:00+02:00,CC NG 22,0.0
2030,sc01,06-29 09:00:00+02:00,CC NG 35,0.0
2030,sc01,06-29 09:00:00+02:00,Biomass 50,0.0
2030,sc01,06-29 09:00:00+02:00,ICE NG 04,0.0
2030,sc01,06-29 09:00:00+02:00,CC NG 39,0.0
2030,sc01,06-29 09:00:00+02:00,Hydro 32,0.005056751999999999
2030,sc01,06-29 09:00:00+02:00,ICE NG 07,0.0
2030,sc01,06-29 09:00:00+02:00,Biomass 46,0.0
2030,sc01,06-29 09:00:00+02:00,CC NG 38,0.0
2030,sc01,06-29 09:00:00+02:00,CC NG 12,0.0
2030,sc01,06-29 09:00:00+02:00,Solar 57,0.0
2030,sc01,06-29 09:00:00+02:00,CC NG 32,0.0
2030,sc01,06-29 09:00:00+02:00,CC NG 07,0.0
2030,sc01,06-29 09:00:00+02:00,Biomass 44,0.0
2030,sc01,06-29 09:00:00+02:00,CT NG 40,0.0
2030,sc01,06-29 09:00:00+02:00,Solar 74,1.3930378952
2030,sc01,06-29 09:00:00+02:00,Hydro 30,0.0
2030,sc01,06-29 09:00:00+02:00,CT NG 42,0.0
2030,sc01,06-29 09:00:00+02:00,Hydro 22,0.7240266
2030,sc01,06-29 09:00:00+02:00,Solar 17,0.26949168824999997
2030,sc01,06-29 09:00:00+02:00,Solar 38,0.0
2030,sc01,06-29 09:00:00+02:00,CT NG 24,0.0
2030,sc01,06-29 09:00:00+02:00,CC NG 27,0.0
2030,sc01,06-29 09:00:00+02:00,Biomass 21,0.00612
2030,sc01,06-29 09:00:00+02:00,ICE NG 06,0.0
2030,sc01,06-29 09:00:00+02:00,Biomass 25,0.0066300000000000005
2030,sc01,06-29 09:00:00+02:00,Solar 27,0.09614173948
2030,sc01,06-29 09:00:00+02:00,CT NG 19,0.0
2030,sc01,06-29 09:00:00+02:00,Biomass 42,0.0
2030,sc01,06-29 09:00:00+02:00,Biomass 19,0.00612
2030,sc01,06-29 09:00:00+02:00,Biomass 06,0.0074800000000000005
2030,sc01,06-29 09:00:00+02:00,CT NG 10,0.0
2030,sc01,06-29 09:00:00+02:00,CC NG 40,0.0
2030,sc01,06-29 09:00:00+02:00,CC NG 21,0.0
2030,sc01,06-29 09:00:00+02:00,Biomass 02,0.01751
2030,sc01,06-29 09:00:00+02:00,CT NG 46,0.0
2030,sc01,06-29 09:00:00+02:00,Hydro 34,0.0
2030,sc01,06-29 09:00:00+02:00,Biomass 10,0.01479
2030,sc01,06-29 09:00:00+02:00,CT NG 17,0.0
2030,sc01,06-29 09:00:00+02:00,Biomass 62,0.03247
2030,sc01,06-29 09:00:00+02:00,Biomass 32,0.020229999999999998
2030,sc01,06-29 09:00:00+02:00,CC NG 19,0.0
2030,sc01,06-29 09:00:00+02:00,CC NG 17,0.0
2030,sc01,06-29 09:00:00+02:00,ST NG 01,0.0
2030,sc01,06-29 09:00:00+02:00,Biomass 45,0.0
2030,sc01,06-29 09:00:00+02:00,Biomass 28,0.02873
2030,sc01,06-29 09:00:00+02:00,CC NG 10,0.0
2030,sc01,06-29 09:00:00+02:00,Biomass 23,0.0066300000000000005
2030,sc01,06-29 09:00:00+02:00,ST NG 06,0.0
2030,sc01,06-29 09:00:00+02:00,Wind 10,0.13233187627200002
2030,sc01,06-29 09:00:00+02:00,CT NG 69,0.0
2030,sc01,06-29 09:00:00+02:00,CT NG 68,0.0
2030,sc01,07-02 21:00:00+02:00,CC NG 13,0.0
2030,sc01,07-02 21:00:00+02:00,CT NG 37,0.0
2030,sc01,07-02 21:00:00+02:00,ST Coal 01,0.0
2030,sc01,07-02 21:00:00+02:00,CT NG 09,0.0
2030,sc01,07-02 21:00:00+02:00,CT NG 47,0.0
2030,sc01,07-02 21:00:00+02:00,Solar 69,0.0
2030,sc01,07-02 21:00:00+02:00,Solar 34,0.0
2030,sc01,07-02 21:00:00+02:00,Solar 73,0.0
2030,sc01,07-02 21:00:00+02:00,Biomass 37,0.0
2030,sc01,07-02 21:00:00+02:00,Hydro 20,0.0
2030,sc01,07-02 21:00:00+02:00,Solar 01,0.0
2030,sc01,07-02 21:00:00+02:00,Solar 62,0.0
2030,sc01,07-02 21:00:00+02:00,Solar 02,0.0
2030,sc01,07-02 21:00:00+02:00,CT NG 26,0.0
2030,sc01,07-02 21:00:00+02:00,Biomass 20,0.013300000000000001
2030,sc01,07-02 21:00:00+02:00,Wind 16,0.0
2030,sc01,07-02 21:00:00+02:00,CT NG 66,0.0
2030,sc01,07-02 21:00:00+02:00,Solar 39,0.0
2030,sc01,07-02 21:00:00+02:00,Biomass 41,0.0
2030,sc01,07-02 21:00:00+02:00,Solar 72,0.0
2030,sc01,07-02 21:00:00+02:00,ST NG 03,0.0
2030,sc01,07-02 21:00:00+02:00,Hydro 21,0.0
2030,sc01,07-02 21:00:00+02:00,CT NG 03,0.0
2030,sc01,07-02 21:00:00+02:00,CC NG 09,0.0
2030,sc01,07-02 21:00:00+02:00,CT Oil 02,0.0
2030,sc01,07-02 21:00:00+02:00,CT NG 39,0.0
2030,sc01,07-02 21:00:00+02:00,CC NG 08,0.0
2030,sc01,07-02 21:00:00+02:00,Biomass 43,0.0
2030,sc01,07-02 21:00:00+02:00,CT NG 18,0.13226849999999998
2030,sc01,07-02 21:00:00+02:00,ST NG 07,0.0
2030,sc01,07-02 21:00:00+02:00,Biomass 35,0.0
2030,sc01,07-02 21:00:00+02:00,Solar 32,0.0
2030,sc01,07-02 21:00:00+02:00,Biomass 15,0.007350000000000001
2030,sc01,07-02 21:00:00+02:00,CC NG 31,0.0
2030,sc01,07-02 21:00:00+02:00,Solar 16,0.0
2030,sc01,07-02 21:00:00+02:00,Solar 68,0.0
2030,sc01,07-02 21:00:00+02:00,CT NG 21,0.0
2030,sc01,07-02 21:00:00+02:00,Wind 11,1.7468957443
2030,sc01,07-02 21:00:00+02:00,CC NG 37,0.0
2030,sc01,07-02 21:00:00+02:00,CT NG 22,0.0
2030,sc01,07-02 21:00:00+02:00,Hydro 16,0.0186816
2030,sc01,07-02 21:00:00+02:00,Biomass 59,0.14490000000000003
2030,sc01,07-02 21:00:00+02:00,CC NG 01,0.0
2030,sc01,07-02 21:00:00+02:00,Biomass 16,0.007350000000000001
2030,sc01,07-02 21:00:00+02:00,Solar 03,0.0
2030,sc01,07-02 21:00:00+02:00,Solar 44,0.0
2030,sc01,07-02 21:00:00+02:00,CT NG 08,0.0
2030,sc01,07-02 21:00:00+02:00,Wind 05,0.12069475936
2030,sc01,07-02 21:00:00+02:00,Biomass 26,0.05985
2030,sc01,07-02 21:00:00+02:00,Solar 37,0.0
2030,sc01,07-02 21:00:00+02:00,Biomass 11,0.01295
2030,sc01,07-02 21:00:00+02:00,Solar 59,0.0
2030,sc01,07-02 21:00:00+02:00,CT NG 11,0.0
2030,sc01,07-02 21:00:00+02:00,Biomass 30,0.05985
2030,sc01,07-02 21:00:00+02:00,Hydro 23,0.0
2030,sc01,07-02 21:00:00+02:00,CC NG 24,0.0
2030,sc01,07-02 21:00:00+02:00,Solar 65,0.0
2030,sc01,07-02 21:00:00+02:00,CC NG 18,0.0
2030,sc01,07-02 21:00:00+02:00,CT NG 16,0.0
2030,sc01,07-02 21:00:00+02:00,Solar 51,0.0
2030,sc01,07-02 21:00:00+02:00,Wind 06,1.7621980690999999
2030,sc01,07-02 21:00:00+02:00,CC NG 26,0.0
2030,sc01,07-02 21:00:00+02:00,CC NG 23,0.0
2030,sc01,07-02 21:00:00+02:00,CT NG 43,0.0
2030,sc01,07-02 21:00:00+02:00,CC NG 11,0.0
2030,sc01,07-02 21:00:00+02:00,CT NG 02,0.0
2030,sc01,07-02 21:00:00+02:00,CT NG 50,0.0
2030,sc01,07-02 21:00:00+02:00,Hydro 27,0.0
2030,sc01,07-02 21:00:00+02:00,CT NG 13,0.0
2030,sc01,07-02 21:00:00+02:00,CT NG 25,0.0
2030,sc01,07-02 21:00:00+02:00,CC NG 05,0.0
2030,sc01,07-02 21:00:00+02:00,Solar 04,0.0
2030,sc01,07-02 21:00:00+02:00,Solar 30,0.0
2030,sc01,07-02 21:00:00+02:00,Solar 29,0.0
2030,sc01,07-02 21:00:00+02:00,Solar 53,0.0
2030,sc01,07-02 21:00:00+02:00,Solar 21,0.0
2030,sc01,07-02 21:00:00+02:00,Biomass 58,0.0714
2030,sc01,07-02 21:00:00+02:00,CT NG 74,0.0
2030,sc01,07-02 21:00:00+02:00,Solar 61,0.0
2030,sc01,07-02 21:00:00+02:00,Wind 07,1.5978721349499998
2030,sc01,07-02 21:00:00+02:00,Biomass 31,0.05985
2030,sc01,07-02 21:00:00+02:00,CT Oil 05,0.0
2030,sc01,07-02 21:00:00+02:00,Biomass 38,0.0
2030,sc01,07-02 21:00:00+02:00,Solar 41,0.0
2030,sc01,07-02 21:00:00+02:00,Biomass 51,0.0
2030,sc01,07-02 21:00:00+02:00,Biomass 55,0.0924
2030,sc01,07-02 21:00:00+02:00,Wind 15,0.0
2030,sc01,07-02 21:00:00+02:00,Geo 01,0.0
2030,sc01,07-02 21:00:00+02:00,Biomass 60,0.0945
2030,sc01,07-02 21:00:00+02:00,CT NG 38,0.0
2030,sc01,07-02 21:00:00+02:00,Solar 66,0.0
2030,sc01,07-02 21:00:00+02:00,Solar 49,0.0
2030,sc01,07-02 21:00:00+02:00,CT NG 51,0.0
2030,sc01,07-02 21:00:00+02:00,Biomass 18,0.007350000000000001
2030,sc01,07-02 21:00:00+02:00,ICE NG 01,0.0
2030,sc01,07-02 21:00:00+02:00,Solar 15,0.0
2030,sc01,07-02 21:00:00+02:00,ICE NG 05,0.0
2030,sc01,07-02 21:00:00+02:00,CT Oil 04,0.0
2030,sc01,07-02 21:00:00+02:00,CC NG 20,0.0
2030,sc01,07-02 21:00:00+02:00,Solar 20,0.0
2030,sc01,07-02 21:00:00+02:00,Biomass 04,0.0
2030,sc01,07-02 21:00:00+02:00,Wind 02,3.4911771076000004
2030,sc01,07-02 21:00:00+02:00,Hydro 25,0.0
2030,sc01,07-02 21:00:00+02:00,Solar 75,0.0
2030,sc01,07-02 21:00:00+02:00,Hydro 33,0.0
2030,sc01,07-02 21:00:00+02:00,ST NG 05,0.0
2030,sc01,07-02 21:00:00+02:00,CT NG 07,0.0
2030,sc01,07-02 21:00:00+02:00,Wind 01,1.00466637495
2030,sc01,07-02 21:00:00+02:00,Solar 56,0.0
2030,sc01,07-02 21:00:00+02:00,Biomass 09,0.0301
2030,sc01,07-02 21:00:00+02:00,Biomass 53,0.0924
2030,sc01,07-02 21:00:00+02:00,Wind 17,24.84675450106606
2030,sc01,07-02 21:00:00+02:00,ST NG 08,0.0
2030,sc01,07-02 21:00:00+02:00,Hydro 19,0.0
2030,sc01,07-02 21:00:00+02:00,ST NG 02,0.0
2030,sc01,07-02 21:00:00+02:00,Biomass 01,0.03885
2030,sc01,07-02 21:00:00+02:00,Biomass 57,0.0714
2030,sc01,07-02 21:00:00+02:00,CT NG 49,0.0
2030,sc01,07-02 21:00:00+02:00,CT NG 31,0.0
2030,sc01,07-02 21:00:00+02:00,Solar 64,0.0
2030,sc01,07-02 21:00:00+02:00,CC NG 33,0.0
2030,sc01,07-02 21:00:00+02:00,Solar 46,0.0
2030,sc01,07-02 21:00:00+02:00,Biomass 12,0.01295
2030,sc01,07-02 21:00:00+02:00,Wind 04,0.07439871292000001
2030,sc01,07-02 21:00:00+02:00,Solar 13,0.0
2030,sc01,07-02 21:00:00+02:00,CT NG 55,0.0
2030,sc01,07-02 21:00:00+02:00,Wind N03,168.77466703722087
2030,sc01,07-02 21:00:00+02:00,CT NG 28,0.0
2030,sc01,07-02 21:00:00+02:00,Wind 09,1.9687155355000001
2030,sc01,07-02 21:00:00+02:00,Solar 60,0.0
2030,sc01,07-02 21:00:00+02:00,Solar 25,0.0
2030,sc01,07-02 21:00:00+02:00,CT NG 23,0.0
2030,sc01,07-02 21:00:00+02:00,ST Other 01,0.0
2030,sc01,07-02 21:00:00+02:00,Solar 70,0.0
2030,sc01,07-02 21:00:00+02:00,CC NG 34,0.0
2030,sc01,07-02 21:00:00+02:00,Solar 48,0.0
2030,sc01,07-02 21:00:00+02:00,Biomass 56,0.09170000000000002
2030,sc01,07-02 21:00:00+02:00,CT NG 36,0.0
2030,sc01,07-02 21:00:00+02:00,Solar 47,0.0
2030,sc01,07-02 21:00:00+02:00,Hydro 17,0.0315252
2030,sc01,07-02 21:00:00+02:00,Solar 09,0.0
2030,sc01,07-02 21:00:00+02:00,Solar 08,0.0
2030,sc01,07-02 21:00:00+02:00,CT NG 45,0.0
2030,sc01,07-02 21:00:00+02:00,ST NG 04,0.0
2030,sc01,07-02 21:00:00+02:00,Solar 40,0.0
2030,sc01,07-02 21:00:00+02:00,Biomass 47,0.0
2030,sc01,07-02 21:00:00+02:00,Solar 50,0.0
2030,sc01,07-02 21:00:00+02:00,Solar 52,0.0
2030,sc01,07-02 21:00:00+02:00,Solar 63,0.0
2030,sc01,07-02 21:00:00+02:00,CC NG 06,0.0
2030,sc01,07-02 21:00:00+02:00,Biomass 39,0.0
2030,sc01,07-02 21:00:00+02:00,Solar 67,0.0
2030,sc01,07-02 21:00:00+02:00,Solar 19,0.0
2030,sc01,07-02 21:00:00+02:00,Wind 12,6.874511041999999
2030,sc01,07-02 21:00:00+02:00,Solar 24,0.0
2030,sc01,07-02 21:00:00+02:00,ICE NG 02,0.0
2030,sc01,07-02 21:00:00+02:00,Solar 05,0.0
2030,sc01,07-02 21:00:00+02:00,CT NG 54,0.0
2030,sc01,07-02 21:00:00+02:00,Wind N01,65.21972012500001
2030,sc01,07-02 21:00:00+02:00,CT NG 27,0.0
2030,sc01,07-02 21:00:00+02:00,CC NG 36,0.0
2030,sc01,07-02 21:00:00+02:00,Wind N02,78.0771989615566
2030,sc01,07-02 21:00:00+02:00,CT NG 52,0.0
2030,sc01,07-02 21:00:00+02:00,Solar 35,0.0
2030,sc01,07-02 21:00:00+02:00,CT NG 05,0.0
2030,sc01,07-02 21:00:00+02:00,Biomass 36,0.0
2030,sc01,07-02 21:00:00+02:00,CT NG 34,0.0
2030,sc01,07-02 21:00:00+02:00,CT Oil 03,0.0
2030,sc01,07-02 21:00:00+02:00,Hydro 35,0.00560448
2030,sc01,07-02 21:00:00+02:00,Solar 14,0.0
2030,sc01,07-02 21:00:00+02:00,CT NG 75,0.0
2030,sc01,07-02 21:00:00+02:00,ST NG 09,0.0
2030,sc01,07-02 21:00:00+02:00,CT NG 56,0.0
2030,sc01,07-02 21:00:00+02:00,Biomass 22,0.013300000000000001
2030,sc01,07-02 21:00:00+02:00,Solar 18,0.0
2030,sc01,07-02 21:00:00+02:00,Biomass 13,0.01295
2030,sc01,07-02 21:00:00+02:00,CT NG 71,0.0
2030,sc01,07-02 21:00:00+02:00,Solar 58,0.0
2030,sc01,07-02 21:00:00+02:00,Solar 06,0.0
2030,sc01,07-02 21:00:00+02:00,Biomass 08,0.0301
2030,sc01,07-02 21:00:00+02:00,CT NG 72,0.0
2030,sc01,07-02 21:00:00+02:00,Hydro 18,0.1085868
2030,sc01,07-02 21:00:00+02:00,Solar 10,0.0
2030,sc01,07-02 21:00:00+02:00,CT NG 04,0.0
2030,sc01,07-02 21:00:00+02:00,ST Other 02,0.0
2030,sc01,07-02 21:00:00+02:00,CT NG 12,0.0
2030,sc01,07-02 21:00:00+02:00,CT NG 48,0.0
2030,sc01,07-02 21:00:00+02:00,ST NG 10,0.0
2030,sc01,07-02 21:00:00+02:00,Solar 22,0.0
2030,sc01,07-02 21:00:00+02:00,Solar 28,0.0
2030,sc01,07-02 21:00:00+02:00,CT NG 73,0.0
2030,sc01,07-02 21:00:00+02:00,Biomass 52,0.0
2030,sc01,07-02 21:00:00+02:00,CT NG 30,0.0
2030,sc01,07-02 21:00:00+02:00,Solar 54,0.0
2030,sc01,07-02 21:00:00+02:00,Solar 31,0.0
2030,sc01,07-02 21:00:00+02:00,Biomass 03,0.0
2030,sc01,07-02 21:00:00+02:00,CT NG 32,0.0
2030,sc01,07-02 21:00:00+02:00,Biomass 27,0.05985
2030,sc01,07-02 21:00:00+02:00,CC NG 14,0.0
2030,sc01,07-02 21:00:00+02:00,CC NG 03,0.0
2030,sc01,07-02 21:00:00+02:00,CC NG 29,0.0
2030,sc01,07-02 21:00:00+02:00,CC NG 28,0.0
2030,sc01,07-02 21:00:00+02:00,CC NG 25,0.0
2030,sc01,07-02 21:00:00+02:00,CT NG 44,0.0
2030,sc01,07-02 21:00:00+02:00,CT NG 14,0.0
2030,sc01,07-02 21:00:00+02:00,CC NG 15,0.0
2030,sc01,07-02 21:00:00+02:00,CC NG 04,0.0
2030,sc01,07-02 21:00:00+02:00,Biomass 29,0.05985
2030,sc01,07-02 21:00:00+02:00,Wind 14,26.293855365777585
2030,sc01,07-02 21:00:00+02:00,Wind 08,1.9410606257
2030,sc01,07-02 21:00:00+02:00,Biomass 61,0.0
2030,sc01,07-02 21:00:00+02:00,CT NG 35,0.0
2030,sc01,07-02 21:00:00+02:00,Solar 33,0.0
2030,sc01,07-02 21:00:00+02:00,CT NG 41,0.0
2030,sc01,07-02 21:00:00+02:00,CT NG 15,0.0
2030,sc01,07-02 21:00:00+02:00,Solar 42,0.0
2030,sc01,07-02 21:00:00+02:00,Solar 07,0.0
2030,sc01,07-02 21:00:00+02:00,Solar 43,0.0
2030,sc01,07-02 21:00:00+02:00,Biomass 05,0.0168
2030,sc01,07-02 21:00:00+02:00,CT NG 29,0.0
2030,sc01,07-02 21:00:00+02:00,Solar 71,0.0
2030,sc01,07-02 21:00:00+02:00,CT NG 53,0.0
2030,sc01,07-02 21:00:00+02:00,CT NG 20,0.0
2030,sc01,07-02 21:00:00+02:00,Biomass 14,0.0287
2030,sc01,07-02 21:00:00+02:00,Solar 26,0.0
2030,sc01,07-02 21:00:00+02:00,Hydro 29,0.0
2030,sc01,07-02 21:00:00+02:00,Hydro 31,0.0093408
2030,sc01,07-02 21:00:00+02:00,Biomass 24,0.0161
2030,sc01,07-02 21:00:00+02:00,Biomass 54,0.0924
2030,sc01,07-02 21:00:00+02:00,Solar 36,0.0
2030,sc01,07-02 21:00:00+02:00,Wind 03,0.20938965907999998
2030,sc01,07-02 21:00:00+02:00,Biomass 40,0.0
2030,sc01,07-02 21:00:00+02:00,Biomass 49,0.0
2030,sc01,07-02 21:00:00+02:00,CC NG 16,23.77338953360813
2030,sc01,07-02 21:00:00+02:00,Biomass 48,0.0
2030,sc01,07-02 21:00:00+02:00,Hydro 28,0.0
2030,sc01,07-02 21:00:00+02:00,Biomass 17,0.007350000000000001
2030,sc01,07-02 21:00:00+02:00,CT NG 33,0.0
2030,sc01,07-02 21:00:00+02:00,Solar 45,0.0
2030,sc01,07-02 21:00:00+02:00,Hydro 24,0.0
2030,sc01,07-02 21:00:00+02:00,Wind 13,3.8381744625
2030,sc01,07-02 21:00:00+02:00,Biomass 07,0.07
2030,sc01,07-02 21:00:00+02:00,Biomass 34,0.0
2030,sc01,07-02 21:00:00+02:00,Biomass 33,0.0
2030,sc01,07-02 21:00:00+02:00,CT NG 01,0.0
2030,sc01,07-02 21:00:00+02:00,ICE NG 03,0.0
2030,sc01,07-02 21:00:00+02:00,Solar 55,0.0
2030,sc01,07-02 21:00:00+02:00,Solar 11,0.0
2030,sc01,07-02 21:00:00+02:00,CT NG 06,0.0
2030,sc01,07-02 21:00:00+02:00,CT NG 70,0.0
2030,sc01,07-02 21:00:00+02:00,Solar 23,0.0
2030,sc01,07-02 21:00:00+02:00,CT NG 67,0.0
2030,sc01,07-02 21:00:00+02:00,Solar 12,0.0
2030,sc01,07-02 21:00:00+02:00,CT Oil 01,0.0
2030,sc01,07-02 21:00:00+02:00,Hydro 26,0.0
2030,sc01,07-02 21:00:00+02:00,CC NG 22,0.0
2030,sc01,07-02 21:00:00+02:00,CC NG 35,0.0
2030,sc01,07-02 21:00:00+02:00,Biomass 50,0.0
2030,sc01,07-02 21:00:00+02:00,ICE NG 04,0.0
2030,sc01,07-02 21:00:00+02:00,CC NG 39,0.0
2030,sc01,07-02 21:00:00+02:00,Hydro 32,0.01120896
2030,sc01,07-02 21:00:00+02:00,ICE NG 07,0.0
2030,sc01,07-02 21:00:00+02:00,Biomass 46,0.0
2030,sc01,07-02 21:00:00+02:00,CC NG 38,0.0
2030,sc01,07-02 21:00:00+02:00,CC NG 12,0.0
2030,sc01,07-02 21:00:00+02:00,Solar 57,0.0
2030,sc01,07-02 21:00:00+02:00,CC NG 32,0.0
2030,sc01,07-02 21:00:00+02:00,CC NG 07,0.0
2030,sc01,07-02 21:00:00+02:00,Biomass 44,0.0
2030,sc01,07-02 21:00:00+02:00,CT NG 40,0.0
2030,sc01,07-02 21:00:00+02:00,Solar 74,0.0
2030,sc01,07-02 21:00:00+02:00,Hydro 30,0.0
2030,sc01,07-02 21:00:00+02:00,CT NG 42,0.0
2030,sc01,07-02 21:00:00+02:00,Hydro 22,0.0
2030,sc01,07-02 21:00:00+02:00,Solar 17,0.0
2030,sc01,07-02 21:00:00+02:00,Solar 38,0.0
2030,sc01,07-02 21:00:00+02:00,CT NG 24,0.0
2030,sc01,07-02 21:00:00+02:00,CC NG 27,0.0
2030,sc01,07-02 21:00:00+02:00,Biomass 21,0.013300000000000001
2030,sc01,07-02 21:00:00+02:00,ICE NG 06,0.0
2030,sc01,07-02 21:00:00+02:00,Biomass 25,0.0161
2030,sc01,07-02 21:00:00+02:00,Solar 27,0.0
2030,sc01,07-02 21:00:00+02:00,CT NG 19,0.0
2030,sc01,07-02 21:00:00+02:00,Biomass 42,0.0
2030,sc01,07-02 21:00:00+02:00,Biomass 19,0.013300000000000001
2030,sc01,07-02 21:00:00+02:00,Biomass 06,0.0168
2030,sc01,07-02 21:00:00+02:00,CT NG 10,0.0
2030,sc01,07-02 21:00:00+02:00,CC NG 40,0.0
2030,sc01,07-02 21:00:00+02:00,CC NG 21,0.0
2030,sc01,07-02 21:00:00+02:00,Biomass 02,0.03885
2030,sc01,07-02 21:00:00+02:00,CT NG 46,0.0
2030,sc01,07-02 21:00:00+02:00,Hydro 34,0.0
2030,sc01,07-02 21:00:00+02:00,Biomass 10,0.0301
2030,sc01,07-02 21:00:00+02:00,CT NG 17,0.0
2030,sc01,07-02 21:00:00+02:00,Biomass 62,0.0686
2030,sc01,07-02 21:00:00+02:00,Biomass 32,0.0441
2030,sc01,07-02 21:00:00+02:00,CC NG 19,4.7383
2030,sc01,07-02 21:00:00+02:00,CC NG 17,0.0
2030,sc01,07-02 21:00:00+02:00,ST NG 01,0.0
2030,sc01,07-02 21:00:00+02:00,Biomass 45,0.0
2030,sc01,07-02 21:00:00+02:00,Biomass 28,0.05985
2030,sc01,07-02 21:00:00+02:00,CC NG 10,0.0
2030,sc01,07-02 21:00:00+02:00,Biomass 23,0.0161
2030,sc01,07-02 21:00:00+02:00,ST NG 06,0.0
2030,sc01,07-02 21:00:00+02:00,Wind 10,1.9202656808999998
2030,sc01,07-02 21:00:00+02:00,CT NG 69,0.0
2030,sc01,07-02 21:00:00+02:00,CT NG 68,0.0
2030,sc01,07-04 06:00:00+02:00,CC NG 13,0.0
2030,sc01,07-04 06:00:00+02:00,CT NG 37,0.0
2030,sc01,07-04 06:00:00+02:00,ST Coal 01,0.0
2030,sc01,07-04 06:00:00+02:00,CT NG 09,0.0
2030,sc01,07-04 06:00:00+02:00,CT NG 47,0.0
2030,sc01,07-04 06:00:00+02:00,Solar 69,13.552403688800865
2030,sc01,07-04 06:00:00+02:00,Solar 34,5.9568843528
2030,sc01,07-04 06:00:00+02:00,Solar 73,0.0
2030,sc01,07-04 06:00:00+02:00,Biomass 37,0.0
2030,sc01,07-04 06:00:00+02:00,Hydro 20,0.5810281199999999
2030,sc01,07-04 06:00:00+02:00,Solar 01,2.6072853069600006
2030,sc01,07-04 06:00:00+02:00,Solar 62,0.0
2030,sc01,07-04 06:00:00+02:00,Solar 02,1.80031581
2030,sc01,07-04 06:00:00+02:00,CT NG 26,0.0
2030,sc01,07-04 06:00:00+02:00,Biomass 20,0.0126
2030,sc01,07-04 06:00:00+02:00,Wind 16,3.4167043497600003
2030,sc01,07-04 06:00:00+02:00,CT NG 66,0.0
2030,sc01,07-04 06:00:00+02:00,Solar 39,0.0
2030,sc01,07-04 06:00:00+02:00,Biomass 41,0.0
2030,sc01,07-04 06:00:00+02:00,Solar 72,0.0
2030,sc01,07-04 06:00:00+02:00,ST NG 03,0.0
2030,sc01,07-04 06:00:00+02:00,Hydro 21,0.0
2030,sc01,07-04 06:00:00+02:00,CT NG 03,0.0
2030,sc01,07-04 06:00:00+02:00,CC NG 09,0.0
2030,sc01,07-04 06:00:00+02:00,CT Oil 02,0.0
2030,sc01,07-04 06:00:00+02:00,CT NG 39,0.0
2030,sc01,07-04 06:00:00+02:00,CC NG 08,0.0
2030,sc01,07-04 06:00:00+02:00,Biomass 43,0.0
2030,sc01,07-04 06:00:00+02:00,CT NG 18,0.13604759999999996
2030,sc01,07-04 06:00:00+02:00,ST NG 07,0.0
2030,sc01,07-04 06:00:00+02:00,Biomass 35,0.0
2030,sc01,07-04 06:00:00+02:00,Solar 32,8.9772981912
2030,sc01,07-04 06:00:00+02:00,Biomass 15,0.00792
2030,sc01,07-04 06:00:00+02:00,CC NG 31,0.0
2030,sc01,07-04 06:00:00+02:00,Solar 16,0.163432574784
2030,sc01,07-04 06:00:00+02:00,Solar 68,0.0
2030,sc01,07-04 06:00:00+02:00,CT NG 21,0.0
2030,sc01,07-04 06:00:00+02:00,Wind 11,0.7248451356
2030,sc01,07-04 06:00:00+02:00,CC NG 37,0.0
2030,sc01,07-04 06:00:00+02:00,CT NG 22,0.0
2030,sc01,07-04 06:00:00+02:00,Hydro 16,0.01895616
2030,sc01,07-04 06:00:00+02:00,Biomass 59,0.14904
2030,sc01,07-04 06:00:00+02:00,CC NG 01,0.0
2030,sc01,07-04 06:00:00+02:00,Biomass 16,0.00792
2030,sc01,07-04 06:00:00+02:00,Solar 03,0.0
2030,sc01,07-04 06:00:00+02:00,Solar 44,0.0
2030,sc01,07-04 06:00:00+02:00,CT NG 08,0.0
2030,sc01,07-04 06:00:00+02:00,Wind 05,0.11088891820800001
2030,sc01,07-04 06:00:00+02:00,Biomass 26,0.06084
2030,sc01,07-04 06:00:00+02:00,Solar 37,0.0
2030,sc01,07-04 06:00:00+02:00,Biomass 11,0.01188
2030,sc01,07-04 06:00:00+02:00,Solar 59,0.0
2030,sc01,07-04 06:00:00+02:00,CT NG 11,0.0
2030,sc01,07-04 06:00:00+02:00,Biomass 30,0.06084
2030,sc01,07-04 06:00:00+02:00,Hydro 23,0.0
2030,sc01,07-04 06:00:00+02:00,CC NG 24,0.0
2030,sc01,07-04 06:00:00+02:00,Solar 65,6.912881172
2030,sc01,07-04 06:00:00+02:00,CC NG 18,0.0
2030,sc01,07-04 06:00:00+02:00,CT NG 16,0.0
2030,sc01,07-04 06:00:00+02:00,Solar 51,0.0
2030,sc01,07-04 06:00:00+02:00,Wind 06,0.65475181728
2030,sc01,07-04 06:00:00+02:00,CC NG 26,0.0
2030,sc01,07-04 06:00:00+02:00,CC NG 23,0.0
2030,sc01,07-04 06:00:00+02:00,CT NG 43,0.0
2030,sc01,07-04 06:00:00+02:00,CC NG 11,0.0
2030,sc01,07-04 06:00:00+02:00,CT NG 02,0.0
2030,sc01,07-04 06:00:00+02:00,CT NG 50,0.0
2030,sc01,07-04 06:00:00+02:00,Hydro 27,0.0
2030,sc01,07-04 06:00:00+02:00,CT NG 13,0.0
2030,sc01,07-04 06:00:00+02:00,CT NG 25,0.0
2030,sc01,07-04 06:00:00+02:00,CC NG 05,0.0
2030,sc01,07-04 06:00:00+02:00,Solar 04,0.133065012672
2030,sc01,07-04 06:00:00+02:00,Solar 30,0.157599909792
2030,sc01,07-04 06:00:00+02:00,Solar 29,0.167503576608
2030,sc01,07-04 06:00:00+02:00,Solar 53,0.0
2030,sc01,07-04 06:00:00+02:00,Solar 21,0.5048991568800001
2030,sc01,07-04 06:00:00+02:00,Biomass 58,0.06588
2030,sc01,07-04 06:00:00+02:00,CT NG 74,0.0
2030,sc01,07-04 06:00:00+02:00,Solar 61,0.0
2030,sc01,07-04 06:00:00+02:00,Wind 07,0.64925623584
2030,sc01,07-04 06:00:00+02:00,Biomass 31,0.06084
2030,sc01,07-04 06:00:00+02:00,CT Oil 05,0.0
2030,sc01,07-04 06:00:00+02:00,Biomass 38,0.0
2030,sc01,07-04 06:00:00+02:00,Solar 41,0.0
2030,sc01,07-04 06:00:00+02:00,Biomass 51,0.0
2030,sc01,07-04 06:00:00+02:00,Biomass 55,0.08567999999999999
2030,sc01,07-04 06:00:00+02:00,Wind 15,1.7273511424799999
2030,sc01,07-04 06:00:00+02:00,Geo 01,0.0
2030,sc01,07-04 06:00:00+02:00,Biomass 60,0.09720000000000001
2030,sc01,07-04 06:00:00+02:00,CT NG 38,0.0
2030,sc01,07-04 06:00:00+02:00,Solar 66,3.53555260128
2030,sc01,07-04 06:00:00+02:00,Solar 49,0.0
2030,sc01,07-04 06:00:00+02:00,CT NG 51,0.0
2030,sc01,07-04 06:00:00+02:00,Biomass 18,0.00792
2030,sc01,07-04 06:00:00+02:00,ICE NG 01,0.0
2030,sc01,07-04 06:00:00+02:00,Solar 15,0.288747252
2030,sc01,07-04 06:00:00+02:00,ICE NG 05,0.0
2030,sc01,07-04 06:00:00+02:00,CT Oil 04,0.0
2030,sc01,07-04 06:00:00+02:00,CC NG 20,0.0
2030,sc01,07-04 06:00:00+02:00,Solar 20,0.1861529472
2030,sc01,07-04 06:00:00+02:00,Biomass 04,0.0
2030,sc01,07-04 06:00:00+02:00,Wind 02,1.6106092408800001
2030,sc01,07-04 06:00:00+02:00,Hydro 25,0.0
2030,sc01,07-04 06:00:00+02:00,Solar 75,0.0
2030,sc01,07-04 06:00:00+02:00,Hydro 33,0.0
2030,sc01,07-04 06:00:00+02:00,ST NG 05,0.0
2030,sc01,07-04 06:00:00+02:00,CT NG 07,0.0
2030,sc01,07-04 06:00:00+02:00,Wind 01,0.39132542916
2030,sc01,07-04 06:00:00+02:00,Solar 56,0.0
2030,sc01,07-04 06:00:00+02:00,Biomass 09,0.02664
2030,sc01,07-04 06:00:00+02:00,Biomass 53,0.08567999999999999
2030,sc01,07-04 06:00:00+02:00,Wind 17,13.2526103112
2030,sc01,07-04 06:00:00+02:00,ST NG 08,0.0
2030,sc01,07-04 06:00:00+02:00,Hydro 19,0.0
2030,sc01,07-04 06:00:00+02:00,ST NG 02,0.0
2030,sc01,07-04 06:00:00+02:00,Biomass 01,0.036000000000000004
2030,sc01,07-04 06:00:00+02:00,Biomass 57,0.06588
2030,sc01,07-04 06:00:00+02:00,CT NG 49,0.0
2030,sc01,07-04 06:00:00+02:00,CT NG 31,0.0
2030,sc01,07-04 06:00:00+02:00,Solar 64,3.62925531
2030,sc01,07-04 06:00:00+02:00,CC NG 33,0.0
2030,sc01,07-04 06:00:00+02:00,Solar 46,0.0
2030,sc01,07-04 06:00:00+02:00,Biomass 12,0.01188
2030,sc01,07-04 06:00:00+02:00,Wind 04,0.14704348348800003
2030,sc01,07-04 06:00:00+02:00,Solar 13,0.007248603744
2030,sc01,07-04 06:00:00+02:00,CT NG 55,0.0
2030,sc01,07-04 06:00:00+02:00,Wind N03,153.49483320683936
2030,sc01,07-04 06:00:00+02:00,CT NG 28,0.0
2030,sc01,07-04 06:00:00+02:00,Wind 09,1.56013696836
2030,sc01,07-04 06:00:00+02:00,Solar 60,0.0
2030,sc01,07-04 06:00:00+02:00,Solar 25,0.053155283616000006
2030,sc01,07-04 06:00:00+02:00,CT NG 23,0.0
2030,sc01,07-04 06:00:00+02:00,ST Other 01,0.0
2030,sc01,07-04 06:00:00+02:00,Solar 70,3.1204341590399998
2030,sc01,07-04 06:00:00+02:00,CC NG 34,0.0
2030,sc01,07-04 06:00:00+02:00,Solar 48,0.0
2030,sc01,07-04 06:00:00+02:00,Biomass 56,0.07488
2030,sc01,07-04 06:00:00+02:00,CT NG 36,0.0
2030,sc01,07-04 06:00:00+02:00,Solar 47,0.0
2030,sc01,07-04 06:00:00+02:00,Hydro 17,0.0
2030,sc01,07-04 06:00:00+02:00,Solar 09,0.35230093488
2030,sc01,07-04 06:00:00+02:00,Solar 08,0.068821379136
2030,sc01,07-04 06:00:00+02:00,CT NG 45,0.0
2030,sc01,07-04 06:00:00+02:00,ST NG 04,0.0
2030,sc01,07-04 06:00:00+02:00,Solar 40,0.0
2030,sc01,07-04 06:00:00+02:00,Biomass 47,0.0
2030,sc01,07-04 06:00:00+02:00,Solar 50,0.0
2030,sc01,07-04 06:00:00+02:00,Solar 52,0.0
2030,sc01,07-04 06:00:00+02:00,Solar 63,7.750387818
2030,sc01,07-04 06:00:00+02:00,CC NG 06,0.0
2030,sc01,07-04 06:00:00+02:00,Biomass 39,0.0
2030,sc01,07-04 06:00:00+02:00,Solar 67,5.166493074
2030,sc01,07-04 06:00:00+02:00,Solar 19,0.0
2030,sc01,07-04 06:00:00+02:00,Wind 12,2.23369803144
2030,sc01,07-04 06:00:00+02:00,Solar 24,0.039645964224
2030,sc01,07-04 06:00:00+02:00,ICE NG 02,0.0
2030,sc01,07-04 06:00:00+02:00,Solar 05,0.0
2030,sc01,07-04 06:00:00+02:00,CT NG 54,0.0
2030,sc01,07-04 06:00:00+02:00,Wind N01,21.191494143600003
2030,sc01,07-04 06:00:00+02:00,CT NG 27,0.0
2030,sc01,07-04 06:00:00+02:00,CC NG 36,0.0
2030,sc01,07-04 06:00:00+02:00,Wind N02,54.823603464
2030,sc01,07-04 06:00:00+02:00,CT NG 52,0.0
2030,sc01,07-04 06:00:00+02:00,Solar 35,2.1502071072
2030,sc01,07-04 06:00:00+02:00,CT NG 05,0.0
2030,sc01,07-04 06:00:00+02:00,Biomass 36,0.0
2030,sc01,07-04 06:00:00+02:00,CT NG 34,0.0
2030,sc01,07-04 06:00:00+02:00,CT Oil 03,0.0
2030,sc01,07-04 06:00:00+02:00,Hydro 35,0.005686848
2030,sc01,07-04 06:00:00+02:00,Solar 14,0.321021925056
2030,sc01,07-04 06:00:00+02:00,CT NG 75,0.0
2030,sc01,07-04 06:00:00+02:00,ST NG 09,0.0
2030,sc01,07-04 06:00:00+02:00,CT NG 56,0.0
2030,sc01,07-04 06:00:00+02:00,Biomass 22,0.0126
2030,sc01,07-04 06:00:00+02:00,Solar 18,0.33860206108800006
2030,sc01,07-04 06:00:00+02:00,Biomass 13,0.01188
2030,sc01,07-04 06:00:00+02:00,CT NG 71,0.0
2030,sc01,07-04 06:00:00+02:00,Solar 58,0.0
2030,sc01,07-04 06:00:00+02:00,Solar 06,0.15678301824000002
2030,sc01,07-04 06:00:00+02:00,Biomass 08,0.02664
2030,sc01,07-04 06:00:00+02:00,CT NG 72,0.0
2030,sc01,07-04 06:00:00+02:00,Hydro 18,0.0
2030,sc01,07-04 06:00:00+02:00,Solar 10,0.179309406816
2030,sc01,07-04 06:00:00+02:00,CT NG 04,0.0
2030,sc01,07-04 06:00:00+02:00,ST Other 02,0.0
2030,sc01,07-04 06:00:00+02:00,CT NG 12,0.0
2030,sc01,07-04 06:00:00+02:00,CT NG 48,0.0
2030,sc01,07-04 06:00:00+02:00,ST NG 10,0.0
2030,sc01,07-04 06:00:00+02:00,Solar 22,0.174221810208
2030,sc01,07-04 06:00:00+02:00,Solar 28,0.155908232352
2030,sc01,07-04 06:00:00+02:00,CT NG 73,0.0
2030,sc01,07-04 06:00:00+02:00,Biomass 52,0.0
2030,sc01,07-04 06:00:00+02:00,CT NG 30,0.0
2030,sc01,07-04 06:00:00+02:00,Solar 54,0.0
2030,sc01,07-04 06:00:00+02:00,Solar 31,5.8000386852
2030,sc01,07-04 06:00:00+02:00,Biomass 03,0.0
2030,sc01,07-04 06:00:00+02:00,CT NG 32,0.0
2030,sc01,07-04 06:00:00+02:00,Biomass 27,0.06084
2030,sc01,07-04 06:00:00+02:00,CC NG 14,0.0
2030,sc01,07-04 06:00:00+02:00,CC NG 03,0.0
2030,sc01,07-04 06:00:00+02:00,CC NG 29,0.0
2030,sc01,07-04 06:00:00+02:00,CC NG 28,0.0
2030,sc01,07-04 06:00:00+02:00,CC NG 25,0.0
2030,sc01,07-04 06:00:00+02:00,CT NG 44,0.0
2030,sc01,07-04 06:00:00+02:00,CT NG 14,0.0
2030,sc01,07-04 06:00:00+02:00,CC NG 15,0.0
2030,sc01,07-04 06:00:00+02:00,CC NG 04,0.0
2030,sc01,07-04 06:00:00+02:00,Biomass 29,0.06084
2030,sc01,07-04 06:00:00+02:00,Wind 14,0.0
2030,sc01,07-04 06:00:00+02:00,Wind 08,1.7192084022
2030,sc01,07-04 06:00:00+02:00,Biomass 61,0.0
2030,sc01,07-04 06:00:00+02:00,CT NG 35,0.0
2030,sc01,07-04 06:00:00+02:00,Solar 33,6.2127293076
2030,sc01,07-04 06:00:00+02:00,CT NG 41,0.0
2030,sc01,07-04 06:00:00+02:00,CT NG 15,0.0
2030,sc01,07-04 06:00:00+02:00,Solar 42,0.0
2030,sc01,07-04 06:00:00+02:00,Solar 07,0.0
2030,sc01,07-04 06:00:00+02:00,Solar 43,0.0
2030,sc01,07-04 06:00:00+02:00,Biomass 05,0.01584
2030,sc01,07-04 06:00:00+02:00,CT NG 29,0.0
2030,sc01,07-04 06:00:00+02:00,Solar 71,0.0
2030,sc01,07-04 06:00:00+02:00,CT NG 53,0.0
2030,sc01,07-04 06:00:00+02:00,CT NG 20,0.0
2030,sc01,07-04 06:00:00+02:00,Biomass 14,0.026279999999999998
2030,sc01,07-04 06:00:00+02:00,Solar 26,0.049225504031999996
2030,sc01,07-04 06:00:00+02:00,Hydro 29,0.0
2030,sc01,07-04 06:00:00+02:00,Hydro 31,0.00947808
2030,sc01,07-04 06:00:00+02:00,Biomass 24,0.01584
2030,sc01,07-04 06:00:00+02:00,Biomass 54,0.08567999999999999
2030,sc01,07-04 06:00:00+02:00,Solar 36,8.2082748096
2030,sc01,07-04 06:00:00+02:00,Wind 03,0.36628824996
2030,sc01,07-04 06:00:00+02:00,Biomass 40,0.0
2030,sc01,07-04 06:00:00+02:00,Biomass 49,0.0
2030,sc01,07-04 06:00:00+02:00,CC NG 16,17.21050358148435
2030,sc01,07-04 06:00:00+02:00,Biomass 48,0.0
2030,sc01,07-04 06:00:00+02:00,Hydro 28,0.0
2030,sc01,07-04 06:00:00+02:00,Biomass 17,0.00792
2030,sc01,07-04 06:00:00+02:00,CT NG 33,0.0
2030,sc01,07-04 06:00:00+02:00,Solar 45,0.0
2030,sc01,07-04 06:00:00+02:00,Hydro 24,0.0
2030,sc01,07-04 06:00:00+02:00,Wind 13,1.60871499792
2030,sc01,07-04 06:00:00+02:00,Biomass 07,0.07200000000000001
2030,sc01,07-04 06:00:00+02:00,Biomass 34,0.0
2030,sc01,07-04 06:00:00+02:00,Biomass 33,0.0
2030,sc01,07-04 06:00:00+02:00,CT NG 01,0.0
2030,sc01,07-04 06:00:00+02:00,ICE NG 03,0.0
2030,sc01,07-04 06:00:00+02:00,Solar 55,0.0
2030,sc01,07-04 06:00:00+02:00,Solar 11,0.054376575552
2030,sc01,07-04 06:00:00+02:00,CT NG 06,0.0
2030,sc01,07-04 06:00:00+02:00,CT NG 70,0.0
2030,sc01,07-04 06:00:00+02:00,Solar 23,0.008051601888
2030,sc01,07-04 06:00:00+02:00,CT NG 67,0.0
2030,sc01,07-04 06:00:00+02:00,Solar 12,0.042093213984000004
2030,sc01,07-04 06:00:00+02:00,CT Oil 01,0.0
2030,sc01,07-04 06:00:00+02:00,Hydro 26,0.0
2030,sc01,07-04 06:00:00+02:00,CC NG 22,0.0
2030,sc01,07-04 06:00:00+02:00,CC NG 35,0.0
2030,sc01,07-04 06:00:00+02:00,Biomass 50,0.0
2030,sc01,07-04 06:00:00+02:00,ICE NG 04,0.0
2030,sc01,07-04 06:00:00+02:00,CC NG 39,0.0
2030,sc01,07-04 06:00:00+02:00,Hydro 32,0.011373696
2030,sc01,07-04 06:00:00+02:00,ICE NG 07,0.0
2030,sc01,07-04 06:00:00+02:00,Biomass 46,0.0
2030,sc01,07-04 06:00:00+02:00,CC NG 38,0.0
2030,sc01,07-04 06:00:00+02:00,CC NG 12,0.0
2030,sc01,07-04 06:00:00+02:00,Solar 57,0.0
2030,sc01,07-04 06:00:00+02:00,CC NG 32,0.0
2030,sc01,07-04 06:00:00+02:00,CC NG 07,0.0
2030,sc01,07-04 06:00:00+02:00,Biomass 44,0.0
2030,sc01,07-04 06:00:00+02:00,CT NG 40,0.0
2030,sc01,07-04 06:00:00+02:00,Solar 74,6.5228952744
2030,sc01,07-04 06:00:00+02:00,Hydro 30,0.0
2030,sc01,07-04 06:00:00+02:00,CT NG 42,0.0
2030,sc01,07-04 06:00:00+02:00,Hydro 22,0.0
2030,sc01,07-04 06:00:00+02:00,Solar 17,0.08256161520000001
2030,sc01,07-04 06:00:00+02:00,Solar 38,0.0
2030,sc01,07-04 06:00:00+02:00,CT NG 24,0.0
2030,sc01,07-04 06:00:00+02:00,CC NG 27,0.0
2030,sc01,07-04 06:00:00+02:00,Biomass 21,0.0126
2030,sc01,07-04 06:00:00+02:00,ICE NG 06,0.0
2030,sc01,07-04 06:00:00+02:00,Biomass 25,0.01584
2030,sc01,07-04 06:00:00+02:00,Solar 27,0.028016619552
2030,sc01,07-04 06:00:00+02:00,CT NG 19,0.0
2030,sc01,07-04 06:00:00+02:00,Biomass 42,0.0
2030,sc01,07-04 06:00:00+02:00,Biomass 19,0.0126
2030,sc01,07-04 06:00:00+02:00,Biomass 06,0.01584
2030,sc01,07-04 06:00:00+02:00,CT NG 10,0.0
2030,sc01,07-04 06:00:00+02:00,CC NG 40,0.0
2030,sc01,07-04 06:00:00+02:00,CC NG 21,0.0
2030,sc01,07-04 06:00:00+02:00,Biomass 02,0.036000000000000004
2030,sc01,07-04 06:00:00+02:00,CT NG 46,0.0
2030,sc01,07-04 06:00:00+02:00,Hydro 34,0.0
2030,sc01,07-04 06:00:00+02:00,Biomass 10,0.02664
2030,sc01,07-04 06:00:00+02:00,CT NG 17,0.0
2030,sc01,07-04 06:00:00+02:00,Biomass 62,0.052559999999999996
2030,sc01,07-04 06:00:00+02:00,Biomass 32,0.042839999999999996
2030,sc01,07-04 06:00:00+02:00,CC NG 19,4.87368
2030,sc01,07-04 06:00:00+02:00,CC NG 17,0.0
2030,sc01,07-04 06:00:00+02:00,ST NG 01,0.0
2030,sc01,07-04 06:00:00+02:00,Biomass 45,0.0
2030,sc01,07-04 06:00:00+02:00,Biomass 28,0.06084
2030,sc01,07-04 06:00:00+02:00,CC NG 10,0.0
2030,sc01,07-04 06:00:00+02:00,Biomass 23,0.01584
2030,sc01,07-04 06:00:00+02:00,ST NG 06,0.0
2030,sc01,07-04 06:00:00+02:00,Wind 10,1.6349844333600003
2030,sc01,07-04 06:00:00+02:00,CT NG 69,0.0
2030,sc01,07-04 06:00:00+02:00,CT NG 68,0.0
2030,sc01,07-06 16:00:00+02:00,CC NG 13,0.0
2030,sc01,07-06 16:00:00+02:00,CT NG 37,0.0
2030,sc01,07-06 16:00:00+02:00,ST Coal 01,0.0
2030,sc01,07-06 16:00:00+02:00,CT NG 09,0.0
2030,sc01,07-06 16:00:00+02:00,CT NG 47,0.0
2030,sc01,07-06 16:00:00+02:00,Solar 69,7.7239643216000005
2030,sc01,07-06 16:00:00+02:00,Solar 34,5.9943320944
2030,sc01,07-06 16:00:00+02:00,Solar 73,0.0
2030,sc01,07-06 16:00:00+02:00,Biomass 37,0.0
2030,sc01,07-06 16:00:00+02:00,Hydro 20,0.0
2030,sc01,07-06 16:00:00+02:00,Solar 01,5.4895159648
2030,sc01,07-06 16:00:00+02:00,Solar 62,0.0
2030,sc01,07-06 16:00:00+02:00,Solar 02,2.1763441456
2030,sc01,07-06 16:00:00+02:00,CT NG 26,0.0
2030,sc01,07-06 16:00:00+02:00,Biomass 20,0.0057599999999999995
2030,sc01,07-06 16:00:00+02:00,Wind 16,10.5335841296
2030,sc01,07-06 16:00:00+02:00,CT NG 66,0.0
2030,sc01,07-06 16:00:00+02:00,Solar 39,0.0
2030,sc01,07-06 16:00:00+02:00,Biomass 41,0.0
2030,sc01,07-06 16:00:00+02:00,Solar 72,1.3429757964800002
2030,sc01,07-06 16:00:00+02:00,ST NG 03,0.0
2030,sc01,07-06 16:00:00+02:00,Hydro 21,0.51314256
2030,sc01,07-06 16:00:00+02:00,CT NG 03,0.0
2030,sc01,07-06 16:00:00+02:00,CC NG 09,0.0
2030,sc01,07-06 16:00:00+02:00,CT Oil 02,0.0
2030,sc01,07-06 16:00:00+02:00,CT NG 39,0.0
2030,sc01,07-06 16:00:00+02:00,CC NG 08,0.0
2030,sc01,07-06 16:00:00+02:00,Biomass 43,0.0
2030,sc01,07-06 16:00:00+02:00,CT NG 18,0.0
2030,sc01,07-06 16:00:00+02:00,ST NG 07,0.0
2030,sc01,07-06 16:00:00+02:00,Biomass 35,0.0
2030,sc01,07-06 16:00:00+02:00,Solar 32,0.0
2030,sc01,07-06 16:00:00+02:00,Biomass 15,0.00336
2030,sc01,07-06 16:00:00+02:00,CC NG 31,0.0
2030,sc01,07-06 16:00:00+02:00,Solar 16,0.37514970416
2030,sc01,07-06 16:00:00+02:00,Solar 68,4.6982414496
2030,sc01,07-06 16:00:00+02:00,CT NG 21,0.0
2030,sc01,07-06 16:00:00+02:00,Wind 11,0.82327178
2030,sc01,07-06 16:00:00+02:00,CC NG 37,0.0
2030,sc01,07-06 16:00:00+02:00,CT NG 22,0.0
2030,sc01,07-06 16:00:00+02:00,Hydro 16,0.008491519999999999
2030,sc01,07-06 16:00:00+02:00,Biomass 59,0.06624000000000001
2030,sc01,07-06 16:00:00+02:00,CC NG 01,0.0
2030,sc01,07-06 16:00:00+02:00,Biomass 16,0.00336
2030,sc01,07-06 16:00:00+02:00,Solar 03,0.0
2030,sc01,07-06 16:00:00+02:00,Solar 44,0.0
2030,sc01,07-06 16:00:00+02:00,CT NG 08,0.0
2030,sc01,07-06 16:00:00+02:00,Wind 05,0.027789055487999998
2030,sc01,07-06 16:00:00+02:00,Biomass 26,0.027039999999999998
2030,sc01,07-06 16:00:00+02:00,Solar 37,0.0
2030,sc01,07-06 16:00:00+02:00,Biomass 11,0.0056
2030,sc01,07-06 16:00:00+02:00,Solar 59,0.5900695550399999
2030,sc01,07-06 16:00:00+02:00,CT NG 11,0.0
2030,sc01,07-06 16:00:00+02:00,Biomass 30,0.027039999999999998
2030,sc01,07-06 16:00:00+02:00,Hydro 23,0.0
2030,sc01,07-06 16:00:00+02:00,CC NG 24,0.0
2030,sc01,07-06 16:00:00+02:00,Solar 65,2.8709098752
2030,sc01,07-06 16:00:00+02:00,CC NG 18,0.0
2030,sc01,07-06 16:00:00+02:00,CT NG 16,0.0
2030,sc01,07-06 16:00:00+02:00,Solar 51,0.0
2030,sc01,07-06 16:00:00+02:00,Wind 06,1.28257322112
2030,sc01,07-06 16:00:00+02:00,CC NG 26,0.0
2030,sc01,07-06 16:00:00+02:00,CC NG 23,0.0
2030,sc01,07-06 16:00:00+02:00,CT NG 43,0.0
2030,sc01,07-06 16:00:00+02:00,CC NG 11,0.0
2030,sc01,07-06 16:00:00+02:00,CT NG 02,0.0
2030,sc01,07-06 16:00:00+02:00,CT NG 50,0.0
2030,sc01,07-06 16:00:00+02:00,Hydro 27,0.0
2030,sc01,07-06 16:00:00+02:00,CT NG 13,0.3009547464514821
2030,sc01,07-06 16:00:00+02:00,CT NG 25,0.0
2030,sc01,07-06 16:00:00+02:00,CC NG 05,0.0
2030,sc01,07-06 16:00:00+02:00,Solar 04,0.26575771184
2030,sc01,07-06 16:00:00+02:00,Solar 30,0.36176117040000005
2030,sc01,07-06 16:00:00+02:00,Solar 29,0.41739780783999997
2030,sc01,07-06 16:00:00+02:00,Solar 53,0.0
2030,sc01,07-06 16:00:00+02:00,Solar 21,1.00838561552
2030,sc01,07-06 16:00:00+02:00,Biomass 58,0.03296
2030,sc01,07-06 16:00:00+02:00,CT NG 74,0.0
2030,sc01,07-06 16:00:00+02:00,Solar 61,0.08498298252799999
2030,sc01,07-06 16:00:00+02:00,Wind 07,0.8648816880000001
2030,sc01,07-06 16:00:00+02:00,Biomass 31,0.027039999999999998
2030,sc01,07-06 16:00:00+02:00,CT Oil 05,0.0
2030,sc01,07-06 16:00:00+02:00,Biomass 38,0.0
2030,sc01,07-06 16:00:00+02:00,Solar 41,0.0
2030,sc01,07-06 16:00:00+02:00,Biomass 51,0.0
2030,sc01,07-06 16:00:00+02:00,Biomass 55,0.0
2030,sc01,07-06 16:00:00+02:00,Wind 15,1.42822518528
2030,sc01,07-06 16:00:00+02:00,Geo 01,0.0
2030,sc01,07-06 16:00:00+02:00,Biomass 60,0.0432
2030,sc01,07-06 16:00:00+02:00,CT NG 38,0.0
2030,sc01,07-06 16:00:00+02:00,Solar 66,9.015110331199999
2030,sc01,07-06 16:00:00+02:00,Solar 49,0.0
2030,sc01,07-06 16:00:00+02:00,CT NG 51,0.0
2030,sc01,07-06 16:00:00+02:00,Biomass 18,0.00336
2030,sc01,07-06 16:00:00+02:00,ICE NG 01,0.0
2030,sc01,07-06 16:00:00+02:00,Solar 15,0.5766865947200001
2030,sc01,07-06 16:00:00+02:00,ICE NG 05,0.0
2030,sc01,07-06 16:00:00+02:00,CT Oil 04,0.0
2030,sc01,07-06 16:00:00+02:00,CC NG 20,0.0
2030,sc01,07-06 16:00:00+02:00,Solar 20,0.48780067456000004
2030,sc01,07-06 16:00:00+02:00,Biomass 04,0.0
2030,sc01,07-06 16:00:00+02:00,Wind 02,1.9120274480000001
2030,sc01,07-06 16:00:00+02:00,Hydro 25,0.0
2030,sc01,07-06 16:00:00+02:00,Solar 75,0.0
2030,sc01,07-06 16:00:00+02:00,Hydro 33,0.0
2030,sc01,07-06 16:00:00+02:00,ST NG 05,0.0
2030,sc01,07-06 16:00:00+02:00,CT NG 07,0.0
2030,sc01,07-06 16:00:00+02:00,Wind 01,0.5858060299200001
2030,sc01,07-06 16:00:00+02:00,Solar 56,0.0
2030,sc01,07-06 16:00:00+02:00,Biomass 09,0.01392
2030,sc01,07-06 16:00:00+02:00,Biomass 53,0.0
2030,sc01,07-06 16:00:00+02:00,Wind 17,6.696634878367623
2030,sc01,07-06 16:00:00+02:00,ST NG 08,0.0
2030,sc01,07-06 16:00:00+02:00,Hydro 19,0.0
2030,sc01,07-06 16:00:00+02:00,ST NG 02,0.0
2030,sc01,07-06 16:00:00+02:00,Biomass 01,0.01648
2030,sc01,07-06 16:00:00+02:00,Biomass 57,0.03296
2030,sc01,07-06 16:00:00+02:00,CT NG 49,0.0
2030,sc01,07-06 16:00:00+02:00,CT NG 31,0.0
2030,sc01,07-06 16:00:00+02:00,Solar 64,1.5072246502400002
2030,sc01,07-06 16:00:00+02:00,CC NG 33,0.0
2030,sc01,07-06 16:00:00+02:00,Solar 46,0.0
2030,sc01,07-06 16:00:00+02:00,Biomass 12,0.0056
2030,sc01,07-06 16:00:00+02:00,Wind 04,0.015496364416
2030,sc01,07-06 16:00:00+02:00,Solar 13,0.01447692608
2030,sc01,07-06 16:00:00+02:00,CT NG 55,0.0
2030,sc01,07-06 16:00:00+02:00,Wind N03,59.604691251328774
2030,sc01,07-06 16:00:00+02:00,CT NG 28,0.0
2030,sc01,07-06 16:00:00+02:00,Wind 09,0.43993098864
2030,sc01,07-06 16:00:00+02:00,Solar 60,0.67619381472
2030,sc01,07-06 16:00:00+02:00,Solar 25,0.106161839616
2030,sc01,07-06 16:00:00+02:00,CT NG 23,0.0
2030,sc01,07-06 16:00:00+02:00,ST Other 01,0.0
2030,sc01,07-06 16:00:00+02:00,Solar 70,10.204842515200001
2030,sc01,07-06 16:00:00+02:00,CC NG 34,0.0
2030,sc01,07-06 16:00:00+02:00,Solar 48,0.0
2030,sc01,07-06 16:00:00+02:00,Biomass 56,0.0368
2030,sc01,07-06 16:00:00+02:00,CT NG 36,0.0
2030,sc01,07-06 16:00:00+02:00,Solar 47,0.0
2030,sc01,07-06 16:00:00+02:00,Hydro 17,0.0
2030,sc01,07-06 16:00:00+02:00,Solar 09,0.7036161383999999
2030,sc01,07-06 16:00:00+02:00,Solar 08,0.137450197376
2030,sc01,07-06 16:00:00+02:00,CT NG 45,0.0
2030,sc01,07-06 16:00:00+02:00,ST NG 04,0.0
2030,sc01,07-06 16:00:00+02:00,Solar 40,0.0
2030,sc01,07-06 16:00:00+02:00,Biomass 47,0.0
2030,sc01,07-06 16:00:00+02:00,Solar 50,0.0
2030,sc01,07-06 16:00:00+02:00,Solar 52,0.0
2030,sc01,07-06 16:00:00+02:00,Solar 63,3.2187252128
2030,sc01,07-06 16:00:00+02:00,CC NG 06,0.0
2030,sc01,07-06 16:00:00+02:00,Biomass 39,0.0
2030,sc01,07-06 16:00:00+02:00,Solar 67,2.1456373423999997
2030,sc01,07-06 16:00:00+02:00,Solar 19,0.005475238528
2030,sc01,07-06 16:00:00+02:00,Wind 12,5.6532321248
2030,sc01,07-06 16:00:00+02:00,Solar 24,0.079180999808
2030,sc01,07-06 16:00:00+02:00,ICE NG 02,0.0
2030,sc01,07-06 16:00:00+02:00,Solar 05,0.006438296704
2030,sc01,07-06 16:00:00+02:00,CT NG 54,0.0
2030,sc01,07-06 16:00:00+02:00,Wind N01,47.79299654785012
2030,sc01,07-06 16:00:00+02:00,CT NG 27,0.0
2030,sc01,07-06 16:00:00+02:00,CC NG 36,0.0
2030,sc01,07-06 16:00:00+02:00,Wind N02,29.353043975507806
2030,sc01,07-06 16:00:00+02:00,CT NG 52,0.0
2030,sc01,07-06 16:00:00+02:00,Solar 35,0.0
2030,sc01,07-06 16:00:00+02:00,CT NG 05,0.0
2030,sc01,07-06 16:00:00+02:00,Biomass 36,0.0
2030,sc01,07-06 16:00:00+02:00,CT NG 34,0.0
2030,sc01,07-06 16:00:00+02:00,CT Oil 03,0.0
2030,sc01,07-06 16:00:00+02:00,Hydro 35,0.0
2030,sc01,07-06 16:00:00+02:00,Solar 14,0.6411456368
2030,sc01,07-06 16:00:00+02:00,CT NG 75,0.0
2030,sc01,07-06 16:00:00+02:00,ST NG 09,0.0
2030,sc01,07-06 16:00:00+02:00,CT NG 56,0.0
2030,sc01,07-06 16:00:00+02:00,Biomass 22,0.0057599999999999995
2030,sc01,07-06 16:00:00+02:00,Solar 18,0.67625672016
2030,sc01,07-06 16:00:00+02:00,Biomass 13,0.0056
2030,sc01,07-06 16:00:00+02:00,CT NG 71,0.0
2030,sc01,07-06 16:00:00+02:00,Solar 58,0.0
2030,sc01,07-06 16:00:00+02:00,Solar 06,0.36842410752
2030,sc01,07-06 16:00:00+02:00,Biomass 08,0.01392
2030,sc01,07-06 16:00:00+02:00,CT NG 72,0.0
2030,sc01,07-06 16:00:00+02:00,Hydro 18,0.0
2030,sc01,07-06 16:00:00+02:00,Solar 10,0.4698676592
2030,sc01,07-06 16:00:00+02:00,CT NG 04,0.0
2030,sc01,07-06 16:00:00+02:00,ST Other 02,0.0
2030,sc01,07-06 16:00:00+02:00,CT NG 12,0.0
2030,sc01,07-06 16:00:00+02:00,CT NG 48,0.0
2030,sc01,07-06 16:00:00+02:00,ST NG 10,0.0
2030,sc01,07-06 16:00:00+02:00,Solar 22,0.4341387992
2030,sc01,07-06 16:00:00+02:00,Solar 28,0.3885036704
2030,sc01,07-06 16:00:00+02:00,CT NG 73,0.0
2030,sc01,07-06 16:00:00+02:00,Biomass 52,0.0
2030,sc01,07-06 16:00:00+02:00,CT NG 30,0.0
2030,sc01,07-06 16:00:00+02:00,Solar 54,0.0
2030,sc01,07-06 16:00:00+02:00,Solar 31,0.0
2030,sc01,07-06 16:00:00+02:00,Biomass 03,0.0
2030,sc01,07-06 16:00:00+02:00,CT NG 32,0.0
2030,sc01,07-06 16:00:00+02:00,Biomass 27,0.027039999999999998
2030,sc01,07-06 16:00:00+02:00,CC NG 14,0.0
2030,sc01,07-06 16:00:00+02:00,CC NG 03,0.0
2030,sc01,07-06 16:00:00+02:00,CC NG 29,0.0
2030,sc01,07-06 16:00:00+02:00,CC NG 28,0.0
2030,sc01,07-06 16:00:00+02:00,CC NG 25,0.0
2030,sc01,07-06 16:00:00+02:00,CT NG 44,0.0
2030,sc01,07-06 16:00:00+02:00,CT NG 14,0.3348864
2030,sc01,07-06 16:00:00+02:00,CC NG 15,0.0
2030,sc01,07-06 16:00:00+02:00,CC NG 04,0.0
2030,sc01,07-06 16:00:00+02:00,Biomass 29,0.027039999999999998
2030,sc01,07-06 16:00:00+02:00,Wind 14,6.628493523607974
2030,sc01,07-06 16:00:00+02:00,Wind 08,0.4069730288
2030,sc01,07-06 16:00:00+02:00,Biomass 61,0.0
2030,sc01,07-06 16:00:00+02:00,CT NG 35,0.0
2030,sc01,07-06 16:00:00+02:00,Solar 33,0.0
2030,sc01,07-06 16:00:00+02:00,CT NG 41,0.0
2030,sc01,07-06 16:00:00+02:00,CT NG 15,0.0
2030,sc01,07-06 16:00:00+02:00,Solar 42,0.0
2030,sc01,07-06 16:00:00+02:00,Solar 07,0.011661044992000002
2030,sc01,07-06 16:00:00+02:00,Solar 43,0.0
2030,sc01,07-06 16:00:00+02:00,Biomass 05,0.00704
2030,sc01,07-06 16:00:00+02:00,CT NG 29,0.0
2030,sc01,07-06 16:00:00+02:00,Solar 71,0.0
2030,sc01,07-06 16:00:00+02:00,CT NG 53,0.0
2030,sc01,07-06 16:00:00+02:00,CT NG 20,0.0
2030,sc01,07-06 16:00:00+02:00,Biomass 14,0.012480000000000002
2030,sc01,07-06 16:00:00+02:00,Solar 26,0.098313276032
2030,sc01,07-06 16:00:00+02:00,Hydro 29,0.0
2030,sc01,07-06 16:00:00+02:00,Hydro 31,0.0
2030,sc01,07-06 16:00:00+02:00,Biomass 24,0.006240000000000001
2030,sc01,07-06 16:00:00+02:00,Biomass 54,0.0
2030,sc01,07-06 16:00:00+02:00,Solar 36,6.967098416
2030,sc01,07-06 16:00:00+02:00,Wind 03,0.032895683456000004
2030,sc01,07-06 16:00:00+02:00,Biomass 40,0.0
2030,sc01,07-06 16:00:00+02:00,Biomass 49,0.0
2030,sc01,07-06 16:00:00+02:00,CC NG 16,0.0
2030,sc01,07-06 16:00:00+02:00,Biomass 48,0.0
2030,sc01,07-06 16:00:00+02:00,Hydro 28,0.0
2030,sc01,07-06 16:00:00+02:00,Biomass 17,0.00336
2030,sc01,07-06 16:00:00+02:00,CT NG 33,0.0
2030,sc01,07-06 16:00:00+02:00,Solar 45,0.0
2030,sc01,07-06 16:00:00+02:00,Hydro 24,0.0
2030,sc01,07-06 16:00:00+02:00,Wind 13,3.2688715392
2030,sc01,07-06 16:00:00+02:00,Biomass 07,0.032
2030,sc01,07-06 16:00:00+02:00,Biomass 34,0.0
2030,sc01,07-06 16:00:00+02:00,Biomass 33,0.0
2030,sc01,07-06 16:00:00+02:00,CT NG 01,0.39380160000000003
2030,sc01,07-06 16:00:00+02:00,ICE NG 03,0.0
2030,sc01,07-06 16:00:00+02:00,Solar 55,0.0
2030,sc01,07-06 16:00:00+02:00,Solar 11,0.108601006208
2030,sc01,07-06 16:00:00+02:00,CT NG 06,0.0
2030,sc01,07-06 16:00:00+02:00,CT NG 70,0.0
2030,sc01,07-06 16:00:00+02:00,Solar 23,0.016080675712000003
2030,sc01,07-06 16:00:00+02:00,CT NG 67,0.0
2030,sc01,07-06 16:00:00+02:00,Solar 12,0.08406865216000001
2030,sc01,07-06 16:00:00+02:00,CT Oil 01,0.0
2030,sc01,07-06 16:00:00+02:00,Hydro 26,0.0
2030,sc01,07-06 16:00:00+02:00,CC NG 22,0.0
2030,sc01,07-06 16:00:00+02:00,CC NG 35,0.0
2030,sc01,07-06 16:00:00+02:00,Biomass 50,0.0
2030,sc01,07-06 16:00:00+02:00,ICE NG 04,0.0
2030,sc01,07-06 16:00:00+02:00,CC NG 39,0.0
2030,sc01,07-06 16:00:00+02:00,Hydro 32,0.0
2030,sc01,07-06 16:00:00+02:00,ICE NG 07,0.0
2030,sc01,07-06 16:00:00+02:00,Biomass 46,0.0
2030,sc01,07-06 16:00:00+02:00,CC NG 38,0.0
2030,sc01,07-06 16:00:00+02:00,CC NG 12,0.0
2030,sc01,07-06 16:00:00+02:00,Solar 57,0.0
2030,sc01,07-06 16:00:00+02:00,CC NG 32,0.0
2030,sc01,07-06 16:00:00+02:00,CC NG 07,0.0
2030,sc01,07-06 16:00:00+02:00,Biomass 44,0.0
2030,sc01,07-06 16:00:00+02:00,CT NG 40,0.0
2030,sc01,07-06 16:00:00+02:00,Solar 74,2.7903529856000002
2030,sc01,07-06 16:00:00+02:00,Hydro 30,0.0
2030,sc01,07-06 16:00:00+02:00,CT NG 42,0.0
2030,sc01,07-06 16:00:00+02:00,Hydro 22,0.51314256
2030,sc01,07-06 16:00:00+02:00,Solar 17,0.16489222464
2030,sc01,07-06 16:00:00+02:00,Solar 38,0.0
2030,sc01,07-06 16:00:00+02:00,CT NG 24,0.0
2030,sc01,07-06 16:00:00+02:00,CC NG 27,0.0
2030,sc01,07-06 16:00:00+02:00,Biomass 21,0.0057599999999999995
2030,sc01,07-06 16:00:00+02:00,ICE NG 06,0.0
2030,sc01,07-06 16:00:00+02:00,Biomass 25,0.006240000000000001
2030,sc01,07-06 16:00:00+02:00,Solar 27,0.06493964313600001
2030,sc01,07-06 16:00:00+02:00,CT NG 19,0.0
2030,sc01,07-06 16:00:00+02:00,Biomass 42,0.0
2030,sc01,07-06 16:00:00+02:00,Biomass 19,0.0057599999999999995
2030,sc01,07-06 16:00:00+02:00,Biomass 06,0.00704
2030,sc01,07-06 16:00:00+02:00,CT NG 10,0.0
2030,sc01,07-06 16:00:00+02:00,CC NG 40,0.0
2030,sc01,07-06 16:00:00+02:00,CC NG 21,0.0
2030,sc01,07-06 16:00:00+02:00,Biomass 02,0.01648
2030,sc01,07-06 16:00:00+02:00,CT NG 46,0.0
2030,sc01,07-06 16:00:00+02:00,Hydro 34,0.0
2030,sc01,07-06 16:00:00+02:00,Biomass 10,0.01392
2030,sc01,07-06 16:00:00+02:00,CT NG 17,0.0
2030,sc01,07-06 16:00:00+02:00,Biomass 62,0.0
2030,sc01,07-06 16:00:00+02:00,Biomass 32,0.019039999999999998
2030,sc01,07-06 16:00:00+02:00,CC NG 19,1.635516922326333
2030,sc01,07-06 16:00:00+02:00,CC NG 17,0.0
2030,sc01,07-06 16:00:00+02:00,ST NG 01,0.0
2030,sc01,07-06 16:00:00+02:00,Biomass 45,0.0
2030,sc01,07-06 16:00:00+02:00,Biomass 28,0.027039999999999998
2030,sc01,07-06 16:00:00+02:00,CC NG 10,0.0
2030,sc01,07-06 16:00:00+02:00,Biomass 23,0.006240000000000001
2030,sc01,07-06 16:00:00+02:00,ST NG 06,0.0
2030,sc01,07-06 16:00:00+02:00,Wind 10,0.43372479744
2030,sc01,07-06 16:00:00+02:00,CT NG 69,0.0
2030,sc01,07-06 16:00:00+02:00,CT NG 68,0.0
2030,sc01,07-07 17:00:00+02:00,CC NG 13,0.0
2030,sc01,07-07 17:00:00+02:00,CT NG 37,0.0
2030,sc01,07-07 17:00:00+02:00,ST Coal 01,0.0
2030,sc01,07-07 17:00:00+02:00,CT NG 09,0.0
2030,sc01,07-07 17:00:00+02:00,CT NG 47,0.0
2030,sc01,07-07 17:00:00+02:00,Solar 69,2.2347608374
2030,sc01,07-07 17:00:00+02:00,Solar 34,2.1012530406
2030,sc01,07-07 17:00:00+02:00,Solar 73,0.0
2030,sc01,07-07 17:00:00+02:00,Biomass 37,0.0
2030,sc01,07-07 17:00:00+02:00,Hydro 20,0.0
2030,sc01,07-07 17:00:00+02:00,Solar 01,2.6386376688
2030,sc01,07-07 17:00:00+02:00,Solar 62,0.0
2030,sc01,07-07 17:00:00+02:00,Solar 02,0.89593908306
2030,sc01,07-07 17:00:00+02:00,CT NG 26,0.0
2030,sc01,07-07 17:00:00+02:00,Biomass 20,0.00518
2030,sc01,07-07 17:00:00+02:00,Wind 16,4.4272606692797964
2030,sc01,07-07 17:00:00+02:00,CT NG 66,0.0
2030,sc01,07-07 17:00:00+02:00,Solar 39,0.030852456656000005
2030,sc01,07-07 17:00:00+02:00,Biomass 41,0.0
2030,sc01,07-07 17:00:00+02:00,Solar 72,0.41613911934000003
2030,sc01,07-07 17:00:00+02:00,ST NG 03,0.0
2030,sc01,07-07 17:00:00+02:00,Hydro 21,0.521976
2030,sc01,07-07 17:00:00+02:00,CT NG 03,0.0
2030,sc01,07-07 17:00:00+02:00,CC NG 09,0.0
2030,sc01,07-07 17:00:00+02:00,CT Oil 02,0.0
2030,sc01,07-07 17:00:00+02:00,CT NG 39,0.0
2030,sc01,07-07 17:00:00+02:00,CC NG 08,0.0
2030,sc01,07-07 17:00:00+02:00,Biomass 43,0.0
2030,sc01,07-07 17:00:00+02:00,CT NG 18,0.0
2030,sc01,07-07 17:00:00+02:00,ST NG 07,0.0
2030,sc01,07-07 17:00:00+02:00,Biomass 35,0.0
2030,sc01,07-07 17:00:00+02:00,Solar 32,0.0
2030,sc01,07-07 17:00:00+02:00,Biomass 15,0.00294
2030,sc01,07-07 17:00:00+02:00,CC NG 31,0.0
2030,sc01,07-07 17:00:00+02:00,Solar 16,0.17625711740000002
2030,sc01,07-07 17:00:00+02:00,Solar 68,1.7973357346
2030,sc01,07-07 17:00:00+02:00,CT NG 21,0.0
2030,sc01,07-07 17:00:00+02:00,Wind 11,0.8227734561200001
2030,sc01,07-07 17:00:00+02:00,CC NG 37,0.0
2030,sc01,07-07 17:00:00+02:00,CT NG 22,0.0
2030,sc01,07-07 17:00:00+02:00,Hydro 16,0.0074703999999999994
2030,sc01,07-07 17:00:00+02:00,Biomass 59,0.057960000000000005
2030,sc01,07-07 17:00:00+02:00,CC NG 01,0.0
2030,sc01,07-07 17:00:00+02:00,Biomass 16,0.00294
2030,sc01,07-07 17:00:00+02:00,Solar 03,0.7970704119
2030,sc01,07-07 17:00:00+02:00,Solar 44,0.024366035680000002
2030,sc01,07-07 17:00:00+02:00,CT NG 08,0.0
2030,sc01,07-07 17:00:00+02:00,Wind 05,0.014861837872
2030,sc01,07-07 17:00:00+02:00,Biomass 26,0.023659999999999997
2030,sc01,07-07 17:00:00+02:00,Solar 37,0.46760019599999997
2030,sc01,07-07 17:00:00+02:00,Biomass 11,0.0049
2030,sc01,07-07 17:00:00+02:00,Solar 59,0.19119775821999999
2030,sc01,07-07 17:00:00+02:00,CT NG 11,0.0
2030,sc01,07-07 17:00:00+02:00,Biomass 30,0.023659999999999997
2030,sc01,07-07 17:00:00+02:00,Hydro 23,0.0
2030,sc01,07-07 17:00:00+02:00,CC NG 24,0.0
2030,sc01,07-07 17:00:00+02:00,Solar 65,1.18507930352
2030,sc01,07-07 17:00:00+02:00,CC NG 18,0.0
2030,sc01,07-07 17:00:00+02:00,CT NG 16,0.0
2030,sc01,07-07 17:00:00+02:00,Solar 51,0.25882095680000006
2030,sc01,07-07 17:00:00+02:00,Wind 06,1.21913266384
2030,sc01,07-07 17:00:00+02:00,CC NG 26,0.0
2030,sc01,07-07 17:00:00+02:00,CC NG 23,0.0
2030,sc01,07-07 17:00:00+02:00,CT NG 43,0.0
2030,sc01,07-07 17:00:00+02:00,CC NG 11,0.0
2030,sc01,07-07 17:00:00+02:00,CT NG 02,0.0
2030,sc01,07-07 17:00:00+02:00,CT NG 50,0.0
2030,sc01,07-07 17:00:00+02:00,Hydro 27,0.0
2030,sc01,07-07 17:00:00+02:00,CT NG 13,0.2040510683184301
2030,sc01,07-07 17:00:00+02:00,CT NG 25,0.0
2030,sc01,07-07 17:00:00+02:00,CC NG 05,0.0
2030,sc01,07-07 17:00:00+02:00,Solar 04,0.129418599184
2030,sc01,07-07 17:00:00+02:00,Solar 30,0.16996676354
2030,sc01,07-07 17:00:00+02:00,Solar 29,0.20491662156
2030,sc01,07-07 17:00:00+02:00,Solar 53,0.26616517424
2030,sc01,07-07 17:00:00+02:00,Solar 21,0.49106328039999997
2030,sc01,07-07 17:00:00+02:00,Biomass 58,0.030520000000000002
2030,sc01,07-07 17:00:00+02:00,CT NG 74,0.0
2030,sc01,07-07 17:00:00+02:00,Solar 61,0.032306950256
2030,sc01,07-07 17:00:00+02:00,Wind 07,0.86839150692
2030,sc01,07-07 17:00:00+02:00,Biomass 31,0.023659999999999997
2030,sc01,07-07 17:00:00+02:00,CT Oil 05,0.0
2030,sc01,07-07 17:00:00+02:00,Biomass 38,0.0
2030,sc01,07-07 17:00:00+02:00,Solar 41,0.030852456656000005
2030,sc01,07-07 17:00:00+02:00,Biomass 51,0.0
2030,sc01,07-07 17:00:00+02:00,Biomass 55,0.03486000000000001
2030,sc01,07-07 17:00:00+02:00,Wind 15,0.0
2030,sc01,07-07 17:00:00+02:00,Geo 01,0.0
2030,sc01,07-07 17:00:00+02:00,Biomass 60,0.0378
2030,sc01,07-07 17:00:00+02:00,CT NG 38,0.0
2030,sc01,07-07 17:00:00+02:00,Solar 66,4.8397633522
2030,sc01,07-07 17:00:00+02:00,Solar 49,0.015004004624
2030,sc01,07-07 17:00:00+02:00,CT NG 51,0.0
2030,sc01,07-07 17:00:00+02:00,Biomass 18,0.00294
2030,sc01,07-07 17:00:00+02:00,ICE NG 01,0.0
2030,sc01,07-07 17:00:00+02:00,Solar 15,0.28083463968
2030,sc01,07-07 17:00:00+02:00,ICE NG 05,0.0
2030,sc01,07-07 17:00:00+02:00,CT Oil 04,0.0
2030,sc01,07-07 17:00:00+02:00,CC NG 20,0.0
2030,sc01,07-07 17:00:00+02:00,Solar 20,0.239480094
2030,sc01,07-07 17:00:00+02:00,Biomass 04,0.0
2030,sc01,07-07 17:00:00+02:00,Wind 02,1.8837659427999998
2030,sc01,07-07 17:00:00+02:00,Hydro 25,0.0
2030,sc01,07-07 17:00:00+02:00,Solar 75,1.6412424168000002
2030,sc01,07-07 17:00:00+02:00,Hydro 33,0.0
2030,sc01,07-07 17:00:00+02:00,ST NG 05,0.0
2030,sc01,07-07 17:00:00+02:00,CT NG 07,0.0
2030,sc01,07-07 17:00:00+02:00,Wind 01,0.59217398716
2030,sc01,07-07 17:00:00+02:00,Solar 56,0.30042031586
2030,sc01,07-07 17:00:00+02:00,Biomass 09,0.010920000000000001
2030,sc01,07-07 17:00:00+02:00,Biomass 53,0.03486000000000001
2030,sc01,07-07 17:00:00+02:00,Wind 17,10.516571121
2030,sc01,07-07 17:00:00+02:00,ST NG 08,0.0
2030,sc01,07-07 17:00:00+02:00,Hydro 19,0.0
2030,sc01,07-07 17:00:00+02:00,ST NG 02,0.0
2030,sc01,07-07 17:00:00+02:00,Biomass 01,0.014700000000000001
2030,sc01,07-07 17:00:00+02:00,Biomass 57,0.030520000000000002
2030,sc01,07-07 17:00:00+02:00,CT NG 49,0.0
2030,sc01,07-07 17:00:00+02:00,CT NG 31,0.0
2030,sc01,07-07 17:00:00+02:00,Solar 64,0.62216538188
2030,sc01,07-07 17:00:00+02:00,CC NG 33,0.0
2030,sc01,07-07 17:00:00+02:00,Solar 46,0.024366035680000002
2030,sc01,07-07 17:00:00+02:00,Biomass 12,0.0049
2030,sc01,07-07 17:00:00+02:00,Wind 04,0.0235759832
2030,sc01,07-07 17:00:00+02:00,Solar 13,0.007049968464
2030,sc01,07-07 17:00:00+02:00,CT NG 55,0.0
2030,sc01,07-07 17:00:00+02:00,Wind N03,56.338786513674286
2030,sc01,07-07 17:00:00+02:00,CT NG 28,0.0
2030,sc01,07-07 17:00:00+02:00,Wind 09,0.22701609924
2030,sc01,07-07 17:00:00+02:00,Solar 60,0.26502638134000006
2030,sc01,07-07 17:00:00+02:00,Solar 25,0.05169865612800001
2030,sc01,07-07 17:00:00+02:00,CT NG 23,0.0
2030,sc01,07-07 17:00:00+02:00,ST Other 01,0.0
2030,sc01,07-07 17:00:00+02:00,Solar 70,2.5171285076000003
2030,sc01,07-07 17:00:00+02:00,CC NG 34,0.0
2030,sc01,07-07 17:00:00+02:00,Solar 48,0.024366035680000002
2030,sc01,07-07 17:00:00+02:00,Biomass 56,0.03444
2030,sc01,07-07 17:00:00+02:00,CT NG 36,0.0
2030,sc01,07-07 17:00:00+02:00,Solar 47,0.024366035680000002
2030,sc01,07-07 17:00:00+02:00,Hydro 17,0.0126063
2030,sc01,07-07 17:00:00+02:00,Solar 09,0.34264674514
2030,sc01,07-07 17:00:00+02:00,Solar 08,0.06693544984000001
2030,sc01,07-07 17:00:00+02:00,CT NG 45,0.0
2030,sc01,07-07 17:00:00+02:00,ST NG 04,0.0
2030,sc01,07-07 17:00:00+02:00,Solar 40,0.030852456656000005
2030,sc01,07-07 17:00:00+02:00,Biomass 47,0.0
2030,sc01,07-07 17:00:00+02:00,Solar 50,0.081342054416
2030,sc01,07-07 17:00:00+02:00,Solar 52,0.18449730082
2030,sc01,07-07 17:00:00+02:00,Solar 63,1.32865356176
2030,sc01,07-07 17:00:00+02:00,CC NG 06,0.0
2030,sc01,07-07 17:00:00+02:00,Biomass 39,0.0
2030,sc01,07-07 17:00:00+02:00,Solar 67,0.8856949598
2030,sc01,07-07 17:00:00+02:00,Solar 19,0.0
2030,sc01,07-07 17:00:00+02:00,Wind 12,5.1669207757999995
2030,sc01,07-07 17:00:00+02:00,Solar 24,0.038559536064
2030,sc01,07-07 17:00:00+02:00,ICE NG 02,0.0
2030,sc01,07-07 17:00:00+02:00,Solar 05,0.0031353194880000003
2030,sc01,07-07 17:00:00+02:00,CT NG 54,0.0
2030,sc01,07-07 17:00:00+02:00,Wind N01,49.0195048
2030,sc01,07-07 17:00:00+02:00,CT NG 27,0.0
2030,sc01,07-07 17:00:00+02:00,CC NG 36,0.0
2030,sc01,07-07 17:00:00+02:00,Wind N02,26.87674288458357
2030,sc01,07-07 17:00:00+02:00,CT NG 52,0.0
2030,sc01,07-07 17:00:00+02:00,Solar 35,0.0
2030,sc01,07-07 17:00:00+02:00,CT NG 05,0.0
2030,sc01,07-07 17:00:00+02:00,Biomass 36,0.0
2030,sc01,07-07 17:00:00+02:00,CT NG 34,0.0
2030,sc01,07-07 17:00:00+02:00,CT Oil 03,0.0
2030,sc01,07-07 17:00:00+02:00,Hydro 35,0.00224112
2030,sc01,07-07 17:00:00+02:00,Solar 14,0.31222488192000003
2030,sc01,07-07 17:00:00+02:00,CT NG 75,0.0
2030,sc01,07-07 17:00:00+02:00,ST NG 09,0.0
2030,sc01,07-07 17:00:00+02:00,CT NG 56,0.0
2030,sc01,07-07 17:00:00+02:00,Biomass 22,0.00518
2030,sc01,07-07 17:00:00+02:00,Solar 18,0.32932326518
2030,sc01,07-07 17:00:00+02:00,Biomass 13,0.0049
2030,sc01,07-07 17:00:00+02:00,CT NG 71,0.0
2030,sc01,07-07 17:00:00+02:00,Solar 58,0.138938976624
2030,sc01,07-07 17:00:00+02:00,Solar 06,0.1781243002
2030,sc01,07-07 17:00:00+02:00,Biomass 08,0.010920000000000001
2030,sc01,07-07 17:00:00+02:00,CT NG 72,0.0
2030,sc01,07-07 17:00:00+02:00,Hydro 18,0.0434217
2030,sc01,07-07 17:00:00+02:00,Solar 10,0.2306760876
2030,sc01,07-07 17:00:00+02:00,CT NG 04,0.0
2030,sc01,07-07 17:00:00+02:00,ST Other 02,0.0
2030,sc01,07-07 17:00:00+02:00,CT NG 12,0.0
2030,sc01,07-07 17:00:00+02:00,CT NG 48,0.0
2030,sc01,07-07 17:00:00+02:00,ST NG 10,0.0
2030,sc01,07-07 17:00:00+02:00,Solar 22,0.21313541746
2030,sc01,07-07 17:00:00+02:00,Solar 28,0.1907313793
2030,sc01,07-07 17:00:00+02:00,CT NG 73,0.0
2030,sc01,07-07 17:00:00+02:00,Biomass 52,0.0
2030,sc01,07-07 17:00:00+02:00,CT NG 30,0.0
2030,sc01,07-07 17:00:00+02:00,Solar 54,0.15949352678
2030,sc01,07-07 17:00:00+02:00,Solar 31,0.0
2030,sc01,07-07 17:00:00+02:00,Biomass 03,0.0
2030,sc01,07-07 17:00:00+02:00,CT NG 32,0.0
2030,sc01,07-07 17:00:00+02:00,Biomass 27,0.023659999999999997
2030,sc01,07-07 17:00:00+02:00,CC NG 14,0.0
2030,sc01,07-07 17:00:00+02:00,CC NG 03,0.0
2030,sc01,07-07 17:00:00+02:00,CC NG 29,0.0
2030,sc01,07-07 17:00:00+02:00,CC NG 28,0.0
2030,sc01,07-07 17:00:00+02:00,CC NG 25,0.0
2030,sc01,07-07 17:00:00+02:00,CT NG 44,0.0
2030,sc01,07-07 17:00:00+02:00,CT NG 14,0.2930256
2030,sc01,07-07 17:00:00+02:00,CC NG 15,0.0
2030,sc01,07-07 17:00:00+02:00,CC NG 04,0.0
2030,sc01,07-07 17:00:00+02:00,Biomass 29,0.023659999999999997
2030,sc01,07-07 17:00:00+02:00,Wind 14,15.38471067985079
2030,sc01,07-07 17:00:00+02:00,Wind 08,0.21560469070000002
2030,sc01,07-07 17:00:00+02:00,Biomass 61,0.0
2030,sc01,07-07 17:00:00+02:00,CT NG 35,0.0
2030,sc01,07-07 17:00:00+02:00,Solar 33,0.0
2030,sc01,07-07 17:00:00+02:00,CT NG 41,0.0
2030,sc01,07-07 17:00:00+02:00,CT NG 15,0.0
2030,sc01,07-07 17:00:00+02:00,Solar 42,0.024366035680000002
2030,sc01,07-07 17:00:00+02:00,Solar 07,0.0056786916480000005
2030,sc01,07-07 17:00:00+02:00,Solar 43,0.024366035680000002
2030,sc01,07-07 17:00:00+02:00,Biomass 05,0.00644
2030,sc01,07-07 17:00:00+02:00,CT NG 29,0.0
2030,sc01,07-07 17:00:00+02:00,Solar 71,0.0
2030,sc01,07-07 17:00:00+02:00,CT NG 53,0.0
2030,sc01,07-07 17:00:00+02:00,CT NG 20,0.0
2030,sc01,07-07 17:00:00+02:00,Biomass 14,0.010780000000000001
2030,sc01,07-07 17:00:00+02:00,Solar 26,0.047876565408
2030,sc01,07-07 17:00:00+02:00,Hydro 29,0.0
2030,sc01,07-07 17:00:00+02:00,Hydro 31,0.0037351999999999997
2030,sc01,07-07 17:00:00+02:00,Biomass 24,0.00434
2030,sc01,07-07 17:00:00+02:00,Biomass 54,0.03486000000000001
2030,sc01,07-07 17:00:00+02:00,Solar 36,1.7667435688000002
2030,sc01,07-07 17:00:00+02:00,Wind 03,0.045425964416
2030,sc01,07-07 17:00:00+02:00,Biomass 40,0.0
2030,sc01,07-07 17:00:00+02:00,Biomass 49,0.0
2030,sc01,07-07 17:00:00+02:00,CC NG 16,0.41274494099316644
2030,sc01,07-07 17:00:00+02:00,Biomass 48,0.0
2030,sc01,07-07 17:00:00+02:00,Hydro 28,0.0
2030,sc01,07-07 17:00:00+02:00,Biomass 17,0.00294
2030,sc01,07-07 17:00:00+02:00,CT NG 33,0.0
2030,sc01,07-07 17:00:00+02:00,Solar 45,0.024366035680000002
2030,sc01,07-07 17:00:00+02:00,Hydro 24,0.0
2030,sc01,07-07 17:00:00+02:00,Wind 13,3.0269814316
2030,sc01,07-07 17:00:00+02:00,Biomass 07,0.028
2030,sc01,07-07 17:00:00+02:00,Biomass 34,0.0
2030,sc01,07-07 17:00:00+02:00,Biomass 33,0.0
2030,sc01,07-07 17:00:00+02:00,CT NG 01,0.3445764
2030,sc01,07-07 17:00:00+02:00,ICE NG 03,0.0
2030,sc01,07-07 17:00:00+02:00,Solar 55,0.29961108995999997
2030,sc01,07-07 17:00:00+02:00,Solar 11,0.052886480640000004
2030,sc01,07-07 17:00:00+02:00,CT NG 06,0.0
2030,sc01,07-07 17:00:00+02:00,CT NG 70,0.0
2030,sc01,07-07 17:00:00+02:00,Solar 23,0.007830961936
2030,sc01,07-07 17:00:00+02:00,CT NG 67,0.0
2030,sc01,07-07 17:00:00+02:00,Solar 12,0.040939723328
2030,sc01,07-07 17:00:00+02:00,CT Oil 01,0.0
2030,sc01,07-07 17:00:00+02:00,Hydro 26,0.0
2030,sc01,07-07 17:00:00+02:00,CC NG 22,0.0
2030,sc01,07-07 17:00:00+02:00,CC NG 35,0.0
2030,sc01,07-07 17:00:00+02:00,Biomass 50,0.0
2030,sc01,07-07 17:00:00+02:00,ICE NG 04,0.0
2030,sc01,07-07 17:00:00+02:00,CC NG 39,0.0
2030,sc01,07-07 17:00:00+02:00,Hydro 32,0.00448224
2030,sc01,07-07 17:00:00+02:00,ICE NG 07,0.0
2030,sc01,07-07 17:00:00+02:00,Biomass 46,0.0
2030,sc01,07-07 17:00:00+02:00,CC NG 38,0.0
2030,sc01,07-07 17:00:00+02:00,CC NG 12,0.0
2030,sc01,07-07 17:00:00+02:00,Solar 57,0.118653894912
2030,sc01,07-07 17:00:00+02:00,CC NG 32,0.0
2030,sc01,07-07 17:00:00+02:00,CC NG 07,0.0
2030,sc01,07-07 17:00:00+02:00,Biomass 44,0.0
2030,sc01,07-07 17:00:00+02:00,CT NG 40,0.0
2030,sc01,07-07 17:00:00+02:00,Solar 74,1.7794777112
2030,sc01,07-07 17:00:00+02:00,Hydro 30,0.0
2030,sc01,07-07 17:00:00+02:00,CT NG 42,0.0
2030,sc01,07-07 17:00:00+02:00,Hydro 22,0.521976
2030,sc01,07-07 17:00:00+02:00,Solar 17,0.080299158912
2030,sc01,07-07 17:00:00+02:00,Solar 38,0.39312000868
2030,sc01,07-07 17:00:00+02:00,CT NG 24,0.0
2030,sc01,07-07 17:00:00+02:00,CC NG 27,0.0
2030,sc01,07-07 17:00:00+02:00,Biomass 21,0.00518
2030,sc01,07-07 17:00:00+02:00,ICE NG 06,0.0
2030,sc01,07-07 17:00:00+02:00,Biomass 25,0.00434
2030,sc01,07-07 17:00:00+02:00,Solar 27,0.030808014832000005
2030,sc01,07-07 17:00:00+02:00,CT NG 19,0.0
2030,sc01,07-07 17:00:00+02:00,Biomass 42,0.0
2030,sc01,07-07 17:00:00+02:00,Biomass 19,0.00518
2030,sc01,07-07 17:00:00+02:00,Biomass 06,0.00644
2030,sc01,07-07 17:00:00+02:00,CT NG 10,0.0
2030,sc01,07-07 17:00:00+02:00,CC NG 40,0.0
2030,sc01,07-07 17:00:00+02:00,CC NG 21,0.0
2030,sc01,07-07 17:00:00+02:00,Biomass 02,0.014700000000000001
2030,sc01,07-07 17:00:00+02:00,CT NG 46,0.0
2030,sc01,07-07 17:00:00+02:00,Hydro 34,0.0
2030,sc01,07-07 17:00:00+02:00,Biomass 10,0.010920000000000001
2030,sc01,07-07 17:00:00+02:00,CT NG 17,0.0
2030,sc01,07-07 17:00:00+02:00,Biomass 62,0.02898
2030,sc01,07-07 17:00:00+02:00,Biomass 32,0.0168
2030,sc01,07-07 17:00:00+02:00,CC NG 19,1.89532
2030,sc01,07-07 17:00:00+02:00,CC NG 17,0.0
2030,sc01,07-07 17:00:00+02:00,ST NG 01,0.0
2030,sc01,07-07 17:00:00+02:00,Biomass 45,0.0
2030,sc01,07-07 17:00:00+02:00,Biomass 28,0.023659999999999997
2030,sc01,07-07 17:00:00+02:00,CC NG 10,0.0
2030,sc01,07-07 17:00:00+02:00,Biomass 23,0.00434
2030,sc01,07-07 17:00:00+02:00,ST NG 06,0.0
2030,sc01,07-07 17:00:00+02:00,Wind 10,0.22572353243999999
2030,sc01,07-07 17:00:00+02:00,CT NG 69,0.0
2030,sc01,07-07 17:00:00+02:00,CT NG 68,0.0
2030,sc01,07-10 17:00:00+02:00,CC NG 13,0.0
2030,sc01,07-10 17:00:00+02:00,CT NG 37,0.0
2030,sc01,07-10 17:00:00+02:00,ST Coal 01,0.0
2030,sc01,07-10 17:00:00+02:00,CT NG 09,0.0
2030,sc01,07-10 17:00:00+02:00,CT NG 47,0.0
2030,sc01,07-10 17:00:00+02:00,Solar 69,4.9460265687
2030,sc01,07-10 17:00:00+02:00,Solar 34,0.0
2030,sc01,07-10 17:00:00+02:00,Solar 73,0.0
2030,sc01,07-10 17:00:00+02:00,Biomass 37,0.0
2030,sc01,07-10 17:00:00+02:00,Hydro 20,0.0
2030,sc01,07-10 17:00:00+02:00,Solar 01,5.5022590184
2030,sc01,07-10 17:00:00+02:00,Solar 62,0.0
2030,sc01,07-10 17:00:00+02:00,Solar 02,0.0
2030,sc01,07-10 17:00:00+02:00,CT NG 26,0.0
2030,sc01,07-10 17:00:00+02:00,Biomass 20,0.01044
2030,sc01,07-10 17:00:00+02:00,Wind 16,21.6186834818
2030,sc01,07-10 17:00:00+02:00,CT NG 66,0.0
2030,sc01,07-10 17:00:00+02:00,Solar 39,0.062224763616
2030,sc01,07-10 17:00:00+02:00,Biomass 41,0.0
2030,sc01,07-10 17:00:00+02:00,Solar 72,0.96574579941
2030,sc01,07-10 17:00:00+02:00,ST NG 03,0.0
2030,sc01,07-10 17:00:00+02:00,Hydro 21,1.01719356
2030,sc01,07-10 17:00:00+02:00,CT NG 03,0.0
2030,sc01,07-10 17:00:00+02:00,CC NG 09,0.0
2030,sc01,07-10 17:00:00+02:00,CT Oil 02,0.0
2030,sc01,07-10 17:00:00+02:00,CT NG 39,0.0
2030,sc01,07-10 17:00:00+02:00,CC NG 08,0.0
2030,sc01,07-10 17:00:00+02:00,Biomass 43,0.0
2030,sc01,07-10 17:00:00+02:00,CT NG 18,0.0
2030,sc01,07-10 17:00:00+02:00,ST NG 07,0.0
2030,sc01,07-10 17:00:00+02:00,Biomass 35,0.0
2030,sc01,07-10 17:00:00+02:00,Solar 32,4.0475873533
2030,sc01,07-10 17:00:00+02:00,Biomass 15,0.0
2030,sc01,07-10 17:00:00+02:00,CC NG 31,0.0
2030,sc01,07-10 17:00:00+02:00,Solar 16,0.36244939355
2030,sc01,07-10 17:00:00+02:00,Solar 68,5.5990982979
2030,sc01,07-10 17:00:00+02:00,CT NG 21,0.0
2030,sc01,07-10 17:00:00+02:00,Wind 11,1.95478581257
2030,sc01,07-10 17:00:00+02:00,CC NG 37,0.0
2030,sc01,07-10 17:00:00+02:00,CT NG 22,0.0
2030,sc01,07-10 17:00:00+02:00,Hydro 16,0.01613792
2030,sc01,07-10 17:00:00+02:00,Biomass 59,0.12006000000000001
2030,sc01,07-10 17:00:00+02:00,CC NG 01,0.0
2030,sc01,07-10 17:00:00+02:00,Biomass 16,0.0
2030,sc01,07-10 17:00:00+02:00,Solar 03,0.0
2030,sc01,07-10 17:00:00+02:00,Solar 44,0.056548482024
2030,sc01,07-10 17:00:00+02:00,CT NG 08,0.0
2030,sc01,07-10 17:00:00+02:00,Wind 05,0.11447988704800001
2030,sc01,07-10 17:00:00+02:00,Biomass 26,0.04901
2030,sc01,07-10 17:00:00+02:00,Solar 37,1.08520243701
2030,sc01,07-10 17:00:00+02:00,Biomass 11,0.01102
2030,sc01,07-10 17:00:00+02:00,Solar 59,0.43771554202
2030,sc01,07-10 17:00:00+02:00,CT NG 11,0.0
2030,sc01,07-10 17:00:00+02:00,Biomass 30,0.04901
2030,sc01,07-10 17:00:00+02:00,Hydro 23,0.0
2030,sc01,07-10 17:00:00+02:00,CC NG 24,0.0
2030,sc01,07-10 17:00:00+02:00,Solar 65,2.51379221232
2030,sc01,07-10 17:00:00+02:00,CC NG 18,0.0
2030,sc01,07-10 17:00:00+02:00,CT NG 16,0.0
2030,sc01,07-10 17:00:00+02:00,Solar 51,0.5550909424200001
2030,sc01,07-10 17:00:00+02:00,Wind 06,2.8885609152
2030,sc01,07-10 17:00:00+02:00,CC NG 26,0.0
2030,sc01,07-10 17:00:00+02:00,CC NG 23,0.0
2030,sc01,07-10 17:00:00+02:00,CT NG 43,0.0
2030,sc01,07-10 17:00:00+02:00,CC NG 11,0.0
2030,sc01,07-10 17:00:00+02:00,CT NG 02,0.0
2030,sc01,07-10 17:00:00+02:00,CT NG 50,0.0
2030,sc01,07-10 17:00:00+02:00,Hydro 27,0.0
2030,sc01,07-10 17:00:00+02:00,CT NG 13,0.6069815999999999
2030,sc01,07-10 17:00:00+02:00,CT NG 25,0.0
2030,sc01,07-10 17:00:00+02:00,CC NG 05,0.0
2030,sc01,07-10 17:00:00+02:00,Solar 04,0.237349135608
2030,sc01,07-10 17:00:00+02:00,Solar 30,0.34951411494
2030,sc01,07-10 17:00:00+02:00,Solar 29,0.44009807037000004
2030,sc01,07-10 17:00:00+02:00,Solar 53,0.57084201866
2030,sc01,07-10 17:00:00+02:00,Solar 21,0.90059269595
2030,sc01,07-10 17:00:00+02:00,Biomass 58,0.05828999999999999
2030,sc01,07-10 17:00:00+02:00,CT NG 74,0.0
2030,sc01,07-10 17:00:00+02:00,Solar 61,0.071657907976
2030,sc01,07-10 17:00:00+02:00,Wind 07,1.92289818919
2030,sc01,07-10 17:00:00+02:00,Biomass 31,0.04901
2030,sc01,07-10 17:00:00+02:00,CT Oil 05,0.0
2030,sc01,07-10 17:00:00+02:00,Biomass 38,0.0
2030,sc01,07-10 17:00:00+02:00,Solar 41,0.062224763616
2030,sc01,07-10 17:00:00+02:00,Biomass 51,0.0
2030,sc01,07-10 17:00:00+02:00,Biomass 55,0.0
2030,sc01,07-10 17:00:00+02:00,Wind 15,0.0
2030,sc01,07-10 17:00:00+02:00,Geo 01,0.0
2030,sc01,07-10 17:00:00+02:00,Biomass 60,0.07830000000000001
2030,sc01,07-10 17:00:00+02:00,CT NG 38,0.0
2030,sc01,07-10 17:00:00+02:00,Solar 66,8.8082650243
2030,sc01,07-10 17:00:00+02:00,Solar 49,0.034821162576
2030,sc01,07-10 17:00:00+02:00,CT NG 51,0.0
2030,sc01,07-10 17:00:00+02:00,Biomass 18,0.0
2030,sc01,07-10 17:00:00+02:00,ICE NG 01,0.0
2030,sc01,07-10 17:00:00+02:00,Solar 15,0.51504080098
2030,sc01,07-10 17:00:00+02:00,ICE NG 05,0.0
2030,sc01,07-10 17:00:00+02:00,CT Oil 04,0.0
2030,sc01,07-10 17:00:00+02:00,CC NG 20,0.0
2030,sc01,07-10 17:00:00+02:00,Solar 20,0.51079852322
2030,sc01,07-10 17:00:00+02:00,Biomass 04,0.0
2030,sc01,07-10 17:00:00+02:00,Wind 02,4.769942927400001
2030,sc01,07-10 17:00:00+02:00,Hydro 25,0.0
2030,sc01,07-10 17:00:00+02:00,Solar 75,0.0
2030,sc01,07-10 17:00:00+02:00,Hydro 33,0.0
2030,sc01,07-10 17:00:00+02:00,ST NG 05,0.0
2030,sc01,07-10 17:00:00+02:00,CT NG 07,0.0
2030,sc01,07-10 17:00:00+02:00,Wind 01,1.2947448909500001
2030,sc01,07-10 17:00:00+02:00,Solar 56,0.70422845768
2030,sc01,07-10 17:00:00+02:00,Biomass 09,0.022330000000000003
2030,sc01,07-10 17:00:00+02:00,Biomass 53,0.0
2030,sc01,07-10 17:00:00+02:00,Wind 17,11.154392170318532
2030,sc01,07-10 17:00:00+02:00,ST NG 08,0.0
2030,sc01,07-10 17:00:00+02:00,Hydro 19,0.0
2030,sc01,07-10 17:00:00+02:00,ST NG 02,0.0
2030,sc01,07-10 17:00:00+02:00,Biomass 01,0.029870000000000004
2030,sc01,07-10 17:00:00+02:00,Biomass 57,0.05828999999999999
2030,sc01,07-10 17:00:00+02:00,CT NG 49,0.0
2030,sc01,07-10 17:00:00+02:00,CT NG 31,0.0
2030,sc01,07-10 17:00:00+02:00,Solar 64,1.3197382553
2030,sc01,07-10 17:00:00+02:00,CC NG 33,0.0
2030,sc01,07-10 17:00:00+02:00,Solar 46,0.056548482024
2030,sc01,07-10 17:00:00+02:00,Biomass 12,0.01102
2030,sc01,07-10 17:00:00+02:00,Wind 04,0.157401906376
2030,sc01,07-10 17:00:00+02:00,Solar 13,0.012929392944000001
2030,sc01,07-10 17:00:00+02:00,CT NG 55,0.0
2030,sc01,07-10 17:00:00+02:00,Wind N03,75.4978671106636
2030,sc01,07-10 17:00:00+02:00,CT NG 28,0.0
2030,sc01,07-10 17:00:00+02:00,Wind 09,1.81272562493
2030,sc01,07-10 17:00:00+02:00,Solar 60,0.58125079755
2030,sc01,07-10 17:00:00+02:00,Solar 25,0.094813507816
2030,sc01,07-10 17:00:00+02:00,CT NG 23,0.0
2030,sc01,07-10 17:00:00+02:00,ST Other 01,0.0
2030,sc01,07-10 17:00:00+02:00,Solar 70,0.0
2030,sc01,07-10 17:00:00+02:00,CC NG 34,0.0
2030,sc01,07-10 17:00:00+02:00,Solar 48,0.056548482024
2030,sc01,07-10 17:00:00+02:00,Biomass 56,0.07192
2030,sc01,07-10 17:00:00+02:00,CT NG 36,0.0
2030,sc01,07-10 17:00:00+02:00,Solar 47,0.056548482024
2030,sc01,07-10 17:00:00+02:00,Hydro 17,0.027232740000000002
2030,sc01,07-10 17:00:00+02:00,Solar 09,0.62840201732
2030,sc01,07-10 17:00:00+02:00,Solar 08,0.12275724870399998
2030,sc01,07-10 17:00:00+02:00,CT NG 45,0.0
2030,sc01,07-10 17:00:00+02:00,ST NG 04,0.0
2030,sc01,07-10 17:00:00+02:00,Solar 40,0.062224763616
2030,sc01,07-10 17:00:00+02:00,Biomass 47,0.0
2030,sc01,07-10 17:00:00+02:00,Solar 50,0.16405468710399998
2030,sc01,07-10 17:00:00+02:00,Solar 52,0.37210330099
2030,sc01,07-10 17:00:00+02:00,Solar 63,2.8183421735200005
2030,sc01,07-10 17:00:00+02:00,CC NG 06,0.0
2030,sc01,07-10 17:00:00+02:00,Biomass 39,0.0
2030,sc01,07-10 17:00:00+02:00,Solar 67,1.87873763966
2030,sc01,07-10 17:00:00+02:00,Solar 19,0.0
2030,sc01,07-10 17:00:00+02:00,Wind 12,15.1294155099
2030,sc01,07-10 17:00:00+02:00,Solar 24,0.07071682596
2030,sc01,07-10 17:00:00+02:00,ICE NG 02,0.0
2030,sc01,07-10 17:00:00+02:00,Solar 05,0.0
2030,sc01,07-10 17:00:00+02:00,CT NG 54,0.0
2030,sc01,07-10 17:00:00+02:00,Wind N01,101.05244418682399
2030,sc01,07-10 17:00:00+02:00,CT NG 27,0.0
2030,sc01,07-10 17:00:00+02:00,CC NG 36,0.0
2030,sc01,07-10 17:00:00+02:00,Wind N02,55.77473440597995
2030,sc01,07-10 17:00:00+02:00,CT NG 52,0.0
2030,sc01,07-10 17:00:00+02:00,Solar 35,1.46473997877
2030,sc01,07-10 17:00:00+02:00,CT NG 05,0.0
2030,sc01,07-10 17:00:00+02:00,Biomass 36,0.0
2030,sc01,07-10 17:00:00+02:00,CT NG 34,0.0
2030,sc01,07-10 17:00:00+02:00,CT Oil 03,0.0
2030,sc01,07-10 17:00:00+02:00,Hydro 35,0.0
2030,sc01,07-10 17:00:00+02:00,Solar 14,0.57260939553
2030,sc01,07-10 17:00:00+02:00,CT NG 75,0.0
2030,sc01,07-10 17:00:00+02:00,ST NG 09,0.0
2030,sc01,07-10 17:00:00+02:00,CT NG 56,0.0
2030,sc01,07-10 17:00:00+02:00,Biomass 22,0.01044
2030,sc01,07-10 17:00:00+02:00,Solar 18,0.6039672257400001
2030,sc01,07-10 17:00:00+02:00,Biomass 13,0.01102
2030,sc01,07-10 17:00:00+02:00,CT NG 71,0.0
2030,sc01,07-10 17:00:00+02:00,Solar 58,0.28021901456
2030,sc01,07-10 17:00:00+02:00,Solar 06,0.3787142074
2030,sc01,07-10 17:00:00+02:00,Biomass 08,0.022330000000000003
2030,sc01,07-10 17:00:00+02:00,CT NG 72,0.0
2030,sc01,07-10 17:00:00+02:00,Hydro 18,0.09380166000000001
2030,sc01,07-10 17:00:00+02:00,Solar 10,0.4920200378
2030,sc01,07-10 17:00:00+02:00,CT NG 04,0.0
2030,sc01,07-10 17:00:00+02:00,ST Other 02,0.0
2030,sc01,07-10 17:00:00+02:00,CT NG 12,0.0
2030,sc01,07-10 17:00:00+02:00,CT NG 48,0.0
2030,sc01,07-10 17:00:00+02:00,ST NG 10,0.0
2030,sc01,07-10 17:00:00+02:00,Solar 22,0.45774952386
2030,sc01,07-10 17:00:00+02:00,Solar 28,0.40963251941
2030,sc01,07-10 17:00:00+02:00,CT NG 73,0.0
2030,sc01,07-10 17:00:00+02:00,Biomass 52,0.0
2030,sc01,07-10 17:00:00+02:00,CT NG 30,0.0
2030,sc01,07-10 17:00:00+02:00,Solar 54,0.32167445018
2030,sc01,07-10 17:00:00+02:00,Solar 31,3.2170600566000003
2030,sc01,07-10 17:00:00+02:00,Biomass 03,0.0
2030,sc01,07-10 17:00:00+02:00,CT NG 32,0.0
2030,sc01,07-10 17:00:00+02:00,Biomass 27,0.04901
2030,sc01,07-10 17:00:00+02:00,CC NG 14,0.0
2030,sc01,07-10 17:00:00+02:00,CC NG 03,0.0
2030,sc01,07-10 17:00:00+02:00,CC NG 29,0.0
2030,sc01,07-10 17:00:00+02:00,CC NG 28,0.0
2030,sc01,07-10 17:00:00+02:00,CC NG 25,0.0
2030,sc01,07-10 17:00:00+02:00,CT NG 44,0.0
2030,sc01,07-10 17:00:00+02:00,CT NG 14,0.39968918836468625
2030,sc01,07-10 17:00:00+02:00,CC NG 15,0.0
2030,sc01,07-10 17:00:00+02:00,CC NG 04,0.0
2030,sc01,07-10 17:00:00+02:00,Biomass 29,0.04901
2030,sc01,07-10 17:00:00+02:00,Wind 14,28.40818151215422
2030,sc01,07-10 17:00:00+02:00,Wind 08,2.09513933948
2030,sc01,07-10 17:00:00+02:00,Biomass 61,0.0
2030,sc01,07-10 17:00:00+02:00,CT NG 35,0.0
2030,sc01,07-10 17:00:00+02:00,Solar 33,3.0119867857
2030,sc01,07-10 17:00:00+02:00,CT NG 41,0.0
2030,sc01,07-10 17:00:00+02:00,CT NG 15,0.0
2030,sc01,07-10 17:00:00+02:00,Solar 42,0.056548482024
2030,sc01,07-10 17:00:00+02:00,Solar 07,0.010414519672
2030,sc01,07-10 17:00:00+02:00,Solar 43,0.056548482024
2030,sc01,07-10 17:00:00+02:00,Biomass 05,0.01305
2030,sc01,07-10 17:00:00+02:00,CT NG 29,0.0
2030,sc01,07-10 17:00:00+02:00,Solar 71,0.0
2030,sc01,07-10 17:00:00+02:00,CT NG 53,0.0
2030,sc01,07-10 17:00:00+02:00,CT NG 20,0.0
2030,sc01,07-10 17:00:00+02:00,Biomass 14,0.02436
2030,sc01,07-10 17:00:00+02:00,Solar 26,0.087803928256
2030,sc01,07-10 17:00:00+02:00,Hydro 29,0.0
2030,sc01,07-10 17:00:00+02:00,Hydro 31,0.0
2030,sc01,07-10 17:00:00+02:00,Biomass 24,0.00812
2030,sc01,07-10 17:00:00+02:00,Biomass 54,0.0
2030,sc01,07-10 17:00:00+02:00,Solar 36,0.0
2030,sc01,07-10 17:00:00+02:00,Wind 03,0.41026877825
2030,sc01,07-10 17:00:00+02:00,Biomass 40,0.0
2030,sc01,07-10 17:00:00+02:00,Biomass 49,0.0
2030,sc01,07-10 17:00:00+02:00,CC NG 16,0.0
2030,sc01,07-10 17:00:00+02:00,Biomass 48,0.0
2030,sc01,07-10 17:00:00+02:00,Hydro 28,0.0
2030,sc01,07-10 17:00:00+02:00,Biomass 17,0.0
2030,sc01,07-10 17:00:00+02:00,CT NG 33,0.0
2030,sc01,07-10 17:00:00+02:00,Solar 45,0.056548482024
2030,sc01,07-10 17:00:00+02:00,Hydro 24,0.0
2030,sc01,07-10 17:00:00+02:00,Wind 13,7.2364685275000005
2030,sc01,07-10 17:00:00+02:00,Biomass 07,0.058
2030,sc01,07-10 17:00:00+02:00,Biomass 34,0.0
2030,sc01,07-10 17:00:00+02:00,Biomass 33,0.0
2030,sc01,07-10 17:00:00+02:00,CT NG 01,0.7137654000000001
2030,sc01,07-10 17:00:00+02:00,ICE NG 03,0.0
2030,sc01,07-10 17:00:00+02:00,Solar 55,0.7023315154800001
2030,sc01,07-10 17:00:00+02:00,Solar 11,0.096991935848
2030,sc01,07-10 17:00:00+02:00,CT NG 06,0.0
2030,sc01,07-10 17:00:00+02:00,CT NG 70,0.0
2030,sc01,07-10 17:00:00+02:00,Solar 23,0.014361707352
2030,sc01,07-10 17:00:00+02:00,CT NG 67,0.0
2030,sc01,07-10 17:00:00+02:00,Solar 12,0.075082005256
2030,sc01,07-10 17:00:00+02:00,CT Oil 01,0.0
2030,sc01,07-10 17:00:00+02:00,Hydro 26,0.0
2030,sc01,07-10 17:00:00+02:00,CC NG 22,0.0
2030,sc01,07-10 17:00:00+02:00,CC NG 35,0.0
2030,sc01,07-10 17:00:00+02:00,Biomass 50,0.0
2030,sc01,07-10 17:00:00+02:00,ICE NG 04,0.0
2030,sc01,07-10 17:00:00+02:00,CC NG 39,0.0
2030,sc01,07-10 17:00:00+02:00,Hydro 32,0.0
2030,sc01,07-10 17:00:00+02:00,ICE NG 07,0.0
2030,sc01,07-10 17:00:00+02:00,Biomass 46,0.0
2030,sc01,07-10 17:00:00+02:00,CC NG 38,0.0
2030,sc01,07-10 17:00:00+02:00,CC NG 12,0.0
2030,sc01,07-10 17:00:00+02:00,Solar 57,0.239307056456
2030,sc01,07-10 17:00:00+02:00,CC NG 32,0.0
2030,sc01,07-10 17:00:00+02:00,CC NG 07,0.0
2030,sc01,07-10 17:00:00+02:00,Biomass 44,0.0
2030,sc01,07-10 17:00:00+02:00,CT NG 40,0.0
2030,sc01,07-10 17:00:00+02:00,Solar 74,3.2977696230999998
2030,sc01,07-10 17:00:00+02:00,Hydro 30,0.0
2030,sc01,07-10 17:00:00+02:00,CT NG 42,0.0
2030,sc01,07-10 17:00:00+02:00,Hydro 22,1.01719356
2030,sc01,07-10 17:00:00+02:00,Solar 17,0.147265818488
2030,sc01,07-10 17:00:00+02:00,Solar 38,0.92152987931
2030,sc01,07-10 17:00:00+02:00,CT NG 24,0.0
2030,sc01,07-10 17:00:00+02:00,CC NG 27,0.0
2030,sc01,07-10 17:00:00+02:00,Biomass 21,0.01044
2030,sc01,07-10 17:00:00+02:00,ICE NG 06,0.0
2030,sc01,07-10 17:00:00+02:00,Biomass 25,0.00812
2030,sc01,07-10 17:00:00+02:00,Solar 27,0.06236814936
2030,sc01,07-10 17:00:00+02:00,CT NG 19,0.0
2030,sc01,07-10 17:00:00+02:00,Biomass 42,0.0
2030,sc01,07-10 17:00:00+02:00,Biomass 19,0.01044
2030,sc01,07-10 17:00:00+02:00,Biomass 06,0.01305
2030,sc01,07-10 17:00:00+02:00,CT NG 10,0.0
2030,sc01,07-10 17:00:00+02:00,CC NG 40,0.0
2030,sc01,07-10 17:00:00+02:00,CC NG 21,0.0
2030,sc01,07-10 17:00:00+02:00,Biomass 02,0.029870000000000004
2030,sc01,07-10 17:00:00+02:00,CT NG 46,0.0
2030,sc01,07-10 17:00:00+02:00,Hydro 34,0.0
2030,sc01,07-10 17:00:00+02:00,Biomass 10,0.022330000000000003
2030,sc01,07-10 17:00:00+02:00,CT NG 17,0.0
2030,sc01,07-10 17:00:00+02:00,Biomass 62,0.0
2030,sc01,07-10 17:00:00+02:00,Biomass 32,0.03538
2030,sc01,07-10 17:00:00+02:00,CC NG 19,0.0
2030,sc01,07-10 17:00:00+02:00,CC NG 17,0.0
2030,sc01,07-10 17:00:00+02:00,ST NG 01,0.0
2030,sc01,07-10 17:00:00+02:00,Biomass 45,0.0
2030,sc01,07-10 17:00:00+02:00,Biomass 28,0.04901
2030,sc01,07-10 17:00:00+02:00,CC NG 10,0.0
2030,sc01,07-10 17:00:00+02:00,Biomass 23,0.00812
2030,sc01,07-10 17:00:00+02:00,ST NG 06,0.0
2030,sc01,07-10 17:00:00+02:00,Wind 10,1.78090537638
2030,sc01,07-10 17:00:00+02:00,CT NG 69,0.0
2030,sc01,07-10 17:00:00+02:00,CT NG 68,0.0
2030,sc01,07-11 03:00:00+02:00,CC NG 13,0.0
2030,sc01,07-11 03:00:00+02:00,CT NG 37,0.0
2030,sc01,07-11 03:00:00+02:00,ST Coal 01,0.0
2030,sc01,07-11 03:00:00+02:00,CT NG 09,0.0
2030,sc01,07-11 03:00:00+02:00,CT NG 47,0.0
2030,sc01,07-11 03:00:00+02:00,Solar 69,0.0
2030,sc01,07-11 03:00:00+02:00,Solar 34,0.0
2030,sc01,07-11 03:00:00+02:00,Solar 73,0.0
2030,sc01,07-11 03:00:00+02:00,Biomass 37,0.0
2030,sc01,07-11 03:00:00+02:00,Hydro 20,0.0
2030,sc01,07-11 03:00:00+02:00,Solar 01,0.0
2030,sc01,07-11 03:00:00+02:00,Solar 62,0.0
2030,sc01,07-11 03:00:00+02:00,Solar 02,0.0
2030,sc01,07-11 03:00:00+02:00,CT NG 26,0.0
2030,sc01,07-11 03:00:00+02:00,Biomass 20,0.0
2030,sc01,07-11 03:00:00+02:00,Wind 16,18.309388883918402
2030,sc01,07-11 03:00:00+02:00,CT NG 66,0.0
2030,sc01,07-11 03:00:00+02:00,Solar 39,0.0
2030,sc01,07-11 03:00:00+02:00,Biomass 41,0.0
2030,sc01,07-11 03:00:00+02:00,Solar 72,0.0
2030,sc01,07-11 03:00:00+02:00,ST NG 03,0.0
2030,sc01,07-11 03:00:00+02:00,Hydro 21,0.44690610000000003
2030,sc01,07-11 03:00:00+02:00,CT NG 03,0.0
2030,sc01,07-11 03:00:00+02:00,CC NG 09,0.0
2030,sc01,07-11 03:00:00+02:00,CT Oil 02,0.0
2030,sc01,07-11 03:00:00+02:00,CT NG 39,0.0
2030,sc01,07-11 03:00:00+02:00,CC NG 08,0.0
2030,sc01,07-11 03:00:00+02:00,Biomass 43,0.0
2030,sc01,07-11 03:00:00+02:00,CT NG 18,0.0
2030,sc01,07-11 03:00:00+02:00,ST NG 07,0.0
2030,sc01,07-11 03:00:00+02:00,Biomass 35,0.0
2030,sc01,07-11 03:00:00+02:00,Solar 32,0.0
2030,sc01,07-11 03:00:00+02:00,Biomass 15,0.0
2030,sc01,07-11 03:00:00+02:00,CC NG 31,0.0
2030,sc01,07-11 03:00:00+02:00,Solar 16,0.0
2030,sc01,07-11 03:00:00+02:00,Solar 68,0.0
2030,sc01,07-11 03:00:00+02:00,CT NG 21,0.0
2030,sc01,07-11 03:00:00+02:00,Wind 11,1.7867135599800001
2030,sc01,07-11 03:00:00+02:00,CC NG 37,0.0
2030,sc01,07-11 03:00:00+02:00,CT NG 22,0.0
2030,sc01,07-11 03:00:00+02:00,Hydro 16,0.01273832
2030,sc01,07-11 03:00:00+02:00,Biomass 59,0.0
2030,sc01,07-11 03:00:00+02:00,CC NG 01,0.0
2030,sc01,07-11 03:00:00+02:00,Biomass 16,0.0
2030,sc01,07-11 03:00:00+02:00,Solar 03,0.0
2030,sc01,07-11 03:00:00+02:00,Solar 44,0.0
2030,sc01,07-11 03:00:00+02:00,CT NG 08,0.0
2030,sc01,07-11 03:00:00+02:00,Wind 05,0.08218238541600001
2030,sc01,07-11 03:00:00+02:00,Biomass 26,0.0
2030,sc01,07-11 03:00:00+02:00,Solar 37,0.0
2030,sc01,07-11 03:00:00+02:00,Biomass 11,0.0
2030,sc01,07-11 03:00:00+02:00,Solar 59,0.0
2030,sc01,07-11 03:00:00+02:00,CT NG 11,0.0
2030,sc01,07-11 03:00:00+02:00,Biomass 30,0.0
2030,sc01,07-11 03:00:00+02:00,Hydro 23,0.0
2030,sc01,07-11 03:00:00+02:00,CC NG 24,0.0
2030,sc01,07-11 03:00:00+02:00,Solar 65,0.0
2030,sc01,07-11 03:00:00+02:00,CC NG 18,0.0
2030,sc01,07-11 03:00:00+02:00,CT NG 16,0.0
2030,sc01,07-11 03:00:00+02:00,Solar 51,0.0
2030,sc01,07-11 03:00:00+02:00,Wind 06,2.5635526622
2030,sc01,07-11 03:00:00+02:00,CC NG 26,0.0
2030,sc01,07-11 03:00:00+02:00,CC NG 23,0.0
2030,sc01,07-11 03:00:00+02:00,CT NG 43,0.0
2030,sc01,07-11 03:00:00+02:00,CC NG 11,0.0
2030,sc01,07-11 03:00:00+02:00,CT NG 02,0.0
2030,sc01,07-11 03:00:00+02:00,CT NG 50,0.0
2030,sc01,07-11 03:00:00+02:00,Hydro 27,0.0
2030,sc01,07-11 03:00:00+02:00,CT NG 13,0.0
2030,sc01,07-11 03:00:00+02:00,CT NG 25,0.0
2030,sc01,07-11 03:00:00+02:00,CC NG 05,0.0
2030,sc01,07-11 03:00:00+02:00,Solar 04,0.0
2030,sc01,07-11 03:00:00+02:00,Solar 30,0.0
2030,sc01,07-11 03:00:00+02:00,Solar 29,0.0
2030,sc01,07-11 03:00:00+02:00,Solar 53,0.0
2030,sc01,07-11 03:00:00+02:00,Solar 21,0.0
2030,sc01,07-11 03:00:00+02:00,Biomass 58,0.0
2030,sc01,07-11 03:00:00+02:00,CT NG 74,0.0
2030,sc01,07-11 03:00:00+02:00,Solar 61,0.0
2030,sc01,07-11 03:00:00+02:00,Wind 07,1.7212654646999999
2030,sc01,07-11 03:00:00+02:00,Biomass 31,0.0
2030,sc01,07-11 03:00:00+02:00,CT Oil 05,0.0
2030,sc01,07-11 03:00:00+02:00,Biomass 38,0.0
2030,sc01,07-11 03:00:00+02:00,Solar 41,0.0
2030,sc01,07-11 03:00:00+02:00,Biomass 51,0.0
2030,sc01,07-11 03:00:00+02:00,Biomass 55,0.0
2030,sc01,07-11 03:00:00+02:00,Wind 15,0.0
2030,sc01,07-11 03:00:00+02:00,Geo 01,0.0
2030,sc01,07-11 03:00:00+02:00,Biomass 60,0.0
2030,sc01,07-11 03:00:00+02:00,CT NG 38,0.0
2030,sc01,07-11 03:00:00+02:00,Solar 66,0.0
2030,sc01,07-11 03:00:00+02:00,Solar 49,0.0
2030,sc01,07-11 03:00:00+02:00,CT NG 51,0.0
2030,sc01,07-11 03:00:00+02:00,Biomass 18,0.0
2030,sc01,07-11 03:00:00+02:00,ICE NG 01,0.0
2030,sc01,07-11 03:00:00+02:00,Solar 15,0.0
2030,sc01,07-11 03:00:00+02:00,ICE NG 05,0.0
2030,sc01,07-11 03:00:00+02:00,CT Oil 04,0.0
2030,sc01,07-11 03:00:00+02:00,CC NG 20,0.0
2030,sc01,07-11 03:00:00+02:00,Solar 20,0.0
2030,sc01,07-11 03:00:00+02:00,Biomass 04,0.0
2030,sc01,07-11 03:00:00+02:00,Wind 02,4.4309848933
2030,sc01,07-11 03:00:00+02:00,Hydro 25,0.6209931000000001
2030,sc01,07-11 03:00:00+02:00,Solar 75,0.0
2030,sc01,07-11 03:00:00+02:00,Hydro 33,0.0
2030,sc01,07-11 03:00:00+02:00,ST NG 05,0.0
2030,sc01,07-11 03:00:00+02:00,CT NG 07,0.0
2030,sc01,07-11 03:00:00+02:00,Wind 01,1.1398005632900001
2030,sc01,07-11 03:00:00+02:00,Solar 56,0.0
2030,sc01,07-11 03:00:00+02:00,Biomass 09,0.0
2030,sc01,07-11 03:00:00+02:00,Biomass 53,0.0
2030,sc01,07-11 03:00:00+02:00,Wind 17,14.6574554698
2030,sc01,07-11 03:00:00+02:00,ST NG 08,0.0
2030,sc01,07-11 03:00:00+02:00,Hydro 19,0.0
2030,sc01,07-11 03:00:00+02:00,ST NG 02,0.0
2030,sc01,07-11 03:00:00+02:00,Biomass 01,0.0
2030,sc01,07-11 03:00:00+02:00,Biomass 57,0.0
2030,sc01,07-11 03:00:00+02:00,CT NG 49,0.0
2030,sc01,07-11 03:00:00+02:00,CT NG 31,0.0
2030,sc01,07-11 03:00:00+02:00,Solar 64,0.0
2030,sc01,07-11 03:00:00+02:00,CC NG 33,0.0
2030,sc01,07-11 03:00:00+02:00,Solar 46,0.0
2030,sc01,07-11 03:00:00+02:00,Biomass 12,0.0
2030,sc01,07-11 03:00:00+02:00,Wind 04,0.194310584992
2030,sc01,07-11 03:00:00+02:00,Solar 13,0.0
2030,sc01,07-11 03:00:00+02:00,CT NG 55,0.0
2030,sc01,07-11 03:00:00+02:00,Wind N03,36.129585217065426
2030,sc01,07-11 03:00:00+02:00,CT NG 28,0.0
2030,sc01,07-11 03:00:00+02:00,Wind 09,1.37691525771
2030,sc01,07-11 03:00:00+02:00,Solar 60,0.0
2030,sc01,07-11 03:00:00+02:00,Solar 25,0.0
2030,sc01,07-11 03:00:00+02:00,CT NG 23,0.0
2030,sc01,07-11 03:00:00+02:00,ST Other 01,0.0
2030,sc01,07-11 03:00:00+02:00,Solar 70,0.0
2030,sc01,07-11 03:00:00+02:00,CC NG 34,0.0
2030,sc01,07-11 03:00:00+02:00,Solar 48,0.0
2030,sc01,07-11 03:00:00+02:00,Biomass 56,0.0
2030,sc01,07-11 03:00:00+02:00,CT NG 36,0.0
2030,sc01,07-11 03:00:00+02:00,Solar 47,0.0
2030,sc01,07-11 03:00:00+02:00,Hydro 17,0.021495915
2030,sc01,07-11 03:00:00+02:00,Solar 09,0.0
2030,sc01,07-11 03:00:00+02:00,Solar 08,0.0
2030,sc01,07-11 03:00:00+02:00,CT NG 45,0.0
2030,sc01,07-11 03:00:00+02:00,ST NG 04,0.0
2030,sc01,07-11 03:00:00+02:00,Solar 40,0.0
2030,sc01,07-11 03:00:00+02:00,Biomass 47,0.0
2030,sc01,07-11 03:00:00+02:00,Solar 50,0.0
2030,sc01,07-11 03:00:00+02:00,Solar 52,0.0
2030,sc01,07-11 03:00:00+02:00,Solar 63,0.0
2030,sc01,07-11 03:00:00+02:00,CC NG 06,0.0
2030,sc01,07-11 03:00:00+02:00,Biomass 39,0.0
2030,sc01,07-11 03:00:00+02:00,Solar 67,0.0
2030,sc01,07-11 03:00:00+02:00,Solar 19,0.0
2030,sc01,07-11 03:00:00+02:00,Wind 12,0.0
2030,sc01,07-11 03:00:00+02:00,Solar 24,0.0
2030,sc01,07-11 03:00:00+02:00,ICE NG 02,0.0
2030,sc01,07-11 03:00:00+02:00,Solar 05,0.0
2030,sc01,07-11 03:00:00+02:00,CT NG 54,0.0
2030,sc01,07-11 03:00:00+02:00,Wind N01,69.09310579980401
2030,sc01,07-11 03:00:00+02:00,CT NG 27,0.0
2030,sc01,07-11 03:00:00+02:00,CC NG 36,0.0
2030,sc01,07-11 03:00:00+02:00,Wind N02,0.0
2030,sc01,07-11 03:00:00+02:00,CT NG 52,0.0
2030,sc01,07-11 03:00:00+02:00,Solar 35,0.0
2030,sc01,07-11 03:00:00+02:00,CT NG 05,0.0
2030,sc01,07-11 03:00:00+02:00,Biomass 36,0.0
2030,sc01,07-11 03:00:00+02:00,CT NG 34,0.0
2030,sc01,07-11 03:00:00+02:00,CT Oil 03,0.0
2030,sc01,07-11 03:00:00+02:00,Hydro 35,0.0
2030,sc01,07-11 03:00:00+02:00,Solar 14,0.0
2030,sc01,07-11 03:00:00+02:00,CT NG 75,0.0
2030,sc01,07-11 03:00:00+02:00,ST NG 09,0.0
2030,sc01,07-11 03:00:00+02:00,CT NG 56,0.0
2030,sc01,07-11 03:00:00+02:00,Biomass 22,0.0
2030,sc01,07-11 03:00:00+02:00,Solar 18,0.0
2030,sc01,07-11 03:00:00+02:00,Biomass 13,0.0
2030,sc01,07-11 03:00:00+02:00,CT NG 71,0.0
2030,sc01,07-11 03:00:00+02:00,Solar 58,0.0
2030,sc01,07-11 03:00:00+02:00,Solar 06,0.0
2030,sc01,07-11 03:00:00+02:00,Biomass 08,0.0
2030,sc01,07-11 03:00:00+02:00,CT NG 72,0.0
2030,sc01,07-11 03:00:00+02:00,Hydro 18,0.074041485
2030,sc01,07-11 03:00:00+02:00,Solar 10,0.0
2030,sc01,07-11 03:00:00+02:00,CT NG 04,0.0
2030,sc01,07-11 03:00:00+02:00,ST Other 02,0.0
2030,sc01,07-11 03:00:00+02:00,CT NG 12,0.0
2030,sc01,07-11 03:00:00+02:00,CT NG 48,0.0
2030,sc01,07-11 03:00:00+02:00,ST NG 10,0.0
2030,sc01,07-11 03:00:00+02:00,Solar 22,0.0
2030,sc01,07-11 03:00:00+02:00,Solar 28,0.0
2030,sc01,07-11 03:00:00+02:00,CT NG 73,0.0
2030,sc01,07-11 03:00:00+02:00,Biomass 52,0.0
2030,sc01,07-11 03:00:00+02:00,CT NG 30,0.0
2030,sc01,07-11 03:00:00+02:00,Solar 54,0.0
2030,sc01,07-11 03:00:00+02:00,Solar 31,0.0
2030,sc01,07-11 03:00:00+02:00,Biomass 03,0.0
2030,sc01,07-11 03:00:00+02:00,CT NG 32,0.0
2030,sc01,07-11 03:00:00+02:00,Biomass 27,0.0
2030,sc01,07-11 03:00:00+02:00,CC NG 14,0.0
2030,sc01,07-11 03:00:00+02:00,CC NG 03,0.0
2030,sc01,07-11 03:00:00+02:00,CC NG 29,0.0
2030,sc01,07-11 03:00:00+02:00,CC NG 28,0.0
2030,sc01,07-11 03:00:00+02:00,CC NG 25,0.0
2030,sc01,07-11 03:00:00+02:00,CT NG 44,0.0
2030,sc01,07-11 03:00:00+02:00,CT NG 14,0.0
2030,sc01,07-11 03:00:00+02:00,CC NG 15,0.0
2030,sc01,07-11 03:00:00+02:00,CC NG 04,0.0
2030,sc01,07-11 03:00:00+02:00,Biomass 29,0.0
2030,sc01,07-11 03:00:00+02:00,Wind 14,42.548703908059956
2030,sc01,07-11 03:00:00+02:00,Wind 08,1.7509258925600002
2030,sc01,07-11 03:00:00+02:00,Biomass 61,0.0
2030,sc01,07-11 03:00:00+02:00,CT NG 35,0.0
2030,sc01,07-11 03:00:00+02:00,Solar 33,0.0
2030,sc01,07-11 03:00:00+02:00,CT NG 41,0.0
2030,sc01,07-11 03:00:00+02:00,CT NG 15,0.0
2030,sc01,07-11 03:00:00+02:00,Solar 42,0.0
2030,sc01,07-11 03:00:00+02:00,Solar 07,0.0
2030,sc01,07-11 03:00:00+02:00,Solar 43,0.0
2030,sc01,07-11 03:00:00+02:00,Biomass 05,0.0
2030,sc01,07-11 03:00:00+02:00,CT NG 29,0.0
2030,sc01,07-11 03:00:00+02:00,Solar 71,0.0
2030,sc01,07-11 03:00:00+02:00,CT NG 53,0.0
2030,sc01,07-11 03:00:00+02:00,CT NG 20,0.0
2030,sc01,07-11 03:00:00+02:00,Biomass 14,0.0
2030,sc01,07-11 03:00:00+02:00,Solar 26,0.0
2030,sc01,07-11 03:00:00+02:00,Hydro 29,0.0
2030,sc01,07-11 03:00:00+02:00,Hydro 31,0.0
2030,sc01,07-11 03:00:00+02:00,Biomass 24,0.0
2030,sc01,07-11 03:00:00+02:00,Biomass 54,0.0
2030,sc01,07-11 03:00:00+02:00,Solar 36,0.0
2030,sc01,07-11 03:00:00+02:00,Wind 03,0.5577327534500001
2030,sc01,07-11 03:00:00+02:00,Biomass 40,0.0
2030,sc01,07-11 03:00:00+02:00,Biomass 49,0.0
2030,sc01,07-11 03:00:00+02:00,CC NG 16,0.0
2030,sc01,07-11 03:00:00+02:00,Biomass 48,0.0
2030,sc01,07-11 03:00:00+02:00,Hydro 28,0.0
2030,sc01,07-11 03:00:00+02:00,Biomass 17,0.0
2030,sc01,07-11 03:00:00+02:00,CT NG 33,0.0
2030,sc01,07-11 03:00:00+02:00,Solar 45,0.0
2030,sc01,07-11 03:00:00+02:00,Hydro 24,0.0
2030,sc01,07-11 03:00:00+02:00,Wind 13,0.0
2030,sc01,07-11 03:00:00+02:00,Biomass 07,0.0
2030,sc01,07-11 03:00:00+02:00,Biomass 34,0.0
2030,sc01,07-11 03:00:00+02:00,Biomass 33,0.0
2030,sc01,07-11 03:00:00+02:00,CT NG 01,0.0
2030,sc01,07-11 03:00:00+02:00,ICE NG 03,0.0
2030,sc01,07-11 03:00:00+02:00,Solar 55,0.0
2030,sc01,07-11 03:00:00+02:00,Solar 11,0.0
2030,sc01,07-11 03:00:00+02:00,CT NG 06,0.0
2030,sc01,07-11 03:00:00+02:00,CT NG 70,0.0
2030,sc01,07-11 03:00:00+02:00,Solar 23,0.0
2030,sc01,07-11 03:00:00+02:00,CT NG 67,0.0
2030,sc01,07-11 03:00:00+02:00,Solar 12,0.0
2030,sc01,07-11 03:00:00+02:00,CT Oil 01,0.0
2030,sc01,07-11 03:00:00+02:00,Hydro 26,0.0
2030,sc01,07-11 03:00:00+02:00,CC NG 22,0.0
2030,sc01,07-11 03:00:00+02:00,CC NG 35,0.0
2030,sc01,07-11 03:00:00+02:00,Biomass 50,0.0
2030,sc01,07-11 03:00:00+02:00,ICE NG 04,0.0
2030,sc01,07-11 03:00:00+02:00,CC NG 39,0.0
2030,sc01,07-11 03:00:00+02:00,Hydro 32,0.0
2030,sc01,07-11 03:00:00+02:00,ICE NG 07,0.0
2030,sc01,07-11 03:00:00+02:00,Biomass 46,0.0
2030,sc01,07-11 03:00:00+02:00,CC NG 38,0.0
2030,sc01,07-11 03:00:00+02:00,CC NG 12,0.0
2030,sc01,07-11 03:00:00+02:00,Solar 57,0.0
2030,sc01,07-11 03:00:00+02:00,CC NG 32,0.0
2030,sc01,07-11 03:00:00+02:00,CC NG 07,0.0
2030,sc01,07-11 03:00:00+02:00,Biomass 44,0.0
2030,sc01,07-11 03:00:00+02:00,CT NG 40,0.0
2030,sc01,07-11 03:00:00+02:00,Solar 74,0.0
2030,sc01,07-11 03:00:00+02:00,Hydro 30,0.0
2030,sc01,07-11 03:00:00+02:00,CT NG 42,0.0
2030,sc01,07-11 03:00:00+02:00,Hydro 22,0.44690610000000003
2030,sc01,07-11 03:00:00+02:00,Solar 17,0.0
2030,sc01,07-11 03:00:00+02:00,Solar 38,0.0
2030,sc01,07-11 03:00:00+02:00,CT NG 24,0.0
2030,sc01,07-11 03:00:00+02:00,CC NG 27,0.0
2030,sc01,07-11 03:00:00+02:00,Biomass 21,0.0
2030,sc01,07-11 03:00:00+02:00,ICE NG 06,0.0
2030,sc01,07-11 03:00:00+02:00,Biomass 25,0.0
2030,sc01,07-11 03:00:00+02:00,Solar 27,0.0
2030,sc01,07-11 03:00:00+02:00,CT NG 19,0.0
2030,sc01,07-11 03:00:00+02:00,Biomass 42,0.0
2030,sc01,07-11 03:00:00+02:00,Biomass 19,0.0
2030,sc01,07-11 03:00:00+02:00,Biomass 06,0.0
2030,sc01,07-11 03:00:00+02:00,CT NG 10,0.0
2030,sc01,07-11 03:00:00+02:00,CC NG 40,0.0
2030,sc01,07-11 03:00:00+02:00,CC NG 21,0.0
2030,sc01,07-11 03:00:00+02:00,Biomass 02,0.0
2030,sc01,07-11 03:00:00+02:00,CT NG 46,0.0
2030,sc01,07-11 03:00:00+02:00,Hydro 34,0.0
2030,sc01,07-11 03:00:00+02:00,Biomass 10,0.0
2030,sc01,07-11 03:00:00+02:00,CT NG 17,0.0
2030,sc01,07-11 03:00:00+02:00,Biomass 62,0.0
2030,sc01,07-11 03:00:00+02:00,Biomass 32,0.0
2030,sc01,07-11 03:00:00+02:00,CC NG 19,0.0
2030,sc01,07-11 03:00:00+02:00,CC NG 17,0.0
2030,sc01,07-11 03:00:00+02:00,ST NG 01,0.0
2030,sc01,07-11 03:00:00+02:00,Biomass 45,0.0
2030,sc01,07-11 03:00:00+02:00,Biomass 28,0.0
2030,sc01,07-11 03:00:00+02:00,CC NG 10,0.0
2030,sc01,07-11 03:00:00+02:00,Biomass 23,0.0
2030,sc01,07-11 03:00:00+02:00,ST NG 06,0.0
2030,sc01,07-11 03:00:00+02:00,Wind 10,1.32347739926
2030,sc01,07-11 03:00:00+02:00,CT NG 69,0.0
2030,sc01,07-11 03:00:00+02:00,CT NG 68,0.0
2030,sc01,07-12 01:00:00+02:00,CC NG 13,0.0
2030,sc01,07-12 01:00:00+02:00,CT NG 37,0.0
2030,sc01,07-12 01:00:00+02:00,ST Coal 01,0.0
2030,sc01,07-12 01:00:00+02:00,CT NG 09,0.0
2030,sc01,07-12 01:00:00+02:00,CT NG 47,0.0
2030,sc01,07-12 01:00:00+02:00,Solar 69,0.0
2030,sc01,07-12 01:00:00+02:00,Solar 34,0.0
2030,sc01,07-12 01:00:00+02:00,Solar 73,0.0
2030,sc01,07-12 01:00:00+02:00,Biomass 37,0.0
2030,sc01,07-12 01:00:00+02:00,Hydro 20,0.0
2030,sc01,07-12 01:00:00+02:00,Solar 01,0.0
2030,sc01,07-12 01:00:00+02:00,Solar 62,0.0
2030,sc01,07-12 01:00:00+02:00,Solar 02,0.0
2030,sc01,07-12 01:00:00+02:00,CT NG 26,0.0
2030,sc01,07-12 01:00:00+02:00,Biomass 20,0.0
2030,sc01,07-12 01:00:00+02:00,Wind 16,17.348221226792553
2030,sc01,07-12 01:00:00+02:00,CT NG 66,0.0
2030,sc01,07-12 01:00:00+02:00,Solar 39,0.0
2030,sc01,07-12 01:00:00+02:00,Biomass 41,0.0
2030,sc01,07-12 01:00:00+02:00,Solar 72,0.0
2030,sc01,07-12 01:00:00+02:00,ST NG 03,0.0
2030,sc01,07-12 01:00:00+02:00,Hydro 21,0.6540760800000001
2030,sc01,07-12 01:00:00+02:00,CT NG 03,0.0
2030,sc01,07-12 01:00:00+02:00,CC NG 09,0.0
2030,sc01,07-12 01:00:00+02:00,CT Oil 02,0.0
2030,sc01,07-12 01:00:00+02:00,CT NG 39,0.0
2030,sc01,07-12 01:00:00+02:00,CC NG 08,0.0
2030,sc01,07-12 01:00:00+02:00,Biomass 43,0.0
2030,sc01,07-12 01:00:00+02:00,CT NG 18,0.0
2030,sc01,07-12 01:00:00+02:00,ST NG 07,0.0
2030,sc01,07-12 01:00:00+02:00,Biomass 35,0.0
2030,sc01,07-12 01:00:00+02:00,Solar 32,0.0
2030,sc01,07-12 01:00:00+02:00,Biomass 15,0.0
2030,sc01,07-12 01:00:00+02:00,CC NG 31,0.0
2030,sc01,07-12 01:00:00+02:00,Solar 16,0.0
2030,sc01,07-12 01:00:00+02:00,Solar 68,0.0
2030,sc01,07-12 01:00:00+02:00,CT NG 21,0.0
2030,sc01,07-12 01:00:00+02:00,Wind 11,2.1655773342
2030,sc01,07-12 01:00:00+02:00,CC NG 37,0.0
2030,sc01,07-12 01:00:00+02:00,CT NG 22,0.0
2030,sc01,07-12 01:00:00+02:00,Hydro 16,0.0
2030,sc01,07-12 01:00:00+02:00,Biomass 59,0.0
2030,sc01,07-12 01:00:00+02:00,CC NG 01,0.0
2030,sc01,07-12 01:00:00+02:00,Biomass 16,0.0
2030,sc01,07-12 01:00:00+02:00,Solar 03,0.0
2030,sc01,07-12 01:00:00+02:00,Solar 44,0.0
2030,sc01,07-12 01:00:00+02:00,CT NG 08,0.0
2030,sc01,07-12 01:00:00+02:00,Wind 05,0.0
2030,sc01,07-12 01:00:00+02:00,Biomass 26,0.0
2030,sc01,07-12 01:00:00+02:00,Solar 37,0.0
2030,sc01,07-12 01:00:00+02:00,Biomass 11,0.0
2030,sc01,07-12 01:00:00+02:00,Solar 59,0.0
2030,sc01,07-12 01:00:00+02:00,CT NG 11,0.0
2030,sc01,07-12 01:00:00+02:00,Biomass 30,0.0
2030,sc01,07-12 01:00:00+02:00,Hydro 23,0.0
2030,sc01,07-12 01:00:00+02:00,CC NG 24,0.0
2030,sc01,07-12 01:00:00+02:00,Solar 65,0.0
2030,sc01,07-12 01:00:00+02:00,CC NG 18,0.0
2030,sc01,07-12 01:00:00+02:00,CT NG 16,0.0
2030,sc01,07-12 01:00:00+02:00,Solar 51,0.0
2030,sc01,07-12 01:00:00+02:00,Wind 06,2.9936727576
2030,sc01,07-12 01:00:00+02:00,CC NG 26,0.0
2030,sc01,07-12 01:00:00+02:00,CC NG 23,0.0
2030,sc01,07-12 01:00:00+02:00,CT NG 43,0.0
2030,sc01,07-12 01:00:00+02:00,CC NG 11,0.0
2030,sc01,07-12 01:00:00+02:00,CT NG 02,0.0
2030,sc01,07-12 01:00:00+02:00,CT NG 50,0.0
2030,sc01,07-12 01:00:00+02:00,Hydro 27,0.0
2030,sc01,07-12 01:00:00+02:00,CT NG 13,0.0
2030,sc01,07-12 01:00:00+02:00,CT NG 25,0.0
2030,sc01,07-12 01:00:00+02:00,CC NG 05,0.0
2030,sc01,07-12 01:00:00+02:00,Solar 04,0.0
2030,sc01,07-12 01:00:00+02:00,Solar 30,0.0
2030,sc01,07-12 01:00:00+02:00,Solar 29,0.0
2030,sc01,07-12 01:00:00+02:00,Solar 53,0.0
2030,sc01,07-12 01:00:00+02:00,Solar 21,0.0
2030,sc01,07-12 01:00:00+02:00,Biomass 58,0.0
2030,sc01,07-12 01:00:00+02:00,CT NG 74,0.0
2030,sc01,07-12 01:00:00+02:00,Solar 61,0.0
2030,sc01,07-12 01:00:00+02:00,Wind 07,2.0863784802
2030,sc01,07-12 01:00:00+02:00,Biomass 31,0.0
2030,sc01,07-12 01:00:00+02:00,CT Oil 05,0.0
2030,sc01,07-12 01:00:00+02:00,Biomass 38,0.0
2030,sc01,07-12 01:00:00+02:00,Solar 41,0.0
2030,sc01,07-12 01:00:00+02:00,Biomass 51,0.0
2030,sc01,07-12 01:00:00+02:00,Biomass 55,0.0
2030,sc01,07-12 01:00:00+02:00,Wind 15,0.0
2030,sc01,07-12 01:00:00+02:00,Geo 01,0.0
2030,sc01,07-12 01:00:00+02:00,Biomass 60,0.0
2030,sc01,07-12 01:00:00+02:00,CT NG 38,0.0
2030,sc01,07-12 01:00:00+02:00,Solar 66,0.0
2030,sc01,07-12 01:00:00+02:00,Solar 49,0.0
2030,sc01,07-12 01:00:00+02:00,CT NG 51,0.0
2030,sc01,07-12 01:00:00+02:00,Biomass 18,0.0
2030,sc01,07-12 01:00:00+02:00,ICE NG 01,0.0
2030,sc01,07-12 01:00:00+02:00,Solar 15,0.0
2030,sc01,07-12 01:00:00+02:00,ICE NG 05,0.0
2030,sc01,07-12 01:00:00+02:00,CT Oil 04,0.0
2030,sc01,07-12 01:00:00+02:00,CC NG 20,0.0
2030,sc01,07-12 01:00:00+02:00,Solar 20,0.0
2030,sc01,07-12 01:00:00+02:00,Biomass 04,0.0
2030,sc01,07-12 01:00:00+02:00,Wind 02,0.0
2030,sc01,07-12 01:00:00+02:00,Hydro 25,0.7304387999999999
2030,sc01,07-12 01:00:00+02:00,Solar 75,0.0
2030,sc01,07-12 01:00:00+02:00,Hydro 33,0.0
2030,sc01,07-12 01:00:00+02:00,ST NG 05,0.0
2030,sc01,07-12 01:00:00+02:00,CT NG 07,0.0
2030,sc01,07-12 01:00:00+02:00,Wind 01,0.0
2030,sc01,07-12 01:00:00+02:00,Solar 56,0.0
2030,sc01,07-12 01:00:00+02:00,Biomass 09,0.0
2030,sc01,07-12 01:00:00+02:00,Biomass 53,0.0
2030,sc01,07-12 01:00:00+02:00,Wind 17,0.0
2030,sc01,07-12 01:00:00+02:00,ST NG 08,0.0
2030,sc01,07-12 01:00:00+02:00,Hydro 19,0.0
2030,sc01,07-12 01:00:00+02:00,ST NG 02,0.0
2030,sc01,07-12 01:00:00+02:00,Biomass 01,0.0
2030,sc01,07-12 01:00:00+02:00,Biomass 57,0.0
2030,sc01,07-12 01:00:00+02:00,CT NG 49,0.0
2030,sc01,07-12 01:00:00+02:00,CT NG 31,0.0
2030,sc01,07-12 01:00:00+02:00,Solar 64,0.0
2030,sc01,07-12 01:00:00+02:00,CC NG 33,0.0
2030,sc01,07-12 01:00:00+02:00,Solar 46,0.0
2030,sc01,07-12 01:00:00+02:00,Biomass 12,0.0
2030,sc01,07-12 01:00:00+02:00,Wind 04,0.0
2030,sc01,07-12 01:00:00+02:00,Solar 13,0.0
2030,sc01,07-12 01:00:00+02:00,CT NG 55,0.0
2030,sc01,07-12 01:00:00+02:00,Wind N03,127.83506854391466
2030,sc01,07-12 01:00:00+02:00,CT NG 28,0.0
2030,sc01,07-12 01:00:00+02:00,Wind 09,1.1455627528799999
2030,sc01,07-12 01:00:00+02:00,Solar 60,0.0
2030,sc01,07-12 01:00:00+02:00,Solar 25,0.0
2030,sc01,07-12 01:00:00+02:00,CT NG 23,0.0
2030,sc01,07-12 01:00:00+02:00,ST Other 01,0.0
2030,sc01,07-12 01:00:00+02:00,Solar 70,0.0
2030,sc01,07-12 01:00:00+02:00,CC NG 34,0.0
2030,sc01,07-12 01:00:00+02:00,Solar 48,0.0
2030,sc01,07-12 01:00:00+02:00,Biomass 56,0.0
2030,sc01,07-12 01:00:00+02:00,CT NG 36,0.0
2030,sc01,07-12 01:00:00+02:00,Solar 47,0.0
2030,sc01,07-12 01:00:00+02:00,Hydro 17,0.025284420000000002
2030,sc01,07-12 01:00:00+02:00,Solar 09,0.0
2030,sc01,07-12 01:00:00+02:00,Solar 08,0.0
2030,sc01,07-12 01:00:00+02:00,CT NG 45,0.0
2030,sc01,07-12 01:00:00+02:00,ST NG 04,0.0
2030,sc01,07-12 01:00:00+02:00,Solar 40,0.0
2030,sc01,07-12 01:00:00+02:00,Biomass 47,0.0
2030,sc01,07-12 01:00:00+02:00,Solar 50,0.0
2030,sc01,07-12 01:00:00+02:00,Solar 52,0.0
2030,sc01,07-12 01:00:00+02:00,Solar 63,0.0
2030,sc01,07-12 01:00:00+02:00,CC NG 06,0.0
2030,sc01,07-12 01:00:00+02:00,Biomass 39,0.0
2030,sc01,07-12 01:00:00+02:00,Solar 67,0.0
2030,sc01,07-12 01:00:00+02:00,Solar 19,0.0
2030,sc01,07-12 01:00:00+02:00,Wind 12,13.780107236
2030,sc01,07-12 01:00:00+02:00,Solar 24,0.0
2030,sc01,07-12 01:00:00+02:00,ICE NG 02,0.0
2030,sc01,07-12 01:00:00+02:00,Solar 05,0.0
2030,sc01,07-12 01:00:00+02:00,CT NG 54,0.0
2030,sc01,07-12 01:00:00+02:00,Wind N01,22.316268177955013
2030,sc01,07-12 01:00:00+02:00,CT NG 27,0.0
2030,sc01,07-12 01:00:00+02:00,CC NG 36,0.0
2030,sc01,07-12 01:00:00+02:00,Wind N02,44.8609977045698
2030,sc01,07-12 01:00:00+02:00,CT NG 52,0.0
2030,sc01,07-12 01:00:00+02:00,Solar 35,0.0
2030,sc01,07-12 01:00:00+02:00,CT NG 05,0.0
2030,sc01,07-12 01:00:00+02:00,Biomass 36,0.0
2030,sc01,07-12 01:00:00+02:00,CT NG 34,0.0
2030,sc01,07-12 01:00:00+02:00,CT Oil 03,0.0
2030,sc01,07-12 01:00:00+02:00,Hydro 35,0.004495008000000001
2030,sc01,07-12 01:00:00+02:00,Solar 14,0.0
2030,sc01,07-12 01:00:00+02:00,CT NG 75,0.0
2030,sc01,07-12 01:00:00+02:00,ST NG 09,0.0
2030,sc01,07-12 01:00:00+02:00,CT NG 56,0.0
2030,sc01,07-12 01:00:00+02:00,Biomass 22,0.0
2030,sc01,07-12 01:00:00+02:00,Solar 18,0.0
2030,sc01,07-12 01:00:00+02:00,Biomass 13,0.0
2030,sc01,07-12 01:00:00+02:00,CT NG 71,0.0
2030,sc01,07-12 01:00:00+02:00,Solar 58,0.0
2030,sc01,07-12 01:00:00+02:00,Solar 06,0.0
2030,sc01,07-12 01:00:00+02:00,Biomass 08,0.0
2030,sc01,07-12 01:00:00+02:00,CT NG 72,0.0
2030,sc01,07-12 01:00:00+02:00,Hydro 18,0.08709078
2030,sc01,07-12 01:00:00+02:00,Solar 10,0.0
2030,sc01,07-12 01:00:00+02:00,CT NG 04,0.0
2030,sc01,07-12 01:00:00+02:00,ST Other 02,0.0
2030,sc01,07-12 01:00:00+02:00,CT NG 12,0.0
2030,sc01,07-12 01:00:00+02:00,CT NG 48,0.0
2030,sc01,07-12 01:00:00+02:00,ST NG 10,0.0
2030,sc01,07-12 01:00:00+02:00,Solar 22,0.0
2030,sc01,07-12 01:00:00+02:00,Solar 28,0.0
2030,sc01,07-12 01:00:00+02:00,CT NG 73,0.0
2030,sc01,07-12 01:00:00+02:00,Biomass 52,0.0
2030,sc01,07-12 01:00:00+02:00,CT NG 30,0.0
2030,sc01,07-12 01:00:00+02:00,Solar 54,0.0
2030,sc01,07-12 01:00:00+02:00,Solar 31,0.0
2030,sc01,07-12 01:00:00+02:00,Biomass 03,0.0
2030,sc01,07-12 01:00:00+02:00,CT NG 32,0.0
2030,sc01,07-12 01:00:00+02:00,Biomass 27,0.0
2030,sc01,07-12 01:00:00+02:00,CC NG 14,0.0
2030,sc01,07-12 01:00:00+02:00,CC NG 03,0.0
2030,sc01,07-12 01:00:00+02:00,CC NG 29,0.0
2030,sc01,07-12 01:00:00+02:00,CC NG 28,0.0
2030,sc01,07-12 01:00:00+02:00,CC NG 25,0.0
2030,sc01,07-12 01:00:00+02:00,CT NG 44,0.0
2030,sc01,07-12 01:00:00+02:00,CT NG 14,0.0
2030,sc01,07-12 01:00:00+02:00,CC NG 15,0.0
2030,sc01,07-12 01:00:00+02:00,CC NG 04,0.0
2030,sc01,07-12 01:00:00+02:00,Biomass 29,0.0
2030,sc01,07-12 01:00:00+02:00,Wind 14,0.0
2030,sc01,07-12 01:00:00+02:00,Wind 08,1.46520982356
2030,sc01,07-12 01:00:00+02:00,Biomass 61,0.0
2030,sc01,07-12 01:00:00+02:00,CT NG 35,0.0
2030,sc01,07-12 01:00:00+02:00,Solar 33,0.0
2030,sc01,07-12 01:00:00+02:00,CT NG 41,0.0
2030,sc01,07-12 01:00:00+02:00,CT NG 15,0.0
2030,sc01,07-12 01:00:00+02:00,Solar 42,0.0
2030,sc01,07-12 01:00:00+02:00,Solar 07,0.0
2030,sc01,07-12 01:00:00+02:00,Solar 43,0.0
2030,sc01,07-12 01:00:00+02:00,Biomass 05,0.0
2030,sc01,07-12 01:00:00+02:00,CT NG 29,0.0
2030,sc01,07-12 01:00:00+02:00,Solar 71,0.0
2030,sc01,07-12 01:00:00+02:00,CT NG 53,0.0
2030,sc01,07-12 01:00:00+02:00,CT NG 20,0.0
2030,sc01,07-12 01:00:00+02:00,Biomass 14,0.0
2030,sc01,07-12 01:00:00+02:00,Solar 26,0.0
2030,sc01,07-12 01:00:00+02:00,Hydro 29,0.0
2030,sc01,07-12 01:00:00+02:00,Hydro 31,0.0074916800000000006
2030,sc01,07-12 01:00:00+02:00,Biomass 24,0.0
2030,sc01,07-12 01:00:00+02:00,Biomass 54,0.0
2030,sc01,07-12 01:00:00+02:00,Solar 36,0.0
2030,sc01,07-12 01:00:00+02:00,Wind 03,0.0
2030,sc01,07-12 01:00:00+02:00,Biomass 40,0.0
2030,sc01,07-12 01:00:00+02:00,Biomass 49,0.0
2030,sc01,07-12 01:00:00+02:00,CC NG 16,0.0
2030,sc01,07-12 01:00:00+02:00,Biomass 48,0.0
2030,sc01,07-12 01:00:00+02:00,Hydro 28,0.0
2030,sc01,07-12 01:00:00+02:00,Biomass 17,0.0
2030,sc01,07-12 01:00:00+02:00,CT NG 33,0.0
2030,sc01,07-12 01:00:00+02:00,Solar 45,0.0
2030,sc01,07-12 01:00:00+02:00,Hydro 24,0.0
2030,sc01,07-12 01:00:00+02:00,Wind 13,7.411665296000001
2030,sc01,07-12 01:00:00+02:00,Biomass 07,0.0
2030,sc01,07-12 01:00:00+02:00,Biomass 34,0.0
2030,sc01,07-12 01:00:00+02:00,Biomass 33,0.0
2030,sc01,07-12 01:00:00+02:00,CT NG 01,0.0
2030,sc01,07-12 01:00:00+02:00,ICE NG 03,0.0
2030,sc01,07-12 01:00:00+02:00,Solar 55,0.0
2030,sc01,07-12 01:00:00+02:00,Solar 11,0.0
2030,sc01,07-12 01:00:00+02:00,CT NG 06,0.0
2030,sc01,07-12 01:00:00+02:00,CT NG 70,0.0
2030,sc01,07-12 01:00:00+02:00,Solar 23,0.0
2030,sc01,07-12 01:00:00+02:00,CT NG 67,0.0
2030,sc01,07-12 01:00:00+02:00,Solar 12,0.0
2030,sc01,07-12 01:00:00+02:00,CT Oil 01,0.0
2030,sc01,07-12 01:00:00+02:00,Hydro 26,0.0
2030,sc01,07-12 01:00:00+02:00,CC NG 22,0.0
2030,sc01,07-12 01:00:00+02:00,CC NG 35,0.0
2030,sc01,07-12 01:00:00+02:00,Biomass 50,0.0
2030,sc01,07-12 01:00:00+02:00,ICE NG 04,0.0
2030,sc01,07-12 01:00:00+02:00,CC NG 39,0.0
2030,sc01,07-12 01:00:00+02:00,Hydro 32,0.008990016000000002
2030,sc01,07-12 01:00:00+02:00,ICE NG 07,0.0
2030,sc01,07-12 01:00:00+02:00,Biomass 46,0.0
2030,sc01,07-12 01:00:00+02:00,CC NG 38,0.0
2030,sc01,07-12 01:00:00+02:00,CC NG 12,0.0
2030,sc01,07-12 01:00:00+02:00,Solar 57,0.0
2030,sc01,07-12 01:00:00+02:00,CC NG 32,0.0
2030,sc01,07-12 01:00:00+02:00,CC NG 07,0.0
2030,sc01,07-12 01:00:00+02:00,Biomass 44,0.0
2030,sc01,07-12 01:00:00+02:00,CT NG 40,0.0
2030,sc01,07-12 01:00:00+02:00,Solar 74,0.0
2030,sc01,07-12 01:00:00+02:00,Hydro 30,0.0
2030,sc01,07-12 01:00:00+02:00,CT NG 42,0.0
2030,sc01,07-12 01:00:00+02:00,Hydro 22,0.6540760800000001
2030,sc01,07-12 01:00:00+02:00,Solar 17,0.0
2030,sc01,07-12 01:00:00+02:00,Solar 38,0.0
2030,sc01,07-12 01:00:00+02:00,CT NG 24,0.0
2030,sc01,07-12 01:00:00+02:00,CC NG 27,0.0
2030,sc01,07-12 01:00:00+02:00,Biomass 21,0.0
2030,sc01,07-12 01:00:00+02:00,ICE NG 06,0.0
2030,sc01,07-12 01:00:00+02:00,Biomass 25,0.0
2030,sc01,07-12 01:00:00+02:00,Solar 27,0.0
2030,sc01,07-12 01:00:00+02:00,CT NG 19,0.0
2030,sc01,07-12 01:00:00+02:00,Biomass 42,0.0
2030,sc01,07-12 01:00:00+02:00,Biomass 19,0.0
2030,sc01,07-12 01:00:00+02:00,Biomass 06,0.0
2030,sc01,07-12 01:00:00+02:00,CT NG 10,0.0
2030,sc01,07-12 01:00:00+02:00,CC NG 40,0.0
2030,sc01,07-12 01:00:00+02:00,CC NG 21,0.0
2030,sc01,07-12 01:00:00+02:00,Biomass 02,0.0
2030,sc01,07-12 01:00:00+02:00,CT NG 46,0.0
2030,sc01,07-12 01:00:00+02:00,Hydro 34,0.0
2030,sc01,07-12 01:00:00+02:00,Biomass 10,0.0
2030,sc01,07-12 01:00:00+02:00,CT NG 17,0.0
2030,sc01,07-12 01:00:00+02:00,Biomass 62,0.0
2030,sc01,07-12 01:00:00+02:00,Biomass 32,0.0
2030,sc01,07-12 01:00:00+02:00,CC NG 19,0.0
2030,sc01,07-12 01:00:00+02:00,CC NG 17,0.0
2030,sc01,07-12 01:00:00+02:00,ST NG 01,0.0
2030,sc01,07-12 01:00:00+02:00,Biomass 45,0.0
2030,sc01,07-12 01:00:00+02:00,Biomass 28,0.0
2030,sc01,07-12 01:00:00+02:00,CC NG 10,0.0
2030,sc01,07-12 01:00:00+02:00,Biomass 23,0.0
2030,sc01,07-12 01:00:00+02:00,ST NG 06,0.0
2030,sc01,07-12 01:00:00+02:00,Wind 10,1.1201307978
2030,sc01,07-12 01:00:00+02:00,CT NG 69,0.0
2030,sc01,07-12 01:00:00+02:00,CT NG 68,0.0
2030,sc01,07-16 08:00:00+02:00,CC NG 13,0.0
2030,sc01,07-16 08:00:00+02:00,CT NG 37,0.0
2030,sc01,07-16 08:00:00+02:00,ST Coal 01,0.0
2030,sc01,07-16 08:00:00+02:00,CT NG 09,0.0
2030,sc01,07-16 08:00:00+02:00,CT NG 47,0.0
2030,sc01,07-16 08:00:00+02:00,Solar 69,0.0
2030,sc01,07-16 08:00:00+02:00,Solar 34,9.170198367248917
2030,sc01,07-16 08:00:00+02:00,Solar 73,0.0
2030,sc01,07-16 08:00:00+02:00,Biomass 37,0.0
2030,sc01,07-16 08:00:00+02:00,Hydro 20,0.0
2030,sc01,07-16 08:00:00+02:00,Solar 01,15.451635342700001
2030,sc01,07-16 08:00:00+02:00,Solar 62,0.0
2030,sc01,07-16 08:00:00+02:00,Solar 02,1.2512456575399022
2030,sc01,07-16 08:00:00+02:00,CT NG 26,0.0
2030,sc01,07-16 08:00:00+02:00,Biomass 20,0.01517
2030,sc01,07-16 08:00:00+02:00,Wind 16,15.894124411
2030,sc01,07-16 08:00:00+02:00,CT NG 66,0.0
2030,sc01,07-16 08:00:00+02:00,Solar 39,0.0
2030,sc01,07-16 08:00:00+02:00,Biomass 41,0.0
2030,sc01,07-16 08:00:00+02:00,Solar 72,0.0
2030,sc01,07-16 08:00:00+02:00,ST NG 03,0.0
2030,sc01,07-16 08:00:00+02:00,Hydro 21,0.0
2030,sc01,07-16 08:00:00+02:00,CT NG 03,0.0
2030,sc01,07-16 08:00:00+02:00,CC NG 09,0.0
2030,sc01,07-16 08:00:00+02:00,CT Oil 02,0.0
2030,sc01,07-16 08:00:00+02:00,CT NG 39,0.0
2030,sc01,07-16 08:00:00+02:00,CC NG 08,0.0
2030,sc01,07-16 08:00:00+02:00,Biomass 43,0.0
2030,sc01,07-16 08:00:00+02:00,CT NG 18,0.0
2030,sc01,07-16 08:00:00+02:00,ST NG 07,0.0
2030,sc01,07-16 08:00:00+02:00,Biomass 35,0.0
2030,sc01,07-16 08:00:00+02:00,Solar 32,0.0
2030,sc01,07-16 08:00:00+02:00,Biomass 15,0.00861
2030,sc01,07-16 08:00:00+02:00,CC NG 31,0.0
2030,sc01,07-16 08:00:00+02:00,Solar 16,0.7018135947499999
2030,sc01,07-16 08:00:00+02:00,Solar 68,0.0
2030,sc01,07-16 08:00:00+02:00,CT NG 21,0.0
2030,sc01,07-16 08:00:00+02:00,Wind 11,1.65777821049
2030,sc01,07-16 08:00:00+02:00,CC NG 37,0.0
2030,sc01,07-16 08:00:00+02:00,CT NG 22,0.0
2030,sc01,07-16 08:00:00+02:00,Hydro 16,0.02247784
2030,sc01,07-16 08:00:00+02:00,Biomass 59,0.16974000000000003
2030,sc01,07-16 08:00:00+02:00,CC NG 01,0.0
2030,sc01,07-16 08:00:00+02:00,Biomass 16,0.00861
2030,sc01,07-16 08:00:00+02:00,Solar 03,4.9471863743
2030,sc01,07-16 08:00:00+02:00,Solar 44,0.0
2030,sc01,07-16 08:00:00+02:00,CT NG 08,0.0
2030,sc01,07-16 08:00:00+02:00,Wind 05,0.009059198624
2030,sc01,07-16 08:00:00+02:00,Biomass 26,0.06928999999999999
2030,sc01,07-16 08:00:00+02:00,Solar 37,0.0
2030,sc01,07-16 08:00:00+02:00,Biomass 11,0.01435
2030,sc01,07-16 08:00:00+02:00,Solar 59,0.0
2030,sc01,07-16 08:00:00+02:00,CT NG 11,0.0
2030,sc01,07-16 08:00:00+02:00,Biomass 30,0.06928999999999999
2030,sc01,07-16 08:00:00+02:00,Hydro 23,0.0
2030,sc01,07-16 08:00:00+02:00,CC NG 24,0.0
2030,sc01,07-16 08:00:00+02:00,Solar 65,13.9913670058
2030,sc01,07-16 08:00:00+02:00,CC NG 18,0.0
2030,sc01,07-16 08:00:00+02:00,CT NG 16,0.0
2030,sc01,07-16 08:00:00+02:00,Solar 51,0.0
2030,sc01,07-16 08:00:00+02:00,Wind 06,2.02151092532
2030,sc01,07-16 08:00:00+02:00,CC NG 26,0.0
2030,sc01,07-16 08:00:00+02:00,CC NG 23,0.0
2030,sc01,07-16 08:00:00+02:00,CT NG 43,0.0
2030,sc01,07-16 08:00:00+02:00,CC NG 11,0.0
2030,sc01,07-16 08:00:00+02:00,CT NG 02,0.0
2030,sc01,07-16 08:00:00+02:00,CT NG 50,0.0
2030,sc01,07-16 08:00:00+02:00,Hydro 27,0.0
2030,sc01,07-16 08:00:00+02:00,CT NG 13,0.0
2030,sc01,07-16 08:00:00+02:00,CT NG 25,0.0
2030,sc01,07-16 08:00:00+02:00,CC NG 05,0.0
2030,sc01,07-16 08:00:00+02:00,Solar 04,0.72432826874
2030,sc01,07-16 08:00:00+02:00,Solar 30,0.67676691369
2030,sc01,07-16 08:00:00+02:00,Solar 29,1.2756989038100002
2030,sc01,07-16 08:00:00+02:00,Solar 53,0.0
2030,sc01,07-16 08:00:00+02:00,Solar 21,2.7483763380200004
2030,sc01,07-16 08:00:00+02:00,Biomass 58,0.08938
2030,sc01,07-16 08:00:00+02:00,CT NG 74,0.0
2030,sc01,07-16 08:00:00+02:00,Solar 61,0.0
2030,sc01,07-16 08:00:00+02:00,Wind 07,1.65348523702
2030,sc01,07-16 08:00:00+02:00,Biomass 31,0.06928999999999999
2030,sc01,07-16 08:00:00+02:00,CT Oil 05,0.0
2030,sc01,07-16 08:00:00+02:00,Biomass 38,0.0
2030,sc01,07-16 08:00:00+02:00,Solar 41,0.0
2030,sc01,07-16 08:00:00+02:00,Biomass 51,0.0
2030,sc01,07-16 08:00:00+02:00,Biomass 55,0.10209000000000001
2030,sc01,07-16 08:00:00+02:00,Wind 15,1.85913633752
2030,sc01,07-16 08:00:00+02:00,Geo 01,0.0
2030,sc01,07-16 08:00:00+02:00,Biomass 60,0.1107
2030,sc01,07-16 08:00:00+02:00,CT NG 38,0.0
2030,sc01,07-16 08:00:00+02:00,Solar 66,24.6082554238
2030,sc01,07-16 08:00:00+02:00,Solar 49,0.0
2030,sc01,07-16 08:00:00+02:00,CT NG 51,0.0
2030,sc01,07-16 08:00:00+02:00,Biomass 18,0.00861
2030,sc01,07-16 08:00:00+02:00,ICE NG 01,0.0
2030,sc01,07-16 08:00:00+02:00,Solar 15,1.5717715195200002
2030,sc01,07-16 08:00:00+02:00,ICE NG 05,0.0
2030,sc01,07-16 08:00:00+02:00,CT Oil 04,0.0
2030,sc01,07-16 08:00:00+02:00,CC NG 20,0.0
2030,sc01,07-16 08:00:00+02:00,Solar 20,1.49087219445
2030,sc01,07-16 08:00:00+02:00,Biomass 04,0.0
2030,sc01,07-16 08:00:00+02:00,Wind 02,3.6671387247199996
2030,sc01,07-16 08:00:00+02:00,Hydro 25,0.0
2030,sc01,07-16 08:00:00+02:00,Solar 75,7.6276708484
2030,sc01,07-16 08:00:00+02:00,Hydro 33,0.0
2030,sc01,07-16 08:00:00+02:00,ST NG 05,0.0
2030,sc01,07-16 08:00:00+02:00,CT NG 07,0.0
2030,sc01,07-16 08:00:00+02:00,Wind 01,1.11344442674
2030,sc01,07-16 08:00:00+02:00,Solar 56,0.0
2030,sc01,07-16 08:00:00+02:00,Biomass 09,0.03198
2030,sc01,07-16 08:00:00+02:00,Biomass 53,0.10209000000000001
2030,sc01,07-16 08:00:00+02:00,Wind 17,3.82453424136
2030,sc01,07-16 08:00:00+02:00,ST NG 08,0.0
2030,sc01,07-16 08:00:00+02:00,Hydro 19,0.0
2030,sc01,07-16 08:00:00+02:00,ST NG 02,0.0
2030,sc01,07-16 08:00:00+02:00,Biomass 01,0.043050000000000005
2030,sc01,07-16 08:00:00+02:00,Biomass 57,0.08938
2030,sc01,07-16 08:00:00+02:00,CT NG 49,0.0
2030,sc01,07-16 08:00:00+02:00,CT NG 31,0.0
2030,sc01,07-16 08:00:00+02:00,Solar 64,6.888000000000001
2030,sc01,07-16 08:00:00+02:00,CC NG 33,0.0
2030,sc01,07-16 08:00:00+02:00,Solar 46,0.0
2030,sc01,07-16 08:00:00+02:00,Biomass 12,0.01435
2030,sc01,07-16 08:00:00+02:00,Wind 04,0.236627447888
2030,sc01,07-16 08:00:00+02:00,Solar 13,0.03945716836
2030,sc01,07-16 08:00:00+02:00,CT NG 55,0.0
2030,sc01,07-16 08:00:00+02:00,Wind N03,62.288827829591916
2030,sc01,07-16 08:00:00+02:00,CT NG 28,0.0
2030,sc01,07-16 08:00:00+02:00,Wind 09,0.115250527352
2030,sc01,07-16 08:00:00+02:00,Solar 60,0.0
2030,sc01,07-16 08:00:00+02:00,Solar 25,0.289346340784
2030,sc01,07-16 08:00:00+02:00,CT NG 23,0.0
2030,sc01,07-16 08:00:00+02:00,ST Other 01,0.0
2030,sc01,07-16 08:00:00+02:00,Solar 70,15.383054790300001
2030,sc01,07-16 08:00:00+02:00,CC NG 34,0.0
2030,sc01,07-16 08:00:00+02:00,Solar 48,0.0
2030,sc01,07-16 08:00:00+02:00,Biomass 56,0.10085999999999999
2030,sc01,07-16 08:00:00+02:00,CT NG 36,0.0
2030,sc01,07-16 08:00:00+02:00,Solar 47,0.0
2030,sc01,07-16 08:00:00+02:00,Hydro 17,0.0
2030,sc01,07-16 08:00:00+02:00,Solar 09,0.0
2030,sc01,07-16 08:00:00+02:00,Solar 08,0.0
2030,sc01,07-16 08:00:00+02:00,CT NG 45,0.0
2030,sc01,07-16 08:00:00+02:00,ST NG 04,0.0
2030,sc01,07-16 08:00:00+02:00,Solar 40,0.0
2030,sc01,07-16 08:00:00+02:00,Biomass 47,0.0
2030,sc01,07-16 08:00:00+02:00,Solar 50,0.0
2030,sc01,07-16 08:00:00+02:00,Solar 52,0.0
2030,sc01,07-16 08:00:00+02:00,Solar 63,15.6864435604
2030,sc01,07-16 08:00:00+02:00,CC NG 06,0.0
2030,sc01,07-16 08:00:00+02:00,Biomass 39,0.0
2030,sc01,07-16 08:00:00+02:00,Solar 67,5.097160482067042
2030,sc01,07-16 08:00:00+02:00,Solar 19,0.014922878568
2030,sc01,07-16 08:00:00+02:00,Wind 12,8.9592838626
2030,sc01,07-16 08:00:00+02:00,Solar 24,0.21580949091999999
2030,sc01,07-16 08:00:00+02:00,ICE NG 02,0.0
2030,sc01,07-16 08:00:00+02:00,Solar 05,0.0
2030,sc01,07-16 08:00:00+02:00,CT NG 54,0.0
2030,sc01,07-16 08:00:00+02:00,Wind N01,84.9983341
2030,sc01,07-16 08:00:00+02:00,CT NG 27,0.0
2030,sc01,07-16 08:00:00+02:00,CC NG 36,0.0
2030,sc01,07-16 08:00:00+02:00,Wind N02,101.96780760389656
2030,sc01,07-16 08:00:00+02:00,CT NG 52,0.0
2030,sc01,07-16 08:00:00+02:00,Solar 35,0.0
2030,sc01,07-16 08:00:00+02:00,CT NG 05,0.0
2030,sc01,07-16 08:00:00+02:00,Biomass 36,0.0
2030,sc01,07-16 08:00:00+02:00,CT NG 34,0.0
2030,sc01,07-16 08:00:00+02:00,CT Oil 03,0.0
2030,sc01,07-16 08:00:00+02:00,Hydro 35,0.006743352
2030,sc01,07-16 08:00:00+02:00,Solar 14,1.7474560037400002
2030,sc01,07-16 08:00:00+02:00,CT NG 75,0.0
2030,sc01,07-16 08:00:00+02:00,ST NG 09,0.0
2030,sc01,07-16 08:00:00+02:00,CT NG 56,0.0
2030,sc01,07-16 08:00:00+02:00,Biomass 22,0.01517
2030,sc01,07-16 08:00:00+02:00,Solar 18,1.84315200413
2030,sc01,07-16 08:00:00+02:00,Biomass 13,0.01435
2030,sc01,07-16 08:00:00+02:00,CT NG 71,0.0
2030,sc01,07-16 08:00:00+02:00,Solar 58,0.0
2030,sc01,07-16 08:00:00+02:00,Solar 06,0.0
2030,sc01,07-16 08:00:00+02:00,Biomass 08,0.03198
2030,sc01,07-16 08:00:00+02:00,CT NG 72,0.0
2030,sc01,07-16 08:00:00+02:00,Hydro 18,0.0
2030,sc01,07-16 08:00:00+02:00,Solar 10,1.43606326202
2030,sc01,07-16 08:00:00+02:00,CT NG 04,0.0
2030,sc01,07-16 08:00:00+02:00,ST Other 02,0.0
2030,sc01,07-16 08:00:00+02:00,CT NG 12,0.0
2030,sc01,07-16 08:00:00+02:00,CT NG 48,0.0
2030,sc01,07-16 08:00:00+02:00,ST NG 10,0.0
2030,sc01,07-16 08:00:00+02:00,Solar 22,1.3268646356900002
2030,sc01,07-16 08:00:00+02:00,Solar 28,1.18738933714
2030,sc01,07-16 08:00:00+02:00,CT NG 73,0.0
2030,sc01,07-16 08:00:00+02:00,Biomass 52,0.0
2030,sc01,07-16 08:00:00+02:00,CT NG 30,0.0
2030,sc01,07-16 08:00:00+02:00,Solar 54,0.0
2030,sc01,07-16 08:00:00+02:00,Solar 31,0.0
2030,sc01,07-16 08:00:00+02:00,Biomass 03,0.0
2030,sc01,07-16 08:00:00+02:00,CT NG 32,0.0
2030,sc01,07-16 08:00:00+02:00,Biomass 27,0.06928999999999999
2030,sc01,07-16 08:00:00+02:00,CC NG 14,0.0
2030,sc01,07-16 08:00:00+02:00,CC NG 03,0.0
2030,sc01,07-16 08:00:00+02:00,CC NG 29,0.0
2030,sc01,07-16 08:00:00+02:00,CC NG 28,0.0
2030,sc01,07-16 08:00:00+02:00,CC NG 25,0.0
2030,sc01,07-16 08:00:00+02:00,CT NG 44,0.0
2030,sc01,07-16 08:00:00+02:00,CT NG 14,0.0
2030,sc01,07-16 08:00:00+02:00,CC NG 15,0.0
2030,sc01,07-16 08:00:00+02:00,CC NG 04,0.0
2030,sc01,07-16 08:00:00+02:00,Biomass 29,0.06928999999999999
2030,sc01,07-16 08:00:00+02:00,Wind 14,0.0
2030,sc01,07-16 08:00:00+02:00,Wind 08,0.145445097072
2030,sc01,07-16 08:00:00+02:00,Biomass 61,0.0
2030,sc01,07-16 08:00:00+02:00,CT NG 35,0.0
2030,sc01,07-16 08:00:00+02:00,Solar 33,0.0
2030,sc01,07-16 08:00:00+02:00,CT NG 41,0.0
2030,sc01,07-16 08:00:00+02:00,CT NG 15,0.0
2030,sc01,07-16 08:00:00+02:00,Solar 42,0.0
2030,sc01,07-16 08:00:00+02:00,Solar 07,0.0
2030,sc01,07-16 08:00:00+02:00,Solar 43,0.0
2030,sc01,07-16 08:00:00+02:00,Biomass 05,0.018860000000000002
2030,sc01,07-16 08:00:00+02:00,CT NG 29,0.0
2030,sc01,07-16 08:00:00+02:00,Solar 71,0.0
2030,sc01,07-16 08:00:00+02:00,CT NG 53,0.0
2030,sc01,07-16 08:00:00+02:00,CT NG 20,0.0
2030,sc01,07-16 08:00:00+02:00,Biomass 14,0.03157
2030,sc01,07-16 08:00:00+02:00,Solar 26,0.26795491452
2030,sc01,07-16 08:00:00+02:00,Hydro 29,0.0
2030,sc01,07-16 08:00:00+02:00,Hydro 31,0.01123892
2030,sc01,07-16 08:00:00+02:00,Biomass 24,0.01271
2030,sc01,07-16 08:00:00+02:00,Biomass 54,0.10209000000000001
2030,sc01,07-16 08:00:00+02:00,Solar 36,27.0122334625
2030,sc01,07-16 08:00:00+02:00,Wind 03,0.61204245516
2030,sc01,07-16 08:00:00+02:00,Biomass 40,0.0
2030,sc01,07-16 08:00:00+02:00,Biomass 49,0.0
2030,sc01,07-16 08:00:00+02:00,CC NG 16,0.0
2030,sc01,07-16 08:00:00+02:00,Biomass 48,0.0
2030,sc01,07-16 08:00:00+02:00,Hydro 28,0.0
2030,sc01,07-16 08:00:00+02:00,Biomass 17,0.00861
2030,sc01,07-16 08:00:00+02:00,CT NG 33,0.0
2030,sc01,07-16 08:00:00+02:00,Solar 45,0.0
2030,sc01,07-16 08:00:00+02:00,Hydro 24,0.0
2030,sc01,07-16 08:00:00+02:00,Wind 13,5.1148874730000005
2030,sc01,07-16 08:00:00+02:00,Biomass 07,0.082
2030,sc01,07-16 08:00:00+02:00,Biomass 34,0.0
2030,sc01,07-16 08:00:00+02:00,Biomass 33,0.0
2030,sc01,07-16 08:00:00+02:00,CT NG 01,0.045072594596303
2030,sc01,07-16 08:00:00+02:00,ICE NG 03,0.0
2030,sc01,07-16 08:00:00+02:00,Solar 55,0.0
2030,sc01,07-16 08:00:00+02:00,Solar 11,0.295994340888
2030,sc01,07-16 08:00:00+02:00,CT NG 06,0.0
2030,sc01,07-16 08:00:00+02:00,CT NG 70,0.0
2030,sc01,07-16 08:00:00+02:00,Solar 23,0.043828222311999995
2030,sc01,07-16 08:00:00+02:00,CT NG 67,0.0
2030,sc01,07-16 08:00:00+02:00,Solar 12,0.229130890792
2030,sc01,07-16 08:00:00+02:00,CT Oil 01,0.0
2030,sc01,07-16 08:00:00+02:00,Hydro 26,0.0
2030,sc01,07-16 08:00:00+02:00,CC NG 22,0.0
2030,sc01,07-16 08:00:00+02:00,CC NG 35,0.0
2030,sc01,07-16 08:00:00+02:00,Biomass 50,0.0
2030,sc01,07-16 08:00:00+02:00,ICE NG 04,0.0
2030,sc01,07-16 08:00:00+02:00,CC NG 39,0.0
2030,sc01,07-16 08:00:00+02:00,Hydro 32,0.013486704
2030,sc01,07-16 08:00:00+02:00,ICE NG 07,0.0
2030,sc01,07-16 08:00:00+02:00,Biomass 46,0.0
2030,sc01,07-16 08:00:00+02:00,CC NG 38,0.0
2030,sc01,07-16 08:00:00+02:00,CC NG 12,0.0
2030,sc01,07-16 08:00:00+02:00,Solar 57,0.0
2030,sc01,07-16 08:00:00+02:00,CC NG 32,0.0
2030,sc01,07-16 08:00:00+02:00,CC NG 07,0.0
2030,sc01,07-16 08:00:00+02:00,Biomass 44,0.0
2030,sc01,07-16 08:00:00+02:00,CT NG 40,0.0
2030,sc01,07-16 08:00:00+02:00,Solar 74,6.8333745602
2030,sc01,07-16 08:00:00+02:00,Hydro 30,0.0
2030,sc01,07-16 08:00:00+02:00,CT NG 42,0.0
2030,sc01,07-16 08:00:00+02:00,Hydro 22,0.0
2030,sc01,07-16 08:00:00+02:00,Solar 17,0.4494172483
2030,sc01,07-16 08:00:00+02:00,Solar 38,0.0
2030,sc01,07-16 08:00:00+02:00,CT NG 24,0.0
2030,sc01,07-16 08:00:00+02:00,CC NG 27,0.0
2030,sc01,07-16 08:00:00+02:00,Biomass 21,0.01517
2030,sc01,07-16 08:00:00+02:00,ICE NG 06,0.0
2030,sc01,07-16 08:00:00+02:00,Biomass 25,0.01271
2030,sc01,07-16 08:00:00+02:00,Solar 27,0.13246441704
2030,sc01,07-16 08:00:00+02:00,CT NG 19,0.0
2030,sc01,07-16 08:00:00+02:00,Biomass 42,0.0
2030,sc01,07-16 08:00:00+02:00,Biomass 19,0.01517
2030,sc01,07-16 08:00:00+02:00,Biomass 06,0.018860000000000002
2030,sc01,07-16 08:00:00+02:00,CT NG 10,0.0
2030,sc01,07-16 08:00:00+02:00,CC NG 40,0.0
2030,sc01,07-16 08:00:00+02:00,CC NG 21,0.0
2030,sc01,07-16 08:00:00+02:00,Biomass 02,0.043050000000000005
2030,sc01,07-16 08:00:00+02:00,CT NG 46,0.0
2030,sc01,07-16 08:00:00+02:00,Hydro 34,0.0
2030,sc01,07-16 08:00:00+02:00,Biomass 10,0.03198
2030,sc01,07-16 08:00:00+02:00,CT NG 17,0.0
2030,sc01,07-16 08:00:00+02:00,Biomass 62,0.08486999999999999
2030,sc01,07-16 08:00:00+02:00,Biomass 32,0.049199999999999994
2030,sc01,07-16 08:00:00+02:00,CC NG 19,0.0
2030,sc01,07-16 08:00:00+02:00,CC NG 17,0.0
2030,sc01,07-16 08:00:00+02:00,ST NG 01,0.0
2030,sc01,07-16 08:00:00+02:00,Biomass 45,0.0
2030,sc01,07-16 08:00:00+02:00,Biomass 28,0.06928999999999999
2030,sc01,07-16 08:00:00+02:00,CC NG 10,0.0
2030,sc01,07-16 08:00:00+02:00,Biomass 23,0.01271
2030,sc01,07-16 08:00:00+02:00,ST NG 06,0.0
2030,sc01,07-16 08:00:00+02:00,Wind 10,0.12470584042400001
2030,sc01,07-16 08:00:00+02:00,CT NG 69,0.0
2030,sc01,07-16 08:00:00+02:00,CT NG 68,0.0
2030,sc01,07-17 11:00:00+02:00,CC NG 13,0.0
2030,sc01,07-17 11:00:00+02:00,CT NG 37,0.0
2030,sc01,07-17 11:00:00+02:00,ST Coal 01,0.0
2030,sc01,07-17 11:00:00+02:00,CT NG 09,0.0
2030,sc01,07-17 11:00:00+02:00,CT NG 47,0.0
2030,sc01,07-17 11:00:00+02:00,Solar 69,0.0
2030,sc01,07-17 11:00:00+02:00,Solar 34,8.237413412972725
2030,sc01,07-17 11:00:00+02:00,Solar 73,0.0
2030,sc01,07-17 11:00:00+02:00,Biomass 37,0.0
2030,sc01,07-17 11:00:00+02:00,Hydro 20,2.9560762800000004
2030,sc01,07-17 11:00:00+02:00,Solar 01,33.0636505332
2030,sc01,07-17 11:00:00+02:00,Solar 62,0.0
2030,sc01,07-17 11:00:00+02:00,Solar 02,21.008005999599998
2030,sc01,07-17 11:00:00+02:00,CT NG 26,0.0
2030,sc01,07-17 11:00:00+02:00,Biomass 20,0.02516
2030,sc01,07-17 11:00:00+02:00,Wind 16,4.816619913719999
2030,sc01,07-17 11:00:00+02:00,CT NG 66,0.0
2030,sc01,07-17 11:00:00+02:00,Solar 39,0.0
2030,sc01,07-17 11:00:00+02:00,Biomass 41,0.0
2030,sc01,07-17 11:00:00+02:00,Solar 72,0.0
2030,sc01,07-17 11:00:00+02:00,ST NG 03,0.0
2030,sc01,07-17 11:00:00+02:00,Hydro 21,0.0
2030,sc01,07-17 11:00:00+02:00,CT NG 03,0.0
2030,sc01,07-17 11:00:00+02:00,CC NG 09,0.0
2030,sc01,07-17 11:00:00+02:00,CT Oil 02,0.0
2030,sc01,07-17 11:00:00+02:00,CT NG 39,0.0
2030,sc01,07-17 11:00:00+02:00,CC NG 08,0.0
2030,sc01,07-17 11:00:00+02:00,Biomass 43,0.0
2030,sc01,07-17 11:00:00+02:00,CT NG 18,0.0
2030,sc01,07-17 11:00:00+02:00,ST NG 07,0.0
2030,sc01,07-17 11:00:00+02:00,Biomass 35,0.0
2030,sc01,07-17 11:00:00+02:00,Solar 32,0.0
2030,sc01,07-17 11:00:00+02:00,Biomass 15,0.014280000000000001
2030,sc01,07-17 11:00:00+02:00,CC NG 31,0.0
2030,sc01,07-17 11:00:00+02:00,Solar 16,2.2346102880000003
2030,sc01,07-17 11:00:00+02:00,Solar 68,12.785844932249287
2030,sc01,07-17 11:00:00+02:00,CT NG 21,0.0
2030,sc01,07-17 11:00:00+02:00,Wind 11,2.14466212316
2030,sc01,07-17 11:00:00+02:00,CC NG 37,0.0
2030,sc01,07-17 11:00:00+02:00,CT NG 22,0.0
2030,sc01,07-17 11:00:00+02:00,Hydro 16,0.0372368
2030,sc01,07-17 11:00:00+02:00,Biomass 59,0.28152000000000005
2030,sc01,07-17 11:00:00+02:00,CC NG 01,0.0
2030,sc01,07-17 11:00:00+02:00,Biomass 16,0.014280000000000001
2030,sc01,07-17 11:00:00+02:00,Solar 03,13.645122236399999
2030,sc01,07-17 11:00:00+02:00,Solar 44,0.0
2030,sc01,07-17 11:00:00+02:00,CT NG 08,0.0
2030,sc01,07-17 11:00:00+02:00,Wind 05,0.057315731200000004
2030,sc01,07-17 11:00:00+02:00,Biomass 26,0.11492
2030,sc01,07-17 11:00:00+02:00,Solar 37,0.0
2030,sc01,07-17 11:00:00+02:00,Biomass 11,0.023799999999999998
2030,sc01,07-17 11:00:00+02:00,Solar 59,0.0
2030,sc01,07-17 11:00:00+02:00,CT NG 11,0.0
2030,sc01,07-17 11:00:00+02:00,Biomass 30,0.11492
2030,sc01,07-17 11:00:00+02:00,Hydro 23,0.0
2030,sc01,07-17 11:00:00+02:00,CC NG 24,0.0
2030,sc01,07-17 11:00:00+02:00,Solar 65,26.289491920399996
2030,sc01,07-17 11:00:00+02:00,CC NG 18,0.0
2030,sc01,07-17 11:00:00+02:00,CT NG 16,0.0
2030,sc01,07-17 11:00:00+02:00,Solar 51,0.0
2030,sc01,07-17 11:00:00+02:00,Wind 06,2.6693871824800004
2030,sc01,07-17 11:00:00+02:00,CC NG 26,0.0
2030,sc01,07-17 11:00:00+02:00,CC NG 23,0.0
2030,sc01,07-17 11:00:00+02:00,CT NG 43,0.0
2030,sc01,07-17 11:00:00+02:00,CC NG 11,0.0
2030,sc01,07-17 11:00:00+02:00,CT NG 02,0.0
2030,sc01,07-17 11:00:00+02:00,CT NG 50,0.0
2030,sc01,07-17 11:00:00+02:00,Hydro 27,0.0
2030,sc01,07-17 11:00:00+02:00,CT NG 13,1.4232672
2030,sc01,07-17 11:00:00+02:00,CT NG 25,0.0
2030,sc01,07-17 11:00:00+02:00,CC NG 05,0.0
2030,sc01,07-17 11:00:00+02:00,Solar 04,2.17632167944
2030,sc01,07-17 11:00:00+02:00,Solar 30,2.1548603782800004
2030,sc01,07-17 11:00:00+02:00,Solar 29,3.8462117595199996
2030,sc01,07-17 11:00:00+02:00,Solar 53,0.0
2030,sc01,07-17 11:00:00+02:00,Solar 21,8.257790378400001
2030,sc01,07-17 11:00:00+02:00,Biomass 58,0.14824
2030,sc01,07-17 11:00:00+02:00,CT NG 74,0.0
2030,sc01,07-17 11:00:00+02:00,Solar 61,0.0
2030,sc01,07-17 11:00:00+02:00,Wind 07,2.1947552969200004
2030,sc01,07-17 11:00:00+02:00,Biomass 31,0.11492
2030,sc01,07-17 11:00:00+02:00,CT Oil 05,0.0
2030,sc01,07-17 11:00:00+02:00,Biomass 38,0.0
2030,sc01,07-17 11:00:00+02:00,Solar 41,0.0
2030,sc01,07-17 11:00:00+02:00,Biomass 51,0.0
2030,sc01,07-17 11:00:00+02:00,Biomass 55,0.16932000000000003
2030,sc01,07-17 11:00:00+02:00,Wind 15,1.62167931088
2030,sc01,07-17 11:00:00+02:00,Geo 01,0.0
2030,sc01,07-17 11:00:00+02:00,Biomass 60,0.1836
2030,sc01,07-17 11:00:00+02:00,CT NG 38,0.0
2030,sc01,07-17 11:00:00+02:00,Solar 66,50.775505812119164
2030,sc01,07-17 11:00:00+02:00,Solar 49,0.0
2030,sc01,07-17 11:00:00+02:00,CT NG 51,0.0
2030,sc01,07-17 11:00:00+02:00,Biomass 18,0.014280000000000001
2030,sc01,07-17 11:00:00+02:00,ICE NG 01,0.0
2030,sc01,07-17 11:00:00+02:00,Solar 15,4.722555476999999
2030,sc01,07-17 11:00:00+02:00,ICE NG 05,0.0
2030,sc01,07-17 11:00:00+02:00,CT Oil 04,0.0
2030,sc01,07-17 11:00:00+02:00,CC NG 20,0.0
2030,sc01,07-17 11:00:00+02:00,Solar 20,4.4524911582
2030,sc01,07-17 11:00:00+02:00,Biomass 04,0.0
2030,sc01,07-17 11:00:00+02:00,Wind 02,4.1524006948
2030,sc01,07-17 11:00:00+02:00,Hydro 25,0.0
2030,sc01,07-17 11:00:00+02:00,Solar 75,8.218760228
2030,sc01,07-17 11:00:00+02:00,Hydro 33,0.0
2030,sc01,07-17 11:00:00+02:00,ST NG 05,0.0
2030,sc01,07-17 11:00:00+02:00,CT NG 07,0.0
2030,sc01,07-17 11:00:00+02:00,Wind 01,1.4997313830399999
2030,sc01,07-17 11:00:00+02:00,Solar 56,0.0
2030,sc01,07-17 11:00:00+02:00,Biomass 09,0.053040000000000004
2030,sc01,07-17 11:00:00+02:00,Biomass 53,0.16932000000000003
2030,sc01,07-17 11:00:00+02:00,Wind 17,13.3669694808
2030,sc01,07-17 11:00:00+02:00,ST NG 08,0.0
2030,sc01,07-17 11:00:00+02:00,Hydro 19,0.0
2030,sc01,07-17 11:00:00+02:00,ST NG 02,0.0
2030,sc01,07-17 11:00:00+02:00,Biomass 01,0.0714
2030,sc01,07-17 11:00:00+02:00,Biomass 57,0.14824
2030,sc01,07-17 11:00:00+02:00,CT NG 49,0.0
2030,sc01,07-17 11:00:00+02:00,CT NG 31,0.0
2030,sc01,07-17 11:00:00+02:00,Solar 64,11.424000000000001
2030,sc01,07-17 11:00:00+02:00,CC NG 33,0.0
2030,sc01,07-17 11:00:00+02:00,Solar 46,0.0
2030,sc01,07-17 11:00:00+02:00,Biomass 12,0.023799999999999998
2030,sc01,07-17 11:00:00+02:00,Wind 04,0.642240009088
2030,sc01,07-17 11:00:00+02:00,Solar 13,0.11855327862399999
2030,sc01,07-17 11:00:00+02:00,CT NG 55,0.0
2030,sc01,07-17 11:00:00+02:00,Wind N03,198.200567440444
2030,sc01,07-17 11:00:00+02:00,CT NG 28,0.0
2030,sc01,07-17 11:00:00+02:00,Wind 09,0.8402160423599999
2030,sc01,07-17 11:00:00+02:00,Solar 60,0.0
2030,sc01,07-17 11:00:00+02:00,Solar 25,0.86937199844
2030,sc01,07-17 11:00:00+02:00,CT NG 23,0.0
2030,sc01,07-17 11:00:00+02:00,ST Other 01,0.0
2030,sc01,07-17 11:00:00+02:00,Solar 70,71.716630032
2030,sc01,07-17 11:00:00+02:00,CC NG 34,0.0
2030,sc01,07-17 11:00:00+02:00,Solar 48,0.0
2030,sc01,07-17 11:00:00+02:00,Biomass 56,0.16727999999999998
2030,sc01,07-17 11:00:00+02:00,CT NG 36,0.0
2030,sc01,07-17 11:00:00+02:00,Solar 47,0.0
2030,sc01,07-17 11:00:00+02:00,Hydro 17,0.0
2030,sc01,07-17 11:00:00+02:00,Solar 09,0.0
2030,sc01,07-17 11:00:00+02:00,Solar 08,0.0
2030,sc01,07-17 11:00:00+02:00,CT NG 45,0.0
2030,sc01,07-17 11:00:00+02:00,ST NG 04,0.0
2030,sc01,07-17 11:00:00+02:00,Solar 40,0.0
2030,sc01,07-17 11:00:00+02:00,Biomass 47,0.0
2030,sc01,07-17 11:00:00+02:00,Solar 50,0.0
2030,sc01,07-17 11:00:00+02:00,Solar 52,0.0
2030,sc01,07-17 11:00:00+02:00,Solar 63,29.4745060376
2030,sc01,07-17 11:00:00+02:00,CC NG 06,0.0
2030,sc01,07-17 11:00:00+02:00,Biomass 39,0.0
2030,sc01,07-17 11:00:00+02:00,Solar 67,0.0
2030,sc01,07-17 11:00:00+02:00,Solar 19,0.04483738304
2030,sc01,07-17 11:00:00+02:00,Wind 12,13.013331264800001
2030,sc01,07-17 11:00:00+02:00,Solar 24,0.6484226751679999
2030,sc01,07-17 11:00:00+02:00,ICE NG 02,0.0
2030,sc01,07-17 11:00:00+02:00,Solar 05,0.0
2030,sc01,07-17 11:00:00+02:00,CT NG 54,0.0
2030,sc01,07-17 11:00:00+02:00,Wind N01,123.459809444
2030,sc01,07-17 11:00:00+02:00,CT NG 27,0.0
2030,sc01,07-17 11:00:00+02:00,CC NG 36,0.0
2030,sc01,07-17 11:00:00+02:00,Wind N02,82.50107309999999
2030,sc01,07-17 11:00:00+02:00,CT NG 52,0.0
2030,sc01,07-17 11:00:00+02:00,Solar 35,0.0
2030,sc01,07-17 11:00:00+02:00,CT NG 05,0.0
2030,sc01,07-17 11:00:00+02:00,Biomass 36,0.0
2030,sc01,07-17 11:00:00+02:00,CT NG 34,0.0
2030,sc01,07-17 11:00:00+02:00,CT Oil 03,0.0
2030,sc01,07-17 11:00:00+02:00,Hydro 35,0.011171040000000002
2030,sc01,07-17 11:00:00+02:00,Solar 14,5.2504182814
2030,sc01,07-17 11:00:00+02:00,CT NG 75,0.0
2030,sc01,07-17 11:00:00+02:00,ST NG 09,0.0
2030,sc01,07-17 11:00:00+02:00,CT NG 56,0.0
2030,sc01,07-17 11:00:00+02:00,Biomass 22,0.02516
2030,sc01,07-17 11:00:00+02:00,Solar 18,5.537947140159999
2030,sc01,07-17 11:00:00+02:00,Biomass 13,0.023799999999999998
2030,sc01,07-17 11:00:00+02:00,CT NG 71,0.0
2030,sc01,07-17 11:00:00+02:00,Solar 58,0.0
2030,sc01,07-17 11:00:00+02:00,Solar 06,0.0
2030,sc01,07-17 11:00:00+02:00,Biomass 08,0.053040000000000004
2030,sc01,07-17 11:00:00+02:00,CT NG 72,0.0
2030,sc01,07-17 11:00:00+02:00,Hydro 18,0.0
2030,sc01,07-17 11:00:00+02:00,Solar 10,4.28880423264
2030,sc01,07-17 11:00:00+02:00,CT NG 04,0.0
2030,sc01,07-17 11:00:00+02:00,ST Other 02,0.0
2030,sc01,07-17 11:00:00+02:00,CT NG 12,0.0
2030,sc01,07-17 11:00:00+02:00,CT NG 48,0.0
2030,sc01,07-17 11:00:00+02:00,ST NG 10,0.0
2030,sc01,07-17 11:00:00+02:00,Solar 22,4.0004756218
2030,sc01,07-17 11:00:00+02:00,Solar 28,3.5799598308
2030,sc01,07-17 11:00:00+02:00,CT NG 73,0.0
2030,sc01,07-17 11:00:00+02:00,Biomass 52,0.0
2030,sc01,07-17 11:00:00+02:00,CT NG 30,0.0
2030,sc01,07-17 11:00:00+02:00,Solar 54,0.0
2030,sc01,07-17 11:00:00+02:00,Solar 31,0.0
2030,sc01,07-17 11:00:00+02:00,Biomass 03,0.0
2030,sc01,07-17 11:00:00+02:00,CT NG 32,0.0
2030,sc01,07-17 11:00:00+02:00,Biomass 27,0.11492
2030,sc01,07-17 11:00:00+02:00,CC NG 14,0.0
2030,sc01,07-17 11:00:00+02:00,CC NG 03,0.0
2030,sc01,07-17 11:00:00+02:00,CC NG 29,0.0
2030,sc01,07-17 11:00:00+02:00,CC NG 28,0.0
2030,sc01,07-17 11:00:00+02:00,CC NG 25,0.0
2030,sc01,07-17 11:00:00+02:00,CT NG 44,0.0
2030,sc01,07-17 11:00:00+02:00,CT NG 14,1.053479256023403
2030,sc01,07-17 11:00:00+02:00,CC NG 15,0.0
2030,sc01,07-17 11:00:00+02:00,CC NG 04,0.0
2030,sc01,07-17 11:00:00+02:00,Biomass 29,0.11492
2030,sc01,07-17 11:00:00+02:00,Wind 14,0.0
2030,sc01,07-17 11:00:00+02:00,Wind 08,0.73802199756
2030,sc01,07-17 11:00:00+02:00,Biomass 61,0.0
2030,sc01,07-17 11:00:00+02:00,CT NG 35,0.0
2030,sc01,07-17 11:00:00+02:00,Solar 33,0.0
2030,sc01,07-17 11:00:00+02:00,CT NG 41,0.0
2030,sc01,07-17 11:00:00+02:00,CT NG 15,0.0
2030,sc01,07-17 11:00:00+02:00,Solar 42,0.0
2030,sc01,07-17 11:00:00+02:00,Solar 07,0.0
2030,sc01,07-17 11:00:00+02:00,Solar 43,0.0
2030,sc01,07-17 11:00:00+02:00,Biomass 05,0.03128
2030,sc01,07-17 11:00:00+02:00,CT NG 29,0.0
2030,sc01,07-17 11:00:00+02:00,Solar 71,0.0
2030,sc01,07-17 11:00:00+02:00,CT NG 53,0.0
2030,sc01,07-17 11:00:00+02:00,CT NG 20,0.0
2030,sc01,07-17 11:00:00+02:00,Biomass 14,0.052360000000000004
2030,sc01,07-17 11:00:00+02:00,Solar 26,0.80509917228
2030,sc01,07-17 11:00:00+02:00,Hydro 29,0.0
2030,sc01,07-17 11:00:00+02:00,Hydro 31,0.0186184
2030,sc01,07-17 11:00:00+02:00,Biomass 24,0.02108
2030,sc01,07-17 11:00:00+02:00,Biomass 54,0.16932000000000003
2030,sc01,07-17 11:00:00+02:00,Solar 36,63.114949088
2030,sc01,07-17 11:00:00+02:00,Wind 03,1.5102835047199998
2030,sc01,07-17 11:00:00+02:00,Biomass 40,0.0
2030,sc01,07-17 11:00:00+02:00,Biomass 49,0.0
2030,sc01,07-17 11:00:00+02:00,CC NG 16,1.6254615668870809
2030,sc01,07-17 11:00:00+02:00,Biomass 48,0.0
2030,sc01,07-17 11:00:00+02:00,Hydro 28,0.0
2030,sc01,07-17 11:00:00+02:00,Biomass 17,0.014280000000000001
2030,sc01,07-17 11:00:00+02:00,CT NG 33,0.0
2030,sc01,07-17 11:00:00+02:00,Solar 45,0.0
2030,sc01,07-17 11:00:00+02:00,Hydro 24,0.0
2030,sc01,07-17 11:00:00+02:00,Wind 13,6.55694491808
2030,sc01,07-17 11:00:00+02:00,Biomass 07,0.136
2030,sc01,07-17 11:00:00+02:00,Biomass 34,0.0
2030,sc01,07-17 11:00:00+02:00,Biomass 33,0.0
2030,sc01,07-17 11:00:00+02:00,CT NG 01,1.6736568
2030,sc01,07-17 11:00:00+02:00,ICE NG 03,0.0
2030,sc01,07-17 11:00:00+02:00,Solar 55,0.0
2030,sc01,07-17 11:00:00+02:00,Solar 11,0.88934662512
2030,sc01,07-17 11:00:00+02:00,CT NG 06,0.0
2030,sc01,07-17 11:00:00+02:00,CT NG 70,0.0
2030,sc01,07-17 11:00:00+02:00,Solar 23,0.131686576672
2030,sc01,07-17 11:00:00+02:00,CT NG 67,0.0
2030,sc01,07-17 11:00:00+02:00,Solar 12,0.6884482445200001
2030,sc01,07-17 11:00:00+02:00,CT Oil 01,0.0
2030,sc01,07-17 11:00:00+02:00,Hydro 26,0.0
2030,sc01,07-17 11:00:00+02:00,CC NG 22,0.0
2030,sc01,07-17 11:00:00+02:00,CC NG 35,0.0
2030,sc01,07-17 11:00:00+02:00,Biomass 50,0.0
2030,sc01,07-17 11:00:00+02:00,ICE NG 04,0.0
2030,sc01,07-17 11:00:00+02:00,CC NG 39,0.0
2030,sc01,07-17 11:00:00+02:00,Hydro 32,0.022342080000000004
2030,sc01,07-17 11:00:00+02:00,ICE NG 07,0.0
2030,sc01,07-17 11:00:00+02:00,Biomass 46,0.0
2030,sc01,07-17 11:00:00+02:00,CC NG 38,0.0
2030,sc01,07-17 11:00:00+02:00,CC NG 12,0.0
2030,sc01,07-17 11:00:00+02:00,Solar 57,0.0
2030,sc01,07-17 11:00:00+02:00,CC NG 32,0.0
2030,sc01,07-17 11:00:00+02:00,CC NG 07,0.0
2030,sc01,07-17 11:00:00+02:00,Biomass 44,0.0
2030,sc01,07-17 11:00:00+02:00,CT NG 40,0.0
2030,sc01,07-17 11:00:00+02:00,Solar 74,13.600000000000001
2030,sc01,07-17 11:00:00+02:00,Hydro 30,0.0
2030,sc01,07-17 11:00:00+02:00,CT NG 42,0.0
2030,sc01,07-17 11:00:00+02:00,Hydro 22,0.0
2030,sc01,07-17 11:00:00+02:00,Solar 17,1.3503221434400001
2030,sc01,07-17 11:00:00+02:00,Solar 38,0.0
2030,sc01,07-17 11:00:00+02:00,CT NG 24,0.0
2030,sc01,07-17 11:00:00+02:00,CC NG 27,0.0
2030,sc01,07-17 11:00:00+02:00,Biomass 21,0.02516
2030,sc01,07-17 11:00:00+02:00,ICE NG 06,0.0
2030,sc01,07-17 11:00:00+02:00,Biomass 25,0.02108
2030,sc01,07-17 11:00:00+02:00,Solar 27,0.361298449728
2030,sc01,07-17 11:00:00+02:00,CT NG 19,0.0
2030,sc01,07-17 11:00:00+02:00,Biomass 42,0.0
2030,sc01,07-17 11:00:00+02:00,Biomass 19,0.02516
2030,sc01,07-17 11:00:00+02:00,Biomass 06,0.03128
2030,sc01,07-17 11:00:00+02:00,CT NG 10,0.0
2030,sc01,07-17 11:00:00+02:00,CC NG 40,0.0
2030,sc01,07-17 11:00:00+02:00,CC NG 21,0.0
2030,sc01,07-17 11:00:00+02:00,Biomass 02,0.0714
2030,sc01,07-17 11:00:00+02:00,CT NG 46,0.0
2030,sc01,07-17 11:00:00+02:00,Hydro 34,0.0
2030,sc01,07-17 11:00:00+02:00,Biomass 10,0.053040000000000004
2030,sc01,07-17 11:00:00+02:00,CT NG 17,0.0
2030,sc01,07-17 11:00:00+02:00,Biomass 62,0.14076
2030,sc01,07-17 11:00:00+02:00,Biomass 32,0.08159999999999999
2030,sc01,07-17 11:00:00+02:00,CC NG 19,9.20584
2030,sc01,07-17 11:00:00+02:00,CC NG 17,0.0
2030,sc01,07-17 11:00:00+02:00,ST NG 01,0.0
2030,sc01,07-17 11:00:00+02:00,Biomass 45,0.0
2030,sc01,07-17 11:00:00+02:00,Biomass 28,0.11492
2030,sc01,07-17 11:00:00+02:00,CC NG 10,0.0
2030,sc01,07-17 11:00:00+02:00,Biomass 23,0.02108
2030,sc01,07-17 11:00:00+02:00,ST NG 06,0.0
2030,sc01,07-17 11:00:00+02:00,Wind 10,0.86459129108
2030,sc01,07-17 11:00:00+02:00,CT NG 69,0.0
2030,sc01,07-17 11:00:00+02:00,CT NG 68,0.0
2030,sc01,07-18 12:00:00+02:00,CC NG 13,0.0
2030,sc01,07-18 12:00:00+02:00,CT NG 37,0.0
2030,sc01,07-18 12:00:00+02:00,ST Coal 01,0.0
2030,sc01,07-18 12:00:00+02:00,CT NG 09,0.0
2030,sc01,07-18 12:00:00+02:00,CT NG 47,0.0
2030,sc01,07-18 12:00:00+02:00,Solar 69,12.478454868723576
2030,sc01,07-18 12:00:00+02:00,Solar 34,5.717621938954068
2030,sc01,07-18 12:00:00+02:00,Solar 73,0.0
2030,sc01,07-18 12:00:00+02:00,Biomass 37,0.0
2030,sc01,07-18 12:00:00+02:00,Hydro 20,1.1641211999999999
2030,sc01,07-18 12:00:00+02:00,Solar 01,19.350009000000004
2030,sc01,07-18 12:00:00+02:00,Solar 62,0.0
2030,sc01,07-18 12:00:00+02:00,Solar 02,9.434901864
2030,sc01,07-18 12:00:00+02:00,CT NG 26,0.0
2030,sc01,07-18 12:00:00+02:00,Biomass 20,0.0111
2030,sc01,07-18 12:00:00+02:00,Wind 16,1.5478848168
2030,sc01,07-18 12:00:00+02:00,CT NG 66,0.0
2030,sc01,07-18 12:00:00+02:00,Solar 39,0.0
2030,sc01,07-18 12:00:00+02:00,Biomass 41,0.0
2030,sc01,07-18 12:00:00+02:00,Solar 72,0.0
2030,sc01,07-18 12:00:00+02:00,ST NG 03,0.0
2030,sc01,07-18 12:00:00+02:00,Hydro 21,0.0
2030,sc01,07-18 12:00:00+02:00,CT NG 03,0.0
2030,sc01,07-18 12:00:00+02:00,CC NG 09,0.0
2030,sc01,07-18 12:00:00+02:00,CT Oil 02,0.0
2030,sc01,07-18 12:00:00+02:00,CT NG 39,0.0
2030,sc01,07-18 12:00:00+02:00,CC NG 08,0.0
2030,sc01,07-18 12:00:00+02:00,Biomass 43,0.0
2030,sc01,07-18 12:00:00+02:00,CT NG 18,0.0
2030,sc01,07-18 12:00:00+02:00,ST NG 07,0.0
2030,sc01,07-18 12:00:00+02:00,Biomass 35,0.0
2030,sc01,07-18 12:00:00+02:00,Solar 32,0.0
2030,sc01,07-18 12:00:00+02:00,Biomass 15,0.0063
2030,sc01,07-18 12:00:00+02:00,CC NG 31,0.0
2030,sc01,07-18 12:00:00+02:00,Solar 16,1.176149349
2030,sc01,07-18 12:00:00+02:00,Solar 68,0.0
2030,sc01,07-18 12:00:00+02:00,CT NG 21,0.0
2030,sc01,07-18 12:00:00+02:00,Wind 11,0.5706875145000001
2030,sc01,07-18 12:00:00+02:00,CC NG 37,0.0
2030,sc01,07-18 12:00:00+02:00,CT NG 22,0.0
2030,sc01,07-18 12:00:00+02:00,Hydro 16,0.015988799999999997
2030,sc01,07-18 12:00:00+02:00,Biomass 59,0.12420000000000002
2030,sc01,07-18 12:00:00+02:00,CC NG 01,0.0
2030,sc01,07-18 12:00:00+02:00,Biomass 16,0.0063
2030,sc01,07-18 12:00:00+02:00,Solar 03,6.053472297000001
2030,sc01,07-18 12:00:00+02:00,Solar 44,0.0
2030,sc01,07-18 12:00:00+02:00,CT NG 08,0.0
2030,sc01,07-18 12:00:00+02:00,Wind 05,0.02746440768
2030,sc01,07-18 12:00:00+02:00,Biomass 26,0.050699999999999995
2030,sc01,07-18 12:00:00+02:00,Solar 37,0.0
2030,sc01,07-18 12:00:00+02:00,Biomass 11,0.0105
2030,sc01,07-18 12:00:00+02:00,Solar 59,0.0
2030,sc01,07-18 12:00:00+02:00,CT NG 11,0.0
2030,sc01,07-18 12:00:00+02:00,Biomass 30,0.050699999999999995
2030,sc01,07-18 12:00:00+02:00,Hydro 23,0.0
2030,sc01,07-18 12:00:00+02:00,CC NG 24,0.0
2030,sc01,07-18 12:00:00+02:00,Solar 65,11.754930675
2030,sc01,07-18 12:00:00+02:00,CC NG 18,0.0
2030,sc01,07-18 12:00:00+02:00,CT NG 16,0.0
2030,sc01,07-18 12:00:00+02:00,Solar 51,0.0
2030,sc01,07-18 12:00:00+02:00,Wind 06,0.9950802908999999
2030,sc01,07-18 12:00:00+02:00,CC NG 26,0.0
2030,sc01,07-18 12:00:00+02:00,CC NG 23,0.0
2030,sc01,07-18 12:00:00+02:00,CT NG 43,0.0
2030,sc01,07-18 12:00:00+02:00,CC NG 11,0.0
2030,sc01,07-18 12:00:00+02:00,CT NG 02,0.0
2030,sc01,07-18 12:00:00+02:00,CT NG 50,0.0
2030,sc01,07-18 12:00:00+02:00,Hydro 27,0.0
2030,sc01,07-18 12:00:00+02:00,CT NG 13,0.2220481062779596
2030,sc01,07-18 12:00:00+02:00,CT NG 25,0.0
2030,sc01,07-18 12:00:00+02:00,CC NG 05,0.0
2030,sc01,07-18 12:00:00+02:00,Solar 04,0.8535451398
2030,sc01,07-18 12:00:00+02:00,Solar 30,1.08
2030,sc01,07-18 12:00:00+02:00,Solar 29,1.6394483718
2030,sc01,07-18 12:00:00+02:00,Solar 53,0.0
2030,sc01,07-18 12:00:00+02:00,Solar 21,3.238674186
2030,sc01,07-18 12:00:00+02:00,Biomass 58,0.0654
2030,sc01,07-18 12:00:00+02:00,CT NG 74,0.0
2030,sc01,07-18 12:00:00+02:00,Solar 61,0.0
2030,sc01,07-18 12:00:00+02:00,Wind 07,0.6557277072000001
2030,sc01,07-18 12:00:00+02:00,Biomass 31,0.050699999999999995
2030,sc01,07-18 12:00:00+02:00,CT Oil 05,0.0
2030,sc01,07-18 12:00:00+02:00,Biomass 38,0.0
2030,sc01,07-18 12:00:00+02:00,Solar 41,0.0
2030,sc01,07-18 12:00:00+02:00,Biomass 51,0.0
2030,sc01,07-18 12:00:00+02:00,Biomass 55,0.07470000000000002
2030,sc01,07-18 12:00:00+02:00,Wind 15,0.8093110842
2030,sc01,07-18 12:00:00+02:00,Geo 01,0.0
2030,sc01,07-18 12:00:00+02:00,Biomass 60,0.081
2030,sc01,07-18 12:00:00+02:00,CT NG 38,0.0
2030,sc01,07-18 12:00:00+02:00,Solar 66,23.66043424945504
2030,sc01,07-18 12:00:00+02:00,Solar 49,0.0
2030,sc01,07-18 12:00:00+02:00,CT NG 51,0.0
2030,sc01,07-18 12:00:00+02:00,Biomass 18,0.0063
2030,sc01,07-18 12:00:00+02:00,ICE NG 01,0.0
2030,sc01,07-18 12:00:00+02:00,Solar 15,1.8521684154
2030,sc01,07-18 12:00:00+02:00,ICE NG 05,0.0
2030,sc01,07-18 12:00:00+02:00,CT Oil 04,0.0
2030,sc01,07-18 12:00:00+02:00,CC NG 20,0.0
2030,sc01,07-18 12:00:00+02:00,Solar 20,1.7911816719000002
2030,sc01,07-18 12:00:00+02:00,Biomass 04,0.0
2030,sc01,07-18 12:00:00+02:00,Wind 02,0.8245834158
2030,sc01,07-18 12:00:00+02:00,Hydro 25,0.0
2030,sc01,07-18 12:00:00+02:00,Solar 75,6.598578195
2030,sc01,07-18 12:00:00+02:00,Hydro 33,0.0
2030,sc01,07-18 12:00:00+02:00,ST NG 05,0.0
2030,sc01,07-18 12:00:00+02:00,CT NG 07,0.0
2030,sc01,07-18 12:00:00+02:00,Wind 01,0.48367790729999993
2030,sc01,07-18 12:00:00+02:00,Solar 56,0.0
2030,sc01,07-18 12:00:00+02:00,Biomass 09,0.023400000000000004
2030,sc01,07-18 12:00:00+02:00,Biomass 53,0.07470000000000002
2030,sc01,07-18 12:00:00+02:00,Wind 17,3.7996826280000007
2030,sc01,07-18 12:00:00+02:00,ST NG 08,0.0
2030,sc01,07-18 12:00:00+02:00,Hydro 19,0.0
2030,sc01,07-18 12:00:00+02:00,ST NG 02,0.0
2030,sc01,07-18 12:00:00+02:00,Biomass 01,0.03150000000000001
2030,sc01,07-18 12:00:00+02:00,Biomass 57,0.0654
2030,sc01,07-18 12:00:00+02:00,CT NG 49,0.0
2030,sc01,07-18 12:00:00+02:00,CT NG 31,0.0
2030,sc01,07-18 12:00:00+02:00,Solar 64,5.04
2030,sc01,07-18 12:00:00+02:00,CC NG 33,0.0
2030,sc01,07-18 12:00:00+02:00,Solar 46,0.0
2030,sc01,07-18 12:00:00+02:00,Biomass 12,0.0105
2030,sc01,07-18 12:00:00+02:00,Wind 04,0.29967934224000004
2030,sc01,07-18 12:00:00+02:00,Solar 13,0.046496148
2030,sc01,07-18 12:00:00+02:00,CT NG 55,0.0
2030,sc01,07-18 12:00:00+02:00,Wind N03,125.94344679756615
2030,sc01,07-18 12:00:00+02:00,CT NG 28,0.0
2030,sc01,07-18 12:00:00+02:00,Wind 09,0.363154965
2030,sc01,07-18 12:00:00+02:00,Solar 60,0.0
2030,sc01,07-18 12:00:00+02:00,Solar 25,0.3409644129
2030,sc01,07-18 12:00:00+02:00,CT NG 23,0.0
2030,sc01,07-18 12:00:00+02:00,ST Other 01,0.0
2030,sc01,07-18 12:00:00+02:00,Solar 70,33.957387780000005
2030,sc01,07-18 12:00:00+02:00,CC NG 34,0.0
2030,sc01,07-18 12:00:00+02:00,Solar 48,0.0
2030,sc01,07-18 12:00:00+02:00,Biomass 56,0.0738
2030,sc01,07-18 12:00:00+02:00,CT NG 36,0.0
2030,sc01,07-18 12:00:00+02:00,Solar 47,0.0
2030,sc01,07-18 12:00:00+02:00,Hydro 17,0.0
2030,sc01,07-18 12:00:00+02:00,Solar 09,0.0
2030,sc01,07-18 12:00:00+02:00,Solar 08,0.0
2030,sc01,07-18 12:00:00+02:00,CT NG 45,0.0
2030,sc01,07-18 12:00:00+02:00,ST NG 04,0.0
2030,sc01,07-18 12:00:00+02:00,Solar 40,0.0
2030,sc01,07-18 12:00:00+02:00,Biomass 47,0.0
2030,sc01,07-18 12:00:00+02:00,Solar 50,0.0
2030,sc01,07-18 12:00:00+02:00,Solar 52,0.0
2030,sc01,07-18 12:00:00+02:00,Solar 63,13.179059382
2030,sc01,07-18 12:00:00+02:00,CC NG 06,0.0
2030,sc01,07-18 12:00:00+02:00,Biomass 39,0.0
2030,sc01,07-18 12:00:00+02:00,Solar 67,0.0
2030,sc01,07-18 12:00:00+02:00,Solar 19,0.017585052240000003
2030,sc01,07-18 12:00:00+02:00,Wind 12,5.953643895
2030,sc01,07-18 12:00:00+02:00,Solar 24,0.25430892336
2030,sc01,07-18 12:00:00+02:00,ICE NG 02,0.0
2030,sc01,07-18 12:00:00+02:00,Solar 05,0.0
2030,sc01,07-18 12:00:00+02:00,CT NG 54,0.0
2030,sc01,07-18 12:00:00+02:00,Wind N01,56.48328822
2030,sc01,07-18 12:00:00+02:00,CT NG 27,0.0
2030,sc01,07-18 12:00:00+02:00,CC NG 36,0.0
2030,sc01,07-18 12:00:00+02:00,Wind N02,28.611413949
2030,sc01,07-18 12:00:00+02:00,CT NG 52,0.0
2030,sc01,07-18 12:00:00+02:00,Solar 35,0.0
2030,sc01,07-18 12:00:00+02:00,CT NG 05,0.0
2030,sc01,07-18 12:00:00+02:00,Biomass 36,0.0
2030,sc01,07-18 12:00:00+02:00,CT NG 34,0.0
2030,sc01,07-18 12:00:00+02:00,CT Oil 03,0.0
2030,sc01,07-18 12:00:00+02:00,Hydro 35,0.0047966400000000005
2030,sc01,07-18 12:00:00+02:00,Solar 14,2.0591942127
2030,sc01,07-18 12:00:00+02:00,CT NG 75,0.0
2030,sc01,07-18 12:00:00+02:00,ST NG 09,0.0
2030,sc01,07-18 12:00:00+02:00,CT NG 56,0.0
2030,sc01,07-18 12:00:00+02:00,Biomass 22,0.0111
2030,sc01,07-18 12:00:00+02:00,Solar 18,2.1719619449999996
2030,sc01,07-18 12:00:00+02:00,Biomass 13,0.0105
2030,sc01,07-18 12:00:00+02:00,CT NG 71,0.0
2030,sc01,07-18 12:00:00+02:00,Solar 58,0.0
2030,sc01,07-18 12:00:00+02:00,Solar 06,0.0
2030,sc01,07-18 12:00:00+02:00,Biomass 08,0.023400000000000004
2030,sc01,07-18 12:00:00+02:00,CT NG 72,0.0
2030,sc01,07-18 12:00:00+02:00,Hydro 18,0.0
2030,sc01,07-18 12:00:00+02:00,Solar 10,1.7253324630000002
2030,sc01,07-18 12:00:00+02:00,CT NG 04,0.0
2030,sc01,07-18 12:00:00+02:00,ST Other 02,0.0
2030,sc01,07-18 12:00:00+02:00,CT NG 12,0.0
2030,sc01,07-18 12:00:00+02:00,CT NG 48,0.0
2030,sc01,07-18 12:00:00+02:00,ST NG 10,0.0
2030,sc01,07-18 12:00:00+02:00,Solar 22,1.7052033675
2030,sc01,07-18 12:00:00+02:00,Solar 28,1.525958445
2030,sc01,07-18 12:00:00+02:00,CT NG 73,0.0
2030,sc01,07-18 12:00:00+02:00,Biomass 52,0.0
2030,sc01,07-18 12:00:00+02:00,CT NG 30,0.0
2030,sc01,07-18 12:00:00+02:00,Solar 54,0.0
2030,sc01,07-18 12:00:00+02:00,Solar 31,0.0
2030,sc01,07-18 12:00:00+02:00,Biomass 03,0.0
2030,sc01,07-18 12:00:00+02:00,CT NG 32,0.0
2030,sc01,07-18 12:00:00+02:00,Biomass 27,0.050699999999999995
2030,sc01,07-18 12:00:00+02:00,CC NG 14,0.0
2030,sc01,07-18 12:00:00+02:00,CC NG 03,0.0
2030,sc01,07-18 12:00:00+02:00,CC NG 29,0.0
2030,sc01,07-18 12:00:00+02:00,CC NG 28,0.0
2030,sc01,07-18 12:00:00+02:00,CC NG 25,0.0
2030,sc01,07-18 12:00:00+02:00,CT NG 44,0.0
2030,sc01,07-18 12:00:00+02:00,CT NG 14,0.6279119999999999
2030,sc01,07-18 12:00:00+02:00,CC NG 15,0.0
2030,sc01,07-18 12:00:00+02:00,CC NG 04,0.0
2030,sc01,07-18 12:00:00+02:00,Biomass 29,0.050699999999999995
2030,sc01,07-18 12:00:00+02:00,Wind 14,0.0
2030,sc01,07-18 12:00:00+02:00,Wind 08,0.39493408350000003
2030,sc01,07-18 12:00:00+02:00,Biomass 61,0.0
2030,sc01,07-18 12:00:00+02:00,CT NG 35,0.0
2030,sc01,07-18 12:00:00+02:00,Solar 33,0.0
2030,sc01,07-18 12:00:00+02:00,CT NG 41,0.0
2030,sc01,07-18 12:00:00+02:00,CT NG 15,0.0
2030,sc01,07-18 12:00:00+02:00,Solar 42,0.0
2030,sc01,07-18 12:00:00+02:00,Solar 07,0.0
2030,sc01,07-18 12:00:00+02:00,Solar 43,0.0
2030,sc01,07-18 12:00:00+02:00,Biomass 05,0.0138
2030,sc01,07-18 12:00:00+02:00,CT NG 29,0.0
2030,sc01,07-18 12:00:00+02:00,Solar 71,0.0
2030,sc01,07-18 12:00:00+02:00,CT NG 53,0.0
2030,sc01,07-18 12:00:00+02:00,CT NG 20,0.0
2030,sc01,07-18 12:00:00+02:00,Biomass 14,0.023100000000000002
2030,sc01,07-18 12:00:00+02:00,Solar 26,0.3157568535
2030,sc01,07-18 12:00:00+02:00,Hydro 29,0.0
2030,sc01,07-18 12:00:00+02:00,Hydro 31,0.007994399999999999
2030,sc01,07-18 12:00:00+02:00,Biomass 24,0.0093
2030,sc01,07-18 12:00:00+02:00,Biomass 54,0.07470000000000002
2030,sc01,07-18 12:00:00+02:00,Solar 36,27.319321416
2030,sc01,07-18 12:00:00+02:00,Wind 03,0.7076620287000001
2030,sc01,07-18 12:00:00+02:00,Biomass 40,0.0
2030,sc01,07-18 12:00:00+02:00,Biomass 49,0.0
2030,sc01,07-18 12:00:00+02:00,CC NG 16,6.150160091773156
2030,sc01,07-18 12:00:00+02:00,Biomass 48,0.0
2030,sc01,07-18 12:00:00+02:00,Hydro 28,0.0
2030,sc01,07-18 12:00:00+02:00,Biomass 17,0.0063
2030,sc01,07-18 12:00:00+02:00,CT NG 33,0.0
2030,sc01,07-18 12:00:00+02:00,Solar 45,0.0
2030,sc01,07-18 12:00:00+02:00,Hydro 24,0.0
2030,sc01,07-18 12:00:00+02:00,Wind 13,2.4454520736000003
2030,sc01,07-18 12:00:00+02:00,Biomass 07,0.06
2030,sc01,07-18 12:00:00+02:00,Biomass 34,0.0
2030,sc01,07-18 12:00:00+02:00,Biomass 33,0.0
2030,sc01,07-18 12:00:00+02:00,CT NG 01,0.7383780000000001
2030,sc01,07-18 12:00:00+02:00,ICE NG 03,0.0
2030,sc01,07-18 12:00:00+02:00,Solar 55,0.0
2030,sc01,07-18 12:00:00+02:00,Solar 11,0.3487983861
2030,sc01,07-18 12:00:00+02:00,CT NG 06,0.0
2030,sc01,07-18 12:00:00+02:00,CT NG 70,0.0
2030,sc01,07-18 12:00:00+02:00,Solar 23,0.05164697784
2030,sc01,07-18 12:00:00+02:00,CT NG 67,0.0
2030,sc01,07-18 12:00:00+02:00,Solar 12,0.2700068004
2030,sc01,07-18 12:00:00+02:00,CT Oil 01,0.0
2030,sc01,07-18 12:00:00+02:00,Hydro 26,0.0
2030,sc01,07-18 12:00:00+02:00,CC NG 22,0.0
2030,sc01,07-18 12:00:00+02:00,CC NG 35,0.0
2030,sc01,07-18 12:00:00+02:00,Biomass 50,0.0
2030,sc01,07-18 12:00:00+02:00,ICE NG 04,0.0
2030,sc01,07-18 12:00:00+02:00,CC NG 39,0.0
2030,sc01,07-18 12:00:00+02:00,Hydro 32,0.009593280000000001
2030,sc01,07-18 12:00:00+02:00,ICE NG 07,0.0
2030,sc01,07-18 12:00:00+02:00,Biomass 46,0.0
2030,sc01,07-18 12:00:00+02:00,CC NG 38,0.0
2030,sc01,07-18 12:00:00+02:00,CC NG 12,0.0
2030,sc01,07-18 12:00:00+02:00,Solar 57,0.0
2030,sc01,07-18 12:00:00+02:00,CC NG 32,0.0
2030,sc01,07-18 12:00:00+02:00,CC NG 07,0.0
2030,sc01,07-18 12:00:00+02:00,Biomass 44,0.0
2030,sc01,07-18 12:00:00+02:00,CT NG 40,0.0
2030,sc01,07-18 12:00:00+02:00,Solar 74,6.0
2030,sc01,07-18 12:00:00+02:00,Hydro 30,0.0
2030,sc01,07-18 12:00:00+02:00,CT NG 42,0.0
2030,sc01,07-18 12:00:00+02:00,Hydro 22,0.0
2030,sc01,07-18 12:00:00+02:00,Solar 17,0.5295912426
2030,sc01,07-18 12:00:00+02:00,Solar 38,0.0
2030,sc01,07-18 12:00:00+02:00,CT NG 24,0.0
2030,sc01,07-18 12:00:00+02:00,CC NG 27,0.0
2030,sc01,07-18 12:00:00+02:00,Biomass 21,0.0111
2030,sc01,07-18 12:00:00+02:00,ICE NG 06,0.0
2030,sc01,07-18 12:00:00+02:00,Biomass 25,0.0093
2030,sc01,07-18 12:00:00+02:00,Solar 27,0.23244721344
2030,sc01,07-18 12:00:00+02:00,CT NG 19,0.0
2030,sc01,07-18 12:00:00+02:00,Biomass 42,0.0
2030,sc01,07-18 12:00:00+02:00,Biomass 19,0.0111
2030,sc01,07-18 12:00:00+02:00,Biomass 06,0.0138
2030,sc01,07-18 12:00:00+02:00,CT NG 10,0.0
2030,sc01,07-18 12:00:00+02:00,CC NG 40,0.0
2030,sc01,07-18 12:00:00+02:00,CC NG 21,0.0
2030,sc01,07-18 12:00:00+02:00,Biomass 02,0.03150000000000001
2030,sc01,07-18 12:00:00+02:00,CT NG 46,0.0
2030,sc01,07-18 12:00:00+02:00,Hydro 34,0.0
2030,sc01,07-18 12:00:00+02:00,Biomass 10,0.023400000000000004
2030,sc01,07-18 12:00:00+02:00,CT NG 17,0.0
2030,sc01,07-18 12:00:00+02:00,Biomass 62,0.062099999999999995
2030,sc01,07-18 12:00:00+02:00,Biomass 32,0.036
2030,sc01,07-18 12:00:00+02:00,CC NG 19,4.0614
2030,sc01,07-18 12:00:00+02:00,CC NG 17,0.0
2030,sc01,07-18 12:00:00+02:00,ST NG 01,0.0
2030,sc01,07-18 12:00:00+02:00,Biomass 45,0.0
2030,sc01,07-18 12:00:00+02:00,Biomass 28,0.050699999999999995
2030,sc01,07-18 12:00:00+02:00,CC NG 10,0.0
2030,sc01,07-18 12:00:00+02:00,Biomass 23,0.0093
2030,sc01,07-18 12:00:00+02:00,ST NG 06,0.0
2030,sc01,07-18 12:00:00+02:00,Wind 10,0.3829789602
2030,sc01,07-18 12:00:00+02:00,CT NG 69,0.0
2030,sc01,07-18 12:00:00+02:00,CT NG 68,0.0
2030,sc01,07-18 20:00:00+02:00,CC NG 13,0.0
2030,sc01,07-18 20:00:00+02:00,CT NG 37,0.0
2030,sc01,07-18 20:00:00+02:00,ST Coal 01,0.0
2030,sc01,07-18 20:00:00+02:00,CT NG 09,0.0
2030,sc01,07-18 20:00:00+02:00,CT NG 47,0.0
2030,sc01,07-18 20:00:00+02:00,Solar 69,0.0
2030,sc01,07-18 20:00:00+02:00,Solar 34,0.0
2030,sc01,07-18 20:00:00+02:00,Solar 73,0.0
2030,sc01,07-18 20:00:00+02:00,Biomass 37,0.0
2030,sc01,07-18 20:00:00+02:00,Hydro 20,0.0
2030,sc01,07-18 20:00:00+02:00,Solar 01,0.0
2030,sc01,07-18 20:00:00+02:00,Solar 62,0.0
2030,sc01,07-18 20:00:00+02:00,Solar 02,0.0
2030,sc01,07-18 20:00:00+02:00,CT NG 26,0.0
2030,sc01,07-18 20:00:00+02:00,Biomass 20,0.01221
2030,sc01,07-18 20:00:00+02:00,Wind 16,22.760749449900004
2030,sc01,07-18 20:00:00+02:00,CT NG 66,0.0
2030,sc01,07-18 20:00:00+02:00,Solar 39,0.0
2030,sc01,07-18 20:00:00+02:00,Biomass 41,0.0
2030,sc01,07-18 20:00:00+02:00,Solar 72,0.0
2030,sc01,07-18 20:00:00+02:00,ST NG 03,0.0
2030,sc01,07-18 20:00:00+02:00,Hydro 21,1.3576681800000001
2030,sc01,07-18 20:00:00+02:00,CT NG 03,0.0
2030,sc01,07-18 20:00:00+02:00,CC NG 09,0.0
2030,sc01,07-18 20:00:00+02:00,CT Oil 02,0.0
2030,sc01,07-18 20:00:00+02:00,CT NG 39,0.0
2030,sc01,07-18 20:00:00+02:00,CC NG 08,0.0
2030,sc01,07-18 20:00:00+02:00,Biomass 43,0.0
2030,sc01,07-18 20:00:00+02:00,CT NG 18,0.0
2030,sc01,07-18 20:00:00+02:00,ST NG 07,0.0
2030,sc01,07-18 20:00:00+02:00,Biomass 35,0.0
2030,sc01,07-18 20:00:00+02:00,Solar 32,0.0
2030,sc01,07-18 20:00:00+02:00,Biomass 15,0.00693
2030,sc01,07-18 20:00:00+02:00,CC NG 31,0.0
2030,sc01,07-18 20:00:00+02:00,Solar 16,0.0
2030,sc01,07-18 20:00:00+02:00,Solar 68,0.0
2030,sc01,07-18 20:00:00+02:00,CT NG 21,0.0
2030,sc01,07-18 20:00:00+02:00,Wind 11,1.5647680996200002
2030,sc01,07-18 20:00:00+02:00,CC NG 37,0.0
2030,sc01,07-18 20:00:00+02:00,CT NG 22,0.0
2030,sc01,07-18 20:00:00+02:00,Hydro 16,0.01870176
2030,sc01,07-18 20:00:00+02:00,Biomass 59,0.13662000000000002
2030,sc01,07-18 20:00:00+02:00,CC NG 01,0.0
2030,sc01,07-18 20:00:00+02:00,Biomass 16,0.00693
2030,sc01,07-18 20:00:00+02:00,Solar 03,0.0
2030,sc01,07-18 20:00:00+02:00,Solar 44,0.0
2030,sc01,07-18 20:00:00+02:00,CT NG 08,0.0
2030,sc01,07-18 20:00:00+02:00,Wind 05,0.15431216724
2030,sc01,07-18 20:00:00+02:00,Biomass 26,0.05576999999999999
2030,sc01,07-18 20:00:00+02:00,Solar 37,0.0
2030,sc01,07-18 20:00:00+02:00,Biomass 11,0.01155
2030,sc01,07-18 20:00:00+02:00,Solar 59,0.0
2030,sc01,07-18 20:00:00+02:00,CT NG 11,0.0
2030,sc01,07-18 20:00:00+02:00,Biomass 30,0.05576999999999999
2030,sc01,07-18 20:00:00+02:00,Hydro 23,0.0
2030,sc01,07-18 20:00:00+02:00,CC NG 24,0.0
2030,sc01,07-18 20:00:00+02:00,Solar 65,0.0
2030,sc01,07-18 20:00:00+02:00,CC NG 18,0.0
2030,sc01,07-18 20:00:00+02:00,CT NG 16,0.0
2030,sc01,07-18 20:00:00+02:00,Solar 51,0.0
2030,sc01,07-18 20:00:00+02:00,Wind 06,1.9423666056300002
2030,sc01,07-18 20:00:00+02:00,CC NG 26,0.0
2030,sc01,07-18 20:00:00+02:00,CC NG 23,0.0
2030,sc01,07-18 20:00:00+02:00,CT NG 43,0.0
2030,sc01,07-18 20:00:00+02:00,CC NG 11,0.0
2030,sc01,07-18 20:00:00+02:00,CT NG 02,0.0
2030,sc01,07-18 20:00:00+02:00,CT NG 50,0.0
2030,sc01,07-18 20:00:00+02:00,Hydro 27,0.9117108
2030,sc01,07-18 20:00:00+02:00,CT NG 13,0.0
2030,sc01,07-18 20:00:00+02:00,CT NG 25,0.0
2030,sc01,07-18 20:00:00+02:00,CC NG 05,0.0
2030,sc01,07-18 20:00:00+02:00,Solar 04,0.0
2030,sc01,07-18 20:00:00+02:00,Solar 30,0.0
2030,sc01,07-18 20:00:00+02:00,Solar 29,0.0
2030,sc01,07-18 20:00:00+02:00,Solar 53,0.0
2030,sc01,07-18 20:00:00+02:00,Solar 21,0.0
2030,sc01,07-18 20:00:00+02:00,Biomass 58,0.07194
2030,sc01,07-18 20:00:00+02:00,CT NG 74,0.0
2030,sc01,07-18 20:00:00+02:00,Solar 61,0.0
2030,sc01,07-18 20:00:00+02:00,Wind 07,1.67617622502
2030,sc01,07-18 20:00:00+02:00,Biomass 31,0.05576999999999999
2030,sc01,07-18 20:00:00+02:00,CT Oil 05,0.0
2030,sc01,07-18 20:00:00+02:00,Biomass 38,0.0
2030,sc01,07-18 20:00:00+02:00,Solar 41,0.0
2030,sc01,07-18 20:00:00+02:00,Biomass 51,0.0
2030,sc01,07-18 20:00:00+02:00,Biomass 55,0.08217000000000002
2030,sc01,07-18 20:00:00+02:00,Wind 15,0.0
2030,sc01,07-18 20:00:00+02:00,Geo 01,0.0
2030,sc01,07-18 20:00:00+02:00,Biomass 60,0.0891
2030,sc01,07-18 20:00:00+02:00,CT NG 38,0.0
2030,sc01,07-18 20:00:00+02:00,Solar 66,0.0
2030,sc01,07-18 20:00:00+02:00,Solar 49,0.0
2030,sc01,07-18 20:00:00+02:00,CT NG 51,0.0
2030,sc01,07-18 20:00:00+02:00,Biomass 18,0.00693
2030,sc01,07-18 20:00:00+02:00,ICE NG 01,0.0
2030,sc01,07-18 20:00:00+02:00,Solar 15,0.0
2030,sc01,07-18 20:00:00+02:00,ICE NG 05,0.0
2030,sc01,07-18 20:00:00+02:00,CT Oil 04,0.0
2030,sc01,07-18 20:00:00+02:00,CC NG 20,0.0
2030,sc01,07-18 20:00:00+02:00,Solar 20,0.0
2030,sc01,07-18 20:00:00+02:00,Biomass 04,0.0
2030,sc01,07-18 20:00:00+02:00,Wind 02,2.49838477482
2030,sc01,07-18 20:00:00+02:00,Hydro 25,0.0
2030,sc01,07-18 20:00:00+02:00,Solar 75,0.0
2030,sc01,07-18 20:00:00+02:00,Hydro 33,0.0
2030,sc01,07-18 20:00:00+02:00,ST NG 05,0.0
2030,sc01,07-18 20:00:00+02:00,CT NG 07,0.0
2030,sc01,07-18 20:00:00+02:00,Wind 01,1.11044536185
2030,sc01,07-18 20:00:00+02:00,Solar 56,0.0
2030,sc01,07-18 20:00:00+02:00,Biomass 09,0.025740000000000002
2030,sc01,07-18 20:00:00+02:00,Biomass 53,0.08217000000000002
2030,sc01,07-18 20:00:00+02:00,Wind 17,5.087384446145703
2030,sc01,07-18 20:00:00+02:00,ST NG 08,0.0
2030,sc01,07-18 20:00:00+02:00,Hydro 19,0.0
2030,sc01,07-18 20:00:00+02:00,ST NG 02,0.0
2030,sc01,07-18 20:00:00+02:00,Biomass 01,0.03465000000000001
2030,sc01,07-18 20:00:00+02:00,Biomass 57,0.07194
2030,sc01,07-18 20:00:00+02:00,CT NG 49,0.0
2030,sc01,07-18 20:00:00+02:00,CT NG 31,0.0
2030,sc01,07-18 20:00:00+02:00,Solar 64,0.0
2030,sc01,07-18 20:00:00+02:00,CC NG 33,0.0
2030,sc01,07-18 20:00:00+02:00,Solar 46,0.0
2030,sc01,07-18 20:00:00+02:00,Biomass 12,0.01155
2030,sc01,07-18 20:00:00+02:00,Wind 04,0.11470578319199999
2030,sc01,07-18 20:00:00+02:00,Solar 13,0.0
2030,sc01,07-18 20:00:00+02:00,CT NG 55,0.0
2030,sc01,07-18 20:00:00+02:00,Wind N03,130.91990024355863
2030,sc01,07-18 20:00:00+02:00,CT NG 28,0.0
2030,sc01,07-18 20:00:00+02:00,Wind 09,2.3541819285600005
2030,sc01,07-18 20:00:00+02:00,Solar 60,0.0
2030,sc01,07-18 20:00:00+02:00,Solar 25,0.0
2030,sc01,07-18 20:00:00+02:00,CT NG 23,0.0
2030,sc01,07-18 20:00:00+02:00,ST Other 01,0.0
2030,sc01,07-18 20:00:00+02:00,Solar 70,0.0
2030,sc01,07-18 20:00:00+02:00,CC NG 34,0.0
2030,sc01,07-18 20:00:00+02:00,Solar 48,0.0
2030,sc01,07-18 20:00:00+02:00,Biomass 56,0.08118
2030,sc01,07-18 20:00:00+02:00,CT NG 36,0.0
2030,sc01,07-18 20:00:00+02:00,Solar 47,0.0
2030,sc01,07-18 20:00:00+02:00,Hydro 17,0.03155922
2030,sc01,07-18 20:00:00+02:00,Solar 09,0.0
2030,sc01,07-18 20:00:00+02:00,Solar 08,0.0
2030,sc01,07-18 20:00:00+02:00,CT NG 45,0.0
2030,sc01,07-18 20:00:00+02:00,ST NG 04,1.1322508325304812
2030,sc01,07-18 20:00:00+02:00,Solar 40,0.0
2030,sc01,07-18 20:00:00+02:00,Biomass 47,0.0
2030,sc01,07-18 20:00:00+02:00,Solar 50,0.0
2030,sc01,07-18 20:00:00+02:00,Solar 52,0.0
2030,sc01,07-18 20:00:00+02:00,Solar 63,0.0
2030,sc01,07-18 20:00:00+02:00,CC NG 06,0.0
2030,sc01,07-18 20:00:00+02:00,Biomass 39,0.0
2030,sc01,07-18 20:00:00+02:00,Solar 67,0.0
2030,sc01,07-18 20:00:00+02:00,Solar 19,0.0
2030,sc01,07-18 20:00:00+02:00,Wind 12,9.8218313952
2030,sc01,07-18 20:00:00+02:00,Solar 24,0.0
2030,sc01,07-18 20:00:00+02:00,ICE NG 02,0.0
2030,sc01,07-18 20:00:00+02:00,Solar 05,0.0
2030,sc01,07-18 20:00:00+02:00,CT NG 54,0.0
2030,sc01,07-18 20:00:00+02:00,Wind N01,91.54280203851127
2030,sc01,07-18 20:00:00+02:00,CT NG 27,0.0
2030,sc01,07-18 20:00:00+02:00,CC NG 36,0.0
2030,sc01,07-18 20:00:00+02:00,Wind N02,74.01418961942858
2030,sc01,07-18 20:00:00+02:00,CT NG 52,0.0
2030,sc01,07-18 20:00:00+02:00,Solar 35,0.0
2030,sc01,07-18 20:00:00+02:00,CT NG 05,0.0
2030,sc01,07-18 20:00:00+02:00,Biomass 36,0.0
2030,sc01,07-18 20:00:00+02:00,CT NG 34,0.0
2030,sc01,07-18 20:00:00+02:00,CT Oil 03,0.0
2030,sc01,07-18 20:00:00+02:00,Hydro 35,0.005610528
2030,sc01,07-18 20:00:00+02:00,Solar 14,0.0
2030,sc01,07-18 20:00:00+02:00,CT NG 75,0.0
2030,sc01,07-18 20:00:00+02:00,ST NG 09,0.0
2030,sc01,07-18 20:00:00+02:00,CT NG 56,0.0
2030,sc01,07-18 20:00:00+02:00,Biomass 22,0.01221
2030,sc01,07-18 20:00:00+02:00,Solar 18,0.0
2030,sc01,07-18 20:00:00+02:00,Biomass 13,0.01155
2030,sc01,07-18 20:00:00+02:00,CT NG 71,0.0
2030,sc01,07-18 20:00:00+02:00,Solar 58,0.0
2030,sc01,07-18 20:00:00+02:00,Solar 06,0.0
2030,sc01,07-18 20:00:00+02:00,Biomass 08,0.025740000000000002
2030,sc01,07-18 20:00:00+02:00,CT NG 72,0.0
2030,sc01,07-18 20:00:00+02:00,Hydro 18,0.10870398
2030,sc01,07-18 20:00:00+02:00,Solar 10,0.0
2030,sc01,07-18 20:00:00+02:00,CT NG 04,0.0
2030,sc01,07-18 20:00:00+02:00,ST Other 02,0.0
2030,sc01,07-18 20:00:00+02:00,CT NG 12,0.0
2030,sc01,07-18 20:00:00+02:00,CT NG 48,0.0
2030,sc01,07-18 20:00:00+02:00,ST NG 10,0.0
2030,sc01,07-18 20:00:00+02:00,Solar 22,0.0
2030,sc01,07-18 20:00:00+02:00,Solar 28,0.0
2030,sc01,07-18 20:00:00+02:00,CT NG 73,0.0
2030,sc01,07-18 20:00:00+02:00,Biomass 52,0.0
2030,sc01,07-18 20:00:00+02:00,CT NG 30,0.0
2030,sc01,07-18 20:00:00+02:00,Solar 54,0.0
2030,sc01,07-18 20:00:00+02:00,Solar 31,0.0
2030,sc01,07-18 20:00:00+02:00,Biomass 03,0.0
2030,sc01,07-18 20:00:00+02:00,CT NG 32,0.0
2030,sc01,07-18 20:00:00+02:00,Biomass 27,0.05576999999999999
2030,sc01,07-18 20:00:00+02:00,CC NG 14,0.0
2030,sc01,07-18 20:00:00+02:00,CC NG 03,0.0
2030,sc01,07-18 20:00:00+02:00,CC NG 29,0.0
2030,sc01,07-18 20:00:00+02:00,CC NG 28,0.0
2030,sc01,07-18 20:00:00+02:00,CC NG 25,0.0
2030,sc01,07-18 20:00:00+02:00,CT NG 44,0.0
2030,sc01,07-18 20:00:00+02:00,CT NG 14,0.0
2030,sc01,07-18 20:00:00+02:00,CC NG 15,0.0
2030,sc01,07-18 20:00:00+02:00,CC NG 04,0.0
2030,sc01,07-18 20:00:00+02:00,Biomass 29,0.05576999999999999
2030,sc01,07-18 20:00:00+02:00,Wind 14,39.976705692
2030,sc01,07-18 20:00:00+02:00,Wind 08,2.42289789786
2030,sc01,07-18 20:00:00+02:00,Biomass 61,0.0
2030,sc01,07-18 20:00:00+02:00,CT NG 35,0.0
2030,sc01,07-18 20:00:00+02:00,Solar 33,0.0
2030,sc01,07-18 20:00:00+02:00,CT NG 41,0.0
2030,sc01,07-18 20:00:00+02:00,CT NG 15,0.0
2030,sc01,07-18 20:00:00+02:00,Solar 42,0.0
2030,sc01,07-18 20:00:00+02:00,Solar 07,0.0
2030,sc01,07-18 20:00:00+02:00,Solar 43,0.0
2030,sc01,07-18 20:00:00+02:00,Biomass 05,0.01518
2030,sc01,07-18 20:00:00+02:00,CT NG 29,0.0
2030,sc01,07-18 20:00:00+02:00,Solar 71,0.0
2030,sc01,07-18 20:00:00+02:00,CT NG 53,0.0
2030,sc01,07-18 20:00:00+02:00,CT NG 20,0.0
2030,sc01,07-18 20:00:00+02:00,Biomass 14,0.025410000000000002
2030,sc01,07-18 20:00:00+02:00,Solar 26,0.0
2030,sc01,07-18 20:00:00+02:00,Hydro 29,0.09207
2030,sc01,07-18 20:00:00+02:00,Hydro 31,0.00935088
2030,sc01,07-18 20:00:00+02:00,Biomass 24,0.01023
2030,sc01,07-18 20:00:00+02:00,Biomass 54,0.08217000000000002
2030,sc01,07-18 20:00:00+02:00,Solar 36,0.0
2030,sc01,07-18 20:00:00+02:00,Wind 03,0.35453903562
2030,sc01,07-18 20:00:00+02:00,Biomass 40,0.0
2030,sc01,07-18 20:00:00+02:00,Biomass 49,0.0
2030,sc01,07-18 20:00:00+02:00,CC NG 16,0.0
2030,sc01,07-18 20:00:00+02:00,Biomass 48,0.0
2030,sc01,07-18 20:00:00+02:00,Hydro 28,0.09207
2030,sc01,07-18 20:00:00+02:00,Biomass 17,0.00693
2030,sc01,07-18 20:00:00+02:00,CT NG 33,0.0
2030,sc01,07-18 20:00:00+02:00,Solar 45,0.0
2030,sc01,07-18 20:00:00+02:00,Hydro 24,0.0
2030,sc01,07-18 20:00:00+02:00,Wind 13,4.724444769000001
2030,sc01,07-18 20:00:00+02:00,Biomass 07,0.066
2030,sc01,07-18 20:00:00+02:00,Biomass 34,0.0
2030,sc01,07-18 20:00:00+02:00,Biomass 33,0.0
2030,sc01,07-18 20:00:00+02:00,CT NG 01,0.5922209691790391
2030,sc01,07-18 20:00:00+02:00,ICE NG 03,0.0
2030,sc01,07-18 20:00:00+02:00,Solar 55,0.0
2030,sc01,07-18 20:00:00+02:00,Solar 11,0.0
2030,sc01,07-18 20:00:00+02:00,CT NG 06,0.0
2030,sc01,07-18 20:00:00+02:00,CT NG 70,0.0
2030,sc01,07-18 20:00:00+02:00,Solar 23,0.0
2030,sc01,07-18 20:00:00+02:00,CT NG 67,0.0
2030,sc01,07-18 20:00:00+02:00,Solar 12,0.0
2030,sc01,07-18 20:00:00+02:00,CT Oil 01,0.0
2030,sc01,07-18 20:00:00+02:00,Hydro 26,0.0
2030,sc01,07-18 20:00:00+02:00,CC NG 22,0.0
2030,sc01,07-18 20:00:00+02:00,CC NG 35,0.0
2030,sc01,07-18 20:00:00+02:00,Biomass 50,0.0
2030,sc01,07-18 20:00:00+02:00,ICE NG 04,0.0
2030,sc01,07-18 20:00:00+02:00,CC NG 39,0.0
2030,sc01,07-18 20:00:00+02:00,Hydro 32,0.011221056
2030,sc01,07-18 20:00:00+02:00,ICE NG 07,0.0
2030,sc01,07-18 20:00:00+02:00,Biomass 46,0.0
2030,sc01,07-18 20:00:00+02:00,CC NG 38,0.0
2030,sc01,07-18 20:00:00+02:00,CC NG 12,0.0
2030,sc01,07-18 20:00:00+02:00,Solar 57,0.0
2030,sc01,07-18 20:00:00+02:00,CC NG 32,0.0
2030,sc01,07-18 20:00:00+02:00,CC NG 07,0.0
2030,sc01,07-18 20:00:00+02:00,Biomass 44,0.0
2030,sc01,07-18 20:00:00+02:00,CT NG 40,0.0
2030,sc01,07-18 20:00:00+02:00,Solar 74,0.0
2030,sc01,07-18 20:00:00+02:00,Hydro 30,0.0
2030,sc01,07-18 20:00:00+02:00,CT NG 42,0.0
2030,sc01,07-18 20:00:00+02:00,Hydro 22,1.3576681800000001
2030,sc01,07-18 20:00:00+02:00,Solar 17,0.0
2030,sc01,07-18 20:00:00+02:00,Solar 38,0.0
2030,sc01,07-18 20:00:00+02:00,CT NG 24,0.0
2030,sc01,07-18 20:00:00+02:00,CC NG 27,0.0
2030,sc01,07-18 20:00:00+02:00,Biomass 21,0.01221
2030,sc01,07-18 20:00:00+02:00,ICE NG 06,0.0
2030,sc01,07-18 20:00:00+02:00,Biomass 25,0.01023
2030,sc01,07-18 20:00:00+02:00,Solar 27,0.0
2030,sc01,07-18 20:00:00+02:00,CT NG 19,0.0
2030,sc01,07-18 20:00:00+02:00,Biomass 42,0.0
2030,sc01,07-18 20:00:00+02:00,Biomass 19,0.01221
2030,sc01,07-18 20:00:00+02:00,Biomass 06,0.01518
2030,sc01,07-18 20:00:00+02:00,CT NG 10,0.0
2030,sc01,07-18 20:00:00+02:00,CC NG 40,0.0
2030,sc01,07-18 20:00:00+02:00,CC NG 21,0.0
2030,sc01,07-18 20:00:00+02:00,Biomass 02,0.03465000000000001
2030,sc01,07-18 20:00:00+02:00,CT NG 46,0.0
2030,sc01,07-18 20:00:00+02:00,Hydro 34,0.0
2030,sc01,07-18 20:00:00+02:00,Biomass 10,0.025740000000000002
2030,sc01,07-18 20:00:00+02:00,CT NG 17,0.0
2030,sc01,07-18 20:00:00+02:00,Biomass 62,0.06831
2030,sc01,07-18 20:00:00+02:00,Biomass 32,0.039599999999999996
2030,sc01,07-18 20:00:00+02:00,CC NG 19,0.0
2030,sc01,07-18 20:00:00+02:00,CC NG 17,0.0
2030,sc01,07-18 20:00:00+02:00,ST NG 01,0.0
2030,sc01,07-18 20:00:00+02:00,Biomass 45,0.0
2030,sc01,07-18 20:00:00+02:00,Biomass 28,0.05576999999999999
2030,sc01,07-18 20:00:00+02:00,CC NG 10,0.0
2030,sc01,07-18 20:00:00+02:00,Biomass 23,0.01023
2030,sc01,07-18 20:00:00+02:00,ST NG 06,0.0
2030,sc01,07-18 20:00:00+02:00,Wind 10,2.33999333766
2030,sc01,07-18 20:00:00+02:00,CT NG 69,0.0
2030,sc01,07-18 20:00:00+02:00,CT NG 68,0.0
2030,sc01,07-20 13:00:00+02:00,CC NG 13,0.0
2030,sc01,07-20 13:00:00+02:00,CT NG 37,0.0
2030,sc01,07-20 13:00:00+02:00,ST Coal 01,0.0
2030,sc01,07-20 13:00:00+02:00,CT NG 09,0.0
2030,sc01,07-20 13:00:00+02:00,CT NG 47,0.0
2030,sc01,07-20 13:00:00+02:00,Solar 69,0.0
2030,sc01,07-20 13:00:00+02:00,Solar 34,24.753035303799997
2030,sc01,07-20 13:00:00+02:00,Solar 73,0.0
2030,sc01,07-20 13:00:00+02:00,Biomass 37,0.0
2030,sc01,07-20 13:00:00+02:00,Hydro 20,0.0
2030,sc01,07-20 13:00:00+02:00,Solar 01,19.2694987168
2030,sc01,07-20 13:00:00+02:00,Solar 62,0.0
2030,sc01,07-20 13:00:00+02:00,Solar 02,0.0
2030,sc01,07-20 13:00:00+02:00,CT NG 26,0.0
2030,sc01,07-20 13:00:00+02:00,Biomass 20,0.01147
2030,sc01,07-20 13:00:00+02:00,Wind 16,12.219515504499999
2030,sc01,07-20 13:00:00+02:00,CT NG 66,0.0
2030,sc01,07-20 13:00:00+02:00,Solar 39,0.0
2030,sc01,07-20 13:00:00+02:00,Biomass 41,0.0
2030,sc01,07-20 13:00:00+02:00,Solar 72,0.0
2030,sc01,07-20 13:00:00+02:00,ST NG 03,0.0
2030,sc01,07-20 13:00:00+02:00,Hydro 21,1.0924570500000002
2030,sc01,07-20 13:00:00+02:00,CT NG 03,0.0
2030,sc01,07-20 13:00:00+02:00,CC NG 09,0.0
2030,sc01,07-20 13:00:00+02:00,CT Oil 02,0.0
2030,sc01,07-20 13:00:00+02:00,CT NG 39,0.0
2030,sc01,07-20 13:00:00+02:00,CC NG 08,0.0
2030,sc01,07-20 13:00:00+02:00,Biomass 43,0.0
2030,sc01,07-20 13:00:00+02:00,CT NG 18,0.0
2030,sc01,07-20 13:00:00+02:00,ST NG 07,0.0
2030,sc01,07-20 13:00:00+02:00,Biomass 35,0.0
2030,sc01,07-20 13:00:00+02:00,Solar 32,0.0
2030,sc01,07-20 13:00:00+02:00,Biomass 15,0.00651
2030,sc01,07-20 13:00:00+02:00,CC NG 31,0.0
2030,sc01,07-20 13:00:00+02:00,Solar 16,1.25421273492
2030,sc01,07-20 13:00:00+02:00,Solar 68,14.626531918717992
2030,sc01,07-20 13:00:00+02:00,CT NG 21,0.0
2030,sc01,07-20 13:00:00+02:00,Wind 11,0.40317819854000003
2030,sc01,07-20 13:00:00+02:00,CC NG 37,0.0
2030,sc01,07-20 13:00:00+02:00,CT NG 22,0.0
2030,sc01,07-20 13:00:00+02:00,Hydro 16,0.01798744
2030,sc01,07-20 13:00:00+02:00,Biomass 59,0.12834
2030,sc01,07-20 13:00:00+02:00,CC NG 01,0.0
2030,sc01,07-20 13:00:00+02:00,Biomass 16,0.00651
2030,sc01,07-20 13:00:00+02:00,Solar 03,5.8499763154
2030,sc01,07-20 13:00:00+02:00,Solar 44,0.0
2030,sc01,07-20 13:00:00+02:00,CT NG 08,0.0
2030,sc01,07-20 13:00:00+02:00,Wind 05,0.020669850904
2030,sc01,07-20 13:00:00+02:00,Biomass 26,0.05239
2030,sc01,07-20 13:00:00+02:00,Solar 37,0.0
2030,sc01,07-20 13:00:00+02:00,Biomass 11,0.01085
2030,sc01,07-20 13:00:00+02:00,Solar 59,0.0
2030,sc01,07-20 13:00:00+02:00,CT NG 11,0.0
2030,sc01,07-20 13:00:00+02:00,Biomass 30,0.05239
2030,sc01,07-20 13:00:00+02:00,Hydro 23,0.0
2030,sc01,07-20 13:00:00+02:00,CC NG 24,0.0
2030,sc01,07-20 13:00:00+02:00,Solar 65,11.5016968862
2030,sc01,07-20 13:00:00+02:00,CC NG 18,0.0
2030,sc01,07-20 13:00:00+02:00,CT NG 16,0.0
2030,sc01,07-20 13:00:00+02:00,Solar 51,0.0
2030,sc01,07-20 13:00:00+02:00,Wind 06,0.51747614342
2030,sc01,07-20 13:00:00+02:00,CC NG 26,0.0
2030,sc01,07-20 13:00:00+02:00,CC NG 23,0.0
2030,sc01,07-20 13:00:00+02:00,CT NG 43,0.0
2030,sc01,07-20 13:00:00+02:00,CC NG 11,0.0
2030,sc01,07-20 13:00:00+02:00,CT NG 02,0.0
2030,sc01,07-20 13:00:00+02:00,CT NG 50,0.0
2030,sc01,07-20 13:00:00+02:00,Hydro 27,0.0
2030,sc01,07-20 13:00:00+02:00,CT NG 13,0.6445591481014582
2030,sc01,07-20 13:00:00+02:00,CT NG 25,0.0
2030,sc01,07-20 13:00:00+02:00,CC NG 05,0.0
2030,sc01,07-20 13:00:00+02:00,Solar 04,0.92122954386
2030,sc01,07-20 13:00:00+02:00,Solar 30,1.116
2030,sc01,07-20 13:00:00+02:00,Solar 29,1.53906390308
2030,sc01,07-20 13:00:00+02:00,Solar 53,0.0
2030,sc01,07-20 13:00:00+02:00,Solar 21,3.4954945001000004
2030,sc01,07-20 13:00:00+02:00,Biomass 58,0.06758
2030,sc01,07-20 13:00:00+02:00,CT NG 74,0.0
2030,sc01,07-20 13:00:00+02:00,Solar 61,0.0
2030,sc01,07-20 13:00:00+02:00,Wind 07,0.40083436418
2030,sc01,07-20 13:00:00+02:00,Biomass 31,0.05239
2030,sc01,07-20 13:00:00+02:00,CT Oil 05,0.0
2030,sc01,07-20 13:00:00+02:00,Biomass 38,0.0
2030,sc01,07-20 13:00:00+02:00,Solar 41,0.0
2030,sc01,07-20 13:00:00+02:00,Biomass 51,0.0
2030,sc01,07-20 13:00:00+02:00,Biomass 55,0.07719000000000001
2030,sc01,07-20 13:00:00+02:00,Wind 15,3.6547400648
2030,sc01,07-20 13:00:00+02:00,Geo 01,0.0
2030,sc01,07-20 13:00:00+02:00,Biomass 60,0.08370000000000001
2030,sc01,07-20 13:00:00+02:00,CT NG 38,0.0
2030,sc01,07-20 13:00:00+02:00,Solar 66,24.030697626400002
2030,sc01,07-20 13:00:00+02:00,Solar 49,0.0
2030,sc01,07-20 13:00:00+02:00,CT NG 51,0.0
2030,sc01,07-20 13:00:00+02:00,Biomass 18,0.00651
2030,sc01,07-20 13:00:00+02:00,ICE NG 01,0.0
2030,sc01,07-20 13:00:00+02:00,Solar 15,1.99904162563
2030,sc01,07-20 13:00:00+02:00,ICE NG 05,0.0
2030,sc01,07-20 13:00:00+02:00,CT Oil 04,0.0
2030,sc01,07-20 13:00:00+02:00,CC NG 20,0.0
2030,sc01,07-20 13:00:00+02:00,Solar 20,1.7943094227199998
2030,sc01,07-20 13:00:00+02:00,Biomass 04,0.0
2030,sc01,07-20 13:00:00+02:00,Wind 02,0.9390545116200001
2030,sc01,07-20 13:00:00+02:00,Hydro 25,0.8768877
2030,sc01,07-20 13:00:00+02:00,Solar 75,7.2743289165
2030,sc01,07-20 13:00:00+02:00,Hydro 33,0.0
2030,sc01,07-20 13:00:00+02:00,ST NG 05,0.0
2030,sc01,07-20 13:00:00+02:00,CT NG 07,0.0
2030,sc01,07-20 13:00:00+02:00,Wind 01,0.261138630304
2030,sc01,07-20 13:00:00+02:00,Solar 56,0.0
2030,sc01,07-20 13:00:00+02:00,Biomass 09,0.024180000000000004
2030,sc01,07-20 13:00:00+02:00,Biomass 53,0.07719000000000001
2030,sc01,07-20 13:00:00+02:00,Wind 17,7.418503332099999
2030,sc01,07-20 13:00:00+02:00,ST NG 08,0.0
2030,sc01,07-20 13:00:00+02:00,Hydro 19,0.0
2030,sc01,07-20 13:00:00+02:00,ST NG 02,0.0
2030,sc01,07-20 13:00:00+02:00,Biomass 01,0.03255
2030,sc01,07-20 13:00:00+02:00,Biomass 57,0.06758
2030,sc01,07-20 13:00:00+02:00,CT NG 49,0.0
2030,sc01,07-20 13:00:00+02:00,CT NG 31,0.0
2030,sc01,07-20 13:00:00+02:00,Solar 64,5.208
2030,sc01,07-20 13:00:00+02:00,CC NG 33,0.0
2030,sc01,07-20 13:00:00+02:00,Solar 46,0.0
2030,sc01,07-20 13:00:00+02:00,Biomass 12,0.01085
2030,sc01,07-20 13:00:00+02:00,Wind 04,0.08202439296000001
2030,sc01,07-20 13:00:00+02:00,Solar 13,0.050183198536
2030,sc01,07-20 13:00:00+02:00,CT NG 55,0.0
2030,sc01,07-20 13:00:00+02:00,Wind N03,167.49740813980537
2030,sc01,07-20 13:00:00+02:00,CT NG 28,0.0
2030,sc01,07-20 13:00:00+02:00,Wind 09,0.31158218171999996
2030,sc01,07-20 13:00:00+02:00,Solar 60,0.0
2030,sc01,07-20 13:00:00+02:00,Solar 25,0.36800220155999996
2030,sc01,07-20 13:00:00+02:00,CT NG 23,0.0
2030,sc01,07-20 13:00:00+02:00,ST Other 01,0.0
2030,sc01,07-20 13:00:00+02:00,Solar 70,32.82955090792297
2030,sc01,07-20 13:00:00+02:00,CC NG 34,0.0
2030,sc01,07-20 13:00:00+02:00,Solar 48,0.0
2030,sc01,07-20 13:00:00+02:00,Biomass 56,0.07626
2030,sc01,07-20 13:00:00+02:00,CT NG 36,0.0
2030,sc01,07-20 13:00:00+02:00,Solar 47,0.0
2030,sc01,07-20 13:00:00+02:00,Hydro 17,0.0
2030,sc01,07-20 13:00:00+02:00,Solar 09,0.0
2030,sc01,07-20 13:00:00+02:00,Solar 08,0.0
2030,sc01,07-20 13:00:00+02:00,CT NG 45,0.0
2030,sc01,07-20 13:00:00+02:00,ST NG 04,0.0
2030,sc01,07-20 13:00:00+02:00,Solar 40,0.0
2030,sc01,07-20 13:00:00+02:00,Biomass 47,0.0
2030,sc01,07-20 13:00:00+02:00,Solar 50,0.0
2030,sc01,07-20 13:00:00+02:00,Solar 52,0.0
2030,sc01,07-20 13:00:00+02:00,Solar 63,12.8951459159
2030,sc01,07-20 13:00:00+02:00,CC NG 06,0.0
2030,sc01,07-20 13:00:00+02:00,Biomass 39,0.0
2030,sc01,07-20 13:00:00+02:00,Solar 67,1.6223342711188433
2030,sc01,07-20 13:00:00+02:00,Solar 19,0.018979511176
2030,sc01,07-20 13:00:00+02:00,Wind 12,2.4770522921500002
2030,sc01,07-20 13:00:00+02:00,Solar 24,0.27447510682399995
2030,sc01,07-20 13:00:00+02:00,ICE NG 02,0.0
2030,sc01,07-20 13:00:00+02:00,Solar 05,0.0
2030,sc01,07-20 13:00:00+02:00,CT NG 54,0.0
2030,sc01,07-20 13:00:00+02:00,Wind N01,23.500239694199998
2030,sc01,07-20 13:00:00+02:00,CT NG 27,0.0
2030,sc01,07-20 13:00:00+02:00,CC NG 36,0.0
2030,sc01,07-20 13:00:00+02:00,Wind N02,25.197984930921738
2030,sc01,07-20 13:00:00+02:00,CT NG 52,0.0
2030,sc01,07-20 13:00:00+02:00,Solar 35,0.0
2030,sc01,07-20 13:00:00+02:00,CT NG 05,0.0
2030,sc01,07-20 13:00:00+02:00,Biomass 36,0.0
2030,sc01,07-20 13:00:00+02:00,CT NG 34,0.0
2030,sc01,07-20 13:00:00+02:00,CT Oil 03,0.0
2030,sc01,07-20 13:00:00+02:00,Hydro 35,0.005396232
2030,sc01,07-20 13:00:00+02:00,Solar 14,2.2224841500999997
2030,sc01,07-20 13:00:00+02:00,CT NG 75,0.0
2030,sc01,07-20 13:00:00+02:00,ST NG 09,0.0
2030,sc01,07-20 13:00:00+02:00,CT NG 56,0.0
2030,sc01,07-20 13:00:00+02:00,Biomass 22,0.01147
2030,sc01,07-20 13:00:00+02:00,Solar 18,2.34419413546
2030,sc01,07-20 13:00:00+02:00,Biomass 13,0.01085
2030,sc01,07-20 13:00:00+02:00,CT NG 71,0.0
2030,sc01,07-20 13:00:00+02:00,Solar 58,0.0
2030,sc01,07-20 13:00:00+02:00,Solar 06,0.0
2030,sc01,07-20 13:00:00+02:00,Biomass 08,0.024180000000000004
2030,sc01,07-20 13:00:00+02:00,CT NG 72,0.0
2030,sc01,07-20 13:00:00+02:00,Hydro 18,0.0
2030,sc01,07-20 13:00:00+02:00,Solar 10,1.7283452282800003
2030,sc01,07-20 13:00:00+02:00,CT NG 04,0.0
2030,sc01,07-20 13:00:00+02:00,ST Other 02,0.0
2030,sc01,07-20 13:00:00+02:00,CT NG 12,0.0
2030,sc01,07-20 13:00:00+02:00,CT NG 48,0.0
2030,sc01,07-20 13:00:00+02:00,ST NG 10,0.0
2030,sc01,07-20 13:00:00+02:00,Solar 22,1.6007926785000002
2030,sc01,07-20 13:00:00+02:00,Solar 28,1.4325230367400001
2030,sc01,07-20 13:00:00+02:00,CT NG 73,0.0
2030,sc01,07-20 13:00:00+02:00,Biomass 52,0.0
2030,sc01,07-20 13:00:00+02:00,CT NG 30,0.0
2030,sc01,07-20 13:00:00+02:00,Solar 54,0.0
2030,sc01,07-20 13:00:00+02:00,Solar 31,0.0
2030,sc01,07-20 13:00:00+02:00,Biomass 03,0.0
2030,sc01,07-20 13:00:00+02:00,CT NG 32,0.0
2030,sc01,07-20 13:00:00+02:00,Biomass 27,0.05239
2030,sc01,07-20 13:00:00+02:00,CC NG 14,0.0
2030,sc01,07-20 13:00:00+02:00,CC NG 03,0.0
2030,sc01,07-20 13:00:00+02:00,CC NG 29,0.0
2030,sc01,07-20 13:00:00+02:00,CC NG 28,0.0
2030,sc01,07-20 13:00:00+02:00,CC NG 25,0.0
2030,sc01,07-20 13:00:00+02:00,CT NG 44,0.0
2030,sc01,07-20 13:00:00+02:00,CT NG 14,0.0
2030,sc01,07-20 13:00:00+02:00,CC NG 15,0.0
2030,sc01,07-20 13:00:00+02:00,CC NG 04,0.0
2030,sc01,07-20 13:00:00+02:00,Biomass 29,0.05239
2030,sc01,07-20 13:00:00+02:00,Wind 14,0.0
2030,sc01,07-20 13:00:00+02:00,Wind 08,0.34670705505
2030,sc01,07-20 13:00:00+02:00,Biomass 61,0.0
2030,sc01,07-20 13:00:00+02:00,CT NG 35,0.0
2030,sc01,07-20 13:00:00+02:00,Solar 33,0.0
2030,sc01,07-20 13:00:00+02:00,CT NG 41,0.0
2030,sc01,07-20 13:00:00+02:00,CT NG 15,0.0
2030,sc01,07-20 13:00:00+02:00,Solar 42,0.0
2030,sc01,07-20 13:00:00+02:00,Solar 07,0.0
2030,sc01,07-20 13:00:00+02:00,Solar 43,0.0
2030,sc01,07-20 13:00:00+02:00,Biomass 05,0.01426
2030,sc01,07-20 13:00:00+02:00,CT NG 29,0.0
2030,sc01,07-20 13:00:00+02:00,Solar 71,0.0
2030,sc01,07-20 13:00:00+02:00,CT NG 53,0.0
2030,sc01,07-20 13:00:00+02:00,CT NG 20,0.0
2030,sc01,07-20 13:00:00+02:00,Biomass 14,0.023870000000000002
2030,sc01,07-20 13:00:00+02:00,Solar 26,0.34079573356000004
2030,sc01,07-20 13:00:00+02:00,Hydro 29,0.0
2030,sc01,07-20 13:00:00+02:00,Hydro 31,0.00899372
2030,sc01,07-20 13:00:00+02:00,Biomass 24,0.00961
2030,sc01,07-20 13:00:00+02:00,Biomass 54,0.07719000000000001
2030,sc01,07-20 13:00:00+02:00,Solar 36,9.932236165000003
2030,sc01,07-20 13:00:00+02:00,Wind 03,0.188464786192
2030,sc01,07-20 13:00:00+02:00,Biomass 40,0.0
2030,sc01,07-20 13:00:00+02:00,Biomass 49,0.0
2030,sc01,07-20 13:00:00+02:00,CC NG 16,5.382588346889266
2030,sc01,07-20 13:00:00+02:00,Biomass 48,0.0
2030,sc01,07-20 13:00:00+02:00,Hydro 28,0.0
2030,sc01,07-20 13:00:00+02:00,Biomass 17,0.00651
2030,sc01,07-20 13:00:00+02:00,CT NG 33,0.0
2030,sc01,07-20 13:00:00+02:00,Solar 45,0.0
2030,sc01,07-20 13:00:00+02:00,Hydro 24,0.0
2030,sc01,07-20 13:00:00+02:00,Wind 13,1.27466266426
2030,sc01,07-20 13:00:00+02:00,Biomass 07,0.062
2030,sc01,07-20 13:00:00+02:00,Biomass 34,0.0
2030,sc01,07-20 13:00:00+02:00,Biomass 33,0.0
2030,sc01,07-20 13:00:00+02:00,CT NG 01,0.7629906000000001
2030,sc01,07-20 13:00:00+02:00,ICE NG 03,0.0
2030,sc01,07-20 13:00:00+02:00,Solar 55,0.0
2030,sc01,07-20 13:00:00+02:00,Solar 11,0.37645739296999997
2030,sc01,07-20 13:00:00+02:00,CT NG 06,0.0
2030,sc01,07-20 13:00:00+02:00,CT NG 70,0.0
2030,sc01,07-20 13:00:00+02:00,Solar 23,0.055742478632
2030,sc01,07-20 13:00:00+02:00,CT NG 67,0.0
2030,sc01,07-20 13:00:00+02:00,Solar 12,0.291417793752
2030,sc01,07-20 13:00:00+02:00,CT Oil 01,0.0
2030,sc01,07-20 13:00:00+02:00,Hydro 26,0.0
2030,sc01,07-20 13:00:00+02:00,CC NG 22,0.0
2030,sc01,07-20 13:00:00+02:00,CC NG 35,0.0
2030,sc01,07-20 13:00:00+02:00,Biomass 50,0.0
2030,sc01,07-20 13:00:00+02:00,ICE NG 04,0.0
2030,sc01,07-20 13:00:00+02:00,CC NG 39,0.0
2030,sc01,07-20 13:00:00+02:00,Hydro 32,0.010792464
2030,sc01,07-20 13:00:00+02:00,ICE NG 07,0.0
2030,sc01,07-20 13:00:00+02:00,Biomass 46,0.0
2030,sc01,07-20 13:00:00+02:00,CC NG 38,0.0
2030,sc01,07-20 13:00:00+02:00,CC NG 12,0.0
2030,sc01,07-20 13:00:00+02:00,Solar 57,0.0
2030,sc01,07-20 13:00:00+02:00,CC NG 32,0.0
2030,sc01,07-20 13:00:00+02:00,CC NG 07,0.0
2030,sc01,07-20 13:00:00+02:00,Biomass 44,0.0
2030,sc01,07-20 13:00:00+02:00,CT NG 40,0.0
2030,sc01,07-20 13:00:00+02:00,Solar 74,6.2
2030,sc01,07-20 13:00:00+02:00,Hydro 30,0.0
2030,sc01,07-20 13:00:00+02:00,CT NG 42,0.0
2030,sc01,07-20 13:00:00+02:00,Hydro 22,1.0924570500000002
2030,sc01,07-20 13:00:00+02:00,Solar 17,0.5715867575
2030,sc01,07-20 13:00:00+02:00,Solar 38,0.0
2030,sc01,07-20 13:00:00+02:00,CT NG 24,0.0
2030,sc01,07-20 13:00:00+02:00,CC NG 27,0.0
2030,sc01,07-20 13:00:00+02:00,Biomass 21,0.01147
2030,sc01,07-20 13:00:00+02:00,ICE NG 06,0.0
2030,sc01,07-20 13:00:00+02:00,Biomass 25,0.00961
2030,sc01,07-20 13:00:00+02:00,Solar 27,0.230689743592
2030,sc01,07-20 13:00:00+02:00,CT NG 19,0.0
2030,sc01,07-20 13:00:00+02:00,Biomass 42,0.0
2030,sc01,07-20 13:00:00+02:00,Biomass 19,0.01147
2030,sc01,07-20 13:00:00+02:00,Biomass 06,0.01426
2030,sc01,07-20 13:00:00+02:00,CT NG 10,0.0
2030,sc01,07-20 13:00:00+02:00,CC NG 40,0.0
2030,sc01,07-20 13:00:00+02:00,CC NG 21,0.0
2030,sc01,07-20 13:00:00+02:00,Biomass 02,0.03255
2030,sc01,07-20 13:00:00+02:00,CT NG 46,0.0
2030,sc01,07-20 13:00:00+02:00,Hydro 34,0.0
2030,sc01,07-20 13:00:00+02:00,Biomass 10,0.024180000000000004
2030,sc01,07-20 13:00:00+02:00,CT NG 17,0.0
2030,sc01,07-20 13:00:00+02:00,Biomass 62,0.06416999999999999
2030,sc01,07-20 13:00:00+02:00,Biomass 32,0.0372
2030,sc01,07-20 13:00:00+02:00,CC NG 19,4.19678
2030,sc01,07-20 13:00:00+02:00,CC NG 17,0.0
2030,sc01,07-20 13:00:00+02:00,ST NG 01,0.0
2030,sc01,07-20 13:00:00+02:00,Biomass 45,0.0
2030,sc01,07-20 13:00:00+02:00,Biomass 28,0.05239
2030,sc01,07-20 13:00:00+02:00,CC NG 10,0.0
2030,sc01,07-20 13:00:00+02:00,Biomass 23,0.00961
2030,sc01,07-20 13:00:00+02:00,ST NG 06,0.0
2030,sc01,07-20 13:00:00+02:00,Wind 10,0.32000704738
2030,sc01,07-20 13:00:00+02:00,CT NG 69,0.0
2030,sc01,07-20 13:00:00+02:00,CT NG 68,0.0
2030,sc01,07-20 14:00:00+02:00,CC NG 13,0.0
2030,sc01,07-20 14:00:00+02:00,CT NG 37,0.0
2030,sc01,07-20 14:00:00+02:00,ST Coal 01,0.0
2030,sc01,07-20 14:00:00+02:00,CT NG 09,0.0
2030,sc01,07-20 14:00:00+02:00,CT NG 47,0.0
2030,sc01,07-20 14:00:00+02:00,Solar 69,0.0
2030,sc01,07-20 14:00:00+02:00,Solar 34,22.433653895400003
2030,sc01,07-20 14:00:00+02:00,Solar 73,0.0
2030,sc01,07-20 14:00:00+02:00,Biomass 37,0.0
2030,sc01,07-20 14:00:00+02:00,Hydro 20,0.0
2030,sc01,07-20 14:00:00+02:00,Solar 01,18.6785357154
2030,sc01,07-20 14:00:00+02:00,Solar 62,0.0
2030,sc01,07-20 14:00:00+02:00,Solar 02,0.0
2030,sc01,07-20 14:00:00+02:00,CT NG 26,0.0
2030,sc01,07-20 14:00:00+02:00,Biomass 20,0.01221
2030,sc01,07-20 14:00:00+02:00,Wind 16,16.0028286099
2030,sc01,07-20 14:00:00+02:00,CT NG 66,0.0
2030,sc01,07-20 14:00:00+02:00,Solar 39,0.0
2030,sc01,07-20 14:00:00+02:00,Biomass 41,0.0
2030,sc01,07-20 14:00:00+02:00,Solar 72,0.0
2030,sc01,07-20 14:00:00+02:00,ST NG 03,0.0
2030,sc01,07-20 14:00:00+02:00,Hydro 21,1.16080866
2030,sc01,07-20 14:00:00+02:00,CT NG 03,0.0
2030,sc01,07-20 14:00:00+02:00,CC NG 09,0.0
2030,sc01,07-20 14:00:00+02:00,CT Oil 02,0.0
2030,sc01,07-20 14:00:00+02:00,CT NG 39,0.0
2030,sc01,07-20 14:00:00+02:00,CC NG 08,0.0
2030,sc01,07-20 14:00:00+02:00,Biomass 43,0.0
2030,sc01,07-20 14:00:00+02:00,CT NG 18,0.0
2030,sc01,07-20 14:00:00+02:00,ST NG 07,0.0
2030,sc01,07-20 14:00:00+02:00,Biomass 35,0.0
2030,sc01,07-20 14:00:00+02:00,Solar 32,0.0
2030,sc01,07-20 14:00:00+02:00,Biomass 15,0.00693
2030,sc01,07-20 14:00:00+02:00,CC NG 31,0.0
2030,sc01,07-20 14:00:00+02:00,Solar 16,1.23264916698
2030,sc01,07-20 14:00:00+02:00,Solar 68,0.0
2030,sc01,07-20 14:00:00+02:00,CT NG 21,0.0
2030,sc01,07-20 14:00:00+02:00,Wind 11,0.79352025456
2030,sc01,07-20 14:00:00+02:00,CC NG 37,0.0
2030,sc01,07-20 14:00:00+02:00,CT NG 22,0.0
2030,sc01,07-20 14:00:00+02:00,Hydro 16,0.01930368
2030,sc01,07-20 14:00:00+02:00,Biomass 59,0.13662000000000002
2030,sc01,07-20 14:00:00+02:00,CC NG 01,0.0
2030,sc01,07-20 14:00:00+02:00,Biomass 16,0.00693
2030,sc01,07-20 14:00:00+02:00,Solar 03,5.578588488
2030,sc01,07-20 14:00:00+02:00,Solar 44,0.0
2030,sc01,07-20 14:00:00+02:00,CT NG 08,0.0
2030,sc01,07-20 14:00:00+02:00,Wind 05,0.03872754468
2030,sc01,07-20 14:00:00+02:00,Biomass 26,0.05576999999999999
2030,sc01,07-20 14:00:00+02:00,Solar 37,0.0
2030,sc01,07-20 14:00:00+02:00,Biomass 11,0.01155
2030,sc01,07-20 14:00:00+02:00,Solar 59,0.0
2030,sc01,07-20 14:00:00+02:00,CT NG 11,0.0
2030,sc01,07-20 14:00:00+02:00,Biomass 30,0.05576999999999999
2030,sc01,07-20 14:00:00+02:00,Hydro 23,0.0
2030,sc01,07-20 14:00:00+02:00,CC NG 24,0.0
2030,sc01,07-20 14:00:00+02:00,Solar 65,11.668044979800001
2030,sc01,07-20 14:00:00+02:00,CC NG 18,0.0
2030,sc01,07-20 14:00:00+02:00,CT NG 16,0.0
2030,sc01,07-20 14:00:00+02:00,Solar 51,0.0
2030,sc01,07-20 14:00:00+02:00,Wind 06,0.9739883716200001
2030,sc01,07-20 14:00:00+02:00,CC NG 26,0.0
2030,sc01,07-20 14:00:00+02:00,CC NG 23,0.0
2030,sc01,07-20 14:00:00+02:00,CT NG 43,0.0
2030,sc01,07-20 14:00:00+02:00,CC NG 11,0.0
2030,sc01,07-20 14:00:00+02:00,CT NG 02,0.0
2030,sc01,07-20 14:00:00+02:00,CT NG 50,0.0
2030,sc01,07-20 14:00:00+02:00,Hydro 27,0.0
2030,sc01,07-20 14:00:00+02:00,CT NG 13,0.17998825366760624
2030,sc01,07-20 14:00:00+02:00,CT NG 25,0.0
2030,sc01,07-20 14:00:00+02:00,CC NG 05,0.0
2030,sc01,07-20 14:00:00+02:00,Solar 04,0.8850604191
2030,sc01,07-20 14:00:00+02:00,Solar 30,1.1880000000000002
2030,sc01,07-20 14:00:00+02:00,Solar 29,1.44857557878
2030,sc01,07-20 14:00:00+02:00,Solar 53,0.0
2030,sc01,07-20 14:00:00+02:00,Solar 21,3.3582551178
2030,sc01,07-20 14:00:00+02:00,Biomass 58,0.07194
2030,sc01,07-20 14:00:00+02:00,CT NG 74,0.0
2030,sc01,07-20 14:00:00+02:00,Solar 61,0.0
2030,sc01,07-20 14:00:00+02:00,Wind 07,0.77208636813
2030,sc01,07-20 14:00:00+02:00,Biomass 31,0.05576999999999999
2030,sc01,07-20 14:00:00+02:00,CT Oil 05,0.0
2030,sc01,07-20 14:00:00+02:00,Biomass 38,0.0
2030,sc01,07-20 14:00:00+02:00,Solar 41,0.0
2030,sc01,07-20 14:00:00+02:00,Biomass 51,0.0
2030,sc01,07-20 14:00:00+02:00,Biomass 55,0.08217000000000002
2030,sc01,07-20 14:00:00+02:00,Wind 15,4.120761184798661
2030,sc01,07-20 14:00:00+02:00,Geo 01,0.0
2030,sc01,07-20 14:00:00+02:00,Biomass 60,0.0891
2030,sc01,07-20 14:00:00+02:00,CT NG 38,0.0
2030,sc01,07-20 14:00:00+02:00,Solar 66,23.5655743455
2030,sc01,07-20 14:00:00+02:00,Solar 49,0.0
2030,sc01,07-20 14:00:00+02:00,CT NG 51,0.0
2030,sc01,07-20 14:00:00+02:00,Biomass 18,0.00693
2030,sc01,07-20 14:00:00+02:00,ICE NG 01,0.0
2030,sc01,07-20 14:00:00+02:00,Solar 15,1.9205556654900002
2030,sc01,07-20 14:00:00+02:00,ICE NG 05,0.0
2030,sc01,07-20 14:00:00+02:00,CT Oil 04,0.0
2030,sc01,07-20 14:00:00+02:00,CC NG 20,0.0
2030,sc01,07-20 14:00:00+02:00,Solar 20,1.7571213495000002
2030,sc01,07-20 14:00:00+02:00,Biomass 04,0.0
2030,sc01,07-20 14:00:00+02:00,Wind 02,1.8862948212900001
2030,sc01,07-20 14:00:00+02:00,Hydro 25,0.0
2030,sc01,07-20 14:00:00+02:00,Solar 75,7.2633537603
2030,sc01,07-20 14:00:00+02:00,Hydro 33,0.0
2030,sc01,07-20 14:00:00+02:00,ST NG 05,0.0
2030,sc01,07-20 14:00:00+02:00,CT NG 07,0.0
2030,sc01,07-20 14:00:00+02:00,Wind 01,0.4994910732900001
2030,sc01,07-20 14:00:00+02:00,Solar 56,0.0
2030,sc01,07-20 14:00:00+02:00,Biomass 09,0.025740000000000002
2030,sc01,07-20 14:00:00+02:00,Biomass 53,0.08217000000000002
2030,sc01,07-20 14:00:00+02:00,Wind 17,0.0
2030,sc01,07-20 14:00:00+02:00,ST NG 08,0.0
2030,sc01,07-20 14:00:00+02:00,Hydro 19,0.0
2030,sc01,07-20 14:00:00+02:00,ST NG 02,0.0
2030,sc01,07-20 14:00:00+02:00,Biomass 01,0.03465000000000001
2030,sc01,07-20 14:00:00+02:00,Biomass 57,0.07194
2030,sc01,07-20 14:00:00+02:00,CT NG 49,0.0
2030,sc01,07-20 14:00:00+02:00,CT NG 31,0.0
2030,sc01,07-20 14:00:00+02:00,Solar 64,5.5440000000000005
2030,sc01,07-20 14:00:00+02:00,CC NG 33,0.0
2030,sc01,07-20 14:00:00+02:00,Solar 46,0.0
2030,sc01,07-20 14:00:00+02:00,Biomass 12,0.01155
2030,sc01,07-20 14:00:00+02:00,Wind 04,0.07102750776
2030,sc01,07-20 14:00:00+02:00,Solar 13,0.048212916048
2030,sc01,07-20 14:00:00+02:00,CT NG 55,0.0
2030,sc01,07-20 14:00:00+02:00,Wind N03,166.27893787331385
2030,sc01,07-20 14:00:00+02:00,CT NG 28,0.0
2030,sc01,07-20 14:00:00+02:00,Wind 09,0.5970768506999999
2030,sc01,07-20 14:00:00+02:00,Solar 60,0.0
2030,sc01,07-20 14:00:00+02:00,Solar 25,0.35355377475000005
2030,sc01,07-20 14:00:00+02:00,CT NG 23,0.0
2030,sc01,07-20 14:00:00+02:00,ST Other 01,0.0
2030,sc01,07-20 14:00:00+02:00,Solar 70,21.190427002165613
2030,sc01,07-20 14:00:00+02:00,CC NG 34,0.0
2030,sc01,07-20 14:00:00+02:00,Solar 48,0.0
2030,sc01,07-20 14:00:00+02:00,Biomass 56,0.08118
2030,sc01,07-20 14:00:00+02:00,CT NG 36,0.0
2030,sc01,07-20 14:00:00+02:00,Solar 47,0.0
2030,sc01,07-20 14:00:00+02:00,Hydro 17,0.0
2030,sc01,07-20 14:00:00+02:00,Solar 09,0.0
2030,sc01,07-20 14:00:00+02:00,Solar 08,0.0
2030,sc01,07-20 14:00:00+02:00,CT NG 45,0.0
2030,sc01,07-20 14:00:00+02:00,ST NG 04,0.0
2030,sc01,07-20 14:00:00+02:00,Solar 40,0.0
2030,sc01,07-20 14:00:00+02:00,Biomass 47,0.0
2030,sc01,07-20 14:00:00+02:00,Solar 50,0.0
2030,sc01,07-20 14:00:00+02:00,Solar 52,0.0
2030,sc01,07-20 14:00:00+02:00,Solar 63,13.0816473447
2030,sc01,07-20 14:00:00+02:00,CC NG 06,0.0
2030,sc01,07-20 14:00:00+02:00,Biomass 39,0.0
2030,sc01,07-20 14:00:00+02:00,Solar 67,3.6115187243836626
2030,sc01,07-20 14:00:00+02:00,Solar 19,0.018234341664000002
2030,sc01,07-20 14:00:00+02:00,Wind 12,4.1888931612
2030,sc01,07-20 14:00:00+02:00,Solar 24,0.26369872161600005
2030,sc01,07-20 14:00:00+02:00,ICE NG 02,0.0
2030,sc01,07-20 14:00:00+02:00,Solar 05,0.0
2030,sc01,07-20 14:00:00+02:00,CT NG 54,0.0
2030,sc01,07-20 14:00:00+02:00,Wind N01,39.740781267
2030,sc01,07-20 14:00:00+02:00,CT NG 27,0.0
2030,sc01,07-20 14:00:00+02:00,CC NG 36,0.0
2030,sc01,07-20 14:00:00+02:00,Wind N02,63.72761328347907
2030,sc01,07-20 14:00:00+02:00,CT NG 52,0.0
2030,sc01,07-20 14:00:00+02:00,Solar 35,0.0
2030,sc01,07-20 14:00:00+02:00,CT NG 05,0.0
2030,sc01,07-20 14:00:00+02:00,Biomass 36,0.0
2030,sc01,07-20 14:00:00+02:00,CT NG 34,0.0
2030,sc01,07-20 14:00:00+02:00,CT Oil 03,0.0
2030,sc01,07-20 14:00:00+02:00,Hydro 35,0.005791104
2030,sc01,07-20 14:00:00+02:00,Solar 14,2.1352254356400002
2030,sc01,07-20 14:00:00+02:00,CT NG 75,0.0
2030,sc01,07-20 14:00:00+02:00,ST NG 09,0.0
2030,sc01,07-20 14:00:00+02:00,CT NG 56,0.0
2030,sc01,07-20 14:00:00+02:00,Biomass 22,0.01221
2030,sc01,07-20 14:00:00+02:00,Solar 18,2.25215686872
2030,sc01,07-20 14:00:00+02:00,Biomass 13,0.01155
2030,sc01,07-20 14:00:00+02:00,CT NG 71,0.0
2030,sc01,07-20 14:00:00+02:00,Solar 58,0.0
2030,sc01,07-20 14:00:00+02:00,Solar 06,0.0
2030,sc01,07-20 14:00:00+02:00,Biomass 08,0.025740000000000002
2030,sc01,07-20 14:00:00+02:00,CT NG 72,0.0
2030,sc01,07-20 14:00:00+02:00,Hydro 18,0.0
2030,sc01,07-20 14:00:00+02:00,Solar 10,1.69252429995
2030,sc01,07-20 14:00:00+02:00,CT NG 04,0.0
2030,sc01,07-20 14:00:00+02:00,ST Other 02,0.0
2030,sc01,07-20 14:00:00+02:00,CT NG 12,0.0
2030,sc01,07-20 14:00:00+02:00,CT NG 48,0.0
2030,sc01,07-20 14:00:00+02:00,ST NG 10,0.0
2030,sc01,07-20 14:00:00+02:00,Solar 22,1.5066750484500002
2030,sc01,07-20 14:00:00+02:00,Solar 28,1.3482987176999999
2030,sc01,07-20 14:00:00+02:00,CT NG 73,0.0
2030,sc01,07-20 14:00:00+02:00,Biomass 52,0.0
2030,sc01,07-20 14:00:00+02:00,CT NG 30,0.0
2030,sc01,07-20 14:00:00+02:00,Solar 54,0.0
2030,sc01,07-20 14:00:00+02:00,Solar 31,0.0
2030,sc01,07-20 14:00:00+02:00,Biomass 03,0.0
2030,sc01,07-20 14:00:00+02:00,CT NG 32,0.0
2030,sc01,07-20 14:00:00+02:00,Biomass 27,0.05576999999999999
2030,sc01,07-20 14:00:00+02:00,CC NG 14,0.0
2030,sc01,07-20 14:00:00+02:00,CC NG 03,0.0
2030,sc01,07-20 14:00:00+02:00,CC NG 29,0.0
2030,sc01,07-20 14:00:00+02:00,CC NG 28,0.0
2030,sc01,07-20 14:00:00+02:00,CC NG 25,0.0
2030,sc01,07-20 14:00:00+02:00,CT NG 44,0.0
2030,sc01,07-20 14:00:00+02:00,CT NG 14,0.6907032
2030,sc01,07-20 14:00:00+02:00,CC NG 15,0.0
2030,sc01,07-20 14:00:00+02:00,CC NG 04,0.0
2030,sc01,07-20 14:00:00+02:00,Biomass 29,0.05576999999999999
2030,sc01,07-20 14:00:00+02:00,Wind 14,0.0
2030,sc01,07-20 14:00:00+02:00,Wind 08,0.6659586166200001
2030,sc01,07-20 14:00:00+02:00,Biomass 61,0.0
2030,sc01,07-20 14:00:00+02:00,CT NG 35,0.0
2030,sc01,07-20 14:00:00+02:00,Solar 33,0.0
2030,sc01,07-20 14:00:00+02:00,CT NG 41,0.0
2030,sc01,07-20 14:00:00+02:00,CT NG 15,0.0
2030,sc01,07-20 14:00:00+02:00,Solar 42,0.0
2030,sc01,07-20 14:00:00+02:00,Solar 07,0.0
2030,sc01,07-20 14:00:00+02:00,Solar 43,0.0
2030,sc01,07-20 14:00:00+02:00,Biomass 05,0.01518
2030,sc01,07-20 14:00:00+02:00,CT NG 29,0.0
2030,sc01,07-20 14:00:00+02:00,Solar 71,0.0
2030,sc01,07-20 14:00:00+02:00,CT NG 53,0.0
2030,sc01,07-20 14:00:00+02:00,CT NG 20,0.0
2030,sc01,07-20 14:00:00+02:00,Biomass 14,0.025410000000000002
2030,sc01,07-20 14:00:00+02:00,Solar 26,0.327415481712
2030,sc01,07-20 14:00:00+02:00,Hydro 29,0.0
2030,sc01,07-20 14:00:00+02:00,Hydro 31,0.00965184
2030,sc01,07-20 14:00:00+02:00,Biomass 24,0.01023
2030,sc01,07-20 14:00:00+02:00,Biomass 54,0.08217000000000002
2030,sc01,07-20 14:00:00+02:00,Solar 36,10.753956334039247
2030,sc01,07-20 14:00:00+02:00,Wind 03,0.15972842793600003
2030,sc01,07-20 14:00:00+02:00,Biomass 40,0.0
2030,sc01,07-20 14:00:00+02:00,Biomass 49,0.0
2030,sc01,07-20 14:00:00+02:00,CC NG 16,3.411145568260647
2030,sc01,07-20 14:00:00+02:00,Biomass 48,0.0
2030,sc01,07-20 14:00:00+02:00,Hydro 28,0.0
2030,sc01,07-20 14:00:00+02:00,Biomass 17,0.00693
2030,sc01,07-20 14:00:00+02:00,CT NG 33,0.0
2030,sc01,07-20 14:00:00+02:00,Solar 45,0.0
2030,sc01,07-20 14:00:00+02:00,Hydro 24,0.0
2030,sc01,07-20 14:00:00+02:00,Wind 13,2.3466863894100003
2030,sc01,07-20 14:00:00+02:00,Biomass 07,0.066
2030,sc01,07-20 14:00:00+02:00,Biomass 34,0.0
2030,sc01,07-20 14:00:00+02:00,Biomass 33,0.0
2030,sc01,07-20 14:00:00+02:00,CT NG 01,0.8122158
2030,sc01,07-20 14:00:00+02:00,ICE NG 03,0.0
2030,sc01,07-20 14:00:00+02:00,Solar 55,0.0
2030,sc01,07-20 14:00:00+02:00,Solar 11,0.36167700030000005
2030,sc01,07-20 14:00:00+02:00,CT NG 06,0.0
2030,sc01,07-20 14:00:00+02:00,CT NG 70,0.0
2030,sc01,07-20 14:00:00+02:00,Solar 23,0.053553929088
2030,sc01,07-20 14:00:00+02:00,CT NG 67,0.0
2030,sc01,07-20 14:00:00+02:00,Solar 12,0.279976208424
2030,sc01,07-20 14:00:00+02:00,CT Oil 01,0.0
2030,sc01,07-20 14:00:00+02:00,Hydro 26,0.0
2030,sc01,07-20 14:00:00+02:00,CC NG 22,0.0
2030,sc01,07-20 14:00:00+02:00,CC NG 35,0.0
2030,sc01,07-20 14:00:00+02:00,Biomass 50,0.0
2030,sc01,07-20 14:00:00+02:00,ICE NG 04,0.0
2030,sc01,07-20 14:00:00+02:00,CC NG 39,0.0
2030,sc01,07-20 14:00:00+02:00,Hydro 32,0.011582208
2030,sc01,07-20 14:00:00+02:00,ICE NG 07,0.0
2030,sc01,07-20 14:00:00+02:00,Biomass 46,0.0
2030,sc01,07-20 14:00:00+02:00,CC NG 38,0.0
2030,sc01,07-20 14:00:00+02:00,CC NG 12,0.0
2030,sc01,07-20 14:00:00+02:00,Solar 57,0.0
2030,sc01,07-20 14:00:00+02:00,CC NG 32,0.0
2030,sc01,07-20 14:00:00+02:00,CC NG 07,0.0
2030,sc01,07-20 14:00:00+02:00,Biomass 44,0.0
2030,sc01,07-20 14:00:00+02:00,CT NG 40,0.0
2030,sc01,07-20 14:00:00+02:00,Solar 74,6.6000000000000005
2030,sc01,07-20 14:00:00+02:00,Hydro 30,0.0
2030,sc01,07-20 14:00:00+02:00,CT NG 42,0.0
2030,sc01,07-20 14:00:00+02:00,Hydro 22,1.16080866
2030,sc01,07-20 14:00:00+02:00,Solar 17,0.54914523609
2030,sc01,07-20 14:00:00+02:00,Solar 38,0.0
2030,sc01,07-20 14:00:00+02:00,CT NG 24,0.0
2030,sc01,07-20 14:00:00+02:00,CC NG 27,0.0
2030,sc01,07-20 14:00:00+02:00,Biomass 21,0.01221
2030,sc01,07-20 14:00:00+02:00,ICE NG 06,0.0
2030,sc01,07-20 14:00:00+02:00,Biomass 25,0.01023
2030,sc01,07-20 14:00:00+02:00,Solar 27,0.22499852390400002
2030,sc01,07-20 14:00:00+02:00,CT NG 19,0.0
2030,sc01,07-20 14:00:00+02:00,Biomass 42,0.0
2030,sc01,07-20 14:00:00+02:00,Biomass 19,0.01221
2030,sc01,07-20 14:00:00+02:00,Biomass 06,0.01518
2030,sc01,07-20 14:00:00+02:00,CT NG 10,0.0
2030,sc01,07-20 14:00:00+02:00,CC NG 40,0.0
2030,sc01,07-20 14:00:00+02:00,CC NG 21,0.0
2030,sc01,07-20 14:00:00+02:00,Biomass 02,0.03465000000000001
2030,sc01,07-20 14:00:00+02:00,CT NG 46,0.0
2030,sc01,07-20 14:00:00+02:00,Hydro 34,0.0
2030,sc01,07-20 14:00:00+02:00,Biomass 10,0.025740000000000002
2030,sc01,07-20 14:00:00+02:00,CT NG 17,0.0
2030,sc01,07-20 14:00:00+02:00,Biomass 62,0.06831
2030,sc01,07-20 14:00:00+02:00,Biomass 32,0.039599999999999996
2030,sc01,07-20 14:00:00+02:00,CC NG 19,4.46754
2030,sc01,07-20 14:00:00+02:00,CC NG 17,0.0
2030,sc01,07-20 14:00:00+02:00,ST NG 01,0.0
2030,sc01,07-20 14:00:00+02:00,Biomass 45,0.0
2030,sc01,07-20 14:00:00+02:00,Biomass 28,0.05576999999999999
2030,sc01,07-20 14:00:00+02:00,CC NG 10,0.0
2030,sc01,07-20 14:00:00+02:00,Biomass 23,0.01023
2030,sc01,07-20 14:00:00+02:00,ST NG 06,0.0
2030,sc01,07-20 14:00:00+02:00,Wind 10,0.60207173697
2030,sc01,07-20 14:00:00+02:00,CT NG 69,0.0
2030,sc01,07-20 14:00:00+02:00,CT NG 68,0.0
2030,sc01,07-20 19:00:00+02:00,CC NG 13,0.0
2030,sc01,07-20 19:00:00+02:00,CT NG 37,0.0
2030,sc01,07-20 19:00:00+02:00,ST Coal 01,0.0
2030,sc01,07-20 19:00:00+02:00,CT NG 09,0.0
2030,sc01,07-20 19:00:00+02:00,CT NG 47,0.0
2030,sc01,07-20 19:00:00+02:00,Solar 69,0.0
2030,sc01,07-20 19:00:00+02:00,Solar 34,0.0
2030,sc01,07-20 19:00:00+02:00,Solar 73,0.0
2030,sc01,07-20 19:00:00+02:00,Biomass 37,0.0
2030,sc01,07-20 19:00:00+02:00,Hydro 20,0.0
2030,sc01,07-20 19:00:00+02:00,Solar 01,0.20592578111999998
2030,sc01,07-20 19:00:00+02:00,Solar 62,0.0
2030,sc01,07-20 19:00:00+02:00,Solar 02,0.0
2030,sc01,07-20 19:00:00+02:00,CT NG 26,0.0
2030,sc01,07-20 19:00:00+02:00,Biomass 20,0.0111
2030,sc01,07-20 19:00:00+02:00,Wind 16,0.0
2030,sc01,07-20 19:00:00+02:00,CT NG 66,0.0
2030,sc01,07-20 19:00:00+02:00,Solar 39,0.0
2030,sc01,07-20 19:00:00+02:00,Biomass 41,0.0
2030,sc01,07-20 19:00:00+02:00,Solar 72,0.0
2030,sc01,07-20 19:00:00+02:00,ST NG 03,0.0
2030,sc01,07-20 19:00:00+02:00,Hydro 21,1.2520971
2030,sc01,07-20 19:00:00+02:00,CT NG 03,0.0
2030,sc01,07-20 19:00:00+02:00,CC NG 09,0.0
2030,sc01,07-20 19:00:00+02:00,CT Oil 02,0.0
2030,sc01,07-20 19:00:00+02:00,CT NG 39,0.0
2030,sc01,07-20 19:00:00+02:00,CC NG 08,0.0
2030,sc01,07-20 19:00:00+02:00,Biomass 43,0.0
2030,sc01,07-20 19:00:00+02:00,CT NG 18,0.0
2030,sc01,07-20 19:00:00+02:00,ST NG 07,0.0
2030,sc01,07-20 19:00:00+02:00,Biomass 35,0.0
2030,sc01,07-20 19:00:00+02:00,Solar 32,0.0
2030,sc01,07-20 19:00:00+02:00,Biomass 15,0.0063
2030,sc01,07-20 19:00:00+02:00,CC NG 31,0.0
2030,sc01,07-20 19:00:00+02:00,Solar 16,0.01516180344
2030,sc01,07-20 19:00:00+02:00,Solar 68,0.0
2030,sc01,07-20 19:00:00+02:00,CT NG 21,0.0
2030,sc01,07-20 19:00:00+02:00,Wind 11,1.8662885268
2030,sc01,07-20 19:00:00+02:00,CC NG 37,0.0
2030,sc01,07-20 19:00:00+02:00,CT NG 22,0.0
2030,sc01,07-20 19:00:00+02:00,Hydro 16,0.0178536
2030,sc01,07-20 19:00:00+02:00,Biomass 59,0.12420000000000002
2030,sc01,07-20 19:00:00+02:00,CC NG 01,0.0
2030,sc01,07-20 19:00:00+02:00,Biomass 16,0.0063
2030,sc01,07-20 19:00:00+02:00,Solar 03,0.0
2030,sc01,07-20 19:00:00+02:00,Solar 44,0.0
2030,sc01,07-20 19:00:00+02:00,CT NG 08,0.0
2030,sc01,07-20 19:00:00+02:00,Wind 05,0.0854808216
2030,sc01,07-20 19:00:00+02:00,Biomass 26,0.050699999999999995
2030,sc01,07-20 19:00:00+02:00,Solar 37,0.0
2030,sc01,07-20 19:00:00+02:00,Biomass 11,0.0105
2030,sc01,07-20 19:00:00+02:00,Solar 59,0.0
2030,sc01,07-20 19:00:00+02:00,CT NG 11,0.0
2030,sc01,07-20 19:00:00+02:00,Biomass 30,0.050699999999999995
2030,sc01,07-20 19:00:00+02:00,Hydro 23,0.0
2030,sc01,07-20 19:00:00+02:00,CC NG 24,0.0
2030,sc01,07-20 19:00:00+02:00,Solar 65,0.0
2030,sc01,07-20 19:00:00+02:00,CC NG 18,0.0
2030,sc01,07-20 19:00:00+02:00,CT NG 16,0.0
2030,sc01,07-20 19:00:00+02:00,Solar 51,0.0
2030,sc01,07-20 19:00:00+02:00,Wind 06,2.3652446814
2030,sc01,07-20 19:00:00+02:00,CC NG 26,0.0
2030,sc01,07-20 19:00:00+02:00,CC NG 23,0.0
2030,sc01,07-20 19:00:00+02:00,CT NG 43,0.0
2030,sc01,07-20 19:00:00+02:00,CC NG 11,0.0
2030,sc01,07-20 19:00:00+02:00,CT NG 02,0.0
2030,sc01,07-20 19:00:00+02:00,CT NG 50,0.0
2030,sc01,07-20 19:00:00+02:00,Hydro 27,0.8703630000000001
2030,sc01,07-20 19:00:00+02:00,CT NG 13,0.0
2030,sc01,07-20 19:00:00+02:00,CT NG 25,0.0
2030,sc01,07-20 19:00:00+02:00,CC NG 05,0.0
2030,sc01,07-20 19:00:00+02:00,Solar 04,0.010714515840000001
2030,sc01,07-20 19:00:00+02:00,Solar 30,0.01462070112
2030,sc01,07-20 19:00:00+02:00,Solar 29,0.016805850480000002
2030,sc01,07-20 19:00:00+02:00,Solar 53,0.0
2030,sc01,07-20 19:00:00+02:00,Solar 21,0.0406549392
2030,sc01,07-20 19:00:00+02:00,Biomass 58,0.0654
2030,sc01,07-20 19:00:00+02:00,CT NG 74,0.0
2030,sc01,07-20 19:00:00+02:00,Solar 61,0.0
2030,sc01,07-20 19:00:00+02:00,Wind 07,1.7931434853
2030,sc01,07-20 19:00:00+02:00,Biomass 31,0.050699999999999995
2030,sc01,07-20 19:00:00+02:00,CT Oil 05,0.0
2030,sc01,07-20 19:00:00+02:00,Biomass 38,0.0
2030,sc01,07-20 19:00:00+02:00,Solar 41,0.0
2030,sc01,07-20 19:00:00+02:00,Biomass 51,0.0
2030,sc01,07-20 19:00:00+02:00,Biomass 55,0.07470000000000002
2030,sc01,07-20 19:00:00+02:00,Wind 15,0.0
2030,sc01,07-20 19:00:00+02:00,Geo 01,0.0
2030,sc01,07-20 19:00:00+02:00,Biomass 60,0.081
2030,sc01,07-20 19:00:00+02:00,CT NG 38,0.0
2030,sc01,07-20 19:00:00+02:00,Solar 66,0.026277632640000003
2030,sc01,07-20 19:00:00+02:00,Solar 49,0.0
2030,sc01,07-20 19:00:00+02:00,CT NG 51,0.0
2030,sc01,07-20 19:00:00+02:00,Biomass 18,0.0063
2030,sc01,07-20 19:00:00+02:00,ICE NG 01,0.0
2030,sc01,07-20 19:00:00+02:00,Solar 15,0.02325019128
2030,sc01,07-20 19:00:00+02:00,ICE NG 05,0.0
2030,sc01,07-20 19:00:00+02:00,CT Oil 04,0.0
2030,sc01,07-20 19:00:00+02:00,CC NG 20,0.0
2030,sc01,07-20 19:00:00+02:00,Solar 20,0.019640508719999998
2030,sc01,07-20 19:00:00+02:00,Biomass 04,0.0
2030,sc01,07-20 19:00:00+02:00,Wind 02,4.501428702
2030,sc01,07-20 19:00:00+02:00,Hydro 25,0.0
2030,sc01,07-20 19:00:00+02:00,Solar 75,0.0
2030,sc01,07-20 19:00:00+02:00,Hydro 33,0.0
2030,sc01,07-20 19:00:00+02:00,ST NG 05,0.0
2030,sc01,07-20 19:00:00+02:00,CT NG 07,0.0
2030,sc01,07-20 19:00:00+02:00,Wind 01,1.2067548072
2030,sc01,07-20 19:00:00+02:00,Solar 56,0.0
2030,sc01,07-20 19:00:00+02:00,Biomass 09,0.023400000000000004
2030,sc01,07-20 19:00:00+02:00,Biomass 53,0.07470000000000002
2030,sc01,07-20 19:00:00+02:00,Wind 17,23.144090582798526
2030,sc01,07-20 19:00:00+02:00,ST NG 08,0.0
2030,sc01,07-20 19:00:00+02:00,Hydro 19,0.0
2030,sc01,07-20 19:00:00+02:00,ST NG 02,0.0
2030,sc01,07-20 19:00:00+02:00,Biomass 01,0.03150000000000001
2030,sc01,07-20 19:00:00+02:00,Biomass 57,0.0654
2030,sc01,07-20 19:00:00+02:00,CT NG 49,0.0
2030,sc01,07-20 19:00:00+02:00,CT NG 31,0.0
2030,sc01,07-20 19:00:00+02:00,Solar 64,0.0
2030,sc01,07-20 19:00:00+02:00,CC NG 33,0.0
2030,sc01,07-20 19:00:00+02:00,Solar 46,0.0
2030,sc01,07-20 19:00:00+02:00,Biomass 12,0.0105
2030,sc01,07-20 19:00:00+02:00,Wind 04,0.04194820752
2030,sc01,07-20 19:00:00+02:00,Solar 13,0.0
2030,sc01,07-20 19:00:00+02:00,CT NG 55,0.0
2030,sc01,07-20 19:00:00+02:00,Wind N03,102.44480803694061
2030,sc01,07-20 19:00:00+02:00,CT NG 28,0.0
2030,sc01,07-20 19:00:00+02:00,Wind 09,1.3395479883
2030,sc01,07-20 19:00:00+02:00,Solar 60,0.0
2030,sc01,07-20 19:00:00+02:00,Solar 25,0.0
2030,sc01,07-20 19:00:00+02:00,CT NG 23,0.0
2030,sc01,07-20 19:00:00+02:00,ST Other 01,0.0
2030,sc01,07-20 19:00:00+02:00,Solar 70,0.0
2030,sc01,07-20 19:00:00+02:00,CC NG 34,0.0
2030,sc01,07-20 19:00:00+02:00,Solar 48,0.0
2030,sc01,07-20 19:00:00+02:00,Biomass 56,0.0738
2030,sc01,07-20 19:00:00+02:00,CT NG 36,0.0
2030,sc01,07-20 19:00:00+02:00,Solar 47,0.0
2030,sc01,07-20 19:00:00+02:00,Hydro 17,0.03012795
2030,sc01,07-20 19:00:00+02:00,Solar 09,0.02836759152
2030,sc01,07-20 19:00:00+02:00,Solar 08,0.0
2030,sc01,07-20 19:00:00+02:00,CT NG 45,0.0
2030,sc01,07-20 19:00:00+02:00,ST NG 04,1.4960451149635352
2030,sc01,07-20 19:00:00+02:00,Solar 40,0.0
2030,sc01,07-20 19:00:00+02:00,Biomass 47,0.0
2030,sc01,07-20 19:00:00+02:00,Solar 50,0.0
2030,sc01,07-20 19:00:00+02:00,Solar 52,0.0
2030,sc01,07-20 19:00:00+02:00,Solar 63,0.0
2030,sc01,07-20 19:00:00+02:00,CC NG 06,0.0
2030,sc01,07-20 19:00:00+02:00,Biomass 39,0.0
2030,sc01,07-20 19:00:00+02:00,Solar 67,0.0
2030,sc01,07-20 19:00:00+02:00,Solar 19,0.0
2030,sc01,07-20 19:00:00+02:00,Wind 12,8.865606918
2030,sc01,07-20 19:00:00+02:00,Solar 24,0.0
2030,sc01,07-20 19:00:00+02:00,ICE NG 02,0.0
2030,sc01,07-20 19:00:00+02:00,Solar 05,0.0
2030,sc01,07-20 19:00:00+02:00,CT NG 54,0.0
2030,sc01,07-20 19:00:00+02:00,Wind N01,84.10960410000001
2030,sc01,07-20 19:00:00+02:00,CT NG 27,0.0
2030,sc01,07-20 19:00:00+02:00,CC NG 36,0.0
2030,sc01,07-20 19:00:00+02:00,Wind N02,73.93772337787793
2030,sc01,07-20 19:00:00+02:00,CT NG 52,0.0
2030,sc01,07-20 19:00:00+02:00,Solar 35,0.0
2030,sc01,07-20 19:00:00+02:00,CT NG 05,0.0
2030,sc01,07-20 19:00:00+02:00,Biomass 36,0.0
2030,sc01,07-20 19:00:00+02:00,CT NG 34,0.0
2030,sc01,07-20 19:00:00+02:00,CT Oil 03,0.0
2030,sc01,07-20 19:00:00+02:00,Hydro 35,0.00535608
2030,sc01,07-20 19:00:00+02:00,Solar 14,0.025848977279999998
2030,sc01,07-20 19:00:00+02:00,CT NG 75,0.0
2030,sc01,07-20 19:00:00+02:00,ST NG 09,0.0
2030,sc01,07-20 19:00:00+02:00,CT NG 56,0.0
2030,sc01,07-20 19:00:00+02:00,Biomass 22,0.0111
2030,sc01,07-20 19:00:00+02:00,Solar 18,0.02726454576
2030,sc01,07-20 19:00:00+02:00,Biomass 13,0.0105
2030,sc01,07-20 19:00:00+02:00,CT NG 71,0.0
2030,sc01,07-20 19:00:00+02:00,Solar 58,0.0
2030,sc01,07-20 19:00:00+02:00,Solar 06,0.014544917280000002
2030,sc01,07-20 19:00:00+02:00,Biomass 08,0.023400000000000004
2030,sc01,07-20 19:00:00+02:00,CT NG 72,0.0
2030,sc01,07-20 19:00:00+02:00,Hydro 18,0.10377404999999999
2030,sc01,07-20 19:00:00+02:00,Solar 10,0.01891846464
2030,sc01,07-20 19:00:00+02:00,CT NG 04,0.0
2030,sc01,07-20 19:00:00+02:00,ST Other 02,0.0
2030,sc01,07-20 19:00:00+02:00,CT NG 12,0.0
2030,sc01,07-20 19:00:00+02:00,CT NG 48,0.0
2030,sc01,07-20 19:00:00+02:00,ST NG 10,0.0
2030,sc01,07-20 19:00:00+02:00,Solar 22,0.0174798996
2030,sc01,07-20 19:00:00+02:00,Solar 28,0.01564247472
2030,sc01,07-20 19:00:00+02:00,CT NG 73,0.0
2030,sc01,07-20 19:00:00+02:00,Biomass 52,0.0
2030,sc01,07-20 19:00:00+02:00,CT NG 30,0.0
2030,sc01,07-20 19:00:00+02:00,Solar 54,0.0
2030,sc01,07-20 19:00:00+02:00,Solar 31,0.0
2030,sc01,07-20 19:00:00+02:00,Biomass 03,0.0
2030,sc01,07-20 19:00:00+02:00,CT NG 32,0.0
2030,sc01,07-20 19:00:00+02:00,Biomass 27,0.050699999999999995
2030,sc01,07-20 19:00:00+02:00,CC NG 14,0.0
2030,sc01,07-20 19:00:00+02:00,CC NG 03,0.0
2030,sc01,07-20 19:00:00+02:00,CC NG 29,0.0
2030,sc01,07-20 19:00:00+02:00,CC NG 28,0.0
2030,sc01,07-20 19:00:00+02:00,CC NG 25,0.0
2030,sc01,07-20 19:00:00+02:00,CT NG 44,0.0
2030,sc01,07-20 19:00:00+02:00,CT NG 14,0.1809546916745132
2030,sc01,07-20 19:00:00+02:00,CC NG 15,0.0
2030,sc01,07-20 19:00:00+02:00,CC NG 04,0.0
2030,sc01,07-20 19:00:00+02:00,Biomass 29,0.050699999999999995
2030,sc01,07-20 19:00:00+02:00,Wind 14,32.64880892026285
2030,sc01,07-20 19:00:00+02:00,Wind 08,1.4999038026000002
2030,sc01,07-20 19:00:00+02:00,Biomass 61,0.0
2030,sc01,07-20 19:00:00+02:00,CT NG 35,0.0
2030,sc01,07-20 19:00:00+02:00,Solar 33,0.0
2030,sc01,07-20 19:00:00+02:00,CT NG 41,0.0
2030,sc01,07-20 19:00:00+02:00,CT NG 15,0.0
2030,sc01,07-20 19:00:00+02:00,Solar 42,0.0
2030,sc01,07-20 19:00:00+02:00,Solar 07,0.0
2030,sc01,07-20 19:00:00+02:00,Solar 43,0.0
2030,sc01,07-20 19:00:00+02:00,Biomass 05,0.0138
2030,sc01,07-20 19:00:00+02:00,CT NG 29,0.0
2030,sc01,07-20 19:00:00+02:00,Solar 71,0.0
2030,sc01,07-20 19:00:00+02:00,CT NG 53,0.0
2030,sc01,07-20 19:00:00+02:00,CT NG 20,0.0
2030,sc01,07-20 19:00:00+02:00,Biomass 14,0.023100000000000002
2030,sc01,07-20 19:00:00+02:00,Solar 26,0.0
2030,sc01,07-20 19:00:00+02:00,Hydro 29,2.0853
2030,sc01,07-20 19:00:00+02:00,Hydro 31,0.0089268
2030,sc01,07-20 19:00:00+02:00,Biomass 24,0.0093
2030,sc01,07-20 19:00:00+02:00,Biomass 54,0.07470000000000002
2030,sc01,07-20 19:00:00+02:00,Solar 36,0.0
2030,sc01,07-20 19:00:00+02:00,Wind 03,0.09103792488000001
2030,sc01,07-20 19:00:00+02:00,Biomass 40,0.0
2030,sc01,07-20 19:00:00+02:00,Biomass 49,0.0
2030,sc01,07-20 19:00:00+02:00,CC NG 16,0.0
2030,sc01,07-20 19:00:00+02:00,Biomass 48,0.0
2030,sc01,07-20 19:00:00+02:00,Hydro 28,2.0519336663280825
2030,sc01,07-20 19:00:00+02:00,Biomass 17,0.0063
2030,sc01,07-20 19:00:00+02:00,CT NG 33,0.0
2030,sc01,07-20 19:00:00+02:00,Solar 45,0.0
2030,sc01,07-20 19:00:00+02:00,Hydro 24,0.0
2030,sc01,07-20 19:00:00+02:00,Wind 13,5.639986577999999
2030,sc01,07-20 19:00:00+02:00,Biomass 07,0.06
2030,sc01,07-20 19:00:00+02:00,Biomass 34,0.0
2030,sc01,07-20 19:00:00+02:00,Biomass 33,0.0
2030,sc01,07-20 19:00:00+02:00,CT NG 01,0.7383780000000001
2030,sc01,07-20 19:00:00+02:00,ICE NG 03,0.0
2030,sc01,07-20 19:00:00+02:00,Solar 55,0.0
2030,sc01,07-20 19:00:00+02:00,Solar 11,0.0
2030,sc01,07-20 19:00:00+02:00,CT NG 06,0.0
2030,sc01,07-20 19:00:00+02:00,CT NG 70,0.0
2030,sc01,07-20 19:00:00+02:00,Solar 23,0.0
2030,sc01,07-20 19:00:00+02:00,CT NG 67,0.0
2030,sc01,07-20 19:00:00+02:00,Solar 12,0.0
2030,sc01,07-20 19:00:00+02:00,CT Oil 01,0.0
2030,sc01,07-20 19:00:00+02:00,Hydro 26,0.0
2030,sc01,07-20 19:00:00+02:00,CC NG 22,0.0
2030,sc01,07-20 19:00:00+02:00,CC NG 35,0.0
2030,sc01,07-20 19:00:00+02:00,Biomass 50,0.0
2030,sc01,07-20 19:00:00+02:00,ICE NG 04,0.0
2030,sc01,07-20 19:00:00+02:00,CC NG 39,0.0
2030,sc01,07-20 19:00:00+02:00,Hydro 32,0.01071216
2030,sc01,07-20 19:00:00+02:00,ICE NG 07,0.0
2030,sc01,07-20 19:00:00+02:00,Biomass 46,0.0
2030,sc01,07-20 19:00:00+02:00,CC NG 38,0.0
2030,sc01,07-20 19:00:00+02:00,CC NG 12,0.0
2030,sc01,07-20 19:00:00+02:00,Solar 57,0.0
2030,sc01,07-20 19:00:00+02:00,CC NG 32,0.0
2030,sc01,07-20 19:00:00+02:00,CC NG 07,0.0
2030,sc01,07-20 19:00:00+02:00,Biomass 44,0.0
2030,sc01,07-20 19:00:00+02:00,CT NG 40,0.0
2030,sc01,07-20 19:00:00+02:00,Solar 74,0.0846210996
2030,sc01,07-20 19:00:00+02:00,Hydro 30,0.0
2030,sc01,07-20 19:00:00+02:00,CT NG 42,0.0
2030,sc01,07-20 19:00:00+02:00,Hydro 22,1.2520971
2030,sc01,07-20 19:00:00+02:00,Solar 17,0.0066479364
2030,sc01,07-20 19:00:00+02:00,Solar 38,0.0
2030,sc01,07-20 19:00:00+02:00,CT NG 24,0.0
2030,sc01,07-20 19:00:00+02:00,CC NG 27,0.0
2030,sc01,07-20 19:00:00+02:00,Biomass 21,0.0111
2030,sc01,07-20 19:00:00+02:00,ICE NG 06,0.0
2030,sc01,07-20 19:00:00+02:00,Biomass 25,0.0093
2030,sc01,07-20 19:00:00+02:00,Solar 27,0.0
2030,sc01,07-20 19:00:00+02:00,CT NG 19,0.0
2030,sc01,07-20 19:00:00+02:00,Biomass 42,0.0
2030,sc01,07-20 19:00:00+02:00,Biomass 19,0.0111
2030,sc01,07-20 19:00:00+02:00,Biomass 06,0.0138
2030,sc01,07-20 19:00:00+02:00,CT NG 10,0.0
2030,sc01,07-20 19:00:00+02:00,CC NG 40,0.0
2030,sc01,07-20 19:00:00+02:00,CC NG 21,0.0
2030,sc01,07-20 19:00:00+02:00,Biomass 02,0.03150000000000001
2030,sc01,07-20 19:00:00+02:00,CT NG 46,0.0
2030,sc01,07-20 19:00:00+02:00,Hydro 34,0.0
2030,sc01,07-20 19:00:00+02:00,Biomass 10,0.023400000000000004
2030,sc01,07-20 19:00:00+02:00,CT NG 17,0.0
2030,sc01,07-20 19:00:00+02:00,Biomass 62,0.062099999999999995
2030,sc01,07-20 19:00:00+02:00,Biomass 32,0.036
2030,sc01,07-20 19:00:00+02:00,CC NG 19,0.8277428786339586
2030,sc01,07-20 19:00:00+02:00,CC NG 17,0.0
2030,sc01,07-20 19:00:00+02:00,ST NG 01,0.0
2030,sc01,07-20 19:00:00+02:00,Biomass 45,0.0
2030,sc01,07-20 19:00:00+02:00,Biomass 28,0.050699999999999995
2030,sc01,07-20 19:00:00+02:00,CC NG 10,0.0
2030,sc01,07-20 19:00:00+02:00,Biomass 23,0.0093
2030,sc01,07-20 19:00:00+02:00,ST NG 06,0.0
2030,sc01,07-20 19:00:00+02:00,Wind 10,1.3276059015000001
2030,sc01,07-20 19:00:00+02:00,CT NG 69,0.0
2030,sc01,07-20 19:00:00+02:00,CT NG 68,0.0
2030,sc01,07-21 15:00:00+02:00,CC NG 13,0.0
2030,sc01,07-21 15:00:00+02:00,CT NG 37,0.0
2030,sc01,07-21 15:00:00+02:00,ST Coal 01,0.0
2030,sc01,07-21 15:00:00+02:00,CT NG 09,0.0
2030,sc01,07-21 15:00:00+02:00,CT NG 47,0.0
2030,sc01,07-21 15:00:00+02:00,Solar 69,15.87523783386505
2030,sc01,07-21 15:00:00+02:00,Solar 34,15.3898078526
2030,sc01,07-21 15:00:00+02:00,Solar 73,0.0
2030,sc01,07-21 15:00:00+02:00,Biomass 37,0.0
2030,sc01,07-21 15:00:00+02:00,Hydro 20,0.0
2030,sc01,07-21 15:00:00+02:00,Solar 01,14.680846219500001
2030,sc01,07-21 15:00:00+02:00,Solar 62,0.0
2030,sc01,07-21 15:00:00+02:00,Solar 02,0.0
2030,sc01,07-21 15:00:00+02:00,CT NG 26,0.0
2030,sc01,07-21 15:00:00+02:00,Biomass 20,0.01147
2030,sc01,07-21 15:00:00+02:00,Wind 16,15.745078558163186
2030,sc01,07-21 15:00:00+02:00,CT NG 66,0.0
2030,sc01,07-21 15:00:00+02:00,Solar 39,0.0
2030,sc01,07-21 15:00:00+02:00,Biomass 41,0.0
2030,sc01,07-21 15:00:00+02:00,Solar 72,0.0
2030,sc01,07-21 15:00:00+02:00,ST NG 03,0.0
2030,sc01,07-21 15:00:00+02:00,Hydro 21,1.14624639
2030,sc01,07-21 15:00:00+02:00,CT NG 03,0.0
2030,sc01,07-21 15:00:00+02:00,CC NG 09,0.0
2030,sc01,07-21 15:00:00+02:00,CT Oil 02,0.0
2030,sc01,07-21 15:00:00+02:00,CT NG 39,0.0
2030,sc01,07-21 15:00:00+02:00,CC NG 08,0.0
2030,sc01,07-21 15:00:00+02:00,Biomass 43,0.0
2030,sc01,07-21 15:00:00+02:00,CT NG 18,0.0
2030,sc01,07-21 15:00:00+02:00,ST NG 07,0.0
2030,sc01,07-21 15:00:00+02:00,Biomass 35,0.0
2030,sc01,07-21 15:00:00+02:00,Solar 32,0.0
2030,sc01,07-21 15:00:00+02:00,Biomass 15,0.00651
2030,sc01,07-21 15:00:00+02:00,CC NG 31,0.0
2030,sc01,07-21 15:00:00+02:00,Solar 16,0.96402845138
2030,sc01,07-21 15:00:00+02:00,Solar 68,14.8968870485
2030,sc01,07-21 15:00:00+02:00,CT NG 21,0.0
2030,sc01,07-21 15:00:00+02:00,Wind 11,1.13747902797
2030,sc01,07-21 15:00:00+02:00,CC NG 37,0.0
2030,sc01,07-21 15:00:00+02:00,CT NG 22,0.0
2030,sc01,07-21 15:00:00+02:00,Hydro 16,0.01864712
2030,sc01,07-21 15:00:00+02:00,Biomass 59,0.12834
2030,sc01,07-21 15:00:00+02:00,CC NG 01,0.0
2030,sc01,07-21 15:00:00+02:00,Biomass 16,0.00651
2030,sc01,07-21 15:00:00+02:00,Solar 03,4.173990728200001
2030,sc01,07-21 15:00:00+02:00,Solar 44,0.0
2030,sc01,07-21 15:00:00+02:00,CT NG 08,0.0
2030,sc01,07-21 15:00:00+02:00,Wind 05,0.061786747776
2030,sc01,07-21 15:00:00+02:00,Biomass 26,0.05239
2030,sc01,07-21 15:00:00+02:00,Solar 37,0.0
2030,sc01,07-21 15:00:00+02:00,Biomass 11,0.01085
2030,sc01,07-21 15:00:00+02:00,Solar 59,0.0
2030,sc01,07-21 15:00:00+02:00,CT NG 11,0.0
2030,sc01,07-21 15:00:00+02:00,Biomass 30,0.05239
2030,sc01,07-21 15:00:00+02:00,Hydro 23,0.0
2030,sc01,07-21 15:00:00+02:00,CC NG 24,0.0
2030,sc01,07-21 15:00:00+02:00,Solar 65,9.0131061538
2030,sc01,07-21 15:00:00+02:00,CC NG 18,0.0
2030,sc01,07-21 15:00:00+02:00,CT NG 16,0.0
2030,sc01,07-21 15:00:00+02:00,Solar 51,0.0
2030,sc01,07-21 15:00:00+02:00,Wind 06,1.4401680753900001
2030,sc01,07-21 15:00:00+02:00,CC NG 26,0.0
2030,sc01,07-21 15:00:00+02:00,CC NG 23,0.0
2030,sc01,07-21 15:00:00+02:00,CT NG 43,0.0
2030,sc01,07-21 15:00:00+02:00,CC NG 11,0.0
2030,sc01,07-21 15:00:00+02:00,CT NG 02,0.0
2030,sc01,07-21 15:00:00+02:00,CT NG 50,0.0
2030,sc01,07-21 15:00:00+02:00,Hydro 27,0.0
2030,sc01,07-21 15:00:00+02:00,CT NG 13,0.6488423999999999
2030,sc01,07-21 15:00:00+02:00,CT NG 25,0.0
2030,sc01,07-21 15:00:00+02:00,CC NG 05,0.0
2030,sc01,07-21 15:00:00+02:00,Solar 04,0.70049512049
2030,sc01,07-21 15:00:00+02:00,Solar 30,0.9296237127
2030,sc01,07-21 15:00:00+02:00,Solar 29,1.1230236517100003
2030,sc01,07-21 15:00:00+02:00,Solar 53,0.0
2030,sc01,07-21 15:00:00+02:00,Solar 21,2.65794433008
2030,sc01,07-21 15:00:00+02:00,Biomass 58,0.06758
2030,sc01,07-21 15:00:00+02:00,CT NG 74,0.0
2030,sc01,07-21 15:00:00+02:00,Solar 61,0.0
2030,sc01,07-21 15:00:00+02:00,Wind 07,1.09727536636
2030,sc01,07-21 15:00:00+02:00,Biomass 31,0.05239
2030,sc01,07-21 15:00:00+02:00,CT Oil 05,0.0
2030,sc01,07-21 15:00:00+02:00,Biomass 38,0.0
2030,sc01,07-21 15:00:00+02:00,Solar 41,0.0
2030,sc01,07-21 15:00:00+02:00,Biomass 51,0.0
2030,sc01,07-21 15:00:00+02:00,Biomass 55,0.07719000000000001
2030,sc01,07-21 15:00:00+02:00,Wind 15,0.0
2030,sc01,07-21 15:00:00+02:00,Geo 01,0.0
2030,sc01,07-21 15:00:00+02:00,Biomass 60,0.08370000000000001
2030,sc01,07-21 15:00:00+02:00,CT NG 38,0.0
2030,sc01,07-21 15:00:00+02:00,Solar 66,17.9144761556
2030,sc01,07-21 15:00:00+02:00,Solar 49,0.0
2030,sc01,07-21 15:00:00+02:00,CT NG 51,0.0
2030,sc01,07-21 15:00:00+02:00,Biomass 18,0.00651
2030,sc01,07-21 15:00:00+02:00,ICE NG 01,0.0
2030,sc01,07-21 15:00:00+02:00,Solar 15,1.5200542734199998
2030,sc01,07-21 15:00:00+02:00,ICE NG 05,0.0
2030,sc01,07-21 15:00:00+02:00,CT Oil 04,0.0
2030,sc01,07-21 15:00:00+02:00,CC NG 20,0.0
2030,sc01,07-21 15:00:00+02:00,Solar 20,1.53781471251
2030,sc01,07-21 15:00:00+02:00,Biomass 04,0.0
2030,sc01,07-21 15:00:00+02:00,Wind 02,2.8435333643200003
2030,sc01,07-21 15:00:00+02:00,Hydro 25,0.0
2030,sc01,07-21 15:00:00+02:00,Solar 75,6.1291536602
2030,sc01,07-21 15:00:00+02:00,Hydro 33,0.0
2030,sc01,07-21 15:00:00+02:00,ST NG 05,0.0
2030,sc01,07-21 15:00:00+02:00,CT NG 07,0.0
2030,sc01,07-21 15:00:00+02:00,Wind 01,0.7284479293
2030,sc01,07-21 15:00:00+02:00,Solar 56,0.0
2030,sc01,07-21 15:00:00+02:00,Biomass 09,0.024180000000000004
2030,sc01,07-21 15:00:00+02:00,Biomass 53,0.07719000000000001
2030,sc01,07-21 15:00:00+02:00,Wind 17,18.204753968
2030,sc01,07-21 15:00:00+02:00,ST NG 08,0.0
2030,sc01,07-21 15:00:00+02:00,Hydro 19,0.0
2030,sc01,07-21 15:00:00+02:00,ST NG 02,0.0
2030,sc01,07-21 15:00:00+02:00,Biomass 01,0.03255
2030,sc01,07-21 15:00:00+02:00,Biomass 57,0.06758
2030,sc01,07-21 15:00:00+02:00,CT NG 49,0.0
2030,sc01,07-21 15:00:00+02:00,CT NG 31,0.0
2030,sc01,07-21 15:00:00+02:00,Solar 64,4.7318712046
2030,sc01,07-21 15:00:00+02:00,CC NG 33,0.0
2030,sc01,07-21 15:00:00+02:00,Solar 46,0.0
2030,sc01,07-21 15:00:00+02:00,Biomass 12,0.01085
2030,sc01,07-21 15:00:00+02:00,Wind 04,0.032817098727999996
2030,sc01,07-21 15:00:00+02:00,Solar 13,0.038158877864
2030,sc01,07-21 15:00:00+02:00,CT NG 55,0.0
2030,sc01,07-21 15:00:00+02:00,Wind N03,101.47980828760646
2030,sc01,07-21 15:00:00+02:00,CT NG 28,0.0
2030,sc01,07-21 15:00:00+02:00,Wind 09,0.90423162851
2030,sc01,07-21 15:00:00+02:00,Solar 60,0.0
2030,sc01,07-21 15:00:00+02:00,Solar 25,0.279825748488
2030,sc01,07-21 15:00:00+02:00,CT NG 23,0.0
2030,sc01,07-21 15:00:00+02:00,ST Other 01,0.0
2030,sc01,07-21 15:00:00+02:00,Solar 70,18.473272755636074
2030,sc01,07-21 15:00:00+02:00,CC NG 34,0.0
2030,sc01,07-21 15:00:00+02:00,Solar 48,0.0
2030,sc01,07-21 15:00:00+02:00,Biomass 56,0.07626
2030,sc01,07-21 15:00:00+02:00,CT NG 36,0.0
2030,sc01,07-21 15:00:00+02:00,Solar 47,0.0
2030,sc01,07-21 15:00:00+02:00,Hydro 17,0.0
2030,sc01,07-21 15:00:00+02:00,Solar 09,0.0
2030,sc01,07-21 15:00:00+02:00,Solar 08,0.0
2030,sc01,07-21 15:00:00+02:00,CT NG 45,0.0
2030,sc01,07-21 15:00:00+02:00,ST NG 04,0.0
2030,sc01,07-21 15:00:00+02:00,Solar 40,0.0
2030,sc01,07-21 15:00:00+02:00,Biomass 47,0.0
2030,sc01,07-21 15:00:00+02:00,Solar 50,0.0
2030,sc01,07-21 15:00:00+02:00,Solar 52,0.0
2030,sc01,07-21 15:00:00+02:00,Solar 63,10.1050584215
2030,sc01,07-21 15:00:00+02:00,CC NG 06,0.0
2030,sc01,07-21 15:00:00+02:00,Biomass 39,0.0
2030,sc01,07-21 15:00:00+02:00,Solar 67,6.7361421883000006
2030,sc01,07-21 15:00:00+02:00,Solar 19,0.01443185904
2030,sc01,07-21 15:00:00+02:00,Wind 12,5.771938254600001
2030,sc01,07-21 15:00:00+02:00,Solar 24,0.208708539864
2030,sc01,07-21 15:00:00+02:00,ICE NG 02,0.0
2030,sc01,07-21 15:00:00+02:00,Solar 05,0.0
2030,sc01,07-21 15:00:00+02:00,CT NG 54,0.0
2030,sc01,07-21 15:00:00+02:00,Wind N01,54.759414196
2030,sc01,07-21 15:00:00+02:00,CT NG 27,0.0
2030,sc01,07-21 15:00:00+02:00,CC NG 36,0.0
2030,sc01,07-21 15:00:00+02:00,Wind N02,61.701315144249904
2030,sc01,07-21 15:00:00+02:00,CT NG 52,0.0
2030,sc01,07-21 15:00:00+02:00,Solar 35,0.0
2030,sc01,07-21 15:00:00+02:00,CT NG 05,0.0
2030,sc01,07-21 15:00:00+02:00,Biomass 36,0.0
2030,sc01,07-21 15:00:00+02:00,CT NG 34,0.0
2030,sc01,07-21 15:00:00+02:00,CT Oil 03,0.0
2030,sc01,07-21 15:00:00+02:00,Hydro 35,0.005594136
2030,sc01,07-21 15:00:00+02:00,Solar 14,1.6899580711900002
2030,sc01,07-21 15:00:00+02:00,CT NG 75,0.0
2030,sc01,07-21 15:00:00+02:00,ST NG 09,0.0
2030,sc01,07-21 15:00:00+02:00,CT NG 56,0.0
2030,sc01,07-21 15:00:00+02:00,Biomass 22,0.01147
2030,sc01,07-21 15:00:00+02:00,Solar 18,1.7825053103
2030,sc01,07-21 15:00:00+02:00,Biomass 13,0.01085
2030,sc01,07-21 15:00:00+02:00,CT NG 71,0.0
2030,sc01,07-21 15:00:00+02:00,Solar 58,0.0
2030,sc01,07-21 15:00:00+02:00,Solar 06,0.7498641977418845
2030,sc01,07-21 15:00:00+02:00,Biomass 08,0.024180000000000004
2030,sc01,07-21 15:00:00+02:00,CT NG 72,0.0
2030,sc01,07-21 15:00:00+02:00,Hydro 18,0.0
2030,sc01,07-21 15:00:00+02:00,Solar 10,1.48128003266
2030,sc01,07-21 15:00:00+02:00,CT NG 04,0.0
2030,sc01,07-21 15:00:00+02:00,ST Other 02,0.0
2030,sc01,07-21 15:00:00+02:00,CT NG 12,0.0
2030,sc01,07-21 15:00:00+02:00,CT NG 48,0.0
2030,sc01,07-21 15:00:00+02:00,ST NG 10,0.0
2030,sc01,07-21 15:00:00+02:00,Solar 22,1.16806588446
2030,sc01,07-21 15:00:00+02:00,Solar 28,1.04528294694
2030,sc01,07-21 15:00:00+02:00,CT NG 73,0.0
2030,sc01,07-21 15:00:00+02:00,Biomass 52,0.0
2030,sc01,07-21 15:00:00+02:00,CT NG 30,0.0
2030,sc01,07-21 15:00:00+02:00,Solar 54,0.0
2030,sc01,07-21 15:00:00+02:00,Solar 31,0.0
2030,sc01,07-21 15:00:00+02:00,Biomass 03,0.0
2030,sc01,07-21 15:00:00+02:00,CT NG 32,0.0
2030,sc01,07-21 15:00:00+02:00,Biomass 27,0.05239
2030,sc01,07-21 15:00:00+02:00,CC NG 14,0.0
2030,sc01,07-21 15:00:00+02:00,CC NG 03,0.0
2030,sc01,07-21 15:00:00+02:00,CC NG 29,0.0
2030,sc01,07-21 15:00:00+02:00,CC NG 28,0.0
2030,sc01,07-21 15:00:00+02:00,CC NG 25,0.0
2030,sc01,07-21 15:00:00+02:00,CT NG 44,0.0
2030,sc01,07-21 15:00:00+02:00,CT NG 14,0.22058153973554892
2030,sc01,07-21 15:00:00+02:00,CC NG 15,0.0
2030,sc01,07-21 15:00:00+02:00,CC NG 04,0.0
2030,sc01,07-21 15:00:00+02:00,Biomass 29,0.05239
2030,sc01,07-21 15:00:00+02:00,Wind 14,0.0
2030,sc01,07-21 15:00:00+02:00,Wind 08,1.05606398155
2030,sc01,07-21 15:00:00+02:00,Biomass 61,0.0
2030,sc01,07-21 15:00:00+02:00,CT NG 35,0.0
2030,sc01,07-21 15:00:00+02:00,Solar 33,0.0
2030,sc01,07-21 15:00:00+02:00,CT NG 41,0.0
2030,sc01,07-21 15:00:00+02:00,CT NG 15,0.0
2030,sc01,07-21 15:00:00+02:00,Solar 42,0.0
2030,sc01,07-21 15:00:00+02:00,Solar 07,0.0
2030,sc01,07-21 15:00:00+02:00,Solar 43,0.0
2030,sc01,07-21 15:00:00+02:00,Biomass 05,0.01426
2030,sc01,07-21 15:00:00+02:00,CT NG 29,0.0
2030,sc01,07-21 15:00:00+02:00,Solar 71,0.0
2030,sc01,07-21 15:00:00+02:00,CT NG 53,0.0
2030,sc01,07-21 15:00:00+02:00,CT NG 20,0.0
2030,sc01,07-21 15:00:00+02:00,Biomass 14,0.023870000000000002
2030,sc01,07-21 15:00:00+02:00,Solar 26,0.259138181208
2030,sc01,07-21 15:00:00+02:00,Hydro 29,0.0
2030,sc01,07-21 15:00:00+02:00,Hydro 31,0.00932356
2030,sc01,07-21 15:00:00+02:00,Biomass 24,0.00961
2030,sc01,07-21 15:00:00+02:00,Biomass 54,0.07719000000000001
2030,sc01,07-21 15:00:00+02:00,Solar 36,17.7403934298
2030,sc01,07-21 15:00:00+02:00,Wind 03,0.07557212388800001
2030,sc01,07-21 15:00:00+02:00,Biomass 40,0.0
2030,sc01,07-21 15:00:00+02:00,Biomass 49,0.0
2030,sc01,07-21 15:00:00+02:00,CC NG 16,0.0
2030,sc01,07-21 15:00:00+02:00,Biomass 48,0.0
2030,sc01,07-21 15:00:00+02:00,Hydro 28,0.0
2030,sc01,07-21 15:00:00+02:00,Biomass 17,0.00651
2030,sc01,07-21 15:00:00+02:00,CT NG 33,0.0
2030,sc01,07-21 15:00:00+02:00,Solar 45,0.0
2030,sc01,07-21 15:00:00+02:00,Hydro 24,0.0
2030,sc01,07-21 15:00:00+02:00,Wind 13,3.4867373721000003
2030,sc01,07-21 15:00:00+02:00,Biomass 07,0.062
2030,sc01,07-21 15:00:00+02:00,Biomass 34,0.0
2030,sc01,07-21 15:00:00+02:00,Biomass 33,0.0
2030,sc01,07-21 15:00:00+02:00,CT NG 01,0.7629906000000001
2030,sc01,07-21 15:00:00+02:00,ICE NG 03,0.0
2030,sc01,07-21 15:00:00+02:00,Solar 55,0.0
2030,sc01,07-21 15:00:00+02:00,Solar 11,0.286255004152
2030,sc01,07-21 15:00:00+02:00,CT NG 06,0.0
2030,sc01,07-21 15:00:00+02:00,CT NG 70,0.0
2030,sc01,07-21 15:00:00+02:00,Solar 23,0.042386107304
2030,sc01,07-21 15:00:00+02:00,CT NG 67,0.0
2030,sc01,07-21 15:00:00+02:00,Solar 12,0.221591615096
2030,sc01,07-21 15:00:00+02:00,CT Oil 01,0.0
2030,sc01,07-21 15:00:00+02:00,Hydro 26,0.0
2030,sc01,07-21 15:00:00+02:00,CC NG 22,0.0
2030,sc01,07-21 15:00:00+02:00,CC NG 35,0.0
2030,sc01,07-21 15:00:00+02:00,Biomass 50,0.0
2030,sc01,07-21 15:00:00+02:00,ICE NG 04,0.0
2030,sc01,07-21 15:00:00+02:00,CC NG 39,0.0
2030,sc01,07-21 15:00:00+02:00,Hydro 32,0.011188272
2030,sc01,07-21 15:00:00+02:00,ICE NG 07,0.0
2030,sc01,07-21 15:00:00+02:00,Biomass 46,0.0
2030,sc01,07-21 15:00:00+02:00,CC NG 38,0.0
2030,sc01,07-21 15:00:00+02:00,CC NG 12,0.0
2030,sc01,07-21 15:00:00+02:00,Solar 57,0.0
2030,sc01,07-21 15:00:00+02:00,CC NG 32,0.0
2030,sc01,07-21 15:00:00+02:00,CC NG 07,0.0
2030,sc01,07-21 15:00:00+02:00,Biomass 44,0.0
2030,sc01,07-21 15:00:00+02:00,CT NG 40,0.0
2030,sc01,07-21 15:00:00+02:00,Solar 74,6.2
2030,sc01,07-21 15:00:00+02:00,Hydro 30,0.0
2030,sc01,07-21 15:00:00+02:00,CT NG 42,0.0
2030,sc01,07-21 15:00:00+02:00,Hydro 22,1.14624639
2030,sc01,07-21 15:00:00+02:00,Solar 17,0.43462971571000003
2030,sc01,07-21 15:00:00+02:00,Solar 38,0.0
2030,sc01,07-21 15:00:00+02:00,CT NG 24,0.0
2030,sc01,07-21 15:00:00+02:00,CC NG 27,0.0
2030,sc01,07-21 15:00:00+02:00,Biomass 21,0.01147
2030,sc01,07-21 15:00:00+02:00,ICE NG 06,0.0
2030,sc01,07-21 15:00:00+02:00,Biomass 25,0.00961
2030,sc01,07-21 15:00:00+02:00,Solar 27,0.165259701224
2030,sc01,07-21 15:00:00+02:00,CT NG 19,0.0
2030,sc01,07-21 15:00:00+02:00,Biomass 42,0.0
2030,sc01,07-21 15:00:00+02:00,Biomass 19,0.01147
2030,sc01,07-21 15:00:00+02:00,Biomass 06,0.01426
2030,sc01,07-21 15:00:00+02:00,CT NG 10,0.0
2030,sc01,07-21 15:00:00+02:00,CC NG 40,0.0
2030,sc01,07-21 15:00:00+02:00,CC NG 21,0.0
2030,sc01,07-21 15:00:00+02:00,Biomass 02,0.03255
2030,sc01,07-21 15:00:00+02:00,CT NG 46,0.0
2030,sc01,07-21 15:00:00+02:00,Hydro 34,0.0
2030,sc01,07-21 15:00:00+02:00,Biomass 10,0.024180000000000004
2030,sc01,07-21 15:00:00+02:00,CT NG 17,0.0
2030,sc01,07-21 15:00:00+02:00,Biomass 62,0.06416999999999999
2030,sc01,07-21 15:00:00+02:00,Biomass 32,0.0372
2030,sc01,07-21 15:00:00+02:00,CC NG 19,0.0
2030,sc01,07-21 15:00:00+02:00,CC NG 17,0.0
2030,sc01,07-21 15:00:00+02:00,ST NG 01,0.0
2030,sc01,07-21 15:00:00+02:00,Biomass 45,0.0
2030,sc01,07-21 15:00:00+02:00,Biomass 28,0.05239
2030,sc01,07-21 15:00:00+02:00,CC NG 10,0.0
2030,sc01,07-21 15:00:00+02:00,Biomass 23,0.00961
2030,sc01,07-21 15:00:00+02:00,ST NG 06,0.0
2030,sc01,07-21 15:00:00+02:00,Wind 10,0.93310530503
2030,sc01,07-21 15:00:00+02:00,CT NG 69,0.0
2030,sc01,07-21 15:00:00+02:00,CT NG 68,0.0
2030,sc01,07-22 03:00:00+02:00,CC NG 13,0.0
2030,sc01,07-22 03:00:00+02:00,CT NG 37,0.0
2030,sc01,07-22 03:00:00+02:00,ST Coal 01,0.0
2030,sc01,07-22 03:00:00+02:00,CT NG 09,0.0
2030,sc01,07-22 03:00:00+02:00,CT NG 47,0.0
2030,sc01,07-22 03:00:00+02:00,Solar 69,0.0
2030,sc01,07-22 03:00:00+02:00,Solar 34,0.0
2030,sc01,07-22 03:00:00+02:00,Solar 73,0.0
2030,sc01,07-22 03:00:00+02:00,Biomass 37,0.0
2030,sc01,07-22 03:00:00+02:00,Hydro 20,0.0
2030,sc01,07-22 03:00:00+02:00,Solar 01,0.0
2030,sc01,07-22 03:00:00+02:00,Solar 62,0.0
2030,sc01,07-22 03:00:00+02:00,Solar 02,0.0
2030,sc01,07-22 03:00:00+02:00,CT NG 26,0.0
2030,sc01,07-22 03:00:00+02:00,Biomass 20,0.01554
2030,sc01,07-22 03:00:00+02:00,Wind 16,0.0
2030,sc01,07-22 03:00:00+02:00,CT NG 66,0.0
2030,sc01,07-22 03:00:00+02:00,Solar 39,0.0
2030,sc01,07-22 03:00:00+02:00,Biomass 41,0.0
2030,sc01,07-22 03:00:00+02:00,Solar 72,0.0
2030,sc01,07-22 03:00:00+02:00,ST NG 03,0.0
2030,sc01,07-22 03:00:00+02:00,Hydro 21,0.53392122
2030,sc01,07-22 03:00:00+02:00,CT NG 03,0.0
2030,sc01,07-22 03:00:00+02:00,CC NG 09,0.0
2030,sc01,07-22 03:00:00+02:00,CT Oil 02,0.0
2030,sc01,07-22 03:00:00+02:00,CT NG 39,0.0
2030,sc01,07-22 03:00:00+02:00,CC NG 08,0.0
2030,sc01,07-22 03:00:00+02:00,Biomass 43,0.0
2030,sc01,07-22 03:00:00+02:00,CT NG 18,0.15872219999999998
2030,sc01,07-22 03:00:00+02:00,ST NG 07,0.0
2030,sc01,07-22 03:00:00+02:00,Biomass 35,0.0
2030,sc01,07-22 03:00:00+02:00,Solar 32,0.0
2030,sc01,07-22 03:00:00+02:00,Biomass 15,0.00882
2030,sc01,07-22 03:00:00+02:00,CC NG 31,0.0
2030,sc01,07-22 03:00:00+02:00,Solar 16,0.0
2030,sc01,07-22 03:00:00+02:00,Solar 68,0.0
2030,sc01,07-22 03:00:00+02:00,CT NG 21,0.0
2030,sc01,07-22 03:00:00+02:00,Wind 11,1.47073831044
2030,sc01,07-22 03:00:00+02:00,CC NG 37,0.0
2030,sc01,07-22 03:00:00+02:00,CT NG 22,0.0
2030,sc01,07-22 03:00:00+02:00,Hydro 16,0.025290720000000003
2030,sc01,07-22 03:00:00+02:00,Biomass 59,0.17388
2030,sc01,07-22 03:00:00+02:00,CC NG 01,0.0
2030,sc01,07-22 03:00:00+02:00,Biomass 16,0.00882
2030,sc01,07-22 03:00:00+02:00,Solar 03,0.0
2030,sc01,07-22 03:00:00+02:00,Solar 44,0.0
2030,sc01,07-22 03:00:00+02:00,CT NG 08,0.0
2030,sc01,07-22 03:00:00+02:00,Wind 05,0.042802971456000004
2030,sc01,07-22 03:00:00+02:00,Biomass 26,0.07098
2030,sc01,07-22 03:00:00+02:00,Solar 37,0.0
2030,sc01,07-22 03:00:00+02:00,Biomass 11,0.0147
2030,sc01,07-22 03:00:00+02:00,Solar 59,0.0
2030,sc01,07-22 03:00:00+02:00,CT NG 11,0.0
2030,sc01,07-22 03:00:00+02:00,Biomass 30,0.07098
2030,sc01,07-22 03:00:00+02:00,Hydro 23,0.0
2030,sc01,07-22 03:00:00+02:00,CC NG 24,0.0
2030,sc01,07-22 03:00:00+02:00,Solar 65,0.0
2030,sc01,07-22 03:00:00+02:00,CC NG 18,0.0
2030,sc01,07-22 03:00:00+02:00,CT NG 16,0.0
2030,sc01,07-22 03:00:00+02:00,Solar 51,0.0
2030,sc01,07-22 03:00:00+02:00,Wind 06,1.9571629240800001
2030,sc01,07-22 03:00:00+02:00,CC NG 26,0.0
2030,sc01,07-22 03:00:00+02:00,CC NG 23,0.0
2030,sc01,07-22 03:00:00+02:00,CT NG 43,0.0
2030,sc01,07-22 03:00:00+02:00,CC NG 11,0.0
2030,sc01,07-22 03:00:00+02:00,CT NG 02,0.0
2030,sc01,07-22 03:00:00+02:00,CT NG 50,0.0
2030,sc01,07-22 03:00:00+02:00,Hydro 27,0.0
2030,sc01,07-22 03:00:00+02:00,CT NG 13,0.0
2030,sc01,07-22 03:00:00+02:00,CT NG 25,0.0
2030,sc01,07-22 03:00:00+02:00,CC NG 05,0.0
2030,sc01,07-22 03:00:00+02:00,Solar 04,0.0
2030,sc01,07-22 03:00:00+02:00,Solar 30,0.0
2030,sc01,07-22 03:00:00+02:00,Solar 29,0.0
2030,sc01,07-22 03:00:00+02:00,Solar 53,0.0
2030,sc01,07-22 03:00:00+02:00,Solar 21,0.0
2030,sc01,07-22 03:00:00+02:00,Biomass 58,0.09156
2030,sc01,07-22 03:00:00+02:00,CT NG 74,0.0
2030,sc01,07-22 03:00:00+02:00,Solar 61,0.0
2030,sc01,07-22 03:00:00+02:00,Wind 07,1.3370948854200002
2030,sc01,07-22 03:00:00+02:00,Biomass 31,0.07098
2030,sc01,07-22 03:00:00+02:00,CT Oil 05,0.0
2030,sc01,07-22 03:00:00+02:00,Biomass 38,0.0
2030,sc01,07-22 03:00:00+02:00,Solar 41,0.0
2030,sc01,07-22 03:00:00+02:00,Biomass 51,0.0
2030,sc01,07-22 03:00:00+02:00,Biomass 55,0.10458000000000002
2030,sc01,07-22 03:00:00+02:00,Wind 15,0.0
2030,sc01,07-22 03:00:00+02:00,Geo 01,0.0
2030,sc01,07-22 03:00:00+02:00,Biomass 60,0.1134
2030,sc01,07-22 03:00:00+02:00,CT NG 38,0.0
2030,sc01,07-22 03:00:00+02:00,Solar 66,0.0
2030,sc01,07-22 03:00:00+02:00,Solar 49,0.0
2030,sc01,07-22 03:00:00+02:00,CT NG 51,0.0
2030,sc01,07-22 03:00:00+02:00,Biomass 18,0.00882
2030,sc01,07-22 03:00:00+02:00,ICE NG 01,0.0
2030,sc01,07-22 03:00:00+02:00,Solar 15,0.0
2030,sc01,07-22 03:00:00+02:00,ICE NG 05,0.0
2030,sc01,07-22 03:00:00+02:00,CT Oil 04,0.0
2030,sc01,07-22 03:00:00+02:00,CC NG 20,0.0
2030,sc01,07-22 03:00:00+02:00,Solar 20,0.0
2030,sc01,07-22 03:00:00+02:00,Biomass 04,0.0
2030,sc01,07-22 03:00:00+02:00,Wind 02,3.01473564798
2030,sc01,07-22 03:00:00+02:00,Hydro 25,0.0
2030,sc01,07-22 03:00:00+02:00,Solar 75,0.0
2030,sc01,07-22 03:00:00+02:00,Hydro 33,0.0
2030,sc01,07-22 03:00:00+02:00,ST NG 05,0.0
2030,sc01,07-22 03:00:00+02:00,CT NG 07,0.0
2030,sc01,07-22 03:00:00+02:00,Wind 01,0.94997769594
2030,sc01,07-22 03:00:00+02:00,Solar 56,0.0
2030,sc01,07-22 03:00:00+02:00,Biomass 09,0.032760000000000004
2030,sc01,07-22 03:00:00+02:00,Biomass 53,0.10458000000000002
2030,sc01,07-22 03:00:00+02:00,Wind 17,25.239026966355244
2030,sc01,07-22 03:00:00+02:00,ST NG 08,0.0
2030,sc01,07-22 03:00:00+02:00,Hydro 19,0.0
2030,sc01,07-22 03:00:00+02:00,ST NG 02,0.0
2030,sc01,07-22 03:00:00+02:00,Biomass 01,0.04410000000000001
2030,sc01,07-22 03:00:00+02:00,Biomass 57,0.09156
2030,sc01,07-22 03:00:00+02:00,CT NG 49,0.0
2030,sc01,07-22 03:00:00+02:00,CT NG 31,0.0
2030,sc01,07-22 03:00:00+02:00,Solar 64,0.0
2030,sc01,07-22 03:00:00+02:00,CC NG 33,0.0
2030,sc01,07-22 03:00:00+02:00,Solar 46,0.0
2030,sc01,07-22 03:00:00+02:00,Biomass 12,0.0147
2030,sc01,07-22 03:00:00+02:00,Wind 04,0.0
2030,sc01,07-22 03:00:00+02:00,Solar 13,0.0
2030,sc01,07-22 03:00:00+02:00,CT NG 55,0.0
2030,sc01,07-22 03:00:00+02:00,Wind N03,140.26168610102516
2030,sc01,07-22 03:00:00+02:00,CT NG 28,0.0
2030,sc01,07-22 03:00:00+02:00,Wind 09,0.60774661542
2030,sc01,07-22 03:00:00+02:00,Solar 60,0.0
2030,sc01,07-22 03:00:00+02:00,Solar 25,0.0
2030,sc01,07-22 03:00:00+02:00,CT NG 23,0.0
2030,sc01,07-22 03:00:00+02:00,ST Other 01,0.0
2030,sc01,07-22 03:00:00+02:00,Solar 70,0.0
2030,sc01,07-22 03:00:00+02:00,CC NG 34,0.0
2030,sc01,07-22 03:00:00+02:00,Solar 48,0.0
2030,sc01,07-22 03:00:00+02:00,Biomass 56,0.10332
2030,sc01,07-22 03:00:00+02:00,CT NG 36,0.0
2030,sc01,07-22 03:00:00+02:00,Solar 47,0.0
2030,sc01,07-22 03:00:00+02:00,Hydro 17,0.04267809000000001
2030,sc01,07-22 03:00:00+02:00,Solar 09,0.0
2030,sc01,07-22 03:00:00+02:00,Solar 08,0.0
2030,sc01,07-22 03:00:00+02:00,CT NG 45,0.0
2030,sc01,07-22 03:00:00+02:00,ST NG 04,0.0
2030,sc01,07-22 03:00:00+02:00,Solar 40,0.0
2030,sc01,07-22 03:00:00+02:00,Biomass 47,0.0
2030,sc01,07-22 03:00:00+02:00,Solar 50,0.0
2030,sc01,07-22 03:00:00+02:00,Solar 52,0.0
2030,sc01,07-22 03:00:00+02:00,Solar 63,0.0
2030,sc01,07-22 03:00:00+02:00,CC NG 06,0.0
2030,sc01,07-22 03:00:00+02:00,Biomass 39,0.0
2030,sc01,07-22 03:00:00+02:00,Solar 67,0.0
2030,sc01,07-22 03:00:00+02:00,Solar 19,0.0
2030,sc01,07-22 03:00:00+02:00,Wind 12,6.147104334
2030,sc01,07-22 03:00:00+02:00,Solar 24,0.0
2030,sc01,07-22 03:00:00+02:00,ICE NG 02,0.0
2030,sc01,07-22 03:00:00+02:00,Solar 05,0.0
2030,sc01,07-22 03:00:00+02:00,CT NG 54,0.0
2030,sc01,07-22 03:00:00+02:00,Wind N01,58.31868214199999
2030,sc01,07-22 03:00:00+02:00,CT NG 27,0.0
2030,sc01,07-22 03:00:00+02:00,CC NG 36,0.0
2030,sc01,07-22 03:00:00+02:00,Wind N02,108.57267406135503
2030,sc01,07-22 03:00:00+02:00,CT NG 52,0.0
2030,sc01,07-22 03:00:00+02:00,Solar 35,0.0
2030,sc01,07-22 03:00:00+02:00,CT NG 05,0.0
2030,sc01,07-22 03:00:00+02:00,Biomass 36,0.0
2030,sc01,07-22 03:00:00+02:00,CT NG 34,0.0
2030,sc01,07-22 03:00:00+02:00,CT Oil 03,0.0
2030,sc01,07-22 03:00:00+02:00,Hydro 35,0.007587216
2030,sc01,07-22 03:00:00+02:00,Solar 14,0.0
2030,sc01,07-22 03:00:00+02:00,CT NG 75,0.0
2030,sc01,07-22 03:00:00+02:00,ST NG 09,0.0
2030,sc01,07-22 03:00:00+02:00,CT NG 56,0.0
2030,sc01,07-22 03:00:00+02:00,Biomass 22,0.01554
2030,sc01,07-22 03:00:00+02:00,Solar 18,0.0
2030,sc01,07-22 03:00:00+02:00,Biomass 13,0.0147
2030,sc01,07-22 03:00:00+02:00,CT NG 71,0.0
2030,sc01,07-22 03:00:00+02:00,Solar 58,0.0
2030,sc01,07-22 03:00:00+02:00,Solar 06,0.0
2030,sc01,07-22 03:00:00+02:00,Biomass 08,0.032760000000000004
2030,sc01,07-22 03:00:00+02:00,CT NG 72,0.0
2030,sc01,07-22 03:00:00+02:00,Hydro 18,0.14700231
2030,sc01,07-22 03:00:00+02:00,Solar 10,0.0
2030,sc01,07-22 03:00:00+02:00,CT NG 04,0.0
2030,sc01,07-22 03:00:00+02:00,ST Other 02,0.0
2030,sc01,07-22 03:00:00+02:00,CT NG 12,0.0
2030,sc01,07-22 03:00:00+02:00,CT NG 48,0.0
2030,sc01,07-22 03:00:00+02:00,ST NG 10,0.0
2030,sc01,07-22 03:00:00+02:00,Solar 22,0.0
2030,sc01,07-22 03:00:00+02:00,Solar 28,0.0
2030,sc01,07-22 03:00:00+02:00,CT NG 73,0.0
2030,sc01,07-22 03:00:00+02:00,Biomass 52,0.0
2030,sc01,07-22 03:00:00+02:00,CT NG 30,0.0
2030,sc01,07-22 03:00:00+02:00,Solar 54,0.0
2030,sc01,07-22 03:00:00+02:00,Solar 31,0.0
2030,sc01,07-22 03:00:00+02:00,Biomass 03,0.0
2030,sc01,07-22 03:00:00+02:00,CT NG 32,0.0
2030,sc01,07-22 03:00:00+02:00,Biomass 27,0.07098
2030,sc01,07-22 03:00:00+02:00,CC NG 14,0.0
2030,sc01,07-22 03:00:00+02:00,CC NG 03,0.0
2030,sc01,07-22 03:00:00+02:00,CC NG 29,0.0
2030,sc01,07-22 03:00:00+02:00,CC NG 28,0.0
2030,sc01,07-22 03:00:00+02:00,CC NG 25,0.0
2030,sc01,07-22 03:00:00+02:00,CT NG 44,0.0
2030,sc01,07-22 03:00:00+02:00,CT NG 14,0.0
2030,sc01,07-22 03:00:00+02:00,CC NG 15,0.0
2030,sc01,07-22 03:00:00+02:00,CC NG 04,0.0
2030,sc01,07-22 03:00:00+02:00,Biomass 29,0.07098
2030,sc01,07-22 03:00:00+02:00,Wind 14,17.860647289193885
2030,sc01,07-22 03:00:00+02:00,Wind 08,0.81874760016
2030,sc01,07-22 03:00:00+02:00,Biomass 61,0.0
2030,sc01,07-22 03:00:00+02:00,CT NG 35,0.0
2030,sc01,07-22 03:00:00+02:00,Solar 33,0.0
2030,sc01,07-22 03:00:00+02:00,CT NG 41,0.0
2030,sc01,07-22 03:00:00+02:00,CT NG 15,0.0
2030,sc01,07-22 03:00:00+02:00,Solar 42,0.0
2030,sc01,07-22 03:00:00+02:00,Solar 07,0.0
2030,sc01,07-22 03:00:00+02:00,Solar 43,0.0
2030,sc01,07-22 03:00:00+02:00,Biomass 05,0.01932
2030,sc01,07-22 03:00:00+02:00,CT NG 29,0.0
2030,sc01,07-22 03:00:00+02:00,Solar 71,0.0
2030,sc01,07-22 03:00:00+02:00,CT NG 53,0.0
2030,sc01,07-22 03:00:00+02:00,CT NG 20,0.0
2030,sc01,07-22 03:00:00+02:00,Biomass 14,0.03234
2030,sc01,07-22 03:00:00+02:00,Solar 26,0.0
2030,sc01,07-22 03:00:00+02:00,Hydro 29,0.0
2030,sc01,07-22 03:00:00+02:00,Hydro 31,0.012645360000000001
2030,sc01,07-22 03:00:00+02:00,Biomass 24,0.01302
2030,sc01,07-22 03:00:00+02:00,Biomass 54,0.10458000000000002
2030,sc01,07-22 03:00:00+02:00,Solar 36,0.0
2030,sc01,07-22 03:00:00+02:00,Wind 03,0.012018890688
2030,sc01,07-22 03:00:00+02:00,Biomass 40,0.0
2030,sc01,07-22 03:00:00+02:00,Biomass 49,0.0
2030,sc01,07-22 03:00:00+02:00,CC NG 16,11.5093851684287
2030,sc01,07-22 03:00:00+02:00,Biomass 48,0.0
2030,sc01,07-22 03:00:00+02:00,Hydro 28,9.607352157870332
2030,sc01,07-22 03:00:00+02:00,Biomass 17,0.00882
2030,sc01,07-22 03:00:00+02:00,CT NG 33,0.0
2030,sc01,07-22 03:00:00+02:00,Solar 45,0.0
2030,sc01,07-22 03:00:00+02:00,Hydro 24,0.0
2030,sc01,07-22 03:00:00+02:00,Wind 13,4.6062918762
2030,sc01,07-22 03:00:00+02:00,Biomass 07,0.084
2030,sc01,07-22 03:00:00+02:00,Biomass 34,0.0
2030,sc01,07-22 03:00:00+02:00,Biomass 33,0.0
2030,sc01,07-22 03:00:00+02:00,CT NG 01,0.0
2030,sc01,07-22 03:00:00+02:00,ICE NG 03,0.0
2030,sc01,07-22 03:00:00+02:00,Solar 55,0.0
2030,sc01,07-22 03:00:00+02:00,Solar 11,0.0
2030,sc01,07-22 03:00:00+02:00,CT NG 06,0.0
2030,sc01,07-22 03:00:00+02:00,CT NG 70,0.0
2030,sc01,07-22 03:00:00+02:00,Solar 23,0.0
2030,sc01,07-22 03:00:00+02:00,CT NG 67,0.0
2030,sc01,07-22 03:00:00+02:00,Solar 12,0.0
2030,sc01,07-22 03:00:00+02:00,CT Oil 01,0.0
2030,sc01,07-22 03:00:00+02:00,Hydro 26,0.0
2030,sc01,07-22 03:00:00+02:00,CC NG 22,0.0
2030,sc01,07-22 03:00:00+02:00,CC NG 35,0.0
2030,sc01,07-22 03:00:00+02:00,Biomass 50,0.0
2030,sc01,07-22 03:00:00+02:00,ICE NG 04,0.0
2030,sc01,07-22 03:00:00+02:00,CC NG 39,0.0
2030,sc01,07-22 03:00:00+02:00,Hydro 32,0.015174432
2030,sc01,07-22 03:00:00+02:00,ICE NG 07,0.0
2030,sc01,07-22 03:00:00+02:00,Biomass 46,0.0
2030,sc01,07-22 03:00:00+02:00,CC NG 38,0.0
2030,sc01,07-22 03:00:00+02:00,CC NG 12,0.0
2030,sc01,07-22 03:00:00+02:00,Solar 57,0.0
2030,sc01,07-22 03:00:00+02:00,CC NG 32,0.0
2030,sc01,07-22 03:00:00+02:00,CC NG 07,0.0
2030,sc01,07-22 03:00:00+02:00,Biomass 44,0.0
2030,sc01,07-22 03:00:00+02:00,CT NG 40,0.0
2030,sc01,07-22 03:00:00+02:00,Solar 74,0.0
2030,sc01,07-22 03:00:00+02:00,Hydro 30,0.0
2030,sc01,07-22 03:00:00+02:00,CT NG 42,0.0
2030,sc01,07-22 03:00:00+02:00,Hydro 22,0.53392122
2030,sc01,07-22 03:00:00+02:00,Solar 17,0.0
2030,sc01,07-22 03:00:00+02:00,Solar 38,0.0
2030,sc01,07-22 03:00:00+02:00,CT NG 24,0.0
2030,sc01,07-22 03:00:00+02:00,CC NG 27,0.0
2030,sc01,07-22 03:00:00+02:00,Biomass 21,0.01554
2030,sc01,07-22 03:00:00+02:00,ICE NG 06,0.0
2030,sc01,07-22 03:00:00+02:00,Biomass 25,0.01302
2030,sc01,07-22 03:00:00+02:00,Solar 27,0.0
2030,sc01,07-22 03:00:00+02:00,CT NG 19,0.0
2030,sc01,07-22 03:00:00+02:00,Biomass 42,0.0
2030,sc01,07-22 03:00:00+02:00,Biomass 19,0.01554
2030,sc01,07-22 03:00:00+02:00,Biomass 06,0.01932
2030,sc01,07-22 03:00:00+02:00,CT NG 10,0.0
2030,sc01,07-22 03:00:00+02:00,CC NG 40,0.0
2030,sc01,07-22 03:00:00+02:00,CC NG 21,0.0
2030,sc01,07-22 03:00:00+02:00,Biomass 02,0.04410000000000001
2030,sc01,07-22 03:00:00+02:00,CT NG 46,0.0
2030,sc01,07-22 03:00:00+02:00,Hydro 34,0.0
2030,sc01,07-22 03:00:00+02:00,Biomass 10,0.032760000000000004
2030,sc01,07-22 03:00:00+02:00,CT NG 17,0.0
2030,sc01,07-22 03:00:00+02:00,Biomass 62,0.08693999999999999
2030,sc01,07-22 03:00:00+02:00,Biomass 32,0.05039999999999999
2030,sc01,07-22 03:00:00+02:00,CC NG 19,5.68596
2030,sc01,07-22 03:00:00+02:00,CC NG 17,0.0
2030,sc01,07-22 03:00:00+02:00,ST NG 01,0.0
2030,sc01,07-22 03:00:00+02:00,Biomass 45,0.0
2030,sc01,07-22 03:00:00+02:00,Biomass 28,0.07098
2030,sc01,07-22 03:00:00+02:00,CC NG 10,0.0
2030,sc01,07-22 03:00:00+02:00,Biomass 23,0.01302
2030,sc01,07-22 03:00:00+02:00,ST NG 06,0.0
2030,sc01,07-22 03:00:00+02:00,Wind 10,0.64073633862
2030,sc01,07-22 03:00:00+02:00,CT NG 69,0.0
2030,sc01,07-22 03:00:00+02:00,CT NG 68,0.0
2030,sc01,07-22 18:00:00+02:00,CC NG 13,0.0
2030,sc01,07-22 18:00:00+02:00,CT NG 37,0.0
2030,sc01,07-22 18:00:00+02:00,ST Coal 01,0.0
2030,sc01,07-22 18:00:00+02:00,CT NG 09,0.0
2030,sc01,07-22 18:00:00+02:00,CT NG 47,0.0
2030,sc01,07-22 18:00:00+02:00,Solar 69,0.0
2030,sc01,07-22 18:00:00+02:00,Solar 34,0.66701918745
2030,sc01,07-22 18:00:00+02:00,Solar 73,0.0
2030,sc01,07-22 18:00:00+02:00,Biomass 37,0.0
2030,sc01,07-22 18:00:00+02:00,Hydro 20,0.0
2030,sc01,07-22 18:00:00+02:00,Solar 01,1.68284804193
2030,sc01,07-22 18:00:00+02:00,Solar 62,0.0
2030,sc01,07-22 18:00:00+02:00,Solar 02,0.0
2030,sc01,07-22 18:00:00+02:00,CT NG 26,0.0
2030,sc01,07-22 18:00:00+02:00,Biomass 20,0.01221
2030,sc01,07-22 18:00:00+02:00,Wind 16,29.166210163200002
2030,sc01,07-22 18:00:00+02:00,CT NG 66,0.0
2030,sc01,07-22 18:00:00+02:00,Solar 39,0.013046712096
2030,sc01,07-22 18:00:00+02:00,Biomass 41,0.0
2030,sc01,07-22 18:00:00+02:00,Solar 72,0.0
2030,sc01,07-22 18:00:00+02:00,ST NG 03,0.0
2030,sc01,07-22 18:00:00+02:00,Hydro 21,1.22918895
2030,sc01,07-22 18:00:00+02:00,CT NG 03,0.0
2030,sc01,07-22 18:00:00+02:00,CC NG 09,0.0
2030,sc01,07-22 18:00:00+02:00,CT Oil 02,0.0
2030,sc01,07-22 18:00:00+02:00,CT NG 39,0.0
2030,sc01,07-22 18:00:00+02:00,CC NG 08,0.0
2030,sc01,07-22 18:00:00+02:00,Biomass 43,0.0
2030,sc01,07-22 18:00:00+02:00,CT NG 18,0.0
2030,sc01,07-22 18:00:00+02:00,ST NG 07,0.0
2030,sc01,07-22 18:00:00+02:00,Biomass 35,0.0
2030,sc01,07-22 18:00:00+02:00,Solar 32,0.56444272071
2030,sc01,07-22 18:00:00+02:00,Biomass 15,0.00693
2030,sc01,07-22 18:00:00+02:00,CC NG 31,0.0
2030,sc01,07-22 18:00:00+02:00,Solar 16,0.0
2030,sc01,07-22 18:00:00+02:00,Solar 68,0.0
2030,sc01,07-22 18:00:00+02:00,CT NG 21,0.0
2030,sc01,07-22 18:00:00+02:00,Wind 11,2.18501507301
2030,sc01,07-22 18:00:00+02:00,CC NG 37,0.0
2030,sc01,07-22 18:00:00+02:00,CT NG 22,0.0
2030,sc01,07-22 18:00:00+02:00,Hydro 16,0.020087760000000003
2030,sc01,07-22 18:00:00+02:00,Biomass 59,0.13662000000000002
2030,sc01,07-22 18:00:00+02:00,CC NG 01,0.0
2030,sc01,07-22 18:00:00+02:00,Biomass 16,0.00693
2030,sc01,07-22 18:00:00+02:00,Solar 03,0.0
2030,sc01,07-22 18:00:00+02:00,Solar 44,0.010437057312
2030,sc01,07-22 18:00:00+02:00,CT NG 08,0.0
2030,sc01,07-22 18:00:00+02:00,Wind 05,0.07875099302399999
2030,sc01,07-22 18:00:00+02:00,Biomass 26,0.05576999999999999
2030,sc01,07-22 18:00:00+02:00,Solar 37,0.20029396860000004
2030,sc01,07-22 18:00:00+02:00,Biomass 11,0.01155
2030,sc01,07-22 18:00:00+02:00,Solar 59,0.0
2030,sc01,07-22 18:00:00+02:00,CT NG 11,0.0
2030,sc01,07-22 18:00:00+02:00,Biomass 30,0.05576999999999999
2030,sc01,07-22 18:00:00+02:00,Hydro 23,0.0
2030,sc01,07-22 18:00:00+02:00,CC NG 24,0.0
2030,sc01,07-22 18:00:00+02:00,Solar 65,0.6224603942700001
2030,sc01,07-22 18:00:00+02:00,CC NG 18,0.0
2030,sc01,07-22 18:00:00+02:00,CT NG 16,0.0
2030,sc01,07-22 18:00:00+02:00,Solar 51,0.116508585072
2030,sc01,07-22 18:00:00+02:00,Wind 06,2.8508782315200003
2030,sc01,07-22 18:00:00+02:00,CC NG 26,0.0
2030,sc01,07-22 18:00:00+02:00,CC NG 23,0.0
2030,sc01,07-22 18:00:00+02:00,CT NG 43,0.0
2030,sc01,07-22 18:00:00+02:00,CC NG 11,0.0
2030,sc01,07-22 18:00:00+02:00,CT NG 02,0.0
2030,sc01,07-22 18:00:00+02:00,CT NG 50,0.0
2030,sc01,07-22 18:00:00+02:00,Hydro 27,0.0
2030,sc01,07-22 18:00:00+02:00,CT NG 13,0.3363939977487992
2030,sc01,07-22 18:00:00+02:00,CT NG 25,0.0
2030,sc01,07-22 18:00:00+02:00,CC NG 05,0.0
2030,sc01,07-22 18:00:00+02:00,Solar 04,0.07757762628
2030,sc01,07-22 18:00:00+02:00,Solar 30,0.0
2030,sc01,07-22 18:00:00+02:00,Solar 29,0.0
2030,sc01,07-22 18:00:00+02:00,Solar 53,0.119814593976
2030,sc01,07-22 18:00:00+02:00,Solar 21,0.0
2030,sc01,07-22 18:00:00+02:00,Biomass 58,0.07194
2030,sc01,07-22 18:00:00+02:00,CT NG 74,0.0
2030,sc01,07-22 18:00:00+02:00,Solar 61,0.0
2030,sc01,07-22 18:00:00+02:00,Wind 07,2.10453268509
2030,sc01,07-22 18:00:00+02:00,Biomass 31,0.05576999999999999
2030,sc01,07-22 18:00:00+02:00,CT Oil 05,0.0
2030,sc01,07-22 18:00:00+02:00,Biomass 38,0.0
2030,sc01,07-22 18:00:00+02:00,Solar 41,0.013046712096
2030,sc01,07-22 18:00:00+02:00,Biomass 51,0.0
2030,sc01,07-22 18:00:00+02:00,Biomass 55,0.08217000000000002
2030,sc01,07-22 18:00:00+02:00,Wind 15,0.0
2030,sc01,07-22 18:00:00+02:00,Geo 01,0.0
2030,sc01,07-22 18:00:00+02:00,Biomass 60,0.0891
2030,sc01,07-22 18:00:00+02:00,CT NG 38,0.0
2030,sc01,07-22 18:00:00+02:00,Solar 66,1.43918307126
2030,sc01,07-22 18:00:00+02:00,Solar 49,0.006426882792
2030,sc01,07-22 18:00:00+02:00,CT NG 51,0.0
2030,sc01,07-22 18:00:00+02:00,Biomass 18,0.00693
2030,sc01,07-22 18:00:00+02:00,ICE NG 01,0.0
2030,sc01,07-22 18:00:00+02:00,Solar 15,0.0
2030,sc01,07-22 18:00:00+02:00,ICE NG 05,0.0
2030,sc01,07-22 18:00:00+02:00,CT Oil 04,0.0
2030,sc01,07-22 18:00:00+02:00,CC NG 20,0.0
2030,sc01,07-22 18:00:00+02:00,Solar 20,0.0
2030,sc01,07-22 18:00:00+02:00,Biomass 04,0.0
2030,sc01,07-22 18:00:00+02:00,Wind 02,5.2883946654
2030,sc01,07-22 18:00:00+02:00,Hydro 25,0.0
2030,sc01,07-22 18:00:00+02:00,Solar 75,0.0
2030,sc01,07-22 18:00:00+02:00,Hydro 33,0.0
2030,sc01,07-22 18:00:00+02:00,ST NG 05,0.0
2030,sc01,07-22 18:00:00+02:00,CT NG 07,0.0
2030,sc01,07-22 18:00:00+02:00,Wind 01,1.40738949978
2030,sc01,07-22 18:00:00+02:00,Solar 56,0.140418953928
2030,sc01,07-22 18:00:00+02:00,Biomass 09,0.025740000000000002
2030,sc01,07-22 18:00:00+02:00,Biomass 53,0.08217000000000002
2030,sc01,07-22 18:00:00+02:00,Wind 17,6.312640239888379
2030,sc01,07-22 18:00:00+02:00,ST NG 08,0.0
2030,sc01,07-22 18:00:00+02:00,Hydro 19,0.0
2030,sc01,07-22 18:00:00+02:00,ST NG 02,0.0
2030,sc01,07-22 18:00:00+02:00,Biomass 01,0.03465000000000001
2030,sc01,07-22 18:00:00+02:00,Biomass 57,0.07194
2030,sc01,07-22 18:00:00+02:00,CT NG 49,0.0
2030,sc01,07-22 18:00:00+02:00,CT NG 31,0.0
2030,sc01,07-22 18:00:00+02:00,Solar 64,0.0
2030,sc01,07-22 18:00:00+02:00,CC NG 33,0.0
2030,sc01,07-22 18:00:00+02:00,Solar 46,0.010437057312
2030,sc01,07-22 18:00:00+02:00,Biomass 12,0.01155
2030,sc01,07-22 18:00:00+02:00,Wind 04,0.036328911696
2030,sc01,07-22 18:00:00+02:00,Solar 13,0.0
2030,sc01,07-22 18:00:00+02:00,CT NG 55,0.0
2030,sc01,07-22 18:00:00+02:00,Wind N03,151.42433475703922
2030,sc01,07-22 18:00:00+02:00,CT NG 28,0.0
2030,sc01,07-22 18:00:00+02:00,Wind 09,1.22836259304
2030,sc01,07-22 18:00:00+02:00,Solar 60,0.0
2030,sc01,07-22 18:00:00+02:00,Solar 25,0.0
2030,sc01,07-22 18:00:00+02:00,CT NG 23,0.0
2030,sc01,07-22 18:00:00+02:00,ST Other 01,0.0
2030,sc01,07-22 18:00:00+02:00,Solar 70,0.0
2030,sc01,07-22 18:00:00+02:00,CC NG 34,0.0
2030,sc01,07-22 18:00:00+02:00,Solar 48,0.010437057312
2030,sc01,07-22 18:00:00+02:00,Biomass 56,0.08118
2030,sc01,07-22 18:00:00+02:00,CT NG 36,0.0
2030,sc01,07-22 18:00:00+02:00,Solar 47,0.010437057312
2030,sc01,07-22 18:00:00+02:00,Hydro 17,0.033898094999999996
2030,sc01,07-22 18:00:00+02:00,Solar 09,0.205393361712
2030,sc01,07-22 18:00:00+02:00,Solar 08,0.040123238496000004
2030,sc01,07-22 18:00:00+02:00,CT NG 45,0.0
2030,sc01,07-22 18:00:00+02:00,ST NG 04,0.7034145547367551
2030,sc01,07-22 18:00:00+02:00,Solar 40,0.013046712096
2030,sc01,07-22 18:00:00+02:00,Biomass 47,0.0
2030,sc01,07-22 18:00:00+02:00,Solar 50,0.034397467104000004
2030,sc01,07-22 18:00:00+02:00,Solar 52,0.078019173408
2030,sc01,07-22 18:00:00+02:00,Solar 63,0.6978724698
2030,sc01,07-22 18:00:00+02:00,CC NG 06,0.0
2030,sc01,07-22 18:00:00+02:00,Biomass 39,0.0
2030,sc01,07-22 18:00:00+02:00,Solar 67,0.46520940213
2030,sc01,07-22 18:00:00+02:00,Solar 19,0.0
2030,sc01,07-22 18:00:00+02:00,Wind 12,10.72857093
2030,sc01,07-22 18:00:00+02:00,Solar 24,0.0
2030,sc01,07-22 18:00:00+02:00,ICE NG 02,0.0
2030,sc01,07-22 18:00:00+02:00,Solar 05,0.0
2030,sc01,07-22 18:00:00+02:00,CT NG 54,0.0
2030,sc01,07-22 18:00:00+02:00,Wind N01,99.97057589262805
2030,sc01,07-22 18:00:00+02:00,CT NG 27,0.0
2030,sc01,07-22 18:00:00+02:00,CC NG 36,0.0
2030,sc01,07-22 18:00:00+02:00,Wind N02,62.96641218826052
2030,sc01,07-22 18:00:00+02:00,CT NG 52,0.0
2030,sc01,07-22 18:00:00+02:00,Solar 35,0.22354239996000003
2030,sc01,07-22 18:00:00+02:00,CT NG 05,0.0
2030,sc01,07-22 18:00:00+02:00,Biomass 36,0.0
2030,sc01,07-22 18:00:00+02:00,CT NG 34,0.0
2030,sc01,07-22 18:00:00+02:00,CT Oil 03,0.0
2030,sc01,07-22 18:00:00+02:00,Hydro 35,0.006026328
2030,sc01,07-22 18:00:00+02:00,Solar 14,0.0
2030,sc01,07-22 18:00:00+02:00,CT NG 75,0.0
2030,sc01,07-22 18:00:00+02:00,ST NG 09,0.0
2030,sc01,07-22 18:00:00+02:00,CT NG 56,0.0
2030,sc01,07-22 18:00:00+02:00,Biomass 22,0.01221
2030,sc01,07-22 18:00:00+02:00,Solar 18,0.0
2030,sc01,07-22 18:00:00+02:00,Biomass 13,0.01155
2030,sc01,07-22 18:00:00+02:00,CT NG 71,0.0
2030,sc01,07-22 18:00:00+02:00,Solar 58,0.058753727208
2030,sc01,07-22 18:00:00+02:00,Solar 06,0.11601244274400001
2030,sc01,07-22 18:00:00+02:00,Biomass 08,0.025740000000000002
2030,sc01,07-22 18:00:00+02:00,CT NG 72,0.0
2030,sc01,07-22 18:00:00+02:00,Hydro 18,0.116760105
2030,sc01,07-22 18:00:00+02:00,Solar 10,0.0
2030,sc01,07-22 18:00:00+02:00,CT NG 04,0.0
2030,sc01,07-22 18:00:00+02:00,ST Other 02,0.0
2030,sc01,07-22 18:00:00+02:00,CT NG 12,0.0
2030,sc01,07-22 18:00:00+02:00,CT NG 48,0.0
2030,sc01,07-22 18:00:00+02:00,ST NG 10,0.0
2030,sc01,07-22 18:00:00+02:00,Solar 22,0.0
2030,sc01,07-22 18:00:00+02:00,Solar 28,0.0
2030,sc01,07-22 18:00:00+02:00,CT NG 73,0.0
2030,sc01,07-22 18:00:00+02:00,Biomass 52,0.0
2030,sc01,07-22 18:00:00+02:00,CT NG 30,0.0
2030,sc01,07-22 18:00:00+02:00,Solar 54,0.067445718912
2030,sc01,07-22 18:00:00+02:00,Solar 31,0.38383726194
2030,sc01,07-22 18:00:00+02:00,Biomass 03,0.0
2030,sc01,07-22 18:00:00+02:00,CT NG 32,0.0
2030,sc01,07-22 18:00:00+02:00,Biomass 27,0.05576999999999999
2030,sc01,07-22 18:00:00+02:00,CC NG 14,0.0
2030,sc01,07-22 18:00:00+02:00,CC NG 03,0.0
2030,sc01,07-22 18:00:00+02:00,CC NG 29,0.0
2030,sc01,07-22 18:00:00+02:00,CC NG 28,0.0
2030,sc01,07-22 18:00:00+02:00,CC NG 25,0.0
2030,sc01,07-22 18:00:00+02:00,CT NG 44,0.0
2030,sc01,07-22 18:00:00+02:00,CT NG 14,0.6907032
2030,sc01,07-22 18:00:00+02:00,CC NG 15,0.0
2030,sc01,07-22 18:00:00+02:00,CC NG 04,0.0
2030,sc01,07-22 18:00:00+02:00,Biomass 29,0.05576999999999999
2030,sc01,07-22 18:00:00+02:00,Wind 14,56.6645661668444
2030,sc01,07-22 18:00:00+02:00,Wind 08,1.44464578863
2030,sc01,07-22 18:00:00+02:00,Biomass 61,0.0
2030,sc01,07-22 18:00:00+02:00,CT NG 35,0.0
2030,sc01,07-22 18:00:00+02:00,Solar 33,0.43006849710000006
2030,sc01,07-22 18:00:00+02:00,CT NG 41,0.0
2030,sc01,07-22 18:00:00+02:00,CT NG 15,0.0
2030,sc01,07-22 18:00:00+02:00,Solar 42,0.010437057312
2030,sc01,07-22 18:00:00+02:00,Solar 07,0.0
2030,sc01,07-22 18:00:00+02:00,Solar 43,0.010437057312
2030,sc01,07-22 18:00:00+02:00,Biomass 05,0.01518
2030,sc01,07-22 18:00:00+02:00,CT NG 29,0.0
2030,sc01,07-22 18:00:00+02:00,Solar 71,0.0
2030,sc01,07-22 18:00:00+02:00,CT NG 53,0.0
2030,sc01,07-22 18:00:00+02:00,CT NG 20,0.0
2030,sc01,07-22 18:00:00+02:00,Biomass 14,0.025410000000000002
2030,sc01,07-22 18:00:00+02:00,Solar 26,0.0
2030,sc01,07-22 18:00:00+02:00,Hydro 29,0.0
2030,sc01,07-22 18:00:00+02:00,Hydro 31,0.010043880000000002
2030,sc01,07-22 18:00:00+02:00,Biomass 24,0.01023
2030,sc01,07-22 18:00:00+02:00,Biomass 54,0.08217000000000002
2030,sc01,07-22 18:00:00+02:00,Solar 36,0.68947704078
2030,sc01,07-22 18:00:00+02:00,Wind 03,0.068789764296
2030,sc01,07-22 18:00:00+02:00,Biomass 40,0.0
2030,sc01,07-22 18:00:00+02:00,Biomass 49,0.0
2030,sc01,07-22 18:00:00+02:00,CC NG 16,0.0
2030,sc01,07-22 18:00:00+02:00,Biomass 48,0.0
2030,sc01,07-22 18:00:00+02:00,Hydro 28,0.0
2030,sc01,07-22 18:00:00+02:00,Biomass 17,0.00693
2030,sc01,07-22 18:00:00+02:00,CT NG 33,0.0
2030,sc01,07-22 18:00:00+02:00,Solar 45,0.010437057312
2030,sc01,07-22 18:00:00+02:00,Hydro 24,0.0
2030,sc01,07-22 18:00:00+02:00,Wind 13,6.864183443700001
2030,sc01,07-22 18:00:00+02:00,Biomass 07,0.066
2030,sc01,07-22 18:00:00+02:00,Biomass 34,0.0
2030,sc01,07-22 18:00:00+02:00,Biomass 33,0.0
2030,sc01,07-22 18:00:00+02:00,CT NG 01,0.8122158
2030,sc01,07-22 18:00:00+02:00,ICE NG 03,0.0
2030,sc01,07-22 18:00:00+02:00,Solar 55,0.140040715056
2030,sc01,07-22 18:00:00+02:00,Solar 11,0.0
2030,sc01,07-22 18:00:00+02:00,CT NG 06,0.0
2030,sc01,07-22 18:00:00+02:00,CT NG 70,0.0
2030,sc01,07-22 18:00:00+02:00,Solar 23,0.0
2030,sc01,07-22 18:00:00+02:00,CT NG 67,0.0
2030,sc01,07-22 18:00:00+02:00,Solar 12,0.0
2030,sc01,07-22 18:00:00+02:00,CT Oil 01,0.0
2030,sc01,07-22 18:00:00+02:00,Hydro 26,0.0
2030,sc01,07-22 18:00:00+02:00,CC NG 22,0.0
2030,sc01,07-22 18:00:00+02:00,CC NG 35,0.0
2030,sc01,07-22 18:00:00+02:00,Biomass 50,0.0
2030,sc01,07-22 18:00:00+02:00,ICE NG 04,0.0
2030,sc01,07-22 18:00:00+02:00,CC NG 39,0.0
2030,sc01,07-22 18:00:00+02:00,Hydro 32,0.012052656
2030,sc01,07-22 18:00:00+02:00,ICE NG 07,0.0
2030,sc01,07-22 18:00:00+02:00,Biomass 46,0.0
2030,sc01,07-22 18:00:00+02:00,CC NG 38,0.0
2030,sc01,07-22 18:00:00+02:00,CC NG 12,0.0
2030,sc01,07-22 18:00:00+02:00,Solar 57,0.05017568688000001
2030,sc01,07-22 18:00:00+02:00,CC NG 32,0.0
2030,sc01,07-22 18:00:00+02:00,CC NG 07,0.0
2030,sc01,07-22 18:00:00+02:00,Biomass 44,0.0
2030,sc01,07-22 18:00:00+02:00,CT NG 40,0.0
2030,sc01,07-22 18:00:00+02:00,Solar 74,0.57663182412
2030,sc01,07-22 18:00:00+02:00,Hydro 30,0.0
2030,sc01,07-22 18:00:00+02:00,CT NG 42,0.0
2030,sc01,07-22 18:00:00+02:00,Hydro 22,1.22918895
2030,sc01,07-22 18:00:00+02:00,Solar 17,0.0
2030,sc01,07-22 18:00:00+02:00,Solar 38,0.18374756136
2030,sc01,07-22 18:00:00+02:00,CT NG 24,0.0
2030,sc01,07-22 18:00:00+02:00,CC NG 27,0.0
2030,sc01,07-22 18:00:00+02:00,Biomass 21,0.01221
2030,sc01,07-22 18:00:00+02:00,ICE NG 06,0.0
2030,sc01,07-22 18:00:00+02:00,Biomass 25,0.01023
2030,sc01,07-22 18:00:00+02:00,Solar 27,0.0
2030,sc01,07-22 18:00:00+02:00,CT NG 19,0.0
2030,sc01,07-22 18:00:00+02:00,Biomass 42,0.0
2030,sc01,07-22 18:00:00+02:00,Biomass 19,0.01221
2030,sc01,07-22 18:00:00+02:00,Biomass 06,0.01518
2030,sc01,07-22 18:00:00+02:00,CT NG 10,0.0
2030,sc01,07-22 18:00:00+02:00,CC NG 40,0.0
2030,sc01,07-22 18:00:00+02:00,CC NG 21,0.0
2030,sc01,07-22 18:00:00+02:00,Biomass 02,0.03465000000000001
2030,sc01,07-22 18:00:00+02:00,CT NG 46,0.0
2030,sc01,07-22 18:00:00+02:00,Hydro 34,0.0
2030,sc01,07-22 18:00:00+02:00,Biomass 10,0.025740000000000002
2030,sc01,07-22 18:00:00+02:00,CT NG 17,0.0
2030,sc01,07-22 18:00:00+02:00,Biomass 62,0.06831
2030,sc01,07-22 18:00:00+02:00,Biomass 32,0.039599999999999996
2030,sc01,07-22 18:00:00+02:00,CC NG 19,2.157884176597202
2030,sc01,07-22 18:00:00+02:00,CC NG 17,0.0
2030,sc01,07-22 18:00:00+02:00,ST NG 01,0.0
2030,sc01,07-22 18:00:00+02:00,Biomass 45,0.0
2030,sc01,07-22 18:00:00+02:00,Biomass 28,0.05576999999999999
2030,sc01,07-22 18:00:00+02:00,CC NG 10,0.0
2030,sc01,07-22 18:00:00+02:00,Biomass 23,0.01023
2030,sc01,07-22 18:00:00+02:00,ST NG 06,0.0
2030,sc01,07-22 18:00:00+02:00,Wind 10,1.21586179374
2030,sc01,07-22 18:00:00+02:00,CT NG 69,0.0
2030,sc01,07-22 18:00:00+02:00,CT NG 68,0.0
2030,sc01,07-23 07:00:00+02:00,CC NG 13,0.0
2030,sc01,07-23 07:00:00+02:00,CT NG 37,0.0
2030,sc01,07-23 07:00:00+02:00,ST Coal 01,0.0
2030,sc01,07-23 07:00:00+02:00,CT NG 09,0.0
2030,sc01,07-23 07:00:00+02:00,CT NG 47,0.0
2030,sc01,07-23 07:00:00+02:00,Solar 69,0.0
2030,sc01,07-23 07:00:00+02:00,Solar 34,0.0
2030,sc01,07-23 07:00:00+02:00,Solar 73,0.0
2030,sc01,07-23 07:00:00+02:00,Biomass 37,0.0
2030,sc01,07-23 07:00:00+02:00,Hydro 20,0.0
2030,sc01,07-23 07:00:00+02:00,Solar 01,6.3304602480000005
2030,sc01,07-23 07:00:00+02:00,Solar 62,0.0
2030,sc01,07-23 07:00:00+02:00,Solar 02,3.704451081
2030,sc01,07-23 07:00:00+02:00,CT NG 26,0.0
2030,sc01,07-23 07:00:00+02:00,Biomass 20,0.0111
2030,sc01,07-23 07:00:00+02:00,Wind 16,4.991104047
2030,sc01,07-23 07:00:00+02:00,CT NG 66,0.0
2030,sc01,07-23 07:00:00+02:00,Solar 39,0.0
2030,sc01,07-23 07:00:00+02:00,Biomass 41,0.0
2030,sc01,07-23 07:00:00+02:00,Solar 72,0.0
2030,sc01,07-23 07:00:00+02:00,ST NG 03,0.0
2030,sc01,07-23 07:00:00+02:00,Hydro 21,0.0
2030,sc01,07-23 07:00:00+02:00,CT NG 03,0.0
2030,sc01,07-23 07:00:00+02:00,CC NG 09,0.0
2030,sc01,07-23 07:00:00+02:00,CT Oil 02,0.0
2030,sc01,07-23 07:00:00+02:00,CT NG 39,0.0
2030,sc01,07-23 07:00:00+02:00,CC NG 08,0.0
2030,sc01,07-23 07:00:00+02:00,Biomass 43,0.0
2030,sc01,07-23 07:00:00+02:00,CT NG 18,0.0
2030,sc01,07-23 07:00:00+02:00,ST NG 07,0.0
2030,sc01,07-23 07:00:00+02:00,Biomass 35,0.0
2030,sc01,07-23 07:00:00+02:00,Solar 32,0.0
2030,sc01,07-23 07:00:00+02:00,Biomass 15,0.0063
2030,sc01,07-23 07:00:00+02:00,CC NG 31,0.0
2030,sc01,07-23 07:00:00+02:00,Solar 16,0.48225907710000004
2030,sc01,07-23 07:00:00+02:00,Solar 68,0.0
2030,sc01,07-23 07:00:00+02:00,CT NG 21,0.0
2030,sc01,07-23 07:00:00+02:00,Wind 11,0.4126643562
2030,sc01,07-23 07:00:00+02:00,CC NG 37,0.0
2030,sc01,07-23 07:00:00+02:00,CT NG 22,0.0
2030,sc01,07-23 07:00:00+02:00,Hydro 16,0.019008000000000004
2030,sc01,07-23 07:00:00+02:00,Biomass 59,0.12420000000000002
2030,sc01,07-23 07:00:00+02:00,CC NG 01,0.0
2030,sc01,07-23 07:00:00+02:00,Biomass 16,0.0063
2030,sc01,07-23 07:00:00+02:00,Solar 03,2.2820680853999997
2030,sc01,07-23 07:00:00+02:00,Solar 44,0.0
2030,sc01,07-23 07:00:00+02:00,CT NG 08,0.0
2030,sc01,07-23 07:00:00+02:00,Wind 05,0.0
2030,sc01,07-23 07:00:00+02:00,Biomass 26,0.050699999999999995
2030,sc01,07-23 07:00:00+02:00,Solar 37,0.0
2030,sc01,07-23 07:00:00+02:00,Biomass 11,0.0105
2030,sc01,07-23 07:00:00+02:00,Solar 59,0.0
2030,sc01,07-23 07:00:00+02:00,CT NG 11,0.0
2030,sc01,07-23 07:00:00+02:00,Biomass 30,0.050699999999999995
2030,sc01,07-23 07:00:00+02:00,Hydro 23,0.0
2030,sc01,07-23 07:00:00+02:00,CC NG 24,0.0
2030,sc01,07-23 07:00:00+02:00,Solar 65,9.490517349000001
2030,sc01,07-23 07:00:00+02:00,CC NG 18,0.0
2030,sc01,07-23 07:00:00+02:00,CT NG 16,0.0
2030,sc01,07-23 07:00:00+02:00,Solar 51,0.0
2030,sc01,07-23 07:00:00+02:00,Wind 06,0.9776752125
2030,sc01,07-23 07:00:00+02:00,CC NG 26,0.0
2030,sc01,07-23 07:00:00+02:00,CC NG 23,0.0
2030,sc01,07-23 07:00:00+02:00,CT NG 43,0.0
2030,sc01,07-23 07:00:00+02:00,CC NG 11,0.0
2030,sc01,07-23 07:00:00+02:00,CT NG 02,0.0
2030,sc01,07-23 07:00:00+02:00,CT NG 50,0.0
2030,sc01,07-23 07:00:00+02:00,Hydro 27,0.0
2030,sc01,07-23 07:00:00+02:00,CT NG 13,0.0
2030,sc01,07-23 07:00:00+02:00,CT NG 25,0.0
2030,sc01,07-23 07:00:00+02:00,CC NG 05,0.0
2030,sc01,07-23 07:00:00+02:00,Solar 04,0.3277998318
2030,sc01,07-23 07:00:00+02:00,Solar 30,0.46504796940000004
2030,sc01,07-23 07:00:00+02:00,Solar 29,0.31156121880000004
2030,sc01,07-23 07:00:00+02:00,Solar 53,0.0
2030,sc01,07-23 07:00:00+02:00,Solar 21,1.2437969634000001
2030,sc01,07-23 07:00:00+02:00,Biomass 58,0.0654
2030,sc01,07-23 07:00:00+02:00,CT NG 74,0.0
2030,sc01,07-23 07:00:00+02:00,Solar 61,0.0
2030,sc01,07-23 07:00:00+02:00,Wind 07,0.324924525
2030,sc01,07-23 07:00:00+02:00,Biomass 31,0.050699999999999995
2030,sc01,07-23 07:00:00+02:00,CT Oil 05,0.0
2030,sc01,07-23 07:00:00+02:00,Biomass 38,0.0
2030,sc01,07-23 07:00:00+02:00,Solar 41,0.0
2030,sc01,07-23 07:00:00+02:00,Biomass 51,0.0
2030,sc01,07-23 07:00:00+02:00,Biomass 55,0.07470000000000002
2030,sc01,07-23 07:00:00+02:00,Wind 15,0.0
2030,sc01,07-23 07:00:00+02:00,Geo 01,0.0
2030,sc01,07-23 07:00:00+02:00,Biomass 60,0.081
2030,sc01,07-23 07:00:00+02:00,CT NG 38,0.0
2030,sc01,07-23 07:00:00+02:00,Solar 66,15.13856193
2030,sc01,07-23 07:00:00+02:00,Solar 49,0.0
2030,sc01,07-23 07:00:00+02:00,CT NG 51,0.0
2030,sc01,07-23 07:00:00+02:00,Biomass 18,0.0063
2030,sc01,07-23 07:00:00+02:00,ICE NG 01,0.0
2030,sc01,07-23 07:00:00+02:00,Solar 15,0.7113162111000001
2030,sc01,07-23 07:00:00+02:00,ICE NG 05,0.0
2030,sc01,07-23 07:00:00+02:00,CT Oil 04,0.0
2030,sc01,07-23 07:00:00+02:00,CC NG 20,0.0
2030,sc01,07-23 07:00:00+02:00,Solar 20,0.5070438174
2030,sc01,07-23 07:00:00+02:00,Biomass 04,0.0
2030,sc01,07-23 07:00:00+02:00,Wind 02,1.1335308777000002
2030,sc01,07-23 07:00:00+02:00,Hydro 25,0.0
2030,sc01,07-23 07:00:00+02:00,Solar 75,5.51353848
2030,sc01,07-23 07:00:00+02:00,Hydro 33,0.0
2030,sc01,07-23 07:00:00+02:00,ST NG 05,0.0
2030,sc01,07-23 07:00:00+02:00,CT NG 07,0.0
2030,sc01,07-23 07:00:00+02:00,Wind 01,0.29952455472
2030,sc01,07-23 07:00:00+02:00,Solar 56,0.0
2030,sc01,07-23 07:00:00+02:00,Biomass 09,0.023400000000000004
2030,sc01,07-23 07:00:00+02:00,Biomass 53,0.07470000000000002
2030,sc01,07-23 07:00:00+02:00,Wind 17,13.599067526705543
2030,sc01,07-23 07:00:00+02:00,ST NG 08,0.0
2030,sc01,07-23 07:00:00+02:00,Hydro 19,0.0
2030,sc01,07-23 07:00:00+02:00,ST NG 02,0.0
2030,sc01,07-23 07:00:00+02:00,Biomass 01,0.03150000000000001
2030,sc01,07-23 07:00:00+02:00,Biomass 57,0.0654
2030,sc01,07-23 07:00:00+02:00,CT NG 49,0.0
2030,sc01,07-23 07:00:00+02:00,CT NG 31,0.0
2030,sc01,07-23 07:00:00+02:00,Solar 64,4.9825115790000005
2030,sc01,07-23 07:00:00+02:00,CC NG 33,0.0
2030,sc01,07-23 07:00:00+02:00,Solar 46,0.0
2030,sc01,07-23 07:00:00+02:00,Biomass 12,0.0105
2030,sc01,07-23 07:00:00+02:00,Wind 04,0.02629322976
2030,sc01,07-23 07:00:00+02:00,Solar 13,0.017856618
2030,sc01,07-23 07:00:00+02:00,CT NG 55,0.0
2030,sc01,07-23 07:00:00+02:00,Wind N03,115.27543234633706
2030,sc01,07-23 07:00:00+02:00,CT NG 28,0.0
2030,sc01,07-23 07:00:00+02:00,Wind 09,0.009616736160000002
2030,sc01,07-23 07:00:00+02:00,Solar 60,0.0
2030,sc01,07-23 07:00:00+02:00,Solar 25,0.13094571336
2030,sc01,07-23 07:00:00+02:00,CT NG 23,0.0
2030,sc01,07-23 07:00:00+02:00,ST Other 01,0.0
2030,sc01,07-23 07:00:00+02:00,Solar 70,11.971736688
2030,sc01,07-23 07:00:00+02:00,CC NG 34,0.0
2030,sc01,07-23 07:00:00+02:00,Solar 48,0.0
2030,sc01,07-23 07:00:00+02:00,Biomass 56,0.0738
2030,sc01,07-23 07:00:00+02:00,CT NG 36,0.0
2030,sc01,07-23 07:00:00+02:00,Solar 47,0.0
2030,sc01,07-23 07:00:00+02:00,Hydro 17,0.0
2030,sc01,07-23 07:00:00+02:00,Solar 09,0.8678779257
2030,sc01,07-23 07:00:00+02:00,Solar 08,0.16040305614023712
2030,sc01,07-23 07:00:00+02:00,CT NG 45,0.0
2030,sc01,07-23 07:00:00+02:00,ST NG 04,0.0
2030,sc01,07-23 07:00:00+02:00,Solar 40,0.0
2030,sc01,07-23 07:00:00+02:00,Biomass 47,0.0
2030,sc01,07-23 07:00:00+02:00,Solar 50,0.0
2030,sc01,07-23 07:00:00+02:00,Solar 52,0.0
2030,sc01,07-23 07:00:00+02:00,Solar 63,10.640308752000001
2030,sc01,07-23 07:00:00+02:00,CC NG 06,0.0
2030,sc01,07-23 07:00:00+02:00,Biomass 39,0.0
2030,sc01,07-23 07:00:00+02:00,Solar 67,7.092945897
2030,sc01,07-23 07:00:00+02:00,Solar 19,0.00675345312
2030,sc01,07-23 07:00:00+02:00,Wind 12,3.475741062
2030,sc01,07-23 07:00:00+02:00,Solar 24,0.09766609679999999
2030,sc01,07-23 07:00:00+02:00,ICE NG 02,0.0
2030,sc01,07-23 07:00:00+02:00,Solar 05,0.0
2030,sc01,07-23 07:00:00+02:00,CT NG 54,0.0
2030,sc01,07-23 07:00:00+02:00,Wind N01,32.97497928
2030,sc01,07-23 07:00:00+02:00,CT NG 27,0.0
2030,sc01,07-23 07:00:00+02:00,CC NG 36,0.0
2030,sc01,07-23 07:00:00+02:00,Wind N02,58.859268704002766
2030,sc01,07-23 07:00:00+02:00,CT NG 52,0.0
2030,sc01,07-23 07:00:00+02:00,Solar 35,0.0
2030,sc01,07-23 07:00:00+02:00,CT NG 05,0.0
2030,sc01,07-23 07:00:00+02:00,Biomass 36,0.0
2030,sc01,07-23 07:00:00+02:00,CT NG 34,0.0
2030,sc01,07-23 07:00:00+02:00,CT Oil 03,0.0
2030,sc01,07-23 07:00:00+02:00,Hydro 35,0.0057024
2030,sc01,07-23 07:00:00+02:00,Solar 14,0.7908234549000001
2030,sc01,07-23 07:00:00+02:00,CT NG 75,0.0
2030,sc01,07-23 07:00:00+02:00,ST NG 09,0.0
2030,sc01,07-23 07:00:00+02:00,CT NG 56,0.0
2030,sc01,07-23 07:00:00+02:00,Biomass 22,0.0111
2030,sc01,07-23 07:00:00+02:00,Solar 18,0.8341313502000001
2030,sc01,07-23 07:00:00+02:00,Biomass 13,0.0105
2030,sc01,07-23 07:00:00+02:00,CT NG 71,0.0
2030,sc01,07-23 07:00:00+02:00,Solar 58,0.0
2030,sc01,07-23 07:00:00+02:00,Solar 06,0.4626374751
2030,sc01,07-23 07:00:00+02:00,Biomass 08,0.023400000000000004
2030,sc01,07-23 07:00:00+02:00,CT NG 72,0.0
2030,sc01,07-23 07:00:00+02:00,Hydro 18,0.0
2030,sc01,07-23 07:00:00+02:00,Solar 10,0.4884033663
2030,sc01,07-23 07:00:00+02:00,CT NG 04,0.0
2030,sc01,07-23 07:00:00+02:00,ST Other 02,0.0
2030,sc01,07-23 07:00:00+02:00,CT NG 12,0.0
2030,sc01,07-23 07:00:00+02:00,CT NG 48,0.0
2030,sc01,07-23 07:00:00+02:00,ST NG 10,0.0
2030,sc01,07-23 07:00:00+02:00,Solar 22,0.3240573162
2030,sc01,07-23 07:00:00+02:00,Solar 28,0.28999356192000003
2030,sc01,07-23 07:00:00+02:00,CT NG 73,0.0
2030,sc01,07-23 07:00:00+02:00,Biomass 52,0.0
2030,sc01,07-23 07:00:00+02:00,CT NG 30,0.0
2030,sc01,07-23 07:00:00+02:00,Solar 54,0.0
2030,sc01,07-23 07:00:00+02:00,Solar 31,0.0
2030,sc01,07-23 07:00:00+02:00,Biomass 03,0.0
2030,sc01,07-23 07:00:00+02:00,CT NG 32,0.0
2030,sc01,07-23 07:00:00+02:00,Biomass 27,0.050699999999999995
2030,sc01,07-23 07:00:00+02:00,CC NG 14,0.0
2030,sc01,07-23 07:00:00+02:00,CC NG 03,0.0
2030,sc01,07-23 07:00:00+02:00,CC NG 29,0.0
2030,sc01,07-23 07:00:00+02:00,CC NG 28,0.0
2030,sc01,07-23 07:00:00+02:00,CC NG 25,0.0
2030,sc01,07-23 07:00:00+02:00,CT NG 44,0.0
2030,sc01,07-23 07:00:00+02:00,CT NG 14,0.556104677958174
2030,sc01,07-23 07:00:00+02:00,CC NG 15,0.0
2030,sc01,07-23 07:00:00+02:00,CC NG 04,0.0
2030,sc01,07-23 07:00:00+02:00,Biomass 29,0.050699999999999995
2030,sc01,07-23 07:00:00+02:00,Wind 14,0.0
2030,sc01,07-23 07:00:00+02:00,Wind 08,0.00803627472
2030,sc01,07-23 07:00:00+02:00,Biomass 61,0.0
2030,sc01,07-23 07:00:00+02:00,CT NG 35,0.0
2030,sc01,07-23 07:00:00+02:00,Solar 33,0.0
2030,sc01,07-23 07:00:00+02:00,CT NG 41,0.0
2030,sc01,07-23 07:00:00+02:00,CT NG 15,0.0
2030,sc01,07-23 07:00:00+02:00,Solar 42,0.0
2030,sc01,07-23 07:00:00+02:00,Solar 07,0.0
2030,sc01,07-23 07:00:00+02:00,Solar 43,0.0
2030,sc01,07-23 07:00:00+02:00,Biomass 05,0.0138
2030,sc01,07-23 07:00:00+02:00,CT NG 29,0.0
2030,sc01,07-23 07:00:00+02:00,Solar 71,0.0
2030,sc01,07-23 07:00:00+02:00,CT NG 53,0.0
2030,sc01,07-23 07:00:00+02:00,CT NG 20,0.0
2030,sc01,07-23 07:00:00+02:00,Biomass 14,0.023100000000000002
2030,sc01,07-23 07:00:00+02:00,Solar 26,0.12126487344
2030,sc01,07-23 07:00:00+02:00,Hydro 29,0.0
2030,sc01,07-23 07:00:00+02:00,Hydro 31,0.009504000000000002
2030,sc01,07-23 07:00:00+02:00,Biomass 24,0.0093
2030,sc01,07-23 07:00:00+02:00,Biomass 54,0.07470000000000002
2030,sc01,07-23 07:00:00+02:00,Solar 36,4.140529644566144
2030,sc01,07-23 07:00:00+02:00,Wind 03,0.07315687871999998
2030,sc01,07-23 07:00:00+02:00,Biomass 40,0.0
2030,sc01,07-23 07:00:00+02:00,Biomass 49,0.0
2030,sc01,07-23 07:00:00+02:00,CC NG 16,0.0
2030,sc01,07-23 07:00:00+02:00,Biomass 48,0.0
2030,sc01,07-23 07:00:00+02:00,Hydro 28,0.0
2030,sc01,07-23 07:00:00+02:00,Biomass 17,0.0063
2030,sc01,07-23 07:00:00+02:00,CT NG 33,0.0
2030,sc01,07-23 07:00:00+02:00,Solar 45,0.0
2030,sc01,07-23 07:00:00+02:00,Hydro 24,0.0
2030,sc01,07-23 07:00:00+02:00,Wind 13,2.7052187736000004
2030,sc01,07-23 07:00:00+02:00,Biomass 07,0.06
2030,sc01,07-23 07:00:00+02:00,Biomass 34,0.0
2030,sc01,07-23 07:00:00+02:00,Biomass 33,0.0
2030,sc01,07-23 07:00:00+02:00,CT NG 01,0.7383780000000001
2030,sc01,07-23 07:00:00+02:00,ICE NG 03,0.0
2030,sc01,07-23 07:00:00+02:00,Solar 55,0.0
2030,sc01,07-23 07:00:00+02:00,Solar 11,0.13395431232
2030,sc01,07-23 07:00:00+02:00,CT NG 06,0.0
2030,sc01,07-23 07:00:00+02:00,CT NG 70,0.0
2030,sc01,07-23 07:00:00+02:00,Solar 23,0.01983476904
2030,sc01,07-23 07:00:00+02:00,CT NG 67,0.0
2030,sc01,07-23 07:00:00+02:00,Solar 12,0.10369478975999999
2030,sc01,07-23 07:00:00+02:00,CT Oil 01,0.0
2030,sc01,07-23 07:00:00+02:00,Hydro 26,0.0
2030,sc01,07-23 07:00:00+02:00,CC NG 22,0.0
2030,sc01,07-23 07:00:00+02:00,CC NG 35,0.0
2030,sc01,07-23 07:00:00+02:00,Biomass 50,0.0
2030,sc01,07-23 07:00:00+02:00,ICE NG 04,0.0
2030,sc01,07-23 07:00:00+02:00,CC NG 39,0.0
2030,sc01,07-23 07:00:00+02:00,Hydro 32,0.0114048
2030,sc01,07-23 07:00:00+02:00,ICE NG 07,0.0
2030,sc01,07-23 07:00:00+02:00,Biomass 46,0.0
2030,sc01,07-23 07:00:00+02:00,CC NG 38,0.0
2030,sc01,07-23 07:00:00+02:00,CC NG 12,0.0
2030,sc01,07-23 07:00:00+02:00,Solar 57,0.0
2030,sc01,07-23 07:00:00+02:00,CC NG 32,0.0
2030,sc01,07-23 07:00:00+02:00,CC NG 07,0.0
2030,sc01,07-23 07:00:00+02:00,Biomass 44,0.0
2030,sc01,07-23 07:00:00+02:00,CT NG 40,0.0
2030,sc01,07-23 07:00:00+02:00,Solar 74,5.739326286
2030,sc01,07-23 07:00:00+02:00,Hydro 30,0.0
2030,sc01,07-23 07:00:00+02:00,CT NG 42,0.0
2030,sc01,07-23 07:00:00+02:00,Hydro 22,0.0
2030,sc01,07-23 07:00:00+02:00,Solar 17,0.2033869236
2030,sc01,07-23 07:00:00+02:00,Solar 38,0.0
2030,sc01,07-23 07:00:00+02:00,CT NG 24,0.0
2030,sc01,07-23 07:00:00+02:00,CC NG 27,0.0
2030,sc01,07-23 07:00:00+02:00,Biomass 21,0.0111
2030,sc01,07-23 07:00:00+02:00,ICE NG 06,0.0
2030,sc01,07-23 07:00:00+02:00,Biomass 25,0.0093
2030,sc01,07-23 07:00:00+02:00,Solar 27,0.05601306
2030,sc01,07-23 07:00:00+02:00,CT NG 19,0.0
2030,sc01,07-23 07:00:00+02:00,Biomass 42,0.0
2030,sc01,07-23 07:00:00+02:00,Biomass 19,0.0111
2030,sc01,07-23 07:00:00+02:00,Biomass 06,0.0138
2030,sc01,07-23 07:00:00+02:00,CT NG 10,0.0
2030,sc01,07-23 07:00:00+02:00,CC NG 40,0.0
2030,sc01,07-23 07:00:00+02:00,CC NG 21,0.0
2030,sc01,07-23 07:00:00+02:00,Biomass 02,0.03150000000000001
2030,sc01,07-23 07:00:00+02:00,CT NG 46,0.0
2030,sc01,07-23 07:00:00+02:00,Hydro 34,0.0
2030,sc01,07-23 07:00:00+02:00,Biomass 10,0.023400000000000004
2030,sc01,07-23 07:00:00+02:00,CT NG 17,0.0
2030,sc01,07-23 07:00:00+02:00,Biomass 62,0.062099999999999995
2030,sc01,07-23 07:00:00+02:00,Biomass 32,0.036
2030,sc01,07-23 07:00:00+02:00,CC NG 19,0.0
2030,sc01,07-23 07:00:00+02:00,CC NG 17,0.0
2030,sc01,07-23 07:00:00+02:00,ST NG 01,0.0
2030,sc01,07-23 07:00:00+02:00,Biomass 45,0.0
2030,sc01,07-23 07:00:00+02:00,Biomass 28,0.050699999999999995
2030,sc01,07-23 07:00:00+02:00,CC NG 10,0.0
2030,sc01,07-23 07:00:00+02:00,Biomass 23,0.0093
2030,sc01,07-23 07:00:00+02:00,ST NG 06,0.0
2030,sc01,07-23 07:00:00+02:00,Wind 10,0.00879695712
2030,sc01,07-23 07:00:00+02:00,CT NG 69,0.0
2030,sc01,07-23 07:00:00+02:00,CT NG 68,0.0
2030,sc01,07-26 03:00:00+02:00,CC NG 13,0.0
2030,sc01,07-26 03:00:00+02:00,CT NG 37,0.0
2030,sc01,07-26 03:00:00+02:00,ST Coal 01,0.0
2030,sc01,07-26 03:00:00+02:00,CT NG 09,0.0
2030,sc01,07-26 03:00:00+02:00,CT NG 47,0.0
2030,sc01,07-26 03:00:00+02:00,Solar 69,0.0
2030,sc01,07-26 03:00:00+02:00,Solar 34,0.0
2030,sc01,07-26 03:00:00+02:00,Solar 73,0.0
2030,sc01,07-26 03:00:00+02:00,Biomass 37,0.0
2030,sc01,07-26 03:00:00+02:00,Hydro 20,0.0
2030,sc01,07-26 03:00:00+02:00,Solar 01,0.0
2030,sc01,07-26 03:00:00+02:00,Solar 62,0.0
2030,sc01,07-26 03:00:00+02:00,Solar 02,0.0
2030,sc01,07-26 03:00:00+02:00,CT NG 26,0.0
2030,sc01,07-26 03:00:00+02:00,Biomass 20,0.0
2030,sc01,07-26 03:00:00+02:00,Wind 16,52.633509504
2030,sc01,07-26 03:00:00+02:00,CT NG 66,0.0
2030,sc01,07-26 03:00:00+02:00,Solar 39,0.0
2030,sc01,07-26 03:00:00+02:00,Biomass 41,0.0
2030,sc01,07-26 03:00:00+02:00,Solar 72,0.0
2030,sc01,07-26 03:00:00+02:00,ST NG 03,0.0
2030,sc01,07-26 03:00:00+02:00,Hydro 21,0.729189
2030,sc01,07-26 03:00:00+02:00,CT NG 03,0.0
2030,sc01,07-26 03:00:00+02:00,CC NG 09,0.0
2030,sc01,07-26 03:00:00+02:00,CT Oil 02,0.0
2030,sc01,07-26 03:00:00+02:00,CT NG 39,0.0
2030,sc01,07-26 03:00:00+02:00,CC NG 08,0.0
2030,sc01,07-26 03:00:00+02:00,Biomass 43,0.0
2030,sc01,07-26 03:00:00+02:00,CT NG 18,0.0
2030,sc01,07-26 03:00:00+02:00,ST NG 07,0.0
2030,sc01,07-26 03:00:00+02:00,Biomass 35,0.0
2030,sc01,07-26 03:00:00+02:00,Solar 32,0.0
2030,sc01,07-26 03:00:00+02:00,Biomass 15,0.0
2030,sc01,07-26 03:00:00+02:00,CC NG 31,0.0
2030,sc01,07-26 03:00:00+02:00,Solar 16,0.0
2030,sc01,07-26 03:00:00+02:00,Solar 68,0.0
2030,sc01,07-26 03:00:00+02:00,CT NG 21,0.0
2030,sc01,07-26 03:00:00+02:00,Wind 11,4.5473549196
2030,sc01,07-26 03:00:00+02:00,CC NG 37,0.0
2030,sc01,07-26 03:00:00+02:00,CT NG 22,0.0
2030,sc01,07-26 03:00:00+02:00,Hydro 16,0.036912
2030,sc01,07-26 03:00:00+02:00,Biomass 59,0.0
2030,sc01,07-26 03:00:00+02:00,CC NG 01,0.0
2030,sc01,07-26 03:00:00+02:00,Biomass 16,0.0
2030,sc01,07-26 03:00:00+02:00,Solar 03,0.0
2030,sc01,07-26 03:00:00+02:00,Solar 44,0.0
2030,sc01,07-26 03:00:00+02:00,CT NG 08,0.0
2030,sc01,07-26 03:00:00+02:00,Wind 05,0.05560400304
2030,sc01,07-26 03:00:00+02:00,Biomass 26,0.0
2030,sc01,07-26 03:00:00+02:00,Solar 37,0.0
2030,sc01,07-26 03:00:00+02:00,Biomass 11,0.0
2030,sc01,07-26 03:00:00+02:00,Solar 59,0.0
2030,sc01,07-26 03:00:00+02:00,CT NG 11,0.0
2030,sc01,07-26 03:00:00+02:00,Biomass 30,0.0
2030,sc01,07-26 03:00:00+02:00,Hydro 23,0.0
2030,sc01,07-26 03:00:00+02:00,CC NG 24,0.0
2030,sc01,07-26 03:00:00+02:00,Solar 65,0.0
2030,sc01,07-26 03:00:00+02:00,CC NG 18,0.0
2030,sc01,07-26 03:00:00+02:00,CT NG 16,0.0
2030,sc01,07-26 03:00:00+02:00,Solar 51,0.0
2030,sc01,07-26 03:00:00+02:00,Wind 06,6.4339791
2030,sc01,07-26 03:00:00+02:00,CC NG 26,0.0
2030,sc01,07-26 03:00:00+02:00,CC NG 23,0.0
2030,sc01,07-26 03:00:00+02:00,CT NG 43,0.0
2030,sc01,07-26 03:00:00+02:00,CC NG 11,0.0
2030,sc01,07-26 03:00:00+02:00,CT NG 02,0.0
2030,sc01,07-26 03:00:00+02:00,CT NG 50,0.0
2030,sc01,07-26 03:00:00+02:00,Hydro 27,0.0
2030,sc01,07-26 03:00:00+02:00,CT NG 13,0.0
2030,sc01,07-26 03:00:00+02:00,CT NG 25,0.0
2030,sc01,07-26 03:00:00+02:00,CC NG 05,0.0
2030,sc01,07-26 03:00:00+02:00,Solar 04,0.0
2030,sc01,07-26 03:00:00+02:00,Solar 30,0.0
2030,sc01,07-26 03:00:00+02:00,Solar 29,0.0
2030,sc01,07-26 03:00:00+02:00,Solar 53,0.0
2030,sc01,07-26 03:00:00+02:00,Solar 21,0.0
2030,sc01,07-26 03:00:00+02:00,Biomass 58,0.0
2030,sc01,07-26 03:00:00+02:00,CT NG 74,0.0
2030,sc01,07-26 03:00:00+02:00,Solar 61,0.0
2030,sc01,07-26 03:00:00+02:00,Wind 07,4.383637864200001
2030,sc01,07-26 03:00:00+02:00,Biomass 31,0.0
2030,sc01,07-26 03:00:00+02:00,CT Oil 05,0.0
2030,sc01,07-26 03:00:00+02:00,Biomass 38,0.0
2030,sc01,07-26 03:00:00+02:00,Solar 41,0.0
2030,sc01,07-26 03:00:00+02:00,Biomass 51,0.0
2030,sc01,07-26 03:00:00+02:00,Biomass 55,0.0
2030,sc01,07-26 03:00:00+02:00,Wind 15,5.4069651024
2030,sc01,07-26 03:00:00+02:00,Geo 01,0.0
2030,sc01,07-26 03:00:00+02:00,Biomass 60,0.0
2030,sc01,07-26 03:00:00+02:00,CT NG 38,0.0
2030,sc01,07-26 03:00:00+02:00,Solar 66,0.0
2030,sc01,07-26 03:00:00+02:00,Solar 49,0.0
2030,sc01,07-26 03:00:00+02:00,CT NG 51,0.0
2030,sc01,07-26 03:00:00+02:00,Biomass 18,0.0
2030,sc01,07-26 03:00:00+02:00,ICE NG 01,0.0
2030,sc01,07-26 03:00:00+02:00,Solar 15,0.0
2030,sc01,07-26 03:00:00+02:00,ICE NG 05,0.0
2030,sc01,07-26 03:00:00+02:00,CT Oil 04,0.0
2030,sc01,07-26 03:00:00+02:00,CC NG 20,0.0
2030,sc01,07-26 03:00:00+02:00,Solar 20,0.0
2030,sc01,07-26 03:00:00+02:00,Biomass 04,0.0
2030,sc01,07-26 03:00:00+02:00,Wind 02,11.368889718
2030,sc01,07-26 03:00:00+02:00,Hydro 25,0.0
2030,sc01,07-26 03:00:00+02:00,Solar 75,0.0
2030,sc01,07-26 03:00:00+02:00,Hydro 33,0.0
2030,sc01,07-26 03:00:00+02:00,ST NG 05,0.0
2030,sc01,07-26 03:00:00+02:00,CT NG 07,0.0
2030,sc01,07-26 03:00:00+02:00,Wind 01,2.9330152794
2030,sc01,07-26 03:00:00+02:00,Solar 56,0.0
2030,sc01,07-26 03:00:00+02:00,Biomass 09,0.0
2030,sc01,07-26 03:00:00+02:00,Biomass 53,0.0
2030,sc01,07-26 03:00:00+02:00,Wind 17,14.665522932
2030,sc01,07-26 03:00:00+02:00,ST NG 08,0.0
2030,sc01,07-26 03:00:00+02:00,Hydro 19,0.0
2030,sc01,07-26 03:00:00+02:00,ST NG 02,0.0
2030,sc01,07-26 03:00:00+02:00,Biomass 01,0.0
2030,sc01,07-26 03:00:00+02:00,Biomass 57,0.0
2030,sc01,07-26 03:00:00+02:00,CT NG 49,0.0
2030,sc01,07-26 03:00:00+02:00,CT NG 31,0.0
2030,sc01,07-26 03:00:00+02:00,Solar 64,0.0
2030,sc01,07-26 03:00:00+02:00,CC NG 33,0.0
2030,sc01,07-26 03:00:00+02:00,Solar 46,0.0
2030,sc01,07-26 03:00:00+02:00,Biomass 12,0.0
2030,sc01,07-26 03:00:00+02:00,Wind 04,0.23185232256000002
2030,sc01,07-26 03:00:00+02:00,Solar 13,0.0
2030,sc01,07-26 03:00:00+02:00,CT NG 55,0.0
2030,sc01,07-26 03:00:00+02:00,Wind N03,160.70024770631633
2030,sc01,07-26 03:00:00+02:00,CT NG 28,0.0
2030,sc01,07-26 03:00:00+02:00,Wind 09,0.9146029482
2030,sc01,07-26 03:00:00+02:00,Solar 60,0.0
2030,sc01,07-26 03:00:00+02:00,Solar 25,0.0
2030,sc01,07-26 03:00:00+02:00,CT NG 23,0.0
2030,sc01,07-26 03:00:00+02:00,ST Other 01,0.0
2030,sc01,07-26 03:00:00+02:00,Solar 70,0.0
2030,sc01,07-26 03:00:00+02:00,CC NG 34,0.0
2030,sc01,07-26 03:00:00+02:00,Solar 48,0.0
2030,sc01,07-26 03:00:00+02:00,Biomass 56,0.0
2030,sc01,07-26 03:00:00+02:00,CT NG 36,0.0
2030,sc01,07-26 03:00:00+02:00,Solar 47,0.0
2030,sc01,07-26 03:00:00+02:00,Hydro 17,0.06228899999999999
2030,sc01,07-26 03:00:00+02:00,Solar 09,0.0
2030,sc01,07-26 03:00:00+02:00,Solar 08,0.0
2030,sc01,07-26 03:00:00+02:00,CT NG 45,0.0
2030,sc01,07-26 03:00:00+02:00,ST NG 04,0.0
2030,sc01,07-26 03:00:00+02:00,Solar 40,0.0
2030,sc01,07-26 03:00:00+02:00,Biomass 47,0.0
2030,sc01,07-26 03:00:00+02:00,Solar 50,0.0
2030,sc01,07-26 03:00:00+02:00,Solar 52,0.0
2030,sc01,07-26 03:00:00+02:00,Solar 63,0.0
2030,sc01,07-26 03:00:00+02:00,CC NG 06,0.0
2030,sc01,07-26 03:00:00+02:00,Biomass 39,0.0
2030,sc01,07-26 03:00:00+02:00,Solar 67,0.0
2030,sc01,07-26 03:00:00+02:00,Solar 19,0.0
2030,sc01,07-26 03:00:00+02:00,Wind 12,28.199490522
2030,sc01,07-26 03:00:00+02:00,Solar 24,0.0
2030,sc01,07-26 03:00:00+02:00,ICE NG 02,0.0
2030,sc01,07-26 03:00:00+02:00,Solar 05,0.0
2030,sc01,07-26 03:00:00+02:00,CT NG 54,0.0
2030,sc01,07-26 03:00:00+02:00,Wind N01,186.9363469640509
2030,sc01,07-26 03:00:00+02:00,CT NG 27,0.0
2030,sc01,07-26 03:00:00+02:00,CC NG 36,0.0
2030,sc01,07-26 03:00:00+02:00,Wind N02,0.0
2030,sc01,07-26 03:00:00+02:00,CT NG 52,0.0
2030,sc01,07-26 03:00:00+02:00,Solar 35,0.0
2030,sc01,07-26 03:00:00+02:00,CT NG 05,0.0
2030,sc01,07-26 03:00:00+02:00,Biomass 36,0.0
2030,sc01,07-26 03:00:00+02:00,CT NG 34,0.0
2030,sc01,07-26 03:00:00+02:00,CT Oil 03,0.0
2030,sc01,07-26 03:00:00+02:00,Hydro 35,0.011073600000000001
2030,sc01,07-26 03:00:00+02:00,Solar 14,0.0
2030,sc01,07-26 03:00:00+02:00,CT NG 75,0.0
2030,sc01,07-26 03:00:00+02:00,ST NG 09,0.0
2030,sc01,07-26 03:00:00+02:00,CT NG 56,0.0
2030,sc01,07-26 03:00:00+02:00,Biomass 22,0.0
2030,sc01,07-26 03:00:00+02:00,Solar 18,0.0
2030,sc01,07-26 03:00:00+02:00,Biomass 13,0.0
2030,sc01,07-26 03:00:00+02:00,CT NG 71,0.0
2030,sc01,07-26 03:00:00+02:00,Solar 58,0.0
2030,sc01,07-26 03:00:00+02:00,Solar 06,0.0
2030,sc01,07-26 03:00:00+02:00,Biomass 08,0.0
2030,sc01,07-26 03:00:00+02:00,CT NG 72,0.0
2030,sc01,07-26 03:00:00+02:00,Hydro 18,0.21455100000000002
2030,sc01,07-26 03:00:00+02:00,Solar 10,0.0
2030,sc01,07-26 03:00:00+02:00,CT NG 04,0.0
2030,sc01,07-26 03:00:00+02:00,ST Other 02,0.0
2030,sc01,07-26 03:00:00+02:00,CT NG 12,0.0
2030,sc01,07-26 03:00:00+02:00,CT NG 48,0.0
2030,sc01,07-26 03:00:00+02:00,ST NG 10,0.0
2030,sc01,07-26 03:00:00+02:00,Solar 22,0.0
2030,sc01,07-26 03:00:00+02:00,Solar 28,0.0
2030,sc01,07-26 03:00:00+02:00,CT NG 73,0.0
2030,sc01,07-26 03:00:00+02:00,Biomass 52,0.0
2030,sc01,07-26 03:00:00+02:00,CT NG 30,0.0
2030,sc01,07-26 03:00:00+02:00,Solar 54,0.0
2030,sc01,07-26 03:00:00+02:00,Solar 31,0.0
2030,sc01,07-26 03:00:00+02:00,Biomass 03,0.0
2030,sc01,07-26 03:00:00+02:00,CT NG 32,0.0
2030,sc01,07-26 03:00:00+02:00,Biomass 27,0.0
2030,sc01,07-26 03:00:00+02:00,CC NG 14,0.0
2030,sc01,07-26 03:00:00+02:00,CC NG 03,0.0
2030,sc01,07-26 03:00:00+02:00,CC NG 29,0.0
2030,sc01,07-26 03:00:00+02:00,CC NG 28,0.0
2030,sc01,07-26 03:00:00+02:00,CC NG 25,0.0
2030,sc01,07-26 03:00:00+02:00,CT NG 44,0.0
2030,sc01,07-26 03:00:00+02:00,CT NG 14,0.0
2030,sc01,07-26 03:00:00+02:00,CC NG 15,0.0
2030,sc01,07-26 03:00:00+02:00,CC NG 04,0.0
2030,sc01,07-26 03:00:00+02:00,Biomass 29,0.0
2030,sc01,07-26 03:00:00+02:00,Wind 14,70.59524450789205
2030,sc01,07-26 03:00:00+02:00,Wind 08,2.0376469416000003
2030,sc01,07-26 03:00:00+02:00,Biomass 61,0.0
2030,sc01,07-26 03:00:00+02:00,CT NG 35,0.0
2030,sc01,07-26 03:00:00+02:00,Solar 33,0.0
2030,sc01,07-26 03:00:00+02:00,CT NG 41,0.0
2030,sc01,07-26 03:00:00+02:00,CT NG 15,0.0
2030,sc01,07-26 03:00:00+02:00,Solar 42,0.0
2030,sc01,07-26 03:00:00+02:00,Solar 07,0.0
2030,sc01,07-26 03:00:00+02:00,Solar 43,0.0
2030,sc01,07-26 03:00:00+02:00,Biomass 05,0.0
2030,sc01,07-26 03:00:00+02:00,CT NG 29,0.0
2030,sc01,07-26 03:00:00+02:00,Solar 71,0.0
2030,sc01,07-26 03:00:00+02:00,CT NG 53,0.0
2030,sc01,07-26 03:00:00+02:00,CT NG 20,0.0
2030,sc01,07-26 03:00:00+02:00,Biomass 14,0.0
2030,sc01,07-26 03:00:00+02:00,Solar 26,0.0
2030,sc01,07-26 03:00:00+02:00,Hydro 29,0.0
2030,sc01,07-26 03:00:00+02:00,Hydro 31,0.018456
2030,sc01,07-26 03:00:00+02:00,Biomass 24,0.0
2030,sc01,07-26 03:00:00+02:00,Biomass 54,0.0
2030,sc01,07-26 03:00:00+02:00,Solar 36,0.0
2030,sc01,07-26 03:00:00+02:00,Wind 03,0.5877291652800001
2030,sc01,07-26 03:00:00+02:00,Biomass 40,0.0
2030,sc01,07-26 03:00:00+02:00,Biomass 49,0.0
2030,sc01,07-26 03:00:00+02:00,CC NG 16,0.0
2030,sc01,07-26 03:00:00+02:00,Biomass 48,0.0
2030,sc01,07-26 03:00:00+02:00,Hydro 28,0.0
2030,sc01,07-26 03:00:00+02:00,Biomass 17,0.0
2030,sc01,07-26 03:00:00+02:00,CT NG 33,0.0
2030,sc01,07-26 03:00:00+02:00,Solar 45,0.0
2030,sc01,07-26 03:00:00+02:00,Hydro 24,0.0
2030,sc01,07-26 03:00:00+02:00,Wind 13,15.770336352000001
2030,sc01,07-26 03:00:00+02:00,Biomass 07,0.0
2030,sc01,07-26 03:00:00+02:00,Biomass 34,0.0
2030,sc01,07-26 03:00:00+02:00,Biomass 33,0.0
2030,sc01,07-26 03:00:00+02:00,CT NG 01,0.0
2030,sc01,07-26 03:00:00+02:00,ICE NG 03,0.0
2030,sc01,07-26 03:00:00+02:00,Solar 55,0.0
2030,sc01,07-26 03:00:00+02:00,Solar 11,0.0
2030,sc01,07-26 03:00:00+02:00,CT NG 06,0.0
2030,sc01,07-26 03:00:00+02:00,CT NG 70,0.0
2030,sc01,07-26 03:00:00+02:00,Solar 23,0.0
2030,sc01,07-26 03:00:00+02:00,CT NG 67,0.0
2030,sc01,07-26 03:00:00+02:00,Solar 12,0.0
2030,sc01,07-26 03:00:00+02:00,CT Oil 01,0.0
2030,sc01,07-26 03:00:00+02:00,Hydro 26,0.0
2030,sc01,07-26 03:00:00+02:00,CC NG 22,0.0
2030,sc01,07-26 03:00:00+02:00,CC NG 35,0.0
2030,sc01,07-26 03:00:00+02:00,Biomass 50,0.0
2030,sc01,07-26 03:00:00+02:00,ICE NG 04,0.0
2030,sc01,07-26 03:00:00+02:00,CC NG 39,0.0
2030,sc01,07-26 03:00:00+02:00,Hydro 32,0.022147200000000002
2030,sc01,07-26 03:00:00+02:00,ICE NG 07,0.0
2030,sc01,07-26 03:00:00+02:00,Biomass 46,0.0
2030,sc01,07-26 03:00:00+02:00,CC NG 38,0.0
2030,sc01,07-26 03:00:00+02:00,CC NG 12,0.0
2030,sc01,07-26 03:00:00+02:00,Solar 57,0.0
2030,sc01,07-26 03:00:00+02:00,CC NG 32,0.0
2030,sc01,07-26 03:00:00+02:00,CC NG 07,0.0
2030,sc01,07-26 03:00:00+02:00,Biomass 44,0.0
2030,sc01,07-26 03:00:00+02:00,CT NG 40,0.0
2030,sc01,07-26 03:00:00+02:00,Solar 74,0.0
2030,sc01,07-26 03:00:00+02:00,Hydro 30,0.0
2030,sc01,07-26 03:00:00+02:00,CT NG 42,0.0
2030,sc01,07-26 03:00:00+02:00,Hydro 22,0.729189
2030,sc01,07-26 03:00:00+02:00,Solar 17,0.0
2030,sc01,07-26 03:00:00+02:00,Solar 38,0.0
2030,sc01,07-26 03:00:00+02:00,CT NG 24,0.0
2030,sc01,07-26 03:00:00+02:00,CC NG 27,0.0
2030,sc01,07-26 03:00:00+02:00,Biomass 21,0.0
2030,sc01,07-26 03:00:00+02:00,ICE NG 06,0.0
2030,sc01,07-26 03:00:00+02:00,Biomass 25,0.0
2030,sc01,07-26 03:00:00+02:00,Solar 27,0.0
2030,sc01,07-26 03:00:00+02:00,CT NG 19,0.0
2030,sc01,07-26 03:00:00+02:00,Biomass 42,0.0
2030,sc01,07-26 03:00:00+02:00,Biomass 19,0.0
2030,sc01,07-26 03:00:00+02:00,Biomass 06,0.0
2030,sc01,07-26 03:00:00+02:00,CT NG 10,0.0
2030,sc01,07-26 03:00:00+02:00,CC NG 40,0.0
2030,sc01,07-26 03:00:00+02:00,CC NG 21,0.0
2030,sc01,07-26 03:00:00+02:00,Biomass 02,0.0
2030,sc01,07-26 03:00:00+02:00,CT NG 46,0.0
2030,sc01,07-26 03:00:00+02:00,Hydro 34,0.0
2030,sc01,07-26 03:00:00+02:00,Biomass 10,0.0
2030,sc01,07-26 03:00:00+02:00,CT NG 17,0.0
2030,sc01,07-26 03:00:00+02:00,Biomass 62,0.0
2030,sc01,07-26 03:00:00+02:00,Biomass 32,0.0
2030,sc01,07-26 03:00:00+02:00,CC NG 19,0.0
2030,sc01,07-26 03:00:00+02:00,CC NG 17,0.0
2030,sc01,07-26 03:00:00+02:00,ST NG 01,0.0
2030,sc01,07-26 03:00:00+02:00,Biomass 45,0.0
2030,sc01,07-26 03:00:00+02:00,Biomass 28,0.0
2030,sc01,07-26 03:00:00+02:00,CC NG 10,0.0
2030,sc01,07-26 03:00:00+02:00,Biomass 23,0.0
2030,sc01,07-26 03:00:00+02:00,ST NG 06,0.0
2030,sc01,07-26 03:00:00+02:00,Wind 10,0.922327083
2030,sc01,07-26 03:00:00+02:00,CT NG 69,0.0
2030,sc01,07-26 03:00:00+02:00,CT NG 68,0.0
2030,sc01,07-27 19:00:00+02:00,CC NG 13,0.0
2030,sc01,07-27 19:00:00+02:00,CT NG 37,0.0
2030,sc01,07-27 19:00:00+02:00,ST Coal 01,0.0
2030,sc01,07-27 19:00:00+02:00,CT NG 09,0.0
2030,sc01,07-27 19:00:00+02:00,CT NG 47,0.0
2030,sc01,07-27 19:00:00+02:00,Solar 69,0.0
2030,sc01,07-27 19:00:00+02:00,Solar 34,0.0
2030,sc01,07-27 19:00:00+02:00,Solar 73,0.0
2030,sc01,07-27 19:00:00+02:00,Biomass 37,0.05589
2030,sc01,07-27 19:00:00+02:00,Hydro 20,0.0
2030,sc01,07-27 19:00:00+02:00,Solar 01,0.319899026337
2030,sc01,07-27 19:00:00+02:00,Solar 62,0.0
2030,sc01,07-27 19:00:00+02:00,Solar 02,0.0
2030,sc01,07-27 19:00:00+02:00,CT NG 26,0.0
2030,sc01,07-27 19:00:00+02:00,Biomass 20,0.02553
2030,sc01,07-27 19:00:00+02:00,Wind 16,60.403930872000004
2030,sc01,07-27 19:00:00+02:00,CT NG 66,0.0
2030,sc01,07-27 19:00:00+02:00,Solar 39,0.0
2030,sc01,07-27 19:00:00+02:00,Biomass 41,0.08625000000000001
2030,sc01,07-27 19:00:00+02:00,Solar 72,0.0
2030,sc01,07-27 19:00:00+02:00,ST NG 03,0.0
2030,sc01,07-27 19:00:00+02:00,Hydro 21,2.98619028
2030,sc01,07-27 19:00:00+02:00,CT NG 03,0.0
2030,sc01,07-27 19:00:00+02:00,CC NG 09,0.0
2030,sc01,07-27 19:00:00+02:00,CT Oil 02,0.0
2030,sc01,07-27 19:00:00+02:00,CT NG 39,0.0
2030,sc01,07-27 19:00:00+02:00,CC NG 08,0.0
2030,sc01,07-27 19:00:00+02:00,Biomass 43,0.16698
2030,sc01,07-27 19:00:00+02:00,CT NG 18,0.26075789999999993
2030,sc01,07-27 19:00:00+02:00,ST NG 07,0.0
2030,sc01,07-27 19:00:00+02:00,Biomass 35,0.09867000000000001
2030,sc01,07-27 19:00:00+02:00,Solar 32,0.0
2030,sc01,07-27 19:00:00+02:00,Biomass 15,0.014490000000000001
2030,sc01,07-27 19:00:00+02:00,CC NG 31,0.0
2030,sc01,07-27 19:00:00+02:00,Solar 16,0.024646162992
2030,sc01,07-27 19:00:00+02:00,Solar 68,0.0
2030,sc01,07-27 19:00:00+02:00,CT NG 21,0.0
2030,sc01,07-27 19:00:00+02:00,Wind 11,4.25611263972
2030,sc01,07-27 19:00:00+02:00,CC NG 37,0.0
2030,sc01,07-27 19:00:00+02:00,CT NG 22,0.0
2030,sc01,07-27 19:00:00+02:00,Hydro 16,0.042250079999999995
2030,sc01,07-27 19:00:00+02:00,Biomass 59,0.28566
2030,sc01,07-27 19:00:00+02:00,CC NG 01,0.0
2030,sc01,07-27 19:00:00+02:00,Biomass 16,0.014490000000000001
2030,sc01,07-27 19:00:00+02:00,Solar 03,0.0
2030,sc01,07-27 19:00:00+02:00,Solar 44,0.0
2030,sc01,07-27 19:00:00+02:00,CT NG 08,0.0
2030,sc01,07-27 19:00:00+02:00,Wind 05,0.26281478723999996
2030,sc01,07-27 19:00:00+02:00,Biomass 26,0.11660999999999999
2030,sc01,07-27 19:00:00+02:00,Solar 37,0.0
2030,sc01,07-27 19:00:00+02:00,Biomass 11,0.02415
2030,sc01,07-27 19:00:00+02:00,Solar 59,0.0
2030,sc01,07-27 19:00:00+02:00,CT NG 11,0.0
2030,sc01,07-27 19:00:00+02:00,Biomass 30,0.11660999999999999
2030,sc01,07-27 19:00:00+02:00,Hydro 23,0.0
2030,sc01,07-27 19:00:00+02:00,CC NG 24,0.0
2030,sc01,07-27 19:00:00+02:00,Solar 65,0.0
2030,sc01,07-27 19:00:00+02:00,CC NG 18,0.0
2030,sc01,07-27 19:00:00+02:00,CT NG 16,0.0
2030,sc01,07-27 19:00:00+02:00,Solar 51,0.0
2030,sc01,07-27 19:00:00+02:00,Wind 06,4.79256419076
2030,sc01,07-27 19:00:00+02:00,CC NG 26,0.0
2030,sc01,07-27 19:00:00+02:00,CC NG 23,0.0
2030,sc01,07-27 19:00:00+02:00,CT NG 43,0.0
2030,sc01,07-27 19:00:00+02:00,CC NG 11,0.0
2030,sc01,07-27 19:00:00+02:00,CT NG 02,0.0
2030,sc01,07-27 19:00:00+02:00,CT NG 50,0.0
2030,sc01,07-27 19:00:00+02:00,Hydro 27,2.0596914
2030,sc01,07-27 19:00:00+02:00,CT NG 13,0.0
2030,sc01,07-27 19:00:00+02:00,CT NG 25,0.0
2030,sc01,07-27 19:00:00+02:00,CC NG 05,0.0
2030,sc01,07-27 19:00:00+02:00,Solar 04,0.016103258088000002
2030,sc01,07-27 19:00:00+02:00,Solar 30,0.02376657804
2030,sc01,07-27 19:00:00+02:00,Solar 29,0.025503075648
2030,sc01,07-27 19:00:00+02:00,Solar 53,0.0
2030,sc01,07-27 19:00:00+02:00,Solar 21,0.061101872496
2030,sc01,07-27 19:00:00+02:00,Biomass 58,0.15042
2030,sc01,07-27 19:00:00+02:00,CT NG 74,0.0
2030,sc01,07-27 19:00:00+02:00,Solar 61,0.0
2030,sc01,07-27 19:00:00+02:00,Wind 07,3.9920696655900003
2030,sc01,07-27 19:00:00+02:00,Biomass 31,0.11660999999999999
2030,sc01,07-27 19:00:00+02:00,CT Oil 05,0.0
2030,sc01,07-27 19:00:00+02:00,Biomass 38,0.05589
2030,sc01,07-27 19:00:00+02:00,Solar 41,0.0
2030,sc01,07-27 19:00:00+02:00,Biomass 51,0.012419999999999999
2030,sc01,07-27 19:00:00+02:00,Biomass 55,0.17181000000000002
2030,sc01,07-27 19:00:00+02:00,Wind 15,0.0
2030,sc01,07-27 19:00:00+02:00,Geo 01,0.0
2030,sc01,07-27 19:00:00+02:00,Biomass 60,0.18630000000000002
2030,sc01,07-27 19:00:00+02:00,CT NG 38,0.0
2030,sc01,07-27 19:00:00+02:00,Solar 66,0.0
2030,sc01,07-27 19:00:00+02:00,Solar 49,0.0
2030,sc01,07-27 19:00:00+02:00,CT NG 51,0.0
2030,sc01,07-27 19:00:00+02:00,Biomass 18,0.014490000000000001
2030,sc01,07-27 19:00:00+02:00,ICE NG 01,0.0
2030,sc01,07-27 19:00:00+02:00,Solar 15,0.034943607072
2030,sc01,07-27 19:00:00+02:00,ICE NG 05,0.0
2030,sc01,07-27 19:00:00+02:00,CT Oil 04,0.0
2030,sc01,07-27 19:00:00+02:00,CC NG 20,0.0
2030,sc01,07-27 19:00:00+02:00,Solar 20,0.029804702352
2030,sc01,07-27 19:00:00+02:00,Biomass 04,0.01725
2030,sc01,07-27 19:00:00+02:00,Wind 02,10.0720146768
2030,sc01,07-27 19:00:00+02:00,Hydro 25,0.0
2030,sc01,07-27 19:00:00+02:00,Solar 75,0.0
2030,sc01,07-27 19:00:00+02:00,Hydro 33,0.0
2030,sc01,07-27 19:00:00+02:00,ST NG 05,0.0
2030,sc01,07-27 19:00:00+02:00,CT NG 07,0.0
2030,sc01,07-27 19:00:00+02:00,Wind 01,2.5951556355600003
2030,sc01,07-27 19:00:00+02:00,Solar 56,0.0
2030,sc01,07-27 19:00:00+02:00,Biomass 09,0.05382000000000001
2030,sc01,07-27 19:00:00+02:00,Biomass 53,0.17181000000000002
2030,sc01,07-27 19:00:00+02:00,Wind 17,7.6584685110599136
2030,sc01,07-27 19:00:00+02:00,ST NG 08,0.0
2030,sc01,07-27 19:00:00+02:00,Hydro 19,0.0
2030,sc01,07-27 19:00:00+02:00,ST NG 02,0.0
2030,sc01,07-27 19:00:00+02:00,Biomass 01,0.07245000000000001
2030,sc01,07-27 19:00:00+02:00,Biomass 57,0.15042
2030,sc01,07-27 19:00:00+02:00,CT NG 49,0.0
2030,sc01,07-27 19:00:00+02:00,CT NG 31,0.0
2030,sc01,07-27 19:00:00+02:00,Solar 64,0.0
2030,sc01,07-27 19:00:00+02:00,CC NG 33,0.0
2030,sc01,07-27 19:00:00+02:00,Solar 46,0.0
2030,sc01,07-27 19:00:00+02:00,Biomass 12,0.02415
2030,sc01,07-27 19:00:00+02:00,Wind 04,0.392446884552
2030,sc01,07-27 19:00:00+02:00,Solar 13,0.0
2030,sc01,07-27 19:00:00+02:00,CT NG 55,0.0
2030,sc01,07-27 19:00:00+02:00,Wind N03,334.9244608585857
2030,sc01,07-27 19:00:00+02:00,CT NG 28,0.0
2030,sc01,07-27 19:00:00+02:00,Wind 09,4.08290691117
2030,sc01,07-27 19:00:00+02:00,Solar 60,0.0
2030,sc01,07-27 19:00:00+02:00,Solar 25,0.0
2030,sc01,07-27 19:00:00+02:00,CT NG 23,0.0
2030,sc01,07-27 19:00:00+02:00,ST Other 01,0.0
2030,sc01,07-27 19:00:00+02:00,Solar 70,0.0
2030,sc01,07-27 19:00:00+02:00,CC NG 34,0.0
2030,sc01,07-27 19:00:00+02:00,Solar 48,0.0
2030,sc01,07-27 19:00:00+02:00,Biomass 56,0.16974
2030,sc01,07-27 19:00:00+02:00,CT NG 36,0.0
2030,sc01,07-27 19:00:00+02:00,Solar 47,0.0
2030,sc01,07-27 19:00:00+02:00,Hydro 17,0.07129701000000001
2030,sc01,07-27 19:00:00+02:00,Solar 09,0.042634745064
2030,sc01,07-27 19:00:00+02:00,Solar 08,0.0
2030,sc01,07-27 19:00:00+02:00,CT NG 45,0.0
2030,sc01,07-27 19:00:00+02:00,ST NG 04,3.3898809767190823
2030,sc01,07-27 19:00:00+02:00,Solar 40,0.0
2030,sc01,07-27 19:00:00+02:00,Biomass 47,0.18630000000000002
2030,sc01,07-27 19:00:00+02:00,Solar 50,0.0
2030,sc01,07-27 19:00:00+02:00,Solar 52,0.0
2030,sc01,07-27 19:00:00+02:00,Solar 63,0.0
2030,sc01,07-27 19:00:00+02:00,CC NG 06,0.0
2030,sc01,07-27 19:00:00+02:00,Biomass 39,0.05589
2030,sc01,07-27 19:00:00+02:00,Solar 67,0.0
2030,sc01,07-27 19:00:00+02:00,Solar 19,0.0
2030,sc01,07-27 19:00:00+02:00,Wind 12,17.0987722308
2030,sc01,07-27 19:00:00+02:00,Solar 24,0.0
2030,sc01,07-27 19:00:00+02:00,ICE NG 02,0.0
2030,sc01,07-27 19:00:00+02:00,Solar 05,0.0
2030,sc01,07-27 19:00:00+02:00,CT NG 54,0.0
2030,sc01,07-27 19:00:00+02:00,Wind N01,162.219121164
2030,sc01,07-27 19:00:00+02:00,CT NG 27,0.0
2030,sc01,07-27 19:00:00+02:00,CC NG 36,0.0
2030,sc01,07-27 19:00:00+02:00,Wind N02,120.96682413657699
2030,sc01,07-27 19:00:00+02:00,CT NG 52,0.0
2030,sc01,07-27 19:00:00+02:00,Solar 35,0.0
2030,sc01,07-27 19:00:00+02:00,CT NG 05,0.0
2030,sc01,07-27 19:00:00+02:00,Biomass 36,0.09867000000000001
2030,sc01,07-27 19:00:00+02:00,CT NG 34,0.0
2030,sc01,07-27 19:00:00+02:00,CT Oil 03,0.0
2030,sc01,07-27 19:00:00+02:00,Hydro 35,0.012675024
2030,sc01,07-27 19:00:00+02:00,Solar 14,0.038849422728
2030,sc01,07-27 19:00:00+02:00,CT NG 75,0.0
2030,sc01,07-27 19:00:00+02:00,ST NG 09,0.0
2030,sc01,07-27 19:00:00+02:00,CT NG 56,0.0
2030,sc01,07-27 19:00:00+02:00,Biomass 22,0.02553
2030,sc01,07-27 19:00:00+02:00,Solar 18,0.040976935056
2030,sc01,07-27 19:00:00+02:00,Biomass 13,0.02415
2030,sc01,07-27 19:00:00+02:00,CT NG 71,0.0
2030,sc01,07-27 19:00:00+02:00,Solar 58,0.0
2030,sc01,07-27 19:00:00+02:00,Solar 06,0.0236433882
2030,sc01,07-27 19:00:00+02:00,Biomass 08,0.05382000000000001
2030,sc01,07-27 19:00:00+02:00,CT NG 72,0.0
2030,sc01,07-27 19:00:00+02:00,Hydro 18,0.24557858999999999
2030,sc01,07-27 19:00:00+02:00,Solar 10,0.028708992287999998
2030,sc01,07-27 19:00:00+02:00,CT NG 04,0.0
2030,sc01,07-27 19:00:00+02:00,ST Other 02,0.0
2030,sc01,07-27 19:00:00+02:00,CT NG 12,0.0
2030,sc01,07-27 19:00:00+02:00,CT NG 48,0.0
2030,sc01,07-27 19:00:00+02:00,ST NG 10,0.0
2030,sc01,07-27 19:00:00+02:00,Solar 22,0.026525953176
2030,sc01,07-27 19:00:00+02:00,Solar 28,0.023737638888000002
2030,sc01,07-27 19:00:00+02:00,CT NG 73,0.0
2030,sc01,07-27 19:00:00+02:00,Biomass 52,0.11040000000000001
2030,sc01,07-27 19:00:00+02:00,CT NG 30,0.0
2030,sc01,07-27 19:00:00+02:00,Solar 54,0.0
2030,sc01,07-27 19:00:00+02:00,Solar 31,0.0
2030,sc01,07-27 19:00:00+02:00,Biomass 03,0.01725
2030,sc01,07-27 19:00:00+02:00,CT NG 32,0.0
2030,sc01,07-27 19:00:00+02:00,Biomass 27,0.11660999999999999
2030,sc01,07-27 19:00:00+02:00,CC NG 14,0.0
2030,sc01,07-27 19:00:00+02:00,CC NG 03,0.0
2030,sc01,07-27 19:00:00+02:00,CC NG 29,0.0
2030,sc01,07-27 19:00:00+02:00,CC NG 28,0.0
2030,sc01,07-27 19:00:00+02:00,CC NG 25,0.0
2030,sc01,07-27 19:00:00+02:00,CT NG 44,0.0
2030,sc01,07-27 19:00:00+02:00,CT NG 14,0.0
2030,sc01,07-27 19:00:00+02:00,CC NG 15,0.0
2030,sc01,07-27 19:00:00+02:00,CC NG 04,0.0
2030,sc01,07-27 19:00:00+02:00,Biomass 29,0.11660999999999999
2030,sc01,07-27 19:00:00+02:00,Wind 14,113.314393158
2030,sc01,07-27 19:00:00+02:00,Wind 08,3.79815729717
2030,sc01,07-27 19:00:00+02:00,Biomass 61,0.02415
2030,sc01,07-27 19:00:00+02:00,CT NG 35,0.0
2030,sc01,07-27 19:00:00+02:00,Solar 33,0.0
2030,sc01,07-27 19:00:00+02:00,CT NG 41,0.0
2030,sc01,07-27 19:00:00+02:00,CT NG 15,0.0
2030,sc01,07-27 19:00:00+02:00,Solar 42,0.0
2030,sc01,07-27 19:00:00+02:00,Solar 07,0.0
2030,sc01,07-27 19:00:00+02:00,Solar 43,0.0
2030,sc01,07-27 19:00:00+02:00,Biomass 05,0.031740000000000004
2030,sc01,07-27 19:00:00+02:00,CT NG 29,0.0
2030,sc01,07-27 19:00:00+02:00,Solar 71,0.0
2030,sc01,07-27 19:00:00+02:00,CT NG 53,0.0
2030,sc01,07-27 19:00:00+02:00,CT NG 20,0.0
2030,sc01,07-27 19:00:00+02:00,Biomass 14,0.053130000000000004
2030,sc01,07-27 19:00:00+02:00,Solar 26,0.0
2030,sc01,07-27 19:00:00+02:00,Hydro 29,1.9002599999999998
2030,sc01,07-27 19:00:00+02:00,Hydro 31,0.021125039999999998
2030,sc01,07-27 19:00:00+02:00,Biomass 24,0.02139
2030,sc01,07-27 19:00:00+02:00,Biomass 54,0.17181000000000002
2030,sc01,07-27 19:00:00+02:00,Solar 36,0.0
2030,sc01,07-27 19:00:00+02:00,Wind 03,0.97447654926
2030,sc01,07-27 19:00:00+02:00,Biomass 40,0.05589
2030,sc01,07-27 19:00:00+02:00,Biomass 49,0.0207
2030,sc01,07-27 19:00:00+02:00,CC NG 16,33.57927599068706
2030,sc01,07-27 19:00:00+02:00,Biomass 48,0.18630000000000002
2030,sc01,07-27 19:00:00+02:00,Hydro 28,1.9002599999999998
2030,sc01,07-27 19:00:00+02:00,Biomass 17,0.014490000000000001
2030,sc01,07-27 19:00:00+02:00,CT NG 33,0.0
2030,sc01,07-27 19:00:00+02:00,Solar 45,0.0
2030,sc01,07-27 19:00:00+02:00,Hydro 24,0.0
2030,sc01,07-27 19:00:00+02:00,Wind 13,11.2498903134
2030,sc01,07-27 19:00:00+02:00,Biomass 07,0.138
2030,sc01,07-27 19:00:00+02:00,Biomass 34,0.09867000000000001
2030,sc01,07-27 19:00:00+02:00,Biomass 33,0.09867000000000001
2030,sc01,07-27 19:00:00+02:00,CT NG 01,0.0
2030,sc01,07-27 19:00:00+02:00,ICE NG 03,0.0
2030,sc01,07-27 19:00:00+02:00,Solar 55,0.0
2030,sc01,07-27 19:00:00+02:00,Solar 11,0.0
2030,sc01,07-27 19:00:00+02:00,CT NG 06,0.0
2030,sc01,07-27 19:00:00+02:00,CT NG 70,0.0
2030,sc01,07-27 19:00:00+02:00,Solar 23,0.0
2030,sc01,07-27 19:00:00+02:00,CT NG 67,0.0
2030,sc01,07-27 19:00:00+02:00,Solar 12,0.0
2030,sc01,07-27 19:00:00+02:00,CT Oil 01,0.0
2030,sc01,07-27 19:00:00+02:00,Hydro 26,0.0
2030,sc01,07-27 19:00:00+02:00,CC NG 22,0.0
2030,sc01,07-27 19:00:00+02:00,CC NG 35,0.0
2030,sc01,07-27 19:00:00+02:00,Biomass 50,0.012419999999999999
2030,sc01,07-27 19:00:00+02:00,ICE NG 04,0.0
2030,sc01,07-27 19:00:00+02:00,CC NG 39,0.0
2030,sc01,07-27 19:00:00+02:00,Hydro 32,0.025350048
2030,sc01,07-27 19:00:00+02:00,ICE NG 07,0.0
2030,sc01,07-27 19:00:00+02:00,Biomass 46,0.042089999999999995
2030,sc01,07-27 19:00:00+02:00,CC NG 38,0.0
2030,sc01,07-27 19:00:00+02:00,CC NG 12,0.0
2030,sc01,07-27 19:00:00+02:00,Solar 57,0.0
2030,sc01,07-27 19:00:00+02:00,CC NG 32,0.0
2030,sc01,07-27 19:00:00+02:00,CC NG 07,0.0
2030,sc01,07-27 19:00:00+02:00,Biomass 44,0.08073
2030,sc01,07-27 19:00:00+02:00,CT NG 40,0.0
2030,sc01,07-27 19:00:00+02:00,Solar 74,0.140732588784
2030,sc01,07-27 19:00:00+02:00,Hydro 30,0.0
2030,sc01,07-27 19:00:00+02:00,CT NG 42,0.0
2030,sc01,07-27 19:00:00+02:00,Hydro 22,2.98619028
2030,sc01,07-27 19:00:00+02:00,Solar 17,0.0
2030,sc01,07-27 19:00:00+02:00,Solar 38,0.0
2030,sc01,07-27 19:00:00+02:00,CT NG 24,0.0
2030,sc01,07-27 19:00:00+02:00,CC NG 27,0.0
2030,sc01,07-27 19:00:00+02:00,Biomass 21,0.02553
2030,sc01,07-27 19:00:00+02:00,ICE NG 06,0.0
2030,sc01,07-27 19:00:00+02:00,Biomass 25,0.02139
2030,sc01,07-27 19:00:00+02:00,Solar 27,0.0
2030,sc01,07-27 19:00:00+02:00,CT NG 19,0.0
2030,sc01,07-27 19:00:00+02:00,Biomass 42,0.08625000000000001
2030,sc01,07-27 19:00:00+02:00,Biomass 19,0.02553
2030,sc01,07-27 19:00:00+02:00,Biomass 06,0.031740000000000004
2030,sc01,07-27 19:00:00+02:00,CT NG 10,0.0
2030,sc01,07-27 19:00:00+02:00,CC NG 40,0.0
2030,sc01,07-27 19:00:00+02:00,CC NG 21,0.0
2030,sc01,07-27 19:00:00+02:00,Biomass 02,0.07245000000000001
2030,sc01,07-27 19:00:00+02:00,CT NG 46,0.0
2030,sc01,07-27 19:00:00+02:00,Hydro 34,0.0
2030,sc01,07-27 19:00:00+02:00,Biomass 10,0.05382000000000001
2030,sc01,07-27 19:00:00+02:00,CT NG 17,0.0
2030,sc01,07-27 19:00:00+02:00,Biomass 62,0.14282999999999998
2030,sc01,07-27 19:00:00+02:00,Biomass 32,0.0828
2030,sc01,07-27 19:00:00+02:00,CC NG 19,9.34122
2030,sc01,07-27 19:00:00+02:00,CC NG 17,0.0
2030,sc01,07-27 19:00:00+02:00,ST NG 01,0.0
2030,sc01,07-27 19:00:00+02:00,Biomass 45,0.08073
2030,sc01,07-27 19:00:00+02:00,Biomass 28,0.11660999999999999
2030,sc01,07-27 19:00:00+02:00,CC NG 10,0.0
2030,sc01,07-27 19:00:00+02:00,Biomass 23,0.02139
2030,sc01,07-27 19:00:00+02:00,ST NG 06,0.0
2030,sc01,07-27 19:00:00+02:00,Wind 10,4.05381811266
2030,sc01,07-27 19:00:00+02:00,CT NG 69,0.0
2030,sc01,07-27 19:00:00+02:00,CT NG 68,0.0
2030,sc01,07-30 03:00:00+02:00,CC NG 13,0.0
2030,sc01,07-30 03:00:00+02:00,CT NG 37,0.0
2030,sc01,07-30 03:00:00+02:00,ST Coal 01,0.0
2030,sc01,07-30 03:00:00+02:00,CT NG 09,0.0
2030,sc01,07-30 03:00:00+02:00,CT NG 47,0.0
2030,sc01,07-30 03:00:00+02:00,Solar 69,0.0
2030,sc01,07-30 03:00:00+02:00,Solar 34,0.0
2030,sc01,07-30 03:00:00+02:00,Solar 73,0.0
2030,sc01,07-30 03:00:00+02:00,Biomass 37,0.0
2030,sc01,07-30 03:00:00+02:00,Hydro 20,0.0
2030,sc01,07-30 03:00:00+02:00,Solar 01,0.0
2030,sc01,07-30 03:00:00+02:00,Solar 62,0.0
2030,sc01,07-30 03:00:00+02:00,Solar 02,0.0
2030,sc01,07-30 03:00:00+02:00,CT NG 26,0.0
2030,sc01,07-30 03:00:00+02:00,Biomass 20,0.0
2030,sc01,07-30 03:00:00+02:00,Wind 16,13.164024986000001
2030,sc01,07-30 03:00:00+02:00,CT NG 66,0.0
2030,sc01,07-30 03:00:00+02:00,Solar 39,0.0
2030,sc01,07-30 03:00:00+02:00,Biomass 41,0.0
2030,sc01,07-30 03:00:00+02:00,Solar 72,0.0
2030,sc01,07-30 03:00:00+02:00,ST NG 03,0.0
2030,sc01,07-30 03:00:00+02:00,Hydro 21,0.50245209
2030,sc01,07-30 03:00:00+02:00,CT NG 03,0.0
2030,sc01,07-30 03:00:00+02:00,CC NG 09,0.0
2030,sc01,07-30 03:00:00+02:00,CT Oil 02,0.0
2030,sc01,07-30 03:00:00+02:00,CT NG 39,0.0
2030,sc01,07-30 03:00:00+02:00,CC NG 08,0.0
2030,sc01,07-30 03:00:00+02:00,Biomass 43,0.0
2030,sc01,07-30 03:00:00+02:00,CT NG 18,0.0
2030,sc01,07-30 03:00:00+02:00,ST NG 07,0.0
2030,sc01,07-30 03:00:00+02:00,Biomass 35,0.0
2030,sc01,07-30 03:00:00+02:00,Solar 32,0.0
2030,sc01,07-30 03:00:00+02:00,Biomass 15,0.0
2030,sc01,07-30 03:00:00+02:00,CC NG 31,0.0
2030,sc01,07-30 03:00:00+02:00,Solar 16,0.0
2030,sc01,07-30 03:00:00+02:00,Solar 68,0.0
2030,sc01,07-30 03:00:00+02:00,CT NG 21,0.0
2030,sc01,07-30 03:00:00+02:00,Wind 11,0.0
2030,sc01,07-30 03:00:00+02:00,CC NG 37,0.0
2030,sc01,07-30 03:00:00+02:00,CT NG 22,0.0
2030,sc01,07-30 03:00:00+02:00,Hydro 16,0.0
2030,sc01,07-30 03:00:00+02:00,Biomass 59,0.0
2030,sc01,07-30 03:00:00+02:00,CC NG 01,0.0
2030,sc01,07-30 03:00:00+02:00,Biomass 16,0.0
2030,sc01,07-30 03:00:00+02:00,Solar 03,0.0
2030,sc01,07-30 03:00:00+02:00,Solar 44,0.0
2030,sc01,07-30 03:00:00+02:00,CT NG 08,0.0
2030,sc01,07-30 03:00:00+02:00,Wind 05,0.07624321839199999
2030,sc01,07-30 03:00:00+02:00,Biomass 26,0.0
2030,sc01,07-30 03:00:00+02:00,Solar 37,0.0
2030,sc01,07-30 03:00:00+02:00,Biomass 11,0.0
2030,sc01,07-30 03:00:00+02:00,Solar 59,0.0
2030,sc01,07-30 03:00:00+02:00,CT NG 11,0.0
2030,sc01,07-30 03:00:00+02:00,Biomass 30,0.0
2030,sc01,07-30 03:00:00+02:00,Hydro 23,0.0
2030,sc01,07-30 03:00:00+02:00,CC NG 24,0.0
2030,sc01,07-30 03:00:00+02:00,Solar 65,0.0
2030,sc01,07-30 03:00:00+02:00,CC NG 18,0.0
2030,sc01,07-30 03:00:00+02:00,CT NG 16,0.0
2030,sc01,07-30 03:00:00+02:00,Solar 51,0.0
2030,sc01,07-30 03:00:00+02:00,Wind 06,0.0
2030,sc01,07-30 03:00:00+02:00,CC NG 26,0.0
2030,sc01,07-30 03:00:00+02:00,CC NG 23,0.0
2030,sc01,07-30 03:00:00+02:00,CT NG 43,0.0
2030,sc01,07-30 03:00:00+02:00,CC NG 11,0.0
2030,sc01,07-30 03:00:00+02:00,CT NG 02,0.0
2030,sc01,07-30 03:00:00+02:00,CT NG 50,0.0
2030,sc01,07-30 03:00:00+02:00,Hydro 27,0.0
2030,sc01,07-30 03:00:00+02:00,CT NG 13,0.0
2030,sc01,07-30 03:00:00+02:00,CT NG 25,0.0
2030,sc01,07-30 03:00:00+02:00,CC NG 05,0.0
2030,sc01,07-30 03:00:00+02:00,Solar 04,0.0
2030,sc01,07-30 03:00:00+02:00,Solar 30,0.0
2030,sc01,07-30 03:00:00+02:00,Solar 29,0.0
2030,sc01,07-30 03:00:00+02:00,Solar 53,0.0
2030,sc01,07-30 03:00:00+02:00,Solar 21,0.0
2030,sc01,07-30 03:00:00+02:00,Biomass 58,0.0
2030,sc01,07-30 03:00:00+02:00,CT NG 74,0.0
2030,sc01,07-30 03:00:00+02:00,Solar 61,0.0
2030,sc01,07-30 03:00:00+02:00,Wind 07,0.0
2030,sc01,07-30 03:00:00+02:00,Biomass 31,0.0
2030,sc01,07-30 03:00:00+02:00,CT Oil 05,0.0
2030,sc01,07-30 03:00:00+02:00,Biomass 38,0.0
2030,sc01,07-30 03:00:00+02:00,Solar 41,0.0
2030,sc01,07-30 03:00:00+02:00,Biomass 51,0.0
2030,sc01,07-30 03:00:00+02:00,Biomass 55,0.0
2030,sc01,07-30 03:00:00+02:00,Wind 15,0.6154411752300001
2030,sc01,07-30 03:00:00+02:00,Geo 01,0.0
2030,sc01,07-30 03:00:00+02:00,Biomass 60,0.0
2030,sc01,07-30 03:00:00+02:00,CT NG 38,0.0
2030,sc01,07-30 03:00:00+02:00,Solar 66,0.0
2030,sc01,07-30 03:00:00+02:00,Solar 49,0.0
2030,sc01,07-30 03:00:00+02:00,CT NG 51,0.0
2030,sc01,07-30 03:00:00+02:00,Biomass 18,0.0
2030,sc01,07-30 03:00:00+02:00,ICE NG 01,0.0
2030,sc01,07-30 03:00:00+02:00,Solar 15,0.0
2030,sc01,07-30 03:00:00+02:00,ICE NG 05,0.0
2030,sc01,07-30 03:00:00+02:00,CT Oil 04,0.0
2030,sc01,07-30 03:00:00+02:00,CC NG 20,0.0
2030,sc01,07-30 03:00:00+02:00,Solar 20,0.0
2030,sc01,07-30 03:00:00+02:00,Biomass 04,0.0
2030,sc01,07-30 03:00:00+02:00,Wind 02,6.2540456282
2030,sc01,07-30 03:00:00+02:00,Hydro 25,0.0
2030,sc01,07-30 03:00:00+02:00,Solar 75,0.0
2030,sc01,07-30 03:00:00+02:00,Hydro 33,0.0
2030,sc01,07-30 03:00:00+02:00,ST NG 05,0.0
2030,sc01,07-30 03:00:00+02:00,CT NG 07,0.0
2030,sc01,07-30 03:00:00+02:00,Wind 01,1.90949332861
2030,sc01,07-30 03:00:00+02:00,Solar 56,0.0
2030,sc01,07-30 03:00:00+02:00,Biomass 09,0.0
2030,sc01,07-30 03:00:00+02:00,Biomass 53,0.0
2030,sc01,07-30 03:00:00+02:00,Wind 17,8.550049941400001
2030,sc01,07-30 03:00:00+02:00,ST NG 08,0.0
2030,sc01,07-30 03:00:00+02:00,Hydro 19,0.0
2030,sc01,07-30 03:00:00+02:00,ST NG 02,0.0
2030,sc01,07-30 03:00:00+02:00,Biomass 01,0.0
2030,sc01,07-30 03:00:00+02:00,Biomass 57,0.0
2030,sc01,07-30 03:00:00+02:00,CT NG 49,0.0
2030,sc01,07-30 03:00:00+02:00,CT NG 31,0.0
2030,sc01,07-30 03:00:00+02:00,Solar 64,0.0
2030,sc01,07-30 03:00:00+02:00,CC NG 33,0.0
2030,sc01,07-30 03:00:00+02:00,Solar 46,0.0
2030,sc01,07-30 03:00:00+02:00,Biomass 12,0.0
2030,sc01,07-30 03:00:00+02:00,Wind 04,0.01086058892
2030,sc01,07-30 03:00:00+02:00,Solar 13,0.0
2030,sc01,07-30 03:00:00+02:00,CT NG 55,0.0
2030,sc01,07-30 03:00:00+02:00,Wind N03,57.90834308410552
2030,sc01,07-30 03:00:00+02:00,CT NG 28,0.0
2030,sc01,07-30 03:00:00+02:00,Wind 09,0.0
2030,sc01,07-30 03:00:00+02:00,Solar 60,0.0
2030,sc01,07-30 03:00:00+02:00,Solar 25,0.0
2030,sc01,07-30 03:00:00+02:00,CT NG 23,0.0
2030,sc01,07-30 03:00:00+02:00,ST Other 01,0.0
2030,sc01,07-30 03:00:00+02:00,Solar 70,0.0
2030,sc01,07-30 03:00:00+02:00,CC NG 34,0.0
2030,sc01,07-30 03:00:00+02:00,Solar 48,0.0
2030,sc01,07-30 03:00:00+02:00,Biomass 56,0.0
2030,sc01,07-30 03:00:00+02:00,CT NG 36,0.0
2030,sc01,07-30 03:00:00+02:00,Solar 47,0.0
2030,sc01,07-30 03:00:00+02:00,Hydro 17,0.046318500000000006
2030,sc01,07-30 03:00:00+02:00,Solar 09,0.0
2030,sc01,07-30 03:00:00+02:00,Solar 08,0.0
2030,sc01,07-30 03:00:00+02:00,CT NG 45,0.0
2030,sc01,07-30 03:00:00+02:00,ST NG 04,0.0
2030,sc01,07-30 03:00:00+02:00,Solar 40,0.0
2030,sc01,07-30 03:00:00+02:00,Biomass 47,0.0
2030,sc01,07-30 03:00:00+02:00,Solar 50,0.0
2030,sc01,07-30 03:00:00+02:00,Solar 52,0.0
2030,sc01,07-30 03:00:00+02:00,Solar 63,0.0
2030,sc01,07-30 03:00:00+02:00,CC NG 06,0.0
2030,sc01,07-30 03:00:00+02:00,Biomass 39,0.0
2030,sc01,07-30 03:00:00+02:00,Solar 67,0.0
2030,sc01,07-30 03:00:00+02:00,Solar 19,0.0
2030,sc01,07-30 03:00:00+02:00,Wind 12,14.932759493699999
2030,sc01,07-30 03:00:00+02:00,Solar 24,0.0
2030,sc01,07-30 03:00:00+02:00,ICE NG 02,0.0
2030,sc01,07-30 03:00:00+02:00,Solar 05,0.0
2030,sc01,07-30 03:00:00+02:00,CT NG 54,0.0
2030,sc01,07-30 03:00:00+02:00,Wind N01,132.39703310620553
2030,sc01,07-30 03:00:00+02:00,CT NG 27,0.0
2030,sc01,07-30 03:00:00+02:00,CC NG 36,0.0
2030,sc01,07-30 03:00:00+02:00,Wind N02,92.48572912087744
2030,sc01,07-30 03:00:00+02:00,CT NG 52,0.0
2030,sc01,07-30 03:00:00+02:00,Solar 35,0.0
2030,sc01,07-30 03:00:00+02:00,CT NG 05,0.0
2030,sc01,07-30 03:00:00+02:00,Biomass 36,0.0
2030,sc01,07-30 03:00:00+02:00,CT NG 34,0.0
2030,sc01,07-30 03:00:00+02:00,CT Oil 03,0.0
2030,sc01,07-30 03:00:00+02:00,Hydro 35,0.0082344
2030,sc01,07-30 03:00:00+02:00,Solar 14,0.0
2030,sc01,07-30 03:00:00+02:00,CT NG 75,0.0
2030,sc01,07-30 03:00:00+02:00,ST NG 09,0.0
2030,sc01,07-30 03:00:00+02:00,CT NG 56,0.0
2030,sc01,07-30 03:00:00+02:00,Biomass 22,0.0
2030,sc01,07-30 03:00:00+02:00,Solar 18,0.0
2030,sc01,07-30 03:00:00+02:00,Biomass 13,0.0
2030,sc01,07-30 03:00:00+02:00,CT NG 71,0.0
2030,sc01,07-30 03:00:00+02:00,Solar 58,0.0
2030,sc01,07-30 03:00:00+02:00,Solar 06,0.0
2030,sc01,07-30 03:00:00+02:00,Biomass 08,0.0
2030,sc01,07-30 03:00:00+02:00,CT NG 72,0.0
2030,sc01,07-30 03:00:00+02:00,Hydro 18,0.1595415
2030,sc01,07-30 03:00:00+02:00,Solar 10,0.0
2030,sc01,07-30 03:00:00+02:00,CT NG 04,0.0
2030,sc01,07-30 03:00:00+02:00,ST Other 02,0.0
2030,sc01,07-30 03:00:00+02:00,CT NG 12,0.0
2030,sc01,07-30 03:00:00+02:00,CT NG 48,0.0
2030,sc01,07-30 03:00:00+02:00,ST NG 10,0.0
2030,sc01,07-30 03:00:00+02:00,Solar 22,0.0
2030,sc01,07-30 03:00:00+02:00,Solar 28,0.0
2030,sc01,07-30 03:00:00+02:00,CT NG 73,0.0
2030,sc01,07-30 03:00:00+02:00,Biomass 52,0.0
2030,sc01,07-30 03:00:00+02:00,CT NG 30,0.0
2030,sc01,07-30 03:00:00+02:00,Solar 54,0.0
2030,sc01,07-30 03:00:00+02:00,Solar 31,0.0
2030,sc01,07-30 03:00:00+02:00,Biomass 03,0.0
2030,sc01,07-30 03:00:00+02:00,CT NG 32,0.0
2030,sc01,07-30 03:00:00+02:00,Biomass 27,0.0
2030,sc01,07-30 03:00:00+02:00,CC NG 14,0.0
2030,sc01,07-30 03:00:00+02:00,CC NG 03,0.0
2030,sc01,07-30 03:00:00+02:00,CC NG 29,0.0
2030,sc01,07-30 03:00:00+02:00,CC NG 28,0.0
2030,sc01,07-30 03:00:00+02:00,CC NG 25,0.0
2030,sc01,07-30 03:00:00+02:00,CT NG 44,0.0
2030,sc01,07-30 03:00:00+02:00,CT NG 14,0.0
2030,sc01,07-30 03:00:00+02:00,CC NG 15,0.0
2030,sc01,07-30 03:00:00+02:00,CC NG 04,0.0
2030,sc01,07-30 03:00:00+02:00,Biomass 29,0.0
2030,sc01,07-30 03:00:00+02:00,Wind 14,19.4723465902
2030,sc01,07-30 03:00:00+02:00,Wind 08,0.0
2030,sc01,07-30 03:00:00+02:00,Biomass 61,0.0
2030,sc01,07-30 03:00:00+02:00,CT NG 35,0.0
2030,sc01,07-30 03:00:00+02:00,Solar 33,0.0
2030,sc01,07-30 03:00:00+02:00,CT NG 41,0.0
2030,sc01,07-30 03:00:00+02:00,CT NG 15,0.0
2030,sc01,07-30 03:00:00+02:00,Solar 42,0.0
2030,sc01,07-30 03:00:00+02:00,Solar 07,0.0
2030,sc01,07-30 03:00:00+02:00,Solar 43,0.0
2030,sc01,07-30 03:00:00+02:00,Biomass 05,0.0
2030,sc01,07-30 03:00:00+02:00,CT NG 29,0.0
2030,sc01,07-30 03:00:00+02:00,Solar 71,0.0
2030,sc01,07-30 03:00:00+02:00,CT NG 53,0.0
2030,sc01,07-30 03:00:00+02:00,CT NG 20,0.0
2030,sc01,07-30 03:00:00+02:00,Biomass 14,0.0
2030,sc01,07-30 03:00:00+02:00,Solar 26,0.0
2030,sc01,07-30 03:00:00+02:00,Hydro 29,51.93027180000001
2030,sc01,07-30 03:00:00+02:00,Hydro 31,0.013724
2030,sc01,07-30 03:00:00+02:00,Biomass 24,0.0
2030,sc01,07-30 03:00:00+02:00,Biomass 54,0.0
2030,sc01,07-30 03:00:00+02:00,Solar 36,0.0
2030,sc01,07-30 03:00:00+02:00,Wind 03,0.05036287857599999
2030,sc01,07-30 03:00:00+02:00,Biomass 40,0.0
2030,sc01,07-30 03:00:00+02:00,Biomass 49,0.0
2030,sc01,07-30 03:00:00+02:00,CC NG 16,0.0
2030,sc01,07-30 03:00:00+02:00,Biomass 48,0.0
2030,sc01,07-30 03:00:00+02:00,Hydro 28,14.284601420382588
2030,sc01,07-30 03:00:00+02:00,Biomass 17,0.0
2030,sc01,07-30 03:00:00+02:00,CT NG 33,0.0
2030,sc01,07-30 03:00:00+02:00,Solar 45,0.0
2030,sc01,07-30 03:00:00+02:00,Hydro 24,0.0
2030,sc01,07-30 03:00:00+02:00,Wind 13,9.784063085
2030,sc01,07-30 03:00:00+02:00,Biomass 07,0.0
2030,sc01,07-30 03:00:00+02:00,Biomass 34,0.0
2030,sc01,07-30 03:00:00+02:00,Biomass 33,0.0
2030,sc01,07-30 03:00:00+02:00,CT NG 01,0.0
2030,sc01,07-30 03:00:00+02:00,ICE NG 03,0.0
2030,sc01,07-30 03:00:00+02:00,Solar 55,0.0
2030,sc01,07-30 03:00:00+02:00,Solar 11,0.0
2030,sc01,07-30 03:00:00+02:00,CT NG 06,0.0
2030,sc01,07-30 03:00:00+02:00,CT NG 70,0.0
2030,sc01,07-30 03:00:00+02:00,Solar 23,0.0
2030,sc01,07-30 03:00:00+02:00,CT NG 67,0.0
2030,sc01,07-30 03:00:00+02:00,Solar 12,0.0
2030,sc01,07-30 03:00:00+02:00,CT Oil 01,0.0
2030,sc01,07-30 03:00:00+02:00,Hydro 26,0.0
2030,sc01,07-30 03:00:00+02:00,CC NG 22,0.0
2030,sc01,07-30 03:00:00+02:00,CC NG 35,0.0
2030,sc01,07-30 03:00:00+02:00,Biomass 50,0.0
2030,sc01,07-30 03:00:00+02:00,ICE NG 04,0.0
2030,sc01,07-30 03:00:00+02:00,CC NG 39,0.0
2030,sc01,07-30 03:00:00+02:00,Hydro 32,0.0164688
2030,sc01,07-30 03:00:00+02:00,ICE NG 07,0.0
2030,sc01,07-30 03:00:00+02:00,Biomass 46,0.0
2030,sc01,07-30 03:00:00+02:00,CC NG 38,0.0
2030,sc01,07-30 03:00:00+02:00,CC NG 12,0.0
2030,sc01,07-30 03:00:00+02:00,Solar 57,0.0
2030,sc01,07-30 03:00:00+02:00,CC NG 32,0.0
2030,sc01,07-30 03:00:00+02:00,CC NG 07,0.0
2030,sc01,07-30 03:00:00+02:00,Biomass 44,0.0
2030,sc01,07-30 03:00:00+02:00,CT NG 40,0.0
2030,sc01,07-30 03:00:00+02:00,Solar 74,0.0
2030,sc01,07-30 03:00:00+02:00,Hydro 30,0.0
2030,sc01,07-30 03:00:00+02:00,CT NG 42,0.0
2030,sc01,07-30 03:00:00+02:00,Hydro 22,0.50245209
2030,sc01,07-30 03:00:00+02:00,Solar 17,0.0
2030,sc01,07-30 03:00:00+02:00,Solar 38,0.0
2030,sc01,07-30 03:00:00+02:00,CT NG 24,0.0
2030,sc01,07-30 03:00:00+02:00,CC NG 27,0.0
2030,sc01,07-30 03:00:00+02:00,Biomass 21,0.0
2030,sc01,07-30 03:00:00+02:00,ICE NG 06,0.0
2030,sc01,07-30 03:00:00+02:00,Biomass 25,0.0
2030,sc01,07-30 03:00:00+02:00,Solar 27,0.0
2030,sc01,07-30 03:00:00+02:00,CT NG 19,0.0
2030,sc01,07-30 03:00:00+02:00,Biomass 42,0.0
2030,sc01,07-30 03:00:00+02:00,Biomass 19,0.0
2030,sc01,07-30 03:00:00+02:00,Biomass 06,0.0
2030,sc01,07-30 03:00:00+02:00,CT NG 10,0.0
2030,sc01,07-30 03:00:00+02:00,CC NG 40,0.0
2030,sc01,07-30 03:00:00+02:00,CC NG 21,0.0
2030,sc01,07-30 03:00:00+02:00,Biomass 02,0.0
2030,sc01,07-30 03:00:00+02:00,CT NG 46,0.0
2030,sc01,07-30 03:00:00+02:00,Hydro 34,0.0
2030,sc01,07-30 03:00:00+02:00,Biomass 10,0.0
2030,sc01,07-30 03:00:00+02:00,CT NG 17,0.0
2030,sc01,07-30 03:00:00+02:00,Biomass 62,0.0
2030,sc01,07-30 03:00:00+02:00,Biomass 32,0.0
2030,sc01,07-30 03:00:00+02:00,CC NG 19,0.0
2030,sc01,07-30 03:00:00+02:00,CC NG 17,0.0
2030,sc01,07-30 03:00:00+02:00,ST NG 01,0.0
2030,sc01,07-30 03:00:00+02:00,Biomass 45,0.0
2030,sc01,07-30 03:00:00+02:00,Biomass 28,0.0
2030,sc01,07-30 03:00:00+02:00,CC NG 10,0.0
2030,sc01,07-30 03:00:00+02:00,Biomass 23,0.0
2030,sc01,07-30 03:00:00+02:00,ST NG 06,0.0
2030,sc01,07-30 03:00:00+02:00,Wind 10,0.0
2030,sc01,07-30 03:00:00+02:00,CT NG 69,0.0
2030,sc01,07-30 03:00:00+02:00,CT NG 68,0.0
2030,sc01,07-30 20:00:00+02:00,CC NG 13,0.0
2030,sc01,07-30 20:00:00+02:00,CT NG 37,0.0
2030,sc01,07-30 20:00:00+02:00,ST Coal 01,0.0
2030,sc01,07-30 20:00:00+02:00,CT NG 09,0.0
2030,sc01,07-30 20:00:00+02:00,CT NG 47,0.0
2030,sc01,07-30 20:00:00+02:00,Solar 69,0.0
2030,sc01,07-30 20:00:00+02:00,Solar 34,0.0
2030,sc01,07-30 20:00:00+02:00,Solar 73,0.0
2030,sc01,07-30 20:00:00+02:00,Biomass 37,0.030780000000000002
2030,sc01,07-30 20:00:00+02:00,Hydro 20,0.0
2030,sc01,07-30 20:00:00+02:00,Solar 01,0.0
2030,sc01,07-30 20:00:00+02:00,Solar 62,0.0
2030,sc01,07-30 20:00:00+02:00,Solar 02,0.0
2030,sc01,07-30 20:00:00+02:00,CT NG 26,0.0
2030,sc01,07-30 20:00:00+02:00,Biomass 20,0.01406
2030,sc01,07-30 20:00:00+02:00,Wind 16,25.289608288799997
2030,sc01,07-30 20:00:00+02:00,CT NG 66,0.0
2030,sc01,07-30 20:00:00+02:00,Solar 39,0.0
2030,sc01,07-30 20:00:00+02:00,Biomass 41,0.0475
2030,sc01,07-30 20:00:00+02:00,Solar 72,0.0
2030,sc01,07-30 20:00:00+02:00,ST NG 03,0.0
2030,sc01,07-30 20:00:00+02:00,Hydro 21,1.71568062
2030,sc01,07-30 20:00:00+02:00,CT NG 03,0.0
2030,sc01,07-30 20:00:00+02:00,CC NG 09,0.0
2030,sc01,07-30 20:00:00+02:00,CT Oil 02,0.0
2030,sc01,07-30 20:00:00+02:00,CT NG 39,0.0
2030,sc01,07-30 20:00:00+02:00,CC NG 08,0.0
2030,sc01,07-30 20:00:00+02:00,Biomass 43,0.09196
2030,sc01,07-30 20:00:00+02:00,CT NG 18,0.0
2030,sc01,07-30 20:00:00+02:00,ST NG 07,0.0
2030,sc01,07-30 20:00:00+02:00,Biomass 35,0.05434
2030,sc01,07-30 20:00:00+02:00,Solar 32,0.0
2030,sc01,07-30 20:00:00+02:00,Biomass 15,0.007980000000000001
2030,sc01,07-30 20:00:00+02:00,CC NG 31,0.0
2030,sc01,07-30 20:00:00+02:00,Solar 16,0.0
2030,sc01,07-30 20:00:00+02:00,Solar 68,0.0
2030,sc01,07-30 20:00:00+02:00,CT NG 21,0.0
2030,sc01,07-30 20:00:00+02:00,Wind 11,2.80555735878
2030,sc01,07-30 20:00:00+02:00,CC NG 37,0.0
2030,sc01,07-30 20:00:00+02:00,CT NG 22,0.0
2030,sc01,07-30 20:00:00+02:00,Hydro 16,0.02244432
2030,sc01,07-30 20:00:00+02:00,Biomass 59,0.15732000000000002
2030,sc01,07-30 20:00:00+02:00,CC NG 01,0.0
2030,sc01,07-30 20:00:00+02:00,Biomass 16,0.007980000000000001
2030,sc01,07-30 20:00:00+02:00,Solar 03,0.0
2030,sc01,07-30 20:00:00+02:00,Solar 44,0.0
2030,sc01,07-30 20:00:00+02:00,CT NG 08,0.0
2030,sc01,07-30 20:00:00+02:00,Wind 05,0.138505731536
2030,sc01,07-30 20:00:00+02:00,Biomass 26,0.06422
2030,sc01,07-30 20:00:00+02:00,Solar 37,0.0
2030,sc01,07-30 20:00:00+02:00,Biomass 11,0.0133
2030,sc01,07-30 20:00:00+02:00,Solar 59,0.0
2030,sc01,07-30 20:00:00+02:00,CT NG 11,0.0
2030,sc01,07-30 20:00:00+02:00,Biomass 30,0.06422
2030,sc01,07-30 20:00:00+02:00,Hydro 23,0.0
2030,sc01,07-30 20:00:00+02:00,CC NG 24,0.0
2030,sc01,07-30 20:00:00+02:00,Solar 65,0.0
2030,sc01,07-30 20:00:00+02:00,CC NG 18,0.0
2030,sc01,07-30 20:00:00+02:00,CT NG 16,0.0
2030,sc01,07-30 20:00:00+02:00,Solar 51,0.0
2030,sc01,07-30 20:00:00+02:00,Wind 06,3.7648799196800007
2030,sc01,07-30 20:00:00+02:00,CC NG 26,0.0
2030,sc01,07-30 20:00:00+02:00,CC NG 23,0.0
2030,sc01,07-30 20:00:00+02:00,CT NG 43,0.0
2030,sc01,07-30 20:00:00+02:00,CC NG 11,0.0
2030,sc01,07-30 20:00:00+02:00,CT NG 02,0.0
2030,sc01,07-30 20:00:00+02:00,CT NG 50,0.0
2030,sc01,07-30 20:00:00+02:00,Hydro 27,1.0941606000000001
2030,sc01,07-30 20:00:00+02:00,CT NG 13,0.7953551999999999
2030,sc01,07-30 20:00:00+02:00,CT NG 25,0.0
2030,sc01,07-30 20:00:00+02:00,CC NG 05,0.0
2030,sc01,07-30 20:00:00+02:00,Solar 04,0.0
2030,sc01,07-30 20:00:00+02:00,Solar 30,0.0
2030,sc01,07-30 20:00:00+02:00,Solar 29,0.0
2030,sc01,07-30 20:00:00+02:00,Solar 53,0.0
2030,sc01,07-30 20:00:00+02:00,Solar 21,0.0
2030,sc01,07-30 20:00:00+02:00,Biomass 58,0.08284
2030,sc01,07-30 20:00:00+02:00,CT NG 74,0.0
2030,sc01,07-30 20:00:00+02:00,Solar 61,0.0
2030,sc01,07-30 20:00:00+02:00,Wind 07,2.70611313642
2030,sc01,07-30 20:00:00+02:00,Biomass 31,0.06422
2030,sc01,07-30 20:00:00+02:00,CT Oil 05,0.0
2030,sc01,07-30 20:00:00+02:00,Biomass 38,0.030780000000000002
2030,sc01,07-30 20:00:00+02:00,Solar 41,0.0
2030,sc01,07-30 20:00:00+02:00,Biomass 51,0.00684
2030,sc01,07-30 20:00:00+02:00,Biomass 55,0.09462000000000002
2030,sc01,07-30 20:00:00+02:00,Wind 15,0.0
2030,sc01,07-30 20:00:00+02:00,Geo 01,0.0
2030,sc01,07-30 20:00:00+02:00,Biomass 60,0.10260000000000001
2030,sc01,07-30 20:00:00+02:00,CT NG 38,0.0
2030,sc01,07-30 20:00:00+02:00,Solar 66,0.0
2030,sc01,07-30 20:00:00+02:00,Solar 49,0.0
2030,sc01,07-30 20:00:00+02:00,CT NG 51,0.0
2030,sc01,07-30 20:00:00+02:00,Biomass 18,0.007980000000000001
2030,sc01,07-30 20:00:00+02:00,ICE NG 01,0.0
2030,sc01,07-30 20:00:00+02:00,Solar 15,0.0
2030,sc01,07-30 20:00:00+02:00,ICE NG 05,0.0
2030,sc01,07-30 20:00:00+02:00,CT Oil 04,0.0
2030,sc01,07-30 20:00:00+02:00,CC NG 20,0.0
2030,sc01,07-30 20:00:00+02:00,Solar 20,0.0
2030,sc01,07-30 20:00:00+02:00,Biomass 04,0.0095
2030,sc01,07-30 20:00:00+02:00,Wind 02,6.8054913412
2030,sc01,07-30 20:00:00+02:00,Hydro 25,0.0
2030,sc01,07-30 20:00:00+02:00,Solar 75,0.0
2030,sc01,07-30 20:00:00+02:00,Hydro 33,0.0
2030,sc01,07-30 20:00:00+02:00,ST NG 05,0.0
2030,sc01,07-30 20:00:00+02:00,CT NG 07,0.0
2030,sc01,07-30 20:00:00+02:00,Wind 01,1.79199356596
2030,sc01,07-30 20:00:00+02:00,Solar 56,0.0
2030,sc01,07-30 20:00:00+02:00,Biomass 09,0.029640000000000003
2030,sc01,07-30 20:00:00+02:00,Biomass 53,0.09462000000000002
2030,sc01,07-30 20:00:00+02:00,Wind 17,6.0944712713104465
2030,sc01,07-30 20:00:00+02:00,ST NG 08,0.0
2030,sc01,07-30 20:00:00+02:00,Hydro 19,0.0
2030,sc01,07-30 20:00:00+02:00,ST NG 02,0.0
2030,sc01,07-30 20:00:00+02:00,Biomass 01,0.039900000000000005
2030,sc01,07-30 20:00:00+02:00,Biomass 57,0.08284
2030,sc01,07-30 20:00:00+02:00,CT NG 49,0.0
2030,sc01,07-30 20:00:00+02:00,CT NG 31,0.0
2030,sc01,07-30 20:00:00+02:00,Solar 64,0.0
2030,sc01,07-30 20:00:00+02:00,CC NG 33,0.0
2030,sc01,07-30 20:00:00+02:00,Solar 46,0.0
2030,sc01,07-30 20:00:00+02:00,Biomass 12,0.0133
2030,sc01,07-30 20:00:00+02:00,Wind 04,0.011006235792
2030,sc01,07-30 20:00:00+02:00,Solar 13,0.0
2030,sc01,07-30 20:00:00+02:00,CT NG 55,0.0
2030,sc01,07-30 20:00:00+02:00,Wind N03,149.29655809982597
2030,sc01,07-30 20:00:00+02:00,CT NG 28,0.0
2030,sc01,07-30 20:00:00+02:00,Wind 09,2.36965879068
2030,sc01,07-30 20:00:00+02:00,Solar 60,0.0
2030,sc01,07-30 20:00:00+02:00,Solar 25,0.0
2030,sc01,07-30 20:00:00+02:00,CT NG 23,0.0
2030,sc01,07-30 20:00:00+02:00,ST Other 01,0.0
2030,sc01,07-30 20:00:00+02:00,Solar 70,0.0
2030,sc01,07-30 20:00:00+02:00,CC NG 34,0.0
2030,sc01,07-30 20:00:00+02:00,Solar 48,0.0
2030,sc01,07-30 20:00:00+02:00,Biomass 56,0.09348
2030,sc01,07-30 20:00:00+02:00,CT NG 36,0.0
2030,sc01,07-30 20:00:00+02:00,Solar 47,0.0
2030,sc01,07-30 20:00:00+02:00,Hydro 17,0.037874790000000005
2030,sc01,07-30 20:00:00+02:00,Solar 09,0.0
2030,sc01,07-30 20:00:00+02:00,Solar 08,0.0
2030,sc01,07-30 20:00:00+02:00,CT NG 45,0.0
2030,sc01,07-30 20:00:00+02:00,ST NG 04,0.6013685089265659
2030,sc01,07-30 20:00:00+02:00,Solar 40,0.0
2030,sc01,07-30 20:00:00+02:00,Biomass 47,0.10260000000000001
2030,sc01,07-30 20:00:00+02:00,Solar 50,0.0
2030,sc01,07-30 20:00:00+02:00,Solar 52,0.0
2030,sc01,07-30 20:00:00+02:00,Solar 63,0.0
2030,sc01,07-30 20:00:00+02:00,CC NG 06,0.0
2030,sc01,07-30 20:00:00+02:00,Biomass 39,0.030780000000000002
2030,sc01,07-30 20:00:00+02:00,Solar 67,0.0
2030,sc01,07-30 20:00:00+02:00,Solar 19,0.0
2030,sc01,07-30 20:00:00+02:00,Wind 12,14.622432835800002
2030,sc01,07-30 20:00:00+02:00,Solar 24,0.0
2030,sc01,07-30 20:00:00+02:00,ICE NG 02,0.0
2030,sc01,07-30 20:00:00+02:00,Solar 05,0.0
2030,sc01,07-30 20:00:00+02:00,CT NG 54,0.0
2030,sc01,07-30 20:00:00+02:00,Wind N01,102.2663900572289
2030,sc01,07-30 20:00:00+02:00,CT NG 27,0.0
2030,sc01,07-30 20:00:00+02:00,CC NG 36,0.0
2030,sc01,07-30 20:00:00+02:00,Wind N02,70.87571675461822
2030,sc01,07-30 20:00:00+02:00,CT NG 52,0.0
2030,sc01,07-30 20:00:00+02:00,Solar 35,0.0
2030,sc01,07-30 20:00:00+02:00,CT NG 05,0.0
2030,sc01,07-30 20:00:00+02:00,Biomass 36,0.05434
2030,sc01,07-30 20:00:00+02:00,CT NG 34,0.0
2030,sc01,07-30 20:00:00+02:00,CT Oil 03,0.0
2030,sc01,07-30 20:00:00+02:00,Hydro 35,0.006733295999999999
2030,sc01,07-30 20:00:00+02:00,Solar 14,0.0
2030,sc01,07-30 20:00:00+02:00,CT NG 75,0.0
2030,sc01,07-30 20:00:00+02:00,ST NG 09,0.0
2030,sc01,07-30 20:00:00+02:00,CT NG 56,0.0
2030,sc01,07-30 20:00:00+02:00,Biomass 22,0.01406
2030,sc01,07-30 20:00:00+02:00,Solar 18,0.0
2030,sc01,07-30 20:00:00+02:00,Biomass 13,0.0133
2030,sc01,07-30 20:00:00+02:00,CT NG 71,0.0
2030,sc01,07-30 20:00:00+02:00,Solar 58,0.0
2030,sc01,07-30 20:00:00+02:00,Solar 06,0.0
2030,sc01,07-30 20:00:00+02:00,Biomass 08,0.029640000000000003
2030,sc01,07-30 20:00:00+02:00,CT NG 72,0.0
2030,sc01,07-30 20:00:00+02:00,Hydro 18,0.13045761
2030,sc01,07-30 20:00:00+02:00,Solar 10,0.0
2030,sc01,07-30 20:00:00+02:00,CT NG 04,0.0
2030,sc01,07-30 20:00:00+02:00,ST Other 02,0.0
2030,sc01,07-30 20:00:00+02:00,CT NG 12,0.0
2030,sc01,07-30 20:00:00+02:00,CT NG 48,0.0
2030,sc01,07-30 20:00:00+02:00,ST NG 10,0.0
2030,sc01,07-30 20:00:00+02:00,Solar 22,0.0
2030,sc01,07-30 20:00:00+02:00,Solar 28,0.0
2030,sc01,07-30 20:00:00+02:00,CT NG 73,0.0
2030,sc01,07-30 20:00:00+02:00,Biomass 52,0.0608
2030,sc01,07-30 20:00:00+02:00,CT NG 30,0.0
2030,sc01,07-30 20:00:00+02:00,Solar 54,0.0
2030,sc01,07-30 20:00:00+02:00,Solar 31,0.0
2030,sc01,07-30 20:00:00+02:00,Biomass 03,0.0095
2030,sc01,07-30 20:00:00+02:00,CT NG 32,0.0
2030,sc01,07-30 20:00:00+02:00,Biomass 27,0.06422
2030,sc01,07-30 20:00:00+02:00,CC NG 14,0.0
2030,sc01,07-30 20:00:00+02:00,CC NG 03,0.0
2030,sc01,07-30 20:00:00+02:00,CC NG 29,0.0
2030,sc01,07-30 20:00:00+02:00,CC NG 28,0.0
2030,sc01,07-30 20:00:00+02:00,CC NG 25,0.0
2030,sc01,07-30 20:00:00+02:00,CT NG 44,0.0
2030,sc01,07-30 20:00:00+02:00,CT NG 14,0.2123196331977465
2030,sc01,07-30 20:00:00+02:00,CC NG 15,0.0
2030,sc01,07-30 20:00:00+02:00,CC NG 04,0.0
2030,sc01,07-30 20:00:00+02:00,Biomass 29,0.06422
2030,sc01,07-30 20:00:00+02:00,Wind 14,36.3761363936
2030,sc01,07-30 20:00:00+02:00,Wind 08,1.85793768486
2030,sc01,07-30 20:00:00+02:00,Biomass 61,0.0133
2030,sc01,07-30 20:00:00+02:00,CT NG 35,0.0
2030,sc01,07-30 20:00:00+02:00,Solar 33,0.0
2030,sc01,07-30 20:00:00+02:00,CT NG 41,0.0
2030,sc01,07-30 20:00:00+02:00,CT NG 15,0.0
2030,sc01,07-30 20:00:00+02:00,Solar 42,0.0
2030,sc01,07-30 20:00:00+02:00,Solar 07,0.0
2030,sc01,07-30 20:00:00+02:00,Solar 43,0.0
2030,sc01,07-30 20:00:00+02:00,Biomass 05,0.01748
2030,sc01,07-30 20:00:00+02:00,CT NG 29,0.0
2030,sc01,07-30 20:00:00+02:00,Solar 71,0.0
2030,sc01,07-30 20:00:00+02:00,CT NG 53,0.0
2030,sc01,07-30 20:00:00+02:00,CT NG 20,0.0
2030,sc01,07-30 20:00:00+02:00,Biomass 14,0.02926
2030,sc01,07-30 20:00:00+02:00,Solar 26,0.0
2030,sc01,07-30 20:00:00+02:00,Hydro 29,3.0700200000000004
2030,sc01,07-30 20:00:00+02:00,Hydro 31,0.01122216
2030,sc01,07-30 20:00:00+02:00,Biomass 24,0.01178
2030,sc01,07-30 20:00:00+02:00,Biomass 54,0.09462000000000002
2030,sc01,07-30 20:00:00+02:00,Solar 36,0.0
2030,sc01,07-30 20:00:00+02:00,Wind 03,0.023763113952000002
2030,sc01,07-30 20:00:00+02:00,Biomass 40,0.030780000000000002
2030,sc01,07-30 20:00:00+02:00,Biomass 49,0.011399999999999999
2030,sc01,07-30 20:00:00+02:00,CC NG 16,0.0
2030,sc01,07-30 20:00:00+02:00,Biomass 48,0.10260000000000001
2030,sc01,07-30 20:00:00+02:00,Hydro 28,3.0700200000000004
2030,sc01,07-30 20:00:00+02:00,Biomass 17,0.007980000000000001
2030,sc01,07-30 20:00:00+02:00,CT NG 33,0.0
2030,sc01,07-30 20:00:00+02:00,Solar 45,0.0
2030,sc01,07-30 20:00:00+02:00,Hydro 24,0.0
2030,sc01,07-30 20:00:00+02:00,Wind 13,9.1929509484
2030,sc01,07-30 20:00:00+02:00,Biomass 07,0.076
2030,sc01,07-30 20:00:00+02:00,Biomass 34,0.05434
2030,sc01,07-30 20:00:00+02:00,Biomass 33,0.05434
2030,sc01,07-30 20:00:00+02:00,CT NG 01,0.9352788000000001
2030,sc01,07-30 20:00:00+02:00,ICE NG 03,0.0
2030,sc01,07-30 20:00:00+02:00,Solar 55,0.0
2030,sc01,07-30 20:00:00+02:00,Solar 11,0.0
2030,sc01,07-30 20:00:00+02:00,CT NG 06,0.0
2030,sc01,07-30 20:00:00+02:00,CT NG 70,0.0
2030,sc01,07-30 20:00:00+02:00,Solar 23,0.0
2030,sc01,07-30 20:00:00+02:00,CT NG 67,0.0
2030,sc01,07-30 20:00:00+02:00,Solar 12,0.0
2030,sc01,07-30 20:00:00+02:00,CT Oil 01,0.0
2030,sc01,07-30 20:00:00+02:00,Hydro 26,0.0
2030,sc01,07-30 20:00:00+02:00,CC NG 22,0.0
2030,sc01,07-30 20:00:00+02:00,CC NG 35,0.0
2030,sc01,07-30 20:00:00+02:00,Biomass 50,0.00684
2030,sc01,07-30 20:00:00+02:00,ICE NG 04,0.0
2030,sc01,07-30 20:00:00+02:00,CC NG 39,0.0
2030,sc01,07-30 20:00:00+02:00,Hydro 32,0.013466591999999998
2030,sc01,07-30 20:00:00+02:00,ICE NG 07,0.0
2030,sc01,07-30 20:00:00+02:00,Biomass 46,0.02318
2030,sc01,07-30 20:00:00+02:00,CC NG 38,0.0
2030,sc01,07-30 20:00:00+02:00,CC NG 12,0.0
2030,sc01,07-30 20:00:00+02:00,Solar 57,0.0
2030,sc01,07-30 20:00:00+02:00,CC NG 32,0.0
2030,sc01,07-30 20:00:00+02:00,CC NG 07,0.0
2030,sc01,07-30 20:00:00+02:00,Biomass 44,0.04446
2030,sc01,07-30 20:00:00+02:00,CT NG 40,0.0
2030,sc01,07-30 20:00:00+02:00,Solar 74,0.0
2030,sc01,07-30 20:00:00+02:00,Hydro 30,0.0
2030,sc01,07-30 20:00:00+02:00,CT NG 42,0.0
2030,sc01,07-30 20:00:00+02:00,Hydro 22,1.71568062
2030,sc01,07-30 20:00:00+02:00,Solar 17,0.0
2030,sc01,07-30 20:00:00+02:00,Solar 38,0.0
2030,sc01,07-30 20:00:00+02:00,CT NG 24,0.0
2030,sc01,07-30 20:00:00+02:00,CC NG 27,0.0
2030,sc01,07-30 20:00:00+02:00,Biomass 21,0.01406
2030,sc01,07-30 20:00:00+02:00,ICE NG 06,0.0
2030,sc01,07-30 20:00:00+02:00,Biomass 25,0.01178
2030,sc01,07-30 20:00:00+02:00,Solar 27,0.0
2030,sc01,07-30 20:00:00+02:00,CT NG 19,0.0
2030,sc01,07-30 20:00:00+02:00,Biomass 42,0.0475
2030,sc01,07-30 20:00:00+02:00,Biomass 19,0.01406
2030,sc01,07-30 20:00:00+02:00,Biomass 06,0.01748
2030,sc01,07-30 20:00:00+02:00,CT NG 10,0.0
2030,sc01,07-30 20:00:00+02:00,CC NG 40,0.0
2030,sc01,07-30 20:00:00+02:00,CC NG 21,0.0
2030,sc01,07-30 20:00:00+02:00,Biomass 02,0.039900000000000005
2030,sc01,07-30 20:00:00+02:00,CT NG 46,0.0
2030,sc01,07-30 20:00:00+02:00,Hydro 34,0.0
2030,sc01,07-30 20:00:00+02:00,Biomass 10,0.029640000000000003
2030,sc01,07-30 20:00:00+02:00,CT NG 17,0.0
2030,sc01,07-30 20:00:00+02:00,Biomass 62,0.07866
2030,sc01,07-30 20:00:00+02:00,Biomass 32,0.045599999999999995
2030,sc01,07-30 20:00:00+02:00,CC NG 19,0.0
2030,sc01,07-30 20:00:00+02:00,CC NG 17,0.0
2030,sc01,07-30 20:00:00+02:00,ST NG 01,0.0
2030,sc01,07-30 20:00:00+02:00,Biomass 45,0.04446
2030,sc01,07-30 20:00:00+02:00,Biomass 28,0.06422
2030,sc01,07-30 20:00:00+02:00,CC NG 10,0.0
2030,sc01,07-30 20:00:00+02:00,Biomass 23,0.01178
2030,sc01,07-30 20:00:00+02:00,ST NG 06,0.0
2030,sc01,07-30 20:00:00+02:00,Wind 10,2.28109122738
2030,sc01,07-30 20:00:00+02:00,CT NG 69,0.0
2030,sc01,07-30 20:00:00+02:00,CT NG 68,0.0
2030,sc01,08-02 16:00:00+02:00,CC NG 13,0.0
2030,sc01,08-02 16:00:00+02:00,CT NG 37,0.0
2030,sc01,08-02 16:00:00+02:00,ST Coal 01,0.0
2030,sc01,08-02 16:00:00+02:00,CT NG 09,0.0
2030,sc01,08-02 16:00:00+02:00,CT NG 47,0.0
2030,sc01,08-02 16:00:00+02:00,Solar 69,7.259347022500001
2030,sc01,08-02 16:00:00+02:00,Solar 34,8.916017462500001
2030,sc01,08-02 16:00:00+02:00,Solar 73,0.0
2030,sc01,08-02 16:00:00+02:00,Biomass 37,0.0
2030,sc01,08-02 16:00:00+02:00,Hydro 20,0.0
2030,sc01,08-02 16:00:00+02:00,Solar 01,8.80610302
2030,sc01,08-02 16:00:00+02:00,Solar 62,0.0
2030,sc01,08-02 16:00:00+02:00,Solar 02,3.5081755225
2030,sc01,08-02 16:00:00+02:00,CT NG 26,0.0
2030,sc01,08-02 16:00:00+02:00,Biomass 20,0.0095
2030,sc01,08-02 16:00:00+02:00,Wind 16,12.605750997500001
2030,sc01,08-02 16:00:00+02:00,CT NG 66,0.0
2030,sc01,08-02 16:00:00+02:00,Solar 39,0.0
2030,sc01,08-02 16:00:00+02:00,Biomass 41,0.0
2030,sc01,08-02 16:00:00+02:00,Solar 72,2.0237221479999996
2030,sc01,08-02 16:00:00+02:00,ST NG 03,0.0
2030,sc01,08-02 16:00:00+02:00,Hydro 21,0.0
2030,sc01,08-02 16:00:00+02:00,CT NG 03,0.0
2030,sc01,08-02 16:00:00+02:00,CC NG 09,0.0
2030,sc01,08-02 16:00:00+02:00,CT Oil 02,0.0
2030,sc01,08-02 16:00:00+02:00,CT NG 39,0.0
2030,sc01,08-02 16:00:00+02:00,CC NG 08,0.0
2030,sc01,08-02 16:00:00+02:00,Biomass 43,0.0
2030,sc01,08-02 16:00:00+02:00,CT NG 18,0.0
2030,sc01,08-02 16:00:00+02:00,ST NG 07,0.0
2030,sc01,08-02 16:00:00+02:00,Biomass 35,0.0
2030,sc01,08-02 16:00:00+02:00,Solar 32,0.0
2030,sc01,08-02 16:00:00+02:00,Biomass 15,0.00525
2030,sc01,08-02 16:00:00+02:00,CC NG 31,0.0
2030,sc01,08-02 16:00:00+02:00,Solar 16,0.6284263125
2030,sc01,08-02 16:00:00+02:00,Solar 68,9.44662898
2030,sc01,08-02 16:00:00+02:00,CT NG 21,0.0
2030,sc01,08-02 16:00:00+02:00,Wind 11,1.1886143815
2030,sc01,08-02 16:00:00+02:00,CC NG 37,0.0
2030,sc01,08-02 16:00:00+02:00,CT NG 22,0.0
2030,sc01,08-02 16:00:00+02:00,Hydro 16,0.013646
2030,sc01,08-02 16:00:00+02:00,Biomass 59,0.10350000000000001
2030,sc01,08-02 16:00:00+02:00,CC NG 01,0.0
2030,sc01,08-02 16:00:00+02:00,Biomass 16,0.00525
2030,sc01,08-02 16:00:00+02:00,Solar 03,2.47970555875
2030,sc01,08-02 16:00:00+02:00,Solar 44,0.0
2030,sc01,08-02 16:00:00+02:00,CT NG 08,0.0
2030,sc01,08-02 16:00:00+02:00,Wind 05,0.0576683538
2030,sc01,08-02 16:00:00+02:00,Biomass 26,0.042749999999999996
2030,sc01,08-02 16:00:00+02:00,Solar 37,0.0
2030,sc01,08-02 16:00:00+02:00,Biomass 11,0.00925
2030,sc01,08-02 16:00:00+02:00,Solar 59,0.77182620125
2030,sc01,08-02 16:00:00+02:00,CT NG 11,0.0
2030,sc01,08-02 16:00:00+02:00,Biomass 30,0.042749999999999996
2030,sc01,08-02 16:00:00+02:00,Hydro 23,0.0
2030,sc01,08-02 16:00:00+02:00,CC NG 24,0.0
2030,sc01,08-02 16:00:00+02:00,Solar 65,4.502247564999999
2030,sc01,08-02 16:00:00+02:00,CC NG 18,0.0
2030,sc01,08-02 16:00:00+02:00,CT NG 16,0.0
2030,sc01,08-02 16:00:00+02:00,Solar 51,0.0
2030,sc01,08-02 16:00:00+02:00,Wind 06,1.3601358165000001
2030,sc01,08-02 16:00:00+02:00,CC NG 26,0.0
2030,sc01,08-02 16:00:00+02:00,CC NG 23,0.0
2030,sc01,08-02 16:00:00+02:00,CT NG 43,0.0
2030,sc01,08-02 16:00:00+02:00,CC NG 11,0.0
2030,sc01,08-02 16:00:00+02:00,CT NG 02,0.0
2030,sc01,08-02 16:00:00+02:00,CT NG 50,0.0
2030,sc01,08-02 16:00:00+02:00,Hydro 27,0.0
2030,sc01,08-02 16:00:00+02:00,CT NG 13,0.52326
2030,sc01,08-02 16:00:00+02:00,CT NG 25,0.0
2030,sc01,08-02 16:00:00+02:00,CC NG 05,0.0
2030,sc01,08-02 16:00:00+02:00,Solar 04,0.4253042524999999
2030,sc01,08-02 16:00:00+02:00,Solar 30,0.60599871425
2030,sc01,08-02 16:00:00+02:00,Solar 29,0.65488516325
2030,sc01,08-02 16:00:00+02:00,Solar 53,0.0
2030,sc01,08-02 16:00:00+02:00,Solar 21,1.61376573975
2030,sc01,08-02 16:00:00+02:00,Biomass 58,0.051000000000000004
2030,sc01,08-02 16:00:00+02:00,CT NG 74,0.0
2030,sc01,08-02 16:00:00+02:00,Solar 61,0.1289597042
2030,sc01,08-02 16:00:00+02:00,Wind 07,1.1514851587500001
2030,sc01,08-02 16:00:00+02:00,Biomass 31,0.042749999999999996
2030,sc01,08-02 16:00:00+02:00,CT Oil 05,0.0
2030,sc01,08-02 16:00:00+02:00,Biomass 38,0.0
2030,sc01,08-02 16:00:00+02:00,Solar 41,0.0
2030,sc01,08-02 16:00:00+02:00,Biomass 51,0.0
2030,sc01,08-02 16:00:00+02:00,Biomass 55,0.066
2030,sc01,08-02 16:00:00+02:00,Wind 15,1.1648574865
2030,sc01,08-02 16:00:00+02:00,Geo 01,0.0
2030,sc01,08-02 16:00:00+02:00,Biomass 60,0.0675
2030,sc01,08-02 16:00:00+02:00,CT NG 38,0.0
2030,sc01,08-02 16:00:00+02:00,Solar 66,14.647634665
2030,sc01,08-02 16:00:00+02:00,Solar 49,0.0
2030,sc01,08-02 16:00:00+02:00,CT NG 51,0.0
2030,sc01,08-02 16:00:00+02:00,Biomass 18,0.00525
2030,sc01,08-02 16:00:00+02:00,ICE NG 01,0.0
2030,sc01,08-02 16:00:00+02:00,Solar 15,0.9228980014999999
2030,sc01,08-02 16:00:00+02:00,ICE NG 05,0.0
2030,sc01,08-02 16:00:00+02:00,CT Oil 04,0.0
2030,sc01,08-02 16:00:00+02:00,CC NG 20,0.0
2030,sc01,08-02 16:00:00+02:00,Solar 20,0.7653452374999999
2030,sc01,08-02 16:00:00+02:00,Biomass 04,0.0
2030,sc01,08-02 16:00:00+02:00,Wind 02,2.6492018325
2030,sc01,08-02 16:00:00+02:00,Hydro 25,0.0
2030,sc01,08-02 16:00:00+02:00,Solar 75,3.5940043725
2030,sc01,08-02 16:00:00+02:00,Hydro 33,0.0
2030,sc01,08-02 16:00:00+02:00,ST NG 05,0.0
2030,sc01,08-02 16:00:00+02:00,CT NG 07,0.0
2030,sc01,08-02 16:00:00+02:00,Wind 01,0.74996963225
2030,sc01,08-02 16:00:00+02:00,Solar 56,0.0
2030,sc01,08-02 16:00:00+02:00,Biomass 09,0.0215
2030,sc01,08-02 16:00:00+02:00,Biomass 53,0.066
2030,sc01,08-02 16:00:00+02:00,Wind 17,4.269093735
2030,sc01,08-02 16:00:00+02:00,ST NG 08,0.0
2030,sc01,08-02 16:00:00+02:00,Hydro 19,0.0
2030,sc01,08-02 16:00:00+02:00,ST NG 02,0.0
2030,sc01,08-02 16:00:00+02:00,Biomass 01,0.027750000000000004
2030,sc01,08-02 16:00:00+02:00,Biomass 57,0.051000000000000004
2030,sc01,08-02 16:00:00+02:00,CT NG 49,0.0
2030,sc01,08-02 16:00:00+02:00,CT NG 31,0.0
2030,sc01,08-02 16:00:00+02:00,Solar 64,2.3636752139999997
2030,sc01,08-02 16:00:00+02:00,CC NG 33,0.0
2030,sc01,08-02 16:00:00+02:00,Solar 46,0.0
2030,sc01,08-02 16:00:00+02:00,Biomass 12,0.00925
2030,sc01,08-02 16:00:00+02:00,Wind 04,0.061654954399999996
2030,sc01,08-02 16:00:00+02:00,Solar 13,0.0231680886
2030,sc01,08-02 16:00:00+02:00,CT NG 55,0.0
2030,sc01,08-02 16:00:00+02:00,Wind N03,98.83116238035676
2030,sc01,08-02 16:00:00+02:00,CT NG 28,0.0
2030,sc01,08-02 16:00:00+02:00,Wind 09,0.91330126925
2030,sc01,08-02 16:00:00+02:00,Solar 60,1.03114244475
2030,sc01,08-02 16:00:00+02:00,Solar 25,0.16989566
2030,sc01,08-02 16:00:00+02:00,CT NG 23,0.0
2030,sc01,08-02 16:00:00+02:00,ST Other 01,0.0
2030,sc01,08-02 16:00:00+02:00,Solar 70,9.180529055000001
2030,sc01,08-02 16:00:00+02:00,CC NG 34,0.0
2030,sc01,08-02 16:00:00+02:00,Solar 48,0.0
2030,sc01,08-02 16:00:00+02:00,Biomass 56,0.0655
2030,sc01,08-02 16:00:00+02:00,CT NG 36,0.0
2030,sc01,08-02 16:00:00+02:00,Solar 47,0.0
2030,sc01,08-02 16:00:00+02:00,Hydro 17,0.0
2030,sc01,08-02 16:00:00+02:00,Solar 09,1.1260291705
2030,sc01,08-02 16:00:00+02:00,Solar 08,0.2199678536
2030,sc01,08-02 16:00:00+02:00,CT NG 45,0.0
2030,sc01,08-02 16:00:00+02:00,ST NG 04,0.0
2030,sc01,08-02 16:00:00+02:00,Solar 40,0.0
2030,sc01,08-02 16:00:00+02:00,Biomass 47,0.0
2030,sc01,08-02 16:00:00+02:00,Solar 50,0.0
2030,sc01,08-02 16:00:00+02:00,Solar 52,0.0
2030,sc01,08-02 16:00:00+02:00,Solar 63,5.0477020800000005
2030,sc01,08-02 16:00:00+02:00,CC NG 06,0.0
2030,sc01,08-02 16:00:00+02:00,Biomass 39,0.0
2030,sc01,08-02 16:00:00+02:00,Solar 67,3.364853275
2030,sc01,08-02 16:00:00+02:00,Solar 19,0.008762275199999999
2030,sc01,08-02 16:00:00+02:00,Wind 12,5.215567185
2030,sc01,08-02 16:00:00+02:00,Solar 24,0.1267169848
2030,sc01,08-02 16:00:00+02:00,ICE NG 02,0.0
2030,sc01,08-02 16:00:00+02:00,Solar 05,0.0103035014
2030,sc01,08-02 16:00:00+02:00,CT NG 54,0.0
2030,sc01,08-02 16:00:00+02:00,Wind N01,49.481022025
2030,sc01,08-02 16:00:00+02:00,CT NG 27,0.0
2030,sc01,08-02 16:00:00+02:00,CC NG 36,0.0
2030,sc01,08-02 16:00:00+02:00,Wind N02,53.40576408033725
2030,sc01,08-02 16:00:00+02:00,CT NG 52,0.0
2030,sc01,08-02 16:00:00+02:00,Solar 35,0.0
2030,sc01,08-02 16:00:00+02:00,CT NG 05,0.0
2030,sc01,08-02 16:00:00+02:00,Biomass 36,0.0
2030,sc01,08-02 16:00:00+02:00,CT NG 34,0.0
2030,sc01,08-02 16:00:00+02:00,CT Oil 03,0.0
2030,sc01,08-02 16:00:00+02:00,Hydro 35,0.0040938
2030,sc01,08-02 16:00:00+02:00,Solar 14,1.0260547625
2030,sc01,08-02 16:00:00+02:00,CT NG 75,0.0
2030,sc01,08-02 16:00:00+02:00,ST NG 09,0.0
2030,sc01,08-02 16:00:00+02:00,CT NG 56,0.0
2030,sc01,08-02 16:00:00+02:00,Biomass 22,0.0095
2030,sc01,08-02 16:00:00+02:00,Solar 18,1.082244639
2030,sc01,08-02 16:00:00+02:00,Biomass 13,0.00925
2030,sc01,08-02 16:00:00+02:00,CT NG 71,0.0
2030,sc01,08-02 16:00:00+02:00,Solar 58,0.0
2030,sc01,08-02 16:00:00+02:00,Solar 06,0.5817014215
2030,sc01,08-02 16:00:00+02:00,Biomass 08,0.0215
2030,sc01,08-02 16:00:00+02:00,CT NG 72,0.0
2030,sc01,08-02 16:00:00+02:00,Hydro 18,0.0
2030,sc01,08-02 16:00:00+02:00,Solar 10,0.73720885175
2030,sc01,08-02 16:00:00+02:00,CT NG 04,0.0
2030,sc01,08-02 16:00:00+02:00,ST Other 02,0.0
2030,sc01,08-02 16:00:00+02:00,CT NG 12,0.0
2030,sc01,08-02 16:00:00+02:00,CT NG 48,0.0
2030,sc01,08-02 16:00:00+02:00,ST NG 10,0.0
2030,sc01,08-02 16:00:00+02:00,Solar 22,0.6811512975
2030,sc01,08-02 16:00:00+02:00,Solar 28,0.609551092
2030,sc01,08-02 16:00:00+02:00,CT NG 73,0.0
2030,sc01,08-02 16:00:00+02:00,Biomass 52,0.0
2030,sc01,08-02 16:00:00+02:00,CT NG 30,0.0
2030,sc01,08-02 16:00:00+02:00,Solar 54,0.0
2030,sc01,08-02 16:00:00+02:00,Solar 31,0.0
2030,sc01,08-02 16:00:00+02:00,Biomass 03,0.0
2030,sc01,08-02 16:00:00+02:00,CT NG 32,0.0
2030,sc01,08-02 16:00:00+02:00,Biomass 27,0.042749999999999996
2030,sc01,08-02 16:00:00+02:00,CC NG 14,0.0
2030,sc01,08-02 16:00:00+02:00,CC NG 03,0.0
2030,sc01,08-02 16:00:00+02:00,CC NG 29,0.0
2030,sc01,08-02 16:00:00+02:00,CC NG 28,0.0
2030,sc01,08-02 16:00:00+02:00,CC NG 25,0.0
2030,sc01,08-02 16:00:00+02:00,CT NG 44,0.0
2030,sc01,08-02 16:00:00+02:00,CT NG 14,0.331902181648145
2030,sc01,08-02 16:00:00+02:00,CC NG 15,0.0
2030,sc01,08-02 16:00:00+02:00,CC NG 04,0.0
2030,sc01,08-02 16:00:00+02:00,Biomass 29,0.042749999999999996
2030,sc01,08-02 16:00:00+02:00,Wind 14,17.994002125469052
2030,sc01,08-02 16:00:00+02:00,Wind 08,0.9530064375000001
2030,sc01,08-02 16:00:00+02:00,Biomass 61,0.0
2030,sc01,08-02 16:00:00+02:00,CT NG 35,0.0
2030,sc01,08-02 16:00:00+02:00,Solar 33,0.0
2030,sc01,08-02 16:00:00+02:00,CT NG 41,0.0
2030,sc01,08-02 16:00:00+02:00,CT NG 15,0.0
2030,sc01,08-02 16:00:00+02:00,Solar 42,0.0
2030,sc01,08-02 16:00:00+02:00,Solar 07,0.018661705
2030,sc01,08-02 16:00:00+02:00,Solar 43,0.0
2030,sc01,08-02 16:00:00+02:00,Biomass 05,0.012
2030,sc01,08-02 16:00:00+02:00,CT NG 29,0.0
2030,sc01,08-02 16:00:00+02:00,Solar 71,0.0
2030,sc01,08-02 16:00:00+02:00,CT NG 53,0.0
2030,sc01,08-02 16:00:00+02:00,CT NG 20,0.0
2030,sc01,08-02 16:00:00+02:00,Biomass 14,0.0205
2030,sc01,08-02 16:00:00+02:00,Solar 26,0.1573352438
2030,sc01,08-02 16:00:00+02:00,Hydro 29,0.0
2030,sc01,08-02 16:00:00+02:00,Hydro 31,0.006823
2030,sc01,08-02 16:00:00+02:00,Biomass 24,0.0115
2030,sc01,08-02 16:00:00+02:00,Biomass 54,0.066
2030,sc01,08-02 16:00:00+02:00,Solar 36,8.88126605
2030,sc01,08-02 16:00:00+02:00,Wind 03,0.13675729
2030,sc01,08-02 16:00:00+02:00,Biomass 40,0.0
2030,sc01,08-02 16:00:00+02:00,Biomass 49,0.0
2030,sc01,08-02 16:00:00+02:00,CC NG 16,0.0
2030,sc01,08-02 16:00:00+02:00,Biomass 48,0.0
2030,sc01,08-02 16:00:00+02:00,Hydro 28,0.0
2030,sc01,08-02 16:00:00+02:00,Biomass 17,0.00525
2030,sc01,08-02 16:00:00+02:00,CT NG 33,0.0
2030,sc01,08-02 16:00:00+02:00,Solar 45,0.0
2030,sc01,08-02 16:00:00+02:00,Hydro 24,0.0
2030,sc01,08-02 16:00:00+02:00,Wind 13,3.0704366875000004
2030,sc01,08-02 16:00:00+02:00,Biomass 07,0.05
2030,sc01,08-02 16:00:00+02:00,Biomass 34,0.0
2030,sc01,08-02 16:00:00+02:00,Biomass 33,0.0
2030,sc01,08-02 16:00:00+02:00,CT NG 01,0.6153150000000001
2030,sc01,08-02 16:00:00+02:00,ICE NG 03,0.0
2030,sc01,08-02 16:00:00+02:00,Solar 55,0.0
2030,sc01,08-02 16:00:00+02:00,Solar 11,0.17379917
2030,sc01,08-02 16:00:00+02:00,CT NG 06,0.0
2030,sc01,08-02 16:00:00+02:00,CT NG 70,0.0
2030,sc01,08-02 16:00:00+02:00,Solar 23,0.025734642800000002
2030,sc01,08-02 16:00:00+02:00,CT NG 67,0.0
2030,sc01,08-02 16:00:00+02:00,Solar 12,0.13453891899999998
2030,sc01,08-02 16:00:00+02:00,CT Oil 01,0.0
2030,sc01,08-02 16:00:00+02:00,Hydro 26,0.0
2030,sc01,08-02 16:00:00+02:00,CC NG 22,0.0
2030,sc01,08-02 16:00:00+02:00,CC NG 35,0.0
2030,sc01,08-02 16:00:00+02:00,Biomass 50,0.0
2030,sc01,08-02 16:00:00+02:00,ICE NG 04,0.0
2030,sc01,08-02 16:00:00+02:00,CC NG 39,0.0
2030,sc01,08-02 16:00:00+02:00,Hydro 32,0.0081876
2030,sc01,08-02 16:00:00+02:00,ICE NG 07,0.0
2030,sc01,08-02 16:00:00+02:00,Biomass 46,0.0
2030,sc01,08-02 16:00:00+02:00,CC NG 38,0.0
2030,sc01,08-02 16:00:00+02:00,CC NG 12,0.0
2030,sc01,08-02 16:00:00+02:00,Solar 57,0.0
2030,sc01,08-02 16:00:00+02:00,CC NG 32,0.0
2030,sc01,08-02 16:00:00+02:00,CC NG 07,0.0
2030,sc01,08-02 16:00:00+02:00,Biomass 44,0.0
2030,sc01,08-02 16:00:00+02:00,CT NG 40,0.0
2030,sc01,08-02 16:00:00+02:00,Solar 74,4.29133963
2030,sc01,08-02 16:00:00+02:00,Hydro 30,0.0
2030,sc01,08-02 16:00:00+02:00,CT NG 42,0.0
2030,sc01,08-02 16:00:00+02:00,Hydro 22,0.0
2030,sc01,08-02 16:00:00+02:00,Solar 17,0.26388458825
2030,sc01,08-02 16:00:00+02:00,Solar 38,0.0
2030,sc01,08-02 16:00:00+02:00,CT NG 24,0.0
2030,sc01,08-02 16:00:00+02:00,CC NG 27,0.0
2030,sc01,08-02 16:00:00+02:00,Biomass 21,0.0095
2030,sc01,08-02 16:00:00+02:00,ICE NG 06,0.0
2030,sc01,08-02 16:00:00+02:00,Biomass 25,0.0115
2030,sc01,08-02 16:00:00+02:00,Solar 27,0.10298975299999999
2030,sc01,08-02 16:00:00+02:00,CT NG 19,0.0
2030,sc01,08-02 16:00:00+02:00,Biomass 42,0.0
2030,sc01,08-02 16:00:00+02:00,Biomass 19,0.0095
2030,sc01,08-02 16:00:00+02:00,Biomass 06,0.012
2030,sc01,08-02 16:00:00+02:00,CT NG 10,0.0
2030,sc01,08-02 16:00:00+02:00,CC NG 40,0.0
2030,sc01,08-02 16:00:00+02:00,CC NG 21,0.0
2030,sc01,08-02 16:00:00+02:00,Biomass 02,0.027750000000000004
2030,sc01,08-02 16:00:00+02:00,CT NG 46,0.0
2030,sc01,08-02 16:00:00+02:00,Hydro 34,0.0
2030,sc01,08-02 16:00:00+02:00,Biomass 10,0.0215
2030,sc01,08-02 16:00:00+02:00,CT NG 17,0.0
2030,sc01,08-02 16:00:00+02:00,Biomass 62,0.049
2030,sc01,08-02 16:00:00+02:00,Biomass 32,0.0315
2030,sc01,08-02 16:00:00+02:00,CC NG 19,1.6275216940889368
2030,sc01,08-02 16:00:00+02:00,CC NG 17,0.0
2030,sc01,08-02 16:00:00+02:00,ST NG 01,0.0
2030,sc01,08-02 16:00:00+02:00,Biomass 45,0.0
2030,sc01,08-02 16:00:00+02:00,Biomass 28,0.042749999999999996
2030,sc01,08-02 16:00:00+02:00,CC NG 10,0.0
2030,sc01,08-02 16:00:00+02:00,Biomass 23,0.0115
2030,sc01,08-02 16:00:00+02:00,ST NG 06,0.0
2030,sc01,08-02 16:00:00+02:00,Wind 10,0.886457058
2030,sc01,08-02 16:00:00+02:00,CT NG 69,0.0
2030,sc01,08-02 16:00:00+02:00,CT NG 68,0.0
2030,sc01,08-08 14:00:00+02:00,CC NG 13,0.0
2030,sc01,08-08 14:00:00+02:00,CT NG 37,0.0
2030,sc01,08-08 14:00:00+02:00,ST Coal 01,0.0
2030,sc01,08-08 14:00:00+02:00,CT NG 09,0.0
2030,sc01,08-08 14:00:00+02:00,CT NG 47,0.0
2030,sc01,08-08 14:00:00+02:00,Solar 69,0.0
2030,sc01,08-08 14:00:00+02:00,Solar 34,27.267992252199996
2030,sc01,08-08 14:00:00+02:00,Solar 73,0.0
2030,sc01,08-08 14:00:00+02:00,Biomass 37,0.0
2030,sc01,08-08 14:00:00+02:00,Hydro 20,0.0
2030,sc01,08-08 14:00:00+02:00,Solar 01,27.786837297800002
2030,sc01,08-08 14:00:00+02:00,Solar 62,0.0
2030,sc01,08-08 14:00:00+02:00,Solar 02,12.9640952819
2030,sc01,08-08 14:00:00+02:00,CT NG 26,0.0
2030,sc01,08-08 14:00:00+02:00,Biomass 20,0.019110000000000002
2030,sc01,08-08 14:00:00+02:00,Wind 16,15.3007373197
2030,sc01,08-08 14:00:00+02:00,CT NG 66,0.0
2030,sc01,08-08 14:00:00+02:00,Solar 39,0.0
2030,sc01,08-08 14:00:00+02:00,Biomass 41,0.0
2030,sc01,08-08 14:00:00+02:00,Solar 72,0.0
2030,sc01,08-08 14:00:00+02:00,ST NG 03,0.0
2030,sc01,08-08 14:00:00+02:00,Hydro 21,2.2681864800000002
2030,sc01,08-08 14:00:00+02:00,CT NG 03,0.0
2030,sc01,08-08 14:00:00+02:00,CC NG 09,0.0
2030,sc01,08-08 14:00:00+02:00,CT Oil 02,0.0
2030,sc01,08-08 14:00:00+02:00,CT NG 39,0.0
2030,sc01,08-08 14:00:00+02:00,CC NG 08,0.0
2030,sc01,08-08 14:00:00+02:00,Biomass 43,0.0
2030,sc01,08-08 14:00:00+02:00,CT NG 18,0.0
2030,sc01,08-08 14:00:00+02:00,ST NG 07,0.0
2030,sc01,08-08 14:00:00+02:00,Biomass 35,0.0
2030,sc01,08-08 14:00:00+02:00,Solar 32,0.0
2030,sc01,08-08 14:00:00+02:00,Biomass 15,0.01078
2030,sc01,08-08 14:00:00+02:00,CC NG 31,0.0
2030,sc01,08-08 14:00:00+02:00,Solar 16,1.8508794744999997
2030,sc01,08-08 14:00:00+02:00,Solar 68,25.997184310126006
2030,sc01,08-08 14:00:00+02:00,CT NG 21,0.0
2030,sc01,08-08 14:00:00+02:00,Wind 11,2.46307693086
2030,sc01,08-08 14:00:00+02:00,CC NG 37,0.0
2030,sc01,08-08 14:00:00+02:00,CT NG 22,0.0
2030,sc01,08-08 14:00:00+02:00,Hydro 16,0.02544472
2030,sc01,08-08 14:00:00+02:00,Biomass 59,0.20286
2030,sc01,08-08 14:00:00+02:00,CC NG 01,0.0
2030,sc01,08-08 14:00:00+02:00,Biomass 16,0.01078
2030,sc01,08-08 14:00:00+02:00,Solar 03,0.0
2030,sc01,08-08 14:00:00+02:00,Solar 44,0.0
2030,sc01,08-08 14:00:00+02:00,CT NG 08,0.0
2030,sc01,08-08 14:00:00+02:00,Wind 05,0.050827358176
2030,sc01,08-08 14:00:00+02:00,Biomass 26,0.08379
2030,sc01,08-08 14:00:00+02:00,Solar 37,0.0
2030,sc01,08-08 14:00:00+02:00,Biomass 11,0.01617
2030,sc01,08-08 14:00:00+02:00,Solar 59,0.0
2030,sc01,08-08 14:00:00+02:00,CT NG 11,0.0
2030,sc01,08-08 14:00:00+02:00,Biomass 30,0.08379
2030,sc01,08-08 14:00:00+02:00,Hydro 23,0.0
2030,sc01,08-08 14:00:00+02:00,CC NG 24,0.0
2030,sc01,08-08 14:00:00+02:00,Solar 65,17.1771970286
2030,sc01,08-08 14:00:00+02:00,CC NG 18,0.0
2030,sc01,08-08 14:00:00+02:00,CT NG 16,0.0
2030,sc01,08-08 14:00:00+02:00,Solar 51,0.0
2030,sc01,08-08 14:00:00+02:00,Wind 06,3.5533281980000004
2030,sc01,08-08 14:00:00+02:00,CC NG 26,0.0
2030,sc01,08-08 14:00:00+02:00,CC NG 23,0.0
2030,sc01,08-08 14:00:00+02:00,CT NG 43,0.0
2030,sc01,08-08 14:00:00+02:00,CC NG 11,0.0
2030,sc01,08-08 14:00:00+02:00,CT NG 02,0.0
2030,sc01,08-08 14:00:00+02:00,CT NG 50,0.0
2030,sc01,08-08 14:00:00+02:00,Hydro 27,0.0
2030,sc01,08-08 14:00:00+02:00,CT NG 13,0.0
2030,sc01,08-08 14:00:00+02:00,CT NG 25,0.0
2030,sc01,08-08 14:00:00+02:00,CC NG 05,0.0
2030,sc01,08-08 14:00:00+02:00,Solar 04,1.3551197401000001
2030,sc01,08-08 14:00:00+02:00,Solar 30,1.7640000000000002
2030,sc01,08-08 14:00:00+02:00,Solar 29,2.1798997568600003
2030,sc01,08-08 14:00:00+02:00,Solar 53,0.0
2030,sc01,08-08 14:00:00+02:00,Solar 21,5.141838569
2030,sc01,08-08 14:00:00+02:00,Biomass 58,0.10682
2030,sc01,08-08 14:00:00+02:00,CT NG 74,0.0
2030,sc01,08-08 14:00:00+02:00,Solar 61,0.0
2030,sc01,08-08 14:00:00+02:00,Wind 07,2.42948029646
2030,sc01,08-08 14:00:00+02:00,Biomass 31,0.08379
2030,sc01,08-08 14:00:00+02:00,CT Oil 05,0.0
2030,sc01,08-08 14:00:00+02:00,Biomass 38,0.0
2030,sc01,08-08 14:00:00+02:00,Solar 41,0.0
2030,sc01,08-08 14:00:00+02:00,Biomass 51,0.0
2030,sc01,08-08 14:00:00+02:00,Biomass 55,0.0
2030,sc01,08-08 14:00:00+02:00,Wind 15,2.88969433669
2030,sc01,08-08 14:00:00+02:00,Geo 01,0.0
2030,sc01,08-08 14:00:00+02:00,Biomass 60,0.1323
2030,sc01,08-08 14:00:00+02:00,CT NG 38,0.0
2030,sc01,08-08 14:00:00+02:00,Solar 66,33.796528508956555
2030,sc01,08-08 14:00:00+02:00,Solar 49,0.0
2030,sc01,08-08 14:00:00+02:00,CT NG 51,0.0
2030,sc01,08-08 14:00:00+02:00,Biomass 18,0.01078
2030,sc01,08-08 14:00:00+02:00,ICE NG 01,0.0
2030,sc01,08-08 14:00:00+02:00,Solar 15,2.94057087744
2030,sc01,08-08 14:00:00+02:00,ICE NG 05,0.0
2030,sc01,08-08 14:00:00+02:00,CT Oil 04,0.0
2030,sc01,08-08 14:00:00+02:00,CC NG 20,0.0
2030,sc01,08-08 14:00:00+02:00,Solar 20,2.6429323197200003
2030,sc01,08-08 14:00:00+02:00,Biomass 04,0.0
2030,sc01,08-08 14:00:00+02:00,Wind 02,4.8839328882399995
2030,sc01,08-08 14:00:00+02:00,Hydro 25,0.0
2030,sc01,08-08 14:00:00+02:00,Solar 75,0.0
2030,sc01,08-08 14:00:00+02:00,Hydro 33,0.0
2030,sc01,08-08 14:00:00+02:00,ST NG 05,0.0
2030,sc01,08-08 14:00:00+02:00,CT NG 07,0.0
2030,sc01,08-08 14:00:00+02:00,Wind 01,1.6826364589299998
2030,sc01,08-08 14:00:00+02:00,Solar 56,0.0
2030,sc01,08-08 14:00:00+02:00,Biomass 09,0.04018
2030,sc01,08-08 14:00:00+02:00,Biomass 53,0.0
2030,sc01,08-08 14:00:00+02:00,Wind 17,4.1284997628
2030,sc01,08-08 14:00:00+02:00,ST NG 08,0.0
2030,sc01,08-08 14:00:00+02:00,Hydro 19,0.0
2030,sc01,08-08 14:00:00+02:00,ST NG 02,0.0
2030,sc01,08-08 14:00:00+02:00,Biomass 01,0.05439000000000001
2030,sc01,08-08 14:00:00+02:00,Biomass 57,0.10682
2030,sc01,08-08 14:00:00+02:00,CT NG 49,0.0
2030,sc01,08-08 14:00:00+02:00,CT NG 31,0.0
2030,sc01,08-08 14:00:00+02:00,Solar 64,8.232000000000001
2030,sc01,08-08 14:00:00+02:00,CC NG 33,0.0
2030,sc01,08-08 14:00:00+02:00,Solar 46,0.0
2030,sc01,08-08 14:00:00+02:00,Biomass 12,0.01617
2030,sc01,08-08 14:00:00+02:00,Wind 04,0.16815817608800002
2030,sc01,08-08 14:00:00+02:00,Solar 13,0.07381899901599999
2030,sc01,08-08 14:00:00+02:00,CT NG 55,0.0
2030,sc01,08-08 14:00:00+02:00,Wind N03,104.54067308040372
2030,sc01,08-08 14:00:00+02:00,CT NG 28,0.0
2030,sc01,08-08 14:00:00+02:00,Wind 09,0.7832334337100001
2030,sc01,08-08 14:00:00+02:00,Solar 60,0.0
2030,sc01,08-08 14:00:00+02:00,Solar 25,0.54132767542
2030,sc01,08-08 14:00:00+02:00,CT NG 23,0.0
2030,sc01,08-08 14:00:00+02:00,ST Other 01,0.0
2030,sc01,08-08 14:00:00+02:00,Solar 70,47.7226238608
2030,sc01,08-08 14:00:00+02:00,CC NG 34,0.0
2030,sc01,08-08 14:00:00+02:00,Solar 48,0.0
2030,sc01,08-08 14:00:00+02:00,Biomass 56,0.12838000000000002
2030,sc01,08-08 14:00:00+02:00,CT NG 36,0.0
2030,sc01,08-08 14:00:00+02:00,Solar 47,0.0
2030,sc01,08-08 14:00:00+02:00,Hydro 17,0.0
2030,sc01,08-08 14:00:00+02:00,Solar 09,3.5877947303800006
2030,sc01,08-08 14:00:00+02:00,Solar 08,0.0
2030,sc01,08-08 14:00:00+02:00,CT NG 45,0.0
2030,sc01,08-08 14:00:00+02:00,ST NG 04,0.0
2030,sc01,08-08 14:00:00+02:00,Solar 40,0.0
2030,sc01,08-08 14:00:00+02:00,Biomass 47,0.0
2030,sc01,08-08 14:00:00+02:00,Solar 50,0.0
2030,sc01,08-08 14:00:00+02:00,Solar 52,0.0
2030,sc01,08-08 14:00:00+02:00,Solar 63,19.258242007899998
2030,sc01,08-08 14:00:00+02:00,CC NG 06,0.0
2030,sc01,08-08 14:00:00+02:00,Biomass 39,0.0
2030,sc01,08-08 14:00:00+02:00,Solar 67,0.0
2030,sc01,08-08 14:00:00+02:00,Solar 19,0.027918677472
2030,sc01,08-08 14:00:00+02:00,Wind 12,17.0955257543
2030,sc01,08-08 14:00:00+02:00,Solar 24,0.40375022469599997
2030,sc01,08-08 14:00:00+02:00,ICE NG 02,0.0
2030,sc01,08-08 14:00:00+02:00,Solar 05,0.0
2030,sc01,08-08 14:00:00+02:00,CT NG 54,0.0
2030,sc01,08-08 14:00:00+02:00,Wind N01,95.74857120621415
2030,sc01,08-08 14:00:00+02:00,CT NG 27,0.0
2030,sc01,08-08 14:00:00+02:00,CC NG 36,0.0
2030,sc01,08-08 14:00:00+02:00,Wind N02,110.66456604697024
2030,sc01,08-08 14:00:00+02:00,CT NG 52,0.0
2030,sc01,08-08 14:00:00+02:00,Solar 35,0.0
2030,sc01,08-08 14:00:00+02:00,CT NG 05,0.0
2030,sc01,08-08 14:00:00+02:00,Biomass 36,0.0
2030,sc01,08-08 14:00:00+02:00,CT NG 34,0.0
2030,sc01,08-08 14:00:00+02:00,CT Oil 03,0.0
2030,sc01,08-08 14:00:00+02:00,Hydro 35,0.0
2030,sc01,08-08 14:00:00+02:00,Solar 14,3.2692526678000005
2030,sc01,08-08 14:00:00+02:00,CT NG 75,0.0
2030,sc01,08-08 14:00:00+02:00,ST NG 09,0.0
2030,sc01,08-08 14:00:00+02:00,CT NG 56,0.0
2030,sc01,08-08 14:00:00+02:00,Biomass 22,0.019110000000000002
2030,sc01,08-08 14:00:00+02:00,Solar 18,3.4482868779099993
2030,sc01,08-08 14:00:00+02:00,Biomass 13,0.01617
2030,sc01,08-08 14:00:00+02:00,CT NG 71,0.0
2030,sc01,08-08 14:00:00+02:00,Solar 58,0.0
2030,sc01,08-08 14:00:00+02:00,Solar 06,0.0
2030,sc01,08-08 14:00:00+02:00,Biomass 08,0.04018
2030,sc01,08-08 14:00:00+02:00,CT NG 72,0.0
2030,sc01,08-08 14:00:00+02:00,Hydro 18,0.0
2030,sc01,08-08 14:00:00+02:00,Solar 10,2.54577020306
2030,sc01,08-08 14:00:00+02:00,CT NG 04,0.0
2030,sc01,08-08 14:00:00+02:00,ST Other 02,0.0
2030,sc01,08-08 14:00:00+02:00,CT NG 12,0.0
2030,sc01,08-08 14:00:00+02:00,CT NG 48,0.0
2030,sc01,08-08 14:00:00+02:00,ST NG 10,0.0
2030,sc01,08-08 14:00:00+02:00,Solar 22,2.26733117716
2030,sc01,08-08 14:00:00+02:00,Solar 28,2.0289973753
2030,sc01,08-08 14:00:00+02:00,CT NG 73,0.0
2030,sc01,08-08 14:00:00+02:00,Biomass 52,0.0
2030,sc01,08-08 14:00:00+02:00,CT NG 30,0.0
2030,sc01,08-08 14:00:00+02:00,Solar 54,0.0
2030,sc01,08-08 14:00:00+02:00,Solar 31,0.0
2030,sc01,08-08 14:00:00+02:00,Biomass 03,0.0
2030,sc01,08-08 14:00:00+02:00,CT NG 32,0.0
2030,sc01,08-08 14:00:00+02:00,Biomass 27,0.08379
2030,sc01,08-08 14:00:00+02:00,CC NG 14,0.0
2030,sc01,08-08 14:00:00+02:00,CC NG 03,0.0
2030,sc01,08-08 14:00:00+02:00,CC NG 29,0.0
2030,sc01,08-08 14:00:00+02:00,CC NG 28,0.0
2030,sc01,08-08 14:00:00+02:00,CC NG 25,0.0
2030,sc01,08-08 14:00:00+02:00,CT NG 44,0.0
2030,sc01,08-08 14:00:00+02:00,CT NG 14,0.24609787942391154
2030,sc01,08-08 14:00:00+02:00,CC NG 15,0.0
2030,sc01,08-08 14:00:00+02:00,CC NG 04,0.0
2030,sc01,08-08 14:00:00+02:00,Biomass 29,0.08379
2030,sc01,08-08 14:00:00+02:00,Wind 14,0.0
2030,sc01,08-08 14:00:00+02:00,Wind 08,1.0128617863
2030,sc01,08-08 14:00:00+02:00,Biomass 61,0.0
2030,sc01,08-08 14:00:00+02:00,CT NG 35,0.0
2030,sc01,08-08 14:00:00+02:00,Solar 33,0.0
2030,sc01,08-08 14:00:00+02:00,CT NG 41,0.0
2030,sc01,08-08 14:00:00+02:00,CT NG 15,0.0
2030,sc01,08-08 14:00:00+02:00,Solar 42,0.0
2030,sc01,08-08 14:00:00+02:00,Solar 07,0.0
2030,sc01,08-08 14:00:00+02:00,Solar 43,0.0
2030,sc01,08-08 14:00:00+02:00,Biomass 05,0.02352
2030,sc01,08-08 14:00:00+02:00,CT NG 29,0.0
2030,sc01,08-08 14:00:00+02:00,Solar 71,2.5876106197989532
2030,sc01,08-08 14:00:00+02:00,CT NG 53,0.0
2030,sc01,08-08 14:00:00+02:00,CT NG 20,0.0
2030,sc01,08-08 14:00:00+02:00,Biomass 14,0.03626
2030,sc01,08-08 14:00:00+02:00,Solar 26,0.5013072248099999
2030,sc01,08-08 14:00:00+02:00,Hydro 29,0.0
2030,sc01,08-08 14:00:00+02:00,Hydro 31,0.0
2030,sc01,08-08 14:00:00+02:00,Biomass 24,0.013720000000000001
2030,sc01,08-08 14:00:00+02:00,Biomass 54,0.0
2030,sc01,08-08 14:00:00+02:00,Solar 36,28.890912451800002
2030,sc01,08-08 14:00:00+02:00,Wind 03,0.41031330978400005
2030,sc01,08-08 14:00:00+02:00,Biomass 40,0.0
2030,sc01,08-08 14:00:00+02:00,Biomass 49,0.0
2030,sc01,08-08 14:00:00+02:00,CC NG 16,0.0
2030,sc01,08-08 14:00:00+02:00,Biomass 48,0.0
2030,sc01,08-08 14:00:00+02:00,Hydro 28,0.0
2030,sc01,08-08 14:00:00+02:00,Biomass 17,0.01078
2030,sc01,08-08 14:00:00+02:00,CT NG 33,0.0
2030,sc01,08-08 14:00:00+02:00,Solar 45,0.0
2030,sc01,08-08 14:00:00+02:00,Hydro 24,0.0
2030,sc01,08-08 14:00:00+02:00,Wind 13,8.6591189125
2030,sc01,08-08 14:00:00+02:00,Biomass 07,0.098
2030,sc01,08-08 14:00:00+02:00,Biomass 34,0.0
2030,sc01,08-08 14:00:00+02:00,Biomass 33,0.0
2030,sc01,08-08 14:00:00+02:00,CT NG 01,1.2060174000000001
2030,sc01,08-08 14:00:00+02:00,ICE NG 03,0.0
2030,sc01,08-08 14:00:00+02:00,Solar 55,0.0
2030,sc01,08-08 14:00:00+02:00,Solar 11,0.55376518029
2030,sc01,08-08 14:00:00+02:00,CT NG 06,0.0
2030,sc01,08-08 14:00:00+02:00,CT NG 70,0.0
2030,sc01,08-08 14:00:00+02:00,Solar 23,0.081996646648
2030,sc01,08-08 14:00:00+02:00,CT NG 67,0.0
2030,sc01,08-08 14:00:00+02:00,Solar 12,0.42867275326400006
2030,sc01,08-08 14:00:00+02:00,CT Oil 01,0.0
2030,sc01,08-08 14:00:00+02:00,Hydro 26,0.0
2030,sc01,08-08 14:00:00+02:00,CC NG 22,0.0
2030,sc01,08-08 14:00:00+02:00,CC NG 35,0.0
2030,sc01,08-08 14:00:00+02:00,Biomass 50,0.0
2030,sc01,08-08 14:00:00+02:00,ICE NG 04,0.0
2030,sc01,08-08 14:00:00+02:00,CC NG 39,0.0
2030,sc01,08-08 14:00:00+02:00,Hydro 32,0.0
2030,sc01,08-08 14:00:00+02:00,ICE NG 07,0.0
2030,sc01,08-08 14:00:00+02:00,Biomass 46,0.0
2030,sc01,08-08 14:00:00+02:00,CC NG 38,0.0
2030,sc01,08-08 14:00:00+02:00,CC NG 12,0.0
2030,sc01,08-08 14:00:00+02:00,Solar 57,0.0
2030,sc01,08-08 14:00:00+02:00,CC NG 32,0.0
2030,sc01,08-08 14:00:00+02:00,CC NG 07,0.0
2030,sc01,08-08 14:00:00+02:00,Biomass 44,0.0
2030,sc01,08-08 14:00:00+02:00,CT NG 40,0.0
2030,sc01,08-08 14:00:00+02:00,Solar 74,9.8
2030,sc01,08-08 14:00:00+02:00,Hydro 30,0.0
2030,sc01,08-08 14:00:00+02:00,CT NG 42,0.0
2030,sc01,08-08 14:00:00+02:00,Hydro 22,2.2681864800000002
2030,sc01,08-08 14:00:00+02:00,Solar 17,0.84079858618
2030,sc01,08-08 14:00:00+02:00,Solar 38,0.0
2030,sc01,08-08 14:00:00+02:00,CT NG 24,0.0
2030,sc01,08-08 14:00:00+02:00,CC NG 27,0.0
2030,sc01,08-08 14:00:00+02:00,Biomass 21,0.019110000000000002
2030,sc01,08-08 14:00:00+02:00,ICE NG 06,0.0
2030,sc01,08-08 14:00:00+02:00,Biomass 25,0.013720000000000001
2030,sc01,08-08 14:00:00+02:00,Solar 27,0.31714138327200003
2030,sc01,08-08 14:00:00+02:00,CT NG 19,0.0
2030,sc01,08-08 14:00:00+02:00,Biomass 42,0.0
2030,sc01,08-08 14:00:00+02:00,Biomass 19,0.019110000000000002
2030,sc01,08-08 14:00:00+02:00,Biomass 06,0.02352
2030,sc01,08-08 14:00:00+02:00,CT NG 10,0.0
2030,sc01,08-08 14:00:00+02:00,CC NG 40,0.0
2030,sc01,08-08 14:00:00+02:00,CC NG 21,0.0
2030,sc01,08-08 14:00:00+02:00,Biomass 02,0.05439000000000001
2030,sc01,08-08 14:00:00+02:00,CT NG 46,0.0
2030,sc01,08-08 14:00:00+02:00,Hydro 34,0.0
2030,sc01,08-08 14:00:00+02:00,Biomass 10,0.04018
2030,sc01,08-08 14:00:00+02:00,CT NG 17,0.0
2030,sc01,08-08 14:00:00+02:00,Biomass 62,0.0
2030,sc01,08-08 14:00:00+02:00,Biomass 32,0.06027
2030,sc01,08-08 14:00:00+02:00,CC NG 19,0.0
2030,sc01,08-08 14:00:00+02:00,CC NG 17,0.0
2030,sc01,08-08 14:00:00+02:00,ST NG 01,0.0
2030,sc01,08-08 14:00:00+02:00,Biomass 45,0.0
2030,sc01,08-08 14:00:00+02:00,Biomass 28,0.08379
2030,sc01,08-08 14:00:00+02:00,CC NG 10,0.0
2030,sc01,08-08 14:00:00+02:00,Biomass 23,0.013720000000000001
2030,sc01,08-08 14:00:00+02:00,ST NG 06,0.0
2030,sc01,08-08 14:00:00+02:00,Wind 10,0.79112221615
2030,sc01,08-08 14:00:00+02:00,CT NG 69,0.0
2030,sc01,08-08 14:00:00+02:00,CT NG 68,0.0
2030,sc01,08-09 10:00:00+02:00,CC NG 13,0.0
2030,sc01,08-09 10:00:00+02:00,CT NG 37,0.0
2030,sc01,08-09 10:00:00+02:00,ST Coal 01,0.0
2030,sc01,08-09 10:00:00+02:00,CT NG 09,0.0
2030,sc01,08-09 10:00:00+02:00,CT NG 47,0.0
2030,sc01,08-09 10:00:00+02:00,Solar 69,6.455850638076884
2030,sc01,08-09 10:00:00+02:00,Solar 34,6.195835684634608
2030,sc01,08-09 10:00:00+02:00,Solar 73,0.0
2030,sc01,08-09 10:00:00+02:00,Biomass 37,0.0
2030,sc01,08-09 10:00:00+02:00,Hydro 20,0.0
2030,sc01,08-09 10:00:00+02:00,Solar 01,19.438072628700002
2030,sc01,08-09 10:00:00+02:00,Solar 62,0.0
2030,sc01,08-09 10:00:00+02:00,Solar 02,8.136237047400002
2030,sc01,08-09 10:00:00+02:00,CT NG 26,0.0
2030,sc01,08-09 10:00:00+02:00,Biomass 20,0.01254
2030,sc01,08-09 10:00:00+02:00,Wind 16,8.31063852338771
2030,sc01,08-09 10:00:00+02:00,CT NG 66,0.0
2030,sc01,08-09 10:00:00+02:00,Solar 39,0.0
2030,sc01,08-09 10:00:00+02:00,Biomass 41,0.0
2030,sc01,08-09 10:00:00+02:00,Solar 72,0.0
2030,sc01,08-09 10:00:00+02:00,ST NG 03,0.0
2030,sc01,08-09 10:00:00+02:00,Hydro 21,0.9355559400000001
2030,sc01,08-09 10:00:00+02:00,CT NG 03,0.0
2030,sc01,08-09 10:00:00+02:00,CC NG 09,0.0
2030,sc01,08-09 10:00:00+02:00,CT Oil 02,0.0
2030,sc01,08-09 10:00:00+02:00,CT NG 39,0.0
2030,sc01,08-09 10:00:00+02:00,CC NG 08,0.0
2030,sc01,08-09 10:00:00+02:00,Biomass 43,0.0
2030,sc01,08-09 10:00:00+02:00,CT NG 18,0.0
2030,sc01,08-09 10:00:00+02:00,ST NG 07,0.0
2030,sc01,08-09 10:00:00+02:00,Biomass 35,0.0
2030,sc01,08-09 10:00:00+02:00,Solar 32,0.0
2030,sc01,08-09 10:00:00+02:00,Biomass 15,0.00693
2030,sc01,08-09 10:00:00+02:00,CC NG 31,0.0
2030,sc01,08-09 10:00:00+02:00,Solar 16,1.22257986114
2030,sc01,08-09 10:00:00+02:00,Solar 68,0.0
2030,sc01,08-09 10:00:00+02:00,CT NG 21,0.0
2030,sc01,08-09 10:00:00+02:00,Wind 11,1.3746018392700001
2030,sc01,08-09 10:00:00+02:00,CC NG 37,0.0
2030,sc01,08-09 10:00:00+02:00,CT NG 22,0.0
2030,sc01,08-09 10:00:00+02:00,Hydro 16,0.01706496
2030,sc01,08-09 10:00:00+02:00,Biomass 59,0.13662000000000002
2030,sc01,08-09 10:00:00+02:00,CC NG 01,0.0
2030,sc01,08-09 10:00:00+02:00,Biomass 16,0.00693
2030,sc01,08-09 10:00:00+02:00,Solar 03,0.0
2030,sc01,08-09 10:00:00+02:00,Solar 44,0.0
2030,sc01,08-09 10:00:00+02:00,CT NG 08,0.0
2030,sc01,08-09 10:00:00+02:00,Wind 05,0.0
2030,sc01,08-09 10:00:00+02:00,Biomass 26,0.05643
2030,sc01,08-09 10:00:00+02:00,Solar 37,0.0
2030,sc01,08-09 10:00:00+02:00,Biomass 11,0.011879999999999998
2030,sc01,08-09 10:00:00+02:00,Solar 59,0.0
2030,sc01,08-09 10:00:00+02:00,CT NG 11,0.0
2030,sc01,08-09 10:00:00+02:00,Biomass 30,0.05643
2030,sc01,08-09 10:00:00+02:00,Hydro 23,0.0
2030,sc01,08-09 10:00:00+02:00,CC NG 24,0.0
2030,sc01,08-09 10:00:00+02:00,Solar 65,11.8107747186
2030,sc01,08-09 10:00:00+02:00,CC NG 18,0.0
2030,sc01,08-09 10:00:00+02:00,CT NG 16,0.0
2030,sc01,08-09 10:00:00+02:00,Solar 51,0.0
2030,sc01,08-09 10:00:00+02:00,Wind 06,2.01224808906
2030,sc01,08-09 10:00:00+02:00,CC NG 26,0.0
2030,sc01,08-09 10:00:00+02:00,CC NG 23,0.0
2030,sc01,08-09 10:00:00+02:00,CT NG 43,0.0
2030,sc01,08-09 10:00:00+02:00,CC NG 11,0.0
2030,sc01,08-09 10:00:00+02:00,CT NG 02,0.0
2030,sc01,08-09 10:00:00+02:00,CT NG 50,0.0
2030,sc01,08-09 10:00:00+02:00,Hydro 27,0.0
2030,sc01,08-09 10:00:00+02:00,CT NG 13,0.2237263744821783
2030,sc01,08-09 10:00:00+02:00,CT NG 25,0.0
2030,sc01,08-09 10:00:00+02:00,CC NG 05,0.0
2030,sc01,08-09 10:00:00+02:00,Solar 04,0.9788115315
2030,sc01,08-09 10:00:00+02:00,Solar 30,1.1789478082799998
2030,sc01,08-09 10:00:00+02:00,Solar 29,1.60958692653
2030,sc01,08-09 10:00:00+02:00,Solar 53,0.0
2030,sc01,08-09 10:00:00+02:00,Solar 21,3.7139824161000003
2030,sc01,08-09 10:00:00+02:00,Biomass 58,0.07128
2030,sc01,08-09 10:00:00+02:00,CT NG 74,0.0
2030,sc01,08-09 10:00:00+02:00,Solar 61,0.0
2030,sc01,08-09 10:00:00+02:00,Wind 07,1.3343040744
2030,sc01,08-09 10:00:00+02:00,Biomass 31,0.05643
2030,sc01,08-09 10:00:00+02:00,CT Oil 05,0.0
2030,sc01,08-09 10:00:00+02:00,Biomass 38,0.0
2030,sc01,08-09 10:00:00+02:00,Solar 41,0.0
2030,sc01,08-09 10:00:00+02:00,Biomass 51,0.0
2030,sc01,08-09 10:00:00+02:00,Biomass 55,0.0
2030,sc01,08-09 10:00:00+02:00,Wind 15,0.0
2030,sc01,08-09 10:00:00+02:00,Geo 01,0.0
2030,sc01,08-09 10:00:00+02:00,Biomass 60,0.0891
2030,sc01,08-09 10:00:00+02:00,CT NG 38,0.0
2030,sc01,08-09 10:00:00+02:00,Solar 66,25.003589137467298
2030,sc01,08-09 10:00:00+02:00,Solar 49,0.0
2030,sc01,08-09 10:00:00+02:00,CT NG 51,0.0
2030,sc01,08-09 10:00:00+02:00,Biomass 18,0.00693
2030,sc01,08-09 10:00:00+02:00,ICE NG 01,0.0
2030,sc01,08-09 10:00:00+02:00,Solar 15,2.1239928837599997
2030,sc01,08-09 10:00:00+02:00,ICE NG 05,0.0
2030,sc01,08-09 10:00:00+02:00,CT Oil 04,0.0
2030,sc01,08-09 10:00:00+02:00,CC NG 20,0.0
2030,sc01,08-09 10:00:00+02:00,Solar 20,1.7523474404700001
2030,sc01,08-09 10:00:00+02:00,Biomass 04,0.0
2030,sc01,08-09 10:00:00+02:00,Wind 02,2.80618445184
2030,sc01,08-09 10:00:00+02:00,Hydro 25,0.0
2030,sc01,08-09 10:00:00+02:00,Solar 75,0.0
2030,sc01,08-09 10:00:00+02:00,Hydro 33,0.0
2030,sc01,08-09 10:00:00+02:00,ST NG 05,0.0
2030,sc01,08-09 10:00:00+02:00,CT NG 07,0.0
2030,sc01,08-09 10:00:00+02:00,Wind 01,0.9607760177400001
2030,sc01,08-09 10:00:00+02:00,Solar 56,0.0
2030,sc01,08-09 10:00:00+02:00,Biomass 09,0.02706
2030,sc01,08-09 10:00:00+02:00,Biomass 53,0.0
2030,sc01,08-09 10:00:00+02:00,Wind 17,0.0
2030,sc01,08-09 10:00:00+02:00,ST NG 08,0.0
2030,sc01,08-09 10:00:00+02:00,Hydro 19,0.0
2030,sc01,08-09 10:00:00+02:00,ST NG 02,0.0
2030,sc01,08-09 10:00:00+02:00,Biomass 01,0.0363
2030,sc01,08-09 10:00:00+02:00,Biomass 57,0.07128
2030,sc01,08-09 10:00:00+02:00,CT NG 49,0.0
2030,sc01,08-09 10:00:00+02:00,CT NG 31,0.0
2030,sc01,08-09 10:00:00+02:00,Solar 64,5.5440000000000005
2030,sc01,08-09 10:00:00+02:00,CC NG 33,0.0
2030,sc01,08-09 10:00:00+02:00,Solar 46,0.0
2030,sc01,08-09 10:00:00+02:00,Biomass 12,0.011879999999999998
2030,sc01,08-09 10:00:00+02:00,Wind 04,0.07313403028799999
2030,sc01,08-09 10:00:00+02:00,Solar 13,0.053319928464
2030,sc01,08-09 10:00:00+02:00,CT NG 55,0.0
2030,sc01,08-09 10:00:00+02:00,Wind N03,94.06691615609205
2030,sc01,08-09 10:00:00+02:00,CT NG 28,0.0
2030,sc01,08-09 10:00:00+02:00,Wind 09,0.052012564296000006
2030,sc01,08-09 10:00:00+02:00,Solar 60,0.0
2030,sc01,08-09 10:00:00+02:00,Solar 25,0.39100439300999995
2030,sc01,08-09 10:00:00+02:00,CT NG 23,0.0
2030,sc01,08-09 10:00:00+02:00,ST Other 01,0.0
2030,sc01,08-09 10:00:00+02:00,Solar 70,31.4450348784
2030,sc01,08-09 10:00:00+02:00,CC NG 34,0.0
2030,sc01,08-09 10:00:00+02:00,Solar 48,0.0
2030,sc01,08-09 10:00:00+02:00,Biomass 56,0.08712
2030,sc01,08-09 10:00:00+02:00,CT NG 36,0.0
2030,sc01,08-09 10:00:00+02:00,Solar 47,0.0
2030,sc01,08-09 10:00:00+02:00,Hydro 17,0.0
2030,sc01,08-09 10:00:00+02:00,Solar 09,0.0
2030,sc01,08-09 10:00:00+02:00,Solar 08,0.0
2030,sc01,08-09 10:00:00+02:00,CT NG 45,0.0
2030,sc01,08-09 10:00:00+02:00,ST NG 04,0.0
2030,sc01,08-09 10:00:00+02:00,Solar 40,0.0
2030,sc01,08-09 10:00:00+02:00,Biomass 47,0.0
2030,sc01,08-09 10:00:00+02:00,Solar 50,0.0
2030,sc01,08-09 10:00:00+02:00,Solar 52,0.0
2030,sc01,08-09 10:00:00+02:00,Solar 63,13.2416690241
2030,sc01,08-09 10:00:00+02:00,CC NG 06,0.0
2030,sc01,08-09 10:00:00+02:00,Biomass 39,0.0
2030,sc01,08-09 10:00:00+02:00,Solar 67,0.0
2030,sc01,08-09 10:00:00+02:00,Solar 19,0.020165836680000004
2030,sc01,08-09 10:00:00+02:00,Wind 12,8.979573738300001
2030,sc01,08-09 10:00:00+02:00,Solar 24,0.291631332696
2030,sc01,08-09 10:00:00+02:00,ICE NG 02,0.0
2030,sc01,08-09 10:00:00+02:00,Solar 05,0.0
2030,sc01,08-09 10:00:00+02:00,CT NG 54,0.0
2030,sc01,08-09 10:00:00+02:00,Wind N01,64.5472523672175
2030,sc01,08-09 10:00:00+02:00,CT NG 27,0.0
2030,sc01,08-09 10:00:00+02:00,CC NG 36,0.0
2030,sc01,08-09 10:00:00+02:00,Wind N02,74.6120974584211
2030,sc01,08-09 10:00:00+02:00,CT NG 52,0.0
2030,sc01,08-09 10:00:00+02:00,Solar 35,0.0
2030,sc01,08-09 10:00:00+02:00,CT NG 05,0.0
2030,sc01,08-09 10:00:00+02:00,Biomass 36,0.0
2030,sc01,08-09 10:00:00+02:00,CT NG 34,0.0
2030,sc01,08-09 10:00:00+02:00,CT Oil 03,0.0
2030,sc01,08-09 10:00:00+02:00,Hydro 35,0.0
2030,sc01,08-09 10:00:00+02:00,Solar 14,2.3614018131
2030,sc01,08-09 10:00:00+02:00,CT NG 75,0.0
2030,sc01,08-09 10:00:00+02:00,ST NG 09,0.0
2030,sc01,08-09 10:00:00+02:00,CT NG 56,0.0
2030,sc01,08-09 10:00:00+02:00,Biomass 22,0.01254
2030,sc01,08-09 10:00:00+02:00,Solar 18,2.49071935167
2030,sc01,08-09 10:00:00+02:00,Biomass 13,0.011879999999999998
2030,sc01,08-09 10:00:00+02:00,CT NG 71,0.0
2030,sc01,08-09 10:00:00+02:00,Solar 58,0.0
2030,sc01,08-09 10:00:00+02:00,Solar 06,0.0
2030,sc01,08-09 10:00:00+02:00,Biomass 08,0.02706
2030,sc01,08-09 10:00:00+02:00,CT NG 72,0.0
2030,sc01,08-09 10:00:00+02:00,Hydro 18,0.0
2030,sc01,08-09 10:00:00+02:00,Solar 10,1.68792589416
2030,sc01,08-09 10:00:00+02:00,CT NG 04,0.0
2030,sc01,08-09 10:00:00+02:00,ST Other 02,0.0
2030,sc01,08-09 10:00:00+02:00,CT NG 12,0.0
2030,sc01,08-09 10:00:00+02:00,CT NG 48,0.0
2030,sc01,08-09 10:00:00+02:00,ST NG 10,0.0
2030,sc01,08-09 10:00:00+02:00,Solar 22,1.67414423913
2030,sc01,08-09 10:00:00+02:00,Solar 28,1.4981641418699998
2030,sc01,08-09 10:00:00+02:00,CT NG 73,0.0
2030,sc01,08-09 10:00:00+02:00,Biomass 52,0.0
2030,sc01,08-09 10:00:00+02:00,CT NG 30,0.0
2030,sc01,08-09 10:00:00+02:00,Solar 54,0.0
2030,sc01,08-09 10:00:00+02:00,Solar 31,0.0
2030,sc01,08-09 10:00:00+02:00,Biomass 03,0.0
2030,sc01,08-09 10:00:00+02:00,CT NG 32,0.0
2030,sc01,08-09 10:00:00+02:00,Biomass 27,0.05643
2030,sc01,08-09 10:00:00+02:00,CC NG 14,0.0
2030,sc01,08-09 10:00:00+02:00,CC NG 03,0.0
2030,sc01,08-09 10:00:00+02:00,CC NG 29,0.0
2030,sc01,08-09 10:00:00+02:00,CC NG 28,0.0
2030,sc01,08-09 10:00:00+02:00,CC NG 25,0.0
2030,sc01,08-09 10:00:00+02:00,CT NG 44,0.0
2030,sc01,08-09 10:00:00+02:00,CT NG 14,0.6907032
2030,sc01,08-09 10:00:00+02:00,CC NG 15,0.0
2030,sc01,08-09 10:00:00+02:00,CC NG 04,0.0
2030,sc01,08-09 10:00:00+02:00,Biomass 29,0.05643
2030,sc01,08-09 10:00:00+02:00,Wind 14,0.0
2030,sc01,08-09 10:00:00+02:00,Wind 08,0.055783742255999996
2030,sc01,08-09 10:00:00+02:00,Biomass 61,0.0
2030,sc01,08-09 10:00:00+02:00,CT NG 35,0.0
2030,sc01,08-09 10:00:00+02:00,Solar 33,0.0
2030,sc01,08-09 10:00:00+02:00,CT NG 41,0.0
2030,sc01,08-09 10:00:00+02:00,CT NG 15,0.0
2030,sc01,08-09 10:00:00+02:00,Solar 42,0.0
2030,sc01,08-09 10:00:00+02:00,Solar 07,0.0
2030,sc01,08-09 10:00:00+02:00,Solar 43,0.0
2030,sc01,08-09 10:00:00+02:00,Biomass 05,0.01584
2030,sc01,08-09 10:00:00+02:00,CT NG 29,0.0
2030,sc01,08-09 10:00:00+02:00,Solar 71,0.0
2030,sc01,08-09 10:00:00+02:00,CT NG 53,0.0
2030,sc01,08-09 10:00:00+02:00,CT NG 20,0.0
2030,sc01,08-09 10:00:00+02:00,Biomass 14,0.0264
2030,sc01,08-09 10:00:00+02:00,Solar 26,0.36209736882000004
2030,sc01,08-09 10:00:00+02:00,Hydro 29,0.0
2030,sc01,08-09 10:00:00+02:00,Hydro 31,0.0
2030,sc01,08-09 10:00:00+02:00,Biomass 24,0.009240000000000002
2030,sc01,08-09 10:00:00+02:00,Biomass 54,0.0
2030,sc01,08-09 10:00:00+02:00,Solar 36,28.497701971199998
2030,sc01,08-09 10:00:00+02:00,Wind 03,0.20258076168
2030,sc01,08-09 10:00:00+02:00,Biomass 40,0.0
2030,sc01,08-09 10:00:00+02:00,Biomass 49,0.0
2030,sc01,08-09 10:00:00+02:00,CC NG 16,0.0
2030,sc01,08-09 10:00:00+02:00,Biomass 48,0.0
2030,sc01,08-09 10:00:00+02:00,Hydro 28,0.0
2030,sc01,08-09 10:00:00+02:00,Biomass 17,0.00693
2030,sc01,08-09 10:00:00+02:00,CT NG 33,0.0
2030,sc01,08-09 10:00:00+02:00,Solar 45,0.0
2030,sc01,08-09 10:00:00+02:00,Hydro 24,0.0
2030,sc01,08-09 10:00:00+02:00,Wind 13,4.7592348474
2030,sc01,08-09 10:00:00+02:00,Biomass 07,0.066
2030,sc01,08-09 10:00:00+02:00,Biomass 34,0.0
2030,sc01,08-09 10:00:00+02:00,Biomass 33,0.0
2030,sc01,08-09 10:00:00+02:00,CT NG 01,0.8122158
2030,sc01,08-09 10:00:00+02:00,ICE NG 03,0.0
2030,sc01,08-09 10:00:00+02:00,Solar 55,0.0
2030,sc01,08-09 10:00:00+02:00,Solar 11,0.39998808102
2030,sc01,08-09 10:00:00+02:00,CT NG 06,0.0
2030,sc01,08-09 10:00:00+02:00,CT NG 70,0.0
2030,sc01,08-09 10:00:00+02:00,Solar 23,0.059226694824000004
2030,sc01,08-09 10:00:00+02:00,CT NG 67,0.0
2030,sc01,08-09 10:00:00+02:00,Solar 12,0.30963303228
2030,sc01,08-09 10:00:00+02:00,CT Oil 01,0.0
2030,sc01,08-09 10:00:00+02:00,Hydro 26,0.0
2030,sc01,08-09 10:00:00+02:00,CC NG 22,0.0
2030,sc01,08-09 10:00:00+02:00,CC NG 35,0.0
2030,sc01,08-09 10:00:00+02:00,Biomass 50,0.0
2030,sc01,08-09 10:00:00+02:00,ICE NG 04,0.0
2030,sc01,08-09 10:00:00+02:00,CC NG 39,0.0
2030,sc01,08-09 10:00:00+02:00,Hydro 32,0.0
2030,sc01,08-09 10:00:00+02:00,ICE NG 07,0.0
2030,sc01,08-09 10:00:00+02:00,Biomass 46,0.0
2030,sc01,08-09 10:00:00+02:00,CC NG 38,0.0
2030,sc01,08-09 10:00:00+02:00,CC NG 12,0.0
2030,sc01,08-09 10:00:00+02:00,Solar 57,0.0
2030,sc01,08-09 10:00:00+02:00,CC NG 32,0.0
2030,sc01,08-09 10:00:00+02:00,CC NG 07,0.0
2030,sc01,08-09 10:00:00+02:00,Biomass 44,0.0
2030,sc01,08-09 10:00:00+02:00,CT NG 40,0.0
2030,sc01,08-09 10:00:00+02:00,Solar 74,6.6000000000000005
2030,sc01,08-09 10:00:00+02:00,Hydro 30,0.0
2030,sc01,08-09 10:00:00+02:00,CT NG 42,0.0
2030,sc01,08-09 10:00:00+02:00,Hydro 22,0.9355559400000001
2030,sc01,08-09 10:00:00+02:00,Solar 17,0.6073141199400001
2030,sc01,08-09 10:00:00+02:00,Solar 38,0.0
2030,sc01,08-09 10:00:00+02:00,CT NG 24,0.0
2030,sc01,08-09 10:00:00+02:00,CC NG 27,0.0
2030,sc01,08-09 10:00:00+02:00,Biomass 21,0.01254
2030,sc01,08-09 10:00:00+02:00,ICE NG 06,0.0
2030,sc01,08-09 10:00:00+02:00,Biomass 25,0.009240000000000002
2030,sc01,08-09 10:00:00+02:00,Solar 27,0.23097006926400002
2030,sc01,08-09 10:00:00+02:00,CT NG 19,0.0
2030,sc01,08-09 10:00:00+02:00,Biomass 42,0.0
2030,sc01,08-09 10:00:00+02:00,Biomass 19,0.01254
2030,sc01,08-09 10:00:00+02:00,Biomass 06,0.01584
2030,sc01,08-09 10:00:00+02:00,CT NG 10,0.0
2030,sc01,08-09 10:00:00+02:00,CC NG 40,0.0
2030,sc01,08-09 10:00:00+02:00,CC NG 21,0.0
2030,sc01,08-09 10:00:00+02:00,Biomass 02,0.0363
2030,sc01,08-09 10:00:00+02:00,CT NG 46,0.0
2030,sc01,08-09 10:00:00+02:00,Hydro 34,0.0
2030,sc01,08-09 10:00:00+02:00,Biomass 10,0.02706
2030,sc01,08-09 10:00:00+02:00,CT NG 17,0.0
2030,sc01,08-09 10:00:00+02:00,Biomass 62,0.0
2030,sc01,08-09 10:00:00+02:00,Biomass 32,0.04059
2030,sc01,08-09 10:00:00+02:00,CC NG 19,0.0
2030,sc01,08-09 10:00:00+02:00,CC NG 17,0.0
2030,sc01,08-09 10:00:00+02:00,ST NG 01,0.0
2030,sc01,08-09 10:00:00+02:00,Biomass 45,0.0
2030,sc01,08-09 10:00:00+02:00,Biomass 28,0.05643
2030,sc01,08-09 10:00:00+02:00,CC NG 10,0.0
2030,sc01,08-09 10:00:00+02:00,Biomass 23,0.009240000000000002
2030,sc01,08-09 10:00:00+02:00,ST NG 06,0.0
2030,sc01,08-09 10:00:00+02:00,Wind 10,0.056853147648
2030,sc01,08-09 10:00:00+02:00,CT NG 69,0.0
2030,sc01,08-09 10:00:00+02:00,CT NG 68,0.0
2030,sc01,08-10 07:00:00+02:00,CC NG 13,0.0
2030,sc01,08-10 07:00:00+02:00,CT NG 37,0.0
2030,sc01,08-10 07:00:00+02:00,ST Coal 01,0.0
2030,sc01,08-10 07:00:00+02:00,CT NG 09,0.0
2030,sc01,08-10 07:00:00+02:00,CT NG 47,0.0
2030,sc01,08-10 07:00:00+02:00,Solar 69,0.0
2030,sc01,08-10 07:00:00+02:00,Solar 34,6.0037528416
2030,sc01,08-10 07:00:00+02:00,Solar 73,0.0
2030,sc01,08-10 07:00:00+02:00,Biomass 37,0.0
2030,sc01,08-10 07:00:00+02:00,Hydro 20,0.0
2030,sc01,08-10 07:00:00+02:00,Solar 01,3.1953944448000002
2030,sc01,08-10 07:00:00+02:00,Solar 62,0.0
2030,sc01,08-10 07:00:00+02:00,Solar 02,1.6807856688
2030,sc01,08-10 07:00:00+02:00,CT NG 26,0.0
2030,sc01,08-10 07:00:00+02:00,Biomass 20,0.0057599999999999995
2030,sc01,08-10 07:00:00+02:00,Wind 16,10.902459117120085
2030,sc01,08-10 07:00:00+02:00,CT NG 66,0.0
2030,sc01,08-10 07:00:00+02:00,Solar 39,0.0
2030,sc01,08-10 07:00:00+02:00,Biomass 41,0.0
2030,sc01,08-10 07:00:00+02:00,Solar 72,0.0
2030,sc01,08-10 07:00:00+02:00,ST NG 03,0.0
2030,sc01,08-10 07:00:00+02:00,Hydro 21,0.0
2030,sc01,08-10 07:00:00+02:00,CT NG 03,0.0
2030,sc01,08-10 07:00:00+02:00,CC NG 09,0.0
2030,sc01,08-10 07:00:00+02:00,CT Oil 02,0.0
2030,sc01,08-10 07:00:00+02:00,CT NG 39,0.0
2030,sc01,08-10 07:00:00+02:00,CC NG 08,0.0
2030,sc01,08-10 07:00:00+02:00,Biomass 43,0.0
2030,sc01,08-10 07:00:00+02:00,CT NG 18,0.0
2030,sc01,08-10 07:00:00+02:00,ST NG 07,0.0
2030,sc01,08-10 07:00:00+02:00,Biomass 35,0.0
2030,sc01,08-10 07:00:00+02:00,Solar 32,0.0
2030,sc01,08-10 07:00:00+02:00,Biomass 15,0.0
2030,sc01,08-10 07:00:00+02:00,CC NG 31,0.0
2030,sc01,08-10 07:00:00+02:00,Solar 16,0.21096310576
2030,sc01,08-10 07:00:00+02:00,Solar 68,0.0
2030,sc01,08-10 07:00:00+02:00,CT NG 21,0.0
2030,sc01,08-10 07:00:00+02:00,Wind 11,0.18314572704
2030,sc01,08-10 07:00:00+02:00,CC NG 37,0.0
2030,sc01,08-10 07:00:00+02:00,CT NG 22,0.0
2030,sc01,08-10 07:00:00+02:00,Hydro 16,0.007824639999999999
2030,sc01,08-10 07:00:00+02:00,Biomass 59,0.06624000000000001
2030,sc01,08-10 07:00:00+02:00,CC NG 01,0.0
2030,sc01,08-10 07:00:00+02:00,Biomass 16,0.0
2030,sc01,08-10 07:00:00+02:00,Solar 03,1.0201788192
2030,sc01,08-10 07:00:00+02:00,Solar 44,0.0
2030,sc01,08-10 07:00:00+02:00,CT NG 08,0.0
2030,sc01,08-10 07:00:00+02:00,Wind 05,0.0
2030,sc01,08-10 07:00:00+02:00,Biomass 26,0.027039999999999998
2030,sc01,08-10 07:00:00+02:00,Solar 37,0.0
2030,sc01,08-10 07:00:00+02:00,Biomass 11,0.00608
2030,sc01,08-10 07:00:00+02:00,Solar 59,0.0
2030,sc01,08-10 07:00:00+02:00,CT NG 11,0.0
2030,sc01,08-10 07:00:00+02:00,Biomass 30,0.027039999999999998
2030,sc01,08-10 07:00:00+02:00,Hydro 23,0.0
2030,sc01,08-10 07:00:00+02:00,CC NG 24,0.0
2030,sc01,08-10 07:00:00+02:00,Solar 65,4.435048696
2030,sc01,08-10 07:00:00+02:00,CC NG 18,0.0
2030,sc01,08-10 07:00:00+02:00,CT NG 16,0.0
2030,sc01,08-10 07:00:00+02:00,Solar 51,0.0
2030,sc01,08-10 07:00:00+02:00,Wind 06,0.45746946480000006
2030,sc01,08-10 07:00:00+02:00,CC NG 26,0.0
2030,sc01,08-10 07:00:00+02:00,CC NG 23,0.0
2030,sc01,08-10 07:00:00+02:00,CT NG 43,0.0
2030,sc01,08-10 07:00:00+02:00,CC NG 11,0.0
2030,sc01,08-10 07:00:00+02:00,CT NG 02,0.0
2030,sc01,08-10 07:00:00+02:00,CT NG 50,0.0
2030,sc01,08-10 07:00:00+02:00,Hydro 27,0.0
2030,sc01,08-10 07:00:00+02:00,CT NG 13,0.0
2030,sc01,08-10 07:00:00+02:00,CT NG 25,0.0
2030,sc01,08-10 07:00:00+02:00,CC NG 05,0.0
2030,sc01,08-10 07:00:00+02:00,Solar 04,0.24936008032
2030,sc01,08-10 07:00:00+02:00,Solar 30,0.20343414704
2030,sc01,08-10 07:00:00+02:00,Solar 29,0.26105975104
2030,sc01,08-10 07:00:00+02:00,Solar 53,0.0
2030,sc01,08-10 07:00:00+02:00,Solar 21,0.9461667779199999
2030,sc01,08-10 07:00:00+02:00,Biomass 58,0.032159999999999994
2030,sc01,08-10 07:00:00+02:00,CT NG 74,0.0
2030,sc01,08-10 07:00:00+02:00,Solar 61,0.0
2030,sc01,08-10 07:00:00+02:00,Wind 07,0.131971725696
2030,sc01,08-10 07:00:00+02:00,Biomass 31,0.027039999999999998
2030,sc01,08-10 07:00:00+02:00,CT Oil 05,0.0
2030,sc01,08-10 07:00:00+02:00,Biomass 38,0.0
2030,sc01,08-10 07:00:00+02:00,Solar 41,0.0
2030,sc01,08-10 07:00:00+02:00,Biomass 51,0.0
2030,sc01,08-10 07:00:00+02:00,Biomass 55,0.03936
2030,sc01,08-10 07:00:00+02:00,Wind 15,0.0
2030,sc01,08-10 07:00:00+02:00,Geo 01,0.0
2030,sc01,08-10 07:00:00+02:00,Biomass 60,0.0432
2030,sc01,08-10 07:00:00+02:00,CT NG 38,0.0
2030,sc01,08-10 07:00:00+02:00,Solar 66,7.6685693087999995
2030,sc01,08-10 07:00:00+02:00,Solar 49,0.0
2030,sc01,08-10 07:00:00+02:00,CT NG 51,0.0
2030,sc01,08-10 07:00:00+02:00,Biomass 18,0.0
2030,sc01,08-10 07:00:00+02:00,ICE NG 01,0.0
2030,sc01,08-10 07:00:00+02:00,Solar 15,0.54110420544
2030,sc01,08-10 07:00:00+02:00,ICE NG 05,0.0
2030,sc01,08-10 07:00:00+02:00,CT Oil 04,0.0
2030,sc01,08-10 07:00:00+02:00,CC NG 20,0.0
2030,sc01,08-10 07:00:00+02:00,Solar 20,0.37500523936
2030,sc01,08-10 07:00:00+02:00,Biomass 04,0.0
2030,sc01,08-10 07:00:00+02:00,Wind 02,0.46284961664
2030,sc01,08-10 07:00:00+02:00,Hydro 25,0.0
2030,sc01,08-10 07:00:00+02:00,Solar 75,0.0
2030,sc01,08-10 07:00:00+02:00,Hydro 33,0.0
2030,sc01,08-10 07:00:00+02:00,ST NG 05,0.0
2030,sc01,08-10 07:00:00+02:00,CT NG 07,0.0
2030,sc01,08-10 07:00:00+02:00,Wind 01,0.125541523456
2030,sc01,08-10 07:00:00+02:00,Solar 56,0.0
2030,sc01,08-10 07:00:00+02:00,Biomass 09,0.012320000000000001
2030,sc01,08-10 07:00:00+02:00,Biomass 53,0.03936
2030,sc01,08-10 07:00:00+02:00,Wind 17,0.0
2030,sc01,08-10 07:00:00+02:00,ST NG 08,0.0
2030,sc01,08-10 07:00:00+02:00,Hydro 19,0.0
2030,sc01,08-10 07:00:00+02:00,ST NG 02,0.0
2030,sc01,08-10 07:00:00+02:00,Biomass 01,0.01648
2030,sc01,08-10 07:00:00+02:00,Biomass 57,0.032159999999999994
2030,sc01,08-10 07:00:00+02:00,CT NG 49,0.0
2030,sc01,08-10 07:00:00+02:00,CT NG 31,0.0
2030,sc01,08-10 07:00:00+02:00,Solar 64,2.3283958784000003
2030,sc01,08-10 07:00:00+02:00,CC NG 33,0.0
2030,sc01,08-10 07:00:00+02:00,Solar 46,0.0
2030,sc01,08-10 07:00:00+02:00,Biomass 12,0.00608
2030,sc01,08-10 07:00:00+02:00,Wind 04,0.012171436544
2030,sc01,08-10 07:00:00+02:00,Solar 13,0.013583678976
2030,sc01,08-10 07:00:00+02:00,CT NG 55,0.0
2030,sc01,08-10 07:00:00+02:00,Wind N03,75.98654525793106
2030,sc01,08-10 07:00:00+02:00,CT NG 28,0.0
2030,sc01,08-10 07:00:00+02:00,Wind 09,0.014606205952
2030,sc01,08-10 07:00:00+02:00,Solar 60,0.0
2030,sc01,08-10 07:00:00+02:00,Solar 25,0.099611501952
2030,sc01,08-10 07:00:00+02:00,CT NG 23,0.0
2030,sc01,08-10 07:00:00+02:00,ST Other 01,0.0
2030,sc01,08-10 07:00:00+02:00,Solar 70,6.4985367711999995
2030,sc01,08-10 07:00:00+02:00,CC NG 34,0.0
2030,sc01,08-10 07:00:00+02:00,Solar 48,0.0
2030,sc01,08-10 07:00:00+02:00,Biomass 56,0.03968
2030,sc01,08-10 07:00:00+02:00,CT NG 36,0.0
2030,sc01,08-10 07:00:00+02:00,Solar 47,0.0
2030,sc01,08-10 07:00:00+02:00,Hydro 17,0.0
2030,sc01,08-10 07:00:00+02:00,Solar 09,0.6602020144
2030,sc01,08-10 07:00:00+02:00,Solar 08,0.12896932326399999
2030,sc01,08-10 07:00:00+02:00,CT NG 45,0.0
2030,sc01,08-10 07:00:00+02:00,ST NG 04,0.0
2030,sc01,08-10 07:00:00+02:00,Solar 40,0.0
2030,sc01,08-10 07:00:00+02:00,Biomass 47,0.0
2030,sc01,08-10 07:00:00+02:00,Solar 50,0.0
2030,sc01,08-10 07:00:00+02:00,Solar 52,0.0
2030,sc01,08-10 07:00:00+02:00,Solar 63,4.9723619616
2030,sc01,08-10 07:00:00+02:00,CC NG 06,0.0
2030,sc01,08-10 07:00:00+02:00,Biomass 39,0.0
2030,sc01,08-10 07:00:00+02:00,Solar 67,3.3146307296
2030,sc01,08-10 07:00:00+02:00,Solar 19,0.005137408512
2030,sc01,08-10 07:00:00+02:00,Wind 12,1.758029424
2030,sc01,08-10 07:00:00+02:00,Solar 24,0.074295418624
2030,sc01,08-10 07:00:00+02:00,ICE NG 02,0.0
2030,sc01,08-10 07:00:00+02:00,Solar 05,0.006041044608
2030,sc01,08-10 07:00:00+02:00,CT NG 54,0.0
2030,sc01,08-10 07:00:00+02:00,Wind N01,16.678740688
2030,sc01,08-10 07:00:00+02:00,CT NG 27,0.0
2030,sc01,08-10 07:00:00+02:00,CC NG 36,0.0
2030,sc01,08-10 07:00:00+02:00,Wind N02,32.157677485337544
2030,sc01,08-10 07:00:00+02:00,CT NG 52,0.0
2030,sc01,08-10 07:00:00+02:00,Solar 35,0.0
2030,sc01,08-10 07:00:00+02:00,CT NG 05,0.0
2030,sc01,08-10 07:00:00+02:00,Biomass 36,0.0
2030,sc01,08-10 07:00:00+02:00,CT NG 34,0.0
2030,sc01,08-10 07:00:00+02:00,CT Oil 03,0.0
2030,sc01,08-10 07:00:00+02:00,Hydro 35,0.0023473920000000002
2030,sc01,08-10 07:00:00+02:00,Solar 14,0.60158603232
2030,sc01,08-10 07:00:00+02:00,CT NG 75,0.0
2030,sc01,08-10 07:00:00+02:00,ST NG 09,0.0
2030,sc01,08-10 07:00:00+02:00,CT NG 56,0.0
2030,sc01,08-10 07:00:00+02:00,Biomass 22,0.0057599999999999995
2030,sc01,08-10 07:00:00+02:00,Solar 18,0.63453071152
2030,sc01,08-10 07:00:00+02:00,Biomass 13,0.00608
2030,sc01,08-10 07:00:00+02:00,CT NG 71,0.0
2030,sc01,08-10 07:00:00+02:00,Solar 58,0.0
2030,sc01,08-10 07:00:00+02:00,Solar 06,0.20237968192
2030,sc01,08-10 07:00:00+02:00,Biomass 08,0.012320000000000001
2030,sc01,08-10 07:00:00+02:00,CT NG 72,0.0
2030,sc01,08-10 07:00:00+02:00,Hydro 18,0.0
2030,sc01,08-10 07:00:00+02:00,Solar 10,0.36121892240000003
2030,sc01,08-10 07:00:00+02:00,CT NG 04,0.0
2030,sc01,08-10 07:00:00+02:00,ST Other 02,0.0
2030,sc01,08-10 07:00:00+02:00,CT NG 12,0.0
2030,sc01,08-10 07:00:00+02:00,CT NG 48,0.0
2030,sc01,08-10 07:00:00+02:00,ST NG 10,0.0
2030,sc01,08-10 07:00:00+02:00,Solar 22,0.27153033552
2030,sc01,08-10 07:00:00+02:00,Solar 28,0.24298803104000002
2030,sc01,08-10 07:00:00+02:00,CT NG 73,0.0
2030,sc01,08-10 07:00:00+02:00,Biomass 52,0.0
2030,sc01,08-10 07:00:00+02:00,CT NG 30,0.0
2030,sc01,08-10 07:00:00+02:00,Solar 54,0.0
2030,sc01,08-10 07:00:00+02:00,Solar 31,0.0
2030,sc01,08-10 07:00:00+02:00,Biomass 03,0.0
2030,sc01,08-10 07:00:00+02:00,CT NG 32,0.0
2030,sc01,08-10 07:00:00+02:00,Biomass 27,0.027039999999999998
2030,sc01,08-10 07:00:00+02:00,CC NG 14,0.0
2030,sc01,08-10 07:00:00+02:00,CC NG 03,0.0
2030,sc01,08-10 07:00:00+02:00,CC NG 29,0.0
2030,sc01,08-10 07:00:00+02:00,CC NG 28,0.0
2030,sc01,08-10 07:00:00+02:00,CC NG 25,0.0
2030,sc01,08-10 07:00:00+02:00,CT NG 44,0.0
2030,sc01,08-10 07:00:00+02:00,CT NG 14,0.0
2030,sc01,08-10 07:00:00+02:00,CC NG 15,0.0
2030,sc01,08-10 07:00:00+02:00,CC NG 04,0.0
2030,sc01,08-10 07:00:00+02:00,Biomass 29,0.027039999999999998
2030,sc01,08-10 07:00:00+02:00,Wind 14,0.0
2030,sc01,08-10 07:00:00+02:00,Wind 08,0.019752184832000003
2030,sc01,08-10 07:00:00+02:00,Biomass 61,0.0
2030,sc01,08-10 07:00:00+02:00,CT NG 35,0.0
2030,sc01,08-10 07:00:00+02:00,Solar 33,0.0
2030,sc01,08-10 07:00:00+02:00,CT NG 41,0.0
2030,sc01,08-10 07:00:00+02:00,CT NG 15,0.0
2030,sc01,08-10 07:00:00+02:00,Solar 42,0.0
2030,sc01,08-10 07:00:00+02:00,Solar 07,0.01094154176
2030,sc01,08-10 07:00:00+02:00,Solar 43,0.0
2030,sc01,08-10 07:00:00+02:00,Biomass 05,0.007200000000000001
2030,sc01,08-10 07:00:00+02:00,CT NG 29,0.0
2030,sc01,08-10 07:00:00+02:00,Solar 71,0.0
2030,sc01,08-10 07:00:00+02:00,CT NG 53,0.0
2030,sc01,08-10 07:00:00+02:00,CT NG 20,0.0
2030,sc01,08-10 07:00:00+02:00,Biomass 14,0.01344
2030,sc01,08-10 07:00:00+02:00,Solar 26,0.092247206016
2030,sc01,08-10 07:00:00+02:00,Hydro 29,0.0
2030,sc01,08-10 07:00:00+02:00,Hydro 31,0.0039123199999999995
2030,sc01,08-10 07:00:00+02:00,Biomass 24,0.0044800000000000005
2030,sc01,08-10 07:00:00+02:00,Biomass 54,0.03936
2030,sc01,08-10 07:00:00+02:00,Solar 36,1.0495123835728402
2030,sc01,08-10 07:00:00+02:00,Wind 03,0.033331850624
2030,sc01,08-10 07:00:00+02:00,Biomass 40,0.0
2030,sc01,08-10 07:00:00+02:00,Biomass 49,0.0
2030,sc01,08-10 07:00:00+02:00,CC NG 16,0.0
2030,sc01,08-10 07:00:00+02:00,Biomass 48,0.0
2030,sc01,08-10 07:00:00+02:00,Hydro 28,0.0
2030,sc01,08-10 07:00:00+02:00,Biomass 17,0.0
2030,sc01,08-10 07:00:00+02:00,CT NG 33,0.0
2030,sc01,08-10 07:00:00+02:00,Solar 45,0.0
2030,sc01,08-10 07:00:00+02:00,Hydro 24,0.0
2030,sc01,08-10 07:00:00+02:00,Wind 13,1.1572430912
2030,sc01,08-10 07:00:00+02:00,Biomass 07,0.032
2030,sc01,08-10 07:00:00+02:00,Biomass 34,0.0
2030,sc01,08-10 07:00:00+02:00,Biomass 33,0.0
2030,sc01,08-10 07:00:00+02:00,CT NG 01,0.3612753612361195
2030,sc01,08-10 07:00:00+02:00,ICE NG 03,0.0
2030,sc01,08-10 07:00:00+02:00,Solar 55,0.0
2030,sc01,08-10 07:00:00+02:00,Solar 11,0.101900168448
2030,sc01,08-10 07:00:00+02:00,CT NG 06,0.0
2030,sc01,08-10 07:00:00+02:00,CT NG 70,0.0
2030,sc01,08-10 07:00:00+02:00,Solar 23,0.015088475008
2030,sc01,08-10 07:00:00+02:00,CT NG 67,0.0
2030,sc01,08-10 07:00:00+02:00,Solar 12,0.078881495808
2030,sc01,08-10 07:00:00+02:00,CT Oil 01,0.0
2030,sc01,08-10 07:00:00+02:00,Hydro 26,0.0
2030,sc01,08-10 07:00:00+02:00,CC NG 22,0.0
2030,sc01,08-10 07:00:00+02:00,CC NG 35,0.0
2030,sc01,08-10 07:00:00+02:00,Biomass 50,0.0
2030,sc01,08-10 07:00:00+02:00,ICE NG 04,0.0
2030,sc01,08-10 07:00:00+02:00,CC NG 39,0.0
2030,sc01,08-10 07:00:00+02:00,Hydro 32,0.0046947840000000005
2030,sc01,08-10 07:00:00+02:00,ICE NG 07,0.0
2030,sc01,08-10 07:00:00+02:00,Biomass 46,0.0
2030,sc01,08-10 07:00:00+02:00,CC NG 38,0.0
2030,sc01,08-10 07:00:00+02:00,CC NG 12,0.0
2030,sc01,08-10 07:00:00+02:00,Solar 57,0.0
2030,sc01,08-10 07:00:00+02:00,CC NG 32,0.0
2030,sc01,08-10 07:00:00+02:00,CC NG 07,0.0
2030,sc01,08-10 07:00:00+02:00,Biomass 44,0.0
2030,sc01,08-10 07:00:00+02:00,CT NG 40,0.0
2030,sc01,08-10 07:00:00+02:00,Solar 74,2.5886566368
2030,sc01,08-10 07:00:00+02:00,Hydro 30,0.0
2030,sc01,08-10 07:00:00+02:00,CT NG 42,0.0
2030,sc01,08-10 07:00:00+02:00,Hydro 22,0.0
2030,sc01,08-10 07:00:00+02:00,Solar 17,0.154718138112
2030,sc01,08-10 07:00:00+02:00,Solar 38,0.0
2030,sc01,08-10 07:00:00+02:00,CT NG 24,0.0
2030,sc01,08-10 07:00:00+02:00,CC NG 27,0.0
2030,sc01,08-10 07:00:00+02:00,Biomass 21,0.0057599999999999995
2030,sc01,08-10 07:00:00+02:00,ICE NG 06,0.0
2030,sc01,08-10 07:00:00+02:00,Biomass 25,0.0044800000000000005
2030,sc01,08-10 07:00:00+02:00,Solar 27,0.036164596352
2030,sc01,08-10 07:00:00+02:00,CT NG 19,0.0
2030,sc01,08-10 07:00:00+02:00,Biomass 42,0.0
2030,sc01,08-10 07:00:00+02:00,Biomass 19,0.0057599999999999995
2030,sc01,08-10 07:00:00+02:00,Biomass 06,0.007200000000000001
2030,sc01,08-10 07:00:00+02:00,CT NG 10,0.0
2030,sc01,08-10 07:00:00+02:00,CC NG 40,0.0
2030,sc01,08-10 07:00:00+02:00,CC NG 21,0.0
2030,sc01,08-10 07:00:00+02:00,Biomass 02,0.01648
2030,sc01,08-10 07:00:00+02:00,CT NG 46,0.0
2030,sc01,08-10 07:00:00+02:00,Hydro 34,0.0
2030,sc01,08-10 07:00:00+02:00,Biomass 10,0.012320000000000001
2030,sc01,08-10 07:00:00+02:00,CT NG 17,0.0
2030,sc01,08-10 07:00:00+02:00,Biomass 62,0.02944
2030,sc01,08-10 07:00:00+02:00,Biomass 32,0.01952
2030,sc01,08-10 07:00:00+02:00,CC NG 19,1.5372629490584
2030,sc01,08-10 07:00:00+02:00,CC NG 17,0.0
2030,sc01,08-10 07:00:00+02:00,ST NG 01,0.0
2030,sc01,08-10 07:00:00+02:00,Biomass 45,0.0
2030,sc01,08-10 07:00:00+02:00,Biomass 28,0.027039999999999998
2030,sc01,08-10 07:00:00+02:00,CC NG 10,0.0
2030,sc01,08-10 07:00:00+02:00,Biomass 23,0.0044800000000000005
2030,sc01,08-10 07:00:00+02:00,ST NG 06,0.0
2030,sc01,08-10 07:00:00+02:00,Wind 10,0.01965724032
2030,sc01,08-10 07:00:00+02:00,CT NG 69,0.0
2030,sc01,08-10 07:00:00+02:00,CT NG 68,0.0
2030,sc01,08-12 10:00:00+02:00,CC NG 13,0.0
2030,sc01,08-12 10:00:00+02:00,CT NG 37,0.0
2030,sc01,08-12 10:00:00+02:00,ST Coal 01,0.0
2030,sc01,08-12 10:00:00+02:00,CT NG 09,0.0
2030,sc01,08-12 10:00:00+02:00,CT NG 47,0.0
2030,sc01,08-12 10:00:00+02:00,Solar 69,11.610716703176617
2030,sc01,08-12 10:00:00+02:00,Solar 34,6.097790997600001
2030,sc01,08-12 10:00:00+02:00,Solar 73,0.0
2030,sc01,08-12 10:00:00+02:00,Biomass 37,0.0
2030,sc01,08-12 10:00:00+02:00,Hydro 20,0.6642288000000001
2030,sc01,08-12 10:00:00+02:00,Solar 01,12.312124053599998
2030,sc01,08-12 10:00:00+02:00,Solar 62,0.0
2030,sc01,08-12 10:00:00+02:00,Solar 02,6.544838599199998
2030,sc01,08-12 10:00:00+02:00,CT NG 26,0.0
2030,sc01,08-12 10:00:00+02:00,Biomass 20,0.0
2030,sc01,08-12 10:00:00+02:00,Wind 16,1.8117746251199998
2030,sc01,08-12 10:00:00+02:00,CT NG 66,0.0
2030,sc01,08-12 10:00:00+02:00,Solar 39,0.0
2030,sc01,08-12 10:00:00+02:00,Biomass 41,0.0
2030,sc01,08-12 10:00:00+02:00,Solar 72,0.0
2030,sc01,08-12 10:00:00+02:00,ST NG 03,0.0
2030,sc01,08-12 10:00:00+02:00,Hydro 21,0.6642288000000001
2030,sc01,08-12 10:00:00+02:00,CT NG 03,0.0
2030,sc01,08-12 10:00:00+02:00,CC NG 09,0.0
2030,sc01,08-12 10:00:00+02:00,CT Oil 02,0.0
2030,sc01,08-12 10:00:00+02:00,CT NG 39,0.0
2030,sc01,08-12 10:00:00+02:00,CC NG 08,0.0
2030,sc01,08-12 10:00:00+02:00,Biomass 43,0.0
2030,sc01,08-12 10:00:00+02:00,CT NG 18,0.0
2030,sc01,08-12 10:00:00+02:00,ST NG 07,0.0
2030,sc01,08-12 10:00:00+02:00,Biomass 35,0.0
2030,sc01,08-12 10:00:00+02:00,Solar 32,0.0
2030,sc01,08-12 10:00:00+02:00,Biomass 15,0.0
2030,sc01,08-12 10:00:00+02:00,CC NG 31,0.0
2030,sc01,08-12 10:00:00+02:00,Solar 16,0.9108408621599999
2030,sc01,08-12 10:00:00+02:00,Solar 68,0.0
2030,sc01,08-12 10:00:00+02:00,CT NG 21,0.0
2030,sc01,08-12 10:00:00+02:00,Wind 11,0.0
2030,sc01,08-12 10:00:00+02:00,CC NG 37,0.0
2030,sc01,08-12 10:00:00+02:00,CT NG 22,0.0
2030,sc01,08-12 10:00:00+02:00,Hydro 16,0.011723520000000001
2030,sc01,08-12 10:00:00+02:00,Biomass 59,0.0
2030,sc01,08-12 10:00:00+02:00,CC NG 01,0.0
2030,sc01,08-12 10:00:00+02:00,Biomass 16,0.0
2030,sc01,08-12 10:00:00+02:00,Solar 03,0.0
2030,sc01,08-12 10:00:00+02:00,Solar 44,0.0
2030,sc01,08-12 10:00:00+02:00,CT NG 08,0.0
2030,sc01,08-12 10:00:00+02:00,Wind 05,0.0057285665280000005
2030,sc01,08-12 10:00:00+02:00,Biomass 26,0.0
2030,sc01,08-12 10:00:00+02:00,Solar 37,0.0
2030,sc01,08-12 10:00:00+02:00,Biomass 11,0.0
2030,sc01,08-12 10:00:00+02:00,Solar 59,0.0
2030,sc01,08-12 10:00:00+02:00,CT NG 11,0.0
2030,sc01,08-12 10:00:00+02:00,Biomass 30,0.0
2030,sc01,08-12 10:00:00+02:00,Hydro 23,0.0
2030,sc01,08-12 10:00:00+02:00,CC NG 24,0.0
2030,sc01,08-12 10:00:00+02:00,Solar 65,0.0
2030,sc01,08-12 10:00:00+02:00,CC NG 18,0.0
2030,sc01,08-12 10:00:00+02:00,CT NG 16,0.0
2030,sc01,08-12 10:00:00+02:00,Solar 51,0.0
2030,sc01,08-12 10:00:00+02:00,Wind 06,0.0
2030,sc01,08-12 10:00:00+02:00,CC NG 26,0.0
2030,sc01,08-12 10:00:00+02:00,CC NG 23,0.0
2030,sc01,08-12 10:00:00+02:00,CT NG 43,0.0
2030,sc01,08-12 10:00:00+02:00,CC NG 11,0.0
2030,sc01,08-12 10:00:00+02:00,CT NG 02,0.0
2030,sc01,08-12 10:00:00+02:00,CT NG 50,0.0
2030,sc01,08-12 10:00:00+02:00,Hydro 27,0.0
2030,sc01,08-12 10:00:00+02:00,CT NG 13,0.0
2030,sc01,08-12 10:00:00+02:00,CT NG 25,0.0
2030,sc01,08-12 10:00:00+02:00,CC NG 05,0.0
2030,sc01,08-12 10:00:00+02:00,Solar 04,0.6886776415200001
2030,sc01,08-12 10:00:00+02:00,Solar 30,0.8640000000000001
2030,sc01,08-12 10:00:00+02:00,Solar 29,1.1973101676
2030,sc01,08-12 10:00:00+02:00,Solar 53,0.0
2030,sc01,08-12 10:00:00+02:00,Solar 21,2.613104328
2030,sc01,08-12 10:00:00+02:00,Biomass 58,0.0
2030,sc01,08-12 10:00:00+02:00,CT NG 74,0.0
2030,sc01,08-12 10:00:00+02:00,Solar 61,0.0
2030,sc01,08-12 10:00:00+02:00,Wind 07,0.0
2030,sc01,08-12 10:00:00+02:00,Biomass 31,0.0
2030,sc01,08-12 10:00:00+02:00,CT Oil 05,0.0
2030,sc01,08-12 10:00:00+02:00,Biomass 38,0.0
2030,sc01,08-12 10:00:00+02:00,Solar 41,0.0
2030,sc01,08-12 10:00:00+02:00,Biomass 51,0.0
2030,sc01,08-12 10:00:00+02:00,Biomass 55,0.0
2030,sc01,08-12 10:00:00+02:00,Wind 15,0.3552954096
2030,sc01,08-12 10:00:00+02:00,Geo 01,0.0
2030,sc01,08-12 10:00:00+02:00,Biomass 60,0.0
2030,sc01,08-12 10:00:00+02:00,CT NG 38,0.0
2030,sc01,08-12 10:00:00+02:00,Solar 66,17.552885101689387
2030,sc01,08-12 10:00:00+02:00,Solar 49,0.0
2030,sc01,08-12 10:00:00+02:00,CT NG 51,0.0
2030,sc01,08-12 10:00:00+02:00,Biomass 18,0.0
2030,sc01,08-12 10:00:00+02:00,ICE NG 01,0.0
2030,sc01,08-12 10:00:00+02:00,Solar 15,1.4944106834400002
2030,sc01,08-12 10:00:00+02:00,ICE NG 05,0.0
2030,sc01,08-12 10:00:00+02:00,CT Oil 04,0.0
2030,sc01,08-12 10:00:00+02:00,CC NG 20,0.0
2030,sc01,08-12 10:00:00+02:00,Solar 20,1.3109500137599999
2030,sc01,08-12 10:00:00+02:00,Biomass 04,0.0
2030,sc01,08-12 10:00:00+02:00,Wind 02,1.9961628230399997
2030,sc01,08-12 10:00:00+02:00,Hydro 25,0.0
2030,sc01,08-12 10:00:00+02:00,Solar 75,5.534226372000001
2030,sc01,08-12 10:00:00+02:00,Hydro 33,0.0
2030,sc01,08-12 10:00:00+02:00,ST NG 05,0.0
2030,sc01,08-12 10:00:00+02:00,CT NG 07,0.0
2030,sc01,08-12 10:00:00+02:00,Wind 01,0.64822412712
2030,sc01,08-12 10:00:00+02:00,Solar 56,0.0
2030,sc01,08-12 10:00:00+02:00,Biomass 09,0.0
2030,sc01,08-12 10:00:00+02:00,Biomass 53,0.0
2030,sc01,08-12 10:00:00+02:00,Wind 17,4.3966700136000005
2030,sc01,08-12 10:00:00+02:00,ST NG 08,0.0
2030,sc01,08-12 10:00:00+02:00,Hydro 19,0.0
2030,sc01,08-12 10:00:00+02:00,ST NG 02,0.0
2030,sc01,08-12 10:00:00+02:00,Biomass 01,0.0
2030,sc01,08-12 10:00:00+02:00,Biomass 57,0.0
2030,sc01,08-12 10:00:00+02:00,CT NG 49,0.0
2030,sc01,08-12 10:00:00+02:00,CT NG 31,0.0
2030,sc01,08-12 10:00:00+02:00,Solar 64,4.0249794288
2030,sc01,08-12 10:00:00+02:00,CC NG 33,0.0
2030,sc01,08-12 10:00:00+02:00,Solar 46,0.0
2030,sc01,08-12 10:00:00+02:00,Biomass 12,0.0
2030,sc01,08-12 10:00:00+02:00,Wind 04,0.025367739456000005
2030,sc01,08-12 10:00:00+02:00,Solar 13,0.037515130752
2030,sc01,08-12 10:00:00+02:00,CT NG 55,0.0
2030,sc01,08-12 10:00:00+02:00,Wind N03,56.45008994614025
2030,sc01,08-12 10:00:00+02:00,CT NG 28,0.0
2030,sc01,08-12 10:00:00+02:00,Wind 09,0.0
2030,sc01,08-12 10:00:00+02:00,Solar 60,0.0
2030,sc01,08-12 10:00:00+02:00,Solar 25,0.2751050376
2030,sc01,08-12 10:00:00+02:00,CT NG 23,0.0
2030,sc01,08-12 10:00:00+02:00,ST Other 01,0.0
2030,sc01,08-12 10:00:00+02:00,Solar 70,22.507835788799998
2030,sc01,08-12 10:00:00+02:00,CC NG 34,0.0
2030,sc01,08-12 10:00:00+02:00,Solar 48,0.0
2030,sc01,08-12 10:00:00+02:00,Biomass 56,0.0
2030,sc01,08-12 10:00:00+02:00,CT NG 36,0.0
2030,sc01,08-12 10:00:00+02:00,Solar 47,0.0
2030,sc01,08-12 10:00:00+02:00,Hydro 17,0.0
2030,sc01,08-12 10:00:00+02:00,Solar 09,0.0
2030,sc01,08-12 10:00:00+02:00,Solar 08,0.0
2030,sc01,08-12 10:00:00+02:00,CT NG 45,0.0
2030,sc01,08-12 10:00:00+02:00,ST NG 04,0.0
2030,sc01,08-12 10:00:00+02:00,Solar 40,0.0
2030,sc01,08-12 10:00:00+02:00,Biomass 47,0.0
2030,sc01,08-12 10:00:00+02:00,Solar 50,0.0
2030,sc01,08-12 10:00:00+02:00,Solar 52,0.0
2030,sc01,08-12 10:00:00+02:00,Solar 63,0.0
2030,sc01,08-12 10:00:00+02:00,CC NG 06,0.0
2030,sc01,08-12 10:00:00+02:00,Biomass 39,0.0
2030,sc01,08-12 10:00:00+02:00,Solar 67,5.7298334136
2030,sc01,08-12 10:00:00+02:00,Solar 19,0.014188391040000001
2030,sc01,08-12 10:00:00+02:00,Wind 12,6.0772466328
2030,sc01,08-12 10:00:00+02:00,Solar 24,0.20518758911999996
2030,sc01,08-12 10:00:00+02:00,ICE NG 02,0.0
2030,sc01,08-12 10:00:00+02:00,Solar 05,0.0
2030,sc01,08-12 10:00:00+02:00,CT NG 54,0.0
2030,sc01,08-12 10:00:00+02:00,Wind N01,57.65592959999999
2030,sc01,08-12 10:00:00+02:00,CT NG 27,0.0
2030,sc01,08-12 10:00:00+02:00,CC NG 36,0.0
2030,sc01,08-12 10:00:00+02:00,Wind N02,23.935285248
2030,sc01,08-12 10:00:00+02:00,CT NG 52,0.0
2030,sc01,08-12 10:00:00+02:00,Solar 35,0.0
2030,sc01,08-12 10:00:00+02:00,CT NG 05,0.0
2030,sc01,08-12 10:00:00+02:00,Biomass 36,0.0
2030,sc01,08-12 10:00:00+02:00,CT NG 34,0.0
2030,sc01,08-12 10:00:00+02:00,CT Oil 03,0.0
2030,sc01,08-12 10:00:00+02:00,Hydro 35,0.003517056
2030,sc01,08-12 10:00:00+02:00,Solar 14,1.66144817352
2030,sc01,08-12 10:00:00+02:00,CT NG 75,0.0
2030,sc01,08-12 10:00:00+02:00,ST NG 09,0.0
2030,sc01,08-12 10:00:00+02:00,CT NG 56,0.0
2030,sc01,08-12 10:00:00+02:00,Biomass 22,0.0
2030,sc01,08-12 10:00:00+02:00,Solar 18,1.752434124
2030,sc01,08-12 10:00:00+02:00,Biomass 13,0.0
2030,sc01,08-12 10:00:00+02:00,CT NG 71,0.0
2030,sc01,08-12 10:00:00+02:00,Solar 58,0.0
2030,sc01,08-12 10:00:00+02:00,Solar 06,0.0
2030,sc01,08-12 10:00:00+02:00,Biomass 08,0.0
2030,sc01,08-12 10:00:00+02:00,CT NG 72,0.0
2030,sc01,08-12 10:00:00+02:00,Hydro 18,0.0
2030,sc01,08-12 10:00:00+02:00,Solar 10,1.26275556048
2030,sc01,08-12 10:00:00+02:00,CT NG 04,0.0
2030,sc01,08-12 10:00:00+02:00,ST Other 02,0.0
2030,sc01,08-12 10:00:00+02:00,CT NG 12,0.0
2030,sc01,08-12 10:00:00+02:00,CT NG 48,0.0
2030,sc01,08-12 10:00:00+02:00,ST NG 10,0.0
2030,sc01,08-12 10:00:00+02:00,Solar 22,1.245331884
2030,sc01,08-12 10:00:00+02:00,Solar 28,1.11442701888
2030,sc01,08-12 10:00:00+02:00,CT NG 73,0.0
2030,sc01,08-12 10:00:00+02:00,Biomass 52,0.0
2030,sc01,08-12 10:00:00+02:00,CT NG 30,0.0
2030,sc01,08-12 10:00:00+02:00,Solar 54,0.0
2030,sc01,08-12 10:00:00+02:00,Solar 31,0.0
2030,sc01,08-12 10:00:00+02:00,Biomass 03,0.0
2030,sc01,08-12 10:00:00+02:00,CT NG 32,0.0
2030,sc01,08-12 10:00:00+02:00,Biomass 27,0.0
2030,sc01,08-12 10:00:00+02:00,CC NG 14,0.0
2030,sc01,08-12 10:00:00+02:00,CC NG 03,0.0
2030,sc01,08-12 10:00:00+02:00,CC NG 29,0.0
2030,sc01,08-12 10:00:00+02:00,CC NG 28,0.0
2030,sc01,08-12 10:00:00+02:00,CC NG 25,0.0
2030,sc01,08-12 10:00:00+02:00,CT NG 44,0.0
2030,sc01,08-12 10:00:00+02:00,CT NG 14,0.0
2030,sc01,08-12 10:00:00+02:00,CC NG 15,0.0
2030,sc01,08-12 10:00:00+02:00,CC NG 04,0.0
2030,sc01,08-12 10:00:00+02:00,Biomass 29,0.0
2030,sc01,08-12 10:00:00+02:00,Wind 14,0.0
2030,sc01,08-12 10:00:00+02:00,Wind 08,0.0
2030,sc01,08-12 10:00:00+02:00,Biomass 61,0.0
2030,sc01,08-12 10:00:00+02:00,CT NG 35,0.0
2030,sc01,08-12 10:00:00+02:00,Solar 33,0.0
2030,sc01,08-12 10:00:00+02:00,CT NG 41,0.0
2030,sc01,08-12 10:00:00+02:00,CT NG 15,0.0
2030,sc01,08-12 10:00:00+02:00,Solar 42,0.0
2030,sc01,08-12 10:00:00+02:00,Solar 07,0.0
2030,sc01,08-12 10:00:00+02:00,Solar 43,0.0
2030,sc01,08-12 10:00:00+02:00,Biomass 05,0.0
2030,sc01,08-12 10:00:00+02:00,CT NG 29,0.0
2030,sc01,08-12 10:00:00+02:00,Solar 71,0.0
2030,sc01,08-12 10:00:00+02:00,CT NG 53,0.0
2030,sc01,08-12 10:00:00+02:00,CT NG 20,0.0
2030,sc01,08-12 10:00:00+02:00,Biomass 14,0.0
2030,sc01,08-12 10:00:00+02:00,Solar 26,0.25476647352
2030,sc01,08-12 10:00:00+02:00,Hydro 29,0.0
2030,sc01,08-12 10:00:00+02:00,Hydro 31,0.005861760000000001
2030,sc01,08-12 10:00:00+02:00,Biomass 24,0.0
2030,sc01,08-12 10:00:00+02:00,Biomass 54,0.0
2030,sc01,08-12 10:00:00+02:00,Solar 36,20.888316288
2030,sc01,08-12 10:00:00+02:00,Wind 03,0.051339297408
2030,sc01,08-12 10:00:00+02:00,Biomass 40,0.0
2030,sc01,08-12 10:00:00+02:00,Biomass 49,0.0
2030,sc01,08-12 10:00:00+02:00,CC NG 16,0.0
2030,sc01,08-12 10:00:00+02:00,Biomass 48,0.0
2030,sc01,08-12 10:00:00+02:00,Hydro 28,0.0
2030,sc01,08-12 10:00:00+02:00,Biomass 17,0.0
2030,sc01,08-12 10:00:00+02:00,CT NG 33,0.0
2030,sc01,08-12 10:00:00+02:00,Solar 45,0.0
2030,sc01,08-12 10:00:00+02:00,Hydro 24,0.0
2030,sc01,08-12 10:00:00+02:00,Wind 13,3.3917127528
2030,sc01,08-12 10:00:00+02:00,Biomass 07,0.0
2030,sc01,08-12 10:00:00+02:00,Biomass 34,0.0
2030,sc01,08-12 10:00:00+02:00,Biomass 33,0.0
2030,sc01,08-12 10:00:00+02:00,CT NG 01,0.0
2030,sc01,08-12 10:00:00+02:00,ICE NG 03,0.0
2030,sc01,08-12 10:00:00+02:00,Solar 55,0.0
2030,sc01,08-12 10:00:00+02:00,Solar 11,0.28142583048
2030,sc01,08-12 10:00:00+02:00,CT NG 06,0.0
2030,sc01,08-12 10:00:00+02:00,CT NG 70,0.0
2030,sc01,08-12 10:00:00+02:00,Solar 23,0.041671046016
2030,sc01,08-12 10:00:00+02:00,CT NG 67,0.0
2030,sc01,08-12 10:00:00+02:00,Solar 12,0.217853324736
2030,sc01,08-12 10:00:00+02:00,CT Oil 01,0.0
2030,sc01,08-12 10:00:00+02:00,Hydro 26,0.0
2030,sc01,08-12 10:00:00+02:00,CC NG 22,0.0
2030,sc01,08-12 10:00:00+02:00,CC NG 35,0.0
2030,sc01,08-12 10:00:00+02:00,Biomass 50,0.0
2030,sc01,08-12 10:00:00+02:00,ICE NG 04,0.0
2030,sc01,08-12 10:00:00+02:00,CC NG 39,0.0
2030,sc01,08-12 10:00:00+02:00,Hydro 32,0.007034112
2030,sc01,08-12 10:00:00+02:00,ICE NG 07,0.0
2030,sc01,08-12 10:00:00+02:00,Biomass 46,0.0
2030,sc01,08-12 10:00:00+02:00,CC NG 38,0.0
2030,sc01,08-12 10:00:00+02:00,CC NG 12,0.0
2030,sc01,08-12 10:00:00+02:00,Solar 57,0.0
2030,sc01,08-12 10:00:00+02:00,CC NG 32,0.0
2030,sc01,08-12 10:00:00+02:00,CC NG 07,0.0
2030,sc01,08-12 10:00:00+02:00,Biomass 44,0.0
2030,sc01,08-12 10:00:00+02:00,CT NG 40,0.0
2030,sc01,08-12 10:00:00+02:00,Solar 74,0.0
2030,sc01,08-12 10:00:00+02:00,Hydro 30,0.0
2030,sc01,08-12 10:00:00+02:00,CT NG 42,0.0
2030,sc01,08-12 10:00:00+02:00,Hydro 22,0.6642288000000001
2030,sc01,08-12 10:00:00+02:00,Solar 17,0.42729743375999996
2030,sc01,08-12 10:00:00+02:00,Solar 38,0.0
2030,sc01,08-12 10:00:00+02:00,CT NG 24,0.0
2030,sc01,08-12 10:00:00+02:00,CC NG 27,0.0
2030,sc01,08-12 10:00:00+02:00,Biomass 21,0.0
2030,sc01,08-12 10:00:00+02:00,ICE NG 06,0.0
2030,sc01,08-12 10:00:00+02:00,Biomass 25,0.0
2030,sc01,08-12 10:00:00+02:00,Solar 27,0.156141956736
2030,sc01,08-12 10:00:00+02:00,CT NG 19,0.0
2030,sc01,08-12 10:00:00+02:00,Biomass 42,0.0
2030,sc01,08-12 10:00:00+02:00,Biomass 19,0.0
2030,sc01,08-12 10:00:00+02:00,Biomass 06,0.0
2030,sc01,08-12 10:00:00+02:00,CT NG 10,0.0
2030,sc01,08-12 10:00:00+02:00,CC NG 40,0.0
2030,sc01,08-12 10:00:00+02:00,CC NG 21,0.0
2030,sc01,08-12 10:00:00+02:00,Biomass 02,0.0
2030,sc01,08-12 10:00:00+02:00,CT NG 46,0.0
2030,sc01,08-12 10:00:00+02:00,Hydro 34,0.0
2030,sc01,08-12 10:00:00+02:00,Biomass 10,0.0
2030,sc01,08-12 10:00:00+02:00,CT NG 17,0.0
2030,sc01,08-12 10:00:00+02:00,Biomass 62,0.0
2030,sc01,08-12 10:00:00+02:00,Biomass 32,0.0
2030,sc01,08-12 10:00:00+02:00,CC NG 19,0.0
2030,sc01,08-12 10:00:00+02:00,CC NG 17,0.0
2030,sc01,08-12 10:00:00+02:00,ST NG 01,0.0
2030,sc01,08-12 10:00:00+02:00,Biomass 45,0.0
2030,sc01,08-12 10:00:00+02:00,Biomass 28,0.0
2030,sc01,08-12 10:00:00+02:00,CC NG 10,0.0
2030,sc01,08-12 10:00:00+02:00,Biomass 23,0.0
2030,sc01,08-12 10:00:00+02:00,ST NG 06,0.0
2030,sc01,08-12 10:00:00+02:00,Wind 10,0.0
2030,sc01,08-12 10:00:00+02:00,CT NG 69,0.0
2030,sc01,08-12 10:00:00+02:00,CT NG 68,0.0
2030,sc01,08-12 17:00:00+02:00,CC NG 13,0.0
2030,sc01,08-12 17:00:00+02:00,CT NG 37,0.0
2030,sc01,08-12 17:00:00+02:00,ST Coal 01,0.0
2030,sc01,08-12 17:00:00+02:00,CT NG 09,0.0
2030,sc01,08-12 17:00:00+02:00,CT NG 47,0.0
2030,sc01,08-12 17:00:00+02:00,Solar 69,2.8167240906
2030,sc01,08-12 17:00:00+02:00,Solar 34,2.7053055078000003
2030,sc01,08-12 17:00:00+02:00,Solar 73,0.0
2030,sc01,08-12 17:00:00+02:00,Biomass 37,0.0
2030,sc01,08-12 17:00:00+02:00,Hydro 20,0.0
2030,sc01,08-12 17:00:00+02:00,Solar 01,0.0
2030,sc01,08-12 17:00:00+02:00,Solar 62,0.0
2030,sc01,08-12 17:00:00+02:00,Solar 02,1.14938489505
2030,sc01,08-12 17:00:00+02:00,CT NG 26,0.0
2030,sc01,08-12 17:00:00+02:00,Biomass 20,0.0
2030,sc01,08-12 17:00:00+02:00,Wind 16,3.0919250082000005
2030,sc01,08-12 17:00:00+02:00,CT NG 66,0.0
2030,sc01,08-12 17:00:00+02:00,Solar 39,0.039256625856
2030,sc01,08-12 17:00:00+02:00,Biomass 41,0.0
2030,sc01,08-12 17:00:00+02:00,Solar 72,0.58702760109
2030,sc01,08-12 17:00:00+02:00,ST NG 03,0.0
2030,sc01,08-12 17:00:00+02:00,Hydro 21,1.0020433499999999
2030,sc01,08-12 17:00:00+02:00,CT NG 03,0.0
2030,sc01,08-12 17:00:00+02:00,CC NG 09,0.0
2030,sc01,08-12 17:00:00+02:00,CT Oil 02,0.0
2030,sc01,08-12 17:00:00+02:00,CT NG 39,0.0
2030,sc01,08-12 17:00:00+02:00,CC NG 08,0.0
2030,sc01,08-12 17:00:00+02:00,Biomass 43,0.0
2030,sc01,08-12 17:00:00+02:00,CT NG 18,0.0
2030,sc01,08-12 17:00:00+02:00,ST NG 07,0.0
2030,sc01,08-12 17:00:00+02:00,Biomass 35,0.0
2030,sc01,08-12 17:00:00+02:00,Solar 32,4.3608639270000005
2030,sc01,08-12 17:00:00+02:00,Biomass 15,0.0
2030,sc01,08-12 17:00:00+02:00,CC NG 31,0.0
2030,sc01,08-12 17:00:00+02:00,Solar 16,0.0
2030,sc01,08-12 17:00:00+02:00,Solar 68,2.4064235118
2030,sc01,08-12 17:00:00+02:00,CT NG 21,0.0
2030,sc01,08-12 17:00:00+02:00,Wind 11,0.0
2030,sc01,08-12 17:00:00+02:00,CC NG 37,0.0
2030,sc01,08-12 17:00:00+02:00,CT NG 22,0.0
2030,sc01,08-12 17:00:00+02:00,Hydro 16,0.0
2030,sc01,08-12 17:00:00+02:00,Biomass 59,0.0
2030,sc01,08-12 17:00:00+02:00,CC NG 01,0.0
2030,sc01,08-12 17:00:00+02:00,Biomass 16,0.0
2030,sc01,08-12 17:00:00+02:00,Solar 03,0.96952812138
2030,sc01,08-12 17:00:00+02:00,Solar 44,0.033847357488
2030,sc01,08-12 17:00:00+02:00,CT NG 08,0.0
2030,sc01,08-12 17:00:00+02:00,Wind 05,0.051071560512
2030,sc01,08-12 17:00:00+02:00,Biomass 26,0.0
2030,sc01,08-12 17:00:00+02:00,Solar 37,0.6495529748400001
2030,sc01,08-12 17:00:00+02:00,Biomass 11,0.0
2030,sc01,08-12 17:00:00+02:00,Solar 59,0.26530844466
2030,sc01,08-12 17:00:00+02:00,CT NG 11,0.0
2030,sc01,08-12 17:00:00+02:00,Biomass 30,0.0
2030,sc01,08-12 17:00:00+02:00,Hydro 23,0.0
2030,sc01,08-12 17:00:00+02:00,CC NG 24,0.0
2030,sc01,08-12 17:00:00+02:00,Solar 65,1.559195946
2030,sc01,08-12 17:00:00+02:00,CC NG 18,0.0
2030,sc01,08-12 17:00:00+02:00,CT NG 16,0.0
2030,sc01,08-12 17:00:00+02:00,Solar 51,0.35051715678
2030,sc01,08-12 17:00:00+02:00,Wind 06,0.0
2030,sc01,08-12 17:00:00+02:00,CC NG 26,0.0
2030,sc01,08-12 17:00:00+02:00,CC NG 23,0.0
2030,sc01,08-12 17:00:00+02:00,CT NG 43,0.0
2030,sc01,08-12 17:00:00+02:00,CC NG 11,0.0
2030,sc01,08-12 17:00:00+02:00,CT NG 02,0.0
2030,sc01,08-12 17:00:00+02:00,CT NG 50,0.0
2030,sc01,08-12 17:00:00+02:00,Hydro 27,0.0
2030,sc01,08-12 17:00:00+02:00,CT NG 13,0.0
2030,sc01,08-12 17:00:00+02:00,CT NG 25,0.0
2030,sc01,08-12 17:00:00+02:00,CC NG 05,0.0
2030,sc01,08-12 17:00:00+02:00,Solar 04,0.0
2030,sc01,08-12 17:00:00+02:00,Solar 30,0.0
2030,sc01,08-12 17:00:00+02:00,Solar 29,0.0
2030,sc01,08-12 17:00:00+02:00,Solar 53,0.36046331517
2030,sc01,08-12 17:00:00+02:00,Solar 21,0.0
2030,sc01,08-12 17:00:00+02:00,Biomass 58,0.0
2030,sc01,08-12 17:00:00+02:00,CT NG 74,0.0
2030,sc01,08-12 17:00:00+02:00,Solar 61,0.041595394176
2030,sc01,08-12 17:00:00+02:00,Wind 07,0.0
2030,sc01,08-12 17:00:00+02:00,Biomass 31,0.0
2030,sc01,08-12 17:00:00+02:00,CT Oil 05,0.0
2030,sc01,08-12 17:00:00+02:00,Biomass 38,0.0
2030,sc01,08-12 17:00:00+02:00,Solar 41,0.039256625856
2030,sc01,08-12 17:00:00+02:00,Biomass 51,0.0
2030,sc01,08-12 17:00:00+02:00,Biomass 55,0.0
2030,sc01,08-12 17:00:00+02:00,Wind 15,0.3182197158
2030,sc01,08-12 17:00:00+02:00,Geo 01,0.0
2030,sc01,08-12 17:00:00+02:00,Biomass 60,0.0
2030,sc01,08-12 17:00:00+02:00,CT NG 38,0.0
2030,sc01,08-12 17:00:00+02:00,Solar 66,3.6760554642
2030,sc01,08-12 17:00:00+02:00,Solar 49,0.020842369128000002
2030,sc01,08-12 17:00:00+02:00,CT NG 51,0.0
2030,sc01,08-12 17:00:00+02:00,Biomass 18,0.0
2030,sc01,08-12 17:00:00+02:00,ICE NG 01,0.0
2030,sc01,08-12 17:00:00+02:00,Solar 15,0.0
2030,sc01,08-12 17:00:00+02:00,ICE NG 05,0.0
2030,sc01,08-12 17:00:00+02:00,CT Oil 04,0.0
2030,sc01,08-12 17:00:00+02:00,CC NG 20,0.0
2030,sc01,08-12 17:00:00+02:00,Solar 20,0.0
2030,sc01,08-12 17:00:00+02:00,Biomass 04,0.0
2030,sc01,08-12 17:00:00+02:00,Wind 02,3.3230359491000003
2030,sc01,08-12 17:00:00+02:00,Hydro 25,0.521703
2030,sc01,08-12 17:00:00+02:00,Solar 75,0.0
2030,sc01,08-12 17:00:00+02:00,Hydro 33,0.0
2030,sc01,08-12 17:00:00+02:00,ST NG 05,0.0
2030,sc01,08-12 17:00:00+02:00,CT NG 07,0.0
2030,sc01,08-12 17:00:00+02:00,Wind 01,0.8931037972499999
2030,sc01,08-12 17:00:00+02:00,Solar 56,0.43799767137000006
2030,sc01,08-12 17:00:00+02:00,Biomass 09,0.0
2030,sc01,08-12 17:00:00+02:00,Biomass 53,0.0
2030,sc01,08-12 17:00:00+02:00,Wind 17,9.0280610952
2030,sc01,08-12 17:00:00+02:00,ST NG 08,0.0
2030,sc01,08-12 17:00:00+02:00,Hydro 19,0.0
2030,sc01,08-12 17:00:00+02:00,ST NG 02,0.0
2030,sc01,08-12 17:00:00+02:00,Biomass 01,0.0
2030,sc01,08-12 17:00:00+02:00,Biomass 57,0.0
2030,sc01,08-12 17:00:00+02:00,CT NG 49,0.0
2030,sc01,08-12 17:00:00+02:00,CT NG 31,0.0
2030,sc01,08-12 17:00:00+02:00,Solar 64,0.0
2030,sc01,08-12 17:00:00+02:00,CC NG 33,0.0
2030,sc01,08-12 17:00:00+02:00,Solar 46,0.033847357488
2030,sc01,08-12 17:00:00+02:00,Biomass 12,0.0
2030,sc01,08-12 17:00:00+02:00,Wind 04,0.011859076319999998
2030,sc01,08-12 17:00:00+02:00,Solar 13,0.0
2030,sc01,08-12 17:00:00+02:00,CT NG 55,0.0
2030,sc01,08-12 17:00:00+02:00,Wind N03,64.01068181113817
2030,sc01,08-12 17:00:00+02:00,CT NG 28,0.0
2030,sc01,08-12 17:00:00+02:00,Wind 09,0.0
2030,sc01,08-12 17:00:00+02:00,Solar 60,0.36290930802
2030,sc01,08-12 17:00:00+02:00,Solar 25,0.0
2030,sc01,08-12 17:00:00+02:00,CT NG 23,0.0
2030,sc01,08-12 17:00:00+02:00,ST Other 01,0.0
2030,sc01,08-12 17:00:00+02:00,Solar 70,3.4501978896
2030,sc01,08-12 17:00:00+02:00,CC NG 34,0.0
2030,sc01,08-12 17:00:00+02:00,Solar 48,0.033847357488
2030,sc01,08-12 17:00:00+02:00,Biomass 56,0.0
2030,sc01,08-12 17:00:00+02:00,CT NG 36,0.0
2030,sc01,08-12 17:00:00+02:00,Solar 47,0.033847357488
2030,sc01,08-12 17:00:00+02:00,Hydro 17,0.01805895
2030,sc01,08-12 17:00:00+02:00,Solar 09,0.43527705522000004
2030,sc01,08-12 17:00:00+02:00,Solar 08,0.085030620864
2030,sc01,08-12 17:00:00+02:00,CT NG 45,0.0
2030,sc01,08-12 17:00:00+02:00,ST NG 04,0.0
2030,sc01,08-12 17:00:00+02:00,Solar 40,0.039256625856
2030,sc01,08-12 17:00:00+02:00,Biomass 47,0.0
2030,sc01,08-12 17:00:00+02:00,Solar 50,0.10349952479999999
2030,sc01,08-12 17:00:00+02:00,Solar 52,0.23475412674
2030,sc01,08-12 17:00:00+02:00,Solar 63,1.7480950368000001
2030,sc01,08-12 17:00:00+02:00,CC NG 06,0.0
2030,sc01,08-12 17:00:00+02:00,Biomass 39,0.0
2030,sc01,08-12 17:00:00+02:00,Solar 67,1.16529922257
2030,sc01,08-12 17:00:00+02:00,Solar 19,0.0
2030,sc01,08-12 17:00:00+02:00,Wind 12,9.4993230108
2030,sc01,08-12 17:00:00+02:00,Solar 24,0.0
2030,sc01,08-12 17:00:00+02:00,ICE NG 02,0.0
2030,sc01,08-12 17:00:00+02:00,Solar 05,0.0
2030,sc01,08-12 17:00:00+02:00,CT NG 54,0.0
2030,sc01,08-12 17:00:00+02:00,Wind N01,83.19713987425209
2030,sc01,08-12 17:00:00+02:00,CT NG 27,0.0
2030,sc01,08-12 17:00:00+02:00,CC NG 36,0.0
2030,sc01,08-12 17:00:00+02:00,Wind N02,24.883961782199755
2030,sc01,08-12 17:00:00+02:00,CT NG 52,0.0
2030,sc01,08-12 17:00:00+02:00,Solar 35,1.12599529203
2030,sc01,08-12 17:00:00+02:00,CT NG 05,0.0
2030,sc01,08-12 17:00:00+02:00,Biomass 36,0.0
2030,sc01,08-12 17:00:00+02:00,CT NG 34,0.0
2030,sc01,08-12 17:00:00+02:00,CT Oil 03,0.0
2030,sc01,08-12 17:00:00+02:00,Hydro 35,0.00321048
2030,sc01,08-12 17:00:00+02:00,Solar 14,0.0
2030,sc01,08-12 17:00:00+02:00,CT NG 75,0.0
2030,sc01,08-12 17:00:00+02:00,ST NG 09,0.0
2030,sc01,08-12 17:00:00+02:00,CT NG 56,0.0
2030,sc01,08-12 17:00:00+02:00,Biomass 22,0.0
2030,sc01,08-12 17:00:00+02:00,Solar 18,0.0
2030,sc01,08-12 17:00:00+02:00,Biomass 13,0.0
2030,sc01,08-12 17:00:00+02:00,CT NG 71,0.0
2030,sc01,08-12 17:00:00+02:00,Solar 58,0.17678577403199996
2030,sc01,08-12 17:00:00+02:00,Solar 06,0.22631188230000002
2030,sc01,08-12 17:00:00+02:00,Biomass 08,0.0
2030,sc01,08-12 17:00:00+02:00,CT NG 72,0.0
2030,sc01,08-12 17:00:00+02:00,Hydro 18,0.062203049999999996
2030,sc01,08-12 17:00:00+02:00,Solar 10,0.0
2030,sc01,08-12 17:00:00+02:00,CT NG 04,0.0
2030,sc01,08-12 17:00:00+02:00,ST Other 02,0.0
2030,sc01,08-12 17:00:00+02:00,CT NG 12,0.0
2030,sc01,08-12 17:00:00+02:00,CT NG 48,0.0
2030,sc01,08-12 17:00:00+02:00,ST NG 10,0.0
2030,sc01,08-12 17:00:00+02:00,Solar 22,0.0
2030,sc01,08-12 17:00:00+02:00,Solar 28,0.0
2030,sc01,08-12 17:00:00+02:00,CT NG 73,0.0
2030,sc01,08-12 17:00:00+02:00,Biomass 52,0.0
2030,sc01,08-12 17:00:00+02:00,CT NG 30,0.0
2030,sc01,08-12 17:00:00+02:00,Solar 54,0.20293935715199998
2030,sc01,08-12 17:00:00+02:00,Solar 31,2.5901511026999997
2030,sc01,08-12 17:00:00+02:00,Biomass 03,0.0
2030,sc01,08-12 17:00:00+02:00,CT NG 32,0.0
2030,sc01,08-12 17:00:00+02:00,Biomass 27,0.0
2030,sc01,08-12 17:00:00+02:00,CC NG 14,0.0
2030,sc01,08-12 17:00:00+02:00,CC NG 03,0.0
2030,sc01,08-12 17:00:00+02:00,CC NG 29,0.0
2030,sc01,08-12 17:00:00+02:00,CC NG 28,0.0
2030,sc01,08-12 17:00:00+02:00,CC NG 25,0.0
2030,sc01,08-12 17:00:00+02:00,CT NG 44,0.0
2030,sc01,08-12 17:00:00+02:00,CT NG 14,0.0
2030,sc01,08-12 17:00:00+02:00,CC NG 15,0.0
2030,sc01,08-12 17:00:00+02:00,CC NG 04,0.0
2030,sc01,08-12 17:00:00+02:00,Biomass 29,0.0
2030,sc01,08-12 17:00:00+02:00,Wind 14,0.0
2030,sc01,08-12 17:00:00+02:00,Wind 08,0.0
2030,sc01,08-12 17:00:00+02:00,Biomass 61,0.0
2030,sc01,08-12 17:00:00+02:00,CT NG 35,0.0
2030,sc01,08-12 17:00:00+02:00,Solar 33,3.2528898800999997
2030,sc01,08-12 17:00:00+02:00,CT NG 41,0.0
2030,sc01,08-12 17:00:00+02:00,CT NG 15,0.0
2030,sc01,08-12 17:00:00+02:00,Solar 42,0.033847357488
2030,sc01,08-12 17:00:00+02:00,Solar 07,0.007213855656
2030,sc01,08-12 17:00:00+02:00,Solar 43,0.033847357488
2030,sc01,08-12 17:00:00+02:00,Biomass 05,0.0
2030,sc01,08-12 17:00:00+02:00,CT NG 29,0.0
2030,sc01,08-12 17:00:00+02:00,Solar 71,0.0
2030,sc01,08-12 17:00:00+02:00,CT NG 53,0.0
2030,sc01,08-12 17:00:00+02:00,CT NG 20,0.0
2030,sc01,08-12 17:00:00+02:00,Biomass 14,0.0
2030,sc01,08-12 17:00:00+02:00,Solar 26,0.0
2030,sc01,08-12 17:00:00+02:00,Hydro 29,0.0
2030,sc01,08-12 17:00:00+02:00,Hydro 31,0.0053508
2030,sc01,08-12 17:00:00+02:00,Biomass 24,0.0
2030,sc01,08-12 17:00:00+02:00,Biomass 54,0.0
2030,sc01,08-12 17:00:00+02:00,Solar 36,2.7819946707000005
2030,sc01,08-12 17:00:00+02:00,Wind 03,0.024203325216
2030,sc01,08-12 17:00:00+02:00,Biomass 40,0.0
2030,sc01,08-12 17:00:00+02:00,Biomass 49,0.0
2030,sc01,08-12 17:00:00+02:00,CC NG 16,0.0
2030,sc01,08-12 17:00:00+02:00,Biomass 48,0.0
2030,sc01,08-12 17:00:00+02:00,Hydro 28,0.0
2030,sc01,08-12 17:00:00+02:00,Biomass 17,0.0
2030,sc01,08-12 17:00:00+02:00,CT NG 33,0.0
2030,sc01,08-12 17:00:00+02:00,Solar 45,0.033847357488
2030,sc01,08-12 17:00:00+02:00,Hydro 24,0.0
2030,sc01,08-12 17:00:00+02:00,Wind 13,4.7810481222
2030,sc01,08-12 17:00:00+02:00,Biomass 07,0.0
2030,sc01,08-12 17:00:00+02:00,Biomass 34,0.0
2030,sc01,08-12 17:00:00+02:00,Biomass 33,0.0
2030,sc01,08-12 17:00:00+02:00,CT NG 01,0.0
2030,sc01,08-12 17:00:00+02:00,ICE NG 03,0.0
2030,sc01,08-12 17:00:00+02:00,Solar 55,0.4368178605
2030,sc01,08-12 17:00:00+02:00,Solar 11,0.0
2030,sc01,08-12 17:00:00+02:00,CT NG 06,0.0
2030,sc01,08-12 17:00:00+02:00,CT NG 70,0.0
2030,sc01,08-12 17:00:00+02:00,Solar 23,0.0
2030,sc01,08-12 17:00:00+02:00,CT NG 67,0.0
2030,sc01,08-12 17:00:00+02:00,Solar 12,0.0
2030,sc01,08-12 17:00:00+02:00,CT Oil 01,0.0
2030,sc01,08-12 17:00:00+02:00,Hydro 26,0.0
2030,sc01,08-12 17:00:00+02:00,CC NG 22,0.0
2030,sc01,08-12 17:00:00+02:00,CC NG 35,0.0
2030,sc01,08-12 17:00:00+02:00,Biomass 50,0.0
2030,sc01,08-12 17:00:00+02:00,ICE NG 04,0.0
2030,sc01,08-12 17:00:00+02:00,CC NG 39,0.0
2030,sc01,08-12 17:00:00+02:00,Hydro 32,0.00642096
2030,sc01,08-12 17:00:00+02:00,ICE NG 07,0.0
2030,sc01,08-12 17:00:00+02:00,Biomass 46,0.0
2030,sc01,08-12 17:00:00+02:00,CC NG 38,0.0
2030,sc01,08-12 17:00:00+02:00,CC NG 12,0.0
2030,sc01,08-12 17:00:00+02:00,Solar 57,0.15097506244800002
2030,sc01,08-12 17:00:00+02:00,CC NG 32,0.0
2030,sc01,08-12 17:00:00+02:00,CC NG 07,0.0
2030,sc01,08-12 17:00:00+02:00,Biomass 44,0.0
2030,sc01,08-12 17:00:00+02:00,CT NG 40,0.0
2030,sc01,08-12 17:00:00+02:00,Solar 74,2.0355210271199997
2030,sc01,08-12 17:00:00+02:00,Hydro 30,0.0
2030,sc01,08-12 17:00:00+02:00,CT NG 42,0.0
2030,sc01,08-12 17:00:00+02:00,Hydro 22,1.0020433499999999
2030,sc01,08-12 17:00:00+02:00,Solar 17,0.0
2030,sc01,08-12 17:00:00+02:00,Solar 38,0.57314914881
2030,sc01,08-12 17:00:00+02:00,CT NG 24,0.0
2030,sc01,08-12 17:00:00+02:00,CC NG 27,0.0
2030,sc01,08-12 17:00:00+02:00,Biomass 21,0.0
2030,sc01,08-12 17:00:00+02:00,ICE NG 06,0.0
2030,sc01,08-12 17:00:00+02:00,Biomass 25,0.0
2030,sc01,08-12 17:00:00+02:00,Solar 27,0.0
2030,sc01,08-12 17:00:00+02:00,CT NG 19,0.0
2030,sc01,08-12 17:00:00+02:00,Biomass 42,0.0
2030,sc01,08-12 17:00:00+02:00,Biomass 19,0.0
2030,sc01,08-12 17:00:00+02:00,Biomass 06,0.0
2030,sc01,08-12 17:00:00+02:00,CT NG 10,0.0
2030,sc01,08-12 17:00:00+02:00,CC NG 40,0.0
2030,sc01,08-12 17:00:00+02:00,CC NG 21,0.0
2030,sc01,08-12 17:00:00+02:00,Biomass 02,0.0
2030,sc01,08-12 17:00:00+02:00,CT NG 46,0.0
2030,sc01,08-12 17:00:00+02:00,Hydro 34,0.0
2030,sc01,08-12 17:00:00+02:00,Biomass 10,0.0
2030,sc01,08-12 17:00:00+02:00,CT NG 17,0.0
2030,sc01,08-12 17:00:00+02:00,Biomass 62,0.0
2030,sc01,08-12 17:00:00+02:00,Biomass 32,0.0
2030,sc01,08-12 17:00:00+02:00,CC NG 19,0.0
2030,sc01,08-12 17:00:00+02:00,CC NG 17,0.0
2030,sc01,08-12 17:00:00+02:00,ST NG 01,0.0
2030,sc01,08-12 17:00:00+02:00,Biomass 45,0.0
2030,sc01,08-12 17:00:00+02:00,Biomass 28,0.0
2030,sc01,08-12 17:00:00+02:00,CC NG 10,0.0
2030,sc01,08-12 17:00:00+02:00,Biomass 23,0.0
2030,sc01,08-12 17:00:00+02:00,ST NG 06,0.0
2030,sc01,08-12 17:00:00+02:00,Wind 10,0.0
2030,sc01,08-12 17:00:00+02:00,CT NG 69,0.0
2030,sc01,08-12 17:00:00+02:00,CT NG 68,0.0
2030,sc01,08-12 21:00:00+02:00,CC NG 13,0.0
2030,sc01,08-12 21:00:00+02:00,CT NG 37,0.0
2030,sc01,08-12 21:00:00+02:00,ST Coal 01,0.0
2030,sc01,08-12 21:00:00+02:00,CT NG 09,0.0
2030,sc01,08-12 21:00:00+02:00,CT NG 47,0.0
2030,sc01,08-12 21:00:00+02:00,Solar 69,0.0
2030,sc01,08-12 21:00:00+02:00,Solar 34,0.0
2030,sc01,08-12 21:00:00+02:00,Solar 73,0.0
2030,sc01,08-12 21:00:00+02:00,Biomass 37,0.02349
2030,sc01,08-12 21:00:00+02:00,Hydro 20,0.0
2030,sc01,08-12 21:00:00+02:00,Solar 01,0.0
2030,sc01,08-12 21:00:00+02:00,Solar 62,0.0
2030,sc01,08-12 21:00:00+02:00,Solar 02,0.0
2030,sc01,08-12 21:00:00+02:00,CT NG 26,0.0
2030,sc01,08-12 21:00:00+02:00,Biomass 20,0.0
2030,sc01,08-12 21:00:00+02:00,Wind 16,4.2039937406
2030,sc01,08-12 21:00:00+02:00,CT NG 66,0.0
2030,sc01,08-12 21:00:00+02:00,Solar 39,0.0
2030,sc01,08-12 21:00:00+02:00,Biomass 41,0.04263
2030,sc01,08-12 21:00:00+02:00,Solar 72,0.0
2030,sc01,08-12 21:00:00+02:00,ST NG 03,0.0
2030,sc01,08-12 21:00:00+02:00,Hydro 21,1.2236680500000001
2030,sc01,08-12 21:00:00+02:00,CT NG 03,0.0
2030,sc01,08-12 21:00:00+02:00,CC NG 09,0.0
2030,sc01,08-12 21:00:00+02:00,CT Oil 02,0.0
2030,sc01,08-12 21:00:00+02:00,CT NG 39,0.0
2030,sc01,08-12 21:00:00+02:00,CC NG 08,0.0
2030,sc01,08-12 21:00:00+02:00,Biomass 43,0.08294
2030,sc01,08-12 21:00:00+02:00,CT NG 18,0.0
2030,sc01,08-12 21:00:00+02:00,ST NG 07,0.0
2030,sc01,08-12 21:00:00+02:00,Biomass 35,0.041760000000000005
2030,sc01,08-12 21:00:00+02:00,Solar 32,0.0
2030,sc01,08-12 21:00:00+02:00,Biomass 15,0.0
2030,sc01,08-12 21:00:00+02:00,CC NG 31,0.0
2030,sc01,08-12 21:00:00+02:00,Solar 16,0.0
2030,sc01,08-12 21:00:00+02:00,Solar 68,0.0
2030,sc01,08-12 21:00:00+02:00,CT NG 21,0.0
2030,sc01,08-12 21:00:00+02:00,Wind 11,2.09664020925
2030,sc01,08-12 21:00:00+02:00,CC NG 37,0.0
2030,sc01,08-12 21:00:00+02:00,CT NG 22,0.0
2030,sc01,08-12 21:00:00+02:00,Hydro 16,0.01533288
2030,sc01,08-12 21:00:00+02:00,Biomass 59,0.0
2030,sc01,08-12 21:00:00+02:00,CC NG 01,0.0
2030,sc01,08-12 21:00:00+02:00,Biomass 16,0.0
2030,sc01,08-12 21:00:00+02:00,Solar 03,0.0
2030,sc01,08-12 21:00:00+02:00,Solar 44,0.0
2030,sc01,08-12 21:00:00+02:00,CT NG 08,0.0
2030,sc01,08-12 21:00:00+02:00,Wind 05,0.066866951144
2030,sc01,08-12 21:00:00+02:00,Biomass 26,0.0
2030,sc01,08-12 21:00:00+02:00,Solar 37,0.0
2030,sc01,08-12 21:00:00+02:00,Biomass 11,0.0
2030,sc01,08-12 21:00:00+02:00,Solar 59,0.0
2030,sc01,08-12 21:00:00+02:00,CT NG 11,0.0
2030,sc01,08-12 21:00:00+02:00,Biomass 30,0.0
2030,sc01,08-12 21:00:00+02:00,Hydro 23,0.0
2030,sc01,08-12 21:00:00+02:00,CC NG 24,0.0
2030,sc01,08-12 21:00:00+02:00,Solar 65,0.0
2030,sc01,08-12 21:00:00+02:00,CC NG 18,0.0
2030,sc01,08-12 21:00:00+02:00,CT NG 16,0.0
2030,sc01,08-12 21:00:00+02:00,Solar 51,0.0
2030,sc01,08-12 21:00:00+02:00,Wind 06,2.9322491107
2030,sc01,08-12 21:00:00+02:00,CC NG 26,0.0
2030,sc01,08-12 21:00:00+02:00,CC NG 23,0.0
2030,sc01,08-12 21:00:00+02:00,CT NG 43,0.0
2030,sc01,08-12 21:00:00+02:00,CC NG 11,0.0
2030,sc01,08-12 21:00:00+02:00,CT NG 02,0.0
2030,sc01,08-12 21:00:00+02:00,CT NG 50,0.0
2030,sc01,08-12 21:00:00+02:00,Hydro 27,0.7474778999999999
2030,sc01,08-12 21:00:00+02:00,CT NG 13,0.0
2030,sc01,08-12 21:00:00+02:00,CT NG 25,0.0
2030,sc01,08-12 21:00:00+02:00,CC NG 05,0.0
2030,sc01,08-12 21:00:00+02:00,Solar 04,0.0
2030,sc01,08-12 21:00:00+02:00,Solar 30,0.0
2030,sc01,08-12 21:00:00+02:00,Solar 29,0.0
2030,sc01,08-12 21:00:00+02:00,Solar 53,0.0
2030,sc01,08-12 21:00:00+02:00,Solar 21,0.0
2030,sc01,08-12 21:00:00+02:00,Biomass 58,0.0
2030,sc01,08-12 21:00:00+02:00,CT NG 74,0.0
2030,sc01,08-12 21:00:00+02:00,Solar 61,0.0
2030,sc01,08-12 21:00:00+02:00,Wind 07,2.01225898146
2030,sc01,08-12 21:00:00+02:00,Biomass 31,0.0
2030,sc01,08-12 21:00:00+02:00,CT Oil 05,0.0
2030,sc01,08-12 21:00:00+02:00,Biomass 38,0.02349
2030,sc01,08-12 21:00:00+02:00,Solar 41,0.0
2030,sc01,08-12 21:00:00+02:00,Biomass 51,0.00551
2030,sc01,08-12 21:00:00+02:00,Biomass 55,0.07308
2030,sc01,08-12 21:00:00+02:00,Wind 15,0.29280421039000004
2030,sc01,08-12 21:00:00+02:00,Geo 01,0.03310445027471812
2030,sc01,08-12 21:00:00+02:00,Biomass 60,0.0
2030,sc01,08-12 21:00:00+02:00,CT NG 38,0.0
2030,sc01,08-12 21:00:00+02:00,Solar 66,0.0
2030,sc01,08-12 21:00:00+02:00,Solar 49,0.0
2030,sc01,08-12 21:00:00+02:00,CT NG 51,0.0
2030,sc01,08-12 21:00:00+02:00,Biomass 18,0.0
2030,sc01,08-12 21:00:00+02:00,ICE NG 01,0.0
2030,sc01,08-12 21:00:00+02:00,Solar 15,0.0
2030,sc01,08-12 21:00:00+02:00,ICE NG 05,0.0
2030,sc01,08-12 21:00:00+02:00,CT Oil 04,0.0
2030,sc01,08-12 21:00:00+02:00,CC NG 20,0.0
2030,sc01,08-12 21:00:00+02:00,Solar 20,0.0
2030,sc01,08-12 21:00:00+02:00,Biomass 04,0.00725
2030,sc01,08-12 21:00:00+02:00,Wind 02,5.1366536114
2030,sc01,08-12 21:00:00+02:00,Hydro 25,0.7474778999999999
2030,sc01,08-12 21:00:00+02:00,Solar 75,0.0
2030,sc01,08-12 21:00:00+02:00,Hydro 33,0.0
2030,sc01,08-12 21:00:00+02:00,ST NG 05,0.0
2030,sc01,08-12 21:00:00+02:00,CT NG 07,0.0
2030,sc01,08-12 21:00:00+02:00,Wind 01,1.3349037649900002
2030,sc01,08-12 21:00:00+02:00,Solar 56,0.0
2030,sc01,08-12 21:00:00+02:00,Biomass 09,0.0
2030,sc01,08-12 21:00:00+02:00,Biomass 53,0.07308
2030,sc01,08-12 21:00:00+02:00,Wind 17,12.4441908903
2030,sc01,08-12 21:00:00+02:00,ST NG 08,0.0
2030,sc01,08-12 21:00:00+02:00,Hydro 19,1.2439405000000001
2030,sc01,08-12 21:00:00+02:00,ST NG 02,0.0
2030,sc01,08-12 21:00:00+02:00,Biomass 01,0.0
2030,sc01,08-12 21:00:00+02:00,Biomass 57,0.0
2030,sc01,08-12 21:00:00+02:00,CT NG 49,0.0
2030,sc01,08-12 21:00:00+02:00,CT NG 31,0.0
2030,sc01,08-12 21:00:00+02:00,Solar 64,0.0
2030,sc01,08-12 21:00:00+02:00,CC NG 33,0.0
2030,sc01,08-12 21:00:00+02:00,Solar 46,0.0
2030,sc01,08-12 21:00:00+02:00,Biomass 12,0.0
2030,sc01,08-12 21:00:00+02:00,Wind 04,0.0
2030,sc01,08-12 21:00:00+02:00,Solar 13,0.0
2030,sc01,08-12 21:00:00+02:00,CT NG 55,0.0
2030,sc01,08-12 21:00:00+02:00,Wind N03,114.4147041269988
2030,sc01,08-12 21:00:00+02:00,CT NG 28,0.0
2030,sc01,08-12 21:00:00+02:00,Wind 09,1.0517050651
2030,sc01,08-12 21:00:00+02:00,Solar 60,0.0
2030,sc01,08-12 21:00:00+02:00,Solar 25,0.0
2030,sc01,08-12 21:00:00+02:00,CT NG 23,0.0
2030,sc01,08-12 21:00:00+02:00,ST Other 01,0.0
2030,sc01,08-12 21:00:00+02:00,Solar 70,0.0
2030,sc01,08-12 21:00:00+02:00,CC NG 34,9.239110362092324
2030,sc01,08-12 21:00:00+02:00,Solar 48,0.0
2030,sc01,08-12 21:00:00+02:00,Biomass 56,0.0
2030,sc01,08-12 21:00:00+02:00,CT NG 36,0.0
2030,sc01,08-12 21:00:00+02:00,Solar 47,0.0
2030,sc01,08-12 21:00:00+02:00,Hydro 17,0.025874235000000002
2030,sc01,08-12 21:00:00+02:00,Solar 09,0.0
2030,sc01,08-12 21:00:00+02:00,Solar 08,0.0
2030,sc01,08-12 21:00:00+02:00,CT NG 45,0.0
2030,sc01,08-12 21:00:00+02:00,ST NG 04,0.0
2030,sc01,08-12 21:00:00+02:00,Solar 40,0.0
2030,sc01,08-12 21:00:00+02:00,Biomass 47,0.06902
2030,sc01,08-12 21:00:00+02:00,Solar 50,0.0
2030,sc01,08-12 21:00:00+02:00,Solar 52,0.0
2030,sc01,08-12 21:00:00+02:00,Solar 63,0.0
2030,sc01,08-12 21:00:00+02:00,CC NG 06,0.0
2030,sc01,08-12 21:00:00+02:00,Biomass 39,0.02349
2030,sc01,08-12 21:00:00+02:00,Solar 67,0.0
2030,sc01,08-12 21:00:00+02:00,Solar 19,0.0
2030,sc01,08-12 21:00:00+02:00,Wind 12,14.030132853400001
2030,sc01,08-12 21:00:00+02:00,Solar 24,0.0
2030,sc01,08-12 21:00:00+02:00,ICE NG 02,0.0
2030,sc01,08-12 21:00:00+02:00,Solar 05,0.0
2030,sc01,08-12 21:00:00+02:00,CT NG 54,0.0
2030,sc01,08-12 21:00:00+02:00,Wind N01,80.800048981553
2030,sc01,08-12 21:00:00+02:00,CT NG 27,0.0
2030,sc01,08-12 21:00:00+02:00,CC NG 36,0.0
2030,sc01,08-12 21:00:00+02:00,Wind N02,38.50070808026012
2030,sc01,08-12 21:00:00+02:00,CT NG 52,0.0
2030,sc01,08-12 21:00:00+02:00,Solar 35,0.0
2030,sc01,08-12 21:00:00+02:00,CT NG 05,0.0
2030,sc01,08-12 21:00:00+02:00,Biomass 36,0.041760000000000005
2030,sc01,08-12 21:00:00+02:00,CT NG 34,0.0
2030,sc01,08-12 21:00:00+02:00,CT Oil 03,0.0
2030,sc01,08-12 21:00:00+02:00,Hydro 35,0.004599864
2030,sc01,08-12 21:00:00+02:00,Solar 14,0.0
2030,sc01,08-12 21:00:00+02:00,CT NG 75,0.0
2030,sc01,08-12 21:00:00+02:00,ST NG 09,0.0
2030,sc01,08-12 21:00:00+02:00,CT NG 56,0.0
2030,sc01,08-12 21:00:00+02:00,Biomass 22,0.0
2030,sc01,08-12 21:00:00+02:00,Solar 18,0.0
2030,sc01,08-12 21:00:00+02:00,Biomass 13,0.0
2030,sc01,08-12 21:00:00+02:00,CT NG 71,0.0
2030,sc01,08-12 21:00:00+02:00,Solar 58,0.0
2030,sc01,08-12 21:00:00+02:00,Solar 06,0.0
2030,sc01,08-12 21:00:00+02:00,Biomass 08,0.0
2030,sc01,08-12 21:00:00+02:00,CT NG 72,0.0
2030,sc01,08-12 21:00:00+02:00,Hydro 18,0.089122365
2030,sc01,08-12 21:00:00+02:00,Solar 10,0.0
2030,sc01,08-12 21:00:00+02:00,CT NG 04,0.0
2030,sc01,08-12 21:00:00+02:00,ST Other 02,0.0
2030,sc01,08-12 21:00:00+02:00,CT NG 12,0.0
2030,sc01,08-12 21:00:00+02:00,CT NG 48,0.0
2030,sc01,08-12 21:00:00+02:00,ST NG 10,0.0
2030,sc01,08-12 21:00:00+02:00,Solar 22,0.0
2030,sc01,08-12 21:00:00+02:00,Solar 28,0.0
2030,sc01,08-12 21:00:00+02:00,CT NG 73,0.0
2030,sc01,08-12 21:00:00+02:00,Biomass 52,0.04321
2030,sc01,08-12 21:00:00+02:00,CT NG 30,0.0
2030,sc01,08-12 21:00:00+02:00,Solar 54,0.0
2030,sc01,08-12 21:00:00+02:00,Solar 31,0.0
2030,sc01,08-12 21:00:00+02:00,Biomass 03,0.00725
2030,sc01,08-12 21:00:00+02:00,CT NG 32,0.0
2030,sc01,08-12 21:00:00+02:00,Biomass 27,0.0
2030,sc01,08-12 21:00:00+02:00,CC NG 14,0.0
2030,sc01,08-12 21:00:00+02:00,CC NG 03,0.0
2030,sc01,08-12 21:00:00+02:00,CC NG 29,0.0
2030,sc01,08-12 21:00:00+02:00,CC NG 28,0.0
2030,sc01,08-12 21:00:00+02:00,CC NG 25,0.0
2030,sc01,08-12 21:00:00+02:00,CT NG 44,0.0
2030,sc01,08-12 21:00:00+02:00,CT NG 14,0.0
2030,sc01,08-12 21:00:00+02:00,CC NG 15,0.0
2030,sc01,08-12 21:00:00+02:00,CC NG 04,0.0
2030,sc01,08-12 21:00:00+02:00,Biomass 29,0.0
2030,sc01,08-12 21:00:00+02:00,Wind 14,7.058370958
2030,sc01,08-12 21:00:00+02:00,Wind 08,1.33525492657
2030,sc01,08-12 21:00:00+02:00,Biomass 61,0.01131
2030,sc01,08-12 21:00:00+02:00,CT NG 35,0.0
2030,sc01,08-12 21:00:00+02:00,Solar 33,0.0
2030,sc01,08-12 21:00:00+02:00,CT NG 41,0.0
2030,sc01,08-12 21:00:00+02:00,CT NG 15,0.0
2030,sc01,08-12 21:00:00+02:00,Solar 42,0.0
2030,sc01,08-12 21:00:00+02:00,Solar 07,0.0
2030,sc01,08-12 21:00:00+02:00,Solar 43,0.0
2030,sc01,08-12 21:00:00+02:00,Biomass 05,0.0
2030,sc01,08-12 21:00:00+02:00,CT NG 29,0.0
2030,sc01,08-12 21:00:00+02:00,Solar 71,0.0
2030,sc01,08-12 21:00:00+02:00,CT NG 53,0.0
2030,sc01,08-12 21:00:00+02:00,CT NG 20,0.0
2030,sc01,08-12 21:00:00+02:00,Biomass 14,0.0
2030,sc01,08-12 21:00:00+02:00,Solar 26,0.0
2030,sc01,08-12 21:00:00+02:00,Hydro 29,1.8957300000000004
2030,sc01,08-12 21:00:00+02:00,Hydro 31,0.00766644
2030,sc01,08-12 21:00:00+02:00,Biomass 24,0.0
2030,sc01,08-12 21:00:00+02:00,Biomass 54,0.07308
2030,sc01,08-12 21:00:00+02:00,Solar 36,0.0
2030,sc01,08-12 21:00:00+02:00,Wind 03,0.011979898608
2030,sc01,08-12 21:00:00+02:00,Biomass 40,0.02349
2030,sc01,08-12 21:00:00+02:00,Biomass 49,0.00957
2030,sc01,08-12 21:00:00+02:00,CC NG 16,0.0
2030,sc01,08-12 21:00:00+02:00,Biomass 48,0.06902
2030,sc01,08-12 21:00:00+02:00,Hydro 28,1.8957300000000004
2030,sc01,08-12 21:00:00+02:00,Biomass 17,0.0
2030,sc01,08-12 21:00:00+02:00,CT NG 33,0.0
2030,sc01,08-12 21:00:00+02:00,Solar 45,0.0
2030,sc01,08-12 21:00:00+02:00,Hydro 24,0.0
2030,sc01,08-12 21:00:00+02:00,Wind 13,7.188486226600001
2030,sc01,08-12 21:00:00+02:00,Biomass 07,0.0
2030,sc01,08-12 21:00:00+02:00,Biomass 34,0.041760000000000005
2030,sc01,08-12 21:00:00+02:00,Biomass 33,0.041760000000000005
2030,sc01,08-12 21:00:00+02:00,CT NG 01,0.0
2030,sc01,08-12 21:00:00+02:00,ICE NG 03,0.0
2030,sc01,08-12 21:00:00+02:00,Solar 55,0.0
2030,sc01,08-12 21:00:00+02:00,Solar 11,0.0
2030,sc01,08-12 21:00:00+02:00,CT NG 06,0.0
2030,sc01,08-12 21:00:00+02:00,CT NG 70,0.0
2030,sc01,08-12 21:00:00+02:00,Solar 23,0.0
2030,sc01,08-12 21:00:00+02:00,CT NG 67,0.0
2030,sc01,08-12 21:00:00+02:00,Solar 12,0.0
2030,sc01,08-12 21:00:00+02:00,CT Oil 01,0.0
2030,sc01,08-12 21:00:00+02:00,Hydro 26,0.7474778999999999
2030,sc01,08-12 21:00:00+02:00,CC NG 22,0.0
2030,sc01,08-12 21:00:00+02:00,CC NG 35,0.0
2030,sc01,08-12 21:00:00+02:00,Biomass 50,0.00551
2030,sc01,08-12 21:00:00+02:00,ICE NG 04,0.0
2030,sc01,08-12 21:00:00+02:00,CC NG 39,0.0
2030,sc01,08-12 21:00:00+02:00,Hydro 32,0.009199728
2030,sc01,08-12 21:00:00+02:00,ICE NG 07,0.0
2030,sc01,08-12 21:00:00+02:00,Biomass 46,0.018850000000000002
2030,sc01,08-12 21:00:00+02:00,CC NG 38,0.0
2030,sc01,08-12 21:00:00+02:00,CC NG 12,0.0
2030,sc01,08-12 21:00:00+02:00,Solar 57,0.0
2030,sc01,08-12 21:00:00+02:00,CC NG 32,0.0
2030,sc01,08-12 21:00:00+02:00,CC NG 07,0.0
2030,sc01,08-12 21:00:00+02:00,Biomass 44,0.03625
2030,sc01,08-12 21:00:00+02:00,CT NG 40,0.0
2030,sc01,08-12 21:00:00+02:00,Solar 74,0.0
2030,sc01,08-12 21:00:00+02:00,Hydro 30,0.0
2030,sc01,08-12 21:00:00+02:00,CT NG 42,0.0
2030,sc01,08-12 21:00:00+02:00,Hydro 22,1.2236680500000001
2030,sc01,08-12 21:00:00+02:00,Solar 17,0.0
2030,sc01,08-12 21:00:00+02:00,Solar 38,0.0
2030,sc01,08-12 21:00:00+02:00,CT NG 24,0.0
2030,sc01,08-12 21:00:00+02:00,CC NG 27,0.0
2030,sc01,08-12 21:00:00+02:00,Biomass 21,0.0
2030,sc01,08-12 21:00:00+02:00,ICE NG 06,0.0
2030,sc01,08-12 21:00:00+02:00,Biomass 25,0.0
2030,sc01,08-12 21:00:00+02:00,Solar 27,0.0
2030,sc01,08-12 21:00:00+02:00,CT NG 19,0.0
2030,sc01,08-12 21:00:00+02:00,Biomass 42,0.04263
2030,sc01,08-12 21:00:00+02:00,Biomass 19,0.0
2030,sc01,08-12 21:00:00+02:00,Biomass 06,0.0
2030,sc01,08-12 21:00:00+02:00,CT NG 10,0.0
2030,sc01,08-12 21:00:00+02:00,CC NG 40,0.0
2030,sc01,08-12 21:00:00+02:00,CC NG 21,0.0
2030,sc01,08-12 21:00:00+02:00,Biomass 02,0.0
2030,sc01,08-12 21:00:00+02:00,CT NG 46,0.0
2030,sc01,08-12 21:00:00+02:00,Hydro 34,0.0
2030,sc01,08-12 21:00:00+02:00,Biomass 10,0.0
2030,sc01,08-12 21:00:00+02:00,CT NG 17,0.0
2030,sc01,08-12 21:00:00+02:00,Biomass 62,0.05626
2030,sc01,08-12 21:00:00+02:00,Biomass 32,0.0
2030,sc01,08-12 21:00:00+02:00,CC NG 19,0.0
2030,sc01,08-12 21:00:00+02:00,CC NG 17,0.0
2030,sc01,08-12 21:00:00+02:00,ST NG 01,0.0
2030,sc01,08-12 21:00:00+02:00,Biomass 45,0.03625
2030,sc01,08-12 21:00:00+02:00,Biomass 28,0.0
2030,sc01,08-12 21:00:00+02:00,CC NG 10,0.0
2030,sc01,08-12 21:00:00+02:00,Biomass 23,0.0
2030,sc01,08-12 21:00:00+02:00,ST NG 06,0.0
2030,sc01,08-12 21:00:00+02:00,Wind 10,1.0560170954
2030,sc01,08-12 21:00:00+02:00,CT NG 69,0.0
2030,sc01,08-12 21:00:00+02:00,CT NG 68,0.0
2030,sc01,08-12 23:00:00+02:00,CC NG 13,0.0
2030,sc01,08-12 23:00:00+02:00,CT NG 37,0.0
2030,sc01,08-12 23:00:00+02:00,ST Coal 01,0.0
2030,sc01,08-12 23:00:00+02:00,CT NG 09,0.0
2030,sc01,08-12 23:00:00+02:00,CT NG 47,0.0
2030,sc01,08-12 23:00:00+02:00,Solar 69,0.0
2030,sc01,08-12 23:00:00+02:00,Solar 34,0.0
2030,sc01,08-12 23:00:00+02:00,Solar 73,0.0
2030,sc01,08-12 23:00:00+02:00,Biomass 37,0.0
2030,sc01,08-12 23:00:00+02:00,Hydro 20,0.0
2030,sc01,08-12 23:00:00+02:00,Solar 01,0.0
2030,sc01,08-12 23:00:00+02:00,Solar 62,0.0
2030,sc01,08-12 23:00:00+02:00,Solar 02,0.0
2030,sc01,08-12 23:00:00+02:00,CT NG 26,0.0
2030,sc01,08-12 23:00:00+02:00,Biomass 20,0.0
2030,sc01,08-12 23:00:00+02:00,Wind 16,6.226839363299999
2030,sc01,08-12 23:00:00+02:00,CT NG 66,0.0
2030,sc01,08-12 23:00:00+02:00,Solar 39,0.0
2030,sc01,08-12 23:00:00+02:00,Biomass 41,0.0
2030,sc01,08-12 23:00:00+02:00,Solar 72,0.0
2030,sc01,08-12 23:00:00+02:00,ST NG 03,0.0
2030,sc01,08-12 23:00:00+02:00,Hydro 21,1.7877319500000002
2030,sc01,08-12 23:00:00+02:00,CT NG 03,0.0
2030,sc01,08-12 23:00:00+02:00,CC NG 09,0.0
2030,sc01,08-12 23:00:00+02:00,CT Oil 02,0.0
2030,sc01,08-12 23:00:00+02:00,CT NG 39,0.0
2030,sc01,08-12 23:00:00+02:00,CC NG 08,0.0
2030,sc01,08-12 23:00:00+02:00,Biomass 43,0.0
2030,sc01,08-12 23:00:00+02:00,CT NG 18,0.0
2030,sc01,08-12 23:00:00+02:00,ST NG 07,0.0
2030,sc01,08-12 23:00:00+02:00,Biomass 35,0.0
2030,sc01,08-12 23:00:00+02:00,Solar 32,0.0
2030,sc01,08-12 23:00:00+02:00,Biomass 15,0.0
2030,sc01,08-12 23:00:00+02:00,CC NG 31,0.0
2030,sc01,08-12 23:00:00+02:00,Solar 16,0.0
2030,sc01,08-12 23:00:00+02:00,Solar 68,0.0
2030,sc01,08-12 23:00:00+02:00,CT NG 21,0.0
2030,sc01,08-12 23:00:00+02:00,Wind 11,0.0
2030,sc01,08-12 23:00:00+02:00,CC NG 37,0.0
2030,sc01,08-12 23:00:00+02:00,CT NG 22,0.0
2030,sc01,08-12 23:00:00+02:00,Hydro 16,0.0
2030,sc01,08-12 23:00:00+02:00,Biomass 59,0.0
2030,sc01,08-12 23:00:00+02:00,CC NG 01,0.0
2030,sc01,08-12 23:00:00+02:00,Biomass 16,0.0
2030,sc01,08-12 23:00:00+02:00,Solar 03,0.0
2030,sc01,08-12 23:00:00+02:00,Solar 44,0.0
2030,sc01,08-12 23:00:00+02:00,CT NG 08,0.0
2030,sc01,08-12 23:00:00+02:00,Wind 05,0.09607396711999999
2030,sc01,08-12 23:00:00+02:00,Biomass 26,0.0
2030,sc01,08-12 23:00:00+02:00,Solar 37,0.0
2030,sc01,08-12 23:00:00+02:00,Biomass 11,0.0
2030,sc01,08-12 23:00:00+02:00,Solar 59,0.0
2030,sc01,08-12 23:00:00+02:00,CT NG 11,0.0
2030,sc01,08-12 23:00:00+02:00,Biomass 30,0.0
2030,sc01,08-12 23:00:00+02:00,Hydro 23,0.0
2030,sc01,08-12 23:00:00+02:00,CC NG 24,0.0
2030,sc01,08-12 23:00:00+02:00,Solar 65,0.0
2030,sc01,08-12 23:00:00+02:00,CC NG 18,0.0
2030,sc01,08-12 23:00:00+02:00,CT NG 16,0.0
2030,sc01,08-12 23:00:00+02:00,Solar 51,0.0
2030,sc01,08-12 23:00:00+02:00,Wind 06,0.0
2030,sc01,08-12 23:00:00+02:00,CC NG 26,0.0
2030,sc01,08-12 23:00:00+02:00,CC NG 23,0.0
2030,sc01,08-12 23:00:00+02:00,CT NG 43,0.0
2030,sc01,08-12 23:00:00+02:00,CC NG 11,0.0
2030,sc01,08-12 23:00:00+02:00,CT NG 02,0.0
2030,sc01,08-12 23:00:00+02:00,CT NG 50,0.0
2030,sc01,08-12 23:00:00+02:00,Hydro 27,1.2172953
2030,sc01,08-12 23:00:00+02:00,CT NG 13,0.0
2030,sc01,08-12 23:00:00+02:00,CT NG 25,0.0
2030,sc01,08-12 23:00:00+02:00,CC NG 05,0.0
2030,sc01,08-12 23:00:00+02:00,Solar 04,0.0
2030,sc01,08-12 23:00:00+02:00,Solar 30,0.0
2030,sc01,08-12 23:00:00+02:00,Solar 29,0.0
2030,sc01,08-12 23:00:00+02:00,Solar 53,0.0
2030,sc01,08-12 23:00:00+02:00,Solar 21,0.0
2030,sc01,08-12 23:00:00+02:00,Biomass 58,0.0
2030,sc01,08-12 23:00:00+02:00,CT NG 74,0.0
2030,sc01,08-12 23:00:00+02:00,Solar 61,0.0
2030,sc01,08-12 23:00:00+02:00,Wind 07,0.0
2030,sc01,08-12 23:00:00+02:00,Biomass 31,0.0
2030,sc01,08-12 23:00:00+02:00,CT Oil 05,0.0
2030,sc01,08-12 23:00:00+02:00,Biomass 38,0.0
2030,sc01,08-12 23:00:00+02:00,Solar 41,0.0
2030,sc01,08-12 23:00:00+02:00,Biomass 51,0.0
2030,sc01,08-12 23:00:00+02:00,Biomass 55,0.0
2030,sc01,08-12 23:00:00+02:00,Wind 15,0.286521406392
2030,sc01,08-12 23:00:00+02:00,Geo 01,0.0
2030,sc01,08-12 23:00:00+02:00,Biomass 60,0.0
2030,sc01,08-12 23:00:00+02:00,CT NG 38,0.0
2030,sc01,08-12 23:00:00+02:00,Solar 66,0.0
2030,sc01,08-12 23:00:00+02:00,Solar 49,0.0
2030,sc01,08-12 23:00:00+02:00,CT NG 51,0.0
2030,sc01,08-12 23:00:00+02:00,Biomass 18,0.0
2030,sc01,08-12 23:00:00+02:00,ICE NG 01,0.0
2030,sc01,08-12 23:00:00+02:00,Solar 15,0.0
2030,sc01,08-12 23:00:00+02:00,ICE NG 05,0.0
2030,sc01,08-12 23:00:00+02:00,CT Oil 04,0.0
2030,sc01,08-12 23:00:00+02:00,CC NG 20,0.0
2030,sc01,08-12 23:00:00+02:00,Solar 20,0.0
2030,sc01,08-12 23:00:00+02:00,Biomass 04,0.0
2030,sc01,08-12 23:00:00+02:00,Wind 02,8.383151691200002
2030,sc01,08-12 23:00:00+02:00,Hydro 25,1.2172953
2030,sc01,08-12 23:00:00+02:00,Solar 75,0.0
2030,sc01,08-12 23:00:00+02:00,Hydro 33,0.0
2030,sc01,08-12 23:00:00+02:00,ST NG 05,0.0
2030,sc01,08-12 23:00:00+02:00,CT NG 07,0.0
2030,sc01,08-12 23:00:00+02:00,Wind 01,2.1584450793300003
2030,sc01,08-12 23:00:00+02:00,Solar 56,0.0
2030,sc01,08-12 23:00:00+02:00,Biomass 09,0.0
2030,sc01,08-12 23:00:00+02:00,Biomass 53,0.0
2030,sc01,08-12 23:00:00+02:00,Wind 17,18.2291873077
2030,sc01,08-12 23:00:00+02:00,ST NG 08,0.0
2030,sc01,08-12 23:00:00+02:00,Hydro 19,0.0
2030,sc01,08-12 23:00:00+02:00,ST NG 02,0.0
2030,sc01,08-12 23:00:00+02:00,Biomass 01,0.0
2030,sc01,08-12 23:00:00+02:00,Biomass 57,0.0
2030,sc01,08-12 23:00:00+02:00,CT NG 49,0.0
2030,sc01,08-12 23:00:00+02:00,CT NG 31,0.0
2030,sc01,08-12 23:00:00+02:00,Solar 64,0.0
2030,sc01,08-12 23:00:00+02:00,CC NG 33,0.0
2030,sc01,08-12 23:00:00+02:00,Solar 46,0.0
2030,sc01,08-12 23:00:00+02:00,Biomass 12,0.0
2030,sc01,08-12 23:00:00+02:00,Wind 04,0.0
2030,sc01,08-12 23:00:00+02:00,Solar 13,0.0
2030,sc01,08-12 23:00:00+02:00,CT NG 55,0.0
2030,sc01,08-12 23:00:00+02:00,Wind N03,122.61469190770046
2030,sc01,08-12 23:00:00+02:00,CT NG 28,0.0
2030,sc01,08-12 23:00:00+02:00,Wind 09,0.0
2030,sc01,08-12 23:00:00+02:00,Solar 60,0.0
2030,sc01,08-12 23:00:00+02:00,Solar 25,0.0
2030,sc01,08-12 23:00:00+02:00,CT NG 23,0.0
2030,sc01,08-12 23:00:00+02:00,ST Other 01,0.0
2030,sc01,08-12 23:00:00+02:00,Solar 70,0.0
2030,sc01,08-12 23:00:00+02:00,CC NG 34,0.0
2030,sc01,08-12 23:00:00+02:00,Solar 48,0.0
2030,sc01,08-12 23:00:00+02:00,Biomass 56,0.0
2030,sc01,08-12 23:00:00+02:00,CT NG 36,0.0
2030,sc01,08-12 23:00:00+02:00,Solar 47,0.0
2030,sc01,08-12 23:00:00+02:00,Hydro 17,0.042137145
2030,sc01,08-12 23:00:00+02:00,Solar 09,0.0
2030,sc01,08-12 23:00:00+02:00,Solar 08,0.0
2030,sc01,08-12 23:00:00+02:00,CT NG 45,0.0
2030,sc01,08-12 23:00:00+02:00,ST NG 04,0.0
2030,sc01,08-12 23:00:00+02:00,Solar 40,0.0
2030,sc01,08-12 23:00:00+02:00,Biomass 47,0.0
2030,sc01,08-12 23:00:00+02:00,Solar 50,0.0
2030,sc01,08-12 23:00:00+02:00,Solar 52,0.0
2030,sc01,08-12 23:00:00+02:00,Solar 63,0.0
2030,sc01,08-12 23:00:00+02:00,CC NG 06,0.0
2030,sc01,08-12 23:00:00+02:00,Biomass 39,0.0
2030,sc01,08-12 23:00:00+02:00,Solar 67,0.0
2030,sc01,08-12 23:00:00+02:00,Solar 19,0.0
2030,sc01,08-12 23:00:00+02:00,Wind 12,22.572736727400002
2030,sc01,08-12 23:00:00+02:00,Solar 24,0.0
2030,sc01,08-12 23:00:00+02:00,ICE NG 02,0.0
2030,sc01,08-12 23:00:00+02:00,Solar 05,0.0
2030,sc01,08-12 23:00:00+02:00,CT NG 54,0.0
2030,sc01,08-12 23:00:00+02:00,Wind N01,134.04136952464032
2030,sc01,08-12 23:00:00+02:00,CT NG 27,0.0
2030,sc01,08-12 23:00:00+02:00,CC NG 36,0.0
2030,sc01,08-12 23:00:00+02:00,Wind N02,75.20636368541919
2030,sc01,08-12 23:00:00+02:00,CT NG 52,0.0
2030,sc01,08-12 23:00:00+02:00,Solar 35,0.0
2030,sc01,08-12 23:00:00+02:00,CT NG 05,0.0
2030,sc01,08-12 23:00:00+02:00,Biomass 36,0.0
2030,sc01,08-12 23:00:00+02:00,CT NG 34,0.0
2030,sc01,08-12 23:00:00+02:00,CT Oil 03,0.0
2030,sc01,08-12 23:00:00+02:00,Hydro 35,0.007491047999999999
2030,sc01,08-12 23:00:00+02:00,Solar 14,0.0
2030,sc01,08-12 23:00:00+02:00,CT NG 75,0.0
2030,sc01,08-12 23:00:00+02:00,ST NG 09,0.0
2030,sc01,08-12 23:00:00+02:00,CT NG 56,0.0
2030,sc01,08-12 23:00:00+02:00,Biomass 22,0.0
2030,sc01,08-12 23:00:00+02:00,Solar 18,0.0
2030,sc01,08-12 23:00:00+02:00,Biomass 13,0.0
2030,sc01,08-12 23:00:00+02:00,CT NG 71,0.0
2030,sc01,08-12 23:00:00+02:00,Solar 58,0.0
2030,sc01,08-12 23:00:00+02:00,Solar 06,0.0
2030,sc01,08-12 23:00:00+02:00,Biomass 08,0.0
2030,sc01,08-12 23:00:00+02:00,CT NG 72,0.0
2030,sc01,08-12 23:00:00+02:00,Hydro 18,0.14513905500000002
2030,sc01,08-12 23:00:00+02:00,Solar 10,0.0
2030,sc01,08-12 23:00:00+02:00,CT NG 04,0.0
2030,sc01,08-12 23:00:00+02:00,ST Other 02,0.0
2030,sc01,08-12 23:00:00+02:00,CT NG 12,0.0
2030,sc01,08-12 23:00:00+02:00,CT NG 48,0.0
2030,sc01,08-12 23:00:00+02:00,ST NG 10,0.0
2030,sc01,08-12 23:00:00+02:00,Solar 22,0.0
2030,sc01,08-12 23:00:00+02:00,Solar 28,0.0
2030,sc01,08-12 23:00:00+02:00,CT NG 73,0.0
2030,sc01,08-12 23:00:00+02:00,Biomass 52,0.0
2030,sc01,08-12 23:00:00+02:00,CT NG 30,0.0
2030,sc01,08-12 23:00:00+02:00,Solar 54,0.0
2030,sc01,08-12 23:00:00+02:00,Solar 31,0.0
2030,sc01,08-12 23:00:00+02:00,Biomass 03,0.0
2030,sc01,08-12 23:00:00+02:00,CT NG 32,0.0
2030,sc01,08-12 23:00:00+02:00,Biomass 27,0.0
2030,sc01,08-12 23:00:00+02:00,CC NG 14,0.0
2030,sc01,08-12 23:00:00+02:00,CC NG 03,0.0
2030,sc01,08-12 23:00:00+02:00,CC NG 29,0.0
2030,sc01,08-12 23:00:00+02:00,CC NG 28,0.0
2030,sc01,08-12 23:00:00+02:00,CC NG 25,0.0
2030,sc01,08-12 23:00:00+02:00,CT NG 44,0.0
2030,sc01,08-12 23:00:00+02:00,CT NG 14,0.0
2030,sc01,08-12 23:00:00+02:00,CC NG 15,0.0
2030,sc01,08-12 23:00:00+02:00,CC NG 04,0.0
2030,sc01,08-12 23:00:00+02:00,Biomass 29,0.0
2030,sc01,08-12 23:00:00+02:00,Wind 14,10.370693664900001
2030,sc01,08-12 23:00:00+02:00,Wind 08,0.0
2030,sc01,08-12 23:00:00+02:00,Biomass 61,0.0
2030,sc01,08-12 23:00:00+02:00,CT NG 35,0.0
2030,sc01,08-12 23:00:00+02:00,Solar 33,0.0
2030,sc01,08-12 23:00:00+02:00,CT NG 41,0.0
2030,sc01,08-12 23:00:00+02:00,CT NG 15,0.0
2030,sc01,08-12 23:00:00+02:00,Solar 42,0.0
2030,sc01,08-12 23:00:00+02:00,Solar 07,0.0
2030,sc01,08-12 23:00:00+02:00,Solar 43,0.0
2030,sc01,08-12 23:00:00+02:00,Biomass 05,0.0
2030,sc01,08-12 23:00:00+02:00,CT NG 29,0.0
2030,sc01,08-12 23:00:00+02:00,Solar 71,0.0
2030,sc01,08-12 23:00:00+02:00,CT NG 53,0.0
2030,sc01,08-12 23:00:00+02:00,CT NG 20,0.0
2030,sc01,08-12 23:00:00+02:00,Biomass 14,0.0
2030,sc01,08-12 23:00:00+02:00,Solar 26,0.0
2030,sc01,08-12 23:00:00+02:00,Hydro 29,3.3670799999999996
2030,sc01,08-12 23:00:00+02:00,Hydro 31,0.012485079999999999
2030,sc01,08-12 23:00:00+02:00,Biomass 24,0.0
2030,sc01,08-12 23:00:00+02:00,Biomass 54,0.0
2030,sc01,08-12 23:00:00+02:00,Solar 36,0.0
2030,sc01,08-12 23:00:00+02:00,Wind 03,0.013192537536
2030,sc01,08-12 23:00:00+02:00,Biomass 40,0.0
2030,sc01,08-12 23:00:00+02:00,Biomass 49,0.0
2030,sc01,08-12 23:00:00+02:00,CC NG 16,0.0
2030,sc01,08-12 23:00:00+02:00,Biomass 48,0.0
2030,sc01,08-12 23:00:00+02:00,Hydro 28,3.3670799999999996
2030,sc01,08-12 23:00:00+02:00,Biomass 17,0.0
2030,sc01,08-12 23:00:00+02:00,CT NG 33,0.0
2030,sc01,08-12 23:00:00+02:00,Solar 45,0.0
2030,sc01,08-12 23:00:00+02:00,Hydro 24,0.0
2030,sc01,08-12 23:00:00+02:00,Wind 13,11.6736594134
2030,sc01,08-12 23:00:00+02:00,Biomass 07,0.0
2030,sc01,08-12 23:00:00+02:00,Biomass 34,0.0
2030,sc01,08-12 23:00:00+02:00,Biomass 33,0.0
2030,sc01,08-12 23:00:00+02:00,CT NG 01,0.0
2030,sc01,08-12 23:00:00+02:00,ICE NG 03,0.0
2030,sc01,08-12 23:00:00+02:00,Solar 55,0.0
2030,sc01,08-12 23:00:00+02:00,Solar 11,0.0
2030,sc01,08-12 23:00:00+02:00,CT NG 06,0.0
2030,sc01,08-12 23:00:00+02:00,CT NG 70,0.0
2030,sc01,08-12 23:00:00+02:00,Solar 23,0.0
2030,sc01,08-12 23:00:00+02:00,CT NG 67,0.0
2030,sc01,08-12 23:00:00+02:00,Solar 12,0.0
2030,sc01,08-12 23:00:00+02:00,CT Oil 01,0.0
2030,sc01,08-12 23:00:00+02:00,Hydro 26,0.0
2030,sc01,08-12 23:00:00+02:00,CC NG 22,0.0
2030,sc01,08-12 23:00:00+02:00,CC NG 35,0.0
2030,sc01,08-12 23:00:00+02:00,Biomass 50,0.0
2030,sc01,08-12 23:00:00+02:00,ICE NG 04,0.0
2030,sc01,08-12 23:00:00+02:00,CC NG 39,0.0
2030,sc01,08-12 23:00:00+02:00,Hydro 32,0.014982095999999999
2030,sc01,08-12 23:00:00+02:00,ICE NG 07,0.0
2030,sc01,08-12 23:00:00+02:00,Biomass 46,0.0
2030,sc01,08-12 23:00:00+02:00,CC NG 38,0.0
2030,sc01,08-12 23:00:00+02:00,CC NG 12,0.0
2030,sc01,08-12 23:00:00+02:00,Solar 57,0.0
2030,sc01,08-12 23:00:00+02:00,CC NG 32,0.0
2030,sc01,08-12 23:00:00+02:00,CC NG 07,0.0
2030,sc01,08-12 23:00:00+02:00,Biomass 44,0.0
2030,sc01,08-12 23:00:00+02:00,CT NG 40,0.0
2030,sc01,08-12 23:00:00+02:00,Solar 74,0.0
2030,sc01,08-12 23:00:00+02:00,Hydro 30,0.0
2030,sc01,08-12 23:00:00+02:00,CT NG 42,0.0
2030,sc01,08-12 23:00:00+02:00,Hydro 22,1.7877319500000002
2030,sc01,08-12 23:00:00+02:00,Solar 17,0.0
2030,sc01,08-12 23:00:00+02:00,Solar 38,0.0
2030,sc01,08-12 23:00:00+02:00,CT NG 24,0.0
2030,sc01,08-12 23:00:00+02:00,CC NG 27,0.0
2030,sc01,08-12 23:00:00+02:00,Biomass 21,0.0
2030,sc01,08-12 23:00:00+02:00,ICE NG 06,0.0
2030,sc01,08-12 23:00:00+02:00,Biomass 25,0.0
2030,sc01,08-12 23:00:00+02:00,Solar 27,0.0
2030,sc01,08-12 23:00:00+02:00,CT NG 19,0.0
2030,sc01,08-12 23:00:00+02:00,Biomass 42,0.0
2030,sc01,08-12 23:00:00+02:00,Biomass 19,0.0
2030,sc01,08-12 23:00:00+02:00,Biomass 06,0.0
2030,sc01,08-12 23:00:00+02:00,CT NG 10,0.0
2030,sc01,08-12 23:00:00+02:00,CC NG 40,0.0
2030,sc01,08-12 23:00:00+02:00,CC NG 21,0.0
2030,sc01,08-12 23:00:00+02:00,Biomass 02,0.0
2030,sc01,08-12 23:00:00+02:00,CT NG 46,0.0
2030,sc01,08-12 23:00:00+02:00,Hydro 34,0.0
2030,sc01,08-12 23:00:00+02:00,Biomass 10,0.0
2030,sc01,08-12 23:00:00+02:00,CT NG 17,0.0
2030,sc01,08-12 23:00:00+02:00,Biomass 62,0.0
2030,sc01,08-12 23:00:00+02:00,Biomass 32,0.0
2030,sc01,08-12 23:00:00+02:00,CC NG 19,0.0
2030,sc01,08-12 23:00:00+02:00,CC NG 17,0.0
2030,sc01,08-12 23:00:00+02:00,ST NG 01,0.0
2030,sc01,08-12 23:00:00+02:00,Biomass 45,0.0
2030,sc01,08-12 23:00:00+02:00,Biomass 28,0.0
2030,sc01,08-12 23:00:00+02:00,CC NG 10,0.0
2030,sc01,08-12 23:00:00+02:00,Biomass 23,0.0
2030,sc01,08-12 23:00:00+02:00,ST NG 06,0.0
2030,sc01,08-12 23:00:00+02:00,Wind 10,0.0
2030,sc01,08-12 23:00:00+02:00,CT NG 69,0.0
2030,sc01,08-12 23:00:00+02:00,CT NG 68,0.0
2030,sc01,08-14 16:00:00+02:00,CC NG 13,0.0
2030,sc01,08-14 16:00:00+02:00,CT NG 37,0.0
2030,sc01,08-14 16:00:00+02:00,ST Coal 01,0.0
2030,sc01,08-14 16:00:00+02:00,CT NG 09,0.0
2030,sc01,08-14 16:00:00+02:00,CT NG 47,0.0
2030,sc01,08-14 16:00:00+02:00,Solar 69,10.839512822400001
2030,sc01,08-14 16:00:00+02:00,Solar 34,8.3561418048
2030,sc01,08-14 16:00:00+02:00,Solar 73,0.0
2030,sc01,08-14 16:00:00+02:00,Biomass 37,0.0
2030,sc01,08-14 16:00:00+02:00,Hydro 20,0.0
2030,sc01,08-14 16:00:00+02:00,Solar 01,8.149182352799999
2030,sc01,08-14 16:00:00+02:00,Solar 62,0.0
2030,sc01,08-14 16:00:00+02:00,Solar 02,1.3844009124703684
2030,sc01,08-14 16:00:00+02:00,CT NG 26,0.0
2030,sc01,08-14 16:00:00+02:00,Biomass 20,0.0
2030,sc01,08-14 16:00:00+02:00,Wind 16,12.30588063246256
2030,sc01,08-14 16:00:00+02:00,CT NG 66,0.0
2030,sc01,08-14 16:00:00+02:00,Solar 39,0.0
2030,sc01,08-14 16:00:00+02:00,Biomass 41,0.0
2030,sc01,08-14 16:00:00+02:00,Solar 72,0.88025320944
2030,sc01,08-14 16:00:00+02:00,ST NG 03,0.0
2030,sc01,08-14 16:00:00+02:00,Hydro 21,0.9278553600000001
2030,sc01,08-14 16:00:00+02:00,CT NG 03,0.0
2030,sc01,08-14 16:00:00+02:00,CC NG 09,0.0
2030,sc01,08-14 16:00:00+02:00,CT Oil 02,0.0
2030,sc01,08-14 16:00:00+02:00,CT NG 39,0.0
2030,sc01,08-14 16:00:00+02:00,CC NG 08,0.0
2030,sc01,08-14 16:00:00+02:00,Biomass 43,0.0
2030,sc01,08-14 16:00:00+02:00,CT NG 18,0.0
2030,sc01,08-14 16:00:00+02:00,ST NG 07,0.0
2030,sc01,08-14 16:00:00+02:00,Biomass 35,0.0
2030,sc01,08-14 16:00:00+02:00,Solar 32,0.0
2030,sc01,08-14 16:00:00+02:00,Biomass 15,0.0
2030,sc01,08-14 16:00:00+02:00,CC NG 31,0.0
2030,sc01,08-14 16:00:00+02:00,Solar 16,0.49541681232000007
2030,sc01,08-14 16:00:00+02:00,Solar 68,7.4108808744
2030,sc01,08-14 16:00:00+02:00,CT NG 21,0.0
2030,sc01,08-14 16:00:00+02:00,Wind 11,1.54933668048
2030,sc01,08-14 16:00:00+02:00,CC NG 37,0.0
2030,sc01,08-14 16:00:00+02:00,CT NG 22,0.0
2030,sc01,08-14 16:00:00+02:00,Hydro 16,0.011132159999999999
2030,sc01,08-14 16:00:00+02:00,Biomass 59,0.0
2030,sc01,08-14 16:00:00+02:00,CC NG 01,0.0
2030,sc01,08-14 16:00:00+02:00,Biomass 16,0.0
2030,sc01,08-14 16:00:00+02:00,Solar 03,0.0
2030,sc01,08-14 16:00:00+02:00,Solar 44,0.0
2030,sc01,08-14 16:00:00+02:00,CT NG 08,0.0
2030,sc01,08-14 16:00:00+02:00,Wind 05,0.035038202112
2030,sc01,08-14 16:00:00+02:00,Biomass 26,0.0
2030,sc01,08-14 16:00:00+02:00,Solar 37,0.0
2030,sc01,08-14 16:00:00+02:00,Biomass 11,0.0
2030,sc01,08-14 16:00:00+02:00,Solar 59,0.7542115236
2030,sc01,08-14 16:00:00+02:00,CT NG 11,0.0
2030,sc01,08-14 16:00:00+02:00,Biomass 30,0.0
2030,sc01,08-14 16:00:00+02:00,Hydro 23,0.0
2030,sc01,08-14 16:00:00+02:00,CC NG 24,0.0
2030,sc01,08-14 16:00:00+02:00,Solar 65,4.1566876032
2030,sc01,08-14 16:00:00+02:00,CC NG 18,0.0
2030,sc01,08-14 16:00:00+02:00,CT NG 16,0.0
2030,sc01,08-14 16:00:00+02:00,Solar 51,0.0
2030,sc01,08-14 16:00:00+02:00,Wind 06,2.1101806195200004
2030,sc01,08-14 16:00:00+02:00,CC NG 26,0.0
2030,sc01,08-14 16:00:00+02:00,CC NG 23,0.0
2030,sc01,08-14 16:00:00+02:00,CT NG 43,0.0
2030,sc01,08-14 16:00:00+02:00,CC NG 11,0.0
2030,sc01,08-14 16:00:00+02:00,CT NG 02,0.0
2030,sc01,08-14 16:00:00+02:00,CT NG 50,0.0
2030,sc01,08-14 16:00:00+02:00,Hydro 27,0.0
2030,sc01,08-14 16:00:00+02:00,CT NG 13,0.0
2030,sc01,08-14 16:00:00+02:00,CT NG 25,0.0
2030,sc01,08-14 16:00:00+02:00,CC NG 05,0.0
2030,sc01,08-14 16:00:00+02:00,Solar 04,0.39925505208
2030,sc01,08-14 16:00:00+02:00,Solar 30,0.47773612464000004
2030,sc01,08-14 16:00:00+02:00,Solar 29,0.6020414973600001
2030,sc01,08-14 16:00:00+02:00,Solar 53,0.0
2030,sc01,08-14 16:00:00+02:00,Solar 21,1.51492518648
2030,sc01,08-14 16:00:00+02:00,Biomass 58,0.0
2030,sc01,08-14 16:00:00+02:00,CT NG 74,0.0
2030,sc01,08-14 16:00:00+02:00,Solar 61,0.11959415212800001
2030,sc01,08-14 16:00:00+02:00,Wind 07,1.51362237144
2030,sc01,08-14 16:00:00+02:00,Biomass 31,0.0
2030,sc01,08-14 16:00:00+02:00,CT Oil 05,0.0
2030,sc01,08-14 16:00:00+02:00,Biomass 38,0.0
2030,sc01,08-14 16:00:00+02:00,Solar 41,0.0
2030,sc01,08-14 16:00:00+02:00,Biomass 51,0.0
2030,sc01,08-14 16:00:00+02:00,Biomass 55,0.0
2030,sc01,08-14 16:00:00+02:00,Wind 15,0.0
2030,sc01,08-14 16:00:00+02:00,Geo 01,0.0
2030,sc01,08-14 16:00:00+02:00,Biomass 60,0.0
2030,sc01,08-14 16:00:00+02:00,CT NG 38,0.0
2030,sc01,08-14 16:00:00+02:00,Solar 66,13.551334248
2030,sc01,08-14 16:00:00+02:00,Solar 49,0.0
2030,sc01,08-14 16:00:00+02:00,CT NG 51,0.0
2030,sc01,08-14 16:00:00+02:00,Biomass 18,0.0
2030,sc01,08-14 16:00:00+02:00,ICE NG 01,0.0
2030,sc01,08-14 16:00:00+02:00,Solar 15,0.8663719848000002
2030,sc01,08-14 16:00:00+02:00,ICE NG 05,0.0
2030,sc01,08-14 16:00:00+02:00,CT Oil 04,0.0
2030,sc01,08-14 16:00:00+02:00,CC NG 20,0.0
2030,sc01,08-14 16:00:00+02:00,Solar 20,0.69948628296
2030,sc01,08-14 16:00:00+02:00,Biomass 04,0.0
2030,sc01,08-14 16:00:00+02:00,Wind 02,3.4956401519999996
2030,sc01,08-14 16:00:00+02:00,Hydro 25,0.0
2030,sc01,08-14 16:00:00+02:00,Solar 75,0.0
2030,sc01,08-14 16:00:00+02:00,Hydro 33,0.0
2030,sc01,08-14 16:00:00+02:00,ST NG 05,0.0
2030,sc01,08-14 16:00:00+02:00,CT NG 07,0.0
2030,sc01,08-14 16:00:00+02:00,Wind 01,1.01345696208
2030,sc01,08-14 16:00:00+02:00,Solar 56,0.0
2030,sc01,08-14 16:00:00+02:00,Biomass 09,0.0
2030,sc01,08-14 16:00:00+02:00,Biomass 53,0.0
2030,sc01,08-14 16:00:00+02:00,Wind 17,11.901204928799999
2030,sc01,08-14 16:00:00+02:00,ST NG 08,0.0
2030,sc01,08-14 16:00:00+02:00,Hydro 19,0.0
2030,sc01,08-14 16:00:00+02:00,ST NG 02,0.0
2030,sc01,08-14 16:00:00+02:00,Biomass 01,0.0
2030,sc01,08-14 16:00:00+02:00,Biomass 57,0.0
2030,sc01,08-14 16:00:00+02:00,CT NG 49,0.0
2030,sc01,08-14 16:00:00+02:00,CT NG 31,0.0
2030,sc01,08-14 16:00:00+02:00,Solar 64,2.18225659968
2030,sc01,08-14 16:00:00+02:00,CC NG 33,0.0
2030,sc01,08-14 16:00:00+02:00,Solar 46,0.0
2030,sc01,08-14 16:00:00+02:00,Biomass 12,0.0
2030,sc01,08-14 16:00:00+02:00,Wind 04,0.10669400563199999
2030,sc01,08-14 16:00:00+02:00,Solar 13,0.021749080512
2030,sc01,08-14 16:00:00+02:00,CT NG 55,0.0
2030,sc01,08-14 16:00:00+02:00,Wind N03,35.79259602875569
2030,sc01,08-14 16:00:00+02:00,CT NG 28,0.0
2030,sc01,08-14 16:00:00+02:00,Wind 09,0.61399190256
2030,sc01,08-14 16:00:00+02:00,Solar 60,0.95155507464
2030,sc01,08-14 16:00:00+02:00,Solar 25,0.159489824256
2030,sc01,08-14 16:00:00+02:00,CT NG 23,0.0
2030,sc01,08-14 16:00:00+02:00,ST Other 01,0.0
2030,sc01,08-14 16:00:00+02:00,Solar 70,16.839659695199998
2030,sc01,08-14 16:00:00+02:00,CC NG 34,0.0
2030,sc01,08-14 16:00:00+02:00,Solar 48,0.0
2030,sc01,08-14 16:00:00+02:00,Biomass 56,0.06288
2030,sc01,08-14 16:00:00+02:00,CT NG 36,0.0
2030,sc01,08-14 16:00:00+02:00,Solar 47,0.0
2030,sc01,08-14 16:00:00+02:00,Hydro 17,0.0
2030,sc01,08-14 16:00:00+02:00,Solar 09,1.05706169664
2030,sc01,08-14 16:00:00+02:00,Solar 08,0.20649517670399997
2030,sc01,08-14 16:00:00+02:00,CT NG 45,0.0
2030,sc01,08-14 16:00:00+02:00,ST NG 04,0.0
2030,sc01,08-14 16:00:00+02:00,Solar 40,0.0
2030,sc01,08-14 16:00:00+02:00,Biomass 47,0.0
2030,sc01,08-14 16:00:00+02:00,Solar 50,0.0
2030,sc01,08-14 16:00:00+02:00,Solar 52,0.0
2030,sc01,08-14 16:00:00+02:00,Solar 63,4.6602769751999995
2030,sc01,08-14 16:00:00+02:00,CC NG 06,0.0
2030,sc01,08-14 16:00:00+02:00,Biomass 39,0.0
2030,sc01,08-14 16:00:00+02:00,Solar 67,3.1065914735999995
2030,sc01,08-14 16:00:00+02:00,Solar 19,0.008225600064000001
2030,sc01,08-14 16:00:00+02:00,Wind 12,9.9786081576
2030,sc01,08-14 16:00:00+02:00,Solar 24,0.11895577363200001
2030,sc01,08-14 16:00:00+02:00,ICE NG 02,0.0
2030,sc01,08-14 16:00:00+02:00,Solar 05,0.009672428544000002
2030,sc01,08-14 16:00:00+02:00,CT NG 54,0.0
2030,sc01,08-14 16:00:00+02:00,Wind N01,67.22442666135466
2030,sc01,08-14 16:00:00+02:00,CT NG 27,0.0
2030,sc01,08-14 16:00:00+02:00,CC NG 36,0.0
2030,sc01,08-14 16:00:00+02:00,Wind N02,50.64816090727484
2030,sc01,08-14 16:00:00+02:00,CT NG 52,0.0
2030,sc01,08-14 16:00:00+02:00,Solar 35,0.0
2030,sc01,08-14 16:00:00+02:00,CT NG 05,0.0
2030,sc01,08-14 16:00:00+02:00,Biomass 36,0.0
2030,sc01,08-14 16:00:00+02:00,CT NG 34,0.0
2030,sc01,08-14 16:00:00+02:00,CT Oil 03,0.0
2030,sc01,08-14 16:00:00+02:00,Hydro 35,0.0
2030,sc01,08-14 16:00:00+02:00,Solar 14,0.96321056016
2030,sc01,08-14 16:00:00+02:00,CT NG 75,0.0
2030,sc01,08-14 16:00:00+02:00,ST NG 09,0.0
2030,sc01,08-14 16:00:00+02:00,CT NG 56,0.0
2030,sc01,08-14 16:00:00+02:00,Biomass 22,0.0
2030,sc01,08-14 16:00:00+02:00,Solar 18,1.01595889728
2030,sc01,08-14 16:00:00+02:00,Biomass 13,0.0
2030,sc01,08-14 16:00:00+02:00,CT NG 71,0.0
2030,sc01,08-14 16:00:00+02:00,Solar 58,0.0
2030,sc01,08-14 16:00:00+02:00,Solar 06,0.4752598632
2030,sc01,08-14 16:00:00+02:00,Biomass 08,0.0
2030,sc01,08-14 16:00:00+02:00,CT NG 72,0.0
2030,sc01,08-14 16:00:00+02:00,Hydro 18,0.0
2030,sc01,08-14 16:00:00+02:00,Solar 10,0.67377106992
2030,sc01,08-14 16:00:00+02:00,CT NG 04,0.0
2030,sc01,08-14 16:00:00+02:00,ST Other 02,0.0
2030,sc01,08-14 16:00:00+02:00,CT NG 12,0.0
2030,sc01,08-14 16:00:00+02:00,CT NG 48,0.0
2030,sc01,08-14 16:00:00+02:00,ST NG 10,0.0
2030,sc01,08-14 16:00:00+02:00,Solar 22,0.6261881779199999
2030,sc01,08-14 16:00:00+02:00,Solar 28,0.56036550048
2030,sc01,08-14 16:00:00+02:00,CT NG 73,0.0
2030,sc01,08-14 16:00:00+02:00,Biomass 52,0.0
2030,sc01,08-14 16:00:00+02:00,CT NG 30,0.0
2030,sc01,08-14 16:00:00+02:00,Solar 54,0.0
2030,sc01,08-14 16:00:00+02:00,Solar 31,0.0
2030,sc01,08-14 16:00:00+02:00,Biomass 03,0.0
2030,sc01,08-14 16:00:00+02:00,CT NG 32,0.0
2030,sc01,08-14 16:00:00+02:00,Biomass 27,0.0
2030,sc01,08-14 16:00:00+02:00,CC NG 14,0.0
2030,sc01,08-14 16:00:00+02:00,CC NG 03,0.0
2030,sc01,08-14 16:00:00+02:00,CC NG 29,0.0
2030,sc01,08-14 16:00:00+02:00,CC NG 28,0.0
2030,sc01,08-14 16:00:00+02:00,CC NG 25,0.0
2030,sc01,08-14 16:00:00+02:00,CT NG 44,0.0
2030,sc01,08-14 16:00:00+02:00,CT NG 14,0.0
2030,sc01,08-14 16:00:00+02:00,CC NG 15,0.0
2030,sc01,08-14 16:00:00+02:00,CC NG 04,0.0
2030,sc01,08-14 16:00:00+02:00,Biomass 29,0.0
2030,sc01,08-14 16:00:00+02:00,Wind 14,0.0
2030,sc01,08-14 16:00:00+02:00,Wind 08,0.8446170314400001
2030,sc01,08-14 16:00:00+02:00,Biomass 61,0.0
2030,sc01,08-14 16:00:00+02:00,CT NG 35,0.0
2030,sc01,08-14 16:00:00+02:00,Solar 33,0.0
2030,sc01,08-14 16:00:00+02:00,CT NG 41,0.0
2030,sc01,08-14 16:00:00+02:00,CT NG 15,0.0
2030,sc01,08-14 16:00:00+02:00,Solar 42,0.0
2030,sc01,08-14 16:00:00+02:00,Solar 07,0.017518705535999997
2030,sc01,08-14 16:00:00+02:00,Solar 43,0.0
2030,sc01,08-14 16:00:00+02:00,Biomass 05,0.0
2030,sc01,08-14 16:00:00+02:00,CT NG 29,0.0
2030,sc01,08-14 16:00:00+02:00,Solar 71,0.0
2030,sc01,08-14 16:00:00+02:00,CT NG 53,0.0
2030,sc01,08-14 16:00:00+02:00,CT NG 20,0.0
2030,sc01,08-14 16:00:00+02:00,Biomass 14,0.0
2030,sc01,08-14 16:00:00+02:00,Solar 26,0.147698713344
2030,sc01,08-14 16:00:00+02:00,Hydro 29,0.0
2030,sc01,08-14 16:00:00+02:00,Hydro 31,0.0
2030,sc01,08-14 16:00:00+02:00,Biomass 24,0.00672
2030,sc01,08-14 16:00:00+02:00,Biomass 54,0.0
2030,sc01,08-14 16:00:00+02:00,Solar 36,8.2389647856
2030,sc01,08-14 16:00:00+02:00,Wind 03,0.24103762512
2030,sc01,08-14 16:00:00+02:00,Biomass 40,0.0
2030,sc01,08-14 16:00:00+02:00,Biomass 49,0.0
2030,sc01,08-14 16:00:00+02:00,CC NG 16,0.0
2030,sc01,08-14 16:00:00+02:00,Biomass 48,0.0
2030,sc01,08-14 16:00:00+02:00,Hydro 28,0.0
2030,sc01,08-14 16:00:00+02:00,Biomass 17,0.0
2030,sc01,08-14 16:00:00+02:00,CT NG 33,0.0
2030,sc01,08-14 16:00:00+02:00,Solar 45,0.0
2030,sc01,08-14 16:00:00+02:00,Hydro 24,0.0
2030,sc01,08-14 16:00:00+02:00,Wind 13,5.083559795999999
2030,sc01,08-14 16:00:00+02:00,Biomass 07,0.0
2030,sc01,08-14 16:00:00+02:00,Biomass 34,0.0
2030,sc01,08-14 16:00:00+02:00,Biomass 33,0.0
2030,sc01,08-14 16:00:00+02:00,CT NG 01,0.0
2030,sc01,08-14 16:00:00+02:00,ICE NG 03,0.0
2030,sc01,08-14 16:00:00+02:00,Solar 55,0.0
2030,sc01,08-14 16:00:00+02:00,Solar 11,0.163154250816
2030,sc01,08-14 16:00:00+02:00,CT NG 06,0.0
2030,sc01,08-14 16:00:00+02:00,CT NG 70,0.0
2030,sc01,08-14 16:00:00+02:00,Solar 23,0.024158437440000003
2030,sc01,08-14 16:00:00+02:00,CT NG 67,0.0
2030,sc01,08-14 16:00:00+02:00,Solar 12,0.12629862681600001
2030,sc01,08-14 16:00:00+02:00,CT Oil 01,0.0
2030,sc01,08-14 16:00:00+02:00,Hydro 26,0.0
2030,sc01,08-14 16:00:00+02:00,CC NG 22,0.0
2030,sc01,08-14 16:00:00+02:00,CC NG 35,0.0
2030,sc01,08-14 16:00:00+02:00,Biomass 50,0.0
2030,sc01,08-14 16:00:00+02:00,ICE NG 04,0.0
2030,sc01,08-14 16:00:00+02:00,CC NG 39,0.0
2030,sc01,08-14 16:00:00+02:00,Hydro 32,0.0
2030,sc01,08-14 16:00:00+02:00,ICE NG 07,0.0
2030,sc01,08-14 16:00:00+02:00,Biomass 46,0.0
2030,sc01,08-14 16:00:00+02:00,CC NG 38,0.0
2030,sc01,08-14 16:00:00+02:00,CC NG 12,0.0
2030,sc01,08-14 16:00:00+02:00,Solar 57,0.0
2030,sc01,08-14 16:00:00+02:00,CC NG 32,0.0
2030,sc01,08-14 16:00:00+02:00,CC NG 07,0.0
2030,sc01,08-14 16:00:00+02:00,Biomass 44,0.0
2030,sc01,08-14 16:00:00+02:00,CT NG 40,0.0
2030,sc01,08-14 16:00:00+02:00,Solar 74,4.0544148432
2030,sc01,08-14 16:00:00+02:00,Hydro 30,0.0
2030,sc01,08-14 16:00:00+02:00,CT NG 42,0.0
2030,sc01,08-14 16:00:00+02:00,Hydro 22,0.9278553600000001
2030,sc01,08-14 16:00:00+02:00,Solar 17,0.24772208208000002
2030,sc01,08-14 16:00:00+02:00,Solar 38,0.0
2030,sc01,08-14 16:00:00+02:00,CT NG 24,0.0
2030,sc01,08-14 16:00:00+02:00,CC NG 27,0.0
2030,sc01,08-14 16:00:00+02:00,Biomass 21,0.0
2030,sc01,08-14 16:00:00+02:00,ICE NG 06,0.0
2030,sc01,08-14 16:00:00+02:00,Biomass 25,0.006552415322000682
2030,sc01,08-14 16:00:00+02:00,Solar 27,0.08186533344
2030,sc01,08-14 16:00:00+02:00,CT NG 19,0.0
2030,sc01,08-14 16:00:00+02:00,Biomass 42,0.0
2030,sc01,08-14 16:00:00+02:00,Biomass 19,0.0
2030,sc01,08-14 16:00:00+02:00,Biomass 06,0.0
2030,sc01,08-14 16:00:00+02:00,CT NG 10,0.0
2030,sc01,08-14 16:00:00+02:00,CC NG 40,0.0
2030,sc01,08-14 16:00:00+02:00,CC NG 21,0.0
2030,sc01,08-14 16:00:00+02:00,Biomass 02,0.0
2030,sc01,08-14 16:00:00+02:00,CT NG 46,0.0
2030,sc01,08-14 16:00:00+02:00,Hydro 34,0.0
2030,sc01,08-14 16:00:00+02:00,Biomass 10,0.0
2030,sc01,08-14 16:00:00+02:00,CT NG 17,0.0
2030,sc01,08-14 16:00:00+02:00,Biomass 62,0.0
2030,sc01,08-14 16:00:00+02:00,Biomass 32,0.0
2030,sc01,08-14 16:00:00+02:00,CC NG 19,0.0
2030,sc01,08-14 16:00:00+02:00,CC NG 17,0.0
2030,sc01,08-14 16:00:00+02:00,ST NG 01,0.0
2030,sc01,08-14 16:00:00+02:00,Biomass 45,0.0
2030,sc01,08-14 16:00:00+02:00,Biomass 28,0.0
2030,sc01,08-14 16:00:00+02:00,CC NG 10,0.0
2030,sc01,08-14 16:00:00+02:00,Biomass 23,0.0
2030,sc01,08-14 16:00:00+02:00,ST NG 06,0.0
2030,sc01,08-14 16:00:00+02:00,Wind 10,0.59221508784
2030,sc01,08-14 16:00:00+02:00,CT NG 69,0.0
2030,sc01,08-14 16:00:00+02:00,CT NG 68,0.0
2030,sc01,08-14 19:00:00+02:00,CC NG 13,0.0
2030,sc01,08-14 19:00:00+02:00,CT NG 37,0.0
2030,sc01,08-14 19:00:00+02:00,ST Coal 01,0.0
2030,sc01,08-14 19:00:00+02:00,CT NG 09,0.0
2030,sc01,08-14 19:00:00+02:00,CT NG 47,0.0
2030,sc01,08-14 19:00:00+02:00,Solar 69,0.0
2030,sc01,08-14 19:00:00+02:00,Solar 34,0.0
2030,sc01,08-14 19:00:00+02:00,Solar 73,0.0
2030,sc01,08-14 19:00:00+02:00,Biomass 37,0.0
2030,sc01,08-14 19:00:00+02:00,Hydro 20,0.0
2030,sc01,08-14 19:00:00+02:00,Solar 01,0.0
2030,sc01,08-14 19:00:00+02:00,Solar 62,0.0
2030,sc01,08-14 19:00:00+02:00,Solar 02,0.0
2030,sc01,08-14 19:00:00+02:00,CT NG 26,0.0
2030,sc01,08-14 19:00:00+02:00,Biomass 20,0.00936
2030,sc01,08-14 19:00:00+02:00,Wind 16,19.8585088896
2030,sc01,08-14 19:00:00+02:00,CT NG 66,0.0
2030,sc01,08-14 19:00:00+02:00,Solar 39,0.0
2030,sc01,08-14 19:00:00+02:00,Biomass 41,0.0
2030,sc01,08-14 19:00:00+02:00,Solar 72,0.0
2030,sc01,08-14 19:00:00+02:00,ST NG 03,0.0
2030,sc01,08-14 19:00:00+02:00,Hydro 21,0.8430199200000001
2030,sc01,08-14 19:00:00+02:00,CT NG 03,0.0
2030,sc01,08-14 19:00:00+02:00,CC NG 09,0.0
2030,sc01,08-14 19:00:00+02:00,CT Oil 02,0.0
2030,sc01,08-14 19:00:00+02:00,CT NG 39,0.0
2030,sc01,08-14 19:00:00+02:00,CC NG 08,0.0
2030,sc01,08-14 19:00:00+02:00,Biomass 43,0.0
2030,sc01,08-14 19:00:00+02:00,CT NG 18,0.0
2030,sc01,08-14 19:00:00+02:00,ST NG 07,0.0
2030,sc01,08-14 19:00:00+02:00,Biomass 35,0.0
2030,sc01,08-14 19:00:00+02:00,Solar 32,0.0
2030,sc01,08-14 19:00:00+02:00,Biomass 15,0.00528
2030,sc01,08-14 19:00:00+02:00,CC NG 31,0.0
2030,sc01,08-14 19:00:00+02:00,Solar 16,0.0
2030,sc01,08-14 19:00:00+02:00,Solar 68,0.0
2030,sc01,08-14 19:00:00+02:00,CT NG 21,0.0
2030,sc01,08-14 19:00:00+02:00,Wind 11,1.8199160395199998
2030,sc01,08-14 19:00:00+02:00,CC NG 37,0.0
2030,sc01,08-14 19:00:00+02:00,CT NG 22,0.0
2030,sc01,08-14 19:00:00+02:00,Hydro 16,0.01118976
2030,sc01,08-14 19:00:00+02:00,Biomass 59,0.09936
2030,sc01,08-14 19:00:00+02:00,CC NG 01,0.0
2030,sc01,08-14 19:00:00+02:00,Biomass 16,0.00528
2030,sc01,08-14 19:00:00+02:00,Solar 03,0.0
2030,sc01,08-14 19:00:00+02:00,Solar 44,0.0
2030,sc01,08-14 19:00:00+02:00,CT NG 08,0.0
2030,sc01,08-14 19:00:00+02:00,Wind 05,0.037712356416
2030,sc01,08-14 19:00:00+02:00,Biomass 26,0.04104
2030,sc01,08-14 19:00:00+02:00,Solar 37,0.0
2030,sc01,08-14 19:00:00+02:00,Biomass 11,0.00792
2030,sc01,08-14 19:00:00+02:00,Solar 59,0.0
2030,sc01,08-14 19:00:00+02:00,CT NG 11,0.0
2030,sc01,08-14 19:00:00+02:00,Biomass 30,0.04104
2030,sc01,08-14 19:00:00+02:00,Hydro 23,0.0
2030,sc01,08-14 19:00:00+02:00,CC NG 24,0.0
2030,sc01,08-14 19:00:00+02:00,Solar 65,0.0
2030,sc01,08-14 19:00:00+02:00,CC NG 18,0.0
2030,sc01,08-14 19:00:00+02:00,CT NG 16,0.0
2030,sc01,08-14 19:00:00+02:00,Solar 51,0.0
2030,sc01,08-14 19:00:00+02:00,Wind 06,2.4852504696
2030,sc01,08-14 19:00:00+02:00,CC NG 26,0.0
2030,sc01,08-14 19:00:00+02:00,CC NG 23,0.0
2030,sc01,08-14 19:00:00+02:00,CT NG 43,0.0
2030,sc01,08-14 19:00:00+02:00,CC NG 11,0.0
2030,sc01,08-14 19:00:00+02:00,CT NG 02,0.0
2030,sc01,08-14 19:00:00+02:00,CT NG 50,0.0
2030,sc01,08-14 19:00:00+02:00,Hydro 27,0.5455007999999999
2030,sc01,08-14 19:00:00+02:00,CT NG 13,0.1283268637781938
2030,sc01,08-14 19:00:00+02:00,CT NG 25,0.0
2030,sc01,08-14 19:00:00+02:00,CC NG 05,0.0
2030,sc01,08-14 19:00:00+02:00,Solar 04,0.0
2030,sc01,08-14 19:00:00+02:00,Solar 30,0.0
2030,sc01,08-14 19:00:00+02:00,Solar 29,0.0
2030,sc01,08-14 19:00:00+02:00,Solar 53,0.0
2030,sc01,08-14 19:00:00+02:00,Solar 21,0.0
2030,sc01,08-14 19:00:00+02:00,Biomass 58,0.052320000000000005
2030,sc01,08-14 19:00:00+02:00,CT NG 74,0.0
2030,sc01,08-14 19:00:00+02:00,Solar 61,0.0
2030,sc01,08-14 19:00:00+02:00,Wind 07,1.75892947512
2030,sc01,08-14 19:00:00+02:00,Biomass 31,0.04104
2030,sc01,08-14 19:00:00+02:00,CT Oil 05,0.0
2030,sc01,08-14 19:00:00+02:00,Biomass 38,0.0
2030,sc01,08-14 19:00:00+02:00,Solar 41,0.0
2030,sc01,08-14 19:00:00+02:00,Biomass 51,0.0
2030,sc01,08-14 19:00:00+02:00,Biomass 55,0.06312
2030,sc01,08-14 19:00:00+02:00,Wind 15,0.0
2030,sc01,08-14 19:00:00+02:00,Geo 01,0.0
2030,sc01,08-14 19:00:00+02:00,Biomass 60,0.0648
2030,sc01,08-14 19:00:00+02:00,CT NG 38,0.0
2030,sc01,08-14 19:00:00+02:00,Solar 66,0.0
2030,sc01,08-14 19:00:00+02:00,Solar 49,0.0
2030,sc01,08-14 19:00:00+02:00,CT NG 51,0.0
2030,sc01,08-14 19:00:00+02:00,Biomass 18,0.00528
2030,sc01,08-14 19:00:00+02:00,ICE NG 01,0.0
2030,sc01,08-14 19:00:00+02:00,Solar 15,0.0
2030,sc01,08-14 19:00:00+02:00,ICE NG 05,0.0
2030,sc01,08-14 19:00:00+02:00,CT Oil 04,0.0
2030,sc01,08-14 19:00:00+02:00,CC NG 20,0.0
2030,sc01,08-14 19:00:00+02:00,Solar 20,0.0
2030,sc01,08-14 19:00:00+02:00,Biomass 04,0.0
2030,sc01,08-14 19:00:00+02:00,Wind 02,4.4119928736
2030,sc01,08-14 19:00:00+02:00,Hydro 25,0.0
2030,sc01,08-14 19:00:00+02:00,Solar 75,0.0
2030,sc01,08-14 19:00:00+02:00,Hydro 33,0.0
2030,sc01,08-14 19:00:00+02:00,ST NG 05,0.0
2030,sc01,08-14 19:00:00+02:00,CT NG 07,0.0
2030,sc01,08-14 19:00:00+02:00,Wind 01,1.1633080454400002
2030,sc01,08-14 19:00:00+02:00,Solar 56,0.0
2030,sc01,08-14 19:00:00+02:00,Biomass 09,0.01968
2030,sc01,08-14 19:00:00+02:00,Biomass 53,0.06312
2030,sc01,08-14 19:00:00+02:00,Wind 17,2.157302293744067
2030,sc01,08-14 19:00:00+02:00,ST NG 08,0.0
2030,sc01,08-14 19:00:00+02:00,Hydro 19,0.0
2030,sc01,08-14 19:00:00+02:00,ST NG 02,0.0
2030,sc01,08-14 19:00:00+02:00,Biomass 01,0.026640000000000004
2030,sc01,08-14 19:00:00+02:00,Biomass 57,0.052320000000000005
2030,sc01,08-14 19:00:00+02:00,CT NG 49,0.0
2030,sc01,08-14 19:00:00+02:00,CT NG 31,0.0
2030,sc01,08-14 19:00:00+02:00,Solar 64,0.0
2030,sc01,08-14 19:00:00+02:00,CC NG 33,0.0
2030,sc01,08-14 19:00:00+02:00,Solar 46,0.0
2030,sc01,08-14 19:00:00+02:00,Biomass 12,0.00792
2030,sc01,08-14 19:00:00+02:00,Wind 04,0.044632143552
2030,sc01,08-14 19:00:00+02:00,Solar 13,0.0
2030,sc01,08-14 19:00:00+02:00,CT NG 55,0.0
2030,sc01,08-14 19:00:00+02:00,Wind N03,84.52264870478402
2030,sc01,08-14 19:00:00+02:00,CT NG 28,0.0
2030,sc01,08-14 19:00:00+02:00,Wind 09,0.68662307496
2030,sc01,08-14 19:00:00+02:00,Solar 60,0.0
2030,sc01,08-14 19:00:00+02:00,Solar 25,0.0
2030,sc01,08-14 19:00:00+02:00,CT NG 23,0.0
2030,sc01,08-14 19:00:00+02:00,ST Other 01,0.0
2030,sc01,08-14 19:00:00+02:00,Solar 70,0.0
2030,sc01,08-14 19:00:00+02:00,CC NG 34,0.0
2030,sc01,08-14 19:00:00+02:00,Solar 48,0.0
2030,sc01,08-14 19:00:00+02:00,Biomass 56,0.06288
2030,sc01,08-14 19:00:00+02:00,CT NG 36,0.0
2030,sc01,08-14 19:00:00+02:00,Solar 47,0.0
2030,sc01,08-14 19:00:00+02:00,Hydro 17,0.018882720000000002
2030,sc01,08-14 19:00:00+02:00,Solar 09,0.0
2030,sc01,08-14 19:00:00+02:00,Solar 08,0.0
2030,sc01,08-14 19:00:00+02:00,CT NG 45,0.0
2030,sc01,08-14 19:00:00+02:00,ST NG 04,0.0
2030,sc01,08-14 19:00:00+02:00,Solar 40,0.0
2030,sc01,08-14 19:00:00+02:00,Biomass 47,0.0
2030,sc01,08-14 19:00:00+02:00,Solar 50,0.0
2030,sc01,08-14 19:00:00+02:00,Solar 52,0.0
2030,sc01,08-14 19:00:00+02:00,Solar 63,0.0
2030,sc01,08-14 19:00:00+02:00,CC NG 06,0.0
2030,sc01,08-14 19:00:00+02:00,Biomass 39,0.0
2030,sc01,08-14 19:00:00+02:00,Solar 67,0.0
2030,sc01,08-14 19:00:00+02:00,Solar 19,0.0
2030,sc01,08-14 19:00:00+02:00,Wind 12,11.32735128
2030,sc01,08-14 19:00:00+02:00,Solar 24,0.0
2030,sc01,08-14 19:00:00+02:00,ICE NG 02,0.0
2030,sc01,08-14 19:00:00+02:00,Solar 05,0.0
2030,sc01,08-14 19:00:00+02:00,CT NG 54,0.0
2030,sc01,08-14 19:00:00+02:00,Wind N01,63.985050290979
2030,sc01,08-14 19:00:00+02:00,CT NG 27,0.0
2030,sc01,08-14 19:00:00+02:00,CC NG 36,0.0
2030,sc01,08-14 19:00:00+02:00,Wind N02,56.649027284776174
2030,sc01,08-14 19:00:00+02:00,CT NG 52,0.0
2030,sc01,08-14 19:00:00+02:00,Solar 35,0.0
2030,sc01,08-14 19:00:00+02:00,CT NG 05,0.0
2030,sc01,08-14 19:00:00+02:00,Biomass 36,0.0
2030,sc01,08-14 19:00:00+02:00,CT NG 34,0.0
2030,sc01,08-14 19:00:00+02:00,CT Oil 03,0.0
2030,sc01,08-14 19:00:00+02:00,Hydro 35,0.0033569280000000003
2030,sc01,08-14 19:00:00+02:00,Solar 14,0.0
2030,sc01,08-14 19:00:00+02:00,CT NG 75,0.0
2030,sc01,08-14 19:00:00+02:00,ST NG 09,0.0
2030,sc01,08-14 19:00:00+02:00,CT NG 56,0.0
2030,sc01,08-14 19:00:00+02:00,Biomass 22,0.00936
2030,sc01,08-14 19:00:00+02:00,Solar 18,0.0
2030,sc01,08-14 19:00:00+02:00,Biomass 13,0.00792
2030,sc01,08-14 19:00:00+02:00,CT NG 71,0.0
2030,sc01,08-14 19:00:00+02:00,Solar 58,0.0
2030,sc01,08-14 19:00:00+02:00,Solar 06,0.0
2030,sc01,08-14 19:00:00+02:00,Biomass 08,0.01968
2030,sc01,08-14 19:00:00+02:00,CT NG 72,0.0
2030,sc01,08-14 19:00:00+02:00,Hydro 18,0.06504048
2030,sc01,08-14 19:00:00+02:00,Solar 10,0.0
2030,sc01,08-14 19:00:00+02:00,CT NG 04,0.0
2030,sc01,08-14 19:00:00+02:00,ST Other 02,0.0
2030,sc01,08-14 19:00:00+02:00,CT NG 12,0.0
2030,sc01,08-14 19:00:00+02:00,CT NG 48,0.0
2030,sc01,08-14 19:00:00+02:00,ST NG 10,0.0
2030,sc01,08-14 19:00:00+02:00,Solar 22,0.0
2030,sc01,08-14 19:00:00+02:00,Solar 28,0.0
2030,sc01,08-14 19:00:00+02:00,CT NG 73,0.0
2030,sc01,08-14 19:00:00+02:00,Biomass 52,0.0
2030,sc01,08-14 19:00:00+02:00,CT NG 30,0.0
2030,sc01,08-14 19:00:00+02:00,Solar 54,0.0
2030,sc01,08-14 19:00:00+02:00,Solar 31,0.0
2030,sc01,08-14 19:00:00+02:00,Biomass 03,0.0
2030,sc01,08-14 19:00:00+02:00,CT NG 32,0.0
2030,sc01,08-14 19:00:00+02:00,Biomass 27,0.04104
2030,sc01,08-14 19:00:00+02:00,CC NG 14,0.0
2030,sc01,08-14 19:00:00+02:00,CC NG 03,0.0
2030,sc01,08-14 19:00:00+02:00,CC NG 29,0.0
2030,sc01,08-14 19:00:00+02:00,CC NG 28,0.0
2030,sc01,08-14 19:00:00+02:00,CC NG 25,0.0
2030,sc01,08-14 19:00:00+02:00,CT NG 44,0.0
2030,sc01,08-14 19:00:00+02:00,CT NG 14,0.5023295999999999
2030,sc01,08-14 19:00:00+02:00,CC NG 15,0.0
2030,sc01,08-14 19:00:00+02:00,CC NG 04,0.0
2030,sc01,08-14 19:00:00+02:00,Biomass 29,0.04104
2030,sc01,08-14 19:00:00+02:00,Wind 14,38.77671933247484
2030,sc01,08-14 19:00:00+02:00,Wind 08,0.96473456688
2030,sc01,08-14 19:00:00+02:00,Biomass 61,0.0
2030,sc01,08-14 19:00:00+02:00,CT NG 35,0.0
2030,sc01,08-14 19:00:00+02:00,Solar 33,0.0
2030,sc01,08-14 19:00:00+02:00,CT NG 41,0.0
2030,sc01,08-14 19:00:00+02:00,CT NG 15,0.0
2030,sc01,08-14 19:00:00+02:00,Solar 42,0.0
2030,sc01,08-14 19:00:00+02:00,Solar 07,0.0
2030,sc01,08-14 19:00:00+02:00,Solar 43,0.0
2030,sc01,08-14 19:00:00+02:00,Biomass 05,0.01152
2030,sc01,08-14 19:00:00+02:00,CT NG 29,0.0
2030,sc01,08-14 19:00:00+02:00,Solar 71,0.0
2030,sc01,08-14 19:00:00+02:00,CT NG 53,0.0
2030,sc01,08-14 19:00:00+02:00,CT NG 20,0.0
2030,sc01,08-14 19:00:00+02:00,Biomass 14,0.017759999999999998
2030,sc01,08-14 19:00:00+02:00,Solar 26,0.0
2030,sc01,08-14 19:00:00+02:00,Hydro 29,1.7319600000000002
2030,sc01,08-14 19:00:00+02:00,Hydro 31,0.00559488
2030,sc01,08-14 19:00:00+02:00,Biomass 24,0.00672
2030,sc01,08-14 19:00:00+02:00,Biomass 54,0.06312
2030,sc01,08-14 19:00:00+02:00,Solar 36,0.0
2030,sc01,08-14 19:00:00+02:00,Wind 03,0.11376565920000001
2030,sc01,08-14 19:00:00+02:00,Biomass 40,0.0
2030,sc01,08-14 19:00:00+02:00,Biomass 49,0.0
2030,sc01,08-14 19:00:00+02:00,CC NG 16,0.0
2030,sc01,08-14 19:00:00+02:00,Biomass 48,0.0
2030,sc01,08-14 19:00:00+02:00,Hydro 28,1.7319600000000002
2030,sc01,08-14 19:00:00+02:00,Biomass 17,0.00528
2030,sc01,08-14 19:00:00+02:00,CT NG 33,0.0
2030,sc01,08-14 19:00:00+02:00,Solar 45,0.0
2030,sc01,08-14 19:00:00+02:00,Hydro 24,0.0
2030,sc01,08-14 19:00:00+02:00,Wind 13,6.0479885088000005
2030,sc01,08-14 19:00:00+02:00,Biomass 07,0.048
2030,sc01,08-14 19:00:00+02:00,Biomass 34,0.0
2030,sc01,08-14 19:00:00+02:00,Biomass 33,0.0
2030,sc01,08-14 19:00:00+02:00,CT NG 01,0.5907024000000001
2030,sc01,08-14 19:00:00+02:00,ICE NG 03,0.0
2030,sc01,08-14 19:00:00+02:00,Solar 55,0.0
2030,sc01,08-14 19:00:00+02:00,Solar 11,0.0
2030,sc01,08-14 19:00:00+02:00,CT NG 06,0.0
2030,sc01,08-14 19:00:00+02:00,CT NG 70,0.0
2030,sc01,08-14 19:00:00+02:00,Solar 23,0.0
2030,sc01,08-14 19:00:00+02:00,CT NG 67,0.0
2030,sc01,08-14 19:00:00+02:00,Solar 12,0.0
2030,sc01,08-14 19:00:00+02:00,CT Oil 01,0.0
2030,sc01,08-14 19:00:00+02:00,Hydro 26,0.0
2030,sc01,08-14 19:00:00+02:00,CC NG 22,0.0
2030,sc01,08-14 19:00:00+02:00,CC NG 35,0.0
2030,sc01,08-14 19:00:00+02:00,Biomass 50,0.0
2030,sc01,08-14 19:00:00+02:00,ICE NG 04,0.0
2030,sc01,08-14 19:00:00+02:00,CC NG 39,0.0
2030,sc01,08-14 19:00:00+02:00,Hydro 32,0.006713856000000001
2030,sc01,08-14 19:00:00+02:00,ICE NG 07,0.0
2030,sc01,08-14 19:00:00+02:00,Biomass 46,0.0
2030,sc01,08-14 19:00:00+02:00,CC NG 38,0.0
2030,sc01,08-14 19:00:00+02:00,CC NG 12,0.0
2030,sc01,08-14 19:00:00+02:00,Solar 57,0.0
2030,sc01,08-14 19:00:00+02:00,CC NG 32,0.0
2030,sc01,08-14 19:00:00+02:00,CC NG 07,0.0
2030,sc01,08-14 19:00:00+02:00,Biomass 44,0.0
2030,sc01,08-14 19:00:00+02:00,CT NG 40,0.0
2030,sc01,08-14 19:00:00+02:00,Solar 74,0.0
2030,sc01,08-14 19:00:00+02:00,Hydro 30,0.0
2030,sc01,08-14 19:00:00+02:00,CT NG 42,0.0
2030,sc01,08-14 19:00:00+02:00,Hydro 22,0.8430199200000001
2030,sc01,08-14 19:00:00+02:00,Solar 17,0.0
2030,sc01,08-14 19:00:00+02:00,Solar 38,0.0
2030,sc01,08-14 19:00:00+02:00,CT NG 24,0.0
2030,sc01,08-14 19:00:00+02:00,CC NG 27,0.0
2030,sc01,08-14 19:00:00+02:00,Biomass 21,0.00936
2030,sc01,08-14 19:00:00+02:00,ICE NG 06,0.0
2030,sc01,08-14 19:00:00+02:00,Biomass 25,0.00672
2030,sc01,08-14 19:00:00+02:00,Solar 27,0.0
2030,sc01,08-14 19:00:00+02:00,CT NG 19,0.0
2030,sc01,08-14 19:00:00+02:00,Biomass 42,0.0
2030,sc01,08-14 19:00:00+02:00,Biomass 19,0.00936
2030,sc01,08-14 19:00:00+02:00,Biomass 06,0.01152
2030,sc01,08-14 19:00:00+02:00,CT NG 10,0.0
2030,sc01,08-14 19:00:00+02:00,CC NG 40,0.0
2030,sc01,08-14 19:00:00+02:00,CC NG 21,0.0
2030,sc01,08-14 19:00:00+02:00,Biomass 02,0.026640000000000004
2030,sc01,08-14 19:00:00+02:00,CT NG 46,0.0
2030,sc01,08-14 19:00:00+02:00,Hydro 34,0.0
2030,sc01,08-14 19:00:00+02:00,Biomass 10,0.01968
2030,sc01,08-14 19:00:00+02:00,CT NG 17,0.0
2030,sc01,08-14 19:00:00+02:00,Biomass 62,0.04776
2030,sc01,08-14 19:00:00+02:00,Biomass 32,0.029519999999999998
2030,sc01,08-14 19:00:00+02:00,CC NG 19,0.0
2030,sc01,08-14 19:00:00+02:00,CC NG 17,0.0
2030,sc01,08-14 19:00:00+02:00,ST NG 01,0.0
2030,sc01,08-14 19:00:00+02:00,Biomass 45,0.0
2030,sc01,08-14 19:00:00+02:00,Biomass 28,0.04104
2030,sc01,08-14 19:00:00+02:00,CC NG 10,0.0
2030,sc01,08-14 19:00:00+02:00,Biomass 23,0.00672
2030,sc01,08-14 19:00:00+02:00,ST NG 06,0.0
2030,sc01,08-14 19:00:00+02:00,Wind 10,0.65312943384
2030,sc01,08-14 19:00:00+02:00,CT NG 69,0.0
2030,sc01,08-14 19:00:00+02:00,CT NG 68,0.0
2030,sc01,08-16 07:00:00+02:00,CC NG 13,0.0
2030,sc01,08-16 07:00:00+02:00,CT NG 37,0.0
2030,sc01,08-16 07:00:00+02:00,ST Coal 01,0.0
2030,sc01,08-16 07:00:00+02:00,CT NG 09,0.0
2030,sc01,08-16 07:00:00+02:00,CT NG 47,0.0
2030,sc01,08-16 07:00:00+02:00,Solar 69,0.0
2030,sc01,08-16 07:00:00+02:00,Solar 34,8.6777413299
2030,sc01,08-16 07:00:00+02:00,Solar 73,0.0
2030,sc01,08-16 07:00:00+02:00,Biomass 37,0.0
2030,sc01,08-16 07:00:00+02:00,Hydro 20,0.0
2030,sc01,08-16 07:00:00+02:00,Solar 01,5.1147637245
2030,sc01,08-16 07:00:00+02:00,Solar 62,0.0
2030,sc01,08-16 07:00:00+02:00,Solar 02,2.8368258995
2030,sc01,08-16 07:00:00+02:00,CT NG 26,0.0
2030,sc01,08-16 07:00:00+02:00,Biomass 20,0.00897
2030,sc01,08-16 07:00:00+02:00,Wind 16,8.2666208494
2030,sc01,08-16 07:00:00+02:00,CT NG 66,0.0
2030,sc01,08-16 07:00:00+02:00,Solar 39,0.0
2030,sc01,08-16 07:00:00+02:00,Biomass 41,0.0
2030,sc01,08-16 07:00:00+02:00,Solar 72,0.0
2030,sc01,08-16 07:00:00+02:00,ST NG 03,0.0
2030,sc01,08-16 07:00:00+02:00,Hydro 21,0.0
2030,sc01,08-16 07:00:00+02:00,CT NG 03,0.0
2030,sc01,08-16 07:00:00+02:00,CC NG 09,0.0
2030,sc01,08-16 07:00:00+02:00,CT Oil 02,0.0
2030,sc01,08-16 07:00:00+02:00,CT NG 39,0.0
2030,sc01,08-16 07:00:00+02:00,CC NG 08,0.0
2030,sc01,08-16 07:00:00+02:00,Biomass 43,0.0
2030,sc01,08-16 07:00:00+02:00,CT NG 18,0.0
2030,sc01,08-16 07:00:00+02:00,ST NG 07,0.0
2030,sc01,08-16 07:00:00+02:00,Biomass 35,0.0
2030,sc01,08-16 07:00:00+02:00,Solar 32,0.0
2030,sc01,08-16 07:00:00+02:00,Biomass 15,0.0
2030,sc01,08-16 07:00:00+02:00,CC NG 31,0.0
2030,sc01,08-16 07:00:00+02:00,Solar 16,0.31120946628
2030,sc01,08-16 07:00:00+02:00,Solar 68,6.542411234903466
2030,sc01,08-16 07:00:00+02:00,CT NG 21,0.0
2030,sc01,08-16 07:00:00+02:00,Wind 11,0.67412761145
2030,sc01,08-16 07:00:00+02:00,CC NG 37,0.0
2030,sc01,08-16 07:00:00+02:00,CT NG 22,0.0
2030,sc01,08-16 07:00:00+02:00,Hydro 16,0.00954408
2030,sc01,08-16 07:00:00+02:00,Biomass 59,0.09522000000000001
2030,sc01,08-16 07:00:00+02:00,CC NG 01,0.0
2030,sc01,08-16 07:00:00+02:00,Biomass 16,0.0
2030,sc01,08-16 07:00:00+02:00,Solar 03,1.53433090206
2030,sc01,08-16 07:00:00+02:00,Solar 44,0.0
2030,sc01,08-16 07:00:00+02:00,CT NG 08,0.0
2030,sc01,08-16 07:00:00+02:00,Wind 05,0.0
2030,sc01,08-16 07:00:00+02:00,Biomass 26,0.03933
2030,sc01,08-16 07:00:00+02:00,Solar 37,0.0
2030,sc01,08-16 07:00:00+02:00,Biomass 11,0.0
2030,sc01,08-16 07:00:00+02:00,Solar 59,0.0
2030,sc01,08-16 07:00:00+02:00,CT NG 11,0.0
2030,sc01,08-16 07:00:00+02:00,Biomass 30,0.03933
2030,sc01,08-16 07:00:00+02:00,Hydro 23,0.0
2030,sc01,08-16 07:00:00+02:00,CC NG 24,0.0
2030,sc01,08-16 07:00:00+02:00,Solar 65,7.2962891466999995
2030,sc01,08-16 07:00:00+02:00,CC NG 18,0.0
2030,sc01,08-16 07:00:00+02:00,CT NG 16,0.0
2030,sc01,08-16 07:00:00+02:00,Solar 51,0.0
2030,sc01,08-16 07:00:00+02:00,Wind 06,0.93754719473
2030,sc01,08-16 07:00:00+02:00,CC NG 26,0.0
2030,sc01,08-16 07:00:00+02:00,CC NG 23,0.0
2030,sc01,08-16 07:00:00+02:00,CT NG 43,0.0
2030,sc01,08-16 07:00:00+02:00,CC NG 11,0.0
2030,sc01,08-16 07:00:00+02:00,CT NG 02,0.0
2030,sc01,08-16 07:00:00+02:00,CT NG 50,0.0
2030,sc01,08-16 07:00:00+02:00,Hydro 27,0.0
2030,sc01,08-16 07:00:00+02:00,CT NG 13,0.0
2030,sc01,08-16 07:00:00+02:00,CT NG 25,0.0
2030,sc01,08-16 07:00:00+02:00,CC NG 05,0.0
2030,sc01,08-16 07:00:00+02:00,Solar 04,0.35593181191
2030,sc01,08-16 07:00:00+02:00,Solar 30,0.30010286426
2030,sc01,08-16 07:00:00+02:00,Solar 29,0.37121214274000003
2030,sc01,08-16 07:00:00+02:00,Solar 53,0.0
2030,sc01,08-16 07:00:00+02:00,Solar 21,1.3505403718
2030,sc01,08-16 07:00:00+02:00,Biomass 58,0.0
2030,sc01,08-16 07:00:00+02:00,CT NG 74,0.0
2030,sc01,08-16 07:00:00+02:00,Solar 61,0.0
2030,sc01,08-16 07:00:00+02:00,Wind 07,0.59224614497
2030,sc01,08-16 07:00:00+02:00,Biomass 31,0.03933
2030,sc01,08-16 07:00:00+02:00,CT Oil 05,0.0
2030,sc01,08-16 07:00:00+02:00,Biomass 38,0.0
2030,sc01,08-16 07:00:00+02:00,Solar 41,0.0
2030,sc01,08-16 07:00:00+02:00,Biomass 51,0.0
2030,sc01,08-16 07:00:00+02:00,Biomass 55,0.0
2030,sc01,08-16 07:00:00+02:00,Wind 15,0.89242489934
2030,sc01,08-16 07:00:00+02:00,Geo 01,0.0
2030,sc01,08-16 07:00:00+02:00,Biomass 60,0.0621
2030,sc01,08-16 07:00:00+02:00,CT NG 38,0.0
2030,sc01,08-16 07:00:00+02:00,Solar 66,8.2726685407
2030,sc01,08-16 07:00:00+02:00,Solar 49,0.0
2030,sc01,08-16 07:00:00+02:00,CT NG 51,0.0
2030,sc01,08-16 07:00:00+02:00,Biomass 18,0.00506
2030,sc01,08-16 07:00:00+02:00,ICE NG 01,0.0
2030,sc01,08-16 07:00:00+02:00,Solar 15,0.77236179894
2030,sc01,08-16 07:00:00+02:00,ICE NG 05,0.0
2030,sc01,08-16 07:00:00+02:00,CT Oil 04,0.0
2030,sc01,08-16 07:00:00+02:00,CC NG 20,0.0
2030,sc01,08-16 07:00:00+02:00,Solar 20,0.35317796441000004
2030,sc01,08-16 07:00:00+02:00,Biomass 04,0.0
2030,sc01,08-16 07:00:00+02:00,Wind 02,1.2122574124599999
2030,sc01,08-16 07:00:00+02:00,Hydro 25,0.0
2030,sc01,08-16 07:00:00+02:00,Solar 75,4.8139538062
2030,sc01,08-16 07:00:00+02:00,Hydro 33,0.0
2030,sc01,08-16 07:00:00+02:00,ST NG 05,0.0
2030,sc01,08-16 07:00:00+02:00,CT NG 07,0.0
2030,sc01,08-16 07:00:00+02:00,Wind 01,0.43421734339
2030,sc01,08-16 07:00:00+02:00,Solar 56,0.0
2030,sc01,08-16 07:00:00+02:00,Biomass 09,0.01886
2030,sc01,08-16 07:00:00+02:00,Biomass 53,0.0
2030,sc01,08-16 07:00:00+02:00,Wind 17,4.1016053893
2030,sc01,08-16 07:00:00+02:00,ST NG 08,0.0
2030,sc01,08-16 07:00:00+02:00,Hydro 19,0.0
2030,sc01,08-16 07:00:00+02:00,ST NG 02,0.0
2030,sc01,08-16 07:00:00+02:00,Biomass 01,0.02553
2030,sc01,08-16 07:00:00+02:00,Biomass 57,0.0
2030,sc01,08-16 07:00:00+02:00,CT NG 49,0.0
2030,sc01,08-16 07:00:00+02:00,CT NG 31,0.0
2030,sc01,08-16 07:00:00+02:00,Solar 64,3.8305440919000002
2030,sc01,08-16 07:00:00+02:00,CC NG 33,0.0
2030,sc01,08-16 07:00:00+02:00,Solar 46,0.0
2030,sc01,08-16 07:00:00+02:00,Biomass 12,0.0075899999999999995
2030,sc01,08-16 07:00:00+02:00,Wind 04,0.060673566864
2030,sc01,08-16 07:00:00+02:00,Solar 13,0.019389083720000002
2030,sc01,08-16 07:00:00+02:00,CT NG 55,0.0
2030,sc01,08-16 07:00:00+02:00,Wind N03,58.98205146304507
2030,sc01,08-16 07:00:00+02:00,CT NG 28,0.0
2030,sc01,08-16 07:00:00+02:00,Wind 09,0.0
2030,sc01,08-16 07:00:00+02:00,Solar 60,0.0
2030,sc01,08-16 07:00:00+02:00,Solar 25,0.14218355372
2030,sc01,08-16 07:00:00+02:00,CT NG 23,0.0
2030,sc01,08-16 07:00:00+02:00,ST Other 01,0.0
2030,sc01,08-16 07:00:00+02:00,Solar 70,9.184422277100001
2030,sc01,08-16 07:00:00+02:00,CC NG 34,0.0
2030,sc01,08-16 07:00:00+02:00,Solar 48,0.0
2030,sc01,08-16 07:00:00+02:00,Biomass 56,0.06026000000000001
2030,sc01,08-16 07:00:00+02:00,CT NG 36,0.0
2030,sc01,08-16 07:00:00+02:00,Solar 47,0.0
2030,sc01,08-16 07:00:00+02:00,Hydro 17,0.0
2030,sc01,08-16 07:00:00+02:00,Solar 09,0.9423597347400001
2030,sc01,08-16 07:00:00+02:00,Solar 08,0.18408834668000001
2030,sc01,08-16 07:00:00+02:00,CT NG 45,0.0
2030,sc01,08-16 07:00:00+02:00,ST NG 04,0.0
2030,sc01,08-16 07:00:00+02:00,Solar 40,0.0
2030,sc01,08-16 07:00:00+02:00,Biomass 47,0.0
2030,sc01,08-16 07:00:00+02:00,Solar 50,0.0
2030,sc01,08-16 07:00:00+02:00,Solar 52,0.0
2030,sc01,08-16 07:00:00+02:00,Solar 63,8.1802462814
2030,sc01,08-16 07:00:00+02:00,CC NG 06,0.0
2030,sc01,08-16 07:00:00+02:00,Biomass 39,0.0
2030,sc01,08-16 07:00:00+02:00,Solar 67,5.4530414155999996
2030,sc01,08-16 07:00:00+02:00,Solar 19,0.007333038664
2030,sc01,08-16 07:00:00+02:00,Wind 12,3.402580463
2030,sc01,08-16 07:00:00+02:00,Solar 24,0.106047860328
2030,sc01,08-16 07:00:00+02:00,ICE NG 02,0.0
2030,sc01,08-16 07:00:00+02:00,Solar 05,0.008622871487999999
2030,sc01,08-16 07:00:00+02:00,CT NG 54,0.0
2030,sc01,08-16 07:00:00+02:00,Wind N01,32.280891552
2030,sc01,08-16 07:00:00+02:00,CT NG 27,0.0
2030,sc01,08-16 07:00:00+02:00,CC NG 36,0.0
2030,sc01,08-16 07:00:00+02:00,Wind N02,50.494086016602616
2030,sc01,08-16 07:00:00+02:00,CT NG 52,0.0
2030,sc01,08-16 07:00:00+02:00,Solar 35,0.0
2030,sc01,08-16 07:00:00+02:00,CT NG 05,0.0
2030,sc01,08-16 07:00:00+02:00,Biomass 36,0.0
2030,sc01,08-16 07:00:00+02:00,CT NG 34,0.0
2030,sc01,08-16 07:00:00+02:00,CT Oil 03,0.0
2030,sc01,08-16 07:00:00+02:00,Hydro 35,0.0028632239999999997
2030,sc01,08-16 07:00:00+02:00,Solar 14,0.85869240267
2030,sc01,08-16 07:00:00+02:00,CT NG 75,0.0
2030,sc01,08-16 07:00:00+02:00,ST NG 09,0.0
2030,sc01,08-16 07:00:00+02:00,CT NG 56,0.0
2030,sc01,08-16 07:00:00+02:00,Biomass 22,0.00897
2030,sc01,08-16 07:00:00+02:00,Solar 18,0.90571700782
2030,sc01,08-16 07:00:00+02:00,Biomass 13,0.0
2030,sc01,08-16 07:00:00+02:00,CT NG 71,0.0
2030,sc01,08-16 07:00:00+02:00,Solar 58,0.0
2030,sc01,08-16 07:00:00+02:00,Solar 06,0.29854733378000003
2030,sc01,08-16 07:00:00+02:00,Biomass 08,0.0
2030,sc01,08-16 07:00:00+02:00,CT NG 72,0.0
2030,sc01,08-16 07:00:00+02:00,Hydro 18,0.0
2030,sc01,08-16 07:00:00+02:00,Solar 10,0.3401940833
2030,sc01,08-16 07:00:00+02:00,CT NG 04,0.0
2030,sc01,08-16 07:00:00+02:00,ST Other 02,0.0
2030,sc01,08-16 07:00:00+02:00,CT NG 12,0.0
2030,sc01,08-16 07:00:00+02:00,CT NG 48,0.0
2030,sc01,08-16 07:00:00+02:00,ST NG 10,0.0
2030,sc01,08-16 07:00:00+02:00,Solar 22,0.3861007194
2030,sc01,08-16 07:00:00+02:00,Solar 28,0.34551518298
2030,sc01,08-16 07:00:00+02:00,CT NG 73,0.0
2030,sc01,08-16 07:00:00+02:00,Biomass 52,0.0
2030,sc01,08-16 07:00:00+02:00,CT NG 30,0.0
2030,sc01,08-16 07:00:00+02:00,Solar 54,0.0
2030,sc01,08-16 07:00:00+02:00,Solar 31,0.0
2030,sc01,08-16 07:00:00+02:00,Biomass 03,0.0
2030,sc01,08-16 07:00:00+02:00,CT NG 32,0.0
2030,sc01,08-16 07:00:00+02:00,Biomass 27,0.03870296331388509
2030,sc01,08-16 07:00:00+02:00,CC NG 14,0.0
2030,sc01,08-16 07:00:00+02:00,CC NG 03,0.0
2030,sc01,08-16 07:00:00+02:00,CC NG 29,0.0
2030,sc01,08-16 07:00:00+02:00,CC NG 28,0.0
2030,sc01,08-16 07:00:00+02:00,CC NG 25,0.0
2030,sc01,08-16 07:00:00+02:00,CT NG 44,0.0
2030,sc01,08-16 07:00:00+02:00,CT NG 14,0.0
2030,sc01,08-16 07:00:00+02:00,CC NG 15,0.0
2030,sc01,08-16 07:00:00+02:00,CC NG 04,0.0
2030,sc01,08-16 07:00:00+02:00,Biomass 29,0.03933
2030,sc01,08-16 07:00:00+02:00,Wind 14,0.0
2030,sc01,08-16 07:00:00+02:00,Wind 08,0.0
2030,sc01,08-16 07:00:00+02:00,Biomass 61,0.0
2030,sc01,08-16 07:00:00+02:00,CT NG 35,0.0
2030,sc01,08-16 07:00:00+02:00,Solar 33,0.0
2030,sc01,08-16 07:00:00+02:00,CT NG 41,0.0
2030,sc01,08-16 07:00:00+02:00,CT NG 15,0.0
2030,sc01,08-16 07:00:00+02:00,Solar 42,0.0
2030,sc01,08-16 07:00:00+02:00,Solar 07,0.015617747592
2030,sc01,08-16 07:00:00+02:00,Solar 43,0.0
2030,sc01,08-16 07:00:00+02:00,Biomass 05,0.01104
2030,sc01,08-16 07:00:00+02:00,CT NG 29,0.0
2030,sc01,08-16 07:00:00+02:00,Solar 71,0.0
2030,sc01,08-16 07:00:00+02:00,CT NG 53,0.0
2030,sc01,08-16 07:00:00+02:00,CT NG 20,0.0
2030,sc01,08-16 07:00:00+02:00,Biomass 14,0.01702
2030,sc01,08-16 07:00:00+02:00,Solar 26,0.13167189849599997
2030,sc01,08-16 07:00:00+02:00,Hydro 29,0.0
2030,sc01,08-16 07:00:00+02:00,Hydro 31,0.00477204
2030,sc01,08-16 07:00:00+02:00,Biomass 24,0.0
2030,sc01,08-16 07:00:00+02:00,Biomass 54,0.0
2030,sc01,08-16 07:00:00+02:00,Solar 36,8.5478084235
2030,sc01,08-16 07:00:00+02:00,Wind 03,0.162138901488
2030,sc01,08-16 07:00:00+02:00,Biomass 40,0.0
2030,sc01,08-16 07:00:00+02:00,Biomass 49,0.0
2030,sc01,08-16 07:00:00+02:00,CC NG 16,0.0
2030,sc01,08-16 07:00:00+02:00,Biomass 48,0.0
2030,sc01,08-16 07:00:00+02:00,Hydro 28,0.0
2030,sc01,08-16 07:00:00+02:00,Biomass 17,0.0
2030,sc01,08-16 07:00:00+02:00,CT NG 33,0.0
2030,sc01,08-16 07:00:00+02:00,Solar 45,0.0
2030,sc01,08-16 07:00:00+02:00,Hydro 24,0.0
2030,sc01,08-16 07:00:00+02:00,Wind 13,1.91411844392
2030,sc01,08-16 07:00:00+02:00,Biomass 07,0.046
2030,sc01,08-16 07:00:00+02:00,Biomass 34,0.0
2030,sc01,08-16 07:00:00+02:00,Biomass 33,0.0
2030,sc01,08-16 07:00:00+02:00,CT NG 01,0.0
2030,sc01,08-16 07:00:00+02:00,ICE NG 03,0.0
2030,sc01,08-16 07:00:00+02:00,Solar 55,0.0
2030,sc01,08-16 07:00:00+02:00,Solar 11,0.145450352648
2030,sc01,08-16 07:00:00+02:00,CT NG 06,0.0
2030,sc01,08-16 07:00:00+02:00,CT NG 70,0.0
2030,sc01,08-16 07:00:00+02:00,Solar 23,0.021537000912
2030,sc01,08-16 07:00:00+02:00,CT NG 67,0.0
2030,sc01,08-16 07:00:00+02:00,Solar 12,0.11259393927200001
2030,sc01,08-16 07:00:00+02:00,CT Oil 01,0.0
2030,sc01,08-16 07:00:00+02:00,Hydro 26,0.0
2030,sc01,08-16 07:00:00+02:00,CC NG 22,0.0
2030,sc01,08-16 07:00:00+02:00,CC NG 35,0.0
2030,sc01,08-16 07:00:00+02:00,Biomass 50,0.0
2030,sc01,08-16 07:00:00+02:00,ICE NG 04,0.0
2030,sc01,08-16 07:00:00+02:00,CC NG 39,0.0
2030,sc01,08-16 07:00:00+02:00,Hydro 32,0.0057264479999999994
2030,sc01,08-16 07:00:00+02:00,ICE NG 07,0.0
2030,sc01,08-16 07:00:00+02:00,Biomass 46,0.0
2030,sc01,08-16 07:00:00+02:00,CC NG 38,0.0
2030,sc01,08-16 07:00:00+02:00,CC NG 12,0.0
2030,sc01,08-16 07:00:00+02:00,Solar 57,0.0
2030,sc01,08-16 07:00:00+02:00,CC NG 32,0.0
2030,sc01,08-16 07:00:00+02:00,CC NG 07,0.0
2030,sc01,08-16 07:00:00+02:00,Biomass 44,0.0
2030,sc01,08-16 07:00:00+02:00,CT NG 40,0.0
2030,sc01,08-16 07:00:00+02:00,Solar 74,3.7585687774
2030,sc01,08-16 07:00:00+02:00,Hydro 30,0.0
2030,sc01,08-16 07:00:00+02:00,CT NG 42,0.0
2030,sc01,08-16 07:00:00+02:00,Hydro 22,0.0
2030,sc01,08-16 07:00:00+02:00,Solar 17,0.220841712616
2030,sc01,08-16 07:00:00+02:00,Solar 38,0.0
2030,sc01,08-16 07:00:00+02:00,CT NG 24,0.0
2030,sc01,08-16 07:00:00+02:00,CC NG 27,0.0
2030,sc01,08-16 07:00:00+02:00,Biomass 21,0.0
2030,sc01,08-16 07:00:00+02:00,ICE NG 06,0.0
2030,sc01,08-16 07:00:00+02:00,Biomass 25,0.00644
2030,sc01,08-16 07:00:00+02:00,Solar 27,0.06336447688800001
2030,sc01,08-16 07:00:00+02:00,CT NG 19,0.0
2030,sc01,08-16 07:00:00+02:00,Biomass 42,0.0
2030,sc01,08-16 07:00:00+02:00,Biomass 19,0.00897
2030,sc01,08-16 07:00:00+02:00,Biomass 06,0.01104
2030,sc01,08-16 07:00:00+02:00,CT NG 10,0.0
2030,sc01,08-16 07:00:00+02:00,CC NG 40,0.0
2030,sc01,08-16 07:00:00+02:00,CC NG 21,0.0
2030,sc01,08-16 07:00:00+02:00,Biomass 02,0.02553
2030,sc01,08-16 07:00:00+02:00,CT NG 46,0.0
2030,sc01,08-16 07:00:00+02:00,Hydro 34,0.0
2030,sc01,08-16 07:00:00+02:00,Biomass 10,0.0
2030,sc01,08-16 07:00:00+02:00,CT NG 17,0.0
2030,sc01,08-16 07:00:00+02:00,Biomass 62,0.0
2030,sc01,08-16 07:00:00+02:00,Biomass 32,0.0
2030,sc01,08-16 07:00:00+02:00,CC NG 19,0.0
2030,sc01,08-16 07:00:00+02:00,CC NG 17,0.0
2030,sc01,08-16 07:00:00+02:00,ST NG 01,0.0
2030,sc01,08-16 07:00:00+02:00,Biomass 45,0.0
2030,sc01,08-16 07:00:00+02:00,Biomass 28,0.03933
2030,sc01,08-16 07:00:00+02:00,CC NG 10,0.0
2030,sc01,08-16 07:00:00+02:00,Biomass 23,0.00644
2030,sc01,08-16 07:00:00+02:00,ST NG 06,0.0
2030,sc01,08-16 07:00:00+02:00,Wind 10,0.0
2030,sc01,08-16 07:00:00+02:00,CT NG 69,0.0
2030,sc01,08-16 07:00:00+02:00,CT NG 68,0.0
2030,sc01,08-19 04:00:00+02:00,CC NG 13,0.0
2030,sc01,08-19 04:00:00+02:00,CT NG 37,0.0
2030,sc01,08-19 04:00:00+02:00,ST Coal 01,0.0
2030,sc01,08-19 04:00:00+02:00,CT NG 09,0.0
2030,sc01,08-19 04:00:00+02:00,CT NG 47,0.0
2030,sc01,08-19 04:00:00+02:00,Solar 69,0.0
2030,sc01,08-19 04:00:00+02:00,Solar 34,0.0
2030,sc01,08-19 04:00:00+02:00,Solar 73,0.0
2030,sc01,08-19 04:00:00+02:00,Biomass 37,0.0
2030,sc01,08-19 04:00:00+02:00,Hydro 20,0.0
2030,sc01,08-19 04:00:00+02:00,Solar 01,0.0
2030,sc01,08-19 04:00:00+02:00,Solar 62,0.0
2030,sc01,08-19 04:00:00+02:00,Solar 02,0.0
2030,sc01,08-19 04:00:00+02:00,CT NG 26,0.0
2030,sc01,08-19 04:00:00+02:00,Biomass 20,0.0
2030,sc01,08-19 04:00:00+02:00,Wind 16,35.692992418799996
2030,sc01,08-19 04:00:00+02:00,CT NG 66,0.0
2030,sc01,08-19 04:00:00+02:00,Solar 39,0.0
2030,sc01,08-19 04:00:00+02:00,Biomass 41,0.0
2030,sc01,08-19 04:00:00+02:00,Solar 72,0.0
2030,sc01,08-19 04:00:00+02:00,ST NG 03,0.0
2030,sc01,08-19 04:00:00+02:00,Hydro 21,34.873165799999995
2030,sc01,08-19 04:00:00+02:00,CT NG 03,0.0
2030,sc01,08-19 04:00:00+02:00,CC NG 09,0.0
2030,sc01,08-19 04:00:00+02:00,CT Oil 02,0.0
2030,sc01,08-19 04:00:00+02:00,CT NG 39,0.0
2030,sc01,08-19 04:00:00+02:00,CC NG 08,0.0
2030,sc01,08-19 04:00:00+02:00,Biomass 43,0.0
2030,sc01,08-19 04:00:00+02:00,CT NG 18,0.0
2030,sc01,08-19 04:00:00+02:00,ST NG 07,0.0
2030,sc01,08-19 04:00:00+02:00,Biomass 35,0.0
2030,sc01,08-19 04:00:00+02:00,Solar 32,0.0
2030,sc01,08-19 04:00:00+02:00,Biomass 15,0.0
2030,sc01,08-19 04:00:00+02:00,CC NG 31,0.0
2030,sc01,08-19 04:00:00+02:00,Solar 16,0.0
2030,sc01,08-19 04:00:00+02:00,Solar 68,0.0
2030,sc01,08-19 04:00:00+02:00,CT NG 21,0.0
2030,sc01,08-19 04:00:00+02:00,Wind 11,3.30071401546
2030,sc01,08-19 04:00:00+02:00,CC NG 37,0.0
2030,sc01,08-19 04:00:00+02:00,CT NG 22,0.0
2030,sc01,08-19 04:00:00+02:00,Hydro 16,0.0
2030,sc01,08-19 04:00:00+02:00,Biomass 59,0.0
2030,sc01,08-19 04:00:00+02:00,CC NG 01,0.0
2030,sc01,08-19 04:00:00+02:00,Biomass 16,0.0
2030,sc01,08-19 04:00:00+02:00,Solar 03,0.0
2030,sc01,08-19 04:00:00+02:00,Solar 44,0.0
2030,sc01,08-19 04:00:00+02:00,CT NG 08,0.0
2030,sc01,08-19 04:00:00+02:00,Wind 05,0.025506501728
2030,sc01,08-19 04:00:00+02:00,Biomass 26,0.0
2030,sc01,08-19 04:00:00+02:00,Solar 37,0.0
2030,sc01,08-19 04:00:00+02:00,Biomass 11,0.0
2030,sc01,08-19 04:00:00+02:00,Solar 59,0.0
2030,sc01,08-19 04:00:00+02:00,CT NG 11,0.0
2030,sc01,08-19 04:00:00+02:00,Biomass 30,0.0
2030,sc01,08-19 04:00:00+02:00,Hydro 23,0.0
2030,sc01,08-19 04:00:00+02:00,CC NG 24,0.0
2030,sc01,08-19 04:00:00+02:00,Solar 65,0.0
2030,sc01,08-19 04:00:00+02:00,CC NG 18,0.0
2030,sc01,08-19 04:00:00+02:00,CT NG 16,0.0
2030,sc01,08-19 04:00:00+02:00,Solar 51,0.0
2030,sc01,08-19 04:00:00+02:00,Wind 06,4.8409644404
2030,sc01,08-19 04:00:00+02:00,CC NG 26,0.0
2030,sc01,08-19 04:00:00+02:00,CC NG 23,0.0
2030,sc01,08-19 04:00:00+02:00,CT NG 43,0.0
2030,sc01,08-19 04:00:00+02:00,CC NG 11,0.0
2030,sc01,08-19 04:00:00+02:00,CT NG 02,0.0
2030,sc01,08-19 04:00:00+02:00,CT NG 50,0.0
2030,sc01,08-19 04:00:00+02:00,Hydro 27,0.0
2030,sc01,08-19 04:00:00+02:00,CT NG 13,0.0
2030,sc01,08-19 04:00:00+02:00,CT NG 25,0.0
2030,sc01,08-19 04:00:00+02:00,CC NG 05,0.0
2030,sc01,08-19 04:00:00+02:00,Solar 04,0.0
2030,sc01,08-19 04:00:00+02:00,Solar 30,0.0
2030,sc01,08-19 04:00:00+02:00,Solar 29,0.0
2030,sc01,08-19 04:00:00+02:00,Solar 53,0.0
2030,sc01,08-19 04:00:00+02:00,Solar 21,0.0
2030,sc01,08-19 04:00:00+02:00,Biomass 58,0.0
2030,sc01,08-19 04:00:00+02:00,CT NG 74,0.0
2030,sc01,08-19 04:00:00+02:00,Solar 61,0.0
2030,sc01,08-19 04:00:00+02:00,Wind 07,3.20830714868
2030,sc01,08-19 04:00:00+02:00,Biomass 31,0.0
2030,sc01,08-19 04:00:00+02:00,CT Oil 05,0.0
2030,sc01,08-19 04:00:00+02:00,Biomass 38,0.0
2030,sc01,08-19 04:00:00+02:00,Solar 41,0.0
2030,sc01,08-19 04:00:00+02:00,Biomass 51,0.0
2030,sc01,08-19 04:00:00+02:00,Biomass 55,0.0
2030,sc01,08-19 04:00:00+02:00,Wind 15,3.45844228662
2030,sc01,08-19 04:00:00+02:00,Geo 01,0.0
2030,sc01,08-19 04:00:00+02:00,Biomass 60,0.0
2030,sc01,08-19 04:00:00+02:00,CT NG 38,0.0
2030,sc01,08-19 04:00:00+02:00,Solar 66,0.0
2030,sc01,08-19 04:00:00+02:00,Solar 49,0.0
2030,sc01,08-19 04:00:00+02:00,CT NG 51,0.0
2030,sc01,08-19 04:00:00+02:00,Biomass 18,0.0
2030,sc01,08-19 04:00:00+02:00,ICE NG 01,0.0
2030,sc01,08-19 04:00:00+02:00,Solar 15,0.0
2030,sc01,08-19 04:00:00+02:00,ICE NG 05,0.0
2030,sc01,08-19 04:00:00+02:00,CT Oil 04,0.0
2030,sc01,08-19 04:00:00+02:00,CC NG 20,0.0
2030,sc01,08-19 04:00:00+02:00,Solar 20,0.0
2030,sc01,08-19 04:00:00+02:00,Biomass 04,0.0
2030,sc01,08-19 04:00:00+02:00,Wind 02,8.2385760386
2030,sc01,08-19 04:00:00+02:00,Hydro 25,0.0
2030,sc01,08-19 04:00:00+02:00,Solar 75,0.0
2030,sc01,08-19 04:00:00+02:00,Hydro 33,0.0
2030,sc01,08-19 04:00:00+02:00,ST NG 05,0.0
2030,sc01,08-19 04:00:00+02:00,CT NG 07,0.0
2030,sc01,08-19 04:00:00+02:00,Wind 01,2.18507715074
2030,sc01,08-19 04:00:00+02:00,Solar 56,0.0
2030,sc01,08-19 04:00:00+02:00,Biomass 09,0.0
2030,sc01,08-19 04:00:00+02:00,Biomass 53,0.0
2030,sc01,08-19 04:00:00+02:00,Wind 17,27.7864220196
2030,sc01,08-19 04:00:00+02:00,ST NG 08,0.0
2030,sc01,08-19 04:00:00+02:00,Hydro 19,0.0
2030,sc01,08-19 04:00:00+02:00,ST NG 02,0.0
2030,sc01,08-19 04:00:00+02:00,Biomass 01,0.0
2030,sc01,08-19 04:00:00+02:00,Biomass 57,0.0
2030,sc01,08-19 04:00:00+02:00,CT NG 49,0.0
2030,sc01,08-19 04:00:00+02:00,CT NG 31,0.0
2030,sc01,08-19 04:00:00+02:00,Solar 64,0.0
2030,sc01,08-19 04:00:00+02:00,CC NG 33,0.0
2030,sc01,08-19 04:00:00+02:00,Solar 46,0.0
2030,sc01,08-19 04:00:00+02:00,Biomass 12,0.0
2030,sc01,08-19 04:00:00+02:00,Wind 04,0.014174564752
2030,sc01,08-19 04:00:00+02:00,Solar 13,0.0
2030,sc01,08-19 04:00:00+02:00,CT NG 55,0.0
2030,sc01,08-19 04:00:00+02:00,Wind N03,23.048878256847537
2030,sc01,08-19 04:00:00+02:00,CT NG 28,0.0
2030,sc01,08-19 04:00:00+02:00,Wind 09,0.339255053008
2030,sc01,08-19 04:00:00+02:00,Solar 60,0.0
2030,sc01,08-19 04:00:00+02:00,Solar 25,0.0
2030,sc01,08-19 04:00:00+02:00,CT NG 23,0.0
2030,sc01,08-19 04:00:00+02:00,ST Other 01,0.0
2030,sc01,08-19 04:00:00+02:00,Solar 70,0.0
2030,sc01,08-19 04:00:00+02:00,CC NG 34,0.0
2030,sc01,08-19 04:00:00+02:00,Solar 48,0.0
2030,sc01,08-19 04:00:00+02:00,Biomass 56,0.0
2030,sc01,08-19 04:00:00+02:00,CT NG 36,0.0
2030,sc01,08-19 04:00:00+02:00,Solar 47,0.0
2030,sc01,08-19 04:00:00+02:00,Hydro 17,0.03034827
2030,sc01,08-19 04:00:00+02:00,Solar 09,0.0
2030,sc01,08-19 04:00:00+02:00,Solar 08,0.0
2030,sc01,08-19 04:00:00+02:00,CT NG 45,0.0
2030,sc01,08-19 04:00:00+02:00,ST NG 04,0.0
2030,sc01,08-19 04:00:00+02:00,Solar 40,0.0
2030,sc01,08-19 04:00:00+02:00,Biomass 47,0.0
2030,sc01,08-19 04:00:00+02:00,Solar 50,0.0
2030,sc01,08-19 04:00:00+02:00,Solar 52,0.0
2030,sc01,08-19 04:00:00+02:00,Solar 63,0.0
2030,sc01,08-19 04:00:00+02:00,CC NG 06,0.0
2030,sc01,08-19 04:00:00+02:00,Biomass 39,0.0
2030,sc01,08-19 04:00:00+02:00,Solar 67,0.0
2030,sc01,08-19 04:00:00+02:00,Solar 19,0.0
2030,sc01,08-19 04:00:00+02:00,Wind 12,21.728599054
2030,sc01,08-19 04:00:00+02:00,Solar 24,0.0
2030,sc01,08-19 04:00:00+02:00,ICE NG 02,0.0
2030,sc01,08-19 04:00:00+02:00,Solar 05,0.0
2030,sc01,08-19 04:00:00+02:00,CT NG 54,0.0
2030,sc01,08-19 04:00:00+02:00,Wind N01,147.94136675123198
2030,sc01,08-19 04:00:00+02:00,CT NG 27,0.0
2030,sc01,08-19 04:00:00+02:00,CC NG 36,0.0
2030,sc01,08-19 04:00:00+02:00,Wind N02,0.0
2030,sc01,08-19 04:00:00+02:00,CT NG 52,0.0
2030,sc01,08-19 04:00:00+02:00,Solar 35,0.0
2030,sc01,08-19 04:00:00+02:00,CT NG 05,0.0
2030,sc01,08-19 04:00:00+02:00,Biomass 36,0.0
2030,sc01,08-19 04:00:00+02:00,CT NG 34,0.0
2030,sc01,08-19 04:00:00+02:00,CT Oil 03,0.0
2030,sc01,08-19 04:00:00+02:00,Hydro 35,0.005395248
2030,sc01,08-19 04:00:00+02:00,Solar 14,0.0
2030,sc01,08-19 04:00:00+02:00,CT NG 75,0.0
2030,sc01,08-19 04:00:00+02:00,ST NG 09,0.0
2030,sc01,08-19 04:00:00+02:00,CT NG 56,0.0
2030,sc01,08-19 04:00:00+02:00,Biomass 22,0.0
2030,sc01,08-19 04:00:00+02:00,Solar 18,0.0
2030,sc01,08-19 04:00:00+02:00,Biomass 13,0.0
2030,sc01,08-19 04:00:00+02:00,CT NG 71,0.0
2030,sc01,08-19 04:00:00+02:00,Solar 58,0.0
2030,sc01,08-19 04:00:00+02:00,Solar 06,0.0
2030,sc01,08-19 04:00:00+02:00,Biomass 08,0.0
2030,sc01,08-19 04:00:00+02:00,CT NG 72,0.0
2030,sc01,08-19 04:00:00+02:00,Hydro 18,0.10453293
2030,sc01,08-19 04:00:00+02:00,Solar 10,0.0
2030,sc01,08-19 04:00:00+02:00,CT NG 04,0.0
2030,sc01,08-19 04:00:00+02:00,ST Other 02,0.0
2030,sc01,08-19 04:00:00+02:00,CT NG 12,0.0
2030,sc01,08-19 04:00:00+02:00,CT NG 48,0.0
2030,sc01,08-19 04:00:00+02:00,ST NG 10,0.0
2030,sc01,08-19 04:00:00+02:00,Solar 22,0.0
2030,sc01,08-19 04:00:00+02:00,Solar 28,0.0
2030,sc01,08-19 04:00:00+02:00,CT NG 73,0.0
2030,sc01,08-19 04:00:00+02:00,Biomass 52,0.0
2030,sc01,08-19 04:00:00+02:00,CT NG 30,0.0
2030,sc01,08-19 04:00:00+02:00,Solar 54,0.0
2030,sc01,08-19 04:00:00+02:00,Solar 31,0.0
2030,sc01,08-19 04:00:00+02:00,Biomass 03,0.0
2030,sc01,08-19 04:00:00+02:00,CT NG 32,0.0
2030,sc01,08-19 04:00:00+02:00,Biomass 27,0.0
2030,sc01,08-19 04:00:00+02:00,CC NG 14,0.0
2030,sc01,08-19 04:00:00+02:00,CC NG 03,0.0
2030,sc01,08-19 04:00:00+02:00,CC NG 29,0.0
2030,sc01,08-19 04:00:00+02:00,CC NG 28,0.0
2030,sc01,08-19 04:00:00+02:00,CC NG 25,0.0
2030,sc01,08-19 04:00:00+02:00,CT NG 44,0.0
2030,sc01,08-19 04:00:00+02:00,CT NG 14,0.0
2030,sc01,08-19 04:00:00+02:00,CC NG 15,0.0
2030,sc01,08-19 04:00:00+02:00,CC NG 04,0.0
2030,sc01,08-19 04:00:00+02:00,Biomass 29,0.0
2030,sc01,08-19 04:00:00+02:00,Wind 14,43.77806891031087
2030,sc01,08-19 04:00:00+02:00,Wind 08,0.92220517606
2030,sc01,08-19 04:00:00+02:00,Biomass 61,0.0
2030,sc01,08-19 04:00:00+02:00,CT NG 35,0.0
2030,sc01,08-19 04:00:00+02:00,Solar 33,0.0
2030,sc01,08-19 04:00:00+02:00,CT NG 41,0.0
2030,sc01,08-19 04:00:00+02:00,CT NG 15,0.0
2030,sc01,08-19 04:00:00+02:00,Solar 42,0.0
2030,sc01,08-19 04:00:00+02:00,Solar 07,0.0
2030,sc01,08-19 04:00:00+02:00,Solar 43,0.0
2030,sc01,08-19 04:00:00+02:00,Biomass 05,0.0
2030,sc01,08-19 04:00:00+02:00,CT NG 29,0.0
2030,sc01,08-19 04:00:00+02:00,Solar 71,0.0
2030,sc01,08-19 04:00:00+02:00,CT NG 53,0.0
2030,sc01,08-19 04:00:00+02:00,CT NG 20,0.0
2030,sc01,08-19 04:00:00+02:00,Biomass 14,0.0
2030,sc01,08-19 04:00:00+02:00,Solar 26,0.0
2030,sc01,08-19 04:00:00+02:00,Hydro 29,0.0
2030,sc01,08-19 04:00:00+02:00,Hydro 31,0.00899208
2030,sc01,08-19 04:00:00+02:00,Biomass 24,0.0
2030,sc01,08-19 04:00:00+02:00,Biomass 54,0.0
2030,sc01,08-19 04:00:00+02:00,Solar 36,0.0
2030,sc01,08-19 04:00:00+02:00,Wind 03,0.043555357232000005
2030,sc01,08-19 04:00:00+02:00,Biomass 40,0.0
2030,sc01,08-19 04:00:00+02:00,Biomass 49,0.0
2030,sc01,08-19 04:00:00+02:00,CC NG 16,0.0
2030,sc01,08-19 04:00:00+02:00,Biomass 48,0.0
2030,sc01,08-19 04:00:00+02:00,Hydro 28,0.0
2030,sc01,08-19 04:00:00+02:00,Biomass 17,0.0
2030,sc01,08-19 04:00:00+02:00,CT NG 33,0.0
2030,sc01,08-19 04:00:00+02:00,Solar 45,0.0
2030,sc01,08-19 04:00:00+02:00,Hydro 24,0.0
2030,sc01,08-19 04:00:00+02:00,Wind 13,12.176035182000001
2030,sc01,08-19 04:00:00+02:00,Biomass 07,0.0
2030,sc01,08-19 04:00:00+02:00,Biomass 34,0.0
2030,sc01,08-19 04:00:00+02:00,Biomass 33,0.0
2030,sc01,08-19 04:00:00+02:00,CT NG 01,0.0
2030,sc01,08-19 04:00:00+02:00,ICE NG 03,0.0
2030,sc01,08-19 04:00:00+02:00,Solar 55,0.0
2030,sc01,08-19 04:00:00+02:00,Solar 11,0.0
2030,sc01,08-19 04:00:00+02:00,CT NG 06,0.0
2030,sc01,08-19 04:00:00+02:00,CT NG 70,0.0
2030,sc01,08-19 04:00:00+02:00,Solar 23,0.0
2030,sc01,08-19 04:00:00+02:00,CT NG 67,0.0
2030,sc01,08-19 04:00:00+02:00,Solar 12,0.0
2030,sc01,08-19 04:00:00+02:00,CT Oil 01,0.0
2030,sc01,08-19 04:00:00+02:00,Hydro 26,0.0
2030,sc01,08-19 04:00:00+02:00,CC NG 22,0.0
2030,sc01,08-19 04:00:00+02:00,CC NG 35,0.0
2030,sc01,08-19 04:00:00+02:00,Biomass 50,0.0
2030,sc01,08-19 04:00:00+02:00,ICE NG 04,0.0
2030,sc01,08-19 04:00:00+02:00,CC NG 39,0.0
2030,sc01,08-19 04:00:00+02:00,Hydro 32,0.010790496
2030,sc01,08-19 04:00:00+02:00,ICE NG 07,0.0
2030,sc01,08-19 04:00:00+02:00,Biomass 46,0.0
2030,sc01,08-19 04:00:00+02:00,CC NG 38,0.0
2030,sc01,08-19 04:00:00+02:00,CC NG 12,0.0
2030,sc01,08-19 04:00:00+02:00,Solar 57,0.0
2030,sc01,08-19 04:00:00+02:00,CC NG 32,0.0
2030,sc01,08-19 04:00:00+02:00,CC NG 07,0.0
2030,sc01,08-19 04:00:00+02:00,Biomass 44,0.0
2030,sc01,08-19 04:00:00+02:00,CT NG 40,0.0
2030,sc01,08-19 04:00:00+02:00,Solar 74,0.0
2030,sc01,08-19 04:00:00+02:00,Hydro 30,0.0
2030,sc01,08-19 04:00:00+02:00,CT NG 42,0.0
2030,sc01,08-19 04:00:00+02:00,Hydro 22,27.91810573332353
2030,sc01,08-19 04:00:00+02:00,Solar 17,0.0
2030,sc01,08-19 04:00:00+02:00,Solar 38,0.0
2030,sc01,08-19 04:00:00+02:00,CT NG 24,0.0
2030,sc01,08-19 04:00:00+02:00,CC NG 27,0.0
2030,sc01,08-19 04:00:00+02:00,Biomass 21,0.0
2030,sc01,08-19 04:00:00+02:00,ICE NG 06,0.0
2030,sc01,08-19 04:00:00+02:00,Biomass 25,0.0
2030,sc01,08-19 04:00:00+02:00,Solar 27,0.0
2030,sc01,08-19 04:00:00+02:00,CT NG 19,0.0
2030,sc01,08-19 04:00:00+02:00,Biomass 42,0.0
2030,sc01,08-19 04:00:00+02:00,Biomass 19,0.0
2030,sc01,08-19 04:00:00+02:00,Biomass 06,0.0
2030,sc01,08-19 04:00:00+02:00,CT NG 10,0.0
2030,sc01,08-19 04:00:00+02:00,CC NG 40,0.0
2030,sc01,08-19 04:00:00+02:00,CC NG 21,0.0
2030,sc01,08-19 04:00:00+02:00,Biomass 02,0.0
2030,sc01,08-19 04:00:00+02:00,CT NG 46,0.0
2030,sc01,08-19 04:00:00+02:00,Hydro 34,0.0
2030,sc01,08-19 04:00:00+02:00,Biomass 10,0.0
2030,sc01,08-19 04:00:00+02:00,CT NG 17,0.0
2030,sc01,08-19 04:00:00+02:00,Biomass 62,0.0
2030,sc01,08-19 04:00:00+02:00,Biomass 32,0.0
2030,sc01,08-19 04:00:00+02:00,CC NG 19,0.0
2030,sc01,08-19 04:00:00+02:00,CC NG 17,0.0
2030,sc01,08-19 04:00:00+02:00,ST NG 01,0.0
2030,sc01,08-19 04:00:00+02:00,Biomass 45,0.0
2030,sc01,08-19 04:00:00+02:00,Biomass 28,0.0
2030,sc01,08-19 04:00:00+02:00,CC NG 10,0.0
2030,sc01,08-19 04:00:00+02:00,Biomass 23,0.0
2030,sc01,08-19 04:00:00+02:00,ST NG 06,0.0
2030,sc01,08-19 04:00:00+02:00,Wind 10,0.39991689944
2030,sc01,08-19 04:00:00+02:00,CT NG 69,0.0
2030,sc01,08-19 04:00:00+02:00,CT NG 68,0.0
2030,sc01,08-19 17:00:00+02:00,CC NG 13,0.0
2030,sc01,08-19 17:00:00+02:00,CT NG 37,0.0
2030,sc01,08-19 17:00:00+02:00,ST Coal 01,0.0
2030,sc01,08-19 17:00:00+02:00,CT NG 09,0.0
2030,sc01,08-19 17:00:00+02:00,CT NG 47,0.0
2030,sc01,08-19 17:00:00+02:00,Solar 69,2.0311278304
2030,sc01,08-19 17:00:00+02:00,Solar 34,1.7829219552
2030,sc01,08-19 17:00:00+02:00,Solar 73,0.0
2030,sc01,08-19 17:00:00+02:00,Biomass 37,0.0
2030,sc01,08-19 17:00:00+02:00,Hydro 20,0.0
2030,sc01,08-19 17:00:00+02:00,Solar 01,2.4582370896000003
2030,sc01,08-19 17:00:00+02:00,Solar 62,0.0
2030,sc01,08-19 17:00:00+02:00,Solar 02,0.79528509136
2030,sc01,08-19 17:00:00+02:00,CT NG 26,0.0
2030,sc01,08-19 17:00:00+02:00,Biomass 20,0.006240000000000001
2030,sc01,08-19 17:00:00+02:00,Wind 16,13.6119984768
2030,sc01,08-19 17:00:00+02:00,CT NG 66,0.0
2030,sc01,08-19 17:00:00+02:00,Solar 39,0.025892724351999998
2030,sc01,08-19 17:00:00+02:00,Biomass 41,0.0
2030,sc01,08-19 17:00:00+02:00,Solar 72,0.42801625360000006
2030,sc01,08-19 17:00:00+02:00,ST NG 03,0.0
2030,sc01,08-19 17:00:00+02:00,Hydro 21,0.76265856
2030,sc01,08-19 17:00:00+02:00,CT NG 03,0.0
2030,sc01,08-19 17:00:00+02:00,CC NG 09,0.0
2030,sc01,08-19 17:00:00+02:00,CT Oil 02,0.0
2030,sc01,08-19 17:00:00+02:00,CT NG 39,0.0
2030,sc01,08-19 17:00:00+02:00,CC NG 08,0.0
2030,sc01,08-19 17:00:00+02:00,Biomass 43,0.0
2030,sc01,08-19 17:00:00+02:00,CT NG 18,0.0
2030,sc01,08-19 17:00:00+02:00,ST NG 07,0.0
2030,sc01,08-19 17:00:00+02:00,Biomass 35,0.0
2030,sc01,08-19 17:00:00+02:00,Solar 32,0.0
2030,sc01,08-19 17:00:00+02:00,Biomass 15,0.00352
2030,sc01,08-19 17:00:00+02:00,CC NG 31,0.0
2030,sc01,08-19 17:00:00+02:00,Solar 16,0.0
2030,sc01,08-19 17:00:00+02:00,Solar 68,1.3817876352
2030,sc01,08-19 17:00:00+02:00,CT NG 21,0.0
2030,sc01,08-19 17:00:00+02:00,Wind 11,1.1191905752
2030,sc01,08-19 17:00:00+02:00,CC NG 37,0.0
2030,sc01,08-19 17:00:00+02:00,CT NG 22,0.0
2030,sc01,08-19 17:00:00+02:00,Hydro 16,0.00587392
2030,sc01,08-19 17:00:00+02:00,Biomass 59,0.06624000000000001
2030,sc01,08-19 17:00:00+02:00,CC NG 01,0.0
2030,sc01,08-19 17:00:00+02:00,Biomass 16,0.00352
2030,sc01,08-19 17:00:00+02:00,Solar 03,0.0
2030,sc01,08-19 17:00:00+02:00,Solar 44,0.023366730624
2030,sc01,08-19 17:00:00+02:00,CT NG 08,0.0
2030,sc01,08-19 17:00:00+02:00,Wind 05,0.014058136704000001
2030,sc01,08-19 17:00:00+02:00,Biomass 26,0.02736
2030,sc01,08-19 17:00:00+02:00,Solar 37,0.44842287712
2030,sc01,08-19 17:00:00+02:00,Biomass 11,0.00528
2030,sc01,08-19 17:00:00+02:00,Solar 59,0.17983742704
2030,sc01,08-19 17:00:00+02:00,CT NG 11,0.0
2030,sc01,08-19 17:00:00+02:00,Biomass 30,0.02736
2030,sc01,08-19 17:00:00+02:00,Hydro 23,0.0
2030,sc01,08-19 17:00:00+02:00,CC NG 24,0.0
2030,sc01,08-19 17:00:00+02:00,Solar 65,1.0737681520000002
2030,sc01,08-19 17:00:00+02:00,CC NG 18,0.0
2030,sc01,08-19 17:00:00+02:00,CT NG 16,0.0
2030,sc01,08-19 17:00:00+02:00,Solar 51,0.22797089024
2030,sc01,08-19 17:00:00+02:00,Wind 06,1.5996275763199999
2030,sc01,08-19 17:00:00+02:00,CC NG 26,0.0
2030,sc01,08-19 17:00:00+02:00,CC NG 23,0.0
2030,sc01,08-19 17:00:00+02:00,CT NG 43,0.0
2030,sc01,08-19 17:00:00+02:00,CC NG 11,0.0
2030,sc01,08-19 17:00:00+02:00,CT NG 02,0.0
2030,sc01,08-19 17:00:00+02:00,CT NG 50,0.0
2030,sc01,08-19 17:00:00+02:00,Hydro 27,0.0
2030,sc01,08-19 17:00:00+02:00,CT NG 13,0.0
2030,sc01,08-19 17:00:00+02:00,CT NG 25,0.0
2030,sc01,08-19 17:00:00+02:00,CC NG 05,0.0
2030,sc01,08-19 17:00:00+02:00,Solar 04,0.118533461632
2030,sc01,08-19 17:00:00+02:00,Solar 30,0.0
2030,sc01,08-19 17:00:00+02:00,Solar 29,0.18749603904
2030,sc01,08-19 17:00:00+02:00,Solar 53,0.23443971648
2030,sc01,08-19 17:00:00+02:00,Solar 21,0.0
2030,sc01,08-19 17:00:00+02:00,Biomass 58,0.03488
2030,sc01,08-19 17:00:00+02:00,CT NG 74,0.0
2030,sc01,08-19 17:00:00+02:00,Solar 61,0.029767711744
2030,sc01,08-19 17:00:00+02:00,Wind 07,1.0817529391999998
2030,sc01,08-19 17:00:00+02:00,Biomass 31,0.02736
2030,sc01,08-19 17:00:00+02:00,CT Oil 05,0.0
2030,sc01,08-19 17:00:00+02:00,Biomass 38,0.0
2030,sc01,08-19 17:00:00+02:00,Solar 41,0.025892724351999998
2030,sc01,08-19 17:00:00+02:00,Biomass 51,0.0
2030,sc01,08-19 17:00:00+02:00,Biomass 55,0.04208
2030,sc01,08-19 17:00:00+02:00,Wind 15,0.0
2030,sc01,08-19 17:00:00+02:00,Geo 01,0.0
2030,sc01,08-19 17:00:00+02:00,Biomass 60,0.0432
2030,sc01,08-19 17:00:00+02:00,CT NG 38,0.0
2030,sc01,08-19 17:00:00+02:00,Solar 66,2.7963555695999998
2030,sc01,08-19 17:00:00+02:00,Solar 49,0.014388657280000001
2030,sc01,08-19 17:00:00+02:00,CT NG 51,0.0
2030,sc01,08-19 17:00:00+02:00,Biomass 18,0.00352
2030,sc01,08-19 17:00:00+02:00,ICE NG 01,0.0
2030,sc01,08-19 17:00:00+02:00,Solar 15,0.257214204
2030,sc01,08-19 17:00:00+02:00,ICE NG 05,0.0
2030,sc01,08-19 17:00:00+02:00,CT Oil 04,0.0
2030,sc01,08-19 17:00:00+02:00,CC NG 20,0.0
2030,sc01,08-19 17:00:00+02:00,Solar 20,0.0
2030,sc01,08-19 17:00:00+02:00,Biomass 04,0.0
2030,sc01,08-19 17:00:00+02:00,Wind 02,2.8152212576
2030,sc01,08-19 17:00:00+02:00,Hydro 25,0.0
2030,sc01,08-19 17:00:00+02:00,Solar 75,0.0
2030,sc01,08-19 17:00:00+02:00,Hydro 33,0.0
2030,sc01,08-19 17:00:00+02:00,ST NG 05,0.0
2030,sc01,08-19 17:00:00+02:00,CT NG 07,0.0
2030,sc01,08-19 17:00:00+02:00,Wind 01,0.73006431744
2030,sc01,08-19 17:00:00+02:00,Solar 56,0.29105899296000004
2030,sc01,08-19 17:00:00+02:00,Biomass 09,0.01312
2030,sc01,08-19 17:00:00+02:00,Biomass 53,0.04208
2030,sc01,08-19 17:00:00+02:00,Wind 17,3.16878763993845
2030,sc01,08-19 17:00:00+02:00,ST NG 08,0.0
2030,sc01,08-19 17:00:00+02:00,Hydro 19,0.0
2030,sc01,08-19 17:00:00+02:00,ST NG 02,0.0
2030,sc01,08-19 17:00:00+02:00,Biomass 01,0.01776
2030,sc01,08-19 17:00:00+02:00,Biomass 57,0.03488
2030,sc01,08-19 17:00:00+02:00,CT NG 49,0.0
2030,sc01,08-19 17:00:00+02:00,CT NG 31,0.0
2030,sc01,08-19 17:00:00+02:00,Solar 64,0.0
2030,sc01,08-19 17:00:00+02:00,CC NG 33,0.0
2030,sc01,08-19 17:00:00+02:00,Solar 46,0.023366730624
2030,sc01,08-19 17:00:00+02:00,Biomass 12,0.00528
2030,sc01,08-19 17:00:00+02:00,Wind 04,0.00551659264
2030,sc01,08-19 17:00:00+02:00,Solar 13,0.0
2030,sc01,08-19 17:00:00+02:00,CT NG 55,0.0
2030,sc01,08-19 17:00:00+02:00,Wind N03,31.014490792562466
2030,sc01,08-19 17:00:00+02:00,CT NG 28,0.0
2030,sc01,08-19 17:00:00+02:00,Wind 09,0.19976296608000002
2030,sc01,08-19 17:00:00+02:00,Solar 60,0.24120990975999998
2030,sc01,08-19 17:00:00+02:00,Solar 25,0.0
2030,sc01,08-19 17:00:00+02:00,CT NG 23,0.0
2030,sc01,08-19 17:00:00+02:00,ST Other 01,0.0
2030,sc01,08-19 17:00:00+02:00,Solar 70,2.4757411456000002
2030,sc01,08-19 17:00:00+02:00,CC NG 34,0.0
2030,sc01,08-19 17:00:00+02:00,Solar 48,0.023366730624
2030,sc01,08-19 17:00:00+02:00,Biomass 56,0.041920000000000006
2030,sc01,08-19 17:00:00+02:00,CT NG 36,0.0
2030,sc01,08-19 17:00:00+02:00,Solar 47,0.023366730624
2030,sc01,08-19 17:00:00+02:00,Hydro 17,0.009912240000000001
2030,sc01,08-19 17:00:00+02:00,Solar 09,0.31382741792
2030,sc01,08-19 17:00:00+02:00,Solar 08,0.061305644032
2030,sc01,08-19 17:00:00+02:00,CT NG 45,0.0
2030,sc01,08-19 17:00:00+02:00,ST NG 04,0.0
2030,sc01,08-19 17:00:00+02:00,Solar 40,0.025892724351999998
2030,sc01,08-19 17:00:00+02:00,Biomass 47,0.0
2030,sc01,08-19 17:00:00+02:00,Solar 50,0.068265792128
2030,sc01,08-19 17:00:00+02:00,Solar 52,0.154838164352
2030,sc01,08-19 17:00:00+02:00,Solar 63,1.20385688624
2030,sc01,08-19 17:00:00+02:00,CC NG 06,0.0
2030,sc01,08-19 17:00:00+02:00,Biomass 39,0.0
2030,sc01,08-19 17:00:00+02:00,Solar 67,0.80250413408
2030,sc01,08-19 17:00:00+02:00,Solar 19,0.0
2030,sc01,08-19 17:00:00+02:00,Wind 12,6.8678068543999995
2030,sc01,08-19 17:00:00+02:00,Solar 24,0.0
2030,sc01,08-19 17:00:00+02:00,ICE NG 02,0.0
2030,sc01,08-19 17:00:00+02:00,Solar 05,0.0
2030,sc01,08-19 17:00:00+02:00,CT NG 54,0.0
2030,sc01,08-19 17:00:00+02:00,Wind N01,64.55065495215966
2030,sc01,08-19 17:00:00+02:00,CT NG 27,0.0
2030,sc01,08-19 17:00:00+02:00,CC NG 36,0.0
2030,sc01,08-19 17:00:00+02:00,Wind N02,33.48304874748381
2030,sc01,08-19 17:00:00+02:00,CT NG 52,0.0
2030,sc01,08-19 17:00:00+02:00,Solar 35,0.0
2030,sc01,08-19 17:00:00+02:00,CT NG 05,0.0
2030,sc01,08-19 17:00:00+02:00,Biomass 36,0.0
2030,sc01,08-19 17:00:00+02:00,CT NG 34,0.0
2030,sc01,08-19 17:00:00+02:00,CT Oil 03,0.0
2030,sc01,08-19 17:00:00+02:00,Hydro 35,0.0
2030,sc01,08-19 17:00:00+02:00,Solar 14,0.0
2030,sc01,08-19 17:00:00+02:00,CT NG 75,0.0
2030,sc01,08-19 17:00:00+02:00,ST NG 09,0.0
2030,sc01,08-19 17:00:00+02:00,CT NG 56,0.0
2030,sc01,08-19 17:00:00+02:00,Biomass 22,0.006240000000000001
2030,sc01,08-19 17:00:00+02:00,Solar 18,0.0
2030,sc01,08-19 17:00:00+02:00,Biomass 13,0.00528
2030,sc01,08-19 17:00:00+02:00,CT NG 71,0.0
2030,sc01,08-19 17:00:00+02:00,Solar 58,0.11660363584
2030,sc01,08-19 17:00:00+02:00,Solar 06,0.158313801856
2030,sc01,08-19 17:00:00+02:00,Biomass 08,0.01312
2030,sc01,08-19 17:00:00+02:00,CT NG 72,0.0
2030,sc01,08-19 17:00:00+02:00,Hydro 18,0.03414216
2030,sc01,08-19 17:00:00+02:00,Solar 10,0.19461144224495897
2030,sc01,08-19 17:00:00+02:00,CT NG 04,0.0
2030,sc01,08-19 17:00:00+02:00,ST Other 02,0.0
2030,sc01,08-19 17:00:00+02:00,CT NG 12,0.0
2030,sc01,08-19 17:00:00+02:00,CT NG 48,0.0
2030,sc01,08-19 17:00:00+02:00,ST NG 10,0.0
2030,sc01,08-19 17:00:00+02:00,Solar 22,0.0
2030,sc01,08-19 17:00:00+02:00,Solar 28,0.0
2030,sc01,08-19 17:00:00+02:00,CT NG 73,0.0
2030,sc01,08-19 17:00:00+02:00,Biomass 52,0.0
2030,sc01,08-19 17:00:00+02:00,CT NG 30,0.0
2030,sc01,08-19 17:00:00+02:00,Solar 54,0.133853908864
2030,sc01,08-19 17:00:00+02:00,Solar 31,0.0
2030,sc01,08-19 17:00:00+02:00,Biomass 03,0.0
2030,sc01,08-19 17:00:00+02:00,CT NG 32,0.0
2030,sc01,08-19 17:00:00+02:00,Biomass 27,0.02736
2030,sc01,08-19 17:00:00+02:00,CC NG 14,0.0
2030,sc01,08-19 17:00:00+02:00,CC NG 03,0.0
2030,sc01,08-19 17:00:00+02:00,CC NG 29,0.0
2030,sc01,08-19 17:00:00+02:00,CC NG 28,0.0
2030,sc01,08-19 17:00:00+02:00,CC NG 25,0.0
2030,sc01,08-19 17:00:00+02:00,CT NG 44,0.0
2030,sc01,08-19 17:00:00+02:00,CT NG 14,0.0
2030,sc01,08-19 17:00:00+02:00,CC NG 15,0.0
2030,sc01,08-19 17:00:00+02:00,CC NG 04,0.0
2030,sc01,08-19 17:00:00+02:00,Biomass 29,0.02736
2030,sc01,08-19 17:00:00+02:00,Wind 14,17.614008778306545
2030,sc01,08-19 17:00:00+02:00,Wind 08,0.36025252448
2030,sc01,08-19 17:00:00+02:00,Biomass 61,0.0
2030,sc01,08-19 17:00:00+02:00,CT NG 35,0.0
2030,sc01,08-19 17:00:00+02:00,Solar 33,0.0
2030,sc01,08-19 17:00:00+02:00,CT NG 41,0.0
2030,sc01,08-19 17:00:00+02:00,CT NG 15,0.0
2030,sc01,08-19 17:00:00+02:00,Solar 42,0.023366730624
2030,sc01,08-19 17:00:00+02:00,Solar 07,0.005201068288
2030,sc01,08-19 17:00:00+02:00,Solar 43,0.023366730624
2030,sc01,08-19 17:00:00+02:00,Biomass 05,0.00768
2030,sc01,08-19 17:00:00+02:00,CT NG 29,0.0
2030,sc01,08-19 17:00:00+02:00,Solar 71,0.0
2030,sc01,08-19 17:00:00+02:00,CT NG 53,0.0
2030,sc01,08-19 17:00:00+02:00,CT NG 20,0.0
2030,sc01,08-19 17:00:00+02:00,Biomass 14,0.01184
2030,sc01,08-19 17:00:00+02:00,Solar 26,0.0
2030,sc01,08-19 17:00:00+02:00,Hydro 29,0.0
2030,sc01,08-19 17:00:00+02:00,Hydro 31,0.00293696
2030,sc01,08-19 17:00:00+02:00,Biomass 24,0.0044800000000000005
2030,sc01,08-19 17:00:00+02:00,Biomass 54,0.04208
2030,sc01,08-19 17:00:00+02:00,Solar 36,1.857957976
2030,sc01,08-19 17:00:00+02:00,Wind 03,0.013621194368
2030,sc01,08-19 17:00:00+02:00,Biomass 40,0.0
2030,sc01,08-19 17:00:00+02:00,Biomass 49,0.0
2030,sc01,08-19 17:00:00+02:00,CC NG 16,0.0
2030,sc01,08-19 17:00:00+02:00,Biomass 48,0.0
2030,sc01,08-19 17:00:00+02:00,Hydro 28,0.0
2030,sc01,08-19 17:00:00+02:00,Biomass 17,0.00352
2030,sc01,08-19 17:00:00+02:00,CT NG 33,0.0
2030,sc01,08-19 17:00:00+02:00,Solar 45,0.023366730624
2030,sc01,08-19 17:00:00+02:00,Hydro 24,0.0
2030,sc01,08-19 17:00:00+02:00,Wind 13,3.97839652
2030,sc01,08-19 17:00:00+02:00,Biomass 07,0.032
2030,sc01,08-19 17:00:00+02:00,Biomass 34,0.0
2030,sc01,08-19 17:00:00+02:00,Biomass 33,0.0
2030,sc01,08-19 17:00:00+02:00,CT NG 01,0.3083752148082626
2030,sc01,08-19 17:00:00+02:00,ICE NG 03,0.0
2030,sc01,08-19 17:00:00+02:00,Solar 55,0.29027498304
2030,sc01,08-19 17:00:00+02:00,Solar 11,0.0
2030,sc01,08-19 17:00:00+02:00,CT NG 06,0.0
2030,sc01,08-19 17:00:00+02:00,CT NG 70,0.0
2030,sc01,08-19 17:00:00+02:00,Solar 23,0.0
2030,sc01,08-19 17:00:00+02:00,CT NG 67,0.0
2030,sc01,08-19 17:00:00+02:00,Solar 12,0.0
2030,sc01,08-19 17:00:00+02:00,CT Oil 01,0.0
2030,sc01,08-19 17:00:00+02:00,Hydro 26,0.0
2030,sc01,08-19 17:00:00+02:00,CC NG 22,0.0
2030,sc01,08-19 17:00:00+02:00,CC NG 35,0.0
2030,sc01,08-19 17:00:00+02:00,Biomass 50,0.0
2030,sc01,08-19 17:00:00+02:00,ICE NG 04,0.0
2030,sc01,08-19 17:00:00+02:00,CC NG 39,0.0
2030,sc01,08-19 17:00:00+02:00,Hydro 32,0.003524352
2030,sc01,08-19 17:00:00+02:00,ICE NG 07,0.0
2030,sc01,08-19 17:00:00+02:00,Biomass 46,0.0
2030,sc01,08-19 17:00:00+02:00,CC NG 38,0.0
2030,sc01,08-19 17:00:00+02:00,CC NG 12,0.0
2030,sc01,08-19 17:00:00+02:00,Solar 57,0.09957951244800001
2030,sc01,08-19 17:00:00+02:00,CC NG 32,0.0
2030,sc01,08-19 17:00:00+02:00,CC NG 07,0.0
2030,sc01,08-19 17:00:00+02:00,Biomass 44,0.0
2030,sc01,08-19 17:00:00+02:00,CT NG 40,0.0
2030,sc01,08-19 17:00:00+02:00,Solar 74,1.5833221772800001
2030,sc01,08-19 17:00:00+02:00,Hydro 30,0.0
2030,sc01,08-19 17:00:00+02:00,CT NG 42,0.0
2030,sc01,08-19 17:00:00+02:00,Hydro 22,0.76265856
2030,sc01,08-19 17:00:00+02:00,Solar 17,0.0
2030,sc01,08-19 17:00:00+02:00,Solar 38,0.38087009376
2030,sc01,08-19 17:00:00+02:00,CT NG 24,0.0
2030,sc01,08-19 17:00:00+02:00,CC NG 27,0.0
2030,sc01,08-19 17:00:00+02:00,Biomass 21,0.006240000000000001
2030,sc01,08-19 17:00:00+02:00,ICE NG 06,0.0
2030,sc01,08-19 17:00:00+02:00,Biomass 25,0.0044800000000000005
2030,sc01,08-19 17:00:00+02:00,Solar 27,0.0
2030,sc01,08-19 17:00:00+02:00,CT NG 19,0.0
2030,sc01,08-19 17:00:00+02:00,Biomass 42,0.0
2030,sc01,08-19 17:00:00+02:00,Biomass 19,0.006240000000000001
2030,sc01,08-19 17:00:00+02:00,Biomass 06,0.00768
2030,sc01,08-19 17:00:00+02:00,CT NG 10,0.0
2030,sc01,08-19 17:00:00+02:00,CC NG 40,0.0
2030,sc01,08-19 17:00:00+02:00,CC NG 21,0.0
2030,sc01,08-19 17:00:00+02:00,Biomass 02,0.01776
2030,sc01,08-19 17:00:00+02:00,CT NG 46,0.0
2030,sc01,08-19 17:00:00+02:00,Hydro 34,0.0
2030,sc01,08-19 17:00:00+02:00,Biomass 10,0.01312
2030,sc01,08-19 17:00:00+02:00,CT NG 17,0.0
2030,sc01,08-19 17:00:00+02:00,Biomass 62,0.03184
2030,sc01,08-19 17:00:00+02:00,Biomass 32,0.01968
2030,sc01,08-19 17:00:00+02:00,CC NG 19,0.0
2030,sc01,08-19 17:00:00+02:00,CC NG 17,0.0
2030,sc01,08-19 17:00:00+02:00,ST NG 01,0.0
2030,sc01,08-19 17:00:00+02:00,Biomass 45,0.0
2030,sc01,08-19 17:00:00+02:00,Biomass 28,0.02736
2030,sc01,08-19 17:00:00+02:00,CC NG 10,0.0
2030,sc01,08-19 17:00:00+02:00,Biomass 23,0.0044800000000000005
2030,sc01,08-19 17:00:00+02:00,ST NG 06,0.0
2030,sc01,08-19 17:00:00+02:00,Wind 10,0.20878988208000002
2030,sc01,08-19 17:00:00+02:00,CT NG 69,0.0
2030,sc01,08-19 17:00:00+02:00,CT NG 68,0.0
2030,sc01,08-21 01:00:00+02:00,CC NG 13,0.0
2030,sc01,08-21 01:00:00+02:00,CT NG 37,0.0
2030,sc01,08-21 01:00:00+02:00,ST Coal 01,0.0
2030,sc01,08-21 01:00:00+02:00,CT NG 09,0.0
2030,sc01,08-21 01:00:00+02:00,CT NG 47,0.0
2030,sc01,08-21 01:00:00+02:00,Solar 69,0.0
2030,sc01,08-21 01:00:00+02:00,Solar 34,0.0
2030,sc01,08-21 01:00:00+02:00,Solar 73,0.0
2030,sc01,08-21 01:00:00+02:00,Biomass 37,0.0
2030,sc01,08-21 01:00:00+02:00,Hydro 20,0.0
2030,sc01,08-21 01:00:00+02:00,Solar 01,0.0
2030,sc01,08-21 01:00:00+02:00,Solar 62,0.0
2030,sc01,08-21 01:00:00+02:00,Solar 02,0.0
2030,sc01,08-21 01:00:00+02:00,CT NG 26,0.0
2030,sc01,08-21 01:00:00+02:00,Biomass 20,0.0
2030,sc01,08-21 01:00:00+02:00,Wind 16,44.385173893600005
2030,sc01,08-21 01:00:00+02:00,CT NG 66,0.0
2030,sc01,08-21 01:00:00+02:00,Solar 39,0.0
2030,sc01,08-21 01:00:00+02:00,Biomass 41,0.0
2030,sc01,08-21 01:00:00+02:00,Solar 72,0.0
2030,sc01,08-21 01:00:00+02:00,ST NG 03,0.0
2030,sc01,08-21 01:00:00+02:00,Hydro 21,0.72353904
2030,sc01,08-21 01:00:00+02:00,CT NG 03,0.0
2030,sc01,08-21 01:00:00+02:00,CC NG 09,0.0
2030,sc01,08-21 01:00:00+02:00,CT Oil 02,0.0
2030,sc01,08-21 01:00:00+02:00,CT NG 39,0.0
2030,sc01,08-21 01:00:00+02:00,CC NG 08,0.0
2030,sc01,08-21 01:00:00+02:00,Biomass 43,0.0
2030,sc01,08-21 01:00:00+02:00,CT NG 18,0.0
2030,sc01,08-21 01:00:00+02:00,ST NG 07,0.0
2030,sc01,08-21 01:00:00+02:00,Biomass 35,0.0
2030,sc01,08-21 01:00:00+02:00,Solar 32,0.0
2030,sc01,08-21 01:00:00+02:00,Biomass 15,0.0
2030,sc01,08-21 01:00:00+02:00,CC NG 31,0.0
2030,sc01,08-21 01:00:00+02:00,Solar 16,0.0
2030,sc01,08-21 01:00:00+02:00,Solar 68,0.0
2030,sc01,08-21 01:00:00+02:00,CT NG 21,0.0
2030,sc01,08-21 01:00:00+02:00,Wind 11,0.0
2030,sc01,08-21 01:00:00+02:00,CC NG 37,0.0
2030,sc01,08-21 01:00:00+02:00,CT NG 22,0.0
2030,sc01,08-21 01:00:00+02:00,Hydro 16,0.0
2030,sc01,08-21 01:00:00+02:00,Biomass 59,0.0
2030,sc01,08-21 01:00:00+02:00,CC NG 01,0.0
2030,sc01,08-21 01:00:00+02:00,Biomass 16,0.0
2030,sc01,08-21 01:00:00+02:00,Solar 03,0.0
2030,sc01,08-21 01:00:00+02:00,Solar 44,0.0
2030,sc01,08-21 01:00:00+02:00,CT NG 08,0.0
2030,sc01,08-21 01:00:00+02:00,Wind 05,0.08008864132
2030,sc01,08-21 01:00:00+02:00,Biomass 26,0.0
2030,sc01,08-21 01:00:00+02:00,Solar 37,0.0
2030,sc01,08-21 01:00:00+02:00,Biomass 11,0.0
2030,sc01,08-21 01:00:00+02:00,Solar 59,0.0
2030,sc01,08-21 01:00:00+02:00,CT NG 11,0.0
2030,sc01,08-21 01:00:00+02:00,Biomass 30,0.0
2030,sc01,08-21 01:00:00+02:00,Hydro 23,0.0
2030,sc01,08-21 01:00:00+02:00,CC NG 24,0.0
2030,sc01,08-21 01:00:00+02:00,Solar 65,0.0
2030,sc01,08-21 01:00:00+02:00,CC NG 18,0.0
2030,sc01,08-21 01:00:00+02:00,CT NG 16,0.0
2030,sc01,08-21 01:00:00+02:00,Solar 51,0.0
2030,sc01,08-21 01:00:00+02:00,Wind 06,0.0
2030,sc01,08-21 01:00:00+02:00,CC NG 26,0.0
2030,sc01,08-21 01:00:00+02:00,CC NG 23,0.0
2030,sc01,08-21 01:00:00+02:00,CT NG 43,0.0
2030,sc01,08-21 01:00:00+02:00,CC NG 11,0.0
2030,sc01,08-21 01:00:00+02:00,CT NG 02,0.0
2030,sc01,08-21 01:00:00+02:00,CT NG 50,0.0
2030,sc01,08-21 01:00:00+02:00,Hydro 27,0.0
2030,sc01,08-21 01:00:00+02:00,CT NG 13,0.0
2030,sc01,08-21 01:00:00+02:00,CT NG 25,0.0
2030,sc01,08-21 01:00:00+02:00,CC NG 05,0.0
2030,sc01,08-21 01:00:00+02:00,Solar 04,0.0
2030,sc01,08-21 01:00:00+02:00,Solar 30,0.0
2030,sc01,08-21 01:00:00+02:00,Solar 29,0.0
2030,sc01,08-21 01:00:00+02:00,Solar 53,0.0
2030,sc01,08-21 01:00:00+02:00,Solar 21,0.0
2030,sc01,08-21 01:00:00+02:00,Biomass 58,0.0
2030,sc01,08-21 01:00:00+02:00,CT NG 74,0.0
2030,sc01,08-21 01:00:00+02:00,Solar 61,0.0
2030,sc01,08-21 01:00:00+02:00,Wind 07,0.0
2030,sc01,08-21 01:00:00+02:00,Biomass 31,0.0
2030,sc01,08-21 01:00:00+02:00,CT Oil 05,0.0
2030,sc01,08-21 01:00:00+02:00,Biomass 38,0.0
2030,sc01,08-21 01:00:00+02:00,Solar 41,0.0
2030,sc01,08-21 01:00:00+02:00,Biomass 51,0.0
2030,sc01,08-21 01:00:00+02:00,Biomass 55,0.0
2030,sc01,08-21 01:00:00+02:00,Wind 15,4.18947620982
2030,sc01,08-21 01:00:00+02:00,Geo 01,0.0
2030,sc01,08-21 01:00:00+02:00,Biomass 60,0.0
2030,sc01,08-21 01:00:00+02:00,CT NG 38,0.0
2030,sc01,08-21 01:00:00+02:00,Solar 66,0.0
2030,sc01,08-21 01:00:00+02:00,Solar 49,0.0
2030,sc01,08-21 01:00:00+02:00,CT NG 51,0.0
2030,sc01,08-21 01:00:00+02:00,Biomass 18,0.0
2030,sc01,08-21 01:00:00+02:00,ICE NG 01,0.0
2030,sc01,08-21 01:00:00+02:00,Solar 15,0.0
2030,sc01,08-21 01:00:00+02:00,ICE NG 05,0.0
2030,sc01,08-21 01:00:00+02:00,CT Oil 04,0.0
2030,sc01,08-21 01:00:00+02:00,CC NG 20,0.0
2030,sc01,08-21 01:00:00+02:00,Solar 20,0.0
2030,sc01,08-21 01:00:00+02:00,Biomass 04,0.0
2030,sc01,08-21 01:00:00+02:00,Wind 02,6.501653471
2030,sc01,08-21 01:00:00+02:00,Hydro 25,0.0
2030,sc01,08-21 01:00:00+02:00,Solar 75,0.0
2030,sc01,08-21 01:00:00+02:00,Hydro 33,0.0
2030,sc01,08-21 01:00:00+02:00,ST NG 05,0.0
2030,sc01,08-21 01:00:00+02:00,CT NG 07,0.0
2030,sc01,08-21 01:00:00+02:00,Wind 01,1.9434396785399999
2030,sc01,08-21 01:00:00+02:00,Solar 56,0.0
2030,sc01,08-21 01:00:00+02:00,Biomass 09,0.0
2030,sc01,08-21 01:00:00+02:00,Biomass 53,0.0
2030,sc01,08-21 01:00:00+02:00,Wind 17,15.579221268300001
2030,sc01,08-21 01:00:00+02:00,ST NG 08,0.0
2030,sc01,08-21 01:00:00+02:00,Hydro 19,0.0
2030,sc01,08-21 01:00:00+02:00,ST NG 02,0.0
2030,sc01,08-21 01:00:00+02:00,Biomass 01,0.0
2030,sc01,08-21 01:00:00+02:00,Biomass 57,0.0
2030,sc01,08-21 01:00:00+02:00,CT NG 49,0.0
2030,sc01,08-21 01:00:00+02:00,CT NG 31,0.0
2030,sc01,08-21 01:00:00+02:00,Solar 64,0.0
2030,sc01,08-21 01:00:00+02:00,CC NG 33,0.0
2030,sc01,08-21 01:00:00+02:00,Solar 46,0.0
2030,sc01,08-21 01:00:00+02:00,Biomass 12,0.0
2030,sc01,08-21 01:00:00+02:00,Wind 04,0.064950610448
2030,sc01,08-21 01:00:00+02:00,Solar 13,0.0
2030,sc01,08-21 01:00:00+02:00,CT NG 55,0.0
2030,sc01,08-21 01:00:00+02:00,Wind N03,81.63112548417286
2030,sc01,08-21 01:00:00+02:00,CT NG 28,0.0
2030,sc01,08-21 01:00:00+02:00,Wind 09,0.0
2030,sc01,08-21 01:00:00+02:00,Solar 60,0.0
2030,sc01,08-21 01:00:00+02:00,Solar 25,0.0
2030,sc01,08-21 01:00:00+02:00,CT NG 23,0.0
2030,sc01,08-21 01:00:00+02:00,ST Other 01,0.0
2030,sc01,08-21 01:00:00+02:00,Solar 70,0.0
2030,sc01,08-21 01:00:00+02:00,CC NG 34,0.0
2030,sc01,08-21 01:00:00+02:00,Solar 48,0.0
2030,sc01,08-21 01:00:00+02:00,Biomass 56,0.0
2030,sc01,08-21 01:00:00+02:00,CT NG 36,0.0
2030,sc01,08-21 01:00:00+02:00,Solar 47,0.0
2030,sc01,08-21 01:00:00+02:00,Hydro 17,0.038028825
2030,sc01,08-21 01:00:00+02:00,Solar 09,0.0
2030,sc01,08-21 01:00:00+02:00,Solar 08,0.0
2030,sc01,08-21 01:00:00+02:00,CT NG 45,0.0
2030,sc01,08-21 01:00:00+02:00,ST NG 04,0.0
2030,sc01,08-21 01:00:00+02:00,Solar 40,0.0
2030,sc01,08-21 01:00:00+02:00,Biomass 47,0.0
2030,sc01,08-21 01:00:00+02:00,Solar 50,0.0
2030,sc01,08-21 01:00:00+02:00,Solar 52,0.0
2030,sc01,08-21 01:00:00+02:00,Solar 63,0.0
2030,sc01,08-21 01:00:00+02:00,CC NG 06,0.0
2030,sc01,08-21 01:00:00+02:00,Biomass 39,0.0
2030,sc01,08-21 01:00:00+02:00,Solar 67,0.0
2030,sc01,08-21 01:00:00+02:00,Solar 19,0.0
2030,sc01,08-21 01:00:00+02:00,Wind 12,13.4363912586
2030,sc01,08-21 01:00:00+02:00,Solar 24,0.0
2030,sc01,08-21 01:00:00+02:00,ICE NG 02,0.0
2030,sc01,08-21 01:00:00+02:00,Solar 05,0.0
2030,sc01,08-21 01:00:00+02:00,CT NG 54,0.0
2030,sc01,08-21 01:00:00+02:00,Wind N01,127.473455514
2030,sc01,08-21 01:00:00+02:00,CT NG 27,0.0
2030,sc01,08-21 01:00:00+02:00,CC NG 36,0.0
2030,sc01,08-21 01:00:00+02:00,Wind N02,60.883775189369665
2030,sc01,08-21 01:00:00+02:00,CT NG 52,0.0
2030,sc01,08-21 01:00:00+02:00,Solar 35,0.0
2030,sc01,08-21 01:00:00+02:00,CT NG 05,0.0
2030,sc01,08-21 01:00:00+02:00,Biomass 36,0.0
2030,sc01,08-21 01:00:00+02:00,CT NG 34,0.0
2030,sc01,08-21 01:00:00+02:00,CT Oil 03,0.0
2030,sc01,08-21 01:00:00+02:00,Hydro 35,0.0
2030,sc01,08-21 01:00:00+02:00,Solar 14,0.0
2030,sc01,08-21 01:00:00+02:00,CT NG 75,0.0
2030,sc01,08-21 01:00:00+02:00,ST NG 09,0.0
2030,sc01,08-21 01:00:00+02:00,CT NG 56,0.0
2030,sc01,08-21 01:00:00+02:00,Biomass 22,0.0
2030,sc01,08-21 01:00:00+02:00,Solar 18,0.0
2030,sc01,08-21 01:00:00+02:00,Biomass 13,0.0
2030,sc01,08-21 01:00:00+02:00,CT NG 71,0.0
2030,sc01,08-21 01:00:00+02:00,Solar 58,0.0
2030,sc01,08-21 01:00:00+02:00,Solar 06,0.0
2030,sc01,08-21 01:00:00+02:00,Biomass 08,0.0
2030,sc01,08-21 01:00:00+02:00,CT NG 72,0.0
2030,sc01,08-21 01:00:00+02:00,Hydro 18,0.13098817499999998
2030,sc01,08-21 01:00:00+02:00,Solar 10,0.0
2030,sc01,08-21 01:00:00+02:00,CT NG 04,0.0
2030,sc01,08-21 01:00:00+02:00,ST Other 02,0.0
2030,sc01,08-21 01:00:00+02:00,CT NG 12,0.0
2030,sc01,08-21 01:00:00+02:00,CT NG 48,0.0
2030,sc01,08-21 01:00:00+02:00,ST NG 10,0.0
2030,sc01,08-21 01:00:00+02:00,Solar 22,0.0
2030,sc01,08-21 01:00:00+02:00,Solar 28,0.0
2030,sc01,08-21 01:00:00+02:00,CT NG 73,0.0
2030,sc01,08-21 01:00:00+02:00,Biomass 52,0.0
2030,sc01,08-21 01:00:00+02:00,CT NG 30,0.0
2030,sc01,08-21 01:00:00+02:00,Solar 54,0.0
2030,sc01,08-21 01:00:00+02:00,Solar 31,0.0
2030,sc01,08-21 01:00:00+02:00,Biomass 03,0.0
2030,sc01,08-21 01:00:00+02:00,CT NG 32,0.0
2030,sc01,08-21 01:00:00+02:00,Biomass 27,0.0
2030,sc01,08-21 01:00:00+02:00,CC NG 14,0.0
2030,sc01,08-21 01:00:00+02:00,CC NG 03,0.0
2030,sc01,08-21 01:00:00+02:00,CC NG 29,0.0
2030,sc01,08-21 01:00:00+02:00,CC NG 28,0.0
2030,sc01,08-21 01:00:00+02:00,CC NG 25,0.0
2030,sc01,08-21 01:00:00+02:00,CT NG 44,0.0
2030,sc01,08-21 01:00:00+02:00,CT NG 14,0.0
2030,sc01,08-21 01:00:00+02:00,CC NG 15,0.0
2030,sc01,08-21 01:00:00+02:00,CC NG 04,0.0
2030,sc01,08-21 01:00:00+02:00,Biomass 29,0.0
2030,sc01,08-21 01:00:00+02:00,Wind 14,89.68983797135596
2030,sc01,08-21 01:00:00+02:00,Wind 08,0.0
2030,sc01,08-21 01:00:00+02:00,Biomass 61,0.0
2030,sc01,08-21 01:00:00+02:00,CT NG 35,0.0
2030,sc01,08-21 01:00:00+02:00,Solar 33,0.0
2030,sc01,08-21 01:00:00+02:00,CT NG 41,0.0
2030,sc01,08-21 01:00:00+02:00,CT NG 15,0.0
2030,sc01,08-21 01:00:00+02:00,Solar 42,0.0
2030,sc01,08-21 01:00:00+02:00,Solar 07,0.0
2030,sc01,08-21 01:00:00+02:00,Solar 43,0.0
2030,sc01,08-21 01:00:00+02:00,Biomass 05,0.0
2030,sc01,08-21 01:00:00+02:00,CT NG 29,0.0
2030,sc01,08-21 01:00:00+02:00,Solar 71,0.0
2030,sc01,08-21 01:00:00+02:00,CT NG 53,0.0
2030,sc01,08-21 01:00:00+02:00,CT NG 20,0.0
2030,sc01,08-21 01:00:00+02:00,Biomass 14,0.0
2030,sc01,08-21 01:00:00+02:00,Solar 26,0.0
2030,sc01,08-21 01:00:00+02:00,Hydro 29,0.0
2030,sc01,08-21 01:00:00+02:00,Hydro 31,0.0
2030,sc01,08-21 01:00:00+02:00,Biomass 24,0.0
2030,sc01,08-21 01:00:00+02:00,Biomass 54,0.0
2030,sc01,08-21 01:00:00+02:00,Solar 36,0.0
2030,sc01,08-21 01:00:00+02:00,Wind 03,0.208206309184
2030,sc01,08-21 01:00:00+02:00,Biomass 40,0.0
2030,sc01,08-21 01:00:00+02:00,Biomass 49,0.0
2030,sc01,08-21 01:00:00+02:00,CC NG 16,0.0
2030,sc01,08-21 01:00:00+02:00,Biomass 48,0.0
2030,sc01,08-21 01:00:00+02:00,Hydro 28,0.0
2030,sc01,08-21 01:00:00+02:00,Biomass 17,0.0
2030,sc01,08-21 01:00:00+02:00,CT NG 33,0.0
2030,sc01,08-21 01:00:00+02:00,Solar 45,0.0
2030,sc01,08-21 01:00:00+02:00,Hydro 24,0.0
2030,sc01,08-21 01:00:00+02:00,Wind 13,9.6179466654
2030,sc01,08-21 01:00:00+02:00,Biomass 07,0.0
2030,sc01,08-21 01:00:00+02:00,Biomass 34,0.0
2030,sc01,08-21 01:00:00+02:00,Biomass 33,0.0
2030,sc01,08-21 01:00:00+02:00,CT NG 01,0.0
2030,sc01,08-21 01:00:00+02:00,ICE NG 03,0.0
2030,sc01,08-21 01:00:00+02:00,Solar 55,0.0
2030,sc01,08-21 01:00:00+02:00,Solar 11,0.0
2030,sc01,08-21 01:00:00+02:00,CT NG 06,0.0
2030,sc01,08-21 01:00:00+02:00,CT NG 70,0.0
2030,sc01,08-21 01:00:00+02:00,Solar 23,0.0
2030,sc01,08-21 01:00:00+02:00,CT NG 67,0.0
2030,sc01,08-21 01:00:00+02:00,Solar 12,0.0
2030,sc01,08-21 01:00:00+02:00,CT Oil 01,0.0
2030,sc01,08-21 01:00:00+02:00,Hydro 26,0.0
2030,sc01,08-21 01:00:00+02:00,CC NG 22,0.0
2030,sc01,08-21 01:00:00+02:00,CC NG 35,0.0
2030,sc01,08-21 01:00:00+02:00,Biomass 50,0.0
2030,sc01,08-21 01:00:00+02:00,ICE NG 04,0.0
2030,sc01,08-21 01:00:00+02:00,CC NG 39,0.0
2030,sc01,08-21 01:00:00+02:00,Hydro 32,0.0
2030,sc01,08-21 01:00:00+02:00,ICE NG 07,0.0
2030,sc01,08-21 01:00:00+02:00,Biomass 46,0.0
2030,sc01,08-21 01:00:00+02:00,CC NG 38,0.0
2030,sc01,08-21 01:00:00+02:00,CC NG 12,0.0
2030,sc01,08-21 01:00:00+02:00,Solar 57,0.0
2030,sc01,08-21 01:00:00+02:00,CC NG 32,0.0
2030,sc01,08-21 01:00:00+02:00,CC NG 07,0.0
2030,sc01,08-21 01:00:00+02:00,Biomass 44,0.0
2030,sc01,08-21 01:00:00+02:00,CT NG 40,0.0
2030,sc01,08-21 01:00:00+02:00,Solar 74,0.0
2030,sc01,08-21 01:00:00+02:00,Hydro 30,0.0
2030,sc01,08-21 01:00:00+02:00,CT NG 42,0.0
2030,sc01,08-21 01:00:00+02:00,Hydro 22,0.72353904
2030,sc01,08-21 01:00:00+02:00,Solar 17,0.0
2030,sc01,08-21 01:00:00+02:00,Solar 38,0.0
2030,sc01,08-21 01:00:00+02:00,CT NG 24,0.0
2030,sc01,08-21 01:00:00+02:00,CC NG 27,0.0
2030,sc01,08-21 01:00:00+02:00,Biomass 21,0.0
2030,sc01,08-21 01:00:00+02:00,ICE NG 06,0.0
2030,sc01,08-21 01:00:00+02:00,Biomass 25,0.0
2030,sc01,08-21 01:00:00+02:00,Solar 27,0.0
2030,sc01,08-21 01:00:00+02:00,CT NG 19,0.0
2030,sc01,08-21 01:00:00+02:00,Biomass 42,0.0
2030,sc01,08-21 01:00:00+02:00,Biomass 19,0.0
2030,sc01,08-21 01:00:00+02:00,Biomass 06,0.0
2030,sc01,08-21 01:00:00+02:00,CT NG 10,0.0
2030,sc01,08-21 01:00:00+02:00,CC NG 40,0.0
2030,sc01,08-21 01:00:00+02:00,CC NG 21,0.0
2030,sc01,08-21 01:00:00+02:00,Biomass 02,0.0
2030,sc01,08-21 01:00:00+02:00,CT NG 46,0.0
2030,sc01,08-21 01:00:00+02:00,Hydro 34,0.0
2030,sc01,08-21 01:00:00+02:00,Biomass 10,0.0
2030,sc01,08-21 01:00:00+02:00,CT NG 17,0.0
2030,sc01,08-21 01:00:00+02:00,Biomass 62,0.0
2030,sc01,08-21 01:00:00+02:00,Biomass 32,0.0
2030,sc01,08-21 01:00:00+02:00,CC NG 19,0.0
2030,sc01,08-21 01:00:00+02:00,CC NG 17,0.0
2030,sc01,08-21 01:00:00+02:00,ST NG 01,0.0
2030,sc01,08-21 01:00:00+02:00,Biomass 45,0.0
2030,sc01,08-21 01:00:00+02:00,Biomass 28,0.0
2030,sc01,08-21 01:00:00+02:00,CC NG 10,0.0
2030,sc01,08-21 01:00:00+02:00,Biomass 23,0.0
2030,sc01,08-21 01:00:00+02:00,ST NG 06,0.0
2030,sc01,08-21 01:00:00+02:00,Wind 10,0.0
2030,sc01,08-21 01:00:00+02:00,CT NG 69,0.0
2030,sc01,08-21 01:00:00+02:00,CT NG 68,0.0
2030,sc01,08-24 10:00:00+02:00,CC NG 13,0.0
2030,sc01,08-24 10:00:00+02:00,CT NG 37,0.0
2030,sc01,08-24 10:00:00+02:00,ST Coal 01,0.0
2030,sc01,08-24 10:00:00+02:00,CT NG 09,0.0
2030,sc01,08-24 10:00:00+02:00,CT NG 47,0.0
2030,sc01,08-24 10:00:00+02:00,Solar 69,0.0
2030,sc01,08-24 10:00:00+02:00,Solar 34,0.0
2030,sc01,08-24 10:00:00+02:00,Solar 73,0.0
2030,sc01,08-24 10:00:00+02:00,Biomass 37,0.0
2030,sc01,08-24 10:00:00+02:00,Hydro 20,0.0
2030,sc01,08-24 10:00:00+02:00,Solar 01,19.3578782842
2030,sc01,08-24 10:00:00+02:00,Solar 62,0.0
2030,sc01,08-24 10:00:00+02:00,Solar 02,9.6968536894
2030,sc01,08-24 10:00:00+02:00,CT NG 26,0.0
2030,sc01,08-24 10:00:00+02:00,Biomass 20,0.013260000000000001
2030,sc01,08-24 10:00:00+02:00,Wind 16,0.4171923105709041
2030,sc01,08-24 10:00:00+02:00,CT NG 66,0.0
2030,sc01,08-24 10:00:00+02:00,Solar 39,0.0
2030,sc01,08-24 10:00:00+02:00,Biomass 41,0.0
2030,sc01,08-24 10:00:00+02:00,Solar 72,0.0
2030,sc01,08-24 10:00:00+02:00,ST NG 03,0.0
2030,sc01,08-24 10:00:00+02:00,Hydro 21,1.1816016599999999
2030,sc01,08-24 10:00:00+02:00,CT NG 03,0.0
2030,sc01,08-24 10:00:00+02:00,CC NG 09,0.0
2030,sc01,08-24 10:00:00+02:00,CT Oil 02,0.0
2030,sc01,08-24 10:00:00+02:00,CT NG 39,0.0
2030,sc01,08-24 10:00:00+02:00,CC NG 08,0.0
2030,sc01,08-24 10:00:00+02:00,Biomass 43,0.0
2030,sc01,08-24 10:00:00+02:00,CT NG 18,0.0
2030,sc01,08-24 10:00:00+02:00,ST NG 07,0.0
2030,sc01,08-24 10:00:00+02:00,Biomass 35,0.0
2030,sc01,08-24 10:00:00+02:00,Solar 32,0.0
2030,sc01,08-24 10:00:00+02:00,Biomass 15,0.0074800000000000005
2030,sc01,08-24 10:00:00+02:00,CC NG 31,0.0
2030,sc01,08-24 10:00:00+02:00,Solar 16,1.3460017362399999
2030,sc01,08-24 10:00:00+02:00,Solar 68,0.0
2030,sc01,08-24 10:00:00+02:00,CT NG 21,0.0
2030,sc01,08-24 10:00:00+02:00,Wind 11,0.5569516421
2030,sc01,08-24 10:00:00+02:00,CC NG 37,0.0
2030,sc01,08-24 10:00:00+02:00,CT NG 22,0.0
2030,sc01,08-24 10:00:00+02:00,Hydro 16,0.01365712
2030,sc01,08-24 10:00:00+02:00,Biomass 59,0.14076000000000002
2030,sc01,08-24 10:00:00+02:00,CC NG 01,0.0
2030,sc01,08-24 10:00:00+02:00,Biomass 16,0.0074800000000000005
2030,sc01,08-24 10:00:00+02:00,Solar 03,5.961516745199999
2030,sc01,08-24 10:00:00+02:00,Solar 44,0.0
2030,sc01,08-24 10:00:00+02:00,CT NG 08,0.0
2030,sc01,08-24 10:00:00+02:00,Wind 05,0.043328531856000004
2030,sc01,08-24 10:00:00+02:00,Biomass 26,0.05814
2030,sc01,08-24 10:00:00+02:00,Solar 37,0.0
2030,sc01,08-24 10:00:00+02:00,Biomass 11,0.01122
2030,sc01,08-24 10:00:00+02:00,Solar 59,0.0
2030,sc01,08-24 10:00:00+02:00,CT NG 11,0.0
2030,sc01,08-24 10:00:00+02:00,Biomass 30,0.05814
2030,sc01,08-24 10:00:00+02:00,Hydro 23,0.0
2030,sc01,08-24 10:00:00+02:00,CC NG 24,0.0
2030,sc01,08-24 10:00:00+02:00,Solar 65,11.9497007886
2030,sc01,08-24 10:00:00+02:00,CC NG 18,0.0
2030,sc01,08-24 10:00:00+02:00,CT NG 16,0.0
2030,sc01,08-24 10:00:00+02:00,Solar 51,0.0
2030,sc01,08-24 10:00:00+02:00,Wind 06,0.99073994544
2030,sc01,08-24 10:00:00+02:00,CC NG 26,0.0
2030,sc01,08-24 10:00:00+02:00,CC NG 23,0.0
2030,sc01,08-24 10:00:00+02:00,CT NG 43,0.0
2030,sc01,08-24 10:00:00+02:00,CC NG 11,0.0
2030,sc01,08-24 10:00:00+02:00,CT NG 02,0.0
2030,sc01,08-24 10:00:00+02:00,CT NG 50,0.0
2030,sc01,08-24 10:00:00+02:00,Hydro 27,0.0
2030,sc01,08-24 10:00:00+02:00,CT NG 13,0.7116336
2030,sc01,08-24 10:00:00+02:00,CT NG 25,0.0
2030,sc01,08-24 10:00:00+02:00,CC NG 05,0.0
2030,sc01,08-24 10:00:00+02:00,Solar 04,0.9810953946
2030,sc01,08-24 10:00:00+02:00,Solar 30,1.2240000000000002
2030,sc01,08-24 10:00:00+02:00,Solar 29,1.6144848762
2030,sc01,08-24 10:00:00+02:00,Solar 53,0.0
2030,sc01,08-24 10:00:00+02:00,Solar 21,3.7226482564
2030,sc01,08-24 10:00:00+02:00,Biomass 58,0.07412
2030,sc01,08-24 10:00:00+02:00,CT NG 74,0.0
2030,sc01,08-24 10:00:00+02:00,Solar 61,0.0
2030,sc01,08-24 10:00:00+02:00,Wind 07,0.6016405978
2030,sc01,08-24 10:00:00+02:00,Biomass 31,0.05814
2030,sc01,08-24 10:00:00+02:00,CT Oil 05,0.0
2030,sc01,08-24 10:00:00+02:00,Biomass 38,0.0
2030,sc01,08-24 10:00:00+02:00,Solar 41,0.0
2030,sc01,08-24 10:00:00+02:00,Biomass 51,0.0
2030,sc01,08-24 10:00:00+02:00,Biomass 55,0.08942
2030,sc01,08-24 10:00:00+02:00,Wind 15,0.0
2030,sc01,08-24 10:00:00+02:00,Geo 01,0.0
2030,sc01,08-24 10:00:00+02:00,Biomass 60,0.0918
2030,sc01,08-24 10:00:00+02:00,CT NG 38,0.0
2030,sc01,08-24 10:00:00+02:00,Solar 66,26.34750840399221
2030,sc01,08-24 10:00:00+02:00,Solar 49,0.0
2030,sc01,08-24 10:00:00+02:00,CT NG 51,0.0
2030,sc01,08-24 10:00:00+02:00,Biomass 18,0.0074800000000000005
2030,sc01,08-24 10:00:00+02:00,ICE NG 01,0.0
2030,sc01,08-24 10:00:00+02:00,Solar 15,2.1289488008
2030,sc01,08-24 10:00:00+02:00,ICE NG 05,0.0
2030,sc01,08-24 10:00:00+02:00,CT Oil 04,0.0
2030,sc01,08-24 10:00:00+02:00,CC NG 20,0.0
2030,sc01,08-24 10:00:00+02:00,Solar 20,1.96126812848
2030,sc01,08-24 10:00:00+02:00,Biomass 04,0.0
2030,sc01,08-24 10:00:00+02:00,Wind 02,0.8030921091000001
2030,sc01,08-24 10:00:00+02:00,Hydro 25,0.0
2030,sc01,08-24 10:00:00+02:00,Solar 75,8.16
2030,sc01,08-24 10:00:00+02:00,Hydro 33,0.0
2030,sc01,08-24 10:00:00+02:00,ST NG 05,0.0
2030,sc01,08-24 10:00:00+02:00,CT NG 07,0.0
2030,sc01,08-24 10:00:00+02:00,Wind 01,0.4613103782
2030,sc01,08-24 10:00:00+02:00,Solar 56,0.0
2030,sc01,08-24 10:00:00+02:00,Biomass 09,0.02788
2030,sc01,08-24 10:00:00+02:00,Biomass 53,0.08942
2030,sc01,08-24 10:00:00+02:00,Wind 17,21.6941288896
2030,sc01,08-24 10:00:00+02:00,ST NG 08,0.0
2030,sc01,08-24 10:00:00+02:00,Hydro 19,0.0
2030,sc01,08-24 10:00:00+02:00,ST NG 02,0.0
2030,sc01,08-24 10:00:00+02:00,Biomass 01,0.03774
2030,sc01,08-24 10:00:00+02:00,Biomass 57,0.07412
2030,sc01,08-24 10:00:00+02:00,CT NG 49,0.0
2030,sc01,08-24 10:00:00+02:00,CT NG 31,0.0
2030,sc01,08-24 10:00:00+02:00,Solar 64,5.712000000000001
2030,sc01,08-24 10:00:00+02:00,CC NG 33,0.0
2030,sc01,08-24 10:00:00+02:00,Solar 46,0.0
2030,sc01,08-24 10:00:00+02:00,Biomass 12,0.01122
2030,sc01,08-24 10:00:00+02:00,Wind 04,0.09558046054399999
2030,sc01,08-24 10:00:00+02:00,Solar 13,0.05344433996800001
2030,sc01,08-24 10:00:00+02:00,CT NG 55,0.0
2030,sc01,08-24 10:00:00+02:00,Wind N03,122.24010499543922
2030,sc01,08-24 10:00:00+02:00,CT NG 28,0.0
2030,sc01,08-24 10:00:00+02:00,Wind 09,0.68358955544
2030,sc01,08-24 10:00:00+02:00,Solar 60,0.0
2030,sc01,08-24 10:00:00+02:00,Solar 25,0.39191672432
2030,sc01,08-24 10:00:00+02:00,CT NG 23,0.0
2030,sc01,08-24 10:00:00+02:00,ST Other 01,0.0
2030,sc01,08-24 10:00:00+02:00,Solar 70,31.3089338096
2030,sc01,08-24 10:00:00+02:00,CC NG 34,0.0
2030,sc01,08-24 10:00:00+02:00,Solar 48,0.0
2030,sc01,08-24 10:00:00+02:00,Biomass 56,0.08908
2030,sc01,08-24 10:00:00+02:00,CT NG 36,0.0
2030,sc01,08-24 10:00:00+02:00,Solar 47,0.0
2030,sc01,08-24 10:00:00+02:00,Hydro 17,0.0
2030,sc01,08-24 10:00:00+02:00,Solar 09,0.0
2030,sc01,08-24 10:00:00+02:00,Solar 08,0.0
2030,sc01,08-24 10:00:00+02:00,CT NG 45,0.0
2030,sc01,08-24 10:00:00+02:00,ST NG 04,0.0
2030,sc01,08-24 10:00:00+02:00,Solar 40,0.0
2030,sc01,08-24 10:00:00+02:00,Biomass 47,0.0
2030,sc01,08-24 10:00:00+02:00,Solar 50,0.0
2030,sc01,08-24 10:00:00+02:00,Solar 52,0.0
2030,sc01,08-24 10:00:00+02:00,Solar 63,13.3974262082
2030,sc01,08-24 10:00:00+02:00,CC NG 06,0.0
2030,sc01,08-24 10:00:00+02:00,Biomass 39,0.0
2030,sc01,08-24 10:00:00+02:00,Solar 67,0.0
2030,sc01,08-24 10:00:00+02:00,Solar 19,0.020212889568
2030,sc01,08-24 10:00:00+02:00,Wind 12,5.1236577711999995
2030,sc01,08-24 10:00:00+02:00,Solar 24,0.292311796656
2030,sc01,08-24 10:00:00+02:00,ICE NG 02,0.0
2030,sc01,08-24 10:00:00+02:00,Solar 05,0.0
2030,sc01,08-24 10:00:00+02:00,CT NG 54,0.0
2030,sc01,08-24 10:00:00+02:00,Wind N01,48.609060908
2030,sc01,08-24 10:00:00+02:00,CT NG 27,0.0
2030,sc01,08-24 10:00:00+02:00,CC NG 36,0.0
2030,sc01,08-24 10:00:00+02:00,Wind N02,72.94318200225176
2030,sc01,08-24 10:00:00+02:00,CT NG 52,0.0
2030,sc01,08-24 10:00:00+02:00,Solar 35,0.0
2030,sc01,08-24 10:00:00+02:00,CT NG 05,0.0
2030,sc01,08-24 10:00:00+02:00,Biomass 36,0.0
2030,sc01,08-24 10:00:00+02:00,CT NG 34,0.0
2030,sc01,08-24 10:00:00+02:00,CT Oil 03,0.0
2030,sc01,08-24 10:00:00+02:00,Hydro 35,0.0040971359999999995
2030,sc01,08-24 10:00:00+02:00,Solar 14,2.3669116772200005
2030,sc01,08-24 10:00:00+02:00,CT NG 75,0.0
2030,sc01,08-24 10:00:00+02:00,ST NG 09,0.0
2030,sc01,08-24 10:00:00+02:00,CT NG 56,0.0
2030,sc01,08-24 10:00:00+02:00,Biomass 22,0.013260000000000001
2030,sc01,08-24 10:00:00+02:00,Solar 18,2.4965309526399997
2030,sc01,08-24 10:00:00+02:00,Biomass 13,0.01122
2030,sc01,08-24 10:00:00+02:00,CT NG 71,0.0
2030,sc01,08-24 10:00:00+02:00,Solar 58,0.0
2030,sc01,08-24 10:00:00+02:00,Solar 06,0.0
2030,sc01,08-24 10:00:00+02:00,Biomass 08,0.02788
2030,sc01,08-24 10:00:00+02:00,CT NG 72,0.0
2030,sc01,08-24 10:00:00+02:00,Hydro 18,0.0
2030,sc01,08-24 10:00:00+02:00,Solar 10,1.88916603154
2030,sc01,08-24 10:00:00+02:00,CT NG 04,0.0
2030,sc01,08-24 10:00:00+02:00,ST Other 02,0.0
2030,sc01,08-24 10:00:00+02:00,CT NG 12,0.0
2030,sc01,08-24 10:00:00+02:00,CT NG 48,0.0
2030,sc01,08-24 10:00:00+02:00,ST NG 10,0.0
2030,sc01,08-24 10:00:00+02:00,Solar 22,1.6792386361
2030,sc01,08-24 10:00:00+02:00,Solar 28,1.5027230342000002
2030,sc01,08-24 10:00:00+02:00,CT NG 73,0.0
2030,sc01,08-24 10:00:00+02:00,Biomass 52,0.0
2030,sc01,08-24 10:00:00+02:00,CT NG 30,0.0
2030,sc01,08-24 10:00:00+02:00,Solar 54,0.0
2030,sc01,08-24 10:00:00+02:00,Solar 31,0.0
2030,sc01,08-24 10:00:00+02:00,Biomass 03,0.0
2030,sc01,08-24 10:00:00+02:00,CT NG 32,0.0
2030,sc01,08-24 10:00:00+02:00,Biomass 27,0.05814
2030,sc01,08-24 10:00:00+02:00,CC NG 14,0.0
2030,sc01,08-24 10:00:00+02:00,CC NG 03,0.0
2030,sc01,08-24 10:00:00+02:00,CC NG 29,0.0
2030,sc01,08-24 10:00:00+02:00,CC NG 28,0.0
2030,sc01,08-24 10:00:00+02:00,CC NG 25,0.0
2030,sc01,08-24 10:00:00+02:00,CT NG 44,0.0
2030,sc01,08-24 10:00:00+02:00,CT NG 14,0.5622394649277291
2030,sc01,08-24 10:00:00+02:00,CC NG 15,0.0
2030,sc01,08-24 10:00:00+02:00,CC NG 04,0.0
2030,sc01,08-24 10:00:00+02:00,Biomass 29,0.05814
2030,sc01,08-24 10:00:00+02:00,Wind 14,0.0
2030,sc01,08-24 10:00:00+02:00,Wind 08,0.6437034421200001
2030,sc01,08-24 10:00:00+02:00,Biomass 61,0.0
2030,sc01,08-24 10:00:00+02:00,CT NG 35,0.0
2030,sc01,08-24 10:00:00+02:00,Solar 33,0.0
2030,sc01,08-24 10:00:00+02:00,CT NG 41,0.0
2030,sc01,08-24 10:00:00+02:00,CT NG 15,0.0
2030,sc01,08-24 10:00:00+02:00,Solar 42,0.0
2030,sc01,08-24 10:00:00+02:00,Solar 07,0.0
2030,sc01,08-24 10:00:00+02:00,Solar 43,0.0
2030,sc01,08-24 10:00:00+02:00,Biomass 05,0.01632
2030,sc01,08-24 10:00:00+02:00,CT NG 29,0.0
2030,sc01,08-24 10:00:00+02:00,Solar 71,0.0
2030,sc01,08-24 10:00:00+02:00,CT NG 53,0.0
2030,sc01,08-24 10:00:00+02:00,CT NG 20,0.0
2030,sc01,08-24 10:00:00+02:00,Biomass 14,0.02516
2030,sc01,08-24 10:00:00+02:00,Solar 26,0.3629422514
2030,sc01,08-24 10:00:00+02:00,Hydro 29,0.0
2030,sc01,08-24 10:00:00+02:00,Hydro 31,0.00682856
2030,sc01,08-24 10:00:00+02:00,Biomass 24,0.00952
2030,sc01,08-24 10:00:00+02:00,Biomass 54,0.08942
2030,sc01,08-24 10:00:00+02:00,Solar 36,25.504045517711862
2030,sc01,08-24 10:00:00+02:00,Wind 03,0.24635368712
2030,sc01,08-24 10:00:00+02:00,Biomass 40,0.0
2030,sc01,08-24 10:00:00+02:00,Biomass 49,0.0
2030,sc01,08-24 10:00:00+02:00,CC NG 16,0.0
2030,sc01,08-24 10:00:00+02:00,Biomass 48,0.0
2030,sc01,08-24 10:00:00+02:00,Hydro 28,0.0
2030,sc01,08-24 10:00:00+02:00,Biomass 17,0.0074800000000000005
2030,sc01,08-24 10:00:00+02:00,CT NG 33,0.0
2030,sc01,08-24 10:00:00+02:00,Solar 45,0.0
2030,sc01,08-24 10:00:00+02:00,Hydro 24,0.0
2030,sc01,08-24 10:00:00+02:00,Wind 13,2.3469581723600004
2030,sc01,08-24 10:00:00+02:00,Biomass 07,0.068
2030,sc01,08-24 10:00:00+02:00,Biomass 34,0.0
2030,sc01,08-24 10:00:00+02:00,Biomass 33,0.0
2030,sc01,08-24 10:00:00+02:00,CT NG 01,0.8368284
2030,sc01,08-24 10:00:00+02:00,ICE NG 03,0.0
2030,sc01,08-24 10:00:00+02:00,Solar 55,0.0
2030,sc01,08-24 10:00:00+02:00,Solar 11,0.40092137408
2030,sc01,08-24 10:00:00+02:00,CT NG 06,0.0
2030,sc01,08-24 10:00:00+02:00,CT NG 70,0.0
2030,sc01,08-24 10:00:00+02:00,Solar 23,0.059364888624
2030,sc01,08-24 10:00:00+02:00,CT NG 67,0.0
2030,sc01,08-24 10:00:00+02:00,Solar 12,0.31035549955200004
2030,sc01,08-24 10:00:00+02:00,CT Oil 01,0.0
2030,sc01,08-24 10:00:00+02:00,Hydro 26,0.0
2030,sc01,08-24 10:00:00+02:00,CC NG 22,0.0
2030,sc01,08-24 10:00:00+02:00,CC NG 35,0.0
2030,sc01,08-24 10:00:00+02:00,Biomass 50,0.0
2030,sc01,08-24 10:00:00+02:00,ICE NG 04,0.0
2030,sc01,08-24 10:00:00+02:00,CC NG 39,0.0
2030,sc01,08-24 10:00:00+02:00,Hydro 32,0.008194271999999999
2030,sc01,08-24 10:00:00+02:00,ICE NG 07,0.0
2030,sc01,08-24 10:00:00+02:00,Biomass 46,0.0
2030,sc01,08-24 10:00:00+02:00,CC NG 38,0.0
2030,sc01,08-24 10:00:00+02:00,CC NG 12,0.0
2030,sc01,08-24 10:00:00+02:00,Solar 57,0.0
2030,sc01,08-24 10:00:00+02:00,CC NG 32,0.0
2030,sc01,08-24 10:00:00+02:00,CC NG 07,0.0
2030,sc01,08-24 10:00:00+02:00,Biomass 44,0.0
2030,sc01,08-24 10:00:00+02:00,CT NG 40,0.0
2030,sc01,08-24 10:00:00+02:00,Solar 74,6.800000000000001
2030,sc01,08-24 10:00:00+02:00,Hydro 30,0.0
2030,sc01,08-24 10:00:00+02:00,CT NG 42,0.0
2030,sc01,08-24 10:00:00+02:00,Hydro 22,1.1816016599999999
2030,sc01,08-24 10:00:00+02:00,Solar 17,0.60873116724
2030,sc01,08-24 10:00:00+02:00,Solar 38,0.0
2030,sc01,08-24 10:00:00+02:00,CT NG 24,0.0
2030,sc01,08-24 10:00:00+02:00,CC NG 27,0.0
2030,sc01,08-24 10:00:00+02:00,Biomass 21,0.013260000000000001
2030,sc01,08-24 10:00:00+02:00,ICE NG 06,0.0
2030,sc01,08-24 10:00:00+02:00,Biomass 25,0.00952
2030,sc01,08-24 10:00:00+02:00,Solar 27,0.23073991689599999
2030,sc01,08-24 10:00:00+02:00,CT NG 19,0.0
2030,sc01,08-24 10:00:00+02:00,Biomass 42,0.0
2030,sc01,08-24 10:00:00+02:00,Biomass 19,0.013260000000000001
2030,sc01,08-24 10:00:00+02:00,Biomass 06,0.01632
2030,sc01,08-24 10:00:00+02:00,CT NG 10,0.0
2030,sc01,08-24 10:00:00+02:00,CC NG 40,0.0
2030,sc01,08-24 10:00:00+02:00,CC NG 21,0.0
2030,sc01,08-24 10:00:00+02:00,Biomass 02,0.03774
2030,sc01,08-24 10:00:00+02:00,CT NG 46,0.0
2030,sc01,08-24 10:00:00+02:00,Hydro 34,0.0
2030,sc01,08-24 10:00:00+02:00,Biomass 10,0.02788
2030,sc01,08-24 10:00:00+02:00,CT NG 17,0.0
2030,sc01,08-24 10:00:00+02:00,Biomass 62,0.06766
2030,sc01,08-24 10:00:00+02:00,Biomass 32,0.041819999999999996
2030,sc01,08-24 10:00:00+02:00,CC NG 19,1.1145151574236065
2030,sc01,08-24 10:00:00+02:00,CC NG 17,0.0
2030,sc01,08-24 10:00:00+02:00,ST NG 01,0.0
2030,sc01,08-24 10:00:00+02:00,Biomass 45,0.0
2030,sc01,08-24 10:00:00+02:00,Biomass 28,0.05814
2030,sc01,08-24 10:00:00+02:00,CC NG 10,0.0
2030,sc01,08-24 10:00:00+02:00,Biomass 23,0.00952
2030,sc01,08-24 10:00:00+02:00,ST NG 06,0.0
2030,sc01,08-24 10:00:00+02:00,Wind 10,0.6677606681
2030,sc01,08-24 10:00:00+02:00,CT NG 69,0.0
2030,sc01,08-24 10:00:00+02:00,CT NG 68,0.0
2030,sc01,08-24 14:00:00+02:00,CC NG 13,0.0
2030,sc01,08-24 14:00:00+02:00,CT NG 37,0.0
2030,sc01,08-24 14:00:00+02:00,ST Coal 01,0.0
2030,sc01,08-24 14:00:00+02:00,CT NG 09,0.0
2030,sc01,08-24 14:00:00+02:00,CT NG 47,0.0
2030,sc01,08-24 14:00:00+02:00,Solar 69,0.0
2030,sc01,08-24 14:00:00+02:00,Solar 34,6.502555077199998
2030,sc01,08-24 14:00:00+02:00,Solar 73,0.0
2030,sc01,08-24 14:00:00+02:00,Biomass 37,0.0
2030,sc01,08-24 14:00:00+02:00,Hydro 20,0.0
2030,sc01,08-24 14:00:00+02:00,Solar 01,7.01860471
2030,sc01,08-24 14:00:00+02:00,Solar 62,0.0
2030,sc01,08-24 14:00:00+02:00,Solar 02,0.0
2030,sc01,08-24 14:00:00+02:00,CT NG 26,0.0
2030,sc01,08-24 14:00:00+02:00,Biomass 20,0.005070000000000001
2030,sc01,08-24 14:00:00+02:00,Wind 16,3.9235368029
2030,sc01,08-24 14:00:00+02:00,CT NG 66,0.0
2030,sc01,08-24 14:00:00+02:00,Solar 39,0.0
2030,sc01,08-24 14:00:00+02:00,Biomass 41,0.0
2030,sc01,08-24 14:00:00+02:00,Solar 72,0.0
2030,sc01,08-24 14:00:00+02:00,ST NG 03,0.0
2030,sc01,08-24 14:00:00+02:00,Hydro 21,0.5745464400000001
2030,sc01,08-24 14:00:00+02:00,CT NG 03,0.0
2030,sc01,08-24 14:00:00+02:00,CC NG 09,0.0
2030,sc01,08-24 14:00:00+02:00,CT Oil 02,0.0
2030,sc01,08-24 14:00:00+02:00,CT NG 39,0.0
2030,sc01,08-24 14:00:00+02:00,CC NG 08,0.0
2030,sc01,08-24 14:00:00+02:00,Biomass 43,0.0
2030,sc01,08-24 14:00:00+02:00,CT NG 18,0.0
2030,sc01,08-24 14:00:00+02:00,ST NG 07,0.0
2030,sc01,08-24 14:00:00+02:00,Biomass 35,0.0
2030,sc01,08-24 14:00:00+02:00,Solar 32,0.0
2030,sc01,08-24 14:00:00+02:00,Biomass 15,0.00286
2030,sc01,08-24 14:00:00+02:00,CC NG 31,0.0
2030,sc01,08-24 14:00:00+02:00,Solar 16,0.49583918137
2030,sc01,08-24 14:00:00+02:00,Solar 68,8.261418764040254
2030,sc01,08-24 14:00:00+02:00,CT NG 21,0.0
2030,sc01,08-24 14:00:00+02:00,Wind 11,0.43985055114
2030,sc01,08-24 14:00:00+02:00,CC NG 37,0.0
2030,sc01,08-24 14:00:00+02:00,CT NG 22,0.0
2030,sc01,08-24 14:00:00+02:00,Hydro 16,0.0052447200000000005
2030,sc01,08-24 14:00:00+02:00,Biomass 59,0.05382000000000001
2030,sc01,08-24 14:00:00+02:00,CC NG 01,0.0
2030,sc01,08-24 14:00:00+02:00,Biomass 16,0.00286
2030,sc01,08-24 14:00:00+02:00,Solar 03,1.8595709483
2030,sc01,08-24 14:00:00+02:00,Solar 44,0.0
2030,sc01,08-24 14:00:00+02:00,CT NG 08,0.0
2030,sc01,08-24 14:00:00+02:00,Wind 05,0.029105692408000004
2030,sc01,08-24 14:00:00+02:00,Biomass 26,0.02223
2030,sc01,08-24 14:00:00+02:00,Solar 37,0.0
2030,sc01,08-24 14:00:00+02:00,Biomass 11,0.00429
2030,sc01,08-24 14:00:00+02:00,Solar 59,0.0
2030,sc01,08-24 14:00:00+02:00,CT NG 11,0.0
2030,sc01,08-24 14:00:00+02:00,Biomass 30,0.02223
2030,sc01,08-24 14:00:00+02:00,Hydro 23,0.0
2030,sc01,08-24 14:00:00+02:00,CC NG 24,0.0
2030,sc01,08-24 14:00:00+02:00,Solar 65,4.4301986469
2030,sc01,08-24 14:00:00+02:00,CC NG 18,0.0
2030,sc01,08-24 14:00:00+02:00,CT NG 16,0.0
2030,sc01,08-24 14:00:00+02:00,Solar 51,0.0
2030,sc01,08-24 14:00:00+02:00,Wind 06,0.6593674118199999
2030,sc01,08-24 14:00:00+02:00,CC NG 26,0.0
2030,sc01,08-24 14:00:00+02:00,CC NG 23,0.0
2030,sc01,08-24 14:00:00+02:00,CT NG 43,0.0
2030,sc01,08-24 14:00:00+02:00,CC NG 11,0.0
2030,sc01,08-24 14:00:00+02:00,CT NG 02,0.0
2030,sc01,08-24 14:00:00+02:00,CT NG 50,0.0
2030,sc01,08-24 14:00:00+02:00,Hydro 27,0.0
2030,sc01,08-24 14:00:00+02:00,CT NG 13,0.11666390416799337
2030,sc01,08-24 14:00:00+02:00,CT NG 25,0.0
2030,sc01,08-24 14:00:00+02:00,CC NG 05,0.0
2030,sc01,08-24 14:00:00+02:00,Solar 04,0.3381276275
2030,sc01,08-24 14:00:00+02:00,Solar 30,0.4680000000000001
2030,sc01,08-24 14:00:00+02:00,Solar 29,0.45469429447000004
2030,sc01,08-24 14:00:00+02:00,Solar 53,0.0
2030,sc01,08-24 14:00:00+02:00,Solar 21,1.2829845402400002
2030,sc01,08-24 14:00:00+02:00,Biomass 58,0.02834
2030,sc01,08-24 14:00:00+02:00,CT NG 74,0.0
2030,sc01,08-24 14:00:00+02:00,Solar 61,0.0
2030,sc01,08-24 14:00:00+02:00,Wind 07,0.47009468284999995
2030,sc01,08-24 14:00:00+02:00,Biomass 31,0.02223
2030,sc01,08-24 14:00:00+02:00,CT Oil 05,0.0
2030,sc01,08-24 14:00:00+02:00,Biomass 38,0.0
2030,sc01,08-24 14:00:00+02:00,Solar 41,0.0
2030,sc01,08-24 14:00:00+02:00,Biomass 51,0.0
2030,sc01,08-24 14:00:00+02:00,Biomass 55,0.03419
2030,sc01,08-24 14:00:00+02:00,Wind 15,0.61567748567
2030,sc01,08-24 14:00:00+02:00,Geo 01,0.0
2030,sc01,08-24 14:00:00+02:00,Biomass 60,0.0351
2030,sc01,08-24 14:00:00+02:00,CT NG 38,0.0
2030,sc01,08-24 14:00:00+02:00,Solar 66,9.1015956447
2030,sc01,08-24 14:00:00+02:00,Solar 49,0.0
2030,sc01,08-24 14:00:00+02:00,CT NG 51,0.0
2030,sc01,08-24 14:00:00+02:00,Biomass 18,0.00286
2030,sc01,08-24 14:00:00+02:00,ICE NG 01,0.0
2030,sc01,08-24 14:00:00+02:00,Solar 15,0.73372723099
2030,sc01,08-24 14:00:00+02:00,ICE NG 05,0.0
2030,sc01,08-24 14:00:00+02:00,CT Oil 04,0.0
2030,sc01,08-24 14:00:00+02:00,CC NG 20,0.0
2030,sc01,08-24 14:00:00+02:00,Solar 20,0.7551830579800001
2030,sc01,08-24 14:00:00+02:00,Biomass 04,0.0
2030,sc01,08-24 14:00:00+02:00,Wind 02,0.81426892391
2030,sc01,08-24 14:00:00+02:00,Hydro 25,0.0
2030,sc01,08-24 14:00:00+02:00,Solar 75,2.7925432366000003
2030,sc01,08-24 14:00:00+02:00,Hydro 33,0.0
2030,sc01,08-24 14:00:00+02:00,ST NG 05,0.0
2030,sc01,08-24 14:00:00+02:00,CT NG 07,0.0
2030,sc01,08-24 14:00:00+02:00,Wind 01,0.32419033868
2030,sc01,08-24 14:00:00+02:00,Solar 56,0.0
2030,sc01,08-24 14:00:00+02:00,Biomass 09,0.01066
2030,sc01,08-24 14:00:00+02:00,Biomass 53,0.03419
2030,sc01,08-24 14:00:00+02:00,Wind 17,7.2653287551
2030,sc01,08-24 14:00:00+02:00,ST NG 08,0.0
2030,sc01,08-24 14:00:00+02:00,Hydro 19,0.0
2030,sc01,08-24 14:00:00+02:00,ST NG 02,0.0
2030,sc01,08-24 14:00:00+02:00,Biomass 01,0.014430000000000002
2030,sc01,08-24 14:00:00+02:00,Biomass 57,0.02834
2030,sc01,08-24 14:00:00+02:00,CT NG 49,0.0
2030,sc01,08-24 14:00:00+02:00,CT NG 31,0.0
2030,sc01,08-24 14:00:00+02:00,Solar 64,2.184
2030,sc01,08-24 14:00:00+02:00,CC NG 33,0.0
2030,sc01,08-24 14:00:00+02:00,Solar 46,0.0
2030,sc01,08-24 14:00:00+02:00,Biomass 12,0.00429
2030,sc01,08-24 14:00:00+02:00,Wind 04,0.022940467992000002
2030,sc01,08-24 14:00:00+02:00,Solar 13,0.01841921588
2030,sc01,08-24 14:00:00+02:00,CT NG 55,0.0
2030,sc01,08-24 14:00:00+02:00,Wind N03,59.36110694450568
2030,sc01,08-24 14:00:00+02:00,CT NG 28,0.0
2030,sc01,08-24 14:00:00+02:00,Wind 09,0.4394499739500001
2030,sc01,08-24 14:00:00+02:00,Solar 60,0.0
2030,sc01,08-24 14:00:00+02:00,Solar 25,0.13507134264
2030,sc01,08-24 14:00:00+02:00,CT NG 23,0.0
2030,sc01,08-24 14:00:00+02:00,ST Other 01,0.0
2030,sc01,08-24 14:00:00+02:00,Solar 70,5.557912809110869
2030,sc01,08-24 14:00:00+02:00,CC NG 34,0.0
2030,sc01,08-24 14:00:00+02:00,Solar 48,0.0
2030,sc01,08-24 14:00:00+02:00,Biomass 56,0.03406000000000001
2030,sc01,08-24 14:00:00+02:00,CT NG 36,0.0
2030,sc01,08-24 14:00:00+02:00,Solar 47,0.0
2030,sc01,08-24 14:00:00+02:00,Hydro 17,0.0
2030,sc01,08-24 14:00:00+02:00,Solar 09,0.0
2030,sc01,08-24 14:00:00+02:00,Solar 08,0.0
2030,sc01,08-24 14:00:00+02:00,CT NG 45,0.0
2030,sc01,08-24 14:00:00+02:00,ST NG 04,0.0
2030,sc01,08-24 14:00:00+02:00,Solar 40,0.0
2030,sc01,08-24 14:00:00+02:00,Biomass 47,0.0
2030,sc01,08-24 14:00:00+02:00,Solar 50,0.0
2030,sc01,08-24 14:00:00+02:00,Solar 52,0.0
2030,sc01,08-24 14:00:00+02:00,Solar 63,4.9669243182
2030,sc01,08-24 14:00:00+02:00,CC NG 06,0.0
2030,sc01,08-24 14:00:00+02:00,Biomass 39,0.0
2030,sc01,08-24 14:00:00+02:00,Solar 67,1.737713126677892
2030,sc01,08-24 14:00:00+02:00,Solar 19,0.006966230231999999
2030,sc01,08-24 14:00:00+02:00,Wind 12,3.2363068634
2030,sc01,08-24 14:00:00+02:00,Solar 24,0.100743204848
2030,sc01,08-24 14:00:00+02:00,ICE NG 02,0.0
2030,sc01,08-24 14:00:00+02:00,Solar 05,0.0
2030,sc01,08-24 14:00:00+02:00,CT NG 54,0.0
2030,sc01,08-24 14:00:00+02:00,Wind N01,30.703424089
2030,sc01,08-24 14:00:00+02:00,CT NG 27,0.0
2030,sc01,08-24 14:00:00+02:00,CC NG 36,0.0
2030,sc01,08-24 14:00:00+02:00,Wind N02,24.57206847092386
2030,sc01,08-24 14:00:00+02:00,CT NG 52,0.0
2030,sc01,08-24 14:00:00+02:00,Solar 35,0.0
2030,sc01,08-24 14:00:00+02:00,CT NG 05,0.0
2030,sc01,08-24 14:00:00+02:00,Biomass 36,0.0
2030,sc01,08-24 14:00:00+02:00,CT NG 34,0.0
2030,sc01,08-24 14:00:00+02:00,CT Oil 03,0.0
2030,sc01,08-24 14:00:00+02:00,Hydro 35,0.001573416
2030,sc01,08-24 14:00:00+02:00,Solar 14,0.8157394625900001
2030,sc01,08-24 14:00:00+02:00,CT NG 75,0.0
2030,sc01,08-24 14:00:00+02:00,ST NG 09,0.0
2030,sc01,08-24 14:00:00+02:00,CT NG 56,0.0
2030,sc01,08-24 14:00:00+02:00,Biomass 22,0.005070000000000001
2030,sc01,08-24 14:00:00+02:00,Solar 18,0.86041183436
2030,sc01,08-24 14:00:00+02:00,Biomass 13,0.00429
2030,sc01,08-24 14:00:00+02:00,CT NG 71,0.0
2030,sc01,08-24 14:00:00+02:00,Solar 58,0.0
2030,sc01,08-24 14:00:00+02:00,Solar 06,0.0
2030,sc01,08-24 14:00:00+02:00,Biomass 08,0.01066
2030,sc01,08-24 14:00:00+02:00,CT NG 72,0.0
2030,sc01,08-24 14:00:00+02:00,Hydro 18,0.0
2030,sc01,08-24 14:00:00+02:00,Solar 10,0.7274202643500001
2030,sc01,08-24 14:00:00+02:00,CT NG 04,0.0
2030,sc01,08-24 14:00:00+02:00,ST Other 02,0.0
2030,sc01,08-24 14:00:00+02:00,CT NG 12,0.0
2030,sc01,08-24 14:00:00+02:00,CT NG 48,0.0
2030,sc01,08-24 14:00:00+02:00,ST NG 10,0.0
2030,sc01,08-24 14:00:00+02:00,Solar 22,0.47293117326
2030,sc01,08-24 14:00:00+02:00,Solar 28,0.42321832786999997
2030,sc01,08-24 14:00:00+02:00,CT NG 73,0.0
2030,sc01,08-24 14:00:00+02:00,Biomass 52,0.0
2030,sc01,08-24 14:00:00+02:00,CT NG 30,0.0
2030,sc01,08-24 14:00:00+02:00,Solar 54,0.0
2030,sc01,08-24 14:00:00+02:00,Solar 31,0.0
2030,sc01,08-24 14:00:00+02:00,Biomass 03,0.0
2030,sc01,08-24 14:00:00+02:00,CT NG 32,0.0
2030,sc01,08-24 14:00:00+02:00,Biomass 27,0.02223
2030,sc01,08-24 14:00:00+02:00,CC NG 14,0.0
2030,sc01,08-24 14:00:00+02:00,CC NG 03,0.0
2030,sc01,08-24 14:00:00+02:00,CC NG 29,0.0
2030,sc01,08-24 14:00:00+02:00,CC NG 28,0.0
2030,sc01,08-24 14:00:00+02:00,CC NG 25,0.0
2030,sc01,08-24 14:00:00+02:00,CT NG 44,0.0
2030,sc01,08-24 14:00:00+02:00,CT NG 14,0.2720952
2030,sc01,08-24 14:00:00+02:00,CC NG 15,0.0
2030,sc01,08-24 14:00:00+02:00,CC NG 04,0.0
2030,sc01,08-24 14:00:00+02:00,Biomass 29,0.02223
2030,sc01,08-24 14:00:00+02:00,Wind 14,0.0
2030,sc01,08-24 14:00:00+02:00,Wind 08,0.42880178718
2030,sc01,08-24 14:00:00+02:00,Biomass 61,0.0
2030,sc01,08-24 14:00:00+02:00,CT NG 35,0.0
2030,sc01,08-24 14:00:00+02:00,Solar 33,0.0
2030,sc01,08-24 14:00:00+02:00,CT NG 41,0.0
2030,sc01,08-24 14:00:00+02:00,CT NG 15,0.0
2030,sc01,08-24 14:00:00+02:00,Solar 42,0.0
2030,sc01,08-24 14:00:00+02:00,Solar 07,0.0
2030,sc01,08-24 14:00:00+02:00,Solar 43,0.0
2030,sc01,08-24 14:00:00+02:00,Biomass 05,0.00624
2030,sc01,08-24 14:00:00+02:00,CT NG 29,0.0
2030,sc01,08-24 14:00:00+02:00,Solar 71,0.0
2030,sc01,08-24 14:00:00+02:00,CT NG 53,0.0
2030,sc01,08-24 14:00:00+02:00,CT NG 20,0.0
2030,sc01,08-24 14:00:00+02:00,Biomass 14,0.00962
2030,sc01,08-24 14:00:00+02:00,Solar 26,0.125085494352
2030,sc01,08-24 14:00:00+02:00,Hydro 29,0.0
2030,sc01,08-24 14:00:00+02:00,Hydro 31,0.0026223600000000002
2030,sc01,08-24 14:00:00+02:00,Biomass 24,0.0036400000000000004
2030,sc01,08-24 14:00:00+02:00,Biomass 54,0.03419
2030,sc01,08-24 14:00:00+02:00,Solar 36,9.029020468
2030,sc01,08-24 14:00:00+02:00,Wind 03,0.058343867295999996
2030,sc01,08-24 14:00:00+02:00,Biomass 40,0.0
2030,sc01,08-24 14:00:00+02:00,Biomass 49,0.0
2030,sc01,08-24 14:00:00+02:00,CC NG 16,2.769715079711654
2030,sc01,08-24 14:00:00+02:00,Biomass 48,0.0
2030,sc01,08-24 14:00:00+02:00,Hydro 28,0.0
2030,sc01,08-24 14:00:00+02:00,Biomass 17,0.00286
2030,sc01,08-24 14:00:00+02:00,CT NG 33,0.0
2030,sc01,08-24 14:00:00+02:00,Solar 45,0.0
2030,sc01,08-24 14:00:00+02:00,Hydro 24,0.0
2030,sc01,08-24 14:00:00+02:00,Wind 13,1.6252833935
2030,sc01,08-24 14:00:00+02:00,Biomass 07,0.026000000000000002
2030,sc01,08-24 14:00:00+02:00,Biomass 34,0.0
2030,sc01,08-24 14:00:00+02:00,Biomass 33,0.0
2030,sc01,08-24 14:00:00+02:00,CT NG 01,0.3199638
2030,sc01,08-24 14:00:00+02:00,ICE NG 03,0.0
2030,sc01,08-24 14:00:00+02:00,Solar 55,0.0
2030,sc01,08-24 14:00:00+02:00,Solar 11,0.13817473176
2030,sc01,08-24 14:00:00+02:00,CT NG 06,0.0
2030,sc01,08-24 14:00:00+02:00,CT NG 70,0.0
2030,sc01,08-24 14:00:00+02:00,Solar 23,0.020459691304
2030,sc01,08-24 14:00:00+02:00,CT NG 67,0.0
2030,sc01,08-24 14:00:00+02:00,Solar 12,0.106961840128
2030,sc01,08-24 14:00:00+02:00,CT Oil 01,0.0
2030,sc01,08-24 14:00:00+02:00,Hydro 26,0.0
2030,sc01,08-24 14:00:00+02:00,CC NG 22,0.0
2030,sc01,08-24 14:00:00+02:00,CC NG 35,0.0
2030,sc01,08-24 14:00:00+02:00,Biomass 50,0.0
2030,sc01,08-24 14:00:00+02:00,ICE NG 04,0.0
2030,sc01,08-24 14:00:00+02:00,CC NG 39,0.0
2030,sc01,08-24 14:00:00+02:00,Hydro 32,0.003146832
2030,sc01,08-24 14:00:00+02:00,ICE NG 07,0.0
2030,sc01,08-24 14:00:00+02:00,Biomass 46,0.0
2030,sc01,08-24 14:00:00+02:00,CC NG 38,0.0
2030,sc01,08-24 14:00:00+02:00,CC NG 12,0.0
2030,sc01,08-24 14:00:00+02:00,Solar 57,0.0
2030,sc01,08-24 14:00:00+02:00,CC NG 32,0.0
2030,sc01,08-24 14:00:00+02:00,CC NG 07,0.0
2030,sc01,08-24 14:00:00+02:00,Biomass 44,0.0
2030,sc01,08-24 14:00:00+02:00,CT NG 40,0.0
2030,sc01,08-24 14:00:00+02:00,Solar 74,2.6
2030,sc01,08-24 14:00:00+02:00,Hydro 30,0.0
2030,sc01,08-24 14:00:00+02:00,CT NG 42,0.0
2030,sc01,08-24 14:00:00+02:00,Hydro 22,0.5745464400000001
2030,sc01,08-24 14:00:00+02:00,Solar 17,0.20979491545999995
2030,sc01,08-24 14:00:00+02:00,Solar 38,0.0
2030,sc01,08-24 14:00:00+02:00,CT NG 24,0.0
2030,sc01,08-24 14:00:00+02:00,CC NG 27,0.0
2030,sc01,08-24 14:00:00+02:00,Biomass 21,0.005070000000000001
2030,sc01,08-24 14:00:00+02:00,ICE NG 06,0.0
2030,sc01,08-24 14:00:00+02:00,Biomass 25,0.0036400000000000004
2030,sc01,08-24 14:00:00+02:00,Solar 27,0.084999809752
2030,sc01,08-24 14:00:00+02:00,CT NG 19,0.0
2030,sc01,08-24 14:00:00+02:00,Biomass 42,0.0
2030,sc01,08-24 14:00:00+02:00,Biomass 19,0.005070000000000001
2030,sc01,08-24 14:00:00+02:00,Biomass 06,0.00624
2030,sc01,08-24 14:00:00+02:00,CT NG 10,0.0
2030,sc01,08-24 14:00:00+02:00,CC NG 40,0.0
2030,sc01,08-24 14:00:00+02:00,CC NG 21,0.0
2030,sc01,08-24 14:00:00+02:00,Biomass 02,0.014430000000000002
2030,sc01,08-24 14:00:00+02:00,CT NG 46,0.0
2030,sc01,08-24 14:00:00+02:00,Hydro 34,0.0
2030,sc01,08-24 14:00:00+02:00,Biomass 10,0.01066
2030,sc01,08-24 14:00:00+02:00,CT NG 17,0.0
2030,sc01,08-24 14:00:00+02:00,Biomass 62,0.02587
2030,sc01,08-24 14:00:00+02:00,Biomass 32,0.01599
2030,sc01,08-24 14:00:00+02:00,CC NG 19,1.75994
2030,sc01,08-24 14:00:00+02:00,CC NG 17,0.0
2030,sc01,08-24 14:00:00+02:00,ST NG 01,0.0
2030,sc01,08-24 14:00:00+02:00,Biomass 45,0.0
2030,sc01,08-24 14:00:00+02:00,Biomass 28,0.02223
2030,sc01,08-24 14:00:00+02:00,CC NG 10,0.0
2030,sc01,08-24 14:00:00+02:00,Biomass 23,0.0036400000000000004
2030,sc01,08-24 14:00:00+02:00,ST NG 06,0.0
2030,sc01,08-24 14:00:00+02:00,Wind 10,0.44244533307000006
2030,sc01,08-24 14:00:00+02:00,CT NG 69,0.0
2030,sc01,08-24 14:00:00+02:00,CT NG 68,0.0
2030,sc01,08-25 18:00:00+02:00,CC NG 13,0.0
2030,sc01,08-25 18:00:00+02:00,CT NG 37,0.0
2030,sc01,08-25 18:00:00+02:00,ST Coal 01,0.0
2030,sc01,08-25 18:00:00+02:00,CT NG 09,0.0
2030,sc01,08-25 18:00:00+02:00,CT NG 47,0.0
2030,sc01,08-25 18:00:00+02:00,Solar 69,0.12262780991999998
2030,sc01,08-25 18:00:00+02:00,Solar 34,0.0983048928
2030,sc01,08-25 18:00:00+02:00,Solar 73,0.0
2030,sc01,08-25 18:00:00+02:00,Biomass 37,0.0255
2030,sc01,08-25 18:00:00+02:00,Hydro 20,1.2951171
2030,sc01,08-25 18:00:00+02:00,Solar 01,0.6256747824
2030,sc01,08-25 18:00:00+02:00,Solar 62,0.0
2030,sc01,08-25 18:00:00+02:00,Solar 02,0.08340194414999999
2030,sc01,08-25 18:00:00+02:00,CT NG 26,0.0
2030,sc01,08-25 18:00:00+02:00,Biomass 20,0.011700000000000002
2030,sc01,08-25 18:00:00+02:00,Wind 16,4.656721302
2030,sc01,08-25 18:00:00+02:00,CT NG 66,0.0
2030,sc01,08-25 18:00:00+02:00,Solar 39,0.0
2030,sc01,08-25 18:00:00+02:00,Biomass 41,0.0426
2030,sc01,08-25 18:00:00+02:00,Solar 72,0.0253031352
2030,sc01,08-25 18:00:00+02:00,ST NG 03,0.0
2030,sc01,08-25 18:00:00+02:00,Hydro 21,1.2951171
2030,sc01,08-25 18:00:00+02:00,CT NG 03,0.0
2030,sc01,08-25 18:00:00+02:00,CC NG 09,0.0
2030,sc01,08-25 18:00:00+02:00,CT Oil 02,0.0
2030,sc01,08-25 18:00:00+02:00,CT NG 39,0.0
2030,sc01,08-25 18:00:00+02:00,CC NG 08,0.0
2030,sc01,08-25 18:00:00+02:00,Biomass 43,0.07709999999999999
2030,sc01,08-25 18:00:00+02:00,CT NG 18,0.0
2030,sc01,08-25 18:00:00+02:00,ST NG 07,0.0
2030,sc01,08-25 18:00:00+02:00,Biomass 35,0.0432
2030,sc01,08-25 18:00:00+02:00,Solar 32,0.0
2030,sc01,08-25 18:00:00+02:00,Biomass 15,0.0066
2030,sc01,08-25 18:00:00+02:00,CC NG 31,0.0
2030,sc01,08-25 18:00:00+02:00,Solar 16,0.048785693039999994
2030,sc01,08-25 18:00:00+02:00,Solar 68,0.11328787608
2030,sc01,08-25 18:00:00+02:00,CT NG 21,0.0
2030,sc01,08-25 18:00:00+02:00,Wind 11,1.9335389100000002
2030,sc01,08-25 18:00:00+02:00,CC NG 37,3.013397363350092
2030,sc01,08-25 18:00:00+02:00,CT NG 22,0.0
2030,sc01,08-25 18:00:00+02:00,Hydro 16,0.0116808
2030,sc01,08-25 18:00:00+02:00,Biomass 59,0.12420000000000002
2030,sc01,08-25 18:00:00+02:00,CC NG 01,0.0
2030,sc01,08-25 18:00:00+02:00,Biomass 16,0.0066
2030,sc01,08-25 18:00:00+02:00,Solar 03,0.13640673228
2030,sc01,08-25 18:00:00+02:00,Solar 44,0.0
2030,sc01,08-25 18:00:00+02:00,CT NG 08,0.0
2030,sc01,08-25 18:00:00+02:00,Wind 05,0.06462444672
2030,sc01,08-25 18:00:00+02:00,Biomass 26,0.0513
2030,sc01,08-25 18:00:00+02:00,Solar 37,0.02871751656
2030,sc01,08-25 18:00:00+02:00,Biomass 11,0.009899999999999999
2030,sc01,08-25 18:00:00+02:00,Solar 59,0.01497310128
2030,sc01,08-25 18:00:00+02:00,CT NG 11,0.0
2030,sc01,08-25 18:00:00+02:00,Biomass 30,0.0513
2030,sc01,08-25 18:00:00+02:00,Hydro 23,0.0
2030,sc01,08-25 18:00:00+02:00,CC NG 24,0.0
2030,sc01,08-25 18:00:00+02:00,Solar 65,0.13444497432
2030,sc01,08-25 18:00:00+02:00,CC NG 18,0.0
2030,sc01,08-25 18:00:00+02:00,CT NG 16,0.0
2030,sc01,08-25 18:00:00+02:00,Solar 51,0.02105143872
2030,sc01,08-25 18:00:00+02:00,Wind 06,2.5316931552
2030,sc01,08-25 18:00:00+02:00,CC NG 26,0.0
2030,sc01,08-25 18:00:00+02:00,CC NG 23,0.0
2030,sc01,08-25 18:00:00+02:00,CT NG 43,0.0
2030,sc01,08-25 18:00:00+02:00,CC NG 11,0.0
2030,sc01,08-25 18:00:00+02:00,CT NG 02,0.0
2030,sc01,08-25 18:00:00+02:00,CT NG 50,0.0
2030,sc01,08-25 18:00:00+02:00,Hydro 27,0.5694390000000001
2030,sc01,08-25 18:00:00+02:00,CT NG 13,0.0
2030,sc01,08-25 18:00:00+02:00,CT NG 25,0.0
2030,sc01,08-25 18:00:00+02:00,CC NG 05,0.0
2030,sc01,08-25 18:00:00+02:00,Solar 04,0.030445837200000003
2030,sc01,08-25 18:00:00+02:00,Solar 30,0.0470446044
2030,sc01,08-25 18:00:00+02:00,Solar 29,0.053495032320000004
2030,sc01,08-25 18:00:00+02:00,Solar 53,0.021648787439999997
2030,sc01,08-25 18:00:00+02:00,Solar 21,0.11552306064
2030,sc01,08-25 18:00:00+02:00,Biomass 58,0.0654
2030,sc01,08-25 18:00:00+02:00,CT NG 74,0.0
2030,sc01,08-25 18:00:00+02:00,Solar 61,0.0
2030,sc01,08-25 18:00:00+02:00,Wind 07,1.8393829608
2030,sc01,08-25 18:00:00+02:00,Biomass 31,0.0513
2030,sc01,08-25 18:00:00+02:00,CT Oil 05,0.0
2030,sc01,08-25 18:00:00+02:00,Biomass 38,0.0255
2030,sc01,08-25 18:00:00+02:00,Solar 41,0.0
2030,sc01,08-25 18:00:00+02:00,Biomass 51,0.0057
2030,sc01,08-25 18:00:00+02:00,Biomass 55,0.0789
2030,sc01,08-25 18:00:00+02:00,Wind 15,0.2345208324
2030,sc01,08-25 18:00:00+02:00,Geo 01,0.48
2030,sc01,08-25 18:00:00+02:00,Biomass 60,0.081
2030,sc01,08-25 18:00:00+02:00,CT NG 38,0.0
2030,sc01,08-25 18:00:00+02:00,Solar 66,0.38252826419999997
2030,sc01,08-25 18:00:00+02:00,Solar 49,0.0
2030,sc01,08-25 18:00:00+02:00,CT NG 51,0.0
2030,sc01,08-25 18:00:00+02:00,Biomass 18,0.0066
2030,sc01,08-25 18:00:00+02:00,ICE NG 01,0.0
2030,sc01,08-25 18:00:00+02:00,Solar 15,0.06606659136000001
2030,sc01,08-25 18:00:00+02:00,ICE NG 05,0.0
2030,sc01,08-25 18:00:00+02:00,CT Oil 04,0.0
2030,sc01,08-25 18:00:00+02:00,CC NG 20,0.0
2030,sc01,08-25 18:00:00+02:00,Solar 20,0.06251808792
2030,sc01,08-25 18:00:00+02:00,Biomass 04,0.007800000000000001
2030,sc01,08-25 18:00:00+02:00,Wind 02,4.196165427
2030,sc01,08-25 18:00:00+02:00,Hydro 25,0.5694390000000001
2030,sc01,08-25 18:00:00+02:00,Solar 75,0.25598064383999997
2030,sc01,08-25 18:00:00+02:00,Hydro 33,0.0
2030,sc01,08-25 18:00:00+02:00,ST NG 05,0.0
2030,sc01,08-25 18:00:00+02:00,CT NG 07,0.0
2030,sc01,08-25 18:00:00+02:00,Wind 01,1.2409010301
2030,sc01,08-25 18:00:00+02:00,Solar 56,0.02046730104
2030,sc01,08-25 18:00:00+02:00,Biomass 09,0.0246
2030,sc01,08-25 18:00:00+02:00,Biomass 53,0.0789
2030,sc01,08-25 18:00:00+02:00,Wind 17,8.910629538000002
2030,sc01,08-25 18:00:00+02:00,ST NG 08,0.0
2030,sc01,08-25 18:00:00+02:00,Hydro 19,1.096755
2030,sc01,08-25 18:00:00+02:00,ST NG 02,0.0
2030,sc01,08-25 18:00:00+02:00,Biomass 01,0.0333
2030,sc01,08-25 18:00:00+02:00,Biomass 57,0.0654
2030,sc01,08-25 18:00:00+02:00,CT NG 49,0.0
2030,sc01,08-25 18:00:00+02:00,CT NG 31,0.0
2030,sc01,08-25 18:00:00+02:00,Solar 64,0.07058346936
2030,sc01,08-25 18:00:00+02:00,CC NG 33,0.0
2030,sc01,08-25 18:00:00+02:00,Solar 46,0.0
2030,sc01,08-25 18:00:00+02:00,Biomass 12,0.009899999999999999
2030,sc01,08-25 18:00:00+02:00,Wind 04,0.09897803952
2030,sc01,08-25 18:00:00+02:00,Solar 13,0.0
2030,sc01,08-25 18:00:00+02:00,CT NG 55,0.0
2030,sc01,08-25 18:00:00+02:00,Wind N03,162.22205696273844
2030,sc01,08-25 18:00:00+02:00,CT NG 28,0.0
2030,sc01,08-25 18:00:00+02:00,Wind 09,1.0593336243
2030,sc01,08-25 18:00:00+02:00,Solar 60,0.021372510719999998
2030,sc01,08-25 18:00:00+02:00,Solar 25,0.012162153600000001
2030,sc01,08-25 18:00:00+02:00,CT NG 23,0.0
2030,sc01,08-25 18:00:00+02:00,ST Other 01,0.0
2030,sc01,08-25 18:00:00+02:00,Solar 70,0.15693648984000003
2030,sc01,08-25 18:00:00+02:00,CC NG 34,19.852841998339372
2030,sc01,08-25 18:00:00+02:00,Solar 48,0.0
2030,sc01,08-25 18:00:00+02:00,Biomass 56,0.07860000000000002
2030,sc01,08-25 18:00:00+02:00,CT NG 36,0.0
2030,sc01,08-25 18:00:00+02:00,Solar 47,0.0
2030,sc01,08-25 18:00:00+02:00,Hydro 17,0.01971135
2030,sc01,08-25 18:00:00+02:00,Solar 09,0.08060794272
2030,sc01,08-25 18:00:00+02:00,Solar 08,0.01574662248
2030,sc01,08-25 18:00:00+02:00,CT NG 45,0.0
2030,sc01,08-25 18:00:00+02:00,ST NG 04,1.82166
2030,sc01,08-25 18:00:00+02:00,Solar 40,0.0
2030,sc01,08-25 18:00:00+02:00,Biomass 47,0.0789
2030,sc01,08-25 18:00:00+02:00,Solar 50,0.00593577624
2030,sc01,08-25 18:00:00+02:00,Solar 52,0.01346332728
2030,sc01,08-25 18:00:00+02:00,Solar 63,0.15073319856
2030,sc01,08-25 18:00:00+02:00,CC NG 06,0.0
2030,sc01,08-25 18:00:00+02:00,Biomass 39,0.0255
2030,sc01,08-25 18:00:00+02:00,Solar 67,0.10048039464000001
2030,sc01,08-25 18:00:00+02:00,Solar 19,0.0
2030,sc01,08-25 18:00:00+02:00,Wind 12,9.993108969
2030,sc01,08-25 18:00:00+02:00,Solar 24,0.009071164080000001
2030,sc01,08-25 18:00:00+02:00,ICE NG 02,0.0
2030,sc01,08-25 18:00:00+02:00,Solar 05,0.0
2030,sc01,08-25 18:00:00+02:00,CT NG 54,0.0
2030,sc01,08-25 18:00:00+02:00,Wind N01,94.80641844
2030,sc01,08-25 18:00:00+02:00,CT NG 27,0.0
2030,sc01,08-25 18:00:00+02:00,CC NG 36,0.0
2030,sc01,08-25 18:00:00+02:00,Wind N02,46.83771894
2030,sc01,08-25 18:00:00+02:00,CT NG 52,0.0
2030,sc01,08-25 18:00:00+02:00,Solar 35,0.03107086872
2030,sc01,08-25 18:00:00+02:00,CT NG 05,0.0
2030,sc01,08-25 18:00:00+02:00,Biomass 36,0.0432
2030,sc01,08-25 18:00:00+02:00,CT NG 34,0.0
2030,sc01,08-25 18:00:00+02:00,CT Oil 03,0.0
2030,sc01,08-25 18:00:00+02:00,Hydro 35,0.00350424
2030,sc01,08-25 18:00:00+02:00,Solar 14,0.07345117296
2030,sc01,08-25 18:00:00+02:00,CT NG 75,0.0
2030,sc01,08-25 18:00:00+02:00,ST NG 09,0.0
2030,sc01,08-25 18:00:00+02:00,CT NG 56,0.0
2030,sc01,08-25 18:00:00+02:00,Biomass 22,0.011700000000000002
2030,sc01,08-25 18:00:00+02:00,Solar 18,0.07747358232
2030,sc01,08-25 18:00:00+02:00,Biomass 13,0.009899999999999999
2030,sc01,08-25 18:00:00+02:00,CT NG 71,0.0
2030,sc01,08-25 18:00:00+02:00,Solar 58,0.01013879832
2030,sc01,08-25 18:00:00+02:00,Solar 06,0.04680075696000001
2030,sc01,08-25 18:00:00+02:00,Biomass 08,0.0246
2030,sc01,08-25 18:00:00+02:00,CT NG 72,0.0
2030,sc01,08-25 18:00:00+02:00,Hydro 18,0.06789464999999999
2030,sc01,08-25 18:00:00+02:00,Solar 10,0.060219735600000004
2030,sc01,08-25 18:00:00+02:00,CT NG 04,0.0
2030,sc01,08-25 18:00:00+02:00,ST Other 02,0.0
2030,sc01,08-25 18:00:00+02:00,CT NG 12,0.0
2030,sc01,08-25 18:00:00+02:00,CT NG 48,0.0
2030,sc01,08-25 18:00:00+02:00,ST NG 10,0.0
2030,sc01,08-25 18:00:00+02:00,Solar 22,0.055640611199999995
2030,sc01,08-25 18:00:00+02:00,Solar 28,0.049791867600000005
2030,sc01,08-25 18:00:00+02:00,CT NG 73,0.0
2030,sc01,08-25 18:00:00+02:00,Biomass 52,0.0477
2030,sc01,08-25 18:00:00+02:00,CT NG 30,0.0
2030,sc01,08-25 18:00:00+02:00,Solar 54,0.01163872608
2030,sc01,08-25 18:00:00+02:00,Solar 31,0.0
2030,sc01,08-25 18:00:00+02:00,Biomass 03,0.007800000000000001
2030,sc01,08-25 18:00:00+02:00,CT NG 32,0.0
2030,sc01,08-25 18:00:00+02:00,Biomass 27,0.0513
2030,sc01,08-25 18:00:00+02:00,CC NG 14,0.0
2030,sc01,08-25 18:00:00+02:00,CC NG 03,0.0
2030,sc01,08-25 18:00:00+02:00,CC NG 29,0.0
2030,sc01,08-25 18:00:00+02:00,CC NG 28,2.2477228796044213
2030,sc01,08-25 18:00:00+02:00,CC NG 25,0.0
2030,sc01,08-25 18:00:00+02:00,CT NG 44,0.0
2030,sc01,08-25 18:00:00+02:00,CT NG 14,0.0
2030,sc01,08-25 18:00:00+02:00,CC NG 15,0.0
2030,sc01,08-25 18:00:00+02:00,CC NG 04,0.0
2030,sc01,08-25 18:00:00+02:00,Biomass 29,0.0513
2030,sc01,08-25 18:00:00+02:00,Wind 14,6.396137949
2030,sc01,08-25 18:00:00+02:00,Wind 08,1.1477271378
2030,sc01,08-25 18:00:00+02:00,Biomass 61,0.0105
2030,sc01,08-25 18:00:00+02:00,CT NG 35,0.0
2030,sc01,08-25 18:00:00+02:00,Solar 33,0.0
2030,sc01,08-25 18:00:00+02:00,CT NG 41,0.0
2030,sc01,08-25 18:00:00+02:00,CT NG 15,0.0
2030,sc01,08-25 18:00:00+02:00,Solar 42,0.0
2030,sc01,08-25 18:00:00+02:00,Solar 07,0.0
2030,sc01,08-25 18:00:00+02:00,Solar 43,0.0
2030,sc01,08-25 18:00:00+02:00,Biomass 05,0.0144
2030,sc01,08-25 18:00:00+02:00,CT NG 29,0.0
2030,sc01,08-25 18:00:00+02:00,Solar 71,0.07940268672
2030,sc01,08-25 18:00:00+02:00,CT NG 53,0.0
2030,sc01,08-25 18:00:00+02:00,CT NG 20,0.0
2030,sc01,08-25 18:00:00+02:00,Biomass 14,0.0222
2030,sc01,08-25 18:00:00+02:00,Solar 26,0.01126300344
2030,sc01,08-25 18:00:00+02:00,Hydro 29,2.2315500000000004
2030,sc01,08-25 18:00:00+02:00,Hydro 31,0.0058404
2030,sc01,08-25 18:00:00+02:00,Biomass 24,0.008400000000000001
2030,sc01,08-25 18:00:00+02:00,Biomass 54,0.0789
2030,sc01,08-25 18:00:00+02:00,Solar 36,0.10627199088
2030,sc01,08-25 18:00:00+02:00,Wind 03,0.26931868584
2030,sc01,08-25 18:00:00+02:00,Biomass 40,0.0255
2030,sc01,08-25 18:00:00+02:00,Biomass 49,0.009
2030,sc01,08-25 18:00:00+02:00,CC NG 16,1.3829466319301809
2030,sc01,08-25 18:00:00+02:00,Biomass 48,0.0789
2030,sc01,08-25 18:00:00+02:00,Hydro 28,2.2315500000000004
2030,sc01,08-25 18:00:00+02:00,Biomass 17,0.0066
2030,sc01,08-25 18:00:00+02:00,CT NG 33,0.0
2030,sc01,08-25 18:00:00+02:00,Solar 45,0.0
2030,sc01,08-25 18:00:00+02:00,Hydro 24,0.0
2030,sc01,08-25 18:00:00+02:00,Wind 13,5.952589044000001
2030,sc01,08-25 18:00:00+02:00,Biomass 07,0.06
2030,sc01,08-25 18:00:00+02:00,Biomass 34,0.0432
2030,sc01,08-25 18:00:00+02:00,Biomass 33,0.0432
2030,sc01,08-25 18:00:00+02:00,CT NG 01,0.7383780000000001
2030,sc01,08-25 18:00:00+02:00,ICE NG 03,0.0
2030,sc01,08-25 18:00:00+02:00,Solar 55,0.020412169440000003
2030,sc01,08-25 18:00:00+02:00,Solar 11,0.01244159016
2030,sc01,08-25 18:00:00+02:00,CT NG 06,0.0
2030,sc01,08-25 18:00:00+02:00,CT NG 70,0.0
2030,sc01,08-25 18:00:00+02:00,Solar 23,0.0
2030,sc01,08-25 18:00:00+02:00,CT NG 67,0.0
2030,sc01,08-25 18:00:00+02:00,Solar 12,0.009631105199999998
2030,sc01,08-25 18:00:00+02:00,CT Oil 01,0.0
2030,sc01,08-25 18:00:00+02:00,Hydro 26,0.5694390000000001
2030,sc01,08-25 18:00:00+02:00,CC NG 22,0.0
2030,sc01,08-25 18:00:00+02:00,CC NG 35,0.0
2030,sc01,08-25 18:00:00+02:00,Biomass 50,0.0057
2030,sc01,08-25 18:00:00+02:00,ICE NG 04,0.0
2030,sc01,08-25 18:00:00+02:00,CC NG 39,4.446617937537801
2030,sc01,08-25 18:00:00+02:00,Hydro 32,0.00700848
2030,sc01,08-25 18:00:00+02:00,ICE NG 07,0.0
2030,sc01,08-25 18:00:00+02:00,Biomass 46,0.019500000000000003
2030,sc01,08-25 18:00:00+02:00,CC NG 38,0.0
2030,sc01,08-25 18:00:00+02:00,CC NG 12,0.0
2030,sc01,08-25 18:00:00+02:00,Solar 57,0.00865853448
2030,sc01,08-25 18:00:00+02:00,CC NG 32,0.0
2030,sc01,08-25 18:00:00+02:00,CC NG 07,0.0
2030,sc01,08-25 18:00:00+02:00,Biomass 44,0.0375
2030,sc01,08-25 18:00:00+02:00,CT NG 40,0.0
2030,sc01,08-25 18:00:00+02:00,Solar 74,0.25623668903999997
2030,sc01,08-25 18:00:00+02:00,Hydro 30,0.0
2030,sc01,08-25 18:00:00+02:00,CT NG 42,0.0
2030,sc01,08-25 18:00:00+02:00,Hydro 22,1.2951171
2030,sc01,08-25 18:00:00+02:00,Solar 17,0.01889044656
2030,sc01,08-25 18:00:00+02:00,Solar 38,0.026782827840000002
2030,sc01,08-25 18:00:00+02:00,CT NG 24,0.0
2030,sc01,08-25 18:00:00+02:00,CC NG 27,0.0
2030,sc01,08-25 18:00:00+02:00,Biomass 21,0.011700000000000002
2030,sc01,08-25 18:00:00+02:00,ICE NG 06,0.0
2030,sc01,08-25 18:00:00+02:00,Biomass 25,0.008400000000000001
2030,sc01,08-25 18:00:00+02:00,Solar 27,0.008357073360000002
2030,sc01,08-25 18:00:00+02:00,CT NG 19,0.11337299999999997
2030,sc01,08-25 18:00:00+02:00,Biomass 42,0.0426
2030,sc01,08-25 18:00:00+02:00,Biomass 19,0.011700000000000002
2030,sc01,08-25 18:00:00+02:00,Biomass 06,0.0144
2030,sc01,08-25 18:00:00+02:00,CT NG 10,0.0
2030,sc01,08-25 18:00:00+02:00,CC NG 40,21.789410999999998
2030,sc01,08-25 18:00:00+02:00,CC NG 21,0.0
2030,sc01,08-25 18:00:00+02:00,Biomass 02,0.0333
2030,sc01,08-25 18:00:00+02:00,CT NG 46,0.0
2030,sc01,08-25 18:00:00+02:00,Hydro 34,0.0
2030,sc01,08-25 18:00:00+02:00,Biomass 10,0.0246
2030,sc01,08-25 18:00:00+02:00,CT NG 17,0.0
2030,sc01,08-25 18:00:00+02:00,Biomass 62,0.0597
2030,sc01,08-25 18:00:00+02:00,Biomass 32,0.0369
2030,sc01,08-25 18:00:00+02:00,CC NG 19,4.0614
2030,sc01,08-25 18:00:00+02:00,CC NG 17,0.0
2030,sc01,08-25 18:00:00+02:00,ST NG 01,0.0
2030,sc01,08-25 18:00:00+02:00,Biomass 45,0.0375
2030,sc01,08-25 18:00:00+02:00,Biomass 28,0.0513
2030,sc01,08-25 18:00:00+02:00,CC NG 10,0.0
2030,sc01,08-25 18:00:00+02:00,Biomass 23,0.008400000000000001
2030,sc01,08-25 18:00:00+02:00,ST NG 06,0.0
2030,sc01,08-25 18:00:00+02:00,Wind 10,1.0173523998
2030,sc01,08-25 18:00:00+02:00,CT NG 69,0.0
2030,sc01,08-25 18:00:00+02:00,CT NG 68,0.0
2030,sc01,08-30 16:00:00+02:00,CC NG 13,0.0
2030,sc01,08-30 16:00:00+02:00,CT NG 37,0.0
2030,sc01,08-30 16:00:00+02:00,ST Coal 01,0.0
2030,sc01,08-30 16:00:00+02:00,CT NG 09,0.0
2030,sc01,08-30 16:00:00+02:00,CT NG 47,0.0
2030,sc01,08-30 16:00:00+02:00,Solar 69,13.933985145300001
2030,sc01,08-30 16:00:00+02:00,Solar 34,8.5052462121
2030,sc01,08-30 16:00:00+02:00,Solar 73,0.0
2030,sc01,08-30 16:00:00+02:00,Biomass 37,0.0
2030,sc01,08-30 16:00:00+02:00,Hydro 20,0.0
2030,sc01,08-30 16:00:00+02:00,Solar 01,9.845889801
2030,sc01,08-30 16:00:00+02:00,Solar 62,0.0
2030,sc01,08-30 16:00:00+02:00,Solar 02,0.0
2030,sc01,08-30 16:00:00+02:00,CT NG 26,0.0
2030,sc01,08-30 16:00:00+02:00,Biomass 20,0.012870000000000001
2030,sc01,08-30 16:00:00+02:00,Wind 16,23.7955166592
2030,sc01,08-30 16:00:00+02:00,CT NG 66,0.0
2030,sc01,08-30 16:00:00+02:00,Solar 39,0.0
2030,sc01,08-30 16:00:00+02:00,Biomass 41,0.0
2030,sc01,08-30 16:00:00+02:00,Solar 72,2.6331149248799997
2030,sc01,08-30 16:00:00+02:00,ST NG 03,0.0
2030,sc01,08-30 16:00:00+02:00,Hydro 21,1.27509129
2030,sc01,08-30 16:00:00+02:00,CT NG 03,0.0
2030,sc01,08-30 16:00:00+02:00,CC NG 09,0.0
2030,sc01,08-30 16:00:00+02:00,CT Oil 02,0.0
2030,sc01,08-30 16:00:00+02:00,CT NG 39,0.0
2030,sc01,08-30 16:00:00+02:00,CC NG 08,0.0
2030,sc01,08-30 16:00:00+02:00,Biomass 43,0.0
2030,sc01,08-30 16:00:00+02:00,CT NG 18,0.0
2030,sc01,08-30 16:00:00+02:00,ST NG 07,0.0
2030,sc01,08-30 16:00:00+02:00,Biomass 35,0.0
2030,sc01,08-30 16:00:00+02:00,Solar 32,0.0
2030,sc01,08-30 16:00:00+02:00,Biomass 15,0.00726
2030,sc01,08-30 16:00:00+02:00,CC NG 31,0.0
2030,sc01,08-30 16:00:00+02:00,Solar 16,0.6126172899
2030,sc01,08-30 16:00:00+02:00,Solar 68,10.661318236800001
2030,sc01,08-30 16:00:00+02:00,CT NG 21,0.0
2030,sc01,08-30 16:00:00+02:00,Wind 11,2.1975648311100002
2030,sc01,08-30 16:00:00+02:00,CC NG 37,0.0
2030,sc01,08-30 16:00:00+02:00,CT NG 22,0.0
2030,sc01,08-30 16:00:00+02:00,Hydro 16,0.01287264
2030,sc01,08-30 16:00:00+02:00,Biomass 59,0.13662000000000002
2030,sc01,08-30 16:00:00+02:00,CC NG 01,0.0
2030,sc01,08-30 16:00:00+02:00,Biomass 16,0.00726
2030,sc01,08-30 16:00:00+02:00,Solar 03,0.0
2030,sc01,08-30 16:00:00+02:00,Solar 44,0.0
2030,sc01,08-30 16:00:00+02:00,CT NG 08,0.0
2030,sc01,08-30 16:00:00+02:00,Wind 05,0.031962459408
2030,sc01,08-30 16:00:00+02:00,Biomass 26,0.05643
2030,sc01,08-30 16:00:00+02:00,Solar 37,0.0
2030,sc01,08-30 16:00:00+02:00,Biomass 11,0.01089
2030,sc01,08-30 16:00:00+02:00,Solar 59,0.9387437601300002
2030,sc01,08-30 16:00:00+02:00,CT NG 11,0.0
2030,sc01,08-30 16:00:00+02:00,Biomass 30,0.05643
2030,sc01,08-30 16:00:00+02:00,Hydro 23,0.0
2030,sc01,08-30 16:00:00+02:00,CC NG 24,0.0
2030,sc01,08-30 16:00:00+02:00,Solar 65,5.1881876178
2030,sc01,08-30 16:00:00+02:00,CC NG 18,0.0
2030,sc01,08-30 16:00:00+02:00,CT NG 16,0.0
2030,sc01,08-30 16:00:00+02:00,Solar 51,0.0
2030,sc01,08-30 16:00:00+02:00,Wind 06,3.09119847696
2030,sc01,08-30 16:00:00+02:00,CC NG 26,0.0
2030,sc01,08-30 16:00:00+02:00,CC NG 23,0.0
2030,sc01,08-30 16:00:00+02:00,CT NG 43,0.0
2030,sc01,08-30 16:00:00+02:00,CC NG 11,0.0
2030,sc01,08-30 16:00:00+02:00,CT NG 02,0.0
2030,sc01,08-30 16:00:00+02:00,CT NG 50,0.0
2030,sc01,08-30 16:00:00+02:00,Hydro 27,0.0
2030,sc01,08-30 16:00:00+02:00,CT NG 13,0.0
2030,sc01,08-30 16:00:00+02:00,CT NG 25,0.0
2030,sc01,08-30 16:00:00+02:00,CC NG 05,0.0
2030,sc01,08-30 16:00:00+02:00,Solar 04,0.49351971141
2030,sc01,08-30 16:00:00+02:00,Solar 30,0.59075389164
2030,sc01,08-30 16:00:00+02:00,Solar 29,0.7476791797200001
2030,sc01,08-30 16:00:00+02:00,Solar 53,0.0
2030,sc01,08-30 16:00:00+02:00,Solar 21,1.8726010776
2030,sc01,08-30 16:00:00+02:00,Biomass 58,0.07194
2030,sc01,08-30 16:00:00+02:00,CT NG 74,0.0
2030,sc01,08-30 16:00:00+02:00,Solar 61,0.15295934016
2030,sc01,08-30 16:00:00+02:00,Wind 07,2.1459767772299996
2030,sc01,08-30 16:00:00+02:00,Biomass 31,0.05643
2030,sc01,08-30 16:00:00+02:00,CT Oil 05,0.0
2030,sc01,08-30 16:00:00+02:00,Biomass 38,0.0
2030,sc01,08-30 16:00:00+02:00,Solar 41,0.0
2030,sc01,08-30 16:00:00+02:00,Biomass 51,0.0
2030,sc01,08-30 16:00:00+02:00,Biomass 55,0.0
2030,sc01,08-30 16:00:00+02:00,Wind 15,2.8445286619199996
2030,sc01,08-30 16:00:00+02:00,Geo 01,0.0
2030,sc01,08-30 16:00:00+02:00,Biomass 60,0.0891
2030,sc01,08-30 16:00:00+02:00,CT NG 38,0.0
2030,sc01,08-30 16:00:00+02:00,Solar 66,17.480445166800003
2030,sc01,08-30 16:00:00+02:00,Solar 49,0.0
2030,sc01,08-30 16:00:00+02:00,CT NG 51,0.0
2030,sc01,08-30 16:00:00+02:00,Biomass 18,0.00726
2030,sc01,08-30 16:00:00+02:00,ICE NG 01,0.0
2030,sc01,08-30 16:00:00+02:00,Solar 15,1.07092358538
2030,sc01,08-30 16:00:00+02:00,ICE NG 05,0.0
2030,sc01,08-30 16:00:00+02:00,CT Oil 04,0.0
2030,sc01,08-30 16:00:00+02:00,CC NG 20,0.0
2030,sc01,08-30 16:00:00+02:00,Solar 20,1.0582624727399998
2030,sc01,08-30 16:00:00+02:00,Biomass 04,0.0
2030,sc01,08-30 16:00:00+02:00,Wind 02,5.2422467394
2030,sc01,08-30 16:00:00+02:00,Hydro 25,0.0
2030,sc01,08-30 16:00:00+02:00,Solar 75,0.0
2030,sc01,08-30 16:00:00+02:00,Hydro 33,0.0
2030,sc01,08-30 16:00:00+02:00,ST NG 05,0.0
2030,sc01,08-30 16:00:00+02:00,CT NG 07,0.0
2030,sc01,08-30 16:00:00+02:00,Wind 01,1.47979263201
2030,sc01,08-30 16:00:00+02:00,Solar 56,0.0
2030,sc01,08-30 16:00:00+02:00,Biomass 09,0.02706
2030,sc01,08-30 16:00:00+02:00,Biomass 53,0.0
2030,sc01,08-30 16:00:00+02:00,Wind 17,5.311612059600001
2030,sc01,08-30 16:00:00+02:00,ST NG 08,0.0
2030,sc01,08-30 16:00:00+02:00,Hydro 19,0.0
2030,sc01,08-30 16:00:00+02:00,ST NG 02,0.0
2030,sc01,08-30 16:00:00+02:00,Biomass 01,0.03663
2030,sc01,08-30 16:00:00+02:00,Biomass 57,0.07194
2030,sc01,08-30 16:00:00+02:00,CT NG 49,0.0
2030,sc01,08-30 16:00:00+02:00,CT NG 31,0.0
2030,sc01,08-30 16:00:00+02:00,Solar 64,2.72379301656
2030,sc01,08-30 16:00:00+02:00,CC NG 33,0.0
2030,sc01,08-30 16:00:00+02:00,Solar 46,0.0
2030,sc01,08-30 16:00:00+02:00,Biomass 12,0.01089
2030,sc01,08-30 16:00:00+02:00,Wind 04,0.1633206498
2030,sc01,08-30 16:00:00+02:00,Solar 13,0.026884068024000004
2030,sc01,08-30 16:00:00+02:00,CT NG 55,0.0
2030,sc01,08-30 16:00:00+02:00,Wind N03,68.04094945167094
2030,sc01,08-30 16:00:00+02:00,CT NG 28,0.0
2030,sc01,08-30 16:00:00+02:00,Wind 09,0.47137992956999997
2030,sc01,08-30 16:00:00+02:00,Solar 60,1.17030602436
2030,sc01,08-30 16:00:00+02:00,Solar 25,0.197145588024
2030,sc01,08-30 16:00:00+02:00,CT NG 23,0.0
2030,sc01,08-30 16:00:00+02:00,ST Other 01,0.0
2030,sc01,08-30 16:00:00+02:00,Solar 70,0.0
2030,sc01,08-30 16:00:00+02:00,CC NG 34,0.0
2030,sc01,08-30 16:00:00+02:00,Solar 48,0.0
2030,sc01,08-30 16:00:00+02:00,Biomass 56,0.08646000000000001
2030,sc01,08-30 16:00:00+02:00,CT NG 36,0.0
2030,sc01,08-30 16:00:00+02:00,Solar 47,0.0
2030,sc01,08-30 16:00:00+02:00,Hydro 17,0.0
2030,sc01,08-30 16:00:00+02:00,Solar 09,1.30663539699
2030,sc01,08-30 16:00:00+02:00,Solar 08,0.25524896812799996
2030,sc01,08-30 16:00:00+02:00,CT NG 45,0.0
2030,sc01,08-30 16:00:00+02:00,ST NG 04,0.0
2030,sc01,08-30 16:00:00+02:00,Solar 40,0.0
2030,sc01,08-30 16:00:00+02:00,Biomass 47,0.0
2030,sc01,08-30 16:00:00+02:00,Solar 50,0.0
2030,sc01,08-30 16:00:00+02:00,Solar 52,0.0
2030,sc01,08-30 16:00:00+02:00,Solar 63,5.816744874600001
2030,sc01,08-30 16:00:00+02:00,CC NG 06,0.0
2030,sc01,08-30 16:00:00+02:00,Biomass 39,0.0
2030,sc01,08-30 16:00:00+02:00,Solar 67,3.8775055902
2030,sc01,08-30 16:00:00+02:00,Solar 19,0.010167675408
2030,sc01,08-30 16:00:00+02:00,Wind 12,12.8243654253
2030,sc01,08-30 16:00:00+02:00,Solar 24,0.14704139313599998
2030,sc01,08-30 16:00:00+02:00,ICE NG 02,0.0
2030,sc01,08-30 16:00:00+02:00,Solar 05,0.01195610196
2030,sc01,08-30 16:00:00+02:00,CT NG 54,0.0
2030,sc01,08-30 16:00:00+02:00,Wind N01,101.01928018892946
2030,sc01,08-30 16:00:00+02:00,CT NG 27,0.0
2030,sc01,08-30 16:00:00+02:00,CC NG 36,0.0
2030,sc01,08-30 16:00:00+02:00,Wind N02,66.90170199516665
2030,sc01,08-30 16:00:00+02:00,CT NG 52,0.0
2030,sc01,08-30 16:00:00+02:00,Solar 35,0.0
2030,sc01,08-30 16:00:00+02:00,CT NG 05,0.0
2030,sc01,08-30 16:00:00+02:00,Biomass 36,0.0
2030,sc01,08-30 16:00:00+02:00,CT NG 34,0.0
2030,sc01,08-30 16:00:00+02:00,CT Oil 03,0.0
2030,sc01,08-30 16:00:00+02:00,Hydro 35,0.0
2030,sc01,08-30 16:00:00+02:00,Solar 14,1.19062587996
2030,sc01,08-30 16:00:00+02:00,CT NG 75,0.0
2030,sc01,08-30 16:00:00+02:00,ST NG 09,0.0
2030,sc01,08-30 16:00:00+02:00,CT NG 56,0.0
2030,sc01,08-30 16:00:00+02:00,Biomass 22,0.012870000000000001
2030,sc01,08-30 16:00:00+02:00,Solar 18,1.25582817096
2030,sc01,08-30 16:00:00+02:00,Biomass 13,0.01089
2030,sc01,08-30 16:00:00+02:00,CT NG 71,0.0
2030,sc01,08-30 16:00:00+02:00,Solar 58,0.0
2030,sc01,08-30 16:00:00+02:00,Solar 06,0.5876918226300001
2030,sc01,08-30 16:00:00+02:00,Biomass 08,0.02706
2030,sc01,08-30 16:00:00+02:00,CT NG 72,0.0
2030,sc01,08-30 16:00:00+02:00,Hydro 18,0.0
2030,sc01,08-30 16:00:00+02:00,Solar 10,1.01935757154
2030,sc01,08-30 16:00:00+02:00,CT NG 04,0.0
2030,sc01,08-30 16:00:00+02:00,ST Other 02,0.0
2030,sc01,08-30 16:00:00+02:00,CT NG 12,0.0
2030,sc01,08-30 16:00:00+02:00,CT NG 48,0.0
2030,sc01,08-30 16:00:00+02:00,ST NG 10,0.0
2030,sc01,08-30 16:00:00+02:00,Solar 22,0.7776670964699999
2030,sc01,08-30 16:00:00+02:00,Solar 28,0.6959214929699999
2030,sc01,08-30 16:00:00+02:00,CT NG 73,0.0
2030,sc01,08-30 16:00:00+02:00,Biomass 52,0.0
2030,sc01,08-30 16:00:00+02:00,CT NG 30,0.0
2030,sc01,08-30 16:00:00+02:00,Solar 54,0.0
2030,sc01,08-30 16:00:00+02:00,Solar 31,0.0
2030,sc01,08-30 16:00:00+02:00,Biomass 03,0.0
2030,sc01,08-30 16:00:00+02:00,CT NG 32,0.0
2030,sc01,08-30 16:00:00+02:00,Biomass 27,0.05643
2030,sc01,08-30 16:00:00+02:00,CC NG 14,0.0
2030,sc01,08-30 16:00:00+02:00,CC NG 03,0.0
2030,sc01,08-30 16:00:00+02:00,CC NG 29,0.0
2030,sc01,08-30 16:00:00+02:00,CC NG 28,0.0
2030,sc01,08-30 16:00:00+02:00,CC NG 25,0.0
2030,sc01,08-30 16:00:00+02:00,CT NG 44,0.0
2030,sc01,08-30 16:00:00+02:00,CT NG 14,0.0
2030,sc01,08-30 16:00:00+02:00,CC NG 15,0.0
2030,sc01,08-30 16:00:00+02:00,CC NG 04,0.0
2030,sc01,08-30 16:00:00+02:00,Biomass 29,0.05643
2030,sc01,08-30 16:00:00+02:00,Wind 14,45.48969722964971
2030,sc01,08-30 16:00:00+02:00,Wind 08,0.68978493243
2030,sc01,08-30 16:00:00+02:00,Biomass 61,0.0
2030,sc01,08-30 16:00:00+02:00,CT NG 35,0.0
2030,sc01,08-30 16:00:00+02:00,Solar 33,0.0
2030,sc01,08-30 16:00:00+02:00,CT NG 41,0.0
2030,sc01,08-30 16:00:00+02:00,CT NG 15,0.0
2030,sc01,08-30 16:00:00+02:00,Solar 42,0.0
2030,sc01,08-30 16:00:00+02:00,Solar 07,0.02165489568
2030,sc01,08-30 16:00:00+02:00,Solar 43,0.0
2030,sc01,08-30 16:00:00+02:00,Biomass 05,0.01584
2030,sc01,08-30 16:00:00+02:00,CT NG 29,0.0
2030,sc01,08-30 16:00:00+02:00,Solar 71,0.0
2030,sc01,08-30 16:00:00+02:00,CT NG 53,0.0
2030,sc01,08-30 16:00:00+02:00,CT NG 20,0.0
2030,sc01,08-30 16:00:00+02:00,Biomass 14,0.02442
2030,sc01,08-30 16:00:00+02:00,Solar 26,0.182570579928
2030,sc01,08-30 16:00:00+02:00,Hydro 29,0.0
2030,sc01,08-30 16:00:00+02:00,Hydro 31,0.0
2030,sc01,08-30 16:00:00+02:00,Biomass 24,0.009240000000000002
2030,sc01,08-30 16:00:00+02:00,Biomass 54,0.0
2030,sc01,08-30 16:00:00+02:00,Solar 36,10.332475804200001
2030,sc01,08-30 16:00:00+02:00,Wind 03,0.43634960094
2030,sc01,08-30 16:00:00+02:00,Biomass 40,0.0
2030,sc01,08-30 16:00:00+02:00,Biomass 49,0.0
2030,sc01,08-30 16:00:00+02:00,CC NG 16,0.0
2030,sc01,08-30 16:00:00+02:00,Biomass 48,0.0
2030,sc01,08-30 16:00:00+02:00,Hydro 28,0.0
2030,sc01,08-30 16:00:00+02:00,Biomass 17,0.00726
2030,sc01,08-30 16:00:00+02:00,CT NG 33,0.0
2030,sc01,08-30 16:00:00+02:00,Solar 45,0.0
2030,sc01,08-30 16:00:00+02:00,Hydro 24,0.0
2030,sc01,08-30 16:00:00+02:00,Wind 13,7.5173165694
2030,sc01,08-30 16:00:00+02:00,Biomass 07,0.066
2030,sc01,08-30 16:00:00+02:00,Biomass 34,0.0
2030,sc01,08-30 16:00:00+02:00,Biomass 33,0.0
2030,sc01,08-30 16:00:00+02:00,CT NG 01,0.32968148957811116
2030,sc01,08-30 16:00:00+02:00,ICE NG 03,0.0
2030,sc01,08-30 16:00:00+02:00,Solar 55,0.0
2030,sc01,08-30 16:00:00+02:00,Solar 11,0.20167519072799997
2030,sc01,08-30 16:00:00+02:00,CT NG 06,0.0
2030,sc01,08-30 16:00:00+02:00,CT NG 70,0.0
2030,sc01,08-30 16:00:00+02:00,Solar 23,0.029862277104000003
2030,sc01,08-30 16:00:00+02:00,CT NG 67,0.0
2030,sc01,08-30 16:00:00+02:00,Solar 12,0.15611790400800002
2030,sc01,08-30 16:00:00+02:00,CT Oil 01,0.0
2030,sc01,08-30 16:00:00+02:00,Hydro 26,0.0
2030,sc01,08-30 16:00:00+02:00,CC NG 22,0.0
2030,sc01,08-30 16:00:00+02:00,CC NG 35,0.0
2030,sc01,08-30 16:00:00+02:00,Biomass 50,0.0
2030,sc01,08-30 16:00:00+02:00,ICE NG 04,0.0
2030,sc01,08-30 16:00:00+02:00,CC NG 39,0.0
2030,sc01,08-30 16:00:00+02:00,Hydro 32,0.0
2030,sc01,08-30 16:00:00+02:00,ICE NG 07,0.0
2030,sc01,08-30 16:00:00+02:00,Biomass 46,0.0
2030,sc01,08-30 16:00:00+02:00,CC NG 38,0.0
2030,sc01,08-30 16:00:00+02:00,CC NG 12,0.0
2030,sc01,08-30 16:00:00+02:00,Solar 57,0.0
2030,sc01,08-30 16:00:00+02:00,CC NG 32,0.0
2030,sc01,08-30 16:00:00+02:00,CC NG 07,0.0
2030,sc01,08-30 16:00:00+02:00,Biomass 44,0.0
2030,sc01,08-30 16:00:00+02:00,CT NG 40,0.0
2030,sc01,08-30 16:00:00+02:00,Solar 74,4.212683933700001
2030,sc01,08-30 16:00:00+02:00,Hydro 30,0.0
2030,sc01,08-30 16:00:00+02:00,CT NG 42,0.0
2030,sc01,08-30 16:00:00+02:00,Hydro 22,1.27509129
2030,sc01,08-30 16:00:00+02:00,Solar 17,0.306209601456
2030,sc01,08-30 16:00:00+02:00,Solar 38,0.0
2030,sc01,08-30 16:00:00+02:00,CT NG 24,0.0
2030,sc01,08-30 16:00:00+02:00,CC NG 27,0.0
2030,sc01,08-30 16:00:00+02:00,Biomass 21,0.012870000000000001
2030,sc01,08-30 16:00:00+02:00,ICE NG 06,0.0
2030,sc01,08-30 16:00:00+02:00,Biomass 25,0.009240000000000002
2030,sc01,08-30 16:00:00+02:00,Solar 27,0.105018633192
2030,sc01,08-30 16:00:00+02:00,CT NG 19,0.0
2030,sc01,08-30 16:00:00+02:00,Biomass 42,0.0
2030,sc01,08-30 16:00:00+02:00,Biomass 19,0.012870000000000001
2030,sc01,08-30 16:00:00+02:00,Biomass 06,0.01584
2030,sc01,08-30 16:00:00+02:00,CT NG 10,0.0
2030,sc01,08-30 16:00:00+02:00,CC NG 40,0.0
2030,sc01,08-30 16:00:00+02:00,CC NG 21,0.0
2030,sc01,08-30 16:00:00+02:00,Biomass 02,0.03663
2030,sc01,08-30 16:00:00+02:00,CT NG 46,0.0
2030,sc01,08-30 16:00:00+02:00,Hydro 34,0.0
2030,sc01,08-30 16:00:00+02:00,Biomass 10,0.02706
2030,sc01,08-30 16:00:00+02:00,CT NG 17,0.0
2030,sc01,08-30 16:00:00+02:00,Biomass 62,0.0
2030,sc01,08-30 16:00:00+02:00,Biomass 32,0.04059
2030,sc01,08-30 16:00:00+02:00,CC NG 19,0.0
2030,sc01,08-30 16:00:00+02:00,CC NG 17,0.0
2030,sc01,08-30 16:00:00+02:00,ST NG 01,0.0
2030,sc01,08-30 16:00:00+02:00,Biomass 45,0.0
2030,sc01,08-30 16:00:00+02:00,Biomass 28,0.05643
2030,sc01,08-30 16:00:00+02:00,CC NG 10,0.0
2030,sc01,08-30 16:00:00+02:00,Biomass 23,0.009240000000000002
2030,sc01,08-30 16:00:00+02:00,ST NG 06,0.0
2030,sc01,08-30 16:00:00+02:00,Wind 10,0.47723737677000005
2030,sc01,08-30 16:00:00+02:00,CT NG 69,0.0
2030,sc01,08-30 16:00:00+02:00,CT NG 68,0.0
2030,sc01,08-31 09:00:00+02:00,CC NG 13,0.0
2030,sc01,08-31 09:00:00+02:00,CT NG 37,0.0
2030,sc01,08-31 09:00:00+02:00,ST Coal 01,0.0
2030,sc01,08-31 09:00:00+02:00,CT NG 09,0.0
2030,sc01,08-31 09:00:00+02:00,CT NG 47,0.0
2030,sc01,08-31 09:00:00+02:00,Solar 69,0.0
2030,sc01,08-31 09:00:00+02:00,Solar 34,0.0
2030,sc01,08-31 09:00:00+02:00,Solar 73,0.0
2030,sc01,08-31 09:00:00+02:00,Biomass 37,0.0
2030,sc01,08-31 09:00:00+02:00,Hydro 20,0.0
2030,sc01,08-31 09:00:00+02:00,Solar 01,20.7483234075
2030,sc01,08-31 09:00:00+02:00,Solar 62,0.0
2030,sc01,08-31 09:00:00+02:00,Solar 02,12.776030622
2030,sc01,08-31 09:00:00+02:00,CT NG 26,0.0
2030,sc01,08-31 09:00:00+02:00,Biomass 20,0.017550000000000003
2030,sc01,08-31 09:00:00+02:00,Wind 16,28.202616837000004
2030,sc01,08-31 09:00:00+02:00,CT NG 66,0.0
2030,sc01,08-31 09:00:00+02:00,Solar 39,0.0
2030,sc01,08-31 09:00:00+02:00,Biomass 41,0.0
2030,sc01,08-31 09:00:00+02:00,Solar 72,0.0
2030,sc01,08-31 09:00:00+02:00,ST NG 03,0.0
2030,sc01,08-31 09:00:00+02:00,Hydro 21,0.0
2030,sc01,08-31 09:00:00+02:00,CT NG 03,0.0
2030,sc01,08-31 09:00:00+02:00,CC NG 09,0.0
2030,sc01,08-31 09:00:00+02:00,CT Oil 02,0.0
2030,sc01,08-31 09:00:00+02:00,CT NG 39,0.0
2030,sc01,08-31 09:00:00+02:00,CC NG 08,0.0
2030,sc01,08-31 09:00:00+02:00,Biomass 43,0.0
2030,sc01,08-31 09:00:00+02:00,CT NG 18,0.114299551163108
2030,sc01,08-31 09:00:00+02:00,ST NG 07,0.0
2030,sc01,08-31 09:00:00+02:00,Biomass 35,0.0
2030,sc01,08-31 09:00:00+02:00,Solar 32,0.0
2030,sc01,08-31 09:00:00+02:00,Biomass 15,0.0099
2030,sc01,08-31 09:00:00+02:00,CC NG 31,0.0
2030,sc01,08-31 09:00:00+02:00,Solar 16,1.15596509265
2030,sc01,08-31 09:00:00+02:00,Solar 68,0.0
2030,sc01,08-31 09:00:00+02:00,CT NG 21,0.0
2030,sc01,08-31 09:00:00+02:00,Wind 11,0.052888511160000005
2030,sc01,08-31 09:00:00+02:00,CC NG 37,0.0
2030,sc01,08-31 09:00:00+02:00,CT NG 22,0.0
2030,sc01,08-31 09:00:00+02:00,Hydro 16,0.0174384
2030,sc01,08-31 09:00:00+02:00,Biomass 59,0.18630000000000002
2030,sc01,08-31 09:00:00+02:00,CC NG 01,0.0
2030,sc01,08-31 09:00:00+02:00,Biomass 16,0.0099
2030,sc01,08-31 09:00:00+02:00,Solar 03,6.941115909
2030,sc01,08-31 09:00:00+02:00,Solar 44,0.0
2030,sc01,08-31 09:00:00+02:00,CT NG 08,0.0
2030,sc01,08-31 09:00:00+02:00,Wind 05,0.0
2030,sc01,08-31 09:00:00+02:00,Biomass 26,0.07694999999999999
2030,sc01,08-31 09:00:00+02:00,Solar 37,0.0
2030,sc01,08-31 09:00:00+02:00,Biomass 11,0.01485
2030,sc01,08-31 09:00:00+02:00,Solar 59,0.0
2030,sc01,08-31 09:00:00+02:00,CT NG 11,0.0
2030,sc01,08-31 09:00:00+02:00,Biomass 30,0.07694999999999999
2030,sc01,08-31 09:00:00+02:00,Hydro 23,0.0
2030,sc01,08-31 09:00:00+02:00,CC NG 24,0.0
2030,sc01,08-31 09:00:00+02:00,Solar 65,14.484998168999999
2030,sc01,08-31 09:00:00+02:00,CC NG 18,0.0
2030,sc01,08-31 09:00:00+02:00,CT NG 16,0.0
2030,sc01,08-31 09:00:00+02:00,Solar 51,0.0
2030,sc01,08-31 09:00:00+02:00,Wind 06,0.28242864576
2030,sc01,08-31 09:00:00+02:00,CC NG 26,0.0
2030,sc01,08-31 09:00:00+02:00,CC NG 23,0.0
2030,sc01,08-31 09:00:00+02:00,CT NG 43,0.0
2030,sc01,08-31 09:00:00+02:00,CC NG 11,0.0
2030,sc01,08-31 09:00:00+02:00,CT NG 02,0.0
2030,sc01,08-31 09:00:00+02:00,CT NG 50,0.0
2030,sc01,08-31 09:00:00+02:00,Hydro 27,0.0
2030,sc01,08-31 09:00:00+02:00,CT NG 13,0.0
2030,sc01,08-31 09:00:00+02:00,CT NG 25,0.0
2030,sc01,08-31 09:00:00+02:00,CC NG 05,0.0
2030,sc01,08-31 09:00:00+02:00,Solar 04,1.2217402584000001
2030,sc01,08-31 09:00:00+02:00,Solar 30,1.1147104215
2030,sc01,08-31 09:00:00+02:00,Solar 29,1.9754043907499999
2030,sc01,08-31 09:00:00+02:00,Solar 53,0.0
2030,sc01,08-31 09:00:00+02:00,Solar 21,4.635746199
2030,sc01,08-31 09:00:00+02:00,Biomass 58,0.0981
2030,sc01,08-31 09:00:00+02:00,CT NG 74,0.0
2030,sc01,08-31 09:00:00+02:00,Solar 61,0.0
2030,sc01,08-31 09:00:00+02:00,Wind 07,0.032066964
2030,sc01,08-31 09:00:00+02:00,Biomass 31,0.07694999999999999
2030,sc01,08-31 09:00:00+02:00,CT Oil 05,0.0
2030,sc01,08-31 09:00:00+02:00,Biomass 38,0.0
2030,sc01,08-31 09:00:00+02:00,Solar 41,0.0
2030,sc01,08-31 09:00:00+02:00,Biomass 51,0.0
2030,sc01,08-31 09:00:00+02:00,Biomass 55,0.11835
2030,sc01,08-31 09:00:00+02:00,Wind 15,1.6469051962523111
2030,sc01,08-31 09:00:00+02:00,Geo 01,0.0
2030,sc01,08-31 09:00:00+02:00,Biomass 60,0.12150000000000001
2030,sc01,08-31 09:00:00+02:00,CT NG 38,0.0
2030,sc01,08-31 09:00:00+02:00,Solar 66,26.682840461182668
2030,sc01,08-31 09:00:00+02:00,Solar 49,0.0
2030,sc01,08-31 09:00:00+02:00,CT NG 51,0.0
2030,sc01,08-31 09:00:00+02:00,Biomass 18,0.0099
2030,sc01,08-31 09:00:00+02:00,ICE NG 01,0.0
2030,sc01,08-31 09:00:00+02:00,Solar 15,2.65114123695
2030,sc01,08-31 09:00:00+02:00,ICE NG 05,0.0
2030,sc01,08-31 09:00:00+02:00,CT Oil 04,0.0
2030,sc01,08-31 09:00:00+02:00,CC NG 20,0.0
2030,sc01,08-31 09:00:00+02:00,Solar 20,2.28259576665
2030,sc01,08-31 09:00:00+02:00,Biomass 04,0.0
2030,sc01,08-31 09:00:00+02:00,Wind 02,0.21520223100000002
2030,sc01,08-31 09:00:00+02:00,Hydro 25,0.0
2030,sc01,08-31 09:00:00+02:00,Solar 75,2.1702830291821025
2030,sc01,08-31 09:00:00+02:00,Hydro 33,0.0
2030,sc01,08-31 09:00:00+02:00,ST NG 05,0.0
2030,sc01,08-31 09:00:00+02:00,CT NG 07,0.0
2030,sc01,08-31 09:00:00+02:00,Wind 01,0.032733855000000006
2030,sc01,08-31 09:00:00+02:00,Solar 56,0.0
2030,sc01,08-31 09:00:00+02:00,Biomass 09,0.0369
2030,sc01,08-31 09:00:00+02:00,Biomass 53,0.11835
2030,sc01,08-31 09:00:00+02:00,Wind 17,0.0
2030,sc01,08-31 09:00:00+02:00,ST NG 08,0.0
2030,sc01,08-31 09:00:00+02:00,Hydro 19,0.0
2030,sc01,08-31 09:00:00+02:00,ST NG 02,0.0
2030,sc01,08-31 09:00:00+02:00,Biomass 01,0.04995
2030,sc01,08-31 09:00:00+02:00,Biomass 57,0.0981
2030,sc01,08-31 09:00:00+02:00,CT NG 49,0.0
2030,sc01,08-31 09:00:00+02:00,CT NG 31,0.0
2030,sc01,08-31 09:00:00+02:00,Solar 64,7.5600000000000005
2030,sc01,08-31 09:00:00+02:00,CC NG 33,0.0
2030,sc01,08-31 09:00:00+02:00,Solar 46,0.0
2030,sc01,08-31 09:00:00+02:00,Biomass 12,0.01485
2030,sc01,08-31 09:00:00+02:00,Wind 04,0.4848254586
2030,sc01,08-31 09:00:00+02:00,Solar 13,0.0665532648
2030,sc01,08-31 09:00:00+02:00,CT NG 55,0.0
2030,sc01,08-31 09:00:00+02:00,Wind N03,235.70702512186818
2030,sc01,08-31 09:00:00+02:00,CT NG 28,0.0
2030,sc01,08-31 09:00:00+02:00,Wind 09,0.046428536879999996
2030,sc01,08-31 09:00:00+02:00,Solar 60,0.0
2030,sc01,08-31 09:00:00+02:00,Solar 25,0.4880467719
2030,sc01,08-31 09:00:00+02:00,CT NG 23,0.0
2030,sc01,08-31 09:00:00+02:00,ST Other 01,0.0
2030,sc01,08-31 09:00:00+02:00,Solar 70,25.0927007805
2030,sc01,08-31 09:00:00+02:00,CC NG 34,0.0
2030,sc01,08-31 09:00:00+02:00,Solar 48,0.0
2030,sc01,08-31 09:00:00+02:00,Biomass 56,0.11790000000000002
2030,sc01,08-31 09:00:00+02:00,CT NG 36,0.0
2030,sc01,08-31 09:00:00+02:00,Solar 47,0.0
2030,sc01,08-31 09:00:00+02:00,Hydro 17,0.0
2030,sc01,08-31 09:00:00+02:00,Solar 09,0.0
2030,sc01,08-31 09:00:00+02:00,Solar 08,0.0
2030,sc01,08-31 09:00:00+02:00,CT NG 45,0.0
2030,sc01,08-31 09:00:00+02:00,ST NG 04,0.0
2030,sc01,08-31 09:00:00+02:00,Solar 40,0.0
2030,sc01,08-31 09:00:00+02:00,Biomass 47,0.0
2030,sc01,08-31 09:00:00+02:00,Solar 50,0.0
2030,sc01,08-31 09:00:00+02:00,Solar 52,0.0
2030,sc01,08-31 09:00:00+02:00,Solar 63,16.239878932499998
2030,sc01,08-31 09:00:00+02:00,CC NG 06,0.0
2030,sc01,08-31 09:00:00+02:00,Biomass 39,0.0
2030,sc01,08-31 09:00:00+02:00,Solar 67,10.825680465
2030,sc01,08-31 09:00:00+02:00,Solar 19,0.025170743880000002
2030,sc01,08-31 09:00:00+02:00,Wind 12,1.0316301831
2030,sc01,08-31 09:00:00+02:00,Solar 24,0.36401056631999995
2030,sc01,08-31 09:00:00+02:00,ICE NG 02,0.0
2030,sc01,08-31 09:00:00+02:00,Solar 05,0.0
2030,sc01,08-31 09:00:00+02:00,CT NG 54,0.0
2030,sc01,08-31 09:00:00+02:00,Wind N01,9.787260708
2030,sc01,08-31 09:00:00+02:00,CT NG 27,0.0
2030,sc01,08-31 09:00:00+02:00,CC NG 36,0.0
2030,sc01,08-31 09:00:00+02:00,Wind N02,88.2047637345846
2030,sc01,08-31 09:00:00+02:00,CT NG 52,0.0
2030,sc01,08-31 09:00:00+02:00,Solar 35,0.0
2030,sc01,08-31 09:00:00+02:00,CT NG 05,0.0
2030,sc01,08-31 09:00:00+02:00,Biomass 36,0.0
2030,sc01,08-31 09:00:00+02:00,CT NG 34,0.0
2030,sc01,08-31 09:00:00+02:00,CT Oil 03,0.0
2030,sc01,08-31 09:00:00+02:00,Hydro 35,0.0
2030,sc01,08-31 09:00:00+02:00,Solar 14,2.94747208065
2030,sc01,08-31 09:00:00+02:00,CT NG 75,0.0
2030,sc01,08-31 09:00:00+02:00,ST NG 09,0.0
2030,sc01,08-31 09:00:00+02:00,CT NG 56,0.0
2030,sc01,08-31 09:00:00+02:00,Biomass 22,0.017550000000000003
2030,sc01,08-31 09:00:00+02:00,Solar 18,3.1088846079
2030,sc01,08-31 09:00:00+02:00,Biomass 13,0.01485
2030,sc01,08-31 09:00:00+02:00,CT NG 71,0.0
2030,sc01,08-31 09:00:00+02:00,Solar 58,0.0
2030,sc01,08-31 09:00:00+02:00,Solar 06,0.0
2030,sc01,08-31 09:00:00+02:00,Biomass 08,0.0369
2030,sc01,08-31 09:00:00+02:00,CT NG 72,0.0
2030,sc01,08-31 09:00:00+02:00,Hydro 18,0.0
2030,sc01,08-31 09:00:00+02:00,Solar 10,2.1986807017500003
2030,sc01,08-31 09:00:00+02:00,CT NG 04,0.0
2030,sc01,08-31 09:00:00+02:00,ST Other 02,0.0
2030,sc01,08-31 09:00:00+02:00,CT NG 12,0.0
2030,sc01,08-31 09:00:00+02:00,CT NG 48,0.0
2030,sc01,08-31 09:00:00+02:00,ST NG 10,0.0
2030,sc01,08-31 09:00:00+02:00,Solar 22,2.0546339103
2030,sc01,08-31 09:00:00+02:00,Solar 28,1.83865809015
2030,sc01,08-31 09:00:00+02:00,CT NG 73,0.0
2030,sc01,08-31 09:00:00+02:00,Biomass 52,0.0
2030,sc01,08-31 09:00:00+02:00,CT NG 30,0.0
2030,sc01,08-31 09:00:00+02:00,Solar 54,0.0
2030,sc01,08-31 09:00:00+02:00,Solar 31,0.0
2030,sc01,08-31 09:00:00+02:00,Biomass 03,0.0
2030,sc01,08-31 09:00:00+02:00,CT NG 32,0.0
2030,sc01,08-31 09:00:00+02:00,Biomass 27,0.07694999999999999
2030,sc01,08-31 09:00:00+02:00,CC NG 14,0.0
2030,sc01,08-31 09:00:00+02:00,CC NG 03,0.0
2030,sc01,08-31 09:00:00+02:00,CC NG 29,0.0
2030,sc01,08-31 09:00:00+02:00,CC NG 28,0.0
2030,sc01,08-31 09:00:00+02:00,CC NG 25,0.0
2030,sc01,08-31 09:00:00+02:00,CT NG 44,0.0
2030,sc01,08-31 09:00:00+02:00,CT NG 14,0.0
2030,sc01,08-31 09:00:00+02:00,CC NG 15,0.0
2030,sc01,08-31 09:00:00+02:00,CC NG 04,0.0
2030,sc01,08-31 09:00:00+02:00,Biomass 29,0.07694999999999999
2030,sc01,08-31 09:00:00+02:00,Wind 14,0.0
2030,sc01,08-31 09:00:00+02:00,Wind 08,0.04265884368
2030,sc01,08-31 09:00:00+02:00,Biomass 61,0.0
2030,sc01,08-31 09:00:00+02:00,CT NG 35,0.0
2030,sc01,08-31 09:00:00+02:00,Solar 33,0.0
2030,sc01,08-31 09:00:00+02:00,CT NG 41,0.0
2030,sc01,08-31 09:00:00+02:00,CT NG 15,0.0
2030,sc01,08-31 09:00:00+02:00,Solar 42,0.0
2030,sc01,08-31 09:00:00+02:00,Solar 07,0.0
2030,sc01,08-31 09:00:00+02:00,Solar 43,0.0
2030,sc01,08-31 09:00:00+02:00,Biomass 05,0.0216
2030,sc01,08-31 09:00:00+02:00,CT NG 29,0.0
2030,sc01,08-31 09:00:00+02:00,Solar 71,0.0
2030,sc01,08-31 09:00:00+02:00,CT NG 53,0.0
2030,sc01,08-31 09:00:00+02:00,CT NG 20,0.0
2030,sc01,08-31 09:00:00+02:00,Biomass 14,0.033299999999999996
2030,sc01,08-31 09:00:00+02:00,Solar 26,0.45196538715
2030,sc01,08-31 09:00:00+02:00,Hydro 29,0.0
2030,sc01,08-31 09:00:00+02:00,Hydro 31,0.0087192
2030,sc01,08-31 09:00:00+02:00,Biomass 24,0.012600000000000002
2030,sc01,08-31 09:00:00+02:00,Biomass 54,0.11835
2030,sc01,08-31 09:00:00+02:00,Solar 36,11.961079135772204
2030,sc01,08-31 09:00:00+02:00,Wind 03,1.1961239633999998
2030,sc01,08-31 09:00:00+02:00,Biomass 40,0.0
2030,sc01,08-31 09:00:00+02:00,Biomass 49,0.0
2030,sc01,08-31 09:00:00+02:00,CC NG 16,4.584775692854716
2030,sc01,08-31 09:00:00+02:00,Biomass 48,0.0
2030,sc01,08-31 09:00:00+02:00,Hydro 28,0.0
2030,sc01,08-31 09:00:00+02:00,Biomass 17,0.0099
2030,sc01,08-31 09:00:00+02:00,CT NG 33,0.0
2030,sc01,08-31 09:00:00+02:00,Solar 45,0.0
2030,sc01,08-31 09:00:00+02:00,Hydro 24,0.0
2030,sc01,08-31 09:00:00+02:00,Wind 13,0.9991204699499999
2030,sc01,08-31 09:00:00+02:00,Biomass 07,0.09
2030,sc01,08-31 09:00:00+02:00,Biomass 34,0.0
2030,sc01,08-31 09:00:00+02:00,Biomass 33,0.0
2030,sc01,08-31 09:00:00+02:00,CT NG 01,0.0
2030,sc01,08-31 09:00:00+02:00,ICE NG 03,0.0
2030,sc01,08-31 09:00:00+02:00,Solar 55,0.0
2030,sc01,08-31 09:00:00+02:00,Solar 11,0.49926009824999995
2030,sc01,08-31 09:00:00+02:00,CT NG 06,0.0
2030,sc01,08-31 09:00:00+02:00,CT NG 70,0.0
2030,sc01,08-31 09:00:00+02:00,Solar 23,0.07392601656
2030,sc01,08-31 09:00:00+02:00,CT NG 67,0.0
2030,sc01,08-31 09:00:00+02:00,Solar 12,0.38648006136
2030,sc01,08-31 09:00:00+02:00,CT Oil 01,0.0
2030,sc01,08-31 09:00:00+02:00,Hydro 26,0.0
2030,sc01,08-31 09:00:00+02:00,CC NG 22,0.0
2030,sc01,08-31 09:00:00+02:00,CC NG 35,0.0
2030,sc01,08-31 09:00:00+02:00,Biomass 50,0.0
2030,sc01,08-31 09:00:00+02:00,ICE NG 04,0.0
2030,sc01,08-31 09:00:00+02:00,CC NG 39,0.0
2030,sc01,08-31 09:00:00+02:00,Hydro 32,0.01046304
2030,sc01,08-31 09:00:00+02:00,ICE NG 07,0.0
2030,sc01,08-31 09:00:00+02:00,Biomass 46,0.0
2030,sc01,08-31 09:00:00+02:00,CC NG 38,0.0
2030,sc01,08-31 09:00:00+02:00,CC NG 12,0.0
2030,sc01,08-31 09:00:00+02:00,Solar 57,0.0
2030,sc01,08-31 09:00:00+02:00,CC NG 32,0.0
2030,sc01,08-31 09:00:00+02:00,CC NG 07,0.0
2030,sc01,08-31 09:00:00+02:00,Biomass 44,0.0
2030,sc01,08-31 09:00:00+02:00,CT NG 40,0.0
2030,sc01,08-31 09:00:00+02:00,Solar 74,9.0
2030,sc01,08-31 09:00:00+02:00,Hydro 30,0.0
2030,sc01,08-31 09:00:00+02:00,CT NG 42,0.0
2030,sc01,08-31 09:00:00+02:00,Hydro 22,0.0
2030,sc01,08-31 09:00:00+02:00,Solar 17,0.75804185565
2030,sc01,08-31 09:00:00+02:00,Solar 38,0.0
2030,sc01,08-31 09:00:00+02:00,CT NG 24,0.0
2030,sc01,08-31 09:00:00+02:00,CC NG 27,0.0
2030,sc01,08-31 09:00:00+02:00,Biomass 21,0.017550000000000003
2030,sc01,08-31 09:00:00+02:00,ICE NG 06,0.0
2030,sc01,08-31 09:00:00+02:00,Biomass 25,0.012600000000000002
2030,sc01,08-31 09:00:00+02:00,Solar 27,0.19816266384000003
2030,sc01,08-31 09:00:00+02:00,CT NG 19,0.0
2030,sc01,08-31 09:00:00+02:00,Biomass 42,0.0
2030,sc01,08-31 09:00:00+02:00,Biomass 19,0.017550000000000003
2030,sc01,08-31 09:00:00+02:00,Biomass 06,0.0216
2030,sc01,08-31 09:00:00+02:00,CT NG 10,0.0
2030,sc01,08-31 09:00:00+02:00,CC NG 40,0.0
2030,sc01,08-31 09:00:00+02:00,CC NG 21,0.0
2030,sc01,08-31 09:00:00+02:00,Biomass 02,0.04995
2030,sc01,08-31 09:00:00+02:00,CT NG 46,0.0
2030,sc01,08-31 09:00:00+02:00,Hydro 34,0.0
2030,sc01,08-31 09:00:00+02:00,Biomass 10,0.0369
2030,sc01,08-31 09:00:00+02:00,CT NG 17,0.0
2030,sc01,08-31 09:00:00+02:00,Biomass 62,0.08955
2030,sc01,08-31 09:00:00+02:00,Biomass 32,0.055349999999999996
2030,sc01,08-31 09:00:00+02:00,CC NG 19,6.0921
2030,sc01,08-31 09:00:00+02:00,CC NG 17,0.0
2030,sc01,08-31 09:00:00+02:00,ST NG 01,0.0
2030,sc01,08-31 09:00:00+02:00,Biomass 45,0.0
2030,sc01,08-31 09:00:00+02:00,Biomass 28,0.07694999999999999
2030,sc01,08-31 09:00:00+02:00,CC NG 10,0.0
2030,sc01,08-31 09:00:00+02:00,Biomass 23,0.012600000000000002
2030,sc01,08-31 09:00:00+02:00,ST NG 06,0.0
2030,sc01,08-31 09:00:00+02:00,Wind 10,0.044287607879999996
2030,sc01,08-31 09:00:00+02:00,CT NG 69,0.0
2030,sc01,08-31 09:00:00+02:00,CT NG 68,0.0
2030,sc01,09-01 13:00:00+02:00,CC NG 13,0.0
2030,sc01,09-01 13:00:00+02:00,CT NG 37,0.0
2030,sc01,09-01 13:00:00+02:00,ST Coal 01,0.0
2030,sc01,09-01 13:00:00+02:00,CT NG 09,0.0
2030,sc01,09-01 13:00:00+02:00,CT NG 47,0.0
2030,sc01,09-01 13:00:00+02:00,Solar 69,0.0
2030,sc01,09-01 13:00:00+02:00,Solar 34,57.6436228704
2030,sc01,09-01 13:00:00+02:00,Solar 73,12.600000000000001
2030,sc01,09-01 13:00:00+02:00,Biomass 37,0.0
2030,sc01,09-01 13:00:00+02:00,Hydro 20,0.0
2030,sc01,09-01 13:00:00+02:00,Solar 01,37.1439399366
2030,sc01,09-01 13:00:00+02:00,Solar 62,50.3496
2030,sc01,09-01 13:00:00+02:00,Solar 02,18.118438203600004
2030,sc01,09-01 13:00:00+02:00,CT NG 26,0.0
2030,sc01,09-01 13:00:00+02:00,Biomass 20,0.02331
2030,sc01,09-01 13:00:00+02:00,Wind 16,15.3466050276
2030,sc01,09-01 13:00:00+02:00,CT NG 66,0.0
2030,sc01,09-01 13:00:00+02:00,Solar 39,0.0
2030,sc01,09-01 13:00:00+02:00,Biomass 41,0.0
2030,sc01,09-01 13:00:00+02:00,Solar 72,0.0
2030,sc01,09-01 13:00:00+02:00,ST NG 03,0.0
2030,sc01,09-01 13:00:00+02:00,Hydro 21,2.17136997
2030,sc01,09-01 13:00:00+02:00,CT NG 03,0.0
2030,sc01,09-01 13:00:00+02:00,CC NG 09,0.0
2030,sc01,09-01 13:00:00+02:00,CT Oil 02,0.0
2030,sc01,09-01 13:00:00+02:00,CT NG 39,0.0
2030,sc01,09-01 13:00:00+02:00,CC NG 08,0.0
2030,sc01,09-01 13:00:00+02:00,Biomass 43,0.0
2030,sc01,09-01 13:00:00+02:00,CT NG 18,0.0
2030,sc01,09-01 13:00:00+02:00,ST NG 07,0.0
2030,sc01,09-01 13:00:00+02:00,Biomass 35,0.0
2030,sc01,09-01 13:00:00+02:00,Solar 32,0.0
2030,sc01,09-01 13:00:00+02:00,Biomass 15,0.0
2030,sc01,09-01 13:00:00+02:00,CC NG 31,0.0
2030,sc01,09-01 13:00:00+02:00,Solar 16,2.61038430702
2030,sc01,09-01 13:00:00+02:00,Solar 68,0.0
2030,sc01,09-01 13:00:00+02:00,CT NG 21,0.0
2030,sc01,09-01 13:00:00+02:00,Wind 11,0.532151405352
2030,sc01,09-01 13:00:00+02:00,CC NG 37,0.0
2030,sc01,09-01 13:00:00+02:00,CT NG 22,0.0
2030,sc01,09-01 13:00:00+02:00,Hydro 16,0.024161760000000004
2030,sc01,09-01 13:00:00+02:00,Biomass 59,0.26082000000000005
2030,sc01,09-01 13:00:00+02:00,CC NG 01,0.0
2030,sc01,09-01 13:00:00+02:00,Biomass 16,0.0
2030,sc01,09-01 13:00:00+02:00,Solar 03,12.102742877399999
2030,sc01,09-01 13:00:00+02:00,Solar 44,0.0
2030,sc01,09-01 13:00:00+02:00,CT NG 08,0.0
2030,sc01,09-01 13:00:00+02:00,Wind 05,0.032800082112
2030,sc01,09-01 13:00:00+02:00,Biomass 26,0.10647
2030,sc01,09-01 13:00:00+02:00,Solar 37,0.0
2030,sc01,09-01 13:00:00+02:00,Biomass 11,0.023940000000000003
2030,sc01,09-01 13:00:00+02:00,Solar 59,0.0
2030,sc01,09-01 13:00:00+02:00,CT NG 11,0.0
2030,sc01,09-01 13:00:00+02:00,Biomass 30,0.10647
2030,sc01,09-01 13:00:00+02:00,Hydro 23,4.163241600000001
2030,sc01,09-01 13:00:00+02:00,CC NG 24,0.0
2030,sc01,09-01 13:00:00+02:00,Solar 65,23.1838706673
2030,sc01,09-01 13:00:00+02:00,CC NG 18,0.0
2030,sc01,09-01 13:00:00+02:00,CT NG 16,0.0
2030,sc01,09-01 13:00:00+02:00,Solar 51,0.0
2030,sc01,09-01 13:00:00+02:00,Wind 06,0.70041272679
2030,sc01,09-01 13:00:00+02:00,CC NG 26,0.0
2030,sc01,09-01 13:00:00+02:00,CC NG 23,0.0
2030,sc01,09-01 13:00:00+02:00,CT NG 43,0.0
2030,sc01,09-01 13:00:00+02:00,CC NG 11,0.0
2030,sc01,09-01 13:00:00+02:00,CT NG 02,0.0
2030,sc01,09-01 13:00:00+02:00,CT NG 50,0.0
2030,sc01,09-01 13:00:00+02:00,Hydro 27,0.0
2030,sc01,09-01 13:00:00+02:00,CT NG 13,0.21940766754079502
2030,sc01,09-01 13:00:00+02:00,CT NG 25,0.0
2030,sc01,09-01 13:00:00+02:00,CC NG 05,0.0
2030,sc01,09-01 13:00:00+02:00,Solar 04,1.9081871424
2030,sc01,09-01 13:00:00+02:00,Solar 30,2.2680000000000002
2030,sc01,09-01 13:00:00+02:00,Solar 29,3.34020401064
2030,sc01,09-01 13:00:00+02:00,Solar 53,0.0
2030,sc01,09-01 13:00:00+02:00,Solar 21,7.2403861824
2030,sc01,09-01 13:00:00+02:00,Biomass 58,0.12788999999999998
2030,sc01,09-01 13:00:00+02:00,CT NG 74,0.0
2030,sc01,09-01 13:00:00+02:00,Solar 61,0.0
2030,sc01,09-01 13:00:00+02:00,Wind 07,0.476241267096
2030,sc01,09-01 13:00:00+02:00,Biomass 31,0.10647
2030,sc01,09-01 13:00:00+02:00,CT Oil 05,0.0
2030,sc01,09-01 13:00:00+02:00,Biomass 38,0.0
2030,sc01,09-01 13:00:00+02:00,Solar 41,0.0
2030,sc01,09-01 13:00:00+02:00,Biomass 51,0.0
2030,sc01,09-01 13:00:00+02:00,Biomass 55,0.15687000000000004
2030,sc01,09-01 13:00:00+02:00,Wind 15,2.48498062722
2030,sc01,09-01 13:00:00+02:00,Geo 01,0.0
2030,sc01,09-01 13:00:00+02:00,Biomass 60,0.1701
2030,sc01,09-01 13:00:00+02:00,CT NG 38,0.0
2030,sc01,09-01 13:00:00+02:00,Solar 66,48.8576061918
2030,sc01,09-01 13:00:00+02:00,Solar 49,0.0
2030,sc01,09-01 13:00:00+02:00,CT NG 51,0.0
2030,sc01,09-01 13:00:00+02:00,Biomass 18,0.0
2030,sc01,09-01 13:00:00+02:00,ICE NG 01,0.0
2030,sc01,09-01 13:00:00+02:00,Solar 15,4.14071124075
2030,sc01,09-01 13:00:00+02:00,ICE NG 05,0.0
2030,sc01,09-01 13:00:00+02:00,CT Oil 04,0.0
2030,sc01,09-01 13:00:00+02:00,CC NG 20,0.0
2030,sc01,09-01 13:00:00+02:00,Solar 20,3.55722117534
2030,sc01,09-01 13:00:00+02:00,Biomass 04,0.0
2030,sc01,09-01 13:00:00+02:00,Wind 02,1.3623719696999999
2030,sc01,09-01 13:00:00+02:00,Hydro 25,1.1778858
2030,sc01,09-01 13:00:00+02:00,Solar 75,14.084221901400001
2030,sc01,09-01 13:00:00+02:00,Hydro 33,4.31048268
2030,sc01,09-01 13:00:00+02:00,ST NG 05,0.0
2030,sc01,09-01 13:00:00+02:00,CT NG 07,0.0
2030,sc01,09-01 13:00:00+02:00,Wind 01,0.30646249956
2030,sc01,09-01 13:00:00+02:00,Solar 56,0.0
2030,sc01,09-01 13:00:00+02:00,Biomass 09,0.04914
2030,sc01,09-01 13:00:00+02:00,Biomass 53,0.15687000000000004
2030,sc01,09-01 13:00:00+02:00,Wind 17,5.4292645965599995
2030,sc01,09-01 13:00:00+02:00,ST NG 08,0.0
2030,sc01,09-01 13:00:00+02:00,Hydro 19,1.9494090000000002
2030,sc01,09-01 13:00:00+02:00,ST NG 02,0.0
2030,sc01,09-01 13:00:00+02:00,Biomass 01,0.06615000000000001
2030,sc01,09-01 13:00:00+02:00,Biomass 57,0.12788999999999998
2030,sc01,09-01 13:00:00+02:00,CT NG 49,0.0
2030,sc01,09-01 13:00:00+02:00,CT NG 31,0.0
2030,sc01,09-01 13:00:00+02:00,Solar 64,10.584000000000001
2030,sc01,09-01 13:00:00+02:00,CC NG 33,0.0
2030,sc01,09-01 13:00:00+02:00,Solar 46,0.0
2030,sc01,09-01 13:00:00+02:00,Biomass 12,0.023940000000000003
2030,sc01,09-01 13:00:00+02:00,Wind 04,0.22257940420800001
2030,sc01,09-01 13:00:00+02:00,Solar 13,0.103946877216
2030,sc01,09-01 13:00:00+02:00,CT NG 55,0.0
2030,sc01,09-01 13:00:00+02:00,Wind N03,208.81786911300003
2030,sc01,09-01 13:00:00+02:00,CT NG 28,0.0
2030,sc01,09-01 13:00:00+02:00,Wind 09,0.51680727756
2030,sc01,09-01 13:00:00+02:00,Solar 60,0.0
2030,sc01,09-01 13:00:00+02:00,Solar 25,0.7622606917800001
2030,sc01,09-01 13:00:00+02:00,CT NG 23,0.0
2030,sc01,09-01 13:00:00+02:00,ST Other 01,0.0
2030,sc01,09-01 13:00:00+02:00,Solar 70,74.763712674
2030,sc01,09-01 13:00:00+02:00,CC NG 34,0.0
2030,sc01,09-01 13:00:00+02:00,Solar 48,0.0
2030,sc01,09-01 13:00:00+02:00,Biomass 56,0.16065
2030,sc01,09-01 13:00:00+02:00,CT NG 36,0.0
2030,sc01,09-01 13:00:00+02:00,Solar 47,0.0
2030,sc01,09-01 13:00:00+02:00,Hydro 17,0.0
2030,sc01,09-01 13:00:00+02:00,Solar 09,0.0
2030,sc01,09-01 13:00:00+02:00,Solar 08,0.0
2030,sc01,09-01 13:00:00+02:00,CT NG 45,0.0
2030,sc01,09-01 13:00:00+02:00,ST NG 04,0.0
2030,sc01,09-01 13:00:00+02:00,Solar 40,0.0
2030,sc01,09-01 13:00:00+02:00,Biomass 47,0.0
2030,sc01,09-01 13:00:00+02:00,Solar 50,0.0
2030,sc01,09-01 13:00:00+02:00,Solar 52,0.0
2030,sc01,09-01 13:00:00+02:00,Solar 63,25.992633788100004
2030,sc01,09-01 13:00:00+02:00,CC NG 06,0.0
2030,sc01,09-01 13:00:00+02:00,Biomass 39,0.0
2030,sc01,09-01 13:00:00+02:00,Solar 67,0.0
2030,sc01,09-01 13:00:00+02:00,Solar 19,0.039313176336000004
2030,sc01,09-01 13:00:00+02:00,Wind 12,3.57321889827
2030,sc01,09-01 13:00:00+02:00,Solar 24,0.568533513744
2030,sc01,09-01 13:00:00+02:00,ICE NG 02,0.0
2030,sc01,09-01 13:00:00+02:00,Solar 05,0.0
2030,sc01,09-01 13:00:00+02:00,CT NG 54,0.0
2030,sc01,09-01 13:00:00+02:00,Wind N01,33.899769036
2030,sc01,09-01 13:00:00+02:00,CT NG 27,0.0
2030,sc01,09-01 13:00:00+02:00,CC NG 36,0.0
2030,sc01,09-01 13:00:00+02:00,Wind N02,75.36824524977278
2030,sc01,09-01 13:00:00+02:00,CT NG 52,0.0
2030,sc01,09-01 13:00:00+02:00,Solar 35,0.0
2030,sc01,09-01 13:00:00+02:00,CT NG 05,0.0
2030,sc01,09-01 13:00:00+02:00,Biomass 36,0.0
2030,sc01,09-01 13:00:00+02:00,CT NG 34,0.0
2030,sc01,09-01 13:00:00+02:00,CT Oil 03,0.0
2030,sc01,09-01 13:00:00+02:00,Hydro 35,0.0
2030,sc01,09-01 13:00:00+02:00,Solar 14,4.60353850803
2030,sc01,09-01 13:00:00+02:00,CT NG 75,0.0
2030,sc01,09-01 13:00:00+02:00,ST NG 09,0.0
2030,sc01,09-01 13:00:00+02:00,CT NG 56,0.0
2030,sc01,09-01 13:00:00+02:00,Biomass 22,0.02331
2030,sc01,09-01 13:00:00+02:00,Solar 18,4.855642265249999
2030,sc01,09-01 13:00:00+02:00,Biomass 13,0.023940000000000003
2030,sc01,09-01 13:00:00+02:00,CT NG 71,0.0
2030,sc01,09-01 13:00:00+02:00,Solar 58,0.0
2030,sc01,09-01 13:00:00+02:00,Solar 06,1.940248090791788
2030,sc01,09-01 13:00:00+02:00,Biomass 08,0.04914
2030,sc01,09-01 13:00:00+02:00,CT NG 72,0.0
2030,sc01,09-01 13:00:00+02:00,Hydro 18,0.0
2030,sc01,09-01 13:00:00+02:00,Solar 10,3.42644705802
2030,sc01,09-01 13:00:00+02:00,CT NG 04,0.0
2030,sc01,09-01 13:00:00+02:00,ST Other 02,0.0
2030,sc01,09-01 13:00:00+02:00,CT NG 12,0.0
2030,sc01,09-01 13:00:00+02:00,CT NG 48,0.0
2030,sc01,09-01 13:00:00+02:00,ST NG 10,0.0
2030,sc01,09-01 13:00:00+02:00,Solar 22,3.47417291403
2030,sc01,09-01 13:00:00+02:00,Solar 28,3.10898019474
2030,sc01,09-01 13:00:00+02:00,CT NG 73,0.0
2030,sc01,09-01 13:00:00+02:00,Biomass 52,0.0
2030,sc01,09-01 13:00:00+02:00,CT NG 30,0.0
2030,sc01,09-01 13:00:00+02:00,Solar 54,0.0
2030,sc01,09-01 13:00:00+02:00,Solar 31,0.0
2030,sc01,09-01 13:00:00+02:00,Biomass 03,0.0
2030,sc01,09-01 13:00:00+02:00,CT NG 32,0.0
2030,sc01,09-01 13:00:00+02:00,Biomass 27,0.10647
2030,sc01,09-01 13:00:00+02:00,CC NG 14,0.0
2030,sc01,09-01 13:00:00+02:00,CC NG 03,0.0
2030,sc01,09-01 13:00:00+02:00,CC NG 29,0.0
2030,sc01,09-01 13:00:00+02:00,CC NG 28,0.0
2030,sc01,09-01 13:00:00+02:00,CC NG 25,0.0
2030,sc01,09-01 13:00:00+02:00,CT NG 44,0.0
2030,sc01,09-01 13:00:00+02:00,CT NG 14,1.3186152
2030,sc01,09-01 13:00:00+02:00,CC NG 15,0.0
2030,sc01,09-01 13:00:00+02:00,CC NG 04,0.0
2030,sc01,09-01 13:00:00+02:00,Biomass 29,0.10647
2030,sc01,09-01 13:00:00+02:00,Wind 14,37.6849462752
2030,sc01,09-01 13:00:00+02:00,Wind 08,0.406574367696
2030,sc01,09-01 13:00:00+02:00,Biomass 61,0.0
2030,sc01,09-01 13:00:00+02:00,CT NG 35,0.0
2030,sc01,09-01 13:00:00+02:00,Solar 33,0.0
2030,sc01,09-01 13:00:00+02:00,CT NG 41,0.0
2030,sc01,09-01 13:00:00+02:00,CT NG 15,0.0
2030,sc01,09-01 13:00:00+02:00,Solar 42,0.0
2030,sc01,09-01 13:00:00+02:00,Solar 07,0.0
2030,sc01,09-01 13:00:00+02:00,Solar 43,0.0
2030,sc01,09-01 13:00:00+02:00,Biomass 05,0.028350000000000004
2030,sc01,09-01 13:00:00+02:00,CT NG 29,0.0
2030,sc01,09-01 13:00:00+02:00,Solar 71,10.964042287515548
2030,sc01,09-01 13:00:00+02:00,CT NG 53,0.0
2030,sc01,09-01 13:00:00+02:00,CT NG 20,0.0
2030,sc01,09-01 13:00:00+02:00,Biomass 14,0.05292
2030,sc01,09-01 13:00:00+02:00,Solar 26,0.70590662415
2030,sc01,09-01 13:00:00+02:00,Hydro 29,0.0
2030,sc01,09-01 13:00:00+02:00,Hydro 31,0.012080880000000002
2030,sc01,09-01 13:00:00+02:00,Biomass 24,0.028350000000000004
2030,sc01,09-01 13:00:00+02:00,Biomass 54,0.15687000000000004
2030,sc01,09-01 13:00:00+02:00,Solar 36,6.341037869834649
2030,sc01,09-01 13:00:00+02:00,Wind 03,0.45014750625600003
2030,sc01,09-01 13:00:00+02:00,Biomass 40,0.0
2030,sc01,09-01 13:00:00+02:00,Biomass 49,0.0
2030,sc01,09-01 13:00:00+02:00,CC NG 16,3.5393136445368047
2030,sc01,09-01 13:00:00+02:00,Biomass 48,0.0
2030,sc01,09-01 13:00:00+02:00,Hydro 28,0.0
2030,sc01,09-01 13:00:00+02:00,Biomass 17,0.0
2030,sc01,09-01 13:00:00+02:00,CT NG 33,0.0
2030,sc01,09-01 13:00:00+02:00,Solar 45,0.0
2030,sc01,09-01 13:00:00+02:00,Hydro 24,4.163241600000001
2030,sc01,09-01 13:00:00+02:00,Wind 13,1.86672450762
2030,sc01,09-01 13:00:00+02:00,Biomass 07,0.126
2030,sc01,09-01 13:00:00+02:00,Biomass 34,0.0
2030,sc01,09-01 13:00:00+02:00,Biomass 33,0.0
2030,sc01,09-01 13:00:00+02:00,CT NG 01,1.5505938000000001
2030,sc01,09-01 13:00:00+02:00,ICE NG 03,0.0
2030,sc01,09-01 13:00:00+02:00,Solar 55,0.0
2030,sc01,09-01 13:00:00+02:00,Solar 11,0.77977433709
2030,sc01,09-01 13:00:00+02:00,CT NG 06,0.0
2030,sc01,09-01 13:00:00+02:00,CT NG 70,0.0
2030,sc01,09-01 13:00:00+02:00,Solar 23,0.11546208223200001
2030,sc01,09-01 13:00:00+02:00,CT NG 67,0.0
2030,sc01,09-01 13:00:00+02:00,Solar 12,0.603627717672
2030,sc01,09-01 13:00:00+02:00,CT Oil 01,0.0
2030,sc01,09-01 13:00:00+02:00,Hydro 26,1.1778858
2030,sc01,09-01 13:00:00+02:00,CC NG 22,0.0
2030,sc01,09-01 13:00:00+02:00,CC NG 35,0.0
2030,sc01,09-01 13:00:00+02:00,Biomass 50,0.0
2030,sc01,09-01 13:00:00+02:00,ICE NG 04,0.0
2030,sc01,09-01 13:00:00+02:00,CC NG 39,0.0
2030,sc01,09-01 13:00:00+02:00,Hydro 32,0.014497056000000001
2030,sc01,09-01 13:00:00+02:00,ICE NG 07,0.0
2030,sc01,09-01 13:00:00+02:00,Biomass 46,0.0
2030,sc01,09-01 13:00:00+02:00,CC NG 38,0.0
2030,sc01,09-01 13:00:00+02:00,CC NG 12,0.0
2030,sc01,09-01 13:00:00+02:00,Solar 57,0.0
2030,sc01,09-01 13:00:00+02:00,CC NG 32,0.0
2030,sc01,09-01 13:00:00+02:00,CC NG 07,0.0
2030,sc01,09-01 13:00:00+02:00,Biomass 44,0.0
2030,sc01,09-01 13:00:00+02:00,CT NG 40,0.0
2030,sc01,09-01 13:00:00+02:00,Solar 74,0.0
2030,sc01,09-01 13:00:00+02:00,Hydro 30,0.0
2030,sc01,09-01 13:00:00+02:00,CT NG 42,0.0
2030,sc01,09-01 13:00:00+02:00,Hydro 22,2.17136997
2030,sc01,09-01 13:00:00+02:00,Solar 17,1.18395519165
2030,sc01,09-01 13:00:00+02:00,Solar 38,0.0
2030,sc01,09-01 13:00:00+02:00,CT NG 24,0.0
2030,sc01,09-01 13:00:00+02:00,CC NG 27,0.0
2030,sc01,09-01 13:00:00+02:00,Biomass 21,0.02331
2030,sc01,09-01 13:00:00+02:00,ICE NG 06,0.0
2030,sc01,09-01 13:00:00+02:00,Biomass 25,0.028350000000000004
2030,sc01,09-01 13:00:00+02:00,Solar 27,0.43967610136800006
2030,sc01,09-01 13:00:00+02:00,CT NG 19,0.0
2030,sc01,09-01 13:00:00+02:00,Biomass 42,0.0
2030,sc01,09-01 13:00:00+02:00,Biomass 19,0.02331
2030,sc01,09-01 13:00:00+02:00,Biomass 06,0.028350000000000004
2030,sc01,09-01 13:00:00+02:00,CT NG 10,0.0
2030,sc01,09-01 13:00:00+02:00,CC NG 40,0.0
2030,sc01,09-01 13:00:00+02:00,CC NG 21,0.0
2030,sc01,09-01 13:00:00+02:00,Biomass 02,0.06615000000000001
2030,sc01,09-01 13:00:00+02:00,CT NG 46,0.0
2030,sc01,09-01 13:00:00+02:00,Hydro 34,4.31048268
2030,sc01,09-01 13:00:00+02:00,Biomass 10,0.04914
2030,sc01,09-01 13:00:00+02:00,CT NG 17,0.0
2030,sc01,09-01 13:00:00+02:00,Biomass 62,0.11781000000000001
2030,sc01,09-01 13:00:00+02:00,Biomass 32,0.07559999999999999
2030,sc01,09-01 13:00:00+02:00,CC NG 19,8.52894
2030,sc01,09-01 13:00:00+02:00,CC NG 17,0.0
2030,sc01,09-01 13:00:00+02:00,ST NG 01,0.0
2030,sc01,09-01 13:00:00+02:00,Biomass 45,0.0
2030,sc01,09-01 13:00:00+02:00,Biomass 28,0.10647
2030,sc01,09-01 13:00:00+02:00,CC NG 10,0.0
2030,sc01,09-01 13:00:00+02:00,Biomass 23,0.028350000000000004
2030,sc01,09-01 13:00:00+02:00,ST NG 06,0.0
2030,sc01,09-01 13:00:00+02:00,Wind 10,0.50162186088
2030,sc01,09-01 13:00:00+02:00,CT NG 69,0.0
2030,sc01,09-01 13:00:00+02:00,CT NG 68,0.0
2030,sc01,09-02 09:00:00+02:00,CC NG 13,0.0
2030,sc01,09-02 09:00:00+02:00,CT NG 37,0.0
2030,sc01,09-02 09:00:00+02:00,ST Coal 01,0.0
2030,sc01,09-02 09:00:00+02:00,CT NG 09,0.0
2030,sc01,09-02 09:00:00+02:00,CT NG 47,0.0
2030,sc01,09-02 09:00:00+02:00,Solar 69,0.0
2030,sc01,09-02 09:00:00+02:00,Solar 34,0.0
2030,sc01,09-02 09:00:00+02:00,Solar 73,0.0
2030,sc01,09-02 09:00:00+02:00,Biomass 37,0.0
2030,sc01,09-02 09:00:00+02:00,Hydro 20,0.7408043999999999
2030,sc01,09-02 09:00:00+02:00,Solar 01,16.879865184
2030,sc01,09-02 09:00:00+02:00,Solar 62,0.0
2030,sc01,09-02 09:00:00+02:00,Solar 02,9.90489528
2030,sc01,09-02 09:00:00+02:00,CT NG 26,0.0
2030,sc01,09-02 09:00:00+02:00,Biomass 20,0.013300000000000001
2030,sc01,09-02 09:00:00+02:00,Wind 16,0.8487558919
2030,sc01,09-02 09:00:00+02:00,CT NG 66,0.0
2030,sc01,09-02 09:00:00+02:00,Solar 39,0.0
2030,sc01,09-02 09:00:00+02:00,Biomass 41,0.0
2030,sc01,09-02 09:00:00+02:00,Solar 72,0.0
2030,sc01,09-02 09:00:00+02:00,ST NG 03,0.0
2030,sc01,09-02 09:00:00+02:00,Hydro 21,0.7408043999999999
2030,sc01,09-02 09:00:00+02:00,CT NG 03,0.0
2030,sc01,09-02 09:00:00+02:00,CC NG 09,0.0
2030,sc01,09-02 09:00:00+02:00,CT Oil 02,0.0
2030,sc01,09-02 09:00:00+02:00,CT NG 39,0.0
2030,sc01,09-02 09:00:00+02:00,CC NG 08,0.0
2030,sc01,09-02 09:00:00+02:00,Biomass 43,0.0
2030,sc01,09-02 09:00:00+02:00,CT NG 18,0.0
2030,sc01,09-02 09:00:00+02:00,ST NG 07,0.0
2030,sc01,09-02 09:00:00+02:00,Biomass 35,0.0
2030,sc01,09-02 09:00:00+02:00,Solar 32,34.460934732000005
2030,sc01,09-02 09:00:00+02:00,Biomass 15,0.007350000000000001
2030,sc01,09-02 09:00:00+02:00,CC NG 31,0.0
2030,sc01,09-02 09:00:00+02:00,Solar 16,1.17443862655
2030,sc01,09-02 09:00:00+02:00,Solar 68,21.913385432146796
2030,sc01,09-02 09:00:00+02:00,CT NG 21,0.0
2030,sc01,09-02 09:00:00+02:00,Wind 11,0.4590975711
2030,sc01,09-02 09:00:00+02:00,CC NG 37,0.0
2030,sc01,09-02 09:00:00+02:00,CT NG 22,0.0
2030,sc01,09-02 09:00:00+02:00,Hydro 16,0.0139524
2030,sc01,09-02 09:00:00+02:00,Biomass 59,0.14490000000000003
2030,sc01,09-02 09:00:00+02:00,CC NG 01,0.0
2030,sc01,09-02 09:00:00+02:00,Biomass 16,0.007350000000000001
2030,sc01,09-02 09:00:00+02:00,Solar 03,5.514700960999999
2030,sc01,09-02 09:00:00+02:00,Solar 44,0.0
2030,sc01,09-02 09:00:00+02:00,CT NG 08,0.0
2030,sc01,09-02 09:00:00+02:00,Wind 05,0.02273606412
2030,sc01,09-02 09:00:00+02:00,Biomass 26,0.05985
2030,sc01,09-02 09:00:00+02:00,Solar 37,0.0
2030,sc01,09-02 09:00:00+02:00,Biomass 11,0.01295
2030,sc01,09-02 09:00:00+02:00,Solar 59,0.0
2030,sc01,09-02 09:00:00+02:00,CT NG 11,0.0
2030,sc01,09-02 09:00:00+02:00,Biomass 30,0.05985
2030,sc01,09-02 09:00:00+02:00,Hydro 23,0.0
2030,sc01,09-02 09:00:00+02:00,CC NG 24,0.0
2030,sc01,09-02 09:00:00+02:00,Solar 65,11.150631415000001
2030,sc01,09-02 09:00:00+02:00,CC NG 18,0.0
2030,sc01,09-02 09:00:00+02:00,CT NG 16,0.0
2030,sc01,09-02 09:00:00+02:00,Solar 51,0.0
2030,sc01,09-02 09:00:00+02:00,Wind 06,0.73117196215
2030,sc01,09-02 09:00:00+02:00,CC NG 26,0.0
2030,sc01,09-02 09:00:00+02:00,CC NG 23,0.0
2030,sc01,09-02 09:00:00+02:00,CT NG 43,0.0
2030,sc01,09-02 09:00:00+02:00,CC NG 11,0.0
2030,sc01,09-02 09:00:00+02:00,CT NG 02,0.0
2030,sc01,09-02 09:00:00+02:00,CT NG 50,0.0
2030,sc01,09-02 09:00:00+02:00,Hydro 27,0.0
2030,sc01,09-02 09:00:00+02:00,CT NG 13,0.21947859622202498
2030,sc01,09-02 09:00:00+02:00,CT NG 25,0.0
2030,sc01,09-02 09:00:00+02:00,CC NG 05,0.0
2030,sc01,09-02 09:00:00+02:00,Solar 04,0.93041850195
2030,sc01,09-02 09:00:00+02:00,Solar 30,1.1325246625
2030,sc01,09-02 09:00:00+02:00,Solar 29,1.3355891549
2030,sc01,09-02 09:00:00+02:00,Solar 53,0.0
2030,sc01,09-02 09:00:00+02:00,Solar 21,3.530360897
2030,sc01,09-02 09:00:00+02:00,Biomass 58,0.0714
2030,sc01,09-02 09:00:00+02:00,CT NG 74,0.0
2030,sc01,09-02 09:00:00+02:00,Solar 61,0.0
2030,sc01,09-02 09:00:00+02:00,Wind 07,0.4210129413
2030,sc01,09-02 09:00:00+02:00,Biomass 31,0.05985
2030,sc01,09-02 09:00:00+02:00,CT Oil 05,0.0
2030,sc01,09-02 09:00:00+02:00,Biomass 38,0.0
2030,sc01,09-02 09:00:00+02:00,Solar 41,0.0
2030,sc01,09-02 09:00:00+02:00,Biomass 51,0.0
2030,sc01,09-02 09:00:00+02:00,Biomass 55,0.0924
2030,sc01,09-02 09:00:00+02:00,Wind 15,0.29767446212
2030,sc01,09-02 09:00:00+02:00,Geo 01,0.0
2030,sc01,09-02 09:00:00+02:00,Biomass 60,0.0945
2030,sc01,09-02 09:00:00+02:00,CT NG 38,0.0
2030,sc01,09-02 09:00:00+02:00,Solar 66,25.424368618968078
2030,sc01,09-02 09:00:00+02:00,Solar 49,0.0
2030,sc01,09-02 09:00:00+02:00,CT NG 51,0.0
2030,sc01,09-02 09:00:00+02:00,Biomass 18,0.007350000000000001
2030,sc01,09-02 09:00:00+02:00,ICE NG 01,0.0
2030,sc01,09-02 09:00:00+02:00,Solar 15,2.01898140045
2030,sc01,09-02 09:00:00+02:00,ICE NG 05,0.0
2030,sc01,09-02 09:00:00+02:00,CT Oil 04,0.0
2030,sc01,09-02 09:00:00+02:00,CC NG 20,0.0
2030,sc01,09-02 09:00:00+02:00,Solar 20,1.6398097079
2030,sc01,09-02 09:00:00+02:00,Biomass 04,0.0
2030,sc01,09-02 09:00:00+02:00,Wind 02,1.4261075885
2030,sc01,09-02 09:00:00+02:00,Hydro 25,0.0
2030,sc01,09-02 09:00:00+02:00,Solar 75,7.196994385
2030,sc01,09-02 09:00:00+02:00,Hydro 33,0.0
2030,sc01,09-02 09:00:00+02:00,ST NG 05,0.0
2030,sc01,09-02 09:00:00+02:00,CT NG 07,0.0
2030,sc01,09-02 09:00:00+02:00,Wind 01,0.25952514196
2030,sc01,09-02 09:00:00+02:00,Solar 56,0.0
2030,sc01,09-02 09:00:00+02:00,Biomass 09,0.0301
2030,sc01,09-02 09:00:00+02:00,Biomass 53,0.0924
2030,sc01,09-02 09:00:00+02:00,Wind 17,9.262172895500001
2030,sc01,09-02 09:00:00+02:00,ST NG 08,0.0
2030,sc01,09-02 09:00:00+02:00,Hydro 19,0.0
2030,sc01,09-02 09:00:00+02:00,ST NG 02,0.0
2030,sc01,09-02 09:00:00+02:00,Biomass 01,0.03885
2030,sc01,09-02 09:00:00+02:00,Biomass 57,0.0714
2030,sc01,09-02 09:00:00+02:00,CT NG 49,0.0
2030,sc01,09-02 09:00:00+02:00,CT NG 31,0.0
2030,sc01,09-02 09:00:00+02:00,Solar 64,5.854069711000001
2030,sc01,09-02 09:00:00+02:00,CC NG 33,0.0
2030,sc01,09-02 09:00:00+02:00,Solar 46,0.0
2030,sc01,09-02 09:00:00+02:00,Biomass 12,0.01295
2030,sc01,09-02 09:00:00+02:00,Wind 04,0.39037191619999995
2030,sc01,09-02 09:00:00+02:00,Solar 13,0.05068375928
2030,sc01,09-02 09:00:00+02:00,CT NG 55,0.0
2030,sc01,09-02 09:00:00+02:00,Wind N03,110.74350451137722
2030,sc01,09-02 09:00:00+02:00,CT NG 28,0.0
2030,sc01,09-02 09:00:00+02:00,Wind 09,0.24737395116
2030,sc01,09-02 09:00:00+02:00,Solar 60,0.0
2030,sc01,09-02 09:00:00+02:00,Solar 25,0.3716729009
2030,sc01,09-02 09:00:00+02:00,CT NG 23,0.0
2030,sc01,09-02 09:00:00+02:00,ST Other 01,0.0
2030,sc01,09-02 09:00:00+02:00,Solar 70,17.791516197000004
2030,sc01,09-02 09:00:00+02:00,CC NG 34,0.0
2030,sc01,09-02 09:00:00+02:00,Solar 48,0.0
2030,sc01,09-02 09:00:00+02:00,Biomass 56,0.09170000000000002
2030,sc01,09-02 09:00:00+02:00,CT NG 36,0.0
2030,sc01,09-02 09:00:00+02:00,Solar 47,0.0
2030,sc01,09-02 09:00:00+02:00,Hydro 17,0.0
2030,sc01,09-02 09:00:00+02:00,Solar 09,2.4633620921
2030,sc01,09-02 09:00:00+02:00,Solar 08,0.0
2030,sc01,09-02 09:00:00+02:00,CT NG 45,0.0
2030,sc01,09-02 09:00:00+02:00,ST NG 04,0.0
2030,sc01,09-02 09:00:00+02:00,Solar 40,0.0
2030,sc01,09-02 09:00:00+02:00,Biomass 47,0.0
2030,sc01,09-02 09:00:00+02:00,Solar 50,0.0
2030,sc01,09-02 09:00:00+02:00,Solar 52,0.0
2030,sc01,09-02 09:00:00+02:00,Solar 63,12.5015483005
2030,sc01,09-02 09:00:00+02:00,CC NG 06,0.0
2030,sc01,09-02 09:00:00+02:00,Biomass 39,0.0
2030,sc01,09-02 09:00:00+02:00,Solar 67,0.0
2030,sc01,09-02 09:00:00+02:00,Solar 19,0.019168825480000002
2030,sc01,09-02 09:00:00+02:00,Wind 12,4.012240183
2030,sc01,09-02 09:00:00+02:00,Solar 24,0.27721290464000004
2030,sc01,09-02 09:00:00+02:00,ICE NG 02,0.0
2030,sc01,09-02 09:00:00+02:00,Solar 05,0.0
2030,sc01,09-02 09:00:00+02:00,CT NG 54,0.0
2030,sc01,09-02 09:00:00+02:00,Wind N01,38.06484276
2030,sc01,09-02 09:00:00+02:00,CT NG 27,0.0
2030,sc01,09-02 09:00:00+02:00,CC NG 36,0.0
2030,sc01,09-02 09:00:00+02:00,Wind N02,24.042984521500003
2030,sc01,09-02 09:00:00+02:00,CT NG 52,0.0
2030,sc01,09-02 09:00:00+02:00,Solar 35,0.0
2030,sc01,09-02 09:00:00+02:00,CT NG 05,0.0
2030,sc01,09-02 09:00:00+02:00,Biomass 36,0.0
2030,sc01,09-02 09:00:00+02:00,CT NG 34,0.0
2030,sc01,09-02 09:00:00+02:00,CT Oil 03,0.0
2030,sc01,09-02 09:00:00+02:00,Hydro 35,0.00418572
2030,sc01,09-02 09:00:00+02:00,Solar 14,2.24465269
2030,sc01,09-02 09:00:00+02:00,CT NG 75,0.0
2030,sc01,09-02 09:00:00+02:00,ST NG 09,0.0
2030,sc01,09-02 09:00:00+02:00,CT NG 56,0.0
2030,sc01,09-02 09:00:00+02:00,Biomass 22,0.013300000000000001
2030,sc01,09-02 09:00:00+02:00,Solar 18,2.3675766919
2030,sc01,09-02 09:00:00+02:00,Biomass 13,0.01295
2030,sc01,09-02 09:00:00+02:00,CT NG 71,0.0
2030,sc01,09-02 09:00:00+02:00,Solar 58,0.0
2030,sc01,09-02 09:00:00+02:00,Solar 06,0.0
2030,sc01,09-02 09:00:00+02:00,Biomass 08,0.0301
2030,sc01,09-02 09:00:00+02:00,CT NG 72,0.0
2030,sc01,09-02 09:00:00+02:00,Hydro 18,0.0
2030,sc01,09-02 09:00:00+02:00,Solar 10,1.5795253859000002
2030,sc01,09-02 09:00:00+02:00,CT NG 04,0.0
2030,sc01,09-02 09:00:00+02:00,ST Other 02,0.0
2030,sc01,09-02 09:00:00+02:00,CT NG 12,0.0
2030,sc01,09-02 09:00:00+02:00,CT NG 48,0.0
2030,sc01,09-02 09:00:00+02:00,ST NG 10,0.0
2030,sc01,09-02 09:00:00+02:00,Solar 22,1.3891569650000002
2030,sc01,09-02 09:00:00+02:00,Solar 28,1.2431337177
2030,sc01,09-02 09:00:00+02:00,CT NG 73,0.0
2030,sc01,09-02 09:00:00+02:00,Biomass 52,0.0
2030,sc01,09-02 09:00:00+02:00,CT NG 30,0.0
2030,sc01,09-02 09:00:00+02:00,Solar 54,0.0
2030,sc01,09-02 09:00:00+02:00,Solar 31,0.0
2030,sc01,09-02 09:00:00+02:00,Biomass 03,0.0
2030,sc01,09-02 09:00:00+02:00,CT NG 32,0.0
2030,sc01,09-02 09:00:00+02:00,Biomass 27,0.05985
2030,sc01,09-02 09:00:00+02:00,CC NG 14,0.0
2030,sc01,09-02 09:00:00+02:00,CC NG 03,0.0
2030,sc01,09-02 09:00:00+02:00,CC NG 29,0.0
2030,sc01,09-02 09:00:00+02:00,CC NG 28,0.0
2030,sc01,09-02 09:00:00+02:00,CC NG 25,0.0
2030,sc01,09-02 09:00:00+02:00,CT NG 44,0.0
2030,sc01,09-02 09:00:00+02:00,CT NG 14,0.732564
2030,sc01,09-02 09:00:00+02:00,CC NG 15,0.0
2030,sc01,09-02 09:00:00+02:00,CC NG 04,0.0
2030,sc01,09-02 09:00:00+02:00,Biomass 29,0.05985
2030,sc01,09-02 09:00:00+02:00,Wind 14,3.2832992136
2030,sc01,09-02 09:00:00+02:00,Wind 08,0.35009403275
2030,sc01,09-02 09:00:00+02:00,Biomass 61,0.0
2030,sc01,09-02 09:00:00+02:00,CT NG 35,0.0
2030,sc01,09-02 09:00:00+02:00,Solar 33,1.3294604149690765
2030,sc01,09-02 09:00:00+02:00,CT NG 41,0.0
2030,sc01,09-02 09:00:00+02:00,CT NG 15,0.0
2030,sc01,09-02 09:00:00+02:00,Solar 42,0.0
2030,sc01,09-02 09:00:00+02:00,Solar 07,0.0
2030,sc01,09-02 09:00:00+02:00,Solar 43,0.0
2030,sc01,09-02 09:00:00+02:00,Biomass 05,0.0168
2030,sc01,09-02 09:00:00+02:00,CT NG 29,0.0
2030,sc01,09-02 09:00:00+02:00,Solar 71,16.5202662205
2030,sc01,09-02 09:00:00+02:00,CT NG 53,0.0
2030,sc01,09-02 09:00:00+02:00,CT NG 20,0.0
2030,sc01,09-02 09:00:00+02:00,Biomass 14,0.0287
2030,sc01,09-02 09:00:00+02:00,Solar 26,0.34419505763999997
2030,sc01,09-02 09:00:00+02:00,Hydro 29,0.0
2030,sc01,09-02 09:00:00+02:00,Hydro 31,0.0069762
2030,sc01,09-02 09:00:00+02:00,Biomass 24,0.0161
2030,sc01,09-02 09:00:00+02:00,Biomass 54,0.0924
2030,sc01,09-02 09:00:00+02:00,Solar 36,22.233870806211712
2030,sc01,09-02 09:00:00+02:00,Wind 03,0.7054810591499999
2030,sc01,09-02 09:00:00+02:00,Biomass 40,0.0
2030,sc01,09-02 09:00:00+02:00,Biomass 49,0.0
2030,sc01,09-02 09:00:00+02:00,CC NG 16,0.0
2030,sc01,09-02 09:00:00+02:00,Biomass 48,0.0
2030,sc01,09-02 09:00:00+02:00,Hydro 28,17.200008463415188
2030,sc01,09-02 09:00:00+02:00,Biomass 17,0.007350000000000001
2030,sc01,09-02 09:00:00+02:00,CT NG 33,0.0
2030,sc01,09-02 09:00:00+02:00,Solar 45,0.0
2030,sc01,09-02 09:00:00+02:00,Hydro 24,0.0
2030,sc01,09-02 09:00:00+02:00,Wind 13,2.4281867774500006
2030,sc01,09-02 09:00:00+02:00,Biomass 07,0.07
2030,sc01,09-02 09:00:00+02:00,Biomass 34,0.0
2030,sc01,09-02 09:00:00+02:00,Biomass 33,0.0
2030,sc01,09-02 09:00:00+02:00,CT NG 01,0.861441
2030,sc01,09-02 09:00:00+02:00,ICE NG 03,0.0
2030,sc01,09-02 09:00:00+02:00,Solar 55,0.0
2030,sc01,09-02 09:00:00+02:00,Solar 11,0.38021243015
2030,sc01,09-02 09:00:00+02:00,CT NG 06,0.0
2030,sc01,09-02 09:00:00+02:00,CT NG 70,0.0
2030,sc01,09-02 09:00:00+02:00,Solar 23,0.056298491480000004
2030,sc01,09-02 09:00:00+02:00,CT NG 67,0.0
2030,sc01,09-02 09:00:00+02:00,Solar 12,0.29432458916
2030,sc01,09-02 09:00:00+02:00,CT Oil 01,0.0
2030,sc01,09-02 09:00:00+02:00,Hydro 26,0.0
2030,sc01,09-02 09:00:00+02:00,CC NG 22,0.0
2030,sc01,09-02 09:00:00+02:00,CC NG 35,0.0
2030,sc01,09-02 09:00:00+02:00,Biomass 50,0.0
2030,sc01,09-02 09:00:00+02:00,ICE NG 04,0.0
2030,sc01,09-02 09:00:00+02:00,CC NG 39,0.0
2030,sc01,09-02 09:00:00+02:00,Hydro 32,0.00837144
2030,sc01,09-02 09:00:00+02:00,ICE NG 07,0.0
2030,sc01,09-02 09:00:00+02:00,Biomass 46,0.0
2030,sc01,09-02 09:00:00+02:00,CC NG 38,0.0
2030,sc01,09-02 09:00:00+02:00,CC NG 12,0.0
2030,sc01,09-02 09:00:00+02:00,Solar 57,0.0
2030,sc01,09-02 09:00:00+02:00,CC NG 32,0.0
2030,sc01,09-02 09:00:00+02:00,CC NG 07,0.0
2030,sc01,09-02 09:00:00+02:00,Biomass 44,0.0
2030,sc01,09-02 09:00:00+02:00,CT NG 40,0.0
2030,sc01,09-02 09:00:00+02:00,Solar 74,7.0
2030,sc01,09-02 09:00:00+02:00,Hydro 30,0.0
2030,sc01,09-02 09:00:00+02:00,CT NG 42,0.0
2030,sc01,09-02 09:00:00+02:00,Hydro 22,0.7408043999999999
2030,sc01,09-02 09:00:00+02:00,Solar 17,0.57728814535
2030,sc01,09-02 09:00:00+02:00,Solar 38,0.0
2030,sc01,09-02 09:00:00+02:00,CT NG 24,0.0
2030,sc01,09-02 09:00:00+02:00,CC NG 27,0.0
2030,sc01,09-02 09:00:00+02:00,Biomass 21,0.013300000000000001
2030,sc01,09-02 09:00:00+02:00,ICE NG 06,0.0
2030,sc01,09-02 09:00:00+02:00,Biomass 25,0.0161
2030,sc01,09-02 09:00:00+02:00,Solar 27,0.19132358476
2030,sc01,09-02 09:00:00+02:00,CT NG 19,0.0
2030,sc01,09-02 09:00:00+02:00,Biomass 42,0.0
2030,sc01,09-02 09:00:00+02:00,Biomass 19,0.013300000000000001
2030,sc01,09-02 09:00:00+02:00,Biomass 06,0.0168
2030,sc01,09-02 09:00:00+02:00,CT NG 10,0.0
2030,sc01,09-02 09:00:00+02:00,CC NG 40,0.0
2030,sc01,09-02 09:00:00+02:00,CC NG 21,0.0
2030,sc01,09-02 09:00:00+02:00,Biomass 02,0.03885
2030,sc01,09-02 09:00:00+02:00,CT NG 46,0.0
2030,sc01,09-02 09:00:00+02:00,Hydro 34,0.0
2030,sc01,09-02 09:00:00+02:00,Biomass 10,0.0301
2030,sc01,09-02 09:00:00+02:00,CT NG 17,0.0
2030,sc01,09-02 09:00:00+02:00,Biomass 62,0.0686
2030,sc01,09-02 09:00:00+02:00,Biomass 32,0.0441
2030,sc01,09-02 09:00:00+02:00,CC NG 19,0.0
2030,sc01,09-02 09:00:00+02:00,CC NG 17,0.0
2030,sc01,09-02 09:00:00+02:00,ST NG 01,0.0
2030,sc01,09-02 09:00:00+02:00,Biomass 45,0.0
2030,sc01,09-02 09:00:00+02:00,Biomass 28,0.05985
2030,sc01,09-02 09:00:00+02:00,CC NG 10,0.0
2030,sc01,09-02 09:00:00+02:00,Biomass 23,0.0161
2030,sc01,09-02 09:00:00+02:00,ST NG 06,0.0
2030,sc01,09-02 09:00:00+02:00,Wind 10,0.29802864504
2030,sc01,09-02 09:00:00+02:00,CT NG 69,0.0
2030,sc01,09-02 09:00:00+02:00,CT NG 68,0.0
2030,sc01,09-02 19:00:00+02:00,CC NG 13,0.0
2030,sc01,09-02 19:00:00+02:00,CT NG 37,0.0
2030,sc01,09-02 19:00:00+02:00,ST Coal 01,0.0
2030,sc01,09-02 19:00:00+02:00,CT NG 09,0.0
2030,sc01,09-02 19:00:00+02:00,CT NG 47,0.0
2030,sc01,09-02 19:00:00+02:00,Solar 69,0.0
2030,sc01,09-02 19:00:00+02:00,Solar 34,0.0
2030,sc01,09-02 19:00:00+02:00,Solar 73,0.0
2030,sc01,09-02 19:00:00+02:00,Biomass 37,0.0289
2030,sc01,09-02 19:00:00+02:00,Hydro 20,0.0
2030,sc01,09-02 19:00:00+02:00,Solar 01,0.0
2030,sc01,09-02 19:00:00+02:00,Solar 62,0.0
2030,sc01,09-02 19:00:00+02:00,Solar 02,0.0
2030,sc01,09-02 19:00:00+02:00,CT NG 26,0.0
2030,sc01,09-02 19:00:00+02:00,Biomass 20,0.012920000000000001
2030,sc01,09-02 19:00:00+02:00,Wind 16,5.852187303039782
2030,sc01,09-02 19:00:00+02:00,CT NG 66,0.0
2030,sc01,09-02 19:00:00+02:00,Solar 39,0.0
2030,sc01,09-02 19:00:00+02:00,Biomass 41,0.048620000000000003
2030,sc01,09-02 19:00:00+02:00,Solar 72,0.0
2030,sc01,09-02 19:00:00+02:00,ST NG 03,0.0
2030,sc01,09-02 19:00:00+02:00,Hydro 21,1.13796504
2030,sc01,09-02 19:00:00+02:00,CT NG 03,0.0
2030,sc01,09-02 19:00:00+02:00,CC NG 09,0.0
2030,sc01,09-02 19:00:00+02:00,CT Oil 02,0.0
2030,sc01,09-02 19:00:00+02:00,CT NG 39,0.0
2030,sc01,09-02 19:00:00+02:00,CC NG 08,0.0
2030,sc01,09-02 19:00:00+02:00,Biomass 43,0.08432
2030,sc01,09-02 19:00:00+02:00,CT NG 18,0.12848939999999998
2030,sc01,09-02 19:00:00+02:00,ST NG 07,0.0
2030,sc01,09-02 19:00:00+02:00,Biomass 35,0.048960000000000004
2030,sc01,09-02 19:00:00+02:00,Solar 32,0.0
2030,sc01,09-02 19:00:00+02:00,Biomass 15,0.0071400000000000005
2030,sc01,09-02 19:00:00+02:00,CC NG 31,0.0
2030,sc01,09-02 19:00:00+02:00,Solar 16,0.0
2030,sc01,09-02 19:00:00+02:00,Solar 68,0.0
2030,sc01,09-02 19:00:00+02:00,CT NG 21,0.0
2030,sc01,09-02 19:00:00+02:00,Wind 11,1.82917415728
2030,sc01,09-02 19:00:00+02:00,CC NG 37,0.0
2030,sc01,09-02 19:00:00+02:00,CT NG 22,0.0
2030,sc01,09-02 19:00:00+02:00,Hydro 16,0.01361632
2030,sc01,09-02 19:00:00+02:00,Biomass 59,0.14076000000000002
2030,sc01,09-02 19:00:00+02:00,CC NG 01,0.0
2030,sc01,09-02 19:00:00+02:00,Biomass 16,0.0071400000000000005
2030,sc01,09-02 19:00:00+02:00,Solar 03,0.0
2030,sc01,09-02 19:00:00+02:00,Solar 44,0.0
2030,sc01,09-02 19:00:00+02:00,CT NG 08,0.0
2030,sc01,09-02 19:00:00+02:00,Wind 05,0.103606123008
2030,sc01,09-02 19:00:00+02:00,Biomass 26,0.05814
2030,sc01,09-02 19:00:00+02:00,Solar 37,0.0
2030,sc01,09-02 19:00:00+02:00,Biomass 11,0.01258
2030,sc01,09-02 19:00:00+02:00,Solar 59,0.0
2030,sc01,09-02 19:00:00+02:00,CT NG 11,0.0
2030,sc01,09-02 19:00:00+02:00,Biomass 30,0.05814
2030,sc01,09-02 19:00:00+02:00,Hydro 23,0.0
2030,sc01,09-02 19:00:00+02:00,CC NG 24,0.0
2030,sc01,09-02 19:00:00+02:00,Solar 65,0.0
2030,sc01,09-02 19:00:00+02:00,CC NG 18,0.0
2030,sc01,09-02 19:00:00+02:00,CT NG 16,0.0
2030,sc01,09-02 19:00:00+02:00,Solar 51,0.0
2030,sc01,09-02 19:00:00+02:00,Wind 06,1.9321121380600002
2030,sc01,09-02 19:00:00+02:00,CC NG 26,0.0
2030,sc01,09-02 19:00:00+02:00,CC NG 23,0.0
2030,sc01,09-02 19:00:00+02:00,CT NG 43,0.0
2030,sc01,09-02 19:00:00+02:00,CC NG 11,0.0
2030,sc01,09-02 19:00:00+02:00,CT NG 02,0.0
2030,sc01,09-02 19:00:00+02:00,CT NG 50,0.0
2030,sc01,09-02 19:00:00+02:00,Hydro 27,0.6637956
2030,sc01,09-02 19:00:00+02:00,CT NG 13,0.0
2030,sc01,09-02 19:00:00+02:00,CT NG 25,0.0
2030,sc01,09-02 19:00:00+02:00,CC NG 05,0.0
2030,sc01,09-02 19:00:00+02:00,Solar 04,0.0
2030,sc01,09-02 19:00:00+02:00,Solar 30,0.0
2030,sc01,09-02 19:00:00+02:00,Solar 29,0.0
2030,sc01,09-02 19:00:00+02:00,Solar 53,0.0
2030,sc01,09-02 19:00:00+02:00,Solar 21,0.0
2030,sc01,09-02 19:00:00+02:00,Biomass 58,0.06936
2030,sc01,09-02 19:00:00+02:00,CT NG 74,0.0
2030,sc01,09-02 19:00:00+02:00,Solar 61,0.0
2030,sc01,09-02 19:00:00+02:00,Wind 07,1.72897889156
2030,sc01,09-02 19:00:00+02:00,Biomass 31,0.05814
2030,sc01,09-02 19:00:00+02:00,CT Oil 05,0.0
2030,sc01,09-02 19:00:00+02:00,Biomass 38,0.0289
2030,sc01,09-02 19:00:00+02:00,Solar 41,0.0
2030,sc01,09-02 19:00:00+02:00,Biomass 51,0.0068000000000000005
2030,sc01,09-02 19:00:00+02:00,Biomass 55,0.08976
2030,sc01,09-02 19:00:00+02:00,Wind 15,0.0
2030,sc01,09-02 19:00:00+02:00,Geo 01,0.544
2030,sc01,09-02 19:00:00+02:00,Biomass 60,0.0918
2030,sc01,09-02 19:00:00+02:00,CT NG 38,0.0
2030,sc01,09-02 19:00:00+02:00,Solar 66,0.0
2030,sc01,09-02 19:00:00+02:00,Solar 49,0.0
2030,sc01,09-02 19:00:00+02:00,CT NG 51,0.0
2030,sc01,09-02 19:00:00+02:00,Biomass 18,0.0071400000000000005
2030,sc01,09-02 19:00:00+02:00,ICE NG 01,0.0
2030,sc01,09-02 19:00:00+02:00,Solar 15,0.0
2030,sc01,09-02 19:00:00+02:00,ICE NG 05,0.0
2030,sc01,09-02 19:00:00+02:00,CT Oil 04,0.0
2030,sc01,09-02 19:00:00+02:00,CC NG 20,0.0
2030,sc01,09-02 19:00:00+02:00,Solar 20,0.0
2030,sc01,09-02 19:00:00+02:00,Biomass 04,0.00884
2030,sc01,09-02 19:00:00+02:00,Wind 02,4.1470622936
2030,sc01,09-02 19:00:00+02:00,Hydro 25,0.6637956
2030,sc01,09-02 19:00:00+02:00,Solar 75,0.0
2030,sc01,09-02 19:00:00+02:00,Hydro 33,0.0
2030,sc01,09-02 19:00:00+02:00,ST NG 05,0.0
2030,sc01,09-02 19:00:00+02:00,CT NG 07,0.0
2030,sc01,09-02 19:00:00+02:00,Wind 01,1.12456515176
2030,sc01,09-02 19:00:00+02:00,Solar 56,0.0
2030,sc01,09-02 19:00:00+02:00,Biomass 09,0.02924
2030,sc01,09-02 19:00:00+02:00,Biomass 53,0.08976
2030,sc01,09-02 19:00:00+02:00,Wind 17,25.9573042568
2030,sc01,09-02 19:00:00+02:00,ST NG 08,0.0
2030,sc01,09-02 19:00:00+02:00,Hydro 19,1.2676730000000003
2030,sc01,09-02 19:00:00+02:00,ST NG 02,0.0
2030,sc01,09-02 19:00:00+02:00,Biomass 01,0.03774
2030,sc01,09-02 19:00:00+02:00,Biomass 57,0.06936
2030,sc01,09-02 19:00:00+02:00,CT NG 49,0.0
2030,sc01,09-02 19:00:00+02:00,CT NG 31,0.0
2030,sc01,09-02 19:00:00+02:00,Solar 64,0.0
2030,sc01,09-02 19:00:00+02:00,CC NG 33,0.0
2030,sc01,09-02 19:00:00+02:00,Solar 46,0.0
2030,sc01,09-02 19:00:00+02:00,Biomass 12,0.01258
2030,sc01,09-02 19:00:00+02:00,Wind 04,0.299009063616
2030,sc01,09-02 19:00:00+02:00,Solar 13,0.0
2030,sc01,09-02 19:00:00+02:00,CT NG 55,0.0
2030,sc01,09-02 19:00:00+02:00,Wind N03,170.99654011510145
2030,sc01,09-02 19:00:00+02:00,CT NG 28,0.0
2030,sc01,09-02 19:00:00+02:00,Wind 09,1.6324102344800002
2030,sc01,09-02 19:00:00+02:00,Solar 60,0.0
2030,sc01,09-02 19:00:00+02:00,Solar 25,0.0
2030,sc01,09-02 19:00:00+02:00,CT NG 23,0.0
2030,sc01,09-02 19:00:00+02:00,ST Other 01,0.0
2030,sc01,09-02 19:00:00+02:00,Solar 70,0.0
2030,sc01,09-02 19:00:00+02:00,CC NG 34,0.0
2030,sc01,09-02 19:00:00+02:00,Solar 48,0.0
2030,sc01,09-02 19:00:00+02:00,Biomass 56,0.08908
2030,sc01,09-02 19:00:00+02:00,CT NG 36,0.0
2030,sc01,09-02 19:00:00+02:00,Solar 47,0.0
2030,sc01,09-02 19:00:00+02:00,Hydro 17,0.02297754
2030,sc01,09-02 19:00:00+02:00,Solar 09,0.0
2030,sc01,09-02 19:00:00+02:00,Solar 08,0.0
2030,sc01,09-02 19:00:00+02:00,CT NG 45,0.0
2030,sc01,09-02 19:00:00+02:00,ST NG 04,0.0
2030,sc01,09-02 19:00:00+02:00,Solar 40,0.0
2030,sc01,09-02 19:00:00+02:00,Biomass 47,0.08432
2030,sc01,09-02 19:00:00+02:00,Solar 50,0.0
2030,sc01,09-02 19:00:00+02:00,Solar 52,0.0
2030,sc01,09-02 19:00:00+02:00,Solar 63,0.0
2030,sc01,09-02 19:00:00+02:00,CC NG 06,0.0
2030,sc01,09-02 19:00:00+02:00,Biomass 39,0.0289
2030,sc01,09-02 19:00:00+02:00,Solar 67,0.0
2030,sc01,09-02 19:00:00+02:00,Solar 19,0.0
2030,sc01,09-02 19:00:00+02:00,Wind 12,6.5992885616
2030,sc01,09-02 19:00:00+02:00,Solar 24,0.0
2030,sc01,09-02 19:00:00+02:00,ICE NG 02,0.0
2030,sc01,09-02 19:00:00+02:00,Solar 05,0.0
2030,sc01,09-02 19:00:00+02:00,CT NG 54,0.0
2030,sc01,09-02 19:00:00+02:00,Wind N01,62.608635062
2030,sc01,09-02 19:00:00+02:00,CT NG 27,0.0
2030,sc01,09-02 19:00:00+02:00,CC NG 36,0.0
2030,sc01,09-02 19:00:00+02:00,Wind N02,49.267190161073074
2030,sc01,09-02 19:00:00+02:00,CT NG 52,0.0
2030,sc01,09-02 19:00:00+02:00,Solar 35,0.0
2030,sc01,09-02 19:00:00+02:00,CT NG 05,0.0
2030,sc01,09-02 19:00:00+02:00,Biomass 36,0.048960000000000004
2030,sc01,09-02 19:00:00+02:00,CT NG 34,0.0
2030,sc01,09-02 19:00:00+02:00,CT Oil 03,0.0
2030,sc01,09-02 19:00:00+02:00,Hydro 35,0.004084896
2030,sc01,09-02 19:00:00+02:00,Solar 14,0.0
2030,sc01,09-02 19:00:00+02:00,CT NG 75,0.0
2030,sc01,09-02 19:00:00+02:00,ST NG 09,0.0
2030,sc01,09-02 19:00:00+02:00,CT NG 56,0.0
2030,sc01,09-02 19:00:00+02:00,Biomass 22,0.012920000000000001
2030,sc01,09-02 19:00:00+02:00,Solar 18,0.0
2030,sc01,09-02 19:00:00+02:00,Biomass 13,0.01258
2030,sc01,09-02 19:00:00+02:00,CT NG 71,0.0
2030,sc01,09-02 19:00:00+02:00,Solar 58,0.0
2030,sc01,09-02 19:00:00+02:00,Solar 06,0.0
2030,sc01,09-02 19:00:00+02:00,Biomass 08,0.02924
2030,sc01,09-02 19:00:00+02:00,CT NG 72,0.0
2030,sc01,09-02 19:00:00+02:00,Hydro 18,0.07914485999999998
2030,sc01,09-02 19:00:00+02:00,Solar 10,0.0
2030,sc01,09-02 19:00:00+02:00,CT NG 04,0.0
2030,sc01,09-02 19:00:00+02:00,ST Other 02,0.0
2030,sc01,09-02 19:00:00+02:00,CT NG 12,0.0
2030,sc01,09-02 19:00:00+02:00,CT NG 48,0.0
2030,sc01,09-02 19:00:00+02:00,ST NG 10,0.0
2030,sc01,09-02 19:00:00+02:00,Solar 22,0.0
2030,sc01,09-02 19:00:00+02:00,Solar 28,0.0
2030,sc01,09-02 19:00:00+02:00,CT NG 73,0.0
2030,sc01,09-02 19:00:00+02:00,Biomass 52,0.068
2030,sc01,09-02 19:00:00+02:00,CT NG 30,0.0
2030,sc01,09-02 19:00:00+02:00,Solar 54,0.0
2030,sc01,09-02 19:00:00+02:00,Solar 31,0.0
2030,sc01,09-02 19:00:00+02:00,Biomass 03,0.00884
2030,sc01,09-02 19:00:00+02:00,CT NG 32,0.0
2030,sc01,09-02 19:00:00+02:00,Biomass 27,0.05814
2030,sc01,09-02 19:00:00+02:00,CC NG 14,0.0
2030,sc01,09-02 19:00:00+02:00,CC NG 03,0.0
2030,sc01,09-02 19:00:00+02:00,CC NG 29,0.0
2030,sc01,09-02 19:00:00+02:00,CC NG 28,0.0
2030,sc01,09-02 19:00:00+02:00,CC NG 25,0.0
2030,sc01,09-02 19:00:00+02:00,CT NG 44,0.0
2030,sc01,09-02 19:00:00+02:00,CT NG 14,0.0
2030,sc01,09-02 19:00:00+02:00,CC NG 15,0.0
2030,sc01,09-02 19:00:00+02:00,CC NG 04,0.0
2030,sc01,09-02 19:00:00+02:00,Biomass 29,0.05814
2030,sc01,09-02 19:00:00+02:00,Wind 14,33.1976921264
2030,sc01,09-02 19:00:00+02:00,Wind 08,1.3665546389999998
2030,sc01,09-02 19:00:00+02:00,Biomass 61,0.01564
2030,sc01,09-02 19:00:00+02:00,CT NG 35,0.0
2030,sc01,09-02 19:00:00+02:00,Solar 33,0.0
2030,sc01,09-02 19:00:00+02:00,CT NG 41,0.0
2030,sc01,09-02 19:00:00+02:00,CT NG 15,0.0
2030,sc01,09-02 19:00:00+02:00,Solar 42,0.0
2030,sc01,09-02 19:00:00+02:00,Solar 07,0.0
2030,sc01,09-02 19:00:00+02:00,Solar 43,0.0
2030,sc01,09-02 19:00:00+02:00,Biomass 05,0.01632
2030,sc01,09-02 19:00:00+02:00,CT NG 29,0.0
2030,sc01,09-02 19:00:00+02:00,Solar 71,0.0
2030,sc01,09-02 19:00:00+02:00,CT NG 53,0.0
2030,sc01,09-02 19:00:00+02:00,CT NG 20,0.0
2030,sc01,09-02 19:00:00+02:00,Biomass 14,0.02788
2030,sc01,09-02 19:00:00+02:00,Solar 26,0.0
2030,sc01,09-02 19:00:00+02:00,Hydro 29,3.44556
2030,sc01,09-02 19:00:00+02:00,Hydro 31,0.00680816
2030,sc01,09-02 19:00:00+02:00,Biomass 24,0.01564
2030,sc01,09-02 19:00:00+02:00,Biomass 54,0.08976
2030,sc01,09-02 19:00:00+02:00,Solar 36,0.0
2030,sc01,09-02 19:00:00+02:00,Wind 03,0.57179767172
2030,sc01,09-02 19:00:00+02:00,Biomass 40,0.0289
2030,sc01,09-02 19:00:00+02:00,Biomass 49,0.013600000000000001
2030,sc01,09-02 19:00:00+02:00,CC NG 16,22.54436621894104
2030,sc01,09-02 19:00:00+02:00,Biomass 48,0.08432
2030,sc01,09-02 19:00:00+02:00,Hydro 28,3.44556
2030,sc01,09-02 19:00:00+02:00,Biomass 17,0.0071400000000000005
2030,sc01,09-02 19:00:00+02:00,CT NG 33,0.0
2030,sc01,09-02 19:00:00+02:00,Solar 45,0.0
2030,sc01,09-02 19:00:00+02:00,Hydro 24,0.0
2030,sc01,09-02 19:00:00+02:00,Wind 13,4.2525648172
2030,sc01,09-02 19:00:00+02:00,Biomass 07,0.068
2030,sc01,09-02 19:00:00+02:00,Biomass 34,0.048960000000000004
2030,sc01,09-02 19:00:00+02:00,Biomass 33,0.048960000000000004
2030,sc01,09-02 19:00:00+02:00,CT NG 01,0.0
2030,sc01,09-02 19:00:00+02:00,ICE NG 03,0.0
2030,sc01,09-02 19:00:00+02:00,Solar 55,0.0
2030,sc01,09-02 19:00:00+02:00,Solar 11,0.0
2030,sc01,09-02 19:00:00+02:00,CT NG 06,0.0
2030,sc01,09-02 19:00:00+02:00,CT NG 70,0.0
2030,sc01,09-02 19:00:00+02:00,Solar 23,0.0
2030,sc01,09-02 19:00:00+02:00,CT NG 67,0.0
2030,sc01,09-02 19:00:00+02:00,Solar 12,0.0
2030,sc01,09-02 19:00:00+02:00,CT Oil 01,0.0
2030,sc01,09-02 19:00:00+02:00,Hydro 26,0.6637956
2030,sc01,09-02 19:00:00+02:00,CC NG 22,0.0
2030,sc01,09-02 19:00:00+02:00,CC NG 35,0.0
2030,sc01,09-02 19:00:00+02:00,Biomass 50,0.0068000000000000005
2030,sc01,09-02 19:00:00+02:00,ICE NG 04,0.0
2030,sc01,09-02 19:00:00+02:00,CC NG 39,0.0
2030,sc01,09-02 19:00:00+02:00,Hydro 32,0.008169792
2030,sc01,09-02 19:00:00+02:00,ICE NG 07,0.0
2030,sc01,09-02 19:00:00+02:00,Biomass 46,0.020739999999999998
2030,sc01,09-02 19:00:00+02:00,CC NG 38,0.0
2030,sc01,09-02 19:00:00+02:00,CC NG 12,0.0
2030,sc01,09-02 19:00:00+02:00,Solar 57,0.0
2030,sc01,09-02 19:00:00+02:00,CC NG 32,0.0
2030,sc01,09-02 19:00:00+02:00,CC NG 07,0.0
2030,sc01,09-02 19:00:00+02:00,Biomass 44,0.04284
2030,sc01,09-02 19:00:00+02:00,CT NG 40,0.0
2030,sc01,09-02 19:00:00+02:00,Solar 74,0.0
2030,sc01,09-02 19:00:00+02:00,Hydro 30,0.0
2030,sc01,09-02 19:00:00+02:00,CT NG 42,0.0
2030,sc01,09-02 19:00:00+02:00,Hydro 22,1.13796504
2030,sc01,09-02 19:00:00+02:00,Solar 17,0.0
2030,sc01,09-02 19:00:00+02:00,Solar 38,0.0
2030,sc01,09-02 19:00:00+02:00,CT NG 24,0.0
2030,sc01,09-02 19:00:00+02:00,CC NG 27,0.0
2030,sc01,09-02 19:00:00+02:00,Biomass 21,0.012920000000000001
2030,sc01,09-02 19:00:00+02:00,ICE NG 06,0.0
2030,sc01,09-02 19:00:00+02:00,Biomass 25,0.01564
2030,sc01,09-02 19:00:00+02:00,Solar 27,0.0
2030,sc01,09-02 19:00:00+02:00,CT NG 19,0.0
2030,sc01,09-02 19:00:00+02:00,Biomass 42,0.048620000000000003
2030,sc01,09-02 19:00:00+02:00,Biomass 19,0.012920000000000001
2030,sc01,09-02 19:00:00+02:00,Biomass 06,0.01632
2030,sc01,09-02 19:00:00+02:00,CT NG 10,0.0
2030,sc01,09-02 19:00:00+02:00,CC NG 40,8.208741591980962
2030,sc01,09-02 19:00:00+02:00,CC NG 21,0.0
2030,sc01,09-02 19:00:00+02:00,Biomass 02,0.03774
2030,sc01,09-02 19:00:00+02:00,CT NG 46,0.0
2030,sc01,09-02 19:00:00+02:00,Hydro 34,0.0
2030,sc01,09-02 19:00:00+02:00,Biomass 10,0.02924
2030,sc01,09-02 19:00:00+02:00,CT NG 17,0.0
2030,sc01,09-02 19:00:00+02:00,Biomass 62,0.06664
2030,sc01,09-02 19:00:00+02:00,Biomass 32,0.04284
2030,sc01,09-02 19:00:00+02:00,CC NG 19,4.60292
2030,sc01,09-02 19:00:00+02:00,CC NG 17,0.0
2030,sc01,09-02 19:00:00+02:00,ST NG 01,0.0
2030,sc01,09-02 19:00:00+02:00,Biomass 45,0.04284
2030,sc01,09-02 19:00:00+02:00,Biomass 28,0.05814
2030,sc01,09-02 19:00:00+02:00,CC NG 10,0.0
2030,sc01,09-02 19:00:00+02:00,Biomass 23,0.01564
2030,sc01,09-02 19:00:00+02:00,ST NG 06,0.0
2030,sc01,09-02 19:00:00+02:00,Wind 10,1.61529719468
2030,sc01,09-02 19:00:00+02:00,CT NG 69,0.0
2030,sc01,09-02 19:00:00+02:00,CT NG 68,0.0
2030,sc01,09-05 05:00:00+02:00,CC NG 13,0.0
2030,sc01,09-05 05:00:00+02:00,CT NG 37,0.0
2030,sc01,09-05 05:00:00+02:00,ST Coal 01,0.0
2030,sc01,09-05 05:00:00+02:00,CT NG 09,0.0
2030,sc01,09-05 05:00:00+02:00,CT NG 47,0.0
2030,sc01,09-05 05:00:00+02:00,Solar 69,0.026735198207999997
2030,sc01,09-05 05:00:00+02:00,Solar 34,0.301043021952
2030,sc01,09-05 05:00:00+02:00,Solar 73,0.0
2030,sc01,09-05 05:00:00+02:00,Biomass 37,0.0
2030,sc01,09-05 05:00:00+02:00,Hydro 20,0.0
2030,sc01,09-05 05:00:00+02:00,Solar 01,0.0
2030,sc01,09-05 05:00:00+02:00,Solar 62,0.0
2030,sc01,09-05 05:00:00+02:00,Solar 02,0.0
2030,sc01,09-05 05:00:00+02:00,CT NG 26,0.0
2030,sc01,09-05 05:00:00+02:00,Biomass 20,0.0168
2030,sc01,09-05 05:00:00+02:00,Wind 16,7.1988085488
2030,sc01,09-05 05:00:00+02:00,CT NG 66,0.0
2030,sc01,09-05 05:00:00+02:00,Solar 39,0.0
2030,sc01,09-05 05:00:00+02:00,Biomass 41,0.0
2030,sc01,09-05 05:00:00+02:00,Solar 72,0.0
2030,sc01,09-05 05:00:00+02:00,ST NG 03,0.0
2030,sc01,09-05 05:00:00+02:00,Hydro 21,0.8445686399999999
2030,sc01,09-05 05:00:00+02:00,CT NG 03,0.0
2030,sc01,09-05 05:00:00+02:00,CC NG 09,0.0
2030,sc01,09-05 05:00:00+02:00,CT Oil 02,0.0
2030,sc01,09-05 05:00:00+02:00,CT NG 39,0.0
2030,sc01,09-05 05:00:00+02:00,CC NG 08,0.0
2030,sc01,09-05 05:00:00+02:00,Biomass 43,0.0
2030,sc01,09-05 05:00:00+02:00,CT NG 18,0.18139679999999997
2030,sc01,09-05 05:00:00+02:00,ST NG 07,0.0
2030,sc01,09-05 05:00:00+02:00,Biomass 35,0.0
2030,sc01,09-05 05:00:00+02:00,Solar 32,0.418694786688
2030,sc01,09-05 05:00:00+02:00,Biomass 15,0.01008
2030,sc01,09-05 05:00:00+02:00,CC NG 31,0.0
2030,sc01,09-05 05:00:00+02:00,Solar 16,0.0
2030,sc01,09-05 05:00:00+02:00,Solar 68,0.0
2030,sc01,09-05 05:00:00+02:00,CT NG 21,0.0
2030,sc01,09-05 05:00:00+02:00,Wind 11,0.96629044464
2030,sc01,09-05 05:00:00+02:00,CC NG 37,0.0
2030,sc01,09-05 05:00:00+02:00,CT NG 22,0.0
2030,sc01,09-05 05:00:00+02:00,Hydro 16,0.018823680000000002
2030,sc01,09-05 05:00:00+02:00,Biomass 59,0.19872
2030,sc01,09-05 05:00:00+02:00,CC NG 01,0.0
2030,sc01,09-05 05:00:00+02:00,Biomass 16,0.01008
2030,sc01,09-05 05:00:00+02:00,Solar 03,0.0
2030,sc01,09-05 05:00:00+02:00,Solar 44,0.0
2030,sc01,09-05 05:00:00+02:00,CT NG 08,0.0
2030,sc01,09-05 05:00:00+02:00,Wind 05,0.05101575628800001
2030,sc01,09-05 05:00:00+02:00,Biomass 26,0.08112
2030,sc01,09-05 05:00:00+02:00,Solar 37,0.0
2030,sc01,09-05 05:00:00+02:00,Biomass 11,0.017279999999999997
2030,sc01,09-05 05:00:00+02:00,Solar 59,0.0
2030,sc01,09-05 05:00:00+02:00,CT NG 11,0.0
2030,sc01,09-05 05:00:00+02:00,Biomass 30,0.08112
2030,sc01,09-05 05:00:00+02:00,Hydro 23,0.0
2030,sc01,09-05 05:00:00+02:00,CC NG 24,0.0
2030,sc01,09-05 05:00:00+02:00,Solar 65,0.0
2030,sc01,09-05 05:00:00+02:00,CC NG 18,0.0
2030,sc01,09-05 05:00:00+02:00,CT NG 16,0.0
2030,sc01,09-05 05:00:00+02:00,Solar 51,0.0
2030,sc01,09-05 05:00:00+02:00,Wind 06,1.7162401656
2030,sc01,09-05 05:00:00+02:00,CC NG 26,0.0
2030,sc01,09-05 05:00:00+02:00,CC NG 23,0.0
2030,sc01,09-05 05:00:00+02:00,CT NG 43,0.0
2030,sc01,09-05 05:00:00+02:00,CC NG 11,0.0
2030,sc01,09-05 05:00:00+02:00,CT NG 02,0.0
2030,sc01,09-05 05:00:00+02:00,CT NG 50,0.0
2030,sc01,09-05 05:00:00+02:00,Hydro 27,0.0
2030,sc01,09-05 05:00:00+02:00,CT NG 13,0.0
2030,sc01,09-05 05:00:00+02:00,CT NG 25,0.0
2030,sc01,09-05 05:00:00+02:00,CC NG 05,0.0
2030,sc01,09-05 05:00:00+02:00,Solar 04,0.0
2030,sc01,09-05 05:00:00+02:00,Solar 30,0.0
2030,sc01,09-05 05:00:00+02:00,Solar 29,0.0
2030,sc01,09-05 05:00:00+02:00,Solar 53,0.0
2030,sc01,09-05 05:00:00+02:00,Solar 21,0.0
2030,sc01,09-05 05:00:00+02:00,Biomass 58,0.084
2030,sc01,09-05 05:00:00+02:00,CT NG 74,0.0
2030,sc01,09-05 05:00:00+02:00,Solar 61,0.0
2030,sc01,09-05 05:00:00+02:00,Wind 07,0.8547654110399999
2030,sc01,09-05 05:00:00+02:00,Biomass 31,0.08112
2030,sc01,09-05 05:00:00+02:00,CT Oil 05,0.0
2030,sc01,09-05 05:00:00+02:00,Biomass 38,0.0
2030,sc01,09-05 05:00:00+02:00,Solar 41,0.0
2030,sc01,09-05 05:00:00+02:00,Biomass 51,0.0
2030,sc01,09-05 05:00:00+02:00,Biomass 55,0.11472000000000002
2030,sc01,09-05 05:00:00+02:00,Wind 15,0.9753430492799999
2030,sc01,09-05 05:00:00+02:00,Geo 01,0.0
2030,sc01,09-05 05:00:00+02:00,Biomass 60,0.1296
2030,sc01,09-05 05:00:00+02:00,CT NG 38,0.0
2030,sc01,09-05 05:00:00+02:00,Solar 66,0.0
2030,sc01,09-05 05:00:00+02:00,Solar 49,0.0
2030,sc01,09-05 05:00:00+02:00,CT NG 51,0.0
2030,sc01,09-05 05:00:00+02:00,Biomass 18,0.01008
2030,sc01,09-05 05:00:00+02:00,ICE NG 01,0.0
2030,sc01,09-05 05:00:00+02:00,Solar 15,0.0
2030,sc01,09-05 05:00:00+02:00,ICE NG 05,0.0
2030,sc01,09-05 05:00:00+02:00,CT Oil 04,0.0
2030,sc01,09-05 05:00:00+02:00,CC NG 20,0.0
2030,sc01,09-05 05:00:00+02:00,Solar 20,0.0
2030,sc01,09-05 05:00:00+02:00,Biomass 04,0.0
2030,sc01,09-05 05:00:00+02:00,Wind 02,1.48329032544
2030,sc01,09-05 05:00:00+02:00,Hydro 25,0.0
2030,sc01,09-05 05:00:00+02:00,Solar 75,0.0
2030,sc01,09-05 05:00:00+02:00,Hydro 33,0.0
2030,sc01,09-05 05:00:00+02:00,ST NG 05,0.0
2030,sc01,09-05 05:00:00+02:00,CT NG 07,0.0
2030,sc01,09-05 05:00:00+02:00,Wind 01,0.725966604
2030,sc01,09-05 05:00:00+02:00,Solar 56,0.0
2030,sc01,09-05 05:00:00+02:00,Biomass 09,0.036000000000000004
2030,sc01,09-05 05:00:00+02:00,Biomass 53,0.11472000000000002
2030,sc01,09-05 05:00:00+02:00,Wind 17,11.785252363200001
2030,sc01,09-05 05:00:00+02:00,ST NG 08,0.0
2030,sc01,09-05 05:00:00+02:00,Hydro 19,0.0
2030,sc01,09-05 05:00:00+02:00,ST NG 02,0.0
2030,sc01,09-05 05:00:00+02:00,Biomass 01,0.04848
2030,sc01,09-05 05:00:00+02:00,Biomass 57,0.084
2030,sc01,09-05 05:00:00+02:00,CT NG 49,0.0
2030,sc01,09-05 05:00:00+02:00,CT NG 31,0.0
2030,sc01,09-05 05:00:00+02:00,Solar 64,0.0
2030,sc01,09-05 05:00:00+02:00,CC NG 33,0.0
2030,sc01,09-05 05:00:00+02:00,Solar 46,0.0
2030,sc01,09-05 05:00:00+02:00,Biomass 12,0.017279999999999997
2030,sc01,09-05 05:00:00+02:00,Wind 04,0.011815121664
2030,sc01,09-05 05:00:00+02:00,Solar 13,0.0
2030,sc01,09-05 05:00:00+02:00,CT NG 55,0.0
2030,sc01,09-05 05:00:00+02:00,Wind N03,181.11913315723018
2030,sc01,09-05 05:00:00+02:00,CT NG 28,0.0
2030,sc01,09-05 05:00:00+02:00,Wind 09,0.85757702976
2030,sc01,09-05 05:00:00+02:00,Solar 60,0.0
2030,sc01,09-05 05:00:00+02:00,Solar 25,0.0
2030,sc01,09-05 05:00:00+02:00,CT NG 23,0.0
2030,sc01,09-05 05:00:00+02:00,ST Other 01,0.0
2030,sc01,09-05 05:00:00+02:00,Solar 70,0.0
2030,sc01,09-05 05:00:00+02:00,CC NG 34,0.0
2030,sc01,09-05 05:00:00+02:00,Solar 48,0.0
2030,sc01,09-05 05:00:00+02:00,Biomass 56,0.09743999999999998
2030,sc01,09-05 05:00:00+02:00,CT NG 36,0.0
2030,sc01,09-05 05:00:00+02:00,Solar 47,0.0
2030,sc01,09-05 05:00:00+02:00,Hydro 17,0.03176496
2030,sc01,09-05 05:00:00+02:00,Solar 09,0.0
2030,sc01,09-05 05:00:00+02:00,Solar 08,0.0
2030,sc01,09-05 05:00:00+02:00,CT NG 45,0.0
2030,sc01,09-05 05:00:00+02:00,ST NG 04,0.0
2030,sc01,09-05 05:00:00+02:00,Solar 40,0.0
2030,sc01,09-05 05:00:00+02:00,Biomass 47,0.0
2030,sc01,09-05 05:00:00+02:00,Solar 50,0.0
2030,sc01,09-05 05:00:00+02:00,Solar 52,0.0
2030,sc01,09-05 05:00:00+02:00,Solar 63,0.0
2030,sc01,09-05 05:00:00+02:00,CC NG 06,0.0
2030,sc01,09-05 05:00:00+02:00,Biomass 39,0.0
2030,sc01,09-05 05:00:00+02:00,Solar 67,0.0
2030,sc01,09-05 05:00:00+02:00,Solar 19,0.0
2030,sc01,09-05 05:00:00+02:00,Wind 12,5.4014336976
2030,sc01,09-05 05:00:00+02:00,Solar 24,0.0
2030,sc01,09-05 05:00:00+02:00,ICE NG 02,0.0
2030,sc01,09-05 05:00:00+02:00,Solar 05,0.0
2030,sc01,09-05 05:00:00+02:00,CT NG 54,0.0
2030,sc01,09-05 05:00:00+02:00,Wind N01,51.244370976
2030,sc01,09-05 05:00:00+02:00,CT NG 27,0.0
2030,sc01,09-05 05:00:00+02:00,CC NG 36,0.0
2030,sc01,09-05 05:00:00+02:00,Wind N02,51.24315848485088
2030,sc01,09-05 05:00:00+02:00,CT NG 52,0.0
2030,sc01,09-05 05:00:00+02:00,Solar 35,0.060078395904000007
2030,sc01,09-05 05:00:00+02:00,CT NG 05,0.0
2030,sc01,09-05 05:00:00+02:00,Biomass 36,0.0
2030,sc01,09-05 05:00:00+02:00,CT NG 34,0.0
2030,sc01,09-05 05:00:00+02:00,CT Oil 03,0.0
2030,sc01,09-05 05:00:00+02:00,Hydro 35,0.005647104
2030,sc01,09-05 05:00:00+02:00,Solar 14,0.0
2030,sc01,09-05 05:00:00+02:00,CT NG 75,0.0
2030,sc01,09-05 05:00:00+02:00,ST NG 09,0.0
2030,sc01,09-05 05:00:00+02:00,CT NG 56,0.0
2030,sc01,09-05 05:00:00+02:00,Biomass 22,0.0168
2030,sc01,09-05 05:00:00+02:00,Solar 18,0.0
2030,sc01,09-05 05:00:00+02:00,Biomass 13,0.017279999999999997
2030,sc01,09-05 05:00:00+02:00,CT NG 71,0.0
2030,sc01,09-05 05:00:00+02:00,Solar 58,0.0
2030,sc01,09-05 05:00:00+02:00,Solar 06,0.0
2030,sc01,09-05 05:00:00+02:00,Biomass 08,0.036000000000000004
2030,sc01,09-05 05:00:00+02:00,CT NG 72,0.0
2030,sc01,09-05 05:00:00+02:00,Hydro 18,0.10941264
2030,sc01,09-05 05:00:00+02:00,Solar 10,0.0
2030,sc01,09-05 05:00:00+02:00,CT NG 04,0.0
2030,sc01,09-05 05:00:00+02:00,ST Other 02,0.0
2030,sc01,09-05 05:00:00+02:00,CT NG 12,0.0
2030,sc01,09-05 05:00:00+02:00,CT NG 48,0.0
2030,sc01,09-05 05:00:00+02:00,ST NG 10,0.0
2030,sc01,09-05 05:00:00+02:00,Solar 22,0.0
2030,sc01,09-05 05:00:00+02:00,Solar 28,0.0
2030,sc01,09-05 05:00:00+02:00,CT NG 73,0.0
2030,sc01,09-05 05:00:00+02:00,Biomass 52,0.0
2030,sc01,09-05 05:00:00+02:00,CT NG 30,0.0
2030,sc01,09-05 05:00:00+02:00,Solar 54,0.0
2030,sc01,09-05 05:00:00+02:00,Solar 31,0.326572929024
2030,sc01,09-05 05:00:00+02:00,Biomass 03,0.0
2030,sc01,09-05 05:00:00+02:00,CT NG 32,0.0
2030,sc01,09-05 05:00:00+02:00,Biomass 27,0.08112
2030,sc01,09-05 05:00:00+02:00,CC NG 14,0.0
2030,sc01,09-05 05:00:00+02:00,CC NG 03,0.0
2030,sc01,09-05 05:00:00+02:00,CC NG 29,0.0
2030,sc01,09-05 05:00:00+02:00,CC NG 28,0.0
2030,sc01,09-05 05:00:00+02:00,CC NG 25,0.0
2030,sc01,09-05 05:00:00+02:00,CT NG 44,0.0
2030,sc01,09-05 05:00:00+02:00,CT NG 14,0.0
2030,sc01,09-05 05:00:00+02:00,CC NG 15,0.0
2030,sc01,09-05 05:00:00+02:00,CC NG 04,0.0
2030,sc01,09-05 05:00:00+02:00,Biomass 29,0.08112
2030,sc01,09-05 05:00:00+02:00,Wind 14,12.6415693488
2030,sc01,09-05 05:00:00+02:00,Wind 08,0.6826528324800001
2030,sc01,09-05 05:00:00+02:00,Biomass 61,0.0
2030,sc01,09-05 05:00:00+02:00,CT NG 35,0.0
2030,sc01,09-05 05:00:00+02:00,Solar 33,0.34784685504
2030,sc01,09-05 05:00:00+02:00,CT NG 41,0.0
2030,sc01,09-05 05:00:00+02:00,CT NG 15,0.0
2030,sc01,09-05 05:00:00+02:00,Solar 42,0.0
2030,sc01,09-05 05:00:00+02:00,Solar 07,0.0
2030,sc01,09-05 05:00:00+02:00,Solar 43,0.0
2030,sc01,09-05 05:00:00+02:00,Biomass 05,0.02112
2030,sc01,09-05 05:00:00+02:00,CT NG 29,0.0
2030,sc01,09-05 05:00:00+02:00,Solar 71,0.0
2030,sc01,09-05 05:00:00+02:00,CT NG 53,0.0
2030,sc01,09-05 05:00:00+02:00,CT NG 20,0.0
2030,sc01,09-05 05:00:00+02:00,Biomass 14,0.038400000000000004
2030,sc01,09-05 05:00:00+02:00,Solar 26,0.0
2030,sc01,09-05 05:00:00+02:00,Hydro 29,53.03517120000001
2030,sc01,09-05 05:00:00+02:00,Hydro 31,0.009411840000000001
2030,sc01,09-05 05:00:00+02:00,Biomass 24,0.0216
2030,sc01,09-05 05:00:00+02:00,Biomass 54,0.11472000000000002
2030,sc01,09-05 05:00:00+02:00,Solar 36,0.041986866816
2030,sc01,09-05 05:00:00+02:00,Wind 03,0.027813326592
2030,sc01,09-05 05:00:00+02:00,Biomass 40,0.0
2030,sc01,09-05 05:00:00+02:00,Biomass 49,0.0
2030,sc01,09-05 05:00:00+02:00,CC NG 16,39.09107995374681
2030,sc01,09-05 05:00:00+02:00,Biomass 48,0.0
2030,sc01,09-05 05:00:00+02:00,Hydro 28,43.575177446636346
2030,sc01,09-05 05:00:00+02:00,Biomass 17,0.01008
2030,sc01,09-05 05:00:00+02:00,CT NG 33,0.0
2030,sc01,09-05 05:00:00+02:00,Solar 45,0.0
2030,sc01,09-05 05:00:00+02:00,Hydro 24,0.0
2030,sc01,09-05 05:00:00+02:00,Wind 13,3.71538649248
2030,sc01,09-05 05:00:00+02:00,Biomass 07,0.096
2030,sc01,09-05 05:00:00+02:00,Biomass 34,0.0
2030,sc01,09-05 05:00:00+02:00,Biomass 33,0.0
2030,sc01,09-05 05:00:00+02:00,CT NG 01,0.0
2030,sc01,09-05 05:00:00+02:00,ICE NG 03,0.0
2030,sc01,09-05 05:00:00+02:00,Solar 55,0.0
2030,sc01,09-05 05:00:00+02:00,Solar 11,0.0
2030,sc01,09-05 05:00:00+02:00,CT NG 06,0.0
2030,sc01,09-05 05:00:00+02:00,CT NG 70,0.0
2030,sc01,09-05 05:00:00+02:00,Solar 23,0.0
2030,sc01,09-05 05:00:00+02:00,CT NG 67,0.0
2030,sc01,09-05 05:00:00+02:00,Solar 12,0.0
2030,sc01,09-05 05:00:00+02:00,CT Oil 01,0.0
2030,sc01,09-05 05:00:00+02:00,Hydro 26,0.0
2030,sc01,09-05 05:00:00+02:00,CC NG 22,0.0
2030,sc01,09-05 05:00:00+02:00,CC NG 35,0.0
2030,sc01,09-05 05:00:00+02:00,Biomass 50,0.0
2030,sc01,09-05 05:00:00+02:00,ICE NG 04,0.0
2030,sc01,09-05 05:00:00+02:00,CC NG 39,0.0
2030,sc01,09-05 05:00:00+02:00,Hydro 32,0.011294208
2030,sc01,09-05 05:00:00+02:00,ICE NG 07,0.0
2030,sc01,09-05 05:00:00+02:00,Biomass 46,0.0
2030,sc01,09-05 05:00:00+02:00,CC NG 38,0.0
2030,sc01,09-05 05:00:00+02:00,CC NG 12,0.0
2030,sc01,09-05 05:00:00+02:00,Solar 57,0.0
2030,sc01,09-05 05:00:00+02:00,CC NG 32,0.0
2030,sc01,09-05 05:00:00+02:00,CC NG 07,0.0
2030,sc01,09-05 05:00:00+02:00,Biomass 44,0.0
2030,sc01,09-05 05:00:00+02:00,CT NG 40,0.0
2030,sc01,09-05 05:00:00+02:00,Solar 74,0.0
2030,sc01,09-05 05:00:00+02:00,Hydro 30,0.0
2030,sc01,09-05 05:00:00+02:00,CT NG 42,0.0
2030,sc01,09-05 05:00:00+02:00,Hydro 22,0.8445686399999999
2030,sc01,09-05 05:00:00+02:00,Solar 17,0.0
2030,sc01,09-05 05:00:00+02:00,Solar 38,0.0
2030,sc01,09-05 05:00:00+02:00,CT NG 24,0.0
2030,sc01,09-05 05:00:00+02:00,CC NG 27,0.0
2030,sc01,09-05 05:00:00+02:00,Biomass 21,0.0168
2030,sc01,09-05 05:00:00+02:00,ICE NG 06,0.0
2030,sc01,09-05 05:00:00+02:00,Biomass 25,0.0216
2030,sc01,09-05 05:00:00+02:00,Solar 27,0.0
2030,sc01,09-05 05:00:00+02:00,CT NG 19,0.0
2030,sc01,09-05 05:00:00+02:00,Biomass 42,0.0
2030,sc01,09-05 05:00:00+02:00,Biomass 19,0.0168
2030,sc01,09-05 05:00:00+02:00,Biomass 06,0.02112
2030,sc01,09-05 05:00:00+02:00,CT NG 10,0.0
2030,sc01,09-05 05:00:00+02:00,CC NG 40,0.0
2030,sc01,09-05 05:00:00+02:00,CC NG 21,0.0
2030,sc01,09-05 05:00:00+02:00,Biomass 02,0.04848
2030,sc01,09-05 05:00:00+02:00,CT NG 46,0.0
2030,sc01,09-05 05:00:00+02:00,Hydro 34,0.0
2030,sc01,09-05 05:00:00+02:00,Biomass 10,0.036000000000000004
2030,sc01,09-05 05:00:00+02:00,CT NG 17,0.0
2030,sc01,09-05 05:00:00+02:00,Biomass 62,0.07680000000000001
2030,sc01,09-05 05:00:00+02:00,Biomass 32,0.05711999999999999
2030,sc01,09-05 05:00:00+02:00,CC NG 19,6.49824
2030,sc01,09-05 05:00:00+02:00,CC NG 17,0.0
2030,sc01,09-05 05:00:00+02:00,ST NG 01,0.0
2030,sc01,09-05 05:00:00+02:00,Biomass 45,0.0
2030,sc01,09-05 05:00:00+02:00,Biomass 28,0.08112
2030,sc01,09-05 05:00:00+02:00,CC NG 10,0.0
2030,sc01,09-05 05:00:00+02:00,Biomass 23,0.0216
2030,sc01,09-05 05:00:00+02:00,ST NG 06,0.0
2030,sc01,09-05 05:00:00+02:00,Wind 10,0.815460684
2030,sc01,09-05 05:00:00+02:00,CT NG 69,0.0
2030,sc01,09-05 05:00:00+02:00,CT NG 68,0.0
2030,sc01,09-05 08:00:00+02:00,CC NG 13,0.0
2030,sc01,09-05 08:00:00+02:00,CT NG 37,0.0
2030,sc01,09-05 08:00:00+02:00,ST Coal 01,0.0
2030,sc01,09-05 08:00:00+02:00,CT NG 09,0.0
2030,sc01,09-05 08:00:00+02:00,CT NG 47,0.0
2030,sc01,09-05 08:00:00+02:00,Solar 69,25.012989628500844
2030,sc01,09-05 08:00:00+02:00,Solar 34,0.0
2030,sc01,09-05 08:00:00+02:00,Solar 73,0.0
2030,sc01,09-05 08:00:00+02:00,Biomass 37,0.0
2030,sc01,09-05 08:00:00+02:00,Hydro 20,1.42103664
2030,sc01,09-05 08:00:00+02:00,Solar 01,16.512835204799998
2030,sc01,09-05 08:00:00+02:00,Solar 62,0.0
2030,sc01,09-05 08:00:00+02:00,Solar 02,9.038947310400001
2030,sc01,09-05 08:00:00+02:00,CT NG 26,0.0
2030,sc01,09-05 08:00:00+02:00,Biomass 20,0.0168
2030,sc01,09-05 08:00:00+02:00,Wind 16,4.3661539584
2030,sc01,09-05 08:00:00+02:00,CT NG 66,0.0
2030,sc01,09-05 08:00:00+02:00,Solar 39,0.0
2030,sc01,09-05 08:00:00+02:00,Biomass 41,0.0
2030,sc01,09-05 08:00:00+02:00,Solar 72,0.0
2030,sc01,09-05 08:00:00+02:00,ST NG 03,0.0
2030,sc01,09-05 08:00:00+02:00,Hydro 21,0.0
2030,sc01,09-05 08:00:00+02:00,CT NG 03,0.0
2030,sc01,09-05 08:00:00+02:00,CC NG 09,0.0
2030,sc01,09-05 08:00:00+02:00,CT Oil 02,0.0
2030,sc01,09-05 08:00:00+02:00,CT NG 39,0.0
2030,sc01,09-05 08:00:00+02:00,CC NG 08,0.0
2030,sc01,09-05 08:00:00+02:00,Biomass 43,0.0
2030,sc01,09-05 08:00:00+02:00,CT NG 18,0.08205455703777176
2030,sc01,09-05 08:00:00+02:00,ST NG 07,0.0
2030,sc01,09-05 08:00:00+02:00,Biomass 35,0.0
2030,sc01,09-05 08:00:00+02:00,Solar 32,0.0
2030,sc01,09-05 08:00:00+02:00,Biomass 15,0.01008
2030,sc01,09-05 08:00:00+02:00,CC NG 31,0.0
2030,sc01,09-05 08:00:00+02:00,Solar 16,1.3284996955200001
2030,sc01,09-05 08:00:00+02:00,Solar 68,0.0
2030,sc01,09-05 08:00:00+02:00,CT NG 21,0.0
2030,sc01,09-05 08:00:00+02:00,Wind 11,0.37605815462400005
2030,sc01,09-05 08:00:00+02:00,CC NG 37,0.0
2030,sc01,09-05 08:00:00+02:00,CT NG 22,0.0
2030,sc01,09-05 08:00:00+02:00,Hydro 16,0.01873536
2030,sc01,09-05 08:00:00+02:00,Biomass 59,0.19872
2030,sc01,09-05 08:00:00+02:00,CC NG 01,0.0
2030,sc01,09-05 08:00:00+02:00,Biomass 16,0.01008
2030,sc01,09-05 08:00:00+02:00,Solar 03,0.0
2030,sc01,09-05 08:00:00+02:00,Solar 44,0.0
2030,sc01,09-05 08:00:00+02:00,CT NG 08,0.0
2030,sc01,09-05 08:00:00+02:00,Wind 05,0.032409174912
2030,sc01,09-05 08:00:00+02:00,Biomass 26,0.08112
2030,sc01,09-05 08:00:00+02:00,Solar 37,0.0
2030,sc01,09-05 08:00:00+02:00,Biomass 11,0.017279999999999997
2030,sc01,09-05 08:00:00+02:00,Solar 59,0.0
2030,sc01,09-05 08:00:00+02:00,CT NG 11,0.0
2030,sc01,09-05 08:00:00+02:00,Biomass 30,0.08112
2030,sc01,09-05 08:00:00+02:00,Hydro 23,0.0
2030,sc01,09-05 08:00:00+02:00,CC NG 24,0.0
2030,sc01,09-05 08:00:00+02:00,Solar 65,14.7690603504
2030,sc01,09-05 08:00:00+02:00,CC NG 18,0.0
2030,sc01,09-05 08:00:00+02:00,CT NG 16,0.0
2030,sc01,09-05 08:00:00+02:00,Solar 51,0.0
2030,sc01,09-05 08:00:00+02:00,Wind 06,0.8737971912
2030,sc01,09-05 08:00:00+02:00,CC NG 26,0.0
2030,sc01,09-05 08:00:00+02:00,CC NG 23,0.0
2030,sc01,09-05 08:00:00+02:00,CT NG 43,0.0
2030,sc01,09-05 08:00:00+02:00,CC NG 11,0.0
2030,sc01,09-05 08:00:00+02:00,CT NG 02,0.0
2030,sc01,09-05 08:00:00+02:00,CT NG 50,0.0
2030,sc01,09-05 08:00:00+02:00,Hydro 27,0.0
2030,sc01,09-05 08:00:00+02:00,CT NG 13,0.0
2030,sc01,09-05 08:00:00+02:00,CT NG 25,0.0
2030,sc01,09-05 08:00:00+02:00,CC NG 05,0.0
2030,sc01,09-05 08:00:00+02:00,Solar 04,1.1097211536
2030,sc01,09-05 08:00:00+02:00,Solar 30,1.28108752176
2030,sc01,09-05 08:00:00+02:00,Solar 29,1.5695752555200002
2030,sc01,09-05 08:00:00+02:00,Solar 53,0.0
2030,sc01,09-05 08:00:00+02:00,Solar 21,4.21070320128
2030,sc01,09-05 08:00:00+02:00,Biomass 58,0.084
2030,sc01,09-05 08:00:00+02:00,CT NG 74,0.0
2030,sc01,09-05 08:00:00+02:00,Solar 61,0.0
2030,sc01,09-05 08:00:00+02:00,Wind 07,0.317157891072
2030,sc01,09-05 08:00:00+02:00,Biomass 31,0.08112
2030,sc01,09-05 08:00:00+02:00,CT Oil 05,0.0
2030,sc01,09-05 08:00:00+02:00,Biomass 38,0.0
2030,sc01,09-05 08:00:00+02:00,Solar 41,0.0
2030,sc01,09-05 08:00:00+02:00,Biomass 51,0.0
2030,sc01,09-05 08:00:00+02:00,Biomass 55,0.11472000000000002
2030,sc01,09-05 08:00:00+02:00,Wind 15,1.3849583361600002
2030,sc01,09-05 08:00:00+02:00,Geo 01,0.0
2030,sc01,09-05 08:00:00+02:00,Biomass 60,0.1296
2030,sc01,09-05 08:00:00+02:00,CT NG 38,0.0
2030,sc01,09-05 08:00:00+02:00,Solar 66,29.610968039962877
2030,sc01,09-05 08:00:00+02:00,Solar 49,0.0
2030,sc01,09-05 08:00:00+02:00,CT NG 51,0.0
2030,sc01,09-05 08:00:00+02:00,Biomass 18,0.01008
2030,sc01,09-05 08:00:00+02:00,ICE NG 01,0.0
2030,sc01,09-05 08:00:00+02:00,Solar 15,2.4080629996800003
2030,sc01,09-05 08:00:00+02:00,ICE NG 05,0.0
2030,sc01,09-05 08:00:00+02:00,CT Oil 04,0.0
2030,sc01,09-05 08:00:00+02:00,CC NG 20,0.0
2030,sc01,09-05 08:00:00+02:00,Solar 20,1.4110300099200002
2030,sc01,09-05 08:00:00+02:00,Biomass 04,0.0
2030,sc01,09-05 08:00:00+02:00,Wind 02,0.5219561942400001
2030,sc01,09-05 08:00:00+02:00,Hydro 25,0.0
2030,sc01,09-05 08:00:00+02:00,Solar 75,0.0
2030,sc01,09-05 08:00:00+02:00,Hydro 33,0.0
2030,sc01,09-05 08:00:00+02:00,ST NG 05,0.0
2030,sc01,09-05 08:00:00+02:00,CT NG 07,0.0
2030,sc01,09-05 08:00:00+02:00,Wind 01,0.318729272448
2030,sc01,09-05 08:00:00+02:00,Solar 56,0.0
2030,sc01,09-05 08:00:00+02:00,Biomass 09,0.036000000000000004
2030,sc01,09-05 08:00:00+02:00,Biomass 53,0.11472000000000002
2030,sc01,09-05 08:00:00+02:00,Wind 17,9.479878320000001
2030,sc01,09-05 08:00:00+02:00,ST NG 08,0.0
2030,sc01,09-05 08:00:00+02:00,Hydro 19,0.0
2030,sc01,09-05 08:00:00+02:00,ST NG 02,0.0
2030,sc01,09-05 08:00:00+02:00,Biomass 01,0.04848
2030,sc01,09-05 08:00:00+02:00,Biomass 57,0.084
2030,sc01,09-05 08:00:00+02:00,CT NG 49,0.0
2030,sc01,09-05 08:00:00+02:00,CT NG 31,0.0
2030,sc01,09-05 08:00:00+02:00,Solar 64,7.753741075200001
2030,sc01,09-05 08:00:00+02:00,CC NG 33,0.0
2030,sc01,09-05 08:00:00+02:00,Solar 46,0.0
2030,sc01,09-05 08:00:00+02:00,Biomass 12,0.017279999999999997
2030,sc01,09-05 08:00:00+02:00,Wind 04,0.039381325824
2030,sc01,09-05 08:00:00+02:00,Solar 13,0.06045111897600001
2030,sc01,09-05 08:00:00+02:00,CT NG 55,0.0
2030,sc01,09-05 08:00:00+02:00,Wind N03,236.80184366555585
2030,sc01,09-05 08:00:00+02:00,CT NG 28,0.0
2030,sc01,09-05 08:00:00+02:00,Wind 09,0.54237655584
2030,sc01,09-05 08:00:00+02:00,Solar 60,0.0
2030,sc01,09-05 08:00:00+02:00,Solar 25,0.44329866547200003
2030,sc01,09-05 08:00:00+02:00,CT NG 23,0.0
2030,sc01,09-05 08:00:00+02:00,ST Other 01,0.0
2030,sc01,09-05 08:00:00+02:00,Solar 70,57.599999999999994
2030,sc01,09-05 08:00:00+02:00,CC NG 34,0.0
2030,sc01,09-05 08:00:00+02:00,Solar 48,0.0
2030,sc01,09-05 08:00:00+02:00,Biomass 56,0.09743999999999998
2030,sc01,09-05 08:00:00+02:00,CT NG 36,0.0
2030,sc01,09-05 08:00:00+02:00,Solar 47,0.0
2030,sc01,09-05 08:00:00+02:00,Hydro 17,0.0
2030,sc01,09-05 08:00:00+02:00,Solar 09,0.0
2030,sc01,09-05 08:00:00+02:00,Solar 08,0.0
2030,sc01,09-05 08:00:00+02:00,CT NG 45,0.0
2030,sc01,09-05 08:00:00+02:00,ST NG 04,0.0
2030,sc01,09-05 08:00:00+02:00,Solar 40,0.0
2030,sc01,09-05 08:00:00+02:00,Biomass 47,0.0
2030,sc01,09-05 08:00:00+02:00,Solar 50,0.0
2030,sc01,09-05 08:00:00+02:00,Solar 52,0.0
2030,sc01,09-05 08:00:00+02:00,Solar 63,16.5583557024
2030,sc01,09-05 08:00:00+02:00,CC NG 06,0.0
2030,sc01,09-05 08:00:00+02:00,Biomass 39,0.0
2030,sc01,09-05 08:00:00+02:00,Solar 67,11.037980558400001
2030,sc01,09-05 08:00:00+02:00,Solar 19,0.022862884992000003
2030,sc01,09-05 08:00:00+02:00,Wind 12,2.9387883844800005
2030,sc01,09-05 08:00:00+02:00,Solar 24,0.33063511065600004
2030,sc01,09-05 08:00:00+02:00,ICE NG 02,0.0
2030,sc01,09-05 08:00:00+02:00,Solar 05,0.0
2030,sc01,09-05 08:00:00+02:00,CT NG 54,0.0
2030,sc01,09-05 08:00:00+02:00,Wind N01,27.880812878400004
2030,sc01,09-05 08:00:00+02:00,CT NG 27,0.0
2030,sc01,09-05 08:00:00+02:00,CC NG 36,0.0
2030,sc01,09-05 08:00:00+02:00,Wind N02,54.408157584
2030,sc01,09-05 08:00:00+02:00,CT NG 52,0.0
2030,sc01,09-05 08:00:00+02:00,Solar 35,0.0
2030,sc01,09-05 08:00:00+02:00,CT NG 05,0.0
2030,sc01,09-05 08:00:00+02:00,Biomass 36,0.0
2030,sc01,09-05 08:00:00+02:00,CT NG 34,0.0
2030,sc01,09-05 08:00:00+02:00,CT Oil 03,0.0
2030,sc01,09-05 08:00:00+02:00,Hydro 35,0.005620608
2030,sc01,09-05 08:00:00+02:00,Solar 14,2.67722381616
2030,sc01,09-05 08:00:00+02:00,CT NG 75,0.0
2030,sc01,09-05 08:00:00+02:00,ST NG 09,0.0
2030,sc01,09-05 08:00:00+02:00,CT NG 56,0.0
2030,sc01,09-05 08:00:00+02:00,Biomass 22,0.0168
2030,sc01,09-05 08:00:00+02:00,Solar 18,2.82383672736
2030,sc01,09-05 08:00:00+02:00,Biomass 13,0.017279999999999997
2030,sc01,09-05 08:00:00+02:00,CT NG 71,0.0
2030,sc01,09-05 08:00:00+02:00,Solar 58,0.0
2030,sc01,09-05 08:00:00+02:00,Solar 06,0.0
2030,sc01,09-05 08:00:00+02:00,Biomass 08,0.036000000000000004
2030,sc01,09-05 08:00:00+02:00,CT NG 72,0.0
2030,sc01,09-05 08:00:00+02:00,Hydro 18,0.0
2030,sc01,09-05 08:00:00+02:00,Solar 10,1.35915631584
2030,sc01,09-05 08:00:00+02:00,CT NG 04,0.0
2030,sc01,09-05 08:00:00+02:00,ST Other 02,0.0
2030,sc01,09-05 08:00:00+02:00,CT NG 12,0.0
2030,sc01,09-05 08:00:00+02:00,CT NG 48,0.0
2030,sc01,09-05 08:00:00+02:00,ST NG 10,0.0
2030,sc01,09-05 08:00:00+02:00,Solar 22,1.6325277801600002
2030,sc01,09-05 08:00:00+02:00,Solar 28,1.46092225728
2030,sc01,09-05 08:00:00+02:00,CT NG 73,0.0
2030,sc01,09-05 08:00:00+02:00,Biomass 52,0.0
2030,sc01,09-05 08:00:00+02:00,CT NG 30,0.0
2030,sc01,09-05 08:00:00+02:00,Solar 54,0.0
2030,sc01,09-05 08:00:00+02:00,Solar 31,0.0
2030,sc01,09-05 08:00:00+02:00,Biomass 03,0.0
2030,sc01,09-05 08:00:00+02:00,CT NG 32,0.0
2030,sc01,09-05 08:00:00+02:00,Biomass 27,0.08112
2030,sc01,09-05 08:00:00+02:00,CC NG 14,0.0
2030,sc01,09-05 08:00:00+02:00,CC NG 03,0.0
2030,sc01,09-05 08:00:00+02:00,CC NG 29,0.0
2030,sc01,09-05 08:00:00+02:00,CC NG 28,0.0
2030,sc01,09-05 08:00:00+02:00,CC NG 25,0.0
2030,sc01,09-05 08:00:00+02:00,CT NG 44,0.0
2030,sc01,09-05 08:00:00+02:00,CT NG 14,0.0
2030,sc01,09-05 08:00:00+02:00,CC NG 15,0.0
2030,sc01,09-05 08:00:00+02:00,CC NG 04,0.0
2030,sc01,09-05 08:00:00+02:00,Biomass 29,0.08112
2030,sc01,09-05 08:00:00+02:00,Wind 14,0.0
2030,sc01,09-05 08:00:00+02:00,Wind 08,0.407635573632
2030,sc01,09-05 08:00:00+02:00,Biomass 61,0.0
2030,sc01,09-05 08:00:00+02:00,CT NG 35,0.0
2030,sc01,09-05 08:00:00+02:00,Solar 33,0.0
2030,sc01,09-05 08:00:00+02:00,CT NG 41,0.0
2030,sc01,09-05 08:00:00+02:00,CT NG 15,0.0
2030,sc01,09-05 08:00:00+02:00,Solar 42,0.0
2030,sc01,09-05 08:00:00+02:00,Solar 07,0.0
2030,sc01,09-05 08:00:00+02:00,Solar 43,0.0
2030,sc01,09-05 08:00:00+02:00,Biomass 05,0.02112
2030,sc01,09-05 08:00:00+02:00,CT NG 29,0.0
2030,sc01,09-05 08:00:00+02:00,Solar 71,0.0
2030,sc01,09-05 08:00:00+02:00,CT NG 53,0.0
2030,sc01,09-05 08:00:00+02:00,CT NG 20,0.0
2030,sc01,09-05 08:00:00+02:00,Biomass 14,0.038400000000000004
2030,sc01,09-05 08:00:00+02:00,Solar 26,0.410525516928
2030,sc01,09-05 08:00:00+02:00,Hydro 29,0.0
2030,sc01,09-05 08:00:00+02:00,Hydro 31,0.00936768
2030,sc01,09-05 08:00:00+02:00,Biomass 24,0.0216
2030,sc01,09-05 08:00:00+02:00,Biomass 54,0.11472000000000002
2030,sc01,09-05 08:00:00+02:00,Solar 36,0.0
2030,sc01,09-05 08:00:00+02:00,Wind 03,0.095735844096
2030,sc01,09-05 08:00:00+02:00,Biomass 40,0.0
2030,sc01,09-05 08:00:00+02:00,Biomass 49,0.0
2030,sc01,09-05 08:00:00+02:00,CC NG 16,8.504196693806643
2030,sc01,09-05 08:00:00+02:00,Biomass 48,0.0
2030,sc01,09-05 08:00:00+02:00,Hydro 28,0.0
2030,sc01,09-05 08:00:00+02:00,Biomass 17,0.01008
2030,sc01,09-05 08:00:00+02:00,CT NG 33,0.0
2030,sc01,09-05 08:00:00+02:00,Solar 45,0.0
2030,sc01,09-05 08:00:00+02:00,Hydro 24,0.0
2030,sc01,09-05 08:00:00+02:00,Wind 13,1.8006651081600002
2030,sc01,09-05 08:00:00+02:00,Biomass 07,0.096
2030,sc01,09-05 08:00:00+02:00,Biomass 34,0.0
2030,sc01,09-05 08:00:00+02:00,Biomass 33,0.0
2030,sc01,09-05 08:00:00+02:00,CT NG 01,0.0
2030,sc01,09-05 08:00:00+02:00,ICE NG 03,0.0
2030,sc01,09-05 08:00:00+02:00,Solar 55,0.0
2030,sc01,09-05 08:00:00+02:00,Solar 11,0.45348386303999993
2030,sc01,09-05 08:00:00+02:00,CT NG 06,0.0
2030,sc01,09-05 08:00:00+02:00,CT NG 70,0.0
2030,sc01,09-05 08:00:00+02:00,Solar 23,0.067147876608
2030,sc01,09-05 08:00:00+02:00,CT NG 67,0.0
2030,sc01,09-05 08:00:00+02:00,Solar 12,0.3510444192
2030,sc01,09-05 08:00:00+02:00,CT Oil 01,0.0
2030,sc01,09-05 08:00:00+02:00,Hydro 26,0.0
2030,sc01,09-05 08:00:00+02:00,CC NG 22,0.0
2030,sc01,09-05 08:00:00+02:00,CC NG 35,0.0
2030,sc01,09-05 08:00:00+02:00,Biomass 50,0.0
2030,sc01,09-05 08:00:00+02:00,ICE NG 04,0.0
2030,sc01,09-05 08:00:00+02:00,CC NG 39,0.0
2030,sc01,09-05 08:00:00+02:00,Hydro 32,0.011241216
2030,sc01,09-05 08:00:00+02:00,ICE NG 07,0.0
2030,sc01,09-05 08:00:00+02:00,Biomass 46,0.0
2030,sc01,09-05 08:00:00+02:00,CC NG 38,0.0
2030,sc01,09-05 08:00:00+02:00,CC NG 12,0.0
2030,sc01,09-05 08:00:00+02:00,Solar 57,0.0
2030,sc01,09-05 08:00:00+02:00,CC NG 32,0.0
2030,sc01,09-05 08:00:00+02:00,CC NG 07,0.0
2030,sc01,09-05 08:00:00+02:00,Biomass 44,0.0
2030,sc01,09-05 08:00:00+02:00,CT NG 40,0.0
2030,sc01,09-05 08:00:00+02:00,Solar 74,9.600000000000001
2030,sc01,09-05 08:00:00+02:00,Hydro 30,0.0
2030,sc01,09-05 08:00:00+02:00,CT NG 42,0.0
2030,sc01,09-05 08:00:00+02:00,Hydro 22,0.0
2030,sc01,09-05 08:00:00+02:00,Solar 17,0.6885383995200001
2030,sc01,09-05 08:00:00+02:00,Solar 38,0.0
2030,sc01,09-05 08:00:00+02:00,CT NG 24,0.0
2030,sc01,09-05 08:00:00+02:00,CC NG 27,0.0
2030,sc01,09-05 08:00:00+02:00,Biomass 21,0.0168
2030,sc01,09-05 08:00:00+02:00,ICE NG 06,0.0
2030,sc01,09-05 08:00:00+02:00,Biomass 25,0.0216
2030,sc01,09-05 08:00:00+02:00,Solar 27,0.169424589696
2030,sc01,09-05 08:00:00+02:00,CT NG 19,0.0
2030,sc01,09-05 08:00:00+02:00,Biomass 42,0.0
2030,sc01,09-05 08:00:00+02:00,Biomass 19,0.0168
2030,sc01,09-05 08:00:00+02:00,Biomass 06,0.02112
2030,sc01,09-05 08:00:00+02:00,CT NG 10,0.0
2030,sc01,09-05 08:00:00+02:00,CC NG 40,0.0
2030,sc01,09-05 08:00:00+02:00,CC NG 21,0.0
2030,sc01,09-05 08:00:00+02:00,Biomass 02,0.04848
2030,sc01,09-05 08:00:00+02:00,CT NG 46,0.0
2030,sc01,09-05 08:00:00+02:00,Hydro 34,0.0
2030,sc01,09-05 08:00:00+02:00,Biomass 10,0.036000000000000004
2030,sc01,09-05 08:00:00+02:00,CT NG 17,0.0
2030,sc01,09-05 08:00:00+02:00,Biomass 62,0.07680000000000001
2030,sc01,09-05 08:00:00+02:00,Biomass 32,0.05711999999999999
2030,sc01,09-05 08:00:00+02:00,CC NG 19,6.49824
2030,sc01,09-05 08:00:00+02:00,CC NG 17,0.0
2030,sc01,09-05 08:00:00+02:00,ST NG 01,0.0
2030,sc01,09-05 08:00:00+02:00,Biomass 45,0.0
2030,sc01,09-05 08:00:00+02:00,Biomass 28,0.08112
2030,sc01,09-05 08:00:00+02:00,CC NG 10,0.0
2030,sc01,09-05 08:00:00+02:00,Biomass 23,0.0216
2030,sc01,09-05 08:00:00+02:00,ST NG 06,0.0
2030,sc01,09-05 08:00:00+02:00,Wind 10,0.5156925
2030,sc01,09-05 08:00:00+02:00,CT NG 69,0.0
2030,sc01,09-05 08:00:00+02:00,CT NG 68,0.0
2030,sc01,09-06 06:00:00+02:00,CC NG 13,0.0
2030,sc01,09-06 06:00:00+02:00,CT NG 37,0.0
2030,sc01,09-06 06:00:00+02:00,ST Coal 01,0.0
2030,sc01,09-06 06:00:00+02:00,CT NG 09,0.0
2030,sc01,09-06 06:00:00+02:00,CT NG 47,0.0
2030,sc01,09-06 06:00:00+02:00,Solar 69,1.7317209585
2030,sc01,09-06 06:00:00+02:00,Solar 34,7.898548074300001
2030,sc01,09-06 06:00:00+02:00,Solar 73,0.0
2030,sc01,09-06 06:00:00+02:00,Biomass 37,0.0
2030,sc01,09-06 06:00:00+02:00,Hydro 20,0.03131856
2030,sc01,09-06 06:00:00+02:00,Solar 01,2.8661282270399995
2030,sc01,09-06 06:00:00+02:00,Solar 62,0.0
2030,sc01,09-06 06:00:00+02:00,Solar 02,1.8111254514600001
2030,sc01,09-06 06:00:00+02:00,CT NG 26,0.0
2030,sc01,09-06 06:00:00+02:00,Biomass 20,0.014039999999999999
2030,sc01,09-06 06:00:00+02:00,Wind 16,0.59944317498
2030,sc01,09-06 06:00:00+02:00,CT NG 66,0.0
2030,sc01,09-06 06:00:00+02:00,Solar 39,0.023557802736
2030,sc01,09-06 06:00:00+02:00,Biomass 41,0.0
2030,sc01,09-06 06:00:00+02:00,Solar 72,0.54793042551
2030,sc01,09-06 06:00:00+02:00,ST NG 03,0.0
2030,sc01,09-06 06:00:00+02:00,Hydro 21,0.03131856
2030,sc01,09-06 06:00:00+02:00,CT NG 03,0.0
2030,sc01,09-06 06:00:00+02:00,CC NG 09,0.0
2030,sc01,09-06 06:00:00+02:00,CT Oil 02,0.0
2030,sc01,09-06 06:00:00+02:00,CT NG 39,0.0
2030,sc01,09-06 06:00:00+02:00,CC NG 08,0.0
2030,sc01,09-06 06:00:00+02:00,Biomass 43,0.0
2030,sc01,09-06 06:00:00+02:00,CT NG 18,0.14738489999999996
2030,sc01,09-06 06:00:00+02:00,ST NG 07,0.0
2030,sc01,09-06 06:00:00+02:00,Biomass 35,0.0
2030,sc01,09-06 06:00:00+02:00,Solar 32,7.4715834999
2030,sc01,09-06 06:00:00+02:00,Biomass 15,0.008190000000000001
2030,sc01,09-06 06:00:00+02:00,CC NG 31,0.0
2030,sc01,09-06 06:00:00+02:00,Solar 16,0.159824878512
2030,sc01,09-06 06:00:00+02:00,Solar 68,1.0875896062200001
2030,sc01,09-06 06:00:00+02:00,CT NG 21,0.0
2030,sc01,09-06 06:00:00+02:00,Wind 11,0.30646475371200005
2030,sc01,09-06 06:00:00+02:00,CC NG 37,0.0
2030,sc01,09-06 06:00:00+02:00,CT NG 22,0.0
2030,sc01,09-06 06:00:00+02:00,Hydro 16,0.015150720000000001
2030,sc01,09-06 06:00:00+02:00,Biomass 59,0.16146000000000002
2030,sc01,09-06 06:00:00+02:00,CC NG 01,0.0
2030,sc01,09-06 06:00:00+02:00,Biomass 16,0.008190000000000001
2030,sc01,09-06 06:00:00+02:00,Solar 03,0.0
2030,sc01,09-06 06:00:00+02:00,Solar 44,0.034225130472
2030,sc01,09-06 06:00:00+02:00,CT NG 08,0.0
2030,sc01,09-06 06:00:00+02:00,Wind 05,0.104023270728
2030,sc01,09-06 06:00:00+02:00,Biomass 26,0.06591
2030,sc01,09-06 06:00:00+02:00,Solar 37,0.65680268784
2030,sc01,09-06 06:00:00+02:00,Biomass 11,0.01365
2030,sc01,09-06 06:00:00+02:00,Solar 59,0.236767079016
2030,sc01,09-06 06:00:00+02:00,CT NG 11,0.0
2030,sc01,09-06 06:00:00+02:00,Biomass 30,0.06591
2030,sc01,09-06 06:00:00+02:00,Hydro 23,14.495761343730997
2030,sc01,09-06 06:00:00+02:00,CC NG 24,0.0
2030,sc01,09-06 06:00:00+02:00,Solar 65,6.6705349814999995
2030,sc01,09-06 06:00:00+02:00,CC NG 18,0.0
2030,sc01,09-06 06:00:00+02:00,CT NG 16,0.0
2030,sc01,09-06 06:00:00+02:00,Solar 51,0.297750828336
2030,sc01,09-06 06:00:00+02:00,Wind 06,0.38202138624
2030,sc01,09-06 06:00:00+02:00,CC NG 26,0.0
2030,sc01,09-06 06:00:00+02:00,CC NG 23,0.0
2030,sc01,09-06 06:00:00+02:00,CT NG 43,0.0
2030,sc01,09-06 06:00:00+02:00,CC NG 11,0.0
2030,sc01,09-06 06:00:00+02:00,CT NG 02,0.0
2030,sc01,09-06 06:00:00+02:00,CT NG 50,0.0
2030,sc01,09-06 06:00:00+02:00,Hydro 27,0.0
2030,sc01,09-06 06:00:00+02:00,CT NG 13,0.0
2030,sc01,09-06 06:00:00+02:00,CT NG 25,0.0
2030,sc01,09-06 06:00:00+02:00,CC NG 05,0.0
2030,sc01,09-06 06:00:00+02:00,Solar 04,0.157346558616
2030,sc01,09-06 06:00:00+02:00,Solar 30,0.154120966896
2030,sc01,09-06 06:00:00+02:00,Solar 29,0.11100822813600002
2030,sc01,09-06 06:00:00+02:00,Solar 53,0.306199706904
2030,sc01,09-06 06:00:00+02:00,Solar 21,0.5970325569
2030,sc01,09-06 06:00:00+02:00,Biomass 58,0.08034000000000001
2030,sc01,09-06 06:00:00+02:00,CT NG 74,0.0
2030,sc01,09-06 06:00:00+02:00,Solar 61,0.038455417104
2030,sc01,09-06 06:00:00+02:00,Wind 07,0.260755891344
2030,sc01,09-06 06:00:00+02:00,Biomass 31,0.06591
2030,sc01,09-06 06:00:00+02:00,CT Oil 05,0.0
2030,sc01,09-06 06:00:00+02:00,Biomass 38,0.0
2030,sc01,09-06 06:00:00+02:00,Solar 41,0.023557802736
2030,sc01,09-06 06:00:00+02:00,Biomass 51,0.0
2030,sc01,09-06 06:00:00+02:00,Biomass 55,0.09477000000000001
2030,sc01,09-06 06:00:00+02:00,Wind 15,2.08250406858
2030,sc01,09-06 06:00:00+02:00,Geo 01,0.0
2030,sc01,09-06 06:00:00+02:00,Biomass 60,0.1053
2030,sc01,09-06 06:00:00+02:00,CT NG 38,0.0
2030,sc01,09-06 06:00:00+02:00,Solar 66,2.15522654841
2030,sc01,09-06 06:00:00+02:00,Solar 49,0.021074992536000002
2030,sc01,09-06 06:00:00+02:00,CT NG 51,0.0
2030,sc01,09-06 06:00:00+02:00,Biomass 18,0.008190000000000001
2030,sc01,09-06 06:00:00+02:00,ICE NG 01,0.0
2030,sc01,09-06 06:00:00+02:00,Solar 15,0.341437508256
2030,sc01,09-06 06:00:00+02:00,ICE NG 05,0.0
2030,sc01,09-06 06:00:00+02:00,CT Oil 04,0.0
2030,sc01,09-06 06:00:00+02:00,CC NG 20,0.0
2030,sc01,09-06 06:00:00+02:00,Solar 20,0.0
2030,sc01,09-06 06:00:00+02:00,Biomass 04,0.0
2030,sc01,09-06 06:00:00+02:00,Wind 02,0.25992261079199996
2030,sc01,09-06 06:00:00+02:00,Hydro 25,0.0
2030,sc01,09-06 06:00:00+02:00,Solar 75,0.0
2030,sc01,09-06 06:00:00+02:00,Hydro 33,0.0
2030,sc01,09-06 06:00:00+02:00,ST NG 05,0.0
2030,sc01,09-06 06:00:00+02:00,CT NG 07,0.0
2030,sc01,09-06 06:00:00+02:00,Wind 01,0.17137821168
2030,sc01,09-06 06:00:00+02:00,Solar 56,0.089016239208
2030,sc01,09-06 06:00:00+02:00,Biomass 09,0.03393
2030,sc01,09-06 06:00:00+02:00,Biomass 53,0.09477000000000001
2030,sc01,09-06 06:00:00+02:00,Wind 17,3.0880605736500004
2030,sc01,09-06 06:00:00+02:00,ST NG 08,0.0
2030,sc01,09-06 06:00:00+02:00,Hydro 19,0.0
2030,sc01,09-06 06:00:00+02:00,ST NG 02,0.0
2030,sc01,09-06 06:00:00+02:00,Biomass 01,0.040170000000000004
2030,sc01,09-06 06:00:00+02:00,Biomass 57,0.08034000000000001
2030,sc01,09-06 06:00:00+02:00,CT NG 49,0.0
2030,sc01,09-06 06:00:00+02:00,CT NG 31,0.0
2030,sc01,09-06 06:00:00+02:00,Solar 64,3.5020238136
2030,sc01,09-06 06:00:00+02:00,CC NG 33,0.0
2030,sc01,09-06 06:00:00+02:00,Solar 46,0.034225130472
2030,sc01,09-06 06:00:00+02:00,Biomass 12,0.01365
2030,sc01,09-06 06:00:00+02:00,Wind 04,0.086554393848
2030,sc01,09-06 06:00:00+02:00,Solar 13,0.008571320472
2030,sc01,09-06 06:00:00+02:00,CT NG 55,0.0
2030,sc01,09-06 06:00:00+02:00,Wind N03,118.771560531
2030,sc01,09-06 06:00:00+02:00,CT NG 28,0.0
2030,sc01,09-06 06:00:00+02:00,Wind 09,1.5043149548699999
2030,sc01,09-06 06:00:00+02:00,Solar 60,0.5000314312499999
2030,sc01,09-06 06:00:00+02:00,Solar 25,0.062854996776
2030,sc01,09-06 06:00:00+02:00,CT NG 23,0.0
2030,sc01,09-06 06:00:00+02:00,ST Other 01,0.0
2030,sc01,09-06 06:00:00+02:00,Solar 70,13.0656945549
2030,sc01,09-06 06:00:00+02:00,CC NG 34,0.0
2030,sc01,09-06 06:00:00+02:00,Solar 48,0.034225130472
2030,sc01,09-06 06:00:00+02:00,Biomass 56,0.0897
2030,sc01,09-06 06:00:00+02:00,CT NG 36,0.0
2030,sc01,09-06 06:00:00+02:00,Solar 47,0.034225130472
2030,sc01,09-06 06:00:00+02:00,Hydro 17,0.02556684
2030,sc01,09-06 06:00:00+02:00,Solar 09,0.41658839195999997
2030,sc01,09-06 06:00:00+02:00,Solar 08,0.081379822992
2030,sc01,09-06 06:00:00+02:00,CT NG 45,0.0
2030,sc01,09-06 06:00:00+02:00,ST NG 04,0.0
2030,sc01,09-06 06:00:00+02:00,Solar 40,0.023557802736
2030,sc01,09-06 06:00:00+02:00,Biomass 47,0.0
2030,sc01,09-06 06:00:00+02:00,Solar 50,0.062109805368
2030,sc01,09-06 06:00:00+02:00,Solar 52,0.140875362888
2030,sc01,09-06 06:00:00+02:00,Solar 63,7.4786809929
2030,sc01,09-06 06:00:00+02:00,CC NG 06,0.0
2030,sc01,09-06 06:00:00+02:00,Biomass 39,0.0
2030,sc01,09-06 06:00:00+02:00,Solar 67,4.9853703393
2030,sc01,09-06 06:00:00+02:00,Solar 19,0.0
2030,sc01,09-06 06:00:00+02:00,Wind 12,1.49668949118
2030,sc01,09-06 06:00:00+02:00,Solar 24,0.046880512848
2030,sc01,09-06 06:00:00+02:00,ICE NG 02,0.0
2030,sc01,09-06 06:00:00+02:00,Solar 05,0.0
2030,sc01,09-06 06:00:00+02:00,CT NG 54,0.0
2030,sc01,09-06 06:00:00+02:00,Wind N01,14.199361839
2030,sc01,09-06 06:00:00+02:00,CT NG 27,0.0
2030,sc01,09-06 06:00:00+02:00,CC NG 36,0.0
2030,sc01,09-06 06:00:00+02:00,Wind N02,23.1114272766
2030,sc01,09-06 06:00:00+02:00,CT NG 52,0.0
2030,sc01,09-06 06:00:00+02:00,Solar 35,1.15685209458
2030,sc01,09-06 06:00:00+02:00,CT NG 05,0.0
2030,sc01,09-06 06:00:00+02:00,Biomass 36,0.0
2030,sc01,09-06 06:00:00+02:00,CT NG 34,0.0
2030,sc01,09-06 06:00:00+02:00,CT Oil 03,0.0
2030,sc01,09-06 06:00:00+02:00,Hydro 35,0.0
2030,sc01,09-06 06:00:00+02:00,Solar 14,0.379601625624
2030,sc01,09-06 06:00:00+02:00,CT NG 75,0.0
2030,sc01,09-06 06:00:00+02:00,ST NG 09,0.0
2030,sc01,09-06 06:00:00+02:00,CT NG 56,0.0
2030,sc01,09-06 06:00:00+02:00,Biomass 22,0.014039999999999999
2030,sc01,09-06 06:00:00+02:00,Solar 18,0.40038976419
2030,sc01,09-06 06:00:00+02:00,Biomass 13,0.01365
2030,sc01,09-06 06:00:00+02:00,CT NG 71,0.0
2030,sc01,09-06 06:00:00+02:00,Solar 58,0.10608869980800001
2030,sc01,09-06 06:00:00+02:00,Solar 06,0.04785564576
2030,sc01,09-06 06:00:00+02:00,Biomass 08,0.03393
2030,sc01,09-06 06:00:00+02:00,CT NG 72,0.0
2030,sc01,09-06 06:00:00+02:00,Hydro 18,0.08806355999999999
2030,sc01,09-06 06:00:00+02:00,Solar 10,0.0
2030,sc01,09-06 06:00:00+02:00,CT NG 04,0.0
2030,sc01,09-06 06:00:00+02:00,ST Other 02,0.0
2030,sc01,09-06 06:00:00+02:00,CT NG 12,0.0
2030,sc01,09-06 06:00:00+02:00,CT NG 48,0.0
2030,sc01,09-06 06:00:00+02:00,ST NG 10,0.0
2030,sc01,09-06 06:00:00+02:00,Solar 22,0.115460546136
2030,sc01,09-06 06:00:00+02:00,Solar 28,0.10332374364000001
2030,sc01,09-06 06:00:00+02:00,CT NG 73,0.0
2030,sc01,09-06 06:00:00+02:00,Biomass 52,0.0
2030,sc01,09-06 06:00:00+02:00,CT NG 30,0.0
2030,sc01,09-06 06:00:00+02:00,Solar 54,0.121783399296
2030,sc01,09-06 06:00:00+02:00,Solar 31,4.9423719735
2030,sc01,09-06 06:00:00+02:00,Biomass 03,0.0
2030,sc01,09-06 06:00:00+02:00,CT NG 32,0.0
2030,sc01,09-06 06:00:00+02:00,Biomass 27,0.06591
2030,sc01,09-06 06:00:00+02:00,CC NG 14,0.0
2030,sc01,09-06 06:00:00+02:00,CC NG 03,0.0
2030,sc01,09-06 06:00:00+02:00,CC NG 29,0.0
2030,sc01,09-06 06:00:00+02:00,CC NG 28,0.0
2030,sc01,09-06 06:00:00+02:00,CC NG 25,0.0
2030,sc01,09-06 06:00:00+02:00,CT NG 44,0.0
2030,sc01,09-06 06:00:00+02:00,CT NG 14,0.0
2030,sc01,09-06 06:00:00+02:00,CC NG 15,0.0
2030,sc01,09-06 06:00:00+02:00,CC NG 04,0.0
2030,sc01,09-06 06:00:00+02:00,Biomass 29,0.06591
2030,sc01,09-06 06:00:00+02:00,Wind 14,3.15608617272
2030,sc01,09-06 06:00:00+02:00,Wind 08,1.6235331411000002
2030,sc01,09-06 06:00:00+02:00,Biomass 61,0.0
2030,sc01,09-06 06:00:00+02:00,CT NG 35,0.0
2030,sc01,09-06 06:00:00+02:00,Solar 33,5.6804982
2030,sc01,09-06 06:00:00+02:00,CT NG 41,0.0
2030,sc01,09-06 06:00:00+02:00,CT NG 15,0.0
2030,sc01,09-06 06:00:00+02:00,Solar 42,0.034225130472
2030,sc01,09-06 06:00:00+02:00,Solar 07,0.0
2030,sc01,09-06 06:00:00+02:00,Solar 43,0.034225130472
2030,sc01,09-06 06:00:00+02:00,Biomass 05,0.01716
2030,sc01,09-06 06:00:00+02:00,CT NG 29,0.0
2030,sc01,09-06 06:00:00+02:00,Solar 71,11.611356853200002
2030,sc01,09-06 06:00:00+02:00,CT NG 53,0.0
2030,sc01,09-06 06:00:00+02:00,CT NG 20,0.0
2030,sc01,09-06 06:00:00+02:00,Biomass 14,0.030420000000000003
2030,sc01,09-06 06:00:00+02:00,Solar 26,0.058208115576
2030,sc01,09-06 06:00:00+02:00,Hydro 29,25.93343991134169
2030,sc01,09-06 06:00:00+02:00,Hydro 31,0.007575360000000001
2030,sc01,09-06 06:00:00+02:00,Biomass 24,0.015210000000000001
2030,sc01,09-06 06:00:00+02:00,Biomass 54,0.09477000000000001
2030,sc01,09-06 06:00:00+02:00,Solar 36,3.5434627831200003
2030,sc01,09-06 06:00:00+02:00,Wind 03,0.119878271448
2030,sc01,09-06 06:00:00+02:00,Biomass 40,0.0
2030,sc01,09-06 06:00:00+02:00,Biomass 49,0.0
2030,sc01,09-06 06:00:00+02:00,CC NG 16,35.34479648647333
2030,sc01,09-06 06:00:00+02:00,Biomass 48,0.0
2030,sc01,09-06 06:00:00+02:00,Hydro 28,43.0910766
2030,sc01,09-06 06:00:00+02:00,Biomass 17,0.008190000000000001
2030,sc01,09-06 06:00:00+02:00,CT NG 33,0.0
2030,sc01,09-06 06:00:00+02:00,Solar 45,0.034225130472
2030,sc01,09-06 06:00:00+02:00,Hydro 24,0.0
2030,sc01,09-06 06:00:00+02:00,Wind 13,0.6745367179200001
2030,sc01,09-06 06:00:00+02:00,Biomass 07,0.078
2030,sc01,09-06 06:00:00+02:00,Biomass 34,0.0
2030,sc01,09-06 06:00:00+02:00,Biomass 33,0.0
2030,sc01,09-06 06:00:00+02:00,CT NG 01,0.0
2030,sc01,09-06 06:00:00+02:00,ICE NG 03,0.0
2030,sc01,09-06 06:00:00+02:00,Solar 55,0.08877646096800001
2030,sc01,09-06 06:00:00+02:00,Solar 11,0.064299148368
2030,sc01,09-06 06:00:00+02:00,CT NG 06,0.0
2030,sc01,09-06 06:00:00+02:00,CT NG 70,0.0
2030,sc01,09-06 06:00:00+02:00,Solar 23,0.009520848792
2030,sc01,09-06 06:00:00+02:00,CT NG 67,0.0
2030,sc01,09-06 06:00:00+02:00,Solar 12,0.049774334064
2030,sc01,09-06 06:00:00+02:00,CT Oil 01,0.0
2030,sc01,09-06 06:00:00+02:00,Hydro 26,0.0
2030,sc01,09-06 06:00:00+02:00,CC NG 22,0.0
2030,sc01,09-06 06:00:00+02:00,CC NG 35,0.0
2030,sc01,09-06 06:00:00+02:00,Biomass 50,0.0
2030,sc01,09-06 06:00:00+02:00,ICE NG 04,0.0
2030,sc01,09-06 06:00:00+02:00,CC NG 39,0.0
2030,sc01,09-06 06:00:00+02:00,Hydro 32,0.009090432
2030,sc01,09-06 06:00:00+02:00,ICE NG 07,0.0
2030,sc01,09-06 06:00:00+02:00,Biomass 46,0.0
2030,sc01,09-06 06:00:00+02:00,CC NG 38,0.0
2030,sc01,09-06 06:00:00+02:00,CC NG 12,0.0
2030,sc01,09-06 06:00:00+02:00,Solar 57,0.09059975651999999
2030,sc01,09-06 06:00:00+02:00,CC NG 32,0.0
2030,sc01,09-06 06:00:00+02:00,CC NG 07,0.0
2030,sc01,09-06 06:00:00+02:00,Biomass 44,0.0
2030,sc01,09-06 06:00:00+02:00,CT NG 40,0.0
2030,sc01,09-06 06:00:00+02:00,Solar 74,0.39070755828000003
2030,sc01,09-06 06:00:00+02:00,Hydro 30,0.0
2030,sc01,09-06 06:00:00+02:00,CT NG 42,0.0
2030,sc01,09-06 06:00:00+02:00,Hydro 22,0.03131856
2030,sc01,09-06 06:00:00+02:00,Solar 17,0.097627360896
2030,sc01,09-06 06:00:00+02:00,Solar 38,0.116483682744
2030,sc01,09-06 06:00:00+02:00,CT NG 24,0.0
2030,sc01,09-06 06:00:00+02:00,CC NG 27,0.0
2030,sc01,09-06 06:00:00+02:00,Biomass 21,0.014039999999999999
2030,sc01,09-06 06:00:00+02:00,ICE NG 06,0.0
2030,sc01,09-06 06:00:00+02:00,Biomass 25,0.015210000000000001
2030,sc01,09-06 06:00:00+02:00,Solar 27,0.0
2030,sc01,09-06 06:00:00+02:00,CT NG 19,0.0
2030,sc01,09-06 06:00:00+02:00,Biomass 42,0.0
2030,sc01,09-06 06:00:00+02:00,Biomass 19,0.014039999999999999
2030,sc01,09-06 06:00:00+02:00,Biomass 06,0.01716
2030,sc01,09-06 06:00:00+02:00,CT NG 10,0.0
2030,sc01,09-06 06:00:00+02:00,CC NG 40,0.0
2030,sc01,09-06 06:00:00+02:00,CC NG 21,0.0
2030,sc01,09-06 06:00:00+02:00,Biomass 02,0.040170000000000004
2030,sc01,09-06 06:00:00+02:00,CT NG 46,0.0
2030,sc01,09-06 06:00:00+02:00,Hydro 34,42.9493779
2030,sc01,09-06 06:00:00+02:00,Biomass 10,0.03393
2030,sc01,09-06 06:00:00+02:00,CT NG 17,0.0
2030,sc01,09-06 06:00:00+02:00,Biomass 62,0.07449
2030,sc01,09-06 06:00:00+02:00,Biomass 32,0.04640999999999999
2030,sc01,09-06 06:00:00+02:00,CC NG 19,5.27982
2030,sc01,09-06 06:00:00+02:00,CC NG 17,0.0
2030,sc01,09-06 06:00:00+02:00,ST NG 01,0.0
2030,sc01,09-06 06:00:00+02:00,Biomass 45,0.0
2030,sc01,09-06 06:00:00+02:00,Biomass 28,0.06591
2030,sc01,09-06 06:00:00+02:00,CC NG 10,0.0
2030,sc01,09-06 06:00:00+02:00,Biomass 23,0.015210000000000001
2030,sc01,09-06 06:00:00+02:00,ST NG 06,0.0
2030,sc01,09-06 06:00:00+02:00,Wind 10,1.56204211566
2030,sc01,09-06 06:00:00+02:00,CT NG 69,0.0
2030,sc01,09-06 06:00:00+02:00,CT NG 68,0.0
2030,sc01,09-06 11:00:00+02:00,CC NG 13,0.0
2030,sc01,09-06 11:00:00+02:00,CT NG 37,0.0
2030,sc01,09-06 11:00:00+02:00,ST Coal 01,0.0
2030,sc01,09-06 11:00:00+02:00,CT NG 09,0.0
2030,sc01,09-06 11:00:00+02:00,CT NG 47,0.0
2030,sc01,09-06 11:00:00+02:00,Solar 69,0.0
2030,sc01,09-06 11:00:00+02:00,Solar 34,35.433323592
2030,sc01,09-06 11:00:00+02:00,Solar 73,7.6000000000000005
2030,sc01,09-06 11:00:00+02:00,Biomass 37,0.0
2030,sc01,09-06 11:00:00+02:00,Hydro 20,0.0
2030,sc01,09-06 11:00:00+02:00,Solar 01,23.2626561028
2030,sc01,09-06 11:00:00+02:00,Solar 62,30.369600000000002
2030,sc01,09-06 11:00:00+02:00,Solar 02,10.9791971086
2030,sc01,09-06 11:00:00+02:00,CT NG 26,0.0
2030,sc01,09-06 11:00:00+02:00,Biomass 20,0.01368
2030,sc01,09-06 11:00:00+02:00,Wind 16,4.721772057200001
2030,sc01,09-06 11:00:00+02:00,CT NG 66,0.0
2030,sc01,09-06 11:00:00+02:00,Solar 39,0.0
2030,sc01,09-06 11:00:00+02:00,Biomass 41,0.0
2030,sc01,09-06 11:00:00+02:00,Solar 72,0.32885930454885126
2030,sc01,09-06 11:00:00+02:00,ST NG 03,0.0
2030,sc01,09-06 11:00:00+02:00,Hydro 21,1.01137152
2030,sc01,09-06 11:00:00+02:00,CT NG 03,0.0
2030,sc01,09-06 11:00:00+02:00,CC NG 09,0.0
2030,sc01,09-06 11:00:00+02:00,CT Oil 02,0.0
2030,sc01,09-06 11:00:00+02:00,CT NG 39,0.0
2030,sc01,09-06 11:00:00+02:00,CC NG 08,0.0
2030,sc01,09-06 11:00:00+02:00,Biomass 43,0.0
2030,sc01,09-06 11:00:00+02:00,CT NG 18,0.14360579999999998
2030,sc01,09-06 11:00:00+02:00,ST NG 07,0.0
2030,sc01,09-06 11:00:00+02:00,Biomass 35,0.0
2030,sc01,09-06 11:00:00+02:00,Solar 32,0.0
2030,sc01,09-06 11:00:00+02:00,Biomass 15,0.007980000000000001
2030,sc01,09-06 11:00:00+02:00,CC NG 31,0.0
2030,sc01,09-06 11:00:00+02:00,Solar 16,1.5923756458799998
2030,sc01,09-06 11:00:00+02:00,Solar 68,20.2721082768
2030,sc01,09-06 11:00:00+02:00,CT NG 21,0.0
2030,sc01,09-06 11:00:00+02:00,Wind 11,0.11840150443200001
2030,sc01,09-06 11:00:00+02:00,CC NG 37,0.0
2030,sc01,09-06 11:00:00+02:00,CT NG 22,0.0
2030,sc01,09-06 11:00:00+02:00,Hydro 16,0.014421760000000002
2030,sc01,09-06 11:00:00+02:00,Biomass 59,0.15732000000000002
2030,sc01,09-06 11:00:00+02:00,CC NG 01,0.0
2030,sc01,09-06 11:00:00+02:00,Biomass 16,0.007980000000000001
2030,sc01,09-06 11:00:00+02:00,Solar 03,6.972995717400001
2030,sc01,09-06 11:00:00+02:00,Solar 44,0.0
2030,sc01,09-06 11:00:00+02:00,CT NG 08,0.0
2030,sc01,09-06 11:00:00+02:00,Wind 05,0.03138147008
2030,sc01,09-06 11:00:00+02:00,Biomass 26,0.06422
2030,sc01,09-06 11:00:00+02:00,Solar 37,0.0
2030,sc01,09-06 11:00:00+02:00,Biomass 11,0.0133
2030,sc01,09-06 11:00:00+02:00,Solar 59,0.0
2030,sc01,09-06 11:00:00+02:00,CT NG 11,0.0
2030,sc01,09-06 11:00:00+02:00,Biomass 30,0.06422
2030,sc01,09-06 11:00:00+02:00,Hydro 23,0.0
2030,sc01,09-06 11:00:00+02:00,CC NG 24,0.0
2030,sc01,09-06 11:00:00+02:00,Solar 65,14.191499437
2030,sc01,09-06 11:00:00+02:00,CC NG 18,0.0
2030,sc01,09-06 11:00:00+02:00,CT NG 16,0.0
2030,sc01,09-06 11:00:00+02:00,Solar 51,0.0
2030,sc01,09-06 11:00:00+02:00,Wind 06,0.10359492420800001
2030,sc01,09-06 11:00:00+02:00,CC NG 26,0.0
2030,sc01,09-06 11:00:00+02:00,CC NG 23,0.0
2030,sc01,09-06 11:00:00+02:00,CT NG 43,0.0
2030,sc01,09-06 11:00:00+02:00,CC NG 11,0.0
2030,sc01,09-06 11:00:00+02:00,CT NG 02,0.0
2030,sc01,09-06 11:00:00+02:00,CT NG 50,0.0
2030,sc01,09-06 11:00:00+02:00,Hydro 27,0.0
2030,sc01,09-06 11:00:00+02:00,CT NG 13,0.0
2030,sc01,09-06 11:00:00+02:00,CT NG 25,0.0
2030,sc01,09-06 11:00:00+02:00,CC NG 05,0.3675279110163301
2030,sc01,09-06 11:00:00+02:00,Solar 04,1.1552148933400002
2030,sc01,09-06 11:00:00+02:00,Solar 30,1.368
2030,sc01,09-06 11:00:00+02:00,Solar 29,1.7894128043200004
2030,sc01,09-06 11:00:00+02:00,Solar 53,0.0
2030,sc01,09-06 11:00:00+02:00,Solar 21,4.3833237158000005
2030,sc01,09-06 11:00:00+02:00,Biomass 58,0.07828
2030,sc01,09-06 11:00:00+02:00,CT NG 74,0.0
2030,sc01,09-06 11:00:00+02:00,Solar 61,0.0
2030,sc01,09-06 11:00:00+02:00,Wind 07,0.10203717592
2030,sc01,09-06 11:00:00+02:00,Biomass 31,0.06422
2030,sc01,09-06 11:00:00+02:00,CT Oil 05,0.0
2030,sc01,09-06 11:00:00+02:00,Biomass 38,0.0
2030,sc01,09-06 11:00:00+02:00,Solar 41,0.0
2030,sc01,09-06 11:00:00+02:00,Biomass 51,0.0
2030,sc01,09-06 11:00:00+02:00,Biomass 55,0.09234
2030,sc01,09-06 11:00:00+02:00,Wind 15,1.6497890262200001
2030,sc01,09-06 11:00:00+02:00,Geo 01,0.0
2030,sc01,09-06 11:00:00+02:00,Biomass 60,0.10260000000000001
2030,sc01,09-06 11:00:00+02:00,CT NG 38,0.0
2030,sc01,09-06 11:00:00+02:00,Solar 66,30.7863829968
2030,sc01,09-06 11:00:00+02:00,Solar 49,0.0
2030,sc01,09-06 11:00:00+02:00,CT NG 51,0.0
2030,sc01,09-06 11:00:00+02:00,Biomass 18,0.007980000000000001
2030,sc01,09-06 11:00:00+02:00,ICE NG 01,0.0
2030,sc01,09-06 11:00:00+02:00,Solar 15,2.50678310738
2030,sc01,09-06 11:00:00+02:00,ICE NG 05,0.0
2030,sc01,09-06 11:00:00+02:00,CT Oil 04,0.0
2030,sc01,09-06 11:00:00+02:00,CC NG 20,0.0
2030,sc01,09-06 11:00:00+02:00,Solar 20,2.34138717828
2030,sc01,09-06 11:00:00+02:00,Biomass 04,0.0
2030,sc01,09-06 11:00:00+02:00,Wind 02,0.28370628148800003
2030,sc01,09-06 11:00:00+02:00,Hydro 25,0.7030608
2030,sc01,09-06 11:00:00+02:00,Solar 75,9.0168084958
2030,sc01,09-06 11:00:00+02:00,Hydro 33,41.848111800000005
2030,sc01,09-06 11:00:00+02:00,ST NG 05,0.0
2030,sc01,09-06 11:00:00+02:00,CT NG 07,0.0
2030,sc01,09-06 11:00:00+02:00,Wind 01,0.055581565792
2030,sc01,09-06 11:00:00+02:00,Solar 56,0.0
2030,sc01,09-06 11:00:00+02:00,Biomass 09,0.03306
2030,sc01,09-06 11:00:00+02:00,Biomass 53,0.09234
2030,sc01,09-06 11:00:00+02:00,Wind 17,2.4925519094000004
2030,sc01,09-06 11:00:00+02:00,ST NG 08,0.0
2030,sc01,09-06 11:00:00+02:00,Hydro 19,1.196525
2030,sc01,09-06 11:00:00+02:00,ST NG 02,0.0
2030,sc01,09-06 11:00:00+02:00,Biomass 01,0.03914
2030,sc01,09-06 11:00:00+02:00,Biomass 57,0.07828
2030,sc01,09-06 11:00:00+02:00,CT NG 49,0.0
2030,sc01,09-06 11:00:00+02:00,CT NG 31,0.0
2030,sc01,09-06 11:00:00+02:00,Solar 64,6.384
2030,sc01,09-06 11:00:00+02:00,CC NG 33,0.0
2030,sc01,09-06 11:00:00+02:00,Solar 46,0.0
2030,sc01,09-06 11:00:00+02:00,Biomass 12,0.0133
2030,sc01,09-06 11:00:00+02:00,Wind 04,0.081888815008
2030,sc01,09-06 11:00:00+02:00,Solar 13,0.062929351888
2030,sc01,09-06 11:00:00+02:00,CT NG 55,0.0
2030,sc01,09-06 11:00:00+02:00,Wind N03,95.86738112200001
2030,sc01,09-06 11:00:00+02:00,CT NG 28,0.0
2030,sc01,09-06 11:00:00+02:00,Wind 09,0.43300131776000006
2030,sc01,09-06 11:00:00+02:00,Solar 60,0.0
2030,sc01,09-06 11:00:00+02:00,Solar 25,0.46147198252
2030,sc01,09-06 11:00:00+02:00,CT NG 23,0.0
2030,sc01,09-06 11:00:00+02:00,ST Other 01,0.0
2030,sc01,09-06 11:00:00+02:00,Solar 70,38.19547481200001
2030,sc01,09-06 11:00:00+02:00,CC NG 34,0.0
2030,sc01,09-06 11:00:00+02:00,Solar 48,0.0
2030,sc01,09-06 11:00:00+02:00,Biomass 56,0.0874
2030,sc01,09-06 11:00:00+02:00,CT NG 36,0.0
2030,sc01,09-06 11:00:00+02:00,Solar 47,0.0
2030,sc01,09-06 11:00:00+02:00,Hydro 17,0.0
2030,sc01,09-06 11:00:00+02:00,Solar 09,1.9312533657294204
2030,sc01,09-06 11:00:00+02:00,Solar 08,0.0
2030,sc01,09-06 11:00:00+02:00,CT NG 45,0.0
2030,sc01,09-06 11:00:00+02:00,ST NG 04,0.0
2030,sc01,09-06 11:00:00+02:00,Solar 40,0.0
2030,sc01,09-06 11:00:00+02:00,Biomass 47,0.0
2030,sc01,09-06 11:00:00+02:00,Solar 50,0.0
2030,sc01,09-06 11:00:00+02:00,Solar 52,0.0
2030,sc01,09-06 11:00:00+02:00,Solar 63,15.910822360800001
2030,sc01,09-06 11:00:00+02:00,CC NG 06,0.0
2030,sc01,09-06 11:00:00+02:00,Biomass 39,0.0
2030,sc01,09-06 11:00:00+02:00,Solar 67,0.0
2030,sc01,09-06 11:00:00+02:00,Solar 19,0.023800163952000006
2030,sc01,09-06 11:00:00+02:00,Wind 12,0.6612295305600001
2030,sc01,09-06 11:00:00+02:00,Solar 24,0.344189711696
2030,sc01,09-06 11:00:00+02:00,ICE NG 02,0.0
2030,sc01,09-06 11:00:00+02:00,Solar 05,0.0
2030,sc01,09-06 11:00:00+02:00,CT NG 54,0.0
2030,sc01,09-06 11:00:00+02:00,Wind N01,6.2732032404
2030,sc01,09-06 11:00:00+02:00,CT NG 27,0.0
2030,sc01,09-06 11:00:00+02:00,CC NG 36,0.0
2030,sc01,09-06 11:00:00+02:00,Wind N02,30.8682122741015
2030,sc01,09-06 11:00:00+02:00,CT NG 52,0.0
2030,sc01,09-06 11:00:00+02:00,Solar 35,0.0
2030,sc01,09-06 11:00:00+02:00,CT NG 05,0.0
2030,sc01,09-06 11:00:00+02:00,Biomass 36,0.0
2030,sc01,09-06 11:00:00+02:00,CT NG 34,0.0
2030,sc01,09-06 11:00:00+02:00,CT Oil 03,0.0
2030,sc01,09-06 11:00:00+02:00,Hydro 35,0.0
2030,sc01,09-06 11:00:00+02:00,Solar 14,2.78697834672
2030,sc01,09-06 11:00:00+02:00,CT NG 75,0.0
2030,sc01,09-06 11:00:00+02:00,ST NG 09,0.0
2030,sc01,09-06 11:00:00+02:00,CT NG 56,0.0
2030,sc01,09-06 11:00:00+02:00,Biomass 22,0.01368
2030,sc01,09-06 11:00:00+02:00,Solar 18,2.9396017496400004
2030,sc01,09-06 11:00:00+02:00,Biomass 13,0.0133
2030,sc01,09-06 11:00:00+02:00,CT NG 71,0.0
2030,sc01,09-06 11:00:00+02:00,Solar 58,0.0
2030,sc01,09-06 11:00:00+02:00,Solar 06,0.0
2030,sc01,09-06 11:00:00+02:00,Biomass 08,0.03306
2030,sc01,09-06 11:00:00+02:00,CT NG 72,0.0
2030,sc01,09-06 11:00:00+02:00,Hydro 18,0.0
2030,sc01,09-06 11:00:00+02:00,Solar 10,2.2553107654
2030,sc01,09-06 11:00:00+02:00,CT NG 04,0.0
2030,sc01,09-06 11:00:00+02:00,ST Other 02,0.0
2030,sc01,09-06 11:00:00+02:00,CT NG 12,0.0
2030,sc01,09-06 11:00:00+02:00,CT NG 48,0.0
2030,sc01,09-06 11:00:00+02:00,ST NG 10,0.0
2030,sc01,09-06 11:00:00+02:00,Solar 22,1.86118257364
2030,sc01,09-06 11:00:00+02:00,Solar 28,1.66554167086
2030,sc01,09-06 11:00:00+02:00,CT NG 73,0.0
2030,sc01,09-06 11:00:00+02:00,Biomass 52,0.0
2030,sc01,09-06 11:00:00+02:00,CT NG 30,0.0
2030,sc01,09-06 11:00:00+02:00,Solar 54,0.0
2030,sc01,09-06 11:00:00+02:00,Solar 31,0.0
2030,sc01,09-06 11:00:00+02:00,Biomass 03,0.0
2030,sc01,09-06 11:00:00+02:00,CT NG 32,0.0
2030,sc01,09-06 11:00:00+02:00,Biomass 27,0.06422
2030,sc01,09-06 11:00:00+02:00,CC NG 14,0.0
2030,sc01,09-06 11:00:00+02:00,CC NG 03,0.0
2030,sc01,09-06 11:00:00+02:00,CC NG 29,0.0
2030,sc01,09-06 11:00:00+02:00,CC NG 28,0.0
2030,sc01,09-06 11:00:00+02:00,CC NG 25,0.0
2030,sc01,09-06 11:00:00+02:00,CT NG 44,0.0
2030,sc01,09-06 11:00:00+02:00,CT NG 14,0.0
2030,sc01,09-06 11:00:00+02:00,CC NG 15,0.0
2030,sc01,09-06 11:00:00+02:00,CC NG 04,0.0
2030,sc01,09-06 11:00:00+02:00,Biomass 29,0.06422
2030,sc01,09-06 11:00:00+02:00,Wind 14,0.0
2030,sc01,09-06 11:00:00+02:00,Wind 08,0.4933625082
2030,sc01,09-06 11:00:00+02:00,Biomass 61,0.0
2030,sc01,09-06 11:00:00+02:00,CT NG 35,0.0
2030,sc01,09-06 11:00:00+02:00,Solar 33,0.0
2030,sc01,09-06 11:00:00+02:00,CT NG 41,0.0
2030,sc01,09-06 11:00:00+02:00,CT NG 15,0.0
2030,sc01,09-06 11:00:00+02:00,Solar 42,0.0
2030,sc01,09-06 11:00:00+02:00,Solar 07,0.0
2030,sc01,09-06 11:00:00+02:00,Solar 43,0.0
2030,sc01,09-06 11:00:00+02:00,Biomass 05,0.016720000000000002
2030,sc01,09-06 11:00:00+02:00,CT NG 29,0.0
2030,sc01,09-06 11:00:00+02:00,Solar 71,0.0
2030,sc01,09-06 11:00:00+02:00,CT NG 53,0.0
2030,sc01,09-06 11:00:00+02:00,CT NG 20,0.0
2030,sc01,09-06 11:00:00+02:00,Biomass 14,0.029640000000000003
2030,sc01,09-06 11:00:00+02:00,Solar 26,0.42735527700000003
2030,sc01,09-06 11:00:00+02:00,Hydro 29,0.0
2030,sc01,09-06 11:00:00+02:00,Hydro 31,0.007210880000000001
2030,sc01,09-06 11:00:00+02:00,Biomass 24,0.014820000000000002
2030,sc01,09-06 11:00:00+02:00,Biomass 54,0.09234
2030,sc01,09-06 11:00:00+02:00,Solar 36,8.3223557256
2030,sc01,09-06 11:00:00+02:00,Wind 03,0.128469165152
2030,sc01,09-06 11:00:00+02:00,Biomass 40,0.0
2030,sc01,09-06 11:00:00+02:00,Biomass 49,0.0
2030,sc01,09-06 11:00:00+02:00,CC NG 16,18.702124709974203
2030,sc01,09-06 11:00:00+02:00,Biomass 48,0.0
2030,sc01,09-06 11:00:00+02:00,Hydro 28,27.080185698371682
2030,sc01,09-06 11:00:00+02:00,Biomass 17,0.007980000000000001
2030,sc01,09-06 11:00:00+02:00,CT NG 33,0.0
2030,sc01,09-06 11:00:00+02:00,Solar 45,0.0
2030,sc01,09-06 11:00:00+02:00,Hydro 24,0.0
2030,sc01,09-06 11:00:00+02:00,Wind 13,0.293914924944
2030,sc01,09-06 11:00:00+02:00,Biomass 07,0.076
2030,sc01,09-06 11:00:00+02:00,Biomass 34,0.0
2030,sc01,09-06 11:00:00+02:00,Biomass 33,0.0
2030,sc01,09-06 11:00:00+02:00,CT NG 01,0.0
2030,sc01,09-06 11:00:00+02:00,ICE NG 03,0.0
2030,sc01,09-06 11:00:00+02:00,Solar 55,0.0
2030,sc01,09-06 11:00:00+02:00,Solar 11,0.47207472884000007
2030,sc01,09-06 11:00:00+02:00,CT NG 06,0.0
2030,sc01,09-06 11:00:00+02:00,CT NG 70,0.0
2030,sc01,09-06 11:00:00+02:00,Solar 23,0.069900647664
2030,sc01,09-06 11:00:00+02:00,CT NG 67,0.0
2030,sc01,09-06 11:00:00+02:00,Solar 12,0.365435713552
2030,sc01,09-06 11:00:00+02:00,CT Oil 01,0.0
2030,sc01,09-06 11:00:00+02:00,Hydro 26,0.7030608
2030,sc01,09-06 11:00:00+02:00,CC NG 22,0.0
2030,sc01,09-06 11:00:00+02:00,CC NG 35,0.0
2030,sc01,09-06 11:00:00+02:00,Biomass 50,0.0
2030,sc01,09-06 11:00:00+02:00,ICE NG 04,0.0
2030,sc01,09-06 11:00:00+02:00,CC NG 39,0.0
2030,sc01,09-06 11:00:00+02:00,Hydro 32,0.008653056000000001
2030,sc01,09-06 11:00:00+02:00,ICE NG 07,0.0
2030,sc01,09-06 11:00:00+02:00,Biomass 46,0.0
2030,sc01,09-06 11:00:00+02:00,CC NG 38,0.0
2030,sc01,09-06 11:00:00+02:00,CC NG 12,0.0
2030,sc01,09-06 11:00:00+02:00,Solar 57,0.0
2030,sc01,09-06 11:00:00+02:00,CC NG 32,0.0
2030,sc01,09-06 11:00:00+02:00,CC NG 07,0.0
2030,sc01,09-06 11:00:00+02:00,Biomass 44,0.0
2030,sc01,09-06 11:00:00+02:00,CT NG 40,0.0
2030,sc01,09-06 11:00:00+02:00,Solar 74,0.0
2030,sc01,09-06 11:00:00+02:00,Hydro 30,0.0
2030,sc01,09-06 11:00:00+02:00,CT NG 42,0.0
2030,sc01,09-06 11:00:00+02:00,Hydro 22,1.01137152
2030,sc01,09-06 11:00:00+02:00,Solar 17,0.71676547872
2030,sc01,09-06 11:00:00+02:00,Solar 38,0.0
2030,sc01,09-06 11:00:00+02:00,CT NG 24,0.0
2030,sc01,09-06 11:00:00+02:00,CC NG 27,0.0
2030,sc01,09-06 11:00:00+02:00,Biomass 21,0.01368
2030,sc01,09-06 11:00:00+02:00,ICE NG 06,0.0
2030,sc01,09-06 11:00:00+02:00,Biomass 25,0.014820000000000002
2030,sc01,09-06 11:00:00+02:00,Solar 27,0.272620925744
2030,sc01,09-06 11:00:00+02:00,CT NG 19,0.0
2030,sc01,09-06 11:00:00+02:00,Biomass 42,0.0
2030,sc01,09-06 11:00:00+02:00,Biomass 19,0.01368
2030,sc01,09-06 11:00:00+02:00,Biomass 06,0.016720000000000002
2030,sc01,09-06 11:00:00+02:00,CT NG 10,0.0
2030,sc01,09-06 11:00:00+02:00,CC NG 40,0.0
2030,sc01,09-06 11:00:00+02:00,CC NG 21,0.0
2030,sc01,09-06 11:00:00+02:00,Biomass 02,0.03914
2030,sc01,09-06 11:00:00+02:00,CT NG 46,0.0
2030,sc01,09-06 11:00:00+02:00,Hydro 34,34.7017165749184
2030,sc01,09-06 11:00:00+02:00,Biomass 10,0.03306
2030,sc01,09-06 11:00:00+02:00,CT NG 17,0.0
2030,sc01,09-06 11:00:00+02:00,Biomass 62,0.07258
2030,sc01,09-06 11:00:00+02:00,Biomass 32,0.045219999999999996
2030,sc01,09-06 11:00:00+02:00,CC NG 19,5.14444
2030,sc01,09-06 11:00:00+02:00,CC NG 17,0.0
2030,sc01,09-06 11:00:00+02:00,ST NG 01,0.0
2030,sc01,09-06 11:00:00+02:00,Biomass 45,0.0
2030,sc01,09-06 11:00:00+02:00,Biomass 28,0.06422
2030,sc01,09-06 11:00:00+02:00,CC NG 10,0.0
2030,sc01,09-06 11:00:00+02:00,Biomass 23,0.014820000000000002
2030,sc01,09-06 11:00:00+02:00,ST NG 06,0.0
2030,sc01,09-06 11:00:00+02:00,Wind 10,0.4592398382
2030,sc01,09-06 11:00:00+02:00,CT NG 69,0.0
2030,sc01,09-06 11:00:00+02:00,CT NG 68,0.0
2030,sc01,09-06 15:00:00+02:00,CC NG 13,0.0
2030,sc01,09-06 15:00:00+02:00,CT NG 37,0.0
2030,sc01,09-06 15:00:00+02:00,ST Coal 01,0.0
2030,sc01,09-06 15:00:00+02:00,CT NG 09,0.0
2030,sc01,09-06 15:00:00+02:00,CT NG 47,0.0
2030,sc01,09-06 15:00:00+02:00,Solar 69,9.7323738624
2030,sc01,09-06 15:00:00+02:00,Solar 34,2.037092392800954
2030,sc01,09-06 15:00:00+02:00,Solar 73,0.0
2030,sc01,09-06 15:00:00+02:00,Biomass 37,0.0
2030,sc01,09-06 15:00:00+02:00,Hydro 20,0.61730832
2030,sc01,09-06 15:00:00+02:00,Solar 01,6.9130351872
2030,sc01,09-06 15:00:00+02:00,Solar 62,0.0
2030,sc01,09-06 15:00:00+02:00,Solar 02,2.958646464
2030,sc01,09-06 15:00:00+02:00,CT NG 26,0.0
2030,sc01,09-06 15:00:00+02:00,Biomass 20,0.0057599999999999995
2030,sc01,09-06 15:00:00+02:00,Wind 16,1.4117152128000001
2030,sc01,09-06 15:00:00+02:00,CT NG 66,0.0
2030,sc01,09-06 15:00:00+02:00,Solar 39,0.0
2030,sc01,09-06 15:00:00+02:00,Biomass 41,0.0
2030,sc01,09-06 15:00:00+02:00,Solar 72,1.786580048
2030,sc01,09-06 15:00:00+02:00,ST NG 03,0.0
2030,sc01,09-06 15:00:00+02:00,Hydro 21,0.61730832
2030,sc01,09-06 15:00:00+02:00,CT NG 03,0.0
2030,sc01,09-06 15:00:00+02:00,CC NG 09,0.0
2030,sc01,09-06 15:00:00+02:00,CT Oil 02,0.0
2030,sc01,09-06 15:00:00+02:00,CT NG 39,0.0
2030,sc01,09-06 15:00:00+02:00,CC NG 08,0.0
2030,sc01,09-06 15:00:00+02:00,Biomass 43,0.0
2030,sc01,09-06 15:00:00+02:00,CT NG 18,0.0
2030,sc01,09-06 15:00:00+02:00,ST NG 07,0.0
2030,sc01,09-06 15:00:00+02:00,Biomass 35,0.0
2030,sc01,09-06 15:00:00+02:00,Solar 32,0.0
2030,sc01,09-06 15:00:00+02:00,Biomass 15,0.00336
2030,sc01,09-06 15:00:00+02:00,CC NG 31,0.0
2030,sc01,09-06 15:00:00+02:00,Solar 16,0.486577268
2030,sc01,09-06 15:00:00+02:00,Solar 68,9.405853621344718
2030,sc01,09-06 15:00:00+02:00,CT NG 21,0.0
2030,sc01,09-06 15:00:00+02:00,Wind 11,0.39359573727999997
2030,sc01,09-06 15:00:00+02:00,CC NG 37,7.757713936098288
2030,sc01,09-06 15:00:00+02:00,CT NG 22,0.0
2030,sc01,09-06 15:00:00+02:00,Hydro 16,0.00611712
2030,sc01,09-06 15:00:00+02:00,Biomass 59,0.06624000000000001
2030,sc01,09-06 15:00:00+02:00,CC NG 01,0.0
2030,sc01,09-06 15:00:00+02:00,Biomass 16,0.00336
2030,sc01,09-06 15:00:00+02:00,Solar 03,2.0257450544
2030,sc01,09-06 15:00:00+02:00,Solar 44,0.0
2030,sc01,09-06 15:00:00+02:00,CT NG 08,0.0
2030,sc01,09-06 15:00:00+02:00,Wind 05,0.040161540224
2030,sc01,09-06 15:00:00+02:00,Biomass 26,0.027039999999999998
2030,sc01,09-06 15:00:00+02:00,Solar 37,0.0
2030,sc01,09-06 15:00:00+02:00,Biomass 11,0.0056
2030,sc01,09-06 15:00:00+02:00,Solar 59,0.0
2030,sc01,09-06 15:00:00+02:00,CT NG 11,0.0
2030,sc01,09-06 15:00:00+02:00,Biomass 30,0.027039999999999998
2030,sc01,09-06 15:00:00+02:00,Hydro 23,0.0
2030,sc01,09-06 15:00:00+02:00,CC NG 24,0.0
2030,sc01,09-06 15:00:00+02:00,Solar 65,4.1425241999999995
2030,sc01,09-06 15:00:00+02:00,CC NG 18,0.0
2030,sc01,09-06 15:00:00+02:00,CT NG 16,0.0
2030,sc01,09-06 15:00:00+02:00,Solar 51,0.0
2030,sc01,09-06 15:00:00+02:00,Wind 06,0.3737162744
2030,sc01,09-06 15:00:00+02:00,CC NG 26,0.0
2030,sc01,09-06 15:00:00+02:00,CC NG 23,0.0
2030,sc01,09-06 15:00:00+02:00,CT NG 43,0.0
2030,sc01,09-06 15:00:00+02:00,CC NG 11,0.0
2030,sc01,09-06 15:00:00+02:00,CT NG 02,0.0
2030,sc01,09-06 15:00:00+02:00,CT NG 50,0.0
2030,sc01,09-06 15:00:00+02:00,Hydro 27,0.2982096
2030,sc01,09-06 15:00:00+02:00,CT NG 13,0.0
2030,sc01,09-06 15:00:00+02:00,CT NG 25,0.0
2030,sc01,09-06 15:00:00+02:00,CC NG 05,1.5091563762143054
2030,sc01,09-06 15:00:00+02:00,Solar 04,0.33609600640000004
2030,sc01,09-06 15:00:00+02:00,Solar 30,0.46921205056000004
2030,sc01,09-06 15:00:00+02:00,Solar 29,0.53002525536
2030,sc01,09-06 15:00:00+02:00,Solar 53,0.0
2030,sc01,09-06 15:00:00+02:00,Solar 21,1.2752757984
2030,sc01,09-06 15:00:00+02:00,Biomass 58,0.03296
2030,sc01,09-06 15:00:00+02:00,CT NG 74,0.0
2030,sc01,09-06 15:00:00+02:00,Solar 61,0.0
2030,sc01,09-06 15:00:00+02:00,Wind 07,0.34956022624000005
2030,sc01,09-06 15:00:00+02:00,Biomass 31,0.027039999999999998
2030,sc01,09-06 15:00:00+02:00,CT Oil 05,0.0
2030,sc01,09-06 15:00:00+02:00,Biomass 38,0.0
2030,sc01,09-06 15:00:00+02:00,Solar 41,0.0
2030,sc01,09-06 15:00:00+02:00,Biomass 51,0.0
2030,sc01,09-06 15:00:00+02:00,Biomass 55,0.038880000000000005
2030,sc01,09-06 15:00:00+02:00,Wind 15,0.48982371248
2030,sc01,09-06 15:00:00+02:00,Geo 01,0.256
2030,sc01,09-06 15:00:00+02:00,Biomass 60,0.0432
2030,sc01,09-06 15:00:00+02:00,CT NG 38,0.0
2030,sc01,09-06 15:00:00+02:00,Solar 66,9.5189895072
2030,sc01,09-06 15:00:00+02:00,Solar 49,0.0
2030,sc01,09-06 15:00:00+02:00,CT NG 51,0.0
2030,sc01,09-06 15:00:00+02:00,Biomass 18,0.00336
2030,sc01,09-06 15:00:00+02:00,ICE NG 01,0.0
2030,sc01,09-06 15:00:00+02:00,Solar 15,0.72931867152
2030,sc01,09-06 15:00:00+02:00,ICE NG 05,0.0
2030,sc01,09-06 15:00:00+02:00,CT Oil 04,0.0
2030,sc01,09-06 15:00:00+02:00,CC NG 20,0.0
2030,sc01,09-06 15:00:00+02:00,Solar 20,0.6805953507200001
2030,sc01,09-06 15:00:00+02:00,Biomass 04,0.0
2030,sc01,09-06 15:00:00+02:00,Wind 02,0.80739449632
2030,sc01,09-06 15:00:00+02:00,Hydro 25,0.2982096
2030,sc01,09-06 15:00:00+02:00,Solar 75,3.072691544
2030,sc01,09-06 15:00:00+02:00,Hydro 33,0.0
2030,sc01,09-06 15:00:00+02:00,ST NG 05,0.0
2030,sc01,09-06 15:00:00+02:00,CT NG 07,0.0
2030,sc01,09-06 15:00:00+02:00,Wind 01,0.21524025424
2030,sc01,09-06 15:00:00+02:00,Solar 56,0.0
2030,sc01,09-06 15:00:00+02:00,Biomass 09,0.01392
2030,sc01,09-06 15:00:00+02:00,Biomass 53,0.038880000000000005
2030,sc01,09-06 15:00:00+02:00,Wind 17,3.9636141183999998
2030,sc01,09-06 15:00:00+02:00,ST NG 08,0.0
2030,sc01,09-06 15:00:00+02:00,Hydro 19,0.361768
2030,sc01,09-06 15:00:00+02:00,ST NG 02,0.0
2030,sc01,09-06 15:00:00+02:00,Biomass 01,0.01648
2030,sc01,09-06 15:00:00+02:00,Biomass 57,0.03296
2030,sc01,09-06 15:00:00+02:00,CT NG 49,0.0
2030,sc01,09-06 15:00:00+02:00,CT NG 31,0.0
2030,sc01,09-06 15:00:00+02:00,Solar 64,2.1748208272
2030,sc01,09-06 15:00:00+02:00,CC NG 33,0.0
2030,sc01,09-06 15:00:00+02:00,Solar 46,0.0
2030,sc01,09-06 15:00:00+02:00,Biomass 12,0.0056
2030,sc01,09-06 15:00:00+02:00,Wind 04,0.05093951936
2030,sc01,09-06 15:00:00+02:00,Solar 13,0.018308545024000002
2030,sc01,09-06 15:00:00+02:00,CT NG 55,0.0
2030,sc01,09-06 15:00:00+02:00,Wind N03,89.24640126590938
2030,sc01,09-06 15:00:00+02:00,CT NG 28,0.0
2030,sc01,09-06 15:00:00+02:00,Wind 09,0.5773747184
2030,sc01,09-06 15:00:00+02:00,Solar 60,0.0
2030,sc01,09-06 15:00:00+02:00,Solar 25,0.134259773952
2030,sc01,09-06 15:00:00+02:00,CT NG 23,0.0
2030,sc01,09-06 15:00:00+02:00,ST Other 01,0.0
2030,sc01,09-06 15:00:00+02:00,Solar 70,4.8124105184
2030,sc01,09-06 15:00:00+02:00,CC NG 34,0.0
2030,sc01,09-06 15:00:00+02:00,Solar 48,0.0
2030,sc01,09-06 15:00:00+02:00,Biomass 56,0.0368
2030,sc01,09-06 15:00:00+02:00,CT NG 36,0.0
2030,sc01,09-06 15:00:00+02:00,Solar 47,0.0
2030,sc01,09-06 15:00:00+02:00,Hydro 17,0.0
2030,sc01,09-06 15:00:00+02:00,Solar 09,0.8898427534400001
2030,sc01,09-06 15:00:00+02:00,Solar 08,0.17382924512
2030,sc01,09-06 15:00:00+02:00,CT NG 45,0.0
2030,sc01,09-06 15:00:00+02:00,ST NG 04,0.0
2030,sc01,09-06 15:00:00+02:00,Solar 40,0.0
2030,sc01,09-06 15:00:00+02:00,Biomass 47,0.0
2030,sc01,09-06 15:00:00+02:00,Solar 50,0.0
2030,sc01,09-06 15:00:00+02:00,Solar 52,0.0
2030,sc01,09-06 15:00:00+02:00,Solar 63,4.6443976528
2030,sc01,09-06 15:00:00+02:00,CC NG 06,0.0
2030,sc01,09-06 15:00:00+02:00,Biomass 39,0.0
2030,sc01,09-06 15:00:00+02:00,Solar 67,3.096006144
2030,sc01,09-06 15:00:00+02:00,Solar 19,0.006924374016
2030,sc01,09-06 15:00:00+02:00,Wind 12,1.5376599590400002
2030,sc01,09-06 15:00:00+02:00,Solar 24,0.100137894912
2030,sc01,09-06 15:00:00+02:00,ICE NG 02,0.0
2030,sc01,09-06 15:00:00+02:00,Solar 05,0.008142325504
2030,sc01,09-06 15:00:00+02:00,CT NG 54,0.0
2030,sc01,09-06 15:00:00+02:00,Wind N01,14.5880560224
2030,sc01,09-06 15:00:00+02:00,CT NG 27,0.0
2030,sc01,09-06 15:00:00+02:00,CC NG 36,0.0
2030,sc01,09-06 15:00:00+02:00,Wind N02,18.24644816
2030,sc01,09-06 15:00:00+02:00,CT NG 52,0.0
2030,sc01,09-06 15:00:00+02:00,Solar 35,1.9565404045299164
2030,sc01,09-06 15:00:00+02:00,CT NG 05,0.0
2030,sc01,09-06 15:00:00+02:00,Biomass 36,0.0
2030,sc01,09-06 15:00:00+02:00,CT NG 34,0.0
2030,sc01,09-06 15:00:00+02:00,CT Oil 03,0.0
2030,sc01,09-06 15:00:00+02:00,Hydro 35,0.0
2030,sc01,09-06 15:00:00+02:00,Solar 14,0.81083813728
2030,sc01,09-06 15:00:00+02:00,CT NG 75,0.0
2030,sc01,09-06 15:00:00+02:00,ST NG 09,0.0
2030,sc01,09-06 15:00:00+02:00,CT NG 56,0.0
2030,sc01,09-06 15:00:00+02:00,Biomass 22,0.0057599999999999995
2030,sc01,09-06 15:00:00+02:00,Solar 18,0.85524209744
2030,sc01,09-06 15:00:00+02:00,Biomass 13,0.0056
2030,sc01,09-06 15:00:00+02:00,CT NG 71,0.0
2030,sc01,09-06 15:00:00+02:00,Solar 58,0.0
2030,sc01,09-06 15:00:00+02:00,Solar 06,0.45676086944000005
2030,sc01,09-06 15:00:00+02:00,Biomass 08,0.01392
2030,sc01,09-06 15:00:00+02:00,CT NG 72,0.0
2030,sc01,09-06 15:00:00+02:00,Hydro 18,0.0
2030,sc01,09-06 15:00:00+02:00,Solar 10,0.6555746249600001
2030,sc01,09-06 15:00:00+02:00,CT NG 04,0.0
2030,sc01,09-06 15:00:00+02:00,ST Other 02,0.0
2030,sc01,09-06 15:00:00+02:00,CT NG 12,0.0
2030,sc01,09-06 15:00:00+02:00,CT NG 48,0.0
2030,sc01,09-06 15:00:00+02:00,ST NG 10,0.0
2030,sc01,09-06 15:00:00+02:00,Solar 22,0.5512835083200001
2030,sc01,09-06 15:00:00+02:00,Solar 28,0.49333454368
2030,sc01,09-06 15:00:00+02:00,CT NG 73,0.0
2030,sc01,09-06 15:00:00+02:00,Biomass 52,0.0
2030,sc01,09-06 15:00:00+02:00,CT NG 30,0.0
2030,sc01,09-06 15:00:00+02:00,Solar 54,0.0
2030,sc01,09-06 15:00:00+02:00,Solar 31,0.0
2030,sc01,09-06 15:00:00+02:00,Biomass 03,0.0
2030,sc01,09-06 15:00:00+02:00,CT NG 32,0.0
2030,sc01,09-06 15:00:00+02:00,Biomass 27,0.027039999999999998
2030,sc01,09-06 15:00:00+02:00,CC NG 14,0.0
2030,sc01,09-06 15:00:00+02:00,CC NG 03,0.0
2030,sc01,09-06 15:00:00+02:00,CC NG 29,0.0
2030,sc01,09-06 15:00:00+02:00,CC NG 28,0.0
2030,sc01,09-06 15:00:00+02:00,CC NG 25,0.0
2030,sc01,09-06 15:00:00+02:00,CT NG 44,0.0
2030,sc01,09-06 15:00:00+02:00,CT NG 14,0.0
2030,sc01,09-06 15:00:00+02:00,CC NG 15,0.0
2030,sc01,09-06 15:00:00+02:00,CC NG 04,0.0
2030,sc01,09-06 15:00:00+02:00,Biomass 29,0.027039999999999998
2030,sc01,09-06 15:00:00+02:00,Wind 14,2.4917268
2030,sc01,09-06 15:00:00+02:00,Wind 08,0.57701351904
2030,sc01,09-06 15:00:00+02:00,Biomass 61,0.0
2030,sc01,09-06 15:00:00+02:00,CT NG 35,0.0
2030,sc01,09-06 15:00:00+02:00,Solar 33,0.0
2030,sc01,09-06 15:00:00+02:00,CT NG 41,0.0
2030,sc01,09-06 15:00:00+02:00,CT NG 15,0.0
2030,sc01,09-06 15:00:00+02:00,Solar 42,0.0
2030,sc01,09-06 15:00:00+02:00,Solar 07,0.014747382528
2030,sc01,09-06 15:00:00+02:00,Solar 43,0.0
2030,sc01,09-06 15:00:00+02:00,Biomass 05,0.00704
2030,sc01,09-06 15:00:00+02:00,CT NG 29,0.0
2030,sc01,09-06 15:00:00+02:00,Solar 71,9.1135839264
2030,sc01,09-06 15:00:00+02:00,CT NG 53,0.0
2030,sc01,09-06 15:00:00+02:00,CT NG 20,0.0
2030,sc01,09-06 15:00:00+02:00,Biomass 14,0.012480000000000002
2030,sc01,09-06 15:00:00+02:00,Solar 26,0.12433392512000001
2030,sc01,09-06 15:00:00+02:00,Hydro 29,1.5631199999999998
2030,sc01,09-06 15:00:00+02:00,Hydro 31,0.00305856
2030,sc01,09-06 15:00:00+02:00,Biomass 24,0.006240000000000001
2030,sc01,09-06 15:00:00+02:00,Biomass 54,0.038880000000000005
2030,sc01,09-06 15:00:00+02:00,Solar 36,8.2988064656
2030,sc01,09-06 15:00:00+02:00,Wind 03,0.1008414048
2030,sc01,09-06 15:00:00+02:00,Biomass 40,0.0
2030,sc01,09-06 15:00:00+02:00,Biomass 49,0.0
2030,sc01,09-06 15:00:00+02:00,CC NG 16,14.535270648670435
2030,sc01,09-06 15:00:00+02:00,Biomass 48,0.0
2030,sc01,09-06 15:00:00+02:00,Hydro 28,1.5631199999999998
2030,sc01,09-06 15:00:00+02:00,Biomass 17,0.00336
2030,sc01,09-06 15:00:00+02:00,CT NG 33,0.0
2030,sc01,09-06 15:00:00+02:00,Solar 45,0.0
2030,sc01,09-06 15:00:00+02:00,Hydro 24,0.0
2030,sc01,09-06 15:00:00+02:00,Wind 13,0.8737424696
2030,sc01,09-06 15:00:00+02:00,Biomass 07,0.032
2030,sc01,09-06 15:00:00+02:00,Biomass 34,0.0
2030,sc01,09-06 15:00:00+02:00,Biomass 33,0.0
2030,sc01,09-06 15:00:00+02:00,CT NG 01,0.0
2030,sc01,09-06 15:00:00+02:00,ICE NG 03,0.0
2030,sc01,09-06 15:00:00+02:00,Solar 55,0.0
2030,sc01,09-06 15:00:00+02:00,Solar 11,0.13734451660799998
2030,sc01,09-06 15:00:00+02:00,CT NG 06,0.0
2030,sc01,09-06 15:00:00+02:00,CT NG 70,0.0
2030,sc01,09-06 15:00:00+02:00,Solar 23,0.020336760448
2030,sc01,09-06 15:00:00+02:00,CT NG 67,0.0
2030,sc01,09-06 15:00:00+02:00,Solar 12,0.106319165824
2030,sc01,09-06 15:00:00+02:00,CT Oil 01,0.0
2030,sc01,09-06 15:00:00+02:00,Hydro 26,0.2982096
2030,sc01,09-06 15:00:00+02:00,CC NG 22,0.0
2030,sc01,09-06 15:00:00+02:00,CC NG 35,0.0
2030,sc01,09-06 15:00:00+02:00,Biomass 50,0.0
2030,sc01,09-06 15:00:00+02:00,ICE NG 04,0.0
2030,sc01,09-06 15:00:00+02:00,CC NG 39,0.0
2030,sc01,09-06 15:00:00+02:00,Hydro 32,0.0036702720000000005
2030,sc01,09-06 15:00:00+02:00,ICE NG 07,0.0
2030,sc01,09-06 15:00:00+02:00,Biomass 46,0.0
2030,sc01,09-06 15:00:00+02:00,CC NG 38,0.0
2030,sc01,09-06 15:00:00+02:00,CC NG 12,0.0
2030,sc01,09-06 15:00:00+02:00,Solar 57,0.0
2030,sc01,09-06 15:00:00+02:00,CC NG 32,0.0
2030,sc01,09-06 15:00:00+02:00,CC NG 07,0.0
2030,sc01,09-06 15:00:00+02:00,Biomass 44,0.0
2030,sc01,09-06 15:00:00+02:00,CT NG 40,0.0
2030,sc01,09-06 15:00:00+02:00,Solar 74,3.0757650096000004
2030,sc01,09-06 15:00:00+02:00,Hydro 30,0.0
2030,sc01,09-06 15:00:00+02:00,CT NG 42,0.0
2030,sc01,09-06 15:00:00+02:00,Hydro 22,0.61730832
2030,sc01,09-06 15:00:00+02:00,Solar 17,0.20853437424000001
2030,sc01,09-06 15:00:00+02:00,Solar 38,0.0
2030,sc01,09-06 15:00:00+02:00,CT NG 24,0.0
2030,sc01,09-06 15:00:00+02:00,CC NG 27,0.0
2030,sc01,09-06 15:00:00+02:00,Biomass 21,0.0057599999999999995
2030,sc01,09-06 15:00:00+02:00,ICE NG 06,0.0
2030,sc01,09-06 15:00:00+02:00,Biomass 25,0.006240000000000001
2030,sc01,09-06 15:00:00+02:00,Solar 27,0.08130210227200001
2030,sc01,09-06 15:00:00+02:00,CT NG 19,0.0
2030,sc01,09-06 15:00:00+02:00,Biomass 42,0.0
2030,sc01,09-06 15:00:00+02:00,Biomass 19,0.0057599999999999995
2030,sc01,09-06 15:00:00+02:00,Biomass 06,0.00704
2030,sc01,09-06 15:00:00+02:00,CT NG 10,0.0
2030,sc01,09-06 15:00:00+02:00,CC NG 40,0.0
2030,sc01,09-06 15:00:00+02:00,CC NG 21,0.0
2030,sc01,09-06 15:00:00+02:00,Biomass 02,0.01648
2030,sc01,09-06 15:00:00+02:00,CT NG 46,0.0
2030,sc01,09-06 15:00:00+02:00,Hydro 34,0.0
2030,sc01,09-06 15:00:00+02:00,Biomass 10,0.01392
2030,sc01,09-06 15:00:00+02:00,CT NG 17,0.0
2030,sc01,09-06 15:00:00+02:00,Biomass 62,0.03056
2030,sc01,09-06 15:00:00+02:00,Biomass 32,0.019039999999999998
2030,sc01,09-06 15:00:00+02:00,CC NG 19,2.16608
2030,sc01,09-06 15:00:00+02:00,CC NG 17,0.0
2030,sc01,09-06 15:00:00+02:00,ST NG 01,0.0
2030,sc01,09-06 15:00:00+02:00,Biomass 45,0.0
2030,sc01,09-06 15:00:00+02:00,Biomass 28,0.027039999999999998
2030,sc01,09-06 15:00:00+02:00,CC NG 10,0.0
2030,sc01,09-06 15:00:00+02:00,Biomass 23,0.006240000000000001
2030,sc01,09-06 15:00:00+02:00,ST NG 06,0.0
2030,sc01,09-06 15:00:00+02:00,Wind 10,0.5997028521600001
2030,sc01,09-06 15:00:00+02:00,CT NG 69,0.0
2030,sc01,09-06 15:00:00+02:00,CT NG 68,0.0
2030,sc01,09-06 22:00:00+02:00,CC NG 13,0.0
2030,sc01,09-06 22:00:00+02:00,CT NG 37,0.0
2030,sc01,09-06 22:00:00+02:00,ST Coal 01,0.0
2030,sc01,09-06 22:00:00+02:00,CT NG 09,0.0
2030,sc01,09-06 22:00:00+02:00,CT NG 47,0.0
2030,sc01,09-06 22:00:00+02:00,Solar 69,0.0
2030,sc01,09-06 22:00:00+02:00,Solar 34,0.0
2030,sc01,09-06 22:00:00+02:00,Solar 73,0.0
2030,sc01,09-06 22:00:00+02:00,Biomass 37,0.013430000000000001
2030,sc01,09-06 22:00:00+02:00,Hydro 20,0.47378643
2030,sc01,09-06 22:00:00+02:00,Solar 01,0.0
2030,sc01,09-06 22:00:00+02:00,Solar 62,0.0
2030,sc01,09-06 22:00:00+02:00,Solar 02,0.0
2030,sc01,09-06 22:00:00+02:00,CT NG 26,0.0
2030,sc01,09-06 22:00:00+02:00,Biomass 20,0.00612
2030,sc01,09-06 22:00:00+02:00,Wind 16,0.14681205263199998
2030,sc01,09-06 22:00:00+02:00,CT NG 66,0.0
2030,sc01,09-06 22:00:00+02:00,Solar 39,0.0
2030,sc01,09-06 22:00:00+02:00,Biomass 41,0.02159
2030,sc01,09-06 22:00:00+02:00,Solar 72,0.0
2030,sc01,09-06 22:00:00+02:00,ST NG 03,0.0
2030,sc01,09-06 22:00:00+02:00,Hydro 21,0.47378643
2030,sc01,09-06 22:00:00+02:00,CT NG 03,0.0
2030,sc01,09-06 22:00:00+02:00,CC NG 09,0.0
2030,sc01,09-06 22:00:00+02:00,CT Oil 02,0.0
2030,sc01,09-06 22:00:00+02:00,CT NG 39,0.0
2030,sc01,09-06 22:00:00+02:00,CC NG 08,0.0
2030,sc01,09-06 22:00:00+02:00,Biomass 43,0.0442
2030,sc01,09-06 22:00:00+02:00,CT NG 18,0.06424469999999999
2030,sc01,09-06 22:00:00+02:00,ST NG 07,0.0
2030,sc01,09-06 22:00:00+02:00,Biomass 35,0.02329
2030,sc01,09-06 22:00:00+02:00,Solar 32,0.0
2030,sc01,09-06 22:00:00+02:00,Biomass 15,0.0035700000000000003
2030,sc01,09-06 22:00:00+02:00,CC NG 31,0.0
2030,sc01,09-06 22:00:00+02:00,Solar 16,0.0
2030,sc01,09-06 22:00:00+02:00,Solar 68,0.0
2030,sc01,09-06 22:00:00+02:00,CT NG 21,0.0
2030,sc01,09-06 22:00:00+02:00,Wind 11,0.63037346519
2030,sc01,09-06 22:00:00+02:00,CC NG 37,0.0
2030,sc01,09-06 22:00:00+02:00,CT NG 22,0.0
2030,sc01,09-06 22:00:00+02:00,Hydro 16,0.0065470400000000005
2030,sc01,09-06 22:00:00+02:00,Biomass 59,0.07038000000000001
2030,sc01,09-06 22:00:00+02:00,CC NG 01,0.0
2030,sc01,09-06 22:00:00+02:00,Biomass 16,0.0035700000000000003
2030,sc01,09-06 22:00:00+02:00,Solar 03,0.0
2030,sc01,09-06 22:00:00+02:00,Solar 44,0.0
2030,sc01,09-06 22:00:00+02:00,CT NG 08,0.0
2030,sc01,09-06 22:00:00+02:00,Wind 05,0.075806133576
2030,sc01,09-06 22:00:00+02:00,Biomass 26,0.02873
2030,sc01,09-06 22:00:00+02:00,Solar 37,0.0
2030,sc01,09-06 22:00:00+02:00,Biomass 11,0.0059499999999999996
2030,sc01,09-06 22:00:00+02:00,Solar 59,0.0
2030,sc01,09-06 22:00:00+02:00,CT NG 11,0.0
2030,sc01,09-06 22:00:00+02:00,Biomass 30,0.02873
2030,sc01,09-06 22:00:00+02:00,Hydro 23,0.0
2030,sc01,09-06 22:00:00+02:00,CC NG 24,0.0
2030,sc01,09-06 22:00:00+02:00,Solar 65,0.0
2030,sc01,09-06 22:00:00+02:00,CC NG 18,0.0
2030,sc01,09-06 22:00:00+02:00,CT NG 16,0.0
2030,sc01,09-06 22:00:00+02:00,Solar 51,0.0
2030,sc01,09-06 22:00:00+02:00,Wind 06,0.6068757257
2030,sc01,09-06 22:00:00+02:00,CC NG 26,0.0
2030,sc01,09-06 22:00:00+02:00,CC NG 23,0.0
2030,sc01,09-06 22:00:00+02:00,CT NG 43,0.0
2030,sc01,09-06 22:00:00+02:00,CC NG 11,0.0
2030,sc01,09-06 22:00:00+02:00,CT NG 02,0.0
2030,sc01,09-06 22:00:00+02:00,CT NG 50,0.0
2030,sc01,09-06 22:00:00+02:00,Hydro 27,0.31916819999999996
2030,sc01,09-06 22:00:00+02:00,CT NG 13,0.0
2030,sc01,09-06 22:00:00+02:00,CT NG 25,0.0
2030,sc01,09-06 22:00:00+02:00,CC NG 05,0.0
2030,sc01,09-06 22:00:00+02:00,Solar 04,0.0
2030,sc01,09-06 22:00:00+02:00,Solar 30,0.0
2030,sc01,09-06 22:00:00+02:00,Solar 29,0.0
2030,sc01,09-06 22:00:00+02:00,Solar 53,0.0
2030,sc01,09-06 22:00:00+02:00,Solar 21,0.0
2030,sc01,09-06 22:00:00+02:00,Biomass 58,0.03502
2030,sc01,09-06 22:00:00+02:00,CT NG 74,0.0
2030,sc01,09-06 22:00:00+02:00,Solar 61,0.0
2030,sc01,09-06 22:00:00+02:00,Wind 07,0.57231601158
2030,sc01,09-06 22:00:00+02:00,Biomass 31,0.02873
2030,sc01,09-06 22:00:00+02:00,CT Oil 05,0.0
2030,sc01,09-06 22:00:00+02:00,Biomass 38,0.013430000000000001
2030,sc01,09-06 22:00:00+02:00,Solar 41,0.0
2030,sc01,09-06 22:00:00+02:00,Biomass 51,0.00306
2030,sc01,09-06 22:00:00+02:00,Biomass 55,0.041310000000000006
2030,sc01,09-06 22:00:00+02:00,Wind 15,0.07891962373599999
2030,sc01,09-06 22:00:00+02:00,Geo 01,0.272
2030,sc01,09-06 22:00:00+02:00,Biomass 60,0.0459
2030,sc01,09-06 22:00:00+02:00,CT NG 38,0.0
2030,sc01,09-06 22:00:00+02:00,Solar 66,0.0
2030,sc01,09-06 22:00:00+02:00,Solar 49,0.0
2030,sc01,09-06 22:00:00+02:00,CT NG 51,0.0
2030,sc01,09-06 22:00:00+02:00,Biomass 18,0.0035700000000000003
2030,sc01,09-06 22:00:00+02:00,ICE NG 01,0.0
2030,sc01,09-06 22:00:00+02:00,Solar 15,0.0
2030,sc01,09-06 22:00:00+02:00,ICE NG 05,0.0
2030,sc01,09-06 22:00:00+02:00,CT Oil 04,0.0
2030,sc01,09-06 22:00:00+02:00,CC NG 20,0.0
2030,sc01,09-06 22:00:00+02:00,Solar 20,0.0
2030,sc01,09-06 22:00:00+02:00,Biomass 04,0.00425
2030,sc01,09-06 22:00:00+02:00,Wind 02,1.03966777736
2030,sc01,09-06 22:00:00+02:00,Hydro 25,0.31916819999999996
2030,sc01,09-06 22:00:00+02:00,Solar 75,0.0
2030,sc01,09-06 22:00:00+02:00,Hydro 33,0.0
2030,sc01,09-06 22:00:00+02:00,ST NG 05,0.0
2030,sc01,09-06 22:00:00+02:00,CT NG 07,0.0
2030,sc01,09-06 22:00:00+02:00,Wind 01,0.36021511360999997
2030,sc01,09-06 22:00:00+02:00,Solar 56,0.0
2030,sc01,09-06 22:00:00+02:00,Biomass 09,0.01479
2030,sc01,09-06 22:00:00+02:00,Biomass 53,0.041310000000000006
2030,sc01,09-06 22:00:00+02:00,Wind 17,7.1522643168
2030,sc01,09-06 22:00:00+02:00,ST NG 08,0.0
2030,sc01,09-06 22:00:00+02:00,Hydro 19,0.13828649999999998
2030,sc01,09-06 22:00:00+02:00,ST NG 02,0.0
2030,sc01,09-06 22:00:00+02:00,Biomass 01,0.01751
2030,sc01,09-06 22:00:00+02:00,Biomass 57,0.03502
2030,sc01,09-06 22:00:00+02:00,CT NG 49,0.0
2030,sc01,09-06 22:00:00+02:00,CT NG 31,0.0
2030,sc01,09-06 22:00:00+02:00,Solar 64,0.0
2030,sc01,09-06 22:00:00+02:00,CC NG 33,0.0
2030,sc01,09-06 22:00:00+02:00,Solar 46,0.0
2030,sc01,09-06 22:00:00+02:00,Biomass 12,0.0059499999999999996
2030,sc01,09-06 22:00:00+02:00,Wind 04,0.122133901992
2030,sc01,09-06 22:00:00+02:00,Solar 13,0.0
2030,sc01,09-06 22:00:00+02:00,CT NG 55,0.0
2030,sc01,09-06 22:00:00+02:00,Wind N03,83.80437596378712
2030,sc01,09-06 22:00:00+02:00,CT NG 28,0.0
2030,sc01,09-06 22:00:00+02:00,Wind 09,1.09817797021
2030,sc01,09-06 22:00:00+02:00,Solar 60,0.0
2030,sc01,09-06 22:00:00+02:00,Solar 25,0.0
2030,sc01,09-06 22:00:00+02:00,CT NG 23,0.0
2030,sc01,09-06 22:00:00+02:00,ST Other 01,0.0
2030,sc01,09-06 22:00:00+02:00,Solar 70,0.0
2030,sc01,09-06 22:00:00+02:00,CC NG 34,0.0
2030,sc01,09-06 22:00:00+02:00,Solar 48,0.0
2030,sc01,09-06 22:00:00+02:00,Biomass 56,0.039099999999999996
2030,sc01,09-06 22:00:00+02:00,CT NG 36,0.0
2030,sc01,09-06 22:00:00+02:00,Solar 47,0.0
2030,sc01,09-06 22:00:00+02:00,Hydro 17,0.01104813
2030,sc01,09-06 22:00:00+02:00,Solar 09,0.0
2030,sc01,09-06 22:00:00+02:00,Solar 08,0.0
2030,sc01,09-06 22:00:00+02:00,CT NG 45,0.0
2030,sc01,09-06 22:00:00+02:00,ST NG 04,0.0
2030,sc01,09-06 22:00:00+02:00,Solar 40,0.0
2030,sc01,09-06 22:00:00+02:00,Biomass 47,0.0459
2030,sc01,09-06 22:00:00+02:00,Solar 50,0.0
2030,sc01,09-06 22:00:00+02:00,Solar 52,0.0
2030,sc01,09-06 22:00:00+02:00,Solar 63,0.0
2030,sc01,09-06 22:00:00+02:00,CC NG 06,0.0
2030,sc01,09-06 22:00:00+02:00,Biomass 39,0.013430000000000001
2030,sc01,09-06 22:00:00+02:00,Solar 67,0.0
2030,sc01,09-06 22:00:00+02:00,Solar 19,0.0
2030,sc01,09-06 22:00:00+02:00,Wind 12,2.4183742479
2030,sc01,09-06 22:00:00+02:00,Solar 24,0.0
2030,sc01,09-06 22:00:00+02:00,ICE NG 02,0.0
2030,sc01,09-06 22:00:00+02:00,Solar 05,0.0
2030,sc01,09-06 22:00:00+02:00,CT NG 54,0.0
2030,sc01,09-06 22:00:00+02:00,Wind N01,22.943550557000002
2030,sc01,09-06 22:00:00+02:00,CT NG 27,0.0
2030,sc01,09-06 22:00:00+02:00,CC NG 36,0.0
2030,sc01,09-06 22:00:00+02:00,Wind N02,0.58585147499
2030,sc01,09-06 22:00:00+02:00,CT NG 52,0.0
2030,sc01,09-06 22:00:00+02:00,Solar 35,0.0
2030,sc01,09-06 22:00:00+02:00,CT NG 05,0.0
2030,sc01,09-06 22:00:00+02:00,Biomass 36,0.02329
2030,sc01,09-06 22:00:00+02:00,CT NG 34,0.0
2030,sc01,09-06 22:00:00+02:00,CT Oil 03,0.0
2030,sc01,09-06 22:00:00+02:00,Hydro 35,0.0
2030,sc01,09-06 22:00:00+02:00,Solar 14,0.0
2030,sc01,09-06 22:00:00+02:00,CT NG 75,0.0
2030,sc01,09-06 22:00:00+02:00,ST NG 09,0.0
2030,sc01,09-06 22:00:00+02:00,CT NG 56,0.0
2030,sc01,09-06 22:00:00+02:00,Biomass 22,0.00612
2030,sc01,09-06 22:00:00+02:00,Solar 18,0.0
2030,sc01,09-06 22:00:00+02:00,Biomass 13,0.0059499999999999996
2030,sc01,09-06 22:00:00+02:00,CT NG 71,0.0
2030,sc01,09-06 22:00:00+02:00,Solar 58,0.0
2030,sc01,09-06 22:00:00+02:00,Solar 06,0.0
2030,sc01,09-06 22:00:00+02:00,Biomass 08,0.01479
2030,sc01,09-06 22:00:00+02:00,CT NG 72,0.0
2030,sc01,09-06 22:00:00+02:00,Hydro 18,0.038054670000000006
2030,sc01,09-06 22:00:00+02:00,Solar 10,0.0
2030,sc01,09-06 22:00:00+02:00,CT NG 04,0.0
2030,sc01,09-06 22:00:00+02:00,ST Other 02,0.0
2030,sc01,09-06 22:00:00+02:00,CT NG 12,0.0
2030,sc01,09-06 22:00:00+02:00,CT NG 48,0.0
2030,sc01,09-06 22:00:00+02:00,ST NG 10,0.0
2030,sc01,09-06 22:00:00+02:00,Solar 22,0.0
2030,sc01,09-06 22:00:00+02:00,Solar 28,0.0
2030,sc01,09-06 22:00:00+02:00,CT NG 73,0.0
2030,sc01,09-06 22:00:00+02:00,Biomass 52,0.030090000000000002
2030,sc01,09-06 22:00:00+02:00,CT NG 30,0.0
2030,sc01,09-06 22:00:00+02:00,Solar 54,0.0
2030,sc01,09-06 22:00:00+02:00,Solar 31,0.0
2030,sc01,09-06 22:00:00+02:00,Biomass 03,0.00425
2030,sc01,09-06 22:00:00+02:00,CT NG 32,0.0
2030,sc01,09-06 22:00:00+02:00,Biomass 27,0.02873
2030,sc01,09-06 22:00:00+02:00,CC NG 14,0.0
2030,sc01,09-06 22:00:00+02:00,CC NG 03,0.0
2030,sc01,09-06 22:00:00+02:00,CC NG 29,0.0
2030,sc01,09-06 22:00:00+02:00,CC NG 28,0.0
2030,sc01,09-06 22:00:00+02:00,CC NG 25,0.0
2030,sc01,09-06 22:00:00+02:00,CT NG 44,0.0
2030,sc01,09-06 22:00:00+02:00,CT NG 14,0.0
2030,sc01,09-06 22:00:00+02:00,CC NG 15,0.0
2030,sc01,09-06 22:00:00+02:00,CC NG 04,0.0
2030,sc01,09-06 22:00:00+02:00,Biomass 29,0.02873
2030,sc01,09-06 22:00:00+02:00,Wind 14,0.080003615408
2030,sc01,09-06 22:00:00+02:00,Wind 08,1.10259241529
2030,sc01,09-06 22:00:00+02:00,Biomass 61,0.00612
2030,sc01,09-06 22:00:00+02:00,CT NG 35,0.0
2030,sc01,09-06 22:00:00+02:00,Solar 33,0.0
2030,sc01,09-06 22:00:00+02:00,CT NG 41,0.0
2030,sc01,09-06 22:00:00+02:00,CT NG 15,0.0
2030,sc01,09-06 22:00:00+02:00,Solar 42,0.0
2030,sc01,09-06 22:00:00+02:00,Solar 07,0.0
2030,sc01,09-06 22:00:00+02:00,Solar 43,0.0
2030,sc01,09-06 22:00:00+02:00,Biomass 05,0.0074800000000000005
2030,sc01,09-06 22:00:00+02:00,CT NG 29,0.0
2030,sc01,09-06 22:00:00+02:00,Solar 71,0.0
2030,sc01,09-06 22:00:00+02:00,CT NG 53,0.0
2030,sc01,09-06 22:00:00+02:00,CT NG 20,0.0
2030,sc01,09-06 22:00:00+02:00,Biomass 14,0.013260000000000001
2030,sc01,09-06 22:00:00+02:00,Solar 26,0.0
2030,sc01,09-06 22:00:00+02:00,Hydro 29,18.783289800000002
2030,sc01,09-06 22:00:00+02:00,Hydro 31,0.0032735200000000002
2030,sc01,09-06 22:00:00+02:00,Biomass 24,0.0066300000000000005
2030,sc01,09-06 22:00:00+02:00,Biomass 54,0.041310000000000006
2030,sc01,09-06 22:00:00+02:00,Solar 36,0.0
2030,sc01,09-06 22:00:00+02:00,Wind 03,0.27792456205000005
2030,sc01,09-06 22:00:00+02:00,Biomass 40,0.013430000000000001
2030,sc01,09-06 22:00:00+02:00,Biomass 49,0.00527
2030,sc01,09-06 22:00:00+02:00,CC NG 16,11.943717436801693
2030,sc01,09-06 22:00:00+02:00,Biomass 48,0.0459
2030,sc01,09-06 22:00:00+02:00,Hydro 28,18.783289800000002
2030,sc01,09-06 22:00:00+02:00,Biomass 17,0.0035700000000000003
2030,sc01,09-06 22:00:00+02:00,CT NG 33,0.0
2030,sc01,09-06 22:00:00+02:00,Solar 45,0.0
2030,sc01,09-06 22:00:00+02:00,Hydro 24,0.0
2030,sc01,09-06 22:00:00+02:00,Wind 13,1.3312284316000003
2030,sc01,09-06 22:00:00+02:00,Biomass 07,0.034
2030,sc01,09-06 22:00:00+02:00,Biomass 34,0.02329
2030,sc01,09-06 22:00:00+02:00,Biomass 33,0.02329
2030,sc01,09-06 22:00:00+02:00,CT NG 01,0.0
2030,sc01,09-06 22:00:00+02:00,ICE NG 03,0.0
2030,sc01,09-06 22:00:00+02:00,Solar 55,0.0
2030,sc01,09-06 22:00:00+02:00,Solar 11,0.0
2030,sc01,09-06 22:00:00+02:00,CT NG 06,0.0
2030,sc01,09-06 22:00:00+02:00,CT NG 70,0.0
2030,sc01,09-06 22:00:00+02:00,Solar 23,0.0
2030,sc01,09-06 22:00:00+02:00,CT NG 67,0.0
2030,sc01,09-06 22:00:00+02:00,Solar 12,0.0
2030,sc01,09-06 22:00:00+02:00,CT Oil 01,0.0
2030,sc01,09-06 22:00:00+02:00,Hydro 26,0.31916819999999996
2030,sc01,09-06 22:00:00+02:00,CC NG 22,0.0
2030,sc01,09-06 22:00:00+02:00,CC NG 35,0.0
2030,sc01,09-06 22:00:00+02:00,Biomass 50,0.00306
2030,sc01,09-06 22:00:00+02:00,ICE NG 04,0.0
2030,sc01,09-06 22:00:00+02:00,CC NG 39,0.0
2030,sc01,09-06 22:00:00+02:00,Hydro 32,0.003928224
2030,sc01,09-06 22:00:00+02:00,ICE NG 07,0.0
2030,sc01,09-06 22:00:00+02:00,Biomass 46,0.00986
2030,sc01,09-06 22:00:00+02:00,CC NG 38,0.0
2030,sc01,09-06 22:00:00+02:00,CC NG 12,0.0
2030,sc01,09-06 22:00:00+02:00,Solar 57,0.0
2030,sc01,09-06 22:00:00+02:00,CC NG 32,0.0
2030,sc01,09-06 22:00:00+02:00,CC NG 07,0.0
2030,sc01,09-06 22:00:00+02:00,Biomass 44,0.01887
2030,sc01,09-06 22:00:00+02:00,CT NG 40,0.0
2030,sc01,09-06 22:00:00+02:00,Solar 74,0.0
2030,sc01,09-06 22:00:00+02:00,Hydro 30,0.0
2030,sc01,09-06 22:00:00+02:00,CT NG 42,0.0
2030,sc01,09-06 22:00:00+02:00,Hydro 22,0.47378643
2030,sc01,09-06 22:00:00+02:00,Solar 17,0.0
2030,sc01,09-06 22:00:00+02:00,Solar 38,0.0
2030,sc01,09-06 22:00:00+02:00,CT NG 24,0.0
2030,sc01,09-06 22:00:00+02:00,CC NG 27,0.0
2030,sc01,09-06 22:00:00+02:00,Biomass 21,0.00612
2030,sc01,09-06 22:00:00+02:00,ICE NG 06,0.0
2030,sc01,09-06 22:00:00+02:00,Biomass 25,0.0066300000000000005
2030,sc01,09-06 22:00:00+02:00,Solar 27,0.0
2030,sc01,09-06 22:00:00+02:00,CT NG 19,0.0
2030,sc01,09-06 22:00:00+02:00,Biomass 42,0.02159
2030,sc01,09-06 22:00:00+02:00,Biomass 19,0.00612
2030,sc01,09-06 22:00:00+02:00,Biomass 06,0.0074800000000000005
2030,sc01,09-06 22:00:00+02:00,CT NG 10,0.0
2030,sc01,09-06 22:00:00+02:00,CC NG 40,11.123402525694186
2030,sc01,09-06 22:00:00+02:00,CC NG 21,0.0
2030,sc01,09-06 22:00:00+02:00,Biomass 02,0.01751
2030,sc01,09-06 22:00:00+02:00,CT NG 46,0.0
2030,sc01,09-06 22:00:00+02:00,Hydro 34,0.0
2030,sc01,09-06 22:00:00+02:00,Biomass 10,0.01479
2030,sc01,09-06 22:00:00+02:00,CT NG 17,0.0
2030,sc01,09-06 22:00:00+02:00,Biomass 62,0.03247
2030,sc01,09-06 22:00:00+02:00,Biomass 32,0.020229999999999998
2030,sc01,09-06 22:00:00+02:00,CC NG 19,2.30146
2030,sc01,09-06 22:00:00+02:00,CC NG 17,0.0
2030,sc01,09-06 22:00:00+02:00,ST NG 01,0.0
2030,sc01,09-06 22:00:00+02:00,Biomass 45,0.01887
2030,sc01,09-06 22:00:00+02:00,Biomass 28,0.02873
2030,sc01,09-06 22:00:00+02:00,CC NG 10,0.0
2030,sc01,09-06 22:00:00+02:00,Biomass 23,0.0066300000000000005
2030,sc01,09-06 22:00:00+02:00,ST NG 06,0.0
2030,sc01,09-06 22:00:00+02:00,Wind 10,1.14179723236
2030,sc01,09-06 22:00:00+02:00,CT NG 69,0.0
2030,sc01,09-06 22:00:00+02:00,CT NG 68,0.0
2030,sc01,09-13 21:00:00+02:00,CC NG 13,0.0
2030,sc01,09-13 21:00:00+02:00,CT NG 37,0.0
2030,sc01,09-13 21:00:00+02:00,ST Coal 01,0.0
2030,sc01,09-13 21:00:00+02:00,CT NG 09,0.0
2030,sc01,09-13 21:00:00+02:00,CT NG 47,0.0
2030,sc01,09-13 21:00:00+02:00,Solar 69,0.0
2030,sc01,09-13 21:00:00+02:00,Solar 34,0.0
2030,sc01,09-13 21:00:00+02:00,Solar 73,0.0
2030,sc01,09-13 21:00:00+02:00,Biomass 37,0.0
2030,sc01,09-13 21:00:00+02:00,Hydro 20,0.0
2030,sc01,09-13 21:00:00+02:00,Solar 01,0.0
2030,sc01,09-13 21:00:00+02:00,Solar 62,0.0
2030,sc01,09-13 21:00:00+02:00,Solar 02,0.0
2030,sc01,09-13 21:00:00+02:00,CT NG 26,0.0
2030,sc01,09-13 21:00:00+02:00,Biomass 20,0.0
2030,sc01,09-13 21:00:00+02:00,Wind 16,31.0337669136
2030,sc01,09-13 21:00:00+02:00,CT NG 66,0.0
2030,sc01,09-13 21:00:00+02:00,Solar 39,0.0
2030,sc01,09-13 21:00:00+02:00,Biomass 41,0.0
2030,sc01,09-13 21:00:00+02:00,Solar 72,0.0
2030,sc01,09-13 21:00:00+02:00,ST NG 03,0.0
2030,sc01,09-13 21:00:00+02:00,Hydro 21,1.7734564800000001
2030,sc01,09-13 21:00:00+02:00,CT NG 03,0.0
2030,sc01,09-13 21:00:00+02:00,CC NG 09,0.0
2030,sc01,09-13 21:00:00+02:00,CT Oil 02,0.0
2030,sc01,09-13 21:00:00+02:00,CT NG 39,0.0
2030,sc01,09-13 21:00:00+02:00,CC NG 08,0.0
2030,sc01,09-13 21:00:00+02:00,Biomass 43,0.0
2030,sc01,09-13 21:00:00+02:00,CT NG 18,0.0
2030,sc01,09-13 21:00:00+02:00,ST NG 07,0.0
2030,sc01,09-13 21:00:00+02:00,Biomass 35,0.0
2030,sc01,09-13 21:00:00+02:00,Solar 32,0.0
2030,sc01,09-13 21:00:00+02:00,Biomass 15,0.0
2030,sc01,09-13 21:00:00+02:00,CC NG 31,0.0
2030,sc01,09-13 21:00:00+02:00,Solar 16,0.0
2030,sc01,09-13 21:00:00+02:00,Solar 68,0.0
2030,sc01,09-13 21:00:00+02:00,CT NG 21,0.0
2030,sc01,09-13 21:00:00+02:00,Wind 11,3.5498479473600004
2030,sc01,09-13 21:00:00+02:00,CC NG 37,0.0
2030,sc01,09-13 21:00:00+02:00,CT NG 22,0.0
2030,sc01,09-13 21:00:00+02:00,Hydro 16,0.016331520000000002
2030,sc01,09-13 21:00:00+02:00,Biomass 59,0.0
2030,sc01,09-13 21:00:00+02:00,CC NG 01,0.0
2030,sc01,09-13 21:00:00+02:00,Biomass 16,0.0
2030,sc01,09-13 21:00:00+02:00,Solar 03,0.0
2030,sc01,09-13 21:00:00+02:00,Solar 44,0.0
2030,sc01,09-13 21:00:00+02:00,CT NG 08,0.0
2030,sc01,09-13 21:00:00+02:00,Wind 05,0.08161434969600001
2030,sc01,09-13 21:00:00+02:00,Biomass 26,0.0
2030,sc01,09-13 21:00:00+02:00,Solar 37,0.0
2030,sc01,09-13 21:00:00+02:00,Biomass 11,0.0
2030,sc01,09-13 21:00:00+02:00,Solar 59,0.0
2030,sc01,09-13 21:00:00+02:00,CT NG 11,0.0
2030,sc01,09-13 21:00:00+02:00,Biomass 30,0.0
2030,sc01,09-13 21:00:00+02:00,Hydro 23,0.0
2030,sc01,09-13 21:00:00+02:00,CC NG 24,0.0
2030,sc01,09-13 21:00:00+02:00,Solar 65,0.0
2030,sc01,09-13 21:00:00+02:00,CC NG 18,0.0
2030,sc01,09-13 21:00:00+02:00,CT NG 16,0.0
2030,sc01,09-13 21:00:00+02:00,Solar 51,0.0
2030,sc01,09-13 21:00:00+02:00,Wind 06,4.60276007424
2030,sc01,09-13 21:00:00+02:00,CC NG 26,0.0
2030,sc01,09-13 21:00:00+02:00,CC NG 23,0.0
2030,sc01,09-13 21:00:00+02:00,CT NG 43,0.0
2030,sc01,09-13 21:00:00+02:00,CC NG 11,0.0
2030,sc01,09-13 21:00:00+02:00,CT NG 02,0.0
2030,sc01,09-13 21:00:00+02:00,CT NG 50,0.0
2030,sc01,09-13 21:00:00+02:00,Hydro 27,0.0
2030,sc01,09-13 21:00:00+02:00,CT NG 13,0.0
2030,sc01,09-13 21:00:00+02:00,CT NG 25,0.0
2030,sc01,09-13 21:00:00+02:00,CC NG 05,0.0
2030,sc01,09-13 21:00:00+02:00,Solar 04,0.0
2030,sc01,09-13 21:00:00+02:00,Solar 30,0.0
2030,sc01,09-13 21:00:00+02:00,Solar 29,0.0
2030,sc01,09-13 21:00:00+02:00,Solar 53,0.0
2030,sc01,09-13 21:00:00+02:00,Solar 21,0.0
2030,sc01,09-13 21:00:00+02:00,Biomass 58,0.0
2030,sc01,09-13 21:00:00+02:00,CT NG 74,0.0
2030,sc01,09-13 21:00:00+02:00,Solar 61,0.0
2030,sc01,09-13 21:00:00+02:00,Wind 07,3.3456687038400004
2030,sc01,09-13 21:00:00+02:00,Biomass 31,0.0
2030,sc01,09-13 21:00:00+02:00,CT Oil 05,0.0
2030,sc01,09-13 21:00:00+02:00,Biomass 38,0.0
2030,sc01,09-13 21:00:00+02:00,Solar 41,0.0
2030,sc01,09-13 21:00:00+02:00,Biomass 51,0.0
2030,sc01,09-13 21:00:00+02:00,Biomass 55,0.0
2030,sc01,09-13 21:00:00+02:00,Wind 15,2.28420573072
2030,sc01,09-13 21:00:00+02:00,Geo 01,0.0
2030,sc01,09-13 21:00:00+02:00,Biomass 60,0.0
2030,sc01,09-13 21:00:00+02:00,CT NG 38,0.0
2030,sc01,09-13 21:00:00+02:00,Solar 66,0.0
2030,sc01,09-13 21:00:00+02:00,Solar 49,0.0
2030,sc01,09-13 21:00:00+02:00,CT NG 51,0.0
2030,sc01,09-13 21:00:00+02:00,Biomass 18,0.0
2030,sc01,09-13 21:00:00+02:00,ICE NG 01,0.0
2030,sc01,09-13 21:00:00+02:00,Solar 15,0.0
2030,sc01,09-13 21:00:00+02:00,ICE NG 05,0.0
2030,sc01,09-13 21:00:00+02:00,CT Oil 04,0.0
2030,sc01,09-13 21:00:00+02:00,CC NG 20,0.0
2030,sc01,09-13 21:00:00+02:00,Solar 20,0.0
2030,sc01,09-13 21:00:00+02:00,Biomass 04,0.0
2030,sc01,09-13 21:00:00+02:00,Wind 02,8.670353256
2030,sc01,09-13 21:00:00+02:00,Hydro 25,0.0
2030,sc01,09-13 21:00:00+02:00,Solar 75,0.0
2030,sc01,09-13 21:00:00+02:00,Hydro 33,0.0
2030,sc01,09-13 21:00:00+02:00,ST NG 05,0.0
2030,sc01,09-13 21:00:00+02:00,CT NG 07,0.0
2030,sc01,09-13 21:00:00+02:00,Wind 01,2.21876466384
2030,sc01,09-13 21:00:00+02:00,Solar 56,0.0
2030,sc01,09-13 21:00:00+02:00,Biomass 09,0.0
2030,sc01,09-13 21:00:00+02:00,Biomass 53,0.0
2030,sc01,09-13 21:00:00+02:00,Wind 17,19.802603712
2030,sc01,09-13 21:00:00+02:00,ST NG 08,0.0
2030,sc01,09-13 21:00:00+02:00,Hydro 19,0.0
2030,sc01,09-13 21:00:00+02:00,ST NG 02,0.0
2030,sc01,09-13 21:00:00+02:00,Biomass 01,0.0
2030,sc01,09-13 21:00:00+02:00,Biomass 57,0.0
2030,sc01,09-13 21:00:00+02:00,CT NG 49,0.0
2030,sc01,09-13 21:00:00+02:00,CT NG 31,0.0
2030,sc01,09-13 21:00:00+02:00,Solar 64,0.0
2030,sc01,09-13 21:00:00+02:00,CC NG 33,0.0
2030,sc01,09-13 21:00:00+02:00,Solar 46,0.0
2030,sc01,09-13 21:00:00+02:00,Biomass 12,0.0
2030,sc01,09-13 21:00:00+02:00,Wind 04,0.12040058995200001
2030,sc01,09-13 21:00:00+02:00,Solar 13,0.0
2030,sc01,09-13 21:00:00+02:00,CT NG 55,0.0
2030,sc01,09-13 21:00:00+02:00,Wind N03,182.94256005536823
2030,sc01,09-13 21:00:00+02:00,CT NG 28,0.0
2030,sc01,09-13 21:00:00+02:00,Wind 09,1.32453431328
2030,sc01,09-13 21:00:00+02:00,Solar 60,0.0
2030,sc01,09-13 21:00:00+02:00,Solar 25,0.0
2030,sc01,09-13 21:00:00+02:00,CT NG 23,0.0
2030,sc01,09-13 21:00:00+02:00,ST Other 01,0.0
2030,sc01,09-13 21:00:00+02:00,Solar 70,0.0
2030,sc01,09-13 21:00:00+02:00,CC NG 34,0.0
2030,sc01,09-13 21:00:00+02:00,Solar 48,0.0
2030,sc01,09-13 21:00:00+02:00,Biomass 56,0.0
2030,sc01,09-13 21:00:00+02:00,CT NG 36,0.0
2030,sc01,09-13 21:00:00+02:00,Solar 47,0.0
2030,sc01,09-13 21:00:00+02:00,Hydro 17,0.02755944
2030,sc01,09-13 21:00:00+02:00,Solar 09,0.0
2030,sc01,09-13 21:00:00+02:00,Solar 08,0.0
2030,sc01,09-13 21:00:00+02:00,CT NG 45,0.0
2030,sc01,09-13 21:00:00+02:00,ST NG 04,0.0
2030,sc01,09-13 21:00:00+02:00,Solar 40,0.0
2030,sc01,09-13 21:00:00+02:00,Biomass 47,0.0
2030,sc01,09-13 21:00:00+02:00,Solar 50,0.0
2030,sc01,09-13 21:00:00+02:00,Solar 52,0.0
2030,sc01,09-13 21:00:00+02:00,Solar 63,0.0
2030,sc01,09-13 21:00:00+02:00,CC NG 06,0.0
2030,sc01,09-13 21:00:00+02:00,Biomass 39,0.0
2030,sc01,09-13 21:00:00+02:00,Solar 67,0.0
2030,sc01,09-13 21:00:00+02:00,Solar 19,0.0
2030,sc01,09-13 21:00:00+02:00,Wind 12,17.318606083200002
2030,sc01,09-13 21:00:00+02:00,Solar 24,0.0
2030,sc01,09-13 21:00:00+02:00,ICE NG 02,0.0
2030,sc01,09-13 21:00:00+02:00,Solar 05,0.0
2030,sc01,09-13 21:00:00+02:00,CT NG 54,0.0
2030,sc01,09-13 21:00:00+02:00,Wind N01,84.58001164004551
2030,sc01,09-13 21:00:00+02:00,CT NG 27,0.0
2030,sc01,09-13 21:00:00+02:00,CC NG 36,0.0
2030,sc01,09-13 21:00:00+02:00,Wind N02,42.66202158234597
2030,sc01,09-13 21:00:00+02:00,CT NG 52,0.0
2030,sc01,09-13 21:00:00+02:00,Solar 35,0.0
2030,sc01,09-13 21:00:00+02:00,CT NG 05,0.0
2030,sc01,09-13 21:00:00+02:00,Biomass 36,0.0
2030,sc01,09-13 21:00:00+02:00,CT NG 34,0.0
2030,sc01,09-13 21:00:00+02:00,CT Oil 03,0.0
2030,sc01,09-13 21:00:00+02:00,Hydro 35,0.0
2030,sc01,09-13 21:00:00+02:00,Solar 14,0.0
2030,sc01,09-13 21:00:00+02:00,CT NG 75,0.0
2030,sc01,09-13 21:00:00+02:00,ST NG 09,0.0
2030,sc01,09-13 21:00:00+02:00,CT NG 56,0.0
2030,sc01,09-13 21:00:00+02:00,Biomass 22,0.0
2030,sc01,09-13 21:00:00+02:00,Solar 18,0.0
2030,sc01,09-13 21:00:00+02:00,Biomass 13,0.0
2030,sc01,09-13 21:00:00+02:00,CT NG 71,0.0
2030,sc01,09-13 21:00:00+02:00,Solar 58,0.0
2030,sc01,09-13 21:00:00+02:00,Solar 06,0.0
2030,sc01,09-13 21:00:00+02:00,Biomass 08,0.0
2030,sc01,09-13 21:00:00+02:00,CT NG 72,0.0
2030,sc01,09-13 21:00:00+02:00,Hydro 18,0.09492696
2030,sc01,09-13 21:00:00+02:00,Solar 10,0.0
2030,sc01,09-13 21:00:00+02:00,CT NG 04,0.0
2030,sc01,09-13 21:00:00+02:00,ST Other 02,0.0
2030,sc01,09-13 21:00:00+02:00,CT NG 12,0.0
2030,sc01,09-13 21:00:00+02:00,CT NG 48,0.0
2030,sc01,09-13 21:00:00+02:00,ST NG 10,0.0
2030,sc01,09-13 21:00:00+02:00,Solar 22,0.0
2030,sc01,09-13 21:00:00+02:00,Solar 28,0.0
2030,sc01,09-13 21:00:00+02:00,CT NG 73,0.0
2030,sc01,09-13 21:00:00+02:00,Biomass 52,0.0
2030,sc01,09-13 21:00:00+02:00,CT NG 30,0.0
2030,sc01,09-13 21:00:00+02:00,Solar 54,0.0
2030,sc01,09-13 21:00:00+02:00,Solar 31,0.0
2030,sc01,09-13 21:00:00+02:00,Biomass 03,0.0
2030,sc01,09-13 21:00:00+02:00,CT NG 32,0.0
2030,sc01,09-13 21:00:00+02:00,Biomass 27,0.0
2030,sc01,09-13 21:00:00+02:00,CC NG 14,0.0
2030,sc01,09-13 21:00:00+02:00,CC NG 03,0.0
2030,sc01,09-13 21:00:00+02:00,CC NG 29,0.0
2030,sc01,09-13 21:00:00+02:00,CC NG 28,0.0
2030,sc01,09-13 21:00:00+02:00,CC NG 25,0.0
2030,sc01,09-13 21:00:00+02:00,CT NG 44,0.0
2030,sc01,09-13 21:00:00+02:00,CT NG 14,0.0
2030,sc01,09-13 21:00:00+02:00,CC NG 15,0.0
2030,sc01,09-13 21:00:00+02:00,CC NG 04,0.0
2030,sc01,09-13 21:00:00+02:00,Biomass 29,0.0
2030,sc01,09-13 21:00:00+02:00,Wind 14,64.284759408
2030,sc01,09-13 21:00:00+02:00,Wind 08,1.7529135912
2030,sc01,09-13 21:00:00+02:00,Biomass 61,0.0
2030,sc01,09-13 21:00:00+02:00,CT NG 35,0.0
2030,sc01,09-13 21:00:00+02:00,Solar 33,0.0
2030,sc01,09-13 21:00:00+02:00,CT NG 41,0.0
2030,sc01,09-13 21:00:00+02:00,CT NG 15,0.0
2030,sc01,09-13 21:00:00+02:00,Solar 42,0.0
2030,sc01,09-13 21:00:00+02:00,Solar 07,0.0
2030,sc01,09-13 21:00:00+02:00,Solar 43,0.0
2030,sc01,09-13 21:00:00+02:00,Biomass 05,0.0
2030,sc01,09-13 21:00:00+02:00,CT NG 29,0.0
2030,sc01,09-13 21:00:00+02:00,Solar 71,0.0
2030,sc01,09-13 21:00:00+02:00,CT NG 53,0.0
2030,sc01,09-13 21:00:00+02:00,CT NG 20,0.0
2030,sc01,09-13 21:00:00+02:00,Biomass 14,0.0
2030,sc01,09-13 21:00:00+02:00,Solar 26,0.0
2030,sc01,09-13 21:00:00+02:00,Hydro 29,0.0
2030,sc01,09-13 21:00:00+02:00,Hydro 31,0.008165760000000001
2030,sc01,09-13 21:00:00+02:00,Biomass 24,0.0
2030,sc01,09-13 21:00:00+02:00,Biomass 54,0.0
2030,sc01,09-13 21:00:00+02:00,Solar 36,0.0
2030,sc01,09-13 21:00:00+02:00,Wind 03,0.31804236556800003
2030,sc01,09-13 21:00:00+02:00,Biomass 40,0.0
2030,sc01,09-13 21:00:00+02:00,Biomass 49,0.0
2030,sc01,09-13 21:00:00+02:00,CC NG 16,0.0
2030,sc01,09-13 21:00:00+02:00,Biomass 48,0.0
2030,sc01,09-13 21:00:00+02:00,Hydro 28,0.0
2030,sc01,09-13 21:00:00+02:00,Biomass 17,0.0
2030,sc01,09-13 21:00:00+02:00,CT NG 33,0.0
2030,sc01,09-13 21:00:00+02:00,Solar 45,0.0
2030,sc01,09-13 21:00:00+02:00,Hydro 24,0.0
2030,sc01,09-13 21:00:00+02:00,Wind 13,11.0416871328
2030,sc01,09-13 21:00:00+02:00,Biomass 07,0.0
2030,sc01,09-13 21:00:00+02:00,Biomass 34,0.0
2030,sc01,09-13 21:00:00+02:00,Biomass 33,0.0
2030,sc01,09-13 21:00:00+02:00,CT NG 01,0.0
2030,sc01,09-13 21:00:00+02:00,ICE NG 03,0.0
2030,sc01,09-13 21:00:00+02:00,Solar 55,0.0
2030,sc01,09-13 21:00:00+02:00,Solar 11,0.0
2030,sc01,09-13 21:00:00+02:00,CT NG 06,0.0
2030,sc01,09-13 21:00:00+02:00,CT NG 70,0.0
2030,sc01,09-13 21:00:00+02:00,Solar 23,0.0
2030,sc01,09-13 21:00:00+02:00,CT NG 67,0.0
2030,sc01,09-13 21:00:00+02:00,Solar 12,0.0
2030,sc01,09-13 21:00:00+02:00,CT Oil 01,0.0
2030,sc01,09-13 21:00:00+02:00,Hydro 26,0.0
2030,sc01,09-13 21:00:00+02:00,CC NG 22,0.0
2030,sc01,09-13 21:00:00+02:00,CC NG 35,0.0
2030,sc01,09-13 21:00:00+02:00,Biomass 50,0.0
2030,sc01,09-13 21:00:00+02:00,ICE NG 04,0.0
2030,sc01,09-13 21:00:00+02:00,CC NG 39,0.0
2030,sc01,09-13 21:00:00+02:00,Hydro 32,0.009798912
2030,sc01,09-13 21:00:00+02:00,ICE NG 07,0.0
2030,sc01,09-13 21:00:00+02:00,Biomass 46,0.0
2030,sc01,09-13 21:00:00+02:00,CC NG 38,0.0
2030,sc01,09-13 21:00:00+02:00,CC NG 12,0.0
2030,sc01,09-13 21:00:00+02:00,Solar 57,0.0
2030,sc01,09-13 21:00:00+02:00,CC NG 32,0.0
2030,sc01,09-13 21:00:00+02:00,CC NG 07,0.0
2030,sc01,09-13 21:00:00+02:00,Biomass 44,0.0
2030,sc01,09-13 21:00:00+02:00,CT NG 40,0.0
2030,sc01,09-13 21:00:00+02:00,Solar 74,0.0
2030,sc01,09-13 21:00:00+02:00,Hydro 30,0.0
2030,sc01,09-13 21:00:00+02:00,CT NG 42,0.0
2030,sc01,09-13 21:00:00+02:00,Hydro 22,1.7734564800000001
2030,sc01,09-13 21:00:00+02:00,Solar 17,0.0
2030,sc01,09-13 21:00:00+02:00,Solar 38,0.0
2030,sc01,09-13 21:00:00+02:00,CT NG 24,0.0
2030,sc01,09-13 21:00:00+02:00,CC NG 27,0.0
2030,sc01,09-13 21:00:00+02:00,Biomass 21,0.0
2030,sc01,09-13 21:00:00+02:00,ICE NG 06,0.0
2030,sc01,09-13 21:00:00+02:00,Biomass 25,0.0
2030,sc01,09-13 21:00:00+02:00,Solar 27,0.0
2030,sc01,09-13 21:00:00+02:00,CT NG 19,0.0
2030,sc01,09-13 21:00:00+02:00,Biomass 42,0.0
2030,sc01,09-13 21:00:00+02:00,Biomass 19,0.0
2030,sc01,09-13 21:00:00+02:00,Biomass 06,0.0
2030,sc01,09-13 21:00:00+02:00,CT NG 10,0.0
2030,sc01,09-13 21:00:00+02:00,CC NG 40,0.0
2030,sc01,09-13 21:00:00+02:00,CC NG 21,0.0
2030,sc01,09-13 21:00:00+02:00,Biomass 02,0.0
2030,sc01,09-13 21:00:00+02:00,CT NG 46,0.0
2030,sc01,09-13 21:00:00+02:00,Hydro 34,0.0
2030,sc01,09-13 21:00:00+02:00,Biomass 10,0.0
2030,sc01,09-13 21:00:00+02:00,CT NG 17,0.0
2030,sc01,09-13 21:00:00+02:00,Biomass 62,0.0
2030,sc01,09-13 21:00:00+02:00,Biomass 32,0.0
2030,sc01,09-13 21:00:00+02:00,CC NG 19,0.0
2030,sc01,09-13 21:00:00+02:00,CC NG 17,0.0
2030,sc01,09-13 21:00:00+02:00,ST NG 01,0.0
2030,sc01,09-13 21:00:00+02:00,Biomass 45,0.0
2030,sc01,09-13 21:00:00+02:00,Biomass 28,0.0
2030,sc01,09-13 21:00:00+02:00,CC NG 10,0.0
2030,sc01,09-13 21:00:00+02:00,Biomass 23,0.0
2030,sc01,09-13 21:00:00+02:00,ST NG 06,0.0
2030,sc01,09-13 21:00:00+02:00,Wind 10,1.31346021216
2030,sc01,09-13 21:00:00+02:00,CT NG 69,0.0
2030,sc01,09-13 21:00:00+02:00,CT NG 68,0.0
2030,sc01,09-16 01:00:00+02:00,CC NG 13,0.0
2030,sc01,09-16 01:00:00+02:00,CT NG 37,0.0
2030,sc01,09-16 01:00:00+02:00,ST Coal 01,0.0
2030,sc01,09-16 01:00:00+02:00,CT NG 09,0.0
2030,sc01,09-16 01:00:00+02:00,CT NG 47,0.0
2030,sc01,09-16 01:00:00+02:00,Solar 69,0.0
2030,sc01,09-16 01:00:00+02:00,Solar 34,0.0
2030,sc01,09-16 01:00:00+02:00,Solar 73,0.0
2030,sc01,09-16 01:00:00+02:00,Biomass 37,0.0
2030,sc01,09-16 01:00:00+02:00,Hydro 20,0.0
2030,sc01,09-16 01:00:00+02:00,Solar 01,0.0
2030,sc01,09-16 01:00:00+02:00,Solar 62,0.0
2030,sc01,09-16 01:00:00+02:00,Solar 02,0.0
2030,sc01,09-16 01:00:00+02:00,CT NG 26,0.0
2030,sc01,09-16 01:00:00+02:00,Biomass 20,0.0
2030,sc01,09-16 01:00:00+02:00,Wind 16,42.0384162432
2030,sc01,09-16 01:00:00+02:00,CT NG 66,0.0
2030,sc01,09-16 01:00:00+02:00,Solar 39,0.0
2030,sc01,09-16 01:00:00+02:00,Biomass 41,0.0
2030,sc01,09-16 01:00:00+02:00,Solar 72,0.0
2030,sc01,09-16 01:00:00+02:00,ST NG 03,0.0
2030,sc01,09-16 01:00:00+02:00,Hydro 21,39.4218396
2030,sc01,09-16 01:00:00+02:00,CT NG 03,0.0
2030,sc01,09-16 01:00:00+02:00,CC NG 09,0.0
2030,sc01,09-16 01:00:00+02:00,CT Oil 02,0.0
2030,sc01,09-16 01:00:00+02:00,CT NG 39,0.0
2030,sc01,09-16 01:00:00+02:00,CC NG 08,0.0
2030,sc01,09-16 01:00:00+02:00,Biomass 43,0.0
2030,sc01,09-16 01:00:00+02:00,CT NG 18,0.0
2030,sc01,09-16 01:00:00+02:00,ST NG 07,0.0
2030,sc01,09-16 01:00:00+02:00,Biomass 35,0.0
2030,sc01,09-16 01:00:00+02:00,Solar 32,0.0
2030,sc01,09-16 01:00:00+02:00,Biomass 15,0.0
2030,sc01,09-16 01:00:00+02:00,CC NG 31,0.0
2030,sc01,09-16 01:00:00+02:00,Solar 16,0.0
2030,sc01,09-16 01:00:00+02:00,Solar 68,0.0
2030,sc01,09-16 01:00:00+02:00,CT NG 21,0.0
2030,sc01,09-16 01:00:00+02:00,Wind 11,0.0
2030,sc01,09-16 01:00:00+02:00,CC NG 37,0.0
2030,sc01,09-16 01:00:00+02:00,CT NG 22,0.0
2030,sc01,09-16 01:00:00+02:00,Hydro 16,0.0
2030,sc01,09-16 01:00:00+02:00,Biomass 59,0.0
2030,sc01,09-16 01:00:00+02:00,CC NG 01,0.0
2030,sc01,09-16 01:00:00+02:00,Biomass 16,0.0
2030,sc01,09-16 01:00:00+02:00,Solar 03,0.0
2030,sc01,09-16 01:00:00+02:00,Solar 44,0.0
2030,sc01,09-16 01:00:00+02:00,CT NG 08,0.0
2030,sc01,09-16 01:00:00+02:00,Wind 05,0.26588102070400005
2030,sc01,09-16 01:00:00+02:00,Biomass 26,0.0
2030,sc01,09-16 01:00:00+02:00,Solar 37,0.0
2030,sc01,09-16 01:00:00+02:00,Biomass 11,0.0
2030,sc01,09-16 01:00:00+02:00,Solar 59,0.0
2030,sc01,09-16 01:00:00+02:00,CT NG 11,0.0
2030,sc01,09-16 01:00:00+02:00,Biomass 30,0.0
2030,sc01,09-16 01:00:00+02:00,Hydro 23,0.0
2030,sc01,09-16 01:00:00+02:00,CC NG 24,0.0
2030,sc01,09-16 01:00:00+02:00,Solar 65,0.0
2030,sc01,09-16 01:00:00+02:00,CC NG 18,0.0
2030,sc01,09-16 01:00:00+02:00,CT NG 16,0.0
2030,sc01,09-16 01:00:00+02:00,Solar 51,0.0
2030,sc01,09-16 01:00:00+02:00,Wind 06,0.0
2030,sc01,09-16 01:00:00+02:00,CC NG 26,0.0
2030,sc01,09-16 01:00:00+02:00,CC NG 23,0.0
2030,sc01,09-16 01:00:00+02:00,CT NG 43,0.0
2030,sc01,09-16 01:00:00+02:00,CC NG 11,0.0
2030,sc01,09-16 01:00:00+02:00,CT NG 02,0.0
2030,sc01,09-16 01:00:00+02:00,CT NG 50,0.0
2030,sc01,09-16 01:00:00+02:00,Hydro 27,0.0
2030,sc01,09-16 01:00:00+02:00,CT NG 13,0.0
2030,sc01,09-16 01:00:00+02:00,CT NG 25,0.0
2030,sc01,09-16 01:00:00+02:00,CC NG 05,0.0
2030,sc01,09-16 01:00:00+02:00,Solar 04,0.0
2030,sc01,09-16 01:00:00+02:00,Solar 30,0.0
2030,sc01,09-16 01:00:00+02:00,Solar 29,0.0
2030,sc01,09-16 01:00:00+02:00,Solar 53,0.0
2030,sc01,09-16 01:00:00+02:00,Solar 21,0.0
2030,sc01,09-16 01:00:00+02:00,Biomass 58,0.0
2030,sc01,09-16 01:00:00+02:00,CT NG 74,0.0
2030,sc01,09-16 01:00:00+02:00,Solar 61,0.0
2030,sc01,09-16 01:00:00+02:00,Wind 07,0.0
2030,sc01,09-16 01:00:00+02:00,Biomass 31,0.0
2030,sc01,09-16 01:00:00+02:00,CT Oil 05,0.0
2030,sc01,09-16 01:00:00+02:00,Biomass 38,0.0
2030,sc01,09-16 01:00:00+02:00,Solar 41,0.0
2030,sc01,09-16 01:00:00+02:00,Biomass 51,0.0
2030,sc01,09-16 01:00:00+02:00,Biomass 55,0.0
2030,sc01,09-16 01:00:00+02:00,Wind 15,2.1575636966
2030,sc01,09-16 01:00:00+02:00,Geo 01,0.0
2030,sc01,09-16 01:00:00+02:00,Biomass 60,0.0
2030,sc01,09-16 01:00:00+02:00,CT NG 38,0.0
2030,sc01,09-16 01:00:00+02:00,Solar 66,0.0
2030,sc01,09-16 01:00:00+02:00,Solar 49,0.0
2030,sc01,09-16 01:00:00+02:00,CT NG 51,0.0
2030,sc01,09-16 01:00:00+02:00,Biomass 18,0.0
2030,sc01,09-16 01:00:00+02:00,ICE NG 01,0.0
2030,sc01,09-16 01:00:00+02:00,Solar 15,0.0
2030,sc01,09-16 01:00:00+02:00,ICE NG 05,0.0
2030,sc01,09-16 01:00:00+02:00,CT Oil 04,0.0
2030,sc01,09-16 01:00:00+02:00,CC NG 20,0.0
2030,sc01,09-16 01:00:00+02:00,Solar 20,0.0
2030,sc01,09-16 01:00:00+02:00,Biomass 04,0.0
2030,sc01,09-16 01:00:00+02:00,Wind 02,9.872953974
2030,sc01,09-16 01:00:00+02:00,Hydro 25,0.8702148000000001
2030,sc01,09-16 01:00:00+02:00,Solar 75,0.0
2030,sc01,09-16 01:00:00+02:00,Hydro 33,0.0
2030,sc01,09-16 01:00:00+02:00,ST NG 05,0.0
2030,sc01,09-16 01:00:00+02:00,CT NG 07,0.0
2030,sc01,09-16 01:00:00+02:00,Wind 01,2.5629025817199995
2030,sc01,09-16 01:00:00+02:00,Solar 56,0.0
2030,sc01,09-16 01:00:00+02:00,Biomass 09,0.0
2030,sc01,09-16 01:00:00+02:00,Biomass 53,0.0
2030,sc01,09-16 01:00:00+02:00,Wind 17,11.1991366968
2030,sc01,09-16 01:00:00+02:00,ST NG 08,0.0
2030,sc01,09-16 01:00:00+02:00,Hydro 19,0.0
2030,sc01,09-16 01:00:00+02:00,ST NG 02,0.0
2030,sc01,09-16 01:00:00+02:00,Biomass 01,0.0
2030,sc01,09-16 01:00:00+02:00,Biomass 57,0.0
2030,sc01,09-16 01:00:00+02:00,CT NG 49,0.0
2030,sc01,09-16 01:00:00+02:00,CT NG 31,0.0
2030,sc01,09-16 01:00:00+02:00,Solar 64,0.0
2030,sc01,09-16 01:00:00+02:00,CC NG 33,0.0
2030,sc01,09-16 01:00:00+02:00,Solar 46,0.0
2030,sc01,09-16 01:00:00+02:00,Biomass 12,0.0
2030,sc01,09-16 01:00:00+02:00,Wind 04,0.43258486710400007
2030,sc01,09-16 01:00:00+02:00,Solar 13,0.0
2030,sc01,09-16 01:00:00+02:00,CT NG 55,0.0
2030,sc01,09-16 01:00:00+02:00,Wind N03,42.85053055198635
2030,sc01,09-16 01:00:00+02:00,CT NG 28,0.0
2030,sc01,09-16 01:00:00+02:00,Wind 09,0.0
2030,sc01,09-16 01:00:00+02:00,Solar 60,0.0
2030,sc01,09-16 01:00:00+02:00,Solar 25,0.0
2030,sc01,09-16 01:00:00+02:00,CT NG 23,0.0
2030,sc01,09-16 01:00:00+02:00,ST Other 01,0.0
2030,sc01,09-16 01:00:00+02:00,Solar 70,0.0
2030,sc01,09-16 01:00:00+02:00,CC NG 34,0.0
2030,sc01,09-16 01:00:00+02:00,Solar 48,0.0
2030,sc01,09-16 01:00:00+02:00,Biomass 56,0.0
2030,sc01,09-16 01:00:00+02:00,CT NG 36,0.0
2030,sc01,09-16 01:00:00+02:00,Solar 47,0.0
2030,sc01,09-16 01:00:00+02:00,Hydro 17,0.03012282
2030,sc01,09-16 01:00:00+02:00,Solar 09,0.0
2030,sc01,09-16 01:00:00+02:00,Solar 08,0.0
2030,sc01,09-16 01:00:00+02:00,CT NG 45,0.0
2030,sc01,09-16 01:00:00+02:00,ST NG 04,0.0
2030,sc01,09-16 01:00:00+02:00,Solar 40,0.0
2030,sc01,09-16 01:00:00+02:00,Biomass 47,0.0
2030,sc01,09-16 01:00:00+02:00,Solar 50,0.0
2030,sc01,09-16 01:00:00+02:00,Solar 52,0.0
2030,sc01,09-16 01:00:00+02:00,Solar 63,0.0
2030,sc01,09-16 01:00:00+02:00,CC NG 06,0.0
2030,sc01,09-16 01:00:00+02:00,Biomass 39,0.0
2030,sc01,09-16 01:00:00+02:00,Solar 67,0.0
2030,sc01,09-16 01:00:00+02:00,Solar 19,0.0
2030,sc01,09-16 01:00:00+02:00,Wind 12,27.428111224800006
2030,sc01,09-16 01:00:00+02:00,Solar 24,0.0
2030,sc01,09-16 01:00:00+02:00,ICE NG 02,0.0
2030,sc01,09-16 01:00:00+02:00,Solar 05,0.0
2030,sc01,09-16 01:00:00+02:00,CT NG 54,0.0
2030,sc01,09-16 01:00:00+02:00,Wind N01,157.01832787822502
2030,sc01,09-16 01:00:00+02:00,CT NG 27,0.0
2030,sc01,09-16 01:00:00+02:00,CC NG 36,0.0
2030,sc01,09-16 01:00:00+02:00,Wind N02,0.0
2030,sc01,09-16 01:00:00+02:00,CT NG 52,0.0
2030,sc01,09-16 01:00:00+02:00,Solar 35,0.0
2030,sc01,09-16 01:00:00+02:00,CT NG 05,0.0
2030,sc01,09-16 01:00:00+02:00,Biomass 36,0.0
2030,sc01,09-16 01:00:00+02:00,CT NG 34,0.0
2030,sc01,09-16 01:00:00+02:00,CT Oil 03,0.0
2030,sc01,09-16 01:00:00+02:00,Hydro 35,0.0
2030,sc01,09-16 01:00:00+02:00,Solar 14,0.0
2030,sc01,09-16 01:00:00+02:00,CT NG 75,0.0
2030,sc01,09-16 01:00:00+02:00,ST NG 09,0.0
2030,sc01,09-16 01:00:00+02:00,CT NG 56,0.0
2030,sc01,09-16 01:00:00+02:00,Biomass 22,0.0
2030,sc01,09-16 01:00:00+02:00,Solar 18,0.0
2030,sc01,09-16 01:00:00+02:00,Biomass 13,0.0
2030,sc01,09-16 01:00:00+02:00,CT NG 71,0.0
2030,sc01,09-16 01:00:00+02:00,Solar 58,0.0
2030,sc01,09-16 01:00:00+02:00,Solar 06,0.0
2030,sc01,09-16 01:00:00+02:00,Biomass 08,0.0
2030,sc01,09-16 01:00:00+02:00,CT NG 72,0.0
2030,sc01,09-16 01:00:00+02:00,Hydro 18,0.10375638000000001
2030,sc01,09-16 01:00:00+02:00,Solar 10,0.0
2030,sc01,09-16 01:00:00+02:00,CT NG 04,0.0
2030,sc01,09-16 01:00:00+02:00,ST Other 02,0.0
2030,sc01,09-16 01:00:00+02:00,CT NG 12,0.0
2030,sc01,09-16 01:00:00+02:00,CT NG 48,0.0
2030,sc01,09-16 01:00:00+02:00,ST NG 10,0.0
2030,sc01,09-16 01:00:00+02:00,Solar 22,0.0
2030,sc01,09-16 01:00:00+02:00,Solar 28,0.0
2030,sc01,09-16 01:00:00+02:00,CT NG 73,0.0
2030,sc01,09-16 01:00:00+02:00,Biomass 52,0.0
2030,sc01,09-16 01:00:00+02:00,CT NG 30,0.0
2030,sc01,09-16 01:00:00+02:00,Solar 54,0.0
2030,sc01,09-16 01:00:00+02:00,Solar 31,0.0
2030,sc01,09-16 01:00:00+02:00,Biomass 03,0.0
2030,sc01,09-16 01:00:00+02:00,CT NG 32,0.0
2030,sc01,09-16 01:00:00+02:00,Biomass 27,0.0
2030,sc01,09-16 01:00:00+02:00,CC NG 14,0.0
2030,sc01,09-16 01:00:00+02:00,CC NG 03,0.0
2030,sc01,09-16 01:00:00+02:00,CC NG 29,0.0
2030,sc01,09-16 01:00:00+02:00,CC NG 28,0.0
2030,sc01,09-16 01:00:00+02:00,CC NG 25,0.0
2030,sc01,09-16 01:00:00+02:00,CT NG 44,0.0
2030,sc01,09-16 01:00:00+02:00,CT NG 14,0.0
2030,sc01,09-16 01:00:00+02:00,CC NG 15,0.0
2030,sc01,09-16 01:00:00+02:00,CC NG 04,0.0
2030,sc01,09-16 01:00:00+02:00,Biomass 29,0.0
2030,sc01,09-16 01:00:00+02:00,Wind 14,49.28306984782081
2030,sc01,09-16 01:00:00+02:00,Wind 08,0.0
2030,sc01,09-16 01:00:00+02:00,Biomass 61,0.0
2030,sc01,09-16 01:00:00+02:00,CT NG 35,0.0
2030,sc01,09-16 01:00:00+02:00,Solar 33,0.0
2030,sc01,09-16 01:00:00+02:00,CT NG 41,0.0
2030,sc01,09-16 01:00:00+02:00,CT NG 15,0.0
2030,sc01,09-16 01:00:00+02:00,Solar 42,0.0
2030,sc01,09-16 01:00:00+02:00,Solar 07,0.0
2030,sc01,09-16 01:00:00+02:00,Solar 43,0.0
2030,sc01,09-16 01:00:00+02:00,Biomass 05,0.0
2030,sc01,09-16 01:00:00+02:00,CT NG 29,0.0
2030,sc01,09-16 01:00:00+02:00,Solar 71,0.0
2030,sc01,09-16 01:00:00+02:00,CT NG 53,0.0
2030,sc01,09-16 01:00:00+02:00,CT NG 20,0.0
2030,sc01,09-16 01:00:00+02:00,Biomass 14,0.0
2030,sc01,09-16 01:00:00+02:00,Solar 26,0.0
2030,sc01,09-16 01:00:00+02:00,Hydro 29,0.0
2030,sc01,09-16 01:00:00+02:00,Hydro 31,0.0
2030,sc01,09-16 01:00:00+02:00,Biomass 24,0.0
2030,sc01,09-16 01:00:00+02:00,Biomass 54,0.0
2030,sc01,09-16 01:00:00+02:00,Solar 36,0.0
2030,sc01,09-16 01:00:00+02:00,Wind 03,1.28447538388
2030,sc01,09-16 01:00:00+02:00,Biomass 40,0.0
2030,sc01,09-16 01:00:00+02:00,Biomass 49,0.0
2030,sc01,09-16 01:00:00+02:00,CC NG 16,0.0
2030,sc01,09-16 01:00:00+02:00,Biomass 48,0.0
2030,sc01,09-16 01:00:00+02:00,Hydro 28,0.0
2030,sc01,09-16 01:00:00+02:00,Biomass 17,0.0
2030,sc01,09-16 01:00:00+02:00,CT NG 33,0.0
2030,sc01,09-16 01:00:00+02:00,Solar 45,0.0
2030,sc01,09-16 01:00:00+02:00,Hydro 24,0.0
2030,sc01,09-16 01:00:00+02:00,Wind 13,13.6479821244
2030,sc01,09-16 01:00:00+02:00,Biomass 07,0.0
2030,sc01,09-16 01:00:00+02:00,Biomass 34,0.0
2030,sc01,09-16 01:00:00+02:00,Biomass 33,0.0
2030,sc01,09-16 01:00:00+02:00,CT NG 01,0.0
2030,sc01,09-16 01:00:00+02:00,ICE NG 03,0.0
2030,sc01,09-16 01:00:00+02:00,Solar 55,0.0
2030,sc01,09-16 01:00:00+02:00,Solar 11,0.0
2030,sc01,09-16 01:00:00+02:00,CT NG 06,0.0
2030,sc01,09-16 01:00:00+02:00,CT NG 70,0.0
2030,sc01,09-16 01:00:00+02:00,Solar 23,0.0
2030,sc01,09-16 01:00:00+02:00,CT NG 67,0.0
2030,sc01,09-16 01:00:00+02:00,Solar 12,0.0
2030,sc01,09-16 01:00:00+02:00,CT Oil 01,0.0
2030,sc01,09-16 01:00:00+02:00,Hydro 26,0.0
2030,sc01,09-16 01:00:00+02:00,CC NG 22,0.0
2030,sc01,09-16 01:00:00+02:00,CC NG 35,0.0
2030,sc01,09-16 01:00:00+02:00,Biomass 50,0.0
2030,sc01,09-16 01:00:00+02:00,ICE NG 04,0.0
2030,sc01,09-16 01:00:00+02:00,CC NG 39,0.0
2030,sc01,09-16 01:00:00+02:00,Hydro 32,0.0
2030,sc01,09-16 01:00:00+02:00,ICE NG 07,0.0
2030,sc01,09-16 01:00:00+02:00,Biomass 46,0.0
2030,sc01,09-16 01:00:00+02:00,CC NG 38,0.0
2030,sc01,09-16 01:00:00+02:00,CC NG 12,0.0
2030,sc01,09-16 01:00:00+02:00,Solar 57,0.0
2030,sc01,09-16 01:00:00+02:00,CC NG 32,0.0
2030,sc01,09-16 01:00:00+02:00,CC NG 07,0.0
2030,sc01,09-16 01:00:00+02:00,Biomass 44,0.0
2030,sc01,09-16 01:00:00+02:00,CT NG 40,0.0
2030,sc01,09-16 01:00:00+02:00,Solar 74,0.0
2030,sc01,09-16 01:00:00+02:00,Hydro 30,0.0
2030,sc01,09-16 01:00:00+02:00,CT NG 42,0.0
2030,sc01,09-16 01:00:00+02:00,Hydro 22,39.4218396
2030,sc01,09-16 01:00:00+02:00,Solar 17,0.0
2030,sc01,09-16 01:00:00+02:00,Solar 38,0.0
2030,sc01,09-16 01:00:00+02:00,CT NG 24,0.0
2030,sc01,09-16 01:00:00+02:00,CC NG 27,0.0
2030,sc01,09-16 01:00:00+02:00,Biomass 21,0.0
2030,sc01,09-16 01:00:00+02:00,ICE NG 06,0.0
2030,sc01,09-16 01:00:00+02:00,Biomass 25,0.0
2030,sc01,09-16 01:00:00+02:00,Solar 27,0.0
2030,sc01,09-16 01:00:00+02:00,CT NG 19,0.0
2030,sc01,09-16 01:00:00+02:00,Biomass 42,0.0
2030,sc01,09-16 01:00:00+02:00,Biomass 19,0.0
2030,sc01,09-16 01:00:00+02:00,Biomass 06,0.0
2030,sc01,09-16 01:00:00+02:00,CT NG 10,0.0
2030,sc01,09-16 01:00:00+02:00,CC NG 40,0.0
2030,sc01,09-16 01:00:00+02:00,CC NG 21,0.0
2030,sc01,09-16 01:00:00+02:00,Biomass 02,0.0
2030,sc01,09-16 01:00:00+02:00,CT NG 46,0.0
2030,sc01,09-16 01:00:00+02:00,Hydro 34,0.0
2030,sc01,09-16 01:00:00+02:00,Biomass 10,0.0
2030,sc01,09-16 01:00:00+02:00,CT NG 17,0.0
2030,sc01,09-16 01:00:00+02:00,Biomass 62,0.0
2030,sc01,09-16 01:00:00+02:00,Biomass 32,0.0
2030,sc01,09-16 01:00:00+02:00,CC NG 19,0.0
2030,sc01,09-16 01:00:00+02:00,CC NG 17,0.0
2030,sc01,09-16 01:00:00+02:00,ST NG 01,0.0
2030,sc01,09-16 01:00:00+02:00,Biomass 45,0.0
2030,sc01,09-16 01:00:00+02:00,Biomass 28,0.0
2030,sc01,09-16 01:00:00+02:00,CC NG 10,0.0
2030,sc01,09-16 01:00:00+02:00,Biomass 23,0.0
2030,sc01,09-16 01:00:00+02:00,ST NG 06,0.0
2030,sc01,09-16 01:00:00+02:00,Wind 10,0.0
2030,sc01,09-16 01:00:00+02:00,CT NG 69,0.0
2030,sc01,09-16 01:00:00+02:00,CT NG 68,0.0
2030,sc01,09-16 18:00:00+02:00,CC NG 13,0.0
2030,sc01,09-16 18:00:00+02:00,CT NG 37,0.0
2030,sc01,09-16 18:00:00+02:00,ST Coal 01,0.0
2030,sc01,09-16 18:00:00+02:00,CT NG 09,0.0
2030,sc01,09-16 18:00:00+02:00,CT NG 47,0.0
2030,sc01,09-16 18:00:00+02:00,Solar 69,0.0
2030,sc01,09-16 18:00:00+02:00,Solar 34,0.0
2030,sc01,09-16 18:00:00+02:00,Solar 73,0.0
2030,sc01,09-16 18:00:00+02:00,Biomass 37,0.0
2030,sc01,09-16 18:00:00+02:00,Hydro 20,0.0
2030,sc01,09-16 18:00:00+02:00,Solar 01,0.09682248589000002
2030,sc01,09-16 18:00:00+02:00,Solar 62,0.0
2030,sc01,09-16 18:00:00+02:00,Solar 02,0.0
2030,sc01,09-16 18:00:00+02:00,CT NG 26,0.0
2030,sc01,09-16 18:00:00+02:00,Biomass 20,0.014440000000000001
2030,sc01,09-16 18:00:00+02:00,Wind 16,27.96729944853207
2030,sc01,09-16 18:00:00+02:00,CT NG 66,0.0
2030,sc01,09-16 18:00:00+02:00,Solar 39,0.0
2030,sc01,09-16 18:00:00+02:00,Biomass 41,0.0
2030,sc01,09-16 18:00:00+02:00,Solar 72,0.0
2030,sc01,09-16 18:00:00+02:00,ST NG 03,0.0
2030,sc01,09-16 18:00:00+02:00,Hydro 21,1.2356060999999998
2030,sc01,09-16 18:00:00+02:00,CT NG 03,0.0
2030,sc01,09-16 18:00:00+02:00,CC NG 09,0.0
2030,sc01,09-16 18:00:00+02:00,CT Oil 02,0.0
2030,sc01,09-16 18:00:00+02:00,CT NG 39,0.0
2030,sc01,09-16 18:00:00+02:00,CC NG 08,0.0
2030,sc01,09-16 18:00:00+02:00,Biomass 43,0.0
2030,sc01,09-16 18:00:00+02:00,CT NG 18,0.0
2030,sc01,09-16 18:00:00+02:00,ST NG 07,0.0
2030,sc01,09-16 18:00:00+02:00,Biomass 35,0.0
2030,sc01,09-16 18:00:00+02:00,Solar 32,0.0
2030,sc01,09-16 18:00:00+02:00,Biomass 15,0.007980000000000001
2030,sc01,09-16 18:00:00+02:00,CC NG 31,0.0
2030,sc01,09-16 18:00:00+02:00,Solar 16,0.0
2030,sc01,09-16 18:00:00+02:00,Solar 68,0.0
2030,sc01,09-16 18:00:00+02:00,CT NG 21,0.0
2030,sc01,09-16 18:00:00+02:00,Wind 11,2.7943860955999997
2030,sc01,09-16 18:00:00+02:00,CC NG 37,0.0
2030,sc01,09-16 18:00:00+02:00,CT NG 22,0.0
2030,sc01,09-16 18:00:00+02:00,Hydro 16,0.01407216
2030,sc01,09-16 18:00:00+02:00,Biomass 59,0.15732000000000002
2030,sc01,09-16 18:00:00+02:00,CC NG 01,0.0
2030,sc01,09-16 18:00:00+02:00,Biomass 16,0.007980000000000001
2030,sc01,09-16 18:00:00+02:00,Solar 03,0.0
2030,sc01,09-16 18:00:00+02:00,Solar 44,0.0
2030,sc01,09-16 18:00:00+02:00,CT NG 08,0.0
2030,sc01,09-16 18:00:00+02:00,Wind 05,0.15593948401600002
2030,sc01,09-16 18:00:00+02:00,Biomass 26,0.06498
2030,sc01,09-16 18:00:00+02:00,Solar 37,0.0
2030,sc01,09-16 18:00:00+02:00,Biomass 11,0.01368
2030,sc01,09-16 18:00:00+02:00,Solar 59,0.0
2030,sc01,09-16 18:00:00+02:00,CT NG 11,0.0
2030,sc01,09-16 18:00:00+02:00,Biomass 30,0.06498
2030,sc01,09-16 18:00:00+02:00,Hydro 23,0.0
2030,sc01,09-16 18:00:00+02:00,CC NG 24,0.0
2030,sc01,09-16 18:00:00+02:00,Solar 65,0.0
2030,sc01,09-16 18:00:00+02:00,CC NG 18,0.0
2030,sc01,09-16 18:00:00+02:00,CT NG 16,0.0
2030,sc01,09-16 18:00:00+02:00,Solar 51,0.0
2030,sc01,09-16 18:00:00+02:00,Wind 06,3.8029281204
2030,sc01,09-16 18:00:00+02:00,CC NG 26,0.0
2030,sc01,09-16 18:00:00+02:00,CC NG 23,0.0
2030,sc01,09-16 18:00:00+02:00,CT NG 43,0.0
2030,sc01,09-16 18:00:00+02:00,CC NG 11,0.0
2030,sc01,09-16 18:00:00+02:00,CT NG 02,0.0
2030,sc01,09-16 18:00:00+02:00,CT NG 50,0.0
2030,sc01,09-16 18:00:00+02:00,Hydro 27,0.0
2030,sc01,09-16 18:00:00+02:00,CT NG 13,0.7953551999999999
2030,sc01,09-16 18:00:00+02:00,CT NG 25,0.0
2030,sc01,09-16 18:00:00+02:00,CC NG 05,0.0
2030,sc01,09-16 18:00:00+02:00,Solar 04,0.0
2030,sc01,09-16 18:00:00+02:00,Solar 30,0.0
2030,sc01,09-16 18:00:00+02:00,Solar 29,0.0
2030,sc01,09-16 18:00:00+02:00,Solar 53,0.0
2030,sc01,09-16 18:00:00+02:00,Solar 21,0.0
2030,sc01,09-16 18:00:00+02:00,Biomass 58,0.08208
2030,sc01,09-16 18:00:00+02:00,CT NG 74,0.0
2030,sc01,09-16 18:00:00+02:00,Solar 61,0.0
2030,sc01,09-16 18:00:00+02:00,Wind 07,2.6977134229999997
2030,sc01,09-16 18:00:00+02:00,Biomass 31,0.06498
2030,sc01,09-16 18:00:00+02:00,CT Oil 05,0.0
2030,sc01,09-16 18:00:00+02:00,Biomass 38,0.0
2030,sc01,09-16 18:00:00+02:00,Solar 41,0.0
2030,sc01,09-16 18:00:00+02:00,Biomass 51,0.0
2030,sc01,09-16 18:00:00+02:00,Biomass 55,0.09917999999999999
2030,sc01,09-16 18:00:00+02:00,Wind 15,0.0
2030,sc01,09-16 18:00:00+02:00,Geo 01,0.0
2030,sc01,09-16 18:00:00+02:00,Biomass 60,0.10260000000000001
2030,sc01,09-16 18:00:00+02:00,CT NG 38,0.0
2030,sc01,09-16 18:00:00+02:00,Solar 66,0.0
2030,sc01,09-16 18:00:00+02:00,Solar 49,0.0
2030,sc01,09-16 18:00:00+02:00,CT NG 51,0.0
2030,sc01,09-16 18:00:00+02:00,Biomass 18,0.007980000000000001
2030,sc01,09-16 18:00:00+02:00,ICE NG 01,0.0
2030,sc01,09-16 18:00:00+02:00,Solar 15,0.0
2030,sc01,09-16 18:00:00+02:00,ICE NG 05,0.0
2030,sc01,09-16 18:00:00+02:00,CT Oil 04,0.0
2030,sc01,09-16 18:00:00+02:00,CC NG 20,0.0
2030,sc01,09-16 18:00:00+02:00,Solar 20,0.0
2030,sc01,09-16 18:00:00+02:00,Biomass 04,0.0
2030,sc01,09-16 18:00:00+02:00,Wind 02,6.850043019999999
2030,sc01,09-16 18:00:00+02:00,Hydro 25,0.0
2030,sc01,09-16 18:00:00+02:00,Solar 75,0.0
2030,sc01,09-16 18:00:00+02:00,Hydro 33,0.0
2030,sc01,09-16 18:00:00+02:00,ST NG 05,0.0
2030,sc01,09-16 18:00:00+02:00,CT NG 07,0.0
2030,sc01,09-16 18:00:00+02:00,Wind 01,1.7849198853400001
2030,sc01,09-16 18:00:00+02:00,Solar 56,0.0
2030,sc01,09-16 18:00:00+02:00,Biomass 09,0.03116
2030,sc01,09-16 18:00:00+02:00,Biomass 53,0.09917999999999999
2030,sc01,09-16 18:00:00+02:00,Wind 17,0.0
2030,sc01,09-16 18:00:00+02:00,ST NG 08,0.0
2030,sc01,09-16 18:00:00+02:00,Hydro 19,0.0
2030,sc01,09-16 18:00:00+02:00,ST NG 02,0.0
2030,sc01,09-16 18:00:00+02:00,Biomass 01,0.041800000000000004
2030,sc01,09-16 18:00:00+02:00,Biomass 57,0.08208
2030,sc01,09-16 18:00:00+02:00,CT NG 49,0.0
2030,sc01,09-16 18:00:00+02:00,CT NG 31,0.0
2030,sc01,09-16 18:00:00+02:00,Solar 64,0.0
2030,sc01,09-16 18:00:00+02:00,CC NG 33,0.0
2030,sc01,09-16 18:00:00+02:00,Solar 46,0.0
2030,sc01,09-16 18:00:00+02:00,Biomass 12,0.01368
2030,sc01,09-16 18:00:00+02:00,Wind 04,0.069467787232
2030,sc01,09-16 18:00:00+02:00,Solar 13,0.0
2030,sc01,09-16 18:00:00+02:00,CT NG 55,0.0
2030,sc01,09-16 18:00:00+02:00,Wind N03,131.40463582619526
2030,sc01,09-16 18:00:00+02:00,CT NG 28,0.0
2030,sc01,09-16 18:00:00+02:00,Wind 09,2.3977509245199995
2030,sc01,09-16 18:00:00+02:00,Solar 60,0.0
2030,sc01,09-16 18:00:00+02:00,Solar 25,0.0
2030,sc01,09-16 18:00:00+02:00,CT NG 23,0.0
2030,sc01,09-16 18:00:00+02:00,ST Other 01,0.0
2030,sc01,09-16 18:00:00+02:00,Solar 70,0.0
2030,sc01,09-16 18:00:00+02:00,CC NG 34,0.0
2030,sc01,09-16 18:00:00+02:00,Solar 48,0.0
2030,sc01,09-16 18:00:00+02:00,Biomass 56,0.10031999999999999
2030,sc01,09-16 18:00:00+02:00,CT NG 36,0.0
2030,sc01,09-16 18:00:00+02:00,Solar 47,0.0
2030,sc01,09-16 18:00:00+02:00,Hydro 17,0.02374677
2030,sc01,09-16 18:00:00+02:00,Solar 09,0.01033844112
2030,sc01,09-16 18:00:00+02:00,Solar 08,0.0
2030,sc01,09-16 18:00:00+02:00,CT NG 45,0.0
2030,sc01,09-16 18:00:00+02:00,ST NG 04,0.15860920895608002
2030,sc01,09-16 18:00:00+02:00,Solar 40,0.0
2030,sc01,09-16 18:00:00+02:00,Biomass 47,0.0
2030,sc01,09-16 18:00:00+02:00,Solar 50,0.0
2030,sc01,09-16 18:00:00+02:00,Solar 52,0.0
2030,sc01,09-16 18:00:00+02:00,Solar 63,0.0
2030,sc01,09-16 18:00:00+02:00,CC NG 06,0.0
2030,sc01,09-16 18:00:00+02:00,Biomass 39,0.0
2030,sc01,09-16 18:00:00+02:00,Solar 67,0.0
2030,sc01,09-16 18:00:00+02:00,Solar 19,0.0
2030,sc01,09-16 18:00:00+02:00,Wind 12,16.1948555116
2030,sc01,09-16 18:00:00+02:00,Solar 24,0.0
2030,sc01,09-16 18:00:00+02:00,ICE NG 02,0.0
2030,sc01,09-16 18:00:00+02:00,Solar 05,0.0
2030,sc01,09-16 18:00:00+02:00,CT NG 54,0.0
2030,sc01,09-16 18:00:00+02:00,Wind N01,101.92242566500258
2030,sc01,09-16 18:00:00+02:00,CT NG 27,0.0
2030,sc01,09-16 18:00:00+02:00,CC NG 36,0.0
2030,sc01,09-16 18:00:00+02:00,Wind N02,93.62937752926643
2030,sc01,09-16 18:00:00+02:00,CT NG 52,0.0
2030,sc01,09-16 18:00:00+02:00,Solar 35,0.0
2030,sc01,09-16 18:00:00+02:00,CT NG 05,0.0
2030,sc01,09-16 18:00:00+02:00,Biomass 36,0.0
2030,sc01,09-16 18:00:00+02:00,CT NG 34,0.0
2030,sc01,09-16 18:00:00+02:00,CT Oil 03,0.0
2030,sc01,09-16 18:00:00+02:00,Hydro 35,0.0
2030,sc01,09-16 18:00:00+02:00,Solar 14,0.0
2030,sc01,09-16 18:00:00+02:00,CT NG 75,0.0
2030,sc01,09-16 18:00:00+02:00,ST NG 09,0.0
2030,sc01,09-16 18:00:00+02:00,CT NG 56,0.0
2030,sc01,09-16 18:00:00+02:00,Biomass 22,0.014440000000000001
2030,sc01,09-16 18:00:00+02:00,Solar 18,0.0
2030,sc01,09-16 18:00:00+02:00,Biomass 13,0.01368
2030,sc01,09-16 18:00:00+02:00,CT NG 71,0.0
2030,sc01,09-16 18:00:00+02:00,Solar 58,0.0
2030,sc01,09-16 18:00:00+02:00,Solar 06,0.007981331520000001
2030,sc01,09-16 18:00:00+02:00,Biomass 08,0.03116
2030,sc01,09-16 18:00:00+02:00,CT NG 72,0.0
2030,sc01,09-16 18:00:00+02:00,Hydro 18,0.08179443
2030,sc01,09-16 18:00:00+02:00,Solar 10,0.0
2030,sc01,09-16 18:00:00+02:00,CT NG 04,0.0
2030,sc01,09-16 18:00:00+02:00,ST Other 02,0.0
2030,sc01,09-16 18:00:00+02:00,CT NG 12,0.0
2030,sc01,09-16 18:00:00+02:00,CT NG 48,0.0
2030,sc01,09-16 18:00:00+02:00,ST NG 10,0.0
2030,sc01,09-16 18:00:00+02:00,Solar 22,0.0
2030,sc01,09-16 18:00:00+02:00,Solar 28,0.0
2030,sc01,09-16 18:00:00+02:00,CT NG 73,0.0
2030,sc01,09-16 18:00:00+02:00,Biomass 52,0.0
2030,sc01,09-16 18:00:00+02:00,CT NG 30,0.0
2030,sc01,09-16 18:00:00+02:00,Solar 54,0.0
2030,sc01,09-16 18:00:00+02:00,Solar 31,0.0
2030,sc01,09-16 18:00:00+02:00,Biomass 03,0.0
2030,sc01,09-16 18:00:00+02:00,CT NG 32,0.0
2030,sc01,09-16 18:00:00+02:00,Biomass 27,0.06498
2030,sc01,09-16 18:00:00+02:00,CC NG 14,0.0
2030,sc01,09-16 18:00:00+02:00,CC NG 03,0.0
2030,sc01,09-16 18:00:00+02:00,CC NG 29,0.0
2030,sc01,09-16 18:00:00+02:00,CC NG 28,0.0
2030,sc01,09-16 18:00:00+02:00,CC NG 25,0.0
2030,sc01,09-16 18:00:00+02:00,CT NG 44,0.0
2030,sc01,09-16 18:00:00+02:00,CT NG 14,0.4143309912560136
2030,sc01,09-16 18:00:00+02:00,CC NG 15,0.0
2030,sc01,09-16 18:00:00+02:00,CC NG 04,0.0
2030,sc01,09-16 18:00:00+02:00,Biomass 29,0.06498
2030,sc01,09-16 18:00:00+02:00,Wind 14,34.167119522644185
2030,sc01,09-16 18:00:00+02:00,Wind 08,2.7562131872399998
2030,sc01,09-16 18:00:00+02:00,Biomass 61,0.0
2030,sc01,09-16 18:00:00+02:00,CT NG 35,0.0
2030,sc01,09-16 18:00:00+02:00,Solar 33,0.0
2030,sc01,09-16 18:00:00+02:00,CT NG 41,0.0
2030,sc01,09-16 18:00:00+02:00,CT NG 15,0.0
2030,sc01,09-16 18:00:00+02:00,Solar 42,0.0
2030,sc01,09-16 18:00:00+02:00,Solar 07,0.0
2030,sc01,09-16 18:00:00+02:00,Solar 43,0.0
2030,sc01,09-16 18:00:00+02:00,Biomass 05,0.01824
2030,sc01,09-16 18:00:00+02:00,CT NG 29,0.0
2030,sc01,09-16 18:00:00+02:00,Solar 71,0.0
2030,sc01,09-16 18:00:00+02:00,CT NG 53,0.0
2030,sc01,09-16 18:00:00+02:00,CT NG 20,0.0
2030,sc01,09-16 18:00:00+02:00,Biomass 14,0.0304
2030,sc01,09-16 18:00:00+02:00,Solar 26,0.0
2030,sc01,09-16 18:00:00+02:00,Hydro 29,0.0
2030,sc01,09-16 18:00:00+02:00,Hydro 31,0.00703608
2030,sc01,09-16 18:00:00+02:00,Biomass 24,0.010640000000000002
2030,sc01,09-16 18:00:00+02:00,Biomass 54,0.09917999999999999
2030,sc01,09-16 18:00:00+02:00,Solar 36,0.0
2030,sc01,09-16 18:00:00+02:00,Wind 03,0.164222613056
2030,sc01,09-16 18:00:00+02:00,Biomass 40,0.0
2030,sc01,09-16 18:00:00+02:00,Biomass 49,0.0
2030,sc01,09-16 18:00:00+02:00,CC NG 16,0.0
2030,sc01,09-16 18:00:00+02:00,Biomass 48,0.0
2030,sc01,09-16 18:00:00+02:00,Hydro 28,13.424286909396306
2030,sc01,09-16 18:00:00+02:00,Biomass 17,0.007980000000000001
2030,sc01,09-16 18:00:00+02:00,CT NG 33,0.0
2030,sc01,09-16 18:00:00+02:00,Solar 45,0.0
2030,sc01,09-16 18:00:00+02:00,Hydro 24,0.0
2030,sc01,09-16 18:00:00+02:00,Wind 13,9.1154202628
2030,sc01,09-16 18:00:00+02:00,Biomass 07,0.076
2030,sc01,09-16 18:00:00+02:00,Biomass 34,0.0
2030,sc01,09-16 18:00:00+02:00,Biomass 33,0.0
2030,sc01,09-16 18:00:00+02:00,CT NG 01,0.9352788000000001
2030,sc01,09-16 18:00:00+02:00,ICE NG 03,0.0
2030,sc01,09-16 18:00:00+02:00,Solar 55,0.0
2030,sc01,09-16 18:00:00+02:00,Solar 11,0.0
2030,sc01,09-16 18:00:00+02:00,CT NG 06,0.0
2030,sc01,09-16 18:00:00+02:00,CT NG 70,0.0
2030,sc01,09-16 18:00:00+02:00,Solar 23,0.0
2030,sc01,09-16 18:00:00+02:00,CT NG 67,0.0
2030,sc01,09-16 18:00:00+02:00,Solar 12,0.0
2030,sc01,09-16 18:00:00+02:00,CT Oil 01,0.0
2030,sc01,09-16 18:00:00+02:00,Hydro 26,0.0
2030,sc01,09-16 18:00:00+02:00,CC NG 22,0.0
2030,sc01,09-16 18:00:00+02:00,CC NG 35,0.0
2030,sc01,09-16 18:00:00+02:00,Biomass 50,0.0
2030,sc01,09-16 18:00:00+02:00,ICE NG 04,0.0
2030,sc01,09-16 18:00:00+02:00,CC NG 39,0.0
2030,sc01,09-16 18:00:00+02:00,Hydro 32,0.008443296000000001
2030,sc01,09-16 18:00:00+02:00,ICE NG 07,0.0
2030,sc01,09-16 18:00:00+02:00,Biomass 46,0.0
2030,sc01,09-16 18:00:00+02:00,CC NG 38,0.0
2030,sc01,09-16 18:00:00+02:00,CC NG 12,0.0
2030,sc01,09-16 18:00:00+02:00,Solar 57,0.0
2030,sc01,09-16 18:00:00+02:00,CC NG 32,0.0
2030,sc01,09-16 18:00:00+02:00,CC NG 07,0.0
2030,sc01,09-16 18:00:00+02:00,Biomass 44,0.0
2030,sc01,09-16 18:00:00+02:00,CT NG 40,0.0
2030,sc01,09-16 18:00:00+02:00,Solar 74,0.03551262184
2030,sc01,09-16 18:00:00+02:00,Hydro 30,0.0
2030,sc01,09-16 18:00:00+02:00,CT NG 42,0.0
2030,sc01,09-16 18:00:00+02:00,Hydro 22,1.2356060999999998
2030,sc01,09-16 18:00:00+02:00,Solar 17,0.0
2030,sc01,09-16 18:00:00+02:00,Solar 38,0.0
2030,sc01,09-16 18:00:00+02:00,CT NG 24,0.0
2030,sc01,09-16 18:00:00+02:00,CC NG 27,0.0
2030,sc01,09-16 18:00:00+02:00,Biomass 21,0.014440000000000001
2030,sc01,09-16 18:00:00+02:00,ICE NG 06,0.0
2030,sc01,09-16 18:00:00+02:00,Biomass 25,0.010640000000000002
2030,sc01,09-16 18:00:00+02:00,Solar 27,0.0
2030,sc01,09-16 18:00:00+02:00,CT NG 19,0.0
2030,sc01,09-16 18:00:00+02:00,Biomass 42,0.0
2030,sc01,09-16 18:00:00+02:00,Biomass 19,0.014440000000000001
2030,sc01,09-16 18:00:00+02:00,Biomass 06,0.01824
2030,sc01,09-16 18:00:00+02:00,CT NG 10,0.0
2030,sc01,09-16 18:00:00+02:00,CC NG 40,0.0
2030,sc01,09-16 18:00:00+02:00,CC NG 21,0.0
2030,sc01,09-16 18:00:00+02:00,Biomass 02,0.041800000000000004
2030,sc01,09-16 18:00:00+02:00,CT NG 46,0.0
2030,sc01,09-16 18:00:00+02:00,Hydro 34,0.0
2030,sc01,09-16 18:00:00+02:00,Biomass 10,0.03116
2030,sc01,09-16 18:00:00+02:00,CT NG 17,0.0
2030,sc01,09-16 18:00:00+02:00,Biomass 62,0.07562
2030,sc01,09-16 18:00:00+02:00,Biomass 32,0.04674
2030,sc01,09-16 18:00:00+02:00,CC NG 19,0.3336559587852666
2030,sc01,09-16 18:00:00+02:00,CC NG 17,0.0
2030,sc01,09-16 18:00:00+02:00,ST NG 01,0.0
2030,sc01,09-16 18:00:00+02:00,Biomass 45,0.0
2030,sc01,09-16 18:00:00+02:00,Biomass 28,0.06498
2030,sc01,09-16 18:00:00+02:00,CC NG 10,0.0
2030,sc01,09-16 18:00:00+02:00,Biomass 23,0.010640000000000002
2030,sc01,09-16 18:00:00+02:00,ST NG 06,0.0
2030,sc01,09-16 18:00:00+02:00,Wind 10,2.3935429306800002
2030,sc01,09-16 18:00:00+02:00,CT NG 69,0.0
2030,sc01,09-16 18:00:00+02:00,CT NG 68,0.0
2030,sc01,09-18 00:00:00+02:00,CC NG 13,0.0
2030,sc01,09-18 00:00:00+02:00,CT NG 37,0.0
2030,sc01,09-18 00:00:00+02:00,ST Coal 01,0.0
2030,sc01,09-18 00:00:00+02:00,CT NG 09,0.0
2030,sc01,09-18 00:00:00+02:00,CT NG 47,0.0
2030,sc01,09-18 00:00:00+02:00,Solar 69,0.0
2030,sc01,09-18 00:00:00+02:00,Solar 34,0.0
2030,sc01,09-18 00:00:00+02:00,Solar 73,0.0
2030,sc01,09-18 00:00:00+02:00,Biomass 37,0.037399999999999996
2030,sc01,09-18 00:00:00+02:00,Hydro 20,0.03596472
2030,sc01,09-18 00:00:00+02:00,Solar 01,0.0
2030,sc01,09-18 00:00:00+02:00,Solar 62,0.0
2030,sc01,09-18 00:00:00+02:00,Solar 02,0.0
2030,sc01,09-18 00:00:00+02:00,CT NG 26,0.0
2030,sc01,09-18 00:00:00+02:00,Biomass 20,0.016720000000000002
2030,sc01,09-18 00:00:00+02:00,Wind 16,0.4837964665600001
2030,sc01,09-18 00:00:00+02:00,CT NG 66,0.0
2030,sc01,09-18 00:00:00+02:00,Solar 39,0.0
2030,sc01,09-18 00:00:00+02:00,Biomass 41,0.06028000000000001
2030,sc01,09-18 00:00:00+02:00,Solar 72,0.0
2030,sc01,09-18 00:00:00+02:00,ST NG 03,0.0
2030,sc01,09-18 00:00:00+02:00,Hydro 21,0.03596472
2030,sc01,09-18 00:00:00+02:00,CT NG 03,0.0
2030,sc01,09-18 00:00:00+02:00,CC NG 09,0.0
2030,sc01,09-18 00:00:00+02:00,CT Oil 02,0.0
2030,sc01,09-18 00:00:00+02:00,CT NG 39,0.0
2030,sc01,09-18 00:00:00+02:00,CC NG 08,0.0
2030,sc01,09-18 00:00:00+02:00,Biomass 43,0.1276
2030,sc01,09-18 00:00:00+02:00,CT NG 18,0.0
2030,sc01,09-18 00:00:00+02:00,ST NG 07,0.0
2030,sc01,09-18 00:00:00+02:00,Biomass 35,0.06336
2030,sc01,09-18 00:00:00+02:00,Solar 32,0.0
2030,sc01,09-18 00:00:00+02:00,Biomass 15,0.00924
2030,sc01,09-18 00:00:00+02:00,CC NG 31,0.0
2030,sc01,09-18 00:00:00+02:00,Solar 16,0.0
2030,sc01,09-18 00:00:00+02:00,Solar 68,0.0
2030,sc01,09-18 00:00:00+02:00,CT NG 21,0.0
2030,sc01,09-18 00:00:00+02:00,Wind 11,1.60450177668
2030,sc01,09-18 00:00:00+02:00,CC NG 37,27.060528
2030,sc01,09-18 00:00:00+02:00,CT NG 22,0.0
2030,sc01,09-18 00:00:00+02:00,Hydro 16,0.016720000000000002
2030,sc01,09-18 00:00:00+02:00,Biomass 59,0.18216000000000002
2030,sc01,09-18 00:00:00+02:00,CC NG 01,0.0
2030,sc01,09-18 00:00:00+02:00,Biomass 16,0.00924
2030,sc01,09-18 00:00:00+02:00,Solar 03,0.0
2030,sc01,09-18 00:00:00+02:00,Solar 44,0.0
2030,sc01,09-18 00:00:00+02:00,CT NG 08,0.0
2030,sc01,09-18 00:00:00+02:00,Wind 05,0.065623715168
2030,sc01,09-18 00:00:00+02:00,Biomass 26,0.07524
2030,sc01,09-18 00:00:00+02:00,Solar 37,0.0
2030,sc01,09-18 00:00:00+02:00,Biomass 11,0.01584
2030,sc01,09-18 00:00:00+02:00,Solar 59,0.0
2030,sc01,09-18 00:00:00+02:00,CT NG 11,0.0
2030,sc01,09-18 00:00:00+02:00,Biomass 30,0.07524
2030,sc01,09-18 00:00:00+02:00,Hydro 23,0.05724928
2030,sc01,09-18 00:00:00+02:00,CC NG 24,0.0
2030,sc01,09-18 00:00:00+02:00,Solar 65,0.0
2030,sc01,09-18 00:00:00+02:00,CC NG 18,15.309257067519383
2030,sc01,09-18 00:00:00+02:00,CT NG 16,0.0
2030,sc01,09-18 00:00:00+02:00,Solar 51,0.0
2030,sc01,09-18 00:00:00+02:00,Wind 06,1.70253151288
2030,sc01,09-18 00:00:00+02:00,CC NG 26,0.0
2030,sc01,09-18 00:00:00+02:00,CC NG 23,0.0
2030,sc01,09-18 00:00:00+02:00,CT NG 43,0.0
2030,sc01,09-18 00:00:00+02:00,CC NG 11,0.0
2030,sc01,09-18 00:00:00+02:00,CT NG 02,0.0
2030,sc01,09-18 00:00:00+02:00,CT NG 50,0.0
2030,sc01,09-18 00:00:00+02:00,Hydro 27,0.8150999999999999
2030,sc01,09-18 00:00:00+02:00,CT NG 13,0.0
2030,sc01,09-18 00:00:00+02:00,CT NG 25,0.0
2030,sc01,09-18 00:00:00+02:00,CC NG 05,0.0
2030,sc01,09-18 00:00:00+02:00,Solar 04,0.0
2030,sc01,09-18 00:00:00+02:00,Solar 30,0.0
2030,sc01,09-18 00:00:00+02:00,Solar 29,0.0
2030,sc01,09-18 00:00:00+02:00,Solar 53,0.0
2030,sc01,09-18 00:00:00+02:00,Solar 21,0.0
2030,sc01,09-18 00:00:00+02:00,Biomass 58,0.09504
2030,sc01,09-18 00:00:00+02:00,CT NG 74,0.0
2030,sc01,09-18 00:00:00+02:00,Solar 61,0.0
2030,sc01,09-18 00:00:00+02:00,Wind 07,1.40599089796
2030,sc01,09-18 00:00:00+02:00,Biomass 31,0.07524
2030,sc01,09-18 00:00:00+02:00,CT Oil 05,0.0
2030,sc01,09-18 00:00:00+02:00,Biomass 38,0.037399999999999996
2030,sc01,09-18 00:00:00+02:00,Solar 41,0.0
2030,sc01,09-18 00:00:00+02:00,Biomass 51,0.008360000000000001
2030,sc01,09-18 00:00:00+02:00,Biomass 55,0.11484
2030,sc01,09-18 00:00:00+02:00,Wind 15,0.342063361728
2030,sc01,09-18 00:00:00+02:00,Geo 01,0.704
2030,sc01,09-18 00:00:00+02:00,Biomass 60,0.1188
2030,sc01,09-18 00:00:00+02:00,CT NG 38,0.0
2030,sc01,09-18 00:00:00+02:00,Solar 66,0.0
2030,sc01,09-18 00:00:00+02:00,Solar 49,0.0
2030,sc01,09-18 00:00:00+02:00,CT NG 51,0.0
2030,sc01,09-18 00:00:00+02:00,Biomass 18,0.00924
2030,sc01,09-18 00:00:00+02:00,ICE NG 01,0.0
2030,sc01,09-18 00:00:00+02:00,Solar 15,0.0
2030,sc01,09-18 00:00:00+02:00,ICE NG 05,0.0
2030,sc01,09-18 00:00:00+02:00,CT Oil 04,0.0
2030,sc01,09-18 00:00:00+02:00,CC NG 20,0.0
2030,sc01,09-18 00:00:00+02:00,Solar 20,0.0
2030,sc01,09-18 00:00:00+02:00,Biomass 04,0.011440000000000002
2030,sc01,09-18 00:00:00+02:00,Wind 02,3.3689294232000004
2030,sc01,09-18 00:00:00+02:00,Hydro 25,0.8150999999999999
2030,sc01,09-18 00:00:00+02:00,Solar 75,0.0
2030,sc01,09-18 00:00:00+02:00,Hydro 33,0.00800888
2030,sc01,09-18 00:00:00+02:00,ST NG 05,2.671768
2030,sc01,09-18 00:00:00+02:00,CT NG 07,0.0
2030,sc01,09-18 00:00:00+02:00,Wind 01,0.9161209129600001
2030,sc01,09-18 00:00:00+02:00,Solar 56,0.0
2030,sc01,09-18 00:00:00+02:00,Biomass 09,0.03608
2030,sc01,09-18 00:00:00+02:00,Biomass 53,0.11484
2030,sc01,09-18 00:00:00+02:00,Wind 17,3.22974925768
2030,sc01,09-18 00:00:00+02:00,ST NG 08,0.0
2030,sc01,09-18 00:00:00+02:00,Hydro 19,0.495132
2030,sc01,09-18 00:00:00+02:00,ST NG 02,0.0
2030,sc01,09-18 00:00:00+02:00,Biomass 01,0.048400000000000006
2030,sc01,09-18 00:00:00+02:00,Biomass 57,0.09504
2030,sc01,09-18 00:00:00+02:00,CT NG 49,0.0
2030,sc01,09-18 00:00:00+02:00,CT NG 31,0.0
2030,sc01,09-18 00:00:00+02:00,Solar 64,0.0
2030,sc01,09-18 00:00:00+02:00,CC NG 33,0.0
2030,sc01,09-18 00:00:00+02:00,Solar 46,0.0
2030,sc01,09-18 00:00:00+02:00,Biomass 12,0.01584
2030,sc01,09-18 00:00:00+02:00,Wind 04,0.144006837216
2030,sc01,09-18 00:00:00+02:00,Solar 13,0.0
2030,sc01,09-18 00:00:00+02:00,CT NG 55,0.0
2030,sc01,09-18 00:00:00+02:00,Wind N03,124.22112529200001
2030,sc01,09-18 00:00:00+02:00,CT NG 28,0.0
2030,sc01,09-18 00:00:00+02:00,Wind 09,1.0244179448800002
2030,sc01,09-18 00:00:00+02:00,Solar 60,0.0
2030,sc01,09-18 00:00:00+02:00,Solar 25,0.0
2030,sc01,09-18 00:00:00+02:00,CT NG 23,0.0
2030,sc01,09-18 00:00:00+02:00,ST Other 01,0.0
2030,sc01,09-18 00:00:00+02:00,Solar 70,0.0
2030,sc01,09-18 00:00:00+02:00,CC NG 34,29.285788399999998
2030,sc01,09-18 00:00:00+02:00,Solar 48,0.0
2030,sc01,09-18 00:00:00+02:00,Biomass 56,0.11616
2030,sc01,09-18 00:00:00+02:00,CT NG 36,0.0
2030,sc01,09-18 00:00:00+02:00,Solar 47,0.0
2030,sc01,09-18 00:00:00+02:00,Hydro 17,0.028215
2030,sc01,09-18 00:00:00+02:00,Solar 09,0.0
2030,sc01,09-18 00:00:00+02:00,Solar 08,0.0
2030,sc01,09-18 00:00:00+02:00,CT NG 45,0.0
2030,sc01,09-18 00:00:00+02:00,ST NG 04,2.671768
2030,sc01,09-18 00:00:00+02:00,Solar 40,0.0
2030,sc01,09-18 00:00:00+02:00,Biomass 47,0.11836
2030,sc01,09-18 00:00:00+02:00,Solar 50,0.0
2030,sc01,09-18 00:00:00+02:00,Solar 52,0.0
2030,sc01,09-18 00:00:00+02:00,Solar 63,0.0
2030,sc01,09-18 00:00:00+02:00,CC NG 06,0.0
2030,sc01,09-18 00:00:00+02:00,Biomass 39,0.037399999999999996
2030,sc01,09-18 00:00:00+02:00,Solar 67,0.0
2030,sc01,09-18 00:00:00+02:00,Solar 19,0.0
2030,sc01,09-18 00:00:00+02:00,Wind 12,6.1650998024
2030,sc01,09-18 00:00:00+02:00,Solar 24,0.0
2030,sc01,09-18 00:00:00+02:00,ICE NG 02,0.0
2030,sc01,09-18 00:00:00+02:00,Solar 05,0.0
2030,sc01,09-18 00:00:00+02:00,CT NG 54,0.0
2030,sc01,09-18 00:00:00+02:00,Wind N01,58.489408384
2030,sc01,09-18 00:00:00+02:00,CT NG 27,0.0
2030,sc01,09-18 00:00:00+02:00,CC NG 36,0.0
2030,sc01,09-18 00:00:00+02:00,Wind N02,3.45033646452
2030,sc01,09-18 00:00:00+02:00,CT NG 52,0.0
2030,sc01,09-18 00:00:00+02:00,Solar 35,0.0
2030,sc01,09-18 00:00:00+02:00,CT NG 05,0.0
2030,sc01,09-18 00:00:00+02:00,Biomass 36,0.06336
2030,sc01,09-18 00:00:00+02:00,CT NG 34,0.0
2030,sc01,09-18 00:00:00+02:00,CT Oil 03,0.0
2030,sc01,09-18 00:00:00+02:00,Hydro 35,0.0
2030,sc01,09-18 00:00:00+02:00,Solar 14,0.0
2030,sc01,09-18 00:00:00+02:00,CT NG 75,0.0
2030,sc01,09-18 00:00:00+02:00,ST NG 09,0.0
2030,sc01,09-18 00:00:00+02:00,CT NG 56,0.0
2030,sc01,09-18 00:00:00+02:00,Biomass 22,0.016720000000000002
2030,sc01,09-18 00:00:00+02:00,Solar 18,0.0
2030,sc01,09-18 00:00:00+02:00,Biomass 13,0.01584
2030,sc01,09-18 00:00:00+02:00,CT NG 71,0.0
2030,sc01,09-18 00:00:00+02:00,Solar 58,0.0
2030,sc01,09-18 00:00:00+02:00,Solar 06,0.0
2030,sc01,09-18 00:00:00+02:00,Biomass 08,0.03608
2030,sc01,09-18 00:00:00+02:00,CT NG 72,0.0
2030,sc01,09-18 00:00:00+02:00,Hydro 18,0.09718500000000001
2030,sc01,09-18 00:00:00+02:00,Solar 10,0.0
2030,sc01,09-18 00:00:00+02:00,CT NG 04,0.0
2030,sc01,09-18 00:00:00+02:00,ST Other 02,0.0
2030,sc01,09-18 00:00:00+02:00,CT NG 12,0.0
2030,sc01,09-18 00:00:00+02:00,CT NG 48,0.0
2030,sc01,09-18 00:00:00+02:00,ST NG 10,0.0
2030,sc01,09-18 00:00:00+02:00,Solar 22,0.0
2030,sc01,09-18 00:00:00+02:00,Solar 28,0.0
2030,sc01,09-18 00:00:00+02:00,CT NG 73,0.0
2030,sc01,09-18 00:00:00+02:00,Biomass 52,0.07436
2030,sc01,09-18 00:00:00+02:00,CT NG 30,0.0
2030,sc01,09-18 00:00:00+02:00,Solar 54,0.0
2030,sc01,09-18 00:00:00+02:00,Solar 31,0.0
2030,sc01,09-18 00:00:00+02:00,Biomass 03,0.011440000000000002
2030,sc01,09-18 00:00:00+02:00,CT NG 32,0.0
2030,sc01,09-18 00:00:00+02:00,Biomass 27,0.07524
2030,sc01,09-18 00:00:00+02:00,CC NG 14,0.0
2030,sc01,09-18 00:00:00+02:00,CC NG 03,0.0
2030,sc01,09-18 00:00:00+02:00,CC NG 29,0.0
2030,sc01,09-18 00:00:00+02:00,CC NG 28,7.722461999999999
2030,sc01,09-18 00:00:00+02:00,CC NG 25,0.0
2030,sc01,09-18 00:00:00+02:00,CT NG 44,0.0
2030,sc01,09-18 00:00:00+02:00,CT NG 14,0.0
2030,sc01,09-18 00:00:00+02:00,CC NG 15,0.0
2030,sc01,09-18 00:00:00+02:00,CC NG 04,0.0
2030,sc01,09-18 00:00:00+02:00,Biomass 29,0.07524
2030,sc01,09-18 00:00:00+02:00,Wind 14,0.4711764046
2030,sc01,09-18 00:00:00+02:00,Wind 08,0.90417329816
2030,sc01,09-18 00:00:00+02:00,Biomass 61,0.01584
2030,sc01,09-18 00:00:00+02:00,CT NG 35,0.0
2030,sc01,09-18 00:00:00+02:00,Solar 33,0.0
2030,sc01,09-18 00:00:00+02:00,CT NG 41,0.0
2030,sc01,09-18 00:00:00+02:00,CT NG 15,0.0
2030,sc01,09-18 00:00:00+02:00,Solar 42,0.0
2030,sc01,09-18 00:00:00+02:00,Solar 07,0.0
2030,sc01,09-18 00:00:00+02:00,Solar 43,0.0
2030,sc01,09-18 00:00:00+02:00,Biomass 05,0.02112
2030,sc01,09-18 00:00:00+02:00,CT NG 29,0.0
2030,sc01,09-18 00:00:00+02:00,Solar 71,0.0
2030,sc01,09-18 00:00:00+02:00,CT NG 53,0.0
2030,sc01,09-18 00:00:00+02:00,CT NG 20,0.0
2030,sc01,09-18 00:00:00+02:00,Biomass 14,0.0352
2030,sc01,09-18 00:00:00+02:00,Solar 26,0.0
2030,sc01,09-18 00:00:00+02:00,Hydro 29,4.130280000000001
2030,sc01,09-18 00:00:00+02:00,Hydro 31,0.008360000000000001
2030,sc01,09-18 00:00:00+02:00,Biomass 24,0.012320000000000001
2030,sc01,09-18 00:00:00+02:00,Biomass 54,0.11484
2030,sc01,09-18 00:00:00+02:00,Solar 36,0.0
2030,sc01,09-18 00:00:00+02:00,Wind 03,0.273777716608
2030,sc01,09-18 00:00:00+02:00,Biomass 40,0.037399999999999996
2030,sc01,09-18 00:00:00+02:00,Biomass 49,0.01364
2030,sc01,09-18 00:00:00+02:00,CC NG 16,0.0
2030,sc01,09-18 00:00:00+02:00,Biomass 48,0.11836
2030,sc01,09-18 00:00:00+02:00,Hydro 28,4.130280000000001
2030,sc01,09-18 00:00:00+02:00,Biomass 17,0.00924
2030,sc01,09-18 00:00:00+02:00,CT NG 33,0.0
2030,sc01,09-18 00:00:00+02:00,Solar 45,0.0
2030,sc01,09-18 00:00:00+02:00,Hydro 24,0.05724928
2030,sc01,09-18 00:00:00+02:00,Wind 13,3.40635997196
2030,sc01,09-18 00:00:00+02:00,Biomass 07,0.088
2030,sc01,09-18 00:00:00+02:00,Biomass 34,0.06336
2030,sc01,09-18 00:00:00+02:00,Biomass 33,0.06336
2030,sc01,09-18 00:00:00+02:00,CT NG 01,0.0
2030,sc01,09-18 00:00:00+02:00,ICE NG 03,0.0
2030,sc01,09-18 00:00:00+02:00,Solar 55,0.0
2030,sc01,09-18 00:00:00+02:00,Solar 11,0.0
2030,sc01,09-18 00:00:00+02:00,CT NG 06,0.0
2030,sc01,09-18 00:00:00+02:00,CT NG 70,0.0
2030,sc01,09-18 00:00:00+02:00,Solar 23,0.0
2030,sc01,09-18 00:00:00+02:00,CT NG 67,0.0
2030,sc01,09-18 00:00:00+02:00,Solar 12,0.0
2030,sc01,09-18 00:00:00+02:00,CT Oil 01,0.0
2030,sc01,09-18 00:00:00+02:00,Hydro 26,0.8150999999999999
2030,sc01,09-18 00:00:00+02:00,CC NG 22,28.839034399999996
2030,sc01,09-18 00:00:00+02:00,CC NG 35,8.831197891805406
2030,sc01,09-18 00:00:00+02:00,Biomass 50,0.008360000000000001
2030,sc01,09-18 00:00:00+02:00,ICE NG 04,0.0
2030,sc01,09-18 00:00:00+02:00,CC NG 39,0.0
2030,sc01,09-18 00:00:00+02:00,Hydro 32,0.010032000000000001
2030,sc01,09-18 00:00:00+02:00,ICE NG 07,0.0
2030,sc01,09-18 00:00:00+02:00,Biomass 46,0.028600000000000004
2030,sc01,09-18 00:00:00+02:00,CC NG 38,4.1782136
2030,sc01,09-18 00:00:00+02:00,CC NG 12,0.0
2030,sc01,09-18 00:00:00+02:00,Solar 57,0.0
2030,sc01,09-18 00:00:00+02:00,CC NG 32,0.0
2030,sc01,09-18 00:00:00+02:00,CC NG 07,0.0
2030,sc01,09-18 00:00:00+02:00,Biomass 44,0.05544
2030,sc01,09-18 00:00:00+02:00,CT NG 40,0.0
2030,sc01,09-18 00:00:00+02:00,Solar 74,0.0
2030,sc01,09-18 00:00:00+02:00,Hydro 30,0.0
2030,sc01,09-18 00:00:00+02:00,CT NG 42,0.0
2030,sc01,09-18 00:00:00+02:00,Hydro 22,0.03596472
2030,sc01,09-18 00:00:00+02:00,Solar 17,0.0
2030,sc01,09-18 00:00:00+02:00,Solar 38,0.0
2030,sc01,09-18 00:00:00+02:00,CT NG 24,0.0
2030,sc01,09-18 00:00:00+02:00,CC NG 27,0.0
2030,sc01,09-18 00:00:00+02:00,Biomass 21,0.016720000000000002
2030,sc01,09-18 00:00:00+02:00,ICE NG 06,0.0
2030,sc01,09-18 00:00:00+02:00,Biomass 25,0.012320000000000001
2030,sc01,09-18 00:00:00+02:00,Solar 27,0.0
2030,sc01,09-18 00:00:00+02:00,CT NG 19,0.0
2030,sc01,09-18 00:00:00+02:00,Biomass 42,0.06028000000000001
2030,sc01,09-18 00:00:00+02:00,Biomass 19,0.016720000000000002
2030,sc01,09-18 00:00:00+02:00,Biomass 06,0.02112
2030,sc01,09-18 00:00:00+02:00,CT NG 10,0.0
2030,sc01,09-18 00:00:00+02:00,CC NG 40,31.957802799999996
2030,sc01,09-18 00:00:00+02:00,CC NG 21,0.0
2030,sc01,09-18 00:00:00+02:00,Biomass 02,0.048400000000000006
2030,sc01,09-18 00:00:00+02:00,CT NG 46,0.0
2030,sc01,09-18 00:00:00+02:00,Hydro 34,0.00800888
2030,sc01,09-18 00:00:00+02:00,Biomass 10,0.03608
2030,sc01,09-18 00:00:00+02:00,CT NG 17,0.0
2030,sc01,09-18 00:00:00+02:00,Biomass 62,0.08756
2030,sc01,09-18 00:00:00+02:00,Biomass 32,0.05412
2030,sc01,09-18 00:00:00+02:00,CC NG 19,5.95672
2030,sc01,09-18 00:00:00+02:00,CC NG 17,0.0
2030,sc01,09-18 00:00:00+02:00,ST NG 01,0.0
2030,sc01,09-18 00:00:00+02:00,Biomass 45,0.05544
2030,sc01,09-18 00:00:00+02:00,Biomass 28,0.07524
2030,sc01,09-18 00:00:00+02:00,CC NG 10,0.0
2030,sc01,09-18 00:00:00+02:00,Biomass 23,0.012320000000000001
2030,sc01,09-18 00:00:00+02:00,ST NG 06,0.0
2030,sc01,09-18 00:00:00+02:00,Wind 10,1.01595435348
2030,sc01,09-18 00:00:00+02:00,CT NG 69,0.0
2030,sc01,09-18 00:00:00+02:00,CT NG 68,0.0
2030,sc01,09-22 09:00:00+02:00,CC NG 13,0.0
2030,sc01,09-22 09:00:00+02:00,CT NG 37,0.0
2030,sc01,09-22 09:00:00+02:00,ST Coal 01,0.0
2030,sc01,09-22 09:00:00+02:00,CT NG 09,0.0
2030,sc01,09-22 09:00:00+02:00,CT NG 47,0.0
2030,sc01,09-22 09:00:00+02:00,Solar 69,0.0
2030,sc01,09-22 09:00:00+02:00,Solar 34,0.0
2030,sc01,09-22 09:00:00+02:00,Solar 73,6.611911614299999
2030,sc01,09-22 09:00:00+02:00,Biomass 37,0.0
2030,sc01,09-22 09:00:00+02:00,Hydro 20,0.39528209999999997
2030,sc01,09-22 09:00:00+02:00,Solar 01,18.0150894441
2030,sc01,09-22 09:00:00+02:00,Solar 62,24.6667545466
2030,sc01,09-22 09:00:00+02:00,Solar 02,3.34675553066
2030,sc01,09-22 09:00:00+02:00,CT NG 26,0.0
2030,sc01,09-22 09:00:00+02:00,Biomass 20,0.014060000000000001
2030,sc01,09-22 09:00:00+02:00,Wind 16,3.3004353424
2030,sc01,09-22 09:00:00+02:00,CT NG 66,0.0
2030,sc01,09-22 09:00:00+02:00,Solar 39,0.0
2030,sc01,09-22 09:00:00+02:00,Biomass 41,0.0
2030,sc01,09-22 09:00:00+02:00,Solar 72,4.982114852276901
2030,sc01,09-22 09:00:00+02:00,ST NG 03,0.0
2030,sc01,09-22 09:00:00+02:00,Hydro 21,0.39528209999999997
2030,sc01,09-22 09:00:00+02:00,CT NG 03,0.0
2030,sc01,09-22 09:00:00+02:00,CC NG 09,0.0
2030,sc01,09-22 09:00:00+02:00,CT Oil 02,0.0
2030,sc01,09-22 09:00:00+02:00,CT NG 39,0.0
2030,sc01,09-22 09:00:00+02:00,CC NG 08,0.0
2030,sc01,09-22 09:00:00+02:00,Biomass 43,0.0
2030,sc01,09-22 09:00:00+02:00,CT NG 18,0.0
2030,sc01,09-22 09:00:00+02:00,ST NG 07,0.0
2030,sc01,09-22 09:00:00+02:00,Biomass 35,0.0
2030,sc01,09-22 09:00:00+02:00,Solar 32,0.0
2030,sc01,09-22 09:00:00+02:00,Biomass 15,0.00777
2030,sc01,09-22 09:00:00+02:00,CC NG 31,0.0
2030,sc01,09-22 09:00:00+02:00,Solar 16,1.2547369063600002
2030,sc01,09-22 09:00:00+02:00,Solar 68,23.926380165800005
2030,sc01,09-22 09:00:00+02:00,CT NG 21,0.0
2030,sc01,09-22 09:00:00+02:00,Wind 11,0.15984944151199998
2030,sc01,09-22 09:00:00+02:00,CC NG 37,21.956149750329995
2030,sc01,09-22 09:00:00+02:00,CT NG 22,0.0
2030,sc01,09-22 09:00:00+02:00,Hydro 16,0.012352080000000001
2030,sc01,09-22 09:00:00+02:00,Biomass 59,0.15318
2030,sc01,09-22 09:00:00+02:00,CC NG 01,0.0
2030,sc01,09-22 09:00:00+02:00,Biomass 16,0.00777
2030,sc01,09-22 09:00:00+02:00,Solar 03,5.8780562857000005
2030,sc01,09-22 09:00:00+02:00,Solar 44,0.0
2030,sc01,09-22 09:00:00+02:00,CT NG 08,0.0
2030,sc01,09-22 09:00:00+02:00,Wind 05,0.043164183424000004
2030,sc01,09-22 09:00:00+02:00,Biomass 26,0.06326999999999999
2030,sc01,09-22 09:00:00+02:00,Solar 37,0.0
2030,sc01,09-22 09:00:00+02:00,Biomass 11,0.013319999999999999
2030,sc01,09-22 09:00:00+02:00,Solar 59,0.0
2030,sc01,09-22 09:00:00+02:00,CT NG 11,0.0
2030,sc01,09-22 09:00:00+02:00,Biomass 30,0.06326999999999999
2030,sc01,09-22 09:00:00+02:00,Hydro 23,0.0
2030,sc01,09-22 09:00:00+02:00,CC NG 24,0.0
2030,sc01,09-22 09:00:00+02:00,Solar 65,12.245882947799998
2030,sc01,09-22 09:00:00+02:00,CC NG 18,22.147201000000003
2030,sc01,09-22 09:00:00+02:00,CT NG 16,0.0
2030,sc01,09-22 09:00:00+02:00,Solar 51,0.0
2030,sc01,09-22 09:00:00+02:00,Wind 06,0.22711875138399998
2030,sc01,09-22 09:00:00+02:00,CC NG 26,0.0
2030,sc01,09-22 09:00:00+02:00,CC NG 23,0.0
2030,sc01,09-22 09:00:00+02:00,CT NG 43,0.0
2030,sc01,09-22 09:00:00+02:00,CC NG 11,0.0
2030,sc01,09-22 09:00:00+02:00,CT NG 02,0.0
2030,sc01,09-22 09:00:00+02:00,CT NG 50,0.0
2030,sc01,09-22 09:00:00+02:00,Hydro 27,0.0
2030,sc01,09-22 09:00:00+02:00,CT NG 13,0.0
2030,sc01,09-22 09:00:00+02:00,CT NG 25,0.0
2030,sc01,09-22 09:00:00+02:00,CC NG 05,3.5779000000000005
2030,sc01,09-22 09:00:00+02:00,Solar 04,0.8829968037599999
2030,sc01,09-22 09:00:00+02:00,Solar 30,1.2099572164299999
2030,sc01,09-22 09:00:00+02:00,Solar 29,1.5469986635300002
2030,sc01,09-22 09:00:00+02:00,Solar 53,0.0
2030,sc01,09-22 09:00:00+02:00,Solar 21,3.3504249768
2030,sc01,09-22 09:00:00+02:00,Biomass 58,0.07992
2030,sc01,09-22 09:00:00+02:00,CT NG 74,0.0
2030,sc01,09-22 09:00:00+02:00,Solar 61,0.0
2030,sc01,09-22 09:00:00+02:00,Wind 07,0.136598934256
2030,sc01,09-22 09:00:00+02:00,Biomass 31,0.06326999999999999
2030,sc01,09-22 09:00:00+02:00,CT Oil 05,0.0
2030,sc01,09-22 09:00:00+02:00,Biomass 38,0.0
2030,sc01,09-22 09:00:00+02:00,Solar 41,0.0
2030,sc01,09-22 09:00:00+02:00,Biomass 51,0.0
2030,sc01,09-22 09:00:00+02:00,Biomass 55,0.09657
2030,sc01,09-22 09:00:00+02:00,Wind 15,0.9702663735000001
2030,sc01,09-22 09:00:00+02:00,Geo 01,0.592
2030,sc01,09-22 09:00:00+02:00,Biomass 60,0.0999
2030,sc01,09-22 09:00:00+02:00,CT NG 38,0.0
2030,sc01,09-22 09:00:00+02:00,Solar 66,23.297909402699997
2030,sc01,09-22 09:00:00+02:00,Solar 49,0.0
2030,sc01,09-22 09:00:00+02:00,CT NG 51,0.0
2030,sc01,09-22 09:00:00+02:00,Biomass 18,0.00777
2030,sc01,09-22 09:00:00+02:00,ICE NG 01,0.0
2030,sc01,09-22 09:00:00+02:00,Solar 15,1.91607767914
2030,sc01,09-22 09:00:00+02:00,ICE NG 05,0.0
2030,sc01,09-22 09:00:00+02:00,CT Oil 04,0.0
2030,sc01,09-22 09:00:00+02:00,CC NG 20,0.0
2030,sc01,09-22 09:00:00+02:00,Solar 20,1.78378081695
2030,sc01,09-22 09:00:00+02:00,Biomass 04,0.0
2030,sc01,09-22 09:00:00+02:00,Wind 02,0.186977486904
2030,sc01,09-22 09:00:00+02:00,Hydro 25,0.6021639
2030,sc01,09-22 09:00:00+02:00,Solar 75,7.416102936500001
2030,sc01,09-22 09:00:00+02:00,Hydro 33,0.07372768
2030,sc01,09-22 09:00:00+02:00,ST NG 05,0.0
2030,sc01,09-22 09:00:00+02:00,CT NG 07,0.0
2030,sc01,09-22 09:00:00+02:00,Wind 01,0.088709190752
2030,sc01,09-22 09:00:00+02:00,Solar 56,0.0
2030,sc01,09-22 09:00:00+02:00,Biomass 09,0.03034
2030,sc01,09-22 09:00:00+02:00,Biomass 53,0.09657
2030,sc01,09-22 09:00:00+02:00,Wind 17,0.51197772978
2030,sc01,09-22 09:00:00+02:00,ST NG 08,0.0
2030,sc01,09-22 09:00:00+02:00,Hydro 19,0.2431825
2030,sc01,09-22 09:00:00+02:00,ST NG 02,0.0
2030,sc01,09-22 09:00:00+02:00,Biomass 01,0.0407
2030,sc01,09-22 09:00:00+02:00,Biomass 57,0.07992
2030,sc01,09-22 09:00:00+02:00,CT NG 49,0.0
2030,sc01,09-22 09:00:00+02:00,CT NG 31,0.0
2030,sc01,09-22 09:00:00+02:00,Solar 64,6.216
2030,sc01,09-22 09:00:00+02:00,CC NG 33,0.0
2030,sc01,09-22 09:00:00+02:00,Solar 46,0.0
2030,sc01,09-22 09:00:00+02:00,Biomass 12,0.013319999999999999
2030,sc01,09-22 09:00:00+02:00,Wind 04,0.086048778568
2030,sc01,09-22 09:00:00+02:00,Solar 13,0.048100502312000006
2030,sc01,09-22 09:00:00+02:00,CT NG 55,0.0
2030,sc01,09-22 09:00:00+02:00,Wind N03,19.6914511525
2030,sc01,09-22 09:00:00+02:00,CT NG 28,0.0
2030,sc01,09-22 09:00:00+02:00,Wind 09,0.57152108719
2030,sc01,09-22 09:00:00+02:00,Solar 60,0.0
2030,sc01,09-22 09:00:00+02:00,Solar 25,0.35272942564
2030,sc01,09-22 09:00:00+02:00,CT NG 23,0.0
2030,sc01,09-22 09:00:00+02:00,ST Other 01,0.0
2030,sc01,09-22 09:00:00+02:00,Solar 70,33.860705104000004
2030,sc01,09-22 09:00:00+02:00,CC NG 34,0.0
2030,sc01,09-22 09:00:00+02:00,Solar 48,0.0
2030,sc01,09-22 09:00:00+02:00,Biomass 56,0.09768
2030,sc01,09-22 09:00:00+02:00,CT NG 36,0.0
2030,sc01,09-22 09:00:00+02:00,Solar 47,0.0
2030,sc01,09-22 09:00:00+02:00,Hydro 17,0.0
2030,sc01,09-22 09:00:00+02:00,Solar 09,1.8730423835215504
2030,sc01,09-22 09:00:00+02:00,Solar 08,0.0
2030,sc01,09-22 09:00:00+02:00,CT NG 45,0.0
2030,sc01,09-22 09:00:00+02:00,ST NG 04,0.0
2030,sc01,09-22 09:00:00+02:00,Solar 40,0.0
2030,sc01,09-22 09:00:00+02:00,Biomass 47,0.0
2030,sc01,09-22 09:00:00+02:00,Solar 50,0.0
2030,sc01,09-22 09:00:00+02:00,Solar 52,0.0
2030,sc01,09-22 09:00:00+02:00,Solar 63,13.729491309900002
2030,sc01,09-22 09:00:00+02:00,CC NG 06,0.0
2030,sc01,09-22 09:00:00+02:00,Biomass 39,0.0
2030,sc01,09-22 09:00:00+02:00,Solar 67,9.1522286914
2030,sc01,09-22 09:00:00+02:00,Solar 19,0.018191826112
2030,sc01,09-22 09:00:00+02:00,Wind 12,1.1988151870200001
2030,sc01,09-22 09:00:00+02:00,Solar 24,0.263083879144
2030,sc01,09-22 09:00:00+02:00,ICE NG 02,0.0
2030,sc01,09-22 09:00:00+02:00,Solar 05,0.0
2030,sc01,09-22 09:00:00+02:00,CT NG 54,0.0
2030,sc01,09-22 09:00:00+02:00,Wind N01,11.373374851500001
2030,sc01,09-22 09:00:00+02:00,CT NG 27,0.0
2030,sc01,09-22 09:00:00+02:00,CC NG 36,0.0
2030,sc01,09-22 09:00:00+02:00,Wind N02,34.957530070000004
2030,sc01,09-22 09:00:00+02:00,CT NG 52,0.0
2030,sc01,09-22 09:00:00+02:00,Solar 35,0.0
2030,sc01,09-22 09:00:00+02:00,CT NG 05,0.0
2030,sc01,09-22 09:00:00+02:00,Biomass 36,0.0
2030,sc01,09-22 09:00:00+02:00,CT NG 34,0.0
2030,sc01,09-22 09:00:00+02:00,CT Oil 03,0.0
2030,sc01,09-22 09:00:00+02:00,Hydro 35,0.0
2030,sc01,09-22 09:00:00+02:00,Solar 14,2.13024692329
2030,sc01,09-22 09:00:00+02:00,CT NG 75,0.0
2030,sc01,09-22 09:00:00+02:00,ST NG 09,0.0
2030,sc01,09-22 09:00:00+02:00,CT NG 56,0.0
2030,sc01,09-22 09:00:00+02:00,Biomass 22,0.014060000000000001
2030,sc01,09-22 09:00:00+02:00,Solar 18,2.2469057177200003
2030,sc01,09-22 09:00:00+02:00,Biomass 13,0.013319999999999999
2030,sc01,09-22 09:00:00+02:00,CT NG 71,0.0
2030,sc01,09-22 09:00:00+02:00,Solar 58,0.0
2030,sc01,09-22 09:00:00+02:00,Solar 06,0.0
2030,sc01,09-22 09:00:00+02:00,Biomass 08,0.03034
2030,sc01,09-22 09:00:00+02:00,CT NG 72,0.0
2030,sc01,09-22 09:00:00+02:00,Hydro 18,0.0
2030,sc01,09-22 09:00:00+02:00,Solar 10,1.71820368565
2030,sc01,09-22 09:00:00+02:00,CT NG 04,0.0
2030,sc01,09-22 09:00:00+02:00,ST Other 02,0.0
2030,sc01,09-22 09:00:00+02:00,CT NG 12,0.0
2030,sc01,09-22 09:00:00+02:00,CT NG 48,0.0
2030,sc01,09-22 09:00:00+02:00,ST NG 10,0.0
2030,sc01,09-22 09:00:00+02:00,Solar 22,1.60904568625
2030,sc01,09-22 09:00:00+02:00,Solar 28,1.43990851754
2030,sc01,09-22 09:00:00+02:00,CT NG 73,0.0
2030,sc01,09-22 09:00:00+02:00,Biomass 52,0.0
2030,sc01,09-22 09:00:00+02:00,CT NG 30,0.0
2030,sc01,09-22 09:00:00+02:00,Solar 54,0.0
2030,sc01,09-22 09:00:00+02:00,Solar 31,0.0
2030,sc01,09-22 09:00:00+02:00,Biomass 03,0.0
2030,sc01,09-22 09:00:00+02:00,CT NG 32,0.0
2030,sc01,09-22 09:00:00+02:00,Biomass 27,0.06326999999999999
2030,sc01,09-22 09:00:00+02:00,CC NG 14,0.0
2030,sc01,09-22 09:00:00+02:00,CC NG 03,0.0
2030,sc01,09-22 09:00:00+02:00,CC NG 29,0.0
2030,sc01,09-22 09:00:00+02:00,CC NG 28,0.0
2030,sc01,09-22 09:00:00+02:00,CC NG 25,0.0
2030,sc01,09-22 09:00:00+02:00,CT NG 44,0.0
2030,sc01,09-22 09:00:00+02:00,CT NG 14,0.0
2030,sc01,09-22 09:00:00+02:00,CC NG 15,0.0
2030,sc01,09-22 09:00:00+02:00,CC NG 04,0.0
2030,sc01,09-22 09:00:00+02:00,Biomass 29,0.06326999999999999
2030,sc01,09-22 09:00:00+02:00,Wind 14,4.7737846738
2030,sc01,09-22 09:00:00+02:00,Wind 08,0.6605214921399999
2030,sc01,09-22 09:00:00+02:00,Biomass 61,0.0
2030,sc01,09-22 09:00:00+02:00,CT NG 35,0.0
2030,sc01,09-22 09:00:00+02:00,Solar 33,20.651501888947365
2030,sc01,09-22 09:00:00+02:00,CT NG 41,0.0
2030,sc01,09-22 09:00:00+02:00,CT NG 15,0.0
2030,sc01,09-22 09:00:00+02:00,Solar 42,0.0
2030,sc01,09-22 09:00:00+02:00,Solar 07,0.0
2030,sc01,09-22 09:00:00+02:00,Solar 43,0.0
2030,sc01,09-22 09:00:00+02:00,Biomass 05,0.01776
2030,sc01,09-22 09:00:00+02:00,CT NG 29,0.0
2030,sc01,09-22 09:00:00+02:00,Solar 71,23.0608156967
2030,sc01,09-22 09:00:00+02:00,CT NG 53,0.0
2030,sc01,09-22 09:00:00+02:00,CT NG 20,0.0
2030,sc01,09-22 09:00:00+02:00,Biomass 14,0.0296
2030,sc01,09-22 09:00:00+02:00,Solar 26,0.32665207664800006
2030,sc01,09-22 09:00:00+02:00,Hydro 29,40.88127780000001
2030,sc01,09-22 09:00:00+02:00,Hydro 31,0.006176040000000001
2030,sc01,09-22 09:00:00+02:00,Biomass 24,0.010360000000000001
2030,sc01,09-22 09:00:00+02:00,Biomass 54,0.09657
2030,sc01,09-22 09:00:00+02:00,Solar 36,17.604902398253422
2030,sc01,09-22 09:00:00+02:00,Wind 03,0.15998589040800001
2030,sc01,09-22 09:00:00+02:00,Biomass 40,0.0
2030,sc01,09-22 09:00:00+02:00,Biomass 49,0.0
2030,sc01,09-22 09:00:00+02:00,CC NG 16,8.173304935427362
2030,sc01,09-22 09:00:00+02:00,Biomass 48,0.0
2030,sc01,09-22 09:00:00+02:00,Hydro 28,3.5995091370838996
2030,sc01,09-22 09:00:00+02:00,Biomass 17,0.00777
2030,sc01,09-22 09:00:00+02:00,CT NG 33,0.0
2030,sc01,09-22 09:00:00+02:00,Solar 45,0.0
2030,sc01,09-22 09:00:00+02:00,Hydro 24,0.0
2030,sc01,09-22 09:00:00+02:00,Wind 13,0.52789834138
2030,sc01,09-22 09:00:00+02:00,Biomass 07,0.074
2030,sc01,09-22 09:00:00+02:00,Biomass 34,0.0
2030,sc01,09-22 09:00:00+02:00,Biomass 33,0.0
2030,sc01,09-22 09:00:00+02:00,CT NG 01,0.0
2030,sc01,09-22 09:00:00+02:00,ICE NG 03,0.0
2030,sc01,09-22 09:00:00+02:00,Solar 55,0.0
2030,sc01,09-22 09:00:00+02:00,Solar 11,0.36083371087200006
2030,sc01,09-22 09:00:00+02:00,CT NG 06,0.0
2030,sc01,09-22 09:00:00+02:00,CT NG 70,0.0
2030,sc01,09-22 09:00:00+02:00,Solar 23,0.053429062048
2030,sc01,09-22 09:00:00+02:00,CT NG 67,0.0
2030,sc01,09-22 09:00:00+02:00,Solar 12,0.27932341328
2030,sc01,09-22 09:00:00+02:00,CT Oil 01,0.0
2030,sc01,09-22 09:00:00+02:00,Hydro 26,0.6021639
2030,sc01,09-22 09:00:00+02:00,CC NG 22,9.127811046744435
2030,sc01,09-22 09:00:00+02:00,CC NG 35,0.0
2030,sc01,09-22 09:00:00+02:00,Biomass 50,0.0
2030,sc01,09-22 09:00:00+02:00,ICE NG 04,0.0
2030,sc01,09-22 09:00:00+02:00,CC NG 39,0.0
2030,sc01,09-22 09:00:00+02:00,Hydro 32,0.007411248000000001
2030,sc01,09-22 09:00:00+02:00,ICE NG 07,0.0
2030,sc01,09-22 09:00:00+02:00,Biomass 46,0.0
2030,sc01,09-22 09:00:00+02:00,CC NG 38,0.0
2030,sc01,09-22 09:00:00+02:00,CC NG 12,0.0
2030,sc01,09-22 09:00:00+02:00,Solar 57,0.0
2030,sc01,09-22 09:00:00+02:00,CC NG 32,0.0
2030,sc01,09-22 09:00:00+02:00,CC NG 07,0.0
2030,sc01,09-22 09:00:00+02:00,Biomass 44,0.0
2030,sc01,09-22 09:00:00+02:00,CT NG 40,0.0
2030,sc01,09-22 09:00:00+02:00,Solar 74,7.4
2030,sc01,09-22 09:00:00+02:00,Hydro 30,0.0
2030,sc01,09-22 09:00:00+02:00,CT NG 42,0.0
2030,sc01,09-22 09:00:00+02:00,Hydro 22,0.39528209999999997
2030,sc01,09-22 09:00:00+02:00,Solar 17,0.54786484378
2030,sc01,09-22 09:00:00+02:00,Solar 38,0.0
2030,sc01,09-22 09:00:00+02:00,CT NG 24,0.0
2030,sc01,09-22 09:00:00+02:00,CC NG 27,0.0
2030,sc01,09-22 09:00:00+02:00,Biomass 21,0.014060000000000001
2030,sc01,09-22 09:00:00+02:00,ICE NG 06,0.0
2030,sc01,09-22 09:00:00+02:00,Biomass 25,0.010360000000000001
2030,sc01,09-22 09:00:00+02:00,Solar 27,0.20872538094400003
2030,sc01,09-22 09:00:00+02:00,CT NG 19,0.0
2030,sc01,09-22 09:00:00+02:00,Biomass 42,0.0
2030,sc01,09-22 09:00:00+02:00,Biomass 19,0.014060000000000001
2030,sc01,09-22 09:00:00+02:00,Biomass 06,0.01776
2030,sc01,09-22 09:00:00+02:00,CT NG 10,0.0
2030,sc01,09-22 09:00:00+02:00,CC NG 40,0.0
2030,sc01,09-22 09:00:00+02:00,CC NG 21,0.0
2030,sc01,09-22 09:00:00+02:00,Biomass 02,0.0407
2030,sc01,09-22 09:00:00+02:00,CT NG 46,0.0
2030,sc01,09-22 09:00:00+02:00,Hydro 34,0.07372768
2030,sc01,09-22 09:00:00+02:00,Biomass 10,0.03034
2030,sc01,09-22 09:00:00+02:00,CT NG 17,0.0
2030,sc01,09-22 09:00:00+02:00,Biomass 62,0.07363
2030,sc01,09-22 09:00:00+02:00,Biomass 32,0.04551
2030,sc01,09-22 09:00:00+02:00,CC NG 19,5.00906
2030,sc01,09-22 09:00:00+02:00,CC NG 17,0.0
2030,sc01,09-22 09:00:00+02:00,ST NG 01,0.0
2030,sc01,09-22 09:00:00+02:00,Biomass 45,0.0
2030,sc01,09-22 09:00:00+02:00,Biomass 28,0.06326999999999999
2030,sc01,09-22 09:00:00+02:00,CC NG 10,0.0
2030,sc01,09-22 09:00:00+02:00,Biomass 23,0.010360000000000001
2030,sc01,09-22 09:00:00+02:00,ST NG 06,0.0
2030,sc01,09-22 09:00:00+02:00,Wind 10,0.6057432663100001
2030,sc01,09-22 09:00:00+02:00,CT NG 69,0.0
2030,sc01,09-22 09:00:00+02:00,CT NG 68,0.0
2030,sc01,09-24 14:00:00+02:00,CC NG 13,0.0
2030,sc01,09-24 14:00:00+02:00,CT NG 37,0.0
2030,sc01,09-24 14:00:00+02:00,ST Coal 01,0.0
2030,sc01,09-24 14:00:00+02:00,CT NG 09,0.0
2030,sc01,09-24 14:00:00+02:00,CT NG 47,0.0
2030,sc01,09-24 14:00:00+02:00,Solar 69,9.526293000670718
2030,sc01,09-24 14:00:00+02:00,Solar 34,9.2232530676
2030,sc01,09-24 14:00:00+02:00,Solar 73,0.0
2030,sc01,09-24 14:00:00+02:00,Biomass 37,0.0
2030,sc01,09-24 14:00:00+02:00,Hydro 20,0.0
2030,sc01,09-24 14:00:00+02:00,Solar 01,11.0908463424
2030,sc01,09-24 14:00:00+02:00,Solar 62,0.0
2030,sc01,09-24 14:00:00+02:00,Solar 02,0.0
2030,sc01,09-24 14:00:00+02:00,CT NG 26,0.0
2030,sc01,09-24 14:00:00+02:00,Biomass 20,0.008360000000000001
2030,sc01,09-24 14:00:00+02:00,Wind 16,14.0778543136
2030,sc01,09-24 14:00:00+02:00,CT NG 66,0.0
2030,sc01,09-24 14:00:00+02:00,Solar 39,0.0
2030,sc01,09-24 14:00:00+02:00,Biomass 41,0.0
2030,sc01,09-24 14:00:00+02:00,Solar 72,0.0
2030,sc01,09-24 14:00:00+02:00,ST NG 03,0.0
2030,sc01,09-24 14:00:00+02:00,Hydro 21,0.89328162
2030,sc01,09-24 14:00:00+02:00,CT NG 03,0.0
2030,sc01,09-24 14:00:00+02:00,CC NG 09,0.0
2030,sc01,09-24 14:00:00+02:00,CT Oil 02,0.0
2030,sc01,09-24 14:00:00+02:00,CT NG 39,0.0
2030,sc01,09-24 14:00:00+02:00,CC NG 08,0.0
2030,sc01,09-24 14:00:00+02:00,Biomass 43,0.0
2030,sc01,09-24 14:00:00+02:00,CT NG 18,0.0
2030,sc01,09-24 14:00:00+02:00,ST NG 07,0.0
2030,sc01,09-24 14:00:00+02:00,Biomass 35,0.0
2030,sc01,09-24 14:00:00+02:00,Solar 32,0.0
2030,sc01,09-24 14:00:00+02:00,Biomass 15,0.00462
2030,sc01,09-24 14:00:00+02:00,CC NG 31,0.0
2030,sc01,09-24 14:00:00+02:00,Solar 16,0.59022502836
2030,sc01,09-24 14:00:00+02:00,Solar 68,0.0
2030,sc01,09-24 14:00:00+02:00,CT NG 21,0.0
2030,sc01,09-24 14:00:00+02:00,Wind 11,1.1605181396600002
2030,sc01,09-24 14:00:00+02:00,CC NG 37,0.0
2030,sc01,09-24 14:00:00+02:00,CT NG 22,0.0
2030,sc01,09-24 14:00:00+02:00,Hydro 16,0.007472959999999999
2030,sc01,09-24 14:00:00+02:00,Biomass 59,0.09108000000000001
2030,sc01,09-24 14:00:00+02:00,CC NG 01,0.0
2030,sc01,09-24 14:00:00+02:00,Biomass 16,0.00462
2030,sc01,09-24 14:00:00+02:00,Solar 03,0.0
2030,sc01,09-24 14:00:00+02:00,Solar 44,0.0
2030,sc01,09-24 14:00:00+02:00,CT NG 08,0.0
2030,sc01,09-24 14:00:00+02:00,Wind 05,0.04595544518399999
2030,sc01,09-24 14:00:00+02:00,Biomass 26,0.03762
2030,sc01,09-24 14:00:00+02:00,Solar 37,0.0
2030,sc01,09-24 14:00:00+02:00,Biomass 11,0.00792
2030,sc01,09-24 14:00:00+02:00,Solar 59,0.0
2030,sc01,09-24 14:00:00+02:00,CT NG 11,0.0
2030,sc01,09-24 14:00:00+02:00,Biomass 30,0.03762
2030,sc01,09-24 14:00:00+02:00,Hydro 23,0.0
2030,sc01,09-24 14:00:00+02:00,CC NG 24,0.0
2030,sc01,09-24 14:00:00+02:00,Solar 65,6.9966591442
2030,sc01,09-24 14:00:00+02:00,CC NG 18,0.0
2030,sc01,09-24 14:00:00+02:00,CT NG 16,0.0
2030,sc01,09-24 14:00:00+02:00,Solar 51,0.0
2030,sc01,09-24 14:00:00+02:00,Wind 06,1.67816682704
2030,sc01,09-24 14:00:00+02:00,CC NG 26,0.0
2030,sc01,09-24 14:00:00+02:00,CC NG 23,0.0
2030,sc01,09-24 14:00:00+02:00,CT NG 43,0.0
2030,sc01,09-24 14:00:00+02:00,CC NG 11,0.0
2030,sc01,09-24 14:00:00+02:00,CT NG 02,0.0
2030,sc01,09-24 14:00:00+02:00,CT NG 50,0.0
2030,sc01,09-24 14:00:00+02:00,Hydro 27,0.0
2030,sc01,09-24 14:00:00+02:00,CT NG 13,0.004659559314284856
2030,sc01,09-24 14:00:00+02:00,CT NG 25,0.0
2030,sc01,09-24 14:00:00+02:00,CC NG 05,0.0
2030,sc01,09-24 14:00:00+02:00,Solar 04,0.5442843971400001
2030,sc01,09-24 14:00:00+02:00,Solar 30,0.5691607768
2030,sc01,09-24 14:00:00+02:00,Solar 29,0.9501172826200001
2030,sc01,09-24 14:00:00+02:00,Solar 53,0.0
2030,sc01,09-24 14:00:00+02:00,Solar 21,2.06522156192
2030,sc01,09-24 14:00:00+02:00,Biomass 58,0.04752
2030,sc01,09-24 14:00:00+02:00,CT NG 74,0.0
2030,sc01,09-24 14:00:00+02:00,Solar 61,0.0
2030,sc01,09-24 14:00:00+02:00,Wind 07,1.16701606538
2030,sc01,09-24 14:00:00+02:00,Biomass 31,0.03762
2030,sc01,09-24 14:00:00+02:00,CT Oil 05,0.0
2030,sc01,09-24 14:00:00+02:00,Biomass 38,0.0
2030,sc01,09-24 14:00:00+02:00,Solar 41,0.0
2030,sc01,09-24 14:00:00+02:00,Biomass 51,0.0
2030,sc01,09-24 14:00:00+02:00,Biomass 55,0.0
2030,sc01,09-24 14:00:00+02:00,Wind 15,1.72291949324
2030,sc01,09-24 14:00:00+02:00,Geo 01,0.0
2030,sc01,09-24 14:00:00+02:00,Biomass 60,0.0594
2030,sc01,09-24 14:00:00+02:00,CT NG 38,0.0
2030,sc01,09-24 14:00:00+02:00,Solar 66,14.3429601238
2030,sc01,09-24 14:00:00+02:00,Solar 49,0.0
2030,sc01,09-24 14:00:00+02:00,CT NG 51,0.0
2030,sc01,09-24 14:00:00+02:00,Biomass 18,0.00462
2030,sc01,09-24 14:00:00+02:00,ICE NG 01,0.0
2030,sc01,09-24 14:00:00+02:00,Solar 15,1.18108149434
2030,sc01,09-24 14:00:00+02:00,ICE NG 05,0.0
2030,sc01,09-24 14:00:00+02:00,CT Oil 04,0.0
2030,sc01,09-24 14:00:00+02:00,CC NG 20,0.0
2030,sc01,09-24 14:00:00+02:00,Solar 20,0.9676133926800001
2030,sc01,09-24 14:00:00+02:00,Biomass 04,0.0
2030,sc01,09-24 14:00:00+02:00,Wind 02,2.3569078764
2030,sc01,09-24 14:00:00+02:00,Hydro 25,0.0
2030,sc01,09-24 14:00:00+02:00,Solar 75,0.0
2030,sc01,09-24 14:00:00+02:00,Hydro 33,0.0
2030,sc01,09-24 14:00:00+02:00,ST NG 05,0.0
2030,sc01,09-24 14:00:00+02:00,CT NG 07,0.0
2030,sc01,09-24 14:00:00+02:00,Wind 01,0.78526679968
2030,sc01,09-24 14:00:00+02:00,Solar 56,0.0
2030,sc01,09-24 14:00:00+02:00,Biomass 09,0.01804
2030,sc01,09-24 14:00:00+02:00,Biomass 53,0.0
2030,sc01,09-24 14:00:00+02:00,Wind 17,3.9296427302
2030,sc01,09-24 14:00:00+02:00,ST NG 08,0.0
2030,sc01,09-24 14:00:00+02:00,Hydro 19,0.0
2030,sc01,09-24 14:00:00+02:00,ST NG 02,0.0
2030,sc01,09-24 14:00:00+02:00,Biomass 01,0.024200000000000003
2030,sc01,09-24 14:00:00+02:00,Biomass 57,0.04752
2030,sc01,09-24 14:00:00+02:00,CT NG 49,0.0
2030,sc01,09-24 14:00:00+02:00,CT NG 31,0.0
2030,sc01,09-24 14:00:00+02:00,Solar 64,3.6732386548000004
2030,sc01,09-24 14:00:00+02:00,CC NG 33,0.0
2030,sc01,09-24 14:00:00+02:00,Solar 46,0.0
2030,sc01,09-24 14:00:00+02:00,Biomass 12,0.00792
2030,sc01,09-24 14:00:00+02:00,Wind 04,0.080207941616
2030,sc01,09-24 14:00:00+02:00,Solar 13,0.029649431152
2030,sc01,09-24 14:00:00+02:00,CT NG 55,0.0
2030,sc01,09-24 14:00:00+02:00,Wind N03,37.64212572292742
2030,sc01,09-24 14:00:00+02:00,CT NG 28,0.0
2030,sc01,09-24 14:00:00+02:00,Wind 09,0.6841686258
2030,sc01,09-24 14:00:00+02:00,Solar 60,0.0
2030,sc01,09-24 14:00:00+02:00,Solar 25,0.21742448199999997
2030,sc01,09-24 14:00:00+02:00,CT NG 23,0.0
2030,sc01,09-24 14:00:00+02:00,ST Other 01,0.0
2030,sc01,09-24 14:00:00+02:00,Solar 70,10.138701473094317
2030,sc01,09-24 14:00:00+02:00,CC NG 34,0.0
2030,sc01,09-24 14:00:00+02:00,Solar 48,0.0
2030,sc01,09-24 14:00:00+02:00,Biomass 56,0.05808
2030,sc01,09-24 14:00:00+02:00,CT NG 36,0.0
2030,sc01,09-24 14:00:00+02:00,Solar 47,0.0
2030,sc01,09-24 14:00:00+02:00,Hydro 17,0.0
2030,sc01,09-24 14:00:00+02:00,Solar 09,0.0
2030,sc01,09-24 14:00:00+02:00,Solar 08,0.0
2030,sc01,09-24 14:00:00+02:00,CT NG 45,0.0
2030,sc01,09-24 14:00:00+02:00,ST NG 04,0.0
2030,sc01,09-24 14:00:00+02:00,Solar 40,0.0
2030,sc01,09-24 14:00:00+02:00,Biomass 47,0.0
2030,sc01,09-24 14:00:00+02:00,Solar 50,0.0
2030,sc01,09-24 14:00:00+02:00,Solar 52,0.0
2030,sc01,09-24 14:00:00+02:00,Solar 63,7.844315622
2030,sc01,09-24 14:00:00+02:00,CC NG 06,0.0
2030,sc01,09-24 14:00:00+02:00,Biomass 39,0.0
2030,sc01,09-24 14:00:00+02:00,Solar 67,2.9739598489312544
2030,sc01,09-24 14:00:00+02:00,Solar 19,0.011213548192000001
2030,sc01,09-24 14:00:00+02:00,Wind 12,8.539572654799999
2030,sc01,09-24 14:00:00+02:00,Solar 24,0.16216644276800002
2030,sc01,09-24 14:00:00+02:00,ICE NG 02,0.0
2030,sc01,09-24 14:00:00+02:00,Solar 05,0.0
2030,sc01,09-24 14:00:00+02:00,CT NG 54,0.0
2030,sc01,09-24 14:00:00+02:00,Wind N01,45.402271622988984
2030,sc01,09-24 14:00:00+02:00,CT NG 27,0.0
2030,sc01,09-24 14:00:00+02:00,CC NG 36,0.0
2030,sc01,09-24 14:00:00+02:00,Wind N02,48.58543201786305
2030,sc01,09-24 14:00:00+02:00,CT NG 52,0.0
2030,sc01,09-24 14:00:00+02:00,Solar 35,0.0
2030,sc01,09-24 14:00:00+02:00,CT NG 05,0.0
2030,sc01,09-24 14:00:00+02:00,Biomass 36,0.0
2030,sc01,09-24 14:00:00+02:00,CT NG 34,0.0
2030,sc01,09-24 14:00:00+02:00,CT Oil 03,0.0
2030,sc01,09-24 14:00:00+02:00,Hydro 35,0.0
2030,sc01,09-24 14:00:00+02:00,Solar 14,1.31309666972
2030,sc01,09-24 14:00:00+02:00,CT NG 75,0.0
2030,sc01,09-24 14:00:00+02:00,ST NG 09,0.0
2030,sc01,09-24 14:00:00+02:00,CT NG 56,0.0
2030,sc01,09-24 14:00:00+02:00,Biomass 22,0.008360000000000001
2030,sc01,09-24 14:00:00+02:00,Solar 18,1.3850058336400002
2030,sc01,09-24 14:00:00+02:00,Biomass 13,0.00792
2030,sc01,09-24 14:00:00+02:00,CT NG 71,0.0
2030,sc01,09-24 14:00:00+02:00,Solar 58,0.0
2030,sc01,09-24 14:00:00+02:00,Solar 06,0.0
2030,sc01,09-24 14:00:00+02:00,Biomass 08,0.01804
2030,sc01,09-24 14:00:00+02:00,CT NG 72,0.0
2030,sc01,09-24 14:00:00+02:00,Hydro 18,0.0
2030,sc01,09-24 14:00:00+02:00,Solar 10,0.9320410233199999
2030,sc01,09-24 14:00:00+02:00,CT NG 04,0.0
2030,sc01,09-24 14:00:00+02:00,ST Other 02,0.0
2030,sc01,09-24 14:00:00+02:00,CT NG 12,0.0
2030,sc01,09-24 14:00:00+02:00,CT NG 48,0.0
2030,sc01,09-24 14:00:00+02:00,ST NG 10,0.0
2030,sc01,09-24 14:00:00+02:00,Solar 22,0.9882245868
2030,sc01,09-24 14:00:00+02:00,Solar 28,0.8843459275199999
2030,sc01,09-24 14:00:00+02:00,CT NG 73,0.0
2030,sc01,09-24 14:00:00+02:00,Biomass 52,0.0
2030,sc01,09-24 14:00:00+02:00,CT NG 30,0.0
2030,sc01,09-24 14:00:00+02:00,Solar 54,0.0
2030,sc01,09-24 14:00:00+02:00,Solar 31,0.0
2030,sc01,09-24 14:00:00+02:00,Biomass 03,0.0
2030,sc01,09-24 14:00:00+02:00,CT NG 32,0.0
2030,sc01,09-24 14:00:00+02:00,Biomass 27,0.03762
2030,sc01,09-24 14:00:00+02:00,CC NG 14,0.0
2030,sc01,09-24 14:00:00+02:00,CC NG 03,0.0
2030,sc01,09-24 14:00:00+02:00,CC NG 29,0.0
2030,sc01,09-24 14:00:00+02:00,CC NG 28,0.0
2030,sc01,09-24 14:00:00+02:00,CC NG 25,0.0
2030,sc01,09-24 14:00:00+02:00,CT NG 44,0.0
2030,sc01,09-24 14:00:00+02:00,CT NG 14,0.0
2030,sc01,09-24 14:00:00+02:00,CC NG 15,0.0
2030,sc01,09-24 14:00:00+02:00,CC NG 04,0.0
2030,sc01,09-24 14:00:00+02:00,Biomass 29,0.03762
2030,sc01,09-24 14:00:00+02:00,Wind 14,0.0
2030,sc01,09-24 14:00:00+02:00,Wind 08,0.62661357198
2030,sc01,09-24 14:00:00+02:00,Biomass 61,0.0
2030,sc01,09-24 14:00:00+02:00,CT NG 35,0.0
2030,sc01,09-24 14:00:00+02:00,Solar 33,0.0
2030,sc01,09-24 14:00:00+02:00,CT NG 41,0.0
2030,sc01,09-24 14:00:00+02:00,CT NG 15,0.0
2030,sc01,09-24 14:00:00+02:00,Solar 42,0.0
2030,sc01,09-24 14:00:00+02:00,Solar 07,0.0
2030,sc01,09-24 14:00:00+02:00,Solar 43,0.0
2030,sc01,09-24 14:00:00+02:00,Biomass 05,0.01056
2030,sc01,09-24 14:00:00+02:00,CT NG 29,0.0
2030,sc01,09-24 14:00:00+02:00,Solar 71,0.0
2030,sc01,09-24 14:00:00+02:00,CT NG 53,0.0
2030,sc01,09-24 14:00:00+02:00,CT NG 20,0.0
2030,sc01,09-24 14:00:00+02:00,Biomass 14,0.0176
2030,sc01,09-24 14:00:00+02:00,Solar 26,0.201350251696
2030,sc01,09-24 14:00:00+02:00,Hydro 29,0.0
2030,sc01,09-24 14:00:00+02:00,Hydro 31,0.0
2030,sc01,09-24 14:00:00+02:00,Biomass 24,0.0061600000000000005
2030,sc01,09-24 14:00:00+02:00,Biomass 54,0.0
2030,sc01,09-24 14:00:00+02:00,Solar 36,14.996374525
2030,sc01,09-24 14:00:00+02:00,Wind 03,0.185509483984
2030,sc01,09-24 14:00:00+02:00,Biomass 40,0.0
2030,sc01,09-24 14:00:00+02:00,Biomass 49,0.0
2030,sc01,09-24 14:00:00+02:00,CC NG 16,0.0
2030,sc01,09-24 14:00:00+02:00,Biomass 48,0.0
2030,sc01,09-24 14:00:00+02:00,Hydro 28,0.0
2030,sc01,09-24 14:00:00+02:00,Biomass 17,0.00462
2030,sc01,09-24 14:00:00+02:00,CT NG 33,0.0
2030,sc01,09-24 14:00:00+02:00,Solar 45,0.0
2030,sc01,09-24 14:00:00+02:00,Hydro 24,0.0
2030,sc01,09-24 14:00:00+02:00,Wind 13,4.1821937102
2030,sc01,09-24 14:00:00+02:00,Biomass 07,0.044
2030,sc01,09-24 14:00:00+02:00,Biomass 34,0.0
2030,sc01,09-24 14:00:00+02:00,Biomass 33,0.0
2030,sc01,09-24 14:00:00+02:00,CT NG 01,0.5414772
2030,sc01,09-24 14:00:00+02:00,ICE NG 03,0.0
2030,sc01,09-24 14:00:00+02:00,Solar 55,0.0
2030,sc01,09-24 14:00:00+02:00,Solar 11,0.22242001100000003
2030,sc01,09-24 14:00:00+02:00,CT NG 06,0.0
2030,sc01,09-24 14:00:00+02:00,CT NG 70,0.0
2030,sc01,09-24 14:00:00+02:00,Solar 23,0.032933986624
2030,sc01,09-24 14:00:00+02:00,CT NG 67,0.0
2030,sc01,09-24 14:00:00+02:00,Solar 12,0.17217658656
2030,sc01,09-24 14:00:00+02:00,CT Oil 01,0.0
2030,sc01,09-24 14:00:00+02:00,Hydro 26,0.0
2030,sc01,09-24 14:00:00+02:00,CC NG 22,0.0
2030,sc01,09-24 14:00:00+02:00,CC NG 35,0.0
2030,sc01,09-24 14:00:00+02:00,Biomass 50,0.0
2030,sc01,09-24 14:00:00+02:00,ICE NG 04,0.0
2030,sc01,09-24 14:00:00+02:00,CC NG 39,0.0
2030,sc01,09-24 14:00:00+02:00,Hydro 32,0.0
2030,sc01,09-24 14:00:00+02:00,ICE NG 07,0.0
2030,sc01,09-24 14:00:00+02:00,Biomass 46,0.0
2030,sc01,09-24 14:00:00+02:00,CC NG 38,0.0
2030,sc01,09-24 14:00:00+02:00,CC NG 12,0.0
2030,sc01,09-24 14:00:00+02:00,Solar 57,0.0
2030,sc01,09-24 14:00:00+02:00,CC NG 32,0.0
2030,sc01,09-24 14:00:00+02:00,CC NG 07,0.0
2030,sc01,09-24 14:00:00+02:00,Biomass 44,0.0
2030,sc01,09-24 14:00:00+02:00,CT NG 40,0.0
2030,sc01,09-24 14:00:00+02:00,Solar 74,4.4
2030,sc01,09-24 14:00:00+02:00,Hydro 30,0.0
2030,sc01,09-24 14:00:00+02:00,CT NG 42,0.0
2030,sc01,09-24 14:00:00+02:00,Hydro 22,0.89328162
2030,sc01,09-24 14:00:00+02:00,Solar 17,0.33770709588000003
2030,sc01,09-24 14:00:00+02:00,Solar 38,0.0
2030,sc01,09-24 14:00:00+02:00,CT NG 24,0.0
2030,sc01,09-24 14:00:00+02:00,CC NG 27,0.0
2030,sc01,09-24 14:00:00+02:00,Biomass 21,0.008360000000000001
2030,sc01,09-24 14:00:00+02:00,ICE NG 06,0.0
2030,sc01,09-24 14:00:00+02:00,Biomass 25,0.0061600000000000005
2030,sc01,09-24 14:00:00+02:00,Solar 27,0.096404613536
2030,sc01,09-24 14:00:00+02:00,CT NG 19,0.0
2030,sc01,09-24 14:00:00+02:00,Biomass 42,0.0
2030,sc01,09-24 14:00:00+02:00,Biomass 19,0.008360000000000001
2030,sc01,09-24 14:00:00+02:00,Biomass 06,0.01056
2030,sc01,09-24 14:00:00+02:00,CT NG 10,0.0
2030,sc01,09-24 14:00:00+02:00,CC NG 40,0.0
2030,sc01,09-24 14:00:00+02:00,CC NG 21,0.0
2030,sc01,09-24 14:00:00+02:00,Biomass 02,0.024200000000000003
2030,sc01,09-24 14:00:00+02:00,CT NG 46,0.0
2030,sc01,09-24 14:00:00+02:00,Hydro 34,0.0
2030,sc01,09-24 14:00:00+02:00,Biomass 10,0.01804
2030,sc01,09-24 14:00:00+02:00,CT NG 17,0.0
2030,sc01,09-24 14:00:00+02:00,Biomass 62,0.0
2030,sc01,09-24 14:00:00+02:00,Biomass 32,0.02706
2030,sc01,09-24 14:00:00+02:00,CC NG 19,0.0
2030,sc01,09-24 14:00:00+02:00,CC NG 17,0.0
2030,sc01,09-24 14:00:00+02:00,ST NG 01,0.0
2030,sc01,09-24 14:00:00+02:00,Biomass 45,0.0
2030,sc01,09-24 14:00:00+02:00,Biomass 28,0.03762
2030,sc01,09-24 14:00:00+02:00,CC NG 10,0.0
2030,sc01,09-24 14:00:00+02:00,Biomass 23,0.0061600000000000005
2030,sc01,09-24 14:00:00+02:00,ST NG 06,0.0
2030,sc01,09-24 14:00:00+02:00,Wind 10,0.6790920213
2030,sc01,09-24 14:00:00+02:00,CT NG 69,0.0
2030,sc01,09-24 14:00:00+02:00,CT NG 68,0.0
2030,sc01,09-24 23:00:00+02:00,CC NG 13,0.0
2030,sc01,09-24 23:00:00+02:00,CT NG 37,0.0
2030,sc01,09-24 23:00:00+02:00,ST Coal 01,0.0
2030,sc01,09-24 23:00:00+02:00,CT NG 09,0.0
2030,sc01,09-24 23:00:00+02:00,CT NG 47,0.0
2030,sc01,09-24 23:00:00+02:00,Solar 69,0.0
2030,sc01,09-24 23:00:00+02:00,Solar 34,0.0
2030,sc01,09-24 23:00:00+02:00,Solar 73,0.0
2030,sc01,09-24 23:00:00+02:00,Biomass 37,0.0
2030,sc01,09-24 23:00:00+02:00,Hydro 20,0.0
2030,sc01,09-24 23:00:00+02:00,Solar 01,0.0
2030,sc01,09-24 23:00:00+02:00,Solar 62,0.0
2030,sc01,09-24 23:00:00+02:00,Solar 02,0.0
2030,sc01,09-24 23:00:00+02:00,CT NG 26,0.0
2030,sc01,09-24 23:00:00+02:00,Biomass 20,0.0
2030,sc01,09-24 23:00:00+02:00,Wind 16,0.0
2030,sc01,09-24 23:00:00+02:00,CT NG 66,0.0
2030,sc01,09-24 23:00:00+02:00,Solar 39,0.0
2030,sc01,09-24 23:00:00+02:00,Biomass 41,0.0
2030,sc01,09-24 23:00:00+02:00,Solar 72,0.0
2030,sc01,09-24 23:00:00+02:00,ST NG 03,0.0
2030,sc01,09-24 23:00:00+02:00,Hydro 21,0.6401376000000001
2030,sc01,09-24 23:00:00+02:00,CT NG 03,0.0
2030,sc01,09-24 23:00:00+02:00,CC NG 09,0.0
2030,sc01,09-24 23:00:00+02:00,CT Oil 02,0.0
2030,sc01,09-24 23:00:00+02:00,CT NG 39,0.0
2030,sc01,09-24 23:00:00+02:00,CC NG 08,0.0
2030,sc01,09-24 23:00:00+02:00,Biomass 43,0.0
2030,sc01,09-24 23:00:00+02:00,CT NG 18,0.0
2030,sc01,09-24 23:00:00+02:00,ST NG 07,0.0
2030,sc01,09-24 23:00:00+02:00,Biomass 35,0.0
2030,sc01,09-24 23:00:00+02:00,Solar 32,0.0
2030,sc01,09-24 23:00:00+02:00,Biomass 15,0.0
2030,sc01,09-24 23:00:00+02:00,CC NG 31,0.0
2030,sc01,09-24 23:00:00+02:00,Solar 16,0.0
2030,sc01,09-24 23:00:00+02:00,Solar 68,0.0
2030,sc01,09-24 23:00:00+02:00,CT NG 21,0.0
2030,sc01,09-24 23:00:00+02:00,Wind 11,0.0
2030,sc01,09-24 23:00:00+02:00,CC NG 37,0.0
2030,sc01,09-24 23:00:00+02:00,CT NG 22,0.0
2030,sc01,09-24 23:00:00+02:00,Hydro 16,0.012631680000000001
2030,sc01,09-24 23:00:00+02:00,Biomass 59,0.0
2030,sc01,09-24 23:00:00+02:00,CC NG 01,0.0
2030,sc01,09-24 23:00:00+02:00,Biomass 16,0.0
2030,sc01,09-24 23:00:00+02:00,Solar 03,0.0
2030,sc01,09-24 23:00:00+02:00,Solar 44,0.0
2030,sc01,09-24 23:00:00+02:00,CT NG 08,0.0
2030,sc01,09-24 23:00:00+02:00,Wind 05,0.134571127968
2030,sc01,09-24 23:00:00+02:00,Biomass 26,0.0
2030,sc01,09-24 23:00:00+02:00,Solar 37,0.0
2030,sc01,09-24 23:00:00+02:00,Biomass 11,0.0
2030,sc01,09-24 23:00:00+02:00,Solar 59,0.0
2030,sc01,09-24 23:00:00+02:00,CT NG 11,0.0
2030,sc01,09-24 23:00:00+02:00,Biomass 30,0.0
2030,sc01,09-24 23:00:00+02:00,Hydro 23,0.0
2030,sc01,09-24 23:00:00+02:00,CC NG 24,0.0
2030,sc01,09-24 23:00:00+02:00,Solar 65,0.0
2030,sc01,09-24 23:00:00+02:00,CC NG 18,0.0
2030,sc01,09-24 23:00:00+02:00,CT NG 16,0.0
2030,sc01,09-24 23:00:00+02:00,Solar 51,0.0
2030,sc01,09-24 23:00:00+02:00,Wind 06,0.0
2030,sc01,09-24 23:00:00+02:00,CC NG 26,0.0
2030,sc01,09-24 23:00:00+02:00,CC NG 23,0.0
2030,sc01,09-24 23:00:00+02:00,CT NG 43,0.0
2030,sc01,09-24 23:00:00+02:00,CC NG 11,0.0
2030,sc01,09-24 23:00:00+02:00,CT NG 02,0.0
2030,sc01,09-24 23:00:00+02:00,CT NG 50,0.0
2030,sc01,09-24 23:00:00+02:00,Hydro 27,0.0
2030,sc01,09-24 23:00:00+02:00,CT NG 13,0.0
2030,sc01,09-24 23:00:00+02:00,CT NG 25,0.0
2030,sc01,09-24 23:00:00+02:00,CC NG 05,0.0
2030,sc01,09-24 23:00:00+02:00,Solar 04,0.0
2030,sc01,09-24 23:00:00+02:00,Solar 30,0.0
2030,sc01,09-24 23:00:00+02:00,Solar 29,0.0
2030,sc01,09-24 23:00:00+02:00,Solar 53,0.0
2030,sc01,09-24 23:00:00+02:00,Solar 21,0.0
2030,sc01,09-24 23:00:00+02:00,Biomass 58,0.0
2030,sc01,09-24 23:00:00+02:00,CT NG 74,0.0
2030,sc01,09-24 23:00:00+02:00,Solar 61,0.0
2030,sc01,09-24 23:00:00+02:00,Wind 07,0.0
2030,sc01,09-24 23:00:00+02:00,Biomass 31,0.0
2030,sc01,09-24 23:00:00+02:00,CT Oil 05,0.0
2030,sc01,09-24 23:00:00+02:00,Biomass 38,0.0
2030,sc01,09-24 23:00:00+02:00,Solar 41,0.0
2030,sc01,09-24 23:00:00+02:00,Biomass 51,0.0
2030,sc01,09-24 23:00:00+02:00,Biomass 55,0.0
2030,sc01,09-24 23:00:00+02:00,Wind 15,0.0
2030,sc01,09-24 23:00:00+02:00,Geo 01,0.0
2030,sc01,09-24 23:00:00+02:00,Biomass 60,0.0
2030,sc01,09-24 23:00:00+02:00,CT NG 38,0.0
2030,sc01,09-24 23:00:00+02:00,Solar 66,0.0
2030,sc01,09-24 23:00:00+02:00,Solar 49,0.0
2030,sc01,09-24 23:00:00+02:00,CT NG 51,0.0
2030,sc01,09-24 23:00:00+02:00,Biomass 18,0.0
2030,sc01,09-24 23:00:00+02:00,ICE NG 01,0.0
2030,sc01,09-24 23:00:00+02:00,Solar 15,0.0
2030,sc01,09-24 23:00:00+02:00,ICE NG 05,0.0
2030,sc01,09-24 23:00:00+02:00,CT Oil 04,0.0
2030,sc01,09-24 23:00:00+02:00,CC NG 20,0.0
2030,sc01,09-24 23:00:00+02:00,Solar 20,0.0
2030,sc01,09-24 23:00:00+02:00,Biomass 04,0.0
2030,sc01,09-24 23:00:00+02:00,Wind 02,5.6705310648
2030,sc01,09-24 23:00:00+02:00,Hydro 25,0.6157944
2030,sc01,09-24 23:00:00+02:00,Solar 75,0.0
2030,sc01,09-24 23:00:00+02:00,Hydro 33,0.0
2030,sc01,09-24 23:00:00+02:00,ST NG 05,0.0
2030,sc01,09-24 23:00:00+02:00,CT NG 07,0.0
2030,sc01,09-24 23:00:00+02:00,Wind 01,1.77039930744
2030,sc01,09-24 23:00:00+02:00,Solar 56,0.0
2030,sc01,09-24 23:00:00+02:00,Biomass 09,0.0
2030,sc01,09-24 23:00:00+02:00,Biomass 53,0.0
2030,sc01,09-24 23:00:00+02:00,Wind 17,0.0
2030,sc01,09-24 23:00:00+02:00,ST NG 08,0.0
2030,sc01,09-24 23:00:00+02:00,Hydro 19,0.0
2030,sc01,09-24 23:00:00+02:00,ST NG 02,0.0
2030,sc01,09-24 23:00:00+02:00,Biomass 01,0.0
2030,sc01,09-24 23:00:00+02:00,Biomass 57,0.0
2030,sc01,09-24 23:00:00+02:00,CT NG 49,0.0
2030,sc01,09-24 23:00:00+02:00,CT NG 31,0.0
2030,sc01,09-24 23:00:00+02:00,Solar 64,0.0
2030,sc01,09-24 23:00:00+02:00,CC NG 33,0.0
2030,sc01,09-24 23:00:00+02:00,Solar 46,0.0
2030,sc01,09-24 23:00:00+02:00,Biomass 12,0.0
2030,sc01,09-24 23:00:00+02:00,Wind 04,0.23253012892800004
2030,sc01,09-24 23:00:00+02:00,Solar 13,0.0
2030,sc01,09-24 23:00:00+02:00,CT NG 55,0.0
2030,sc01,09-24 23:00:00+02:00,Wind N03,94.66981986988498
2030,sc01,09-24 23:00:00+02:00,CT NG 28,0.0
2030,sc01,09-24 23:00:00+02:00,Wind 09,0.0
2030,sc01,09-24 23:00:00+02:00,Solar 60,0.0
2030,sc01,09-24 23:00:00+02:00,Solar 25,0.0
2030,sc01,09-24 23:00:00+02:00,CT NG 23,0.0
2030,sc01,09-24 23:00:00+02:00,ST Other 01,0.0
2030,sc01,09-24 23:00:00+02:00,Solar 70,0.0
2030,sc01,09-24 23:00:00+02:00,CC NG 34,0.0
2030,sc01,09-24 23:00:00+02:00,Solar 48,0.0
2030,sc01,09-24 23:00:00+02:00,Biomass 56,0.0
2030,sc01,09-24 23:00:00+02:00,CT NG 36,0.0
2030,sc01,09-24 23:00:00+02:00,Solar 47,0.0
2030,sc01,09-24 23:00:00+02:00,Hydro 17,0.021315960000000002
2030,sc01,09-24 23:00:00+02:00,Solar 09,0.0
2030,sc01,09-24 23:00:00+02:00,Solar 08,0.0
2030,sc01,09-24 23:00:00+02:00,CT NG 45,0.0
2030,sc01,09-24 23:00:00+02:00,ST NG 04,0.0
2030,sc01,09-24 23:00:00+02:00,Solar 40,0.0
2030,sc01,09-24 23:00:00+02:00,Biomass 47,0.0
2030,sc01,09-24 23:00:00+02:00,Solar 50,0.0
2030,sc01,09-24 23:00:00+02:00,Solar 52,0.0
2030,sc01,09-24 23:00:00+02:00,Solar 63,0.0
2030,sc01,09-24 23:00:00+02:00,CC NG 06,0.0
2030,sc01,09-24 23:00:00+02:00,Biomass 39,0.0
2030,sc01,09-24 23:00:00+02:00,Solar 67,0.0
2030,sc01,09-24 23:00:00+02:00,Solar 19,0.0
2030,sc01,09-24 23:00:00+02:00,Wind 12,17.0602404516
2030,sc01,09-24 23:00:00+02:00,Solar 24,0.0
2030,sc01,09-24 23:00:00+02:00,ICE NG 02,0.0
2030,sc01,09-24 23:00:00+02:00,Solar 05,0.0
2030,sc01,09-24 23:00:00+02:00,CT NG 54,0.0
2030,sc01,09-24 23:00:00+02:00,Wind N01,110.75349545920888
2030,sc01,09-24 23:00:00+02:00,CT NG 27,0.0
2030,sc01,09-24 23:00:00+02:00,CC NG 36,0.0
2030,sc01,09-24 23:00:00+02:00,Wind N02,26.026987974400217
2030,sc01,09-24 23:00:00+02:00,CT NG 52,0.0
2030,sc01,09-24 23:00:00+02:00,Solar 35,0.0
2030,sc01,09-24 23:00:00+02:00,CT NG 05,0.0
2030,sc01,09-24 23:00:00+02:00,Biomass 36,0.0
2030,sc01,09-24 23:00:00+02:00,CT NG 34,0.0
2030,sc01,09-24 23:00:00+02:00,CT Oil 03,0.0
2030,sc01,09-24 23:00:00+02:00,Hydro 35,0.0
2030,sc01,09-24 23:00:00+02:00,Solar 14,0.0
2030,sc01,09-24 23:00:00+02:00,CT NG 75,0.0
2030,sc01,09-24 23:00:00+02:00,ST NG 09,0.0
2030,sc01,09-24 23:00:00+02:00,CT NG 56,0.0
2030,sc01,09-24 23:00:00+02:00,Biomass 22,0.0
2030,sc01,09-24 23:00:00+02:00,Solar 18,0.0
2030,sc01,09-24 23:00:00+02:00,Biomass 13,0.0
2030,sc01,09-24 23:00:00+02:00,CT NG 71,0.0
2030,sc01,09-24 23:00:00+02:00,Solar 58,0.0
2030,sc01,09-24 23:00:00+02:00,Solar 06,0.0
2030,sc01,09-24 23:00:00+02:00,Biomass 08,0.0
2030,sc01,09-24 23:00:00+02:00,CT NG 72,0.0
2030,sc01,09-24 23:00:00+02:00,Hydro 18,0.07342163999999998
2030,sc01,09-24 23:00:00+02:00,Solar 10,0.0
2030,sc01,09-24 23:00:00+02:00,CT NG 04,0.0
2030,sc01,09-24 23:00:00+02:00,ST Other 02,0.0
2030,sc01,09-24 23:00:00+02:00,CT NG 12,0.0
2030,sc01,09-24 23:00:00+02:00,CT NG 48,0.0
2030,sc01,09-24 23:00:00+02:00,ST NG 10,0.0
2030,sc01,09-24 23:00:00+02:00,Solar 22,0.0
2030,sc01,09-24 23:00:00+02:00,Solar 28,0.0
2030,sc01,09-24 23:00:00+02:00,CT NG 73,0.0
2030,sc01,09-24 23:00:00+02:00,Biomass 52,0.0
2030,sc01,09-24 23:00:00+02:00,CT NG 30,0.0
2030,sc01,09-24 23:00:00+02:00,Solar 54,0.0
2030,sc01,09-24 23:00:00+02:00,Solar 31,0.0
2030,sc01,09-24 23:00:00+02:00,Biomass 03,0.0
2030,sc01,09-24 23:00:00+02:00,CT NG 32,0.0
2030,sc01,09-24 23:00:00+02:00,Biomass 27,0.0
2030,sc01,09-24 23:00:00+02:00,CC NG 14,0.0
2030,sc01,09-24 23:00:00+02:00,CC NG 03,0.0
2030,sc01,09-24 23:00:00+02:00,CC NG 29,0.0
2030,sc01,09-24 23:00:00+02:00,CC NG 28,0.0
2030,sc01,09-24 23:00:00+02:00,CC NG 25,0.0
2030,sc01,09-24 23:00:00+02:00,CT NG 44,0.0
2030,sc01,09-24 23:00:00+02:00,CT NG 14,0.0
2030,sc01,09-24 23:00:00+02:00,CC NG 15,0.0
2030,sc01,09-24 23:00:00+02:00,CC NG 04,0.0
2030,sc01,09-24 23:00:00+02:00,Biomass 29,0.0
2030,sc01,09-24 23:00:00+02:00,Wind 14,40.87179851599012
2030,sc01,09-24 23:00:00+02:00,Wind 08,0.0
2030,sc01,09-24 23:00:00+02:00,Biomass 61,0.0
2030,sc01,09-24 23:00:00+02:00,CT NG 35,0.0
2030,sc01,09-24 23:00:00+02:00,Solar 33,0.0
2030,sc01,09-24 23:00:00+02:00,CT NG 41,0.0
2030,sc01,09-24 23:00:00+02:00,CT NG 15,0.0
2030,sc01,09-24 23:00:00+02:00,Solar 42,0.0
2030,sc01,09-24 23:00:00+02:00,Solar 07,0.0
2030,sc01,09-24 23:00:00+02:00,Solar 43,0.0
2030,sc01,09-24 23:00:00+02:00,Biomass 05,0.0
2030,sc01,09-24 23:00:00+02:00,CT NG 29,0.0
2030,sc01,09-24 23:00:00+02:00,Solar 71,0.0
2030,sc01,09-24 23:00:00+02:00,CT NG 53,0.0
2030,sc01,09-24 23:00:00+02:00,CT NG 20,0.0
2030,sc01,09-24 23:00:00+02:00,Biomass 14,0.0
2030,sc01,09-24 23:00:00+02:00,Solar 26,0.0
2030,sc01,09-24 23:00:00+02:00,Hydro 29,0.0
2030,sc01,09-24 23:00:00+02:00,Hydro 31,0.0063158400000000005
2030,sc01,09-24 23:00:00+02:00,Biomass 24,0.0
2030,sc01,09-24 23:00:00+02:00,Biomass 54,0.0
2030,sc01,09-24 23:00:00+02:00,Solar 36,0.0
2030,sc01,09-24 23:00:00+02:00,Wind 03,0.62968372776
2030,sc01,09-24 23:00:00+02:00,Biomass 40,0.0
2030,sc01,09-24 23:00:00+02:00,Biomass 49,0.0
2030,sc01,09-24 23:00:00+02:00,CC NG 16,0.0
2030,sc01,09-24 23:00:00+02:00,Biomass 48,0.0
2030,sc01,09-24 23:00:00+02:00,Hydro 28,0.0
2030,sc01,09-24 23:00:00+02:00,Biomass 17,0.0
2030,sc01,09-24 23:00:00+02:00,CT NG 33,0.0
2030,sc01,09-24 23:00:00+02:00,Solar 45,0.0
2030,sc01,09-24 23:00:00+02:00,Hydro 24,0.0
2030,sc01,09-24 23:00:00+02:00,Wind 13,9.520413116400002
2030,sc01,09-24 23:00:00+02:00,Biomass 07,0.0
2030,sc01,09-24 23:00:00+02:00,Biomass 34,0.0
2030,sc01,09-24 23:00:00+02:00,Biomass 33,0.0
2030,sc01,09-24 23:00:00+02:00,CT NG 01,0.0
2030,sc01,09-24 23:00:00+02:00,ICE NG 03,0.0
2030,sc01,09-24 23:00:00+02:00,Solar 55,0.0
2030,sc01,09-24 23:00:00+02:00,Solar 11,0.0
2030,sc01,09-24 23:00:00+02:00,CT NG 06,0.0
2030,sc01,09-24 23:00:00+02:00,CT NG 70,0.0
2030,sc01,09-24 23:00:00+02:00,Solar 23,0.0
2030,sc01,09-24 23:00:00+02:00,CT NG 67,0.0
2030,sc01,09-24 23:00:00+02:00,Solar 12,0.0
2030,sc01,09-24 23:00:00+02:00,CT Oil 01,0.0
2030,sc01,09-24 23:00:00+02:00,Hydro 26,0.0
2030,sc01,09-24 23:00:00+02:00,CC NG 22,0.0
2030,sc01,09-24 23:00:00+02:00,CC NG 35,0.0
2030,sc01,09-24 23:00:00+02:00,Biomass 50,0.0
2030,sc01,09-24 23:00:00+02:00,ICE NG 04,0.0
2030,sc01,09-24 23:00:00+02:00,CC NG 39,0.0
2030,sc01,09-24 23:00:00+02:00,Hydro 32,0.007579008
2030,sc01,09-24 23:00:00+02:00,ICE NG 07,0.0
2030,sc01,09-24 23:00:00+02:00,Biomass 46,0.0
2030,sc01,09-24 23:00:00+02:00,CC NG 38,0.0
2030,sc01,09-24 23:00:00+02:00,CC NG 12,0.0
2030,sc01,09-24 23:00:00+02:00,Solar 57,0.0
2030,sc01,09-24 23:00:00+02:00,CC NG 32,0.0
2030,sc01,09-24 23:00:00+02:00,CC NG 07,0.0
2030,sc01,09-24 23:00:00+02:00,Biomass 44,0.0
2030,sc01,09-24 23:00:00+02:00,CT NG 40,0.0
2030,sc01,09-24 23:00:00+02:00,Solar 74,0.0
2030,sc01,09-24 23:00:00+02:00,Hydro 30,0.0
2030,sc01,09-24 23:00:00+02:00,CT NG 42,0.0
2030,sc01,09-24 23:00:00+02:00,Hydro 22,0.6401376000000001
2030,sc01,09-24 23:00:00+02:00,Solar 17,0.0
2030,sc01,09-24 23:00:00+02:00,Solar 38,0.0
2030,sc01,09-24 23:00:00+02:00,CT NG 24,0.0
2030,sc01,09-24 23:00:00+02:00,CC NG 27,0.0
2030,sc01,09-24 23:00:00+02:00,Biomass 21,0.0
2030,sc01,09-24 23:00:00+02:00,ICE NG 06,0.0
2030,sc01,09-24 23:00:00+02:00,Biomass 25,0.0
2030,sc01,09-24 23:00:00+02:00,Solar 27,0.0
2030,sc01,09-24 23:00:00+02:00,CT NG 19,0.0
2030,sc01,09-24 23:00:00+02:00,Biomass 42,0.0
2030,sc01,09-24 23:00:00+02:00,Biomass 19,0.0
2030,sc01,09-24 23:00:00+02:00,Biomass 06,0.0
2030,sc01,09-24 23:00:00+02:00,CT NG 10,0.0
2030,sc01,09-24 23:00:00+02:00,CC NG 40,0.0
2030,sc01,09-24 23:00:00+02:00,CC NG 21,0.0
2030,sc01,09-24 23:00:00+02:00,Biomass 02,0.0
2030,sc01,09-24 23:00:00+02:00,CT NG 46,0.0
2030,sc01,09-24 23:00:00+02:00,Hydro 34,0.0
2030,sc01,09-24 23:00:00+02:00,Biomass 10,0.0
2030,sc01,09-24 23:00:00+02:00,CT NG 17,0.0
2030,sc01,09-24 23:00:00+02:00,Biomass 62,0.0
2030,sc01,09-24 23:00:00+02:00,Biomass 32,0.0
2030,sc01,09-24 23:00:00+02:00,CC NG 19,0.0
2030,sc01,09-24 23:00:00+02:00,CC NG 17,0.0
2030,sc01,09-24 23:00:00+02:00,ST NG 01,0.0
2030,sc01,09-24 23:00:00+02:00,Biomass 45,0.0
2030,sc01,09-24 23:00:00+02:00,Biomass 28,0.0
2030,sc01,09-24 23:00:00+02:00,CC NG 10,0.0
2030,sc01,09-24 23:00:00+02:00,Biomass 23,0.0
2030,sc01,09-24 23:00:00+02:00,ST NG 06,0.0
2030,sc01,09-24 23:00:00+02:00,Wind 10,0.0
2030,sc01,09-24 23:00:00+02:00,CT NG 69,0.0
2030,sc01,09-24 23:00:00+02:00,CT NG 68,0.0
2030,sc01,09-26 17:00:00+02:00,CC NG 13,0.0
2030,sc01,09-26 17:00:00+02:00,CT NG 37,0.0428298
2030,sc01,09-26 17:00:00+02:00,ST Coal 01,0.0
2030,sc01,09-26 17:00:00+02:00,CT NG 09,0.0
2030,sc01,09-26 17:00:00+02:00,CT NG 47,0.0
2030,sc01,09-26 17:00:00+02:00,Solar 69,1.0258974166200001
2030,sc01,09-26 17:00:00+02:00,Solar 34,0.8910057921400001
2030,sc01,09-26 17:00:00+02:00,Solar 73,0.6218206953200001
2030,sc01,09-26 17:00:00+02:00,Biomass 37,0.0289
2030,sc01,09-26 17:00:00+02:00,Hydro 20,1.37638188
2030,sc01,09-26 17:00:00+02:00,Solar 01,1.98290621944
2030,sc01,09-26 17:00:00+02:00,Solar 62,3.5271525336000003
2030,sc01,09-26 17:00:00+02:00,Solar 02,0.4932354007
2030,sc01,09-26 17:00:00+02:00,CT NG 26,0.0
2030,sc01,09-26 17:00:00+02:00,Biomass 20,0.012920000000000001
2030,sc01,09-26 17:00:00+02:00,Wind 16,0.3492135767
2030,sc01,09-26 17:00:00+02:00,CT NG 66,0.0
2030,sc01,09-26 17:00:00+02:00,Solar 39,0.015379140848
2030,sc01,09-26 17:00:00+02:00,Biomass 41,0.04658
2030,sc01,09-26 17:00:00+02:00,Solar 72,0.23157772340799998
2030,sc01,09-26 17:00:00+02:00,ST NG 03,0.0
2030,sc01,09-26 17:00:00+02:00,Hydro 21,1.37638188
2030,sc01,09-26 17:00:00+02:00,CT NG 03,0.0
2030,sc01,09-26 17:00:00+02:00,CC NG 09,0.0
2030,sc01,09-26 17:00:00+02:00,CT Oil 02,0.0
2030,sc01,09-26 17:00:00+02:00,CT NG 39,0.0428298
2030,sc01,09-26 17:00:00+02:00,CC NG 08,0.0
2030,sc01,09-26 17:00:00+02:00,Biomass 43,0.0986
2030,sc01,09-26 17:00:00+02:00,CT NG 18,0.0
2030,sc01,09-26 17:00:00+02:00,ST NG 07,0.0
2030,sc01,09-26 17:00:00+02:00,Biomass 35,0.048960000000000004
2030,sc01,09-26 17:00:00+02:00,Solar 32,0.72977701252
2030,sc01,09-26 17:00:00+02:00,Biomass 15,0.0071400000000000005
2030,sc01,09-26 17:00:00+02:00,CC NG 31,11.063447
2030,sc01,09-26 17:00:00+02:00,Solar 16,0.107098606
2030,sc01,09-26 17:00:00+02:00,Solar 68,0.9385857440400001
2030,sc01,09-26 17:00:00+02:00,CT NG 21,0.0
2030,sc01,09-26 17:00:00+02:00,Wind 11,1.87007877188
2030,sc01,09-26 17:00:00+02:00,CC NG 37,20.910408
2030,sc01,09-26 17:00:00+02:00,CT NG 22,0.0
2030,sc01,09-26 17:00:00+02:00,Hydro 16,0.0115328
2030,sc01,09-26 17:00:00+02:00,Biomass 59,0.14076000000000002
2030,sc01,09-26 17:00:00+02:00,CC NG 01,0.0
2030,sc01,09-26 17:00:00+02:00,Biomass 16,0.0071400000000000005
2030,sc01,09-26 17:00:00+02:00,Solar 03,0.48454739158
2030,sc01,09-26 17:00:00+02:00,Solar 44,0.013158703392000001
2030,sc01,09-26 17:00:00+02:00,CT NG 08,0.0
2030,sc01,09-26 17:00:00+02:00,Wind 05,0.16070466384
2030,sc01,09-26 17:00:00+02:00,Biomass 26,0.05814
2030,sc01,09-26 17:00:00+02:00,Solar 37,0.252524140944
2030,sc01,09-26 17:00:00+02:00,Biomass 11,0.01224
2030,sc01,09-26 17:00:00+02:00,Solar 59,0.067556309248
2030,sc01,09-26 17:00:00+02:00,CT NG 11,0.0
2030,sc01,09-26 17:00:00+02:00,Biomass 30,0.05814
2030,sc01,09-26 17:00:00+02:00,Hydro 23,2.38623696
2030,sc01,09-26 17:00:00+02:00,CC NG 24,0.0
2030,sc01,09-26 17:00:00+02:00,Solar 65,0.7304251582600001
2030,sc01,09-26 17:00:00+02:00,CC NG 18,16.25879919157124
2030,sc01,09-26 17:00:00+02:00,CT NG 16,0.0
2030,sc01,09-26 17:00:00+02:00,Solar 51,0.136305693184
2030,sc01,09-26 17:00:00+02:00,Wind 06,2.1573191994600003
2030,sc01,09-26 17:00:00+02:00,CC NG 26,0.0
2030,sc01,09-26 17:00:00+02:00,CC NG 23,0.0
2030,sc01,09-26 17:00:00+02:00,CT NG 43,0.0
2030,sc01,09-26 17:00:00+02:00,CC NG 11,0.0
2030,sc01,09-26 17:00:00+02:00,CT NG 02,0.0
2030,sc01,09-26 17:00:00+02:00,CT NG 50,0.0
2030,sc01,09-26 17:00:00+02:00,Hydro 27,0.5622240000000001
2030,sc01,09-26 17:00:00+02:00,CT NG 13,0.0
2030,sc01,09-26 17:00:00+02:00,CT NG 25,0.0
2030,sc01,09-26 17:00:00+02:00,CC NG 05,0.0
2030,sc01,09-26 17:00:00+02:00,Solar 04,0.110166994208
2030,sc01,09-26 17:00:00+02:00,Solar 30,0.103276416576
2030,sc01,09-26 17:00:00+02:00,Solar 29,0.15788637936
2030,sc01,09-26 17:00:00+02:00,Solar 53,0.14017345811200002
2030,sc01,09-26 17:00:00+02:00,Solar 21,0.41801538475999994
2030,sc01,09-26 17:00:00+02:00,Biomass 58,0.07344
2030,sc01,09-26 17:00:00+02:00,CT NG 74,0.0
2030,sc01,09-26 17:00:00+02:00,Solar 61,0.016948084448000004
2030,sc01,09-26 17:00:00+02:00,Wind 07,1.8124461283800002
2030,sc01,09-26 17:00:00+02:00,Biomass 31,0.05814
2030,sc01,09-26 17:00:00+02:00,CT Oil 05,0.0
2030,sc01,09-26 17:00:00+02:00,Biomass 38,0.0289
2030,sc01,09-26 17:00:00+02:00,Solar 41,0.015379140848
2030,sc01,09-26 17:00:00+02:00,Biomass 51,0.0064600000000000005
2030,sc01,09-26 17:00:00+02:00,Biomass 55,0.08874
2030,sc01,09-26 17:00:00+02:00,Wind 15,1.4075820439200002
2030,sc01,09-26 17:00:00+02:00,Geo 01,0.544
2030,sc01,09-26 17:00:00+02:00,Biomass 60,0.0918
2030,sc01,09-26 17:00:00+02:00,CT NG 38,0.0
2030,sc01,09-26 17:00:00+02:00,Solar 66,2.0895301307
2030,sc01,09-26 17:00:00+02:00,Solar 49,0.008102805472
2030,sc01,09-26 17:00:00+02:00,CT NG 51,0.0
2030,sc01,09-26 17:00:00+02:00,Biomass 18,0.0071400000000000005
2030,sc01,09-26 17:00:00+02:00,ICE NG 01,0.1070745
2030,sc01,09-26 17:00:00+02:00,Solar 15,0.23905920988800003
2030,sc01,09-26 17:00:00+02:00,ICE NG 05,0.0
2030,sc01,09-26 17:00:00+02:00,CT Oil 04,0.0
2030,sc01,09-26 17:00:00+02:00,CC NG 20,0.0
2030,sc01,09-26 17:00:00+02:00,Solar 20,0.19877912918399998
2030,sc01,09-26 17:00:00+02:00,Biomass 04,0.00884
2030,sc01,09-26 17:00:00+02:00,Wind 02,4.3692160564
2030,sc01,09-26 17:00:00+02:00,Hydro 25,0.5622240000000001
2030,sc01,09-26 17:00:00+02:00,Solar 75,0.76517178908
2030,sc01,09-26 17:00:00+02:00,Hydro 33,2.72269348
2030,sc01,09-26 17:00:00+02:00,ST NG 05,2.064548
2030,sc01,09-26 17:00:00+02:00,CT NG 07,0.0
2030,sc01,09-26 17:00:00+02:00,Wind 01,1.18811666588
2030,sc01,09-26 17:00:00+02:00,Solar 56,0.1683001904
2030,sc01,09-26 17:00:00+02:00,Biomass 09,0.02788
2030,sc01,09-26 17:00:00+02:00,Biomass 53,0.08874
2030,sc01,09-26 17:00:00+02:00,Wind 17,2.00333866258
2030,sc01,09-26 17:00:00+02:00,ST NG 08,0.0
2030,sc01,09-26 17:00:00+02:00,Hydro 19,0.814385
2030,sc01,09-26 17:00:00+02:00,ST NG 02,0.0
2030,sc01,09-26 17:00:00+02:00,Biomass 01,0.0374
2030,sc01,09-26 17:00:00+02:00,Biomass 57,0.07344
2030,sc01,09-26 17:00:00+02:00,CT NG 49,0.0
2030,sc01,09-26 17:00:00+02:00,CT NG 31,0.05073684
2030,sc01,09-26 17:00:00+02:00,Solar 64,0.38347243604000003
2030,sc01,09-26 17:00:00+02:00,CC NG 33,0.0
2030,sc01,09-26 17:00:00+02:00,Solar 46,0.013158703392000001
2030,sc01,09-26 17:00:00+02:00,Biomass 12,0.01224
2030,sc01,09-26 17:00:00+02:00,Wind 04,0.15543725708800002
2030,sc01,09-26 17:00:00+02:00,Solar 13,0.0
2030,sc01,09-26 17:00:00+02:00,CT NG 55,0.0
2030,sc01,09-26 17:00:00+02:00,Wind N03,77.051487004
2030,sc01,09-26 17:00:00+02:00,CT NG 28,0.0
2030,sc01,09-26 17:00:00+02:00,Wind 09,2.45848926214
2030,sc01,09-26 17:00:00+02:00,Solar 60,0.13838459815999998
2030,sc01,09-26 17:00:00+02:00,Solar 25,0.04400824598400001
2030,sc01,09-26 17:00:00+02:00,CT NG 23,0.0
2030,sc01,09-26 17:00:00+02:00,ST Other 01,0.0
2030,sc01,09-26 17:00:00+02:00,Solar 70,1.3156282585199999
2030,sc01,09-26 17:00:00+02:00,CC NG 34,22.6299274
2030,sc01,09-26 17:00:00+02:00,Solar 48,0.013158703392000001
2030,sc01,09-26 17:00:00+02:00,Biomass 56,0.08976
2030,sc01,09-26 17:00:00+02:00,CT NG 36,3.2946
2030,sc01,09-26 17:00:00+02:00,Solar 47,0.013158703392000001
2030,sc01,09-26 17:00:00+02:00,Hydro 17,0.019461600000000003
2030,sc01,09-26 17:00:00+02:00,Solar 09,0.291676483808
2030,sc01,09-26 17:00:00+02:00,Solar 08,0.05697849744
2030,sc01,09-26 17:00:00+02:00,CT NG 45,0.0
2030,sc01,09-26 17:00:00+02:00,ST NG 04,2.064548
2030,sc01,09-26 17:00:00+02:00,Solar 40,0.015379140848
2030,sc01,09-26 17:00:00+02:00,Biomass 47,0.09146
2030,sc01,09-26 17:00:00+02:00,Solar 50,0.040546882240000005
2030,sc01,09-26 17:00:00+02:00,Solar 52,0.091967068928
2030,sc01,09-26 17:00:00+02:00,Solar 63,0.81891733804
2030,sc01,09-26 17:00:00+02:00,CC NG 06,0.0
2030,sc01,09-26 17:00:00+02:00,Biomass 39,0.0289
2030,sc01,09-26 17:00:00+02:00,Solar 67,0.5458992315000001
2030,sc01,09-26 17:00:00+02:00,Solar 19,0.0
2030,sc01,09-26 17:00:00+02:00,Wind 12,9.0119634626
2030,sc01,09-26 17:00:00+02:00,Solar 24,0.032823629648
2030,sc01,09-26 17:00:00+02:00,ICE NG 02,0.0
2030,sc01,09-26 17:00:00+02:00,Solar 05,0.0
2030,sc01,09-26 17:00:00+02:00,CT NG 54,0.0
2030,sc01,09-26 17:00:00+02:00,Wind N01,85.49811489200002
2030,sc01,09-26 17:00:00+02:00,CT NG 27,0.0345933
2030,sc01,09-26 17:00:00+02:00,CC NG 36,1.4233629063461744
2030,sc01,09-26 17:00:00+02:00,Wind N02,0.0
2030,sc01,09-26 17:00:00+02:00,CT NG 52,0.0
2030,sc01,09-26 17:00:00+02:00,Solar 35,0.59346467152
2030,sc01,09-26 17:00:00+02:00,CT NG 05,0.0
2030,sc01,09-26 17:00:00+02:00,Biomass 36,0.048960000000000004
2030,sc01,09-26 17:00:00+02:00,CT NG 34,0.0
2030,sc01,09-26 17:00:00+02:00,CT Oil 03,0.0
2030,sc01,09-26 17:00:00+02:00,Hydro 35,0.0
2030,sc01,09-26 17:00:00+02:00,Solar 14,0.265780010896
2030,sc01,09-26 17:00:00+02:00,CT NG 75,0.0
2030,sc01,09-26 17:00:00+02:00,ST NG 09,0.0
2030,sc01,09-26 17:00:00+02:00,CT NG 56,0.0
2030,sc01,09-26 17:00:00+02:00,Biomass 22,0.012920000000000001
2030,sc01,09-26 17:00:00+02:00,Solar 18,0.280334931904
2030,sc01,09-26 17:00:00+02:00,Biomass 13,0.01224
2030,sc01,09-26 17:00:00+02:00,CT NG 71,0.0
2030,sc01,09-26 17:00:00+02:00,Solar 58,0.06925743831999999
2030,sc01,09-26 17:00:00+02:00,Solar 06,0.142004666832
2030,sc01,09-26 17:00:00+02:00,Biomass 08,0.02788
2030,sc01,09-26 17:00:00+02:00,CT NG 72,0.0
2030,sc01,09-26 17:00:00+02:00,Hydro 18,0.0670344
2030,sc01,09-26 17:00:00+02:00,Solar 10,0.19147141235200002
2030,sc01,09-26 17:00:00+02:00,CT NG 04,0.0
2030,sc01,09-26 17:00:00+02:00,ST Other 02,0.0
2030,sc01,09-26 17:00:00+02:00,CT NG 12,0.0
2030,sc01,09-26 17:00:00+02:00,CT NG 48,0.0
2030,sc01,09-26 17:00:00+02:00,ST NG 10,0.0
2030,sc01,09-26 17:00:00+02:00,Solar 22,0.164218886432
2030,sc01,09-26 17:00:00+02:00,Solar 28,0.14695678016
2030,sc01,09-26 17:00:00+02:00,CT NG 73,0.0
2030,sc01,09-26 17:00:00+02:00,Biomass 52,0.05746
2030,sc01,09-26 17:00:00+02:00,CT NG 30,0.0
2030,sc01,09-26 17:00:00+02:00,Solar 54,0.07950334267200002
2030,sc01,09-26 17:00:00+02:00,Solar 31,0.43702919354
2030,sc01,09-26 17:00:00+02:00,Biomass 03,0.00884
2030,sc01,09-26 17:00:00+02:00,CT NG 32,0.0527136
2030,sc01,09-26 17:00:00+02:00,Biomass 27,0.05814
2030,sc01,09-26 17:00:00+02:00,CC NG 14,0.0
2030,sc01,09-26 17:00:00+02:00,CC NG 03,0.0
2030,sc01,09-26 17:00:00+02:00,CC NG 29,0.0
2030,sc01,09-26 17:00:00+02:00,CC NG 28,5.967357
2030,sc01,09-26 17:00:00+02:00,CC NG 25,0.0
2030,sc01,09-26 17:00:00+02:00,CT NG 44,0.0
2030,sc01,09-26 17:00:00+02:00,CT NG 14,0.0
2030,sc01,09-26 17:00:00+02:00,CC NG 15,0.0
2030,sc01,09-26 17:00:00+02:00,CC NG 04,0.0
2030,sc01,09-26 17:00:00+02:00,Biomass 29,0.05814
2030,sc01,09-26 17:00:00+02:00,Wind 14,0.0
2030,sc01,09-26 17:00:00+02:00,Wind 08,2.3517763273200005
2030,sc01,09-26 17:00:00+02:00,Biomass 61,0.01224
2030,sc01,09-26 17:00:00+02:00,CT NG 35,0.8920352604205785
2030,sc01,09-26 17:00:00+02:00,Solar 33,0.5384398276800001
2030,sc01,09-26 17:00:00+02:00,CT NG 41,0.0
2030,sc01,09-26 17:00:00+02:00,CT NG 15,0.0
2030,sc01,09-26 17:00:00+02:00,Solar 42,0.013158703392000001
2030,sc01,09-26 17:00:00+02:00,Solar 07,0.0
2030,sc01,09-26 17:00:00+02:00,Solar 43,0.013158703392000001
2030,sc01,09-26 17:00:00+02:00,Biomass 05,0.01632
2030,sc01,09-26 17:00:00+02:00,CT NG 29,0.019767599999999996
2030,sc01,09-26 17:00:00+02:00,Solar 71,0.8064771324400001
2030,sc01,09-26 17:00:00+02:00,CT NG 53,0.0
2030,sc01,09-26 17:00:00+02:00,CT NG 20,0.0
2030,sc01,09-26 17:00:00+02:00,Biomass 14,0.027200000000000002
2030,sc01,09-26 17:00:00+02:00,Solar 26,0.040754708464
2030,sc01,09-26 17:00:00+02:00,Hydro 29,2.11395
2030,sc01,09-26 17:00:00+02:00,Hydro 31,0.0057664
2030,sc01,09-26 17:00:00+02:00,Biomass 24,0.00952
2030,sc01,09-26 17:00:00+02:00,Biomass 54,0.08874
2030,sc01,09-26 17:00:00+02:00,Solar 36,0.9333089800800001
2030,sc01,09-26 17:00:00+02:00,Wind 03,0.310626888912
2030,sc01,09-26 17:00:00+02:00,Biomass 40,0.0289
2030,sc01,09-26 17:00:00+02:00,Biomass 49,0.01054
2030,sc01,09-26 17:00:00+02:00,CC NG 16,25.877428867494057
2030,sc01,09-26 17:00:00+02:00,Biomass 48,0.09146
2030,sc01,09-26 17:00:00+02:00,Hydro 28,2.11395
2030,sc01,09-26 17:00:00+02:00,Biomass 17,0.0071400000000000005
2030,sc01,09-26 17:00:00+02:00,CT NG 33,0.0428298
2030,sc01,09-26 17:00:00+02:00,Solar 45,0.013158703392000001
2030,sc01,09-26 17:00:00+02:00,Hydro 24,2.38623696
2030,sc01,09-26 17:00:00+02:00,Wind 13,4.873997138
2030,sc01,09-26 17:00:00+02:00,Biomass 07,0.068
2030,sc01,09-26 17:00:00+02:00,Biomass 34,0.048960000000000004
2030,sc01,09-26 17:00:00+02:00,Biomass 33,0.048960000000000004
2030,sc01,09-26 17:00:00+02:00,CT NG 01,0.0
2030,sc01,09-26 17:00:00+02:00,ICE NG 03,0.0
2030,sc01,09-26 17:00:00+02:00,Solar 55,0.16784684936000002
2030,sc01,09-26 17:00:00+02:00,Solar 11,0.045019376064
2030,sc01,09-26 17:00:00+02:00,CT NG 06,0.0
2030,sc01,09-26 17:00:00+02:00,CT NG 70,0.0
2030,sc01,09-26 17:00:00+02:00,Solar 23,0.0
2030,sc01,09-26 17:00:00+02:00,CT NG 67,0.0
2030,sc01,09-26 17:00:00+02:00,Solar 12,0.034849753296
2030,sc01,09-26 17:00:00+02:00,CT Oil 01,0.0
2030,sc01,09-26 17:00:00+02:00,Hydro 26,0.5622240000000001
2030,sc01,09-26 17:00:00+02:00,CC NG 22,22.284708399999996
2030,sc01,09-26 17:00:00+02:00,CC NG 35,19.562409999999996
2030,sc01,09-26 17:00:00+02:00,Biomass 50,0.0064600000000000005
2030,sc01,09-26 17:00:00+02:00,ICE NG 04,0.0
2030,sc01,09-26 17:00:00+02:00,CC NG 39,0.0
2030,sc01,09-26 17:00:00+02:00,Hydro 32,0.00691968
2030,sc01,09-26 17:00:00+02:00,ICE NG 07,0.0
2030,sc01,09-26 17:00:00+02:00,Biomass 46,0.0221
2030,sc01,09-26 17:00:00+02:00,CC NG 38,0.0
2030,sc01,09-26 17:00:00+02:00,CC NG 12,0.0
2030,sc01,09-26 17:00:00+02:00,Solar 57,0.059145856816
2030,sc01,09-26 17:00:00+02:00,CC NG 32,0.0
2030,sc01,09-26 17:00:00+02:00,CC NG 07,0.0
2030,sc01,09-26 17:00:00+02:00,Biomass 44,0.04284
2030,sc01,09-26 17:00:00+02:00,CT NG 40,0.10213259999999999
2030,sc01,09-26 17:00:00+02:00,Solar 74,0.76593715356
2030,sc01,09-26 17:00:00+02:00,Hydro 30,0.0
2030,sc01,09-26 17:00:00+02:00,CT NG 42,0.0
2030,sc01,09-26 17:00:00+02:00,Hydro 22,1.37638188
2030,sc01,09-26 17:00:00+02:00,Solar 17,0.068354293872
2030,sc01,09-26 17:00:00+02:00,Solar 38,0.220232017792
2030,sc01,09-26 17:00:00+02:00,CT NG 24,0.0
2030,sc01,09-26 17:00:00+02:00,CC NG 27,0.0
2030,sc01,09-26 17:00:00+02:00,Biomass 21,0.012920000000000001
2030,sc01,09-26 17:00:00+02:00,ICE NG 06,0.0
2030,sc01,09-26 17:00:00+02:00,Biomass 25,0.00952
2030,sc01,09-26 17:00:00+02:00,Solar 27,0.025375775968000003
2030,sc01,09-26 17:00:00+02:00,CT NG 19,0.0
2030,sc01,09-26 17:00:00+02:00,Biomass 42,0.04658
2030,sc01,09-26 17:00:00+02:00,Biomass 19,0.012920000000000001
2030,sc01,09-26 17:00:00+02:00,Biomass 06,0.01632
2030,sc01,09-26 17:00:00+02:00,CT NG 10,0.0
2030,sc01,09-26 17:00:00+02:00,CC NG 40,24.6946658
2030,sc01,09-26 17:00:00+02:00,CC NG 21,0.0
2030,sc01,09-26 17:00:00+02:00,Biomass 02,0.0374
2030,sc01,09-26 17:00:00+02:00,CT NG 46,0.0
2030,sc01,09-26 17:00:00+02:00,Hydro 34,2.72269348
2030,sc01,09-26 17:00:00+02:00,Biomass 10,0.02788
2030,sc01,09-26 17:00:00+02:00,CT NG 17,0.0
2030,sc01,09-26 17:00:00+02:00,Biomass 62,0.06766
2030,sc01,09-26 17:00:00+02:00,Biomass 32,0.041819999999999996
2030,sc01,09-26 17:00:00+02:00,CC NG 19,4.60292
2030,sc01,09-26 17:00:00+02:00,CC NG 17,0.0
2030,sc01,09-26 17:00:00+02:00,ST NG 01,0.0
2030,sc01,09-26 17:00:00+02:00,Biomass 45,0.04284
2030,sc01,09-26 17:00:00+02:00,Biomass 28,0.05814
2030,sc01,09-26 17:00:00+02:00,CC NG 10,0.0
2030,sc01,09-26 17:00:00+02:00,Biomass 23,0.00952
2030,sc01,09-26 17:00:00+02:00,ST NG 06,0.0
2030,sc01,09-26 17:00:00+02:00,Wind 10,2.4586634720199996
2030,sc01,09-26 17:00:00+02:00,CT NG 69,0.0
2030,sc01,09-26 17:00:00+02:00,CT NG 68,0.0
2030,sc01,09-28 01:00:00+02:00,CC NG 13,0.0
2030,sc01,09-28 01:00:00+02:00,CT NG 37,0.0
2030,sc01,09-28 01:00:00+02:00,ST Coal 01,0.0
2030,sc01,09-28 01:00:00+02:00,CT NG 09,0.0
2030,sc01,09-28 01:00:00+02:00,CT NG 47,0.0
2030,sc01,09-28 01:00:00+02:00,Solar 69,0.0
2030,sc01,09-28 01:00:00+02:00,Solar 34,0.0
2030,sc01,09-28 01:00:00+02:00,Solar 73,0.0
2030,sc01,09-28 01:00:00+02:00,Biomass 37,0.0
2030,sc01,09-28 01:00:00+02:00,Hydro 20,33.3569412
2030,sc01,09-28 01:00:00+02:00,Solar 01,0.0
2030,sc01,09-28 01:00:00+02:00,Solar 62,0.0
2030,sc01,09-28 01:00:00+02:00,Solar 02,0.0
2030,sc01,09-28 01:00:00+02:00,CT NG 26,0.0
2030,sc01,09-28 01:00:00+02:00,Biomass 20,0.016720000000000002
2030,sc01,09-28 01:00:00+02:00,Wind 16,1.47345219384
2030,sc01,09-28 01:00:00+02:00,CT NG 66,0.0
2030,sc01,09-28 01:00:00+02:00,Solar 39,0.0
2030,sc01,09-28 01:00:00+02:00,Biomass 41,0.0
2030,sc01,09-28 01:00:00+02:00,Solar 72,0.0
2030,sc01,09-28 01:00:00+02:00,ST NG 03,0.0
2030,sc01,09-28 01:00:00+02:00,Hydro 21,22.40666806360059
2030,sc01,09-28 01:00:00+02:00,CT NG 03,0.0
2030,sc01,09-28 01:00:00+02:00,CC NG 09,0.0
2030,sc01,09-28 01:00:00+02:00,CT Oil 02,0.0
2030,sc01,09-28 01:00:00+02:00,CT NG 39,0.0
2030,sc01,09-28 01:00:00+02:00,CC NG 08,0.0
2030,sc01,09-28 01:00:00+02:00,Biomass 43,0.0
2030,sc01,09-28 01:00:00+02:00,CT NG 18,0.16628039999999997
2030,sc01,09-28 01:00:00+02:00,ST NG 07,0.0
2030,sc01,09-28 01:00:00+02:00,Biomass 35,0.0
2030,sc01,09-28 01:00:00+02:00,Solar 32,0.0
2030,sc01,09-28 01:00:00+02:00,Biomass 15,0.00924
2030,sc01,09-28 01:00:00+02:00,CC NG 31,0.0
2030,sc01,09-28 01:00:00+02:00,Solar 16,0.0
2030,sc01,09-28 01:00:00+02:00,Solar 68,0.0
2030,sc01,09-28 01:00:00+02:00,CT NG 21,0.0
2030,sc01,09-28 01:00:00+02:00,Wind 11,0.5598874978399999
2030,sc01,09-28 01:00:00+02:00,CC NG 37,0.0
2030,sc01,09-28 01:00:00+02:00,CT NG 22,0.0
2030,sc01,09-28 01:00:00+02:00,Hydro 16,0.01548096
2030,sc01,09-28 01:00:00+02:00,Biomass 59,0.18216000000000002
2030,sc01,09-28 01:00:00+02:00,CC NG 01,0.0
2030,sc01,09-28 01:00:00+02:00,Biomass 16,0.00924
2030,sc01,09-28 01:00:00+02:00,Solar 03,0.0
2030,sc01,09-28 01:00:00+02:00,Solar 44,0.0
2030,sc01,09-28 01:00:00+02:00,CT NG 08,0.0
2030,sc01,09-28 01:00:00+02:00,Wind 05,0.029932269312000003
2030,sc01,09-28 01:00:00+02:00,Biomass 26,0.07524
2030,sc01,09-28 01:00:00+02:00,Solar 37,0.0
2030,sc01,09-28 01:00:00+02:00,Biomass 11,0.01584
2030,sc01,09-28 01:00:00+02:00,Solar 59,0.0
2030,sc01,09-28 01:00:00+02:00,CT NG 11,0.0
2030,sc01,09-28 01:00:00+02:00,Biomass 30,0.07524
2030,sc01,09-28 01:00:00+02:00,Hydro 23,0.0
2030,sc01,09-28 01:00:00+02:00,CC NG 24,0.0
2030,sc01,09-28 01:00:00+02:00,Solar 65,0.0
2030,sc01,09-28 01:00:00+02:00,CC NG 18,0.0
2030,sc01,09-28 01:00:00+02:00,CT NG 16,0.0
2030,sc01,09-28 01:00:00+02:00,Solar 51,0.0
2030,sc01,09-28 01:00:00+02:00,Wind 06,0.47487324632
2030,sc01,09-28 01:00:00+02:00,CC NG 26,0.0
2030,sc01,09-28 01:00:00+02:00,CC NG 23,0.0
2030,sc01,09-28 01:00:00+02:00,CT NG 43,0.0
2030,sc01,09-28 01:00:00+02:00,CC NG 11,0.0
2030,sc01,09-28 01:00:00+02:00,CT NG 02,0.0
2030,sc01,09-28 01:00:00+02:00,CT NG 50,0.0
2030,sc01,09-28 01:00:00+02:00,Hydro 27,0.7546968
2030,sc01,09-28 01:00:00+02:00,CT NG 13,0.0
2030,sc01,09-28 01:00:00+02:00,CT NG 25,0.0
2030,sc01,09-28 01:00:00+02:00,CC NG 05,0.0
2030,sc01,09-28 01:00:00+02:00,Solar 04,0.0
2030,sc01,09-28 01:00:00+02:00,Solar 30,0.0
2030,sc01,09-28 01:00:00+02:00,Solar 29,0.0
2030,sc01,09-28 01:00:00+02:00,Solar 53,0.0
2030,sc01,09-28 01:00:00+02:00,Solar 21,0.0
2030,sc01,09-28 01:00:00+02:00,Biomass 58,0.09504
2030,sc01,09-28 01:00:00+02:00,CT NG 74,0.0
2030,sc01,09-28 01:00:00+02:00,Solar 61,0.0
2030,sc01,09-28 01:00:00+02:00,Wind 07,0.4686010507200001
2030,sc01,09-28 01:00:00+02:00,Biomass 31,0.07524
2030,sc01,09-28 01:00:00+02:00,CT Oil 05,0.0
2030,sc01,09-28 01:00:00+02:00,Biomass 38,0.0
2030,sc01,09-28 01:00:00+02:00,Solar 41,0.0
2030,sc01,09-28 01:00:00+02:00,Biomass 51,0.0
2030,sc01,09-28 01:00:00+02:00,Biomass 55,0.11484
2030,sc01,09-28 01:00:00+02:00,Wind 15,1.33956312072
2030,sc01,09-28 01:00:00+02:00,Geo 01,0.0
2030,sc01,09-28 01:00:00+02:00,Biomass 60,0.1188
2030,sc01,09-28 01:00:00+02:00,CT NG 38,0.0
2030,sc01,09-28 01:00:00+02:00,Solar 66,0.0
2030,sc01,09-28 01:00:00+02:00,Solar 49,0.0
2030,sc01,09-28 01:00:00+02:00,CT NG 51,0.0
2030,sc01,09-28 01:00:00+02:00,Biomass 18,0.00924
2030,sc01,09-28 01:00:00+02:00,ICE NG 01,0.0
2030,sc01,09-28 01:00:00+02:00,Solar 15,0.0
2030,sc01,09-28 01:00:00+02:00,ICE NG 05,0.0
2030,sc01,09-28 01:00:00+02:00,CT Oil 04,0.0
2030,sc01,09-28 01:00:00+02:00,CC NG 20,0.0
2030,sc01,09-28 01:00:00+02:00,Solar 20,0.0
2030,sc01,09-28 01:00:00+02:00,Biomass 04,0.0
2030,sc01,09-28 01:00:00+02:00,Wind 02,0.8656304003599999
2030,sc01,09-28 01:00:00+02:00,Hydro 25,0.0
2030,sc01,09-28 01:00:00+02:00,Solar 75,0.0
2030,sc01,09-28 01:00:00+02:00,Hydro 33,0.0
2030,sc01,09-28 01:00:00+02:00,ST NG 05,0.0
2030,sc01,09-28 01:00:00+02:00,CT NG 07,0.0
2030,sc01,09-28 01:00:00+02:00,Wind 01,0.286658636352
2030,sc01,09-28 01:00:00+02:00,Solar 56,0.0
2030,sc01,09-28 01:00:00+02:00,Biomass 09,0.03608
2030,sc01,09-28 01:00:00+02:00,Biomass 53,0.11484
2030,sc01,09-28 01:00:00+02:00,Wind 17,14.3244107116
2030,sc01,09-28 01:00:00+02:00,ST NG 08,0.0
2030,sc01,09-28 01:00:00+02:00,Hydro 19,0.0
2030,sc01,09-28 01:00:00+02:00,ST NG 02,0.0
2030,sc01,09-28 01:00:00+02:00,Biomass 01,0.048400000000000006
2030,sc01,09-28 01:00:00+02:00,Biomass 57,0.09504
2030,sc01,09-28 01:00:00+02:00,CT NG 49,0.0
2030,sc01,09-28 01:00:00+02:00,CT NG 31,0.0
2030,sc01,09-28 01:00:00+02:00,Solar 64,0.0
2030,sc01,09-28 01:00:00+02:00,CC NG 33,0.0
2030,sc01,09-28 01:00:00+02:00,Solar 46,0.0
2030,sc01,09-28 01:00:00+02:00,Biomass 12,0.01584
2030,sc01,09-28 01:00:00+02:00,Wind 04,0.016004422719999998
2030,sc01,09-28 01:00:00+02:00,Solar 13,0.0
2030,sc01,09-28 01:00:00+02:00,CT NG 55,0.0
2030,sc01,09-28 01:00:00+02:00,Wind N03,144.15029019548584
2030,sc01,09-28 01:00:00+02:00,CT NG 28,0.0
2030,sc01,09-28 01:00:00+02:00,Wind 09,0.38381502966399994
2030,sc01,09-28 01:00:00+02:00,Solar 60,0.0
2030,sc01,09-28 01:00:00+02:00,Solar 25,0.0
2030,sc01,09-28 01:00:00+02:00,CT NG 23,0.0
2030,sc01,09-28 01:00:00+02:00,ST Other 01,0.0
2030,sc01,09-28 01:00:00+02:00,Solar 70,0.0
2030,sc01,09-28 01:00:00+02:00,CC NG 34,0.0
2030,sc01,09-28 01:00:00+02:00,Solar 48,0.0
2030,sc01,09-28 01:00:00+02:00,Biomass 56,0.11616
2030,sc01,09-28 01:00:00+02:00,CT NG 36,0.0
2030,sc01,09-28 01:00:00+02:00,Solar 47,0.0
2030,sc01,09-28 01:00:00+02:00,Hydro 17,0.02612412
2030,sc01,09-28 01:00:00+02:00,Solar 09,0.0
2030,sc01,09-28 01:00:00+02:00,Solar 08,0.0
2030,sc01,09-28 01:00:00+02:00,CT NG 45,0.0
2030,sc01,09-28 01:00:00+02:00,ST NG 04,0.0
2030,sc01,09-28 01:00:00+02:00,Solar 40,0.0
2030,sc01,09-28 01:00:00+02:00,Biomass 47,0.0
2030,sc01,09-28 01:00:00+02:00,Solar 50,0.0
2030,sc01,09-28 01:00:00+02:00,Solar 52,0.0
2030,sc01,09-28 01:00:00+02:00,Solar 63,0.0
2030,sc01,09-28 01:00:00+02:00,CC NG 06,0.0
2030,sc01,09-28 01:00:00+02:00,Biomass 39,0.0
2030,sc01,09-28 01:00:00+02:00,Solar 67,0.0
2030,sc01,09-28 01:00:00+02:00,Solar 19,0.0
2030,sc01,09-28 01:00:00+02:00,Wind 12,2.14399423348
2030,sc01,09-28 01:00:00+02:00,Solar 24,0.0
2030,sc01,09-28 01:00:00+02:00,ICE NG 02,0.0
2030,sc01,09-28 01:00:00+02:00,Solar 05,0.0
2030,sc01,09-28 01:00:00+02:00,CT NG 54,0.0
2030,sc01,09-28 01:00:00+02:00,Wind N01,20.3404581116
2030,sc01,09-28 01:00:00+02:00,CT NG 27,0.0
2030,sc01,09-28 01:00:00+02:00,CC NG 36,0.0
2030,sc01,09-28 01:00:00+02:00,Wind N02,2.24749275872
2030,sc01,09-28 01:00:00+02:00,CT NG 52,0.0
2030,sc01,09-28 01:00:00+02:00,Solar 35,0.0
2030,sc01,09-28 01:00:00+02:00,CT NG 05,0.0
2030,sc01,09-28 01:00:00+02:00,Biomass 36,0.0
2030,sc01,09-28 01:00:00+02:00,CT NG 34,0.0
2030,sc01,09-28 01:00:00+02:00,CT Oil 03,0.0
2030,sc01,09-28 01:00:00+02:00,Hydro 35,0.0
2030,sc01,09-28 01:00:00+02:00,Solar 14,0.0
2030,sc01,09-28 01:00:00+02:00,CT NG 75,0.0
2030,sc01,09-28 01:00:00+02:00,ST NG 09,0.0
2030,sc01,09-28 01:00:00+02:00,CT NG 56,0.0
2030,sc01,09-28 01:00:00+02:00,Biomass 22,0.016720000000000002
2030,sc01,09-28 01:00:00+02:00,Solar 18,0.0
2030,sc01,09-28 01:00:00+02:00,Biomass 13,0.01584
2030,sc01,09-28 01:00:00+02:00,CT NG 71,0.0
2030,sc01,09-28 01:00:00+02:00,Solar 58,0.0
2030,sc01,09-28 01:00:00+02:00,Solar 06,0.0
2030,sc01,09-28 01:00:00+02:00,Biomass 08,0.03608
2030,sc01,09-28 01:00:00+02:00,CT NG 72,0.0
2030,sc01,09-28 01:00:00+02:00,Hydro 18,0.08998308
2030,sc01,09-28 01:00:00+02:00,Solar 10,0.0
2030,sc01,09-28 01:00:00+02:00,CT NG 04,0.0
2030,sc01,09-28 01:00:00+02:00,ST Other 02,0.0
2030,sc01,09-28 01:00:00+02:00,CT NG 12,0.0
2030,sc01,09-28 01:00:00+02:00,CT NG 48,0.0
2030,sc01,09-28 01:00:00+02:00,ST NG 10,0.0
2030,sc01,09-28 01:00:00+02:00,Solar 22,0.0
2030,sc01,09-28 01:00:00+02:00,Solar 28,0.0
2030,sc01,09-28 01:00:00+02:00,CT NG 73,0.0
2030,sc01,09-28 01:00:00+02:00,Biomass 52,0.0
2030,sc01,09-28 01:00:00+02:00,CT NG 30,0.0
2030,sc01,09-28 01:00:00+02:00,Solar 54,0.0
2030,sc01,09-28 01:00:00+02:00,Solar 31,0.0
2030,sc01,09-28 01:00:00+02:00,Biomass 03,0.0
2030,sc01,09-28 01:00:00+02:00,CT NG 32,0.0
2030,sc01,09-28 01:00:00+02:00,Biomass 27,0.07524
2030,sc01,09-28 01:00:00+02:00,CC NG 14,0.0
2030,sc01,09-28 01:00:00+02:00,CC NG 03,0.0
2030,sc01,09-28 01:00:00+02:00,CC NG 29,0.0
2030,sc01,09-28 01:00:00+02:00,CC NG 28,0.0
2030,sc01,09-28 01:00:00+02:00,CC NG 25,0.0
2030,sc01,09-28 01:00:00+02:00,CT NG 44,0.0
2030,sc01,09-28 01:00:00+02:00,CT NG 14,0.0
2030,sc01,09-28 01:00:00+02:00,CC NG 15,0.0
2030,sc01,09-28 01:00:00+02:00,CC NG 04,0.0
2030,sc01,09-28 01:00:00+02:00,Biomass 29,0.07524
2030,sc01,09-28 01:00:00+02:00,Wind 14,0.306916605952
2030,sc01,09-28 01:00:00+02:00,Wind 08,0.40005479887999995
2030,sc01,09-28 01:00:00+02:00,Biomass 61,0.0
2030,sc01,09-28 01:00:00+02:00,CT NG 35,0.0
2030,sc01,09-28 01:00:00+02:00,Solar 33,0.0
2030,sc01,09-28 01:00:00+02:00,CT NG 41,0.0
2030,sc01,09-28 01:00:00+02:00,CT NG 15,0.0
2030,sc01,09-28 01:00:00+02:00,Solar 42,0.0
2030,sc01,09-28 01:00:00+02:00,Solar 07,0.0
2030,sc01,09-28 01:00:00+02:00,Solar 43,0.0
2030,sc01,09-28 01:00:00+02:00,Biomass 05,0.02112
2030,sc01,09-28 01:00:00+02:00,CT NG 29,0.0
2030,sc01,09-28 01:00:00+02:00,Solar 71,0.0
2030,sc01,09-28 01:00:00+02:00,CT NG 53,0.0
2030,sc01,09-28 01:00:00+02:00,CT NG 20,0.0
2030,sc01,09-28 01:00:00+02:00,Biomass 14,0.0352
2030,sc01,09-28 01:00:00+02:00,Solar 26,0.0
2030,sc01,09-28 01:00:00+02:00,Hydro 29,48.615573600000005
2030,sc01,09-28 01:00:00+02:00,Hydro 31,0.00774048
2030,sc01,09-28 01:00:00+02:00,Biomass 24,0.012320000000000001
2030,sc01,09-28 01:00:00+02:00,Biomass 54,0.11484
2030,sc01,09-28 01:00:00+02:00,Solar 36,0.0
2030,sc01,09-28 01:00:00+02:00,Wind 03,0.027101006944
2030,sc01,09-28 01:00:00+02:00,Biomass 40,0.0
2030,sc01,09-28 01:00:00+02:00,Biomass 49,0.0
2030,sc01,09-28 01:00:00+02:00,CC NG 16,25.138176182537688
2030,sc01,09-28 01:00:00+02:00,Biomass 48,0.0
2030,sc01,09-28 01:00:00+02:00,Hydro 28,48.615573600000005
2030,sc01,09-28 01:00:00+02:00,Biomass 17,0.00924
2030,sc01,09-28 01:00:00+02:00,CT NG 33,0.0
2030,sc01,09-28 01:00:00+02:00,Solar 45,0.0
2030,sc01,09-28 01:00:00+02:00,Hydro 24,0.0
2030,sc01,09-28 01:00:00+02:00,Wind 13,1.10133330868
2030,sc01,09-28 01:00:00+02:00,Biomass 07,0.088
2030,sc01,09-28 01:00:00+02:00,Biomass 34,0.0
2030,sc01,09-28 01:00:00+02:00,Biomass 33,0.0
2030,sc01,09-28 01:00:00+02:00,CT NG 01,0.0
2030,sc01,09-28 01:00:00+02:00,ICE NG 03,0.0
2030,sc01,09-28 01:00:00+02:00,Solar 55,0.0
2030,sc01,09-28 01:00:00+02:00,Solar 11,0.0
2030,sc01,09-28 01:00:00+02:00,CT NG 06,0.0
2030,sc01,09-28 01:00:00+02:00,CT NG 70,0.0
2030,sc01,09-28 01:00:00+02:00,Solar 23,0.0
2030,sc01,09-28 01:00:00+02:00,CT NG 67,0.0
2030,sc01,09-28 01:00:00+02:00,Solar 12,0.0
2030,sc01,09-28 01:00:00+02:00,CT Oil 01,0.0
2030,sc01,09-28 01:00:00+02:00,Hydro 26,0.0
2030,sc01,09-28 01:00:00+02:00,CC NG 22,0.0
2030,sc01,09-28 01:00:00+02:00,CC NG 35,0.0
2030,sc01,09-28 01:00:00+02:00,Biomass 50,0.0
2030,sc01,09-28 01:00:00+02:00,ICE NG 04,0.0
2030,sc01,09-28 01:00:00+02:00,CC NG 39,0.0
2030,sc01,09-28 01:00:00+02:00,Hydro 32,0.009288576000000002
2030,sc01,09-28 01:00:00+02:00,ICE NG 07,0.0
2030,sc01,09-28 01:00:00+02:00,Biomass 46,0.0
2030,sc01,09-28 01:00:00+02:00,CC NG 38,0.0
2030,sc01,09-28 01:00:00+02:00,CC NG 12,0.0
2030,sc01,09-28 01:00:00+02:00,Solar 57,0.0
2030,sc01,09-28 01:00:00+02:00,CC NG 32,0.0
2030,sc01,09-28 01:00:00+02:00,CC NG 07,0.0
2030,sc01,09-28 01:00:00+02:00,Biomass 44,0.0
2030,sc01,09-28 01:00:00+02:00,CT NG 40,0.0
2030,sc01,09-28 01:00:00+02:00,Solar 74,0.0
2030,sc01,09-28 01:00:00+02:00,Hydro 30,0.0
2030,sc01,09-28 01:00:00+02:00,CT NG 42,0.0
2030,sc01,09-28 01:00:00+02:00,Hydro 22,0.0
2030,sc01,09-28 01:00:00+02:00,Solar 17,0.0
2030,sc01,09-28 01:00:00+02:00,Solar 38,0.0
2030,sc01,09-28 01:00:00+02:00,CT NG 24,0.0
2030,sc01,09-28 01:00:00+02:00,CC NG 27,0.0
2030,sc01,09-28 01:00:00+02:00,Biomass 21,0.016720000000000002
2030,sc01,09-28 01:00:00+02:00,ICE NG 06,0.0
2030,sc01,09-28 01:00:00+02:00,Biomass 25,0.012320000000000001
2030,sc01,09-28 01:00:00+02:00,Solar 27,0.0
2030,sc01,09-28 01:00:00+02:00,CT NG 19,0.0
2030,sc01,09-28 01:00:00+02:00,Biomass 42,0.0
2030,sc01,09-28 01:00:00+02:00,Biomass 19,0.016720000000000002
2030,sc01,09-28 01:00:00+02:00,Biomass 06,0.02112
2030,sc01,09-28 01:00:00+02:00,CT NG 10,0.0
2030,sc01,09-28 01:00:00+02:00,CC NG 40,0.0
2030,sc01,09-28 01:00:00+02:00,CC NG 21,0.0
2030,sc01,09-28 01:00:00+02:00,Biomass 02,0.048400000000000006
2030,sc01,09-28 01:00:00+02:00,CT NG 46,0.0
2030,sc01,09-28 01:00:00+02:00,Hydro 34,0.0
2030,sc01,09-28 01:00:00+02:00,Biomass 10,0.03608
2030,sc01,09-28 01:00:00+02:00,CT NG 17,0.0
2030,sc01,09-28 01:00:00+02:00,Biomass 62,0.08756
2030,sc01,09-28 01:00:00+02:00,Biomass 32,0.05412
2030,sc01,09-28 01:00:00+02:00,CC NG 19,5.95672
2030,sc01,09-28 01:00:00+02:00,CC NG 17,0.0
2030,sc01,09-28 01:00:00+02:00,ST NG 01,0.0
2030,sc01,09-28 01:00:00+02:00,Biomass 45,0.0
2030,sc01,09-28 01:00:00+02:00,Biomass 28,0.07524
2030,sc01,09-28 01:00:00+02:00,CC NG 10,0.0
2030,sc01,09-28 01:00:00+02:00,Biomass 23,0.012320000000000001
2030,sc01,09-28 01:00:00+02:00,ST NG 06,0.0
2030,sc01,09-28 01:00:00+02:00,Wind 10,0.42621714432
2030,sc01,09-28 01:00:00+02:00,CT NG 69,0.0
2030,sc01,09-28 01:00:00+02:00,CT NG 68,0.0
2030,sc01,09-28 17:00:00+02:00,CC NG 13,0.0
2030,sc01,09-28 17:00:00+02:00,CT NG 37,0.0352716
2030,sc01,09-28 17:00:00+02:00,ST Coal 01,0.0
2030,sc01,09-28 17:00:00+02:00,CT NG 09,0.0
2030,sc01,09-28 17:00:00+02:00,CT NG 47,0.0
2030,sc01,09-28 17:00:00+02:00,Solar 69,0.7493928315999999
2030,sc01,09-28 17:00:00+02:00,Solar 34,0.64825473832
2030,sc01,09-28 17:00:00+02:00,Solar 73,0.0
2030,sc01,09-28 17:00:00+02:00,Biomass 37,0.023799999999999998
2030,sc01,09-28 17:00:00+02:00,Hydro 20,0.8090628
2030,sc01,09-28 17:00:00+02:00,Solar 01,1.38240857468
2030,sc01,09-28 17:00:00+02:00,Solar 62,0.0
2030,sc01,09-28 17:00:00+02:00,Solar 02,0.29239658056000006
2030,sc01,09-28 17:00:00+02:00,CT NG 26,0.0
2030,sc01,09-28 17:00:00+02:00,Biomass 20,0.01064
2030,sc01,09-28 17:00:00+02:00,Wind 16,1.1218829188000001
2030,sc01,09-28 17:00:00+02:00,CT NG 66,0.0
2030,sc01,09-28 17:00:00+02:00,Solar 39,0.01112257664
2030,sc01,09-28 17:00:00+02:00,Biomass 41,0.038360000000000005
2030,sc01,09-28 17:00:00+02:00,Solar 72,0.167463654848
2030,sc01,09-28 17:00:00+02:00,ST NG 03,0.0
2030,sc01,09-28 17:00:00+02:00,Hydro 21,0.8090628
2030,sc01,09-28 17:00:00+02:00,CT NG 03,0.0
2030,sc01,09-28 17:00:00+02:00,CC NG 09,0.0
2030,sc01,09-28 17:00:00+02:00,CT Oil 02,0.0
2030,sc01,09-28 17:00:00+02:00,CT NG 39,0.0352716
2030,sc01,09-28 17:00:00+02:00,CC NG 08,0.0
2030,sc01,09-28 17:00:00+02:00,Biomass 43,0.0812
2030,sc01,09-28 17:00:00+02:00,CT NG 18,0.10581479999999997
2030,sc01,09-28 17:00:00+02:00,ST NG 07,0.0
2030,sc01,09-28 17:00:00+02:00,Biomass 35,0.04032
2030,sc01,09-28 17:00:00+02:00,Solar 32,0.47162875592000003
2030,sc01,09-28 17:00:00+02:00,Biomass 15,0.00588
2030,sc01,09-28 17:00:00+02:00,CC NG 31,4.8305374697938035
2030,sc01,09-28 17:00:00+02:00,Solar 16,0.066285581824
2030,sc01,09-28 17:00:00+02:00,Solar 68,0.67889825388
2030,sc01,09-28 17:00:00+02:00,CT NG 21,0.0
2030,sc01,09-28 17:00:00+02:00,Wind 11,0.5578801132800001
2030,sc01,09-28 17:00:00+02:00,CC NG 37,10.393324064706437
2030,sc01,09-28 17:00:00+02:00,CT NG 22,0.0
2030,sc01,09-28 17:00:00+02:00,Hydro 16,0.010772160000000001
2030,sc01,09-28 17:00:00+02:00,Biomass 59,0.11592000000000001
2030,sc01,09-28 17:00:00+02:00,CC NG 01,0.0
2030,sc01,09-28 17:00:00+02:00,Biomass 16,0.00588
2030,sc01,09-28 17:00:00+02:00,Solar 03,0.35204236312000003
2030,sc01,09-28 17:00:00+02:00,Solar 44,0.009585837184
2030,sc01,09-28 17:00:00+02:00,CT NG 08,0.0
2030,sc01,09-28 17:00:00+02:00,Wind 05,0.073511404512
2030,sc01,09-28 17:00:00+02:00,Biomass 26,0.04788
2030,sc01,09-28 17:00:00+02:00,Solar 37,0.183958499648
2030,sc01,09-28 17:00:00+02:00,Biomass 11,0.010079999999999999
2030,sc01,09-28 17:00:00+02:00,Solar 59,0.08705091561600001
2030,sc01,09-28 17:00:00+02:00,CT NG 11,0.0
2030,sc01,09-28 17:00:00+02:00,Biomass 30,0.04788
2030,sc01,09-28 17:00:00+02:00,Hydro 23,0.0
2030,sc01,09-28 17:00:00+02:00,CC NG 24,0.0
2030,sc01,09-28 17:00:00+02:00,Solar 65,0.53150923672
2030,sc01,09-28 17:00:00+02:00,CC NG 18,16.760044
2030,sc01,09-28 17:00:00+02:00,CT NG 16,0.0
2030,sc01,09-28 17:00:00+02:00,Solar 51,0.09849888473599999
2030,sc01,09-28 17:00:00+02:00,Wind 06,0.54577552596
2030,sc01,09-28 17:00:00+02:00,CC NG 26,0.0
2030,sc01,09-28 17:00:00+02:00,CC NG 23,0.0
2030,sc01,09-28 17:00:00+02:00,CT NG 43,0.0
2030,sc01,09-28 17:00:00+02:00,CC NG 11,0.0
2030,sc01,09-28 17:00:00+02:00,CT NG 02,0.0
2030,sc01,09-28 17:00:00+02:00,CT NG 50,0.0
2030,sc01,09-28 17:00:00+02:00,Hydro 27,0.5251428
2030,sc01,09-28 17:00:00+02:00,CT NG 13,0.0
2030,sc01,09-28 17:00:00+02:00,CT NG 25,0.0
2030,sc01,09-28 17:00:00+02:00,CC NG 05,0.731987590612306
2030,sc01,09-28 17:00:00+02:00,Solar 04,0.109290458816
2030,sc01,09-28 17:00:00+02:00,Solar 30,0.063919948288
2030,sc01,09-28 17:00:00+02:00,Solar 29,0.133401543968
2030,sc01,09-28 17:00:00+02:00,Solar 53,0.101293856384
2030,sc01,09-28 17:00:00+02:00,Solar 21,0.41468947744
2030,sc01,09-28 17:00:00+02:00,Biomass 58,0.06048
2030,sc01,09-28 17:00:00+02:00,CT NG 74,0.0
2030,sc01,09-28 17:00:00+02:00,Solar 61,0.01259716416
2030,sc01,09-28 17:00:00+02:00,Wind 07,0.4450469791600001
2030,sc01,09-28 17:00:00+02:00,Biomass 31,0.04788
2030,sc01,09-28 17:00:00+02:00,CT Oil 05,0.0
2030,sc01,09-28 17:00:00+02:00,Biomass 38,0.023799999999999998
2030,sc01,09-28 17:00:00+02:00,Solar 41,0.01112257664
2030,sc01,09-28 17:00:00+02:00,Biomass 51,0.00532
2030,sc01,09-28 17:00:00+02:00,Biomass 55,0.07307999999999999
2030,sc01,09-28 17:00:00+02:00,Wind 15,0.39461962708
2030,sc01,09-28 17:00:00+02:00,Geo 01,0.448
2030,sc01,09-28 17:00:00+02:00,Biomass 60,0.0756
2030,sc01,09-28 17:00:00+02:00,CT NG 38,0.0
2030,sc01,09-28 17:00:00+02:00,Solar 66,1.5228876028799998
2030,sc01,09-28 17:00:00+02:00,Solar 49,0.0059027225599999995
2030,sc01,09-28 17:00:00+02:00,CT NG 51,0.0
2030,sc01,09-28 17:00:00+02:00,Biomass 18,0.00588
2030,sc01,09-28 17:00:00+02:00,ICE NG 01,0.0
2030,sc01,09-28 17:00:00+02:00,Solar 15,0.237157153856
2030,sc01,09-28 17:00:00+02:00,ICE NG 05,0.0
2030,sc01,09-28 17:00:00+02:00,CT Oil 04,0.0
2030,sc01,09-28 17:00:00+02:00,CC NG 20,0.0
2030,sc01,09-28 17:00:00+02:00,Solar 20,0.161080233664
2030,sc01,09-28 17:00:00+02:00,Biomass 04,0.007280000000000001
2030,sc01,09-28 17:00:00+02:00,Wind 02,0.7617447031600001
2030,sc01,09-28 17:00:00+02:00,Hydro 25,0.5251428
2030,sc01,09-28 17:00:00+02:00,Solar 75,0.5428265130400001
2030,sc01,09-28 17:00:00+02:00,Hydro 33,0.0
2030,sc01,09-28 17:00:00+02:00,ST NG 05,0.0
2030,sc01,09-28 17:00:00+02:00,CT NG 07,0.0
2030,sc01,09-28 17:00:00+02:00,Wind 01,0.29533440832
2030,sc01,09-28 17:00:00+02:00,Solar 56,0.129571428896
2030,sc01,09-28 17:00:00+02:00,Biomass 09,0.02296
2030,sc01,09-28 17:00:00+02:00,Biomass 53,0.07307999999999999
2030,sc01,09-28 17:00:00+02:00,Wind 17,12.7014876632
2030,sc01,09-28 17:00:00+02:00,ST NG 08,0.0
2030,sc01,09-28 17:00:00+02:00,Hydro 19,0.22299200000000002
2030,sc01,09-28 17:00:00+02:00,ST NG 02,0.0
2030,sc01,09-28 17:00:00+02:00,Biomass 01,0.0308
2030,sc01,09-28 17:00:00+02:00,Biomass 57,0.06048
2030,sc01,09-28 17:00:00+02:00,CT NG 49,0.0
2030,sc01,09-28 17:00:00+02:00,CT NG 31,0.04178328
2030,sc01,09-28 17:00:00+02:00,Solar 64,0.279041787584
2030,sc01,09-28 17:00:00+02:00,CC NG 33,0.0
2030,sc01,09-28 17:00:00+02:00,Solar 46,0.009585837184
2030,sc01,09-28 17:00:00+02:00,Biomass 12,0.010079999999999999
2030,sc01,09-28 17:00:00+02:00,Wind 04,0.011806199776
2030,sc01,09-28 17:00:00+02:00,Solar 13,0.005953505152
2030,sc01,09-28 17:00:00+02:00,CT NG 55,0.0
2030,sc01,09-28 17:00:00+02:00,Wind N03,154.88798173637235
2030,sc01,09-28 17:00:00+02:00,CT NG 28,0.0
2030,sc01,09-28 17:00:00+02:00,Wind 09,1.12917766136
2030,sc01,09-28 17:00:00+02:00,Solar 60,0.10000116828800001
2030,sc01,09-28 17:00:00+02:00,Solar 25,0.043658097728
2030,sc01,09-28 17:00:00+02:00,CT NG 23,0.0
2030,sc01,09-28 17:00:00+02:00,ST Other 01,0.0
2030,sc01,09-28 17:00:00+02:00,Solar 70,0.9519287170399999
2030,sc01,09-28 17:00:00+02:00,CC NG 34,12.829427967711876
2030,sc01,09-28 17:00:00+02:00,Solar 48,0.009585837184
2030,sc01,09-28 17:00:00+02:00,Biomass 56,0.07392
2030,sc01,09-28 17:00:00+02:00,CT NG 36,0.0
2030,sc01,09-28 17:00:00+02:00,Solar 47,0.009585837184
2030,sc01,09-28 17:00:00+02:00,Hydro 17,0.01817802
2030,sc01,09-28 17:00:00+02:00,Solar 09,0.28935578252
2030,sc01,09-28 17:00:00+02:00,Solar 08,0.05652515232
2030,sc01,09-28 17:00:00+02:00,CT NG 45,0.0
2030,sc01,09-28 17:00:00+02:00,ST NG 04,1.700216
2030,sc01,09-28 17:00:00+02:00,Solar 40,0.01112257664
2030,sc01,09-28 17:00:00+02:00,Biomass 47,0.07532
2030,sc01,09-28 17:00:00+02:00,Solar 50,0.029324512224
2030,sc01,09-28 17:00:00+02:00,Solar 52,0.066512868352
2030,sc01,09-28 17:00:00+02:00,Solar 63,0.59590243328
2030,sc01,09-28 17:00:00+02:00,CC NG 06,0.0
2030,sc01,09-28 17:00:00+02:00,Biomass 39,0.023799999999999998
2030,sc01,09-28 17:00:00+02:00,Solar 67,0.39723506312
2030,sc01,09-28 17:00:00+02:00,Solar 19,0.0
2030,sc01,09-28 17:00:00+02:00,Wind 12,2.03865948496
2030,sc01,09-28 17:00:00+02:00,Solar 24,0.032562470976
2030,sc01,09-28 17:00:00+02:00,ICE NG 02,0.0
2030,sc01,09-28 17:00:00+02:00,Solar 05,0.0
2030,sc01,09-28 17:00:00+02:00,CT NG 54,0.0
2030,sc01,09-28 17:00:00+02:00,Wind N01,19.3411284472
2030,sc01,09-28 17:00:00+02:00,CT NG 27,0.028488600000000003
2030,sc01,09-28 17:00:00+02:00,CC NG 36,0.0
2030,sc01,09-28 17:00:00+02:00,Wind N02,22.744810062800003
2030,sc01,09-28 17:00:00+02:00,CT NG 52,0.0
2030,sc01,09-28 17:00:00+02:00,Solar 35,0.45794159096000003
2030,sc01,09-28 17:00:00+02:00,CT NG 05,0.0
2030,sc01,09-28 17:00:00+02:00,Biomass 36,0.04032
2030,sc01,09-28 17:00:00+02:00,CT NG 34,0.0
2030,sc01,09-28 17:00:00+02:00,CT Oil 03,0.0
2030,sc01,09-28 17:00:00+02:00,Hydro 35,0.0
2030,sc01,09-28 17:00:00+02:00,Solar 14,0.263665352832
2030,sc01,09-28 17:00:00+02:00,CT NG 75,0.0
2030,sc01,09-28 17:00:00+02:00,ST NG 09,0.0
2030,sc01,09-28 17:00:00+02:00,CT NG 56,0.0
2030,sc01,09-28 17:00:00+02:00,Biomass 22,0.01064
2030,sc01,09-28 17:00:00+02:00,Solar 18,0.278104468768
2030,sc01,09-28 17:00:00+02:00,Biomass 13,0.010079999999999999
2030,sc01,09-28 17:00:00+02:00,CT NG 71,0.0
2030,sc01,09-28 17:00:00+02:00,Solar 58,0.050088699584
2030,sc01,09-28 17:00:00+02:00,Solar 06,0.06358863056
2030,sc01,09-28 17:00:00+02:00,Biomass 08,0.02296
2030,sc01,09-28 17:00:00+02:00,CT NG 72,0.0
2030,sc01,09-28 17:00:00+02:00,Hydro 18,0.06261317999999999
2030,sc01,09-28 17:00:00+02:00,Solar 10,0.155158441312
2030,sc01,09-28 17:00:00+02:00,CT NG 04,0.0
2030,sc01,09-28 17:00:00+02:00,ST Other 02,0.0
2030,sc01,09-28 17:00:00+02:00,CT NG 12,0.0
2030,sc01,09-28 17:00:00+02:00,CT NG 48,0.0
2030,sc01,09-28 17:00:00+02:00,ST NG 10,0.0
2030,sc01,09-28 17:00:00+02:00,Solar 22,0.13875201312000002
2030,sc01,09-28 17:00:00+02:00,Solar 28,0.124166894208
2030,sc01,09-28 17:00:00+02:00,CT NG 73,0.0
2030,sc01,09-28 17:00:00+02:00,Biomass 52,0.047319999999999994
2030,sc01,09-28 17:00:00+02:00,CT NG 30,0.0
2030,sc01,09-28 17:00:00+02:00,Solar 54,0.057498792064
2030,sc01,09-28 17:00:00+02:00,Solar 31,0.27369769996800003
2030,sc01,09-28 17:00:00+02:00,Biomass 03,0.007280000000000001
2030,sc01,09-28 17:00:00+02:00,CT NG 32,0.0434112
2030,sc01,09-28 17:00:00+02:00,Biomass 27,0.04788
2030,sc01,09-28 17:00:00+02:00,CC NG 14,0.0
2030,sc01,09-28 17:00:00+02:00,CC NG 03,3.43811048
2030,sc01,09-28 17:00:00+02:00,CC NG 29,0.0
2030,sc01,09-28 17:00:00+02:00,CC NG 28,4.914294
2030,sc01,09-28 17:00:00+02:00,CC NG 25,0.0
2030,sc01,09-28 17:00:00+02:00,CT NG 44,0.0
2030,sc01,09-28 17:00:00+02:00,CT NG 14,0.0
2030,sc01,09-28 17:00:00+02:00,CC NG 15,0.0
2030,sc01,09-28 17:00:00+02:00,CC NG 04,8.66432
2030,sc01,09-28 17:00:00+02:00,Biomass 29,0.04788
2030,sc01,09-28 17:00:00+02:00,Wind 14,3.1060210888
2030,sc01,09-28 17:00:00+02:00,Wind 08,1.02610883872
2030,sc01,09-28 17:00:00+02:00,Biomass 61,0.010079999999999999
2030,sc01,09-28 17:00:00+02:00,CT NG 35,0.0
2030,sc01,09-28 17:00:00+02:00,Solar 33,0.34815463788
2030,sc01,09-28 17:00:00+02:00,CT NG 41,0.0
2030,sc01,09-28 17:00:00+02:00,CT NG 15,0.0
2030,sc01,09-28 17:00:00+02:00,Solar 42,0.009585837184
2030,sc01,09-28 17:00:00+02:00,Solar 07,0.0
2030,sc01,09-28 17:00:00+02:00,Solar 43,0.009585837184
2030,sc01,09-28 17:00:00+02:00,Biomass 05,0.01344
2030,sc01,09-28 17:00:00+02:00,CT NG 29,0.016279199999999997
2030,sc01,09-28 17:00:00+02:00,Solar 71,0.57123175368
2030,sc01,09-28 17:00:00+02:00,CT NG 53,0.0
2030,sc01,09-28 17:00:00+02:00,CT NG 20,0.0
2030,sc01,09-28 17:00:00+02:00,Biomass 14,0.0224
2030,sc01,09-28 17:00:00+02:00,Solar 26,0.040430446784
2030,sc01,09-28 17:00:00+02:00,Hydro 29,0.80262
2030,sc01,09-28 17:00:00+02:00,Hydro 31,0.0053860800000000006
2030,sc01,09-28 17:00:00+02:00,Biomass 24,0.007840000000000001
2030,sc01,09-28 17:00:00+02:00,Biomass 54,0.07307999999999999
2030,sc01,09-28 17:00:00+02:00,Solar 36,0.67947095272
2030,sc01,09-28 17:00:00+02:00,Wind 03,0.023704405536
2030,sc01,09-28 17:00:00+02:00,Biomass 40,0.023799999999999998
2030,sc01,09-28 17:00:00+02:00,Biomass 49,0.00868
2030,sc01,09-28 17:00:00+02:00,CC NG 16,25.546206
2030,sc01,09-28 17:00:00+02:00,Biomass 48,0.07532
2030,sc01,09-28 17:00:00+02:00,Hydro 28,0.80262
2030,sc01,09-28 17:00:00+02:00,Biomass 17,0.00588
2030,sc01,09-28 17:00:00+02:00,CT NG 33,0.0352716
2030,sc01,09-28 17:00:00+02:00,Solar 45,0.009585837184
2030,sc01,09-28 17:00:00+02:00,Hydro 24,0.0
2030,sc01,09-28 17:00:00+02:00,Wind 13,1.0678083544799999
2030,sc01,09-28 17:00:00+02:00,Biomass 07,0.056
2030,sc01,09-28 17:00:00+02:00,Biomass 34,0.04032
2030,sc01,09-28 17:00:00+02:00,Biomass 33,0.04032
2030,sc01,09-28 17:00:00+02:00,CT NG 01,0.0
2030,sc01,09-28 17:00:00+02:00,ICE NG 03,0.0
2030,sc01,09-28 17:00:00+02:00,Solar 55,0.12922240934400003
2030,sc01,09-28 17:00:00+02:00,Solar 11,0.044661182944
2030,sc01,09-28 17:00:00+02:00,CT NG 06,0.0
2030,sc01,09-28 17:00:00+02:00,CT NG 70,0.0
2030,sc01,09-28 17:00:00+02:00,Solar 23,0.006613032608
2030,sc01,09-28 17:00:00+02:00,CT NG 67,0.0
2030,sc01,09-28 17:00:00+02:00,Solar 12,0.034572474048
2030,sc01,09-28 17:00:00+02:00,CT Oil 01,0.0
2030,sc01,09-28 17:00:00+02:00,Hydro 26,0.5251428
2030,sc01,09-28 17:00:00+02:00,CC NG 22,15.617366071218909
2030,sc01,09-28 17:00:00+02:00,CC NG 35,16.110219999999998
2030,sc01,09-28 17:00:00+02:00,Biomass 50,0.00532
2030,sc01,09-28 17:00:00+02:00,ICE NG 04,0.0
2030,sc01,09-28 17:00:00+02:00,CC NG 39,0.0
2030,sc01,09-28 17:00:00+02:00,Hydro 32,0.006463296
2030,sc01,09-28 17:00:00+02:00,ICE NG 07,0.0
2030,sc01,09-28 17:00:00+02:00,Biomass 46,0.0182
2030,sc01,09-28 17:00:00+02:00,CC NG 38,0.0
2030,sc01,09-28 17:00:00+02:00,CC NG 12,0.0
2030,sc01,09-28 17:00:00+02:00,Solar 57,0.042775752544
2030,sc01,09-28 17:00:00+02:00,CC NG 32,0.0
2030,sc01,09-28 17:00:00+02:00,CC NG 07,0.0
2030,sc01,09-28 17:00:00+02:00,Biomass 44,0.03528
2030,sc01,09-28 17:00:00+02:00,CT NG 40,0.0841092
2030,sc01,09-28 17:00:00+02:00,Solar 74,0.5433694764399999
2030,sc01,09-28 17:00:00+02:00,Hydro 30,0.0
2030,sc01,09-28 17:00:00+02:00,CT NG 42,0.0
2030,sc01,09-28 17:00:00+02:00,Hydro 22,0.8090628
2030,sc01,09-28 17:00:00+02:00,Solar 17,0.06781043808
2030,sc01,09-28 17:00:00+02:00,Solar 38,0.169552851776
2030,sc01,09-28 17:00:00+02:00,CT NG 24,0.0
2030,sc01,09-28 17:00:00+02:00,CC NG 27,0.0
2030,sc01,09-28 17:00:00+02:00,Biomass 21,0.01064
2030,sc01,09-28 17:00:00+02:00,ICE NG 06,0.0
2030,sc01,09-28 17:00:00+02:00,Biomass 25,0.007840000000000001
2030,sc01,09-28 17:00:00+02:00,Solar 27,0.019644226783999998
2030,sc01,09-28 17:00:00+02:00,CT NG 19,0.10581479999999997
2030,sc01,09-28 17:00:00+02:00,Biomass 42,0.038360000000000005
2030,sc01,09-28 17:00:00+02:00,Biomass 19,0.01064
2030,sc01,09-28 17:00:00+02:00,Biomass 06,0.01344
2030,sc01,09-28 17:00:00+02:00,CT NG 10,0.0
2030,sc01,09-28 17:00:00+02:00,CC NG 40,20.336783599999997
2030,sc01,09-28 17:00:00+02:00,CC NG 21,0.0
2030,sc01,09-28 17:00:00+02:00,Biomass 02,0.0308
2030,sc01,09-28 17:00:00+02:00,CT NG 46,0.0
2030,sc01,09-28 17:00:00+02:00,Hydro 34,0.0
2030,sc01,09-28 17:00:00+02:00,Biomass 10,0.02296
2030,sc01,09-28 17:00:00+02:00,CT NG 17,0.0
2030,sc01,09-28 17:00:00+02:00,Biomass 62,0.05572
2030,sc01,09-28 17:00:00+02:00,Biomass 32,0.03444
2030,sc01,09-28 17:00:00+02:00,CC NG 19,3.79064
2030,sc01,09-28 17:00:00+02:00,CC NG 17,0.0
2030,sc01,09-28 17:00:00+02:00,ST NG 01,0.0
2030,sc01,09-28 17:00:00+02:00,Biomass 45,0.03528
2030,sc01,09-28 17:00:00+02:00,Biomass 28,0.04788
2030,sc01,09-28 17:00:00+02:00,CC NG 10,0.0
2030,sc01,09-28 17:00:00+02:00,Biomass 23,0.007840000000000001
2030,sc01,09-28 17:00:00+02:00,ST NG 06,0.0
2030,sc01,09-28 17:00:00+02:00,Wind 10,1.14386515096
2030,sc01,09-28 17:00:00+02:00,CT NG 69,0.0
2030,sc01,09-28 17:00:00+02:00,CT NG 68,0.0
2030,sc01,10-01 22:00:00+02:00,CC NG 13,0.0
2030,sc01,10-01 22:00:00+02:00,CT NG 37,0.0
2030,sc01,10-01 22:00:00+02:00,ST Coal 01,0.0
2030,sc01,10-01 22:00:00+02:00,CT NG 09,0.0
2030,sc01,10-01 22:00:00+02:00,CT NG 47,0.0
2030,sc01,10-01 22:00:00+02:00,Solar 69,0.0
2030,sc01,10-01 22:00:00+02:00,Solar 34,0.0
2030,sc01,10-01 22:00:00+02:00,Solar 73,0.0
2030,sc01,10-01 22:00:00+02:00,Biomass 37,0.0
2030,sc01,10-01 22:00:00+02:00,Hydro 20,0.0
2030,sc01,10-01 22:00:00+02:00,Solar 01,0.0
2030,sc01,10-01 22:00:00+02:00,Solar 62,0.0
2030,sc01,10-01 22:00:00+02:00,Solar 02,0.0
2030,sc01,10-01 22:00:00+02:00,CT NG 26,0.0
2030,sc01,10-01 22:00:00+02:00,Biomass 20,0.01887
2030,sc01,10-01 22:00:00+02:00,Wind 16,33.85371288066884
2030,sc01,10-01 22:00:00+02:00,CT NG 66,0.0
2030,sc01,10-01 22:00:00+02:00,Solar 39,0.0
2030,sc01,10-01 22:00:00+02:00,Biomass 41,0.0
2030,sc01,10-01 22:00:00+02:00,Solar 72,0.0
2030,sc01,10-01 22:00:00+02:00,ST NG 03,0.0
2030,sc01,10-01 22:00:00+02:00,Hydro 21,0.0
2030,sc01,10-01 22:00:00+02:00,CT NG 03,0.0
2030,sc01,10-01 22:00:00+02:00,CC NG 09,0.0
2030,sc01,10-01 22:00:00+02:00,CT Oil 02,0.0
2030,sc01,10-01 22:00:00+02:00,CT NG 39,0.0
2030,sc01,10-01 22:00:00+02:00,CC NG 08,0.0
2030,sc01,10-01 22:00:00+02:00,Biomass 43,0.0
2030,sc01,10-01 22:00:00+02:00,CT NG 18,0.19273409999999996
2030,sc01,10-01 22:00:00+02:00,ST NG 07,0.0
2030,sc01,10-01 22:00:00+02:00,Biomass 35,0.0
2030,sc01,10-01 22:00:00+02:00,Solar 32,0.0
2030,sc01,10-01 22:00:00+02:00,Biomass 15,0.0
2030,sc01,10-01 22:00:00+02:00,CC NG 31,0.0
2030,sc01,10-01 22:00:00+02:00,Solar 16,0.0
2030,sc01,10-01 22:00:00+02:00,Solar 68,0.0
2030,sc01,10-01 22:00:00+02:00,CT NG 21,0.0
2030,sc01,10-01 22:00:00+02:00,Wind 11,1.17110333397
2030,sc01,10-01 22:00:00+02:00,CC NG 37,0.0
2030,sc01,10-01 22:00:00+02:00,CT NG 22,0.0
2030,sc01,10-01 22:00:00+02:00,Hydro 16,0.01922088
2030,sc01,10-01 22:00:00+02:00,Biomass 59,0.21114000000000002
2030,sc01,10-01 22:00:00+02:00,CC NG 01,0.0
2030,sc01,10-01 22:00:00+02:00,Biomass 16,0.0
2030,sc01,10-01 22:00:00+02:00,Solar 03,0.0
2030,sc01,10-01 22:00:00+02:00,Solar 44,0.0
2030,sc01,10-01 22:00:00+02:00,CT NG 08,0.0
2030,sc01,10-01 22:00:00+02:00,Wind 05,0.17691990576
2030,sc01,10-01 22:00:00+02:00,Biomass 26,0.08618999999999999
2030,sc01,10-01 22:00:00+02:00,Solar 37,0.0
2030,sc01,10-01 22:00:00+02:00,Biomass 11,0.01938
2030,sc01,10-01 22:00:00+02:00,Solar 59,0.0
2030,sc01,10-01 22:00:00+02:00,CT NG 11,0.0
2030,sc01,10-01 22:00:00+02:00,Biomass 30,0.08618999999999999
2030,sc01,10-01 22:00:00+02:00,Hydro 23,0.0
2030,sc01,10-01 22:00:00+02:00,CC NG 24,0.0
2030,sc01,10-01 22:00:00+02:00,Solar 65,0.0
2030,sc01,10-01 22:00:00+02:00,CC NG 18,0.0
2030,sc01,10-01 22:00:00+02:00,CT NG 16,0.0
2030,sc01,10-01 22:00:00+02:00,Solar 51,0.0
2030,sc01,10-01 22:00:00+02:00,Wind 06,1.35625169346
2030,sc01,10-01 22:00:00+02:00,CC NG 26,0.0
2030,sc01,10-01 22:00:00+02:00,CC NG 23,0.0
2030,sc01,10-01 22:00:00+02:00,CT NG 43,0.0
2030,sc01,10-01 22:00:00+02:00,CC NG 11,0.0
2030,sc01,10-01 22:00:00+02:00,CT NG 02,0.0
2030,sc01,10-01 22:00:00+02:00,CT NG 50,0.0
2030,sc01,10-01 22:00:00+02:00,Hydro 27,0.0
2030,sc01,10-01 22:00:00+02:00,CT NG 13,0.0
2030,sc01,10-01 22:00:00+02:00,CT NG 25,0.0
2030,sc01,10-01 22:00:00+02:00,CC NG 05,0.0
2030,sc01,10-01 22:00:00+02:00,Solar 04,0.0
2030,sc01,10-01 22:00:00+02:00,Solar 30,0.0
2030,sc01,10-01 22:00:00+02:00,Solar 29,0.0
2030,sc01,10-01 22:00:00+02:00,Solar 53,0.0
2030,sc01,10-01 22:00:00+02:00,Solar 21,0.0
2030,sc01,10-01 22:00:00+02:00,Biomass 58,0.10352999999999998
2030,sc01,10-01 22:00:00+02:00,CT NG 74,0.0
2030,sc01,10-01 22:00:00+02:00,Solar 61,0.0
2030,sc01,10-01 22:00:00+02:00,Wind 07,1.31184143814
2030,sc01,10-01 22:00:00+02:00,Biomass 31,0.08618999999999999
2030,sc01,10-01 22:00:00+02:00,CT Oil 05,0.0
2030,sc01,10-01 22:00:00+02:00,Biomass 38,0.0
2030,sc01,10-01 22:00:00+02:00,Solar 41,0.0
2030,sc01,10-01 22:00:00+02:00,Biomass 51,0.0
2030,sc01,10-01 22:00:00+02:00,Biomass 55,0.12699000000000002
2030,sc01,10-01 22:00:00+02:00,Wind 15,0.0
2030,sc01,10-01 22:00:00+02:00,Geo 01,0.0
2030,sc01,10-01 22:00:00+02:00,Biomass 60,0.13770000000000002
2030,sc01,10-01 22:00:00+02:00,CT NG 38,0.0
2030,sc01,10-01 22:00:00+02:00,Solar 66,0.0
2030,sc01,10-01 22:00:00+02:00,Solar 49,0.0
2030,sc01,10-01 22:00:00+02:00,CT NG 51,0.0
2030,sc01,10-01 22:00:00+02:00,Biomass 18,0.0
2030,sc01,10-01 22:00:00+02:00,ICE NG 01,0.0
2030,sc01,10-01 22:00:00+02:00,Solar 15,0.0
2030,sc01,10-01 22:00:00+02:00,ICE NG 05,0.0
2030,sc01,10-01 22:00:00+02:00,CT Oil 04,0.0
2030,sc01,10-01 22:00:00+02:00,CC NG 20,0.0
2030,sc01,10-01 22:00:00+02:00,Solar 20,0.0
2030,sc01,10-01 22:00:00+02:00,Biomass 04,0.0
2030,sc01,10-01 22:00:00+02:00,Wind 02,1.6807391598
2030,sc01,10-01 22:00:00+02:00,Hydro 25,0.0
2030,sc01,10-01 22:00:00+02:00,Solar 75,0.0
2030,sc01,10-01 22:00:00+02:00,Hydro 33,0.0
2030,sc01,10-01 22:00:00+02:00,ST NG 05,0.0
2030,sc01,10-01 22:00:00+02:00,CT NG 07,0.0
2030,sc01,10-01 22:00:00+02:00,Wind 01,0.89485366479
2030,sc01,10-01 22:00:00+02:00,Solar 56,0.0
2030,sc01,10-01 22:00:00+02:00,Biomass 09,0.03978
2030,sc01,10-01 22:00:00+02:00,Biomass 53,0.12699000000000002
2030,sc01,10-01 22:00:00+02:00,Wind 17,0.0
2030,sc01,10-01 22:00:00+02:00,ST NG 08,0.0
2030,sc01,10-01 22:00:00+02:00,Hydro 19,0.0
2030,sc01,10-01 22:00:00+02:00,ST NG 02,0.0
2030,sc01,10-01 22:00:00+02:00,Biomass 01,0.05355000000000001
2030,sc01,10-01 22:00:00+02:00,Biomass 57,0.10352999999999998
2030,sc01,10-01 22:00:00+02:00,CT NG 49,0.0
2030,sc01,10-01 22:00:00+02:00,CT NG 31,0.0
2030,sc01,10-01 22:00:00+02:00,Solar 64,0.0
2030,sc01,10-01 22:00:00+02:00,CC NG 33,0.0
2030,sc01,10-01 22:00:00+02:00,Solar 46,0.0
2030,sc01,10-01 22:00:00+02:00,Biomass 12,0.01938
2030,sc01,10-01 22:00:00+02:00,Wind 04,0.282046306944
2030,sc01,10-01 22:00:00+02:00,Solar 13,0.0
2030,sc01,10-01 22:00:00+02:00,CT NG 55,0.0
2030,sc01,10-01 22:00:00+02:00,Wind N03,176.57043357305903
2030,sc01,10-01 22:00:00+02:00,CT NG 28,0.0
2030,sc01,10-01 22:00:00+02:00,Wind 09,2.7242953605899998
2030,sc01,10-01 22:00:00+02:00,Solar 60,0.0
2030,sc01,10-01 22:00:00+02:00,Solar 25,0.0
2030,sc01,10-01 22:00:00+02:00,CT NG 23,0.0
2030,sc01,10-01 22:00:00+02:00,ST Other 01,0.0
2030,sc01,10-01 22:00:00+02:00,Solar 70,0.0
2030,sc01,10-01 22:00:00+02:00,CC NG 34,0.0
2030,sc01,10-01 22:00:00+02:00,Solar 48,0.0
2030,sc01,10-01 22:00:00+02:00,Biomass 56,0.13005
2030,sc01,10-01 22:00:00+02:00,CT NG 36,0.0
2030,sc01,10-01 22:00:00+02:00,Solar 47,0.0
2030,sc01,10-01 22:00:00+02:00,Hydro 17,0.032435235
2030,sc01,10-01 22:00:00+02:00,Solar 09,0.0
2030,sc01,10-01 22:00:00+02:00,Solar 08,0.0
2030,sc01,10-01 22:00:00+02:00,CT NG 45,0.0
2030,sc01,10-01 22:00:00+02:00,ST NG 04,0.0
2030,sc01,10-01 22:00:00+02:00,Solar 40,0.0
2030,sc01,10-01 22:00:00+02:00,Biomass 47,0.0
2030,sc01,10-01 22:00:00+02:00,Solar 50,0.0
2030,sc01,10-01 22:00:00+02:00,Solar 52,0.0
2030,sc01,10-01 22:00:00+02:00,Solar 63,0.0
2030,sc01,10-01 22:00:00+02:00,CC NG 06,0.0
2030,sc01,10-01 22:00:00+02:00,Biomass 39,0.0
2030,sc01,10-01 22:00:00+02:00,Solar 67,0.0
2030,sc01,10-01 22:00:00+02:00,Solar 19,0.0
2030,sc01,10-01 22:00:00+02:00,Wind 12,4.87811097072
2030,sc01,10-01 22:00:00+02:00,Solar 24,0.0
2030,sc01,10-01 22:00:00+02:00,ICE NG 02,0.0
2030,sc01,10-01 22:00:00+02:00,Solar 05,0.0
2030,sc01,10-01 22:00:00+02:00,CT NG 54,0.0
2030,sc01,10-01 22:00:00+02:00,Wind N01,46.279514337600006
2030,sc01,10-01 22:00:00+02:00,CT NG 27,0.0
2030,sc01,10-01 22:00:00+02:00,CC NG 36,0.0
2030,sc01,10-01 22:00:00+02:00,Wind N02,128.22899964613876
2030,sc01,10-01 22:00:00+02:00,CT NG 52,0.0
2030,sc01,10-01 22:00:00+02:00,Solar 35,0.0
2030,sc01,10-01 22:00:00+02:00,CT NG 05,0.0
2030,sc01,10-01 22:00:00+02:00,Biomass 36,0.0
2030,sc01,10-01 22:00:00+02:00,CT NG 34,0.0
2030,sc01,10-01 22:00:00+02:00,CT Oil 03,0.0
2030,sc01,10-01 22:00:00+02:00,Hydro 35,0.0
2030,sc01,10-01 22:00:00+02:00,Solar 14,0.0
2030,sc01,10-01 22:00:00+02:00,CT NG 75,0.0
2030,sc01,10-01 22:00:00+02:00,ST NG 09,0.0
2030,sc01,10-01 22:00:00+02:00,CT NG 56,0.0
2030,sc01,10-01 22:00:00+02:00,Biomass 22,0.01887
2030,sc01,10-01 22:00:00+02:00,Solar 18,0.0
2030,sc01,10-01 22:00:00+02:00,Biomass 13,0.01938
2030,sc01,10-01 22:00:00+02:00,CT NG 71,0.0
2030,sc01,10-01 22:00:00+02:00,Solar 58,0.0
2030,sc01,10-01 22:00:00+02:00,Solar 06,0.0
2030,sc01,10-01 22:00:00+02:00,Biomass 08,0.03978
2030,sc01,10-01 22:00:00+02:00,CT NG 72,0.0
2030,sc01,10-01 22:00:00+02:00,Hydro 18,0.11172136500000002
2030,sc01,10-01 22:00:00+02:00,Solar 10,0.0
2030,sc01,10-01 22:00:00+02:00,CT NG 04,0.0
2030,sc01,10-01 22:00:00+02:00,ST Other 02,0.0
2030,sc01,10-01 22:00:00+02:00,CT NG 12,0.0
2030,sc01,10-01 22:00:00+02:00,CT NG 48,0.0
2030,sc01,10-01 22:00:00+02:00,ST NG 10,0.0
2030,sc01,10-01 22:00:00+02:00,Solar 22,0.0
2030,sc01,10-01 22:00:00+02:00,Solar 28,0.0
2030,sc01,10-01 22:00:00+02:00,CT NG 73,0.0
2030,sc01,10-01 22:00:00+02:00,Biomass 52,0.0
2030,sc01,10-01 22:00:00+02:00,CT NG 30,0.0
2030,sc01,10-01 22:00:00+02:00,Solar 54,0.0
2030,sc01,10-01 22:00:00+02:00,Solar 31,0.0
2030,sc01,10-01 22:00:00+02:00,Biomass 03,0.0
2030,sc01,10-01 22:00:00+02:00,CT NG 32,0.0
2030,sc01,10-01 22:00:00+02:00,Biomass 27,0.08618999999999999
2030,sc01,10-01 22:00:00+02:00,CC NG 14,0.0
2030,sc01,10-01 22:00:00+02:00,CC NG 03,0.0
2030,sc01,10-01 22:00:00+02:00,CC NG 29,0.0
2030,sc01,10-01 22:00:00+02:00,CC NG 28,0.0
2030,sc01,10-01 22:00:00+02:00,CC NG 25,0.0
2030,sc01,10-01 22:00:00+02:00,CT NG 44,0.0
2030,sc01,10-01 22:00:00+02:00,CT NG 14,0.0
2030,sc01,10-01 22:00:00+02:00,CC NG 15,0.0
2030,sc01,10-01 22:00:00+02:00,CC NG 04,0.0
2030,sc01,10-01 22:00:00+02:00,Biomass 29,0.08618999999999999
2030,sc01,10-01 22:00:00+02:00,Wind 14,38.42748434528845
2030,sc01,10-01 22:00:00+02:00,Wind 08,2.8626114665999998
2030,sc01,10-01 22:00:00+02:00,Biomass 61,0.0
2030,sc01,10-01 22:00:00+02:00,CT NG 35,0.0
2030,sc01,10-01 22:00:00+02:00,Solar 33,0.0
2030,sc01,10-01 22:00:00+02:00,CT NG 41,0.0
2030,sc01,10-01 22:00:00+02:00,CT NG 15,0.0
2030,sc01,10-01 22:00:00+02:00,Solar 42,0.0
2030,sc01,10-01 22:00:00+02:00,Solar 07,0.0
2030,sc01,10-01 22:00:00+02:00,Solar 43,0.0
2030,sc01,10-01 22:00:00+02:00,Biomass 05,0.02295
2030,sc01,10-01 22:00:00+02:00,CT NG 29,0.0
2030,sc01,10-01 22:00:00+02:00,Solar 71,0.0
2030,sc01,10-01 22:00:00+02:00,CT NG 53,0.0
2030,sc01,10-01 22:00:00+02:00,CT NG 20,0.0
2030,sc01,10-01 22:00:00+02:00,Biomass 14,0.04284
2030,sc01,10-01 22:00:00+02:00,Solar 26,0.0
2030,sc01,10-01 22:00:00+02:00,Hydro 29,0.0
2030,sc01,10-01 22:00:00+02:00,Hydro 31,0.00961044
2030,sc01,10-01 22:00:00+02:00,Biomass 24,0.02295
2030,sc01,10-01 22:00:00+02:00,Biomass 54,0.12699000000000002
2030,sc01,10-01 22:00:00+02:00,Solar 36,0.0
2030,sc01,10-01 22:00:00+02:00,Wind 03,1.00135643133
2030,sc01,10-01 22:00:00+02:00,Biomass 40,0.0
2030,sc01,10-01 22:00:00+02:00,Biomass 49,0.0
2030,sc01,10-01 22:00:00+02:00,CC NG 16,27.23935867420436
2030,sc01,10-01 22:00:00+02:00,Biomass 48,0.0
2030,sc01,10-01 22:00:00+02:00,Hydro 28,0.0
2030,sc01,10-01 22:00:00+02:00,Biomass 17,0.0
2030,sc01,10-01 22:00:00+02:00,CT NG 33,0.0
2030,sc01,10-01 22:00:00+02:00,Solar 45,0.0
2030,sc01,10-01 22:00:00+02:00,Hydro 24,0.0
2030,sc01,10-01 22:00:00+02:00,Wind 13,3.08210399619
2030,sc01,10-01 22:00:00+02:00,Biomass 07,0.10200000000000001
2030,sc01,10-01 22:00:00+02:00,Biomass 34,0.0
2030,sc01,10-01 22:00:00+02:00,Biomass 33,0.0
2030,sc01,10-01 22:00:00+02:00,CT NG 01,0.0
2030,sc01,10-01 22:00:00+02:00,ICE NG 03,0.0
2030,sc01,10-01 22:00:00+02:00,Solar 55,0.0
2030,sc01,10-01 22:00:00+02:00,Solar 11,0.0
2030,sc01,10-01 22:00:00+02:00,CT NG 06,0.0
2030,sc01,10-01 22:00:00+02:00,CT NG 70,0.0
2030,sc01,10-01 22:00:00+02:00,Solar 23,0.0
2030,sc01,10-01 22:00:00+02:00,CT NG 67,0.0
2030,sc01,10-01 22:00:00+02:00,Solar 12,0.0
2030,sc01,10-01 22:00:00+02:00,CT Oil 01,0.0
2030,sc01,10-01 22:00:00+02:00,Hydro 26,0.0
2030,sc01,10-01 22:00:00+02:00,CC NG 22,0.0
2030,sc01,10-01 22:00:00+02:00,CC NG 35,0.0
2030,sc01,10-01 22:00:00+02:00,Biomass 50,0.0
2030,sc01,10-01 22:00:00+02:00,ICE NG 04,0.0
2030,sc01,10-01 22:00:00+02:00,CC NG 39,0.0
2030,sc01,10-01 22:00:00+02:00,Hydro 32,0.011532528
2030,sc01,10-01 22:00:00+02:00,ICE NG 07,0.0
2030,sc01,10-01 22:00:00+02:00,Biomass 46,0.0
2030,sc01,10-01 22:00:00+02:00,CC NG 38,0.0
2030,sc01,10-01 22:00:00+02:00,CC NG 12,0.0
2030,sc01,10-01 22:00:00+02:00,Solar 57,0.0
2030,sc01,10-01 22:00:00+02:00,CC NG 32,0.0
2030,sc01,10-01 22:00:00+02:00,CC NG 07,0.0
2030,sc01,10-01 22:00:00+02:00,Biomass 44,0.0
2030,sc01,10-01 22:00:00+02:00,CT NG 40,0.0
2030,sc01,10-01 22:00:00+02:00,Solar 74,0.0
2030,sc01,10-01 22:00:00+02:00,Hydro 30,0.0
2030,sc01,10-01 22:00:00+02:00,CT NG 42,0.0
2030,sc01,10-01 22:00:00+02:00,Hydro 22,0.0
2030,sc01,10-01 22:00:00+02:00,Solar 17,0.0
2030,sc01,10-01 22:00:00+02:00,Solar 38,0.0
2030,sc01,10-01 22:00:00+02:00,CT NG 24,0.0
2030,sc01,10-01 22:00:00+02:00,CC NG 27,0.0
2030,sc01,10-01 22:00:00+02:00,Biomass 21,0.01887
2030,sc01,10-01 22:00:00+02:00,ICE NG 06,0.0
2030,sc01,10-01 22:00:00+02:00,Biomass 25,0.02295
2030,sc01,10-01 22:00:00+02:00,Solar 27,0.0
2030,sc01,10-01 22:00:00+02:00,CT NG 19,0.0
2030,sc01,10-01 22:00:00+02:00,Biomass 42,0.0
2030,sc01,10-01 22:00:00+02:00,Biomass 19,0.01887
2030,sc01,10-01 22:00:00+02:00,Biomass 06,0.02295
2030,sc01,10-01 22:00:00+02:00,CT NG 10,0.0
2030,sc01,10-01 22:00:00+02:00,CC NG 40,0.0
2030,sc01,10-01 22:00:00+02:00,CC NG 21,0.0
2030,sc01,10-01 22:00:00+02:00,Biomass 02,0.05355000000000001
2030,sc01,10-01 22:00:00+02:00,CT NG 46,0.0
2030,sc01,10-01 22:00:00+02:00,Hydro 34,0.0
2030,sc01,10-01 22:00:00+02:00,Biomass 10,0.03978
2030,sc01,10-01 22:00:00+02:00,CT NG 17,0.0
2030,sc01,10-01 22:00:00+02:00,Biomass 62,0.09537000000000001
2030,sc01,10-01 22:00:00+02:00,Biomass 32,0.0612
2030,sc01,10-01 22:00:00+02:00,CC NG 19,6.90438
2030,sc01,10-01 22:00:00+02:00,CC NG 17,0.0
2030,sc01,10-01 22:00:00+02:00,ST NG 01,0.0
2030,sc01,10-01 22:00:00+02:00,Biomass 45,0.0
2030,sc01,10-01 22:00:00+02:00,Biomass 28,0.08618999999999999
2030,sc01,10-01 22:00:00+02:00,CC NG 10,0.0
2030,sc01,10-01 22:00:00+02:00,Biomass 23,0.02295
2030,sc01,10-01 22:00:00+02:00,ST NG 06,0.0
2030,sc01,10-01 22:00:00+02:00,Wind 10,2.71490340306
2030,sc01,10-01 22:00:00+02:00,CT NG 69,0.0
2030,sc01,10-01 22:00:00+02:00,CT NG 68,0.0
2030,sc01,10-04 02:00:00+02:00,CC NG 13,0.0
2030,sc01,10-04 02:00:00+02:00,CT NG 37,0.0
2030,sc01,10-04 02:00:00+02:00,ST Coal 01,0.0
2030,sc01,10-04 02:00:00+02:00,CT NG 09,0.0
2030,sc01,10-04 02:00:00+02:00,CT NG 47,0.0
2030,sc01,10-04 02:00:00+02:00,Solar 69,0.0
2030,sc01,10-04 02:00:00+02:00,Solar 34,0.0
2030,sc01,10-04 02:00:00+02:00,Solar 73,0.0
2030,sc01,10-04 02:00:00+02:00,Biomass 37,0.0
2030,sc01,10-04 02:00:00+02:00,Hydro 20,0.0
2030,sc01,10-04 02:00:00+02:00,Solar 01,0.0
2030,sc01,10-04 02:00:00+02:00,Solar 62,0.0
2030,sc01,10-04 02:00:00+02:00,Solar 02,0.0
2030,sc01,10-04 02:00:00+02:00,CT NG 26,0.0
2030,sc01,10-04 02:00:00+02:00,Biomass 20,0.0112
2030,sc01,10-04 02:00:00+02:00,Wind 16,18.432831828235788
2030,sc01,10-04 02:00:00+02:00,CT NG 66,0.0
2030,sc01,10-04 02:00:00+02:00,Solar 39,0.0
2030,sc01,10-04 02:00:00+02:00,Biomass 41,0.0
2030,sc01,10-04 02:00:00+02:00,Solar 72,0.0
2030,sc01,10-04 02:00:00+02:00,ST NG 03,0.0
2030,sc01,10-04 02:00:00+02:00,Hydro 21,0.0
2030,sc01,10-04 02:00:00+02:00,CT NG 03,0.0
2030,sc01,10-04 02:00:00+02:00,CC NG 09,0.0
2030,sc01,10-04 02:00:00+02:00,CT Oil 02,0.0
2030,sc01,10-04 02:00:00+02:00,CT NG 39,0.0
2030,sc01,10-04 02:00:00+02:00,CC NG 08,0.0
2030,sc01,10-04 02:00:00+02:00,Biomass 43,0.0
2030,sc01,10-04 02:00:00+02:00,CT NG 18,0.12093119999999997
2030,sc01,10-04 02:00:00+02:00,ST NG 07,0.0
2030,sc01,10-04 02:00:00+02:00,Biomass 35,0.0
2030,sc01,10-04 02:00:00+02:00,Solar 32,0.0
2030,sc01,10-04 02:00:00+02:00,Biomass 15,0.00704
2030,sc01,10-04 02:00:00+02:00,CC NG 31,0.0
2030,sc01,10-04 02:00:00+02:00,Solar 16,0.0
2030,sc01,10-04 02:00:00+02:00,Solar 68,0.0
2030,sc01,10-04 02:00:00+02:00,CT NG 21,0.0
2030,sc01,10-04 02:00:00+02:00,Wind 11,0.156278985728
2030,sc01,10-04 02:00:00+02:00,CC NG 37,0.0
2030,sc01,10-04 02:00:00+02:00,CT NG 22,0.0
2030,sc01,10-04 02:00:00+02:00,Hydro 16,0.01172992
2030,sc01,10-04 02:00:00+02:00,Biomass 59,0.13248000000000001
2030,sc01,10-04 02:00:00+02:00,CC NG 01,0.0
2030,sc01,10-04 02:00:00+02:00,Biomass 16,0.00704
2030,sc01,10-04 02:00:00+02:00,Solar 03,0.0
2030,sc01,10-04 02:00:00+02:00,Solar 44,0.0
2030,sc01,10-04 02:00:00+02:00,CT NG 08,0.0
2030,sc01,10-04 02:00:00+02:00,Wind 05,0.010117971711999999
2030,sc01,10-04 02:00:00+02:00,Biomass 26,0.054079999999999996
2030,sc01,10-04 02:00:00+02:00,Solar 37,0.0
2030,sc01,10-04 02:00:00+02:00,Biomass 11,0.01056
2030,sc01,10-04 02:00:00+02:00,Solar 59,0.0
2030,sc01,10-04 02:00:00+02:00,CT NG 11,0.0
2030,sc01,10-04 02:00:00+02:00,Biomass 30,0.054079999999999996
2030,sc01,10-04 02:00:00+02:00,Hydro 23,0.0
2030,sc01,10-04 02:00:00+02:00,CC NG 24,0.0
2030,sc01,10-04 02:00:00+02:00,Solar 65,0.0
2030,sc01,10-04 02:00:00+02:00,CC NG 18,0.0
2030,sc01,10-04 02:00:00+02:00,CT NG 16,0.0
2030,sc01,10-04 02:00:00+02:00,Solar 51,0.0
2030,sc01,10-04 02:00:00+02:00,Wind 06,0.44778107808
2030,sc01,10-04 02:00:00+02:00,CC NG 26,0.0
2030,sc01,10-04 02:00:00+02:00,CC NG 23,0.0
2030,sc01,10-04 02:00:00+02:00,CT NG 43,0.0
2030,sc01,10-04 02:00:00+02:00,CC NG 11,0.0
2030,sc01,10-04 02:00:00+02:00,CT NG 02,0.0
2030,sc01,10-04 02:00:00+02:00,CT NG 50,0.0
2030,sc01,10-04 02:00:00+02:00,Hydro 27,0.0
2030,sc01,10-04 02:00:00+02:00,CT NG 13,0.0
2030,sc01,10-04 02:00:00+02:00,CT NG 25,0.0
2030,sc01,10-04 02:00:00+02:00,CC NG 05,0.0
2030,sc01,10-04 02:00:00+02:00,Solar 04,0.0
2030,sc01,10-04 02:00:00+02:00,Solar 30,0.0
2030,sc01,10-04 02:00:00+02:00,Solar 29,0.0
2030,sc01,10-04 02:00:00+02:00,Solar 53,0.0
2030,sc01,10-04 02:00:00+02:00,Solar 21,0.0
2030,sc01,10-04 02:00:00+02:00,Biomass 58,0.05856
2030,sc01,10-04 02:00:00+02:00,CT NG 74,0.0
2030,sc01,10-04 02:00:00+02:00,Solar 61,0.0
2030,sc01,10-04 02:00:00+02:00,Wind 07,0.19554481894400003
2030,sc01,10-04 02:00:00+02:00,Biomass 31,0.054079999999999996
2030,sc01,10-04 02:00:00+02:00,CT Oil 05,0.0
2030,sc01,10-04 02:00:00+02:00,Biomass 38,0.0
2030,sc01,10-04 02:00:00+02:00,Solar 41,0.0
2030,sc01,10-04 02:00:00+02:00,Biomass 51,0.0
2030,sc01,10-04 02:00:00+02:00,Biomass 55,0.07615999999999999
2030,sc01,10-04 02:00:00+02:00,Wind 15,0.0
2030,sc01,10-04 02:00:00+02:00,Geo 01,0.0
2030,sc01,10-04 02:00:00+02:00,Biomass 60,0.0864
2030,sc01,10-04 02:00:00+02:00,CT NG 38,0.0
2030,sc01,10-04 02:00:00+02:00,Solar 66,0.0
2030,sc01,10-04 02:00:00+02:00,Solar 49,0.0
2030,sc01,10-04 02:00:00+02:00,CT NG 51,0.0
2030,sc01,10-04 02:00:00+02:00,Biomass 18,0.00704
2030,sc01,10-04 02:00:00+02:00,ICE NG 01,0.0
2030,sc01,10-04 02:00:00+02:00,Solar 15,0.0
2030,sc01,10-04 02:00:00+02:00,ICE NG 05,0.0
2030,sc01,10-04 02:00:00+02:00,CT Oil 04,0.0
2030,sc01,10-04 02:00:00+02:00,CC NG 20,0.0
2030,sc01,10-04 02:00:00+02:00,Solar 20,0.0
2030,sc01,10-04 02:00:00+02:00,Biomass 04,0.0
2030,sc01,10-04 02:00:00+02:00,Wind 02,0.41029035104
2030,sc01,10-04 02:00:00+02:00,Hydro 25,0.0
2030,sc01,10-04 02:00:00+02:00,Solar 75,0.0
2030,sc01,10-04 02:00:00+02:00,Hydro 33,0.0
2030,sc01,10-04 02:00:00+02:00,ST NG 05,0.0
2030,sc01,10-04 02:00:00+02:00,CT NG 07,0.0
2030,sc01,10-04 02:00:00+02:00,Wind 01,0.19011524864
2030,sc01,10-04 02:00:00+02:00,Solar 56,0.0
2030,sc01,10-04 02:00:00+02:00,Biomass 09,0.02368
2030,sc01,10-04 02:00:00+02:00,Biomass 53,0.07615999999999999
2030,sc01,10-04 02:00:00+02:00,Wind 17,0.0
2030,sc01,10-04 02:00:00+02:00,ST NG 08,0.0
2030,sc01,10-04 02:00:00+02:00,Hydro 19,0.0
2030,sc01,10-04 02:00:00+02:00,ST NG 02,0.0
2030,sc01,10-04 02:00:00+02:00,Biomass 01,0.032
2030,sc01,10-04 02:00:00+02:00,Biomass 57,0.05856
2030,sc01,10-04 02:00:00+02:00,CT NG 49,0.0
2030,sc01,10-04 02:00:00+02:00,CT NG 31,0.0
2030,sc01,10-04 02:00:00+02:00,Solar 64,0.0
2030,sc01,10-04 02:00:00+02:00,CC NG 33,0.0
2030,sc01,10-04 02:00:00+02:00,Solar 46,0.0
2030,sc01,10-04 02:00:00+02:00,Biomass 12,0.01056
2030,sc01,10-04 02:00:00+02:00,Wind 04,0.196072387072
2030,sc01,10-04 02:00:00+02:00,Solar 13,0.0
2030,sc01,10-04 02:00:00+02:00,CT NG 55,0.0
2030,sc01,10-04 02:00:00+02:00,Wind N03,125.20915340662368
2030,sc01,10-04 02:00:00+02:00,CT NG 28,0.0
2030,sc01,10-04 02:00:00+02:00,Wind 09,0.17304525696
2030,sc01,10-04 02:00:00+02:00,Solar 60,0.0
2030,sc01,10-04 02:00:00+02:00,Solar 25,0.0
2030,sc01,10-04 02:00:00+02:00,CT NG 23,0.0
2030,sc01,10-04 02:00:00+02:00,ST Other 01,0.0
2030,sc01,10-04 02:00:00+02:00,Solar 70,0.0
2030,sc01,10-04 02:00:00+02:00,CC NG 34,0.0
2030,sc01,10-04 02:00:00+02:00,Solar 48,0.0
2030,sc01,10-04 02:00:00+02:00,Biomass 56,0.06656000000000001
2030,sc01,10-04 02:00:00+02:00,CT NG 36,0.0
2030,sc01,10-04 02:00:00+02:00,Solar 47,0.0
2030,sc01,10-04 02:00:00+02:00,Hydro 17,0.019794239999999998
2030,sc01,10-04 02:00:00+02:00,Solar 09,0.0
2030,sc01,10-04 02:00:00+02:00,Solar 08,0.0
2030,sc01,10-04 02:00:00+02:00,CT NG 45,0.0
2030,sc01,10-04 02:00:00+02:00,ST NG 04,0.0
2030,sc01,10-04 02:00:00+02:00,Solar 40,0.0
2030,sc01,10-04 02:00:00+02:00,Biomass 47,0.0
2030,sc01,10-04 02:00:00+02:00,Solar 50,0.0
2030,sc01,10-04 02:00:00+02:00,Solar 52,0.0
2030,sc01,10-04 02:00:00+02:00,Solar 63,0.0
2030,sc01,10-04 02:00:00+02:00,CC NG 06,0.0
2030,sc01,10-04 02:00:00+02:00,Biomass 39,0.0
2030,sc01,10-04 02:00:00+02:00,Solar 67,0.0
2030,sc01,10-04 02:00:00+02:00,Solar 19,0.0
2030,sc01,10-04 02:00:00+02:00,Wind 12,2.20720581568
2030,sc01,10-04 02:00:00+02:00,Solar 24,0.0
2030,sc01,10-04 02:00:00+02:00,ICE NG 02,0.0
2030,sc01,10-04 02:00:00+02:00,Solar 05,0.0
2030,sc01,10-04 02:00:00+02:00,CT NG 54,0.0
2030,sc01,10-04 02:00:00+02:00,Wind N01,20.9401577376
2030,sc01,10-04 02:00:00+02:00,CT NG 27,0.0
2030,sc01,10-04 02:00:00+02:00,CC NG 36,0.0
2030,sc01,10-04 02:00:00+02:00,Wind N02,80.53881905165757
2030,sc01,10-04 02:00:00+02:00,CT NG 52,0.0
2030,sc01,10-04 02:00:00+02:00,Solar 35,0.0
2030,sc01,10-04 02:00:00+02:00,CT NG 05,0.0
2030,sc01,10-04 02:00:00+02:00,Biomass 36,0.0
2030,sc01,10-04 02:00:00+02:00,CT NG 34,0.0
2030,sc01,10-04 02:00:00+02:00,CT Oil 03,0.0
2030,sc01,10-04 02:00:00+02:00,Hydro 35,0.0
2030,sc01,10-04 02:00:00+02:00,Solar 14,0.0
2030,sc01,10-04 02:00:00+02:00,CT NG 75,0.0
2030,sc01,10-04 02:00:00+02:00,ST NG 09,0.0
2030,sc01,10-04 02:00:00+02:00,CT NG 56,0.0
2030,sc01,10-04 02:00:00+02:00,Biomass 22,0.0112
2030,sc01,10-04 02:00:00+02:00,Solar 18,0.0
2030,sc01,10-04 02:00:00+02:00,Biomass 13,0.01056
2030,sc01,10-04 02:00:00+02:00,CT NG 71,0.0
2030,sc01,10-04 02:00:00+02:00,Solar 58,0.0
2030,sc01,10-04 02:00:00+02:00,Solar 06,0.0
2030,sc01,10-04 02:00:00+02:00,Biomass 08,0.02368
2030,sc01,10-04 02:00:00+02:00,CT NG 72,0.0
2030,sc01,10-04 02:00:00+02:00,Hydro 18,0.06818016
2030,sc01,10-04 02:00:00+02:00,Solar 10,0.0
2030,sc01,10-04 02:00:00+02:00,CT NG 04,0.0
2030,sc01,10-04 02:00:00+02:00,ST Other 02,0.0
2030,sc01,10-04 02:00:00+02:00,CT NG 12,0.0
2030,sc01,10-04 02:00:00+02:00,CT NG 48,0.0
2030,sc01,10-04 02:00:00+02:00,ST NG 10,0.0
2030,sc01,10-04 02:00:00+02:00,Solar 22,0.0
2030,sc01,10-04 02:00:00+02:00,Solar 28,0.0
2030,sc01,10-04 02:00:00+02:00,CT NG 73,0.0
2030,sc01,10-04 02:00:00+02:00,Biomass 52,0.0
2030,sc01,10-04 02:00:00+02:00,CT NG 30,0.0
2030,sc01,10-04 02:00:00+02:00,Solar 54,0.0
2030,sc01,10-04 02:00:00+02:00,Solar 31,0.0
2030,sc01,10-04 02:00:00+02:00,Biomass 03,0.0
2030,sc01,10-04 02:00:00+02:00,CT NG 32,0.0
2030,sc01,10-04 02:00:00+02:00,Biomass 27,0.054079999999999996
2030,sc01,10-04 02:00:00+02:00,CC NG 14,0.0
2030,sc01,10-04 02:00:00+02:00,CC NG 03,0.0
2030,sc01,10-04 02:00:00+02:00,CC NG 29,0.0
2030,sc01,10-04 02:00:00+02:00,CC NG 28,0.0
2030,sc01,10-04 02:00:00+02:00,CC NG 25,0.0
2030,sc01,10-04 02:00:00+02:00,CT NG 44,0.0
2030,sc01,10-04 02:00:00+02:00,CT NG 14,0.0
2030,sc01,10-04 02:00:00+02:00,CC NG 15,0.0
2030,sc01,10-04 02:00:00+02:00,CC NG 04,0.0
2030,sc01,10-04 02:00:00+02:00,Biomass 29,0.054079999999999996
2030,sc01,10-04 02:00:00+02:00,Wind 14,10.94030240961917
2030,sc01,10-04 02:00:00+02:00,Wind 08,0.1631077568
2030,sc01,10-04 02:00:00+02:00,Biomass 61,0.0
2030,sc01,10-04 02:00:00+02:00,CT NG 35,0.0
2030,sc01,10-04 02:00:00+02:00,Solar 33,0.0
2030,sc01,10-04 02:00:00+02:00,CT NG 41,0.0
2030,sc01,10-04 02:00:00+02:00,CT NG 15,0.0
2030,sc01,10-04 02:00:00+02:00,Solar 42,0.0
2030,sc01,10-04 02:00:00+02:00,Solar 07,0.0
2030,sc01,10-04 02:00:00+02:00,Solar 43,0.0
2030,sc01,10-04 02:00:00+02:00,Biomass 05,0.01408
2030,sc01,10-04 02:00:00+02:00,CT NG 29,0.0
2030,sc01,10-04 02:00:00+02:00,Solar 71,0.0
2030,sc01,10-04 02:00:00+02:00,CT NG 53,0.0
2030,sc01,10-04 02:00:00+02:00,CT NG 20,0.0
2030,sc01,10-04 02:00:00+02:00,Biomass 14,0.02336
2030,sc01,10-04 02:00:00+02:00,Solar 26,0.0
2030,sc01,10-04 02:00:00+02:00,Hydro 29,0.0
2030,sc01,10-04 02:00:00+02:00,Hydro 31,0.00586496
2030,sc01,10-04 02:00:00+02:00,Biomass 24,0.01408
2030,sc01,10-04 02:00:00+02:00,Biomass 54,0.07615999999999999
2030,sc01,10-04 02:00:00+02:00,Solar 36,0.0
2030,sc01,10-04 02:00:00+02:00,Wind 03,0.51971516416
2030,sc01,10-04 02:00:00+02:00,Biomass 40,0.0
2030,sc01,10-04 02:00:00+02:00,Biomass 49,0.0
2030,sc01,10-04 02:00:00+02:00,CC NG 16,22.181407535320183
2030,sc01,10-04 02:00:00+02:00,Biomass 48,0.0
2030,sc01,10-04 02:00:00+02:00,Hydro 28,0.0
2030,sc01,10-04 02:00:00+02:00,Biomass 17,0.00704
2030,sc01,10-04 02:00:00+02:00,CT NG 33,0.0
2030,sc01,10-04 02:00:00+02:00,Solar 45,0.0
2030,sc01,10-04 02:00:00+02:00,Hydro 24,0.0
2030,sc01,10-04 02:00:00+02:00,Wind 13,1.28752193248
2030,sc01,10-04 02:00:00+02:00,Biomass 07,0.064
2030,sc01,10-04 02:00:00+02:00,Biomass 34,0.0
2030,sc01,10-04 02:00:00+02:00,Biomass 33,0.0
2030,sc01,10-04 02:00:00+02:00,CT NG 01,0.0
2030,sc01,10-04 02:00:00+02:00,ICE NG 03,0.0
2030,sc01,10-04 02:00:00+02:00,Solar 55,0.0
2030,sc01,10-04 02:00:00+02:00,Solar 11,0.0
2030,sc01,10-04 02:00:00+02:00,CT NG 06,0.0
2030,sc01,10-04 02:00:00+02:00,CT NG 70,0.0
2030,sc01,10-04 02:00:00+02:00,Solar 23,0.0
2030,sc01,10-04 02:00:00+02:00,CT NG 67,0.0
2030,sc01,10-04 02:00:00+02:00,Solar 12,0.0
2030,sc01,10-04 02:00:00+02:00,CT Oil 01,0.0
2030,sc01,10-04 02:00:00+02:00,Hydro 26,0.0
2030,sc01,10-04 02:00:00+02:00,CC NG 22,0.0
2030,sc01,10-04 02:00:00+02:00,CC NG 35,0.0
2030,sc01,10-04 02:00:00+02:00,Biomass 50,0.0
2030,sc01,10-04 02:00:00+02:00,ICE NG 04,0.0
2030,sc01,10-04 02:00:00+02:00,CC NG 39,0.0
2030,sc01,10-04 02:00:00+02:00,Hydro 32,0.007037952
2030,sc01,10-04 02:00:00+02:00,ICE NG 07,0.0
2030,sc01,10-04 02:00:00+02:00,Biomass 46,0.0
2030,sc01,10-04 02:00:00+02:00,CC NG 38,0.0
2030,sc01,10-04 02:00:00+02:00,CC NG 12,0.0
2030,sc01,10-04 02:00:00+02:00,Solar 57,0.0
2030,sc01,10-04 02:00:00+02:00,CC NG 32,0.0
2030,sc01,10-04 02:00:00+02:00,CC NG 07,0.0
2030,sc01,10-04 02:00:00+02:00,Biomass 44,0.0
2030,sc01,10-04 02:00:00+02:00,CT NG 40,0.0
2030,sc01,10-04 02:00:00+02:00,Solar 74,0.0
2030,sc01,10-04 02:00:00+02:00,Hydro 30,0.0
2030,sc01,10-04 02:00:00+02:00,CT NG 42,0.0
2030,sc01,10-04 02:00:00+02:00,Hydro 22,0.0
2030,sc01,10-04 02:00:00+02:00,Solar 17,0.0
2030,sc01,10-04 02:00:00+02:00,Solar 38,0.0
2030,sc01,10-04 02:00:00+02:00,CT NG 24,0.0
2030,sc01,10-04 02:00:00+02:00,CC NG 27,0.0
2030,sc01,10-04 02:00:00+02:00,Biomass 21,0.0112
2030,sc01,10-04 02:00:00+02:00,ICE NG 06,0.0
2030,sc01,10-04 02:00:00+02:00,Biomass 25,0.01408
2030,sc01,10-04 02:00:00+02:00,Solar 27,0.0
2030,sc01,10-04 02:00:00+02:00,CT NG 19,0.0
2030,sc01,10-04 02:00:00+02:00,Biomass 42,0.0
2030,sc01,10-04 02:00:00+02:00,Biomass 19,0.0112
2030,sc01,10-04 02:00:00+02:00,Biomass 06,0.01408
2030,sc01,10-04 02:00:00+02:00,CT NG 10,0.0
2030,sc01,10-04 02:00:00+02:00,CC NG 40,0.0
2030,sc01,10-04 02:00:00+02:00,CC NG 21,0.0
2030,sc01,10-04 02:00:00+02:00,Biomass 02,0.032
2030,sc01,10-04 02:00:00+02:00,CT NG 46,0.0
2030,sc01,10-04 02:00:00+02:00,Hydro 34,0.0
2030,sc01,10-04 02:00:00+02:00,Biomass 10,0.02368
2030,sc01,10-04 02:00:00+02:00,CT NG 17,0.0
2030,sc01,10-04 02:00:00+02:00,Biomass 62,0.04672
2030,sc01,10-04 02:00:00+02:00,Biomass 32,0.038079999999999996
2030,sc01,10-04 02:00:00+02:00,CC NG 19,4.33216
2030,sc01,10-04 02:00:00+02:00,CC NG 17,0.0
2030,sc01,10-04 02:00:00+02:00,ST NG 01,0.0
2030,sc01,10-04 02:00:00+02:00,Biomass 45,0.0
2030,sc01,10-04 02:00:00+02:00,Biomass 28,0.054079999999999996
2030,sc01,10-04 02:00:00+02:00,CC NG 10,0.0
2030,sc01,10-04 02:00:00+02:00,Biomass 23,0.01408
2030,sc01,10-04 02:00:00+02:00,ST NG 06,0.0
2030,sc01,10-04 02:00:00+02:00,Wind 10,0.16275570713600002
2030,sc01,10-04 02:00:00+02:00,CT NG 69,0.0
2030,sc01,10-04 02:00:00+02:00,CT NG 68,0.0
2030,sc01,10-04 06:00:00+02:00,CC NG 13,0.0
2030,sc01,10-04 06:00:00+02:00,CT NG 37,0.0
2030,sc01,10-04 06:00:00+02:00,ST Coal 01,0.0
2030,sc01,10-04 06:00:00+02:00,CT NG 09,0.0
2030,sc01,10-04 06:00:00+02:00,CT NG 47,0.0
2030,sc01,10-04 06:00:00+02:00,Solar 69,0.0
2030,sc01,10-04 06:00:00+02:00,Solar 34,3.1260056687999995
2030,sc01,10-04 06:00:00+02:00,Solar 73,0.0
2030,sc01,10-04 06:00:00+02:00,Biomass 37,0.0
2030,sc01,10-04 06:00:00+02:00,Hydro 20,0.0
2030,sc01,10-04 06:00:00+02:00,Solar 01,0.116843699808
2030,sc01,10-04 06:00:00+02:00,Solar 62,0.0
2030,sc01,10-04 06:00:00+02:00,Solar 02,0.0
2030,sc01,10-04 06:00:00+02:00,CT NG 26,0.0
2030,sc01,10-04 06:00:00+02:00,Biomass 20,0.0084
2030,sc01,10-04 06:00:00+02:00,Wind 16,4.649136565194421
2030,sc01,10-04 06:00:00+02:00,CT NG 66,0.0
2030,sc01,10-04 06:00:00+02:00,Solar 39,0.010371470016
2030,sc01,10-04 06:00:00+02:00,Biomass 41,0.0
2030,sc01,10-04 06:00:00+02:00,Solar 72,0.0
2030,sc01,10-04 06:00:00+02:00,ST NG 03,0.0
2030,sc01,10-04 06:00:00+02:00,Hydro 21,18.194695199999998
2030,sc01,10-04 06:00:00+02:00,CT NG 03,0.0
2030,sc01,10-04 06:00:00+02:00,CC NG 09,0.0
2030,sc01,10-04 06:00:00+02:00,CT Oil 02,0.0
2030,sc01,10-04 06:00:00+02:00,CT NG 39,0.0
2030,sc01,10-04 06:00:00+02:00,CC NG 08,0.0
2030,sc01,10-04 06:00:00+02:00,Biomass 43,0.0
2030,sc01,10-04 06:00:00+02:00,CT NG 18,0.09069839999999998
2030,sc01,10-04 06:00:00+02:00,ST NG 07,0.0
2030,sc01,10-04 06:00:00+02:00,Biomass 35,0.0
2030,sc01,10-04 06:00:00+02:00,Solar 32,2.08038628032
2030,sc01,10-04 06:00:00+02:00,Biomass 15,0.00528
2030,sc01,10-04 06:00:00+02:00,CC NG 31,0.0
2030,sc01,10-04 06:00:00+02:00,Solar 16,0.149745037824
2030,sc01,10-04 06:00:00+02:00,Solar 68,0.0
2030,sc01,10-04 06:00:00+02:00,CT NG 21,0.0
2030,sc01,10-04 06:00:00+02:00,Wind 11,0.078739356096
2030,sc01,10-04 06:00:00+02:00,CC NG 37,0.0
2030,sc01,10-04 06:00:00+02:00,CT NG 22,0.0
2030,sc01,10-04 06:00:00+02:00,Hydro 16,0.00855168
2030,sc01,10-04 06:00:00+02:00,Biomass 59,0.09936
2030,sc01,10-04 06:00:00+02:00,CC NG 01,0.0
2030,sc01,10-04 06:00:00+02:00,Biomass 16,0.00528
2030,sc01,10-04 06:00:00+02:00,Solar 03,0.12409091702400002
2030,sc01,10-04 06:00:00+02:00,Solar 44,0.023268670079999998
2030,sc01,10-04 06:00:00+02:00,CT NG 08,0.0
2030,sc01,10-04 06:00:00+02:00,Wind 05,0.005523719616000001
2030,sc01,10-04 06:00:00+02:00,Biomass 26,0.04056
2030,sc01,10-04 06:00:00+02:00,Solar 37,0.44654103047999993
2030,sc01,10-04 06:00:00+02:00,Biomass 11,0.00792
2030,sc01,10-04 06:00:00+02:00,Solar 59,0.0
2030,sc01,10-04 06:00:00+02:00,CT NG 11,0.0
2030,sc01,10-04 06:00:00+02:00,Biomass 30,0.04056
2030,sc01,10-04 06:00:00+02:00,Hydro 23,0.0
2030,sc01,10-04 06:00:00+02:00,CC NG 24,0.0
2030,sc01,10-04 06:00:00+02:00,Solar 65,0.160066094784
2030,sc01,10-04 06:00:00+02:00,CC NG 18,11.988267532194062
2030,sc01,10-04 06:00:00+02:00,CT NG 16,0.0
2030,sc01,10-04 06:00:00+02:00,Solar 51,0.026151604415999997
2030,sc01,10-04 06:00:00+02:00,Wind 06,0.23649548448000002
2030,sc01,10-04 06:00:00+02:00,CC NG 26,0.0
2030,sc01,10-04 06:00:00+02:00,CC NG 23,0.0
2030,sc01,10-04 06:00:00+02:00,CT NG 43,0.0
2030,sc01,10-04 06:00:00+02:00,CC NG 11,0.0
2030,sc01,10-04 06:00:00+02:00,CT NG 02,0.0
2030,sc01,10-04 06:00:00+02:00,CT NG 50,0.0
2030,sc01,10-04 06:00:00+02:00,Hydro 27,0.0
2030,sc01,10-04 06:00:00+02:00,CT NG 13,0.0
2030,sc01,10-04 06:00:00+02:00,CT NG 25,0.0
2030,sc01,10-04 06:00:00+02:00,CC NG 05,0.5045426849940214
2030,sc01,10-04 06:00:00+02:00,Solar 04,0.026114530176000003
2030,sc01,10-04 06:00:00+02:00,Solar 30,0.144400860672
2030,sc01,10-04 06:00:00+02:00,Solar 29,0.0
2030,sc01,10-04 06:00:00+02:00,Solar 53,0.026893673664
2030,sc01,10-04 06:00:00+02:00,Solar 21,0.099088438272
2030,sc01,10-04 06:00:00+02:00,Biomass 58,0.04392
2030,sc01,10-04 06:00:00+02:00,CT NG 74,0.0
2030,sc01,10-04 06:00:00+02:00,Solar 61,0.0
2030,sc01,10-04 06:00:00+02:00,Wind 07,0.10529676115200001
2030,sc01,10-04 06:00:00+02:00,Biomass 31,0.04056
2030,sc01,10-04 06:00:00+02:00,CT Oil 05,0.0
2030,sc01,10-04 06:00:00+02:00,Biomass 38,0.0
2030,sc01,10-04 06:00:00+02:00,Solar 41,0.010371470016
2030,sc01,10-04 06:00:00+02:00,Biomass 51,0.0
2030,sc01,10-04 06:00:00+02:00,Biomass 55,0.05711999999999999
2030,sc01,10-04 06:00:00+02:00,Wind 15,0.0
2030,sc01,10-04 06:00:00+02:00,Geo 01,0.0
2030,sc01,10-04 06:00:00+02:00,Biomass 60,0.0648
2030,sc01,10-04 06:00:00+02:00,CT NG 38,0.0
2030,sc01,10-04 06:00:00+02:00,Solar 66,6.4991069136
2030,sc01,10-04 06:00:00+02:00,Solar 49,0.014328273984
2030,sc01,10-04 06:00:00+02:00,CT NG 51,0.0
2030,sc01,10-04 06:00:00+02:00,Biomass 18,0.00528
2030,sc01,10-04 06:00:00+02:00,ICE NG 01,0.0
2030,sc01,10-04 06:00:00+02:00,Solar 15,0.056667779904
2030,sc01,10-04 06:00:00+02:00,ICE NG 05,0.0
2030,sc01,10-04 06:00:00+02:00,CT Oil 04,0.0
2030,sc01,10-04 06:00:00+02:00,CC NG 20,0.0
2030,sc01,10-04 06:00:00+02:00,Solar 20,0.0
2030,sc01,10-04 06:00:00+02:00,Biomass 04,0.0
2030,sc01,10-04 06:00:00+02:00,Wind 02,0.129784264704
2030,sc01,10-04 06:00:00+02:00,Hydro 25,0.4168944
2030,sc01,10-04 06:00:00+02:00,Solar 75,0.019991858304
2030,sc01,10-04 06:00:00+02:00,Hydro 33,0.0
2030,sc01,10-04 06:00:00+02:00,ST NG 05,0.0
2030,sc01,10-04 06:00:00+02:00,CT NG 07,0.0
2030,sc01,10-04 06:00:00+02:00,Wind 01,0.10294596192
2030,sc01,10-04 06:00:00+02:00,Solar 56,0.04318187808
2030,sc01,10-04 06:00:00+02:00,Biomass 09,0.017759999999999998
2030,sc01,10-04 06:00:00+02:00,Biomass 53,0.05711999999999999
2030,sc01,10-04 06:00:00+02:00,Wind 17,28.36065876
2030,sc01,10-04 06:00:00+02:00,ST NG 08,0.0
2030,sc01,10-04 06:00:00+02:00,Hydro 19,0.135168
2030,sc01,10-04 06:00:00+02:00,ST NG 02,0.0
2030,sc01,10-04 06:00:00+02:00,Biomass 01,0.024
2030,sc01,10-04 06:00:00+02:00,Biomass 57,0.04392
2030,sc01,10-04 06:00:00+02:00,CT NG 49,0.0
2030,sc01,10-04 06:00:00+02:00,CT NG 31,0.0
2030,sc01,10-04 06:00:00+02:00,Solar 64,0.08403453062400001
2030,sc01,10-04 06:00:00+02:00,CC NG 33,0.0
2030,sc01,10-04 06:00:00+02:00,Solar 46,0.023268670079999998
2030,sc01,10-04 06:00:00+02:00,Biomass 12,0.00792
2030,sc01,10-04 06:00:00+02:00,Wind 04,0.22529055321600003
2030,sc01,10-04 06:00:00+02:00,Solar 13,0.0
2030,sc01,10-04 06:00:00+02:00,CT NG 55,0.0
2030,sc01,10-04 06:00:00+02:00,Wind N03,133.30685918248292
2030,sc01,10-04 06:00:00+02:00,CT NG 28,0.0
2030,sc01,10-04 06:00:00+02:00,Wind 09,0.09371113689600001
2030,sc01,10-04 06:00:00+02:00,Solar 60,0.0
2030,sc01,10-04 06:00:00+02:00,Solar 25,0.010431932736
2030,sc01,10-04 06:00:00+02:00,CT NG 23,0.0
2030,sc01,10-04 06:00:00+02:00,ST Other 01,0.0
2030,sc01,10-04 06:00:00+02:00,Solar 70,0.0
2030,sc01,10-04 06:00:00+02:00,CC NG 34,0.0
2030,sc01,10-04 06:00:00+02:00,Solar 48,0.023268670079999998
2030,sc01,10-04 06:00:00+02:00,Biomass 56,0.049920000000000006
2030,sc01,10-04 06:00:00+02:00,CT NG 36,0.0
2030,sc01,10-04 06:00:00+02:00,Solar 47,0.023268670079999998
2030,sc01,10-04 06:00:00+02:00,Hydro 17,0.01443096
2030,sc01,10-04 06:00:00+02:00,Solar 09,0.069140439168
2030,sc01,10-04 06:00:00+02:00,Solar 08,0.013506465408
2030,sc01,10-04 06:00:00+02:00,CT NG 45,0.0
2030,sc01,10-04 06:00:00+02:00,ST NG 04,0.0
2030,sc01,10-04 06:00:00+02:00,Solar 40,0.010371470016
2030,sc01,10-04 06:00:00+02:00,Biomass 47,0.0
2030,sc01,10-04 06:00:00+02:00,Solar 50,0.027344230272
2030,sc01,10-04 06:00:00+02:00,Solar 52,0.062021259839999995
2030,sc01,10-04 06:00:00+02:00,Solar 63,0.17945835897600002
2030,sc01,10-04 06:00:00+02:00,CC NG 06,0.0
2030,sc01,10-04 06:00:00+02:00,Biomass 39,0.0
2030,sc01,10-04 06:00:00+02:00,Solar 67,0.119628899904
2030,sc01,10-04 06:00:00+02:00,Solar 19,0.0
2030,sc01,10-04 06:00:00+02:00,Wind 12,0.88679662104
2030,sc01,10-04 06:00:00+02:00,Solar 24,0.007780675775999999
2030,sc01,10-04 06:00:00+02:00,ICE NG 02,0.0
2030,sc01,10-04 06:00:00+02:00,Solar 05,0.0
2030,sc01,10-04 06:00:00+02:00,CT NG 54,0.0
2030,sc01,10-04 06:00:00+02:00,Wind N01,8.4131987112
2030,sc01,10-04 06:00:00+02:00,CT NG 27,0.0
2030,sc01,10-04 06:00:00+02:00,CC NG 36,0.0
2030,sc01,10-04 06:00:00+02:00,Wind N02,0.0
2030,sc01,10-04 06:00:00+02:00,CT NG 52,0.0
2030,sc01,10-04 06:00:00+02:00,Solar 35,0.8600928086399999
2030,sc01,10-04 06:00:00+02:00,CT NG 05,0.0
2030,sc01,10-04 06:00:00+02:00,Biomass 36,0.0
2030,sc01,10-04 06:00:00+02:00,CT NG 34,0.0
2030,sc01,10-04 06:00:00+02:00,CT Oil 03,0.0
2030,sc01,10-04 06:00:00+02:00,Hydro 35,0.0
2030,sc01,10-04 06:00:00+02:00,Solar 14,0.06300181094400001
2030,sc01,10-04 06:00:00+02:00,CT NG 75,0.0
2030,sc01,10-04 06:00:00+02:00,ST NG 09,0.0
2030,sc01,10-04 06:00:00+02:00,CT NG 56,0.0
2030,sc01,10-04 06:00:00+02:00,Biomass 22,0.0084
2030,sc01,10-04 06:00:00+02:00,Solar 18,0.06645198144
2030,sc01,10-04 06:00:00+02:00,Biomass 13,0.00792
2030,sc01,10-04 06:00:00+02:00,CT NG 71,0.0
2030,sc01,10-04 06:00:00+02:00,Solar 58,0.046706213760000004
2030,sc01,10-04 06:00:00+02:00,Solar 06,0.013351783871999999
2030,sc01,10-04 06:00:00+02:00,Biomass 08,0.017759999999999998
2030,sc01,10-04 06:00:00+02:00,CT NG 72,0.0
2030,sc01,10-04 06:00:00+02:00,Hydro 18,0.04970664
2030,sc01,10-04 06:00:00+02:00,Solar 10,0.0
2030,sc01,10-04 06:00:00+02:00,CT NG 04,0.0
2030,sc01,10-04 06:00:00+02:00,ST Other 02,0.0
2030,sc01,10-04 06:00:00+02:00,CT NG 12,0.0
2030,sc01,10-04 06:00:00+02:00,CT NG 48,0.0
2030,sc01,10-04 06:00:00+02:00,ST NG 10,0.0
2030,sc01,10-04 06:00:00+02:00,Solar 22,0.0
2030,sc01,10-04 06:00:00+02:00,Solar 28,0.0
2030,sc01,10-04 06:00:00+02:00,CT NG 73,0.0
2030,sc01,10-04 06:00:00+02:00,Biomass 52,0.0
2030,sc01,10-04 06:00:00+02:00,CT NG 30,0.0
2030,sc01,10-04 06:00:00+02:00,Solar 54,0.05361590342400001
2030,sc01,10-04 06:00:00+02:00,Solar 31,1.9166674610400003
2030,sc01,10-04 06:00:00+02:00,Biomass 03,0.0
2030,sc01,10-04 06:00:00+02:00,CT NG 32,0.0
2030,sc01,10-04 06:00:00+02:00,Biomass 27,0.04056
2030,sc01,10-04 06:00:00+02:00,CC NG 14,0.0
2030,sc01,10-04 06:00:00+02:00,CC NG 03,2.94695184
2030,sc01,10-04 06:00:00+02:00,CC NG 29,0.0
2030,sc01,10-04 06:00:00+02:00,CC NG 28,0.0
2030,sc01,10-04 06:00:00+02:00,CC NG 25,0.0
2030,sc01,10-04 06:00:00+02:00,CT NG 44,0.0
2030,sc01,10-04 06:00:00+02:00,CT NG 14,0.0
2030,sc01,10-04 06:00:00+02:00,CC NG 15,0.0
2030,sc01,10-04 06:00:00+02:00,CC NG 04,7.42656
2030,sc01,10-04 06:00:00+02:00,Biomass 29,0.04056
2030,sc01,10-04 06:00:00+02:00,Wind 14,9.781657845103895
2030,sc01,10-04 06:00:00+02:00,Wind 08,0.089987960448
2030,sc01,10-04 06:00:00+02:00,Biomass 61,0.0
2030,sc01,10-04 06:00:00+02:00,CT NG 35,0.0
2030,sc01,10-04 06:00:00+02:00,Solar 33,2.0166141696
2030,sc01,10-04 06:00:00+02:00,CT NG 41,0.0
2030,sc01,10-04 06:00:00+02:00,CT NG 15,0.0
2030,sc01,10-04 06:00:00+02:00,Solar 42,0.023268670079999998
2030,sc01,10-04 06:00:00+02:00,Solar 07,0.0
2030,sc01,10-04 06:00:00+02:00,Solar 43,0.023268670079999998
2030,sc01,10-04 06:00:00+02:00,Biomass 05,0.01056
2030,sc01,10-04 06:00:00+02:00,CT NG 29,0.0
2030,sc01,10-04 06:00:00+02:00,Solar 71,0.0
2030,sc01,10-04 06:00:00+02:00,CT NG 53,0.0
2030,sc01,10-04 06:00:00+02:00,CT NG 20,0.0
2030,sc01,10-04 06:00:00+02:00,Biomass 14,0.01752
2030,sc01,10-04 06:00:00+02:00,Solar 26,0.009660698111999998
2030,sc01,10-04 06:00:00+02:00,Hydro 29,16.01948724626274
2030,sc01,10-04 06:00:00+02:00,Hydro 31,0.00427584
2030,sc01,10-04 06:00:00+02:00,Biomass 24,0.01056
2030,sc01,10-04 06:00:00+02:00,Biomass 54,0.05711999999999999
2030,sc01,10-04 06:00:00+02:00,Solar 36,4.4322555936
2030,sc01,10-04 06:00:00+02:00,Wind 03,0.5678925384
2030,sc01,10-04 06:00:00+02:00,Biomass 40,0.0
2030,sc01,10-04 06:00:00+02:00,Biomass 49,0.0
2030,sc01,10-04 06:00:00+02:00,CC NG 16,21.896748000000002
2030,sc01,10-04 06:00:00+02:00,Biomass 48,0.0
2030,sc01,10-04 06:00:00+02:00,Hydro 28,0.0
2030,sc01,10-04 06:00:00+02:00,Biomass 17,0.00528
2030,sc01,10-04 06:00:00+02:00,CT NG 33,0.0
2030,sc01,10-04 06:00:00+02:00,Solar 45,0.023268670079999998
2030,sc01,10-04 06:00:00+02:00,Hydro 24,0.0
2030,sc01,10-04 06:00:00+02:00,Wind 13,0.6385293326400001
2030,sc01,10-04 06:00:00+02:00,Biomass 07,0.048
2030,sc01,10-04 06:00:00+02:00,Biomass 34,0.0
2030,sc01,10-04 06:00:00+02:00,Biomass 33,0.0
2030,sc01,10-04 06:00:00+02:00,CT NG 01,0.0
2030,sc01,10-04 06:00:00+02:00,ICE NG 03,0.0
2030,sc01,10-04 06:00:00+02:00,Solar 55,0.043065561408
2030,sc01,10-04 06:00:00+02:00,Solar 11,0.010671616128000001
2030,sc01,10-04 06:00:00+02:00,CT NG 06,0.0
2030,sc01,10-04 06:00:00+02:00,CT NG 70,0.0
2030,sc01,10-04 06:00:00+02:00,Solar 23,0.0
2030,sc01,10-04 06:00:00+02:00,CT NG 67,0.0
2030,sc01,10-04 06:00:00+02:00,Solar 12,0.008260958208
2030,sc01,10-04 06:00:00+02:00,CT Oil 01,0.0
2030,sc01,10-04 06:00:00+02:00,Hydro 26,0.4168944
2030,sc01,10-04 06:00:00+02:00,CC NG 22,0.9048217554950357
2030,sc01,10-04 06:00:00+02:00,CC NG 35,0.0
2030,sc01,10-04 06:00:00+02:00,Biomass 50,0.0
2030,sc01,10-04 06:00:00+02:00,ICE NG 04,0.0
2030,sc01,10-04 06:00:00+02:00,CC NG 39,0.0
2030,sc01,10-04 06:00:00+02:00,Hydro 32,0.005131008
2030,sc01,10-04 06:00:00+02:00,ICE NG 07,0.0
2030,sc01,10-04 06:00:00+02:00,Biomass 46,0.0
2030,sc01,10-04 06:00:00+02:00,CC NG 38,0.0
2030,sc01,10-04 06:00:00+02:00,CC NG 12,0.0
2030,sc01,10-04 06:00:00+02:00,Solar 57,0.039887109504
2030,sc01,10-04 06:00:00+02:00,CC NG 32,0.0
2030,sc01,10-04 06:00:00+02:00,CC NG 07,0.0
2030,sc01,10-04 06:00:00+02:00,Biomass 44,0.0
2030,sc01,10-04 06:00:00+02:00,CT NG 40,0.0
2030,sc01,10-04 06:00:00+02:00,Solar 74,0.0
2030,sc01,10-04 06:00:00+02:00,Hydro 30,0.0
2030,sc01,10-04 06:00:00+02:00,CT NG 42,0.0
2030,sc01,10-04 06:00:00+02:00,Hydro 22,2.9528850835369145
2030,sc01,10-04 06:00:00+02:00,Solar 17,0.016203040512
2030,sc01,10-04 06:00:00+02:00,Solar 38,0.056506365887999996
2030,sc01,10-04 06:00:00+02:00,CT NG 24,0.0
2030,sc01,10-04 06:00:00+02:00,CC NG 27,0.0
2030,sc01,10-04 06:00:00+02:00,Biomass 21,0.0084
2030,sc01,10-04 06:00:00+02:00,ICE NG 06,0.0
2030,sc01,10-04 06:00:00+02:00,Biomass 25,0.01056
2030,sc01,10-04 06:00:00+02:00,Solar 27,0.0
2030,sc01,10-04 06:00:00+02:00,CT NG 19,0.0
2030,sc01,10-04 06:00:00+02:00,Biomass 42,0.0
2030,sc01,10-04 06:00:00+02:00,Biomass 19,0.0084
2030,sc01,10-04 06:00:00+02:00,Biomass 06,0.01056
2030,sc01,10-04 06:00:00+02:00,CT NG 10,0.0
2030,sc01,10-04 06:00:00+02:00,CC NG 40,0.0
2030,sc01,10-04 06:00:00+02:00,CC NG 21,0.0
2030,sc01,10-04 06:00:00+02:00,Biomass 02,0.024
2030,sc01,10-04 06:00:00+02:00,CT NG 46,0.0
2030,sc01,10-04 06:00:00+02:00,Hydro 34,0.0
2030,sc01,10-04 06:00:00+02:00,Biomass 10,0.017759999999999998
2030,sc01,10-04 06:00:00+02:00,CT NG 17,0.16046639999999998
2030,sc01,10-04 06:00:00+02:00,Biomass 62,0.03504
2030,sc01,10-04 06:00:00+02:00,Biomass 32,0.028559999999999995
2030,sc01,10-04 06:00:00+02:00,CC NG 19,3.24912
2030,sc01,10-04 06:00:00+02:00,CC NG 17,0.0
2030,sc01,10-04 06:00:00+02:00,ST NG 01,0.0
2030,sc01,10-04 06:00:00+02:00,Biomass 45,0.0
2030,sc01,10-04 06:00:00+02:00,Biomass 28,0.04056
2030,sc01,10-04 06:00:00+02:00,CC NG 10,0.0
2030,sc01,10-04 06:00:00+02:00,Biomass 23,0.01056
2030,sc01,10-04 06:00:00+02:00,ST NG 06,0.0
2030,sc01,10-04 06:00:00+02:00,Wind 10,0.090563459136
2030,sc01,10-04 06:00:00+02:00,CT NG 69,0.0
2030,sc01,10-04 06:00:00+02:00,CT NG 68,0.0
2030,sc01,10-06 09:00:00+02:00,CC NG 13,0.0
2030,sc01,10-06 09:00:00+02:00,CT NG 37,0.0
2030,sc01,10-06 09:00:00+02:00,ST Coal 01,0.0
2030,sc01,10-06 09:00:00+02:00,CT NG 09,0.0
2030,sc01,10-06 09:00:00+02:00,CT NG 47,0.0
2030,sc01,10-06 09:00:00+02:00,Solar 69,0.0
2030,sc01,10-06 09:00:00+02:00,Solar 34,0.0
2030,sc01,10-06 09:00:00+02:00,Solar 73,0.0
2030,sc01,10-06 09:00:00+02:00,Biomass 37,0.0
2030,sc01,10-06 09:00:00+02:00,Hydro 20,0.0
2030,sc01,10-06 09:00:00+02:00,Solar 01,2.712580904
2030,sc01,10-06 09:00:00+02:00,Solar 62,0.0
2030,sc01,10-06 09:00:00+02:00,Solar 02,4.828461024
2030,sc01,10-06 09:00:00+02:00,CT NG 26,0.0
2030,sc01,10-06 09:00:00+02:00,Biomass 20,0.0072
2030,sc01,10-06 09:00:00+02:00,Wind 16,13.027501209354002
2030,sc01,10-06 09:00:00+02:00,CT NG 66,0.0
2030,sc01,10-06 09:00:00+02:00,Solar 39,0.0
2030,sc01,10-06 09:00:00+02:00,Biomass 41,0.0
2030,sc01,10-06 09:00:00+02:00,Solar 72,0.0
2030,sc01,10-06 09:00:00+02:00,ST NG 03,0.0
2030,sc01,10-06 09:00:00+02:00,Hydro 21,0.0
2030,sc01,10-06 09:00:00+02:00,CT NG 03,0.0
2030,sc01,10-06 09:00:00+02:00,CC NG 09,0.0
2030,sc01,10-06 09:00:00+02:00,CT Oil 02,0.0
2030,sc01,10-06 09:00:00+02:00,CT NG 39,0.0
2030,sc01,10-06 09:00:00+02:00,CC NG 08,0.0
2030,sc01,10-06 09:00:00+02:00,Biomass 43,0.0
2030,sc01,10-06 09:00:00+02:00,CT NG 18,0.07558199999999998
2030,sc01,10-06 09:00:00+02:00,ST NG 07,0.0
2030,sc01,10-06 09:00:00+02:00,Biomass 35,0.0
2030,sc01,10-06 09:00:00+02:00,Solar 32,0.0
2030,sc01,10-06 09:00:00+02:00,Biomass 15,0.004200000000000001
2030,sc01,10-06 09:00:00+02:00,CC NG 31,0.0
2030,sc01,10-06 09:00:00+02:00,Solar 16,0.9143768348000001
2030,sc01,10-06 09:00:00+02:00,Solar 68,0.0
2030,sc01,10-06 09:00:00+02:00,CT NG 21,0.0
2030,sc01,10-06 09:00:00+02:00,Wind 11,0.18915831664
2030,sc01,10-06 09:00:00+02:00,CC NG 37,0.0
2030,sc01,10-06 09:00:00+02:00,CT NG 22,0.0
2030,sc01,10-06 09:00:00+02:00,Hydro 16,0.0070128
2030,sc01,10-06 09:00:00+02:00,Biomass 59,0.08280000000000001
2030,sc01,10-06 09:00:00+02:00,CC NG 01,0.0
2030,sc01,10-06 09:00:00+02:00,Biomass 16,0.004200000000000001
2030,sc01,10-06 09:00:00+02:00,Solar 03,0.0
2030,sc01,10-06 09:00:00+02:00,Solar 44,0.0
2030,sc01,10-06 09:00:00+02:00,CT NG 08,0.0
2030,sc01,10-06 09:00:00+02:00,Wind 05,0.0074799012799999995
2030,sc01,10-06 09:00:00+02:00,Biomass 26,0.0338
2030,sc01,10-06 09:00:00+02:00,Solar 37,0.0
2030,sc01,10-06 09:00:00+02:00,Biomass 11,0.007
2030,sc01,10-06 09:00:00+02:00,Solar 59,0.0
2030,sc01,10-06 09:00:00+02:00,CT NG 11,0.0
2030,sc01,10-06 09:00:00+02:00,Biomass 30,0.0338
2030,sc01,10-06 09:00:00+02:00,Hydro 23,0.0
2030,sc01,10-06 09:00:00+02:00,CC NG 24,0.0
2030,sc01,10-06 09:00:00+02:00,Solar 65,5.848968468000001
2030,sc01,10-06 09:00:00+02:00,CC NG 18,0.0
2030,sc01,10-06 09:00:00+02:00,CT NG 16,0.0
2030,sc01,10-06 09:00:00+02:00,Solar 51,0.0
2030,sc01,10-06 09:00:00+02:00,Wind 06,0.272216687
2030,sc01,10-06 09:00:00+02:00,CC NG 26,0.0
2030,sc01,10-06 09:00:00+02:00,CC NG 23,0.0
2030,sc01,10-06 09:00:00+02:00,CT NG 43,0.0
2030,sc01,10-06 09:00:00+02:00,CC NG 11,0.0
2030,sc01,10-06 09:00:00+02:00,CT NG 02,0.0
2030,sc01,10-06 09:00:00+02:00,CT NG 50,0.0
2030,sc01,10-06 09:00:00+02:00,Hydro 27,0.0
2030,sc01,10-06 09:00:00+02:00,CT NG 13,0.0
2030,sc01,10-06 09:00:00+02:00,CT NG 25,0.0
2030,sc01,10-06 09:00:00+02:00,CC NG 05,0.0
2030,sc01,10-06 09:00:00+02:00,Solar 04,0.5492147256
2030,sc01,10-06 09:00:00+02:00,Solar 30,0.7200000000000001
2030,sc01,10-06 09:00:00+02:00,Solar 29,0.9391187364
2030,sc01,10-06 09:00:00+02:00,Solar 53,0.0
2030,sc01,10-06 09:00:00+02:00,Solar 21,2.0839291
2030,sc01,10-06 09:00:00+02:00,Biomass 58,0.0412
2030,sc01,10-06 09:00:00+02:00,CT NG 74,0.0
2030,sc01,10-06 09:00:00+02:00,Solar 61,0.0
2030,sc01,10-06 09:00:00+02:00,Wind 07,0.22925035159999999
2030,sc01,10-06 09:00:00+02:00,Biomass 31,0.0338
2030,sc01,10-06 09:00:00+02:00,CT Oil 05,0.0
2030,sc01,10-06 09:00:00+02:00,Biomass 38,0.0
2030,sc01,10-06 09:00:00+02:00,Solar 41,0.0
2030,sc01,10-06 09:00:00+02:00,Biomass 51,0.0
2030,sc01,10-06 09:00:00+02:00,Biomass 55,0.048600000000000004
2030,sc01,10-06 09:00:00+02:00,Wind 15,0.0
2030,sc01,10-06 09:00:00+02:00,Geo 01,0.0
2030,sc01,10-06 09:00:00+02:00,Biomass 60,0.054000000000000006
2030,sc01,10-06 09:00:00+02:00,CT NG 38,0.0
2030,sc01,10-06 09:00:00+02:00,Solar 66,14.534597380000001
2030,sc01,10-06 09:00:00+02:00,Solar 49,0.0
2030,sc01,10-06 09:00:00+02:00,CT NG 51,0.0
2030,sc01,10-06 09:00:00+02:00,Biomass 18,0.004200000000000001
2030,sc01,10-06 09:00:00+02:00,ICE NG 01,0.0
2030,sc01,10-06 09:00:00+02:00,Solar 15,1.1917801654
2030,sc01,10-06 09:00:00+02:00,ICE NG 05,0.0
2030,sc01,10-06 09:00:00+02:00,CT Oil 04,0.0
2030,sc01,10-06 09:00:00+02:00,CC NG 20,0.0
2030,sc01,10-06 09:00:00+02:00,Solar 20,0.3086478884
2030,sc01,10-06 09:00:00+02:00,Biomass 04,0.0
2030,sc01,10-06 09:00:00+02:00,Wind 02,0.6158743748
2030,sc01,10-06 09:00:00+02:00,Hydro 25,0.0
2030,sc01,10-06 09:00:00+02:00,Solar 75,0.0
2030,sc01,10-06 09:00:00+02:00,Hydro 33,0.0
2030,sc01,10-06 09:00:00+02:00,ST NG 05,0.0
2030,sc01,10-06 09:00:00+02:00,CT NG 07,0.0
2030,sc01,10-06 09:00:00+02:00,Wind 01,0.16772653663999998
2030,sc01,10-06 09:00:00+02:00,Solar 56,0.0
2030,sc01,10-06 09:00:00+02:00,Biomass 09,0.0174
2030,sc01,10-06 09:00:00+02:00,Biomass 53,0.048600000000000004
2030,sc01,10-06 09:00:00+02:00,Wind 17,0.0
2030,sc01,10-06 09:00:00+02:00,ST NG 08,0.0
2030,sc01,10-06 09:00:00+02:00,Hydro 19,0.0
2030,sc01,10-06 09:00:00+02:00,ST NG 02,0.0
2030,sc01,10-06 09:00:00+02:00,Biomass 01,0.0206
2030,sc01,10-06 09:00:00+02:00,Biomass 57,0.0412
2030,sc01,10-06 09:00:00+02:00,CT NG 49,0.0
2030,sc01,10-06 09:00:00+02:00,CT NG 31,0.0
2030,sc01,10-06 09:00:00+02:00,Solar 64,3.0707022640000003
2030,sc01,10-06 09:00:00+02:00,CC NG 33,0.0
2030,sc01,10-06 09:00:00+02:00,Solar 46,0.0
2030,sc01,10-06 09:00:00+02:00,Biomass 12,0.007
2030,sc01,10-06 09:00:00+02:00,Wind 04,0.06112344239999999
2030,sc01,10-06 09:00:00+02:00,Solar 13,0.02991800656
2030,sc01,10-06 09:00:00+02:00,CT NG 55,0.0
2030,sc01,10-06 09:00:00+02:00,Wind N03,103.60708770117533
2030,sc01,10-06 09:00:00+02:00,CT NG 28,0.0
2030,sc01,10-06 09:00:00+02:00,Wind 09,0.11757356272000001
2030,sc01,10-06 09:00:00+02:00,Solar 60,0.0
2030,sc01,10-06 09:00:00+02:00,Solar 25,0.2193939932
2030,sc01,10-06 09:00:00+02:00,CT NG 23,0.0
2030,sc01,10-06 09:00:00+02:00,ST Other 01,0.0
2030,sc01,10-06 09:00:00+02:00,Solar 70,7.803100350502321
2030,sc01,10-06 09:00:00+02:00,CC NG 34,0.0
2030,sc01,10-06 09:00:00+02:00,Solar 48,0.0
2030,sc01,10-06 09:00:00+02:00,Biomass 56,0.046
2030,sc01,10-06 09:00:00+02:00,CT NG 36,0.0
2030,sc01,10-06 09:00:00+02:00,Solar 47,0.0
2030,sc01,10-06 09:00:00+02:00,Hydro 17,0.0
2030,sc01,10-06 09:00:00+02:00,Solar 09,0.0
2030,sc01,10-06 09:00:00+02:00,Solar 08,0.0
2030,sc01,10-06 09:00:00+02:00,CT NG 45,0.0
2030,sc01,10-06 09:00:00+02:00,ST NG 04,0.0
2030,sc01,10-06 09:00:00+02:00,Solar 40,0.0
2030,sc01,10-06 09:00:00+02:00,Biomass 47,0.0
2030,sc01,10-06 09:00:00+02:00,Solar 50,0.0
2030,sc01,10-06 09:00:00+02:00,Solar 52,0.0
2030,sc01,10-06 09:00:00+02:00,Solar 63,6.557580380000001
2030,sc01,10-06 09:00:00+02:00,CC NG 06,0.0
2030,sc01,10-06 09:00:00+02:00,Biomass 39,0.0
2030,sc01,10-06 09:00:00+02:00,Solar 67,2.6872922814202536
2030,sc01,10-06 09:00:00+02:00,Solar 19,0.01131512464
2030,sc01,10-06 09:00:00+02:00,Wind 12,1.3271117284
2030,sc01,10-06 09:00:00+02:00,Solar 24,0.16363540608
2030,sc01,10-06 09:00:00+02:00,ICE NG 02,0.0
2030,sc01,10-06 09:00:00+02:00,Solar 05,0.0
2030,sc01,10-06 09:00:00+02:00,CT NG 54,0.0
2030,sc01,10-06 09:00:00+02:00,Wind N01,12.590547168
2030,sc01,10-06 09:00:00+02:00,CT NG 27,0.0
2030,sc01,10-06 09:00:00+02:00,CC NG 36,0.0
2030,sc01,10-06 09:00:00+02:00,Wind N02,32.85123584251973
2030,sc01,10-06 09:00:00+02:00,CT NG 52,0.0
2030,sc01,10-06 09:00:00+02:00,Solar 35,0.0
2030,sc01,10-06 09:00:00+02:00,CT NG 05,0.0
2030,sc01,10-06 09:00:00+02:00,Biomass 36,0.0
2030,sc01,10-06 09:00:00+02:00,CT NG 34,0.0
2030,sc01,10-06 09:00:00+02:00,CT Oil 03,0.0
2030,sc01,10-06 09:00:00+02:00,Hydro 35,0.0
2030,sc01,10-06 09:00:00+02:00,Solar 14,1.3249911827999998
2030,sc01,10-06 09:00:00+02:00,CT NG 75,0.0
2030,sc01,10-06 09:00:00+02:00,ST NG 09,0.0
2030,sc01,10-06 09:00:00+02:00,CT NG 56,0.0
2030,sc01,10-06 09:00:00+02:00,Biomass 22,0.0072
2030,sc01,10-06 09:00:00+02:00,Solar 18,1.3975517262000001
2030,sc01,10-06 09:00:00+02:00,Biomass 13,0.007
2030,sc01,10-06 09:00:00+02:00,CT NG 71,0.0
2030,sc01,10-06 09:00:00+02:00,Solar 58,0.0
2030,sc01,10-06 09:00:00+02:00,Solar 06,0.0
2030,sc01,10-06 09:00:00+02:00,Biomass 08,0.0174
2030,sc01,10-06 09:00:00+02:00,CT NG 72,0.0
2030,sc01,10-06 09:00:00+02:00,Hydro 18,0.0
2030,sc01,10-06 09:00:00+02:00,Solar 10,0.2973010666
2030,sc01,10-06 09:00:00+02:00,CT NG 04,0.0
2030,sc01,10-06 09:00:00+02:00,ST Other 02,0.0
2030,sc01,10-06 09:00:00+02:00,CT NG 12,0.0
2030,sc01,10-06 09:00:00+02:00,CT NG 48,0.0
2030,sc01,10-06 09:00:00+02:00,ST NG 10,0.0
2030,sc01,10-06 09:00:00+02:00,Solar 22,0.976784911
2030,sc01,10-06 09:00:00+02:00,Solar 28,0.8741087500000001
2030,sc01,10-06 09:00:00+02:00,CT NG 73,0.0
2030,sc01,10-06 09:00:00+02:00,Biomass 52,0.0
2030,sc01,10-06 09:00:00+02:00,CT NG 30,0.0
2030,sc01,10-06 09:00:00+02:00,Solar 54,0.0
2030,sc01,10-06 09:00:00+02:00,Solar 31,0.0
2030,sc01,10-06 09:00:00+02:00,Biomass 03,0.0
2030,sc01,10-06 09:00:00+02:00,CT NG 32,0.0
2030,sc01,10-06 09:00:00+02:00,Biomass 27,0.0338
2030,sc01,10-06 09:00:00+02:00,CC NG 14,0.0
2030,sc01,10-06 09:00:00+02:00,CC NG 03,0.0
2030,sc01,10-06 09:00:00+02:00,CC NG 29,0.0
2030,sc01,10-06 09:00:00+02:00,CC NG 28,0.0
2030,sc01,10-06 09:00:00+02:00,CC NG 25,0.0
2030,sc01,10-06 09:00:00+02:00,CT NG 44,0.0
2030,sc01,10-06 09:00:00+02:00,CT NG 14,0.0
2030,sc01,10-06 09:00:00+02:00,CC NG 15,0.0
2030,sc01,10-06 09:00:00+02:00,CC NG 04,0.0
2030,sc01,10-06 09:00:00+02:00,Biomass 29,0.0338
2030,sc01,10-06 09:00:00+02:00,Wind 14,0.0
2030,sc01,10-06 09:00:00+02:00,Wind 08,0.11681941567999998
2030,sc01,10-06 09:00:00+02:00,Biomass 61,0.0
2030,sc01,10-06 09:00:00+02:00,CT NG 35,0.0
2030,sc01,10-06 09:00:00+02:00,Solar 33,0.0
2030,sc01,10-06 09:00:00+02:00,CT NG 41,0.0
2030,sc01,10-06 09:00:00+02:00,CT NG 15,0.0
2030,sc01,10-06 09:00:00+02:00,Solar 42,0.0
2030,sc01,10-06 09:00:00+02:00,Solar 07,0.0
2030,sc01,10-06 09:00:00+02:00,Solar 43,0.0
2030,sc01,10-06 09:00:00+02:00,Biomass 05,0.0088
2030,sc01,10-06 09:00:00+02:00,CT NG 29,0.0
2030,sc01,10-06 09:00:00+02:00,Solar 71,0.0
2030,sc01,10-06 09:00:00+02:00,CT NG 53,0.0
2030,sc01,10-06 09:00:00+02:00,CT NG 20,0.0
2030,sc01,10-06 09:00:00+02:00,Biomass 14,0.015600000000000003
2030,sc01,10-06 09:00:00+02:00,Solar 26,0.2031741564
2030,sc01,10-06 09:00:00+02:00,Hydro 29,0.0
2030,sc01,10-06 09:00:00+02:00,Hydro 31,0.0035064
2030,sc01,10-06 09:00:00+02:00,Biomass 24,0.007800000000000001
2030,sc01,10-06 09:00:00+02:00,Biomass 54,0.048600000000000004
2030,sc01,10-06 09:00:00+02:00,Solar 36,0.0
2030,sc01,10-06 09:00:00+02:00,Wind 03,0.15346789808000003
2030,sc01,10-06 09:00:00+02:00,Biomass 40,0.0
2030,sc01,10-06 09:00:00+02:00,Biomass 49,0.0
2030,sc01,10-06 09:00:00+02:00,CC NG 16,6.521097757761842
2030,sc01,10-06 09:00:00+02:00,Biomass 48,0.0
2030,sc01,10-06 09:00:00+02:00,Hydro 28,0.0
2030,sc01,10-06 09:00:00+02:00,Biomass 17,0.004200000000000001
2030,sc01,10-06 09:00:00+02:00,CT NG 33,0.0
2030,sc01,10-06 09:00:00+02:00,Solar 45,0.0
2030,sc01,10-06 09:00:00+02:00,Hydro 24,0.0
2030,sc01,10-06 09:00:00+02:00,Wind 13,0.7481244112000001
2030,sc01,10-06 09:00:00+02:00,Biomass 07,0.04
2030,sc01,10-06 09:00:00+02:00,Biomass 34,0.0
2030,sc01,10-06 09:00:00+02:00,Biomass 33,0.0
2030,sc01,10-06 09:00:00+02:00,CT NG 01,0.0
2030,sc01,10-06 09:00:00+02:00,ICE NG 03,0.0
2030,sc01,10-06 09:00:00+02:00,Solar 55,0.0
2030,sc01,10-06 09:00:00+02:00,Solar 11,0.2244347732
2030,sc01,10-06 09:00:00+02:00,CT NG 06,0.0
2030,sc01,10-06 09:00:00+02:00,CT NG 70,0.0
2030,sc01,10-06 09:00:00+02:00,Solar 23,0.033232314719999996
2030,sc01,10-06 09:00:00+02:00,CT NG 67,0.0
2030,sc01,10-06 09:00:00+02:00,Solar 12,0.17373622544
2030,sc01,10-06 09:00:00+02:00,CT Oil 01,0.0
2030,sc01,10-06 09:00:00+02:00,Hydro 26,0.0
2030,sc01,10-06 09:00:00+02:00,CC NG 22,0.21500745458737647
2030,sc01,10-06 09:00:00+02:00,CC NG 35,0.0
2030,sc01,10-06 09:00:00+02:00,Biomass 50,0.0
2030,sc01,10-06 09:00:00+02:00,ICE NG 04,0.0
2030,sc01,10-06 09:00:00+02:00,CC NG 39,0.0
2030,sc01,10-06 09:00:00+02:00,Hydro 32,0.00420768
2030,sc01,10-06 09:00:00+02:00,ICE NG 07,0.0
2030,sc01,10-06 09:00:00+02:00,Biomass 46,0.0
2030,sc01,10-06 09:00:00+02:00,CC NG 38,0.0
2030,sc01,10-06 09:00:00+02:00,CC NG 12,0.0
2030,sc01,10-06 09:00:00+02:00,Solar 57,0.0
2030,sc01,10-06 09:00:00+02:00,CC NG 32,0.0
2030,sc01,10-06 09:00:00+02:00,CC NG 07,0.0
2030,sc01,10-06 09:00:00+02:00,Biomass 44,0.0
2030,sc01,10-06 09:00:00+02:00,CT NG 40,0.0
2030,sc01,10-06 09:00:00+02:00,Solar 74,0.8885286177591661
2030,sc01,10-06 09:00:00+02:00,Hydro 30,0.0
2030,sc01,10-06 09:00:00+02:00,CT NG 42,0.0
2030,sc01,10-06 09:00:00+02:00,Hydro 22,0.0
2030,sc01,10-06 09:00:00+02:00,Solar 17,0.34076617079999993
2030,sc01,10-06 09:00:00+02:00,Solar 38,0.0
2030,sc01,10-06 09:00:00+02:00,CT NG 24,0.0
2030,sc01,10-06 09:00:00+02:00,CC NG 27,0.0
2030,sc01,10-06 09:00:00+02:00,Biomass 21,0.0072
2030,sc01,10-06 09:00:00+02:00,ICE NG 06,0.0
2030,sc01,10-06 09:00:00+02:00,Biomass 25,0.007800000000000001
2030,sc01,10-06 09:00:00+02:00,Solar 27,0.04893367072
2030,sc01,10-06 09:00:00+02:00,CT NG 19,0.0
2030,sc01,10-06 09:00:00+02:00,Biomass 42,0.0
2030,sc01,10-06 09:00:00+02:00,Biomass 19,0.0072
2030,sc01,10-06 09:00:00+02:00,Biomass 06,0.0088
2030,sc01,10-06 09:00:00+02:00,CT NG 10,0.0
2030,sc01,10-06 09:00:00+02:00,CC NG 40,0.0
2030,sc01,10-06 09:00:00+02:00,CC NG 21,0.0
2030,sc01,10-06 09:00:00+02:00,Biomass 02,0.0206
2030,sc01,10-06 09:00:00+02:00,CT NG 46,0.0
2030,sc01,10-06 09:00:00+02:00,Hydro 34,0.0
2030,sc01,10-06 09:00:00+02:00,Biomass 10,0.0174
2030,sc01,10-06 09:00:00+02:00,CT NG 17,0.0
2030,sc01,10-06 09:00:00+02:00,Biomass 62,0.0382
2030,sc01,10-06 09:00:00+02:00,Biomass 32,0.023799999999999998
2030,sc01,10-06 09:00:00+02:00,CC NG 19,2.7076000000000002
2030,sc01,10-06 09:00:00+02:00,CC NG 17,0.0
2030,sc01,10-06 09:00:00+02:00,ST NG 01,0.0
2030,sc01,10-06 09:00:00+02:00,Biomass 45,0.0
2030,sc01,10-06 09:00:00+02:00,Biomass 28,0.0338
2030,sc01,10-06 09:00:00+02:00,CC NG 10,0.0
2030,sc01,10-06 09:00:00+02:00,Biomass 23,0.007800000000000001
2030,sc01,10-06 09:00:00+02:00,ST NG 06,0.0
2030,sc01,10-06 09:00:00+02:00,Wind 10,0.11767290976000001
2030,sc01,10-06 09:00:00+02:00,CT NG 69,0.0
2030,sc01,10-06 09:00:00+02:00,CT NG 68,0.0
2030,sc01,10-07 10:00:00+02:00,CC NG 13,0.0
2030,sc01,10-07 10:00:00+02:00,CT NG 37,0.0
2030,sc01,10-07 10:00:00+02:00,ST Coal 01,0.0
2030,sc01,10-07 10:00:00+02:00,CT NG 09,0.0
2030,sc01,10-07 10:00:00+02:00,CT NG 47,0.0
2030,sc01,10-07 10:00:00+02:00,Solar 69,10.821638110554208
2030,sc01,10-07 10:00:00+02:00,Solar 34,0.0
2030,sc01,10-07 10:00:00+02:00,Solar 73,0.0
2030,sc01,10-07 10:00:00+02:00,Biomass 37,0.0
2030,sc01,10-07 10:00:00+02:00,Hydro 20,0.52230582
2030,sc01,10-07 10:00:00+02:00,Solar 01,10.872204455700002
2030,sc01,10-07 10:00:00+02:00,Solar 62,0.0
2030,sc01,10-07 10:00:00+02:00,Solar 02,7.4730992579999995
2030,sc01,10-07 10:00:00+02:00,CT NG 26,0.0
2030,sc01,10-07 10:00:00+02:00,Biomass 20,0.00999
2030,sc01,10-07 10:00:00+02:00,Wind 16,2.20838785128
2030,sc01,10-07 10:00:00+02:00,CT NG 66,0.0
2030,sc01,10-07 10:00:00+02:00,Solar 39,0.0
2030,sc01,10-07 10:00:00+02:00,Biomass 41,0.0
2030,sc01,10-07 10:00:00+02:00,Solar 72,0.0
2030,sc01,10-07 10:00:00+02:00,ST NG 03,0.0
2030,sc01,10-07 10:00:00+02:00,Hydro 21,0.0
2030,sc01,10-07 10:00:00+02:00,CT NG 03,0.0
2030,sc01,10-07 10:00:00+02:00,CC NG 09,0.0
2030,sc01,10-07 10:00:00+02:00,CT Oil 02,0.0
2030,sc01,10-07 10:00:00+02:00,CT NG 39,0.0
2030,sc01,10-07 10:00:00+02:00,CC NG 08,0.0
2030,sc01,10-07 10:00:00+02:00,Biomass 43,0.0
2030,sc01,10-07 10:00:00+02:00,CT NG 18,0.0
2030,sc01,10-07 10:00:00+02:00,ST NG 07,0.0
2030,sc01,10-07 10:00:00+02:00,Biomass 35,0.0
2030,sc01,10-07 10:00:00+02:00,Solar 32,0.0
2030,sc01,10-07 10:00:00+02:00,Biomass 15,0.0056700000000000006
2030,sc01,10-07 10:00:00+02:00,CC NG 31,0.0
2030,sc01,10-07 10:00:00+02:00,Solar 16,1.0102550269500001
2030,sc01,10-07 10:00:00+02:00,Solar 68,20.190306461400002
2030,sc01,10-07 10:00:00+02:00,CT NG 21,0.0
2030,sc01,10-07 10:00:00+02:00,Wind 11,0.055787675832000005
2030,sc01,10-07 10:00:00+02:00,CC NG 37,0.0
2030,sc01,10-07 10:00:00+02:00,CT NG 22,0.0
2030,sc01,10-07 10:00:00+02:00,Hydro 16,0.00866376
2030,sc01,10-07 10:00:00+02:00,Biomass 59,0.11178000000000002
2030,sc01,10-07 10:00:00+02:00,CC NG 01,0.0
2030,sc01,10-07 10:00:00+02:00,Biomass 16,0.0056700000000000006
2030,sc01,10-07 10:00:00+02:00,Solar 03,4.8007329075000005
2030,sc01,10-07 10:00:00+02:00,Solar 44,0.0
2030,sc01,10-07 10:00:00+02:00,CT NG 08,0.0
2030,sc01,10-07 10:00:00+02:00,Wind 05,0.0
2030,sc01,10-07 10:00:00+02:00,Biomass 26,0.04563
2030,sc01,10-07 10:00:00+02:00,Solar 37,0.0
2030,sc01,10-07 10:00:00+02:00,Biomass 11,0.00945
2030,sc01,10-07 10:00:00+02:00,Solar 59,0.0
2030,sc01,10-07 10:00:00+02:00,CT NG 11,0.0
2030,sc01,10-07 10:00:00+02:00,Biomass 30,0.04563
2030,sc01,10-07 10:00:00+02:00,Hydro 23,0.0
2030,sc01,10-07 10:00:00+02:00,CC NG 24,0.0
2030,sc01,10-07 10:00:00+02:00,Solar 65,9.1215402642
2030,sc01,10-07 10:00:00+02:00,CC NG 18,0.0
2030,sc01,10-07 10:00:00+02:00,CT NG 16,0.0
2030,sc01,10-07 10:00:00+02:00,Solar 51,0.0
2030,sc01,10-07 10:00:00+02:00,Wind 06,0.11189937672
2030,sc01,10-07 10:00:00+02:00,CC NG 26,0.0
2030,sc01,10-07 10:00:00+02:00,CC NG 23,0.0
2030,sc01,10-07 10:00:00+02:00,CT NG 43,0.0
2030,sc01,10-07 10:00:00+02:00,CC NG 11,0.0
2030,sc01,10-07 10:00:00+02:00,CT NG 02,0.0
2030,sc01,10-07 10:00:00+02:00,CT NG 50,0.0
2030,sc01,10-07 10:00:00+02:00,Hydro 27,0.0
2030,sc01,10-07 10:00:00+02:00,CT NG 13,0.0
2030,sc01,10-07 10:00:00+02:00,CT NG 25,0.0
2030,sc01,10-07 10:00:00+02:00,CC NG 05,0.0
2030,sc01,10-07 10:00:00+02:00,Solar 04,0.77339041272
2030,sc01,10-07 10:00:00+02:00,Solar 30,0.9720000000000001
2030,sc01,10-07 10:00:00+02:00,Solar 29,1.3457278602
2030,sc01,10-07 10:00:00+02:00,Solar 53,0.0
2030,sc01,10-07 10:00:00+02:00,Solar 21,2.9345367312
2030,sc01,10-07 10:00:00+02:00,Biomass 58,0.05886
2030,sc01,10-07 10:00:00+02:00,CT NG 74,0.0
2030,sc01,10-07 10:00:00+02:00,Solar 61,0.0
2030,sc01,10-07 10:00:00+02:00,Wind 07,0.050447160072
2030,sc01,10-07 10:00:00+02:00,Biomass 31,0.04563
2030,sc01,10-07 10:00:00+02:00,CT Oil 05,0.0
2030,sc01,10-07 10:00:00+02:00,Biomass 38,0.0
2030,sc01,10-07 10:00:00+02:00,Solar 41,0.0
2030,sc01,10-07 10:00:00+02:00,Biomass 51,0.0
2030,sc01,10-07 10:00:00+02:00,Biomass 55,0.06723000000000001
2030,sc01,10-07 10:00:00+02:00,Wind 15,2.09648011131
2030,sc01,10-07 10:00:00+02:00,Geo 01,0.0
2030,sc01,10-07 10:00:00+02:00,Biomass 60,0.0729
2030,sc01,10-07 10:00:00+02:00,CT NG 38,0.0
2030,sc01,10-07 10:00:00+02:00,Solar 66,20.644334692766872
2030,sc01,10-07 10:00:00+02:00,Solar 49,0.0
2030,sc01,10-07 10:00:00+02:00,CT NG 51,0.0
2030,sc01,10-07 10:00:00+02:00,Biomass 18,0.0056700000000000006
2030,sc01,10-07 10:00:00+02:00,ICE NG 01,0.0
2030,sc01,10-07 10:00:00+02:00,Solar 15,1.67823496161
2030,sc01,10-07 10:00:00+02:00,ICE NG 05,0.0
2030,sc01,10-07 10:00:00+02:00,CT Oil 04,0.0
2030,sc01,10-07 10:00:00+02:00,CC NG 20,0.0
2030,sc01,10-07 10:00:00+02:00,Solar 20,1.59015645558
2030,sc01,10-07 10:00:00+02:00,Biomass 04,0.0
2030,sc01,10-07 10:00:00+02:00,Wind 02,0.201984565032
2030,sc01,10-07 10:00:00+02:00,Hydro 25,0.0
2030,sc01,10-07 10:00:00+02:00,Solar 75,5.9224362867
2030,sc01,10-07 10:00:00+02:00,Hydro 33,0.0
2030,sc01,10-07 10:00:00+02:00,ST NG 05,0.0
2030,sc01,10-07 10:00:00+02:00,CT NG 07,0.0
2030,sc01,10-07 10:00:00+02:00,Wind 01,0.026567461728000005
2030,sc01,10-07 10:00:00+02:00,Solar 56,0.0
2030,sc01,10-07 10:00:00+02:00,Biomass 09,0.021060000000000002
2030,sc01,10-07 10:00:00+02:00,Biomass 53,0.06723000000000001
2030,sc01,10-07 10:00:00+02:00,Wind 17,4.0031446482
2030,sc01,10-07 10:00:00+02:00,ST NG 08,0.0
2030,sc01,10-07 10:00:00+02:00,Hydro 19,0.0
2030,sc01,10-07 10:00:00+02:00,ST NG 02,0.0
2030,sc01,10-07 10:00:00+02:00,Biomass 01,0.028350000000000004
2030,sc01,10-07 10:00:00+02:00,Biomass 57,0.05886
2030,sc01,10-07 10:00:00+02:00,CT NG 49,0.0
2030,sc01,10-07 10:00:00+02:00,CT NG 31,0.0
2030,sc01,10-07 10:00:00+02:00,Solar 64,4.5360000000000005
2030,sc01,10-07 10:00:00+02:00,CC NG 33,0.0
2030,sc01,10-07 10:00:00+02:00,Solar 46,0.0
2030,sc01,10-07 10:00:00+02:00,Biomass 12,0.00945
2030,sc01,10-07 10:00:00+02:00,Wind 04,0.042889601952000006
2030,sc01,10-07 10:00:00+02:00,Solar 13,0.042129787176
2030,sc01,10-07 10:00:00+02:00,CT NG 55,0.0
2030,sc01,10-07 10:00:00+02:00,Wind N03,86.30157026219162
2030,sc01,10-07 10:00:00+02:00,CT NG 28,0.0
2030,sc01,10-07 10:00:00+02:00,Wind 09,0.035292311712
2030,sc01,10-07 10:00:00+02:00,Solar 60,0.0
2030,sc01,10-07 10:00:00+02:00,Solar 25,0.30894512292
2030,sc01,10-07 10:00:00+02:00,CT NG 23,0.0
2030,sc01,10-07 10:00:00+02:00,ST Other 01,0.0
2030,sc01,10-07 10:00:00+02:00,Solar 70,27.426557285999998
2030,sc01,10-07 10:00:00+02:00,CC NG 34,0.0
2030,sc01,10-07 10:00:00+02:00,Solar 48,0.0
2030,sc01,10-07 10:00:00+02:00,Biomass 56,0.06641999999999999
2030,sc01,10-07 10:00:00+02:00,CT NG 36,0.0
2030,sc01,10-07 10:00:00+02:00,Solar 47,0.0
2030,sc01,10-07 10:00:00+02:00,Hydro 17,0.0
2030,sc01,10-07 10:00:00+02:00,Solar 09,0.0
2030,sc01,10-07 10:00:00+02:00,Solar 08,0.0
2030,sc01,10-07 10:00:00+02:00,CT NG 45,0.0
2030,sc01,10-07 10:00:00+02:00,ST NG 04,0.0
2030,sc01,10-07 10:00:00+02:00,Solar 40,0.0
2030,sc01,10-07 10:00:00+02:00,Biomass 47,0.0
2030,sc01,10-07 10:00:00+02:00,Solar 50,0.0
2030,sc01,10-07 10:00:00+02:00,Solar 52,0.0
2030,sc01,10-07 10:00:00+02:00,Solar 63,10.226629501200001
2030,sc01,10-07 10:00:00+02:00,CC NG 06,0.0
2030,sc01,10-07 10:00:00+02:00,Biomass 39,0.0
2030,sc01,10-07 10:00:00+02:00,Solar 67,0.0
2030,sc01,10-07 10:00:00+02:00,Solar 19,0.015933674808000002
2030,sc01,10-07 10:00:00+02:00,Wind 12,0.9768338199900001
2030,sc01,10-07 10:00:00+02:00,Solar 24,0.23042727784800002
2030,sc01,10-07 10:00:00+02:00,ICE NG 02,0.0
2030,sc01,10-07 10:00:00+02:00,Solar 05,0.0
2030,sc01,10-07 10:00:00+02:00,CT NG 54,0.0
2030,sc01,10-07 10:00:00+02:00,Wind N01,9.2673977796
2030,sc01,10-07 10:00:00+02:00,CT NG 27,0.0
2030,sc01,10-07 10:00:00+02:00,CC NG 36,0.0
2030,sc01,10-07 10:00:00+02:00,Wind N02,18.4575772845
2030,sc01,10-07 10:00:00+02:00,CT NG 52,0.0
2030,sc01,10-07 10:00:00+02:00,Solar 35,0.0
2030,sc01,10-07 10:00:00+02:00,CT NG 05,0.0
2030,sc01,10-07 10:00:00+02:00,Biomass 36,0.0
2030,sc01,10-07 10:00:00+02:00,CT NG 34,0.0
2030,sc01,10-07 10:00:00+02:00,CT Oil 03,0.0
2030,sc01,10-07 10:00:00+02:00,Hydro 35,0.0
2030,sc01,10-07 10:00:00+02:00,Solar 14,1.86581937807
2030,sc01,10-07 10:00:00+02:00,CT NG 75,0.0
2030,sc01,10-07 10:00:00+02:00,ST NG 09,0.0
2030,sc01,10-07 10:00:00+02:00,CT NG 56,0.0
2030,sc01,10-07 10:00:00+02:00,Biomass 22,0.00999
2030,sc01,10-07 10:00:00+02:00,Solar 18,1.96799731677
2030,sc01,10-07 10:00:00+02:00,Biomass 13,0.00945
2030,sc01,10-07 10:00:00+02:00,CT NG 71,0.0
2030,sc01,10-07 10:00:00+02:00,Solar 58,0.0
2030,sc01,10-07 10:00:00+02:00,Solar 06,0.0
2030,sc01,10-07 10:00:00+02:00,Biomass 08,0.021060000000000002
2030,sc01,10-07 10:00:00+02:00,CT NG 72,0.0
2030,sc01,10-07 10:00:00+02:00,Hydro 18,0.0
2030,sc01,10-07 10:00:00+02:00,Solar 10,1.53169753626
2030,sc01,10-07 10:00:00+02:00,CT NG 04,0.0
2030,sc01,10-07 10:00:00+02:00,ST Other 02,0.0
2030,sc01,10-07 10:00:00+02:00,CT NG 12,0.0
2030,sc01,10-07 10:00:00+02:00,CT NG 48,0.0
2030,sc01,10-07 10:00:00+02:00,ST NG 10,0.0
2030,sc01,10-07 10:00:00+02:00,Solar 22,1.39970231361
2030,sc01,10-07 10:00:00+02:00,Solar 28,1.25257057722
2030,sc01,10-07 10:00:00+02:00,CT NG 73,0.0
2030,sc01,10-07 10:00:00+02:00,Biomass 52,0.0
2030,sc01,10-07 10:00:00+02:00,CT NG 30,0.0
2030,sc01,10-07 10:00:00+02:00,Solar 54,0.0
2030,sc01,10-07 10:00:00+02:00,Solar 31,0.0
2030,sc01,10-07 10:00:00+02:00,Biomass 03,0.0
2030,sc01,10-07 10:00:00+02:00,CT NG 32,0.0
2030,sc01,10-07 10:00:00+02:00,Biomass 27,0.04563
2030,sc01,10-07 10:00:00+02:00,CC NG 14,0.0
2030,sc01,10-07 10:00:00+02:00,CC NG 03,0.0
2030,sc01,10-07 10:00:00+02:00,CC NG 29,0.0
2030,sc01,10-07 10:00:00+02:00,CC NG 28,0.0
2030,sc01,10-07 10:00:00+02:00,CC NG 25,0.0
2030,sc01,10-07 10:00:00+02:00,CT NG 44,0.0
2030,sc01,10-07 10:00:00+02:00,CT NG 14,0.0
2030,sc01,10-07 10:00:00+02:00,CC NG 15,0.0
2030,sc01,10-07 10:00:00+02:00,CC NG 04,0.0
2030,sc01,10-07 10:00:00+02:00,Biomass 29,0.04563
2030,sc01,10-07 10:00:00+02:00,Wind 14,0.0
2030,sc01,10-07 10:00:00+02:00,Wind 08,0.039483704663999995
2030,sc01,10-07 10:00:00+02:00,Biomass 61,0.0
2030,sc01,10-07 10:00:00+02:00,CT NG 35,0.0
2030,sc01,10-07 10:00:00+02:00,Solar 33,0.0
2030,sc01,10-07 10:00:00+02:00,CT NG 41,0.0
2030,sc01,10-07 10:00:00+02:00,CT NG 15,0.0
2030,sc01,10-07 10:00:00+02:00,Solar 42,0.0
2030,sc01,10-07 10:00:00+02:00,Solar 07,0.0
2030,sc01,10-07 10:00:00+02:00,Solar 43,0.0
2030,sc01,10-07 10:00:00+02:00,Biomass 05,0.01242
2030,sc01,10-07 10:00:00+02:00,CT NG 29,0.0
2030,sc01,10-07 10:00:00+02:00,Solar 71,2.7476094193808382
2030,sc01,10-07 10:00:00+02:00,CT NG 53,0.0
2030,sc01,10-07 10:00:00+02:00,CT NG 20,0.0
2030,sc01,10-07 10:00:00+02:00,Biomass 14,0.020790000000000003
2030,sc01,10-07 10:00:00+02:00,Solar 26,0.28610475533999996
2030,sc01,10-07 10:00:00+02:00,Hydro 29,0.0
2030,sc01,10-07 10:00:00+02:00,Hydro 31,0.00433188
2030,sc01,10-07 10:00:00+02:00,Biomass 24,0.00837
2030,sc01,10-07 10:00:00+02:00,Biomass 54,0.06723000000000001
2030,sc01,10-07 10:00:00+02:00,Solar 36,12.039528029977475
2030,sc01,10-07 10:00:00+02:00,Wind 03,0.102847609008
2030,sc01,10-07 10:00:00+02:00,Biomass 40,0.0
2030,sc01,10-07 10:00:00+02:00,Biomass 49,0.0
2030,sc01,10-07 10:00:00+02:00,CC NG 16,0.0
2030,sc01,10-07 10:00:00+02:00,Biomass 48,0.0
2030,sc01,10-07 10:00:00+02:00,Hydro 28,0.0
2030,sc01,10-07 10:00:00+02:00,Biomass 17,0.0056700000000000006
2030,sc01,10-07 10:00:00+02:00,CT NG 33,0.0
2030,sc01,10-07 10:00:00+02:00,Solar 45,0.0
2030,sc01,10-07 10:00:00+02:00,Hydro 24,0.0
2030,sc01,10-07 10:00:00+02:00,Wind 13,0.52802059518
2030,sc01,10-07 10:00:00+02:00,Biomass 07,0.054
2030,sc01,10-07 10:00:00+02:00,Biomass 34,0.0
2030,sc01,10-07 10:00:00+02:00,Biomass 33,0.0
2030,sc01,10-07 10:00:00+02:00,CT NG 01,0.5066769821338932
2030,sc01,10-07 10:00:00+02:00,ICE NG 03,0.0
2030,sc01,10-07 10:00:00+02:00,Solar 55,0.0
2030,sc01,10-07 10:00:00+02:00,Solar 11,0.31604342319
2030,sc01,10-07 10:00:00+02:00,CT NG 06,0.0
2030,sc01,10-07 10:00:00+02:00,CT NG 70,0.0
2030,sc01,10-07 10:00:00+02:00,Solar 23,0.046796912784
2030,sc01,10-07 10:00:00+02:00,CT NG 67,0.0
2030,sc01,10-07 10:00:00+02:00,Solar 12,0.24465099859200004
2030,sc01,10-07 10:00:00+02:00,CT Oil 01,0.0
2030,sc01,10-07 10:00:00+02:00,Hydro 26,0.0
2030,sc01,10-07 10:00:00+02:00,CC NG 22,0.0
2030,sc01,10-07 10:00:00+02:00,CC NG 35,0.0
2030,sc01,10-07 10:00:00+02:00,Biomass 50,0.0
2030,sc01,10-07 10:00:00+02:00,ICE NG 04,0.0
2030,sc01,10-07 10:00:00+02:00,CC NG 39,0.0
2030,sc01,10-07 10:00:00+02:00,Hydro 32,0.005198256
2030,sc01,10-07 10:00:00+02:00,ICE NG 07,0.0
2030,sc01,10-07 10:00:00+02:00,Biomass 46,0.0
2030,sc01,10-07 10:00:00+02:00,CC NG 38,0.0
2030,sc01,10-07 10:00:00+02:00,CC NG 12,0.0
2030,sc01,10-07 10:00:00+02:00,Solar 57,0.0
2030,sc01,10-07 10:00:00+02:00,CC NG 32,0.0
2030,sc01,10-07 10:00:00+02:00,CC NG 07,0.0
2030,sc01,10-07 10:00:00+02:00,Biomass 44,0.0
2030,sc01,10-07 10:00:00+02:00,CT NG 40,0.0
2030,sc01,10-07 10:00:00+02:00,Solar 74,5.4
2030,sc01,10-07 10:00:00+02:00,Hydro 30,0.0
2030,sc01,10-07 10:00:00+02:00,CT NG 42,0.0
2030,sc01,10-07 10:00:00+02:00,Hydro 22,0.0
2030,sc01,10-07 10:00:00+02:00,Solar 17,0.47985838182
2030,sc01,10-07 10:00:00+02:00,Solar 38,0.0
2030,sc01,10-07 10:00:00+02:00,CT NG 24,0.0
2030,sc01,10-07 10:00:00+02:00,CC NG 27,0.0
2030,sc01,10-07 10:00:00+02:00,Biomass 21,0.00999
2030,sc01,10-07 10:00:00+02:00,ICE NG 06,0.0
2030,sc01,10-07 10:00:00+02:00,Biomass 25,0.00837
2030,sc01,10-07 10:00:00+02:00,Solar 27,0.167376692952
2030,sc01,10-07 10:00:00+02:00,CT NG 19,0.0
2030,sc01,10-07 10:00:00+02:00,Biomass 42,0.0
2030,sc01,10-07 10:00:00+02:00,Biomass 19,0.00999
2030,sc01,10-07 10:00:00+02:00,Biomass 06,0.01242
2030,sc01,10-07 10:00:00+02:00,CT NG 10,0.0
2030,sc01,10-07 10:00:00+02:00,CC NG 40,0.0
2030,sc01,10-07 10:00:00+02:00,CC NG 21,0.0
2030,sc01,10-07 10:00:00+02:00,Biomass 02,0.028350000000000004
2030,sc01,10-07 10:00:00+02:00,CT NG 46,0.0
2030,sc01,10-07 10:00:00+02:00,Hydro 34,0.0
2030,sc01,10-07 10:00:00+02:00,Biomass 10,0.021060000000000002
2030,sc01,10-07 10:00:00+02:00,CT NG 17,0.0
2030,sc01,10-07 10:00:00+02:00,Biomass 62,0.055889999999999995
2030,sc01,10-07 10:00:00+02:00,Biomass 32,0.0324
2030,sc01,10-07 10:00:00+02:00,CC NG 19,0.0
2030,sc01,10-07 10:00:00+02:00,CC NG 17,0.0
2030,sc01,10-07 10:00:00+02:00,ST NG 01,0.0
2030,sc01,10-07 10:00:00+02:00,Biomass 45,0.0
2030,sc01,10-07 10:00:00+02:00,Biomass 28,0.04563
2030,sc01,10-07 10:00:00+02:00,CC NG 10,0.0
2030,sc01,10-07 10:00:00+02:00,Biomass 23,0.00837
2030,sc01,10-07 10:00:00+02:00,ST NG 06,0.0
2030,sc01,10-07 10:00:00+02:00,Wind 10,0.038681176536
2030,sc01,10-07 10:00:00+02:00,CT NG 69,0.0
2030,sc01,10-07 10:00:00+02:00,CT NG 68,0.0
2030,sc01,10-13 21:00:00+02:00,CC NG 13,2.2163639999999996
2030,sc01,10-13 21:00:00+02:00,CT NG 37,0.050388
2030,sc01,10-13 21:00:00+02:00,ST Coal 01,0.0
2030,sc01,10-13 21:00:00+02:00,CT NG 09,1.938
2030,sc01,10-13 21:00:00+02:00,CT NG 47,0.0
2030,sc01,10-13 21:00:00+02:00,Solar 69,0.0
2030,sc01,10-13 21:00:00+02:00,Solar 34,0.0
2030,sc01,10-13 21:00:00+02:00,Solar 73,0.0
2030,sc01,10-13 21:00:00+02:00,Biomass 37,0.0316
2030,sc01,10-13 21:00:00+02:00,Hydro 20,0.9338208000000001
2030,sc01,10-13 21:00:00+02:00,Solar 01,0.0
2030,sc01,10-13 21:00:00+02:00,Solar 62,0.0
2030,sc01,10-13 21:00:00+02:00,Solar 02,0.0
2030,sc01,10-13 21:00:00+02:00,CT NG 26,3.876
2030,sc01,10-13 21:00:00+02:00,Biomass 20,0.0144
2030,sc01,10-13 21:00:00+02:00,Wind 16,4.747399268
2030,sc01,10-13 21:00:00+02:00,CT NG 66,0.0
2030,sc01,10-13 21:00:00+02:00,Solar 39,0.0
2030,sc01,10-13 21:00:00+02:00,Biomass 41,0.054000000000000006
2030,sc01,10-13 21:00:00+02:00,Solar 72,0.0
2030,sc01,10-13 21:00:00+02:00,ST NG 03,0.0
2030,sc01,10-13 21:00:00+02:00,Hydro 21,0.9338208000000001
2030,sc01,10-13 21:00:00+02:00,CT NG 03,0.95931
2030,sc01,10-13 21:00:00+02:00,CC NG 09,1.27644
2030,sc01,10-13 21:00:00+02:00,CT Oil 02,0.0
2030,sc01,10-13 21:00:00+02:00,CT NG 39,0.050388
2030,sc01,10-13 21:00:00+02:00,CC NG 08,0.553124
2030,sc01,10-13 21:00:00+02:00,Biomass 43,0.11800000000000002
2030,sc01,10-13 21:00:00+02:00,CT NG 18,0.15116399999999997
2030,sc01,10-13 21:00:00+02:00,ST NG 07,0.0
2030,sc01,10-13 21:00:00+02:00,Biomass 35,0.057600000000000005
2030,sc01,10-13 21:00:00+02:00,Solar 32,0.0
2030,sc01,10-13 21:00:00+02:00,Biomass 15,0.0
2030,sc01,10-13 21:00:00+02:00,CC NG 31,13.01582
2030,sc01,10-13 21:00:00+02:00,Solar 16,0.0
2030,sc01,10-13 21:00:00+02:00,Solar 68,0.0
2030,sc01,10-13 21:00:00+02:00,CT NG 21,3.876
2030,sc01,10-13 21:00:00+02:00,Wind 11,0.0
2030,sc01,10-13 21:00:00+02:00,CC NG 37,24.60048
2030,sc01,10-13 21:00:00+02:00,CT NG 22,3.876
2030,sc01,10-13 21:00:00+02:00,Hydro 16,0.0137824
2030,sc01,10-13 21:00:00+02:00,Biomass 59,0.16560000000000002
2030,sc01,10-13 21:00:00+02:00,CC NG 01,1.60522
2030,sc01,10-13 21:00:00+02:00,Biomass 16,0.0
2030,sc01,10-13 21:00:00+02:00,Solar 03,0.0
2030,sc01,10-13 21:00:00+02:00,Solar 44,0.0
2030,sc01,10-13 21:00:00+02:00,CT NG 08,1.8331959506348223
2030,sc01,10-13 21:00:00+02:00,Wind 05,0.0
2030,sc01,10-13 21:00:00+02:00,Biomass 26,0.0676
2030,sc01,10-13 21:00:00+02:00,Solar 37,0.0
2030,sc01,10-13 21:00:00+02:00,Biomass 11,0.015200000000000002
2030,sc01,10-13 21:00:00+02:00,Solar 59,0.0
2030,sc01,10-13 21:00:00+02:00,CT NG 11,0.0
2030,sc01,10-13 21:00:00+02:00,Biomass 30,0.0676
2030,sc01,10-13 21:00:00+02:00,Hydro 23,1.5681919999999998
2030,sc01,10-13 21:00:00+02:00,CC NG 24,26.004564000000002
2030,sc01,10-13 21:00:00+02:00,Solar 65,0.0
2030,sc01,10-13 21:00:00+02:00,CC NG 18,13.750143710889589
2030,sc01,10-13 21:00:00+02:00,CT NG 16,0.0
2030,sc01,10-13 21:00:00+02:00,Solar 51,0.0
2030,sc01,10-13 21:00:00+02:00,Wind 06,0.0
2030,sc01,10-13 21:00:00+02:00,CC NG 26,0.0
2030,sc01,10-13 21:00:00+02:00,CC NG 23,0.0
2030,sc01,10-13 21:00:00+02:00,CT NG 43,0.0
2030,sc01,10-13 21:00:00+02:00,CC NG 11,23.068752
2030,sc01,10-13 21:00:00+02:00,CT NG 02,0.984504
2030,sc01,10-13 21:00:00+02:00,CT NG 50,0.0
2030,sc01,10-13 21:00:00+02:00,Hydro 27,0.671892
2030,sc01,10-13 21:00:00+02:00,CT NG 13,0.0
2030,sc01,10-13 21:00:00+02:00,CT NG 25,3.876
2030,sc01,10-13 21:00:00+02:00,CC NG 05,3.8680000000000003
2030,sc01,10-13 21:00:00+02:00,Solar 04,0.0
2030,sc01,10-13 21:00:00+02:00,Solar 30,0.0
2030,sc01,10-13 21:00:00+02:00,Solar 29,0.0
2030,sc01,10-13 21:00:00+02:00,Solar 53,0.0
2030,sc01,10-13 21:00:00+02:00,Solar 21,0.0
2030,sc01,10-13 21:00:00+02:00,Biomass 58,0.08039999999999999
2030,sc01,10-13 21:00:00+02:00,CT NG 74,1.6279200000000003
2030,sc01,10-13 21:00:00+02:00,Solar 61,0.0
2030,sc01,10-13 21:00:00+02:00,Wind 07,0.0
2030,sc01,10-13 21:00:00+02:00,Biomass 31,0.0676
2030,sc01,10-13 21:00:00+02:00,CT Oil 05,0.0
2030,sc01,10-13 21:00:00+02:00,Biomass 38,0.0316
2030,sc01,10-13 21:00:00+02:00,Solar 41,0.0
2030,sc01,10-13 21:00:00+02:00,Biomass 51,0.0072
2030,sc01,10-13 21:00:00+02:00,Biomass 55,0.0984
2030,sc01,10-13 21:00:00+02:00,Wind 15,0.03098607264
2030,sc01,10-13 21:00:00+02:00,Geo 01,0.64
2030,sc01,10-13 21:00:00+02:00,Biomass 60,0.10800000000000001
2030,sc01,10-13 21:00:00+02:00,CT NG 38,0.36822
2030,sc01,10-13 21:00:00+02:00,Solar 66,0.0
2030,sc01,10-13 21:00:00+02:00,Solar 49,0.0
2030,sc01,10-13 21:00:00+02:00,CT NG 51,0.0
2030,sc01,10-13 21:00:00+02:00,Biomass 18,0.0
2030,sc01,10-13 21:00:00+02:00,ICE NG 01,0.12597
2030,sc01,10-13 21:00:00+02:00,Solar 15,0.0
2030,sc01,10-13 21:00:00+02:00,ICE NG 05,0.325584
2030,sc01,10-13 21:00:00+02:00,CT Oil 04,0.0
2030,sc01,10-13 21:00:00+02:00,CC NG 20,0.0
2030,sc01,10-13 21:00:00+02:00,Solar 20,0.0
2030,sc01,10-13 21:00:00+02:00,Biomass 04,0.010400000000000001
2030,sc01,10-13 21:00:00+02:00,Wind 02,0.0
2030,sc01,10-13 21:00:00+02:00,Hydro 25,0.671892
2030,sc01,10-13 21:00:00+02:00,Solar 75,0.0
2030,sc01,10-13 21:00:00+02:00,Hydro 33,1.7351296
2030,sc01,10-13 21:00:00+02:00,ST NG 05,2.42888
2030,sc01,10-13 21:00:00+02:00,CT NG 07,0.0
2030,sc01,10-13 21:00:00+02:00,Wind 01,0.0
2030,sc01,10-13 21:00:00+02:00,Solar 56,0.0
2030,sc01,10-13 21:00:00+02:00,Biomass 09,0.0308
2030,sc01,10-13 21:00:00+02:00,Biomass 53,0.0984
2030,sc01,10-13 21:00:00+02:00,Wind 17,0.06887138432
2030,sc01,10-13 21:00:00+02:00,ST NG 08,3.75263391209242
2030,sc01,10-13 21:00:00+02:00,Hydro 19,0.36124
2030,sc01,10-13 21:00:00+02:00,ST NG 02,12.61
2030,sc01,10-13 21:00:00+02:00,Biomass 01,0.0412
2030,sc01,10-13 21:00:00+02:00,Biomass 57,0.08039999999999999
2030,sc01,10-13 21:00:00+02:00,CT NG 49,0.0
2030,sc01,10-13 21:00:00+02:00,CT NG 31,0.059690400000000005
2030,sc01,10-13 21:00:00+02:00,Solar 64,0.0
2030,sc01,10-13 21:00:00+02:00,CC NG 33,0.0
2030,sc01,10-13 21:00:00+02:00,Solar 46,0.0
2030,sc01,10-13 21:00:00+02:00,Biomass 12,0.015200000000000002
2030,sc01,10-13 21:00:00+02:00,Wind 04,0.00906968352
2030,sc01,10-13 21:00:00+02:00,Solar 13,0.0
2030,sc01,10-13 21:00:00+02:00,CT NG 55,0.0
2030,sc01,10-13 21:00:00+02:00,Wind N03,2.6488993968
2030,sc01,10-13 21:00:00+02:00,CT NG 28,0.0
2030,sc01,10-13 21:00:00+02:00,Wind 09,0.045313443519999996
2030,sc01,10-13 21:00:00+02:00,Solar 60,0.0
2030,sc01,10-13 21:00:00+02:00,Solar 25,0.0
2030,sc01,10-13 21:00:00+02:00,CT NG 23,3.876
2030,sc01,10-13 21:00:00+02:00,ST Other 01,0.0
2030,sc01,10-13 21:00:00+02:00,Solar 70,0.0
2030,sc01,10-13 21:00:00+02:00,CC NG 34,14.418322543693616
2030,sc01,10-13 21:00:00+02:00,Solar 48,0.0
2030,sc01,10-13 21:00:00+02:00,Biomass 56,0.0992
2030,sc01,10-13 21:00:00+02:00,CT NG 36,3.876
2030,sc01,10-13 21:00:00+02:00,Solar 47,0.0
2030,sc01,10-13 21:00:00+02:00,Hydro 17,0.0232578
2030,sc01,10-13 21:00:00+02:00,Solar 09,0.0
2030,sc01,10-13 21:00:00+02:00,Solar 08,0.0
2030,sc01,10-13 21:00:00+02:00,CT NG 45,0.0
2030,sc01,10-13 21:00:00+02:00,ST NG 04,2.42888
2030,sc01,10-13 21:00:00+02:00,Solar 40,0.0
2030,sc01,10-13 21:00:00+02:00,Biomass 47,0.0932
2030,sc01,10-13 21:00:00+02:00,Solar 50,0.0
2030,sc01,10-13 21:00:00+02:00,Solar 52,0.0
2030,sc01,10-13 21:00:00+02:00,Solar 63,0.0
2030,sc01,10-13 21:00:00+02:00,CC NG 06,0.0
2030,sc01,10-13 21:00:00+02:00,Biomass 39,0.0316
2030,sc01,10-13 21:00:00+02:00,Solar 67,0.0
2030,sc01,10-13 21:00:00+02:00,Solar 19,0.0
2030,sc01,10-13 21:00:00+02:00,Wind 12,0.10255071712
2030,sc01,10-13 21:00:00+02:00,Solar 24,0.0
2030,sc01,10-13 21:00:00+02:00,ICE NG 02,0.325584
2030,sc01,10-13 21:00:00+02:00,Solar 05,0.0
2030,sc01,10-13 21:00:00+02:00,CT NG 54,0.0
2030,sc01,10-13 21:00:00+02:00,Wind N01,0.9729170600000001
2030,sc01,10-13 21:00:00+02:00,CT NG 27,0.040698
2030,sc01,10-13 21:00:00+02:00,CC NG 36,0.0
2030,sc01,10-13 21:00:00+02:00,Wind N02,21.682617852
2030,sc01,10-13 21:00:00+02:00,CT NG 52,0.0
2030,sc01,10-13 21:00:00+02:00,Solar 35,0.0
2030,sc01,10-13 21:00:00+02:00,CT NG 05,0.0
2030,sc01,10-13 21:00:00+02:00,Biomass 36,0.057600000000000005
2030,sc01,10-13 21:00:00+02:00,CT NG 34,3.876
2030,sc01,10-13 21:00:00+02:00,CT Oil 03,0.0
2030,sc01,10-13 21:00:00+02:00,Hydro 35,0.0
2030,sc01,10-13 21:00:00+02:00,Solar 14,0.0
2030,sc01,10-13 21:00:00+02:00,CT NG 75,0.0
2030,sc01,10-13 21:00:00+02:00,ST NG 09,13.409280000000003
2030,sc01,10-13 21:00:00+02:00,CT NG 56,0.0
2030,sc01,10-13 21:00:00+02:00,Biomass 22,0.0144
2030,sc01,10-13 21:00:00+02:00,Solar 18,0.0
2030,sc01,10-13 21:00:00+02:00,Biomass 13,0.015200000000000002
2030,sc01,10-13 21:00:00+02:00,CT NG 71,0.0
2030,sc01,10-13 21:00:00+02:00,Solar 58,0.0
2030,sc01,10-13 21:00:00+02:00,Solar 06,0.0
2030,sc01,10-13 21:00:00+02:00,Biomass 08,0.0308
2030,sc01,10-13 21:00:00+02:00,CT NG 72,0.0
2030,sc01,10-13 21:00:00+02:00,Hydro 18,0.0801102
2030,sc01,10-13 21:00:00+02:00,Solar 10,0.0
2030,sc01,10-13 21:00:00+02:00,CT NG 04,0.95931
2030,sc01,10-13 21:00:00+02:00,ST Other 02,0.0
2030,sc01,10-13 21:00:00+02:00,CT NG 12,0.0
2030,sc01,10-13 21:00:00+02:00,CT NG 48,0.0
2030,sc01,10-13 21:00:00+02:00,ST NG 10,4.1225000000000005
2030,sc01,10-13 21:00:00+02:00,Solar 22,0.0
2030,sc01,10-13 21:00:00+02:00,Solar 28,0.0
2030,sc01,10-13 21:00:00+02:00,CT NG 73,0.0
2030,sc01,10-13 21:00:00+02:00,Biomass 52,0.07
2030,sc01,10-13 21:00:00+02:00,CT NG 30,0.0
2030,sc01,10-13 21:00:00+02:00,Solar 54,0.0
2030,sc01,10-13 21:00:00+02:00,Solar 31,0.0
2030,sc01,10-13 21:00:00+02:00,Biomass 03,0.010400000000000001
2030,sc01,10-13 21:00:00+02:00,CT NG 32,0.062016
2030,sc01,10-13 21:00:00+02:00,Biomass 27,0.0676
2030,sc01,10-13 21:00:00+02:00,CC NG 14,6.372529999999999
2030,sc01,10-13 21:00:00+02:00,CC NG 03,4.9115864
2030,sc01,10-13 21:00:00+02:00,CC NG 29,1.930132
2030,sc01,10-13 21:00:00+02:00,CC NG 28,7.02042
2030,sc01,10-13 21:00:00+02:00,CC NG 25,0.0
2030,sc01,10-13 21:00:00+02:00,CT NG 44,0.0
2030,sc01,10-13 21:00:00+02:00,CT NG 14,0.0
2030,sc01,10-13 21:00:00+02:00,CC NG 15,0.0
2030,sc01,10-13 21:00:00+02:00,CC NG 04,12.3776
2030,sc01,10-13 21:00:00+02:00,Biomass 29,0.0676
2030,sc01,10-13 21:00:00+02:00,Wind 14,2.9609685964
2030,sc01,10-13 21:00:00+02:00,Wind 08,0.08012617024000002
2030,sc01,10-13 21:00:00+02:00,Biomass 61,0.013600000000000001
2030,sc01,10-13 21:00:00+02:00,CT NG 35,3.876
2030,sc01,10-13 21:00:00+02:00,Solar 33,0.0
2030,sc01,10-13 21:00:00+02:00,CT NG 41,2.09304
2030,sc01,10-13 21:00:00+02:00,CT NG 15,0.0
2030,sc01,10-13 21:00:00+02:00,Solar 42,0.0
2030,sc01,10-13 21:00:00+02:00,Solar 07,0.0
2030,sc01,10-13 21:00:00+02:00,Solar 43,0.0
2030,sc01,10-13 21:00:00+02:00,Biomass 05,0.018000000000000002
2030,sc01,10-13 21:00:00+02:00,CT NG 29,0.023256
2030,sc01,10-13 21:00:00+02:00,Solar 71,0.0
2030,sc01,10-13 21:00:00+02:00,CT NG 53,0.0
2030,sc01,10-13 21:00:00+02:00,CT NG 20,0.0
2030,sc01,10-13 21:00:00+02:00,Biomass 14,0.033600000000000005
2030,sc01,10-13 21:00:00+02:00,Solar 26,0.0
2030,sc01,10-13 21:00:00+02:00,Hydro 29,0.09300000000000001
2030,sc01,10-13 21:00:00+02:00,Hydro 31,0.0068912
2030,sc01,10-13 21:00:00+02:00,Biomass 24,0.011200000000000002
2030,sc01,10-13 21:00:00+02:00,Biomass 54,0.0984
2030,sc01,10-13 21:00:00+02:00,Solar 36,0.0
2030,sc01,10-13 21:00:00+02:00,Wind 03,0.05522929632
2030,sc01,10-13 21:00:00+02:00,Biomass 40,0.0316
2030,sc01,10-13 21:00:00+02:00,Biomass 49,0.0116
2030,sc01,10-13 21:00:00+02:00,CC NG 16,36.49458
2030,sc01,10-13 21:00:00+02:00,Biomass 48,0.0932
2030,sc01,10-13 21:00:00+02:00,Hydro 28,0.09300000000000001
2030,sc01,10-13 21:00:00+02:00,Biomass 17,0.0
2030,sc01,10-13 21:00:00+02:00,CT NG 33,0.050388
2030,sc01,10-13 21:00:00+02:00,Solar 45,0.0
2030,sc01,10-13 21:00:00+02:00,Hydro 24,1.5681919999999998
2030,sc01,10-13 21:00:00+02:00,Wind 13,0.01709652448
2030,sc01,10-13 21:00:00+02:00,Biomass 07,0.08
2030,sc01,10-13 21:00:00+02:00,Biomass 34,0.057600000000000005
2030,sc01,10-13 21:00:00+02:00,Biomass 33,0.057600000000000005
2030,sc01,10-13 21:00:00+02:00,CT NG 01,0.29212555220823555
2030,sc01,10-13 21:00:00+02:00,ICE NG 03,0.325584
2030,sc01,10-13 21:00:00+02:00,Solar 55,0.0
2030,sc01,10-13 21:00:00+02:00,Solar 11,0.0
2030,sc01,10-13 21:00:00+02:00,CT NG 06,0.0
2030,sc01,10-13 21:00:00+02:00,CT NG 70,0.0
2030,sc01,10-13 21:00:00+02:00,Solar 23,0.0
2030,sc01,10-13 21:00:00+02:00,CT NG 67,0.0
2030,sc01,10-13 21:00:00+02:00,Solar 12,0.0
2030,sc01,10-13 21:00:00+02:00,CT Oil 01,0.0
2030,sc01,10-13 21:00:00+02:00,Hydro 26,0.671892
2030,sc01,10-13 21:00:00+02:00,CC NG 22,26.217304
2030,sc01,10-13 21:00:00+02:00,CC NG 35,23.014599999999994
2030,sc01,10-13 21:00:00+02:00,Biomass 50,0.0072
2030,sc01,10-13 21:00:00+02:00,ICE NG 04,0.325584
2030,sc01,10-13 21:00:00+02:00,CC NG 39,9.55396
2030,sc01,10-13 21:00:00+02:00,Hydro 32,0.00826944
2030,sc01,10-13 21:00:00+02:00,ICE NG 07,0.325584
2030,sc01,10-13 21:00:00+02:00,Biomass 46,0.026000000000000002
2030,sc01,10-13 21:00:00+02:00,CC NG 38,3.7983760000000006
2030,sc01,10-13 21:00:00+02:00,CC NG 12,5.802
2030,sc01,10-13 21:00:00+02:00,Solar 57,0.0
2030,sc01,10-13 21:00:00+02:00,CC NG 32,0.0
2030,sc01,10-13 21:00:00+02:00,CC NG 07,0.0
2030,sc01,10-13 21:00:00+02:00,Biomass 44,0.0484
2030,sc01,10-13 21:00:00+02:00,CT NG 40,0.120156
2030,sc01,10-13 21:00:00+02:00,Solar 74,0.0
2030,sc01,10-13 21:00:00+02:00,Hydro 30,0.0
2030,sc01,10-13 21:00:00+02:00,CT NG 42,0.0
2030,sc01,10-13 21:00:00+02:00,Hydro 22,0.9338208000000001
2030,sc01,10-13 21:00:00+02:00,Solar 17,0.0
2030,sc01,10-13 21:00:00+02:00,Solar 38,0.0
2030,sc01,10-13 21:00:00+02:00,CT NG 24,3.876
2030,sc01,10-13 21:00:00+02:00,CC NG 27,1.33446
2030,sc01,10-13 21:00:00+02:00,Biomass 21,0.0144
2030,sc01,10-13 21:00:00+02:00,ICE NG 06,0.325584
2030,sc01,10-13 21:00:00+02:00,Biomass 25,0.011200000000000002
2030,sc01,10-13 21:00:00+02:00,Solar 27,0.0
2030,sc01,10-13 21:00:00+02:00,CT NG 19,0.15116399999999997
2030,sc01,10-13 21:00:00+02:00,Biomass 42,0.054000000000000006
2030,sc01,10-13 21:00:00+02:00,Biomass 19,0.0144
2030,sc01,10-13 21:00:00+02:00,Biomass 06,0.018000000000000002
2030,sc01,10-13 21:00:00+02:00,CT NG 10,1.938
2030,sc01,10-13 21:00:00+02:00,CC NG 40,29.052547999999998
2030,sc01,10-13 21:00:00+02:00,CC NG 21,0.0
2030,sc01,10-13 21:00:00+02:00,Biomass 02,0.0412
2030,sc01,10-13 21:00:00+02:00,CT NG 46,0.0
2030,sc01,10-13 21:00:00+02:00,Hydro 34,1.7351296
2030,sc01,10-13 21:00:00+02:00,Biomass 10,0.0308
2030,sc01,10-13 21:00:00+02:00,CT NG 17,0.26744400000000007
2030,sc01,10-13 21:00:00+02:00,Biomass 62,0.0736
2030,sc01,10-13 21:00:00+02:00,Biomass 32,0.048799999999999996
2030,sc01,10-13 21:00:00+02:00,CC NG 19,5.4152000000000005
2030,sc01,10-13 21:00:00+02:00,CC NG 17,5.9721920000000015
2030,sc01,10-13 21:00:00+02:00,ST NG 01,12.416
2030,sc01,10-13 21:00:00+02:00,Biomass 45,0.0484
2030,sc01,10-13 21:00:00+02:00,Biomass 28,0.0676
2030,sc01,10-13 21:00:00+02:00,CC NG 10,0.0
2030,sc01,10-13 21:00:00+02:00,Biomass 23,0.011200000000000002
2030,sc01,10-13 21:00:00+02:00,ST NG 06,0.0
2030,sc01,10-13 21:00:00+02:00,Wind 10,0.07461151744000001
2030,sc01,10-13 21:00:00+02:00,CT NG 69,0.0
2030,sc01,10-13 21:00:00+02:00,CT NG 68,0.0
2030,sc01,10-15 01:00:00+02:00,CC NG 13,0.0
2030,sc01,10-15 01:00:00+02:00,CT NG 37,0.0
2030,sc01,10-15 01:00:00+02:00,ST Coal 01,0.0
2030,sc01,10-15 01:00:00+02:00,CT NG 09,0.0
2030,sc01,10-15 01:00:00+02:00,CT NG 47,0.0
2030,sc01,10-15 01:00:00+02:00,Solar 69,0.0
2030,sc01,10-15 01:00:00+02:00,Solar 34,0.0
2030,sc01,10-15 01:00:00+02:00,Solar 73,0.0
2030,sc01,10-15 01:00:00+02:00,Biomass 37,0.04977
2030,sc01,10-15 01:00:00+02:00,Hydro 20,0.05149494
2030,sc01,10-15 01:00:00+02:00,Solar 01,0.0
2030,sc01,10-15 01:00:00+02:00,Solar 62,0.0
2030,sc01,10-15 01:00:00+02:00,Solar 02,0.0
2030,sc01,10-15 01:00:00+02:00,CT NG 26,0.0
2030,sc01,10-15 01:00:00+02:00,Biomass 20,0.02268
2030,sc01,10-15 01:00:00+02:00,Wind 16,11.221310557799999
2030,sc01,10-15 01:00:00+02:00,CT NG 66,0.0
2030,sc01,10-15 01:00:00+02:00,Solar 39,0.0
2030,sc01,10-15 01:00:00+02:00,Biomass 41,0.08505
2030,sc01,10-15 01:00:00+02:00,Solar 72,0.0
2030,sc01,10-15 01:00:00+02:00,ST NG 03,0.0
2030,sc01,10-15 01:00:00+02:00,Hydro 21,0.05149494
2030,sc01,10-15 01:00:00+02:00,CT NG 03,0.0
2030,sc01,10-15 01:00:00+02:00,CC NG 09,0.0
2030,sc01,10-15 01:00:00+02:00,CT Oil 02,0.0
2030,sc01,10-15 01:00:00+02:00,CT NG 39,0.0
2030,sc01,10-15 01:00:00+02:00,CC NG 08,0.0
2030,sc01,10-15 01:00:00+02:00,Biomass 43,0.18585000000000002
2030,sc01,10-15 01:00:00+02:00,CT NG 18,0.0
2030,sc01,10-15 01:00:00+02:00,ST NG 07,0.0
2030,sc01,10-15 01:00:00+02:00,Biomass 35,0.09072000000000001
2030,sc01,10-15 01:00:00+02:00,Solar 32,0.0
2030,sc01,10-15 01:00:00+02:00,Biomass 15,0.0
2030,sc01,10-15 01:00:00+02:00,CC NG 31,0.0
2030,sc01,10-15 01:00:00+02:00,Solar 16,0.0
2030,sc01,10-15 01:00:00+02:00,Solar 68,0.0
2030,sc01,10-15 01:00:00+02:00,CT NG 21,0.0
2030,sc01,10-15 01:00:00+02:00,Wind 11,0.5326393065839999
2030,sc01,10-15 01:00:00+02:00,CC NG 37,38.745756
2030,sc01,10-15 01:00:00+02:00,CT NG 22,0.0
2030,sc01,10-15 01:00:00+02:00,Hydro 16,0.023965200000000002
2030,sc01,10-15 01:00:00+02:00,Biomass 59,0.26082000000000005
2030,sc01,10-15 01:00:00+02:00,CC NG 01,0.0
2030,sc01,10-15 01:00:00+02:00,Biomass 16,0.0
2030,sc01,10-15 01:00:00+02:00,Solar 03,0.0
2030,sc01,10-15 01:00:00+02:00,Solar 44,0.0
2030,sc01,10-15 01:00:00+02:00,CT NG 08,0.0
2030,sc01,10-15 01:00:00+02:00,Wind 05,0.180709151112
2030,sc01,10-15 01:00:00+02:00,Biomass 26,0.10647
2030,sc01,10-15 01:00:00+02:00,Solar 37,0.0
2030,sc01,10-15 01:00:00+02:00,Biomass 11,0.023940000000000003
2030,sc01,10-15 01:00:00+02:00,Solar 59,0.0
2030,sc01,10-15 01:00:00+02:00,CT NG 11,0.0
2030,sc01,10-15 01:00:00+02:00,Biomass 30,0.10647
2030,sc01,10-15 01:00:00+02:00,Hydro 23,0.03613176
2030,sc01,10-15 01:00:00+02:00,CC NG 24,0.0
2030,sc01,10-15 01:00:00+02:00,Solar 65,0.0
2030,sc01,10-15 01:00:00+02:00,CC NG 18,3.0067063899449042
2030,sc01,10-15 01:00:00+02:00,CT NG 16,0.0
2030,sc01,10-15 01:00:00+02:00,Solar 51,0.0
2030,sc01,10-15 01:00:00+02:00,Wind 06,0.5227740352800001
2030,sc01,10-15 01:00:00+02:00,CC NG 26,0.0
2030,sc01,10-15 01:00:00+02:00,CC NG 23,0.0
2030,sc01,10-15 01:00:00+02:00,CT NG 43,0.0
2030,sc01,10-15 01:00:00+02:00,CC NG 11,0.0
2030,sc01,10-15 01:00:00+02:00,CT NG 02,0.0
2030,sc01,10-15 01:00:00+02:00,CT NG 50,0.0
2030,sc01,10-15 01:00:00+02:00,Hydro 27,1.1683035
2030,sc01,10-15 01:00:00+02:00,CT NG 13,0.0
2030,sc01,10-15 01:00:00+02:00,CT NG 25,0.0
2030,sc01,10-15 01:00:00+02:00,CC NG 05,0.0
2030,sc01,10-15 01:00:00+02:00,Solar 04,0.0
2030,sc01,10-15 01:00:00+02:00,Solar 30,0.0
2030,sc01,10-15 01:00:00+02:00,Solar 29,0.0
2030,sc01,10-15 01:00:00+02:00,Solar 53,0.0
2030,sc01,10-15 01:00:00+02:00,Solar 21,0.0
2030,sc01,10-15 01:00:00+02:00,Biomass 58,0.12662999999999996
2030,sc01,10-15 01:00:00+02:00,CT NG 74,0.0
2030,sc01,10-15 01:00:00+02:00,Solar 61,0.0
2030,sc01,10-15 01:00:00+02:00,Wind 07,0.46110607956
2030,sc01,10-15 01:00:00+02:00,Biomass 31,0.10647
2030,sc01,10-15 01:00:00+02:00,CT Oil 05,0.0
2030,sc01,10-15 01:00:00+02:00,Biomass 38,0.04977
2030,sc01,10-15 01:00:00+02:00,Solar 41,0.0
2030,sc01,10-15 01:00:00+02:00,Biomass 51,0.01134
2030,sc01,10-15 01:00:00+02:00,Biomass 55,0.15498
2030,sc01,10-15 01:00:00+02:00,Wind 15,0.14415136293599998
2030,sc01,10-15 01:00:00+02:00,Geo 01,1.008
2030,sc01,10-15 01:00:00+02:00,Biomass 60,0.1701
2030,sc01,10-15 01:00:00+02:00,CT NG 38,0.0
2030,sc01,10-15 01:00:00+02:00,Solar 66,0.0
2030,sc01,10-15 01:00:00+02:00,Solar 49,0.0
2030,sc01,10-15 01:00:00+02:00,CT NG 51,0.0
2030,sc01,10-15 01:00:00+02:00,Biomass 18,0.0
2030,sc01,10-15 01:00:00+02:00,ICE NG 01,0.0
2030,sc01,10-15 01:00:00+02:00,Solar 15,0.0
2030,sc01,10-15 01:00:00+02:00,ICE NG 05,0.0
2030,sc01,10-15 01:00:00+02:00,CT Oil 04,0.0
2030,sc01,10-15 01:00:00+02:00,CC NG 20,0.0
2030,sc01,10-15 01:00:00+02:00,Solar 20,0.0
2030,sc01,10-15 01:00:00+02:00,Biomass 04,0.016380000000000002
2030,sc01,10-15 01:00:00+02:00,Wind 02,0.09613303005599999
2030,sc01,10-15 01:00:00+02:00,Hydro 25,1.1683035
2030,sc01,10-15 01:00:00+02:00,Solar 75,0.0
2030,sc01,10-15 01:00:00+02:00,Hydro 33,69.3797643
2030,sc01,10-15 01:00:00+02:00,ST NG 05,3.8254859999999997
2030,sc01,10-15 01:00:00+02:00,CT NG 07,0.0
2030,sc01,10-15 01:00:00+02:00,Wind 01,0.30368687328
2030,sc01,10-15 01:00:00+02:00,Solar 56,0.0
2030,sc01,10-15 01:00:00+02:00,Biomass 09,0.048510000000000005
2030,sc01,10-15 01:00:00+02:00,Biomass 53,0.15498
2030,sc01,10-15 01:00:00+02:00,Wind 17,0.5338455559920001
2030,sc01,10-15 01:00:00+02:00,ST NG 08,0.0
2030,sc01,10-15 01:00:00+02:00,Hydro 19,0.217602
2030,sc01,10-15 01:00:00+02:00,ST NG 02,0.0
2030,sc01,10-15 01:00:00+02:00,Biomass 01,0.06489
2030,sc01,10-15 01:00:00+02:00,Biomass 57,0.12662999999999996
2030,sc01,10-15 01:00:00+02:00,CT NG 49,0.0
2030,sc01,10-15 01:00:00+02:00,CT NG 31,0.0
2030,sc01,10-15 01:00:00+02:00,Solar 64,0.0
2030,sc01,10-15 01:00:00+02:00,CC NG 33,0.0
2030,sc01,10-15 01:00:00+02:00,Solar 46,0.0
2030,sc01,10-15 01:00:00+02:00,Biomass 12,0.023940000000000003
2030,sc01,10-15 01:00:00+02:00,Wind 04,0.330271693416
2030,sc01,10-15 01:00:00+02:00,Solar 13,0.0
2030,sc01,10-15 01:00:00+02:00,CT NG 55,0.0
2030,sc01,10-15 01:00:00+02:00,Wind N03,20.5325213814
2030,sc01,10-15 01:00:00+02:00,CT NG 28,0.0
2030,sc01,10-15 01:00:00+02:00,Wind 09,2.74697681706
2030,sc01,10-15 01:00:00+02:00,Solar 60,0.0
2030,sc01,10-15 01:00:00+02:00,Solar 25,0.0
2030,sc01,10-15 01:00:00+02:00,CT NG 23,0.0
2030,sc01,10-15 01:00:00+02:00,ST Other 01,0.0
2030,sc01,10-15 01:00:00+02:00,Solar 70,0.0
2030,sc01,10-15 01:00:00+02:00,CC NG 34,23.536651777605076
2030,sc01,10-15 01:00:00+02:00,Solar 48,0.0
2030,sc01,10-15 01:00:00+02:00,Biomass 56,0.15624
2030,sc01,10-15 01:00:00+02:00,CT NG 36,0.0
2030,sc01,10-15 01:00:00+02:00,Solar 47,0.0
2030,sc01,10-15 01:00:00+02:00,Hydro 17,0.040441275
2030,sc01,10-15 01:00:00+02:00,Solar 09,0.0
2030,sc01,10-15 01:00:00+02:00,Solar 08,0.0
2030,sc01,10-15 01:00:00+02:00,CT NG 45,0.0
2030,sc01,10-15 01:00:00+02:00,ST NG 04,3.8254859999999997
2030,sc01,10-15 01:00:00+02:00,Solar 40,0.0
2030,sc01,10-15 01:00:00+02:00,Biomass 47,0.14679
2030,sc01,10-15 01:00:00+02:00,Solar 50,0.0
2030,sc01,10-15 01:00:00+02:00,Solar 52,0.0
2030,sc01,10-15 01:00:00+02:00,Solar 63,0.0
2030,sc01,10-15 01:00:00+02:00,CC NG 06,0.0
2030,sc01,10-15 01:00:00+02:00,Biomass 39,0.04977
2030,sc01,10-15 01:00:00+02:00,Solar 67,0.0
2030,sc01,10-15 01:00:00+02:00,Solar 19,0.0
2030,sc01,10-15 01:00:00+02:00,Wind 12,1.65062328858
2030,sc01,10-15 01:00:00+02:00,Solar 24,0.0
2030,sc01,10-15 01:00:00+02:00,ICE NG 02,0.0
2030,sc01,10-15 01:00:00+02:00,Solar 05,0.0
2030,sc01,10-15 01:00:00+02:00,CT NG 54,0.0
2030,sc01,10-15 01:00:00+02:00,Wind N01,15.659759404799999
2030,sc01,10-15 01:00:00+02:00,CT NG 27,0.0
2030,sc01,10-15 01:00:00+02:00,CC NG 36,0.0
2030,sc01,10-15 01:00:00+02:00,Wind N02,112.02221060100001
2030,sc01,10-15 01:00:00+02:00,CT NG 52,0.0
2030,sc01,10-15 01:00:00+02:00,Solar 35,0.0
2030,sc01,10-15 01:00:00+02:00,CT NG 05,0.0
2030,sc01,10-15 01:00:00+02:00,Biomass 36,0.09072000000000001
2030,sc01,10-15 01:00:00+02:00,CT NG 34,0.0
2030,sc01,10-15 01:00:00+02:00,CT Oil 03,0.0
2030,sc01,10-15 01:00:00+02:00,Hydro 35,0.0
2030,sc01,10-15 01:00:00+02:00,Solar 14,0.0
2030,sc01,10-15 01:00:00+02:00,CT NG 75,0.0
2030,sc01,10-15 01:00:00+02:00,ST NG 09,0.0
2030,sc01,10-15 01:00:00+02:00,CT NG 56,0.0
2030,sc01,10-15 01:00:00+02:00,Biomass 22,0.02268
2030,sc01,10-15 01:00:00+02:00,Solar 18,0.0
2030,sc01,10-15 01:00:00+02:00,Biomass 13,0.023940000000000003
2030,sc01,10-15 01:00:00+02:00,CT NG 71,0.0
2030,sc01,10-15 01:00:00+02:00,Solar 58,0.0
2030,sc01,10-15 01:00:00+02:00,Solar 06,0.0
2030,sc01,10-15 01:00:00+02:00,Biomass 08,0.048510000000000005
2030,sc01,10-15 01:00:00+02:00,CT NG 72,0.0
2030,sc01,10-15 01:00:00+02:00,Hydro 18,0.139297725
2030,sc01,10-15 01:00:00+02:00,Solar 10,0.0
2030,sc01,10-15 01:00:00+02:00,CT NG 04,0.0
2030,sc01,10-15 01:00:00+02:00,ST Other 02,0.0
2030,sc01,10-15 01:00:00+02:00,CT NG 12,0.0
2030,sc01,10-15 01:00:00+02:00,CT NG 48,0.0
2030,sc01,10-15 01:00:00+02:00,ST NG 10,0.0
2030,sc01,10-15 01:00:00+02:00,Solar 22,0.0
2030,sc01,10-15 01:00:00+02:00,Solar 28,0.0
2030,sc01,10-15 01:00:00+02:00,CT NG 73,0.0
2030,sc01,10-15 01:00:00+02:00,Biomass 52,0.11025
2030,sc01,10-15 01:00:00+02:00,CT NG 30,0.0
2030,sc01,10-15 01:00:00+02:00,Solar 54,0.0
2030,sc01,10-15 01:00:00+02:00,Solar 31,0.0
2030,sc01,10-15 01:00:00+02:00,Biomass 03,0.016380000000000002
2030,sc01,10-15 01:00:00+02:00,CT NG 32,0.0
2030,sc01,10-15 01:00:00+02:00,Biomass 27,0.10647
2030,sc01,10-15 01:00:00+02:00,CC NG 14,0.0
2030,sc01,10-15 01:00:00+02:00,CC NG 03,0.0
2030,sc01,10-15 01:00:00+02:00,CC NG 29,0.0
2030,sc01,10-15 01:00:00+02:00,CC NG 28,3.7463035013034283
2030,sc01,10-15 01:00:00+02:00,CC NG 25,0.0
2030,sc01,10-15 01:00:00+02:00,CT NG 44,0.0
2030,sc01,10-15 01:00:00+02:00,CT NG 14,0.0
2030,sc01,10-15 01:00:00+02:00,CC NG 15,0.0
2030,sc01,10-15 01:00:00+02:00,CC NG 04,0.0
2030,sc01,10-15 01:00:00+02:00,Biomass 29,0.10647
2030,sc01,10-15 01:00:00+02:00,Wind 14,15.2977029786
2030,sc01,10-15 01:00:00+02:00,Wind 08,2.75065863723
2030,sc01,10-15 01:00:00+02:00,Biomass 61,0.02142
2030,sc01,10-15 01:00:00+02:00,CT NG 35,0.0
2030,sc01,10-15 01:00:00+02:00,Solar 33,0.0
2030,sc01,10-15 01:00:00+02:00,CT NG 41,0.0
2030,sc01,10-15 01:00:00+02:00,CT NG 15,0.0
2030,sc01,10-15 01:00:00+02:00,Solar 42,0.0
2030,sc01,10-15 01:00:00+02:00,Solar 07,0.0
2030,sc01,10-15 01:00:00+02:00,Solar 43,0.0
2030,sc01,10-15 01:00:00+02:00,Biomass 05,0.028350000000000004
2030,sc01,10-15 01:00:00+02:00,CT NG 29,0.0
2030,sc01,10-15 01:00:00+02:00,Solar 71,0.0
2030,sc01,10-15 01:00:00+02:00,CT NG 53,0.0
2030,sc01,10-15 01:00:00+02:00,CT NG 20,0.0
2030,sc01,10-15 01:00:00+02:00,Biomass 14,0.05292
2030,sc01,10-15 01:00:00+02:00,Solar 26,0.0
2030,sc01,10-15 01:00:00+02:00,Hydro 29,0.14742
2030,sc01,10-15 01:00:00+02:00,Hydro 31,0.011982600000000001
2030,sc01,10-15 01:00:00+02:00,Biomass 24,0.017640000000000003
2030,sc01,10-15 01:00:00+02:00,Biomass 54,0.15498
2030,sc01,10-15 01:00:00+02:00,Solar 36,0.0
2030,sc01,10-15 01:00:00+02:00,Wind 03,0.84289128336
2030,sc01,10-15 01:00:00+02:00,Biomass 40,0.04977
2030,sc01,10-15 01:00:00+02:00,Biomass 49,0.01827
2030,sc01,10-15 01:00:00+02:00,CC NG 16,0.0
2030,sc01,10-15 01:00:00+02:00,Biomass 48,0.14679
2030,sc01,10-15 01:00:00+02:00,Hydro 28,0.14742
2030,sc01,10-15 01:00:00+02:00,Biomass 17,0.0
2030,sc01,10-15 01:00:00+02:00,CT NG 33,0.0
2030,sc01,10-15 01:00:00+02:00,Solar 45,0.0
2030,sc01,10-15 01:00:00+02:00,Hydro 24,0.03613176
2030,sc01,10-15 01:00:00+02:00,Wind 13,0.97978768524
2030,sc01,10-15 01:00:00+02:00,Biomass 07,0.126
2030,sc01,10-15 01:00:00+02:00,Biomass 34,0.09072000000000001
2030,sc01,10-15 01:00:00+02:00,Biomass 33,0.09072000000000001
2030,sc01,10-15 01:00:00+02:00,CT NG 01,0.0
2030,sc01,10-15 01:00:00+02:00,ICE NG 03,0.0
2030,sc01,10-15 01:00:00+02:00,Solar 55,0.0
2030,sc01,10-15 01:00:00+02:00,Solar 11,0.0
2030,sc01,10-15 01:00:00+02:00,CT NG 06,0.0
2030,sc01,10-15 01:00:00+02:00,CT NG 70,0.0
2030,sc01,10-15 01:00:00+02:00,Solar 23,0.0
2030,sc01,10-15 01:00:00+02:00,CT NG 67,0.0
2030,sc01,10-15 01:00:00+02:00,Solar 12,0.0
2030,sc01,10-15 01:00:00+02:00,CT Oil 01,0.0
2030,sc01,10-15 01:00:00+02:00,Hydro 26,1.1683035
2030,sc01,10-15 01:00:00+02:00,CC NG 22,41.2922538
2030,sc01,10-15 01:00:00+02:00,CC NG 35,0.0
2030,sc01,10-15 01:00:00+02:00,Biomass 50,0.01134
2030,sc01,10-15 01:00:00+02:00,ICE NG 04,0.0
2030,sc01,10-15 01:00:00+02:00,CC NG 39,0.0
2030,sc01,10-15 01:00:00+02:00,Hydro 32,0.01437912
2030,sc01,10-15 01:00:00+02:00,ICE NG 07,0.0
2030,sc01,10-15 01:00:00+02:00,Biomass 46,0.04095000000000001
2030,sc01,10-15 01:00:00+02:00,CC NG 38,5.9824422
2030,sc01,10-15 01:00:00+02:00,CC NG 12,0.0
2030,sc01,10-15 01:00:00+02:00,Solar 57,0.0
2030,sc01,10-15 01:00:00+02:00,CC NG 32,0.0
2030,sc01,10-15 01:00:00+02:00,CC NG 07,0.0
2030,sc01,10-15 01:00:00+02:00,Biomass 44,0.07622999999999999
2030,sc01,10-15 01:00:00+02:00,CT NG 40,0.0
2030,sc01,10-15 01:00:00+02:00,Solar 74,0.0
2030,sc01,10-15 01:00:00+02:00,Hydro 30,0.0
2030,sc01,10-15 01:00:00+02:00,CT NG 42,0.0
2030,sc01,10-15 01:00:00+02:00,Hydro 22,0.05149494
2030,sc01,10-15 01:00:00+02:00,Solar 17,0.0
2030,sc01,10-15 01:00:00+02:00,Solar 38,0.0
2030,sc01,10-15 01:00:00+02:00,CT NG 24,0.0
2030,sc01,10-15 01:00:00+02:00,CC NG 27,0.0
2030,sc01,10-15 01:00:00+02:00,Biomass 21,0.02268
2030,sc01,10-15 01:00:00+02:00,ICE NG 06,0.0
2030,sc01,10-15 01:00:00+02:00,Biomass 25,0.017640000000000003
2030,sc01,10-15 01:00:00+02:00,Solar 27,0.0
2030,sc01,10-15 01:00:00+02:00,CT NG 19,0.0
2030,sc01,10-15 01:00:00+02:00,Biomass 42,0.08505
2030,sc01,10-15 01:00:00+02:00,Biomass 19,0.02268
2030,sc01,10-15 01:00:00+02:00,Biomass 06,0.028350000000000004
2030,sc01,10-15 01:00:00+02:00,CT NG 10,0.0
2030,sc01,10-15 01:00:00+02:00,CC NG 40,45.7577631
2030,sc01,10-15 01:00:00+02:00,CC NG 21,0.0
2030,sc01,10-15 01:00:00+02:00,Biomass 02,0.06489
2030,sc01,10-15 01:00:00+02:00,CT NG 46,0.0
2030,sc01,10-15 01:00:00+02:00,Hydro 34,69.3797643
2030,sc01,10-15 01:00:00+02:00,Biomass 10,0.048510000000000005
2030,sc01,10-15 01:00:00+02:00,CT NG 17,0.0
2030,sc01,10-15 01:00:00+02:00,Biomass 62,0.11592000000000001
2030,sc01,10-15 01:00:00+02:00,Biomass 32,0.07686
2030,sc01,10-15 01:00:00+02:00,CC NG 19,8.52894
2030,sc01,10-15 01:00:00+02:00,CC NG 17,0.0
2030,sc01,10-15 01:00:00+02:00,ST NG 01,0.0
2030,sc01,10-15 01:00:00+02:00,Biomass 45,0.07622999999999999
2030,sc01,10-15 01:00:00+02:00,Biomass 28,0.10647
2030,sc01,10-15 01:00:00+02:00,CC NG 10,0.0
2030,sc01,10-15 01:00:00+02:00,Biomass 23,0.017640000000000003
2030,sc01,10-15 01:00:00+02:00,ST NG 06,0.0
2030,sc01,10-15 01:00:00+02:00,Wind 10,2.77271287965
2030,sc01,10-15 01:00:00+02:00,CT NG 69,0.0
2030,sc01,10-15 01:00:00+02:00,CT NG 68,0.0
2030,sc01,10-17 04:00:00+02:00,CC NG 13,0.0
2030,sc01,10-17 04:00:00+02:00,CT NG 37,0.0
2030,sc01,10-17 04:00:00+02:00,ST Coal 01,0.0
2030,sc01,10-17 04:00:00+02:00,CT NG 09,0.0
2030,sc01,10-17 04:00:00+02:00,CT NG 47,0.0
2030,sc01,10-17 04:00:00+02:00,Solar 69,0.0
2030,sc01,10-17 04:00:00+02:00,Solar 34,0.0
2030,sc01,10-17 04:00:00+02:00,Solar 73,0.0
2030,sc01,10-17 04:00:00+02:00,Biomass 37,0.0
2030,sc01,10-17 04:00:00+02:00,Hydro 20,0.0
2030,sc01,10-17 04:00:00+02:00,Solar 01,0.0
2030,sc01,10-17 04:00:00+02:00,Solar 62,0.0
2030,sc01,10-17 04:00:00+02:00,Solar 02,0.0
2030,sc01,10-17 04:00:00+02:00,CT NG 26,0.0
2030,sc01,10-17 04:00:00+02:00,Biomass 20,0.02268
2030,sc01,10-17 04:00:00+02:00,Wind 16,23.1997231746
2030,sc01,10-17 04:00:00+02:00,CT NG 66,0.0
2030,sc01,10-17 04:00:00+02:00,Solar 39,0.0
2030,sc01,10-17 04:00:00+02:00,Biomass 41,0.0
2030,sc01,10-17 04:00:00+02:00,Solar 72,0.0
2030,sc01,10-17 04:00:00+02:00,ST NG 03,0.0
2030,sc01,10-17 04:00:00+02:00,Hydro 21,0.0
2030,sc01,10-17 04:00:00+02:00,CT NG 03,0.0
2030,sc01,10-17 04:00:00+02:00,CC NG 09,0.0
2030,sc01,10-17 04:00:00+02:00,CT Oil 02,0.0
2030,sc01,10-17 04:00:00+02:00,CT NG 39,0.0
2030,sc01,10-17 04:00:00+02:00,CC NG 08,0.0
2030,sc01,10-17 04:00:00+02:00,Biomass 43,0.0
2030,sc01,10-17 04:00:00+02:00,CT NG 18,0.23808329999999994
2030,sc01,10-17 04:00:00+02:00,ST NG 07,0.0
2030,sc01,10-17 04:00:00+02:00,Biomass 35,0.0
2030,sc01,10-17 04:00:00+02:00,Solar 32,0.0
2030,sc01,10-17 04:00:00+02:00,Biomass 15,0.0
2030,sc01,10-17 04:00:00+02:00,CC NG 31,0.0
2030,sc01,10-17 04:00:00+02:00,Solar 16,0.0
2030,sc01,10-17 04:00:00+02:00,Solar 68,0.0
2030,sc01,10-17 04:00:00+02:00,CT NG 21,0.0
2030,sc01,10-17 04:00:00+02:00,Wind 11,0.321198992352
2030,sc01,10-17 04:00:00+02:00,CC NG 37,0.0
2030,sc01,10-17 04:00:00+02:00,CT NG 22,0.0
2030,sc01,10-17 04:00:00+02:00,Hydro 16,0.02406096
2030,sc01,10-17 04:00:00+02:00,Biomass 59,0.26082000000000005
2030,sc01,10-17 04:00:00+02:00,CC NG 01,0.0
2030,sc01,10-17 04:00:00+02:00,Biomass 16,0.0
2030,sc01,10-17 04:00:00+02:00,Solar 03,0.0
2030,sc01,10-17 04:00:00+02:00,Solar 44,0.0
2030,sc01,10-17 04:00:00+02:00,CT NG 08,0.0
2030,sc01,10-17 04:00:00+02:00,Wind 05,0.14323199335200001
2030,sc01,10-17 04:00:00+02:00,Biomass 26,0.10647
2030,sc01,10-17 04:00:00+02:00,Solar 37,0.0
2030,sc01,10-17 04:00:00+02:00,Biomass 11,0.023940000000000003
2030,sc01,10-17 04:00:00+02:00,Solar 59,0.0
2030,sc01,10-17 04:00:00+02:00,CT NG 11,0.0
2030,sc01,10-17 04:00:00+02:00,Biomass 30,0.10647
2030,sc01,10-17 04:00:00+02:00,Hydro 23,0.0
2030,sc01,10-17 04:00:00+02:00,CC NG 24,0.0
2030,sc01,10-17 04:00:00+02:00,Solar 65,0.0
2030,sc01,10-17 04:00:00+02:00,CC NG 18,0.0
2030,sc01,10-17 04:00:00+02:00,CT NG 16,0.0
2030,sc01,10-17 04:00:00+02:00,Solar 51,0.0
2030,sc01,10-17 04:00:00+02:00,Wind 06,0.80103728376
2030,sc01,10-17 04:00:00+02:00,CC NG 26,0.0
2030,sc01,10-17 04:00:00+02:00,CC NG 23,0.0
2030,sc01,10-17 04:00:00+02:00,CT NG 43,0.0
2030,sc01,10-17 04:00:00+02:00,CC NG 11,0.0
2030,sc01,10-17 04:00:00+02:00,CT NG 02,0.0
2030,sc01,10-17 04:00:00+02:00,CT NG 50,0.0
2030,sc01,10-17 04:00:00+02:00,Hydro 27,0.0
2030,sc01,10-17 04:00:00+02:00,CT NG 13,0.0
2030,sc01,10-17 04:00:00+02:00,CT NG 25,0.0
2030,sc01,10-17 04:00:00+02:00,CC NG 05,0.0
2030,sc01,10-17 04:00:00+02:00,Solar 04,0.0
2030,sc01,10-17 04:00:00+02:00,Solar 30,0.0
2030,sc01,10-17 04:00:00+02:00,Solar 29,0.0
2030,sc01,10-17 04:00:00+02:00,Solar 53,0.0
2030,sc01,10-17 04:00:00+02:00,Solar 21,0.0
2030,sc01,10-17 04:00:00+02:00,Biomass 58,0.12662999999999996
2030,sc01,10-17 04:00:00+02:00,CT NG 74,0.0
2030,sc01,10-17 04:00:00+02:00,Solar 61,0.0
2030,sc01,10-17 04:00:00+02:00,Wind 07,0.311245931808
2030,sc01,10-17 04:00:00+02:00,Biomass 31,0.10647
2030,sc01,10-17 04:00:00+02:00,CT Oil 05,0.0
2030,sc01,10-17 04:00:00+02:00,Biomass 38,0.0
2030,sc01,10-17 04:00:00+02:00,Solar 41,0.0
2030,sc01,10-17 04:00:00+02:00,Biomass 51,0.0
2030,sc01,10-17 04:00:00+02:00,Biomass 55,0.15498
2030,sc01,10-17 04:00:00+02:00,Wind 15,1.85555729772
2030,sc01,10-17 04:00:00+02:00,Geo 01,0.0
2030,sc01,10-17 04:00:00+02:00,Biomass 60,0.1701
2030,sc01,10-17 04:00:00+02:00,CT NG 38,0.0
2030,sc01,10-17 04:00:00+02:00,Solar 66,0.0
2030,sc01,10-17 04:00:00+02:00,Solar 49,0.0
2030,sc01,10-17 04:00:00+02:00,CT NG 51,0.0
2030,sc01,10-17 04:00:00+02:00,Biomass 18,0.0
2030,sc01,10-17 04:00:00+02:00,ICE NG 01,0.0
2030,sc01,10-17 04:00:00+02:00,Solar 15,0.0
2030,sc01,10-17 04:00:00+02:00,ICE NG 05,0.0
2030,sc01,10-17 04:00:00+02:00,CT Oil 04,0.0
2030,sc01,10-17 04:00:00+02:00,CC NG 20,0.0
2030,sc01,10-17 04:00:00+02:00,Solar 20,0.0
2030,sc01,10-17 04:00:00+02:00,Biomass 04,0.0
2030,sc01,10-17 04:00:00+02:00,Wind 02,0.87179639652
2030,sc01,10-17 04:00:00+02:00,Hydro 25,0.0
2030,sc01,10-17 04:00:00+02:00,Solar 75,0.0
2030,sc01,10-17 04:00:00+02:00,Hydro 33,0.0
2030,sc01,10-17 04:00:00+02:00,ST NG 05,0.0
2030,sc01,10-17 04:00:00+02:00,CT NG 07,0.0
2030,sc01,10-17 04:00:00+02:00,Wind 01,0.19092686659199998
2030,sc01,10-17 04:00:00+02:00,Solar 56,0.0
2030,sc01,10-17 04:00:00+02:00,Biomass 09,0.048510000000000005
2030,sc01,10-17 04:00:00+02:00,Biomass 53,0.15498
2030,sc01,10-17 04:00:00+02:00,Wind 17,9.9451766169
2030,sc01,10-17 04:00:00+02:00,ST NG 08,0.0
2030,sc01,10-17 04:00:00+02:00,Hydro 19,0.0
2030,sc01,10-17 04:00:00+02:00,ST NG 02,0.0
2030,sc01,10-17 04:00:00+02:00,Biomass 01,0.06489
2030,sc01,10-17 04:00:00+02:00,Biomass 57,0.12662999999999996
2030,sc01,10-17 04:00:00+02:00,CT NG 49,0.0
2030,sc01,10-17 04:00:00+02:00,CT NG 31,0.0
2030,sc01,10-17 04:00:00+02:00,Solar 64,0.0
2030,sc01,10-17 04:00:00+02:00,CC NG 33,0.0
2030,sc01,10-17 04:00:00+02:00,Solar 46,0.0
2030,sc01,10-17 04:00:00+02:00,Biomass 12,0.023940000000000003
2030,sc01,10-17 04:00:00+02:00,Wind 04,0.84770547372
2030,sc01,10-17 04:00:00+02:00,Solar 13,0.0
2030,sc01,10-17 04:00:00+02:00,CT NG 55,0.0
2030,sc01,10-17 04:00:00+02:00,Wind N03,169.53049004412577
2030,sc01,10-17 04:00:00+02:00,CT NG 28,0.0
2030,sc01,10-17 04:00:00+02:00,Wind 09,2.02468737807
2030,sc01,10-17 04:00:00+02:00,Solar 60,0.0
2030,sc01,10-17 04:00:00+02:00,Solar 25,0.0
2030,sc01,10-17 04:00:00+02:00,CT NG 23,0.0
2030,sc01,10-17 04:00:00+02:00,ST Other 01,0.0
2030,sc01,10-17 04:00:00+02:00,Solar 70,0.0
2030,sc01,10-17 04:00:00+02:00,CC NG 34,0.0
2030,sc01,10-17 04:00:00+02:00,Solar 48,0.0
2030,sc01,10-17 04:00:00+02:00,Biomass 56,0.15624
2030,sc01,10-17 04:00:00+02:00,CT NG 36,0.0
2030,sc01,10-17 04:00:00+02:00,Solar 47,0.0
2030,sc01,10-17 04:00:00+02:00,Hydro 17,0.040602870000000006
2030,sc01,10-17 04:00:00+02:00,Solar 09,0.0
2030,sc01,10-17 04:00:00+02:00,Solar 08,0.0
2030,sc01,10-17 04:00:00+02:00,CT NG 45,0.0
2030,sc01,10-17 04:00:00+02:00,ST NG 04,0.0
2030,sc01,10-17 04:00:00+02:00,Solar 40,0.0
2030,sc01,10-17 04:00:00+02:00,Biomass 47,0.0
2030,sc01,10-17 04:00:00+02:00,Solar 50,0.0
2030,sc01,10-17 04:00:00+02:00,Solar 52,0.0
2030,sc01,10-17 04:00:00+02:00,Solar 63,0.0
2030,sc01,10-17 04:00:00+02:00,CC NG 06,0.0
2030,sc01,10-17 04:00:00+02:00,Biomass 39,0.0
2030,sc01,10-17 04:00:00+02:00,Solar 67,0.0
2030,sc01,10-17 04:00:00+02:00,Solar 19,0.0
2030,sc01,10-17 04:00:00+02:00,Wind 12,8.1337531023
2030,sc01,10-17 04:00:00+02:00,Solar 24,0.0
2030,sc01,10-17 04:00:00+02:00,ICE NG 02,0.0
2030,sc01,10-17 04:00:00+02:00,Solar 05,0.0
2030,sc01,10-17 04:00:00+02:00,CT NG 54,0.0
2030,sc01,10-17 04:00:00+02:00,Wind N01,77.166375552
2030,sc01,10-17 04:00:00+02:00,CT NG 27,0.0
2030,sc01,10-17 04:00:00+02:00,CC NG 36,0.0
2030,sc01,10-17 04:00:00+02:00,Wind N02,170.95458205146844
2030,sc01,10-17 04:00:00+02:00,CT NG 52,0.0
2030,sc01,10-17 04:00:00+02:00,Solar 35,0.0
2030,sc01,10-17 04:00:00+02:00,CT NG 05,0.0
2030,sc01,10-17 04:00:00+02:00,Biomass 36,0.0
2030,sc01,10-17 04:00:00+02:00,CT NG 34,0.0
2030,sc01,10-17 04:00:00+02:00,CT Oil 03,0.0
2030,sc01,10-17 04:00:00+02:00,Hydro 35,0.0
2030,sc01,10-17 04:00:00+02:00,Solar 14,0.0
2030,sc01,10-17 04:00:00+02:00,CT NG 75,0.0
2030,sc01,10-17 04:00:00+02:00,ST NG 09,0.0
2030,sc01,10-17 04:00:00+02:00,CT NG 56,0.0
2030,sc01,10-17 04:00:00+02:00,Biomass 22,0.02268
2030,sc01,10-17 04:00:00+02:00,Solar 18,0.0
2030,sc01,10-17 04:00:00+02:00,Biomass 13,0.023940000000000003
2030,sc01,10-17 04:00:00+02:00,CT NG 71,0.0
2030,sc01,10-17 04:00:00+02:00,Solar 58,0.0
2030,sc01,10-17 04:00:00+02:00,Solar 06,0.0
2030,sc01,10-17 04:00:00+02:00,Biomass 08,0.048510000000000005
2030,sc01,10-17 04:00:00+02:00,CT NG 72,0.0
2030,sc01,10-17 04:00:00+02:00,Hydro 18,0.13985433000000003
2030,sc01,10-17 04:00:00+02:00,Solar 10,0.0
2030,sc01,10-17 04:00:00+02:00,CT NG 04,0.0
2030,sc01,10-17 04:00:00+02:00,ST Other 02,0.0
2030,sc01,10-17 04:00:00+02:00,CT NG 12,0.0
2030,sc01,10-17 04:00:00+02:00,CT NG 48,0.0
2030,sc01,10-17 04:00:00+02:00,ST NG 10,0.0
2030,sc01,10-17 04:00:00+02:00,Solar 22,0.0
2030,sc01,10-17 04:00:00+02:00,Solar 28,0.0
2030,sc01,10-17 04:00:00+02:00,CT NG 73,0.0
2030,sc01,10-17 04:00:00+02:00,Biomass 52,0.0
2030,sc01,10-17 04:00:00+02:00,CT NG 30,0.0
2030,sc01,10-17 04:00:00+02:00,Solar 54,0.0
2030,sc01,10-17 04:00:00+02:00,Solar 31,0.0
2030,sc01,10-17 04:00:00+02:00,Biomass 03,0.0
2030,sc01,10-17 04:00:00+02:00,CT NG 32,0.0
2030,sc01,10-17 04:00:00+02:00,Biomass 27,0.10647
2030,sc01,10-17 04:00:00+02:00,CC NG 14,0.0
2030,sc01,10-17 04:00:00+02:00,CC NG 03,0.0
2030,sc01,10-17 04:00:00+02:00,CC NG 29,0.0
2030,sc01,10-17 04:00:00+02:00,CC NG 28,0.0
2030,sc01,10-17 04:00:00+02:00,CC NG 25,0.0
2030,sc01,10-17 04:00:00+02:00,CT NG 44,0.0
2030,sc01,10-17 04:00:00+02:00,CT NG 14,0.0
2030,sc01,10-17 04:00:00+02:00,CC NG 15,0.0
2030,sc01,10-17 04:00:00+02:00,CC NG 04,0.0
2030,sc01,10-17 04:00:00+02:00,Biomass 29,0.10647
2030,sc01,10-17 04:00:00+02:00,Wind 14,11.863839787294783
2030,sc01,10-17 04:00:00+02:00,Wind 08,2.29648309758
2030,sc01,10-17 04:00:00+02:00,Biomass 61,0.0
2030,sc01,10-17 04:00:00+02:00,CT NG 35,0.0
2030,sc01,10-17 04:00:00+02:00,Solar 33,0.0
2030,sc01,10-17 04:00:00+02:00,CT NG 41,0.0
2030,sc01,10-17 04:00:00+02:00,CT NG 15,0.0
2030,sc01,10-17 04:00:00+02:00,Solar 42,0.0
2030,sc01,10-17 04:00:00+02:00,Solar 07,0.0
2030,sc01,10-17 04:00:00+02:00,Solar 43,0.0
2030,sc01,10-17 04:00:00+02:00,Biomass 05,0.028350000000000004
2030,sc01,10-17 04:00:00+02:00,CT NG 29,0.0
2030,sc01,10-17 04:00:00+02:00,Solar 71,0.0
2030,sc01,10-17 04:00:00+02:00,CT NG 53,0.0
2030,sc01,10-17 04:00:00+02:00,CT NG 20,0.0
2030,sc01,10-17 04:00:00+02:00,Biomass 14,0.05292
2030,sc01,10-17 04:00:00+02:00,Solar 26,0.0
2030,sc01,10-17 04:00:00+02:00,Hydro 29,0.0
2030,sc01,10-17 04:00:00+02:00,Hydro 31,0.01203048
2030,sc01,10-17 04:00:00+02:00,Biomass 24,0.017640000000000003
2030,sc01,10-17 04:00:00+02:00,Biomass 54,0.15498
2030,sc01,10-17 04:00:00+02:00,Solar 36,0.0
2030,sc01,10-17 04:00:00+02:00,Wind 03,1.28807990136
2030,sc01,10-17 04:00:00+02:00,Biomass 40,0.0
2030,sc01,10-17 04:00:00+02:00,Biomass 49,0.0
2030,sc01,10-17 04:00:00+02:00,CC NG 16,8.741698184521631
2030,sc01,10-17 04:00:00+02:00,Biomass 48,0.0
2030,sc01,10-17 04:00:00+02:00,Hydro 28,0.0
2030,sc01,10-17 04:00:00+02:00,Biomass 17,0.0
2030,sc01,10-17 04:00:00+02:00,CT NG 33,0.0
2030,sc01,10-17 04:00:00+02:00,Solar 45,0.0
2030,sc01,10-17 04:00:00+02:00,Hydro 24,0.0
2030,sc01,10-17 04:00:00+02:00,Wind 13,3.09991366062
2030,sc01,10-17 04:00:00+02:00,Biomass 07,0.126
2030,sc01,10-17 04:00:00+02:00,Biomass 34,0.0
2030,sc01,10-17 04:00:00+02:00,Biomass 33,0.0
2030,sc01,10-17 04:00:00+02:00,CT NG 01,0.0
2030,sc01,10-17 04:00:00+02:00,ICE NG 03,0.0
2030,sc01,10-17 04:00:00+02:00,Solar 55,0.0
2030,sc01,10-17 04:00:00+02:00,Solar 11,0.0
2030,sc01,10-17 04:00:00+02:00,CT NG 06,0.0
2030,sc01,10-17 04:00:00+02:00,CT NG 70,0.0
2030,sc01,10-17 04:00:00+02:00,Solar 23,0.0
2030,sc01,10-17 04:00:00+02:00,CT NG 67,0.0
2030,sc01,10-17 04:00:00+02:00,Solar 12,0.0
2030,sc01,10-17 04:00:00+02:00,CT Oil 01,0.0
2030,sc01,10-17 04:00:00+02:00,Hydro 26,0.0
2030,sc01,10-17 04:00:00+02:00,CC NG 22,0.0
2030,sc01,10-17 04:00:00+02:00,CC NG 35,0.0
2030,sc01,10-17 04:00:00+02:00,Biomass 50,0.0
2030,sc01,10-17 04:00:00+02:00,ICE NG 04,0.0
2030,sc01,10-17 04:00:00+02:00,CC NG 39,0.0
2030,sc01,10-17 04:00:00+02:00,Hydro 32,0.014436576
2030,sc01,10-17 04:00:00+02:00,ICE NG 07,0.0
2030,sc01,10-17 04:00:00+02:00,Biomass 46,0.0
2030,sc01,10-17 04:00:00+02:00,CC NG 38,0.0
2030,sc01,10-17 04:00:00+02:00,CC NG 12,0.0
2030,sc01,10-17 04:00:00+02:00,Solar 57,0.0
2030,sc01,10-17 04:00:00+02:00,CC NG 32,0.0
2030,sc01,10-17 04:00:00+02:00,CC NG 07,0.0
2030,sc01,10-17 04:00:00+02:00,Biomass 44,0.0
2030,sc01,10-17 04:00:00+02:00,CT NG 40,0.0
2030,sc01,10-17 04:00:00+02:00,Solar 74,0.0
2030,sc01,10-17 04:00:00+02:00,Hydro 30,0.0
2030,sc01,10-17 04:00:00+02:00,CT NG 42,0.0
2030,sc01,10-17 04:00:00+02:00,Hydro 22,30.02459662692054
2030,sc01,10-17 04:00:00+02:00,Solar 17,0.0
2030,sc01,10-17 04:00:00+02:00,Solar 38,0.0
2030,sc01,10-17 04:00:00+02:00,CT NG 24,0.0
2030,sc01,10-17 04:00:00+02:00,CC NG 27,0.0
2030,sc01,10-17 04:00:00+02:00,Biomass 21,0.02268
2030,sc01,10-17 04:00:00+02:00,ICE NG 06,0.0
2030,sc01,10-17 04:00:00+02:00,Biomass 25,0.017640000000000003
2030,sc01,10-17 04:00:00+02:00,Solar 27,0.0
2030,sc01,10-17 04:00:00+02:00,CT NG 19,0.0
2030,sc01,10-17 04:00:00+02:00,Biomass 42,0.0
2030,sc01,10-17 04:00:00+02:00,Biomass 19,0.02268
2030,sc01,10-17 04:00:00+02:00,Biomass 06,0.028350000000000004
2030,sc01,10-17 04:00:00+02:00,CT NG 10,0.0
2030,sc01,10-17 04:00:00+02:00,CC NG 40,0.0
2030,sc01,10-17 04:00:00+02:00,CC NG 21,0.0
2030,sc01,10-17 04:00:00+02:00,Biomass 02,0.06489
2030,sc01,10-17 04:00:00+02:00,CT NG 46,0.0
2030,sc01,10-17 04:00:00+02:00,Hydro 34,0.0
2030,sc01,10-17 04:00:00+02:00,Biomass 10,0.048510000000000005
2030,sc01,10-17 04:00:00+02:00,CT NG 17,0.0
2030,sc01,10-17 04:00:00+02:00,Biomass 62,0.11592000000000001
2030,sc01,10-17 04:00:00+02:00,Biomass 32,0.07686
2030,sc01,10-17 04:00:00+02:00,CC NG 19,8.52894
2030,sc01,10-17 04:00:00+02:00,CC NG 17,0.0
2030,sc01,10-17 04:00:00+02:00,ST NG 01,0.0
2030,sc01,10-17 04:00:00+02:00,Biomass 45,0.0
2030,sc01,10-17 04:00:00+02:00,Biomass 28,0.10647
2030,sc01,10-17 04:00:00+02:00,CC NG 10,0.0
2030,sc01,10-17 04:00:00+02:00,Biomass 23,0.017640000000000003
2030,sc01,10-17 04:00:00+02:00,ST NG 06,0.0
2030,sc01,10-17 04:00:00+02:00,Wind 10,2.18165781834
2030,sc01,10-17 04:00:00+02:00,CT NG 69,0.0
2030,sc01,10-17 04:00:00+02:00,CT NG 68,0.0
2030,sc01,10-17 19:00:00+02:00,CC NG 13,0.0
2030,sc01,10-17 19:00:00+02:00,CT NG 37,0.0718029
2030,sc01,10-17 19:00:00+02:00,ST Coal 01,0.0
2030,sc01,10-17 19:00:00+02:00,CT NG 09,0.0
2030,sc01,10-17 19:00:00+02:00,CT NG 47,0.0
2030,sc01,10-17 19:00:00+02:00,Solar 69,0.0
2030,sc01,10-17 19:00:00+02:00,Solar 34,0.0
2030,sc01,10-17 19:00:00+02:00,Solar 73,0.0
2030,sc01,10-17 19:00:00+02:00,Biomass 37,0.04503
2030,sc01,10-17 19:00:00+02:00,Hydro 20,2.00871135
2030,sc01,10-17 19:00:00+02:00,Solar 01,0.0
2030,sc01,10-17 19:00:00+02:00,Solar 62,0.0
2030,sc01,10-17 19:00:00+02:00,Solar 02,0.0
2030,sc01,10-17 19:00:00+02:00,CT NG 26,0.788304571550076
2030,sc01,10-17 19:00:00+02:00,Biomass 20,0.020519999999999997
2030,sc01,10-17 19:00:00+02:00,Wind 16,3.38103831861
2030,sc01,10-17 19:00:00+02:00,CT NG 66,0.0
2030,sc01,10-17 19:00:00+02:00,Solar 39,0.0
2030,sc01,10-17 19:00:00+02:00,Biomass 41,0.07695
2030,sc01,10-17 19:00:00+02:00,Solar 72,0.0
2030,sc01,10-17 19:00:00+02:00,ST NG 03,0.0
2030,sc01,10-17 19:00:00+02:00,Hydro 21,2.00871135
2030,sc01,10-17 19:00:00+02:00,CT NG 03,0.0
2030,sc01,10-17 19:00:00+02:00,CC NG 09,0.0
2030,sc01,10-17 19:00:00+02:00,CT Oil 02,0.0
2030,sc01,10-17 19:00:00+02:00,CT NG 39,0.0718029
2030,sc01,10-17 19:00:00+02:00,CC NG 08,0.0
2030,sc01,10-17 19:00:00+02:00,Biomass 43,0.16815000000000002
2030,sc01,10-17 19:00:00+02:00,CT NG 18,0.21540869999999995
2030,sc01,10-17 19:00:00+02:00,ST NG 07,0.0
2030,sc01,10-17 19:00:00+02:00,Biomass 35,0.08208
2030,sc01,10-17 19:00:00+02:00,Solar 32,0.0
2030,sc01,10-17 19:00:00+02:00,Biomass 15,0.0
2030,sc01,10-17 19:00:00+02:00,CC NG 31,18.5475435
2030,sc01,10-17 19:00:00+02:00,Solar 16,0.0
2030,sc01,10-17 19:00:00+02:00,Solar 68,0.0
2030,sc01,10-17 19:00:00+02:00,CT NG 21,0.0
2030,sc01,10-17 19:00:00+02:00,Wind 11,0.0
2030,sc01,10-17 19:00:00+02:00,CC NG 37,9.234263811749145
2030,sc01,10-17 19:00:00+02:00,CT NG 22,0.0
2030,sc01,10-17 19:00:00+02:00,Hydro 16,0.02176032
2030,sc01,10-17 19:00:00+02:00,Biomass 59,0.23598000000000002
2030,sc01,10-17 19:00:00+02:00,CC NG 01,0.0
2030,sc01,10-17 19:00:00+02:00,Biomass 16,0.0
2030,sc01,10-17 19:00:00+02:00,Solar 03,0.0
2030,sc01,10-17 19:00:00+02:00,Solar 44,0.0
2030,sc01,10-17 19:00:00+02:00,CT NG 08,0.0
2030,sc01,10-17 19:00:00+02:00,Wind 05,0.0
2030,sc01,10-17 19:00:00+02:00,Biomass 26,0.09633
2030,sc01,10-17 19:00:00+02:00,Solar 37,0.0
2030,sc01,10-17 19:00:00+02:00,Biomass 11,0.021660000000000002
2030,sc01,10-17 19:00:00+02:00,Solar 59,0.0
2030,sc01,10-17 19:00:00+02:00,CT NG 11,0.0
2030,sc01,10-17 19:00:00+02:00,Biomass 30,0.09633
2030,sc01,10-17 19:00:00+02:00,Hydro 23,0.0
2030,sc01,10-17 19:00:00+02:00,CC NG 24,0.0
2030,sc01,10-17 19:00:00+02:00,Solar 65,0.0
2030,sc01,10-17 19:00:00+02:00,CC NG 18,34.118661
2030,sc01,10-17 19:00:00+02:00,CT NG 16,0.0
2030,sc01,10-17 19:00:00+02:00,Solar 51,0.0
2030,sc01,10-17 19:00:00+02:00,Wind 06,0.0
2030,sc01,10-17 19:00:00+02:00,CC NG 26,0.0
2030,sc01,10-17 19:00:00+02:00,CC NG 23,0.0
2030,sc01,10-17 19:00:00+02:00,CT NG 43,0.0
2030,sc01,10-17 19:00:00+02:00,CC NG 11,0.0
2030,sc01,10-17 19:00:00+02:00,CT NG 02,0.0
2030,sc01,10-17 19:00:00+02:00,CT NG 50,0.0
2030,sc01,10-17 19:00:00+02:00,Hydro 27,1.0608156
2030,sc01,10-17 19:00:00+02:00,CT NG 13,0.0
2030,sc01,10-17 19:00:00+02:00,CT NG 25,5.5233
2030,sc01,10-17 19:00:00+02:00,CC NG 05,0.0
2030,sc01,10-17 19:00:00+02:00,Solar 04,0.0
2030,sc01,10-17 19:00:00+02:00,Solar 30,0.0
2030,sc01,10-17 19:00:00+02:00,Solar 29,0.0
2030,sc01,10-17 19:00:00+02:00,Solar 53,0.0
2030,sc01,10-17 19:00:00+02:00,Solar 21,0.0
2030,sc01,10-17 19:00:00+02:00,Biomass 58,0.11456999999999998
2030,sc01,10-17 19:00:00+02:00,CT NG 74,0.0
2030,sc01,10-17 19:00:00+02:00,Solar 61,0.0
2030,sc01,10-17 19:00:00+02:00,Wind 07,0.0
2030,sc01,10-17 19:00:00+02:00,Biomass 31,0.09633
2030,sc01,10-17 19:00:00+02:00,CT Oil 05,0.0
2030,sc01,10-17 19:00:00+02:00,Biomass 38,0.04503
2030,sc01,10-17 19:00:00+02:00,Solar 41,0.0
2030,sc01,10-17 19:00:00+02:00,Biomass 51,0.010259999999999998
2030,sc01,10-17 19:00:00+02:00,Biomass 55,0.14021999999999998
2030,sc01,10-17 19:00:00+02:00,Wind 15,0.9412955153699999
2030,sc01,10-17 19:00:00+02:00,Geo 01,0.912
2030,sc01,10-17 19:00:00+02:00,Biomass 60,0.1539
2030,sc01,10-17 19:00:00+02:00,CT NG 38,0.0
2030,sc01,10-17 19:00:00+02:00,Solar 66,0.0
2030,sc01,10-17 19:00:00+02:00,Solar 49,0.0
2030,sc01,10-17 19:00:00+02:00,CT NG 51,0.0
2030,sc01,10-17 19:00:00+02:00,Biomass 18,0.0
2030,sc01,10-17 19:00:00+02:00,ICE NG 01,0.17950725
2030,sc01,10-17 19:00:00+02:00,Solar 15,0.0
2030,sc01,10-17 19:00:00+02:00,ICE NG 05,0.4639572
2030,sc01,10-17 19:00:00+02:00,CT Oil 04,0.0
2030,sc01,10-17 19:00:00+02:00,CC NG 20,0.0
2030,sc01,10-17 19:00:00+02:00,Solar 20,0.0
2030,sc01,10-17 19:00:00+02:00,Biomass 04,0.014820000000000002
2030,sc01,10-17 19:00:00+02:00,Wind 02,0.03634094964
2030,sc01,10-17 19:00:00+02:00,Hydro 25,1.0608156
2030,sc01,10-17 19:00:00+02:00,Solar 75,0.0
2030,sc01,10-17 19:00:00+02:00,Hydro 33,0.0
2030,sc01,10-17 19:00:00+02:00,ST NG 05,0.0
2030,sc01,10-17 19:00:00+02:00,CT NG 07,0.0
2030,sc01,10-17 19:00:00+02:00,Wind 01,0.0
2030,sc01,10-17 19:00:00+02:00,Solar 56,0.0
2030,sc01,10-17 19:00:00+02:00,Biomass 09,0.043890000000000005
2030,sc01,10-17 19:00:00+02:00,Biomass 53,0.14021999999999998
2030,sc01,10-17 19:00:00+02:00,Wind 17,25.5772227876
2030,sc01,10-17 19:00:00+02:00,ST NG 08,0.0
2030,sc01,10-17 19:00:00+02:00,Hydro 19,0.504108
2030,sc01,10-17 19:00:00+02:00,ST NG 02,0.0
2030,sc01,10-17 19:00:00+02:00,Biomass 01,0.058710000000000005
2030,sc01,10-17 19:00:00+02:00,Biomass 57,0.11456999999999998
2030,sc01,10-17 19:00:00+02:00,CT NG 49,0.0
2030,sc01,10-17 19:00:00+02:00,CT NG 31,0.08505882000000001
2030,sc01,10-17 19:00:00+02:00,Solar 64,0.0
2030,sc01,10-17 19:00:00+02:00,CC NG 33,0.0
2030,sc01,10-17 19:00:00+02:00,Solar 46,0.0
2030,sc01,10-17 19:00:00+02:00,Biomass 12,0.021660000000000002
2030,sc01,10-17 19:00:00+02:00,Wind 04,1.25061152442
2030,sc01,10-17 19:00:00+02:00,Solar 13,0.0
2030,sc01,10-17 19:00:00+02:00,CT NG 55,0.0
2030,sc01,10-17 19:00:00+02:00,Wind N03,312.6162515776677
2030,sc01,10-17 19:00:00+02:00,CT NG 28,0.0
2030,sc01,10-17 19:00:00+02:00,Wind 09,0.0
2030,sc01,10-17 19:00:00+02:00,Solar 60,0.0
2030,sc01,10-17 19:00:00+02:00,Solar 25,0.0
2030,sc01,10-17 19:00:00+02:00,CT NG 23,0.0
2030,sc01,10-17 19:00:00+02:00,ST Other 01,0.0
2030,sc01,10-17 19:00:00+02:00,Solar 70,0.0
2030,sc01,10-17 19:00:00+02:00,CC NG 34,19.577781285752625
2030,sc01,10-17 19:00:00+02:00,Solar 48,0.0
2030,sc01,10-17 19:00:00+02:00,Biomass 56,0.14136
2030,sc01,10-17 19:00:00+02:00,CT NG 36,5.5233
2030,sc01,10-17 19:00:00+02:00,Solar 47,0.0
2030,sc01,10-17 19:00:00+02:00,Hydro 17,0.03672054
2030,sc01,10-17 19:00:00+02:00,Solar 09,0.0
2030,sc01,10-17 19:00:00+02:00,Solar 08,0.0
2030,sc01,10-17 19:00:00+02:00,CT NG 45,0.0
2030,sc01,10-17 19:00:00+02:00,ST NG 04,3.461154
2030,sc01,10-17 19:00:00+02:00,Solar 40,0.0
2030,sc01,10-17 19:00:00+02:00,Biomass 47,0.13281
2030,sc01,10-17 19:00:00+02:00,Solar 50,0.0
2030,sc01,10-17 19:00:00+02:00,Solar 52,0.0
2030,sc01,10-17 19:00:00+02:00,Solar 63,0.0
2030,sc01,10-17 19:00:00+02:00,CC NG 06,0.0
2030,sc01,10-17 19:00:00+02:00,Biomass 39,0.04503
2030,sc01,10-17 19:00:00+02:00,Solar 67,0.0
2030,sc01,10-17 19:00:00+02:00,Solar 19,0.0
2030,sc01,10-17 19:00:00+02:00,Wind 12,0.33353963136
2030,sc01,10-17 19:00:00+02:00,Solar 24,0.0
2030,sc01,10-17 19:00:00+02:00,ICE NG 02,0.0
2030,sc01,10-17 19:00:00+02:00,Solar 05,0.0
2030,sc01,10-17 19:00:00+02:00,CT NG 54,0.0
2030,sc01,10-17 19:00:00+02:00,Wind N01,3.1643503488
2030,sc01,10-17 19:00:00+02:00,CT NG 27,0.05799465
2030,sc01,10-17 19:00:00+02:00,CC NG 36,0.0
2030,sc01,10-17 19:00:00+02:00,Wind N02,25.8730436391
2030,sc01,10-17 19:00:00+02:00,CT NG 52,0.0
2030,sc01,10-17 19:00:00+02:00,Solar 35,0.0
2030,sc01,10-17 19:00:00+02:00,CT NG 05,0.0
2030,sc01,10-17 19:00:00+02:00,Biomass 36,0.08208
2030,sc01,10-17 19:00:00+02:00,CT NG 34,5.5233
2030,sc01,10-17 19:00:00+02:00,CT Oil 03,0.0
2030,sc01,10-17 19:00:00+02:00,Hydro 35,0.0
2030,sc01,10-17 19:00:00+02:00,Solar 14,0.0
2030,sc01,10-17 19:00:00+02:00,CT NG 75,0.0
2030,sc01,10-17 19:00:00+02:00,ST NG 09,0.0
2030,sc01,10-17 19:00:00+02:00,CT NG 56,0.0
2030,sc01,10-17 19:00:00+02:00,Biomass 22,0.020519999999999997
2030,sc01,10-17 19:00:00+02:00,Solar 18,0.0
2030,sc01,10-17 19:00:00+02:00,Biomass 13,0.021660000000000002
2030,sc01,10-17 19:00:00+02:00,CT NG 71,0.0
2030,sc01,10-17 19:00:00+02:00,Solar 58,0.0
2030,sc01,10-17 19:00:00+02:00,Solar 06,0.0
2030,sc01,10-17 19:00:00+02:00,Biomass 08,0.043890000000000005
2030,sc01,10-17 19:00:00+02:00,CT NG 72,0.0
2030,sc01,10-17 19:00:00+02:00,Hydro 18,0.12648186
2030,sc01,10-17 19:00:00+02:00,Solar 10,0.0
2030,sc01,10-17 19:00:00+02:00,CT NG 04,0.0
2030,sc01,10-17 19:00:00+02:00,ST Other 02,0.0
2030,sc01,10-17 19:00:00+02:00,CT NG 12,0.0
2030,sc01,10-17 19:00:00+02:00,CT NG 48,0.0
2030,sc01,10-17 19:00:00+02:00,ST NG 10,0.0
2030,sc01,10-17 19:00:00+02:00,Solar 22,0.0
2030,sc01,10-17 19:00:00+02:00,Solar 28,0.0
2030,sc01,10-17 19:00:00+02:00,CT NG 73,0.0
2030,sc01,10-17 19:00:00+02:00,Biomass 52,0.09975
2030,sc01,10-17 19:00:00+02:00,CT NG 30,0.0
2030,sc01,10-17 19:00:00+02:00,Solar 54,0.0
2030,sc01,10-17 19:00:00+02:00,Solar 31,0.0
2030,sc01,10-17 19:00:00+02:00,Biomass 03,0.014820000000000002
2030,sc01,10-17 19:00:00+02:00,CT NG 32,0.0883728
2030,sc01,10-17 19:00:00+02:00,Biomass 27,0.09633
2030,sc01,10-17 19:00:00+02:00,CC NG 14,0.0
2030,sc01,10-17 19:00:00+02:00,CC NG 03,6.999010620000001
2030,sc01,10-17 19:00:00+02:00,CC NG 29,0.0
2030,sc01,10-17 19:00:00+02:00,CC NG 28,10.0040985
2030,sc01,10-17 19:00:00+02:00,CC NG 25,0.0
2030,sc01,10-17 19:00:00+02:00,CT NG 44,0.0
2030,sc01,10-17 19:00:00+02:00,CT NG 14,0.0
2030,sc01,10-17 19:00:00+02:00,CC NG 15,0.0
2030,sc01,10-17 19:00:00+02:00,CC NG 04,17.63808
2030,sc01,10-17 19:00:00+02:00,Biomass 29,0.09633
2030,sc01,10-17 19:00:00+02:00,Wind 14,3.5332112682
2030,sc01,10-17 19:00:00+02:00,Wind 08,0.014065474584
2030,sc01,10-17 19:00:00+02:00,Biomass 61,0.01938
2030,sc01,10-17 19:00:00+02:00,CT NG 35,5.5233
2030,sc01,10-17 19:00:00+02:00,Solar 33,0.0
2030,sc01,10-17 19:00:00+02:00,CT NG 41,0.0
2030,sc01,10-17 19:00:00+02:00,CT NG 15,0.0
2030,sc01,10-17 19:00:00+02:00,Solar 42,0.0
2030,sc01,10-17 19:00:00+02:00,Solar 07,0.0
2030,sc01,10-17 19:00:00+02:00,Solar 43,0.0
2030,sc01,10-17 19:00:00+02:00,Biomass 05,0.025650000000000003
2030,sc01,10-17 19:00:00+02:00,CT NG 29,0.0331398
2030,sc01,10-17 19:00:00+02:00,Solar 71,0.0
2030,sc01,10-17 19:00:00+02:00,CT NG 53,0.0
2030,sc01,10-17 19:00:00+02:00,CT NG 20,0.0
2030,sc01,10-17 19:00:00+02:00,Biomass 14,0.04788
2030,sc01,10-17 19:00:00+02:00,Solar 26,0.0
2030,sc01,10-17 19:00:00+02:00,Hydro 29,0.132525
2030,sc01,10-17 19:00:00+02:00,Hydro 31,0.01088016
2030,sc01,10-17 19:00:00+02:00,Biomass 24,0.015960000000000002
2030,sc01,10-17 19:00:00+02:00,Biomass 54,0.14021999999999998
2030,sc01,10-17 19:00:00+02:00,Solar 36,0.0
2030,sc01,10-17 19:00:00+02:00,Wind 03,2.25748474407
2030,sc01,10-17 19:00:00+02:00,Biomass 40,0.04503
2030,sc01,10-17 19:00:00+02:00,Biomass 49,0.01653
2030,sc01,10-17 19:00:00+02:00,CC NG 16,52.0047765
2030,sc01,10-17 19:00:00+02:00,Biomass 48,0.13281
2030,sc01,10-17 19:00:00+02:00,Hydro 28,0.132525
2030,sc01,10-17 19:00:00+02:00,Biomass 17,0.0
2030,sc01,10-17 19:00:00+02:00,CT NG 33,0.0718029
2030,sc01,10-17 19:00:00+02:00,Solar 45,0.0
2030,sc01,10-17 19:00:00+02:00,Hydro 24,0.0
2030,sc01,10-17 19:00:00+02:00,Wind 13,0.08171708373599999
2030,sc01,10-17 19:00:00+02:00,Biomass 07,0.114
2030,sc01,10-17 19:00:00+02:00,Biomass 34,0.08208
2030,sc01,10-17 19:00:00+02:00,Biomass 33,0.08208
2030,sc01,10-17 19:00:00+02:00,CT NG 01,0.0
2030,sc01,10-17 19:00:00+02:00,ICE NG 03,0.0
2030,sc01,10-17 19:00:00+02:00,Solar 55,0.0
2030,sc01,10-17 19:00:00+02:00,Solar 11,0.0
2030,sc01,10-17 19:00:00+02:00,CT NG 06,0.0
2030,sc01,10-17 19:00:00+02:00,CT NG 70,0.0
2030,sc01,10-17 19:00:00+02:00,Solar 23,0.0
2030,sc01,10-17 19:00:00+02:00,CT NG 67,0.0
2030,sc01,10-17 19:00:00+02:00,Solar 12,0.0
2030,sc01,10-17 19:00:00+02:00,CT Oil 01,0.0
2030,sc01,10-17 19:00:00+02:00,Hydro 26,1.0608156
2030,sc01,10-17 19:00:00+02:00,CC NG 22,13.477207363520511
2030,sc01,10-17 19:00:00+02:00,CC NG 35,32.795804999999994
2030,sc01,10-17 19:00:00+02:00,Biomass 50,0.010259999999999998
2030,sc01,10-17 19:00:00+02:00,ICE NG 04,0.0
2030,sc01,10-17 19:00:00+02:00,CC NG 39,0.0
2030,sc01,10-17 19:00:00+02:00,Hydro 32,0.013056192000000001
2030,sc01,10-17 19:00:00+02:00,ICE NG 07,0.0
2030,sc01,10-17 19:00:00+02:00,Biomass 46,0.03705000000000001
2030,sc01,10-17 19:00:00+02:00,CC NG 38,0.0
2030,sc01,10-17 19:00:00+02:00,CC NG 12,0.0
2030,sc01,10-17 19:00:00+02:00,Solar 57,0.0
2030,sc01,10-17 19:00:00+02:00,CC NG 32,0.0
2030,sc01,10-17 19:00:00+02:00,CC NG 07,0.0
2030,sc01,10-17 19:00:00+02:00,Biomass 44,0.06896999999999999
2030,sc01,10-17 19:00:00+02:00,CT NG 40,0.1712223
2030,sc01,10-17 19:00:00+02:00,Solar 74,0.0
2030,sc01,10-17 19:00:00+02:00,Hydro 30,0.0
2030,sc01,10-17 19:00:00+02:00,CT NG 42,0.0
2030,sc01,10-17 19:00:00+02:00,Hydro 22,2.00871135
2030,sc01,10-17 19:00:00+02:00,Solar 17,0.0
2030,sc01,10-17 19:00:00+02:00,Solar 38,0.0
2030,sc01,10-17 19:00:00+02:00,CT NG 24,5.5233
2030,sc01,10-17 19:00:00+02:00,CC NG 27,0.0
2030,sc01,10-17 19:00:00+02:00,Biomass 21,0.020519999999999997
2030,sc01,10-17 19:00:00+02:00,ICE NG 06,0.4639572
2030,sc01,10-17 19:00:00+02:00,Biomass 25,0.015960000000000002
2030,sc01,10-17 19:00:00+02:00,Solar 27,0.0
2030,sc01,10-17 19:00:00+02:00,CT NG 19,0.21540869999999995
2030,sc01,10-17 19:00:00+02:00,Biomass 42,0.07695
2030,sc01,10-17 19:00:00+02:00,Biomass 19,0.020519999999999997
2030,sc01,10-17 19:00:00+02:00,Biomass 06,0.025650000000000003
2030,sc01,10-17 19:00:00+02:00,CT NG 10,0.0
2030,sc01,10-17 19:00:00+02:00,CC NG 40,41.3998809
2030,sc01,10-17 19:00:00+02:00,CC NG 21,0.0
2030,sc01,10-17 19:00:00+02:00,Biomass 02,0.058710000000000005
2030,sc01,10-17 19:00:00+02:00,CT NG 46,0.0
2030,sc01,10-17 19:00:00+02:00,Hydro 34,0.0
2030,sc01,10-17 19:00:00+02:00,Biomass 10,0.043890000000000005
2030,sc01,10-17 19:00:00+02:00,CT NG 17,0.3811077
2030,sc01,10-17 19:00:00+02:00,Biomass 62,0.10488
2030,sc01,10-17 19:00:00+02:00,Biomass 32,0.06953999999999999
2030,sc01,10-17 19:00:00+02:00,CC NG 19,7.71666
2030,sc01,10-17 19:00:00+02:00,CC NG 17,0.0
2030,sc01,10-17 19:00:00+02:00,ST NG 01,0.0
2030,sc01,10-17 19:00:00+02:00,Biomass 45,0.06896999999999999
2030,sc01,10-17 19:00:00+02:00,Biomass 28,0.09633
2030,sc01,10-17 19:00:00+02:00,CC NG 10,0.0
2030,sc01,10-17 19:00:00+02:00,Biomass 23,0.015960000000000002
2030,sc01,10-17 19:00:00+02:00,ST NG 06,0.0
2030,sc01,10-17 19:00:00+02:00,Wind 10,0.013861704144000002
2030,sc01,10-17 19:00:00+02:00,CT NG 69,0.0
2030,sc01,10-17 19:00:00+02:00,CT NG 68,0.0
2030,sc01,10-18 15:00:00+02:00,CC NG 13,0.0
2030,sc01,10-18 15:00:00+02:00,CT NG 37,0.0
2030,sc01,10-18 15:00:00+02:00,ST Coal 01,0.0
2030,sc01,10-18 15:00:00+02:00,CT NG 09,0.0
2030,sc01,10-18 15:00:00+02:00,CT NG 47,0.0
2030,sc01,10-18 15:00:00+02:00,Solar 69,11.997762063917449
2030,sc01,10-18 15:00:00+02:00,Solar 34,22.095992435
2030,sc01,10-18 15:00:00+02:00,Solar 73,0.0
2030,sc01,10-18 15:00:00+02:00,Biomass 37,0.0
2030,sc01,10-18 15:00:00+02:00,Hydro 20,1.8337275000000004
2030,sc01,10-18 15:00:00+02:00,Solar 01,12.438290580000002
2030,sc01,10-18 15:00:00+02:00,Solar 62,0.0
2030,sc01,10-18 15:00:00+02:00,Solar 02,6.203727659999999
2030,sc01,10-18 15:00:00+02:00,CT NG 26,0.0
2030,sc01,10-18 15:00:00+02:00,Biomass 20,0.018
2030,sc01,10-18 15:00:00+02:00,Wind 16,0.735161637
2030,sc01,10-18 15:00:00+02:00,CT NG 66,0.0
2030,sc01,10-18 15:00:00+02:00,Solar 39,0.0
2030,sc01,10-18 15:00:00+02:00,Biomass 41,0.0
2030,sc01,10-18 15:00:00+02:00,Solar 72,0.0
2030,sc01,10-18 15:00:00+02:00,ST NG 03,0.0
2030,sc01,10-18 15:00:00+02:00,Hydro 21,1.8337275000000004
2030,sc01,10-18 15:00:00+02:00,CT NG 03,0.0
2030,sc01,10-18 15:00:00+02:00,CC NG 09,0.0
2030,sc01,10-18 15:00:00+02:00,CT Oil 02,0.0
2030,sc01,10-18 15:00:00+02:00,CT NG 39,0.0
2030,sc01,10-18 15:00:00+02:00,CC NG 08,0.0
2030,sc01,10-18 15:00:00+02:00,Biomass 43,0.0
2030,sc01,10-18 15:00:00+02:00,CT NG 18,0.0
2030,sc01,10-18 15:00:00+02:00,ST NG 07,0.0
2030,sc01,10-18 15:00:00+02:00,Biomass 35,0.0
2030,sc01,10-18 15:00:00+02:00,Solar 32,26.627771985
2030,sc01,10-18 15:00:00+02:00,Biomass 15,0.0
2030,sc01,10-18 15:00:00+02:00,CC NG 31,0.0
2030,sc01,10-18 15:00:00+02:00,Solar 16,1.1461757430000001
2030,sc01,10-18 15:00:00+02:00,Solar 68,19.81132954
2030,sc01,10-18 15:00:00+02:00,CT NG 21,0.0
2030,sc01,10-18 15:00:00+02:00,Wind 11,2.152872113
2030,sc01,10-18 15:00:00+02:00,CC NG 37,0.0
2030,sc01,10-18 15:00:00+02:00,CT NG 22,0.0
2030,sc01,10-18 15:00:00+02:00,Hydro 16,0.016648
2030,sc01,10-18 15:00:00+02:00,Biomass 59,0.20700000000000002
2030,sc01,10-18 15:00:00+02:00,CC NG 01,0.0
2030,sc01,10-18 15:00:00+02:00,Biomass 16,0.0
2030,sc01,10-18 15:00:00+02:00,Solar 03,5.45579017
2030,sc01,10-18 15:00:00+02:00,Solar 44,0.0
2030,sc01,10-18 15:00:00+02:00,CT NG 08,0.0
2030,sc01,10-18 15:00:00+02:00,Wind 05,0.1137087304
2030,sc01,10-18 15:00:00+02:00,Biomass 26,0.08449999999999999
2030,sc01,10-18 15:00:00+02:00,Solar 37,0.0
2030,sc01,10-18 15:00:00+02:00,Biomass 11,0.019
2030,sc01,10-18 15:00:00+02:00,Solar 59,0.0
2030,sc01,10-18 15:00:00+02:00,CT NG 11,0.0
2030,sc01,10-18 15:00:00+02:00,Biomass 30,0.08449999999999999
2030,sc01,10-18 15:00:00+02:00,Hydro 23,0.0
2030,sc01,10-18 15:00:00+02:00,CC NG 24,0.0
2030,sc01,10-18 15:00:00+02:00,Solar 65,11.171502535000002
2030,sc01,10-18 15:00:00+02:00,CC NG 18,0.0
2030,sc01,10-18 15:00:00+02:00,CT NG 16,0.0
2030,sc01,10-18 15:00:00+02:00,Solar 51,0.0
2030,sc01,10-18 15:00:00+02:00,Wind 06,2.953574181
2030,sc01,10-18 15:00:00+02:00,CC NG 26,0.0
2030,sc01,10-18 15:00:00+02:00,CC NG 23,0.0
2030,sc01,10-18 15:00:00+02:00,CT NG 43,0.0
2030,sc01,10-18 15:00:00+02:00,CC NG 11,0.0
2030,sc01,10-18 15:00:00+02:00,CT NG 02,0.0
2030,sc01,10-18 15:00:00+02:00,CT NG 50,0.0
2030,sc01,10-18 15:00:00+02:00,Hydro 27,0.81159
2030,sc01,10-18 15:00:00+02:00,CT NG 13,0.1732663557015894
2030,sc01,10-18 15:00:00+02:00,CT NG 25,0.0
2030,sc01,10-18 15:00:00+02:00,CC NG 05,0.0
2030,sc01,10-18 15:00:00+02:00,Solar 04,0.8241449434999999
2030,sc01,10-18 15:00:00+02:00,Solar 30,1.1052704395
2030,sc01,10-18 15:00:00+02:00,Solar 29,1.26358708
2030,sc01,10-18 15:00:00+02:00,Solar 53,0.0
2030,sc01,10-18 15:00:00+02:00,Solar 21,3.127118683
2030,sc01,10-18 15:00:00+02:00,Biomass 58,0.10049999999999998
2030,sc01,10-18 15:00:00+02:00,CT NG 74,0.0
2030,sc01,10-18 15:00:00+02:00,Solar 61,0.0
2030,sc01,10-18 15:00:00+02:00,Wind 07,2.075833955
2030,sc01,10-18 15:00:00+02:00,Biomass 31,0.08449999999999999
2030,sc01,10-18 15:00:00+02:00,CT Oil 05,0.0
2030,sc01,10-18 15:00:00+02:00,Biomass 38,0.0
2030,sc01,10-18 15:00:00+02:00,Solar 41,0.0
2030,sc01,10-18 15:00:00+02:00,Biomass 51,0.0
2030,sc01,10-18 15:00:00+02:00,Biomass 55,0.123
2030,sc01,10-18 15:00:00+02:00,Wind 15,1.657689373
2030,sc01,10-18 15:00:00+02:00,Geo 01,0.0
2030,sc01,10-18 15:00:00+02:00,Biomass 60,0.135
2030,sc01,10-18 15:00:00+02:00,CT NG 38,0.0
2030,sc01,10-18 15:00:00+02:00,Solar 66,22.766268755
2030,sc01,10-18 15:00:00+02:00,Solar 49,0.0
2030,sc01,10-18 15:00:00+02:00,CT NG 51,0.0
2030,sc01,10-18 15:00:00+02:00,Biomass 18,0.0
2030,sc01,10-18 15:00:00+02:00,ICE NG 01,0.0
2030,sc01,10-18 15:00:00+02:00,Solar 15,1.7883708344999998
2030,sc01,10-18 15:00:00+02:00,ICE NG 05,0.0
2030,sc01,10-18 15:00:00+02:00,CT Oil 04,0.0
2030,sc01,10-18 15:00:00+02:00,CC NG 20,0.0
2030,sc01,10-18 15:00:00+02:00,Solar 20,0.7830916525
2030,sc01,10-18 15:00:00+02:00,Biomass 04,0.0
2030,sc01,10-18 15:00:00+02:00,Wind 02,5.19601537
2030,sc01,10-18 15:00:00+02:00,Hydro 25,0.0
2030,sc01,10-18 15:00:00+02:00,Solar 75,3.7764884595
2030,sc01,10-18 15:00:00+02:00,Hydro 33,0.0
2030,sc01,10-18 15:00:00+02:00,ST NG 05,0.0
2030,sc01,10-18 15:00:00+02:00,CT NG 07,0.0
2030,sc01,10-18 15:00:00+02:00,Wind 01,1.366242259
2030,sc01,10-18 15:00:00+02:00,Solar 56,0.0
2030,sc01,10-18 15:00:00+02:00,Biomass 09,0.038500000000000006
2030,sc01,10-18 15:00:00+02:00,Biomass 53,0.123
2030,sc01,10-18 15:00:00+02:00,Wind 17,8.330976525
2030,sc01,10-18 15:00:00+02:00,ST NG 08,0.0
2030,sc01,10-18 15:00:00+02:00,Hydro 19,0.0
2030,sc01,10-18 15:00:00+02:00,ST NG 02,0.0
2030,sc01,10-18 15:00:00+02:00,Biomass 01,0.051500000000000004
2030,sc01,10-18 15:00:00+02:00,Biomass 57,0.10049999999999998
2030,sc01,10-18 15:00:00+02:00,CT NG 49,0.0
2030,sc01,10-18 15:00:00+02:00,CT NG 31,0.0
2030,sc01,10-18 15:00:00+02:00,Solar 64,5.865027025
2030,sc01,10-18 15:00:00+02:00,CC NG 33,0.0
2030,sc01,10-18 15:00:00+02:00,Solar 46,0.0
2030,sc01,10-18 15:00:00+02:00,Biomass 12,0.019
2030,sc01,10-18 15:00:00+02:00,Wind 04,0.1712927688
2030,sc01,10-18 15:00:00+02:00,Solar 13,0.044894597200000004
2030,sc01,10-18 15:00:00+02:00,CT NG 55,0.0
2030,sc01,10-18 15:00:00+02:00,Wind N03,125.51746514344981
2030,sc01,10-18 15:00:00+02:00,CT NG 28,0.0
2030,sc01,10-18 15:00:00+02:00,Wind 09,1.8989769165
2030,sc01,10-18 15:00:00+02:00,Solar 60,0.0
2030,sc01,10-18 15:00:00+02:00,Solar 25,0.32921996000000003
2030,sc01,10-18 15:00:00+02:00,CT NG 23,0.0
2030,sc01,10-18 15:00:00+02:00,ST Other 01,0.0
2030,sc01,10-18 15:00:00+02:00,Solar 70,31.147303594999997
2030,sc01,10-18 15:00:00+02:00,CC NG 34,0.0
2030,sc01,10-18 15:00:00+02:00,Solar 48,0.0
2030,sc01,10-18 15:00:00+02:00,Biomass 56,0.124
2030,sc01,10-18 15:00:00+02:00,CT NG 36,0.0
2030,sc01,10-18 15:00:00+02:00,Solar 47,0.0
2030,sc01,10-18 15:00:00+02:00,Hydro 17,0.0
2030,sc01,10-18 15:00:00+02:00,Solar 09,2.181993811
2030,sc01,10-18 15:00:00+02:00,Solar 08,0.42624872240000006
2030,sc01,10-18 15:00:00+02:00,CT NG 45,0.0
2030,sc01,10-18 15:00:00+02:00,ST NG 04,0.0
2030,sc01,10-18 15:00:00+02:00,Solar 40,0.0
2030,sc01,10-18 15:00:00+02:00,Biomass 47,0.0
2030,sc01,10-18 15:00:00+02:00,Solar 50,0.0
2030,sc01,10-18 15:00:00+02:00,Solar 52,0.0
2030,sc01,10-18 15:00:00+02:00,Solar 63,12.52494799
2030,sc01,10-18 15:00:00+02:00,CC NG 06,0.0
2030,sc01,10-18 15:00:00+02:00,Biomass 39,0.0
2030,sc01,10-18 15:00:00+02:00,Solar 67,8.349266969999999
2030,sc01,10-18 15:00:00+02:00,Solar 19,0.0169793384
2030,sc01,10-18 15:00:00+02:00,Wind 12,14.125016350000003
2030,sc01,10-18 15:00:00+02:00,Solar 24,0.245549302
2030,sc01,10-18 15:00:00+02:00,ICE NG 02,0.0
2030,sc01,10-18 15:00:00+02:00,Solar 05,0.0199658916
2030,sc01,10-18 15:00:00+02:00,CT NG 54,0.0
2030,sc01,10-18 15:00:00+02:00,Wind N01,134.00656535000002
2030,sc01,10-18 15:00:00+02:00,CT NG 27,0.0
2030,sc01,10-18 15:00:00+02:00,CC NG 36,0.0
2030,sc01,10-18 15:00:00+02:00,Wind N02,3.4945655279999994
2030,sc01,10-18 15:00:00+02:00,CT NG 52,0.0
2030,sc01,10-18 15:00:00+02:00,Solar 35,0.0
2030,sc01,10-18 15:00:00+02:00,CT NG 05,0.0
2030,sc01,10-18 15:00:00+02:00,Biomass 36,0.0
2030,sc01,10-18 15:00:00+02:00,CT NG 34,0.0
2030,sc01,10-18 15:00:00+02:00,CT Oil 03,0.0
2030,sc01,10-18 15:00:00+02:00,Hydro 35,0.0
2030,sc01,10-18 15:00:00+02:00,Solar 14,1.9882656685
2030,sc01,10-18 15:00:00+02:00,CT NG 75,0.0
2030,sc01,10-18 15:00:00+02:00,ST NG 09,0.0
2030,sc01,10-18 15:00:00+02:00,CT NG 56,0.0
2030,sc01,10-18 15:00:00+02:00,Biomass 22,0.018
2030,sc01,10-18 15:00:00+02:00,Solar 18,2.097149138
2030,sc01,10-18 15:00:00+02:00,Biomass 13,0.019
2030,sc01,10-18 15:00:00+02:00,CT NG 71,0.0
2030,sc01,10-18 15:00:00+02:00,Solar 58,0.0
2030,sc01,10-18 15:00:00+02:00,Solar 06,1.0261582009999999
2030,sc01,10-18 15:00:00+02:00,Biomass 08,0.038500000000000006
2030,sc01,10-18 15:00:00+02:00,CT NG 72,0.0
2030,sc01,10-18 15:00:00+02:00,Hydro 18,0.0
2030,sc01,10-18 15:00:00+02:00,Solar 10,0.7543028549999999
2030,sc01,10-18 15:00:00+02:00,CT NG 04,0.0
2030,sc01,10-18 15:00:00+02:00,ST Other 02,0.0
2030,sc01,10-18 15:00:00+02:00,CT NG 12,0.0
2030,sc01,10-18 15:00:00+02:00,CT NG 48,0.0
2030,sc01,10-18 15:00:00+02:00,ST NG 10,0.0
2030,sc01,10-18 15:00:00+02:00,Solar 22,1.314267031
2030,sc01,10-18 15:00:00+02:00,Solar 28,1.1761159475
2030,sc01,10-18 15:00:00+02:00,CT NG 73,0.0
2030,sc01,10-18 15:00:00+02:00,Biomass 52,0.0
2030,sc01,10-18 15:00:00+02:00,CT NG 30,0.0
2030,sc01,10-18 15:00:00+02:00,Solar 54,0.0
2030,sc01,10-18 15:00:00+02:00,Solar 31,0.0
2030,sc01,10-18 15:00:00+02:00,Biomass 03,0.0
2030,sc01,10-18 15:00:00+02:00,CT NG 32,0.0
2030,sc01,10-18 15:00:00+02:00,Biomass 27,0.08449999999999999
2030,sc01,10-18 15:00:00+02:00,CC NG 14,0.0
2030,sc01,10-18 15:00:00+02:00,CC NG 03,0.0
2030,sc01,10-18 15:00:00+02:00,CC NG 29,0.0
2030,sc01,10-18 15:00:00+02:00,CC NG 28,0.0
2030,sc01,10-18 15:00:00+02:00,CC NG 25,0.0
2030,sc01,10-18 15:00:00+02:00,CT NG 44,0.0
2030,sc01,10-18 15:00:00+02:00,CT NG 14,0.0
2030,sc01,10-18 15:00:00+02:00,CC NG 15,0.0
2030,sc01,10-18 15:00:00+02:00,CC NG 04,0.0
2030,sc01,10-18 15:00:00+02:00,Biomass 29,0.08449999999999999
2030,sc01,10-18 15:00:00+02:00,Wind 14,0.4772163056
2030,sc01,10-18 15:00:00+02:00,Wind 08,1.636897616
2030,sc01,10-18 15:00:00+02:00,Biomass 61,0.0
2030,sc01,10-18 15:00:00+02:00,CT NG 35,0.0
2030,sc01,10-18 15:00:00+02:00,Solar 33,12.216292689631187
2030,sc01,10-18 15:00:00+02:00,CT NG 41,0.0
2030,sc01,10-18 15:00:00+02:00,CT NG 15,0.0
2030,sc01,10-18 15:00:00+02:00,Solar 42,0.0
2030,sc01,10-18 15:00:00+02:00,Solar 07,0.0361622288
2030,sc01,10-18 15:00:00+02:00,Solar 43,0.0
2030,sc01,10-18 15:00:00+02:00,Biomass 05,0.022500000000000003
2030,sc01,10-18 15:00:00+02:00,CT NG 29,0.0
2030,sc01,10-18 15:00:00+02:00,Solar 71,18.34017138
2030,sc01,10-18 15:00:00+02:00,CT NG 53,0.0
2030,sc01,10-18 15:00:00+02:00,CT NG 20,0.0
2030,sc01,10-18 15:00:00+02:00,Biomass 14,0.042
2030,sc01,10-18 15:00:00+02:00,Solar 26,0.30488067
2030,sc01,10-18 15:00:00+02:00,Hydro 29,1.14975
2030,sc01,10-18 15:00:00+02:00,Hydro 31,0.008324
2030,sc01,10-18 15:00:00+02:00,Biomass 24,0.014000000000000002
2030,sc01,10-18 15:00:00+02:00,Biomass 54,0.123
2030,sc01,10-18 15:00:00+02:00,Solar 36,23.03727874
2030,sc01,10-18 15:00:00+02:00,Wind 03,0.454048584
2030,sc01,10-18 15:00:00+02:00,Biomass 40,0.0
2030,sc01,10-18 15:00:00+02:00,Biomass 49,0.0
2030,sc01,10-18 15:00:00+02:00,CC NG 16,0.0
2030,sc01,10-18 15:00:00+02:00,Biomass 48,0.0
2030,sc01,10-18 15:00:00+02:00,Hydro 28,1.14975
2030,sc01,10-18 15:00:00+02:00,Biomass 17,0.0
2030,sc01,10-18 15:00:00+02:00,CT NG 33,0.0
2030,sc01,10-18 15:00:00+02:00,Solar 45,0.0
2030,sc01,10-18 15:00:00+02:00,Hydro 24,0.0
2030,sc01,10-18 15:00:00+02:00,Wind 13,7.3829054549999995
2030,sc01,10-18 15:00:00+02:00,Biomass 07,0.1
2030,sc01,10-18 15:00:00+02:00,Biomass 34,0.0
2030,sc01,10-18 15:00:00+02:00,Biomass 33,0.0
2030,sc01,10-18 15:00:00+02:00,CT NG 01,1.2306300000000001
2030,sc01,10-18 15:00:00+02:00,ICE NG 03,0.0
2030,sc01,10-18 15:00:00+02:00,Solar 55,0.0
2030,sc01,10-18 15:00:00+02:00,Solar 11,0.3367840936
2030,sc01,10-18 15:00:00+02:00,CT NG 06,0.0
2030,sc01,10-18 15:00:00+02:00,CT NG 70,0.0
2030,sc01,10-18 15:00:00+02:00,Solar 23,0.04986800760000001
2030,sc01,10-18 15:00:00+02:00,CT NG 67,0.0
2030,sc01,10-18 15:00:00+02:00,Solar 12,0.2607064688
2030,sc01,10-18 15:00:00+02:00,CT Oil 01,0.0
2030,sc01,10-18 15:00:00+02:00,Hydro 26,0.0
2030,sc01,10-18 15:00:00+02:00,CC NG 22,0.0
2030,sc01,10-18 15:00:00+02:00,CC NG 35,0.0
2030,sc01,10-18 15:00:00+02:00,Biomass 50,0.0
2030,sc01,10-18 15:00:00+02:00,ICE NG 04,0.0
2030,sc01,10-18 15:00:00+02:00,CC NG 39,0.0
2030,sc01,10-18 15:00:00+02:00,Hydro 32,0.0099888
2030,sc01,10-18 15:00:00+02:00,ICE NG 07,0.0
2030,sc01,10-18 15:00:00+02:00,Biomass 46,0.0
2030,sc01,10-18 15:00:00+02:00,CC NG 38,0.0
2030,sc01,10-18 15:00:00+02:00,CC NG 12,0.0
2030,sc01,10-18 15:00:00+02:00,Solar 57,0.0
2030,sc01,10-18 15:00:00+02:00,CC NG 32,0.0
2030,sc01,10-18 15:00:00+02:00,CC NG 07,0.0
2030,sc01,10-18 15:00:00+02:00,Biomass 44,0.0
2030,sc01,10-18 15:00:00+02:00,CT NG 40,0.0
2030,sc01,10-18 15:00:00+02:00,Solar 74,7.96499205
2030,sc01,10-18 15:00:00+02:00,Hydro 30,0.0
2030,sc01,10-18 15:00:00+02:00,CT NG 42,0.0
2030,sc01,10-18 15:00:00+02:00,Hydro 22,1.8337275000000004
2030,sc01,10-18 15:00:00+02:00,Solar 17,0.511349575
2030,sc01,10-18 15:00:00+02:00,Solar 38,0.0
2030,sc01,10-18 15:00:00+02:00,CT NG 24,0.0
2030,sc01,10-18 15:00:00+02:00,CC NG 27,0.0
2030,sc01,10-18 15:00:00+02:00,Biomass 21,0.018
2030,sc01,10-18 15:00:00+02:00,ICE NG 06,0.0
2030,sc01,10-18 15:00:00+02:00,Biomass 25,0.014000000000000002
2030,sc01,10-18 15:00:00+02:00,Solar 27,0.19648451320000002
2030,sc01,10-18 15:00:00+02:00,CT NG 19,0.0
2030,sc01,10-18 15:00:00+02:00,Biomass 42,0.0
2030,sc01,10-18 15:00:00+02:00,Biomass 19,0.018
2030,sc01,10-18 15:00:00+02:00,Biomass 06,0.022500000000000003
2030,sc01,10-18 15:00:00+02:00,CT NG 10,0.0
2030,sc01,10-18 15:00:00+02:00,CC NG 40,0.0
2030,sc01,10-18 15:00:00+02:00,CC NG 21,0.0
2030,sc01,10-18 15:00:00+02:00,Biomass 02,0.051500000000000004
2030,sc01,10-18 15:00:00+02:00,CT NG 46,0.0
2030,sc01,10-18 15:00:00+02:00,Hydro 34,0.0
2030,sc01,10-18 15:00:00+02:00,Biomass 10,0.038500000000000006
2030,sc01,10-18 15:00:00+02:00,CT NG 17,0.0
2030,sc01,10-18 15:00:00+02:00,Biomass 62,0.092
2030,sc01,10-18 15:00:00+02:00,Biomass 32,0.061
2030,sc01,10-18 15:00:00+02:00,CC NG 19,0.0
2030,sc01,10-18 15:00:00+02:00,CC NG 17,0.0
2030,sc01,10-18 15:00:00+02:00,ST NG 01,0.0
2030,sc01,10-18 15:00:00+02:00,Biomass 45,0.0
2030,sc01,10-18 15:00:00+02:00,Biomass 28,0.08449999999999999
2030,sc01,10-18 15:00:00+02:00,CC NG 10,0.0
2030,sc01,10-18 15:00:00+02:00,Biomass 23,0.014000000000000002
2030,sc01,10-18 15:00:00+02:00,ST NG 06,0.0
2030,sc01,10-18 15:00:00+02:00,Wind 10,1.823858225
2030,sc01,10-18 15:00:00+02:00,CT NG 69,0.0
2030,sc01,10-18 15:00:00+02:00,CT NG 68,0.0
2030,sc01,10-19 02:00:00+02:00,CC NG 13,0.0
2030,sc01,10-19 02:00:00+02:00,CT NG 37,0.0
2030,sc01,10-19 02:00:00+02:00,ST Coal 01,0.0
2030,sc01,10-19 02:00:00+02:00,CT NG 09,0.0
2030,sc01,10-19 02:00:00+02:00,CT NG 47,0.0
2030,sc01,10-19 02:00:00+02:00,Solar 69,0.0
2030,sc01,10-19 02:00:00+02:00,Solar 34,0.0
2030,sc01,10-19 02:00:00+02:00,Solar 73,0.0
2030,sc01,10-19 02:00:00+02:00,Biomass 37,0.0
2030,sc01,10-19 02:00:00+02:00,Hydro 20,21.983529142520723
2030,sc01,10-19 02:00:00+02:00,Solar 01,0.0
2030,sc01,10-19 02:00:00+02:00,Solar 62,0.0
2030,sc01,10-19 02:00:00+02:00,Solar 02,0.0
2030,sc01,10-19 02:00:00+02:00,CT NG 26,0.0
2030,sc01,10-19 02:00:00+02:00,Biomass 20,0.0
2030,sc01,10-19 02:00:00+02:00,Wind 16,1.43669033095
2030,sc01,10-19 02:00:00+02:00,CT NG 66,0.0
2030,sc01,10-19 02:00:00+02:00,Solar 39,0.0
2030,sc01,10-19 02:00:00+02:00,Biomass 41,0.0
2030,sc01,10-19 02:00:00+02:00,Solar 72,0.0
2030,sc01,10-19 02:00:00+02:00,ST NG 03,0.0
2030,sc01,10-19 02:00:00+02:00,Hydro 21,22.779870279145257
2030,sc01,10-19 02:00:00+02:00,CT NG 03,0.0
2030,sc01,10-19 02:00:00+02:00,CC NG 09,0.0
2030,sc01,10-19 02:00:00+02:00,CT Oil 02,0.0
2030,sc01,10-19 02:00:00+02:00,CT NG 39,0.0
2030,sc01,10-19 02:00:00+02:00,CC NG 08,0.0
2030,sc01,10-19 02:00:00+02:00,Biomass 43,0.0
2030,sc01,10-19 02:00:00+02:00,CT NG 18,0.0
2030,sc01,10-19 02:00:00+02:00,ST NG 07,0.0
2030,sc01,10-19 02:00:00+02:00,Biomass 35,0.0
2030,sc01,10-19 02:00:00+02:00,Solar 32,0.0
2030,sc01,10-19 02:00:00+02:00,Biomass 15,0.0
2030,sc01,10-19 02:00:00+02:00,CC NG 31,0.0
2030,sc01,10-19 02:00:00+02:00,Solar 16,0.0
2030,sc01,10-19 02:00:00+02:00,Solar 68,0.0
2030,sc01,10-19 02:00:00+02:00,CT NG 21,0.0
2030,sc01,10-19 02:00:00+02:00,Wind 11,0.0
2030,sc01,10-19 02:00:00+02:00,CC NG 37,0.0
2030,sc01,10-19 02:00:00+02:00,CT NG 22,0.0
2030,sc01,10-19 02:00:00+02:00,Hydro 16,0.0
2030,sc01,10-19 02:00:00+02:00,Biomass 59,0.0
2030,sc01,10-19 02:00:00+02:00,CC NG 01,0.0
2030,sc01,10-19 02:00:00+02:00,Biomass 16,0.0
2030,sc01,10-19 02:00:00+02:00,Solar 03,0.0
2030,sc01,10-19 02:00:00+02:00,Solar 44,0.0
2030,sc01,10-19 02:00:00+02:00,CT NG 08,0.0
2030,sc01,10-19 02:00:00+02:00,Wind 05,0.11695352564
2030,sc01,10-19 02:00:00+02:00,Biomass 26,0.0
2030,sc01,10-19 02:00:00+02:00,Solar 37,0.0
2030,sc01,10-19 02:00:00+02:00,Biomass 11,0.0
2030,sc01,10-19 02:00:00+02:00,Solar 59,0.0
2030,sc01,10-19 02:00:00+02:00,CT NG 11,0.0
2030,sc01,10-19 02:00:00+02:00,Biomass 30,0.0
2030,sc01,10-19 02:00:00+02:00,Hydro 23,0.0
2030,sc01,10-19 02:00:00+02:00,CC NG 24,0.0
2030,sc01,10-19 02:00:00+02:00,Solar 65,0.0
2030,sc01,10-19 02:00:00+02:00,CC NG 18,0.0
2030,sc01,10-19 02:00:00+02:00,CT NG 16,0.0
2030,sc01,10-19 02:00:00+02:00,Solar 51,0.0
2030,sc01,10-19 02:00:00+02:00,Wind 06,0.0
2030,sc01,10-19 02:00:00+02:00,CC NG 26,0.0
2030,sc01,10-19 02:00:00+02:00,CC NG 23,0.0
2030,sc01,10-19 02:00:00+02:00,CT NG 43,0.0
2030,sc01,10-19 02:00:00+02:00,CC NG 11,0.0
2030,sc01,10-19 02:00:00+02:00,CT NG 02,0.0
2030,sc01,10-19 02:00:00+02:00,CT NG 50,0.0
2030,sc01,10-19 02:00:00+02:00,Hydro 27,0.582309
2030,sc01,10-19 02:00:00+02:00,CT NG 13,0.0
2030,sc01,10-19 02:00:00+02:00,CT NG 25,0.0
2030,sc01,10-19 02:00:00+02:00,CC NG 05,0.0
2030,sc01,10-19 02:00:00+02:00,Solar 04,0.0
2030,sc01,10-19 02:00:00+02:00,Solar 30,0.0
2030,sc01,10-19 02:00:00+02:00,Solar 29,0.0
2030,sc01,10-19 02:00:00+02:00,Solar 53,0.0
2030,sc01,10-19 02:00:00+02:00,Solar 21,0.0
2030,sc01,10-19 02:00:00+02:00,Biomass 58,0.0
2030,sc01,10-19 02:00:00+02:00,CT NG 74,0.0
2030,sc01,10-19 02:00:00+02:00,Solar 61,0.0
2030,sc01,10-19 02:00:00+02:00,Wind 07,0.0
2030,sc01,10-19 02:00:00+02:00,Biomass 31,0.0
2030,sc01,10-19 02:00:00+02:00,CT Oil 05,0.0
2030,sc01,10-19 02:00:00+02:00,Biomass 38,0.0
2030,sc01,10-19 02:00:00+02:00,Solar 41,0.0
2030,sc01,10-19 02:00:00+02:00,Biomass 51,0.0
2030,sc01,10-19 02:00:00+02:00,Biomass 55,0.0
2030,sc01,10-19 02:00:00+02:00,Wind 15,0.08445078404
2030,sc01,10-19 02:00:00+02:00,Geo 01,0.0
2030,sc01,10-19 02:00:00+02:00,Biomass 60,0.0
2030,sc01,10-19 02:00:00+02:00,CT NG 38,0.0
2030,sc01,10-19 02:00:00+02:00,Solar 66,0.0
2030,sc01,10-19 02:00:00+02:00,Solar 49,0.0
2030,sc01,10-19 02:00:00+02:00,CT NG 51,0.0
2030,sc01,10-19 02:00:00+02:00,Biomass 18,0.0
2030,sc01,10-19 02:00:00+02:00,ICE NG 01,0.0
2030,sc01,10-19 02:00:00+02:00,Solar 15,0.0
2030,sc01,10-19 02:00:00+02:00,ICE NG 05,0.0
2030,sc01,10-19 02:00:00+02:00,CT Oil 04,0.0
2030,sc01,10-19 02:00:00+02:00,CC NG 20,0.0
2030,sc01,10-19 02:00:00+02:00,Solar 20,0.0
2030,sc01,10-19 02:00:00+02:00,Biomass 04,0.0
2030,sc01,10-19 02:00:00+02:00,Wind 02,6.581459045000001
2030,sc01,10-19 02:00:00+02:00,Hydro 25,0.0
2030,sc01,10-19 02:00:00+02:00,Solar 75,0.0
2030,sc01,10-19 02:00:00+02:00,Hydro 33,0.0
2030,sc01,10-19 02:00:00+02:00,ST NG 05,0.0
2030,sc01,10-19 02:00:00+02:00,CT NG 07,0.0
2030,sc01,10-19 02:00:00+02:00,Wind 01,1.70674679035
2030,sc01,10-19 02:00:00+02:00,Solar 56,0.0
2030,sc01,10-19 02:00:00+02:00,Biomass 09,0.0
2030,sc01,10-19 02:00:00+02:00,Biomass 53,0.0
2030,sc01,10-19 02:00:00+02:00,Wind 17,18.604372814999998
2030,sc01,10-19 02:00:00+02:00,ST NG 08,0.0
2030,sc01,10-19 02:00:00+02:00,Hydro 19,0.2119425
2030,sc01,10-19 02:00:00+02:00,ST NG 02,0.0
2030,sc01,10-19 02:00:00+02:00,Biomass 01,0.0
2030,sc01,10-19 02:00:00+02:00,Biomass 57,0.0
2030,sc01,10-19 02:00:00+02:00,CT NG 49,0.0
2030,sc01,10-19 02:00:00+02:00,CT NG 31,0.0
2030,sc01,10-19 02:00:00+02:00,Solar 64,0.0
2030,sc01,10-19 02:00:00+02:00,CC NG 33,0.0
2030,sc01,10-19 02:00:00+02:00,Solar 46,0.0
2030,sc01,10-19 02:00:00+02:00,Biomass 12,0.0
2030,sc01,10-19 02:00:00+02:00,Wind 04,0.09058596932
2030,sc01,10-19 02:00:00+02:00,Solar 13,0.0
2030,sc01,10-19 02:00:00+02:00,CT NG 55,0.0
2030,sc01,10-19 02:00:00+02:00,Wind N03,9.7716122268628
2030,sc01,10-19 02:00:00+02:00,CT NG 28,0.0
2030,sc01,10-19 02:00:00+02:00,Wind 09,0.0
2030,sc01,10-19 02:00:00+02:00,Solar 60,0.0
2030,sc01,10-19 02:00:00+02:00,Solar 25,0.0
2030,sc01,10-19 02:00:00+02:00,CT NG 23,0.0
2030,sc01,10-19 02:00:00+02:00,ST Other 01,0.0
2030,sc01,10-19 02:00:00+02:00,Solar 70,0.0
2030,sc01,10-19 02:00:00+02:00,CC NG 34,0.0
2030,sc01,10-19 02:00:00+02:00,Solar 48,0.0
2030,sc01,10-19 02:00:00+02:00,Biomass 56,0.0
2030,sc01,10-19 02:00:00+02:00,CT NG 36,0.0
2030,sc01,10-19 02:00:00+02:00,Solar 47,0.0
2030,sc01,10-19 02:00:00+02:00,Hydro 17,0.02015685
2030,sc01,10-19 02:00:00+02:00,Solar 09,0.0
2030,sc01,10-19 02:00:00+02:00,Solar 08,0.0
2030,sc01,10-19 02:00:00+02:00,CT NG 45,0.0
2030,sc01,10-19 02:00:00+02:00,ST NG 04,0.0
2030,sc01,10-19 02:00:00+02:00,Solar 40,0.0
2030,sc01,10-19 02:00:00+02:00,Biomass 47,0.0
2030,sc01,10-19 02:00:00+02:00,Solar 50,0.0
2030,sc01,10-19 02:00:00+02:00,Solar 52,0.0
2030,sc01,10-19 02:00:00+02:00,Solar 63,0.0
2030,sc01,10-19 02:00:00+02:00,CC NG 06,0.0
2030,sc01,10-19 02:00:00+02:00,Biomass 39,0.0
2030,sc01,10-19 02:00:00+02:00,Solar 67,0.0
2030,sc01,10-19 02:00:00+02:00,Solar 19,0.0
2030,sc01,10-19 02:00:00+02:00,Wind 12,14.878332777
2030,sc01,10-19 02:00:00+02:00,Solar 24,0.0
2030,sc01,10-19 02:00:00+02:00,ICE NG 02,0.0
2030,sc01,10-19 02:00:00+02:00,Solar 05,0.0
2030,sc01,10-19 02:00:00+02:00,CT NG 54,0.0
2030,sc01,10-19 02:00:00+02:00,Wind N01,103.97702132874136
2030,sc01,10-19 02:00:00+02:00,CT NG 27,0.0
2030,sc01,10-19 02:00:00+02:00,CC NG 36,0.0
2030,sc01,10-19 02:00:00+02:00,Wind N02,0.0
2030,sc01,10-19 02:00:00+02:00,CT NG 52,0.0
2030,sc01,10-19 02:00:00+02:00,Solar 35,0.0
2030,sc01,10-19 02:00:00+02:00,CT NG 05,0.0
2030,sc01,10-19 02:00:00+02:00,Biomass 36,0.0
2030,sc01,10-19 02:00:00+02:00,CT NG 34,0.0
2030,sc01,10-19 02:00:00+02:00,CT Oil 03,0.0
2030,sc01,10-19 02:00:00+02:00,Hydro 35,0.0
2030,sc01,10-19 02:00:00+02:00,Solar 14,0.0
2030,sc01,10-19 02:00:00+02:00,CT NG 75,0.0
2030,sc01,10-19 02:00:00+02:00,ST NG 09,0.0
2030,sc01,10-19 02:00:00+02:00,CT NG 56,0.0
2030,sc01,10-19 02:00:00+02:00,Biomass 22,0.0
2030,sc01,10-19 02:00:00+02:00,Solar 18,0.0
2030,sc01,10-19 02:00:00+02:00,Biomass 13,0.0
2030,sc01,10-19 02:00:00+02:00,CT NG 71,0.0
2030,sc01,10-19 02:00:00+02:00,Solar 58,0.0
2030,sc01,10-19 02:00:00+02:00,Solar 06,0.0
2030,sc01,10-19 02:00:00+02:00,Biomass 08,0.0
2030,sc01,10-19 02:00:00+02:00,CT NG 72,0.0
2030,sc01,10-19 02:00:00+02:00,Hydro 18,0.06942915000000001
2030,sc01,10-19 02:00:00+02:00,Solar 10,0.0
2030,sc01,10-19 02:00:00+02:00,CT NG 04,0.0
2030,sc01,10-19 02:00:00+02:00,ST Other 02,0.0
2030,sc01,10-19 02:00:00+02:00,CT NG 12,0.0
2030,sc01,10-19 02:00:00+02:00,CT NG 48,0.0
2030,sc01,10-19 02:00:00+02:00,ST NG 10,0.0
2030,sc01,10-19 02:00:00+02:00,Solar 22,0.0
2030,sc01,10-19 02:00:00+02:00,Solar 28,0.0
2030,sc01,10-19 02:00:00+02:00,CT NG 73,0.0
2030,sc01,10-19 02:00:00+02:00,Biomass 52,0.0
2030,sc01,10-19 02:00:00+02:00,CT NG 30,0.0
2030,sc01,10-19 02:00:00+02:00,Solar 54,0.0
2030,sc01,10-19 02:00:00+02:00,Solar 31,0.0
2030,sc01,10-19 02:00:00+02:00,Biomass 03,0.0
2030,sc01,10-19 02:00:00+02:00,CT NG 32,0.0
2030,sc01,10-19 02:00:00+02:00,Biomass 27,0.0
2030,sc01,10-19 02:00:00+02:00,CC NG 14,0.0
2030,sc01,10-19 02:00:00+02:00,CC NG 03,0.0
2030,sc01,10-19 02:00:00+02:00,CC NG 29,0.0
2030,sc01,10-19 02:00:00+02:00,CC NG 28,0.0
2030,sc01,10-19 02:00:00+02:00,CC NG 25,0.0
2030,sc01,10-19 02:00:00+02:00,CT NG 44,0.0
2030,sc01,10-19 02:00:00+02:00,CT NG 14,0.0
2030,sc01,10-19 02:00:00+02:00,CC NG 15,0.0
2030,sc01,10-19 02:00:00+02:00,CC NG 04,0.0
2030,sc01,10-19 02:00:00+02:00,Biomass 29,0.0
2030,sc01,10-19 02:00:00+02:00,Wind 14,0.0
2030,sc01,10-19 02:00:00+02:00,Wind 08,0.0
2030,sc01,10-19 02:00:00+02:00,Biomass 61,0.0
2030,sc01,10-19 02:00:00+02:00,CT NG 35,0.0
2030,sc01,10-19 02:00:00+02:00,Solar 33,0.0
2030,sc01,10-19 02:00:00+02:00,CT NG 41,0.0
2030,sc01,10-19 02:00:00+02:00,CT NG 15,0.0
2030,sc01,10-19 02:00:00+02:00,Solar 42,0.0
2030,sc01,10-19 02:00:00+02:00,Solar 07,0.0
2030,sc01,10-19 02:00:00+02:00,Solar 43,0.0
2030,sc01,10-19 02:00:00+02:00,Biomass 05,0.0
2030,sc01,10-19 02:00:00+02:00,CT NG 29,0.0
2030,sc01,10-19 02:00:00+02:00,Solar 71,0.0
2030,sc01,10-19 02:00:00+02:00,CT NG 53,0.0
2030,sc01,10-19 02:00:00+02:00,CT NG 20,0.0
2030,sc01,10-19 02:00:00+02:00,Biomass 14,0.0
2030,sc01,10-19 02:00:00+02:00,Solar 26,0.0
2030,sc01,10-19 02:00:00+02:00,Hydro 29,38.671479000000005
2030,sc01,10-19 02:00:00+02:00,Hydro 31,0.005972399999999999
2030,sc01,10-19 02:00:00+02:00,Biomass 24,0.0
2030,sc01,10-19 02:00:00+02:00,Biomass 54,0.0
2030,sc01,10-19 02:00:00+02:00,Solar 36,0.0
2030,sc01,10-19 02:00:00+02:00,Wind 03,0.2735215056
2030,sc01,10-19 02:00:00+02:00,Biomass 40,0.0
2030,sc01,10-19 02:00:00+02:00,Biomass 49,0.0
2030,sc01,10-19 02:00:00+02:00,CC NG 16,0.0
2030,sc01,10-19 02:00:00+02:00,Biomass 48,0.0
2030,sc01,10-19 02:00:00+02:00,Hydro 28,38.671479000000005
2030,sc01,10-19 02:00:00+02:00,Biomass 17,0.0
2030,sc01,10-19 02:00:00+02:00,CT NG 33,0.0
2030,sc01,10-19 02:00:00+02:00,Solar 45,0.0
2030,sc01,10-19 02:00:00+02:00,Hydro 24,0.0
2030,sc01,10-19 02:00:00+02:00,Wind 13,8.822074750999999
2030,sc01,10-19 02:00:00+02:00,Biomass 07,0.0
2030,sc01,10-19 02:00:00+02:00,Biomass 34,0.0
2030,sc01,10-19 02:00:00+02:00,Biomass 33,0.0
2030,sc01,10-19 02:00:00+02:00,CT NG 01,0.0
2030,sc01,10-19 02:00:00+02:00,ICE NG 03,0.0
2030,sc01,10-19 02:00:00+02:00,Solar 55,0.0
2030,sc01,10-19 02:00:00+02:00,Solar 11,0.0
2030,sc01,10-19 02:00:00+02:00,CT NG 06,0.0
2030,sc01,10-19 02:00:00+02:00,CT NG 70,0.0
2030,sc01,10-19 02:00:00+02:00,Solar 23,0.0
2030,sc01,10-19 02:00:00+02:00,CT NG 67,0.0
2030,sc01,10-19 02:00:00+02:00,Solar 12,0.0
2030,sc01,10-19 02:00:00+02:00,CT Oil 01,0.0
2030,sc01,10-19 02:00:00+02:00,Hydro 26,0.582309
2030,sc01,10-19 02:00:00+02:00,CC NG 22,0.0
2030,sc01,10-19 02:00:00+02:00,CC NG 35,0.0
2030,sc01,10-19 02:00:00+02:00,Biomass 50,0.0
2030,sc01,10-19 02:00:00+02:00,ICE NG 04,0.0
2030,sc01,10-19 02:00:00+02:00,CC NG 39,0.0
2030,sc01,10-19 02:00:00+02:00,Hydro 32,0.0071668800000000005
2030,sc01,10-19 02:00:00+02:00,ICE NG 07,0.0
2030,sc01,10-19 02:00:00+02:00,Biomass 46,0.0
2030,sc01,10-19 02:00:00+02:00,CC NG 38,0.0
2030,sc01,10-19 02:00:00+02:00,CC NG 12,0.0
2030,sc01,10-19 02:00:00+02:00,Solar 57,0.0
2030,sc01,10-19 02:00:00+02:00,CC NG 32,0.0
2030,sc01,10-19 02:00:00+02:00,CC NG 07,0.0
2030,sc01,10-19 02:00:00+02:00,Biomass 44,0.0
2030,sc01,10-19 02:00:00+02:00,CT NG 40,0.0
2030,sc01,10-19 02:00:00+02:00,Solar 74,0.0
2030,sc01,10-19 02:00:00+02:00,Hydro 30,0.0
2030,sc01,10-19 02:00:00+02:00,CT NG 42,0.0
2030,sc01,10-19 02:00:00+02:00,Hydro 22,0.0
2030,sc01,10-19 02:00:00+02:00,Solar 17,0.0
2030,sc01,10-19 02:00:00+02:00,Solar 38,0.0
2030,sc01,10-19 02:00:00+02:00,CT NG 24,0.0
2030,sc01,10-19 02:00:00+02:00,CC NG 27,0.0
2030,sc01,10-19 02:00:00+02:00,Biomass 21,0.0
2030,sc01,10-19 02:00:00+02:00,ICE NG 06,0.0
2030,sc01,10-19 02:00:00+02:00,Biomass 25,0.0
2030,sc01,10-19 02:00:00+02:00,Solar 27,0.0
2030,sc01,10-19 02:00:00+02:00,CT NG 19,0.0
2030,sc01,10-19 02:00:00+02:00,Biomass 42,0.0
2030,sc01,10-19 02:00:00+02:00,Biomass 19,0.0
2030,sc01,10-19 02:00:00+02:00,Biomass 06,0.0
2030,sc01,10-19 02:00:00+02:00,CT NG 10,0.0
2030,sc01,10-19 02:00:00+02:00,CC NG 40,0.0
2030,sc01,10-19 02:00:00+02:00,CC NG 21,0.0
2030,sc01,10-19 02:00:00+02:00,Biomass 02,0.0
2030,sc01,10-19 02:00:00+02:00,CT NG 46,0.0
2030,sc01,10-19 02:00:00+02:00,Hydro 34,0.0
2030,sc01,10-19 02:00:00+02:00,Biomass 10,0.0
2030,sc01,10-19 02:00:00+02:00,CT NG 17,0.0
2030,sc01,10-19 02:00:00+02:00,Biomass 62,0.0
2030,sc01,10-19 02:00:00+02:00,Biomass 32,0.0
2030,sc01,10-19 02:00:00+02:00,CC NG 19,0.0
2030,sc01,10-19 02:00:00+02:00,CC NG 17,0.0
2030,sc01,10-19 02:00:00+02:00,ST NG 01,0.0
2030,sc01,10-19 02:00:00+02:00,Biomass 45,0.0
2030,sc01,10-19 02:00:00+02:00,Biomass 28,0.0
2030,sc01,10-19 02:00:00+02:00,CC NG 10,0.0
2030,sc01,10-19 02:00:00+02:00,Biomass 23,0.0
2030,sc01,10-19 02:00:00+02:00,ST NG 06,0.0
2030,sc01,10-19 02:00:00+02:00,Wind 10,0.0
2030,sc01,10-19 02:00:00+02:00,CT NG 69,0.0
2030,sc01,10-19 02:00:00+02:00,CT NG 68,0.0
2030,sc01,10-22 10:00:00+02:00,CC NG 13,0.0
2030,sc01,10-22 10:00:00+02:00,CT NG 37,0.0
2030,sc01,10-22 10:00:00+02:00,ST Coal 01,0.0
2030,sc01,10-22 10:00:00+02:00,CT NG 09,0.0
2030,sc01,10-22 10:00:00+02:00,CT NG 47,0.0
2030,sc01,10-22 10:00:00+02:00,Solar 69,21.288817408979536
2030,sc01,10-22 10:00:00+02:00,Solar 34,35.02022487807097
2030,sc01,10-22 10:00:00+02:00,Solar 73,10.8
2030,sc01,10-22 10:00:00+02:00,Biomass 37,0.0
2030,sc01,10-22 10:00:00+02:00,Hydro 20,0.86031396
2030,sc01,10-22 10:00:00+02:00,Solar 01,25.546226688
2030,sc01,10-22 10:00:00+02:00,Solar 62,41.8982260932
2030,sc01,10-22 10:00:00+02:00,Solar 02,14.250899505600001
2030,sc01,10-22 10:00:00+02:00,CT NG 26,0.0
2030,sc01,10-22 10:00:00+02:00,Biomass 20,0.01944
2030,sc01,10-22 10:00:00+02:00,Wind 16,0.288468365472
2030,sc01,10-22 10:00:00+02:00,CT NG 66,0.0
2030,sc01,10-22 10:00:00+02:00,Solar 39,0.0
2030,sc01,10-22 10:00:00+02:00,Biomass 41,0.0
2030,sc01,10-22 10:00:00+02:00,Solar 72,0.0
2030,sc01,10-22 10:00:00+02:00,ST NG 03,0.0
2030,sc01,10-22 10:00:00+02:00,Hydro 21,0.86031396
2030,sc01,10-22 10:00:00+02:00,CT NG 03,0.0
2030,sc01,10-22 10:00:00+02:00,CC NG 09,0.0
2030,sc01,10-22 10:00:00+02:00,CT Oil 02,0.0
2030,sc01,10-22 10:00:00+02:00,CT NG 39,0.0
2030,sc01,10-22 10:00:00+02:00,CC NG 08,0.0
2030,sc01,10-22 10:00:00+02:00,Biomass 43,0.0
2030,sc01,10-22 10:00:00+02:00,CT NG 18,0.20407139999999996
2030,sc01,10-22 10:00:00+02:00,ST NG 07,0.0
2030,sc01,10-22 10:00:00+02:00,Biomass 35,0.0
2030,sc01,10-22 10:00:00+02:00,Solar 32,0.0
2030,sc01,10-22 10:00:00+02:00,Biomass 15,0.0
2030,sc01,10-22 10:00:00+02:00,CC NG 31,0.0
2030,sc01,10-22 10:00:00+02:00,Solar 16,2.0649786569999997
2030,sc01,10-22 10:00:00+02:00,Solar 68,35.1672261714
2030,sc01,10-22 10:00:00+02:00,CT NG 21,0.0
2030,sc01,10-22 10:00:00+02:00,Wind 11,0.055441034496
2030,sc01,10-22 10:00:00+02:00,CC NG 37,0.0
2030,sc01,10-22 10:00:00+02:00,CT NG 22,0.0
2030,sc01,10-22 10:00:00+02:00,Hydro 16,0.01748304
2030,sc01,10-22 10:00:00+02:00,Biomass 59,0.22356000000000004
2030,sc01,10-22 10:00:00+02:00,CC NG 01,0.0
2030,sc01,10-22 10:00:00+02:00,Biomass 16,0.0
2030,sc01,10-22 10:00:00+02:00,Solar 03,9.2373784722
2030,sc01,10-22 10:00:00+02:00,Solar 44,0.0
2030,sc01,10-22 10:00:00+02:00,CT NG 08,0.0
2030,sc01,10-22 10:00:00+02:00,Wind 05,0.0
2030,sc01,10-22 10:00:00+02:00,Biomass 26,0.09126
2030,sc01,10-22 10:00:00+02:00,Solar 37,0.0
2030,sc01,10-22 10:00:00+02:00,Biomass 11,0.02052
2030,sc01,10-22 10:00:00+02:00,Solar 59,0.0
2030,sc01,10-22 10:00:00+02:00,CT NG 11,0.0
2030,sc01,10-22 10:00:00+02:00,Biomass 30,0.09126
2030,sc01,10-22 10:00:00+02:00,Hydro 23,39.7009998
2030,sc01,10-22 10:00:00+02:00,CC NG 24,0.0
2030,sc01,10-22 10:00:00+02:00,Solar 65,16.8969927528
2030,sc01,10-22 10:00:00+02:00,CC NG 18,0.0
2030,sc01,10-22 10:00:00+02:00,CT NG 16,0.0
2030,sc01,10-22 10:00:00+02:00,Solar 51,0.0
2030,sc01,10-22 10:00:00+02:00,Wind 06,0.18081122961600002
2030,sc01,10-22 10:00:00+02:00,CC NG 26,0.0
2030,sc01,10-22 10:00:00+02:00,CC NG 23,0.0
2030,sc01,10-22 10:00:00+02:00,CT NG 43,0.0
2030,sc01,10-22 10:00:00+02:00,CC NG 11,0.0
2030,sc01,10-22 10:00:00+02:00,CT NG 02,0.0
2030,sc01,10-22 10:00:00+02:00,CT NG 50,0.0
2030,sc01,10-22 10:00:00+02:00,Hydro 27,0.0
2030,sc01,10-22 10:00:00+02:00,CT NG 13,0.0
2030,sc01,10-22 10:00:00+02:00,CT NG 25,0.0
2030,sc01,10-22 10:00:00+02:00,CC NG 05,0.0
2030,sc01,10-22 10:00:00+02:00,Solar 04,1.40339407356
2030,sc01,10-22 10:00:00+02:00,Solar 30,1.9440000000000002
2030,sc01,10-22 10:00:00+02:00,Solar 29,2.3193941268600002
2030,sc01,10-22 10:00:00+02:00,Solar 53,0.0
2030,sc01,10-22 10:00:00+02:00,Solar 21,5.32500971184
2030,sc01,10-22 10:00:00+02:00,Biomass 58,0.10853999999999998
2030,sc01,10-22 10:00:00+02:00,CT NG 74,0.0
2030,sc01,10-22 10:00:00+02:00,Solar 61,0.0
2030,sc01,10-22 10:00:00+02:00,Wind 07,0.041140859472
2030,sc01,10-22 10:00:00+02:00,Biomass 31,0.09126
2030,sc01,10-22 10:00:00+02:00,CT Oil 05,0.0
2030,sc01,10-22 10:00:00+02:00,Biomass 38,0.0
2030,sc01,10-22 10:00:00+02:00,Solar 41,0.0
2030,sc01,10-22 10:00:00+02:00,Biomass 51,0.0
2030,sc01,10-22 10:00:00+02:00,Biomass 55,0.13283999999999999
2030,sc01,10-22 10:00:00+02:00,Wind 15,8.0305554708
2030,sc01,10-22 10:00:00+02:00,Geo 01,0.0
2030,sc01,10-22 10:00:00+02:00,Biomass 60,0.1458
2030,sc01,10-22 10:00:00+02:00,CT NG 38,0.0
2030,sc01,10-22 10:00:00+02:00,Solar 66,39.5812376982
2030,sc01,10-22 10:00:00+02:00,Solar 49,0.0
2030,sc01,10-22 10:00:00+02:00,CT NG 51,0.0
2030,sc01,10-22 10:00:00+02:00,Biomass 18,0.0
2030,sc01,10-22 10:00:00+02:00,ICE NG 01,0.0
2030,sc01,10-22 10:00:00+02:00,Solar 15,3.0453247944
2030,sc01,10-22 10:00:00+02:00,ICE NG 05,0.0
2030,sc01,10-22 10:00:00+02:00,CT Oil 04,0.0
2030,sc01,10-22 10:00:00+02:00,CC NG 20,0.0
2030,sc01,10-22 10:00:00+02:00,Solar 20,2.71199018646
2030,sc01,10-22 10:00:00+02:00,Biomass 04,0.0
2030,sc01,10-22 10:00:00+02:00,Wind 02,0.311499184032
2030,sc01,10-22 10:00:00+02:00,Hydro 25,0.8522982
2030,sc01,10-22 10:00:00+02:00,Solar 75,11.5460533674
2030,sc01,10-22 10:00:00+02:00,Hydro 33,1.9083934800000002
2030,sc01,10-22 10:00:00+02:00,ST NG 05,0.0
2030,sc01,10-22 10:00:00+02:00,CT NG 07,0.0
2030,sc01,10-22 10:00:00+02:00,Wind 01,0.01858181904
2030,sc01,10-22 10:00:00+02:00,Solar 56,0.0
2030,sc01,10-22 10:00:00+02:00,Biomass 09,0.041580000000000006
2030,sc01,10-22 10:00:00+02:00,Biomass 53,0.13283999999999999
2030,sc01,10-22 10:00:00+02:00,Wind 17,2.68820320536
2030,sc01,10-22 10:00:00+02:00,ST NG 08,0.0
2030,sc01,10-22 10:00:00+02:00,Hydro 19,0.0
2030,sc01,10-22 10:00:00+02:00,ST NG 02,0.0
2030,sc01,10-22 10:00:00+02:00,Biomass 01,0.05562
2030,sc01,10-22 10:00:00+02:00,Biomass 57,0.10853999999999998
2030,sc01,10-22 10:00:00+02:00,CT NG 49,0.0
2030,sc01,10-22 10:00:00+02:00,CT NG 31,0.0
2030,sc01,10-22 10:00:00+02:00,Solar 64,8.8709033412
2030,sc01,10-22 10:00:00+02:00,CC NG 33,0.0
2030,sc01,10-22 10:00:00+02:00,Solar 46,0.0
2030,sc01,10-22 10:00:00+02:00,Biomass 12,0.02052
2030,sc01,10-22 10:00:00+02:00,Wind 04,0.303184776384
2030,sc01,10-22 10:00:00+02:00,Solar 13,0.076448702448
2030,sc01,10-22 10:00:00+02:00,CT NG 55,0.0
2030,sc01,10-22 10:00:00+02:00,Wind N03,103.39243099199999
2030,sc01,10-22 10:00:00+02:00,CT NG 28,0.0
2030,sc01,10-22 10:00:00+02:00,Wind 09,0.0
2030,sc01,10-22 10:00:00+02:00,Solar 60,0.0
2030,sc01,10-22 10:00:00+02:00,Solar 25,0.56061175194
2030,sc01,10-22 10:00:00+02:00,CT NG 23,0.0
2030,sc01,10-22 10:00:00+02:00,ST Other 01,0.0
2030,sc01,10-22 10:00:00+02:00,Solar 70,56.589582582
2030,sc01,10-22 10:00:00+02:00,CC NG 34,0.0
2030,sc01,10-22 10:00:00+02:00,Solar 48,0.0
2030,sc01,10-22 10:00:00+02:00,Biomass 56,0.13392
2030,sc01,10-22 10:00:00+02:00,CT NG 36,0.0
2030,sc01,10-22 10:00:00+02:00,Solar 47,0.0
2030,sc01,10-22 10:00:00+02:00,Hydro 17,0.0
2030,sc01,10-22 10:00:00+02:00,Solar 09,0.0
2030,sc01,10-22 10:00:00+02:00,Solar 08,0.0
2030,sc01,10-22 10:00:00+02:00,CT NG 45,0.0
2030,sc01,10-22 10:00:00+02:00,ST NG 04,0.0
2030,sc01,10-22 10:00:00+02:00,Solar 40,0.0
2030,sc01,10-22 10:00:00+02:00,Biomass 47,0.0
2030,sc01,10-22 10:00:00+02:00,Solar 50,0.0
2030,sc01,10-22 10:00:00+02:00,Solar 52,0.0
2030,sc01,10-22 10:00:00+02:00,Solar 63,18.9440905302
2030,sc01,10-22 10:00:00+02:00,CC NG 06,0.0
2030,sc01,10-22 10:00:00+02:00,Biomass 39,0.0
2030,sc01,10-22 10:00:00+02:00,Solar 67,6.668994365804824
2030,sc01,10-22 10:00:00+02:00,Solar 19,0.028913242896
2030,sc01,10-22 10:00:00+02:00,Wind 12,1.8672642801000001
2030,sc01,10-22 10:00:00+02:00,Solar 24,0.41813328816
2030,sc01,10-22 10:00:00+02:00,ICE NG 02,0.0
2030,sc01,10-22 10:00:00+02:00,Solar 05,0.0
2030,sc01,10-22 10:00:00+02:00,CT NG 54,0.0
2030,sc01,10-22 10:00:00+02:00,Wind N01,17.7150713742
2030,sc01,10-22 10:00:00+02:00,CT NG 27,0.0
2030,sc01,10-22 10:00:00+02:00,CC NG 36,0.0
2030,sc01,10-22 10:00:00+02:00,Wind N02,7.336634664600001
2030,sc01,10-22 10:00:00+02:00,CT NG 52,0.0
2030,sc01,10-22 10:00:00+02:00,Solar 35,0.0
2030,sc01,10-22 10:00:00+02:00,CT NG 05,0.0
2030,sc01,10-22 10:00:00+02:00,Biomass 36,0.0
2030,sc01,10-22 10:00:00+02:00,CT NG 34,0.0
2030,sc01,10-22 10:00:00+02:00,CT Oil 03,0.0
2030,sc01,10-22 10:00:00+02:00,Hydro 35,0.0
2030,sc01,10-22 10:00:00+02:00,Solar 14,3.38571543492
2030,sc01,10-22 10:00:00+02:00,CT NG 75,0.0
2030,sc01,10-22 10:00:00+02:00,ST NG 09,0.0
2030,sc01,10-22 10:00:00+02:00,CT NG 56,0.0
2030,sc01,10-22 10:00:00+02:00,Biomass 22,0.01944
2030,sc01,10-22 10:00:00+02:00,Solar 18,3.5711275005000003
2030,sc01,10-22 10:00:00+02:00,Biomass 13,0.02052
2030,sc01,10-22 10:00:00+02:00,CT NG 71,0.0
2030,sc01,10-22 10:00:00+02:00,Solar 58,0.0
2030,sc01,10-22 10:00:00+02:00,Solar 06,0.0
2030,sc01,10-22 10:00:00+02:00,Biomass 08,0.041580000000000006
2030,sc01,10-22 10:00:00+02:00,CT NG 72,0.0
2030,sc01,10-22 10:00:00+02:00,Hydro 18,0.0
2030,sc01,10-22 10:00:00+02:00,Solar 10,2.6122892958
2030,sc01,10-22 10:00:00+02:00,CT NG 04,0.0
2030,sc01,10-22 10:00:00+02:00,ST Other 02,0.0
2030,sc01,10-22 10:00:00+02:00,CT NG 12,0.0
2030,sc01,10-22 10:00:00+02:00,CT NG 48,0.0
2030,sc01,10-22 10:00:00+02:00,ST NG 10,0.0
2030,sc01,10-22 10:00:00+02:00,Solar 22,2.41242038694
2030,sc01,10-22 10:00:00+02:00,Solar 28,2.1588353226
2030,sc01,10-22 10:00:00+02:00,CT NG 73,0.0
2030,sc01,10-22 10:00:00+02:00,Biomass 52,0.0
2030,sc01,10-22 10:00:00+02:00,CT NG 30,0.0
2030,sc01,10-22 10:00:00+02:00,Solar 54,0.0
2030,sc01,10-22 10:00:00+02:00,Solar 31,0.0
2030,sc01,10-22 10:00:00+02:00,Biomass 03,0.0
2030,sc01,10-22 10:00:00+02:00,CT NG 32,0.0
2030,sc01,10-22 10:00:00+02:00,Biomass 27,0.09126
2030,sc01,10-22 10:00:00+02:00,CC NG 14,0.0
2030,sc01,10-22 10:00:00+02:00,CC NG 03,0.0
2030,sc01,10-22 10:00:00+02:00,CC NG 29,0.0
2030,sc01,10-22 10:00:00+02:00,CC NG 28,0.0
2030,sc01,10-22 10:00:00+02:00,CC NG 25,0.0
2030,sc01,10-22 10:00:00+02:00,CT NG 44,0.0
2030,sc01,10-22 10:00:00+02:00,CT NG 14,0.0
2030,sc01,10-22 10:00:00+02:00,CC NG 15,0.0
2030,sc01,10-22 10:00:00+02:00,CC NG 04,0.0
2030,sc01,10-22 10:00:00+02:00,Biomass 29,0.09126
2030,sc01,10-22 10:00:00+02:00,Wind 14,0.0
2030,sc01,10-22 10:00:00+02:00,Wind 08,0.01338880968
2030,sc01,10-22 10:00:00+02:00,Biomass 61,0.0
2030,sc01,10-22 10:00:00+02:00,CT NG 35,0.0
2030,sc01,10-22 10:00:00+02:00,Solar 33,0.0
2030,sc01,10-22 10:00:00+02:00,CT NG 41,0.0
2030,sc01,10-22 10:00:00+02:00,CT NG 15,0.0
2030,sc01,10-22 10:00:00+02:00,Solar 42,0.0
2030,sc01,10-22 10:00:00+02:00,Solar 07,0.0
2030,sc01,10-22 10:00:00+02:00,Solar 43,0.0
2030,sc01,10-22 10:00:00+02:00,Biomass 05,0.024300000000000002
2030,sc01,10-22 10:00:00+02:00,CT NG 29,0.0
2030,sc01,10-22 10:00:00+02:00,Solar 71,0.0
2030,sc01,10-22 10:00:00+02:00,CT NG 53,0.0
2030,sc01,10-22 10:00:00+02:00,CT NG 20,0.0
2030,sc01,10-22 10:00:00+02:00,Biomass 14,0.045360000000000004
2030,sc01,10-22 10:00:00+02:00,Solar 26,0.519165626256
2030,sc01,10-22 10:00:00+02:00,Hydro 29,0.0
2030,sc01,10-22 10:00:00+02:00,Hydro 31,0.00874152
2030,sc01,10-22 10:00:00+02:00,Biomass 24,0.015120000000000001
2030,sc01,10-22 10:00:00+02:00,Biomass 54,0.13283999999999999
2030,sc01,10-22 10:00:00+02:00,Solar 36,0.0
2030,sc01,10-22 10:00:00+02:00,Wind 03,0.376856929728
2030,sc01,10-22 10:00:00+02:00,Biomass 40,0.0
2030,sc01,10-22 10:00:00+02:00,Biomass 49,0.0
2030,sc01,10-22 10:00:00+02:00,CC NG 16,14.580329149313297
2030,sc01,10-22 10:00:00+02:00,Biomass 48,0.0
2030,sc01,10-22 10:00:00+02:00,Hydro 28,0.0
2030,sc01,10-22 10:00:00+02:00,Biomass 17,0.0
2030,sc01,10-22 10:00:00+02:00,CT NG 33,0.0
2030,sc01,10-22 10:00:00+02:00,Solar 45,0.0
2030,sc01,10-22 10:00:00+02:00,Hydro 24,39.7009998
2030,sc01,10-22 10:00:00+02:00,Wind 13,1.07021356272
2030,sc01,10-22 10:00:00+02:00,Biomass 07,0.108
2030,sc01,10-22 10:00:00+02:00,Biomass 34,0.0
2030,sc01,10-22 10:00:00+02:00,Biomass 33,0.0
2030,sc01,10-22 10:00:00+02:00,CT NG 01,0.0
2030,sc01,10-22 10:00:00+02:00,ICE NG 03,0.0
2030,sc01,10-22 10:00:00+02:00,Solar 55,0.0
2030,sc01,10-22 10:00:00+02:00,Solar 11,0.57349232658
2030,sc01,10-22 10:00:00+02:00,CT NG 06,0.0
2030,sc01,10-22 10:00:00+02:00,CT NG 70,0.0
2030,sc01,10-22 10:00:00+02:00,Solar 23,0.0849176676
2030,sc01,10-22 10:00:00+02:00,CT NG 67,0.0
2030,sc01,10-22 10:00:00+02:00,Solar 12,0.4439436482880001
2030,sc01,10-22 10:00:00+02:00,CT Oil 01,0.0
2030,sc01,10-22 10:00:00+02:00,Hydro 26,0.6654697771414275
2030,sc01,10-22 10:00:00+02:00,CC NG 22,0.0
2030,sc01,10-22 10:00:00+02:00,CC NG 35,0.0
2030,sc01,10-22 10:00:00+02:00,Biomass 50,0.0
2030,sc01,10-22 10:00:00+02:00,ICE NG 04,0.0
2030,sc01,10-22 10:00:00+02:00,CC NG 39,0.0
2030,sc01,10-22 10:00:00+02:00,Hydro 32,0.010489824000000002
2030,sc01,10-22 10:00:00+02:00,ICE NG 07,0.0
2030,sc01,10-22 10:00:00+02:00,Biomass 46,0.0
2030,sc01,10-22 10:00:00+02:00,CC NG 38,0.0
2030,sc01,10-22 10:00:00+02:00,CC NG 12,0.0
2030,sc01,10-22 10:00:00+02:00,Solar 57,0.0
2030,sc01,10-22 10:00:00+02:00,CC NG 32,0.0
2030,sc01,10-22 10:00:00+02:00,CC NG 07,0.0
2030,sc01,10-22 10:00:00+02:00,Biomass 44,0.0
2030,sc01,10-22 10:00:00+02:00,CT NG 40,0.0
2030,sc01,10-22 10:00:00+02:00,Solar 74,10.8
2030,sc01,10-22 10:00:00+02:00,Hydro 30,0.0
2030,sc01,10-22 10:00:00+02:00,CT NG 42,0.0
2030,sc01,10-22 10:00:00+02:00,Hydro 22,0.86031396
2030,sc01,10-22 10:00:00+02:00,Solar 17,0.8707509147599999
2030,sc01,10-22 10:00:00+02:00,Solar 38,0.0
2030,sc01,10-22 10:00:00+02:00,CT NG 24,0.0
2030,sc01,10-22 10:00:00+02:00,CC NG 27,0.0
2030,sc01,10-22 10:00:00+02:00,Biomass 21,0.01944
2030,sc01,10-22 10:00:00+02:00,ICE NG 06,0.0
2030,sc01,10-22 10:00:00+02:00,Biomass 25,0.015120000000000001
2030,sc01,10-22 10:00:00+02:00,Solar 27,0.346040505216
2030,sc01,10-22 10:00:00+02:00,CT NG 19,0.0
2030,sc01,10-22 10:00:00+02:00,Biomass 42,0.0
2030,sc01,10-22 10:00:00+02:00,Biomass 19,0.01944
2030,sc01,10-22 10:00:00+02:00,Biomass 06,0.024300000000000002
2030,sc01,10-22 10:00:00+02:00,CT NG 10,0.0
2030,sc01,10-22 10:00:00+02:00,CC NG 40,0.0
2030,sc01,10-22 10:00:00+02:00,CC NG 21,0.0
2030,sc01,10-22 10:00:00+02:00,Biomass 02,0.05562
2030,sc01,10-22 10:00:00+02:00,CT NG 46,0.0
2030,sc01,10-22 10:00:00+02:00,Hydro 34,1.9083934800000002
2030,sc01,10-22 10:00:00+02:00,Biomass 10,0.041580000000000006
2030,sc01,10-22 10:00:00+02:00,CT NG 17,0.0
2030,sc01,10-22 10:00:00+02:00,Biomass 62,0.09936
2030,sc01,10-22 10:00:00+02:00,Biomass 32,0.06588
2030,sc01,10-22 10:00:00+02:00,CC NG 19,7.31052
2030,sc01,10-22 10:00:00+02:00,CC NG 17,0.0
2030,sc01,10-22 10:00:00+02:00,ST NG 01,0.0
2030,sc01,10-22 10:00:00+02:00,Biomass 45,0.0
2030,sc01,10-22 10:00:00+02:00,Biomass 28,0.09126
2030,sc01,10-22 10:00:00+02:00,CC NG 10,0.0
2030,sc01,10-22 10:00:00+02:00,Biomass 23,0.015120000000000001
2030,sc01,10-22 10:00:00+02:00,ST NG 06,0.0
2030,sc01,10-22 10:00:00+02:00,Wind 10,0.015537386736
2030,sc01,10-22 10:00:00+02:00,CT NG 69,0.0
2030,sc01,10-22 10:00:00+02:00,CT NG 68,0.0
2030,sc01,10-22 18:00:00+02:00,CC NG 13,3.1583186999999993
2030,sc01,10-22 18:00:00+02:00,CT NG 37,0.0718029
2030,sc01,10-22 18:00:00+02:00,ST Coal 01,0.0
2030,sc01,10-22 18:00:00+02:00,CT NG 09,0.0
2030,sc01,10-22 18:00:00+02:00,CT NG 47,0.0
2030,sc01,10-22 18:00:00+02:00,Solar 69,0.0
2030,sc01,10-22 18:00:00+02:00,Solar 34,0.0
2030,sc01,10-22 18:00:00+02:00,Solar 73,0.0
2030,sc01,10-22 18:00:00+02:00,Biomass 37,0.04503
2030,sc01,10-22 18:00:00+02:00,Hydro 20,2.1137446800000004
2030,sc01,10-22 18:00:00+02:00,Solar 01,0.0
2030,sc01,10-22 18:00:00+02:00,Solar 62,0.0
2030,sc01,10-22 18:00:00+02:00,Solar 02,0.0
2030,sc01,10-22 18:00:00+02:00,CT NG 26,5.5233
2030,sc01,10-22 18:00:00+02:00,Biomass 20,0.020519999999999997
2030,sc01,10-22 18:00:00+02:00,Wind 16,1.2331432177800001
2030,sc01,10-22 18:00:00+02:00,CT NG 66,0.0
2030,sc01,10-22 18:00:00+02:00,Solar 39,0.0
2030,sc01,10-22 18:00:00+02:00,Biomass 41,0.07695
2030,sc01,10-22 18:00:00+02:00,Solar 72,0.0
2030,sc01,10-22 18:00:00+02:00,ST NG 03,0.0
2030,sc01,10-22 18:00:00+02:00,Hydro 21,2.1137446800000004
2030,sc01,10-22 18:00:00+02:00,CT NG 03,0.0
2030,sc01,10-22 18:00:00+02:00,CC NG 09,0.0
2030,sc01,10-22 18:00:00+02:00,CT Oil 02,0.0
2030,sc01,10-22 18:00:00+02:00,CT NG 39,0.0718029
2030,sc01,10-22 18:00:00+02:00,CC NG 08,0.0
2030,sc01,10-22 18:00:00+02:00,Biomass 43,0.16815000000000002
2030,sc01,10-22 18:00:00+02:00,CT NG 18,0.21540869999999995
2030,sc01,10-22 18:00:00+02:00,ST NG 07,0.0
2030,sc01,10-22 18:00:00+02:00,Biomass 35,0.08208
2030,sc01,10-22 18:00:00+02:00,Solar 32,0.0
2030,sc01,10-22 18:00:00+02:00,Biomass 15,0.0
2030,sc01,10-22 18:00:00+02:00,CC NG 31,18.5475435
2030,sc01,10-22 18:00:00+02:00,Solar 16,0.0
2030,sc01,10-22 18:00:00+02:00,Solar 68,0.0
2030,sc01,10-22 18:00:00+02:00,CT NG 21,5.5233
2030,sc01,10-22 18:00:00+02:00,Wind 11,0.0
2030,sc01,10-22 18:00:00+02:00,CC NG 37,35.055684
2030,sc01,10-22 18:00:00+02:00,CT NG 22,5.5233
2030,sc01,10-22 18:00:00+02:00,Hydro 16,0.01925688
2030,sc01,10-22 18:00:00+02:00,Biomass 59,0.23598000000000002
2030,sc01,10-22 18:00:00+02:00,CC NG 01,2.2874385
2030,sc01,10-22 18:00:00+02:00,Biomass 16,0.0
2030,sc01,10-22 18:00:00+02:00,Solar 03,0.0
2030,sc01,10-22 18:00:00+02:00,Solar 44,0.0
2030,sc01,10-22 18:00:00+02:00,CT NG 08,0.0
2030,sc01,10-22 18:00:00+02:00,Wind 05,0.0
2030,sc01,10-22 18:00:00+02:00,Biomass 26,0.09633
2030,sc01,10-22 18:00:00+02:00,Solar 37,0.0
2030,sc01,10-22 18:00:00+02:00,Biomass 11,0.021660000000000002
2030,sc01,10-22 18:00:00+02:00,Solar 59,0.0
2030,sc01,10-22 18:00:00+02:00,CT NG 11,0.0
2030,sc01,10-22 18:00:00+02:00,Biomass 30,0.09633
2030,sc01,10-22 18:00:00+02:00,Hydro 23,2.049264
2030,sc01,10-22 18:00:00+02:00,CC NG 24,37.0565037
2030,sc01,10-22 18:00:00+02:00,Solar 65,0.0
2030,sc01,10-22 18:00:00+02:00,CC NG 18,21.77792311335799
2030,sc01,10-22 18:00:00+02:00,CT NG 16,0.0
2030,sc01,10-22 18:00:00+02:00,Solar 51,0.0
2030,sc01,10-22 18:00:00+02:00,Wind 06,0.020275557096
2030,sc01,10-22 18:00:00+02:00,CC NG 26,0.0
2030,sc01,10-22 18:00:00+02:00,CC NG 23,0.0
2030,sc01,10-22 18:00:00+02:00,CT NG 43,0.0
2030,sc01,10-22 18:00:00+02:00,CC NG 11,32.8729716
2030,sc01,10-22 18:00:00+02:00,CT NG 02,0.0
2030,sc01,10-22 18:00:00+02:00,CT NG 50,0.0
2030,sc01,10-22 18:00:00+02:00,Hydro 27,0.9387729
2030,sc01,10-22 18:00:00+02:00,CT NG 13,0.0
2030,sc01,10-22 18:00:00+02:00,CT NG 25,5.5233
2030,sc01,10-22 18:00:00+02:00,CC NG 05,5.511900000000001
2030,sc01,10-22 18:00:00+02:00,Solar 04,0.0
2030,sc01,10-22 18:00:00+02:00,Solar 30,0.0
2030,sc01,10-22 18:00:00+02:00,Solar 29,0.0
2030,sc01,10-22 18:00:00+02:00,Solar 53,0.0
2030,sc01,10-22 18:00:00+02:00,Solar 21,0.0
2030,sc01,10-22 18:00:00+02:00,Biomass 58,0.11456999999999998
2030,sc01,10-22 18:00:00+02:00,CT NG 74,2.319786
2030,sc01,10-22 18:00:00+02:00,Solar 61,0.0
2030,sc01,10-22 18:00:00+02:00,Wind 07,0.0
2030,sc01,10-22 18:00:00+02:00,Biomass 31,0.09633
2030,sc01,10-22 18:00:00+02:00,CT Oil 05,0.0
2030,sc01,10-22 18:00:00+02:00,Biomass 38,0.04503
2030,sc01,10-22 18:00:00+02:00,Solar 41,0.0
2030,sc01,10-22 18:00:00+02:00,Biomass 51,0.010259999999999998
2030,sc01,10-22 18:00:00+02:00,Biomass 55,0.14021999999999998
2030,sc01,10-22 18:00:00+02:00,Wind 15,3.5366040307500004
2030,sc01,10-22 18:00:00+02:00,Geo 01,0.912
2030,sc01,10-22 18:00:00+02:00,Biomass 60,0.1539
2030,sc01,10-22 18:00:00+02:00,CT NG 38,0.5247135
2030,sc01,10-22 18:00:00+02:00,Solar 66,0.0
2030,sc01,10-22 18:00:00+02:00,Solar 49,0.0
2030,sc01,10-22 18:00:00+02:00,CT NG 51,0.0
2030,sc01,10-22 18:00:00+02:00,Biomass 18,0.0
2030,sc01,10-22 18:00:00+02:00,ICE NG 01,0.17950725
2030,sc01,10-22 18:00:00+02:00,Solar 15,0.0
2030,sc01,10-22 18:00:00+02:00,ICE NG 05,0.4639572
2030,sc01,10-22 18:00:00+02:00,CT Oil 04,0.0
2030,sc01,10-22 18:00:00+02:00,CC NG 20,0.0
2030,sc01,10-22 18:00:00+02:00,Solar 20,0.0
2030,sc01,10-22 18:00:00+02:00,Biomass 04,0.014820000000000002
2030,sc01,10-22 18:00:00+02:00,Wind 02,0.021504340296000003
2030,sc01,10-22 18:00:00+02:00,Hydro 25,0.9387729
2030,sc01,10-22 18:00:00+02:00,Solar 75,0.0
2030,sc01,10-22 18:00:00+02:00,Hydro 33,4.65734574
2030,sc01,10-22 18:00:00+02:00,ST NG 05,3.461154
2030,sc01,10-22 18:00:00+02:00,CT NG 07,0.0
2030,sc01,10-22 18:00:00+02:00,Wind 01,0.0
2030,sc01,10-22 18:00:00+02:00,Solar 56,0.0
2030,sc01,10-22 18:00:00+02:00,Biomass 09,0.043890000000000005
2030,sc01,10-22 18:00:00+02:00,Biomass 53,0.14021999999999998
2030,sc01,10-22 18:00:00+02:00,Wind 17,2.3025838856400003
2030,sc01,10-22 18:00:00+02:00,ST NG 08,0.0
2030,sc01,10-22 18:00:00+02:00,Hydro 19,0.339207
2030,sc01,10-22 18:00:00+02:00,ST NG 02,0.0
2030,sc01,10-22 18:00:00+02:00,Biomass 01,0.058710000000000005
2030,sc01,10-22 18:00:00+02:00,Biomass 57,0.11456999999999998
2030,sc01,10-22 18:00:00+02:00,CT NG 49,7.817642853551116
2030,sc01,10-22 18:00:00+02:00,CT NG 31,0.08505882000000001
2030,sc01,10-22 18:00:00+02:00,Solar 64,0.0
2030,sc01,10-22 18:00:00+02:00,CC NG 33,0.0
2030,sc01,10-22 18:00:00+02:00,Solar 46,0.0
2030,sc01,10-22 18:00:00+02:00,Biomass 12,0.021660000000000002
2030,sc01,10-22 18:00:00+02:00,Wind 04,0.388545838392
2030,sc01,10-22 18:00:00+02:00,Solar 13,0.0
2030,sc01,10-22 18:00:00+02:00,CT NG 55,0.0
2030,sc01,10-22 18:00:00+02:00,Wind N03,88.560918696
2030,sc01,10-22 18:00:00+02:00,CT NG 28,0.0
2030,sc01,10-22 18:00:00+02:00,Wind 09,0.0
2030,sc01,10-22 18:00:00+02:00,Solar 60,0.0
2030,sc01,10-22 18:00:00+02:00,Solar 25,0.0
2030,sc01,10-22 18:00:00+02:00,CT NG 23,5.5233
2030,sc01,10-22 18:00:00+02:00,ST Other 01,0.0
2030,sc01,10-22 18:00:00+02:00,Solar 70,0.0
2030,sc01,10-22 18:00:00+02:00,CC NG 34,12.287461008566941
2030,sc01,10-22 18:00:00+02:00,Solar 48,0.0
2030,sc01,10-22 18:00:00+02:00,Biomass 56,0.14136
2030,sc01,10-22 18:00:00+02:00,CT NG 36,5.5233
2030,sc01,10-22 18:00:00+02:00,Solar 47,0.0
2030,sc01,10-22 18:00:00+02:00,Hydro 17,0.032495985
2030,sc01,10-22 18:00:00+02:00,Solar 09,0.0
2030,sc01,10-22 18:00:00+02:00,Solar 08,0.0
2030,sc01,10-22 18:00:00+02:00,CT NG 45,0.0
2030,sc01,10-22 18:00:00+02:00,ST NG 04,3.461154
2030,sc01,10-22 18:00:00+02:00,Solar 40,0.0
2030,sc01,10-22 18:00:00+02:00,Biomass 47,0.13281
2030,sc01,10-22 18:00:00+02:00,Solar 50,0.0
2030,sc01,10-22 18:00:00+02:00,Solar 52,0.0
2030,sc01,10-22 18:00:00+02:00,Solar 63,0.0
2030,sc01,10-22 18:00:00+02:00,CC NG 06,0.0
2030,sc01,10-22 18:00:00+02:00,Biomass 39,0.04503
2030,sc01,10-22 18:00:00+02:00,Solar 67,0.0
2030,sc01,10-22 18:00:00+02:00,Solar 19,0.0
2030,sc01,10-22 18:00:00+02:00,Wind 12,0.356109938688
2030,sc01,10-22 18:00:00+02:00,Solar 24,0.0
2030,sc01,10-22 18:00:00+02:00,ICE NG 02,0.4639572
2030,sc01,10-22 18:00:00+02:00,Solar 05,0.0
2030,sc01,10-22 18:00:00+02:00,CT NG 54,0.0
2030,sc01,10-22 18:00:00+02:00,Wind N01,3.37847890575
2030,sc01,10-22 18:00:00+02:00,CT NG 27,0.05799465
2030,sc01,10-22 18:00:00+02:00,CC NG 36,0.0
2030,sc01,10-22 18:00:00+02:00,Wind N02,3.7756572467400003
2030,sc01,10-22 18:00:00+02:00,CT NG 52,0.0
2030,sc01,10-22 18:00:00+02:00,Solar 35,0.0
2030,sc01,10-22 18:00:00+02:00,CT NG 05,0.0
2030,sc01,10-22 18:00:00+02:00,Biomass 36,0.08208
2030,sc01,10-22 18:00:00+02:00,CT NG 34,5.5233
2030,sc01,10-22 18:00:00+02:00,CT Oil 03,0.0
2030,sc01,10-22 18:00:00+02:00,Hydro 35,0.0
2030,sc01,10-22 18:00:00+02:00,Solar 14,0.0
2030,sc01,10-22 18:00:00+02:00,CT NG 75,0.0
2030,sc01,10-22 18:00:00+02:00,ST NG 09,0.0
2030,sc01,10-22 18:00:00+02:00,CT NG 56,0.0
2030,sc01,10-22 18:00:00+02:00,Biomass 22,0.020519999999999997
2030,sc01,10-22 18:00:00+02:00,Solar 18,0.0
2030,sc01,10-22 18:00:00+02:00,Biomass 13,0.021660000000000002
2030,sc01,10-22 18:00:00+02:00,CT NG 71,0.0
2030,sc01,10-22 18:00:00+02:00,Solar 58,0.0
2030,sc01,10-22 18:00:00+02:00,Solar 06,0.0
2030,sc01,10-22 18:00:00+02:00,Biomass 08,0.043890000000000005
2030,sc01,10-22 18:00:00+02:00,CT NG 72,0.0
2030,sc01,10-22 18:00:00+02:00,Hydro 18,0.11193061500000001
2030,sc01,10-22 18:00:00+02:00,Solar 10,0.0
2030,sc01,10-22 18:00:00+02:00,CT NG 04,0.0
2030,sc01,10-22 18:00:00+02:00,ST Other 02,0.0
2030,sc01,10-22 18:00:00+02:00,CT NG 12,0.0
2030,sc01,10-22 18:00:00+02:00,CT NG 48,0.0
2030,sc01,10-22 18:00:00+02:00,ST NG 10,0.0
2030,sc01,10-22 18:00:00+02:00,Solar 22,0.0
2030,sc01,10-22 18:00:00+02:00,Solar 28,0.0
2030,sc01,10-22 18:00:00+02:00,CT NG 73,0.0
2030,sc01,10-22 18:00:00+02:00,Biomass 52,0.09975
2030,sc01,10-22 18:00:00+02:00,CT NG 30,0.0
2030,sc01,10-22 18:00:00+02:00,Solar 54,0.0
2030,sc01,10-22 18:00:00+02:00,Solar 31,0.0
2030,sc01,10-22 18:00:00+02:00,Biomass 03,0.014820000000000002
2030,sc01,10-22 18:00:00+02:00,CT NG 32,0.0883728
2030,sc01,10-22 18:00:00+02:00,Biomass 27,0.09633
2030,sc01,10-22 18:00:00+02:00,CC NG 14,9.080855249999999
2030,sc01,10-22 18:00:00+02:00,CC NG 03,6.999010620000001
2030,sc01,10-22 18:00:00+02:00,CC NG 29,0.0
2030,sc01,10-22 18:00:00+02:00,CC NG 28,10.0040985
2030,sc01,10-22 18:00:00+02:00,CC NG 25,0.0
2030,sc01,10-22 18:00:00+02:00,CT NG 44,0.0
2030,sc01,10-22 18:00:00+02:00,CT NG 14,0.0
2030,sc01,10-22 18:00:00+02:00,CC NG 15,0.0
2030,sc01,10-22 18:00:00+02:00,CC NG 04,17.63808
2030,sc01,10-22 18:00:00+02:00,Biomass 29,0.09633
2030,sc01,10-22 18:00:00+02:00,Wind 14,0.5156020650480001
2030,sc01,10-22 18:00:00+02:00,Wind 08,0.0
2030,sc01,10-22 18:00:00+02:00,Biomass 61,0.01938
2030,sc01,10-22 18:00:00+02:00,CT NG 35,5.5233
2030,sc01,10-22 18:00:00+02:00,Solar 33,0.0
2030,sc01,10-22 18:00:00+02:00,CT NG 41,2.982582
2030,sc01,10-22 18:00:00+02:00,CT NG 15,0.0
2030,sc01,10-22 18:00:00+02:00,Solar 42,0.0
2030,sc01,10-22 18:00:00+02:00,Solar 07,0.0
2030,sc01,10-22 18:00:00+02:00,Solar 43,0.0
2030,sc01,10-22 18:00:00+02:00,Biomass 05,0.025650000000000003
2030,sc01,10-22 18:00:00+02:00,CT NG 29,0.0331398
2030,sc01,10-22 18:00:00+02:00,Solar 71,0.0
2030,sc01,10-22 18:00:00+02:00,CT NG 53,0.0
2030,sc01,10-22 18:00:00+02:00,CT NG 20,0.0
2030,sc01,10-22 18:00:00+02:00,Biomass 14,0.04788
2030,sc01,10-22 18:00:00+02:00,Solar 26,0.0
2030,sc01,10-22 18:00:00+02:00,Hydro 29,62.97926580000001
2030,sc01,10-22 18:00:00+02:00,Hydro 31,0.00962844
2030,sc01,10-22 18:00:00+02:00,Biomass 24,0.015960000000000002
2030,sc01,10-22 18:00:00+02:00,Biomass 54,0.14021999999999998
2030,sc01,10-22 18:00:00+02:00,Solar 36,0.0
2030,sc01,10-22 18:00:00+02:00,Wind 03,0.59502248415
2030,sc01,10-22 18:00:00+02:00,Biomass 40,0.04503
2030,sc01,10-22 18:00:00+02:00,Biomass 49,0.01653
2030,sc01,10-22 18:00:00+02:00,CC NG 16,52.0047765
2030,sc01,10-22 18:00:00+02:00,Biomass 48,0.13281
2030,sc01,10-22 18:00:00+02:00,Hydro 28,62.97926580000001
2030,sc01,10-22 18:00:00+02:00,Biomass 17,0.0
2030,sc01,10-22 18:00:00+02:00,CT NG 33,0.0718029
2030,sc01,10-22 18:00:00+02:00,Solar 45,0.0
2030,sc01,10-22 18:00:00+02:00,Hydro 24,2.049264
2030,sc01,10-22 18:00:00+02:00,Wind 13,0.14152457997600001
2030,sc01,10-22 18:00:00+02:00,Biomass 07,0.114
2030,sc01,10-22 18:00:00+02:00,Biomass 34,0.08208
2030,sc01,10-22 18:00:00+02:00,Biomass 33,0.08208
2030,sc01,10-22 18:00:00+02:00,CT NG 01,0.0
2030,sc01,10-22 18:00:00+02:00,ICE NG 03,0.4639572
2030,sc01,10-22 18:00:00+02:00,Solar 55,0.0
2030,sc01,10-22 18:00:00+02:00,Solar 11,0.0
2030,sc01,10-22 18:00:00+02:00,CT NG 06,0.0
2030,sc01,10-22 18:00:00+02:00,CT NG 70,0.0
2030,sc01,10-22 18:00:00+02:00,Solar 23,0.0
2030,sc01,10-22 18:00:00+02:00,CT NG 67,0.0
2030,sc01,10-22 18:00:00+02:00,Solar 12,0.0
2030,sc01,10-22 18:00:00+02:00,CT Oil 01,0.0
2030,sc01,10-22 18:00:00+02:00,Hydro 26,0.9387729
2030,sc01,10-22 18:00:00+02:00,CC NG 22,37.3596582
2030,sc01,10-22 18:00:00+02:00,CC NG 35,32.795804999999994
2030,sc01,10-22 18:00:00+02:00,Biomass 50,0.010259999999999998
2030,sc01,10-22 18:00:00+02:00,ICE NG 04,0.4639572
2030,sc01,10-22 18:00:00+02:00,CC NG 39,0.0
2030,sc01,10-22 18:00:00+02:00,Hydro 32,0.011554128
2030,sc01,10-22 18:00:00+02:00,ICE NG 07,0.4639572
2030,sc01,10-22 18:00:00+02:00,Biomass 46,0.03705000000000001
2030,sc01,10-22 18:00:00+02:00,CC NG 38,5.412685800000001
2030,sc01,10-22 18:00:00+02:00,CC NG 12,0.0
2030,sc01,10-22 18:00:00+02:00,Solar 57,0.0
2030,sc01,10-22 18:00:00+02:00,CC NG 32,0.0
2030,sc01,10-22 18:00:00+02:00,CC NG 07,0.0
2030,sc01,10-22 18:00:00+02:00,Biomass 44,0.06896999999999999
2030,sc01,10-22 18:00:00+02:00,CT NG 40,0.1712223
2030,sc01,10-22 18:00:00+02:00,Solar 74,0.0
2030,sc01,10-22 18:00:00+02:00,Hydro 30,0.0
2030,sc01,10-22 18:00:00+02:00,CT NG 42,0.0
2030,sc01,10-22 18:00:00+02:00,Hydro 22,2.1137446800000004
2030,sc01,10-22 18:00:00+02:00,Solar 17,0.0
2030,sc01,10-22 18:00:00+02:00,Solar 38,0.0
2030,sc01,10-22 18:00:00+02:00,CT NG 24,5.5233
2030,sc01,10-22 18:00:00+02:00,CC NG 27,0.904013967908069
2030,sc01,10-22 18:00:00+02:00,Biomass 21,0.020519999999999997
2030,sc01,10-22 18:00:00+02:00,ICE NG 06,0.4639572
2030,sc01,10-22 18:00:00+02:00,Biomass 25,0.015960000000000002
2030,sc01,10-22 18:00:00+02:00,Solar 27,0.0
2030,sc01,10-22 18:00:00+02:00,CT NG 19,0.21540869999999995
2030,sc01,10-22 18:00:00+02:00,Biomass 42,0.07695
2030,sc01,10-22 18:00:00+02:00,Biomass 19,0.020519999999999997
2030,sc01,10-22 18:00:00+02:00,Biomass 06,0.025650000000000003
2030,sc01,10-22 18:00:00+02:00,CT NG 10,0.0
2030,sc01,10-22 18:00:00+02:00,CC NG 40,41.3998809
2030,sc01,10-22 18:00:00+02:00,CC NG 21,0.0
2030,sc01,10-22 18:00:00+02:00,Biomass 02,0.058710000000000005
2030,sc01,10-22 18:00:00+02:00,CT NG 46,0.0
2030,sc01,10-22 18:00:00+02:00,Hydro 34,4.65734574
2030,sc01,10-22 18:00:00+02:00,Biomass 10,0.043890000000000005
2030,sc01,10-22 18:00:00+02:00,CT NG 17,0.3811077
2030,sc01,10-22 18:00:00+02:00,Biomass 62,0.10488
2030,sc01,10-22 18:00:00+02:00,Biomass 32,0.06953999999999999
2030,sc01,10-22 18:00:00+02:00,CC NG 19,7.71666
2030,sc01,10-22 18:00:00+02:00,CC NG 17,8.510373600000003
2030,sc01,10-22 18:00:00+02:00,ST NG 01,0.0
2030,sc01,10-22 18:00:00+02:00,Biomass 45,0.06896999999999999
2030,sc01,10-22 18:00:00+02:00,Biomass 28,0.09633
2030,sc01,10-22 18:00:00+02:00,CC NG 10,0.0
2030,sc01,10-22 18:00:00+02:00,Biomass 23,0.015960000000000002
2030,sc01,10-22 18:00:00+02:00,ST NG 06,0.0
2030,sc01,10-22 18:00:00+02:00,Wind 10,0.0
2030,sc01,10-22 18:00:00+02:00,CT NG 69,0.0
2030,sc01,10-22 18:00:00+02:00,CT NG 68,0.0
2030,sc01,10-22 20:00:00+02:00,CC NG 13,0.0
2030,sc01,10-22 20:00:00+02:00,CT NG 37,0.0466089
2030,sc01,10-22 20:00:00+02:00,ST Coal 01,0.0
2030,sc01,10-22 20:00:00+02:00,CT NG 09,0.0
2030,sc01,10-22 20:00:00+02:00,CT NG 47,0.0
2030,sc01,10-22 20:00:00+02:00,Solar 69,0.0
2030,sc01,10-22 20:00:00+02:00,Solar 34,0.0
2030,sc01,10-22 20:00:00+02:00,Solar 73,0.0
2030,sc01,10-22 20:00:00+02:00,Biomass 37,0.02923
2030,sc01,10-22 20:00:00+02:00,Hydro 20,1.36677408
2030,sc01,10-22 20:00:00+02:00,Solar 01,0.0
2030,sc01,10-22 20:00:00+02:00,Solar 62,0.0
2030,sc01,10-22 20:00:00+02:00,Solar 02,0.0
2030,sc01,10-22 20:00:00+02:00,CT NG 26,0.0
2030,sc01,10-22 20:00:00+02:00,Biomass 20,0.013319999999999999
2030,sc01,10-22 20:00:00+02:00,Wind 16,0.92329833522
2030,sc01,10-22 20:00:00+02:00,CT NG 66,0.0
2030,sc01,10-22 20:00:00+02:00,Solar 39,0.0
2030,sc01,10-22 20:00:00+02:00,Biomass 41,0.04995
2030,sc01,10-22 20:00:00+02:00,Solar 72,0.0
2030,sc01,10-22 20:00:00+02:00,ST NG 03,0.0
2030,sc01,10-22 20:00:00+02:00,Hydro 21,1.36677408
2030,sc01,10-22 20:00:00+02:00,CT NG 03,0.0
2030,sc01,10-22 20:00:00+02:00,CC NG 09,0.0
2030,sc01,10-22 20:00:00+02:00,CT Oil 02,0.0
2030,sc01,10-22 20:00:00+02:00,CT NG 39,0.0466089
2030,sc01,10-22 20:00:00+02:00,CC NG 08,0.0
2030,sc01,10-22 20:00:00+02:00,Biomass 43,0.10915000000000001
2030,sc01,10-22 20:00:00+02:00,CT NG 18,0.13982669999999997
2030,sc01,10-22 20:00:00+02:00,ST NG 07,0.0
2030,sc01,10-22 20:00:00+02:00,Biomass 35,0.05328
2030,sc01,10-22 20:00:00+02:00,Solar 32,0.0
2030,sc01,10-22 20:00:00+02:00,Biomass 15,0.0
2030,sc01,10-22 20:00:00+02:00,CC NG 31,12.0396335
2030,sc01,10-22 20:00:00+02:00,Solar 16,0.0
2030,sc01,10-22 20:00:00+02:00,Solar 68,0.0
2030,sc01,10-22 20:00:00+02:00,CT NG 21,0.0
2030,sc01,10-22 20:00:00+02:00,Wind 11,0.0
2030,sc01,10-22 20:00:00+02:00,CC NG 37,22.755444
2030,sc01,10-22 20:00:00+02:00,CT NG 22,0.0
2030,sc01,10-22 20:00:00+02:00,Hydro 16,0.012742799999999999
2030,sc01,10-22 20:00:00+02:00,Biomass 59,0.15318
2030,sc01,10-22 20:00:00+02:00,CC NG 01,0.0
2030,sc01,10-22 20:00:00+02:00,Biomass 16,0.0
2030,sc01,10-22 20:00:00+02:00,Solar 03,0.0
2030,sc01,10-22 20:00:00+02:00,Solar 44,0.0
2030,sc01,10-22 20:00:00+02:00,CT NG 08,0.0
2030,sc01,10-22 20:00:00+02:00,Wind 05,0.0
2030,sc01,10-22 20:00:00+02:00,Biomass 26,0.06253
2030,sc01,10-22 20:00:00+02:00,Solar 37,0.0
2030,sc01,10-22 20:00:00+02:00,Biomass 11,0.014060000000000001
2030,sc01,10-22 20:00:00+02:00,Solar 59,0.0
2030,sc01,10-22 20:00:00+02:00,CT NG 11,0.0
2030,sc01,10-22 20:00:00+02:00,Biomass 30,0.06253
2030,sc01,10-22 20:00:00+02:00,Hydro 23,0.0
2030,sc01,10-22 20:00:00+02:00,CC NG 24,24.0542217
2030,sc01,10-22 20:00:00+02:00,Solar 65,0.0
2030,sc01,10-22 20:00:00+02:00,CC NG 18,15.493747587867277
2030,sc01,10-22 20:00:00+02:00,CT NG 16,0.0
2030,sc01,10-22 20:00:00+02:00,Solar 51,0.0
2030,sc01,10-22 20:00:00+02:00,Wind 06,0.0
2030,sc01,10-22 20:00:00+02:00,CC NG 26,0.0
2030,sc01,10-22 20:00:00+02:00,CC NG 23,0.0
2030,sc01,10-22 20:00:00+02:00,CT NG 43,0.0
2030,sc01,10-22 20:00:00+02:00,CC NG 11,21.338595599999998
2030,sc01,10-22 20:00:00+02:00,CT NG 02,0.0
2030,sc01,10-22 20:00:00+02:00,CT NG 50,0.0
2030,sc01,10-22 20:00:00+02:00,Hydro 27,0.6212115000000001
2030,sc01,10-22 20:00:00+02:00,CT NG 13,0.0
2030,sc01,10-22 20:00:00+02:00,CT NG 25,0.0
2030,sc01,10-22 20:00:00+02:00,CC NG 05,0.0
2030,sc01,10-22 20:00:00+02:00,Solar 04,0.0
2030,sc01,10-22 20:00:00+02:00,Solar 30,0.0
2030,sc01,10-22 20:00:00+02:00,Solar 29,0.0
2030,sc01,10-22 20:00:00+02:00,Solar 53,0.0
2030,sc01,10-22 20:00:00+02:00,Solar 21,0.0
2030,sc01,10-22 20:00:00+02:00,Biomass 58,0.07436999999999999
2030,sc01,10-22 20:00:00+02:00,CT NG 74,0.0
2030,sc01,10-22 20:00:00+02:00,Solar 61,0.0
2030,sc01,10-22 20:00:00+02:00,Wind 07,0.0
2030,sc01,10-22 20:00:00+02:00,Biomass 31,0.06253
2030,sc01,10-22 20:00:00+02:00,CT Oil 05,0.0
2030,sc01,10-22 20:00:00+02:00,Biomass 38,0.02923
2030,sc01,10-22 20:00:00+02:00,Solar 41,0.0
2030,sc01,10-22 20:00:00+02:00,Biomass 51,0.006659999999999999
2030,sc01,10-22 20:00:00+02:00,Biomass 55,0.09102
2030,sc01,10-22 20:00:00+02:00,Wind 15,1.94762039374
2030,sc01,10-22 20:00:00+02:00,Geo 01,0.592
2030,sc01,10-22 20:00:00+02:00,Biomass 60,0.0999
2030,sc01,10-22 20:00:00+02:00,CT NG 38,0.0
2030,sc01,10-22 20:00:00+02:00,Solar 66,0.0
2030,sc01,10-22 20:00:00+02:00,Solar 49,0.0
2030,sc01,10-22 20:00:00+02:00,CT NG 51,0.0
2030,sc01,10-22 20:00:00+02:00,Biomass 18,0.0
2030,sc01,10-22 20:00:00+02:00,ICE NG 01,0.11652225000000001
2030,sc01,10-22 20:00:00+02:00,Solar 15,0.0
2030,sc01,10-22 20:00:00+02:00,ICE NG 05,0.0
2030,sc01,10-22 20:00:00+02:00,CT Oil 04,0.0
2030,sc01,10-22 20:00:00+02:00,CC NG 20,0.0
2030,sc01,10-22 20:00:00+02:00,Solar 20,0.0
2030,sc01,10-22 20:00:00+02:00,Biomass 04,0.009620000000000002
2030,sc01,10-22 20:00:00+02:00,Wind 02,0.0
2030,sc01,10-22 20:00:00+02:00,Hydro 25,0.6212115000000001
2030,sc01,10-22 20:00:00+02:00,Solar 75,0.0
2030,sc01,10-22 20:00:00+02:00,Hydro 33,1.7237389799999998
2030,sc01,10-22 20:00:00+02:00,ST NG 05,2.246714
2030,sc01,10-22 20:00:00+02:00,CT NG 07,0.0
2030,sc01,10-22 20:00:00+02:00,Wind 01,0.0
2030,sc01,10-22 20:00:00+02:00,Solar 56,0.0
2030,sc01,10-22 20:00:00+02:00,Biomass 09,0.02849
2030,sc01,10-22 20:00:00+02:00,Biomass 53,0.09102
2030,sc01,10-22 20:00:00+02:00,Wind 17,1.28403188502
2030,sc01,10-22 20:00:00+02:00,ST NG 08,0.0
2030,sc01,10-22 20:00:00+02:00,Hydro 19,0.3091165
2030,sc01,10-22 20:00:00+02:00,ST NG 02,0.0
2030,sc01,10-22 20:00:00+02:00,Biomass 01,0.038110000000000005
2030,sc01,10-22 20:00:00+02:00,Biomass 57,0.07436999999999999
2030,sc01,10-22 20:00:00+02:00,CT NG 49,0.0
2030,sc01,10-22 20:00:00+02:00,CT NG 31,0.05521362
2030,sc01,10-22 20:00:00+02:00,Solar 64,0.0
2030,sc01,10-22 20:00:00+02:00,CC NG 33,0.0
2030,sc01,10-22 20:00:00+02:00,Solar 46,0.0
2030,sc01,10-22 20:00:00+02:00,Biomass 12,0.014060000000000001
2030,sc01,10-22 20:00:00+02:00,Wind 04,0.231417015632
2030,sc01,10-22 20:00:00+02:00,Solar 13,0.0
2030,sc01,10-22 20:00:00+02:00,CT NG 55,0.0
2030,sc01,10-22 20:00:00+02:00,Wind N03,49.385841723
2030,sc01,10-22 20:00:00+02:00,CT NG 28,0.0
2030,sc01,10-22 20:00:00+02:00,Wind 09,0.0
2030,sc01,10-22 20:00:00+02:00,Solar 60,0.0
2030,sc01,10-22 20:00:00+02:00,Solar 25,0.0
2030,sc01,10-22 20:00:00+02:00,CT NG 23,0.0
2030,sc01,10-22 20:00:00+02:00,ST Other 01,0.0
2030,sc01,10-22 20:00:00+02:00,Solar 70,0.0
2030,sc01,10-22 20:00:00+02:00,CC NG 34,11.80343399593044
2030,sc01,10-22 20:00:00+02:00,Solar 48,0.0
2030,sc01,10-22 20:00:00+02:00,Biomass 56,0.09176
2030,sc01,10-22 20:00:00+02:00,CT NG 36,3.5853
2030,sc01,10-22 20:00:00+02:00,Solar 47,0.0
2030,sc01,10-22 20:00:00+02:00,Hydro 17,0.021503474999999998
2030,sc01,10-22 20:00:00+02:00,Solar 09,0.0
2030,sc01,10-22 20:00:00+02:00,Solar 08,0.0
2030,sc01,10-22 20:00:00+02:00,CT NG 45,0.0
2030,sc01,10-22 20:00:00+02:00,ST NG 04,2.246714
2030,sc01,10-22 20:00:00+02:00,Solar 40,0.0
2030,sc01,10-22 20:00:00+02:00,Biomass 47,0.08621
2030,sc01,10-22 20:00:00+02:00,Solar 50,0.0
2030,sc01,10-22 20:00:00+02:00,Solar 52,0.0
2030,sc01,10-22 20:00:00+02:00,Solar 63,0.0
2030,sc01,10-22 20:00:00+02:00,CC NG 06,0.0
2030,sc01,10-22 20:00:00+02:00,Biomass 39,0.02923
2030,sc01,10-22 20:00:00+02:00,Solar 67,0.0
2030,sc01,10-22 20:00:00+02:00,Solar 19,0.0
2030,sc01,10-22 20:00:00+02:00,Wind 12,0.12992167272000002
2030,sc01,10-22 20:00:00+02:00,Solar 24,0.0
2030,sc01,10-22 20:00:00+02:00,ICE NG 02,0.0
2030,sc01,10-22 20:00:00+02:00,Solar 05,0.0
2030,sc01,10-22 20:00:00+02:00,CT NG 54,0.0
2030,sc01,10-22 20:00:00+02:00,Wind N01,1.2325902285399999
2030,sc01,10-22 20:00:00+02:00,CT NG 27,0.03764565
2030,sc01,10-22 20:00:00+02:00,CC NG 36,0.0
2030,sc01,10-22 20:00:00+02:00,Wind N02,1.66029445729
2030,sc01,10-22 20:00:00+02:00,CT NG 52,0.0
2030,sc01,10-22 20:00:00+02:00,Solar 35,0.0
2030,sc01,10-22 20:00:00+02:00,CT NG 05,0.0
2030,sc01,10-22 20:00:00+02:00,Biomass 36,0.05328
2030,sc01,10-22 20:00:00+02:00,CT NG 34,0.0
2030,sc01,10-22 20:00:00+02:00,CT Oil 03,0.0
2030,sc01,10-22 20:00:00+02:00,Hydro 35,0.0
2030,sc01,10-22 20:00:00+02:00,Solar 14,0.0
2030,sc01,10-22 20:00:00+02:00,CT NG 75,0.0
2030,sc01,10-22 20:00:00+02:00,ST NG 09,0.0
2030,sc01,10-22 20:00:00+02:00,CT NG 56,0.0
2030,sc01,10-22 20:00:00+02:00,Biomass 22,0.013319999999999999
2030,sc01,10-22 20:00:00+02:00,Solar 18,0.0
2030,sc01,10-22 20:00:00+02:00,Biomass 13,0.014060000000000001
2030,sc01,10-22 20:00:00+02:00,CT NG 71,0.0
2030,sc01,10-22 20:00:00+02:00,Solar 58,0.0
2030,sc01,10-22 20:00:00+02:00,Solar 06,0.0
2030,sc01,10-22 20:00:00+02:00,Biomass 08,0.02849
2030,sc01,10-22 20:00:00+02:00,CT NG 72,0.0
2030,sc01,10-22 20:00:00+02:00,Hydro 18,0.074067525
2030,sc01,10-22 20:00:00+02:00,Solar 10,0.0
2030,sc01,10-22 20:00:00+02:00,CT NG 04,0.0
2030,sc01,10-22 20:00:00+02:00,ST Other 02,0.0
2030,sc01,10-22 20:00:00+02:00,CT NG 12,0.0
2030,sc01,10-22 20:00:00+02:00,CT NG 48,0.0
2030,sc01,10-22 20:00:00+02:00,ST NG 10,0.0
2030,sc01,10-22 20:00:00+02:00,Solar 22,0.0
2030,sc01,10-22 20:00:00+02:00,Solar 28,0.0
2030,sc01,10-22 20:00:00+02:00,CT NG 73,0.0
2030,sc01,10-22 20:00:00+02:00,Biomass 52,0.06475
2030,sc01,10-22 20:00:00+02:00,CT NG 30,0.0
2030,sc01,10-22 20:00:00+02:00,Solar 54,0.0
2030,sc01,10-22 20:00:00+02:00,Solar 31,0.0
2030,sc01,10-22 20:00:00+02:00,Biomass 03,0.009620000000000002
2030,sc01,10-22 20:00:00+02:00,CT NG 32,0.0573648
2030,sc01,10-22 20:00:00+02:00,Biomass 27,0.06253
2030,sc01,10-22 20:00:00+02:00,CC NG 14,0.0
2030,sc01,10-22 20:00:00+02:00,CC NG 03,4.54321742
2030,sc01,10-22 20:00:00+02:00,CC NG 29,0.0
2030,sc01,10-22 20:00:00+02:00,CC NG 28,6.4938885
2030,sc01,10-22 20:00:00+02:00,CC NG 25,0.0
2030,sc01,10-22 20:00:00+02:00,CT NG 44,0.0
2030,sc01,10-22 20:00:00+02:00,CT NG 14,0.0
2030,sc01,10-22 20:00:00+02:00,CC NG 15,0.0
2030,sc01,10-22 20:00:00+02:00,CC NG 04,11.44928
2030,sc01,10-22 20:00:00+02:00,Biomass 29,0.06253
2030,sc01,10-22 20:00:00+02:00,Wind 14,0.22672906856800001
2030,sc01,10-22 20:00:00+02:00,Wind 08,0.0
2030,sc01,10-22 20:00:00+02:00,Biomass 61,0.012580000000000001
2030,sc01,10-22 20:00:00+02:00,CT NG 35,0.6954495623667462
2030,sc01,10-22 20:00:00+02:00,Solar 33,0.0
2030,sc01,10-22 20:00:00+02:00,CT NG 41,0.0
2030,sc01,10-22 20:00:00+02:00,CT NG 15,0.0
2030,sc01,10-22 20:00:00+02:00,Solar 42,0.0
2030,sc01,10-22 20:00:00+02:00,Solar 07,0.0
2030,sc01,10-22 20:00:00+02:00,Solar 43,0.0
2030,sc01,10-22 20:00:00+02:00,Biomass 05,0.01665
2030,sc01,10-22 20:00:00+02:00,CT NG 29,0.021511799999999998
2030,sc01,10-22 20:00:00+02:00,Solar 71,0.0
2030,sc01,10-22 20:00:00+02:00,CT NG 53,0.0
2030,sc01,10-22 20:00:00+02:00,CT NG 20,0.0
2030,sc01,10-22 20:00:00+02:00,Biomass 14,0.03108
2030,sc01,10-22 20:00:00+02:00,Solar 26,0.0
2030,sc01,10-22 20:00:00+02:00,Hydro 29,40.88127780000001
2030,sc01,10-22 20:00:00+02:00,Hydro 31,0.006371399999999999
2030,sc01,10-22 20:00:00+02:00,Biomass 24,0.010360000000000001
2030,sc01,10-22 20:00:00+02:00,Biomass 54,0.09102
2030,sc01,10-22 20:00:00+02:00,Solar 36,0.0
2030,sc01,10-22 20:00:00+02:00,Wind 03,0.37257417473
2030,sc01,10-22 20:00:00+02:00,Biomass 40,0.02923
2030,sc01,10-22 20:00:00+02:00,Biomass 49,0.01073
2030,sc01,10-22 20:00:00+02:00,CC NG 16,33.7574865
2030,sc01,10-22 20:00:00+02:00,Biomass 48,0.08621
2030,sc01,10-22 20:00:00+02:00,Hydro 28,40.88127780000001
2030,sc01,10-22 20:00:00+02:00,Biomass 17,0.0
2030,sc01,10-22 20:00:00+02:00,CT NG 33,0.0466089
2030,sc01,10-22 20:00:00+02:00,Solar 45,0.0
2030,sc01,10-22 20:00:00+02:00,Hydro 24,0.0
2030,sc01,10-22 20:00:00+02:00,Wind 13,0.038536466144
2030,sc01,10-22 20:00:00+02:00,Biomass 07,0.074
2030,sc01,10-22 20:00:00+02:00,Biomass 34,0.05328
2030,sc01,10-22 20:00:00+02:00,Biomass 33,0.05328
2030,sc01,10-22 20:00:00+02:00,CT NG 01,0.0
2030,sc01,10-22 20:00:00+02:00,ICE NG 03,0.0
2030,sc01,10-22 20:00:00+02:00,Solar 55,0.0
2030,sc01,10-22 20:00:00+02:00,Solar 11,0.0
2030,sc01,10-22 20:00:00+02:00,CT NG 06,0.0
2030,sc01,10-22 20:00:00+02:00,CT NG 70,0.0
2030,sc01,10-22 20:00:00+02:00,Solar 23,0.0
2030,sc01,10-22 20:00:00+02:00,CT NG 67,0.0
2030,sc01,10-22 20:00:00+02:00,Solar 12,0.0
2030,sc01,10-22 20:00:00+02:00,CT Oil 01,0.0
2030,sc01,10-22 20:00:00+02:00,Hydro 26,0.6212115000000001
2030,sc01,10-22 20:00:00+02:00,CC NG 22,24.251006199999996
2030,sc01,10-22 20:00:00+02:00,CC NG 35,21.288504999999997
2030,sc01,10-22 20:00:00+02:00,Biomass 50,0.006659999999999999
2030,sc01,10-22 20:00:00+02:00,ICE NG 04,0.0
2030,sc01,10-22 20:00:00+02:00,CC NG 39,0.0
2030,sc01,10-22 20:00:00+02:00,Hydro 32,0.007645679999999999
2030,sc01,10-22 20:00:00+02:00,ICE NG 07,0.0
2030,sc01,10-22 20:00:00+02:00,Biomass 46,0.024050000000000002
2030,sc01,10-22 20:00:00+02:00,CC NG 38,3.5134978
2030,sc01,10-22 20:00:00+02:00,CC NG 12,0.0
2030,sc01,10-22 20:00:00+02:00,Solar 57,0.0
2030,sc01,10-22 20:00:00+02:00,CC NG 32,0.0
2030,sc01,10-22 20:00:00+02:00,CC NG 07,0.0
2030,sc01,10-22 20:00:00+02:00,Biomass 44,0.04477
2030,sc01,10-22 20:00:00+02:00,CT NG 40,0.1111443
2030,sc01,10-22 20:00:00+02:00,Solar 74,0.0
2030,sc01,10-22 20:00:00+02:00,Hydro 30,0.0
2030,sc01,10-22 20:00:00+02:00,CT NG 42,0.0
2030,sc01,10-22 20:00:00+02:00,Hydro 22,1.36677408
2030,sc01,10-22 20:00:00+02:00,Solar 17,0.0
2030,sc01,10-22 20:00:00+02:00,Solar 38,0.0
2030,sc01,10-22 20:00:00+02:00,CT NG 24,0.0
2030,sc01,10-22 20:00:00+02:00,CC NG 27,0.0
2030,sc01,10-22 20:00:00+02:00,Biomass 21,0.013319999999999999
2030,sc01,10-22 20:00:00+02:00,ICE NG 06,0.0
2030,sc01,10-22 20:00:00+02:00,Biomass 25,0.010360000000000001
2030,sc01,10-22 20:00:00+02:00,Solar 27,0.0
2030,sc01,10-22 20:00:00+02:00,CT NG 19,0.13982669999999997
2030,sc01,10-22 20:00:00+02:00,Biomass 42,0.04995
2030,sc01,10-22 20:00:00+02:00,Biomass 19,0.013319999999999999
2030,sc01,10-22 20:00:00+02:00,Biomass 06,0.01665
2030,sc01,10-22 20:00:00+02:00,CT NG 10,0.0
2030,sc01,10-22 20:00:00+02:00,CC NG 40,26.8736069
2030,sc01,10-22 20:00:00+02:00,CC NG 21,0.0
2030,sc01,10-22 20:00:00+02:00,Biomass 02,0.038110000000000005
2030,sc01,10-22 20:00:00+02:00,CT NG 46,0.0
2030,sc01,10-22 20:00:00+02:00,Hydro 34,1.7237389799999998
2030,sc01,10-22 20:00:00+02:00,Biomass 10,0.02849
2030,sc01,10-22 20:00:00+02:00,CT NG 17,0.0
2030,sc01,10-22 20:00:00+02:00,Biomass 62,0.06808
2030,sc01,10-22 20:00:00+02:00,Biomass 32,0.04514
2030,sc01,10-22 20:00:00+02:00,CC NG 19,5.00906
2030,sc01,10-22 20:00:00+02:00,CC NG 17,0.0
2030,sc01,10-22 20:00:00+02:00,ST NG 01,0.0
2030,sc01,10-22 20:00:00+02:00,Biomass 45,0.04477
2030,sc01,10-22 20:00:00+02:00,Biomass 28,0.06253
2030,sc01,10-22 20:00:00+02:00,CC NG 10,0.0
2030,sc01,10-22 20:00:00+02:00,Biomass 23,0.010360000000000001
2030,sc01,10-22 20:00:00+02:00,ST NG 06,0.0
2030,sc01,10-22 20:00:00+02:00,Wind 10,0.0
2030,sc01,10-22 20:00:00+02:00,CT NG 69,0.0
2030,sc01,10-22 20:00:00+02:00,CT NG 68,0.0
2030,sc01,10-22 22:00:00+02:00,CC NG 13,0.0
2030,sc01,10-22 22:00:00+02:00,CT NG 37,0.0
2030,sc01,10-22 22:00:00+02:00,ST Coal 01,0.0
2030,sc01,10-22 22:00:00+02:00,CT NG 09,0.0
2030,sc01,10-22 22:00:00+02:00,CT NG 47,0.0
2030,sc01,10-22 22:00:00+02:00,Solar 69,0.0
2030,sc01,10-22 22:00:00+02:00,Solar 34,0.0
2030,sc01,10-22 22:00:00+02:00,Solar 73,0.0
2030,sc01,10-22 22:00:00+02:00,Biomass 37,0.0395
2030,sc01,10-22 22:00:00+02:00,Hydro 20,1.0231590000000002
2030,sc01,10-22 22:00:00+02:00,Solar 01,0.0
2030,sc01,10-22 22:00:00+02:00,Solar 62,0.0
2030,sc01,10-22 22:00:00+02:00,Solar 02,0.0
2030,sc01,10-22 22:00:00+02:00,CT NG 26,0.0
2030,sc01,10-22 22:00:00+02:00,Biomass 20,0.018
2030,sc01,10-22 22:00:00+02:00,Wind 16,1.190354794
2030,sc01,10-22 22:00:00+02:00,CT NG 66,0.0
2030,sc01,10-22 22:00:00+02:00,Solar 39,0.0
2030,sc01,10-22 22:00:00+02:00,Biomass 41,0.0675
2030,sc01,10-22 22:00:00+02:00,Solar 72,0.0
2030,sc01,10-22 22:00:00+02:00,ST NG 03,0.0
2030,sc01,10-22 22:00:00+02:00,Hydro 21,1.0231590000000002
2030,sc01,10-22 22:00:00+02:00,CT NG 03,0.0
2030,sc01,10-22 22:00:00+02:00,CC NG 09,0.0
2030,sc01,10-22 22:00:00+02:00,CT Oil 02,0.0
2030,sc01,10-22 22:00:00+02:00,CT NG 39,0.0
2030,sc01,10-22 22:00:00+02:00,CC NG 08,0.0
2030,sc01,10-22 22:00:00+02:00,Biomass 43,0.14750000000000002
2030,sc01,10-22 22:00:00+02:00,CT NG 18,0.0
2030,sc01,10-22 22:00:00+02:00,ST NG 07,0.0
2030,sc01,10-22 22:00:00+02:00,Biomass 35,0.07200000000000001
2030,sc01,10-22 22:00:00+02:00,Solar 32,0.0
2030,sc01,10-22 22:00:00+02:00,Biomass 15,0.0
2030,sc01,10-22 22:00:00+02:00,CC NG 31,0.0
2030,sc01,10-22 22:00:00+02:00,Solar 16,0.0
2030,sc01,10-22 22:00:00+02:00,Solar 68,0.0
2030,sc01,10-22 22:00:00+02:00,CT NG 21,0.0
2030,sc01,10-22 22:00:00+02:00,Wind 11,0.0
2030,sc01,10-22 22:00:00+02:00,CC NG 37,30.7506
2030,sc01,10-22 22:00:00+02:00,CT NG 22,0.0
2030,sc01,10-22 22:00:00+02:00,Hydro 16,0.017447999999999998
2030,sc01,10-22 22:00:00+02:00,Biomass 59,0.20700000000000002
2030,sc01,10-22 22:00:00+02:00,CC NG 01,0.0
2030,sc01,10-22 22:00:00+02:00,Biomass 16,0.0
2030,sc01,10-22 22:00:00+02:00,Solar 03,0.0
2030,sc01,10-22 22:00:00+02:00,Solar 44,0.0
2030,sc01,10-22 22:00:00+02:00,CT NG 08,0.0
2030,sc01,10-22 22:00:00+02:00,Wind 05,0.0
2030,sc01,10-22 22:00:00+02:00,Biomass 26,0.08449999999999999
2030,sc01,10-22 22:00:00+02:00,Solar 37,0.0
2030,sc01,10-22 22:00:00+02:00,Biomass 11,0.019
2030,sc01,10-22 22:00:00+02:00,Solar 59,0.0
2030,sc01,10-22 22:00:00+02:00,CT NG 11,0.0
2030,sc01,10-22 22:00:00+02:00,Biomass 30,0.08449999999999999
2030,sc01,10-22 22:00:00+02:00,Hydro 23,36.760185
2030,sc01,10-22 22:00:00+02:00,CC NG 24,0.0
2030,sc01,10-22 22:00:00+02:00,Solar 65,0.0
2030,sc01,10-22 22:00:00+02:00,CC NG 18,26.20919178113142
2030,sc01,10-22 22:00:00+02:00,CT NG 16,0.0
2030,sc01,10-22 22:00:00+02:00,Solar 51,0.0
2030,sc01,10-22 22:00:00+02:00,Wind 06,0.0
2030,sc01,10-22 22:00:00+02:00,CC NG 26,0.0
2030,sc01,10-22 22:00:00+02:00,CC NG 23,0.0
2030,sc01,10-22 22:00:00+02:00,CT NG 43,0.0
2030,sc01,10-22 22:00:00+02:00,CC NG 11,0.0
2030,sc01,10-22 22:00:00+02:00,CT NG 02,0.0
2030,sc01,10-22 22:00:00+02:00,CT NG 50,0.0
2030,sc01,10-22 22:00:00+02:00,Hydro 27,0.8505900000000001
2030,sc01,10-22 22:00:00+02:00,CT NG 13,0.0
2030,sc01,10-22 22:00:00+02:00,CT NG 25,0.0
2030,sc01,10-22 22:00:00+02:00,CC NG 05,0.0
2030,sc01,10-22 22:00:00+02:00,Solar 04,0.0
2030,sc01,10-22 22:00:00+02:00,Solar 30,0.0
2030,sc01,10-22 22:00:00+02:00,Solar 29,0.0
2030,sc01,10-22 22:00:00+02:00,Solar 53,0.0
2030,sc01,10-22 22:00:00+02:00,Solar 21,0.0
2030,sc01,10-22 22:00:00+02:00,Biomass 58,0.10049999999999998
2030,sc01,10-22 22:00:00+02:00,CT NG 74,0.0
2030,sc01,10-22 22:00:00+02:00,Solar 61,0.0
2030,sc01,10-22 22:00:00+02:00,Wind 07,0.0
2030,sc01,10-22 22:00:00+02:00,Biomass 31,0.08449999999999999
2030,sc01,10-22 22:00:00+02:00,CT Oil 05,0.0
2030,sc01,10-22 22:00:00+02:00,Biomass 38,0.0395
2030,sc01,10-22 22:00:00+02:00,Solar 41,0.0
2030,sc01,10-22 22:00:00+02:00,Biomass 51,0.009
2030,sc01,10-22 22:00:00+02:00,Biomass 55,0.123
2030,sc01,10-22 22:00:00+02:00,Wind 15,2.3541122185
2030,sc01,10-22 22:00:00+02:00,Geo 01,0.8
2030,sc01,10-22 22:00:00+02:00,Biomass 60,0.135
2030,sc01,10-22 22:00:00+02:00,CT NG 38,0.0
2030,sc01,10-22 22:00:00+02:00,Solar 66,0.0
2030,sc01,10-22 22:00:00+02:00,Solar 49,0.0
2030,sc01,10-22 22:00:00+02:00,CT NG 51,0.0
2030,sc01,10-22 22:00:00+02:00,Biomass 18,0.0
2030,sc01,10-22 22:00:00+02:00,ICE NG 01,0.0
2030,sc01,10-22 22:00:00+02:00,Solar 15,0.0
2030,sc01,10-22 22:00:00+02:00,ICE NG 05,0.0
2030,sc01,10-22 22:00:00+02:00,CT Oil 04,0.0
2030,sc01,10-22 22:00:00+02:00,CC NG 20,0.0
2030,sc01,10-22 22:00:00+02:00,Solar 20,0.0
2030,sc01,10-22 22:00:00+02:00,Biomass 04,0.013000000000000001
2030,sc01,10-22 22:00:00+02:00,Wind 02,0.0
2030,sc01,10-22 22:00:00+02:00,Hydro 25,0.8505900000000001
2030,sc01,10-22 22:00:00+02:00,Solar 75,0.0
2030,sc01,10-22 22:00:00+02:00,Hydro 33,1.6266839999999998
2030,sc01,10-22 22:00:00+02:00,ST NG 05,3.0361
2030,sc01,10-22 22:00:00+02:00,CT NG 07,0.0
2030,sc01,10-22 22:00:00+02:00,Wind 01,0.0
2030,sc01,10-22 22:00:00+02:00,Solar 56,0.0
2030,sc01,10-22 22:00:00+02:00,Biomass 09,0.038500000000000006
2030,sc01,10-22 22:00:00+02:00,Biomass 53,0.123
2030,sc01,10-22 22:00:00+02:00,Wind 17,1.662936178
2030,sc01,10-22 22:00:00+02:00,ST NG 08,0.0
2030,sc01,10-22 22:00:00+02:00,Hydro 19,0.3223
2030,sc01,10-22 22:00:00+02:00,ST NG 02,0.0
2030,sc01,10-22 22:00:00+02:00,Biomass 01,0.051500000000000004
2030,sc01,10-22 22:00:00+02:00,Biomass 57,0.10049999999999998
2030,sc01,10-22 22:00:00+02:00,CT NG 49,0.0
2030,sc01,10-22 22:00:00+02:00,CT NG 31,0.0
2030,sc01,10-22 22:00:00+02:00,Solar 64,0.0
2030,sc01,10-22 22:00:00+02:00,CC NG 33,0.0
2030,sc01,10-22 22:00:00+02:00,Solar 46,0.0
2030,sc01,10-22 22:00:00+02:00,Biomass 12,0.019
2030,sc01,10-22 22:00:00+02:00,Wind 04,0.2821197756
2030,sc01,10-22 22:00:00+02:00,Solar 13,0.0
2030,sc01,10-22 22:00:00+02:00,CT NG 55,0.0
2030,sc01,10-22 22:00:00+02:00,Wind N03,63.95908375
2030,sc01,10-22 22:00:00+02:00,CT NG 28,0.0
2030,sc01,10-22 22:00:00+02:00,Wind 09,0.0
2030,sc01,10-22 22:00:00+02:00,Solar 60,0.0
2030,sc01,10-22 22:00:00+02:00,Solar 25,0.0
2030,sc01,10-22 22:00:00+02:00,CT NG 23,0.0
2030,sc01,10-22 22:00:00+02:00,ST Other 01,0.0
2030,sc01,10-22 22:00:00+02:00,Solar 70,0.0
2030,sc01,10-22 22:00:00+02:00,CC NG 34,19.555969760642505
2030,sc01,10-22 22:00:00+02:00,Solar 48,0.0
2030,sc01,10-22 22:00:00+02:00,Biomass 56,0.124
2030,sc01,10-22 22:00:00+02:00,CT NG 36,0.0
2030,sc01,10-22 22:00:00+02:00,Solar 47,0.0
2030,sc01,10-22 22:00:00+02:00,Hydro 17,0.0294435
2030,sc01,10-22 22:00:00+02:00,Solar 09,0.0
2030,sc01,10-22 22:00:00+02:00,Solar 08,0.0
2030,sc01,10-22 22:00:00+02:00,CT NG 45,0.0
2030,sc01,10-22 22:00:00+02:00,ST NG 04,3.0361
2030,sc01,10-22 22:00:00+02:00,Solar 40,0.0
2030,sc01,10-22 22:00:00+02:00,Biomass 47,0.1165
2030,sc01,10-22 22:00:00+02:00,Solar 50,0.0
2030,sc01,10-22 22:00:00+02:00,Solar 52,0.0
2030,sc01,10-22 22:00:00+02:00,Solar 63,0.0
2030,sc01,10-22 22:00:00+02:00,CC NG 06,0.0
2030,sc01,10-22 22:00:00+02:00,Biomass 39,0.0395
2030,sc01,10-22 22:00:00+02:00,Solar 67,0.0
2030,sc01,10-22 22:00:00+02:00,Solar 19,0.0
2030,sc01,10-22 22:00:00+02:00,Wind 12,0.212831314
2030,sc01,10-22 22:00:00+02:00,Solar 24,0.0
2030,sc01,10-22 22:00:00+02:00,ICE NG 02,0.0
2030,sc01,10-22 22:00:00+02:00,Solar 05,0.0
2030,sc01,10-22 22:00:00+02:00,CT NG 54,0.0
2030,sc01,10-22 22:00:00+02:00,Wind N01,2.0191688765
2030,sc01,10-22 22:00:00+02:00,CT NG 27,0.0
2030,sc01,10-22 22:00:00+02:00,CC NG 36,0.0
2030,sc01,10-22 22:00:00+02:00,Wind N02,1.182896308
2030,sc01,10-22 22:00:00+02:00,CT NG 52,0.0
2030,sc01,10-22 22:00:00+02:00,Solar 35,0.0
2030,sc01,10-22 22:00:00+02:00,CT NG 05,0.0
2030,sc01,10-22 22:00:00+02:00,Biomass 36,0.07200000000000001
2030,sc01,10-22 22:00:00+02:00,CT NG 34,0.0
2030,sc01,10-22 22:00:00+02:00,CT Oil 03,0.0
2030,sc01,10-22 22:00:00+02:00,Hydro 35,0.0
2030,sc01,10-22 22:00:00+02:00,Solar 14,0.0
2030,sc01,10-22 22:00:00+02:00,CT NG 75,0.0
2030,sc01,10-22 22:00:00+02:00,ST NG 09,0.0
2030,sc01,10-22 22:00:00+02:00,CT NG 56,0.0
2030,sc01,10-22 22:00:00+02:00,Biomass 22,0.018
2030,sc01,10-22 22:00:00+02:00,Solar 18,0.0
2030,sc01,10-22 22:00:00+02:00,Biomass 13,0.019
2030,sc01,10-22 22:00:00+02:00,CT NG 71,0.0
2030,sc01,10-22 22:00:00+02:00,Solar 58,0.0
2030,sc01,10-22 22:00:00+02:00,Solar 06,0.0
2030,sc01,10-22 22:00:00+02:00,Biomass 08,0.038500000000000006
2030,sc01,10-22 22:00:00+02:00,CT NG 72,0.0
2030,sc01,10-22 22:00:00+02:00,Hydro 18,0.1014165
2030,sc01,10-22 22:00:00+02:00,Solar 10,0.0
2030,sc01,10-22 22:00:00+02:00,CT NG 04,0.0
2030,sc01,10-22 22:00:00+02:00,ST Other 02,0.0
2030,sc01,10-22 22:00:00+02:00,CT NG 12,0.0
2030,sc01,10-22 22:00:00+02:00,CT NG 48,0.0
2030,sc01,10-22 22:00:00+02:00,ST NG 10,0.0
2030,sc01,10-22 22:00:00+02:00,Solar 22,0.0
2030,sc01,10-22 22:00:00+02:00,Solar 28,0.0
2030,sc01,10-22 22:00:00+02:00,CT NG 73,0.0
2030,sc01,10-22 22:00:00+02:00,Biomass 52,0.08750000000000001
2030,sc01,10-22 22:00:00+02:00,CT NG 30,0.0
2030,sc01,10-22 22:00:00+02:00,Solar 54,0.0
2030,sc01,10-22 22:00:00+02:00,Solar 31,0.0
2030,sc01,10-22 22:00:00+02:00,Biomass 03,0.013000000000000001
2030,sc01,10-22 22:00:00+02:00,CT NG 32,0.0
2030,sc01,10-22 22:00:00+02:00,Biomass 27,0.08449999999999999
2030,sc01,10-22 22:00:00+02:00,CC NG 14,0.0
2030,sc01,10-22 22:00:00+02:00,CC NG 03,0.0
2030,sc01,10-22 22:00:00+02:00,CC NG 29,0.0
2030,sc01,10-22 22:00:00+02:00,CC NG 28,0.0
2030,sc01,10-22 22:00:00+02:00,CC NG 25,0.0
2030,sc01,10-22 22:00:00+02:00,CT NG 44,0.0
2030,sc01,10-22 22:00:00+02:00,CT NG 14,0.0
2030,sc01,10-22 22:00:00+02:00,CC NG 15,0.0
2030,sc01,10-22 22:00:00+02:00,CC NG 04,0.0
2030,sc01,10-22 22:00:00+02:00,Biomass 29,0.08449999999999999
2030,sc01,10-22 22:00:00+02:00,Wind 14,0.1615357908
2030,sc01,10-22 22:00:00+02:00,Wind 08,0.0
2030,sc01,10-22 22:00:00+02:00,Biomass 61,0.017
2030,sc01,10-22 22:00:00+02:00,CT NG 35,0.0
2030,sc01,10-22 22:00:00+02:00,Solar 33,0.0
2030,sc01,10-22 22:00:00+02:00,CT NG 41,0.0
2030,sc01,10-22 22:00:00+02:00,CT NG 15,0.0
2030,sc01,10-22 22:00:00+02:00,Solar 42,0.0
2030,sc01,10-22 22:00:00+02:00,Solar 07,0.0
2030,sc01,10-22 22:00:00+02:00,Solar 43,0.0
2030,sc01,10-22 22:00:00+02:00,Biomass 05,0.022500000000000003
2030,sc01,10-22 22:00:00+02:00,CT NG 29,0.0
2030,sc01,10-22 22:00:00+02:00,Solar 71,0.0
2030,sc01,10-22 22:00:00+02:00,CT NG 53,0.0
2030,sc01,10-22 22:00:00+02:00,CT NG 20,0.0
2030,sc01,10-22 22:00:00+02:00,Biomass 14,0.042
2030,sc01,10-22 22:00:00+02:00,Solar 26,0.0
2030,sc01,10-22 22:00:00+02:00,Hydro 29,55.24497
2030,sc01,10-22 22:00:00+02:00,Hydro 31,0.008723999999999999
2030,sc01,10-22 22:00:00+02:00,Biomass 24,0.014000000000000002
2030,sc01,10-22 22:00:00+02:00,Biomass 54,0.123
2030,sc01,10-22 22:00:00+02:00,Solar 36,0.0
2030,sc01,10-22 22:00:00+02:00,Wind 03,0.4726877756
2030,sc01,10-22 22:00:00+02:00,Biomass 40,0.0395
2030,sc01,10-22 22:00:00+02:00,Biomass 49,0.0145
2030,sc01,10-22 22:00:00+02:00,CC NG 16,33.180481588913686
2030,sc01,10-22 22:00:00+02:00,Biomass 48,0.1165
2030,sc01,10-22 22:00:00+02:00,Hydro 28,55.24497
2030,sc01,10-22 22:00:00+02:00,Biomass 17,0.0
2030,sc01,10-22 22:00:00+02:00,CT NG 33,0.0
2030,sc01,10-22 22:00:00+02:00,Solar 45,0.0
2030,sc01,10-22 22:00:00+02:00,Hydro 24,36.760185
2030,sc01,10-22 22:00:00+02:00,Wind 13,0.031231105199999998
2030,sc01,10-22 22:00:00+02:00,Biomass 07,0.1
2030,sc01,10-22 22:00:00+02:00,Biomass 34,0.07200000000000001
2030,sc01,10-22 22:00:00+02:00,Biomass 33,0.07200000000000001
2030,sc01,10-22 22:00:00+02:00,CT NG 01,0.0
2030,sc01,10-22 22:00:00+02:00,ICE NG 03,0.0
2030,sc01,10-22 22:00:00+02:00,Solar 55,0.0
2030,sc01,10-22 22:00:00+02:00,Solar 11,0.0
2030,sc01,10-22 22:00:00+02:00,CT NG 06,0.0
2030,sc01,10-22 22:00:00+02:00,CT NG 70,0.0
2030,sc01,10-22 22:00:00+02:00,Solar 23,0.0
2030,sc01,10-22 22:00:00+02:00,CT NG 67,0.0
2030,sc01,10-22 22:00:00+02:00,Solar 12,0.0
2030,sc01,10-22 22:00:00+02:00,CT Oil 01,0.0
2030,sc01,10-22 22:00:00+02:00,Hydro 26,0.8505900000000001
2030,sc01,10-22 22:00:00+02:00,CC NG 22,32.771629999999995
2030,sc01,10-22 22:00:00+02:00,CC NG 35,0.0
2030,sc01,10-22 22:00:00+02:00,Biomass 50,0.009
2030,sc01,10-22 22:00:00+02:00,ICE NG 04,0.0
2030,sc01,10-22 22:00:00+02:00,CC NG 39,0.0
2030,sc01,10-22 22:00:00+02:00,Hydro 32,0.0104688
2030,sc01,10-22 22:00:00+02:00,ICE NG 07,0.0
2030,sc01,10-22 22:00:00+02:00,Biomass 46,0.0325
2030,sc01,10-22 22:00:00+02:00,CC NG 38,1.2383622010542668
2030,sc01,10-22 22:00:00+02:00,CC NG 12,0.0
2030,sc01,10-22 22:00:00+02:00,Solar 57,0.0
2030,sc01,10-22 22:00:00+02:00,CC NG 32,0.0
2030,sc01,10-22 22:00:00+02:00,CC NG 07,0.0
2030,sc01,10-22 22:00:00+02:00,Biomass 44,0.0605
2030,sc01,10-22 22:00:00+02:00,CT NG 40,0.0
2030,sc01,10-22 22:00:00+02:00,Solar 74,0.0
2030,sc01,10-22 22:00:00+02:00,Hydro 30,0.0
2030,sc01,10-22 22:00:00+02:00,CT NG 42,0.0
2030,sc01,10-22 22:00:00+02:00,Hydro 22,1.0231590000000002
2030,sc01,10-22 22:00:00+02:00,Solar 17,0.0
2030,sc01,10-22 22:00:00+02:00,Solar 38,0.0
2030,sc01,10-22 22:00:00+02:00,CT NG 24,0.0
2030,sc01,10-22 22:00:00+02:00,CC NG 27,0.0
2030,sc01,10-22 22:00:00+02:00,Biomass 21,0.018
2030,sc01,10-22 22:00:00+02:00,ICE NG 06,0.0
2030,sc01,10-22 22:00:00+02:00,Biomass 25,0.014000000000000002
2030,sc01,10-22 22:00:00+02:00,Solar 27,0.0
2030,sc01,10-22 22:00:00+02:00,CT NG 19,0.0
2030,sc01,10-22 22:00:00+02:00,Biomass 42,0.0675
2030,sc01,10-22 22:00:00+02:00,Biomass 19,0.018
2030,sc01,10-22 22:00:00+02:00,Biomass 06,0.022500000000000003
2030,sc01,10-22 22:00:00+02:00,CT NG 10,0.0
2030,sc01,10-22 22:00:00+02:00,CC NG 40,36.315684999999995
2030,sc01,10-22 22:00:00+02:00,CC NG 21,0.0
2030,sc01,10-22 22:00:00+02:00,Biomass 02,0.051500000000000004
2030,sc01,10-22 22:00:00+02:00,CT NG 46,0.0
2030,sc01,10-22 22:00:00+02:00,Hydro 34,1.6266839999999998
2030,sc01,10-22 22:00:00+02:00,Biomass 10,0.038500000000000006
2030,sc01,10-22 22:00:00+02:00,CT NG 17,0.0
2030,sc01,10-22 22:00:00+02:00,Biomass 62,0.092
2030,sc01,10-22 22:00:00+02:00,Biomass 32,0.061
2030,sc01,10-22 22:00:00+02:00,CC NG 19,6.769
2030,sc01,10-22 22:00:00+02:00,CC NG 17,0.0
2030,sc01,10-22 22:00:00+02:00,ST NG 01,0.0
2030,sc01,10-22 22:00:00+02:00,Biomass 45,0.0605
2030,sc01,10-22 22:00:00+02:00,Biomass 28,0.08449999999999999
2030,sc01,10-22 22:00:00+02:00,CC NG 10,0.0
2030,sc01,10-22 22:00:00+02:00,Biomass 23,0.014000000000000002
2030,sc01,10-22 22:00:00+02:00,ST NG 06,0.0
2030,sc01,10-22 22:00:00+02:00,Wind 10,0.0
2030,sc01,10-22 22:00:00+02:00,CT NG 69,0.0
2030,sc01,10-22 22:00:00+02:00,CT NG 68,0.0
2030,sc01,10-24 10:00:00+02:00,CC NG 13,0.0
2030,sc01,10-24 10:00:00+02:00,CT NG 37,0.0
2030,sc01,10-24 10:00:00+02:00,ST Coal 01,0.0
2030,sc01,10-24 10:00:00+02:00,CT NG 09,0.0
2030,sc01,10-24 10:00:00+02:00,CT NG 47,0.0
2030,sc01,10-24 10:00:00+02:00,Solar 69,0.0
2030,sc01,10-24 10:00:00+02:00,Solar 34,4.456448157260327
2030,sc01,10-24 10:00:00+02:00,Solar 73,0.0
2030,sc01,10-24 10:00:00+02:00,Biomass 37,0.0
2030,sc01,10-24 10:00:00+02:00,Hydro 20,0.0
2030,sc01,10-24 10:00:00+02:00,Solar 01,15.174772128
2030,sc01,10-24 10:00:00+02:00,Solar 62,0.0
2030,sc01,10-24 10:00:00+02:00,Solar 02,0.50318506112
2030,sc01,10-24 10:00:00+02:00,CT NG 26,0.0
2030,sc01,10-24 10:00:00+02:00,Biomass 20,0.011519999999999999
2030,sc01,10-24 10:00:00+02:00,Wind 16,11.445213072000001
2030,sc01,10-24 10:00:00+02:00,CT NG 66,0.0
2030,sc01,10-24 10:00:00+02:00,Solar 39,0.0
2030,sc01,10-24 10:00:00+02:00,Biomass 41,0.0
2030,sc01,10-24 10:00:00+02:00,Solar 72,0.0
2030,sc01,10-24 10:00:00+02:00,ST NG 03,0.0
2030,sc01,10-24 10:00:00+02:00,Hydro 21,0.0
2030,sc01,10-24 10:00:00+02:00,CT NG 03,0.0
2030,sc01,10-24 10:00:00+02:00,CC NG 09,0.0
2030,sc01,10-24 10:00:00+02:00,CT Oil 02,0.0
2030,sc01,10-24 10:00:00+02:00,CT NG 39,0.0
2030,sc01,10-24 10:00:00+02:00,CC NG 08,0.0
2030,sc01,10-24 10:00:00+02:00,Biomass 43,0.0
2030,sc01,10-24 10:00:00+02:00,CT NG 18,0.0
2030,sc01,10-24 10:00:00+02:00,ST NG 07,0.0
2030,sc01,10-24 10:00:00+02:00,Biomass 35,0.0
2030,sc01,10-24 10:00:00+02:00,Solar 32,0.0
2030,sc01,10-24 10:00:00+02:00,Biomass 15,0.0
2030,sc01,10-24 10:00:00+02:00,CC NG 31,0.0
2030,sc01,10-24 10:00:00+02:00,Solar 16,0.25736046592
2030,sc01,10-24 10:00:00+02:00,Solar 68,0.0
2030,sc01,10-24 10:00:00+02:00,CT NG 21,0.0
2030,sc01,10-24 10:00:00+02:00,Wind 11,0.17143044352
2030,sc01,10-24 10:00:00+02:00,CC NG 37,0.0
2030,sc01,10-24 10:00:00+02:00,CT NG 22,0.0
2030,sc01,10-24 10:00:00+02:00,Hydro 16,0.0087424
2030,sc01,10-24 10:00:00+02:00,Biomass 59,0.13248000000000001
2030,sc01,10-24 10:00:00+02:00,CC NG 01,0.0
2030,sc01,10-24 10:00:00+02:00,Biomass 16,0.0
2030,sc01,10-24 10:00:00+02:00,Solar 03,4.5565453472
2030,sc01,10-24 10:00:00+02:00,Solar 44,0.0
2030,sc01,10-24 10:00:00+02:00,CT NG 08,0.0
2030,sc01,10-24 10:00:00+02:00,Wind 05,0.0
2030,sc01,10-24 10:00:00+02:00,Biomass 26,0.054079999999999996
2030,sc01,10-24 10:00:00+02:00,Solar 37,0.0
2030,sc01,10-24 10:00:00+02:00,Biomass 11,0.01216
2030,sc01,10-24 10:00:00+02:00,Solar 59,0.0
2030,sc01,10-24 10:00:00+02:00,CT NG 11,0.0
2030,sc01,10-24 10:00:00+02:00,Biomass 30,0.054079999999999996
2030,sc01,10-24 10:00:00+02:00,Hydro 23,0.0
2030,sc01,10-24 10:00:00+02:00,CC NG 24,0.0
2030,sc01,10-24 10:00:00+02:00,Solar 65,11.4394050016
2030,sc01,10-24 10:00:00+02:00,CC NG 18,0.0
2030,sc01,10-24 10:00:00+02:00,CT NG 16,0.0
2030,sc01,10-24 10:00:00+02:00,Solar 51,0.0
2030,sc01,10-24 10:00:00+02:00,Wind 06,0.4136284864
2030,sc01,10-24 10:00:00+02:00,CC NG 26,0.0
2030,sc01,10-24 10:00:00+02:00,CC NG 23,0.0
2030,sc01,10-24 10:00:00+02:00,CT NG 43,0.0
2030,sc01,10-24 10:00:00+02:00,CC NG 11,0.0
2030,sc01,10-24 10:00:00+02:00,CT NG 02,0.0
2030,sc01,10-24 10:00:00+02:00,CT NG 50,0.0
2030,sc01,10-24 10:00:00+02:00,Hydro 27,0.0
2030,sc01,10-24 10:00:00+02:00,CT NG 13,0.6697728
2030,sc01,10-24 10:00:00+02:00,CT NG 25,0.0
2030,sc01,10-24 10:00:00+02:00,CC NG 05,0.0
2030,sc01,10-24 10:00:00+02:00,Solar 04,0.73551150304
2030,sc01,10-24 10:00:00+02:00,Solar 30,0.24817565440000003
2030,sc01,10-24 10:00:00+02:00,Solar 29,1.32864188352
2030,sc01,10-24 10:00:00+02:00,Solar 53,0.0
2030,sc01,10-24 10:00:00+02:00,Solar 21,2.79080977408
2030,sc01,10-24 10:00:00+02:00,Biomass 58,0.06431999999999999
2030,sc01,10-24 10:00:00+02:00,CT NG 74,0.0
2030,sc01,10-24 10:00:00+02:00,Solar 61,0.0
2030,sc01,10-24 10:00:00+02:00,Wind 07,0.23832769356800002
2030,sc01,10-24 10:00:00+02:00,Biomass 31,0.054079999999999996
2030,sc01,10-24 10:00:00+02:00,CT Oil 05,0.0
2030,sc01,10-24 10:00:00+02:00,Biomass 38,0.0
2030,sc01,10-24 10:00:00+02:00,Solar 41,0.0
2030,sc01,10-24 10:00:00+02:00,Biomass 51,0.0
2030,sc01,10-24 10:00:00+02:00,Biomass 55,0.07872
2030,sc01,10-24 10:00:00+02:00,Wind 15,0.0
2030,sc01,10-24 10:00:00+02:00,Geo 01,0.0
2030,sc01,10-24 10:00:00+02:00,Biomass 60,0.0864
2030,sc01,10-24 10:00:00+02:00,CT NG 38,0.0
2030,sc01,10-24 10:00:00+02:00,Solar 66,16.08087188758657
2030,sc01,10-24 10:00:00+02:00,Solar 49,0.0
2030,sc01,10-24 10:00:00+02:00,CT NG 51,0.0
2030,sc01,10-24 10:00:00+02:00,Biomass 18,0.0
2030,sc01,10-24 10:00:00+02:00,ICE NG 01,0.0
2030,sc01,10-24 10:00:00+02:00,Solar 15,1.5960388166400001
2030,sc01,10-24 10:00:00+02:00,ICE NG 05,0.0
2030,sc01,10-24 10:00:00+02:00,CT Oil 04,0.0
2030,sc01,10-24 10:00:00+02:00,CC NG 20,0.0
2030,sc01,10-24 10:00:00+02:00,Solar 20,1.6487230112
2030,sc01,10-24 10:00:00+02:00,Biomass 04,0.0
2030,sc01,10-24 10:00:00+02:00,Wind 02,0.195789850368
2030,sc01,10-24 10:00:00+02:00,Hydro 25,0.0
2030,sc01,10-24 10:00:00+02:00,Solar 75,6.4467998016
2030,sc01,10-24 10:00:00+02:00,Hydro 33,0.0
2030,sc01,10-24 10:00:00+02:00,ST NG 05,0.0
2030,sc01,10-24 10:00:00+02:00,CT NG 07,0.0
2030,sc01,10-24 10:00:00+02:00,Wind 01,0.234791872256
2030,sc01,10-24 10:00:00+02:00,Solar 56,0.0
2030,sc01,10-24 10:00:00+02:00,Biomass 09,0.024640000000000002
2030,sc01,10-24 10:00:00+02:00,Biomass 53,0.07872
2030,sc01,10-24 10:00:00+02:00,Wind 17,8.483804190383525
2030,sc01,10-24 10:00:00+02:00,ST NG 08,0.0
2030,sc01,10-24 10:00:00+02:00,Hydro 19,0.0
2030,sc01,10-24 10:00:00+02:00,ST NG 02,0.0
2030,sc01,10-24 10:00:00+02:00,Biomass 01,0.03296
2030,sc01,10-24 10:00:00+02:00,Biomass 57,0.06431999999999999
2030,sc01,10-24 10:00:00+02:00,CT NG 49,0.0
2030,sc01,10-24 10:00:00+02:00,CT NG 31,0.0
2030,sc01,10-24 10:00:00+02:00,Solar 64,5.376
2030,sc01,10-24 10:00:00+02:00,CC NG 33,0.0
2030,sc01,10-24 10:00:00+02:00,Solar 46,0.0
2030,sc01,10-24 10:00:00+02:00,Biomass 12,0.01216
2030,sc01,10-24 10:00:00+02:00,Wind 04,0.3921820912
2030,sc01,10-24 10:00:00+02:00,Solar 13,0.040066365696
2030,sc01,10-24 10:00:00+02:00,CT NG 55,0.0
2030,sc01,10-24 10:00:00+02:00,Wind N03,125.1092453886432
2030,sc01,10-24 10:00:00+02:00,CT NG 28,0.0
2030,sc01,10-24 10:00:00+02:00,Wind 09,0.029062701568
2030,sc01,10-24 10:00:00+02:00,Solar 60,0.0
2030,sc01,10-24 10:00:00+02:00,Solar 25,0.29381369088000003
2030,sc01,10-24 10:00:00+02:00,CT NG 23,0.0
2030,sc01,10-24 10:00:00+02:00,ST Other 01,0.0
2030,sc01,10-24 10:00:00+02:00,Solar 70,26.2186022144
2030,sc01,10-24 10:00:00+02:00,CC NG 34,0.0
2030,sc01,10-24 10:00:00+02:00,Solar 48,0.0
2030,sc01,10-24 10:00:00+02:00,Biomass 56,0.07936
2030,sc01,10-24 10:00:00+02:00,CT NG 36,0.0
2030,sc01,10-24 10:00:00+02:00,Solar 47,0.0
2030,sc01,10-24 10:00:00+02:00,Hydro 17,0.0
2030,sc01,10-24 10:00:00+02:00,Solar 09,0.0
2030,sc01,10-24 10:00:00+02:00,Solar 08,0.0
2030,sc01,10-24 10:00:00+02:00,CT NG 45,0.0
2030,sc01,10-24 10:00:00+02:00,ST NG 04,0.0
2030,sc01,10-24 10:00:00+02:00,Solar 40,0.0
2030,sc01,10-24 10:00:00+02:00,Biomass 47,0.0
2030,sc01,10-24 10:00:00+02:00,Solar 50,0.0
2030,sc01,10-24 10:00:00+02:00,Solar 52,0.0
2030,sc01,10-24 10:00:00+02:00,Solar 63,12.825307270400002
2030,sc01,10-24 10:00:00+02:00,CC NG 06,0.0
2030,sc01,10-24 10:00:00+02:00,Biomass 39,0.0
2030,sc01,10-24 10:00:00+02:00,Solar 67,8.549489747199999
2030,sc01,10-24 10:00:00+02:00,Solar 19,0.015153279488000002
2030,sc01,10-24 10:00:00+02:00,Wind 12,1.57687612864
2030,sc01,10-24 10:00:00+02:00,Solar 24,0.219141472
2030,sc01,10-24 10:00:00+02:00,ICE NG 02,0.0
2030,sc01,10-24 10:00:00+02:00,Solar 05,0.0
2030,sc01,10-24 10:00:00+02:00,CT NG 54,0.0
2030,sc01,10-24 10:00:00+02:00,Wind N01,14.960106860800002
2030,sc01,10-24 10:00:00+02:00,CT NG 27,0.0
2030,sc01,10-24 10:00:00+02:00,CC NG 36,0.0
2030,sc01,10-24 10:00:00+02:00,Wind N02,65.41488739551916
2030,sc01,10-24 10:00:00+02:00,CT NG 52,0.0
2030,sc01,10-24 10:00:00+02:00,Solar 35,0.0
2030,sc01,10-24 10:00:00+02:00,CT NG 05,0.0
2030,sc01,10-24 10:00:00+02:00,Biomass 36,0.0
2030,sc01,10-24 10:00:00+02:00,CT NG 34,0.0
2030,sc01,10-24 10:00:00+02:00,CT Oil 03,0.0
2030,sc01,10-24 10:00:00+02:00,Hydro 35,0.0
2030,sc01,10-24 10:00:00+02:00,Solar 14,1.77443577344
2030,sc01,10-24 10:00:00+02:00,CT NG 75,0.0
2030,sc01,10-24 10:00:00+02:00,ST NG 09,0.0
2030,sc01,10-24 10:00:00+02:00,CT NG 56,0.0
2030,sc01,10-24 10:00:00+02:00,Biomass 22,0.011519999999999999
2030,sc01,10-24 10:00:00+02:00,Solar 18,1.87160926816
2030,sc01,10-24 10:00:00+02:00,Biomass 13,0.01216
2030,sc01,10-24 10:00:00+02:00,CT NG 71,0.0
2030,sc01,10-24 10:00:00+02:00,Solar 58,0.0
2030,sc01,10-24 10:00:00+02:00,Solar 06,0.0
2030,sc01,10-24 10:00:00+02:00,Biomass 08,0.024640000000000002
2030,sc01,10-24 10:00:00+02:00,CT NG 72,0.0
2030,sc01,10-24 10:00:00+02:00,Hydro 18,0.0
2030,sc01,10-24 10:00:00+02:00,Solar 10,1.58811100992
2030,sc01,10-24 10:00:00+02:00,CT NG 04,0.0
2030,sc01,10-24 10:00:00+02:00,ST Other 02,0.0
2030,sc01,10-24 10:00:00+02:00,CT NG 12,0.0
2030,sc01,10-24 10:00:00+02:00,CT NG 48,0.0
2030,sc01,10-24 10:00:00+02:00,ST NG 10,0.0
2030,sc01,10-24 10:00:00+02:00,Solar 22,1.3819310524800001
2030,sc01,10-24 10:00:00+02:00,Solar 28,1.236667368
2030,sc01,10-24 10:00:00+02:00,CT NG 73,0.0
2030,sc01,10-24 10:00:00+02:00,Biomass 52,0.0
2030,sc01,10-24 10:00:00+02:00,CT NG 30,0.0
2030,sc01,10-24 10:00:00+02:00,Solar 54,0.0
2030,sc01,10-24 10:00:00+02:00,Solar 31,0.0
2030,sc01,10-24 10:00:00+02:00,Biomass 03,0.0
2030,sc01,10-24 10:00:00+02:00,CT NG 32,0.0
2030,sc01,10-24 10:00:00+02:00,Biomass 27,0.054079999999999996
2030,sc01,10-24 10:00:00+02:00,CC NG 14,0.0
2030,sc01,10-24 10:00:00+02:00,CC NG 03,0.0
2030,sc01,10-24 10:00:00+02:00,CC NG 29,0.0
2030,sc01,10-24 10:00:00+02:00,CC NG 28,0.0
2030,sc01,10-24 10:00:00+02:00,CC NG 25,0.0
2030,sc01,10-24 10:00:00+02:00,CT NG 44,0.0
2030,sc01,10-24 10:00:00+02:00,CT NG 14,0.0038124206073488764
2030,sc01,10-24 10:00:00+02:00,CC NG 15,0.0
2030,sc01,10-24 10:00:00+02:00,CC NG 04,0.0
2030,sc01,10-24 10:00:00+02:00,Biomass 29,0.054079999999999996
2030,sc01,10-24 10:00:00+02:00,Wind 14,0.0
2030,sc01,10-24 10:00:00+02:00,Wind 08,0.039385559551999995
2030,sc01,10-24 10:00:00+02:00,Biomass 61,0.0
2030,sc01,10-24 10:00:00+02:00,CT NG 35,0.0
2030,sc01,10-24 10:00:00+02:00,Solar 33,0.0
2030,sc01,10-24 10:00:00+02:00,CT NG 41,0.0
2030,sc01,10-24 10:00:00+02:00,CT NG 15,0.0
2030,sc01,10-24 10:00:00+02:00,Solar 42,0.0
2030,sc01,10-24 10:00:00+02:00,Solar 07,0.0
2030,sc01,10-24 10:00:00+02:00,Solar 43,0.0
2030,sc01,10-24 10:00:00+02:00,Biomass 05,0.014400000000000001
2030,sc01,10-24 10:00:00+02:00,CT NG 29,0.0
2030,sc01,10-24 10:00:00+02:00,Solar 71,0.0
2030,sc01,10-24 10:00:00+02:00,CT NG 53,0.0
2030,sc01,10-24 10:00:00+02:00,CT NG 20,0.0
2030,sc01,10-24 10:00:00+02:00,Biomass 14,0.02688
2030,sc01,10-24 10:00:00+02:00,Solar 26,0.272091992576
2030,sc01,10-24 10:00:00+02:00,Hydro 29,0.0
2030,sc01,10-24 10:00:00+02:00,Hydro 31,0.0043712
2030,sc01,10-24 10:00:00+02:00,Biomass 24,0.008960000000000001
2030,sc01,10-24 10:00:00+02:00,Biomass 54,0.07872
2030,sc01,10-24 10:00:00+02:00,Solar 36,0.0
2030,sc01,10-24 10:00:00+02:00,Wind 03,0.91546994784
2030,sc01,10-24 10:00:00+02:00,Biomass 40,0.0
2030,sc01,10-24 10:00:00+02:00,Biomass 49,0.0
2030,sc01,10-24 10:00:00+02:00,CC NG 16,0.0
2030,sc01,10-24 10:00:00+02:00,Biomass 48,0.0
2030,sc01,10-24 10:00:00+02:00,Hydro 28,0.0
2030,sc01,10-24 10:00:00+02:00,Biomass 17,0.0
2030,sc01,10-24 10:00:00+02:00,CT NG 33,0.0
2030,sc01,10-24 10:00:00+02:00,Solar 45,0.0
2030,sc01,10-24 10:00:00+02:00,Hydro 24,0.0
2030,sc01,10-24 10:00:00+02:00,Wind 13,0.8996431635200001
2030,sc01,10-24 10:00:00+02:00,Biomass 07,0.064
2030,sc01,10-24 10:00:00+02:00,Biomass 34,0.0
2030,sc01,10-24 10:00:00+02:00,Biomass 33,0.0
2030,sc01,10-24 10:00:00+02:00,CT NG 01,0.7876032000000001
2030,sc01,10-24 10:00:00+02:00,ICE NG 03,0.0
2030,sc01,10-24 10:00:00+02:00,Solar 55,0.0
2030,sc01,10-24 10:00:00+02:00,Solar 11,0.30056433254400006
2030,sc01,10-24 10:00:00+02:00,CT NG 06,0.0
2030,sc01,10-24 10:00:00+02:00,CT NG 70,0.0
2030,sc01,10-24 10:00:00+02:00,Solar 23,0.044504905984
2030,sc01,10-24 10:00:00+02:00,CT NG 67,0.0
2030,sc01,10-24 10:00:00+02:00,Solar 12,0.232668547072
2030,sc01,10-24 10:00:00+02:00,CT Oil 01,0.0
2030,sc01,10-24 10:00:00+02:00,Hydro 26,0.0
2030,sc01,10-24 10:00:00+02:00,CC NG 22,0.0
2030,sc01,10-24 10:00:00+02:00,CC NG 35,0.0
2030,sc01,10-24 10:00:00+02:00,Biomass 50,0.0
2030,sc01,10-24 10:00:00+02:00,ICE NG 04,0.0
2030,sc01,10-24 10:00:00+02:00,CC NG 39,0.0
2030,sc01,10-24 10:00:00+02:00,Hydro 32,0.0052454400000000005
2030,sc01,10-24 10:00:00+02:00,ICE NG 07,0.0
2030,sc01,10-24 10:00:00+02:00,Biomass 46,0.0
2030,sc01,10-24 10:00:00+02:00,CC NG 38,0.0
2030,sc01,10-24 10:00:00+02:00,CC NG 12,0.0
2030,sc01,10-24 10:00:00+02:00,Solar 57,0.0
2030,sc01,10-24 10:00:00+02:00,CC NG 32,0.0
2030,sc01,10-24 10:00:00+02:00,CC NG 07,0.0
2030,sc01,10-24 10:00:00+02:00,Biomass 44,0.0
2030,sc01,10-24 10:00:00+02:00,CT NG 40,0.0
2030,sc01,10-24 10:00:00+02:00,Solar 74,6.2051438144
2030,sc01,10-24 10:00:00+02:00,Hydro 30,0.0
2030,sc01,10-24 10:00:00+02:00,CT NG 42,0.0
2030,sc01,10-24 10:00:00+02:00,Hydro 22,0.0
2030,sc01,10-24 10:00:00+02:00,Solar 17,0.45635600576
2030,sc01,10-24 10:00:00+02:00,Solar 38,0.0
2030,sc01,10-24 10:00:00+02:00,CT NG 24,0.0
2030,sc01,10-24 10:00:00+02:00,CC NG 27,0.0
2030,sc01,10-24 10:00:00+02:00,Biomass 21,0.011519999999999999
2030,sc01,10-24 10:00:00+02:00,ICE NG 06,0.0
2030,sc01,10-24 10:00:00+02:00,Biomass 25,0.008960000000000001
2030,sc01,10-24 10:00:00+02:00,Solar 27,0.216607163904
2030,sc01,10-24 10:00:00+02:00,CT NG 19,0.0
2030,sc01,10-24 10:00:00+02:00,Biomass 42,0.0
2030,sc01,10-24 10:00:00+02:00,Biomass 19,0.011519999999999999
2030,sc01,10-24 10:00:00+02:00,Biomass 06,0.014400000000000001
2030,sc01,10-24 10:00:00+02:00,CT NG 10,0.0
2030,sc01,10-24 10:00:00+02:00,CC NG 40,0.0
2030,sc01,10-24 10:00:00+02:00,CC NG 21,0.0
2030,sc01,10-24 10:00:00+02:00,Biomass 02,0.03296
2030,sc01,10-24 10:00:00+02:00,CT NG 46,0.0
2030,sc01,10-24 10:00:00+02:00,Hydro 34,0.0
2030,sc01,10-24 10:00:00+02:00,Biomass 10,0.024640000000000002
2030,sc01,10-24 10:00:00+02:00,CT NG 17,0.0
2030,sc01,10-24 10:00:00+02:00,Biomass 62,0.05888
2030,sc01,10-24 10:00:00+02:00,Biomass 32,0.03904
2030,sc01,10-24 10:00:00+02:00,CC NG 19,0.0
2030,sc01,10-24 10:00:00+02:00,CC NG 17,0.0
2030,sc01,10-24 10:00:00+02:00,ST NG 01,0.0
2030,sc01,10-24 10:00:00+02:00,Biomass 45,0.0
2030,sc01,10-24 10:00:00+02:00,Biomass 28,0.054079999999999996
2030,sc01,10-24 10:00:00+02:00,CC NG 10,0.0
2030,sc01,10-24 10:00:00+02:00,Biomass 23,0.008960000000000001
2030,sc01,10-24 10:00:00+02:00,ST NG 06,0.0
2030,sc01,10-24 10:00:00+02:00,Wind 10,0.03578852736
2030,sc01,10-24 10:00:00+02:00,CT NG 69,0.0
2030,sc01,10-24 10:00:00+02:00,CT NG 68,0.0
2030,sc01,10-24 14:00:00+02:00,CC NG 13,0.0
2030,sc01,10-24 14:00:00+02:00,CT NG 37,0.0
2030,sc01,10-24 14:00:00+02:00,ST Coal 01,0.0
2030,sc01,10-24 14:00:00+02:00,CT NG 09,0.0
2030,sc01,10-24 14:00:00+02:00,CT NG 47,0.0
2030,sc01,10-24 14:00:00+02:00,Solar 69,0.0
2030,sc01,10-24 14:00:00+02:00,Solar 34,4.12625489564635
2030,sc01,10-24 14:00:00+02:00,Solar 73,0.0
2030,sc01,10-24 14:00:00+02:00,Biomass 37,0.0
2030,sc01,10-24 14:00:00+02:00,Hydro 20,0.0
2030,sc01,10-24 14:00:00+02:00,Solar 01,12.0678762889
2030,sc01,10-24 14:00:00+02:00,Solar 62,0.0
2030,sc01,10-24 14:00:00+02:00,Solar 02,0.0
2030,sc01,10-24 14:00:00+02:00,CT NG 26,0.0
2030,sc01,10-24 14:00:00+02:00,Biomass 20,0.01116
2030,sc01,10-24 14:00:00+02:00,Wind 16,15.167575061900001
2030,sc01,10-24 14:00:00+02:00,CT NG 66,0.0
2030,sc01,10-24 14:00:00+02:00,Solar 39,0.0
2030,sc01,10-24 14:00:00+02:00,Biomass 41,0.0
2030,sc01,10-24 14:00:00+02:00,Solar 72,0.0
2030,sc01,10-24 14:00:00+02:00,ST NG 03,0.0
2030,sc01,10-24 14:00:00+02:00,Hydro 21,0.0
2030,sc01,10-24 14:00:00+02:00,CT NG 03,0.0
2030,sc01,10-24 14:00:00+02:00,CC NG 09,0.0
2030,sc01,10-24 14:00:00+02:00,CT Oil 02,0.0
2030,sc01,10-24 14:00:00+02:00,CT NG 39,0.0
2030,sc01,10-24 14:00:00+02:00,CC NG 08,0.0
2030,sc01,10-24 14:00:00+02:00,Biomass 43,0.0
2030,sc01,10-24 14:00:00+02:00,CT NG 18,0.0
2030,sc01,10-24 14:00:00+02:00,ST NG 07,0.0
2030,sc01,10-24 14:00:00+02:00,Biomass 35,0.0
2030,sc01,10-24 14:00:00+02:00,Solar 32,0.0
2030,sc01,10-24 14:00:00+02:00,Biomass 15,0.0
2030,sc01,10-24 14:00:00+02:00,CC NG 31,0.0
2030,sc01,10-24 14:00:00+02:00,Solar 16,0.046317280296000005
2030,sc01,10-24 14:00:00+02:00,Solar 68,0.0
2030,sc01,10-24 14:00:00+02:00,CT NG 21,0.0
2030,sc01,10-24 14:00:00+02:00,Wind 11,0.5602866520700001
2030,sc01,10-24 14:00:00+02:00,CC NG 37,0.0
2030,sc01,10-24 14:00:00+02:00,CT NG 22,0.0
2030,sc01,10-24 14:00:00+02:00,Hydro 16,0.00868
2030,sc01,10-24 14:00:00+02:00,Biomass 59,0.12834
2030,sc01,10-24 14:00:00+02:00,CC NG 01,0.0
2030,sc01,10-24 14:00:00+02:00,Biomass 16,0.0
2030,sc01,10-24 14:00:00+02:00,Solar 03,2.88611268024
2030,sc01,10-24 14:00:00+02:00,Solar 44,0.0
2030,sc01,10-24 14:00:00+02:00,CT NG 08,0.0
2030,sc01,10-24 14:00:00+02:00,Wind 05,0.014854587688
2030,sc01,10-24 14:00:00+02:00,Biomass 26,0.05239
2030,sc01,10-24 14:00:00+02:00,Solar 37,0.0
2030,sc01,10-24 14:00:00+02:00,Biomass 11,0.01178
2030,sc01,10-24 14:00:00+02:00,Solar 59,0.0
2030,sc01,10-24 14:00:00+02:00,CT NG 11,0.0
2030,sc01,10-24 14:00:00+02:00,Biomass 30,0.05239
2030,sc01,10-24 14:00:00+02:00,Hydro 23,0.0
2030,sc01,10-24 14:00:00+02:00,CC NG 24,0.0
2030,sc01,10-24 14:00:00+02:00,Solar 65,9.286388606800001
2030,sc01,10-24 14:00:00+02:00,CC NG 18,0.0
2030,sc01,10-24 14:00:00+02:00,CT NG 16,0.0
2030,sc01,10-24 14:00:00+02:00,Solar 51,0.0
2030,sc01,10-24 14:00:00+02:00,Wind 06,1.0985360886200002
2030,sc01,10-24 14:00:00+02:00,CC NG 26,0.0
2030,sc01,10-24 14:00:00+02:00,CC NG 23,0.0
2030,sc01,10-24 14:00:00+02:00,CT NG 43,0.0
2030,sc01,10-24 14:00:00+02:00,CC NG 11,0.0
2030,sc01,10-24 14:00:00+02:00,CT NG 02,0.0
2030,sc01,10-24 14:00:00+02:00,CT NG 50,0.0
2030,sc01,10-24 14:00:00+02:00,Hydro 27,0.0
2030,sc01,10-24 14:00:00+02:00,CT NG 13,0.0
2030,sc01,10-24 14:00:00+02:00,CT NG 25,0.0
2030,sc01,10-24 14:00:00+02:00,CC NG 05,0.0
2030,sc01,10-24 14:00:00+02:00,Solar 04,0.49466400850000003
2030,sc01,10-24 14:00:00+02:00,Solar 30,0.044664285648
2030,sc01,10-24 14:00:00+02:00,Solar 29,0.92168780756
2030,sc01,10-24 14:00:00+02:00,Solar 53,0.0
2030,sc01,10-24 14:00:00+02:00,Solar 21,1.87694297622
2030,sc01,10-24 14:00:00+02:00,Biomass 58,0.06230999999999999
2030,sc01,10-24 14:00:00+02:00,CT NG 74,0.0
2030,sc01,10-24 14:00:00+02:00,Solar 61,0.0
2030,sc01,10-24 14:00:00+02:00,Wind 07,0.6792712271700001
2030,sc01,10-24 14:00:00+02:00,Biomass 31,0.05239
2030,sc01,10-24 14:00:00+02:00,CT Oil 05,0.0
2030,sc01,10-24 14:00:00+02:00,Biomass 38,0.0
2030,sc01,10-24 14:00:00+02:00,Solar 41,0.0
2030,sc01,10-24 14:00:00+02:00,Biomass 51,0.0
2030,sc01,10-24 14:00:00+02:00,Biomass 55,0.07626
2030,sc01,10-24 14:00:00+02:00,Wind 15,0.0
2030,sc01,10-24 14:00:00+02:00,Geo 01,0.0
2030,sc01,10-24 14:00:00+02:00,Biomass 60,0.08370000000000001
2030,sc01,10-24 14:00:00+02:00,CT NG 38,0.0
2030,sc01,10-24 14:00:00+02:00,Solar 66,17.234341159000003
2030,sc01,10-24 14:00:00+02:00,Solar 49,0.0
2030,sc01,10-24 14:00:00+02:00,CT NG 51,0.0
2030,sc01,10-24 14:00:00+02:00,Biomass 18,0.0
2030,sc01,10-24 14:00:00+02:00,ICE NG 01,0.0
2030,sc01,10-24 14:00:00+02:00,Solar 15,1.07340667766
2030,sc01,10-24 14:00:00+02:00,ICE NG 05,0.0
2030,sc01,10-24 14:00:00+02:00,CT Oil 04,0.0
2030,sc01,10-24 14:00:00+02:00,CC NG 20,0.0
2030,sc01,10-24 14:00:00+02:00,Solar 20,1.27781528924
2030,sc01,10-24 14:00:00+02:00,Biomass 04,0.0
2030,sc01,10-24 14:00:00+02:00,Wind 02,1.1580512061200001
2030,sc01,10-24 14:00:00+02:00,Hydro 25,0.0
2030,sc01,10-24 14:00:00+02:00,Solar 75,0.0
2030,sc01,10-24 14:00:00+02:00,Hydro 33,0.0
2030,sc01,10-24 14:00:00+02:00,ST NG 05,0.0
2030,sc01,10-24 14:00:00+02:00,CT NG 07,0.0
2030,sc01,10-24 14:00:00+02:00,Wind 01,0.53503086434
2030,sc01,10-24 14:00:00+02:00,Solar 56,0.0
2030,sc01,10-24 14:00:00+02:00,Biomass 09,0.023870000000000002
2030,sc01,10-24 14:00:00+02:00,Biomass 53,0.07626
2030,sc01,10-24 14:00:00+02:00,Wind 17,3.8937533471617987
2030,sc01,10-24 14:00:00+02:00,ST NG 08,0.0
2030,sc01,10-24 14:00:00+02:00,Hydro 19,0.0
2030,sc01,10-24 14:00:00+02:00,ST NG 02,0.0
2030,sc01,10-24 14:00:00+02:00,Biomass 01,0.03193
2030,sc01,10-24 14:00:00+02:00,Biomass 57,0.06230999999999999
2030,sc01,10-24 14:00:00+02:00,CT NG 49,0.0
2030,sc01,10-24 14:00:00+02:00,CT NG 31,0.0
2030,sc01,10-24 14:00:00+02:00,Solar 64,4.8753442049
2030,sc01,10-24 14:00:00+02:00,CC NG 33,0.0
2030,sc01,10-24 14:00:00+02:00,Solar 46,0.0
2030,sc01,10-24 14:00:00+02:00,Biomass 12,0.01178
2030,sc01,10-24 14:00:00+02:00,Wind 04,0.31111754442
2030,sc01,10-24 14:00:00+02:00,Solar 13,0.026946402552
2030,sc01,10-24 14:00:00+02:00,CT NG 55,0.0
2030,sc01,10-24 14:00:00+02:00,Wind N03,93.95751326500519
2030,sc01,10-24 14:00:00+02:00,CT NG 28,0.0
2030,sc01,10-24 14:00:00+02:00,Wind 09,0.176941271264
2030,sc01,10-24 14:00:00+02:00,Solar 60,0.0
2030,sc01,10-24 14:00:00+02:00,Solar 25,0.19760269884800002
2030,sc01,10-24 14:00:00+02:00,CT NG 23,0.0
2030,sc01,10-24 14:00:00+02:00,ST Other 01,0.0
2030,sc01,10-24 14:00:00+02:00,Solar 70,22.37744511805115
2030,sc01,10-24 14:00:00+02:00,CC NG 34,0.0
2030,sc01,10-24 14:00:00+02:00,Solar 48,0.0
2030,sc01,10-24 14:00:00+02:00,Biomass 56,0.07688
2030,sc01,10-24 14:00:00+02:00,CT NG 36,0.0
2030,sc01,10-24 14:00:00+02:00,Solar 47,0.0
2030,sc01,10-24 14:00:00+02:00,Hydro 17,0.0
2030,sc01,10-24 14:00:00+02:00,Solar 09,1.3096650218700001
2030,sc01,10-24 14:00:00+02:00,Solar 08,0.0
2030,sc01,10-24 14:00:00+02:00,CT NG 45,0.0
2030,sc01,10-24 14:00:00+02:00,ST NG 04,0.0
2030,sc01,10-24 14:00:00+02:00,Solar 40,0.0
2030,sc01,10-24 14:00:00+02:00,Biomass 47,0.0
2030,sc01,10-24 14:00:00+02:00,Solar 50,0.0
2030,sc01,10-24 14:00:00+02:00,Solar 52,0.0
2030,sc01,10-24 14:00:00+02:00,Solar 63,10.411449482100002
2030,sc01,10-24 14:00:00+02:00,CC NG 06,0.0
2030,sc01,10-24 14:00:00+02:00,Biomass 39,0.0
2030,sc01,10-24 14:00:00+02:00,Solar 67,6.02845609829728
2030,sc01,10-24 14:00:00+02:00,Solar 19,0.010191250496
2030,sc01,10-24 14:00:00+02:00,Wind 12,4.2923513539
2030,sc01,10-24 14:00:00+02:00,Solar 24,0.14738233007200002
2030,sc01,10-24 14:00:00+02:00,ICE NG 02,0.0
2030,sc01,10-24 14:00:00+02:00,Solar 05,0.0
2030,sc01,10-24 14:00:00+02:00,CT NG 54,0.0
2030,sc01,10-24 14:00:00+02:00,Wind N01,40.722307699
2030,sc01,10-24 14:00:00+02:00,CT NG 27,0.0
2030,sc01,10-24 14:00:00+02:00,CC NG 36,0.0
2030,sc01,10-24 14:00:00+02:00,Wind N02,73.19962852344894
2030,sc01,10-24 14:00:00+02:00,CT NG 52,0.0
2030,sc01,10-24 14:00:00+02:00,Solar 35,0.0
2030,sc01,10-24 14:00:00+02:00,CT NG 05,0.0
2030,sc01,10-24 14:00:00+02:00,Biomass 36,0.0
2030,sc01,10-24 14:00:00+02:00,CT NG 34,0.0
2030,sc01,10-24 14:00:00+02:00,CT Oil 03,0.0
2030,sc01,10-24 14:00:00+02:00,Hydro 35,0.0
2030,sc01,10-24 14:00:00+02:00,Solar 14,1.19338651954
2030,sc01,10-24 14:00:00+02:00,CT NG 75,0.0
2030,sc01,10-24 14:00:00+02:00,ST NG 09,0.0
2030,sc01,10-24 14:00:00+02:00,CT NG 56,0.0
2030,sc01,10-24 14:00:00+02:00,Biomass 22,0.01116
2030,sc01,10-24 14:00:00+02:00,Solar 18,1.2587399916600002
2030,sc01,10-24 14:00:00+02:00,Biomass 13,0.01178
2030,sc01,10-24 14:00:00+02:00,CT NG 71,0.0
2030,sc01,10-24 14:00:00+02:00,Solar 58,0.0
2030,sc01,10-24 14:00:00+02:00,Solar 06,0.0
2030,sc01,10-24 14:00:00+02:00,Biomass 08,0.023870000000000002
2030,sc01,10-24 14:00:00+02:00,CT NG 72,0.0
2030,sc01,10-24 14:00:00+02:00,Hydro 18,0.0
2030,sc01,10-24 14:00:00+02:00,Solar 10,1.2308389677300002
2030,sc01,10-24 14:00:00+02:00,CT NG 04,0.0
2030,sc01,10-24 14:00:00+02:00,ST Other 02,0.0
2030,sc01,10-24 14:00:00+02:00,CT NG 12,0.0
2030,sc01,10-24 14:00:00+02:00,CT NG 48,0.0
2030,sc01,10-24 14:00:00+02:00,ST NG 10,0.0
2030,sc01,10-24 14:00:00+02:00,Solar 22,0.9586548624000001
2030,sc01,10-24 14:00:00+02:00,Solar 28,0.8578844675000001
2030,sc01,10-24 14:00:00+02:00,CT NG 73,0.0
2030,sc01,10-24 14:00:00+02:00,Biomass 52,0.0
2030,sc01,10-24 14:00:00+02:00,CT NG 30,0.0
2030,sc01,10-24 14:00:00+02:00,Solar 54,0.0
2030,sc01,10-24 14:00:00+02:00,Solar 31,0.0
2030,sc01,10-24 14:00:00+02:00,Biomass 03,0.0
2030,sc01,10-24 14:00:00+02:00,CT NG 32,0.0
2030,sc01,10-24 14:00:00+02:00,Biomass 27,0.05239
2030,sc01,10-24 14:00:00+02:00,CC NG 14,0.0
2030,sc01,10-24 14:00:00+02:00,CC NG 03,0.0
2030,sc01,10-24 14:00:00+02:00,CC NG 29,0.0
2030,sc01,10-24 14:00:00+02:00,CC NG 28,0.0
2030,sc01,10-24 14:00:00+02:00,CC NG 25,0.0
2030,sc01,10-24 14:00:00+02:00,CT NG 44,0.0
2030,sc01,10-24 14:00:00+02:00,CT NG 14,0.0
2030,sc01,10-24 14:00:00+02:00,CC NG 15,0.0
2030,sc01,10-24 14:00:00+02:00,CC NG 04,0.0
2030,sc01,10-24 14:00:00+02:00,Biomass 29,0.05239
2030,sc01,10-24 14:00:00+02:00,Wind 14,0.0
2030,sc01,10-24 14:00:00+02:00,Wind 08,0.18045843628000002
2030,sc01,10-24 14:00:00+02:00,Biomass 61,0.0
2030,sc01,10-24 14:00:00+02:00,CT NG 35,0.0
2030,sc01,10-24 14:00:00+02:00,Solar 33,0.0
2030,sc01,10-24 14:00:00+02:00,CT NG 41,0.0
2030,sc01,10-24 14:00:00+02:00,CT NG 15,0.0
2030,sc01,10-24 14:00:00+02:00,Solar 42,0.0
2030,sc01,10-24 14:00:00+02:00,Solar 07,0.0
2030,sc01,10-24 14:00:00+02:00,Solar 43,0.0
2030,sc01,10-24 14:00:00+02:00,Biomass 05,0.01395
2030,sc01,10-24 14:00:00+02:00,CT NG 29,0.0
2030,sc01,10-24 14:00:00+02:00,Solar 71,0.0
2030,sc01,10-24 14:00:00+02:00,CT NG 53,0.0
2030,sc01,10-24 14:00:00+02:00,CT NG 20,0.0
2030,sc01,10-24 14:00:00+02:00,Biomass 14,0.02604
2030,sc01,10-24 14:00:00+02:00,Solar 26,0.18299389652
2030,sc01,10-24 14:00:00+02:00,Hydro 29,0.0
2030,sc01,10-24 14:00:00+02:00,Hydro 31,0.00434
2030,sc01,10-24 14:00:00+02:00,Biomass 24,0.00868
2030,sc01,10-24 14:00:00+02:00,Biomass 54,0.07626
2030,sc01,10-24 14:00:00+02:00,Solar 36,5.4007145659
2030,sc01,10-24 14:00:00+02:00,Wind 03,0.7179503459800001
2030,sc01,10-24 14:00:00+02:00,Biomass 40,0.0
2030,sc01,10-24 14:00:00+02:00,Biomass 49,0.0
2030,sc01,10-24 14:00:00+02:00,CC NG 16,0.0
2030,sc01,10-24 14:00:00+02:00,Biomass 48,0.0
2030,sc01,10-24 14:00:00+02:00,Hydro 28,0.0
2030,sc01,10-24 14:00:00+02:00,Biomass 17,0.0
2030,sc01,10-24 14:00:00+02:00,CT NG 33,0.0
2030,sc01,10-24 14:00:00+02:00,Solar 45,0.0
2030,sc01,10-24 14:00:00+02:00,Hydro 24,0.0
2030,sc01,10-24 14:00:00+02:00,Wind 13,2.93743906528
2030,sc01,10-24 14:00:00+02:00,Biomass 07,0.062
2030,sc01,10-24 14:00:00+02:00,Biomass 34,0.0
2030,sc01,10-24 14:00:00+02:00,Biomass 33,0.0
2030,sc01,10-24 14:00:00+02:00,CT NG 01,0.6027148504670603
2030,sc01,10-24 14:00:00+02:00,ICE NG 03,0.0
2030,sc01,10-24 14:00:00+02:00,Solar 55,0.0
2030,sc01,10-24 14:00:00+02:00,Solar 11,0.202142804096
2030,sc01,10-24 14:00:00+02:00,CT NG 06,0.0
2030,sc01,10-24 14:00:00+02:00,CT NG 70,0.0
2030,sc01,10-24 14:00:00+02:00,Solar 23,0.029931517296
2030,sc01,10-24 14:00:00+02:00,CT NG 67,0.0
2030,sc01,10-24 14:00:00+02:00,Solar 12,0.156479886184
2030,sc01,10-24 14:00:00+02:00,CT Oil 01,0.0
2030,sc01,10-24 14:00:00+02:00,Hydro 26,0.0
2030,sc01,10-24 14:00:00+02:00,CC NG 22,0.0
2030,sc01,10-24 14:00:00+02:00,CC NG 35,0.0
2030,sc01,10-24 14:00:00+02:00,Biomass 50,0.0
2030,sc01,10-24 14:00:00+02:00,ICE NG 04,0.0
2030,sc01,10-24 14:00:00+02:00,CC NG 39,0.0
2030,sc01,10-24 14:00:00+02:00,Hydro 32,0.005208000000000001
2030,sc01,10-24 14:00:00+02:00,ICE NG 07,0.0
2030,sc01,10-24 14:00:00+02:00,Biomass 46,0.0
2030,sc01,10-24 14:00:00+02:00,CC NG 38,0.0
2030,sc01,10-24 14:00:00+02:00,CC NG 12,0.0
2030,sc01,10-24 14:00:00+02:00,Solar 57,0.0
2030,sc01,10-24 14:00:00+02:00,CC NG 32,0.0
2030,sc01,10-24 14:00:00+02:00,CC NG 07,0.0
2030,sc01,10-24 14:00:00+02:00,Biomass 44,0.0
2030,sc01,10-24 14:00:00+02:00,CT NG 40,0.0
2030,sc01,10-24 14:00:00+02:00,Solar 74,4.9628381057999995
2030,sc01,10-24 14:00:00+02:00,Hydro 30,0.0
2030,sc01,10-24 14:00:00+02:00,CT NG 42,0.0
2030,sc01,10-24 14:00:00+02:00,Hydro 22,0.0
2030,sc01,10-24 14:00:00+02:00,Solar 17,0.30691959323999995
2030,sc01,10-24 14:00:00+02:00,Solar 38,0.0
2030,sc01,10-24 14:00:00+02:00,CT NG 24,0.0
2030,sc01,10-24 14:00:00+02:00,CC NG 27,0.0
2030,sc01,10-24 14:00:00+02:00,Biomass 21,0.01116
2030,sc01,10-24 14:00:00+02:00,ICE NG 06,0.0
2030,sc01,10-24 14:00:00+02:00,Biomass 25,0.00868
2030,sc01,10-24 14:00:00+02:00,Solar 27,0.16434588272800002
2030,sc01,10-24 14:00:00+02:00,CT NG 19,0.0
2030,sc01,10-24 14:00:00+02:00,Biomass 42,0.0
2030,sc01,10-24 14:00:00+02:00,Biomass 19,0.01116
2030,sc01,10-24 14:00:00+02:00,Biomass 06,0.01395
2030,sc01,10-24 14:00:00+02:00,CT NG 10,0.0
2030,sc01,10-24 14:00:00+02:00,CC NG 40,0.0
2030,sc01,10-24 14:00:00+02:00,CC NG 21,0.0
2030,sc01,10-24 14:00:00+02:00,Biomass 02,0.03193
2030,sc01,10-24 14:00:00+02:00,CT NG 46,0.0
2030,sc01,10-24 14:00:00+02:00,Hydro 34,0.0
2030,sc01,10-24 14:00:00+02:00,Biomass 10,0.023870000000000002
2030,sc01,10-24 14:00:00+02:00,CT NG 17,0.0
2030,sc01,10-24 14:00:00+02:00,Biomass 62,0.05704
2030,sc01,10-24 14:00:00+02:00,Biomass 32,0.03782
2030,sc01,10-24 14:00:00+02:00,CC NG 19,0.0
2030,sc01,10-24 14:00:00+02:00,CC NG 17,0.0
2030,sc01,10-24 14:00:00+02:00,ST NG 01,0.0
2030,sc01,10-24 14:00:00+02:00,Biomass 45,0.0
2030,sc01,10-24 14:00:00+02:00,Biomass 28,0.05239
2030,sc01,10-24 14:00:00+02:00,CC NG 10,0.0
2030,sc01,10-24 14:00:00+02:00,Biomass 23,0.00868
2030,sc01,10-24 14:00:00+02:00,ST NG 06,0.0
2030,sc01,10-24 14:00:00+02:00,Wind 10,0.20799365804
2030,sc01,10-24 14:00:00+02:00,CT NG 69,0.0
2030,sc01,10-24 14:00:00+02:00,CT NG 68,0.0
2030,sc01,10-25 12:00:00+02:00,CC NG 13,0.0
2030,sc01,10-25 12:00:00+02:00,CT NG 37,0.0
2030,sc01,10-25 12:00:00+02:00,ST Coal 01,0.0
2030,sc01,10-25 12:00:00+02:00,CT NG 09,0.0
2030,sc01,10-25 12:00:00+02:00,CT NG 47,0.0
2030,sc01,10-25 12:00:00+02:00,Solar 69,0.0
2030,sc01,10-25 12:00:00+02:00,Solar 34,0.0
2030,sc01,10-25 12:00:00+02:00,Solar 73,0.0
2030,sc01,10-25 12:00:00+02:00,Biomass 37,0.0
2030,sc01,10-25 12:00:00+02:00,Hydro 20,0.0
2030,sc01,10-25 12:00:00+02:00,Solar 01,9.3770290036
2030,sc01,10-25 12:00:00+02:00,Solar 62,0.0
2030,sc01,10-25 12:00:00+02:00,Solar 02,5.4576742826
2030,sc01,10-25 12:00:00+02:00,CT NG 26,0.0
2030,sc01,10-25 12:00:00+02:00,Biomass 20,0.00828
2030,sc01,10-25 12:00:00+02:00,Wind 16,14.219759827926099
2030,sc01,10-25 12:00:00+02:00,CT NG 66,0.0
2030,sc01,10-25 12:00:00+02:00,Solar 39,0.0
2030,sc01,10-25 12:00:00+02:00,Biomass 41,0.0
2030,sc01,10-25 12:00:00+02:00,Solar 72,0.0
2030,sc01,10-25 12:00:00+02:00,ST NG 03,0.0
2030,sc01,10-25 12:00:00+02:00,Hydro 21,0.0
2030,sc01,10-25 12:00:00+02:00,CT NG 03,0.0
2030,sc01,10-25 12:00:00+02:00,CC NG 09,0.0
2030,sc01,10-25 12:00:00+02:00,CT Oil 02,0.0
2030,sc01,10-25 12:00:00+02:00,CT NG 39,0.0
2030,sc01,10-25 12:00:00+02:00,CC NG 08,0.0
2030,sc01,10-25 12:00:00+02:00,Biomass 43,0.0
2030,sc01,10-25 12:00:00+02:00,CT NG 18,0.0
2030,sc01,10-25 12:00:00+02:00,ST NG 07,0.0
2030,sc01,10-25 12:00:00+02:00,Biomass 35,0.0
2030,sc01,10-25 12:00:00+02:00,Solar 32,0.0
2030,sc01,10-25 12:00:00+02:00,Biomass 15,0.0
2030,sc01,10-25 12:00:00+02:00,CC NG 31,0.0
2030,sc01,10-25 12:00:00+02:00,Solar 16,0.9677257033400002
2030,sc01,10-25 12:00:00+02:00,Solar 68,0.0
2030,sc01,10-25 12:00:00+02:00,CT NG 21,0.0
2030,sc01,10-25 12:00:00+02:00,Wind 11,0.46878499881
2030,sc01,10-25 12:00:00+02:00,CC NG 37,0.0
2030,sc01,10-25 12:00:00+02:00,CT NG 22,0.0
2030,sc01,10-25 12:00:00+02:00,Hydro 16,0.006813520000000001
2030,sc01,10-25 12:00:00+02:00,Biomass 59,0.09522000000000001
2030,sc01,10-25 12:00:00+02:00,CC NG 01,0.0
2030,sc01,10-25 12:00:00+02:00,Biomass 16,0.0
2030,sc01,10-25 12:00:00+02:00,Solar 03,0.0
2030,sc01,10-25 12:00:00+02:00,Solar 44,0.0
2030,sc01,10-25 12:00:00+02:00,CT NG 08,0.0
2030,sc01,10-25 12:00:00+02:00,Wind 05,0.027694928544
2030,sc01,10-25 12:00:00+02:00,Biomass 26,0.038869999999999995
2030,sc01,10-25 12:00:00+02:00,Solar 37,0.0
2030,sc01,10-25 12:00:00+02:00,Biomass 11,0.008740000000000001
2030,sc01,10-25 12:00:00+02:00,Solar 59,0.0
2030,sc01,10-25 12:00:00+02:00,CT NG 11,0.0
2030,sc01,10-25 12:00:00+02:00,Biomass 30,0.038869999999999995
2030,sc01,10-25 12:00:00+02:00,Hydro 23,0.0
2030,sc01,10-25 12:00:00+02:00,CC NG 24,0.0
2030,sc01,10-25 12:00:00+02:00,Solar 65,0.037281928568
2030,sc01,10-25 12:00:00+02:00,CC NG 18,0.0
2030,sc01,10-25 12:00:00+02:00,CT NG 16,0.0
2030,sc01,10-25 12:00:00+02:00,Solar 51,0.0
2030,sc01,10-25 12:00:00+02:00,Wind 06,0.58402712809
2030,sc01,10-25 12:00:00+02:00,CC NG 26,0.0
2030,sc01,10-25 12:00:00+02:00,CC NG 23,0.0
2030,sc01,10-25 12:00:00+02:00,CT NG 43,0.0
2030,sc01,10-25 12:00:00+02:00,CC NG 11,0.0
2030,sc01,10-25 12:00:00+02:00,CT NG 02,0.0
2030,sc01,10-25 12:00:00+02:00,CT NG 50,0.0
2030,sc01,10-25 12:00:00+02:00,Hydro 27,0.0
2030,sc01,10-25 12:00:00+02:00,CT NG 13,0.0
2030,sc01,10-25 12:00:00+02:00,CT NG 25,0.0
2030,sc01,10-25 12:00:00+02:00,CC NG 05,0.0
2030,sc01,10-25 12:00:00+02:00,Solar 04,0.6439175141800001
2030,sc01,10-25 12:00:00+02:00,Solar 30,0.8280000000000001
2030,sc01,10-25 12:00:00+02:00,Solar 29,1.0699494453
2030,sc01,10-25 12:00:00+02:00,Solar 53,0.0
2030,sc01,10-25 12:00:00+02:00,Solar 21,2.4432674186
2030,sc01,10-25 12:00:00+02:00,Biomass 58,0.04622999999999999
2030,sc01,10-25 12:00:00+02:00,CT NG 74,0.0
2030,sc01,10-25 12:00:00+02:00,Solar 61,0.0
2030,sc01,10-25 12:00:00+02:00,Wind 07,0.4395054622200001
2030,sc01,10-25 12:00:00+02:00,Biomass 31,0.038869999999999995
2030,sc01,10-25 12:00:00+02:00,CT Oil 05,0.0
2030,sc01,10-25 12:00:00+02:00,Biomass 38,0.0
2030,sc01,10-25 12:00:00+02:00,Solar 41,0.0
2030,sc01,10-25 12:00:00+02:00,Biomass 51,0.0
2030,sc01,10-25 12:00:00+02:00,Biomass 55,0.05658
2030,sc01,10-25 12:00:00+02:00,Wind 15,0.0
2030,sc01,10-25 12:00:00+02:00,Geo 01,0.0
2030,sc01,10-25 12:00:00+02:00,Biomass 60,0.0621
2030,sc01,10-25 12:00:00+02:00,CT NG 38,0.0
2030,sc01,10-25 12:00:00+02:00,Solar 66,10.4320601981
2030,sc01,10-25 12:00:00+02:00,Solar 49,0.0
2030,sc01,10-25 12:00:00+02:00,CT NG 51,0.0
2030,sc01,10-25 12:00:00+02:00,Biomass 18,0.0
2030,sc01,10-25 12:00:00+02:00,ICE NG 01,0.0
2030,sc01,10-25 12:00:00+02:00,Solar 15,1.3972824939400001
2030,sc01,10-25 12:00:00+02:00,ICE NG 05,0.0
2030,sc01,10-25 12:00:00+02:00,CT Oil 04,0.0
2030,sc01,10-25 12:00:00+02:00,CC NG 20,0.0
2030,sc01,10-25 12:00:00+02:00,Solar 20,1.38714457717
2030,sc01,10-25 12:00:00+02:00,Biomass 04,0.0
2030,sc01,10-25 12:00:00+02:00,Wind 02,1.31600105974
2030,sc01,10-25 12:00:00+02:00,Hydro 25,0.0
2030,sc01,10-25 12:00:00+02:00,Solar 75,0.0
2030,sc01,10-25 12:00:00+02:00,Hydro 33,0.0
2030,sc01,10-25 12:00:00+02:00,ST NG 05,0.0
2030,sc01,10-25 12:00:00+02:00,CT NG 07,0.0
2030,sc01,10-25 12:00:00+02:00,Wind 01,0.26886973711
2030,sc01,10-25 12:00:00+02:00,Solar 56,0.0
2030,sc01,10-25 12:00:00+02:00,Biomass 09,0.01771
2030,sc01,10-25 12:00:00+02:00,Biomass 53,0.05658
2030,sc01,10-25 12:00:00+02:00,Wind 17,0.0
2030,sc01,10-25 12:00:00+02:00,ST NG 08,0.0
2030,sc01,10-25 12:00:00+02:00,Hydro 19,0.0
2030,sc01,10-25 12:00:00+02:00,ST NG 02,0.0
2030,sc01,10-25 12:00:00+02:00,Biomass 01,0.023690000000000003
2030,sc01,10-25 12:00:00+02:00,Biomass 57,0.04622999999999999
2030,sc01,10-25 12:00:00+02:00,CT NG 49,0.0
2030,sc01,10-25 12:00:00+02:00,CT NG 31,0.0
2030,sc01,10-25 12:00:00+02:00,Solar 64,0.019572973136000003
2030,sc01,10-25 12:00:00+02:00,CC NG 33,0.0
2030,sc01,10-25 12:00:00+02:00,Solar 46,0.0
2030,sc01,10-25 12:00:00+02:00,Biomass 12,0.008740000000000001
2030,sc01,10-25 12:00:00+02:00,Wind 04,0.0906847036
2030,sc01,10-25 12:00:00+02:00,Solar 13,0.035076860791999995
2030,sc01,10-25 12:00:00+02:00,CT NG 55,0.0
2030,sc01,10-25 12:00:00+02:00,Wind N03,106.3921617656072
2030,sc01,10-25 12:00:00+02:00,CT NG 28,0.0
2030,sc01,10-25 12:00:00+02:00,Wind 09,0.33804029269
2030,sc01,10-25 12:00:00+02:00,Solar 60,0.0
2030,sc01,10-25 12:00:00+02:00,Solar 25,0.2572247757
2030,sc01,10-25 12:00:00+02:00,CT NG 23,0.0
2030,sc01,10-25 12:00:00+02:00,ST Other 01,0.0
2030,sc01,10-25 12:00:00+02:00,Solar 70,18.667891213397038
2030,sc01,10-25 12:00:00+02:00,CC NG 34,0.0
2030,sc01,10-25 12:00:00+02:00,Solar 48,0.0
2030,sc01,10-25 12:00:00+02:00,Biomass 56,0.05704
2030,sc01,10-25 12:00:00+02:00,CT NG 36,0.0
2030,sc01,10-25 12:00:00+02:00,Solar 47,0.0
2030,sc01,10-25 12:00:00+02:00,Hydro 17,0.0
2030,sc01,10-25 12:00:00+02:00,Solar 09,1.7048263678800002
2030,sc01,10-25 12:00:00+02:00,Solar 08,0.33303488641
2030,sc01,10-25 12:00:00+02:00,CT NG 45,0.0
2030,sc01,10-25 12:00:00+02:00,ST NG 04,0.0
2030,sc01,10-25 12:00:00+02:00,Solar 40,0.0
2030,sc01,10-25 12:00:00+02:00,Biomass 47,0.0
2030,sc01,10-25 12:00:00+02:00,Solar 50,0.0
2030,sc01,10-25 12:00:00+02:00,Solar 52,0.0
2030,sc01,10-25 12:00:00+02:00,Solar 63,0.041798694144
2030,sc01,10-25 12:00:00+02:00,CC NG 06,0.0
2030,sc01,10-25 12:00:00+02:00,Biomass 39,0.0
2030,sc01,10-25 12:00:00+02:00,Solar 67,0.027863465551999998
2030,sc01,10-25 12:00:00+02:00,Solar 19,0.013266226487999999
2030,sc01,10-25 12:00:00+02:00,Wind 12,3.3143343666
2030,sc01,10-25 12:00:00+02:00,Solar 24,0.191851563728
2030,sc01,10-25 12:00:00+02:00,ICE NG 02,0.0
2030,sc01,10-25 12:00:00+02:00,Solar 05,0.015599667752
2030,sc01,10-25 12:00:00+02:00,CT NG 54,0.0
2030,sc01,10-25 12:00:00+02:00,Wind N01,31.44368502
2030,sc01,10-25 12:00:00+02:00,CT NG 27,0.0
2030,sc01,10-25 12:00:00+02:00,CC NG 36,0.0
2030,sc01,10-25 12:00:00+02:00,Wind N02,44.29009959392026
2030,sc01,10-25 12:00:00+02:00,CT NG 52,0.0
2030,sc01,10-25 12:00:00+02:00,Solar 35,0.0
2030,sc01,10-25 12:00:00+02:00,CT NG 05,0.0
2030,sc01,10-25 12:00:00+02:00,Biomass 36,0.0
2030,sc01,10-25 12:00:00+02:00,CT NG 34,0.0
2030,sc01,10-25 12:00:00+02:00,CT Oil 03,0.0
2030,sc01,10-25 12:00:00+02:00,Hydro 35,0.0
2030,sc01,10-25 12:00:00+02:00,Solar 14,1.55346349806
2030,sc01,10-25 12:00:00+02:00,CT NG 75,0.0
2030,sc01,10-25 12:00:00+02:00,ST NG 09,0.0
2030,sc01,10-25 12:00:00+02:00,CT NG 56,0.0
2030,sc01,10-25 12:00:00+02:00,Biomass 22,0.00828
2030,sc01,10-25 12:00:00+02:00,Solar 18,1.63853587966
2030,sc01,10-25 12:00:00+02:00,Biomass 13,0.008740000000000001
2030,sc01,10-25 12:00:00+02:00,CT NG 71,0.0
2030,sc01,10-25 12:00:00+02:00,Solar 58,0.0
2030,sc01,10-25 12:00:00+02:00,Solar 06,0.9283519941399999
2030,sc01,10-25 12:00:00+02:00,Biomass 08,0.01771
2030,sc01,10-25 12:00:00+02:00,CT NG 72,0.0
2030,sc01,10-25 12:00:00+02:00,Hydro 18,0.0
2030,sc01,10-25 12:00:00+02:00,Solar 10,1.3361489833800002
2030,sc01,10-25 12:00:00+02:00,CT NG 04,0.0
2030,sc01,10-25 12:00:00+02:00,ST Other 02,0.0
2030,sc01,10-25 12:00:00+02:00,CT NG 12,0.0
2030,sc01,10-25 12:00:00+02:00,CT NG 48,0.0
2030,sc01,10-25 12:00:00+02:00,ST NG 10,0.0
2030,sc01,10-25 12:00:00+02:00,Solar 22,1.1128629777799999
2030,sc01,10-25 12:00:00+02:00,Solar 28,0.99588277346
2030,sc01,10-25 12:00:00+02:00,CT NG 73,0.0
2030,sc01,10-25 12:00:00+02:00,Biomass 52,0.0
2030,sc01,10-25 12:00:00+02:00,CT NG 30,0.0
2030,sc01,10-25 12:00:00+02:00,Solar 54,0.0
2030,sc01,10-25 12:00:00+02:00,Solar 31,0.0
2030,sc01,10-25 12:00:00+02:00,Biomass 03,0.0
2030,sc01,10-25 12:00:00+02:00,CT NG 32,0.0
2030,sc01,10-25 12:00:00+02:00,Biomass 27,0.038869999999999995
2030,sc01,10-25 12:00:00+02:00,CC NG 14,0.0
2030,sc01,10-25 12:00:00+02:00,CC NG 03,0.0
2030,sc01,10-25 12:00:00+02:00,CC NG 29,0.0
2030,sc01,10-25 12:00:00+02:00,CC NG 28,0.0
2030,sc01,10-25 12:00:00+02:00,CC NG 25,0.0
2030,sc01,10-25 12:00:00+02:00,CT NG 44,0.0
2030,sc01,10-25 12:00:00+02:00,CT NG 14,0.0
2030,sc01,10-25 12:00:00+02:00,CC NG 15,0.0
2030,sc01,10-25 12:00:00+02:00,CC NG 04,0.0
2030,sc01,10-25 12:00:00+02:00,Biomass 29,0.038869999999999995
2030,sc01,10-25 12:00:00+02:00,Wind 14,0.0
2030,sc01,10-25 12:00:00+02:00,Wind 08,0.42311120367000005
2030,sc01,10-25 12:00:00+02:00,Biomass 61,0.0
2030,sc01,10-25 12:00:00+02:00,CT NG 35,0.0
2030,sc01,10-25 12:00:00+02:00,Solar 33,0.0
2030,sc01,10-25 12:00:00+02:00,CT NG 41,0.0
2030,sc01,10-25 12:00:00+02:00,CT NG 15,0.0
2030,sc01,10-25 12:00:00+02:00,Solar 42,0.0
2030,sc01,10-25 12:00:00+02:00,Solar 07,0.028254122943999996
2030,sc01,10-25 12:00:00+02:00,Solar 43,0.0
2030,sc01,10-25 12:00:00+02:00,Biomass 05,0.010350000000000002
2030,sc01,10-25 12:00:00+02:00,CT NG 29,0.0
2030,sc01,10-25 12:00:00+02:00,Solar 71,0.0
2030,sc01,10-25 12:00:00+02:00,CT NG 53,0.0
2030,sc01,10-25 12:00:00+02:00,CT NG 20,0.0
2030,sc01,10-25 12:00:00+02:00,Biomass 14,0.01932
2030,sc01,10-25 12:00:00+02:00,Solar 26,0.23820810246000002
2030,sc01,10-25 12:00:00+02:00,Hydro 29,0.0
2030,sc01,10-25 12:00:00+02:00,Hydro 31,0.0034067600000000004
2030,sc01,10-25 12:00:00+02:00,Biomass 24,0.00644
2030,sc01,10-25 12:00:00+02:00,Biomass 54,0.05658
2030,sc01,10-25 12:00:00+02:00,Solar 36,0.0
2030,sc01,10-25 12:00:00+02:00,Wind 03,0.22278111420000002
2030,sc01,10-25 12:00:00+02:00,Biomass 40,0.0
2030,sc01,10-25 12:00:00+02:00,Biomass 49,0.0
2030,sc01,10-25 12:00:00+02:00,CC NG 16,2.4664511264532356
2030,sc01,10-25 12:00:00+02:00,Biomass 48,0.0
2030,sc01,10-25 12:00:00+02:00,Hydro 28,0.0
2030,sc01,10-25 12:00:00+02:00,Biomass 17,0.0
2030,sc01,10-25 12:00:00+02:00,CT NG 33,0.0
2030,sc01,10-25 12:00:00+02:00,Solar 45,0.0
2030,sc01,10-25 12:00:00+02:00,Hydro 24,0.0
2030,sc01,10-25 12:00:00+02:00,Wind 13,1.8167025329500002
2030,sc01,10-25 12:00:00+02:00,Biomass 07,0.046
2030,sc01,10-25 12:00:00+02:00,Biomass 34,0.0
2030,sc01,10-25 12:00:00+02:00,Biomass 33,0.0
2030,sc01,10-25 12:00:00+02:00,CT NG 01,0.17746431858804496
2030,sc01,10-25 12:00:00+02:00,ICE NG 03,0.0
2030,sc01,10-25 12:00:00+02:00,Solar 55,0.0
2030,sc01,10-25 12:00:00+02:00,Solar 11,0.26313475335
2030,sc01,10-25 12:00:00+02:00,CT NG 06,0.0
2030,sc01,10-25 12:00:00+02:00,CT NG 70,0.0
2030,sc01,10-25 12:00:00+02:00,Solar 23,0.038962665344
2030,sc01,10-25 12:00:00+02:00,CT NG 67,0.0
2030,sc01,10-25 12:00:00+02:00,Solar 12,0.20369409849600004
2030,sc01,10-25 12:00:00+02:00,CT Oil 01,0.0
2030,sc01,10-25 12:00:00+02:00,Hydro 26,0.0
2030,sc01,10-25 12:00:00+02:00,CC NG 22,0.0
2030,sc01,10-25 12:00:00+02:00,CC NG 35,0.0
2030,sc01,10-25 12:00:00+02:00,Biomass 50,0.0
2030,sc01,10-25 12:00:00+02:00,ICE NG 04,0.0
2030,sc01,10-25 12:00:00+02:00,CC NG 39,0.0
2030,sc01,10-25 12:00:00+02:00,Hydro 32,0.0040881120000000005
2030,sc01,10-25 12:00:00+02:00,ICE NG 07,0.0
2030,sc01,10-25 12:00:00+02:00,Biomass 46,0.0
2030,sc01,10-25 12:00:00+02:00,CC NG 38,0.0
2030,sc01,10-25 12:00:00+02:00,CC NG 12,0.0
2030,sc01,10-25 12:00:00+02:00,Solar 57,0.0
2030,sc01,10-25 12:00:00+02:00,CC NG 32,0.0
2030,sc01,10-25 12:00:00+02:00,CC NG 07,0.0
2030,sc01,10-25 12:00:00+02:00,Biomass 44,0.0
2030,sc01,10-25 12:00:00+02:00,CT NG 40,0.0
2030,sc01,10-25 12:00:00+02:00,Solar 74,4.6000000000000005
2030,sc01,10-25 12:00:00+02:00,Hydro 30,0.0
2030,sc01,10-25 12:00:00+02:00,CT NG 42,0.0
2030,sc01,10-25 12:00:00+02:00,Hydro 22,0.0
2030,sc01,10-25 12:00:00+02:00,Solar 17,0.39952553259
2030,sc01,10-25 12:00:00+02:00,Solar 38,0.0
2030,sc01,10-25 12:00:00+02:00,CT NG 24,0.0
2030,sc01,10-25 12:00:00+02:00,CC NG 27,0.0
2030,sc01,10-25 12:00:00+02:00,Biomass 21,0.00828
2030,sc01,10-25 12:00:00+02:00,ICE NG 06,0.0
2030,sc01,10-25 12:00:00+02:00,Biomass 25,0.00644
2030,sc01,10-25 12:00:00+02:00,Solar 27,0.15962969496
2030,sc01,10-25 12:00:00+02:00,CT NG 19,0.0
2030,sc01,10-25 12:00:00+02:00,Biomass 42,0.0
2030,sc01,10-25 12:00:00+02:00,Biomass 19,0.00828
2030,sc01,10-25 12:00:00+02:00,Biomass 06,0.010350000000000002
2030,sc01,10-25 12:00:00+02:00,CT NG 10,0.0
2030,sc01,10-25 12:00:00+02:00,CC NG 40,0.0
2030,sc01,10-25 12:00:00+02:00,CC NG 21,0.0
2030,sc01,10-25 12:00:00+02:00,Biomass 02,0.023690000000000003
2030,sc01,10-25 12:00:00+02:00,CT NG 46,0.0
2030,sc01,10-25 12:00:00+02:00,Hydro 34,0.0
2030,sc01,10-25 12:00:00+02:00,Biomass 10,0.01771
2030,sc01,10-25 12:00:00+02:00,CT NG 17,0.0
2030,sc01,10-25 12:00:00+02:00,Biomass 62,0.04232
2030,sc01,10-25 12:00:00+02:00,Biomass 32,0.028059999999999998
2030,sc01,10-25 12:00:00+02:00,CC NG 19,3.11374
2030,sc01,10-25 12:00:00+02:00,CC NG 17,0.0
2030,sc01,10-25 12:00:00+02:00,ST NG 01,0.0
2030,sc01,10-25 12:00:00+02:00,Biomass 45,0.0
2030,sc01,10-25 12:00:00+02:00,Biomass 28,0.038869999999999995
2030,sc01,10-25 12:00:00+02:00,CC NG 10,0.0
2030,sc01,10-25 12:00:00+02:00,Biomass 23,0.00644
2030,sc01,10-25 12:00:00+02:00,ST NG 06,0.0
2030,sc01,10-25 12:00:00+02:00,Wind 10,0.3785818285
2030,sc01,10-25 12:00:00+02:00,CT NG 69,0.0
2030,sc01,10-25 12:00:00+02:00,CT NG 68,0.0
2030,sc01,10-27 13:00:00+01:00,CC NG 13,0.0
2030,sc01,10-27 13:00:00+01:00,CT NG 37,0.0
2030,sc01,10-27 13:00:00+01:00,ST Coal 01,0.0
2030,sc01,10-27 13:00:00+01:00,CT NG 09,0.0
2030,sc01,10-27 13:00:00+01:00,CT NG 47,0.0
2030,sc01,10-27 13:00:00+01:00,Solar 69,0.0
2030,sc01,10-27 13:00:00+01:00,Solar 34,5.032810500440689
2030,sc01,10-27 13:00:00+01:00,Solar 73,0.0
2030,sc01,10-27 13:00:00+01:00,Biomass 37,0.0
2030,sc01,10-27 13:00:00+01:00,Hydro 20,0.78087036
2030,sc01,10-27 13:00:00+01:00,Solar 01,14.580316501000002
2030,sc01,10-27 13:00:00+01:00,Solar 62,0.0
2030,sc01,10-27 13:00:00+01:00,Solar 02,10.165217473999999
2030,sc01,10-27 13:00:00+01:00,CT NG 26,0.0
2030,sc01,10-27 13:00:00+01:00,Biomass 20,0.01368
2030,sc01,10-27 13:00:00+01:00,Wind 16,1.05650369402
2030,sc01,10-27 13:00:00+01:00,CT NG 66,0.0
2030,sc01,10-27 13:00:00+01:00,Solar 39,0.0
2030,sc01,10-27 13:00:00+01:00,Biomass 41,0.0
2030,sc01,10-27 13:00:00+01:00,Solar 72,6.3385947272
2030,sc01,10-27 13:00:00+01:00,ST NG 03,0.0
2030,sc01,10-27 13:00:00+01:00,Hydro 21,0.0
2030,sc01,10-27 13:00:00+01:00,CT NG 03,0.0
2030,sc01,10-27 13:00:00+01:00,CC NG 09,0.0
2030,sc01,10-27 13:00:00+01:00,CT Oil 02,0.0
2030,sc01,10-27 13:00:00+01:00,CT NG 39,0.0
2030,sc01,10-27 13:00:00+01:00,CC NG 08,0.0
2030,sc01,10-27 13:00:00+01:00,Biomass 43,0.0
2030,sc01,10-27 13:00:00+01:00,CT NG 18,0.14360579999999998
2030,sc01,10-27 13:00:00+01:00,ST NG 07,0.0
2030,sc01,10-27 13:00:00+01:00,Biomass 35,0.0
2030,sc01,10-27 13:00:00+01:00,Solar 32,0.0
2030,sc01,10-27 13:00:00+01:00,Biomass 15,0.0
2030,sc01,10-27 13:00:00+01:00,CC NG 31,0.0
2030,sc01,10-27 13:00:00+01:00,Solar 16,1.5163997618199998
2030,sc01,10-27 13:00:00+01:00,Solar 68,0.0
2030,sc01,10-27 13:00:00+01:00,CT NG 21,0.0
2030,sc01,10-27 13:00:00+01:00,Wind 11,0.062116235792
2030,sc01,10-27 13:00:00+01:00,CC NG 37,0.0
2030,sc01,10-27 13:00:00+01:00,CT NG 22,0.0
2030,sc01,10-27 13:00:00+01:00,Hydro 16,0.010934880000000001
2030,sc01,10-27 13:00:00+01:00,Biomass 59,0.15732000000000002
2030,sc01,10-27 13:00:00+01:00,CC NG 01,0.0
2030,sc01,10-27 13:00:00+01:00,Biomass 16,0.0
2030,sc01,10-27 13:00:00+01:00,Solar 03,0.0
2030,sc01,10-27 13:00:00+01:00,Solar 44,0.0
2030,sc01,10-27 13:00:00+01:00,CT NG 08,0.0
2030,sc01,10-27 13:00:00+01:00,Wind 05,0.0
2030,sc01,10-27 13:00:00+01:00,Biomass 26,0.06422
2030,sc01,10-27 13:00:00+01:00,Solar 37,0.0
2030,sc01,10-27 13:00:00+01:00,Biomass 11,0.014440000000000001
2030,sc01,10-27 13:00:00+01:00,Solar 59,0.0
2030,sc01,10-27 13:00:00+01:00,CT NG 11,0.0
2030,sc01,10-27 13:00:00+01:00,Biomass 30,0.06422
2030,sc01,10-27 13:00:00+01:00,Hydro 23,0.0
2030,sc01,10-27 13:00:00+01:00,CC NG 24,0.0
2030,sc01,10-27 13:00:00+01:00,Solar 65,11.6147322164
2030,sc01,10-27 13:00:00+01:00,CC NG 18,0.0
2030,sc01,10-27 13:00:00+01:00,CT NG 16,0.0
2030,sc01,10-27 13:00:00+01:00,Solar 51,0.0
2030,sc01,10-27 13:00:00+01:00,Wind 06,0.09195897400000001
2030,sc01,10-27 13:00:00+01:00,CC NG 26,0.0
2030,sc01,10-27 13:00:00+01:00,CC NG 23,0.0
2030,sc01,10-27 13:00:00+01:00,CT NG 43,0.0
2030,sc01,10-27 13:00:00+01:00,CC NG 11,0.0
2030,sc01,10-27 13:00:00+01:00,CT NG 02,0.0
2030,sc01,10-27 13:00:00+01:00,CT NG 50,0.0
2030,sc01,10-27 13:00:00+01:00,Hydro 27,0.0
2030,sc01,10-27 13:00:00+01:00,CT NG 13,0.0
2030,sc01,10-27 13:00:00+01:00,CT NG 25,0.0
2030,sc01,10-27 13:00:00+01:00,CC NG 05,0.0
2030,sc01,10-27 13:00:00+01:00,Solar 04,0.9704917705599999
2030,sc01,10-27 13:00:00+01:00,Solar 30,1.368
2030,sc01,10-27 13:00:00+01:00,Solar 29,0.024005299504000002
2030,sc01,10-27 13:00:00+01:00,Solar 53,0.0
2030,sc01,10-27 13:00:00+01:00,Solar 21,3.68241408288
2030,sc01,10-27 13:00:00+01:00,Biomass 58,0.07637999999999999
2030,sc01,10-27 13:00:00+01:00,CT NG 74,0.0
2030,sc01,10-27 13:00:00+01:00,Solar 61,0.0
2030,sc01,10-27 13:00:00+01:00,Wind 07,0.042053042000000006
2030,sc01,10-27 13:00:00+01:00,Biomass 31,0.06422
2030,sc01,10-27 13:00:00+01:00,CT Oil 05,0.0
2030,sc01,10-27 13:00:00+01:00,Biomass 38,0.0
2030,sc01,10-27 13:00:00+01:00,Solar 41,0.0
2030,sc01,10-27 13:00:00+01:00,Biomass 51,0.0
2030,sc01,10-27 13:00:00+01:00,Biomass 55,0.09348
2030,sc01,10-27 13:00:00+01:00,Wind 15,7.002854054
2030,sc01,10-27 13:00:00+01:00,Geo 01,0.0
2030,sc01,10-27 13:00:00+01:00,Biomass 60,0.10260000000000001
2030,sc01,10-27 13:00:00+01:00,CT NG 38,0.0
2030,sc01,10-27 13:00:00+01:00,Solar 66,24.686293233916327
2030,sc01,10-27 13:00:00+01:00,Solar 49,0.0
2030,sc01,10-27 13:00:00+01:00,CT NG 51,0.0
2030,sc01,10-27 13:00:00+01:00,Biomass 18,0.0
2030,sc01,10-27 13:00:00+01:00,ICE NG 01,0.0
2030,sc01,10-27 13:00:00+01:00,Solar 15,2.1059392417400002
2030,sc01,10-27 13:00:00+01:00,ICE NG 05,0.0
2030,sc01,10-27 13:00:00+01:00,CT Oil 04,0.0
2030,sc01,10-27 13:00:00+01:00,CC NG 20,0.0
2030,sc01,10-27 13:00:00+01:00,Solar 20,2.07832414166
2030,sc01,10-27 13:00:00+01:00,Biomass 04,0.0
2030,sc01,10-27 13:00:00+01:00,Wind 02,0.274570691152
2030,sc01,10-27 13:00:00+01:00,Hydro 25,0.0
2030,sc01,10-27 13:00:00+01:00,Solar 75,0.0
2030,sc01,10-27 13:00:00+01:00,Hydro 33,0.0
2030,sc01,10-27 13:00:00+01:00,ST NG 05,0.0
2030,sc01,10-27 13:00:00+01:00,CT NG 07,0.0
2030,sc01,10-27 13:00:00+01:00,Wind 01,0.021398681296000005
2030,sc01,10-27 13:00:00+01:00,Solar 56,0.0
2030,sc01,10-27 13:00:00+01:00,Biomass 09,0.02926
2030,sc01,10-27 13:00:00+01:00,Biomass 53,0.09348
2030,sc01,10-27 13:00:00+01:00,Wind 17,7.6627339150000005
2030,sc01,10-27 13:00:00+01:00,ST NG 08,0.0
2030,sc01,10-27 13:00:00+01:00,Hydro 19,0.0
2030,sc01,10-27 13:00:00+01:00,ST NG 02,0.0
2030,sc01,10-27 13:00:00+01:00,Biomass 01,0.03914
2030,sc01,10-27 13:00:00+01:00,Biomass 57,0.07637999999999999
2030,sc01,10-27 13:00:00+01:00,CT NG 49,0.0
2030,sc01,10-27 13:00:00+01:00,CT NG 31,0.0
2030,sc01,10-27 13:00:00+01:00,Solar 64,6.0977221398
2030,sc01,10-27 13:00:00+01:00,CC NG 33,0.0
2030,sc01,10-27 13:00:00+01:00,Solar 46,0.0
2030,sc01,10-27 13:00:00+01:00,Biomass 12,0.014440000000000001
2030,sc01,10-27 13:00:00+01:00,Wind 04,0.015583575344000001
2030,sc01,10-27 13:00:00+01:00,Solar 13,0.052866716592000006
2030,sc01,10-27 13:00:00+01:00,CT NG 55,0.0
2030,sc01,10-27 13:00:00+01:00,Wind N03,186.98719808107924
2030,sc01,10-27 13:00:00+01:00,CT NG 28,0.0
2030,sc01,10-27 13:00:00+01:00,Wind 09,0.0
2030,sc01,10-27 13:00:00+01:00,Solar 60,2.595317804324033
2030,sc01,10-27 13:00:00+01:00,Solar 25,0.38768091036
2030,sc01,10-27 13:00:00+01:00,CT NG 23,0.0
2030,sc01,10-27 13:00:00+01:00,ST Other 01,0.0
2030,sc01,10-27 13:00:00+01:00,Solar 70,42.966203508
2030,sc01,10-27 13:00:00+01:00,CC NG 34,0.0
2030,sc01,10-27 13:00:00+01:00,Solar 48,0.0
2030,sc01,10-27 13:00:00+01:00,Biomass 56,0.09424
2030,sc01,10-27 13:00:00+01:00,CT NG 36,0.0
2030,sc01,10-27 13:00:00+01:00,Solar 47,0.0
2030,sc01,10-27 13:00:00+01:00,Hydro 17,0.0
2030,sc01,10-27 13:00:00+01:00,Solar 09,0.0
2030,sc01,10-27 13:00:00+01:00,Solar 08,0.0
2030,sc01,10-27 13:00:00+01:00,CT NG 45,0.0
2030,sc01,10-27 13:00:00+01:00,ST NG 04,0.0
2030,sc01,10-27 13:00:00+01:00,Solar 40,0.0
2030,sc01,10-27 13:00:00+01:00,Biomass 47,0.0
2030,sc01,10-27 13:00:00+01:00,Solar 50,0.0
2030,sc01,10-27 13:00:00+01:00,Solar 52,0.0
2030,sc01,10-27 13:00:00+01:00,Solar 63,13.021875655399999
2030,sc01,10-27 13:00:00+01:00,CC NG 06,0.0
2030,sc01,10-27 13:00:00+01:00,Biomass 39,0.0
2030,sc01,10-27 13:00:00+01:00,Solar 67,8.680524376000001
2030,sc01,10-27 13:00:00+01:00,Solar 19,0.019994429904
2030,sc01,10-27 13:00:00+01:00,Wind 12,0.43971515396000005
2030,sc01,10-27 13:00:00+01:00,Solar 24,0.289152507152
2030,sc01,10-27 13:00:00+01:00,ICE NG 02,0.0
2030,sc01,10-27 13:00:00+01:00,Solar 05,0.0
2030,sc01,10-27 13:00:00+01:00,CT NG 54,0.0
2030,sc01,10-27 13:00:00+01:00,Wind N01,4.1716565908000005
2030,sc01,10-27 13:00:00+01:00,CT NG 27,0.0
2030,sc01,10-27 13:00:00+01:00,CC NG 36,0.0
2030,sc01,10-27 13:00:00+01:00,Wind N02,7.435100010799999
2030,sc01,10-27 13:00:00+01:00,CT NG 52,0.0
2030,sc01,10-27 13:00:00+01:00,Solar 35,0.0
2030,sc01,10-27 13:00:00+01:00,CT NG 05,0.0
2030,sc01,10-27 13:00:00+01:00,Biomass 36,0.0
2030,sc01,10-27 13:00:00+01:00,CT NG 34,0.0
2030,sc01,10-27 13:00:00+01:00,CT Oil 03,0.0
2030,sc01,10-27 13:00:00+01:00,Hydro 35,0.0
2030,sc01,10-27 13:00:00+01:00,Solar 14,2.34133022844
2030,sc01,10-27 13:00:00+01:00,CT NG 75,0.0
2030,sc01,10-27 13:00:00+01:00,ST NG 09,0.0
2030,sc01,10-27 13:00:00+01:00,CT NG 56,0.0
2030,sc01,10-27 13:00:00+01:00,Biomass 22,0.01368
2030,sc01,10-27 13:00:00+01:00,Solar 18,2.4695485862199997
2030,sc01,10-27 13:00:00+01:00,Biomass 13,0.014440000000000001
2030,sc01,10-27 13:00:00+01:00,CT NG 71,0.0
2030,sc01,10-27 13:00:00+01:00,Solar 58,0.0
2030,sc01,10-27 13:00:00+01:00,Solar 06,0.0
2030,sc01,10-27 13:00:00+01:00,Biomass 08,0.02926
2030,sc01,10-27 13:00:00+01:00,CT NG 72,0.0
2030,sc01,10-27 13:00:00+01:00,Hydro 18,0.0
2030,sc01,10-27 13:00:00+01:00,Solar 10,2.0019187143400003
2030,sc01,10-27 13:00:00+01:00,CT NG 04,0.0
2030,sc01,10-27 13:00:00+01:00,ST Other 02,0.0
2030,sc01,10-27 13:00:00+01:00,CT NG 12,0.0
2030,sc01,10-27 13:00:00+01:00,CT NG 48,0.0
2030,sc01,10-27 13:00:00+01:00,ST NG 10,0.0
2030,sc01,10-27 13:00:00+01:00,Solar 22,0.024968104287999997
2030,sc01,10-27 13:00:00+01:00,Solar 28,0.022343545824
2030,sc01,10-27 13:00:00+01:00,CT NG 73,0.0
2030,sc01,10-27 13:00:00+01:00,Biomass 52,0.0
2030,sc01,10-27 13:00:00+01:00,CT NG 30,0.0
2030,sc01,10-27 13:00:00+01:00,Solar 54,0.0
2030,sc01,10-27 13:00:00+01:00,Solar 31,0.0
2030,sc01,10-27 13:00:00+01:00,Biomass 03,0.0
2030,sc01,10-27 13:00:00+01:00,CT NG 32,0.0
2030,sc01,10-27 13:00:00+01:00,Biomass 27,0.06422
2030,sc01,10-27 13:00:00+01:00,CC NG 14,0.0
2030,sc01,10-27 13:00:00+01:00,CC NG 03,0.0
2030,sc01,10-27 13:00:00+01:00,CC NG 29,0.0
2030,sc01,10-27 13:00:00+01:00,CC NG 28,0.0
2030,sc01,10-27 13:00:00+01:00,CC NG 25,0.0
2030,sc01,10-27 13:00:00+01:00,CT NG 44,0.0
2030,sc01,10-27 13:00:00+01:00,CT NG 14,0.0
2030,sc01,10-27 13:00:00+01:00,CC NG 15,0.0
2030,sc01,10-27 13:00:00+01:00,CC NG 04,0.0
2030,sc01,10-27 13:00:00+01:00,Biomass 29,0.06422
2030,sc01,10-27 13:00:00+01:00,Wind 14,0.0
2030,sc01,10-27 13:00:00+01:00,Wind 08,0.0
2030,sc01,10-27 13:00:00+01:00,Biomass 61,0.0
2030,sc01,10-27 13:00:00+01:00,CT NG 35,0.0
2030,sc01,10-27 13:00:00+01:00,Solar 33,0.0
2030,sc01,10-27 13:00:00+01:00,CT NG 41,0.0
2030,sc01,10-27 13:00:00+01:00,CT NG 15,0.0
2030,sc01,10-27 13:00:00+01:00,Solar 42,0.0
2030,sc01,10-27 13:00:00+01:00,Solar 07,0.0
2030,sc01,10-27 13:00:00+01:00,Solar 43,0.0
2030,sc01,10-27 13:00:00+01:00,Biomass 05,0.0171
2030,sc01,10-27 13:00:00+01:00,CT NG 29,0.0
2030,sc01,10-27 13:00:00+01:00,Solar 71,0.0
2030,sc01,10-27 13:00:00+01:00,CT NG 53,0.0
2030,sc01,10-27 13:00:00+01:00,CT NG 20,0.0
2030,sc01,10-27 13:00:00+01:00,Biomass 14,0.031920000000000004
2030,sc01,10-27 13:00:00+01:00,Solar 26,0.359019592
2030,sc01,10-27 13:00:00+01:00,Hydro 29,0.0
2030,sc01,10-27 13:00:00+01:00,Hydro 31,0.0054674400000000005
2030,sc01,10-27 13:00:00+01:00,Biomass 24,0.010640000000000002
2030,sc01,10-27 13:00:00+01:00,Biomass 54,0.09348
2030,sc01,10-27 13:00:00+01:00,Solar 36,34.4849868976
2030,sc01,10-27 13:00:00+01:00,Wind 03,0.027134683712
2030,sc01,10-27 13:00:00+01:00,Biomass 40,0.0
2030,sc01,10-27 13:00:00+01:00,Biomass 49,0.0
2030,sc01,10-27 13:00:00+01:00,CC NG 16,18.047638194077713
2030,sc01,10-27 13:00:00+01:00,Biomass 48,0.0
2030,sc01,10-27 13:00:00+01:00,Hydro 28,0.0
2030,sc01,10-27 13:00:00+01:00,Biomass 17,0.0
2030,sc01,10-27 13:00:00+01:00,CT NG 33,0.0
2030,sc01,10-27 13:00:00+01:00,Solar 45,0.0
2030,sc01,10-27 13:00:00+01:00,Hydro 24,0.0
2030,sc01,10-27 13:00:00+01:00,Wind 13,0.39033706970000004
2030,sc01,10-27 13:00:00+01:00,Biomass 07,0.076
2030,sc01,10-27 13:00:00+01:00,Biomass 34,0.0
2030,sc01,10-27 13:00:00+01:00,Biomass 33,0.0
2030,sc01,10-27 13:00:00+01:00,CT NG 01,0.0
2030,sc01,10-27 13:00:00+01:00,ICE NG 03,0.0
2030,sc01,10-27 13:00:00+01:00,Solar 55,0.0
2030,sc01,10-27 13:00:00+01:00,Solar 11,0.39658823804
2030,sc01,10-27 13:00:00+01:00,CT NG 06,0.0
2030,sc01,10-27 13:00:00+01:00,CT NG 70,0.0
2030,sc01,10-27 13:00:00+01:00,Solar 23,0.058723276288000004
2030,sc01,10-27 13:00:00+01:00,CT NG 67,0.0
2030,sc01,10-27 13:00:00+01:00,Solar 12,0.307001194704
2030,sc01,10-27 13:00:00+01:00,CT Oil 01,0.0
2030,sc01,10-27 13:00:00+01:00,Hydro 26,0.0
2030,sc01,10-27 13:00:00+01:00,CC NG 22,0.0
2030,sc01,10-27 13:00:00+01:00,CC NG 35,0.0
2030,sc01,10-27 13:00:00+01:00,Biomass 50,0.0
2030,sc01,10-27 13:00:00+01:00,ICE NG 04,0.0
2030,sc01,10-27 13:00:00+01:00,CC NG 39,0.0
2030,sc01,10-27 13:00:00+01:00,Hydro 32,0.006560928000000001
2030,sc01,10-27 13:00:00+01:00,ICE NG 07,0.0
2030,sc01,10-27 13:00:00+01:00,Biomass 46,0.0
2030,sc01,10-27 13:00:00+01:00,CC NG 38,0.0
2030,sc01,10-27 13:00:00+01:00,CC NG 12,0.0
2030,sc01,10-27 13:00:00+01:00,Solar 57,0.0
2030,sc01,10-27 13:00:00+01:00,CC NG 32,0.0
2030,sc01,10-27 13:00:00+01:00,CC NG 07,0.0
2030,sc01,10-27 13:00:00+01:00,Biomass 44,0.0
2030,sc01,10-27 13:00:00+01:00,CT NG 40,0.0
2030,sc01,10-27 13:00:00+01:00,Solar 74,5.016112256782018
2030,sc01,10-27 13:00:00+01:00,Hydro 30,0.0
2030,sc01,10-27 13:00:00+01:00,CT NG 42,0.0
2030,sc01,10-27 13:00:00+01:00,Hydro 22,0.0
2030,sc01,10-27 13:00:00+01:00,Solar 17,0.60215203484
2030,sc01,10-27 13:00:00+01:00,Solar 38,0.0
2030,sc01,10-27 13:00:00+01:00,CT NG 24,0.0
2030,sc01,10-27 13:00:00+01:00,CC NG 27,0.0
2030,sc01,10-27 13:00:00+01:00,Biomass 21,0.01368
2030,sc01,10-27 13:00:00+01:00,ICE NG 06,0.0
2030,sc01,10-27 13:00:00+01:00,Biomass 25,0.010640000000000002
2030,sc01,10-27 13:00:00+01:00,Solar 27,0.25117957956799997
2030,sc01,10-27 13:00:00+01:00,CT NG 19,0.0
2030,sc01,10-27 13:00:00+01:00,Biomass 42,0.0
2030,sc01,10-27 13:00:00+01:00,Biomass 19,0.01368
2030,sc01,10-27 13:00:00+01:00,Biomass 06,0.0171
2030,sc01,10-27 13:00:00+01:00,CT NG 10,0.0
2030,sc01,10-27 13:00:00+01:00,CC NG 40,0.0
2030,sc01,10-27 13:00:00+01:00,CC NG 21,0.0
2030,sc01,10-27 13:00:00+01:00,Biomass 02,0.03914
2030,sc01,10-27 13:00:00+01:00,CT NG 46,0.0
2030,sc01,10-27 13:00:00+01:00,Hydro 34,0.0
2030,sc01,10-27 13:00:00+01:00,Biomass 10,0.02926
2030,sc01,10-27 13:00:00+01:00,CT NG 17,0.0
2030,sc01,10-27 13:00:00+01:00,Biomass 62,0.06992
2030,sc01,10-27 13:00:00+01:00,Biomass 32,0.04636
2030,sc01,10-27 13:00:00+01:00,CC NG 19,5.14444
2030,sc01,10-27 13:00:00+01:00,CC NG 17,0.0
2030,sc01,10-27 13:00:00+01:00,ST NG 01,0.0
2030,sc01,10-27 13:00:00+01:00,Biomass 45,0.0
2030,sc01,10-27 13:00:00+01:00,Biomass 28,0.06422
2030,sc01,10-27 13:00:00+01:00,CC NG 10,0.0
2030,sc01,10-27 13:00:00+01:00,Biomass 23,0.010640000000000002
2030,sc01,10-27 13:00:00+01:00,ST NG 06,0.0
2030,sc01,10-27 13:00:00+01:00,Wind 10,0.0
2030,sc01,10-27 13:00:00+01:00,CT NG 69,0.0
2030,sc01,10-27 13:00:00+01:00,CT NG 68,0.0
2030,sc01,10-30 15:00:00+01:00,CC NG 13,0.0
2030,sc01,10-30 15:00:00+01:00,CT NG 37,0.0
2030,sc01,10-30 15:00:00+01:00,ST Coal 01,0.0
2030,sc01,10-30 15:00:00+01:00,CT NG 09,0.0
2030,sc01,10-30 15:00:00+01:00,CT NG 47,0.0
2030,sc01,10-30 15:00:00+01:00,Solar 69,6.719971477011686
2030,sc01,10-30 15:00:00+01:00,Solar 34,4.3546175157062885
2030,sc01,10-30 15:00:00+01:00,Solar 73,2.5141257026000003
2030,sc01,10-30 15:00:00+01:00,Biomass 37,0.01501
2030,sc01,10-30 15:00:00+01:00,Hydro 20,0.39997128000000004
2030,sc01,10-30 15:00:00+01:00,Solar 01,3.5673893992
2030,sc01,10-30 15:00:00+01:00,Solar 62,8.0660253006
2030,sc01,10-30 15:00:00+01:00,Solar 02,2.5242012392
2030,sc01,10-30 15:00:00+01:00,CT NG 26,0.0
2030,sc01,10-30 15:00:00+01:00,Biomass 20,0.00684
2030,sc01,10-30 15:00:00+01:00,Wind 16,0.0344334112
2030,sc01,10-30 15:00:00+01:00,CT NG 66,0.0
2030,sc01,10-30 15:00:00+01:00,Solar 39,0.0
2030,sc01,10-30 15:00:00+01:00,Biomass 41,0.025650000000000003
2030,sc01,10-30 15:00:00+01:00,Solar 72,0.0
2030,sc01,10-30 15:00:00+01:00,ST NG 03,0.0
2030,sc01,10-30 15:00:00+01:00,Hydro 21,0.39997128000000004
2030,sc01,10-30 15:00:00+01:00,CT NG 03,0.0
2030,sc01,10-30 15:00:00+01:00,CC NG 09,0.0
2030,sc01,10-30 15:00:00+01:00,CT Oil 02,0.0
2030,sc01,10-30 15:00:00+01:00,CT NG 39,0.0
2030,sc01,10-30 15:00:00+01:00,CC NG 08,0.0
2030,sc01,10-30 15:00:00+01:00,Biomass 43,0.05605000000000001
2030,sc01,10-30 15:00:00+01:00,CT NG 18,0.0
2030,sc01,10-30 15:00:00+01:00,ST NG 07,0.0
2030,sc01,10-30 15:00:00+01:00,Biomass 35,0.027360000000000002
2030,sc01,10-30 15:00:00+01:00,Solar 32,0.0
2030,sc01,10-30 15:00:00+01:00,Biomass 15,0.0
2030,sc01,10-30 15:00:00+01:00,CC NG 31,0.0
2030,sc01,10-30 15:00:00+01:00,Solar 16,0.42231612587999995
2030,sc01,10-30 15:00:00+01:00,Solar 68,8.8549372377
2030,sc01,10-30 15:00:00+01:00,CT NG 21,0.0
2030,sc01,10-30 15:00:00+01:00,Wind 11,0.054528261880000005
2030,sc01,10-30 15:00:00+01:00,CC NG 37,2.316324551542215
2030,sc01,10-30 15:00:00+01:00,CT NG 22,0.0
2030,sc01,10-30 15:00:00+01:00,Hydro 16,0.00497344
2030,sc01,10-30 15:00:00+01:00,Biomass 59,0.07866000000000001
2030,sc01,10-30 15:00:00+01:00,CC NG 01,0.0
2030,sc01,10-30 15:00:00+01:00,Biomass 16,0.0
2030,sc01,10-30 15:00:00+01:00,Solar 03,1.8704809351899998
2030,sc01,10-30 15:00:00+01:00,Solar 44,0.0
2030,sc01,10-30 15:00:00+01:00,CT NG 08,0.0
2030,sc01,10-30 15:00:00+01:00,Wind 05,0.0
2030,sc01,10-30 15:00:00+01:00,Biomass 26,0.03211
2030,sc01,10-30 15:00:00+01:00,Solar 37,0.0
2030,sc01,10-30 15:00:00+01:00,Biomass 11,0.007220000000000001
2030,sc01,10-30 15:00:00+01:00,Solar 59,0.0
2030,sc01,10-30 15:00:00+01:00,CT NG 11,0.0
2030,sc01,10-30 15:00:00+01:00,Biomass 30,0.03211
2030,sc01,10-30 15:00:00+01:00,Hydro 23,0.77514224
2030,sc01,10-30 15:00:00+01:00,CC NG 24,0.0
2030,sc01,10-30 15:00:00+01:00,Solar 65,4.6527631775
2030,sc01,10-30 15:00:00+01:00,CC NG 18,11.012016567837808
2030,sc01,10-30 15:00:00+01:00,CT NG 16,0.0
2030,sc01,10-30 15:00:00+01:00,Solar 51,0.0
2030,sc01,10-30 15:00:00+01:00,Wind 06,0.067807632592
2030,sc01,10-30 15:00:00+01:00,CC NG 26,0.0
2030,sc01,10-30 15:00:00+01:00,CC NG 23,0.0
2030,sc01,10-30 15:00:00+01:00,CT NG 43,0.0
2030,sc01,10-30 15:00:00+01:00,CC NG 11,0.0
2030,sc01,10-30 15:00:00+01:00,CT NG 02,0.0
2030,sc01,10-30 15:00:00+01:00,CT NG 50,0.0
2030,sc01,10-30 15:00:00+01:00,Hydro 27,0.24245519999999998
2030,sc01,10-30 15:00:00+01:00,CT NG 13,0.0
2030,sc01,10-30 15:00:00+01:00,CT NG 25,0.0
2030,sc01,10-30 15:00:00+01:00,CC NG 05,0.0
2030,sc01,10-30 15:00:00+01:00,Solar 04,0.30982925148999996
2030,sc01,10-30 15:00:00+01:00,Solar 30,0.40724429265999995
2030,sc01,10-30 15:00:00+01:00,Solar 29,0.4780015041
2030,sc01,10-30 15:00:00+01:00,Solar 53,0.0
2030,sc01,10-30 15:00:00+01:00,Solar 21,1.17560976219
2030,sc01,10-30 15:00:00+01:00,Biomass 58,0.038189999999999995
2030,sc01,10-30 15:00:00+01:00,CT NG 74,0.0
2030,sc01,10-30 15:00:00+01:00,Solar 61,0.0
2030,sc01,10-30 15:00:00+01:00,Wind 07,0.057026291439999995
2030,sc01,10-30 15:00:00+01:00,Biomass 31,0.03211
2030,sc01,10-30 15:00:00+01:00,CT Oil 05,0.0
2030,sc01,10-30 15:00:00+01:00,Biomass 38,0.01501
2030,sc01,10-30 15:00:00+01:00,Solar 41,0.0
2030,sc01,10-30 15:00:00+01:00,Biomass 51,0.00342
2030,sc01,10-30 15:00:00+01:00,Biomass 55,0.04674
2030,sc01,10-30 15:00:00+01:00,Wind 15,1.2953781768200001
2030,sc01,10-30 15:00:00+01:00,Geo 01,0.304
2030,sc01,10-30 15:00:00+01:00,Biomass 60,0.051300000000000005
2030,sc01,10-30 15:00:00+01:00,CT NG 38,0.0
2030,sc01,10-30 15:00:00+01:00,Solar 66,8.8508830519
2030,sc01,10-30 15:00:00+01:00,Solar 49,0.0
2030,sc01,10-30 15:00:00+01:00,CT NG 51,0.0
2030,sc01,10-30 15:00:00+01:00,Biomass 18,0.0
2030,sc01,10-30 15:00:00+01:00,ICE NG 01,0.0
2030,sc01,10-30 15:00:00+01:00,Solar 15,0.67232056871
2030,sc01,10-30 15:00:00+01:00,ICE NG 05,0.0
2030,sc01,10-30 15:00:00+01:00,CT Oil 04,0.0
2030,sc01,10-30 15:00:00+01:00,CC NG 20,0.0
2030,sc01,10-30 15:00:00+01:00,Solar 20,0.55862645123
2030,sc01,10-30 15:00:00+01:00,Biomass 04,0.004940000000000001
2030,sc01,10-30 15:00:00+01:00,Wind 02,0.054081612768000005
2030,sc01,10-30 15:00:00+01:00,Hydro 25,0.24245519999999998
2030,sc01,10-30 15:00:00+01:00,Solar 75,2.0802373706000004
2030,sc01,10-30 15:00:00+01:00,Hydro 33,1.3706106
2030,sc01,10-30 15:00:00+01:00,ST NG 05,1.153718
2030,sc01,10-30 15:00:00+01:00,CT NG 07,0.0
2030,sc01,10-30 15:00:00+01:00,Wind 01,0.03760283236
2030,sc01,10-30 15:00:00+01:00,Solar 56,0.0
2030,sc01,10-30 15:00:00+01:00,Biomass 09,0.01463
2030,sc01,10-30 15:00:00+01:00,Biomass 53,0.04674
2030,sc01,10-30 15:00:00+01:00,Wind 17,0.106676924088
2030,sc01,10-30 15:00:00+01:00,ST NG 08,0.0
2030,sc01,10-30 15:00:00+01:00,Hydro 19,0.138776
2030,sc01,10-30 15:00:00+01:00,ST NG 02,0.0
2030,sc01,10-30 15:00:00+01:00,Biomass 01,0.01957
2030,sc01,10-30 15:00:00+01:00,Biomass 57,0.038189999999999995
2030,sc01,10-30 15:00:00+01:00,CT NG 49,0.0
2030,sc01,10-30 15:00:00+01:00,CT NG 31,0.0
2030,sc01,10-30 15:00:00+01:00,Solar 64,2.4426957498
2030,sc01,10-30 15:00:00+01:00,CC NG 33,0.0
2030,sc01,10-30 15:00:00+01:00,Solar 46,0.0
2030,sc01,10-30 15:00:00+01:00,Biomass 12,0.007220000000000001
2030,sc01,10-30 15:00:00+01:00,Wind 04,0.0
2030,sc01,10-30 15:00:00+01:00,Solar 13,0.016877685864
2030,sc01,10-30 15:00:00+01:00,CT NG 55,0.0
2030,sc01,10-30 15:00:00+01:00,Wind N03,4.1029586195
2030,sc01,10-30 15:00:00+01:00,CT NG 28,0.0
2030,sc01,10-30 15:00:00+01:00,Wind 09,0.0
2030,sc01,10-30 15:00:00+01:00,Solar 60,0.0
2030,sc01,10-30 15:00:00+01:00,Solar 25,0.123767032232
2030,sc01,10-30 15:00:00+01:00,CT NG 23,0.0
2030,sc01,10-30 15:00:00+01:00,ST Other 01,0.0
2030,sc01,10-30 15:00:00+01:00,Solar 70,11.339123127900002
2030,sc01,10-30 15:00:00+01:00,CC NG 34,7.0416288112241485
2030,sc01,10-30 15:00:00+01:00,Solar 48,0.0
2030,sc01,10-30 15:00:00+01:00,Biomass 56,0.04712
2030,sc01,10-30 15:00:00+01:00,CT NG 36,0.0
2030,sc01,10-30 15:00:00+01:00,Solar 47,0.0
2030,sc01,10-30 15:00:00+01:00,Hydro 17,0.0
2030,sc01,10-30 15:00:00+01:00,Solar 09,0.8202992865400001
2030,sc01,10-30 15:00:00+01:00,Solar 08,0.16024404892799998
2030,sc01,10-30 15:00:00+01:00,CT NG 45,0.0
2030,sc01,10-30 15:00:00+01:00,ST NG 04,1.153718
2030,sc01,10-30 15:00:00+01:00,Solar 40,0.0
2030,sc01,10-30 15:00:00+01:00,Biomass 47,0.044270000000000004
2030,sc01,10-30 15:00:00+01:00,Solar 50,0.0
2030,sc01,10-30 15:00:00+01:00,Solar 52,0.0
2030,sc01,10-30 15:00:00+01:00,Solar 63,5.2164528994
2030,sc01,10-30 15:00:00+01:00,CC NG 06,0.0
2030,sc01,10-30 15:00:00+01:00,Biomass 39,0.01501
2030,sc01,10-30 15:00:00+01:00,Solar 67,3.477344413
2030,sc01,10-30 15:00:00+01:00,Solar 19,0.006383216592000001
2030,sc01,10-30 15:00:00+01:00,Wind 12,0.35825856276999996
2030,sc01,10-30 15:00:00+01:00,Solar 24,0.09231186464800001
2030,sc01,10-30 15:00:00+01:00,ICE NG 02,0.0
2030,sc01,10-30 15:00:00+01:00,Solar 05,0.007505982224
2030,sc01,10-30 15:00:00+01:00,CT NG 54,0.0
2030,sc01,10-30 15:00:00+01:00,Wind N01,3.3988632885
2030,sc01,10-30 15:00:00+01:00,CT NG 27,0.0
2030,sc01,10-30 15:00:00+01:00,CC NG 36,0.0
2030,sc01,10-30 15:00:00+01:00,Wind N02,0.44604442446
2030,sc01,10-30 15:00:00+01:00,CT NG 52,0.0
2030,sc01,10-30 15:00:00+01:00,Solar 35,0.0
2030,sc01,10-30 15:00:00+01:00,CT NG 05,0.0
2030,sc01,10-30 15:00:00+01:00,Biomass 36,0.027360000000000002
2030,sc01,10-30 15:00:00+01:00,CT NG 34,0.0
2030,sc01,10-30 15:00:00+01:00,CT Oil 03,0.0
2030,sc01,10-30 15:00:00+01:00,Hydro 35,0.0
2030,sc01,10-30 15:00:00+01:00,Solar 14,0.74746908162
2030,sc01,10-30 15:00:00+01:00,CT NG 75,0.0
2030,sc01,10-30 15:00:00+01:00,ST NG 09,0.0
2030,sc01,10-30 15:00:00+01:00,CT NG 56,0.0
2030,sc01,10-30 15:00:00+01:00,Biomass 22,0.00684
2030,sc01,10-30 15:00:00+01:00,Solar 18,0.78840275971
2030,sc01,10-30 15:00:00+01:00,Biomass 13,0.007220000000000001
2030,sc01,10-30 15:00:00+01:00,CT NG 71,0.0
2030,sc01,10-30 15:00:00+01:00,Solar 58,0.0
2030,sc01,10-30 15:00:00+01:00,Solar 06,0.38791313330000005
2030,sc01,10-30 15:00:00+01:00,Biomass 08,0.01463
2030,sc01,10-30 15:00:00+01:00,CT NG 72,0.0
2030,sc01,10-30 15:00:00+01:00,Hydro 18,0.0
2030,sc01,10-30 15:00:00+01:00,Solar 10,0.53808966777
2030,sc01,10-30 15:00:00+01:00,CT NG 04,0.0
2030,sc01,10-30 15:00:00+01:00,ST Other 02,0.0
2030,sc01,10-30 15:00:00+01:00,CT NG 12,0.0
2030,sc01,10-30 15:00:00+01:00,CT NG 48,0.0
2030,sc01,10-30 15:00:00+01:00,ST NG 10,0.0
2030,sc01,10-30 15:00:00+01:00,Solar 22,0.49717318848000003
2030,sc01,10-30 15:00:00+01:00,Solar 28,0.44491210844
2030,sc01,10-30 15:00:00+01:00,CT NG 73,0.0
2030,sc01,10-30 15:00:00+01:00,Biomass 52,0.03325
2030,sc01,10-30 15:00:00+01:00,CT NG 30,0.0
2030,sc01,10-30 15:00:00+01:00,Solar 54,0.0
2030,sc01,10-30 15:00:00+01:00,Solar 31,5.663675232204208
2030,sc01,10-30 15:00:00+01:00,Biomass 03,0.004940000000000001
2030,sc01,10-30 15:00:00+01:00,CT NG 32,0.0
2030,sc01,10-30 15:00:00+01:00,Biomass 27,0.03211
2030,sc01,10-30 15:00:00+01:00,CC NG 14,0.0
2030,sc01,10-30 15:00:00+01:00,CC NG 03,0.0
2030,sc01,10-30 15:00:00+01:00,CC NG 29,0.0
2030,sc01,10-30 15:00:00+01:00,CC NG 28,0.0
2030,sc01,10-30 15:00:00+01:00,CC NG 25,0.0
2030,sc01,10-30 15:00:00+01:00,CT NG 44,0.0
2030,sc01,10-30 15:00:00+01:00,CT NG 14,0.0
2030,sc01,10-30 15:00:00+01:00,CC NG 15,0.0
2030,sc01,10-30 15:00:00+01:00,CC NG 04,0.0
2030,sc01,10-30 15:00:00+01:00,Biomass 29,0.03211
2030,sc01,10-30 15:00:00+01:00,Wind 14,0.06091162712800001
2030,sc01,10-30 15:00:00+01:00,Wind 08,0.0
2030,sc01,10-30 15:00:00+01:00,Biomass 61,0.0064600000000000005
2030,sc01,10-30 15:00:00+01:00,CT NG 35,0.0
2030,sc01,10-30 15:00:00+01:00,Solar 33,8.501032227200001
2030,sc01,10-30 15:00:00+01:00,CT NG 41,0.0
2030,sc01,10-30 15:00:00+01:00,CT NG 15,0.0
2030,sc01,10-30 15:00:00+01:00,Solar 42,0.0
2030,sc01,10-30 15:00:00+01:00,Solar 07,0.013594837136
2030,sc01,10-30 15:00:00+01:00,Solar 43,0.0
2030,sc01,10-30 15:00:00+01:00,Biomass 05,0.00855
2030,sc01,10-30 15:00:00+01:00,CT NG 29,0.0
2030,sc01,10-30 15:00:00+01:00,Solar 71,8.357040294
2030,sc01,10-30 15:00:00+01:00,CT NG 53,0.0
2030,sc01,10-30 15:00:00+01:00,CT NG 20,0.0
2030,sc01,10-30 15:00:00+01:00,Biomass 14,0.015960000000000002
2030,sc01,10-30 15:00:00+01:00,Solar 26,0.114616913584
2030,sc01,10-30 15:00:00+01:00,Hydro 29,0.545775
2030,sc01,10-30 15:00:00+01:00,Hydro 31,0.00248672
2030,sc01,10-30 15:00:00+01:00,Biomass 24,0.005320000000000001
2030,sc01,10-30 15:00:00+01:00,Biomass 54,0.04674
2030,sc01,10-30 15:00:00+01:00,Solar 36,8.5595076418
2030,sc01,10-30 15:00:00+01:00,Wind 03,0.004876987944000001
2030,sc01,10-30 15:00:00+01:00,Biomass 40,0.01501
2030,sc01,10-30 15:00:00+01:00,Biomass 49,0.00551
2030,sc01,10-30 15:00:00+01:00,CC NG 16,17.3349255
2030,sc01,10-30 15:00:00+01:00,Biomass 48,0.044270000000000004
2030,sc01,10-30 15:00:00+01:00,Hydro 28,0.545775
2030,sc01,10-30 15:00:00+01:00,Biomass 17,0.0
2030,sc01,10-30 15:00:00+01:00,CT NG 33,0.0
2030,sc01,10-30 15:00:00+01:00,Solar 45,0.0
2030,sc01,10-30 15:00:00+01:00,Hydro 24,0.77514224
2030,sc01,10-30 15:00:00+01:00,Wind 13,0.20266006347
2030,sc01,10-30 15:00:00+01:00,Biomass 07,0.038
2030,sc01,10-30 15:00:00+01:00,Biomass 34,0.027360000000000002
2030,sc01,10-30 15:00:00+01:00,Biomass 33,0.027360000000000002
2030,sc01,10-30 15:00:00+01:00,CT NG 01,0.0
2030,sc01,10-30 15:00:00+01:00,ICE NG 03,0.0
2030,sc01,10-30 15:00:00+01:00,Solar 55,0.0
2030,sc01,10-30 15:00:00+01:00,Solar 11,0.12661069444
2030,sc01,10-30 15:00:00+01:00,CT NG 06,0.0
2030,sc01,10-30 15:00:00+01:00,CT NG 70,0.0
2030,sc01,10-30 15:00:00+01:00,Solar 23,0.018747391048000002
2030,sc01,10-30 15:00:00+01:00,CT NG 67,0.0
2030,sc01,10-30 15:00:00+01:00,Solar 12,0.09801005356800001
2030,sc01,10-30 15:00:00+01:00,CT Oil 01,0.0
2030,sc01,10-30 15:00:00+01:00,Hydro 26,0.24245519999999998
2030,sc01,10-30 15:00:00+01:00,CC NG 22,12.453219399999998
2030,sc01,10-30 15:00:00+01:00,CC NG 35,0.0
2030,sc01,10-30 15:00:00+01:00,Biomass 50,0.00342
2030,sc01,10-30 15:00:00+01:00,ICE NG 04,0.0
2030,sc01,10-30 15:00:00+01:00,CC NG 39,0.0
2030,sc01,10-30 15:00:00+01:00,Hydro 32,0.0029840640000000002
2030,sc01,10-30 15:00:00+01:00,ICE NG 07,0.0
2030,sc01,10-30 15:00:00+01:00,Biomass 46,0.012350000000000002
2030,sc01,10-30 15:00:00+01:00,CC NG 38,0.0
2030,sc01,10-30 15:00:00+01:00,CC NG 12,0.0
2030,sc01,10-30 15:00:00+01:00,Solar 57,0.0
2030,sc01,10-30 15:00:00+01:00,CC NG 32,0.0
2030,sc01,10-30 15:00:00+01:00,CC NG 07,0.0
2030,sc01,10-30 15:00:00+01:00,Biomass 44,0.02299
2030,sc01,10-30 15:00:00+01:00,CT NG 40,0.0
2030,sc01,10-30 15:00:00+01:00,Solar 74,2.7698592938999997
2030,sc01,10-30 15:00:00+01:00,Hydro 30,0.0
2030,sc01,10-30 15:00:00+01:00,CT NG 42,0.0
2030,sc01,10-30 15:00:00+01:00,Hydro 22,0.39997128000000004
2030,sc01,10-30 15:00:00+01:00,Solar 17,0.19223688425
2030,sc01,10-30 15:00:00+01:00,Solar 38,0.0
2030,sc01,10-30 15:00:00+01:00,CT NG 24,0.0
2030,sc01,10-30 15:00:00+01:00,CC NG 27,0.0
2030,sc01,10-30 15:00:00+01:00,Biomass 21,0.00684
2030,sc01,10-30 15:00:00+01:00,ICE NG 06,0.0
2030,sc01,10-30 15:00:00+01:00,Biomass 25,0.005320000000000001
2030,sc01,10-30 15:00:00+01:00,Solar 27,0.069318825712
2030,sc01,10-30 15:00:00+01:00,CT NG 19,0.0
2030,sc01,10-30 15:00:00+01:00,Biomass 42,0.025650000000000003
2030,sc01,10-30 15:00:00+01:00,Biomass 19,0.00684
2030,sc01,10-30 15:00:00+01:00,Biomass 06,0.00855
2030,sc01,10-30 15:00:00+01:00,CT NG 10,0.0
2030,sc01,10-30 15:00:00+01:00,CC NG 40,0.0
2030,sc01,10-30 15:00:00+01:00,CC NG 21,0.0
2030,sc01,10-30 15:00:00+01:00,Biomass 02,0.01957
2030,sc01,10-30 15:00:00+01:00,CT NG 46,0.0
2030,sc01,10-30 15:00:00+01:00,Hydro 34,1.3706106
2030,sc01,10-30 15:00:00+01:00,Biomass 10,0.01463
2030,sc01,10-30 15:00:00+01:00,CT NG 17,0.0
2030,sc01,10-30 15:00:00+01:00,Biomass 62,0.03496
2030,sc01,10-30 15:00:00+01:00,Biomass 32,0.02318
2030,sc01,10-30 15:00:00+01:00,CC NG 19,2.57222
2030,sc01,10-30 15:00:00+01:00,CC NG 17,0.0
2030,sc01,10-30 15:00:00+01:00,ST NG 01,0.0
2030,sc01,10-30 15:00:00+01:00,Biomass 45,0.02299
2030,sc01,10-30 15:00:00+01:00,Biomass 28,0.03211
2030,sc01,10-30 15:00:00+01:00,CC NG 10,0.0
2030,sc01,10-30 15:00:00+01:00,Biomass 23,0.005320000000000001
2030,sc01,10-30 15:00:00+01:00,ST NG 06,0.0
2030,sc01,10-30 15:00:00+01:00,Wind 10,0.0
2030,sc01,10-30 15:00:00+01:00,CT NG 69,0.0
2030,sc01,10-30 15:00:00+01:00,CT NG 68,0.0
2030,sc01,10-31 18:00:00+01:00,CC NG 13,0.0
2030,sc01,10-31 18:00:00+01:00,CT NG 37,0.0
2030,sc01,10-31 18:00:00+01:00,ST Coal 01,0.0
2030,sc01,10-31 18:00:00+01:00,CT NG 09,0.0
2030,sc01,10-31 18:00:00+01:00,CT NG 47,0.0
2030,sc01,10-31 18:00:00+01:00,Solar 69,0.0
2030,sc01,10-31 18:00:00+01:00,Solar 34,0.0
2030,sc01,10-31 18:00:00+01:00,Solar 73,0.0
2030,sc01,10-31 18:00:00+01:00,Biomass 37,0.0395
2030,sc01,10-31 18:00:00+01:00,Hydro 20,1.4479815
2030,sc01,10-31 18:00:00+01:00,Solar 01,0.0
2030,sc01,10-31 18:00:00+01:00,Solar 62,0.0
2030,sc01,10-31 18:00:00+01:00,Solar 02,0.0
2030,sc01,10-31 18:00:00+01:00,CT NG 26,0.0
2030,sc01,10-31 18:00:00+01:00,Biomass 20,0.018
2030,sc01,10-31 18:00:00+01:00,Wind 16,12.193487095000002
2030,sc01,10-31 18:00:00+01:00,CT NG 66,0.0
2030,sc01,10-31 18:00:00+01:00,Solar 39,0.0
2030,sc01,10-31 18:00:00+01:00,Biomass 41,0.0675
2030,sc01,10-31 18:00:00+01:00,Solar 72,0.0
2030,sc01,10-31 18:00:00+01:00,ST NG 03,0.0
2030,sc01,10-31 18:00:00+01:00,Hydro 21,1.4479815
2030,sc01,10-31 18:00:00+01:00,CT NG 03,0.0
2030,sc01,10-31 18:00:00+01:00,CC NG 09,0.0
2030,sc01,10-31 18:00:00+01:00,CT Oil 02,0.0
2030,sc01,10-31 18:00:00+01:00,CT NG 39,0.0
2030,sc01,10-31 18:00:00+01:00,CC NG 08,0.0
2030,sc01,10-31 18:00:00+01:00,Biomass 43,0.14750000000000002
2030,sc01,10-31 18:00:00+01:00,CT NG 18,0.0
2030,sc01,10-31 18:00:00+01:00,ST NG 07,0.0
2030,sc01,10-31 18:00:00+01:00,Biomass 35,0.07200000000000001
2030,sc01,10-31 18:00:00+01:00,Solar 32,0.0
2030,sc01,10-31 18:00:00+01:00,Biomass 15,0.0
2030,sc01,10-31 18:00:00+01:00,CC NG 31,0.0
2030,sc01,10-31 18:00:00+01:00,Solar 16,0.0
2030,sc01,10-31 18:00:00+01:00,Solar 68,0.0
2030,sc01,10-31 18:00:00+01:00,CT NG 21,0.0
2030,sc01,10-31 18:00:00+01:00,Wind 11,1.3654638630000002
2030,sc01,10-31 18:00:00+01:00,CC NG 37,30.7506
2030,sc01,10-31 18:00:00+01:00,CT NG 22,0.0
2030,sc01,10-31 18:00:00+01:00,Hydro 16,0.013640000000000001
2030,sc01,10-31 18:00:00+01:00,Biomass 59,0.20700000000000002
2030,sc01,10-31 18:00:00+01:00,CC NG 01,0.0
2030,sc01,10-31 18:00:00+01:00,Biomass 16,0.0
2030,sc01,10-31 18:00:00+01:00,Solar 03,0.0
2030,sc01,10-31 18:00:00+01:00,Solar 44,0.0
2030,sc01,10-31 18:00:00+01:00,CT NG 08,0.0
2030,sc01,10-31 18:00:00+01:00,Wind 05,0.1780490936
2030,sc01,10-31 18:00:00+01:00,Biomass 26,0.08449999999999999
2030,sc01,10-31 18:00:00+01:00,Solar 37,0.0
2030,sc01,10-31 18:00:00+01:00,Biomass 11,0.019
2030,sc01,10-31 18:00:00+01:00,Solar 59,0.0
2030,sc01,10-31 18:00:00+01:00,CT NG 11,0.0
2030,sc01,10-31 18:00:00+01:00,Biomass 30,0.08449999999999999
2030,sc01,10-31 18:00:00+01:00,Hydro 23,2.041132
2030,sc01,10-31 18:00:00+01:00,CC NG 24,0.0
2030,sc01,10-31 18:00:00+01:00,Solar 65,0.0
2030,sc01,10-31 18:00:00+01:00,CC NG 18,26.149247768809037
2030,sc01,10-31 18:00:00+01:00,CT NG 16,0.0
2030,sc01,10-31 18:00:00+01:00,Solar 51,0.0
2030,sc01,10-31 18:00:00+01:00,Wind 06,2.0378744825
2030,sc01,10-31 18:00:00+01:00,CC NG 26,0.0
2030,sc01,10-31 18:00:00+01:00,CC NG 23,0.0
2030,sc01,10-31 18:00:00+01:00,CT NG 43,0.0
2030,sc01,10-31 18:00:00+01:00,CC NG 11,0.0
2030,sc01,10-31 18:00:00+01:00,CT NG 02,0.0
2030,sc01,10-31 18:00:00+01:00,CT NG 50,0.0
2030,sc01,10-31 18:00:00+01:00,Hydro 27,0.66495
2030,sc01,10-31 18:00:00+01:00,CT NG 13,0.0
2030,sc01,10-31 18:00:00+01:00,CT NG 25,0.0
2030,sc01,10-31 18:00:00+01:00,CC NG 05,0.0
2030,sc01,10-31 18:00:00+01:00,Solar 04,0.0
2030,sc01,10-31 18:00:00+01:00,Solar 30,0.0
2030,sc01,10-31 18:00:00+01:00,Solar 29,0.0
2030,sc01,10-31 18:00:00+01:00,Solar 53,0.0
2030,sc01,10-31 18:00:00+01:00,Solar 21,0.0
2030,sc01,10-31 18:00:00+01:00,Biomass 58,0.10049999999999998
2030,sc01,10-31 18:00:00+01:00,CT NG 74,0.0
2030,sc01,10-31 18:00:00+01:00,Solar 61,0.0
2030,sc01,10-31 18:00:00+01:00,Wind 07,1.3117703785000001
2030,sc01,10-31 18:00:00+01:00,Biomass 31,0.08449999999999999
2030,sc01,10-31 18:00:00+01:00,CT Oil 05,0.0
2030,sc01,10-31 18:00:00+01:00,Biomass 38,0.0395
2030,sc01,10-31 18:00:00+01:00,Solar 41,0.0
2030,sc01,10-31 18:00:00+01:00,Biomass 51,0.009
2030,sc01,10-31 18:00:00+01:00,Biomass 55,0.123
2030,sc01,10-31 18:00:00+01:00,Wind 15,1.1728219494999998
2030,sc01,10-31 18:00:00+01:00,Geo 01,0.8
2030,sc01,10-31 18:00:00+01:00,Biomass 60,0.135
2030,sc01,10-31 18:00:00+01:00,CT NG 38,0.0
2030,sc01,10-31 18:00:00+01:00,Solar 66,0.0
2030,sc01,10-31 18:00:00+01:00,Solar 49,0.0
2030,sc01,10-31 18:00:00+01:00,CT NG 51,0.0
2030,sc01,10-31 18:00:00+01:00,Biomass 18,0.0
2030,sc01,10-31 18:00:00+01:00,ICE NG 01,0.0
2030,sc01,10-31 18:00:00+01:00,Solar 15,0.0
2030,sc01,10-31 18:00:00+01:00,ICE NG 05,0.0
2030,sc01,10-31 18:00:00+01:00,CT Oil 04,0.0
2030,sc01,10-31 18:00:00+01:00,CC NG 20,0.0
2030,sc01,10-31 18:00:00+01:00,Solar 20,0.0
2030,sc01,10-31 18:00:00+01:00,Biomass 04,0.013000000000000001
2030,sc01,10-31 18:00:00+01:00,Wind 02,3.1742420620000003
2030,sc01,10-31 18:00:00+01:00,Hydro 25,0.66495
2030,sc01,10-31 18:00:00+01:00,Solar 75,0.0
2030,sc01,10-31 18:00:00+01:00,Hydro 33,3.4804139999999997
2030,sc01,10-31 18:00:00+01:00,ST NG 05,3.0361
2030,sc01,10-31 18:00:00+01:00,CT NG 07,0.0
2030,sc01,10-31 18:00:00+01:00,Wind 01,0.8421956789999999
2030,sc01,10-31 18:00:00+01:00,Solar 56,0.0
2030,sc01,10-31 18:00:00+01:00,Biomass 09,0.038500000000000006
2030,sc01,10-31 18:00:00+01:00,Biomass 53,0.123
2030,sc01,10-31 18:00:00+01:00,Wind 17,1.2609558375
2030,sc01,10-31 18:00:00+01:00,ST NG 08,0.0
2030,sc01,10-31 18:00:00+01:00,Hydro 19,0.226325
2030,sc01,10-31 18:00:00+01:00,ST NG 02,0.0
2030,sc01,10-31 18:00:00+01:00,Biomass 01,0.051500000000000004
2030,sc01,10-31 18:00:00+01:00,Biomass 57,0.10049999999999998
2030,sc01,10-31 18:00:00+01:00,CT NG 49,0.0
2030,sc01,10-31 18:00:00+01:00,CT NG 31,0.0
2030,sc01,10-31 18:00:00+01:00,Solar 64,0.0
2030,sc01,10-31 18:00:00+01:00,CC NG 33,0.0
2030,sc01,10-31 18:00:00+01:00,Solar 46,0.0
2030,sc01,10-31 18:00:00+01:00,Biomass 12,0.019
2030,sc01,10-31 18:00:00+01:00,Wind 04,0.0100666828
2030,sc01,10-31 18:00:00+01:00,Solar 13,0.0
2030,sc01,10-31 18:00:00+01:00,CT NG 55,0.0
2030,sc01,10-31 18:00:00+01:00,Wind N03,48.498301444999996
2030,sc01,10-31 18:00:00+01:00,CT NG 28,0.0
2030,sc01,10-31 18:00:00+01:00,Wind 09,2.5524883145
2030,sc01,10-31 18:00:00+01:00,Solar 60,0.0
2030,sc01,10-31 18:00:00+01:00,Solar 25,0.0
2030,sc01,10-31 18:00:00+01:00,CT NG 23,0.0
2030,sc01,10-31 18:00:00+01:00,ST Other 01,0.0
2030,sc01,10-31 18:00:00+01:00,Solar 70,0.0
2030,sc01,10-31 18:00:00+01:00,CC NG 34,29.93042459265398
2030,sc01,10-31 18:00:00+01:00,Solar 48,0.0
2030,sc01,10-31 18:00:00+01:00,Biomass 56,0.124
2030,sc01,10-31 18:00:00+01:00,CT NG 36,0.0
2030,sc01,10-31 18:00:00+01:00,Solar 47,0.0
2030,sc01,10-31 18:00:00+01:00,Hydro 17,0.0230175
2030,sc01,10-31 18:00:00+01:00,Solar 09,0.0
2030,sc01,10-31 18:00:00+01:00,Solar 08,0.0
2030,sc01,10-31 18:00:00+01:00,CT NG 45,0.0
2030,sc01,10-31 18:00:00+01:00,ST NG 04,3.0361
2030,sc01,10-31 18:00:00+01:00,Solar 40,0.0
2030,sc01,10-31 18:00:00+01:00,Biomass 47,0.1165
2030,sc01,10-31 18:00:00+01:00,Solar 50,0.0
2030,sc01,10-31 18:00:00+01:00,Solar 52,0.0
2030,sc01,10-31 18:00:00+01:00,Solar 63,0.0
2030,sc01,10-31 18:00:00+01:00,CC NG 06,0.0
2030,sc01,10-31 18:00:00+01:00,Biomass 39,0.0395
2030,sc01,10-31 18:00:00+01:00,Solar 67,0.0
2030,sc01,10-31 18:00:00+01:00,Solar 19,0.0
2030,sc01,10-31 18:00:00+01:00,Wind 12,11.384534165
2030,sc01,10-31 18:00:00+01:00,Solar 24,0.0
2030,sc01,10-31 18:00:00+01:00,ICE NG 02,0.0
2030,sc01,10-31 18:00:00+01:00,Solar 05,0.0
2030,sc01,10-31 18:00:00+01:00,CT NG 54,0.0
2030,sc01,10-31 18:00:00+01:00,Wind N01,108.00711899999999
2030,sc01,10-31 18:00:00+01:00,CT NG 27,0.0
2030,sc01,10-31 18:00:00+01:00,CC NG 36,0.0
2030,sc01,10-31 18:00:00+01:00,Wind N02,118.33868520000001
2030,sc01,10-31 18:00:00+01:00,CT NG 52,0.0
2030,sc01,10-31 18:00:00+01:00,Solar 35,0.0
2030,sc01,10-31 18:00:00+01:00,CT NG 05,0.0
2030,sc01,10-31 18:00:00+01:00,Biomass 36,0.07200000000000001
2030,sc01,10-31 18:00:00+01:00,CT NG 34,0.0
2030,sc01,10-31 18:00:00+01:00,CT Oil 03,0.0
2030,sc01,10-31 18:00:00+01:00,Hydro 35,0.0
2030,sc01,10-31 18:00:00+01:00,Solar 14,0.0
2030,sc01,10-31 18:00:00+01:00,CT NG 75,0.0
2030,sc01,10-31 18:00:00+01:00,ST NG 09,0.0
2030,sc01,10-31 18:00:00+01:00,CT NG 56,0.0
2030,sc01,10-31 18:00:00+01:00,Biomass 22,0.018
2030,sc01,10-31 18:00:00+01:00,Solar 18,0.0
2030,sc01,10-31 18:00:00+01:00,Biomass 13,0.019
2030,sc01,10-31 18:00:00+01:00,CT NG 71,0.0
2030,sc01,10-31 18:00:00+01:00,Solar 58,0.0
2030,sc01,10-31 18:00:00+01:00,Solar 06,0.0
2030,sc01,10-31 18:00:00+01:00,Biomass 08,0.038500000000000006
2030,sc01,10-31 18:00:00+01:00,CT NG 72,0.0
2030,sc01,10-31 18:00:00+01:00,Hydro 18,0.0792825
2030,sc01,10-31 18:00:00+01:00,Solar 10,0.0
2030,sc01,10-31 18:00:00+01:00,CT NG 04,0.0
2030,sc01,10-31 18:00:00+01:00,ST Other 02,0.0
2030,sc01,10-31 18:00:00+01:00,CT NG 12,0.0
2030,sc01,10-31 18:00:00+01:00,CT NG 48,0.0
2030,sc01,10-31 18:00:00+01:00,ST NG 10,0.0
2030,sc01,10-31 18:00:00+01:00,Solar 22,0.0
2030,sc01,10-31 18:00:00+01:00,Solar 28,0.0
2030,sc01,10-31 18:00:00+01:00,CT NG 73,0.0
2030,sc01,10-31 18:00:00+01:00,Biomass 52,0.08750000000000001
2030,sc01,10-31 18:00:00+01:00,CT NG 30,0.0
2030,sc01,10-31 18:00:00+01:00,Solar 54,0.0
2030,sc01,10-31 18:00:00+01:00,Solar 31,0.0
2030,sc01,10-31 18:00:00+01:00,Biomass 03,0.013000000000000001
2030,sc01,10-31 18:00:00+01:00,CT NG 32,0.0
2030,sc01,10-31 18:00:00+01:00,Biomass 27,0.08449999999999999
2030,sc01,10-31 18:00:00+01:00,CC NG 14,0.0
2030,sc01,10-31 18:00:00+01:00,CC NG 03,0.0
2030,sc01,10-31 18:00:00+01:00,CC NG 29,0.0
2030,sc01,10-31 18:00:00+01:00,CC NG 28,8.775525
2030,sc01,10-31 18:00:00+01:00,CC NG 25,0.0
2030,sc01,10-31 18:00:00+01:00,CT NG 44,0.0
2030,sc01,10-31 18:00:00+01:00,CT NG 14,0.0
2030,sc01,10-31 18:00:00+01:00,CC NG 15,0.0
2030,sc01,10-31 18:00:00+01:00,CC NG 04,0.0
2030,sc01,10-31 18:00:00+01:00,Biomass 29,0.08449999999999999
2030,sc01,10-31 18:00:00+01:00,Wind 14,16.16027793
2030,sc01,10-31 18:00:00+01:00,Wind 08,2.593371489
2030,sc01,10-31 18:00:00+01:00,Biomass 61,0.017
2030,sc01,10-31 18:00:00+01:00,CT NG 35,0.0
2030,sc01,10-31 18:00:00+01:00,Solar 33,0.0
2030,sc01,10-31 18:00:00+01:00,CT NG 41,0.0
2030,sc01,10-31 18:00:00+01:00,CT NG 15,0.0
2030,sc01,10-31 18:00:00+01:00,Solar 42,0.0
2030,sc01,10-31 18:00:00+01:00,Solar 07,0.0
2030,sc01,10-31 18:00:00+01:00,Solar 43,0.0
2030,sc01,10-31 18:00:00+01:00,Biomass 05,0.022500000000000003
2030,sc01,10-31 18:00:00+01:00,CT NG 29,0.0
2030,sc01,10-31 18:00:00+01:00,Solar 71,0.0
2030,sc01,10-31 18:00:00+01:00,CT NG 53,0.0
2030,sc01,10-31 18:00:00+01:00,CT NG 20,0.0
2030,sc01,10-31 18:00:00+01:00,Biomass 14,0.042
2030,sc01,10-31 18:00:00+01:00,Solar 26,0.0
2030,sc01,10-31 18:00:00+01:00,Hydro 29,1.38825
2030,sc01,10-31 18:00:00+01:00,Hydro 31,0.0068200000000000005
2030,sc01,10-31 18:00:00+01:00,Biomass 24,0.014000000000000002
2030,sc01,10-31 18:00:00+01:00,Biomass 54,0.123
2030,sc01,10-31 18:00:00+01:00,Solar 36,0.0
2030,sc01,10-31 18:00:00+01:00,Wind 03,0.043561329600000004
2030,sc01,10-31 18:00:00+01:00,Biomass 40,0.0395
2030,sc01,10-31 18:00:00+01:00,Biomass 49,0.0145
2030,sc01,10-31 18:00:00+01:00,CC NG 16,45.618225
2030,sc01,10-31 18:00:00+01:00,Biomass 48,0.1165
2030,sc01,10-31 18:00:00+01:00,Hydro 28,1.38825
2030,sc01,10-31 18:00:00+01:00,Biomass 17,0.0
2030,sc01,10-31 18:00:00+01:00,CT NG 33,0.0
2030,sc01,10-31 18:00:00+01:00,Solar 45,0.0
2030,sc01,10-31 18:00:00+01:00,Hydro 24,2.041132
2030,sc01,10-31 18:00:00+01:00,Wind 13,5.2694772500000004
2030,sc01,10-31 18:00:00+01:00,Biomass 07,0.1
2030,sc01,10-31 18:00:00+01:00,Biomass 34,0.07200000000000001
2030,sc01,10-31 18:00:00+01:00,Biomass 33,0.07200000000000001
2030,sc01,10-31 18:00:00+01:00,CT NG 01,0.0
2030,sc01,10-31 18:00:00+01:00,ICE NG 03,0.0
2030,sc01,10-31 18:00:00+01:00,Solar 55,0.0
2030,sc01,10-31 18:00:00+01:00,Solar 11,0.0
2030,sc01,10-31 18:00:00+01:00,CT NG 06,0.0
2030,sc01,10-31 18:00:00+01:00,CT NG 70,0.0
2030,sc01,10-31 18:00:00+01:00,Solar 23,0.0
2030,sc01,10-31 18:00:00+01:00,CT NG 67,0.0
2030,sc01,10-31 18:00:00+01:00,Solar 12,0.0
2030,sc01,10-31 18:00:00+01:00,CT Oil 01,0.0
2030,sc01,10-31 18:00:00+01:00,Hydro 26,0.66495
2030,sc01,10-31 18:00:00+01:00,CC NG 22,32.771629999999995
2030,sc01,10-31 18:00:00+01:00,CC NG 35,4.606670368793951
2030,sc01,10-31 18:00:00+01:00,Biomass 50,0.009
2030,sc01,10-31 18:00:00+01:00,ICE NG 04,0.0
2030,sc01,10-31 18:00:00+01:00,CC NG 39,0.0
2030,sc01,10-31 18:00:00+01:00,Hydro 32,0.008184
2030,sc01,10-31 18:00:00+01:00,ICE NG 07,0.0
2030,sc01,10-31 18:00:00+01:00,Biomass 46,0.0325
2030,sc01,10-31 18:00:00+01:00,CC NG 38,4.74797
2030,sc01,10-31 18:00:00+01:00,CC NG 12,0.0
2030,sc01,10-31 18:00:00+01:00,Solar 57,0.0
2030,sc01,10-31 18:00:00+01:00,CC NG 32,0.0
2030,sc01,10-31 18:00:00+01:00,CC NG 07,0.0
2030,sc01,10-31 18:00:00+01:00,Biomass 44,0.0605
2030,sc01,10-31 18:00:00+01:00,CT NG 40,0.0
2030,sc01,10-31 18:00:00+01:00,Solar 74,0.0
2030,sc01,10-31 18:00:00+01:00,Hydro 30,0.0
2030,sc01,10-31 18:00:00+01:00,CT NG 42,0.0
2030,sc01,10-31 18:00:00+01:00,Hydro 22,1.4479815
2030,sc01,10-31 18:00:00+01:00,Solar 17,0.0
2030,sc01,10-31 18:00:00+01:00,Solar 38,0.0
2030,sc01,10-31 18:00:00+01:00,CT NG 24,0.0
2030,sc01,10-31 18:00:00+01:00,CC NG 27,0.0
2030,sc01,10-31 18:00:00+01:00,Biomass 21,0.018
2030,sc01,10-31 18:00:00+01:00,ICE NG 06,0.0
2030,sc01,10-31 18:00:00+01:00,Biomass 25,0.014000000000000002
2030,sc01,10-31 18:00:00+01:00,Solar 27,0.0
2030,sc01,10-31 18:00:00+01:00,CT NG 19,0.0
2030,sc01,10-31 18:00:00+01:00,Biomass 42,0.0675
2030,sc01,10-31 18:00:00+01:00,Biomass 19,0.018
2030,sc01,10-31 18:00:00+01:00,Biomass 06,0.022500000000000003
2030,sc01,10-31 18:00:00+01:00,CT NG 10,0.0
2030,sc01,10-31 18:00:00+01:00,CC NG 40,36.315684999999995
2030,sc01,10-31 18:00:00+01:00,CC NG 21,0.0
2030,sc01,10-31 18:00:00+01:00,Biomass 02,0.051500000000000004
2030,sc01,10-31 18:00:00+01:00,CT NG 46,0.0
2030,sc01,10-31 18:00:00+01:00,Hydro 34,3.4804139999999997
2030,sc01,10-31 18:00:00+01:00,Biomass 10,0.038500000000000006
2030,sc01,10-31 18:00:00+01:00,CT NG 17,0.0
2030,sc01,10-31 18:00:00+01:00,Biomass 62,0.092
2030,sc01,10-31 18:00:00+01:00,Biomass 32,0.061
2030,sc01,10-31 18:00:00+01:00,CC NG 19,6.769
2030,sc01,10-31 18:00:00+01:00,CC NG 17,0.0
2030,sc01,10-31 18:00:00+01:00,ST NG 01,0.0
2030,sc01,10-31 18:00:00+01:00,Biomass 45,0.0605
2030,sc01,10-31 18:00:00+01:00,Biomass 28,0.08449999999999999
2030,sc01,10-31 18:00:00+01:00,CC NG 10,0.0
2030,sc01,10-31 18:00:00+01:00,Biomass 23,0.014000000000000002
2030,sc01,10-31 18:00:00+01:00,ST NG 06,0.0
2030,sc01,10-31 18:00:00+01:00,Wind 10,2.551684818
2030,sc01,10-31 18:00:00+01:00,CT NG 69,0.0
2030,sc01,10-31 18:00:00+01:00,CT NG 68,0.0
2030,sc01,11-02 07:00:00+01:00,CC NG 13,0.0
2030,sc01,11-02 07:00:00+01:00,CT NG 37,0.0
2030,sc01,11-02 07:00:00+01:00,ST Coal 01,0.0
2030,sc01,11-02 07:00:00+01:00,CT NG 09,0.0
2030,sc01,11-02 07:00:00+01:00,CT NG 47,0.0
2030,sc01,11-02 07:00:00+01:00,Solar 69,0.0
2030,sc01,11-02 07:00:00+01:00,Solar 34,4.80431229736645
2030,sc01,11-02 07:00:00+01:00,Solar 73,0.0
2030,sc01,11-02 07:00:00+01:00,Biomass 37,0.0
2030,sc01,11-02 07:00:00+01:00,Hydro 20,0.0
2030,sc01,11-02 07:00:00+01:00,Solar 01,3.1790779224000003
2030,sc01,11-02 07:00:00+01:00,Solar 62,0.0
2030,sc01,11-02 07:00:00+01:00,Solar 02,1.7045139376800003
2030,sc01,11-02 07:00:00+01:00,CT NG 26,0.0
2030,sc01,11-02 07:00:00+01:00,Biomass 20,0.00912
2030,sc01,11-02 07:00:00+01:00,Wind 16,0.0
2030,sc01,11-02 07:00:00+01:00,CT NG 66,0.0
2030,sc01,11-02 07:00:00+01:00,Solar 39,0.0
2030,sc01,11-02 07:00:00+01:00,Biomass 41,0.0
2030,sc01,11-02 07:00:00+01:00,Solar 72,0.0
2030,sc01,11-02 07:00:00+01:00,ST NG 03,0.0
2030,sc01,11-02 07:00:00+01:00,Hydro 21,0.0
2030,sc01,11-02 07:00:00+01:00,CT NG 03,0.0
2030,sc01,11-02 07:00:00+01:00,CC NG 09,0.0
2030,sc01,11-02 07:00:00+01:00,CT Oil 02,0.0
2030,sc01,11-02 07:00:00+01:00,CT NG 39,0.0
2030,sc01,11-02 07:00:00+01:00,CC NG 08,0.0
2030,sc01,11-02 07:00:00+01:00,Biomass 43,0.0
2030,sc01,11-02 07:00:00+01:00,CT NG 18,0.0
2030,sc01,11-02 07:00:00+01:00,ST NG 07,0.0
2030,sc01,11-02 07:00:00+01:00,Biomass 35,0.0
2030,sc01,11-02 07:00:00+01:00,Solar 32,0.0
2030,sc01,11-02 07:00:00+01:00,Biomass 15,0.00504
2030,sc01,11-02 07:00:00+01:00,CC NG 31,0.0
2030,sc01,11-02 07:00:00+01:00,Solar 16,0.21943939257599998
2030,sc01,11-02 07:00:00+01:00,Solar 68,0.0
2030,sc01,11-02 07:00:00+01:00,CT NG 21,0.0
2030,sc01,11-02 07:00:00+01:00,Wind 11,0.110129874816
2030,sc01,11-02 07:00:00+01:00,CC NG 37,0.0
2030,sc01,11-02 07:00:00+01:00,CT NG 22,0.0
2030,sc01,11-02 07:00:00+01:00,Hydro 16,0.006641280000000001
2030,sc01,11-02 07:00:00+01:00,Biomass 59,0.09936
2030,sc01,11-02 07:00:00+01:00,CC NG 01,0.0
2030,sc01,11-02 07:00:00+01:00,Biomass 16,0.00504
2030,sc01,11-02 07:00:00+01:00,Solar 03,1.0446463572
2030,sc01,11-02 07:00:00+01:00,Solar 44,0.0
2030,sc01,11-02 07:00:00+01:00,CT NG 08,0.0
2030,sc01,11-02 07:00:00+01:00,Wind 05,0.042099104832
2030,sc01,11-02 07:00:00+01:00,Biomass 26,0.04104
2030,sc01,11-02 07:00:00+01:00,Solar 37,0.0
2030,sc01,11-02 07:00:00+01:00,Biomass 11,0.008879999999999999
2030,sc01,11-02 07:00:00+01:00,Solar 59,0.0
2030,sc01,11-02 07:00:00+01:00,CT NG 11,0.0
2030,sc01,11-02 07:00:00+01:00,Biomass 30,0.04104
2030,sc01,11-02 07:00:00+01:00,Hydro 23,0.0
2030,sc01,11-02 07:00:00+01:00,CC NG 24,0.0
2030,sc01,11-02 07:00:00+01:00,Solar 65,3.5290168656
2030,sc01,11-02 07:00:00+01:00,CC NG 18,0.0
2030,sc01,11-02 07:00:00+01:00,CT NG 16,0.0
2030,sc01,11-02 07:00:00+01:00,Solar 51,0.0
2030,sc01,11-02 07:00:00+01:00,Wind 06,0.85130235456
2030,sc01,11-02 07:00:00+01:00,CC NG 26,0.0
2030,sc01,11-02 07:00:00+01:00,CC NG 23,0.0
2030,sc01,11-02 07:00:00+01:00,CT NG 43,0.0
2030,sc01,11-02 07:00:00+01:00,CC NG 11,0.0
2030,sc01,11-02 07:00:00+01:00,CT NG 02,0.0
2030,sc01,11-02 07:00:00+01:00,CT NG 50,0.0
2030,sc01,11-02 07:00:00+01:00,Hydro 27,0.0
2030,sc01,11-02 07:00:00+01:00,CT NG 13,0.0
2030,sc01,11-02 07:00:00+01:00,CT NG 25,0.0
2030,sc01,11-02 07:00:00+01:00,CC NG 05,0.0
2030,sc01,11-02 07:00:00+01:00,Solar 04,0.19055310681600002
2030,sc01,11-02 07:00:00+01:00,Solar 30,0.211607927808
2030,sc01,11-02 07:00:00+01:00,Solar 29,0.27594823656
2030,sc01,11-02 07:00:00+01:00,Solar 53,0.0
2030,sc01,11-02 07:00:00+01:00,Solar 21,0.72303080304
2030,sc01,11-02 07:00:00+01:00,Biomass 58,0.048960000000000004
2030,sc01,11-02 07:00:00+01:00,CT NG 74,0.0
2030,sc01,11-02 07:00:00+01:00,Solar 61,0.0
2030,sc01,11-02 07:00:00+01:00,Wind 07,0.135352341504
2030,sc01,11-02 07:00:00+01:00,Biomass 31,0.04104
2030,sc01,11-02 07:00:00+01:00,CT Oil 05,0.0
2030,sc01,11-02 07:00:00+01:00,Biomass 38,0.0
2030,sc01,11-02 07:00:00+01:00,Solar 41,0.0
2030,sc01,11-02 07:00:00+01:00,Biomass 51,0.0
2030,sc01,11-02 07:00:00+01:00,Biomass 55,0.06336
2030,sc01,11-02 07:00:00+01:00,Wind 15,0.0
2030,sc01,11-02 07:00:00+01:00,Geo 01,0.0
2030,sc01,11-02 07:00:00+01:00,Biomass 60,0.0648
2030,sc01,11-02 07:00:00+01:00,CT NG 38,0.0
2030,sc01,11-02 07:00:00+01:00,Solar 66,6.734614716
2030,sc01,11-02 07:00:00+01:00,Solar 49,0.0
2030,sc01,11-02 07:00:00+01:00,CT NG 51,0.0
2030,sc01,11-02 07:00:00+01:00,Biomass 18,0.00504
2030,sc01,11-02 07:00:00+01:00,ICE NG 01,0.0
2030,sc01,11-02 07:00:00+01:00,Solar 15,0.41349476352
2030,sc01,11-02 07:00:00+01:00,ICE NG 05,0.0
2030,sc01,11-02 07:00:00+01:00,CT Oil 04,0.0
2030,sc01,11-02 07:00:00+01:00,CC NG 20,0.0
2030,sc01,11-02 07:00:00+01:00,Solar 20,0.32249267568
2030,sc01,11-02 07:00:00+01:00,Biomass 04,0.0
2030,sc01,11-02 07:00:00+01:00,Wind 02,0.7575229092
2030,sc01,11-02 07:00:00+01:00,Hydro 25,0.0
2030,sc01,11-02 07:00:00+01:00,Solar 75,2.2797591494400002
2030,sc01,11-02 07:00:00+01:00,Hydro 33,0.0
2030,sc01,11-02 07:00:00+01:00,ST NG 05,0.0
2030,sc01,11-02 07:00:00+01:00,CT NG 07,0.0
2030,sc01,11-02 07:00:00+01:00,Wind 01,0.110543589504
2030,sc01,11-02 07:00:00+01:00,Solar 56,0.0
2030,sc01,11-02 07:00:00+01:00,Biomass 09,0.02064
2030,sc01,11-02 07:00:00+01:00,Biomass 53,0.06336
2030,sc01,11-02 07:00:00+01:00,Wind 17,14.607586419940262
2030,sc01,11-02 07:00:00+01:00,ST NG 08,0.0
2030,sc01,11-02 07:00:00+01:00,Hydro 19,0.0
2030,sc01,11-02 07:00:00+01:00,ST NG 02,0.0
2030,sc01,11-02 07:00:00+01:00,Biomass 01,0.026640000000000004
2030,sc01,11-02 07:00:00+01:00,Biomass 57,0.048960000000000004
2030,sc01,11-02 07:00:00+01:00,CT NG 49,0.0
2030,sc01,11-02 07:00:00+01:00,CT NG 31,0.0
2030,sc01,11-02 07:00:00+01:00,Solar 64,1.8527301247199999
2030,sc01,11-02 07:00:00+01:00,CC NG 33,0.0
2030,sc01,11-02 07:00:00+01:00,Solar 46,0.0
2030,sc01,11-02 07:00:00+01:00,Biomass 12,0.008879999999999999
2030,sc01,11-02 07:00:00+01:00,Wind 04,0.24378894840000004
2030,sc01,11-02 07:00:00+01:00,Solar 13,0.01038021888
2030,sc01,11-02 07:00:00+01:00,CT NG 55,0.0
2030,sc01,11-02 07:00:00+01:00,Wind N03,60.03214583053858
2030,sc01,11-02 07:00:00+01:00,CT NG 28,0.0
2030,sc01,11-02 07:00:00+01:00,Wind 09,0.5494005134400001
2030,sc01,11-02 07:00:00+01:00,Solar 60,0.0
2030,sc01,11-02 07:00:00+01:00,Solar 25,0.076119967296
2030,sc01,11-02 07:00:00+01:00,CT NG 23,0.0
2030,sc01,11-02 07:00:00+01:00,ST Other 01,0.0
2030,sc01,11-02 07:00:00+01:00,Solar 70,12.530393827199998
2030,sc01,11-02 07:00:00+01:00,CC NG 34,0.0
2030,sc01,11-02 07:00:00+01:00,Solar 48,0.0
2030,sc01,11-02 07:00:00+01:00,Biomass 56,0.06288
2030,sc01,11-02 07:00:00+01:00,CT NG 36,0.0
2030,sc01,11-02 07:00:00+01:00,Solar 47,0.0
2030,sc01,11-02 07:00:00+01:00,Hydro 17,0.0
2030,sc01,11-02 07:00:00+01:00,Solar 09,0.50450555184
2030,sc01,11-02 07:00:00+01:00,Solar 08,0.09855428812799999
2030,sc01,11-02 07:00:00+01:00,CT NG 45,0.0
2030,sc01,11-02 07:00:00+01:00,ST NG 04,0.0
2030,sc01,11-02 07:00:00+01:00,Solar 40,0.0
2030,sc01,11-02 07:00:00+01:00,Biomass 47,0.0
2030,sc01,11-02 07:00:00+01:00,Solar 50,0.0
2030,sc01,11-02 07:00:00+01:00,Solar 52,0.0
2030,sc01,11-02 07:00:00+01:00,Solar 63,3.9565629192
2030,sc01,11-02 07:00:00+01:00,CC NG 06,0.0
2030,sc01,11-02 07:00:00+01:00,Biomass 39,0.0
2030,sc01,11-02 07:00:00+01:00,Solar 67,2.6374880064
2030,sc01,11-02 07:00:00+01:00,Solar 19,0.0
2030,sc01,11-02 07:00:00+01:00,Wind 12,8.7824246664
2030,sc01,11-02 07:00:00+01:00,Solar 24,0.056774215104000006
2030,sc01,11-02 07:00:00+01:00,ICE NG 02,0.0
2030,sc01,11-02 07:00:00+01:00,Solar 05,0.0
2030,sc01,11-02 07:00:00+01:00,CT NG 54,0.0
2030,sc01,11-02 07:00:00+01:00,Wind N01,83.320439136
2030,sc01,11-02 07:00:00+01:00,CT NG 27,0.0
2030,sc01,11-02 07:00:00+01:00,CC NG 36,0.0
2030,sc01,11-02 07:00:00+01:00,Wind N02,54.30581649690085
2030,sc01,11-02 07:00:00+01:00,CT NG 52,0.0
2030,sc01,11-02 07:00:00+01:00,Solar 35,0.0
2030,sc01,11-02 07:00:00+01:00,CT NG 05,0.0
2030,sc01,11-02 07:00:00+01:00,Biomass 36,0.0
2030,sc01,11-02 07:00:00+01:00,CT NG 34,0.0
2030,sc01,11-02 07:00:00+01:00,CT Oil 03,0.0
2030,sc01,11-02 07:00:00+01:00,Hydro 35,0.0
2030,sc01,11-02 07:00:00+01:00,Solar 14,0.45971306759999997
2030,sc01,11-02 07:00:00+01:00,CT NG 75,0.0
2030,sc01,11-02 07:00:00+01:00,ST NG 09,0.0
2030,sc01,11-02 07:00:00+01:00,CT NG 56,0.0
2030,sc01,11-02 07:00:00+01:00,Biomass 22,0.00912
2030,sc01,11-02 07:00:00+01:00,Solar 18,0.4848883521599999
2030,sc01,11-02 07:00:00+01:00,Biomass 13,0.008879999999999999
2030,sc01,11-02 07:00:00+01:00,CT NG 71,0.0
2030,sc01,11-02 07:00:00+01:00,Solar 58,0.0
2030,sc01,11-02 07:00:00+01:00,Solar 06,0.156775311552
2030,sc01,11-02 07:00:00+01:00,Biomass 08,0.02064
2030,sc01,11-02 07:00:00+01:00,CT NG 72,0.0
2030,sc01,11-02 07:00:00+01:00,Hydro 18,0.0
2030,sc01,11-02 07:00:00+01:00,Solar 10,0.31063687824
2030,sc01,11-02 07:00:00+01:00,CT NG 04,0.0
2030,sc01,11-02 07:00:00+01:00,ST Other 02,0.0
2030,sc01,11-02 07:00:00+01:00,CT NG 12,0.0
2030,sc01,11-02 07:00:00+01:00,CT NG 48,0.0
2030,sc01,11-02 07:00:00+01:00,ST NG 10,0.0
2030,sc01,11-02 07:00:00+01:00,Solar 22,0.28701596856
2030,sc01,11-02 07:00:00+01:00,Solar 28,0.25684586928
2030,sc01,11-02 07:00:00+01:00,CT NG 73,0.0
2030,sc01,11-02 07:00:00+01:00,Biomass 52,0.0
2030,sc01,11-02 07:00:00+01:00,CT NG 30,0.0
2030,sc01,11-02 07:00:00+01:00,Solar 54,0.0
2030,sc01,11-02 07:00:00+01:00,Solar 31,0.0
2030,sc01,11-02 07:00:00+01:00,Biomass 03,0.0
2030,sc01,11-02 07:00:00+01:00,CT NG 32,0.0
2030,sc01,11-02 07:00:00+01:00,Biomass 27,0.04104
2030,sc01,11-02 07:00:00+01:00,CC NG 14,0.0
2030,sc01,11-02 07:00:00+01:00,CC NG 03,0.0
2030,sc01,11-02 07:00:00+01:00,CC NG 29,0.0
2030,sc01,11-02 07:00:00+01:00,CC NG 28,0.0
2030,sc01,11-02 07:00:00+01:00,CC NG 25,0.0
2030,sc01,11-02 07:00:00+01:00,CT NG 44,0.0
2030,sc01,11-02 07:00:00+01:00,CT NG 14,0.4451175556938203
2030,sc01,11-02 07:00:00+01:00,CC NG 15,0.0
2030,sc01,11-02 07:00:00+01:00,CC NG 04,0.0
2030,sc01,11-02 07:00:00+01:00,Biomass 29,0.04104
2030,sc01,11-02 07:00:00+01:00,Wind 14,0.0
2030,sc01,11-02 07:00:00+01:00,Wind 08,0.5485819670400001
2030,sc01,11-02 07:00:00+01:00,Biomass 61,0.0
2030,sc01,11-02 07:00:00+01:00,CT NG 35,0.0
2030,sc01,11-02 07:00:00+01:00,Solar 33,0.0
2030,sc01,11-02 07:00:00+01:00,CT NG 41,0.0
2030,sc01,11-02 07:00:00+01:00,CT NG 15,0.0
2030,sc01,11-02 07:00:00+01:00,Solar 42,0.0
2030,sc01,11-02 07:00:00+01:00,Solar 07,0.008361181056000002
2030,sc01,11-02 07:00:00+01:00,Solar 43,0.0
2030,sc01,11-02 07:00:00+01:00,Biomass 05,0.01152
2030,sc01,11-02 07:00:00+01:00,CT NG 29,0.0
2030,sc01,11-02 07:00:00+01:00,Solar 71,0.0
2030,sc01,11-02 07:00:00+01:00,CT NG 53,0.0
2030,sc01,11-02 07:00:00+01:00,CT NG 20,0.0
2030,sc01,11-02 07:00:00+01:00,Biomass 14,0.01968
2030,sc01,11-02 07:00:00+01:00,Solar 26,0.07049240467199999
2030,sc01,11-02 07:00:00+01:00,Hydro 29,0.0
2030,sc01,11-02 07:00:00+01:00,Hydro 31,0.0033206400000000006
2030,sc01,11-02 07:00:00+01:00,Biomass 24,0.011040000000000001
2030,sc01,11-02 07:00:00+01:00,Biomass 54,0.06336
2030,sc01,11-02 07:00:00+01:00,Solar 36,0.0
2030,sc01,11-02 07:00:00+01:00,Wind 03,0.43278479568000006
2030,sc01,11-02 07:00:00+01:00,Biomass 40,0.0
2030,sc01,11-02 07:00:00+01:00,Biomass 49,0.0
2030,sc01,11-02 07:00:00+01:00,CC NG 16,0.0
2030,sc01,11-02 07:00:00+01:00,Biomass 48,0.0
2030,sc01,11-02 07:00:00+01:00,Hydro 28,0.0
2030,sc01,11-02 07:00:00+01:00,Biomass 17,0.00504
2030,sc01,11-02 07:00:00+01:00,CT NG 33,0.0
2030,sc01,11-02 07:00:00+01:00,Solar 45,0.0
2030,sc01,11-02 07:00:00+01:00,Hydro 24,0.0
2030,sc01,11-02 07:00:00+01:00,Wind 13,3.3037493064000003
2030,sc01,11-02 07:00:00+01:00,Biomass 07,0.048
2030,sc01,11-02 07:00:00+01:00,Biomass 34,0.0
2030,sc01,11-02 07:00:00+01:00,Biomass 33,0.0
2030,sc01,11-02 07:00:00+01:00,CT NG 01,0.5907024000000001
2030,sc01,11-02 07:00:00+01:00,ICE NG 03,0.0
2030,sc01,11-02 07:00:00+01:00,Solar 55,0.0
2030,sc01,11-02 07:00:00+01:00,Solar 11,0.077868894144
2030,sc01,11-02 07:00:00+01:00,CT NG 06,0.0
2030,sc01,11-02 07:00:00+01:00,CT NG 70,0.0
2030,sc01,11-02 07:00:00+01:00,Solar 23,0.01153013664
2030,sc01,11-02 07:00:00+01:00,CT NG 67,0.0
2030,sc01,11-02 07:00:00+01:00,Solar 12,0.060278750592
2030,sc01,11-02 07:00:00+01:00,CT Oil 01,0.0
2030,sc01,11-02 07:00:00+01:00,Hydro 26,0.0
2030,sc01,11-02 07:00:00+01:00,CC NG 22,0.0
2030,sc01,11-02 07:00:00+01:00,CC NG 35,0.0
2030,sc01,11-02 07:00:00+01:00,Biomass 50,0.0
2030,sc01,11-02 07:00:00+01:00,ICE NG 04,0.0
2030,sc01,11-02 07:00:00+01:00,CC NG 39,0.0
2030,sc01,11-02 07:00:00+01:00,Hydro 32,0.0039847680000000005
2030,sc01,11-02 07:00:00+01:00,ICE NG 07,0.0
2030,sc01,11-02 07:00:00+01:00,Biomass 46,0.0
2030,sc01,11-02 07:00:00+01:00,CC NG 38,0.0
2030,sc01,11-02 07:00:00+01:00,CC NG 12,0.0
2030,sc01,11-02 07:00:00+01:00,Solar 57,0.0
2030,sc01,11-02 07:00:00+01:00,CC NG 32,0.0
2030,sc01,11-02 07:00:00+01:00,CC NG 07,0.0
2030,sc01,11-02 07:00:00+01:00,Biomass 44,0.0
2030,sc01,11-02 07:00:00+01:00,CT NG 40,0.0
2030,sc01,11-02 07:00:00+01:00,Solar 74,2.8307812200000004
2030,sc01,11-02 07:00:00+01:00,Hydro 30,0.0
2030,sc01,11-02 07:00:00+01:00,CT NG 42,0.0
2030,sc01,11-02 07:00:00+01:00,Hydro 22,0.0
2030,sc01,11-02 07:00:00+01:00,Solar 17,0.118230720192
2030,sc01,11-02 07:00:00+01:00,Solar 38,0.0
2030,sc01,11-02 07:00:00+01:00,CT NG 24,0.0
2030,sc01,11-02 07:00:00+01:00,CC NG 27,0.0
2030,sc01,11-02 07:00:00+01:00,Biomass 21,0.00912
2030,sc01,11-02 07:00:00+01:00,ICE NG 06,0.0
2030,sc01,11-02 07:00:00+01:00,Biomass 25,0.011040000000000001
2030,sc01,11-02 07:00:00+01:00,Solar 27,0.028015242431999998
2030,sc01,11-02 07:00:00+01:00,CT NG 19,0.0
2030,sc01,11-02 07:00:00+01:00,Biomass 42,0.0
2030,sc01,11-02 07:00:00+01:00,Biomass 19,0.00912
2030,sc01,11-02 07:00:00+01:00,Biomass 06,0.01152
2030,sc01,11-02 07:00:00+01:00,CT NG 10,0.0
2030,sc01,11-02 07:00:00+01:00,CC NG 40,0.0
2030,sc01,11-02 07:00:00+01:00,CC NG 21,0.0
2030,sc01,11-02 07:00:00+01:00,Biomass 02,0.026640000000000004
2030,sc01,11-02 07:00:00+01:00,CT NG 46,0.0
2030,sc01,11-02 07:00:00+01:00,Hydro 34,0.0
2030,sc01,11-02 07:00:00+01:00,Biomass 10,0.02064
2030,sc01,11-02 07:00:00+01:00,CT NG 17,0.0
2030,sc01,11-02 07:00:00+01:00,Biomass 62,0.04704
2030,sc01,11-02 07:00:00+01:00,Biomass 32,0.030240000000000003
2030,sc01,11-02 07:00:00+01:00,CC NG 19,0.0
2030,sc01,11-02 07:00:00+01:00,CC NG 17,0.0
2030,sc01,11-02 07:00:00+01:00,ST NG 01,0.0
2030,sc01,11-02 07:00:00+01:00,Biomass 45,0.0
2030,sc01,11-02 07:00:00+01:00,Biomass 28,0.04104
2030,sc01,11-02 07:00:00+01:00,CC NG 10,0.0
2030,sc01,11-02 07:00:00+01:00,Biomass 23,0.011040000000000001
2030,sc01,11-02 07:00:00+01:00,ST NG 06,0.0
2030,sc01,11-02 07:00:00+01:00,Wind 10,0.603705564
2030,sc01,11-02 07:00:00+01:00,CT NG 69,0.0
2030,sc01,11-02 07:00:00+01:00,CT NG 68,0.0
2030,sc01,11-03 04:00:00+01:00,CC NG 13,0.0
2030,sc01,11-03 04:00:00+01:00,CT NG 37,0.0
2030,sc01,11-03 04:00:00+01:00,ST Coal 01,0.0
2030,sc01,11-03 04:00:00+01:00,CT NG 09,0.0
2030,sc01,11-03 04:00:00+01:00,CT NG 47,0.0
2030,sc01,11-03 04:00:00+01:00,Solar 69,0.0
2030,sc01,11-03 04:00:00+01:00,Solar 34,0.0
2030,sc01,11-03 04:00:00+01:00,Solar 73,0.0
2030,sc01,11-03 04:00:00+01:00,Biomass 37,0.0
2030,sc01,11-03 04:00:00+01:00,Hydro 20,29.5663797
2030,sc01,11-03 04:00:00+01:00,Solar 01,0.0
2030,sc01,11-03 04:00:00+01:00,Solar 62,0.0
2030,sc01,11-03 04:00:00+01:00,Solar 02,0.0
2030,sc01,11-03 04:00:00+01:00,CT NG 26,0.0
2030,sc01,11-03 04:00:00+01:00,Biomass 20,0.01365
2030,sc01,11-03 04:00:00+01:00,Wind 16,0.48161997078
2030,sc01,11-03 04:00:00+01:00,CT NG 66,0.0
2030,sc01,11-03 04:00:00+01:00,Solar 39,0.0
2030,sc01,11-03 04:00:00+01:00,Biomass 41,0.0
2030,sc01,11-03 04:00:00+01:00,Solar 72,0.0
2030,sc01,11-03 04:00:00+01:00,ST NG 03,0.0
2030,sc01,11-03 04:00:00+01:00,Hydro 21,15.277310117470218
2030,sc01,11-03 04:00:00+01:00,CT NG 03,0.0
2030,sc01,11-03 04:00:00+01:00,CC NG 09,0.0
2030,sc01,11-03 04:00:00+01:00,CT Oil 02,0.0
2030,sc01,11-03 04:00:00+01:00,CT NG 39,0.0
2030,sc01,11-03 04:00:00+01:00,CC NG 08,0.0
2030,sc01,11-03 04:00:00+01:00,Biomass 43,0.0
2030,sc01,11-03 04:00:00+01:00,CT NG 18,0.14738489999999996
2030,sc01,11-03 04:00:00+01:00,ST NG 07,0.0
2030,sc01,11-03 04:00:00+01:00,Biomass 35,0.0
2030,sc01,11-03 04:00:00+01:00,Solar 32,0.0
2030,sc01,11-03 04:00:00+01:00,Biomass 15,0.008190000000000001
2030,sc01,11-03 04:00:00+01:00,CC NG 31,0.0
2030,sc01,11-03 04:00:00+01:00,Solar 16,0.0
2030,sc01,11-03 04:00:00+01:00,Solar 68,0.0
2030,sc01,11-03 04:00:00+01:00,CT NG 21,0.0
2030,sc01,11-03 04:00:00+01:00,Wind 11,0.14439201348
2030,sc01,11-03 04:00:00+01:00,CC NG 37,0.0
2030,sc01,11-03 04:00:00+01:00,CT NG 22,0.0
2030,sc01,11-03 04:00:00+01:00,Hydro 16,0.01038648
2030,sc01,11-03 04:00:00+01:00,Biomass 59,0.16146000000000002
2030,sc01,11-03 04:00:00+01:00,CC NG 01,0.0
2030,sc01,11-03 04:00:00+01:00,Biomass 16,0.008190000000000001
2030,sc01,11-03 04:00:00+01:00,Solar 03,0.0
2030,sc01,11-03 04:00:00+01:00,Solar 44,0.0
2030,sc01,11-03 04:00:00+01:00,CT NG 08,0.0
2030,sc01,11-03 04:00:00+01:00,Wind 05,0.010501585847999999
2030,sc01,11-03 04:00:00+01:00,Biomass 26,0.06591
2030,sc01,11-03 04:00:00+01:00,Solar 37,0.0
2030,sc01,11-03 04:00:00+01:00,Biomass 11,0.014039999999999999
2030,sc01,11-03 04:00:00+01:00,Solar 59,0.0
2030,sc01,11-03 04:00:00+01:00,CT NG 11,0.0
2030,sc01,11-03 04:00:00+01:00,Biomass 30,0.06591
2030,sc01,11-03 04:00:00+01:00,Hydro 23,0.0
2030,sc01,11-03 04:00:00+01:00,CC NG 24,0.0
2030,sc01,11-03 04:00:00+01:00,Solar 65,0.0
2030,sc01,11-03 04:00:00+01:00,CC NG 18,0.0
2030,sc01,11-03 04:00:00+01:00,CT NG 16,0.0
2030,sc01,11-03 04:00:00+01:00,Solar 51,0.0
2030,sc01,11-03 04:00:00+01:00,Wind 06,1.24461878424
2030,sc01,11-03 04:00:00+01:00,CC NG 26,0.0
2030,sc01,11-03 04:00:00+01:00,CC NG 23,0.0
2030,sc01,11-03 04:00:00+01:00,CT NG 43,0.0
2030,sc01,11-03 04:00:00+01:00,CC NG 11,0.0
2030,sc01,11-03 04:00:00+01:00,CT NG 02,0.0
2030,sc01,11-03 04:00:00+01:00,CT NG 50,0.0
2030,sc01,11-03 04:00:00+01:00,Hydro 27,0.0
2030,sc01,11-03 04:00:00+01:00,CT NG 13,0.0
2030,sc01,11-03 04:00:00+01:00,CT NG 25,0.0
2030,sc01,11-03 04:00:00+01:00,CC NG 05,0.0
2030,sc01,11-03 04:00:00+01:00,Solar 04,0.0
2030,sc01,11-03 04:00:00+01:00,Solar 30,0.0
2030,sc01,11-03 04:00:00+01:00,Solar 29,0.0
2030,sc01,11-03 04:00:00+01:00,Solar 53,0.0
2030,sc01,11-03 04:00:00+01:00,Solar 21,0.0
2030,sc01,11-03 04:00:00+01:00,Biomass 58,0.0741
2030,sc01,11-03 04:00:00+01:00,CT NG 74,0.0
2030,sc01,11-03 04:00:00+01:00,Solar 61,0.0
2030,sc01,11-03 04:00:00+01:00,Wind 07,0.286134278352
2030,sc01,11-03 04:00:00+01:00,Biomass 31,0.06591
2030,sc01,11-03 04:00:00+01:00,CT Oil 05,0.0
2030,sc01,11-03 04:00:00+01:00,Biomass 38,0.0
2030,sc01,11-03 04:00:00+01:00,Solar 41,0.0
2030,sc01,11-03 04:00:00+01:00,Biomass 51,0.0
2030,sc01,11-03 04:00:00+01:00,Biomass 55,0.09281999999999999
2030,sc01,11-03 04:00:00+01:00,Wind 15,1.14688010619
2030,sc01,11-03 04:00:00+01:00,Geo 01,0.0
2030,sc01,11-03 04:00:00+01:00,Biomass 60,0.1053
2030,sc01,11-03 04:00:00+01:00,CT NG 38,0.0
2030,sc01,11-03 04:00:00+01:00,Solar 66,0.0
2030,sc01,11-03 04:00:00+01:00,Solar 49,0.0
2030,sc01,11-03 04:00:00+01:00,CT NG 51,0.0
2030,sc01,11-03 04:00:00+01:00,Biomass 18,0.008190000000000001
2030,sc01,11-03 04:00:00+01:00,ICE NG 01,0.0
2030,sc01,11-03 04:00:00+01:00,Solar 15,0.0
2030,sc01,11-03 04:00:00+01:00,ICE NG 05,0.0
2030,sc01,11-03 04:00:00+01:00,CT Oil 04,0.0
2030,sc01,11-03 04:00:00+01:00,CC NG 20,0.0
2030,sc01,11-03 04:00:00+01:00,Solar 20,0.0
2030,sc01,11-03 04:00:00+01:00,Biomass 04,0.0
2030,sc01,11-03 04:00:00+01:00,Wind 02,0.9443281329300001
2030,sc01,11-03 04:00:00+01:00,Hydro 25,0.0
2030,sc01,11-03 04:00:00+01:00,Solar 75,0.0
2030,sc01,11-03 04:00:00+01:00,Hydro 33,0.0
2030,sc01,11-03 04:00:00+01:00,ST NG 05,0.0
2030,sc01,11-03 04:00:00+01:00,CT NG 07,0.0
2030,sc01,11-03 04:00:00+01:00,Wind 01,0.40154616138
2030,sc01,11-03 04:00:00+01:00,Solar 56,0.0
2030,sc01,11-03 04:00:00+01:00,Biomass 09,0.03198
2030,sc01,11-03 04:00:00+01:00,Biomass 53,0.09281999999999999
2030,sc01,11-03 04:00:00+01:00,Wind 17,9.2427739716
2030,sc01,11-03 04:00:00+01:00,ST NG 08,0.0
2030,sc01,11-03 04:00:00+01:00,Hydro 19,0.0
2030,sc01,11-03 04:00:00+01:00,ST NG 02,0.0
2030,sc01,11-03 04:00:00+01:00,Biomass 01,0.039
2030,sc01,11-03 04:00:00+01:00,Biomass 57,0.0741
2030,sc01,11-03 04:00:00+01:00,CT NG 49,0.0
2030,sc01,11-03 04:00:00+01:00,CT NG 31,0.0
2030,sc01,11-03 04:00:00+01:00,Solar 64,0.0
2030,sc01,11-03 04:00:00+01:00,CC NG 33,0.0
2030,sc01,11-03 04:00:00+01:00,Solar 46,0.0
2030,sc01,11-03 04:00:00+01:00,Biomass 12,0.014039999999999999
2030,sc01,11-03 04:00:00+01:00,Wind 04,1.06779153663
2030,sc01,11-03 04:00:00+01:00,Solar 13,0.0
2030,sc01,11-03 04:00:00+01:00,CT NG 55,0.0
2030,sc01,11-03 04:00:00+01:00,Wind N03,160.71444080678143
2030,sc01,11-03 04:00:00+01:00,CT NG 28,0.0
2030,sc01,11-03 04:00:00+01:00,Wind 09,0.208267231224
2030,sc01,11-03 04:00:00+01:00,Solar 60,0.0
2030,sc01,11-03 04:00:00+01:00,Solar 25,0.0
2030,sc01,11-03 04:00:00+01:00,CT NG 23,0.0
2030,sc01,11-03 04:00:00+01:00,ST Other 01,0.0
2030,sc01,11-03 04:00:00+01:00,Solar 70,0.0
2030,sc01,11-03 04:00:00+01:00,CC NG 34,0.0
2030,sc01,11-03 04:00:00+01:00,Solar 48,0.0
2030,sc01,11-03 04:00:00+01:00,Biomass 56,0.09399
2030,sc01,11-03 04:00:00+01:00,CT NG 36,0.0
2030,sc01,11-03 04:00:00+01:00,Solar 47,0.0
2030,sc01,11-03 04:00:00+01:00,Hydro 17,0.017527185
2030,sc01,11-03 04:00:00+01:00,Solar 09,0.0
2030,sc01,11-03 04:00:00+01:00,Solar 08,0.0
2030,sc01,11-03 04:00:00+01:00,CT NG 45,0.0
2030,sc01,11-03 04:00:00+01:00,ST NG 04,0.0
2030,sc01,11-03 04:00:00+01:00,Solar 40,0.0
2030,sc01,11-03 04:00:00+01:00,Biomass 47,0.0
2030,sc01,11-03 04:00:00+01:00,Solar 50,0.0
2030,sc01,11-03 04:00:00+01:00,Solar 52,0.0
2030,sc01,11-03 04:00:00+01:00,Solar 63,0.0
2030,sc01,11-03 04:00:00+01:00,CC NG 06,0.0
2030,sc01,11-03 04:00:00+01:00,Biomass 39,0.0
2030,sc01,11-03 04:00:00+01:00,Solar 67,0.0
2030,sc01,11-03 04:00:00+01:00,Solar 19,0.0
2030,sc01,11-03 04:00:00+01:00,Wind 12,6.572714678400001
2030,sc01,11-03 04:00:00+01:00,Solar 24,0.0
2030,sc01,11-03 04:00:00+01:00,ICE NG 02,0.0
2030,sc01,11-03 04:00:00+01:00,Solar 05,0.0
2030,sc01,11-03 04:00:00+01:00,CT NG 54,0.0
2030,sc01,11-03 04:00:00+01:00,Wind N01,62.356523853
2030,sc01,11-03 04:00:00+01:00,CT NG 27,0.0
2030,sc01,11-03 04:00:00+01:00,CC NG 36,0.0
2030,sc01,11-03 04:00:00+01:00,Wind N02,0.52934934585
2030,sc01,11-03 04:00:00+01:00,CT NG 52,0.0
2030,sc01,11-03 04:00:00+01:00,Solar 35,0.0
2030,sc01,11-03 04:00:00+01:00,CT NG 05,0.0
2030,sc01,11-03 04:00:00+01:00,Biomass 36,0.0
2030,sc01,11-03 04:00:00+01:00,CT NG 34,0.0
2030,sc01,11-03 04:00:00+01:00,CT Oil 03,0.0
2030,sc01,11-03 04:00:00+01:00,Hydro 35,0.0
2030,sc01,11-03 04:00:00+01:00,Solar 14,0.0
2030,sc01,11-03 04:00:00+01:00,CT NG 75,0.0
2030,sc01,11-03 04:00:00+01:00,ST NG 09,0.0
2030,sc01,11-03 04:00:00+01:00,CT NG 56,0.0
2030,sc01,11-03 04:00:00+01:00,Biomass 22,0.01365
2030,sc01,11-03 04:00:00+01:00,Solar 18,0.0
2030,sc01,11-03 04:00:00+01:00,Biomass 13,0.014039999999999999
2030,sc01,11-03 04:00:00+01:00,CT NG 71,0.0
2030,sc01,11-03 04:00:00+01:00,Solar 58,0.0
2030,sc01,11-03 04:00:00+01:00,Solar 06,0.0
2030,sc01,11-03 04:00:00+01:00,Biomass 08,0.03198
2030,sc01,11-03 04:00:00+01:00,CT NG 72,0.0
2030,sc01,11-03 04:00:00+01:00,Hydro 18,0.060371415
2030,sc01,11-03 04:00:00+01:00,Solar 10,0.0
2030,sc01,11-03 04:00:00+01:00,CT NG 04,0.0
2030,sc01,11-03 04:00:00+01:00,ST Other 02,0.0
2030,sc01,11-03 04:00:00+01:00,CT NG 12,0.0
2030,sc01,11-03 04:00:00+01:00,CT NG 48,0.0
2030,sc01,11-03 04:00:00+01:00,ST NG 10,0.0
2030,sc01,11-03 04:00:00+01:00,Solar 22,0.0
2030,sc01,11-03 04:00:00+01:00,Solar 28,0.0
2030,sc01,11-03 04:00:00+01:00,CT NG 73,0.0
2030,sc01,11-03 04:00:00+01:00,Biomass 52,0.0
2030,sc01,11-03 04:00:00+01:00,CT NG 30,0.0
2030,sc01,11-03 04:00:00+01:00,Solar 54,0.0
2030,sc01,11-03 04:00:00+01:00,Solar 31,0.0
2030,sc01,11-03 04:00:00+01:00,Biomass 03,0.0
2030,sc01,11-03 04:00:00+01:00,CT NG 32,0.0
2030,sc01,11-03 04:00:00+01:00,Biomass 27,0.06591
2030,sc01,11-03 04:00:00+01:00,CC NG 14,0.0
2030,sc01,11-03 04:00:00+01:00,CC NG 03,0.9286358748262762
2030,sc01,11-03 04:00:00+01:00,CC NG 29,0.0
2030,sc01,11-03 04:00:00+01:00,CC NG 28,0.0
2030,sc01,11-03 04:00:00+01:00,CC NG 25,0.0
2030,sc01,11-03 04:00:00+01:00,CT NG 44,0.0
2030,sc01,11-03 04:00:00+01:00,CT NG 14,0.0
2030,sc01,11-03 04:00:00+01:00,CC NG 15,0.0
2030,sc01,11-03 04:00:00+01:00,CC NG 04,0.0
2030,sc01,11-03 04:00:00+01:00,Biomass 29,0.06591
2030,sc01,11-03 04:00:00+01:00,Wind 14,0.072287709936
2030,sc01,11-03 04:00:00+01:00,Wind 08,0.18733907181599999
2030,sc01,11-03 04:00:00+01:00,Biomass 61,0.0
2030,sc01,11-03 04:00:00+01:00,CT NG 35,0.0
2030,sc01,11-03 04:00:00+01:00,Solar 33,0.0
2030,sc01,11-03 04:00:00+01:00,CT NG 41,0.0
2030,sc01,11-03 04:00:00+01:00,CT NG 15,0.0
2030,sc01,11-03 04:00:00+01:00,Solar 42,0.0
2030,sc01,11-03 04:00:00+01:00,Solar 07,0.0
2030,sc01,11-03 04:00:00+01:00,Solar 43,0.0
2030,sc01,11-03 04:00:00+01:00,Biomass 05,0.01677
2030,sc01,11-03 04:00:00+01:00,CT NG 29,0.0
2030,sc01,11-03 04:00:00+01:00,Solar 71,0.0
2030,sc01,11-03 04:00:00+01:00,CT NG 53,0.0
2030,sc01,11-03 04:00:00+01:00,CT NG 20,0.0
2030,sc01,11-03 04:00:00+01:00,Biomass 14,0.031200000000000002
2030,sc01,11-03 04:00:00+01:00,Solar 26,0.0
2030,sc01,11-03 04:00:00+01:00,Hydro 29,20.952029634848508
2030,sc01,11-03 04:00:00+01:00,Hydro 31,0.00519324
2030,sc01,11-03 04:00:00+01:00,Biomass 24,0.017550000000000003
2030,sc01,11-03 04:00:00+01:00,Biomass 54,0.09281999999999999
2030,sc01,11-03 04:00:00+01:00,Solar 36,0.0
2030,sc01,11-03 04:00:00+01:00,Wind 03,2.11951116078
2030,sc01,11-03 04:00:00+01:00,Biomass 40,0.0
2030,sc01,11-03 04:00:00+01:00,Biomass 49,0.0
2030,sc01,11-03 04:00:00+01:00,CC NG 16,35.582215500000004
2030,sc01,11-03 04:00:00+01:00,Biomass 48,0.0
2030,sc01,11-03 04:00:00+01:00,Hydro 28,43.0910766
2030,sc01,11-03 04:00:00+01:00,Biomass 17,0.008190000000000001
2030,sc01,11-03 04:00:00+01:00,CT NG 33,0.0
2030,sc01,11-03 04:00:00+01:00,Solar 45,0.0
2030,sc01,11-03 04:00:00+01:00,Hydro 24,0.0
2030,sc01,11-03 04:00:00+01:00,Wind 13,4.4360379063
2030,sc01,11-03 04:00:00+01:00,Biomass 07,0.078
2030,sc01,11-03 04:00:00+01:00,Biomass 34,0.0
2030,sc01,11-03 04:00:00+01:00,Biomass 33,0.0
2030,sc01,11-03 04:00:00+01:00,CT NG 01,0.0
2030,sc01,11-03 04:00:00+01:00,ICE NG 03,0.0
2030,sc01,11-03 04:00:00+01:00,Solar 55,0.0
2030,sc01,11-03 04:00:00+01:00,Solar 11,0.0
2030,sc01,11-03 04:00:00+01:00,CT NG 06,0.0
2030,sc01,11-03 04:00:00+01:00,CT NG 70,0.0
2030,sc01,11-03 04:00:00+01:00,Solar 23,0.0
2030,sc01,11-03 04:00:00+01:00,CT NG 67,0.0
2030,sc01,11-03 04:00:00+01:00,Solar 12,0.0
2030,sc01,11-03 04:00:00+01:00,CT Oil 01,0.0
2030,sc01,11-03 04:00:00+01:00,Hydro 26,0.0
2030,sc01,11-03 04:00:00+01:00,CC NG 22,0.0
2030,sc01,11-03 04:00:00+01:00,CC NG 35,0.0
2030,sc01,11-03 04:00:00+01:00,Biomass 50,0.0
2030,sc01,11-03 04:00:00+01:00,ICE NG 04,0.0
2030,sc01,11-03 04:00:00+01:00,CC NG 39,0.0
2030,sc01,11-03 04:00:00+01:00,Hydro 32,0.006231888
2030,sc01,11-03 04:00:00+01:00,ICE NG 07,0.0
2030,sc01,11-03 04:00:00+01:00,Biomass 46,0.0
2030,sc01,11-03 04:00:00+01:00,CC NG 38,0.0
2030,sc01,11-03 04:00:00+01:00,CC NG 12,0.0
2030,sc01,11-03 04:00:00+01:00,Solar 57,0.0
2030,sc01,11-03 04:00:00+01:00,CC NG 32,0.0
2030,sc01,11-03 04:00:00+01:00,CC NG 07,0.0
2030,sc01,11-03 04:00:00+01:00,Biomass 44,0.0
2030,sc01,11-03 04:00:00+01:00,CT NG 40,0.0
2030,sc01,11-03 04:00:00+01:00,Solar 74,0.0
2030,sc01,11-03 04:00:00+01:00,Hydro 30,0.0
2030,sc01,11-03 04:00:00+01:00,CT NG 42,0.0
2030,sc01,11-03 04:00:00+01:00,Hydro 22,0.0
2030,sc01,11-03 04:00:00+01:00,Solar 17,0.0
2030,sc01,11-03 04:00:00+01:00,Solar 38,0.0
2030,sc01,11-03 04:00:00+01:00,CT NG 24,0.0
2030,sc01,11-03 04:00:00+01:00,CC NG 27,0.0
2030,sc01,11-03 04:00:00+01:00,Biomass 21,0.01365
2030,sc01,11-03 04:00:00+01:00,ICE NG 06,0.0
2030,sc01,11-03 04:00:00+01:00,Biomass 25,0.017550000000000003
2030,sc01,11-03 04:00:00+01:00,Solar 27,0.0
2030,sc01,11-03 04:00:00+01:00,CT NG 19,0.0
2030,sc01,11-03 04:00:00+01:00,Biomass 42,0.0
2030,sc01,11-03 04:00:00+01:00,Biomass 19,0.01365
2030,sc01,11-03 04:00:00+01:00,Biomass 06,0.01677
2030,sc01,11-03 04:00:00+01:00,CT NG 10,0.0
2030,sc01,11-03 04:00:00+01:00,CC NG 40,0.0
2030,sc01,11-03 04:00:00+01:00,CC NG 21,0.0
2030,sc01,11-03 04:00:00+01:00,Biomass 02,0.039
2030,sc01,11-03 04:00:00+01:00,CT NG 46,0.0
2030,sc01,11-03 04:00:00+01:00,Hydro 34,0.0
2030,sc01,11-03 04:00:00+01:00,Biomass 10,0.03198
2030,sc01,11-03 04:00:00+01:00,CT NG 17,0.2607579
2030,sc01,11-03 04:00:00+01:00,Biomass 62,0.07176
2030,sc01,11-03 04:00:00+01:00,Biomass 32,0.046799999999999994
2030,sc01,11-03 04:00:00+01:00,CC NG 19,5.27982
2030,sc01,11-03 04:00:00+01:00,CC NG 17,0.0
2030,sc01,11-03 04:00:00+01:00,ST NG 01,0.0
2030,sc01,11-03 04:00:00+01:00,Biomass 45,0.0
2030,sc01,11-03 04:00:00+01:00,Biomass 28,0.06591
2030,sc01,11-03 04:00:00+01:00,CC NG 10,0.0
2030,sc01,11-03 04:00:00+01:00,Biomass 23,0.017550000000000003
2030,sc01,11-03 04:00:00+01:00,ST NG 06,0.0
2030,sc01,11-03 04:00:00+01:00,Wind 10,0.18396534405599999
2030,sc01,11-03 04:00:00+01:00,CT NG 69,0.0
2030,sc01,11-03 04:00:00+01:00,CT NG 68,0.0
2030,sc01,11-04 12:00:00+01:00,CC NG 13,0.0
2030,sc01,11-04 12:00:00+01:00,CT NG 37,0.0
2030,sc01,11-04 12:00:00+01:00,ST Coal 01,0.0
2030,sc01,11-04 12:00:00+01:00,CT NG 09,0.0
2030,sc01,11-04 12:00:00+01:00,CT NG 47,0.0
2030,sc01,11-04 12:00:00+01:00,Solar 69,0.0
2030,sc01,11-04 12:00:00+01:00,Solar 34,0.01738052433818707
2030,sc01,11-04 12:00:00+01:00,Solar 73,0.0
2030,sc01,11-04 12:00:00+01:00,Biomass 37,0.0
2030,sc01,11-04 12:00:00+01:00,Hydro 20,0.0
2030,sc01,11-04 12:00:00+01:00,Solar 01,1.0702958850000002
2030,sc01,11-04 12:00:00+01:00,Solar 62,0.0
2030,sc01,11-04 12:00:00+01:00,Solar 02,0.22924861689999998
2030,sc01,11-04 12:00:00+01:00,CT NG 26,0.0
2030,sc01,11-04 12:00:00+01:00,Biomass 20,0.0035
2030,sc01,11-04 12:00:00+01:00,Wind 16,0.0
2030,sc01,11-04 12:00:00+01:00,CT NG 66,0.0
2030,sc01,11-04 12:00:00+01:00,Solar 39,0.0
2030,sc01,11-04 12:00:00+01:00,Biomass 41,0.0
2030,sc01,11-04 12:00:00+01:00,Solar 72,0.0
2030,sc01,11-04 12:00:00+01:00,ST NG 03,0.0
2030,sc01,11-04 12:00:00+01:00,Hydro 21,0.0
2030,sc01,11-04 12:00:00+01:00,CT NG 03,0.0
2030,sc01,11-04 12:00:00+01:00,CC NG 09,0.0
2030,sc01,11-04 12:00:00+01:00,CT Oil 02,0.0
2030,sc01,11-04 12:00:00+01:00,CT NG 39,0.0
2030,sc01,11-04 12:00:00+01:00,CC NG 08,0.0
2030,sc01,11-04 12:00:00+01:00,Biomass 43,0.0
2030,sc01,11-04 12:00:00+01:00,CT NG 18,0.0
2030,sc01,11-04 12:00:00+01:00,ST NG 07,0.0
2030,sc01,11-04 12:00:00+01:00,Biomass 35,0.0
2030,sc01,11-04 12:00:00+01:00,Solar 32,0.0
2030,sc01,11-04 12:00:00+01:00,Biomass 15,0.0022
2030,sc01,11-04 12:00:00+01:00,CC NG 31,0.0
2030,sc01,11-04 12:00:00+01:00,Solar 16,0.43941554920000003
2030,sc01,11-04 12:00:00+01:00,Solar 68,0.0
2030,sc01,11-04 12:00:00+01:00,CT NG 21,0.0
2030,sc01,11-04 12:00:00+01:00,Wind 11,0.1894807453
2030,sc01,11-04 12:00:00+01:00,CC NG 37,0.0
2030,sc01,11-04 12:00:00+01:00,CT NG 22,0.0
2030,sc01,11-04 12:00:00+01:00,Hydro 16,0.0026360000000000003
2030,sc01,11-04 12:00:00+01:00,Biomass 59,0.041400000000000006
2030,sc01,11-04 12:00:00+01:00,CC NG 01,0.0
2030,sc01,11-04 12:00:00+01:00,Biomass 16,0.0022
2030,sc01,11-04 12:00:00+01:00,Solar 03,1.7946226379999999
2030,sc01,11-04 12:00:00+01:00,Solar 44,0.0
2030,sc01,11-04 12:00:00+01:00,CT NG 08,0.0
2030,sc01,11-04 12:00:00+01:00,Wind 05,0.02370729136
2030,sc01,11-04 12:00:00+01:00,Biomass 26,0.0169
2030,sc01,11-04 12:00:00+01:00,Solar 37,0.0
2030,sc01,11-04 12:00:00+01:00,Biomass 11,0.0033
2030,sc01,11-04 12:00:00+01:00,Solar 59,0.0
2030,sc01,11-04 12:00:00+01:00,CT NG 11,0.0
2030,sc01,11-04 12:00:00+01:00,Biomass 30,0.0169
2030,sc01,11-04 12:00:00+01:00,Hydro 23,0.0
2030,sc01,11-04 12:00:00+01:00,CC NG 24,0.0
2030,sc01,11-04 12:00:00+01:00,Solar 65,2.465738024
2030,sc01,11-04 12:00:00+01:00,CC NG 18,0.0
2030,sc01,11-04 12:00:00+01:00,CT NG 16,0.0
2030,sc01,11-04 12:00:00+01:00,Solar 51,0.0
2030,sc01,11-04 12:00:00+01:00,Wind 06,0.23646289390000003
2030,sc01,11-04 12:00:00+01:00,CC NG 26,0.0
2030,sc01,11-04 12:00:00+01:00,CC NG 23,0.0
2030,sc01,11-04 12:00:00+01:00,CT NG 43,0.0
2030,sc01,11-04 12:00:00+01:00,CC NG 11,0.0
2030,sc01,11-04 12:00:00+01:00,CT NG 02,0.0
2030,sc01,11-04 12:00:00+01:00,CT NG 50,0.0
2030,sc01,11-04 12:00:00+01:00,Hydro 27,0.0
2030,sc01,11-04 12:00:00+01:00,CT NG 13,0.0
2030,sc01,11-04 12:00:00+01:00,CT NG 25,0.0
2030,sc01,11-04 12:00:00+01:00,CC NG 05,0.0
2030,sc01,11-04 12:00:00+01:00,Solar 04,0.2343328102
2030,sc01,11-04 12:00:00+01:00,Solar 30,0.36000000000000004
2030,sc01,11-04 12:00:00+01:00,Solar 29,0.5504152892
2030,sc01,11-04 12:00:00+01:00,Solar 53,0.0
2030,sc01,11-04 12:00:00+01:00,Solar 21,0.8891476119999999
2030,sc01,11-04 12:00:00+01:00,Biomass 58,0.0183
2030,sc01,11-04 12:00:00+01:00,CT NG 74,0.0
2030,sc01,11-04 12:00:00+01:00,Solar 61,0.0
2030,sc01,11-04 12:00:00+01:00,Wind 07,0.173287459
2030,sc01,11-04 12:00:00+01:00,Biomass 31,0.0169
2030,sc01,11-04 12:00:00+01:00,CT Oil 05,0.0
2030,sc01,11-04 12:00:00+01:00,Biomass 38,0.0
2030,sc01,11-04 12:00:00+01:00,Solar 41,0.0
2030,sc01,11-04 12:00:00+01:00,Biomass 51,0.0
2030,sc01,11-04 12:00:00+01:00,Biomass 55,0.023799999999999998
2030,sc01,11-04 12:00:00+01:00,Wind 15,0.0
2030,sc01,11-04 12:00:00+01:00,Geo 01,0.0
2030,sc01,11-04 12:00:00+01:00,Biomass 60,0.027000000000000003
2030,sc01,11-04 12:00:00+01:00,CT NG 38,0.0
2030,sc01,11-04 12:00:00+01:00,Solar 66,5.594097948
2030,sc01,11-04 12:00:00+01:00,Solar 49,0.0
2030,sc01,11-04 12:00:00+01:00,CT NG 51,0.0
2030,sc01,11-04 12:00:00+01:00,Biomass 18,0.0022
2030,sc01,11-04 12:00:00+01:00,ICE NG 01,0.0
2030,sc01,11-04 12:00:00+01:00,Solar 15,0.5084954613
2030,sc01,11-04 12:00:00+01:00,ICE NG 05,0.0
2030,sc01,11-04 12:00:00+01:00,CT Oil 04,0.0
2030,sc01,11-04 12:00:00+01:00,CC NG 20,0.0
2030,sc01,11-04 12:00:00+01:00,Solar 20,0.5628028062
2030,sc01,11-04 12:00:00+01:00,Biomass 04,0.0
2030,sc01,11-04 12:00:00+01:00,Wind 02,0.5236017895
2030,sc01,11-04 12:00:00+01:00,Hydro 25,0.0
2030,sc01,11-04 12:00:00+01:00,Solar 75,2.192536046
2030,sc01,11-04 12:00:00+01:00,Hydro 33,0.0
2030,sc01,11-04 12:00:00+01:00,ST NG 05,0.0
2030,sc01,11-04 12:00:00+01:00,CT NG 07,0.0
2030,sc01,11-04 12:00:00+01:00,Wind 01,0.1069849431
2030,sc01,11-04 12:00:00+01:00,Solar 56,0.0
2030,sc01,11-04 12:00:00+01:00,Biomass 09,0.0074
2030,sc01,11-04 12:00:00+01:00,Biomass 53,0.023799999999999998
2030,sc01,11-04 12:00:00+01:00,Wind 17,5.775118448034591
2030,sc01,11-04 12:00:00+01:00,ST NG 08,0.0
2030,sc01,11-04 12:00:00+01:00,Hydro 19,0.0
2030,sc01,11-04 12:00:00+01:00,ST NG 02,0.0
2030,sc01,11-04 12:00:00+01:00,Biomass 01,0.01
2030,sc01,11-04 12:00:00+01:00,Biomass 57,0.0183
2030,sc01,11-04 12:00:00+01:00,CT NG 49,0.0
2030,sc01,11-04 12:00:00+01:00,CT NG 31,0.0
2030,sc01,11-04 12:00:00+01:00,Solar 64,1.294509857
2030,sc01,11-04 12:00:00+01:00,CC NG 33,0.0
2030,sc01,11-04 12:00:00+01:00,Solar 46,0.0
2030,sc01,11-04 12:00:00+01:00,Biomass 12,0.0033
2030,sc01,11-04 12:00:00+01:00,Wind 04,0.0152332972
2030,sc01,11-04 12:00:00+01:00,Solar 13,0.0127650812
2030,sc01,11-04 12:00:00+01:00,CT NG 55,0.0
2030,sc01,11-04 12:00:00+01:00,Wind N03,24.569489934300623
2030,sc01,11-04 12:00:00+01:00,CT NG 28,0.0
2030,sc01,11-04 12:00:00+01:00,Wind 09,0.3630169164
2030,sc01,11-04 12:00:00+01:00,Solar 60,0.0
2030,sc01,11-04 12:00:00+01:00,Solar 25,0.09360858064000001
2030,sc01,11-04 12:00:00+01:00,CT NG 23,0.0
2030,sc01,11-04 12:00:00+01:00,ST Other 01,0.0
2030,sc01,11-04 12:00:00+01:00,Solar 70,9.406772872
2030,sc01,11-04 12:00:00+01:00,CC NG 34,0.0
2030,sc01,11-04 12:00:00+01:00,Solar 48,0.0
2030,sc01,11-04 12:00:00+01:00,Biomass 56,0.020800000000000003
2030,sc01,11-04 12:00:00+01:00,CT NG 36,0.0
2030,sc01,11-04 12:00:00+01:00,Solar 47,0.0
2030,sc01,11-04 12:00:00+01:00,Hydro 17,0.0
2030,sc01,11-04 12:00:00+01:00,Solar 09,0.5625622090258432
2030,sc01,11-04 12:00:00+01:00,Solar 08,0.0
2030,sc01,11-04 12:00:00+01:00,CT NG 45,0.0
2030,sc01,11-04 12:00:00+01:00,ST NG 04,0.0
2030,sc01,11-04 12:00:00+01:00,Solar 40,0.0
2030,sc01,11-04 12:00:00+01:00,Biomass 47,0.0
2030,sc01,11-04 12:00:00+01:00,Solar 50,0.0
2030,sc01,11-04 12:00:00+01:00,Solar 52,0.0
2030,sc01,11-04 12:00:00+01:00,Solar 63,2.764466142
2030,sc01,11-04 12:00:00+01:00,CC NG 06,0.0
2030,sc01,11-04 12:00:00+01:00,Biomass 39,0.0
2030,sc01,11-04 12:00:00+01:00,Solar 67,1.84282329
2030,sc01,11-04 12:00:00+01:00,Solar 19,0.004827811120000001
2030,sc01,11-04 12:00:00+01:00,Wind 12,1.7548370600000003
2030,sc01,11-04 12:00:00+01:00,Solar 24,0.06981812896
2030,sc01,11-04 12:00:00+01:00,ICE NG 02,0.0
2030,sc01,11-04 12:00:00+01:00,Solar 05,0.0
2030,sc01,11-04 12:00:00+01:00,CT NG 54,0.0
2030,sc01,11-04 12:00:00+01:00,Wind N01,16.64845416
2030,sc01,11-04 12:00:00+01:00,CT NG 27,0.0
2030,sc01,11-04 12:00:00+01:00,CC NG 36,0.0
2030,sc01,11-04 12:00:00+01:00,Wind N02,22.291163988945595
2030,sc01,11-04 12:00:00+01:00,CT NG 52,0.0
2030,sc01,11-04 12:00:00+01:00,Solar 35,0.0
2030,sc01,11-04 12:00:00+01:00,CT NG 05,0.0
2030,sc01,11-04 12:00:00+01:00,Biomass 36,0.0
2030,sc01,11-04 12:00:00+01:00,CT NG 34,0.0
2030,sc01,11-04 12:00:00+01:00,CT Oil 03,0.0
2030,sc01,11-04 12:00:00+01:00,Hydro 35,0.0
2030,sc01,11-04 12:00:00+01:00,Solar 14,0.5653324516
2030,sc01,11-04 12:00:00+01:00,CT NG 75,0.0
2030,sc01,11-04 12:00:00+01:00,ST NG 09,0.0
2030,sc01,11-04 12:00:00+01:00,CT NG 56,0.0
2030,sc01,11-04 12:00:00+01:00,Biomass 22,0.0035
2030,sc01,11-04 12:00:00+01:00,Solar 18,0.5962917745
2030,sc01,11-04 12:00:00+01:00,Biomass 13,0.0033
2030,sc01,11-04 12:00:00+01:00,CT NG 71,0.0
2030,sc01,11-04 12:00:00+01:00,Solar 58,0.0
2030,sc01,11-04 12:00:00+01:00,Solar 06,0.0
2030,sc01,11-04 12:00:00+01:00,Biomass 08,0.0074
2030,sc01,11-04 12:00:00+01:00,CT NG 72,0.0
2030,sc01,11-04 12:00:00+01:00,Hydro 18,0.0
2030,sc01,11-04 12:00:00+01:00,Solar 10,0.5421124874000001
2030,sc01,11-04 12:00:00+01:00,CT NG 04,0.0
2030,sc01,11-04 12:00:00+01:00,ST Other 02,0.0
2030,sc01,11-04 12:00:00+01:00,CT NG 12,0.0
2030,sc01,11-04 12:00:00+01:00,CT NG 48,0.0
2030,sc01,11-04 12:00:00+01:00,ST NG 10,0.0
2030,sc01,11-04 12:00:00+01:00,Solar 22,0.5724913458
2030,sc01,11-04 12:00:00+01:00,Solar 28,0.5123130886
2030,sc01,11-04 12:00:00+01:00,CT NG 73,0.0
2030,sc01,11-04 12:00:00+01:00,Biomass 52,0.0
2030,sc01,11-04 12:00:00+01:00,CT NG 30,0.0
2030,sc01,11-04 12:00:00+01:00,Solar 54,0.0
2030,sc01,11-04 12:00:00+01:00,Solar 31,0.0
2030,sc01,11-04 12:00:00+01:00,Biomass 03,0.0
2030,sc01,11-04 12:00:00+01:00,CT NG 32,0.0
2030,sc01,11-04 12:00:00+01:00,Biomass 27,0.0169
2030,sc01,11-04 12:00:00+01:00,CC NG 14,0.0
2030,sc01,11-04 12:00:00+01:00,CC NG 03,0.0
2030,sc01,11-04 12:00:00+01:00,CC NG 29,0.0
2030,sc01,11-04 12:00:00+01:00,CC NG 28,0.0
2030,sc01,11-04 12:00:00+01:00,CC NG 25,0.0
2030,sc01,11-04 12:00:00+01:00,CT NG 44,0.0
2030,sc01,11-04 12:00:00+01:00,CT NG 14,0.0
2030,sc01,11-04 12:00:00+01:00,CC NG 15,0.0
2030,sc01,11-04 12:00:00+01:00,CC NG 04,0.0
2030,sc01,11-04 12:00:00+01:00,Biomass 29,0.0169
2030,sc01,11-04 12:00:00+01:00,Wind 14,0.0
2030,sc01,11-04 12:00:00+01:00,Wind 08,0.3747453986
2030,sc01,11-04 12:00:00+01:00,Biomass 61,0.0
2030,sc01,11-04 12:00:00+01:00,CT NG 35,0.0
2030,sc01,11-04 12:00:00+01:00,Solar 33,0.0
2030,sc01,11-04 12:00:00+01:00,CT NG 41,0.0
2030,sc01,11-04 12:00:00+01:00,CT NG 15,0.0
2030,sc01,11-04 12:00:00+01:00,Solar 42,0.0
2030,sc01,11-04 12:00:00+01:00,Solar 07,0.0
2030,sc01,11-04 12:00:00+01:00,Solar 43,0.0
2030,sc01,11-04 12:00:00+01:00,Biomass 05,0.0044
2030,sc01,11-04 12:00:00+01:00,CT NG 29,0.0
2030,sc01,11-04 12:00:00+01:00,Solar 71,0.0
2030,sc01,11-04 12:00:00+01:00,CT NG 53,0.0
2030,sc01,11-04 12:00:00+01:00,CT NG 20,0.0
2030,sc01,11-04 12:00:00+01:00,Biomass 14,0.007299999999999999
2030,sc01,11-04 12:00:00+01:00,Solar 26,0.08668808168
2030,sc01,11-04 12:00:00+01:00,Hydro 29,0.0
2030,sc01,11-04 12:00:00+01:00,Hydro 31,0.0013180000000000002
2030,sc01,11-04 12:00:00+01:00,Biomass 24,0.0044
2030,sc01,11-04 12:00:00+01:00,Biomass 54,0.023799999999999998
2030,sc01,11-04 12:00:00+01:00,Solar 36,0.0
2030,sc01,11-04 12:00:00+01:00,Wind 03,0.029920287440000005
2030,sc01,11-04 12:00:00+01:00,Biomass 40,0.0
2030,sc01,11-04 12:00:00+01:00,Biomass 49,0.0
2030,sc01,11-04 12:00:00+01:00,CC NG 16,0.0
2030,sc01,11-04 12:00:00+01:00,Biomass 48,0.0
2030,sc01,11-04 12:00:00+01:00,Hydro 28,0.0
2030,sc01,11-04 12:00:00+01:00,Biomass 17,0.0022
2030,sc01,11-04 12:00:00+01:00,CT NG 33,0.0
2030,sc01,11-04 12:00:00+01:00,Solar 45,0.0
2030,sc01,11-04 12:00:00+01:00,Hydro 24,0.0
2030,sc01,11-04 12:00:00+01:00,Wind 13,0.6370172558
2030,sc01,11-04 12:00:00+01:00,Biomass 07,0.02
2030,sc01,11-04 12:00:00+01:00,Biomass 34,0.0
2030,sc01,11-04 12:00:00+01:00,Biomass 33,0.0
2030,sc01,11-04 12:00:00+01:00,CT NG 01,0.078646822215242
2030,sc01,11-04 12:00:00+01:00,ICE NG 03,0.0
2030,sc01,11-04 12:00:00+01:00,Solar 55,0.0
2030,sc01,11-04 12:00:00+01:00,Solar 11,0.09575932448
2030,sc01,11-04 12:00:00+01:00,CT NG 06,0.0
2030,sc01,11-04 12:00:00+01:00,CT NG 70,0.0
2030,sc01,11-04 12:00:00+01:00,Solar 23,0.014179193199999999
2030,sc01,11-04 12:00:00+01:00,CT NG 67,0.0
2030,sc01,11-04 12:00:00+01:00,Solar 12,0.07412783384
2030,sc01,11-04 12:00:00+01:00,CT Oil 01,0.0
2030,sc01,11-04 12:00:00+01:00,Hydro 26,0.0
2030,sc01,11-04 12:00:00+01:00,CC NG 22,0.0
2030,sc01,11-04 12:00:00+01:00,CC NG 35,0.0
2030,sc01,11-04 12:00:00+01:00,Biomass 50,0.0
2030,sc01,11-04 12:00:00+01:00,ICE NG 04,0.0
2030,sc01,11-04 12:00:00+01:00,CC NG 39,0.0
2030,sc01,11-04 12:00:00+01:00,Hydro 32,0.0015815999999999998
2030,sc01,11-04 12:00:00+01:00,ICE NG 07,0.0
2030,sc01,11-04 12:00:00+01:00,Biomass 46,0.0
2030,sc01,11-04 12:00:00+01:00,CC NG 38,0.0
2030,sc01,11-04 12:00:00+01:00,CC NG 12,0.0
2030,sc01,11-04 12:00:00+01:00,Solar 57,0.0
2030,sc01,11-04 12:00:00+01:00,CC NG 32,0.0
2030,sc01,11-04 12:00:00+01:00,CC NG 07,0.0
2030,sc01,11-04 12:00:00+01:00,Biomass 44,0.0
2030,sc01,11-04 12:00:00+01:00,CT NG 40,0.0
2030,sc01,11-04 12:00:00+01:00,Solar 74,2.0
2030,sc01,11-04 12:00:00+01:00,Hydro 30,0.0
2030,sc01,11-04 12:00:00+01:00,CT NG 42,0.0
2030,sc01,11-04 12:00:00+01:00,Hydro 22,0.0
2030,sc01,11-04 12:00:00+01:00,Solar 17,0.145394307
2030,sc01,11-04 12:00:00+01:00,Solar 38,0.0
2030,sc01,11-04 12:00:00+01:00,CT NG 24,0.0
2030,sc01,11-04 12:00:00+01:00,CC NG 27,0.0
2030,sc01,11-04 12:00:00+01:00,Biomass 21,0.0035
2030,sc01,11-04 12:00:00+01:00,ICE NG 06,0.0
2030,sc01,11-04 12:00:00+01:00,Biomass 25,0.0044
2030,sc01,11-04 12:00:00+01:00,Solar 27,0.0
2030,sc01,11-04 12:00:00+01:00,CT NG 19,0.0
2030,sc01,11-04 12:00:00+01:00,Biomass 42,0.0
2030,sc01,11-04 12:00:00+01:00,Biomass 19,0.0035
2030,sc01,11-04 12:00:00+01:00,Biomass 06,0.0044
2030,sc01,11-04 12:00:00+01:00,CT NG 10,0.0
2030,sc01,11-04 12:00:00+01:00,CC NG 40,0.0
2030,sc01,11-04 12:00:00+01:00,CC NG 21,0.0
2030,sc01,11-04 12:00:00+01:00,Biomass 02,0.01
2030,sc01,11-04 12:00:00+01:00,CT NG 46,0.0
2030,sc01,11-04 12:00:00+01:00,Hydro 34,0.0
2030,sc01,11-04 12:00:00+01:00,Biomass 10,0.0074
2030,sc01,11-04 12:00:00+01:00,CT NG 17,0.0
2030,sc01,11-04 12:00:00+01:00,Biomass 62,0.014599999999999998
2030,sc01,11-04 12:00:00+01:00,Biomass 32,0.011899999999999999
2030,sc01,11-04 12:00:00+01:00,CC NG 19,0.0
2030,sc01,11-04 12:00:00+01:00,CC NG 17,0.0
2030,sc01,11-04 12:00:00+01:00,ST NG 01,0.0
2030,sc01,11-04 12:00:00+01:00,Biomass 45,0.0
2030,sc01,11-04 12:00:00+01:00,Biomass 28,0.0169
2030,sc01,11-04 12:00:00+01:00,CC NG 10,0.0
2030,sc01,11-04 12:00:00+01:00,Biomass 23,0.0044
2030,sc01,11-04 12:00:00+01:00,ST NG 06,0.0
2030,sc01,11-04 12:00:00+01:00,Wind 10,0.35493614819999997
2030,sc01,11-04 12:00:00+01:00,CT NG 69,0.0
2030,sc01,11-04 12:00:00+01:00,CT NG 68,0.0
2030,sc01,11-04 21:00:00+01:00,CC NG 13,0.0
2030,sc01,11-04 21:00:00+01:00,CT NG 37,0.0
2030,sc01,11-04 21:00:00+01:00,ST Coal 01,0.0
2030,sc01,11-04 21:00:00+01:00,CT NG 09,0.0
2030,sc01,11-04 21:00:00+01:00,CT NG 47,0.0
2030,sc01,11-04 21:00:00+01:00,Solar 69,0.0
2030,sc01,11-04 21:00:00+01:00,Solar 34,0.0
2030,sc01,11-04 21:00:00+01:00,Solar 73,0.0
2030,sc01,11-04 21:00:00+01:00,Biomass 37,0.0
2030,sc01,11-04 21:00:00+01:00,Hydro 20,0.0
2030,sc01,11-04 21:00:00+01:00,Solar 01,0.0
2030,sc01,11-04 21:00:00+01:00,Solar 62,0.0
2030,sc01,11-04 21:00:00+01:00,Solar 02,0.0
2030,sc01,11-04 21:00:00+01:00,CT NG 26,0.0
2030,sc01,11-04 21:00:00+01:00,Biomass 20,0.0
2030,sc01,11-04 21:00:00+01:00,Wind 16,0.0
2030,sc01,11-04 21:00:00+01:00,CT NG 66,0.0
2030,sc01,11-04 21:00:00+01:00,Solar 39,0.0
2030,sc01,11-04 21:00:00+01:00,Biomass 41,0.0
2030,sc01,11-04 21:00:00+01:00,Solar 72,0.0
2030,sc01,11-04 21:00:00+01:00,ST NG 03,0.0
2030,sc01,11-04 21:00:00+01:00,Hydro 21,0.1882842
2030,sc01,11-04 21:00:00+01:00,CT NG 03,0.0
2030,sc01,11-04 21:00:00+01:00,CC NG 09,0.0
2030,sc01,11-04 21:00:00+01:00,CT Oil 02,0.0
2030,sc01,11-04 21:00:00+01:00,CT NG 39,0.0
2030,sc01,11-04 21:00:00+01:00,CC NG 08,0.0
2030,sc01,11-04 21:00:00+01:00,Biomass 43,0.0
2030,sc01,11-04 21:00:00+01:00,CT NG 18,0.0
2030,sc01,11-04 21:00:00+01:00,ST NG 07,0.0
2030,sc01,11-04 21:00:00+01:00,Biomass 35,0.0
2030,sc01,11-04 21:00:00+01:00,Solar 32,0.0
2030,sc01,11-04 21:00:00+01:00,Biomass 15,0.0
2030,sc01,11-04 21:00:00+01:00,CC NG 31,0.0
2030,sc01,11-04 21:00:00+01:00,Solar 16,0.0
2030,sc01,11-04 21:00:00+01:00,Solar 68,0.0
2030,sc01,11-04 21:00:00+01:00,CT NG 21,0.0
2030,sc01,11-04 21:00:00+01:00,Wind 11,0.21244778920000001
2030,sc01,11-04 21:00:00+01:00,CC NG 37,0.0
2030,sc01,11-04 21:00:00+01:00,CT NG 22,0.0
2030,sc01,11-04 21:00:00+01:00,Hydro 16,0.0
2030,sc01,11-04 21:00:00+01:00,Biomass 59,0.0
2030,sc01,11-04 21:00:00+01:00,CC NG 01,0.0
2030,sc01,11-04 21:00:00+01:00,Biomass 16,0.0
2030,sc01,11-04 21:00:00+01:00,Solar 03,0.0
2030,sc01,11-04 21:00:00+01:00,Solar 44,0.0
2030,sc01,11-04 21:00:00+01:00,CT NG 08,0.0
2030,sc01,11-04 21:00:00+01:00,Wind 05,0.007608173040000001
2030,sc01,11-04 21:00:00+01:00,Biomass 26,0.0
2030,sc01,11-04 21:00:00+01:00,Solar 37,0.0
2030,sc01,11-04 21:00:00+01:00,Biomass 11,0.0
2030,sc01,11-04 21:00:00+01:00,Solar 59,0.0
2030,sc01,11-04 21:00:00+01:00,CT NG 11,0.0
2030,sc01,11-04 21:00:00+01:00,Biomass 30,0.0
2030,sc01,11-04 21:00:00+01:00,Hydro 23,0.0
2030,sc01,11-04 21:00:00+01:00,CC NG 24,0.0
2030,sc01,11-04 21:00:00+01:00,Solar 65,0.0
2030,sc01,11-04 21:00:00+01:00,CC NG 18,0.0
2030,sc01,11-04 21:00:00+01:00,CT NG 16,0.0
2030,sc01,11-04 21:00:00+01:00,Solar 51,0.0
2030,sc01,11-04 21:00:00+01:00,Wind 06,0.19211728770000003
2030,sc01,11-04 21:00:00+01:00,CC NG 26,0.0
2030,sc01,11-04 21:00:00+01:00,CC NG 23,0.0
2030,sc01,11-04 21:00:00+01:00,CT NG 43,0.0
2030,sc01,11-04 21:00:00+01:00,CC NG 11,0.0
2030,sc01,11-04 21:00:00+01:00,CT NG 02,0.0
2030,sc01,11-04 21:00:00+01:00,CT NG 50,0.0
2030,sc01,11-04 21:00:00+01:00,Hydro 27,0.0
2030,sc01,11-04 21:00:00+01:00,CT NG 13,0.0
2030,sc01,11-04 21:00:00+01:00,CT NG 25,0.0
2030,sc01,11-04 21:00:00+01:00,CC NG 05,0.0
2030,sc01,11-04 21:00:00+01:00,Solar 04,0.0
2030,sc01,11-04 21:00:00+01:00,Solar 30,0.0
2030,sc01,11-04 21:00:00+01:00,Solar 29,0.0
2030,sc01,11-04 21:00:00+01:00,Solar 53,0.0
2030,sc01,11-04 21:00:00+01:00,Solar 21,0.0
2030,sc01,11-04 21:00:00+01:00,Biomass 58,0.0
2030,sc01,11-04 21:00:00+01:00,CT NG 74,0.0
2030,sc01,11-04 21:00:00+01:00,Solar 61,0.0
2030,sc01,11-04 21:00:00+01:00,Wind 07,0.2044733989
2030,sc01,11-04 21:00:00+01:00,Biomass 31,0.0
2030,sc01,11-04 21:00:00+01:00,CT Oil 05,0.0
2030,sc01,11-04 21:00:00+01:00,Biomass 38,0.0
2030,sc01,11-04 21:00:00+01:00,Solar 41,0.0
2030,sc01,11-04 21:00:00+01:00,Biomass 51,0.0
2030,sc01,11-04 21:00:00+01:00,Biomass 55,0.0
2030,sc01,11-04 21:00:00+01:00,Wind 15,0.0
2030,sc01,11-04 21:00:00+01:00,Geo 01,0.0
2030,sc01,11-04 21:00:00+01:00,Biomass 60,0.0
2030,sc01,11-04 21:00:00+01:00,CT NG 38,0.0
2030,sc01,11-04 21:00:00+01:00,Solar 66,0.0
2030,sc01,11-04 21:00:00+01:00,Solar 49,0.0
2030,sc01,11-04 21:00:00+01:00,CT NG 51,0.0
2030,sc01,11-04 21:00:00+01:00,Biomass 18,0.0
2030,sc01,11-04 21:00:00+01:00,ICE NG 01,0.0
2030,sc01,11-04 21:00:00+01:00,Solar 15,0.0
2030,sc01,11-04 21:00:00+01:00,ICE NG 05,0.0
2030,sc01,11-04 21:00:00+01:00,CT Oil 04,0.0
2030,sc01,11-04 21:00:00+01:00,CC NG 20,0.0
2030,sc01,11-04 21:00:00+01:00,Solar 20,0.0
2030,sc01,11-04 21:00:00+01:00,Biomass 04,0.0
2030,sc01,11-04 21:00:00+01:00,Wind 02,0.4304929652
2030,sc01,11-04 21:00:00+01:00,Hydro 25,0.0
2030,sc01,11-04 21:00:00+01:00,Solar 75,0.0
2030,sc01,11-04 21:00:00+01:00,Hydro 33,0.0
2030,sc01,11-04 21:00:00+01:00,ST NG 05,0.0
2030,sc01,11-04 21:00:00+01:00,CT NG 07,0.0
2030,sc01,11-04 21:00:00+01:00,Wind 01,0.12548421865
2030,sc01,11-04 21:00:00+01:00,Solar 56,0.0
2030,sc01,11-04 21:00:00+01:00,Biomass 09,0.0
2030,sc01,11-04 21:00:00+01:00,Biomass 53,0.0
2030,sc01,11-04 21:00:00+01:00,Wind 17,3.458676530061987
2030,sc01,11-04 21:00:00+01:00,ST NG 08,0.0
2030,sc01,11-04 21:00:00+01:00,Hydro 19,0.0
2030,sc01,11-04 21:00:00+01:00,ST NG 02,0.0
2030,sc01,11-04 21:00:00+01:00,Biomass 01,0.0
2030,sc01,11-04 21:00:00+01:00,Biomass 57,0.0
2030,sc01,11-04 21:00:00+01:00,CT NG 49,0.0
2030,sc01,11-04 21:00:00+01:00,CT NG 31,0.0
2030,sc01,11-04 21:00:00+01:00,Solar 64,0.0
2030,sc01,11-04 21:00:00+01:00,CC NG 33,0.0
2030,sc01,11-04 21:00:00+01:00,Solar 46,0.0
2030,sc01,11-04 21:00:00+01:00,Biomass 12,0.0
2030,sc01,11-04 21:00:00+01:00,Wind 04,0.020868110000000002
2030,sc01,11-04 21:00:00+01:00,Solar 13,0.0
2030,sc01,11-04 21:00:00+01:00,CT NG 55,0.0
2030,sc01,11-04 21:00:00+01:00,Wind N03,22.227827613474822
2030,sc01,11-04 21:00:00+01:00,CT NG 28,0.0
2030,sc01,11-04 21:00:00+01:00,Wind 09,0.0909166749
2030,sc01,11-04 21:00:00+01:00,Solar 60,0.0
2030,sc01,11-04 21:00:00+01:00,Solar 25,0.0
2030,sc01,11-04 21:00:00+01:00,CT NG 23,0.0
2030,sc01,11-04 21:00:00+01:00,ST Other 01,0.0
2030,sc01,11-04 21:00:00+01:00,Solar 70,0.0
2030,sc01,11-04 21:00:00+01:00,CC NG 34,0.0
2030,sc01,11-04 21:00:00+01:00,Solar 48,0.0
2030,sc01,11-04 21:00:00+01:00,Biomass 56,0.0
2030,sc01,11-04 21:00:00+01:00,CT NG 36,0.0
2030,sc01,11-04 21:00:00+01:00,Solar 47,0.0
2030,sc01,11-04 21:00:00+01:00,Hydro 17,0.00242865
2030,sc01,11-04 21:00:00+01:00,Solar 09,0.0
2030,sc01,11-04 21:00:00+01:00,Solar 08,0.0
2030,sc01,11-04 21:00:00+01:00,CT NG 45,0.0
2030,sc01,11-04 21:00:00+01:00,ST NG 04,0.0
2030,sc01,11-04 21:00:00+01:00,Solar 40,0.0
2030,sc01,11-04 21:00:00+01:00,Biomass 47,0.0
2030,sc01,11-04 21:00:00+01:00,Solar 50,0.0
2030,sc01,11-04 21:00:00+01:00,Solar 52,0.0
2030,sc01,11-04 21:00:00+01:00,Solar 63,0.0
2030,sc01,11-04 21:00:00+01:00,CC NG 06,0.0
2030,sc01,11-04 21:00:00+01:00,Biomass 39,0.0
2030,sc01,11-04 21:00:00+01:00,Solar 67,0.0
2030,sc01,11-04 21:00:00+01:00,Solar 19,0.0
2030,sc01,11-04 21:00:00+01:00,Wind 12,0.915534215
2030,sc01,11-04 21:00:00+01:00,Solar 24,0.0
2030,sc01,11-04 21:00:00+01:00,ICE NG 02,0.0
2030,sc01,11-04 21:00:00+01:00,Solar 05,0.0
2030,sc01,11-04 21:00:00+01:00,CT NG 54,0.0
2030,sc01,11-04 21:00:00+01:00,Wind N01,8.685837425
2030,sc01,11-04 21:00:00+01:00,CT NG 27,0.0
2030,sc01,11-04 21:00:00+01:00,CC NG 36,0.0
2030,sc01,11-04 21:00:00+01:00,Wind N02,6.9472823561580075
2030,sc01,11-04 21:00:00+01:00,CT NG 52,0.0
2030,sc01,11-04 21:00:00+01:00,Solar 35,0.0
2030,sc01,11-04 21:00:00+01:00,CT NG 05,0.0
2030,sc01,11-04 21:00:00+01:00,Biomass 36,0.0
2030,sc01,11-04 21:00:00+01:00,CT NG 34,0.0
2030,sc01,11-04 21:00:00+01:00,CT Oil 03,0.0
2030,sc01,11-04 21:00:00+01:00,Hydro 35,0.0
2030,sc01,11-04 21:00:00+01:00,Solar 14,0.0
2030,sc01,11-04 21:00:00+01:00,CT NG 75,0.0
2030,sc01,11-04 21:00:00+01:00,ST NG 09,0.0
2030,sc01,11-04 21:00:00+01:00,CT NG 56,0.0
2030,sc01,11-04 21:00:00+01:00,Biomass 22,0.0
2030,sc01,11-04 21:00:00+01:00,Solar 18,0.0
2030,sc01,11-04 21:00:00+01:00,Biomass 13,0.0
2030,sc01,11-04 21:00:00+01:00,CT NG 71,0.0
2030,sc01,11-04 21:00:00+01:00,Solar 58,0.0
2030,sc01,11-04 21:00:00+01:00,Solar 06,0.0
2030,sc01,11-04 21:00:00+01:00,Biomass 08,0.0
2030,sc01,11-04 21:00:00+01:00,CT NG 72,0.0
2030,sc01,11-04 21:00:00+01:00,Hydro 18,0.00836535
2030,sc01,11-04 21:00:00+01:00,Solar 10,0.0
2030,sc01,11-04 21:00:00+01:00,CT NG 04,0.0
2030,sc01,11-04 21:00:00+01:00,ST Other 02,0.0
2030,sc01,11-04 21:00:00+01:00,CT NG 12,0.0
2030,sc01,11-04 21:00:00+01:00,CT NG 48,0.0
2030,sc01,11-04 21:00:00+01:00,ST NG 10,0.0
2030,sc01,11-04 21:00:00+01:00,Solar 22,0.0
2030,sc01,11-04 21:00:00+01:00,Solar 28,0.0
2030,sc01,11-04 21:00:00+01:00,CT NG 73,0.0
2030,sc01,11-04 21:00:00+01:00,Biomass 52,0.0
2030,sc01,11-04 21:00:00+01:00,CT NG 30,0.0
2030,sc01,11-04 21:00:00+01:00,Solar 54,0.0
2030,sc01,11-04 21:00:00+01:00,Solar 31,0.0
2030,sc01,11-04 21:00:00+01:00,Biomass 03,0.0
2030,sc01,11-04 21:00:00+01:00,CT NG 32,0.0
2030,sc01,11-04 21:00:00+01:00,Biomass 27,0.0
2030,sc01,11-04 21:00:00+01:00,CC NG 14,0.0
2030,sc01,11-04 21:00:00+01:00,CC NG 03,0.0
2030,sc01,11-04 21:00:00+01:00,CC NG 29,0.0
2030,sc01,11-04 21:00:00+01:00,CC NG 28,0.0
2030,sc01,11-04 21:00:00+01:00,CC NG 25,0.0
2030,sc01,11-04 21:00:00+01:00,CT NG 44,0.0
2030,sc01,11-04 21:00:00+01:00,CT NG 14,0.0
2030,sc01,11-04 21:00:00+01:00,CC NG 15,0.0
2030,sc01,11-04 21:00:00+01:00,CC NG 04,0.0
2030,sc01,11-04 21:00:00+01:00,Biomass 29,0.0
2030,sc01,11-04 21:00:00+01:00,Wind 14,0.8697831225251893
2030,sc01,11-04 21:00:00+01:00,Wind 08,0.112244529
2030,sc01,11-04 21:00:00+01:00,Biomass 61,0.0
2030,sc01,11-04 21:00:00+01:00,CT NG 35,0.0
2030,sc01,11-04 21:00:00+01:00,Solar 33,0.0
2030,sc01,11-04 21:00:00+01:00,CT NG 41,0.0
2030,sc01,11-04 21:00:00+01:00,CT NG 15,0.0
2030,sc01,11-04 21:00:00+01:00,Solar 42,0.0
2030,sc01,11-04 21:00:00+01:00,Solar 07,0.0
2030,sc01,11-04 21:00:00+01:00,Solar 43,0.0
2030,sc01,11-04 21:00:00+01:00,Biomass 05,0.0
2030,sc01,11-04 21:00:00+01:00,CT NG 29,0.0
2030,sc01,11-04 21:00:00+01:00,Solar 71,0.0
2030,sc01,11-04 21:00:00+01:00,CT NG 53,0.0
2030,sc01,11-04 21:00:00+01:00,CT NG 20,0.0
2030,sc01,11-04 21:00:00+01:00,Biomass 14,0.0
2030,sc01,11-04 21:00:00+01:00,Solar 26,0.0
2030,sc01,11-04 21:00:00+01:00,Hydro 29,0.0
2030,sc01,11-04 21:00:00+01:00,Hydro 31,0.0
2030,sc01,11-04 21:00:00+01:00,Biomass 24,0.0
2030,sc01,11-04 21:00:00+01:00,Biomass 54,0.0
2030,sc01,11-04 21:00:00+01:00,Solar 36,0.0
2030,sc01,11-04 21:00:00+01:00,Wind 03,0.03765480784
2030,sc01,11-04 21:00:00+01:00,Biomass 40,0.0
2030,sc01,11-04 21:00:00+01:00,Biomass 49,0.0
2030,sc01,11-04 21:00:00+01:00,CC NG 16,0.0
2030,sc01,11-04 21:00:00+01:00,Biomass 48,0.0
2030,sc01,11-04 21:00:00+01:00,Hydro 28,0.0
2030,sc01,11-04 21:00:00+01:00,Biomass 17,0.0
2030,sc01,11-04 21:00:00+01:00,CT NG 33,0.0
2030,sc01,11-04 21:00:00+01:00,Solar 45,0.0
2030,sc01,11-04 21:00:00+01:00,Hydro 24,0.0
2030,sc01,11-04 21:00:00+01:00,Wind 13,0.4818705264
2030,sc01,11-04 21:00:00+01:00,Biomass 07,0.0
2030,sc01,11-04 21:00:00+01:00,Biomass 34,0.0
2030,sc01,11-04 21:00:00+01:00,Biomass 33,0.0
2030,sc01,11-04 21:00:00+01:00,CT NG 01,0.0
2030,sc01,11-04 21:00:00+01:00,ICE NG 03,0.0
2030,sc01,11-04 21:00:00+01:00,Solar 55,0.0
2030,sc01,11-04 21:00:00+01:00,Solar 11,0.0
2030,sc01,11-04 21:00:00+01:00,CT NG 06,0.0
2030,sc01,11-04 21:00:00+01:00,CT NG 70,0.0
2030,sc01,11-04 21:00:00+01:00,Solar 23,0.0
2030,sc01,11-04 21:00:00+01:00,CT NG 67,0.0
2030,sc01,11-04 21:00:00+01:00,Solar 12,0.0
2030,sc01,11-04 21:00:00+01:00,CT Oil 01,0.0
2030,sc01,11-04 21:00:00+01:00,Hydro 26,0.0
2030,sc01,11-04 21:00:00+01:00,CC NG 22,0.0
2030,sc01,11-04 21:00:00+01:00,CC NG 35,0.0
2030,sc01,11-04 21:00:00+01:00,Biomass 50,0.0
2030,sc01,11-04 21:00:00+01:00,ICE NG 04,0.0
2030,sc01,11-04 21:00:00+01:00,CC NG 39,0.0
2030,sc01,11-04 21:00:00+01:00,Hydro 32,0.0
2030,sc01,11-04 21:00:00+01:00,ICE NG 07,0.0
2030,sc01,11-04 21:00:00+01:00,Biomass 46,0.0
2030,sc01,11-04 21:00:00+01:00,CC NG 38,0.0
2030,sc01,11-04 21:00:00+01:00,CC NG 12,0.0
2030,sc01,11-04 21:00:00+01:00,Solar 57,0.0
2030,sc01,11-04 21:00:00+01:00,CC NG 32,0.0
2030,sc01,11-04 21:00:00+01:00,CC NG 07,0.0
2030,sc01,11-04 21:00:00+01:00,Biomass 44,0.0
2030,sc01,11-04 21:00:00+01:00,CT NG 40,0.0
2030,sc01,11-04 21:00:00+01:00,Solar 74,0.0
2030,sc01,11-04 21:00:00+01:00,Hydro 30,0.0
2030,sc01,11-04 21:00:00+01:00,CT NG 42,0.0
2030,sc01,11-04 21:00:00+01:00,Hydro 22,0.1882842
2030,sc01,11-04 21:00:00+01:00,Solar 17,0.0
2030,sc01,11-04 21:00:00+01:00,Solar 38,0.0
2030,sc01,11-04 21:00:00+01:00,CT NG 24,0.0
2030,sc01,11-04 21:00:00+01:00,CC NG 27,0.0
2030,sc01,11-04 21:00:00+01:00,Biomass 21,0.0
2030,sc01,11-04 21:00:00+01:00,ICE NG 06,0.0
2030,sc01,11-04 21:00:00+01:00,Biomass 25,0.0
2030,sc01,11-04 21:00:00+01:00,Solar 27,0.0
2030,sc01,11-04 21:00:00+01:00,CT NG 19,0.0
2030,sc01,11-04 21:00:00+01:00,Biomass 42,0.0
2030,sc01,11-04 21:00:00+01:00,Biomass 19,0.0
2030,sc01,11-04 21:00:00+01:00,Biomass 06,0.0
2030,sc01,11-04 21:00:00+01:00,CT NG 10,0.0
2030,sc01,11-04 21:00:00+01:00,CC NG 40,0.0
2030,sc01,11-04 21:00:00+01:00,CC NG 21,0.0
2030,sc01,11-04 21:00:00+01:00,Biomass 02,0.0
2030,sc01,11-04 21:00:00+01:00,CT NG 46,0.0
2030,sc01,11-04 21:00:00+01:00,Hydro 34,0.0
2030,sc01,11-04 21:00:00+01:00,Biomass 10,0.0
2030,sc01,11-04 21:00:00+01:00,CT NG 17,0.0
2030,sc01,11-04 21:00:00+01:00,Biomass 62,0.0
2030,sc01,11-04 21:00:00+01:00,Biomass 32,0.0
2030,sc01,11-04 21:00:00+01:00,CC NG 19,0.0
2030,sc01,11-04 21:00:00+01:00,CC NG 17,0.0
2030,sc01,11-04 21:00:00+01:00,ST NG 01,0.0
2030,sc01,11-04 21:00:00+01:00,Biomass 45,0.0
2030,sc01,11-04 21:00:00+01:00,Biomass 28,0.0
2030,sc01,11-04 21:00:00+01:00,CC NG 10,0.0
2030,sc01,11-04 21:00:00+01:00,Biomass 23,0.0
2030,sc01,11-04 21:00:00+01:00,ST NG 06,0.0
2030,sc01,11-04 21:00:00+01:00,Wind 10,0.1035864091
2030,sc01,11-04 21:00:00+01:00,CT NG 69,0.0
2030,sc01,11-04 21:00:00+01:00,CT NG 68,0.0
2030,sc01,11-06 12:00:00+01:00,CC NG 13,0.0
2030,sc01,11-06 12:00:00+01:00,CT NG 37,0.0
2030,sc01,11-06 12:00:00+01:00,ST Coal 01,0.0
2030,sc01,11-06 12:00:00+01:00,CT NG 09,0.0
2030,sc01,11-06 12:00:00+01:00,CT NG 47,0.0
2030,sc01,11-06 12:00:00+01:00,Solar 69,0.0
2030,sc01,11-06 12:00:00+01:00,Solar 34,0.0
2030,sc01,11-06 12:00:00+01:00,Solar 73,0.0
2030,sc01,11-06 12:00:00+01:00,Biomass 37,0.0
2030,sc01,11-06 12:00:00+01:00,Hydro 20,0.0
2030,sc01,11-06 12:00:00+01:00,Solar 01,11.0621689632
2030,sc01,11-06 12:00:00+01:00,Solar 62,0.0
2030,sc01,11-06 12:00:00+01:00,Solar 02,4.130455339200001
2030,sc01,11-06 12:00:00+01:00,CT NG 26,0.0
2030,sc01,11-06 12:00:00+01:00,Biomass 20,0.0
2030,sc01,11-06 12:00:00+01:00,Wind 16,19.589021568
2030,sc01,11-06 12:00:00+01:00,CT NG 66,0.0
2030,sc01,11-06 12:00:00+01:00,Solar 39,0.0
2030,sc01,11-06 12:00:00+01:00,Biomass 41,0.0
2030,sc01,11-06 12:00:00+01:00,Solar 72,0.0
2030,sc01,11-06 12:00:00+01:00,ST NG 03,0.0
2030,sc01,11-06 12:00:00+01:00,Hydro 21,0.32282208
2030,sc01,11-06 12:00:00+01:00,CT NG 03,0.0
2030,sc01,11-06 12:00:00+01:00,CC NG 09,0.0
2030,sc01,11-06 12:00:00+01:00,CT Oil 02,0.0
2030,sc01,11-06 12:00:00+01:00,CT NG 39,0.0
2030,sc01,11-06 12:00:00+01:00,CC NG 08,0.0
2030,sc01,11-06 12:00:00+01:00,Biomass 43,0.0
2030,sc01,11-06 12:00:00+01:00,CT NG 18,0.0
2030,sc01,11-06 12:00:00+01:00,ST NG 07,0.0
2030,sc01,11-06 12:00:00+01:00,Biomass 35,0.0
2030,sc01,11-06 12:00:00+01:00,Solar 32,0.0
2030,sc01,11-06 12:00:00+01:00,Biomass 15,0.0
2030,sc01,11-06 12:00:00+01:00,CC NG 31,0.0
2030,sc01,11-06 12:00:00+01:00,Solar 16,0.93540621672
2030,sc01,11-06 12:00:00+01:00,Solar 68,0.0
2030,sc01,11-06 12:00:00+01:00,CT NG 21,0.0
2030,sc01,11-06 12:00:00+01:00,Wind 11,0.0
2030,sc01,11-06 12:00:00+01:00,CC NG 37,0.0
2030,sc01,11-06 12:00:00+01:00,CT NG 22,0.0
2030,sc01,11-06 12:00:00+01:00,Hydro 16,0.00610368
2030,sc01,11-06 12:00:00+01:00,Biomass 59,0.0
2030,sc01,11-06 12:00:00+01:00,CC NG 01,0.0
2030,sc01,11-06 12:00:00+01:00,Biomass 16,0.0
2030,sc01,11-06 12:00:00+01:00,Solar 03,0.0
2030,sc01,11-06 12:00:00+01:00,Solar 44,0.0
2030,sc01,11-06 12:00:00+01:00,CT NG 08,0.0
2030,sc01,11-06 12:00:00+01:00,Wind 05,0.0
2030,sc01,11-06 12:00:00+01:00,Biomass 26,0.0
2030,sc01,11-06 12:00:00+01:00,Solar 37,0.0
2030,sc01,11-06 12:00:00+01:00,Biomass 11,0.0
2030,sc01,11-06 12:00:00+01:00,Solar 59,0.0
2030,sc01,11-06 12:00:00+01:00,CT NG 11,0.0
2030,sc01,11-06 12:00:00+01:00,Biomass 30,0.0
2030,sc01,11-06 12:00:00+01:00,Hydro 23,0.0
2030,sc01,11-06 12:00:00+01:00,CC NG 24,0.0
2030,sc01,11-06 12:00:00+01:00,Solar 65,0.0
2030,sc01,11-06 12:00:00+01:00,CC NG 18,0.0
2030,sc01,11-06 12:00:00+01:00,CT NG 16,0.0
2030,sc01,11-06 12:00:00+01:00,Solar 51,0.0
2030,sc01,11-06 12:00:00+01:00,Wind 06,0.0
2030,sc01,11-06 12:00:00+01:00,CC NG 26,0.0
2030,sc01,11-06 12:00:00+01:00,CC NG 23,0.0
2030,sc01,11-06 12:00:00+01:00,CT NG 43,0.0
2030,sc01,11-06 12:00:00+01:00,CC NG 11,0.0
2030,sc01,11-06 12:00:00+01:00,CT NG 02,0.0
2030,sc01,11-06 12:00:00+01:00,CT NG 50,0.0
2030,sc01,11-06 12:00:00+01:00,Hydro 27,0.0
2030,sc01,11-06 12:00:00+01:00,CT NG 13,0.0
2030,sc01,11-06 12:00:00+01:00,CT NG 25,0.0
2030,sc01,11-06 12:00:00+01:00,CC NG 05,0.0
2030,sc01,11-06 12:00:00+01:00,Solar 04,0.8130874824000001
2030,sc01,11-06 12:00:00+01:00,Solar 30,0.8640000000000001
2030,sc01,11-06 12:00:00+01:00,Solar 29,0.08051335852800001
2030,sc01,11-06 12:00:00+01:00,Solar 53,0.0
2030,sc01,11-06 12:00:00+01:00,Solar 21,3.0851624880000004
2030,sc01,11-06 12:00:00+01:00,Biomass 58,0.0
2030,sc01,11-06 12:00:00+01:00,CT NG 74,0.0
2030,sc01,11-06 12:00:00+01:00,Solar 61,0.0
2030,sc01,11-06 12:00:00+01:00,Wind 07,0.0
2030,sc01,11-06 12:00:00+01:00,Biomass 31,0.0
2030,sc01,11-06 12:00:00+01:00,CT Oil 05,0.0
2030,sc01,11-06 12:00:00+01:00,Biomass 38,0.0
2030,sc01,11-06 12:00:00+01:00,Solar 41,0.0
2030,sc01,11-06 12:00:00+01:00,Biomass 51,0.0
2030,sc01,11-06 12:00:00+01:00,Biomass 55,0.0
2030,sc01,11-06 12:00:00+01:00,Wind 15,5.8490733696
2030,sc01,11-06 12:00:00+01:00,Geo 01,0.0
2030,sc01,11-06 12:00:00+01:00,Biomass 60,0.0
2030,sc01,11-06 12:00:00+01:00,CT NG 38,0.0
2030,sc01,11-06 12:00:00+01:00,Solar 66,20.9758232064
2030,sc01,11-06 12:00:00+01:00,Solar 49,0.0
2030,sc01,11-06 12:00:00+01:00,CT NG 51,0.0
2030,sc01,11-06 12:00:00+01:00,Biomass 18,0.0
2030,sc01,11-06 12:00:00+01:00,ICE NG 01,0.0
2030,sc01,11-06 12:00:00+01:00,Solar 15,1.7643764695200002
2030,sc01,11-06 12:00:00+01:00,ICE NG 05,0.0
2030,sc01,11-06 12:00:00+01:00,CT Oil 04,0.0
2030,sc01,11-06 12:00:00+01:00,CC NG 20,0.0
2030,sc01,11-06 12:00:00+01:00,Solar 20,1.28527496304
2030,sc01,11-06 12:00:00+01:00,Biomass 04,0.0
2030,sc01,11-06 12:00:00+01:00,Wind 02,0.0
2030,sc01,11-06 12:00:00+01:00,Hydro 25,0.2975544
2030,sc01,11-06 12:00:00+01:00,Solar 75,4.07837484
2030,sc01,11-06 12:00:00+01:00,Hydro 33,0.0
2030,sc01,11-06 12:00:00+01:00,ST NG 05,0.0
2030,sc01,11-06 12:00:00+01:00,CT NG 07,0.0
2030,sc01,11-06 12:00:00+01:00,Wind 01,0.0
2030,sc01,11-06 12:00:00+01:00,Solar 56,0.0
2030,sc01,11-06 12:00:00+01:00,Biomass 09,0.0
2030,sc01,11-06 12:00:00+01:00,Biomass 53,0.0
2030,sc01,11-06 12:00:00+01:00,Wind 17,2.12938820352
2030,sc01,11-06 12:00:00+01:00,ST NG 08,0.0
2030,sc01,11-06 12:00:00+01:00,Hydro 19,0.289344
2030,sc01,11-06 12:00:00+01:00,ST NG 02,0.0
2030,sc01,11-06 12:00:00+01:00,Biomass 01,0.0
2030,sc01,11-06 12:00:00+01:00,Biomass 57,0.0
2030,sc01,11-06 12:00:00+01:00,CT NG 49,0.0
2030,sc01,11-06 12:00:00+01:00,CT NG 31,0.0
2030,sc01,11-06 12:00:00+01:00,Solar 64,0.64604392944
2030,sc01,11-06 12:00:00+01:00,CC NG 33,0.0
2030,sc01,11-06 12:00:00+01:00,Solar 46,0.0
2030,sc01,11-06 12:00:00+01:00,Biomass 12,0.0
2030,sc01,11-06 12:00:00+01:00,Wind 04,0.0
2030,sc01,11-06 12:00:00+01:00,Solar 13,0.044292248448
2030,sc01,11-06 12:00:00+01:00,CT NG 55,0.0
2030,sc01,11-06 12:00:00+01:00,Wind N03,57.13374223345682
2030,sc01,11-06 12:00:00+01:00,CT NG 28,0.0
2030,sc01,11-06 12:00:00+01:00,Wind 09,0.0
2030,sc01,11-06 12:00:00+01:00,Solar 60,0.0
2030,sc01,11-06 12:00:00+01:00,Solar 25,0.32480285472000003
2030,sc01,11-06 12:00:00+01:00,CT NG 23,0.0
2030,sc01,11-06 12:00:00+01:00,ST Other 01,0.0
2030,sc01,11-06 12:00:00+01:00,Solar 70,24.254890296
2030,sc01,11-06 12:00:00+01:00,CC NG 34,0.0
2030,sc01,11-06 12:00:00+01:00,Solar 48,0.0
2030,sc01,11-06 12:00:00+01:00,Biomass 56,0.0
2030,sc01,11-06 12:00:00+01:00,CT NG 36,0.0
2030,sc01,11-06 12:00:00+01:00,Solar 47,0.0
2030,sc01,11-06 12:00:00+01:00,Hydro 17,0.0
2030,sc01,11-06 12:00:00+01:00,Solar 09,2.15271825024
2030,sc01,11-06 12:00:00+01:00,Solar 08,0.0
2030,sc01,11-06 12:00:00+01:00,CT NG 45,0.0
2030,sc01,11-06 12:00:00+01:00,ST NG 04,0.0
2030,sc01,11-06 12:00:00+01:00,Solar 40,0.0
2030,sc01,11-06 12:00:00+01:00,Biomass 47,0.0
2030,sc01,11-06 12:00:00+01:00,Solar 50,0.0
2030,sc01,11-06 12:00:00+01:00,Solar 52,0.0
2030,sc01,11-06 12:00:00+01:00,Solar 63,0.0
2030,sc01,11-06 12:00:00+01:00,CC NG 06,0.0
2030,sc01,11-06 12:00:00+01:00,Biomass 39,0.0
2030,sc01,11-06 12:00:00+01:00,Solar 67,0.5103159047584134
2030,sc01,11-06 12:00:00+01:00,Solar 19,0.016751524992000003
2030,sc01,11-06 12:00:00+01:00,Wind 12,1.31627525712
2030,sc01,11-06 12:00:00+01:00,Solar 24,0.2422547976
2030,sc01,11-06 12:00:00+01:00,ICE NG 02,0.0
2030,sc01,11-06 12:00:00+01:00,Solar 05,0.0
2030,sc01,11-06 12:00:00+01:00,CT NG 54,0.0
2030,sc01,11-06 12:00:00+01:00,Wind N01,12.487739618400001
2030,sc01,11-06 12:00:00+01:00,CT NG 27,0.0
2030,sc01,11-06 12:00:00+01:00,CC NG 36,0.0
2030,sc01,11-06 12:00:00+01:00,Wind N02,21.392464209735675
2030,sc01,11-06 12:00:00+01:00,CT NG 52,0.0
2030,sc01,11-06 12:00:00+01:00,Solar 35,0.0
2030,sc01,11-06 12:00:00+01:00,CT NG 05,0.0
2030,sc01,11-06 12:00:00+01:00,Biomass 36,0.0
2030,sc01,11-06 12:00:00+01:00,CT NG 34,0.0
2030,sc01,11-06 12:00:00+01:00,CT Oil 03,0.0
2030,sc01,11-06 12:00:00+01:00,Hydro 35,0.0
2030,sc01,11-06 12:00:00+01:00,Solar 14,1.96158933504
2030,sc01,11-06 12:00:00+01:00,CT NG 75,0.0
2030,sc01,11-06 12:00:00+01:00,ST NG 09,0.0
2030,sc01,11-06 12:00:00+01:00,CT NG 56,0.0
2030,sc01,11-06 12:00:00+01:00,Biomass 22,0.0
2030,sc01,11-06 12:00:00+01:00,Solar 18,2.0690119334399997
2030,sc01,11-06 12:00:00+01:00,Biomass 13,0.0
2030,sc01,11-06 12:00:00+01:00,CT NG 71,0.0
2030,sc01,11-06 12:00:00+01:00,Solar 58,0.0
2030,sc01,11-06 12:00:00+01:00,Solar 06,0.9110105937600002
2030,sc01,11-06 12:00:00+01:00,Biomass 08,0.0
2030,sc01,11-06 12:00:00+01:00,CT NG 72,0.0
2030,sc01,11-06 12:00:00+01:00,Hydro 18,0.0
2030,sc01,11-06 12:00:00+01:00,Solar 10,1.23802440168
2030,sc01,11-06 12:00:00+01:00,CT NG 04,0.0
2030,sc01,11-06 12:00:00+01:00,ST Other 02,0.0
2030,sc01,11-06 12:00:00+01:00,CT NG 12,0.0
2030,sc01,11-06 12:00:00+01:00,CT NG 48,0.0
2030,sc01,11-06 12:00:00+01:00,ST NG 10,0.0
2030,sc01,11-06 12:00:00+01:00,Solar 22,0.083742588288
2030,sc01,11-06 12:00:00+01:00,Solar 28,0.07493986483199999
2030,sc01,11-06 12:00:00+01:00,CT NG 73,0.0
2030,sc01,11-06 12:00:00+01:00,Biomass 52,0.0
2030,sc01,11-06 12:00:00+01:00,CT NG 30,0.0
2030,sc01,11-06 12:00:00+01:00,Solar 54,0.0
2030,sc01,11-06 12:00:00+01:00,Solar 31,0.0
2030,sc01,11-06 12:00:00+01:00,Biomass 03,0.0
2030,sc01,11-06 12:00:00+01:00,CT NG 32,0.0
2030,sc01,11-06 12:00:00+01:00,Biomass 27,0.0
2030,sc01,11-06 12:00:00+01:00,CC NG 14,0.0
2030,sc01,11-06 12:00:00+01:00,CC NG 03,0.0
2030,sc01,11-06 12:00:00+01:00,CC NG 29,0.0
2030,sc01,11-06 12:00:00+01:00,CC NG 28,0.0
2030,sc01,11-06 12:00:00+01:00,CC NG 25,0.0
2030,sc01,11-06 12:00:00+01:00,CT NG 44,0.0
2030,sc01,11-06 12:00:00+01:00,CT NG 14,0.0
2030,sc01,11-06 12:00:00+01:00,CC NG 15,0.0
2030,sc01,11-06 12:00:00+01:00,CC NG 04,0.0
2030,sc01,11-06 12:00:00+01:00,Biomass 29,0.0
2030,sc01,11-06 12:00:00+01:00,Wind 14,0.0
2030,sc01,11-06 12:00:00+01:00,Wind 08,0.0
2030,sc01,11-06 12:00:00+01:00,Biomass 61,0.0
2030,sc01,11-06 12:00:00+01:00,CT NG 35,0.0
2030,sc01,11-06 12:00:00+01:00,Solar 33,0.0
2030,sc01,11-06 12:00:00+01:00,CT NG 41,0.0
2030,sc01,11-06 12:00:00+01:00,CT NG 15,0.0
2030,sc01,11-06 12:00:00+01:00,Solar 42,0.0
2030,sc01,11-06 12:00:00+01:00,Solar 07,0.0
2030,sc01,11-06 12:00:00+01:00,Solar 43,0.0
2030,sc01,11-06 12:00:00+01:00,Biomass 05,0.0
2030,sc01,11-06 12:00:00+01:00,CT NG 29,0.0
2030,sc01,11-06 12:00:00+01:00,Solar 71,0.0
2030,sc01,11-06 12:00:00+01:00,CT NG 53,0.0
2030,sc01,11-06 12:00:00+01:00,CT NG 20,0.0
2030,sc01,11-06 12:00:00+01:00,Biomass 14,0.0
2030,sc01,11-06 12:00:00+01:00,Solar 26,0.30079011816
2030,sc01,11-06 12:00:00+01:00,Hydro 29,0.0
2030,sc01,11-06 12:00:00+01:00,Hydro 31,0.00305184
2030,sc01,11-06 12:00:00+01:00,Biomass 24,0.0
2030,sc01,11-06 12:00:00+01:00,Biomass 54,0.0
2030,sc01,11-06 12:00:00+01:00,Solar 36,23.182926232856985
2030,sc01,11-06 12:00:00+01:00,Wind 03,0.0
2030,sc01,11-06 12:00:00+01:00,Biomass 40,0.0
2030,sc01,11-06 12:00:00+01:00,Biomass 49,0.0
2030,sc01,11-06 12:00:00+01:00,CC NG 16,0.0
2030,sc01,11-06 12:00:00+01:00,Biomass 48,0.0
2030,sc01,11-06 12:00:00+01:00,Hydro 28,0.0
2030,sc01,11-06 12:00:00+01:00,Biomass 17,0.0
2030,sc01,11-06 12:00:00+01:00,CT NG 33,0.0
2030,sc01,11-06 12:00:00+01:00,Solar 45,0.0
2030,sc01,11-06 12:00:00+01:00,Hydro 24,0.0
2030,sc01,11-06 12:00:00+01:00,Wind 13,0.47124525744
2030,sc01,11-06 12:00:00+01:00,Biomass 07,0.0
2030,sc01,11-06 12:00:00+01:00,Biomass 34,0.0
2030,sc01,11-06 12:00:00+01:00,Biomass 33,0.0
2030,sc01,11-06 12:00:00+01:00,CT NG 01,0.0
2030,sc01,11-06 12:00:00+01:00,ICE NG 03,0.0
2030,sc01,11-06 12:00:00+01:00,Solar 55,0.0
2030,sc01,11-06 12:00:00+01:00,Solar 11,0.33226550256
2030,sc01,11-06 12:00:00+01:00,CT NG 06,0.0
2030,sc01,11-06 12:00:00+01:00,CT NG 70,0.0
2030,sc01,11-06 12:00:00+01:00,Solar 23,0.04919893459199999
2030,sc01,11-06 12:00:00+01:00,CT NG 67,0.0
2030,sc01,11-06 12:00:00+01:00,Solar 12,0.25720859808
2030,sc01,11-06 12:00:00+01:00,CT Oil 01,0.0
2030,sc01,11-06 12:00:00+01:00,Hydro 26,0.2975544
2030,sc01,11-06 12:00:00+01:00,CC NG 22,0.0
2030,sc01,11-06 12:00:00+01:00,CC NG 35,0.0
2030,sc01,11-06 12:00:00+01:00,Biomass 50,0.0
2030,sc01,11-06 12:00:00+01:00,ICE NG 04,0.0
2030,sc01,11-06 12:00:00+01:00,CC NG 39,0.0
2030,sc01,11-06 12:00:00+01:00,Hydro 32,0.003662208
2030,sc01,11-06 12:00:00+01:00,ICE NG 07,0.0
2030,sc01,11-06 12:00:00+01:00,Biomass 46,0.0
2030,sc01,11-06 12:00:00+01:00,CC NG 38,0.0
2030,sc01,11-06 12:00:00+01:00,CC NG 12,0.0
2030,sc01,11-06 12:00:00+01:00,Solar 57,0.0
2030,sc01,11-06 12:00:00+01:00,CC NG 32,0.0
2030,sc01,11-06 12:00:00+01:00,CC NG 07,0.0
2030,sc01,11-06 12:00:00+01:00,Biomass 44,0.0
2030,sc01,11-06 12:00:00+01:00,CT NG 40,0.0
2030,sc01,11-06 12:00:00+01:00,Solar 74,0.0
2030,sc01,11-06 12:00:00+01:00,Hydro 30,0.0
2030,sc01,11-06 12:00:00+01:00,CT NG 42,0.0
2030,sc01,11-06 12:00:00+01:00,Hydro 22,0.32282208
2030,sc01,11-06 12:00:00+01:00,Solar 17,0.50448885288
2030,sc01,11-06 12:00:00+01:00,Solar 38,0.0
2030,sc01,11-06 12:00:00+01:00,CT NG 24,0.0
2030,sc01,11-06 12:00:00+01:00,CC NG 27,0.0
2030,sc01,11-06 12:00:00+01:00,Biomass 21,0.0
2030,sc01,11-06 12:00:00+01:00,ICE NG 06,0.0
2030,sc01,11-06 12:00:00+01:00,Biomass 25,0.0
2030,sc01,11-06 12:00:00+01:00,Solar 27,0.0
2030,sc01,11-06 12:00:00+01:00,CT NG 19,0.0
2030,sc01,11-06 12:00:00+01:00,Biomass 42,0.0
2030,sc01,11-06 12:00:00+01:00,Biomass 19,0.0
2030,sc01,11-06 12:00:00+01:00,Biomass 06,0.0
2030,sc01,11-06 12:00:00+01:00,CT NG 10,0.0
2030,sc01,11-06 12:00:00+01:00,CC NG 40,0.0
2030,sc01,11-06 12:00:00+01:00,CC NG 21,0.0
2030,sc01,11-06 12:00:00+01:00,Biomass 02,0.0
2030,sc01,11-06 12:00:00+01:00,CT NG 46,0.0
2030,sc01,11-06 12:00:00+01:00,Hydro 34,0.0
2030,sc01,11-06 12:00:00+01:00,Biomass 10,0.0
2030,sc01,11-06 12:00:00+01:00,CT NG 17,0.0
2030,sc01,11-06 12:00:00+01:00,Biomass 62,0.0
2030,sc01,11-06 12:00:00+01:00,Biomass 32,0.0
2030,sc01,11-06 12:00:00+01:00,CC NG 19,0.0
2030,sc01,11-06 12:00:00+01:00,CC NG 17,0.0
2030,sc01,11-06 12:00:00+01:00,ST NG 01,0.0
2030,sc01,11-06 12:00:00+01:00,Biomass 45,0.0
2030,sc01,11-06 12:00:00+01:00,Biomass 28,0.0
2030,sc01,11-06 12:00:00+01:00,CC NG 10,0.0
2030,sc01,11-06 12:00:00+01:00,Biomass 23,0.0
2030,sc01,11-06 12:00:00+01:00,ST NG 06,0.0
2030,sc01,11-06 12:00:00+01:00,Wind 10,0.0
2030,sc01,11-06 12:00:00+01:00,CT NG 69,0.0
2030,sc01,11-06 12:00:00+01:00,CT NG 68,0.0
2030,sc01,11-06 23:00:00+01:00,CC NG 13,0.0
2030,sc01,11-06 23:00:00+01:00,CT NG 37,0.0
2030,sc01,11-06 23:00:00+01:00,ST Coal 01,0.0
2030,sc01,11-06 23:00:00+01:00,CT NG 09,0.0
2030,sc01,11-06 23:00:00+01:00,CT NG 47,0.0
2030,sc01,11-06 23:00:00+01:00,Solar 69,0.0
2030,sc01,11-06 23:00:00+01:00,Solar 34,0.0
2030,sc01,11-06 23:00:00+01:00,Solar 73,0.0
2030,sc01,11-06 23:00:00+01:00,Biomass 37,0.0
2030,sc01,11-06 23:00:00+01:00,Hydro 20,0.0
2030,sc01,11-06 23:00:00+01:00,Solar 01,0.0
2030,sc01,11-06 23:00:00+01:00,Solar 62,0.0
2030,sc01,11-06 23:00:00+01:00,Solar 02,0.0
2030,sc01,11-06 23:00:00+01:00,CT NG 26,0.0
2030,sc01,11-06 23:00:00+01:00,Biomass 20,0.010079999999999999
2030,sc01,11-06 23:00:00+01:00,Wind 16,17.202520470800003
2030,sc01,11-06 23:00:00+01:00,CT NG 66,0.0
2030,sc01,11-06 23:00:00+01:00,Solar 39,0.0
2030,sc01,11-06 23:00:00+01:00,Biomass 41,0.0
2030,sc01,11-06 23:00:00+01:00,Solar 72,0.0
2030,sc01,11-06 23:00:00+01:00,ST NG 03,0.0
2030,sc01,11-06 23:00:00+01:00,Hydro 21,0.0
2030,sc01,11-06 23:00:00+01:00,CT NG 03,0.0
2030,sc01,11-06 23:00:00+01:00,CC NG 09,0.0
2030,sc01,11-06 23:00:00+01:00,CT Oil 02,0.0
2030,sc01,11-06 23:00:00+01:00,CT NG 39,0.0
2030,sc01,11-06 23:00:00+01:00,CC NG 08,0.0
2030,sc01,11-06 23:00:00+01:00,Biomass 43,0.0
2030,sc01,11-06 23:00:00+01:00,CT NG 18,0.10581479999999997
2030,sc01,11-06 23:00:00+01:00,ST NG 07,0.0
2030,sc01,11-06 23:00:00+01:00,Biomass 35,0.0
2030,sc01,11-06 23:00:00+01:00,Solar 32,0.0
2030,sc01,11-06 23:00:00+01:00,Biomass 15,0.00588
2030,sc01,11-06 23:00:00+01:00,CC NG 31,0.0
2030,sc01,11-06 23:00:00+01:00,Solar 16,0.0
2030,sc01,11-06 23:00:00+01:00,Solar 68,0.0
2030,sc01,11-06 23:00:00+01:00,CT NG 21,0.0
2030,sc01,11-06 23:00:00+01:00,Wind 11,0.14672900144
2030,sc01,11-06 23:00:00+01:00,CC NG 37,0.0
2030,sc01,11-06 23:00:00+01:00,CT NG 22,0.0
2030,sc01,11-06 23:00:00+01:00,Hydro 16,0.007580160000000001
2030,sc01,11-06 23:00:00+01:00,Biomass 59,0.11592000000000001
2030,sc01,11-06 23:00:00+01:00,CC NG 01,0.0
2030,sc01,11-06 23:00:00+01:00,Biomass 16,0.00588
2030,sc01,11-06 23:00:00+01:00,Solar 03,0.0
2030,sc01,11-06 23:00:00+01:00,Solar 44,0.0
2030,sc01,11-06 23:00:00+01:00,CT NG 08,0.0
2030,sc01,11-06 23:00:00+01:00,Wind 05,0.044741327232
2030,sc01,11-06 23:00:00+01:00,Biomass 26,0.047319999999999994
2030,sc01,11-06 23:00:00+01:00,Solar 37,0.0
2030,sc01,11-06 23:00:00+01:00,Biomass 11,0.0098
2030,sc01,11-06 23:00:00+01:00,Solar 59,0.0
2030,sc01,11-06 23:00:00+01:00,CT NG 11,0.0
2030,sc01,11-06 23:00:00+01:00,Biomass 30,0.047319999999999994
2030,sc01,11-06 23:00:00+01:00,Hydro 23,0.0
2030,sc01,11-06 23:00:00+01:00,CC NG 24,0.0
2030,sc01,11-06 23:00:00+01:00,Solar 65,0.0
2030,sc01,11-06 23:00:00+01:00,CC NG 18,0.0
2030,sc01,11-06 23:00:00+01:00,CT NG 16,0.0
2030,sc01,11-06 23:00:00+01:00,Solar 51,0.0
2030,sc01,11-06 23:00:00+01:00,Wind 06,0.174389855808
2030,sc01,11-06 23:00:00+01:00,CC NG 26,0.0
2030,sc01,11-06 23:00:00+01:00,CC NG 23,0.0
2030,sc01,11-06 23:00:00+01:00,CT NG 43,0.0
2030,sc01,11-06 23:00:00+01:00,CC NG 11,0.0
2030,sc01,11-06 23:00:00+01:00,CT NG 02,0.0
2030,sc01,11-06 23:00:00+01:00,CT NG 50,0.0
2030,sc01,11-06 23:00:00+01:00,Hydro 27,0.0
2030,sc01,11-06 23:00:00+01:00,CT NG 13,0.0
2030,sc01,11-06 23:00:00+01:00,CT NG 25,0.0
2030,sc01,11-06 23:00:00+01:00,CC NG 05,0.0
2030,sc01,11-06 23:00:00+01:00,Solar 04,0.0
2030,sc01,11-06 23:00:00+01:00,Solar 30,0.0
2030,sc01,11-06 23:00:00+01:00,Solar 29,0.0
2030,sc01,11-06 23:00:00+01:00,Solar 53,0.0
2030,sc01,11-06 23:00:00+01:00,Solar 21,0.0
2030,sc01,11-06 23:00:00+01:00,Biomass 58,0.05768000000000001
2030,sc01,11-06 23:00:00+01:00,CT NG 74,0.0
2030,sc01,11-06 23:00:00+01:00,Solar 61,0.0
2030,sc01,11-06 23:00:00+01:00,Wind 07,0.130061268288
2030,sc01,11-06 23:00:00+01:00,Biomass 31,0.047319999999999994
2030,sc01,11-06 23:00:00+01:00,CT Oil 05,0.0
2030,sc01,11-06 23:00:00+01:00,Biomass 38,0.0
2030,sc01,11-06 23:00:00+01:00,Solar 41,0.0
2030,sc01,11-06 23:00:00+01:00,Biomass 51,0.0
2030,sc01,11-06 23:00:00+01:00,Biomass 55,0.06804
2030,sc01,11-06 23:00:00+01:00,Wind 15,0.6702613972854872
2030,sc01,11-06 23:00:00+01:00,Geo 01,0.0
2030,sc01,11-06 23:00:00+01:00,Biomass 60,0.0756
2030,sc01,11-06 23:00:00+01:00,CT NG 38,0.0
2030,sc01,11-06 23:00:00+01:00,Solar 66,0.0
2030,sc01,11-06 23:00:00+01:00,Solar 49,0.0
2030,sc01,11-06 23:00:00+01:00,CT NG 51,0.0
2030,sc01,11-06 23:00:00+01:00,Biomass 18,0.00588
2030,sc01,11-06 23:00:00+01:00,ICE NG 01,0.0
2030,sc01,11-06 23:00:00+01:00,Solar 15,0.0
2030,sc01,11-06 23:00:00+01:00,ICE NG 05,0.0
2030,sc01,11-06 23:00:00+01:00,CT Oil 04,0.0
2030,sc01,11-06 23:00:00+01:00,CC NG 20,0.0
2030,sc01,11-06 23:00:00+01:00,Solar 20,0.0
2030,sc01,11-06 23:00:00+01:00,Biomass 04,0.0
2030,sc01,11-06 23:00:00+01:00,Wind 02,0.42408732968000007
2030,sc01,11-06 23:00:00+01:00,Hydro 25,0.0
2030,sc01,11-06 23:00:00+01:00,Solar 75,0.0
2030,sc01,11-06 23:00:00+01:00,Hydro 33,0.0
2030,sc01,11-06 23:00:00+01:00,ST NG 05,0.0
2030,sc01,11-06 23:00:00+01:00,CT NG 07,0.0
2030,sc01,11-06 23:00:00+01:00,Wind 01,0.07649044681600001
2030,sc01,11-06 23:00:00+01:00,Solar 56,0.0
2030,sc01,11-06 23:00:00+01:00,Biomass 09,0.02436
2030,sc01,11-06 23:00:00+01:00,Biomass 53,0.06804
2030,sc01,11-06 23:00:00+01:00,Wind 17,0.0
2030,sc01,11-06 23:00:00+01:00,ST NG 08,0.0
2030,sc01,11-06 23:00:00+01:00,Hydro 19,0.0
2030,sc01,11-06 23:00:00+01:00,ST NG 02,0.0
2030,sc01,11-06 23:00:00+01:00,Biomass 01,0.028840000000000005
2030,sc01,11-06 23:00:00+01:00,Biomass 57,0.05768000000000001
2030,sc01,11-06 23:00:00+01:00,CT NG 49,0.0
2030,sc01,11-06 23:00:00+01:00,CT NG 31,0.0
2030,sc01,11-06 23:00:00+01:00,Solar 64,0.0
2030,sc01,11-06 23:00:00+01:00,CC NG 33,0.0
2030,sc01,11-06 23:00:00+01:00,Solar 46,0.0
2030,sc01,11-06 23:00:00+01:00,Biomass 12,0.0098
2030,sc01,11-06 23:00:00+01:00,Wind 04,0.107130966432
2030,sc01,11-06 23:00:00+01:00,Solar 13,0.0
2030,sc01,11-06 23:00:00+01:00,CT NG 55,0.0
2030,sc01,11-06 23:00:00+01:00,Wind N03,113.66949636711499
2030,sc01,11-06 23:00:00+01:00,CT NG 28,0.0
2030,sc01,11-06 23:00:00+01:00,Wind 09,0.6279771769600001
2030,sc01,11-06 23:00:00+01:00,Solar 60,0.0
2030,sc01,11-06 23:00:00+01:00,Solar 25,0.0
2030,sc01,11-06 23:00:00+01:00,CT NG 23,0.0
2030,sc01,11-06 23:00:00+01:00,ST Other 01,0.0
2030,sc01,11-06 23:00:00+01:00,Solar 70,0.0
2030,sc01,11-06 23:00:00+01:00,CC NG 34,0.0
2030,sc01,11-06 23:00:00+01:00,Solar 48,0.0
2030,sc01,11-06 23:00:00+01:00,Biomass 56,0.0644
2030,sc01,11-06 23:00:00+01:00,CT NG 36,0.0
2030,sc01,11-06 23:00:00+01:00,Solar 47,0.0
2030,sc01,11-06 23:00:00+01:00,Hydro 17,0.01279152
2030,sc01,11-06 23:00:00+01:00,Solar 09,0.0
2030,sc01,11-06 23:00:00+01:00,Solar 08,0.0
2030,sc01,11-06 23:00:00+01:00,CT NG 45,0.0
2030,sc01,11-06 23:00:00+01:00,ST NG 04,0.0
2030,sc01,11-06 23:00:00+01:00,Solar 40,0.0
2030,sc01,11-06 23:00:00+01:00,Biomass 47,0.0
2030,sc01,11-06 23:00:00+01:00,Solar 50,0.0
2030,sc01,11-06 23:00:00+01:00,Solar 52,0.0
2030,sc01,11-06 23:00:00+01:00,Solar 63,0.0
2030,sc01,11-06 23:00:00+01:00,CC NG 06,0.0
2030,sc01,11-06 23:00:00+01:00,Biomass 39,0.0
2030,sc01,11-06 23:00:00+01:00,Solar 67,0.0
2030,sc01,11-06 23:00:00+01:00,Solar 19,0.0
2030,sc01,11-06 23:00:00+01:00,Wind 12,1.29120746104
2030,sc01,11-06 23:00:00+01:00,Solar 24,0.0
2030,sc01,11-06 23:00:00+01:00,ICE NG 02,0.0
2030,sc01,11-06 23:00:00+01:00,Solar 05,0.0
2030,sc01,11-06 23:00:00+01:00,CT NG 54,0.0
2030,sc01,11-06 23:00:00+01:00,Wind N01,12.249916938
2030,sc01,11-06 23:00:00+01:00,CT NG 27,0.0
2030,sc01,11-06 23:00:00+01:00,CC NG 36,0.0
2030,sc01,11-06 23:00:00+01:00,Wind N02,63.318083095518766
2030,sc01,11-06 23:00:00+01:00,CT NG 52,0.0
2030,sc01,11-06 23:00:00+01:00,Solar 35,0.0
2030,sc01,11-06 23:00:00+01:00,CT NG 05,0.0
2030,sc01,11-06 23:00:00+01:00,Biomass 36,0.0
2030,sc01,11-06 23:00:00+01:00,CT NG 34,0.0
2030,sc01,11-06 23:00:00+01:00,CT Oil 03,0.0
2030,sc01,11-06 23:00:00+01:00,Hydro 35,0.0
2030,sc01,11-06 23:00:00+01:00,Solar 14,0.0
2030,sc01,11-06 23:00:00+01:00,CT NG 75,0.0
2030,sc01,11-06 23:00:00+01:00,ST NG 09,0.0
2030,sc01,11-06 23:00:00+01:00,CT NG 56,0.0
2030,sc01,11-06 23:00:00+01:00,Biomass 22,0.010079999999999999
2030,sc01,11-06 23:00:00+01:00,Solar 18,0.0
2030,sc01,11-06 23:00:00+01:00,Biomass 13,0.0098
2030,sc01,11-06 23:00:00+01:00,CT NG 71,0.0
2030,sc01,11-06 23:00:00+01:00,Solar 58,0.0
2030,sc01,11-06 23:00:00+01:00,Solar 06,0.0
2030,sc01,11-06 23:00:00+01:00,Biomass 08,0.02436
2030,sc01,11-06 23:00:00+01:00,CT NG 72,0.0
2030,sc01,11-06 23:00:00+01:00,Hydro 18,0.044059680000000004
2030,sc01,11-06 23:00:00+01:00,Solar 10,0.0
2030,sc01,11-06 23:00:00+01:00,CT NG 04,0.0
2030,sc01,11-06 23:00:00+01:00,ST Other 02,0.0
2030,sc01,11-06 23:00:00+01:00,CT NG 12,0.0
2030,sc01,11-06 23:00:00+01:00,CT NG 48,0.0
2030,sc01,11-06 23:00:00+01:00,ST NG 10,0.0
2030,sc01,11-06 23:00:00+01:00,Solar 22,0.0
2030,sc01,11-06 23:00:00+01:00,Solar 28,0.0
2030,sc01,11-06 23:00:00+01:00,CT NG 73,0.0
2030,sc01,11-06 23:00:00+01:00,Biomass 52,0.0
2030,sc01,11-06 23:00:00+01:00,CT NG 30,0.0
2030,sc01,11-06 23:00:00+01:00,Solar 54,0.0
2030,sc01,11-06 23:00:00+01:00,Solar 31,0.0
2030,sc01,11-06 23:00:00+01:00,Biomass 03,0.0
2030,sc01,11-06 23:00:00+01:00,CT NG 32,0.0
2030,sc01,11-06 23:00:00+01:00,Biomass 27,0.047319999999999994
2030,sc01,11-06 23:00:00+01:00,CC NG 14,0.0
2030,sc01,11-06 23:00:00+01:00,CC NG 03,0.3665475400739033
2030,sc01,11-06 23:00:00+01:00,CC NG 29,0.0
2030,sc01,11-06 23:00:00+01:00,CC NG 28,0.0
2030,sc01,11-06 23:00:00+01:00,CC NG 25,0.0
2030,sc01,11-06 23:00:00+01:00,CT NG 44,0.0
2030,sc01,11-06 23:00:00+01:00,CT NG 14,0.0
2030,sc01,11-06 23:00:00+01:00,CC NG 15,0.0
2030,sc01,11-06 23:00:00+01:00,CC NG 04,0.0
2030,sc01,11-06 23:00:00+01:00,Biomass 29,0.047319999999999994
2030,sc01,11-06 23:00:00+01:00,Wind 14,13.413857664415133
2030,sc01,11-06 23:00:00+01:00,Wind 08,0.6443550419599999
2030,sc01,11-06 23:00:00+01:00,Biomass 61,0.0
2030,sc01,11-06 23:00:00+01:00,CT NG 35,0.0
2030,sc01,11-06 23:00:00+01:00,Solar 33,0.0
2030,sc01,11-06 23:00:00+01:00,CT NG 41,0.0
2030,sc01,11-06 23:00:00+01:00,CT NG 15,0.0
2030,sc01,11-06 23:00:00+01:00,Solar 42,0.0
2030,sc01,11-06 23:00:00+01:00,Solar 07,0.0
2030,sc01,11-06 23:00:00+01:00,Solar 43,0.0
2030,sc01,11-06 23:00:00+01:00,Biomass 05,0.012320000000000001
2030,sc01,11-06 23:00:00+01:00,CT NG 29,0.0
2030,sc01,11-06 23:00:00+01:00,Solar 71,0.0
2030,sc01,11-06 23:00:00+01:00,CT NG 53,0.0
2030,sc01,11-06 23:00:00+01:00,CT NG 20,0.0
2030,sc01,11-06 23:00:00+01:00,Biomass 14,0.021840000000000002
2030,sc01,11-06 23:00:00+01:00,Solar 26,0.0
2030,sc01,11-06 23:00:00+01:00,Hydro 29,0.0
2030,sc01,11-06 23:00:00+01:00,Hydro 31,0.0037900800000000004
2030,sc01,11-06 23:00:00+01:00,Biomass 24,0.010920000000000001
2030,sc01,11-06 23:00:00+01:00,Biomass 54,0.06804
2030,sc01,11-06 23:00:00+01:00,Solar 36,0.0
2030,sc01,11-06 23:00:00+01:00,Wind 03,0.29489964224
2030,sc01,11-06 23:00:00+01:00,Biomass 40,0.0
2030,sc01,11-06 23:00:00+01:00,Biomass 49,0.0
2030,sc01,11-06 23:00:00+01:00,CC NG 16,25.546206
2030,sc01,11-06 23:00:00+01:00,Biomass 48,0.0
2030,sc01,11-06 23:00:00+01:00,Hydro 28,0.0
2030,sc01,11-06 23:00:00+01:00,Biomass 17,0.00588
2030,sc01,11-06 23:00:00+01:00,CT NG 33,0.0
2030,sc01,11-06 23:00:00+01:00,Solar 45,0.0
2030,sc01,11-06 23:00:00+01:00,Hydro 24,0.0
2030,sc01,11-06 23:00:00+01:00,Wind 13,0.51646701176
2030,sc01,11-06 23:00:00+01:00,Biomass 07,0.056
2030,sc01,11-06 23:00:00+01:00,Biomass 34,0.0
2030,sc01,11-06 23:00:00+01:00,Biomass 33,0.0
2030,sc01,11-06 23:00:00+01:00,CT NG 01,0.0
2030,sc01,11-06 23:00:00+01:00,ICE NG 03,0.0
2030,sc01,11-06 23:00:00+01:00,Solar 55,0.0
2030,sc01,11-06 23:00:00+01:00,Solar 11,0.0
2030,sc01,11-06 23:00:00+01:00,CT NG 06,0.0
2030,sc01,11-06 23:00:00+01:00,CT NG 70,0.0
2030,sc01,11-06 23:00:00+01:00,Solar 23,0.0
2030,sc01,11-06 23:00:00+01:00,CT NG 67,0.0
2030,sc01,11-06 23:00:00+01:00,Solar 12,0.0
2030,sc01,11-06 23:00:00+01:00,CT Oil 01,0.0
2030,sc01,11-06 23:00:00+01:00,Hydro 26,0.0
2030,sc01,11-06 23:00:00+01:00,CC NG 22,0.0
2030,sc01,11-06 23:00:00+01:00,CC NG 35,0.0
2030,sc01,11-06 23:00:00+01:00,Biomass 50,0.0
2030,sc01,11-06 23:00:00+01:00,ICE NG 04,0.0
2030,sc01,11-06 23:00:00+01:00,CC NG 39,0.0
2030,sc01,11-06 23:00:00+01:00,Hydro 32,0.004548096
2030,sc01,11-06 23:00:00+01:00,ICE NG 07,0.0
2030,sc01,11-06 23:00:00+01:00,Biomass 46,0.0
2030,sc01,11-06 23:00:00+01:00,CC NG 38,0.0
2030,sc01,11-06 23:00:00+01:00,CC NG 12,0.0
2030,sc01,11-06 23:00:00+01:00,Solar 57,0.0
2030,sc01,11-06 23:00:00+01:00,CC NG 32,0.0
2030,sc01,11-06 23:00:00+01:00,CC NG 07,0.0
2030,sc01,11-06 23:00:00+01:00,Biomass 44,0.0
2030,sc01,11-06 23:00:00+01:00,CT NG 40,0.0
2030,sc01,11-06 23:00:00+01:00,Solar 74,0.0
2030,sc01,11-06 23:00:00+01:00,Hydro 30,0.0
2030,sc01,11-06 23:00:00+01:00,CT NG 42,0.0
2030,sc01,11-06 23:00:00+01:00,Hydro 22,0.0
2030,sc01,11-06 23:00:00+01:00,Solar 17,0.0
2030,sc01,11-06 23:00:00+01:00,Solar 38,0.0
2030,sc01,11-06 23:00:00+01:00,CT NG 24,0.0
2030,sc01,11-06 23:00:00+01:00,CC NG 27,0.0
2030,sc01,11-06 23:00:00+01:00,Biomass 21,0.010079999999999999
2030,sc01,11-06 23:00:00+01:00,ICE NG 06,0.0
2030,sc01,11-06 23:00:00+01:00,Biomass 25,0.010920000000000001
2030,sc01,11-06 23:00:00+01:00,Solar 27,0.0
2030,sc01,11-06 23:00:00+01:00,CT NG 19,0.0
2030,sc01,11-06 23:00:00+01:00,Biomass 42,0.0
2030,sc01,11-06 23:00:00+01:00,Biomass 19,0.010079999999999999
2030,sc01,11-06 23:00:00+01:00,Biomass 06,0.012320000000000001
2030,sc01,11-06 23:00:00+01:00,CT NG 10,0.0
2030,sc01,11-06 23:00:00+01:00,CC NG 40,0.0
2030,sc01,11-06 23:00:00+01:00,CC NG 21,0.0
2030,sc01,11-06 23:00:00+01:00,Biomass 02,0.028840000000000005
2030,sc01,11-06 23:00:00+01:00,CT NG 46,0.0
2030,sc01,11-06 23:00:00+01:00,Hydro 34,0.0
2030,sc01,11-06 23:00:00+01:00,Biomass 10,0.02436
2030,sc01,11-06 23:00:00+01:00,CT NG 17,0.18721079999999998
2030,sc01,11-06 23:00:00+01:00,Biomass 62,0.05348
2030,sc01,11-06 23:00:00+01:00,Biomass 32,0.033319999999999995
2030,sc01,11-06 23:00:00+01:00,CC NG 19,3.79064
2030,sc01,11-06 23:00:00+01:00,CC NG 17,0.0
2030,sc01,11-06 23:00:00+01:00,ST NG 01,0.0
2030,sc01,11-06 23:00:00+01:00,Biomass 45,0.0
2030,sc01,11-06 23:00:00+01:00,Biomass 28,0.047319999999999994
2030,sc01,11-06 23:00:00+01:00,CC NG 10,0.0
2030,sc01,11-06 23:00:00+01:00,Biomass 23,0.010920000000000001
2030,sc01,11-06 23:00:00+01:00,ST NG 06,0.0
2030,sc01,11-06 23:00:00+01:00,Wind 10,0.6611101823200001
2030,sc01,11-06 23:00:00+01:00,CT NG 69,0.0
2030,sc01,11-06 23:00:00+01:00,CT NG 68,0.0
2030,sc01,11-07 16:00:00+01:00,CC NG 13,0.0
2030,sc01,11-07 16:00:00+01:00,CT NG 37,0.0
2030,sc01,11-07 16:00:00+01:00,ST Coal 01,0.0
2030,sc01,11-07 16:00:00+01:00,CT NG 09,0.0
2030,sc01,11-07 16:00:00+01:00,CT NG 47,0.0
2030,sc01,11-07 16:00:00+01:00,Solar 69,1.8358666976000002
2030,sc01,11-07 16:00:00+01:00,Solar 34,3.1137491600000002
2030,sc01,11-07 16:00:00+01:00,Solar 73,0.0
2030,sc01,11-07 16:00:00+01:00,Biomass 37,0.0
2030,sc01,11-07 16:00:00+01:00,Hydro 20,0.5725962
2030,sc01,11-07 16:00:00+01:00,Solar 01,1.2856760879999998
2030,sc01,11-07 16:00:00+01:00,Solar 62,0.0
2030,sc01,11-07 16:00:00+01:00,Solar 02,1.3062470432
2030,sc01,11-07 16:00:00+01:00,CT NG 26,0.0
2030,sc01,11-07 16:00:00+01:00,Biomass 20,0.0074
2030,sc01,11-07 16:00:00+01:00,Wind 16,2.232593594
2030,sc01,11-07 16:00:00+01:00,CT NG 66,0.0
2030,sc01,11-07 16:00:00+01:00,Solar 39,0.04603914064
2030,sc01,11-07 16:00:00+01:00,Biomass 41,0.0
2030,sc01,11-07 16:00:00+01:00,Solar 72,0.41665304620000004
2030,sc01,11-07 16:00:00+01:00,ST NG 03,0.0
2030,sc01,11-07 16:00:00+01:00,Hydro 21,0.0
2030,sc01,11-07 16:00:00+01:00,CT NG 03,0.0
2030,sc01,11-07 16:00:00+01:00,CC NG 09,0.0
2030,sc01,11-07 16:00:00+01:00,CT Oil 02,0.0
2030,sc01,11-07 16:00:00+01:00,CT NG 39,0.0
2030,sc01,11-07 16:00:00+01:00,CC NG 08,0.0
2030,sc01,11-07 16:00:00+01:00,Biomass 43,0.0
2030,sc01,11-07 16:00:00+01:00,CT NG 18,0.07558199999999998
2030,sc01,11-07 16:00:00+01:00,ST NG 07,0.0
2030,sc01,11-07 16:00:00+01:00,Biomass 35,0.0
2030,sc01,11-07 16:00:00+01:00,Solar 32,5.485441571999999
2030,sc01,11-07 16:00:00+01:00,Biomass 15,0.004200000000000001
2030,sc01,11-07 16:00:00+01:00,CC NG 31,0.0
2030,sc01,11-07 16:00:00+01:00,Solar 16,0.16202699376000002
2030,sc01,11-07 16:00:00+01:00,Solar 68,1.7015052640000001
2030,sc01,11-07 16:00:00+01:00,CT NG 21,0.0
2030,sc01,11-07 16:00:00+01:00,Wind 11,0.1991368368
2030,sc01,11-07 16:00:00+01:00,CC NG 37,0.0
2030,sc01,11-07 16:00:00+01:00,CT NG 22,0.0
2030,sc01,11-07 16:00:00+01:00,Hydro 16,0.0049504
2030,sc01,11-07 16:00:00+01:00,Biomass 59,0.08280000000000001
2030,sc01,11-07 16:00:00+01:00,CC NG 01,0.0
2030,sc01,11-07 16:00:00+01:00,Biomass 16,0.004200000000000001
2030,sc01,11-07 16:00:00+01:00,Solar 03,0.6416408819999999
2030,sc01,11-07 16:00:00+01:00,Solar 44,0.01356290096
2030,sc01,11-07 16:00:00+01:00,CT NG 08,0.0
2030,sc01,11-07 16:00:00+01:00,Wind 05,0.00474184576
2030,sc01,11-07 16:00:00+01:00,Biomass 26,0.0338
2030,sc01,11-07 16:00:00+01:00,Solar 37,0.2602809598
2030,sc01,11-07 16:00:00+01:00,Biomass 11,0.007
2030,sc01,11-07 16:00:00+01:00,Solar 59,0.3616977884
2030,sc01,11-07 16:00:00+01:00,CT NG 11,0.0
2030,sc01,11-07 16:00:00+01:00,Biomass 30,0.0338
2030,sc01,11-07 16:00:00+01:00,Hydro 23,0.0
2030,sc01,11-07 16:00:00+01:00,CC NG 24,0.0
2030,sc01,11-07 16:00:00+01:00,Solar 65,1.1010625595999999
2030,sc01,11-07 16:00:00+01:00,CC NG 18,7.787446406635004
2030,sc01,11-07 16:00:00+01:00,CT NG 16,0.0
2030,sc01,11-07 16:00:00+01:00,Solar 51,0.44628098380000003
2030,sc01,11-07 16:00:00+01:00,Wind 06,0.19863767456000003
2030,sc01,11-07 16:00:00+01:00,CC NG 26,0.0
2030,sc01,11-07 16:00:00+01:00,CC NG 23,0.0
2030,sc01,11-07 16:00:00+01:00,CT NG 43,0.0
2030,sc01,11-07 16:00:00+01:00,CC NG 11,0.0
2030,sc01,11-07 16:00:00+01:00,CT NG 02,0.0
2030,sc01,11-07 16:00:00+01:00,CT NG 50,0.0
2030,sc01,11-07 16:00:00+01:00,Hydro 27,0.0
2030,sc01,11-07 16:00:00+01:00,CT NG 13,0.0
2030,sc01,11-07 16:00:00+01:00,CT NG 25,0.0
2030,sc01,11-07 16:00:00+01:00,CC NG 05,1.0297813455021385
2030,sc01,11-07 16:00:00+01:00,Solar 04,0.16829806111999998
2030,sc01,11-07 16:00:00+01:00,Solar 30,0.15624449184
2030,sc01,11-07 16:00:00+01:00,Solar 29,0.17744985024
2030,sc01,11-07 16:00:00+01:00,Solar 53,0.45894450480000004
2030,sc01,11-07 16:00:00+01:00,Solar 21,0.638586714
2030,sc01,11-07 16:00:00+01:00,Biomass 58,0.0436
2030,sc01,11-07 16:00:00+01:00,CT NG 74,0.0
2030,sc01,11-07 16:00:00+01:00,Solar 61,0.043723894719999996
2030,sc01,11-07 16:00:00+01:00,Wind 07,0.18891695872
2030,sc01,11-07 16:00:00+01:00,Biomass 31,0.0338
2030,sc01,11-07 16:00:00+01:00,CT Oil 05,0.0
2030,sc01,11-07 16:00:00+01:00,Biomass 38,0.0
2030,sc01,11-07 16:00:00+01:00,Solar 41,0.04603914064
2030,sc01,11-07 16:00:00+01:00,Biomass 51,0.0
2030,sc01,11-07 16:00:00+01:00,Biomass 55,0.04980000000000001
2030,sc01,11-07 16:00:00+01:00,Wind 15,0.19625418128000002
2030,sc01,11-07 16:00:00+01:00,Geo 01,0.0
2030,sc01,11-07 16:00:00+01:00,Biomass 60,0.054000000000000006
2030,sc01,11-07 16:00:00+01:00,CT NG 38,0.0
2030,sc01,11-07 16:00:00+01:00,Solar 66,7.98199019
2030,sc01,11-07 16:00:00+01:00,Solar 49,0.008351700319999999
2030,sc01,11-07 16:00:00+01:00,CT NG 51,0.0
2030,sc01,11-07 16:00:00+01:00,Biomass 18,0.004200000000000001
2030,sc01,11-07 16:00:00+01:00,ICE NG 01,0.0
2030,sc01,11-07 16:00:00+01:00,Solar 15,0.36520195440000003
2030,sc01,11-07 16:00:00+01:00,ICE NG 05,0.0
2030,sc01,11-07 16:00:00+01:00,CT Oil 04,0.0
2030,sc01,11-07 16:00:00+01:00,CC NG 20,0.0
2030,sc01,11-07 16:00:00+01:00,Solar 20,0.20738047739999999
2030,sc01,11-07 16:00:00+01:00,Biomass 04,0.0
2030,sc01,11-07 16:00:00+01:00,Wind 02,0.30850461960000003
2030,sc01,11-07 16:00:00+01:00,Hydro 25,0.0
2030,sc01,11-07 16:00:00+01:00,Solar 75,0.18101309935999998
2030,sc01,11-07 16:00:00+01:00,Hydro 33,0.0
2030,sc01,11-07 16:00:00+01:00,ST NG 05,0.0
2030,sc01,11-07 16:00:00+01:00,CT NG 07,0.0
2030,sc01,11-07 16:00:00+01:00,Wind 01,0.11385357312000001
2030,sc01,11-07 16:00:00+01:00,Solar 56,0.4331542872
2030,sc01,11-07 16:00:00+01:00,Biomass 09,0.015600000000000003
2030,sc01,11-07 16:00:00+01:00,Biomass 53,0.04980000000000001
2030,sc01,11-07 16:00:00+01:00,Wind 17,14.937386868000003
2030,sc01,11-07 16:00:00+01:00,ST NG 08,0.0
2030,sc01,11-07 16:00:00+01:00,Hydro 19,0.0
2030,sc01,11-07 16:00:00+01:00,ST NG 02,0.0
2030,sc01,11-07 16:00:00+01:00,Biomass 01,0.021000000000000005
2030,sc01,11-07 16:00:00+01:00,Biomass 57,0.0436
2030,sc01,11-07 16:00:00+01:00,CT NG 49,0.0
2030,sc01,11-07 16:00:00+01:00,CT NG 31,0.0
2030,sc01,11-07 16:00:00+01:00,Solar 64,0.5780566802
2030,sc01,11-07 16:00:00+01:00,CC NG 33,0.0
2030,sc01,11-07 16:00:00+01:00,Solar 46,0.01356290096
2030,sc01,11-07 16:00:00+01:00,Biomass 12,0.007
2030,sc01,11-07 16:00:00+01:00,Wind 04,0.026139246720000002
2030,sc01,11-07 16:00:00+01:00,Solar 13,0.00916789424
2030,sc01,11-07 16:00:00+01:00,CT NG 55,0.0
2030,sc01,11-07 16:00:00+01:00,Wind N03,109.88262158457191
2030,sc01,11-07 16:00:00+01:00,CT NG 28,0.0
2030,sc01,11-07 16:00:00+01:00,Wind 09,0.058230138079999993
2030,sc01,11-07 16:00:00+01:00,Solar 60,0.45308756520000004
2030,sc01,11-07 16:00:00+01:00,Solar 25,0.06722977728
2030,sc01,11-07 16:00:00+01:00,CT NG 23,0.0
2030,sc01,11-07 16:00:00+01:00,ST Other 01,0.0
2030,sc01,11-07 16:00:00+01:00,Solar 70,0.8993822848
2030,sc01,11-07 16:00:00+01:00,CC NG 34,0.0
2030,sc01,11-07 16:00:00+01:00,Solar 48,0.01356290096
2030,sc01,11-07 16:00:00+01:00,Biomass 56,0.0492
2030,sc01,11-07 16:00:00+01:00,CT NG 36,0.0
2030,sc01,11-07 16:00:00+01:00,Solar 47,0.01356290096
2030,sc01,11-07 16:00:00+01:00,Hydro 17,0.0083538
2030,sc01,11-07 16:00:00+01:00,Solar 09,0.4455834266
2030,sc01,11-07 16:00:00+01:00,Solar 08,0.0870439528
2030,sc01,11-07 16:00:00+01:00,CT NG 45,0.0
2030,sc01,11-07 16:00:00+01:00,ST NG 04,0.0
2030,sc01,11-07 16:00:00+01:00,Solar 40,0.04603914064
2030,sc01,11-07 16:00:00+01:00,Biomass 47,0.0
2030,sc01,11-07 16:00:00+01:00,Solar 50,0.1213815264
2030,sc01,11-07 16:00:00+01:00,Solar 52,0.2753134792
2030,sc01,11-07 16:00:00+01:00,Solar 63,1.2344580548000001
2030,sc01,11-07 16:00:00+01:00,CC NG 06,0.0
2030,sc01,11-07 16:00:00+01:00,Biomass 39,0.0
2030,sc01,11-07 16:00:00+01:00,Solar 67,0.822903207
2030,sc01,11-07 16:00:00+01:00,Solar 19,0.0
2030,sc01,11-07 16:00:00+01:00,Wind 12,1.0883678052
2030,sc01,11-07 16:00:00+01:00,Solar 24,0.050143450879999996
2030,sc01,11-07 16:00:00+01:00,ICE NG 02,0.0
2030,sc01,11-07 16:00:00+01:00,Solar 05,0.0040772208
2030,sc01,11-07 16:00:00+01:00,CT NG 54,0.0
2030,sc01,11-07 16:00:00+01:00,Wind N01,10.325540716
2030,sc01,11-07 16:00:00+01:00,CT NG 27,0.0
2030,sc01,11-07 16:00:00+01:00,CC NG 36,0.0
2030,sc01,11-07 16:00:00+01:00,Wind N02,19.352976914000003
2030,sc01,11-07 16:00:00+01:00,CT NG 52,0.0
2030,sc01,11-07 16:00:00+01:00,Solar 35,0.7392062946
2030,sc01,11-07 16:00:00+01:00,CT NG 05,0.0
2030,sc01,11-07 16:00:00+01:00,Biomass 36,0.0
2030,sc01,11-07 16:00:00+01:00,CT NG 34,0.0
2030,sc01,11-07 16:00:00+01:00,CT Oil 03,0.0
2030,sc01,11-07 16:00:00+01:00,Hydro 35,0.0
2030,sc01,11-07 16:00:00+01:00,Solar 14,0.40602233839999996
2030,sc01,11-07 16:00:00+01:00,CT NG 75,0.0
2030,sc01,11-07 16:00:00+01:00,ST NG 09,0.0
2030,sc01,11-07 16:00:00+01:00,CT NG 56,0.0
2030,sc01,11-07 16:00:00+01:00,Biomass 22,0.0074
2030,sc01,11-07 16:00:00+01:00,Solar 18,0.4282573554
2030,sc01,11-07 16:00:00+01:00,Biomass 13,0.007
2030,sc01,11-07 16:00:00+01:00,CT NG 71,0.0
2030,sc01,11-07 16:00:00+01:00,Solar 58,0.2073297164
2030,sc01,11-07 16:00:00+01:00,Solar 06,0.1459343968
2030,sc01,11-07 16:00:00+01:00,Biomass 08,0.015600000000000003
2030,sc01,11-07 16:00:00+01:00,CT NG 72,0.0
2030,sc01,11-07 16:00:00+01:00,Hydro 18,0.0287742
2030,sc01,11-07 16:00:00+01:00,Solar 10,0.19975654928000003
2030,sc01,11-07 16:00:00+01:00,CT NG 04,0.0
2030,sc01,11-07 16:00:00+01:00,ST Other 02,0.0
2030,sc01,11-07 16:00:00+01:00,CT NG 12,0.0
2030,sc01,11-07 16:00:00+01:00,CT NG 48,0.0
2030,sc01,11-07 16:00:00+01:00,ST NG 10,0.0
2030,sc01,11-07 16:00:00+01:00,Solar 22,0.18456700896000003
2030,sc01,11-07 16:00:00+01:00,Solar 28,0.16516598032000002
2030,sc01,11-07 16:00:00+01:00,CT NG 73,0.0
2030,sc01,11-07 16:00:00+01:00,Biomass 52,0.0
2030,sc01,11-07 16:00:00+01:00,CT NG 30,0.0
2030,sc01,11-07 16:00:00+01:00,Solar 54,0.2380019522
2030,sc01,11-07 16:00:00+01:00,Solar 31,2.910357476
2030,sc01,11-07 16:00:00+01:00,Biomass 03,0.0
2030,sc01,11-07 16:00:00+01:00,CT NG 32,0.0
2030,sc01,11-07 16:00:00+01:00,Biomass 27,0.0338
2030,sc01,11-07 16:00:00+01:00,CC NG 14,0.0
2030,sc01,11-07 16:00:00+01:00,CC NG 03,2.4557932
2030,sc01,11-07 16:00:00+01:00,CC NG 29,0.0
2030,sc01,11-07 16:00:00+01:00,CC NG 28,0.0
2030,sc01,11-07 16:00:00+01:00,CC NG 25,0.0
2030,sc01,11-07 16:00:00+01:00,CT NG 44,0.0
2030,sc01,11-07 16:00:00+01:00,CT NG 14,0.0
2030,sc01,11-07 16:00:00+01:00,CC NG 15,0.0
2030,sc01,11-07 16:00:00+01:00,CC NG 04,6.1888
2030,sc01,11-07 16:00:00+01:00,Biomass 29,0.0338
2030,sc01,11-07 16:00:00+01:00,Wind 14,0.0
2030,sc01,11-07 16:00:00+01:00,Wind 08,0.06961274768
2030,sc01,11-07 16:00:00+01:00,Biomass 61,0.0
2030,sc01,11-07 16:00:00+01:00,CT NG 35,0.0
2030,sc01,11-07 16:00:00+01:00,Solar 33,3.4958477240000003
2030,sc01,11-07 16:00:00+01:00,CT NG 41,0.0
2030,sc01,11-07 16:00:00+01:00,CT NG 15,0.0
2030,sc01,11-07 16:00:00+01:00,Solar 42,0.01356290096
2030,sc01,11-07 16:00:00+01:00,Solar 07,0.00738466336
2030,sc01,11-07 16:00:00+01:00,Solar 43,0.01356290096
2030,sc01,11-07 16:00:00+01:00,Biomass 05,0.0092
2030,sc01,11-07 16:00:00+01:00,CT NG 29,0.0
2030,sc01,11-07 16:00:00+01:00,Solar 71,1.5562707849130974
2030,sc01,11-07 16:00:00+01:00,CT NG 53,0.0
2030,sc01,11-07 16:00:00+01:00,CT NG 20,0.0
2030,sc01,11-07 16:00:00+01:00,Biomass 14,0.0154
2030,sc01,11-07 16:00:00+01:00,Solar 26,0.062259468
2030,sc01,11-07 16:00:00+01:00,Hydro 29,0.0
2030,sc01,11-07 16:00:00+01:00,Hydro 31,0.0024752
2030,sc01,11-07 16:00:00+01:00,Biomass 24,0.0062
2030,sc01,11-07 16:00:00+01:00,Biomass 54,0.04980000000000001
2030,sc01,11-07 16:00:00+01:00,Solar 36,4.105154364
2030,sc01,11-07 16:00:00+01:00,Wind 03,0.051536849280000005
2030,sc01,11-07 16:00:00+01:00,Biomass 40,0.0
2030,sc01,11-07 16:00:00+01:00,Biomass 49,0.0
2030,sc01,11-07 16:00:00+01:00,CC NG 16,18.24729
2030,sc01,11-07 16:00:00+01:00,Biomass 48,0.0
2030,sc01,11-07 16:00:00+01:00,Hydro 28,0.0
2030,sc01,11-07 16:00:00+01:00,Biomass 17,0.004200000000000001
2030,sc01,11-07 16:00:00+01:00,CT NG 33,0.0
2030,sc01,11-07 16:00:00+01:00,Solar 45,0.01356290096
2030,sc01,11-07 16:00:00+01:00,Hydro 24,0.0
2030,sc01,11-07 16:00:00+01:00,Wind 13,0.5398351552
2030,sc01,11-07 16:00:00+01:00,Biomass 07,0.04
2030,sc01,11-07 16:00:00+01:00,Biomass 34,0.0
2030,sc01,11-07 16:00:00+01:00,Biomass 33,0.0
2030,sc01,11-07 16:00:00+01:00,CT NG 01,0.0
2030,sc01,11-07 16:00:00+01:00,ICE NG 03,0.0
2030,sc01,11-07 16:00:00+01:00,Solar 55,0.43198752300000004
2030,sc01,11-07 16:00:00+01:00,Solar 11,0.06877444368
2030,sc01,11-07 16:00:00+01:00,CT NG 06,0.0
2030,sc01,11-07 16:00:00+01:00,CT NG 70,0.0
2030,sc01,11-07 16:00:00+01:00,Solar 23,0.01018351088
2030,sc01,11-07 16:00:00+01:00,CT NG 67,0.0
2030,sc01,11-07 16:00:00+01:00,Solar 12,0.05323868528
2030,sc01,11-07 16:00:00+01:00,CT Oil 01,0.0
2030,sc01,11-07 16:00:00+01:00,Hydro 26,0.0
2030,sc01,11-07 16:00:00+01:00,CC NG 22,4.325680911037784
2030,sc01,11-07 16:00:00+01:00,CC NG 35,0.0
2030,sc01,11-07 16:00:00+01:00,Biomass 50,0.0
2030,sc01,11-07 16:00:00+01:00,ICE NG 04,0.0
2030,sc01,11-07 16:00:00+01:00,CC NG 39,0.0
2030,sc01,11-07 16:00:00+01:00,Hydro 32,0.00297024
2030,sc01,11-07 16:00:00+01:00,ICE NG 07,0.0
2030,sc01,11-07 16:00:00+01:00,Biomass 46,0.0
2030,sc01,11-07 16:00:00+01:00,CC NG 38,0.0
2030,sc01,11-07 16:00:00+01:00,CC NG 12,0.0
2030,sc01,11-07 16:00:00+01:00,Solar 57,0.17705959104000002
2030,sc01,11-07 16:00:00+01:00,CC NG 32,0.0
2030,sc01,11-07 16:00:00+01:00,CC NG 07,0.0
2030,sc01,11-07 16:00:00+01:00,Biomass 44,0.0
2030,sc01,11-07 16:00:00+01:00,CT NG 40,0.0
2030,sc01,11-07 16:00:00+01:00,Solar 74,0.0
2030,sc01,11-07 16:00:00+01:00,Hydro 30,0.0
2030,sc01,11-07 16:00:00+01:00,CT NG 42,0.0
2030,sc01,11-07 16:00:00+01:00,Hydro 22,0.0
2030,sc01,11-07 16:00:00+01:00,Solar 17,0.10442233824000001
2030,sc01,11-07 16:00:00+01:00,Solar 38,0.566811258
2030,sc01,11-07 16:00:00+01:00,CT NG 24,0.0
2030,sc01,11-07 16:00:00+01:00,CC NG 27,0.0
2030,sc01,11-07 16:00:00+01:00,Biomass 21,0.0074
2030,sc01,11-07 16:00:00+01:00,ICE NG 06,0.0
2030,sc01,11-07 16:00:00+01:00,Biomass 25,0.0062
2030,sc01,11-07 16:00:00+01:00,Solar 27,0.021757144000000003
2030,sc01,11-07 16:00:00+01:00,CT NG 19,0.0
2030,sc01,11-07 16:00:00+01:00,Biomass 42,0.0
2030,sc01,11-07 16:00:00+01:00,Biomass 19,0.0074
2030,sc01,11-07 16:00:00+01:00,Biomass 06,0.0092
2030,sc01,11-07 16:00:00+01:00,CT NG 10,0.0
2030,sc01,11-07 16:00:00+01:00,CC NG 40,0.0
2030,sc01,11-07 16:00:00+01:00,CC NG 21,0.0
2030,sc01,11-07 16:00:00+01:00,Biomass 02,0.021000000000000005
2030,sc01,11-07 16:00:00+01:00,CT NG 46,0.0
2030,sc01,11-07 16:00:00+01:00,Hydro 34,0.0
2030,sc01,11-07 16:00:00+01:00,Biomass 10,0.015600000000000003
2030,sc01,11-07 16:00:00+01:00,CT NG 17,0.13372199999999998
2030,sc01,11-07 16:00:00+01:00,Biomass 62,0.04139999999999999
2030,sc01,11-07 16:00:00+01:00,Biomass 32,0.023999999999999997
2030,sc01,11-07 16:00:00+01:00,CC NG 19,2.7076000000000002
2030,sc01,11-07 16:00:00+01:00,CC NG 17,0.0
2030,sc01,11-07 16:00:00+01:00,ST NG 01,0.0
2030,sc01,11-07 16:00:00+01:00,Biomass 45,0.0
2030,sc01,11-07 16:00:00+01:00,Biomass 28,0.0338
2030,sc01,11-07 16:00:00+01:00,CC NG 10,0.0
2030,sc01,11-07 16:00:00+01:00,Biomass 23,0.0062
2030,sc01,11-07 16:00:00+01:00,ST NG 06,0.0
2030,sc01,11-07 16:00:00+01:00,Wind 10,0.06563761344
2030,sc01,11-07 16:00:00+01:00,CT NG 69,0.0
2030,sc01,11-07 16:00:00+01:00,CT NG 68,0.0
2030,sc01,11-09 20:00:00+01:00,CC NG 13,0.0
2030,sc01,11-09 20:00:00+01:00,CT NG 37,0.034011900000000005
2030,sc01,11-09 20:00:00+01:00,ST Coal 01,0.0
2030,sc01,11-09 20:00:00+01:00,CT NG 09,0.0
2030,sc01,11-09 20:00:00+01:00,CT NG 47,0.0
2030,sc01,11-09 20:00:00+01:00,Solar 69,0.0
2030,sc01,11-09 20:00:00+01:00,Solar 34,0.0
2030,sc01,11-09 20:00:00+01:00,Solar 73,0.0
2030,sc01,11-09 20:00:00+01:00,Biomass 37,0.022949999999999998
2030,sc01,11-09 20:00:00+01:00,Hydro 20,0.49442886
2030,sc01,11-09 20:00:00+01:00,Solar 01,0.0
2030,sc01,11-09 20:00:00+01:00,Solar 62,0.0
2030,sc01,11-09 20:00:00+01:00,Solar 02,0.0
2030,sc01,11-09 20:00:00+01:00,CT NG 26,0.0
2030,sc01,11-09 20:00:00+01:00,Biomass 20,0.01026
2030,sc01,11-09 20:00:00+01:00,Wind 16,0.0
2030,sc01,11-09 20:00:00+01:00,CT NG 66,0.0
2030,sc01,11-09 20:00:00+01:00,Solar 39,0.0
2030,sc01,11-09 20:00:00+01:00,Biomass 41,0.03699
2030,sc01,11-09 20:00:00+01:00,Solar 72,0.0
2030,sc01,11-09 20:00:00+01:00,ST NG 03,0.0
2030,sc01,11-09 20:00:00+01:00,Hydro 21,0.49442886
2030,sc01,11-09 20:00:00+01:00,CT NG 03,0.0
2030,sc01,11-09 20:00:00+01:00,CC NG 09,0.0
2030,sc01,11-09 20:00:00+01:00,CT Oil 02,0.0
2030,sc01,11-09 20:00:00+01:00,CT NG 39,0.034011900000000005
2030,sc01,11-09 20:00:00+01:00,CC NG 08,0.0
2030,sc01,11-09 20:00:00+01:00,Biomass 43,0.0783
2030,sc01,11-09 20:00:00+01:00,CT NG 18,0.10203569999999998
2030,sc01,11-09 20:00:00+01:00,ST NG 07,0.0
2030,sc01,11-09 20:00:00+01:00,Biomass 35,0.038880000000000005
2030,sc01,11-09 20:00:00+01:00,Solar 32,0.0
2030,sc01,11-09 20:00:00+01:00,Biomass 15,0.0056700000000000006
2030,sc01,11-09 20:00:00+01:00,CC NG 31,0.0
2030,sc01,11-09 20:00:00+01:00,Solar 16,0.0
2030,sc01,11-09 20:00:00+01:00,Solar 68,0.0
2030,sc01,11-09 20:00:00+01:00,CT NG 21,0.0
2030,sc01,11-09 20:00:00+01:00,Wind 11,0.013356936288
2030,sc01,11-09 20:00:00+01:00,CC NG 37,0.0
2030,sc01,11-09 20:00:00+01:00,CT NG 22,0.0
2030,sc01,11-09 20:00:00+01:00,Hydro 16,0.0064800000000000005
2030,sc01,11-09 20:00:00+01:00,Biomass 59,0.11178000000000002
2030,sc01,11-09 20:00:00+01:00,CC NG 01,0.0
2030,sc01,11-09 20:00:00+01:00,Biomass 16,0.0056700000000000006
2030,sc01,11-09 20:00:00+01:00,Solar 03,0.0
2030,sc01,11-09 20:00:00+01:00,Solar 44,0.0
2030,sc01,11-09 20:00:00+01:00,CT NG 08,0.0
2030,sc01,11-09 20:00:00+01:00,Wind 05,0.0
2030,sc01,11-09 20:00:00+01:00,Biomass 26,0.046169999999999996
2030,sc01,11-09 20:00:00+01:00,Solar 37,0.0
2030,sc01,11-09 20:00:00+01:00,Biomass 11,0.00972
2030,sc01,11-09 20:00:00+01:00,Solar 59,0.0
2030,sc01,11-09 20:00:00+01:00,CT NG 11,0.0
2030,sc01,11-09 20:00:00+01:00,Biomass 30,0.046169999999999996
2030,sc01,11-09 20:00:00+01:00,Hydro 23,0.0
2030,sc01,11-09 20:00:00+01:00,CC NG 24,0.0
2030,sc01,11-09 20:00:00+01:00,Solar 65,0.0
2030,sc01,11-09 20:00:00+01:00,CC NG 18,13.089375352229514
2030,sc01,11-09 20:00:00+01:00,CT NG 16,0.0
2030,sc01,11-09 20:00:00+01:00,Solar 51,0.0
2030,sc01,11-09 20:00:00+01:00,Wind 06,0.177986314008
2030,sc01,11-09 20:00:00+01:00,CC NG 26,0.0
2030,sc01,11-09 20:00:00+01:00,CC NG 23,0.0
2030,sc01,11-09 20:00:00+01:00,CT NG 43,0.0
2030,sc01,11-09 20:00:00+01:00,CC NG 11,0.0
2030,sc01,11-09 20:00:00+01:00,CT NG 02,0.0
2030,sc01,11-09 20:00:00+01:00,CT NG 50,0.0
2030,sc01,11-09 20:00:00+01:00,Hydro 27,0.3159
2030,sc01,11-09 20:00:00+01:00,CT NG 13,0.0
2030,sc01,11-09 20:00:00+01:00,CT NG 25,2.193754789481745
2030,sc01,11-09 20:00:00+01:00,CC NG 05,0.786377207905237
2030,sc01,11-09 20:00:00+01:00,Solar 04,0.0
2030,sc01,11-09 20:00:00+01:00,Solar 30,0.0
2030,sc01,11-09 20:00:00+01:00,Solar 29,0.0
2030,sc01,11-09 20:00:00+01:00,Solar 53,0.0
2030,sc01,11-09 20:00:00+01:00,Solar 21,0.0
2030,sc01,11-09 20:00:00+01:00,Biomass 58,0.058320000000000004
2030,sc01,11-09 20:00:00+01:00,CT NG 74,0.0
2030,sc01,11-09 20:00:00+01:00,Solar 61,0.0
2030,sc01,11-09 20:00:00+01:00,Wind 07,0.108786589056
2030,sc01,11-09 20:00:00+01:00,Biomass 31,0.046169999999999996
2030,sc01,11-09 20:00:00+01:00,CT Oil 05,0.0
2030,sc01,11-09 20:00:00+01:00,Biomass 38,0.022949999999999998
2030,sc01,11-09 20:00:00+01:00,Solar 41,0.0
2030,sc01,11-09 20:00:00+01:00,Biomass 51,0.00513
2030,sc01,11-09 20:00:00+01:00,Biomass 55,0.07046999999999999
2030,sc01,11-09 20:00:00+01:00,Wind 15,7.9116700049999995
2030,sc01,11-09 20:00:00+01:00,Geo 01,0.432
2030,sc01,11-09 20:00:00+01:00,Biomass 60,0.0729
2030,sc01,11-09 20:00:00+01:00,CT NG 38,0.0
2030,sc01,11-09 20:00:00+01:00,Solar 66,0.0
2030,sc01,11-09 20:00:00+01:00,Solar 49,0.0
2030,sc01,11-09 20:00:00+01:00,CT NG 51,0.0
2030,sc01,11-09 20:00:00+01:00,Biomass 18,0.0056700000000000006
2030,sc01,11-09 20:00:00+01:00,ICE NG 01,0.08502975
2030,sc01,11-09 20:00:00+01:00,Solar 15,0.0
2030,sc01,11-09 20:00:00+01:00,ICE NG 05,0.0
2030,sc01,11-09 20:00:00+01:00,CT Oil 04,0.0
2030,sc01,11-09 20:00:00+01:00,CC NG 20,0.0
2030,sc01,11-09 20:00:00+01:00,Solar 20,0.0
2030,sc01,11-09 20:00:00+01:00,Biomass 04,0.007020000000000001
2030,sc01,11-09 20:00:00+01:00,Wind 02,0.0
2030,sc01,11-09 20:00:00+01:00,Hydro 25,0.3159
2030,sc01,11-09 20:00:00+01:00,Solar 75,0.0
2030,sc01,11-09 20:00:00+01:00,Hydro 33,0.0
2030,sc01,11-09 20:00:00+01:00,ST NG 05,0.0
2030,sc01,11-09 20:00:00+01:00,CT NG 07,0.0
2030,sc01,11-09 20:00:00+01:00,Wind 01,0.16410673548
2030,sc01,11-09 20:00:00+01:00,Solar 56,0.0
2030,sc01,11-09 20:00:00+01:00,Biomass 09,0.02214
2030,sc01,11-09 20:00:00+01:00,Biomass 53,0.07046999999999999
2030,sc01,11-09 20:00:00+01:00,Wind 17,24.25907365962369
2030,sc01,11-09 20:00:00+01:00,ST NG 08,0.0
2030,sc01,11-09 20:00:00+01:00,Hydro 19,0.082863
2030,sc01,11-09 20:00:00+01:00,ST NG 02,0.0
2030,sc01,11-09 20:00:00+01:00,Biomass 01,0.0297
2030,sc01,11-09 20:00:00+01:00,Biomass 57,0.058320000000000004
2030,sc01,11-09 20:00:00+01:00,CT NG 49,0.0
2030,sc01,11-09 20:00:00+01:00,CT NG 31,0.040291020000000004
2030,sc01,11-09 20:00:00+01:00,Solar 64,0.0
2030,sc01,11-09 20:00:00+01:00,CC NG 33,0.0
2030,sc01,11-09 20:00:00+01:00,Solar 46,0.0
2030,sc01,11-09 20:00:00+01:00,Biomass 12,0.00972
2030,sc01,11-09 20:00:00+01:00,Wind 04,0.183057139728
2030,sc01,11-09 20:00:00+01:00,Solar 13,0.0
2030,sc01,11-09 20:00:00+01:00,CT NG 55,0.0
2030,sc01,11-09 20:00:00+01:00,Wind N03,145.02583841692393
2030,sc01,11-09 20:00:00+01:00,CT NG 28,0.0
2030,sc01,11-09 20:00:00+01:00,Wind 09,0.064521129528
2030,sc01,11-09 20:00:00+01:00,Solar 60,0.0
2030,sc01,11-09 20:00:00+01:00,Solar 25,0.0
2030,sc01,11-09 20:00:00+01:00,CT NG 23,0.0
2030,sc01,11-09 20:00:00+01:00,ST Other 01,0.0
2030,sc01,11-09 20:00:00+01:00,Solar 70,0.0
2030,sc01,11-09 20:00:00+01:00,CC NG 34,0.0
2030,sc01,11-09 20:00:00+01:00,Solar 48,0.0
2030,sc01,11-09 20:00:00+01:00,Biomass 56,0.07128
2030,sc01,11-09 20:00:00+01:00,CT NG 36,2.6163
2030,sc01,11-09 20:00:00+01:00,Solar 47,0.0
2030,sc01,11-09 20:00:00+01:00,Hydro 17,0.010935
2030,sc01,11-09 20:00:00+01:00,Solar 09,0.0
2030,sc01,11-09 20:00:00+01:00,Solar 08,0.0
2030,sc01,11-09 20:00:00+01:00,CT NG 45,0.0
2030,sc01,11-09 20:00:00+01:00,ST NG 04,0.0
2030,sc01,11-09 20:00:00+01:00,Solar 40,0.0
2030,sc01,11-09 20:00:00+01:00,Biomass 47,0.07263
2030,sc01,11-09 20:00:00+01:00,Solar 50,0.0
2030,sc01,11-09 20:00:00+01:00,Solar 52,0.0
2030,sc01,11-09 20:00:00+01:00,Solar 63,0.0
2030,sc01,11-09 20:00:00+01:00,CC NG 06,0.0
2030,sc01,11-09 20:00:00+01:00,Biomass 39,0.022949999999999998
2030,sc01,11-09 20:00:00+01:00,Solar 67,0.0
2030,sc01,11-09 20:00:00+01:00,Solar 19,0.0
2030,sc01,11-09 20:00:00+01:00,Wind 12,2.9652765038999997
2030,sc01,11-09 20:00:00+01:00,Solar 24,0.0
2030,sc01,11-09 20:00:00+01:00,ICE NG 02,0.0
2030,sc01,11-09 20:00:00+01:00,Solar 05,0.0
2030,sc01,11-09 20:00:00+01:00,CT NG 54,0.0
2030,sc01,11-09 20:00:00+01:00,Wind N01,28.132110405
2030,sc01,11-09 20:00:00+01:00,CT NG 27,0.02747115
2030,sc01,11-09 20:00:00+01:00,CC NG 36,0.0
2030,sc01,11-09 20:00:00+01:00,Wind N02,16.3501529373
2030,sc01,11-09 20:00:00+01:00,CT NG 52,0.0
2030,sc01,11-09 20:00:00+01:00,Solar 35,0.0
2030,sc01,11-09 20:00:00+01:00,CT NG 05,0.0
2030,sc01,11-09 20:00:00+01:00,Biomass 36,0.038880000000000005
2030,sc01,11-09 20:00:00+01:00,CT NG 34,2.6163
2030,sc01,11-09 20:00:00+01:00,CT Oil 03,0.0
2030,sc01,11-09 20:00:00+01:00,Hydro 35,0.0
2030,sc01,11-09 20:00:00+01:00,Solar 14,0.0
2030,sc01,11-09 20:00:00+01:00,CT NG 75,0.0
2030,sc01,11-09 20:00:00+01:00,ST NG 09,0.0
2030,sc01,11-09 20:00:00+01:00,CT NG 56,0.0
2030,sc01,11-09 20:00:00+01:00,Biomass 22,0.01026
2030,sc01,11-09 20:00:00+01:00,Solar 18,0.0
2030,sc01,11-09 20:00:00+01:00,Biomass 13,0.00972
2030,sc01,11-09 20:00:00+01:00,CT NG 71,0.0
2030,sc01,11-09 20:00:00+01:00,Solar 58,0.0
2030,sc01,11-09 20:00:00+01:00,Solar 06,0.0
2030,sc01,11-09 20:00:00+01:00,Biomass 08,0.02214
2030,sc01,11-09 20:00:00+01:00,CT NG 72,0.0
2030,sc01,11-09 20:00:00+01:00,Hydro 18,0.037665
2030,sc01,11-09 20:00:00+01:00,Solar 10,0.0
2030,sc01,11-09 20:00:00+01:00,CT NG 04,0.0
2030,sc01,11-09 20:00:00+01:00,ST Other 02,0.0
2030,sc01,11-09 20:00:00+01:00,CT NG 12,0.0
2030,sc01,11-09 20:00:00+01:00,CT NG 48,0.0
2030,sc01,11-09 20:00:00+01:00,ST NG 10,0.0
2030,sc01,11-09 20:00:00+01:00,Solar 22,0.0
2030,sc01,11-09 20:00:00+01:00,Solar 28,0.0
2030,sc01,11-09 20:00:00+01:00,CT NG 73,0.0
2030,sc01,11-09 20:00:00+01:00,Biomass 52,0.04563
2030,sc01,11-09 20:00:00+01:00,CT NG 30,0.0
2030,sc01,11-09 20:00:00+01:00,Solar 54,0.0
2030,sc01,11-09 20:00:00+01:00,Solar 31,0.0
2030,sc01,11-09 20:00:00+01:00,Biomass 03,0.007020000000000001
2030,sc01,11-09 20:00:00+01:00,CT NG 32,0.0418608
2030,sc01,11-09 20:00:00+01:00,Biomass 27,0.046169999999999996
2030,sc01,11-09 20:00:00+01:00,CC NG 14,0.0
2030,sc01,11-09 20:00:00+01:00,CC NG 03,3.31532082
2030,sc01,11-09 20:00:00+01:00,CC NG 29,0.0
2030,sc01,11-09 20:00:00+01:00,CC NG 28,4.738783499999999
2030,sc01,11-09 20:00:00+01:00,CC NG 25,0.0
2030,sc01,11-09 20:00:00+01:00,CT NG 44,0.0
2030,sc01,11-09 20:00:00+01:00,CT NG 14,0.0
2030,sc01,11-09 20:00:00+01:00,CC NG 15,0.0
2030,sc01,11-09 20:00:00+01:00,CC NG 04,8.35488
2030,sc01,11-09 20:00:00+01:00,Biomass 29,0.046169999999999996
2030,sc01,11-09 20:00:00+01:00,Wind 14,2.23276957272
2030,sc01,11-09 20:00:00+01:00,Wind 08,0.09042400591199999
2030,sc01,11-09 20:00:00+01:00,Biomass 61,0.00972
2030,sc01,11-09 20:00:00+01:00,CT NG 35,2.6163
2030,sc01,11-09 20:00:00+01:00,Solar 33,0.0
2030,sc01,11-09 20:00:00+01:00,CT NG 41,0.0
2030,sc01,11-09 20:00:00+01:00,CT NG 15,0.0
2030,sc01,11-09 20:00:00+01:00,Solar 42,0.0
2030,sc01,11-09 20:00:00+01:00,Solar 07,0.0
2030,sc01,11-09 20:00:00+01:00,Solar 43,0.0
2030,sc01,11-09 20:00:00+01:00,Biomass 05,0.012960000000000001
2030,sc01,11-09 20:00:00+01:00,CT NG 29,0.015697799999999998
2030,sc01,11-09 20:00:00+01:00,Solar 71,0.0
2030,sc01,11-09 20:00:00+01:00,CT NG 53,0.0
2030,sc01,11-09 20:00:00+01:00,CT NG 20,0.0
2030,sc01,11-09 20:00:00+01:00,Biomass 14,0.0216
2030,sc01,11-09 20:00:00+01:00,Solar 26,0.0
2030,sc01,11-09 20:00:00+01:00,Hydro 29,0.7257600000000001
2030,sc01,11-09 20:00:00+01:00,Hydro 31,0.0032400000000000003
2030,sc01,11-09 20:00:00+01:00,Biomass 24,0.007560000000000001
2030,sc01,11-09 20:00:00+01:00,Biomass 54,0.07046999999999999
2030,sc01,11-09 20:00:00+01:00,Solar 36,0.0
2030,sc01,11-09 20:00:00+01:00,Wind 03,0.60493988241
2030,sc01,11-09 20:00:00+01:00,Biomass 40,0.022949999999999998
2030,sc01,11-09 20:00:00+01:00,Biomass 49,0.00837
2030,sc01,11-09 20:00:00+01:00,CC NG 16,24.6338415
2030,sc01,11-09 20:00:00+01:00,Biomass 48,0.07263
2030,sc01,11-09 20:00:00+01:00,Hydro 28,0.7257600000000001
2030,sc01,11-09 20:00:00+01:00,Biomass 17,0.0056700000000000006
2030,sc01,11-09 20:00:00+01:00,CT NG 33,0.034011900000000005
2030,sc01,11-09 20:00:00+01:00,Solar 45,0.0
2030,sc01,11-09 20:00:00+01:00,Hydro 24,0.0
2030,sc01,11-09 20:00:00+01:00,Wind 13,0.50280483132
2030,sc01,11-09 20:00:00+01:00,Biomass 07,0.054
2030,sc01,11-09 20:00:00+01:00,Biomass 34,0.038880000000000005
2030,sc01,11-09 20:00:00+01:00,Biomass 33,0.038880000000000005
2030,sc01,11-09 20:00:00+01:00,CT NG 01,0.0
2030,sc01,11-09 20:00:00+01:00,ICE NG 03,0.0
2030,sc01,11-09 20:00:00+01:00,Solar 55,0.0
2030,sc01,11-09 20:00:00+01:00,Solar 11,0.0
2030,sc01,11-09 20:00:00+01:00,CT NG 06,0.0
2030,sc01,11-09 20:00:00+01:00,CT NG 70,0.0
2030,sc01,11-09 20:00:00+01:00,Solar 23,0.0
2030,sc01,11-09 20:00:00+01:00,CT NG 67,0.0
2030,sc01,11-09 20:00:00+01:00,Solar 12,0.0
2030,sc01,11-09 20:00:00+01:00,CT Oil 01,0.0
2030,sc01,11-09 20:00:00+01:00,Hydro 26,0.3159
2030,sc01,11-09 20:00:00+01:00,CC NG 22,2.0112630412138444
2030,sc01,11-09 20:00:00+01:00,CC NG 35,0.0
2030,sc01,11-09 20:00:00+01:00,Biomass 50,0.00513
2030,sc01,11-09 20:00:00+01:00,ICE NG 04,0.0
2030,sc01,11-09 20:00:00+01:00,CC NG 39,0.0
2030,sc01,11-09 20:00:00+01:00,Hydro 32,0.003888
2030,sc01,11-09 20:00:00+01:00,ICE NG 07,0.0
2030,sc01,11-09 20:00:00+01:00,Biomass 46,0.017550000000000003
2030,sc01,11-09 20:00:00+01:00,CC NG 38,0.0
2030,sc01,11-09 20:00:00+01:00,CC NG 12,0.0
2030,sc01,11-09 20:00:00+01:00,Solar 57,0.0
2030,sc01,11-09 20:00:00+01:00,CC NG 32,0.0
2030,sc01,11-09 20:00:00+01:00,CC NG 07,0.0
2030,sc01,11-09 20:00:00+01:00,Biomass 44,0.03402
2030,sc01,11-09 20:00:00+01:00,CT NG 40,0.08110529999999999
2030,sc01,11-09 20:00:00+01:00,Solar 74,0.0
2030,sc01,11-09 20:00:00+01:00,Hydro 30,0.0
2030,sc01,11-09 20:00:00+01:00,CT NG 42,0.0
2030,sc01,11-09 20:00:00+01:00,Hydro 22,0.49442886
2030,sc01,11-09 20:00:00+01:00,Solar 17,0.0
2030,sc01,11-09 20:00:00+01:00,Solar 38,0.0
2030,sc01,11-09 20:00:00+01:00,CT NG 24,2.6163
2030,sc01,11-09 20:00:00+01:00,CC NG 27,0.0
2030,sc01,11-09 20:00:00+01:00,Biomass 21,0.01026
2030,sc01,11-09 20:00:00+01:00,ICE NG 06,0.0
2030,sc01,11-09 20:00:00+01:00,Biomass 25,0.007560000000000001
2030,sc01,11-09 20:00:00+01:00,Solar 27,0.0
2030,sc01,11-09 20:00:00+01:00,CT NG 19,0.0
2030,sc01,11-09 20:00:00+01:00,Biomass 42,0.03699
2030,sc01,11-09 20:00:00+01:00,Biomass 19,0.01026
2030,sc01,11-09 20:00:00+01:00,Biomass 06,0.012960000000000001
2030,sc01,11-09 20:00:00+01:00,CT NG 10,0.0
2030,sc01,11-09 20:00:00+01:00,CC NG 40,19.6104699
2030,sc01,11-09 20:00:00+01:00,CC NG 21,0.0
2030,sc01,11-09 20:00:00+01:00,Biomass 02,0.0297
2030,sc01,11-09 20:00:00+01:00,CT NG 46,0.0
2030,sc01,11-09 20:00:00+01:00,Hydro 34,0.0
2030,sc01,11-09 20:00:00+01:00,Biomass 10,0.02214
2030,sc01,11-09 20:00:00+01:00,CT NG 17,0.18052469999999998
2030,sc01,11-09 20:00:00+01:00,Biomass 62,0.05373
2030,sc01,11-09 20:00:00+01:00,Biomass 32,0.033209999999999996
2030,sc01,11-09 20:00:00+01:00,CC NG 19,3.65526
2030,sc01,11-09 20:00:00+01:00,CC NG 17,0.0
2030,sc01,11-09 20:00:00+01:00,ST NG 01,0.0
2030,sc01,11-09 20:00:00+01:00,Biomass 45,0.03402
2030,sc01,11-09 20:00:00+01:00,Biomass 28,0.046169999999999996
2030,sc01,11-09 20:00:00+01:00,CC NG 10,0.0
2030,sc01,11-09 20:00:00+01:00,Biomass 23,0.007560000000000001
2030,sc01,11-09 20:00:00+01:00,ST NG 06,0.0
2030,sc01,11-09 20:00:00+01:00,Wind 10,0.067020870096
2030,sc01,11-09 20:00:00+01:00,CT NG 69,0.0
2030,sc01,11-09 20:00:00+01:00,CT NG 68,0.0
2030,sc01,11-09 23:00:00+01:00,CC NG 13,0.0
2030,sc01,11-09 23:00:00+01:00,CT NG 37,0.0
2030,sc01,11-09 23:00:00+01:00,ST Coal 01,0.0
2030,sc01,11-09 23:00:00+01:00,CT NG 09,0.0
2030,sc01,11-09 23:00:00+01:00,CT NG 47,0.0
2030,sc01,11-09 23:00:00+01:00,Solar 69,0.0
2030,sc01,11-09 23:00:00+01:00,Solar 34,0.0
2030,sc01,11-09 23:00:00+01:00,Solar 73,0.0
2030,sc01,11-09 23:00:00+01:00,Biomass 37,0.01275
2030,sc01,11-09 23:00:00+01:00,Hydro 20,0.5431275000000001
2030,sc01,11-09 23:00:00+01:00,Solar 01,0.0
2030,sc01,11-09 23:00:00+01:00,Solar 62,0.0
2030,sc01,11-09 23:00:00+01:00,Solar 02,0.0
2030,sc01,11-09 23:00:00+01:00,CT NG 26,0.0
2030,sc01,11-09 23:00:00+01:00,Biomass 20,0.0057
2030,sc01,11-09 23:00:00+01:00,Wind 16,0.0
2030,sc01,11-09 23:00:00+01:00,CT NG 66,0.0
2030,sc01,11-09 23:00:00+01:00,Solar 39,0.0
2030,sc01,11-09 23:00:00+01:00,Biomass 41,0.020550000000000002
2030,sc01,11-09 23:00:00+01:00,Solar 72,0.0
2030,sc01,11-09 23:00:00+01:00,ST NG 03,0.0
2030,sc01,11-09 23:00:00+01:00,Hydro 21,0.5431275000000001
2030,sc01,11-09 23:00:00+01:00,CT NG 03,0.0
2030,sc01,11-09 23:00:00+01:00,CC NG 09,0.0
2030,sc01,11-09 23:00:00+01:00,CT Oil 02,0.0
2030,sc01,11-09 23:00:00+01:00,CT NG 39,0.0
2030,sc01,11-09 23:00:00+01:00,CC NG 08,0.0
2030,sc01,11-09 23:00:00+01:00,Biomass 43,0.0435
2030,sc01,11-09 23:00:00+01:00,CT NG 18,0.05668649999999999
2030,sc01,11-09 23:00:00+01:00,ST NG 07,0.0
2030,sc01,11-09 23:00:00+01:00,Biomass 35,0.0216
2030,sc01,11-09 23:00:00+01:00,Solar 32,0.0
2030,sc01,11-09 23:00:00+01:00,Biomass 15,0.00315
2030,sc01,11-09 23:00:00+01:00,CC NG 31,0.0
2030,sc01,11-09 23:00:00+01:00,Solar 16,0.0
2030,sc01,11-09 23:00:00+01:00,Solar 68,0.0
2030,sc01,11-09 23:00:00+01:00,CT NG 21,0.0
2030,sc01,11-09 23:00:00+01:00,Wind 11,0.00573893052
2030,sc01,11-09 23:00:00+01:00,CC NG 37,0.0
2030,sc01,11-09 23:00:00+01:00,CT NG 22,0.0
2030,sc01,11-09 23:00:00+01:00,Hydro 16,0.0036
2030,sc01,11-09 23:00:00+01:00,Biomass 59,0.06210000000000001
2030,sc01,11-09 23:00:00+01:00,CC NG 01,0.0
2030,sc01,11-09 23:00:00+01:00,Biomass 16,0.00315
2030,sc01,11-09 23:00:00+01:00,Solar 03,0.0
2030,sc01,11-09 23:00:00+01:00,Solar 44,0.0
2030,sc01,11-09 23:00:00+01:00,CT NG 08,0.0
2030,sc01,11-09 23:00:00+01:00,Wind 05,0.0
2030,sc01,11-09 23:00:00+01:00,Biomass 26,0.02565
2030,sc01,11-09 23:00:00+01:00,Solar 37,0.0
2030,sc01,11-09 23:00:00+01:00,Biomass 11,0.005399999999999999
2030,sc01,11-09 23:00:00+01:00,Solar 59,0.0
2030,sc01,11-09 23:00:00+01:00,CT NG 11,0.0
2030,sc01,11-09 23:00:00+01:00,Biomass 30,0.02565
2030,sc01,11-09 23:00:00+01:00,Hydro 23,0.0
2030,sc01,11-09 23:00:00+01:00,CC NG 24,0.0
2030,sc01,11-09 23:00:00+01:00,Solar 65,0.0
2030,sc01,11-09 23:00:00+01:00,CC NG 18,0.0
2030,sc01,11-09 23:00:00+01:00,CT NG 16,0.0
2030,sc01,11-09 23:00:00+01:00,Solar 51,0.0
2030,sc01,11-09 23:00:00+01:00,Wind 06,0.12071193576
2030,sc01,11-09 23:00:00+01:00,CC NG 26,0.0
2030,sc01,11-09 23:00:00+01:00,CC NG 23,0.0
2030,sc01,11-09 23:00:00+01:00,CT NG 43,0.0
2030,sc01,11-09 23:00:00+01:00,CC NG 11,0.0
2030,sc01,11-09 23:00:00+01:00,CT NG 02,0.0
2030,sc01,11-09 23:00:00+01:00,CT NG 50,0.0
2030,sc01,11-09 23:00:00+01:00,Hydro 27,0.17550000000000002
2030,sc01,11-09 23:00:00+01:00,CT NG 13,0.0
2030,sc01,11-09 23:00:00+01:00,CT NG 25,0.0
2030,sc01,11-09 23:00:00+01:00,CC NG 05,0.0
2030,sc01,11-09 23:00:00+01:00,Solar 04,0.0
2030,sc01,11-09 23:00:00+01:00,Solar 30,0.0
2030,sc01,11-09 23:00:00+01:00,Solar 29,0.0
2030,sc01,11-09 23:00:00+01:00,Solar 53,0.0
2030,sc01,11-09 23:00:00+01:00,Solar 21,0.0
2030,sc01,11-09 23:00:00+01:00,Biomass 58,0.0324
2030,sc01,11-09 23:00:00+01:00,CT NG 74,0.0
2030,sc01,11-09 23:00:00+01:00,Solar 61,0.0
2030,sc01,11-09 23:00:00+01:00,Wind 07,0.06632936784
2030,sc01,11-09 23:00:00+01:00,Biomass 31,0.02565
2030,sc01,11-09 23:00:00+01:00,CT Oil 05,0.0
2030,sc01,11-09 23:00:00+01:00,Biomass 38,0.01275
2030,sc01,11-09 23:00:00+01:00,Solar 41,0.0
2030,sc01,11-09 23:00:00+01:00,Biomass 51,0.00285
2030,sc01,11-09 23:00:00+01:00,Biomass 55,0.03915
2030,sc01,11-09 23:00:00+01:00,Wind 15,0.0
2030,sc01,11-09 23:00:00+01:00,Geo 01,0.24
2030,sc01,11-09 23:00:00+01:00,Biomass 60,0.0405
2030,sc01,11-09 23:00:00+01:00,CT NG 38,0.0
2030,sc01,11-09 23:00:00+01:00,Solar 66,0.0
2030,sc01,11-09 23:00:00+01:00,Solar 49,0.0
2030,sc01,11-09 23:00:00+01:00,CT NG 51,0.0
2030,sc01,11-09 23:00:00+01:00,Biomass 18,0.00315
2030,sc01,11-09 23:00:00+01:00,ICE NG 01,0.0
2030,sc01,11-09 23:00:00+01:00,Solar 15,0.0
2030,sc01,11-09 23:00:00+01:00,ICE NG 05,0.0
2030,sc01,11-09 23:00:00+01:00,CT Oil 04,0.0
2030,sc01,11-09 23:00:00+01:00,CC NG 20,0.0
2030,sc01,11-09 23:00:00+01:00,Solar 20,0.0
2030,sc01,11-09 23:00:00+01:00,Biomass 04,0.0039000000000000007
2030,sc01,11-09 23:00:00+01:00,Wind 02,0.0
2030,sc01,11-09 23:00:00+01:00,Hydro 25,0.17550000000000002
2030,sc01,11-09 23:00:00+01:00,Solar 75,0.0
2030,sc01,11-09 23:00:00+01:00,Hydro 33,0.0
2030,sc01,11-09 23:00:00+01:00,ST NG 05,0.0
2030,sc01,11-09 23:00:00+01:00,CT NG 07,0.0
2030,sc01,11-09 23:00:00+01:00,Wind 01,0.10133807268
2030,sc01,11-09 23:00:00+01:00,Solar 56,0.0
2030,sc01,11-09 23:00:00+01:00,Biomass 09,0.0123
2030,sc01,11-09 23:00:00+01:00,Biomass 53,0.03915
2030,sc01,11-09 23:00:00+01:00,Wind 17,14.56676533507753
2030,sc01,11-09 23:00:00+01:00,ST NG 08,0.0
2030,sc01,11-09 23:00:00+01:00,Hydro 19,0.043807500000000006
2030,sc01,11-09 23:00:00+01:00,ST NG 02,0.0
2030,sc01,11-09 23:00:00+01:00,Biomass 01,0.0165
2030,sc01,11-09 23:00:00+01:00,Biomass 57,0.0324
2030,sc01,11-09 23:00:00+01:00,CT NG 49,0.0
2030,sc01,11-09 23:00:00+01:00,CT NG 31,0.0
2030,sc01,11-09 23:00:00+01:00,Solar 64,0.0
2030,sc01,11-09 23:00:00+01:00,CC NG 33,0.0
2030,sc01,11-09 23:00:00+01:00,Solar 46,0.0
2030,sc01,11-09 23:00:00+01:00,Biomass 12,0.005399999999999999
2030,sc01,11-09 23:00:00+01:00,Wind 04,0.14464894716
2030,sc01,11-09 23:00:00+01:00,Solar 13,0.0
2030,sc01,11-09 23:00:00+01:00,CT NG 55,0.0
2030,sc01,11-09 23:00:00+01:00,Wind N03,74.07628076089178
2030,sc01,11-09 23:00:00+01:00,CT NG 28,0.0
2030,sc01,11-09 23:00:00+01:00,Wind 09,0.0295552308
2030,sc01,11-09 23:00:00+01:00,Solar 60,0.0
2030,sc01,11-09 23:00:00+01:00,Solar 25,0.0
2030,sc01,11-09 23:00:00+01:00,CT NG 23,0.0
2030,sc01,11-09 23:00:00+01:00,ST Other 01,0.0
2030,sc01,11-09 23:00:00+01:00,Solar 70,0.0
2030,sc01,11-09 23:00:00+01:00,CC NG 34,0.0
2030,sc01,11-09 23:00:00+01:00,Solar 48,0.0
2030,sc01,11-09 23:00:00+01:00,Biomass 56,0.039599999999999996
2030,sc01,11-09 23:00:00+01:00,CT NG 36,0.0
2030,sc01,11-09 23:00:00+01:00,Solar 47,0.0
2030,sc01,11-09 23:00:00+01:00,Hydro 17,0.0060750000000000005
2030,sc01,11-09 23:00:00+01:00,Solar 09,0.0
2030,sc01,11-09 23:00:00+01:00,Solar 08,0.0
2030,sc01,11-09 23:00:00+01:00,CT NG 45,0.0
2030,sc01,11-09 23:00:00+01:00,ST NG 04,0.0
2030,sc01,11-09 23:00:00+01:00,Solar 40,0.0
2030,sc01,11-09 23:00:00+01:00,Biomass 47,0.040350000000000004
2030,sc01,11-09 23:00:00+01:00,Solar 50,0.0
2030,sc01,11-09 23:00:00+01:00,Solar 52,0.0
2030,sc01,11-09 23:00:00+01:00,Solar 63,0.0
2030,sc01,11-09 23:00:00+01:00,CC NG 06,0.0
2030,sc01,11-09 23:00:00+01:00,Biomass 39,0.01275
2030,sc01,11-09 23:00:00+01:00,Solar 67,0.0
2030,sc01,11-09 23:00:00+01:00,Solar 19,0.0
2030,sc01,11-09 23:00:00+01:00,Wind 12,1.8945293775
2030,sc01,11-09 23:00:00+01:00,Solar 24,0.0
2030,sc01,11-09 23:00:00+01:00,ICE NG 02,0.0
2030,sc01,11-09 23:00:00+01:00,Solar 05,0.0
2030,sc01,11-09 23:00:00+01:00,CT NG 54,0.0
2030,sc01,11-09 23:00:00+01:00,Wind N01,17.97374025
2030,sc01,11-09 23:00:00+01:00,CT NG 27,0.0
2030,sc01,11-09 23:00:00+01:00,CC NG 36,0.0
2030,sc01,11-09 23:00:00+01:00,Wind N02,10.280168658
2030,sc01,11-09 23:00:00+01:00,CT NG 52,0.0
2030,sc01,11-09 23:00:00+01:00,Solar 35,0.0
2030,sc01,11-09 23:00:00+01:00,CT NG 05,0.0
2030,sc01,11-09 23:00:00+01:00,Biomass 36,0.0216
2030,sc01,11-09 23:00:00+01:00,CT NG 34,0.0
2030,sc01,11-09 23:00:00+01:00,CT Oil 03,0.0
2030,sc01,11-09 23:00:00+01:00,Hydro 35,0.0
2030,sc01,11-09 23:00:00+01:00,Solar 14,0.0
2030,sc01,11-09 23:00:00+01:00,CT NG 75,0.0
2030,sc01,11-09 23:00:00+01:00,ST NG 09,0.0
2030,sc01,11-09 23:00:00+01:00,CT NG 56,0.0
2030,sc01,11-09 23:00:00+01:00,Biomass 22,0.0057
2030,sc01,11-09 23:00:00+01:00,Solar 18,0.0
2030,sc01,11-09 23:00:00+01:00,Biomass 13,0.005399999999999999
2030,sc01,11-09 23:00:00+01:00,CT NG 71,0.0
2030,sc01,11-09 23:00:00+01:00,Solar 58,0.0
2030,sc01,11-09 23:00:00+01:00,Solar 06,0.0
2030,sc01,11-09 23:00:00+01:00,Biomass 08,0.0123
2030,sc01,11-09 23:00:00+01:00,CT NG 72,0.0
2030,sc01,11-09 23:00:00+01:00,Hydro 18,0.020925
2030,sc01,11-09 23:00:00+01:00,Solar 10,0.0
2030,sc01,11-09 23:00:00+01:00,CT NG 04,0.0
2030,sc01,11-09 23:00:00+01:00,ST Other 02,0.0
2030,sc01,11-09 23:00:00+01:00,CT NG 12,0.0
2030,sc01,11-09 23:00:00+01:00,CT NG 48,0.0
2030,sc01,11-09 23:00:00+01:00,ST NG 10,0.0
2030,sc01,11-09 23:00:00+01:00,Solar 22,0.0
2030,sc01,11-09 23:00:00+01:00,Solar 28,0.0
2030,sc01,11-09 23:00:00+01:00,CT NG 73,0.0
2030,sc01,11-09 23:00:00+01:00,Biomass 52,0.025349999999999998
2030,sc01,11-09 23:00:00+01:00,CT NG 30,0.0
2030,sc01,11-09 23:00:00+01:00,Solar 54,0.0
2030,sc01,11-09 23:00:00+01:00,Solar 31,0.0
2030,sc01,11-09 23:00:00+01:00,Biomass 03,0.0039000000000000007
2030,sc01,11-09 23:00:00+01:00,CT NG 32,0.0
2030,sc01,11-09 23:00:00+01:00,Biomass 27,0.02565
2030,sc01,11-09 23:00:00+01:00,CC NG 14,0.0
2030,sc01,11-09 23:00:00+01:00,CC NG 03,1.0566691905685908
2030,sc01,11-09 23:00:00+01:00,CC NG 29,0.0
2030,sc01,11-09 23:00:00+01:00,CC NG 28,0.0
2030,sc01,11-09 23:00:00+01:00,CC NG 25,0.0
2030,sc01,11-09 23:00:00+01:00,CT NG 44,0.0
2030,sc01,11-09 23:00:00+01:00,CT NG 14,0.0
2030,sc01,11-09 23:00:00+01:00,CC NG 15,0.0
2030,sc01,11-09 23:00:00+01:00,CC NG 04,0.0
2030,sc01,11-09 23:00:00+01:00,Biomass 29,0.02565
2030,sc01,11-09 23:00:00+01:00,Wind 14,1.4038552344
2030,sc01,11-09 23:00:00+01:00,Wind 08,0.040799475720000006
2030,sc01,11-09 23:00:00+01:00,Biomass 61,0.005399999999999999
2030,sc01,11-09 23:00:00+01:00,CT NG 35,0.0
2030,sc01,11-09 23:00:00+01:00,Solar 33,0.0
2030,sc01,11-09 23:00:00+01:00,CT NG 41,0.0
2030,sc01,11-09 23:00:00+01:00,CT NG 15,0.0
2030,sc01,11-09 23:00:00+01:00,Solar 42,0.0
2030,sc01,11-09 23:00:00+01:00,Solar 07,0.0
2030,sc01,11-09 23:00:00+01:00,Solar 43,0.0
2030,sc01,11-09 23:00:00+01:00,Biomass 05,0.0072
2030,sc01,11-09 23:00:00+01:00,CT NG 29,0.0
2030,sc01,11-09 23:00:00+01:00,Solar 71,0.0
2030,sc01,11-09 23:00:00+01:00,CT NG 53,0.0
2030,sc01,11-09 23:00:00+01:00,CT NG 20,0.0
2030,sc01,11-09 23:00:00+01:00,Biomass 14,0.012
2030,sc01,11-09 23:00:00+01:00,Solar 26,0.0
2030,sc01,11-09 23:00:00+01:00,Hydro 29,0.0144
2030,sc01,11-09 23:00:00+01:00,Hydro 31,0.0018
2030,sc01,11-09 23:00:00+01:00,Biomass 24,0.004200000000000001
2030,sc01,11-09 23:00:00+01:00,Biomass 54,0.03915
2030,sc01,11-09 23:00:00+01:00,Solar 36,0.0
2030,sc01,11-09 23:00:00+01:00,Wind 03,0.42267048960000003
2030,sc01,11-09 23:00:00+01:00,Biomass 40,0.01275
2030,sc01,11-09 23:00:00+01:00,Biomass 49,0.00465
2030,sc01,11-09 23:00:00+01:00,CC NG 16,13.6854675
2030,sc01,11-09 23:00:00+01:00,Biomass 48,0.040350000000000004
2030,sc01,11-09 23:00:00+01:00,Hydro 28,0.0144
2030,sc01,11-09 23:00:00+01:00,Biomass 17,0.00315
2030,sc01,11-09 23:00:00+01:00,CT NG 33,0.0
2030,sc01,11-09 23:00:00+01:00,Solar 45,0.0
2030,sc01,11-09 23:00:00+01:00,Hydro 24,0.0
2030,sc01,11-09 23:00:00+01:00,Wind 13,0.36309144720000003
2030,sc01,11-09 23:00:00+01:00,Biomass 07,0.03
2030,sc01,11-09 23:00:00+01:00,Biomass 34,0.0216
2030,sc01,11-09 23:00:00+01:00,Biomass 33,0.0216
2030,sc01,11-09 23:00:00+01:00,CT NG 01,0.0
2030,sc01,11-09 23:00:00+01:00,ICE NG 03,0.0
2030,sc01,11-09 23:00:00+01:00,Solar 55,0.0
2030,sc01,11-09 23:00:00+01:00,Solar 11,0.0
2030,sc01,11-09 23:00:00+01:00,CT NG 06,0.0
2030,sc01,11-09 23:00:00+01:00,CT NG 70,0.0
2030,sc01,11-09 23:00:00+01:00,Solar 23,0.0
2030,sc01,11-09 23:00:00+01:00,CT NG 67,0.0
2030,sc01,11-09 23:00:00+01:00,Solar 12,0.0
2030,sc01,11-09 23:00:00+01:00,CT Oil 01,0.0
2030,sc01,11-09 23:00:00+01:00,Hydro 26,0.17550000000000002
2030,sc01,11-09 23:00:00+01:00,CC NG 22,0.0
2030,sc01,11-09 23:00:00+01:00,CC NG 35,0.0
2030,sc01,11-09 23:00:00+01:00,Biomass 50,0.00285
2030,sc01,11-09 23:00:00+01:00,ICE NG 04,0.0
2030,sc01,11-09 23:00:00+01:00,CC NG 39,0.0
2030,sc01,11-09 23:00:00+01:00,Hydro 32,0.00216
2030,sc01,11-09 23:00:00+01:00,ICE NG 07,0.0
2030,sc01,11-09 23:00:00+01:00,Biomass 46,0.009750000000000002
2030,sc01,11-09 23:00:00+01:00,CC NG 38,0.0
2030,sc01,11-09 23:00:00+01:00,CC NG 12,0.0
2030,sc01,11-09 23:00:00+01:00,Solar 57,0.0
2030,sc01,11-09 23:00:00+01:00,CC NG 32,0.0
2030,sc01,11-09 23:00:00+01:00,CC NG 07,0.0
2030,sc01,11-09 23:00:00+01:00,Biomass 44,0.0189
2030,sc01,11-09 23:00:00+01:00,CT NG 40,0.0
2030,sc01,11-09 23:00:00+01:00,Solar 74,0.0
2030,sc01,11-09 23:00:00+01:00,Hydro 30,0.0
2030,sc01,11-09 23:00:00+01:00,CT NG 42,0.0
2030,sc01,11-09 23:00:00+01:00,Hydro 22,0.5431275000000001
2030,sc01,11-09 23:00:00+01:00,Solar 17,0.0
2030,sc01,11-09 23:00:00+01:00,Solar 38,0.0
2030,sc01,11-09 23:00:00+01:00,CT NG 24,0.0
2030,sc01,11-09 23:00:00+01:00,CC NG 27,0.0
2030,sc01,11-09 23:00:00+01:00,Biomass 21,0.0057
2030,sc01,11-09 23:00:00+01:00,ICE NG 06,0.0
2030,sc01,11-09 23:00:00+01:00,Biomass 25,0.004200000000000001
2030,sc01,11-09 23:00:00+01:00,Solar 27,0.0
2030,sc01,11-09 23:00:00+01:00,CT NG 19,0.0
2030,sc01,11-09 23:00:00+01:00,Biomass 42,0.020550000000000002
2030,sc01,11-09 23:00:00+01:00,Biomass 19,0.0057
2030,sc01,11-09 23:00:00+01:00,Biomass 06,0.0072
2030,sc01,11-09 23:00:00+01:00,CT NG 10,0.0
2030,sc01,11-09 23:00:00+01:00,CC NG 40,7.627961186287207
2030,sc01,11-09 23:00:00+01:00,CC NG 21,0.0
2030,sc01,11-09 23:00:00+01:00,Biomass 02,0.0165
2030,sc01,11-09 23:00:00+01:00,CT NG 46,0.0
2030,sc01,11-09 23:00:00+01:00,Hydro 34,0.0
2030,sc01,11-09 23:00:00+01:00,Biomass 10,0.0123
2030,sc01,11-09 23:00:00+01:00,CT NG 17,0.10029149999999999
2030,sc01,11-09 23:00:00+01:00,Biomass 62,0.02985
2030,sc01,11-09 23:00:00+01:00,Biomass 32,0.01845
2030,sc01,11-09 23:00:00+01:00,CC NG 19,2.0307
2030,sc01,11-09 23:00:00+01:00,CC NG 17,0.0
2030,sc01,11-09 23:00:00+01:00,ST NG 01,0.0
2030,sc01,11-09 23:00:00+01:00,Biomass 45,0.0189
2030,sc01,11-09 23:00:00+01:00,Biomass 28,0.02565
2030,sc01,11-09 23:00:00+01:00,CC NG 10,0.0
2030,sc01,11-09 23:00:00+01:00,Biomass 23,0.004200000000000001
2030,sc01,11-09 23:00:00+01:00,ST NG 06,0.0
2030,sc01,11-09 23:00:00+01:00,Wind 10,0.030237685920000004
2030,sc01,11-09 23:00:00+01:00,CT NG 69,0.0
2030,sc01,11-09 23:00:00+01:00,CT NG 68,0.0
2030,sc01,11-10 19:00:00+01:00,CC NG 13,0.0
2030,sc01,11-10 19:00:00+01:00,CT NG 37,0.0
2030,sc01,11-10 19:00:00+01:00,ST Coal 01,0.0
2030,sc01,11-10 19:00:00+01:00,CT NG 09,0.0
2030,sc01,11-10 19:00:00+01:00,CT NG 47,0.0
2030,sc01,11-10 19:00:00+01:00,Solar 69,0.0
2030,sc01,11-10 19:00:00+01:00,Solar 34,0.0
2030,sc01,11-10 19:00:00+01:00,Solar 73,0.0
2030,sc01,11-10 19:00:00+01:00,Biomass 37,0.03318
2030,sc01,11-10 19:00:00+01:00,Hydro 20,1.4804042400000001
2030,sc01,11-10 19:00:00+01:00,Solar 01,0.0
2030,sc01,11-10 19:00:00+01:00,Solar 62,0.0
2030,sc01,11-10 19:00:00+01:00,Solar 02,0.0
2030,sc01,11-10 19:00:00+01:00,CT NG 26,0.0
2030,sc01,11-10 19:00:00+01:00,Biomass 20,0.015119999999999998
2030,sc01,11-10 19:00:00+01:00,Wind 16,0.0
2030,sc01,11-10 19:00:00+01:00,CT NG 66,0.0
2030,sc01,11-10 19:00:00+01:00,Solar 39,0.0
2030,sc01,11-10 19:00:00+01:00,Biomass 41,0.0567
2030,sc01,11-10 19:00:00+01:00,Solar 72,0.0
2030,sc01,11-10 19:00:00+01:00,ST NG 03,0.0
2030,sc01,11-10 19:00:00+01:00,Hydro 21,1.4804042400000001
2030,sc01,11-10 19:00:00+01:00,CT NG 03,0.0
2030,sc01,11-10 19:00:00+01:00,CC NG 09,0.0
2030,sc01,11-10 19:00:00+01:00,CT Oil 02,0.0
2030,sc01,11-10 19:00:00+01:00,CT NG 39,0.0
2030,sc01,11-10 19:00:00+01:00,CC NG 08,0.0
2030,sc01,11-10 19:00:00+01:00,Biomass 43,0.12390000000000001
2030,sc01,11-10 19:00:00+01:00,CT NG 18,0.0
2030,sc01,11-10 19:00:00+01:00,ST NG 07,0.0
2030,sc01,11-10 19:00:00+01:00,Biomass 35,0.060480000000000006
2030,sc01,11-10 19:00:00+01:00,Solar 32,0.0
2030,sc01,11-10 19:00:00+01:00,Biomass 15,0.0
2030,sc01,11-10 19:00:00+01:00,CC NG 31,0.0
2030,sc01,11-10 19:00:00+01:00,Solar 16,0.0
2030,sc01,11-10 19:00:00+01:00,Solar 68,0.0
2030,sc01,11-10 19:00:00+01:00,CT NG 21,0.0
2030,sc01,11-10 19:00:00+01:00,Wind 11,0.5362076034000001
2030,sc01,11-10 19:00:00+01:00,CC NG 37,0.0
2030,sc01,11-10 19:00:00+01:00,CT NG 22,0.0
2030,sc01,11-10 19:00:00+01:00,Hydro 16,0.00910896
2030,sc01,11-10 19:00:00+01:00,Biomass 59,0.17388
2030,sc01,11-10 19:00:00+01:00,CC NG 01,0.0
2030,sc01,11-10 19:00:00+01:00,Biomass 16,0.0
2030,sc01,11-10 19:00:00+01:00,Solar 03,0.0
2030,sc01,11-10 19:00:00+01:00,Solar 44,0.0
2030,sc01,11-10 19:00:00+01:00,CT NG 08,0.0
2030,sc01,11-10 19:00:00+01:00,Wind 05,0.0412542816
2030,sc01,11-10 19:00:00+01:00,Biomass 26,0.07098
2030,sc01,11-10 19:00:00+01:00,Solar 37,0.0
2030,sc01,11-10 19:00:00+01:00,Biomass 11,0.015960000000000002
2030,sc01,11-10 19:00:00+01:00,Solar 59,0.0
2030,sc01,11-10 19:00:00+01:00,CT NG 11,0.0
2030,sc01,11-10 19:00:00+01:00,Biomass 30,0.07098
2030,sc01,11-10 19:00:00+01:00,Hydro 23,0.0
2030,sc01,11-10 19:00:00+01:00,CC NG 24,0.0
2030,sc01,11-10 19:00:00+01:00,Solar 65,0.0
2030,sc01,11-10 19:00:00+01:00,CC NG 18,0.0
2030,sc01,11-10 19:00:00+01:00,CT NG 16,0.0
2030,sc01,11-10 19:00:00+01:00,Solar 51,0.0
2030,sc01,11-10 19:00:00+01:00,Wind 06,1.8415092301200002
2030,sc01,11-10 19:00:00+01:00,CC NG 26,0.0
2030,sc01,11-10 19:00:00+01:00,CC NG 23,0.0
2030,sc01,11-10 19:00:00+01:00,CT NG 43,0.0
2030,sc01,11-10 19:00:00+01:00,CC NG 11,0.0
2030,sc01,11-10 19:00:00+01:00,CT NG 02,0.0
2030,sc01,11-10 19:00:00+01:00,CT NG 50,0.0
2030,sc01,11-10 19:00:00+01:00,Hydro 27,0.44406180000000006
2030,sc01,11-10 19:00:00+01:00,CT NG 13,0.27039860754010014
2030,sc01,11-10 19:00:00+01:00,CT NG 25,0.0
2030,sc01,11-10 19:00:00+01:00,CC NG 05,0.0
2030,sc01,11-10 19:00:00+01:00,Solar 04,0.0
2030,sc01,11-10 19:00:00+01:00,Solar 30,0.0
2030,sc01,11-10 19:00:00+01:00,Solar 29,0.0
2030,sc01,11-10 19:00:00+01:00,Solar 53,0.0
2030,sc01,11-10 19:00:00+01:00,Solar 21,0.0
2030,sc01,11-10 19:00:00+01:00,Biomass 58,0.08441999999999998
2030,sc01,11-10 19:00:00+01:00,CT NG 74,0.0
2030,sc01,11-10 19:00:00+01:00,Solar 61,0.0
2030,sc01,11-10 19:00:00+01:00,Wind 07,1.04055733362
2030,sc01,11-10 19:00:00+01:00,Biomass 31,0.07098
2030,sc01,11-10 19:00:00+01:00,CT Oil 05,0.0
2030,sc01,11-10 19:00:00+01:00,Biomass 38,0.03318
2030,sc01,11-10 19:00:00+01:00,Solar 41,0.0
2030,sc01,11-10 19:00:00+01:00,Biomass 51,0.007559999999999999
2030,sc01,11-10 19:00:00+01:00,Biomass 55,0.10332
2030,sc01,11-10 19:00:00+01:00,Wind 15,0.0
2030,sc01,11-10 19:00:00+01:00,Geo 01,0.0
2030,sc01,11-10 19:00:00+01:00,Biomass 60,0.1134
2030,sc01,11-10 19:00:00+01:00,CT NG 38,0.0
2030,sc01,11-10 19:00:00+01:00,Solar 66,0.0
2030,sc01,11-10 19:00:00+01:00,Solar 49,0.0
2030,sc01,11-10 19:00:00+01:00,CT NG 51,0.0
2030,sc01,11-10 19:00:00+01:00,Biomass 18,0.0
2030,sc01,11-10 19:00:00+01:00,ICE NG 01,0.0
2030,sc01,11-10 19:00:00+01:00,Solar 15,0.0
2030,sc01,11-10 19:00:00+01:00,ICE NG 05,0.0
2030,sc01,11-10 19:00:00+01:00,CT Oil 04,0.0
2030,sc01,11-10 19:00:00+01:00,CC NG 20,0.0
2030,sc01,11-10 19:00:00+01:00,Solar 20,0.0
2030,sc01,11-10 19:00:00+01:00,Biomass 04,0.010920000000000001
2030,sc01,11-10 19:00:00+01:00,Wind 02,0.5712535357199999
2030,sc01,11-10 19:00:00+01:00,Hydro 25,0.0
2030,sc01,11-10 19:00:00+01:00,Solar 75,0.0
2030,sc01,11-10 19:00:00+01:00,Hydro 33,0.0
2030,sc01,11-10 19:00:00+01:00,ST NG 05,0.0
2030,sc01,11-10 19:00:00+01:00,CT NG 07,0.0
2030,sc01,11-10 19:00:00+01:00,Wind 01,1.0180458649200002
2030,sc01,11-10 19:00:00+01:00,Solar 56,0.0
2030,sc01,11-10 19:00:00+01:00,Biomass 09,0.03234
2030,sc01,11-10 19:00:00+01:00,Biomass 53,0.10332
2030,sc01,11-10 19:00:00+01:00,Wind 17,25.5499151004392
2030,sc01,11-10 19:00:00+01:00,ST NG 08,0.0
2030,sc01,11-10 19:00:00+01:00,Hydro 19,0.133518
2030,sc01,11-10 19:00:00+01:00,ST NG 02,0.0
2030,sc01,11-10 19:00:00+01:00,Biomass 01,0.04326000000000001
2030,sc01,11-10 19:00:00+01:00,Biomass 57,0.08441999999999998
2030,sc01,11-10 19:00:00+01:00,CT NG 49,0.0
2030,sc01,11-10 19:00:00+01:00,CT NG 31,0.0
2030,sc01,11-10 19:00:00+01:00,Solar 64,0.0
2030,sc01,11-10 19:00:00+01:00,CC NG 33,0.0
2030,sc01,11-10 19:00:00+01:00,Solar 46,0.0
2030,sc01,11-10 19:00:00+01:00,Biomass 12,0.015960000000000002
2030,sc01,11-10 19:00:00+01:00,Wind 04,0.40190586307199994
2030,sc01,11-10 19:00:00+01:00,Solar 13,0.0
2030,sc01,11-10 19:00:00+01:00,CT NG 55,0.0
2030,sc01,11-10 19:00:00+01:00,Wind N03,174.5180967053493
2030,sc01,11-10 19:00:00+01:00,CT NG 28,0.0
2030,sc01,11-10 19:00:00+01:00,Wind 09,0.74778281046
2030,sc01,11-10 19:00:00+01:00,Solar 60,0.0
2030,sc01,11-10 19:00:00+01:00,Solar 25,0.0
2030,sc01,11-10 19:00:00+01:00,CT NG 23,0.0
2030,sc01,11-10 19:00:00+01:00,ST Other 01,0.0
2030,sc01,11-10 19:00:00+01:00,Solar 70,0.0
2030,sc01,11-10 19:00:00+01:00,CC NG 34,0.0
2030,sc01,11-10 19:00:00+01:00,Solar 48,0.0
2030,sc01,11-10 19:00:00+01:00,Biomass 56,0.10416
2030,sc01,11-10 19:00:00+01:00,CT NG 36,0.0
2030,sc01,11-10 19:00:00+01:00,Solar 47,0.0
2030,sc01,11-10 19:00:00+01:00,Hydro 17,0.015371369999999999
2030,sc01,11-10 19:00:00+01:00,Solar 09,0.0
2030,sc01,11-10 19:00:00+01:00,Solar 08,0.0
2030,sc01,11-10 19:00:00+01:00,CT NG 45,0.0
2030,sc01,11-10 19:00:00+01:00,ST NG 04,2.550324
2030,sc01,11-10 19:00:00+01:00,Solar 40,0.0
2030,sc01,11-10 19:00:00+01:00,Biomass 47,0.09786
2030,sc01,11-10 19:00:00+01:00,Solar 50,0.0
2030,sc01,11-10 19:00:00+01:00,Solar 52,0.0
2030,sc01,11-10 19:00:00+01:00,Solar 63,0.0
2030,sc01,11-10 19:00:00+01:00,CC NG 06,0.0
2030,sc01,11-10 19:00:00+01:00,Biomass 39,0.03318
2030,sc01,11-10 19:00:00+01:00,Solar 67,0.0
2030,sc01,11-10 19:00:00+01:00,Solar 19,0.0
2030,sc01,11-10 19:00:00+01:00,Wind 12,15.358514787
2030,sc01,11-10 19:00:00+01:00,Solar 24,0.0
2030,sc01,11-10 19:00:00+01:00,ICE NG 02,0.0
2030,sc01,11-10 19:00:00+01:00,Solar 05,0.0
2030,sc01,11-10 19:00:00+01:00,CT NG 54,0.0
2030,sc01,11-10 19:00:00+01:00,Wind N01,132.09211852389558
2030,sc01,11-10 19:00:00+01:00,CT NG 27,0.0
2030,sc01,11-10 19:00:00+01:00,CC NG 36,0.0
2030,sc01,11-10 19:00:00+01:00,Wind N02,9.6357019626
2030,sc01,11-10 19:00:00+01:00,CT NG 52,0.0
2030,sc01,11-10 19:00:00+01:00,Solar 35,0.0
2030,sc01,11-10 19:00:00+01:00,CT NG 05,0.0
2030,sc01,11-10 19:00:00+01:00,Biomass 36,0.060480000000000006
2030,sc01,11-10 19:00:00+01:00,CT NG 34,0.0
2030,sc01,11-10 19:00:00+01:00,CT Oil 03,0.0
2030,sc01,11-10 19:00:00+01:00,Hydro 35,0.0
2030,sc01,11-10 19:00:00+01:00,Solar 14,0.0
2030,sc01,11-10 19:00:00+01:00,CT NG 75,0.0
2030,sc01,11-10 19:00:00+01:00,ST NG 09,0.0
2030,sc01,11-10 19:00:00+01:00,CT NG 56,0.0
2030,sc01,11-10 19:00:00+01:00,Biomass 22,0.015119999999999998
2030,sc01,11-10 19:00:00+01:00,Solar 18,0.0
2030,sc01,11-10 19:00:00+01:00,Biomass 13,0.015960000000000002
2030,sc01,11-10 19:00:00+01:00,CT NG 71,0.0
2030,sc01,11-10 19:00:00+01:00,Solar 58,0.0
2030,sc01,11-10 19:00:00+01:00,Solar 06,0.0
2030,sc01,11-10 19:00:00+01:00,Biomass 08,0.03234
2030,sc01,11-10 19:00:00+01:00,CT NG 72,0.0
2030,sc01,11-10 19:00:00+01:00,Hydro 18,0.052945830000000006
2030,sc01,11-10 19:00:00+01:00,Solar 10,0.0
2030,sc01,11-10 19:00:00+01:00,CT NG 04,0.0
2030,sc01,11-10 19:00:00+01:00,ST Other 02,0.0
2030,sc01,11-10 19:00:00+01:00,CT NG 12,0.0
2030,sc01,11-10 19:00:00+01:00,CT NG 48,0.0
2030,sc01,11-10 19:00:00+01:00,ST NG 10,0.0
2030,sc01,11-10 19:00:00+01:00,Solar 22,0.0
2030,sc01,11-10 19:00:00+01:00,Solar 28,0.0
2030,sc01,11-10 19:00:00+01:00,CT NG 73,0.0
2030,sc01,11-10 19:00:00+01:00,Biomass 52,0.0735
2030,sc01,11-10 19:00:00+01:00,CT NG 30,0.0
2030,sc01,11-10 19:00:00+01:00,Solar 54,0.0
2030,sc01,11-10 19:00:00+01:00,Solar 31,0.0
2030,sc01,11-10 19:00:00+01:00,Biomass 03,0.010920000000000001
2030,sc01,11-10 19:00:00+01:00,CT NG 32,0.0
2030,sc01,11-10 19:00:00+01:00,Biomass 27,0.07098
2030,sc01,11-10 19:00:00+01:00,CC NG 14,0.0
2030,sc01,11-10 19:00:00+01:00,CC NG 03,0.0
2030,sc01,11-10 19:00:00+01:00,CC NG 29,0.0
2030,sc01,11-10 19:00:00+01:00,CC NG 28,0.0
2030,sc01,11-10 19:00:00+01:00,CC NG 25,0.0
2030,sc01,11-10 19:00:00+01:00,CT NG 44,0.0
2030,sc01,11-10 19:00:00+01:00,CT NG 14,0.8790767999999999
2030,sc01,11-10 19:00:00+01:00,CC NG 15,0.0
2030,sc01,11-10 19:00:00+01:00,CC NG 04,0.0
2030,sc01,11-10 19:00:00+01:00,Biomass 29,0.07098
2030,sc01,11-10 19:00:00+01:00,Wind 14,1.3158471505200002
2030,sc01,11-10 19:00:00+01:00,Wind 08,0.87816475488
2030,sc01,11-10 19:00:00+01:00,Biomass 61,0.014280000000000001
2030,sc01,11-10 19:00:00+01:00,CT NG 35,0.0
2030,sc01,11-10 19:00:00+01:00,Solar 33,0.0
2030,sc01,11-10 19:00:00+01:00,CT NG 41,0.0
2030,sc01,11-10 19:00:00+01:00,CT NG 15,0.0
2030,sc01,11-10 19:00:00+01:00,Solar 42,0.0
2030,sc01,11-10 19:00:00+01:00,Solar 07,0.0
2030,sc01,11-10 19:00:00+01:00,Solar 43,0.0
2030,sc01,11-10 19:00:00+01:00,Biomass 05,0.0189
2030,sc01,11-10 19:00:00+01:00,CT NG 29,0.0
2030,sc01,11-10 19:00:00+01:00,Solar 71,0.0
2030,sc01,11-10 19:00:00+01:00,CT NG 53,0.0
2030,sc01,11-10 19:00:00+01:00,CT NG 20,0.0
2030,sc01,11-10 19:00:00+01:00,Biomass 14,0.03528
2030,sc01,11-10 19:00:00+01:00,Solar 26,0.0
2030,sc01,11-10 19:00:00+01:00,Hydro 29,46.4057748
2030,sc01,11-10 19:00:00+01:00,Hydro 31,0.0
2030,sc01,11-10 19:00:00+01:00,Biomass 24,0.011760000000000001
2030,sc01,11-10 19:00:00+01:00,Biomass 54,0.10332
2030,sc01,11-10 19:00:00+01:00,Solar 36,0.0
2030,sc01,11-10 19:00:00+01:00,Wind 03,1.0908112005
2030,sc01,11-10 19:00:00+01:00,Biomass 40,0.03318
2030,sc01,11-10 19:00:00+01:00,Biomass 49,0.01218
2030,sc01,11-10 19:00:00+01:00,CC NG 16,0.0
2030,sc01,11-10 19:00:00+01:00,Biomass 48,0.09786
2030,sc01,11-10 19:00:00+01:00,Hydro 28,46.4057748
2030,sc01,11-10 19:00:00+01:00,Biomass 17,0.0
2030,sc01,11-10 19:00:00+01:00,CT NG 33,0.0
2030,sc01,11-10 19:00:00+01:00,Solar 45,0.0
2030,sc01,11-10 19:00:00+01:00,Hydro 24,0.0
2030,sc01,11-10 19:00:00+01:00,Wind 13,4.651459764
2030,sc01,11-10 19:00:00+01:00,Biomass 07,0.084
2030,sc01,11-10 19:00:00+01:00,Biomass 34,0.060480000000000006
2030,sc01,11-10 19:00:00+01:00,Biomass 33,0.060480000000000006
2030,sc01,11-10 19:00:00+01:00,CT NG 01,1.0337292
2030,sc01,11-10 19:00:00+01:00,ICE NG 03,0.0
2030,sc01,11-10 19:00:00+01:00,Solar 55,0.0
2030,sc01,11-10 19:00:00+01:00,Solar 11,0.0
2030,sc01,11-10 19:00:00+01:00,CT NG 06,0.0
2030,sc01,11-10 19:00:00+01:00,CT NG 70,0.0
2030,sc01,11-10 19:00:00+01:00,Solar 23,0.0
2030,sc01,11-10 19:00:00+01:00,CT NG 67,0.0
2030,sc01,11-10 19:00:00+01:00,Solar 12,0.0
2030,sc01,11-10 19:00:00+01:00,CT Oil 01,0.0
2030,sc01,11-10 19:00:00+01:00,Hydro 26,0.44406180000000006
2030,sc01,11-10 19:00:00+01:00,CC NG 22,0.0
2030,sc01,11-10 19:00:00+01:00,CC NG 35,0.0
2030,sc01,11-10 19:00:00+01:00,Biomass 50,0.007559999999999999
2030,sc01,11-10 19:00:00+01:00,ICE NG 04,0.0
2030,sc01,11-10 19:00:00+01:00,CC NG 39,9.794010065429024
2030,sc01,11-10 19:00:00+01:00,Hydro 32,0.005465376
2030,sc01,11-10 19:00:00+01:00,ICE NG 07,0.0
2030,sc01,11-10 19:00:00+01:00,Biomass 46,0.027300000000000005
2030,sc01,11-10 19:00:00+01:00,CC NG 38,0.0
2030,sc01,11-10 19:00:00+01:00,CC NG 12,0.0
2030,sc01,11-10 19:00:00+01:00,Solar 57,0.0
2030,sc01,11-10 19:00:00+01:00,CC NG 32,0.0
2030,sc01,11-10 19:00:00+01:00,CC NG 07,0.0
2030,sc01,11-10 19:00:00+01:00,Biomass 44,0.05082
2030,sc01,11-10 19:00:00+01:00,CT NG 40,0.0
2030,sc01,11-10 19:00:00+01:00,Solar 74,0.0
2030,sc01,11-10 19:00:00+01:00,Hydro 30,0.0
2030,sc01,11-10 19:00:00+01:00,CT NG 42,0.0
2030,sc01,11-10 19:00:00+01:00,Hydro 22,1.4804042400000001
2030,sc01,11-10 19:00:00+01:00,Solar 17,0.0
2030,sc01,11-10 19:00:00+01:00,Solar 38,0.0
2030,sc01,11-10 19:00:00+01:00,CT NG 24,0.0
2030,sc01,11-10 19:00:00+01:00,CC NG 27,0.0
2030,sc01,11-10 19:00:00+01:00,Biomass 21,0.015119999999999998
2030,sc01,11-10 19:00:00+01:00,ICE NG 06,0.0
2030,sc01,11-10 19:00:00+01:00,Biomass 25,0.011760000000000001
2030,sc01,11-10 19:00:00+01:00,Solar 27,0.0
2030,sc01,11-10 19:00:00+01:00,CT NG 19,0.15872219999999998
2030,sc01,11-10 19:00:00+01:00,Biomass 42,0.0567
2030,sc01,11-10 19:00:00+01:00,Biomass 19,0.015119999999999998
2030,sc01,11-10 19:00:00+01:00,Biomass 06,0.0189
2030,sc01,11-10 19:00:00+01:00,CT NG 10,0.0
2030,sc01,11-10 19:00:00+01:00,CC NG 40,9.515475778662466
2030,sc01,11-10 19:00:00+01:00,CC NG 21,0.0
2030,sc01,11-10 19:00:00+01:00,Biomass 02,0.04326000000000001
2030,sc01,11-10 19:00:00+01:00,CT NG 46,0.0
2030,sc01,11-10 19:00:00+01:00,Hydro 34,0.0
2030,sc01,11-10 19:00:00+01:00,Biomass 10,0.03234
2030,sc01,11-10 19:00:00+01:00,CT NG 17,0.0
2030,sc01,11-10 19:00:00+01:00,Biomass 62,0.07728
2030,sc01,11-10 19:00:00+01:00,Biomass 32,0.05124
2030,sc01,11-10 19:00:00+01:00,CC NG 19,0.0
2030,sc01,11-10 19:00:00+01:00,CC NG 17,0.0
2030,sc01,11-10 19:00:00+01:00,ST NG 01,0.0
2030,sc01,11-10 19:00:00+01:00,Biomass 45,0.05082
2030,sc01,11-10 19:00:00+01:00,Biomass 28,0.07098
2030,sc01,11-10 19:00:00+01:00,CC NG 10,0.0
2030,sc01,11-10 19:00:00+01:00,Biomass 23,0.011760000000000001
2030,sc01,11-10 19:00:00+01:00,ST NG 06,0.0
2030,sc01,11-10 19:00:00+01:00,Wind 10,0.7489268572800001
2030,sc01,11-10 19:00:00+01:00,CT NG 69,0.0
2030,sc01,11-10 19:00:00+01:00,CT NG 68,0.0
2030,sc01,11-11 09:00:00+01:00,CC NG 13,0.0
2030,sc01,11-11 09:00:00+01:00,CT NG 37,0.0
2030,sc01,11-11 09:00:00+01:00,ST Coal 01,0.0
2030,sc01,11-11 09:00:00+01:00,CT NG 09,0.0
2030,sc01,11-11 09:00:00+01:00,CT NG 47,0.0
2030,sc01,11-11 09:00:00+01:00,Solar 69,7.0160351394000005
2030,sc01,11-11 09:00:00+01:00,Solar 34,0.0
2030,sc01,11-11 09:00:00+01:00,Solar 73,0.0
2030,sc01,11-11 09:00:00+01:00,Biomass 37,0.0
2030,sc01,11-11 09:00:00+01:00,Hydro 20,0.94648302
2030,sc01,11-11 09:00:00+01:00,Solar 01,1.53732504646
2030,sc01,11-11 09:00:00+01:00,Solar 62,0.0
2030,sc01,11-11 09:00:00+01:00,Solar 02,2.50159772667
2030,sc01,11-11 09:00:00+01:00,CT NG 26,0.0
2030,sc01,11-11 09:00:00+01:00,Biomass 20,0.019110000000000002
2030,sc01,11-11 09:00:00+01:00,Wind 16,0.060759301064
2030,sc01,11-11 09:00:00+01:00,CT NG 66,0.0
2030,sc01,11-11 09:00:00+01:00,Solar 39,0.0
2030,sc01,11-11 09:00:00+01:00,Biomass 41,0.0
2030,sc01,11-11 09:00:00+01:00,Solar 72,5.8307596746
2030,sc01,11-11 09:00:00+01:00,ST NG 03,0.0
2030,sc01,11-11 09:00:00+01:00,Hydro 21,0.94648302
2030,sc01,11-11 09:00:00+01:00,CT NG 03,0.0
2030,sc01,11-11 09:00:00+01:00,CC NG 09,0.0
2030,sc01,11-11 09:00:00+01:00,CT Oil 02,0.0
2030,sc01,11-11 09:00:00+01:00,CT NG 39,0.0
2030,sc01,11-11 09:00:00+01:00,CC NG 08,0.0
2030,sc01,11-11 09:00:00+01:00,Biomass 43,0.0
2030,sc01,11-11 09:00:00+01:00,CT NG 18,0.0
2030,sc01,11-11 09:00:00+01:00,ST NG 07,0.0
2030,sc01,11-11 09:00:00+01:00,Biomass 35,0.0
2030,sc01,11-11 09:00:00+01:00,Solar 32,17.93652712990012
2030,sc01,11-11 09:00:00+01:00,Biomass 15,0.01029
2030,sc01,11-11 09:00:00+01:00,CC NG 31,0.0
2030,sc01,11-11 09:00:00+01:00,Solar 16,1.0099640439
2030,sc01,11-11 09:00:00+01:00,Solar 68,23.190875893500003
2030,sc01,11-11 09:00:00+01:00,CT NG 21,0.0
2030,sc01,11-11 09:00:00+01:00,Wind 11,0.10038821805599998
2030,sc01,11-11 09:00:00+01:00,CC NG 37,0.0
2030,sc01,11-11 09:00:00+01:00,CT NG 22,0.0
2030,sc01,11-11 09:00:00+01:00,Hydro 16,0.0109172
2030,sc01,11-11 09:00:00+01:00,Biomass 59,0.20286
2030,sc01,11-11 09:00:00+01:00,CC NG 01,0.0
2030,sc01,11-11 09:00:00+01:00,Biomass 16,0.01029
2030,sc01,11-11 09:00:00+01:00,Solar 03,0.0
2030,sc01,11-11 09:00:00+01:00,Solar 44,0.0
2030,sc01,11-11 09:00:00+01:00,CT NG 08,0.0
2030,sc01,11-11 09:00:00+01:00,Wind 05,0.018917931368
2030,sc01,11-11 09:00:00+01:00,Biomass 26,0.08379
2030,sc01,11-11 09:00:00+01:00,Solar 37,4.78473999304
2030,sc01,11-11 09:00:00+01:00,Biomass 11,0.019110000000000002
2030,sc01,11-11 09:00:00+01:00,Solar 59,2.39439048653
2030,sc01,11-11 09:00:00+01:00,CT NG 11,0.0
2030,sc01,11-11 09:00:00+01:00,Biomass 30,0.08379
2030,sc01,11-11 09:00:00+01:00,Hydro 23,0.0
2030,sc01,11-11 09:00:00+01:00,CC NG 24,0.0
2030,sc01,11-11 09:00:00+01:00,Solar 65,0.0
2030,sc01,11-11 09:00:00+01:00,CC NG 18,0.0
2030,sc01,11-11 09:00:00+01:00,CT NG 16,0.0
2030,sc01,11-11 09:00:00+01:00,Solar 51,0.0
2030,sc01,11-11 09:00:00+01:00,Wind 06,0.7187168673300001
2030,sc01,11-11 09:00:00+01:00,CC NG 26,0.0
2030,sc01,11-11 09:00:00+01:00,CC NG 23,0.0
2030,sc01,11-11 09:00:00+01:00,CT NG 43,0.0
2030,sc01,11-11 09:00:00+01:00,CC NG 11,0.0
2030,sc01,11-11 09:00:00+01:00,CT NG 02,0.0
2030,sc01,11-11 09:00:00+01:00,CT NG 50,0.0
2030,sc01,11-11 09:00:00+01:00,Hydro 27,0.0
2030,sc01,11-11 09:00:00+01:00,CT NG 13,0.0
2030,sc01,11-11 09:00:00+01:00,CT NG 25,0.0
2030,sc01,11-11 09:00:00+01:00,CC NG 05,0.0
2030,sc01,11-11 09:00:00+01:00,Solar 04,1.0902475392200002
2030,sc01,11-11 09:00:00+01:00,Solar 30,0.9739199320199999
2030,sc01,11-11 09:00:00+01:00,Solar 29,1.74917537242
2030,sc01,11-11 09:00:00+01:00,Solar 53,0.0
2030,sc01,11-11 09:00:00+01:00,Solar 21,4.13681291856
2030,sc01,11-11 09:00:00+01:00,Biomass 58,0.09898
2030,sc01,11-11 09:00:00+01:00,CT NG 74,0.0
2030,sc01,11-11 09:00:00+01:00,Solar 61,0.227859044616
2030,sc01,11-11 09:00:00+01:00,Wind 07,0.23058909568799996
2030,sc01,11-11 09:00:00+01:00,Biomass 31,0.08379
2030,sc01,11-11 09:00:00+01:00,CT Oil 05,0.0
2030,sc01,11-11 09:00:00+01:00,Biomass 38,0.0
2030,sc01,11-11 09:00:00+01:00,Solar 41,0.0
2030,sc01,11-11 09:00:00+01:00,Biomass 51,0.0
2030,sc01,11-11 09:00:00+01:00,Biomass 55,0.13034
2030,sc01,11-11 09:00:00+01:00,Wind 15,0.85420008618
2030,sc01,11-11 09:00:00+01:00,Geo 01,0.0
2030,sc01,11-11 09:00:00+01:00,Biomass 60,0.1323
2030,sc01,11-11 09:00:00+01:00,CT NG 38,0.0
2030,sc01,11-11 09:00:00+01:00,Solar 66,20.462520393000002
2030,sc01,11-11 09:00:00+01:00,Solar 49,0.0
2030,sc01,11-11 09:00:00+01:00,CT NG 51,0.0
2030,sc01,11-11 09:00:00+01:00,Biomass 18,0.01029
2030,sc01,11-11 09:00:00+01:00,ICE NG 01,0.0
2030,sc01,11-11 09:00:00+01:00,Solar 15,2.36580581615
2030,sc01,11-11 09:00:00+01:00,ICE NG 05,0.0
2030,sc01,11-11 09:00:00+01:00,CT Oil 04,0.0
2030,sc01,11-11 09:00:00+01:00,CC NG 20,0.0
2030,sc01,11-11 09:00:00+01:00,Solar 20,0.7124481126
2030,sc01,11-11 09:00:00+01:00,Biomass 04,0.0
2030,sc01,11-11 09:00:00+01:00,Wind 02,0.285475450792
2030,sc01,11-11 09:00:00+01:00,Hydro 25,0.0
2030,sc01,11-11 09:00:00+01:00,Solar 75,0.0
2030,sc01,11-11 09:00:00+01:00,Hydro 33,0.0
2030,sc01,11-11 09:00:00+01:00,ST NG 05,0.0
2030,sc01,11-11 09:00:00+01:00,CT NG 07,0.0
2030,sc01,11-11 09:00:00+01:00,Wind 01,0.22839086239200002
2030,sc01,11-11 09:00:00+01:00,Solar 56,0.0
2030,sc01,11-11 09:00:00+01:00,Biomass 09,0.04067
2030,sc01,11-11 09:00:00+01:00,Biomass 53,0.13034
2030,sc01,11-11 09:00:00+01:00,Wind 17,3.1574292395800003
2030,sc01,11-11 09:00:00+01:00,ST NG 08,0.0
2030,sc01,11-11 09:00:00+01:00,Hydro 19,0.0
2030,sc01,11-11 09:00:00+01:00,ST NG 02,0.0
2030,sc01,11-11 09:00:00+01:00,Biomass 01,0.054880000000000005
2030,sc01,11-11 09:00:00+01:00,Biomass 57,0.09898
2030,sc01,11-11 09:00:00+01:00,CT NG 49,0.0
2030,sc01,11-11 09:00:00+01:00,CT NG 31,0.0
2030,sc01,11-11 09:00:00+01:00,Solar 64,0.0
2030,sc01,11-11 09:00:00+01:00,CC NG 33,0.0
2030,sc01,11-11 09:00:00+01:00,Solar 46,0.0
2030,sc01,11-11 09:00:00+01:00,Biomass 12,0.019110000000000002
2030,sc01,11-11 09:00:00+01:00,Wind 04,0.9360709325800001
2030,sc01,11-11 09:00:00+01:00,Solar 13,0.059390310448
2030,sc01,11-11 09:00:00+01:00,CT NG 55,0.0
2030,sc01,11-11 09:00:00+01:00,Wind N03,110.44153948384475
2030,sc01,11-11 09:00:00+01:00,CT NG 28,0.0
2030,sc01,11-11 09:00:00+01:00,Wind 09,0.327742905672
2030,sc01,11-11 09:00:00+01:00,Solar 60,0.54653270826
2030,sc01,11-11 09:00:00+01:00,Solar 25,0.435519569912
2030,sc01,11-11 09:00:00+01:00,CT NG 23,0.0
2030,sc01,11-11 09:00:00+01:00,ST Other 01,0.0
2030,sc01,11-11 09:00:00+01:00,Solar 70,31.974862672199997
2030,sc01,11-11 09:00:00+01:00,CC NG 34,0.0
2030,sc01,11-11 09:00:00+01:00,Solar 48,0.0
2030,sc01,11-11 09:00:00+01:00,Biomass 56,0.12201000000000002
2030,sc01,11-11 09:00:00+01:00,CT NG 36,0.0
2030,sc01,11-11 09:00:00+01:00,Solar 47,0.0
2030,sc01,11-11 09:00:00+01:00,Hydro 17,0.0
2030,sc01,11-11 09:00:00+01:00,Solar 09,2.88652305767
2030,sc01,11-11 09:00:00+01:00,Solar 08,0.56387729363
2030,sc01,11-11 09:00:00+01:00,CT NG 45,0.0
2030,sc01,11-11 09:00:00+01:00,ST NG 04,0.0
2030,sc01,11-11 09:00:00+01:00,Solar 40,0.0
2030,sc01,11-11 09:00:00+01:00,Biomass 47,0.0
2030,sc01,11-11 09:00:00+01:00,Solar 50,0.0
2030,sc01,11-11 09:00:00+01:00,Solar 52,0.0
2030,sc01,11-11 09:00:00+01:00,Solar 63,0.0
2030,sc01,11-11 09:00:00+01:00,CC NG 06,0.0
2030,sc01,11-11 09:00:00+01:00,Biomass 39,0.0
2030,sc01,11-11 09:00:00+01:00,Solar 67,0.0
2030,sc01,11-11 09:00:00+01:00,Solar 19,0.02246168232
2030,sc01,11-11 09:00:00+01:00,Wind 12,14.862459892
2030,sc01,11-11 09:00:00+01:00,Solar 24,0.0
2030,sc01,11-11 09:00:00+01:00,ICE NG 02,0.0
2030,sc01,11-11 09:00:00+01:00,Solar 05,0.026412543304
2030,sc01,11-11 09:00:00+01:00,CT NG 54,0.0
2030,sc01,11-11 09:00:00+01:00,Wind N01,141.002824634
2030,sc01,11-11 09:00:00+01:00,CT NG 27,0.0
2030,sc01,11-11 09:00:00+01:00,CC NG 36,0.0
2030,sc01,11-11 09:00:00+01:00,Wind N02,5.5925546614
2030,sc01,11-11 09:00:00+01:00,CT NG 52,0.0
2030,sc01,11-11 09:00:00+01:00,Solar 35,0.0
2030,sc01,11-11 09:00:00+01:00,CT NG 05,0.0
2030,sc01,11-11 09:00:00+01:00,Biomass 36,0.0
2030,sc01,11-11 09:00:00+01:00,CT NG 34,0.0
2030,sc01,11-11 09:00:00+01:00,CT Oil 03,0.0
2030,sc01,11-11 09:00:00+01:00,Hydro 35,0.0
2030,sc01,11-11 09:00:00+01:00,Solar 14,2.63024334342
2030,sc01,11-11 09:00:00+01:00,CT NG 75,0.0
2030,sc01,11-11 09:00:00+01:00,ST NG 09,0.0
2030,sc01,11-11 09:00:00+01:00,CT NG 56,0.0
2030,sc01,11-11 09:00:00+01:00,Biomass 22,0.019110000000000002
2030,sc01,11-11 09:00:00+01:00,Solar 18,2.77428346118
2030,sc01,11-11 09:00:00+01:00,Biomass 13,0.019110000000000002
2030,sc01,11-11 09:00:00+01:00,CT NG 71,0.0
2030,sc01,11-11 09:00:00+01:00,Solar 58,0.0
2030,sc01,11-11 09:00:00+01:00,Solar 06,0.174261226048
2030,sc01,11-11 09:00:00+01:00,Biomass 08,0.04067
2030,sc01,11-11 09:00:00+01:00,CT NG 72,0.0
2030,sc01,11-11 09:00:00+01:00,Hydro 18,0.0
2030,sc01,11-11 09:00:00+01:00,Solar 10,0.68625638368
2030,sc01,11-11 09:00:00+01:00,CT NG 04,0.0
2030,sc01,11-11 09:00:00+01:00,ST Other 02,0.0
2030,sc01,11-11 09:00:00+01:00,CT NG 12,0.0
2030,sc01,11-11 09:00:00+01:00,CT NG 48,0.0
2030,sc01,11-11 09:00:00+01:00,ST NG 10,0.0
2030,sc01,11-11 09:00:00+01:00,Solar 22,1.81933129882
2030,sc01,11-11 09:00:00+01:00,Solar 28,1.62808965354
2030,sc01,11-11 09:00:00+01:00,CT NG 73,0.0
2030,sc01,11-11 09:00:00+01:00,Biomass 52,0.0
2030,sc01,11-11 09:00:00+01:00,CT NG 30,0.0
2030,sc01,11-11 09:00:00+01:00,Solar 54,0.0
2030,sc01,11-11 09:00:00+01:00,Solar 31,0.0
2030,sc01,11-11 09:00:00+01:00,Biomass 03,0.0
2030,sc01,11-11 09:00:00+01:00,CT NG 32,0.0
2030,sc01,11-11 09:00:00+01:00,Biomass 27,0.08379
2030,sc01,11-11 09:00:00+01:00,CC NG 14,0.0
2030,sc01,11-11 09:00:00+01:00,CC NG 03,0.0
2030,sc01,11-11 09:00:00+01:00,CC NG 29,0.0
2030,sc01,11-11 09:00:00+01:00,CC NG 28,0.0
2030,sc01,11-11 09:00:00+01:00,CC NG 25,0.0
2030,sc01,11-11 09:00:00+01:00,CT NG 44,0.0
2030,sc01,11-11 09:00:00+01:00,CT NG 14,0.0
2030,sc01,11-11 09:00:00+01:00,CC NG 15,0.0
2030,sc01,11-11 09:00:00+01:00,CC NG 04,0.0
2030,sc01,11-11 09:00:00+01:00,Biomass 29,0.08379
2030,sc01,11-11 09:00:00+01:00,Wind 14,0.7637167636000001
2030,sc01,11-11 09:00:00+01:00,Wind 08,0.32423304312
2030,sc01,11-11 09:00:00+01:00,Biomass 61,0.0
2030,sc01,11-11 09:00:00+01:00,CT NG 35,0.0
2030,sc01,11-11 09:00:00+01:00,Solar 33,23.8805692636
2030,sc01,11-11 09:00:00+01:00,CT NG 41,0.0
2030,sc01,11-11 09:00:00+01:00,CT NG 15,0.0
2030,sc01,11-11 09:00:00+01:00,Solar 42,0.08254012270000033
2030,sc01,11-11 09:00:00+01:00,Solar 07,0.047838406784
2030,sc01,11-11 09:00:00+01:00,Solar 43,0.0
2030,sc01,11-11 09:00:00+01:00,Biomass 05,0.02352
2030,sc01,11-11 09:00:00+01:00,CT NG 29,0.0
2030,sc01,11-11 09:00:00+01:00,Solar 71,20.410685106000003
2030,sc01,11-11 09:00:00+01:00,CT NG 53,0.0
2030,sc01,11-11 09:00:00+01:00,CT NG 20,0.0
2030,sc01,11-11 09:00:00+01:00,Biomass 14,0.04214
2030,sc01,11-11 09:00:00+01:00,Solar 26,0.3961401341284883
2030,sc01,11-11 09:00:00+01:00,Hydro 29,0.0
2030,sc01,11-11 09:00:00+01:00,Hydro 31,0.0
2030,sc01,11-11 09:00:00+01:00,Biomass 24,0.01421
2030,sc01,11-11 09:00:00+01:00,Biomass 54,0.13034
2030,sc01,11-11 09:00:00+01:00,Solar 36,20.62767152474085
2030,sc01,11-11 09:00:00+01:00,Wind 03,2.0247239657400002
2030,sc01,11-11 09:00:00+01:00,Biomass 40,0.0
2030,sc01,11-11 09:00:00+01:00,Biomass 49,0.0
2030,sc01,11-11 09:00:00+01:00,CC NG 16,0.0
2030,sc01,11-11 09:00:00+01:00,Biomass 48,0.0
2030,sc01,11-11 09:00:00+01:00,Hydro 28,39.30799449753291
2030,sc01,11-11 09:00:00+01:00,Biomass 17,0.01029
2030,sc01,11-11 09:00:00+01:00,CT NG 33,0.0
2030,sc01,11-11 09:00:00+01:00,Solar 45,0.0
2030,sc01,11-11 09:00:00+01:00,Hydro 24,0.0
2030,sc01,11-11 09:00:00+01:00,Wind 13,1.69196051409
2030,sc01,11-11 09:00:00+01:00,Biomass 07,0.098
2030,sc01,11-11 09:00:00+01:00,Biomass 34,0.0
2030,sc01,11-11 09:00:00+01:00,Biomass 33,0.0
2030,sc01,11-11 09:00:00+01:00,CT NG 01,0.14194110102042606
2030,sc01,11-11 09:00:00+01:00,ICE NG 03,0.0
2030,sc01,11-11 09:00:00+01:00,Solar 55,0.0
2030,sc01,11-11 09:00:00+01:00,Solar 11,0.4455260351360001
2030,sc01,11-11 09:00:00+01:00,CT NG 06,0.0
2030,sc01,11-11 09:00:00+01:00,CT NG 70,0.0
2030,sc01,11-11 09:00:00+01:00,Solar 23,0.065969551816
2030,sc01,11-11 09:00:00+01:00,CT NG 67,0.0
2030,sc01,11-11 09:00:00+01:00,Solar 12,0.0
2030,sc01,11-11 09:00:00+01:00,CT Oil 01,0.0
2030,sc01,11-11 09:00:00+01:00,Hydro 26,0.0
2030,sc01,11-11 09:00:00+01:00,CC NG 22,0.0
2030,sc01,11-11 09:00:00+01:00,CC NG 35,0.0
2030,sc01,11-11 09:00:00+01:00,Biomass 50,0.0
2030,sc01,11-11 09:00:00+01:00,ICE NG 04,0.0
2030,sc01,11-11 09:00:00+01:00,CC NG 39,0.0
2030,sc01,11-11 09:00:00+01:00,Hydro 32,0.00655032
2030,sc01,11-11 09:00:00+01:00,ICE NG 07,0.0
2030,sc01,11-11 09:00:00+01:00,Biomass 46,0.0
2030,sc01,11-11 09:00:00+01:00,CC NG 38,0.0
2030,sc01,11-11 09:00:00+01:00,CC NG 12,0.0
2030,sc01,11-11 09:00:00+01:00,Solar 57,0.0
2030,sc01,11-11 09:00:00+01:00,CC NG 32,0.0
2030,sc01,11-11 09:00:00+01:00,CC NG 07,0.0
2030,sc01,11-11 09:00:00+01:00,Biomass 44,0.0
2030,sc01,11-11 09:00:00+01:00,CT NG 40,0.0
2030,sc01,11-11 09:00:00+01:00,Solar 74,8.577961947100002
2030,sc01,11-11 09:00:00+01:00,Hydro 30,0.0
2030,sc01,11-11 09:00:00+01:00,CT NG 42,0.0
2030,sc01,11-11 09:00:00+01:00,Hydro 22,0.94648302
2030,sc01,11-11 09:00:00+01:00,Solar 17,0.67645578686
2030,sc01,11-11 09:00:00+01:00,Solar 38,0.0
2030,sc01,11-11 09:00:00+01:00,CT NG 24,0.0
2030,sc01,11-11 09:00:00+01:00,CC NG 27,0.0
2030,sc01,11-11 09:00:00+01:00,Biomass 21,0.019110000000000002
2030,sc01,11-11 09:00:00+01:00,ICE NG 06,0.0
2030,sc01,11-11 09:00:00+01:00,Biomass 25,0.01421
2030,sc01,11-11 09:00:00+01:00,Solar 27,0.213717891184
2030,sc01,11-11 09:00:00+01:00,CT NG 19,0.0
2030,sc01,11-11 09:00:00+01:00,Biomass 42,0.0
2030,sc01,11-11 09:00:00+01:00,Biomass 19,0.019110000000000002
2030,sc01,11-11 09:00:00+01:00,Biomass 06,0.02352
2030,sc01,11-11 09:00:00+01:00,CT NG 10,0.0
2030,sc01,11-11 09:00:00+01:00,CC NG 40,0.0
2030,sc01,11-11 09:00:00+01:00,CC NG 21,0.0
2030,sc01,11-11 09:00:00+01:00,Biomass 02,0.054880000000000005
2030,sc01,11-11 09:00:00+01:00,CT NG 46,0.0
2030,sc01,11-11 09:00:00+01:00,Hydro 34,0.0
2030,sc01,11-11 09:00:00+01:00,Biomass 10,0.04067
2030,sc01,11-11 09:00:00+01:00,CT NG 17,0.0
2030,sc01,11-11 09:00:00+01:00,Biomass 62,0.08575
2030,sc01,11-11 09:00:00+01:00,Biomass 32,0.06223
2030,sc01,11-11 09:00:00+01:00,CC NG 19,0.0
2030,sc01,11-11 09:00:00+01:00,CC NG 17,0.0
2030,sc01,11-11 09:00:00+01:00,ST NG 01,0.0
2030,sc01,11-11 09:00:00+01:00,Biomass 45,0.0
2030,sc01,11-11 09:00:00+01:00,Biomass 28,0.08379
2030,sc01,11-11 09:00:00+01:00,CC NG 10,0.0
2030,sc01,11-11 09:00:00+01:00,Biomass 23,0.01421
2030,sc01,11-11 09:00:00+01:00,ST NG 06,0.0
2030,sc01,11-11 09:00:00+01:00,Wind 10,0.31278831108
2030,sc01,11-11 09:00:00+01:00,CT NG 69,0.0
2030,sc01,11-11 09:00:00+01:00,CT NG 68,0.0
2030,sc01,11-11 14:00:00+01:00,CC NG 13,0.0
2030,sc01,11-11 14:00:00+01:00,CT NG 37,0.0
2030,sc01,11-11 14:00:00+01:00,ST Coal 01,0.0
2030,sc01,11-11 14:00:00+01:00,CT NG 09,0.0
2030,sc01,11-11 14:00:00+01:00,CT NG 47,0.0
2030,sc01,11-11 14:00:00+01:00,Solar 69,0.0
2030,sc01,11-11 14:00:00+01:00,Solar 34,7.94157724041383
2030,sc01,11-11 14:00:00+01:00,Solar 73,0.0
2030,sc01,11-11 14:00:00+01:00,Biomass 37,0.0
2030,sc01,11-11 14:00:00+01:00,Hydro 20,0.0
2030,sc01,11-11 14:00:00+01:00,Solar 01,3.44642336445
2030,sc01,11-11 14:00:00+01:00,Solar 62,0.0
2030,sc01,11-11 14:00:00+01:00,Solar 02,1.3514414374800001
2030,sc01,11-11 14:00:00+01:00,CT NG 26,0.0
2030,sc01,11-11 14:00:00+01:00,Biomass 20,0.01599
2030,sc01,11-11 14:00:00+01:00,Wind 16,0.302836472712
2030,sc01,11-11 14:00:00+01:00,CT NG 66,0.0
2030,sc01,11-11 14:00:00+01:00,Solar 39,0.0
2030,sc01,11-11 14:00:00+01:00,Biomass 41,0.0
2030,sc01,11-11 14:00:00+01:00,Solar 72,0.0
2030,sc01,11-11 14:00:00+01:00,ST NG 03,0.0
2030,sc01,11-11 14:00:00+01:00,Hydro 21,0.0
2030,sc01,11-11 14:00:00+01:00,CT NG 03,0.0
2030,sc01,11-11 14:00:00+01:00,CC NG 09,0.0
2030,sc01,11-11 14:00:00+01:00,CT Oil 02,0.0
2030,sc01,11-11 14:00:00+01:00,CT NG 39,0.0
2030,sc01,11-11 14:00:00+01:00,CC NG 08,0.0
2030,sc01,11-11 14:00:00+01:00,Biomass 43,0.0
2030,sc01,11-11 14:00:00+01:00,CT NG 18,0.0
2030,sc01,11-11 14:00:00+01:00,ST NG 07,0.0
2030,sc01,11-11 14:00:00+01:00,Biomass 35,0.0
2030,sc01,11-11 14:00:00+01:00,Solar 32,0.0
2030,sc01,11-11 14:00:00+01:00,Biomass 15,0.00861
2030,sc01,11-11 14:00:00+01:00,CC NG 31,0.0
2030,sc01,11-11 14:00:00+01:00,Solar 16,0.83104902153
2030,sc01,11-11 14:00:00+01:00,Solar 68,0.0
2030,sc01,11-11 14:00:00+01:00,CT NG 21,0.0
2030,sc01,11-11 14:00:00+01:00,Wind 11,0.356864781952
2030,sc01,11-11 14:00:00+01:00,CC NG 37,0.0
2030,sc01,11-11 14:00:00+01:00,CT NG 22,0.0
2030,sc01,11-11 14:00:00+01:00,Hydro 16,0.00935456
2030,sc01,11-11 14:00:00+01:00,Biomass 59,0.16974000000000003
2030,sc01,11-11 14:00:00+01:00,CC NG 01,0.0
2030,sc01,11-11 14:00:00+01:00,Biomass 16,0.00861
2030,sc01,11-11 14:00:00+01:00,Solar 03,3.33709316092
2030,sc01,11-11 14:00:00+01:00,Solar 44,0.0
2030,sc01,11-11 14:00:00+01:00,CT NG 08,0.0
2030,sc01,11-11 14:00:00+01:00,Wind 05,0.043193517384000006
2030,sc01,11-11 14:00:00+01:00,Biomass 26,0.07010999999999999
2030,sc01,11-11 14:00:00+01:00,Solar 37,0.0
2030,sc01,11-11 14:00:00+01:00,Biomass 11,0.01599
2030,sc01,11-11 14:00:00+01:00,Solar 59,0.0
2030,sc01,11-11 14:00:00+01:00,CT NG 11,0.0
2030,sc01,11-11 14:00:00+01:00,Biomass 30,0.07010999999999999
2030,sc01,11-11 14:00:00+01:00,Hydro 23,0.0
2030,sc01,11-11 14:00:00+01:00,CC NG 24,0.0
2030,sc01,11-11 14:00:00+01:00,Solar 65,0.0
2030,sc01,11-11 14:00:00+01:00,CC NG 18,0.0
2030,sc01,11-11 14:00:00+01:00,CT NG 16,0.0
2030,sc01,11-11 14:00:00+01:00,Solar 51,0.0
2030,sc01,11-11 14:00:00+01:00,Wind 06,0.5882185613800001
2030,sc01,11-11 14:00:00+01:00,CC NG 26,0.0
2030,sc01,11-11 14:00:00+01:00,CC NG 23,0.0
2030,sc01,11-11 14:00:00+01:00,CT NG 43,0.0
2030,sc01,11-11 14:00:00+01:00,CC NG 11,0.0
2030,sc01,11-11 14:00:00+01:00,CT NG 02,0.0
2030,sc01,11-11 14:00:00+01:00,CT NG 50,0.0
2030,sc01,11-11 14:00:00+01:00,Hydro 27,0.0
2030,sc01,11-11 14:00:00+01:00,CT NG 13,0.8581464
2030,sc01,11-11 14:00:00+01:00,CT NG 25,0.0
2030,sc01,11-11 14:00:00+01:00,CC NG 05,0.0
2030,sc01,11-11 14:00:00+01:00,Solar 04,0.9271998476299999
2030,sc01,11-11 14:00:00+01:00,Solar 30,0.8013901205000001
2030,sc01,11-11 14:00:00+01:00,Solar 29,0.222387240312
2030,sc01,11-11 14:00:00+01:00,Solar 53,0.0
2030,sc01,11-11 14:00:00+01:00,Solar 21,3.51814809984
2030,sc01,11-11 14:00:00+01:00,Biomass 58,0.08282
2030,sc01,11-11 14:00:00+01:00,CT NG 74,0.0
2030,sc01,11-11 14:00:00+01:00,Solar 61,0.0
2030,sc01,11-11 14:00:00+01:00,Wind 07,0.56194427308
2030,sc01,11-11 14:00:00+01:00,Biomass 31,0.07010999999999999
2030,sc01,11-11 14:00:00+01:00,CT Oil 05,0.0
2030,sc01,11-11 14:00:00+01:00,Biomass 38,0.0
2030,sc01,11-11 14:00:00+01:00,Solar 41,0.0
2030,sc01,11-11 14:00:00+01:00,Biomass 51,0.0
2030,sc01,11-11 14:00:00+01:00,Biomass 55,0.10906
2030,sc01,11-11 14:00:00+01:00,Wind 15,2.37305968573
2030,sc01,11-11 14:00:00+01:00,Geo 01,0.0
2030,sc01,11-11 14:00:00+01:00,Biomass 60,0.1107
2030,sc01,11-11 14:00:00+01:00,CT NG 38,0.0
2030,sc01,11-11 14:00:00+01:00,Solar 66,22.522302597599996
2030,sc01,11-11 14:00:00+01:00,Solar 49,0.0
2030,sc01,11-11 14:00:00+01:00,CT NG 51,0.0
2030,sc01,11-11 14:00:00+01:00,Biomass 18,0.00861
2030,sc01,11-11 14:00:00+01:00,ICE NG 01,0.0
2030,sc01,11-11 14:00:00+01:00,Solar 15,2.0119970139
2030,sc01,11-11 14:00:00+01:00,ICE NG 05,0.0
2030,sc01,11-11 14:00:00+01:00,CT Oil 04,0.0
2030,sc01,11-11 14:00:00+01:00,CC NG 20,0.0
2030,sc01,11-11 14:00:00+01:00,Solar 20,0.166013427016
2030,sc01,11-11 14:00:00+01:00,Biomass 04,0.0
2030,sc01,11-11 14:00:00+01:00,Wind 02,0.67435264345
2030,sc01,11-11 14:00:00+01:00,Hydro 25,0.0
2030,sc01,11-11 14:00:00+01:00,Solar 75,0.85098463808
2030,sc01,11-11 14:00:00+01:00,Hydro 33,0.0
2030,sc01,11-11 14:00:00+01:00,ST NG 05,0.0
2030,sc01,11-11 14:00:00+01:00,CT NG 07,0.0
2030,sc01,11-11 14:00:00+01:00,Wind 01,0.45494248005000004
2030,sc01,11-11 14:00:00+01:00,Solar 56,0.0
2030,sc01,11-11 14:00:00+01:00,Biomass 09,0.03403
2030,sc01,11-11 14:00:00+01:00,Biomass 53,0.10906
2030,sc01,11-11 14:00:00+01:00,Wind 17,6.933561127
2030,sc01,11-11 14:00:00+01:00,ST NG 08,0.0
2030,sc01,11-11 14:00:00+01:00,Hydro 19,0.0
2030,sc01,11-11 14:00:00+01:00,ST NG 02,0.0
2030,sc01,11-11 14:00:00+01:00,Biomass 01,0.04592
2030,sc01,11-11 14:00:00+01:00,Biomass 57,0.08282
2030,sc01,11-11 14:00:00+01:00,CT NG 49,0.0
2030,sc01,11-11 14:00:00+01:00,CT NG 31,0.0
2030,sc01,11-11 14:00:00+01:00,Solar 64,0.0
2030,sc01,11-11 14:00:00+01:00,CC NG 33,0.0
2030,sc01,11-11 14:00:00+01:00,Solar 46,0.0
2030,sc01,11-11 14:00:00+01:00,Biomass 12,0.01599
2030,sc01,11-11 14:00:00+01:00,Wind 04,0.6330967366200001
2030,sc01,11-11 14:00:00+01:00,Solar 13,0.05050842578399999
2030,sc01,11-11 14:00:00+01:00,CT NG 55,0.0
2030,sc01,11-11 14:00:00+01:00,Wind N03,147.9540892490393
2030,sc01,11-11 14:00:00+01:00,CT NG 28,0.0
2030,sc01,11-11 14:00:00+01:00,Wind 09,0.7129931967700001
2030,sc01,11-11 14:00:00+01:00,Solar 60,0.0
2030,sc01,11-11 14:00:00+01:00,Solar 25,0.370387150048
2030,sc01,11-11 14:00:00+01:00,CT NG 23,0.0
2030,sc01,11-11 14:00:00+01:00,ST Other 01,0.0
2030,sc01,11-11 14:00:00+01:00,Solar 70,42.508958014
2030,sc01,11-11 14:00:00+01:00,CC NG 34,0.0
2030,sc01,11-11 14:00:00+01:00,Solar 48,0.0
2030,sc01,11-11 14:00:00+01:00,Biomass 56,0.10209000000000001
2030,sc01,11-11 14:00:00+01:00,CT NG 36,0.0
2030,sc01,11-11 14:00:00+01:00,Solar 47,0.0
2030,sc01,11-11 14:00:00+01:00,Hydro 17,0.0
2030,sc01,11-11 14:00:00+01:00,Solar 09,2.45484043167
2030,sc01,11-11 14:00:00+01:00,Solar 08,0.47954883874000004
2030,sc01,11-11 14:00:00+01:00,CT NG 45,0.0
2030,sc01,11-11 14:00:00+01:00,ST NG 04,0.0
2030,sc01,11-11 14:00:00+01:00,Solar 40,0.0
2030,sc01,11-11 14:00:00+01:00,Biomass 47,0.0
2030,sc01,11-11 14:00:00+01:00,Solar 50,0.0
2030,sc01,11-11 14:00:00+01:00,Solar 52,0.0
2030,sc01,11-11 14:00:00+01:00,Solar 63,0.0
2030,sc01,11-11 14:00:00+01:00,CC NG 06,0.0
2030,sc01,11-11 14:00:00+01:00,Biomass 39,0.0
2030,sc01,11-11 14:00:00+01:00,Solar 67,0.0
2030,sc01,11-11 14:00:00+01:00,Solar 19,0.019102513688
2030,sc01,11-11 14:00:00+01:00,Wind 12,10.8234001372
2030,sc01,11-11 14:00:00+01:00,Solar 24,0.27625392492800005
2030,sc01,11-11 14:00:00+01:00,ICE NG 02,0.0
2030,sc01,11-11 14:00:00+01:00,Solar 05,0.022462519120000003
2030,sc01,11-11 14:00:00+01:00,CT NG 54,0.0
2030,sc01,11-11 14:00:00+01:00,Wind N01,102.68353978
2030,sc01,11-11 14:00:00+01:00,CT NG 27,0.0
2030,sc01,11-11 14:00:00+01:00,CC NG 36,0.0
2030,sc01,11-11 14:00:00+01:00,Wind N02,75.80931428699964
2030,sc01,11-11 14:00:00+01:00,CT NG 52,0.0
2030,sc01,11-11 14:00:00+01:00,Solar 35,0.0
2030,sc01,11-11 14:00:00+01:00,CT NG 05,0.0
2030,sc01,11-11 14:00:00+01:00,Biomass 36,0.0
2030,sc01,11-11 14:00:00+01:00,CT NG 34,0.0
2030,sc01,11-11 14:00:00+01:00,CT Oil 03,0.0
2030,sc01,11-11 14:00:00+01:00,Hydro 35,0.0
2030,sc01,11-11 14:00:00+01:00,Solar 14,2.23688762434
2030,sc01,11-11 14:00:00+01:00,CT NG 75,0.0
2030,sc01,11-11 14:00:00+01:00,ST NG 09,0.0
2030,sc01,11-11 14:00:00+01:00,CT NG 56,0.0
2030,sc01,11-11 14:00:00+01:00,Biomass 22,0.01599
2030,sc01,11-11 14:00:00+01:00,Solar 18,2.35938638786
2030,sc01,11-11 14:00:00+01:00,Biomass 13,0.01599
2030,sc01,11-11 14:00:00+01:00,CT NG 71,0.0
2030,sc01,11-11 14:00:00+01:00,Solar 58,0.0
2030,sc01,11-11 14:00:00+01:00,Solar 06,0.070873350136
2030,sc01,11-11 14:00:00+01:00,Biomass 08,0.03403
2030,sc01,11-11 14:00:00+01:00,CT NG 72,0.0
2030,sc01,11-11 14:00:00+01:00,Hydro 18,0.0
2030,sc01,11-11 14:00:00+01:00,Solar 10,0.159910275584
2030,sc01,11-11 14:00:00+01:00,CT NG 04,0.0
2030,sc01,11-11 14:00:00+01:00,ST Other 02,0.0
2030,sc01,11-11 14:00:00+01:00,CT NG 12,0.0
2030,sc01,11-11 14:00:00+01:00,CT NG 48,0.0
2030,sc01,11-11 14:00:00+01:00,ST NG 10,0.0
2030,sc01,11-11 14:00:00+01:00,Solar 22,0.231306748
2030,sc01,11-11 14:00:00+01:00,Solar 28,0.20699260393600002
2030,sc01,11-11 14:00:00+01:00,CT NG 73,0.0
2030,sc01,11-11 14:00:00+01:00,Biomass 52,0.0
2030,sc01,11-11 14:00:00+01:00,CT NG 30,0.0
2030,sc01,11-11 14:00:00+01:00,Solar 54,0.0
2030,sc01,11-11 14:00:00+01:00,Solar 31,0.0
2030,sc01,11-11 14:00:00+01:00,Biomass 03,0.0
2030,sc01,11-11 14:00:00+01:00,CT NG 32,0.0
2030,sc01,11-11 14:00:00+01:00,Biomass 27,0.07010999999999999
2030,sc01,11-11 14:00:00+01:00,CC NG 14,0.0
2030,sc01,11-11 14:00:00+01:00,CC NG 03,0.0
2030,sc01,11-11 14:00:00+01:00,CC NG 29,0.0
2030,sc01,11-11 14:00:00+01:00,CC NG 28,0.0
2030,sc01,11-11 14:00:00+01:00,CC NG 25,0.0
2030,sc01,11-11 14:00:00+01:00,CT NG 44,0.0
2030,sc01,11-11 14:00:00+01:00,CT NG 14,0.5598613018814385
2030,sc01,11-11 14:00:00+01:00,CC NG 15,0.0
2030,sc01,11-11 14:00:00+01:00,CC NG 04,0.0
2030,sc01,11-11 14:00:00+01:00,Biomass 29,0.07010999999999999
2030,sc01,11-11 14:00:00+01:00,Wind 14,0.0
2030,sc01,11-11 14:00:00+01:00,Wind 08,0.75283272498
2030,sc01,11-11 14:00:00+01:00,Biomass 61,0.0
2030,sc01,11-11 14:00:00+01:00,CT NG 35,0.0
2030,sc01,11-11 14:00:00+01:00,Solar 33,0.0
2030,sc01,11-11 14:00:00+01:00,CT NG 41,0.0
2030,sc01,11-11 14:00:00+01:00,CT NG 15,0.0
2030,sc01,11-11 14:00:00+01:00,Solar 42,0.0
2030,sc01,11-11 14:00:00+01:00,Solar 07,0.040684121568000005
2030,sc01,11-11 14:00:00+01:00,Solar 43,0.0
2030,sc01,11-11 14:00:00+01:00,Biomass 05,0.01968
2030,sc01,11-11 14:00:00+01:00,CT NG 29,0.0
2030,sc01,11-11 14:00:00+01:00,Solar 71,0.0
2030,sc01,11-11 14:00:00+01:00,CT NG 53,0.0
2030,sc01,11-11 14:00:00+01:00,CT NG 20,0.0
2030,sc01,11-11 14:00:00+01:00,Biomass 14,0.03526
2030,sc01,11-11 14:00:00+01:00,Solar 26,0.343004362296
2030,sc01,11-11 14:00:00+01:00,Hydro 29,0.0
2030,sc01,11-11 14:00:00+01:00,Hydro 31,0.0
2030,sc01,11-11 14:00:00+01:00,Biomass 24,0.01189
2030,sc01,11-11 14:00:00+01:00,Biomass 54,0.10906
2030,sc01,11-11 14:00:00+01:00,Solar 36,17.062933633
2030,sc01,11-11 14:00:00+01:00,Wind 03,1.4569955898
2030,sc01,11-11 14:00:00+01:00,Biomass 40,0.0
2030,sc01,11-11 14:00:00+01:00,Biomass 49,0.0
2030,sc01,11-11 14:00:00+01:00,CC NG 16,0.0
2030,sc01,11-11 14:00:00+01:00,Biomass 48,0.0
2030,sc01,11-11 14:00:00+01:00,Hydro 28,0.0
2030,sc01,11-11 14:00:00+01:00,Biomass 17,0.00861
2030,sc01,11-11 14:00:00+01:00,CT NG 33,0.0
2030,sc01,11-11 14:00:00+01:00,Solar 45,0.0
2030,sc01,11-11 14:00:00+01:00,Hydro 24,0.0
2030,sc01,11-11 14:00:00+01:00,Wind 13,1.31095292355
2030,sc01,11-11 14:00:00+01:00,Biomass 07,0.082
2030,sc01,11-11 14:00:00+01:00,Biomass 34,0.0
2030,sc01,11-11 14:00:00+01:00,Biomass 33,0.0
2030,sc01,11-11 14:00:00+01:00,CT NG 01,1.0091166
2030,sc01,11-11 14:00:00+01:00,ICE NG 03,0.0
2030,sc01,11-11 14:00:00+01:00,Solar 55,0.0
2030,sc01,11-11 14:00:00+01:00,Solar 11,0.378897137928
2030,sc01,11-11 14:00:00+01:00,CT NG 06,0.0
2030,sc01,11-11 14:00:00+01:00,CT NG 70,0.0
2030,sc01,11-11 14:00:00+01:00,Solar 23,0.056103734488
2030,sc01,11-11 14:00:00+01:00,CT NG 67,0.0
2030,sc01,11-11 14:00:00+01:00,Solar 12,0.293306414016
2030,sc01,11-11 14:00:00+01:00,CT Oil 01,0.0
2030,sc01,11-11 14:00:00+01:00,Hydro 26,0.0
2030,sc01,11-11 14:00:00+01:00,CC NG 22,0.0
2030,sc01,11-11 14:00:00+01:00,CC NG 35,0.0
2030,sc01,11-11 14:00:00+01:00,Biomass 50,0.0
2030,sc01,11-11 14:00:00+01:00,ICE NG 04,0.0
2030,sc01,11-11 14:00:00+01:00,CC NG 39,0.0
2030,sc01,11-11 14:00:00+01:00,Hydro 32,0.005612735999999999
2030,sc01,11-11 14:00:00+01:00,ICE NG 07,0.0
2030,sc01,11-11 14:00:00+01:00,Biomass 46,0.0
2030,sc01,11-11 14:00:00+01:00,CC NG 38,0.0
2030,sc01,11-11 14:00:00+01:00,CC NG 12,0.0
2030,sc01,11-11 14:00:00+01:00,Solar 57,0.0
2030,sc01,11-11 14:00:00+01:00,CC NG 32,0.0
2030,sc01,11-11 14:00:00+01:00,CC NG 07,0.0
2030,sc01,11-11 14:00:00+01:00,Biomass 44,0.0
2030,sc01,11-11 14:00:00+01:00,CT NG 40,0.0
2030,sc01,11-11 14:00:00+01:00,Solar 74,0.0
2030,sc01,11-11 14:00:00+01:00,Hydro 30,0.0
2030,sc01,11-11 14:00:00+01:00,CT NG 42,0.0
2030,sc01,11-11 14:00:00+01:00,Hydro 22,0.0
2030,sc01,11-11 14:00:00+01:00,Solar 17,0.5752910965600001
2030,sc01,11-11 14:00:00+01:00,Solar 38,0.0
2030,sc01,11-11 14:00:00+01:00,CT NG 24,0.0
2030,sc01,11-11 14:00:00+01:00,CC NG 27,0.0
2030,sc01,11-11 14:00:00+01:00,Biomass 21,0.01599
2030,sc01,11-11 14:00:00+01:00,ICE NG 06,0.0
2030,sc01,11-11 14:00:00+01:00,Biomass 25,0.01189
2030,sc01,11-11 14:00:00+01:00,Solar 27,0.06998739556800002
2030,sc01,11-11 14:00:00+01:00,CT NG 19,0.0
2030,sc01,11-11 14:00:00+01:00,Biomass 42,0.0
2030,sc01,11-11 14:00:00+01:00,Biomass 19,0.01599
2030,sc01,11-11 14:00:00+01:00,Biomass 06,0.01968
2030,sc01,11-11 14:00:00+01:00,CT NG 10,0.0
2030,sc01,11-11 14:00:00+01:00,CC NG 40,0.0
2030,sc01,11-11 14:00:00+01:00,CC NG 21,0.0
2030,sc01,11-11 14:00:00+01:00,Biomass 02,0.04592
2030,sc01,11-11 14:00:00+01:00,CT NG 46,0.0
2030,sc01,11-11 14:00:00+01:00,Hydro 34,0.0
2030,sc01,11-11 14:00:00+01:00,Biomass 10,0.03403
2030,sc01,11-11 14:00:00+01:00,CT NG 17,0.0
2030,sc01,11-11 14:00:00+01:00,Biomass 62,0.07175000000000001
2030,sc01,11-11 14:00:00+01:00,Biomass 32,0.052070000000000005
2030,sc01,11-11 14:00:00+01:00,CC NG 19,0.9159233865518286
2030,sc01,11-11 14:00:00+01:00,CC NG 17,0.0
2030,sc01,11-11 14:00:00+01:00,ST NG 01,0.0
2030,sc01,11-11 14:00:00+01:00,Biomass 45,0.0
2030,sc01,11-11 14:00:00+01:00,Biomass 28,0.07010999999999999
2030,sc01,11-11 14:00:00+01:00,CC NG 10,0.0
2030,sc01,11-11 14:00:00+01:00,Biomass 23,0.01189
2030,sc01,11-11 14:00:00+01:00,ST NG 06,0.0
2030,sc01,11-11 14:00:00+01:00,Wind 10,0.71644209094
2030,sc01,11-11 14:00:00+01:00,CT NG 69,0.0
2030,sc01,11-11 14:00:00+01:00,CT NG 68,0.0
2030,sc01,11-11 22:00:00+01:00,CC NG 13,0.0
2030,sc01,11-11 22:00:00+01:00,CT NG 37,0.0
2030,sc01,11-11 22:00:00+01:00,ST Coal 01,0.0
2030,sc01,11-11 22:00:00+01:00,CT NG 09,0.0
2030,sc01,11-11 22:00:00+01:00,CT NG 47,0.0
2030,sc01,11-11 22:00:00+01:00,Solar 69,0.0
2030,sc01,11-11 22:00:00+01:00,Solar 34,0.0
2030,sc01,11-11 22:00:00+01:00,Solar 73,0.0
2030,sc01,11-11 22:00:00+01:00,Biomass 37,0.0
2030,sc01,11-11 22:00:00+01:00,Hydro 20,0.0
2030,sc01,11-11 22:00:00+01:00,Solar 01,0.0
2030,sc01,11-11 22:00:00+01:00,Solar 62,0.0
2030,sc01,11-11 22:00:00+01:00,Solar 02,0.0
2030,sc01,11-11 22:00:00+01:00,CT NG 26,0.0
2030,sc01,11-11 22:00:00+01:00,Biomass 20,0.01131
2030,sc01,11-11 22:00:00+01:00,Wind 16,0.0
2030,sc01,11-11 22:00:00+01:00,CT NG 66,0.0
2030,sc01,11-11 22:00:00+01:00,Solar 39,0.0
2030,sc01,11-11 22:00:00+01:00,Biomass 41,0.0
2030,sc01,11-11 22:00:00+01:00,Solar 72,0.0
2030,sc01,11-11 22:00:00+01:00,ST NG 03,0.0
2030,sc01,11-11 22:00:00+01:00,Hydro 21,0.0
2030,sc01,11-11 22:00:00+01:00,CT NG 03,0.0
2030,sc01,11-11 22:00:00+01:00,CC NG 09,0.0
2030,sc01,11-11 22:00:00+01:00,CT Oil 02,0.0
2030,sc01,11-11 22:00:00+01:00,CT NG 39,0.0
2030,sc01,11-11 22:00:00+01:00,CC NG 08,0.0
2030,sc01,11-11 22:00:00+01:00,Biomass 43,0.0
2030,sc01,11-11 22:00:00+01:00,CT NG 18,0.10959389999999998
2030,sc01,11-11 22:00:00+01:00,ST NG 07,0.0
2030,sc01,11-11 22:00:00+01:00,Biomass 35,0.0
2030,sc01,11-11 22:00:00+01:00,Solar 32,0.0
2030,sc01,11-11 22:00:00+01:00,Biomass 15,0.00609
2030,sc01,11-11 22:00:00+01:00,CC NG 31,0.0
2030,sc01,11-11 22:00:00+01:00,Solar 16,0.0
2030,sc01,11-11 22:00:00+01:00,Solar 68,0.0
2030,sc01,11-11 22:00:00+01:00,CT NG 21,0.0
2030,sc01,11-11 22:00:00+01:00,Wind 11,0.4123948451
2030,sc01,11-11 22:00:00+01:00,CC NG 37,0.0
2030,sc01,11-11 22:00:00+01:00,CT NG 22,0.0
2030,sc01,11-11 22:00:00+01:00,Hydro 16,0.00687416
2030,sc01,11-11 22:00:00+01:00,Biomass 59,0.12006000000000001
2030,sc01,11-11 22:00:00+01:00,CC NG 01,0.0
2030,sc01,11-11 22:00:00+01:00,Biomass 16,0.00609
2030,sc01,11-11 22:00:00+01:00,Solar 03,0.0
2030,sc01,11-11 22:00:00+01:00,Solar 44,0.0
2030,sc01,11-11 22:00:00+01:00,CT NG 08,0.0
2030,sc01,11-11 22:00:00+01:00,Wind 05,0.080861523832
2030,sc01,11-11 22:00:00+01:00,Biomass 26,0.049589999999999995
2030,sc01,11-11 22:00:00+01:00,Solar 37,0.0
2030,sc01,11-11 22:00:00+01:00,Biomass 11,0.01131
2030,sc01,11-11 22:00:00+01:00,Solar 59,0.0
2030,sc01,11-11 22:00:00+01:00,CT NG 11,0.0
2030,sc01,11-11 22:00:00+01:00,Biomass 30,0.049589999999999995
2030,sc01,11-11 22:00:00+01:00,Hydro 23,0.0
2030,sc01,11-11 22:00:00+01:00,CC NG 24,0.0
2030,sc01,11-11 22:00:00+01:00,Solar 65,0.0
2030,sc01,11-11 22:00:00+01:00,CC NG 18,0.0
2030,sc01,11-11 22:00:00+01:00,CT NG 16,0.0
2030,sc01,11-11 22:00:00+01:00,Solar 51,0.0
2030,sc01,11-11 22:00:00+01:00,Wind 06,0.47602368361999997
2030,sc01,11-11 22:00:00+01:00,CC NG 26,0.0
2030,sc01,11-11 22:00:00+01:00,CC NG 23,0.0
2030,sc01,11-11 22:00:00+01:00,CT NG 43,0.0
2030,sc01,11-11 22:00:00+01:00,CC NG 11,0.0
2030,sc01,11-11 22:00:00+01:00,CT NG 02,0.0
2030,sc01,11-11 22:00:00+01:00,CT NG 50,0.0
2030,sc01,11-11 22:00:00+01:00,Hydro 27,0.0
2030,sc01,11-11 22:00:00+01:00,CT NG 13,0.0
2030,sc01,11-11 22:00:00+01:00,CT NG 25,0.0
2030,sc01,11-11 22:00:00+01:00,CC NG 05,0.0
2030,sc01,11-11 22:00:00+01:00,Solar 04,0.0
2030,sc01,11-11 22:00:00+01:00,Solar 30,0.0
2030,sc01,11-11 22:00:00+01:00,Solar 29,0.0
2030,sc01,11-11 22:00:00+01:00,Solar 53,0.0
2030,sc01,11-11 22:00:00+01:00,Solar 21,0.0
2030,sc01,11-11 22:00:00+01:00,Biomass 58,0.05858
2030,sc01,11-11 22:00:00+01:00,CT NG 74,0.0
2030,sc01,11-11 22:00:00+01:00,Solar 61,0.0
2030,sc01,11-11 22:00:00+01:00,Wind 07,0.6241765740599999
2030,sc01,11-11 22:00:00+01:00,Biomass 31,0.049589999999999995
2030,sc01,11-11 22:00:00+01:00,CT Oil 05,0.0
2030,sc01,11-11 22:00:00+01:00,Biomass 38,0.0
2030,sc01,11-11 22:00:00+01:00,Solar 41,0.0
2030,sc01,11-11 22:00:00+01:00,Biomass 51,0.0
2030,sc01,11-11 22:00:00+01:00,Biomass 55,0.07714
2030,sc01,11-11 22:00:00+01:00,Wind 15,3.4577415625623407
2030,sc01,11-11 22:00:00+01:00,Geo 01,0.0
2030,sc01,11-11 22:00:00+01:00,Biomass 60,0.07830000000000001
2030,sc01,11-11 22:00:00+01:00,CT NG 38,0.0
2030,sc01,11-11 22:00:00+01:00,Solar 66,0.0
2030,sc01,11-11 22:00:00+01:00,Solar 49,0.0
2030,sc01,11-11 22:00:00+01:00,CT NG 51,0.0
2030,sc01,11-11 22:00:00+01:00,Biomass 18,0.00609
2030,sc01,11-11 22:00:00+01:00,ICE NG 01,0.0
2030,sc01,11-11 22:00:00+01:00,Solar 15,0.0
2030,sc01,11-11 22:00:00+01:00,ICE NG 05,0.0
2030,sc01,11-11 22:00:00+01:00,CT Oil 04,0.0
2030,sc01,11-11 22:00:00+01:00,CC NG 20,0.0
2030,sc01,11-11 22:00:00+01:00,Solar 20,0.0
2030,sc01,11-11 22:00:00+01:00,Biomass 04,0.0
2030,sc01,11-11 22:00:00+01:00,Wind 02,0.8508378532800001
2030,sc01,11-11 22:00:00+01:00,Hydro 25,0.0
2030,sc01,11-11 22:00:00+01:00,Solar 75,0.0
2030,sc01,11-11 22:00:00+01:00,Hydro 33,0.0
2030,sc01,11-11 22:00:00+01:00,ST NG 05,0.0
2030,sc01,11-11 22:00:00+01:00,CT NG 07,0.0
2030,sc01,11-11 22:00:00+01:00,Wind 01,0.5001277911
2030,sc01,11-11 22:00:00+01:00,Solar 56,0.0
2030,sc01,11-11 22:00:00+01:00,Biomass 09,0.02407
2030,sc01,11-11 22:00:00+01:00,Biomass 53,0.07714
2030,sc01,11-11 22:00:00+01:00,Wind 17,14.4045193647
2030,sc01,11-11 22:00:00+01:00,ST NG 08,0.0
2030,sc01,11-11 22:00:00+01:00,Hydro 19,0.0
2030,sc01,11-11 22:00:00+01:00,ST NG 02,0.0
2030,sc01,11-11 22:00:00+01:00,Biomass 01,0.03248
2030,sc01,11-11 22:00:00+01:00,Biomass 57,0.05858
2030,sc01,11-11 22:00:00+01:00,CT NG 49,0.0
2030,sc01,11-11 22:00:00+01:00,CT NG 31,0.0
2030,sc01,11-11 22:00:00+01:00,Solar 64,0.0
2030,sc01,11-11 22:00:00+01:00,CC NG 33,0.0
2030,sc01,11-11 22:00:00+01:00,Solar 46,0.0
2030,sc01,11-11 22:00:00+01:00,Biomass 12,0.01131
2030,sc01,11-11 22:00:00+01:00,Wind 04,0.18444149176000002
2030,sc01,11-11 22:00:00+01:00,Solar 13,0.0
2030,sc01,11-11 22:00:00+01:00,CT NG 55,0.0
2030,sc01,11-11 22:00:00+01:00,Wind N03,83.52368214903261
2030,sc01,11-11 22:00:00+01:00,CT NG 28,0.0
2030,sc01,11-11 22:00:00+01:00,Wind 09,1.2140872440200001
2030,sc01,11-11 22:00:00+01:00,Solar 60,0.0
2030,sc01,11-11 22:00:00+01:00,Solar 25,0.0
2030,sc01,11-11 22:00:00+01:00,CT NG 23,0.0
2030,sc01,11-11 22:00:00+01:00,ST Other 01,0.0
2030,sc01,11-11 22:00:00+01:00,Solar 70,0.0
2030,sc01,11-11 22:00:00+01:00,CC NG 34,0.0
2030,sc01,11-11 22:00:00+01:00,Solar 48,0.0
2030,sc01,11-11 22:00:00+01:00,Biomass 56,0.07221000000000001
2030,sc01,11-11 22:00:00+01:00,CT NG 36,0.0
2030,sc01,11-11 22:00:00+01:00,Solar 47,0.0
2030,sc01,11-11 22:00:00+01:00,Hydro 17,0.011600145
2030,sc01,11-11 22:00:00+01:00,Solar 09,0.0
2030,sc01,11-11 22:00:00+01:00,Solar 08,0.0
2030,sc01,11-11 22:00:00+01:00,CT NG 45,0.0
2030,sc01,11-11 22:00:00+01:00,ST NG 04,0.0
2030,sc01,11-11 22:00:00+01:00,Solar 40,0.0
2030,sc01,11-11 22:00:00+01:00,Biomass 47,0.0
2030,sc01,11-11 22:00:00+01:00,Solar 50,0.0
2030,sc01,11-11 22:00:00+01:00,Solar 52,0.0
2030,sc01,11-11 22:00:00+01:00,Solar 63,0.0
2030,sc01,11-11 22:00:00+01:00,CC NG 06,0.0
2030,sc01,11-11 22:00:00+01:00,Biomass 39,0.0
2030,sc01,11-11 22:00:00+01:00,Solar 67,0.0
2030,sc01,11-11 22:00:00+01:00,Solar 19,0.0
2030,sc01,11-11 22:00:00+01:00,Wind 12,5.2068774536
2030,sc01,11-11 22:00:00+01:00,Solar 24,0.0
2030,sc01,11-11 22:00:00+01:00,ICE NG 02,0.0
2030,sc01,11-11 22:00:00+01:00,Solar 05,0.0
2030,sc01,11-11 22:00:00+01:00,CT NG 54,0.0
2030,sc01,11-11 22:00:00+01:00,Wind N01,49.398580976
2030,sc01,11-11 22:00:00+01:00,CT NG 27,0.0
2030,sc01,11-11 22:00:00+01:00,CC NG 36,0.0
2030,sc01,11-11 22:00:00+01:00,Wind N02,75.37087864381209
2030,sc01,11-11 22:00:00+01:00,CT NG 52,0.0
2030,sc01,11-11 22:00:00+01:00,Solar 35,0.0
2030,sc01,11-11 22:00:00+01:00,CT NG 05,0.0
2030,sc01,11-11 22:00:00+01:00,Biomass 36,0.0
2030,sc01,11-11 22:00:00+01:00,CT NG 34,0.0
2030,sc01,11-11 22:00:00+01:00,CT Oil 03,0.0
2030,sc01,11-11 22:00:00+01:00,Hydro 35,0.0
2030,sc01,11-11 22:00:00+01:00,Solar 14,0.0
2030,sc01,11-11 22:00:00+01:00,CT NG 75,0.0
2030,sc01,11-11 22:00:00+01:00,ST NG 09,0.0
2030,sc01,11-11 22:00:00+01:00,CT NG 56,0.0
2030,sc01,11-11 22:00:00+01:00,Biomass 22,0.01131
2030,sc01,11-11 22:00:00+01:00,Solar 18,0.0
2030,sc01,11-11 22:00:00+01:00,Biomass 13,0.01131
2030,sc01,11-11 22:00:00+01:00,CT NG 71,0.0
2030,sc01,11-11 22:00:00+01:00,Solar 58,0.0
2030,sc01,11-11 22:00:00+01:00,Solar 06,0.0
2030,sc01,11-11 22:00:00+01:00,Biomass 08,0.02407
2030,sc01,11-11 22:00:00+01:00,CT NG 72,0.0
2030,sc01,11-11 22:00:00+01:00,Hydro 18,0.039956055000000004
2030,sc01,11-11 22:00:00+01:00,Solar 10,0.0
2030,sc01,11-11 22:00:00+01:00,CT NG 04,0.0
2030,sc01,11-11 22:00:00+01:00,ST Other 02,0.0
2030,sc01,11-11 22:00:00+01:00,CT NG 12,0.0
2030,sc01,11-11 22:00:00+01:00,CT NG 48,0.0
2030,sc01,11-11 22:00:00+01:00,ST NG 10,0.0
2030,sc01,11-11 22:00:00+01:00,Solar 22,0.0
2030,sc01,11-11 22:00:00+01:00,Solar 28,0.0
2030,sc01,11-11 22:00:00+01:00,CT NG 73,0.0
2030,sc01,11-11 22:00:00+01:00,Biomass 52,0.0
2030,sc01,11-11 22:00:00+01:00,CT NG 30,0.0
2030,sc01,11-11 22:00:00+01:00,Solar 54,0.0
2030,sc01,11-11 22:00:00+01:00,Solar 31,0.0
2030,sc01,11-11 22:00:00+01:00,Biomass 03,0.0
2030,sc01,11-11 22:00:00+01:00,CT NG 32,0.0
2030,sc01,11-11 22:00:00+01:00,Biomass 27,0.049589999999999995
2030,sc01,11-11 22:00:00+01:00,CC NG 14,0.0
2030,sc01,11-11 22:00:00+01:00,CC NG 03,0.0
2030,sc01,11-11 22:00:00+01:00,CC NG 29,0.0
2030,sc01,11-11 22:00:00+01:00,CC NG 28,0.0
2030,sc01,11-11 22:00:00+01:00,CC NG 25,0.0
2030,sc01,11-11 22:00:00+01:00,CT NG 44,0.0
2030,sc01,11-11 22:00:00+01:00,CT NG 14,0.0
2030,sc01,11-11 22:00:00+01:00,CC NG 15,0.0
2030,sc01,11-11 22:00:00+01:00,CC NG 04,0.0
2030,sc01,11-11 22:00:00+01:00,Biomass 29,0.049589999999999995
2030,sc01,11-11 22:00:00+01:00,Wind 14,16.782144380696774
2030,sc01,11-11 22:00:00+01:00,Wind 08,1.2482225530000002
2030,sc01,11-11 22:00:00+01:00,Biomass 61,0.0
2030,sc01,11-11 22:00:00+01:00,CT NG 35,0.0
2030,sc01,11-11 22:00:00+01:00,Solar 33,0.0
2030,sc01,11-11 22:00:00+01:00,CT NG 41,0.0
2030,sc01,11-11 22:00:00+01:00,CT NG 15,0.0
2030,sc01,11-11 22:00:00+01:00,Solar 42,0.0
2030,sc01,11-11 22:00:00+01:00,Solar 07,0.0
2030,sc01,11-11 22:00:00+01:00,Solar 43,0.0
2030,sc01,11-11 22:00:00+01:00,Biomass 05,0.01392
2030,sc01,11-11 22:00:00+01:00,CT NG 29,0.0
2030,sc01,11-11 22:00:00+01:00,Solar 71,0.0
2030,sc01,11-11 22:00:00+01:00,CT NG 53,0.0
2030,sc01,11-11 22:00:00+01:00,CT NG 20,0.0
2030,sc01,11-11 22:00:00+01:00,Biomass 14,0.02494
2030,sc01,11-11 22:00:00+01:00,Solar 26,0.0
2030,sc01,11-11 22:00:00+01:00,Hydro 29,0.0
2030,sc01,11-11 22:00:00+01:00,Hydro 31,0.00343708
2030,sc01,11-11 22:00:00+01:00,Biomass 24,0.00841
2030,sc01,11-11 22:00:00+01:00,Biomass 54,0.07714
2030,sc01,11-11 22:00:00+01:00,Solar 36,0.0
2030,sc01,11-11 22:00:00+01:00,Wind 03,0.56949479814
2030,sc01,11-11 22:00:00+01:00,Biomass 40,0.0
2030,sc01,11-11 22:00:00+01:00,Biomass 49,0.0
2030,sc01,11-11 22:00:00+01:00,CC NG 16,4.267352706516673
2030,sc01,11-11 22:00:00+01:00,Biomass 48,0.0
2030,sc01,11-11 22:00:00+01:00,Hydro 28,0.0
2030,sc01,11-11 22:00:00+01:00,Biomass 17,0.00609
2030,sc01,11-11 22:00:00+01:00,CT NG 33,0.0
2030,sc01,11-11 22:00:00+01:00,Solar 45,0.0
2030,sc01,11-11 22:00:00+01:00,Hydro 24,0.0
2030,sc01,11-11 22:00:00+01:00,Wind 13,1.28028879115
2030,sc01,11-11 22:00:00+01:00,Biomass 07,0.058
2030,sc01,11-11 22:00:00+01:00,Biomass 34,0.0
2030,sc01,11-11 22:00:00+01:00,Biomass 33,0.0
2030,sc01,11-11 22:00:00+01:00,CT NG 01,0.0
2030,sc01,11-11 22:00:00+01:00,ICE NG 03,0.0
2030,sc01,11-11 22:00:00+01:00,Solar 55,0.0
2030,sc01,11-11 22:00:00+01:00,Solar 11,0.0
2030,sc01,11-11 22:00:00+01:00,CT NG 06,0.0
2030,sc01,11-11 22:00:00+01:00,CT NG 70,0.0
2030,sc01,11-11 22:00:00+01:00,Solar 23,0.0
2030,sc01,11-11 22:00:00+01:00,CT NG 67,0.0
2030,sc01,11-11 22:00:00+01:00,Solar 12,0.0
2030,sc01,11-11 22:00:00+01:00,CT Oil 01,0.0
2030,sc01,11-11 22:00:00+01:00,Hydro 26,0.0
2030,sc01,11-11 22:00:00+01:00,CC NG 22,0.0
2030,sc01,11-11 22:00:00+01:00,CC NG 35,0.0
2030,sc01,11-11 22:00:00+01:00,Biomass 50,0.0
2030,sc01,11-11 22:00:00+01:00,ICE NG 04,0.0
2030,sc01,11-11 22:00:00+01:00,CC NG 39,0.0
2030,sc01,11-11 22:00:00+01:00,Hydro 32,0.004124495999999999
2030,sc01,11-11 22:00:00+01:00,ICE NG 07,0.0
2030,sc01,11-11 22:00:00+01:00,Biomass 46,0.0
2030,sc01,11-11 22:00:00+01:00,CC NG 38,0.0
2030,sc01,11-11 22:00:00+01:00,CC NG 12,0.0
2030,sc01,11-11 22:00:00+01:00,Solar 57,0.0
2030,sc01,11-11 22:00:00+01:00,CC NG 32,0.0
2030,sc01,11-11 22:00:00+01:00,CC NG 07,0.0
2030,sc01,11-11 22:00:00+01:00,Biomass 44,0.0
2030,sc01,11-11 22:00:00+01:00,CT NG 40,0.0
2030,sc01,11-11 22:00:00+01:00,Solar 74,0.0
2030,sc01,11-11 22:00:00+01:00,Hydro 30,0.0
2030,sc01,11-11 22:00:00+01:00,CT NG 42,0.0
2030,sc01,11-11 22:00:00+01:00,Hydro 22,0.0
2030,sc01,11-11 22:00:00+01:00,Solar 17,0.0
2030,sc01,11-11 22:00:00+01:00,Solar 38,0.0
2030,sc01,11-11 22:00:00+01:00,CT NG 24,0.0
2030,sc01,11-11 22:00:00+01:00,CC NG 27,0.0
2030,sc01,11-11 22:00:00+01:00,Biomass 21,0.01131
2030,sc01,11-11 22:00:00+01:00,ICE NG 06,0.0
2030,sc01,11-11 22:00:00+01:00,Biomass 25,0.00841
2030,sc01,11-11 22:00:00+01:00,Solar 27,0.0
2030,sc01,11-11 22:00:00+01:00,CT NG 19,0.0
2030,sc01,11-11 22:00:00+01:00,Biomass 42,0.0
2030,sc01,11-11 22:00:00+01:00,Biomass 19,0.01131
2030,sc01,11-11 22:00:00+01:00,Biomass 06,0.01392
2030,sc01,11-11 22:00:00+01:00,CT NG 10,0.0
2030,sc01,11-11 22:00:00+01:00,CC NG 40,0.0
2030,sc01,11-11 22:00:00+01:00,CC NG 21,0.0
2030,sc01,11-11 22:00:00+01:00,Biomass 02,0.03248
2030,sc01,11-11 22:00:00+01:00,CT NG 46,0.0
2030,sc01,11-11 22:00:00+01:00,Hydro 34,0.0
2030,sc01,11-11 22:00:00+01:00,Biomass 10,0.02407
2030,sc01,11-11 22:00:00+01:00,CT NG 17,0.0
2030,sc01,11-11 22:00:00+01:00,Biomass 62,0.05075
2030,sc01,11-11 22:00:00+01:00,Biomass 32,0.03683
2030,sc01,11-11 22:00:00+01:00,CC NG 19,3.92602
2030,sc01,11-11 22:00:00+01:00,CC NG 17,0.0
2030,sc01,11-11 22:00:00+01:00,ST NG 01,0.0
2030,sc01,11-11 22:00:00+01:00,Biomass 45,0.0
2030,sc01,11-11 22:00:00+01:00,Biomass 28,0.049589999999999995
2030,sc01,11-11 22:00:00+01:00,CC NG 10,0.0
2030,sc01,11-11 22:00:00+01:00,Biomass 23,0.00841
2030,sc01,11-11 22:00:00+01:00,ST NG 06,0.0
2030,sc01,11-11 22:00:00+01:00,Wind 10,1.2720558724000002
2030,sc01,11-11 22:00:00+01:00,CT NG 69,0.0
2030,sc01,11-11 22:00:00+01:00,CT NG 68,0.0
2030,sc01,11-13 08:00:00+01:00,CC NG 13,0.0
2030,sc01,11-13 08:00:00+01:00,CT NG 37,0.0
2030,sc01,11-13 08:00:00+01:00,ST Coal 01,0.0
2030,sc01,11-13 08:00:00+01:00,CT NG 09,0.0
2030,sc01,11-13 08:00:00+01:00,CT NG 47,0.0
2030,sc01,11-13 08:00:00+01:00,Solar 69,0.0
2030,sc01,11-13 08:00:00+01:00,Solar 34,10.693682087904635
2030,sc01,11-13 08:00:00+01:00,Solar 73,0.0
2030,sc01,11-13 08:00:00+01:00,Biomass 37,0.0
2030,sc01,11-13 08:00:00+01:00,Hydro 20,0.51836232
2030,sc01,11-13 08:00:00+01:00,Solar 01,6.2928129572
2030,sc01,11-13 08:00:00+01:00,Solar 62,0.0
2030,sc01,11-13 08:00:00+01:00,Solar 02,4.1741991648
2030,sc01,11-13 08:00:00+01:00,CT NG 26,0.0
2030,sc01,11-13 08:00:00+01:00,Biomass 20,0.010920000000000001
2030,sc01,11-13 08:00:00+01:00,Wind 16,0.22473088713599998
2030,sc01,11-13 08:00:00+01:00,CT NG 66,0.0
2030,sc01,11-13 08:00:00+01:00,Solar 39,0.0
2030,sc01,11-13 08:00:00+01:00,Biomass 41,0.0
2030,sc01,11-13 08:00:00+01:00,Solar 72,4.0646828824
2030,sc01,11-13 08:00:00+01:00,ST NG 03,0.0
2030,sc01,11-13 08:00:00+01:00,Hydro 21,0.51836232
2030,sc01,11-13 08:00:00+01:00,CT NG 03,0.0
2030,sc01,11-13 08:00:00+01:00,CC NG 09,0.0
2030,sc01,11-13 08:00:00+01:00,CT Oil 02,0.0
2030,sc01,11-13 08:00:00+01:00,CT NG 39,0.0
2030,sc01,11-13 08:00:00+01:00,CC NG 08,0.0
2030,sc01,11-13 08:00:00+01:00,Biomass 43,0.0
2030,sc01,11-13 08:00:00+01:00,CT NG 18,0.10581479999999997
2030,sc01,11-13 08:00:00+01:00,ST NG 07,0.0
2030,sc01,11-13 08:00:00+01:00,Biomass 35,0.0
2030,sc01,11-13 08:00:00+01:00,Solar 32,0.0
2030,sc01,11-13 08:00:00+01:00,Biomass 15,0.00588
2030,sc01,11-13 08:00:00+01:00,CC NG 31,0.0
2030,sc01,11-13 08:00:00+01:00,Solar 16,0.52934245224
2030,sc01,11-13 08:00:00+01:00,Solar 68,14.052424757668456
2030,sc01,11-13 08:00:00+01:00,CT NG 21,0.0
2030,sc01,11-13 08:00:00+01:00,Wind 11,0.014560797664000001
2030,sc01,11-13 08:00:00+01:00,CC NG 37,0.0
2030,sc01,11-13 08:00:00+01:00,CT NG 22,0.0
2030,sc01,11-13 08:00:00+01:00,Hydro 16,0.00648928
2030,sc01,11-13 08:00:00+01:00,Biomass 59,0.11592000000000001
2030,sc01,11-13 08:00:00+01:00,CC NG 01,0.0
2030,sc01,11-13 08:00:00+01:00,Biomass 16,0.00588
2030,sc01,11-13 08:00:00+01:00,Solar 03,0.0
2030,sc01,11-13 08:00:00+01:00,Solar 44,0.0
2030,sc01,11-13 08:00:00+01:00,CT NG 08,0.0
2030,sc01,11-13 08:00:00+01:00,Wind 05,0.0
2030,sc01,11-13 08:00:00+01:00,Biomass 26,0.04788
2030,sc01,11-13 08:00:00+01:00,Solar 37,0.0
2030,sc01,11-13 08:00:00+01:00,Biomass 11,0.010920000000000001
2030,sc01,11-13 08:00:00+01:00,Solar 59,0.0
2030,sc01,11-13 08:00:00+01:00,CT NG 11,0.0
2030,sc01,11-13 08:00:00+01:00,Biomass 30,0.04788
2030,sc01,11-13 08:00:00+01:00,Hydro 23,0.0
2030,sc01,11-13 08:00:00+01:00,CC NG 24,0.0
2030,sc01,11-13 08:00:00+01:00,Solar 65,4.905152672
2030,sc01,11-13 08:00:00+01:00,CC NG 18,0.0
2030,sc01,11-13 08:00:00+01:00,CT NG 16,0.0
2030,sc01,11-13 08:00:00+01:00,Solar 51,0.0
2030,sc01,11-13 08:00:00+01:00,Wind 06,0.009127499136
2030,sc01,11-13 08:00:00+01:00,CC NG 26,0.0
2030,sc01,11-13 08:00:00+01:00,CC NG 23,0.0
2030,sc01,11-13 08:00:00+01:00,CT NG 43,0.0
2030,sc01,11-13 08:00:00+01:00,CC NG 11,0.0
2030,sc01,11-13 08:00:00+01:00,CT NG 02,0.0
2030,sc01,11-13 08:00:00+01:00,CT NG 50,0.0
2030,sc01,11-13 08:00:00+01:00,Hydro 27,0.0
2030,sc01,11-13 08:00:00+01:00,CT NG 13,0.0
2030,sc01,11-13 08:00:00+01:00,CT NG 25,0.0
2030,sc01,11-13 08:00:00+01:00,CC NG 05,0.0
2030,sc01,11-13 08:00:00+01:00,Solar 04,0.25013633030399995
2030,sc01,11-13 08:00:00+01:00,Solar 30,0.5104510090400001
2030,sc01,11-13 08:00:00+01:00,Solar 29,0.7361299694000001
2030,sc01,11-13 08:00:00+01:00,Solar 53,0.0
2030,sc01,11-13 08:00:00+01:00,Solar 21,0.94911216456
2030,sc01,11-13 08:00:00+01:00,Biomass 58,0.05656
2030,sc01,11-13 08:00:00+01:00,CT NG 74,0.0
2030,sc01,11-13 08:00:00+01:00,Solar 61,0.0
2030,sc01,11-13 08:00:00+01:00,Wind 07,0.019574102912
2030,sc01,11-13 08:00:00+01:00,Biomass 31,0.04788
2030,sc01,11-13 08:00:00+01:00,CT Oil 05,0.0
2030,sc01,11-13 08:00:00+01:00,Biomass 38,0.0
2030,sc01,11-13 08:00:00+01:00,Solar 41,0.0
2030,sc01,11-13 08:00:00+01:00,Biomass 51,0.0
2030,sc01,11-13 08:00:00+01:00,Biomass 55,0.07448
2030,sc01,11-13 08:00:00+01:00,Wind 15,0.51487240364
2030,sc01,11-13 08:00:00+01:00,Geo 01,0.0
2030,sc01,11-13 08:00:00+01:00,Biomass 60,0.0756
2030,sc01,11-13 08:00:00+01:00,CT NG 38,0.0
2030,sc01,11-13 08:00:00+01:00,Solar 66,12.2728763444
2030,sc01,11-13 08:00:00+01:00,Solar 49,0.0
2030,sc01,11-13 08:00:00+01:00,CT NG 51,0.0
2030,sc01,11-13 08:00:00+01:00,Biomass 18,0.00588
2030,sc01,11-13 08:00:00+01:00,ICE NG 01,0.0
2030,sc01,11-13 08:00:00+01:00,Solar 15,0.5427886455600001
2030,sc01,11-13 08:00:00+01:00,ICE NG 05,0.0
2030,sc01,11-13 08:00:00+01:00,CT Oil 04,0.0
2030,sc01,11-13 08:00:00+01:00,CC NG 20,0.0
2030,sc01,11-13 08:00:00+01:00,Solar 20,0.61754864584
2030,sc01,11-13 08:00:00+01:00,Biomass 04,0.0
2030,sc01,11-13 08:00:00+01:00,Wind 02,0.015444100224000001
2030,sc01,11-13 08:00:00+01:00,Hydro 25,0.0
2030,sc01,11-13 08:00:00+01:00,Solar 75,0.0
2030,sc01,11-13 08:00:00+01:00,Hydro 33,0.0
2030,sc01,11-13 08:00:00+01:00,ST NG 05,0.0
2030,sc01,11-13 08:00:00+01:00,CT NG 07,0.0
2030,sc01,11-13 08:00:00+01:00,Wind 01,0.011674021184
2030,sc01,11-13 08:00:00+01:00,Solar 56,0.0
2030,sc01,11-13 08:00:00+01:00,Biomass 09,0.02324
2030,sc01,11-13 08:00:00+01:00,Biomass 53,0.07448
2030,sc01,11-13 08:00:00+01:00,Wind 17,15.795725708
2030,sc01,11-13 08:00:00+01:00,ST NG 08,0.0
2030,sc01,11-13 08:00:00+01:00,Hydro 19,0.0
2030,sc01,11-13 08:00:00+01:00,ST NG 02,0.0
2030,sc01,11-13 08:00:00+01:00,Biomass 01,0.031360000000000006
2030,sc01,11-13 08:00:00+01:00,Biomass 57,0.05656
2030,sc01,11-13 08:00:00+01:00,CT NG 49,0.0
2030,sc01,11-13 08:00:00+01:00,CT NG 31,0.0
2030,sc01,11-13 08:00:00+01:00,Solar 64,2.57519996832
2030,sc01,11-13 08:00:00+01:00,CC NG 33,0.0
2030,sc01,11-13 08:00:00+01:00,Solar 46,0.0
2030,sc01,11-13 08:00:00+01:00,Biomass 12,0.010920000000000001
2030,sc01,11-13 08:00:00+01:00,Wind 04,0.011622854432
2030,sc01,11-13 08:00:00+01:00,Solar 13,0.013625964576
2030,sc01,11-13 08:00:00+01:00,CT NG 55,0.0
2030,sc01,11-13 08:00:00+01:00,Wind N03,103.928260319288
2030,sc01,11-13 08:00:00+01:00,CT NG 28,0.0
2030,sc01,11-13 08:00:00+01:00,Wind 09,0.05093220451200001
2030,sc01,11-13 08:00:00+01:00,Solar 60,0.0
2030,sc01,11-13 08:00:00+01:00,Solar 25,0.099921589376
2030,sc01,11-13 08:00:00+01:00,CT NG 23,0.0
2030,sc01,11-13 08:00:00+01:00,ST Other 01,0.0
2030,sc01,11-13 08:00:00+01:00,Solar 70,21.9354962792
2030,sc01,11-13 08:00:00+01:00,CC NG 34,0.0
2030,sc01,11-13 08:00:00+01:00,Solar 48,0.0
2030,sc01,11-13 08:00:00+01:00,Biomass 56,0.06972000000000002
2030,sc01,11-13 08:00:00+01:00,CT NG 36,0.0
2030,sc01,11-13 08:00:00+01:00,Solar 47,0.0
2030,sc01,11-13 08:00:00+01:00,Hydro 17,0.0
2030,sc01,11-13 08:00:00+01:00,Solar 09,0.66225720204
2030,sc01,11-13 08:00:00+01:00,Solar 08,0.129370800608
2030,sc01,11-13 08:00:00+01:00,CT NG 45,0.0
2030,sc01,11-13 08:00:00+01:00,ST NG 04,0.0
2030,sc01,11-13 08:00:00+01:00,Solar 40,0.0
2030,sc01,11-13 08:00:00+01:00,Biomass 47,0.0
2030,sc01,11-13 08:00:00+01:00,Solar 50,0.0
2030,sc01,11-13 08:00:00+01:00,Solar 52,0.0
2030,sc01,11-13 08:00:00+01:00,Solar 63,5.499419786000001
2030,sc01,11-13 08:00:00+01:00,CC NG 06,0.0
2030,sc01,11-13 08:00:00+01:00,Biomass 39,0.0
2030,sc01,11-13 08:00:00+01:00,Solar 67,3.6659732284000004
2030,sc01,11-13 08:00:00+01:00,Solar 19,0.0
2030,sc01,11-13 08:00:00+01:00,Wind 12,0.08728923257599999
2030,sc01,11-13 08:00:00+01:00,Solar 24,0.07452669795200001
2030,sc01,11-13 08:00:00+01:00,ICE NG 02,0.0
2030,sc01,11-13 08:00:00+01:00,Solar 05,0.006059850048
2030,sc01,11-13 08:00:00+01:00,CT NG 54,0.0
2030,sc01,11-13 08:00:00+01:00,Wind N01,0.82812861684
2030,sc01,11-13 08:00:00+01:00,CT NG 27,0.0
2030,sc01,11-13 08:00:00+01:00,CC NG 36,0.0
2030,sc01,11-13 08:00:00+01:00,Wind N02,1.4882261044
2030,sc01,11-13 08:00:00+01:00,CT NG 52,0.0
2030,sc01,11-13 08:00:00+01:00,Solar 35,1.7400965782692737
2030,sc01,11-13 08:00:00+01:00,CT NG 05,0.0
2030,sc01,11-13 08:00:00+01:00,Biomass 36,0.0
2030,sc01,11-13 08:00:00+01:00,CT NG 34,0.0
2030,sc01,11-13 08:00:00+01:00,CT Oil 03,0.0
2030,sc01,11-13 08:00:00+01:00,Hydro 35,0.0
2030,sc01,11-13 08:00:00+01:00,Solar 14,0.6034587501600001
2030,sc01,11-13 08:00:00+01:00,CT NG 75,0.0
2030,sc01,11-13 08:00:00+01:00,ST NG 09,0.0
2030,sc01,11-13 08:00:00+01:00,CT NG 56,0.0
2030,sc01,11-13 08:00:00+01:00,Biomass 22,0.010920000000000001
2030,sc01,11-13 08:00:00+01:00,Solar 18,0.63650598536
2030,sc01,11-13 08:00:00+01:00,Biomass 13,0.010920000000000001
2030,sc01,11-13 08:00:00+01:00,CT NG 71,0.0
2030,sc01,11-13 08:00:00+01:00,Solar 58,0.0
2030,sc01,11-13 08:00:00+01:00,Solar 06,0.42186491452
2030,sc01,11-13 08:00:00+01:00,Biomass 08,0.02324
2030,sc01,11-13 08:00:00+01:00,CT NG 72,0.0
2030,sc01,11-13 08:00:00+01:00,Hydro 18,0.0
2030,sc01,11-13 08:00:00+01:00,Solar 10,0.5948457060000001
2030,sc01,11-13 08:00:00+01:00,CT NG 04,0.0
2030,sc01,11-13 08:00:00+01:00,ST Other 02,0.0
2030,sc01,11-13 08:00:00+01:00,CT NG 12,0.0
2030,sc01,11-13 08:00:00+01:00,CT NG 48,0.0
2030,sc01,11-13 08:00:00+01:00,ST NG 10,0.0
2030,sc01,11-13 08:00:00+01:00,Solar 22,0.76565467048
2030,sc01,11-13 08:00:00+01:00,Solar 28,0.68517177064
2030,sc01,11-13 08:00:00+01:00,CT NG 73,0.0
2030,sc01,11-13 08:00:00+01:00,Biomass 52,0.0
2030,sc01,11-13 08:00:00+01:00,CT NG 30,0.0
2030,sc01,11-13 08:00:00+01:00,Solar 54,0.0
2030,sc01,11-13 08:00:00+01:00,Solar 31,0.0
2030,sc01,11-13 08:00:00+01:00,Biomass 03,0.0
2030,sc01,11-13 08:00:00+01:00,CT NG 32,0.0
2030,sc01,11-13 08:00:00+01:00,Biomass 27,0.04788
2030,sc01,11-13 08:00:00+01:00,CC NG 14,0.0
2030,sc01,11-13 08:00:00+01:00,CC NG 03,0.0
2030,sc01,11-13 08:00:00+01:00,CC NG 29,0.0
2030,sc01,11-13 08:00:00+01:00,CC NG 28,0.0
2030,sc01,11-13 08:00:00+01:00,CC NG 25,0.0
2030,sc01,11-13 08:00:00+01:00,CT NG 44,0.0
2030,sc01,11-13 08:00:00+01:00,CT NG 14,0.0
2030,sc01,11-13 08:00:00+01:00,CC NG 15,0.0
2030,sc01,11-13 08:00:00+01:00,CC NG 04,0.0
2030,sc01,11-13 08:00:00+01:00,Biomass 29,0.04788
2030,sc01,11-13 08:00:00+01:00,Wind 14,0.20323149123200002
2030,sc01,11-13 08:00:00+01:00,Wind 08,0.053828150879999995
2030,sc01,11-13 08:00:00+01:00,Biomass 61,0.0
2030,sc01,11-13 08:00:00+01:00,CT NG 35,0.0
2030,sc01,11-13 08:00:00+01:00,Solar 33,12.0703667112
2030,sc01,11-13 08:00:00+01:00,CT NG 41,0.0
2030,sc01,11-13 08:00:00+01:00,CT NG 15,0.0
2030,sc01,11-13 08:00:00+01:00,Solar 42,0.0
2030,sc01,11-13 08:00:00+01:00,Solar 07,0.010975602400000001
2030,sc01,11-13 08:00:00+01:00,Solar 43,0.0
2030,sc01,11-13 08:00:00+01:00,Biomass 05,0.01344
2030,sc01,11-13 08:00:00+01:00,CT NG 29,0.0
2030,sc01,11-13 08:00:00+01:00,Solar 71,12.741331722
2030,sc01,11-13 08:00:00+01:00,CT NG 53,0.0
2030,sc01,11-13 08:00:00+01:00,CT NG 20,0.0
2030,sc01,11-13 08:00:00+01:00,Biomass 14,0.02408
2030,sc01,11-13 08:00:00+01:00,Solar 26,0.09253436863999999
2030,sc01,11-13 08:00:00+01:00,Hydro 29,0.0
2030,sc01,11-13 08:00:00+01:00,Hydro 31,0.0
2030,sc01,11-13 08:00:00+01:00,Biomass 24,0.00812
2030,sc01,11-13 08:00:00+01:00,Biomass 54,0.07448
2030,sc01,11-13 08:00:00+01:00,Solar 36,0.0
2030,sc01,11-13 08:00:00+01:00,Wind 03,0.061202750336000006
2030,sc01,11-13 08:00:00+01:00,Biomass 40,0.0
2030,sc01,11-13 08:00:00+01:00,Biomass 49,0.0
2030,sc01,11-13 08:00:00+01:00,CC NG 16,10.480270270746031
2030,sc01,11-13 08:00:00+01:00,Biomass 48,0.0
2030,sc01,11-13 08:00:00+01:00,Hydro 28,9.066968477199934
2030,sc01,11-13 08:00:00+01:00,Biomass 17,0.00588
2030,sc01,11-13 08:00:00+01:00,CT NG 33,0.0
2030,sc01,11-13 08:00:00+01:00,Solar 45,0.0
2030,sc01,11-13 08:00:00+01:00,Hydro 24,0.0
2030,sc01,11-13 08:00:00+01:00,Wind 13,0.069234237408
2030,sc01,11-13 08:00:00+01:00,Biomass 07,0.056
2030,sc01,11-13 08:00:00+01:00,Biomass 34,0.0
2030,sc01,11-13 08:00:00+01:00,Biomass 33,0.0
2030,sc01,11-13 08:00:00+01:00,CT NG 01,0.0
2030,sc01,11-13 08:00:00+01:00,ICE NG 03,0.0
2030,sc01,11-13 08:00:00+01:00,Solar 55,0.0
2030,sc01,11-13 08:00:00+01:00,Solar 11,0.102217380384
2030,sc01,11-13 08:00:00+01:00,CT NG 06,0.0
2030,sc01,11-13 08:00:00+01:00,CT NG 70,0.0
2030,sc01,11-13 08:00:00+01:00,Solar 23,0.015135445024000002
2030,sc01,11-13 08:00:00+01:00,CT NG 67,0.0
2030,sc01,11-13 08:00:00+01:00,Solar 12,0.07912705136
2030,sc01,11-13 08:00:00+01:00,CT Oil 01,0.0
2030,sc01,11-13 08:00:00+01:00,Hydro 26,0.0
2030,sc01,11-13 08:00:00+01:00,CC NG 22,0.0
2030,sc01,11-13 08:00:00+01:00,CC NG 35,0.0
2030,sc01,11-13 08:00:00+01:00,Biomass 50,0.0
2030,sc01,11-13 08:00:00+01:00,ICE NG 04,0.0
2030,sc01,11-13 08:00:00+01:00,CC NG 39,0.0
2030,sc01,11-13 08:00:00+01:00,Hydro 32,0.003893568
2030,sc01,11-13 08:00:00+01:00,ICE NG 07,0.0
2030,sc01,11-13 08:00:00+01:00,Biomass 46,0.0
2030,sc01,11-13 08:00:00+01:00,CC NG 38,0.0
2030,sc01,11-13 08:00:00+01:00,CC NG 12,0.0
2030,sc01,11-13 08:00:00+01:00,Solar 57,0.0
2030,sc01,11-13 08:00:00+01:00,CC NG 32,0.0
2030,sc01,11-13 08:00:00+01:00,CC NG 07,0.0
2030,sc01,11-13 08:00:00+01:00,Biomass 44,0.0
2030,sc01,11-13 08:00:00+01:00,CT NG 40,0.0
2030,sc01,11-13 08:00:00+01:00,Solar 74,3.5956052104000005
2030,sc01,11-13 08:00:00+01:00,Hydro 30,0.0
2030,sc01,11-13 08:00:00+01:00,CT NG 42,0.0
2030,sc01,11-13 08:00:00+01:00,Hydro 22,0.51836232
2030,sc01,11-13 08:00:00+01:00,Solar 17,0.155199770656
2030,sc01,11-13 08:00:00+01:00,Solar 38,0.0
2030,sc01,11-13 08:00:00+01:00,CT NG 24,0.0
2030,sc01,11-13 08:00:00+01:00,CC NG 27,0.0
2030,sc01,11-13 08:00:00+01:00,Biomass 21,0.010920000000000001
2030,sc01,11-13 08:00:00+01:00,ICE NG 06,0.0
2030,sc01,11-13 08:00:00+01:00,Biomass 25,0.00812
2030,sc01,11-13 08:00:00+01:00,Solar 27,0.07538589945600001
2030,sc01,11-13 08:00:00+01:00,CT NG 19,0.0
2030,sc01,11-13 08:00:00+01:00,Biomass 42,0.0
2030,sc01,11-13 08:00:00+01:00,Biomass 19,0.010920000000000001
2030,sc01,11-13 08:00:00+01:00,Biomass 06,0.01344
2030,sc01,11-13 08:00:00+01:00,CT NG 10,0.0
2030,sc01,11-13 08:00:00+01:00,CC NG 40,0.0
2030,sc01,11-13 08:00:00+01:00,CC NG 21,0.0
2030,sc01,11-13 08:00:00+01:00,Biomass 02,0.031360000000000006
2030,sc01,11-13 08:00:00+01:00,CT NG 46,0.0
2030,sc01,11-13 08:00:00+01:00,Hydro 34,0.0
2030,sc01,11-13 08:00:00+01:00,Biomass 10,0.02324
2030,sc01,11-13 08:00:00+01:00,CT NG 17,0.0
2030,sc01,11-13 08:00:00+01:00,Biomass 62,0.049
2030,sc01,11-13 08:00:00+01:00,Biomass 32,0.03556
2030,sc01,11-13 08:00:00+01:00,CC NG 19,3.79064
2030,sc01,11-13 08:00:00+01:00,CC NG 17,0.0
2030,sc01,11-13 08:00:00+01:00,ST NG 01,0.0
2030,sc01,11-13 08:00:00+01:00,Biomass 45,0.0
2030,sc01,11-13 08:00:00+01:00,Biomass 28,0.04788
2030,sc01,11-13 08:00:00+01:00,CC NG 10,0.0
2030,sc01,11-13 08:00:00+01:00,Biomass 23,0.00812
2030,sc01,11-13 08:00:00+01:00,ST NG 06,0.0
2030,sc01,11-13 08:00:00+01:00,Wind 10,0.049173771584000006
2030,sc01,11-13 08:00:00+01:00,CT NG 69,0.0
2030,sc01,11-13 08:00:00+01:00,CT NG 68,0.0
2030,sc01,11-13 13:00:00+01:00,CC NG 13,0.0
2030,sc01,11-13 13:00:00+01:00,CT NG 37,0.0
2030,sc01,11-13 13:00:00+01:00,ST Coal 01,0.0
2030,sc01,11-13 13:00:00+01:00,CT NG 09,0.0
2030,sc01,11-13 13:00:00+01:00,CT NG 47,0.0
2030,sc01,11-13 13:00:00+01:00,Solar 69,14.148684679703255
2030,sc01,11-13 13:00:00+01:00,Solar 34,34.6714812748
2030,sc01,11-13 13:00:00+01:00,Solar 73,0.0
2030,sc01,11-13 13:00:00+01:00,Biomass 37,0.0
2030,sc01,11-13 13:00:00+01:00,Hydro 20,0.88424742
2030,sc01,11-13 13:00:00+01:00,Solar 01,22.2461142938
2030,sc01,11-13 13:00:00+01:00,Solar 62,0.0
2030,sc01,11-13 13:00:00+01:00,Solar 02,10.878483217600001
2030,sc01,11-13 13:00:00+01:00,CT NG 26,0.0
2030,sc01,11-13 13:00:00+01:00,Biomass 20,0.0
2030,sc01,11-13 13:00:00+01:00,Wind 16,0.0
2030,sc01,11-13 13:00:00+01:00,CT NG 66,0.0
2030,sc01,11-13 13:00:00+01:00,Solar 39,0.0
2030,sc01,11-13 13:00:00+01:00,Biomass 41,0.0
2030,sc01,11-13 13:00:00+01:00,Solar 72,0.0
2030,sc01,11-13 13:00:00+01:00,ST NG 03,0.0
2030,sc01,11-13 13:00:00+01:00,Hydro 21,0.88424742
2030,sc01,11-13 13:00:00+01:00,CT NG 03,0.0
2030,sc01,11-13 13:00:00+01:00,CC NG 09,0.0
2030,sc01,11-13 13:00:00+01:00,CT Oil 02,0.0
2030,sc01,11-13 13:00:00+01:00,CT NG 39,0.0
2030,sc01,11-13 13:00:00+01:00,CC NG 08,0.0
2030,sc01,11-13 13:00:00+01:00,Biomass 43,0.0
2030,sc01,11-13 13:00:00+01:00,CT NG 18,0.0
2030,sc01,11-13 13:00:00+01:00,ST NG 07,0.0
2030,sc01,11-13 13:00:00+01:00,Biomass 35,0.0
2030,sc01,11-13 13:00:00+01:00,Solar 32,0.0
2030,sc01,11-13 13:00:00+01:00,Biomass 15,0.0
2030,sc01,11-13 13:00:00+01:00,CC NG 31,0.0
2030,sc01,11-13 13:00:00+01:00,Solar 16,1.5333982125
2030,sc01,11-13 13:00:00+01:00,Solar 68,0.0
2030,sc01,11-13 13:00:00+01:00,CT NG 21,0.0
2030,sc01,11-13 13:00:00+01:00,Wind 11,0.0
2030,sc01,11-13 13:00:00+01:00,CC NG 37,0.0
2030,sc01,11-13 13:00:00+01:00,CT NG 22,0.0
2030,sc01,11-13 13:00:00+01:00,Hydro 16,0.01075664
2030,sc01,11-13 13:00:00+01:00,Biomass 59,0.0
2030,sc01,11-13 13:00:00+01:00,CC NG 01,0.0
2030,sc01,11-13 13:00:00+01:00,Biomass 16,0.0
2030,sc01,11-13 13:00:00+01:00,Solar 03,5.4945357064
2030,sc01,11-13 13:00:00+01:00,Solar 44,0.0
2030,sc01,11-13 13:00:00+01:00,CT NG 08,0.0
2030,sc01,11-13 13:00:00+01:00,Wind 05,0.0
2030,sc01,11-13 13:00:00+01:00,Biomass 26,0.0
2030,sc01,11-13 13:00:00+01:00,Solar 37,0.0
2030,sc01,11-13 13:00:00+01:00,Biomass 11,0.0
2030,sc01,11-13 13:00:00+01:00,Solar 59,0.0
2030,sc01,11-13 13:00:00+01:00,CT NG 11,0.0
2030,sc01,11-13 13:00:00+01:00,Biomass 30,0.0
2030,sc01,11-13 13:00:00+01:00,Hydro 23,0.0
2030,sc01,11-13 13:00:00+01:00,CC NG 24,0.0
2030,sc01,11-13 13:00:00+01:00,Solar 65,14.936420464199998
2030,sc01,11-13 13:00:00+01:00,CC NG 18,0.0
2030,sc01,11-13 13:00:00+01:00,CT NG 16,0.0
2030,sc01,11-13 13:00:00+01:00,Solar 51,0.0
2030,sc01,11-13 13:00:00+01:00,Wind 06,0.0
2030,sc01,11-13 13:00:00+01:00,CC NG 26,0.0
2030,sc01,11-13 13:00:00+01:00,CC NG 23,0.0
2030,sc01,11-13 13:00:00+01:00,CT NG 43,0.0
2030,sc01,11-13 13:00:00+01:00,CC NG 11,0.0
2030,sc01,11-13 13:00:00+01:00,CT NG 02,0.0
2030,sc01,11-13 13:00:00+01:00,CT NG 50,0.0
2030,sc01,11-13 13:00:00+01:00,Hydro 27,0.0
2030,sc01,11-13 13:00:00+01:00,CT NG 13,0.0
2030,sc01,11-13 13:00:00+01:00,CT NG 25,0.0
2030,sc01,11-13 13:00:00+01:00,CC NG 05,0.0
2030,sc01,11-13 13:00:00+01:00,Solar 04,1.0880887702000002
2030,sc01,11-13 13:00:00+01:00,Solar 30,1.4786735162399998
2030,sc01,11-13 13:00:00+01:00,Solar 29,2.11390676356
2030,sc01,11-13 13:00:00+01:00,Solar 53,0.0
2030,sc01,11-13 13:00:00+01:00,Solar 21,0.0
2030,sc01,11-13 13:00:00+01:00,Biomass 58,0.0
2030,sc01,11-13 13:00:00+01:00,CT NG 74,0.0
2030,sc01,11-13 13:00:00+01:00,Solar 61,0.0
2030,sc01,11-13 13:00:00+01:00,Wind 07,0.0
2030,sc01,11-13 13:00:00+01:00,Biomass 31,0.0
2030,sc01,11-13 13:00:00+01:00,CT Oil 05,0.0
2030,sc01,11-13 13:00:00+01:00,Biomass 38,0.0
2030,sc01,11-13 13:00:00+01:00,Solar 41,0.0
2030,sc01,11-13 13:00:00+01:00,Biomass 51,0.0
2030,sc01,11-13 13:00:00+01:00,Biomass 55,0.0
2030,sc01,11-13 13:00:00+01:00,Wind 15,0.0
2030,sc01,11-13 13:00:00+01:00,Geo 01,0.0
2030,sc01,11-13 13:00:00+01:00,Biomass 60,0.0
2030,sc01,11-13 13:00:00+01:00,CT NG 38,0.0
2030,sc01,11-13 13:00:00+01:00,Solar 66,31.775947206
2030,sc01,11-13 13:00:00+01:00,Solar 49,0.0
2030,sc01,11-13 13:00:00+01:00,CT NG 51,0.0
2030,sc01,11-13 13:00:00+01:00,Biomass 18,0.0
2030,sc01,11-13 13:00:00+01:00,ICE NG 01,0.0
2030,sc01,11-13 13:00:00+01:00,Solar 15,2.36112135092
2030,sc01,11-13 13:00:00+01:00,ICE NG 05,0.0
2030,sc01,11-13 13:00:00+01:00,CT Oil 04,0.0
2030,sc01,11-13 13:00:00+01:00,CC NG 20,0.0
2030,sc01,11-13 13:00:00+01:00,Solar 20,2.27604876324
2030,sc01,11-13 13:00:00+01:00,Biomass 04,0.0
2030,sc01,11-13 13:00:00+01:00,Wind 02,0.50013368164
2030,sc01,11-13 13:00:00+01:00,Hydro 25,0.5243861999999999
2030,sc01,11-13 13:00:00+01:00,Solar 75,9.148280709600002
2030,sc01,11-13 13:00:00+01:00,Hydro 33,0.0
2030,sc01,11-13 13:00:00+01:00,ST NG 05,0.0
2030,sc01,11-13 13:00:00+01:00,CT NG 07,0.0
2030,sc01,11-13 13:00:00+01:00,Wind 01,0.125524512224
2030,sc01,11-13 13:00:00+01:00,Solar 56,0.0
2030,sc01,11-13 13:00:00+01:00,Biomass 09,0.0
2030,sc01,11-13 13:00:00+01:00,Biomass 53,0.0
2030,sc01,11-13 13:00:00+01:00,Wind 17,0.0
2030,sc01,11-13 13:00:00+01:00,ST NG 08,0.0
2030,sc01,11-13 13:00:00+01:00,Hydro 19,0.0
2030,sc01,11-13 13:00:00+01:00,ST NG 02,0.0
2030,sc01,11-13 13:00:00+01:00,Biomass 01,0.0
2030,sc01,11-13 13:00:00+01:00,Biomass 57,0.0
2030,sc01,11-13 13:00:00+01:00,CT NG 49,0.0
2030,sc01,11-13 13:00:00+01:00,CT NG 31,0.0
2030,sc01,11-13 13:00:00+01:00,Solar 64,7.728000000000001
2030,sc01,11-13 13:00:00+01:00,CC NG 33,0.0
2030,sc01,11-13 13:00:00+01:00,Solar 46,0.0
2030,sc01,11-13 13:00:00+01:00,Biomass 12,0.0
2030,sc01,11-13 13:00:00+01:00,Wind 04,0.0
2030,sc01,11-13 13:00:00+01:00,Solar 13,0.0
2030,sc01,11-13 13:00:00+01:00,CT NG 55,0.0
2030,sc01,11-13 13:00:00+01:00,Wind N03,194.16208896196977
2030,sc01,11-13 13:00:00+01:00,CT NG 28,0.0
2030,sc01,11-13 13:00:00+01:00,Wind 09,0.0
2030,sc01,11-13 13:00:00+01:00,Solar 60,0.0
2030,sc01,11-13 13:00:00+01:00,Solar 25,0.43465720969599997
2030,sc01,11-13 13:00:00+01:00,CT NG 23,0.0
2030,sc01,11-13 13:00:00+01:00,ST Other 01,0.0
2030,sc01,11-13 13:00:00+01:00,Solar 70,39.7319447248
2030,sc01,11-13 13:00:00+01:00,CC NG 34,0.0
2030,sc01,11-13 13:00:00+01:00,Solar 48,0.0
2030,sc01,11-13 13:00:00+01:00,Biomass 56,0.0
2030,sc01,11-13 13:00:00+01:00,CT NG 36,0.0
2030,sc01,11-13 13:00:00+01:00,Solar 47,0.0
2030,sc01,11-13 13:00:00+01:00,Hydro 17,0.0
2030,sc01,11-13 13:00:00+01:00,Solar 09,2.5345528087473315
2030,sc01,11-13 13:00:00+01:00,Solar 08,0.0
2030,sc01,11-13 13:00:00+01:00,CT NG 45,0.0
2030,sc01,11-13 13:00:00+01:00,ST NG 04,0.0
2030,sc01,11-13 13:00:00+01:00,Solar 40,0.0
2030,sc01,11-13 13:00:00+01:00,Biomass 47,0.0
2030,sc01,11-13 13:00:00+01:00,Solar 50,0.0
2030,sc01,11-13 13:00:00+01:00,Solar 52,0.0
2030,sc01,11-13 13:00:00+01:00,Solar 63,16.7459917678
2030,sc01,11-13 13:00:00+01:00,CC NG 06,0.0
2030,sc01,11-13 13:00:00+01:00,Biomass 39,0.0
2030,sc01,11-13 13:00:00+01:00,Solar 67,0.0
2030,sc01,11-13 13:00:00+01:00,Solar 19,0.0
2030,sc01,11-13 13:00:00+01:00,Wind 12,0.78821396014
2030,sc01,11-13 13:00:00+01:00,Solar 24,0.32418986495999996
2030,sc01,11-13 13:00:00+01:00,ICE NG 02,0.0
2030,sc01,11-13 13:00:00+01:00,Solar 05,0.0
2030,sc01,11-13 13:00:00+01:00,CT NG 54,0.0
2030,sc01,11-13 13:00:00+01:00,Wind N01,0.0
2030,sc01,11-13 13:00:00+01:00,CT NG 27,0.0
2030,sc01,11-13 13:00:00+01:00,CC NG 36,0.0
2030,sc01,11-13 13:00:00+01:00,Wind N02,4.9402477768
2030,sc01,11-13 13:00:00+01:00,CT NG 52,0.0
2030,sc01,11-13 13:00:00+01:00,Solar 35,0.0
2030,sc01,11-13 13:00:00+01:00,CT NG 05,0.0
2030,sc01,11-13 13:00:00+01:00,Biomass 36,0.0
2030,sc01,11-13 13:00:00+01:00,CT NG 34,0.0
2030,sc01,11-13 13:00:00+01:00,CT Oil 03,0.0
2030,sc01,11-13 13:00:00+01:00,Hydro 35,0.0
2030,sc01,11-13 13:00:00+01:00,Solar 14,2.4516827352164525
2030,sc01,11-13 13:00:00+01:00,CT NG 75,0.0
2030,sc01,11-13 13:00:00+01:00,ST NG 09,0.0
2030,sc01,11-13 13:00:00+01:00,CT NG 56,0.0
2030,sc01,11-13 13:00:00+01:00,Biomass 22,0.0
2030,sc01,11-13 13:00:00+01:00,Solar 18,2.76879018048
2030,sc01,11-13 13:00:00+01:00,Biomass 13,0.0
2030,sc01,11-13 13:00:00+01:00,CT NG 71,0.0
2030,sc01,11-13 13:00:00+01:00,Solar 58,0.0
2030,sc01,11-13 13:00:00+01:00,Solar 06,1.55189137676
2030,sc01,11-13 13:00:00+01:00,Biomass 08,0.0
2030,sc01,11-13 13:00:00+01:00,CT NG 72,0.0
2030,sc01,11-13 13:00:00+01:00,Hydro 18,0.0
2030,sc01,11-13 13:00:00+01:00,Solar 10,0.0
2030,sc01,11-13 13:00:00+01:00,CT NG 04,0.0
2030,sc01,11-13 13:00:00+01:00,ST Other 02,0.0
2030,sc01,11-13 13:00:00+01:00,CT NG 12,0.0
2030,sc01,11-13 13:00:00+01:00,CT NG 48,0.0
2030,sc01,11-13 13:00:00+01:00,ST NG 10,0.0
2030,sc01,11-13 13:00:00+01:00,Solar 22,0.0
2030,sc01,11-13 13:00:00+01:00,Solar 28,1.9675727108
2030,sc01,11-13 13:00:00+01:00,CT NG 73,0.0
2030,sc01,11-13 13:00:00+01:00,Biomass 52,0.0
2030,sc01,11-13 13:00:00+01:00,CT NG 30,0.0
2030,sc01,11-13 13:00:00+01:00,Solar 54,0.0
2030,sc01,11-13 13:00:00+01:00,Solar 31,0.0
2030,sc01,11-13 13:00:00+01:00,Biomass 03,0.0
2030,sc01,11-13 13:00:00+01:00,CT NG 32,0.0
2030,sc01,11-13 13:00:00+01:00,Biomass 27,0.0
2030,sc01,11-13 13:00:00+01:00,CC NG 14,0.0
2030,sc01,11-13 13:00:00+01:00,CC NG 03,0.0
2030,sc01,11-13 13:00:00+01:00,CC NG 29,0.0
2030,sc01,11-13 13:00:00+01:00,CC NG 28,0.0
2030,sc01,11-13 13:00:00+01:00,CC NG 25,0.0
2030,sc01,11-13 13:00:00+01:00,CT NG 44,0.0
2030,sc01,11-13 13:00:00+01:00,CT NG 14,0.0
2030,sc01,11-13 13:00:00+01:00,CC NG 15,0.0
2030,sc01,11-13 13:00:00+01:00,CC NG 04,0.0
2030,sc01,11-13 13:00:00+01:00,Biomass 29,0.0
2030,sc01,11-13 13:00:00+01:00,Wind 14,0.0
2030,sc01,11-13 13:00:00+01:00,Wind 08,0.0
2030,sc01,11-13 13:00:00+01:00,Biomass 61,0.0
2030,sc01,11-13 13:00:00+01:00,CT NG 35,0.0
2030,sc01,11-13 13:00:00+01:00,Solar 33,0.0
2030,sc01,11-13 13:00:00+01:00,CT NG 41,0.0
2030,sc01,11-13 13:00:00+01:00,CT NG 15,0.0
2030,sc01,11-13 13:00:00+01:00,Solar 42,0.0
2030,sc01,11-13 13:00:00+01:00,Solar 07,0.0
2030,sc01,11-13 13:00:00+01:00,Solar 43,0.0
2030,sc01,11-13 13:00:00+01:00,Biomass 05,0.0
2030,sc01,11-13 13:00:00+01:00,CT NG 29,0.0
2030,sc01,11-13 13:00:00+01:00,Solar 71,5.165618909381309
2030,sc01,11-13 13:00:00+01:00,CT NG 53,0.0
2030,sc01,11-13 13:00:00+01:00,CT NG 20,0.0
2030,sc01,11-13 13:00:00+01:00,Biomass 14,0.0
2030,sc01,11-13 13:00:00+01:00,Solar 26,0.402522925296
2030,sc01,11-13 13:00:00+01:00,Hydro 29,0.0
2030,sc01,11-13 13:00:00+01:00,Hydro 31,0.00537832
2030,sc01,11-13 13:00:00+01:00,Biomass 24,0.0
2030,sc01,11-13 13:00:00+01:00,Biomass 54,0.0
2030,sc01,11-13 13:00:00+01:00,Solar 36,13.295346624699997
2030,sc01,11-13 13:00:00+01:00,Wind 03,0.0
2030,sc01,11-13 13:00:00+01:00,Biomass 40,0.0
2030,sc01,11-13 13:00:00+01:00,Biomass 49,0.0
2030,sc01,11-13 13:00:00+01:00,CC NG 16,0.0
2030,sc01,11-13 13:00:00+01:00,Biomass 48,0.0
2030,sc01,11-13 13:00:00+01:00,Hydro 28,0.0
2030,sc01,11-13 13:00:00+01:00,Biomass 17,0.0
2030,sc01,11-13 13:00:00+01:00,CT NG 33,0.0
2030,sc01,11-13 13:00:00+01:00,Solar 45,0.0
2030,sc01,11-13 13:00:00+01:00,Hydro 24,0.0
2030,sc01,11-13 13:00:00+01:00,Wind 13,0.437886861968
2030,sc01,11-13 13:00:00+01:00,Biomass 07,0.0
2030,sc01,11-13 13:00:00+01:00,Biomass 34,0.0
2030,sc01,11-13 13:00:00+01:00,Biomass 33,0.0
2030,sc01,11-13 13:00:00+01:00,CT NG 01,0.0
2030,sc01,11-13 13:00:00+01:00,ICE NG 03,0.0
2030,sc01,11-13 13:00:00+01:00,Solar 55,0.0
2030,sc01,11-13 13:00:00+01:00,Solar 11,0.0
2030,sc01,11-13 13:00:00+01:00,CT NG 06,0.0
2030,sc01,11-13 13:00:00+01:00,CT NG 70,0.0
2030,sc01,11-13 13:00:00+01:00,Solar 23,0.0
2030,sc01,11-13 13:00:00+01:00,CT NG 67,0.0
2030,sc01,11-13 13:00:00+01:00,Solar 12,0.34420132408
2030,sc01,11-13 13:00:00+01:00,CT Oil 01,0.0
2030,sc01,11-13 13:00:00+01:00,Hydro 26,0.0
2030,sc01,11-13 13:00:00+01:00,CC NG 22,0.0
2030,sc01,11-13 13:00:00+01:00,CC NG 35,0.0
2030,sc01,11-13 13:00:00+01:00,Biomass 50,0.0
2030,sc01,11-13 13:00:00+01:00,ICE NG 04,0.0
2030,sc01,11-13 13:00:00+01:00,CC NG 39,0.0
2030,sc01,11-13 13:00:00+01:00,Hydro 32,0.006453984
2030,sc01,11-13 13:00:00+01:00,ICE NG 07,0.0
2030,sc01,11-13 13:00:00+01:00,Biomass 46,0.0
2030,sc01,11-13 13:00:00+01:00,CC NG 38,0.0
2030,sc01,11-13 13:00:00+01:00,CC NG 12,0.0
2030,sc01,11-13 13:00:00+01:00,Solar 57,0.0
2030,sc01,11-13 13:00:00+01:00,CC NG 32,0.0
2030,sc01,11-13 13:00:00+01:00,CC NG 07,0.0
2030,sc01,11-13 13:00:00+01:00,Biomass 44,0.0
2030,sc01,11-13 13:00:00+01:00,CT NG 40,0.0
2030,sc01,11-13 13:00:00+01:00,Solar 74,9.1574312964
2030,sc01,11-13 13:00:00+01:00,Hydro 30,0.0
2030,sc01,11-13 13:00:00+01:00,CT NG 42,0.0
2030,sc01,11-13 13:00:00+01:00,Hydro 22,0.88424742
2030,sc01,11-13 13:00:00+01:00,Solar 17,0.0
2030,sc01,11-13 13:00:00+01:00,Solar 38,0.0
2030,sc01,11-13 13:00:00+01:00,CT NG 24,0.0
2030,sc01,11-13 13:00:00+01:00,CC NG 27,0.0
2030,sc01,11-13 13:00:00+01:00,Biomass 21,0.0
2030,sc01,11-13 13:00:00+01:00,ICE NG 06,0.0
2030,sc01,11-13 13:00:00+01:00,Biomass 25,0.0
2030,sc01,11-13 13:00:00+01:00,Solar 27,0.0
2030,sc01,11-13 13:00:00+01:00,CT NG 19,0.0
2030,sc01,11-13 13:00:00+01:00,Biomass 42,0.0
2030,sc01,11-13 13:00:00+01:00,Biomass 19,0.0
2030,sc01,11-13 13:00:00+01:00,Biomass 06,0.0
2030,sc01,11-13 13:00:00+01:00,CT NG 10,0.0
2030,sc01,11-13 13:00:00+01:00,CC NG 40,0.0
2030,sc01,11-13 13:00:00+01:00,CC NG 21,0.0
2030,sc01,11-13 13:00:00+01:00,Biomass 02,0.0
2030,sc01,11-13 13:00:00+01:00,CT NG 46,0.0
2030,sc01,11-13 13:00:00+01:00,Hydro 34,0.0
2030,sc01,11-13 13:00:00+01:00,Biomass 10,0.0
2030,sc01,11-13 13:00:00+01:00,CT NG 17,0.0
2030,sc01,11-13 13:00:00+01:00,Biomass 62,0.0
2030,sc01,11-13 13:00:00+01:00,Biomass 32,0.0
2030,sc01,11-13 13:00:00+01:00,CC NG 19,0.0
2030,sc01,11-13 13:00:00+01:00,CC NG 17,0.0
2030,sc01,11-13 13:00:00+01:00,ST NG 01,0.0
2030,sc01,11-13 13:00:00+01:00,Biomass 45,0.0
2030,sc01,11-13 13:00:00+01:00,Biomass 28,0.0
2030,sc01,11-13 13:00:00+01:00,CC NG 10,0.0
2030,sc01,11-13 13:00:00+01:00,Biomass 23,0.0
2030,sc01,11-13 13:00:00+01:00,ST NG 06,0.0
2030,sc01,11-13 13:00:00+01:00,Wind 10,0.0
2030,sc01,11-13 13:00:00+01:00,CT NG 69,0.0
2030,sc01,11-13 13:00:00+01:00,CT NG 68,0.0
2030,sc01,11-18 06:00:00+01:00,CC NG 13,0.0
2030,sc01,11-18 06:00:00+01:00,CT NG 37,0.0
2030,sc01,11-18 06:00:00+01:00,ST Coal 01,0.0
2030,sc01,11-18 06:00:00+01:00,CT NG 09,0.0
2030,sc01,11-18 06:00:00+01:00,CT NG 47,0.0
2030,sc01,11-18 06:00:00+01:00,Solar 69,0.0552756024
2030,sc01,11-18 06:00:00+01:00,Solar 34,0.25683175992
2030,sc01,11-18 06:00:00+01:00,Solar 73,0.0
2030,sc01,11-18 06:00:00+01:00,Biomass 37,0.0
2030,sc01,11-18 06:00:00+01:00,Hydro 20,0.0
2030,sc01,11-18 06:00:00+01:00,Solar 01,0.0
2030,sc01,11-18 06:00:00+01:00,Solar 62,0.0
2030,sc01,11-18 06:00:00+01:00,Solar 02,0.0
2030,sc01,11-18 06:00:00+01:00,CT NG 26,0.0
2030,sc01,11-18 06:00:00+01:00,Biomass 20,0.011700000000000002
2030,sc01,11-18 06:00:00+01:00,Wind 16,19.701453229320936
2030,sc01,11-18 06:00:00+01:00,CT NG 66,0.0
2030,sc01,11-18 06:00:00+01:00,Solar 39,0.0
2030,sc01,11-18 06:00:00+01:00,Biomass 41,0.0
2030,sc01,11-18 06:00:00+01:00,Solar 72,0.00835077408
2030,sc01,11-18 06:00:00+01:00,ST NG 03,0.0
2030,sc01,11-18 06:00:00+01:00,Hydro 21,0.0
2030,sc01,11-18 06:00:00+01:00,CT NG 03,0.0
2030,sc01,11-18 06:00:00+01:00,CC NG 09,0.0
2030,sc01,11-18 06:00:00+01:00,CT Oil 02,0.0
2030,sc01,11-18 06:00:00+01:00,CT NG 39,0.0
2030,sc01,11-18 06:00:00+01:00,CC NG 08,0.0
2030,sc01,11-18 06:00:00+01:00,Biomass 43,0.0
2030,sc01,11-18 06:00:00+01:00,CT NG 18,0.11337299999999997
2030,sc01,11-18 06:00:00+01:00,ST NG 07,0.0
2030,sc01,11-18 06:00:00+01:00,Biomass 35,0.0
2030,sc01,11-18 06:00:00+01:00,Solar 32,1.5368870436000002
2030,sc01,11-18 06:00:00+01:00,Biomass 15,0.0063
2030,sc01,11-18 06:00:00+01:00,CC NG 31,0.0
2030,sc01,11-18 06:00:00+01:00,Solar 16,0.0
2030,sc01,11-18 06:00:00+01:00,Solar 68,7.681533072000001
2030,sc01,11-18 06:00:00+01:00,CT NG 21,0.0
2030,sc01,11-18 06:00:00+01:00,Wind 11,0.7002516792
2030,sc01,11-18 06:00:00+01:00,CC NG 37,0.0
2030,sc01,11-18 06:00:00+01:00,CT NG 22,0.0
2030,sc01,11-18 06:00:00+01:00,Hydro 16,0.0064992
2030,sc01,11-18 06:00:00+01:00,Biomass 59,0.12420000000000002
2030,sc01,11-18 06:00:00+01:00,CC NG 01,0.0
2030,sc01,11-18 06:00:00+01:00,Biomass 16,0.0063
2030,sc01,11-18 06:00:00+01:00,Solar 03,0.0
2030,sc01,11-18 06:00:00+01:00,Solar 44,0.0
2030,sc01,11-18 06:00:00+01:00,CT NG 08,0.0
2030,sc01,11-18 06:00:00+01:00,Wind 05,0.0283596792
2030,sc01,11-18 06:00:00+01:00,Biomass 26,0.0513
2030,sc01,11-18 06:00:00+01:00,Solar 37,0.02316855504
2030,sc01,11-18 06:00:00+01:00,Biomass 11,0.011700000000000002
2030,sc01,11-18 06:00:00+01:00,Solar 59,0.0
2030,sc01,11-18 06:00:00+01:00,CT NG 11,0.0
2030,sc01,11-18 06:00:00+01:00,Biomass 30,0.0513
2030,sc01,11-18 06:00:00+01:00,Hydro 23,0.0
2030,sc01,11-18 06:00:00+01:00,CC NG 24,0.0
2030,sc01,11-18 06:00:00+01:00,Solar 65,0.0
2030,sc01,11-18 06:00:00+01:00,CC NG 18,0.0
2030,sc01,11-18 06:00:00+01:00,CT NG 16,0.0
2030,sc01,11-18 06:00:00+01:00,Solar 51,0.0
2030,sc01,11-18 06:00:00+01:00,Wind 06,1.0025918828999998
2030,sc01,11-18 06:00:00+01:00,CC NG 26,0.0
2030,sc01,11-18 06:00:00+01:00,CC NG 23,0.0
2030,sc01,11-18 06:00:00+01:00,CT NG 43,0.0
2030,sc01,11-18 06:00:00+01:00,CC NG 11,0.0
2030,sc01,11-18 06:00:00+01:00,CT NG 02,0.0
2030,sc01,11-18 06:00:00+01:00,CT NG 50,0.0
2030,sc01,11-18 06:00:00+01:00,Hydro 27,0.0
2030,sc01,11-18 06:00:00+01:00,CT NG 13,0.0
2030,sc01,11-18 06:00:00+01:00,CT NG 25,0.0
2030,sc01,11-18 06:00:00+01:00,CC NG 05,0.0
2030,sc01,11-18 06:00:00+01:00,Solar 04,0.0
2030,sc01,11-18 06:00:00+01:00,Solar 30,0.0
2030,sc01,11-18 06:00:00+01:00,Solar 29,0.0
2030,sc01,11-18 06:00:00+01:00,Solar 53,0.0
2030,sc01,11-18 06:00:00+01:00,Solar 21,0.0
2030,sc01,11-18 06:00:00+01:00,Biomass 58,0.0606
2030,sc01,11-18 06:00:00+01:00,CT NG 74,0.0
2030,sc01,11-18 06:00:00+01:00,Solar 61,0.0
2030,sc01,11-18 06:00:00+01:00,Wind 07,0.8553290694000001
2030,sc01,11-18 06:00:00+01:00,Biomass 31,0.0513
2030,sc01,11-18 06:00:00+01:00,CT Oil 05,0.0
2030,sc01,11-18 06:00:00+01:00,Biomass 38,0.0
2030,sc01,11-18 06:00:00+01:00,Solar 41,0.0
2030,sc01,11-18 06:00:00+01:00,Biomass 51,0.0
2030,sc01,11-18 06:00:00+01:00,Biomass 55,0.0798
2030,sc01,11-18 06:00:00+01:00,Wind 15,0.0
2030,sc01,11-18 06:00:00+01:00,Geo 01,0.0
2030,sc01,11-18 06:00:00+01:00,Biomass 60,0.081
2030,sc01,11-18 06:00:00+01:00,CT NG 38,0.0
2030,sc01,11-18 06:00:00+01:00,Solar 66,0.0
2030,sc01,11-18 06:00:00+01:00,Solar 49,0.0
2030,sc01,11-18 06:00:00+01:00,CT NG 51,0.0
2030,sc01,11-18 06:00:00+01:00,Biomass 18,0.0063
2030,sc01,11-18 06:00:00+01:00,ICE NG 01,0.0
2030,sc01,11-18 06:00:00+01:00,Solar 15,0.0
2030,sc01,11-18 06:00:00+01:00,ICE NG 05,0.0
2030,sc01,11-18 06:00:00+01:00,CT Oil 04,0.0
2030,sc01,11-18 06:00:00+01:00,CC NG 20,0.0
2030,sc01,11-18 06:00:00+01:00,Solar 20,0.0
2030,sc01,11-18 06:00:00+01:00,Biomass 04,0.0
2030,sc01,11-18 06:00:00+01:00,Wind 02,2.1021826113
2030,sc01,11-18 06:00:00+01:00,Hydro 25,0.0
2030,sc01,11-18 06:00:00+01:00,Solar 75,0.0
2030,sc01,11-18 06:00:00+01:00,Hydro 33,0.0
2030,sc01,11-18 06:00:00+01:00,ST NG 05,0.0
2030,sc01,11-18 06:00:00+01:00,CT NG 07,0.0
2030,sc01,11-18 06:00:00+01:00,Wind 01,0.6187420242
2030,sc01,11-18 06:00:00+01:00,Solar 56,0.06350786616000001
2030,sc01,11-18 06:00:00+01:00,Biomass 09,0.0249
2030,sc01,11-18 06:00:00+01:00,Biomass 53,0.0798
2030,sc01,11-18 06:00:00+01:00,Wind 17,0.0
2030,sc01,11-18 06:00:00+01:00,ST NG 08,0.0
2030,sc01,11-18 06:00:00+01:00,Hydro 19,0.0
2030,sc01,11-18 06:00:00+01:00,ST NG 02,0.0
2030,sc01,11-18 06:00:00+01:00,Biomass 01,0.033600000000000005
2030,sc01,11-18 06:00:00+01:00,Biomass 57,0.0606
2030,sc01,11-18 06:00:00+01:00,CT NG 49,0.0
2030,sc01,11-18 06:00:00+01:00,CT NG 31,0.0
2030,sc01,11-18 06:00:00+01:00,Solar 64,0.0
2030,sc01,11-18 06:00:00+01:00,CC NG 33,0.0
2030,sc01,11-18 06:00:00+01:00,Solar 46,0.0
2030,sc01,11-18 06:00:00+01:00,Biomass 12,0.011700000000000002
2030,sc01,11-18 06:00:00+01:00,Wind 04,0.8709870222
2030,sc01,11-18 06:00:00+01:00,Solar 13,0.0
2030,sc01,11-18 06:00:00+01:00,CT NG 55,0.0
2030,sc01,11-18 06:00:00+01:00,Wind N03,113.85813852386394
2030,sc01,11-18 06:00:00+01:00,CT NG 28,0.0
2030,sc01,11-18 06:00:00+01:00,Wind 09,0.4471781973
2030,sc01,11-18 06:00:00+01:00,Solar 60,0.0
2030,sc01,11-18 06:00:00+01:00,Solar 25,0.0
2030,sc01,11-18 06:00:00+01:00,CT NG 23,0.0
2030,sc01,11-18 06:00:00+01:00,ST Other 01,0.0
2030,sc01,11-18 06:00:00+01:00,Solar 70,7.501177968
2030,sc01,11-18 06:00:00+01:00,CC NG 34,0.0
2030,sc01,11-18 06:00:00+01:00,Solar 48,0.0
2030,sc01,11-18 06:00:00+01:00,Biomass 56,0.07470000000000002
2030,sc01,11-18 06:00:00+01:00,CT NG 36,0.0
2030,sc01,11-18 06:00:00+01:00,Solar 47,0.0
2030,sc01,11-18 06:00:00+01:00,Hydro 17,0.0109674
2030,sc01,11-18 06:00:00+01:00,Solar 09,0.0
2030,sc01,11-18 06:00:00+01:00,Solar 08,0.0
2030,sc01,11-18 06:00:00+01:00,CT NG 45,0.0
2030,sc01,11-18 06:00:00+01:00,ST NG 04,0.0
2030,sc01,11-18 06:00:00+01:00,Solar 40,0.0
2030,sc01,11-18 06:00:00+01:00,Biomass 47,0.0
2030,sc01,11-18 06:00:00+01:00,Solar 50,0.0
2030,sc01,11-18 06:00:00+01:00,Solar 52,0.0
2030,sc01,11-18 06:00:00+01:00,Solar 63,0.0
2030,sc01,11-18 06:00:00+01:00,CC NG 06,0.0
2030,sc01,11-18 06:00:00+01:00,Biomass 39,0.0
2030,sc01,11-18 06:00:00+01:00,Solar 67,0.0
2030,sc01,11-18 06:00:00+01:00,Solar 19,0.0
2030,sc01,11-18 06:00:00+01:00,Wind 12,5.991473772
2030,sc01,11-18 06:00:00+01:00,Solar 24,0.0
2030,sc01,11-18 06:00:00+01:00,ICE NG 02,0.0
2030,sc01,11-18 06:00:00+01:00,Solar 05,0.0
2030,sc01,11-18 06:00:00+01:00,CT NG 54,0.0
2030,sc01,11-18 06:00:00+01:00,Wind N01,56.84218707000001
2030,sc01,11-18 06:00:00+01:00,CT NG 27,0.0
2030,sc01,11-18 06:00:00+01:00,CC NG 36,0.0
2030,sc01,11-18 06:00:00+01:00,Wind N02,72.14625469907078
2030,sc01,11-18 06:00:00+01:00,CT NG 52,0.0
2030,sc01,11-18 06:00:00+01:00,Solar 35,0.11820585575999999
2030,sc01,11-18 06:00:00+01:00,CT NG 05,0.0
2030,sc01,11-18 06:00:00+01:00,Biomass 36,0.0
2030,sc01,11-18 06:00:00+01:00,CT NG 34,0.0
2030,sc01,11-18 06:00:00+01:00,CT Oil 03,0.0
2030,sc01,11-18 06:00:00+01:00,Hydro 35,0.0
2030,sc01,11-18 06:00:00+01:00,Solar 14,0.0
2030,sc01,11-18 06:00:00+01:00,CT NG 75,0.0
2030,sc01,11-18 06:00:00+01:00,ST NG 09,0.0
2030,sc01,11-18 06:00:00+01:00,CT NG 56,0.0
2030,sc01,11-18 06:00:00+01:00,Biomass 22,0.011700000000000002
2030,sc01,11-18 06:00:00+01:00,Solar 18,0.0
2030,sc01,11-18 06:00:00+01:00,Biomass 13,0.011700000000000002
2030,sc01,11-18 06:00:00+01:00,CT NG 71,0.0
2030,sc01,11-18 06:00:00+01:00,Solar 58,0.0
2030,sc01,11-18 06:00:00+01:00,Solar 06,0.0
2030,sc01,11-18 06:00:00+01:00,Biomass 08,0.0249
2030,sc01,11-18 06:00:00+01:00,CT NG 72,0.0
2030,sc01,11-18 06:00:00+01:00,Hydro 18,0.03777660000000001
2030,sc01,11-18 06:00:00+01:00,Solar 10,0.0
2030,sc01,11-18 06:00:00+01:00,CT NG 04,0.0
2030,sc01,11-18 06:00:00+01:00,ST Other 02,0.0
2030,sc01,11-18 06:00:00+01:00,CT NG 12,0.0
2030,sc01,11-18 06:00:00+01:00,CT NG 48,0.0
2030,sc01,11-18 06:00:00+01:00,ST NG 10,0.0
2030,sc01,11-18 06:00:00+01:00,Solar 22,0.0
2030,sc01,11-18 06:00:00+01:00,Solar 28,0.0
2030,sc01,11-18 06:00:00+01:00,CT NG 73,0.0
2030,sc01,11-18 06:00:00+01:00,Biomass 52,0.0
2030,sc01,11-18 06:00:00+01:00,CT NG 30,0.0
2030,sc01,11-18 06:00:00+01:00,Solar 54,0.0
2030,sc01,11-18 06:00:00+01:00,Solar 31,1.0904014167
2030,sc01,11-18 06:00:00+01:00,Biomass 03,0.0
2030,sc01,11-18 06:00:00+01:00,CT NG 32,0.0
2030,sc01,11-18 06:00:00+01:00,Biomass 27,0.0513
2030,sc01,11-18 06:00:00+01:00,CC NG 14,0.0
2030,sc01,11-18 06:00:00+01:00,CC NG 03,0.0
2030,sc01,11-18 06:00:00+01:00,CC NG 29,0.0
2030,sc01,11-18 06:00:00+01:00,CC NG 28,0.0
2030,sc01,11-18 06:00:00+01:00,CC NG 25,0.0
2030,sc01,11-18 06:00:00+01:00,CT NG 44,0.0
2030,sc01,11-18 06:00:00+01:00,CT NG 14,0.0
2030,sc01,11-18 06:00:00+01:00,CC NG 15,0.0
2030,sc01,11-18 06:00:00+01:00,CC NG 04,0.0
2030,sc01,11-18 06:00:00+01:00,Biomass 29,0.0513
2030,sc01,11-18 06:00:00+01:00,Wind 14,4.90202953479873
2030,sc01,11-18 06:00:00+01:00,Wind 08,0.4265386227
2030,sc01,11-18 06:00:00+01:00,Biomass 61,0.0
2030,sc01,11-18 06:00:00+01:00,CT NG 35,0.0
2030,sc01,11-18 06:00:00+01:00,Solar 33,1.154976735
2030,sc01,11-18 06:00:00+01:00,CT NG 41,0.0
2030,sc01,11-18 06:00:00+01:00,CT NG 15,0.0
2030,sc01,11-18 06:00:00+01:00,Solar 42,0.0
2030,sc01,11-18 06:00:00+01:00,Solar 07,0.0
2030,sc01,11-18 06:00:00+01:00,Solar 43,0.0
2030,sc01,11-18 06:00:00+01:00,Biomass 05,0.0144
2030,sc01,11-18 06:00:00+01:00,CT NG 29,0.0
2030,sc01,11-18 06:00:00+01:00,Solar 71,0.0
2030,sc01,11-18 06:00:00+01:00,CT NG 53,0.0
2030,sc01,11-18 06:00:00+01:00,CT NG 20,0.0
2030,sc01,11-18 06:00:00+01:00,Biomass 14,0.0258
2030,sc01,11-18 06:00:00+01:00,Solar 26,0.0
2030,sc01,11-18 06:00:00+01:00,Hydro 29,0.0
2030,sc01,11-18 06:00:00+01:00,Hydro 31,0.0
2030,sc01,11-18 06:00:00+01:00,Biomass 24,0.0087
2030,sc01,11-18 06:00:00+01:00,Biomass 54,0.0798
2030,sc01,11-18 06:00:00+01:00,Solar 36,0.2629019040000001
2030,sc01,11-18 06:00:00+01:00,Wind 03,1.6684358145
2030,sc01,11-18 06:00:00+01:00,Biomass 40,0.0
2030,sc01,11-18 06:00:00+01:00,Biomass 49,0.0
2030,sc01,11-18 06:00:00+01:00,CC NG 16,12.097351784106024
2030,sc01,11-18 06:00:00+01:00,Biomass 48,0.0
2030,sc01,11-18 06:00:00+01:00,Hydro 28,0.0
2030,sc01,11-18 06:00:00+01:00,Biomass 17,0.0063
2030,sc01,11-18 06:00:00+01:00,CT NG 33,0.0
2030,sc01,11-18 06:00:00+01:00,Solar 45,0.0
2030,sc01,11-18 06:00:00+01:00,Hydro 24,0.0
2030,sc01,11-18 06:00:00+01:00,Wind 13,2.4314521896
2030,sc01,11-18 06:00:00+01:00,Biomass 07,0.06
2030,sc01,11-18 06:00:00+01:00,Biomass 34,0.0
2030,sc01,11-18 06:00:00+01:00,Biomass 33,0.0
2030,sc01,11-18 06:00:00+01:00,CT NG 01,0.0
2030,sc01,11-18 06:00:00+01:00,ICE NG 03,0.0
2030,sc01,11-18 06:00:00+01:00,Solar 55,0.06333679848
2030,sc01,11-18 06:00:00+01:00,Solar 11,0.0
2030,sc01,11-18 06:00:00+01:00,CT NG 06,0.0
2030,sc01,11-18 06:00:00+01:00,CT NG 70,0.0
2030,sc01,11-18 06:00:00+01:00,Solar 23,0.0
2030,sc01,11-18 06:00:00+01:00,CT NG 67,0.0
2030,sc01,11-18 06:00:00+01:00,Solar 12,0.0
2030,sc01,11-18 06:00:00+01:00,CT Oil 01,0.0
2030,sc01,11-18 06:00:00+01:00,Hydro 26,0.0
2030,sc01,11-18 06:00:00+01:00,CC NG 22,0.0
2030,sc01,11-18 06:00:00+01:00,CC NG 35,0.0
2030,sc01,11-18 06:00:00+01:00,Biomass 50,0.0
2030,sc01,11-18 06:00:00+01:00,ICE NG 04,0.0
2030,sc01,11-18 06:00:00+01:00,CC NG 39,0.0
2030,sc01,11-18 06:00:00+01:00,Hydro 32,0.003899519999999999
2030,sc01,11-18 06:00:00+01:00,ICE NG 07,0.0
2030,sc01,11-18 06:00:00+01:00,Biomass 46,0.0
2030,sc01,11-18 06:00:00+01:00,CC NG 38,0.0
2030,sc01,11-18 06:00:00+01:00,CC NG 12,0.0
2030,sc01,11-18 06:00:00+01:00,Solar 57,0.0
2030,sc01,11-18 06:00:00+01:00,CC NG 32,0.0
2030,sc01,11-18 06:00:00+01:00,CC NG 07,0.0
2030,sc01,11-18 06:00:00+01:00,Biomass 44,0.0
2030,sc01,11-18 06:00:00+01:00,CT NG 40,0.0
2030,sc01,11-18 06:00:00+01:00,Solar 74,0.0
2030,sc01,11-18 06:00:00+01:00,Hydro 30,0.0
2030,sc01,11-18 06:00:00+01:00,CT NG 42,0.0
2030,sc01,11-18 06:00:00+01:00,Hydro 22,0.0
2030,sc01,11-18 06:00:00+01:00,Solar 17,0.0
2030,sc01,11-18 06:00:00+01:00,Solar 38,0.08310427632
2030,sc01,11-18 06:00:00+01:00,CT NG 24,0.0
2030,sc01,11-18 06:00:00+01:00,CC NG 27,0.0
2030,sc01,11-18 06:00:00+01:00,Biomass 21,0.011700000000000002
2030,sc01,11-18 06:00:00+01:00,ICE NG 06,0.0
2030,sc01,11-18 06:00:00+01:00,Biomass 25,0.0087
2030,sc01,11-18 06:00:00+01:00,Solar 27,0.0
2030,sc01,11-18 06:00:00+01:00,CT NG 19,0.0
2030,sc01,11-18 06:00:00+01:00,Biomass 42,0.0
2030,sc01,11-18 06:00:00+01:00,Biomass 19,0.011700000000000002
2030,sc01,11-18 06:00:00+01:00,Biomass 06,0.0144
2030,sc01,11-18 06:00:00+01:00,CT NG 10,0.0
2030,sc01,11-18 06:00:00+01:00,CC NG 40,0.0
2030,sc01,11-18 06:00:00+01:00,CC NG 21,0.0
2030,sc01,11-18 06:00:00+01:00,Biomass 02,0.033600000000000005
2030,sc01,11-18 06:00:00+01:00,CT NG 46,0.0
2030,sc01,11-18 06:00:00+01:00,Hydro 34,0.0
2030,sc01,11-18 06:00:00+01:00,Biomass 10,0.0249
2030,sc01,11-18 06:00:00+01:00,CT NG 17,0.0
2030,sc01,11-18 06:00:00+01:00,Biomass 62,0.0525
2030,sc01,11-18 06:00:00+01:00,Biomass 32,0.0381
2030,sc01,11-18 06:00:00+01:00,CC NG 19,4.0614
2030,sc01,11-18 06:00:00+01:00,CC NG 17,0.0
2030,sc01,11-18 06:00:00+01:00,ST NG 01,0.0
2030,sc01,11-18 06:00:00+01:00,Biomass 45,0.0
2030,sc01,11-18 06:00:00+01:00,Biomass 28,0.0513
2030,sc01,11-18 06:00:00+01:00,CC NG 10,0.0
2030,sc01,11-18 06:00:00+01:00,Biomass 23,0.0087
2030,sc01,11-18 06:00:00+01:00,ST NG 06,0.0
2030,sc01,11-18 06:00:00+01:00,Wind 10,0.43227745260000006
2030,sc01,11-18 06:00:00+01:00,CT NG 69,0.0
2030,sc01,11-18 06:00:00+01:00,CT NG 68,0.0
2030,sc01,11-18 12:00:00+01:00,CC NG 13,0.0
2030,sc01,11-18 12:00:00+01:00,CT NG 37,0.0
2030,sc01,11-18 12:00:00+01:00,ST Coal 01,0.0
2030,sc01,11-18 12:00:00+01:00,CT NG 09,0.0
2030,sc01,11-18 12:00:00+01:00,CT NG 47,0.0
2030,sc01,11-18 12:00:00+01:00,Solar 69,0.0
2030,sc01,11-18 12:00:00+01:00,Solar 34,11.462858919599999
2030,sc01,11-18 12:00:00+01:00,Solar 73,0.0
2030,sc01,11-18 12:00:00+01:00,Biomass 37,0.0
2030,sc01,11-18 12:00:00+01:00,Hydro 20,0.0
2030,sc01,11-18 12:00:00+01:00,Solar 01,8.017308822079928
2030,sc01,11-18 12:00:00+01:00,Solar 62,0.0
2030,sc01,11-18 12:00:00+01:00,Solar 02,6.3835648008
2030,sc01,11-18 12:00:00+01:00,CT NG 26,0.0
2030,sc01,11-18 12:00:00+01:00,Biomass 20,0.0
2030,sc01,11-18 12:00:00+01:00,Wind 16,0.0
2030,sc01,11-18 12:00:00+01:00,CT NG 66,0.0
2030,sc01,11-18 12:00:00+01:00,Solar 39,0.0
2030,sc01,11-18 12:00:00+01:00,Biomass 41,0.0
2030,sc01,11-18 12:00:00+01:00,Solar 72,0.0
2030,sc01,11-18 12:00:00+01:00,ST NG 03,0.0
2030,sc01,11-18 12:00:00+01:00,Hydro 21,0.6300924300000001
2030,sc01,11-18 12:00:00+01:00,CT NG 03,0.0
2030,sc01,11-18 12:00:00+01:00,CC NG 09,0.0
2030,sc01,11-18 12:00:00+01:00,CT Oil 02,0.0
2030,sc01,11-18 12:00:00+01:00,CT NG 39,0.0
2030,sc01,11-18 12:00:00+01:00,CC NG 08,0.0
2030,sc01,11-18 12:00:00+01:00,Biomass 43,0.0
2030,sc01,11-18 12:00:00+01:00,CT NG 18,0.0
2030,sc01,11-18 12:00:00+01:00,ST NG 07,0.0
2030,sc01,11-18 12:00:00+01:00,Biomass 35,0.0
2030,sc01,11-18 12:00:00+01:00,Solar 32,0.0
2030,sc01,11-18 12:00:00+01:00,Biomass 15,0.0
2030,sc01,11-18 12:00:00+01:00,CC NG 31,0.0
2030,sc01,11-18 12:00:00+01:00,Solar 16,0.6083777742900001
2030,sc01,11-18 12:00:00+01:00,Solar 68,12.879492581666737
2030,sc01,11-18 12:00:00+01:00,CT NG 21,0.0
2030,sc01,11-18 12:00:00+01:00,Wind 11,1.12170176877
2030,sc01,11-18 12:00:00+01:00,CC NG 37,0.0
2030,sc01,11-18 12:00:00+01:00,CT NG 22,0.0
2030,sc01,11-18 12:00:00+01:00,Hydro 16,0.0
2030,sc01,11-18 12:00:00+01:00,Biomass 59,0.0
2030,sc01,11-18 12:00:00+01:00,CC NG 01,0.0
2030,sc01,11-18 12:00:00+01:00,Biomass 16,0.0
2030,sc01,11-18 12:00:00+01:00,Solar 03,4.9211212941
2030,sc01,11-18 12:00:00+01:00,Solar 44,0.0
2030,sc01,11-18 12:00:00+01:00,CT NG 08,0.0
2030,sc01,11-18 12:00:00+01:00,Wind 05,0.039776435952
2030,sc01,11-18 12:00:00+01:00,Biomass 26,0.0
2030,sc01,11-18 12:00:00+01:00,Solar 37,0.0
2030,sc01,11-18 12:00:00+01:00,Biomass 11,0.0
2030,sc01,11-18 12:00:00+01:00,Solar 59,0.0
2030,sc01,11-18 12:00:00+01:00,CT NG 11,0.0
2030,sc01,11-18 12:00:00+01:00,Biomass 30,0.0
2030,sc01,11-18 12:00:00+01:00,Hydro 23,0.0
2030,sc01,11-18 12:00:00+01:00,CC NG 24,0.0
2030,sc01,11-18 12:00:00+01:00,Solar 65,0.0
2030,sc01,11-18 12:00:00+01:00,CC NG 18,0.0
2030,sc01,11-18 12:00:00+01:00,CT NG 16,0.0
2030,sc01,11-18 12:00:00+01:00,Solar 51,0.0
2030,sc01,11-18 12:00:00+01:00,Wind 06,1.59273982824
2030,sc01,11-18 12:00:00+01:00,CC NG 26,0.0
2030,sc01,11-18 12:00:00+01:00,CC NG 23,0.0
2030,sc01,11-18 12:00:00+01:00,CT NG 43,0.0
2030,sc01,11-18 12:00:00+01:00,CC NG 11,0.0
2030,sc01,11-18 12:00:00+01:00,CT NG 02,0.0
2030,sc01,11-18 12:00:00+01:00,CT NG 50,0.0
2030,sc01,11-18 12:00:00+01:00,Hydro 27,0.0
2030,sc01,11-18 12:00:00+01:00,CT NG 13,0.0
2030,sc01,11-18 12:00:00+01:00,CT NG 25,0.0
2030,sc01,11-18 12:00:00+01:00,CC NG 05,0.0
2030,sc01,11-18 12:00:00+01:00,Solar 04,0.0
2030,sc01,11-18 12:00:00+01:00,Solar 30,0.5866656780599999
2030,sc01,11-18 12:00:00+01:00,Solar 29,0.0
2030,sc01,11-18 12:00:00+01:00,Solar 53,0.0
2030,sc01,11-18 12:00:00+01:00,Solar 21,2.5725914220600004
2030,sc01,11-18 12:00:00+01:00,Biomass 58,0.0
2030,sc01,11-18 12:00:00+01:00,CT NG 74,0.0
2030,sc01,11-18 12:00:00+01:00,Solar 61,0.0
2030,sc01,11-18 12:00:00+01:00,Wind 07,1.18627477089
2030,sc01,11-18 12:00:00+01:00,Biomass 31,0.0
2030,sc01,11-18 12:00:00+01:00,CT Oil 05,0.0
2030,sc01,11-18 12:00:00+01:00,Biomass 38,0.0
2030,sc01,11-18 12:00:00+01:00,Solar 41,0.0
2030,sc01,11-18 12:00:00+01:00,Biomass 51,0.0
2030,sc01,11-18 12:00:00+01:00,Biomass 55,0.0
2030,sc01,11-18 12:00:00+01:00,Wind 15,0.0
2030,sc01,11-18 12:00:00+01:00,Geo 01,0.0
2030,sc01,11-18 12:00:00+01:00,Biomass 60,0.0
2030,sc01,11-18 12:00:00+01:00,CT NG 38,0.0
2030,sc01,11-18 12:00:00+01:00,Solar 66,31.624223664
2030,sc01,11-18 12:00:00+01:00,Solar 49,0.0
2030,sc01,11-18 12:00:00+01:00,CT NG 51,0.0
2030,sc01,11-18 12:00:00+01:00,Biomass 18,0.0
2030,sc01,11-18 12:00:00+01:00,ICE NG 01,0.0
2030,sc01,11-18 12:00:00+01:00,Solar 15,1.4712417192
2030,sc01,11-18 12:00:00+01:00,ICE NG 05,0.0
2030,sc01,11-18 12:00:00+01:00,CT Oil 04,0.0
2030,sc01,11-18 12:00:00+01:00,CC NG 20,0.0
2030,sc01,11-18 12:00:00+01:00,Solar 20,1.5915817797
2030,sc01,11-18 12:00:00+01:00,Biomass 04,0.0
2030,sc01,11-18 12:00:00+01:00,Wind 02,3.24755163744
2030,sc01,11-18 12:00:00+01:00,Hydro 25,0.3468465
2030,sc01,11-18 12:00:00+01:00,Solar 75,0.0
2030,sc01,11-18 12:00:00+01:00,Hydro 33,0.0
2030,sc01,11-18 12:00:00+01:00,ST NG 05,0.0
2030,sc01,11-18 12:00:00+01:00,CT NG 07,0.0
2030,sc01,11-18 12:00:00+01:00,Wind 01,0.7920778305
2030,sc01,11-18 12:00:00+01:00,Solar 56,0.0
2030,sc01,11-18 12:00:00+01:00,Biomass 09,0.0
2030,sc01,11-18 12:00:00+01:00,Biomass 53,0.0
2030,sc01,11-18 12:00:00+01:00,Wind 17,0.0
2030,sc01,11-18 12:00:00+01:00,ST NG 08,0.0
2030,sc01,11-18 12:00:00+01:00,Hydro 19,0.0
2030,sc01,11-18 12:00:00+01:00,ST NG 02,0.0
2030,sc01,11-18 12:00:00+01:00,Biomass 01,0.0
2030,sc01,11-18 12:00:00+01:00,Biomass 57,0.0
2030,sc01,11-18 12:00:00+01:00,CT NG 49,0.0
2030,sc01,11-18 12:00:00+01:00,CT NG 31,0.0
2030,sc01,11-18 12:00:00+01:00,Solar 64,2.97107179512
2030,sc01,11-18 12:00:00+01:00,CC NG 33,0.0
2030,sc01,11-18 12:00:00+01:00,Solar 46,0.0
2030,sc01,11-18 12:00:00+01:00,Biomass 12,0.0
2030,sc01,11-18 12:00:00+01:00,Wind 04,0.9687797050800001
2030,sc01,11-18 12:00:00+01:00,Solar 13,0.036933505752
2030,sc01,11-18 12:00:00+01:00,CT NG 55,0.0
2030,sc01,11-18 12:00:00+01:00,Wind N03,43.509892953530944
2030,sc01,11-18 12:00:00+01:00,CT NG 28,0.0
2030,sc01,11-18 12:00:00+01:00,Wind 09,0.55862020962
2030,sc01,11-18 12:00:00+01:00,Solar 60,0.0
2030,sc01,11-18 12:00:00+01:00,Solar 25,0.270839878848
2030,sc01,11-18 12:00:00+01:00,CT NG 23,0.0
2030,sc01,11-18 12:00:00+01:00,ST Other 01,0.0
2030,sc01,11-18 12:00:00+01:00,Solar 70,29.162938068000003
2030,sc01,11-18 12:00:00+01:00,CC NG 34,0.0
2030,sc01,11-18 12:00:00+01:00,Solar 48,0.0
2030,sc01,11-18 12:00:00+01:00,Biomass 56,0.0
2030,sc01,11-18 12:00:00+01:00,CT NG 36,0.0
2030,sc01,11-18 12:00:00+01:00,Solar 47,0.0
2030,sc01,11-18 12:00:00+01:00,Hydro 17,0.0
2030,sc01,11-18 12:00:00+01:00,Solar 09,0.0
2030,sc01,11-18 12:00:00+01:00,Solar 08,0.0
2030,sc01,11-18 12:00:00+01:00,CT NG 45,0.0
2030,sc01,11-18 12:00:00+01:00,ST NG 04,0.0
2030,sc01,11-18 12:00:00+01:00,Solar 40,0.0
2030,sc01,11-18 12:00:00+01:00,Biomass 47,0.0
2030,sc01,11-18 12:00:00+01:00,Solar 50,0.0
2030,sc01,11-18 12:00:00+01:00,Solar 52,0.0
2030,sc01,11-18 12:00:00+01:00,Solar 63,0.0
2030,sc01,11-18 12:00:00+01:00,CC NG 06,0.0
2030,sc01,11-18 12:00:00+01:00,Biomass 39,0.0
2030,sc01,11-18 12:00:00+01:00,Solar 67,1.1551568898642037
2030,sc01,11-18 12:00:00+01:00,Solar 19,0.013968417936
2030,sc01,11-18 12:00:00+01:00,Wind 12,9.7466731659
2030,sc01,11-18 12:00:00+01:00,Solar 24,0.202006412784
2030,sc01,11-18 12:00:00+01:00,ICE NG 02,0.0
2030,sc01,11-18 12:00:00+01:00,Solar 05,0.0
2030,sc01,11-18 12:00:00+01:00,CT NG 54,0.0
2030,sc01,11-18 12:00:00+01:00,Wind N01,92.46843774300001
2030,sc01,11-18 12:00:00+01:00,CT NG 27,0.0
2030,sc01,11-18 12:00:00+01:00,CC NG 36,0.0
2030,sc01,11-18 12:00:00+01:00,Wind N02,75.436011888108
2030,sc01,11-18 12:00:00+01:00,CT NG 52,0.0
2030,sc01,11-18 12:00:00+01:00,Solar 35,0.0
2030,sc01,11-18 12:00:00+01:00,CT NG 05,0.0
2030,sc01,11-18 12:00:00+01:00,Biomass 36,0.0
2030,sc01,11-18 12:00:00+01:00,CT NG 34,0.0
2030,sc01,11-18 12:00:00+01:00,CT Oil 03,0.0
2030,sc01,11-18 12:00:00+01:00,Hydro 35,0.0
2030,sc01,11-18 12:00:00+01:00,Solar 14,1.63568950248
2030,sc01,11-18 12:00:00+01:00,CT NG 75,0.0
2030,sc01,11-18 12:00:00+01:00,ST NG 09,0.0
2030,sc01,11-18 12:00:00+01:00,CT NG 56,0.0
2030,sc01,11-18 12:00:00+01:00,Biomass 22,0.0
2030,sc01,11-18 12:00:00+01:00,Solar 18,1.72526482986
2030,sc01,11-18 12:00:00+01:00,Biomass 13,0.0
2030,sc01,11-18 12:00:00+01:00,CT NG 71,0.0
2030,sc01,11-18 12:00:00+01:00,Solar 58,0.0
2030,sc01,11-18 12:00:00+01:00,Solar 06,0.0
2030,sc01,11-18 12:00:00+01:00,Biomass 08,0.0
2030,sc01,11-18 12:00:00+01:00,CT NG 72,0.0
2030,sc01,11-18 12:00:00+01:00,Hydro 18,0.0
2030,sc01,11-18 12:00:00+01:00,Solar 10,1.5330704611200001
2030,sc01,11-18 12:00:00+01:00,CT NG 04,0.0
2030,sc01,11-18 12:00:00+01:00,ST Other 02,0.0
2030,sc01,11-18 12:00:00+01:00,CT NG 12,0.0
2030,sc01,11-18 12:00:00+01:00,CT NG 48,0.0
2030,sc01,11-18 12:00:00+01:00,ST NG 10,0.0
2030,sc01,11-18 12:00:00+01:00,Solar 22,0.0
2030,sc01,11-18 12:00:00+01:00,Solar 28,0.0
2030,sc01,11-18 12:00:00+01:00,CT NG 73,0.0
2030,sc01,11-18 12:00:00+01:00,Biomass 52,0.0
2030,sc01,11-18 12:00:00+01:00,CT NG 30,0.0
2030,sc01,11-18 12:00:00+01:00,Solar 54,0.0
2030,sc01,11-18 12:00:00+01:00,Solar 31,0.0
2030,sc01,11-18 12:00:00+01:00,Biomass 03,0.0
2030,sc01,11-18 12:00:00+01:00,CT NG 32,0.0
2030,sc01,11-18 12:00:00+01:00,Biomass 27,0.0
2030,sc01,11-18 12:00:00+01:00,CC NG 14,0.0
2030,sc01,11-18 12:00:00+01:00,CC NG 03,0.0
2030,sc01,11-18 12:00:00+01:00,CC NG 29,0.0
2030,sc01,11-18 12:00:00+01:00,CC NG 28,0.0
2030,sc01,11-18 12:00:00+01:00,CC NG 25,0.0
2030,sc01,11-18 12:00:00+01:00,CT NG 44,0.0
2030,sc01,11-18 12:00:00+01:00,CT NG 14,0.0
2030,sc01,11-18 12:00:00+01:00,CC NG 15,0.0
2030,sc01,11-18 12:00:00+01:00,CC NG 04,0.0
2030,sc01,11-18 12:00:00+01:00,Biomass 29,0.0
2030,sc01,11-18 12:00:00+01:00,Wind 14,0.0
2030,sc01,11-18 12:00:00+01:00,Wind 08,0.54939859854
2030,sc01,11-18 12:00:00+01:00,Biomass 61,0.0
2030,sc01,11-18 12:00:00+01:00,CT NG 35,0.0
2030,sc01,11-18 12:00:00+01:00,Solar 33,0.0
2030,sc01,11-18 12:00:00+01:00,CT NG 41,0.0
2030,sc01,11-18 12:00:00+01:00,CT NG 15,0.0
2030,sc01,11-18 12:00:00+01:00,Solar 42,0.0
2030,sc01,11-18 12:00:00+01:00,Solar 07,0.0
2030,sc01,11-18 12:00:00+01:00,Solar 43,0.0
2030,sc01,11-18 12:00:00+01:00,Biomass 05,0.0
2030,sc01,11-18 12:00:00+01:00,CT NG 29,0.0
2030,sc01,11-18 12:00:00+01:00,Solar 71,0.0
2030,sc01,11-18 12:00:00+01:00,CT NG 53,0.0
2030,sc01,11-18 12:00:00+01:00,CT NG 20,0.0
2030,sc01,11-18 12:00:00+01:00,Biomass 14,0.0
2030,sc01,11-18 12:00:00+01:00,Solar 26,0.25081663860000003
2030,sc01,11-18 12:00:00+01:00,Hydro 29,0.0
2030,sc01,11-18 12:00:00+01:00,Hydro 31,0.0
2030,sc01,11-18 12:00:00+01:00,Biomass 24,0.0
2030,sc01,11-18 12:00:00+01:00,Biomass 54,0.0
2030,sc01,11-18 12:00:00+01:00,Solar 36,24.2131087242
2030,sc01,11-18 12:00:00+01:00,Wind 03,1.83879588156
2030,sc01,11-18 12:00:00+01:00,Biomass 40,0.0
2030,sc01,11-18 12:00:00+01:00,Biomass 49,0.0
2030,sc01,11-18 12:00:00+01:00,CC NG 16,0.0
2030,sc01,11-18 12:00:00+01:00,Biomass 48,0.0
2030,sc01,11-18 12:00:00+01:00,Hydro 28,0.0
2030,sc01,11-18 12:00:00+01:00,Biomass 17,0.0
2030,sc01,11-18 12:00:00+01:00,CT NG 33,0.0
2030,sc01,11-18 12:00:00+01:00,Solar 45,0.0
2030,sc01,11-18 12:00:00+01:00,Hydro 24,0.0
2030,sc01,11-18 12:00:00+01:00,Wind 13,3.9468346665
2030,sc01,11-18 12:00:00+01:00,Biomass 07,0.0
2030,sc01,11-18 12:00:00+01:00,Biomass 34,0.0
2030,sc01,11-18 12:00:00+01:00,Biomass 33,0.0
2030,sc01,11-18 12:00:00+01:00,CT NG 01,0.0
2030,sc01,11-18 12:00:00+01:00,ICE NG 03,0.0
2030,sc01,11-18 12:00:00+01:00,Solar 55,0.0
2030,sc01,11-18 12:00:00+01:00,Solar 11,0.277062675912
2030,sc01,11-18 12:00:00+01:00,CT NG 06,0.0
2030,sc01,11-18 12:00:00+01:00,CT NG 70,0.0
2030,sc01,11-18 12:00:00+01:00,Solar 23,0.041024988840000005
2030,sc01,11-18 12:00:00+01:00,CT NG 67,0.0
2030,sc01,11-18 12:00:00+01:00,Solar 12,0.21447578196
2030,sc01,11-18 12:00:00+01:00,CT Oil 01,0.0
2030,sc01,11-18 12:00:00+01:00,Hydro 26,0.0
2030,sc01,11-18 12:00:00+01:00,CC NG 22,0.0
2030,sc01,11-18 12:00:00+01:00,CC NG 35,0.0
2030,sc01,11-18 12:00:00+01:00,Biomass 50,0.0
2030,sc01,11-18 12:00:00+01:00,ICE NG 04,0.0
2030,sc01,11-18 12:00:00+01:00,CC NG 39,0.0
2030,sc01,11-18 12:00:00+01:00,Hydro 32,0.00426888
2030,sc01,11-18 12:00:00+01:00,ICE NG 07,0.0
2030,sc01,11-18 12:00:00+01:00,Biomass 46,0.0
2030,sc01,11-18 12:00:00+01:00,CC NG 38,0.0
2030,sc01,11-18 12:00:00+01:00,CC NG 12,0.0
2030,sc01,11-18 12:00:00+01:00,Solar 57,0.0
2030,sc01,11-18 12:00:00+01:00,CC NG 32,0.0
2030,sc01,11-18 12:00:00+01:00,CC NG 07,0.0
2030,sc01,11-18 12:00:00+01:00,Biomass 44,0.0
2030,sc01,11-18 12:00:00+01:00,CT NG 40,0.0
2030,sc01,11-18 12:00:00+01:00,Solar 74,0.0
2030,sc01,11-18 12:00:00+01:00,Hydro 30,0.0
2030,sc01,11-18 12:00:00+01:00,CT NG 42,0.0
2030,sc01,11-18 12:00:00+01:00,Hydro 22,0.6300924300000001
2030,sc01,11-18 12:00:00+01:00,Solar 17,0.42067272258
2030,sc01,11-18 12:00:00+01:00,Solar 38,0.0
2030,sc01,11-18 12:00:00+01:00,CT NG 24,0.0
2030,sc01,11-18 12:00:00+01:00,CC NG 27,0.0
2030,sc01,11-18 12:00:00+01:00,Biomass 21,0.0
2030,sc01,11-18 12:00:00+01:00,ICE NG 06,0.0
2030,sc01,11-18 12:00:00+01:00,Biomass 25,0.0
2030,sc01,11-18 12:00:00+01:00,Solar 27,0.141806031312
2030,sc01,11-18 12:00:00+01:00,CT NG 19,0.0
2030,sc01,11-18 12:00:00+01:00,Biomass 42,0.0
2030,sc01,11-18 12:00:00+01:00,Biomass 19,0.0
2030,sc01,11-18 12:00:00+01:00,Biomass 06,0.0
2030,sc01,11-18 12:00:00+01:00,CT NG 10,0.0
2030,sc01,11-18 12:00:00+01:00,CC NG 40,0.0
2030,sc01,11-18 12:00:00+01:00,CC NG 21,0.0
2030,sc01,11-18 12:00:00+01:00,Biomass 02,0.0
2030,sc01,11-18 12:00:00+01:00,CT NG 46,0.0
2030,sc01,11-18 12:00:00+01:00,Hydro 34,0.0
2030,sc01,11-18 12:00:00+01:00,Biomass 10,0.0
2030,sc01,11-18 12:00:00+01:00,CT NG 17,0.0
2030,sc01,11-18 12:00:00+01:00,Biomass 62,0.0
2030,sc01,11-18 12:00:00+01:00,Biomass 32,0.0
2030,sc01,11-18 12:00:00+01:00,CC NG 19,0.0
2030,sc01,11-18 12:00:00+01:00,CC NG 17,0.0
2030,sc01,11-18 12:00:00+01:00,ST NG 01,0.0
2030,sc01,11-18 12:00:00+01:00,Biomass 45,0.0
2030,sc01,11-18 12:00:00+01:00,Biomass 28,0.0
2030,sc01,11-18 12:00:00+01:00,CC NG 10,0.0
2030,sc01,11-18 12:00:00+01:00,Biomass 23,0.0
2030,sc01,11-18 12:00:00+01:00,ST NG 06,0.0
2030,sc01,11-18 12:00:00+01:00,Wind 10,0.5676467408699999
2030,sc01,11-18 12:00:00+01:00,CT NG 69,0.0
2030,sc01,11-18 12:00:00+01:00,CT NG 68,0.0
2030,sc01,11-20 06:00:00+01:00,CC NG 13,0.0
2030,sc01,11-20 06:00:00+01:00,CT NG 37,0.0
2030,sc01,11-20 06:00:00+01:00,ST Coal 01,0.0
2030,sc01,11-20 06:00:00+01:00,CT NG 09,0.0
2030,sc01,11-20 06:00:00+01:00,CT NG 47,0.0
2030,sc01,11-20 06:00:00+01:00,Solar 69,5.3698848055
2030,sc01,11-20 06:00:00+01:00,Solar 34,0.62713904983
2030,sc01,11-20 06:00:00+01:00,Solar 73,0.0
2030,sc01,11-20 06:00:00+01:00,Biomass 37,0.0
2030,sc01,11-20 06:00:00+01:00,Hydro 20,0.0
2030,sc01,11-20 06:00:00+01:00,Solar 01,0.0
2030,sc01,11-20 06:00:00+01:00,Solar 62,0.0
2030,sc01,11-20 06:00:00+01:00,Solar 02,0.0
2030,sc01,11-20 06:00:00+01:00,CT NG 26,0.0
2030,sc01,11-20 06:00:00+01:00,Biomass 20,0.0
2030,sc01,11-20 06:00:00+01:00,Wind 16,0.0
2030,sc01,11-20 06:00:00+01:00,CT NG 66,0.0
2030,sc01,11-20 06:00:00+01:00,Solar 39,0.0
2030,sc01,11-20 06:00:00+01:00,Biomass 41,0.0
2030,sc01,11-20 06:00:00+01:00,Solar 72,0.019622104720000002
2030,sc01,11-20 06:00:00+01:00,ST NG 03,0.0
2030,sc01,11-20 06:00:00+01:00,Hydro 21,0.57367887
2030,sc01,11-20 06:00:00+01:00,CT NG 03,0.0
2030,sc01,11-20 06:00:00+01:00,CC NG 09,0.0
2030,sc01,11-20 06:00:00+01:00,CT Oil 02,0.0
2030,sc01,11-20 06:00:00+01:00,CT NG 39,0.0
2030,sc01,11-20 06:00:00+01:00,CC NG 08,0.0
2030,sc01,11-20 06:00:00+01:00,Biomass 43,0.0
2030,sc01,11-20 06:00:00+01:00,CT NG 18,0.0
2030,sc01,11-20 06:00:00+01:00,ST NG 07,0.0
2030,sc01,11-20 06:00:00+01:00,Biomass 35,0.0
2030,sc01,11-20 06:00:00+01:00,Solar 32,0.5089857679400001
2030,sc01,11-20 06:00:00+01:00,Biomass 15,0.0
2030,sc01,11-20 06:00:00+01:00,CC NG 31,0.0
2030,sc01,11-20 06:00:00+01:00,Solar 16,0.0
2030,sc01,11-20 06:00:00+01:00,Solar 68,0.0
2030,sc01,11-20 06:00:00+01:00,CT NG 21,0.0
2030,sc01,11-20 06:00:00+01:00,Wind 11,0.0
2030,sc01,11-20 06:00:00+01:00,CC NG 37,0.0
2030,sc01,11-20 06:00:00+01:00,CT NG 22,0.0
2030,sc01,11-20 06:00:00+01:00,Hydro 16,0.0
2030,sc01,11-20 06:00:00+01:00,Biomass 59,0.0
2030,sc01,11-20 06:00:00+01:00,CC NG 01,0.0
2030,sc01,11-20 06:00:00+01:00,Biomass 16,0.0
2030,sc01,11-20 06:00:00+01:00,Solar 03,0.0
2030,sc01,11-20 06:00:00+01:00,Solar 44,0.0
2030,sc01,11-20 06:00:00+01:00,CT NG 08,0.0
2030,sc01,11-20 06:00:00+01:00,Wind 05,0.200726169568
2030,sc01,11-20 06:00:00+01:00,Biomass 26,0.0
2030,sc01,11-20 06:00:00+01:00,Solar 37,0.0
2030,sc01,11-20 06:00:00+01:00,Biomass 11,0.0
2030,sc01,11-20 06:00:00+01:00,Solar 59,0.0
2030,sc01,11-20 06:00:00+01:00,CT NG 11,0.0
2030,sc01,11-20 06:00:00+01:00,Biomass 30,0.0
2030,sc01,11-20 06:00:00+01:00,Hydro 23,0.0
2030,sc01,11-20 06:00:00+01:00,CC NG 24,0.0
2030,sc01,11-20 06:00:00+01:00,Solar 65,0.0
2030,sc01,11-20 06:00:00+01:00,CC NG 18,0.0
2030,sc01,11-20 06:00:00+01:00,CT NG 16,0.0
2030,sc01,11-20 06:00:00+01:00,Solar 51,0.0
2030,sc01,11-20 06:00:00+01:00,Wind 06,0.0
2030,sc01,11-20 06:00:00+01:00,CC NG 26,0.0
2030,sc01,11-20 06:00:00+01:00,CC NG 23,0.0
2030,sc01,11-20 06:00:00+01:00,CT NG 43,0.0
2030,sc01,11-20 06:00:00+01:00,CC NG 11,0.0
2030,sc01,11-20 06:00:00+01:00,CT NG 02,0.0
2030,sc01,11-20 06:00:00+01:00,CT NG 50,0.0
2030,sc01,11-20 06:00:00+01:00,Hydro 27,0.0
2030,sc01,11-20 06:00:00+01:00,CT NG 13,0.0
2030,sc01,11-20 06:00:00+01:00,CT NG 25,0.0
2030,sc01,11-20 06:00:00+01:00,CC NG 05,0.0
2030,sc01,11-20 06:00:00+01:00,Solar 04,0.0
2030,sc01,11-20 06:00:00+01:00,Solar 30,0.0
2030,sc01,11-20 06:00:00+01:00,Solar 29,0.0
2030,sc01,11-20 06:00:00+01:00,Solar 53,0.0
2030,sc01,11-20 06:00:00+01:00,Solar 21,0.0
2030,sc01,11-20 06:00:00+01:00,Biomass 58,0.0
2030,sc01,11-20 06:00:00+01:00,CT NG 74,0.0
2030,sc01,11-20 06:00:00+01:00,Solar 61,0.0
2030,sc01,11-20 06:00:00+01:00,Wind 07,0.0
2030,sc01,11-20 06:00:00+01:00,Biomass 31,0.0
2030,sc01,11-20 06:00:00+01:00,CT Oil 05,0.0
2030,sc01,11-20 06:00:00+01:00,Biomass 38,0.0
2030,sc01,11-20 06:00:00+01:00,Solar 41,0.0
2030,sc01,11-20 06:00:00+01:00,Biomass 51,0.0
2030,sc01,11-20 06:00:00+01:00,Biomass 55,0.0
2030,sc01,11-20 06:00:00+01:00,Wind 15,0.0
2030,sc01,11-20 06:00:00+01:00,Geo 01,0.0
2030,sc01,11-20 06:00:00+01:00,Biomass 60,0.0
2030,sc01,11-20 06:00:00+01:00,CT NG 38,0.0
2030,sc01,11-20 06:00:00+01:00,Solar 66,0.0
2030,sc01,11-20 06:00:00+01:00,Solar 49,0.0
2030,sc01,11-20 06:00:00+01:00,CT NG 51,0.0
2030,sc01,11-20 06:00:00+01:00,Biomass 18,0.0
2030,sc01,11-20 06:00:00+01:00,ICE NG 01,0.0
2030,sc01,11-20 06:00:00+01:00,Solar 15,0.0
2030,sc01,11-20 06:00:00+01:00,ICE NG 05,0.0
2030,sc01,11-20 06:00:00+01:00,CT Oil 04,0.0
2030,sc01,11-20 06:00:00+01:00,CC NG 20,0.0
2030,sc01,11-20 06:00:00+01:00,Solar 20,0.0
2030,sc01,11-20 06:00:00+01:00,Biomass 04,0.0
2030,sc01,11-20 06:00:00+01:00,Wind 02,4.5207966376
2030,sc01,11-20 06:00:00+01:00,Hydro 25,0.33078240000000003
2030,sc01,11-20 06:00:00+01:00,Solar 75,0.0
2030,sc01,11-20 06:00:00+01:00,Hydro 33,0.0
2030,sc01,11-20 06:00:00+01:00,ST NG 05,0.0
2030,sc01,11-20 06:00:00+01:00,CT NG 07,0.0
2030,sc01,11-20 06:00:00+01:00,Wind 01,1.03843523666
2030,sc01,11-20 06:00:00+01:00,Solar 56,0.0
2030,sc01,11-20 06:00:00+01:00,Biomass 09,0.0
2030,sc01,11-20 06:00:00+01:00,Biomass 53,0.0
2030,sc01,11-20 06:00:00+01:00,Wind 17,0.0
2030,sc01,11-20 06:00:00+01:00,ST NG 08,0.0
2030,sc01,11-20 06:00:00+01:00,Hydro 19,0.0837155
2030,sc01,11-20 06:00:00+01:00,ST NG 02,0.0
2030,sc01,11-20 06:00:00+01:00,Biomass 01,0.0
2030,sc01,11-20 06:00:00+01:00,Biomass 57,0.0
2030,sc01,11-20 06:00:00+01:00,CT NG 49,0.0
2030,sc01,11-20 06:00:00+01:00,CT NG 31,0.0
2030,sc01,11-20 06:00:00+01:00,Solar 64,0.0
2030,sc01,11-20 06:00:00+01:00,CC NG 33,0.0
2030,sc01,11-20 06:00:00+01:00,Solar 46,0.0
2030,sc01,11-20 06:00:00+01:00,Biomass 12,0.0
2030,sc01,11-20 06:00:00+01:00,Wind 04,0.61571387862
2030,sc01,11-20 06:00:00+01:00,Solar 13,0.0
2030,sc01,11-20 06:00:00+01:00,CT NG 55,0.0
2030,sc01,11-20 06:00:00+01:00,Wind N03,113.28695727921477
2030,sc01,11-20 06:00:00+01:00,CT NG 28,0.0
2030,sc01,11-20 06:00:00+01:00,Wind 09,0.0
2030,sc01,11-20 06:00:00+01:00,Solar 60,0.0
2030,sc01,11-20 06:00:00+01:00,Solar 25,0.0
2030,sc01,11-20 06:00:00+01:00,CT NG 23,0.0
2030,sc01,11-20 06:00:00+01:00,ST Other 01,0.0
2030,sc01,11-20 06:00:00+01:00,Solar 70,0.0
2030,sc01,11-20 06:00:00+01:00,CC NG 34,0.0
2030,sc01,11-20 06:00:00+01:00,Solar 48,0.0
2030,sc01,11-20 06:00:00+01:00,Biomass 56,0.0
2030,sc01,11-20 06:00:00+01:00,CT NG 36,0.0
2030,sc01,11-20 06:00:00+01:00,Solar 47,0.0
2030,sc01,11-20 06:00:00+01:00,Hydro 17,0.0
2030,sc01,11-20 06:00:00+01:00,Solar 09,0.0
2030,sc01,11-20 06:00:00+01:00,Solar 08,0.0
2030,sc01,11-20 06:00:00+01:00,CT NG 45,0.0
2030,sc01,11-20 06:00:00+01:00,ST NG 04,0.0
2030,sc01,11-20 06:00:00+01:00,Solar 40,0.0
2030,sc01,11-20 06:00:00+01:00,Biomass 47,0.0
2030,sc01,11-20 06:00:00+01:00,Solar 50,0.0
2030,sc01,11-20 06:00:00+01:00,Solar 52,0.0
2030,sc01,11-20 06:00:00+01:00,Solar 63,0.0
2030,sc01,11-20 06:00:00+01:00,CC NG 06,0.0
2030,sc01,11-20 06:00:00+01:00,Biomass 39,0.0
2030,sc01,11-20 06:00:00+01:00,Solar 67,0.0
2030,sc01,11-20 06:00:00+01:00,Solar 19,0.0
2030,sc01,11-20 06:00:00+01:00,Wind 12,8.460611481
2030,sc01,11-20 06:00:00+01:00,Solar 24,0.0
2030,sc01,11-20 06:00:00+01:00,ICE NG 02,0.0
2030,sc01,11-20 06:00:00+01:00,Solar 05,0.0
2030,sc01,11-20 06:00:00+01:00,CT NG 54,0.0
2030,sc01,11-20 06:00:00+01:00,Wind N01,80.267339682
2030,sc01,11-20 06:00:00+01:00,CT NG 27,0.0
2030,sc01,11-20 06:00:00+01:00,CC NG 36,0.0
2030,sc01,11-20 06:00:00+01:00,Wind N02,2.650396673842279
2030,sc01,11-20 06:00:00+01:00,CT NG 52,0.0
2030,sc01,11-20 06:00:00+01:00,Solar 35,0.09513542508
2030,sc01,11-20 06:00:00+01:00,CT NG 05,0.0
2030,sc01,11-20 06:00:00+01:00,Biomass 36,0.0
2030,sc01,11-20 06:00:00+01:00,CT NG 34,0.0
2030,sc01,11-20 06:00:00+01:00,CT Oil 03,0.0
2030,sc01,11-20 06:00:00+01:00,Hydro 35,0.0
2030,sc01,11-20 06:00:00+01:00,Solar 14,0.0
2030,sc01,11-20 06:00:00+01:00,CT NG 75,0.0
2030,sc01,11-20 06:00:00+01:00,ST NG 09,0.0
2030,sc01,11-20 06:00:00+01:00,CT NG 56,0.0
2030,sc01,11-20 06:00:00+01:00,Biomass 22,0.0
2030,sc01,11-20 06:00:00+01:00,Solar 18,0.0
2030,sc01,11-20 06:00:00+01:00,Biomass 13,0.0
2030,sc01,11-20 06:00:00+01:00,CT NG 71,0.0
2030,sc01,11-20 06:00:00+01:00,Solar 58,0.0
2030,sc01,11-20 06:00:00+01:00,Solar 06,0.0
2030,sc01,11-20 06:00:00+01:00,Biomass 08,0.0
2030,sc01,11-20 06:00:00+01:00,CT NG 72,0.0
2030,sc01,11-20 06:00:00+01:00,Hydro 18,0.0
2030,sc01,11-20 06:00:00+01:00,Solar 10,0.0
2030,sc01,11-20 06:00:00+01:00,CT NG 04,0.0
2030,sc01,11-20 06:00:00+01:00,ST Other 02,0.0
2030,sc01,11-20 06:00:00+01:00,CT NG 12,0.0
2030,sc01,11-20 06:00:00+01:00,CT NG 48,0.0
2030,sc01,11-20 06:00:00+01:00,ST NG 10,0.0
2030,sc01,11-20 06:00:00+01:00,Solar 22,0.0
2030,sc01,11-20 06:00:00+01:00,Solar 28,0.0
2030,sc01,11-20 06:00:00+01:00,CT NG 73,0.0
2030,sc01,11-20 06:00:00+01:00,Biomass 52,0.0
2030,sc01,11-20 06:00:00+01:00,CT NG 30,0.0
2030,sc01,11-20 06:00:00+01:00,Solar 54,0.0
2030,sc01,11-20 06:00:00+01:00,Solar 31,1.0526640584100002
2030,sc01,11-20 06:00:00+01:00,Biomass 03,0.0
2030,sc01,11-20 06:00:00+01:00,CT NG 32,0.0
2030,sc01,11-20 06:00:00+01:00,Biomass 27,0.0
2030,sc01,11-20 06:00:00+01:00,CC NG 14,0.0
2030,sc01,11-20 06:00:00+01:00,CC NG 03,0.0
2030,sc01,11-20 06:00:00+01:00,CC NG 29,0.0
2030,sc01,11-20 06:00:00+01:00,CC NG 28,0.0
2030,sc01,11-20 06:00:00+01:00,CC NG 25,0.0
2030,sc01,11-20 06:00:00+01:00,CT NG 44,0.0
2030,sc01,11-20 06:00:00+01:00,CT NG 14,0.0
2030,sc01,11-20 06:00:00+01:00,CC NG 15,0.0
2030,sc01,11-20 06:00:00+01:00,CC NG 04,0.0
2030,sc01,11-20 06:00:00+01:00,Biomass 29,0.0
2030,sc01,11-20 06:00:00+01:00,Wind 14,60.27306161
2030,sc01,11-20 06:00:00+01:00,Wind 08,0.0
2030,sc01,11-20 06:00:00+01:00,Biomass 61,0.0
2030,sc01,11-20 06:00:00+01:00,CT NG 35,0.0
2030,sc01,11-20 06:00:00+01:00,Solar 33,0.8347252739400001
2030,sc01,11-20 06:00:00+01:00,CT NG 41,0.0
2030,sc01,11-20 06:00:00+01:00,CT NG 15,0.0
2030,sc01,11-20 06:00:00+01:00,Solar 42,0.0
2030,sc01,11-20 06:00:00+01:00,Solar 07,0.0
2030,sc01,11-20 06:00:00+01:00,Solar 43,0.0
2030,sc01,11-20 06:00:00+01:00,Biomass 05,0.0
2030,sc01,11-20 06:00:00+01:00,CT NG 29,0.0
2030,sc01,11-20 06:00:00+01:00,Solar 71,0.04249661908
2030,sc01,11-20 06:00:00+01:00,CT NG 53,0.0
2030,sc01,11-20 06:00:00+01:00,CT NG 20,0.0
2030,sc01,11-20 06:00:00+01:00,Biomass 14,0.0
2030,sc01,11-20 06:00:00+01:00,Solar 26,0.0
2030,sc01,11-20 06:00:00+01:00,Hydro 29,0.0
2030,sc01,11-20 06:00:00+01:00,Hydro 31,0.0
2030,sc01,11-20 06:00:00+01:00,Biomass 24,0.0
2030,sc01,11-20 06:00:00+01:00,Biomass 54,0.0
2030,sc01,11-20 06:00:00+01:00,Solar 36,0.18170999903200002
2030,sc01,11-20 06:00:00+01:00,Wind 03,1.2924128857500001
2030,sc01,11-20 06:00:00+01:00,Biomass 40,0.0
2030,sc01,11-20 06:00:00+01:00,Biomass 49,0.0
2030,sc01,11-20 06:00:00+01:00,CC NG 16,0.0
2030,sc01,11-20 06:00:00+01:00,Biomass 48,0.0
2030,sc01,11-20 06:00:00+01:00,Hydro 28,0.0
2030,sc01,11-20 06:00:00+01:00,Biomass 17,0.0
2030,sc01,11-20 06:00:00+01:00,CT NG 33,0.0
2030,sc01,11-20 06:00:00+01:00,Solar 45,0.0
2030,sc01,11-20 06:00:00+01:00,Hydro 24,0.0
2030,sc01,11-20 06:00:00+01:00,Wind 13,3.317457374
2030,sc01,11-20 06:00:00+01:00,Biomass 07,0.0
2030,sc01,11-20 06:00:00+01:00,Biomass 34,0.0
2030,sc01,11-20 06:00:00+01:00,Biomass 33,0.0
2030,sc01,11-20 06:00:00+01:00,CT NG 01,0.0
2030,sc01,11-20 06:00:00+01:00,ICE NG 03,0.0
2030,sc01,11-20 06:00:00+01:00,Solar 55,0.0
2030,sc01,11-20 06:00:00+01:00,Solar 11,0.0
2030,sc01,11-20 06:00:00+01:00,CT NG 06,0.0
2030,sc01,11-20 06:00:00+01:00,CT NG 70,0.0
2030,sc01,11-20 06:00:00+01:00,Solar 23,0.0
2030,sc01,11-20 06:00:00+01:00,CT NG 67,0.0
2030,sc01,11-20 06:00:00+01:00,Solar 12,0.0
2030,sc01,11-20 06:00:00+01:00,CT Oil 01,0.0
2030,sc01,11-20 06:00:00+01:00,Hydro 26,0.33078240000000003
2030,sc01,11-20 06:00:00+01:00,CC NG 22,0.0
2030,sc01,11-20 06:00:00+01:00,CC NG 35,0.0
2030,sc01,11-20 06:00:00+01:00,Biomass 50,0.0
2030,sc01,11-20 06:00:00+01:00,ICE NG 04,0.0
2030,sc01,11-20 06:00:00+01:00,CC NG 39,0.0
2030,sc01,11-20 06:00:00+01:00,Hydro 32,0.0
2030,sc01,11-20 06:00:00+01:00,ICE NG 07,0.0
2030,sc01,11-20 06:00:00+01:00,Biomass 46,0.0
2030,sc01,11-20 06:00:00+01:00,CC NG 38,0.0
2030,sc01,11-20 06:00:00+01:00,CC NG 12,0.0
2030,sc01,11-20 06:00:00+01:00,Solar 57,0.0
2030,sc01,11-20 06:00:00+01:00,CC NG 32,0.0
2030,sc01,11-20 06:00:00+01:00,CC NG 07,0.0
2030,sc01,11-20 06:00:00+01:00,Biomass 44,0.0
2030,sc01,11-20 06:00:00+01:00,CT NG 40,0.0
2030,sc01,11-20 06:00:00+01:00,Solar 74,0.0
2030,sc01,11-20 06:00:00+01:00,Hydro 30,0.0
2030,sc01,11-20 06:00:00+01:00,CT NG 42,0.0
2030,sc01,11-20 06:00:00+01:00,Hydro 22,0.57367887
2030,sc01,11-20 06:00:00+01:00,Solar 17,0.0
2030,sc01,11-20 06:00:00+01:00,Solar 38,0.0
2030,sc01,11-20 06:00:00+01:00,CT NG 24,0.0
2030,sc01,11-20 06:00:00+01:00,CC NG 27,0.0
2030,sc01,11-20 06:00:00+01:00,Biomass 21,0.0
2030,sc01,11-20 06:00:00+01:00,ICE NG 06,0.0
2030,sc01,11-20 06:00:00+01:00,Biomass 25,0.0
2030,sc01,11-20 06:00:00+01:00,Solar 27,0.0
2030,sc01,11-20 06:00:00+01:00,CT NG 19,0.0
2030,sc01,11-20 06:00:00+01:00,Biomass 42,0.0
2030,sc01,11-20 06:00:00+01:00,Biomass 19,0.0
2030,sc01,11-20 06:00:00+01:00,Biomass 06,0.0
2030,sc01,11-20 06:00:00+01:00,CT NG 10,0.0
2030,sc01,11-20 06:00:00+01:00,CC NG 40,0.0
2030,sc01,11-20 06:00:00+01:00,CC NG 21,0.0
2030,sc01,11-20 06:00:00+01:00,Biomass 02,0.0
2030,sc01,11-20 06:00:00+01:00,CT NG 46,0.0
2030,sc01,11-20 06:00:00+01:00,Hydro 34,0.0
2030,sc01,11-20 06:00:00+01:00,Biomass 10,0.0
2030,sc01,11-20 06:00:00+01:00,CT NG 17,0.0
2030,sc01,11-20 06:00:00+01:00,Biomass 62,0.0
2030,sc01,11-20 06:00:00+01:00,Biomass 32,0.0
2030,sc01,11-20 06:00:00+01:00,CC NG 19,0.0
2030,sc01,11-20 06:00:00+01:00,CC NG 17,0.0
2030,sc01,11-20 06:00:00+01:00,ST NG 01,0.0
2030,sc01,11-20 06:00:00+01:00,Biomass 45,0.0
2030,sc01,11-20 06:00:00+01:00,Biomass 28,0.0
2030,sc01,11-20 06:00:00+01:00,CC NG 10,0.0
2030,sc01,11-20 06:00:00+01:00,Biomass 23,0.0
2030,sc01,11-20 06:00:00+01:00,ST NG 06,0.0
2030,sc01,11-20 06:00:00+01:00,Wind 10,0.0
2030,sc01,11-20 06:00:00+01:00,CT NG 69,0.0
2030,sc01,11-20 06:00:00+01:00,CT NG 68,0.0
2030,sc01,11-20 11:00:00+01:00,CC NG 13,0.0
2030,sc01,11-20 11:00:00+01:00,CT NG 37,0.0
2030,sc01,11-20 11:00:00+01:00,ST Coal 01,0.0
2030,sc01,11-20 11:00:00+01:00,CT NG 09,0.0
2030,sc01,11-20 11:00:00+01:00,CT NG 47,0.0
2030,sc01,11-20 11:00:00+01:00,Solar 69,0.0
2030,sc01,11-20 11:00:00+01:00,Solar 34,23.30114361
2030,sc01,11-20 11:00:00+01:00,Solar 73,0.0
2030,sc01,11-20 11:00:00+01:00,Biomass 37,0.0
2030,sc01,11-20 11:00:00+01:00,Hydro 20,0.0
2030,sc01,11-20 11:00:00+01:00,Solar 01,0.0
2030,sc01,11-20 11:00:00+01:00,Solar 62,0.0
2030,sc01,11-20 11:00:00+01:00,Solar 02,0.0
2030,sc01,11-20 11:00:00+01:00,CT NG 26,0.0
2030,sc01,11-20 11:00:00+01:00,Biomass 20,0.0
2030,sc01,11-20 11:00:00+01:00,Wind 16,14.898623529896609
2030,sc01,11-20 11:00:00+01:00,CT NG 66,0.0
2030,sc01,11-20 11:00:00+01:00,Solar 39,0.0
2030,sc01,11-20 11:00:00+01:00,Biomass 41,0.0
2030,sc01,11-20 11:00:00+01:00,Solar 72,0.0
2030,sc01,11-20 11:00:00+01:00,ST NG 03,0.0
2030,sc01,11-20 11:00:00+01:00,Hydro 21,0.5549580000000001
2030,sc01,11-20 11:00:00+01:00,CT NG 03,0.0
2030,sc01,11-20 11:00:00+01:00,CC NG 09,0.0
2030,sc01,11-20 11:00:00+01:00,CT Oil 02,0.0
2030,sc01,11-20 11:00:00+01:00,CT NG 39,0.0
2030,sc01,11-20 11:00:00+01:00,CC NG 08,0.0
2030,sc01,11-20 11:00:00+01:00,Biomass 43,0.0
2030,sc01,11-20 11:00:00+01:00,CT NG 18,0.0
2030,sc01,11-20 11:00:00+01:00,ST NG 07,0.0
2030,sc01,11-20 11:00:00+01:00,Biomass 35,0.0
2030,sc01,11-20 11:00:00+01:00,Solar 32,0.0
2030,sc01,11-20 11:00:00+01:00,Biomass 15,0.0
2030,sc01,11-20 11:00:00+01:00,CC NG 31,0.0
2030,sc01,11-20 11:00:00+01:00,Solar 16,1.1806167579
2030,sc01,11-20 11:00:00+01:00,Solar 68,10.898171579350697
2030,sc01,11-20 11:00:00+01:00,CT NG 21,0.0
2030,sc01,11-20 11:00:00+01:00,Wind 11,0.0
2030,sc01,11-20 11:00:00+01:00,CC NG 37,0.0
2030,sc01,11-20 11:00:00+01:00,CT NG 22,0.0
2030,sc01,11-20 11:00:00+01:00,Hydro 16,0.0
2030,sc01,11-20 11:00:00+01:00,Biomass 59,0.0
2030,sc01,11-20 11:00:00+01:00,CC NG 01,0.0
2030,sc01,11-20 11:00:00+01:00,Biomass 16,0.0
2030,sc01,11-20 11:00:00+01:00,Solar 03,0.0
2030,sc01,11-20 11:00:00+01:00,Solar 44,0.0
2030,sc01,11-20 11:00:00+01:00,CT NG 08,0.0
2030,sc01,11-20 11:00:00+01:00,Wind 05,0.13496804976
2030,sc01,11-20 11:00:00+01:00,Biomass 26,0.0
2030,sc01,11-20 11:00:00+01:00,Solar 37,0.0
2030,sc01,11-20 11:00:00+01:00,Biomass 11,0.0
2030,sc01,11-20 11:00:00+01:00,Solar 59,0.0
2030,sc01,11-20 11:00:00+01:00,CT NG 11,0.0
2030,sc01,11-20 11:00:00+01:00,Biomass 30,0.0
2030,sc01,11-20 11:00:00+01:00,Hydro 23,0.0
2030,sc01,11-20 11:00:00+01:00,CC NG 24,0.0
2030,sc01,11-20 11:00:00+01:00,Solar 65,0.0
2030,sc01,11-20 11:00:00+01:00,CC NG 18,0.0
2030,sc01,11-20 11:00:00+01:00,CT NG 16,0.0
2030,sc01,11-20 11:00:00+01:00,Solar 51,0.0
2030,sc01,11-20 11:00:00+01:00,Wind 06,0.0
2030,sc01,11-20 11:00:00+01:00,CC NG 26,0.0
2030,sc01,11-20 11:00:00+01:00,CC NG 23,0.0
2030,sc01,11-20 11:00:00+01:00,CT NG 43,0.0
2030,sc01,11-20 11:00:00+01:00,CC NG 11,0.0
2030,sc01,11-20 11:00:00+01:00,CT NG 02,0.0
2030,sc01,11-20 11:00:00+01:00,CT NG 50,0.0
2030,sc01,11-20 11:00:00+01:00,Hydro 27,0.0
2030,sc01,11-20 11:00:00+01:00,CT NG 13,0.0
2030,sc01,11-20 11:00:00+01:00,CT NG 25,0.0
2030,sc01,11-20 11:00:00+01:00,CC NG 05,0.0
2030,sc01,11-20 11:00:00+01:00,Solar 04,0.0
2030,sc01,11-20 11:00:00+01:00,Solar 30,1.08
2030,sc01,11-20 11:00:00+01:00,Solar 29,0.14765394648
2030,sc01,11-20 11:00:00+01:00,Solar 53,0.0
2030,sc01,11-20 11:00:00+01:00,Solar 21,1.593480435
2030,sc01,11-20 11:00:00+01:00,Biomass 58,0.0
2030,sc01,11-20 11:00:00+01:00,CT NG 74,0.0
2030,sc01,11-20 11:00:00+01:00,Solar 61,0.0
2030,sc01,11-20 11:00:00+01:00,Wind 07,0.0
2030,sc01,11-20 11:00:00+01:00,Biomass 31,0.0
2030,sc01,11-20 11:00:00+01:00,CT Oil 05,0.0
2030,sc01,11-20 11:00:00+01:00,Biomass 38,0.0
2030,sc01,11-20 11:00:00+01:00,Solar 41,0.0
2030,sc01,11-20 11:00:00+01:00,Biomass 51,0.0
2030,sc01,11-20 11:00:00+01:00,Biomass 55,0.0
2030,sc01,11-20 11:00:00+01:00,Wind 15,0.0
2030,sc01,11-20 11:00:00+01:00,Geo 01,0.0
2030,sc01,11-20 11:00:00+01:00,Biomass 60,0.0
2030,sc01,11-20 11:00:00+01:00,CT NG 38,0.0
2030,sc01,11-20 11:00:00+01:00,Solar 66,22.250167893
2030,sc01,11-20 11:00:00+01:00,Solar 49,0.0
2030,sc01,11-20 11:00:00+01:00,CT NG 51,0.0
2030,sc01,11-20 11:00:00+01:00,Biomass 18,0.0
2030,sc01,11-20 11:00:00+01:00,ICE NG 01,0.0
2030,sc01,11-20 11:00:00+01:00,Solar 15,0.9112970193
2030,sc01,11-20 11:00:00+01:00,ICE NG 05,0.0
2030,sc01,11-20 11:00:00+01:00,CT Oil 04,0.0
2030,sc01,11-20 11:00:00+01:00,CC NG 20,0.0
2030,sc01,11-20 11:00:00+01:00,Solar 20,0.5717309106
2030,sc01,11-20 11:00:00+01:00,Biomass 04,0.0
2030,sc01,11-20 11:00:00+01:00,Wind 02,3.700558908
2030,sc01,11-20 11:00:00+01:00,Hydro 25,0.324909
2030,sc01,11-20 11:00:00+01:00,Solar 75,0.0
2030,sc01,11-20 11:00:00+01:00,Hydro 33,0.0
2030,sc01,11-20 11:00:00+01:00,ST NG 05,0.0
2030,sc01,11-20 11:00:00+01:00,CT NG 07,0.0
2030,sc01,11-20 11:00:00+01:00,Wind 01,0.8840897265000001
2030,sc01,11-20 11:00:00+01:00,Solar 56,0.0
2030,sc01,11-20 11:00:00+01:00,Biomass 09,0.0
2030,sc01,11-20 11:00:00+01:00,Biomass 53,0.0
2030,sc01,11-20 11:00:00+01:00,Wind 17,23.834526066000002
2030,sc01,11-20 11:00:00+01:00,ST NG 08,0.0
2030,sc01,11-20 11:00:00+01:00,Hydro 19,0.0
2030,sc01,11-20 11:00:00+01:00,ST NG 02,0.0
2030,sc01,11-20 11:00:00+01:00,Biomass 01,0.0
2030,sc01,11-20 11:00:00+01:00,Biomass 57,0.0
2030,sc01,11-20 11:00:00+01:00,CT NG 49,0.0
2030,sc01,11-20 11:00:00+01:00,CT NG 31,0.0
2030,sc01,11-20 11:00:00+01:00,Solar 64,4.958153874000001
2030,sc01,11-20 11:00:00+01:00,CC NG 33,0.0
2030,sc01,11-20 11:00:00+01:00,Solar 46,0.0
2030,sc01,11-20 11:00:00+01:00,Biomass 12,0.0
2030,sc01,11-20 11:00:00+01:00,Wind 04,0.32499467550000005
2030,sc01,11-20 11:00:00+01:00,Solar 13,0.02287686192
2030,sc01,11-20 11:00:00+01:00,CT NG 55,0.0
2030,sc01,11-20 11:00:00+01:00,Wind N03,97.20947572761597
2030,sc01,11-20 11:00:00+01:00,CT NG 28,0.0
2030,sc01,11-20 11:00:00+01:00,Wind 09,0.0
2030,sc01,11-20 11:00:00+01:00,Solar 60,0.0
2030,sc01,11-20 11:00:00+01:00,Solar 25,0.16776004320000001
2030,sc01,11-20 11:00:00+01:00,CT NG 23,0.0
2030,sc01,11-20 11:00:00+01:00,ST Other 01,0.0
2030,sc01,11-20 11:00:00+01:00,Solar 70,5.807741277996547
2030,sc01,11-20 11:00:00+01:00,CC NG 34,0.0
2030,sc01,11-20 11:00:00+01:00,Solar 48,0.0
2030,sc01,11-20 11:00:00+01:00,Biomass 56,0.0
2030,sc01,11-20 11:00:00+01:00,CT NG 36,0.0
2030,sc01,11-20 11:00:00+01:00,Solar 47,0.0
2030,sc01,11-20 11:00:00+01:00,Hydro 17,0.0
2030,sc01,11-20 11:00:00+01:00,Solar 09,0.0
2030,sc01,11-20 11:00:00+01:00,Solar 08,0.0
2030,sc01,11-20 11:00:00+01:00,CT NG 45,0.0
2030,sc01,11-20 11:00:00+01:00,ST NG 04,0.0
2030,sc01,11-20 11:00:00+01:00,Solar 40,0.0
2030,sc01,11-20 11:00:00+01:00,Biomass 47,0.0
2030,sc01,11-20 11:00:00+01:00,Solar 50,0.0
2030,sc01,11-20 11:00:00+01:00,Solar 52,0.0
2030,sc01,11-20 11:00:00+01:00,Solar 63,0.0
2030,sc01,11-20 11:00:00+01:00,CC NG 06,0.0
2030,sc01,11-20 11:00:00+01:00,Biomass 39,0.0
2030,sc01,11-20 11:00:00+01:00,Solar 67,6.544582497639804
2030,sc01,11-20 11:00:00+01:00,Solar 19,0.008652132
2030,sc01,11-20 11:00:00+01:00,Wind 12,8.567158635
2030,sc01,11-20 11:00:00+01:00,Solar 24,0.12512413128000002
2030,sc01,11-20 11:00:00+01:00,ICE NG 02,0.0
2030,sc01,11-20 11:00:00+01:00,Solar 05,0.0
2030,sc01,11-20 11:00:00+01:00,CT NG 54,0.0
2030,sc01,11-20 11:00:00+01:00,Wind N01,81.27817167
2030,sc01,11-20 11:00:00+01:00,CT NG 27,0.0
2030,sc01,11-20 11:00:00+01:00,CC NG 36,0.0
2030,sc01,11-20 11:00:00+01:00,Wind N02,0.0
2030,sc01,11-20 11:00:00+01:00,CT NG 52,0.0
2030,sc01,11-20 11:00:00+01:00,Solar 35,0.0
2030,sc01,11-20 11:00:00+01:00,CT NG 05,0.0
2030,sc01,11-20 11:00:00+01:00,Biomass 36,0.0
2030,sc01,11-20 11:00:00+01:00,CT NG 34,0.0
2030,sc01,11-20 11:00:00+01:00,CT Oil 03,0.0
2030,sc01,11-20 11:00:00+01:00,Hydro 35,0.0
2030,sc01,11-20 11:00:00+01:00,Solar 14,1.0131570828000003
2030,sc01,11-20 11:00:00+01:00,CT NG 75,0.0
2030,sc01,11-20 11:00:00+01:00,ST NG 09,0.0
2030,sc01,11-20 11:00:00+01:00,CT NG 56,0.0
2030,sc01,11-20 11:00:00+01:00,Biomass 22,0.0
2030,sc01,11-20 11:00:00+01:00,Solar 18,1.0686406434
2030,sc01,11-20 11:00:00+01:00,Biomass 13,0.0
2030,sc01,11-20 11:00:00+01:00,CT NG 71,0.0
2030,sc01,11-20 11:00:00+01:00,Solar 58,0.0
2030,sc01,11-20 11:00:00+01:00,Solar 06,0.0
2030,sc01,11-20 11:00:00+01:00,Biomass 08,0.0
2030,sc01,11-20 11:00:00+01:00,CT NG 72,0.0
2030,sc01,11-20 11:00:00+01:00,Hydro 18,0.0
2030,sc01,11-20 11:00:00+01:00,Solar 10,0.5507123682
2030,sc01,11-20 11:00:00+01:00,CT NG 04,0.0
2030,sc01,11-20 11:00:00+01:00,ST Other 02,0.0
2030,sc01,11-20 11:00:00+01:00,CT NG 12,0.0
2030,sc01,11-20 11:00:00+01:00,CT NG 48,0.0
2030,sc01,11-20 11:00:00+01:00,ST NG 10,0.0
2030,sc01,11-20 11:00:00+01:00,Solar 22,0.15357605088
2030,sc01,11-20 11:00:00+01:00,Solar 28,0.137432682
2030,sc01,11-20 11:00:00+01:00,CT NG 73,0.0
2030,sc01,11-20 11:00:00+01:00,Biomass 52,0.0
2030,sc01,11-20 11:00:00+01:00,CT NG 30,0.0
2030,sc01,11-20 11:00:00+01:00,Solar 54,0.0
2030,sc01,11-20 11:00:00+01:00,Solar 31,0.0
2030,sc01,11-20 11:00:00+01:00,Biomass 03,0.0
2030,sc01,11-20 11:00:00+01:00,CT NG 32,0.0
2030,sc01,11-20 11:00:00+01:00,Biomass 27,0.0
2030,sc01,11-20 11:00:00+01:00,CC NG 14,0.0
2030,sc01,11-20 11:00:00+01:00,CC NG 03,0.0
2030,sc01,11-20 11:00:00+01:00,CC NG 29,0.0
2030,sc01,11-20 11:00:00+01:00,CC NG 28,0.0
2030,sc01,11-20 11:00:00+01:00,CC NG 25,0.0
2030,sc01,11-20 11:00:00+01:00,CT NG 44,0.0
2030,sc01,11-20 11:00:00+01:00,CT NG 14,0.0
2030,sc01,11-20 11:00:00+01:00,CC NG 15,0.0
2030,sc01,11-20 11:00:00+01:00,CC NG 04,0.0
2030,sc01,11-20 11:00:00+01:00,Biomass 29,0.0
2030,sc01,11-20 11:00:00+01:00,Wind 14,0.0
2030,sc01,11-20 11:00:00+01:00,Wind 08,0.0
2030,sc01,11-20 11:00:00+01:00,Biomass 61,0.0
2030,sc01,11-20 11:00:00+01:00,CT NG 35,0.0
2030,sc01,11-20 11:00:00+01:00,Solar 33,0.0
2030,sc01,11-20 11:00:00+01:00,CT NG 41,0.0
2030,sc01,11-20 11:00:00+01:00,CT NG 15,0.0
2030,sc01,11-20 11:00:00+01:00,Solar 42,0.0
2030,sc01,11-20 11:00:00+01:00,Solar 07,0.0
2030,sc01,11-20 11:00:00+01:00,Solar 43,0.0
2030,sc01,11-20 11:00:00+01:00,Biomass 05,0.0
2030,sc01,11-20 11:00:00+01:00,CT NG 29,0.0
2030,sc01,11-20 11:00:00+01:00,Solar 71,0.0
2030,sc01,11-20 11:00:00+01:00,CT NG 53,0.0
2030,sc01,11-20 11:00:00+01:00,CT NG 20,0.0
2030,sc01,11-20 11:00:00+01:00,Biomass 14,0.0
2030,sc01,11-20 11:00:00+01:00,Solar 26,0.15535751352
2030,sc01,11-20 11:00:00+01:00,Hydro 29,0.0
2030,sc01,11-20 11:00:00+01:00,Hydro 31,0.0
2030,sc01,11-20 11:00:00+01:00,Biomass 24,0.0
2030,sc01,11-20 11:00:00+01:00,Biomass 54,0.0
2030,sc01,11-20 11:00:00+01:00,Solar 36,8.755928016000002
2030,sc01,11-20 11:00:00+01:00,Wind 03,0.7053055842
2030,sc01,11-20 11:00:00+01:00,Biomass 40,0.0
2030,sc01,11-20 11:00:00+01:00,Biomass 49,0.0
2030,sc01,11-20 11:00:00+01:00,CC NG 16,0.0
2030,sc01,11-20 11:00:00+01:00,Biomass 48,0.0
2030,sc01,11-20 11:00:00+01:00,Hydro 28,0.0
2030,sc01,11-20 11:00:00+01:00,Biomass 17,0.0
2030,sc01,11-20 11:00:00+01:00,CT NG 33,0.0
2030,sc01,11-20 11:00:00+01:00,Solar 45,0.0
2030,sc01,11-20 11:00:00+01:00,Hydro 24,0.0
2030,sc01,11-20 11:00:00+01:00,Wind 13,3.5687511659999998
2030,sc01,11-20 11:00:00+01:00,Biomass 07,0.0
2030,sc01,11-20 11:00:00+01:00,Biomass 34,0.0
2030,sc01,11-20 11:00:00+01:00,Biomass 33,0.0
2030,sc01,11-20 11:00:00+01:00,CT NG 01,0.0
2030,sc01,11-20 11:00:00+01:00,ICE NG 03,0.0
2030,sc01,11-20 11:00:00+01:00,Solar 55,0.0
2030,sc01,11-20 11:00:00+01:00,Solar 11,0.17161448544
2030,sc01,11-20 11:00:00+01:00,CT NG 06,0.0
2030,sc01,11-20 11:00:00+01:00,CT NG 70,0.0
2030,sc01,11-20 11:00:00+01:00,Solar 23,0.025411154160000005
2030,sc01,11-20 11:00:00+01:00,CT NG 67,0.0
2030,sc01,11-20 11:00:00+01:00,Solar 12,0.1328477424
2030,sc01,11-20 11:00:00+01:00,CT Oil 01,0.0
2030,sc01,11-20 11:00:00+01:00,Hydro 26,0.0
2030,sc01,11-20 11:00:00+01:00,CC NG 22,0.0
2030,sc01,11-20 11:00:00+01:00,CC NG 35,0.0
2030,sc01,11-20 11:00:00+01:00,Biomass 50,0.0
2030,sc01,11-20 11:00:00+01:00,ICE NG 04,0.0
2030,sc01,11-20 11:00:00+01:00,CC NG 39,0.0
2030,sc01,11-20 11:00:00+01:00,Hydro 32,0.00399888
2030,sc01,11-20 11:00:00+01:00,ICE NG 07,0.0
2030,sc01,11-20 11:00:00+01:00,Biomass 46,0.0
2030,sc01,11-20 11:00:00+01:00,CC NG 38,0.0
2030,sc01,11-20 11:00:00+01:00,CC NG 12,0.0
2030,sc01,11-20 11:00:00+01:00,Solar 57,0.0
2030,sc01,11-20 11:00:00+01:00,CC NG 32,0.0
2030,sc01,11-20 11:00:00+01:00,CC NG 07,0.0
2030,sc01,11-20 11:00:00+01:00,Biomass 44,0.0
2030,sc01,11-20 11:00:00+01:00,CT NG 40,0.0
2030,sc01,11-20 11:00:00+01:00,Solar 74,0.0
2030,sc01,11-20 11:00:00+01:00,Hydro 30,0.0
2030,sc01,11-20 11:00:00+01:00,CT NG 42,0.0
2030,sc01,11-20 11:00:00+01:00,Hydro 22,0.5549580000000001
2030,sc01,11-20 11:00:00+01:00,Solar 17,0.26056751472
2030,sc01,11-20 11:00:00+01:00,Solar 38,0.0
2030,sc01,11-20 11:00:00+01:00,CT NG 24,0.0
2030,sc01,11-20 11:00:00+01:00,CC NG 27,0.0
2030,sc01,11-20 11:00:00+01:00,Biomass 21,0.0
2030,sc01,11-20 11:00:00+01:00,ICE NG 06,0.0
2030,sc01,11-20 11:00:00+01:00,Biomass 25,0.0
2030,sc01,11-20 11:00:00+01:00,Solar 27,0.0
2030,sc01,11-20 11:00:00+01:00,CT NG 19,0.0
2030,sc01,11-20 11:00:00+01:00,Biomass 42,0.0
2030,sc01,11-20 11:00:00+01:00,Biomass 19,0.0
2030,sc01,11-20 11:00:00+01:00,Biomass 06,0.0
2030,sc01,11-20 11:00:00+01:00,CT NG 10,0.0
2030,sc01,11-20 11:00:00+01:00,CC NG 40,0.0
2030,sc01,11-20 11:00:00+01:00,CC NG 21,0.0
2030,sc01,11-20 11:00:00+01:00,Biomass 02,0.0
2030,sc01,11-20 11:00:00+01:00,CT NG 46,0.0
2030,sc01,11-20 11:00:00+01:00,Hydro 34,0.0
2030,sc01,11-20 11:00:00+01:00,Biomass 10,0.0
2030,sc01,11-20 11:00:00+01:00,CT NG 17,0.0
2030,sc01,11-20 11:00:00+01:00,Biomass 62,0.0
2030,sc01,11-20 11:00:00+01:00,Biomass 32,0.0
2030,sc01,11-20 11:00:00+01:00,CC NG 19,0.0
2030,sc01,11-20 11:00:00+01:00,CC NG 17,0.0
2030,sc01,11-20 11:00:00+01:00,ST NG 01,0.0
2030,sc01,11-20 11:00:00+01:00,Biomass 45,0.0
2030,sc01,11-20 11:00:00+01:00,Biomass 28,0.0
2030,sc01,11-20 11:00:00+01:00,CC NG 10,0.0
2030,sc01,11-20 11:00:00+01:00,Biomass 23,0.0
2030,sc01,11-20 11:00:00+01:00,ST NG 06,0.0
2030,sc01,11-20 11:00:00+01:00,Wind 10,0.0
2030,sc01,11-20 11:00:00+01:00,CT NG 69,0.0
2030,sc01,11-20 11:00:00+01:00,CT NG 68,0.0
2030,sc01,11-22 12:00:00+01:00,CC NG 13,0.0
2030,sc01,11-22 12:00:00+01:00,CT NG 37,0.0
2030,sc01,11-22 12:00:00+01:00,ST Coal 01,0.0
2030,sc01,11-22 12:00:00+01:00,CT NG 09,0.0
2030,sc01,11-22 12:00:00+01:00,CT NG 47,0.0
2030,sc01,11-22 12:00:00+01:00,Solar 69,0.0
2030,sc01,11-22 12:00:00+01:00,Solar 34,19.062381355938534
2030,sc01,11-22 12:00:00+01:00,Solar 73,0.0
2030,sc01,11-22 12:00:00+01:00,Biomass 37,0.0
2030,sc01,11-22 12:00:00+01:00,Hydro 20,0.9268228800000001
2030,sc01,11-22 12:00:00+01:00,Solar 01,23.205956976000003
2030,sc01,11-22 12:00:00+01:00,Solar 62,0.0
2030,sc01,11-22 12:00:00+01:00,Solar 02,12.987419894399999
2030,sc01,11-22 12:00:00+01:00,CT NG 26,0.0
2030,sc01,11-22 12:00:00+01:00,Biomass 20,0.0
2030,sc01,11-22 12:00:00+01:00,Wind 16,0.021662826624
2030,sc01,11-22 12:00:00+01:00,CT NG 66,0.0
2030,sc01,11-22 12:00:00+01:00,Solar 39,0.0
2030,sc01,11-22 12:00:00+01:00,Biomass 41,0.0
2030,sc01,11-22 12:00:00+01:00,Solar 72,0.0
2030,sc01,11-22 12:00:00+01:00,ST NG 03,0.0
2030,sc01,11-22 12:00:00+01:00,Hydro 21,0.9268228800000001
2030,sc01,11-22 12:00:00+01:00,CT NG 03,0.0
2030,sc01,11-22 12:00:00+01:00,CC NG 09,0.0
2030,sc01,11-22 12:00:00+01:00,CT Oil 02,0.0
2030,sc01,11-22 12:00:00+01:00,CT NG 39,0.0
2030,sc01,11-22 12:00:00+01:00,CC NG 08,0.0
2030,sc01,11-22 12:00:00+01:00,Biomass 43,0.0
2030,sc01,11-22 12:00:00+01:00,CT NG 18,0.0
2030,sc01,11-22 12:00:00+01:00,ST NG 07,0.0
2030,sc01,11-22 12:00:00+01:00,Biomass 35,0.0
2030,sc01,11-22 12:00:00+01:00,Solar 32,0.0
2030,sc01,11-22 12:00:00+01:00,Biomass 15,0.01008
2030,sc01,11-22 12:00:00+01:00,CC NG 31,0.0
2030,sc01,11-22 12:00:00+01:00,Solar 16,1.93584290304
2030,sc01,11-22 12:00:00+01:00,Solar 68,29.787483676800004
2030,sc01,11-22 12:00:00+01:00,CT NG 21,0.0
2030,sc01,11-22 12:00:00+01:00,Wind 11,0.0
2030,sc01,11-22 12:00:00+01:00,CC NG 37,0.0
2030,sc01,11-22 12:00:00+01:00,CT NG 22,0.0
2030,sc01,11-22 12:00:00+01:00,Hydro 16,0.010517760000000001
2030,sc01,11-22 12:00:00+01:00,Biomass 59,0.0
2030,sc01,11-22 12:00:00+01:00,CC NG 01,0.0
2030,sc01,11-22 12:00:00+01:00,Biomass 16,0.01008
2030,sc01,11-22 12:00:00+01:00,Solar 03,7.4253060144
2030,sc01,11-22 12:00:00+01:00,Solar 44,0.0
2030,sc01,11-22 12:00:00+01:00,CT NG 08,0.0
2030,sc01,11-22 12:00:00+01:00,Wind 05,0.010127909376
2030,sc01,11-22 12:00:00+01:00,Biomass 26,0.08208
2030,sc01,11-22 12:00:00+01:00,Solar 37,0.0
2030,sc01,11-22 12:00:00+01:00,Biomass 11,0.01872
2030,sc01,11-22 12:00:00+01:00,Solar 59,0.0
2030,sc01,11-22 12:00:00+01:00,CT NG 11,0.0
2030,sc01,11-22 12:00:00+01:00,Biomass 30,0.08208
2030,sc01,11-22 12:00:00+01:00,Hydro 23,0.0
2030,sc01,11-22 12:00:00+01:00,CC NG 24,0.0
2030,sc01,11-22 12:00:00+01:00,Solar 65,16.786357416
2030,sc01,11-22 12:00:00+01:00,CC NG 18,0.0
2030,sc01,11-22 12:00:00+01:00,CT NG 16,0.0
2030,sc01,11-22 12:00:00+01:00,Solar 51,0.0
2030,sc01,11-22 12:00:00+01:00,Wind 06,0.05924686272
2030,sc01,11-22 12:00:00+01:00,CC NG 26,0.0
2030,sc01,11-22 12:00:00+01:00,CC NG 23,0.0
2030,sc01,11-22 12:00:00+01:00,CT NG 43,0.0
2030,sc01,11-22 12:00:00+01:00,CC NG 11,0.0
2030,sc01,11-22 12:00:00+01:00,CT NG 02,0.0
2030,sc01,11-22 12:00:00+01:00,CT NG 50,0.0
2030,sc01,11-22 12:00:00+01:00,Hydro 27,0.0
2030,sc01,11-22 12:00:00+01:00,CT NG 13,0.0
2030,sc01,11-22 12:00:00+01:00,CT NG 25,0.0
2030,sc01,11-22 12:00:00+01:00,CC NG 05,0.0
2030,sc01,11-22 12:00:00+01:00,Solar 04,1.27988289312
2030,sc01,11-22 12:00:00+01:00,Solar 30,1.7280000000000002
2030,sc01,11-22 12:00:00+01:00,Solar 29,2.4778278844800004
2030,sc01,11-22 12:00:00+01:00,Solar 53,0.0
2030,sc01,11-22 12:00:00+01:00,Solar 21,4.8563614176
2030,sc01,11-22 12:00:00+01:00,Biomass 58,0.0
2030,sc01,11-22 12:00:00+01:00,CT NG 74,0.0
2030,sc01,11-22 12:00:00+01:00,Solar 61,0.0
2030,sc01,11-22 12:00:00+01:00,Wind 07,0.0
2030,sc01,11-22 12:00:00+01:00,Biomass 31,0.0
2030,sc01,11-22 12:00:00+01:00,CT Oil 05,0.0
2030,sc01,11-22 12:00:00+01:00,Biomass 38,0.0
2030,sc01,11-22 12:00:00+01:00,Solar 41,0.0
2030,sc01,11-22 12:00:00+01:00,Biomass 51,0.0
2030,sc01,11-22 12:00:00+01:00,Biomass 55,0.0
2030,sc01,11-22 12:00:00+01:00,Wind 15,3.52815677328
2030,sc01,11-22 12:00:00+01:00,Geo 01,0.0
2030,sc01,11-22 12:00:00+01:00,Biomass 60,0.1296
2030,sc01,11-22 12:00:00+01:00,CT NG 38,0.0
2030,sc01,11-22 12:00:00+01:00,Solar 66,36.05672957365748
2030,sc01,11-22 12:00:00+01:00,Solar 49,0.0
2030,sc01,11-22 12:00:00+01:00,CT NG 51,0.0
2030,sc01,11-22 12:00:00+01:00,Biomass 18,0.01008
2030,sc01,11-22 12:00:00+01:00,ICE NG 01,0.0
2030,sc01,11-22 12:00:00+01:00,Solar 15,2.7773090822400004
2030,sc01,11-22 12:00:00+01:00,ICE NG 05,0.0
2030,sc01,11-22 12:00:00+01:00,CT Oil 04,0.0
2030,sc01,11-22 12:00:00+01:00,CC NG 20,0.0
2030,sc01,11-22 12:00:00+01:00,Solar 20,2.8957653609599996
2030,sc01,11-22 12:00:00+01:00,Biomass 04,0.0
2030,sc01,11-22 12:00:00+01:00,Wind 02,0.088982637696
2030,sc01,11-22 12:00:00+01:00,Hydro 25,0.0
2030,sc01,11-22 12:00:00+01:00,Solar 75,5.3737582512
2030,sc01,11-22 12:00:00+01:00,Hydro 33,0.0
2030,sc01,11-22 12:00:00+01:00,ST NG 05,0.0
2030,sc01,11-22 12:00:00+01:00,CT NG 07,0.0
2030,sc01,11-22 12:00:00+01:00,Wind 01,0.0
2030,sc01,11-22 12:00:00+01:00,Solar 56,0.0
2030,sc01,11-22 12:00:00+01:00,Biomass 09,0.0
2030,sc01,11-22 12:00:00+01:00,Biomass 53,0.0
2030,sc01,11-22 12:00:00+01:00,Wind 17,3.86802782976
2030,sc01,11-22 12:00:00+01:00,ST NG 08,0.0
2030,sc01,11-22 12:00:00+01:00,Hydro 19,0.0
2030,sc01,11-22 12:00:00+01:00,ST NG 02,0.0
2030,sc01,11-22 12:00:00+01:00,Biomass 01,0.05376
2030,sc01,11-22 12:00:00+01:00,Biomass 57,0.0
2030,sc01,11-22 12:00:00+01:00,CT NG 49,0.0
2030,sc01,11-22 12:00:00+01:00,CT NG 31,0.0
2030,sc01,11-22 12:00:00+01:00,Solar 64,8.064
2030,sc01,11-22 12:00:00+01:00,CC NG 33,0.0
2030,sc01,11-22 12:00:00+01:00,Solar 46,0.0
2030,sc01,11-22 12:00:00+01:00,Biomass 12,0.013040719990724536
2030,sc01,11-22 12:00:00+01:00,Wind 04,0.8432084784
2030,sc01,11-22 12:00:00+01:00,Solar 13,0.06972053568
2030,sc01,11-22 12:00:00+01:00,CT NG 55,0.0
2030,sc01,11-22 12:00:00+01:00,Wind N03,130.4413133358916
2030,sc01,11-22 12:00:00+01:00,CT NG 28,0.0
2030,sc01,11-22 12:00:00+01:00,Wind 09,0.22589150784
2030,sc01,11-22 12:00:00+01:00,Solar 60,1.3556473859643448
2030,sc01,11-22 12:00:00+01:00,Solar 25,0.511272924
2030,sc01,11-22 12:00:00+01:00,CT NG 23,0.0
2030,sc01,11-22 12:00:00+01:00,ST Other 01,0.0
2030,sc01,11-22 12:00:00+01:00,Solar 70,45.869753011200004
2030,sc01,11-22 12:00:00+01:00,CC NG 34,0.0
2030,sc01,11-22 12:00:00+01:00,Solar 48,0.0
2030,sc01,11-22 12:00:00+01:00,Biomass 56,0.0
2030,sc01,11-22 12:00:00+01:00,CT NG 36,0.0
2030,sc01,11-22 12:00:00+01:00,Solar 47,0.0
2030,sc01,11-22 12:00:00+01:00,Hydro 17,0.0
2030,sc01,11-22 12:00:00+01:00,Solar 09,0.0
2030,sc01,11-22 12:00:00+01:00,Solar 08,0.0
2030,sc01,11-22 12:00:00+01:00,CT NG 45,0.0
2030,sc01,11-22 12:00:00+01:00,ST NG 04,0.0
2030,sc01,11-22 12:00:00+01:00,Solar 40,0.0
2030,sc01,11-22 12:00:00+01:00,Biomass 47,0.0
2030,sc01,11-22 12:00:00+01:00,Solar 50,0.0
2030,sc01,11-22 12:00:00+01:00,Solar 52,0.0
2030,sc01,11-22 12:00:00+01:00,Solar 63,18.8200515504
2030,sc01,11-22 12:00:00+01:00,CC NG 06,0.0
2030,sc01,11-22 12:00:00+01:00,Biomass 39,0.0
2030,sc01,11-22 12:00:00+01:00,Solar 67,0.0
2030,sc01,11-22 12:00:00+01:00,Solar 19,0.026368619904000003
2030,sc01,11-22 12:00:00+01:00,Wind 12,1.17799919136
2030,sc01,11-22 12:00:00+01:00,Solar 24,0.381333833856
2030,sc01,11-22 12:00:00+01:00,ICE NG 02,0.0
2030,sc01,11-22 12:00:00+01:00,Solar 05,0.0
2030,sc01,11-22 12:00:00+01:00,CT NG 54,0.0
2030,sc01,11-22 12:00:00+01:00,Wind N01,11.1758897616
2030,sc01,11-22 12:00:00+01:00,CT NG 27,0.0
2030,sc01,11-22 12:00:00+01:00,CC NG 36,0.0
2030,sc01,11-22 12:00:00+01:00,Wind N02,4.349136762720001
2030,sc01,11-22 12:00:00+01:00,CT NG 52,0.0
2030,sc01,11-22 12:00:00+01:00,Solar 35,0.0
2030,sc01,11-22 12:00:00+01:00,CT NG 05,0.0
2030,sc01,11-22 12:00:00+01:00,Biomass 36,0.0
2030,sc01,11-22 12:00:00+01:00,CT NG 34,0.0
2030,sc01,11-22 12:00:00+01:00,CT Oil 03,0.0
2030,sc01,11-22 12:00:00+01:00,Hydro 35,0.0
2030,sc01,11-22 12:00:00+01:00,Solar 14,3.0877423147200003
2030,sc01,11-22 12:00:00+01:00,CT NG 75,0.0
2030,sc01,11-22 12:00:00+01:00,ST NG 09,0.0
2030,sc01,11-22 12:00:00+01:00,CT NG 56,0.0
2030,sc01,11-22 12:00:00+01:00,Biomass 22,0.0
2030,sc01,11-22 12:00:00+01:00,Solar 18,3.2568364660800007
2030,sc01,11-22 12:00:00+01:00,Biomass 13,0.01872
2030,sc01,11-22 12:00:00+01:00,CT NG 71,0.0
2030,sc01,11-22 12:00:00+01:00,Solar 58,0.0
2030,sc01,11-22 12:00:00+01:00,Solar 06,0.0
2030,sc01,11-22 12:00:00+01:00,Biomass 08,0.03984
2030,sc01,11-22 12:00:00+01:00,CT NG 72,0.0
2030,sc01,11-22 12:00:00+01:00,Hydro 18,0.0
2030,sc01,11-22 12:00:00+01:00,Solar 10,2.78930834352
2030,sc01,11-22 12:00:00+01:00,CT NG 04,0.0
2030,sc01,11-22 12:00:00+01:00,ST Other 02,0.0
2030,sc01,11-22 12:00:00+01:00,CT NG 12,0.0
2030,sc01,11-22 12:00:00+01:00,CT NG 48,0.0
2030,sc01,11-22 12:00:00+01:00,ST NG 10,0.0
2030,sc01,11-22 12:00:00+01:00,Solar 22,2.57720860608
2030,sc01,11-22 12:00:00+01:00,Solar 28,2.3063015894400003
2030,sc01,11-22 12:00:00+01:00,CT NG 73,0.0
2030,sc01,11-22 12:00:00+01:00,Biomass 52,0.0
2030,sc01,11-22 12:00:00+01:00,CT NG 30,0.0
2030,sc01,11-22 12:00:00+01:00,Solar 54,0.0
2030,sc01,11-22 12:00:00+01:00,Solar 31,22.00076962504397
2030,sc01,11-22 12:00:00+01:00,Biomass 03,0.0
2030,sc01,11-22 12:00:00+01:00,CT NG 32,0.0
2030,sc01,11-22 12:00:00+01:00,Biomass 27,0.08208
2030,sc01,11-22 12:00:00+01:00,CC NG 14,0.0
2030,sc01,11-22 12:00:00+01:00,CC NG 03,0.0
2030,sc01,11-22 12:00:00+01:00,CC NG 29,0.0
2030,sc01,11-22 12:00:00+01:00,CC NG 28,0.0
2030,sc01,11-22 12:00:00+01:00,CC NG 25,0.0
2030,sc01,11-22 12:00:00+01:00,CT NG 44,0.0
2030,sc01,11-22 12:00:00+01:00,CT NG 14,0.0
2030,sc01,11-22 12:00:00+01:00,CC NG 15,0.0
2030,sc01,11-22 12:00:00+01:00,CC NG 04,0.0
2030,sc01,11-22 12:00:00+01:00,Biomass 29,0.08208
2030,sc01,11-22 12:00:00+01:00,Wind 14,0.59391617136
2030,sc01,11-22 12:00:00+01:00,Wind 08,0.17906567308799998
2030,sc01,11-22 12:00:00+01:00,Biomass 61,0.0
2030,sc01,11-22 12:00:00+01:00,CT NG 35,0.0
2030,sc01,11-22 12:00:00+01:00,Solar 33,0.0
2030,sc01,11-22 12:00:00+01:00,CT NG 41,0.0
2030,sc01,11-22 12:00:00+01:00,CT NG 15,0.0
2030,sc01,11-22 12:00:00+01:00,Solar 42,0.0
2030,sc01,11-22 12:00:00+01:00,Solar 07,0.0
2030,sc01,11-22 12:00:00+01:00,Solar 43,0.0
2030,sc01,11-22 12:00:00+01:00,Biomass 05,0.02304
2030,sc01,11-22 12:00:00+01:00,CT NG 29,0.0
2030,sc01,11-22 12:00:00+01:00,Solar 71,34.8298310304
2030,sc01,11-22 12:00:00+01:00,CT NG 53,0.0
2030,sc01,11-22 12:00:00+01:00,CT NG 20,0.0
2030,sc01,11-22 12:00:00+01:00,Biomass 14,0.04128
2030,sc01,11-22 12:00:00+01:00,Solar 26,0.473474426112
2030,sc01,11-22 12:00:00+01:00,Hydro 29,0.0
2030,sc01,11-22 12:00:00+01:00,Hydro 31,0.0
2030,sc01,11-22 12:00:00+01:00,Biomass 24,0.0
2030,sc01,11-22 12:00:00+01:00,Biomass 54,0.0
2030,sc01,11-22 12:00:00+01:00,Solar 36,0.0
2030,sc01,11-22 12:00:00+01:00,Wind 03,2.13112298112
2030,sc01,11-22 12:00:00+01:00,Biomass 40,0.0
2030,sc01,11-22 12:00:00+01:00,Biomass 49,0.0
2030,sc01,11-22 12:00:00+01:00,CC NG 16,0.0
2030,sc01,11-22 12:00:00+01:00,Biomass 48,0.0
2030,sc01,11-22 12:00:00+01:00,Hydro 28,46.22835645461789
2030,sc01,11-22 12:00:00+01:00,Biomass 17,0.01008
2030,sc01,11-22 12:00:00+01:00,CT NG 33,0.0
2030,sc01,11-22 12:00:00+01:00,Solar 45,0.0
2030,sc01,11-22 12:00:00+01:00,Hydro 24,0.0
2030,sc01,11-22 12:00:00+01:00,Wind 13,0.6165107064
2030,sc01,11-22 12:00:00+01:00,Biomass 07,0.096
2030,sc01,11-22 12:00:00+01:00,Biomass 34,0.0
2030,sc01,11-22 12:00:00+01:00,Biomass 33,0.0
2030,sc01,11-22 12:00:00+01:00,CT NG 01,0.0
2030,sc01,11-22 12:00:00+01:00,ICE NG 03,0.0
2030,sc01,11-22 12:00:00+01:00,Solar 55,0.0
2030,sc01,11-22 12:00:00+01:00,Solar 11,0.5230198929600001
2030,sc01,11-22 12:00:00+01:00,CT NG 06,0.0
2030,sc01,11-22 12:00:00+01:00,CT NG 70,0.0
2030,sc01,11-22 12:00:00+01:00,Solar 23,0.077444156544
2030,sc01,11-22 12:00:00+01:00,CT NG 67,0.0
2030,sc01,11-22 12:00:00+01:00,Solar 12,0.40487265254400007
2030,sc01,11-22 12:00:00+01:00,CT Oil 01,0.0
2030,sc01,11-22 12:00:00+01:00,Hydro 26,0.0
2030,sc01,11-22 12:00:00+01:00,CC NG 22,0.0
2030,sc01,11-22 12:00:00+01:00,CC NG 35,0.0
2030,sc01,11-22 12:00:00+01:00,Biomass 50,0.0
2030,sc01,11-22 12:00:00+01:00,ICE NG 04,0.0
2030,sc01,11-22 12:00:00+01:00,CC NG 39,0.0
2030,sc01,11-22 12:00:00+01:00,Hydro 32,0.006310656000000001
2030,sc01,11-22 12:00:00+01:00,ICE NG 07,0.0
2030,sc01,11-22 12:00:00+01:00,Biomass 46,0.0
2030,sc01,11-22 12:00:00+01:00,CC NG 38,0.0
2030,sc01,11-22 12:00:00+01:00,CC NG 12,0.0
2030,sc01,11-22 12:00:00+01:00,Solar 57,0.0
2030,sc01,11-22 12:00:00+01:00,CC NG 32,0.0
2030,sc01,11-22 12:00:00+01:00,CC NG 07,0.0
2030,sc01,11-22 12:00:00+01:00,Biomass 44,0.0
2030,sc01,11-22 12:00:00+01:00,CT NG 40,0.0
2030,sc01,11-22 12:00:00+01:00,Solar 74,9.1575706848
2030,sc01,11-22 12:00:00+01:00,Hydro 30,0.0
2030,sc01,11-22 12:00:00+01:00,CT NG 42,0.0
2030,sc01,11-22 12:00:00+01:00,Hydro 22,0.9268228800000001
2030,sc01,11-22 12:00:00+01:00,Solar 17,0.7941170774399999
2030,sc01,11-22 12:00:00+01:00,Solar 38,0.0
2030,sc01,11-22 12:00:00+01:00,CT NG 24,0.0
2030,sc01,11-22 12:00:00+01:00,CC NG 27,0.0
2030,sc01,11-22 12:00:00+01:00,Biomass 21,0.01872
2030,sc01,11-22 12:00:00+01:00,ICE NG 06,0.0
2030,sc01,11-22 12:00:00+01:00,Biomass 25,0.0
2030,sc01,11-22 12:00:00+01:00,Solar 27,0.33755396774400004
2030,sc01,11-22 12:00:00+01:00,CT NG 19,0.0
2030,sc01,11-22 12:00:00+01:00,Biomass 42,0.0
2030,sc01,11-22 12:00:00+01:00,Biomass 19,0.0
2030,sc01,11-22 12:00:00+01:00,Biomass 06,0.0
2030,sc01,11-22 12:00:00+01:00,CT NG 10,0.0
2030,sc01,11-22 12:00:00+01:00,CC NG 40,0.0
2030,sc01,11-22 12:00:00+01:00,CC NG 21,0.0
2030,sc01,11-22 12:00:00+01:00,Biomass 02,0.05376
2030,sc01,11-22 12:00:00+01:00,CT NG 46,0.0
2030,sc01,11-22 12:00:00+01:00,Hydro 34,0.0
2030,sc01,11-22 12:00:00+01:00,Biomass 10,0.03984
2030,sc01,11-22 12:00:00+01:00,CT NG 17,0.0
2030,sc01,11-22 12:00:00+01:00,Biomass 62,0.0
2030,sc01,11-22 12:00:00+01:00,Biomass 32,0.0
2030,sc01,11-22 12:00:00+01:00,CC NG 19,0.0
2030,sc01,11-22 12:00:00+01:00,CC NG 17,0.0
2030,sc01,11-22 12:00:00+01:00,ST NG 01,0.0
2030,sc01,11-22 12:00:00+01:00,Biomass 45,0.0
2030,sc01,11-22 12:00:00+01:00,Biomass 28,0.08208
2030,sc01,11-22 12:00:00+01:00,CC NG 10,0.0
2030,sc01,11-22 12:00:00+01:00,Biomass 23,0.0
2030,sc01,11-22 12:00:00+01:00,ST NG 06,0.0
2030,sc01,11-22 12:00:00+01:00,Wind 10,0.17815461427200002
2030,sc01,11-22 12:00:00+01:00,CT NG 69,0.0
2030,sc01,11-22 12:00:00+01:00,CT NG 68,0.0
2030,sc01,11-22 23:00:00+01:00,CC NG 13,0.0
2030,sc01,11-22 23:00:00+01:00,CT NG 37,0.0
2030,sc01,11-22 23:00:00+01:00,ST Coal 01,0.0
2030,sc01,11-22 23:00:00+01:00,CT NG 09,0.0
2030,sc01,11-22 23:00:00+01:00,CT NG 47,0.0
2030,sc01,11-22 23:00:00+01:00,Solar 69,0.0
2030,sc01,11-22 23:00:00+01:00,Solar 34,0.0
2030,sc01,11-22 23:00:00+01:00,Solar 73,0.0
2030,sc01,11-22 23:00:00+01:00,Biomass 37,0.0
2030,sc01,11-22 23:00:00+01:00,Hydro 20,1.33691103
2030,sc01,11-22 23:00:00+01:00,Solar 01,0.0
2030,sc01,11-22 23:00:00+01:00,Solar 62,0.0
2030,sc01,11-22 23:00:00+01:00,Solar 02,0.0
2030,sc01,11-22 23:00:00+01:00,CT NG 26,0.0
2030,sc01,11-22 23:00:00+01:00,Biomass 20,0.015210000000000001
2030,sc01,11-22 23:00:00+01:00,Wind 16,0.385066406712
2030,sc01,11-22 23:00:00+01:00,CT NG 66,0.0
2030,sc01,11-22 23:00:00+01:00,Solar 39,0.0
2030,sc01,11-22 23:00:00+01:00,Biomass 41,0.0
2030,sc01,11-22 23:00:00+01:00,Solar 72,0.0
2030,sc01,11-22 23:00:00+01:00,ST NG 03,0.0
2030,sc01,11-22 23:00:00+01:00,Hydro 21,1.33691103
2030,sc01,11-22 23:00:00+01:00,CT NG 03,0.0
2030,sc01,11-22 23:00:00+01:00,CC NG 09,0.0
2030,sc01,11-22 23:00:00+01:00,CT Oil 02,0.0
2030,sc01,11-22 23:00:00+01:00,CT NG 39,0.0
2030,sc01,11-22 23:00:00+01:00,CC NG 08,0.0
2030,sc01,11-22 23:00:00+01:00,Biomass 43,0.0
2030,sc01,11-22 23:00:00+01:00,CT NG 18,0.14738489999999996
2030,sc01,11-22 23:00:00+01:00,ST NG 07,0.0
2030,sc01,11-22 23:00:00+01:00,Biomass 35,0.0
2030,sc01,11-22 23:00:00+01:00,Solar 32,0.0
2030,sc01,11-22 23:00:00+01:00,Biomass 15,0.008190000000000001
2030,sc01,11-22 23:00:00+01:00,CC NG 31,0.0
2030,sc01,11-22 23:00:00+01:00,Solar 16,0.0
2030,sc01,11-22 23:00:00+01:00,Solar 68,0.0
2030,sc01,11-22 23:00:00+01:00,CT NG 21,0.0
2030,sc01,11-22 23:00:00+01:00,Wind 11,0.109961533968
2030,sc01,11-22 23:00:00+01:00,CC NG 37,0.0
2030,sc01,11-22 23:00:00+01:00,CT NG 22,0.0
2030,sc01,11-22 23:00:00+01:00,Hydro 16,0.008888880000000002
2030,sc01,11-22 23:00:00+01:00,Biomass 59,0.16146000000000002
2030,sc01,11-22 23:00:00+01:00,CC NG 01,0.0
2030,sc01,11-22 23:00:00+01:00,Biomass 16,0.008190000000000001
2030,sc01,11-22 23:00:00+01:00,Solar 03,0.0
2030,sc01,11-22 23:00:00+01:00,Solar 44,0.0
2030,sc01,11-22 23:00:00+01:00,CT NG 08,0.0
2030,sc01,11-22 23:00:00+01:00,Wind 05,0.016499624544000002
2030,sc01,11-22 23:00:00+01:00,Biomass 26,0.06669
2030,sc01,11-22 23:00:00+01:00,Solar 37,0.0
2030,sc01,11-22 23:00:00+01:00,Biomass 11,0.015210000000000001
2030,sc01,11-22 23:00:00+01:00,Solar 59,0.0
2030,sc01,11-22 23:00:00+01:00,CT NG 11,0.0
2030,sc01,11-22 23:00:00+01:00,Biomass 30,0.06669
2030,sc01,11-22 23:00:00+01:00,Hydro 23,0.0
2030,sc01,11-22 23:00:00+01:00,CC NG 24,0.0
2030,sc01,11-22 23:00:00+01:00,Solar 65,0.0
2030,sc01,11-22 23:00:00+01:00,CC NG 18,0.0
2030,sc01,11-22 23:00:00+01:00,CT NG 16,0.0
2030,sc01,11-22 23:00:00+01:00,Solar 51,0.0
2030,sc01,11-22 23:00:00+01:00,Wind 06,0.43613501022000006
2030,sc01,11-22 23:00:00+01:00,CC NG 26,0.0
2030,sc01,11-22 23:00:00+01:00,CC NG 23,0.0
2030,sc01,11-22 23:00:00+01:00,CT NG 43,0.0
2030,sc01,11-22 23:00:00+01:00,CC NG 11,0.0
2030,sc01,11-22 23:00:00+01:00,CT NG 02,0.0
2030,sc01,11-22 23:00:00+01:00,CT NG 50,0.0
2030,sc01,11-22 23:00:00+01:00,Hydro 27,0.4333329
2030,sc01,11-22 23:00:00+01:00,CT NG 13,0.0
2030,sc01,11-22 23:00:00+01:00,CT NG 25,0.0
2030,sc01,11-22 23:00:00+01:00,CC NG 05,0.0
2030,sc01,11-22 23:00:00+01:00,Solar 04,0.0
2030,sc01,11-22 23:00:00+01:00,Solar 30,0.0
2030,sc01,11-22 23:00:00+01:00,Solar 29,0.0
2030,sc01,11-22 23:00:00+01:00,Solar 53,0.0
2030,sc01,11-22 23:00:00+01:00,Solar 21,0.0
2030,sc01,11-22 23:00:00+01:00,Biomass 58,0.07878
2030,sc01,11-22 23:00:00+01:00,CT NG 74,0.0
2030,sc01,11-22 23:00:00+01:00,Solar 61,0.0
2030,sc01,11-22 23:00:00+01:00,Wind 07,0.175604546832
2030,sc01,11-22 23:00:00+01:00,Biomass 31,0.06669
2030,sc01,11-22 23:00:00+01:00,CT Oil 05,0.0
2030,sc01,11-22 23:00:00+01:00,Biomass 38,0.0
2030,sc01,11-22 23:00:00+01:00,Solar 41,0.0
2030,sc01,11-22 23:00:00+01:00,Biomass 51,0.0
2030,sc01,11-22 23:00:00+01:00,Biomass 55,0.10374
2030,sc01,11-22 23:00:00+01:00,Wind 15,3.66730108056
2030,sc01,11-22 23:00:00+01:00,Geo 01,0.0
2030,sc01,11-22 23:00:00+01:00,Biomass 60,0.1053
2030,sc01,11-22 23:00:00+01:00,CT NG 38,0.0
2030,sc01,11-22 23:00:00+01:00,Solar 66,0.0
2030,sc01,11-22 23:00:00+01:00,Solar 49,0.0
2030,sc01,11-22 23:00:00+01:00,CT NG 51,0.0
2030,sc01,11-22 23:00:00+01:00,Biomass 18,0.008190000000000001
2030,sc01,11-22 23:00:00+01:00,ICE NG 01,0.0
2030,sc01,11-22 23:00:00+01:00,Solar 15,0.0
2030,sc01,11-22 23:00:00+01:00,ICE NG 05,0.0
2030,sc01,11-22 23:00:00+01:00,CT Oil 04,0.0
2030,sc01,11-22 23:00:00+01:00,CC NG 20,0.0
2030,sc01,11-22 23:00:00+01:00,Solar 20,0.0
2030,sc01,11-22 23:00:00+01:00,Biomass 04,0.0
2030,sc01,11-22 23:00:00+01:00,Wind 02,1.1537676501
2030,sc01,11-22 23:00:00+01:00,Hydro 25,0.0
2030,sc01,11-22 23:00:00+01:00,Solar 75,0.0
2030,sc01,11-22 23:00:00+01:00,Hydro 33,0.0
2030,sc01,11-22 23:00:00+01:00,ST NG 05,0.0
2030,sc01,11-22 23:00:00+01:00,CT NG 07,0.0
2030,sc01,11-22 23:00:00+01:00,Wind 01,0.221390488488
2030,sc01,11-22 23:00:00+01:00,Solar 56,0.0
2030,sc01,11-22 23:00:00+01:00,Biomass 09,0.03237
2030,sc01,11-22 23:00:00+01:00,Biomass 53,0.10374
2030,sc01,11-22 23:00:00+01:00,Wind 17,13.725190061700001
2030,sc01,11-22 23:00:00+01:00,ST NG 08,0.0
2030,sc01,11-22 23:00:00+01:00,Hydro 19,0.0
2030,sc01,11-22 23:00:00+01:00,ST NG 02,0.0
2030,sc01,11-22 23:00:00+01:00,Biomass 01,0.043680000000000004
2030,sc01,11-22 23:00:00+01:00,Biomass 57,0.07878
2030,sc01,11-22 23:00:00+01:00,CT NG 49,0.0
2030,sc01,11-22 23:00:00+01:00,CT NG 31,0.0
2030,sc01,11-22 23:00:00+01:00,Solar 64,0.0
2030,sc01,11-22 23:00:00+01:00,CC NG 33,0.0
2030,sc01,11-22 23:00:00+01:00,Solar 46,0.0
2030,sc01,11-22 23:00:00+01:00,Biomass 12,0.015210000000000001
2030,sc01,11-22 23:00:00+01:00,Wind 04,0.92617527054
2030,sc01,11-22 23:00:00+01:00,Solar 13,0.0
2030,sc01,11-22 23:00:00+01:00,CT NG 55,0.0
2030,sc01,11-22 23:00:00+01:00,Wind N03,187.65296399630688
2030,sc01,11-22 23:00:00+01:00,CT NG 28,0.0
2030,sc01,11-22 23:00:00+01:00,Wind 09,0.277496317176
2030,sc01,11-22 23:00:00+01:00,Solar 60,0.0
2030,sc01,11-22 23:00:00+01:00,Solar 25,0.0
2030,sc01,11-22 23:00:00+01:00,CT NG 23,0.0
2030,sc01,11-22 23:00:00+01:00,ST Other 01,0.0
2030,sc01,11-22 23:00:00+01:00,Solar 70,0.0
2030,sc01,11-22 23:00:00+01:00,CC NG 34,0.0
2030,sc01,11-22 23:00:00+01:00,Solar 48,0.0
2030,sc01,11-22 23:00:00+01:00,Biomass 56,0.09711000000000002
2030,sc01,11-22 23:00:00+01:00,CT NG 36,0.0
2030,sc01,11-22 23:00:00+01:00,Solar 47,0.0
2030,sc01,11-22 23:00:00+01:00,Hydro 17,0.014999985
2030,sc01,11-22 23:00:00+01:00,Solar 09,0.0
2030,sc01,11-22 23:00:00+01:00,Solar 08,0.0
2030,sc01,11-22 23:00:00+01:00,CT NG 45,0.0
2030,sc01,11-22 23:00:00+01:00,ST NG 04,0.0
2030,sc01,11-22 23:00:00+01:00,Solar 40,0.0
2030,sc01,11-22 23:00:00+01:00,Biomass 47,0.0
2030,sc01,11-22 23:00:00+01:00,Solar 50,0.0
2030,sc01,11-22 23:00:00+01:00,Solar 52,0.0
2030,sc01,11-22 23:00:00+01:00,Solar 63,0.0
2030,sc01,11-22 23:00:00+01:00,CC NG 06,0.0
2030,sc01,11-22 23:00:00+01:00,Biomass 39,0.0
2030,sc01,11-22 23:00:00+01:00,Solar 67,0.0
2030,sc01,11-22 23:00:00+01:00,Solar 19,0.0
2030,sc01,11-22 23:00:00+01:00,Wind 12,3.0832015012500005
2030,sc01,11-22 23:00:00+01:00,Solar 24,0.0
2030,sc01,11-22 23:00:00+01:00,ICE NG 02,0.0
2030,sc01,11-22 23:00:00+01:00,Solar 05,0.0
2030,sc01,11-22 23:00:00+01:00,CT NG 54,0.0
2030,sc01,11-22 23:00:00+01:00,Wind N01,29.2508860371
2030,sc01,11-22 23:00:00+01:00,CT NG 27,0.0
2030,sc01,11-22 23:00:00+01:00,CC NG 36,0.0
2030,sc01,11-22 23:00:00+01:00,Wind N02,2.38462241355
2030,sc01,11-22 23:00:00+01:00,CT NG 52,0.0
2030,sc01,11-22 23:00:00+01:00,Solar 35,0.0
2030,sc01,11-22 23:00:00+01:00,CT NG 05,0.0
2030,sc01,11-22 23:00:00+01:00,Biomass 36,0.0
2030,sc01,11-22 23:00:00+01:00,CT NG 34,0.0
2030,sc01,11-22 23:00:00+01:00,CT Oil 03,0.0
2030,sc01,11-22 23:00:00+01:00,Hydro 35,0.0
2030,sc01,11-22 23:00:00+01:00,Solar 14,0.0
2030,sc01,11-22 23:00:00+01:00,CT NG 75,0.0
2030,sc01,11-22 23:00:00+01:00,ST NG 09,0.0
2030,sc01,11-22 23:00:00+01:00,CT NG 56,0.0
2030,sc01,11-22 23:00:00+01:00,Biomass 22,0.015210000000000001
2030,sc01,11-22 23:00:00+01:00,Solar 18,0.0
2030,sc01,11-22 23:00:00+01:00,Biomass 13,0.015210000000000001
2030,sc01,11-22 23:00:00+01:00,CT NG 71,0.0
2030,sc01,11-22 23:00:00+01:00,Solar 58,0.0
2030,sc01,11-22 23:00:00+01:00,Solar 06,0.0
2030,sc01,11-22 23:00:00+01:00,Biomass 08,0.03237
2030,sc01,11-22 23:00:00+01:00,CT NG 72,0.0
2030,sc01,11-22 23:00:00+01:00,Hydro 18,0.051666615000000006
2030,sc01,11-22 23:00:00+01:00,Solar 10,0.0
2030,sc01,11-22 23:00:00+01:00,CT NG 04,0.0
2030,sc01,11-22 23:00:00+01:00,ST Other 02,0.0
2030,sc01,11-22 23:00:00+01:00,CT NG 12,0.0
2030,sc01,11-22 23:00:00+01:00,CT NG 48,0.0
2030,sc01,11-22 23:00:00+01:00,ST NG 10,0.0
2030,sc01,11-22 23:00:00+01:00,Solar 22,0.0
2030,sc01,11-22 23:00:00+01:00,Solar 28,0.0
2030,sc01,11-22 23:00:00+01:00,CT NG 73,0.0
2030,sc01,11-22 23:00:00+01:00,Biomass 52,0.0
2030,sc01,11-22 23:00:00+01:00,CT NG 30,0.0
2030,sc01,11-22 23:00:00+01:00,Solar 54,0.0
2030,sc01,11-22 23:00:00+01:00,Solar 31,0.0
2030,sc01,11-22 23:00:00+01:00,Biomass 03,0.0
2030,sc01,11-22 23:00:00+01:00,CT NG 32,0.0
2030,sc01,11-22 23:00:00+01:00,Biomass 27,0.06669
2030,sc01,11-22 23:00:00+01:00,CC NG 14,0.0
2030,sc01,11-22 23:00:00+01:00,CC NG 03,0.0
2030,sc01,11-22 23:00:00+01:00,CC NG 29,0.0
2030,sc01,11-22 23:00:00+01:00,CC NG 28,0.0
2030,sc01,11-22 23:00:00+01:00,CC NG 25,0.0
2030,sc01,11-22 23:00:00+01:00,CT NG 44,0.0
2030,sc01,11-22 23:00:00+01:00,CT NG 14,0.0
2030,sc01,11-22 23:00:00+01:00,CC NG 15,0.0
2030,sc01,11-22 23:00:00+01:00,CC NG 04,0.0
2030,sc01,11-22 23:00:00+01:00,Biomass 29,0.06669
2030,sc01,11-22 23:00:00+01:00,Wind 14,0.325642970328
2030,sc01,11-22 23:00:00+01:00,Wind 08,0.269720328696
2030,sc01,11-22 23:00:00+01:00,Biomass 61,0.0
2030,sc01,11-22 23:00:00+01:00,CT NG 35,0.0
2030,sc01,11-22 23:00:00+01:00,Solar 33,0.0
2030,sc01,11-22 23:00:00+01:00,CT NG 41,0.0
2030,sc01,11-22 23:00:00+01:00,CT NG 15,0.0
2030,sc01,11-22 23:00:00+01:00,Solar 42,0.0
2030,sc01,11-22 23:00:00+01:00,Solar 07,0.0
2030,sc01,11-22 23:00:00+01:00,Solar 43,0.0
2030,sc01,11-22 23:00:00+01:00,Biomass 05,0.01872
2030,sc01,11-22 23:00:00+01:00,CT NG 29,0.0
2030,sc01,11-22 23:00:00+01:00,Solar 71,0.0
2030,sc01,11-22 23:00:00+01:00,CT NG 53,0.0
2030,sc01,11-22 23:00:00+01:00,CT NG 20,0.0
2030,sc01,11-22 23:00:00+01:00,Biomass 14,0.03354
2030,sc01,11-22 23:00:00+01:00,Solar 26,0.0
2030,sc01,11-22 23:00:00+01:00,Hydro 29,43.0910766
2030,sc01,11-22 23:00:00+01:00,Hydro 31,0.0
2030,sc01,11-22 23:00:00+01:00,Biomass 24,0.01131
2030,sc01,11-22 23:00:00+01:00,Biomass 54,0.10374
2030,sc01,11-22 23:00:00+01:00,Solar 36,0.0
2030,sc01,11-22 23:00:00+01:00,Wind 03,2.06702827734
2030,sc01,11-22 23:00:00+01:00,Biomass 40,0.0
2030,sc01,11-22 23:00:00+01:00,Biomass 49,0.0
2030,sc01,11-22 23:00:00+01:00,CC NG 16,33.88440219821406
2030,sc01,11-22 23:00:00+01:00,Biomass 48,0.0
2030,sc01,11-22 23:00:00+01:00,Hydro 28,43.0910766
2030,sc01,11-22 23:00:00+01:00,Biomass 17,0.008190000000000001
2030,sc01,11-22 23:00:00+01:00,CT NG 33,0.0
2030,sc01,11-22 23:00:00+01:00,Solar 45,0.0
2030,sc01,11-22 23:00:00+01:00,Hydro 24,0.0
2030,sc01,11-22 23:00:00+01:00,Wind 13,1.81816420851
2030,sc01,11-22 23:00:00+01:00,Biomass 07,0.078
2030,sc01,11-22 23:00:00+01:00,Biomass 34,0.0
2030,sc01,11-22 23:00:00+01:00,Biomass 33,0.0
2030,sc01,11-22 23:00:00+01:00,CT NG 01,0.0
2030,sc01,11-22 23:00:00+01:00,ICE NG 03,0.0
2030,sc01,11-22 23:00:00+01:00,Solar 55,0.0
2030,sc01,11-22 23:00:00+01:00,Solar 11,0.0
2030,sc01,11-22 23:00:00+01:00,CT NG 06,0.0
2030,sc01,11-22 23:00:00+01:00,CT NG 70,0.0
2030,sc01,11-22 23:00:00+01:00,Solar 23,0.0
2030,sc01,11-22 23:00:00+01:00,CT NG 67,0.0
2030,sc01,11-22 23:00:00+01:00,Solar 12,0.0
2030,sc01,11-22 23:00:00+01:00,CT Oil 01,0.0
2030,sc01,11-22 23:00:00+01:00,Hydro 26,0.0
2030,sc01,11-22 23:00:00+01:00,CC NG 22,0.0
2030,sc01,11-22 23:00:00+01:00,CC NG 35,0.0
2030,sc01,11-22 23:00:00+01:00,Biomass 50,0.0
2030,sc01,11-22 23:00:00+01:00,ICE NG 04,0.0
2030,sc01,11-22 23:00:00+01:00,CC NG 39,0.0
2030,sc01,11-22 23:00:00+01:00,Hydro 32,0.005333328000000001
2030,sc01,11-22 23:00:00+01:00,ICE NG 07,0.0
2030,sc01,11-22 23:00:00+01:00,Biomass 46,0.0
2030,sc01,11-22 23:00:00+01:00,CC NG 38,0.0
2030,sc01,11-22 23:00:00+01:00,CC NG 12,0.0
2030,sc01,11-22 23:00:00+01:00,Solar 57,0.0
2030,sc01,11-22 23:00:00+01:00,CC NG 32,0.0
2030,sc01,11-22 23:00:00+01:00,CC NG 07,0.0
2030,sc01,11-22 23:00:00+01:00,Biomass 44,0.0
2030,sc01,11-22 23:00:00+01:00,CT NG 40,0.0
2030,sc01,11-22 23:00:00+01:00,Solar 74,0.0
2030,sc01,11-22 23:00:00+01:00,Hydro 30,0.0
2030,sc01,11-22 23:00:00+01:00,CT NG 42,0.0
2030,sc01,11-22 23:00:00+01:00,Hydro 22,1.33691103
2030,sc01,11-22 23:00:00+01:00,Solar 17,0.0
2030,sc01,11-22 23:00:00+01:00,Solar 38,0.0
2030,sc01,11-22 23:00:00+01:00,CT NG 24,0.0
2030,sc01,11-22 23:00:00+01:00,CC NG 27,0.0
2030,sc01,11-22 23:00:00+01:00,Biomass 21,0.015210000000000001
2030,sc01,11-22 23:00:00+01:00,ICE NG 06,0.0
2030,sc01,11-22 23:00:00+01:00,Biomass 25,0.01131
2030,sc01,11-22 23:00:00+01:00,Solar 27,0.0
2030,sc01,11-22 23:00:00+01:00,CT NG 19,0.0
2030,sc01,11-22 23:00:00+01:00,Biomass 42,0.0
2030,sc01,11-22 23:00:00+01:00,Biomass 19,0.015210000000000001
2030,sc01,11-22 23:00:00+01:00,Biomass 06,0.01872
2030,sc01,11-22 23:00:00+01:00,CT NG 10,0.0
2030,sc01,11-22 23:00:00+01:00,CC NG 40,0.0
2030,sc01,11-22 23:00:00+01:00,CC NG 21,0.0
2030,sc01,11-22 23:00:00+01:00,Biomass 02,0.043680000000000004
2030,sc01,11-22 23:00:00+01:00,CT NG 46,0.0
2030,sc01,11-22 23:00:00+01:00,Hydro 34,0.0
2030,sc01,11-22 23:00:00+01:00,Biomass 10,0.03237
2030,sc01,11-22 23:00:00+01:00,CT NG 17,0.0
2030,sc01,11-22 23:00:00+01:00,Biomass 62,0.06825
2030,sc01,11-22 23:00:00+01:00,Biomass 32,0.049530000000000005
2030,sc01,11-22 23:00:00+01:00,CC NG 19,5.27982
2030,sc01,11-22 23:00:00+01:00,CC NG 17,0.0
2030,sc01,11-22 23:00:00+01:00,ST NG 01,0.0
2030,sc01,11-22 23:00:00+01:00,Biomass 45,0.0
2030,sc01,11-22 23:00:00+01:00,Biomass 28,0.06669
2030,sc01,11-22 23:00:00+01:00,CC NG 10,0.0
2030,sc01,11-22 23:00:00+01:00,Biomass 23,0.01131
2030,sc01,11-22 23:00:00+01:00,ST NG 06,0.0
2030,sc01,11-22 23:00:00+01:00,Wind 10,0.266725504968
2030,sc01,11-22 23:00:00+01:00,CT NG 69,0.0
2030,sc01,11-22 23:00:00+01:00,CT NG 68,0.0
2030,sc01,11-24 01:00:00+01:00,CC NG 13,0.0
2030,sc01,11-24 01:00:00+01:00,CT NG 37,0.0
2030,sc01,11-24 01:00:00+01:00,ST Coal 01,0.0
2030,sc01,11-24 01:00:00+01:00,CT NG 09,0.0
2030,sc01,11-24 01:00:00+01:00,CT NG 47,0.0
2030,sc01,11-24 01:00:00+01:00,Solar 69,0.0
2030,sc01,11-24 01:00:00+01:00,Solar 34,0.0
2030,sc01,11-24 01:00:00+01:00,Solar 73,0.0
2030,sc01,11-24 01:00:00+01:00,Biomass 37,0.0
2030,sc01,11-24 01:00:00+01:00,Hydro 20,0.0
2030,sc01,11-24 01:00:00+01:00,Solar 01,0.0
2030,sc01,11-24 01:00:00+01:00,Solar 62,0.0
2030,sc01,11-24 01:00:00+01:00,Solar 02,0.0
2030,sc01,11-24 01:00:00+01:00,CT NG 26,0.0
2030,sc01,11-24 01:00:00+01:00,Biomass 20,0.0
2030,sc01,11-24 01:00:00+01:00,Wind 16,2.267441154562606
2030,sc01,11-24 01:00:00+01:00,CT NG 66,0.0
2030,sc01,11-24 01:00:00+01:00,Solar 39,0.0
2030,sc01,11-24 01:00:00+01:00,Biomass 41,0.0
2030,sc01,11-24 01:00:00+01:00,Solar 72,0.0
2030,sc01,11-24 01:00:00+01:00,ST NG 03,0.0
2030,sc01,11-24 01:00:00+01:00,Hydro 21,0.025811999999999998
2030,sc01,11-24 01:00:00+01:00,CT NG 03,0.0
2030,sc01,11-24 01:00:00+01:00,CC NG 09,0.0
2030,sc01,11-24 01:00:00+01:00,CT Oil 02,0.0
2030,sc01,11-24 01:00:00+01:00,CT NG 39,0.0
2030,sc01,11-24 01:00:00+01:00,CC NG 08,0.0
2030,sc01,11-24 01:00:00+01:00,Biomass 43,0.0
2030,sc01,11-24 01:00:00+01:00,CT NG 18,0.0
2030,sc01,11-24 01:00:00+01:00,ST NG 07,0.0
2030,sc01,11-24 01:00:00+01:00,Biomass 35,0.0
2030,sc01,11-24 01:00:00+01:00,Solar 32,0.0
2030,sc01,11-24 01:00:00+01:00,Biomass 15,0.0
2030,sc01,11-24 01:00:00+01:00,CC NG 31,0.0
2030,sc01,11-24 01:00:00+01:00,Solar 16,0.0
2030,sc01,11-24 01:00:00+01:00,Solar 68,0.0
2030,sc01,11-24 01:00:00+01:00,CT NG 21,0.0
2030,sc01,11-24 01:00:00+01:00,Wind 11,1.08244264716
2030,sc01,11-24 01:00:00+01:00,CC NG 37,0.0
2030,sc01,11-24 01:00:00+01:00,CT NG 22,0.0
2030,sc01,11-24 01:00:00+01:00,Hydro 16,0.00821376
2030,sc01,11-24 01:00:00+01:00,Biomass 59,0.0
2030,sc01,11-24 01:00:00+01:00,CC NG 01,0.0
2030,sc01,11-24 01:00:00+01:00,Biomass 16,0.0
2030,sc01,11-24 01:00:00+01:00,Solar 03,0.0
2030,sc01,11-24 01:00:00+01:00,Solar 44,0.0
2030,sc01,11-24 01:00:00+01:00,CT NG 08,0.0
2030,sc01,11-24 01:00:00+01:00,Wind 05,0.200421708192
2030,sc01,11-24 01:00:00+01:00,Biomass 26,0.0
2030,sc01,11-24 01:00:00+01:00,Solar 37,0.0
2030,sc01,11-24 01:00:00+01:00,Biomass 11,0.0
2030,sc01,11-24 01:00:00+01:00,Solar 59,0.0
2030,sc01,11-24 01:00:00+01:00,CT NG 11,0.0
2030,sc01,11-24 01:00:00+01:00,Biomass 30,0.0
2030,sc01,11-24 01:00:00+01:00,Hydro 23,0.0
2030,sc01,11-24 01:00:00+01:00,CC NG 24,0.0
2030,sc01,11-24 01:00:00+01:00,Solar 65,0.0
2030,sc01,11-24 01:00:00+01:00,CC NG 18,0.0
2030,sc01,11-24 01:00:00+01:00,CT NG 16,0.0
2030,sc01,11-24 01:00:00+01:00,Solar 51,0.0
2030,sc01,11-24 01:00:00+01:00,Wind 06,1.0771296138
2030,sc01,11-24 01:00:00+01:00,CC NG 26,0.0
2030,sc01,11-24 01:00:00+01:00,CC NG 23,0.0
2030,sc01,11-24 01:00:00+01:00,CT NG 43,0.0
2030,sc01,11-24 01:00:00+01:00,CC NG 11,0.0
2030,sc01,11-24 01:00:00+01:00,CT NG 02,0.0
2030,sc01,11-24 01:00:00+01:00,CT NG 50,0.0
2030,sc01,11-24 01:00:00+01:00,Hydro 27,0.0
2030,sc01,11-24 01:00:00+01:00,CT NG 13,0.0
2030,sc01,11-24 01:00:00+01:00,CT NG 25,0.0
2030,sc01,11-24 01:00:00+01:00,CC NG 05,0.0
2030,sc01,11-24 01:00:00+01:00,Solar 04,0.0
2030,sc01,11-24 01:00:00+01:00,Solar 30,0.0
2030,sc01,11-24 01:00:00+01:00,Solar 29,0.0
2030,sc01,11-24 01:00:00+01:00,Solar 53,0.0
2030,sc01,11-24 01:00:00+01:00,Solar 21,0.0
2030,sc01,11-24 01:00:00+01:00,Biomass 58,0.0
2030,sc01,11-24 01:00:00+01:00,CT NG 74,0.0
2030,sc01,11-24 01:00:00+01:00,Solar 61,0.0
2030,sc01,11-24 01:00:00+01:00,Wind 07,1.3882069173600002
2030,sc01,11-24 01:00:00+01:00,Biomass 31,0.0
2030,sc01,11-24 01:00:00+01:00,CT Oil 05,0.0
2030,sc01,11-24 01:00:00+01:00,Biomass 38,0.0
2030,sc01,11-24 01:00:00+01:00,Solar 41,0.0
2030,sc01,11-24 01:00:00+01:00,Biomass 51,0.0
2030,sc01,11-24 01:00:00+01:00,Biomass 55,0.0
2030,sc01,11-24 01:00:00+01:00,Wind 15,0.0
2030,sc01,11-24 01:00:00+01:00,Geo 01,0.0
2030,sc01,11-24 01:00:00+01:00,Biomass 60,0.0
2030,sc01,11-24 01:00:00+01:00,CT NG 38,0.0
2030,sc01,11-24 01:00:00+01:00,Solar 66,0.0
2030,sc01,11-24 01:00:00+01:00,Solar 49,0.0
2030,sc01,11-24 01:00:00+01:00,CT NG 51,0.0
2030,sc01,11-24 01:00:00+01:00,Biomass 18,0.0
2030,sc01,11-24 01:00:00+01:00,ICE NG 01,0.0
2030,sc01,11-24 01:00:00+01:00,Solar 15,0.0
2030,sc01,11-24 01:00:00+01:00,ICE NG 05,0.0
2030,sc01,11-24 01:00:00+01:00,CT Oil 04,0.0
2030,sc01,11-24 01:00:00+01:00,CC NG 20,0.0
2030,sc01,11-24 01:00:00+01:00,Solar 20,0.0
2030,sc01,11-24 01:00:00+01:00,Biomass 04,0.0
2030,sc01,11-24 01:00:00+01:00,Wind 02,2.67428065716
2030,sc01,11-24 01:00:00+01:00,Hydro 25,0.0
2030,sc01,11-24 01:00:00+01:00,Solar 75,0.0
2030,sc01,11-24 01:00:00+01:00,Hydro 33,0.0
2030,sc01,11-24 01:00:00+01:00,ST NG 05,0.0
2030,sc01,11-24 01:00:00+01:00,CT NG 07,0.0
2030,sc01,11-24 01:00:00+01:00,Wind 01,1.0312461324
2030,sc01,11-24 01:00:00+01:00,Solar 56,0.0
2030,sc01,11-24 01:00:00+01:00,Biomass 09,0.0
2030,sc01,11-24 01:00:00+01:00,Biomass 53,0.0
2030,sc01,11-24 01:00:00+01:00,Wind 17,24.5299722336
2030,sc01,11-24 01:00:00+01:00,ST NG 08,0.0
2030,sc01,11-24 01:00:00+01:00,Hydro 19,0.0
2030,sc01,11-24 01:00:00+01:00,ST NG 02,0.0
2030,sc01,11-24 01:00:00+01:00,Biomass 01,0.0
2030,sc01,11-24 01:00:00+01:00,Biomass 57,0.0
2030,sc01,11-24 01:00:00+01:00,CT NG 49,0.0
2030,sc01,11-24 01:00:00+01:00,CT NG 31,0.0
2030,sc01,11-24 01:00:00+01:00,Solar 64,0.0
2030,sc01,11-24 01:00:00+01:00,CC NG 33,0.0
2030,sc01,11-24 01:00:00+01:00,Solar 46,0.0
2030,sc01,11-24 01:00:00+01:00,Biomass 12,0.0
2030,sc01,11-24 01:00:00+01:00,Wind 04,0.87905831544
2030,sc01,11-24 01:00:00+01:00,Solar 13,0.0
2030,sc01,11-24 01:00:00+01:00,CT NG 55,0.0
2030,sc01,11-24 01:00:00+01:00,Wind N03,133.2970758156199
2030,sc01,11-24 01:00:00+01:00,CT NG 28,0.0
2030,sc01,11-24 01:00:00+01:00,Wind 09,3.0074250441599997
2030,sc01,11-24 01:00:00+01:00,Solar 60,0.0
2030,sc01,11-24 01:00:00+01:00,Solar 25,0.0
2030,sc01,11-24 01:00:00+01:00,CT NG 23,0.0
2030,sc01,11-24 01:00:00+01:00,ST Other 01,0.0
2030,sc01,11-24 01:00:00+01:00,Solar 70,0.0
2030,sc01,11-24 01:00:00+01:00,CC NG 34,0.0
2030,sc01,11-24 01:00:00+01:00,Solar 48,0.0
2030,sc01,11-24 01:00:00+01:00,Biomass 56,0.0
2030,sc01,11-24 01:00:00+01:00,CT NG 36,0.0
2030,sc01,11-24 01:00:00+01:00,Solar 47,0.0
2030,sc01,11-24 01:00:00+01:00,Hydro 17,0.013860719999999998
2030,sc01,11-24 01:00:00+01:00,Solar 09,0.0
2030,sc01,11-24 01:00:00+01:00,Solar 08,0.0
2030,sc01,11-24 01:00:00+01:00,CT NG 45,0.0
2030,sc01,11-24 01:00:00+01:00,ST NG 04,0.0
2030,sc01,11-24 01:00:00+01:00,Solar 40,0.0
2030,sc01,11-24 01:00:00+01:00,Biomass 47,0.0
2030,sc01,11-24 01:00:00+01:00,Solar 50,0.0
2030,sc01,11-24 01:00:00+01:00,Solar 52,0.0
2030,sc01,11-24 01:00:00+01:00,Solar 63,0.0
2030,sc01,11-24 01:00:00+01:00,CC NG 06,0.0
2030,sc01,11-24 01:00:00+01:00,Biomass 39,0.0
2030,sc01,11-24 01:00:00+01:00,Solar 67,0.0
2030,sc01,11-24 01:00:00+01:00,Solar 19,0.0
2030,sc01,11-24 01:00:00+01:00,Wind 12,8.0201737476
2030,sc01,11-24 01:00:00+01:00,Solar 24,0.0
2030,sc01,11-24 01:00:00+01:00,ICE NG 02,0.0
2030,sc01,11-24 01:00:00+01:00,Solar 05,0.0
2030,sc01,11-24 01:00:00+01:00,CT NG 54,0.0
2030,sc01,11-24 01:00:00+01:00,Wind N01,76.088827872
2030,sc01,11-24 01:00:00+01:00,CT NG 27,0.0
2030,sc01,11-24 01:00:00+01:00,CC NG 36,0.0
2030,sc01,11-24 01:00:00+01:00,Wind N02,32.5189451426935
2030,sc01,11-24 01:00:00+01:00,CT NG 52,0.0
2030,sc01,11-24 01:00:00+01:00,Solar 35,0.0
2030,sc01,11-24 01:00:00+01:00,CT NG 05,0.0
2030,sc01,11-24 01:00:00+01:00,Biomass 36,0.0
2030,sc01,11-24 01:00:00+01:00,CT NG 34,0.0
2030,sc01,11-24 01:00:00+01:00,CT Oil 03,0.0
2030,sc01,11-24 01:00:00+01:00,Hydro 35,0.0
2030,sc01,11-24 01:00:00+01:00,Solar 14,0.0
2030,sc01,11-24 01:00:00+01:00,CT NG 75,0.0
2030,sc01,11-24 01:00:00+01:00,ST NG 09,0.0
2030,sc01,11-24 01:00:00+01:00,CT NG 56,0.0
2030,sc01,11-24 01:00:00+01:00,Biomass 22,0.0
2030,sc01,11-24 01:00:00+01:00,Solar 18,0.0
2030,sc01,11-24 01:00:00+01:00,Biomass 13,0.0
2030,sc01,11-24 01:00:00+01:00,CT NG 71,0.0
2030,sc01,11-24 01:00:00+01:00,Solar 58,0.0
2030,sc01,11-24 01:00:00+01:00,Solar 06,0.0
2030,sc01,11-24 01:00:00+01:00,Biomass 08,0.0
2030,sc01,11-24 01:00:00+01:00,CT NG 72,0.0
2030,sc01,11-24 01:00:00+01:00,Hydro 18,0.04774248
2030,sc01,11-24 01:00:00+01:00,Solar 10,0.0
2030,sc01,11-24 01:00:00+01:00,CT NG 04,0.0
2030,sc01,11-24 01:00:00+01:00,ST Other 02,0.0
2030,sc01,11-24 01:00:00+01:00,CT NG 12,0.0
2030,sc01,11-24 01:00:00+01:00,CT NG 48,0.0
2030,sc01,11-24 01:00:00+01:00,ST NG 10,0.0
2030,sc01,11-24 01:00:00+01:00,Solar 22,0.0
2030,sc01,11-24 01:00:00+01:00,Solar 28,0.0
2030,sc01,11-24 01:00:00+01:00,CT NG 73,0.0
2030,sc01,11-24 01:00:00+01:00,Biomass 52,0.0
2030,sc01,11-24 01:00:00+01:00,CT NG 30,0.0
2030,sc01,11-24 01:00:00+01:00,Solar 54,0.0
2030,sc01,11-24 01:00:00+01:00,Solar 31,0.0
2030,sc01,11-24 01:00:00+01:00,Biomass 03,0.0
2030,sc01,11-24 01:00:00+01:00,CT NG 32,0.0
2030,sc01,11-24 01:00:00+01:00,Biomass 27,0.0
2030,sc01,11-24 01:00:00+01:00,CC NG 14,0.0
2030,sc01,11-24 01:00:00+01:00,CC NG 03,0.0
2030,sc01,11-24 01:00:00+01:00,CC NG 29,0.0
2030,sc01,11-24 01:00:00+01:00,CC NG 28,0.0
2030,sc01,11-24 01:00:00+01:00,CC NG 25,0.0
2030,sc01,11-24 01:00:00+01:00,CT NG 44,0.0
2030,sc01,11-24 01:00:00+01:00,CT NG 14,0.0
2030,sc01,11-24 01:00:00+01:00,CC NG 15,0.0
2030,sc01,11-24 01:00:00+01:00,CC NG 04,0.0
2030,sc01,11-24 01:00:00+01:00,Biomass 29,0.0
2030,sc01,11-24 01:00:00+01:00,Wind 14,0.0
2030,sc01,11-24 01:00:00+01:00,Wind 08,3.1765303987199998
2030,sc01,11-24 01:00:00+01:00,Biomass 61,0.0
2030,sc01,11-24 01:00:00+01:00,CT NG 35,0.0
2030,sc01,11-24 01:00:00+01:00,Solar 33,0.0
2030,sc01,11-24 01:00:00+01:00,CT NG 41,0.0
2030,sc01,11-24 01:00:00+01:00,CT NG 15,0.0
2030,sc01,11-24 01:00:00+01:00,Solar 42,0.0
2030,sc01,11-24 01:00:00+01:00,Solar 07,0.0
2030,sc01,11-24 01:00:00+01:00,Solar 43,0.0
2030,sc01,11-24 01:00:00+01:00,Biomass 05,0.0
2030,sc01,11-24 01:00:00+01:00,CT NG 29,0.0
2030,sc01,11-24 01:00:00+01:00,Solar 71,0.0
2030,sc01,11-24 01:00:00+01:00,CT NG 53,0.0
2030,sc01,11-24 01:00:00+01:00,CT NG 20,0.0
2030,sc01,11-24 01:00:00+01:00,Biomass 14,0.0
2030,sc01,11-24 01:00:00+01:00,Solar 26,0.0
2030,sc01,11-24 01:00:00+01:00,Hydro 29,0.0
2030,sc01,11-24 01:00:00+01:00,Hydro 31,0.0
2030,sc01,11-24 01:00:00+01:00,Biomass 24,0.0
2030,sc01,11-24 01:00:00+01:00,Biomass 54,0.0
2030,sc01,11-24 01:00:00+01:00,Solar 36,0.0
2030,sc01,11-24 01:00:00+01:00,Wind 03,1.90628184528
2030,sc01,11-24 01:00:00+01:00,Biomass 40,0.0
2030,sc01,11-24 01:00:00+01:00,Biomass 49,0.0
2030,sc01,11-24 01:00:00+01:00,CC NG 16,0.0
2030,sc01,11-24 01:00:00+01:00,Biomass 48,0.0
2030,sc01,11-24 01:00:00+01:00,Hydro 28,0.0
2030,sc01,11-24 01:00:00+01:00,Biomass 17,0.0
2030,sc01,11-24 01:00:00+01:00,CT NG 33,0.0
2030,sc01,11-24 01:00:00+01:00,Solar 45,0.0
2030,sc01,11-24 01:00:00+01:00,Hydro 24,0.0
2030,sc01,11-24 01:00:00+01:00,Wind 13,2.40500812104
2030,sc01,11-24 01:00:00+01:00,Biomass 07,0.0
2030,sc01,11-24 01:00:00+01:00,Biomass 34,0.0
2030,sc01,11-24 01:00:00+01:00,Biomass 33,0.0
2030,sc01,11-24 01:00:00+01:00,CT NG 01,0.0
2030,sc01,11-24 01:00:00+01:00,ICE NG 03,0.0
2030,sc01,11-24 01:00:00+01:00,Solar 55,0.0
2030,sc01,11-24 01:00:00+01:00,Solar 11,0.0
2030,sc01,11-24 01:00:00+01:00,CT NG 06,0.0
2030,sc01,11-24 01:00:00+01:00,CT NG 70,0.0
2030,sc01,11-24 01:00:00+01:00,Solar 23,0.0
2030,sc01,11-24 01:00:00+01:00,CT NG 67,0.0
2030,sc01,11-24 01:00:00+01:00,Solar 12,0.0
2030,sc01,11-24 01:00:00+01:00,CT Oil 01,0.0
2030,sc01,11-24 01:00:00+01:00,Hydro 26,0.0
2030,sc01,11-24 01:00:00+01:00,CC NG 22,0.0
2030,sc01,11-24 01:00:00+01:00,CC NG 35,0.0
2030,sc01,11-24 01:00:00+01:00,Biomass 50,0.0
2030,sc01,11-24 01:00:00+01:00,ICE NG 04,0.0
2030,sc01,11-24 01:00:00+01:00,CC NG 39,0.0
2030,sc01,11-24 01:00:00+01:00,Hydro 32,0.0
2030,sc01,11-24 01:00:00+01:00,ICE NG 07,0.0
2030,sc01,11-24 01:00:00+01:00,Biomass 46,0.0
2030,sc01,11-24 01:00:00+01:00,CC NG 38,0.0
2030,sc01,11-24 01:00:00+01:00,CC NG 12,0.0
2030,sc01,11-24 01:00:00+01:00,Solar 57,0.0
2030,sc01,11-24 01:00:00+01:00,CC NG 32,0.0
2030,sc01,11-24 01:00:00+01:00,CC NG 07,0.0
2030,sc01,11-24 01:00:00+01:00,Biomass 44,0.0
2030,sc01,11-24 01:00:00+01:00,CT NG 40,0.0
2030,sc01,11-24 01:00:00+01:00,Solar 74,0.0
2030,sc01,11-24 01:00:00+01:00,Hydro 30,0.0
2030,sc01,11-24 01:00:00+01:00,CT NG 42,0.0
2030,sc01,11-24 01:00:00+01:00,Hydro 22,0.025811999999999998
2030,sc01,11-24 01:00:00+01:00,Solar 17,0.0
2030,sc01,11-24 01:00:00+01:00,Solar 38,0.0
2030,sc01,11-24 01:00:00+01:00,CT NG 24,0.0
2030,sc01,11-24 01:00:00+01:00,CC NG 27,0.0
2030,sc01,11-24 01:00:00+01:00,Biomass 21,0.0
2030,sc01,11-24 01:00:00+01:00,ICE NG 06,0.0
2030,sc01,11-24 01:00:00+01:00,Biomass 25,0.0
2030,sc01,11-24 01:00:00+01:00,Solar 27,0.0
2030,sc01,11-24 01:00:00+01:00,CT NG 19,0.0
2030,sc01,11-24 01:00:00+01:00,Biomass 42,0.0
2030,sc01,11-24 01:00:00+01:00,Biomass 19,0.0
2030,sc01,11-24 01:00:00+01:00,Biomass 06,0.0
2030,sc01,11-24 01:00:00+01:00,CT NG 10,0.0
2030,sc01,11-24 01:00:00+01:00,CC NG 40,0.0
2030,sc01,11-24 01:00:00+01:00,CC NG 21,0.0
2030,sc01,11-24 01:00:00+01:00,Biomass 02,0.0
2030,sc01,11-24 01:00:00+01:00,CT NG 46,0.0
2030,sc01,11-24 01:00:00+01:00,Hydro 34,0.0
2030,sc01,11-24 01:00:00+01:00,Biomass 10,0.0
2030,sc01,11-24 01:00:00+01:00,CT NG 17,0.0
2030,sc01,11-24 01:00:00+01:00,Biomass 62,0.0
2030,sc01,11-24 01:00:00+01:00,Biomass 32,0.0
2030,sc01,11-24 01:00:00+01:00,CC NG 19,0.0
2030,sc01,11-24 01:00:00+01:00,CC NG 17,0.0
2030,sc01,11-24 01:00:00+01:00,ST NG 01,0.0
2030,sc01,11-24 01:00:00+01:00,Biomass 45,0.0
2030,sc01,11-24 01:00:00+01:00,Biomass 28,0.0
2030,sc01,11-24 01:00:00+01:00,CC NG 10,0.0
2030,sc01,11-24 01:00:00+01:00,Biomass 23,0.0
2030,sc01,11-24 01:00:00+01:00,ST NG 06,0.0
2030,sc01,11-24 01:00:00+01:00,Wind 10,2.98680418944
2030,sc01,11-24 01:00:00+01:00,CT NG 69,0.0
2030,sc01,11-24 01:00:00+01:00,CT NG 68,0.0
2030,sc01,11-24 17:00:00+01:00,CC NG 13,0.0
2030,sc01,11-24 17:00:00+01:00,CT NG 37,0.0
2030,sc01,11-24 17:00:00+01:00,ST Coal 01,0.0
2030,sc01,11-24 17:00:00+01:00,CT NG 09,0.0
2030,sc01,11-24 17:00:00+01:00,CT NG 47,0.0
2030,sc01,11-24 17:00:00+01:00,Solar 69,0.0
2030,sc01,11-24 17:00:00+01:00,Solar 34,0.0
2030,sc01,11-24 17:00:00+01:00,Solar 73,0.0
2030,sc01,11-24 17:00:00+01:00,Biomass 37,0.0
2030,sc01,11-24 17:00:00+01:00,Hydro 20,0.0
2030,sc01,11-24 17:00:00+01:00,Solar 01,0.0
2030,sc01,11-24 17:00:00+01:00,Solar 62,0.0
2030,sc01,11-24 17:00:00+01:00,Solar 02,0.0
2030,sc01,11-24 17:00:00+01:00,CT NG 26,0.0
2030,sc01,11-24 17:00:00+01:00,Biomass 20,0.009750000000000002
2030,sc01,11-24 17:00:00+01:00,Wind 16,0.0
2030,sc01,11-24 17:00:00+01:00,CT NG 66,0.0
2030,sc01,11-24 17:00:00+01:00,Solar 39,0.0
2030,sc01,11-24 17:00:00+01:00,Biomass 41,0.0
2030,sc01,11-24 17:00:00+01:00,Solar 72,0.0
2030,sc01,11-24 17:00:00+01:00,ST NG 03,0.0
2030,sc01,11-24 17:00:00+01:00,Hydro 21,0.0
2030,sc01,11-24 17:00:00+01:00,CT NG 03,0.0
2030,sc01,11-24 17:00:00+01:00,CC NG 09,0.0
2030,sc01,11-24 17:00:00+01:00,CT Oil 02,0.0
2030,sc01,11-24 17:00:00+01:00,CT NG 39,0.0
2030,sc01,11-24 17:00:00+01:00,CC NG 08,0.0
2030,sc01,11-24 17:00:00+01:00,Biomass 43,0.0
2030,sc01,11-24 17:00:00+01:00,CT NG 18,0.09447749999999998
2030,sc01,11-24 17:00:00+01:00,ST NG 07,0.0
2030,sc01,11-24 17:00:00+01:00,Biomass 35,0.0
2030,sc01,11-24 17:00:00+01:00,Solar 32,0.0
2030,sc01,11-24 17:00:00+01:00,Biomass 15,0.00525
2030,sc01,11-24 17:00:00+01:00,CC NG 31,0.0
2030,sc01,11-24 17:00:00+01:00,Solar 16,0.0
2030,sc01,11-24 17:00:00+01:00,Solar 68,0.0
2030,sc01,11-24 17:00:00+01:00,CT NG 21,0.0
2030,sc01,11-24 17:00:00+01:00,Wind 11,0.2855535355
2030,sc01,11-24 17:00:00+01:00,CC NG 37,0.0
2030,sc01,11-24 17:00:00+01:00,CT NG 22,0.0
2030,sc01,11-24 17:00:00+01:00,Hydro 16,0.005536
2030,sc01,11-24 17:00:00+01:00,Biomass 59,0.10350000000000001
2030,sc01,11-24 17:00:00+01:00,CC NG 01,0.0
2030,sc01,11-24 17:00:00+01:00,Biomass 16,0.00525
2030,sc01,11-24 17:00:00+01:00,Solar 03,0.0
2030,sc01,11-24 17:00:00+01:00,Solar 44,0.0
2030,sc01,11-24 17:00:00+01:00,CT NG 08,0.0
2030,sc01,11-24 17:00:00+01:00,Wind 05,0.017569868
2030,sc01,11-24 17:00:00+01:00,Biomass 26,0.042749999999999996
2030,sc01,11-24 17:00:00+01:00,Solar 37,0.0
2030,sc01,11-24 17:00:00+01:00,Biomass 11,0.009750000000000002
2030,sc01,11-24 17:00:00+01:00,Solar 59,0.0
2030,sc01,11-24 17:00:00+01:00,CT NG 11,0.0
2030,sc01,11-24 17:00:00+01:00,Biomass 30,0.042749999999999996
2030,sc01,11-24 17:00:00+01:00,Hydro 23,0.0
2030,sc01,11-24 17:00:00+01:00,CC NG 24,0.0
2030,sc01,11-24 17:00:00+01:00,Solar 65,0.0
2030,sc01,11-24 17:00:00+01:00,CC NG 18,8.000821084453829
2030,sc01,11-24 17:00:00+01:00,CT NG 16,0.0
2030,sc01,11-24 17:00:00+01:00,Solar 51,0.0
2030,sc01,11-24 17:00:00+01:00,Wind 06,0.32825548800000004
2030,sc01,11-24 17:00:00+01:00,CC NG 26,0.0
2030,sc01,11-24 17:00:00+01:00,CC NG 23,0.0
2030,sc01,11-24 17:00:00+01:00,CT NG 43,0.0
2030,sc01,11-24 17:00:00+01:00,CC NG 11,0.0
2030,sc01,11-24 17:00:00+01:00,CT NG 02,0.0
2030,sc01,11-24 17:00:00+01:00,CT NG 50,0.0
2030,sc01,11-24 17:00:00+01:00,Hydro 27,0.0
2030,sc01,11-24 17:00:00+01:00,CT NG 13,0.0
2030,sc01,11-24 17:00:00+01:00,CT NG 25,0.0
2030,sc01,11-24 17:00:00+01:00,CC NG 05,0.19757740474805444
2030,sc01,11-24 17:00:00+01:00,Solar 04,0.0
2030,sc01,11-24 17:00:00+01:00,Solar 30,0.0
2030,sc01,11-24 17:00:00+01:00,Solar 29,0.0
2030,sc01,11-24 17:00:00+01:00,Solar 53,0.0
2030,sc01,11-24 17:00:00+01:00,Solar 21,0.0
2030,sc01,11-24 17:00:00+01:00,Biomass 58,0.0505
2030,sc01,11-24 17:00:00+01:00,CT NG 74,0.0
2030,sc01,11-24 17:00:00+01:00,Solar 61,0.0
2030,sc01,11-24 17:00:00+01:00,Wind 07,0.275449926
2030,sc01,11-24 17:00:00+01:00,Biomass 31,0.042749999999999996
2030,sc01,11-24 17:00:00+01:00,CT Oil 05,0.0
2030,sc01,11-24 17:00:00+01:00,Biomass 38,0.0
2030,sc01,11-24 17:00:00+01:00,Solar 41,0.0
2030,sc01,11-24 17:00:00+01:00,Biomass 51,0.0
2030,sc01,11-24 17:00:00+01:00,Biomass 55,0.0665
2030,sc01,11-24 17:00:00+01:00,Wind 15,0.0
2030,sc01,11-24 17:00:00+01:00,Geo 01,0.0
2030,sc01,11-24 17:00:00+01:00,Biomass 60,0.0675
2030,sc01,11-24 17:00:00+01:00,CT NG 38,0.0
2030,sc01,11-24 17:00:00+01:00,Solar 66,0.0
2030,sc01,11-24 17:00:00+01:00,Solar 49,0.0
2030,sc01,11-24 17:00:00+01:00,CT NG 51,0.0
2030,sc01,11-24 17:00:00+01:00,Biomass 18,0.00525
2030,sc01,11-24 17:00:00+01:00,ICE NG 01,0.0
2030,sc01,11-24 17:00:00+01:00,Solar 15,0.0
2030,sc01,11-24 17:00:00+01:00,ICE NG 05,0.0
2030,sc01,11-24 17:00:00+01:00,CT Oil 04,0.0
2030,sc01,11-24 17:00:00+01:00,CC NG 20,0.0
2030,sc01,11-24 17:00:00+01:00,Solar 20,0.0
2030,sc01,11-24 17:00:00+01:00,Biomass 04,0.0
2030,sc01,11-24 17:00:00+01:00,Wind 02,0.442539621
2030,sc01,11-24 17:00:00+01:00,Hydro 25,0.0
2030,sc01,11-24 17:00:00+01:00,Solar 75,0.0
2030,sc01,11-24 17:00:00+01:00,Hydro 33,0.0
2030,sc01,11-24 17:00:00+01:00,ST NG 05,0.0
2030,sc01,11-24 17:00:00+01:00,CT NG 07,0.0
2030,sc01,11-24 17:00:00+01:00,Wind 01,0.1833820036
2030,sc01,11-24 17:00:00+01:00,Solar 56,0.0
2030,sc01,11-24 17:00:00+01:00,Biomass 09,0.02075
2030,sc01,11-24 17:00:00+01:00,Biomass 53,0.0665
2030,sc01,11-24 17:00:00+01:00,Wind 17,17.144931897487776
2030,sc01,11-24 17:00:00+01:00,ST NG 08,0.0
2030,sc01,11-24 17:00:00+01:00,Hydro 19,0.0
2030,sc01,11-24 17:00:00+01:00,ST NG 02,0.0
2030,sc01,11-24 17:00:00+01:00,Biomass 01,0.028000000000000004
2030,sc01,11-24 17:00:00+01:00,Biomass 57,0.0505
2030,sc01,11-24 17:00:00+01:00,CT NG 49,0.0
2030,sc01,11-24 17:00:00+01:00,CT NG 31,0.0
2030,sc01,11-24 17:00:00+01:00,Solar 64,0.0
2030,sc01,11-24 17:00:00+01:00,CC NG 33,0.0
2030,sc01,11-24 17:00:00+01:00,Solar 46,0.0
2030,sc01,11-24 17:00:00+01:00,Biomass 12,0.009750000000000002
2030,sc01,11-24 17:00:00+01:00,Wind 04,0.13061936080000003
2030,sc01,11-24 17:00:00+01:00,Solar 13,0.0
2030,sc01,11-24 17:00:00+01:00,CT NG 55,0.0
2030,sc01,11-24 17:00:00+01:00,Wind N03,134.9177830954998
2030,sc01,11-24 17:00:00+01:00,CT NG 28,0.0
2030,sc01,11-24 17:00:00+01:00,Wind 09,0.269811651
2030,sc01,11-24 17:00:00+01:00,Solar 60,0.0
2030,sc01,11-24 17:00:00+01:00,Solar 25,0.0
2030,sc01,11-24 17:00:00+01:00,CT NG 23,0.0
2030,sc01,11-24 17:00:00+01:00,ST Other 01,0.0
2030,sc01,11-24 17:00:00+01:00,Solar 70,0.0
2030,sc01,11-24 17:00:00+01:00,CC NG 34,0.0
2030,sc01,11-24 17:00:00+01:00,Solar 48,0.0
2030,sc01,11-24 17:00:00+01:00,Biomass 56,0.062250000000000014
2030,sc01,11-24 17:00:00+01:00,CT NG 36,0.0
2030,sc01,11-24 17:00:00+01:00,Solar 47,0.0
2030,sc01,11-24 17:00:00+01:00,Hydro 17,0.009342000000000001
2030,sc01,11-24 17:00:00+01:00,Solar 09,0.0
2030,sc01,11-24 17:00:00+01:00,Solar 08,0.0
2030,sc01,11-24 17:00:00+01:00,CT NG 45,0.0
2030,sc01,11-24 17:00:00+01:00,ST NG 04,0.0
2030,sc01,11-24 17:00:00+01:00,Solar 40,0.0
2030,sc01,11-24 17:00:00+01:00,Biomass 47,0.0
2030,sc01,11-24 17:00:00+01:00,Solar 50,0.0
2030,sc01,11-24 17:00:00+01:00,Solar 52,0.0
2030,sc01,11-24 17:00:00+01:00,Solar 63,0.0
2030,sc01,11-24 17:00:00+01:00,CC NG 06,0.0
2030,sc01,11-24 17:00:00+01:00,Biomass 39,0.0
2030,sc01,11-24 17:00:00+01:00,Solar 67,0.0
2030,sc01,11-24 17:00:00+01:00,Solar 19,0.0
2030,sc01,11-24 17:00:00+01:00,Wind 12,1.9889737267499998
2030,sc01,11-24 17:00:00+01:00,Solar 24,0.0
2030,sc01,11-24 17:00:00+01:00,ICE NG 02,0.0
2030,sc01,11-24 17:00:00+01:00,Solar 05,0.0
2030,sc01,11-24 17:00:00+01:00,CT NG 54,0.0
2030,sc01,11-24 17:00:00+01:00,Wind N01,18.8697507425
2030,sc01,11-24 17:00:00+01:00,CT NG 27,0.0
2030,sc01,11-24 17:00:00+01:00,CC NG 36,0.0
2030,sc01,11-24 17:00:00+01:00,Wind N02,40.36923318737716
2030,sc01,11-24 17:00:00+01:00,CT NG 52,0.0
2030,sc01,11-24 17:00:00+01:00,Solar 35,0.0
2030,sc01,11-24 17:00:00+01:00,CT NG 05,0.0
2030,sc01,11-24 17:00:00+01:00,Biomass 36,0.0
2030,sc01,11-24 17:00:00+01:00,CT NG 34,0.0
2030,sc01,11-24 17:00:00+01:00,CT Oil 03,0.0
2030,sc01,11-24 17:00:00+01:00,Hydro 35,0.0
2030,sc01,11-24 17:00:00+01:00,Solar 14,0.0
2030,sc01,11-24 17:00:00+01:00,CT NG 75,0.0
2030,sc01,11-24 17:00:00+01:00,ST NG 09,0.0
2030,sc01,11-24 17:00:00+01:00,CT NG 56,0.0
2030,sc01,11-24 17:00:00+01:00,Biomass 22,0.009750000000000002
2030,sc01,11-24 17:00:00+01:00,Solar 18,0.0
2030,sc01,11-24 17:00:00+01:00,Biomass 13,0.009750000000000002
2030,sc01,11-24 17:00:00+01:00,CT NG 71,0.0
2030,sc01,11-24 17:00:00+01:00,Solar 58,0.0
2030,sc01,11-24 17:00:00+01:00,Solar 06,0.0
2030,sc01,11-24 17:00:00+01:00,Biomass 08,0.02075
2030,sc01,11-24 17:00:00+01:00,CT NG 72,0.0
2030,sc01,11-24 17:00:00+01:00,Hydro 18,0.032178000000000005
2030,sc01,11-24 17:00:00+01:00,Solar 10,0.0
2030,sc01,11-24 17:00:00+01:00,CT NG 04,0.0
2030,sc01,11-24 17:00:00+01:00,ST Other 02,0.0
2030,sc01,11-24 17:00:00+01:00,CT NG 12,0.0
2030,sc01,11-24 17:00:00+01:00,CT NG 48,0.0
2030,sc01,11-24 17:00:00+01:00,ST NG 10,0.0
2030,sc01,11-24 17:00:00+01:00,Solar 22,0.0
2030,sc01,11-24 17:00:00+01:00,Solar 28,0.0
2030,sc01,11-24 17:00:00+01:00,CT NG 73,0.0
2030,sc01,11-24 17:00:00+01:00,Biomass 52,0.0
2030,sc01,11-24 17:00:00+01:00,CT NG 30,0.0
2030,sc01,11-24 17:00:00+01:00,Solar 54,0.0
2030,sc01,11-24 17:00:00+01:00,Solar 31,0.0
2030,sc01,11-24 17:00:00+01:00,Biomass 03,0.0
2030,sc01,11-24 17:00:00+01:00,CT NG 32,0.0
2030,sc01,11-24 17:00:00+01:00,Biomass 27,0.042749999999999996
2030,sc01,11-24 17:00:00+01:00,CC NG 14,0.0
2030,sc01,11-24 17:00:00+01:00,CC NG 03,3.0697415
2030,sc01,11-24 17:00:00+01:00,CC NG 29,0.0
2030,sc01,11-24 17:00:00+01:00,CC NG 28,0.0
2030,sc01,11-24 17:00:00+01:00,CC NG 25,0.0
2030,sc01,11-24 17:00:00+01:00,CT NG 44,0.0
2030,sc01,11-24 17:00:00+01:00,CT NG 14,0.0
2030,sc01,11-24 17:00:00+01:00,CC NG 15,0.0
2030,sc01,11-24 17:00:00+01:00,CC NG 04,7.736
2030,sc01,11-24 17:00:00+01:00,Biomass 29,0.042749999999999996
2030,sc01,11-24 17:00:00+01:00,Wind 14,6.833473496258591
2030,sc01,11-24 17:00:00+01:00,Wind 08,0.298602204
2030,sc01,11-24 17:00:00+01:00,Biomass 61,0.0
2030,sc01,11-24 17:00:00+01:00,CT NG 35,0.0
2030,sc01,11-24 17:00:00+01:00,Solar 33,0.0
2030,sc01,11-24 17:00:00+01:00,CT NG 41,0.0
2030,sc01,11-24 17:00:00+01:00,CT NG 15,0.0
2030,sc01,11-24 17:00:00+01:00,Solar 42,0.0
2030,sc01,11-24 17:00:00+01:00,Solar 07,0.0
2030,sc01,11-24 17:00:00+01:00,Solar 43,0.0
2030,sc01,11-24 17:00:00+01:00,Biomass 05,0.012
2030,sc01,11-24 17:00:00+01:00,CT NG 29,0.0
2030,sc01,11-24 17:00:00+01:00,Solar 71,0.0
2030,sc01,11-24 17:00:00+01:00,CT NG 53,0.0
2030,sc01,11-24 17:00:00+01:00,CT NG 20,0.0
2030,sc01,11-24 17:00:00+01:00,Biomass 14,0.0215
2030,sc01,11-24 17:00:00+01:00,Solar 26,0.0
2030,sc01,11-24 17:00:00+01:00,Hydro 29,0.0
2030,sc01,11-24 17:00:00+01:00,Hydro 31,0.0
2030,sc01,11-24 17:00:00+01:00,Biomass 24,0.00725
2030,sc01,11-24 17:00:00+01:00,Biomass 54,0.0665
2030,sc01,11-24 17:00:00+01:00,Solar 36,0.0
2030,sc01,11-24 17:00:00+01:00,Wind 03,0.36836925075
2030,sc01,11-24 17:00:00+01:00,Biomass 40,0.0
2030,sc01,11-24 17:00:00+01:00,Biomass 49,0.0
2030,sc01,11-24 17:00:00+01:00,CC NG 16,22.8091125
2030,sc01,11-24 17:00:00+01:00,Biomass 48,0.0
2030,sc01,11-24 17:00:00+01:00,Hydro 28,0.0
2030,sc01,11-24 17:00:00+01:00,Biomass 17,0.00525
2030,sc01,11-24 17:00:00+01:00,CT NG 33,0.0
2030,sc01,11-24 17:00:00+01:00,Solar 45,0.0
2030,sc01,11-24 17:00:00+01:00,Hydro 24,0.0
2030,sc01,11-24 17:00:00+01:00,Wind 13,0.86794790025
2030,sc01,11-24 17:00:00+01:00,Biomass 07,0.05
2030,sc01,11-24 17:00:00+01:00,Biomass 34,0.0
2030,sc01,11-24 17:00:00+01:00,Biomass 33,0.0
2030,sc01,11-24 17:00:00+01:00,CT NG 01,0.0
2030,sc01,11-24 17:00:00+01:00,ICE NG 03,0.0
2030,sc01,11-24 17:00:00+01:00,Solar 55,0.0
2030,sc01,11-24 17:00:00+01:00,Solar 11,0.0
2030,sc01,11-24 17:00:00+01:00,CT NG 06,0.0
2030,sc01,11-24 17:00:00+01:00,CT NG 70,0.0
2030,sc01,11-24 17:00:00+01:00,Solar 23,0.0
2030,sc01,11-24 17:00:00+01:00,CT NG 67,0.0
2030,sc01,11-24 17:00:00+01:00,Solar 12,0.0
2030,sc01,11-24 17:00:00+01:00,CT Oil 01,0.0
2030,sc01,11-24 17:00:00+01:00,Hydro 26,0.0
2030,sc01,11-24 17:00:00+01:00,CC NG 22,0.0
2030,sc01,11-24 17:00:00+01:00,CC NG 35,0.0
2030,sc01,11-24 17:00:00+01:00,Biomass 50,0.0
2030,sc01,11-24 17:00:00+01:00,ICE NG 04,0.0
2030,sc01,11-24 17:00:00+01:00,CC NG 39,0.0
2030,sc01,11-24 17:00:00+01:00,Hydro 32,0.0033216
2030,sc01,11-24 17:00:00+01:00,ICE NG 07,0.0
2030,sc01,11-24 17:00:00+01:00,Biomass 46,0.0
2030,sc01,11-24 17:00:00+01:00,CC NG 38,0.0
2030,sc01,11-24 17:00:00+01:00,CC NG 12,0.0
2030,sc01,11-24 17:00:00+01:00,Solar 57,0.0
2030,sc01,11-24 17:00:00+01:00,CC NG 32,0.0
2030,sc01,11-24 17:00:00+01:00,CC NG 07,0.0
2030,sc01,11-24 17:00:00+01:00,Biomass 44,0.0
2030,sc01,11-24 17:00:00+01:00,CT NG 40,0.0
2030,sc01,11-24 17:00:00+01:00,Solar 74,0.0
2030,sc01,11-24 17:00:00+01:00,Hydro 30,0.0
2030,sc01,11-24 17:00:00+01:00,CT NG 42,0.0
2030,sc01,11-24 17:00:00+01:00,Hydro 22,0.0
2030,sc01,11-24 17:00:00+01:00,Solar 17,0.0
2030,sc01,11-24 17:00:00+01:00,Solar 38,0.0
2030,sc01,11-24 17:00:00+01:00,CT NG 24,0.0
2030,sc01,11-24 17:00:00+01:00,CC NG 27,0.0
2030,sc01,11-24 17:00:00+01:00,Biomass 21,0.009750000000000002
2030,sc01,11-24 17:00:00+01:00,ICE NG 06,0.0
2030,sc01,11-24 17:00:00+01:00,Biomass 25,0.00725
2030,sc01,11-24 17:00:00+01:00,Solar 27,0.0
2030,sc01,11-24 17:00:00+01:00,CT NG 19,0.0
2030,sc01,11-24 17:00:00+01:00,Biomass 42,0.0
2030,sc01,11-24 17:00:00+01:00,Biomass 19,0.009750000000000002
2030,sc01,11-24 17:00:00+01:00,Biomass 06,0.012
2030,sc01,11-24 17:00:00+01:00,CT NG 10,0.0
2030,sc01,11-24 17:00:00+01:00,CC NG 40,0.0
2030,sc01,11-24 17:00:00+01:00,CC NG 21,0.0
2030,sc01,11-24 17:00:00+01:00,Biomass 02,0.028000000000000004
2030,sc01,11-24 17:00:00+01:00,CT NG 46,0.0
2030,sc01,11-24 17:00:00+01:00,Hydro 34,0.0
2030,sc01,11-24 17:00:00+01:00,Biomass 10,0.02075
2030,sc01,11-24 17:00:00+01:00,CT NG 17,0.16715249999999998
2030,sc01,11-24 17:00:00+01:00,Biomass 62,0.043750000000000004
2030,sc01,11-24 17:00:00+01:00,Biomass 32,0.03175
2030,sc01,11-24 17:00:00+01:00,CC NG 19,3.3845
2030,sc01,11-24 17:00:00+01:00,CC NG 17,0.0
2030,sc01,11-24 17:00:00+01:00,ST NG 01,0.0
2030,sc01,11-24 17:00:00+01:00,Biomass 45,0.0
2030,sc01,11-24 17:00:00+01:00,Biomass 28,0.042749999999999996
2030,sc01,11-24 17:00:00+01:00,CC NG 10,0.0
2030,sc01,11-24 17:00:00+01:00,Biomass 23,0.00725
2030,sc01,11-24 17:00:00+01:00,ST NG 06,0.0
2030,sc01,11-24 17:00:00+01:00,Wind 10,0.2812947135
2030,sc01,11-24 17:00:00+01:00,CT NG 69,0.0
2030,sc01,11-24 17:00:00+01:00,CT NG 68,0.0
2030,sc01,11-25 05:00:00+01:00,CC NG 13,0.0
2030,sc01,11-25 05:00:00+01:00,CT NG 37,0.0
2030,sc01,11-25 05:00:00+01:00,ST Coal 01,0.0
2030,sc01,11-25 05:00:00+01:00,CT NG 09,0.0
2030,sc01,11-25 05:00:00+01:00,CT NG 47,0.0
2030,sc01,11-25 05:00:00+01:00,Solar 69,0.0
2030,sc01,11-25 05:00:00+01:00,Solar 34,0.0
2030,sc01,11-25 05:00:00+01:00,Solar 73,0.0
2030,sc01,11-25 05:00:00+01:00,Biomass 37,0.0
2030,sc01,11-25 05:00:00+01:00,Hydro 20,0.0
2030,sc01,11-25 05:00:00+01:00,Solar 01,0.0
2030,sc01,11-25 05:00:00+01:00,Solar 62,0.0
2030,sc01,11-25 05:00:00+01:00,Solar 02,0.0
2030,sc01,11-25 05:00:00+01:00,CT NG 26,0.0
2030,sc01,11-25 05:00:00+01:00,Biomass 20,0.01794
2030,sc01,11-25 05:00:00+01:00,Wind 16,14.1967187476
2030,sc01,11-25 05:00:00+01:00,CT NG 66,0.0
2030,sc01,11-25 05:00:00+01:00,Solar 39,0.0
2030,sc01,11-25 05:00:00+01:00,Biomass 41,0.0
2030,sc01,11-25 05:00:00+01:00,Solar 72,0.0
2030,sc01,11-25 05:00:00+01:00,ST NG 03,0.0
2030,sc01,11-25 05:00:00+01:00,Hydro 21,0.0
2030,sc01,11-25 05:00:00+01:00,CT NG 03,0.0
2030,sc01,11-25 05:00:00+01:00,CC NG 09,0.0
2030,sc01,11-25 05:00:00+01:00,CT Oil 02,0.0
2030,sc01,11-25 05:00:00+01:00,CT NG 39,0.0
2030,sc01,11-25 05:00:00+01:00,CC NG 08,0.0
2030,sc01,11-25 05:00:00+01:00,Biomass 43,0.0
2030,sc01,11-25 05:00:00+01:00,CT NG 18,0.17383859999999995
2030,sc01,11-25 05:00:00+01:00,ST NG 07,0.0
2030,sc01,11-25 05:00:00+01:00,Biomass 35,0.0
2030,sc01,11-25 05:00:00+01:00,Solar 32,0.0
2030,sc01,11-25 05:00:00+01:00,Biomass 15,0.00966
2030,sc01,11-25 05:00:00+01:00,CC NG 31,0.0
2030,sc01,11-25 05:00:00+01:00,Solar 16,0.0
2030,sc01,11-25 05:00:00+01:00,Solar 68,0.0
2030,sc01,11-25 05:00:00+01:00,CT NG 21,0.0
2030,sc01,11-25 05:00:00+01:00,Wind 11,0.87204962576
2030,sc01,11-25 05:00:00+01:00,CC NG 37,0.0
2030,sc01,11-25 05:00:00+01:00,CT NG 22,0.0
2030,sc01,11-25 05:00:00+01:00,Hydro 16,0.01022672
2030,sc01,11-25 05:00:00+01:00,Biomass 59,0.19044000000000003
2030,sc01,11-25 05:00:00+01:00,CC NG 01,0.0
2030,sc01,11-25 05:00:00+01:00,Biomass 16,0.00966
2030,sc01,11-25 05:00:00+01:00,Solar 03,0.0
2030,sc01,11-25 05:00:00+01:00,Solar 44,0.0
2030,sc01,11-25 05:00:00+01:00,CT NG 08,0.0
2030,sc01,11-25 05:00:00+01:00,Wind 05,0.016628878928
2030,sc01,11-25 05:00:00+01:00,Biomass 26,0.07866
2030,sc01,11-25 05:00:00+01:00,Solar 37,0.0
2030,sc01,11-25 05:00:00+01:00,Biomass 11,0.01794
2030,sc01,11-25 05:00:00+01:00,Solar 59,0.0
2030,sc01,11-25 05:00:00+01:00,CT NG 11,0.0
2030,sc01,11-25 05:00:00+01:00,Biomass 30,0.07866
2030,sc01,11-25 05:00:00+01:00,Hydro 23,0.0
2030,sc01,11-25 05:00:00+01:00,CC NG 24,0.0
2030,sc01,11-25 05:00:00+01:00,Solar 65,0.0
2030,sc01,11-25 05:00:00+01:00,CC NG 18,0.0
2030,sc01,11-25 05:00:00+01:00,CT NG 16,0.0
2030,sc01,11-25 05:00:00+01:00,Solar 51,0.0
2030,sc01,11-25 05:00:00+01:00,Wind 06,0.62191520404
2030,sc01,11-25 05:00:00+01:00,CC NG 26,0.0
2030,sc01,11-25 05:00:00+01:00,CC NG 23,0.0
2030,sc01,11-25 05:00:00+01:00,CT NG 43,0.0
2030,sc01,11-25 05:00:00+01:00,CC NG 11,0.0
2030,sc01,11-25 05:00:00+01:00,CT NG 02,0.0
2030,sc01,11-25 05:00:00+01:00,CT NG 50,0.0
2030,sc01,11-25 05:00:00+01:00,Hydro 27,0.0
2030,sc01,11-25 05:00:00+01:00,CT NG 13,0.0
2030,sc01,11-25 05:00:00+01:00,CT NG 25,0.0
2030,sc01,11-25 05:00:00+01:00,CC NG 05,0.0
2030,sc01,11-25 05:00:00+01:00,Solar 04,0.0
2030,sc01,11-25 05:00:00+01:00,Solar 30,0.0
2030,sc01,11-25 05:00:00+01:00,Solar 29,0.0
2030,sc01,11-25 05:00:00+01:00,Solar 53,0.0
2030,sc01,11-25 05:00:00+01:00,Solar 21,0.0
2030,sc01,11-25 05:00:00+01:00,Biomass 58,0.09292
2030,sc01,11-25 05:00:00+01:00,CT NG 74,0.0
2030,sc01,11-25 05:00:00+01:00,Solar 61,0.0
2030,sc01,11-25 05:00:00+01:00,Wind 07,0.88080963116
2030,sc01,11-25 05:00:00+01:00,Biomass 31,0.07866
2030,sc01,11-25 05:00:00+01:00,CT Oil 05,0.0
2030,sc01,11-25 05:00:00+01:00,Biomass 38,0.0
2030,sc01,11-25 05:00:00+01:00,Solar 41,0.0
2030,sc01,11-25 05:00:00+01:00,Biomass 51,0.0
2030,sc01,11-25 05:00:00+01:00,Biomass 55,0.12236
2030,sc01,11-25 05:00:00+01:00,Wind 15,0.0
2030,sc01,11-25 05:00:00+01:00,Geo 01,0.0
2030,sc01,11-25 05:00:00+01:00,Biomass 60,0.1242
2030,sc01,11-25 05:00:00+01:00,CT NG 38,0.0
2030,sc01,11-25 05:00:00+01:00,Solar 66,0.0
2030,sc01,11-25 05:00:00+01:00,Solar 49,0.0
2030,sc01,11-25 05:00:00+01:00,CT NG 51,0.0
2030,sc01,11-25 05:00:00+01:00,Biomass 18,0.00966
2030,sc01,11-25 05:00:00+01:00,ICE NG 01,0.0
2030,sc01,11-25 05:00:00+01:00,Solar 15,0.0
2030,sc01,11-25 05:00:00+01:00,ICE NG 05,0.0
2030,sc01,11-25 05:00:00+01:00,CT Oil 04,0.0
2030,sc01,11-25 05:00:00+01:00,CC NG 20,0.0
2030,sc01,11-25 05:00:00+01:00,Solar 20,0.0
2030,sc01,11-25 05:00:00+01:00,Biomass 04,0.0
2030,sc01,11-25 05:00:00+01:00,Wind 02,0.66774052594
2030,sc01,11-25 05:00:00+01:00,Hydro 25,0.0
2030,sc01,11-25 05:00:00+01:00,Solar 75,0.0
2030,sc01,11-25 05:00:00+01:00,Hydro 33,0.0
2030,sc01,11-25 05:00:00+01:00,ST NG 05,0.0
2030,sc01,11-25 05:00:00+01:00,CT NG 07,0.0
2030,sc01,11-25 05:00:00+01:00,Wind 01,0.55302416562
2030,sc01,11-25 05:00:00+01:00,Solar 56,0.0
2030,sc01,11-25 05:00:00+01:00,Biomass 09,0.03818
2030,sc01,11-25 05:00:00+01:00,Biomass 53,0.12236
2030,sc01,11-25 05:00:00+01:00,Wind 17,10.599087250539082
2030,sc01,11-25 05:00:00+01:00,ST NG 08,0.0
2030,sc01,11-25 05:00:00+01:00,Hydro 19,0.0
2030,sc01,11-25 05:00:00+01:00,ST NG 02,0.0
2030,sc01,11-25 05:00:00+01:00,Biomass 01,0.05152
2030,sc01,11-25 05:00:00+01:00,Biomass 57,0.09292
2030,sc01,11-25 05:00:00+01:00,CT NG 49,0.0
2030,sc01,11-25 05:00:00+01:00,CT NG 31,0.0
2030,sc01,11-25 05:00:00+01:00,Solar 64,0.0
2030,sc01,11-25 05:00:00+01:00,CC NG 33,0.0
2030,sc01,11-25 05:00:00+01:00,Solar 46,0.0
2030,sc01,11-25 05:00:00+01:00,Biomass 12,0.01794
2030,sc01,11-25 05:00:00+01:00,Wind 04,0.010242814112
2030,sc01,11-25 05:00:00+01:00,Solar 13,0.0
2030,sc01,11-25 05:00:00+01:00,CT NG 55,0.0
2030,sc01,11-25 05:00:00+01:00,Wind N03,194.2580660415583
2030,sc01,11-25 05:00:00+01:00,CT NG 28,0.0
2030,sc01,11-25 05:00:00+01:00,Wind 09,0.225420139904
2030,sc01,11-25 05:00:00+01:00,Solar 60,0.0
2030,sc01,11-25 05:00:00+01:00,Solar 25,0.0
2030,sc01,11-25 05:00:00+01:00,CT NG 23,0.0
2030,sc01,11-25 05:00:00+01:00,ST Other 01,0.0
2030,sc01,11-25 05:00:00+01:00,Solar 70,0.0
2030,sc01,11-25 05:00:00+01:00,CC NG 34,0.0
2030,sc01,11-25 05:00:00+01:00,Solar 48,0.0
2030,sc01,11-25 05:00:00+01:00,Biomass 56,0.11454000000000002
2030,sc01,11-25 05:00:00+01:00,CT NG 36,0.0
2030,sc01,11-25 05:00:00+01:00,Solar 47,0.0
2030,sc01,11-25 05:00:00+01:00,Hydro 17,0.017257590000000003
2030,sc01,11-25 05:00:00+01:00,Solar 09,0.0
2030,sc01,11-25 05:00:00+01:00,Solar 08,0.0
2030,sc01,11-25 05:00:00+01:00,CT NG 45,0.0
2030,sc01,11-25 05:00:00+01:00,ST NG 04,0.0
2030,sc01,11-25 05:00:00+01:00,Solar 40,0.0
2030,sc01,11-25 05:00:00+01:00,Biomass 47,0.0
2030,sc01,11-25 05:00:00+01:00,Solar 50,0.0
2030,sc01,11-25 05:00:00+01:00,Solar 52,0.0
2030,sc01,11-25 05:00:00+01:00,Solar 63,0.0
2030,sc01,11-25 05:00:00+01:00,CC NG 06,0.0
2030,sc01,11-25 05:00:00+01:00,Biomass 39,0.0
2030,sc01,11-25 05:00:00+01:00,Solar 67,0.0
2030,sc01,11-25 05:00:00+01:00,Solar 19,0.0
2030,sc01,11-25 05:00:00+01:00,Wind 12,1.9972788548399998
2030,sc01,11-25 05:00:00+01:00,Solar 24,0.0
2030,sc01,11-25 05:00:00+01:00,ICE NG 02,0.0
2030,sc01,11-25 05:00:00+01:00,Solar 05,0.0
2030,sc01,11-25 05:00:00+01:00,CT NG 54,0.0
2030,sc01,11-25 05:00:00+01:00,Wind N01,18.948542985
2030,sc01,11-25 05:00:00+01:00,CT NG 27,0.0
2030,sc01,11-25 05:00:00+01:00,CC NG 36,0.0
2030,sc01,11-25 05:00:00+01:00,Wind N02,112.27252594285378
2030,sc01,11-25 05:00:00+01:00,CT NG 52,0.0
2030,sc01,11-25 05:00:00+01:00,Solar 35,0.0
2030,sc01,11-25 05:00:00+01:00,CT NG 05,0.0
2030,sc01,11-25 05:00:00+01:00,Biomass 36,0.0
2030,sc01,11-25 05:00:00+01:00,CT NG 34,0.0
2030,sc01,11-25 05:00:00+01:00,CT Oil 03,0.0
2030,sc01,11-25 05:00:00+01:00,Hydro 35,0.0
2030,sc01,11-25 05:00:00+01:00,Solar 14,0.0
2030,sc01,11-25 05:00:00+01:00,CT NG 75,0.0
2030,sc01,11-25 05:00:00+01:00,ST NG 09,0.0
2030,sc01,11-25 05:00:00+01:00,CT NG 56,0.0
2030,sc01,11-25 05:00:00+01:00,Biomass 22,0.01794
2030,sc01,11-25 05:00:00+01:00,Solar 18,0.0
2030,sc01,11-25 05:00:00+01:00,Biomass 13,0.01794
2030,sc01,11-25 05:00:00+01:00,CT NG 71,0.0
2030,sc01,11-25 05:00:00+01:00,Solar 58,0.0
2030,sc01,11-25 05:00:00+01:00,Solar 06,0.0
2030,sc01,11-25 05:00:00+01:00,Biomass 08,0.03818
2030,sc01,11-25 05:00:00+01:00,CT NG 72,0.0
2030,sc01,11-25 05:00:00+01:00,Hydro 18,0.059442810000000006
2030,sc01,11-25 05:00:00+01:00,Solar 10,0.0
2030,sc01,11-25 05:00:00+01:00,CT NG 04,0.0
2030,sc01,11-25 05:00:00+01:00,ST Other 02,0.0
2030,sc01,11-25 05:00:00+01:00,CT NG 12,0.0
2030,sc01,11-25 05:00:00+01:00,CT NG 48,0.0
2030,sc01,11-25 05:00:00+01:00,ST NG 10,0.0
2030,sc01,11-25 05:00:00+01:00,Solar 22,0.0
2030,sc01,11-25 05:00:00+01:00,Solar 28,0.0
2030,sc01,11-25 05:00:00+01:00,CT NG 73,0.0
2030,sc01,11-25 05:00:00+01:00,Biomass 52,0.0
2030,sc01,11-25 05:00:00+01:00,CT NG 30,0.0
2030,sc01,11-25 05:00:00+01:00,Solar 54,0.0
2030,sc01,11-25 05:00:00+01:00,Solar 31,0.0
2030,sc01,11-25 05:00:00+01:00,Biomass 03,0.0
2030,sc01,11-25 05:00:00+01:00,CT NG 32,0.0
2030,sc01,11-25 05:00:00+01:00,Biomass 27,0.07866
2030,sc01,11-25 05:00:00+01:00,CC NG 14,0.0
2030,sc01,11-25 05:00:00+01:00,CC NG 03,0.0
2030,sc01,11-25 05:00:00+01:00,CC NG 29,0.0
2030,sc01,11-25 05:00:00+01:00,CC NG 28,0.0
2030,sc01,11-25 05:00:00+01:00,CC NG 25,0.0
2030,sc01,11-25 05:00:00+01:00,CT NG 44,0.0
2030,sc01,11-25 05:00:00+01:00,CT NG 14,0.0
2030,sc01,11-25 05:00:00+01:00,CC NG 15,0.0
2030,sc01,11-25 05:00:00+01:00,CC NG 04,0.0
2030,sc01,11-25 05:00:00+01:00,Biomass 29,0.07866
2030,sc01,11-25 05:00:00+01:00,Wind 14,5.6496878447768095
2030,sc01,11-25 05:00:00+01:00,Wind 08,0.27300616396800004
2030,sc01,11-25 05:00:00+01:00,Biomass 61,0.0
2030,sc01,11-25 05:00:00+01:00,CT NG 35,0.0
2030,sc01,11-25 05:00:00+01:00,Solar 33,0.0
2030,sc01,11-25 05:00:00+01:00,CT NG 41,0.0
2030,sc01,11-25 05:00:00+01:00,CT NG 15,0.0
2030,sc01,11-25 05:00:00+01:00,Solar 42,0.0
2030,sc01,11-25 05:00:00+01:00,Solar 07,0.0
2030,sc01,11-25 05:00:00+01:00,Solar 43,0.0
2030,sc01,11-25 05:00:00+01:00,Biomass 05,0.02208
2030,sc01,11-25 05:00:00+01:00,CT NG 29,0.0
2030,sc01,11-25 05:00:00+01:00,Solar 71,0.0
2030,sc01,11-25 05:00:00+01:00,CT NG 53,0.0
2030,sc01,11-25 05:00:00+01:00,CT NG 20,0.0
2030,sc01,11-25 05:00:00+01:00,Biomass 14,0.03956
2030,sc01,11-25 05:00:00+01:00,Solar 26,0.0
2030,sc01,11-25 05:00:00+01:00,Hydro 29,0.0
2030,sc01,11-25 05:00:00+01:00,Hydro 31,0.0
2030,sc01,11-25 05:00:00+01:00,Biomass 24,0.01334
2030,sc01,11-25 05:00:00+01:00,Biomass 54,0.12236
2030,sc01,11-25 05:00:00+01:00,Solar 36,0.0
2030,sc01,11-25 05:00:00+01:00,Wind 03,0.074154243696
2030,sc01,11-25 05:00:00+01:00,Biomass 40,0.0
2030,sc01,11-25 05:00:00+01:00,Biomass 49,0.0
2030,sc01,11-25 05:00:00+01:00,CC NG 16,40.10914588414861
2030,sc01,11-25 05:00:00+01:00,Biomass 48,0.0
2030,sc01,11-25 05:00:00+01:00,Hydro 28,0.0
2030,sc01,11-25 05:00:00+01:00,Biomass 17,0.00966
2030,sc01,11-25 05:00:00+01:00,CT NG 33,0.0
2030,sc01,11-25 05:00:00+01:00,Solar 45,0.0
2030,sc01,11-25 05:00:00+01:00,Hydro 24,0.0
2030,sc01,11-25 05:00:00+01:00,Wind 13,1.08029164738
2030,sc01,11-25 05:00:00+01:00,Biomass 07,0.092
2030,sc01,11-25 05:00:00+01:00,Biomass 34,0.0
2030,sc01,11-25 05:00:00+01:00,Biomass 33,0.0
2030,sc01,11-25 05:00:00+01:00,CT NG 01,0.0
2030,sc01,11-25 05:00:00+01:00,ICE NG 03,0.0
2030,sc01,11-25 05:00:00+01:00,Solar 55,0.0
2030,sc01,11-25 05:00:00+01:00,Solar 11,0.0
2030,sc01,11-25 05:00:00+01:00,CT NG 06,0.0
2030,sc01,11-25 05:00:00+01:00,CT NG 70,0.0
2030,sc01,11-25 05:00:00+01:00,Solar 23,0.0
2030,sc01,11-25 05:00:00+01:00,CT NG 67,0.0
2030,sc01,11-25 05:00:00+01:00,Solar 12,0.0
2030,sc01,11-25 05:00:00+01:00,CT Oil 01,0.0
2030,sc01,11-25 05:00:00+01:00,Hydro 26,0.0
2030,sc01,11-25 05:00:00+01:00,CC NG 22,0.0
2030,sc01,11-25 05:00:00+01:00,CC NG 35,0.0
2030,sc01,11-25 05:00:00+01:00,Biomass 50,0.0
2030,sc01,11-25 05:00:00+01:00,ICE NG 04,0.0
2030,sc01,11-25 05:00:00+01:00,CC NG 39,0.0
2030,sc01,11-25 05:00:00+01:00,Hydro 32,0.006136032000000001
2030,sc01,11-25 05:00:00+01:00,ICE NG 07,0.0
2030,sc01,11-25 05:00:00+01:00,Biomass 46,0.0
2030,sc01,11-25 05:00:00+01:00,CC NG 38,0.0
2030,sc01,11-25 05:00:00+01:00,CC NG 12,0.0
2030,sc01,11-25 05:00:00+01:00,Solar 57,0.0
2030,sc01,11-25 05:00:00+01:00,CC NG 32,0.0
2030,sc01,11-25 05:00:00+01:00,CC NG 07,0.0
2030,sc01,11-25 05:00:00+01:00,Biomass 44,0.0
2030,sc01,11-25 05:00:00+01:00,CT NG 40,0.0
2030,sc01,11-25 05:00:00+01:00,Solar 74,0.0
2030,sc01,11-25 05:00:00+01:00,Hydro 30,0.0
2030,sc01,11-25 05:00:00+01:00,CT NG 42,0.0
2030,sc01,11-25 05:00:00+01:00,Hydro 22,0.0
2030,sc01,11-25 05:00:00+01:00,Solar 17,0.0
2030,sc01,11-25 05:00:00+01:00,Solar 38,0.0
2030,sc01,11-25 05:00:00+01:00,CT NG 24,0.0
2030,sc01,11-25 05:00:00+01:00,CC NG 27,0.0
2030,sc01,11-25 05:00:00+01:00,Biomass 21,0.01794
2030,sc01,11-25 05:00:00+01:00,ICE NG 06,0.0
2030,sc01,11-25 05:00:00+01:00,Biomass 25,0.01334
2030,sc01,11-25 05:00:00+01:00,Solar 27,0.0
2030,sc01,11-25 05:00:00+01:00,CT NG 19,0.0
2030,sc01,11-25 05:00:00+01:00,Biomass 42,0.0
2030,sc01,11-25 05:00:00+01:00,Biomass 19,0.01794
2030,sc01,11-25 05:00:00+01:00,Biomass 06,0.02208
2030,sc01,11-25 05:00:00+01:00,CT NG 10,0.0
2030,sc01,11-25 05:00:00+01:00,CC NG 40,0.0
2030,sc01,11-25 05:00:00+01:00,CC NG 21,0.0
2030,sc01,11-25 05:00:00+01:00,Biomass 02,0.05152
2030,sc01,11-25 05:00:00+01:00,CT NG 46,0.0
2030,sc01,11-25 05:00:00+01:00,Hydro 34,0.0
2030,sc01,11-25 05:00:00+01:00,Biomass 10,0.03818
2030,sc01,11-25 05:00:00+01:00,CT NG 17,0.0
2030,sc01,11-25 05:00:00+01:00,Biomass 62,0.0805
2030,sc01,11-25 05:00:00+01:00,Biomass 32,0.05842000000000001
2030,sc01,11-25 05:00:00+01:00,CC NG 19,6.22748
2030,sc01,11-25 05:00:00+01:00,CC NG 17,0.0
2030,sc01,11-25 05:00:00+01:00,ST NG 01,0.0
2030,sc01,11-25 05:00:00+01:00,Biomass 45,0.0
2030,sc01,11-25 05:00:00+01:00,Biomass 28,0.07866
2030,sc01,11-25 05:00:00+01:00,CC NG 10,0.0
2030,sc01,11-25 05:00:00+01:00,Biomass 23,0.01334
2030,sc01,11-25 05:00:00+01:00,ST NG 06,0.0
2030,sc01,11-25 05:00:00+01:00,Wind 10,0.262397446352
2030,sc01,11-25 05:00:00+01:00,CT NG 69,0.0
2030,sc01,11-25 05:00:00+01:00,CT NG 68,0.0
2030,sc01,11-28 04:00:00+01:00,CC NG 13,0.0
2030,sc01,11-28 04:00:00+01:00,CT NG 37,0.0
2030,sc01,11-28 04:00:00+01:00,ST Coal 01,0.0
2030,sc01,11-28 04:00:00+01:00,CT NG 09,0.0
2030,sc01,11-28 04:00:00+01:00,CT NG 47,0.0
2030,sc01,11-28 04:00:00+01:00,Solar 69,0.0
2030,sc01,11-28 04:00:00+01:00,Solar 34,0.0
2030,sc01,11-28 04:00:00+01:00,Solar 73,0.0
2030,sc01,11-28 04:00:00+01:00,Biomass 37,0.0
2030,sc01,11-28 04:00:00+01:00,Hydro 20,39.4218396
2030,sc01,11-28 04:00:00+01:00,Solar 01,0.0
2030,sc01,11-28 04:00:00+01:00,Solar 62,0.0
2030,sc01,11-28 04:00:00+01:00,Solar 02,0.0
2030,sc01,11-28 04:00:00+01:00,CT NG 26,0.0
2030,sc01,11-28 04:00:00+01:00,Biomass 20,0.020280000000000003
2030,sc01,11-28 04:00:00+01:00,Wind 16,0.065773440096
2030,sc01,11-28 04:00:00+01:00,CT NG 66,0.0
2030,sc01,11-28 04:00:00+01:00,Solar 39,0.0
2030,sc01,11-28 04:00:00+01:00,Biomass 41,0.0
2030,sc01,11-28 04:00:00+01:00,Solar 72,0.0
2030,sc01,11-28 04:00:00+01:00,ST NG 03,0.0
2030,sc01,11-28 04:00:00+01:00,Hydro 21,0.0
2030,sc01,11-28 04:00:00+01:00,CT NG 03,0.0
2030,sc01,11-28 04:00:00+01:00,CC NG 09,0.0
2030,sc01,11-28 04:00:00+01:00,CT Oil 02,0.0
2030,sc01,11-28 04:00:00+01:00,CT NG 39,0.0
2030,sc01,11-28 04:00:00+01:00,CC NG 08,0.0
2030,sc01,11-28 04:00:00+01:00,Biomass 43,0.0
2030,sc01,11-28 04:00:00+01:00,CT NG 18,0.19651319999999997
2030,sc01,11-28 04:00:00+01:00,ST NG 07,0.0
2030,sc01,11-28 04:00:00+01:00,Biomass 35,0.0
2030,sc01,11-28 04:00:00+01:00,Solar 32,0.0
2030,sc01,11-28 04:00:00+01:00,Biomass 15,0.010920000000000001
2030,sc01,11-28 04:00:00+01:00,CC NG 31,0.0
2030,sc01,11-28 04:00:00+01:00,Solar 16,0.0
2030,sc01,11-28 04:00:00+01:00,Solar 68,0.0
2030,sc01,11-28 04:00:00+01:00,CT NG 21,0.0
2030,sc01,11-28 04:00:00+01:00,Wind 11,0.219458858944
2030,sc01,11-28 04:00:00+01:00,CC NG 37,0.0
2030,sc01,11-28 04:00:00+01:00,CT NG 22,0.0
2030,sc01,11-28 04:00:00+01:00,Hydro 16,0.01141088
2030,sc01,11-28 04:00:00+01:00,Biomass 59,0.21528000000000003
2030,sc01,11-28 04:00:00+01:00,CC NG 01,0.0
2030,sc01,11-28 04:00:00+01:00,Biomass 16,0.010920000000000001
2030,sc01,11-28 04:00:00+01:00,Solar 03,0.0
2030,sc01,11-28 04:00:00+01:00,Solar 44,0.0
2030,sc01,11-28 04:00:00+01:00,CT NG 08,0.0
2030,sc01,11-28 04:00:00+01:00,Wind 05,0.060058599744000005
2030,sc01,11-28 04:00:00+01:00,Biomass 26,0.08892
2030,sc01,11-28 04:00:00+01:00,Solar 37,0.0
2030,sc01,11-28 04:00:00+01:00,Biomass 11,0.020280000000000003
2030,sc01,11-28 04:00:00+01:00,Solar 59,0.0
2030,sc01,11-28 04:00:00+01:00,CT NG 11,0.0
2030,sc01,11-28 04:00:00+01:00,Biomass 30,0.08892
2030,sc01,11-28 04:00:00+01:00,Hydro 23,0.0
2030,sc01,11-28 04:00:00+01:00,CC NG 24,0.0
2030,sc01,11-28 04:00:00+01:00,Solar 65,0.0
2030,sc01,11-28 04:00:00+01:00,CC NG 18,0.0
2030,sc01,11-28 04:00:00+01:00,CT NG 16,0.0
2030,sc01,11-28 04:00:00+01:00,Solar 51,0.0
2030,sc01,11-28 04:00:00+01:00,Wind 06,0.59934022824
2030,sc01,11-28 04:00:00+01:00,CC NG 26,0.0
2030,sc01,11-28 04:00:00+01:00,CC NG 23,0.0
2030,sc01,11-28 04:00:00+01:00,CT NG 43,0.0
2030,sc01,11-28 04:00:00+01:00,CC NG 11,0.0
2030,sc01,11-28 04:00:00+01:00,CT NG 02,0.0
2030,sc01,11-28 04:00:00+01:00,CT NG 50,0.0
2030,sc01,11-28 04:00:00+01:00,Hydro 27,0.5562804
2030,sc01,11-28 04:00:00+01:00,CT NG 13,0.0
2030,sc01,11-28 04:00:00+01:00,CT NG 25,0.0
2030,sc01,11-28 04:00:00+01:00,CC NG 05,0.0
2030,sc01,11-28 04:00:00+01:00,Solar 04,0.0
2030,sc01,11-28 04:00:00+01:00,Solar 30,0.0
2030,sc01,11-28 04:00:00+01:00,Solar 29,0.0
2030,sc01,11-28 04:00:00+01:00,Solar 53,0.0
2030,sc01,11-28 04:00:00+01:00,Solar 21,0.0
2030,sc01,11-28 04:00:00+01:00,Biomass 58,0.10504000000000001
2030,sc01,11-28 04:00:00+01:00,CT NG 74,0.0
2030,sc01,11-28 04:00:00+01:00,Solar 61,0.0
2030,sc01,11-28 04:00:00+01:00,Wind 07,0.18968690665600002
2030,sc01,11-28 04:00:00+01:00,Biomass 31,0.08892
2030,sc01,11-28 04:00:00+01:00,CT Oil 05,0.0
2030,sc01,11-28 04:00:00+01:00,Biomass 38,0.0
2030,sc01,11-28 04:00:00+01:00,Solar 41,0.0
2030,sc01,11-28 04:00:00+01:00,Biomass 51,0.0
2030,sc01,11-28 04:00:00+01:00,Biomass 55,0.13832
2030,sc01,11-28 04:00:00+01:00,Wind 15,3.7689616666
2030,sc01,11-28 04:00:00+01:00,Geo 01,0.0
2030,sc01,11-28 04:00:00+01:00,Biomass 60,0.1404
2030,sc01,11-28 04:00:00+01:00,CT NG 38,0.0
2030,sc01,11-28 04:00:00+01:00,Solar 66,0.0
2030,sc01,11-28 04:00:00+01:00,Solar 49,0.0
2030,sc01,11-28 04:00:00+01:00,CT NG 51,0.0
2030,sc01,11-28 04:00:00+01:00,Biomass 18,0.010920000000000001
2030,sc01,11-28 04:00:00+01:00,ICE NG 01,0.0
2030,sc01,11-28 04:00:00+01:00,Solar 15,0.0
2030,sc01,11-28 04:00:00+01:00,ICE NG 05,0.0
2030,sc01,11-28 04:00:00+01:00,CT Oil 04,0.0
2030,sc01,11-28 04:00:00+01:00,CC NG 20,0.0
2030,sc01,11-28 04:00:00+01:00,Solar 20,0.0
2030,sc01,11-28 04:00:00+01:00,Biomass 04,0.0
2030,sc01,11-28 04:00:00+01:00,Wind 02,0.9200566596
2030,sc01,11-28 04:00:00+01:00,Hydro 25,0.0
2030,sc01,11-28 04:00:00+01:00,Solar 75,0.0
2030,sc01,11-28 04:00:00+01:00,Hydro 33,0.0
2030,sc01,11-28 04:00:00+01:00,ST NG 05,0.0
2030,sc01,11-28 04:00:00+01:00,CT NG 07,0.0
2030,sc01,11-28 04:00:00+01:00,Wind 01,0.11576892495999999
2030,sc01,11-28 04:00:00+01:00,Solar 56,0.0
2030,sc01,11-28 04:00:00+01:00,Biomass 09,0.043160000000000004
2030,sc01,11-28 04:00:00+01:00,Biomass 53,0.13832
2030,sc01,11-28 04:00:00+01:00,Wind 17,5.9556951896
2030,sc01,11-28 04:00:00+01:00,ST NG 08,0.0
2030,sc01,11-28 04:00:00+01:00,Hydro 19,0.0
2030,sc01,11-28 04:00:00+01:00,ST NG 02,0.0
2030,sc01,11-28 04:00:00+01:00,Biomass 01,0.05824000000000001
2030,sc01,11-28 04:00:00+01:00,Biomass 57,0.10504000000000001
2030,sc01,11-28 04:00:00+01:00,CT NG 49,0.0
2030,sc01,11-28 04:00:00+01:00,CT NG 31,0.0
2030,sc01,11-28 04:00:00+01:00,Solar 64,0.0
2030,sc01,11-28 04:00:00+01:00,CC NG 33,0.0
2030,sc01,11-28 04:00:00+01:00,Solar 46,0.0
2030,sc01,11-28 04:00:00+01:00,Biomass 12,0.020280000000000003
2030,sc01,11-28 04:00:00+01:00,Wind 04,0.321610005184
2030,sc01,11-28 04:00:00+01:00,Solar 13,0.0
2030,sc01,11-28 04:00:00+01:00,CT NG 55,0.0
2030,sc01,11-28 04:00:00+01:00,Wind N03,153.5052862234951
2030,sc01,11-28 04:00:00+01:00,CT NG 28,0.0
2030,sc01,11-28 04:00:00+01:00,Wind 09,0.8989539722800002
2030,sc01,11-28 04:00:00+01:00,Solar 60,0.0
2030,sc01,11-28 04:00:00+01:00,Solar 25,0.0
2030,sc01,11-28 04:00:00+01:00,CT NG 23,0.0
2030,sc01,11-28 04:00:00+01:00,ST Other 01,0.0
2030,sc01,11-28 04:00:00+01:00,Solar 70,0.0
2030,sc01,11-28 04:00:00+01:00,CC NG 34,0.0
2030,sc01,11-28 04:00:00+01:00,Solar 48,0.0
2030,sc01,11-28 04:00:00+01:00,Biomass 56,0.12948
2030,sc01,11-28 04:00:00+01:00,CT NG 36,0.0
2030,sc01,11-28 04:00:00+01:00,Solar 47,0.0
2030,sc01,11-28 04:00:00+01:00,Hydro 17,0.01925586
2030,sc01,11-28 04:00:00+01:00,Solar 09,0.0
2030,sc01,11-28 04:00:00+01:00,Solar 08,0.0
2030,sc01,11-28 04:00:00+01:00,CT NG 45,0.0
2030,sc01,11-28 04:00:00+01:00,ST NG 04,0.0
2030,sc01,11-28 04:00:00+01:00,Solar 40,0.0
2030,sc01,11-28 04:00:00+01:00,Biomass 47,0.0
2030,sc01,11-28 04:00:00+01:00,Solar 50,0.0
2030,sc01,11-28 04:00:00+01:00,Solar 52,0.0
2030,sc01,11-28 04:00:00+01:00,Solar 63,0.0
2030,sc01,11-28 04:00:00+01:00,CC NG 06,0.0
2030,sc01,11-28 04:00:00+01:00,Biomass 39,0.0
2030,sc01,11-28 04:00:00+01:00,Solar 67,0.0
2030,sc01,11-28 04:00:00+01:00,Solar 19,0.0
2030,sc01,11-28 04:00:00+01:00,Wind 12,5.652176514400001
2030,sc01,11-28 04:00:00+01:00,Solar 24,0.0
2030,sc01,11-28 04:00:00+01:00,ICE NG 02,0.0
2030,sc01,11-28 04:00:00+01:00,Solar 05,0.0
2030,sc01,11-28 04:00:00+01:00,CT NG 54,0.0
2030,sc01,11-28 04:00:00+01:00,Wind N01,53.623213072
2030,sc01,11-28 04:00:00+01:00,CT NG 27,0.0
2030,sc01,11-28 04:00:00+01:00,CC NG 36,0.0
2030,sc01,11-28 04:00:00+01:00,Wind N02,5.067654374120001
2030,sc01,11-28 04:00:00+01:00,CT NG 52,0.0
2030,sc01,11-28 04:00:00+01:00,Solar 35,0.0
2030,sc01,11-28 04:00:00+01:00,CT NG 05,0.0
2030,sc01,11-28 04:00:00+01:00,Biomass 36,0.0
2030,sc01,11-28 04:00:00+01:00,CT NG 34,0.0
2030,sc01,11-28 04:00:00+01:00,CT Oil 03,0.0
2030,sc01,11-28 04:00:00+01:00,Hydro 35,0.0
2030,sc01,11-28 04:00:00+01:00,Solar 14,0.0
2030,sc01,11-28 04:00:00+01:00,CT NG 75,0.0
2030,sc01,11-28 04:00:00+01:00,ST NG 09,0.0
2030,sc01,11-28 04:00:00+01:00,CT NG 56,0.0
2030,sc01,11-28 04:00:00+01:00,Biomass 22,0.020280000000000003
2030,sc01,11-28 04:00:00+01:00,Solar 18,0.0
2030,sc01,11-28 04:00:00+01:00,Biomass 13,0.020280000000000003
2030,sc01,11-28 04:00:00+01:00,CT NG 71,0.0
2030,sc01,11-28 04:00:00+01:00,Solar 58,0.0
2030,sc01,11-28 04:00:00+01:00,Solar 06,0.0
2030,sc01,11-28 04:00:00+01:00,Biomass 08,0.043160000000000004
2030,sc01,11-28 04:00:00+01:00,CT NG 72,0.0
2030,sc01,11-28 04:00:00+01:00,Hydro 18,0.06632574
2030,sc01,11-28 04:00:00+01:00,Solar 10,0.0
2030,sc01,11-28 04:00:00+01:00,CT NG 04,0.0
2030,sc01,11-28 04:00:00+01:00,ST Other 02,0.0
2030,sc01,11-28 04:00:00+01:00,CT NG 12,0.0
2030,sc01,11-28 04:00:00+01:00,CT NG 48,0.0
2030,sc01,11-28 04:00:00+01:00,ST NG 10,0.0
2030,sc01,11-28 04:00:00+01:00,Solar 22,0.0
2030,sc01,11-28 04:00:00+01:00,Solar 28,0.0
2030,sc01,11-28 04:00:00+01:00,CT NG 73,0.0
2030,sc01,11-28 04:00:00+01:00,Biomass 52,0.0
2030,sc01,11-28 04:00:00+01:00,CT NG 30,0.0
2030,sc01,11-28 04:00:00+01:00,Solar 54,0.0
2030,sc01,11-28 04:00:00+01:00,Solar 31,0.0
2030,sc01,11-28 04:00:00+01:00,Biomass 03,0.0
2030,sc01,11-28 04:00:00+01:00,CT NG 32,0.0
2030,sc01,11-28 04:00:00+01:00,Biomass 27,0.08892
2030,sc01,11-28 04:00:00+01:00,CC NG 14,0.0
2030,sc01,11-28 04:00:00+01:00,CC NG 03,0.0
2030,sc01,11-28 04:00:00+01:00,CC NG 29,0.0
2030,sc01,11-28 04:00:00+01:00,CC NG 28,0.0
2030,sc01,11-28 04:00:00+01:00,CC NG 25,0.0
2030,sc01,11-28 04:00:00+01:00,CT NG 44,0.0
2030,sc01,11-28 04:00:00+01:00,CT NG 14,0.0
2030,sc01,11-28 04:00:00+01:00,CC NG 15,0.0
2030,sc01,11-28 04:00:00+01:00,CC NG 04,0.0
2030,sc01,11-28 04:00:00+01:00,Biomass 29,0.08892
2030,sc01,11-28 04:00:00+01:00,Wind 14,0.69203661488
2030,sc01,11-28 04:00:00+01:00,Wind 08,0.9295840829600002
2030,sc01,11-28 04:00:00+01:00,Biomass 61,0.0
2030,sc01,11-28 04:00:00+01:00,CT NG 35,0.0
2030,sc01,11-28 04:00:00+01:00,Solar 33,0.0
2030,sc01,11-28 04:00:00+01:00,CT NG 41,0.0
2030,sc01,11-28 04:00:00+01:00,CT NG 15,0.0
2030,sc01,11-28 04:00:00+01:00,Solar 42,0.0
2030,sc01,11-28 04:00:00+01:00,Solar 07,0.0
2030,sc01,11-28 04:00:00+01:00,Solar 43,0.0
2030,sc01,11-28 04:00:00+01:00,Biomass 05,0.02496
2030,sc01,11-28 04:00:00+01:00,CT NG 29,0.0
2030,sc01,11-28 04:00:00+01:00,Solar 71,0.0
2030,sc01,11-28 04:00:00+01:00,CT NG 53,0.0
2030,sc01,11-28 04:00:00+01:00,CT NG 20,0.0
2030,sc01,11-28 04:00:00+01:00,Biomass 14,0.044719999999999996
2030,sc01,11-28 04:00:00+01:00,Solar 26,0.0
2030,sc01,11-28 04:00:00+01:00,Hydro 29,57.454768800000004
2030,sc01,11-28 04:00:00+01:00,Hydro 31,0.0
2030,sc01,11-28 04:00:00+01:00,Biomass 24,0.01508
2030,sc01,11-28 04:00:00+01:00,Biomass 54,0.13832
2030,sc01,11-28 04:00:00+01:00,Solar 36,0.0
2030,sc01,11-28 04:00:00+01:00,Wind 03,0.88019321728
2030,sc01,11-28 04:00:00+01:00,Biomass 40,0.0
2030,sc01,11-28 04:00:00+01:00,Biomass 49,0.0
2030,sc01,11-28 04:00:00+01:00,CC NG 16,8.140775882095488
2030,sc01,11-28 04:00:00+01:00,Biomass 48,0.0
2030,sc01,11-28 04:00:00+01:00,Hydro 28,57.454768800000004
2030,sc01,11-28 04:00:00+01:00,Biomass 17,0.010920000000000001
2030,sc01,11-28 04:00:00+01:00,CT NG 33,0.0
2030,sc01,11-28 04:00:00+01:00,Solar 45,0.0
2030,sc01,11-28 04:00:00+01:00,Hydro 24,0.0
2030,sc01,11-28 04:00:00+01:00,Wind 13,2.444758316
2030,sc01,11-28 04:00:00+01:00,Biomass 07,0.10400000000000001
2030,sc01,11-28 04:00:00+01:00,Biomass 34,0.0
2030,sc01,11-28 04:00:00+01:00,Biomass 33,0.0
2030,sc01,11-28 04:00:00+01:00,CT NG 01,0.0
2030,sc01,11-28 04:00:00+01:00,ICE NG 03,0.0
2030,sc01,11-28 04:00:00+01:00,Solar 55,0.0
2030,sc01,11-28 04:00:00+01:00,Solar 11,0.0
2030,sc01,11-28 04:00:00+01:00,CT NG 06,0.0
2030,sc01,11-28 04:00:00+01:00,CT NG 70,0.0
2030,sc01,11-28 04:00:00+01:00,Solar 23,0.0
2030,sc01,11-28 04:00:00+01:00,CT NG 67,0.0
2030,sc01,11-28 04:00:00+01:00,Solar 12,0.0
2030,sc01,11-28 04:00:00+01:00,CT Oil 01,0.0
2030,sc01,11-28 04:00:00+01:00,Hydro 26,0.0
2030,sc01,11-28 04:00:00+01:00,CC NG 22,0.0
2030,sc01,11-28 04:00:00+01:00,CC NG 35,0.0
2030,sc01,11-28 04:00:00+01:00,Biomass 50,0.0
2030,sc01,11-28 04:00:00+01:00,ICE NG 04,0.0
2030,sc01,11-28 04:00:00+01:00,CC NG 39,0.0
2030,sc01,11-28 04:00:00+01:00,Hydro 32,0.006846528
2030,sc01,11-28 04:00:00+01:00,ICE NG 07,0.0
2030,sc01,11-28 04:00:00+01:00,Biomass 46,0.0
2030,sc01,11-28 04:00:00+01:00,CC NG 38,0.0
2030,sc01,11-28 04:00:00+01:00,CC NG 12,0.0
2030,sc01,11-28 04:00:00+01:00,Solar 57,0.0
2030,sc01,11-28 04:00:00+01:00,CC NG 32,0.0
2030,sc01,11-28 04:00:00+01:00,CC NG 07,0.0
2030,sc01,11-28 04:00:00+01:00,Biomass 44,0.0
2030,sc01,11-28 04:00:00+01:00,CT NG 40,0.0
2030,sc01,11-28 04:00:00+01:00,Solar 74,0.0
2030,sc01,11-28 04:00:00+01:00,Hydro 30,0.0
2030,sc01,11-28 04:00:00+01:00,CT NG 42,0.0
2030,sc01,11-28 04:00:00+01:00,Hydro 22,24.52242194853445
2030,sc01,11-28 04:00:00+01:00,Solar 17,0.0
2030,sc01,11-28 04:00:00+01:00,Solar 38,0.0
2030,sc01,11-28 04:00:00+01:00,CT NG 24,0.0
2030,sc01,11-28 04:00:00+01:00,CC NG 27,0.0
2030,sc01,11-28 04:00:00+01:00,Biomass 21,0.020280000000000003
2030,sc01,11-28 04:00:00+01:00,ICE NG 06,0.0
2030,sc01,11-28 04:00:00+01:00,Biomass 25,0.01508
2030,sc01,11-28 04:00:00+01:00,Solar 27,0.0
2030,sc01,11-28 04:00:00+01:00,CT NG 19,0.0
2030,sc01,11-28 04:00:00+01:00,Biomass 42,0.0
2030,sc01,11-28 04:00:00+01:00,Biomass 19,0.020280000000000003
2030,sc01,11-28 04:00:00+01:00,Biomass 06,0.02496
2030,sc01,11-28 04:00:00+01:00,CT NG 10,0.0
2030,sc01,11-28 04:00:00+01:00,CC NG 40,0.0
2030,sc01,11-28 04:00:00+01:00,CC NG 21,0.0
2030,sc01,11-28 04:00:00+01:00,Biomass 02,0.05824000000000001
2030,sc01,11-28 04:00:00+01:00,CT NG 46,0.0
2030,sc01,11-28 04:00:00+01:00,Hydro 34,0.0
2030,sc01,11-28 04:00:00+01:00,Biomass 10,0.043160000000000004
2030,sc01,11-28 04:00:00+01:00,CT NG 17,0.0
2030,sc01,11-28 04:00:00+01:00,Biomass 62,0.091
2030,sc01,11-28 04:00:00+01:00,Biomass 32,0.06604
2030,sc01,11-28 04:00:00+01:00,CC NG 19,7.03976
2030,sc01,11-28 04:00:00+01:00,CC NG 17,0.0
2030,sc01,11-28 04:00:00+01:00,ST NG 01,0.0
2030,sc01,11-28 04:00:00+01:00,Biomass 45,0.0
2030,sc01,11-28 04:00:00+01:00,Biomass 28,0.08892
2030,sc01,11-28 04:00:00+01:00,CC NG 10,0.0
2030,sc01,11-28 04:00:00+01:00,Biomass 23,0.01508
2030,sc01,11-28 04:00:00+01:00,ST NG 06,0.0
2030,sc01,11-28 04:00:00+01:00,Wind 10,0.9145695031199998
2030,sc01,11-28 04:00:00+01:00,CT NG 69,0.0
2030,sc01,11-28 04:00:00+01:00,CT NG 68,0.0
2030,sc01,11-28 06:00:00+01:00,CC NG 13,0.0
2030,sc01,11-28 06:00:00+01:00,CT NG 37,0.0
2030,sc01,11-28 06:00:00+01:00,ST Coal 01,0.0
2030,sc01,11-28 06:00:00+01:00,CT NG 09,0.0
2030,sc01,11-28 06:00:00+01:00,CT NG 47,0.0
2030,sc01,11-28 06:00:00+01:00,Solar 69,0.0
2030,sc01,11-28 06:00:00+01:00,Solar 34,0.0
2030,sc01,11-28 06:00:00+01:00,Solar 73,0.0
2030,sc01,11-28 06:00:00+01:00,Biomass 37,0.029925
2030,sc01,11-28 06:00:00+01:00,Hydro 20,0.0286083
2030,sc01,11-28 06:00:00+01:00,Solar 01,0.0
2030,sc01,11-28 06:00:00+01:00,Solar 62,0.0
2030,sc01,11-28 06:00:00+01:00,Solar 02,0.0
2030,sc01,11-28 06:00:00+01:00,CT NG 26,0.0
2030,sc01,11-28 06:00:00+01:00,Biomass 20,0.013650000000000002
2030,sc01,11-28 06:00:00+01:00,Wind 16,0.0218307726
2030,sc01,11-28 06:00:00+01:00,CT NG 66,0.0
2030,sc01,11-28 06:00:00+01:00,Solar 39,0.0
2030,sc01,11-28 06:00:00+01:00,Biomass 41,0.05039999999999999
2030,sc01,11-28 06:00:00+01:00,Solar 72,0.0221539892
2030,sc01,11-28 06:00:00+01:00,ST NG 03,0.0
2030,sc01,11-28 06:00:00+01:00,Hydro 21,0.0286083
2030,sc01,11-28 06:00:00+01:00,CT NG 03,0.0
2030,sc01,11-28 06:00:00+01:00,CC NG 09,0.0
2030,sc01,11-28 06:00:00+01:00,CT Oil 02,0.0
2030,sc01,11-28 06:00:00+01:00,CT NG 39,0.0
2030,sc01,11-28 06:00:00+01:00,CC NG 08,0.0
2030,sc01,11-28 06:00:00+01:00,Biomass 43,0.098
2030,sc01,11-28 06:00:00+01:00,CT NG 18,0.0
2030,sc01,11-28 06:00:00+01:00,ST NG 07,0.0
2030,sc01,11-28 06:00:00+01:00,Biomass 35,0.0504
2030,sc01,11-28 06:00:00+01:00,Solar 32,0.4376041845
2030,sc01,11-28 06:00:00+01:00,Biomass 15,0.007350000000000001
2030,sc01,11-28 06:00:00+01:00,CC NG 31,0.0
2030,sc01,11-28 06:00:00+01:00,Solar 16,0.0
2030,sc01,11-28 06:00:00+01:00,Solar 68,0.0
2030,sc01,11-28 06:00:00+01:00,CT NG 21,0.0
2030,sc01,11-28 06:00:00+01:00,Wind 11,0.16283076264000002
2030,sc01,11-28 06:00:00+01:00,CC NG 37,12.712196339776467
2030,sc01,11-28 06:00:00+01:00,CT NG 22,0.0
2030,sc01,11-28 06:00:00+01:00,Hydro 16,0.007658
2030,sc01,11-28 06:00:00+01:00,Biomass 59,0.14490000000000003
2030,sc01,11-28 06:00:00+01:00,CC NG 01,0.0
2030,sc01,11-28 06:00:00+01:00,Biomass 16,0.007350000000000001
2030,sc01,11-28 06:00:00+01:00,Solar 03,0.0
2030,sc01,11-28 06:00:00+01:00,Solar 44,0.0
2030,sc01,11-28 06:00:00+01:00,CT NG 08,0.0
2030,sc01,11-28 06:00:00+01:00,Wind 05,0.04016911024
2030,sc01,11-28 06:00:00+01:00,Biomass 26,0.05985
2030,sc01,11-28 06:00:00+01:00,Solar 37,0.0
2030,sc01,11-28 06:00:00+01:00,Biomass 11,0.013650000000000002
2030,sc01,11-28 06:00:00+01:00,Solar 59,0.0
2030,sc01,11-28 06:00:00+01:00,CT NG 11,0.0
2030,sc01,11-28 06:00:00+01:00,Biomass 30,0.05985
2030,sc01,11-28 06:00:00+01:00,Hydro 23,1.3640788000000001
2030,sc01,11-28 06:00:00+01:00,CC NG 24,0.0
2030,sc01,11-28 06:00:00+01:00,Solar 65,0.0
2030,sc01,11-28 06:00:00+01:00,CC NG 18,0.0
2030,sc01,11-28 06:00:00+01:00,CT NG 16,0.0
2030,sc01,11-28 06:00:00+01:00,Solar 51,0.0
2030,sc01,11-28 06:00:00+01:00,Wind 06,0.44344748735
2030,sc01,11-28 06:00:00+01:00,CC NG 26,0.0
2030,sc01,11-28 06:00:00+01:00,CC NG 23,0.0
2030,sc01,11-28 06:00:00+01:00,CT NG 43,0.0
2030,sc01,11-28 06:00:00+01:00,CC NG 11,0.0
2030,sc01,11-28 06:00:00+01:00,CT NG 02,0.0
2030,sc01,11-28 06:00:00+01:00,CT NG 50,0.0
2030,sc01,11-28 06:00:00+01:00,Hydro 27,0.3733275
2030,sc01,11-28 06:00:00+01:00,CT NG 13,0.0
2030,sc01,11-28 06:00:00+01:00,CT NG 25,0.0
2030,sc01,11-28 06:00:00+01:00,CC NG 05,0.0
2030,sc01,11-28 06:00:00+01:00,Solar 04,0.0
2030,sc01,11-28 06:00:00+01:00,Solar 30,0.0
2030,sc01,11-28 06:00:00+01:00,Solar 29,0.0
2030,sc01,11-28 06:00:00+01:00,Solar 53,0.0
2030,sc01,11-28 06:00:00+01:00,Solar 21,0.0
2030,sc01,11-28 06:00:00+01:00,Biomass 58,0.0707
2030,sc01,11-28 06:00:00+01:00,CT NG 74,0.0
2030,sc01,11-28 06:00:00+01:00,Solar 61,0.0
2030,sc01,11-28 06:00:00+01:00,Wind 07,0.13571208924
2030,sc01,11-28 06:00:00+01:00,Biomass 31,0.05985
2030,sc01,11-28 06:00:00+01:00,CT Oil 05,0.0
2030,sc01,11-28 06:00:00+01:00,Biomass 38,0.029925
2030,sc01,11-28 06:00:00+01:00,Solar 41,0.0
2030,sc01,11-28 06:00:00+01:00,Biomass 51,0.007
2030,sc01,11-28 06:00:00+01:00,Biomass 55,0.0931
2030,sc01,11-28 06:00:00+01:00,Wind 15,1.94723892055
2030,sc01,11-28 06:00:00+01:00,Geo 01,0.56
2030,sc01,11-28 06:00:00+01:00,Biomass 60,0.0945
2030,sc01,11-28 06:00:00+01:00,CT NG 38,0.0
2030,sc01,11-28 06:00:00+01:00,Solar 66,0.0
2030,sc01,11-28 06:00:00+01:00,Solar 49,0.0
2030,sc01,11-28 06:00:00+01:00,CT NG 51,0.0
2030,sc01,11-28 06:00:00+01:00,Biomass 18,0.007350000000000001
2030,sc01,11-28 06:00:00+01:00,ICE NG 01,0.0
2030,sc01,11-28 06:00:00+01:00,Solar 15,0.0
2030,sc01,11-28 06:00:00+01:00,ICE NG 05,0.0
2030,sc01,11-28 06:00:00+01:00,CT Oil 04,0.0
2030,sc01,11-28 06:00:00+01:00,CC NG 20,0.0
2030,sc01,11-28 06:00:00+01:00,Solar 20,0.0
2030,sc01,11-28 06:00:00+01:00,Biomass 04,0.0091
2030,sc01,11-28 06:00:00+01:00,Wind 02,0.6993361354000001
2030,sc01,11-28 06:00:00+01:00,Hydro 25,0.3733275
2030,sc01,11-28 06:00:00+01:00,Solar 75,0.0
2030,sc01,11-28 06:00:00+01:00,Hydro 33,0.063707
2030,sc01,11-28 06:00:00+01:00,ST NG 05,2.12527
2030,sc01,11-28 06:00:00+01:00,CT NG 07,0.0
2030,sc01,11-28 06:00:00+01:00,Wind 01,0.08152545268
2030,sc01,11-28 06:00:00+01:00,Solar 56,0.0
2030,sc01,11-28 06:00:00+01:00,Biomass 09,0.02905
2030,sc01,11-28 06:00:00+01:00,Biomass 53,0.0931
2030,sc01,11-28 06:00:00+01:00,Wind 17,3.4581837696
2030,sc01,11-28 06:00:00+01:00,ST NG 08,0.0
2030,sc01,11-28 06:00:00+01:00,Hydro 19,0.09316999999999999
2030,sc01,11-28 06:00:00+01:00,ST NG 02,0.0
2030,sc01,11-28 06:00:00+01:00,Biomass 01,0.039200000000000006
2030,sc01,11-28 06:00:00+01:00,Biomass 57,0.0707
2030,sc01,11-28 06:00:00+01:00,CT NG 49,0.0
2030,sc01,11-28 06:00:00+01:00,CT NG 31,0.0
2030,sc01,11-28 06:00:00+01:00,Solar 64,0.0
2030,sc01,11-28 06:00:00+01:00,CC NG 33,0.0
2030,sc01,11-28 06:00:00+01:00,Solar 46,0.0
2030,sc01,11-28 06:00:00+01:00,Biomass 12,0.013650000000000002
2030,sc01,11-28 06:00:00+01:00,Wind 04,0.15532621104
2030,sc01,11-28 06:00:00+01:00,Solar 13,0.0
2030,sc01,11-28 06:00:00+01:00,CT NG 55,0.0
2030,sc01,11-28 06:00:00+01:00,Wind N03,133.007068075
2030,sc01,11-28 06:00:00+01:00,CT NG 28,0.0
2030,sc01,11-28 06:00:00+01:00,Wind 09,0.6029511382999999
2030,sc01,11-28 06:00:00+01:00,Solar 60,0.0
2030,sc01,11-28 06:00:00+01:00,Solar 25,0.0
2030,sc01,11-28 06:00:00+01:00,CT NG 23,0.0
2030,sc01,11-28 06:00:00+01:00,ST Other 01,0.0
2030,sc01,11-28 06:00:00+01:00,Solar 70,0.0
2030,sc01,11-28 06:00:00+01:00,CC NG 34,3.2726168360932606
2030,sc01,11-28 06:00:00+01:00,Solar 48,0.0
2030,sc01,11-28 06:00:00+01:00,Biomass 56,0.08715000000000002
2030,sc01,11-28 06:00:00+01:00,CT NG 36,0.0
2030,sc01,11-28 06:00:00+01:00,Solar 47,0.0
2030,sc01,11-28 06:00:00+01:00,Hydro 17,0.012922875000000002
2030,sc01,11-28 06:00:00+01:00,Solar 09,0.0
2030,sc01,11-28 06:00:00+01:00,Solar 08,0.0
2030,sc01,11-28 06:00:00+01:00,CT NG 45,0.0
2030,sc01,11-28 06:00:00+01:00,ST NG 04,2.12527
2030,sc01,11-28 06:00:00+01:00,Solar 40,0.0
2030,sc01,11-28 06:00:00+01:00,Biomass 47,0.08784999999999998
2030,sc01,11-28 06:00:00+01:00,Solar 50,0.0
2030,sc01,11-28 06:00:00+01:00,Solar 52,0.0
2030,sc01,11-28 06:00:00+01:00,Solar 63,0.0
2030,sc01,11-28 06:00:00+01:00,CC NG 06,0.0
2030,sc01,11-28 06:00:00+01:00,Biomass 39,0.029925
2030,sc01,11-28 06:00:00+01:00,Solar 67,0.0
2030,sc01,11-28 06:00:00+01:00,Solar 19,0.0
2030,sc01,11-28 06:00:00+01:00,Wind 12,4.1874657825
2030,sc01,11-28 06:00:00+01:00,Solar 24,0.0
2030,sc01,11-28 06:00:00+01:00,ICE NG 02,0.0
2030,sc01,11-28 06:00:00+01:00,Solar 05,0.0
2030,sc01,11-28 06:00:00+01:00,CT NG 54,0.0
2030,sc01,11-28 06:00:00+01:00,Wind N01,39.727239475
2030,sc01,11-28 06:00:00+01:00,CT NG 27,0.0
2030,sc01,11-28 06:00:00+01:00,CC NG 36,0.0
2030,sc01,11-28 06:00:00+01:00,Wind N02,2.2431831565500002
2030,sc01,11-28 06:00:00+01:00,CT NG 52,0.0
2030,sc01,11-28 06:00:00+01:00,Solar 35,0.0
2030,sc01,11-28 06:00:00+01:00,CT NG 05,0.0
2030,sc01,11-28 06:00:00+01:00,Biomass 36,0.0504
2030,sc01,11-28 06:00:00+01:00,CT NG 34,0.0
2030,sc01,11-28 06:00:00+01:00,CT Oil 03,0.0
2030,sc01,11-28 06:00:00+01:00,Hydro 35,0.0
2030,sc01,11-28 06:00:00+01:00,Solar 14,0.0
2030,sc01,11-28 06:00:00+01:00,CT NG 75,0.0
2030,sc01,11-28 06:00:00+01:00,ST NG 09,0.0
2030,sc01,11-28 06:00:00+01:00,CT NG 56,0.0
2030,sc01,11-28 06:00:00+01:00,Biomass 22,0.013650000000000002
2030,sc01,11-28 06:00:00+01:00,Solar 18,0.0
2030,sc01,11-28 06:00:00+01:00,Biomass 13,0.013650000000000002
2030,sc01,11-28 06:00:00+01:00,CT NG 71,0.0
2030,sc01,11-28 06:00:00+01:00,Solar 58,0.0
2030,sc01,11-28 06:00:00+01:00,Solar 06,0.0
2030,sc01,11-28 06:00:00+01:00,Biomass 08,0.02905
2030,sc01,11-28 06:00:00+01:00,CT NG 72,0.0
2030,sc01,11-28 06:00:00+01:00,Hydro 18,0.04451212500000001
2030,sc01,11-28 06:00:00+01:00,Solar 10,0.0
2030,sc01,11-28 06:00:00+01:00,CT NG 04,0.0
2030,sc01,11-28 06:00:00+01:00,ST Other 02,0.0
2030,sc01,11-28 06:00:00+01:00,CT NG 12,0.0
2030,sc01,11-28 06:00:00+01:00,CT NG 48,0.0
2030,sc01,11-28 06:00:00+01:00,ST NG 10,0.0
2030,sc01,11-28 06:00:00+01:00,Solar 22,0.0
2030,sc01,11-28 06:00:00+01:00,Solar 28,0.0
2030,sc01,11-28 06:00:00+01:00,CT NG 73,0.0
2030,sc01,11-28 06:00:00+01:00,Biomass 52,0.05705
2030,sc01,11-28 06:00:00+01:00,CT NG 30,0.0
2030,sc01,11-28 06:00:00+01:00,Solar 54,0.0
2030,sc01,11-28 06:00:00+01:00,Solar 31,0.2677084928
2030,sc01,11-28 06:00:00+01:00,Biomass 03,0.0091
2030,sc01,11-28 06:00:00+01:00,CT NG 32,0.0
2030,sc01,11-28 06:00:00+01:00,Biomass 27,0.05985
2030,sc01,11-28 06:00:00+01:00,CC NG 14,0.0
2030,sc01,11-28 06:00:00+01:00,CC NG 03,0.0
2030,sc01,11-28 06:00:00+01:00,CC NG 29,0.0
2030,sc01,11-28 06:00:00+01:00,CC NG 28,0.0
2030,sc01,11-28 06:00:00+01:00,CC NG 25,0.0
2030,sc01,11-28 06:00:00+01:00,CT NG 44,0.0
2030,sc01,11-28 06:00:00+01:00,CT NG 14,0.0
2030,sc01,11-28 06:00:00+01:00,CC NG 15,0.0
2030,sc01,11-28 06:00:00+01:00,CC NG 04,0.0
2030,sc01,11-28 06:00:00+01:00,Biomass 29,0.05985
2030,sc01,11-28 06:00:00+01:00,Wind 14,0.30632808864
2030,sc01,11-28 06:00:00+01:00,Wind 08,0.61983118085
2030,sc01,11-28 06:00:00+01:00,Biomass 61,0.013300000000000001
2030,sc01,11-28 06:00:00+01:00,CT NG 35,0.0
2030,sc01,11-28 06:00:00+01:00,Solar 33,0.28671951644
2030,sc01,11-28 06:00:00+01:00,CT NG 41,0.0
2030,sc01,11-28 06:00:00+01:00,CT NG 15,0.0
2030,sc01,11-28 06:00:00+01:00,Solar 42,0.0
2030,sc01,11-28 06:00:00+01:00,Solar 07,0.0
2030,sc01,11-28 06:00:00+01:00,Solar 43,0.0
2030,sc01,11-28 06:00:00+01:00,Biomass 05,0.0168
2030,sc01,11-28 06:00:00+01:00,CT NG 29,0.0
2030,sc01,11-28 06:00:00+01:00,Solar 71,0.0
2030,sc01,11-28 06:00:00+01:00,CT NG 53,0.0
2030,sc01,11-28 06:00:00+01:00,CT NG 20,0.0
2030,sc01,11-28 06:00:00+01:00,Biomass 14,0.0301
2030,sc01,11-28 06:00:00+01:00,Solar 26,0.0
2030,sc01,11-28 06:00:00+01:00,Hydro 29,38.671479000000005
2030,sc01,11-28 06:00:00+01:00,Hydro 31,0.0
2030,sc01,11-28 06:00:00+01:00,Biomass 24,0.01015
2030,sc01,11-28 06:00:00+01:00,Biomass 54,0.0931
2030,sc01,11-28 06:00:00+01:00,Solar 36,0.0
2030,sc01,11-28 06:00:00+01:00,Wind 03,0.4233122281500001
2030,sc01,11-28 06:00:00+01:00,Biomass 40,0.029925
2030,sc01,11-28 06:00:00+01:00,Biomass 49,0.011200000000000002
2030,sc01,11-28 06:00:00+01:00,CC NG 16,14.568405421990013
2030,sc01,11-28 06:00:00+01:00,Biomass 48,0.08784999999999998
2030,sc01,11-28 06:00:00+01:00,Hydro 28,38.671479000000005
2030,sc01,11-28 06:00:00+01:00,Biomass 17,0.007350000000000001
2030,sc01,11-28 06:00:00+01:00,CT NG 33,0.0
2030,sc01,11-28 06:00:00+01:00,Solar 45,0.0
2030,sc01,11-28 06:00:00+01:00,Hydro 24,1.3640788000000001
2030,sc01,11-28 06:00:00+01:00,Wind 13,1.84122069495
2030,sc01,11-28 06:00:00+01:00,Biomass 07,0.07
2030,sc01,11-28 06:00:00+01:00,Biomass 34,0.0504
2030,sc01,11-28 06:00:00+01:00,Biomass 33,0.0504
2030,sc01,11-28 06:00:00+01:00,CT NG 01,0.0
2030,sc01,11-28 06:00:00+01:00,ICE NG 03,0.0
2030,sc01,11-28 06:00:00+01:00,Solar 55,0.0
2030,sc01,11-28 06:00:00+01:00,Solar 11,0.0
2030,sc01,11-28 06:00:00+01:00,CT NG 06,0.0
2030,sc01,11-28 06:00:00+01:00,CT NG 70,0.0
2030,sc01,11-28 06:00:00+01:00,Solar 23,0.0
2030,sc01,11-28 06:00:00+01:00,CT NG 67,0.0
2030,sc01,11-28 06:00:00+01:00,Solar 12,0.0
2030,sc01,11-28 06:00:00+01:00,CT Oil 01,0.0
2030,sc01,11-28 06:00:00+01:00,Hydro 26,0.3733275
2030,sc01,11-28 06:00:00+01:00,CC NG 22,22.940140999999997
2030,sc01,11-28 06:00:00+01:00,CC NG 35,0.0
2030,sc01,11-28 06:00:00+01:00,Biomass 50,0.007
2030,sc01,11-28 06:00:00+01:00,ICE NG 04,0.0
2030,sc01,11-28 06:00:00+01:00,CC NG 39,0.0
2030,sc01,11-28 06:00:00+01:00,Hydro 32,0.0045948000000000004
2030,sc01,11-28 06:00:00+01:00,ICE NG 07,0.0
2030,sc01,11-28 06:00:00+01:00,Biomass 46,0.023450000000000002
2030,sc01,11-28 06:00:00+01:00,CC NG 38,0.0
2030,sc01,11-28 06:00:00+01:00,CC NG 12,0.0
2030,sc01,11-28 06:00:00+01:00,Solar 57,0.0
2030,sc01,11-28 06:00:00+01:00,CC NG 32,0.0
2030,sc01,11-28 06:00:00+01:00,CC NG 07,0.0
2030,sc01,11-28 06:00:00+01:00,Biomass 44,0.044800000000000006
2030,sc01,11-28 06:00:00+01:00,CT NG 40,0.0
2030,sc01,11-28 06:00:00+01:00,Solar 74,0.0
2030,sc01,11-28 06:00:00+01:00,Hydro 30,0.0
2030,sc01,11-28 06:00:00+01:00,CT NG 42,0.0
2030,sc01,11-28 06:00:00+01:00,Hydro 22,0.0286083
2030,sc01,11-28 06:00:00+01:00,Solar 17,0.0
2030,sc01,11-28 06:00:00+01:00,Solar 38,0.0
2030,sc01,11-28 06:00:00+01:00,CT NG 24,0.0
2030,sc01,11-28 06:00:00+01:00,CC NG 27,0.0
2030,sc01,11-28 06:00:00+01:00,Biomass 21,0.013650000000000002
2030,sc01,11-28 06:00:00+01:00,ICE NG 06,0.0
2030,sc01,11-28 06:00:00+01:00,Biomass 25,0.01015
2030,sc01,11-28 06:00:00+01:00,Solar 27,0.0
2030,sc01,11-28 06:00:00+01:00,CT NG 19,0.0
2030,sc01,11-28 06:00:00+01:00,Biomass 42,0.05039999999999999
2030,sc01,11-28 06:00:00+01:00,Biomass 19,0.013650000000000002
2030,sc01,11-28 06:00:00+01:00,Biomass 06,0.0168
2030,sc01,11-28 06:00:00+01:00,CT NG 10,0.0
2030,sc01,11-28 06:00:00+01:00,CC NG 40,25.420979499999998
2030,sc01,11-28 06:00:00+01:00,CC NG 21,0.0
2030,sc01,11-28 06:00:00+01:00,Biomass 02,0.039200000000000006
2030,sc01,11-28 06:00:00+01:00,CT NG 46,0.0
2030,sc01,11-28 06:00:00+01:00,Hydro 34,0.063707
2030,sc01,11-28 06:00:00+01:00,Biomass 10,0.02905
2030,sc01,11-28 06:00:00+01:00,CT NG 17,0.0
2030,sc01,11-28 06:00:00+01:00,Biomass 62,0.06125
2030,sc01,11-28 06:00:00+01:00,Biomass 32,0.04445
2030,sc01,11-28 06:00:00+01:00,CC NG 19,4.7383
2030,sc01,11-28 06:00:00+01:00,CC NG 17,0.0
2030,sc01,11-28 06:00:00+01:00,ST NG 01,0.0
2030,sc01,11-28 06:00:00+01:00,Biomass 45,0.044800000000000006
2030,sc01,11-28 06:00:00+01:00,Biomass 28,0.05985
2030,sc01,11-28 06:00:00+01:00,CC NG 10,0.0
2030,sc01,11-28 06:00:00+01:00,Biomass 23,0.01015
2030,sc01,11-28 06:00:00+01:00,ST NG 06,0.0
2030,sc01,11-28 06:00:00+01:00,Wind 10,0.61183163195
2030,sc01,11-28 06:00:00+01:00,CT NG 69,0.0
2030,sc01,11-28 06:00:00+01:00,CT NG 68,0.0
2030,sc01,11-28 14:00:00+01:00,CC NG 13,0.0
2030,sc01,11-28 14:00:00+01:00,CT NG 37,0.0
2030,sc01,11-28 14:00:00+01:00,ST Coal 01,0.0
2030,sc01,11-28 14:00:00+01:00,CT NG 09,0.0
2030,sc01,11-28 14:00:00+01:00,CT NG 47,0.0
2030,sc01,11-28 14:00:00+01:00,Solar 69,24.1381536433
2030,sc01,11-28 14:00:00+01:00,Solar 34,19.351162487786013
2030,sc01,11-28 14:00:00+01:00,Solar 73,5.7994497006
2030,sc01,11-28 14:00:00+01:00,Biomass 37,0.0
2030,sc01,11-28 14:00:00+01:00,Hydro 20,0.70354908
2030,sc01,11-28 14:00:00+01:00,Solar 01,2.9075697383000003
2030,sc01,11-28 14:00:00+01:00,Solar 62,20.9375984023
2030,sc01,11-28 14:00:00+01:00,Solar 02,6.0812438133
2030,sc01,11-28 14:00:00+01:00,CT NG 26,0.0
2030,sc01,11-28 14:00:00+01:00,Biomass 20,0.014430000000000002
2030,sc01,11-28 14:00:00+01:00,Wind 16,0.0
2030,sc01,11-28 14:00:00+01:00,CT NG 66,0.0
2030,sc01,11-28 14:00:00+01:00,Solar 39,0.0
2030,sc01,11-28 14:00:00+01:00,Biomass 41,0.0
2030,sc01,11-28 14:00:00+01:00,Solar 72,0.0
2030,sc01,11-28 14:00:00+01:00,ST NG 03,0.0
2030,sc01,11-28 14:00:00+01:00,Hydro 21,0.70354908
2030,sc01,11-28 14:00:00+01:00,CT NG 03,0.0
2030,sc01,11-28 14:00:00+01:00,CC NG 09,0.0
2030,sc01,11-28 14:00:00+01:00,CT Oil 02,0.0
2030,sc01,11-28 14:00:00+01:00,CT NG 39,0.0
2030,sc01,11-28 14:00:00+01:00,CC NG 08,0.0
2030,sc01,11-28 14:00:00+01:00,Biomass 43,0.0
2030,sc01,11-28 14:00:00+01:00,CT NG 18,0.0
2030,sc01,11-28 14:00:00+01:00,ST NG 07,0.0
2030,sc01,11-28 14:00:00+01:00,Biomass 35,0.0
2030,sc01,11-28 14:00:00+01:00,Solar 32,18.968312521686883
2030,sc01,11-28 14:00:00+01:00,Biomass 15,0.00777
2030,sc01,11-28 14:00:00+01:00,CC NG 31,0.0
2030,sc01,11-28 14:00:00+01:00,Solar 16,0.0
2030,sc01,11-28 14:00:00+01:00,Solar 68,16.43920069425954
2030,sc01,11-28 14:00:00+01:00,CT NG 21,0.0
2030,sc01,11-28 14:00:00+01:00,Wind 11,0.175740559376
2030,sc01,11-28 14:00:00+01:00,CC NG 37,11.722713498563156
2030,sc01,11-28 14:00:00+01:00,CT NG 22,0.0
2030,sc01,11-28 14:00:00+01:00,Hydro 16,0.00807488
2030,sc01,11-28 14:00:00+01:00,Biomass 59,0.15318
2030,sc01,11-28 14:00:00+01:00,CC NG 01,0.0
2030,sc01,11-28 14:00:00+01:00,Biomass 16,0.00777
2030,sc01,11-28 14:00:00+01:00,Solar 03,5.8963794146
2030,sc01,11-28 14:00:00+01:00,Solar 44,0.0
2030,sc01,11-28 14:00:00+01:00,CT NG 08,0.0
2030,sc01,11-28 14:00:00+01:00,Wind 05,0.020974451664000002
2030,sc01,11-28 14:00:00+01:00,Biomass 26,0.06326999999999999
2030,sc01,11-28 14:00:00+01:00,Solar 37,0.0
2030,sc01,11-28 14:00:00+01:00,Biomass 11,0.014430000000000002
2030,sc01,11-28 14:00:00+01:00,Solar 59,0.0
2030,sc01,11-28 14:00:00+01:00,CT NG 11,0.0
2030,sc01,11-28 14:00:00+01:00,Biomass 30,0.06326999999999999
2030,sc01,11-28 14:00:00+01:00,Hydro 23,1.5332415200000002
2030,sc01,11-28 14:00:00+01:00,CC NG 24,0.0
2030,sc01,11-28 14:00:00+01:00,Solar 65,11.370982457399998
2030,sc01,11-28 14:00:00+01:00,CC NG 18,0.0
2030,sc01,11-28 14:00:00+01:00,CT NG 16,0.0
2030,sc01,11-28 14:00:00+01:00,Solar 51,0.0
2030,sc01,11-28 14:00:00+01:00,Wind 06,0.56203219262
2030,sc01,11-28 14:00:00+01:00,CC NG 26,0.0
2030,sc01,11-28 14:00:00+01:00,CC NG 23,0.0
2030,sc01,11-28 14:00:00+01:00,CT NG 43,0.0
2030,sc01,11-28 14:00:00+01:00,CC NG 11,0.0
2030,sc01,11-28 14:00:00+01:00,CT NG 02,0.0
2030,sc01,11-28 14:00:00+01:00,CT NG 50,0.0
2030,sc01,11-28 14:00:00+01:00,Hydro 27,0.39365040000000007
2030,sc01,11-28 14:00:00+01:00,CT NG 13,0.0
2030,sc01,11-28 14:00:00+01:00,CT NG 25,0.0
2030,sc01,11-28 14:00:00+01:00,CC NG 05,0.0
2030,sc01,11-28 14:00:00+01:00,Solar 04,1.05392313115
2030,sc01,11-28 14:00:00+01:00,Solar 30,0.0
2030,sc01,11-28 14:00:00+01:00,Solar 29,0.99678681799
2030,sc01,11-28 14:00:00+01:00,Solar 53,0.0
2030,sc01,11-28 14:00:00+01:00,Solar 21,3.9989843274999997
2030,sc01,11-28 14:00:00+01:00,Biomass 58,0.07474
2030,sc01,11-28 14:00:00+01:00,CT NG 74,0.0
2030,sc01,11-28 14:00:00+01:00,Solar 61,0.0
2030,sc01,11-28 14:00:00+01:00,Wind 07,0.148021299568
2030,sc01,11-28 14:00:00+01:00,Biomass 31,0.06326999999999999
2030,sc01,11-28 14:00:00+01:00,CT Oil 05,0.0
2030,sc01,11-28 14:00:00+01:00,Biomass 38,0.0
2030,sc01,11-28 14:00:00+01:00,Solar 41,0.0
2030,sc01,11-28 14:00:00+01:00,Biomass 51,0.0
2030,sc01,11-28 14:00:00+01:00,Biomass 55,0.09842000000000001
2030,sc01,11-28 14:00:00+01:00,Wind 15,0.43829836253000004
2030,sc01,11-28 14:00:00+01:00,Geo 01,0.592
2030,sc01,11-28 14:00:00+01:00,Biomass 60,0.0999
2030,sc01,11-28 14:00:00+01:00,CT NG 38,0.0
2030,sc01,11-28 14:00:00+01:00,Solar 66,15.7446633392
2030,sc01,11-28 14:00:00+01:00,Solar 49,0.0
2030,sc01,11-28 14:00:00+01:00,CT NG 51,0.0
2030,sc01,11-28 14:00:00+01:00,Biomass 18,0.00777
2030,sc01,11-28 14:00:00+01:00,ICE NG 01,0.0
2030,sc01,11-28 14:00:00+01:00,Solar 15,2.28698289561
2030,sc01,11-28 14:00:00+01:00,ICE NG 05,0.0
2030,sc01,11-28 14:00:00+01:00,CT Oil 04,0.0
2030,sc01,11-28 14:00:00+01:00,CC NG 20,0.0
2030,sc01,11-28 14:00:00+01:00,Solar 20,1.3434401809599998
2030,sc01,11-28 14:00:00+01:00,Biomass 04,0.0
2030,sc01,11-28 14:00:00+01:00,Wind 02,0.73474167729
2030,sc01,11-28 14:00:00+01:00,Hydro 25,0.39365040000000007
2030,sc01,11-28 14:00:00+01:00,Solar 75,4.4089022844
2030,sc01,11-28 14:00:00+01:00,Hydro 33,1.54473668
2030,sc01,11-28 14:00:00+01:00,ST NG 05,2.246714
2030,sc01,11-28 14:00:00+01:00,CT NG 07,0.0
2030,sc01,11-28 14:00:00+01:00,Wind 01,0.088013417592
2030,sc01,11-28 14:00:00+01:00,Solar 56,0.0
2030,sc01,11-28 14:00:00+01:00,Biomass 09,0.03071
2030,sc01,11-28 14:00:00+01:00,Biomass 53,0.09842000000000001
2030,sc01,11-28 14:00:00+01:00,Wind 17,1.25953327519
2030,sc01,11-28 14:00:00+01:00,ST NG 08,0.0
2030,sc01,11-28 14:00:00+01:00,Hydro 19,0.099715
2030,sc01,11-28 14:00:00+01:00,ST NG 02,0.0
2030,sc01,11-28 14:00:00+01:00,Biomass 01,0.041440000000000005
2030,sc01,11-28 14:00:00+01:00,Biomass 57,0.07474
2030,sc01,11-28 14:00:00+01:00,CT NG 49,0.0
2030,sc01,11-28 14:00:00+01:00,CT NG 31,0.0
2030,sc01,11-28 14:00:00+01:00,Solar 64,5.9697537742
2030,sc01,11-28 14:00:00+01:00,CC NG 33,0.0
2030,sc01,11-28 14:00:00+01:00,Solar 46,0.0
2030,sc01,11-28 14:00:00+01:00,Biomass 12,0.014430000000000002
2030,sc01,11-28 14:00:00+01:00,Wind 04,0.049357179488
2030,sc01,11-28 14:00:00+01:00,Solar 13,0.057411569184
2030,sc01,11-28 14:00:00+01:00,CT NG 55,0.0
2030,sc01,11-28 14:00:00+01:00,Wind N03,48.443587513000004
2030,sc01,11-28 14:00:00+01:00,CT NG 28,0.0
2030,sc01,11-28 14:00:00+01:00,Wind 09,0.332420746352
2030,sc01,11-28 14:00:00+01:00,Solar 60,0.0
2030,sc01,11-28 14:00:00+01:00,Solar 25,0.42100911242
2030,sc01,11-28 14:00:00+01:00,CT NG 23,0.0
2030,sc01,11-28 14:00:00+01:00,ST Other 01,0.0
2030,sc01,11-28 14:00:00+01:00,Solar 70,18.5761065062
2030,sc01,11-28 14:00:00+01:00,CC NG 34,13.539094079822195
2030,sc01,11-28 14:00:00+01:00,Solar 48,0.0
2030,sc01,11-28 14:00:00+01:00,Biomass 56,0.09213000000000002
2030,sc01,11-28 14:00:00+01:00,CT NG 36,0.0
2030,sc01,11-28 14:00:00+01:00,Solar 47,0.0
2030,sc01,11-28 14:00:00+01:00,Hydro 17,0.0
2030,sc01,11-28 14:00:00+01:00,Solar 09,2.79035109946
2030,sc01,11-28 14:00:00+01:00,Solar 08,0.5450902678
2030,sc01,11-28 14:00:00+01:00,CT NG 45,0.0
2030,sc01,11-28 14:00:00+01:00,ST NG 04,2.246714
2030,sc01,11-28 14:00:00+01:00,Solar 40,0.0
2030,sc01,11-28 14:00:00+01:00,Biomass 47,0.0
2030,sc01,11-28 14:00:00+01:00,Solar 50,0.0
2030,sc01,11-28 14:00:00+01:00,Solar 52,0.0
2030,sc01,11-28 14:00:00+01:00,Solar 63,12.7485952212
2030,sc01,11-28 14:00:00+01:00,CC NG 06,0.0
2030,sc01,11-28 14:00:00+01:00,Biomass 39,0.0
2030,sc01,11-28 14:00:00+01:00,Solar 67,8.498352659
2030,sc01,11-28 14:00:00+01:00,Solar 19,0.021713313544000003
2030,sc01,11-28 14:00:00+01:00,Wind 12,5.7168422980999996
2030,sc01,11-28 14:00:00+01:00,Solar 24,0.31401040682400005
2030,sc01,11-28 14:00:00+01:00,ICE NG 02,0.0
2030,sc01,11-28 14:00:00+01:00,Solar 05,0.025532541456
2030,sc01,11-28 14:00:00+01:00,CT NG 54,0.0
2030,sc01,11-28 14:00:00+01:00,Wind N01,54.236708963000005
2030,sc01,11-28 14:00:00+01:00,CT NG 27,0.0
2030,sc01,11-28 14:00:00+01:00,CC NG 36,0.0
2030,sc01,11-28 14:00:00+01:00,Wind N02,0.3906007094100001
2030,sc01,11-28 14:00:00+01:00,CT NG 52,0.0
2030,sc01,11-28 14:00:00+01:00,Solar 35,0.0
2030,sc01,11-28 14:00:00+01:00,CT NG 05,0.0
2030,sc01,11-28 14:00:00+01:00,Biomass 36,0.0
2030,sc01,11-28 14:00:00+01:00,CT NG 34,0.0
2030,sc01,11-28 14:00:00+01:00,CT Oil 03,0.0
2030,sc01,11-28 14:00:00+01:00,Hydro 35,0.0
2030,sc01,11-28 14:00:00+01:00,Solar 14,2.5426100044700006
2030,sc01,11-28 14:00:00+01:00,CT NG 75,0.0
2030,sc01,11-28 14:00:00+01:00,ST NG 09,0.0
2030,sc01,11-28 14:00:00+01:00,CT NG 56,0.0
2030,sc01,11-28 14:00:00+01:00,Biomass 22,0.014430000000000002
2030,sc01,11-28 14:00:00+01:00,Solar 18,2.6818510547799996
2030,sc01,11-28 14:00:00+01:00,Biomass 13,0.014430000000000002
2030,sc01,11-28 14:00:00+01:00,CT NG 71,0.0
2030,sc01,11-28 14:00:00+01:00,Solar 58,0.0
2030,sc01,11-28 14:00:00+01:00,Solar 06,0.0
2030,sc01,11-28 14:00:00+01:00,Biomass 08,0.03071
2030,sc01,11-28 14:00:00+01:00,CT NG 72,0.0
2030,sc01,11-28 14:00:00+01:00,Hydro 18,0.0
2030,sc01,11-28 14:00:00+01:00,Solar 10,1.2940512915099998
2030,sc01,11-28 14:00:00+01:00,CT NG 04,0.0
2030,sc01,11-28 14:00:00+01:00,ST Other 02,0.0
2030,sc01,11-28 14:00:00+01:00,CT NG 12,0.0
2030,sc01,11-28 14:00:00+01:00,CT NG 48,0.0
2030,sc01,11-28 14:00:00+01:00,ST NG 10,0.0
2030,sc01,11-28 14:00:00+01:00,Solar 22,1.03676594403
2030,sc01,11-28 14:00:00+01:00,Solar 28,0.92778478983
2030,sc01,11-28 14:00:00+01:00,CT NG 73,0.0
2030,sc01,11-28 14:00:00+01:00,Biomass 52,0.0
2030,sc01,11-28 14:00:00+01:00,CT NG 30,0.0
2030,sc01,11-28 14:00:00+01:00,Solar 54,0.0
2030,sc01,11-28 14:00:00+01:00,Solar 31,0.0
2030,sc01,11-28 14:00:00+01:00,Biomass 03,0.0
2030,sc01,11-28 14:00:00+01:00,CT NG 32,0.0
2030,sc01,11-28 14:00:00+01:00,Biomass 27,0.06326999999999999
2030,sc01,11-28 14:00:00+01:00,CC NG 14,0.0
2030,sc01,11-28 14:00:00+01:00,CC NG 03,0.0
2030,sc01,11-28 14:00:00+01:00,CC NG 29,0.0
2030,sc01,11-28 14:00:00+01:00,CC NG 28,0.0
2030,sc01,11-28 14:00:00+01:00,CC NG 25,0.0
2030,sc01,11-28 14:00:00+01:00,CT NG 44,0.0
2030,sc01,11-28 14:00:00+01:00,CT NG 14,0.0
2030,sc01,11-28 14:00:00+01:00,CC NG 15,0.0
2030,sc01,11-28 14:00:00+01:00,CC NG 04,0.0
2030,sc01,11-28 14:00:00+01:00,Biomass 29,0.06326999999999999
2030,sc01,11-28 14:00:00+01:00,Wind 14,0.053340258200000004
2030,sc01,11-28 14:00:00+01:00,Wind 08,0.35624639315199996
2030,sc01,11-28 14:00:00+01:00,Biomass 61,0.0
2030,sc01,11-28 14:00:00+01:00,CT NG 35,0.0
2030,sc01,11-28 14:00:00+01:00,Solar 33,0.0
2030,sc01,11-28 14:00:00+01:00,CT NG 41,0.0
2030,sc01,11-28 14:00:00+01:00,CT NG 15,0.0
2030,sc01,11-28 14:00:00+01:00,Solar 42,0.0
2030,sc01,11-28 14:00:00+01:00,Solar 07,0.04624454708800001
2030,sc01,11-28 14:00:00+01:00,Solar 43,0.0
2030,sc01,11-28 14:00:00+01:00,Biomass 05,0.01776
2030,sc01,11-28 14:00:00+01:00,CT NG 29,0.0
2030,sc01,11-28 14:00:00+01:00,Solar 71,27.050667847000003
2030,sc01,11-28 14:00:00+01:00,CT NG 53,0.0
2030,sc01,11-28 14:00:00+01:00,CT NG 20,0.0
2030,sc01,11-28 14:00:00+01:00,Biomass 14,0.03182
2030,sc01,11-28 14:00:00+01:00,Solar 26,0.38988383404
2030,sc01,11-28 14:00:00+01:00,Hydro 29,0.05994000000000001
2030,sc01,11-28 14:00:00+01:00,Hydro 31,0.0
2030,sc01,11-28 14:00:00+01:00,Biomass 24,0.01073
2030,sc01,11-28 14:00:00+01:00,Biomass 54,0.09842000000000001
2030,sc01,11-28 14:00:00+01:00,Solar 36,0.0
2030,sc01,11-28 14:00:00+01:00,Wind 03,0.158957833272
2030,sc01,11-28 14:00:00+01:00,Biomass 40,0.0
2030,sc01,11-28 14:00:00+01:00,Biomass 49,0.0
2030,sc01,11-28 14:00:00+01:00,CC NG 16,5.613752294558432
2030,sc01,11-28 14:00:00+01:00,Biomass 48,0.0
2030,sc01,11-28 14:00:00+01:00,Hydro 28,0.05994000000000001
2030,sc01,11-28 14:00:00+01:00,Biomass 17,0.00777
2030,sc01,11-28 14:00:00+01:00,CT NG 33,0.0
2030,sc01,11-28 14:00:00+01:00,Solar 45,0.0
2030,sc01,11-28 14:00:00+01:00,Hydro 24,1.5332415200000002
2030,sc01,11-28 14:00:00+01:00,Wind 13,2.3099693872200002
2030,sc01,11-28 14:00:00+01:00,Biomass 07,0.074
2030,sc01,11-28 14:00:00+01:00,Biomass 34,0.0
2030,sc01,11-28 14:00:00+01:00,Biomass 33,0.0
2030,sc01,11-28 14:00:00+01:00,CT NG 01,0.0
2030,sc01,11-28 14:00:00+01:00,ICE NG 03,0.0
2030,sc01,11-28 14:00:00+01:00,Solar 55,0.0
2030,sc01,11-28 14:00:00+01:00,Solar 11,0.4306821867
2030,sc01,11-28 14:00:00+01:00,CT NG 06,0.0
2030,sc01,11-28 14:00:00+01:00,CT NG 70,0.0
2030,sc01,11-28 14:00:00+01:00,Solar 23,0.063771606336
2030,sc01,11-28 14:00:00+01:00,CT NG 67,0.0
2030,sc01,11-28 14:00:00+01:00,Solar 12,0.33339351275999995
2030,sc01,11-28 14:00:00+01:00,CT Oil 01,0.0
2030,sc01,11-28 14:00:00+01:00,Hydro 26,0.39365040000000007
2030,sc01,11-28 14:00:00+01:00,CC NG 22,24.251006199999996
2030,sc01,11-28 14:00:00+01:00,CC NG 35,12.413844669296092
2030,sc01,11-28 14:00:00+01:00,Biomass 50,0.0
2030,sc01,11-28 14:00:00+01:00,ICE NG 04,0.0
2030,sc01,11-28 14:00:00+01:00,CC NG 39,0.0
2030,sc01,11-28 14:00:00+01:00,Hydro 32,0.004844928
2030,sc01,11-28 14:00:00+01:00,ICE NG 07,0.0
2030,sc01,11-28 14:00:00+01:00,Biomass 46,0.0
2030,sc01,11-28 14:00:00+01:00,CC NG 38,0.0
2030,sc01,11-28 14:00:00+01:00,CC NG 12,0.0
2030,sc01,11-28 14:00:00+01:00,Solar 57,0.0
2030,sc01,11-28 14:00:00+01:00,CC NG 32,0.0
2030,sc01,11-28 14:00:00+01:00,CC NG 07,0.0
2030,sc01,11-28 14:00:00+01:00,Biomass 44,0.0
2030,sc01,11-28 14:00:00+01:00,CT NG 40,0.0
2030,sc01,11-28 14:00:00+01:00,Solar 74,6.3243889026
2030,sc01,11-28 14:00:00+01:00,Hydro 30,0.0
2030,sc01,11-28 14:00:00+01:00,CT NG 42,0.0
2030,sc01,11-28 14:00:00+01:00,Hydro 22,0.70354908
2030,sc01,11-28 14:00:00+01:00,Solar 17,0.6539179178800001
2030,sc01,11-28 14:00:00+01:00,Solar 38,0.0
2030,sc01,11-28 14:00:00+01:00,CT NG 24,0.0
2030,sc01,11-28 14:00:00+01:00,CC NG 27,0.0
2030,sc01,11-28 14:00:00+01:00,Biomass 21,0.014430000000000002
2030,sc01,11-28 14:00:00+01:00,ICE NG 06,0.0
2030,sc01,11-28 14:00:00+01:00,Biomass 25,0.01073
2030,sc01,11-28 14:00:00+01:00,Solar 27,0.0
2030,sc01,11-28 14:00:00+01:00,CT NG 19,0.0
2030,sc01,11-28 14:00:00+01:00,Biomass 42,0.0
2030,sc01,11-28 14:00:00+01:00,Biomass 19,0.014430000000000002
2030,sc01,11-28 14:00:00+01:00,Biomass 06,0.01776
2030,sc01,11-28 14:00:00+01:00,CT NG 10,0.0
2030,sc01,11-28 14:00:00+01:00,CC NG 40,0.0
2030,sc01,11-28 14:00:00+01:00,CC NG 21,0.0
2030,sc01,11-28 14:00:00+01:00,Biomass 02,0.041440000000000005
2030,sc01,11-28 14:00:00+01:00,CT NG 46,0.0
2030,sc01,11-28 14:00:00+01:00,Hydro 34,1.54473668
2030,sc01,11-28 14:00:00+01:00,Biomass 10,0.03071
2030,sc01,11-28 14:00:00+01:00,CT NG 17,0.0
2030,sc01,11-28 14:00:00+01:00,Biomass 62,0.06475
2030,sc01,11-28 14:00:00+01:00,Biomass 32,0.046990000000000004
2030,sc01,11-28 14:00:00+01:00,CC NG 19,5.00906
2030,sc01,11-28 14:00:00+01:00,CC NG 17,0.0
2030,sc01,11-28 14:00:00+01:00,ST NG 01,0.0
2030,sc01,11-28 14:00:00+01:00,Biomass 45,0.0
2030,sc01,11-28 14:00:00+01:00,Biomass 28,0.06326999999999999
2030,sc01,11-28 14:00:00+01:00,CC NG 10,0.0
2030,sc01,11-28 14:00:00+01:00,Biomass 23,0.01073
2030,sc01,11-28 14:00:00+01:00,ST NG 06,0.0
2030,sc01,11-28 14:00:00+01:00,Wind 10,0.33434905226399997
2030,sc01,11-28 14:00:00+01:00,CT NG 69,0.0
2030,sc01,11-28 14:00:00+01:00,CT NG 68,0.0
2030,sc01,12-01 03:00:00+01:00,CC NG 13,0.0
2030,sc01,12-01 03:00:00+01:00,CT NG 37,0.0
2030,sc01,12-01 03:00:00+01:00,ST Coal 01,0.0
2030,sc01,12-01 03:00:00+01:00,CT NG 09,0.0
2030,sc01,12-01 03:00:00+01:00,CT NG 47,0.0
2030,sc01,12-01 03:00:00+01:00,Solar 69,0.0
2030,sc01,12-01 03:00:00+01:00,Solar 34,0.0
2030,sc01,12-01 03:00:00+01:00,Solar 73,0.0
2030,sc01,12-01 03:00:00+01:00,Biomass 37,0.0
2030,sc01,12-01 03:00:00+01:00,Hydro 20,0.0
2030,sc01,12-01 03:00:00+01:00,Solar 01,0.0
2030,sc01,12-01 03:00:00+01:00,Solar 62,0.0
2030,sc01,12-01 03:00:00+01:00,Solar 02,0.0
2030,sc01,12-01 03:00:00+01:00,CT NG 26,0.0
2030,sc01,12-01 03:00:00+01:00,Biomass 20,0.0
2030,sc01,12-01 03:00:00+01:00,Wind 16,0.0
2030,sc01,12-01 03:00:00+01:00,CT NG 66,0.0
2030,sc01,12-01 03:00:00+01:00,Solar 39,0.0
2030,sc01,12-01 03:00:00+01:00,Biomass 41,0.0
2030,sc01,12-01 03:00:00+01:00,Solar 72,0.0
2030,sc01,12-01 03:00:00+01:00,ST NG 03,0.0
2030,sc01,12-01 03:00:00+01:00,Hydro 21,6.823010699999999
2030,sc01,12-01 03:00:00+01:00,CT NG 03,0.0
2030,sc01,12-01 03:00:00+01:00,CC NG 09,0.0
2030,sc01,12-01 03:00:00+01:00,CT Oil 02,0.0
2030,sc01,12-01 03:00:00+01:00,CT NG 39,0.0
2030,sc01,12-01 03:00:00+01:00,CC NG 08,0.0
2030,sc01,12-01 03:00:00+01:00,Biomass 43,0.0
2030,sc01,12-01 03:00:00+01:00,CT NG 18,0.0
2030,sc01,12-01 03:00:00+01:00,ST NG 07,0.0
2030,sc01,12-01 03:00:00+01:00,Biomass 35,0.0
2030,sc01,12-01 03:00:00+01:00,Solar 32,0.0
2030,sc01,12-01 03:00:00+01:00,Biomass 15,0.0
2030,sc01,12-01 03:00:00+01:00,CC NG 31,0.0
2030,sc01,12-01 03:00:00+01:00,Solar 16,0.0
2030,sc01,12-01 03:00:00+01:00,Solar 68,0.0
2030,sc01,12-01 03:00:00+01:00,CT NG 21,0.0
2030,sc01,12-01 03:00:00+01:00,Wind 11,0.68042463966
2030,sc01,12-01 03:00:00+01:00,CC NG 37,0.0
2030,sc01,12-01 03:00:00+01:00,CT NG 22,0.0
2030,sc01,12-01 03:00:00+01:00,Hydro 16,0.0019836000000000003
2030,sc01,12-01 03:00:00+01:00,Biomass 59,0.0
2030,sc01,12-01 03:00:00+01:00,CC NG 01,0.0
2030,sc01,12-01 03:00:00+01:00,Biomass 16,0.0
2030,sc01,12-01 03:00:00+01:00,Solar 03,0.0
2030,sc01,12-01 03:00:00+01:00,Solar 44,0.0
2030,sc01,12-01 03:00:00+01:00,CT NG 08,0.0
2030,sc01,12-01 03:00:00+01:00,Wind 05,0.072440192592
2030,sc01,12-01 03:00:00+01:00,Biomass 26,0.0
2030,sc01,12-01 03:00:00+01:00,Solar 37,0.0
2030,sc01,12-01 03:00:00+01:00,Biomass 11,0.0
2030,sc01,12-01 03:00:00+01:00,Solar 59,0.0
2030,sc01,12-01 03:00:00+01:00,CT NG 11,0.0
2030,sc01,12-01 03:00:00+01:00,Biomass 30,0.0
2030,sc01,12-01 03:00:00+01:00,Hydro 23,0.0
2030,sc01,12-01 03:00:00+01:00,CC NG 24,0.0
2030,sc01,12-01 03:00:00+01:00,Solar 65,0.0
2030,sc01,12-01 03:00:00+01:00,CC NG 18,0.0
2030,sc01,12-01 03:00:00+01:00,CT NG 16,0.0
2030,sc01,12-01 03:00:00+01:00,Solar 51,0.0
2030,sc01,12-01 03:00:00+01:00,Wind 06,1.0050095133
2030,sc01,12-01 03:00:00+01:00,CC NG 26,0.0
2030,sc01,12-01 03:00:00+01:00,CC NG 23,0.0
2030,sc01,12-01 03:00:00+01:00,CT NG 43,0.0
2030,sc01,12-01 03:00:00+01:00,CC NG 11,0.0
2030,sc01,12-01 03:00:00+01:00,CT NG 02,0.0
2030,sc01,12-01 03:00:00+01:00,CT NG 50,0.0
2030,sc01,12-01 03:00:00+01:00,Hydro 27,0.0
2030,sc01,12-01 03:00:00+01:00,CT NG 13,0.0
2030,sc01,12-01 03:00:00+01:00,CT NG 25,0.0
2030,sc01,12-01 03:00:00+01:00,CC NG 05,0.0
2030,sc01,12-01 03:00:00+01:00,Solar 04,0.0
2030,sc01,12-01 03:00:00+01:00,Solar 30,0.0
2030,sc01,12-01 03:00:00+01:00,Solar 29,0.0
2030,sc01,12-01 03:00:00+01:00,Solar 53,0.0
2030,sc01,12-01 03:00:00+01:00,Solar 21,0.0
2030,sc01,12-01 03:00:00+01:00,Biomass 58,0.0
2030,sc01,12-01 03:00:00+01:00,CT NG 74,0.0
2030,sc01,12-01 03:00:00+01:00,Solar 61,0.0
2030,sc01,12-01 03:00:00+01:00,Wind 07,0.6663465546299999
2030,sc01,12-01 03:00:00+01:00,Biomass 31,0.0
2030,sc01,12-01 03:00:00+01:00,CT Oil 05,0.0
2030,sc01,12-01 03:00:00+01:00,Biomass 38,0.0
2030,sc01,12-01 03:00:00+01:00,Solar 41,0.0
2030,sc01,12-01 03:00:00+01:00,Biomass 51,0.0
2030,sc01,12-01 03:00:00+01:00,Biomass 55,0.0
2030,sc01,12-01 03:00:00+01:00,Wind 15,0.0
2030,sc01,12-01 03:00:00+01:00,Geo 01,0.0
2030,sc01,12-01 03:00:00+01:00,Biomass 60,0.0
2030,sc01,12-01 03:00:00+01:00,CT NG 38,0.0
2030,sc01,12-01 03:00:00+01:00,Solar 66,0.0
2030,sc01,12-01 03:00:00+01:00,Solar 49,0.0
2030,sc01,12-01 03:00:00+01:00,CT NG 51,0.0
2030,sc01,12-01 03:00:00+01:00,Biomass 18,0.0
2030,sc01,12-01 03:00:00+01:00,ICE NG 01,0.0
2030,sc01,12-01 03:00:00+01:00,Solar 15,0.0
2030,sc01,12-01 03:00:00+01:00,ICE NG 05,0.0
2030,sc01,12-01 03:00:00+01:00,CT Oil 04,0.0
2030,sc01,12-01 03:00:00+01:00,CC NG 20,0.0
2030,sc01,12-01 03:00:00+01:00,Solar 20,0.0
2030,sc01,12-01 03:00:00+01:00,Biomass 04,0.0
2030,sc01,12-01 03:00:00+01:00,Wind 02,1.7174525958
2030,sc01,12-01 03:00:00+01:00,Hydro 25,0.09670050000000001
2030,sc01,12-01 03:00:00+01:00,Solar 75,0.0
2030,sc01,12-01 03:00:00+01:00,Hydro 33,0.0
2030,sc01,12-01 03:00:00+01:00,ST NG 05,0.0
2030,sc01,12-01 03:00:00+01:00,CT NG 07,0.0
2030,sc01,12-01 03:00:00+01:00,Wind 01,0.44417233710000004
2030,sc01,12-01 03:00:00+01:00,Solar 56,0.0
2030,sc01,12-01 03:00:00+01:00,Biomass 09,0.0
2030,sc01,12-01 03:00:00+01:00,Biomass 53,0.0
2030,sc01,12-01 03:00:00+01:00,Wind 17,10.108667107237016
2030,sc01,12-01 03:00:00+01:00,ST NG 08,0.0
2030,sc01,12-01 03:00:00+01:00,Hydro 19,0.031482
2030,sc01,12-01 03:00:00+01:00,ST NG 02,0.0
2030,sc01,12-01 03:00:00+01:00,Biomass 01,0.0
2030,sc01,12-01 03:00:00+01:00,Biomass 57,0.0
2030,sc01,12-01 03:00:00+01:00,CT NG 49,0.0
2030,sc01,12-01 03:00:00+01:00,CT NG 31,0.0
2030,sc01,12-01 03:00:00+01:00,Solar 64,0.0
2030,sc01,12-01 03:00:00+01:00,CC NG 33,0.0
2030,sc01,12-01 03:00:00+01:00,Solar 46,0.0
2030,sc01,12-01 03:00:00+01:00,Biomass 12,0.0
2030,sc01,12-01 03:00:00+01:00,Wind 04,0.0
2030,sc01,12-01 03:00:00+01:00,Solar 13,0.0
2030,sc01,12-01 03:00:00+01:00,CT NG 55,0.0
2030,sc01,12-01 03:00:00+01:00,Wind N03,25.849433142264616
2030,sc01,12-01 03:00:00+01:00,CT NG 28,0.0
2030,sc01,12-01 03:00:00+01:00,Wind 09,1.0795490091000002
2030,sc01,12-01 03:00:00+01:00,Solar 60,0.0
2030,sc01,12-01 03:00:00+01:00,Solar 25,0.0
2030,sc01,12-01 03:00:00+01:00,CT NG 23,0.0
2030,sc01,12-01 03:00:00+01:00,ST Other 01,0.0
2030,sc01,12-01 03:00:00+01:00,Solar 70,0.0
2030,sc01,12-01 03:00:00+01:00,CC NG 34,0.0
2030,sc01,12-01 03:00:00+01:00,Solar 48,0.0
2030,sc01,12-01 03:00:00+01:00,Biomass 56,0.0
2030,sc01,12-01 03:00:00+01:00,CT NG 36,0.0
2030,sc01,12-01 03:00:00+01:00,Solar 47,0.0
2030,sc01,12-01 03:00:00+01:00,Hydro 17,0.003347325
2030,sc01,12-01 03:00:00+01:00,Solar 09,0.0
2030,sc01,12-01 03:00:00+01:00,Solar 08,0.0
2030,sc01,12-01 03:00:00+01:00,CT NG 45,0.0
2030,sc01,12-01 03:00:00+01:00,ST NG 04,0.0
2030,sc01,12-01 03:00:00+01:00,Solar 40,0.0
2030,sc01,12-01 03:00:00+01:00,Biomass 47,0.0
2030,sc01,12-01 03:00:00+01:00,Solar 50,0.0
2030,sc01,12-01 03:00:00+01:00,Solar 52,0.0
2030,sc01,12-01 03:00:00+01:00,Solar 63,0.0
2030,sc01,12-01 03:00:00+01:00,CC NG 06,0.0
2030,sc01,12-01 03:00:00+01:00,Biomass 39,0.0
2030,sc01,12-01 03:00:00+01:00,Solar 67,0.0
2030,sc01,12-01 03:00:00+01:00,Solar 19,0.0
2030,sc01,12-01 03:00:00+01:00,Wind 12,6.045881607
2030,sc01,12-01 03:00:00+01:00,Solar 24,0.0
2030,sc01,12-01 03:00:00+01:00,ICE NG 02,0.0
2030,sc01,12-01 03:00:00+01:00,Solar 05,0.0
2030,sc01,12-01 03:00:00+01:00,CT NG 54,0.0
2030,sc01,12-01 03:00:00+01:00,Wind N01,28.119785317078563
2030,sc01,12-01 03:00:00+01:00,CT NG 27,0.0
2030,sc01,12-01 03:00:00+01:00,CC NG 36,0.0
2030,sc01,12-01 03:00:00+01:00,Wind N02,0.0
2030,sc01,12-01 03:00:00+01:00,CT NG 52,0.0
2030,sc01,12-01 03:00:00+01:00,Solar 35,0.0
2030,sc01,12-01 03:00:00+01:00,CT NG 05,0.0
2030,sc01,12-01 03:00:00+01:00,Biomass 36,0.0
2030,sc01,12-01 03:00:00+01:00,CT NG 34,0.0
2030,sc01,12-01 03:00:00+01:00,CT Oil 03,0.0
2030,sc01,12-01 03:00:00+01:00,Hydro 35,0.0
2030,sc01,12-01 03:00:00+01:00,Solar 14,0.0
2030,sc01,12-01 03:00:00+01:00,CT NG 75,0.0
2030,sc01,12-01 03:00:00+01:00,ST NG 09,0.0
2030,sc01,12-01 03:00:00+01:00,CT NG 56,0.0
2030,sc01,12-01 03:00:00+01:00,Biomass 22,0.0
2030,sc01,12-01 03:00:00+01:00,Solar 18,0.0
2030,sc01,12-01 03:00:00+01:00,Biomass 13,0.0
2030,sc01,12-01 03:00:00+01:00,CT NG 71,0.0
2030,sc01,12-01 03:00:00+01:00,Solar 58,0.0
2030,sc01,12-01 03:00:00+01:00,Solar 06,0.0
2030,sc01,12-01 03:00:00+01:00,Biomass 08,0.0
2030,sc01,12-01 03:00:00+01:00,CT NG 72,0.0
2030,sc01,12-01 03:00:00+01:00,Hydro 18,0.011529675
2030,sc01,12-01 03:00:00+01:00,Solar 10,0.0
2030,sc01,12-01 03:00:00+01:00,CT NG 04,0.0
2030,sc01,12-01 03:00:00+01:00,ST Other 02,0.0
2030,sc01,12-01 03:00:00+01:00,CT NG 12,0.0
2030,sc01,12-01 03:00:00+01:00,CT NG 48,0.0
2030,sc01,12-01 03:00:00+01:00,ST NG 10,0.0
2030,sc01,12-01 03:00:00+01:00,Solar 22,0.0
2030,sc01,12-01 03:00:00+01:00,Solar 28,0.0
2030,sc01,12-01 03:00:00+01:00,CT NG 73,0.0
2030,sc01,12-01 03:00:00+01:00,Biomass 52,0.0
2030,sc01,12-01 03:00:00+01:00,CT NG 30,0.0
2030,sc01,12-01 03:00:00+01:00,Solar 54,0.0
2030,sc01,12-01 03:00:00+01:00,Solar 31,0.0
2030,sc01,12-01 03:00:00+01:00,Biomass 03,0.0
2030,sc01,12-01 03:00:00+01:00,CT NG 32,0.0
2030,sc01,12-01 03:00:00+01:00,Biomass 27,0.0
2030,sc01,12-01 03:00:00+01:00,CC NG 14,0.0
2030,sc01,12-01 03:00:00+01:00,CC NG 03,0.0
2030,sc01,12-01 03:00:00+01:00,CC NG 29,0.0
2030,sc01,12-01 03:00:00+01:00,CC NG 28,0.0
2030,sc01,12-01 03:00:00+01:00,CC NG 25,0.0
2030,sc01,12-01 03:00:00+01:00,CT NG 44,0.0
2030,sc01,12-01 03:00:00+01:00,CT NG 14,0.0
2030,sc01,12-01 03:00:00+01:00,CC NG 15,0.0
2030,sc01,12-01 03:00:00+01:00,CC NG 04,0.0
2030,sc01,12-01 03:00:00+01:00,Biomass 29,0.0
2030,sc01,12-01 03:00:00+01:00,Wind 14,1.9949260863160618
2030,sc01,12-01 03:00:00+01:00,Wind 08,1.1378325321
2030,sc01,12-01 03:00:00+01:00,Biomass 61,0.0
2030,sc01,12-01 03:00:00+01:00,CT NG 35,0.0
2030,sc01,12-01 03:00:00+01:00,Solar 33,0.0
2030,sc01,12-01 03:00:00+01:00,CT NG 41,0.0
2030,sc01,12-01 03:00:00+01:00,CT NG 15,0.0
2030,sc01,12-01 03:00:00+01:00,Solar 42,0.0
2030,sc01,12-01 03:00:00+01:00,Solar 07,0.0
2030,sc01,12-01 03:00:00+01:00,Solar 43,0.0
2030,sc01,12-01 03:00:00+01:00,Biomass 05,0.0
2030,sc01,12-01 03:00:00+01:00,CT NG 29,0.0
2030,sc01,12-01 03:00:00+01:00,Solar 71,0.0
2030,sc01,12-01 03:00:00+01:00,CT NG 53,0.0
2030,sc01,12-01 03:00:00+01:00,CT NG 20,0.0
2030,sc01,12-01 03:00:00+01:00,Biomass 14,0.0
2030,sc01,12-01 03:00:00+01:00,Solar 26,0.0
2030,sc01,12-01 03:00:00+01:00,Hydro 29,0.0
2030,sc01,12-01 03:00:00+01:00,Hydro 31,0.0
2030,sc01,12-01 03:00:00+01:00,Biomass 24,0.0
2030,sc01,12-01 03:00:00+01:00,Biomass 54,0.0
2030,sc01,12-01 03:00:00+01:00,Solar 36,0.0
2030,sc01,12-01 03:00:00+01:00,Wind 03,0.0
2030,sc01,12-01 03:00:00+01:00,Biomass 40,0.0
2030,sc01,12-01 03:00:00+01:00,Biomass 49,0.0
2030,sc01,12-01 03:00:00+01:00,CC NG 16,0.0
2030,sc01,12-01 03:00:00+01:00,Biomass 48,0.0
2030,sc01,12-01 03:00:00+01:00,Hydro 28,0.0
2030,sc01,12-01 03:00:00+01:00,Biomass 17,0.0
2030,sc01,12-01 03:00:00+01:00,CT NG 33,0.0
2030,sc01,12-01 03:00:00+01:00,Solar 45,0.0
2030,sc01,12-01 03:00:00+01:00,Hydro 24,0.0
2030,sc01,12-01 03:00:00+01:00,Wind 13,2.5463741634
2030,sc01,12-01 03:00:00+01:00,Biomass 07,0.0
2030,sc01,12-01 03:00:00+01:00,Biomass 34,0.0
2030,sc01,12-01 03:00:00+01:00,Biomass 33,0.0
2030,sc01,12-01 03:00:00+01:00,CT NG 01,0.0
2030,sc01,12-01 03:00:00+01:00,ICE NG 03,0.0
2030,sc01,12-01 03:00:00+01:00,Solar 55,0.0
2030,sc01,12-01 03:00:00+01:00,Solar 11,0.0
2030,sc01,12-01 03:00:00+01:00,CT NG 06,0.0
2030,sc01,12-01 03:00:00+01:00,CT NG 70,0.0
2030,sc01,12-01 03:00:00+01:00,Solar 23,0.0
2030,sc01,12-01 03:00:00+01:00,CT NG 67,0.0
2030,sc01,12-01 03:00:00+01:00,Solar 12,0.0
2030,sc01,12-01 03:00:00+01:00,CT Oil 01,0.0
2030,sc01,12-01 03:00:00+01:00,Hydro 26,0.09670050000000001
2030,sc01,12-01 03:00:00+01:00,CC NG 22,0.0
2030,sc01,12-01 03:00:00+01:00,CC NG 35,0.0
2030,sc01,12-01 03:00:00+01:00,Biomass 50,0.0
2030,sc01,12-01 03:00:00+01:00,ICE NG 04,0.0
2030,sc01,12-01 03:00:00+01:00,CC NG 39,0.0
2030,sc01,12-01 03:00:00+01:00,Hydro 32,0.00119016
2030,sc01,12-01 03:00:00+01:00,ICE NG 07,0.0
2030,sc01,12-01 03:00:00+01:00,Biomass 46,0.0
2030,sc01,12-01 03:00:00+01:00,CC NG 38,0.0
2030,sc01,12-01 03:00:00+01:00,CC NG 12,0.0
2030,sc01,12-01 03:00:00+01:00,Solar 57,0.0
2030,sc01,12-01 03:00:00+01:00,CC NG 32,0.0
2030,sc01,12-01 03:00:00+01:00,CC NG 07,0.0
2030,sc01,12-01 03:00:00+01:00,Biomass 44,0.0
2030,sc01,12-01 03:00:00+01:00,CT NG 40,0.0
2030,sc01,12-01 03:00:00+01:00,Solar 74,0.0
2030,sc01,12-01 03:00:00+01:00,Hydro 30,0.0
2030,sc01,12-01 03:00:00+01:00,CT NG 42,0.0
2030,sc01,12-01 03:00:00+01:00,Hydro 22,0.2798954456447992
2030,sc01,12-01 03:00:00+01:00,Solar 17,0.0
2030,sc01,12-01 03:00:00+01:00,Solar 38,0.0
2030,sc01,12-01 03:00:00+01:00,CT NG 24,0.0
2030,sc01,12-01 03:00:00+01:00,CC NG 27,0.0
2030,sc01,12-01 03:00:00+01:00,Biomass 21,0.0
2030,sc01,12-01 03:00:00+01:00,ICE NG 06,0.0
2030,sc01,12-01 03:00:00+01:00,Biomass 25,0.0
2030,sc01,12-01 03:00:00+01:00,Solar 27,0.0
2030,sc01,12-01 03:00:00+01:00,CT NG 19,0.0
2030,sc01,12-01 03:00:00+01:00,Biomass 42,0.0
2030,sc01,12-01 03:00:00+01:00,Biomass 19,0.0
2030,sc01,12-01 03:00:00+01:00,Biomass 06,0.0
2030,sc01,12-01 03:00:00+01:00,CT NG 10,0.0
2030,sc01,12-01 03:00:00+01:00,CC NG 40,0.0
2030,sc01,12-01 03:00:00+01:00,CC NG 21,0.0
2030,sc01,12-01 03:00:00+01:00,Biomass 02,0.0
2030,sc01,12-01 03:00:00+01:00,CT NG 46,0.0
2030,sc01,12-01 03:00:00+01:00,Hydro 34,0.0
2030,sc01,12-01 03:00:00+01:00,Biomass 10,0.0
2030,sc01,12-01 03:00:00+01:00,CT NG 17,0.0
2030,sc01,12-01 03:00:00+01:00,Biomass 62,0.0
2030,sc01,12-01 03:00:00+01:00,Biomass 32,0.0
2030,sc01,12-01 03:00:00+01:00,CC NG 19,0.0
2030,sc01,12-01 03:00:00+01:00,CC NG 17,0.0
2030,sc01,12-01 03:00:00+01:00,ST NG 01,0.0
2030,sc01,12-01 03:00:00+01:00,Biomass 45,0.0
2030,sc01,12-01 03:00:00+01:00,Biomass 28,0.0
2030,sc01,12-01 03:00:00+01:00,CC NG 10,0.0
2030,sc01,12-01 03:00:00+01:00,Biomass 23,0.0
2030,sc01,12-01 03:00:00+01:00,ST NG 06,0.0
2030,sc01,12-01 03:00:00+01:00,Wind 10,1.0826267355
2030,sc01,12-01 03:00:00+01:00,CT NG 69,0.0
2030,sc01,12-01 03:00:00+01:00,CT NG 68,0.0
2030,sc01,12-03 14:00:00+01:00,CC NG 13,0.0
2030,sc01,12-03 14:00:00+01:00,CT NG 37,0.0
2030,sc01,12-03 14:00:00+01:00,ST Coal 01,0.0
2030,sc01,12-03 14:00:00+01:00,CT NG 09,0.0
2030,sc01,12-03 14:00:00+01:00,CT NG 47,0.0
2030,sc01,12-03 14:00:00+01:00,Solar 69,0.0
2030,sc01,12-03 14:00:00+01:00,Solar 34,7.6586504472
2030,sc01,12-03 14:00:00+01:00,Solar 73,0.0
2030,sc01,12-03 14:00:00+01:00,Biomass 37,0.0
2030,sc01,12-03 14:00:00+01:00,Hydro 20,0.0
2030,sc01,12-03 14:00:00+01:00,Solar 01,3.8226208014000003
2030,sc01,12-03 14:00:00+01:00,Solar 62,0.0
2030,sc01,12-03 14:00:00+01:00,Solar 02,1.682963136
2030,sc01,12-03 14:00:00+01:00,CT NG 26,0.0
2030,sc01,12-03 14:00:00+01:00,Biomass 20,0.0
2030,sc01,12-03 14:00:00+01:00,Wind 16,2.5089360759000003
2030,sc01,12-03 14:00:00+01:00,CT NG 66,0.0
2030,sc01,12-03 14:00:00+01:00,Solar 39,0.0
2030,sc01,12-03 14:00:00+01:00,Biomass 41,0.0
2030,sc01,12-03 14:00:00+01:00,Solar 72,0.0
2030,sc01,12-03 14:00:00+01:00,ST NG 03,0.0
2030,sc01,12-03 14:00:00+01:00,Hydro 21,0.17106903
2030,sc01,12-03 14:00:00+01:00,CT NG 03,0.0
2030,sc01,12-03 14:00:00+01:00,CC NG 09,0.0
2030,sc01,12-03 14:00:00+01:00,CT Oil 02,0.0
2030,sc01,12-03 14:00:00+01:00,CT NG 39,0.0
2030,sc01,12-03 14:00:00+01:00,CC NG 08,0.0
2030,sc01,12-03 14:00:00+01:00,Biomass 43,0.0
2030,sc01,12-03 14:00:00+01:00,CT NG 18,0.0
2030,sc01,12-03 14:00:00+01:00,ST NG 07,0.0
2030,sc01,12-03 14:00:00+01:00,Biomass 35,0.0
2030,sc01,12-03 14:00:00+01:00,Solar 32,0.0
2030,sc01,12-03 14:00:00+01:00,Biomass 15,0.0
2030,sc01,12-03 14:00:00+01:00,CC NG 31,0.0
2030,sc01,12-03 14:00:00+01:00,Solar 16,0.0
2030,sc01,12-03 14:00:00+01:00,Solar 68,0.0
2030,sc01,12-03 14:00:00+01:00,CT NG 21,0.0
2030,sc01,12-03 14:00:00+01:00,Wind 11,0.0
2030,sc01,12-03 14:00:00+01:00,CC NG 37,0.0
2030,sc01,12-03 14:00:00+01:00,CT NG 22,0.0
2030,sc01,12-03 14:00:00+01:00,Hydro 16,0.00189504
2030,sc01,12-03 14:00:00+01:00,Biomass 59,0.0
2030,sc01,12-03 14:00:00+01:00,CC NG 01,0.0
2030,sc01,12-03 14:00:00+01:00,Biomass 16,0.0
2030,sc01,12-03 14:00:00+01:00,Solar 03,1.0828194327
2030,sc01,12-03 14:00:00+01:00,Solar 44,0.0
2030,sc01,12-03 14:00:00+01:00,CT NG 08,0.0
2030,sc01,12-03 14:00:00+01:00,Wind 05,0.041010512904000006
2030,sc01,12-03 14:00:00+01:00,Biomass 26,0.0
2030,sc01,12-03 14:00:00+01:00,Solar 37,0.0
2030,sc01,12-03 14:00:00+01:00,Biomass 11,0.0
2030,sc01,12-03 14:00:00+01:00,Solar 59,0.0
2030,sc01,12-03 14:00:00+01:00,CT NG 11,0.0
2030,sc01,12-03 14:00:00+01:00,Biomass 30,0.0
2030,sc01,12-03 14:00:00+01:00,Hydro 23,0.0
2030,sc01,12-03 14:00:00+01:00,CC NG 24,0.0
2030,sc01,12-03 14:00:00+01:00,Solar 65,0.0
2030,sc01,12-03 14:00:00+01:00,CC NG 18,0.0
2030,sc01,12-03 14:00:00+01:00,CT NG 16,0.0
2030,sc01,12-03 14:00:00+01:00,Solar 51,0.0
2030,sc01,12-03 14:00:00+01:00,Wind 06,0.0
2030,sc01,12-03 14:00:00+01:00,CC NG 26,0.0
2030,sc01,12-03 14:00:00+01:00,CC NG 23,0.0
2030,sc01,12-03 14:00:00+01:00,CT NG 43,0.0
2030,sc01,12-03 14:00:00+01:00,CC NG 11,0.0
2030,sc01,12-03 14:00:00+01:00,CT NG 02,0.0
2030,sc01,12-03 14:00:00+01:00,CT NG 50,0.0
2030,sc01,12-03 14:00:00+01:00,Hydro 27,0.0
2030,sc01,12-03 14:00:00+01:00,CT NG 13,0.0
2030,sc01,12-03 14:00:00+01:00,CT NG 25,0.0
2030,sc01,12-03 14:00:00+01:00,CC NG 05,0.0
2030,sc01,12-03 14:00:00+01:00,Solar 04,0.18006108803999998
2030,sc01,12-03 14:00:00+01:00,Solar 30,0.0
2030,sc01,12-03 14:00:00+01:00,Solar 29,0.0
2030,sc01,12-03 14:00:00+01:00,Solar 53,0.0
2030,sc01,12-03 14:00:00+01:00,Solar 21,0.0
2030,sc01,12-03 14:00:00+01:00,Biomass 58,0.0
2030,sc01,12-03 14:00:00+01:00,CT NG 74,0.0
2030,sc01,12-03 14:00:00+01:00,Solar 61,0.0
2030,sc01,12-03 14:00:00+01:00,Wind 07,0.0
2030,sc01,12-03 14:00:00+01:00,Biomass 31,0.0
2030,sc01,12-03 14:00:00+01:00,CT Oil 05,0.0
2030,sc01,12-03 14:00:00+01:00,Biomass 38,0.0
2030,sc01,12-03 14:00:00+01:00,Solar 41,0.0
2030,sc01,12-03 14:00:00+01:00,Biomass 51,0.0
2030,sc01,12-03 14:00:00+01:00,Biomass 55,0.0
2030,sc01,12-03 14:00:00+01:00,Wind 15,1.1620752579
2030,sc01,12-03 14:00:00+01:00,Geo 01,0.0
2030,sc01,12-03 14:00:00+01:00,Biomass 60,0.0
2030,sc01,12-03 14:00:00+01:00,CT NG 38,0.0
2030,sc01,12-03 14:00:00+01:00,Solar 66,4.908304230299999
2030,sc01,12-03 14:00:00+01:00,Solar 49,0.0
2030,sc01,12-03 14:00:00+01:00,CT NG 51,0.0
2030,sc01,12-03 14:00:00+01:00,Biomass 18,0.0
2030,sc01,12-03 14:00:00+01:00,ICE NG 01,0.0
2030,sc01,12-03 14:00:00+01:00,Solar 15,0.0
2030,sc01,12-03 14:00:00+01:00,ICE NG 05,0.0
2030,sc01,12-03 14:00:00+01:00,CT Oil 04,0.0
2030,sc01,12-03 14:00:00+01:00,CC NG 20,0.0
2030,sc01,12-03 14:00:00+01:00,Solar 20,0.0
2030,sc01,12-03 14:00:00+01:00,Biomass 04,0.0
2030,sc01,12-03 14:00:00+01:00,Wind 02,0.7835628492000001
2030,sc01,12-03 14:00:00+01:00,Hydro 25,0.0
2030,sc01,12-03 14:00:00+01:00,Solar 75,0.0
2030,sc01,12-03 14:00:00+01:00,Hydro 33,0.0
2030,sc01,12-03 14:00:00+01:00,ST NG 05,0.0
2030,sc01,12-03 14:00:00+01:00,CT NG 07,0.0
2030,sc01,12-03 14:00:00+01:00,Wind 01,0.15525907352999999
2030,sc01,12-03 14:00:00+01:00,Solar 56,0.0
2030,sc01,12-03 14:00:00+01:00,Biomass 09,0.0
2030,sc01,12-03 14:00:00+01:00,Biomass 53,0.0
2030,sc01,12-03 14:00:00+01:00,Wind 17,6.839206389000001
2030,sc01,12-03 14:00:00+01:00,ST NG 08,0.0
2030,sc01,12-03 14:00:00+01:00,Hydro 19,0.0
2030,sc01,12-03 14:00:00+01:00,ST NG 02,0.0
2030,sc01,12-03 14:00:00+01:00,Biomass 01,0.0
2030,sc01,12-03 14:00:00+01:00,Biomass 57,0.0
2030,sc01,12-03 14:00:00+01:00,CT NG 49,0.0
2030,sc01,12-03 14:00:00+01:00,CT NG 31,0.0
2030,sc01,12-03 14:00:00+01:00,Solar 64,0.0
2030,sc01,12-03 14:00:00+01:00,CC NG 33,0.0
2030,sc01,12-03 14:00:00+01:00,Solar 46,0.0
2030,sc01,12-03 14:00:00+01:00,Biomass 12,0.0
2030,sc01,12-03 14:00:00+01:00,Wind 04,0.07805939299199999
2030,sc01,12-03 14:00:00+01:00,Solar 13,0.0
2030,sc01,12-03 14:00:00+01:00,CT NG 55,0.0
2030,sc01,12-03 14:00:00+01:00,Wind N03,28.35835623716253
2030,sc01,12-03 14:00:00+01:00,CT NG 28,0.0
2030,sc01,12-03 14:00:00+01:00,Wind 09,0.0
2030,sc01,12-03 14:00:00+01:00,Solar 60,0.0
2030,sc01,12-03 14:00:00+01:00,Solar 25,0.0
2030,sc01,12-03 14:00:00+01:00,CT NG 23,0.0
2030,sc01,12-03 14:00:00+01:00,ST Other 01,0.0
2030,sc01,12-03 14:00:00+01:00,Solar 70,5.9347840752000005
2030,sc01,12-03 14:00:00+01:00,CC NG 34,0.0
2030,sc01,12-03 14:00:00+01:00,Solar 48,0.0
2030,sc01,12-03 14:00:00+01:00,Biomass 56,0.0
2030,sc01,12-03 14:00:00+01:00,CT NG 36,0.0
2030,sc01,12-03 14:00:00+01:00,Solar 47,0.0
2030,sc01,12-03 14:00:00+01:00,Hydro 17,0.0
2030,sc01,12-03 14:00:00+01:00,Solar 09,0.47672704017
2030,sc01,12-03 14:00:00+01:00,Solar 08,0.09312780393
2030,sc01,12-03 14:00:00+01:00,CT NG 45,0.0
2030,sc01,12-03 14:00:00+01:00,ST NG 04,0.0
2030,sc01,12-03 14:00:00+01:00,Solar 40,0.0
2030,sc01,12-03 14:00:00+01:00,Biomass 47,0.0
2030,sc01,12-03 14:00:00+01:00,Solar 50,0.0
2030,sc01,12-03 14:00:00+01:00,Solar 52,0.0
2030,sc01,12-03 14:00:00+01:00,Solar 63,0.0
2030,sc01,12-03 14:00:00+01:00,CC NG 06,0.0
2030,sc01,12-03 14:00:00+01:00,Biomass 39,0.0
2030,sc01,12-03 14:00:00+01:00,Solar 67,1.7449829919000002
2030,sc01,12-03 14:00:00+01:00,Solar 19,0.0
2030,sc01,12-03 14:00:00+01:00,Wind 12,4.9592439
2030,sc01,12-03 14:00:00+01:00,Solar 24,0.0
2030,sc01,12-03 14:00:00+01:00,ICE NG 02,0.0
2030,sc01,12-03 14:00:00+01:00,Solar 05,0.004362194016
2030,sc01,12-03 14:00:00+01:00,CT NG 54,0.0
2030,sc01,12-03 14:00:00+01:00,Wind N01,14.28936831881699
2030,sc01,12-03 14:00:00+01:00,CT NG 27,0.0
2030,sc01,12-03 14:00:00+01:00,CC NG 36,0.0
2030,sc01,12-03 14:00:00+01:00,Wind N02,3.4754511880714767
2030,sc01,12-03 14:00:00+01:00,CT NG 52,0.0
2030,sc01,12-03 14:00:00+01:00,Solar 35,0.0
2030,sc01,12-03 14:00:00+01:00,CT NG 05,0.0
2030,sc01,12-03 14:00:00+01:00,Biomass 36,0.0
2030,sc01,12-03 14:00:00+01:00,CT NG 34,0.0
2030,sc01,12-03 14:00:00+01:00,CT Oil 03,0.0
2030,sc01,12-03 14:00:00+01:00,Hydro 35,0.0
2030,sc01,12-03 14:00:00+01:00,Solar 14,0.0
2030,sc01,12-03 14:00:00+01:00,CT NG 75,0.0
2030,sc01,12-03 14:00:00+01:00,ST NG 09,0.0
2030,sc01,12-03 14:00:00+01:00,CT NG 56,0.0
2030,sc01,12-03 14:00:00+01:00,Biomass 22,0.0
2030,sc01,12-03 14:00:00+01:00,Solar 18,0.0
2030,sc01,12-03 14:00:00+01:00,Biomass 13,0.0
2030,sc01,12-03 14:00:00+01:00,CT NG 71,0.0
2030,sc01,12-03 14:00:00+01:00,Solar 58,0.0
2030,sc01,12-03 14:00:00+01:00,Solar 06,0.23810379669
2030,sc01,12-03 14:00:00+01:00,Biomass 08,0.0
2030,sc01,12-03 14:00:00+01:00,CT NG 72,0.0
2030,sc01,12-03 14:00:00+01:00,Hydro 18,0.0
2030,sc01,12-03 14:00:00+01:00,Solar 10,0.0
2030,sc01,12-03 14:00:00+01:00,CT NG 04,0.0
2030,sc01,12-03 14:00:00+01:00,ST Other 02,0.0
2030,sc01,12-03 14:00:00+01:00,CT NG 12,0.0
2030,sc01,12-03 14:00:00+01:00,CT NG 48,0.0
2030,sc01,12-03 14:00:00+01:00,ST NG 10,0.0
2030,sc01,12-03 14:00:00+01:00,Solar 22,0.0
2030,sc01,12-03 14:00:00+01:00,Solar 28,0.0
2030,sc01,12-03 14:00:00+01:00,CT NG 73,0.0
2030,sc01,12-03 14:00:00+01:00,Biomass 52,0.0
2030,sc01,12-03 14:00:00+01:00,CT NG 30,0.0
2030,sc01,12-03 14:00:00+01:00,Solar 54,0.0
2030,sc01,12-03 14:00:00+01:00,Solar 31,0.0
2030,sc01,12-03 14:00:00+01:00,Biomass 03,0.0
2030,sc01,12-03 14:00:00+01:00,CT NG 32,0.0
2030,sc01,12-03 14:00:00+01:00,Biomass 27,0.0
2030,sc01,12-03 14:00:00+01:00,CC NG 14,0.0
2030,sc01,12-03 14:00:00+01:00,CC NG 03,0.0
2030,sc01,12-03 14:00:00+01:00,CC NG 29,0.0
2030,sc01,12-03 14:00:00+01:00,CC NG 28,0.0
2030,sc01,12-03 14:00:00+01:00,CC NG 25,0.0
2030,sc01,12-03 14:00:00+01:00,CT NG 44,0.0
2030,sc01,12-03 14:00:00+01:00,CT NG 14,0.0
2030,sc01,12-03 14:00:00+01:00,CC NG 15,0.0
2030,sc01,12-03 14:00:00+01:00,CC NG 04,0.0
2030,sc01,12-03 14:00:00+01:00,Biomass 29,0.0
2030,sc01,12-03 14:00:00+01:00,Wind 14,0.0
2030,sc01,12-03 14:00:00+01:00,Wind 08,0.0
2030,sc01,12-03 14:00:00+01:00,Biomass 61,0.0
2030,sc01,12-03 14:00:00+01:00,CT NG 35,0.0
2030,sc01,12-03 14:00:00+01:00,Solar 33,0.0
2030,sc01,12-03 14:00:00+01:00,CT NG 41,0.0
2030,sc01,12-03 14:00:00+01:00,CT NG 15,0.0
2030,sc01,12-03 14:00:00+01:00,Solar 42,0.0
2030,sc01,12-03 14:00:00+01:00,Solar 07,0.007900807176
2030,sc01,12-03 14:00:00+01:00,Solar 43,0.0
2030,sc01,12-03 14:00:00+01:00,Biomass 05,0.0
2030,sc01,12-03 14:00:00+01:00,CT NG 29,0.0
2030,sc01,12-03 14:00:00+01:00,Solar 71,0.0
2030,sc01,12-03 14:00:00+01:00,CT NG 53,0.0
2030,sc01,12-03 14:00:00+01:00,CT NG 20,0.0
2030,sc01,12-03 14:00:00+01:00,Biomass 14,0.0
2030,sc01,12-03 14:00:00+01:00,Solar 26,0.0
2030,sc01,12-03 14:00:00+01:00,Hydro 29,0.0
2030,sc01,12-03 14:00:00+01:00,Hydro 31,0.0
2030,sc01,12-03 14:00:00+01:00,Biomass 24,0.0
2030,sc01,12-03 14:00:00+01:00,Biomass 54,0.0
2030,sc01,12-03 14:00:00+01:00,Solar 36,1.0919652546279721
2030,sc01,12-03 14:00:00+01:00,Wind 03,0.16090459578
2030,sc01,12-03 14:00:00+01:00,Biomass 40,0.0
2030,sc01,12-03 14:00:00+01:00,Biomass 49,0.0
2030,sc01,12-03 14:00:00+01:00,CC NG 16,0.0
2030,sc01,12-03 14:00:00+01:00,Biomass 48,0.0
2030,sc01,12-03 14:00:00+01:00,Hydro 28,0.0
2030,sc01,12-03 14:00:00+01:00,Biomass 17,0.0
2030,sc01,12-03 14:00:00+01:00,CT NG 33,0.0
2030,sc01,12-03 14:00:00+01:00,Solar 45,0.0
2030,sc01,12-03 14:00:00+01:00,Hydro 24,0.0
2030,sc01,12-03 14:00:00+01:00,Wind 13,1.9050303339
2030,sc01,12-03 14:00:00+01:00,Biomass 07,0.0
2030,sc01,12-03 14:00:00+01:00,Biomass 34,0.0
2030,sc01,12-03 14:00:00+01:00,Biomass 33,0.0
2030,sc01,12-03 14:00:00+01:00,CT NG 01,0.0
2030,sc01,12-03 14:00:00+01:00,ICE NG 03,0.0
2030,sc01,12-03 14:00:00+01:00,Solar 55,0.0
2030,sc01,12-03 14:00:00+01:00,Solar 11,0.0
2030,sc01,12-03 14:00:00+01:00,CT NG 06,0.0
2030,sc01,12-03 14:00:00+01:00,CT NG 70,0.0
2030,sc01,12-03 14:00:00+01:00,Solar 23,0.0
2030,sc01,12-03 14:00:00+01:00,CT NG 67,0.0
2030,sc01,12-03 14:00:00+01:00,Solar 12,0.0
2030,sc01,12-03 14:00:00+01:00,CT Oil 01,0.0
2030,sc01,12-03 14:00:00+01:00,Hydro 26,0.0
2030,sc01,12-03 14:00:00+01:00,CC NG 22,0.0
2030,sc01,12-03 14:00:00+01:00,CC NG 35,0.0
2030,sc01,12-03 14:00:00+01:00,Biomass 50,0.0
2030,sc01,12-03 14:00:00+01:00,ICE NG 04,0.0
2030,sc01,12-03 14:00:00+01:00,CC NG 39,0.0
2030,sc01,12-03 14:00:00+01:00,Hydro 32,0.001137024
2030,sc01,12-03 14:00:00+01:00,ICE NG 07,0.0
2030,sc01,12-03 14:00:00+01:00,Biomass 46,0.0
2030,sc01,12-03 14:00:00+01:00,CC NG 38,0.0
2030,sc01,12-03 14:00:00+01:00,CC NG 12,0.0
2030,sc01,12-03 14:00:00+01:00,Solar 57,0.0
2030,sc01,12-03 14:00:00+01:00,CC NG 32,0.0
2030,sc01,12-03 14:00:00+01:00,CC NG 07,0.0
2030,sc01,12-03 14:00:00+01:00,Biomass 44,0.0
2030,sc01,12-03 14:00:00+01:00,CT NG 40,0.0
2030,sc01,12-03 14:00:00+01:00,Solar 74,1.3675314212999998
2030,sc01,12-03 14:00:00+01:00,Hydro 30,0.0
2030,sc01,12-03 14:00:00+01:00,CT NG 42,0.0
2030,sc01,12-03 14:00:00+01:00,Hydro 22,0.17106903
2030,sc01,12-03 14:00:00+01:00,Solar 17,0.0
2030,sc01,12-03 14:00:00+01:00,Solar 38,0.0
2030,sc01,12-03 14:00:00+01:00,CT NG 24,0.0
2030,sc01,12-03 14:00:00+01:00,CC NG 27,0.0
2030,sc01,12-03 14:00:00+01:00,Biomass 21,0.0
2030,sc01,12-03 14:00:00+01:00,ICE NG 06,0.0
2030,sc01,12-03 14:00:00+01:00,Biomass 25,0.0
2030,sc01,12-03 14:00:00+01:00,Solar 27,0.0
2030,sc01,12-03 14:00:00+01:00,CT NG 19,0.0
2030,sc01,12-03 14:00:00+01:00,Biomass 42,0.0
2030,sc01,12-03 14:00:00+01:00,Biomass 19,0.0
2030,sc01,12-03 14:00:00+01:00,Biomass 06,0.0
2030,sc01,12-03 14:00:00+01:00,CT NG 10,0.0
2030,sc01,12-03 14:00:00+01:00,CC NG 40,0.0
2030,sc01,12-03 14:00:00+01:00,CC NG 21,0.0
2030,sc01,12-03 14:00:00+01:00,Biomass 02,0.0
2030,sc01,12-03 14:00:00+01:00,CT NG 46,0.0
2030,sc01,12-03 14:00:00+01:00,Hydro 34,0.0
2030,sc01,12-03 14:00:00+01:00,Biomass 10,0.0
2030,sc01,12-03 14:00:00+01:00,CT NG 17,0.0
2030,sc01,12-03 14:00:00+01:00,Biomass 62,0.0
2030,sc01,12-03 14:00:00+01:00,Biomass 32,0.0
2030,sc01,12-03 14:00:00+01:00,CC NG 19,0.0
2030,sc01,12-03 14:00:00+01:00,CC NG 17,0.0
2030,sc01,12-03 14:00:00+01:00,ST NG 01,0.0
2030,sc01,12-03 14:00:00+01:00,Biomass 45,0.0
2030,sc01,12-03 14:00:00+01:00,Biomass 28,0.0
2030,sc01,12-03 14:00:00+01:00,CC NG 10,0.0
2030,sc01,12-03 14:00:00+01:00,Biomass 23,0.0
2030,sc01,12-03 14:00:00+01:00,ST NG 06,0.0
2030,sc01,12-03 14:00:00+01:00,Wind 10,0.0
2030,sc01,12-03 14:00:00+01:00,CT NG 69,0.0
2030,sc01,12-03 14:00:00+01:00,CT NG 68,0.0
2030,sc01,12-03 23:00:00+01:00,CC NG 13,0.0
2030,sc01,12-03 23:00:00+01:00,CT NG 37,0.0
2030,sc01,12-03 23:00:00+01:00,ST Coal 01,0.0
2030,sc01,12-03 23:00:00+01:00,CT NG 09,0.0
2030,sc01,12-03 23:00:00+01:00,CT NG 47,0.0
2030,sc01,12-03 23:00:00+01:00,Solar 69,0.0
2030,sc01,12-03 23:00:00+01:00,Solar 34,0.0
2030,sc01,12-03 23:00:00+01:00,Solar 73,0.0
2030,sc01,12-03 23:00:00+01:00,Biomass 37,0.0
2030,sc01,12-03 23:00:00+01:00,Hydro 20,0.0
2030,sc01,12-03 23:00:00+01:00,Solar 01,0.0
2030,sc01,12-03 23:00:00+01:00,Solar 62,0.0
2030,sc01,12-03 23:00:00+01:00,Solar 02,0.0
2030,sc01,12-03 23:00:00+01:00,CT NG 26,0.0
2030,sc01,12-03 23:00:00+01:00,Biomass 20,0.0
2030,sc01,12-03 23:00:00+01:00,Wind 16,8.7257985836
2030,sc01,12-03 23:00:00+01:00,CT NG 66,0.0
2030,sc01,12-03 23:00:00+01:00,Solar 39,0.0
2030,sc01,12-03 23:00:00+01:00,Biomass 41,0.0
2030,sc01,12-03 23:00:00+01:00,Solar 72,0.0
2030,sc01,12-03 23:00:00+01:00,ST NG 03,0.0
2030,sc01,12-03 23:00:00+01:00,Hydro 21,0.53241552
2030,sc01,12-03 23:00:00+01:00,CT NG 03,0.0
2030,sc01,12-03 23:00:00+01:00,CC NG 09,0.0
2030,sc01,12-03 23:00:00+01:00,CT Oil 02,0.0
2030,sc01,12-03 23:00:00+01:00,CT NG 39,0.0
2030,sc01,12-03 23:00:00+01:00,CC NG 08,0.0
2030,sc01,12-03 23:00:00+01:00,Biomass 43,0.0
2030,sc01,12-03 23:00:00+01:00,CT NG 18,0.0
2030,sc01,12-03 23:00:00+01:00,ST NG 07,0.0
2030,sc01,12-03 23:00:00+01:00,Biomass 35,0.0
2030,sc01,12-03 23:00:00+01:00,Solar 32,0.0
2030,sc01,12-03 23:00:00+01:00,Biomass 15,0.0
2030,sc01,12-03 23:00:00+01:00,CC NG 31,0.0
2030,sc01,12-03 23:00:00+01:00,Solar 16,0.0
2030,sc01,12-03 23:00:00+01:00,Solar 68,0.0
2030,sc01,12-03 23:00:00+01:00,CT NG 21,0.0
2030,sc01,12-03 23:00:00+01:00,Wind 11,0.50294089076
2030,sc01,12-03 23:00:00+01:00,CC NG 37,0.0
2030,sc01,12-03 23:00:00+01:00,CT NG 22,0.0
2030,sc01,12-03 23:00:00+01:00,Hydro 16,0.0
2030,sc01,12-03 23:00:00+01:00,Biomass 59,0.0
2030,sc01,12-03 23:00:00+01:00,CC NG 01,0.0
2030,sc01,12-03 23:00:00+01:00,Biomass 16,0.0
2030,sc01,12-03 23:00:00+01:00,Solar 03,0.0
2030,sc01,12-03 23:00:00+01:00,Solar 44,0.0
2030,sc01,12-03 23:00:00+01:00,CT NG 08,0.0
2030,sc01,12-03 23:00:00+01:00,Wind 05,0.06706424816
2030,sc01,12-03 23:00:00+01:00,Biomass 26,0.0
2030,sc01,12-03 23:00:00+01:00,Solar 37,0.0
2030,sc01,12-03 23:00:00+01:00,Biomass 11,0.0
2030,sc01,12-03 23:00:00+01:00,Solar 59,0.0
2030,sc01,12-03 23:00:00+01:00,CT NG 11,0.0
2030,sc01,12-03 23:00:00+01:00,Biomass 30,0.0
2030,sc01,12-03 23:00:00+01:00,Hydro 23,0.0
2030,sc01,12-03 23:00:00+01:00,CC NG 24,0.0
2030,sc01,12-03 23:00:00+01:00,Solar 65,0.0
2030,sc01,12-03 23:00:00+01:00,CC NG 18,0.0
2030,sc01,12-03 23:00:00+01:00,CT NG 16,0.0
2030,sc01,12-03 23:00:00+01:00,Solar 51,0.0
2030,sc01,12-03 23:00:00+01:00,Wind 06,1.3705249292000001
2030,sc01,12-03 23:00:00+01:00,CC NG 26,0.0
2030,sc01,12-03 23:00:00+01:00,CC NG 23,0.0
2030,sc01,12-03 23:00:00+01:00,CT NG 43,0.0
2030,sc01,12-03 23:00:00+01:00,CC NG 11,0.0
2030,sc01,12-03 23:00:00+01:00,CT NG 02,0.0
2030,sc01,12-03 23:00:00+01:00,CT NG 50,0.0
2030,sc01,12-03 23:00:00+01:00,Hydro 27,0.0
2030,sc01,12-03 23:00:00+01:00,CT NG 13,0.0
2030,sc01,12-03 23:00:00+01:00,CT NG 25,0.0
2030,sc01,12-03 23:00:00+01:00,CC NG 05,0.0
2030,sc01,12-03 23:00:00+01:00,Solar 04,0.0
2030,sc01,12-03 23:00:00+01:00,Solar 30,0.0
2030,sc01,12-03 23:00:00+01:00,Solar 29,0.0
2030,sc01,12-03 23:00:00+01:00,Solar 53,0.0
2030,sc01,12-03 23:00:00+01:00,Solar 21,0.0
2030,sc01,12-03 23:00:00+01:00,Biomass 58,0.0
2030,sc01,12-03 23:00:00+01:00,CT NG 74,0.0
2030,sc01,12-03 23:00:00+01:00,Solar 61,0.0
2030,sc01,12-03 23:00:00+01:00,Wind 07,0.56210540176
2030,sc01,12-03 23:00:00+01:00,Biomass 31,0.0
2030,sc01,12-03 23:00:00+01:00,CT Oil 05,0.0
2030,sc01,12-03 23:00:00+01:00,Biomass 38,0.0
2030,sc01,12-03 23:00:00+01:00,Solar 41,0.0
2030,sc01,12-03 23:00:00+01:00,Biomass 51,0.0
2030,sc01,12-03 23:00:00+01:00,Biomass 55,0.0
2030,sc01,12-03 23:00:00+01:00,Wind 15,6.973243284
2030,sc01,12-03 23:00:00+01:00,Geo 01,0.0
2030,sc01,12-03 23:00:00+01:00,Biomass 60,0.0
2030,sc01,12-03 23:00:00+01:00,CT NG 38,0.0
2030,sc01,12-03 23:00:00+01:00,Solar 66,0.0
2030,sc01,12-03 23:00:00+01:00,Solar 49,0.0
2030,sc01,12-03 23:00:00+01:00,CT NG 51,0.0
2030,sc01,12-03 23:00:00+01:00,Biomass 18,0.0
2030,sc01,12-03 23:00:00+01:00,ICE NG 01,0.0
2030,sc01,12-03 23:00:00+01:00,Solar 15,0.0
2030,sc01,12-03 23:00:00+01:00,ICE NG 05,0.0
2030,sc01,12-03 23:00:00+01:00,CT Oil 04,0.0
2030,sc01,12-03 23:00:00+01:00,CC NG 20,0.0
2030,sc01,12-03 23:00:00+01:00,Solar 20,0.0
2030,sc01,12-03 23:00:00+01:00,Biomass 04,0.0
2030,sc01,12-03 23:00:00+01:00,Wind 02,1.89903267036
2030,sc01,12-03 23:00:00+01:00,Hydro 25,0.29757
2030,sc01,12-03 23:00:00+01:00,Solar 75,0.0
2030,sc01,12-03 23:00:00+01:00,Hydro 33,0.0
2030,sc01,12-03 23:00:00+01:00,ST NG 05,0.0
2030,sc01,12-03 23:00:00+01:00,CT NG 07,0.0
2030,sc01,12-03 23:00:00+01:00,Wind 01,0.41389434323999996
2030,sc01,12-03 23:00:00+01:00,Solar 56,0.0
2030,sc01,12-03 23:00:00+01:00,Biomass 09,0.0
2030,sc01,12-03 23:00:00+01:00,Biomass 53,0.0
2030,sc01,12-03 23:00:00+01:00,Wind 17,7.7513172911999995
2030,sc01,12-03 23:00:00+01:00,ST NG 08,0.0
2030,sc01,12-03 23:00:00+01:00,Hydro 19,0.0
2030,sc01,12-03 23:00:00+01:00,ST NG 02,0.0
2030,sc01,12-03 23:00:00+01:00,Biomass 01,0.0
2030,sc01,12-03 23:00:00+01:00,Biomass 57,0.0
2030,sc01,12-03 23:00:00+01:00,CT NG 49,0.0
2030,sc01,12-03 23:00:00+01:00,CT NG 31,0.0
2030,sc01,12-03 23:00:00+01:00,Solar 64,0.0
2030,sc01,12-03 23:00:00+01:00,CC NG 33,0.0
2030,sc01,12-03 23:00:00+01:00,Solar 46,0.0
2030,sc01,12-03 23:00:00+01:00,Biomass 12,0.0
2030,sc01,12-03 23:00:00+01:00,Wind 04,0.7706285736799999
2030,sc01,12-03 23:00:00+01:00,Solar 13,0.0
2030,sc01,12-03 23:00:00+01:00,CT NG 55,0.0
2030,sc01,12-03 23:00:00+01:00,Wind N03,78.56556512373972
2030,sc01,12-03 23:00:00+01:00,CT NG 28,0.0
2030,sc01,12-03 23:00:00+01:00,Wind 09,0.9762139408000001
2030,sc01,12-03 23:00:00+01:00,Solar 60,0.0
2030,sc01,12-03 23:00:00+01:00,Solar 25,0.0
2030,sc01,12-03 23:00:00+01:00,CT NG 23,0.0
2030,sc01,12-03 23:00:00+01:00,ST Other 01,0.0
2030,sc01,12-03 23:00:00+01:00,Solar 70,0.0
2030,sc01,12-03 23:00:00+01:00,CC NG 34,0.0
2030,sc01,12-03 23:00:00+01:00,Solar 48,0.0
2030,sc01,12-03 23:00:00+01:00,Biomass 56,0.0
2030,sc01,12-03 23:00:00+01:00,CT NG 36,0.0
2030,sc01,12-03 23:00:00+01:00,Solar 47,0.0
2030,sc01,12-03 23:00:00+01:00,Hydro 17,0.0103005
2030,sc01,12-03 23:00:00+01:00,Solar 09,0.0
2030,sc01,12-03 23:00:00+01:00,Solar 08,0.0
2030,sc01,12-03 23:00:00+01:00,CT NG 45,0.0
2030,sc01,12-03 23:00:00+01:00,ST NG 04,0.0
2030,sc01,12-03 23:00:00+01:00,Solar 40,0.0
2030,sc01,12-03 23:00:00+01:00,Biomass 47,0.0
2030,sc01,12-03 23:00:00+01:00,Solar 50,0.0
2030,sc01,12-03 23:00:00+01:00,Solar 52,0.0
2030,sc01,12-03 23:00:00+01:00,Solar 63,0.0
2030,sc01,12-03 23:00:00+01:00,CC NG 06,0.0
2030,sc01,12-03 23:00:00+01:00,Biomass 39,0.0
2030,sc01,12-03 23:00:00+01:00,Solar 67,0.0
2030,sc01,12-03 23:00:00+01:00,Solar 19,0.0
2030,sc01,12-03 23:00:00+01:00,Wind 12,0.0
2030,sc01,12-03 23:00:00+01:00,Solar 24,0.0
2030,sc01,12-03 23:00:00+01:00,ICE NG 02,0.0
2030,sc01,12-03 23:00:00+01:00,Solar 05,0.0
2030,sc01,12-03 23:00:00+01:00,CT NG 54,0.0
2030,sc01,12-03 23:00:00+01:00,Wind N01,73.36587710591989
2030,sc01,12-03 23:00:00+01:00,CT NG 27,0.0
2030,sc01,12-03 23:00:00+01:00,CC NG 36,0.0
2030,sc01,12-03 23:00:00+01:00,Wind N02,39.7222511257164
2030,sc01,12-03 23:00:00+01:00,CT NG 52,0.0
2030,sc01,12-03 23:00:00+01:00,Solar 35,0.0
2030,sc01,12-03 23:00:00+01:00,CT NG 05,0.0
2030,sc01,12-03 23:00:00+01:00,Biomass 36,0.0
2030,sc01,12-03 23:00:00+01:00,CT NG 34,0.0
2030,sc01,12-03 23:00:00+01:00,CT Oil 03,0.0
2030,sc01,12-03 23:00:00+01:00,Hydro 35,0.0
2030,sc01,12-03 23:00:00+01:00,Solar 14,0.0
2030,sc01,12-03 23:00:00+01:00,CT NG 75,0.0
2030,sc01,12-03 23:00:00+01:00,ST NG 09,0.0
2030,sc01,12-03 23:00:00+01:00,CT NG 56,0.0
2030,sc01,12-03 23:00:00+01:00,Biomass 22,0.0
2030,sc01,12-03 23:00:00+01:00,Solar 18,0.0
2030,sc01,12-03 23:00:00+01:00,Biomass 13,0.0
2030,sc01,12-03 23:00:00+01:00,CT NG 71,0.0
2030,sc01,12-03 23:00:00+01:00,Solar 58,0.0
2030,sc01,12-03 23:00:00+01:00,Solar 06,0.0
2030,sc01,12-03 23:00:00+01:00,Biomass 08,0.0
2030,sc01,12-03 23:00:00+01:00,CT NG 72,0.0
2030,sc01,12-03 23:00:00+01:00,Hydro 18,0.0354795
2030,sc01,12-03 23:00:00+01:00,Solar 10,0.0
2030,sc01,12-03 23:00:00+01:00,CT NG 04,0.0
2030,sc01,12-03 23:00:00+01:00,ST Other 02,0.0
2030,sc01,12-03 23:00:00+01:00,CT NG 12,0.0
2030,sc01,12-03 23:00:00+01:00,CT NG 48,0.0
2030,sc01,12-03 23:00:00+01:00,ST NG 10,0.0
2030,sc01,12-03 23:00:00+01:00,Solar 22,0.0
2030,sc01,12-03 23:00:00+01:00,Solar 28,0.0
2030,sc01,12-03 23:00:00+01:00,CT NG 73,0.0
2030,sc01,12-03 23:00:00+01:00,Biomass 52,0.0
2030,sc01,12-03 23:00:00+01:00,CT NG 30,0.0
2030,sc01,12-03 23:00:00+01:00,Solar 54,0.0
2030,sc01,12-03 23:00:00+01:00,Solar 31,0.0
2030,sc01,12-03 23:00:00+01:00,Biomass 03,0.0
2030,sc01,12-03 23:00:00+01:00,CT NG 32,0.0
2030,sc01,12-03 23:00:00+01:00,Biomass 27,0.0
2030,sc01,12-03 23:00:00+01:00,CC NG 14,0.0
2030,sc01,12-03 23:00:00+01:00,CC NG 03,0.0
2030,sc01,12-03 23:00:00+01:00,CC NG 29,0.0
2030,sc01,12-03 23:00:00+01:00,CC NG 28,0.0
2030,sc01,12-03 23:00:00+01:00,CC NG 25,0.0
2030,sc01,12-03 23:00:00+01:00,CT NG 44,0.0
2030,sc01,12-03 23:00:00+01:00,CT NG 14,0.0
2030,sc01,12-03 23:00:00+01:00,CC NG 15,0.0
2030,sc01,12-03 23:00:00+01:00,CC NG 04,0.0
2030,sc01,12-03 23:00:00+01:00,Biomass 29,0.0
2030,sc01,12-03 23:00:00+01:00,Wind 14,16.1042649544
2030,sc01,12-03 23:00:00+01:00,Wind 08,0.9951405954
2030,sc01,12-03 23:00:00+01:00,Biomass 61,0.0
2030,sc01,12-03 23:00:00+01:00,CT NG 35,0.0
2030,sc01,12-03 23:00:00+01:00,Solar 33,0.0
2030,sc01,12-03 23:00:00+01:00,CT NG 41,0.0
2030,sc01,12-03 23:00:00+01:00,CT NG 15,0.0
2030,sc01,12-03 23:00:00+01:00,Solar 42,0.0
2030,sc01,12-03 23:00:00+01:00,Solar 07,0.0
2030,sc01,12-03 23:00:00+01:00,Solar 43,0.0
2030,sc01,12-03 23:00:00+01:00,Biomass 05,0.0
2030,sc01,12-03 23:00:00+01:00,CT NG 29,0.0
2030,sc01,12-03 23:00:00+01:00,Solar 71,0.0
2030,sc01,12-03 23:00:00+01:00,CT NG 53,0.0
2030,sc01,12-03 23:00:00+01:00,CT NG 20,0.0
2030,sc01,12-03 23:00:00+01:00,Biomass 14,0.0
2030,sc01,12-03 23:00:00+01:00,Solar 26,0.0
2030,sc01,12-03 23:00:00+01:00,Hydro 29,0.0
2030,sc01,12-03 23:00:00+01:00,Hydro 31,0.0
2030,sc01,12-03 23:00:00+01:00,Biomass 24,0.0
2030,sc01,12-03 23:00:00+01:00,Biomass 54,0.0
2030,sc01,12-03 23:00:00+01:00,Solar 36,0.0
2030,sc01,12-03 23:00:00+01:00,Wind 03,1.56457210588
2030,sc01,12-03 23:00:00+01:00,Biomass 40,0.0
2030,sc01,12-03 23:00:00+01:00,Biomass 49,0.0
2030,sc01,12-03 23:00:00+01:00,CC NG 16,0.0
2030,sc01,12-03 23:00:00+01:00,Biomass 48,0.0
2030,sc01,12-03 23:00:00+01:00,Hydro 28,0.0
2030,sc01,12-03 23:00:00+01:00,Biomass 17,0.0
2030,sc01,12-03 23:00:00+01:00,CT NG 33,0.0
2030,sc01,12-03 23:00:00+01:00,Solar 45,0.0
2030,sc01,12-03 23:00:00+01:00,Hydro 24,0.0
2030,sc01,12-03 23:00:00+01:00,Wind 13,0.0
2030,sc01,12-03 23:00:00+01:00,Biomass 07,0.0
2030,sc01,12-03 23:00:00+01:00,Biomass 34,0.0
2030,sc01,12-03 23:00:00+01:00,Biomass 33,0.0
2030,sc01,12-03 23:00:00+01:00,CT NG 01,0.0
2030,sc01,12-03 23:00:00+01:00,ICE NG 03,0.0
2030,sc01,12-03 23:00:00+01:00,Solar 55,0.0
2030,sc01,12-03 23:00:00+01:00,Solar 11,0.0
2030,sc01,12-03 23:00:00+01:00,CT NG 06,0.0
2030,sc01,12-03 23:00:00+01:00,CT NG 70,0.0
2030,sc01,12-03 23:00:00+01:00,Solar 23,0.0
2030,sc01,12-03 23:00:00+01:00,CT NG 67,0.0
2030,sc01,12-03 23:00:00+01:00,Solar 12,0.0
2030,sc01,12-03 23:00:00+01:00,CT Oil 01,0.0
2030,sc01,12-03 23:00:00+01:00,Hydro 26,0.0
2030,sc01,12-03 23:00:00+01:00,CC NG 22,0.0
2030,sc01,12-03 23:00:00+01:00,CC NG 35,0.0
2030,sc01,12-03 23:00:00+01:00,Biomass 50,0.0
2030,sc01,12-03 23:00:00+01:00,ICE NG 04,0.0
2030,sc01,12-03 23:00:00+01:00,CC NG 39,0.0
2030,sc01,12-03 23:00:00+01:00,Hydro 32,0.0
2030,sc01,12-03 23:00:00+01:00,ICE NG 07,0.0
2030,sc01,12-03 23:00:00+01:00,Biomass 46,0.0
2030,sc01,12-03 23:00:00+01:00,CC NG 38,0.0
2030,sc01,12-03 23:00:00+01:00,CC NG 12,0.0
2030,sc01,12-03 23:00:00+01:00,Solar 57,0.0
2030,sc01,12-03 23:00:00+01:00,CC NG 32,0.0
2030,sc01,12-03 23:00:00+01:00,CC NG 07,0.0
2030,sc01,12-03 23:00:00+01:00,Biomass 44,0.0
2030,sc01,12-03 23:00:00+01:00,CT NG 40,0.0
2030,sc01,12-03 23:00:00+01:00,Solar 74,0.0
2030,sc01,12-03 23:00:00+01:00,Hydro 30,0.0
2030,sc01,12-03 23:00:00+01:00,CT NG 42,0.0
2030,sc01,12-03 23:00:00+01:00,Hydro 22,0.53241552
2030,sc01,12-03 23:00:00+01:00,Solar 17,0.0
2030,sc01,12-03 23:00:00+01:00,Solar 38,0.0
2030,sc01,12-03 23:00:00+01:00,CT NG 24,0.0
2030,sc01,12-03 23:00:00+01:00,CC NG 27,0.0
2030,sc01,12-03 23:00:00+01:00,Biomass 21,0.0
2030,sc01,12-03 23:00:00+01:00,ICE NG 06,0.0
2030,sc01,12-03 23:00:00+01:00,Biomass 25,0.0
2030,sc01,12-03 23:00:00+01:00,Solar 27,0.0
2030,sc01,12-03 23:00:00+01:00,CT NG 19,0.0
2030,sc01,12-03 23:00:00+01:00,Biomass 42,0.0
2030,sc01,12-03 23:00:00+01:00,Biomass 19,0.0
2030,sc01,12-03 23:00:00+01:00,Biomass 06,0.0
2030,sc01,12-03 23:00:00+01:00,CT NG 10,0.0
2030,sc01,12-03 23:00:00+01:00,CC NG 40,0.0
2030,sc01,12-03 23:00:00+01:00,CC NG 21,0.0
2030,sc01,12-03 23:00:00+01:00,Biomass 02,0.0
2030,sc01,12-03 23:00:00+01:00,CT NG 46,0.0
2030,sc01,12-03 23:00:00+01:00,Hydro 34,0.0
2030,sc01,12-03 23:00:00+01:00,Biomass 10,0.0
2030,sc01,12-03 23:00:00+01:00,CT NG 17,0.0
2030,sc01,12-03 23:00:00+01:00,Biomass 62,0.0
2030,sc01,12-03 23:00:00+01:00,Biomass 32,0.0
2030,sc01,12-03 23:00:00+01:00,CC NG 19,0.0
2030,sc01,12-03 23:00:00+01:00,CC NG 17,0.0
2030,sc01,12-03 23:00:00+01:00,ST NG 01,0.0
2030,sc01,12-03 23:00:00+01:00,Biomass 45,0.0
2030,sc01,12-03 23:00:00+01:00,Biomass 28,0.0
2030,sc01,12-03 23:00:00+01:00,CC NG 10,0.0
2030,sc01,12-03 23:00:00+01:00,Biomass 23,0.0
2030,sc01,12-03 23:00:00+01:00,ST NG 06,0.0
2030,sc01,12-03 23:00:00+01:00,Wind 10,0.9772667898
2030,sc01,12-03 23:00:00+01:00,CT NG 69,0.0
2030,sc01,12-03 23:00:00+01:00,CT NG 68,0.0
2030,sc01,12-04 20:00:00+01:00,CC NG 13,0.0
2030,sc01,12-04 20:00:00+01:00,CT NG 37,0.0
2030,sc01,12-04 20:00:00+01:00,ST Coal 01,0.0
2030,sc01,12-04 20:00:00+01:00,CT NG 09,0.0
2030,sc01,12-04 20:00:00+01:00,CT NG 47,0.0
2030,sc01,12-04 20:00:00+01:00,Solar 69,0.0
2030,sc01,12-04 20:00:00+01:00,Solar 34,0.0
2030,sc01,12-04 20:00:00+01:00,Solar 73,0.0
2030,sc01,12-04 20:00:00+01:00,Biomass 37,0.0
2030,sc01,12-04 20:00:00+01:00,Hydro 20,0.0
2030,sc01,12-04 20:00:00+01:00,Solar 01,0.0
2030,sc01,12-04 20:00:00+01:00,Solar 62,0.0
2030,sc01,12-04 20:00:00+01:00,Solar 02,0.0
2030,sc01,12-04 20:00:00+01:00,CT NG 26,0.0
2030,sc01,12-04 20:00:00+01:00,Biomass 20,0.011899999999999999
2030,sc01,12-04 20:00:00+01:00,Wind 16,10.8459218034
2030,sc01,12-04 20:00:00+01:00,CT NG 66,0.0
2030,sc01,12-04 20:00:00+01:00,Solar 39,0.0
2030,sc01,12-04 20:00:00+01:00,Biomass 41,0.0
2030,sc01,12-04 20:00:00+01:00,Solar 72,0.0
2030,sc01,12-04 20:00:00+01:00,ST NG 03,0.0
2030,sc01,12-04 20:00:00+01:00,Hydro 21,1.2298701
2030,sc01,12-04 20:00:00+01:00,CT NG 03,0.0
2030,sc01,12-04 20:00:00+01:00,CC NG 09,0.0
2030,sc01,12-04 20:00:00+01:00,CT Oil 02,0.0
2030,sc01,12-04 20:00:00+01:00,CT NG 39,0.0
2030,sc01,12-04 20:00:00+01:00,CC NG 08,0.0
2030,sc01,12-04 20:00:00+01:00,Biomass 43,0.0
2030,sc01,12-04 20:00:00+01:00,CT NG 18,0.0
2030,sc01,12-04 20:00:00+01:00,ST NG 07,0.0
2030,sc01,12-04 20:00:00+01:00,Biomass 35,0.0
2030,sc01,12-04 20:00:00+01:00,Solar 32,0.0
2030,sc01,12-04 20:00:00+01:00,Biomass 15,0.0074800000000000005
2030,sc01,12-04 20:00:00+01:00,CC NG 31,0.0
2030,sc01,12-04 20:00:00+01:00,Solar 16,0.0
2030,sc01,12-04 20:00:00+01:00,Solar 68,0.0
2030,sc01,12-04 20:00:00+01:00,CT NG 21,0.0
2030,sc01,12-04 20:00:00+01:00,Wind 11,0.9035571638000001
2030,sc01,12-04 20:00:00+01:00,CC NG 37,0.0
2030,sc01,12-04 20:00:00+01:00,CT NG 22,0.0
2030,sc01,12-04 20:00:00+01:00,Hydro 16,0.0
2030,sc01,12-04 20:00:00+01:00,Biomass 59,0.14076000000000002
2030,sc01,12-04 20:00:00+01:00,CC NG 01,0.0
2030,sc01,12-04 20:00:00+01:00,Biomass 16,0.0074800000000000005
2030,sc01,12-04 20:00:00+01:00,Solar 03,0.0
2030,sc01,12-04 20:00:00+01:00,Solar 44,0.0
2030,sc01,12-04 20:00:00+01:00,CT NG 08,0.0
2030,sc01,12-04 20:00:00+01:00,Wind 05,0.050697641264000004
2030,sc01,12-04 20:00:00+01:00,Biomass 26,0.05746
2030,sc01,12-04 20:00:00+01:00,Solar 37,0.0
2030,sc01,12-04 20:00:00+01:00,Biomass 11,0.01122
2030,sc01,12-04 20:00:00+01:00,Solar 59,0.0
2030,sc01,12-04 20:00:00+01:00,CT NG 11,0.0
2030,sc01,12-04 20:00:00+01:00,Biomass 30,0.05746
2030,sc01,12-04 20:00:00+01:00,Hydro 23,0.0
2030,sc01,12-04 20:00:00+01:00,CC NG 24,0.0
2030,sc01,12-04 20:00:00+01:00,Solar 65,0.0
2030,sc01,12-04 20:00:00+01:00,CC NG 18,0.0
2030,sc01,12-04 20:00:00+01:00,CT NG 16,0.0
2030,sc01,12-04 20:00:00+01:00,Solar 51,0.0
2030,sc01,12-04 20:00:00+01:00,Wind 06,1.6416756506399999
2030,sc01,12-04 20:00:00+01:00,CC NG 26,0.0
2030,sc01,12-04 20:00:00+01:00,CC NG 23,0.0
2030,sc01,12-04 20:00:00+01:00,CT NG 43,0.0
2030,sc01,12-04 20:00:00+01:00,CC NG 11,0.0
2030,sc01,12-04 20:00:00+01:00,CT NG 02,0.0
2030,sc01,12-04 20:00:00+01:00,CT NG 50,0.0
2030,sc01,12-04 20:00:00+01:00,Hydro 27,0.0
2030,sc01,12-04 20:00:00+01:00,CT NG 13,0.26443195288981663
2030,sc01,12-04 20:00:00+01:00,CT NG 25,0.0
2030,sc01,12-04 20:00:00+01:00,CC NG 05,0.0
2030,sc01,12-04 20:00:00+01:00,Solar 04,0.0
2030,sc01,12-04 20:00:00+01:00,Solar 30,0.0
2030,sc01,12-04 20:00:00+01:00,Solar 29,0.0
2030,sc01,12-04 20:00:00+01:00,Solar 53,0.0
2030,sc01,12-04 20:00:00+01:00,Solar 21,0.0
2030,sc01,12-04 20:00:00+01:00,Biomass 58,0.06222
2030,sc01,12-04 20:00:00+01:00,CT NG 74,0.0
2030,sc01,12-04 20:00:00+01:00,Solar 61,0.0
2030,sc01,12-04 20:00:00+01:00,Wind 07,0.93923304998
2030,sc01,12-04 20:00:00+01:00,Biomass 31,0.05746
2030,sc01,12-04 20:00:00+01:00,CT Oil 05,0.0
2030,sc01,12-04 20:00:00+01:00,Biomass 38,0.0
2030,sc01,12-04 20:00:00+01:00,Solar 41,0.0
2030,sc01,12-04 20:00:00+01:00,Biomass 51,0.0
2030,sc01,12-04 20:00:00+01:00,Biomass 55,0.08091999999999999
2030,sc01,12-04 20:00:00+01:00,Wind 15,2.8981519896
2030,sc01,12-04 20:00:00+01:00,Geo 01,0.0
2030,sc01,12-04 20:00:00+01:00,Biomass 60,0.0918
2030,sc01,12-04 20:00:00+01:00,CT NG 38,0.0
2030,sc01,12-04 20:00:00+01:00,Solar 66,0.0
2030,sc01,12-04 20:00:00+01:00,Solar 49,0.0
2030,sc01,12-04 20:00:00+01:00,CT NG 51,0.0
2030,sc01,12-04 20:00:00+01:00,Biomass 18,0.0074800000000000005
2030,sc01,12-04 20:00:00+01:00,ICE NG 01,0.0
2030,sc01,12-04 20:00:00+01:00,Solar 15,0.0
2030,sc01,12-04 20:00:00+01:00,ICE NG 05,0.0
2030,sc01,12-04 20:00:00+01:00,CT Oil 04,0.0
2030,sc01,12-04 20:00:00+01:00,CC NG 20,0.0
2030,sc01,12-04 20:00:00+01:00,Solar 20,0.0
2030,sc01,12-04 20:00:00+01:00,Biomass 04,0.0
2030,sc01,12-04 20:00:00+01:00,Wind 02,2.38963209596
2030,sc01,12-04 20:00:00+01:00,Hydro 25,0.0
2030,sc01,12-04 20:00:00+01:00,Solar 75,0.0
2030,sc01,12-04 20:00:00+01:00,Hydro 33,0.0
2030,sc01,12-04 20:00:00+01:00,ST NG 05,0.0
2030,sc01,12-04 20:00:00+01:00,CT NG 07,0.0
2030,sc01,12-04 20:00:00+01:00,Wind 01,0.6360125265200001
2030,sc01,12-04 20:00:00+01:00,Solar 56,0.0
2030,sc01,12-04 20:00:00+01:00,Biomass 09,0.02516
2030,sc01,12-04 20:00:00+01:00,Biomass 53,0.08091999999999999
2030,sc01,12-04 20:00:00+01:00,Wind 17,9.9299918696
2030,sc01,12-04 20:00:00+01:00,ST NG 08,0.0
2030,sc01,12-04 20:00:00+01:00,Hydro 19,0.0
2030,sc01,12-04 20:00:00+01:00,ST NG 02,0.0
2030,sc01,12-04 20:00:00+01:00,Biomass 01,0.034
2030,sc01,12-04 20:00:00+01:00,Biomass 57,0.06222
2030,sc01,12-04 20:00:00+01:00,CT NG 49,0.0
2030,sc01,12-04 20:00:00+01:00,CT NG 31,0.0
2030,sc01,12-04 20:00:00+01:00,Solar 64,0.0
2030,sc01,12-04 20:00:00+01:00,CC NG 33,0.0
2030,sc01,12-04 20:00:00+01:00,Solar 46,0.0
2030,sc01,12-04 20:00:00+01:00,Biomass 12,0.01122
2030,sc01,12-04 20:00:00+01:00,Wind 04,0.9120784886
2030,sc01,12-04 20:00:00+01:00,Solar 13,0.0
2030,sc01,12-04 20:00:00+01:00,CT NG 55,0.0
2030,sc01,12-04 20:00:00+01:00,Wind N03,108.91363809613995
2030,sc01,12-04 20:00:00+01:00,CT NG 28,0.0
2030,sc01,12-04 20:00:00+01:00,Wind 09,0.6659764654
2030,sc01,12-04 20:00:00+01:00,Solar 60,0.0
2030,sc01,12-04 20:00:00+01:00,Solar 25,0.0
2030,sc01,12-04 20:00:00+01:00,CT NG 23,0.0
2030,sc01,12-04 20:00:00+01:00,ST Other 01,0.0
2030,sc01,12-04 20:00:00+01:00,Solar 70,0.0
2030,sc01,12-04 20:00:00+01:00,CC NG 34,0.0
2030,sc01,12-04 20:00:00+01:00,Solar 48,0.0
2030,sc01,12-04 20:00:00+01:00,Biomass 56,0.07072
2030,sc01,12-04 20:00:00+01:00,CT NG 36,0.0
2030,sc01,12-04 20:00:00+01:00,Solar 47,0.0
2030,sc01,12-04 20:00:00+01:00,Hydro 17,0.0099603
2030,sc01,12-04 20:00:00+01:00,Solar 09,0.0
2030,sc01,12-04 20:00:00+01:00,Solar 08,0.0
2030,sc01,12-04 20:00:00+01:00,CT NG 45,0.0
2030,sc01,12-04 20:00:00+01:00,ST NG 04,2.064548
2030,sc01,12-04 20:00:00+01:00,Solar 40,0.0
2030,sc01,12-04 20:00:00+01:00,Biomass 47,0.0
2030,sc01,12-04 20:00:00+01:00,Solar 50,0.0
2030,sc01,12-04 20:00:00+01:00,Solar 52,0.0
2030,sc01,12-04 20:00:00+01:00,Solar 63,0.0
2030,sc01,12-04 20:00:00+01:00,CC NG 06,0.0
2030,sc01,12-04 20:00:00+01:00,Biomass 39,0.0
2030,sc01,12-04 20:00:00+01:00,Solar 67,0.0
2030,sc01,12-04 20:00:00+01:00,Solar 19,0.0
2030,sc01,12-04 20:00:00+01:00,Wind 12,11.2964852202
2030,sc01,12-04 20:00:00+01:00,Solar 24,0.0
2030,sc01,12-04 20:00:00+01:00,ICE NG 02,0.0
2030,sc01,12-04 20:00:00+01:00,Solar 05,0.0
2030,sc01,12-04 20:00:00+01:00,CT NG 54,0.0
2030,sc01,12-04 20:00:00+01:00,Wind N01,100.16452056797445
2030,sc01,12-04 20:00:00+01:00,CT NG 27,0.0
2030,sc01,12-04 20:00:00+01:00,CC NG 36,0.0
2030,sc01,12-04 20:00:00+01:00,Wind N02,75.49238820812266
2030,sc01,12-04 20:00:00+01:00,CT NG 52,0.0
2030,sc01,12-04 20:00:00+01:00,Solar 35,0.0
2030,sc01,12-04 20:00:00+01:00,CT NG 05,0.0
2030,sc01,12-04 20:00:00+01:00,Biomass 36,0.0
2030,sc01,12-04 20:00:00+01:00,CT NG 34,0.0
2030,sc01,12-04 20:00:00+01:00,CT Oil 03,0.0
2030,sc01,12-04 20:00:00+01:00,Hydro 35,0.0
2030,sc01,12-04 20:00:00+01:00,Solar 14,0.0
2030,sc01,12-04 20:00:00+01:00,CT NG 75,0.0
2030,sc01,12-04 20:00:00+01:00,ST NG 09,0.0
2030,sc01,12-04 20:00:00+01:00,CT NG 56,0.0
2030,sc01,12-04 20:00:00+01:00,Biomass 22,0.011899999999999999
2030,sc01,12-04 20:00:00+01:00,Solar 18,0.0
2030,sc01,12-04 20:00:00+01:00,Biomass 13,0.01122
2030,sc01,12-04 20:00:00+01:00,CT NG 71,0.0
2030,sc01,12-04 20:00:00+01:00,Solar 58,0.0
2030,sc01,12-04 20:00:00+01:00,Solar 06,0.0
2030,sc01,12-04 20:00:00+01:00,Biomass 08,0.02516
2030,sc01,12-04 20:00:00+01:00,CT NG 72,0.0
2030,sc01,12-04 20:00:00+01:00,Hydro 18,0.034307700000000003
2030,sc01,12-04 20:00:00+01:00,Solar 10,0.0
2030,sc01,12-04 20:00:00+01:00,CT NG 04,0.0
2030,sc01,12-04 20:00:00+01:00,ST Other 02,0.0
2030,sc01,12-04 20:00:00+01:00,CT NG 12,0.0
2030,sc01,12-04 20:00:00+01:00,CT NG 48,0.0
2030,sc01,12-04 20:00:00+01:00,ST NG 10,0.0
2030,sc01,12-04 20:00:00+01:00,Solar 22,0.0
2030,sc01,12-04 20:00:00+01:00,Solar 28,0.0
2030,sc01,12-04 20:00:00+01:00,CT NG 73,0.0
2030,sc01,12-04 20:00:00+01:00,Biomass 52,0.0
2030,sc01,12-04 20:00:00+01:00,CT NG 30,0.0
2030,sc01,12-04 20:00:00+01:00,Solar 54,0.0
2030,sc01,12-04 20:00:00+01:00,Solar 31,0.0
2030,sc01,12-04 20:00:00+01:00,Biomass 03,0.0
2030,sc01,12-04 20:00:00+01:00,CT NG 32,0.0
2030,sc01,12-04 20:00:00+01:00,Biomass 27,0.05746
2030,sc01,12-04 20:00:00+01:00,CC NG 14,0.0
2030,sc01,12-04 20:00:00+01:00,CC NG 03,0.0
2030,sc01,12-04 20:00:00+01:00,CC NG 29,0.0
2030,sc01,12-04 20:00:00+01:00,CC NG 28,0.0
2030,sc01,12-04 20:00:00+01:00,CC NG 25,0.0
2030,sc01,12-04 20:00:00+01:00,CT NG 44,0.0
2030,sc01,12-04 20:00:00+01:00,CT NG 14,0.0
2030,sc01,12-04 20:00:00+01:00,CC NG 15,0.0
2030,sc01,12-04 20:00:00+01:00,CC NG 04,0.0
2030,sc01,12-04 20:00:00+01:00,Biomass 29,0.05746
2030,sc01,12-04 20:00:00+01:00,Wind 14,25.791462936200002
2030,sc01,12-04 20:00:00+01:00,Wind 08,0.71764383984
2030,sc01,12-04 20:00:00+01:00,Biomass 61,0.0
2030,sc01,12-04 20:00:00+01:00,CT NG 35,0.0
2030,sc01,12-04 20:00:00+01:00,Solar 33,0.0
2030,sc01,12-04 20:00:00+01:00,CT NG 41,0.0
2030,sc01,12-04 20:00:00+01:00,CT NG 15,0.0
2030,sc01,12-04 20:00:00+01:00,Solar 42,0.0
2030,sc01,12-04 20:00:00+01:00,Solar 07,0.0
2030,sc01,12-04 20:00:00+01:00,Solar 43,0.0
2030,sc01,12-04 20:00:00+01:00,Biomass 05,0.014960000000000001
2030,sc01,12-04 20:00:00+01:00,CT NG 29,0.0
2030,sc01,12-04 20:00:00+01:00,Solar 71,0.0
2030,sc01,12-04 20:00:00+01:00,CT NG 53,0.0
2030,sc01,12-04 20:00:00+01:00,CT NG 20,0.0
2030,sc01,12-04 20:00:00+01:00,Biomass 14,0.02482
2030,sc01,12-04 20:00:00+01:00,Solar 26,0.0
2030,sc01,12-04 20:00:00+01:00,Hydro 29,10.804228867287035
2030,sc01,12-04 20:00:00+01:00,Hydro 31,0.0
2030,sc01,12-04 20:00:00+01:00,Biomass 24,0.014960000000000001
2030,sc01,12-04 20:00:00+01:00,Biomass 54,0.08091999999999999
2030,sc01,12-04 20:00:00+01:00,Solar 36,0.0
2030,sc01,12-04 20:00:00+01:00,Wind 03,1.18397299646
2030,sc01,12-04 20:00:00+01:00,Biomass 40,0.0
2030,sc01,12-04 20:00:00+01:00,Biomass 49,0.0
2030,sc01,12-04 20:00:00+01:00,CC NG 16,0.0
2030,sc01,12-04 20:00:00+01:00,Biomass 48,0.0
2030,sc01,12-04 20:00:00+01:00,Hydro 28,0.0
2030,sc01,12-04 20:00:00+01:00,Biomass 17,0.0074800000000000005
2030,sc01,12-04 20:00:00+01:00,CT NG 33,0.0
2030,sc01,12-04 20:00:00+01:00,Solar 45,0.0
2030,sc01,12-04 20:00:00+01:00,Hydro 24,0.0
2030,sc01,12-04 20:00:00+01:00,Wind 13,4.735046754000001
2030,sc01,12-04 20:00:00+01:00,Biomass 07,0.068
2030,sc01,12-04 20:00:00+01:00,Biomass 34,0.0
2030,sc01,12-04 20:00:00+01:00,Biomass 33,0.0
2030,sc01,12-04 20:00:00+01:00,CT NG 01,0.8368284
2030,sc01,12-04 20:00:00+01:00,ICE NG 03,0.0
2030,sc01,12-04 20:00:00+01:00,Solar 55,0.0
2030,sc01,12-04 20:00:00+01:00,Solar 11,0.0
2030,sc01,12-04 20:00:00+01:00,CT NG 06,0.0
2030,sc01,12-04 20:00:00+01:00,CT NG 70,0.0
2030,sc01,12-04 20:00:00+01:00,Solar 23,0.0
2030,sc01,12-04 20:00:00+01:00,CT NG 67,0.0
2030,sc01,12-04 20:00:00+01:00,Solar 12,0.0
2030,sc01,12-04 20:00:00+01:00,CT Oil 01,0.0
2030,sc01,12-04 20:00:00+01:00,Hydro 26,0.0
2030,sc01,12-04 20:00:00+01:00,CC NG 22,0.0
2030,sc01,12-04 20:00:00+01:00,CC NG 35,0.0
2030,sc01,12-04 20:00:00+01:00,Biomass 50,0.0
2030,sc01,12-04 20:00:00+01:00,ICE NG 04,0.0
2030,sc01,12-04 20:00:00+01:00,CC NG 39,2.9239408585042415
2030,sc01,12-04 20:00:00+01:00,Hydro 32,0.0
2030,sc01,12-04 20:00:00+01:00,ICE NG 07,0.0
2030,sc01,12-04 20:00:00+01:00,Biomass 46,0.0
2030,sc01,12-04 20:00:00+01:00,CC NG 38,0.0
2030,sc01,12-04 20:00:00+01:00,CC NG 12,0.0
2030,sc01,12-04 20:00:00+01:00,Solar 57,0.0
2030,sc01,12-04 20:00:00+01:00,CC NG 32,0.0
2030,sc01,12-04 20:00:00+01:00,CC NG 07,0.0
2030,sc01,12-04 20:00:00+01:00,Biomass 44,0.0
2030,sc01,12-04 20:00:00+01:00,CT NG 40,0.0
2030,sc01,12-04 20:00:00+01:00,Solar 74,0.0
2030,sc01,12-04 20:00:00+01:00,Hydro 30,0.0
2030,sc01,12-04 20:00:00+01:00,CT NG 42,0.0
2030,sc01,12-04 20:00:00+01:00,Hydro 22,1.2298701
2030,sc01,12-04 20:00:00+01:00,Solar 17,0.0
2030,sc01,12-04 20:00:00+01:00,Solar 38,0.0
2030,sc01,12-04 20:00:00+01:00,CT NG 24,0.0
2030,sc01,12-04 20:00:00+01:00,CC NG 27,0.0
2030,sc01,12-04 20:00:00+01:00,Biomass 21,0.011899999999999999
2030,sc01,12-04 20:00:00+01:00,ICE NG 06,0.0
2030,sc01,12-04 20:00:00+01:00,Biomass 25,0.014960000000000001
2030,sc01,12-04 20:00:00+01:00,Solar 27,0.0
2030,sc01,12-04 20:00:00+01:00,CT NG 19,0.12848939999999998
2030,sc01,12-04 20:00:00+01:00,Biomass 42,0.0
2030,sc01,12-04 20:00:00+01:00,Biomass 19,0.011899999999999999
2030,sc01,12-04 20:00:00+01:00,Biomass 06,0.014960000000000001
2030,sc01,12-04 20:00:00+01:00,CT NG 10,0.0
2030,sc01,12-04 20:00:00+01:00,CC NG 40,0.0
2030,sc01,12-04 20:00:00+01:00,CC NG 21,0.0
2030,sc01,12-04 20:00:00+01:00,Biomass 02,0.034
2030,sc01,12-04 20:00:00+01:00,CT NG 46,0.0
2030,sc01,12-04 20:00:00+01:00,Hydro 34,0.0
2030,sc01,12-04 20:00:00+01:00,Biomass 10,0.02516
2030,sc01,12-04 20:00:00+01:00,CT NG 17,0.0
2030,sc01,12-04 20:00:00+01:00,Biomass 62,0.04964
2030,sc01,12-04 20:00:00+01:00,Biomass 32,0.040459999999999996
2030,sc01,12-04 20:00:00+01:00,CC NG 19,0.0
2030,sc01,12-04 20:00:00+01:00,CC NG 17,0.0
2030,sc01,12-04 20:00:00+01:00,ST NG 01,0.0
2030,sc01,12-04 20:00:00+01:00,Biomass 45,0.0
2030,sc01,12-04 20:00:00+01:00,Biomass 28,0.05746
2030,sc01,12-04 20:00:00+01:00,CC NG 10,0.0
2030,sc01,12-04 20:00:00+01:00,Biomass 23,0.014960000000000001
2030,sc01,12-04 20:00:00+01:00,ST NG 06,0.0
2030,sc01,12-04 20:00:00+01:00,Wind 10,0.7053142032599999
2030,sc01,12-04 20:00:00+01:00,CT NG 69,0.0
2030,sc01,12-04 20:00:00+01:00,CT NG 68,0.0
2030,sc01,12-06 10:00:00+01:00,CC NG 13,0.0
2030,sc01,12-06 10:00:00+01:00,CT NG 37,0.0
2030,sc01,12-06 10:00:00+01:00,ST Coal 01,0.0
2030,sc01,12-06 10:00:00+01:00,CT NG 09,0.0
2030,sc01,12-06 10:00:00+01:00,CT NG 47,0.0
2030,sc01,12-06 10:00:00+01:00,Solar 69,0.0
2030,sc01,12-06 10:00:00+01:00,Solar 34,2.092460071364825
2030,sc01,12-06 10:00:00+01:00,Solar 73,0.0
2030,sc01,12-06 10:00:00+01:00,Biomass 37,0.0
2030,sc01,12-06 10:00:00+01:00,Hydro 20,0.33662433
2030,sc01,12-06 10:00:00+01:00,Solar 01,8.582054620700001
2030,sc01,12-06 10:00:00+01:00,Solar 62,0.0
2030,sc01,12-06 10:00:00+01:00,Solar 02,4.617447811000001
2030,sc01,12-06 10:00:00+01:00,CT NG 26,0.0
2030,sc01,12-06 10:00:00+01:00,Biomass 20,0.00684
2030,sc01,12-06 10:00:00+01:00,Wind 16,0.0
2030,sc01,12-06 10:00:00+01:00,CT NG 66,0.0
2030,sc01,12-06 10:00:00+01:00,Solar 39,0.0
2030,sc01,12-06 10:00:00+01:00,Biomass 41,0.0
2030,sc01,12-06 10:00:00+01:00,Solar 72,0.0
2030,sc01,12-06 10:00:00+01:00,ST NG 03,0.0
2030,sc01,12-06 10:00:00+01:00,Hydro 21,0.0
2030,sc01,12-06 10:00:00+01:00,CT NG 03,0.0
2030,sc01,12-06 10:00:00+01:00,CC NG 09,0.0
2030,sc01,12-06 10:00:00+01:00,CT Oil 02,0.0
2030,sc01,12-06 10:00:00+01:00,CT NG 39,0.0
2030,sc01,12-06 10:00:00+01:00,CC NG 08,0.0
2030,sc01,12-06 10:00:00+01:00,Biomass 43,0.0
2030,sc01,12-06 10:00:00+01:00,CT NG 18,0.07180289999999999
2030,sc01,12-06 10:00:00+01:00,ST NG 07,0.0
2030,sc01,12-06 10:00:00+01:00,Biomass 35,0.0
2030,sc01,12-06 10:00:00+01:00,Solar 32,0.0
2030,sc01,12-06 10:00:00+01:00,Biomass 15,0.0039900000000000005
2030,sc01,12-06 10:00:00+01:00,CC NG 31,0.0
2030,sc01,12-06 10:00:00+01:00,Solar 16,0.6122936798499999
2030,sc01,12-06 10:00:00+01:00,Solar 68,0.0
2030,sc01,12-06 10:00:00+01:00,CT NG 21,0.0
2030,sc01,12-06 10:00:00+01:00,Wind 11,0.0
2030,sc01,12-06 10:00:00+01:00,CC NG 37,0.0
2030,sc01,12-06 10:00:00+01:00,CT NG 22,0.0
2030,sc01,12-06 10:00:00+01:00,Hydro 16,0.0
2030,sc01,12-06 10:00:00+01:00,Biomass 59,0.07866000000000001
2030,sc01,12-06 10:00:00+01:00,CC NG 01,0.0
2030,sc01,12-06 10:00:00+01:00,Biomass 16,0.0039900000000000005
2030,sc01,12-06 10:00:00+01:00,Solar 03,0.0
2030,sc01,12-06 10:00:00+01:00,Solar 44,0.0
2030,sc01,12-06 10:00:00+01:00,CT NG 08,0.0
2030,sc01,12-06 10:00:00+01:00,Wind 05,0.0
2030,sc01,12-06 10:00:00+01:00,Biomass 26,0.03211
2030,sc01,12-06 10:00:00+01:00,Solar 37,0.0
2030,sc01,12-06 10:00:00+01:00,Biomass 11,0.00665
2030,sc01,12-06 10:00:00+01:00,Solar 59,0.0
2030,sc01,12-06 10:00:00+01:00,CT NG 11,0.0
2030,sc01,12-06 10:00:00+01:00,Biomass 30,0.03211
2030,sc01,12-06 10:00:00+01:00,Hydro 23,0.0
2030,sc01,12-06 10:00:00+01:00,CC NG 24,0.0
2030,sc01,12-06 10:00:00+01:00,Solar 65,6.9025562878
2030,sc01,12-06 10:00:00+01:00,CC NG 18,0.0
2030,sc01,12-06 10:00:00+01:00,CT NG 16,0.0
2030,sc01,12-06 10:00:00+01:00,Solar 51,0.0
2030,sc01,12-06 10:00:00+01:00,Wind 06,0.004445257176
2030,sc01,12-06 10:00:00+01:00,CC NG 26,0.0
2030,sc01,12-06 10:00:00+01:00,CC NG 23,0.0
2030,sc01,12-06 10:00:00+01:00,CT NG 43,0.0
2030,sc01,12-06 10:00:00+01:00,CC NG 11,0.0
2030,sc01,12-06 10:00:00+01:00,CT NG 02,0.0
2030,sc01,12-06 10:00:00+01:00,CT NG 50,0.0
2030,sc01,12-06 10:00:00+01:00,Hydro 27,0.0
2030,sc01,12-06 10:00:00+01:00,CT NG 13,0.0
2030,sc01,12-06 10:00:00+01:00,CT NG 25,0.0
2030,sc01,12-06 10:00:00+01:00,CC NG 05,0.0
2030,sc01,12-06 10:00:00+01:00,Solar 04,0.41522487691
2030,sc01,12-06 10:00:00+01:00,Solar 30,0.5904418311499999
2030,sc01,12-06 10:00:00+01:00,Solar 29,0.9013910059099999
2030,sc01,12-06 10:00:00+01:00,Solar 53,0.0
2030,sc01,12-06 10:00:00+01:00,Solar 21,1.57552076336
2030,sc01,12-06 10:00:00+01:00,Biomass 58,0.03914
2030,sc01,12-06 10:00:00+01:00,CT NG 74,0.0
2030,sc01,12-06 10:00:00+01:00,Solar 61,0.0
2030,sc01,12-06 10:00:00+01:00,Wind 07,0.0
2030,sc01,12-06 10:00:00+01:00,Biomass 31,0.03211
2030,sc01,12-06 10:00:00+01:00,CT Oil 05,0.0
2030,sc01,12-06 10:00:00+01:00,Biomass 38,0.0
2030,sc01,12-06 10:00:00+01:00,Solar 41,0.0
2030,sc01,12-06 10:00:00+01:00,Biomass 51,0.0
2030,sc01,12-06 10:00:00+01:00,Biomass 55,0.04617
2030,sc01,12-06 10:00:00+01:00,Wind 15,5.30566037889128
2030,sc01,12-06 10:00:00+01:00,Geo 01,0.0
2030,sc01,12-06 10:00:00+01:00,Biomass 60,0.051300000000000005
2030,sc01,12-06 10:00:00+01:00,CT NG 38,0.0
2030,sc01,12-06 10:00:00+01:00,Solar 66,15.081588785200001
2030,sc01,12-06 10:00:00+01:00,Solar 49,0.0
2030,sc01,12-06 10:00:00+01:00,CT NG 51,0.0
2030,sc01,12-06 10:00:00+01:00,Biomass 18,0.0039900000000000005
2030,sc01,12-06 10:00:00+01:00,ICE NG 01,0.0
2030,sc01,12-06 10:00:00+01:00,Solar 15,0.90102604574
2030,sc01,12-06 10:00:00+01:00,ICE NG 05,0.0
2030,sc01,12-06 10:00:00+01:00,CT Oil 04,0.0
2030,sc01,12-06 10:00:00+01:00,CC NG 20,0.0
2030,sc01,12-06 10:00:00+01:00,Solar 20,1.05903788818
2030,sc01,12-06 10:00:00+01:00,Biomass 04,0.0
2030,sc01,12-06 10:00:00+01:00,Wind 02,0.0
2030,sc01,12-06 10:00:00+01:00,Hydro 25,0.0
2030,sc01,12-06 10:00:00+01:00,Solar 75,0.0
2030,sc01,12-06 10:00:00+01:00,Hydro 33,0.0
2030,sc01,12-06 10:00:00+01:00,ST NG 05,0.0
2030,sc01,12-06 10:00:00+01:00,CT NG 07,0.0
2030,sc01,12-06 10:00:00+01:00,Wind 01,0.0
2030,sc01,12-06 10:00:00+01:00,Solar 56,0.0
2030,sc01,12-06 10:00:00+01:00,Biomass 09,0.01653
2030,sc01,12-06 10:00:00+01:00,Biomass 53,0.04617
2030,sc01,12-06 10:00:00+01:00,Wind 17,11.5308967836
2030,sc01,12-06 10:00:00+01:00,ST NG 08,0.0
2030,sc01,12-06 10:00:00+01:00,Hydro 19,0.0
2030,sc01,12-06 10:00:00+01:00,ST NG 02,0.0
2030,sc01,12-06 10:00:00+01:00,Biomass 01,0.01957
2030,sc01,12-06 10:00:00+01:00,Biomass 57,0.03914
2030,sc01,12-06 10:00:00+01:00,CT NG 49,0.0
2030,sc01,12-06 10:00:00+01:00,CT NG 31,0.0
2030,sc01,12-06 10:00:00+01:00,Solar 64,3.192
2030,sc01,12-06 10:00:00+01:00,CC NG 33,0.0
2030,sc01,12-06 10:00:00+01:00,Solar 46,0.0
2030,sc01,12-06 10:00:00+01:00,Biomass 12,0.00665
2030,sc01,12-06 10:00:00+01:00,Wind 04,0.01897580692
2030,sc01,12-06 10:00:00+01:00,Solar 13,0.022619023176
2030,sc01,12-06 10:00:00+01:00,CT NG 55,0.0
2030,sc01,12-06 10:00:00+01:00,Wind N03,98.42054340963892
2030,sc01,12-06 10:00:00+01:00,CT NG 28,0.0
2030,sc01,12-06 10:00:00+01:00,Wind 09,0.0
2030,sc01,12-06 10:00:00+01:00,Solar 60,0.0
2030,sc01,12-06 10:00:00+01:00,Solar 25,0.16586926660000004
2030,sc01,12-06 10:00:00+01:00,CT NG 23,0.0
2030,sc01,12-06 10:00:00+01:00,ST Other 01,0.0
2030,sc01,12-06 10:00:00+01:00,Solar 70,19.565742974
2030,sc01,12-06 10:00:00+01:00,CC NG 34,0.0
2030,sc01,12-06 10:00:00+01:00,Solar 48,0.0
2030,sc01,12-06 10:00:00+01:00,Biomass 56,0.0437
2030,sc01,12-06 10:00:00+01:00,CT NG 36,0.0
2030,sc01,12-06 10:00:00+01:00,Solar 47,0.0
2030,sc01,12-06 10:00:00+01:00,Hydro 17,0.0
2030,sc01,12-06 10:00:00+01:00,Solar 09,0.0
2030,sc01,12-06 10:00:00+01:00,Solar 08,0.0
2030,sc01,12-06 10:00:00+01:00,CT NG 45,0.0
2030,sc01,12-06 10:00:00+01:00,ST NG 04,0.0
2030,sc01,12-06 10:00:00+01:00,Solar 40,0.0
2030,sc01,12-06 10:00:00+01:00,Biomass 47,0.0
2030,sc01,12-06 10:00:00+01:00,Solar 50,0.0
2030,sc01,12-06 10:00:00+01:00,Solar 52,0.0
2030,sc01,12-06 10:00:00+01:00,Solar 63,7.738812054399999
2030,sc01,12-06 10:00:00+01:00,CC NG 06,0.0
2030,sc01,12-06 10:00:00+01:00,Biomass 39,0.0
2030,sc01,12-06 10:00:00+01:00,Solar 67,0.6043418960354612
2030,sc01,12-06 10:00:00+01:00,Solar 19,0.00855461624
2030,sc01,12-06 10:00:00+01:00,Wind 12,0.28839156669
2030,sc01,12-06 10:00:00+01:00,Solar 24,0.12371389212
2030,sc01,12-06 10:00:00+01:00,ICE NG 02,0.0
2030,sc01,12-06 10:00:00+01:00,Solar 05,0.0
2030,sc01,12-06 10:00:00+01:00,CT NG 54,0.0
2030,sc01,12-06 10:00:00+01:00,Wind N01,2.7360225568000005
2030,sc01,12-06 10:00:00+01:00,CT NG 27,0.0
2030,sc01,12-06 10:00:00+01:00,CC NG 36,0.0
2030,sc01,12-06 10:00:00+01:00,Wind N02,15.494702055500001
2030,sc01,12-06 10:00:00+01:00,CT NG 52,0.0
2030,sc01,12-06 10:00:00+01:00,Solar 35,0.0
2030,sc01,12-06 10:00:00+01:00,CT NG 05,0.0
2030,sc01,12-06 10:00:00+01:00,Biomass 36,0.0
2030,sc01,12-06 10:00:00+01:00,CT NG 34,0.0
2030,sc01,12-06 10:00:00+01:00,CT Oil 03,0.0
2030,sc01,12-06 10:00:00+01:00,Hydro 35,0.0
2030,sc01,12-06 10:00:00+01:00,Solar 14,1.00173807274
2030,sc01,12-06 10:00:00+01:00,CT NG 75,0.0
2030,sc01,12-06 10:00:00+01:00,ST NG 09,0.0
2030,sc01,12-06 10:00:00+01:00,CT NG 56,0.0
2030,sc01,12-06 10:00:00+01:00,Biomass 22,0.00684
2030,sc01,12-06 10:00:00+01:00,Solar 18,1.0565962935600002
2030,sc01,12-06 10:00:00+01:00,Biomass 13,0.00665
2030,sc01,12-06 10:00:00+01:00,CT NG 71,0.0
2030,sc01,12-06 10:00:00+01:00,Solar 58,0.0
2030,sc01,12-06 10:00:00+01:00,Solar 06,0.0
2030,sc01,12-06 10:00:00+01:00,Biomass 08,0.01653
2030,sc01,12-06 10:00:00+01:00,CT NG 72,0.0
2030,sc01,12-06 10:00:00+01:00,Hydro 18,0.0
2030,sc01,12-06 10:00:00+01:00,Solar 10,1.02010447993
2030,sc01,12-06 10:00:00+01:00,CT NG 04,0.0
2030,sc01,12-06 10:00:00+01:00,ST Other 02,0.0
2030,sc01,12-06 10:00:00+01:00,CT NG 12,0.0
2030,sc01,12-06 10:00:00+01:00,CT NG 48,0.0
2030,sc01,12-06 10:00:00+01:00,ST NG 10,0.0
2030,sc01,12-06 10:00:00+01:00,Solar 22,0.9375439965300001
2030,sc01,12-06 10:00:00+01:00,Solar 28,0.83899270102
2030,sc01,12-06 10:00:00+01:00,CT NG 73,0.0
2030,sc01,12-06 10:00:00+01:00,Biomass 52,0.0
2030,sc01,12-06 10:00:00+01:00,CT NG 30,0.0
2030,sc01,12-06 10:00:00+01:00,Solar 54,0.0
2030,sc01,12-06 10:00:00+01:00,Solar 31,0.0
2030,sc01,12-06 10:00:00+01:00,Biomass 03,0.0
2030,sc01,12-06 10:00:00+01:00,CT NG 32,0.0
2030,sc01,12-06 10:00:00+01:00,Biomass 27,0.03211
2030,sc01,12-06 10:00:00+01:00,CC NG 14,0.0
2030,sc01,12-06 10:00:00+01:00,CC NG 03,0.0
2030,sc01,12-06 10:00:00+01:00,CC NG 29,0.0
2030,sc01,12-06 10:00:00+01:00,CC NG 28,0.0
2030,sc01,12-06 10:00:00+01:00,CC NG 25,0.0
2030,sc01,12-06 10:00:00+01:00,CT NG 44,0.0
2030,sc01,12-06 10:00:00+01:00,CT NG 14,0.0
2030,sc01,12-06 10:00:00+01:00,CC NG 15,0.0
2030,sc01,12-06 10:00:00+01:00,CC NG 04,0.0
2030,sc01,12-06 10:00:00+01:00,Biomass 29,0.03211
2030,sc01,12-06 10:00:00+01:00,Wind 14,0.0
2030,sc01,12-06 10:00:00+01:00,Wind 08,0.0
2030,sc01,12-06 10:00:00+01:00,Biomass 61,0.0
2030,sc01,12-06 10:00:00+01:00,CT NG 35,0.0
2030,sc01,12-06 10:00:00+01:00,Solar 33,0.0
2030,sc01,12-06 10:00:00+01:00,CT NG 41,0.0
2030,sc01,12-06 10:00:00+01:00,CT NG 15,0.0
2030,sc01,12-06 10:00:00+01:00,Solar 42,0.0
2030,sc01,12-06 10:00:00+01:00,Solar 07,0.0
2030,sc01,12-06 10:00:00+01:00,Solar 43,0.0
2030,sc01,12-06 10:00:00+01:00,Biomass 05,0.008360000000000001
2030,sc01,12-06 10:00:00+01:00,CT NG 29,0.0
2030,sc01,12-06 10:00:00+01:00,Solar 71,0.0
2030,sc01,12-06 10:00:00+01:00,CT NG 53,0.0
2030,sc01,12-06 10:00:00+01:00,CT NG 20,0.0
2030,sc01,12-06 10:00:00+01:00,Biomass 14,0.014820000000000002
2030,sc01,12-06 10:00:00+01:00,Solar 26,0.15360652235200004
2030,sc01,12-06 10:00:00+01:00,Hydro 29,0.0
2030,sc01,12-06 10:00:00+01:00,Hydro 31,0.0
2030,sc01,12-06 10:00:00+01:00,Biomass 24,0.007410000000000001
2030,sc01,12-06 10:00:00+01:00,Biomass 54,0.04617
2030,sc01,12-06 10:00:00+01:00,Solar 36,0.0
2030,sc01,12-06 10:00:00+01:00,Wind 03,0.05073942704
2030,sc01,12-06 10:00:00+01:00,Biomass 40,0.0
2030,sc01,12-06 10:00:00+01:00,Biomass 49,0.0
2030,sc01,12-06 10:00:00+01:00,CC NG 16,7.460508238423459
2030,sc01,12-06 10:00:00+01:00,Biomass 48,0.0
2030,sc01,12-06 10:00:00+01:00,Hydro 28,0.0
2030,sc01,12-06 10:00:00+01:00,Biomass 17,0.0039900000000000005
2030,sc01,12-06 10:00:00+01:00,CT NG 33,0.0
2030,sc01,12-06 10:00:00+01:00,Solar 45,0.0
2030,sc01,12-06 10:00:00+01:00,Hydro 24,0.0
2030,sc01,12-06 10:00:00+01:00,Wind 13,0.03256089052
2030,sc01,12-06 10:00:00+01:00,Biomass 07,0.038
2030,sc01,12-06 10:00:00+01:00,Biomass 34,0.0
2030,sc01,12-06 10:00:00+01:00,Biomass 33,0.0
2030,sc01,12-06 10:00:00+01:00,CT NG 01,0.0
2030,sc01,12-06 10:00:00+01:00,ICE NG 03,0.0
2030,sc01,12-06 10:00:00+01:00,Solar 55,0.0
2030,sc01,12-06 10:00:00+01:00,Solar 11,0.169680266688
2030,sc01,12-06 10:00:00+01:00,CT NG 06,0.0
2030,sc01,12-06 10:00:00+01:00,CT NG 70,0.0
2030,sc01,12-06 10:00:00+01:00,Solar 23,0.025124751992
2030,sc01,12-06 10:00:00+01:00,CT NG 67,0.0
2030,sc01,12-06 10:00:00+01:00,Solar 12,0.13135045268
2030,sc01,12-06 10:00:00+01:00,CT Oil 01,0.0
2030,sc01,12-06 10:00:00+01:00,Hydro 26,0.0
2030,sc01,12-06 10:00:00+01:00,CC NG 22,0.0
2030,sc01,12-06 10:00:00+01:00,CC NG 35,0.0
2030,sc01,12-06 10:00:00+01:00,Biomass 50,0.0
2030,sc01,12-06 10:00:00+01:00,ICE NG 04,0.0
2030,sc01,12-06 10:00:00+01:00,CC NG 39,0.0
2030,sc01,12-06 10:00:00+01:00,Hydro 32,0.0
2030,sc01,12-06 10:00:00+01:00,ICE NG 07,0.0
2030,sc01,12-06 10:00:00+01:00,Biomass 46,0.0
2030,sc01,12-06 10:00:00+01:00,CC NG 38,0.0
2030,sc01,12-06 10:00:00+01:00,CC NG 12,0.0
2030,sc01,12-06 10:00:00+01:00,Solar 57,0.0
2030,sc01,12-06 10:00:00+01:00,CC NG 32,0.0
2030,sc01,12-06 10:00:00+01:00,CC NG 07,0.0
2030,sc01,12-06 10:00:00+01:00,Biomass 44,0.0
2030,sc01,12-06 10:00:00+01:00,CT NG 40,0.0
2030,sc01,12-06 10:00:00+01:00,Solar 74,2.071140069034167
2030,sc01,12-06 10:00:00+01:00,Hydro 30,0.0
2030,sc01,12-06 10:00:00+01:00,CT NG 42,0.0
2030,sc01,12-06 10:00:00+01:00,Hydro 22,0.0
2030,sc01,12-06 10:00:00+01:00,Solar 17,0.25763073142
2030,sc01,12-06 10:00:00+01:00,Solar 38,0.0
2030,sc01,12-06 10:00:00+01:00,CT NG 24,0.0
2030,sc01,12-06 10:00:00+01:00,CC NG 27,0.0
2030,sc01,12-06 10:00:00+01:00,Biomass 21,0.00684
2030,sc01,12-06 10:00:00+01:00,ICE NG 06,0.0
2030,sc01,12-06 10:00:00+01:00,Biomass 25,0.007410000000000001
2030,sc01,12-06 10:00:00+01:00,Solar 27,0.10076109959200001
2030,sc01,12-06 10:00:00+01:00,CT NG 19,0.0
2030,sc01,12-06 10:00:00+01:00,Biomass 42,0.0
2030,sc01,12-06 10:00:00+01:00,Biomass 19,0.00684
2030,sc01,12-06 10:00:00+01:00,Biomass 06,0.008360000000000001
2030,sc01,12-06 10:00:00+01:00,CT NG 10,0.0
2030,sc01,12-06 10:00:00+01:00,CC NG 40,0.0
2030,sc01,12-06 10:00:00+01:00,CC NG 21,0.0
2030,sc01,12-06 10:00:00+01:00,Biomass 02,0.01957
2030,sc01,12-06 10:00:00+01:00,CT NG 46,0.0
2030,sc01,12-06 10:00:00+01:00,Hydro 34,0.0
2030,sc01,12-06 10:00:00+01:00,Biomass 10,0.01653
2030,sc01,12-06 10:00:00+01:00,CT NG 17,0.0
2030,sc01,12-06 10:00:00+01:00,Biomass 62,0.03629
2030,sc01,12-06 10:00:00+01:00,Biomass 32,0.022609999999999998
2030,sc01,12-06 10:00:00+01:00,CC NG 19,2.57222
2030,sc01,12-06 10:00:00+01:00,CC NG 17,0.0
2030,sc01,12-06 10:00:00+01:00,ST NG 01,0.0
2030,sc01,12-06 10:00:00+01:00,Biomass 45,0.0
2030,sc01,12-06 10:00:00+01:00,Biomass 28,0.03211
2030,sc01,12-06 10:00:00+01:00,CC NG 10,0.0
2030,sc01,12-06 10:00:00+01:00,Biomass 23,0.007410000000000001
2030,sc01,12-06 10:00:00+01:00,ST NG 06,0.0
2030,sc01,12-06 10:00:00+01:00,Wind 10,0.0
2030,sc01,12-06 10:00:00+01:00,CT NG 69,0.0
2030,sc01,12-06 10:00:00+01:00,CT NG 68,0.0
2030,sc01,12-07 19:00:00+01:00,CC NG 13,0.3878636999999999
2030,sc01,12-07 19:00:00+01:00,CT NG 37,0.0088179
2030,sc01,12-07 19:00:00+01:00,ST Coal 01,0.0
2030,sc01,12-07 19:00:00+01:00,CT NG 09,0.0
2030,sc01,12-07 19:00:00+01:00,CT NG 47,0.0
2030,sc01,12-07 19:00:00+01:00,Solar 69,0.0
2030,sc01,12-07 19:00:00+01:00,Solar 34,0.0
2030,sc01,12-07 19:00:00+01:00,Solar 73,0.0
2030,sc01,12-07 19:00:00+01:00,Biomass 37,0.0056700000000000006
2030,sc01,12-07 19:00:00+01:00,Hydro 20,0.23338350000000002
2030,sc01,12-07 19:00:00+01:00,Solar 01,0.0
2030,sc01,12-07 19:00:00+01:00,Solar 62,0.0
2030,sc01,12-07 19:00:00+01:00,Solar 02,0.0
2030,sc01,12-07 19:00:00+01:00,CT NG 26,0.6783
2030,sc01,12-07 19:00:00+01:00,Biomass 20,0.00259
2030,sc01,12-07 19:00:00+01:00,Wind 16,0.025423247080000003
2030,sc01,12-07 19:00:00+01:00,CT NG 66,0.0
2030,sc01,12-07 19:00:00+01:00,Solar 39,0.0
2030,sc01,12-07 19:00:00+01:00,Biomass 41,0.00875
2030,sc01,12-07 19:00:00+01:00,Solar 72,0.0
2030,sc01,12-07 19:00:00+01:00,ST NG 03,0.0
2030,sc01,12-07 19:00:00+01:00,Hydro 21,0.23338350000000002
2030,sc01,12-07 19:00:00+01:00,CT NG 03,0.0
2030,sc01,12-07 19:00:00+01:00,CC NG 09,0.22337700000000002
2030,sc01,12-07 19:00:00+01:00,CT Oil 02,0.0
2030,sc01,12-07 19:00:00+01:00,CT NG 39,0.0088179
2030,sc01,12-07 19:00:00+01:00,CC NG 08,0.09679669999999999
2030,sc01,12-07 19:00:00+01:00,Biomass 43,0.01694
2030,sc01,12-07 19:00:00+01:00,CT NG 18,0.026453699999999993
2030,sc01,12-07 19:00:00+01:00,ST NG 07,0.0
2030,sc01,12-07 19:00:00+01:00,Biomass 35,0.01001
2030,sc01,12-07 19:00:00+01:00,Solar 32,0.0
2030,sc01,12-07 19:00:00+01:00,Biomass 15,0.00147
2030,sc01,12-07 19:00:00+01:00,CC NG 31,2.2777685
2030,sc01,12-07 19:00:00+01:00,Solar 16,0.0
2030,sc01,12-07 19:00:00+01:00,Solar 68,0.0
2030,sc01,12-07 19:00:00+01:00,CT NG 21,0.6783
2030,sc01,12-07 19:00:00+01:00,Wind 11,0.20466111393
2030,sc01,12-07 19:00:00+01:00,CC NG 37,4.305084
2030,sc01,12-07 19:00:00+01:00,CT NG 22,0.6783
2030,sc01,12-07 19:00:00+01:00,Hydro 16,0.0015876
2030,sc01,12-07 19:00:00+01:00,Biomass 59,0.028980000000000002
2030,sc01,12-07 19:00:00+01:00,CC NG 01,0.2809135
2030,sc01,12-07 19:00:00+01:00,Biomass 16,0.00147
2030,sc01,12-07 19:00:00+01:00,Solar 03,0.0
2030,sc01,12-07 19:00:00+01:00,Solar 44,0.0
2030,sc01,12-07 19:00:00+01:00,CT NG 08,0.0
2030,sc01,12-07 19:00:00+01:00,Wind 05,0.0
2030,sc01,12-07 19:00:00+01:00,Biomass 26,0.011829999999999999
2030,sc01,12-07 19:00:00+01:00,Solar 37,0.0
2030,sc01,12-07 19:00:00+01:00,Biomass 11,0.00245
2030,sc01,12-07 19:00:00+01:00,Solar 59,0.0
2030,sc01,12-07 19:00:00+01:00,CT NG 11,0.0
2030,sc01,12-07 19:00:00+01:00,Biomass 30,0.011829999999999999
2030,sc01,12-07 19:00:00+01:00,Hydro 23,0.5163905599999999
2030,sc01,12-07 19:00:00+01:00,CC NG 24,4.5507987000000005
2030,sc01,12-07 19:00:00+01:00,Solar 65,0.0
2030,sc01,12-07 19:00:00+01:00,CC NG 18,2.61210418286882
2030,sc01,12-07 19:00:00+01:00,CT NG 16,0.0
2030,sc01,12-07 19:00:00+01:00,Solar 51,0.0
2030,sc01,12-07 19:00:00+01:00,Wind 06,0.17847799178999998
2030,sc01,12-07 19:00:00+01:00,CC NG 26,0.0
2030,sc01,12-07 19:00:00+01:00,CC NG 23,0.0
2030,sc01,12-07 19:00:00+01:00,CT NG 43,0.0
2030,sc01,12-07 19:00:00+01:00,CC NG 11,4.0370316
2030,sc01,12-07 19:00:00+01:00,CT NG 02,0.0
2030,sc01,12-07 19:00:00+01:00,CT NG 50,0.0
2030,sc01,12-07 19:00:00+01:00,Hydro 27,0.0773955
2030,sc01,12-07 19:00:00+01:00,CT NG 13,0.0
2030,sc01,12-07 19:00:00+01:00,CT NG 25,0.6783
2030,sc01,12-07 19:00:00+01:00,CC NG 05,0.6769000000000001
2030,sc01,12-07 19:00:00+01:00,Solar 04,0.0
2030,sc01,12-07 19:00:00+01:00,Solar 30,0.0
2030,sc01,12-07 19:00:00+01:00,Solar 29,0.0
2030,sc01,12-07 19:00:00+01:00,Solar 53,0.0
2030,sc01,12-07 19:00:00+01:00,Solar 21,0.0
2030,sc01,12-07 19:00:00+01:00,Biomass 58,0.015260000000000001
2030,sc01,12-07 19:00:00+01:00,CT NG 74,0.28488600000000003
2030,sc01,12-07 19:00:00+01:00,Solar 61,0.0
2030,sc01,12-07 19:00:00+01:00,Wind 07,0.18839865261
2030,sc01,12-07 19:00:00+01:00,Biomass 31,0.011829999999999999
2030,sc01,12-07 19:00:00+01:00,CT Oil 05,0.0
2030,sc01,12-07 19:00:00+01:00,Biomass 38,0.0056700000000000006
2030,sc01,12-07 19:00:00+01:00,Solar 41,0.0
2030,sc01,12-07 19:00:00+01:00,Biomass 51,0.0012599999999999998
2030,sc01,12-07 19:00:00+01:00,Biomass 55,0.017430000000000005
2030,sc01,12-07 19:00:00+01:00,Wind 15,0.22529204586
2030,sc01,12-07 19:00:00+01:00,Geo 01,0.112
2030,sc01,12-07 19:00:00+01:00,Biomass 60,0.0189
2030,sc01,12-07 19:00:00+01:00,CT NG 38,0.0644385
2030,sc01,12-07 19:00:00+01:00,Solar 66,0.0
2030,sc01,12-07 19:00:00+01:00,Solar 49,0.0
2030,sc01,12-07 19:00:00+01:00,CT NG 51,0.0
2030,sc01,12-07 19:00:00+01:00,Biomass 18,0.00147
2030,sc01,12-07 19:00:00+01:00,ICE NG 01,0.022044750000000002
2030,sc01,12-07 19:00:00+01:00,Solar 15,0.0
2030,sc01,12-07 19:00:00+01:00,ICE NG 05,0.056977200000000006
2030,sc01,12-07 19:00:00+01:00,CT Oil 04,0.0
2030,sc01,12-07 19:00:00+01:00,CC NG 20,0.0
2030,sc01,12-07 19:00:00+01:00,Solar 20,0.0
2030,sc01,12-07 19:00:00+01:00,Biomass 04,0.00175
2030,sc01,12-07 19:00:00+01:00,Wind 02,0.32194802437000003
2030,sc01,12-07 19:00:00+01:00,Hydro 25,0.0773955
2030,sc01,12-07 19:00:00+01:00,Solar 75,0.0
2030,sc01,12-07 19:00:00+01:00,Hydro 33,0.6219144400000001
2030,sc01,12-07 19:00:00+01:00,ST NG 05,0.425054
2030,sc01,12-07 19:00:00+01:00,CT NG 07,0.0
2030,sc01,12-07 19:00:00+01:00,Wind 01,0.12225786615
2030,sc01,12-07 19:00:00+01:00,Solar 56,0.0
2030,sc01,12-07 19:00:00+01:00,Biomass 09,0.0054600000000000004
2030,sc01,12-07 19:00:00+01:00,Biomass 53,0.017430000000000005
2030,sc01,12-07 19:00:00+01:00,Wind 17,0.14906717546
2030,sc01,12-07 19:00:00+01:00,ST NG 08,0.0
2030,sc01,12-07 19:00:00+01:00,Hydro 19,0.04292750000000001
2030,sc01,12-07 19:00:00+01:00,ST NG 02,1.1022398139061444
2030,sc01,12-07 19:00:00+01:00,Biomass 01,0.007350000000000001
2030,sc01,12-07 19:00:00+01:00,Biomass 57,0.015260000000000001
2030,sc01,12-07 19:00:00+01:00,CT NG 49,0.0
2030,sc01,12-07 19:00:00+01:00,CT NG 31,0.01044582
2030,sc01,12-07 19:00:00+01:00,Solar 64,0.0
2030,sc01,12-07 19:00:00+01:00,CC NG 33,0.0
2030,sc01,12-07 19:00:00+01:00,Solar 46,0.0
2030,sc01,12-07 19:00:00+01:00,Biomass 12,0.00245
2030,sc01,12-07 19:00:00+01:00,Wind 04,0.020720429184
2030,sc01,12-07 19:00:00+01:00,Solar 13,0.0
2030,sc01,12-07 19:00:00+01:00,CT NG 55,0.0
2030,sc01,12-07 19:00:00+01:00,Wind N03,5.7333529015
2030,sc01,12-07 19:00:00+01:00,CT NG 28,0.0
2030,sc01,12-07 19:00:00+01:00,Wind 09,0.0
2030,sc01,12-07 19:00:00+01:00,Solar 60,0.0
2030,sc01,12-07 19:00:00+01:00,Solar 25,0.0
2030,sc01,12-07 19:00:00+01:00,CT NG 23,0.6783
2030,sc01,12-07 19:00:00+01:00,ST Other 01,0.0
2030,sc01,12-07 19:00:00+01:00,Solar 70,0.0
2030,sc01,12-07 19:00:00+01:00,CC NG 34,3.0740351171186653
2030,sc01,12-07 19:00:00+01:00,Solar 48,0.0
2030,sc01,12-07 19:00:00+01:00,Biomass 56,0.01722
2030,sc01,12-07 19:00:00+01:00,CT NG 36,0.6783
2030,sc01,12-07 19:00:00+01:00,Solar 47,0.0
2030,sc01,12-07 19:00:00+01:00,Hydro 17,0.002679075
2030,sc01,12-07 19:00:00+01:00,Solar 09,0.0
2030,sc01,12-07 19:00:00+01:00,Solar 08,0.0
2030,sc01,12-07 19:00:00+01:00,CT NG 45,0.0
2030,sc01,12-07 19:00:00+01:00,ST NG 04,0.425054
2030,sc01,12-07 19:00:00+01:00,Solar 40,0.0
2030,sc01,12-07 19:00:00+01:00,Biomass 47,0.0189
2030,sc01,12-07 19:00:00+01:00,Solar 50,0.0
2030,sc01,12-07 19:00:00+01:00,Solar 52,0.0
2030,sc01,12-07 19:00:00+01:00,Solar 63,0.0
2030,sc01,12-07 19:00:00+01:00,CC NG 06,0.09138150000000002
2030,sc01,12-07 19:00:00+01:00,Biomass 39,0.0056700000000000006
2030,sc01,12-07 19:00:00+01:00,Solar 67,0.0
2030,sc01,12-07 19:00:00+01:00,Solar 19,0.0
2030,sc01,12-07 19:00:00+01:00,Wind 12,0.67949973336
2030,sc01,12-07 19:00:00+01:00,Solar 24,0.0
2030,sc01,12-07 19:00:00+01:00,ICE NG 02,0.056977200000000006
2030,sc01,12-07 19:00:00+01:00,Solar 05,0.0
2030,sc01,12-07 19:00:00+01:00,CT NG 54,0.0
2030,sc01,12-07 19:00:00+01:00,Wind N01,6.446535932200001
2030,sc01,12-07 19:00:00+01:00,CT NG 27,0.007122150000000001
2030,sc01,12-07 19:00:00+01:00,CC NG 36,0.0
2030,sc01,12-07 19:00:00+01:00,Wind N02,0.12602584526000002
2030,sc01,12-07 19:00:00+01:00,CT NG 52,0.0
2030,sc01,12-07 19:00:00+01:00,Solar 35,0.0
2030,sc01,12-07 19:00:00+01:00,CT NG 05,0.0
2030,sc01,12-07 19:00:00+01:00,Biomass 36,0.01001
2030,sc01,12-07 19:00:00+01:00,CT NG 34,0.6783
2030,sc01,12-07 19:00:00+01:00,CT Oil 03,0.0
2030,sc01,12-07 19:00:00+01:00,Hydro 35,0.0
2030,sc01,12-07 19:00:00+01:00,Solar 14,0.0
2030,sc01,12-07 19:00:00+01:00,CT NG 75,0.0
2030,sc01,12-07 19:00:00+01:00,ST NG 09,0.0
2030,sc01,12-07 19:00:00+01:00,CT NG 56,0.0
2030,sc01,12-07 19:00:00+01:00,Biomass 22,0.00259
2030,sc01,12-07 19:00:00+01:00,Solar 18,0.0
2030,sc01,12-07 19:00:00+01:00,Biomass 13,0.00245
2030,sc01,12-07 19:00:00+01:00,CT NG 71,0.0
2030,sc01,12-07 19:00:00+01:00,Solar 58,0.0
2030,sc01,12-07 19:00:00+01:00,Solar 06,0.0
2030,sc01,12-07 19:00:00+01:00,Biomass 08,0.0054600000000000004
2030,sc01,12-07 19:00:00+01:00,CT NG 72,0.0
2030,sc01,12-07 19:00:00+01:00,Hydro 18,0.009227925
2030,sc01,12-07 19:00:00+01:00,Solar 10,0.0
2030,sc01,12-07 19:00:00+01:00,CT NG 04,0.0
2030,sc01,12-07 19:00:00+01:00,ST Other 02,0.0
2030,sc01,12-07 19:00:00+01:00,CT NG 12,0.0
2030,sc01,12-07 19:00:00+01:00,CT NG 48,0.0
2030,sc01,12-07 19:00:00+01:00,ST NG 10,0.0
2030,sc01,12-07 19:00:00+01:00,Solar 22,0.0
2030,sc01,12-07 19:00:00+01:00,Solar 28,0.0
2030,sc01,12-07 19:00:00+01:00,CT NG 73,0.0
2030,sc01,12-07 19:00:00+01:00,Biomass 52,0.0112
2030,sc01,12-07 19:00:00+01:00,CT NG 30,0.0
2030,sc01,12-07 19:00:00+01:00,Solar 54,0.0
2030,sc01,12-07 19:00:00+01:00,Solar 31,0.0
2030,sc01,12-07 19:00:00+01:00,Biomass 03,0.00175
2030,sc01,12-07 19:00:00+01:00,CT NG 32,0.0108528
2030,sc01,12-07 19:00:00+01:00,Biomass 27,0.011829999999999999
2030,sc01,12-07 19:00:00+01:00,CC NG 14,1.1151927499999998
2030,sc01,12-07 19:00:00+01:00,CC NG 03,0.85952762
2030,sc01,12-07 19:00:00+01:00,CC NG 29,0.0
2030,sc01,12-07 19:00:00+01:00,CC NG 28,1.2285735
2030,sc01,12-07 19:00:00+01:00,CC NG 25,0.0
2030,sc01,12-07 19:00:00+01:00,CT NG 44,0.0
2030,sc01,12-07 19:00:00+01:00,CT NG 14,0.0
2030,sc01,12-07 19:00:00+01:00,CC NG 15,0.0
2030,sc01,12-07 19:00:00+01:00,CC NG 04,2.16608
2030,sc01,12-07 19:00:00+01:00,Biomass 29,0.011829999999999999
2030,sc01,12-07 19:00:00+01:00,Wind 14,0.017210033064
2030,sc01,12-07 19:00:00+01:00,Wind 08,0.0
2030,sc01,12-07 19:00:00+01:00,Biomass 61,0.00245
2030,sc01,12-07 19:00:00+01:00,CT NG 35,0.6783
2030,sc01,12-07 19:00:00+01:00,Solar 33,0.0
2030,sc01,12-07 19:00:00+01:00,CT NG 41,0.366282
2030,sc01,12-07 19:00:00+01:00,CT NG 15,0.0
2030,sc01,12-07 19:00:00+01:00,Solar 42,0.0
2030,sc01,12-07 19:00:00+01:00,Solar 07,0.0
2030,sc01,12-07 19:00:00+01:00,Solar 43,0.0
2030,sc01,12-07 19:00:00+01:00,Biomass 05,0.00322
2030,sc01,12-07 19:00:00+01:00,CT NG 29,0.004069799999999999
2030,sc01,12-07 19:00:00+01:00,Solar 71,0.0
2030,sc01,12-07 19:00:00+01:00,CT NG 53,0.0
2030,sc01,12-07 19:00:00+01:00,CT NG 20,0.0
2030,sc01,12-07 19:00:00+01:00,Biomass 14,0.005390000000000001
2030,sc01,12-07 19:00:00+01:00,Solar 26,0.0
2030,sc01,12-07 19:00:00+01:00,Hydro 29,7.734295800000001
2030,sc01,12-07 19:00:00+01:00,Hydro 31,0.0
2030,sc01,12-07 19:00:00+01:00,Biomass 24,0.00217
2030,sc01,12-07 19:00:00+01:00,Biomass 54,0.017430000000000005
2030,sc01,12-07 19:00:00+01:00,Solar 36,0.0
2030,sc01,12-07 19:00:00+01:00,Wind 03,0.07663025986
2030,sc01,12-07 19:00:00+01:00,Biomass 40,0.0056700000000000006
2030,sc01,12-07 19:00:00+01:00,Biomass 49,0.0021
2030,sc01,12-07 19:00:00+01:00,CC NG 16,6.3865515
2030,sc01,12-07 19:00:00+01:00,Biomass 48,0.0189
2030,sc01,12-07 19:00:00+01:00,Hydro 28,7.734295800000001
2030,sc01,12-07 19:00:00+01:00,Biomass 17,0.00147
2030,sc01,12-07 19:00:00+01:00,CT NG 33,0.0088179
2030,sc01,12-07 19:00:00+01:00,Solar 45,0.0
2030,sc01,12-07 19:00:00+01:00,Hydro 24,0.5163905599999999
2030,sc01,12-07 19:00:00+01:00,Wind 13,0.34609987104
2030,sc01,12-07 19:00:00+01:00,Biomass 07,0.014
2030,sc01,12-07 19:00:00+01:00,Biomass 34,0.01001
2030,sc01,12-07 19:00:00+01:00,Biomass 33,0.01001
2030,sc01,12-07 19:00:00+01:00,CT NG 01,0.0
2030,sc01,12-07 19:00:00+01:00,ICE NG 03,0.056977200000000006
2030,sc01,12-07 19:00:00+01:00,Solar 55,0.0
2030,sc01,12-07 19:00:00+01:00,Solar 11,0.0
2030,sc01,12-07 19:00:00+01:00,CT NG 06,0.0
2030,sc01,12-07 19:00:00+01:00,CT NG 70,0.0
2030,sc01,12-07 19:00:00+01:00,Solar 23,0.0
2030,sc01,12-07 19:00:00+01:00,CT NG 67,0.0
2030,sc01,12-07 19:00:00+01:00,Solar 12,0.0
2030,sc01,12-07 19:00:00+01:00,CT Oil 01,0.0
2030,sc01,12-07 19:00:00+01:00,Hydro 26,0.0773955
2030,sc01,12-07 19:00:00+01:00,CC NG 22,4.588028199999999
2030,sc01,12-07 19:00:00+01:00,CC NG 35,4.0275549999999996
2030,sc01,12-07 19:00:00+01:00,Biomass 50,0.0012599999999999998
2030,sc01,12-07 19:00:00+01:00,ICE NG 04,0.056977200000000006
2030,sc01,12-07 19:00:00+01:00,CC NG 39,1.671943
2030,sc01,12-07 19:00:00+01:00,Hydro 32,0.0009525600000000001
2030,sc01,12-07 19:00:00+01:00,ICE NG 07,0.056977200000000006
2030,sc01,12-07 19:00:00+01:00,Biomass 46,0.0042699999999999995
2030,sc01,12-07 19:00:00+01:00,CC NG 38,0.6647158000000001
2030,sc01,12-07 19:00:00+01:00,CC NG 12,0.0
2030,sc01,12-07 19:00:00+01:00,Solar 57,0.0
2030,sc01,12-07 19:00:00+01:00,CC NG 32,0.0
2030,sc01,12-07 19:00:00+01:00,CC NG 07,0.0
2030,sc01,12-07 19:00:00+01:00,Biomass 44,0.00819
2030,sc01,12-07 19:00:00+01:00,CT NG 40,0.0210273
2030,sc01,12-07 19:00:00+01:00,Solar 74,0.0
2030,sc01,12-07 19:00:00+01:00,Hydro 30,0.0
2030,sc01,12-07 19:00:00+01:00,CT NG 42,0.0
2030,sc01,12-07 19:00:00+01:00,Hydro 22,0.23338350000000002
2030,sc01,12-07 19:00:00+01:00,Solar 17,0.0
2030,sc01,12-07 19:00:00+01:00,Solar 38,0.0
2030,sc01,12-07 19:00:00+01:00,CT NG 24,0.6783
2030,sc01,12-07 19:00:00+01:00,CC NG 27,0.23353050000000003
2030,sc01,12-07 19:00:00+01:00,Biomass 21,0.00259
2030,sc01,12-07 19:00:00+01:00,ICE NG 06,0.056977200000000006
2030,sc01,12-07 19:00:00+01:00,Biomass 25,0.00217
2030,sc01,12-07 19:00:00+01:00,Solar 27,0.0
2030,sc01,12-07 19:00:00+01:00,CT NG 19,0.026453699999999993
2030,sc01,12-07 19:00:00+01:00,Biomass 42,0.00875
2030,sc01,12-07 19:00:00+01:00,Biomass 19,0.00259
2030,sc01,12-07 19:00:00+01:00,Biomass 06,0.00322
2030,sc01,12-07 19:00:00+01:00,CT NG 10,0.0
2030,sc01,12-07 19:00:00+01:00,CC NG 40,5.084195899999999
2030,sc01,12-07 19:00:00+01:00,CC NG 21,0.0
2030,sc01,12-07 19:00:00+01:00,Biomass 02,0.007350000000000001
2030,sc01,12-07 19:00:00+01:00,CT NG 46,0.16009597697805755
2030,sc01,12-07 19:00:00+01:00,Hydro 34,0.6219144400000001
2030,sc01,12-07 19:00:00+01:00,Biomass 10,0.0054600000000000004
2030,sc01,12-07 19:00:00+01:00,CT NG 17,0.04680270000000001
2030,sc01,12-07 19:00:00+01:00,Biomass 62,0.01449
2030,sc01,12-07 19:00:00+01:00,Biomass 32,0.0084
2030,sc01,12-07 19:00:00+01:00,CC NG 19,0.94766
2030,sc01,12-07 19:00:00+01:00,CC NG 17,1.0451336000000002
2030,sc01,12-07 19:00:00+01:00,ST NG 01,2.1728
2030,sc01,12-07 19:00:00+01:00,Biomass 45,0.00819
2030,sc01,12-07 19:00:00+01:00,Biomass 28,0.011829999999999999
2030,sc01,12-07 19:00:00+01:00,CC NG 10,0.0
2030,sc01,12-07 19:00:00+01:00,Biomass 23,0.00217
2030,sc01,12-07 19:00:00+01:00,ST NG 06,0.0
2030,sc01,12-07 19:00:00+01:00,Wind 10,0.0
2030,sc01,12-07 19:00:00+01:00,CT NG 69,0.0
2030,sc01,12-07 19:00:00+01:00,CT NG 68,0.0
2030,sc01,12-08 04:00:00+01:00,CC NG 13,0.0
2030,sc01,12-08 04:00:00+01:00,CT NG 37,0.0
2030,sc01,12-08 04:00:00+01:00,ST Coal 01,0.0
2030,sc01,12-08 04:00:00+01:00,CT NG 09,0.0
2030,sc01,12-08 04:00:00+01:00,CT NG 47,0.0
2030,sc01,12-08 04:00:00+01:00,Solar 69,0.0
2030,sc01,12-08 04:00:00+01:00,Solar 34,0.0
2030,sc01,12-08 04:00:00+01:00,Solar 73,0.0
2030,sc01,12-08 04:00:00+01:00,Biomass 37,0.016149999999999998
2030,sc01,12-08 04:00:00+01:00,Hydro 20,0.0
2030,sc01,12-08 04:00:00+01:00,Solar 01,0.0
2030,sc01,12-08 04:00:00+01:00,Solar 62,0.0
2030,sc01,12-08 04:00:00+01:00,Solar 02,0.0
2030,sc01,12-08 04:00:00+01:00,CT NG 26,0.0
2030,sc01,12-08 04:00:00+01:00,Biomass 20,0.007410000000000001
2030,sc01,12-08 04:00:00+01:00,Wind 16,0.006032563992
2030,sc01,12-08 04:00:00+01:00,CT NG 66,0.0
2030,sc01,12-08 04:00:00+01:00,Solar 39,0.0
2030,sc01,12-08 04:00:00+01:00,Biomass 41,0.02698
2030,sc01,12-08 04:00:00+01:00,Solar 72,0.0
2030,sc01,12-08 04:00:00+01:00,ST NG 03,0.0
2030,sc01,12-08 04:00:00+01:00,Hydro 21,6.639837592598738
2030,sc01,12-08 04:00:00+01:00,CT NG 03,0.0
2030,sc01,12-08 04:00:00+01:00,CC NG 09,0.0
2030,sc01,12-08 04:00:00+01:00,CT Oil 02,0.0
2030,sc01,12-08 04:00:00+01:00,CT NG 39,0.0
2030,sc01,12-08 04:00:00+01:00,CC NG 08,0.0
2030,sc01,12-08 04:00:00+01:00,Biomass 43,0.04883
2030,sc01,12-08 04:00:00+01:00,CT NG 18,0.07180289999999999
2030,sc01,12-08 04:00:00+01:00,ST NG 07,0.0
2030,sc01,12-08 04:00:00+01:00,Biomass 35,0.027360000000000002
2030,sc01,12-08 04:00:00+01:00,Solar 32,0.0
2030,sc01,12-08 04:00:00+01:00,Biomass 15,0.0041800000000000006
2030,sc01,12-08 04:00:00+01:00,CC NG 31,0.0
2030,sc01,12-08 04:00:00+01:00,Solar 16,0.0
2030,sc01,12-08 04:00:00+01:00,Solar 68,0.0
2030,sc01,12-08 04:00:00+01:00,CT NG 21,0.0
2030,sc01,12-08 04:00:00+01:00,Wind 11,0.5353373465800001
2030,sc01,12-08 04:00:00+01:00,CC NG 37,0.0
2030,sc01,12-08 04:00:00+01:00,CT NG 22,0.0
2030,sc01,12-08 04:00:00+01:00,Hydro 16,0.00400064
2030,sc01,12-08 04:00:00+01:00,Biomass 59,0.07866000000000001
2030,sc01,12-08 04:00:00+01:00,CC NG 01,0.0
2030,sc01,12-08 04:00:00+01:00,Biomass 16,0.0041800000000000006
2030,sc01,12-08 04:00:00+01:00,Solar 03,0.0
2030,sc01,12-08 04:00:00+01:00,Solar 44,0.0
2030,sc01,12-08 04:00:00+01:00,CT NG 08,0.0
2030,sc01,12-08 04:00:00+01:00,Wind 05,0.0
2030,sc01,12-08 04:00:00+01:00,Biomass 26,0.03249
2030,sc01,12-08 04:00:00+01:00,Solar 37,0.0
2030,sc01,12-08 04:00:00+01:00,Biomass 11,0.0062699999999999995
2030,sc01,12-08 04:00:00+01:00,Solar 59,0.0
2030,sc01,12-08 04:00:00+01:00,CT NG 11,0.0
2030,sc01,12-08 04:00:00+01:00,Biomass 30,0.03249
2030,sc01,12-08 04:00:00+01:00,Hydro 23,13.9688703
2030,sc01,12-08 04:00:00+01:00,CC NG 24,0.0
2030,sc01,12-08 04:00:00+01:00,Solar 65,0.0
2030,sc01,12-08 04:00:00+01:00,CC NG 18,0.0
2030,sc01,12-08 04:00:00+01:00,CT NG 16,0.0
2030,sc01,12-08 04:00:00+01:00,Solar 51,0.0
2030,sc01,12-08 04:00:00+01:00,Wind 06,0.48229759524000004
2030,sc01,12-08 04:00:00+01:00,CC NG 26,0.0
2030,sc01,12-08 04:00:00+01:00,CC NG 23,0.0
2030,sc01,12-08 04:00:00+01:00,CT NG 43,0.0
2030,sc01,12-08 04:00:00+01:00,CC NG 11,0.0
2030,sc01,12-08 04:00:00+01:00,CT NG 02,0.0
2030,sc01,12-08 04:00:00+01:00,CT NG 50,0.0
2030,sc01,12-08 04:00:00+01:00,Hydro 27,0.1950312
2030,sc01,12-08 04:00:00+01:00,CT NG 13,0.0
2030,sc01,12-08 04:00:00+01:00,CT NG 25,0.0
2030,sc01,12-08 04:00:00+01:00,CC NG 05,0.0
2030,sc01,12-08 04:00:00+01:00,Solar 04,0.0
2030,sc01,12-08 04:00:00+01:00,Solar 30,0.0
2030,sc01,12-08 04:00:00+01:00,Solar 29,0.0
2030,sc01,12-08 04:00:00+01:00,Solar 53,0.0
2030,sc01,12-08 04:00:00+01:00,Solar 21,0.0
2030,sc01,12-08 04:00:00+01:00,Biomass 58,0.04142
2030,sc01,12-08 04:00:00+01:00,CT NG 74,0.0
2030,sc01,12-08 04:00:00+01:00,Solar 61,0.0
2030,sc01,12-08 04:00:00+01:00,Wind 07,0.5404519961
2030,sc01,12-08 04:00:00+01:00,Biomass 31,0.03249
2030,sc01,12-08 04:00:00+01:00,CT Oil 05,0.0
2030,sc01,12-08 04:00:00+01:00,Biomass 38,0.016149999999999998
2030,sc01,12-08 04:00:00+01:00,Solar 41,0.0
2030,sc01,12-08 04:00:00+01:00,Biomass 51,0.0036100000000000004
2030,sc01,12-08 04:00:00+01:00,Biomass 55,0.04997
2030,sc01,12-08 04:00:00+01:00,Wind 15,0.09142213736
2030,sc01,12-08 04:00:00+01:00,Geo 01,0.0
2030,sc01,12-08 04:00:00+01:00,Biomass 60,0.051300000000000005
2030,sc01,12-08 04:00:00+01:00,CT NG 38,0.0
2030,sc01,12-08 04:00:00+01:00,Solar 66,0.0
2030,sc01,12-08 04:00:00+01:00,Solar 49,0.0
2030,sc01,12-08 04:00:00+01:00,CT NG 51,0.0
2030,sc01,12-08 04:00:00+01:00,Biomass 18,0.0041800000000000006
2030,sc01,12-08 04:00:00+01:00,ICE NG 01,0.0
2030,sc01,12-08 04:00:00+01:00,Solar 15,0.0
2030,sc01,12-08 04:00:00+01:00,ICE NG 05,0.0
2030,sc01,12-08 04:00:00+01:00,CT Oil 04,0.0
2030,sc01,12-08 04:00:00+01:00,CC NG 20,0.0
2030,sc01,12-08 04:00:00+01:00,Solar 20,0.0
2030,sc01,12-08 04:00:00+01:00,Biomass 04,0.004940000000000001
2030,sc01,12-08 04:00:00+01:00,Wind 02,0.90162109021
2030,sc01,12-08 04:00:00+01:00,Hydro 25,0.1476191711851021
2030,sc01,12-08 04:00:00+01:00,Solar 75,0.0
2030,sc01,12-08 04:00:00+01:00,Hydro 33,20.924055900000003
2030,sc01,12-08 04:00:00+01:00,ST NG 05,0.0
2030,sc01,12-08 04:00:00+01:00,CT NG 07,0.0
2030,sc01,12-08 04:00:00+01:00,Wind 01,0.35861867813
2030,sc01,12-08 04:00:00+01:00,Solar 56,0.0
2030,sc01,12-08 04:00:00+01:00,Biomass 09,0.01558
2030,sc01,12-08 04:00:00+01:00,Biomass 53,0.04997
2030,sc01,12-08 04:00:00+01:00,Wind 17,0.31360613286
2030,sc01,12-08 04:00:00+01:00,ST NG 08,0.0
2030,sc01,12-08 04:00:00+01:00,Hydro 19,0.06479
2030,sc01,12-08 04:00:00+01:00,ST NG 02,0.0
2030,sc01,12-08 04:00:00+01:00,Biomass 01,0.02109
2030,sc01,12-08 04:00:00+01:00,Biomass 57,0.04142
2030,sc01,12-08 04:00:00+01:00,CT NG 49,0.0
2030,sc01,12-08 04:00:00+01:00,CT NG 31,0.0
2030,sc01,12-08 04:00:00+01:00,Solar 64,0.0
2030,sc01,12-08 04:00:00+01:00,CC NG 33,0.0
2030,sc01,12-08 04:00:00+01:00,Solar 46,0.0
2030,sc01,12-08 04:00:00+01:00,Biomass 12,0.0062699999999999995
2030,sc01,12-08 04:00:00+01:00,Wind 04,0.33613731478
2030,sc01,12-08 04:00:00+01:00,Solar 13,0.0
2030,sc01,12-08 04:00:00+01:00,CT NG 55,0.0
2030,sc01,12-08 04:00:00+01:00,Wind N03,12.061774337700001
2030,sc01,12-08 04:00:00+01:00,CT NG 28,0.0
2030,sc01,12-08 04:00:00+01:00,Wind 09,0.0071889938240000005
2030,sc01,12-08 04:00:00+01:00,Solar 60,0.0
2030,sc01,12-08 04:00:00+01:00,Solar 25,0.0
2030,sc01,12-08 04:00:00+01:00,CT NG 23,0.0
2030,sc01,12-08 04:00:00+01:00,ST Other 01,0.0
2030,sc01,12-08 04:00:00+01:00,Solar 70,0.0
2030,sc01,12-08 04:00:00+01:00,CC NG 34,3.30540562952594
2030,sc01,12-08 04:00:00+01:00,Solar 48,0.0
2030,sc01,12-08 04:00:00+01:00,Biomass 56,0.049780000000000005
2030,sc01,12-08 04:00:00+01:00,CT NG 36,0.0
2030,sc01,12-08 04:00:00+01:00,Solar 47,0.0
2030,sc01,12-08 04:00:00+01:00,Hydro 17,0.0067510800000000004
2030,sc01,12-08 04:00:00+01:00,Solar 09,0.0
2030,sc01,12-08 04:00:00+01:00,Solar 08,0.0
2030,sc01,12-08 04:00:00+01:00,CT NG 45,0.0
2030,sc01,12-08 04:00:00+01:00,ST NG 04,0.0
2030,sc01,12-08 04:00:00+01:00,Solar 40,0.0
2030,sc01,12-08 04:00:00+01:00,Biomass 47,0.04997
2030,sc01,12-08 04:00:00+01:00,Solar 50,0.0
2030,sc01,12-08 04:00:00+01:00,Solar 52,0.0
2030,sc01,12-08 04:00:00+01:00,Solar 63,0.0
2030,sc01,12-08 04:00:00+01:00,CC NG 06,0.0
2030,sc01,12-08 04:00:00+01:00,Biomass 39,0.016149999999999998
2030,sc01,12-08 04:00:00+01:00,Solar 67,0.0
2030,sc01,12-08 04:00:00+01:00,Solar 19,0.0
2030,sc01,12-08 04:00:00+01:00,Wind 12,1.9337437226
2030,sc01,12-08 04:00:00+01:00,Solar 24,0.0
2030,sc01,12-08 04:00:00+01:00,ICE NG 02,0.0
2030,sc01,12-08 04:00:00+01:00,Solar 05,0.0
2030,sc01,12-08 04:00:00+01:00,CT NG 54,0.0
2030,sc01,12-08 04:00:00+01:00,Wind N01,18.3457737714
2030,sc01,12-08 04:00:00+01:00,CT NG 27,0.0
2030,sc01,12-08 04:00:00+01:00,CC NG 36,0.0
2030,sc01,12-08 04:00:00+01:00,Wind N02,0.0
2030,sc01,12-08 04:00:00+01:00,CT NG 52,0.0
2030,sc01,12-08 04:00:00+01:00,Solar 35,0.0
2030,sc01,12-08 04:00:00+01:00,CT NG 05,0.0
2030,sc01,12-08 04:00:00+01:00,Biomass 36,0.027360000000000002
2030,sc01,12-08 04:00:00+01:00,CT NG 34,0.0
2030,sc01,12-08 04:00:00+01:00,CT Oil 03,0.0
2030,sc01,12-08 04:00:00+01:00,Hydro 35,0.0
2030,sc01,12-08 04:00:00+01:00,Solar 14,0.0
2030,sc01,12-08 04:00:00+01:00,CT NG 75,0.0
2030,sc01,12-08 04:00:00+01:00,ST NG 09,0.0
2030,sc01,12-08 04:00:00+01:00,CT NG 56,0.0
2030,sc01,12-08 04:00:00+01:00,Biomass 22,0.007410000000000001
2030,sc01,12-08 04:00:00+01:00,Solar 18,0.0
2030,sc01,12-08 04:00:00+01:00,Biomass 13,0.0062699999999999995
2030,sc01,12-08 04:00:00+01:00,CT NG 71,0.0
2030,sc01,12-08 04:00:00+01:00,Solar 58,0.0
2030,sc01,12-08 04:00:00+01:00,Solar 06,0.0
2030,sc01,12-08 04:00:00+01:00,Biomass 08,0.01558
2030,sc01,12-08 04:00:00+01:00,CT NG 72,0.0
2030,sc01,12-08 04:00:00+01:00,Hydro 18,0.023253720000000002
2030,sc01,12-08 04:00:00+01:00,Solar 10,0.0
2030,sc01,12-08 04:00:00+01:00,CT NG 04,0.0
2030,sc01,12-08 04:00:00+01:00,ST Other 02,0.0
2030,sc01,12-08 04:00:00+01:00,CT NG 12,0.0
2030,sc01,12-08 04:00:00+01:00,CT NG 48,0.0
2030,sc01,12-08 04:00:00+01:00,ST NG 10,0.0
2030,sc01,12-08 04:00:00+01:00,Solar 22,0.0
2030,sc01,12-08 04:00:00+01:00,Solar 28,0.0
2030,sc01,12-08 04:00:00+01:00,CT NG 73,0.0
2030,sc01,12-08 04:00:00+01:00,Biomass 52,0.03021
2030,sc01,12-08 04:00:00+01:00,CT NG 30,0.0
2030,sc01,12-08 04:00:00+01:00,Solar 54,0.0
2030,sc01,12-08 04:00:00+01:00,Solar 31,0.0
2030,sc01,12-08 04:00:00+01:00,Biomass 03,0.004940000000000001
2030,sc01,12-08 04:00:00+01:00,CT NG 32,0.0
2030,sc01,12-08 04:00:00+01:00,Biomass 27,0.03249
2030,sc01,12-08 04:00:00+01:00,CC NG 14,0.0
2030,sc01,12-08 04:00:00+01:00,CC NG 03,0.0
2030,sc01,12-08 04:00:00+01:00,CC NG 29,0.0
2030,sc01,12-08 04:00:00+01:00,CC NG 28,0.0
2030,sc01,12-08 04:00:00+01:00,CC NG 25,0.0
2030,sc01,12-08 04:00:00+01:00,CT NG 44,0.0
2030,sc01,12-08 04:00:00+01:00,CT NG 14,0.0
2030,sc01,12-08 04:00:00+01:00,CC NG 15,0.0
2030,sc01,12-08 04:00:00+01:00,CC NG 04,0.0
2030,sc01,12-08 04:00:00+01:00,Biomass 29,0.03249
2030,sc01,12-08 04:00:00+01:00,Wind 14,0.061808769736000004
2030,sc01,12-08 04:00:00+01:00,Wind 08,0.014452133247999998
2030,sc01,12-08 04:00:00+01:00,Biomass 61,0.00665
2030,sc01,12-08 04:00:00+01:00,CT NG 35,0.0
2030,sc01,12-08 04:00:00+01:00,Solar 33,0.0
2030,sc01,12-08 04:00:00+01:00,CT NG 41,0.0
2030,sc01,12-08 04:00:00+01:00,CT NG 15,0.0
2030,sc01,12-08 04:00:00+01:00,Solar 42,0.0
2030,sc01,12-08 04:00:00+01:00,Solar 07,0.0
2030,sc01,12-08 04:00:00+01:00,Solar 43,0.0
2030,sc01,12-08 04:00:00+01:00,Biomass 05,0.00912
2030,sc01,12-08 04:00:00+01:00,CT NG 29,0.0
2030,sc01,12-08 04:00:00+01:00,Solar 71,0.0
2030,sc01,12-08 04:00:00+01:00,CT NG 53,0.0
2030,sc01,12-08 04:00:00+01:00,CT NG 20,0.0
2030,sc01,12-08 04:00:00+01:00,Biomass 14,0.01406
2030,sc01,12-08 04:00:00+01:00,Solar 26,0.0
2030,sc01,12-08 04:00:00+01:00,Hydro 29,20.9930886
2030,sc01,12-08 04:00:00+01:00,Hydro 31,0.0
2030,sc01,12-08 04:00:00+01:00,Biomass 24,0.005320000000000001
2030,sc01,12-08 04:00:00+01:00,Biomass 54,0.04997
2030,sc01,12-08 04:00:00+01:00,Solar 36,0.0
2030,sc01,12-08 04:00:00+01:00,Wind 03,0.72347296835
2030,sc01,12-08 04:00:00+01:00,Biomass 40,0.016149999999999998
2030,sc01,12-08 04:00:00+01:00,Biomass 49,0.005699999999999999
2030,sc01,12-08 04:00:00+01:00,CC NG 16,5.329398342050087
2030,sc01,12-08 04:00:00+01:00,Biomass 48,0.04997
2030,sc01,12-08 04:00:00+01:00,Hydro 28,20.9930886
2030,sc01,12-08 04:00:00+01:00,Biomass 17,0.0041800000000000006
2030,sc01,12-08 04:00:00+01:00,CT NG 33,0.0
2030,sc01,12-08 04:00:00+01:00,Solar 45,0.0
2030,sc01,12-08 04:00:00+01:00,Hydro 24,13.9688703
2030,sc01,12-08 04:00:00+01:00,Wind 13,0.9512031009
2030,sc01,12-08 04:00:00+01:00,Biomass 07,0.038
2030,sc01,12-08 04:00:00+01:00,Biomass 34,0.027360000000000002
2030,sc01,12-08 04:00:00+01:00,Biomass 33,0.027360000000000002
2030,sc01,12-08 04:00:00+01:00,CT NG 01,0.0
2030,sc01,12-08 04:00:00+01:00,ICE NG 03,0.0
2030,sc01,12-08 04:00:00+01:00,Solar 55,0.0
2030,sc01,12-08 04:00:00+01:00,Solar 11,0.0
2030,sc01,12-08 04:00:00+01:00,CT NG 06,0.0
2030,sc01,12-08 04:00:00+01:00,CT NG 70,0.0
2030,sc01,12-08 04:00:00+01:00,Solar 23,0.0
2030,sc01,12-08 04:00:00+01:00,CT NG 67,0.0
2030,sc01,12-08 04:00:00+01:00,Solar 12,0.0
2030,sc01,12-08 04:00:00+01:00,CT Oil 01,0.0
2030,sc01,12-08 04:00:00+01:00,Hydro 26,0.1950312
2030,sc01,12-08 04:00:00+01:00,CC NG 22,0.0
2030,sc01,12-08 04:00:00+01:00,CC NG 35,0.0
2030,sc01,12-08 04:00:00+01:00,Biomass 50,0.0036100000000000004
2030,sc01,12-08 04:00:00+01:00,ICE NG 04,0.0
2030,sc01,12-08 04:00:00+01:00,CC NG 39,0.0
2030,sc01,12-08 04:00:00+01:00,Hydro 32,0.002400384
2030,sc01,12-08 04:00:00+01:00,ICE NG 07,0.0
2030,sc01,12-08 04:00:00+01:00,Biomass 46,0.012350000000000002
2030,sc01,12-08 04:00:00+01:00,CC NG 38,0.0
2030,sc01,12-08 04:00:00+01:00,CC NG 12,0.0
2030,sc01,12-08 04:00:00+01:00,Solar 57,0.0
2030,sc01,12-08 04:00:00+01:00,CC NG 32,0.0
2030,sc01,12-08 04:00:00+01:00,CC NG 07,0.0
2030,sc01,12-08 04:00:00+01:00,Biomass 44,0.02375
2030,sc01,12-08 04:00:00+01:00,CT NG 40,0.0
2030,sc01,12-08 04:00:00+01:00,Solar 74,0.0
2030,sc01,12-08 04:00:00+01:00,Hydro 30,0.0
2030,sc01,12-08 04:00:00+01:00,CT NG 42,0.0
2030,sc01,12-08 04:00:00+01:00,Hydro 22,0.0
2030,sc01,12-08 04:00:00+01:00,Solar 17,0.0
2030,sc01,12-08 04:00:00+01:00,Solar 38,0.0
2030,sc01,12-08 04:00:00+01:00,CT NG 24,0.0
2030,sc01,12-08 04:00:00+01:00,CC NG 27,0.0
2030,sc01,12-08 04:00:00+01:00,Biomass 21,0.007410000000000001
2030,sc01,12-08 04:00:00+01:00,ICE NG 06,0.0
2030,sc01,12-08 04:00:00+01:00,Biomass 25,0.005320000000000001
2030,sc01,12-08 04:00:00+01:00,Solar 27,0.0
2030,sc01,12-08 04:00:00+01:00,CT NG 19,0.0
2030,sc01,12-08 04:00:00+01:00,Biomass 42,0.02698
2030,sc01,12-08 04:00:00+01:00,Biomass 19,0.007410000000000001
2030,sc01,12-08 04:00:00+01:00,Biomass 06,0.00912
2030,sc01,12-08 04:00:00+01:00,CT NG 10,0.0
2030,sc01,12-08 04:00:00+01:00,CC NG 40,0.0
2030,sc01,12-08 04:00:00+01:00,CC NG 21,0.0
2030,sc01,12-08 04:00:00+01:00,Biomass 02,0.02109
2030,sc01,12-08 04:00:00+01:00,CT NG 46,0.0
2030,sc01,12-08 04:00:00+01:00,Hydro 34,20.924055900000003
2030,sc01,12-08 04:00:00+01:00,Biomass 10,0.01558
2030,sc01,12-08 04:00:00+01:00,CT NG 17,0.0
2030,sc01,12-08 04:00:00+01:00,Biomass 62,0.03781
2030,sc01,12-08 04:00:00+01:00,Biomass 32,0.02337
2030,sc01,12-08 04:00:00+01:00,CC NG 19,2.57222
2030,sc01,12-08 04:00:00+01:00,CC NG 17,0.0
2030,sc01,12-08 04:00:00+01:00,ST NG 01,0.0
2030,sc01,12-08 04:00:00+01:00,Biomass 45,0.02375
2030,sc01,12-08 04:00:00+01:00,Biomass 28,0.03249
2030,sc01,12-08 04:00:00+01:00,CC NG 10,0.0
2030,sc01,12-08 04:00:00+01:00,Biomass 23,0.005320000000000001
2030,sc01,12-08 04:00:00+01:00,ST NG 06,0.0
2030,sc01,12-08 04:00:00+01:00,Wind 10,0.011536527159999999
2030,sc01,12-08 04:00:00+01:00,CT NG 69,0.0
2030,sc01,12-08 04:00:00+01:00,CT NG 68,0.0
2030,sc01,12-08 10:00:00+01:00,CC NG 13,0.0
2030,sc01,12-08 10:00:00+01:00,CT NG 37,0.0
2030,sc01,12-08 10:00:00+01:00,ST Coal 01,0.0
2030,sc01,12-08 10:00:00+01:00,CT NG 09,0.0
2030,sc01,12-08 10:00:00+01:00,CT NG 47,0.0
2030,sc01,12-08 10:00:00+01:00,Solar 69,15.550451747099999
2030,sc01,12-08 10:00:00+01:00,Solar 34,0.0
2030,sc01,12-08 10:00:00+01:00,Solar 73,4.0671135497
2030,sc01,12-08 10:00:00+01:00,Biomass 37,0.0
2030,sc01,12-08 10:00:00+01:00,Hydro 20,0.40122603000000007
2030,sc01,12-08 10:00:00+01:00,Solar 01,10.071040500299999
2030,sc01,12-08 10:00:00+01:00,Solar 62,13.9011806662
2030,sc01,12-08 10:00:00+01:00,Solar 02,5.6054300293
2030,sc01,12-08 10:00:00+01:00,CT NG 26,0.0
2030,sc01,12-08 10:00:00+01:00,Biomass 20,0.00897
2030,sc01,12-08 10:00:00+01:00,Wind 16,0.0
2030,sc01,12-08 10:00:00+01:00,CT NG 66,0.0
2030,sc01,12-08 10:00:00+01:00,Solar 39,0.0
2030,sc01,12-08 10:00:00+01:00,Biomass 41,0.0
2030,sc01,12-08 10:00:00+01:00,Solar 72,0.0
2030,sc01,12-08 10:00:00+01:00,ST NG 03,0.0
2030,sc01,12-08 10:00:00+01:00,Hydro 21,0.40122603000000007
2030,sc01,12-08 10:00:00+01:00,CT NG 03,0.0
2030,sc01,12-08 10:00:00+01:00,CC NG 09,0.0
2030,sc01,12-08 10:00:00+01:00,CT Oil 02,0.0
2030,sc01,12-08 10:00:00+01:00,CT NG 39,0.0
2030,sc01,12-08 10:00:00+01:00,CC NG 08,0.0
2030,sc01,12-08 10:00:00+01:00,Biomass 43,0.0
2030,sc01,12-08 10:00:00+01:00,CT NG 18,0.0
2030,sc01,12-08 10:00:00+01:00,ST NG 07,0.0
2030,sc01,12-08 10:00:00+01:00,Biomass 35,0.0
2030,sc01,12-08 10:00:00+01:00,Solar 32,0.0
2030,sc01,12-08 10:00:00+01:00,Biomass 15,0.00506
2030,sc01,12-08 10:00:00+01:00,CC NG 31,0.0
2030,sc01,12-08 10:00:00+01:00,Solar 16,0.72600233608
2030,sc01,12-08 10:00:00+01:00,Solar 68,13.6318483202
2030,sc01,12-08 10:00:00+01:00,CT NG 21,0.0
2030,sc01,12-08 10:00:00+01:00,Wind 11,0.151035601992
2030,sc01,12-08 10:00:00+01:00,CC NG 37,14.145276
2030,sc01,12-08 10:00:00+01:00,CT NG 22,0.0
2030,sc01,12-08 10:00:00+01:00,Hydro 16,0.00468832
2030,sc01,12-08 10:00:00+01:00,Biomass 59,0.09522000000000001
2030,sc01,12-08 10:00:00+01:00,CC NG 01,0.0
2030,sc01,12-08 10:00:00+01:00,Biomass 16,0.00506
2030,sc01,12-08 10:00:00+01:00,Solar 03,3.4364465922000003
2030,sc01,12-08 10:00:00+01:00,Solar 44,0.0
2030,sc01,12-08 10:00:00+01:00,CT NG 08,0.0
2030,sc01,12-08 10:00:00+01:00,Wind 05,0.0
2030,sc01,12-08 10:00:00+01:00,Biomass 26,0.03933
2030,sc01,12-08 10:00:00+01:00,Solar 37,0.0
2030,sc01,12-08 10:00:00+01:00,Biomass 11,0.0075899999999999995
2030,sc01,12-08 10:00:00+01:00,Solar 59,0.4391153960993245
2030,sc01,12-08 10:00:00+01:00,CT NG 11,0.0
2030,sc01,12-08 10:00:00+01:00,Biomass 30,0.03933
2030,sc01,12-08 10:00:00+01:00,Hydro 23,0.98361248
2030,sc01,12-08 10:00:00+01:00,CC NG 24,0.0
2030,sc01,12-08 10:00:00+01:00,Solar 65,7.931906125100001
2030,sc01,12-08 10:00:00+01:00,CC NG 18,12.486985270669392
2030,sc01,12-08 10:00:00+01:00,CT NG 16,0.0
2030,sc01,12-08 10:00:00+01:00,Solar 51,0.0
2030,sc01,12-08 10:00:00+01:00,Wind 06,0.152568400744
2030,sc01,12-08 10:00:00+01:00,CC NG 26,0.0
2030,sc01,12-08 10:00:00+01:00,CC NG 23,0.0
2030,sc01,12-08 10:00:00+01:00,CT NG 43,0.0
2030,sc01,12-08 10:00:00+01:00,CC NG 11,0.0
2030,sc01,12-08 10:00:00+01:00,CT NG 02,0.0
2030,sc01,12-08 10:00:00+01:00,CT NG 50,0.0
2030,sc01,12-08 10:00:00+01:00,Hydro 27,0.2285556
2030,sc01,12-08 10:00:00+01:00,CT NG 13,0.0
2030,sc01,12-08 10:00:00+01:00,CT NG 25,0.0
2030,sc01,12-08 10:00:00+01:00,CC NG 05,0.0
2030,sc01,12-08 10:00:00+01:00,Solar 04,0.46782037329000004
2030,sc01,12-08 10:00:00+01:00,Solar 30,0.70009239494
2030,sc01,12-08 10:00:00+01:00,Solar 29,1.06046858885
2030,sc01,12-08 10:00:00+01:00,Solar 53,0.0
2030,sc01,12-08 10:00:00+01:00,Solar 21,1.77508803656
2030,sc01,12-08 10:00:00+01:00,Biomass 58,0.050140000000000004
2030,sc01,12-08 10:00:00+01:00,CT NG 74,0.0
2030,sc01,12-08 10:00:00+01:00,Solar 61,0.0
2030,sc01,12-08 10:00:00+01:00,Wind 07,0.192646474272
2030,sc01,12-08 10:00:00+01:00,Biomass 31,0.03933
2030,sc01,12-08 10:00:00+01:00,CT Oil 05,0.0
2030,sc01,12-08 10:00:00+01:00,Biomass 38,0.0
2030,sc01,12-08 10:00:00+01:00,Solar 41,0.0
2030,sc01,12-08 10:00:00+01:00,Biomass 51,0.0
2030,sc01,12-08 10:00:00+01:00,Biomass 55,0.06049
2030,sc01,12-08 10:00:00+01:00,Wind 15,0.221129550808
2030,sc01,12-08 10:00:00+01:00,Geo 01,0.368
2030,sc01,12-08 10:00:00+01:00,Biomass 60,0.0621
2030,sc01,12-08 10:00:00+01:00,CT NG 38,0.0
2030,sc01,12-08 10:00:00+01:00,Solar 66,14.555806177163417
2030,sc01,12-08 10:00:00+01:00,Solar 49,0.0
2030,sc01,12-08 10:00:00+01:00,CT NG 51,0.0
2030,sc01,12-08 10:00:00+01:00,Biomass 18,0.00506
2030,sc01,12-08 10:00:00+01:00,ICE NG 01,0.0
2030,sc01,12-08 10:00:00+01:00,Solar 15,1.01515676081
2030,sc01,12-08 10:00:00+01:00,ICE NG 05,0.0
2030,sc01,12-08 10:00:00+01:00,CT Oil 04,0.0
2030,sc01,12-08 10:00:00+01:00,CC NG 20,0.0
2030,sc01,12-08 10:00:00+01:00,Solar 20,0.99894450126
2030,sc01,12-08 10:00:00+01:00,Biomass 04,0.0
2030,sc01,12-08 10:00:00+01:00,Wind 02,0.154904510376
2030,sc01,12-08 10:00:00+01:00,Hydro 25,0.2285556
2030,sc01,12-08 10:00:00+01:00,Solar 75,5.2287689446000005
2030,sc01,12-08 10:00:00+01:00,Hydro 33,0.80357998
2030,sc01,12-08 10:00:00+01:00,ST NG 05,0.0
2030,sc01,12-08 10:00:00+01:00,CT NG 07,0.0
2030,sc01,12-08 10:00:00+01:00,Wind 01,0.133502292224
2030,sc01,12-08 10:00:00+01:00,Solar 56,0.0
2030,sc01,12-08 10:00:00+01:00,Biomass 09,0.01886
2030,sc01,12-08 10:00:00+01:00,Biomass 53,0.06049
2030,sc01,12-08 10:00:00+01:00,Wind 17,0.142587172808
2030,sc01,12-08 10:00:00+01:00,ST NG 08,0.0
2030,sc01,12-08 10:00:00+01:00,Hydro 19,0.08677900000000001
2030,sc01,12-08 10:00:00+01:00,ST NG 02,0.0
2030,sc01,12-08 10:00:00+01:00,Biomass 01,0.02553
2030,sc01,12-08 10:00:00+01:00,Biomass 57,0.050140000000000004
2030,sc01,12-08 10:00:00+01:00,CT NG 49,0.0
2030,sc01,12-08 10:00:00+01:00,CT NG 31,0.0
2030,sc01,12-08 10:00:00+01:00,Solar 64,3.8640000000000003
2030,sc01,12-08 10:00:00+01:00,CC NG 33,0.0
2030,sc01,12-08 10:00:00+01:00,Solar 46,0.0
2030,sc01,12-08 10:00:00+01:00,Biomass 12,0.0075899999999999995
2030,sc01,12-08 10:00:00+01:00,Wind 04,0.65021259187
2030,sc01,12-08 10:00:00+01:00,Solar 13,0.025484118312000002
2030,sc01,12-08 10:00:00+01:00,CT NG 55,0.0
2030,sc01,12-08 10:00:00+01:00,Wind N03,5.4841220309
2030,sc01,12-08 10:00:00+01:00,CT NG 28,0.0
2030,sc01,12-08 10:00:00+01:00,Wind 09,0.009065068936
2030,sc01,12-08 10:00:00+01:00,Solar 60,0.0
2030,sc01,12-08 10:00:00+01:00,Solar 25,0.18687951168
2030,sc01,12-08 10:00:00+01:00,CT NG 23,0.0
2030,sc01,12-08 10:00:00+01:00,ST Other 01,0.0
2030,sc01,12-08 10:00:00+01:00,Solar 70,21.6584108648
2030,sc01,12-08 10:00:00+01:00,CC NG 34,0.0
2030,sc01,12-08 10:00:00+01:00,Solar 48,0.0
2030,sc01,12-08 10:00:00+01:00,Biomass 56,0.06026000000000001
2030,sc01,12-08 10:00:00+01:00,CT NG 36,0.0
2030,sc01,12-08 10:00:00+01:00,Solar 47,0.0
2030,sc01,12-08 10:00:00+01:00,Hydro 17,0.0
2030,sc01,12-08 10:00:00+01:00,Solar 09,0.0
2030,sc01,12-08 10:00:00+01:00,Solar 08,0.0
2030,sc01,12-08 10:00:00+01:00,CT NG 45,0.0
2030,sc01,12-08 10:00:00+01:00,ST NG 04,0.0
2030,sc01,12-08 10:00:00+01:00,Solar 40,0.0
2030,sc01,12-08 10:00:00+01:00,Biomass 47,0.0
2030,sc01,12-08 10:00:00+01:00,Solar 50,0.0
2030,sc01,12-08 10:00:00+01:00,Solar 52,0.0
2030,sc01,12-08 10:00:00+01:00,Solar 63,8.8928692746
2030,sc01,12-08 10:00:00+01:00,CC NG 06,0.0
2030,sc01,12-08 10:00:00+01:00,Biomass 39,0.0
2030,sc01,12-08 10:00:00+01:00,Solar 67,5.9280836778
2030,sc01,12-08 10:00:00+01:00,Solar 19,0.009638208144
2030,sc01,12-08 10:00:00+01:00,Wind 12,0.7958601569600001
2030,sc01,12-08 10:00:00+01:00,Solar 24,0.13938442133600001
2030,sc01,12-08 10:00:00+01:00,ICE NG 02,0.0
2030,sc01,12-08 10:00:00+01:00,Solar 05,0.0
2030,sc01,12-08 10:00:00+01:00,CT NG 54,0.0
2030,sc01,12-08 10:00:00+01:00,Wind N01,7.5504681566
2030,sc01,12-08 10:00:00+01:00,CT NG 27,0.0
2030,sc01,12-08 10:00:00+01:00,CC NG 36,0.0
2030,sc01,12-08 10:00:00+01:00,Wind N02,0.41121234411
2030,sc01,12-08 10:00:00+01:00,CT NG 52,0.0
2030,sc01,12-08 10:00:00+01:00,Solar 35,0.0
2030,sc01,12-08 10:00:00+01:00,CT NG 05,0.0
2030,sc01,12-08 10:00:00+01:00,Biomass 36,0.0
2030,sc01,12-08 10:00:00+01:00,CT NG 34,0.0
2030,sc01,12-08 10:00:00+01:00,CT Oil 03,0.0
2030,sc01,12-08 10:00:00+01:00,Hydro 35,0.0
2030,sc01,12-08 10:00:00+01:00,Solar 14,1.12862572855
2030,sc01,12-08 10:00:00+01:00,CT NG 75,0.0
2030,sc01,12-08 10:00:00+01:00,ST NG 09,0.0
2030,sc01,12-08 10:00:00+01:00,CT NG 56,0.0
2030,sc01,12-08 10:00:00+01:00,Biomass 22,0.00897
2030,sc01,12-08 10:00:00+01:00,Solar 18,1.1904327028000001
2030,sc01,12-08 10:00:00+01:00,Biomass 13,0.0075899999999999995
2030,sc01,12-08 10:00:00+01:00,CT NG 71,0.0
2030,sc01,12-08 10:00:00+01:00,Solar 58,0.0
2030,sc01,12-08 10:00:00+01:00,Solar 06,0.0
2030,sc01,12-08 10:00:00+01:00,Biomass 08,0.01886
2030,sc01,12-08 10:00:00+01:00,CT NG 72,0.0
2030,sc01,12-08 10:00:00+01:00,Hydro 18,0.0
2030,sc01,12-08 10:00:00+01:00,Solar 10,0.9622203060400001
2030,sc01,12-08 10:00:00+01:00,CT NG 04,0.0
2030,sc01,12-08 10:00:00+01:00,ST Other 02,0.0
2030,sc01,12-08 10:00:00+01:00,CT NG 12,0.0
2030,sc01,12-08 10:00:00+01:00,CT NG 48,0.0
2030,sc01,12-08 10:00:00+01:00,ST NG 10,0.0
2030,sc01,12-08 10:00:00+01:00,Solar 22,1.10300186325
2030,sc01,12-08 10:00:00+01:00,Solar 28,0.98705822454
2030,sc01,12-08 10:00:00+01:00,CT NG 73,0.0
2030,sc01,12-08 10:00:00+01:00,Biomass 52,0.0
2030,sc01,12-08 10:00:00+01:00,CT NG 30,0.0
2030,sc01,12-08 10:00:00+01:00,Solar 54,0.0
2030,sc01,12-08 10:00:00+01:00,Solar 31,3.82390322119393
2030,sc01,12-08 10:00:00+01:00,Biomass 03,0.0
2030,sc01,12-08 10:00:00+01:00,CT NG 32,0.0
2030,sc01,12-08 10:00:00+01:00,Biomass 27,0.03933
2030,sc01,12-08 10:00:00+01:00,CC NG 14,0.0
2030,sc01,12-08 10:00:00+01:00,CC NG 03,0.0
2030,sc01,12-08 10:00:00+01:00,CC NG 29,0.0
2030,sc01,12-08 10:00:00+01:00,CC NG 28,0.0
2030,sc01,12-08 10:00:00+01:00,CC NG 25,0.0
2030,sc01,12-08 10:00:00+01:00,CT NG 44,0.0
2030,sc01,12-08 10:00:00+01:00,CT NG 14,0.0
2030,sc01,12-08 10:00:00+01:00,CC NG 15,0.0
2030,sc01,12-08 10:00:00+01:00,CC NG 04,0.0
2030,sc01,12-08 10:00:00+01:00,Biomass 29,0.03933
2030,sc01,12-08 10:00:00+01:00,Wind 14,0.05615497380000001
2030,sc01,12-08 10:00:00+01:00,Wind 08,0.018223632688
2030,sc01,12-08 10:00:00+01:00,Biomass 61,0.0
2030,sc01,12-08 10:00:00+01:00,CT NG 35,0.0
2030,sc01,12-08 10:00:00+01:00,Solar 33,0.0
2030,sc01,12-08 10:00:00+01:00,CT NG 41,0.0
2030,sc01,12-08 10:00:00+01:00,CT NG 15,0.0
2030,sc01,12-08 10:00:00+01:00,Solar 42,0.0
2030,sc01,12-08 10:00:00+01:00,Solar 07,0.0
2030,sc01,12-08 10:00:00+01:00,Solar 43,0.0
2030,sc01,12-08 10:00:00+01:00,Biomass 05,0.01104
2030,sc01,12-08 10:00:00+01:00,CT NG 29,0.0
2030,sc01,12-08 10:00:00+01:00,Solar 71,16.0658877386
2030,sc01,12-08 10:00:00+01:00,CT NG 53,0.0
2030,sc01,12-08 10:00:00+01:00,CT NG 20,0.0
2030,sc01,12-08 10:00:00+01:00,Biomass 14,0.01702
2030,sc01,12-08 10:00:00+01:00,Solar 26,0.17306347626399998
2030,sc01,12-08 10:00:00+01:00,Hydro 29,0.6392850000000001
2030,sc01,12-08 10:00:00+01:00,Hydro 31,0.0
2030,sc01,12-08 10:00:00+01:00,Biomass 24,0.00644
2030,sc01,12-08 10:00:00+01:00,Biomass 54,0.06049
2030,sc01,12-08 10:00:00+01:00,Solar 36,11.606749150696922
2030,sc01,12-08 10:00:00+01:00,Wind 03,1.24794105387
2030,sc01,12-08 10:00:00+01:00,Biomass 40,0.0
2030,sc01,12-08 10:00:00+01:00,Biomass 49,0.0
2030,sc01,12-08 10:00:00+01:00,CC NG 16,17.521914577178087
2030,sc01,12-08 10:00:00+01:00,Biomass 48,0.0
2030,sc01,12-08 10:00:00+01:00,Hydro 28,0.6392850000000001
2030,sc01,12-08 10:00:00+01:00,Biomass 17,0.00506
2030,sc01,12-08 10:00:00+01:00,CT NG 33,0.0
2030,sc01,12-08 10:00:00+01:00,Solar 45,0.0
2030,sc01,12-08 10:00:00+01:00,Hydro 24,0.98361248
2030,sc01,12-08 10:00:00+01:00,Wind 13,0.30948207980000003
2030,sc01,12-08 10:00:00+01:00,Biomass 07,0.046
2030,sc01,12-08 10:00:00+01:00,Biomass 34,0.0
2030,sc01,12-08 10:00:00+01:00,Biomass 33,0.0
2030,sc01,12-08 10:00:00+01:00,CT NG 01,0.0
2030,sc01,12-08 10:00:00+01:00,ICE NG 03,0.0
2030,sc01,12-08 10:00:00+01:00,Solar 55,0.0
2030,sc01,12-08 10:00:00+01:00,Solar 11,0.19117324147200002
2030,sc01,12-08 10:00:00+01:00,CT NG 06,0.0
2030,sc01,12-08 10:00:00+01:00,CT NG 70,0.0
2030,sc01,12-08 10:00:00+01:00,Solar 23,0.028307241536
2030,sc01,12-08 10:00:00+01:00,CT NG 67,0.0
2030,sc01,12-08 10:00:00+01:00,Solar 12,0.147988285808
2030,sc01,12-08 10:00:00+01:00,CT Oil 01,0.0
2030,sc01,12-08 10:00:00+01:00,Hydro 26,0.2285556
2030,sc01,12-08 10:00:00+01:00,CC NG 22,15.074949799999999
2030,sc01,12-08 10:00:00+01:00,CC NG 35,0.0
2030,sc01,12-08 10:00:00+01:00,Biomass 50,0.0
2030,sc01,12-08 10:00:00+01:00,ICE NG 04,0.0
2030,sc01,12-08 10:00:00+01:00,CC NG 39,0.0
2030,sc01,12-08 10:00:00+01:00,Hydro 32,0.002812992
2030,sc01,12-08 10:00:00+01:00,ICE NG 07,0.0
2030,sc01,12-08 10:00:00+01:00,Biomass 46,0.0
2030,sc01,12-08 10:00:00+01:00,CC NG 38,0.0
2030,sc01,12-08 10:00:00+01:00,CC NG 12,0.0
2030,sc01,12-08 10:00:00+01:00,Solar 57,0.0
2030,sc01,12-08 10:00:00+01:00,CC NG 32,0.0
2030,sc01,12-08 10:00:00+01:00,CC NG 07,0.0
2030,sc01,12-08 10:00:00+01:00,Biomass 44,0.0
2030,sc01,12-08 10:00:00+01:00,CT NG 40,0.0
2030,sc01,12-08 10:00:00+01:00,Solar 74,4.1762258073
2030,sc01,12-08 10:00:00+01:00,Hydro 30,0.0
2030,sc01,12-08 10:00:00+01:00,CT NG 42,0.0
2030,sc01,12-08 10:00:00+01:00,Hydro 22,0.40122603000000007
2030,sc01,12-08 10:00:00+01:00,Solar 17,0.29026417150999995
2030,sc01,12-08 10:00:00+01:00,Solar 38,0.0
2030,sc01,12-08 10:00:00+01:00,CT NG 24,0.0
2030,sc01,12-08 10:00:00+01:00,CC NG 27,0.0
2030,sc01,12-08 10:00:00+01:00,Biomass 21,0.00897
2030,sc01,12-08 10:00:00+01:00,ICE NG 06,0.0
2030,sc01,12-08 10:00:00+01:00,Biomass 25,0.00644
2030,sc01,12-08 10:00:00+01:00,Solar 27,0.13096000452
2030,sc01,12-08 10:00:00+01:00,CT NG 19,0.0
2030,sc01,12-08 10:00:00+01:00,Biomass 42,0.0
2030,sc01,12-08 10:00:00+01:00,Biomass 19,0.00897
2030,sc01,12-08 10:00:00+01:00,Biomass 06,0.01104
2030,sc01,12-08 10:00:00+01:00,CT NG 10,0.0
2030,sc01,12-08 10:00:00+01:00,CC NG 40,0.0
2030,sc01,12-08 10:00:00+01:00,CC NG 21,0.0
2030,sc01,12-08 10:00:00+01:00,Biomass 02,0.02553
2030,sc01,12-08 10:00:00+01:00,CT NG 46,0.0
2030,sc01,12-08 10:00:00+01:00,Hydro 34,0.80357998
2030,sc01,12-08 10:00:00+01:00,Biomass 10,0.01886
2030,sc01,12-08 10:00:00+01:00,CT NG 17,0.0
2030,sc01,12-08 10:00:00+01:00,Biomass 62,0.04577
2030,sc01,12-08 10:00:00+01:00,Biomass 32,0.02829
2030,sc01,12-08 10:00:00+01:00,CC NG 19,3.11374
2030,sc01,12-08 10:00:00+01:00,CC NG 17,0.0
2030,sc01,12-08 10:00:00+01:00,ST NG 01,0.0
2030,sc01,12-08 10:00:00+01:00,Biomass 45,0.0
2030,sc01,12-08 10:00:00+01:00,Biomass 28,0.03933
2030,sc01,12-08 10:00:00+01:00,CC NG 10,0.0
2030,sc01,12-08 10:00:00+01:00,Biomass 23,0.00644
2030,sc01,12-08 10:00:00+01:00,ST NG 06,0.0
2030,sc01,12-08 10:00:00+01:00,Wind 10,0.014547156104000002
2030,sc01,12-08 10:00:00+01:00,CT NG 69,0.0
2030,sc01,12-08 10:00:00+01:00,CT NG 68,0.0
2030,sc01,12-10 10:00:00+01:00,CC NG 13,0.0
2030,sc01,12-10 10:00:00+01:00,CT NG 37,0.0
2030,sc01,12-10 10:00:00+01:00,ST Coal 01,0.0
2030,sc01,12-10 10:00:00+01:00,CT NG 09,0.0
2030,sc01,12-10 10:00:00+01:00,CT NG 47,0.0
2030,sc01,12-10 10:00:00+01:00,Solar 69,16.592949162421466
2030,sc01,12-10 10:00:00+01:00,Solar 34,0.0
2030,sc01,12-10 10:00:00+01:00,Solar 73,0.0
2030,sc01,12-10 10:00:00+01:00,Biomass 37,0.0
2030,sc01,12-10 10:00:00+01:00,Hydro 20,0.5570086200000001
2030,sc01,12-10 10:00:00+01:00,Solar 01,13.133384769200001
2030,sc01,12-10 10:00:00+01:00,Solar 62,0.0
2030,sc01,12-10 10:00:00+01:00,Solar 02,7.4211832418
2030,sc01,12-10 10:00:00+01:00,CT NG 26,0.0
2030,sc01,12-10 10:00:00+01:00,Biomass 20,0.01116
2030,sc01,12-10 10:00:00+01:00,Wind 16,0.23656267424800004
2030,sc01,12-10 10:00:00+01:00,CT NG 66,0.0
2030,sc01,12-10 10:00:00+01:00,Solar 39,0.0
2030,sc01,12-10 10:00:00+01:00,Biomass 41,0.0
2030,sc01,12-10 10:00:00+01:00,Solar 72,0.0
2030,sc01,12-10 10:00:00+01:00,ST NG 03,0.0
2030,sc01,12-10 10:00:00+01:00,Hydro 21,0.0
2030,sc01,12-10 10:00:00+01:00,CT NG 03,0.0
2030,sc01,12-10 10:00:00+01:00,CC NG 09,0.0
2030,sc01,12-10 10:00:00+01:00,CT Oil 02,0.0
2030,sc01,12-10 10:00:00+01:00,CT NG 39,0.0
2030,sc01,12-10 10:00:00+01:00,CC NG 08,0.0
2030,sc01,12-10 10:00:00+01:00,Biomass 43,0.0
2030,sc01,12-10 10:00:00+01:00,CT NG 18,0.0
2030,sc01,12-10 10:00:00+01:00,ST NG 07,0.0
2030,sc01,12-10 10:00:00+01:00,Biomass 35,0.0
2030,sc01,12-10 10:00:00+01:00,Solar 32,0.0
2030,sc01,12-10 10:00:00+01:00,Biomass 15,0.0
2030,sc01,12-10 10:00:00+01:00,CC NG 31,0.0
2030,sc01,12-10 10:00:00+01:00,Solar 16,1.2129359676999998
2030,sc01,12-10 10:00:00+01:00,Solar 68,18.2980092685
2030,sc01,12-10 10:00:00+01:00,CT NG 21,0.0
2030,sc01,12-10 10:00:00+01:00,Wind 11,0.0
2030,sc01,12-10 10:00:00+01:00,CC NG 37,0.0
2030,sc01,12-10 10:00:00+01:00,CT NG 22,0.0
2030,sc01,12-10 10:00:00+01:00,Hydro 16,0.00673072
2030,sc01,12-10 10:00:00+01:00,Biomass 59,0.12834
2030,sc01,12-10 10:00:00+01:00,CC NG 01,0.0
2030,sc01,12-10 10:00:00+01:00,Biomass 16,0.0
2030,sc01,12-10 10:00:00+01:00,Solar 03,0.0
2030,sc01,12-10 10:00:00+01:00,Solar 44,0.0
2030,sc01,12-10 10:00:00+01:00,CT NG 08,0.0
2030,sc01,12-10 10:00:00+01:00,Wind 05,0.0
2030,sc01,12-10 10:00:00+01:00,Biomass 26,0.05239
2030,sc01,12-10 10:00:00+01:00,Solar 37,0.0
2030,sc01,12-10 10:00:00+01:00,Biomass 11,0.01178
2030,sc01,12-10 10:00:00+01:00,Solar 59,0.0
2030,sc01,12-10 10:00:00+01:00,CT NG 11,0.0
2030,sc01,12-10 10:00:00+01:00,Biomass 30,0.05239
2030,sc01,12-10 10:00:00+01:00,Hydro 23,0.0
2030,sc01,12-10 10:00:00+01:00,CC NG 24,0.0
2030,sc01,12-10 10:00:00+01:00,Solar 65,10.5205776134
2030,sc01,12-10 10:00:00+01:00,CC NG 18,0.0
2030,sc01,12-10 10:00:00+01:00,CT NG 16,0.0
2030,sc01,12-10 10:00:00+01:00,Solar 51,0.0
2030,sc01,12-10 10:00:00+01:00,Wind 06,0.022308163704
2030,sc01,12-10 10:00:00+01:00,CC NG 26,0.0
2030,sc01,12-10 10:00:00+01:00,CC NG 23,0.0
2030,sc01,12-10 10:00:00+01:00,CT NG 43,0.0
2030,sc01,12-10 10:00:00+01:00,CC NG 11,0.0
2030,sc01,12-10 10:00:00+01:00,CT NG 02,0.0
2030,sc01,12-10 10:00:00+01:00,CT NG 50,0.0
2030,sc01,12-10 10:00:00+01:00,Hydro 27,0.0
2030,sc01,12-10 10:00:00+01:00,CT NG 13,0.0
2030,sc01,12-10 10:00:00+01:00,CT NG 25,0.0
2030,sc01,12-10 10:00:00+01:00,CC NG 05,0.0
2030,sc01,12-10 10:00:00+01:00,Solar 04,0.6899506440900001
2030,sc01,12-10 10:00:00+01:00,Solar 30,1.116
2030,sc01,12-10 10:00:00+01:00,Solar 29,1.3754714594800002
2030,sc01,12-10 10:00:00+01:00,Solar 53,0.0
2030,sc01,12-10 10:00:00+01:00,Solar 21,2.61793458432
2030,sc01,12-10 10:00:00+01:00,Biomass 58,0.06230999999999999
2030,sc01,12-10 10:00:00+01:00,CT NG 74,0.0
2030,sc01,12-10 10:00:00+01:00,Solar 61,0.0
2030,sc01,12-10 10:00:00+01:00,Wind 07,0.0
2030,sc01,12-10 10:00:00+01:00,Biomass 31,0.05239
2030,sc01,12-10 10:00:00+01:00,CT Oil 05,0.0
2030,sc01,12-10 10:00:00+01:00,Biomass 38,0.0
2030,sc01,12-10 10:00:00+01:00,Solar 41,0.0
2030,sc01,12-10 10:00:00+01:00,Biomass 51,0.0
2030,sc01,12-10 10:00:00+01:00,Biomass 55,0.07626
2030,sc01,12-10 10:00:00+01:00,Wind 15,2.81160100088
2030,sc01,12-10 10:00:00+01:00,Geo 01,0.0
2030,sc01,12-10 10:00:00+01:00,Biomass 60,0.08370000000000001
2030,sc01,12-10 10:00:00+01:00,CT NG 38,0.0
2030,sc01,12-10 10:00:00+01:00,Solar 66,23.069070949000004
2030,sc01,12-10 10:00:00+01:00,Solar 49,0.0
2030,sc01,12-10 10:00:00+01:00,CT NG 51,0.0
2030,sc01,12-10 10:00:00+01:00,Biomass 18,0.0
2030,sc01,12-10 10:00:00+01:00,ICE NG 01,0.0
2030,sc01,12-10 10:00:00+01:00,Solar 15,1.49717306275
2030,sc01,12-10 10:00:00+01:00,ICE NG 05,0.0
2030,sc01,12-10 10:00:00+01:00,CT Oil 04,0.0
2030,sc01,12-10 10:00:00+01:00,CC NG 20,0.0
2030,sc01,12-10 10:00:00+01:00,Solar 20,1.28346378777
2030,sc01,12-10 10:00:00+01:00,Biomass 04,0.0
2030,sc01,12-10 10:00:00+01:00,Wind 02,0.009505211072
2030,sc01,12-10 10:00:00+01:00,Hydro 25,0.0
2030,sc01,12-10 10:00:00+01:00,Solar 75,0.0
2030,sc01,12-10 10:00:00+01:00,Hydro 33,0.0
2030,sc01,12-10 10:00:00+01:00,ST NG 05,0.0
2030,sc01,12-10 10:00:00+01:00,CT NG 07,0.0
2030,sc01,12-10 10:00:00+01:00,Wind 01,0.0
2030,sc01,12-10 10:00:00+01:00,Solar 56,0.0
2030,sc01,12-10 10:00:00+01:00,Biomass 09,0.023870000000000002
2030,sc01,12-10 10:00:00+01:00,Biomass 53,0.07626
2030,sc01,12-10 10:00:00+01:00,Wind 17,15.3762382226
2030,sc01,12-10 10:00:00+01:00,ST NG 08,0.0
2030,sc01,12-10 10:00:00+01:00,Hydro 19,0.0
2030,sc01,12-10 10:00:00+01:00,ST NG 02,0.0
2030,sc01,12-10 10:00:00+01:00,Biomass 01,0.03193
2030,sc01,12-10 10:00:00+01:00,Biomass 57,0.06230999999999999
2030,sc01,12-10 10:00:00+01:00,CT NG 49,0.0
2030,sc01,12-10 10:00:00+01:00,CT NG 31,0.0
2030,sc01,12-10 10:00:00+01:00,Solar 64,5.208
2030,sc01,12-10 10:00:00+01:00,CC NG 33,0.0
2030,sc01,12-10 10:00:00+01:00,Solar 46,0.0
2030,sc01,12-10 10:00:00+01:00,Biomass 12,0.01178
2030,sc01,12-10 10:00:00+01:00,Wind 04,0.007456365272000001
2030,sc01,12-10 10:00:00+01:00,Solar 13,0.037584476384
2030,sc01,12-10 10:00:00+01:00,CT NG 55,0.0
2030,sc01,12-10 10:00:00+01:00,Wind N03,122.26504444368578
2030,sc01,12-10 10:00:00+01:00,CT NG 28,0.0
2030,sc01,12-10 10:00:00+01:00,Wind 09,0.0
2030,sc01,12-10 10:00:00+01:00,Solar 60,0.0
2030,sc01,12-10 10:00:00+01:00,Solar 25,0.275613561984
2030,sc01,12-10 10:00:00+01:00,CT NG 23,0.0
2030,sc01,12-10 10:00:00+01:00,ST Other 01,0.0
2030,sc01,12-10 10:00:00+01:00,Solar 70,28.917914685600003
2030,sc01,12-10 10:00:00+01:00,CC NG 34,0.0
2030,sc01,12-10 10:00:00+01:00,Solar 48,0.0
2030,sc01,12-10 10:00:00+01:00,Biomass 56,0.07688
2030,sc01,12-10 10:00:00+01:00,CT NG 36,0.0
2030,sc01,12-10 10:00:00+01:00,Solar 47,0.0
2030,sc01,12-10 10:00:00+01:00,Hydro 17,0.0
2030,sc01,12-10 10:00:00+01:00,Solar 09,1.1775359333355542
2030,sc01,12-10 10:00:00+01:00,Solar 08,0.0
2030,sc01,12-10 10:00:00+01:00,CT NG 45,0.0
2030,sc01,12-10 10:00:00+01:00,ST NG 04,0.0
2030,sc01,12-10 10:00:00+01:00,Solar 40,0.0
2030,sc01,12-10 10:00:00+01:00,Biomass 47,0.0
2030,sc01,12-10 10:00:00+01:00,Solar 50,0.0
2030,sc01,12-10 10:00:00+01:00,Solar 52,0.0
2030,sc01,12-10 10:00:00+01:00,Solar 63,11.795162468900001
2030,sc01,12-10 10:00:00+01:00,CC NG 06,0.0
2030,sc01,12-10 10:00:00+01:00,Biomass 39,0.0
2030,sc01,12-10 10:00:00+01:00,Solar 67,0.0
2030,sc01,12-10 10:00:00+01:00,Solar 19,0.014214617984
2030,sc01,12-10 10:00:00+01:00,Wind 12,0.9229119523
2030,sc01,12-10 10:00:00+01:00,Solar 24,0.20556687313600003
2030,sc01,12-10 10:00:00+01:00,ICE NG 02,0.0
2030,sc01,12-10 10:00:00+01:00,Solar 05,0.0
2030,sc01,12-10 10:00:00+01:00,CT NG 54,0.0
2030,sc01,12-10 10:00:00+01:00,Wind N01,8.7558313444
2030,sc01,12-10 10:00:00+01:00,CT NG 27,0.0
2030,sc01,12-10 10:00:00+01:00,CC NG 36,0.0
2030,sc01,12-10 10:00:00+01:00,Wind N02,1.40335857123
2030,sc01,12-10 10:00:00+01:00,CT NG 52,0.0
2030,sc01,12-10 10:00:00+01:00,Solar 35,0.0
2030,sc01,12-10 10:00:00+01:00,CT NG 05,0.0
2030,sc01,12-10 10:00:00+01:00,Biomass 36,0.0
2030,sc01,12-10 10:00:00+01:00,CT NG 34,0.0
2030,sc01,12-10 10:00:00+01:00,CT Oil 03,0.0
2030,sc01,12-10 10:00:00+01:00,Hydro 35,0.0
2030,sc01,12-10 10:00:00+01:00,Solar 14,1.66451931743
2030,sc01,12-10 10:00:00+01:00,CT NG 75,0.0
2030,sc01,12-10 10:00:00+01:00,ST NG 09,0.0
2030,sc01,12-10 10:00:00+01:00,CT NG 56,0.0
2030,sc01,12-10 10:00:00+01:00,Biomass 22,0.01116
2030,sc01,12-10 10:00:00+01:00,Solar 18,1.75567345312
2030,sc01,12-10 10:00:00+01:00,Biomass 13,0.01178
2030,sc01,12-10 10:00:00+01:00,CT NG 71,0.0
2030,sc01,12-10 10:00:00+01:00,Solar 58,0.0
2030,sc01,12-10 10:00:00+01:00,Solar 06,0.0
2030,sc01,12-10 10:00:00+01:00,Biomass 08,0.023870000000000002
2030,sc01,12-10 10:00:00+01:00,CT NG 72,0.0
2030,sc01,12-10 10:00:00+01:00,Hydro 18,0.0
2030,sc01,12-10 10:00:00+01:00,Solar 10,1.23627981059
2030,sc01,12-10 10:00:00+01:00,CT NG 04,0.0
2030,sc01,12-10 10:00:00+01:00,ST Other 02,0.0
2030,sc01,12-10 10:00:00+01:00,CT NG 12,0.0
2030,sc01,12-10 10:00:00+01:00,CT NG 48,0.0
2030,sc01,12-10 10:00:00+01:00,ST NG 10,0.0
2030,sc01,12-10 10:00:00+01:00,Solar 22,1.43063886914
2030,sc01,12-10 10:00:00+01:00,Solar 28,1.28025519198
2030,sc01,12-10 10:00:00+01:00,CT NG 73,0.0
2030,sc01,12-10 10:00:00+01:00,Biomass 52,0.0
2030,sc01,12-10 10:00:00+01:00,CT NG 30,0.0
2030,sc01,12-10 10:00:00+01:00,Solar 54,0.0
2030,sc01,12-10 10:00:00+01:00,Solar 31,0.0
2030,sc01,12-10 10:00:00+01:00,Biomass 03,0.0
2030,sc01,12-10 10:00:00+01:00,CT NG 32,0.0
2030,sc01,12-10 10:00:00+01:00,Biomass 27,0.05239
2030,sc01,12-10 10:00:00+01:00,CC NG 14,0.0
2030,sc01,12-10 10:00:00+01:00,CC NG 03,0.0
2030,sc01,12-10 10:00:00+01:00,CC NG 29,0.0
2030,sc01,12-10 10:00:00+01:00,CC NG 28,0.0
2030,sc01,12-10 10:00:00+01:00,CC NG 25,0.0
2030,sc01,12-10 10:00:00+01:00,CT NG 44,0.0
2030,sc01,12-10 10:00:00+01:00,CT NG 14,0.0
2030,sc01,12-10 10:00:00+01:00,CC NG 15,0.0
2030,sc01,12-10 10:00:00+01:00,CC NG 04,0.0
2030,sc01,12-10 10:00:00+01:00,Biomass 29,0.05239
2030,sc01,12-10 10:00:00+01:00,Wind 14,0.191642018848
2030,sc01,12-10 10:00:00+01:00,Wind 08,0.0
2030,sc01,12-10 10:00:00+01:00,Biomass 61,0.0
2030,sc01,12-10 10:00:00+01:00,CT NG 35,0.0
2030,sc01,12-10 10:00:00+01:00,Solar 33,0.0
2030,sc01,12-10 10:00:00+01:00,CT NG 41,0.0
2030,sc01,12-10 10:00:00+01:00,CT NG 15,0.0
2030,sc01,12-10 10:00:00+01:00,Solar 42,0.0
2030,sc01,12-10 10:00:00+01:00,Solar 07,0.0
2030,sc01,12-10 10:00:00+01:00,Solar 43,0.0
2030,sc01,12-10 10:00:00+01:00,Biomass 05,0.01395
2030,sc01,12-10 10:00:00+01:00,CT NG 29,0.0
2030,sc01,12-10 10:00:00+01:00,Solar 71,22.440332895300003
2030,sc01,12-10 10:00:00+01:00,CT NG 53,0.0
2030,sc01,12-10 10:00:00+01:00,CT NG 20,0.0
2030,sc01,12-10 10:00:00+01:00,Biomass 14,0.02604
2030,sc01,12-10 10:00:00+01:00,Solar 26,0.2552374026
2030,sc01,12-10 10:00:00+01:00,Hydro 29,0.0
2030,sc01,12-10 10:00:00+01:00,Hydro 31,0.0
2030,sc01,12-10 10:00:00+01:00,Biomass 24,0.00868
2030,sc01,12-10 10:00:00+01:00,Biomass 54,0.07626
2030,sc01,12-10 10:00:00+01:00,Solar 36,0.0
2030,sc01,12-10 10:00:00+01:00,Wind 03,0.018422690664
2030,sc01,12-10 10:00:00+01:00,Biomass 40,0.0
2030,sc01,12-10 10:00:00+01:00,Biomass 49,0.0
2030,sc01,12-10 10:00:00+01:00,CC NG 16,0.0
2030,sc01,12-10 10:00:00+01:00,Biomass 48,0.0
2030,sc01,12-10 10:00:00+01:00,Hydro 28,0.0
2030,sc01,12-10 10:00:00+01:00,Biomass 17,0.0
2030,sc01,12-10 10:00:00+01:00,CT NG 33,0.0
2030,sc01,12-10 10:00:00+01:00,Solar 45,0.0
2030,sc01,12-10 10:00:00+01:00,Hydro 24,0.0
2030,sc01,12-10 10:00:00+01:00,Wind 13,0.12468824836
2030,sc01,12-10 10:00:00+01:00,Biomass 07,0.062
2030,sc01,12-10 10:00:00+01:00,Biomass 34,0.0
2030,sc01,12-10 10:00:00+01:00,Biomass 33,0.0
2030,sc01,12-10 10:00:00+01:00,CT NG 01,0.4844932322237867
2030,sc01,12-10 10:00:00+01:00,ICE NG 03,0.0
2030,sc01,12-10 10:00:00+01:00,Solar 55,0.0
2030,sc01,12-10 10:00:00+01:00,Solar 11,0.281946038872
2030,sc01,12-10 10:00:00+01:00,CT NG 06,0.0
2030,sc01,12-10 10:00:00+01:00,CT NG 70,0.0
2030,sc01,12-10 10:00:00+01:00,Solar 23,0.041748073984
2030,sc01,12-10 10:00:00+01:00,CT NG 67,0.0
2030,sc01,12-10 10:00:00+01:00,Solar 12,0.21825602079999998
2030,sc01,12-10 10:00:00+01:00,CT Oil 01,0.0
2030,sc01,12-10 10:00:00+01:00,Hydro 26,0.0
2030,sc01,12-10 10:00:00+01:00,CC NG 22,0.0
2030,sc01,12-10 10:00:00+01:00,CC NG 35,0.0
2030,sc01,12-10 10:00:00+01:00,Biomass 50,0.0
2030,sc01,12-10 10:00:00+01:00,ICE NG 04,0.0
2030,sc01,12-10 10:00:00+01:00,CC NG 39,0.0
2030,sc01,12-10 10:00:00+01:00,Hydro 32,0.004038432
2030,sc01,12-10 10:00:00+01:00,ICE NG 07,0.0
2030,sc01,12-10 10:00:00+01:00,Biomass 46,0.0
2030,sc01,12-10 10:00:00+01:00,CC NG 38,0.0
2030,sc01,12-10 10:00:00+01:00,CC NG 12,0.0
2030,sc01,12-10 10:00:00+01:00,Solar 57,0.0
2030,sc01,12-10 10:00:00+01:00,CC NG 32,0.0
2030,sc01,12-10 10:00:00+01:00,CC NG 07,0.0
2030,sc01,12-10 10:00:00+01:00,Biomass 44,0.0
2030,sc01,12-10 10:00:00+01:00,CT NG 40,0.0
2030,sc01,12-10 10:00:00+01:00,Solar 74,5.3671916743
2030,sc01,12-10 10:00:00+01:00,Hydro 30,0.0
2030,sc01,12-10 10:00:00+01:00,CT NG 42,0.0
2030,sc01,12-10 10:00:00+01:00,Hydro 22,0.0
2030,sc01,12-10 10:00:00+01:00,Solar 17,0.42808728196
2030,sc01,12-10 10:00:00+01:00,Solar 38,0.0
2030,sc01,12-10 10:00:00+01:00,CT NG 24,0.0
2030,sc01,12-10 10:00:00+01:00,CC NG 27,0.0
2030,sc01,12-10 10:00:00+01:00,Biomass 21,0.01116
2030,sc01,12-10 10:00:00+01:00,ICE NG 06,0.0
2030,sc01,12-10 10:00:00+01:00,Biomass 25,0.00868
2030,sc01,12-10 10:00:00+01:00,Solar 27,0.16278668763200002
2030,sc01,12-10 10:00:00+01:00,CT NG 19,0.0
2030,sc01,12-10 10:00:00+01:00,Biomass 42,0.0
2030,sc01,12-10 10:00:00+01:00,Biomass 19,0.01116
2030,sc01,12-10 10:00:00+01:00,Biomass 06,0.01395
2030,sc01,12-10 10:00:00+01:00,CT NG 10,0.0
2030,sc01,12-10 10:00:00+01:00,CC NG 40,0.0
2030,sc01,12-10 10:00:00+01:00,CC NG 21,0.0
2030,sc01,12-10 10:00:00+01:00,Biomass 02,0.03193
2030,sc01,12-10 10:00:00+01:00,CT NG 46,0.0
2030,sc01,12-10 10:00:00+01:00,Hydro 34,0.0
2030,sc01,12-10 10:00:00+01:00,Biomass 10,0.023870000000000002
2030,sc01,12-10 10:00:00+01:00,CT NG 17,0.0
2030,sc01,12-10 10:00:00+01:00,Biomass 62,0.05704
2030,sc01,12-10 10:00:00+01:00,Biomass 32,0.03782
2030,sc01,12-10 10:00:00+01:00,CC NG 19,1.9084000147894926
2030,sc01,12-10 10:00:00+01:00,CC NG 17,0.0
2030,sc01,12-10 10:00:00+01:00,ST NG 01,0.0
2030,sc01,12-10 10:00:00+01:00,Biomass 45,0.0
2030,sc01,12-10 10:00:00+01:00,Biomass 28,0.05239
2030,sc01,12-10 10:00:00+01:00,CC NG 10,0.0
2030,sc01,12-10 10:00:00+01:00,Biomass 23,0.00868
2030,sc01,12-10 10:00:00+01:00,ST NG 06,0.0
2030,sc01,12-10 10:00:00+01:00,Wind 10,0.0
2030,sc01,12-10 10:00:00+01:00,CT NG 69,0.0
2030,sc01,12-10 10:00:00+01:00,CT NG 68,0.0
2030,sc01,12-12 06:00:00+01:00,CC NG 13,0.0
2030,sc01,12-12 06:00:00+01:00,CT NG 37,0.0
2030,sc01,12-12 06:00:00+01:00,ST Coal 01,0.0
2030,sc01,12-12 06:00:00+01:00,CT NG 09,0.0
2030,sc01,12-12 06:00:00+01:00,CT NG 47,0.0
2030,sc01,12-12 06:00:00+01:00,Solar 69,0.0
2030,sc01,12-12 06:00:00+01:00,Solar 34,0.0
2030,sc01,12-12 06:00:00+01:00,Solar 73,0.0
2030,sc01,12-12 06:00:00+01:00,Biomass 37,0.0
2030,sc01,12-12 06:00:00+01:00,Hydro 20,0.0
2030,sc01,12-12 06:00:00+01:00,Solar 01,0.0
2030,sc01,12-12 06:00:00+01:00,Solar 62,0.0
2030,sc01,12-12 06:00:00+01:00,Solar 02,0.0
2030,sc01,12-12 06:00:00+01:00,CT NG 26,0.0
2030,sc01,12-12 06:00:00+01:00,Biomass 20,0.00481
2030,sc01,12-12 06:00:00+01:00,Wind 16,0.0
2030,sc01,12-12 06:00:00+01:00,CT NG 66,0.0
2030,sc01,12-12 06:00:00+01:00,Solar 39,0.0
2030,sc01,12-12 06:00:00+01:00,Biomass 41,0.0
2030,sc01,12-12 06:00:00+01:00,Solar 72,0.0
2030,sc01,12-12 06:00:00+01:00,ST NG 03,0.0
2030,sc01,12-12 06:00:00+01:00,Hydro 21,0.0
2030,sc01,12-12 06:00:00+01:00,CT NG 03,0.0
2030,sc01,12-12 06:00:00+01:00,CC NG 09,0.0
2030,sc01,12-12 06:00:00+01:00,CT Oil 02,0.0
2030,sc01,12-12 06:00:00+01:00,CT NG 39,0.0
2030,sc01,12-12 06:00:00+01:00,CC NG 08,0.0
2030,sc01,12-12 06:00:00+01:00,Biomass 43,0.0
2030,sc01,12-12 06:00:00+01:00,CT NG 18,0.04912829999999999
2030,sc01,12-12 06:00:00+01:00,ST NG 07,0.0
2030,sc01,12-12 06:00:00+01:00,Biomass 35,0.0
2030,sc01,12-12 06:00:00+01:00,Solar 32,0.0
2030,sc01,12-12 06:00:00+01:00,Biomass 15,0.0
2030,sc01,12-12 06:00:00+01:00,CC NG 31,0.0
2030,sc01,12-12 06:00:00+01:00,Solar 16,0.0
2030,sc01,12-12 06:00:00+01:00,Solar 68,0.0
2030,sc01,12-12 06:00:00+01:00,CT NG 21,0.0
2030,sc01,12-12 06:00:00+01:00,Wind 11,0.00608705136
2030,sc01,12-12 06:00:00+01:00,CC NG 37,0.0
2030,sc01,12-12 06:00:00+01:00,CT NG 22,0.0
2030,sc01,12-12 06:00:00+01:00,Hydro 16,0.0
2030,sc01,12-12 06:00:00+01:00,Biomass 59,0.05382000000000001
2030,sc01,12-12 06:00:00+01:00,CC NG 01,0.0
2030,sc01,12-12 06:00:00+01:00,Biomass 16,0.0
2030,sc01,12-12 06:00:00+01:00,Solar 03,0.0
2030,sc01,12-12 06:00:00+01:00,Solar 44,0.0
2030,sc01,12-12 06:00:00+01:00,CT NG 08,0.0
2030,sc01,12-12 06:00:00+01:00,Wind 05,0.0
2030,sc01,12-12 06:00:00+01:00,Biomass 26,0.02197
2030,sc01,12-12 06:00:00+01:00,Solar 37,0.0
2030,sc01,12-12 06:00:00+01:00,Biomass 11,0.00442
2030,sc01,12-12 06:00:00+01:00,Solar 59,0.0
2030,sc01,12-12 06:00:00+01:00,CT NG 11,0.0
2030,sc01,12-12 06:00:00+01:00,Biomass 30,0.02197
2030,sc01,12-12 06:00:00+01:00,Hydro 23,0.0
2030,sc01,12-12 06:00:00+01:00,CC NG 24,0.0
2030,sc01,12-12 06:00:00+01:00,Solar 65,0.0
2030,sc01,12-12 06:00:00+01:00,CC NG 18,0.0
2030,sc01,12-12 06:00:00+01:00,CT NG 16,0.0
2030,sc01,12-12 06:00:00+01:00,Solar 51,0.0
2030,sc01,12-12 06:00:00+01:00,Wind 06,0.042166378384
2030,sc01,12-12 06:00:00+01:00,CC NG 26,0.0
2030,sc01,12-12 06:00:00+01:00,CC NG 23,0.0
2030,sc01,12-12 06:00:00+01:00,CT NG 43,0.0
2030,sc01,12-12 06:00:00+01:00,CC NG 11,0.0
2030,sc01,12-12 06:00:00+01:00,CT NG 02,0.0
2030,sc01,12-12 06:00:00+01:00,CT NG 50,0.0
2030,sc01,12-12 06:00:00+01:00,Hydro 27,0.0
2030,sc01,12-12 06:00:00+01:00,CT NG 13,0.0
2030,sc01,12-12 06:00:00+01:00,CT NG 25,0.0
2030,sc01,12-12 06:00:00+01:00,CC NG 05,0.0
2030,sc01,12-12 06:00:00+01:00,Solar 04,0.0
2030,sc01,12-12 06:00:00+01:00,Solar 30,0.0
2030,sc01,12-12 06:00:00+01:00,Solar 29,0.0
2030,sc01,12-12 06:00:00+01:00,Solar 53,0.0
2030,sc01,12-12 06:00:00+01:00,Solar 21,0.0
2030,sc01,12-12 06:00:00+01:00,Biomass 58,0.026520000000000002
2030,sc01,12-12 06:00:00+01:00,CT NG 74,0.0
2030,sc01,12-12 06:00:00+01:00,Solar 61,0.0
2030,sc01,12-12 06:00:00+01:00,Wind 07,0.003780674352
2030,sc01,12-12 06:00:00+01:00,Biomass 31,0.02197
2030,sc01,12-12 06:00:00+01:00,CT Oil 05,0.0
2030,sc01,12-12 06:00:00+01:00,Biomass 38,0.0
2030,sc01,12-12 06:00:00+01:00,Solar 41,0.0
2030,sc01,12-12 06:00:00+01:00,Biomass 51,0.0
2030,sc01,12-12 06:00:00+01:00,Biomass 55,0.032760000000000004
2030,sc01,12-12 06:00:00+01:00,Wind 15,0.0
2030,sc01,12-12 06:00:00+01:00,Geo 01,0.0
2030,sc01,12-12 06:00:00+01:00,Biomass 60,0.0351
2030,sc01,12-12 06:00:00+01:00,CT NG 38,0.0
2030,sc01,12-12 06:00:00+01:00,Solar 66,0.0
2030,sc01,12-12 06:00:00+01:00,Solar 49,0.0
2030,sc01,12-12 06:00:00+01:00,CT NG 51,0.0
2030,sc01,12-12 06:00:00+01:00,Biomass 18,0.0
2030,sc01,12-12 06:00:00+01:00,ICE NG 01,0.0
2030,sc01,12-12 06:00:00+01:00,Solar 15,0.0
2030,sc01,12-12 06:00:00+01:00,ICE NG 05,0.0
2030,sc01,12-12 06:00:00+01:00,CT Oil 04,0.0
2030,sc01,12-12 06:00:00+01:00,CC NG 20,0.0
2030,sc01,12-12 06:00:00+01:00,Solar 20,0.0
2030,sc01,12-12 06:00:00+01:00,Biomass 04,0.0
2030,sc01,12-12 06:00:00+01:00,Wind 02,0.03529109272
2030,sc01,12-12 06:00:00+01:00,Hydro 25,0.0
2030,sc01,12-12 06:00:00+01:00,Solar 75,0.0
2030,sc01,12-12 06:00:00+01:00,Hydro 33,0.0
2030,sc01,12-12 06:00:00+01:00,ST NG 05,0.0
2030,sc01,12-12 06:00:00+01:00,CT NG 07,0.0
2030,sc01,12-12 06:00:00+01:00,Wind 01,0.0
2030,sc01,12-12 06:00:00+01:00,Solar 56,0.0
2030,sc01,12-12 06:00:00+01:00,Biomass 09,0.010140000000000001
2030,sc01,12-12 06:00:00+01:00,Biomass 53,0.032760000000000004
2030,sc01,12-12 06:00:00+01:00,Wind 17,9.554764740350649
2030,sc01,12-12 06:00:00+01:00,ST NG 08,0.0
2030,sc01,12-12 06:00:00+01:00,Hydro 19,0.0
2030,sc01,12-12 06:00:00+01:00,ST NG 02,0.0
2030,sc01,12-12 06:00:00+01:00,Biomass 01,0.013780000000000002
2030,sc01,12-12 06:00:00+01:00,Biomass 57,0.026520000000000002
2030,sc01,12-12 06:00:00+01:00,CT NG 49,0.0
2030,sc01,12-12 06:00:00+01:00,CT NG 31,0.0
2030,sc01,12-12 06:00:00+01:00,Solar 64,0.0
2030,sc01,12-12 06:00:00+01:00,CC NG 33,0.0
2030,sc01,12-12 06:00:00+01:00,Solar 46,0.0
2030,sc01,12-12 06:00:00+01:00,Biomass 12,0.00442
2030,sc01,12-12 06:00:00+01:00,Wind 04,0.0034874281519999997
2030,sc01,12-12 06:00:00+01:00,Solar 13,0.0
2030,sc01,12-12 06:00:00+01:00,CT NG 55,0.0
2030,sc01,12-12 06:00:00+01:00,Wind N03,67.56918260616824
2030,sc01,12-12 06:00:00+01:00,CT NG 28,0.0
2030,sc01,12-12 06:00:00+01:00,Wind 09,0.025989120664
2030,sc01,12-12 06:00:00+01:00,Solar 60,0.0
2030,sc01,12-12 06:00:00+01:00,Solar 25,0.0
2030,sc01,12-12 06:00:00+01:00,CT NG 23,0.0
2030,sc01,12-12 06:00:00+01:00,ST Other 01,0.0
2030,sc01,12-12 06:00:00+01:00,Solar 70,0.0
2030,sc01,12-12 06:00:00+01:00,CC NG 34,0.0
2030,sc01,12-12 06:00:00+01:00,Solar 48,0.0
2030,sc01,12-12 06:00:00+01:00,Biomass 56,0.033280000000000004
2030,sc01,12-12 06:00:00+01:00,CT NG 36,0.0
2030,sc01,12-12 06:00:00+01:00,Solar 47,0.0
2030,sc01,12-12 06:00:00+01:00,Hydro 17,0.004368195
2030,sc01,12-12 06:00:00+01:00,Solar 09,0.0
2030,sc01,12-12 06:00:00+01:00,Solar 08,0.0
2030,sc01,12-12 06:00:00+01:00,CT NG 45,0.0
2030,sc01,12-12 06:00:00+01:00,ST NG 04,0.0
2030,sc01,12-12 06:00:00+01:00,Solar 40,0.0
2030,sc01,12-12 06:00:00+01:00,Biomass 47,0.0
2030,sc01,12-12 06:00:00+01:00,Solar 50,0.0
2030,sc01,12-12 06:00:00+01:00,Solar 52,0.0
2030,sc01,12-12 06:00:00+01:00,Solar 63,0.0
2030,sc01,12-12 06:00:00+01:00,CC NG 06,0.0
2030,sc01,12-12 06:00:00+01:00,Biomass 39,0.0
2030,sc01,12-12 06:00:00+01:00,Solar 67,0.0
2030,sc01,12-12 06:00:00+01:00,Solar 19,0.0
2030,sc01,12-12 06:00:00+01:00,Wind 12,0.75105822259
2030,sc01,12-12 06:00:00+01:00,Solar 24,0.0
2030,sc01,12-12 06:00:00+01:00,ICE NG 02,0.0
2030,sc01,12-12 06:00:00+01:00,Solar 05,0.0
2030,sc01,12-12 06:00:00+01:00,CT NG 54,0.0
2030,sc01,12-12 06:00:00+01:00,Wind N01,7.125424163
2030,sc01,12-12 06:00:00+01:00,CT NG 27,0.0
2030,sc01,12-12 06:00:00+01:00,CC NG 36,0.0
2030,sc01,12-12 06:00:00+01:00,Wind N02,25.841224878151444
2030,sc01,12-12 06:00:00+01:00,CT NG 52,0.0
2030,sc01,12-12 06:00:00+01:00,Solar 35,0.0
2030,sc01,12-12 06:00:00+01:00,CT NG 05,0.0
2030,sc01,12-12 06:00:00+01:00,Biomass 36,0.0
2030,sc01,12-12 06:00:00+01:00,CT NG 34,0.0
2030,sc01,12-12 06:00:00+01:00,CT Oil 03,0.0
2030,sc01,12-12 06:00:00+01:00,Hydro 35,0.0
2030,sc01,12-12 06:00:00+01:00,Solar 14,0.0
2030,sc01,12-12 06:00:00+01:00,CT NG 75,0.0
2030,sc01,12-12 06:00:00+01:00,ST NG 09,0.0
2030,sc01,12-12 06:00:00+01:00,CT NG 56,0.0
2030,sc01,12-12 06:00:00+01:00,Biomass 22,0.00481
2030,sc01,12-12 06:00:00+01:00,Solar 18,0.0
2030,sc01,12-12 06:00:00+01:00,Biomass 13,0.00442
2030,sc01,12-12 06:00:00+01:00,CT NG 71,0.0
2030,sc01,12-12 06:00:00+01:00,Solar 58,0.0
2030,sc01,12-12 06:00:00+01:00,Solar 06,0.0
2030,sc01,12-12 06:00:00+01:00,Biomass 08,0.010140000000000001
2030,sc01,12-12 06:00:00+01:00,CT NG 72,0.0
2030,sc01,12-12 06:00:00+01:00,Hydro 18,0.015046005000000001
2030,sc01,12-12 06:00:00+01:00,Solar 10,0.0
2030,sc01,12-12 06:00:00+01:00,CT NG 04,0.0
2030,sc01,12-12 06:00:00+01:00,ST Other 02,0.0
2030,sc01,12-12 06:00:00+01:00,CT NG 12,0.0
2030,sc01,12-12 06:00:00+01:00,CT NG 48,0.0
2030,sc01,12-12 06:00:00+01:00,ST NG 10,0.0
2030,sc01,12-12 06:00:00+01:00,Solar 22,0.0
2030,sc01,12-12 06:00:00+01:00,Solar 28,0.0
2030,sc01,12-12 06:00:00+01:00,CT NG 73,0.0
2030,sc01,12-12 06:00:00+01:00,Biomass 52,0.0
2030,sc01,12-12 06:00:00+01:00,CT NG 30,0.0
2030,sc01,12-12 06:00:00+01:00,Solar 54,0.0
2030,sc01,12-12 06:00:00+01:00,Solar 31,0.0
2030,sc01,12-12 06:00:00+01:00,Biomass 03,0.0
2030,sc01,12-12 06:00:00+01:00,CT NG 32,0.0
2030,sc01,12-12 06:00:00+01:00,Biomass 27,0.02197
2030,sc01,12-12 06:00:00+01:00,CC NG 14,0.0
2030,sc01,12-12 06:00:00+01:00,CC NG 03,1.59626558
2030,sc01,12-12 06:00:00+01:00,CC NG 29,0.0
2030,sc01,12-12 06:00:00+01:00,CC NG 28,0.0
2030,sc01,12-12 06:00:00+01:00,CC NG 25,0.0
2030,sc01,12-12 06:00:00+01:00,CT NG 44,0.0
2030,sc01,12-12 06:00:00+01:00,CT NG 14,0.0
2030,sc01,12-12 06:00:00+01:00,CC NG 15,0.0
2030,sc01,12-12 06:00:00+01:00,CC NG 04,2.734071048962571
2030,sc01,12-12 06:00:00+01:00,Biomass 29,0.02197
2030,sc01,12-12 06:00:00+01:00,Wind 14,9.625737913068114
2030,sc01,12-12 06:00:00+01:00,Wind 08,0.027531364119999995
2030,sc01,12-12 06:00:00+01:00,Biomass 61,0.0
2030,sc01,12-12 06:00:00+01:00,CT NG 35,0.0
2030,sc01,12-12 06:00:00+01:00,Solar 33,0.0
2030,sc01,12-12 06:00:00+01:00,CT NG 41,0.0
2030,sc01,12-12 06:00:00+01:00,CT NG 15,0.0
2030,sc01,12-12 06:00:00+01:00,Solar 42,0.0
2030,sc01,12-12 06:00:00+01:00,Solar 07,0.0
2030,sc01,12-12 06:00:00+01:00,Solar 43,0.0
2030,sc01,12-12 06:00:00+01:00,Biomass 05,0.00598
2030,sc01,12-12 06:00:00+01:00,CT NG 29,0.0
2030,sc01,12-12 06:00:00+01:00,Solar 71,0.0
2030,sc01,12-12 06:00:00+01:00,CT NG 53,0.0
2030,sc01,12-12 06:00:00+01:00,CT NG 20,0.0
2030,sc01,12-12 06:00:00+01:00,Biomass 14,0.00975
2030,sc01,12-12 06:00:00+01:00,Solar 26,0.0
2030,sc01,12-12 06:00:00+01:00,Hydro 29,0.0
2030,sc01,12-12 06:00:00+01:00,Hydro 31,0.0
2030,sc01,12-12 06:00:00+01:00,Biomass 24,0.0036400000000000004
2030,sc01,12-12 06:00:00+01:00,Biomass 54,0.032760000000000004
2030,sc01,12-12 06:00:00+01:00,Solar 36,0.0
2030,sc01,12-12 06:00:00+01:00,Wind 03,0.011549259592
2030,sc01,12-12 06:00:00+01:00,Biomass 40,0.0
2030,sc01,12-12 06:00:00+01:00,Biomass 49,0.0
2030,sc01,12-12 06:00:00+01:00,CC NG 16,11.8607385
2030,sc01,12-12 06:00:00+01:00,Biomass 48,0.0
2030,sc01,12-12 06:00:00+01:00,Hydro 28,0.0
2030,sc01,12-12 06:00:00+01:00,Biomass 17,0.0
2030,sc01,12-12 06:00:00+01:00,CT NG 33,0.0
2030,sc01,12-12 06:00:00+01:00,Solar 45,0.0
2030,sc01,12-12 06:00:00+01:00,Hydro 24,0.0
2030,sc01,12-12 06:00:00+01:00,Wind 13,0.19444141938
2030,sc01,12-12 06:00:00+01:00,Biomass 07,0.026000000000000002
2030,sc01,12-12 06:00:00+01:00,Biomass 34,0.0
2030,sc01,12-12 06:00:00+01:00,Biomass 33,0.0
2030,sc01,12-12 06:00:00+01:00,CT NG 01,0.0
2030,sc01,12-12 06:00:00+01:00,ICE NG 03,0.0
2030,sc01,12-12 06:00:00+01:00,Solar 55,0.0
2030,sc01,12-12 06:00:00+01:00,Solar 11,0.0
2030,sc01,12-12 06:00:00+01:00,CT NG 06,0.0
2030,sc01,12-12 06:00:00+01:00,CT NG 70,0.0
2030,sc01,12-12 06:00:00+01:00,Solar 23,0.0
2030,sc01,12-12 06:00:00+01:00,CT NG 67,0.0
2030,sc01,12-12 06:00:00+01:00,Solar 12,0.0
2030,sc01,12-12 06:00:00+01:00,CT Oil 01,0.0
2030,sc01,12-12 06:00:00+01:00,Hydro 26,0.0
2030,sc01,12-12 06:00:00+01:00,CC NG 22,0.0
2030,sc01,12-12 06:00:00+01:00,CC NG 35,0.0
2030,sc01,12-12 06:00:00+01:00,Biomass 50,0.0
2030,sc01,12-12 06:00:00+01:00,ICE NG 04,0.0
2030,sc01,12-12 06:00:00+01:00,CC NG 39,0.0
2030,sc01,12-12 06:00:00+01:00,Hydro 32,0.0015531359999999999
2030,sc01,12-12 06:00:00+01:00,ICE NG 07,0.0
2030,sc01,12-12 06:00:00+01:00,Biomass 46,0.0
2030,sc01,12-12 06:00:00+01:00,CC NG 38,0.0
2030,sc01,12-12 06:00:00+01:00,CC NG 12,0.0
2030,sc01,12-12 06:00:00+01:00,Solar 57,0.0
2030,sc01,12-12 06:00:00+01:00,CC NG 32,0.0
2030,sc01,12-12 06:00:00+01:00,CC NG 07,0.0
2030,sc01,12-12 06:00:00+01:00,Biomass 44,0.0
2030,sc01,12-12 06:00:00+01:00,CT NG 40,0.0
2030,sc01,12-12 06:00:00+01:00,Solar 74,0.0
2030,sc01,12-12 06:00:00+01:00,Hydro 30,0.0
2030,sc01,12-12 06:00:00+01:00,CT NG 42,0.0
2030,sc01,12-12 06:00:00+01:00,Hydro 22,0.0
2030,sc01,12-12 06:00:00+01:00,Solar 17,0.0
2030,sc01,12-12 06:00:00+01:00,Solar 38,0.0
2030,sc01,12-12 06:00:00+01:00,CT NG 24,0.0
2030,sc01,12-12 06:00:00+01:00,CC NG 27,0.0
2030,sc01,12-12 06:00:00+01:00,Biomass 21,0.00481
2030,sc01,12-12 06:00:00+01:00,ICE NG 06,0.0
2030,sc01,12-12 06:00:00+01:00,Biomass 25,0.0036400000000000004
2030,sc01,12-12 06:00:00+01:00,Solar 27,0.0
2030,sc01,12-12 06:00:00+01:00,CT NG 19,0.0
2030,sc01,12-12 06:00:00+01:00,Biomass 42,0.0
2030,sc01,12-12 06:00:00+01:00,Biomass 19,0.00481
2030,sc01,12-12 06:00:00+01:00,Biomass 06,0.00598
2030,sc01,12-12 06:00:00+01:00,CT NG 10,0.0
2030,sc01,12-12 06:00:00+01:00,CC NG 40,0.0
2030,sc01,12-12 06:00:00+01:00,CC NG 21,0.0
2030,sc01,12-12 06:00:00+01:00,Biomass 02,0.013780000000000002
2030,sc01,12-12 06:00:00+01:00,CT NG 46,0.0
2030,sc01,12-12 06:00:00+01:00,Hydro 34,0.0
2030,sc01,12-12 06:00:00+01:00,Biomass 10,0.010140000000000001
2030,sc01,12-12 06:00:00+01:00,CT NG 17,0.08691929999999999
2030,sc01,12-12 06:00:00+01:00,Biomass 62,0.02522
2030,sc01,12-12 06:00:00+01:00,Biomass 32,0.01612
2030,sc01,12-12 06:00:00+01:00,CC NG 19,1.75994
2030,sc01,12-12 06:00:00+01:00,CC NG 17,0.0
2030,sc01,12-12 06:00:00+01:00,ST NG 01,0.0
2030,sc01,12-12 06:00:00+01:00,Biomass 45,0.0
2030,sc01,12-12 06:00:00+01:00,Biomass 28,0.02197
2030,sc01,12-12 06:00:00+01:00,CC NG 10,0.0
2030,sc01,12-12 06:00:00+01:00,Biomass 23,0.0036400000000000004
2030,sc01,12-12 06:00:00+01:00,ST NG 06,0.0
2030,sc01,12-12 06:00:00+01:00,Wind 10,0.029728813920000003
2030,sc01,12-12 06:00:00+01:00,CT NG 69,0.0
2030,sc01,12-12 06:00:00+01:00,CT NG 68,0.0
2030,sc01,12-12 07:00:00+01:00,CC NG 13,0.0
2030,sc01,12-12 07:00:00+01:00,CT NG 37,0.0
2030,sc01,12-12 07:00:00+01:00,ST Coal 01,0.0
2030,sc01,12-12 07:00:00+01:00,CT NG 09,0.0
2030,sc01,12-12 07:00:00+01:00,CT NG 47,0.0
2030,sc01,12-12 07:00:00+01:00,Solar 69,0.0
2030,sc01,12-12 07:00:00+01:00,Solar 34,4.9968485086
2030,sc01,12-12 07:00:00+01:00,Solar 73,0.0
2030,sc01,12-12 07:00:00+01:00,Biomass 37,0.0
2030,sc01,12-12 07:00:00+01:00,Hydro 20,0.0
2030,sc01,12-12 07:00:00+01:00,Solar 01,0.46548698144
2030,sc01,12-12 07:00:00+01:00,Solar 62,0.0
2030,sc01,12-12 07:00:00+01:00,Solar 02,0.0
2030,sc01,12-12 07:00:00+01:00,CT NG 26,0.0
2030,sc01,12-12 07:00:00+01:00,Biomass 20,0.00481
2030,sc01,12-12 07:00:00+01:00,Wind 16,3.7694838675000004
2030,sc01,12-12 07:00:00+01:00,CT NG 66,0.0
2030,sc01,12-12 07:00:00+01:00,Solar 39,0.05039532108
2030,sc01,12-12 07:00:00+01:00,Biomass 41,0.0
2030,sc01,12-12 07:00:00+01:00,Solar 72,0.0
2030,sc01,12-12 07:00:00+01:00,ST NG 03,0.0
2030,sc01,12-12 07:00:00+01:00,Hydro 21,0.16199898000000001
2030,sc01,12-12 07:00:00+01:00,CT NG 03,0.0
2030,sc01,12-12 07:00:00+01:00,CC NG 09,0.0
2030,sc01,12-12 07:00:00+01:00,CT Oil 02,0.0
2030,sc01,12-12 07:00:00+01:00,CT NG 39,0.0
2030,sc01,12-12 07:00:00+01:00,CC NG 08,0.0
2030,sc01,12-12 07:00:00+01:00,Biomass 43,0.0
2030,sc01,12-12 07:00:00+01:00,CT NG 18,0.04912829999999999
2030,sc01,12-12 07:00:00+01:00,ST NG 07,0.0
2030,sc01,12-12 07:00:00+01:00,Biomass 35,0.0
2030,sc01,12-12 07:00:00+01:00,Solar 32,0.0
2030,sc01,12-12 07:00:00+01:00,Biomass 15,0.0
2030,sc01,12-12 07:00:00+01:00,CC NG 31,0.0
2030,sc01,12-12 07:00:00+01:00,Solar 16,0.035719232432
2030,sc01,12-12 07:00:00+01:00,Solar 68,0.0
2030,sc01,12-12 07:00:00+01:00,CT NG 21,0.0
2030,sc01,12-12 07:00:00+01:00,Wind 11,0.006212703432000001
2030,sc01,12-12 07:00:00+01:00,CC NG 37,0.0
2030,sc01,12-12 07:00:00+01:00,CT NG 22,0.0
2030,sc01,12-12 07:00:00+01:00,Hydro 16,0.0
2030,sc01,12-12 07:00:00+01:00,Biomass 59,0.05382000000000001
2030,sc01,12-12 07:00:00+01:00,CC NG 01,0.0
2030,sc01,12-12 07:00:00+01:00,Biomass 16,0.0
2030,sc01,12-12 07:00:00+01:00,Solar 03,0.16950933167999999
2030,sc01,12-12 07:00:00+01:00,Solar 44,0.018720993824
2030,sc01,12-12 07:00:00+01:00,CT NG 08,0.0
2030,sc01,12-12 07:00:00+01:00,Wind 05,0.0
2030,sc01,12-12 07:00:00+01:00,Biomass 26,0.02197
2030,sc01,12-12 07:00:00+01:00,Solar 37,0.35926814274
2030,sc01,12-12 07:00:00+01:00,Biomass 11,0.00442
2030,sc01,12-12 07:00:00+01:00,Solar 59,0.0
2030,sc01,12-12 07:00:00+01:00,CT NG 11,0.0
2030,sc01,12-12 07:00:00+01:00,Biomass 30,0.02197
2030,sc01,12-12 07:00:00+01:00,Hydro 23,0.0
2030,sc01,12-12 07:00:00+01:00,CC NG 24,0.0
2030,sc01,12-12 07:00:00+01:00,Solar 65,0.1781921154
2030,sc01,12-12 07:00:00+01:00,CC NG 18,3.113981941878523
2030,sc01,12-12 07:00:00+01:00,CT NG 16,0.0
2030,sc01,12-12 07:00:00+01:00,Solar 51,0.0
2030,sc01,12-12 07:00:00+01:00,Wind 06,0.046172458592
2030,sc01,12-12 07:00:00+01:00,CC NG 26,0.0
2030,sc01,12-12 07:00:00+01:00,CC NG 23,0.0
2030,sc01,12-12 07:00:00+01:00,CT NG 43,0.0
2030,sc01,12-12 07:00:00+01:00,CC NG 11,0.0
2030,sc01,12-12 07:00:00+01:00,CT NG 02,0.0
2030,sc01,12-12 07:00:00+01:00,CT NG 50,0.0
2030,sc01,12-12 07:00:00+01:00,Hydro 27,0.0
2030,sc01,12-12 07:00:00+01:00,CT NG 13,0.0
2030,sc01,12-12 07:00:00+01:00,CT NG 25,0.0
2030,sc01,12-12 07:00:00+01:00,CC NG 05,0.13853262177639442
2030,sc01,12-12 07:00:00+01:00,Solar 04,0.05517209516
2030,sc01,12-12 07:00:00+01:00,Solar 30,0.034444466264
2030,sc01,12-12 07:00:00+01:00,Solar 29,0.051689744392000005
2030,sc01,12-12 07:00:00+01:00,Solar 53,0.0
2030,sc01,12-12 07:00:00+01:00,Solar 21,0.20934386694
2030,sc01,12-12 07:00:00+01:00,Biomass 58,0.026520000000000002
2030,sc01,12-12 07:00:00+01:00,CT NG 74,0.0
2030,sc01,12-12 07:00:00+01:00,Solar 61,0.0
2030,sc01,12-12 07:00:00+01:00,Wind 07,0.004007965
2030,sc01,12-12 07:00:00+01:00,Biomass 31,0.02197
2030,sc01,12-12 07:00:00+01:00,CT Oil 05,0.0
2030,sc01,12-12 07:00:00+01:00,Biomass 38,0.0
2030,sc01,12-12 07:00:00+01:00,Solar 41,0.05039532108
2030,sc01,12-12 07:00:00+01:00,Biomass 51,0.0
2030,sc01,12-12 07:00:00+01:00,Biomass 55,0.032760000000000004
2030,sc01,12-12 07:00:00+01:00,Wind 15,0.0
2030,sc01,12-12 07:00:00+01:00,Geo 01,0.0
2030,sc01,12-12 07:00:00+01:00,Biomass 60,0.0351
2030,sc01,12-12 07:00:00+01:00,CT NG 38,0.0
2030,sc01,12-12 07:00:00+01:00,Solar 66,1.5362299732
2030,sc01,12-12 07:00:00+01:00,Solar 49,0.011527926904
2030,sc01,12-12 07:00:00+01:00,CT NG 51,0.0
2030,sc01,12-12 07:00:00+01:00,Biomass 18,0.0
2030,sc01,12-12 07:00:00+01:00,ICE NG 01,0.0
2030,sc01,12-12 07:00:00+01:00,Solar 15,0.119721860232
2030,sc01,12-12 07:00:00+01:00,ICE NG 05,0.0
2030,sc01,12-12 07:00:00+01:00,CT Oil 04,0.0
2030,sc01,12-12 07:00:00+01:00,CC NG 20,0.0
2030,sc01,12-12 07:00:00+01:00,Solar 20,0.06487267883199999
2030,sc01,12-12 07:00:00+01:00,Biomass 04,0.0
2030,sc01,12-12 07:00:00+01:00,Wind 02,0.035833647512
2030,sc01,12-12 07:00:00+01:00,Hydro 25,0.12467129999999998
2030,sc01,12-12 07:00:00+01:00,Solar 75,1.31413841
2030,sc01,12-12 07:00:00+01:00,Hydro 33,0.0
2030,sc01,12-12 07:00:00+01:00,ST NG 05,0.0
2030,sc01,12-12 07:00:00+01:00,CT NG 07,0.0
2030,sc01,12-12 07:00:00+01:00,Wind 01,0.0
2030,sc01,12-12 07:00:00+01:00,Solar 56,0.0
2030,sc01,12-12 07:00:00+01:00,Biomass 09,0.010140000000000001
2030,sc01,12-12 07:00:00+01:00,Biomass 53,0.032760000000000004
2030,sc01,12-12 07:00:00+01:00,Wind 17,10.229219927268042
2030,sc01,12-12 07:00:00+01:00,ST NG 08,0.0
2030,sc01,12-12 07:00:00+01:00,Hydro 19,0.0489775
2030,sc01,12-12 07:00:00+01:00,ST NG 02,0.0
2030,sc01,12-12 07:00:00+01:00,Biomass 01,0.013780000000000002
2030,sc01,12-12 07:00:00+01:00,Biomass 57,0.026520000000000002
2030,sc01,12-12 07:00:00+01:00,CT NG 49,0.0
2030,sc01,12-12 07:00:00+01:00,CT NG 31,0.0
2030,sc01,12-12 07:00:00+01:00,Solar 64,0.09355067228
2030,sc01,12-12 07:00:00+01:00,CC NG 33,0.0
2030,sc01,12-12 07:00:00+01:00,Solar 46,0.018720993824
2030,sc01,12-12 07:00:00+01:00,Biomass 12,0.00442
2030,sc01,12-12 07:00:00+01:00,Wind 04,0.006876204192000001
2030,sc01,12-12 07:00:00+01:00,Solar 13,0.0030054531519999998
2030,sc01,12-12 07:00:00+01:00,CT NG 55,0.0
2030,sc01,12-12 07:00:00+01:00,Wind N03,71.44013925117247
2030,sc01,12-12 07:00:00+01:00,CT NG 28,0.0
2030,sc01,12-12 07:00:00+01:00,Wind 09,0.026042729440000006
2030,sc01,12-12 07:00:00+01:00,Solar 60,0.0
2030,sc01,12-12 07:00:00+01:00,Solar 25,0.022039515160000002
2030,sc01,12-12 07:00:00+01:00,CT NG 23,0.0
2030,sc01,12-12 07:00:00+01:00,ST Other 01,0.0
2030,sc01,12-12 07:00:00+01:00,Solar 70,11.580106422251772
2030,sc01,12-12 07:00:00+01:00,CC NG 34,0.0
2030,sc01,12-12 07:00:00+01:00,Solar 48,0.018720993824
2030,sc01,12-12 07:00:00+01:00,Biomass 56,0.033280000000000004
2030,sc01,12-12 07:00:00+01:00,CT NG 36,0.0
2030,sc01,12-12 07:00:00+01:00,Solar 47,0.018720993824
2030,sc01,12-12 07:00:00+01:00,Hydro 17,0.0043155450000000005
2030,sc01,12-12 07:00:00+01:00,Solar 09,0.14607281286
2030,sc01,12-12 07:00:00+01:00,Solar 08,0.028535071656
2030,sc01,12-12 07:00:00+01:00,CT NG 45,0.0
2030,sc01,12-12 07:00:00+01:00,ST NG 04,0.0
2030,sc01,12-12 07:00:00+01:00,Solar 40,0.05039532108
2030,sc01,12-12 07:00:00+01:00,Biomass 47,0.0
2030,sc01,12-12 07:00:00+01:00,Solar 50,0.13286653315000002
2030,sc01,12-12 07:00:00+01:00,Solar 52,0.30136338362000004
2030,sc01,12-12 07:00:00+01:00,Solar 63,0.19978037599
2030,sc01,12-12 07:00:00+01:00,CC NG 06,0.0
2030,sc01,12-12 07:00:00+01:00,Biomass 39,0.0
2030,sc01,12-12 07:00:00+01:00,Solar 67,0.13317577818999998
2030,sc01,12-12 07:00:00+01:00,Solar 19,0.0
2030,sc01,12-12 07:00:00+01:00,Wind 12,0.8197852928200001
2030,sc01,12-12 07:00:00+01:00,Solar 24,0.016438212128
2030,sc01,12-12 07:00:00+01:00,ICE NG 02,0.0
2030,sc01,12-12 07:00:00+01:00,Solar 05,0.0
2030,sc01,12-12 07:00:00+01:00,CT NG 54,0.0
2030,sc01,12-12 07:00:00+01:00,Wind N01,7.777450213000001
2030,sc01,12-12 07:00:00+01:00,CT NG 27,0.0
2030,sc01,12-12 07:00:00+01:00,CC NG 36,0.0
2030,sc01,12-12 07:00:00+01:00,Wind N02,8.209697259007395
2030,sc01,12-12 07:00:00+01:00,CT NG 52,0.0
2030,sc01,12-12 07:00:00+01:00,Solar 35,0.0
2030,sc01,12-12 07:00:00+01:00,CT NG 05,0.0
2030,sc01,12-12 07:00:00+01:00,Biomass 36,0.0
2030,sc01,12-12 07:00:00+01:00,CT NG 34,0.0
2030,sc01,12-12 07:00:00+01:00,CT Oil 03,0.0
2030,sc01,12-12 07:00:00+01:00,Hydro 35,0.0
2030,sc01,12-12 07:00:00+01:00,Solar 14,0.13310375
2030,sc01,12-12 07:00:00+01:00,CT NG 75,0.0
2030,sc01,12-12 07:00:00+01:00,ST NG 09,0.0
2030,sc01,12-12 07:00:00+01:00,CT NG 56,0.0
2030,sc01,12-12 07:00:00+01:00,Biomass 22,0.00481
2030,sc01,12-12 07:00:00+01:00,Solar 18,0.14039291578
2030,sc01,12-12 07:00:00+01:00,Biomass 13,0.00442
2030,sc01,12-12 07:00:00+01:00,CT NG 71,0.0
2030,sc01,12-12 07:00:00+01:00,Solar 58,0.2269470606
2030,sc01,12-12 07:00:00+01:00,Solar 06,0.037906684088
2030,sc01,12-12 07:00:00+01:00,Biomass 08,0.010140000000000001
2030,sc01,12-12 07:00:00+01:00,CT NG 72,0.0
2030,sc01,12-12 07:00:00+01:00,Hydro 18,0.014864655
2030,sc01,12-12 07:00:00+01:00,Solar 10,0.062487764664
2030,sc01,12-12 07:00:00+01:00,CT NG 04,0.0
2030,sc01,12-12 07:00:00+01:00,ST Other 02,0.0
2030,sc01,12-12 07:00:00+01:00,CT NG 12,0.0
2030,sc01,12-12 07:00:00+01:00,CT NG 48,0.0
2030,sc01,12-12 07:00:00+01:00,ST NG 10,0.0
2030,sc01,12-12 07:00:00+01:00,Solar 22,0.053762916688000005
2030,sc01,12-12 07:00:00+01:00,Solar 28,0.048111549824000004
2030,sc01,12-12 07:00:00+01:00,CT NG 73,0.0
2030,sc01,12-12 07:00:00+01:00,Biomass 52,0.0
2030,sc01,12-12 07:00:00+01:00,CT NG 30,0.0
2030,sc01,12-12 07:00:00+01:00,Solar 54,0.26052147472
2030,sc01,12-12 07:00:00+01:00,Solar 31,0.0
2030,sc01,12-12 07:00:00+01:00,Biomass 03,0.0
2030,sc01,12-12 07:00:00+01:00,CT NG 32,0.0
2030,sc01,12-12 07:00:00+01:00,Biomass 27,0.02197
2030,sc01,12-12 07:00:00+01:00,CC NG 14,0.0
2030,sc01,12-12 07:00:00+01:00,CC NG 03,1.59626558
2030,sc01,12-12 07:00:00+01:00,CC NG 29,0.0
2030,sc01,12-12 07:00:00+01:00,CC NG 28,0.0
2030,sc01,12-12 07:00:00+01:00,CC NG 25,0.0
2030,sc01,12-12 07:00:00+01:00,CT NG 44,0.0
2030,sc01,12-12 07:00:00+01:00,CT NG 14,0.0
2030,sc01,12-12 07:00:00+01:00,CC NG 15,0.0
2030,sc01,12-12 07:00:00+01:00,CC NG 04,4.02272
2030,sc01,12-12 07:00:00+01:00,Biomass 29,0.02197
2030,sc01,12-12 07:00:00+01:00,Wind 14,0.0
2030,sc01,12-12 07:00:00+01:00,Wind 08,0.027590551664
2030,sc01,12-12 07:00:00+01:00,Biomass 61,0.0
2030,sc01,12-12 07:00:00+01:00,CT NG 35,0.0
2030,sc01,12-12 07:00:00+01:00,Solar 33,0.0
2030,sc01,12-12 07:00:00+01:00,CT NG 41,0.0
2030,sc01,12-12 07:00:00+01:00,CT NG 15,0.0
2030,sc01,12-12 07:00:00+01:00,Solar 42,0.018720993824
2030,sc01,12-12 07:00:00+01:00,Solar 07,0.0
2030,sc01,12-12 07:00:00+01:00,Solar 43,0.018720993824
2030,sc01,12-12 07:00:00+01:00,Biomass 05,0.00598
2030,sc01,12-12 07:00:00+01:00,CT NG 29,0.0
2030,sc01,12-12 07:00:00+01:00,Solar 71,0.0
2030,sc01,12-12 07:00:00+01:00,CT NG 53,0.0
2030,sc01,12-12 07:00:00+01:00,CT NG 20,0.0
2030,sc01,12-12 07:00:00+01:00,Biomass 14,0.00975
2030,sc01,12-12 07:00:00+01:00,Solar 26,0.020410129896
2030,sc01,12-12 07:00:00+01:00,Hydro 29,0.0
2030,sc01,12-12 07:00:00+01:00,Hydro 31,0.0
2030,sc01,12-12 07:00:00+01:00,Biomass 24,0.0036400000000000004
2030,sc01,12-12 07:00:00+01:00,Biomass 54,0.032760000000000004
2030,sc01,12-12 07:00:00+01:00,Solar 36,2.9561996464
2030,sc01,12-12 07:00:00+01:00,Wind 03,0.020449517296000003
2030,sc01,12-12 07:00:00+01:00,Biomass 40,0.0
2030,sc01,12-12 07:00:00+01:00,Biomass 49,0.0
2030,sc01,12-12 07:00:00+01:00,CC NG 16,11.8607385
2030,sc01,12-12 07:00:00+01:00,Biomass 48,0.0
2030,sc01,12-12 07:00:00+01:00,Hydro 28,0.0
2030,sc01,12-12 07:00:00+01:00,Biomass 17,0.0
2030,sc01,12-12 07:00:00+01:00,CT NG 33,0.0
2030,sc01,12-12 07:00:00+01:00,Solar 45,0.018720993824
2030,sc01,12-12 07:00:00+01:00,Hydro 24,0.0
2030,sc01,12-12 07:00:00+01:00,Wind 13,0.20878545597
2030,sc01,12-12 07:00:00+01:00,Biomass 07,0.026000000000000002
2030,sc01,12-12 07:00:00+01:00,Biomass 34,0.0
2030,sc01,12-12 07:00:00+01:00,Biomass 33,0.0
2030,sc01,12-12 07:00:00+01:00,CT NG 01,0.0
2030,sc01,12-12 07:00:00+01:00,ICE NG 03,0.0
2030,sc01,12-12 07:00:00+01:00,Solar 55,0.0
2030,sc01,12-12 07:00:00+01:00,Solar 11,0.022545893448000003
2030,sc01,12-12 07:00:00+01:00,CT NG 06,0.0
2030,sc01,12-12 07:00:00+01:00,CT NG 70,0.0
2030,sc01,12-12 07:00:00+01:00,Solar 23,0.00333839636
2030,sc01,12-12 07:00:00+01:00,CT NG 67,0.0
2030,sc01,12-12 07:00:00+01:00,Solar 12,0.017452903416
2030,sc01,12-12 07:00:00+01:00,CT Oil 01,0.0
2030,sc01,12-12 07:00:00+01:00,Hydro 26,0.12467129999999998
2030,sc01,12-12 07:00:00+01:00,CC NG 22,0.09641137764543711
2030,sc01,12-12 07:00:00+01:00,CC NG 35,0.0
2030,sc01,12-12 07:00:00+01:00,Biomass 50,0.0
2030,sc01,12-12 07:00:00+01:00,ICE NG 04,0.0
2030,sc01,12-12 07:00:00+01:00,CC NG 39,0.0
2030,sc01,12-12 07:00:00+01:00,Hydro 32,0.001534416
2030,sc01,12-12 07:00:00+01:00,ICE NG 07,0.0
2030,sc01,12-12 07:00:00+01:00,Biomass 46,0.0
2030,sc01,12-12 07:00:00+01:00,CC NG 38,0.0
2030,sc01,12-12 07:00:00+01:00,CC NG 12,0.0
2030,sc01,12-12 07:00:00+01:00,Solar 57,0.19381280437999998
2030,sc01,12-12 07:00:00+01:00,CC NG 32,0.0
2030,sc01,12-12 07:00:00+01:00,CC NG 07,0.0
2030,sc01,12-12 07:00:00+01:00,Biomass 44,0.0
2030,sc01,12-12 07:00:00+01:00,CT NG 40,0.0
2030,sc01,12-12 07:00:00+01:00,Solar 74,0.0
2030,sc01,12-12 07:00:00+01:00,Hydro 30,0.0
2030,sc01,12-12 07:00:00+01:00,CT NG 42,0.0
2030,sc01,12-12 07:00:00+01:00,Hydro 22,0.16199898000000001
2030,sc01,12-12 07:00:00+01:00,Solar 17,0.034232118544
2030,sc01,12-12 07:00:00+01:00,Solar 38,0.0
2030,sc01,12-12 07:00:00+01:00,CT NG 24,0.0
2030,sc01,12-12 07:00:00+01:00,CC NG 27,0.0
2030,sc01,12-12 07:00:00+01:00,Biomass 21,0.00481
2030,sc01,12-12 07:00:00+01:00,ICE NG 06,0.0
2030,sc01,12-12 07:00:00+01:00,Biomass 25,0.0036400000000000004
2030,sc01,12-12 07:00:00+01:00,Solar 27,0.006773802152
2030,sc01,12-12 07:00:00+01:00,CT NG 19,0.0
2030,sc01,12-12 07:00:00+01:00,Biomass 42,0.0
2030,sc01,12-12 07:00:00+01:00,Biomass 19,0.00481
2030,sc01,12-12 07:00:00+01:00,Biomass 06,0.00598
2030,sc01,12-12 07:00:00+01:00,CT NG 10,0.0
2030,sc01,12-12 07:00:00+01:00,CC NG 40,0.0
2030,sc01,12-12 07:00:00+01:00,CC NG 21,0.0
2030,sc01,12-12 07:00:00+01:00,Biomass 02,0.013780000000000002
2030,sc01,12-12 07:00:00+01:00,CT NG 46,0.0
2030,sc01,12-12 07:00:00+01:00,Hydro 34,0.0
2030,sc01,12-12 07:00:00+01:00,Biomass 10,0.010140000000000001
2030,sc01,12-12 07:00:00+01:00,CT NG 17,0.08691929999999999
2030,sc01,12-12 07:00:00+01:00,Biomass 62,0.02522
2030,sc01,12-12 07:00:00+01:00,Biomass 32,0.01612
2030,sc01,12-12 07:00:00+01:00,CC NG 19,1.75994
2030,sc01,12-12 07:00:00+01:00,CC NG 17,0.0
2030,sc01,12-12 07:00:00+01:00,ST NG 01,0.0
2030,sc01,12-12 07:00:00+01:00,Biomass 45,0.0
2030,sc01,12-12 07:00:00+01:00,Biomass 28,0.02197
2030,sc01,12-12 07:00:00+01:00,CC NG 10,0.0
2030,sc01,12-12 07:00:00+01:00,Biomass 23,0.0036400000000000004
2030,sc01,12-12 07:00:00+01:00,ST NG 06,0.0
2030,sc01,12-12 07:00:00+01:00,Wind 10,0.029777611344
2030,sc01,12-12 07:00:00+01:00,CT NG 69,0.0
2030,sc01,12-12 07:00:00+01:00,CT NG 68,0.0
2030,sc01,12-13 02:00:00+01:00,CC NG 13,0.0
2030,sc01,12-13 02:00:00+01:00,CT NG 37,0.0
2030,sc01,12-13 02:00:00+01:00,ST Coal 01,0.0
2030,sc01,12-13 02:00:00+01:00,CT NG 09,0.0
2030,sc01,12-13 02:00:00+01:00,CT NG 47,0.0
2030,sc01,12-13 02:00:00+01:00,Solar 69,0.0
2030,sc01,12-13 02:00:00+01:00,Solar 34,0.0
2030,sc01,12-13 02:00:00+01:00,Solar 73,0.0
2030,sc01,12-13 02:00:00+01:00,Biomass 37,0.0
2030,sc01,12-13 02:00:00+01:00,Hydro 20,19.098974266234503
2030,sc01,12-13 02:00:00+01:00,Solar 01,0.0
2030,sc01,12-13 02:00:00+01:00,Solar 62,0.0
2030,sc01,12-13 02:00:00+01:00,Solar 02,0.0
2030,sc01,12-13 02:00:00+01:00,CT NG 26,0.0
2030,sc01,12-13 02:00:00+01:00,Biomass 20,0.0
2030,sc01,12-13 02:00:00+01:00,Wind 16,0.345200491632
2030,sc01,12-13 02:00:00+01:00,CT NG 66,0.0
2030,sc01,12-13 02:00:00+01:00,Solar 39,0.0
2030,sc01,12-13 02:00:00+01:00,Biomass 41,0.0
2030,sc01,12-13 02:00:00+01:00,Solar 72,0.0
2030,sc01,12-13 02:00:00+01:00,ST NG 03,0.0
2030,sc01,12-13 02:00:00+01:00,Hydro 21,26.091002991048626
2030,sc01,12-13 02:00:00+01:00,CT NG 03,0.0
2030,sc01,12-13 02:00:00+01:00,CC NG 09,0.0
2030,sc01,12-13 02:00:00+01:00,CT Oil 02,0.0
2030,sc01,12-13 02:00:00+01:00,CT NG 39,0.0
2030,sc01,12-13 02:00:00+01:00,CC NG 08,0.0
2030,sc01,12-13 02:00:00+01:00,Biomass 43,0.0
2030,sc01,12-13 02:00:00+01:00,CT NG 18,0.0
2030,sc01,12-13 02:00:00+01:00,ST NG 07,0.0
2030,sc01,12-13 02:00:00+01:00,Biomass 35,0.0
2030,sc01,12-13 02:00:00+01:00,Solar 32,0.0
2030,sc01,12-13 02:00:00+01:00,Biomass 15,0.0
2030,sc01,12-13 02:00:00+01:00,CC NG 31,0.0
2030,sc01,12-13 02:00:00+01:00,Solar 16,0.0
2030,sc01,12-13 02:00:00+01:00,Solar 68,0.0
2030,sc01,12-13 02:00:00+01:00,CT NG 21,0.0
2030,sc01,12-13 02:00:00+01:00,Wind 11,0.0
2030,sc01,12-13 02:00:00+01:00,CC NG 37,0.0
2030,sc01,12-13 02:00:00+01:00,CT NG 22,0.0
2030,sc01,12-13 02:00:00+01:00,Hydro 16,0.0
2030,sc01,12-13 02:00:00+01:00,Biomass 59,0.0
2030,sc01,12-13 02:00:00+01:00,CC NG 01,0.0
2030,sc01,12-13 02:00:00+01:00,Biomass 16,0.0
2030,sc01,12-13 02:00:00+01:00,Solar 03,0.0
2030,sc01,12-13 02:00:00+01:00,Solar 44,0.0
2030,sc01,12-13 02:00:00+01:00,CT NG 08,0.0
2030,sc01,12-13 02:00:00+01:00,Wind 05,0.021137748672000002
2030,sc01,12-13 02:00:00+01:00,Biomass 26,0.0
2030,sc01,12-13 02:00:00+01:00,Solar 37,0.0
2030,sc01,12-13 02:00:00+01:00,Biomass 11,0.0
2030,sc01,12-13 02:00:00+01:00,Solar 59,0.0
2030,sc01,12-13 02:00:00+01:00,CT NG 11,0.0
2030,sc01,12-13 02:00:00+01:00,Biomass 30,0.0
2030,sc01,12-13 02:00:00+01:00,Hydro 23,0.0
2030,sc01,12-13 02:00:00+01:00,CC NG 24,0.0
2030,sc01,12-13 02:00:00+01:00,Solar 65,0.0
2030,sc01,12-13 02:00:00+01:00,CC NG 18,0.0
2030,sc01,12-13 02:00:00+01:00,CT NG 16,0.0
2030,sc01,12-13 02:00:00+01:00,Solar 51,0.0
2030,sc01,12-13 02:00:00+01:00,Wind 06,0.0
2030,sc01,12-13 02:00:00+01:00,CC NG 26,0.0
2030,sc01,12-13 02:00:00+01:00,CC NG 23,0.0
2030,sc01,12-13 02:00:00+01:00,CT NG 43,0.0
2030,sc01,12-13 02:00:00+01:00,CC NG 11,0.0
2030,sc01,12-13 02:00:00+01:00,CT NG 02,0.0
2030,sc01,12-13 02:00:00+01:00,CT NG 50,0.0
2030,sc01,12-13 02:00:00+01:00,Hydro 27,0.0
2030,sc01,12-13 02:00:00+01:00,CT NG 13,0.0
2030,sc01,12-13 02:00:00+01:00,CT NG 25,0.0
2030,sc01,12-13 02:00:00+01:00,CC NG 05,0.0
2030,sc01,12-13 02:00:00+01:00,Solar 04,0.0
2030,sc01,12-13 02:00:00+01:00,Solar 30,0.0
2030,sc01,12-13 02:00:00+01:00,Solar 29,0.0
2030,sc01,12-13 02:00:00+01:00,Solar 53,0.0
2030,sc01,12-13 02:00:00+01:00,Solar 21,0.0
2030,sc01,12-13 02:00:00+01:00,Biomass 58,0.0
2030,sc01,12-13 02:00:00+01:00,CT NG 74,0.0
2030,sc01,12-13 02:00:00+01:00,Solar 61,0.0
2030,sc01,12-13 02:00:00+01:00,Wind 07,0.0
2030,sc01,12-13 02:00:00+01:00,Biomass 31,0.0
2030,sc01,12-13 02:00:00+01:00,CT Oil 05,0.0
2030,sc01,12-13 02:00:00+01:00,Biomass 38,0.0
2030,sc01,12-13 02:00:00+01:00,Solar 41,0.0
2030,sc01,12-13 02:00:00+01:00,Biomass 51,0.0
2030,sc01,12-13 02:00:00+01:00,Biomass 55,0.0
2030,sc01,12-13 02:00:00+01:00,Wind 15,1.81643562918
2030,sc01,12-13 02:00:00+01:00,Geo 01,0.0
2030,sc01,12-13 02:00:00+01:00,Biomass 60,0.0
2030,sc01,12-13 02:00:00+01:00,CT NG 38,0.0
2030,sc01,12-13 02:00:00+01:00,Solar 66,0.0
2030,sc01,12-13 02:00:00+01:00,Solar 49,0.0
2030,sc01,12-13 02:00:00+01:00,CT NG 51,0.0
2030,sc01,12-13 02:00:00+01:00,Biomass 18,0.0
2030,sc01,12-13 02:00:00+01:00,ICE NG 01,0.0
2030,sc01,12-13 02:00:00+01:00,Solar 15,0.0
2030,sc01,12-13 02:00:00+01:00,ICE NG 05,0.0
2030,sc01,12-13 02:00:00+01:00,CT Oil 04,0.0
2030,sc01,12-13 02:00:00+01:00,CC NG 20,0.0
2030,sc01,12-13 02:00:00+01:00,Solar 20,0.0
2030,sc01,12-13 02:00:00+01:00,Biomass 04,0.0
2030,sc01,12-13 02:00:00+01:00,Wind 02,1.3849480349600003
2030,sc01,12-13 02:00:00+01:00,Hydro 25,0.0
2030,sc01,12-13 02:00:00+01:00,Solar 75,0.0
2030,sc01,12-13 02:00:00+01:00,Hydro 33,0.0
2030,sc01,12-13 02:00:00+01:00,ST NG 05,0.0
2030,sc01,12-13 02:00:00+01:00,CT NG 07,0.0
2030,sc01,12-13 02:00:00+01:00,Wind 01,0.29953691732800003
2030,sc01,12-13 02:00:00+01:00,Solar 56,0.0
2030,sc01,12-13 02:00:00+01:00,Biomass 09,0.0
2030,sc01,12-13 02:00:00+01:00,Biomass 53,0.0
2030,sc01,12-13 02:00:00+01:00,Wind 17,25.7826056854
2030,sc01,12-13 02:00:00+01:00,ST NG 08,0.0
2030,sc01,12-13 02:00:00+01:00,Hydro 19,0.134805
2030,sc01,12-13 02:00:00+01:00,ST NG 02,0.0
2030,sc01,12-13 02:00:00+01:00,Biomass 01,0.0
2030,sc01,12-13 02:00:00+01:00,Biomass 57,0.0
2030,sc01,12-13 02:00:00+01:00,CT NG 49,0.0
2030,sc01,12-13 02:00:00+01:00,CT NG 31,0.0
2030,sc01,12-13 02:00:00+01:00,Solar 64,0.0
2030,sc01,12-13 02:00:00+01:00,CC NG 33,0.0
2030,sc01,12-13 02:00:00+01:00,Solar 46,0.0
2030,sc01,12-13 02:00:00+01:00,Biomass 12,0.0
2030,sc01,12-13 02:00:00+01:00,Wind 04,0.71709555508
2030,sc01,12-13 02:00:00+01:00,Solar 13,0.0
2030,sc01,12-13 02:00:00+01:00,CT NG 55,0.0
2030,sc01,12-13 02:00:00+01:00,Wind N03,156.81817203202488
2030,sc01,12-13 02:00:00+01:00,CT NG 28,0.0
2030,sc01,12-13 02:00:00+01:00,Wind 09,0.0
2030,sc01,12-13 02:00:00+01:00,Solar 60,0.0
2030,sc01,12-13 02:00:00+01:00,Solar 25,0.0
2030,sc01,12-13 02:00:00+01:00,CT NG 23,0.0
2030,sc01,12-13 02:00:00+01:00,ST Other 01,0.0
2030,sc01,12-13 02:00:00+01:00,Solar 70,0.0
2030,sc01,12-13 02:00:00+01:00,CC NG 34,0.0
2030,sc01,12-13 02:00:00+01:00,Solar 48,0.0
2030,sc01,12-13 02:00:00+01:00,Biomass 56,0.0
2030,sc01,12-13 02:00:00+01:00,CT NG 36,0.0
2030,sc01,12-13 02:00:00+01:00,Solar 47,0.0
2030,sc01,12-13 02:00:00+01:00,Hydro 17,0.012645449999999999
2030,sc01,12-13 02:00:00+01:00,Solar 09,0.0
2030,sc01,12-13 02:00:00+01:00,Solar 08,0.0
2030,sc01,12-13 02:00:00+01:00,CT NG 45,0.0
2030,sc01,12-13 02:00:00+01:00,ST NG 04,0.0
2030,sc01,12-13 02:00:00+01:00,Solar 40,0.0
2030,sc01,12-13 02:00:00+01:00,Biomass 47,0.0
2030,sc01,12-13 02:00:00+01:00,Solar 50,0.0
2030,sc01,12-13 02:00:00+01:00,Solar 52,0.0
2030,sc01,12-13 02:00:00+01:00,Solar 63,0.0
2030,sc01,12-13 02:00:00+01:00,CC NG 06,0.0
2030,sc01,12-13 02:00:00+01:00,Biomass 39,0.0
2030,sc01,12-13 02:00:00+01:00,Solar 67,0.0
2030,sc01,12-13 02:00:00+01:00,Solar 19,0.0
2030,sc01,12-13 02:00:00+01:00,Wind 12,7.1580644042
2030,sc01,12-13 02:00:00+01:00,Solar 24,0.0
2030,sc01,12-13 02:00:00+01:00,ICE NG 02,0.0
2030,sc01,12-13 02:00:00+01:00,Solar 05,0.0
2030,sc01,12-13 02:00:00+01:00,CT NG 54,0.0
2030,sc01,12-13 02:00:00+01:00,Wind N01,67.90984180000001
2030,sc01,12-13 02:00:00+01:00,CT NG 27,0.0
2030,sc01,12-13 02:00:00+01:00,CC NG 36,0.0
2030,sc01,12-13 02:00:00+01:00,Wind N02,0.0
2030,sc01,12-13 02:00:00+01:00,CT NG 52,0.0
2030,sc01,12-13 02:00:00+01:00,Solar 35,0.0
2030,sc01,12-13 02:00:00+01:00,CT NG 05,0.0
2030,sc01,12-13 02:00:00+01:00,Biomass 36,0.0
2030,sc01,12-13 02:00:00+01:00,CT NG 34,0.0
2030,sc01,12-13 02:00:00+01:00,CT Oil 03,0.0
2030,sc01,12-13 02:00:00+01:00,Hydro 35,0.0
2030,sc01,12-13 02:00:00+01:00,Solar 14,0.0
2030,sc01,12-13 02:00:00+01:00,CT NG 75,0.0
2030,sc01,12-13 02:00:00+01:00,ST NG 09,0.0
2030,sc01,12-13 02:00:00+01:00,CT NG 56,0.0
2030,sc01,12-13 02:00:00+01:00,Biomass 22,0.0
2030,sc01,12-13 02:00:00+01:00,Solar 18,0.0
2030,sc01,12-13 02:00:00+01:00,Biomass 13,0.0
2030,sc01,12-13 02:00:00+01:00,CT NG 71,0.0
2030,sc01,12-13 02:00:00+01:00,Solar 58,0.0
2030,sc01,12-13 02:00:00+01:00,Solar 06,0.0
2030,sc01,12-13 02:00:00+01:00,Biomass 08,0.0
2030,sc01,12-13 02:00:00+01:00,CT NG 72,0.0
2030,sc01,12-13 02:00:00+01:00,Hydro 18,0.04355655
2030,sc01,12-13 02:00:00+01:00,Solar 10,0.0
2030,sc01,12-13 02:00:00+01:00,CT NG 04,0.0
2030,sc01,12-13 02:00:00+01:00,ST Other 02,0.0
2030,sc01,12-13 02:00:00+01:00,CT NG 12,0.0
2030,sc01,12-13 02:00:00+01:00,CT NG 48,0.0
2030,sc01,12-13 02:00:00+01:00,ST NG 10,0.0
2030,sc01,12-13 02:00:00+01:00,Solar 22,0.0
2030,sc01,12-13 02:00:00+01:00,Solar 28,0.0
2030,sc01,12-13 02:00:00+01:00,CT NG 73,0.0
2030,sc01,12-13 02:00:00+01:00,Biomass 52,0.0
2030,sc01,12-13 02:00:00+01:00,CT NG 30,0.0
2030,sc01,12-13 02:00:00+01:00,Solar 54,0.0
2030,sc01,12-13 02:00:00+01:00,Solar 31,0.0
2030,sc01,12-13 02:00:00+01:00,Biomass 03,0.0
2030,sc01,12-13 02:00:00+01:00,CT NG 32,0.0
2030,sc01,12-13 02:00:00+01:00,Biomass 27,0.0
2030,sc01,12-13 02:00:00+01:00,CC NG 14,0.0
2030,sc01,12-13 02:00:00+01:00,CC NG 03,0.0
2030,sc01,12-13 02:00:00+01:00,CC NG 29,0.0
2030,sc01,12-13 02:00:00+01:00,CC NG 28,0.0
2030,sc01,12-13 02:00:00+01:00,CC NG 25,0.0
2030,sc01,12-13 02:00:00+01:00,CT NG 44,0.0
2030,sc01,12-13 02:00:00+01:00,CT NG 14,0.0
2030,sc01,12-13 02:00:00+01:00,CC NG 15,0.0
2030,sc01,12-13 02:00:00+01:00,CC NG 04,0.0
2030,sc01,12-13 02:00:00+01:00,Biomass 29,0.0
2030,sc01,12-13 02:00:00+01:00,Wind 14,0.0
2030,sc01,12-13 02:00:00+01:00,Wind 08,0.0
2030,sc01,12-13 02:00:00+01:00,Biomass 61,0.0
2030,sc01,12-13 02:00:00+01:00,CT NG 35,0.0
2030,sc01,12-13 02:00:00+01:00,Solar 33,0.0
2030,sc01,12-13 02:00:00+01:00,CT NG 41,0.0
2030,sc01,12-13 02:00:00+01:00,CT NG 15,0.0
2030,sc01,12-13 02:00:00+01:00,Solar 42,0.0
2030,sc01,12-13 02:00:00+01:00,Solar 07,0.0
2030,sc01,12-13 02:00:00+01:00,Solar 43,0.0
2030,sc01,12-13 02:00:00+01:00,Biomass 05,0.0
2030,sc01,12-13 02:00:00+01:00,CT NG 29,0.0
2030,sc01,12-13 02:00:00+01:00,Solar 71,0.0
2030,sc01,12-13 02:00:00+01:00,CT NG 53,0.0
2030,sc01,12-13 02:00:00+01:00,CT NG 20,0.0
2030,sc01,12-13 02:00:00+01:00,Biomass 14,0.0
2030,sc01,12-13 02:00:00+01:00,Solar 26,0.0
2030,sc01,12-13 02:00:00+01:00,Hydro 29,0.0
2030,sc01,12-13 02:00:00+01:00,Hydro 31,0.0
2030,sc01,12-13 02:00:00+01:00,Biomass 24,0.0
2030,sc01,12-13 02:00:00+01:00,Biomass 54,0.0
2030,sc01,12-13 02:00:00+01:00,Solar 36,0.0
2030,sc01,12-13 02:00:00+01:00,Wind 03,1.32036655578
2030,sc01,12-13 02:00:00+01:00,Biomass 40,0.0
2030,sc01,12-13 02:00:00+01:00,Biomass 49,0.0
2030,sc01,12-13 02:00:00+01:00,CC NG 16,0.0
2030,sc01,12-13 02:00:00+01:00,Biomass 48,0.0
2030,sc01,12-13 02:00:00+01:00,Hydro 28,0.0
2030,sc01,12-13 02:00:00+01:00,Biomass 17,0.0
2030,sc01,12-13 02:00:00+01:00,CT NG 33,0.0
2030,sc01,12-13 02:00:00+01:00,Solar 45,0.0
2030,sc01,12-13 02:00:00+01:00,Hydro 24,0.0
2030,sc01,12-13 02:00:00+01:00,Wind 13,3.43339027584
2030,sc01,12-13 02:00:00+01:00,Biomass 07,0.0
2030,sc01,12-13 02:00:00+01:00,Biomass 34,0.0
2030,sc01,12-13 02:00:00+01:00,Biomass 33,0.0
2030,sc01,12-13 02:00:00+01:00,CT NG 01,0.0
2030,sc01,12-13 02:00:00+01:00,ICE NG 03,0.0
2030,sc01,12-13 02:00:00+01:00,Solar 55,0.0
2030,sc01,12-13 02:00:00+01:00,Solar 11,0.0
2030,sc01,12-13 02:00:00+01:00,CT NG 06,0.0
2030,sc01,12-13 02:00:00+01:00,CT NG 70,0.0
2030,sc01,12-13 02:00:00+01:00,Solar 23,0.0
2030,sc01,12-13 02:00:00+01:00,CT NG 67,0.0
2030,sc01,12-13 02:00:00+01:00,Solar 12,0.0
2030,sc01,12-13 02:00:00+01:00,CT Oil 01,0.0
2030,sc01,12-13 02:00:00+01:00,Hydro 26,0.365313
2030,sc01,12-13 02:00:00+01:00,CC NG 22,0.0
2030,sc01,12-13 02:00:00+01:00,CC NG 35,0.0
2030,sc01,12-13 02:00:00+01:00,Biomass 50,0.0
2030,sc01,12-13 02:00:00+01:00,ICE NG 04,0.0
2030,sc01,12-13 02:00:00+01:00,CC NG 39,0.0
2030,sc01,12-13 02:00:00+01:00,Hydro 32,0.00449616
2030,sc01,12-13 02:00:00+01:00,ICE NG 07,0.0
2030,sc01,12-13 02:00:00+01:00,Biomass 46,0.0
2030,sc01,12-13 02:00:00+01:00,CC NG 38,0.0
2030,sc01,12-13 02:00:00+01:00,CC NG 12,0.0
2030,sc01,12-13 02:00:00+01:00,Solar 57,0.0
2030,sc01,12-13 02:00:00+01:00,CC NG 32,0.0
2030,sc01,12-13 02:00:00+01:00,CC NG 07,0.0
2030,sc01,12-13 02:00:00+01:00,Biomass 44,0.0
2030,sc01,12-13 02:00:00+01:00,CT NG 40,0.0
2030,sc01,12-13 02:00:00+01:00,Solar 74,0.0
2030,sc01,12-13 02:00:00+01:00,Hydro 30,0.0
2030,sc01,12-13 02:00:00+01:00,CT NG 42,0.0
2030,sc01,12-13 02:00:00+01:00,Hydro 22,0.0
2030,sc01,12-13 02:00:00+01:00,Solar 17,0.0
2030,sc01,12-13 02:00:00+01:00,Solar 38,0.0
2030,sc01,12-13 02:00:00+01:00,CT NG 24,0.0
2030,sc01,12-13 02:00:00+01:00,CC NG 27,0.0
2030,sc01,12-13 02:00:00+01:00,Biomass 21,0.0
2030,sc01,12-13 02:00:00+01:00,ICE NG 06,0.0
2030,sc01,12-13 02:00:00+01:00,Biomass 25,0.0
2030,sc01,12-13 02:00:00+01:00,Solar 27,0.0
2030,sc01,12-13 02:00:00+01:00,CT NG 19,0.0
2030,sc01,12-13 02:00:00+01:00,Biomass 42,0.0
2030,sc01,12-13 02:00:00+01:00,Biomass 19,0.0
2030,sc01,12-13 02:00:00+01:00,Biomass 06,0.0
2030,sc01,12-13 02:00:00+01:00,CT NG 10,0.0
2030,sc01,12-13 02:00:00+01:00,CC NG 40,0.0
2030,sc01,12-13 02:00:00+01:00,CC NG 21,0.0
2030,sc01,12-13 02:00:00+01:00,Biomass 02,0.0
2030,sc01,12-13 02:00:00+01:00,CT NG 46,0.0
2030,sc01,12-13 02:00:00+01:00,Hydro 34,0.0
2030,sc01,12-13 02:00:00+01:00,Biomass 10,0.0
2030,sc01,12-13 02:00:00+01:00,CT NG 17,0.0
2030,sc01,12-13 02:00:00+01:00,Biomass 62,0.0
2030,sc01,12-13 02:00:00+01:00,Biomass 32,0.0
2030,sc01,12-13 02:00:00+01:00,CC NG 19,0.0
2030,sc01,12-13 02:00:00+01:00,CC NG 17,0.0
2030,sc01,12-13 02:00:00+01:00,ST NG 01,0.0
2030,sc01,12-13 02:00:00+01:00,Biomass 45,0.0
2030,sc01,12-13 02:00:00+01:00,Biomass 28,0.0
2030,sc01,12-13 02:00:00+01:00,CC NG 10,0.0
2030,sc01,12-13 02:00:00+01:00,Biomass 23,0.0
2030,sc01,12-13 02:00:00+01:00,ST NG 06,0.0
2030,sc01,12-13 02:00:00+01:00,Wind 10,0.0
2030,sc01,12-13 02:00:00+01:00,CT NG 69,0.0
2030,sc01,12-13 02:00:00+01:00,CT NG 68,0.0
2030,sc01,12-13 14:00:00+01:00,CC NG 13,0.0
2030,sc01,12-13 14:00:00+01:00,CT NG 37,0.0
2030,sc01,12-13 14:00:00+01:00,ST Coal 01,0.0
2030,sc01,12-13 14:00:00+01:00,CT NG 09,0.0
2030,sc01,12-13 14:00:00+01:00,CT NG 47,0.0
2030,sc01,12-13 14:00:00+01:00,Solar 69,0.0
2030,sc01,12-13 14:00:00+01:00,Solar 34,0.0
2030,sc01,12-13 14:00:00+01:00,Solar 73,0.0
2030,sc01,12-13 14:00:00+01:00,Biomass 37,0.0
2030,sc01,12-13 14:00:00+01:00,Hydro 20,0.0
2030,sc01,12-13 14:00:00+01:00,Solar 01,11.593269835300001
2030,sc01,12-13 14:00:00+01:00,Solar 62,0.0
2030,sc01,12-13 14:00:00+01:00,Solar 02,0.0
2030,sc01,12-13 14:00:00+01:00,CT NG 26,0.0
2030,sc01,12-13 14:00:00+01:00,Biomass 20,0.01147
2030,sc01,12-13 14:00:00+01:00,Wind 16,0.0
2030,sc01,12-13 14:00:00+01:00,CT NG 66,0.0
2030,sc01,12-13 14:00:00+01:00,Solar 39,0.0
2030,sc01,12-13 14:00:00+01:00,Biomass 41,0.0
2030,sc01,12-13 14:00:00+01:00,Solar 72,0.0
2030,sc01,12-13 14:00:00+01:00,ST NG 03,0.0
2030,sc01,12-13 14:00:00+01:00,Hydro 21,0.0
2030,sc01,12-13 14:00:00+01:00,CT NG 03,0.0
2030,sc01,12-13 14:00:00+01:00,CC NG 09,0.0
2030,sc01,12-13 14:00:00+01:00,CT Oil 02,0.0
2030,sc01,12-13 14:00:00+01:00,CT NG 39,0.0
2030,sc01,12-13 14:00:00+01:00,CC NG 08,0.0
2030,sc01,12-13 14:00:00+01:00,Biomass 43,0.0
2030,sc01,12-13 14:00:00+01:00,CT NG 18,0.11715209999999998
2030,sc01,12-13 14:00:00+01:00,ST NG 07,0.0
2030,sc01,12-13 14:00:00+01:00,Biomass 35,0.0
2030,sc01,12-13 14:00:00+01:00,Solar 32,0.0
2030,sc01,12-13 14:00:00+01:00,Biomass 15,0.0
2030,sc01,12-13 14:00:00+01:00,CC NG 31,0.0
2030,sc01,12-13 14:00:00+01:00,Solar 16,0.96634561706
2030,sc01,12-13 14:00:00+01:00,Solar 68,0.0
2030,sc01,12-13 14:00:00+01:00,CT NG 21,0.0
2030,sc01,12-13 14:00:00+01:00,Wind 11,0.19353949735200002
2030,sc01,12-13 14:00:00+01:00,CC NG 37,0.0
2030,sc01,12-13 14:00:00+01:00,CT NG 22,0.0
2030,sc01,12-13 14:00:00+01:00,Hydro 16,0.0
2030,sc01,12-13 14:00:00+01:00,Biomass 59,0.12834
2030,sc01,12-13 14:00:00+01:00,CC NG 01,0.0
2030,sc01,12-13 14:00:00+01:00,Biomass 16,0.0
2030,sc01,12-13 14:00:00+01:00,Solar 03,3.9004621817
2030,sc01,12-13 14:00:00+01:00,Solar 44,0.0
2030,sc01,12-13 14:00:00+01:00,CT NG 08,0.0
2030,sc01,12-13 14:00:00+01:00,Wind 05,0.0
2030,sc01,12-13 14:00:00+01:00,Biomass 26,0.05239
2030,sc01,12-13 14:00:00+01:00,Solar 37,0.0
2030,sc01,12-13 14:00:00+01:00,Biomass 11,0.01054
2030,sc01,12-13 14:00:00+01:00,Solar 59,0.0
2030,sc01,12-13 14:00:00+01:00,CT NG 11,0.0
2030,sc01,12-13 14:00:00+01:00,Biomass 30,0.05239
2030,sc01,12-13 14:00:00+01:00,Hydro 23,0.0
2030,sc01,12-13 14:00:00+01:00,CC NG 24,0.0
2030,sc01,12-13 14:00:00+01:00,Solar 65,6.6899599538
2030,sc01,12-13 14:00:00+01:00,CC NG 18,0.0
2030,sc01,12-13 14:00:00+01:00,CT NG 16,0.0
2030,sc01,12-13 14:00:00+01:00,Solar 51,0.0
2030,sc01,12-13 14:00:00+01:00,Wind 06,0.1932351458
2030,sc01,12-13 14:00:00+01:00,CC NG 26,0.0
2030,sc01,12-13 14:00:00+01:00,CC NG 23,0.0
2030,sc01,12-13 14:00:00+01:00,CT NG 43,0.0
2030,sc01,12-13 14:00:00+01:00,CC NG 11,0.0
2030,sc01,12-13 14:00:00+01:00,CT NG 02,0.0
2030,sc01,12-13 14:00:00+01:00,CT NG 50,0.0
2030,sc01,12-13 14:00:00+01:00,Hydro 27,0.0
2030,sc01,12-13 14:00:00+01:00,CT NG 13,0.0
2030,sc01,12-13 14:00:00+01:00,CT NG 25,0.0
2030,sc01,12-13 14:00:00+01:00,CC NG 05,0.34746857117935426
2030,sc01,12-13 14:00:00+01:00,Solar 04,0.58208330294
2030,sc01,12-13 14:00:00+01:00,Solar 30,0.9318581824700001
2030,sc01,12-13 14:00:00+01:00,Solar 29,0.8620294564200001
2030,sc01,12-13 14:00:00+01:00,Solar 53,0.0
2030,sc01,12-13 14:00:00+01:00,Solar 21,2.2086449549500005
2030,sc01,12-13 14:00:00+01:00,Biomass 58,0.06324
2030,sc01,12-13 14:00:00+01:00,CT NG 74,0.0
2030,sc01,12-13 14:00:00+01:00,Solar 61,0.0
2030,sc01,12-13 14:00:00+01:00,Wind 07,0.20318147075200002
2030,sc01,12-13 14:00:00+01:00,Biomass 31,0.05239
2030,sc01,12-13 14:00:00+01:00,CT Oil 05,0.0
2030,sc01,12-13 14:00:00+01:00,Biomass 38,0.0
2030,sc01,12-13 14:00:00+01:00,Solar 41,0.0
2030,sc01,12-13 14:00:00+01:00,Biomass 51,0.0
2030,sc01,12-13 14:00:00+01:00,Biomass 55,0.07812000000000001
2030,sc01,12-13 14:00:00+01:00,Wind 15,0.35603102865910996
2030,sc01,12-13 14:00:00+01:00,Geo 01,0.0
2030,sc01,12-13 14:00:00+01:00,Biomass 60,0.08370000000000001
2030,sc01,12-13 14:00:00+01:00,CT NG 38,0.0
2030,sc01,12-13 14:00:00+01:00,Solar 66,10.6229658239
2030,sc01,12-13 14:00:00+01:00,Solar 49,0.0
2030,sc01,12-13 14:00:00+01:00,CT NG 51,0.0
2030,sc01,12-13 14:00:00+01:00,Biomass 18,0.0
2030,sc01,12-13 14:00:00+01:00,ICE NG 01,0.0
2030,sc01,12-13 14:00:00+01:00,Solar 15,1.26310403309
2030,sc01,12-13 14:00:00+01:00,ICE NG 05,0.0
2030,sc01,12-13 14:00:00+01:00,CT Oil 04,0.0
2030,sc01,12-13 14:00:00+01:00,CC NG 20,0.0
2030,sc01,12-13 14:00:00+01:00,Solar 20,0.92336747684
2030,sc01,12-13 14:00:00+01:00,Biomass 04,0.0
2030,sc01,12-13 14:00:00+01:00,Wind 02,0.263795059488
2030,sc01,12-13 14:00:00+01:00,Hydro 25,0.0
2030,sc01,12-13 14:00:00+01:00,Solar 75,5.2033764554
2030,sc01,12-13 14:00:00+01:00,Hydro 33,0.0
2030,sc01,12-13 14:00:00+01:00,ST NG 05,0.0
2030,sc01,12-13 14:00:00+01:00,CT NG 07,0.0
2030,sc01,12-13 14:00:00+01:00,Wind 01,0.133762467424
2030,sc01,12-13 14:00:00+01:00,Solar 56,0.0
2030,sc01,12-13 14:00:00+01:00,Biomass 09,0.024180000000000004
2030,sc01,12-13 14:00:00+01:00,Biomass 53,0.07812000000000001
2030,sc01,12-13 14:00:00+01:00,Wind 17,19.8299709668
2030,sc01,12-13 14:00:00+01:00,ST NG 08,0.0
2030,sc01,12-13 14:00:00+01:00,Hydro 19,0.0
2030,sc01,12-13 14:00:00+01:00,ST NG 02,0.0
2030,sc01,12-13 14:00:00+01:00,Biomass 01,0.03286000000000001
2030,sc01,12-13 14:00:00+01:00,Biomass 57,0.06324
2030,sc01,12-13 14:00:00+01:00,CT NG 49,0.0
2030,sc01,12-13 14:00:00+01:00,CT NG 31,0.0
2030,sc01,12-13 14:00:00+01:00,Solar 64,3.5122219079
2030,sc01,12-13 14:00:00+01:00,CC NG 33,0.0
2030,sc01,12-13 14:00:00+01:00,Solar 46,0.0
2030,sc01,12-13 14:00:00+01:00,Biomass 12,0.01054
2030,sc01,12-13 14:00:00+01:00,Wind 04,0.015189723976
2030,sc01,12-13 14:00:00+01:00,Solar 13,0.031708494584000005
2030,sc01,12-13 14:00:00+01:00,CT NG 55,0.0
2030,sc01,12-13 14:00:00+01:00,Wind N03,162.81313923562126
2030,sc01,12-13 14:00:00+01:00,CT NG 28,0.0
2030,sc01,12-13 14:00:00+01:00,Wind 09,0.059644881144
2030,sc01,12-13 14:00:00+01:00,Solar 60,0.0
2030,sc01,12-13 14:00:00+01:00,Solar 25,0.232523955064
2030,sc01,12-13 14:00:00+01:00,CT NG 23,0.0
2030,sc01,12-13 14:00:00+01:00,ST Other 01,0.0
2030,sc01,12-13 14:00:00+01:00,Solar 70,20.59101650662345
2030,sc01,12-13 14:00:00+01:00,CC NG 34,0.0
2030,sc01,12-13 14:00:00+01:00,Solar 48,0.0
2030,sc01,12-13 14:00:00+01:00,Biomass 56,0.07936
2030,sc01,12-13 14:00:00+01:00,CT NG 36,0.0
2030,sc01,12-13 14:00:00+01:00,Solar 47,0.0
2030,sc01,12-13 14:00:00+01:00,Hydro 17,0.0
2030,sc01,12-13 14:00:00+01:00,Solar 09,1.54111503606
2030,sc01,12-13 14:00:00+01:00,Solar 08,0.30105416061600004
2030,sc01,12-13 14:00:00+01:00,CT NG 45,0.0
2030,sc01,12-13 14:00:00+01:00,ST NG 04,0.0
2030,sc01,12-13 14:00:00+01:00,Solar 40,0.0
2030,sc01,12-13 14:00:00+01:00,Biomass 47,0.0
2030,sc01,12-13 14:00:00+01:00,Solar 50,0.0
2030,sc01,12-13 14:00:00+01:00,Solar 52,0.0
2030,sc01,12-13 14:00:00+01:00,Solar 63,7.500459334099999
2030,sc01,12-13 14:00:00+01:00,CC NG 06,0.0
2030,sc01,12-13 14:00:00+01:00,Biomass 39,0.0
2030,sc01,12-13 14:00:00+01:00,Solar 67,4.9998880224
2030,sc01,12-13 14:00:00+01:00,Solar 19,0.011992295192000001
2030,sc01,12-13 14:00:00+01:00,Wind 12,0.9836585280600001
2030,sc01,12-13 14:00:00+01:00,Solar 24,0.17342841177600002
2030,sc01,12-13 14:00:00+01:00,ICE NG 02,0.0
2030,sc01,12-13 14:00:00+01:00,Solar 05,0.014101660431999999
2030,sc01,12-13 14:00:00+01:00,CT NG 54,0.0
2030,sc01,12-13 14:00:00+01:00,Wind N01,9.3321450098
2030,sc01,12-13 14:00:00+01:00,CT NG 27,0.0
2030,sc01,12-13 14:00:00+01:00,CC NG 36,0.0
2030,sc01,12-13 14:00:00+01:00,Wind N02,52.46187992700665
2030,sc01,12-13 14:00:00+01:00,CT NG 52,0.0
2030,sc01,12-13 14:00:00+01:00,Solar 35,0.0
2030,sc01,12-13 14:00:00+01:00,CT NG 05,0.0
2030,sc01,12-13 14:00:00+01:00,Biomass 36,0.0
2030,sc01,12-13 14:00:00+01:00,CT NG 34,0.0
2030,sc01,12-13 14:00:00+01:00,CT Oil 03,0.0
2030,sc01,12-13 14:00:00+01:00,Hydro 35,0.0
2030,sc01,12-13 14:00:00+01:00,Solar 14,1.40428726334
2030,sc01,12-13 14:00:00+01:00,CT NG 75,0.0
2030,sc01,12-13 14:00:00+01:00,ST NG 09,0.0
2030,sc01,12-13 14:00:00+01:00,CT NG 56,0.0
2030,sc01,12-13 14:00:00+01:00,Biomass 22,0.01147
2030,sc01,12-13 14:00:00+01:00,Solar 18,1.48119030099
2030,sc01,12-13 14:00:00+01:00,Biomass 13,0.01054
2030,sc01,12-13 14:00:00+01:00,CT NG 71,0.0
2030,sc01,12-13 14:00:00+01:00,Solar 58,0.0
2030,sc01,12-13 14:00:00+01:00,Solar 06,1.0144660276700002
2030,sc01,12-13 14:00:00+01:00,Biomass 08,0.024180000000000004
2030,sc01,12-13 14:00:00+01:00,CT NG 72,0.0
2030,sc01,12-13 14:00:00+01:00,Hydro 18,0.0
2030,sc01,12-13 14:00:00+01:00,Solar 10,0.8894217198200001
2030,sc01,12-13 14:00:00+01:00,CT NG 04,0.0
2030,sc01,12-13 14:00:00+01:00,ST Other 02,0.0
2030,sc01,12-13 14:00:00+01:00,CT NG 12,0.0
2030,sc01,12-13 14:00:00+01:00,CT NG 48,0.0
2030,sc01,12-13 14:00:00+01:00,ST NG 10,0.0
2030,sc01,12-13 14:00:00+01:00,Solar 22,0.8966037341000002
2030,sc01,12-13 14:00:00+01:00,Solar 28,0.8023559335700001
2030,sc01,12-13 14:00:00+01:00,CT NG 73,0.0
2030,sc01,12-13 14:00:00+01:00,Biomass 52,0.0
2030,sc01,12-13 14:00:00+01:00,CT NG 30,0.0
2030,sc01,12-13 14:00:00+01:00,Solar 54,0.0
2030,sc01,12-13 14:00:00+01:00,Solar 31,0.0
2030,sc01,12-13 14:00:00+01:00,Biomass 03,0.0
2030,sc01,12-13 14:00:00+01:00,CT NG 32,0.0
2030,sc01,12-13 14:00:00+01:00,Biomass 27,0.05239
2030,sc01,12-13 14:00:00+01:00,CC NG 14,0.0
2030,sc01,12-13 14:00:00+01:00,CC NG 03,0.0
2030,sc01,12-13 14:00:00+01:00,CC NG 29,0.0
2030,sc01,12-13 14:00:00+01:00,CC NG 28,0.0
2030,sc01,12-13 14:00:00+01:00,CC NG 25,0.0
2030,sc01,12-13 14:00:00+01:00,CT NG 44,0.0
2030,sc01,12-13 14:00:00+01:00,CT NG 14,0.0
2030,sc01,12-13 14:00:00+01:00,CC NG 15,0.0
2030,sc01,12-13 14:00:00+01:00,CC NG 04,0.0
2030,sc01,12-13 14:00:00+01:00,Biomass 29,0.05239
2030,sc01,12-13 14:00:00+01:00,Wind 14,0.0
2030,sc01,12-13 14:00:00+01:00,Wind 08,0.068042824296
2030,sc01,12-13 14:00:00+01:00,Biomass 61,0.0
2030,sc01,12-13 14:00:00+01:00,CT NG 35,0.0
2030,sc01,12-13 14:00:00+01:00,Solar 33,0.0
2030,sc01,12-13 14:00:00+01:00,CT NG 41,0.0
2030,sc01,12-13 14:00:00+01:00,CT NG 15,0.0
2030,sc01,12-13 14:00:00+01:00,Solar 42,0.0
2030,sc01,12-13 14:00:00+01:00,Solar 07,0.025540931744000003
2030,sc01,12-13 14:00:00+01:00,Solar 43,0.0
2030,sc01,12-13 14:00:00+01:00,Biomass 05,0.01426
2030,sc01,12-13 14:00:00+01:00,CT NG 29,0.0
2030,sc01,12-13 14:00:00+01:00,Solar 71,0.0
2030,sc01,12-13 14:00:00+01:00,CT NG 53,0.0
2030,sc01,12-13 14:00:00+01:00,CT NG 20,0.0
2030,sc01,12-13 14:00:00+01:00,Biomass 14,0.02325
2030,sc01,12-13 14:00:00+01:00,Solar 26,0.21533341768000003
2030,sc01,12-13 14:00:00+01:00,Hydro 29,0.0
2030,sc01,12-13 14:00:00+01:00,Hydro 31,0.0
2030,sc01,12-13 14:00:00+01:00,Biomass 24,0.00868
2030,sc01,12-13 14:00:00+01:00,Biomass 54,0.07812000000000001
2030,sc01,12-13 14:00:00+01:00,Solar 36,0.0
2030,sc01,12-13 14:00:00+01:00,Wind 03,0.058332446792
2030,sc01,12-13 14:00:00+01:00,Biomass 40,0.0
2030,sc01,12-13 14:00:00+01:00,Biomass 49,0.0
2030,sc01,12-13 14:00:00+01:00,CC NG 16,27.889945275458278
2030,sc01,12-13 14:00:00+01:00,Biomass 48,0.0
2030,sc01,12-13 14:00:00+01:00,Hydro 28,0.0
2030,sc01,12-13 14:00:00+01:00,Biomass 17,0.0
2030,sc01,12-13 14:00:00+01:00,CT NG 33,0.0
2030,sc01,12-13 14:00:00+01:00,Solar 45,0.0
2030,sc01,12-13 14:00:00+01:00,Hydro 24,0.0
2030,sc01,12-13 14:00:00+01:00,Wind 13,0.56671889198
2030,sc01,12-13 14:00:00+01:00,Biomass 07,0.062
2030,sc01,12-13 14:00:00+01:00,Biomass 34,0.0
2030,sc01,12-13 14:00:00+01:00,Biomass 33,0.0
2030,sc01,12-13 14:00:00+01:00,CT NG 01,0.0
2030,sc01,12-13 14:00:00+01:00,ICE NG 03,0.0
2030,sc01,12-13 14:00:00+01:00,Solar 55,0.0
2030,sc01,12-13 14:00:00+01:00,Solar 11,0.23786640826400002
2030,sc01,12-13 14:00:00+01:00,CT NG 06,0.0
2030,sc01,12-13 14:00:00+01:00,CT NG 70,0.0
2030,sc01,12-13 14:00:00+01:00,Solar 23,0.035221152448
2030,sc01,12-13 14:00:00+01:00,CT NG 67,0.0
2030,sc01,12-13 14:00:00+01:00,Solar 12,0.18413372981599999
2030,sc01,12-13 14:00:00+01:00,CT Oil 01,0.0
2030,sc01,12-13 14:00:00+01:00,Hydro 26,0.0
2030,sc01,12-13 14:00:00+01:00,CC NG 22,0.0
2030,sc01,12-13 14:00:00+01:00,CC NG 35,0.0
2030,sc01,12-13 14:00:00+01:00,Biomass 50,0.0
2030,sc01,12-13 14:00:00+01:00,ICE NG 04,0.0
2030,sc01,12-13 14:00:00+01:00,CC NG 39,0.0
2030,sc01,12-13 14:00:00+01:00,Hydro 32,0.0036485759999999997
2030,sc01,12-13 14:00:00+01:00,ICE NG 07,0.0
2030,sc01,12-13 14:00:00+01:00,Biomass 46,0.0
2030,sc01,12-13 14:00:00+01:00,CC NG 38,0.0
2030,sc01,12-13 14:00:00+01:00,CC NG 12,0.0
2030,sc01,12-13 14:00:00+01:00,Solar 57,0.0
2030,sc01,12-13 14:00:00+01:00,CC NG 32,0.0
2030,sc01,12-13 14:00:00+01:00,CC NG 07,0.0
2030,sc01,12-13 14:00:00+01:00,Biomass 44,0.0
2030,sc01,12-13 14:00:00+01:00,CT NG 40,0.0
2030,sc01,12-13 14:00:00+01:00,Solar 74,0.0
2030,sc01,12-13 14:00:00+01:00,Hydro 30,0.0
2030,sc01,12-13 14:00:00+01:00,CT NG 42,0.0
2030,sc01,12-13 14:00:00+01:00,Hydro 22,0.0
2030,sc01,12-13 14:00:00+01:00,Solar 17,0.36115983258
2030,sc01,12-13 14:00:00+01:00,Solar 38,0.0
2030,sc01,12-13 14:00:00+01:00,CT NG 24,0.0
2030,sc01,12-13 14:00:00+01:00,CC NG 27,0.0
2030,sc01,12-13 14:00:00+01:00,Biomass 21,0.01147
2030,sc01,12-13 14:00:00+01:00,ICE NG 06,0.0
2030,sc01,12-13 14:00:00+01:00,Biomass 25,0.00868
2030,sc01,12-13 14:00:00+01:00,Solar 27,0.153203355568
2030,sc01,12-13 14:00:00+01:00,CT NG 19,0.0
2030,sc01,12-13 14:00:00+01:00,Biomass 42,0.0
2030,sc01,12-13 14:00:00+01:00,Biomass 19,0.01147
2030,sc01,12-13 14:00:00+01:00,Biomass 06,0.01426
2030,sc01,12-13 14:00:00+01:00,CT NG 10,0.0
2030,sc01,12-13 14:00:00+01:00,CC NG 40,0.0
2030,sc01,12-13 14:00:00+01:00,CC NG 21,0.0
2030,sc01,12-13 14:00:00+01:00,Biomass 02,0.03286000000000001
2030,sc01,12-13 14:00:00+01:00,CT NG 46,0.0
2030,sc01,12-13 14:00:00+01:00,Hydro 34,0.0
2030,sc01,12-13 14:00:00+01:00,Biomass 10,0.024180000000000004
2030,sc01,12-13 14:00:00+01:00,CT NG 17,0.0
2030,sc01,12-13 14:00:00+01:00,Biomass 62,0.06014
2030,sc01,12-13 14:00:00+01:00,Biomass 32,0.03844
2030,sc01,12-13 14:00:00+01:00,CC NG 19,4.19678
2030,sc01,12-13 14:00:00+01:00,CC NG 17,0.0
2030,sc01,12-13 14:00:00+01:00,ST NG 01,0.0
2030,sc01,12-13 14:00:00+01:00,Biomass 45,0.0
2030,sc01,12-13 14:00:00+01:00,Biomass 28,0.05239
2030,sc01,12-13 14:00:00+01:00,CC NG 10,0.0
2030,sc01,12-13 14:00:00+01:00,Biomass 23,0.00868
2030,sc01,12-13 14:00:00+01:00,ST NG 06,0.0
2030,sc01,12-13 14:00:00+01:00,Wind 10,0.073321699968
2030,sc01,12-13 14:00:00+01:00,CT NG 69,0.0
2030,sc01,12-13 14:00:00+01:00,CT NG 68,0.0
2030,sc01,12-13 18:00:00+01:00,CC NG 13,1.3298183999999997
2030,sc01,12-13 18:00:00+01:00,CT NG 37,0.0
2030,sc01,12-13 18:00:00+01:00,ST Coal 01,0.0
2030,sc01,12-13 18:00:00+01:00,CT NG 09,1.1628
2030,sc01,12-13 18:00:00+01:00,CT NG 47,0.0
2030,sc01,12-13 18:00:00+01:00,Solar 69,0.0
2030,sc01,12-13 18:00:00+01:00,Solar 34,0.0
2030,sc01,12-13 18:00:00+01:00,Solar 73,0.0
2030,sc01,12-13 18:00:00+01:00,Biomass 37,0.0
2030,sc01,12-13 18:00:00+01:00,Hydro 20,0.0
2030,sc01,12-13 18:00:00+01:00,Solar 01,0.0
2030,sc01,12-13 18:00:00+01:00,Solar 62,0.0
2030,sc01,12-13 18:00:00+01:00,Solar 02,0.0
2030,sc01,12-13 18:00:00+01:00,CT NG 26,0.0
2030,sc01,12-13 18:00:00+01:00,Biomass 20,0.008879999999999999
2030,sc01,12-13 18:00:00+01:00,Wind 16,15.82190832
2030,sc01,12-13 18:00:00+01:00,CT NG 66,0.0
2030,sc01,12-13 18:00:00+01:00,Solar 39,0.0
2030,sc01,12-13 18:00:00+01:00,Biomass 41,0.0
2030,sc01,12-13 18:00:00+01:00,Solar 72,0.0
2030,sc01,12-13 18:00:00+01:00,ST NG 03,0.0
2030,sc01,12-13 18:00:00+01:00,Hydro 21,0.9762098400000001
2030,sc01,12-13 18:00:00+01:00,CT NG 03,0.0
2030,sc01,12-13 18:00:00+01:00,CC NG 09,0.0
2030,sc01,12-13 18:00:00+01:00,CT Oil 02,0.0
2030,sc01,12-13 18:00:00+01:00,CT NG 39,0.0
2030,sc01,12-13 18:00:00+01:00,CC NG 08,0.0
2030,sc01,12-13 18:00:00+01:00,Biomass 43,0.0
2030,sc01,12-13 18:00:00+01:00,CT NG 18,0.09069839999999998
2030,sc01,12-13 18:00:00+01:00,ST NG 07,0.0
2030,sc01,12-13 18:00:00+01:00,Biomass 35,0.0
2030,sc01,12-13 18:00:00+01:00,Solar 32,0.0
2030,sc01,12-13 18:00:00+01:00,Biomass 15,0.0
2030,sc01,12-13 18:00:00+01:00,CC NG 31,0.0
2030,sc01,12-13 18:00:00+01:00,Solar 16,0.0
2030,sc01,12-13 18:00:00+01:00,Solar 68,0.0
2030,sc01,12-13 18:00:00+01:00,CT NG 21,0.0
2030,sc01,12-13 18:00:00+01:00,Wind 11,0.464870868
2030,sc01,12-13 18:00:00+01:00,CC NG 37,0.0
2030,sc01,12-13 18:00:00+01:00,CT NG 22,0.0
2030,sc01,12-13 18:00:00+01:00,Hydro 16,0.0
2030,sc01,12-13 18:00:00+01:00,Biomass 59,0.09936
2030,sc01,12-13 18:00:00+01:00,CC NG 01,0.963132
2030,sc01,12-13 18:00:00+01:00,Biomass 16,0.0
2030,sc01,12-13 18:00:00+01:00,Solar 03,0.0
2030,sc01,12-13 18:00:00+01:00,Solar 44,0.0
2030,sc01,12-13 18:00:00+01:00,CT NG 08,0.0
2030,sc01,12-13 18:00:00+01:00,Wind 05,0.008691011136000001
2030,sc01,12-13 18:00:00+01:00,Biomass 26,0.04056
2030,sc01,12-13 18:00:00+01:00,Solar 37,0.0
2030,sc01,12-13 18:00:00+01:00,Biomass 11,0.00816
2030,sc01,12-13 18:00:00+01:00,Solar 59,0.0
2030,sc01,12-13 18:00:00+01:00,CT NG 11,0.0
2030,sc01,12-13 18:00:00+01:00,Biomass 30,0.04056
2030,sc01,12-13 18:00:00+01:00,Hydro 23,0.0
2030,sc01,12-13 18:00:00+01:00,CC NG 24,0.0
2030,sc01,12-13 18:00:00+01:00,Solar 65,0.0
2030,sc01,12-13 18:00:00+01:00,CC NG 18,14.365752
2030,sc01,12-13 18:00:00+01:00,CT NG 16,0.0
2030,sc01,12-13 18:00:00+01:00,Solar 51,0.0
2030,sc01,12-13 18:00:00+01:00,Wind 06,0.46829581296
2030,sc01,12-13 18:00:00+01:00,CC NG 26,0.0
2030,sc01,12-13 18:00:00+01:00,CC NG 23,0.0
2030,sc01,12-13 18:00:00+01:00,CT NG 43,0.0
2030,sc01,12-13 18:00:00+01:00,CC NG 11,0.0
2030,sc01,12-13 18:00:00+01:00,CT NG 02,0.0
2030,sc01,12-13 18:00:00+01:00,CT NG 50,0.0
2030,sc01,12-13 18:00:00+01:00,Hydro 27,0.0
2030,sc01,12-13 18:00:00+01:00,CT NG 13,0.0
2030,sc01,12-13 18:00:00+01:00,CT NG 25,0.0
2030,sc01,12-13 18:00:00+01:00,CC NG 05,1.370629832685712
2030,sc01,12-13 18:00:00+01:00,Solar 04,0.0
2030,sc01,12-13 18:00:00+01:00,Solar 30,0.0
2030,sc01,12-13 18:00:00+01:00,Solar 29,0.0
2030,sc01,12-13 18:00:00+01:00,Solar 53,0.0
2030,sc01,12-13 18:00:00+01:00,Solar 21,0.0
2030,sc01,12-13 18:00:00+01:00,Biomass 58,0.048960000000000004
2030,sc01,12-13 18:00:00+01:00,CT NG 74,0.0
2030,sc01,12-13 18:00:00+01:00,Solar 61,0.0
2030,sc01,12-13 18:00:00+01:00,Wind 07,0.4927144951200001
2030,sc01,12-13 18:00:00+01:00,Biomass 31,0.04056
2030,sc01,12-13 18:00:00+01:00,CT Oil 05,0.0
2030,sc01,12-13 18:00:00+01:00,Biomass 38,0.0
2030,sc01,12-13 18:00:00+01:00,Solar 41,0.0
2030,sc01,12-13 18:00:00+01:00,Biomass 51,0.0
2030,sc01,12-13 18:00:00+01:00,Biomass 55,0.060480000000000006
2030,sc01,12-13 18:00:00+01:00,Wind 15,0.0
2030,sc01,12-13 18:00:00+01:00,Geo 01,0.0
2030,sc01,12-13 18:00:00+01:00,Biomass 60,0.0648
2030,sc01,12-13 18:00:00+01:00,CT NG 38,0.0
2030,sc01,12-13 18:00:00+01:00,Solar 66,0.0
2030,sc01,12-13 18:00:00+01:00,Solar 49,0.0
2030,sc01,12-13 18:00:00+01:00,CT NG 51,0.0
2030,sc01,12-13 18:00:00+01:00,Biomass 18,0.0
2030,sc01,12-13 18:00:00+01:00,ICE NG 01,0.0
2030,sc01,12-13 18:00:00+01:00,Solar 15,0.0
2030,sc01,12-13 18:00:00+01:00,ICE NG 05,0.0
2030,sc01,12-13 18:00:00+01:00,CT Oil 04,0.0
2030,sc01,12-13 18:00:00+01:00,CC NG 20,0.0
2030,sc01,12-13 18:00:00+01:00,Solar 20,0.0
2030,sc01,12-13 18:00:00+01:00,Biomass 04,0.0
2030,sc01,12-13 18:00:00+01:00,Wind 02,0.66892678608
2030,sc01,12-13 18:00:00+01:00,Hydro 25,0.2334384
2030,sc01,12-13 18:00:00+01:00,Solar 75,0.0
2030,sc01,12-13 18:00:00+01:00,Hydro 33,0.0
2030,sc01,12-13 18:00:00+01:00,ST NG 05,0.0
2030,sc01,12-13 18:00:00+01:00,CT NG 07,0.0
2030,sc01,12-13 18:00:00+01:00,Wind 01,0.33450674280000003
2030,sc01,12-13 18:00:00+01:00,Solar 56,0.0
2030,sc01,12-13 18:00:00+01:00,Biomass 09,0.01872
2030,sc01,12-13 18:00:00+01:00,Biomass 53,0.060480000000000006
2030,sc01,12-13 18:00:00+01:00,Wind 17,13.790336147008642
2030,sc01,12-13 18:00:00+01:00,ST NG 08,0.0
2030,sc01,12-13 18:00:00+01:00,Hydro 19,0.083952
2030,sc01,12-13 18:00:00+01:00,ST NG 02,0.0
2030,sc01,12-13 18:00:00+01:00,Biomass 01,0.025440000000000004
2030,sc01,12-13 18:00:00+01:00,Biomass 57,0.048960000000000004
2030,sc01,12-13 18:00:00+01:00,CT NG 49,0.0
2030,sc01,12-13 18:00:00+01:00,CT NG 31,0.0
2030,sc01,12-13 18:00:00+01:00,Solar 64,0.0
2030,sc01,12-13 18:00:00+01:00,CC NG 33,0.0
2030,sc01,12-13 18:00:00+01:00,Solar 46,0.0
2030,sc01,12-13 18:00:00+01:00,Biomass 12,0.00816
2030,sc01,12-13 18:00:00+01:00,Wind 04,0.0
2030,sc01,12-13 18:00:00+01:00,Solar 13,0.0
2030,sc01,12-13 18:00:00+01:00,CT NG 55,0.0
2030,sc01,12-13 18:00:00+01:00,Wind N03,133.40935781242052
2030,sc01,12-13 18:00:00+01:00,CT NG 28,0.0
2030,sc01,12-13 18:00:00+01:00,Wind 09,0.128840039232
2030,sc01,12-13 18:00:00+01:00,Solar 60,0.0
2030,sc01,12-13 18:00:00+01:00,Solar 25,0.0
2030,sc01,12-13 18:00:00+01:00,CT NG 23,0.0
2030,sc01,12-13 18:00:00+01:00,ST Other 01,0.0
2030,sc01,12-13 18:00:00+01:00,Solar 70,0.0
2030,sc01,12-13 18:00:00+01:00,CC NG 34,0.0
2030,sc01,12-13 18:00:00+01:00,Solar 48,0.0
2030,sc01,12-13 18:00:00+01:00,Biomass 56,0.06144000000000001
2030,sc01,12-13 18:00:00+01:00,CT NG 36,0.0
2030,sc01,12-13 18:00:00+01:00,Solar 47,0.0
2030,sc01,12-13 18:00:00+01:00,Hydro 17,0.00808056
2030,sc01,12-13 18:00:00+01:00,Solar 09,0.0
2030,sc01,12-13 18:00:00+01:00,Solar 08,0.0
2030,sc01,12-13 18:00:00+01:00,CT NG 45,0.0
2030,sc01,12-13 18:00:00+01:00,ST NG 04,1.457328
2030,sc01,12-13 18:00:00+01:00,Solar 40,0.0
2030,sc01,12-13 18:00:00+01:00,Biomass 47,0.0
2030,sc01,12-13 18:00:00+01:00,Solar 50,0.0
2030,sc01,12-13 18:00:00+01:00,Solar 52,0.0
2030,sc01,12-13 18:00:00+01:00,Solar 63,0.0
2030,sc01,12-13 18:00:00+01:00,CC NG 06,0.0
2030,sc01,12-13 18:00:00+01:00,Biomass 39,0.0
2030,sc01,12-13 18:00:00+01:00,Solar 67,0.0
2030,sc01,12-13 18:00:00+01:00,Solar 19,0.0
2030,sc01,12-13 18:00:00+01:00,Wind 12,1.8500648853600001
2030,sc01,12-13 18:00:00+01:00,Solar 24,0.0
2030,sc01,12-13 18:00:00+01:00,ICE NG 02,0.0
2030,sc01,12-13 18:00:00+01:00,Solar 05,0.0
2030,sc01,12-13 18:00:00+01:00,CT NG 54,0.0
2030,sc01,12-13 18:00:00+01:00,Wind N01,17.551897629600003
2030,sc01,12-13 18:00:00+01:00,CT NG 27,0.0
2030,sc01,12-13 18:00:00+01:00,CC NG 36,0.0
2030,sc01,12-13 18:00:00+01:00,Wind N02,10.227996876699127
2030,sc01,12-13 18:00:00+01:00,CT NG 52,0.0
2030,sc01,12-13 18:00:00+01:00,Solar 35,0.0
2030,sc01,12-13 18:00:00+01:00,CT NG 05,0.0
2030,sc01,12-13 18:00:00+01:00,Biomass 36,0.0
2030,sc01,12-13 18:00:00+01:00,CT NG 34,0.0
2030,sc01,12-13 18:00:00+01:00,CT Oil 03,0.0
2030,sc01,12-13 18:00:00+01:00,Hydro 35,0.0
2030,sc01,12-13 18:00:00+01:00,Solar 14,0.0
2030,sc01,12-13 18:00:00+01:00,CT NG 75,0.0
2030,sc01,12-13 18:00:00+01:00,ST NG 09,0.0
2030,sc01,12-13 18:00:00+01:00,CT NG 56,0.0
2030,sc01,12-13 18:00:00+01:00,Biomass 22,0.008879999999999999
2030,sc01,12-13 18:00:00+01:00,Solar 18,0.0
2030,sc01,12-13 18:00:00+01:00,Biomass 13,0.00816
2030,sc01,12-13 18:00:00+01:00,CT NG 71,0.0
2030,sc01,12-13 18:00:00+01:00,Solar 58,0.0
2030,sc01,12-13 18:00:00+01:00,Solar 06,0.0
2030,sc01,12-13 18:00:00+01:00,Biomass 08,0.01872
2030,sc01,12-13 18:00:00+01:00,CT NG 72,0.0
2030,sc01,12-13 18:00:00+01:00,Hydro 18,0.02783304
2030,sc01,12-13 18:00:00+01:00,Solar 10,0.0
2030,sc01,12-13 18:00:00+01:00,CT NG 04,0.0
2030,sc01,12-13 18:00:00+01:00,ST Other 02,0.0
2030,sc01,12-13 18:00:00+01:00,CT NG 12,0.0
2030,sc01,12-13 18:00:00+01:00,CT NG 48,0.0
2030,sc01,12-13 18:00:00+01:00,ST NG 10,0.0
2030,sc01,12-13 18:00:00+01:00,Solar 22,0.0
2030,sc01,12-13 18:00:00+01:00,Solar 28,0.0
2030,sc01,12-13 18:00:00+01:00,CT NG 73,0.0
2030,sc01,12-13 18:00:00+01:00,Biomass 52,0.0
2030,sc01,12-13 18:00:00+01:00,CT NG 30,0.0
2030,sc01,12-13 18:00:00+01:00,Solar 54,0.0
2030,sc01,12-13 18:00:00+01:00,Solar 31,0.0
2030,sc01,12-13 18:00:00+01:00,Biomass 03,0.0
2030,sc01,12-13 18:00:00+01:00,CT NG 32,0.0
2030,sc01,12-13 18:00:00+01:00,Biomass 27,0.04056
2030,sc01,12-13 18:00:00+01:00,CC NG 14,0.0
2030,sc01,12-13 18:00:00+01:00,CC NG 03,2.94695184
2030,sc01,12-13 18:00:00+01:00,CC NG 29,0.0
2030,sc01,12-13 18:00:00+01:00,CC NG 28,0.0
2030,sc01,12-13 18:00:00+01:00,CC NG 25,0.0
2030,sc01,12-13 18:00:00+01:00,CT NG 44,0.0
2030,sc01,12-13 18:00:00+01:00,CT NG 14,0.0
2030,sc01,12-13 18:00:00+01:00,CC NG 15,0.0
2030,sc01,12-13 18:00:00+01:00,CC NG 04,7.42656
2030,sc01,12-13 18:00:00+01:00,Biomass 29,0.04056
2030,sc01,12-13 18:00:00+01:00,Wind 14,34.209771408
2030,sc01,12-13 18:00:00+01:00,Wind 08,0.09858041222399999
2030,sc01,12-13 18:00:00+01:00,Biomass 61,0.0
2030,sc01,12-13 18:00:00+01:00,CT NG 35,0.0
2030,sc01,12-13 18:00:00+01:00,Solar 33,0.0
2030,sc01,12-13 18:00:00+01:00,CT NG 41,0.0
2030,sc01,12-13 18:00:00+01:00,CT NG 15,0.0
2030,sc01,12-13 18:00:00+01:00,Solar 42,0.0
2030,sc01,12-13 18:00:00+01:00,Solar 07,0.0
2030,sc01,12-13 18:00:00+01:00,Solar 43,0.0
2030,sc01,12-13 18:00:00+01:00,Biomass 05,0.011040000000000001
2030,sc01,12-13 18:00:00+01:00,CT NG 29,0.0
2030,sc01,12-13 18:00:00+01:00,Solar 71,0.0
2030,sc01,12-13 18:00:00+01:00,CT NG 53,0.0
2030,sc01,12-13 18:00:00+01:00,CT NG 20,0.0
2030,sc01,12-13 18:00:00+01:00,Biomass 14,0.018000000000000002
2030,sc01,12-13 18:00:00+01:00,Solar 26,0.0
2030,sc01,12-13 18:00:00+01:00,Hydro 29,0.0
2030,sc01,12-13 18:00:00+01:00,Hydro 31,0.0
2030,sc01,12-13 18:00:00+01:00,Biomass 24,0.00672
2030,sc01,12-13 18:00:00+01:00,Biomass 54,0.060480000000000006
2030,sc01,12-13 18:00:00+01:00,Solar 36,0.0
2030,sc01,12-13 18:00:00+01:00,Wind 03,0.005426592
2030,sc01,12-13 18:00:00+01:00,Biomass 40,0.0
2030,sc01,12-13 18:00:00+01:00,Biomass 49,0.0
2030,sc01,12-13 18:00:00+01:00,CC NG 16,21.896748000000002
2030,sc01,12-13 18:00:00+01:00,Biomass 48,0.0
2030,sc01,12-13 18:00:00+01:00,Hydro 28,23.094633929408957
2030,sc01,12-13 18:00:00+01:00,Biomass 17,0.0
2030,sc01,12-13 18:00:00+01:00,CT NG 33,0.0
2030,sc01,12-13 18:00:00+01:00,Solar 45,0.0
2030,sc01,12-13 18:00:00+01:00,Hydro 24,0.0
2030,sc01,12-13 18:00:00+01:00,Wind 13,1.15480442088
2030,sc01,12-13 18:00:00+01:00,Biomass 07,0.048
2030,sc01,12-13 18:00:00+01:00,Biomass 34,0.0
2030,sc01,12-13 18:00:00+01:00,Biomass 33,0.0
2030,sc01,12-13 18:00:00+01:00,CT NG 01,0.0
2030,sc01,12-13 18:00:00+01:00,ICE NG 03,0.0
2030,sc01,12-13 18:00:00+01:00,Solar 55,0.0
2030,sc01,12-13 18:00:00+01:00,Solar 11,0.0
2030,sc01,12-13 18:00:00+01:00,CT NG 06,0.0
2030,sc01,12-13 18:00:00+01:00,CT NG 70,0.0
2030,sc01,12-13 18:00:00+01:00,Solar 23,0.0
2030,sc01,12-13 18:00:00+01:00,CT NG 67,0.0
2030,sc01,12-13 18:00:00+01:00,Solar 12,0.0
2030,sc01,12-13 18:00:00+01:00,CT Oil 01,0.0
2030,sc01,12-13 18:00:00+01:00,Hydro 26,0.2334384
2030,sc01,12-13 18:00:00+01:00,CC NG 22,3.986272204265182
2030,sc01,12-13 18:00:00+01:00,CC NG 35,0.0
2030,sc01,12-13 18:00:00+01:00,Biomass 50,0.0
2030,sc01,12-13 18:00:00+01:00,ICE NG 04,0.0
2030,sc01,12-13 18:00:00+01:00,CC NG 39,0.0
2030,sc01,12-13 18:00:00+01:00,Hydro 32,0.0028730879999999998
2030,sc01,12-13 18:00:00+01:00,ICE NG 07,0.0
2030,sc01,12-13 18:00:00+01:00,Biomass 46,0.0
2030,sc01,12-13 18:00:00+01:00,CC NG 38,0.0
2030,sc01,12-13 18:00:00+01:00,CC NG 12,0.0
2030,sc01,12-13 18:00:00+01:00,Solar 57,0.0
2030,sc01,12-13 18:00:00+01:00,CC NG 32,0.0
2030,sc01,12-13 18:00:00+01:00,CC NG 07,0.0
2030,sc01,12-13 18:00:00+01:00,Biomass 44,0.0
2030,sc01,12-13 18:00:00+01:00,CT NG 40,0.0
2030,sc01,12-13 18:00:00+01:00,Solar 74,0.0
2030,sc01,12-13 18:00:00+01:00,Hydro 30,0.0
2030,sc01,12-13 18:00:00+01:00,CT NG 42,0.0
2030,sc01,12-13 18:00:00+01:00,Hydro 22,0.9762098400000001
2030,sc01,12-13 18:00:00+01:00,Solar 17,0.0
2030,sc01,12-13 18:00:00+01:00,Solar 38,0.0
2030,sc01,12-13 18:00:00+01:00,CT NG 24,0.0
2030,sc01,12-13 18:00:00+01:00,CC NG 27,0.800676
2030,sc01,12-13 18:00:00+01:00,Biomass 21,0.008879999999999999
2030,sc01,12-13 18:00:00+01:00,ICE NG 06,0.0
2030,sc01,12-13 18:00:00+01:00,Biomass 25,0.00672
2030,sc01,12-13 18:00:00+01:00,Solar 27,0.0
2030,sc01,12-13 18:00:00+01:00,CT NG 19,0.09069839999999998
2030,sc01,12-13 18:00:00+01:00,Biomass 42,0.0
2030,sc01,12-13 18:00:00+01:00,Biomass 19,0.008879999999999999
2030,sc01,12-13 18:00:00+01:00,Biomass 06,0.011040000000000001
2030,sc01,12-13 18:00:00+01:00,CT NG 10,1.1628
2030,sc01,12-13 18:00:00+01:00,CC NG 40,0.0
2030,sc01,12-13 18:00:00+01:00,CC NG 21,0.0
2030,sc01,12-13 18:00:00+01:00,Biomass 02,0.025440000000000004
2030,sc01,12-13 18:00:00+01:00,CT NG 46,0.0
2030,sc01,12-13 18:00:00+01:00,Hydro 34,0.0
2030,sc01,12-13 18:00:00+01:00,Biomass 10,0.01872
2030,sc01,12-13 18:00:00+01:00,CT NG 17,0.16046640000000004
2030,sc01,12-13 18:00:00+01:00,Biomass 62,0.04656
2030,sc01,12-13 18:00:00+01:00,Biomass 32,0.02976
2030,sc01,12-13 18:00:00+01:00,CC NG 19,3.24912
2030,sc01,12-13 18:00:00+01:00,CC NG 17,0.0
2030,sc01,12-13 18:00:00+01:00,ST NG 01,0.0
2030,sc01,12-13 18:00:00+01:00,Biomass 45,0.0
2030,sc01,12-13 18:00:00+01:00,Biomass 28,0.04056
2030,sc01,12-13 18:00:00+01:00,CC NG 10,0.0
2030,sc01,12-13 18:00:00+01:00,Biomass 23,0.00672
2030,sc01,12-13 18:00:00+01:00,ST NG 06,0.0
2030,sc01,12-13 18:00:00+01:00,Wind 10,0.13561504108800002
2030,sc01,12-13 18:00:00+01:00,CT NG 69,0.0
2030,sc01,12-13 18:00:00+01:00,CT NG 68,0.0
2030,sc01,12-14 16:00:00+01:00,CC NG 13,0.0
2030,sc01,12-14 16:00:00+01:00,CT NG 37,0.0
2030,sc01,12-14 16:00:00+01:00,ST Coal 01,0.0
2030,sc01,12-14 16:00:00+01:00,CT NG 09,0.0
2030,sc01,12-14 16:00:00+01:00,CT NG 47,0.0
2030,sc01,12-14 16:00:00+01:00,Solar 69,5.4683455206
2030,sc01,12-14 16:00:00+01:00,Solar 34,3.01143775912
2030,sc01,12-14 16:00:00+01:00,Solar 73,0.48798690826999996
2030,sc01,12-14 16:00:00+01:00,Biomass 37,0.02511
2030,sc01,12-14 16:00:00+01:00,Hydro 20,1.06778508
2030,sc01,12-14 16:00:00+01:00,Solar 01,1.8253001314000001
2030,sc01,12-14 16:00:00+01:00,Solar 62,2.0402509353
2030,sc01,12-14 16:00:00+01:00,Solar 02,0.78591149005
2030,sc01,12-14 16:00:00+01:00,CT NG 26,0.0
2030,sc01,12-14 16:00:00+01:00,Biomass 20,0.01147
2030,sc01,12-14 16:00:00+01:00,Wind 16,1.13179557694
2030,sc01,12-14 16:00:00+01:00,CT NG 66,0.0
2030,sc01,12-14 16:00:00+01:00,Solar 39,0.05259084825600001
2030,sc01,12-14 16:00:00+01:00,Biomass 41,0.04557
2030,sc01,12-14 16:00:00+01:00,Solar 72,1.7935217874300002
2030,sc01,12-14 16:00:00+01:00,ST NG 03,0.0
2030,sc01,12-14 16:00:00+01:00,Hydro 21,1.06778508
2030,sc01,12-14 16:00:00+01:00,CT NG 03,0.0
2030,sc01,12-14 16:00:00+01:00,CC NG 09,0.0
2030,sc01,12-14 16:00:00+01:00,CT Oil 02,0.0
2030,sc01,12-14 16:00:00+01:00,CT NG 39,0.0
2030,sc01,12-14 16:00:00+01:00,CC NG 08,0.0
2030,sc01,12-14 16:00:00+01:00,Biomass 43,0.08866
2030,sc01,12-14 16:00:00+01:00,CT NG 18,0.11715209999999998
2030,sc01,12-14 16:00:00+01:00,ST NG 07,0.0
2030,sc01,12-14 16:00:00+01:00,Biomass 35,0.044640000000000006
2030,sc01,12-14 16:00:00+01:00,Solar 32,7.6335075334999996
2030,sc01,12-14 16:00:00+01:00,Biomass 15,0.0
2030,sc01,12-14 16:00:00+01:00,CC NG 31,0.0
2030,sc01,12-14 16:00:00+01:00,Solar 16,0.169650154592
2030,sc01,12-14 16:00:00+01:00,Solar 68,6.3782847355
2030,sc01,12-14 16:00:00+01:00,CT NG 21,0.0
2030,sc01,12-14 16:00:00+01:00,Wind 11,0.011787319472
2030,sc01,12-14 16:00:00+01:00,CC NG 37,19.065372
2030,sc01,12-14 16:00:00+01:00,CT NG 22,0.0
2030,sc01,12-14 16:00:00+01:00,Hydro 16,0.0
2030,sc01,12-14 16:00:00+01:00,Biomass 59,0.12834
2030,sc01,12-14 16:00:00+01:00,CC NG 01,0.0
2030,sc01,12-14 16:00:00+01:00,Biomass 16,0.0
2030,sc01,12-14 16:00:00+01:00,Solar 03,0.33656469577000003
2030,sc01,12-14 16:00:00+01:00,Solar 44,0.026864200224
2030,sc01,12-14 16:00:00+01:00,CT NG 08,0.0
2030,sc01,12-14 16:00:00+01:00,Wind 05,0.0
2030,sc01,12-14 16:00:00+01:00,Biomass 26,0.05239
2030,sc01,12-14 16:00:00+01:00,Solar 37,0.5155416107399999
2030,sc01,12-14 16:00:00+01:00,Biomass 11,0.01054
2030,sc01,12-14 16:00:00+01:00,Solar 59,0.27764397816
2030,sc01,12-14 16:00:00+01:00,CT NG 11,0.0
2030,sc01,12-14 16:00:00+01:00,Biomass 30,0.05239
2030,sc01,12-14 16:00:00+01:00,Hydro 23,1.1360061599999998
2030,sc01,12-14 16:00:00+01:00,CC NG 24,3.4591806421065745
2030,sc01,12-14 16:00:00+01:00,Solar 65,4.478012601400001
2030,sc01,12-14 16:00:00+01:00,CC NG 18,18.555763
2030,sc01,12-14 16:00:00+01:00,CT NG 16,0.0
2030,sc01,12-14 16:00:00+01:00,Solar 51,0.283736551752
2030,sc01,12-14 16:00:00+01:00,Wind 06,0.043929017232
2030,sc01,12-14 16:00:00+01:00,CC NG 26,0.0
2030,sc01,12-14 16:00:00+01:00,CC NG 23,0.0
2030,sc01,12-14 16:00:00+01:00,CT NG 43,0.0
2030,sc01,12-14 16:00:00+01:00,CC NG 11,17.8782828
2030,sc01,12-14 16:00:00+01:00,CT NG 02,0.0
2030,sc01,12-14 16:00:00+01:00,CT NG 50,0.0
2030,sc01,12-14 16:00:00+01:00,Hydro 27,0.3007992
2030,sc01,12-14 16:00:00+01:00,CT NG 13,0.0
2030,sc01,12-14 16:00:00+01:00,CT NG 25,0.0
2030,sc01,12-14 16:00:00+01:00,CC NG 05,0.6303898146723244
2030,sc01,12-14 16:00:00+01:00,Solar 04,0.088518571304
2030,sc01,12-14 16:00:00+01:00,Solar 30,0.163595593448
2030,sc01,12-14 16:00:00+01:00,Solar 29,0.0
2030,sc01,12-14 16:00:00+01:00,Solar 53,0.291787765856
2030,sc01,12-14 16:00:00+01:00,Solar 21,0.33587305322
2030,sc01,12-14 16:00:00+01:00,Biomass 58,0.06324
2030,sc01,12-14 16:00:00+01:00,CT NG 74,0.0
2030,sc01,12-14 16:00:00+01:00,Solar 61,0.034622352976
2030,sc01,12-14 16:00:00+01:00,Wind 07,0.024757607128
2030,sc01,12-14 16:00:00+01:00,Biomass 31,0.05239
2030,sc01,12-14 16:00:00+01:00,CT Oil 05,0.0
2030,sc01,12-14 16:00:00+01:00,Biomass 38,0.02511
2030,sc01,12-14 16:00:00+01:00,Solar 41,0.05259084825600001
2030,sc01,12-14 16:00:00+01:00,Biomass 51,0.00589
2030,sc01,12-14 16:00:00+01:00,Biomass 55,0.07812000000000001
2030,sc01,12-14 16:00:00+01:00,Wind 15,0.6904445959200001
2030,sc01,12-14 16:00:00+01:00,Geo 01,0.496
2030,sc01,12-14 16:00:00+01:00,Biomass 60,0.08370000000000001
2030,sc01,12-14 16:00:00+01:00,CT NG 38,0.0
2030,sc01,12-14 16:00:00+01:00,Solar 66,4.4033490146
2030,sc01,12-14 16:00:00+01:00,Solar 49,0.016542312751999997
2030,sc01,12-14 16:00:00+01:00,CT NG 51,0.0
2030,sc01,12-14 16:00:00+01:00,Biomass 18,0.0
2030,sc01,12-14 16:00:00+01:00,ICE NG 01,0.0
2030,sc01,12-14 16:00:00+01:00,Solar 15,0.19208275502400002
2030,sc01,12-14 16:00:00+01:00,ICE NG 05,0.0
2030,sc01,12-14 16:00:00+01:00,CT Oil 04,0.0
2030,sc01,12-14 16:00:00+01:00,CC NG 20,0.0
2030,sc01,12-14 16:00:00+01:00,Solar 20,0.186389690088
2030,sc01,12-14 16:00:00+01:00,Biomass 04,0.00775
2030,sc01,12-14 16:00:00+01:00,Wind 02,0.0
2030,sc01,12-14 16:00:00+01:00,Hydro 25,0.3007992
2030,sc01,12-14 16:00:00+01:00,Solar 75,0.72823310395
2030,sc01,12-14 16:00:00+01:00,Hydro 33,2.18191206
2030,sc01,12-14 16:00:00+01:00,ST NG 05,1.882382
2030,sc01,12-14 16:00:00+01:00,CT NG 07,0.0
2030,sc01,12-14 16:00:00+01:00,Wind 01,0.025431604912
2030,sc01,12-14 16:00:00+01:00,Solar 56,0.40456172172
2030,sc01,12-14 16:00:00+01:00,Biomass 09,0.024180000000000004
2030,sc01,12-14 16:00:00+01:00,Biomass 53,0.07812000000000001
2030,sc01,12-14 16:00:00+01:00,Wind 17,1.7838279104199999
2030,sc01,12-14 16:00:00+01:00,ST NG 08,0.0
2030,sc01,12-14 16:00:00+01:00,Hydro 19,0.116622
2030,sc01,12-14 16:00:00+01:00,ST NG 02,0.0
2030,sc01,12-14 16:00:00+01:00,Biomass 01,0.03286000000000001
2030,sc01,12-14 16:00:00+01:00,Biomass 57,0.06324
2030,sc01,12-14 16:00:00+01:00,CT NG 49,0.0
2030,sc01,12-14 16:00:00+01:00,CT NG 31,0.0
2030,sc01,12-14 16:00:00+01:00,Solar 64,2.3509518825
2030,sc01,12-14 16:00:00+01:00,CC NG 33,0.0
2030,sc01,12-14 16:00:00+01:00,Solar 46,0.026864200224
2030,sc01,12-14 16:00:00+01:00,Biomass 12,0.01054
2030,sc01,12-14 16:00:00+01:00,Wind 04,0.091871294216
2030,sc01,12-14 16:00:00+01:00,Solar 13,0.0
2030,sc01,12-14 16:00:00+01:00,CT NG 55,0.0
2030,sc01,12-14 16:00:00+01:00,Wind N03,68.60876578300001
2030,sc01,12-14 16:00:00+01:00,CT NG 28,0.0
2030,sc01,12-14 16:00:00+01:00,Wind 09,0.100046950008
2030,sc01,12-14 16:00:00+01:00,Solar 60,0.26909273777599996
2030,sc01,12-14 16:00:00+01:00,Solar 25,0.035360382624
2030,sc01,12-14 16:00:00+01:00,CT NG 23,0.0
2030,sc01,12-14 16:00:00+01:00,ST Other 01,0.0
2030,sc01,12-14 16:00:00+01:00,Solar 70,2.7543374834399996
2030,sc01,12-14 16:00:00+01:00,CC NG 34,11.705700662128281
2030,sc01,12-14 16:00:00+01:00,Solar 48,0.026864200224
2030,sc01,12-14 16:00:00+01:00,Biomass 56,0.07936
2030,sc01,12-14 16:00:00+01:00,CT NG 36,0.0
2030,sc01,12-14 16:00:00+01:00,Solar 47,0.026864200224
2030,sc01,12-14 16:00:00+01:00,Hydro 17,0.010412280000000001
2030,sc01,12-14 16:00:00+01:00,Solar 09,0.23436044416800003
2030,sc01,12-14 16:00:00+01:00,Solar 08,0.045781908063999996
2030,sc01,12-14 16:00:00+01:00,CT NG 45,0.0
2030,sc01,12-14 16:00:00+01:00,ST NG 04,1.882382
2030,sc01,12-14 16:00:00+01:00,Solar 40,0.05259084825600001
2030,sc01,12-14 16:00:00+01:00,Biomass 47,0.07378
2030,sc01,12-14 16:00:00+01:00,Solar 50,0.138655008944
2030,sc01,12-14 16:00:00+01:00,Solar 52,0.31449260865999995
2030,sc01,12-14 16:00:00+01:00,Solar 63,5.0205310092
2030,sc01,12-14 16:00:00+01:00,CC NG 06,0.0
2030,sc01,12-14 16:00:00+01:00,Biomass 39,0.02511
2030,sc01,12-14 16:00:00+01:00,Solar 67,3.3467407459
2030,sc01,12-14 16:00:00+01:00,Solar 19,0.0
2030,sc01,12-14 16:00:00+01:00,Wind 12,0.217894341568
2030,sc01,12-14 16:00:00+01:00,Solar 24,0.026373605136
2030,sc01,12-14 16:00:00+01:00,ICE NG 02,0.0
2030,sc01,12-14 16:00:00+01:00,Solar 05,0.0
2030,sc01,12-14 16:00:00+01:00,CT NG 54,0.0
2030,sc01,12-14 16:00:00+01:00,Wind N01,2.06720272776
2030,sc01,12-14 16:00:00+01:00,CT NG 27,0.0
2030,sc01,12-14 16:00:00+01:00,CC NG 36,0.0
2030,sc01,12-14 16:00:00+01:00,Wind N02,17.4512826403
2030,sc01,12-14 16:00:00+01:00,CT NG 52,0.0
2030,sc01,12-14 16:00:00+01:00,Solar 35,1.6620072501000003
2030,sc01,12-14 16:00:00+01:00,CT NG 05,0.0
2030,sc01,12-14 16:00:00+01:00,Biomass 36,0.044640000000000006
2030,sc01,12-14 16:00:00+01:00,CT NG 34,0.0
2030,sc01,12-14 16:00:00+01:00,CT Oil 03,0.0
2030,sc01,12-14 16:00:00+01:00,Hydro 35,0.0
2030,sc01,12-14 16:00:00+01:00,Solar 14,0.21355277123200003
2030,sc01,12-14 16:00:00+01:00,CT NG 75,0.0
2030,sc01,12-14 16:00:00+01:00,ST NG 09,0.0
2030,sc01,12-14 16:00:00+01:00,CT NG 56,0.0
2030,sc01,12-14 16:00:00+01:00,Biomass 22,0.01147
2030,sc01,12-14 16:00:00+01:00,Solar 18,0.22524756984
2030,sc01,12-14 16:00:00+01:00,Biomass 13,0.01054
2030,sc01,12-14 16:00:00+01:00,CT NG 71,0.0
2030,sc01,12-14 16:00:00+01:00,Solar 58,0.236834257064
2030,sc01,12-14 16:00:00+01:00,Solar 06,0.1583841832
2030,sc01,12-14 16:00:00+01:00,Biomass 08,0.024180000000000004
2030,sc01,12-14 16:00:00+01:00,CT NG 72,0.0
2030,sc01,12-14 16:00:00+01:00,Hydro 18,0.03586452
2030,sc01,12-14 16:00:00+01:00,Solar 10,0.17953744612
2030,sc01,12-14 16:00:00+01:00,CT NG 04,0.0
2030,sc01,12-14 16:00:00+01:00,ST Other 02,0.0
2030,sc01,12-14 16:00:00+01:00,CT NG 12,0.0
2030,sc01,12-14 16:00:00+01:00,CT NG 48,0.0
2030,sc01,12-14 16:00:00+01:00,ST NG 10,0.0
2030,sc01,12-14 16:00:00+01:00,Solar 22,0.0
2030,sc01,12-14 16:00:00+01:00,Solar 28,0.0
2030,sc01,12-14 16:00:00+01:00,CT NG 73,0.0
2030,sc01,12-14 16:00:00+01:00,Biomass 52,0.04619
2030,sc01,12-14 16:00:00+01:00,CT NG 30,0.0
2030,sc01,12-14 16:00:00+01:00,Solar 54,0.271871377392
2030,sc01,12-14 16:00:00+01:00,Solar 31,4.7812695651
2030,sc01,12-14 16:00:00+01:00,Biomass 03,0.00775
2030,sc01,12-14 16:00:00+01:00,CT NG 32,0.0
2030,sc01,12-14 16:00:00+01:00,Biomass 27,0.05239
2030,sc01,12-14 16:00:00+01:00,CC NG 14,0.0
2030,sc01,12-14 16:00:00+01:00,CC NG 03,3.8064794600000003
2030,sc01,12-14 16:00:00+01:00,CC NG 29,0.0
2030,sc01,12-14 16:00:00+01:00,CC NG 28,0.0
2030,sc01,12-14 16:00:00+01:00,CC NG 25,0.0
2030,sc01,12-14 16:00:00+01:00,CT NG 44,0.0
2030,sc01,12-14 16:00:00+01:00,CT NG 14,0.0
2030,sc01,12-14 16:00:00+01:00,CC NG 15,0.0
2030,sc01,12-14 16:00:00+01:00,CC NG 04,8.211729339257513
2030,sc01,12-14 16:00:00+01:00,Biomass 29,0.05239
2030,sc01,12-14 16:00:00+01:00,Wind 14,2.38313935269
2030,sc01,12-14 16:00:00+01:00,Wind 08,0.08449218516
2030,sc01,12-14 16:00:00+01:00,Biomass 61,0.012090000000000002
2030,sc01,12-14 16:00:00+01:00,CT NG 35,0.0
2030,sc01,12-14 16:00:00+01:00,Solar 33,7.4941982176
2030,sc01,12-14 16:00:00+01:00,CT NG 41,0.0
2030,sc01,12-14 16:00:00+01:00,CT NG 15,0.0
2030,sc01,12-14 16:00:00+01:00,Solar 42,0.026864200224
2030,sc01,12-14 16:00:00+01:00,Solar 07,0.0
2030,sc01,12-14 16:00:00+01:00,Solar 43,0.026864200224
2030,sc01,12-14 16:00:00+01:00,Biomass 05,0.01426
2030,sc01,12-14 16:00:00+01:00,CT NG 29,0.0
2030,sc01,12-14 16:00:00+01:00,Solar 71,4.5639309769
2030,sc01,12-14 16:00:00+01:00,CT NG 53,0.0
2030,sc01,12-14 16:00:00+01:00,CT NG 20,0.0
2030,sc01,12-14 16:00:00+01:00,Biomass 14,0.02325
2030,sc01,12-14 16:00:00+01:00,Solar 26,0.032746183376
2030,sc01,12-14 16:00:00+01:00,Hydro 29,0.860715
2030,sc01,12-14 16:00:00+01:00,Hydro 31,0.0
2030,sc01,12-14 16:00:00+01:00,Biomass 24,0.00868
2030,sc01,12-14 16:00:00+01:00,Biomass 54,0.07812000000000001
2030,sc01,12-14 16:00:00+01:00,Solar 36,3.0387393624
2030,sc01,12-14 16:00:00+01:00,Wind 03,0.297771470424
2030,sc01,12-14 16:00:00+01:00,Biomass 40,0.02511
2030,sc01,12-14 16:00:00+01:00,Biomass 49,0.01023
2030,sc01,12-14 16:00:00+01:00,CC NG 16,28.283299500000002
2030,sc01,12-14 16:00:00+01:00,Biomass 48,0.07378
2030,sc01,12-14 16:00:00+01:00,Hydro 28,0.860715
2030,sc01,12-14 16:00:00+01:00,Biomass 17,0.0
2030,sc01,12-14 16:00:00+01:00,CT NG 33,0.0
2030,sc01,12-14 16:00:00+01:00,Solar 45,0.026864200224
2030,sc01,12-14 16:00:00+01:00,Hydro 24,1.1360061599999998
2030,sc01,12-14 16:00:00+01:00,Wind 13,0.0702394962
2030,sc01,12-14 16:00:00+01:00,Biomass 07,0.062
2030,sc01,12-14 16:00:00+01:00,Biomass 34,0.044640000000000006
2030,sc01,12-14 16:00:00+01:00,Biomass 33,0.044640000000000006
2030,sc01,12-14 16:00:00+01:00,CT NG 01,0.0
2030,sc01,12-14 16:00:00+01:00,ICE NG 03,0.0
2030,sc01,12-14 16:00:00+01:00,Solar 55,0.40347197562000003
2030,sc01,12-14 16:00:00+01:00,Solar 11,0.036172820208
2030,sc01,12-14 16:00:00+01:00,CT NG 06,0.0
2030,sc01,12-14 16:00:00+01:00,CT NG 70,0.0
2030,sc01,12-14 16:00:00+01:00,Solar 23,0.0
2030,sc01,12-14 16:00:00+01:00,CT NG 67,0.0
2030,sc01,12-14 16:00:00+01:00,Solar 12,0.028001584272000002
2030,sc01,12-14 16:00:00+01:00,CT Oil 01,0.0
2030,sc01,12-14 16:00:00+01:00,Hydro 26,0.3007992
2030,sc01,12-14 16:00:00+01:00,CC NG 22,20.318410599999996
2030,sc01,12-14 16:00:00+01:00,CC NG 35,17.836314999999995
2030,sc01,12-14 16:00:00+01:00,Biomass 50,0.00589
2030,sc01,12-14 16:00:00+01:00,ICE NG 04,0.0
2030,sc01,12-14 16:00:00+01:00,CC NG 39,0.0
2030,sc01,12-14 16:00:00+01:00,Hydro 32,0.003702144
2030,sc01,12-14 16:00:00+01:00,ICE NG 07,0.0
2030,sc01,12-14 16:00:00+01:00,Biomass 46,0.02015
2030,sc01,12-14 16:00:00+01:00,CC NG 38,2.9437414
2030,sc01,12-14 16:00:00+01:00,CC NG 12,0.0
2030,sc01,12-14 16:00:00+01:00,Solar 57,0.20225647068
2030,sc01,12-14 16:00:00+01:00,CC NG 32,0.0
2030,sc01,12-14 16:00:00+01:00,CC NG 07,0.0
2030,sc01,12-14 16:00:00+01:00,Biomass 44,0.03875
2030,sc01,12-14 16:00:00+01:00,CT NG 40,0.0
2030,sc01,12-14 16:00:00+01:00,Solar 74,0.72896152025
2030,sc01,12-14 16:00:00+01:00,Hydro 30,0.0
2030,sc01,12-14 16:00:00+01:00,CT NG 42,0.0
2030,sc01,12-14 16:00:00+01:00,Hydro 22,1.06778508
2030,sc01,12-14 16:00:00+01:00,Solar 17,0.054922297744
2030,sc01,12-14 16:00:00+01:00,Solar 38,0.52939598008
2030,sc01,12-14 16:00:00+01:00,CT NG 24,0.0
2030,sc01,12-14 16:00:00+01:00,CC NG 27,0.0
2030,sc01,12-14 16:00:00+01:00,Biomass 21,0.01147
2030,sc01,12-14 16:00:00+01:00,ICE NG 06,0.0
2030,sc01,12-14 16:00:00+01:00,Biomass 25,0.00868
2030,sc01,12-14 16:00:00+01:00,Solar 27,0.027461265184
2030,sc01,12-14 16:00:00+01:00,CT NG 19,0.11715209999999998
2030,sc01,12-14 16:00:00+01:00,Biomass 42,0.04557
2030,sc01,12-14 16:00:00+01:00,Biomass 19,0.01147
2030,sc01,12-14 16:00:00+01:00,Biomass 06,0.01426
2030,sc01,12-14 16:00:00+01:00,CT NG 10,0.0
2030,sc01,12-14 16:00:00+01:00,CC NG 40,15.618998810045275
2030,sc01,12-14 16:00:00+01:00,CC NG 21,0.0
2030,sc01,12-14 16:00:00+01:00,Biomass 02,0.03286000000000001
2030,sc01,12-14 16:00:00+01:00,CT NG 46,0.0
2030,sc01,12-14 16:00:00+01:00,Hydro 34,2.18191206
2030,sc01,12-14 16:00:00+01:00,Biomass 10,0.024180000000000004
2030,sc01,12-14 16:00:00+01:00,CT NG 17,0.0
2030,sc01,12-14 16:00:00+01:00,Biomass 62,0.06014
2030,sc01,12-14 16:00:00+01:00,Biomass 32,0.03844
2030,sc01,12-14 16:00:00+01:00,CC NG 19,4.19678
2030,sc01,12-14 16:00:00+01:00,CC NG 17,0.0
2030,sc01,12-14 16:00:00+01:00,ST NG 01,0.0
2030,sc01,12-14 16:00:00+01:00,Biomass 45,0.03875
2030,sc01,12-14 16:00:00+01:00,Biomass 28,0.05239
2030,sc01,12-14 16:00:00+01:00,CC NG 10,0.0
2030,sc01,12-14 16:00:00+01:00,Biomass 23,0.00868
2030,sc01,12-14 16:00:00+01:00,ST NG 06,0.0
2030,sc01,12-14 16:00:00+01:00,Wind 10,0.08295952457599999
2030,sc01,12-14 16:00:00+01:00,CT NG 69,0.0
2030,sc01,12-14 16:00:00+01:00,CT NG 68,0.0
2030,sc01,12-15 17:00:00+01:00,CC NG 13,0.0
2030,sc01,12-15 17:00:00+01:00,CT NG 37,0.0
2030,sc01,12-15 17:00:00+01:00,ST Coal 01,0.0
2030,sc01,12-15 17:00:00+01:00,CT NG 09,0.0
2030,sc01,12-15 17:00:00+01:00,CT NG 47,0.0
2030,sc01,12-15 17:00:00+01:00,Solar 69,0.0
2030,sc01,12-15 17:00:00+01:00,Solar 34,0.0
2030,sc01,12-15 17:00:00+01:00,Solar 73,0.0
2030,sc01,12-15 17:00:00+01:00,Biomass 37,0.03159
2030,sc01,12-15 17:00:00+01:00,Hydro 20,1.24323498
2030,sc01,12-15 17:00:00+01:00,Solar 01,0.0
2030,sc01,12-15 17:00:00+01:00,Solar 62,0.0
2030,sc01,12-15 17:00:00+01:00,Solar 02,0.0
2030,sc01,12-15 17:00:00+01:00,CT NG 26,0.0
2030,sc01,12-15 17:00:00+01:00,Biomass 20,0.01443
2030,sc01,12-15 17:00:00+01:00,Wind 16,4.2681739074
2030,sc01,12-15 17:00:00+01:00,CT NG 66,0.0
2030,sc01,12-15 17:00:00+01:00,Solar 39,0.0
2030,sc01,12-15 17:00:00+01:00,Biomass 41,0.05733
2030,sc01,12-15 17:00:00+01:00,Solar 72,0.0
2030,sc01,12-15 17:00:00+01:00,ST NG 03,0.0
2030,sc01,12-15 17:00:00+01:00,Hydro 21,1.24323498
2030,sc01,12-15 17:00:00+01:00,CT NG 03,0.0
2030,sc01,12-15 17:00:00+01:00,CC NG 09,0.0
2030,sc01,12-15 17:00:00+01:00,CT Oil 02,0.0
2030,sc01,12-15 17:00:00+01:00,CT NG 39,0.0
2030,sc01,12-15 17:00:00+01:00,CC NG 08,0.0
2030,sc01,12-15 17:00:00+01:00,Biomass 43,0.11154
2030,sc01,12-15 17:00:00+01:00,CT NG 18,0.0
2030,sc01,12-15 17:00:00+01:00,ST NG 07,0.0
2030,sc01,12-15 17:00:00+01:00,Biomass 35,0.05616
2030,sc01,12-15 17:00:00+01:00,Solar 32,0.0
2030,sc01,12-15 17:00:00+01:00,Biomass 15,0.0
2030,sc01,12-15 17:00:00+01:00,CC NG 31,0.0
2030,sc01,12-15 17:00:00+01:00,Solar 16,0.0
2030,sc01,12-15 17:00:00+01:00,Solar 68,0.0
2030,sc01,12-15 17:00:00+01:00,CT NG 21,0.0
2030,sc01,12-15 17:00:00+01:00,Wind 11,0.7935386355
2030,sc01,12-15 17:00:00+01:00,CC NG 37,0.0
2030,sc01,12-15 17:00:00+01:00,CT NG 22,0.0
2030,sc01,12-15 17:00:00+01:00,Hydro 16,0.0
2030,sc01,12-15 17:00:00+01:00,Biomass 59,0.16146000000000002
2030,sc01,12-15 17:00:00+01:00,CC NG 01,0.0
2030,sc01,12-15 17:00:00+01:00,Biomass 16,0.0
2030,sc01,12-15 17:00:00+01:00,Solar 03,0.0
2030,sc01,12-15 17:00:00+01:00,Solar 44,0.0
2030,sc01,12-15 17:00:00+01:00,CT NG 08,0.0
2030,sc01,12-15 17:00:00+01:00,Wind 05,0.087858121416
2030,sc01,12-15 17:00:00+01:00,Biomass 26,0.06591
2030,sc01,12-15 17:00:00+01:00,Solar 37,0.0
2030,sc01,12-15 17:00:00+01:00,Biomass 11,0.013260000000000001
2030,sc01,12-15 17:00:00+01:00,Solar 59,0.0
2030,sc01,12-15 17:00:00+01:00,CT NG 11,0.0
2030,sc01,12-15 17:00:00+01:00,Biomass 30,0.06591
2030,sc01,12-15 17:00:00+01:00,Hydro 23,1.4515363200000002
2030,sc01,12-15 17:00:00+01:00,CC NG 24,0.0
2030,sc01,12-15 17:00:00+01:00,Solar 65,0.0
2030,sc01,12-15 17:00:00+01:00,CC NG 18,0.0
2030,sc01,12-15 17:00:00+01:00,CT NG 16,0.0
2030,sc01,12-15 17:00:00+01:00,Solar 51,0.0
2030,sc01,12-15 17:00:00+01:00,Wind 06,2.1112009128600002
2030,sc01,12-15 17:00:00+01:00,CC NG 26,0.0
2030,sc01,12-15 17:00:00+01:00,CC NG 23,0.0
2030,sc01,12-15 17:00:00+01:00,CT NG 43,0.0
2030,sc01,12-15 17:00:00+01:00,CC NG 11,0.0
2030,sc01,12-15 17:00:00+01:00,CT NG 02,0.0
2030,sc01,12-15 17:00:00+01:00,CT NG 50,0.0
2030,sc01,12-15 17:00:00+01:00,Hydro 27,0.3702114
2030,sc01,12-15 17:00:00+01:00,CT NG 13,0.0
2030,sc01,12-15 17:00:00+01:00,CT NG 25,0.0
2030,sc01,12-15 17:00:00+01:00,CC NG 05,0.0
2030,sc01,12-15 17:00:00+01:00,Solar 04,0.0
2030,sc01,12-15 17:00:00+01:00,Solar 30,0.0
2030,sc01,12-15 17:00:00+01:00,Solar 29,0.0
2030,sc01,12-15 17:00:00+01:00,Solar 53,0.0
2030,sc01,12-15 17:00:00+01:00,Solar 21,0.0
2030,sc01,12-15 17:00:00+01:00,Biomass 58,0.07956
2030,sc01,12-15 17:00:00+01:00,CT NG 74,0.0
2030,sc01,12-15 17:00:00+01:00,Solar 61,0.0
2030,sc01,12-15 17:00:00+01:00,Wind 07,0.7979784501000001
2030,sc01,12-15 17:00:00+01:00,Biomass 31,0.06591
2030,sc01,12-15 17:00:00+01:00,CT Oil 05,0.0
2030,sc01,12-15 17:00:00+01:00,Biomass 38,0.03159
2030,sc01,12-15 17:00:00+01:00,Solar 41,0.0
2030,sc01,12-15 17:00:00+01:00,Biomass 51,0.007410000000000001
2030,sc01,12-15 17:00:00+01:00,Biomass 55,0.09828
2030,sc01,12-15 17:00:00+01:00,Wind 15,4.8231511847999995
2030,sc01,12-15 17:00:00+01:00,Geo 01,0.624
2030,sc01,12-15 17:00:00+01:00,Biomass 60,0.1053
2030,sc01,12-15 17:00:00+01:00,CT NG 38,0.0
2030,sc01,12-15 17:00:00+01:00,Solar 66,0.0
2030,sc01,12-15 17:00:00+01:00,Solar 49,0.0
2030,sc01,12-15 17:00:00+01:00,CT NG 51,0.0
2030,sc01,12-15 17:00:00+01:00,Biomass 18,0.0
2030,sc01,12-15 17:00:00+01:00,ICE NG 01,0.0
2030,sc01,12-15 17:00:00+01:00,Solar 15,0.0
2030,sc01,12-15 17:00:00+01:00,ICE NG 05,0.0
2030,sc01,12-15 17:00:00+01:00,CT Oil 04,0.0
2030,sc01,12-15 17:00:00+01:00,CC NG 20,0.0
2030,sc01,12-15 17:00:00+01:00,Solar 20,0.0
2030,sc01,12-15 17:00:00+01:00,Biomass 04,0.00975
2030,sc01,12-15 17:00:00+01:00,Wind 02,2.8947684246
2030,sc01,12-15 17:00:00+01:00,Hydro 25,0.3702114
2030,sc01,12-15 17:00:00+01:00,Solar 75,0.0
2030,sc01,12-15 17:00:00+01:00,Hydro 33,2.74311804
2030,sc01,12-15 17:00:00+01:00,ST NG 05,0.0
2030,sc01,12-15 17:00:00+01:00,CT NG 07,0.0
2030,sc01,12-15 17:00:00+01:00,Wind 01,0.5669566164600001
2030,sc01,12-15 17:00:00+01:00,Solar 56,0.0
2030,sc01,12-15 17:00:00+01:00,Biomass 09,0.030420000000000003
2030,sc01,12-15 17:00:00+01:00,Biomass 53,0.09828
2030,sc01,12-15 17:00:00+01:00,Wind 17,3.1294380811200004
2030,sc01,12-15 17:00:00+01:00,ST NG 08,0.0
2030,sc01,12-15 17:00:00+01:00,Hydro 19,0.1383525
2030,sc01,12-15 17:00:00+01:00,ST NG 02,0.0
2030,sc01,12-15 17:00:00+01:00,Biomass 01,0.04134000000000001
2030,sc01,12-15 17:00:00+01:00,Biomass 57,0.07956
2030,sc01,12-15 17:00:00+01:00,CT NG 49,0.0
2030,sc01,12-15 17:00:00+01:00,CT NG 31,0.0
2030,sc01,12-15 17:00:00+01:00,Solar 64,0.0
2030,sc01,12-15 17:00:00+01:00,CC NG 33,0.0
2030,sc01,12-15 17:00:00+01:00,Solar 46,0.0
2030,sc01,12-15 17:00:00+01:00,Biomass 12,0.013260000000000001
2030,sc01,12-15 17:00:00+01:00,Wind 04,0.9632490667800001
2030,sc01,12-15 17:00:00+01:00,Solar 13,0.0
2030,sc01,12-15 17:00:00+01:00,CT NG 55,0.0
2030,sc01,12-15 17:00:00+01:00,Wind N03,120.363003111
2030,sc01,12-15 17:00:00+01:00,CT NG 28,0.0
2030,sc01,12-15 17:00:00+01:00,Wind 09,1.39643730447
2030,sc01,12-15 17:00:00+01:00,Solar 60,0.0
2030,sc01,12-15 17:00:00+01:00,Solar 25,0.0
2030,sc01,12-15 17:00:00+01:00,CT NG 23,0.0
2030,sc01,12-15 17:00:00+01:00,ST Other 01,0.0
2030,sc01,12-15 17:00:00+01:00,Solar 70,0.0
2030,sc01,12-15 17:00:00+01:00,CC NG 34,25.957857899999997
2030,sc01,12-15 17:00:00+01:00,Solar 48,0.0
2030,sc01,12-15 17:00:00+01:00,Biomass 56,0.09984000000000001
2030,sc01,12-15 17:00:00+01:00,CT NG 36,0.0
2030,sc01,12-15 17:00:00+01:00,Solar 47,0.0
2030,sc01,12-15 17:00:00+01:00,Hydro 17,0.012815010000000002
2030,sc01,12-15 17:00:00+01:00,Solar 09,0.0
2030,sc01,12-15 17:00:00+01:00,Solar 08,0.0
2030,sc01,12-15 17:00:00+01:00,CT NG 45,0.0
2030,sc01,12-15 17:00:00+01:00,ST NG 04,2.3681579999999998
2030,sc01,12-15 17:00:00+01:00,Solar 40,0.0
2030,sc01,12-15 17:00:00+01:00,Biomass 47,0.09281999999999999
2030,sc01,12-15 17:00:00+01:00,Solar 50,0.0
2030,sc01,12-15 17:00:00+01:00,Solar 52,0.0
2030,sc01,12-15 17:00:00+01:00,Solar 63,0.0
2030,sc01,12-15 17:00:00+01:00,CC NG 06,0.0
2030,sc01,12-15 17:00:00+01:00,Biomass 39,0.03159
2030,sc01,12-15 17:00:00+01:00,Solar 67,0.0
2030,sc01,12-15 17:00:00+01:00,Solar 19,0.0
2030,sc01,12-15 17:00:00+01:00,Wind 12,14.4881225268
2030,sc01,12-15 17:00:00+01:00,Solar 24,0.0
2030,sc01,12-15 17:00:00+01:00,ICE NG 02,0.0
2030,sc01,12-15 17:00:00+01:00,Solar 05,0.0
2030,sc01,12-15 17:00:00+01:00,CT NG 54,0.0
2030,sc01,12-15 17:00:00+01:00,Wind N01,137.451418845
2030,sc01,12-15 17:00:00+01:00,CT NG 27,0.0
2030,sc01,12-15 17:00:00+01:00,CC NG 36,2.081001052639965
2030,sc01,12-15 17:00:00+01:00,Wind N02,67.888301403
2030,sc01,12-15 17:00:00+01:00,CT NG 52,0.0
2030,sc01,12-15 17:00:00+01:00,Solar 35,0.0
2030,sc01,12-15 17:00:00+01:00,CT NG 05,0.0
2030,sc01,12-15 17:00:00+01:00,Biomass 36,0.05616
2030,sc01,12-15 17:00:00+01:00,CT NG 34,0.0
2030,sc01,12-15 17:00:00+01:00,CT Oil 03,0.0
2030,sc01,12-15 17:00:00+01:00,Hydro 35,0.0
2030,sc01,12-15 17:00:00+01:00,Solar 14,0.0
2030,sc01,12-15 17:00:00+01:00,CT NG 75,0.0
2030,sc01,12-15 17:00:00+01:00,ST NG 09,0.0
2030,sc01,12-15 17:00:00+01:00,CT NG 56,0.0
2030,sc01,12-15 17:00:00+01:00,Biomass 22,0.01443
2030,sc01,12-15 17:00:00+01:00,Solar 18,0.0
2030,sc01,12-15 17:00:00+01:00,Biomass 13,0.013260000000000001
2030,sc01,12-15 17:00:00+01:00,CT NG 71,0.0
2030,sc01,12-15 17:00:00+01:00,Solar 58,0.0
2030,sc01,12-15 17:00:00+01:00,Solar 06,0.0
2030,sc01,12-15 17:00:00+01:00,Biomass 08,0.030420000000000003
2030,sc01,12-15 17:00:00+01:00,CT NG 72,0.0
2030,sc01,12-15 17:00:00+01:00,Hydro 18,0.04414059
2030,sc01,12-15 17:00:00+01:00,Solar 10,0.0
2030,sc01,12-15 17:00:00+01:00,CT NG 04,0.0
2030,sc01,12-15 17:00:00+01:00,ST Other 02,0.0
2030,sc01,12-15 17:00:00+01:00,CT NG 12,0.0
2030,sc01,12-15 17:00:00+01:00,CT NG 48,0.0
2030,sc01,12-15 17:00:00+01:00,ST NG 10,0.0
2030,sc01,12-15 17:00:00+01:00,Solar 22,0.0
2030,sc01,12-15 17:00:00+01:00,Solar 28,0.0
2030,sc01,12-15 17:00:00+01:00,CT NG 73,0.0
2030,sc01,12-15 17:00:00+01:00,Biomass 52,0.05811
2030,sc01,12-15 17:00:00+01:00,CT NG 30,0.0
2030,sc01,12-15 17:00:00+01:00,Solar 54,0.0
2030,sc01,12-15 17:00:00+01:00,Solar 31,0.0
2030,sc01,12-15 17:00:00+01:00,Biomass 03,0.00975
2030,sc01,12-15 17:00:00+01:00,CT NG 32,0.0
2030,sc01,12-15 17:00:00+01:00,Biomass 27,0.06591
2030,sc01,12-15 17:00:00+01:00,CC NG 14,0.0
2030,sc01,12-15 17:00:00+01:00,CC NG 03,0.0
2030,sc01,12-15 17:00:00+01:00,CC NG 29,0.0
2030,sc01,12-15 17:00:00+01:00,CC NG 28,0.0
2030,sc01,12-15 17:00:00+01:00,CC NG 25,0.0
2030,sc01,12-15 17:00:00+01:00,CT NG 44,0.0
2030,sc01,12-15 17:00:00+01:00,CT NG 14,0.3884698566448512
2030,sc01,12-15 17:00:00+01:00,CC NG 15,0.0
2030,sc01,12-15 17:00:00+01:00,CC NG 04,0.0
2030,sc01,12-15 17:00:00+01:00,Biomass 29,0.06591
2030,sc01,12-15 17:00:00+01:00,Wind 14,9.2707960761
2030,sc01,12-15 17:00:00+01:00,Wind 08,1.43574801162
2030,sc01,12-15 17:00:00+01:00,Biomass 61,0.015210000000000001
2030,sc01,12-15 17:00:00+01:00,CT NG 35,0.0
2030,sc01,12-15 17:00:00+01:00,Solar 33,0.0
2030,sc01,12-15 17:00:00+01:00,CT NG 41,0.0
2030,sc01,12-15 17:00:00+01:00,CT NG 15,0.0
2030,sc01,12-15 17:00:00+01:00,Solar 42,0.0
2030,sc01,12-15 17:00:00+01:00,Solar 07,0.0
2030,sc01,12-15 17:00:00+01:00,Solar 43,0.0
2030,sc01,12-15 17:00:00+01:00,Biomass 05,0.01794
2030,sc01,12-15 17:00:00+01:00,CT NG 29,0.0
2030,sc01,12-15 17:00:00+01:00,Solar 71,0.0
2030,sc01,12-15 17:00:00+01:00,CT NG 53,0.0
2030,sc01,12-15 17:00:00+01:00,CT NG 20,0.0
2030,sc01,12-15 17:00:00+01:00,Biomass 14,0.02925
2030,sc01,12-15 17:00:00+01:00,Solar 26,0.0
2030,sc01,12-15 17:00:00+01:00,Hydro 29,1.11969
2030,sc01,12-15 17:00:00+01:00,Hydro 31,0.0
2030,sc01,12-15 17:00:00+01:00,Biomass 24,0.010920000000000001
2030,sc01,12-15 17:00:00+01:00,Biomass 54,0.09828
2030,sc01,12-15 17:00:00+01:00,Solar 36,0.0
2030,sc01,12-15 17:00:00+01:00,Wind 03,1.93211723328
2030,sc01,12-15 17:00:00+01:00,Biomass 40,0.03159
2030,sc01,12-15 17:00:00+01:00,Biomass 49,0.01287
2030,sc01,12-15 17:00:00+01:00,CC NG 16,0.0
2030,sc01,12-15 17:00:00+01:00,Biomass 48,0.09281999999999999
2030,sc01,12-15 17:00:00+01:00,Hydro 28,1.11969
2030,sc01,12-15 17:00:00+01:00,Biomass 17,0.0
2030,sc01,12-15 17:00:00+01:00,CT NG 33,0.0
2030,sc01,12-15 17:00:00+01:00,Solar 45,0.0
2030,sc01,12-15 17:00:00+01:00,Hydro 24,1.4515363200000002
2030,sc01,12-15 17:00:00+01:00,Wind 13,6.8715251202
2030,sc01,12-15 17:00:00+01:00,Biomass 07,0.078
2030,sc01,12-15 17:00:00+01:00,Biomass 34,0.05616
2030,sc01,12-15 17:00:00+01:00,Biomass 33,0.05616
2030,sc01,12-15 17:00:00+01:00,CT NG 01,0.9598914000000001
2030,sc01,12-15 17:00:00+01:00,ICE NG 03,0.0
2030,sc01,12-15 17:00:00+01:00,Solar 55,0.0
2030,sc01,12-15 17:00:00+01:00,Solar 11,0.0
2030,sc01,12-15 17:00:00+01:00,CT NG 06,0.0
2030,sc01,12-15 17:00:00+01:00,CT NG 70,0.0
2030,sc01,12-15 17:00:00+01:00,Solar 23,0.0
2030,sc01,12-15 17:00:00+01:00,CT NG 67,0.0
2030,sc01,12-15 17:00:00+01:00,Solar 12,0.0
2030,sc01,12-15 17:00:00+01:00,CT Oil 01,0.0
2030,sc01,12-15 17:00:00+01:00,Hydro 26,0.3702114
2030,sc01,12-15 17:00:00+01:00,CC NG 22,23.06968468197277
2030,sc01,12-15 17:00:00+01:00,CC NG 35,3.8236508688564146
2030,sc01,12-15 17:00:00+01:00,Biomass 50,0.007410000000000001
2030,sc01,12-15 17:00:00+01:00,ICE NG 04,0.0
2030,sc01,12-15 17:00:00+01:00,CC NG 39,5.440849385506679
2030,sc01,12-15 17:00:00+01:00,Hydro 32,0.004556448
2030,sc01,12-15 17:00:00+01:00,ICE NG 07,0.0
2030,sc01,12-15 17:00:00+01:00,Biomass 46,0.025350000000000004
2030,sc01,12-15 17:00:00+01:00,CC NG 38,0.0
2030,sc01,12-15 17:00:00+01:00,CC NG 12,0.0
2030,sc01,12-15 17:00:00+01:00,Solar 57,0.0
2030,sc01,12-15 17:00:00+01:00,CC NG 32,0.0
2030,sc01,12-15 17:00:00+01:00,CC NG 07,0.0
2030,sc01,12-15 17:00:00+01:00,Biomass 44,0.04875
2030,sc01,12-15 17:00:00+01:00,CT NG 40,0.0
2030,sc01,12-15 17:00:00+01:00,Solar 74,0.0
2030,sc01,12-15 17:00:00+01:00,Hydro 30,0.0
2030,sc01,12-15 17:00:00+01:00,CT NG 42,0.0
2030,sc01,12-15 17:00:00+01:00,Hydro 22,1.24323498
2030,sc01,12-15 17:00:00+01:00,Solar 17,0.0
2030,sc01,12-15 17:00:00+01:00,Solar 38,0.0
2030,sc01,12-15 17:00:00+01:00,CT NG 24,0.0
2030,sc01,12-15 17:00:00+01:00,CC NG 27,0.0
2030,sc01,12-15 17:00:00+01:00,Biomass 21,0.01443
2030,sc01,12-15 17:00:00+01:00,ICE NG 06,0.0
2030,sc01,12-15 17:00:00+01:00,Biomass 25,0.010920000000000001
2030,sc01,12-15 17:00:00+01:00,Solar 27,0.0
2030,sc01,12-15 17:00:00+01:00,CT NG 19,0.14738489999999996
2030,sc01,12-15 17:00:00+01:00,Biomass 42,0.05733
2030,sc01,12-15 17:00:00+01:00,Biomass 19,0.01443
2030,sc01,12-15 17:00:00+01:00,Biomass 06,0.01794
2030,sc01,12-15 17:00:00+01:00,CT NG 10,0.0
2030,sc01,12-15 17:00:00+01:00,CC NG 40,28.3262343
2030,sc01,12-15 17:00:00+01:00,CC NG 21,0.0
2030,sc01,12-15 17:00:00+01:00,Biomass 02,0.04134000000000001
2030,sc01,12-15 17:00:00+01:00,CT NG 46,0.0
2030,sc01,12-15 17:00:00+01:00,Hydro 34,2.74311804
2030,sc01,12-15 17:00:00+01:00,Biomass 10,0.030420000000000003
2030,sc01,12-15 17:00:00+01:00,CT NG 17,0.0
2030,sc01,12-15 17:00:00+01:00,Biomass 62,0.07565999999999999
2030,sc01,12-15 17:00:00+01:00,Biomass 32,0.04836
2030,sc01,12-15 17:00:00+01:00,CC NG 19,0.0
2030,sc01,12-15 17:00:00+01:00,CC NG 17,0.0
2030,sc01,12-15 17:00:00+01:00,ST NG 01,0.0
2030,sc01,12-15 17:00:00+01:00,Biomass 45,0.04875
2030,sc01,12-15 17:00:00+01:00,Biomass 28,0.06591
2030,sc01,12-15 17:00:00+01:00,CC NG 10,0.0
2030,sc01,12-15 17:00:00+01:00,Biomass 23,0.010920000000000001
2030,sc01,12-15 17:00:00+01:00,ST NG 06,0.0
2030,sc01,12-15 17:00:00+01:00,Wind 10,1.41378189732
2030,sc01,12-15 17:00:00+01:00,CT NG 69,0.0
2030,sc01,12-15 17:00:00+01:00,CT NG 68,0.0
2030,sc01,12-16 20:00:00+01:00,CC NG 13,0.9419546999999998
2030,sc01,12-16 20:00:00+01:00,CT NG 37,0.0
2030,sc01,12-16 20:00:00+01:00,ST Coal 01,0.0
2030,sc01,12-16 20:00:00+01:00,CT NG 09,0.82365
2030,sc01,12-16 20:00:00+01:00,CT NG 47,0.0
2030,sc01,12-16 20:00:00+01:00,Solar 69,0.0
2030,sc01,12-16 20:00:00+01:00,Solar 34,0.0
2030,sc01,12-16 20:00:00+01:00,Solar 73,0.0
2030,sc01,12-16 20:00:00+01:00,Biomass 37,0.0
2030,sc01,12-16 20:00:00+01:00,Hydro 20,0.0
2030,sc01,12-16 20:00:00+01:00,Solar 01,0.0
2030,sc01,12-16 20:00:00+01:00,Solar 62,0.0
2030,sc01,12-16 20:00:00+01:00,Solar 02,0.0
2030,sc01,12-16 20:00:00+01:00,CT NG 26,0.0
2030,sc01,12-16 20:00:00+01:00,Biomass 20,0.00629
2030,sc01,12-16 20:00:00+01:00,Wind 16,0.0
2030,sc01,12-16 20:00:00+01:00,CT NG 66,0.0
2030,sc01,12-16 20:00:00+01:00,Solar 39,0.0
2030,sc01,12-16 20:00:00+01:00,Biomass 41,0.0
2030,sc01,12-16 20:00:00+01:00,Solar 72,0.0
2030,sc01,12-16 20:00:00+01:00,ST NG 03,0.0
2030,sc01,12-16 20:00:00+01:00,Hydro 21,0.65686521
2030,sc01,12-16 20:00:00+01:00,CT NG 03,0.40770675
2030,sc01,12-16 20:00:00+01:00,CC NG 09,0.0
2030,sc01,12-16 20:00:00+01:00,CT Oil 02,0.0
2030,sc01,12-16 20:00:00+01:00,CT NG 39,0.0
2030,sc01,12-16 20:00:00+01:00,CC NG 08,0.0
2030,sc01,12-16 20:00:00+01:00,Biomass 43,0.0
2030,sc01,12-16 20:00:00+01:00,CT NG 18,0.06424469999999999
2030,sc01,12-16 20:00:00+01:00,ST NG 07,0.0
2030,sc01,12-16 20:00:00+01:00,Biomass 35,0.0
2030,sc01,12-16 20:00:00+01:00,Solar 32,0.0
2030,sc01,12-16 20:00:00+01:00,Biomass 15,0.0
2030,sc01,12-16 20:00:00+01:00,CC NG 31,0.0
2030,sc01,12-16 20:00:00+01:00,Solar 16,0.0
2030,sc01,12-16 20:00:00+01:00,Solar 68,0.0
2030,sc01,12-16 20:00:00+01:00,CT NG 21,0.0
2030,sc01,12-16 20:00:00+01:00,Wind 11,0.01234797448
2030,sc01,12-16 20:00:00+01:00,CC NG 37,1.0382865263331775
2030,sc01,12-16 20:00:00+01:00,CT NG 22,0.0
2030,sc01,12-16 20:00:00+01:00,Hydro 16,0.0
2030,sc01,12-16 20:00:00+01:00,Biomass 59,0.07038000000000001
2030,sc01,12-16 20:00:00+01:00,CC NG 01,0.6822185
2030,sc01,12-16 20:00:00+01:00,Biomass 16,0.0
2030,sc01,12-16 20:00:00+01:00,Solar 03,0.0
2030,sc01,12-16 20:00:00+01:00,Solar 44,0.0
2030,sc01,12-16 20:00:00+01:00,CT NG 08,0.82365
2030,sc01,12-16 20:00:00+01:00,Wind 05,0.0048715268
2030,sc01,12-16 20:00:00+01:00,Biomass 26,0.02873
2030,sc01,12-16 20:00:00+01:00,Solar 37,0.0
2030,sc01,12-16 20:00:00+01:00,Biomass 11,0.00578
2030,sc01,12-16 20:00:00+01:00,Solar 59,0.0
2030,sc01,12-16 20:00:00+01:00,CT NG 11,0.0
2030,sc01,12-16 20:00:00+01:00,Biomass 30,0.02873
2030,sc01,12-16 20:00:00+01:00,Hydro 23,0.0
2030,sc01,12-16 20:00:00+01:00,CC NG 24,1.2134441019470636
2030,sc01,12-16 20:00:00+01:00,Solar 65,0.0
2030,sc01,12-16 20:00:00+01:00,CC NG 18,10.175741
2030,sc01,12-16 20:00:00+01:00,CT NG 16,0.0
2030,sc01,12-16 20:00:00+01:00,Solar 51,0.0
2030,sc01,12-16 20:00:00+01:00,Wind 06,0.028032373448
2030,sc01,12-16 20:00:00+01:00,CC NG 26,0.0
2030,sc01,12-16 20:00:00+01:00,CC NG 23,0.0
2030,sc01,12-16 20:00:00+01:00,CT NG 43,0.0
2030,sc01,12-16 20:00:00+01:00,CC NG 11,0.0
2030,sc01,12-16 20:00:00+01:00,CT NG 02,0.0
2030,sc01,12-16 20:00:00+01:00,CT NG 50,0.0
2030,sc01,12-16 20:00:00+01:00,Hydro 27,0.0
2030,sc01,12-16 20:00:00+01:00,CT NG 13,0.0
2030,sc01,12-16 20:00:00+01:00,CT NG 25,0.0
2030,sc01,12-16 20:00:00+01:00,CC NG 05,0.4944508614095172
2030,sc01,12-16 20:00:00+01:00,Solar 04,0.0
2030,sc01,12-16 20:00:00+01:00,Solar 30,0.0
2030,sc01,12-16 20:00:00+01:00,Solar 29,0.0
2030,sc01,12-16 20:00:00+01:00,Solar 53,0.0
2030,sc01,12-16 20:00:00+01:00,Solar 21,0.0
2030,sc01,12-16 20:00:00+01:00,Biomass 58,0.03468
2030,sc01,12-16 20:00:00+01:00,CT NG 74,0.0
2030,sc01,12-16 20:00:00+01:00,Solar 61,0.0
2030,sc01,12-16 20:00:00+01:00,Wind 07,0.014896845272000001
2030,sc01,12-16 20:00:00+01:00,Biomass 31,0.02873
2030,sc01,12-16 20:00:00+01:00,CT Oil 05,0.0
2030,sc01,12-16 20:00:00+01:00,Biomass 38,0.0
2030,sc01,12-16 20:00:00+01:00,Solar 41,0.0
2030,sc01,12-16 20:00:00+01:00,Biomass 51,0.0
2030,sc01,12-16 20:00:00+01:00,Biomass 55,0.04284
2030,sc01,12-16 20:00:00+01:00,Wind 15,0.0
2030,sc01,12-16 20:00:00+01:00,Geo 01,0.272
2030,sc01,12-16 20:00:00+01:00,Biomass 60,0.0459
2030,sc01,12-16 20:00:00+01:00,CT NG 38,0.0
2030,sc01,12-16 20:00:00+01:00,Solar 66,0.0
2030,sc01,12-16 20:00:00+01:00,Solar 49,0.0
2030,sc01,12-16 20:00:00+01:00,CT NG 51,0.0
2030,sc01,12-16 20:00:00+01:00,Biomass 18,0.0
2030,sc01,12-16 20:00:00+01:00,ICE NG 01,0.0
2030,sc01,12-16 20:00:00+01:00,Solar 15,0.0
2030,sc01,12-16 20:00:00+01:00,ICE NG 05,0.0
2030,sc01,12-16 20:00:00+01:00,CT Oil 04,0.0
2030,sc01,12-16 20:00:00+01:00,CC NG 20,0.0
2030,sc01,12-16 20:00:00+01:00,Solar 20,0.0
2030,sc01,12-16 20:00:00+01:00,Biomass 04,0.0
2030,sc01,12-16 20:00:00+01:00,Wind 02,0.037606320432
2030,sc01,12-16 20:00:00+01:00,Hydro 25,0.1621035
2030,sc01,12-16 20:00:00+01:00,Solar 75,0.0
2030,sc01,12-16 20:00:00+01:00,Hydro 33,0.0
2030,sc01,12-16 20:00:00+01:00,ST NG 05,1.032274
2030,sc01,12-16 20:00:00+01:00,CT NG 07,0.0
2030,sc01,12-16 20:00:00+01:00,Wind 01,0.009604789064000002
2030,sc01,12-16 20:00:00+01:00,Solar 56,0.0
2030,sc01,12-16 20:00:00+01:00,Biomass 09,0.013260000000000001
2030,sc01,12-16 20:00:00+01:00,Biomass 53,0.04284
2030,sc01,12-16 20:00:00+01:00,Wind 17,18.27125500330436
2030,sc01,12-16 20:00:00+01:00,ST NG 08,0.0
2030,sc01,12-16 20:00:00+01:00,Hydro 19,0.05853100000000001
2030,sc01,12-16 20:00:00+01:00,ST NG 02,0.0
2030,sc01,12-16 20:00:00+01:00,Biomass 01,0.01802
2030,sc01,12-16 20:00:00+01:00,Biomass 57,0.03468
2030,sc01,12-16 20:00:00+01:00,CT NG 49,0.0
2030,sc01,12-16 20:00:00+01:00,CT NG 31,0.0
2030,sc01,12-16 20:00:00+01:00,Solar 64,0.0
2030,sc01,12-16 20:00:00+01:00,CC NG 33,0.0
2030,sc01,12-16 20:00:00+01:00,Solar 46,0.0
2030,sc01,12-16 20:00:00+01:00,Biomass 12,0.00578
2030,sc01,12-16 20:00:00+01:00,Wind 04,0.27397079147000003
2030,sc01,12-16 20:00:00+01:00,Solar 13,0.0
2030,sc01,12-16 20:00:00+01:00,CT NG 55,0.0
2030,sc01,12-16 20:00:00+01:00,Wind N03,94.15088029796388
2030,sc01,12-16 20:00:00+01:00,CT NG 28,0.0
2030,sc01,12-16 20:00:00+01:00,Wind 09,0.07724673030399999
2030,sc01,12-16 20:00:00+01:00,Solar 60,0.0
2030,sc01,12-16 20:00:00+01:00,Solar 25,0.0
2030,sc01,12-16 20:00:00+01:00,CT NG 23,0.0
2030,sc01,12-16 20:00:00+01:00,ST Other 01,0.0
2030,sc01,12-16 20:00:00+01:00,Solar 70,0.0
2030,sc01,12-16 20:00:00+01:00,CC NG 34,0.0
2030,sc01,12-16 20:00:00+01:00,Solar 48,0.0
2030,sc01,12-16 20:00:00+01:00,Biomass 56,0.04352
2030,sc01,12-16 20:00:00+01:00,CT NG 36,0.0
2030,sc01,12-16 20:00:00+01:00,Solar 47,0.0
2030,sc01,12-16 20:00:00+01:00,Hydro 17,0.005611275000000001
2030,sc01,12-16 20:00:00+01:00,Solar 09,0.0
2030,sc01,12-16 20:00:00+01:00,Solar 08,0.0
2030,sc01,12-16 20:00:00+01:00,CT NG 45,0.0
2030,sc01,12-16 20:00:00+01:00,ST NG 04,1.032274
2030,sc01,12-16 20:00:00+01:00,Solar 40,0.0
2030,sc01,12-16 20:00:00+01:00,Biomass 47,0.0
2030,sc01,12-16 20:00:00+01:00,Solar 50,0.0
2030,sc01,12-16 20:00:00+01:00,Solar 52,0.0
2030,sc01,12-16 20:00:00+01:00,Solar 63,0.0
2030,sc01,12-16 20:00:00+01:00,CC NG 06,0.22192650000000003
2030,sc01,12-16 20:00:00+01:00,Biomass 39,0.0
2030,sc01,12-16 20:00:00+01:00,Solar 67,0.0
2030,sc01,12-16 20:00:00+01:00,Solar 19,0.0
2030,sc01,12-16 20:00:00+01:00,Wind 12,0.140108017632
2030,sc01,12-16 20:00:00+01:00,Solar 24,0.0
2030,sc01,12-16 20:00:00+01:00,ICE NG 02,0.0
2030,sc01,12-16 20:00:00+01:00,Solar 05,0.0
2030,sc01,12-16 20:00:00+01:00,CT NG 54,0.0
2030,sc01,12-16 20:00:00+01:00,Wind N01,1.32922991092
2030,sc01,12-16 20:00:00+01:00,CT NG 27,0.0
2030,sc01,12-16 20:00:00+01:00,CC NG 36,0.0
2030,sc01,12-16 20:00:00+01:00,Wind N02,0.0
2030,sc01,12-16 20:00:00+01:00,CT NG 52,0.0
2030,sc01,12-16 20:00:00+01:00,Solar 35,0.0
2030,sc01,12-16 20:00:00+01:00,CT NG 05,0.0
2030,sc01,12-16 20:00:00+01:00,Biomass 36,0.0
2030,sc01,12-16 20:00:00+01:00,CT NG 34,0.0
2030,sc01,12-16 20:00:00+01:00,CT Oil 03,0.0
2030,sc01,12-16 20:00:00+01:00,Hydro 35,0.0
2030,sc01,12-16 20:00:00+01:00,Solar 14,0.0
2030,sc01,12-16 20:00:00+01:00,CT NG 75,0.0
2030,sc01,12-16 20:00:00+01:00,ST NG 09,0.0
2030,sc01,12-16 20:00:00+01:00,CT NG 56,0.0
2030,sc01,12-16 20:00:00+01:00,Biomass 22,0.00629
2030,sc01,12-16 20:00:00+01:00,Solar 18,0.0
2030,sc01,12-16 20:00:00+01:00,Biomass 13,0.00578
2030,sc01,12-16 20:00:00+01:00,CT NG 71,0.0
2030,sc01,12-16 20:00:00+01:00,Solar 58,0.0
2030,sc01,12-16 20:00:00+01:00,Solar 06,0.0
2030,sc01,12-16 20:00:00+01:00,Biomass 08,0.013260000000000001
2030,sc01,12-16 20:00:00+01:00,CT NG 72,0.0
2030,sc01,12-16 20:00:00+01:00,Hydro 18,0.019327725
2030,sc01,12-16 20:00:00+01:00,Solar 10,0.0
2030,sc01,12-16 20:00:00+01:00,CT NG 04,0.40770675
2030,sc01,12-16 20:00:00+01:00,ST Other 02,0.0
2030,sc01,12-16 20:00:00+01:00,CT NG 12,0.0
2030,sc01,12-16 20:00:00+01:00,CT NG 48,0.0
2030,sc01,12-16 20:00:00+01:00,ST NG 10,0.0
2030,sc01,12-16 20:00:00+01:00,Solar 22,0.0
2030,sc01,12-16 20:00:00+01:00,Solar 28,0.0
2030,sc01,12-16 20:00:00+01:00,CT NG 73,0.0
2030,sc01,12-16 20:00:00+01:00,Biomass 52,0.0
2030,sc01,12-16 20:00:00+01:00,CT NG 30,0.0
2030,sc01,12-16 20:00:00+01:00,Solar 54,0.0
2030,sc01,12-16 20:00:00+01:00,Solar 31,0.0
2030,sc01,12-16 20:00:00+01:00,Biomass 03,0.0
2030,sc01,12-16 20:00:00+01:00,CT NG 32,0.0
2030,sc01,12-16 20:00:00+01:00,Biomass 27,0.02873
2030,sc01,12-16 20:00:00+01:00,CC NG 14,0.0
2030,sc01,12-16 20:00:00+01:00,CC NG 03,2.08742422
2030,sc01,12-16 20:00:00+01:00,CC NG 29,0.0
2030,sc01,12-16 20:00:00+01:00,CC NG 28,0.0
2030,sc01,12-16 20:00:00+01:00,CC NG 25,0.0
2030,sc01,12-16 20:00:00+01:00,CT NG 44,0.0
2030,sc01,12-16 20:00:00+01:00,CT NG 14,0.0
2030,sc01,12-16 20:00:00+01:00,CC NG 15,0.0
2030,sc01,12-16 20:00:00+01:00,CC NG 04,5.26048
2030,sc01,12-16 20:00:00+01:00,Biomass 29,0.02873
2030,sc01,12-16 20:00:00+01:00,Wind 14,13.5336235731
2030,sc01,12-16 20:00:00+01:00,Wind 08,0.08304009448
2030,sc01,12-16 20:00:00+01:00,Biomass 61,0.0
2030,sc01,12-16 20:00:00+01:00,CT NG 35,0.0
2030,sc01,12-16 20:00:00+01:00,Solar 33,0.0
2030,sc01,12-16 20:00:00+01:00,CT NG 41,0.0
2030,sc01,12-16 20:00:00+01:00,CT NG 15,0.0
2030,sc01,12-16 20:00:00+01:00,Solar 42,0.0
2030,sc01,12-16 20:00:00+01:00,Solar 07,0.0
2030,sc01,12-16 20:00:00+01:00,Solar 43,0.0
2030,sc01,12-16 20:00:00+01:00,Biomass 05,0.00782
2030,sc01,12-16 20:00:00+01:00,CT NG 29,0.0
2030,sc01,12-16 20:00:00+01:00,Solar 71,0.0
2030,sc01,12-16 20:00:00+01:00,CT NG 53,0.0
2030,sc01,12-16 20:00:00+01:00,CT NG 20,0.0
2030,sc01,12-16 20:00:00+01:00,Biomass 14,0.012750000000000001
2030,sc01,12-16 20:00:00+01:00,Solar 26,0.0
2030,sc01,12-16 20:00:00+01:00,Hydro 29,17.538223481831928
2030,sc01,12-16 20:00:00+01:00,Hydro 31,0.0
2030,sc01,12-16 20:00:00+01:00,Biomass 24,0.00476
2030,sc01,12-16 20:00:00+01:00,Biomass 54,0.04284
2030,sc01,12-16 20:00:00+01:00,Solar 36,0.0
2030,sc01,12-16 20:00:00+01:00,Wind 03,0.011012758984
2030,sc01,12-16 20:00:00+01:00,Biomass 40,0.0
2030,sc01,12-16 20:00:00+01:00,Biomass 49,0.0
2030,sc01,12-16 20:00:00+01:00,CC NG 16,15.510196500000001
2030,sc01,12-16 20:00:00+01:00,Biomass 48,0.0
2030,sc01,12-16 20:00:00+01:00,Hydro 28,18.783289800000002
2030,sc01,12-16 20:00:00+01:00,Biomass 17,0.0
2030,sc01,12-16 20:00:00+01:00,CT NG 33,0.0
2030,sc01,12-16 20:00:00+01:00,Solar 45,0.0
2030,sc01,12-16 20:00:00+01:00,Hydro 24,0.0
2030,sc01,12-16 20:00:00+01:00,Wind 13,0.12382806242399999
2030,sc01,12-16 20:00:00+01:00,Biomass 07,0.034
2030,sc01,12-16 20:00:00+01:00,Biomass 34,0.0
2030,sc01,12-16 20:00:00+01:00,Biomass 33,0.0
2030,sc01,12-16 20:00:00+01:00,CT NG 01,0.4184142
2030,sc01,12-16 20:00:00+01:00,ICE NG 03,0.0
2030,sc01,12-16 20:00:00+01:00,Solar 55,0.0
2030,sc01,12-16 20:00:00+01:00,Solar 11,0.0
2030,sc01,12-16 20:00:00+01:00,CT NG 06,0.0
2030,sc01,12-16 20:00:00+01:00,CT NG 70,0.0
2030,sc01,12-16 20:00:00+01:00,Solar 23,0.0
2030,sc01,12-16 20:00:00+01:00,CT NG 67,0.0
2030,sc01,12-16 20:00:00+01:00,Solar 12,0.0
2030,sc01,12-16 20:00:00+01:00,CT Oil 01,0.0
2030,sc01,12-16 20:00:00+01:00,Hydro 26,0.1621035
2030,sc01,12-16 20:00:00+01:00,CC NG 22,11.142354199999998
2030,sc01,12-16 20:00:00+01:00,CC NG 35,0.0
2030,sc01,12-16 20:00:00+01:00,Biomass 50,0.0
2030,sc01,12-16 20:00:00+01:00,ICE NG 04,0.0
2030,sc01,12-16 20:00:00+01:00,CC NG 39,0.0
2030,sc01,12-16 20:00:00+01:00,Hydro 32,0.0019951200000000004
2030,sc01,12-16 20:00:00+01:00,ICE NG 07,0.0
2030,sc01,12-16 20:00:00+01:00,Biomass 46,0.0
2030,sc01,12-16 20:00:00+01:00,CC NG 38,0.0
2030,sc01,12-16 20:00:00+01:00,CC NG 12,0.0
2030,sc01,12-16 20:00:00+01:00,Solar 57,0.0
2030,sc01,12-16 20:00:00+01:00,CC NG 32,0.0
2030,sc01,12-16 20:00:00+01:00,CC NG 07,0.0
2030,sc01,12-16 20:00:00+01:00,Biomass 44,0.0
2030,sc01,12-16 20:00:00+01:00,CT NG 40,0.0
2030,sc01,12-16 20:00:00+01:00,Solar 74,0.0
2030,sc01,12-16 20:00:00+01:00,Hydro 30,0.0
2030,sc01,12-16 20:00:00+01:00,CT NG 42,0.0
2030,sc01,12-16 20:00:00+01:00,Hydro 22,0.65686521
2030,sc01,12-16 20:00:00+01:00,Solar 17,0.0
2030,sc01,12-16 20:00:00+01:00,Solar 38,0.0
2030,sc01,12-16 20:00:00+01:00,CT NG 24,0.0
2030,sc01,12-16 20:00:00+01:00,CC NG 27,0.5671455000000001
2030,sc01,12-16 20:00:00+01:00,Biomass 21,0.00629
2030,sc01,12-16 20:00:00+01:00,ICE NG 06,0.0
2030,sc01,12-16 20:00:00+01:00,Biomass 25,0.00476
2030,sc01,12-16 20:00:00+01:00,Solar 27,0.0
2030,sc01,12-16 20:00:00+01:00,CT NG 19,0.06424469999999999
2030,sc01,12-16 20:00:00+01:00,Biomass 42,0.0
2030,sc01,12-16 20:00:00+01:00,Biomass 19,0.00629
2030,sc01,12-16 20:00:00+01:00,Biomass 06,0.00782
2030,sc01,12-16 20:00:00+01:00,CT NG 10,0.82365
2030,sc01,12-16 20:00:00+01:00,CC NG 40,0.0
2030,sc01,12-16 20:00:00+01:00,CC NG 21,0.0
2030,sc01,12-16 20:00:00+01:00,Biomass 02,0.01802
2030,sc01,12-16 20:00:00+01:00,CT NG 46,0.0
2030,sc01,12-16 20:00:00+01:00,Hydro 34,0.0
2030,sc01,12-16 20:00:00+01:00,Biomass 10,0.013260000000000001
2030,sc01,12-16 20:00:00+01:00,CT NG 17,0.11366370000000002
2030,sc01,12-16 20:00:00+01:00,Biomass 62,0.032979999999999995
2030,sc01,12-16 20:00:00+01:00,Biomass 32,0.02108
2030,sc01,12-16 20:00:00+01:00,CC NG 19,2.30146
2030,sc01,12-16 20:00:00+01:00,CC NG 17,0.0
2030,sc01,12-16 20:00:00+01:00,ST NG 01,0.0
2030,sc01,12-16 20:00:00+01:00,Biomass 45,0.0
2030,sc01,12-16 20:00:00+01:00,Biomass 28,0.02873
2030,sc01,12-16 20:00:00+01:00,CC NG 10,0.0
2030,sc01,12-16 20:00:00+01:00,Biomass 23,0.00476
2030,sc01,12-16 20:00:00+01:00,ST NG 06,0.0
2030,sc01,12-16 20:00:00+01:00,Wind 10,0.076372787232
2030,sc01,12-16 20:00:00+01:00,CT NG 69,0.0
2030,sc01,12-16 20:00:00+01:00,CT NG 68,0.0
2030,sc01,12-17 20:00:00+01:00,CC NG 13,0.0
2030,sc01,12-17 20:00:00+01:00,CT NG 37,0.0327522
2030,sc01,12-17 20:00:00+01:00,ST Coal 01,0.0
2030,sc01,12-17 20:00:00+01:00,CT NG 09,0.0
2030,sc01,12-17 20:00:00+01:00,CT NG 47,0.0
2030,sc01,12-17 20:00:00+01:00,Solar 69,0.0
2030,sc01,12-17 20:00:00+01:00,Solar 34,0.0
2030,sc01,12-17 20:00:00+01:00,Solar 73,0.0
2030,sc01,12-17 20:00:00+01:00,Biomass 37,0.021060000000000002
2030,sc01,12-17 20:00:00+01:00,Hydro 20,0.5339068800000001
2030,sc01,12-17 20:00:00+01:00,Solar 01,0.0
2030,sc01,12-17 20:00:00+01:00,Solar 62,0.0
2030,sc01,12-17 20:00:00+01:00,Solar 02,0.0
2030,sc01,12-17 20:00:00+01:00,CT NG 26,0.0
2030,sc01,12-17 20:00:00+01:00,Biomass 20,0.00962
2030,sc01,12-17 20:00:00+01:00,Wind 16,0.70991599302
2030,sc01,12-17 20:00:00+01:00,CT NG 66,0.0
2030,sc01,12-17 20:00:00+01:00,Solar 39,0.0
2030,sc01,12-17 20:00:00+01:00,Biomass 41,0.03822
2030,sc01,12-17 20:00:00+01:00,Solar 72,0.0
2030,sc01,12-17 20:00:00+01:00,ST NG 03,0.0
2030,sc01,12-17 20:00:00+01:00,Hydro 21,0.5339068800000001
2030,sc01,12-17 20:00:00+01:00,CT NG 03,0.0
2030,sc01,12-17 20:00:00+01:00,CC NG 09,0.0
2030,sc01,12-17 20:00:00+01:00,CT Oil 02,0.0
2030,sc01,12-17 20:00:00+01:00,CT NG 39,0.0327522
2030,sc01,12-17 20:00:00+01:00,CC NG 08,0.0
2030,sc01,12-17 20:00:00+01:00,Biomass 43,0.07436000000000001
2030,sc01,12-17 20:00:00+01:00,CT NG 18,0.09825659999999999
2030,sc01,12-17 20:00:00+01:00,ST NG 07,0.0
2030,sc01,12-17 20:00:00+01:00,Biomass 35,0.03744
2030,sc01,12-17 20:00:00+01:00,Solar 32,0.0
2030,sc01,12-17 20:00:00+01:00,Biomass 15,0.0
2030,sc01,12-17 20:00:00+01:00,CC NG 31,8.460283
2030,sc01,12-17 20:00:00+01:00,Solar 16,0.0
2030,sc01,12-17 20:00:00+01:00,Solar 68,0.0
2030,sc01,12-17 20:00:00+01:00,CT NG 21,2.5194
2030,sc01,12-17 20:00:00+01:00,Wind 11,0.007550180144
2030,sc01,12-17 20:00:00+01:00,CC NG 37,0.0
2030,sc01,12-17 20:00:00+01:00,CT NG 22,2.5194
2030,sc01,12-17 20:00:00+01:00,Hydro 16,0.0
2030,sc01,12-17 20:00:00+01:00,Biomass 59,0.10764000000000001
2030,sc01,12-17 20:00:00+01:00,CC NG 01,0.0
2030,sc01,12-17 20:00:00+01:00,Biomass 16,0.0
2030,sc01,12-17 20:00:00+01:00,Solar 03,0.0
2030,sc01,12-17 20:00:00+01:00,Solar 44,0.0
2030,sc01,12-17 20:00:00+01:00,CT NG 08,0.0
2030,sc01,12-17 20:00:00+01:00,Wind 05,0.0
2030,sc01,12-17 20:00:00+01:00,Biomass 26,0.04394
2030,sc01,12-17 20:00:00+01:00,Solar 37,0.0
2030,sc01,12-17 20:00:00+01:00,Biomass 11,0.00884
2030,sc01,12-17 20:00:00+01:00,Solar 59,0.0
2030,sc01,12-17 20:00:00+01:00,CT NG 11,0.0
2030,sc01,12-17 20:00:00+01:00,Biomass 30,0.04394
2030,sc01,12-17 20:00:00+01:00,Hydro 23,0.0
2030,sc01,12-17 20:00:00+01:00,CC NG 24,0.0
2030,sc01,12-17 20:00:00+01:00,Solar 65,0.0
2030,sc01,12-17 20:00:00+01:00,CC NG 18,15.562898
2030,sc01,12-17 20:00:00+01:00,CT NG 16,0.0
2030,sc01,12-17 20:00:00+01:00,Solar 51,0.0
2030,sc01,12-17 20:00:00+01:00,Wind 06,0.07511462337599999
2030,sc01,12-17 20:00:00+01:00,CC NG 26,0.0
2030,sc01,12-17 20:00:00+01:00,CC NG 23,0.0
2030,sc01,12-17 20:00:00+01:00,CT NG 43,0.0
2030,sc01,12-17 20:00:00+01:00,CC NG 11,0.0
2030,sc01,12-17 20:00:00+01:00,CT NG 02,0.0
2030,sc01,12-17 20:00:00+01:00,CT NG 50,0.0
2030,sc01,12-17 20:00:00+01:00,Hydro 27,0.24954539999999997
2030,sc01,12-17 20:00:00+01:00,CT NG 13,0.0
2030,sc01,12-17 20:00:00+01:00,CT NG 25,0.0
2030,sc01,12-17 20:00:00+01:00,CC NG 05,0.0
2030,sc01,12-17 20:00:00+01:00,Solar 04,0.0
2030,sc01,12-17 20:00:00+01:00,Solar 30,0.0
2030,sc01,12-17 20:00:00+01:00,Solar 29,0.0
2030,sc01,12-17 20:00:00+01:00,Solar 53,0.0
2030,sc01,12-17 20:00:00+01:00,Solar 21,0.0
2030,sc01,12-17 20:00:00+01:00,Biomass 58,0.053040000000000004
2030,sc01,12-17 20:00:00+01:00,CT NG 74,0.0
2030,sc01,12-17 20:00:00+01:00,Solar 61,0.0
2030,sc01,12-17 20:00:00+01:00,Wind 07,0.018824627328
2030,sc01,12-17 20:00:00+01:00,Biomass 31,0.04394
2030,sc01,12-17 20:00:00+01:00,CT Oil 05,0.0
2030,sc01,12-17 20:00:00+01:00,Biomass 38,0.021060000000000002
2030,sc01,12-17 20:00:00+01:00,Solar 41,0.0
2030,sc01,12-17 20:00:00+01:00,Biomass 51,0.00494
2030,sc01,12-17 20:00:00+01:00,Biomass 55,0.06552000000000001
2030,sc01,12-17 20:00:00+01:00,Wind 15,0.9560676694400001
2030,sc01,12-17 20:00:00+01:00,Geo 01,0.41600000000000004
2030,sc01,12-17 20:00:00+01:00,Biomass 60,0.0702
2030,sc01,12-17 20:00:00+01:00,CT NG 38,0.0
2030,sc01,12-17 20:00:00+01:00,Solar 66,0.0
2030,sc01,12-17 20:00:00+01:00,Solar 49,0.0
2030,sc01,12-17 20:00:00+01:00,CT NG 51,0.0
2030,sc01,12-17 20:00:00+01:00,Biomass 18,0.0
2030,sc01,12-17 20:00:00+01:00,ICE NG 01,0.08188050000000001
2030,sc01,12-17 20:00:00+01:00,Solar 15,0.0
2030,sc01,12-17 20:00:00+01:00,ICE NG 05,0.2116296
2030,sc01,12-17 20:00:00+01:00,CT Oil 04,0.0
2030,sc01,12-17 20:00:00+01:00,CC NG 20,0.0
2030,sc01,12-17 20:00:00+01:00,Solar 20,0.0
2030,sc01,12-17 20:00:00+01:00,Biomass 04,0.006500000000000001
2030,sc01,12-17 20:00:00+01:00,Wind 02,0.0
2030,sc01,12-17 20:00:00+01:00,Hydro 25,0.24954539999999997
2030,sc01,12-17 20:00:00+01:00,Solar 75,0.0
2030,sc01,12-17 20:00:00+01:00,Hydro 33,0.0
2030,sc01,12-17 20:00:00+01:00,ST NG 05,0.0
2030,sc01,12-17 20:00:00+01:00,CT NG 07,0.0
2030,sc01,12-17 20:00:00+01:00,Wind 01,0.025362355615999997
2030,sc01,12-17 20:00:00+01:00,Solar 56,0.0
2030,sc01,12-17 20:00:00+01:00,Biomass 09,0.020280000000000003
2030,sc01,12-17 20:00:00+01:00,Biomass 53,0.06552000000000001
2030,sc01,12-17 20:00:00+01:00,Wind 17,4.9862868874
2030,sc01,12-17 20:00:00+01:00,ST NG 08,0.0
2030,sc01,12-17 20:00:00+01:00,Hydro 19,0.091949
2030,sc01,12-17 20:00:00+01:00,ST NG 02,0.0
2030,sc01,12-17 20:00:00+01:00,Biomass 01,0.027560000000000005
2030,sc01,12-17 20:00:00+01:00,Biomass 57,0.053040000000000004
2030,sc01,12-17 20:00:00+01:00,CT NG 49,0.0
2030,sc01,12-17 20:00:00+01:00,CT NG 31,0.03879876
2030,sc01,12-17 20:00:00+01:00,Solar 64,0.0
2030,sc01,12-17 20:00:00+01:00,CC NG 33,0.0
2030,sc01,12-17 20:00:00+01:00,Solar 46,0.0
2030,sc01,12-17 20:00:00+01:00,Biomass 12,0.00884
2030,sc01,12-17 20:00:00+01:00,Wind 04,0.38978461600000003
2030,sc01,12-17 20:00:00+01:00,Solar 13,0.0
2030,sc01,12-17 20:00:00+01:00,CT NG 55,0.0
2030,sc01,12-17 20:00:00+01:00,Wind N03,141.75994499176582
2030,sc01,12-17 20:00:00+01:00,CT NG 28,0.0
2030,sc01,12-17 20:00:00+01:00,Wind 09,0.009539103808
2030,sc01,12-17 20:00:00+01:00,Solar 60,0.0
2030,sc01,12-17 20:00:00+01:00,Solar 25,0.0
2030,sc01,12-17 20:00:00+01:00,CT NG 23,2.5194
2030,sc01,12-17 20:00:00+01:00,ST Other 01,0.0
2030,sc01,12-17 20:00:00+01:00,Solar 70,0.0
2030,sc01,12-17 20:00:00+01:00,CC NG 34,6.289988825042807
2030,sc01,12-17 20:00:00+01:00,Solar 48,0.0
2030,sc01,12-17 20:00:00+01:00,Biomass 56,0.06656000000000001
2030,sc01,12-17 20:00:00+01:00,CT NG 36,2.5194
2030,sc01,12-17 20:00:00+01:00,Solar 47,0.0
2030,sc01,12-17 20:00:00+01:00,Hydro 17,0.008638110000000001
2030,sc01,12-17 20:00:00+01:00,Solar 09,0.0
2030,sc01,12-17 20:00:00+01:00,Solar 08,0.0
2030,sc01,12-17 20:00:00+01:00,CT NG 45,0.0
2030,sc01,12-17 20:00:00+01:00,ST NG 04,0.0
2030,sc01,12-17 20:00:00+01:00,Solar 40,0.0
2030,sc01,12-17 20:00:00+01:00,Biomass 47,0.06187999999999999
2030,sc01,12-17 20:00:00+01:00,Solar 50,0.0
2030,sc01,12-17 20:00:00+01:00,Solar 52,0.0
2030,sc01,12-17 20:00:00+01:00,Solar 63,0.0
2030,sc01,12-17 20:00:00+01:00,CC NG 06,0.0
2030,sc01,12-17 20:00:00+01:00,Biomass 39,0.021060000000000002
2030,sc01,12-17 20:00:00+01:00,Solar 67,0.0
2030,sc01,12-17 20:00:00+01:00,Solar 19,0.0
2030,sc01,12-17 20:00:00+01:00,Wind 12,0.49168606344000004
2030,sc01,12-17 20:00:00+01:00,Solar 24,0.0
2030,sc01,12-17 20:00:00+01:00,ICE NG 02,0.0
2030,sc01,12-17 20:00:00+01:00,Solar 05,0.0
2030,sc01,12-17 20:00:00+01:00,CT NG 54,0.0
2030,sc01,12-17 20:00:00+01:00,Wind N01,4.6647139344
2030,sc01,12-17 20:00:00+01:00,CT NG 27,0.0264537
2030,sc01,12-17 20:00:00+01:00,CC NG 36,0.0
2030,sc01,12-17 20:00:00+01:00,Wind N02,3.765234525
2030,sc01,12-17 20:00:00+01:00,CT NG 52,0.0
2030,sc01,12-17 20:00:00+01:00,Solar 35,0.0
2030,sc01,12-17 20:00:00+01:00,CT NG 05,0.0
2030,sc01,12-17 20:00:00+01:00,Biomass 36,0.03744
2030,sc01,12-17 20:00:00+01:00,CT NG 34,2.5194
2030,sc01,12-17 20:00:00+01:00,CT Oil 03,0.0
2030,sc01,12-17 20:00:00+01:00,Hydro 35,0.0
2030,sc01,12-17 20:00:00+01:00,Solar 14,0.0
2030,sc01,12-17 20:00:00+01:00,CT NG 75,0.0
2030,sc01,12-17 20:00:00+01:00,ST NG 09,0.0
2030,sc01,12-17 20:00:00+01:00,CT NG 56,0.0
2030,sc01,12-17 20:00:00+01:00,Biomass 22,0.00962
2030,sc01,12-17 20:00:00+01:00,Solar 18,0.0
2030,sc01,12-17 20:00:00+01:00,Biomass 13,0.00884
2030,sc01,12-17 20:00:00+01:00,CT NG 71,0.0
2030,sc01,12-17 20:00:00+01:00,Solar 58,0.0
2030,sc01,12-17 20:00:00+01:00,Solar 06,0.0
2030,sc01,12-17 20:00:00+01:00,Biomass 08,0.020280000000000003
2030,sc01,12-17 20:00:00+01:00,CT NG 72,0.0
2030,sc01,12-17 20:00:00+01:00,Hydro 18,0.02975349
2030,sc01,12-17 20:00:00+01:00,Solar 10,0.0
2030,sc01,12-17 20:00:00+01:00,CT NG 04,0.0
2030,sc01,12-17 20:00:00+01:00,ST Other 02,0.0
2030,sc01,12-17 20:00:00+01:00,CT NG 12,0.0
2030,sc01,12-17 20:00:00+01:00,CT NG 48,0.0
2030,sc01,12-17 20:00:00+01:00,ST NG 10,0.0
2030,sc01,12-17 20:00:00+01:00,Solar 22,0.0
2030,sc01,12-17 20:00:00+01:00,Solar 28,0.0
2030,sc01,12-17 20:00:00+01:00,CT NG 73,0.0
2030,sc01,12-17 20:00:00+01:00,Biomass 52,0.03874
2030,sc01,12-17 20:00:00+01:00,CT NG 30,0.0
2030,sc01,12-17 20:00:00+01:00,Solar 54,0.0
2030,sc01,12-17 20:00:00+01:00,Solar 31,0.0
2030,sc01,12-17 20:00:00+01:00,Biomass 03,0.006500000000000001
2030,sc01,12-17 20:00:00+01:00,CT NG 32,0.040310399999999996
2030,sc01,12-17 20:00:00+01:00,Biomass 27,0.04394
2030,sc01,12-17 20:00:00+01:00,CC NG 14,0.0
2030,sc01,12-17 20:00:00+01:00,CC NG 03,3.19253116
2030,sc01,12-17 20:00:00+01:00,CC NG 29,0.0
2030,sc01,12-17 20:00:00+01:00,CC NG 28,4.563273
2030,sc01,12-17 20:00:00+01:00,CC NG 25,0.0
2030,sc01,12-17 20:00:00+01:00,CT NG 44,0.0
2030,sc01,12-17 20:00:00+01:00,CT NG 14,0.0
2030,sc01,12-17 20:00:00+01:00,CC NG 15,0.0
2030,sc01,12-17 20:00:00+01:00,CC NG 04,8.04544
2030,sc01,12-17 20:00:00+01:00,Biomass 29,0.04394
2030,sc01,12-17 20:00:00+01:00,Wind 14,0.514178743
2030,sc01,12-17 20:00:00+01:00,Wind 08,0.010015809856
2030,sc01,12-17 20:00:00+01:00,Biomass 61,0.010140000000000001
2030,sc01,12-17 20:00:00+01:00,CT NG 35,2.5194
2030,sc01,12-17 20:00:00+01:00,Solar 33,0.0
2030,sc01,12-17 20:00:00+01:00,CT NG 41,0.0
2030,sc01,12-17 20:00:00+01:00,CT NG 15,0.0
2030,sc01,12-17 20:00:00+01:00,Solar 42,0.0
2030,sc01,12-17 20:00:00+01:00,Solar 07,0.0
2030,sc01,12-17 20:00:00+01:00,Solar 43,0.0
2030,sc01,12-17 20:00:00+01:00,Biomass 05,0.01196
2030,sc01,12-17 20:00:00+01:00,CT NG 29,0.015116399999999999
2030,sc01,12-17 20:00:00+01:00,Solar 71,0.0
2030,sc01,12-17 20:00:00+01:00,CT NG 53,0.0
2030,sc01,12-17 20:00:00+01:00,CT NG 20,0.0
2030,sc01,12-17 20:00:00+01:00,Biomass 14,0.0195
2030,sc01,12-17 20:00:00+01:00,Solar 26,0.0
2030,sc01,12-17 20:00:00+01:00,Hydro 29,0.69303
2030,sc01,12-17 20:00:00+01:00,Hydro 31,0.0
2030,sc01,12-17 20:00:00+01:00,Biomass 24,0.007280000000000001
2030,sc01,12-17 20:00:00+01:00,Biomass 54,0.06552000000000001
2030,sc01,12-17 20:00:00+01:00,Solar 36,0.0
2030,sc01,12-17 20:00:00+01:00,Wind 03,0.69748184948
2030,sc01,12-17 20:00:00+01:00,Biomass 40,0.021060000000000002
2030,sc01,12-17 20:00:00+01:00,Biomass 49,0.00858
2030,sc01,12-17 20:00:00+01:00,CC NG 16,23.721477
2030,sc01,12-17 20:00:00+01:00,Biomass 48,0.06187999999999999
2030,sc01,12-17 20:00:00+01:00,Hydro 28,0.69303
2030,sc01,12-17 20:00:00+01:00,Biomass 17,0.0
2030,sc01,12-17 20:00:00+01:00,CT NG 33,0.0327522
2030,sc01,12-17 20:00:00+01:00,Solar 45,0.0
2030,sc01,12-17 20:00:00+01:00,Hydro 24,0.0
2030,sc01,12-17 20:00:00+01:00,Wind 13,0.22462753310400002
2030,sc01,12-17 20:00:00+01:00,Biomass 07,0.052000000000000005
2030,sc01,12-17 20:00:00+01:00,Biomass 34,0.03744
2030,sc01,12-17 20:00:00+01:00,Biomass 33,0.03744
2030,sc01,12-17 20:00:00+01:00,CT NG 01,0.0
2030,sc01,12-17 20:00:00+01:00,ICE NG 03,0.0
2030,sc01,12-17 20:00:00+01:00,Solar 55,0.0
2030,sc01,12-17 20:00:00+01:00,Solar 11,0.0
2030,sc01,12-17 20:00:00+01:00,CT NG 06,0.0
2030,sc01,12-17 20:00:00+01:00,CT NG 70,0.0
2030,sc01,12-17 20:00:00+01:00,Solar 23,0.0
2030,sc01,12-17 20:00:00+01:00,CT NG 67,0.0
2030,sc01,12-17 20:00:00+01:00,Solar 12,0.0
2030,sc01,12-17 20:00:00+01:00,CT Oil 01,0.0
2030,sc01,12-17 20:00:00+01:00,Hydro 26,0.24954539999999997
2030,sc01,12-17 20:00:00+01:00,CC NG 22,4.235980153348753
2030,sc01,12-17 20:00:00+01:00,CC NG 35,14.959489999999997
2030,sc01,12-17 20:00:00+01:00,Biomass 50,0.00494
2030,sc01,12-17 20:00:00+01:00,ICE NG 04,0.0
2030,sc01,12-17 20:00:00+01:00,CC NG 39,0.0
2030,sc01,12-17 20:00:00+01:00,Hydro 32,0.003071328
2030,sc01,12-17 20:00:00+01:00,ICE NG 07,0.0
2030,sc01,12-17 20:00:00+01:00,Biomass 46,0.016900000000000002
2030,sc01,12-17 20:00:00+01:00,CC NG 38,0.0
2030,sc01,12-17 20:00:00+01:00,CC NG 12,0.0
2030,sc01,12-17 20:00:00+01:00,Solar 57,0.0
2030,sc01,12-17 20:00:00+01:00,CC NG 32,0.0
2030,sc01,12-17 20:00:00+01:00,CC NG 07,0.0
2030,sc01,12-17 20:00:00+01:00,Biomass 44,0.0325
2030,sc01,12-17 20:00:00+01:00,CT NG 40,0.0781014
2030,sc01,12-17 20:00:00+01:00,Solar 74,0.0
2030,sc01,12-17 20:00:00+01:00,Hydro 30,0.0
2030,sc01,12-17 20:00:00+01:00,CT NG 42,0.0
2030,sc01,12-17 20:00:00+01:00,Hydro 22,0.5339068800000001
2030,sc01,12-17 20:00:00+01:00,Solar 17,0.0
2030,sc01,12-17 20:00:00+01:00,Solar 38,0.0
2030,sc01,12-17 20:00:00+01:00,CT NG 24,0.5762461035302691
2030,sc01,12-17 20:00:00+01:00,CC NG 27,0.0
2030,sc01,12-17 20:00:00+01:00,Biomass 21,0.00962
2030,sc01,12-17 20:00:00+01:00,ICE NG 06,0.2116296
2030,sc01,12-17 20:00:00+01:00,Biomass 25,0.007280000000000001
2030,sc01,12-17 20:00:00+01:00,Solar 27,0.0
2030,sc01,12-17 20:00:00+01:00,CT NG 19,0.0
2030,sc01,12-17 20:00:00+01:00,Biomass 42,0.03822
2030,sc01,12-17 20:00:00+01:00,Biomass 19,0.00962
2030,sc01,12-17 20:00:00+01:00,Biomass 06,0.01196
2030,sc01,12-17 20:00:00+01:00,CT NG 10,0.0
2030,sc01,12-17 20:00:00+01:00,CC NG 40,18.8841562
2030,sc01,12-17 20:00:00+01:00,CC NG 21,0.0
2030,sc01,12-17 20:00:00+01:00,Biomass 02,0.027560000000000005
2030,sc01,12-17 20:00:00+01:00,CT NG 46,0.0
2030,sc01,12-17 20:00:00+01:00,Hydro 34,0.0
2030,sc01,12-17 20:00:00+01:00,Biomass 10,0.020280000000000003
2030,sc01,12-17 20:00:00+01:00,CT NG 17,0.17383859999999998
2030,sc01,12-17 20:00:00+01:00,Biomass 62,0.05044
2030,sc01,12-17 20:00:00+01:00,Biomass 32,0.03224
2030,sc01,12-17 20:00:00+01:00,CC NG 19,3.51988
2030,sc01,12-17 20:00:00+01:00,CC NG 17,0.0
2030,sc01,12-17 20:00:00+01:00,ST NG 01,0.0
2030,sc01,12-17 20:00:00+01:00,Biomass 45,0.0325
2030,sc01,12-17 20:00:00+01:00,Biomass 28,0.04394
2030,sc01,12-17 20:00:00+01:00,CC NG 10,0.0
2030,sc01,12-17 20:00:00+01:00,Biomass 23,0.007280000000000001
2030,sc01,12-17 20:00:00+01:00,ST NG 06,0.0
2030,sc01,12-17 20:00:00+01:00,Wind 10,0.009635087696
2030,sc01,12-17 20:00:00+01:00,CT NG 69,0.0
2030,sc01,12-17 20:00:00+01:00,CT NG 68,0.0
2030,sc01,12-18 00:00:00+01:00,CC NG 13,0.0
2030,sc01,12-18 00:00:00+01:00,CT NG 37,0.0
2030,sc01,12-18 00:00:00+01:00,ST Coal 01,0.0
2030,sc01,12-18 00:00:00+01:00,CT NG 09,0.0
2030,sc01,12-18 00:00:00+01:00,CT NG 47,0.0
2030,sc01,12-18 00:00:00+01:00,Solar 69,0.0
2030,sc01,12-18 00:00:00+01:00,Solar 34,0.0
2030,sc01,12-18 00:00:00+01:00,Solar 73,0.0
2030,sc01,12-18 00:00:00+01:00,Biomass 37,0.042120000000000005
2030,sc01,12-18 00:00:00+01:00,Hydro 20,0.0
2030,sc01,12-18 00:00:00+01:00,Solar 01,0.0
2030,sc01,12-18 00:00:00+01:00,Solar 62,0.0
2030,sc01,12-18 00:00:00+01:00,Solar 02,0.0
2030,sc01,12-18 00:00:00+01:00,CT NG 26,0.0
2030,sc01,12-18 00:00:00+01:00,Biomass 20,0.01924
2030,sc01,12-18 00:00:00+01:00,Wind 16,2.6579293863199998
2030,sc01,12-18 00:00:00+01:00,CT NG 66,0.0
2030,sc01,12-18 00:00:00+01:00,Solar 39,0.0
2030,sc01,12-18 00:00:00+01:00,Biomass 41,0.07644
2030,sc01,12-18 00:00:00+01:00,Solar 72,0.0
2030,sc01,12-18 00:00:00+01:00,ST NG 03,0.0
2030,sc01,12-18 00:00:00+01:00,Hydro 21,1.00256676
2030,sc01,12-18 00:00:00+01:00,CT NG 03,0.0
2030,sc01,12-18 00:00:00+01:00,CC NG 09,0.0
2030,sc01,12-18 00:00:00+01:00,CT Oil 02,0.0
2030,sc01,12-18 00:00:00+01:00,CT NG 39,0.0
2030,sc01,12-18 00:00:00+01:00,CC NG 08,0.0
2030,sc01,12-18 00:00:00+01:00,Biomass 43,0.14872000000000002
2030,sc01,12-18 00:00:00+01:00,CT NG 18,0.19651319999999997
2030,sc01,12-18 00:00:00+01:00,ST NG 07,0.0
2030,sc01,12-18 00:00:00+01:00,Biomass 35,0.07488
2030,sc01,12-18 00:00:00+01:00,Solar 32,0.0
2030,sc01,12-18 00:00:00+01:00,Biomass 15,0.0
2030,sc01,12-18 00:00:00+01:00,CC NG 31,0.0
2030,sc01,12-18 00:00:00+01:00,Solar 16,0.0
2030,sc01,12-18 00:00:00+01:00,Solar 68,0.0
2030,sc01,12-18 00:00:00+01:00,CT NG 21,0.0
2030,sc01,12-18 00:00:00+01:00,Wind 11,0.012243584287999999
2030,sc01,12-18 00:00:00+01:00,CC NG 37,0.0
2030,sc01,12-18 00:00:00+01:00,CT NG 22,0.0
2030,sc01,12-18 00:00:00+01:00,Hydro 16,0.0
2030,sc01,12-18 00:00:00+01:00,Biomass 59,0.21528000000000003
2030,sc01,12-18 00:00:00+01:00,CC NG 01,0.0
2030,sc01,12-18 00:00:00+01:00,Biomass 16,0.0
2030,sc01,12-18 00:00:00+01:00,Solar 03,0.0
2030,sc01,12-18 00:00:00+01:00,Solar 44,0.0
2030,sc01,12-18 00:00:00+01:00,CT NG 08,0.0
2030,sc01,12-18 00:00:00+01:00,Wind 05,0.0
2030,sc01,12-18 00:00:00+01:00,Biomass 26,0.08788
2030,sc01,12-18 00:00:00+01:00,Solar 37,0.0
2030,sc01,12-18 00:00:00+01:00,Biomass 11,0.01768
2030,sc01,12-18 00:00:00+01:00,Solar 59,0.0
2030,sc01,12-18 00:00:00+01:00,CT NG 11,0.0
2030,sc01,12-18 00:00:00+01:00,Biomass 30,0.08788
2030,sc01,12-18 00:00:00+01:00,Hydro 23,0.0
2030,sc01,12-18 00:00:00+01:00,CC NG 24,0.0
2030,sc01,12-18 00:00:00+01:00,Solar 65,0.0
2030,sc01,12-18 00:00:00+01:00,CC NG 18,0.0
2030,sc01,12-18 00:00:00+01:00,CT NG 16,0.0
2030,sc01,12-18 00:00:00+01:00,Solar 51,0.0
2030,sc01,12-18 00:00:00+01:00,Wind 06,0.15610318505600002
2030,sc01,12-18 00:00:00+01:00,CC NG 26,0.0
2030,sc01,12-18 00:00:00+01:00,CC NG 23,0.0
2030,sc01,12-18 00:00:00+01:00,CT NG 43,0.0
2030,sc01,12-18 00:00:00+01:00,CC NG 11,0.0
2030,sc01,12-18 00:00:00+01:00,CT NG 02,0.0
2030,sc01,12-18 00:00:00+01:00,CT NG 50,0.0
2030,sc01,12-18 00:00:00+01:00,Hydro 27,0.49523759999999994
2030,sc01,12-18 00:00:00+01:00,CT NG 13,0.0
2030,sc01,12-18 00:00:00+01:00,CT NG 25,0.0
2030,sc01,12-18 00:00:00+01:00,CC NG 05,0.0
2030,sc01,12-18 00:00:00+01:00,Solar 04,0.0
2030,sc01,12-18 00:00:00+01:00,Solar 30,0.0
2030,sc01,12-18 00:00:00+01:00,Solar 29,0.0
2030,sc01,12-18 00:00:00+01:00,Solar 53,0.0
2030,sc01,12-18 00:00:00+01:00,Solar 21,0.0
2030,sc01,12-18 00:00:00+01:00,Biomass 58,0.10608000000000001
2030,sc01,12-18 00:00:00+01:00,CT NG 74,0.0
2030,sc01,12-18 00:00:00+01:00,Solar 61,0.0
2030,sc01,12-18 00:00:00+01:00,Wind 07,0.032905027168000006
2030,sc01,12-18 00:00:00+01:00,Biomass 31,0.08788
2030,sc01,12-18 00:00:00+01:00,CT Oil 05,0.0
2030,sc01,12-18 00:00:00+01:00,Biomass 38,0.042120000000000005
2030,sc01,12-18 00:00:00+01:00,Solar 41,0.0
2030,sc01,12-18 00:00:00+01:00,Biomass 51,0.00988
2030,sc01,12-18 00:00:00+01:00,Biomass 55,0.13104000000000002
2030,sc01,12-18 00:00:00+01:00,Wind 15,0.9237581116400001
2030,sc01,12-18 00:00:00+01:00,Geo 01,0.0
2030,sc01,12-18 00:00:00+01:00,Biomass 60,0.1404
2030,sc01,12-18 00:00:00+01:00,CT NG 38,0.0
2030,sc01,12-18 00:00:00+01:00,Solar 66,0.0
2030,sc01,12-18 00:00:00+01:00,Solar 49,0.0
2030,sc01,12-18 00:00:00+01:00,CT NG 51,0.0
2030,sc01,12-18 00:00:00+01:00,Biomass 18,0.0
2030,sc01,12-18 00:00:00+01:00,ICE NG 01,0.0
2030,sc01,12-18 00:00:00+01:00,Solar 15,0.0
2030,sc01,12-18 00:00:00+01:00,ICE NG 05,0.0
2030,sc01,12-18 00:00:00+01:00,CT Oil 04,0.0
2030,sc01,12-18 00:00:00+01:00,CC NG 20,0.0
2030,sc01,12-18 00:00:00+01:00,Solar 20,0.0
2030,sc01,12-18 00:00:00+01:00,Biomass 04,0.013000000000000001
2030,sc01,12-18 00:00:00+01:00,Wind 02,0.0
2030,sc01,12-18 00:00:00+01:00,Hydro 25,0.49523759999999994
2030,sc01,12-18 00:00:00+01:00,Solar 75,0.0
2030,sc01,12-18 00:00:00+01:00,Hydro 33,57.26583720000001
2030,sc01,12-18 00:00:00+01:00,ST NG 05,0.0
2030,sc01,12-18 00:00:00+01:00,CT NG 07,0.0
2030,sc01,12-18 00:00:00+01:00,Wind 01,0.05496414768
2030,sc01,12-18 00:00:00+01:00,Solar 56,0.0
2030,sc01,12-18 00:00:00+01:00,Biomass 09,0.040560000000000006
2030,sc01,12-18 00:00:00+01:00,Biomass 53,0.13104000000000002
2030,sc01,12-18 00:00:00+01:00,Wind 17,5.2395337384
2030,sc01,12-18 00:00:00+01:00,ST NG 08,0.0
2030,sc01,12-18 00:00:00+01:00,Hydro 19,0.186186
2030,sc01,12-18 00:00:00+01:00,ST NG 02,0.0
2030,sc01,12-18 00:00:00+01:00,Biomass 01,0.05512000000000001
2030,sc01,12-18 00:00:00+01:00,Biomass 57,0.10608000000000001
2030,sc01,12-18 00:00:00+01:00,CT NG 49,0.0
2030,sc01,12-18 00:00:00+01:00,CT NG 31,0.0
2030,sc01,12-18 00:00:00+01:00,Solar 64,0.0
2030,sc01,12-18 00:00:00+01:00,CC NG 33,0.0
2030,sc01,12-18 00:00:00+01:00,Solar 46,0.0
2030,sc01,12-18 00:00:00+01:00,Biomass 12,0.01768
2030,sc01,12-18 00:00:00+01:00,Wind 04,0.43663980921600004
2030,sc01,12-18 00:00:00+01:00,Solar 13,0.0
2030,sc01,12-18 00:00:00+01:00,CT NG 55,0.0
2030,sc01,12-18 00:00:00+01:00,Wind N03,198.33174156078616
2030,sc01,12-18 00:00:00+01:00,CT NG 28,0.0
2030,sc01,12-18 00:00:00+01:00,Wind 09,0.028599868128000003
2030,sc01,12-18 00:00:00+01:00,Solar 60,0.0
2030,sc01,12-18 00:00:00+01:00,Solar 25,0.0
2030,sc01,12-18 00:00:00+01:00,CT NG 23,0.0
2030,sc01,12-18 00:00:00+01:00,ST Other 01,0.0
2030,sc01,12-18 00:00:00+01:00,Solar 70,0.0
2030,sc01,12-18 00:00:00+01:00,CC NG 34,1.7943046178932573
2030,sc01,12-18 00:00:00+01:00,Solar 48,0.0
2030,sc01,12-18 00:00:00+01:00,Biomass 56,0.13312000000000002
2030,sc01,12-18 00:00:00+01:00,CT NG 36,0.0
2030,sc01,12-18 00:00:00+01:00,Solar 47,0.0
2030,sc01,12-18 00:00:00+01:00,Hydro 17,0.01714284
2030,sc01,12-18 00:00:00+01:00,Solar 09,0.0
2030,sc01,12-18 00:00:00+01:00,Solar 08,0.0
2030,sc01,12-18 00:00:00+01:00,CT NG 45,0.0
2030,sc01,12-18 00:00:00+01:00,ST NG 04,0.0
2030,sc01,12-18 00:00:00+01:00,Solar 40,0.0
2030,sc01,12-18 00:00:00+01:00,Biomass 47,0.12375999999999998
2030,sc01,12-18 00:00:00+01:00,Solar 50,0.0
2030,sc01,12-18 00:00:00+01:00,Solar 52,0.0
2030,sc01,12-18 00:00:00+01:00,Solar 63,0.0
2030,sc01,12-18 00:00:00+01:00,CC NG 06,0.0
2030,sc01,12-18 00:00:00+01:00,Biomass 39,0.042120000000000005
2030,sc01,12-18 00:00:00+01:00,Solar 67,0.0
2030,sc01,12-18 00:00:00+01:00,Solar 19,0.0
2030,sc01,12-18 00:00:00+01:00,Wind 12,0.73812868168
2030,sc01,12-18 00:00:00+01:00,Solar 24,0.0
2030,sc01,12-18 00:00:00+01:00,ICE NG 02,0.0
2030,sc01,12-18 00:00:00+01:00,Solar 05,0.0
2030,sc01,12-18 00:00:00+01:00,CT NG 54,0.0
2030,sc01,12-18 00:00:00+01:00,Wind N01,7.002759285600001
2030,sc01,12-18 00:00:00+01:00,CT NG 27,0.0
2030,sc01,12-18 00:00:00+01:00,CC NG 36,0.0
2030,sc01,12-18 00:00:00+01:00,Wind N02,7.929016966215299
2030,sc01,12-18 00:00:00+01:00,CT NG 52,0.0
2030,sc01,12-18 00:00:00+01:00,Solar 35,0.0
2030,sc01,12-18 00:00:00+01:00,CT NG 05,0.0
2030,sc01,12-18 00:00:00+01:00,Biomass 36,0.07488
2030,sc01,12-18 00:00:00+01:00,CT NG 34,0.0
2030,sc01,12-18 00:00:00+01:00,CT Oil 03,0.0
2030,sc01,12-18 00:00:00+01:00,Hydro 35,0.0
2030,sc01,12-18 00:00:00+01:00,Solar 14,0.0
2030,sc01,12-18 00:00:00+01:00,CT NG 75,0.0
2030,sc01,12-18 00:00:00+01:00,ST NG 09,0.0
2030,sc01,12-18 00:00:00+01:00,CT NG 56,0.0
2030,sc01,12-18 00:00:00+01:00,Biomass 22,0.01924
2030,sc01,12-18 00:00:00+01:00,Solar 18,0.0
2030,sc01,12-18 00:00:00+01:00,Biomass 13,0.01768
2030,sc01,12-18 00:00:00+01:00,CT NG 71,0.0
2030,sc01,12-18 00:00:00+01:00,Solar 58,0.0
2030,sc01,12-18 00:00:00+01:00,Solar 06,0.0
2030,sc01,12-18 00:00:00+01:00,Biomass 08,0.040560000000000006
2030,sc01,12-18 00:00:00+01:00,CT NG 72,0.0
2030,sc01,12-18 00:00:00+01:00,Hydro 18,0.05904756
2030,sc01,12-18 00:00:00+01:00,Solar 10,0.0
2030,sc01,12-18 00:00:00+01:00,CT NG 04,0.0
2030,sc01,12-18 00:00:00+01:00,ST Other 02,0.0
2030,sc01,12-18 00:00:00+01:00,CT NG 12,0.0
2030,sc01,12-18 00:00:00+01:00,CT NG 48,0.0
2030,sc01,12-18 00:00:00+01:00,ST NG 10,0.0
2030,sc01,12-18 00:00:00+01:00,Solar 22,0.0
2030,sc01,12-18 00:00:00+01:00,Solar 28,0.0
2030,sc01,12-18 00:00:00+01:00,CT NG 73,0.0
2030,sc01,12-18 00:00:00+01:00,Biomass 52,0.07748
2030,sc01,12-18 00:00:00+01:00,CT NG 30,0.0
2030,sc01,12-18 00:00:00+01:00,Solar 54,0.0
2030,sc01,12-18 00:00:00+01:00,Solar 31,0.0
2030,sc01,12-18 00:00:00+01:00,Biomass 03,0.013000000000000001
2030,sc01,12-18 00:00:00+01:00,CT NG 32,0.0
2030,sc01,12-18 00:00:00+01:00,Biomass 27,0.08788
2030,sc01,12-18 00:00:00+01:00,CC NG 14,0.0
2030,sc01,12-18 00:00:00+01:00,CC NG 03,6.38506232
2030,sc01,12-18 00:00:00+01:00,CC NG 29,0.0
2030,sc01,12-18 00:00:00+01:00,CC NG 28,0.0
2030,sc01,12-18 00:00:00+01:00,CC NG 25,0.0
2030,sc01,12-18 00:00:00+01:00,CT NG 44,0.0
2030,sc01,12-18 00:00:00+01:00,CT NG 14,0.0
2030,sc01,12-18 00:00:00+01:00,CC NG 15,0.0
2030,sc01,12-18 00:00:00+01:00,CC NG 04,4.463645079057098
2030,sc01,12-18 00:00:00+01:00,Biomass 29,0.08788
2030,sc01,12-18 00:00:00+01:00,Wind 14,3.3567349738
2030,sc01,12-18 00:00:00+01:00,Wind 08,0.030872875903999997
2030,sc01,12-18 00:00:00+01:00,Biomass 61,0.020280000000000003
2030,sc01,12-18 00:00:00+01:00,CT NG 35,0.0
2030,sc01,12-18 00:00:00+01:00,Solar 33,0.0
2030,sc01,12-18 00:00:00+01:00,CT NG 41,0.0
2030,sc01,12-18 00:00:00+01:00,CT NG 15,0.0
2030,sc01,12-18 00:00:00+01:00,Solar 42,0.0
2030,sc01,12-18 00:00:00+01:00,Solar 07,0.0
2030,sc01,12-18 00:00:00+01:00,Solar 43,0.0
2030,sc01,12-18 00:00:00+01:00,Biomass 05,0.02392
2030,sc01,12-18 00:00:00+01:00,CT NG 29,0.0
2030,sc01,12-18 00:00:00+01:00,Solar 71,0.0
2030,sc01,12-18 00:00:00+01:00,CT NG 53,0.0
2030,sc01,12-18 00:00:00+01:00,CT NG 20,0.0
2030,sc01,12-18 00:00:00+01:00,Biomass 14,0.039
2030,sc01,12-18 00:00:00+01:00,Solar 26,0.0
2030,sc01,12-18 00:00:00+01:00,Hydro 29,57.454768800000004
2030,sc01,12-18 00:00:00+01:00,Hydro 31,0.0
2030,sc01,12-18 00:00:00+01:00,Biomass 24,0.014560000000000002
2030,sc01,12-18 00:00:00+01:00,Biomass 54,0.13104000000000002
2030,sc01,12-18 00:00:00+01:00,Solar 36,0.0
2030,sc01,12-18 00:00:00+01:00,Wind 03,0.773106633
2030,sc01,12-18 00:00:00+01:00,Biomass 40,0.042120000000000005
2030,sc01,12-18 00:00:00+01:00,Biomass 49,0.01716
2030,sc01,12-18 00:00:00+01:00,CC NG 16,47.442954
2030,sc01,12-18 00:00:00+01:00,Biomass 48,0.12375999999999998
2030,sc01,12-18 00:00:00+01:00,Hydro 28,57.454768800000004
2030,sc01,12-18 00:00:00+01:00,Biomass 17,0.0
2030,sc01,12-18 00:00:00+01:00,CT NG 33,0.0
2030,sc01,12-18 00:00:00+01:00,Solar 45,0.0
2030,sc01,12-18 00:00:00+01:00,Hydro 24,0.0
2030,sc01,12-18 00:00:00+01:00,Wind 13,0.38389271606400005
2030,sc01,12-18 00:00:00+01:00,Biomass 07,0.10400000000000001
2030,sc01,12-18 00:00:00+01:00,Biomass 34,0.07488
2030,sc01,12-18 00:00:00+01:00,Biomass 33,0.07488
2030,sc01,12-18 00:00:00+01:00,CT NG 01,0.0
2030,sc01,12-18 00:00:00+01:00,ICE NG 03,0.0
2030,sc01,12-18 00:00:00+01:00,Solar 55,0.0
2030,sc01,12-18 00:00:00+01:00,Solar 11,0.0
2030,sc01,12-18 00:00:00+01:00,CT NG 06,0.0
2030,sc01,12-18 00:00:00+01:00,CT NG 70,0.0
2030,sc01,12-18 00:00:00+01:00,Solar 23,0.0
2030,sc01,12-18 00:00:00+01:00,CT NG 67,0.0
2030,sc01,12-18 00:00:00+01:00,Solar 12,0.0
2030,sc01,12-18 00:00:00+01:00,CT Oil 01,0.0
2030,sc01,12-18 00:00:00+01:00,Hydro 26,0.49523759999999994
2030,sc01,12-18 00:00:00+01:00,CC NG 22,0.0
2030,sc01,12-18 00:00:00+01:00,CC NG 35,0.0
2030,sc01,12-18 00:00:00+01:00,Biomass 50,0.00988
2030,sc01,12-18 00:00:00+01:00,ICE NG 04,0.0
2030,sc01,12-18 00:00:00+01:00,CC NG 39,0.0
2030,sc01,12-18 00:00:00+01:00,Hydro 32,0.006095232
2030,sc01,12-18 00:00:00+01:00,ICE NG 07,0.0
2030,sc01,12-18 00:00:00+01:00,Biomass 46,0.033800000000000004
2030,sc01,12-18 00:00:00+01:00,CC NG 38,0.0
2030,sc01,12-18 00:00:00+01:00,CC NG 12,0.0
2030,sc01,12-18 00:00:00+01:00,Solar 57,0.0
2030,sc01,12-18 00:00:00+01:00,CC NG 32,0.0
2030,sc01,12-18 00:00:00+01:00,CC NG 07,0.0
2030,sc01,12-18 00:00:00+01:00,Biomass 44,0.065
2030,sc01,12-18 00:00:00+01:00,CT NG 40,0.0
2030,sc01,12-18 00:00:00+01:00,Solar 74,0.0
2030,sc01,12-18 00:00:00+01:00,Hydro 30,0.0
2030,sc01,12-18 00:00:00+01:00,CT NG 42,0.0
2030,sc01,12-18 00:00:00+01:00,Hydro 22,1.00256676
2030,sc01,12-18 00:00:00+01:00,Solar 17,0.0
2030,sc01,12-18 00:00:00+01:00,Solar 38,0.0
2030,sc01,12-18 00:00:00+01:00,CT NG 24,0.0
2030,sc01,12-18 00:00:00+01:00,CC NG 27,0.0
2030,sc01,12-18 00:00:00+01:00,Biomass 21,0.01924
2030,sc01,12-18 00:00:00+01:00,ICE NG 06,0.0
2030,sc01,12-18 00:00:00+01:00,Biomass 25,0.014560000000000002
2030,sc01,12-18 00:00:00+01:00,Solar 27,0.0
2030,sc01,12-18 00:00:00+01:00,CT NG 19,0.0
2030,sc01,12-18 00:00:00+01:00,Biomass 42,0.07644
2030,sc01,12-18 00:00:00+01:00,Biomass 19,0.01924
2030,sc01,12-18 00:00:00+01:00,Biomass 06,0.02392
2030,sc01,12-18 00:00:00+01:00,CT NG 10,0.0
2030,sc01,12-18 00:00:00+01:00,CC NG 40,0.0
2030,sc01,12-18 00:00:00+01:00,CC NG 21,0.0
2030,sc01,12-18 00:00:00+01:00,Biomass 02,0.05512000000000001
2030,sc01,12-18 00:00:00+01:00,CT NG 46,0.0
2030,sc01,12-18 00:00:00+01:00,Hydro 34,0.0
2030,sc01,12-18 00:00:00+01:00,Biomass 10,0.040560000000000006
2030,sc01,12-18 00:00:00+01:00,CT NG 17,0.34767719999999996
2030,sc01,12-18 00:00:00+01:00,Biomass 62,0.10088
2030,sc01,12-18 00:00:00+01:00,Biomass 32,0.06448
2030,sc01,12-18 00:00:00+01:00,CC NG 19,7.03976
2030,sc01,12-18 00:00:00+01:00,CC NG 17,0.0
2030,sc01,12-18 00:00:00+01:00,ST NG 01,0.0
2030,sc01,12-18 00:00:00+01:00,Biomass 45,0.065
2030,sc01,12-18 00:00:00+01:00,Biomass 28,0.08788
2030,sc01,12-18 00:00:00+01:00,CC NG 10,0.0
2030,sc01,12-18 00:00:00+01:00,Biomass 23,0.014560000000000002
2030,sc01,12-18 00:00:00+01:00,ST NG 06,0.0
2030,sc01,12-18 00:00:00+01:00,Wind 10,0.029579819360000002
2030,sc01,12-18 00:00:00+01:00,CT NG 69,0.0
2030,sc01,12-18 00:00:00+01:00,CT NG 68,0.0
2030,sc01,12-21 10:00:00+01:00,CC NG 13,0.0
2030,sc01,12-21 10:00:00+01:00,CT NG 37,0.0
2030,sc01,12-21 10:00:00+01:00,ST Coal 01,0.0
2030,sc01,12-21 10:00:00+01:00,CT NG 09,0.0
2030,sc01,12-21 10:00:00+01:00,CT NG 47,0.0
2030,sc01,12-21 10:00:00+01:00,Solar 69,0.0
2030,sc01,12-21 10:00:00+01:00,Solar 34,14.512050451205855
2030,sc01,12-21 10:00:00+01:00,Solar 73,3.6042332592
2030,sc01,12-21 10:00:00+01:00,Biomass 37,0.0
2030,sc01,12-21 10:00:00+01:00,Hydro 20,0.0
2030,sc01,12-21 10:00:00+01:00,Solar 01,9.2317890273
2030,sc01,12-21 10:00:00+01:00,Solar 62,11.288447025157945
2030,sc01,12-21 10:00:00+01:00,Solar 02,5.0765112132
2030,sc01,12-21 10:00:00+01:00,CT NG 26,0.0
2030,sc01,12-21 10:00:00+01:00,Biomass 20,0.00777
2030,sc01,12-21 10:00:00+01:00,Wind 16,0.8663289108600001
2030,sc01,12-21 10:00:00+01:00,CT NG 66,0.0
2030,sc01,12-21 10:00:00+01:00,Solar 39,0.0
2030,sc01,12-21 10:00:00+01:00,Biomass 41,0.0
2030,sc01,12-21 10:00:00+01:00,Solar 72,0.0
2030,sc01,12-21 10:00:00+01:00,ST NG 03,0.0
2030,sc01,12-21 10:00:00+01:00,Hydro 21,0.0
2030,sc01,12-21 10:00:00+01:00,CT NG 03,0.0
2030,sc01,12-21 10:00:00+01:00,CC NG 09,0.0
2030,sc01,12-21 10:00:00+01:00,CT Oil 02,0.0
2030,sc01,12-21 10:00:00+01:00,CT NG 39,0.0
2030,sc01,12-21 10:00:00+01:00,CC NG 08,0.0
2030,sc01,12-21 10:00:00+01:00,Biomass 43,0.0
2030,sc01,12-21 10:00:00+01:00,CT NG 18,0.0
2030,sc01,12-21 10:00:00+01:00,ST NG 07,0.0
2030,sc01,12-21 10:00:00+01:00,Biomass 35,0.0
2030,sc01,12-21 10:00:00+01:00,Solar 32,0.0
2030,sc01,12-21 10:00:00+01:00,Biomass 15,0.0
2030,sc01,12-21 10:00:00+01:00,CC NG 31,0.0
2030,sc01,12-21 10:00:00+01:00,Solar 16,0.6585657897
2030,sc01,12-21 10:00:00+01:00,Solar 68,0.0
2030,sc01,12-21 10:00:00+01:00,CT NG 21,0.0
2030,sc01,12-21 10:00:00+01:00,Wind 11,0.049990559808000004
2030,sc01,12-21 10:00:00+01:00,CC NG 37,0.0
2030,sc01,12-21 10:00:00+01:00,CT NG 22,0.0
2030,sc01,12-21 10:00:00+01:00,Hydro 16,0.0
2030,sc01,12-21 10:00:00+01:00,Biomass 59,0.08694
2030,sc01,12-21 10:00:00+01:00,CC NG 01,0.0
2030,sc01,12-21 10:00:00+01:00,Biomass 16,0.0
2030,sc01,12-21 10:00:00+01:00,Solar 03,3.1553333889
2030,sc01,12-21 10:00:00+01:00,Solar 44,0.0
2030,sc01,12-21 10:00:00+01:00,CT NG 08,0.0
2030,sc01,12-21 10:00:00+01:00,Wind 05,0.0
2030,sc01,12-21 10:00:00+01:00,Biomass 26,0.03549
2030,sc01,12-21 10:00:00+01:00,Solar 37,0.0
2030,sc01,12-21 10:00:00+01:00,Biomass 11,0.0071400000000000005
2030,sc01,12-21 10:00:00+01:00,Solar 59,0.0
2030,sc01,12-21 10:00:00+01:00,CT NG 11,0.0
2030,sc01,12-21 10:00:00+01:00,Biomass 30,0.03549
2030,sc01,12-21 10:00:00+01:00,Hydro 23,0.0
2030,sc01,12-21 10:00:00+01:00,CC NG 24,0.0
2030,sc01,12-21 10:00:00+01:00,Solar 65,6.960878855699999
2030,sc01,12-21 10:00:00+01:00,CC NG 18,0.0
2030,sc01,12-21 10:00:00+01:00,CT NG 16,0.0
2030,sc01,12-21 10:00:00+01:00,Solar 51,0.0
2030,sc01,12-21 10:00:00+01:00,Wind 06,0.27050690478
2030,sc01,12-21 10:00:00+01:00,CC NG 26,0.0
2030,sc01,12-21 10:00:00+01:00,CC NG 23,0.0
2030,sc01,12-21 10:00:00+01:00,CT NG 43,0.0
2030,sc01,12-21 10:00:00+01:00,CC NG 11,0.0
2030,sc01,12-21 10:00:00+01:00,CT NG 02,0.0
2030,sc01,12-21 10:00:00+01:00,CT NG 50,0.0
2030,sc01,12-21 10:00:00+01:00,Hydro 27,0.0
2030,sc01,12-21 10:00:00+01:00,CT NG 13,0.1733025935080408
2030,sc01,12-21 10:00:00+01:00,CT NG 25,0.0
2030,sc01,12-21 10:00:00+01:00,CC NG 05,0.0
2030,sc01,12-21 10:00:00+01:00,Solar 04,0.45544188354000004
2030,sc01,12-21 10:00:00+01:00,Solar 30,0.63506255841
2030,sc01,12-21 10:00:00+01:00,Solar 29,0.9808606781399999
2030,sc01,12-21 10:00:00+01:00,Solar 53,0.0
2030,sc01,12-21 10:00:00+01:00,Solar 21,1.72811934792
2030,sc01,12-21 10:00:00+01:00,Biomass 58,0.04284
2030,sc01,12-21 10:00:00+01:00,CT NG 74,0.0
2030,sc01,12-21 10:00:00+01:00,Solar 61,0.0
2030,sc01,12-21 10:00:00+01:00,Wind 07,0.048110723640000005
2030,sc01,12-21 10:00:00+01:00,Biomass 31,0.03549
2030,sc01,12-21 10:00:00+01:00,CT Oil 05,0.0
2030,sc01,12-21 10:00:00+01:00,Biomass 38,0.0
2030,sc01,12-21 10:00:00+01:00,Solar 41,0.0
2030,sc01,12-21 10:00:00+01:00,Biomass 51,0.0
2030,sc01,12-21 10:00:00+01:00,Biomass 55,0.05292
2030,sc01,12-21 10:00:00+01:00,Wind 15,1.31090804838
2030,sc01,12-21 10:00:00+01:00,Geo 01,0.0
2030,sc01,12-21 10:00:00+01:00,Biomass 60,0.0567
2030,sc01,12-21 10:00:00+01:00,CT NG 38,0.0
2030,sc01,12-21 10:00:00+01:00,Solar 66,15.772634296323519
2030,sc01,12-21 10:00:00+01:00,Solar 49,0.0
2030,sc01,12-21 10:00:00+01:00,CT NG 51,0.0
2030,sc01,12-21 10:00:00+01:00,Biomass 18,0.0
2030,sc01,12-21 10:00:00+01:00,ICE NG 01,0.0
2030,sc01,12-21 10:00:00+01:00,Solar 15,0.98829579366
2030,sc01,12-21 10:00:00+01:00,ICE NG 05,0.0
2030,sc01,12-21 10:00:00+01:00,CT Oil 04,0.0
2030,sc01,12-21 10:00:00+01:00,CC NG 20,0.0
2030,sc01,12-21 10:00:00+01:00,Solar 20,1.15250214471
2030,sc01,12-21 10:00:00+01:00,Biomass 04,0.0
2030,sc01,12-21 10:00:00+01:00,Wind 02,0.24883173924
2030,sc01,12-21 10:00:00+01:00,Hydro 25,0.0
2030,sc01,12-21 10:00:00+01:00,Solar 75,3.811958913
2030,sc01,12-21 10:00:00+01:00,Hydro 33,0.0
2030,sc01,12-21 10:00:00+01:00,ST NG 05,0.0
2030,sc01,12-21 10:00:00+01:00,CT NG 07,0.0
2030,sc01,12-21 10:00:00+01:00,Wind 01,0.028081170432
2030,sc01,12-21 10:00:00+01:00,Solar 56,0.0
2030,sc01,12-21 10:00:00+01:00,Biomass 09,0.016380000000000002
2030,sc01,12-21 10:00:00+01:00,Biomass 53,0.05292
2030,sc01,12-21 10:00:00+01:00,Wind 17,1.7169694130400002
2030,sc01,12-21 10:00:00+01:00,ST NG 08,0.0
2030,sc01,12-21 10:00:00+01:00,Hydro 19,0.0
2030,sc01,12-21 10:00:00+01:00,ST NG 02,0.0
2030,sc01,12-21 10:00:00+01:00,Biomass 01,0.022260000000000002
2030,sc01,12-21 10:00:00+01:00,Biomass 57,0.04284
2030,sc01,12-21 10:00:00+01:00,CT NG 49,0.0
2030,sc01,12-21 10:00:00+01:00,CT NG 31,0.0
2030,sc01,12-21 10:00:00+01:00,Solar 64,3.528
2030,sc01,12-21 10:00:00+01:00,CC NG 33,0.0
2030,sc01,12-21 10:00:00+01:00,Solar 46,0.0
2030,sc01,12-21 10:00:00+01:00,Biomass 12,0.0071400000000000005
2030,sc01,12-21 10:00:00+01:00,Wind 04,0.55945287762
2030,sc01,12-21 10:00:00+01:00,Solar 13,0.024809810592
2030,sc01,12-21 10:00:00+01:00,CT NG 55,0.0
2030,sc01,12-21 10:00:00+01:00,Wind N03,66.03728512500001
2030,sc01,12-21 10:00:00+01:00,CT NG 28,0.0
2030,sc01,12-21 10:00:00+01:00,Wind 09,0.032825765448
2030,sc01,12-21 10:00:00+01:00,Solar 60,0.0
2030,sc01,12-21 10:00:00+01:00,Solar 25,0.18193469464800002
2030,sc01,12-21 10:00:00+01:00,CT NG 23,0.0
2030,sc01,12-21 10:00:00+01:00,ST Other 01,0.0
2030,sc01,12-21 10:00:00+01:00,Solar 70,19.248572246400002
2030,sc01,12-21 10:00:00+01:00,CC NG 34,0.0
2030,sc01,12-21 10:00:00+01:00,Solar 48,0.0
2030,sc01,12-21 10:00:00+01:00,Biomass 56,0.05376
2030,sc01,12-21 10:00:00+01:00,CT NG 36,0.0
2030,sc01,12-21 10:00:00+01:00,Solar 47,0.0
2030,sc01,12-21 10:00:00+01:00,Hydro 17,0.0
2030,sc01,12-21 10:00:00+01:00,Solar 09,1.20582111048
2030,sc01,12-21 10:00:00+01:00,Solar 08,0.0
2030,sc01,12-21 10:00:00+01:00,CT NG 45,0.0
2030,sc01,12-21 10:00:00+01:00,ST NG 04,0.0
2030,sc01,12-21 10:00:00+01:00,Solar 40,0.0
2030,sc01,12-21 10:00:00+01:00,Biomass 47,0.0
2030,sc01,12-21 10:00:00+01:00,Solar 50,0.0
2030,sc01,12-21 10:00:00+01:00,Solar 52,0.0
2030,sc01,12-21 10:00:00+01:00,Solar 63,7.804200495
2030,sc01,12-21 10:00:00+01:00,CC NG 06,0.0
2030,sc01,12-21 10:00:00+01:00,Biomass 39,0.0
2030,sc01,12-21 10:00:00+01:00,Solar 67,0.0
2030,sc01,12-21 10:00:00+01:00,Solar 19,0.009383181864000001
2030,sc01,12-21 10:00:00+01:00,Wind 12,3.5057385909
2030,sc01,12-21 10:00:00+01:00,Solar 24,0.13569632076000002
2030,sc01,12-21 10:00:00+01:00,ICE NG 02,0.0
2030,sc01,12-21 10:00:00+01:00,Solar 05,0.0
2030,sc01,12-21 10:00:00+01:00,CT NG 54,0.0
2030,sc01,12-21 10:00:00+01:00,Wind N01,33.259571247000004
2030,sc01,12-21 10:00:00+01:00,CT NG 27,0.0
2030,sc01,12-21 10:00:00+01:00,CC NG 36,0.0
2030,sc01,12-21 10:00:00+01:00,Wind N02,29.55273256556345
2030,sc01,12-21 10:00:00+01:00,CT NG 52,0.0
2030,sc01,12-21 10:00:00+01:00,Solar 35,0.0
2030,sc01,12-21 10:00:00+01:00,CT NG 05,0.0
2030,sc01,12-21 10:00:00+01:00,Biomass 36,0.0
2030,sc01,12-21 10:00:00+01:00,CT NG 34,0.0
2030,sc01,12-21 10:00:00+01:00,CT Oil 03,0.0
2030,sc01,12-21 10:00:00+01:00,Hydro 35,0.0
2030,sc01,12-21 10:00:00+01:00,Solar 14,1.09876238157
2030,sc01,12-21 10:00:00+01:00,CT NG 75,0.0
2030,sc01,12-21 10:00:00+01:00,ST NG 09,0.0
2030,sc01,12-21 10:00:00+01:00,CT NG 56,0.0
2030,sc01,12-21 10:00:00+01:00,Biomass 22,0.00777
2030,sc01,12-21 10:00:00+01:00,Solar 18,1.1589339482699998
2030,sc01,12-21 10:00:00+01:00,Biomass 13,0.0071400000000000005
2030,sc01,12-21 10:00:00+01:00,CT NG 71,0.0
2030,sc01,12-21 10:00:00+01:00,Solar 58,0.0
2030,sc01,12-21 10:00:00+01:00,Solar 06,0.0
2030,sc01,12-21 10:00:00+01:00,Biomass 08,0.016380000000000002
2030,sc01,12-21 10:00:00+01:00,CT NG 72,0.0
2030,sc01,12-21 10:00:00+01:00,Hydro 18,0.0
2030,sc01,12-21 10:00:00+01:00,Solar 10,1.11013271019
2030,sc01,12-21 10:00:00+01:00,CT NG 04,0.0
2030,sc01,12-21 10:00:00+01:00,ST Other 02,0.0
2030,sc01,12-21 10:00:00+01:00,CT NG 12,0.0
2030,sc01,12-21 10:00:00+01:00,CT NG 48,0.0
2030,sc01,12-21 10:00:00+01:00,ST NG 10,0.0
2030,sc01,12-21 10:00:00+01:00,Solar 22,1.02020103843
2030,sc01,12-21 10:00:00+01:00,Solar 28,0.9129611282400001
2030,sc01,12-21 10:00:00+01:00,CT NG 73,0.0
2030,sc01,12-21 10:00:00+01:00,Biomass 52,0.0
2030,sc01,12-21 10:00:00+01:00,CT NG 30,0.0
2030,sc01,12-21 10:00:00+01:00,Solar 54,0.0
2030,sc01,12-21 10:00:00+01:00,Solar 31,0.0
2030,sc01,12-21 10:00:00+01:00,Biomass 03,0.0
2030,sc01,12-21 10:00:00+01:00,CT NG 32,0.0
2030,sc01,12-21 10:00:00+01:00,Biomass 27,0.03549
2030,sc01,12-21 10:00:00+01:00,CC NG 14,0.0
2030,sc01,12-21 10:00:00+01:00,CC NG 03,0.0
2030,sc01,12-21 10:00:00+01:00,CC NG 29,0.0
2030,sc01,12-21 10:00:00+01:00,CC NG 28,0.0
2030,sc01,12-21 10:00:00+01:00,CC NG 25,0.0
2030,sc01,12-21 10:00:00+01:00,CT NG 44,0.0
2030,sc01,12-21 10:00:00+01:00,CT NG 14,0.43953839999999994
2030,sc01,12-21 10:00:00+01:00,CC NG 15,0.0
2030,sc01,12-21 10:00:00+01:00,CC NG 04,0.0
2030,sc01,12-21 10:00:00+01:00,Biomass 29,0.03549
2030,sc01,12-21 10:00:00+01:00,Wind 14,0.0
2030,sc01,12-21 10:00:00+01:00,Wind 08,0.030053533944000003
2030,sc01,12-21 10:00:00+01:00,Biomass 61,0.0
2030,sc01,12-21 10:00:00+01:00,CT NG 35,0.0
2030,sc01,12-21 10:00:00+01:00,Solar 33,0.0
2030,sc01,12-21 10:00:00+01:00,CT NG 41,0.0
2030,sc01,12-21 10:00:00+01:00,CT NG 15,0.0
2030,sc01,12-21 10:00:00+01:00,Solar 42,0.0
2030,sc01,12-21 10:00:00+01:00,Solar 07,0.0
2030,sc01,12-21 10:00:00+01:00,Solar 43,0.0
2030,sc01,12-21 10:00:00+01:00,Biomass 05,0.00966
2030,sc01,12-21 10:00:00+01:00,CT NG 29,0.0
2030,sc01,12-21 10:00:00+01:00,Solar 71,0.0
2030,sc01,12-21 10:00:00+01:00,CT NG 53,0.0
2030,sc01,12-21 10:00:00+01:00,CT NG 20,0.0
2030,sc01,12-21 10:00:00+01:00,Biomass 14,0.01575
2030,sc01,12-21 10:00:00+01:00,Solar 26,0.168484230432
2030,sc01,12-21 10:00:00+01:00,Hydro 29,0.0
2030,sc01,12-21 10:00:00+01:00,Hydro 31,0.0
2030,sc01,12-21 10:00:00+01:00,Biomass 24,0.005880000000000001
2030,sc01,12-21 10:00:00+01:00,Biomass 54,0.05292
2030,sc01,12-21 10:00:00+01:00,Solar 36,0.0
2030,sc01,12-21 10:00:00+01:00,Wind 03,1.1514858663
2030,sc01,12-21 10:00:00+01:00,Biomass 40,0.0
2030,sc01,12-21 10:00:00+01:00,Biomass 49,0.0
2030,sc01,12-21 10:00:00+01:00,CC NG 16,1.8715861371091136
2030,sc01,12-21 10:00:00+01:00,Biomass 48,0.0
2030,sc01,12-21 10:00:00+01:00,Hydro 28,0.0
2030,sc01,12-21 10:00:00+01:00,Biomass 17,0.0
2030,sc01,12-21 10:00:00+01:00,CT NG 33,0.0
2030,sc01,12-21 10:00:00+01:00,Solar 45,0.0
2030,sc01,12-21 10:00:00+01:00,Hydro 24,0.0
2030,sc01,12-21 10:00:00+01:00,Wind 13,1.5338834025900003
2030,sc01,12-21 10:00:00+01:00,Biomass 07,0.042
2030,sc01,12-21 10:00:00+01:00,Biomass 34,0.0
2030,sc01,12-21 10:00:00+01:00,Biomass 33,0.0
2030,sc01,12-21 10:00:00+01:00,CT NG 01,0.5168646
2030,sc01,12-21 10:00:00+01:00,ICE NG 03,0.0
2030,sc01,12-21 10:00:00+01:00,Solar 55,0.0
2030,sc01,12-21 10:00:00+01:00,Solar 11,0.186114812856
2030,sc01,12-21 10:00:00+01:00,CT NG 06,0.0
2030,sc01,12-21 10:00:00+01:00,CT NG 70,0.0
2030,sc01,12-21 10:00:00+01:00,Solar 23,0.027558234143999997
2030,sc01,12-21 10:00:00+01:00,CT NG 67,0.0
2030,sc01,12-21 10:00:00+01:00,Solar 12,0.14407252759199998
2030,sc01,12-21 10:00:00+01:00,CT Oil 01,0.0
2030,sc01,12-21 10:00:00+01:00,Hydro 26,0.0
2030,sc01,12-21 10:00:00+01:00,CC NG 22,0.0
2030,sc01,12-21 10:00:00+01:00,CC NG 35,0.0
2030,sc01,12-21 10:00:00+01:00,Biomass 50,0.0
2030,sc01,12-21 10:00:00+01:00,ICE NG 04,0.0
2030,sc01,12-21 10:00:00+01:00,CC NG 39,0.0
2030,sc01,12-21 10:00:00+01:00,Hydro 32,0.0
2030,sc01,12-21 10:00:00+01:00,ICE NG 07,0.0
2030,sc01,12-21 10:00:00+01:00,Biomass 46,0.0
2030,sc01,12-21 10:00:00+01:00,CC NG 38,0.0
2030,sc01,12-21 10:00:00+01:00,CC NG 12,0.0
2030,sc01,12-21 10:00:00+01:00,Solar 57,0.0
2030,sc01,12-21 10:00:00+01:00,CC NG 32,0.0
2030,sc01,12-21 10:00:00+01:00,CC NG 07,0.0
2030,sc01,12-21 10:00:00+01:00,Biomass 44,0.0
2030,sc01,12-21 10:00:00+01:00,CT NG 40,0.0
2030,sc01,12-21 10:00:00+01:00,Solar 74,3.7786042245000004
2030,sc01,12-21 10:00:00+01:00,Hydro 30,0.0
2030,sc01,12-21 10:00:00+01:00,CT NG 42,0.0
2030,sc01,12-21 10:00:00+01:00,Hydro 22,0.0
2030,sc01,12-21 10:00:00+01:00,Solar 17,0.28258380465
2030,sc01,12-21 10:00:00+01:00,Solar 38,0.0
2030,sc01,12-21 10:00:00+01:00,CT NG 24,0.0
2030,sc01,12-21 10:00:00+01:00,CC NG 27,0.0
2030,sc01,12-21 10:00:00+01:00,Biomass 21,0.00777
2030,sc01,12-21 10:00:00+01:00,ICE NG 06,0.0
2030,sc01,12-21 10:00:00+01:00,Biomass 25,0.005880000000000001
2030,sc01,12-21 10:00:00+01:00,Solar 27,0.112895408304
2030,sc01,12-21 10:00:00+01:00,CT NG 19,0.0
2030,sc01,12-21 10:00:00+01:00,Biomass 42,0.0
2030,sc01,12-21 10:00:00+01:00,Biomass 19,0.00777
2030,sc01,12-21 10:00:00+01:00,Biomass 06,0.00966
2030,sc01,12-21 10:00:00+01:00,CT NG 10,0.0
2030,sc01,12-21 10:00:00+01:00,CC NG 40,0.0
2030,sc01,12-21 10:00:00+01:00,CC NG 21,0.0
2030,sc01,12-21 10:00:00+01:00,Biomass 02,0.022260000000000002
2030,sc01,12-21 10:00:00+01:00,CT NG 46,0.0
2030,sc01,12-21 10:00:00+01:00,Hydro 34,0.0
2030,sc01,12-21 10:00:00+01:00,Biomass 10,0.016380000000000002
2030,sc01,12-21 10:00:00+01:00,CT NG 17,0.0
2030,sc01,12-21 10:00:00+01:00,Biomass 62,0.04074
2030,sc01,12-21 10:00:00+01:00,Biomass 32,0.02604
2030,sc01,12-21 10:00:00+01:00,CC NG 19,2.84298
2030,sc01,12-21 10:00:00+01:00,CC NG 17,0.0
2030,sc01,12-21 10:00:00+01:00,ST NG 01,0.0
2030,sc01,12-21 10:00:00+01:00,Biomass 45,0.0
2030,sc01,12-21 10:00:00+01:00,Biomass 28,0.03549
2030,sc01,12-21 10:00:00+01:00,CC NG 10,0.0
2030,sc01,12-21 10:00:00+01:00,Biomass 23,0.005880000000000001
2030,sc01,12-21 10:00:00+01:00,ST NG 06,0.0
2030,sc01,12-21 10:00:00+01:00,Wind 10,0.032527168800000006
2030,sc01,12-21 10:00:00+01:00,CT NG 69,0.0
2030,sc01,12-21 10:00:00+01:00,CT NG 68,0.0
2030,sc01,12-21 17:00:00+01:00,CC NG 13,0.0
2030,sc01,12-21 17:00:00+01:00,CT NG 37,0.0
2030,sc01,12-21 17:00:00+01:00,ST Coal 01,0.196
2030,sc01,12-21 17:00:00+01:00,CT NG 09,0.0
2030,sc01,12-21 17:00:00+01:00,CT NG 47,0.0
2030,sc01,12-21 17:00:00+01:00,Solar 69,0.0
2030,sc01,12-21 17:00:00+01:00,Solar 34,0.0
2030,sc01,12-21 17:00:00+01:00,Solar 73,0.0
2030,sc01,12-21 17:00:00+01:00,Biomass 37,0.008100000000000001
2030,sc01,12-21 17:00:00+01:00,Hydro 20,0.0
2030,sc01,12-21 17:00:00+01:00,Solar 01,0.0
2030,sc01,12-21 17:00:00+01:00,Solar 62,0.0
2030,sc01,12-21 17:00:00+01:00,Solar 02,0.0
2030,sc01,12-21 17:00:00+01:00,CT NG 26,0.0
2030,sc01,12-21 17:00:00+01:00,Biomass 20,0.0037
2030,sc01,12-21 17:00:00+01:00,Wind 16,1.9512740370000001
2030,sc01,12-21 17:00:00+01:00,CT NG 66,0.0
2030,sc01,12-21 17:00:00+01:00,Solar 39,0.0
2030,sc01,12-21 17:00:00+01:00,Biomass 41,0.0147
2030,sc01,12-21 17:00:00+01:00,Solar 72,0.0
2030,sc01,12-21 17:00:00+01:00,ST NG 03,0.0
2030,sc01,12-21 17:00:00+01:00,Hydro 21,0.3101742
2030,sc01,12-21 17:00:00+01:00,CT NG 03,0.0
2030,sc01,12-21 17:00:00+01:00,CC NG 09,0.0
2030,sc01,12-21 17:00:00+01:00,CT Oil 02,0.0
2030,sc01,12-21 17:00:00+01:00,CT NG 39,0.0
2030,sc01,12-21 17:00:00+01:00,CC NG 08,0.0
2030,sc01,12-21 17:00:00+01:00,Biomass 43,0.0286
2030,sc01,12-21 17:00:00+01:00,CT NG 18,0.0
2030,sc01,12-21 17:00:00+01:00,ST NG 07,0.0
2030,sc01,12-21 17:00:00+01:00,Biomass 35,0.014400000000000001
2030,sc01,12-21 17:00:00+01:00,Solar 32,0.0
2030,sc01,12-21 17:00:00+01:00,Biomass 15,0.0
2030,sc01,12-21 17:00:00+01:00,CC NG 31,0.0
2030,sc01,12-21 17:00:00+01:00,Solar 16,0.0
2030,sc01,12-21 17:00:00+01:00,Solar 68,0.0
2030,sc01,12-21 17:00:00+01:00,CT NG 21,0.0
2030,sc01,12-21 17:00:00+01:00,Wind 11,0.213432694
2030,sc01,12-21 17:00:00+01:00,CC NG 37,0.0
2030,sc01,12-21 17:00:00+01:00,CT NG 22,0.0
2030,sc01,12-21 17:00:00+01:00,Hydro 16,0.0
2030,sc01,12-21 17:00:00+01:00,Biomass 59,0.041400000000000006
2030,sc01,12-21 17:00:00+01:00,CC NG 01,0.0
2030,sc01,12-21 17:00:00+01:00,Biomass 16,0.0
2030,sc01,12-21 17:00:00+01:00,Solar 03,0.0
2030,sc01,12-21 17:00:00+01:00,Solar 44,0.0
2030,sc01,12-21 17:00:00+01:00,CT NG 08,0.0
2030,sc01,12-21 17:00:00+01:00,Wind 05,0.036519545519999995
2030,sc01,12-21 17:00:00+01:00,Biomass 26,0.0169
2030,sc01,12-21 17:00:00+01:00,Solar 37,0.0
2030,sc01,12-21 17:00:00+01:00,Biomass 11,0.0034000000000000002
2030,sc01,12-21 17:00:00+01:00,Solar 59,0.0
2030,sc01,12-21 17:00:00+01:00,CT NG 11,0.0
2030,sc01,12-21 17:00:00+01:00,Biomass 30,0.0169
2030,sc01,12-21 17:00:00+01:00,Hydro 23,0.0
2030,sc01,12-21 17:00:00+01:00,CC NG 24,0.0
2030,sc01,12-21 17:00:00+01:00,Solar 65,0.0
2030,sc01,12-21 17:00:00+01:00,CC NG 18,0.0
2030,sc01,12-21 17:00:00+01:00,CT NG 16,0.0
2030,sc01,12-21 17:00:00+01:00,Solar 51,0.0
2030,sc01,12-21 17:00:00+01:00,Wind 06,0.7096670906000001
2030,sc01,12-21 17:00:00+01:00,CC NG 26,0.0
2030,sc01,12-21 17:00:00+01:00,CC NG 23,0.0
2030,sc01,12-21 17:00:00+01:00,CT NG 43,0.0
2030,sc01,12-21 17:00:00+01:00,CC NG 11,0.0
2030,sc01,12-21 17:00:00+01:00,CT NG 02,0.246126
2030,sc01,12-21 17:00:00+01:00,CT NG 50,0.0
2030,sc01,12-21 17:00:00+01:00,Hydro 27,0.096681
2030,sc01,12-21 17:00:00+01:00,CT NG 13,0.0
2030,sc01,12-21 17:00:00+01:00,CT NG 25,0.0
2030,sc01,12-21 17:00:00+01:00,CC NG 05,0.0
2030,sc01,12-21 17:00:00+01:00,Solar 04,0.0
2030,sc01,12-21 17:00:00+01:00,Solar 30,0.0
2030,sc01,12-21 17:00:00+01:00,Solar 29,0.0
2030,sc01,12-21 17:00:00+01:00,Solar 53,0.0
2030,sc01,12-21 17:00:00+01:00,Solar 21,0.0
2030,sc01,12-21 17:00:00+01:00,Biomass 58,0.0204
2030,sc01,12-21 17:00:00+01:00,CT NG 74,0.0
2030,sc01,12-21 17:00:00+01:00,Solar 61,0.0
2030,sc01,12-21 17:00:00+01:00,Wind 07,0.23750276310000001
2030,sc01,12-21 17:00:00+01:00,Biomass 31,0.0169
2030,sc01,12-21 17:00:00+01:00,CT Oil 05,0.0
2030,sc01,12-21 17:00:00+01:00,Biomass 38,0.008100000000000001
2030,sc01,12-21 17:00:00+01:00,Solar 41,0.0
2030,sc01,12-21 17:00:00+01:00,Biomass 51,0.0019000000000000002
2030,sc01,12-21 17:00:00+01:00,Biomass 55,0.0252
2030,sc01,12-21 17:00:00+01:00,Wind 15,0.5113458289999999
2030,sc01,12-21 17:00:00+01:00,Geo 01,0.0
2030,sc01,12-21 17:00:00+01:00,Biomass 60,0.027000000000000003
2030,sc01,12-21 17:00:00+01:00,CT NG 38,0.0
2030,sc01,12-21 17:00:00+01:00,Solar 66,0.0
2030,sc01,12-21 17:00:00+01:00,Solar 49,0.0
2030,sc01,12-21 17:00:00+01:00,CT NG 51,0.0
2030,sc01,12-21 17:00:00+01:00,Biomass 18,0.0
2030,sc01,12-21 17:00:00+01:00,ICE NG 01,0.0
2030,sc01,12-21 17:00:00+01:00,Solar 15,0.0
2030,sc01,12-21 17:00:00+01:00,ICE NG 05,0.0
2030,sc01,12-21 17:00:00+01:00,CT Oil 04,0.0
2030,sc01,12-21 17:00:00+01:00,CC NG 20,0.0
2030,sc01,12-21 17:00:00+01:00,Solar 20,0.0
2030,sc01,12-21 17:00:00+01:00,Biomass 04,0.0025
2030,sc01,12-21 17:00:00+01:00,Wind 02,0.7152073778000001
2030,sc01,12-21 17:00:00+01:00,Hydro 25,0.0
2030,sc01,12-21 17:00:00+01:00,Solar 75,0.0
2030,sc01,12-21 17:00:00+01:00,Hydro 33,0.0
2030,sc01,12-21 17:00:00+01:00,ST NG 05,0.0
2030,sc01,12-21 17:00:00+01:00,CT NG 07,0.0
2030,sc01,12-21 17:00:00+01:00,Wind 01,0.16948471860000003
2030,sc01,12-21 17:00:00+01:00,Solar 56,0.0
2030,sc01,12-21 17:00:00+01:00,Biomass 09,0.007800000000000001
2030,sc01,12-21 17:00:00+01:00,Biomass 53,0.0252
2030,sc01,12-21 17:00:00+01:00,Wind 17,3.5768022000000004
2030,sc01,12-21 17:00:00+01:00,ST NG 08,0.0
2030,sc01,12-21 17:00:00+01:00,Hydro 19,0.0
2030,sc01,12-21 17:00:00+01:00,ST NG 02,0.0
2030,sc01,12-21 17:00:00+01:00,Biomass 01,0.010600000000000002
2030,sc01,12-21 17:00:00+01:00,Biomass 57,0.0204
2030,sc01,12-21 17:00:00+01:00,CT NG 49,0.0
2030,sc01,12-21 17:00:00+01:00,CT NG 31,0.0
2030,sc01,12-21 17:00:00+01:00,Solar 64,0.0
2030,sc01,12-21 17:00:00+01:00,CC NG 33,0.0
2030,sc01,12-21 17:00:00+01:00,Solar 46,0.0
2030,sc01,12-21 17:00:00+01:00,Biomass 12,0.0034000000000000002
2030,sc01,12-21 17:00:00+01:00,Wind 04,0.2898938971
2030,sc01,12-21 17:00:00+01:00,Solar 13,0.0
2030,sc01,12-21 17:00:00+01:00,CT NG 55,0.0
2030,sc01,12-21 17:00:00+01:00,Wind N03,44.76364649512817
2030,sc01,12-21 17:00:00+01:00,CT NG 28,0.0
2030,sc01,12-21 17:00:00+01:00,Wind 09,0.4921559803
2030,sc01,12-21 17:00:00+01:00,Solar 60,0.0
2030,sc01,12-21 17:00:00+01:00,Solar 25,0.0
2030,sc01,12-21 17:00:00+01:00,CT NG 23,0.0
2030,sc01,12-21 17:00:00+01:00,ST Other 01,0.0
2030,sc01,12-21 17:00:00+01:00,Solar 70,0.0
2030,sc01,12-21 17:00:00+01:00,CC NG 34,2.1419219488413104
2030,sc01,12-21 17:00:00+01:00,Solar 48,0.0
2030,sc01,12-21 17:00:00+01:00,Biomass 56,0.0256
2030,sc01,12-21 17:00:00+01:00,CT NG 36,0.0
2030,sc01,12-21 17:00:00+01:00,Solar 47,0.0
2030,sc01,12-21 17:00:00+01:00,Hydro 17,0.00334665
2030,sc01,12-21 17:00:00+01:00,Solar 09,0.0
2030,sc01,12-21 17:00:00+01:00,Solar 08,0.0
2030,sc01,12-21 17:00:00+01:00,CT NG 45,0.0
2030,sc01,12-21 17:00:00+01:00,ST NG 04,0.60722
2030,sc01,12-21 17:00:00+01:00,Solar 40,0.0
2030,sc01,12-21 17:00:00+01:00,Biomass 47,0.023799999999999998
2030,sc01,12-21 17:00:00+01:00,Solar 50,0.0
2030,sc01,12-21 17:00:00+01:00,Solar 52,0.0
2030,sc01,12-21 17:00:00+01:00,Solar 63,0.0
2030,sc01,12-21 17:00:00+01:00,CC NG 06,0.0
2030,sc01,12-21 17:00:00+01:00,Biomass 39,0.008100000000000001
2030,sc01,12-21 17:00:00+01:00,Solar 67,0.0
2030,sc01,12-21 17:00:00+01:00,Solar 19,0.0
2030,sc01,12-21 17:00:00+01:00,Wind 12,4.806532056
2030,sc01,12-21 17:00:00+01:00,Solar 24,0.0
2030,sc01,12-21 17:00:00+01:00,ICE NG 02,0.0
2030,sc01,12-21 17:00:00+01:00,Solar 05,0.0
2030,sc01,12-21 17:00:00+01:00,CT NG 54,0.0
2030,sc01,12-21 17:00:00+01:00,Wind N01,30.016777558576816
2030,sc01,12-21 17:00:00+01:00,CT NG 27,0.0
2030,sc01,12-21 17:00:00+01:00,CC NG 36,0.0
2030,sc01,12-21 17:00:00+01:00,Wind N02,4.041845332593611
2030,sc01,12-21 17:00:00+01:00,CT NG 52,0.0
2030,sc01,12-21 17:00:00+01:00,Solar 35,0.0
2030,sc01,12-21 17:00:00+01:00,CT NG 05,0.0
2030,sc01,12-21 17:00:00+01:00,Biomass 36,0.014400000000000001
2030,sc01,12-21 17:00:00+01:00,CT NG 34,0.0
2030,sc01,12-21 17:00:00+01:00,CT Oil 03,0.0
2030,sc01,12-21 17:00:00+01:00,Hydro 35,0.0
2030,sc01,12-21 17:00:00+01:00,Solar 14,0.0
2030,sc01,12-21 17:00:00+01:00,CT NG 75,0.0
2030,sc01,12-21 17:00:00+01:00,ST NG 09,0.0
2030,sc01,12-21 17:00:00+01:00,CT NG 56,0.0
2030,sc01,12-21 17:00:00+01:00,Biomass 22,0.0037
2030,sc01,12-21 17:00:00+01:00,Solar 18,0.0
2030,sc01,12-21 17:00:00+01:00,Biomass 13,0.0034000000000000002
2030,sc01,12-21 17:00:00+01:00,CT NG 71,0.0
2030,sc01,12-21 17:00:00+01:00,Solar 58,0.0
2030,sc01,12-21 17:00:00+01:00,Solar 06,0.0
2030,sc01,12-21 17:00:00+01:00,Biomass 08,0.007800000000000001
2030,sc01,12-21 17:00:00+01:00,CT NG 72,0.0
2030,sc01,12-21 17:00:00+01:00,Hydro 18,0.01152735
2030,sc01,12-21 17:00:00+01:00,Solar 10,0.0
2030,sc01,12-21 17:00:00+01:00,CT NG 04,0.0
2030,sc01,12-21 17:00:00+01:00,ST Other 02,0.0
2030,sc01,12-21 17:00:00+01:00,CT NG 12,0.0
2030,sc01,12-21 17:00:00+01:00,CT NG 48,0.0
2030,sc01,12-21 17:00:00+01:00,ST NG 10,0.0
2030,sc01,12-21 17:00:00+01:00,Solar 22,0.0
2030,sc01,12-21 17:00:00+01:00,Solar 28,0.0
2030,sc01,12-21 17:00:00+01:00,CT NG 73,0.0
2030,sc01,12-21 17:00:00+01:00,Biomass 52,0.0149
2030,sc01,12-21 17:00:00+01:00,CT NG 30,0.0
2030,sc01,12-21 17:00:00+01:00,Solar 54,0.0
2030,sc01,12-21 17:00:00+01:00,Solar 31,0.0
2030,sc01,12-21 17:00:00+01:00,Biomass 03,0.0025
2030,sc01,12-21 17:00:00+01:00,CT NG 32,0.0
2030,sc01,12-21 17:00:00+01:00,Biomass 27,0.0169
2030,sc01,12-21 17:00:00+01:00,CC NG 14,0.0
2030,sc01,12-21 17:00:00+01:00,CC NG 03,0.0
2030,sc01,12-21 17:00:00+01:00,CC NG 29,0.0
2030,sc01,12-21 17:00:00+01:00,CC NG 28,0.0
2030,sc01,12-21 17:00:00+01:00,CC NG 25,0.0
2030,sc01,12-21 17:00:00+01:00,CT NG 44,0.0
2030,sc01,12-21 17:00:00+01:00,CT NG 14,0.08836739886921421
2030,sc01,12-21 17:00:00+01:00,CC NG 15,0.0
2030,sc01,12-21 17:00:00+01:00,CC NG 04,0.0
2030,sc01,12-21 17:00:00+01:00,Biomass 29,0.0169
2030,sc01,12-21 17:00:00+01:00,Wind 14,4.797865386
2030,sc01,12-21 17:00:00+01:00,Wind 08,0.5448449995
2030,sc01,12-21 17:00:00+01:00,Biomass 61,0.0039000000000000007
2030,sc01,12-21 17:00:00+01:00,CT NG 35,0.0
2030,sc01,12-21 17:00:00+01:00,Solar 33,0.0
2030,sc01,12-21 17:00:00+01:00,CT NG 41,0.0
2030,sc01,12-21 17:00:00+01:00,CT NG 15,0.0
2030,sc01,12-21 17:00:00+01:00,Solar 42,0.0
2030,sc01,12-21 17:00:00+01:00,Solar 07,0.0
2030,sc01,12-21 17:00:00+01:00,Solar 43,0.0
2030,sc01,12-21 17:00:00+01:00,Biomass 05,0.0046
2030,sc01,12-21 17:00:00+01:00,CT NG 29,0.0
2030,sc01,12-21 17:00:00+01:00,Solar 71,0.0
2030,sc01,12-21 17:00:00+01:00,CT NG 53,0.0
2030,sc01,12-21 17:00:00+01:00,CT NG 20,0.0
2030,sc01,12-21 17:00:00+01:00,Biomass 14,0.0075
2030,sc01,12-21 17:00:00+01:00,Solar 26,0.0
2030,sc01,12-21 17:00:00+01:00,Hydro 29,11.048994
2030,sc01,12-21 17:00:00+01:00,Hydro 31,0.0
2030,sc01,12-21 17:00:00+01:00,Biomass 24,0.0028000000000000004
2030,sc01,12-21 17:00:00+01:00,Biomass 54,0.0252
2030,sc01,12-21 17:00:00+01:00,Solar 36,0.0
2030,sc01,12-21 17:00:00+01:00,Wind 03,0.3961318558
2030,sc01,12-21 17:00:00+01:00,Biomass 40,0.008100000000000001
2030,sc01,12-21 17:00:00+01:00,Biomass 49,0.0033
2030,sc01,12-21 17:00:00+01:00,CC NG 16,5.137034495143029
2030,sc01,12-21 17:00:00+01:00,Biomass 48,0.023799999999999998
2030,sc01,12-21 17:00:00+01:00,Hydro 28,11.048994
2030,sc01,12-21 17:00:00+01:00,Biomass 17,0.0
2030,sc01,12-21 17:00:00+01:00,CT NG 33,0.0
2030,sc01,12-21 17:00:00+01:00,Solar 45,0.0
2030,sc01,12-21 17:00:00+01:00,Hydro 24,0.0
2030,sc01,12-21 17:00:00+01:00,Wind 13,2.111048748
2030,sc01,12-21 17:00:00+01:00,Biomass 07,0.02
2030,sc01,12-21 17:00:00+01:00,Biomass 34,0.014400000000000001
2030,sc01,12-21 17:00:00+01:00,Biomass 33,0.014400000000000001
2030,sc01,12-21 17:00:00+01:00,CT NG 01,0.246126
2030,sc01,12-21 17:00:00+01:00,ICE NG 03,0.0
2030,sc01,12-21 17:00:00+01:00,Solar 55,0.0
2030,sc01,12-21 17:00:00+01:00,Solar 11,0.0
2030,sc01,12-21 17:00:00+01:00,CT NG 06,0.0
2030,sc01,12-21 17:00:00+01:00,CT NG 70,0.0
2030,sc01,12-21 17:00:00+01:00,Solar 23,0.0
2030,sc01,12-21 17:00:00+01:00,CT NG 67,0.0
2030,sc01,12-21 17:00:00+01:00,Solar 12,0.0
2030,sc01,12-21 17:00:00+01:00,CT Oil 01,0.0
2030,sc01,12-21 17:00:00+01:00,Hydro 26,0.0
2030,sc01,12-21 17:00:00+01:00,CC NG 22,3.897275448859342
2030,sc01,12-21 17:00:00+01:00,CC NG 35,0.0
2030,sc01,12-21 17:00:00+01:00,Biomass 50,0.0019000000000000002
2030,sc01,12-21 17:00:00+01:00,ICE NG 04,0.0
2030,sc01,12-21 17:00:00+01:00,CC NG 39,2.38849
2030,sc01,12-21 17:00:00+01:00,Hydro 32,0.0011899200000000001
2030,sc01,12-21 17:00:00+01:00,ICE NG 07,0.0
2030,sc01,12-21 17:00:00+01:00,Biomass 46,0.006500000000000001
2030,sc01,12-21 17:00:00+01:00,CC NG 38,0.0
2030,sc01,12-21 17:00:00+01:00,CC NG 12,0.0
2030,sc01,12-21 17:00:00+01:00,Solar 57,0.0
2030,sc01,12-21 17:00:00+01:00,CC NG 32,0.0
2030,sc01,12-21 17:00:00+01:00,CC NG 07,0.0
2030,sc01,12-21 17:00:00+01:00,Biomass 44,0.0125
2030,sc01,12-21 17:00:00+01:00,CT NG 40,0.0
2030,sc01,12-21 17:00:00+01:00,Solar 74,0.0
2030,sc01,12-21 17:00:00+01:00,Hydro 30,0.0
2030,sc01,12-21 17:00:00+01:00,CT NG 42,0.0
2030,sc01,12-21 17:00:00+01:00,Hydro 22,0.3101742
2030,sc01,12-21 17:00:00+01:00,Solar 17,0.0
2030,sc01,12-21 17:00:00+01:00,Solar 38,0.0
2030,sc01,12-21 17:00:00+01:00,CT NG 24,0.0
2030,sc01,12-21 17:00:00+01:00,CC NG 27,0.0
2030,sc01,12-21 17:00:00+01:00,Biomass 21,0.0037
2030,sc01,12-21 17:00:00+01:00,ICE NG 06,0.0
2030,sc01,12-21 17:00:00+01:00,Biomass 25,0.0028000000000000004
2030,sc01,12-21 17:00:00+01:00,Solar 27,0.0
2030,sc01,12-21 17:00:00+01:00,CT NG 19,0.03779099999999999
2030,sc01,12-21 17:00:00+01:00,Biomass 42,0.0147
2030,sc01,12-21 17:00:00+01:00,Biomass 19,0.0037
2030,sc01,12-21 17:00:00+01:00,Biomass 06,0.0046
2030,sc01,12-21 17:00:00+01:00,CT NG 10,0.0
2030,sc01,12-21 17:00:00+01:00,CC NG 40,3.146702628868574
2030,sc01,12-21 17:00:00+01:00,CC NG 21,0.0
2030,sc01,12-21 17:00:00+01:00,Biomass 02,0.010600000000000002
2030,sc01,12-21 17:00:00+01:00,CT NG 46,0.0
2030,sc01,12-21 17:00:00+01:00,Hydro 34,0.0
2030,sc01,12-21 17:00:00+01:00,Biomass 10,0.007800000000000001
2030,sc01,12-21 17:00:00+01:00,CT NG 17,0.0
2030,sc01,12-21 17:00:00+01:00,Biomass 62,0.0194
2030,sc01,12-21 17:00:00+01:00,Biomass 32,0.0124
2030,sc01,12-21 17:00:00+01:00,CC NG 19,1.3538000000000001
2030,sc01,12-21 17:00:00+01:00,CC NG 17,0.0
2030,sc01,12-21 17:00:00+01:00,ST NG 01,0.0
2030,sc01,12-21 17:00:00+01:00,Biomass 45,0.0125
2030,sc01,12-21 17:00:00+01:00,Biomass 28,0.0169
2030,sc01,12-21 17:00:00+01:00,CC NG 10,0.0
2030,sc01,12-21 17:00:00+01:00,Biomass 23,0.0028000000000000004
2030,sc01,12-21 17:00:00+01:00,ST NG 06,0.0
2030,sc01,12-21 17:00:00+01:00,Wind 10,0.5364420477
2030,sc01,12-21 17:00:00+01:00,CT NG 69,0.0
2030,sc01,12-21 17:00:00+01:00,CT NG 68,0.0
2030,sc01,12-29 09:00:00+01:00,CC NG 13,0.0
2030,sc01,12-29 09:00:00+01:00,CT NG 37,0.0
2030,sc01,12-29 09:00:00+01:00,ST Coal 01,0.0
2030,sc01,12-29 09:00:00+01:00,CT NG 09,0.0
2030,sc01,12-29 09:00:00+01:00,CT NG 47,0.0
2030,sc01,12-29 09:00:00+01:00,Solar 69,21.5493187148
2030,sc01,12-29 09:00:00+01:00,Solar 34,18.17855672617827
2030,sc01,12-29 09:00:00+01:00,Solar 73,7.6000000000000005
2030,sc01,12-29 09:00:00+01:00,Biomass 37,0.030780000000000002
2030,sc01,12-29 09:00:00+01:00,Hydro 20,1.3478596200000004
2030,sc01,12-29 09:00:00+01:00,Solar 01,10.519341488
2030,sc01,12-29 09:00:00+01:00,Solar 62,18.177527962000003
2030,sc01,12-29 09:00:00+01:00,Solar 02,7.0976297172
2030,sc01,12-29 09:00:00+01:00,CT NG 26,0.0
2030,sc01,12-29 09:00:00+01:00,Biomass 20,0.01406
2030,sc01,12-29 09:00:00+01:00,Wind 16,0.0
2030,sc01,12-29 09:00:00+01:00,CT NG 66,0.0
2030,sc01,12-29 09:00:00+01:00,Solar 39,0.0
2030,sc01,12-29 09:00:00+01:00,Biomass 41,0.05586
2030,sc01,12-29 09:00:00+01:00,Solar 72,0.0
2030,sc01,12-29 09:00:00+01:00,ST NG 03,0.0
2030,sc01,12-29 09:00:00+01:00,Hydro 21,1.3478596200000004
2030,sc01,12-29 09:00:00+01:00,CT NG 03,0.0
2030,sc01,12-29 09:00:00+01:00,CC NG 09,0.0
2030,sc01,12-29 09:00:00+01:00,CT Oil 02,0.0
2030,sc01,12-29 09:00:00+01:00,CT NG 39,0.0
2030,sc01,12-29 09:00:00+01:00,CC NG 08,0.0
2030,sc01,12-29 09:00:00+01:00,Biomass 43,0.10868
2030,sc01,12-29 09:00:00+01:00,CT NG 18,0.0
2030,sc01,12-29 09:00:00+01:00,ST NG 07,0.0
2030,sc01,12-29 09:00:00+01:00,Biomass 35,0.054720000000000005
2030,sc01,12-29 09:00:00+01:00,Solar 32,0.0
2030,sc01,12-29 09:00:00+01:00,Biomass 15,0.0
2030,sc01,12-29 09:00:00+01:00,CC NG 31,0.0
2030,sc01,12-29 09:00:00+01:00,Solar 16,1.15540866484
2030,sc01,12-29 09:00:00+01:00,Solar 68,10.228810430453434
2030,sc01,12-29 09:00:00+01:00,CT NG 21,0.0
2030,sc01,12-29 09:00:00+01:00,Wind 11,0.4220595533
2030,sc01,12-29 09:00:00+01:00,CC NG 37,0.0
2030,sc01,12-29 09:00:00+01:00,CT NG 22,0.0
2030,sc01,12-29 09:00:00+01:00,Hydro 16,0.0
2030,sc01,12-29 09:00:00+01:00,Biomass 59,0.15732000000000002
2030,sc01,12-29 09:00:00+01:00,CC NG 01,0.0
2030,sc01,12-29 09:00:00+01:00,Biomass 16,0.0
2030,sc01,12-29 09:00:00+01:00,Solar 03,5.5636427
2030,sc01,12-29 09:00:00+01:00,Solar 44,0.0
2030,sc01,12-29 09:00:00+01:00,CT NG 08,0.0
2030,sc01,12-29 09:00:00+01:00,Wind 05,0.018917639408000002
2030,sc01,12-29 09:00:00+01:00,Biomass 26,0.06422
2030,sc01,12-29 09:00:00+01:00,Solar 37,0.0
2030,sc01,12-29 09:00:00+01:00,Biomass 11,0.012920000000000001
2030,sc01,12-29 09:00:00+01:00,Solar 59,0.0
2030,sc01,12-29 09:00:00+01:00,CT NG 11,0.0
2030,sc01,12-29 09:00:00+01:00,Biomass 30,0.06422
2030,sc01,12-29 09:00:00+01:00,Hydro 23,1.69210656
2030,sc01,12-29 09:00:00+01:00,CC NG 24,0.0
2030,sc01,12-29 09:00:00+01:00,Solar 65,8.9519872712
2030,sc01,12-29 09:00:00+01:00,CC NG 18,16.301885871457102
2030,sc01,12-29 09:00:00+01:00,CT NG 16,0.0
2030,sc01,12-29 09:00:00+01:00,Solar 51,0.0
2030,sc01,12-29 09:00:00+01:00,Wind 06,0.5337876605999999
2030,sc01,12-29 09:00:00+01:00,CC NG 26,0.0
2030,sc01,12-29 09:00:00+01:00,CC NG 23,0.0
2030,sc01,12-29 09:00:00+01:00,CT NG 43,0.0
2030,sc01,12-29 09:00:00+01:00,CC NG 11,0.0
2030,sc01,12-29 09:00:00+01:00,CT NG 02,0.0
2030,sc01,12-29 09:00:00+01:00,CT NG 50,0.0
2030,sc01,12-29 09:00:00+01:00,Hydro 27,0.365313
2030,sc01,12-29 09:00:00+01:00,CT NG 13,0.0
2030,sc01,12-29 09:00:00+01:00,CT NG 25,0.0
2030,sc01,12-29 09:00:00+01:00,CC NG 05,0.5796925880991519
2030,sc01,12-29 09:00:00+01:00,Solar 04,0.80759494756
2030,sc01,12-29 09:00:00+01:00,Solar 30,1.11417385214
2030,sc01,12-29 09:00:00+01:00,Solar 29,0.08420691927999999
2030,sc01,12-29 09:00:00+01:00,Solar 53,0.0
2030,sc01,12-29 09:00:00+01:00,Solar 21,3.0643217176000004
2030,sc01,12-29 09:00:00+01:00,Biomass 58,0.07752
2030,sc01,12-29 09:00:00+01:00,CT NG 74,0.0
2030,sc01,12-29 09:00:00+01:00,Solar 61,0.0
2030,sc01,12-29 09:00:00+01:00,Wind 07,0.50179322126
2030,sc01,12-29 09:00:00+01:00,Biomass 31,0.06422
2030,sc01,12-29 09:00:00+01:00,CT Oil 05,0.0
2030,sc01,12-29 09:00:00+01:00,Biomass 38,0.030780000000000002
2030,sc01,12-29 09:00:00+01:00,Solar 41,0.0
2030,sc01,12-29 09:00:00+01:00,Biomass 51,0.007220000000000001
2030,sc01,12-29 09:00:00+01:00,Biomass 55,0.09576
2030,sc01,12-29 09:00:00+01:00,Wind 15,0.9435064619600001
2030,sc01,12-29 09:00:00+01:00,Geo 01,0.608
2030,sc01,12-29 09:00:00+01:00,Biomass 60,0.10260000000000001
2030,sc01,12-29 09:00:00+01:00,CT NG 38,0.0
2030,sc01,12-29 09:00:00+01:00,Solar 66,27.7052038218
2030,sc01,12-29 09:00:00+01:00,Solar 49,0.0
2030,sc01,12-29 09:00:00+01:00,CT NG 51,0.0
2030,sc01,12-29 09:00:00+01:00,Biomass 18,0.0
2030,sc01,12-29 09:00:00+01:00,ICE NG 01,0.0
2030,sc01,12-29 09:00:00+01:00,Solar 15,1.7524578187600002
2030,sc01,12-29 09:00:00+01:00,ICE NG 05,0.0
2030,sc01,12-29 09:00:00+01:00,CT Oil 04,0.0
2030,sc01,12-29 09:00:00+01:00,CC NG 20,0.0
2030,sc01,12-29 09:00:00+01:00,Solar 20,1.90624818002
2030,sc01,12-29 09:00:00+01:00,Biomass 04,0.0095
2030,sc01,12-29 09:00:00+01:00,Wind 02,0.126756964192
2030,sc01,12-29 09:00:00+01:00,Hydro 25,0.365313
2030,sc01,12-29 09:00:00+01:00,Solar 75,6.8218691512000005
2030,sc01,12-29 09:00:00+01:00,Hydro 33,2.6360136400000003
2030,sc01,12-29 09:00:00+01:00,ST NG 05,0.0
2030,sc01,12-29 09:00:00+01:00,CT NG 07,0.0
2030,sc01,12-29 09:00:00+01:00,Wind 01,0.36909294177600005
2030,sc01,12-29 09:00:00+01:00,Solar 56,0.0
2030,sc01,12-29 09:00:00+01:00,Biomass 09,0.029640000000000003
2030,sc01,12-29 09:00:00+01:00,Biomass 53,0.09576
2030,sc01,12-29 09:00:00+01:00,Wind 17,2.3548297090599997
2030,sc01,12-29 09:00:00+01:00,ST NG 08,0.0
2030,sc01,12-29 09:00:00+01:00,Hydro 19,0.727738
2030,sc01,12-29 09:00:00+01:00,ST NG 02,0.0
2030,sc01,12-29 09:00:00+01:00,Biomass 01,0.04028000000000001
2030,sc01,12-29 09:00:00+01:00,Biomass 57,0.07752
2030,sc01,12-29 09:00:00+01:00,CT NG 49,0.0
2030,sc01,12-29 09:00:00+01:00,CT NG 31,0.0
2030,sc01,12-29 09:00:00+01:00,Solar 64,4.6997838588
2030,sc01,12-29 09:00:00+01:00,CC NG 33,0.0
2030,sc01,12-29 09:00:00+01:00,Solar 46,0.0
2030,sc01,12-29 09:00:00+01:00,Biomass 12,0.012920000000000001
2030,sc01,12-29 09:00:00+01:00,Wind 04,0.31771201728
2030,sc01,12-29 09:00:00+01:00,Solar 13,0.043993050224
2030,sc01,12-29 09:00:00+01:00,CT NG 55,0.0
2030,sc01,12-29 09:00:00+01:00,Wind N03,90.57037344000001
2030,sc01,12-29 09:00:00+01:00,CT NG 28,0.0
2030,sc01,12-29 09:00:00+01:00,Wind 09,0.22250379096
2030,sc01,12-29 09:00:00+01:00,Solar 60,0.0
2030,sc01,12-29 09:00:00+01:00,Solar 25,0.322608757776
2030,sc01,12-29 09:00:00+01:00,CT NG 23,0.0
2030,sc01,12-29 09:00:00+01:00,ST Other 01,0.0
2030,sc01,12-29 09:00:00+01:00,Solar 70,38.164095704
2030,sc01,12-29 09:00:00+01:00,CC NG 34,0.0
2030,sc01,12-29 09:00:00+01:00,Solar 48,0.0
2030,sc01,12-29 09:00:00+01:00,Biomass 56,0.09728
2030,sc01,12-29 09:00:00+01:00,CT NG 36,0.0
2030,sc01,12-29 09:00:00+01:00,Solar 47,0.0
2030,sc01,12-29 09:00:00+01:00,Hydro 17,0.0
2030,sc01,12-29 09:00:00+01:00,Solar 09,2.1381762898
2030,sc01,12-29 09:00:00+01:00,Solar 08,0.41768904523999995
2030,sc01,12-29 09:00:00+01:00,CT NG 45,0.0
2030,sc01,12-29 09:00:00+01:00,ST NG 04,0.0
2030,sc01,12-29 09:00:00+01:00,Solar 40,0.0
2030,sc01,12-29 09:00:00+01:00,Biomass 47,0.09043999999999999
2030,sc01,12-29 09:00:00+01:00,Solar 50,0.0
2030,sc01,12-29 09:00:00+01:00,Solar 52,0.0
2030,sc01,12-29 09:00:00+01:00,Solar 63,10.0365348896
2030,sc01,12-29 09:00:00+01:00,CC NG 06,0.0
2030,sc01,12-29 09:00:00+01:00,Biomass 39,0.030780000000000002
2030,sc01,12-29 09:00:00+01:00,Solar 67,6.690463654
2030,sc01,12-29 09:00:00+01:00,Solar 19,0.016638369312000002
2030,sc01,12-29 09:00:00+01:00,Wind 12,1.94150312196
2030,sc01,12-29 09:00:00+01:00,Solar 24,0.240618324688
2030,sc01,12-29 09:00:00+01:00,ICE NG 02,0.0
2030,sc01,12-29 09:00:00+01:00,Solar 05,0.019564948128
2030,sc01,12-29 09:00:00+01:00,CT NG 54,0.0
2030,sc01,12-29 09:00:00+01:00,Wind N01,18.4193885912
2030,sc01,12-29 09:00:00+01:00,CT NG 27,0.0
2030,sc01,12-29 09:00:00+01:00,CC NG 36,0.0
2030,sc01,12-29 09:00:00+01:00,Wind N02,0.006908346952
2030,sc01,12-29 09:00:00+01:00,CT NG 52,0.0
2030,sc01,12-29 09:00:00+01:00,Solar 35,1.0225010180822456
2030,sc01,12-29 09:00:00+01:00,CT NG 05,0.0
2030,sc01,12-29 09:00:00+01:00,Biomass 36,0.054720000000000005
2030,sc01,12-29 09:00:00+01:00,CT NG 34,0.0
2030,sc01,12-29 09:00:00+01:00,CT Oil 03,0.0
2030,sc01,12-29 09:00:00+01:00,Hydro 35,0.0
2030,sc01,12-29 09:00:00+01:00,Solar 14,1.94833848216
2030,sc01,12-29 09:00:00+01:00,CT NG 75,0.0
2030,sc01,12-29 09:00:00+01:00,ST NG 09,0.0
2030,sc01,12-29 09:00:00+01:00,CT NG 56,0.0
2030,sc01,12-29 09:00:00+01:00,Biomass 22,0.01406
2030,sc01,12-29 09:00:00+01:00,Solar 18,2.05503541796
2030,sc01,12-29 09:00:00+01:00,Biomass 13,0.012920000000000001
2030,sc01,12-29 09:00:00+01:00,CT NG 71,0.0
2030,sc01,12-29 09:00:00+01:00,Solar 58,0.0
2030,sc01,12-29 09:00:00+01:00,Solar 06,0.015719304352
2030,sc01,12-29 09:00:00+01:00,Biomass 08,0.029640000000000003
2030,sc01,12-29 09:00:00+01:00,CT NG 72,0.0
2030,sc01,12-29 09:00:00+01:00,Hydro 18,0.0
2030,sc01,12-29 09:00:00+01:00,Solar 10,1.83616878104
2030,sc01,12-29 09:00:00+01:00,CT NG 04,0.0
2030,sc01,12-29 09:00:00+01:00,ST Other 02,0.0
2030,sc01,12-29 09:00:00+01:00,CT NG 12,0.0
2030,sc01,12-29 09:00:00+01:00,CT NG 48,0.0
2030,sc01,12-29 09:00:00+01:00,ST NG 10,0.0
2030,sc01,12-29 09:00:00+01:00,Solar 22,0.08758429027200001
2030,sc01,12-29 09:00:00+01:00,Solar 28,0.078377740864
2030,sc01,12-29 09:00:00+01:00,CT NG 73,0.0
2030,sc01,12-29 09:00:00+01:00,Biomass 52,0.056620000000000004
2030,sc01,12-29 09:00:00+01:00,CT NG 30,0.0
2030,sc01,12-29 09:00:00+01:00,Solar 54,0.0
2030,sc01,12-29 09:00:00+01:00,Solar 31,24.510916643599998
2030,sc01,12-29 09:00:00+01:00,Biomass 03,0.0095
2030,sc01,12-29 09:00:00+01:00,CT NG 32,0.0
2030,sc01,12-29 09:00:00+01:00,Biomass 27,0.06422
2030,sc01,12-29 09:00:00+01:00,CC NG 14,0.0
2030,sc01,12-29 09:00:00+01:00,CC NG 03,0.0
2030,sc01,12-29 09:00:00+01:00,CC NG 29,0.0
2030,sc01,12-29 09:00:00+01:00,CC NG 28,0.0
2030,sc01,12-29 09:00:00+01:00,CC NG 25,0.0
2030,sc01,12-29 09:00:00+01:00,CT NG 44,0.0
2030,sc01,12-29 09:00:00+01:00,CT NG 14,0.0
2030,sc01,12-29 09:00:00+01:00,CC NG 15,0.0
2030,sc01,12-29 09:00:00+01:00,CC NG 04,0.0
2030,sc01,12-29 09:00:00+01:00,Biomass 29,0.06422
2030,sc01,12-29 09:00:00+01:00,Wind 14,0.0
2030,sc01,12-29 09:00:00+01:00,Wind 08,0.270817596832
2030,sc01,12-29 09:00:00+01:00,Biomass 61,0.014820000000000002
2030,sc01,12-29 09:00:00+01:00,CT NG 35,0.0
2030,sc01,12-29 09:00:00+01:00,Solar 33,0.0
2030,sc01,12-29 09:00:00+01:00,CT NG 41,0.0
2030,sc01,12-29 09:00:00+01:00,CT NG 15,0.0
2030,sc01,12-29 09:00:00+01:00,Solar 42,0.0
2030,sc01,12-29 09:00:00+01:00,Solar 07,0.035436040288
2030,sc01,12-29 09:00:00+01:00,Solar 43,0.0
2030,sc01,12-29 09:00:00+01:00,Biomass 05,0.01748
2030,sc01,12-29 09:00:00+01:00,CT NG 29,0.0
2030,sc01,12-29 09:00:00+01:00,Solar 71,25.939001806600004
2030,sc01,12-29 09:00:00+01:00,CT NG 53,0.0
2030,sc01,12-29 09:00:00+01:00,CT NG 20,0.0
2030,sc01,12-29 09:00:00+01:00,Biomass 14,0.0285
2030,sc01,12-29 09:00:00+01:00,Solar 26,0.29875823500800003
2030,sc01,12-29 09:00:00+01:00,Hydro 29,2.39685
2030,sc01,12-29 09:00:00+01:00,Hydro 31,0.0
2030,sc01,12-29 09:00:00+01:00,Biomass 24,0.010640000000000002
2030,sc01,12-29 09:00:00+01:00,Biomass 54,0.09576
2030,sc01,12-29 09:00:00+01:00,Solar 36,0.0
2030,sc01,12-29 09:00:00+01:00,Wind 03,0.7553431687800001
2030,sc01,12-29 09:00:00+01:00,Biomass 40,0.030780000000000002
2030,sc01,12-29 09:00:00+01:00,Biomass 49,0.012539999999999999
2030,sc01,12-29 09:00:00+01:00,CC NG 16,15.126459111640084
2030,sc01,12-29 09:00:00+01:00,Biomass 48,0.09043999999999999
2030,sc01,12-29 09:00:00+01:00,Hydro 28,2.39685
2030,sc01,12-29 09:00:00+01:00,Biomass 17,0.0
2030,sc01,12-29 09:00:00+01:00,CT NG 33,0.0
2030,sc01,12-29 09:00:00+01:00,Solar 45,0.0
2030,sc01,12-29 09:00:00+01:00,Hydro 24,1.69210656
2030,sc01,12-29 09:00:00+01:00,Wind 13,1.0098091462
2030,sc01,12-29 09:00:00+01:00,Biomass 07,0.076
2030,sc01,12-29 09:00:00+01:00,Biomass 34,0.054720000000000005
2030,sc01,12-29 09:00:00+01:00,Biomass 33,0.054720000000000005
2030,sc01,12-29 09:00:00+01:00,CT NG 01,0.0
2030,sc01,12-29 09:00:00+01:00,ICE NG 03,0.0
2030,sc01,12-29 09:00:00+01:00,Solar 55,0.0
2030,sc01,12-29 09:00:00+01:00,Solar 11,0.330020992784
2030,sc01,12-29 09:00:00+01:00,CT NG 06,0.0
2030,sc01,12-29 09:00:00+01:00,CT NG 70,0.0
2030,sc01,12-29 09:00:00+01:00,Solar 23,0.048866587616000004
2030,sc01,12-29 09:00:00+01:00,CT NG 67,0.0
2030,sc01,12-29 09:00:00+01:00,Solar 12,0.255471114128
2030,sc01,12-29 09:00:00+01:00,CT Oil 01,0.0
2030,sc01,12-29 09:00:00+01:00,Hydro 26,0.365313
2030,sc01,12-29 09:00:00+01:00,CC NG 22,2.1025061129136238
2030,sc01,12-29 09:00:00+01:00,CC NG 35,0.0
2030,sc01,12-29 09:00:00+01:00,Biomass 50,0.007220000000000001
2030,sc01,12-29 09:00:00+01:00,ICE NG 04,0.0
2030,sc01,12-29 09:00:00+01:00,CC NG 39,0.0
2030,sc01,12-29 09:00:00+01:00,Hydro 32,0.00449616
2030,sc01,12-29 09:00:00+01:00,ICE NG 07,0.0
2030,sc01,12-29 09:00:00+01:00,Biomass 46,0.024700000000000003
2030,sc01,12-29 09:00:00+01:00,CC NG 38,0.0
2030,sc01,12-29 09:00:00+01:00,CC NG 12,0.0
2030,sc01,12-29 09:00:00+01:00,Solar 57,0.0
2030,sc01,12-29 09:00:00+01:00,CC NG 32,0.0
2030,sc01,12-29 09:00:00+01:00,CC NG 07,0.0
2030,sc01,12-29 09:00:00+01:00,Biomass 44,0.0475
2030,sc01,12-29 09:00:00+01:00,CT NG 40,0.0
2030,sc01,12-29 09:00:00+01:00,Solar 74,5.7610350566
2030,sc01,12-29 09:00:00+01:00,Hydro 30,0.0
2030,sc01,12-29 09:00:00+01:00,CT NG 42,0.0
2030,sc01,12-29 09:00:00+01:00,Hydro 22,1.3478596200000004
2030,sc01,12-29 09:00:00+01:00,Solar 17,0.50108095268
2030,sc01,12-29 09:00:00+01:00,Solar 38,0.0
2030,sc01,12-29 09:00:00+01:00,CT NG 24,0.0
2030,sc01,12-29 09:00:00+01:00,CC NG 27,0.0
2030,sc01,12-29 09:00:00+01:00,Biomass 21,0.01406
2030,sc01,12-29 09:00:00+01:00,ICE NG 06,0.0
2030,sc01,12-29 09:00:00+01:00,Biomass 25,0.010640000000000002
2030,sc01,12-29 09:00:00+01:00,Solar 27,0.152237846256
2030,sc01,12-29 09:00:00+01:00,CT NG 19,0.0
2030,sc01,12-29 09:00:00+01:00,Biomass 42,0.05586
2030,sc01,12-29 09:00:00+01:00,Biomass 19,0.01406
2030,sc01,12-29 09:00:00+01:00,Biomass 06,0.01748
2030,sc01,12-29 09:00:00+01:00,CT NG 10,0.0
2030,sc01,12-29 09:00:00+01:00,CC NG 40,0.0
2030,sc01,12-29 09:00:00+01:00,CC NG 21,0.0
2030,sc01,12-29 09:00:00+01:00,Biomass 02,0.04028000000000001
2030,sc01,12-29 09:00:00+01:00,CT NG 46,0.0
2030,sc01,12-29 09:00:00+01:00,Hydro 34,2.6360136400000003
2030,sc01,12-29 09:00:00+01:00,Biomass 10,0.029640000000000003
2030,sc01,12-29 09:00:00+01:00,CT NG 17,0.0
2030,sc01,12-29 09:00:00+01:00,Biomass 62,0.07372
2030,sc01,12-29 09:00:00+01:00,Biomass 32,0.04712
2030,sc01,12-29 09:00:00+01:00,CC NG 19,5.14444
2030,sc01,12-29 09:00:00+01:00,CC NG 17,0.0
2030,sc01,12-29 09:00:00+01:00,ST NG 01,0.0
2030,sc01,12-29 09:00:00+01:00,Biomass 45,0.0475
2030,sc01,12-29 09:00:00+01:00,Biomass 28,0.06422
2030,sc01,12-29 09:00:00+01:00,CC NG 10,0.0
2030,sc01,12-29 09:00:00+01:00,Biomass 23,0.010640000000000002
2030,sc01,12-29 09:00:00+01:00,ST NG 06,0.0
2030,sc01,12-29 09:00:00+01:00,Wind 10,0.25082357580799997
2030,sc01,12-29 09:00:00+01:00,CT NG 69,0.0
2030,sc01,12-29 09:00:00+01:00,CT NG 68,0.0
