Period,Scenario,LoadLevel,Unit,GWh
2030,sc01,01-16 15:00:00+01:00,113_CT_1,0.0
2030,sc01,01-16 15:00:00+01:00,107_CC_1,5.9517699120000005
2030,sc01,01-16 15:00:00+01:00,101_CT_2,0.0
2030,sc01,01-16 15:00:00+01:00,101_STEAM_4,1.6385599999999998
2030,sc01,01-16 15:00:00+01:00,102_CT_1,0.0
2030,sc01,01-16 15:00:00+01:00,123_CT_1,0.0
2030,sc01,01-16 15:00:00+01:00,118_RTPV_3,0.048620551144000004
2030,sc01,01-16 15:00:00+01:00,104_PV_1,0.44204693742
2030,sc01,01-16 15:00:00+01:00,102_PV_1,0.49173985476
2030,sc01,01-16 15:00:00+01:00,101_PV_1,0.6441070550200001
2030,sc01,01-16 15:00:00+01:00,101_STEAM_3,1.5790777592741831
2030,sc01,01-16 15:00:00+01:00,115_STEAM_1,0.0
2030,sc01,01-16 15:00:00+01:00,115_STEAM_2,0.0
2030,sc01,01-16 15:00:00+01:00,123_CT_4,0.0
2030,sc01,01-16 15:00:00+01:00,121_NUCLEAR_1,7.663007562607913
2030,sc01,01-16 15:00:00+01:00,116_STEAM_1,0.0
2030,sc01,01-16 15:00:00+01:00,118_RTPV_7,0.061034308896000006
2030,sc01,01-16 15:00:00+01:00,119_PV_1,0.31553579574
2030,sc01,01-16 15:00:00+01:00,102_STEAM_4,0.0
2030,sc01,01-16 15:00:00+01:00,118_CC_1,0.0
2030,sc01,01-16 15:00:00+01:00,103_PV_1,1.18132816736
2030,sc01,01-16 15:00:00+01:00,122_WIND_1,19.25303907412201
2030,sc01,01-16 15:00:00+01:00,101_PV_2,0.66400225364
2030,sc01,01-16 15:00:00+01:00,118_RTPV_10,0.023275795752
2030,sc01,01-16 15:00:00+01:00,102_PV_2,0.48597727838000004
2030,sc01,01-16 15:00:00+01:00,101_PV_3,0.65156775464
2030,sc01,01-16 15:00:00+01:00,101_CT_1,0.0
2030,sc01,01-16 15:00:00+01:00,123_STEAM_2,0.0
2030,sc01,01-16 15:00:00+01:00,113_CT_3,0.0
2030,sc01,01-16 15:00:00+01:00,113_PV_1,0.48413655158
2030,sc01,01-16 15:00:00+01:00,118_RTPV_1,0.8184000000000001
2030,sc01,01-16 15:00:00+01:00,118_RTPV_8,0.057930869392000005
2030,sc01,01-16 15:00:00+01:00,123_CT_5,0.0
2030,sc01,01-16 15:00:00+01:00,118_RTPV_6,0.050172270808000005
2030,sc01,01-16 15:00:00+01:00,118_RTPV_5,0.04706883139200001
2030,sc01,01-16 15:00:00+01:00,102_STEAM_3,0.0
2030,sc01,01-16 15:00:00+01:00,102_CT_2,0.0
2030,sc01,01-16 15:00:00+01:00,118_RTPV_2,0.050172270808000005
2030,sc01,01-16 15:00:00+01:00,113_CT_2,0.0
2030,sc01,01-16 15:00:00+01:00,113_CT_4,0.0
2030,sc01,01-16 15:00:00+01:00,118_RTPV_4,0.04706883139200001
2030,sc01,01-16 15:00:00+01:00,118_RTPV_9,0.053275710312
2030,sc01,01-16 15:00:00+01:00,101_PV_4,0.64162015522
2030,sc01,01-16 15:00:00+01:00,115_STEAM_3,6.996615881879896
2030,sc01,01-16 15:00:00+01:00,123_STEAM_3,0.0
2030,sc01,01-16 17:00:00+01:00,113_CT_1,0.0
2030,sc01,01-16 17:00:00+01:00,107_CC_1,5.443164950200001
2030,sc01,01-16 17:00:00+01:00,101_CT_2,0.0
2030,sc01,01-16 17:00:00+01:00,101_STEAM_4,1.41512
2030,sc01,01-16 17:00:00+01:00,102_CT_1,0.0
2030,sc01,01-16 17:00:00+01:00,123_CT_1,0.0
2030,sc01,01-16 17:00:00+01:00,118_RTPV_3,0.0
2030,sc01,01-16 17:00:00+01:00,104_PV_1,2.0368
2030,sc01,01-16 17:00:00+01:00,102_PV_1,0.04612351232
2030,sc01,01-16 17:00:00+01:00,101_PV_1,0.133890871164
2030,sc01,01-16 17:00:00+01:00,101_STEAM_3,1.41512
2030,sc01,01-16 17:00:00+01:00,115_STEAM_1,0.0
2030,sc01,01-16 17:00:00+01:00,115_STEAM_2,0.0
2030,sc01,01-16 17:00:00+01:00,123_CT_4,0.0
2030,sc01,01-16 17:00:00+01:00,121_NUCLEAR_1,6.688000000000001
2030,sc01,01-16 17:00:00+01:00,116_STEAM_1,0.0
2030,sc01,01-16 17:00:00+01:00,118_RTPV_7,0.0
2030,sc01,01-16 17:00:00+01:00,119_PV_1,0.001821300328
2030,sc01,01-16 17:00:00+01:00,102_STEAM_4,1.41512
2030,sc01,01-16 17:00:00+01:00,118_CC_1,0.0944263727518615
2030,sc01,01-16 17:00:00+01:00,103_PV_1,0.11080453158800001
2030,sc01,01-16 17:00:00+01:00,122_WIND_1,16.566485420891222
2030,sc01,01-16 17:00:00+01:00,101_PV_2,0.138026496512
2030,sc01,01-16 17:00:00+01:00,118_RTPV_10,0.0
2030,sc01,01-16 17:00:00+01:00,102_PV_2,0.045583002448
2030,sc01,01-16 17:00:00+01:00,101_PV_3,0.13544173066
2030,sc01,01-16 17:00:00+01:00,101_CT_1,0.0
2030,sc01,01-16 17:00:00+01:00,123_STEAM_2,2.148428945134647
2030,sc01,01-16 17:00:00+01:00,113_CT_3,0.0
2030,sc01,01-16 17:00:00+01:00,113_PV_1,0.0
2030,sc01,01-16 17:00:00+01:00,118_RTPV_1,0.002352759816
2030,sc01,01-16 17:00:00+01:00,118_RTPV_8,0.0
2030,sc01,01-16 17:00:00+01:00,123_CT_5,0.0
2030,sc01,01-16 17:00:00+01:00,118_RTPV_6,0.0
2030,sc01,01-16 17:00:00+01:00,118_RTPV_5,0.0
2030,sc01,01-16 17:00:00+01:00,102_STEAM_3,1.41512
2030,sc01,01-16 17:00:00+01:00,102_CT_2,0.0
2030,sc01,01-16 17:00:00+01:00,118_RTPV_2,0.0
2030,sc01,01-16 17:00:00+01:00,113_CT_2,0.0
2030,sc01,01-16 17:00:00+01:00,113_CT_4,0.0
2030,sc01,01-16 17:00:00+01:00,118_RTPV_4,0.0
2030,sc01,01-16 17:00:00+01:00,118_RTPV_9,0.0
2030,sc01,01-16 17:00:00+01:00,101_PV_4,0.133373917948
2030,sc01,01-16 17:00:00+01:00,115_STEAM_3,5.264216694318256
2030,sc01,01-16 17:00:00+01:00,123_STEAM_3,2.4472000000000005
2030,sc01,01-17 20:00:00+01:00,113_CT_1,0.0
2030,sc01,01-17 20:00:00+01:00,107_CC_1,1.270408681123243
2030,sc01,01-17 20:00:00+01:00,101_CT_2,0.0
2030,sc01,01-17 20:00:00+01:00,101_STEAM_4,0.0
2030,sc01,01-17 20:00:00+01:00,102_CT_1,0.0
2030,sc01,01-17 20:00:00+01:00,123_CT_1,0.0
2030,sc01,01-17 20:00:00+01:00,118_RTPV_3,0.7144
2030,sc01,01-17 20:00:00+01:00,104_PV_1,2.0368
2030,sc01,01-17 20:00:00+01:00,102_PV_1,1.9456
2030,sc01,01-17 20:00:00+01:00,101_PV_1,0.003208714452
2030,sc01,01-17 20:00:00+01:00,101_STEAM_3,0.0
2030,sc01,01-17 20:00:00+01:00,115_STEAM_1,0.0
2030,sc01,01-17 20:00:00+01:00,115_STEAM_2,0.0
2030,sc01,01-17 20:00:00+01:00,123_CT_4,0.0
2030,sc01,01-17 20:00:00+01:00,121_NUCLEAR_1,0.0
2030,sc01,01-17 20:00:00+01:00,116_STEAM_1,0.0
2030,sc01,01-17 20:00:00+01:00,118_RTPV_7,0.8968000000000002
2030,sc01,01-17 20:00:00+01:00,119_PV_1,5.061599999999999
2030,sc01,01-17 20:00:00+01:00,102_STEAM_4,0.0
2030,sc01,01-17 20:00:00+01:00,118_CC_1,0.0
2030,sc01,01-17 20:00:00+01:00,103_PV_1,4.6739999999999995
2030,sc01,01-17 20:00:00+01:00,122_WIND_1,12.913230660230845
2030,sc01,01-17 20:00:00+01:00,101_PV_2,0.003307825292
2030,sc01,01-17 20:00:00+01:00,118_RTPV_10,0.342
2030,sc01,01-17 20:00:00+01:00,102_PV_2,1.7632153017358991
2030,sc01,01-17 20:00:00+01:00,101_PV_3,0.0032458810360000002
2030,sc01,01-17 20:00:00+01:00,101_CT_1,0.0
2030,sc01,01-17 20:00:00+01:00,123_STEAM_2,0.0
2030,sc01,01-17 20:00:00+01:00,113_CT_3,0.0
2030,sc01,01-17 20:00:00+01:00,113_PV_1,7.1136
2030,sc01,01-17 20:00:00+01:00,118_RTPV_1,0.7068000000000001
2030,sc01,01-17 20:00:00+01:00,118_RTPV_8,0.8512
2030,sc01,01-17 20:00:00+01:00,123_CT_5,0.0
2030,sc01,01-17 20:00:00+01:00,118_RTPV_6,0.7372000000000001
2030,sc01,01-17 20:00:00+01:00,118_RTPV_5,0.6916
2030,sc01,01-17 20:00:00+01:00,102_STEAM_3,0.0
2030,sc01,01-17 20:00:00+01:00,102_CT_2,0.0
2030,sc01,01-17 20:00:00+01:00,118_RTPV_2,0.7372000000000001
2030,sc01,01-17 20:00:00+01:00,113_CT_2,0.0
2030,sc01,01-17 20:00:00+01:00,113_CT_4,0.0
2030,sc01,01-17 20:00:00+01:00,118_RTPV_4,0.6916
2030,sc01,01-17 20:00:00+01:00,118_RTPV_9,0.7828
2030,sc01,01-17 20:00:00+01:00,101_PV_4,0.0031963255400000003
2030,sc01,01-17 20:00:00+01:00,115_STEAM_3,0.0
2030,sc01,01-17 20:00:00+01:00,123_STEAM_3,0.0
2030,sc01,01-18 16:00:00+01:00,113_CT_1,0.0
2030,sc01,01-18 16:00:00+01:00,107_CC_1,4.0848363732
2030,sc01,01-18 16:00:00+01:00,101_CT_2,0.0
2030,sc01,01-18 16:00:00+01:00,101_STEAM_4,1.1172
2030,sc01,01-18 16:00:00+01:00,102_CT_1,0.0
2030,sc01,01-18 16:00:00+01:00,123_CT_1,0.0
2030,sc01,01-18 16:00:00+01:00,118_RTPV_3,0.024040634820000004
2030,sc01,01-18 16:00:00+01:00,104_PV_1,0.02421183768
2030,sc01,01-18 16:00:00+01:00,102_PV_1,0.13328641692
2030,sc01,01-18 16:00:00+01:00,101_PV_1,0.21946680465
2030,sc01,01-18 16:00:00+01:00,101_STEAM_3,1.1172
2030,sc01,01-18 16:00:00+01:00,115_STEAM_1,0.0
2030,sc01,01-18 16:00:00+01:00,115_STEAM_2,0.0
2030,sc01,01-18 16:00:00+01:00,123_CT_4,0.0
2030,sc01,01-18 16:00:00+01:00,121_NUCLEAR_1,5.28
2030,sc01,01-18 16:00:00+01:00,116_STEAM_1,0.0
2030,sc01,01-18 16:00:00+01:00,118_RTPV_7,0.0301786692
2030,sc01,01-18 16:00:00+01:00,119_PV_1,0.035239549200000005
2030,sc01,01-18 16:00:00+01:00,102_STEAM_4,1.1172
2030,sc01,01-18 16:00:00+01:00,118_CC_1,4.340307229331977
2030,sc01,01-18 16:00:00+01:00,103_PV_1,0.32019979065
2030,sc01,01-18 16:00:00+01:00,122_WIND_1,8.594975646
2030,sc01,01-18 16:00:00+01:00,101_PV_2,0.226245702
2030,sc01,01-18 16:00:00+01:00,118_RTPV_10,0.01150881456
2030,sc01,01-18 16:00:00+01:00,102_PV_2,0.13172446667999999
2030,sc01,01-18 16:00:00+01:00,101_PV_3,0.22200889110000002
2030,sc01,01-18 16:00:00+01:00,101_CT_1,0.0
2030,sc01,01-18 16:00:00+01:00,123_STEAM_2,0.0
2030,sc01,01-18 16:00:00+01:00,113_CT_3,0.0
2030,sc01,01-18 16:00:00+01:00,113_PV_1,0.2393833422
2030,sc01,01-18 16:00:00+01:00,118_RTPV_1,0.558
2030,sc01,01-18 16:00:00+01:00,118_RTPV_8,0.028644160619999998
2030,sc01,01-18 16:00:00+01:00,123_CT_5,0.0
2030,sc01,01-18 16:00:00+01:00,118_RTPV_6,0.024807889080000003
2030,sc01,01-18 16:00:00+01:00,118_RTPV_5,0.0232733805
2030,sc01,01-18 16:00:00+01:00,102_STEAM_3,1.1172
2030,sc01,01-18 16:00:00+01:00,102_CT_2,0.0
2030,sc01,01-18 16:00:00+01:00,118_RTPV_2,0.024807889080000003
2030,sc01,01-18 16:00:00+01:00,113_CT_2,0.0
2030,sc01,01-18 16:00:00+01:00,113_CT_4,0.0
2030,sc01,01-18 16:00:00+01:00,118_RTPV_4,0.0232733805
2030,sc01,01-18 16:00:00+01:00,118_RTPV_9,0.02634239772
2030,sc01,01-18 16:00:00+01:00,101_PV_4,0.2186194425
2030,sc01,01-18 16:00:00+01:00,115_STEAM_3,4.503267584362068
2030,sc01,01-18 16:00:00+01:00,123_STEAM_3,0.6894084877459338
2030,sc01,01-25 09:00:00+01:00,113_CT_1,0.0
2030,sc01,01-25 09:00:00+01:00,107_CC_1,4.796076224716286
2030,sc01,01-25 09:00:00+01:00,101_CT_2,0.0
2030,sc01,01-25 09:00:00+01:00,101_STEAM_4,0.0
2030,sc01,01-25 09:00:00+01:00,102_CT_1,0.0
2030,sc01,01-25 09:00:00+01:00,123_CT_1,0.0
2030,sc01,01-25 09:00:00+01:00,118_RTPV_3,0.006982884648
2030,sc01,01-25 09:00:00+01:00,104_PV_1,0.11621682288000001
2030,sc01,01-25 09:00:00+01:00,102_PV_1,0.20226557393999997
2030,sc01,01-25 09:00:00+01:00,101_PV_1,0.26418921084
2030,sc01,01-25 09:00:00+01:00,101_STEAM_3,0.04028344931280185
2030,sc01,01-25 09:00:00+01:00,115_STEAM_1,0.0
2030,sc01,01-25 09:00:00+01:00,115_STEAM_2,0.0
2030,sc01,01-25 09:00:00+01:00,123_CT_4,0.0
2030,sc01,01-25 09:00:00+01:00,121_NUCLEAR_1,6.336
2030,sc01,01-25 09:00:00+01:00,116_STEAM_1,6.134399999999999
2030,sc01,01-25 09:00:00+01:00,118_RTPV_7,0.008765748864
2030,sc01,01-25 09:00:00+01:00,119_PV_1,0.30760945217999996
2030,sc01,01-25 09:00:00+01:00,102_STEAM_4,1.3406399999999998
2030,sc01,01-25 09:00:00+01:00,118_CC_1,6.179129999999999
2030,sc01,01-25 09:00:00+01:00,103_PV_1,0.48591143748
2030,sc01,01-25 09:00:00+01:00,122_WIND_1,3.2998955238
2030,sc01,01-25 09:00:00+01:00,101_PV_2,0.27234949535999997
2030,sc01,01-25 09:00:00+01:00,118_RTPV_10,0.0033428703600000003
2030,sc01,01-25 09:00:00+01:00,102_PV_2,0.19989527436
2030,sc01,01-25 09:00:00+01:00,101_PV_3,0.26724931758
2030,sc01,01-25 09:00:00+01:00,101_CT_1,0.0
2030,sc01,01-25 09:00:00+01:00,123_STEAM_2,6.134399999999999
2030,sc01,01-25 09:00:00+01:00,113_CT_3,0.0
2030,sc01,01-25 09:00:00+01:00,113_PV_1,0.069531702768
2030,sc01,01-25 09:00:00+01:00,118_RTPV_1,0.62322468588
2030,sc01,01-25 09:00:00+01:00,118_RTPV_8,0.008320032792
2030,sc01,01-25 09:00:00+01:00,123_CT_5,0.0
2030,sc01,01-25 09:00:00+01:00,118_RTPV_6,0.00720574272
2030,sc01,01-25 09:00:00+01:00,118_RTPV_5,0.006760026648000001
2030,sc01,01-25 09:00:00+01:00,102_STEAM_3,1.3406399999999998
2030,sc01,01-25 09:00:00+01:00,102_CT_2,0.0
2030,sc01,01-25 09:00:00+01:00,118_RTPV_2,0.00720574272
2030,sc01,01-25 09:00:00+01:00,113_CT_2,0.0
2030,sc01,01-25 09:00:00+01:00,113_CT_4,0.0
2030,sc01,01-25 09:00:00+01:00,118_RTPV_4,0.006760026648000001
2030,sc01,01-25 09:00:00+01:00,118_RTPV_9,0.0076514587200000005
2030,sc01,01-25 09:00:00+01:00,101_PV_4,0.26316917532
2030,sc01,01-25 09:00:00+01:00,115_STEAM_3,1.9146454581768766
2030,sc01,01-25 09:00:00+01:00,123_STEAM_3,3.0384776177260266
2030,sc01,02-01 15:00:00+01:00,113_CT_1,0.0
2030,sc01,02-01 15:00:00+01:00,107_CC_1,0.26292139200000003
2030,sc01,02-01 15:00:00+01:00,101_CT_2,0.0
2030,sc01,02-01 15:00:00+01:00,101_STEAM_4,0.029399999999999996
2030,sc01,02-01 15:00:00+01:00,102_CT_1,0.0
2030,sc01,02-01 15:00:00+01:00,123_CT_1,0.0
2030,sc01,02-01 15:00:00+01:00,118_RTPV_3,0.004288700968
2030,sc01,02-01 15:00:00+01:00,104_PV_1,0.02426749744
2030,sc01,02-01 15:00:00+01:00,102_PV_1,0.01938989118
2030,sc01,02-01 15:00:00+01:00,101_PV_1,0.02874024901
2030,sc01,02-01 15:00:00+01:00,101_STEAM_3,0.015104674064845613
2030,sc01,02-01 15:00:00+01:00,115_STEAM_1,0.0
2030,sc01,02-01 15:00:00+01:00,115_STEAM_2,0.0
2030,sc01,02-01 15:00:00+01:00,123_CT_4,0.0
2030,sc01,02-01 15:00:00+01:00,121_NUCLEAR_1,0.32599032661529637
2030,sc01,02-01 15:00:00+01:00,116_STEAM_1,0.0
2030,sc01,02-01 15:00:00+01:00,118_RTPV_7,0.005383688452
2030,sc01,02-01 15:00:00+01:00,119_PV_1,0.01173551674
2030,sc01,02-01 15:00:00+01:00,102_STEAM_4,0.0
2030,sc01,02-01 15:00:00+01:00,118_CC_1,0.0
2030,sc01,02-01 15:00:00+01:00,103_PV_1,0.04658118388
2030,sc01,02-01 15:00:00+01:00,122_WIND_1,0.81075513
2030,sc01,02-01 15:00:00+01:00,101_PV_2,0.029627978710000002
2030,sc01,02-01 15:00:00+01:00,118_RTPV_10,0.002053101528
2030,sc01,02-01 15:00:00+01:00,102_PV_2,0.01916266589
2030,sc01,02-01 15:00:00+01:00,101_PV_3,0.02907314765
2030,sc01,02-01 15:00:00+01:00,101_CT_1,0.0
2030,sc01,02-01 15:00:00+01:00,123_STEAM_2,0.0
2030,sc01,02-01 15:00:00+01:00,113_CT_3,0.0
2030,sc01,02-01 15:00:00+01:00,113_PV_1,0.0427045118
2030,sc01,02-01 15:00:00+01:00,118_RTPV_1,0.037200000000000004
2030,sc01,02-01 15:00:00+01:00,118_RTPV_8,0.00510994158
2030,sc01,02-01 15:00:00+01:00,123_CT_5,0.0
2030,sc01,02-01 15:00:00+01:00,118_RTPV_6,0.004425574404
2030,sc01,02-01 15:00:00+01:00,118_RTPV_5,0.004151827536
2030,sc01,02-01 15:00:00+01:00,102_STEAM_3,0.0
2030,sc01,02-01 15:00:00+01:00,102_CT_2,0.0
2030,sc01,02-01 15:00:00+01:00,118_RTPV_2,0.004425574404
2030,sc01,02-01 15:00:00+01:00,113_CT_2,0.0
2030,sc01,02-01 15:00:00+01:00,113_CT_4,0.0
2030,sc01,02-01 15:00:00+01:00,118_RTPV_4,0.004151827536
2030,sc01,02-01 15:00:00+01:00,118_RTPV_9,0.004699321276
2030,sc01,02-01 15:00:00+01:00,101_PV_4,0.0286292828
2030,sc01,02-01 15:00:00+01:00,115_STEAM_3,0.26912319769585946
2030,sc01,02-01 15:00:00+01:00,123_STEAM_3,0.0
2030,sc01,02-04 08:00:00+01:00,113_CT_1,0.0
2030,sc01,02-04 08:00:00+01:00,107_CC_1,12.27487270382652
2030,sc01,02-04 08:00:00+01:00,101_CT_2,0.06500262839858158
2030,sc01,02-04 08:00:00+01:00,101_STEAM_4,3.7984799999999996
2030,sc01,02-04 08:00:00+01:00,102_CT_1,0.0
2030,sc01,02-04 08:00:00+01:00,123_CT_1,0.0
2030,sc01,02-04 08:00:00+01:00,118_RTPV_3,0.010458914556000001
2030,sc01,02-04 08:00:00+01:00,104_PV_1,0.85442741625
2030,sc01,02-04 08:00:00+01:00,102_PV_1,0.25383962964
2030,sc01,02-04 08:00:00+01:00,101_PV_1,0.12214605876
2030,sc01,02-04 08:00:00+01:00,101_STEAM_3,3.7984799999999996
2030,sc01,02-04 08:00:00+01:00,115_STEAM_1,0.0
2030,sc01,02-04 08:00:00+01:00,115_STEAM_2,0.0
2030,sc01,02-04 08:00:00+01:00,123_CT_4,0.0
2030,sc01,02-04 08:00:00+01:00,121_NUCLEAR_1,15.883107381132492
2030,sc01,02-04 08:00:00+01:00,116_STEAM_1,0.0
2030,sc01,02-04 08:00:00+01:00,118_RTPV_7,0.013129275575999999
2030,sc01,02-04 08:00:00+01:00,119_PV_1,0.082066896636
2030,sc01,02-04 08:00:00+01:00,102_STEAM_4,3.7984799999999996
2030,sc01,02-04 08:00:00+01:00,118_CC_1,0.0
2030,sc01,02-04 08:00:00+01:00,103_PV_1,0.6098100477599999
2030,sc01,02-04 08:00:00+01:00,122_WIND_1,44.366795742926314
2030,sc01,02-04 08:00:00+01:00,101_PV_2,0.125918910036
2030,sc01,02-04 08:00:00+01:00,118_RTPV_10,0.005006927244
2030,sc01,02-04 08:00:00+01:00,102_PV_2,0.25086494652
2030,sc01,02-04 08:00:00+01:00,101_PV_3,0.12356087791200002
2030,sc01,02-04 08:00:00+01:00,101_CT_1,0.0
2030,sc01,02-04 08:00:00+01:00,123_STEAM_2,0.0
2030,sc01,02-04 08:00:00+01:00,113_CT_3,0.0
2030,sc01,02-04 08:00:00+01:00,113_PV_1,0.10414408447199999
2030,sc01,02-04 08:00:00+01:00,118_RTPV_1,0.9334614547800001
2030,sc01,02-04 08:00:00+01:00,118_RTPV_8,0.012461685372
2030,sc01,02-04 08:00:00+01:00,123_CT_5,0.0
2030,sc01,02-04 08:00:00+01:00,118_RTPV_6,0.010792709555999999
2030,sc01,02-04 08:00:00+01:00,118_RTPV_5,0.010125119352
2030,sc01,02-04 08:00:00+01:00,102_STEAM_3,3.7984799999999996
2030,sc01,02-04 08:00:00+01:00,102_CT_2,0.0
2030,sc01,02-04 08:00:00+01:00,118_RTPV_2,0.010792709555999999
2030,sc01,02-04 08:00:00+01:00,113_CT_2,0.0
2030,sc01,02-04 08:00:00+01:00,113_CT_4,0.0
2030,sc01,02-04 08:00:00+01:00,118_RTPV_4,0.010125119352
2030,sc01,02-04 08:00:00+01:00,118_RTPV_9,0.011460299964
2030,sc01,02-04 08:00:00+01:00,101_PV_4,0.12167445237600001
2030,sc01,02-04 08:00:00+01:00,115_STEAM_3,14.112445191146094
2030,sc01,02-04 08:00:00+01:00,123_STEAM_3,0.0
2030,sc01,02-06 10:00:00+01:00,113_CT_1,0.0
2030,sc01,02-06 10:00:00+01:00,107_CC_1,7.03398904964
2030,sc01,02-06 10:00:00+01:00,101_CT_2,0.0
2030,sc01,02-06 10:00:00+01:00,101_STEAM_4,0.3166961248651796
2030,sc01,02-06 10:00:00+01:00,102_CT_1,0.0
2030,sc01,02-06 10:00:00+01:00,123_CT_1,0.0
2030,sc01,02-06 10:00:00+01:00,118_RTPV_3,0.07577149305599999
2030,sc01,02-06 10:00:00+01:00,104_PV_1,0.7574130852400001
2030,sc01,02-06 10:00:00+01:00,102_PV_1,0.9597232733200001
2030,sc01,02-06 10:00:00+01:00,101_PV_1,1.05448464856
2030,sc01,02-06 10:00:00+01:00,101_STEAM_3,0.0
2030,sc01,02-06 10:00:00+01:00,115_STEAM_1,0.0
2030,sc01,02-06 10:00:00+01:00,115_STEAM_2,0.0
2030,sc01,02-06 10:00:00+01:00,123_CT_4,0.0
2030,sc01,02-06 10:00:00+01:00,121_NUCLEAR_1,8.904314665975729
2030,sc01,02-06 10:00:00+01:00,116_STEAM_1,0.0
2030,sc01,02-06 10:00:00+01:00,118_RTPV_7,0.09511740616000001
2030,sc01,02-06 10:00:00+01:00,119_PV_1,1.43106674256
2030,sc01,02-06 10:00:00+01:00,102_STEAM_4,0.0
2030,sc01,02-06 10:00:00+01:00,118_CC_1,0.0
2030,sc01,02-06 10:00:00+01:00,103_PV_1,2.3055852075199996
2030,sc01,02-06 10:00:00+01:00,122_WIND_1,24.390321670252426
2030,sc01,02-06 10:00:00+01:00,101_PV_2,1.08705560292
2030,sc01,02-06 10:00:00+01:00,118_RTPV_10,0.036273587168000006
2030,sc01,02-06 10:00:00+01:00,102_PV_2,0.9484765164
2030,sc01,02-06 10:00:00+01:00,101_PV_3,1.0666987564800001
2030,sc01,02-06 10:00:00+01:00,101_CT_1,0.0
2030,sc01,02-06 10:00:00+01:00,123_STEAM_2,0.0
2030,sc01,02-06 10:00:00+01:00,113_CT_3,0.0
2030,sc01,02-06 10:00:00+01:00,113_PV_1,0.75449061184
2030,sc01,02-06 10:00:00+01:00,118_RTPV_1,1.0416
2030,sc01,02-06 10:00:00+01:00,118_RTPV_8,0.090280927968
2030,sc01,02-06 10:00:00+01:00,123_CT_5,0.0
2030,sc01,02-06 10:00:00+01:00,118_RTPV_6,0.07818973220799999
2030,sc01,02-06 10:00:00+01:00,118_RTPV_5,0.073353253904
2030,sc01,02-06 10:00:00+01:00,102_STEAM_3,0.0
2030,sc01,02-06 10:00:00+01:00,102_CT_2,0.0
2030,sc01,02-06 10:00:00+01:00,118_RTPV_2,0.07818973220799999
2030,sc01,02-06 10:00:00+01:00,113_CT_2,0.0
2030,sc01,02-06 10:00:00+01:00,113_CT_4,0.0
2030,sc01,02-06 10:00:00+01:00,118_RTPV_4,0.073353253904
2030,sc01,02-06 10:00:00+01:00,118_RTPV_9,0.083026210512
2030,sc01,02-06 10:00:00+01:00,101_PV_4,1.05041327916
2030,sc01,02-06 10:00:00+01:00,115_STEAM_3,8.056423442778627
2030,sc01,02-06 10:00:00+01:00,123_STEAM_3,0.0
2030,sc01,02-07 16:00:00+01:00,113_CT_1,0.0
2030,sc01,02-07 16:00:00+01:00,107_CC_1,7.96123063242
2030,sc01,02-07 16:00:00+01:00,101_CT_2,0.0
2030,sc01,02-07 16:00:00+01:00,101_STEAM_4,0.0
2030,sc01,02-07 16:00:00+01:00,102_CT_1,0.0
2030,sc01,02-07 16:00:00+01:00,123_CT_1,0.0
2030,sc01,02-07 16:00:00+01:00,118_RTPV_3,0.100014706136
2030,sc01,02-07 16:00:00+01:00,104_PV_1,0.08705129888
2030,sc01,02-07 16:00:00+01:00,102_PV_1,0.6358968252
2030,sc01,02-07 16:00:00+01:00,101_PV_1,2.0728290454400002
2030,sc01,02-07 16:00:00+01:00,101_STEAM_3,0.0
2030,sc01,02-07 16:00:00+01:00,115_STEAM_1,0.0
2030,sc01,02-07 16:00:00+01:00,115_STEAM_2,0.0
2030,sc01,02-07 16:00:00+01:00,123_CT_4,0.0
2030,sc01,02-07 16:00:00+01:00,121_NUCLEAR_1,10.378106902094661
2030,sc01,02-07 16:00:00+01:00,116_STEAM_1,0.0
2030,sc01,02-07 16:00:00+01:00,118_RTPV_7,0.125550375808
2030,sc01,02-07 16:00:00+01:00,119_PV_1,0.242994965024
2030,sc01,02-07 16:00:00+01:00,102_STEAM_4,0.0
2030,sc01,02-07 16:00:00+01:00,118_CC_1,0.0
2030,sc01,02-07 16:00:00+01:00,103_PV_1,1.52764276368
2030,sc01,02-07 16:00:00+01:00,122_WIND_1,29.63438928693667
2030,sc01,02-07 16:00:00+01:00,101_PV_2,2.1368546535200004
2030,sc01,02-07 16:00:00+01:00,118_RTPV_10,0.047879380584
2030,sc01,02-07 16:00:00+01:00,102_PV_2,0.6284449092
2030,sc01,02-07 16:00:00+01:00,101_PV_3,2.09683864864
2030,sc01,02-07 16:00:00+01:00,101_CT_1,0.0
2030,sc01,02-07 16:00:00+01:00,123_STEAM_2,0.0
2030,sc01,02-07 16:00:00+01:00,113_CT_3,0.0
2030,sc01,02-07 16:00:00+01:00,113_PV_1,0.9958911161199999
2030,sc01,02-07 16:00:00+01:00,118_RTPV_1,1.2648000000000001
2030,sc01,02-07 16:00:00+01:00,118_RTPV_8,0.11916645828799999
2030,sc01,02-07 16:00:00+01:00,123_CT_5,0.0
2030,sc01,02-07 16:00:00+01:00,118_RTPV_6,0.10320666476
2030,sc01,02-07 16:00:00+01:00,118_RTPV_5,0.096822747376
2030,sc01,02-07 16:00:00+01:00,102_STEAM_3,0.0
2030,sc01,02-07 16:00:00+01:00,102_CT_2,0.0
2030,sc01,02-07 16:00:00+01:00,118_RTPV_2,0.10320666476
2030,sc01,02-07 16:00:00+01:00,113_CT_2,0.0
2030,sc01,02-07 16:00:00+01:00,113_CT_4,0.0
2030,sc01,02-07 16:00:00+01:00,118_RTPV_4,0.096822747376
2030,sc01,02-07 16:00:00+01:00,118_RTPV_9,0.10959058228000002
2030,sc01,02-07 16:00:00+01:00,101_PV_4,2.06482584528
2030,sc01,02-07 16:00:00+01:00,115_STEAM_3,9.177769213256642
2030,sc01,02-07 16:00:00+01:00,123_STEAM_3,0.0
2030,sc01,02-16 18:00:00+01:00,113_CT_1,0.0
2030,sc01,02-16 18:00:00+01:00,107_CC_1,0.21603711810293605
2030,sc01,02-16 18:00:00+01:00,101_CT_2,0.0
2030,sc01,02-16 18:00:00+01:00,101_STEAM_4,0.04744073113850593
2030,sc01,02-16 18:00:00+01:00,102_CT_1,0.0
2030,sc01,02-16 18:00:00+01:00,123_CT_1,0.0
2030,sc01,02-16 18:00:00+01:00,118_RTPV_3,0.0
2030,sc01,02-16 18:00:00+01:00,104_PV_1,0.1072
2030,sc01,02-16 18:00:00+01:00,102_PV_1,0.00198479196
2030,sc01,02-16 18:00:00+01:00,101_PV_1,0.01199045638
2030,sc01,02-16 18:00:00+01:00,101_STEAM_3,0.029399999999999996
2030,sc01,02-16 18:00:00+01:00,115_STEAM_1,0.0
2030,sc01,02-16 18:00:00+01:00,115_STEAM_2,0.0
2030,sc01,02-16 18:00:00+01:00,123_CT_4,0.0
2030,sc01,02-16 18:00:00+01:00,121_NUCLEAR_1,0.2662096391367057
2030,sc01,02-16 18:00:00+01:00,116_STEAM_1,0.0
2030,sc01,02-16 18:00:00+01:00,118_RTPV_7,0.0
2030,sc01,02-16 18:00:00+01:00,119_PV_1,0.0
2030,sc01,02-16 18:00:00+01:00,102_STEAM_4,0.0
2030,sc01,02-16 18:00:00+01:00,118_CC_1,0.0
2030,sc01,02-16 18:00:00+01:00,103_PV_1,0.004768152564000001
2030,sc01,02-16 18:00:00+01:00,122_WIND_1,0.8680879178623393
2030,sc01,02-16 18:00:00+01:00,101_PV_2,0.01236081797
2030,sc01,02-16 18:00:00+01:00,118_RTPV_10,0.0
2030,sc01,02-16 18:00:00+01:00,102_PV_2,0.00196153268
2030,sc01,02-16 18:00:00+01:00,101_PV_3,0.01212934198
2030,sc01,02-16 18:00:00+01:00,101_CT_1,0.0
2030,sc01,02-16 18:00:00+01:00,123_STEAM_2,0.0
2030,sc01,02-16 18:00:00+01:00,113_CT_3,0.0
2030,sc01,02-16 18:00:00+01:00,113_PV_1,0.0
2030,sc01,02-16 18:00:00+01:00,118_RTPV_1,0.0
2030,sc01,02-16 18:00:00+01:00,118_RTPV_8,0.0
2030,sc01,02-16 18:00:00+01:00,123_CT_5,0.0
2030,sc01,02-16 18:00:00+01:00,118_RTPV_6,0.0
2030,sc01,02-16 18:00:00+01:00,118_RTPV_5,0.0
2030,sc01,02-16 18:00:00+01:00,102_STEAM_3,0.0
2030,sc01,02-16 18:00:00+01:00,102_CT_2,0.0
2030,sc01,02-16 18:00:00+01:00,118_RTPV_2,0.0
2030,sc01,02-16 18:00:00+01:00,113_CT_2,0.0
2030,sc01,02-16 18:00:00+01:00,113_CT_4,0.0
2030,sc01,02-16 18:00:00+01:00,118_RTPV_4,0.0
2030,sc01,02-16 18:00:00+01:00,118_RTPV_9,0.0
2030,sc01,02-16 18:00:00+01:00,101_PV_4,0.011944161190000002
2030,sc01,02-16 18:00:00+01:00,115_STEAM_3,0.22034542272551352
2030,sc01,02-16 18:00:00+01:00,123_STEAM_3,0.0
2030,sc01,03-03 16:00:00+01:00,113_CT_1,0.0
2030,sc01,03-03 16:00:00+01:00,107_CC_1,0.0
2030,sc01,03-03 16:00:00+01:00,101_CT_2,0.0
2030,sc01,03-03 16:00:00+01:00,101_STEAM_4,0.0
2030,sc01,03-03 16:00:00+01:00,102_CT_1,0.0
2030,sc01,03-03 16:00:00+01:00,123_CT_1,0.0
2030,sc01,03-03 16:00:00+01:00,118_RTPV_3,0.14634692127600002
2030,sc01,03-03 16:00:00+01:00,104_PV_1,0.53366230374
2030,sc01,03-03 16:00:00+01:00,102_PV_1,1.5020142549000002
2030,sc01,03-03 16:00:00+01:00,101_PV_1,2.97535269492
2030,sc01,03-03 16:00:00+01:00,101_STEAM_3,0.0
2030,sc01,03-03 16:00:00+01:00,115_STEAM_1,0.0
2030,sc01,03-03 16:00:00+01:00,115_STEAM_2,0.0
2030,sc01,03-03 16:00:00+01:00,123_CT_4,0.0
2030,sc01,03-03 16:00:00+01:00,121_NUCLEAR_1,0.0
2030,sc01,03-03 16:00:00+01:00,116_STEAM_1,0.0
2030,sc01,03-03 16:00:00+01:00,118_RTPV_7,0.183712092696
2030,sc01,03-03 16:00:00+01:00,119_PV_1,0.73587723489
2030,sc01,03-03 16:00:00+01:00,102_STEAM_4,0.0
2030,sc01,03-03 16:00:00+01:00,118_CC_1,0.0
2030,sc01,03-03 16:00:00+01:00,103_PV_1,3.60835455816
2030,sc01,03-03 16:00:00+01:00,122_WIND_1,39.175076365974014
2030,sc01,03-03 16:00:00+01:00,101_PV_2,3.0672554823600002
2030,sc01,03-03 16:00:00+01:00,118_RTPV_10,0.070059696336
2030,sc01,03-03 16:00:00+01:00,102_PV_2,1.48441252545
2030,sc01,03-03 16:00:00+01:00,101_PV_3,3.00981624072
2030,sc01,03-03 16:00:00+01:00,101_CT_1,0.0
2030,sc01,03-03 16:00:00+01:00,123_STEAM_2,0.0
2030,sc01,03-03 16:00:00+01:00,113_CT_3,0.0
2030,sc01,03-03 16:00:00+01:00,113_PV_1,1.45724168385
2030,sc01,03-03 16:00:00+01:00,118_RTPV_1,1.8972000000000002
2030,sc01,03-03 16:00:00+01:00,118_RTPV_8,0.174370799688
2030,sc01,03-03 16:00:00+01:00,123_CT_5,0.0
2030,sc01,03-03 16:00:00+01:00,118_RTPV_6,0.151017567576
2030,sc01,03-03 16:00:00+01:00,118_RTPV_5,0.141676274772
2030,sc01,03-03 16:00:00+01:00,102_STEAM_3,0.0
2030,sc01,03-03 16:00:00+01:00,102_CT_2,0.0
2030,sc01,03-03 16:00:00+01:00,118_RTPV_2,0.151017567576
2030,sc01,03-03 16:00:00+01:00,113_CT_2,0.0
2030,sc01,03-03 16:00:00+01:00,113_CT_4,0.0
2030,sc01,03-03 16:00:00+01:00,118_RTPV_4,0.141676274772
2030,sc01,03-03 16:00:00+01:00,118_RTPV_9,0.160358860584
2030,sc01,03-03 16:00:00+01:00,101_PV_4,2.963864847
2030,sc01,03-03 16:00:00+01:00,115_STEAM_3,0.0
2030,sc01,03-03 16:00:00+01:00,123_STEAM_3,0.0
2030,sc01,03-04 00:00:00+01:00,113_CT_1,0.0
2030,sc01,03-04 00:00:00+01:00,107_CC_1,0.0
2030,sc01,03-04 00:00:00+01:00,101_CT_2,0.0
2030,sc01,03-04 00:00:00+01:00,101_STEAM_4,0.0
2030,sc01,03-04 00:00:00+01:00,102_CT_1,0.0
2030,sc01,03-04 00:00:00+01:00,123_CT_1,0.0
2030,sc01,03-04 00:00:00+01:00,118_RTPV_3,36.1712
2030,sc01,03-04 00:00:00+01:00,104_PV_1,103.1264
2030,sc01,03-04 00:00:00+01:00,102_PV_1,0.0
2030,sc01,03-04 00:00:00+01:00,101_PV_1,1.713238213648
2030,sc01,03-04 00:00:00+01:00,101_STEAM_3,0.0
2030,sc01,03-04 00:00:00+01:00,115_STEAM_1,0.0
2030,sc01,03-04 00:00:00+01:00,115_STEAM_2,0.0
2030,sc01,03-04 00:00:00+01:00,123_CT_4,0.0
2030,sc01,03-04 00:00:00+01:00,121_NUCLEAR_1,0.0
2030,sc01,03-04 00:00:00+01:00,116_STEAM_1,0.0
2030,sc01,03-04 00:00:00+01:00,118_RTPV_7,45.406400000000005
2030,sc01,03-04 00:00:00+01:00,119_PV_1,0.0
2030,sc01,03-04 00:00:00+01:00,102_STEAM_4,0.0
2030,sc01,03-04 00:00:00+01:00,118_CC_1,0.0
2030,sc01,03-04 00:00:00+01:00,103_PV_1,236.652
2030,sc01,03-04 00:00:00+01:00,122_WIND_1,0.0
2030,sc01,03-04 00:00:00+01:00,101_PV_2,1.7661567677520003
2030,sc01,03-04 00:00:00+01:00,118_RTPV_10,17.316000000000003
2030,sc01,03-04 00:00:00+01:00,102_PV_2,0.0
2030,sc01,03-04 00:00:00+01:00,101_PV_3,1.73308267288
2030,sc01,03-04 00:00:00+01:00,101_CT_1,0.0
2030,sc01,03-04 00:00:00+01:00,123_STEAM_2,0.0
2030,sc01,03-04 00:00:00+01:00,113_CT_3,0.0
2030,sc01,03-04 00:00:00+01:00,113_PV_1,360.1728
2030,sc01,03-04 00:00:00+01:00,118_RTPV_1,35.7864
2030,sc01,03-04 00:00:00+01:00,118_RTPV_8,26.511919469776053
2030,sc01,03-04 00:00:00+01:00,123_CT_5,0.0
2030,sc01,03-04 00:00:00+01:00,118_RTPV_6,37.3256
2030,sc01,03-04 00:00:00+01:00,118_RTPV_5,35.0168
2030,sc01,03-04 00:00:00+01:00,102_STEAM_3,0.0
2030,sc01,03-04 00:00:00+01:00,102_CT_2,0.0
2030,sc01,03-04 00:00:00+01:00,118_RTPV_2,37.3256
2030,sc01,03-04 00:00:00+01:00,113_CT_2,0.0
2030,sc01,03-04 00:00:00+01:00,113_CT_4,0.0
2030,sc01,03-04 00:00:00+01:00,118_RTPV_4,0.0
2030,sc01,03-04 00:00:00+01:00,118_RTPV_9,0.0
2030,sc01,03-04 00:00:00+01:00,101_PV_4,1.706623393904
2030,sc01,03-04 00:00:00+01:00,115_STEAM_3,0.0
2030,sc01,03-04 00:00:00+01:00,123_STEAM_3,0.0
2030,sc01,03-13 07:00:00+01:00,113_CT_1,0.0
2030,sc01,03-13 07:00:00+01:00,107_CC_1,0.18408822258864188
2030,sc01,03-13 07:00:00+01:00,101_CT_2,0.0
2030,sc01,03-13 07:00:00+01:00,101_STEAM_4,0.05666887450104931
2030,sc01,03-13 07:00:00+01:00,102_CT_1,0.0
2030,sc01,03-13 07:00:00+01:00,123_CT_1,0.0
2030,sc01,03-13 07:00:00+01:00,118_RTPV_3,0.000320875016
2030,sc01,03-13 07:00:00+01:00,104_PV_1,0.01324693662
2030,sc01,03-13 07:00:00+01:00,102_PV_1,0.004244401356
2030,sc01,03-13 07:00:00+01:00,101_PV_1,0.00096721996
2030,sc01,03-13 07:00:00+01:00,101_STEAM_3,0.029399999999999996
2030,sc01,03-13 07:00:00+01:00,115_STEAM_1,0.0
2030,sc01,03-13 07:00:00+01:00,115_STEAM_2,0.0
2030,sc01,03-13 07:00:00+01:00,123_CT_4,0.0
2030,sc01,03-13 07:00:00+01:00,121_NUCLEAR_1,0.22535874772019437
2030,sc01,03-13 07:00:00+01:00,116_STEAM_1,0.0
2030,sc01,03-13 07:00:00+01:00,118_RTPV_7,0.000402800552
2030,sc01,03-13 07:00:00+01:00,119_PV_1,0.019930578270000002
2030,sc01,03-13 07:00:00+01:00,102_STEAM_4,0.0
2030,sc01,03-13 07:00:00+01:00,118_CC_1,0.0
2030,sc01,03-13 07:00:00+01:00,103_PV_1,0.01019651107
2030,sc01,03-13 07:00:00+01:00,122_WIND_1,0.8648840413365351
2030,sc01,03-13 07:00:00+01:00,101_PV_2,0.00099709548
2030,sc01,03-13 07:00:00+01:00,118_RTPV_10,0.00015361038
2030,sc01,03-13 07:00:00+01:00,102_PV_2,0.004194662280000001
2030,sc01,03-13 07:00:00+01:00,101_PV_3,0.00097842328
2030,sc01,03-13 07:00:00+01:00,101_CT_1,0.0
2030,sc01,03-13 07:00:00+01:00,123_STEAM_2,0.0
2030,sc01,03-13 07:00:00+01:00,113_CT_3,0.0
2030,sc01,03-13 07:00:00+01:00,113_PV_1,0.003195095904
2030,sc01,03-13 07:00:00+01:00,118_RTPV_1,0.02863819758
2030,sc01,03-13 07:00:00+01:00,118_RTPV_8,0.000382319168
2030,sc01,03-13 07:00:00+01:00,123_CT_5,0.0
2030,sc01,03-13 07:00:00+01:00,118_RTPV_6,0.00033111570800000003
2030,sc01,03-13 07:00:00+01:00,118_RTPV_5,0.000310634324
2030,sc01,03-13 07:00:00+01:00,102_STEAM_3,0.0
2030,sc01,03-13 07:00:00+01:00,102_CT_2,0.0
2030,sc01,03-13 07:00:00+01:00,118_RTPV_2,0.00033111570800000003
2030,sc01,03-13 07:00:00+01:00,113_CT_2,0.0
2030,sc01,03-13 07:00:00+01:00,113_CT_4,0.0
2030,sc01,03-13 07:00:00+01:00,118_RTPV_4,0.000310634324
2030,sc01,03-13 07:00:00+01:00,118_RTPV_9,0.000351597092
2030,sc01,03-13 07:00:00+01:00,101_PV_4,0.00096348552
2030,sc01,03-13 07:00:00+01:00,115_STEAM_3,0.2119586144915814
2030,sc01,03-13 07:00:00+01:00,123_STEAM_3,0.0
2030,sc01,03-21 07:00:00+01:00,113_CT_1,0.0
2030,sc01,03-21 07:00:00+01:00,107_CC_1,2.9650895333570544
2030,sc01,03-21 07:00:00+01:00,101_CT_2,0.0
2030,sc01,03-21 07:00:00+01:00,101_STEAM_4,1.057490423887964
2030,sc01,03-21 07:00:00+01:00,102_CT_1,0.0
2030,sc01,03-21 07:00:00+01:00,123_CT_1,0.0
2030,sc01,03-21 07:00:00+01:00,118_RTPV_3,0.0435047389
2030,sc01,03-21 07:00:00+01:00,104_PV_1,0.7222920039699999
2030,sc01,03-21 07:00:00+01:00,102_PV_1,0.144752408504
2030,sc01,03-21 07:00:00+01:00,101_PV_1,0.035295850840000004
2030,sc01,03-21 07:00:00+01:00,101_STEAM_3,0.5585999999999999
2030,sc01,03-21 07:00:00+01:00,115_STEAM_1,0.0
2030,sc01,03-21 07:00:00+01:00,115_STEAM_2,0.0
2030,sc01,03-21 07:00:00+01:00,123_CT_4,0.0
2030,sc01,03-21 07:00:00+01:00,121_NUCLEAR_1,3.7753220996467567
2030,sc01,03-21 07:00:00+01:00,116_STEAM_1,0.0
2030,sc01,03-21 07:00:00+01:00,118_RTPV_7,0.054612331864000004
2030,sc01,03-21 07:00:00+01:00,119_PV_1,1.30581194588
2030,sc01,03-21 07:00:00+01:00,102_STEAM_4,0.0
2030,sc01,03-21 07:00:00+01:00,118_CC_1,0.0
2030,sc01,03-21 07:00:00+01:00,103_PV_1,0.34774504387
2030,sc01,03-21 07:00:00+01:00,122_WIND_1,16.42745238155734
2030,sc01,03-21 07:00:00+01:00,101_PV_2,0.036386070156000004
2030,sc01,03-21 07:00:00+01:00,118_RTPV_10,0.02082673676
2030,sc01,03-21 07:00:00+01:00,102_PV_2,0.143056091164
2030,sc01,03-21 07:00:00+01:00,101_PV_3,0.035704683112
2030,sc01,03-21 07:00:00+01:00,101_CT_1,0.0
2030,sc01,03-21 07:00:00+01:00,123_STEAM_2,0.0
2030,sc01,03-21 07:00:00+01:00,113_CT_3,0.0
2030,sc01,03-21 07:00:00+01:00,113_PV_1,0.43319612381
2030,sc01,03-21 07:00:00+01:00,118_RTPV_1,0.7068000000000001
2030,sc01,03-21 07:00:00+01:00,118_RTPV_8,0.051835433603999996
2030,sc01,03-21 07:00:00+01:00,123_CT_5,0.0
2030,sc01,03-21 07:00:00+01:00,118_RTPV_6,0.044893188067999995
2030,sc01,03-21 07:00:00+01:00,118_RTPV_5,0.042116289807999994
2030,sc01,03-21 07:00:00+01:00,102_STEAM_3,0.0
2030,sc01,03-21 07:00:00+01:00,102_CT_2,0.0
2030,sc01,03-21 07:00:00+01:00,118_RTPV_2,0.044893188067999995
2030,sc01,03-21 07:00:00+01:00,113_CT_2,0.0
2030,sc01,03-21 07:00:00+01:00,113_CT_4,0.0
2030,sc01,03-21 07:00:00+01:00,118_RTPV_4,0.042116289807999994
2030,sc01,03-21 07:00:00+01:00,118_RTPV_9,0.047670086252
2030,sc01,03-21 07:00:00+01:00,101_PV_4,0.035159573416000005
2030,sc01,03-21 07:00:00+01:00,115_STEAM_3,3.5462668067669005
2030,sc01,03-21 07:00:00+01:00,123_STEAM_3,0.0
2030,sc01,03-29 19:00:00+01:00,113_CT_1,0.0
2030,sc01,03-29 19:00:00+01:00,107_CC_1,7.354357097303075
2030,sc01,03-29 19:00:00+01:00,101_CT_2,0.0
2030,sc01,03-29 19:00:00+01:00,101_STEAM_4,1.865612284999877
2030,sc01,03-29 19:00:00+01:00,102_CT_1,0.0
2030,sc01,03-29 19:00:00+01:00,123_CT_1,0.0
2030,sc01,03-29 19:00:00+01:00,118_RTPV_3,0.0
2030,sc01,03-29 19:00:00+01:00,104_PV_1,3.9664
2030,sc01,03-29 19:00:00+01:00,102_PV_1,0.11919439384799999
2030,sc01,03-29 19:00:00+01:00,101_PV_1,0.41922074702000006
2030,sc01,03-29 19:00:00+01:00,101_STEAM_3,1.0877999999999999
2030,sc01,03-29 19:00:00+01:00,115_STEAM_1,0.0
2030,sc01,03-29 19:00:00+01:00,115_STEAM_2,0.0
2030,sc01,03-29 19:00:00+01:00,123_CT_4,0.0
2030,sc01,03-29 19:00:00+01:00,121_NUCLEAR_1,10.780967485026625
2030,sc01,03-29 19:00:00+01:00,116_STEAM_1,0.0
2030,sc01,03-29 19:00:00+01:00,118_RTPV_7,0.0
2030,sc01,03-29 19:00:00+01:00,119_PV_1,0.003197880992
2030,sc01,03-29 19:00:00+01:00,102_STEAM_4,0.0
2030,sc01,03-29 19:00:00+01:00,118_CC_1,0.0
2030,sc01,03-29 19:00:00+01:00,103_PV_1,0.286345907312
2030,sc01,03-29 19:00:00+01:00,122_WIND_1,32.20233554013042
2030,sc01,03-29 19:00:00+01:00,101_PV_2,0.43216965034000004
2030,sc01,03-29 19:00:00+01:00,118_RTPV_10,0.0
2030,sc01,03-29 19:00:00+01:00,102_PV_2,0.117797584648
2030,sc01,03-29 19:00:00+01:00,101_PV_3,0.42407658558
2030,sc01,03-29 19:00:00+01:00,101_CT_1,0.0
2030,sc01,03-29 19:00:00+01:00,123_STEAM_2,0.0
2030,sc01,03-29 19:00:00+01:00,113_CT_3,0.0
2030,sc01,03-29 19:00:00+01:00,113_PV_1,0.004757383928
2030,sc01,03-29 19:00:00+01:00,118_RTPV_1,0.04264125606
2030,sc01,03-29 19:00:00+01:00,118_RTPV_8,0.0
2030,sc01,03-29 19:00:00+01:00,123_CT_5,0.0
2030,sc01,03-29 19:00:00+01:00,118_RTPV_6,0.0
2030,sc01,03-29 19:00:00+01:00,118_RTPV_5,0.0
2030,sc01,03-29 19:00:00+01:00,102_STEAM_3,0.0
2030,sc01,03-29 19:00:00+01:00,102_CT_2,0.0
2030,sc01,03-29 19:00:00+01:00,118_RTPV_2,0.0
2030,sc01,03-29 19:00:00+01:00,113_CT_2,0.0
2030,sc01,03-29 19:00:00+01:00,113_CT_4,0.0
2030,sc01,03-29 19:00:00+01:00,118_RTPV_4,0.0
2030,sc01,03-29 19:00:00+01:00,118_RTPV_9,0.0
2030,sc01,03-29 19:00:00+01:00,101_PV_4,0.41760213392
2030,sc01,03-29 19:00:00+01:00,115_STEAM_3,8.088222051272039
2030,sc01,03-29 19:00:00+01:00,123_STEAM_3,0.0
2030,sc01,03-30 07:00:00+01:00,113_CT_1,0.0
2030,sc01,03-30 07:00:00+01:00,107_CC_1,0.5372251202223233
2030,sc01,03-30 07:00:00+01:00,101_CT_2,0.0
2030,sc01,03-30 07:00:00+01:00,101_STEAM_4,0.0
2030,sc01,03-30 07:00:00+01:00,102_CT_1,0.0
2030,sc01,03-30 07:00:00+01:00,123_CT_1,0.0
2030,sc01,03-30 07:00:00+01:00,118_RTPV_3,0.088186622208
2030,sc01,03-30 07:00:00+01:00,104_PV_1,1.1741906544
2030,sc01,03-30 07:00:00+01:00,102_PV_1,0.2766494712
2030,sc01,03-30 07:00:00+01:00,101_PV_1,0.07111369296
2030,sc01,03-30 07:00:00+01:00,101_STEAM_3,0.0
2030,sc01,03-30 07:00:00+01:00,115_STEAM_1,0.0
2030,sc01,03-30 07:00:00+01:00,115_STEAM_2,0.0
2030,sc01,03-30 07:00:00+01:00,123_CT_4,0.0
2030,sc01,03-30 07:00:00+01:00,121_NUCLEAR_1,4.400860421345698
2030,sc01,03-30 07:00:00+01:00,116_STEAM_1,0.0
2030,sc01,03-30 07:00:00+01:00,118_RTPV_7,0.110702355552
2030,sc01,03-30 07:00:00+01:00,119_PV_1,2.0038127606400002
2030,sc01,03-30 07:00:00+01:00,102_STEAM_4,0.0
2030,sc01,03-30 07:00:00+01:00,118_CC_1,0.0
2030,sc01,03-30 07:00:00+01:00,103_PV_1,0.66460712808
2030,sc01,03-30 07:00:00+01:00,122_WIND_1,14.418514032000001
2030,sc01,03-30 07:00:00+01:00,101_PV_2,0.07331025494400001
2030,sc01,03-30 07:00:00+01:00,118_RTPV_10,0.042217000032000004
2030,sc01,03-30 07:00:00+01:00,102_PV_2,0.27340748519999997
2030,sc01,03-30 07:00:00+01:00,101_PV_3,0.07193740368
2030,sc01,03-30 07:00:00+01:00,101_CT_1,0.0
2030,sc01,03-30 07:00:00+01:00,123_STEAM_2,0.0
2030,sc01,03-30 07:00:00+01:00,113_CT_3,0.0
2030,sc01,03-30 07:00:00+01:00,113_PV_1,0.8781135996
2030,sc01,03-30 07:00:00+01:00,118_RTPV_1,0.8928
2030,sc01,03-30 07:00:00+01:00,118_RTPV_8,0.105073422144
2030,sc01,03-30 07:00:00+01:00,123_CT_5,0.0
2030,sc01,03-30 07:00:00+01:00,118_RTPV_6,0.09100108886399999
2030,sc01,03-30 07:00:00+01:00,118_RTPV_5,0.085372155552
2030,sc01,03-30 07:00:00+01:00,102_STEAM_3,0.0
2030,sc01,03-30 07:00:00+01:00,102_CT_2,0.0
2030,sc01,03-30 07:00:00+01:00,118_RTPV_2,0.09100108886399999
2030,sc01,03-30 07:00:00+01:00,113_CT_2,0.0
2030,sc01,03-30 07:00:00+01:00,113_CT_4,0.0
2030,sc01,03-30 07:00:00+01:00,118_RTPV_4,0.085372155552
2030,sc01,03-30 07:00:00+01:00,118_RTPV_9,0.096630022176
2030,sc01,03-30 07:00:00+01:00,101_PV_4,0.07083912278400001
2030,sc01,03-30 07:00:00+01:00,115_STEAM_3,0.0
2030,sc01,03-30 07:00:00+01:00,123_STEAM_3,0.0
2030,sc01,04-03 19:00:00+02:00,113_CT_1,0.0
2030,sc01,04-03 19:00:00+02:00,107_CC_1,7.452715892360271
2030,sc01,04-03 19:00:00+02:00,101_CT_2,0.0
2030,sc01,04-03 19:00:00+02:00,101_STEAM_4,1.029
2030,sc01,04-03 19:00:00+02:00,102_CT_1,0.0
2030,sc01,04-03 19:00:00+02:00,123_CT_1,0.0
2030,sc01,04-03 19:00:00+02:00,118_RTPV_3,0.00142873388
2030,sc01,04-03 19:00:00+02:00,104_PV_1,3.7520000000000002
2030,sc01,04-03 19:00:00+02:00,102_PV_1,0.11488892268
2030,sc01,04-03 19:00:00+02:00,101_PV_1,0.5249854785
2030,sc01,04-03 19:00:00+02:00,101_STEAM_3,1.2507731278482086
2030,sc01,04-03 19:00:00+02:00,115_STEAM_1,0.0
2030,sc01,04-03 19:00:00+02:00,115_STEAM_2,0.0
2030,sc01,04-03 19:00:00+02:00,123_CT_4,0.0
2030,sc01,04-03 19:00:00+02:00,121_NUCLEAR_1,12.320000000000002
2030,sc01,04-03 19:00:00+02:00,116_STEAM_1,0.0
2030,sc01,04-03 19:00:00+02:00,118_RTPV_7,0.0017935169
2030,sc01,04-03 19:00:00+02:00,119_PV_1,0.00709505118
2030,sc01,04-03 19:00:00+02:00,102_STEAM_4,0.0
2030,sc01,04-03 19:00:00+02:00,118_CC_1,10.513734324344245
2030,sc01,04-03 19:00:00+02:00,103_PV_1,0.27600268528
2030,sc01,04-03 19:00:00+02:00,122_WIND_1,17.842889904
2030,sc01,04-03 19:00:00+02:00,101_PV_2,0.54120124625
2030,sc01,04-03 19:00:00+02:00,118_RTPV_10,0.0
2030,sc01,04-03 19:00:00+02:00,102_PV_2,0.11354256802
2030,sc01,04-03 19:00:00+02:00,101_PV_3,0.53106639145
2030,sc01,04-03 19:00:00+02:00,101_CT_1,0.0
2030,sc01,04-03 19:00:00+02:00,123_STEAM_2,0.0
2030,sc01,04-03 19:00:00+02:00,113_CT_3,0.0
2030,sc01,04-03 19:00:00+02:00,113_PV_1,0.014226541000000002
2030,sc01,04-03 19:00:00+02:00,118_RTPV_1,0.1275149498
2030,sc01,04-03 19:00:00+02:00,118_RTPV_8,0.00170232118
2030,sc01,04-03 19:00:00+02:00,123_CT_5,0.0
2030,sc01,04-03 19:00:00+02:00,118_RTPV_6,0.00147433174
2030,sc01,04-03 19:00:00+02:00,118_RTPV_5,0.0013831358800000001
2030,sc01,04-03 19:00:00+02:00,102_STEAM_3,0.0
2030,sc01,04-03 19:00:00+02:00,102_CT_2,0.0
2030,sc01,04-03 19:00:00+02:00,118_RTPV_2,0.00147433174
2030,sc01,04-03 19:00:00+02:00,113_CT_2,0.0
2030,sc01,04-03 19:00:00+02:00,113_CT_4,0.0
2030,sc01,04-03 19:00:00+02:00,118_RTPV_4,0.0013831358800000001
2030,sc01,04-03 19:00:00+02:00,118_RTPV_9,0.00156552746
2030,sc01,04-03 19:00:00+02:00,101_PV_4,0.52295850775
2030,sc01,04-03 19:00:00+02:00,115_STEAM_3,7.6983753639773065
2030,sc01,04-03 19:00:00+02:00,123_STEAM_3,0.0
2030,sc01,04-08 13:00:00+02:00,113_CT_1,0.0
2030,sc01,04-08 13:00:00+02:00,107_CC_1,0.0
2030,sc01,04-08 13:00:00+02:00,101_CT_2,0.0
2030,sc01,04-08 13:00:00+02:00,101_STEAM_4,0.0
2030,sc01,04-08 13:00:00+02:00,102_CT_1,0.0
2030,sc01,04-08 13:00:00+02:00,123_CT_1,0.0
2030,sc01,04-08 13:00:00+02:00,118_RTPV_3,0.60552797728
2030,sc01,04-08 13:00:00+02:00,104_PV_1,1.59252668564
2030,sc01,04-08 13:00:00+02:00,102_PV_1,2.71302746248
2030,sc01,04-08 13:00:00+02:00,101_PV_1,1.82276431612
2030,sc01,04-08 13:00:00+02:00,101_STEAM_3,0.0
2030,sc01,04-08 13:00:00+02:00,115_STEAM_1,0.0
2030,sc01,04-08 13:00:00+02:00,115_STEAM_2,0.0
2030,sc01,04-08 13:00:00+02:00,123_CT_4,0.0
2030,sc01,04-08 13:00:00+02:00,121_NUCLEAR_1,0.0
2030,sc01,04-08 13:00:00+02:00,116_STEAM_1,0.0
2030,sc01,04-08 13:00:00+02:00,118_RTPV_7,0.76013086492
2030,sc01,04-08 13:00:00+02:00,119_PV_1,7.446351908400001
2030,sc01,04-08 13:00:00+02:00,102_STEAM_4,0.0
2030,sc01,04-08 13:00:00+02:00,118_CC_1,0.0
2030,sc01,04-08 13:00:00+02:00,103_PV_1,6.5176245675999995
2030,sc01,04-08 13:00:00+02:00,122_WIND_1,37.15558438407599
2030,sc01,04-08 13:00:00+02:00,101_PV_2,1.87906591584
2030,sc01,04-08 13:00:00+02:00,118_RTPV_10,0.28988041462400005
2030,sc01,04-08 13:00:00+02:00,102_PV_2,2.6812341724
2030,sc01,04-08 13:00:00+02:00,101_PV_3,1.84387741544
2030,sc01,04-08 13:00:00+02:00,101_CT_1,0.0
2030,sc01,04-08 13:00:00+02:00,123_STEAM_2,0.0
2030,sc01,04-08 13:00:00+02:00,113_CT_3,0.0
2030,sc01,04-08 13:00:00+02:00,113_PV_1,6.029512624400001
2030,sc01,04-08 13:00:00+02:00,118_RTPV_1,1.7112000000000003
2030,sc01,04-08 13:00:00+02:00,118_RTPV_8,0.72148014278
2030,sc01,04-08 13:00:00+02:00,123_CT_5,0.0
2030,sc01,04-08 13:00:00+02:00,118_RTPV_6,0.62485333812
2030,sc01,04-08 13:00:00+02:00,118_RTPV_5,0.58620261598
2030,sc01,04-08 13:00:00+02:00,102_STEAM_3,0.0
2030,sc01,04-08 13:00:00+02:00,102_CT_2,0.0
2030,sc01,04-08 13:00:00+02:00,118_RTPV_2,0.62485333812
2030,sc01,04-08 13:00:00+02:00,113_CT_2,0.0
2030,sc01,04-08 13:00:00+02:00,113_CT_4,0.0
2030,sc01,04-08 13:00:00+02:00,118_RTPV_4,0.58620261598
2030,sc01,04-08 13:00:00+02:00,118_RTPV_9,0.6635040598
2030,sc01,04-08 13:00:00+02:00,101_PV_4,1.8157266160399999
2030,sc01,04-08 13:00:00+02:00,115_STEAM_3,0.0
2030,sc01,04-08 13:00:00+02:00,123_STEAM_3,0.0
2030,sc01,04-08 19:00:00+02:00,113_CT_1,0.0
2030,sc01,04-08 19:00:00+02:00,107_CC_1,5.294598431294721
2030,sc01,04-08 19:00:00+02:00,101_CT_2,0.0
2030,sc01,04-08 19:00:00+02:00,101_STEAM_4,0.0
2030,sc01,04-08 19:00:00+02:00,102_CT_1,0.0
2030,sc01,04-08 19:00:00+02:00,123_CT_1,0.0
2030,sc01,04-08 19:00:00+02:00,118_RTPV_3,0.0
2030,sc01,04-08 19:00:00+02:00,104_PV_1,2.68
2030,sc01,04-08 19:00:00+02:00,102_PV_1,0.053436707800000004
2030,sc01,04-08 19:00:00+02:00,101_PV_1,0.1032468872
2030,sc01,04-08 19:00:00+02:00,101_STEAM_3,0.0
2030,sc01,04-08 19:00:00+02:00,115_STEAM_1,0.0
2030,sc01,04-08 19:00:00+02:00,115_STEAM_2,0.0
2030,sc01,04-08 19:00:00+02:00,123_CT_4,0.0
2030,sc01,04-08 19:00:00+02:00,121_NUCLEAR_1,8.8
2030,sc01,04-08 19:00:00+02:00,116_STEAM_1,0.0
2030,sc01,04-08 19:00:00+02:00,118_RTPV_7,0.0
2030,sc01,04-08 19:00:00+02:00,119_PV_1,0.0073071988
2030,sc01,04-08 19:00:00+02:00,102_STEAM_4,0.0
2030,sc01,04-08 19:00:00+02:00,118_CC_1,8.582125
2030,sc01,04-08 19:00:00+02:00,103_PV_1,0.1283733411
2030,sc01,04-08 19:00:00+02:00,122_WIND_1,8.571896245000001
2030,sc01,04-08 19:00:00+02:00,101_PV_2,0.1064359802
2030,sc01,04-08 19:00:00+02:00,118_RTPV_10,0.0
2030,sc01,04-08 19:00:00+02:00,102_PV_2,0.0528104964
2030,sc01,04-08 19:00:00+02:00,101_PV_3,0.1044427971
2030,sc01,04-08 19:00:00+02:00,101_CT_1,0.0
2030,sc01,04-08 19:00:00+02:00,123_STEAM_2,3.6529623982582957
2030,sc01,04-08 19:00:00+02:00,113_CT_3,0.0
2030,sc01,04-08 19:00:00+02:00,113_PV_1,0.004804394399999999
2030,sc01,04-08 19:00:00+02:00,118_RTPV_1,0.0430626185
2030,sc01,04-08 19:00:00+02:00,118_RTPV_8,0.0
2030,sc01,04-08 19:00:00+02:00,123_CT_5,0.0
2030,sc01,04-08 19:00:00+02:00,118_RTPV_6,0.0
2030,sc01,04-08 19:00:00+02:00,118_RTPV_5,0.0
2030,sc01,04-08 19:00:00+02:00,102_STEAM_3,0.0
2030,sc01,04-08 19:00:00+02:00,102_CT_2,0.0
2030,sc01,04-08 19:00:00+02:00,118_RTPV_2,0.0
2030,sc01,04-08 19:00:00+02:00,113_CT_2,0.0
2030,sc01,04-08 19:00:00+02:00,113_CT_4,0.0
2030,sc01,04-08 19:00:00+02:00,118_RTPV_4,0.0
2030,sc01,04-08 19:00:00+02:00,118_RTPV_9,0.0
2030,sc01,04-08 19:00:00+02:00,101_PV_4,0.1028482505
2030,sc01,04-08 19:00:00+02:00,115_STEAM_3,3.422017941446994
2030,sc01,04-08 19:00:00+02:00,123_STEAM_3,3.2200000000000006
2030,sc01,04-09 11:00:00+02:00,113_CT_1,0.0
2030,sc01,04-09 11:00:00+02:00,107_CC_1,0.06743621980400993
2030,sc01,04-09 11:00:00+02:00,101_CT_2,0.0
2030,sc01,04-09 11:00:00+02:00,101_STEAM_4,0.0
2030,sc01,04-09 11:00:00+02:00,102_CT_1,0.0
2030,sc01,04-09 11:00:00+02:00,123_CT_1,0.0
2030,sc01,04-09 11:00:00+02:00,118_RTPV_3,0.17386067168
2030,sc01,04-09 11:00:00+02:00,104_PV_1,0.86472440192
2030,sc01,04-09 11:00:00+02:00,102_PV_1,1.1811039212799999
2030,sc01,04-09 11:00:00+02:00,101_PV_1,0.65439336192
2030,sc01,04-09 11:00:00+02:00,101_STEAM_3,0.0
2030,sc01,04-09 11:00:00+02:00,115_STEAM_1,0.0
2030,sc01,04-09 11:00:00+02:00,115_STEAM_2,0.0
2030,sc01,04-09 11:00:00+02:00,123_CT_4,0.0
2030,sc01,04-09 11:00:00+02:00,121_NUCLEAR_1,3.046658654399711
2030,sc01,04-09 11:00:00+02:00,116_STEAM_1,0.0
2030,sc01,04-09 11:00:00+02:00,118_RTPV_7,0.2182506304
2030,sc01,04-09 11:00:00+02:00,119_PV_1,3.4919165008
2030,sc01,04-09 11:00:00+02:00,102_STEAM_4,0.0
2030,sc01,04-09 11:00:00+02:00,118_CC_1,0.0
2030,sc01,04-09 11:00:00+02:00,103_PV_1,2.8374176240000004
2030,sc01,04-09 11:00:00+02:00,122_WIND_1,10.302137683200002
2030,sc01,04-09 11:00:00+02:00,101_PV_2,0.67460628416
2030,sc01,04-09 11:00:00+02:00,118_RTPV_10,0.08323117260799999
2030,sc01,04-09 11:00:00+02:00,102_PV_2,0.7607299650282682
2030,sc01,04-09 11:00:00+02:00,101_PV_3,0.66197320768
2030,sc01,04-09 11:00:00+02:00,101_CT_1,0.0
2030,sc01,04-09 11:00:00+02:00,123_STEAM_2,0.0
2030,sc01,04-09 11:00:00+02:00,113_CT_3,0.0
2030,sc01,04-09 11:00:00+02:00,113_PV_1,1.7312083904000002
2030,sc01,04-09 11:00:00+02:00,118_RTPV_1,0.5952000000000001
2030,sc01,04-09 11:00:00+02:00,118_RTPV_8,0.20715314064
2030,sc01,04-09 11:00:00+02:00,123_CT_5,0.0
2030,sc01,04-09 11:00:00+02:00,118_RTPV_6,0.17940941648
2030,sc01,04-09 11:00:00+02:00,118_RTPV_5,0.16831192672
2030,sc01,04-09 11:00:00+02:00,102_STEAM_3,0.0
2030,sc01,04-09 11:00:00+02:00,102_CT_2,0.0
2030,sc01,04-09 11:00:00+02:00,118_RTPV_2,0.17940941648
2030,sc01,04-09 11:00:00+02:00,113_CT_2,0.0
2030,sc01,04-09 11:00:00+02:00,113_CT_4,0.0
2030,sc01,04-09 11:00:00+02:00,118_RTPV_4,0.16831192672
2030,sc01,04-09 11:00:00+02:00,118_RTPV_9,0.19050690608
2030,sc01,04-09 11:00:00+02:00,101_PV_4,0.65186674624
2030,sc01,04-09 11:00:00+02:00,115_STEAM_3,0.0
2030,sc01,04-09 11:00:00+02:00,123_STEAM_3,0.0
2030,sc01,04-09 15:00:00+02:00,113_CT_1,0.0
2030,sc01,04-09 15:00:00+02:00,107_CC_1,1.377747454415576
2030,sc01,04-09 15:00:00+02:00,101_CT_2,0.0
2030,sc01,04-09 15:00:00+02:00,101_STEAM_4,0.0
2030,sc01,04-09 15:00:00+02:00,102_CT_1,0.0
2030,sc01,04-09 15:00:00+02:00,123_CT_1,0.0
2030,sc01,04-09 15:00:00+02:00,118_RTPV_3,0.21908808320000003
2030,sc01,04-09 15:00:00+02:00,104_PV_1,0.53611131868
2030,sc01,04-09 15:00:00+02:00,102_PV_1,1.5607793644799999
2030,sc01,04-09 15:00:00+02:00,101_PV_1,1.2509377607999999
2030,sc01,04-09 15:00:00+02:00,101_STEAM_3,0.0
2030,sc01,04-09 15:00:00+02:00,115_STEAM_1,0.0
2030,sc01,04-09 15:00:00+02:00,115_STEAM_2,0.0
2030,sc01,04-09 15:00:00+02:00,123_CT_4,0.0
2030,sc01,04-09 15:00:00+02:00,121_NUCLEAR_1,4.136804133808428
2030,sc01,04-09 15:00:00+02:00,116_STEAM_1,0.0
2030,sc01,04-09 15:00:00+02:00,118_RTPV_7,0.275025466128
2030,sc01,04-09 15:00:00+02:00,119_PV_1,3.1093273456
2030,sc01,04-09 15:00:00+02:00,102_STEAM_4,0.0
2030,sc01,04-09 15:00:00+02:00,118_CC_1,0.0
2030,sc01,04-09 15:00:00+02:00,103_PV_1,3.7495285492
2030,sc01,04-09 15:00:00+02:00,122_WIND_1,20.765838340800002
2030,sc01,04-09 15:00:00+02:00,101_PV_2,1.2895767651199999
2030,sc01,04-09 15:00:00+02:00,118_RTPV_10,0.10488259308799999
2030,sc01,04-09 15:00:00+02:00,102_PV_2,1.54248898048
2030,sc01,04-09 15:00:00+02:00,101_PV_3,1.26542738672
2030,sc01,04-09 15:00:00+02:00,101_CT_1,0.0
2030,sc01,04-09 15:00:00+02:00,123_STEAM_2,0.0
2030,sc01,04-09 15:00:00+02:00,113_CT_3,0.0
2030,sc01,04-09 15:00:00+02:00,113_PV_1,2.1815579352
2030,sc01,04-09 15:00:00+02:00,118_RTPV_1,1.0416
2030,sc01,04-09 15:00:00+02:00,118_RTPV_8,0.26104112048
2030,sc01,04-09 15:00:00+02:00,123_CT_5,0.0
2030,sc01,04-09 15:00:00+02:00,118_RTPV_6,0.22608025608000004
2030,sc01,04-09 15:00:00+02:00,118_RTPV_5,0.21209591032
2030,sc01,04-09 15:00:00+02:00,102_STEAM_3,0.0
2030,sc01,04-09 15:00:00+02:00,102_CT_2,0.0
2030,sc01,04-09 15:00:00+02:00,118_RTPV_2,0.22608025608000004
2030,sc01,04-09 15:00:00+02:00,113_CT_2,0.0
2030,sc01,04-09 15:00:00+02:00,113_CT_4,0.0
2030,sc01,04-09 15:00:00+02:00,118_RTPV_4,0.21209591032
2030,sc01,04-09 15:00:00+02:00,118_RTPV_9,0.24006460183999997
2030,sc01,04-09 15:00:00+02:00,101_PV_4,1.2461078851200003
2030,sc01,04-09 15:00:00+02:00,115_STEAM_3,0.0
2030,sc01,04-09 15:00:00+02:00,123_STEAM_3,0.0
2030,sc01,04-12 07:00:00+02:00,113_CT_1,0.0
2030,sc01,04-12 07:00:00+02:00,107_CC_1,4.940117855634928
2030,sc01,04-12 07:00:00+02:00,101_CT_2,0.0
2030,sc01,04-12 07:00:00+02:00,101_STEAM_4,0.0
2030,sc01,04-12 07:00:00+02:00,102_CT_1,0.0
2030,sc01,04-12 07:00:00+02:00,123_CT_1,0.0
2030,sc01,04-12 07:00:00+02:00,118_RTPV_3,0.15130833624
2030,sc01,04-12 07:00:00+02:00,104_PV_1,0.43080373740000005
2030,sc01,04-12 07:00:00+02:00,102_PV_1,0.4461201714
2030,sc01,04-12 07:00:00+02:00,101_PV_1,0.23535684624
2030,sc01,04-12 07:00:00+02:00,101_STEAM_3,0.0
2030,sc01,04-12 07:00:00+02:00,115_STEAM_1,0.0
2030,sc01,04-12 07:00:00+02:00,115_STEAM_2,0.0
2030,sc01,04-12 07:00:00+02:00,123_CT_4,0.0
2030,sc01,04-12 07:00:00+02:00,121_NUCLEAR_1,10.56
2030,sc01,04-12 07:00:00+02:00,116_STEAM_1,0.0
2030,sc01,04-12 07:00:00+02:00,118_RTPV_7,0.18994025196
2030,sc01,04-12 07:00:00+02:00,119_PV_1,1.4628066972000002
2030,sc01,04-12 07:00:00+02:00,102_STEAM_4,0.0
2030,sc01,04-12 07:00:00+02:00,118_CC_1,10.298549999999999
2030,sc01,04-12 07:00:00+02:00,103_PV_1,1.0717340058
2030,sc01,04-12 07:00:00+02:00,122_WIND_1,6.75120327
2030,sc01,04-12 07:00:00+02:00,101_PV_2,0.2426265558
2030,sc01,04-12 07:00:00+02:00,118_RTPV_10,0.07243484184000001
2030,sc01,04-12 07:00:00+02:00,102_PV_2,0.4408922007
2030,sc01,04-12 07:00:00+02:00,101_PV_3,0.23808298728
2030,sc01,04-12 07:00:00+02:00,101_CT_1,0.0
2030,sc01,04-12 07:00:00+02:00,123_STEAM_2,5.443126341838285
2030,sc01,04-12 07:00:00+02:00,113_CT_3,0.0
2030,sc01,04-12 07:00:00+02:00,113_PV_1,1.5066447107999998
2030,sc01,04-12 07:00:00+02:00,118_RTPV_1,1.116
2030,sc01,04-12 07:00:00+02:00,118_RTPV_8,0.180282273
2030,sc01,04-12 07:00:00+02:00,123_CT_5,0.0
2030,sc01,04-12 07:00:00+02:00,118_RTPV_6,0.15613732572000003
2030,sc01,04-12 07:00:00+02:00,118_RTPV_5,0.14647934688
2030,sc01,04-12 07:00:00+02:00,102_STEAM_3,0.0
2030,sc01,04-12 07:00:00+02:00,102_CT_2,0.0
2030,sc01,04-12 07:00:00+02:00,118_RTPV_2,0.15613732572000003
2030,sc01,04-12 07:00:00+02:00,113_CT_2,0.0
2030,sc01,04-12 07:00:00+02:00,113_CT_4,0.0
2030,sc01,04-12 07:00:00+02:00,118_RTPV_4,0.14647934688
2030,sc01,04-12 07:00:00+02:00,118_RTPV_9,0.16579530467999998
2030,sc01,04-12 07:00:00+02:00,101_PV_4,0.23444813256
2030,sc01,04-12 07:00:00+02:00,115_STEAM_3,3.2792643223267848
2030,sc01,04-12 07:00:00+02:00,123_STEAM_3,3.8640000000000008
2030,sc01,04-14 06:00:00+02:00,113_CT_1,0.0
2030,sc01,04-14 06:00:00+02:00,107_CC_1,3.3975645709180378
2030,sc01,04-14 06:00:00+02:00,101_CT_2,0.0
2030,sc01,04-14 06:00:00+02:00,101_STEAM_4,0.0
2030,sc01,04-14 06:00:00+02:00,102_CT_1,0.0
2030,sc01,04-14 06:00:00+02:00,123_CT_1,0.0
2030,sc01,04-14 06:00:00+02:00,118_RTPV_3,0.064225685236
2030,sc01,04-14 06:00:00+02:00,104_PV_1,1.3199069569300002
2030,sc01,04-14 06:00:00+02:00,102_PV_1,0.243900399616
2030,sc01,04-14 06:00:00+02:00,101_PV_1,0.110094192672
2030,sc01,04-14 06:00:00+02:00,101_STEAM_3,0.0
2030,sc01,04-14 06:00:00+02:00,115_STEAM_1,0.0
2030,sc01,04-14 06:00:00+02:00,115_STEAM_2,0.0
2030,sc01,04-14 06:00:00+02:00,123_CT_4,0.0
2030,sc01,04-14 06:00:00+02:00,121_NUCLEAR_1,4.468938949695961
2030,sc01,04-14 06:00:00+02:00,116_STEAM_1,0.0
2030,sc01,04-14 06:00:00+02:00,118_RTPV_7,0.080623732488
2030,sc01,04-14 06:00:00+02:00,119_PV_1,0.9984602128999999
2030,sc01,04-14 06:00:00+02:00,102_STEAM_4,0.0
2030,sc01,04-14 06:00:00+02:00,118_CC_1,0.0
2030,sc01,04-14 06:00:00+02:00,103_PV_1,0.5859326006400001
2030,sc01,04-14 06:00:00+02:00,122_WIND_1,53.9204682792
2030,sc01,04-14 06:00:00+02:00,101_PV_2,0.11349478566799999
2030,sc01,04-14 06:00:00+02:00,118_RTPV_10,0.030746338704
2030,sc01,04-14 06:00:00+02:00,102_PV_2,0.24104219180800002
2030,sc01,04-14 06:00:00+02:00,101_PV_3,0.111369415152
2030,sc01,04-14 06:00:00+02:00,101_CT_1,0.0
2030,sc01,04-14 06:00:00+02:00,123_STEAM_2,0.0
2030,sc01,04-14 06:00:00+02:00,113_CT_3,0.0
2030,sc01,04-14 06:00:00+02:00,113_PV_1,0.6395238451
2030,sc01,04-14 06:00:00+02:00,118_RTPV_1,2.6412000000000004
2030,sc01,04-14 06:00:00+02:00,118_RTPV_8,0.076524220888
2030,sc01,04-14 06:00:00+02:00,123_CT_5,0.0
2030,sc01,04-14 06:00:00+02:00,118_RTPV_6,0.06627544132
2030,sc01,04-14 06:00:00+02:00,118_RTPV_5,0.062175929436000005
2030,sc01,04-14 06:00:00+02:00,102_STEAM_3,0.0
2030,sc01,04-14 06:00:00+02:00,102_CT_2,0.0
2030,sc01,04-14 06:00:00+02:00,118_RTPV_2,0.06627544132
2030,sc01,04-14 06:00:00+02:00,113_CT_2,0.0
2030,sc01,04-14 06:00:00+02:00,113_CT_4,0.0
2030,sc01,04-14 06:00:00+02:00,118_RTPV_4,0.062175929436000005
2030,sc01,04-14 06:00:00+02:00,118_RTPV_9,0.07037495292
2030,sc01,04-14 06:00:00+02:00,101_PV_4,0.109669118512
2030,sc01,04-14 06:00:00+02:00,115_STEAM_3,0.0
2030,sc01,04-14 06:00:00+02:00,123_STEAM_3,0.0
2030,sc01,04-16 18:00:00+02:00,113_CT_1,0.0
2030,sc01,04-16 18:00:00+02:00,107_CC_1,16.460761560528297
2030,sc01,04-16 18:00:00+02:00,101_CT_2,0.0
2030,sc01,04-16 18:00:00+02:00,101_STEAM_4,0.0
2030,sc01,04-16 18:00:00+02:00,102_CT_1,0.0
2030,sc01,04-16 18:00:00+02:00,123_CT_1,0.0
2030,sc01,04-16 18:00:00+02:00,118_RTPV_3,0.158016026476
2030,sc01,04-16 18:00:00+02:00,104_PV_1,8.2544
2030,sc01,04-16 18:00:00+02:00,102_PV_1,0.8358569881200001
2030,sc01,04-16 18:00:00+02:00,101_PV_1,2.95302987441
2030,sc01,04-16 18:00:00+02:00,101_STEAM_3,0.0
2030,sc01,04-16 18:00:00+02:00,115_STEAM_1,0.0
2030,sc01,04-16 18:00:00+02:00,115_STEAM_2,0.0
2030,sc01,04-16 18:00:00+02:00,123_CT_4,0.0
2030,sc01,04-16 18:00:00+02:00,121_NUCLEAR_1,13.420688299376426
2030,sc01,04-16 18:00:00+02:00,116_STEAM_1,0.0
2030,sc01,04-16 18:00:00+02:00,118_RTPV_7,0.19836054392
2030,sc01,04-16 18:00:00+02:00,119_PV_1,0.39833498627999997
2030,sc01,04-16 18:00:00+02:00,102_STEAM_4,0.0
2030,sc01,04-16 18:00:00+02:00,118_CC_1,0.0
2030,sc01,04-16 18:00:00+02:00,103_PV_1,2.0080158105700003
2030,sc01,04-16 18:00:00+02:00,122_WIND_1,66.43371129324126
2030,sc01,04-16 18:00:00+02:00,101_PV_2,3.04424315272
2030,sc01,04-16 18:00:00+02:00,118_RTPV_10,0.075645970092
2030,sc01,04-16 18:00:00+02:00,102_PV_2,0.8260617888599999
2030,sc01,04-16 18:00:00+02:00,101_PV_3,2.98723485368
2030,sc01,04-16 18:00:00+02:00,101_CT_1,0.0
2030,sc01,04-16 18:00:00+02:00,123_STEAM_2,0.0
2030,sc01,04-16 18:00:00+02:00,113_CT_3,0.0
2030,sc01,04-16 18:00:00+02:00,113_PV_1,1.5734361781600001
2030,sc01,04-16 18:00:00+02:00,118_RTPV_1,2.8644000000000003
2030,sc01,04-16 18:00:00+02:00,118_RTPV_8,0.18827441432800002
2030,sc01,04-16 18:00:00+02:00,123_CT_5,0.0
2030,sc01,04-16 18:00:00+02:00,118_RTPV_6,0.163059090964
2030,sc01,04-16 18:00:00+02:00,118_RTPV_5,0.15297296168
2030,sc01,04-16 18:00:00+02:00,102_STEAM_3,0.0
2030,sc01,04-16 18:00:00+02:00,102_CT_2,0.0
2030,sc01,04-16 18:00:00+02:00,118_RTPV_2,0.163059090964
2030,sc01,04-16 18:00:00+02:00,113_CT_2,0.0
2030,sc01,04-16 18:00:00+02:00,113_CT_4,0.0
2030,sc01,04-16 18:00:00+02:00,118_RTPV_4,0.15297296168
2030,sc01,04-16 18:00:00+02:00,118_RTPV_9,0.173145220556
2030,sc01,04-16 18:00:00+02:00,101_PV_4,2.9416282141400005
2030,sc01,04-16 18:00:00+02:00,115_STEAM_3,7.3813935362740875
2030,sc01,04-16 18:00:00+02:00,123_STEAM_3,0.0
2030,sc01,04-20 07:00:00+02:00,113_CT_1,0.0
2030,sc01,04-20 07:00:00+02:00,107_CC_1,4.851497045127983
2030,sc01,04-20 07:00:00+02:00,101_CT_2,0.0
2030,sc01,04-20 07:00:00+02:00,101_STEAM_4,0.0
2030,sc01,04-20 07:00:00+02:00,102_CT_1,0.0
2030,sc01,04-20 07:00:00+02:00,123_CT_1,0.0
2030,sc01,04-20 07:00:00+02:00,118_RTPV_3,0.8165082395199998
2030,sc01,04-20 07:00:00+02:00,104_PV_1,4.10677299664
2030,sc01,04-20 07:00:00+02:00,102_PV_1,1.7922977221599998
2030,sc01,04-20 07:00:00+02:00,101_PV_1,0.23870373801599998
2030,sc01,04-20 07:00:00+02:00,101_STEAM_3,0.0
2030,sc01,04-20 07:00:00+02:00,115_STEAM_1,0.0
2030,sc01,04-20 07:00:00+02:00,115_STEAM_2,0.0
2030,sc01,04-20 07:00:00+02:00,123_CT_4,0.0
2030,sc01,04-20 07:00:00+02:00,121_NUCLEAR_1,32.384
2030,sc01,04-20 07:00:00+02:00,116_STEAM_1,0.0
2030,sc01,04-20 07:00:00+02:00,118_RTPV_7,1.02497842896
2030,sc01,04-20 07:00:00+02:00,119_PV_1,10.793928474
2030,sc01,04-20 07:00:00+02:00,102_STEAM_4,0.0
2030,sc01,04-20 07:00:00+02:00,118_CC_1,15.123880000000002
2030,sc01,04-20 07:00:00+02:00,103_PV_1,4.305715231840001
2030,sc01,04-20 07:00:00+02:00,122_WIND_1,0.8311130547839999
2030,sc01,04-20 07:00:00+02:00,101_PV_2,0.246076826672
2030,sc01,04-20 07:00:00+02:00,118_RTPV_10,0.390881604096
2030,sc01,04-20 07:00:00+02:00,102_PV_2,1.7712942334800001
2030,sc01,04-20 07:00:00+02:00,101_PV_3,0.24146864640000001
2030,sc01,04-20 07:00:00+02:00,101_CT_1,0.0
2030,sc01,04-20 07:00:00+02:00,123_STEAM_2,0.0
2030,sc01,04-20 07:00:00+02:00,113_CT_3,0.0
2030,sc01,04-20 07:00:00+02:00,113_PV_1,8.13033736608
2030,sc01,04-20 07:00:00+02:00,118_RTPV_1,3.4224000000000006
2030,sc01,04-20 07:00:00+02:00,118_RTPV_8,0.9728608816
2030,sc01,04-20 07:00:00+02:00,123_CT_5,0.0
2030,sc01,04-20 07:00:00+02:00,118_RTPV_6,0.8425670132
2030,sc01,04-20 07:00:00+02:00,118_RTPV_5,0.790449466208
2030,sc01,04-20 07:00:00+02:00,102_STEAM_3,0.0
2030,sc01,04-20 07:00:00+02:00,102_CT_2,0.0
2030,sc01,04-20 07:00:00+02:00,118_RTPV_2,0.8425670132
2030,sc01,04-20 07:00:00+02:00,113_CT_2,0.0
2030,sc01,04-20 07:00:00+02:00,113_CT_4,0.0
2030,sc01,04-20 07:00:00+02:00,118_RTPV_4,0.790449466208
2030,sc01,04-20 07:00:00+02:00,118_RTPV_9,0.89468456056
2030,sc01,04-20 07:00:00+02:00,101_PV_4,0.23778210188800003
2030,sc01,04-20 07:00:00+02:00,115_STEAM_3,0.0
2030,sc01,04-20 07:00:00+02:00,123_STEAM_3,0.0
2030,sc01,04-24 07:00:00+02:00,113_CT_1,0.0
2030,sc01,04-24 07:00:00+02:00,107_CC_1,5.007524712412372
2030,sc01,04-24 07:00:00+02:00,101_CT_2,0.0
2030,sc01,04-24 07:00:00+02:00,101_STEAM_4,0.0
2030,sc01,04-24 07:00:00+02:00,102_CT_1,0.0
2030,sc01,04-24 07:00:00+02:00,123_CT_1,0.0
2030,sc01,04-24 07:00:00+02:00,118_RTPV_3,0.228572988572
2030,sc01,04-24 07:00:00+02:00,104_PV_1,1.1560456915
2030,sc01,04-24 07:00:00+02:00,102_PV_1,0.33414736878
2030,sc01,04-24 07:00:00+02:00,101_PV_1,0.174191701836
2030,sc01,04-24 07:00:00+02:00,101_STEAM_3,0.0
2030,sc01,04-24 07:00:00+02:00,115_STEAM_1,0.0
2030,sc01,04-24 07:00:00+02:00,115_STEAM_2,0.0
2030,sc01,04-24 07:00:00+02:00,123_CT_4,0.0
2030,sc01,04-24 07:00:00+02:00,121_NUCLEAR_1,3.4938709405607637
2030,sc01,04-24 07:00:00+02:00,116_STEAM_1,0.0
2030,sc01,04-24 07:00:00+02:00,118_RTPV_7,0.28693204948400003
2030,sc01,04-24 07:00:00+02:00,119_PV_1,1.11210677448
2030,sc01,04-24 07:00:00+02:00,102_STEAM_4,0.0
2030,sc01,04-24 07:00:00+02:00,118_CC_1,0.0
2030,sc01,04-24 07:00:00+02:00,103_PV_1,0.80273684297
2030,sc01,04-24 07:00:00+02:00,122_WIND_1,26.632273888105388
2030,sc01,04-24 07:00:00+02:00,101_PV_2,0.179572140452
2030,sc01,04-24 07:00:00+02:00,118_RTPV_10,0.109423239272
2030,sc01,04-24 07:00:00+02:00,102_PV_2,0.33023157929
2030,sc01,04-24 07:00:00+02:00,101_PV_3,0.176209366348
2030,sc01,04-24 07:00:00+02:00,101_CT_1,0.0
2030,sc01,04-24 07:00:00+02:00,123_STEAM_2,0.0
2030,sc01,04-24 07:00:00+02:00,113_CT_3,0.0
2030,sc01,04-24 07:00:00+02:00,113_PV_1,2.2760033753199997
2030,sc01,04-24 07:00:00+02:00,118_RTPV_1,1.1532000000000002
2030,sc01,04-24 07:00:00+02:00,118_RTPV_8,0.27234228425600004
2030,sc01,04-24 07:00:00+02:00,123_CT_5,0.0
2030,sc01,04-24 07:00:00+02:00,118_RTPV_6,0.23586787124800002
2030,sc01,04-24 07:00:00+02:00,118_RTPV_5,0.22127810602
2030,sc01,04-24 07:00:00+02:00,102_STEAM_3,0.0
2030,sc01,04-24 07:00:00+02:00,102_CT_2,0.0
2030,sc01,04-24 07:00:00+02:00,118_RTPV_2,0.23586787124800002
2030,sc01,04-24 07:00:00+02:00,113_CT_2,0.0
2030,sc01,04-24 07:00:00+02:00,113_CT_4,0.0
2030,sc01,04-24 07:00:00+02:00,118_RTPV_4,0.22127810602
2030,sc01,04-24 07:00:00+02:00,118_RTPV_9,0.250457636476
2030,sc01,04-24 07:00:00+02:00,101_PV_4,0.173519146916
2030,sc01,04-24 07:00:00+02:00,115_STEAM_3,2.9320991496635176
2030,sc01,04-24 07:00:00+02:00,123_STEAM_3,0.0
2030,sc01,05-07 06:00:00+02:00,113_CT_1,0.0
2030,sc01,05-07 06:00:00+02:00,107_CC_1,2.5095660589937765
2030,sc01,05-07 06:00:00+02:00,101_CT_2,0.0
2030,sc01,05-07 06:00:00+02:00,101_STEAM_4,0.0
2030,sc01,05-07 06:00:00+02:00,102_CT_1,0.0
2030,sc01,05-07 06:00:00+02:00,123_CT_1,0.0
2030,sc01,05-07 06:00:00+02:00,118_RTPV_3,0.073460248992
2030,sc01,05-07 06:00:00+02:00,104_PV_1,0.4365444492
2030,sc01,05-07 06:00:00+02:00,102_PV_1,0.147576919464
2030,sc01,05-07 06:00:00+02:00,101_PV_1,0.040346887392
2030,sc01,05-07 06:00:00+02:00,101_STEAM_3,0.0
2030,sc01,05-07 06:00:00+02:00,115_STEAM_1,0.0
2030,sc01,05-07 06:00:00+02:00,115_STEAM_2,0.0
2030,sc01,05-07 06:00:00+02:00,123_CT_4,0.0
2030,sc01,05-07 06:00:00+02:00,121_NUCLEAR_1,2.4195098684286975
2030,sc01,05-07 06:00:00+02:00,116_STEAM_1,0.0
2030,sc01,05-07 06:00:00+02:00,118_RTPV_7,0.092216057256
2030,sc01,05-07 06:00:00+02:00,119_PV_1,0.91089169416
2030,sc01,05-07 06:00:00+02:00,102_STEAM_4,0.0
2030,sc01,05-07 06:00:00+02:00,118_CC_1,0.0
2030,sc01,05-07 06:00:00+02:00,103_PV_1,0.35453049012000004
2030,sc01,05-07 06:00:00+02:00,122_WIND_1,15.498302003183042
2030,sc01,05-07 06:00:00+02:00,101_PV_2,0.041593123296000005
2030,sc01,05-07 06:00:00+02:00,118_RTPV_10,0.035167140504
2030,sc01,05-07 06:00:00+02:00,102_PV_2,0.145847502432
2030,sc01,05-07 06:00:00+02:00,101_PV_3,0.040814225856
2030,sc01,05-07 06:00:00+02:00,101_CT_1,0.0
2030,sc01,05-07 06:00:00+02:00,123_STEAM_2,0.0
2030,sc01,05-07 06:00:00+02:00,113_CT_3,0.0
2030,sc01,05-07 06:00:00+02:00,113_PV_1,0.73147652208
2030,sc01,05-07 06:00:00+02:00,118_RTPV_1,0.6696000000000001
2030,sc01,05-07 06:00:00+02:00,118_RTPV_8,0.087527105136
2030,sc01,05-07 06:00:00+02:00,123_CT_5,0.0
2030,sc01,05-07 06:00:00+02:00,118_RTPV_6,0.075804725016
2030,sc01,05-07 06:00:00+02:00,118_RTPV_5,0.071115772968
2030,sc01,05-07 06:00:00+02:00,102_STEAM_3,0.0
2030,sc01,05-07 06:00:00+02:00,102_CT_2,0.0
2030,sc01,05-07 06:00:00+02:00,118_RTPV_2,0.075804725016
2030,sc01,05-07 06:00:00+02:00,113_CT_2,0.0
2030,sc01,05-07 06:00:00+02:00,113_CT_4,0.0
2030,sc01,05-07 06:00:00+02:00,118_RTPV_4,0.071115772968
2030,sc01,05-07 06:00:00+02:00,118_RTPV_9,0.08049367706400001
2030,sc01,05-07 06:00:00+02:00,101_PV_4,0.040191107904
2030,sc01,05-07 06:00:00+02:00,115_STEAM_3,2.7474387878504904
2030,sc01,05-07 06:00:00+02:00,123_STEAM_3,0.0
2030,sc01,05-07 19:00:00+02:00,113_CT_1,0.0
2030,sc01,05-07 19:00:00+02:00,107_CC_1,15.277134045151122
2030,sc01,05-07 19:00:00+02:00,101_CT_2,0.0
2030,sc01,05-07 19:00:00+02:00,101_STEAM_4,0.0
2030,sc01,05-07 19:00:00+02:00,102_CT_1,0.0
2030,sc01,05-07 19:00:00+02:00,123_CT_1,0.0
2030,sc01,05-07 19:00:00+02:00,118_RTPV_3,0.065724121208
2030,sc01,05-07 19:00:00+02:00,104_PV_1,7.6112
2030,sc01,05-07 19:00:00+02:00,102_PV_1,0.29810049009199996
2030,sc01,05-07 19:00:00+02:00,101_PV_1,0.7630290465800001
2030,sc01,05-07 19:00:00+02:00,101_STEAM_3,0.0
2030,sc01,05-07 19:00:00+02:00,115_STEAM_1,0.0
2030,sc01,05-07 19:00:00+02:00,115_STEAM_2,0.0
2030,sc01,05-07 19:00:00+02:00,123_CT_4,0.0
2030,sc01,05-07 19:00:00+02:00,121_NUCLEAR_1,24.992
2030,sc01,05-07 19:00:00+02:00,116_STEAM_1,0.0
2030,sc01,05-07 19:00:00+02:00,118_RTPV_7,0.0825047477
2030,sc01,05-07 19:00:00+02:00,119_PV_1,0.058463861996
2030,sc01,05-07 19:00:00+02:00,102_STEAM_4,0.0
2030,sc01,05-07 19:00:00+02:00,118_CC_1,6.615288481163544
2030,sc01,05-07 19:00:00+02:00,103_PV_1,0.71613984925
2030,sc01,05-07 19:00:00+02:00,122_WIND_1,40.8505124868
2030,sc01,05-07 19:00:00+02:00,101_PV_2,0.78659751149
2030,sc01,05-07 19:00:00+02:00,118_RTPV_10,0.031463674992
2030,sc01,05-07 19:00:00+02:00,102_PV_2,0.294607124804
2030,sc01,05-07 19:00:00+02:00,101_PV_3,0.77186722101
2030,sc01,05-07 19:00:00+02:00,101_CT_1,0.0
2030,sc01,05-07 19:00:00+02:00,123_STEAM_2,0.0
2030,sc01,05-07 19:00:00+02:00,113_CT_3,0.0
2030,sc01,05-07 19:00:00+02:00,113_PV_1,0.65444443972
2030,sc01,05-07 19:00:00+02:00,118_RTPV_1,2.6412000000000004
2030,sc01,05-07 19:00:00+02:00,118_RTPV_8,0.078309591148
2030,sc01,05-07 19:00:00+02:00,123_CT_5,0.0
2030,sc01,05-07 19:00:00+02:00,118_RTPV_6,0.06782169948399999
2030,sc01,05-07 19:00:00+02:00,118_RTPV_5,0.06362654264800001
2030,sc01,05-07 19:00:00+02:00,102_STEAM_3,0.0
2030,sc01,05-07 19:00:00+02:00,102_CT_2,0.0
2030,sc01,05-07 19:00:00+02:00,118_RTPV_2,0.06782169948399999
2030,sc01,05-07 19:00:00+02:00,113_CT_2,0.0
2030,sc01,05-07 19:00:00+02:00,113_CT_4,0.0
2030,sc01,05-07 19:00:00+02:00,118_RTPV_4,0.06362654264800001
2030,sc01,05-07 19:00:00+02:00,118_RTPV_9,0.07201685603600001
2030,sc01,05-07 19:00:00+02:00,101_PV_4,0.76008298891
2030,sc01,05-07 19:00:00+02:00,115_STEAM_3,11.151982126525315
2030,sc01,05-07 19:00:00+02:00,123_STEAM_3,0.0
2030,sc01,05-08 20:00:00+02:00,113_CT_1,0.0
2030,sc01,05-08 20:00:00+02:00,107_CC_1,10.802149351487483
2030,sc01,05-08 20:00:00+02:00,101_CT_2,0.0
2030,sc01,05-08 20:00:00+02:00,101_STEAM_4,0.0
2030,sc01,05-08 20:00:00+02:00,102_CT_1,0.0
2030,sc01,05-08 20:00:00+02:00,123_CT_1,0.0
2030,sc01,05-08 20:00:00+02:00,118_RTPV_3,0.0
2030,sc01,05-08 20:00:00+02:00,104_PV_1,5.36
2030,sc01,05-08 20:00:00+02:00,102_PV_1,0.16336365060000002
2030,sc01,05-08 20:00:00+02:00,101_PV_1,0.1873029052
2030,sc01,05-08 20:00:00+02:00,101_STEAM_3,0.0
2030,sc01,05-08 20:00:00+02:00,115_STEAM_1,0.0
2030,sc01,05-08 20:00:00+02:00,115_STEAM_2,0.0
2030,sc01,05-08 20:00:00+02:00,123_CT_4,0.0
2030,sc01,05-08 20:00:00+02:00,121_NUCLEAR_1,10.661518002593484
2030,sc01,05-08 20:00:00+02:00,116_STEAM_1,0.0
2030,sc01,05-08 20:00:00+02:00,118_RTPV_7,0.0
2030,sc01,05-08 20:00:00+02:00,119_PV_1,0.013121532
2030,sc01,05-08 20:00:00+02:00,102_STEAM_4,0.0
2030,sc01,05-08 20:00:00+02:00,118_CC_1,0.0
2030,sc01,05-08 20:00:00+02:00,103_PV_1,0.392455645
2030,sc01,05-08 20:00:00+02:00,122_WIND_1,43.228382173519876
2030,sc01,05-08 20:00:00+02:00,101_PV_2,0.193088323
2030,sc01,05-08 20:00:00+02:00,118_RTPV_10,0.0
2030,sc01,05-08 20:00:00+02:00,102_PV_2,0.1614492328
2030,sc01,05-08 20:00:00+02:00,101_PV_3,0.18947243680000003
2030,sc01,05-08 20:00:00+02:00,101_CT_1,0.0
2030,sc01,05-08 20:00:00+02:00,123_STEAM_2,0.0
2030,sc01,05-08 20:00:00+02:00,113_CT_3,0.0
2030,sc01,05-08 20:00:00+02:00,113_PV_1,0.005530243600000001
2030,sc01,05-08 20:00:00+02:00,118_RTPV_1,0.0495685312
2030,sc01,05-08 20:00:00+02:00,118_RTPV_8,0.0
2030,sc01,05-08 20:00:00+02:00,123_CT_5,0.0
2030,sc01,05-08 20:00:00+02:00,118_RTPV_6,0.0
2030,sc01,05-08 20:00:00+02:00,118_RTPV_5,0.0
2030,sc01,05-08 20:00:00+02:00,102_STEAM_3,0.0
2030,sc01,05-08 20:00:00+02:00,102_CT_2,0.0
2030,sc01,05-08 20:00:00+02:00,118_RTPV_2,0.0
2030,sc01,05-08 20:00:00+02:00,113_CT_2,0.0
2030,sc01,05-08 20:00:00+02:00,113_CT_4,0.0
2030,sc01,05-08 20:00:00+02:00,118_RTPV_4,0.0
2030,sc01,05-08 20:00:00+02:00,118_RTPV_9,0.0
2030,sc01,05-08 20:00:00+02:00,101_PV_4,0.186579728
2030,sc01,05-08 20:00:00+02:00,115_STEAM_3,6.695679698699214
2030,sc01,05-08 20:00:00+02:00,123_STEAM_3,0.0
2030,sc01,05-13 18:00:00+02:00,113_CT_1,0.0
2030,sc01,05-13 18:00:00+02:00,107_CC_1,12.674861876675081
2030,sc01,05-13 18:00:00+02:00,101_CT_2,0.0
2030,sc01,05-13 18:00:00+02:00,101_STEAM_4,0.0
2030,sc01,05-13 18:00:00+02:00,102_CT_1,0.0
2030,sc01,05-13 18:00:00+02:00,123_CT_1,0.0
2030,sc01,05-13 18:00:00+02:00,118_RTPV_3,0.44444551748000005
2030,sc01,05-13 18:00:00+02:00,104_PV_1,0.044897650484
2030,sc01,05-13 18:00:00+02:00,102_PV_1,1.44555455706
2030,sc01,05-13 18:00:00+02:00,101_PV_1,3.64466888008
2030,sc01,05-13 18:00:00+02:00,101_STEAM_3,0.0
2030,sc01,05-13 18:00:00+02:00,115_STEAM_1,0.0
2030,sc01,05-13 18:00:00+02:00,115_STEAM_2,0.0
2030,sc01,05-13 18:00:00+02:00,123_CT_4,0.0
2030,sc01,05-13 18:00:00+02:00,121_NUCLEAR_1,19.154725200994932
2030,sc01,05-13 18:00:00+02:00,116_STEAM_1,0.0
2030,sc01,05-13 18:00:00+02:00,118_RTPV_7,0.557920968708
2030,sc01,05-13 18:00:00+02:00,119_PV_1,0.9289632622199999
2030,sc01,05-13 18:00:00+02:00,102_STEAM_4,0.0
2030,sc01,05-13 18:00:00+02:00,118_CC_1,0.0
2030,sc01,05-13 18:00:00+02:00,103_PV_1,3.4727189568800005
2030,sc01,05-13 18:00:00+02:00,122_WIND_1,44.273771518400004
2030,sc01,05-13 18:00:00+02:00,101_PV_2,3.7572455234800004
2030,sc01,05-13 18:00:00+02:00,118_RTPV_10,0.212766471308
2030,sc01,05-13 18:00:00+02:00,102_PV_2,1.42861446468
2030,sc01,05-13 18:00:00+02:00,101_PV_3,3.68688512172
2030,sc01,05-13 18:00:00+02:00,101_CT_1,0.0
2030,sc01,05-13 18:00:00+02:00,123_STEAM_2,0.0
2030,sc01,05-13 18:00:00+02:00,113_CT_3,0.0
2030,sc01,05-13 18:00:00+02:00,113_PV_1,4.42554260052
2030,sc01,05-13 18:00:00+02:00,118_RTPV_1,2.7156000000000002
2030,sc01,05-13 18:00:00+02:00,118_RTPV_8,0.52955210612
2030,sc01,05-13 18:00:00+02:00,123_CT_5,0.0
2030,sc01,05-13 18:00:00+02:00,118_RTPV_6,0.45862994892000003
2030,sc01,05-13 18:00:00+02:00,118_RTPV_5,0.43026108603999996
2030,sc01,05-13 18:00:00+02:00,102_STEAM_3,0.0
2030,sc01,05-13 18:00:00+02:00,102_CT_2,0.0
2030,sc01,05-13 18:00:00+02:00,118_RTPV_2,0.45862994892000003
2030,sc01,05-13 18:00:00+02:00,113_CT_2,0.0
2030,sc01,05-13 18:00:00+02:00,113_CT_4,0.0
2030,sc01,05-13 18:00:00+02:00,118_RTPV_4,0.43026108603999996
2030,sc01,05-13 18:00:00+02:00,118_RTPV_9,0.4869988118
2030,sc01,05-13 18:00:00+02:00,101_PV_4,3.63059679856
2030,sc01,05-13 18:00:00+02:00,115_STEAM_3,0.0
2030,sc01,05-13 18:00:00+02:00,123_STEAM_3,0.0
2030,sc01,05-17 12:00:00+02:00,113_CT_1,0.0
2030,sc01,05-17 12:00:00+02:00,107_CC_1,0.0
2030,sc01,05-17 12:00:00+02:00,101_CT_2,0.0
2030,sc01,05-17 12:00:00+02:00,101_STEAM_4,0.0
2030,sc01,05-17 12:00:00+02:00,102_CT_1,0.0
2030,sc01,05-17 12:00:00+02:00,123_CT_1,0.0
2030,sc01,05-17 12:00:00+02:00,118_RTPV_3,0.7376854483280001
2030,sc01,05-17 12:00:00+02:00,104_PV_1,6.243511681519999
2030,sc01,05-17 12:00:00+02:00,102_PV_1,2.8018545437
2030,sc01,05-17 12:00:00+02:00,101_PV_1,4.1745825752000005
2030,sc01,05-17 12:00:00+02:00,101_STEAM_3,0.0
2030,sc01,05-17 12:00:00+02:00,115_STEAM_1,0.0
2030,sc01,05-17 12:00:00+02:00,115_STEAM_2,0.0
2030,sc01,05-17 12:00:00+02:00,123_CT_4,0.0
2030,sc01,05-17 12:00:00+02:00,121_NUCLEAR_1,0.0
2030,sc01,05-17 12:00:00+02:00,116_STEAM_1,0.0
2030,sc01,05-17 12:00:00+02:00,118_RTPV_7,0.9260306690800001
2030,sc01,05-17 12:00:00+02:00,119_PV_1,12.772931310000002
2030,sc01,05-17 12:00:00+02:00,102_STEAM_4,0.0
2030,sc01,05-17 12:00:00+02:00,118_CC_1,0.0
2030,sc01,05-17 12:00:00+02:00,103_PV_1,6.73101775024
2030,sc01,05-17 12:00:00+02:00,122_WIND_1,67.14364730023202
2030,sc01,05-17 12:00:00+02:00,101_PV_2,4.3035272111200005
2030,sc01,05-17 12:00:00+02:00,118_RTPV_10,0.35314728932000006
2030,sc01,05-17 12:00:00+02:00,102_PV_2,2.76902031116
2030,sc01,05-17 12:00:00+02:00,101_PV_3,4.2229368140800005
2030,sc01,05-17 12:00:00+02:00,101_CT_1,0.0
2030,sc01,05-17 12:00:00+02:00,123_STEAM_2,0.0
2030,sc01,05-17 12:00:00+02:00,113_CT_3,0.0
2030,sc01,05-17 12:00:00+02:00,113_PV_1,7.345463613920001
2030,sc01,05-17 12:00:00+02:00,118_RTPV_1,3.0504000000000002
2030,sc01,05-17 12:00:00+02:00,118_RTPV_8,0.87894436422
2030,sc01,05-17 12:00:00+02:00,123_CT_5,0.0
2030,sc01,05-17 12:00:00+02:00,118_RTPV_6,0.761228601168
2030,sc01,05-17 12:00:00+02:00,118_RTPV_5,0.714142295816
2030,sc01,05-17 12:00:00+02:00,102_STEAM_3,0.0
2030,sc01,05-17 12:00:00+02:00,102_CT_2,0.0
2030,sc01,05-17 12:00:00+02:00,118_RTPV_2,0.761228601168
2030,sc01,05-17 12:00:00+02:00,113_CT_2,0.0
2030,sc01,05-17 12:00:00+02:00,113_CT_4,0.0
2030,sc01,05-17 12:00:00+02:00,118_RTPV_4,0.714142295816
2030,sc01,05-17 12:00:00+02:00,118_RTPV_9,0.808314906192
2030,sc01,05-17 12:00:00+02:00,101_PV_4,4.15846449448
2030,sc01,05-17 12:00:00+02:00,115_STEAM_3,0.0
2030,sc01,05-17 12:00:00+02:00,123_STEAM_3,0.0
2030,sc01,05-22 19:00:00+02:00,113_CT_1,0.0
2030,sc01,05-22 19:00:00+02:00,107_CC_1,4.611781500863236
2030,sc01,05-22 19:00:00+02:00,101_CT_2,0.0
2030,sc01,05-22 19:00:00+02:00,101_STEAM_4,0.0
2030,sc01,05-22 19:00:00+02:00,102_CT_1,0.0
2030,sc01,05-22 19:00:00+02:00,123_CT_1,0.0
2030,sc01,05-22 19:00:00+02:00,118_RTPV_3,0.053703456048
2030,sc01,05-22 19:00:00+02:00,104_PV_1,2.3584
2030,sc01,05-22 19:00:00+02:00,102_PV_1,0.143424124536
2030,sc01,05-22 19:00:00+02:00,101_PV_1,0.54919668166
2030,sc01,05-22 19:00:00+02:00,101_STEAM_3,0.0
2030,sc01,05-22 19:00:00+02:00,115_STEAM_1,0.0
2030,sc01,05-22 19:00:00+02:00,115_STEAM_2,0.0
2030,sc01,05-22 19:00:00+02:00,123_CT_4,0.0
2030,sc01,05-22 19:00:00+02:00,121_NUCLEAR_1,2.4046113359493244
2030,sc01,05-22 19:00:00+02:00,116_STEAM_1,0.0
2030,sc01,05-22 19:00:00+02:00,118_RTPV_7,0.067414976728
2030,sc01,05-22 19:00:00+02:00,119_PV_1,0.017493274832
2030,sc01,05-22 19:00:00+02:00,102_STEAM_4,0.0
2030,sc01,05-22 19:00:00+02:00,118_CC_1,0.0
2030,sc01,05-22 19:00:00+02:00,103_PV_1,0.34455404918
2030,sc01,05-22 19:00:00+02:00,122_WIND_1,18.88517800498422
2030,sc01,05-22 19:00:00+02:00,101_PV_2,0.5661602856800001
2030,sc01,05-22 19:00:00+02:00,118_RTPV_10,0.025709101351999997
2030,sc01,05-22 19:00:00+02:00,102_PV_2,0.141743373024
2030,sc01,05-22 19:00:00+02:00,101_PV_3,0.55555803314
2030,sc01,05-22 19:00:00+02:00,101_CT_1,0.0
2030,sc01,05-22 19:00:00+02:00,123_STEAM_2,0.0
2030,sc01,05-22 19:00:00+02:00,113_CT_3,0.0
2030,sc01,05-22 19:00:00+02:00,113_PV_1,0.53474930718
2030,sc01,05-22 19:00:00+02:00,118_RTPV_1,0.8184000000000001
2030,sc01,05-22 19:00:00+02:00,118_RTPV_8,0.06398709662400001
2030,sc01,05-22 19:00:00+02:00,123_CT_5,0.0
2030,sc01,05-22 19:00:00+02:00,118_RTPV_6,0.05541739614400001
2030,sc01,05-22 19:00:00+02:00,118_RTPV_5,0.051989515952
2030,sc01,05-22 19:00:00+02:00,102_STEAM_3,0.0
2030,sc01,05-22 19:00:00+02:00,102_CT_2,0.0
2030,sc01,05-22 19:00:00+02:00,118_RTPV_2,0.05541739614400001
2030,sc01,05-22 19:00:00+02:00,113_CT_2,0.0
2030,sc01,05-22 19:00:00+02:00,113_CT_4,0.0
2030,sc01,05-22 19:00:00+02:00,118_RTPV_4,0.051989515952
2030,sc01,05-22 19:00:00+02:00,118_RTPV_9,0.058845276336
2030,sc01,05-22 19:00:00+02:00,101_PV_4,0.54707623102
2030,sc01,05-22 19:00:00+02:00,115_STEAM_3,0.5978728023712345
2030,sc01,05-22 19:00:00+02:00,123_STEAM_3,0.0
2030,sc01,05-25 00:00:00+02:00,113_CT_1,0.0
2030,sc01,05-25 00:00:00+02:00,107_CC_1,0.0
2030,sc01,05-25 00:00:00+02:00,101_CT_2,0.0
2030,sc01,05-25 00:00:00+02:00,101_STEAM_4,0.0
2030,sc01,05-25 00:00:00+02:00,102_CT_1,0.0
2030,sc01,05-25 00:00:00+02:00,123_CT_1,0.0
2030,sc01,05-25 00:00:00+02:00,118_RTPV_3,41.7736
2030,sc01,05-25 00:00:00+02:00,104_PV_1,119.09920000000001
2030,sc01,05-25 00:00:00+02:00,102_PV_1,113.7664
2030,sc01,05-25 00:00:00+02:00,101_PV_1,8.01671787026
2030,sc01,05-25 00:00:00+02:00,101_STEAM_3,0.0
2030,sc01,05-25 00:00:00+02:00,115_STEAM_1,0.0
2030,sc01,05-25 00:00:00+02:00,115_STEAM_2,0.0
2030,sc01,05-25 00:00:00+02:00,123_CT_4,0.0
2030,sc01,05-25 00:00:00+02:00,121_NUCLEAR_1,0.0
2030,sc01,05-25 00:00:00+02:00,116_STEAM_1,0.0
2030,sc01,05-25 00:00:00+02:00,118_RTPV_7,0.0
2030,sc01,05-25 00:00:00+02:00,119_PV_1,295.9704
2030,sc01,05-25 00:00:00+02:00,102_STEAM_4,0.0
2030,sc01,05-25 00:00:00+02:00,118_CC_1,0.0
2030,sc01,05-25 00:00:00+02:00,103_PV_1,0.0
2030,sc01,05-25 00:00:00+02:00,122_WIND_1,0.0
2030,sc01,05-25 00:00:00+02:00,101_PV_2,8.264338501275999
2030,sc01,05-25 00:00:00+02:00,118_RTPV_10,19.998
2030,sc01,05-25 00:00:00+02:00,102_PV_2,112.4332
2030,sc01,05-25 00:00:00+02:00,101_PV_3,8.10957560578
2030,sc01,05-25 00:00:00+02:00,101_CT_1,0.0
2030,sc01,05-25 00:00:00+02:00,123_STEAM_2,0.0
2030,sc01,05-25 00:00:00+02:00,113_CT_3,0.0
2030,sc01,05-25 00:00:00+02:00,113_PV_1,0.0
2030,sc01,05-25 00:00:00+02:00,118_RTPV_1,41.32920000000001
2030,sc01,05-25 00:00:00+02:00,118_RTPV_8,49.7728
2030,sc01,05-25 00:00:00+02:00,123_CT_5,0.0
2030,sc01,05-25 00:00:00+02:00,118_RTPV_6,43.1068
2030,sc01,05-25 00:00:00+02:00,118_RTPV_5,0.0
2030,sc01,05-25 00:00:00+02:00,102_STEAM_3,0.0
2030,sc01,05-25 00:00:00+02:00,102_CT_2,0.0
2030,sc01,05-25 00:00:00+02:00,118_RTPV_2,43.1068
2030,sc01,05-25 00:00:00+02:00,113_CT_2,0.0
2030,sc01,05-25 00:00:00+02:00,113_CT_4,0.0
2030,sc01,05-25 00:00:00+02:00,118_RTPV_4,35.21335676548812
2030,sc01,05-25 00:00:00+02:00,118_RTPV_9,0.0
2030,sc01,05-25 00:00:00+02:00,101_PV_4,7.985765294716
2030,sc01,05-25 00:00:00+02:00,115_STEAM_3,0.0
2030,sc01,05-25 00:00:00+02:00,123_STEAM_3,0.0
2030,sc01,05-27 19:00:00+02:00,113_CT_1,0.0
2030,sc01,05-27 19:00:00+02:00,107_CC_1,14.274245887783112
2030,sc01,05-27 19:00:00+02:00,101_CT_2,0.0
2030,sc01,05-27 19:00:00+02:00,101_STEAM_4,0.0
2030,sc01,05-27 19:00:00+02:00,102_CT_1,0.0
2030,sc01,05-27 19:00:00+02:00,123_CT_1,0.0
2030,sc01,05-27 19:00:00+02:00,118_RTPV_3,0.131126116176
2030,sc01,05-27 19:00:00+02:00,104_PV_1,7.075200000000001
2030,sc01,05-27 19:00:00+02:00,102_PV_1,0.385935174504
2030,sc01,05-27 19:00:00+02:00,101_PV_1,1.55132862984
2030,sc01,05-27 19:00:00+02:00,101_STEAM_3,0.0
2030,sc01,05-27 19:00:00+02:00,115_STEAM_1,0.0
2030,sc01,05-27 19:00:00+02:00,115_STEAM_2,0.0
2030,sc01,05-27 19:00:00+02:00,123_CT_4,0.0
2030,sc01,05-27 19:00:00+02:00,121_NUCLEAR_1,7.291395741086474
2030,sc01,05-27 19:00:00+02:00,116_STEAM_1,0.0
2030,sc01,05-27 19:00:00+02:00,118_RTPV_7,0.16460512437599997
2030,sc01,05-27 19:00:00+02:00,119_PV_1,0.134414722728
2030,sc01,05-27 19:00:00+02:00,102_STEAM_4,0.0
2030,sc01,05-27 19:00:00+02:00,118_CC_1,0.0
2030,sc01,05-27 19:00:00+02:00,103_PV_1,0.92714895438
2030,sc01,05-27 19:00:00+02:00,122_WIND_1,56.652776850109916
2030,sc01,05-27 19:00:00+02:00,101_PV_2,1.5992461161600002
2030,sc01,05-27 19:00:00+02:00,118_RTPV_10,0.062773140672
2030,sc01,05-27 19:00:00+02:00,102_PV_2,0.38141249652000003
2030,sc01,05-27 19:00:00+02:00,101_PV_3,1.56929768754
2030,sc01,05-27 19:00:00+02:00,101_CT_1,0.0
2030,sc01,05-27 19:00:00+02:00,123_STEAM_2,0.0
2030,sc01,05-27 19:00:00+02:00,113_CT_3,0.0
2030,sc01,05-27 19:00:00+02:00,113_PV_1,1.3056813257400002
2030,sc01,05-27 19:00:00+02:00,118_RTPV_1,2.4552
2030,sc01,05-27 19:00:00+02:00,118_RTPV_8,0.156235372392
2030,sc01,05-27 19:00:00+02:00,123_CT_5,0.0
2030,sc01,05-27 19:00:00+02:00,118_RTPV_6,0.135310992168
2030,sc01,05-27 19:00:00+02:00,118_RTPV_5,0.12694123992
2030,sc01,05-27 19:00:00+02:00,102_STEAM_3,0.0
2030,sc01,05-27 19:00:00+02:00,102_CT_2,0.0
2030,sc01,05-27 19:00:00+02:00,118_RTPV_2,0.135310992168
2030,sc01,05-27 19:00:00+02:00,113_CT_2,0.0
2030,sc01,05-27 19:00:00+02:00,113_CT_4,0.0
2030,sc01,05-27 19:00:00+02:00,118_RTPV_4,0.12694123992
2030,sc01,05-27 19:00:00+02:00,118_RTPV_9,0.143680744152
2030,sc01,05-27 19:00:00+02:00,101_PV_4,1.54533894372
2030,sc01,05-27 19:00:00+02:00,115_STEAM_3,2.1686550905044797
2030,sc01,05-27 19:00:00+02:00,123_STEAM_3,0.0
2030,sc01,05-29 17:00:00+02:00,113_CT_1,0.0
2030,sc01,05-29 17:00:00+02:00,107_CC_1,13.584233781159977
2030,sc01,05-29 17:00:00+02:00,101_CT_2,0.0
2030,sc01,05-29 17:00:00+02:00,101_STEAM_4,0.0
2030,sc01,05-29 17:00:00+02:00,102_CT_1,0.0
2030,sc01,05-29 17:00:00+02:00,123_CT_1,0.0
2030,sc01,05-29 17:00:00+02:00,118_RTPV_3,0.9878266269199999
2030,sc01,05-29 17:00:00+02:00,104_PV_1,0.807283900752
2030,sc01,05-29 17:00:00+02:00,102_PV_1,3.5206240672400004
2030,sc01,05-29 17:00:00+02:00,101_PV_1,6.519277182880001
2030,sc01,05-29 17:00:00+02:00,101_STEAM_3,0.0
2030,sc01,05-29 17:00:00+02:00,115_STEAM_1,0.0
2030,sc01,05-29 17:00:00+02:00,115_STEAM_2,0.0
2030,sc01,05-29 17:00:00+02:00,123_CT_4,0.0
2030,sc01,05-29 17:00:00+02:00,121_NUCLEAR_1,34.496
2030,sc01,05-29 17:00:00+02:00,116_STEAM_1,0.0
2030,sc01,05-29 17:00:00+02:00,118_RTPV_7,1.2400376805600002
2030,sc01,05-29 17:00:00+02:00,119_PV_1,3.1864379324399996
2030,sc01,05-29 17:00:00+02:00,102_STEAM_4,0.0
2030,sc01,05-29 17:00:00+02:00,118_CC_1,0.0
2030,sc01,05-29 17:00:00+02:00,103_PV_1,8.45774922496
2030,sc01,05-29 17:00:00+02:00,122_WIND_1,32.564115269000006
2030,sc01,05-29 17:00:00+02:00,101_PV_2,6.7206448192799995
2030,sc01,05-29 17:00:00+02:00,118_RTPV_10,0.47289572562400006
2030,sc01,05-29 17:00:00+02:00,102_PV_2,3.4793667542200004
2030,sc01,05-29 17:00:00+02:00,101_PV_3,6.594790044080001
2030,sc01,05-29 17:00:00+02:00,101_CT_1,0.0
2030,sc01,05-29 17:00:00+02:00,123_STEAM_2,0.0
2030,sc01,05-29 17:00:00+02:00,113_CT_3,0.0
2030,sc01,05-29 17:00:00+02:00,113_PV_1,9.83623109
2030,sc01,05-29 17:00:00+02:00,118_RTPV_1,3.6456000000000004
2030,sc01,05-29 17:00:00+02:00,118_RTPV_8,1.17698491666
2030,sc01,05-29 17:00:00+02:00,123_CT_5,0.0
2030,sc01,05-29 17:00:00+02:00,118_RTPV_6,1.01935300838
2030,sc01,05-29 17:00:00+02:00,118_RTPV_5,0.9563002448719999
2030,sc01,05-29 17:00:00+02:00,102_STEAM_3,0.0
2030,sc01,05-29 17:00:00+02:00,102_CT_2,0.0
2030,sc01,05-29 17:00:00+02:00,118_RTPV_2,1.01935300838
2030,sc01,05-29 17:00:00+02:00,113_CT_2,0.0
2030,sc01,05-29 17:00:00+02:00,113_CT_4,0.0
2030,sc01,05-29 17:00:00+02:00,118_RTPV_4,0.9563002448719999
2030,sc01,05-29 17:00:00+02:00,118_RTPV_9,1.0824057713000002
2030,sc01,05-29 17:00:00+02:00,101_PV_4,6.49410622784
2030,sc01,05-29 17:00:00+02:00,115_STEAM_3,0.0
2030,sc01,05-29 17:00:00+02:00,123_STEAM_3,0.0
2030,sc01,06-09 19:00:00+02:00,113_CT_1,0.0
2030,sc01,06-09 19:00:00+02:00,107_CC_1,10.722427338984005
2030,sc01,06-09 19:00:00+02:00,101_CT_2,0.0
2030,sc01,06-09 19:00:00+02:00,101_STEAM_4,0.0
2030,sc01,06-09 19:00:00+02:00,102_CT_1,0.0
2030,sc01,06-09 19:00:00+02:00,123_CT_1,0.0
2030,sc01,06-09 19:00:00+02:00,118_RTPV_3,0.15064645465200002
2030,sc01,06-09 19:00:00+02:00,104_PV_1,13.1856
2030,sc01,06-09 19:00:00+02:00,102_PV_1,0.715486986756
2030,sc01,06-09 19:00:00+02:00,101_PV_1,3.53505062823
2030,sc01,06-09 19:00:00+02:00,101_STEAM_3,0.0
2030,sc01,06-09 19:00:00+02:00,115_STEAM_1,0.0
2030,sc01,06-09 19:00:00+02:00,115_STEAM_2,0.0
2030,sc01,06-09 19:00:00+02:00,123_CT_4,0.0
2030,sc01,06-09 19:00:00+02:00,121_NUCLEAR_1,43.29600000000001
2030,sc01,06-09 19:00:00+02:00,116_STEAM_1,0.0
2030,sc01,06-09 19:00:00+02:00,118_RTPV_7,0.189109379244
2030,sc01,06-09 19:00:00+02:00,119_PV_1,0.751887082776
2030,sc01,06-09 19:00:00+02:00,102_STEAM_4,0.0
2030,sc01,06-09 19:00:00+02:00,118_CC_1,0.0
2030,sc01,06-09 19:00:00+02:00,103_PV_1,1.71884569083
2030,sc01,06-09 19:00:00+02:00,122_WIND_1,33.668731698
2030,sc01,06-09 19:00:00+02:00,101_PV_2,3.6442413813300005
2030,sc01,06-09 19:00:00+02:00,118_RTPV_10,0.072117983856
2030,sc01,06-09 19:00:00+02:00,102_PV_2,0.707102373924
2030,sc01,06-09 19:00:00+02:00,101_PV_3,3.5759971609499996
2030,sc01,06-09 19:00:00+02:00,101_CT_1,0.0
2030,sc01,06-09 19:00:00+02:00,123_STEAM_2,0.0
2030,sc01,06-09 19:00:00+02:00,113_CT_3,0.0
2030,sc01,06-09 19:00:00+02:00,113_PV_1,1.50005405958
2030,sc01,06-09 19:00:00+02:00,118_RTPV_1,4.5756000000000006
2030,sc01,06-09 19:00:00+02:00,118_RTPV_8,0.17949364809600002
2030,sc01,06-09 19:00:00+02:00,123_CT_5,0.0
2030,sc01,06-09 19:00:00+02:00,118_RTPV_6,0.155454320472
2030,sc01,06-09 19:00:00+02:00,118_RTPV_5,0.145838589324
2030,sc01,06-09 19:00:00+02:00,102_STEAM_3,0.0
2030,sc01,06-09 19:00:00+02:00,102_CT_2,0.0
2030,sc01,06-09 19:00:00+02:00,118_RTPV_2,0.155454320472
2030,sc01,06-09 19:00:00+02:00,113_CT_2,0.0
2030,sc01,06-09 19:00:00+02:00,113_CT_4,0.0
2030,sc01,06-09 19:00:00+02:00,118_RTPV_4,0.145838589324
2030,sc01,06-09 19:00:00+02:00,118_RTPV_9,0.16507005162
2030,sc01,06-09 19:00:00+02:00,101_PV_4,3.5214017844
2030,sc01,06-09 19:00:00+02:00,115_STEAM_3,0.0
2030,sc01,06-09 19:00:00+02:00,123_STEAM_3,0.0
2030,sc01,06-11 05:00:00+02:00,113_CT_1,0.0
2030,sc01,06-11 05:00:00+02:00,107_CC_1,0.0
2030,sc01,06-11 05:00:00+02:00,101_CT_2,0.0
2030,sc01,06-11 05:00:00+02:00,101_STEAM_4,0.0
2030,sc01,06-11 05:00:00+02:00,102_CT_1,0.0
2030,sc01,06-11 05:00:00+02:00,123_CT_1,0.0
2030,sc01,06-11 05:00:00+02:00,118_RTPV_3,0.07560210108
2030,sc01,06-11 05:00:00+02:00,104_PV_1,0.6030695770000001
2030,sc01,06-11 05:00:00+02:00,102_PV_1,0.15282898334
2030,sc01,06-11 05:00:00+02:00,101_PV_1,0.45090871143999994
2030,sc01,06-11 05:00:00+02:00,101_STEAM_3,0.0
2030,sc01,06-11 05:00:00+02:00,115_STEAM_1,0.0
2030,sc01,06-11 05:00:00+02:00,115_STEAM_2,0.0
2030,sc01,06-11 05:00:00+02:00,123_CT_4,0.0
2030,sc01,06-11 05:00:00+02:00,121_NUCLEAR_1,1.5576998901199746
2030,sc01,06-11 05:00:00+02:00,116_STEAM_1,0.0
2030,sc01,06-11 05:00:00+02:00,118_RTPV_7,0.09490476534
2030,sc01,06-11 05:00:00+02:00,119_PV_1,1.16618947115
2030,sc01,06-11 05:00:00+02:00,102_STEAM_4,0.0
2030,sc01,06-11 05:00:00+02:00,118_CC_1,0.0
2030,sc01,06-11 05:00:00+02:00,103_PV_1,0.36714775284
2030,sc01,06-11 05:00:00+02:00,122_WIND_1,46.601525783999996
2030,sc01,06-11 05:00:00+02:00,101_PV_2,0.46483639378
2030,sc01,06-11 05:00:00+02:00,118_RTPV_10,0.036192495240000004
2030,sc01,06-11 05:00:00+02:00,102_PV_2,0.15103801856000001
2030,sc01,06-11 05:00:00+02:00,101_PV_3,0.4561315924
2030,sc01,06-11 05:00:00+02:00,101_CT_1,0.0
2030,sc01,06-11 05:00:00+02:00,123_STEAM_2,0.0
2030,sc01,06-11 05:00:00+02:00,113_CT_3,0.0
2030,sc01,06-11 05:00:00+02:00,113_PV_1,0.7528039013
2030,sc01,06-11 05:00:00+02:00,118_RTPV_1,2.0460000000000003
2030,sc01,06-11 05:00:00+02:00,118_RTPV_8,0.09007909922
2030,sc01,06-11 05:00:00+02:00,123_CT_5,0.0
2030,sc01,06-11 05:00:00+02:00,118_RTPV_6,0.07801493414
2030,sc01,06-11 05:00:00+02:00,118_RTPV_5,0.07318926824
2030,sc01,06-11 05:00:00+02:00,102_STEAM_3,0.0
2030,sc01,06-11 05:00:00+02:00,102_CT_2,0.0
2030,sc01,06-11 05:00:00+02:00,118_RTPV_2,0.07801493414
2030,sc01,06-11 05:00:00+02:00,113_CT_2,0.0
2030,sc01,06-11 05:00:00+02:00,113_CT_4,0.0
2030,sc01,06-11 05:00:00+02:00,118_RTPV_4,0.07318926824
2030,sc01,06-11 05:00:00+02:00,118_RTPV_9,0.08284060026000001
2030,sc01,06-11 05:00:00+02:00,101_PV_4,0.44916775111999996
2030,sc01,06-11 05:00:00+02:00,115_STEAM_3,0.0
2030,sc01,06-11 05:00:00+02:00,123_STEAM_3,0.0
2030,sc01,06-13 17:00:00+02:00,113_CT_1,0.0
2030,sc01,06-13 17:00:00+02:00,107_CC_1,0.0
2030,sc01,06-13 17:00:00+02:00,101_CT_2,0.0
2030,sc01,06-13 17:00:00+02:00,101_STEAM_4,0.0
2030,sc01,06-13 17:00:00+02:00,102_CT_1,0.0
2030,sc01,06-13 17:00:00+02:00,123_CT_1,0.0
2030,sc01,06-13 17:00:00+02:00,118_RTPV_3,0.43618052244
2030,sc01,06-13 17:00:00+02:00,104_PV_1,0.42841038356800004
2030,sc01,06-13 17:00:00+02:00,102_PV_1,1.7463116174400004
2030,sc01,06-13 17:00:00+02:00,101_PV_1,2.28681493696
2030,sc01,06-13 17:00:00+02:00,101_STEAM_3,0.0
2030,sc01,06-13 17:00:00+02:00,115_STEAM_1,0.0
2030,sc01,06-13 17:00:00+02:00,115_STEAM_2,0.0
2030,sc01,06-13 17:00:00+02:00,123_CT_4,0.0
2030,sc01,06-13 17:00:00+02:00,121_NUCLEAR_1,7.66833388961003
2030,sc01,06-13 17:00:00+02:00,116_STEAM_1,0.0
2030,sc01,06-13 17:00:00+02:00,118_RTPV_7,0.54754576191
2030,sc01,06-13 17:00:00+02:00,119_PV_1,1.87674294296
2030,sc01,06-13 17:00:00+02:00,102_STEAM_4,0.0
2030,sc01,06-13 17:00:00+02:00,118_CC_1,0.0
2030,sc01,06-13 17:00:00+02:00,103_PV_1,4.1952407976399995
2030,sc01,06-13 17:00:00+02:00,122_WIND_1,30.105872269200002
2030,sc01,06-13 17:00:00+02:00,101_PV_2,2.35745014772
2030,sc01,06-13 17:00:00+02:00,118_RTPV_10,0.20880982457599997
2030,sc01,06-13 17:00:00+02:00,102_PV_2,1.7258470282
2030,sc01,06-13 17:00:00+02:00,101_PV_3,2.31330314164
2030,sc01,06-13 17:00:00+02:00,101_CT_1,0.0
2030,sc01,06-13 17:00:00+02:00,123_STEAM_2,0.0
2030,sc01,06-13 17:00:00+02:00,113_CT_3,0.0
2030,sc01,06-13 17:00:00+02:00,113_PV_1,4.3432443518
2030,sc01,06-13 17:00:00+02:00,118_RTPV_1,1.5996000000000001
2030,sc01,06-13 17:00:00+02:00,118_RTPV_8,0.51970445215
2030,sc01,06-13 17:00:00+02:00,123_CT_5,0.0
2030,sc01,06-13 17:00:00+02:00,118_RTPV_6,0.45010117732000005
2030,sc01,06-13 17:00:00+02:00,118_RTPV_5,0.422259867388
2030,sc01,06-13 17:00:00+02:00,102_STEAM_3,0.0
2030,sc01,06-13 17:00:00+02:00,102_CT_2,0.0
2030,sc01,06-13 17:00:00+02:00,118_RTPV_2,0.45010117732000005
2030,sc01,06-13 17:00:00+02:00,113_CT_2,0.0
2030,sc01,06-13 17:00:00+02:00,113_CT_4,0.0
2030,sc01,06-13 17:00:00+02:00,118_RTPV_4,0.422259867388
2030,sc01,06-13 17:00:00+02:00,118_RTPV_9,0.47794248708000003
2030,sc01,06-13 17:00:00+02:00,101_PV_4,2.2779855354
2030,sc01,06-13 17:00:00+02:00,115_STEAM_3,0.0
2030,sc01,06-13 17:00:00+02:00,123_STEAM_3,0.0
2030,sc01,06-15 06:00:00+02:00,113_CT_1,0.0
2030,sc01,06-15 06:00:00+02:00,107_CC_1,0.0
2030,sc01,06-15 06:00:00+02:00,101_CT_2,0.0
2030,sc01,06-15 06:00:00+02:00,101_STEAM_4,0.0
2030,sc01,06-15 06:00:00+02:00,102_CT_1,0.0
2030,sc01,06-15 06:00:00+02:00,123_CT_1,0.0
2030,sc01,06-15 06:00:00+02:00,118_RTPV_3,0.048151387272
2030,sc01,06-15 06:00:00+02:00,104_PV_1,1.3067713416
2030,sc01,06-15 06:00:00+02:00,102_PV_1,0.29477214918
2030,sc01,06-15 06:00:00+02:00,101_PV_1,0.30895767804
2030,sc01,06-15 06:00:00+02:00,101_STEAM_3,0.0
2030,sc01,06-15 06:00:00+02:00,115_STEAM_1,0.0
2030,sc01,06-15 06:00:00+02:00,115_STEAM_2,0.0
2030,sc01,06-15 06:00:00+02:00,123_CT_4,0.0
2030,sc01,06-15 06:00:00+02:00,121_NUCLEAR_1,13.994830867365994
2030,sc01,06-15 06:00:00+02:00,116_STEAM_1,0.0
2030,sc01,06-15 06:00:00+02:00,118_RTPV_7,0.060445358516
2030,sc01,06-15 06:00:00+02:00,119_PV_1,2.18628998588
2030,sc01,06-15 06:00:00+02:00,102_STEAM_4,0.0
2030,sc01,06-15 06:00:00+02:00,118_CC_1,0.0
2030,sc01,06-15 06:00:00+02:00,103_PV_1,0.70814403026
2030,sc01,06-15 06:00:00+02:00,122_WIND_1,18.116958711600002
2030,sc01,06-15 06:00:00+02:00,101_PV_2,0.318500772272
2030,sc01,06-15 06:00:00+02:00,118_RTPV_10,0.023051196104
2030,sc01,06-15 06:00:00+02:00,102_PV_2,0.29131778804
2030,sc01,06-15 06:00:00+02:00,101_PV_3,0.31253633842
2030,sc01,06-15 06:00:00+02:00,101_CT_1,0.0
2030,sc01,06-15 06:00:00+02:00,123_STEAM_2,0.0
2030,sc01,06-15 06:00:00+02:00,113_CT_3,0.0
2030,sc01,06-15 06:00:00+02:00,113_PV_1,0.47946487714
2030,sc01,06-15 06:00:00+02:00,118_RTPV_1,1.5996000000000001
2030,sc01,06-15 06:00:00+02:00,118_RTPV_8,0.057371865576000006
2030,sc01,06-15 06:00:00+02:00,123_CT_5,0.0
2030,sc01,06-15 06:00:00+02:00,118_RTPV_6,0.049688133656
2030,sc01,06-15 06:00:00+02:00,118_RTPV_5,0.046614640888
2030,sc01,06-15 06:00:00+02:00,102_STEAM_3,0.0
2030,sc01,06-15 06:00:00+02:00,102_CT_2,0.0
2030,sc01,06-15 06:00:00+02:00,118_RTPV_2,0.049688133656
2030,sc01,06-15 06:00:00+02:00,113_CT_2,0.0
2030,sc01,06-15 06:00:00+02:00,113_CT_4,0.0
2030,sc01,06-15 06:00:00+02:00,118_RTPV_4,0.046614640888
2030,sc01,06-15 06:00:00+02:00,118_RTPV_9,0.052761626423999994
2030,sc01,06-15 06:00:00+02:00,101_PV_4,0.307764791132
2030,sc01,06-15 06:00:00+02:00,115_STEAM_3,0.0
2030,sc01,06-15 06:00:00+02:00,123_STEAM_3,0.0
2030,sc01,06-19 04:00:00+02:00,113_CT_1,0.0
2030,sc01,06-19 04:00:00+02:00,107_CC_1,10.395097904330752
2030,sc01,06-19 04:00:00+02:00,101_CT_2,0.0
2030,sc01,06-19 04:00:00+02:00,101_STEAM_4,0.0
2030,sc01,06-19 04:00:00+02:00,102_CT_1,0.0
2030,sc01,06-19 04:00:00+02:00,123_CT_1,0.0
2030,sc01,06-19 04:00:00+02:00,118_RTPV_3,0.010962234427999998
2030,sc01,06-19 04:00:00+02:00,104_PV_1,0.106699068664
2030,sc01,06-19 04:00:00+02:00,102_PV_1,0.125744207212
2030,sc01,06-19 04:00:00+02:00,101_PV_1,0.41639585243599997
2030,sc01,06-19 04:00:00+02:00,101_STEAM_3,0.0
2030,sc01,06-19 04:00:00+02:00,115_STEAM_1,0.0
2030,sc01,06-19 04:00:00+02:00,115_STEAM_2,0.0
2030,sc01,06-19 04:00:00+02:00,123_CT_4,0.0
2030,sc01,06-19 04:00:00+02:00,121_NUCLEAR_1,24.992
2030,sc01,06-19 04:00:00+02:00,116_STEAM_1,0.0
2030,sc01,06-19 04:00:00+02:00,118_RTPV_7,0.013761102992
2030,sc01,06-19 04:00:00+02:00,119_PV_1,0.4490783764760001
2030,sc01,06-19 04:00:00+02:00,102_STEAM_4,0.0
2030,sc01,06-19 04:00:00+02:00,118_CC_1,14.96516555682124
2030,sc01,06-19 04:00:00+02:00,103_PV_1,0.30208081030000006
2030,sc01,06-19 04:00:00+02:00,122_WIND_1,7.1307093034
2030,sc01,06-19 04:00:00+02:00,101_PV_2,0.42925750044800004
2030,sc01,06-19 04:00:00+02:00,118_RTPV_10,0.0052478783799999994
2030,sc01,06-19 04:00:00+02:00,102_PV_2,0.124270642256
2030,sc01,06-19 04:00:00+02:00,101_PV_3,0.421218970476
2030,sc01,06-19 04:00:00+02:00,101_CT_1,0.0
2030,sc01,06-19 04:00:00+02:00,123_STEAM_2,0.0
2030,sc01,06-19 04:00:00+02:00,113_CT_3,0.0
2030,sc01,06-19 04:00:00+02:00,113_PV_1,0.109155867464
2030,sc01,06-19 04:00:00+02:00,118_RTPV_1,0.97838293159
2030,sc01,06-19 04:00:00+02:00,118_RTPV_8,0.01306138578
2030,sc01,06-19 04:00:00+02:00,123_CT_5,0.0
2030,sc01,06-19 04:00:00+02:00,118_RTPV_6,0.011312093176
2030,sc01,06-19 04:00:00+02:00,118_RTPV_5,0.010612375964
2030,sc01,06-19 04:00:00+02:00,102_STEAM_3,0.0
2030,sc01,06-19 04:00:00+02:00,102_CT_2,0.0
2030,sc01,06-19 04:00:00+02:00,118_RTPV_2,0.011312093176
2030,sc01,06-19 04:00:00+02:00,113_CT_2,0.0
2030,sc01,06-19 04:00:00+02:00,113_CT_4,0.0
2030,sc01,06-19 04:00:00+02:00,118_RTPV_4,0.010612375964
2030,sc01,06-19 04:00:00+02:00,118_RTPV_9,0.012011810103999999
2030,sc01,06-19 04:00:00+02:00,101_PV_4,0.41478814661200003
2030,sc01,06-19 04:00:00+02:00,115_STEAM_3,0.0
2030,sc01,06-19 04:00:00+02:00,123_STEAM_3,0.0
2030,sc01,06-21 07:00:00+02:00,113_CT_1,0.0
2030,sc01,06-21 07:00:00+02:00,107_CC_1,3.3936265803002916
2030,sc01,06-21 07:00:00+02:00,101_CT_2,0.0
2030,sc01,06-21 07:00:00+02:00,101_STEAM_4,0.0
2030,sc01,06-21 07:00:00+02:00,102_CT_1,0.0
2030,sc01,06-21 07:00:00+02:00,123_CT_1,0.0
2030,sc01,06-21 07:00:00+02:00,118_RTPV_3,0.72197881524
2030,sc01,06-21 07:00:00+02:00,104_PV_1,2.9695401878400003
2030,sc01,06-21 07:00:00+02:00,102_PV_1,1.09075008456
2030,sc01,06-21 07:00:00+02:00,101_PV_1,0.8132937769799999
2030,sc01,06-21 07:00:00+02:00,101_STEAM_3,0.0
2030,sc01,06-21 07:00:00+02:00,115_STEAM_1,0.0
2030,sc01,06-21 07:00:00+02:00,115_STEAM_2,0.0
2030,sc01,06-21 07:00:00+02:00,123_CT_4,0.0
2030,sc01,06-21 07:00:00+02:00,121_NUCLEAR_1,19.008000000000003
2030,sc01,06-21 07:00:00+02:00,116_STEAM_1,0.0
2030,sc01,06-21 07:00:00+02:00,118_RTPV_7,0.9063138319199999
2030,sc01,06-21 07:00:00+02:00,119_PV_1,4.56322711752
2030,sc01,06-21 07:00:00+02:00,102_STEAM_4,0.0
2030,sc01,06-21 07:00:00+02:00,118_CC_1,15.062495394695716
2030,sc01,06-21 07:00:00+02:00,103_PV_1,2.6203566484800005
2030,sc01,06-21 07:00:00+02:00,122_WIND_1,8.465596659000001
2030,sc01,06-21 07:00:00+02:00,101_PV_2,0.83841482052
2030,sc01,06-21 07:00:00+02:00,118_RTPV_10,0.345628156464
2030,sc01,06-21 07:00:00+02:00,102_PV_2,1.07796785688
2030,sc01,06-21 07:00:00+02:00,101_PV_3,0.82271416824
2030,sc01,06-21 07:00:00+02:00,101_CT_1,0.0
2030,sc01,06-21 07:00:00+02:00,123_STEAM_2,0.0
2030,sc01,06-21 07:00:00+02:00,113_CT_3,0.0
2030,sc01,06-21 07:00:00+02:00,113_PV_1,7.1890656516
2030,sc01,06-21 07:00:00+02:00,118_RTPV_1,2.0088000000000004
2030,sc01,06-21 07:00:00+02:00,118_RTPV_8,0.86023007802
2030,sc01,06-21 07:00:00+02:00,123_CT_5,0.0
2030,sc01,06-21 07:00:00+02:00,118_RTPV_6,0.7450206924600001
2030,sc01,06-21 07:00:00+02:00,118_RTPV_5,0.69893693856
2030,sc01,06-21 07:00:00+02:00,102_STEAM_3,0.0
2030,sc01,06-21 07:00:00+02:00,102_CT_2,0.0
2030,sc01,06-21 07:00:00+02:00,118_RTPV_2,0.7450206924600001
2030,sc01,06-21 07:00:00+02:00,113_CT_2,0.0
2030,sc01,06-21 07:00:00+02:00,113_CT_4,0.0
2030,sc01,06-21 07:00:00+02:00,118_RTPV_4,0.69893693856
2030,sc01,06-21 07:00:00+02:00,118_RTPV_9,0.7911044468999999
2030,sc01,06-21 07:00:00+02:00,101_PV_4,0.8101536462000001
2030,sc01,06-21 07:00:00+02:00,115_STEAM_3,0.0
2030,sc01,06-21 07:00:00+02:00,123_STEAM_3,0.0
2030,sc01,06-24 09:00:00+02:00,113_CT_1,0.0
2030,sc01,06-24 09:00:00+02:00,107_CC_1,0.0
2030,sc01,06-24 09:00:00+02:00,101_CT_2,0.0
2030,sc01,06-24 09:00:00+02:00,101_STEAM_4,0.0
2030,sc01,06-24 09:00:00+02:00,102_CT_1,0.0
2030,sc01,06-24 09:00:00+02:00,123_CT_1,0.0
2030,sc01,06-24 09:00:00+02:00,118_RTPV_3,4.5211867986000005
2030,sc01,06-24 09:00:00+02:00,104_PV_1,15.651422628799999
2030,sc01,06-24 09:00:00+02:00,102_PV_1,10.8969661482
2030,sc01,06-24 09:00:00+02:00,101_PV_1,6.76263277005
2030,sc01,06-24 09:00:00+02:00,101_STEAM_3,0.0
2030,sc01,06-24 09:00:00+02:00,115_STEAM_1,0.0
2030,sc01,06-24 09:00:00+02:00,115_STEAM_2,0.0
2030,sc01,06-24 09:00:00+02:00,123_CT_4,0.0
2030,sc01,06-24 09:00:00+02:00,121_NUCLEAR_1,0.0
2030,sc01,06-24 09:00:00+02:00,116_STEAM_1,0.0
2030,sc01,06-24 09:00:00+02:00,118_RTPV_7,5.6755323641999995
2030,sc01,06-24 09:00:00+02:00,119_PV_1,36.2662979735
2030,sc01,06-24 09:00:00+02:00,102_STEAM_4,0.0
2030,sc01,06-24 09:00:00+02:00,118_CC_1,0.0
2030,sc01,06-24 09:00:00+02:00,103_PV_1,26.1782585185
2030,sc01,06-24 09:00:00+02:00,122_WIND_1,80.89183689215004
2030,sc01,06-24 09:00:00+02:00,101_PV_2,6.97151718025
2030,sc01,06-24 09:00:00+02:00,118_RTPV_10,2.1643979355
2030,sc01,06-24 09:00:00+02:00,102_PV_2,10.769267323000001
2030,sc01,06-24 09:00:00+02:00,101_PV_3,6.8409644248
2030,sc01,06-24 09:00:00+02:00,101_CT_1,0.0
2030,sc01,06-24 09:00:00+02:00,123_STEAM_2,0.0
2030,sc01,06-24 09:00:00+02:00,113_CT_3,0.0
2030,sc01,06-24 09:00:00+02:00,113_PV_1,45.019477051
2030,sc01,06-24 09:00:00+02:00,118_RTPV_1,6.882000000000001
2030,sc01,06-24 09:00:00+02:00,118_RTPV_8,5.3869459728
2030,sc01,06-24 09:00:00+02:00,123_CT_5,0.0
2030,sc01,06-24 09:00:00+02:00,118_RTPV_6,4.6654799943
2030,sc01,06-24 09:00:00+02:00,118_RTPV_5,4.3768936029
2030,sc01,06-24 09:00:00+02:00,102_STEAM_3,0.0
2030,sc01,06-24 09:00:00+02:00,102_CT_2,0.0
2030,sc01,06-24 09:00:00+02:00,118_RTPV_2,4.6654799943
2030,sc01,06-24 09:00:00+02:00,113_CT_2,0.0
2030,sc01,06-24 09:00:00+02:00,113_CT_4,0.0
2030,sc01,06-24 09:00:00+02:00,118_RTPV_4,4.3768936029
2030,sc01,06-24 09:00:00+02:00,118_RTPV_9,4.9540663857
2030,sc01,06-24 09:00:00+02:00,101_PV_4,6.736522219699999
2030,sc01,06-24 09:00:00+02:00,115_STEAM_3,0.0
2030,sc01,06-24 09:00:00+02:00,123_STEAM_3,0.0
2030,sc01,06-25 19:00:00+02:00,113_CT_1,0.0
2030,sc01,06-25 19:00:00+02:00,107_CC_1,26.747878489374283
2030,sc01,06-25 19:00:00+02:00,101_CT_2,0.0
2030,sc01,06-25 19:00:00+02:00,101_STEAM_4,0.0
2030,sc01,06-25 19:00:00+02:00,102_CT_1,0.0
2030,sc01,06-25 19:00:00+02:00,123_CT_1,0.0
2030,sc01,06-25 19:00:00+02:00,118_RTPV_3,0.310044007188
2030,sc01,06-25 19:00:00+02:00,104_PV_1,12.1136
2030,sc01,06-25 19:00:00+02:00,102_PV_1,0.8919502612720001
2030,sc01,06-25 19:00:00+02:00,101_PV_1,3.6379904531400005
2030,sc01,06-25 19:00:00+02:00,101_STEAM_3,0.0
2030,sc01,06-25 19:00:00+02:00,115_STEAM_1,0.0
2030,sc01,06-25 19:00:00+02:00,115_STEAM_2,0.0
2030,sc01,06-25 19:00:00+02:00,123_CT_4,0.0
2030,sc01,06-25 19:00:00+02:00,121_NUCLEAR_1,39.776
2030,sc01,06-25 19:00:00+02:00,116_STEAM_1,0.0
2030,sc01,06-25 19:00:00+02:00,118_RTPV_7,0.38920417923600004
2030,sc01,06-25 19:00:00+02:00,119_PV_1,0.8876862320360001
2030,sc01,06-25 19:00:00+02:00,102_STEAM_4,0.0
2030,sc01,06-25 19:00:00+02:00,118_CC_1,38.791205
2030,sc01,06-25 19:00:00+02:00,103_PV_1,2.1427711354600003
2030,sc01,06-25 19:00:00+02:00,122_WIND_1,15.645440515399999
2030,sc01,06-25 19:00:00+02:00,101_PV_2,3.75036081375
2030,sc01,06-25 19:00:00+02:00,118_RTPV_10,0.148425322816
2030,sc01,06-25 19:00:00+02:00,102_PV_2,0.881497719236
2030,sc01,06-25 19:00:00+02:00,101_PV_3,3.68012933851
2030,sc01,06-25 19:00:00+02:00,101_CT_1,0.0
2030,sc01,06-25 19:00:00+02:00,123_STEAM_2,23.883175362509725
2030,sc01,06-25 19:00:00+02:00,113_CT_3,0.0
2030,sc01,06-25 19:00:00+02:00,113_PV_1,3.08724670942
2030,sc01,06-25 19:00:00+02:00,118_RTPV_1,4.203600000000001
2030,sc01,06-25 19:00:00+02:00,118_RTPV_8,0.369414136224
2030,sc01,06-25 19:00:00+02:00,123_CT_5,0.0
2030,sc01,06-25 19:00:00+02:00,118_RTPV_6,0.31993902892
2030,sc01,06-25 19:00:00+02:00,118_RTPV_5,0.300148985908
2030,sc01,06-25 19:00:00+02:00,102_STEAM_3,0.0
2030,sc01,06-25 19:00:00+02:00,102_CT_2,0.0
2030,sc01,06-25 19:00:00+02:00,118_RTPV_2,0.31993902892
2030,sc01,06-25 19:00:00+02:00,113_CT_2,0.0
2030,sc01,06-25 19:00:00+02:00,113_CT_4,0.0
2030,sc01,06-25 19:00:00+02:00,118_RTPV_4,0.300148985908
2030,sc01,06-25 19:00:00+02:00,118_RTPV_9,0.33972907193199997
2030,sc01,06-25 19:00:00+02:00,101_PV_4,3.6239441576399996
2030,sc01,06-25 19:00:00+02:00,115_STEAM_3,0.0
2030,sc01,06-25 19:00:00+02:00,123_STEAM_3,0.0
2030,sc01,07-01 20:00:00+02:00,113_CT_1,0.0
2030,sc01,07-01 20:00:00+02:00,107_CC_1,9.688800760067235
2030,sc01,07-01 20:00:00+02:00,101_CT_2,0.0
2030,sc01,07-01 20:00:00+02:00,101_STEAM_4,0.0
2030,sc01,07-01 20:00:00+02:00,102_CT_1,0.0
2030,sc01,07-01 20:00:00+02:00,123_CT_1,0.0
2030,sc01,07-01 20:00:00+02:00,118_RTPV_3,0.021218850863999997
2030,sc01,07-01 20:00:00+02:00,104_PV_1,4.6096
2030,sc01,07-01 20:00:00+02:00,102_PV_1,0.114232415744
2030,sc01,07-01 20:00:00+02:00,101_PV_1,0.6911937777000001
2030,sc01,07-01 20:00:00+02:00,101_STEAM_3,0.0
2030,sc01,07-01 20:00:00+02:00,115_STEAM_1,0.0
2030,sc01,07-01 20:00:00+02:00,115_STEAM_2,0.0
2030,sc01,07-01 20:00:00+02:00,123_CT_4,0.0
2030,sc01,07-01 20:00:00+02:00,121_NUCLEAR_1,6.777787567407946
2030,sc01,07-01 20:00:00+02:00,116_STEAM_1,0.0
2030,sc01,07-01 20:00:00+02:00,118_RTPV_7,0.026636429808
2030,sc01,07-01 20:00:00+02:00,119_PV_1,0.188052698596
2030,sc01,07-01 20:00:00+02:00,102_STEAM_4,0.0
2030,sc01,07-01 20:00:00+02:00,118_CC_1,0.0
2030,sc01,07-01 20:00:00+02:00,103_PV_1,0.274425530096
2030,sc01,07-01 20:00:00+02:00,122_WIND_1,37.06278260213138
2030,sc01,07-01 20:00:00+02:00,101_PV_2,0.71254339251
2030,sc01,07-01 20:00:00+02:00,118_RTPV_10,0.010157960519999999
2030,sc01,07-01 20:00:00+02:00,102_PV_2,0.11289375470800002
2030,sc01,07-01 20:00:00+02:00,101_PV_3,0.6991998832
2030,sc01,07-01 20:00:00+02:00,101_CT_1,0.0
2030,sc01,07-01 20:00:00+02:00,123_STEAM_2,0.0
2030,sc01,07-01 20:00:00+02:00,113_CT_3,0.0
2030,sc01,07-01 20:00:00+02:00,113_PV_1,0.21128557881600002
2030,sc01,07-01 20:00:00+02:00,118_RTPV_1,1.5996000000000001
2030,sc01,07-01 20:00:00+02:00,118_RTPV_8,0.025282035072000004
2030,sc01,07-01 20:00:00+02:00,123_CT_5,0.0
2030,sc01,07-01 20:00:00+02:00,118_RTPV_6,0.021896048232000004
2030,sc01,07-01 20:00:00+02:00,118_RTPV_5,0.020541653496
2030,sc01,07-01 20:00:00+02:00,102_STEAM_3,0.0
2030,sc01,07-01 20:00:00+02:00,102_CT_2,0.0
2030,sc01,07-01 20:00:00+02:00,118_RTPV_2,0.021896048232000004
2030,sc01,07-01 20:00:00+02:00,113_CT_2,0.0
2030,sc01,07-01 20:00:00+02:00,113_CT_4,0.0
2030,sc01,07-01 20:00:00+02:00,118_RTPV_4,0.020541653496
2030,sc01,07-01 20:00:00+02:00,118_RTPV_9,0.023250442968
2030,sc01,07-01 20:00:00+02:00,101_PV_4,0.68852507601
2030,sc01,07-01 20:00:00+02:00,115_STEAM_3,3.273323701765437
2030,sc01,07-01 20:00:00+02:00,123_STEAM_3,0.0
2030,sc01,07-02 10:00:00+02:00,113_CT_1,0.0
2030,sc01,07-02 10:00:00+02:00,107_CC_1,0.0
2030,sc01,07-02 10:00:00+02:00,101_CT_2,0.0
2030,sc01,07-02 10:00:00+02:00,101_STEAM_4,0.0
2030,sc01,07-02 10:00:00+02:00,102_CT_1,0.0
2030,sc01,07-02 10:00:00+02:00,123_CT_1,0.0
2030,sc01,07-02 10:00:00+02:00,118_RTPV_3,3.3001433181600004
2030,sc01,07-02 10:00:00+02:00,104_PV_1,13.75750031784
2030,sc01,07-02 10:00:00+02:00,102_PV_1,0.0
2030,sc01,07-02 10:00:00+02:00,101_PV_1,10.470800413440001
2030,sc01,07-02 10:00:00+02:00,101_STEAM_3,0.0
2030,sc01,07-02 10:00:00+02:00,115_STEAM_1,0.0
2030,sc01,07-02 10:00:00+02:00,115_STEAM_2,0.0
2030,sc01,07-02 10:00:00+02:00,123_CT_4,0.0
2030,sc01,07-02 10:00:00+02:00,121_NUCLEAR_1,0.0
2030,sc01,07-02 10:00:00+02:00,116_STEAM_1,0.0
2030,sc01,07-02 10:00:00+02:00,118_RTPV_7,4.14273310203
2030,sc01,07-02 10:00:00+02:00,119_PV_1,25.4585266929
2030,sc01,07-02 10:00:00+02:00,102_STEAM_4,0.0
2030,sc01,07-02 10:00:00+02:00,118_CC_1,0.0
2030,sc01,07-02 10:00:00+02:00,103_PV_1,23.644608913800003
2030,sc01,07-02 10:00:00+02:00,122_WIND_1,67.25237908721539
2030,sc01,07-02 10:00:00+02:00,101_PV_2,10.79422281816
2030,sc01,07-02 10:00:00+02:00,118_RTPV_10,1.57985584458
2030,sc01,07-02 10:00:00+02:00,102_PV_2,8.804467482544526
2030,sc01,07-02 10:00:00+02:00,101_PV_3,10.5920838138
2030,sc01,07-02 10:00:00+02:00,101_CT_1,0.0
2030,sc01,07-02 10:00:00+02:00,123_STEAM_2,0.0
2030,sc01,07-02 10:00:00+02:00,113_CT_3,0.0
2030,sc01,07-02 10:00:00+02:00,113_PV_1,32.8610015526
2030,sc01,07-02 10:00:00+02:00,118_RTPV_1,5.2452000000000005
2030,sc01,07-02 10:00:00+02:00,118_RTPV_8,3.93208565571
2030,sc01,07-02 10:00:00+02:00,123_CT_5,0.0
2030,sc01,07-02 10:00:00+02:00,118_RTPV_6,3.4054670413200006
2030,sc01,07-02 10:00:00+02:00,118_RTPV_5,3.194819595
2030,sc01,07-02 10:00:00+02:00,102_STEAM_3,0.0
2030,sc01,07-02 10:00:00+02:00,102_CT_2,0.0
2030,sc01,07-02 10:00:00+02:00,118_RTPV_2,3.4054670413200006
2030,sc01,07-02 10:00:00+02:00,113_CT_2,0.0
2030,sc01,07-02 10:00:00+02:00,113_CT_4,0.0
2030,sc01,07-02 10:00:00+02:00,118_RTPV_4,3.194819595
2030,sc01,07-02 10:00:00+02:00,118_RTPV_9,3.61611448764
2030,sc01,07-02 10:00:00+02:00,101_PV_4,10.43037261144
2030,sc01,07-02 10:00:00+02:00,115_STEAM_3,0.0
2030,sc01,07-02 10:00:00+02:00,123_STEAM_3,0.0
2030,sc01,07-02 17:00:00+02:00,113_CT_1,0.0
2030,sc01,07-02 17:00:00+02:00,107_CC_1,0.8324074806557951
2030,sc01,07-02 17:00:00+02:00,101_CT_2,0.0
2030,sc01,07-02 17:00:00+02:00,101_STEAM_4,0.0
2030,sc01,07-02 17:00:00+02:00,102_CT_1,0.0
2030,sc01,07-02 17:00:00+02:00,123_CT_1,0.0
2030,sc01,07-02 17:00:00+02:00,118_RTPV_3,0.41772680512
2030,sc01,07-02 17:00:00+02:00,104_PV_1,0.32237923264
2030,sc01,07-02 17:00:00+02:00,102_PV_1,1.1236976294399998
2030,sc01,07-02 17:00:00+02:00,101_PV_1,1.95630207616
2030,sc01,07-02 17:00:00+02:00,101_STEAM_3,0.0
2030,sc01,07-02 17:00:00+02:00,115_STEAM_1,0.0
2030,sc01,07-02 17:00:00+02:00,115_STEAM_2,0.0
2030,sc01,07-02 17:00:00+02:00,123_CT_4,0.0
2030,sc01,07-02 17:00:00+02:00,121_NUCLEAR_1,1.291751770988398
2030,sc01,07-02 17:00:00+02:00,116_STEAM_1,0.0
2030,sc01,07-02 17:00:00+02:00,118_RTPV_7,0.5243804576
2030,sc01,07-02 17:00:00+02:00,119_PV_1,1.74175936256
2030,sc01,07-02 17:00:00+02:00,102_STEAM_4,0.0
2030,sc01,07-02 17:00:00+02:00,118_CC_1,0.0
2030,sc01,07-02 17:00:00+02:00,103_PV_1,2.69950797696
2030,sc01,07-02 17:00:00+02:00,122_WIND_1,27.38670626854783
2030,sc01,07-02 17:00:00+02:00,101_PV_2,2.01672839552
2030,sc01,07-02 17:00:00+02:00,118_RTPV_10,0.199975598208
2030,sc01,07-02 17:00:00+02:00,102_PV_2,1.11052929792
2030,sc01,07-02 17:00:00+02:00,101_PV_3,1.9789619456
2030,sc01,07-02 17:00:00+02:00,101_CT_1,0.0
2030,sc01,07-02 17:00:00+02:00,123_STEAM_2,0.0
2030,sc01,07-02 17:00:00+02:00,113_CT_3,0.0
2030,sc01,07-02 17:00:00+02:00,113_PV_1,4.1594924416
2030,sc01,07-02 17:00:00+02:00,118_RTPV_1,1.1904000000000001
2030,sc01,07-02 17:00:00+02:00,118_RTPV_8,0.49771704448000004
2030,sc01,07-02 17:00:00+02:00,123_CT_5,0.0
2030,sc01,07-02 17:00:00+02:00,118_RTPV_6,0.43105851168
2030,sc01,07-02 17:00:00+02:00,118_RTPV_5,0.40439509856
2030,sc01,07-02 17:00:00+02:00,102_STEAM_3,0.0
2030,sc01,07-02 17:00:00+02:00,102_CT_2,0.0
2030,sc01,07-02 17:00:00+02:00,118_RTPV_2,0.43105851168
2030,sc01,07-02 17:00:00+02:00,113_CT_2,0.0
2030,sc01,07-02 17:00:00+02:00,113_CT_4,0.0
2030,sc01,07-02 17:00:00+02:00,118_RTPV_4,0.40439509856
2030,sc01,07-02 17:00:00+02:00,118_RTPV_9,0.4577219248
2030,sc01,07-02 17:00:00+02:00,101_PV_4,1.9487487859200001
2030,sc01,07-02 17:00:00+02:00,115_STEAM_3,0.0
2030,sc01,07-02 17:00:00+02:00,123_STEAM_3,0.0
2030,sc01,07-03 05:00:00+02:00,113_CT_1,0.0
2030,sc01,07-03 05:00:00+02:00,107_CC_1,10.839071727807086
2030,sc01,07-03 05:00:00+02:00,101_CT_2,0.0
2030,sc01,07-03 05:00:00+02:00,101_STEAM_4,0.0
2030,sc01,07-03 05:00:00+02:00,102_CT_1,0.0
2030,sc01,07-03 05:00:00+02:00,123_CT_1,0.0
2030,sc01,07-03 05:00:00+02:00,118_RTPV_3,0.211003727492
2030,sc01,07-03 05:00:00+02:00,104_PV_1,1.29975825042
2030,sc01,07-03 05:00:00+02:00,102_PV_1,0.464761955132
2030,sc01,07-03 05:00:00+02:00,101_PV_1,1.43193070247
2030,sc01,07-03 05:00:00+02:00,101_STEAM_3,0.0
2030,sc01,07-03 05:00:00+02:00,115_STEAM_1,0.0
2030,sc01,07-03 05:00:00+02:00,115_STEAM_2,0.0
2030,sc01,07-03 05:00:00+02:00,123_CT_4,0.0
2030,sc01,07-03 05:00:00+02:00,121_NUCLEAR_1,6.0480316316341485
2030,sc01,07-03 05:00:00+02:00,116_STEAM_1,0.0
2030,sc01,07-03 05:00:00+02:00,118_RTPV_7,0.264877020008
2030,sc01,07-03 05:00:00+02:00,119_PV_1,2.70154486523
2030,sc01,07-03 05:00:00+02:00,102_STEAM_4,0.0
2030,sc01,07-03 05:00:00+02:00,118_CC_1,0.0
2030,sc01,07-03 05:00:00+02:00,103_PV_1,1.1165179781599999
2030,sc01,07-03 05:00:00+02:00,122_WIND_1,118.75663181443474
2030,sc01,07-03 05:00:00+02:00,101_PV_2,1.4761602230800002
2030,sc01,07-03 05:00:00+02:00,118_RTPV_10,0.10101242312
2030,sc01,07-03 05:00:00+02:00,102_PV_2,0.45931552591599994
2030,sc01,07-03 05:00:00+02:00,101_PV_3,1.4485167732200002
2030,sc01,07-03 05:00:00+02:00,101_CT_1,0.0
2030,sc01,07-03 05:00:00+02:00,123_STEAM_2,0.0
2030,sc01,07-03 05:00:00+02:00,113_CT_3,0.0
2030,sc01,07-03 05:00:00+02:00,113_PV_1,2.10105839478
2030,sc01,07-03 05:00:00+02:00,118_RTPV_1,5.170800000000001
2030,sc01,07-03 05:00:00+02:00,118_RTPV_8,0.25140869674
2030,sc01,07-03 05:00:00+02:00,123_CT_5,0.0
2030,sc01,07-03 05:00:00+02:00,118_RTPV_6,0.21773788940400002
2030,sc01,07-03 05:00:00+02:00,118_RTPV_5,0.20426956613599997
2030,sc01,07-03 05:00:00+02:00,102_STEAM_3,0.0
2030,sc01,07-03 05:00:00+02:00,102_CT_2,0.0
2030,sc01,07-03 05:00:00+02:00,118_RTPV_2,0.21773788940400002
2030,sc01,07-03 05:00:00+02:00,113_CT_2,0.0
2030,sc01,07-03 05:00:00+02:00,113_CT_4,0.0
2030,sc01,07-03 05:00:00+02:00,118_RTPV_4,0.20426956613599997
2030,sc01,07-03 05:00:00+02:00,118_RTPV_9,0.23120621211600004
2030,sc01,07-03 05:00:00+02:00,101_PV_4,1.42640201222
2030,sc01,07-03 05:00:00+02:00,115_STEAM_3,0.0
2030,sc01,07-03 05:00:00+02:00,123_STEAM_3,0.0
2030,sc01,07-04 11:00:00+02:00,113_CT_1,0.0
2030,sc01,07-04 11:00:00+02:00,107_CC_1,0.0
2030,sc01,07-04 11:00:00+02:00,101_CT_2,0.0
2030,sc01,07-04 11:00:00+02:00,101_STEAM_4,0.0
2030,sc01,07-04 11:00:00+02:00,102_CT_1,0.0
2030,sc01,07-04 11:00:00+02:00,123_CT_1,0.0
2030,sc01,07-04 11:00:00+02:00,118_RTPV_3,1.7888559411700002
2030,sc01,07-04 11:00:00+02:00,104_PV_1,5.21255825528
2030,sc01,07-04 11:00:00+02:00,102_PV_1,0.0
2030,sc01,07-04 11:00:00+02:00,101_PV_1,3.172588798
2030,sc01,07-04 11:00:00+02:00,101_STEAM_3,0.0
2030,sc01,07-04 11:00:00+02:00,115_STEAM_1,0.0
2030,sc01,07-04 11:00:00+02:00,115_STEAM_2,0.0
2030,sc01,07-04 11:00:00+02:00,123_CT_4,0.0
2030,sc01,07-04 11:00:00+02:00,121_NUCLEAR_1,0.0
2030,sc01,07-04 11:00:00+02:00,116_STEAM_1,0.0
2030,sc01,07-04 11:00:00+02:00,118_RTPV_7,2.2455851175599997
2030,sc01,07-04 11:00:00+02:00,119_PV_1,12.7288178538
2030,sc01,07-04 11:00:00+02:00,102_STEAM_4,0.0
2030,sc01,07-04 11:00:00+02:00,118_CC_1,0.0
2030,sc01,07-04 11:00:00+02:00,103_PV_1,11.9493940662
2030,sc01,07-04 11:00:00+02:00,122_WIND_1,14.028990817440832
2030,sc01,07-04 11:00:00+02:00,101_PV_2,1.954952149239165
2030,sc01,07-04 11:00:00+02:00,118_RTPV_10,0.8563672059299999
2030,sc01,07-04 11:00:00+02:00,102_PV_2,0.0
2030,sc01,07-04 11:00:00+02:00,101_PV_3,3.209336931
2030,sc01,07-04 11:00:00+02:00,101_CT_1,0.0
2030,sc01,07-04 11:00:00+02:00,123_STEAM_2,0.0
2030,sc01,07-04 11:00:00+02:00,113_CT_3,0.0
2030,sc01,07-04 11:00:00+02:00,113_PV_1,17.8124378808
2030,sc01,07-04 11:00:00+02:00,118_RTPV_1,1.9716000000000002
2030,sc01,07-04 11:00:00+02:00,118_RTPV_8,2.1314028228
2030,sc01,07-04 11:00:00+02:00,123_CT_5,0.0
2030,sc01,07-04 11:00:00+02:00,118_RTPV_6,1.8459470885499998
2030,sc01,07-04 11:00:00+02:00,118_RTPV_5,1.73176479432
2030,sc01,07-04 11:00:00+02:00,102_STEAM_3,0.0
2030,sc01,07-04 11:00:00+02:00,102_CT_2,0.0
2030,sc01,07-04 11:00:00+02:00,118_RTPV_2,1.8459470885499998
2030,sc01,07-04 11:00:00+02:00,113_CT_2,0.0
2030,sc01,07-04 11:00:00+02:00,113_CT_4,0.0
2030,sc01,07-04 11:00:00+02:00,118_RTPV_4,1.73176479432
2030,sc01,07-04 11:00:00+02:00,118_RTPV_9,1.96012938278
2030,sc01,07-04 11:00:00+02:00,101_PV_4,3.16033941892
2030,sc01,07-04 11:00:00+02:00,115_STEAM_3,0.0
2030,sc01,07-04 11:00:00+02:00,123_STEAM_3,0.0
2030,sc01,07-05 19:00:00+02:00,113_CT_1,0.0
2030,sc01,07-05 19:00:00+02:00,107_CC_1,12.416274684583602
2030,sc01,07-05 19:00:00+02:00,101_CT_2,0.0
2030,sc01,07-05 19:00:00+02:00,101_STEAM_4,0.0
2030,sc01,07-05 19:00:00+02:00,102_CT_1,0.0
2030,sc01,07-05 19:00:00+02:00,123_CT_1,0.0
2030,sc01,07-05 19:00:00+02:00,118_RTPV_3,0.14542372924799998
2030,sc01,07-05 19:00:00+02:00,104_PV_1,6.0032000000000005
2030,sc01,07-05 19:00:00+02:00,102_PV_1,0.4360435352
2030,sc01,07-05 19:00:00+02:00,101_PV_1,1.9361593350399997
2030,sc01,07-05 19:00:00+02:00,101_STEAM_3,0.0
2030,sc01,07-05 19:00:00+02:00,115_STEAM_1,0.0
2030,sc01,07-05 19:00:00+02:00,115_STEAM_2,0.0
2030,sc01,07-05 19:00:00+02:00,123_CT_4,0.0
2030,sc01,07-05 19:00:00+02:00,121_NUCLEAR_1,5.284602101499605
2030,sc01,07-05 19:00:00+02:00,116_STEAM_1,0.0
2030,sc01,07-05 19:00:00+02:00,118_RTPV_7,0.182553192192
2030,sc01,07-05 19:00:00+02:00,119_PV_1,0.43991530083200003
2030,sc01,07-05 19:00:00+02:00,102_STEAM_4,0.0
2030,sc01,07-05 19:00:00+02:00,118_CC_1,0.0
2030,sc01,07-05 19:00:00+02:00,103_PV_1,1.04752646152
2030,sc01,07-05 19:00:00+02:00,122_WIND_1,47.98617798353285
2030,sc01,07-05 19:00:00+02:00,101_PV_2,1.9959634844799998
2030,sc01,07-05 19:00:00+02:00,118_RTPV_10,0.06961774288
2030,sc01,07-05 19:00:00+02:00,102_PV_2,0.43093364988800004
2030,sc01,07-05 19:00:00+02:00,101_PV_3,1.9585858913600003
2030,sc01,07-05 19:00:00+02:00,101_CT_1,0.0
2030,sc01,07-05 19:00:00+02:00,123_STEAM_2,0.0
2030,sc01,07-05 19:00:00+02:00,113_CT_3,0.0
2030,sc01,07-05 19:00:00+02:00,113_PV_1,1.44804904944
2030,sc01,07-05 19:00:00+02:00,118_RTPV_1,2.0832
2030,sc01,07-05 19:00:00+02:00,118_RTPV_8,0.17327082640000002
2030,sc01,07-05 19:00:00+02:00,123_CT_5,0.0
2030,sc01,07-05 19:00:00+02:00,118_RTPV_6,0.150064912256
2030,sc01,07-05 19:00:00+02:00,118_RTPV_5,0.14078254646399999
2030,sc01,07-05 19:00:00+02:00,102_STEAM_3,0.0
2030,sc01,07-05 19:00:00+02:00,102_CT_2,0.0
2030,sc01,07-05 19:00:00+02:00,118_RTPV_2,0.150064912256
2030,sc01,07-05 19:00:00+02:00,113_CT_2,0.0
2030,sc01,07-05 19:00:00+02:00,113_CT_4,0.0
2030,sc01,07-05 19:00:00+02:00,118_RTPV_4,0.14078254646399999
2030,sc01,07-05 19:00:00+02:00,118_RTPV_9,0.15934727782400002
2030,sc01,07-05 19:00:00+02:00,101_PV_4,1.92868381664
2030,sc01,07-05 19:00:00+02:00,115_STEAM_3,0.0
2030,sc01,07-05 19:00:00+02:00,123_STEAM_3,0.0
2030,sc01,07-09 06:00:00+02:00,113_CT_1,0.0
2030,sc01,07-09 06:00:00+02:00,107_CC_1,5.728359828505339
2030,sc01,07-09 06:00:00+02:00,101_CT_2,0.0
2030,sc01,07-09 06:00:00+02:00,101_STEAM_4,0.0
2030,sc01,07-09 06:00:00+02:00,102_CT_1,0.0
2030,sc01,07-09 06:00:00+02:00,123_CT_1,0.0
2030,sc01,07-09 06:00:00+02:00,118_RTPV_3,0.22153414810799998
2030,sc01,07-09 06:00:00+02:00,104_PV_1,1.16929986108
2030,sc01,07-09 06:00:00+02:00,102_PV_1,0.33165874357200004
2030,sc01,07-09 06:00:00+02:00,101_PV_1,0.217946889108
2030,sc01,07-09 06:00:00+02:00,101_STEAM_3,0.0
2030,sc01,07-09 06:00:00+02:00,115_STEAM_1,0.0
2030,sc01,07-09 06:00:00+02:00,115_STEAM_2,0.0
2030,sc01,07-09 06:00:00+02:00,123_CT_4,0.0
2030,sc01,07-09 06:00:00+02:00,121_NUCLEAR_1,10.592714542822037
2030,sc01,07-09 06:00:00+02:00,116_STEAM_1,0.0
2030,sc01,07-09 06:00:00+02:00,118_RTPV_7,0.27809605824
2030,sc01,07-09 06:00:00+02:00,119_PV_1,1.68769866564
2030,sc01,07-09 06:00:00+02:00,102_STEAM_4,0.0
2030,sc01,07-09 06:00:00+02:00,118_CC_1,0.0
2030,sc01,07-09 06:00:00+02:00,103_PV_1,0.7967583097500001
2030,sc01,07-09 06:00:00+02:00,122_WIND_1,22.992028956000002
2030,sc01,07-09 06:00:00+02:00,101_PV_2,0.22467883932000002
2030,sc01,07-09 06:00:00+02:00,118_RTPV_10,0.10605358155599999
2030,sc01,07-09 06:00:00+02:00,102_PV_2,0.327772117764
2030,sc01,07-09 06:00:00+02:00,101_PV_3,0.220471370496
2030,sc01,07-09 06:00:00+02:00,101_CT_1,0.0
2030,sc01,07-09 06:00:00+02:00,123_STEAM_2,0.0
2030,sc01,07-09 06:00:00+02:00,113_CT_3,0.0
2030,sc01,07-09 06:00:00+02:00,113_PV_1,2.20591449624
2030,sc01,07-09 06:00:00+02:00,118_RTPV_1,1.4508
2030,sc01,07-09 06:00:00+02:00,118_RTPV_8,0.263955580824
2030,sc01,07-09 06:00:00+02:00,123_CT_5,0.0
2030,sc01,07-09 06:00:00+02:00,118_RTPV_6,0.228604386972
2030,sc01,07-09 06:00:00+02:00,118_RTPV_5,0.21446390939999999
2030,sc01,07-09 06:00:00+02:00,102_STEAM_3,0.0
2030,sc01,07-09 06:00:00+02:00,102_CT_2,0.0
2030,sc01,07-09 06:00:00+02:00,118_RTPV_2,0.228604386972
2030,sc01,07-09 06:00:00+02:00,113_CT_2,0.0
2030,sc01,07-09 06:00:00+02:00,113_CT_4,0.0
2030,sc01,07-09 06:00:00+02:00,118_RTPV_4,0.21446390939999999
2030,sc01,07-09 06:00:00+02:00,118_RTPV_9,0.242744864388
2030,sc01,07-09 06:00:00+02:00,101_PV_4,0.21710539531200002
2030,sc01,07-09 06:00:00+02:00,115_STEAM_3,1.1075205994206252
2030,sc01,07-09 06:00:00+02:00,123_STEAM_3,0.0
2030,sc01,07-11 05:00:00+02:00,113_CT_1,0.0
2030,sc01,07-11 05:00:00+02:00,107_CC_1,11.58259772552792
2030,sc01,07-11 05:00:00+02:00,101_CT_2,0.0
2030,sc01,07-11 05:00:00+02:00,101_STEAM_4,0.0
2030,sc01,07-11 05:00:00+02:00,102_CT_1,0.0
2030,sc01,07-11 05:00:00+02:00,123_CT_1,0.0
2030,sc01,07-11 05:00:00+02:00,118_RTPV_3,0.04066685001599999
2030,sc01,07-11 05:00:00+02:00,104_PV_1,0.41243613746400004
2030,sc01,07-11 05:00:00+02:00,102_PV_1,0.219121036368
2030,sc01,07-11 05:00:00+02:00,101_PV_1,0.30536514933599995
2030,sc01,07-11 05:00:00+02:00,101_STEAM_3,0.0
2030,sc01,07-11 05:00:00+02:00,115_STEAM_1,0.0
2030,sc01,07-11 05:00:00+02:00,115_STEAM_2,0.0
2030,sc01,07-11 05:00:00+02:00,123_CT_4,0.0
2030,sc01,07-11 05:00:00+02:00,121_NUCLEAR_1,27.456000000000003
2030,sc01,07-11 05:00:00+02:00,116_STEAM_1,0.0
2030,sc01,07-11 05:00:00+02:00,118_RTPV_7,0.051049875552
2030,sc01,07-11 05:00:00+02:00,119_PV_1,1.25710201578
2030,sc01,07-11 05:00:00+02:00,102_STEAM_4,0.0
2030,sc01,07-11 05:00:00+02:00,118_CC_1,26.776229999999995
2030,sc01,07-11 05:00:00+02:00,103_PV_1,0.5264040525120001
2030,sc01,07-11 05:00:00+02:00,122_WIND_1,7.5519914433599995
2030,sc01,07-11 05:00:00+02:00,101_PV_2,0.31479727749600006
2030,sc01,07-11 05:00:00+02:00,118_RTPV_10,0.019468172880000002
2030,sc01,07-11 05:00:00+02:00,102_PV_2,0.21655321178399997
2030,sc01,07-11 05:00:00+02:00,101_PV_3,0.30890219724
2030,sc01,07-11 05:00:00+02:00,101_CT_1,0.0
2030,sc01,07-11 05:00:00+02:00,123_STEAM_2,0.0
2030,sc01,07-11 05:00:00+02:00,113_CT_3,0.0
2030,sc01,07-11 05:00:00+02:00,113_PV_1,0.404937995904
2030,sc01,07-11 05:00:00+02:00,118_RTPV_1,2.9016
2030,sc01,07-11 05:00:00+02:00,118_RTPV_8,0.048454119168
2030,sc01,07-11 05:00:00+02:00,123_CT_5,0.0
2030,sc01,07-11 05:00:00+02:00,118_RTPV_6,0.041964728208000006
2030,sc01,07-11 05:00:00+02:00,118_RTPV_5,0.039368971824
2030,sc01,07-11 05:00:00+02:00,102_STEAM_3,0.0
2030,sc01,07-11 05:00:00+02:00,102_CT_2,0.0
2030,sc01,07-11 05:00:00+02:00,118_RTPV_2,0.041964728208000006
2030,sc01,07-11 05:00:00+02:00,113_CT_2,0.0
2030,sc01,07-11 05:00:00+02:00,113_CT_4,0.0
2030,sc01,07-11 05:00:00+02:00,118_RTPV_4,0.039368971824
2030,sc01,07-11 05:00:00+02:00,118_RTPV_9,0.044560484592
2030,sc01,07-11 05:00:00+02:00,101_PV_4,0.30418613316
2030,sc01,07-11 05:00:00+02:00,115_STEAM_3,0.0
2030,sc01,07-11 05:00:00+02:00,123_STEAM_3,2.1685714894760824
2030,sc01,07-11 17:00:00+02:00,113_CT_1,0.0
2030,sc01,07-11 17:00:00+02:00,107_CC_1,14.89434251319
2030,sc01,07-11 17:00:00+02:00,101_CT_2,0.0
2030,sc01,07-11 17:00:00+02:00,101_STEAM_4,0.0
2030,sc01,07-11 17:00:00+02:00,102_CT_1,0.0
2030,sc01,07-11 17:00:00+02:00,123_CT_1,0.0
2030,sc01,07-11 17:00:00+02:00,118_RTPV_3,0.77835673881
2030,sc01,07-11 17:00:00+02:00,104_PV_1,0.6031252367280001
2030,sc01,07-11 17:00:00+02:00,102_PV_1,2.4892956036900005
2030,sc01,07-11 17:00:00+02:00,101_PV_1,4.09230747072
2030,sc01,07-11 17:00:00+02:00,101_STEAM_3,0.0
2030,sc01,07-11 17:00:00+02:00,115_STEAM_1,0.0
2030,sc01,07-11 17:00:00+02:00,115_STEAM_2,0.0
2030,sc01,07-11 17:00:00+02:00,123_CT_4,0.0
2030,sc01,07-11 17:00:00+02:00,121_NUCLEAR_1,22.176000000000002
2030,sc01,07-11 17:00:00+02:00,116_STEAM_1,0.0
2030,sc01,07-11 17:00:00+02:00,118_RTPV_7,0.97708611861
2030,sc01,07-11 17:00:00+02:00,119_PV_1,2.2012815245399997
2030,sc01,07-11 17:00:00+02:00,102_STEAM_4,0.0
2030,sc01,07-11 17:00:00+02:00,118_CC_1,12.051561764970034
2030,sc01,07-11 17:00:00+02:00,103_PV_1,5.98014373572
2030,sc01,07-11 17:00:00+02:00,122_WIND_1,2.2351114699199996
2030,sc01,07-11 17:00:00+02:00,101_PV_2,4.218710789159999
2030,sc01,07-11 17:00:00+02:00,118_RTPV_10,0.372617587692
2030,sc01,07-11 17:00:00+02:00,102_PV_2,2.46012417126
2030,sc01,07-11 17:00:00+02:00,101_PV_3,4.13970871608
2030,sc01,07-11 17:00:00+02:00,101_CT_1,0.0
2030,sc01,07-11 17:00:00+02:00,123_STEAM_2,0.0
2030,sc01,07-11 17:00:00+02:00,113_CT_3,0.0
2030,sc01,07-11 17:00:00+02:00,113_PV_1,7.7504458248
2030,sc01,07-11 17:00:00+02:00,118_RTPV_1,2.3436000000000003
2030,sc01,07-11 17:00:00+02:00,118_RTPV_8,0.92740377366
2030,sc01,07-11 17:00:00+02:00,123_CT_5,0.0
2030,sc01,07-11 17:00:00+02:00,118_RTPV_6,0.8031979116
2030,sc01,07-11 17:00:00+02:00,118_RTPV_5,0.7535155660199999
2030,sc01,07-11 17:00:00+02:00,102_STEAM_3,0.0
2030,sc01,07-11 17:00:00+02:00,102_CT_2,0.0
2030,sc01,07-11 17:00:00+02:00,118_RTPV_2,0.8031979116
2030,sc01,07-11 17:00:00+02:00,113_CT_2,0.0
2030,sc01,07-11 17:00:00+02:00,113_CT_4,0.0
2030,sc01,07-11 17:00:00+02:00,118_RTPV_4,0.7535155660199999
2030,sc01,07-11 17:00:00+02:00,118_RTPV_9,0.8528802559199999
2030,sc01,07-11 17:00:00+02:00,101_PV_4,4.0765070556000005
2030,sc01,07-11 17:00:00+02:00,115_STEAM_3,0.0
2030,sc01,07-11 17:00:00+02:00,123_STEAM_3,0.0
2030,sc01,07-13 20:00:00+02:00,113_CT_1,0.0
2030,sc01,07-13 20:00:00+02:00,107_CC_1,5.417676460421995
2030,sc01,07-13 20:00:00+02:00,101_CT_2,0.0
2030,sc01,07-13 20:00:00+02:00,101_STEAM_4,0.0
2030,sc01,07-13 20:00:00+02:00,102_CT_1,0.0
2030,sc01,07-13 20:00:00+02:00,123_CT_1,0.0
2030,sc01,07-13 20:00:00+02:00,118_RTPV_3,0.017168272828
2030,sc01,07-13 20:00:00+02:00,104_PV_1,5.6816
2030,sc01,07-13 20:00:00+02:00,102_PV_1,0.14484401164000002
2030,sc01,07-13 20:00:00+02:00,101_PV_1,0.74941120094
2030,sc01,07-13 20:00:00+02:00,101_STEAM_3,0.0
2030,sc01,07-13 20:00:00+02:00,115_STEAM_1,0.0
2030,sc01,07-13 20:00:00+02:00,115_STEAM_2,0.0
2030,sc01,07-13 20:00:00+02:00,123_CT_4,0.0
2030,sc01,07-13 20:00:00+02:00,121_NUCLEAR_1,18.656000000000002
2030,sc01,07-13 20:00:00+02:00,116_STEAM_1,0.0
2030,sc01,07-13 20:00:00+02:00,118_RTPV_7,0.021551661784
2030,sc01,07-13 20:00:00+02:00,119_PV_1,0.13975448184800002
2030,sc01,07-13 20:00:00+02:00,102_STEAM_4,0.0
2030,sc01,07-13 20:00:00+02:00,118_CC_1,0.0
2030,sc01,07-13 20:00:00+02:00,103_PV_1,0.347965106292
2030,sc01,07-13 20:00:00+02:00,122_WIND_1,24.3274252508
2030,sc01,07-13 20:00:00+02:00,101_PV_2,0.7725590373300001
2030,sc01,07-13 20:00:00+02:00,118_RTPV_10,0.008218854159999999
2030,sc01,07-13 20:00:00+02:00,102_PV_2,0.14314662092000002
2030,sc01,07-13 20:00:00+02:00,101_PV_3,0.75809163952
2030,sc01,07-13 20:00:00+02:00,101_CT_1,0.0
2030,sc01,07-13 20:00:00+02:00,123_STEAM_2,0.0
2030,sc01,07-13 20:00:00+02:00,113_CT_3,0.0
2030,sc01,07-13 20:00:00+02:00,113_PV_1,0.170952164408
2030,sc01,07-13 20:00:00+02:00,118_RTPV_1,1.53227383683
2030,sc01,07-13 20:00:00+02:00,118_RTPV_8,0.020455814492000002
2030,sc01,07-13 20:00:00+02:00,123_CT_5,0.0
2030,sc01,07-13 20:00:00+02:00,118_RTPV_6,0.017716196580000003
2030,sc01,07-13 20:00:00+02:00,118_RTPV_5,0.016620349288000002
2030,sc01,07-13 20:00:00+02:00,102_STEAM_3,0.0
2030,sc01,07-13 20:00:00+02:00,102_CT_2,0.0
2030,sc01,07-13 20:00:00+02:00,118_RTPV_2,0.017716196580000003
2030,sc01,07-13 20:00:00+02:00,113_CT_2,0.0
2030,sc01,07-13 20:00:00+02:00,113_CT_4,0.0
2030,sc01,07-13 20:00:00+02:00,118_RTPV_4,0.016620349288000002
2030,sc01,07-13 20:00:00+02:00,118_RTPV_9,0.01881204366
2030,sc01,07-13 20:00:00+02:00,101_PV_4,0.74651772159
2030,sc01,07-13 20:00:00+02:00,115_STEAM_3,0.0
2030,sc01,07-13 20:00:00+02:00,123_STEAM_3,0.0
2030,sc01,07-17 19:00:00+02:00,113_CT_1,0.0
2030,sc01,07-17 19:00:00+02:00,107_CC_1,33.62388493450922
2030,sc01,07-17 19:00:00+02:00,101_CT_2,0.0
2030,sc01,07-17 19:00:00+02:00,101_STEAM_4,0.0
2030,sc01,07-17 19:00:00+02:00,102_CT_1,0.0
2030,sc01,07-17 19:00:00+02:00,123_CT_1,0.0
2030,sc01,07-17 19:00:00+02:00,118_RTPV_3,0.26859419715200006
2030,sc01,07-17 19:00:00+02:00,104_PV_1,14.5792
2030,sc01,07-17 19:00:00+02:00,102_PV_1,0.977983361952
2030,sc01,07-17 19:00:00+02:00,101_PV_1,4.1299983464
2030,sc01,07-17 19:00:00+02:00,101_STEAM_3,0.0
2030,sc01,07-17 19:00:00+02:00,115_STEAM_1,0.0
2030,sc01,07-17 19:00:00+02:00,115_STEAM_2,0.0
2030,sc01,07-17 19:00:00+02:00,123_CT_4,0.0
2030,sc01,07-17 19:00:00+02:00,121_NUCLEAR_1,47.87200000000001
2030,sc01,07-17 19:00:00+02:00,116_STEAM_1,0.0
2030,sc01,07-17 19:00:00+02:00,118_RTPV_7,0.33717143936
2030,sc01,07-17 19:00:00+02:00,119_PV_1,0.834346838464
2030,sc01,07-17 19:00:00+02:00,102_STEAM_4,0.0
2030,sc01,07-17 19:00:00+02:00,118_CC_1,46.68675999999999
2030,sc01,07-17 19:00:00+02:00,103_PV_1,2.3494522171999996
2030,sc01,07-17 19:00:00+02:00,122_WIND_1,9.425049625279998
2030,sc01,07-17 19:00:00+02:00,101_PV_2,4.25756586224
2030,sc01,07-17 19:00:00+02:00,118_RTPV_10,0.1285823288
2030,sc01,07-17 19:00:00+02:00,102_PV_2,0.966522619104
2030,sc01,07-17 19:00:00+02:00,101_PV_3,4.1778361655200005
2030,sc01,07-17 19:00:00+02:00,101_CT_1,0.0
2030,sc01,07-17 19:00:00+02:00,123_STEAM_2,8.09472
2030,sc01,07-17 19:00:00+02:00,113_CT_3,0.0
2030,sc01,07-17 19:00:00+02:00,113_PV_1,2.6745124336
2030,sc01,07-17 19:00:00+02:00,118_RTPV_1,5.059200000000001
2030,sc01,07-17 19:00:00+02:00,118_RTPV_8,0.320027128672
2030,sc01,07-17 19:00:00+02:00,123_CT_5,0.0
2030,sc01,07-17 19:00:00+02:00,118_RTPV_6,0.277166352768
2030,sc01,07-17 19:00:00+02:00,118_RTPV_5,0.26002204208
2030,sc01,07-17 19:00:00+02:00,102_STEAM_3,0.0
2030,sc01,07-17 19:00:00+02:00,102_CT_2,0.0
2030,sc01,07-17 19:00:00+02:00,118_RTPV_2,0.277166352768
2030,sc01,07-17 19:00:00+02:00,113_CT_2,0.0
2030,sc01,07-17 19:00:00+02:00,113_CT_4,0.0
2030,sc01,07-17 19:00:00+02:00,118_RTPV_4,0.26002204208
2030,sc01,07-17 19:00:00+02:00,118_RTPV_9,0.294310662912
2030,sc01,07-17 19:00:00+02:00,101_PV_4,4.11405240624
2030,sc01,07-17 19:00:00+02:00,115_STEAM_3,0.0
2030,sc01,07-17 19:00:00+02:00,123_STEAM_3,11.0529342000188
2030,sc01,07-18 08:00:00+02:00,113_CT_1,0.0
2030,sc01,07-18 08:00:00+02:00,107_CC_1,7.751371663097993
2030,sc01,07-18 08:00:00+02:00,101_CT_2,0.0
2030,sc01,07-18 08:00:00+02:00,101_STEAM_4,0.0
2030,sc01,07-18 08:00:00+02:00,102_CT_1,0.0
2030,sc01,07-18 08:00:00+02:00,123_CT_1,0.0
2030,sc01,07-18 08:00:00+02:00,118_RTPV_3,1.2889158436800001
2030,sc01,07-18 08:00:00+02:00,104_PV_1,5.919543925199999
2030,sc01,07-18 08:00:00+02:00,102_PV_1,3.24504332568
2030,sc01,07-18 08:00:00+02:00,101_PV_1,3.1238439839099996
2030,sc01,07-18 08:00:00+02:00,101_STEAM_3,0.0
2030,sc01,07-18 08:00:00+02:00,115_STEAM_1,0.0
2030,sc01,07-18 08:00:00+02:00,115_STEAM_2,0.0
2030,sc01,07-18 08:00:00+02:00,123_CT_4,0.0
2030,sc01,07-18 08:00:00+02:00,121_NUCLEAR_1,28.512000000000004
2030,sc01,07-18 08:00:00+02:00,116_STEAM_1,0.0
2030,sc01,07-18 08:00:00+02:00,118_RTPV_7,1.61800073937
2030,sc01,07-18 08:00:00+02:00,119_PV_1,10.5045870114
2030,sc01,07-18 08:00:00+02:00,102_STEAM_4,0.0
2030,sc01,07-18 08:00:00+02:00,118_CC_1,13.31559
2030,sc01,07-18 08:00:00+02:00,103_PV_1,7.79570955504
2030,sc01,07-18 08:00:00+02:00,122_WIND_1,3.52701385776
2030,sc01,07-18 08:00:00+02:00,101_PV_2,3.2203333733399995
2030,sc01,07-18 08:00:00+02:00,118_RTPV_10,0.617034180492
2030,sc01,07-18 08:00:00+02:00,102_PV_2,3.2070154756500004
2030,sc01,07-18 08:00:00+02:00,101_PV_3,3.1600275044400004
2030,sc01,07-18 08:00:00+02:00,101_CT_1,0.0
2030,sc01,07-18 08:00:00+02:00,123_STEAM_2,0.0
2030,sc01,07-18 08:00:00+02:00,113_CT_3,0.0
2030,sc01,07-18 08:00:00+02:00,113_PV_1,12.8343109554
2030,sc01,07-18 08:00:00+02:00,118_RTPV_1,3.0132000000000003
2030,sc01,07-18 08:00:00+02:00,118_RTPV_8,1.53572951565
2030,sc01,07-18 08:00:00+02:00,123_CT_5,0.0
2030,sc01,07-18 08:00:00+02:00,118_RTPV_6,1.3300514555399998
2030,sc01,07-18 08:00:00+02:00,118_RTPV_5,1.24778023182
2030,sc01,07-18 08:00:00+02:00,102_STEAM_3,0.0
2030,sc01,07-18 08:00:00+02:00,102_CT_2,0.0
2030,sc01,07-18 08:00:00+02:00,118_RTPV_2,1.3300514555399998
2030,sc01,07-18 08:00:00+02:00,113_CT_2,0.0
2030,sc01,07-18 08:00:00+02:00,113_CT_4,0.0
2030,sc01,07-18 08:00:00+02:00,118_RTPV_4,1.24778023182
2030,sc01,07-18 08:00:00+02:00,118_RTPV_9,1.41232267926
2030,sc01,07-18 08:00:00+02:00,101_PV_4,3.1117828101300002
2030,sc01,07-18 08:00:00+02:00,115_STEAM_3,0.0
2030,sc01,07-18 08:00:00+02:00,123_STEAM_3,0.0
2030,sc01,07-19 17:00:00+02:00,113_CT_1,0.0
2030,sc01,07-19 17:00:00+02:00,107_CC_1,21.09030277049999
2030,sc01,07-19 17:00:00+02:00,101_CT_2,0.0
2030,sc01,07-19 17:00:00+02:00,101_STEAM_4,0.0
2030,sc01,07-19 17:00:00+02:00,102_CT_1,0.0
2030,sc01,07-19 17:00:00+02:00,123_CT_1,0.0
2030,sc01,07-19 17:00:00+02:00,118_RTPV_3,1.2468098475
2030,sc01,07-19 17:00:00+02:00,104_PV_1,1.085358259
2030,sc01,07-19 17:00:00+02:00,102_PV_1,5.6165797
2030,sc01,07-19 17:00:00+02:00,101_PV_1,8.159958505
2030,sc01,07-19 17:00:00+02:00,101_STEAM_3,0.0
2030,sc01,07-19 17:00:00+02:00,115_STEAM_1,0.0
2030,sc01,07-19 17:00:00+02:00,115_STEAM_2,0.0
2030,sc01,07-19 17:00:00+02:00,123_CT_4,0.0
2030,sc01,07-19 17:00:00+02:00,121_NUCLEAR_1,44.00000000000001
2030,sc01,07-19 17:00:00+02:00,116_STEAM_1,0.0
2030,sc01,07-19 17:00:00+02:00,118_RTPV_7,1.5651442775
2030,sc01,07-19 17:00:00+02:00,119_PV_1,4.20890661375
2030,sc01,07-19 17:00:00+02:00,102_STEAM_4,0.0
2030,sc01,07-19 17:00:00+02:00,118_CC_1,20.548750000000002
2030,sc01,07-19 17:00:00+02:00,103_PV_1,13.492955137500001
2030,sc01,07-19 17:00:00+02:00,122_WIND_1,14.964502700000002
2030,sc01,07-19 17:00:00+02:00,101_PV_2,8.412003555
2030,sc01,07-19 17:00:00+02:00,118_RTPV_10,0.596877055
2030,sc01,07-19 17:00:00+02:00,102_PV_2,5.550760405000001
2030,sc01,07-19 17:00:00+02:00,101_PV_3,8.2544754
2030,sc01,07-19 17:00:00+02:00,101_CT_1,0.0
2030,sc01,07-19 17:00:00+02:00,123_STEAM_2,0.0
2030,sc01,07-19 17:00:00+02:00,113_CT_3,0.0
2030,sc01,07-19 17:00:00+02:00,113_PV_1,12.415042740000002
2030,sc01,07-19 17:00:00+02:00,118_RTPV_1,4.65
2030,sc01,07-19 17:00:00+02:00,118_RTPV_8,1.48556067
2030,sc01,07-19 17:00:00+02:00,123_CT_5,0.0
2030,sc01,07-19 17:00:00+02:00,118_RTPV_6,1.28660165125
2030,sc01,07-19 17:00:00+02:00,118_RTPV_5,1.207018044
2030,sc01,07-19 17:00:00+02:00,102_STEAM_3,0.0
2030,sc01,07-19 17:00:00+02:00,102_CT_2,0.0
2030,sc01,07-19 17:00:00+02:00,118_RTPV_2,1.28660165125
2030,sc01,07-19 17:00:00+02:00,113_CT_2,0.0
2030,sc01,07-19 17:00:00+02:00,113_CT_4,0.0
2030,sc01,07-19 17:00:00+02:00,118_RTPV_4,1.207018044
2030,sc01,07-19 17:00:00+02:00,118_RTPV_9,1.36618525875
2030,sc01,07-19 17:00:00+02:00,101_PV_4,8.128452875
2030,sc01,07-19 17:00:00+02:00,115_STEAM_3,0.0
2030,sc01,07-19 17:00:00+02:00,123_STEAM_3,0.0
2030,sc01,07-19 20:00:00+02:00,113_CT_1,0.0
2030,sc01,07-19 20:00:00+02:00,107_CC_1,17.908277038123988
2030,sc01,07-19 20:00:00+02:00,101_CT_2,0.0
2030,sc01,07-19 20:00:00+02:00,101_STEAM_4,0.0
2030,sc01,07-19 20:00:00+02:00,102_CT_1,0.0
2030,sc01,07-19 20:00:00+02:00,123_CT_1,0.0
2030,sc01,07-19 20:00:00+02:00,118_RTPV_3,0.018033982240000003
2030,sc01,07-19 20:00:00+02:00,104_PV_1,8.1472
2030,sc01,07-19 20:00:00+02:00,102_PV_1,0.18913541032
2030,sc01,07-19 20:00:00+02:00,101_PV_1,1.0454572616
2030,sc01,07-19 20:00:00+02:00,101_STEAM_3,0.0
2030,sc01,07-19 20:00:00+02:00,115_STEAM_1,0.0
2030,sc01,07-19 20:00:00+02:00,115_STEAM_2,0.0
2030,sc01,07-19 20:00:00+02:00,123_CT_4,0.0
2030,sc01,07-19 20:00:00+02:00,121_NUCLEAR_1,26.752000000000002
2030,sc01,07-19 20:00:00+02:00,116_STEAM_1,0.0
2030,sc01,07-19 20:00:00+02:00,118_RTPV_7,0.022638403024
2030,sc01,07-19 20:00:00+02:00,119_PV_1,0.165768108624
2030,sc01,07-19 20:00:00+02:00,102_STEAM_4,0.0
2030,sc01,07-19 20:00:00+02:00,118_CC_1,26.089659999999995
2030,sc01,07-19 20:00:00+02:00,103_PV_1,0.454368271184
2030,sc01,07-19 20:00:00+02:00,122_WIND_1,2.83116809148
2030,sc01,07-19 20:00:00+02:00,101_PV_2,1.07774937736
2030,sc01,07-19 20:00:00+02:00,118_RTPV_10,0.008633289312
2030,sc01,07-19 20:00:00+02:00,102_PV_2,0.18691897976000002
2030,sc01,07-19 20:00:00+02:00,101_PV_3,1.0575668052
2030,sc01,07-19 20:00:00+02:00,101_CT_1,0.0
2030,sc01,07-19 20:00:00+02:00,123_STEAM_2,9.076344958268015
2030,sc01,07-19 20:00:00+02:00,113_CT_3,0.0
2030,sc01,07-19 20:00:00+02:00,113_PV_1,0.17957241756800002
2030,sc01,07-19 20:00:00+02:00,118_RTPV_1,1.6095386597599999
2030,sc01,07-19 20:00:00+02:00,118_RTPV_8,0.021487297904
2030,sc01,07-19 20:00:00+02:00,123_CT_5,0.0
2030,sc01,07-19 20:00:00+02:00,118_RTPV_6,0.018609534800000004
2030,sc01,07-19 20:00:00+02:00,118_RTPV_5,0.017458429376
2030,sc01,07-19 20:00:00+02:00,102_STEAM_3,0.0
2030,sc01,07-19 20:00:00+02:00,102_CT_2,0.0
2030,sc01,07-19 20:00:00+02:00,118_RTPV_2,0.018609534800000004
2030,sc01,07-19 20:00:00+02:00,113_CT_2,0.0
2030,sc01,07-19 20:00:00+02:00,113_CT_4,0.0
2030,sc01,07-19 20:00:00+02:00,118_RTPV_4,0.017458429376
2030,sc01,07-19 20:00:00+02:00,118_RTPV_9,0.01976063992
2030,sc01,07-19 20:00:00+02:00,101_PV_4,1.04142074656
2030,sc01,07-19 20:00:00+02:00,115_STEAM_3,0.0
2030,sc01,07-19 20:00:00+02:00,123_STEAM_3,9.788800000000002
2030,sc01,07-22 06:00:00+02:00,113_CT_1,0.0
2030,sc01,07-22 06:00:00+02:00,107_CC_1,9.285522183377992
2030,sc01,07-22 06:00:00+02:00,101_CT_2,0.0
2030,sc01,07-22 06:00:00+02:00,101_STEAM_4,0.0
2030,sc01,07-22 06:00:00+02:00,102_CT_1,0.0
2030,sc01,07-22 06:00:00+02:00,123_CT_1,0.0
2030,sc01,07-22 06:00:00+02:00,118_RTPV_3,0.27111538036800004
2030,sc01,07-22 06:00:00+02:00,104_PV_1,1.74275139906
2030,sc01,07-22 06:00:00+02:00,102_PV_1,0.5194048010760001
2030,sc01,07-22 06:00:00+02:00,101_PV_1,0.22052614122000003
2030,sc01,07-22 06:00:00+02:00,101_STEAM_3,0.0
2030,sc01,07-22 06:00:00+02:00,115_STEAM_1,0.0
2030,sc01,07-22 06:00:00+02:00,115_STEAM_2,0.0
2030,sc01,07-22 06:00:00+02:00,123_CT_4,0.0
2030,sc01,07-22 06:00:00+02:00,121_NUCLEAR_1,22.176000000000002
2030,sc01,07-22 06:00:00+02:00,116_STEAM_1,0.0
2030,sc01,07-22 06:00:00+02:00,118_RTPV_7,0.340336328724
2030,sc01,07-22 06:00:00+02:00,119_PV_1,2.76063572232
2030,sc01,07-22 06:00:00+02:00,102_STEAM_4,0.0
2030,sc01,07-22 06:00:00+02:00,118_CC_1,10.356570000000001
2030,sc01,07-22 06:00:00+02:00,103_PV_1,1.2477888775800001
2030,sc01,07-22 06:00:00+02:00,122_WIND_1,18.6152407056
2030,sc01,07-22 06:00:00+02:00,101_PV_2,0.227337759432
2030,sc01,07-22 06:00:00+02:00,118_RTPV_10,0.12978927788400002
2030,sc01,07-22 06:00:00+02:00,102_PV_2,0.513318026088
2030,sc01,07-22 06:00:00+02:00,101_PV_3,0.223080498144
2030,sc01,07-22 06:00:00+02:00,101_CT_1,0.0
2030,sc01,07-22 06:00:00+02:00,123_STEAM_2,0.0
2030,sc01,07-22 06:00:00+02:00,113_CT_3,0.0
2030,sc01,07-22 06:00:00+02:00,113_PV_1,2.69961697908
2030,sc01,07-22 06:00:00+02:00,118_RTPV_1,2.3436000000000003
2030,sc01,07-22 06:00:00+02:00,118_RTPV_8,0.323031091572
2030,sc01,07-22 06:00:00+02:00,123_CT_5,0.0
2030,sc01,07-22 06:00:00+02:00,118_RTPV_6,0.279767998944
2030,sc01,07-22 06:00:00+02:00,118_RTPV_5,0.26246276204400004
2030,sc01,07-22 06:00:00+02:00,102_STEAM_3,0.0
2030,sc01,07-22 06:00:00+02:00,102_CT_2,0.0
2030,sc01,07-22 06:00:00+02:00,118_RTPV_2,0.279767998944
2030,sc01,07-22 06:00:00+02:00,113_CT_2,0.0
2030,sc01,07-22 06:00:00+02:00,113_CT_4,0.0
2030,sc01,07-22 06:00:00+02:00,118_RTPV_4,0.26246276204400004
2030,sc01,07-22 06:00:00+02:00,118_RTPV_9,0.29707323609600006
2030,sc01,07-22 06:00:00+02:00,101_PV_4,0.219674688912
2030,sc01,07-22 06:00:00+02:00,115_STEAM_3,0.0
2030,sc01,07-22 06:00:00+02:00,123_STEAM_3,0.0
2030,sc01,07-22 09:00:00+02:00,113_CT_1,0.0
2030,sc01,07-22 09:00:00+02:00,107_CC_1,0.0
2030,sc01,07-22 09:00:00+02:00,101_CT_2,0.0
2030,sc01,07-22 09:00:00+02:00,101_STEAM_4,0.0
2030,sc01,07-22 09:00:00+02:00,102_CT_1,0.0
2030,sc01,07-22 09:00:00+02:00,123_CT_1,0.0
2030,sc01,07-22 09:00:00+02:00,118_RTPV_3,10.239027384949999
2030,sc01,07-22 09:00:00+02:00,104_PV_1,37.31350361172
2030,sc01,07-22 09:00:00+02:00,102_PV_1,22.87193938695192
2030,sc01,07-22 09:00:00+02:00,101_PV_1,24.15739213468
2030,sc01,07-22 09:00:00+02:00,101_STEAM_3,0.0
2030,sc01,07-22 09:00:00+02:00,115_STEAM_1,0.0
2030,sc01,07-22 09:00:00+02:00,115_STEAM_2,0.0
2030,sc01,07-22 09:00:00+02:00,123_CT_4,0.0
2030,sc01,07-22 09:00:00+02:00,121_NUCLEAR_1,0.0
2030,sc01,07-22 09:00:00+02:00,116_STEAM_1,0.0
2030,sc01,07-22 09:00:00+02:00,118_RTPV_7,12.85324714499
2030,sc01,07-22 09:00:00+02:00,119_PV_1,70.8386727797
2030,sc01,07-22 09:00:00+02:00,102_STEAM_4,0.0
2030,sc01,07-22 09:00:00+02:00,118_CC_1,0.0
2030,sc01,07-22 09:00:00+02:00,103_PV_1,68.9734557778
2030,sc01,07-22 09:00:00+02:00,122_WIND_1,178.8461390848881
2030,sc01,07-22 09:00:00+02:00,101_PV_2,24.90356640212
2030,sc01,07-22 09:00:00+02:00,118_RTPV_10,4.9016620479399995
2030,sc01,07-22 09:00:00+02:00,102_PV_2,0.0
2030,sc01,07-22 09:00:00+02:00,101_PV_3,24.437207489240002
2030,sc01,07-22 09:00:00+02:00,101_CT_1,0.0
2030,sc01,07-22 09:00:00+02:00,123_STEAM_2,0.0
2030,sc01,07-22 09:00:00+02:00,113_CT_3,0.0
2030,sc01,07-22 09:00:00+02:00,113_PV_1,101.9545705647
2030,sc01,07-22 09:00:00+02:00,118_RTPV_1,15.884400000000001
2030,sc01,07-22 09:00:00+02:00,118_RTPV_8,12.19969220498
2030,sc01,07-22 09:00:00+02:00,123_CT_5,0.0
2030,sc01,07-22 09:00:00+02:00,118_RTPV_6,10.565804852820001
2030,sc01,07-22 09:00:00+02:00,118_RTPV_5,9.91224991708
2030,sc01,07-22 09:00:00+02:00,102_STEAM_3,0.0
2030,sc01,07-22 09:00:00+02:00,102_CT_2,0.0
2030,sc01,07-22 09:00:00+02:00,118_RTPV_2,10.565804852820001
2030,sc01,07-22 09:00:00+02:00,113_CT_2,0.0
2030,sc01,07-22 09:00:00+02:00,113_CT_4,0.0
2030,sc01,07-22 09:00:00+02:00,118_RTPV_4,9.91224991708
2030,sc01,07-22 09:00:00+02:00,118_RTPV_9,11.219359797100001
2030,sc01,07-22 09:00:00+02:00,101_PV_4,24.06412033844
2030,sc01,07-22 09:00:00+02:00,115_STEAM_3,0.0
2030,sc01,07-22 09:00:00+02:00,123_STEAM_3,0.0
2030,sc01,07-23 06:00:00+02:00,113_CT_1,0.0
2030,sc01,07-23 06:00:00+02:00,107_CC_1,7.685839764566837
2030,sc01,07-23 06:00:00+02:00,101_CT_2,0.0
2030,sc01,07-23 06:00:00+02:00,101_STEAM_4,0.0
2030,sc01,07-23 06:00:00+02:00,102_CT_1,0.0
2030,sc01,07-23 06:00:00+02:00,123_CT_1,0.0
2030,sc01,07-23 06:00:00+02:00,118_RTPV_3,0.21456181563600002
2030,sc01,07-23 06:00:00+02:00,104_PV_1,1.27365399581
2030,sc01,07-23 06:00:00+02:00,102_PV_1,0.39949282715999995
2030,sc01,07-23 06:00:00+02:00,101_PV_1,0.160236098932
2030,sc01,07-23 06:00:00+02:00,101_STEAM_3,0.0
2030,sc01,07-23 06:00:00+02:00,115_STEAM_1,0.0
2030,sc01,07-23 06:00:00+02:00,115_STEAM_2,0.0
2030,sc01,07-23 06:00:00+02:00,123_CT_4,0.0
2030,sc01,07-23 06:00:00+02:00,121_NUCLEAR_1,17.248
2030,sc01,07-23 06:00:00+02:00,116_STEAM_1,0.0
2030,sc01,07-23 06:00:00+02:00,118_RTPV_7,0.269343555936
2030,sc01,07-23 06:00:00+02:00,119_PV_1,1.95296566094
2030,sc01,07-23 06:00:00+02:00,102_STEAM_4,0.0
2030,sc01,07-23 06:00:00+02:00,118_CC_1,11.071031342376463
2030,sc01,07-23 06:00:00+02:00,103_PV_1,0.9597190969800001
2030,sc01,07-23 06:00:00+02:00,122_WIND_1,14.701234951900002
2030,sc01,07-23 06:00:00+02:00,101_PV_2,0.16518547662400002
2030,sc01,07-23 06:00:00+02:00,118_RTPV_10,0.10271576294
2030,sc01,07-23 06:00:00+02:00,102_PV_2,0.394811270728
2030,sc01,07-23 06:00:00+02:00,101_PV_3,0.16209211564
2030,sc01,07-23 06:00:00+02:00,101_CT_1,0.0
2030,sc01,07-23 06:00:00+02:00,123_STEAM_2,0.0
2030,sc01,07-23 06:00:00+02:00,113_CT_3,0.0
2030,sc01,07-23 06:00:00+02:00,113_PV_1,2.1364878668
2030,sc01,07-23 06:00:00+02:00,118_RTPV_1,1.8228000000000002
2030,sc01,07-23 06:00:00+02:00,118_RTPV_8,0.255648120812
2030,sc01,07-23 06:00:00+02:00,123_CT_5,0.0
2030,sc01,07-23 06:00:00+02:00,118_RTPV_6,0.22140953329600002
2030,sc01,07-23 06:00:00+02:00,118_RTPV_5,0.207714098172
2030,sc01,07-23 06:00:00+02:00,102_STEAM_3,0.0
2030,sc01,07-23 06:00:00+02:00,102_CT_2,0.0
2030,sc01,07-23 06:00:00+02:00,118_RTPV_2,0.22140953329600002
2030,sc01,07-23 06:00:00+02:00,113_CT_2,0.0
2030,sc01,07-23 06:00:00+02:00,113_CT_4,0.0
2030,sc01,07-23 06:00:00+02:00,118_RTPV_4,0.207714098172
2030,sc01,07-23 06:00:00+02:00,118_RTPV_9,0.235104968224
2030,sc01,07-23 06:00:00+02:00,101_PV_4,0.159617426696
2030,sc01,07-23 06:00:00+02:00,115_STEAM_3,0.9194394406427273
2030,sc01,07-23 06:00:00+02:00,123_STEAM_3,0.0
2030,sc01,07-25 19:00:00+02:00,113_CT_1,0.0
2030,sc01,07-25 19:00:00+02:00,107_CC_1,9.447447969814409
2030,sc01,07-25 19:00:00+02:00,101_CT_2,0.0
2030,sc01,07-25 19:00:00+02:00,101_STEAM_4,0.0
2030,sc01,07-25 19:00:00+02:00,102_CT_1,0.0
2030,sc01,07-25 19:00:00+02:00,123_CT_1,0.0
2030,sc01,07-25 19:00:00+02:00,118_RTPV_3,0.073174225364
2030,sc01,07-25 19:00:00+02:00,104_PV_1,4.3952
2030,sc01,07-25 19:00:00+02:00,102_PV_1,0.256648876372
2030,sc01,07-25 19:00:00+02:00,101_PV_1,1.0253912876
2030,sc01,07-25 19:00:00+02:00,101_STEAM_3,0.0
2030,sc01,07-25 19:00:00+02:00,115_STEAM_1,0.0
2030,sc01,07-25 19:00:00+02:00,115_STEAM_2,0.0
2030,sc01,07-25 19:00:00+02:00,123_CT_4,0.0
2030,sc01,07-25 19:00:00+02:00,121_NUCLEAR_1,14.432000000000002
2030,sc01,07-25 19:00:00+02:00,116_STEAM_1,0.0
2030,sc01,07-25 19:00:00+02:00,118_RTPV_7,0.09185700630799999
2030,sc01,07-25 19:00:00+02:00,119_PV_1,0.16680682720000004
2030,sc01,07-25 19:00:00+02:00,102_STEAM_4,0.0
2030,sc01,07-25 19:00:00+02:00,118_CC_1,14.074684999999999
2030,sc01,07-25 19:00:00+02:00,103_PV_1,0.6165588241000001
2030,sc01,07-25 19:00:00+02:00,122_WIND_1,15.4441090547
2030,sc01,07-25 19:00:00+02:00,101_PV_2,1.05706360556
2030,sc01,07-25 19:00:00+02:00,118_RTPV_10,0.035030214352
2030,sc01,07-25 19:00:00+02:00,102_PV_2,0.253641272336
2030,sc01,07-25 19:00:00+02:00,101_PV_3,1.03726840663
2030,sc01,07-25 19:00:00+02:00,101_CT_1,0.0
2030,sc01,07-25 19:00:00+02:00,123_STEAM_2,1.3478862680215788
2030,sc01,07-25 19:00:00+02:00,113_CT_3,0.0
2030,sc01,07-25 19:00:00+02:00,113_PV_1,0.7286284569800001
2030,sc01,07-25 19:00:00+02:00,118_RTPV_1,1.5252000000000001
2030,sc01,07-25 19:00:00+02:00,118_RTPV_8,0.08718631107199999
2030,sc01,07-25 19:00:00+02:00,123_CT_5,0.0
2030,sc01,07-25 19:00:00+02:00,118_RTPV_6,0.075509573064
2030,sc01,07-25 19:00:00+02:00,118_RTPV_5,0.070838877828
2030,sc01,07-25 19:00:00+02:00,102_STEAM_3,0.0
2030,sc01,07-25 19:00:00+02:00,102_CT_2,0.0
2030,sc01,07-25 19:00:00+02:00,118_RTPV_2,0.075509573064
2030,sc01,07-25 19:00:00+02:00,113_CT_2,0.0
2030,sc01,07-25 19:00:00+02:00,113_CT_4,0.0
2030,sc01,07-25 19:00:00+02:00,118_RTPV_4,0.070838877828
2030,sc01,07-25 19:00:00+02:00,118_RTPV_9,0.0801802683
2030,sc01,07-25 19:00:00+02:00,101_PV_4,1.02143224806
2030,sc01,07-25 19:00:00+02:00,115_STEAM_3,4.782519249066017
2030,sc01,07-25 19:00:00+02:00,123_STEAM_3,0.0
2030,sc01,07-26 10:00:00+02:00,113_CT_1,0.0
2030,sc01,07-26 10:00:00+02:00,107_CC_1,0.0
2030,sc01,07-26 10:00:00+02:00,101_CT_2,0.0
2030,sc01,07-26 10:00:00+02:00,101_STEAM_4,0.0
2030,sc01,07-26 10:00:00+02:00,102_CT_1,0.0
2030,sc01,07-26 10:00:00+02:00,123_CT_1,0.0
2030,sc01,07-26 10:00:00+02:00,118_RTPV_3,1.97449859796
2030,sc01,07-26 10:00:00+02:00,104_PV_1,7.817251092
2030,sc01,07-26 10:00:00+02:00,102_PV_1,4.450209036
2030,sc01,07-26 10:00:00+02:00,101_PV_1,5.7323900424
2030,sc01,07-26 10:00:00+02:00,101_STEAM_3,0.0
2030,sc01,07-26 10:00:00+02:00,115_STEAM_1,0.0
2030,sc01,07-26 10:00:00+02:00,115_STEAM_2,0.0
2030,sc01,07-26 10:00:00+02:00,123_CT_4,0.0
2030,sc01,07-26 10:00:00+02:00,121_NUCLEAR_1,0.0
2030,sc01,07-26 10:00:00+02:00,116_STEAM_1,0.0
2030,sc01,07-26 10:00:00+02:00,118_RTPV_7,2.4786258991200003
2030,sc01,07-26 10:00:00+02:00,119_PV_1,17.336746165199997
2030,sc01,07-26 10:00:00+02:00,102_STEAM_4,0.0
2030,sc01,07-26 10:00:00+02:00,118_CC_1,0.0
2030,sc01,07-26 10:00:00+02:00,103_PV_1,10.6909318656
2030,sc01,07-26 10:00:00+02:00,122_WIND_1,46.04047038444
2030,sc01,07-26 10:00:00+02:00,101_PV_2,5.9094522816
2030,sc01,07-26 10:00:00+02:00,118_RTPV_10,0.9452386902
2030,sc01,07-26 10:00:00+02:00,102_PV_2,4.39805814672
2030,sc01,07-26 10:00:00+02:00,101_PV_3,5.79878838336
2030,sc01,07-26 10:00:00+02:00,101_CT_1,0.0
2030,sc01,07-26 10:00:00+02:00,123_STEAM_2,0.0
2030,sc01,07-26 10:00:00+02:00,113_CT_3,0.0
2030,sc01,07-26 10:00:00+02:00,113_PV_1,19.660964761200002
2030,sc01,07-26 10:00:00+02:00,118_RTPV_1,3.1248000000000005
2030,sc01,07-26 10:00:00+02:00,118_RTPV_8,2.35259407404
2030,sc01,07-26 10:00:00+02:00,123_CT_5,0.0
2030,sc01,07-26 10:00:00+02:00,118_RTPV_6,2.03751451008
2030,sc01,07-26 10:00:00+02:00,118_RTPV_5,1.911482685
2030,sc01,07-26 10:00:00+02:00,102_STEAM_3,0.0
2030,sc01,07-26 10:00:00+02:00,102_CT_2,0.0
2030,sc01,07-26 10:00:00+02:00,118_RTPV_2,2.03751451008
2030,sc01,07-26 10:00:00+02:00,113_CT_2,0.0
2030,sc01,07-26 10:00:00+02:00,113_CT_4,0.0
2030,sc01,07-26 10:00:00+02:00,118_RTPV_4,1.911482685
2030,sc01,07-26 10:00:00+02:00,118_RTPV_9,2.163546336
2030,sc01,07-26 10:00:00+02:00,101_PV_4,5.71025726208
2030,sc01,07-26 10:00:00+02:00,115_STEAM_3,0.0
2030,sc01,07-26 10:00:00+02:00,123_STEAM_3,0.0
2030,sc01,07-26 19:00:00+02:00,113_CT_1,0.0
2030,sc01,07-26 19:00:00+02:00,107_CC_1,12.584616127984754
2030,sc01,07-26 19:00:00+02:00,101_CT_2,0.0
2030,sc01,07-26 19:00:00+02:00,101_STEAM_4,0.0
2030,sc01,07-26 19:00:00+02:00,102_CT_1,0.0
2030,sc01,07-26 19:00:00+02:00,123_CT_1,0.0
2030,sc01,07-26 19:00:00+02:00,118_RTPV_3,0.077544289312
2030,sc01,07-26 19:00:00+02:00,104_PV_1,6.0032000000000005
2030,sc01,07-26 19:00:00+02:00,102_PV_1,0.24965630188799998
2030,sc01,07-26 19:00:00+02:00,101_PV_1,1.51488132656
2030,sc01,07-26 19:00:00+02:00,101_STEAM_3,0.0
2030,sc01,07-26 19:00:00+02:00,115_STEAM_1,0.0
2030,sc01,07-26 19:00:00+02:00,115_STEAM_2,0.0
2030,sc01,07-26 19:00:00+02:00,123_CT_4,0.0
2030,sc01,07-26 19:00:00+02:00,121_NUCLEAR_1,19.712000000000003
2030,sc01,07-26 19:00:00+02:00,116_STEAM_1,0.0
2030,sc01,07-26 19:00:00+02:00,118_RTPV_7,0.097342831264
2030,sc01,07-26 19:00:00+02:00,119_PV_1,0.22281767177600004
2030,sc01,07-26 19:00:00+02:00,102_STEAM_4,0.0
2030,sc01,07-26 19:00:00+02:00,118_CC_1,16.427011916622114
2030,sc01,07-26 19:00:00+02:00,103_PV_1,0.59976025648
2030,sc01,07-26 19:00:00+02:00,122_WIND_1,21.6398726488
2030,sc01,07-26 19:00:00+02:00,101_PV_2,1.5616730276
2030,sc01,07-26 19:00:00+02:00,118_RTPV_10,0.037122266272
2030,sc01,07-26 19:00:00+02:00,102_PV_2,0.246730642144
2030,sc01,07-26 19:00:00+02:00,101_PV_3,1.53242821424
2030,sc01,07-26 19:00:00+02:00,101_CT_1,0.0
2030,sc01,07-26 19:00:00+02:00,123_STEAM_2,0.0
2030,sc01,07-26 19:00:00+02:00,113_CT_3,0.0
2030,sc01,07-26 19:00:00+02:00,113_PV_1,0.77214313624
2030,sc01,07-26 19:00:00+02:00,118_RTPV_1,2.0832
2030,sc01,07-26 19:00:00+02:00,118_RTPV_8,0.092393195776
2030,sc01,07-26 19:00:00+02:00,123_CT_5,0.0
2030,sc01,07-26 19:00:00+02:00,118_RTPV_6,0.080019107168
2030,sc01,07-26 19:00:00+02:00,118_RTPV_5,0.07506947168
2030,sc01,07-26 19:00:00+02:00,102_STEAM_3,0.0
2030,sc01,07-26 19:00:00+02:00,102_CT_2,0.0
2030,sc01,07-26 19:00:00+02:00,118_RTPV_2,0.080019107168
2030,sc01,07-26 19:00:00+02:00,113_CT_2,0.0
2030,sc01,07-26 19:00:00+02:00,113_CT_4,0.0
2030,sc01,07-26 19:00:00+02:00,118_RTPV_4,0.07506947168
2030,sc01,07-26 19:00:00+02:00,118_RTPV_9,0.084968742656
2030,sc01,07-26 19:00:00+02:00,101_PV_4,1.50903236344
2030,sc01,07-26 19:00:00+02:00,115_STEAM_3,5.426846700529145
2030,sc01,07-26 19:00:00+02:00,123_STEAM_3,0.0
2030,sc01,07-27 07:00:00+02:00,113_CT_1,0.0
2030,sc01,07-27 07:00:00+02:00,107_CC_1,0.0
2030,sc01,07-27 07:00:00+02:00,101_CT_2,0.0
2030,sc01,07-27 07:00:00+02:00,101_STEAM_4,0.0
2030,sc01,07-27 07:00:00+02:00,102_CT_1,0.0
2030,sc01,07-27 07:00:00+02:00,123_CT_1,0.0
2030,sc01,07-27 07:00:00+02:00,118_RTPV_3,0.061301431936
2030,sc01,07-27 07:00:00+02:00,104_PV_1,0.81752523392
2030,sc01,07-27 07:00:00+02:00,102_PV_1,0.19518139264
2030,sc01,07-27 07:00:00+02:00,101_PV_1,0.154018257792
2030,sc01,07-27 07:00:00+02:00,101_STEAM_3,0.0
2030,sc01,07-27 07:00:00+02:00,115_STEAM_1,0.0
2030,sc01,07-27 07:00:00+02:00,115_STEAM_2,0.0
2030,sc01,07-27 07:00:00+02:00,123_CT_4,0.0
2030,sc01,07-27 07:00:00+02:00,121_NUCLEAR_1,0.0
2030,sc01,07-27 07:00:00+02:00,116_STEAM_1,0.0
2030,sc01,07-27 07:00:00+02:00,118_RTPV_7,0.076952861376
2030,sc01,07-27 07:00:00+02:00,119_PV_1,1.0777315193600001
2030,sc01,07-27 07:00:00+02:00,102_STEAM_4,0.0
2030,sc01,07-27 07:00:00+02:00,118_CC_1,0.0
2030,sc01,07-27 07:00:00+02:00,103_PV_1,0.46889279888
2030,sc01,07-27 07:00:00+02:00,122_WIND_1,13.197541484448008
2030,sc01,07-27 07:00:00+02:00,101_PV_2,0.15877557849600002
2030,sc01,07-27 07:00:00+02:00,118_RTPV_10,0.029346430208000002
2030,sc01,07-27 07:00:00+02:00,102_PV_2,0.19289411071999998
2030,sc01,07-27 07:00:00+02:00,101_PV_3,0.155802253056
2030,sc01,07-27 07:00:00+02:00,101_CT_1,0.0
2030,sc01,07-27 07:00:00+02:00,123_STEAM_2,0.0
2030,sc01,07-27 07:00:00+02:00,113_CT_3,0.0
2030,sc01,07-27 07:00:00+02:00,113_PV_1,0.61040574768
2030,sc01,07-27 07:00:00+02:00,118_RTPV_1,0.5952000000000001
2030,sc01,07-27 07:00:00+02:00,118_RTPV_8,0.07304000396799999
2030,sc01,07-27 07:00:00+02:00,123_CT_5,0.0
2030,sc01,07-27 07:00:00+02:00,118_RTPV_6,0.063257860608
2030,sc01,07-27 07:00:00+02:00,118_RTPV_5,0.059345003264
2030,sc01,07-27 07:00:00+02:00,102_STEAM_3,0.0
2030,sc01,07-27 07:00:00+02:00,102_CT_2,0.0
2030,sc01,07-27 07:00:00+02:00,118_RTPV_2,0.063257860608
2030,sc01,07-27 07:00:00+02:00,113_CT_2,0.0
2030,sc01,07-27 07:00:00+02:00,113_CT_4,0.0
2030,sc01,07-27 07:00:00+02:00,118_RTPV_4,0.059345003264
2030,sc01,07-27 07:00:00+02:00,118_RTPV_9,0.06717071795200001
2030,sc01,07-27 07:00:00+02:00,101_PV_4,0.153423592704
2030,sc01,07-27 07:00:00+02:00,115_STEAM_3,0.0
2030,sc01,07-27 07:00:00+02:00,123_STEAM_3,0.0
2030,sc01,08-01 19:00:00+02:00,113_CT_1,0.0
2030,sc01,08-01 19:00:00+02:00,107_CC_1,3.3081001989442456
2030,sc01,08-01 19:00:00+02:00,101_CT_2,0.0
2030,sc01,08-01 19:00:00+02:00,101_STEAM_4,0.0
2030,sc01,08-01 19:00:00+02:00,102_CT_1,0.0
2030,sc01,08-01 19:00:00+02:00,123_CT_1,0.0
2030,sc01,08-01 19:00:00+02:00,118_RTPV_3,0.029468851608000002
2030,sc01,08-01 19:00:00+02:00,104_PV_1,1.5008000000000001
2030,sc01,08-01 19:00:00+02:00,102_PV_1,0.06348280853600001
2030,sc01,08-01 19:00:00+02:00,101_PV_1,0.39870954424
2030,sc01,08-01 19:00:00+02:00,101_STEAM_3,0.0
2030,sc01,08-01 19:00:00+02:00,115_STEAM_1,0.0
2030,sc01,08-01 19:00:00+02:00,115_STEAM_2,0.0
2030,sc01,08-01 19:00:00+02:00,123_CT_4,0.0
2030,sc01,08-01 19:00:00+02:00,121_NUCLEAR_1,4.928000000000001
2030,sc01,08-01 19:00:00+02:00,116_STEAM_1,0.0
2030,sc01,08-01 19:00:00+02:00,118_RTPV_7,0.03699281376000001
2030,sc01,08-01 19:00:00+02:00,119_PV_1,0.048972366856
2030,sc01,08-01 19:00:00+02:00,102_STEAM_4,0.0
2030,sc01,08-01 19:00:00+02:00,118_CC_1,4.8059899999999995
2030,sc01,08-01 19:00:00+02:00,103_PV_1,0.15250752832
2030,sc01,08-01 19:00:00+02:00,122_WIND_1,0.5301406432
2030,sc01,08-01 19:00:00+02:00,101_PV_2,0.41102489694
2030,sc01,08-01 19:00:00+02:00,118_RTPV_10,0.014107429000000001
2030,sc01,08-01 19:00:00+02:00,102_PV_2,0.06273886936800001
2030,sc01,08-01 19:00:00+02:00,101_PV_3,0.40332780152000003
2030,sc01,08-01 19:00:00+02:00,101_CT_1,0.0
2030,sc01,08-01 19:00:00+02:00,123_STEAM_2,2.5590298155077527
2030,sc01,08-01 19:00:00+02:00,113_CT_3,0.0
2030,sc01,08-01 19:00:00+02:00,113_PV_1,0.29343452264
2030,sc01,08-01 19:00:00+02:00,118_RTPV_1,0.5208
2030,sc01,08-01 19:00:00+02:00,118_RTPV_8,0.035111823208
2030,sc01,08-01 19:00:00+02:00,123_CT_5,0.0
2030,sc01,08-01 19:00:00+02:00,118_RTPV_6,0.030409346912
2030,sc01,08-01 19:00:00+02:00,118_RTPV_5,0.028528356360000003
2030,sc01,08-01 19:00:00+02:00,102_STEAM_3,0.0
2030,sc01,08-01 19:00:00+02:00,102_CT_2,0.0
2030,sc01,08-01 19:00:00+02:00,118_RTPV_2,0.030409346912
2030,sc01,08-01 19:00:00+02:00,113_CT_2,0.0
2030,sc01,08-01 19:00:00+02:00,113_CT_4,0.0
2030,sc01,08-01 19:00:00+02:00,118_RTPV_4,0.028528356360000003
2030,sc01,08-01 19:00:00+02:00,118_RTPV_9,0.032290337408
2030,sc01,08-01 19:00:00+02:00,101_PV_4,0.39717012510000005
2030,sc01,08-01 19:00:00+02:00,115_STEAM_3,0.0
2030,sc01,08-01 19:00:00+02:00,123_STEAM_3,1.8032000000000004
2030,sc01,08-08 05:00:00+02:00,113_CT_1,0.0
2030,sc01,08-08 05:00:00+02:00,107_CC_1,7.502901791754713
2030,sc01,08-08 05:00:00+02:00,101_CT_2,0.0
2030,sc01,08-08 05:00:00+02:00,101_STEAM_4,0.0
2030,sc01,08-08 05:00:00+02:00,102_CT_1,0.0
2030,sc01,08-08 05:00:00+02:00,123_CT_1,0.0
2030,sc01,08-08 05:00:00+02:00,118_RTPV_3,0.016648291008000003
2030,sc01,08-08 05:00:00+02:00,104_PV_1,0.277851712512
2030,sc01,08-08 05:00:00+02:00,102_PV_1,0.102598478976
2030,sc01,08-08 05:00:00+02:00,101_PV_1,0.041268048960000005
2030,sc01,08-08 05:00:00+02:00,101_STEAM_3,0.0
2030,sc01,08-08 05:00:00+02:00,115_STEAM_1,0.0
2030,sc01,08-08 05:00:00+02:00,115_STEAM_2,0.0
2030,sc01,08-08 05:00:00+02:00,123_CT_4,0.0
2030,sc01,08-08 05:00:00+02:00,121_NUCLEAR_1,15.916014249083913
2030,sc01,08-08 05:00:00+02:00,116_STEAM_1,0.0
2030,sc01,08-08 05:00:00+02:00,118_RTPV_7,0.020898918528
2030,sc01,08-08 05:00:00+02:00,119_PV_1,0.41297452896
2030,sc01,08-08 05:00:00+02:00,102_STEAM_4,0.0
2030,sc01,08-08 05:00:00+02:00,118_CC_1,0.0
2030,sc01,08-08 05:00:00+02:00,103_PV_1,0.24647681491200002
2030,sc01,08-08 05:00:00+02:00,122_WIND_1,24.3287613504
2030,sc01,08-08 05:00:00+02:00,101_PV_2,0.042542737728000005
2030,sc01,08-08 05:00:00+02:00,118_RTPV_10,0.007969926528
2030,sc01,08-08 05:00:00+02:00,102_PV_2,0.101396153088
2030,sc01,08-08 05:00:00+02:00,101_PV_3,0.041746057152
2030,sc01,08-08 05:00:00+02:00,101_CT_1,0.0
2030,sc01,08-08 05:00:00+02:00,123_STEAM_2,0.0
2030,sc01,08-08 05:00:00+02:00,113_CT_3,0.0
2030,sc01,08-08 05:00:00+02:00,113_PV_1,0.165774471744
2030,sc01,08-08 05:00:00+02:00,118_RTPV_1,1.48586528256
2030,sc01,08-08 05:00:00+02:00,118_RTPV_8,0.019836261504000002
2030,sc01,08-08 05:00:00+02:00,123_CT_5,0.0
2030,sc01,08-08 05:00:00+02:00,118_RTPV_6,0.017179619328000002
2030,sc01,08-08 05:00:00+02:00,118_RTPV_5,0.016116962496
2030,sc01,08-08 05:00:00+02:00,102_STEAM_3,0.0
2030,sc01,08-08 05:00:00+02:00,102_CT_2,0.0
2030,sc01,08-08 05:00:00+02:00,118_RTPV_2,0.017179619328000002
2030,sc01,08-08 05:00:00+02:00,113_CT_2,0.0
2030,sc01,08-08 05:00:00+02:00,113_CT_4,0.0
2030,sc01,08-08 05:00:00+02:00,118_RTPV_4,0.016116962496
2030,sc01,08-08 05:00:00+02:00,118_RTPV_9,0.018242276352
2030,sc01,08-08 05:00:00+02:00,101_PV_4,0.041108712768
2030,sc01,08-08 05:00:00+02:00,115_STEAM_3,0.127957895993406
2030,sc01,08-08 05:00:00+02:00,123_STEAM_3,0.0
2030,sc01,08-08 20:00:00+02:00,113_CT_1,0.0
2030,sc01,08-08 20:00:00+02:00,107_CC_1,8.096340553268659
2030,sc01,08-08 20:00:00+02:00,101_CT_2,0.0
2030,sc01,08-08 20:00:00+02:00,101_STEAM_4,0.0
2030,sc01,08-08 20:00:00+02:00,102_CT_1,0.0
2030,sc01,08-08 20:00:00+02:00,123_CT_1,0.0
2030,sc01,08-08 20:00:00+02:00,118_RTPV_3,0.0
2030,sc01,08-08 20:00:00+02:00,104_PV_1,3.6448
2030,sc01,08-08 20:00:00+02:00,102_PV_1,0.06540653181600001
2030,sc01,08-08 20:00:00+02:00,101_PV_1,0.4191593372
2030,sc01,08-08 20:00:00+02:00,101_STEAM_3,0.0
2030,sc01,08-08 20:00:00+02:00,115_STEAM_1,0.0
2030,sc01,08-08 20:00:00+02:00,115_STEAM_2,0.0
2030,sc01,08-08 20:00:00+02:00,123_CT_4,0.0
2030,sc01,08-08 20:00:00+02:00,121_NUCLEAR_1,6.665484186718647
2030,sc01,08-08 20:00:00+02:00,116_STEAM_1,0.0
2030,sc01,08-08 20:00:00+02:00,118_RTPV_7,0.0
2030,sc01,08-08 20:00:00+02:00,119_PV_1,0.038415428224
2030,sc01,08-08 20:00:00+02:00,102_STEAM_4,0.0
2030,sc01,08-08 20:00:00+02:00,118_CC_1,0.0
2030,sc01,08-08 20:00:00+02:00,103_PV_1,0.15712897292
2030,sc01,08-08 20:00:00+02:00,122_WIND_1,29.065136028
2030,sc01,08-08 20:00:00+02:00,101_PV_2,0.43210634374
2030,sc01,08-08 20:00:00+02:00,118_RTPV_10,0.0
2030,sc01,08-08 20:00:00+02:00,102_PV_2,0.064640049008
2030,sc01,08-08 20:00:00+02:00,101_PV_3,0.42401446444
2030,sc01,08-08 20:00:00+02:00,101_CT_1,0.0
2030,sc01,08-08 20:00:00+02:00,123_STEAM_2,0.0
2030,sc01,08-08 20:00:00+02:00,113_CT_3,0.0
2030,sc01,08-08 20:00:00+02:00,113_PV_1,0.007145073616
2030,sc01,08-08 20:00:00+02:00,118_RTPV_1,0.064042530968
2030,sc01,08-08 20:00:00+02:00,118_RTPV_8,0.0
2030,sc01,08-08 20:00:00+02:00,123_CT_5,0.0
2030,sc01,08-08 20:00:00+02:00,118_RTPV_6,0.0
2030,sc01,08-08 20:00:00+02:00,118_RTPV_5,0.0
2030,sc01,08-08 20:00:00+02:00,102_STEAM_3,0.0
2030,sc01,08-08 20:00:00+02:00,102_CT_2,0.0
2030,sc01,08-08 20:00:00+02:00,118_RTPV_2,0.0
2030,sc01,08-08 20:00:00+02:00,113_CT_2,0.0
2030,sc01,08-08 20:00:00+02:00,113_CT_4,0.0
2030,sc01,08-08 20:00:00+02:00,118_RTPV_4,0.0
2030,sc01,08-08 20:00:00+02:00,118_RTPV_9,0.0
2030,sc01,08-08 20:00:00+02:00,101_PV_4,0.41754096134
2030,sc01,08-08 20:00:00+02:00,115_STEAM_3,3.5262377724406777
2030,sc01,08-08 20:00:00+02:00,123_STEAM_3,0.0
2030,sc01,08-12 06:00:00+02:00,113_CT_1,0.0
2030,sc01,08-12 06:00:00+02:00,107_CC_1,8.743438094716726
2030,sc01,08-12 06:00:00+02:00,101_CT_2,0.0
2030,sc01,08-12 06:00:00+02:00,101_STEAM_4,0.0
2030,sc01,08-12 06:00:00+02:00,102_CT_1,0.0
2030,sc01,08-12 06:00:00+02:00,123_CT_1,0.0
2030,sc01,08-12 06:00:00+02:00,118_RTPV_3,0.1529835241
2030,sc01,08-12 06:00:00+02:00,104_PV_1,1.42961162795
2030,sc01,08-12 06:00:00+02:00,102_PV_1,0.24435843388
2030,sc01,08-12 06:00:00+02:00,101_PV_1,0.08528423376
2030,sc01,08-12 06:00:00+02:00,101_STEAM_3,0.0
2030,sc01,08-12 06:00:00+02:00,115_STEAM_1,0.0
2030,sc01,08-12 06:00:00+02:00,115_STEAM_2,0.0
2030,sc01,08-12 06:00:00+02:00,123_CT_4,0.0
2030,sc01,08-12 06:00:00+02:00,121_NUCLEAR_1,2.7600413707475435
2030,sc01,08-12 06:00:00+02:00,116_STEAM_1,0.0
2030,sc01,08-12 06:00:00+02:00,118_RTPV_7,0.19204314712
2030,sc01,08-12 06:00:00+02:00,119_PV_1,1.31994704655
2030,sc01,08-12 06:00:00+02:00,102_STEAM_4,0.0
2030,sc01,08-12 06:00:00+02:00,118_CC_1,0.0
2030,sc01,08-12 06:00:00+02:00,103_PV_1,0.5870329564
2030,sc01,08-12 06:00:00+02:00,122_WIND_1,47.00691847517839
2030,sc01,08-12 06:00:00+02:00,101_PV_2,0.08791849594
2030,sc01,08-12 06:00:00+02:00,118_RTPV_10,0.07323679352
2030,sc01,08-12 06:00:00+02:00,102_PV_2,0.24149485843999996
2030,sc01,08-12 06:00:00+02:00,101_PV_3,0.08627208216
2030,sc01,08-12 06:00:00+02:00,101_CT_1,0.0
2030,sc01,08-12 06:00:00+02:00,123_STEAM_2,0.0
2030,sc01,08-12 06:00:00+02:00,113_CT_3,0.0
2030,sc01,08-12 06:00:00+02:00,113_PV_1,1.52332530295
2030,sc01,08-12 06:00:00+02:00,118_RTPV_1,2.0460000000000003
2030,sc01,08-12 06:00:00+02:00,118_RTPV_8,0.18227824142000001
2030,sc01,08-12 06:00:00+02:00,123_CT_5,0.0
2030,sc01,08-12 06:00:00+02:00,118_RTPV_6,0.15786597684000003
2030,sc01,08-12 06:00:00+02:00,118_RTPV_5,0.14810107113999998
2030,sc01,08-12 06:00:00+02:00,102_STEAM_3,0.0
2030,sc01,08-12 06:00:00+02:00,102_CT_2,0.0
2030,sc01,08-12 06:00:00+02:00,118_RTPV_2,0.15786597684000003
2030,sc01,08-12 06:00:00+02:00,113_CT_2,0.0
2030,sc01,08-12 06:00:00+02:00,113_CT_4,0.0
2030,sc01,08-12 06:00:00+02:00,118_RTPV_4,0.14810107113999998
2030,sc01,08-12 06:00:00+02:00,118_RTPV_9,0.16763088276000002
2030,sc01,08-12 06:00:00+02:00,101_PV_4,0.08495495096
2030,sc01,08-12 06:00:00+02:00,115_STEAM_3,0.01759652253738031
2030,sc01,08-12 06:00:00+02:00,123_STEAM_3,0.0
2030,sc01,08-13 16:00:00+02:00,113_CT_1,0.0
2030,sc01,08-13 16:00:00+02:00,107_CC_1,0.49414957708972396
2030,sc01,08-13 16:00:00+02:00,101_CT_2,0.0
2030,sc01,08-13 16:00:00+02:00,101_STEAM_4,0.0
2030,sc01,08-13 16:00:00+02:00,102_CT_1,0.0
2030,sc01,08-13 16:00:00+02:00,123_CT_1,0.0
2030,sc01,08-13 16:00:00+02:00,118_RTPV_3,0.68963666746
2030,sc01,08-13 16:00:00+02:00,104_PV_1,1.5075904440199999
2030,sc01,08-13 16:00:00+02:00,102_PV_1,0.0
2030,sc01,08-13 16:00:00+02:00,101_PV_1,4.59742655696
2030,sc01,08-13 16:00:00+02:00,101_STEAM_3,0.0
2030,sc01,08-13 16:00:00+02:00,115_STEAM_1,0.0
2030,sc01,08-13 16:00:00+02:00,115_STEAM_2,0.0
2030,sc01,08-13 16:00:00+02:00,123_CT_4,0.0
2030,sc01,08-13 16:00:00+02:00,121_NUCLEAR_1,2.913645122459182
2030,sc01,08-13 16:00:00+02:00,116_STEAM_1,0.0
2030,sc01,08-13 16:00:00+02:00,118_RTPV_7,0.86571411436
2030,sc01,08-13 16:00:00+02:00,119_PV_1,3.2183695864
2030,sc01,08-13 16:00:00+02:00,102_STEAM_4,0.0
2030,sc01,08-13 16:00:00+02:00,118_CC_1,0.0
2030,sc01,08-13 16:00:00+02:00,103_PV_1,7.4371444762
2030,sc01,08-13 16:00:00+02:00,122_WIND_1,49.66536013515594
2030,sc01,08-13 16:00:00+02:00,101_PV_2,3.7376255733512527
2030,sc01,08-13 16:00:00+02:00,118_RTPV_10,0.33014521318400003
2030,sc01,08-13 16:00:00+02:00,102_PV_2,0.0
2030,sc01,08-13 16:00:00+02:00,101_PV_3,4.65067860272
2030,sc01,08-13 16:00:00+02:00,101_CT_1,0.0
2030,sc01,08-13 16:00:00+02:00,123_STEAM_2,0.0
2030,sc01,08-13 16:00:00+02:00,113_CT_3,0.0
2030,sc01,08-13 16:00:00+02:00,113_PV_1,6.867020432
2030,sc01,08-13 16:00:00+02:00,118_RTPV_1,2.1576000000000004
2030,sc01,08-13 16:00:00+02:00,118_RTPV_8,0.8216947522
2030,sc01,08-13 16:00:00+02:00,123_CT_5,0.0
2030,sc01,08-13 16:00:00+02:00,118_RTPV_6,0.71164634796
2030,sc01,08-13 16:00:00+02:00,118_RTPV_5,0.6676269863800001
2030,sc01,08-13 16:00:00+02:00,102_STEAM_3,0.0
2030,sc01,08-13 16:00:00+02:00,102_CT_2,0.0
2030,sc01,08-13 16:00:00+02:00,118_RTPV_2,0.71164634796
2030,sc01,08-13 16:00:00+02:00,113_CT_2,0.0
2030,sc01,08-13 16:00:00+02:00,113_CT_4,0.0
2030,sc01,08-13 16:00:00+02:00,118_RTPV_4,0.6676269863800001
2030,sc01,08-13 16:00:00+02:00,118_RTPV_9,0.7556657101200001
2030,sc01,08-13 16:00:00+02:00,101_PV_4,0.0
2030,sc01,08-13 16:00:00+02:00,115_STEAM_3,0.0
2030,sc01,08-13 16:00:00+02:00,123_STEAM_3,0.0
2030,sc01,08-19 08:00:00+02:00,113_CT_1,0.0
2030,sc01,08-19 08:00:00+02:00,107_CC_1,0.0
2030,sc01,08-19 08:00:00+02:00,101_CT_2,0.0
2030,sc01,08-19 08:00:00+02:00,101_STEAM_4,0.0
2030,sc01,08-19 08:00:00+02:00,102_CT_1,0.0
2030,sc01,08-19 08:00:00+02:00,123_CT_1,0.0
2030,sc01,08-19 08:00:00+02:00,118_RTPV_3,2.06929071846
2030,sc01,08-19 08:00:00+02:00,104_PV_1,9.10999626768
2030,sc01,08-19 08:00:00+02:00,102_PV_1,3.78973132524
2030,sc01,08-19 08:00:00+02:00,101_PV_1,4.61750788548
2030,sc01,08-19 08:00:00+02:00,101_STEAM_3,0.0
2030,sc01,08-19 08:00:00+02:00,115_STEAM_1,0.0
2030,sc01,08-19 08:00:00+02:00,115_STEAM_2,0.0
2030,sc01,08-19 08:00:00+02:00,123_CT_4,0.0
2030,sc01,08-19 08:00:00+02:00,121_NUCLEAR_1,0.0
2030,sc01,08-19 08:00:00+02:00,116_STEAM_1,0.0
2030,sc01,08-19 08:00:00+02:00,118_RTPV_7,2.5976202638399997
2030,sc01,08-19 08:00:00+02:00,119_PV_1,9.442888907760002
2030,sc01,08-19 08:00:00+02:00,102_STEAM_4,0.0
2030,sc01,08-19 08:00:00+02:00,118_CC_1,0.0
2030,sc01,08-19 08:00:00+02:00,103_PV_1,9.104237362080001
2030,sc01,08-19 08:00:00+02:00,122_WIND_1,91.96940571789605
2030,sc01,08-19 08:00:00+02:00,101_PV_2,4.760133611940001
2030,sc01,08-19 08:00:00+02:00,118_RTPV_10,0.990617897304
2030,sc01,08-19 08:00:00+02:00,102_PV_2,3.74532041142
2030,sc01,08-19 08:00:00+02:00,101_PV_3,4.670992533060001
2030,sc01,08-19 08:00:00+02:00,101_CT_1,0.0
2030,sc01,08-19 08:00:00+02:00,123_STEAM_2,0.0
2030,sc01,08-19 08:00:00+02:00,113_CT_3,0.0
2030,sc01,08-19 08:00:00+02:00,113_PV_1,20.604852261
2030,sc01,08-19 08:00:00+02:00,118_RTPV_1,4.687200000000001
2030,sc01,08-19 08:00:00+02:00,118_RTPV_8,2.46553787844
2030,sc01,08-19 08:00:00+02:00,123_CT_5,0.0
2030,sc01,08-19 08:00:00+02:00,118_RTPV_6,2.1353319124200003
2030,sc01,08-19 08:00:00+02:00,118_RTPV_5,2.00324952576
2030,sc01,08-19 08:00:00+02:00,102_STEAM_3,0.0
2030,sc01,08-19 08:00:00+02:00,102_CT_2,0.0
2030,sc01,08-19 08:00:00+02:00,118_RTPV_2,2.1353319124200003
2030,sc01,08-19 08:00:00+02:00,113_CT_2,0.0
2030,sc01,08-19 08:00:00+02:00,113_CT_4,0.0
2030,sc01,08-19 08:00:00+02:00,118_RTPV_4,2.00324952576
2030,sc01,08-19 08:00:00+02:00,118_RTPV_9,2.2674142978200003
2030,sc01,08-19 08:00:00+02:00,101_PV_4,4.59967967046
2030,sc01,08-19 08:00:00+02:00,115_STEAM_3,0.0
2030,sc01,08-19 08:00:00+02:00,123_STEAM_3,0.0
2030,sc01,08-22 06:00:00+02:00,113_CT_1,0.0
2030,sc01,08-22 06:00:00+02:00,107_CC_1,9.596483896146323
2030,sc01,08-22 06:00:00+02:00,101_CT_2,0.0
2030,sc01,08-22 06:00:00+02:00,101_STEAM_4,0.0
2030,sc01,08-22 06:00:00+02:00,102_CT_1,0.0
2030,sc01,08-22 06:00:00+02:00,123_CT_1,0.0
2030,sc01,08-22 06:00:00+02:00,118_RTPV_3,0.14040205692
2030,sc01,08-22 06:00:00+02:00,104_PV_1,1.37923987654
2030,sc01,08-22 06:00:00+02:00,102_PV_1,0.24771730866799996
2030,sc01,08-22 06:00:00+02:00,101_PV_1,0.05887759529599999
2030,sc01,08-22 06:00:00+02:00,101_STEAM_3,0.0
2030,sc01,08-22 06:00:00+02:00,115_STEAM_1,0.0
2030,sc01,08-22 06:00:00+02:00,115_STEAM_2,0.0
2030,sc01,08-22 06:00:00+02:00,123_CT_4,0.0
2030,sc01,08-22 06:00:00+02:00,121_NUCLEAR_1,13.21094645551483
2030,sc01,08-22 06:00:00+02:00,116_STEAM_1,0.0
2030,sc01,08-22 06:00:00+02:00,118_RTPV_7,0.17624939043600002
2030,sc01,08-22 06:00:00+02:00,119_PV_1,1.75639261996
2030,sc01,08-22 06:00:00+02:00,102_STEAM_4,0.0
2030,sc01,08-22 06:00:00+02:00,118_CC_1,0.0
2030,sc01,08-22 06:00:00+02:00,103_PV_1,0.59510212825
2030,sc01,08-22 06:00:00+02:00,122_WIND_1,42.2597770012
2030,sc01,08-22 06:00:00+02:00,101_PV_2,0.06069620822800001
2030,sc01,08-22 06:00:00+02:00,118_RTPV_10,0.067213750608
2030,sc01,08-22 06:00:00+02:00,102_PV_2,0.244814371316
2030,sc01,08-22 06:00:00+02:00,101_PV_3,0.059559575116
2030,sc01,08-22 06:00:00+02:00,101_CT_1,0.0
2030,sc01,08-22 06:00:00+02:00,123_STEAM_2,0.0
2030,sc01,08-22 06:00:00+02:00,113_CT_3,0.0
2030,sc01,08-22 06:00:00+02:00,113_PV_1,1.39804601267
2030,sc01,08-22 06:00:00+02:00,118_RTPV_1,2.1948000000000003
2030,sc01,08-22 06:00:00+02:00,118_RTPV_8,0.167287557116
2030,sc01,08-22 06:00:00+02:00,123_CT_5,0.0
2030,sc01,08-22 06:00:00+02:00,118_RTPV_6,0.14488297358000002
2030,sc01,08-22 06:00:00+02:00,118_RTPV_5,0.135921140024
2030,sc01,08-22 06:00:00+02:00,102_STEAM_3,0.0
2030,sc01,08-22 06:00:00+02:00,102_CT_2,0.0
2030,sc01,08-22 06:00:00+02:00,118_RTPV_2,0.14488297358000002
2030,sc01,08-22 06:00:00+02:00,113_CT_2,0.0
2030,sc01,08-22 06:00:00+02:00,113_CT_4,0.0
2030,sc01,08-22 06:00:00+02:00,118_RTPV_4,0.135921140024
2030,sc01,08-22 06:00:00+02:00,118_RTPV_9,0.1538448069
2030,sc01,08-22 06:00:00+02:00,101_PV_4,0.058650268532000005
2030,sc01,08-22 06:00:00+02:00,115_STEAM_3,4.505422801714886
2030,sc01,08-22 06:00:00+02:00,123_STEAM_3,0.0
2030,sc01,08-26 00:00:00+02:00,113_CT_1,0.0
2030,sc01,08-26 00:00:00+02:00,107_CC_1,0.0
2030,sc01,08-26 00:00:00+02:00,101_CT_2,0.0
2030,sc01,08-26 00:00:00+02:00,101_STEAM_4,0.0
2030,sc01,08-26 00:00:00+02:00,102_CT_1,0.0
2030,sc01,08-26 00:00:00+02:00,123_CT_1,0.0
2030,sc01,08-26 00:00:00+02:00,118_RTPV_3,36.9608
2030,sc01,08-26 00:00:00+02:00,104_PV_1,105.3776
2030,sc01,08-26 00:00:00+02:00,102_PV_1,0.0
2030,sc01,08-26 00:00:00+02:00,101_PV_1,0.0
2030,sc01,08-26 00:00:00+02:00,101_STEAM_3,0.0
2030,sc01,08-26 00:00:00+02:00,115_STEAM_1,0.0
2030,sc01,08-26 00:00:00+02:00,115_STEAM_2,0.0
2030,sc01,08-26 00:00:00+02:00,123_CT_4,0.0
2030,sc01,08-26 00:00:00+02:00,121_NUCLEAR_1,0.0
2030,sc01,08-26 00:00:00+02:00,116_STEAM_1,0.0
2030,sc01,08-26 00:00:00+02:00,118_RTPV_7,0.0
2030,sc01,08-26 00:00:00+02:00,119_PV_1,261.8712
2030,sc01,08-26 00:00:00+02:00,102_STEAM_4,0.0
2030,sc01,08-26 00:00:00+02:00,118_CC_1,0.0
2030,sc01,08-26 00:00:00+02:00,103_PV_1,0.0
2030,sc01,08-26 00:00:00+02:00,122_WIND_1,0.0
2030,sc01,08-26 00:00:00+02:00,101_PV_2,0.0
2030,sc01,08-26 00:00:00+02:00,118_RTPV_10,0.0
2030,sc01,08-26 00:00:00+02:00,102_PV_2,0.0
2030,sc01,08-26 00:00:00+02:00,101_PV_3,0.0
2030,sc01,08-26 00:00:00+02:00,101_CT_1,0.0
2030,sc01,08-26 00:00:00+02:00,123_STEAM_2,0.0
2030,sc01,08-26 00:00:00+02:00,113_CT_3,0.0
2030,sc01,08-26 00:00:00+02:00,113_PV_1,368.03520000000003
2030,sc01,08-26 00:00:00+02:00,118_RTPV_1,0.0
2030,sc01,08-26 00:00:00+02:00,118_RTPV_8,0.0
2030,sc01,08-26 00:00:00+02:00,123_CT_5,0.0
2030,sc01,08-26 00:00:00+02:00,118_RTPV_6,0.0
2030,sc01,08-26 00:00:00+02:00,118_RTPV_5,0.0
2030,sc01,08-26 00:00:00+02:00,102_STEAM_3,0.0
2030,sc01,08-26 00:00:00+02:00,102_CT_2,0.0
2030,sc01,08-26 00:00:00+02:00,118_RTPV_2,0.0
2030,sc01,08-26 00:00:00+02:00,113_CT_2,0.0
2030,sc01,08-26 00:00:00+02:00,113_CT_4,0.0
2030,sc01,08-26 00:00:00+02:00,118_RTPV_4,0.0
2030,sc01,08-26 00:00:00+02:00,118_RTPV_9,28.77552839055961
2030,sc01,08-26 00:00:00+02:00,101_PV_4,0.0
2030,sc01,08-26 00:00:00+02:00,115_STEAM_3,0.0
2030,sc01,08-26 00:00:00+02:00,123_STEAM_3,0.0
2030,sc01,08-26 17:00:00+02:00,113_CT_1,0.0
2030,sc01,08-26 17:00:00+02:00,107_CC_1,6.237372312522068
2030,sc01,08-26 17:00:00+02:00,101_CT_2,0.0
2030,sc01,08-26 17:00:00+02:00,101_STEAM_4,0.0
2030,sc01,08-26 17:00:00+02:00,102_CT_1,0.0
2030,sc01,08-26 17:00:00+02:00,123_CT_1,0.0
2030,sc01,08-26 17:00:00+02:00,118_RTPV_3,0.22425332479199997
2030,sc01,08-26 17:00:00+02:00,104_PV_1,0.10820187036000001
2030,sc01,08-26 17:00:00+02:00,102_PV_1,0.78116833107
2030,sc01,08-26 17:00:00+02:00,101_PV_1,0.8568186733800001
2030,sc01,08-26 17:00:00+02:00,101_STEAM_3,0.0
2030,sc01,08-26 17:00:00+02:00,115_STEAM_1,0.0
2030,sc01,08-26 17:00:00+02:00,115_STEAM_2,0.0
2030,sc01,08-26 17:00:00+02:00,123_CT_4,0.0
2030,sc01,08-26 17:00:00+02:00,121_NUCLEAR_1,9.504000000000001
2030,sc01,08-26 17:00:00+02:00,116_STEAM_1,0.0
2030,sc01,08-26 17:00:00+02:00,118_RTPV_7,0.28150949277
2030,sc01,08-26 17:00:00+02:00,119_PV_1,0.65225932371
2030,sc01,08-26 17:00:00+02:00,102_STEAM_4,0.0
2030,sc01,08-26 17:00:00+02:00,118_CC_1,9.268695
2030,sc01,08-26 17:00:00+02:00,103_PV_1,1.87663485744
2030,sc01,08-26 17:00:00+02:00,122_WIND_1,7.3859257701
2030,sc01,08-26 17:00:00+02:00,101_PV_2,0.8832841149600001
2030,sc01,08-26 17:00:00+02:00,118_RTPV_10,0.10735531506
2030,sc01,08-26 17:00:00+02:00,102_PV_2,0.7720140148200001
2030,sc01,08-26 17:00:00+02:00,101_PV_3,0.8667432137699999
2030,sc01,08-26 17:00:00+02:00,101_CT_1,0.0
2030,sc01,08-26 17:00:00+02:00,123_STEAM_2,1.1783473688910455
2030,sc01,08-26 17:00:00+02:00,113_CT_3,0.0
2030,sc01,08-26 17:00:00+02:00,113_PV_1,2.23299055368
2030,sc01,08-26 17:00:00+02:00,118_RTPV_1,1.0044000000000002
2030,sc01,08-26 17:00:00+02:00,118_RTPV_8,0.267195450816
2030,sc01,08-26 17:00:00+02:00,123_CT_5,0.0
2030,sc01,08-26 17:00:00+02:00,118_RTPV_6,0.23141034579600003
2030,sc01,08-26 17:00:00+02:00,118_RTPV_5,0.21709630378800002
2030,sc01,08-26 17:00:00+02:00,102_STEAM_3,0.0
2030,sc01,08-26 17:00:00+02:00,102_CT_2,0.0
2030,sc01,08-26 17:00:00+02:00,118_RTPV_2,0.23141034579600003
2030,sc01,08-26 17:00:00+02:00,113_CT_2,0.0
2030,sc01,08-26 17:00:00+02:00,113_CT_4,0.0
2030,sc01,08-26 17:00:00+02:00,118_RTPV_4,0.21709630378800002
2030,sc01,08-26 17:00:00+02:00,118_RTPV_9,0.24572438780400002
2030,sc01,08-26 17:00:00+02:00,101_PV_4,0.85351049298
2030,sc01,08-26 17:00:00+02:00,115_STEAM_3,1.579985562146888
2030,sc01,08-26 17:00:00+02:00,123_STEAM_3,0.0
2030,sc01,08-28 16:00:00+02:00,113_CT_1,0.0
2030,sc01,08-28 16:00:00+02:00,107_CC_1,16.79754698516399
2030,sc01,08-28 16:00:00+02:00,101_CT_2,0.0
2030,sc01,08-28 16:00:00+02:00,101_STEAM_4,0.0
2030,sc01,08-28 16:00:00+02:00,102_CT_1,0.0
2030,sc01,08-28 16:00:00+02:00,123_CT_1,0.0
2030,sc01,08-28 16:00:00+02:00,118_RTPV_3,0.606475467048
2030,sc01,08-28 16:00:00+02:00,104_PV_1,1.48042865916
2030,sc01,08-28 16:00:00+02:00,102_PV_1,2.9181938913600005
2030,sc01,08-28 16:00:00+02:00,101_PV_1,5.439276345360001
2030,sc01,08-28 16:00:00+02:00,101_STEAM_3,0.0
2030,sc01,08-28 16:00:00+02:00,115_STEAM_1,0.0
2030,sc01,08-28 16:00:00+02:00,115_STEAM_2,0.0
2030,sc01,08-28 16:00:00+02:00,123_CT_4,0.0
2030,sc01,08-28 16:00:00+02:00,121_NUCLEAR_1,23.232000000000003
2030,sc01,08-28 16:00:00+02:00,116_STEAM_1,0.0
2030,sc01,08-28 16:00:00+02:00,118_RTPV_7,0.76132026696
2030,sc01,08-28 16:00:00+02:00,119_PV_1,4.2045049992
2030,sc01,08-28 16:00:00+02:00,102_STEAM_4,0.0
2030,sc01,08-28 16:00:00+02:00,118_CC_1,10.84974
2030,sc01,08-28 16:00:00+02:00,103_PV_1,7.0105048530000005
2030,sc01,08-28 16:00:00+02:00,122_WIND_1,14.955751621800001
2030,sc01,08-28 16:00:00+02:00,101_PV_2,5.60728488144
2030,sc01,08-28 16:00:00+02:00,118_RTPV_10,0.290334000264
2030,sc01,08-28 16:00:00+02:00,102_PV_2,2.88399630552
2030,sc01,08-28 16:00:00+02:00,101_PV_3,5.5022795467200005
2030,sc01,08-28 16:00:00+02:00,101_CT_1,0.0
2030,sc01,08-28 16:00:00+02:00,123_STEAM_2,0.0
2030,sc01,08-28 16:00:00+02:00,113_CT_3,0.0
2030,sc01,08-28 16:00:00+02:00,113_PV_1,6.03894720264
2030,sc01,08-28 16:00:00+02:00,118_RTPV_1,2.4552
2030,sc01,08-28 16:00:00+02:00,118_RTPV_8,0.72260906718
2030,sc01,08-28 16:00:00+02:00,123_CT_5,0.0
2030,sc01,08-28 16:00:00+02:00,118_RTPV_6,0.625831066872
2030,sc01,08-28 16:00:00+02:00,118_RTPV_5,0.58711986696
2030,sc01,08-28 16:00:00+02:00,102_STEAM_3,0.0
2030,sc01,08-28 16:00:00+02:00,102_CT_2,0.0
2030,sc01,08-28 16:00:00+02:00,118_RTPV_2,0.625831066872
2030,sc01,08-28 16:00:00+02:00,113_CT_2,0.0
2030,sc01,08-28 16:00:00+02:00,113_CT_4,0.0
2030,sc01,08-28 16:00:00+02:00,118_RTPV_4,0.58711986696
2030,sc01,08-28 16:00:00+02:00,118_RTPV_9,0.66454226718
2030,sc01,08-28 16:00:00+02:00,101_PV_4,5.418275277360001
2030,sc01,08-28 16:00:00+02:00,115_STEAM_3,0.0
2030,sc01,08-28 16:00:00+02:00,123_STEAM_3,0.0
2030,sc01,09-02 10:00:00+02:00,113_CT_1,0.0
2030,sc01,09-02 10:00:00+02:00,107_CC_1,0.0
2030,sc01,09-02 10:00:00+02:00,101_CT_2,0.0
2030,sc01,09-02 10:00:00+02:00,101_STEAM_4,0.0
2030,sc01,09-02 10:00:00+02:00,102_CT_1,0.0
2030,sc01,09-02 10:00:00+02:00,123_CT_1,0.0
2030,sc01,09-02 10:00:00+02:00,118_RTPV_3,0.12205913988
2030,sc01,09-02 10:00:00+02:00,104_PV_1,0.37091422640000005
2030,sc01,09-02 10:00:00+02:00,102_PV_1,0.1266653267187493
2030,sc01,09-02 10:00:00+02:00,101_PV_1,0.29188547696
2030,sc01,09-02 10:00:00+02:00,101_STEAM_3,0.0
2030,sc01,09-02 10:00:00+02:00,115_STEAM_1,0.0
2030,sc01,09-02 10:00:00+02:00,115_STEAM_2,0.0
2030,sc01,09-02 10:00:00+02:00,123_CT_4,0.0
2030,sc01,09-02 10:00:00+02:00,121_NUCLEAR_1,0.0
2030,sc01,09-02 10:00:00+02:00,116_STEAM_1,0.0
2030,sc01,09-02 10:00:00+02:00,118_RTPV_7,0.15322317559999998
2030,sc01,09-02 10:00:00+02:00,119_PV_1,0.17578760544
2030,sc01,09-02 10:00:00+02:00,102_STEAM_4,0.0
2030,sc01,09-02 10:00:00+02:00,118_CC_1,0.0
2030,sc01,09-02 10:00:00+02:00,103_PV_1,0.7828573128
2030,sc01,09-02 10:00:00+02:00,122_WIND_1,1.5419481100812515
2030,sc01,09-02 10:00:00+02:00,101_PV_2,0.30090124464
2030,sc01,09-02 10:00:00+02:00,118_RTPV_10,0.05843256696
2030,sc01,09-02 10:00:00+02:00,102_PV_2,0.32205349616
2030,sc01,09-02 10:00:00+02:00,101_PV_3,0.29526638992
2030,sc01,09-02 10:00:00+02:00,101_CT_1,0.0
2030,sc01,09-02 10:00:00+02:00,123_STEAM_2,0.0
2030,sc01,09-02 10:00:00+02:00,113_CT_3,0.0
2030,sc01,09-02 10:00:00+02:00,113_PV_1,1.2153973928000001
2030,sc01,09-02 10:00:00+02:00,118_RTPV_1,0.14880000000000002
2030,sc01,09-02 10:00:00+02:00,118_RTPV_8,0.14543216664
2030,sc01,09-02 10:00:00+02:00,123_CT_5,0.0
2030,sc01,09-02 10:00:00+02:00,118_RTPV_6,0.12595464432
2030,sc01,09-02 10:00:00+02:00,118_RTPV_5,0.11816363540000001
2030,sc01,09-02 10:00:00+02:00,102_STEAM_3,0.0
2030,sc01,09-02 10:00:00+02:00,102_CT_2,0.0
2030,sc01,09-02 10:00:00+02:00,118_RTPV_2,0.12595464432
2030,sc01,09-02 10:00:00+02:00,113_CT_2,0.0
2030,sc01,09-02 10:00:00+02:00,113_CT_4,0.0
2030,sc01,09-02 10:00:00+02:00,118_RTPV_4,0.11816363540000001
2030,sc01,09-02 10:00:00+02:00,118_RTPV_9,0.13374565328000002
2030,sc01,09-02 10:00:00+02:00,101_PV_4,0.29075850608000003
2030,sc01,09-02 10:00:00+02:00,115_STEAM_3,0.0
2030,sc01,09-02 10:00:00+02:00,123_STEAM_3,0.0
2030,sc01,09-03 18:00:00+02:00,113_CT_1,0.0
2030,sc01,09-03 18:00:00+02:00,107_CC_1,12.378536024189883
2030,sc01,09-03 18:00:00+02:00,101_CT_2,0.0
2030,sc01,09-03 18:00:00+02:00,101_STEAM_4,0.0
2030,sc01,09-03 18:00:00+02:00,102_CT_1,0.0
2030,sc01,09-03 18:00:00+02:00,123_CT_1,0.0
2030,sc01,09-03 18:00:00+02:00,118_RTPV_3,0.053522121952000005
2030,sc01,09-03 18:00:00+02:00,104_PV_1,5.5744
2030,sc01,09-03 18:00:00+02:00,102_PV_1,0.524779008
2030,sc01,09-03 18:00:00+02:00,101_PV_1,1.64937095648
2030,sc01,09-03 18:00:00+02:00,101_STEAM_3,0.0
2030,sc01,09-03 18:00:00+02:00,115_STEAM_1,0.0
2030,sc01,09-03 18:00:00+02:00,115_STEAM_2,0.0
2030,sc01,09-03 18:00:00+02:00,123_CT_4,0.0
2030,sc01,09-03 18:00:00+02:00,121_NUCLEAR_1,9.418991418485302
2030,sc01,09-03 18:00:00+02:00,116_STEAM_1,0.0
2030,sc01,09-03 18:00:00+02:00,118_RTPV_7,0.067187344432
2030,sc01,09-03 18:00:00+02:00,119_PV_1,0.21180501763200002
2030,sc01,09-03 18:00:00+02:00,102_STEAM_4,0.0
2030,sc01,09-03 18:00:00+02:00,118_CC_1,0.0
2030,sc01,09-03 18:00:00+02:00,103_PV_1,1.2606995699999999
2030,sc01,09-03 18:00:00+02:00,122_WIND_1,44.897919794950596
2030,sc01,09-03 18:00:00+02:00,101_PV_2,1.70031677764
2030,sc01,09-03 18:00:00+02:00,118_RTPV_10,0.025622292384000003
2030,sc01,09-03 18:00:00+02:00,102_PV_2,0.518629254
2030,sc01,09-03 18:00:00+02:00,101_PV_3,1.66847563948
2030,sc01,09-03 18:00:00+02:00,101_CT_1,0.0
2030,sc01,09-03 18:00:00+02:00,123_STEAM_2,0.0
2030,sc01,09-03 18:00:00+02:00,113_CT_3,0.0
2030,sc01,09-03 18:00:00+02:00,113_PV_1,0.5329436814
2030,sc01,09-03 18:00:00+02:00,118_RTPV_1,1.9344000000000001
2030,sc01,09-03 18:00:00+02:00,118_RTPV_8,0.06377103886400001
2030,sc01,09-03 18:00:00+02:00,123_CT_5,0.0
2030,sc01,09-03 18:00:00+02:00,118_RTPV_6,0.05523027473599999
2030,sc01,09-03 18:00:00+02:00,118_RTPV_5,0.051813968960000005
2030,sc01,09-03 18:00:00+02:00,102_STEAM_3,0.0
2030,sc01,09-03 18:00:00+02:00,102_CT_2,0.0
2030,sc01,09-03 18:00:00+02:00,118_RTPV_2,0.05523027473599999
2030,sc01,09-03 18:00:00+02:00,113_CT_2,0.0
2030,sc01,09-03 18:00:00+02:00,113_CT_4,0.0
2030,sc01,09-03 18:00:00+02:00,118_RTPV_4,0.051813968960000005
2030,sc01,09-03 18:00:00+02:00,118_RTPV_9,0.05864658030400001
2030,sc01,09-03 18:00:00+02:00,101_PV_4,1.64300272916
2030,sc01,09-03 18:00:00+02:00,115_STEAM_3,4.860453461254181
2030,sc01,09-03 18:00:00+02:00,123_STEAM_3,0.0
2030,sc01,09-10 19:00:00+02:00,113_CT_1,0.0
2030,sc01,09-10 19:00:00+02:00,107_CC_1,15.29935393390209
2030,sc01,09-10 19:00:00+02:00,101_CT_2,0.0
2030,sc01,09-10 19:00:00+02:00,101_STEAM_4,0.0
2030,sc01,09-10 19:00:00+02:00,102_CT_1,0.0
2030,sc01,09-10 19:00:00+02:00,123_CT_1,0.0
2030,sc01,09-10 19:00:00+02:00,118_RTPV_3,0.0
2030,sc01,09-10 19:00:00+02:00,104_PV_1,7.7184
2030,sc01,09-10 19:00:00+02:00,102_PV_1,0.14290502112
2030,sc01,09-10 19:00:00+02:00,101_PV_1,1.0434921184800001
2030,sc01,09-10 19:00:00+02:00,101_STEAM_3,0.0
2030,sc01,09-10 19:00:00+02:00,115_STEAM_1,0.0
2030,sc01,09-10 19:00:00+02:00,115_STEAM_2,0.0
2030,sc01,09-10 19:00:00+02:00,123_CT_4,0.0
2030,sc01,09-10 19:00:00+02:00,121_NUCLEAR_1,18.361158253914965
2030,sc01,09-10 19:00:00+02:00,116_STEAM_1,0.0
2030,sc01,09-10 19:00:00+02:00,118_RTPV_7,0.0
2030,sc01,09-10 19:00:00+02:00,119_PV_1,0.034395681888000004
2030,sc01,09-10 19:00:00+02:00,102_STEAM_4,0.0
2030,sc01,09-10 19:00:00+02:00,118_CC_1,0.0
2030,sc01,09-10 19:00:00+02:00,103_PV_1,0.343306984608
2030,sc01,09-10 19:00:00+02:00,122_WIND_1,62.498733704551725
2030,sc01,09-10 19:00:00+02:00,101_PV_2,1.0757235348
2030,sc01,09-10 19:00:00+02:00,118_RTPV_10,0.0
2030,sc01,09-10 19:00:00+02:00,102_PV_2,0.14123035296
2030,sc01,09-10 19:00:00+02:00,101_PV_3,1.0555788996
2030,sc01,09-10 19:00:00+02:00,101_CT_1,0.0
2030,sc01,09-10 19:00:00+02:00,123_STEAM_2,0.0
2030,sc01,09-10 19:00:00+02:00,113_CT_3,0.0
2030,sc01,09-10 19:00:00+02:00,113_PV_1,0.004678595136
2030,sc01,09-10 19:00:00+02:00,118_RTPV_1,0.04193505907199999
2030,sc01,09-10 19:00:00+02:00,118_RTPV_8,0.0
2030,sc01,09-10 19:00:00+02:00,123_CT_5,0.0
2030,sc01,09-10 19:00:00+02:00,118_RTPV_6,0.0
2030,sc01,09-10 19:00:00+02:00,118_RTPV_5,0.0
2030,sc01,09-10 19:00:00+02:00,102_STEAM_3,0.0
2030,sc01,09-10 19:00:00+02:00,102_CT_2,0.0
2030,sc01,09-10 19:00:00+02:00,118_RTPV_2,0.0
2030,sc01,09-10 19:00:00+02:00,113_CT_2,0.0
2030,sc01,09-10 19:00:00+02:00,113_CT_4,0.0
2030,sc01,09-10 19:00:00+02:00,118_RTPV_4,0.0
2030,sc01,09-10 19:00:00+02:00,118_RTPV_9,0.0
2030,sc01,09-10 19:00:00+02:00,101_PV_4,1.0394631914399999
2030,sc01,09-10 19:00:00+02:00,115_STEAM_3,11.878336580367106
2030,sc01,09-10 19:00:00+02:00,123_STEAM_3,0.0
2030,sc01,10-05 08:00:00+02:00,113_CT_1,0.0
2030,sc01,10-05 08:00:00+02:00,107_CC_1,2.1500454815102445
2030,sc01,10-05 08:00:00+02:00,101_CT_2,0.0
2030,sc01,10-05 08:00:00+02:00,101_STEAM_4,0.0
2030,sc01,10-05 08:00:00+02:00,102_CT_1,0.0
2030,sc01,10-05 08:00:00+02:00,123_CT_1,0.0
2030,sc01,10-05 08:00:00+02:00,118_RTPV_3,0.17534175019200002
2030,sc01,10-05 08:00:00+02:00,104_PV_1,2.93775867108
2030,sc01,10-05 08:00:00+02:00,102_PV_1,0.82449786801
2030,sc01,10-05 08:00:00+02:00,101_PV_1,1.19493111892
2030,sc01,10-05 08:00:00+02:00,101_STEAM_3,0.0
2030,sc01,10-05 08:00:00+02:00,115_STEAM_1,0.0
2030,sc01,10-05 08:00:00+02:00,115_STEAM_2,0.0
2030,sc01,10-05 08:00:00+02:00,123_CT_4,0.0
2030,sc01,10-05 08:00:00+02:00,121_NUCLEAR_1,2.8293697222817653
2030,sc01,10-05 08:00:00+02:00,116_STEAM_1,0.0
2030,sc01,10-05 08:00:00+02:00,118_RTPV_7,0.22010985649200002
2030,sc01,10-05 08:00:00+02:00,119_PV_1,1.2258162073
2030,sc01,10-05 08:00:00+02:00,102_STEAM_4,0.0
2030,sc01,10-05 08:00:00+02:00,118_CC_1,0.0
2030,sc01,10-05 08:00:00+02:00,103_PV_1,1.98072729988
2030,sc01,10-05 08:00:00+02:00,122_WIND_1,39.3520193196
2030,sc01,10-05 08:00:00+02:00,101_PV_2,1.23184018837
2030,sc01,10-05 08:00:00+02:00,118_RTPV_10,0.08394019952400002
2030,sc01,10-05 08:00:00+02:00,102_PV_2,0.8148357833200001
2030,sc01,10-05 08:00:00+02:00,101_PV_3,1.20877202014
2030,sc01,10-05 08:00:00+02:00,101_CT_1,0.0
2030,sc01,10-05 08:00:00+02:00,123_STEAM_2,0.0
2030,sc01,10-05 08:00:00+02:00,113_CT_3,0.0
2030,sc01,10-05 08:00:00+02:00,113_PV_1,1.74595614993
2030,sc01,10-05 08:00:00+02:00,118_RTPV_1,1.7484000000000002
2030,sc01,10-05 08:00:00+02:00,118_RTPV_8,0.208917829964
2030,sc01,10-05 08:00:00+02:00,123_CT_5,0.0
2030,sc01,10-05 08:00:00+02:00,118_RTPV_6,0.180937763456
2030,sc01,10-05 08:00:00+02:00,118_RTPV_5,0.16974573674000001
2030,sc01,10-05 08:00:00+02:00,102_STEAM_3,0.0
2030,sc01,10-05 08:00:00+02:00,102_CT_2,0.0
2030,sc01,10-05 08:00:00+02:00,118_RTPV_2,0.180937763456
2030,sc01,10-05 08:00:00+02:00,113_CT_2,0.0
2030,sc01,10-05 08:00:00+02:00,113_CT_4,0.0
2030,sc01,10-05 08:00:00+02:00,118_RTPV_4,0.16974573674000001
2030,sc01,10-05 08:00:00+02:00,118_RTPV_9,0.19212978998400002
2030,sc01,10-05 08:00:00+02:00,101_PV_4,1.19031748565
2030,sc01,10-05 08:00:00+02:00,115_STEAM_3,0.0
2030,sc01,10-05 08:00:00+02:00,123_STEAM_3,0.0
2030,sc01,10-14 07:00:00+02:00,113_CT_1,0.0
2030,sc01,10-14 07:00:00+02:00,107_CC_1,0.14572548220531722
2030,sc01,10-14 07:00:00+02:00,101_CT_2,0.0
2030,sc01,10-14 07:00:00+02:00,101_STEAM_4,0.0
2030,sc01,10-14 07:00:00+02:00,102_CT_1,0.0
2030,sc01,10-14 07:00:00+02:00,123_CT_1,0.0
2030,sc01,10-14 07:00:00+02:00,118_RTPV_3,0.000745746332
2030,sc01,10-14 07:00:00+02:00,104_PV_1,0.045418068480000004
2030,sc01,10-14 07:00:00+02:00,102_PV_1,0.003587893248
2030,sc01,10-14 07:00:00+02:00,101_PV_1,0.000614107856
2030,sc01,10-14 07:00:00+02:00,101_STEAM_3,0.0033166009749433997
2030,sc01,10-14 07:00:00+02:00,115_STEAM_1,0.0
2030,sc01,10-14 07:00:00+02:00,115_STEAM_2,0.0
2030,sc01,10-14 07:00:00+02:00,123_CT_4,0.0
2030,sc01,10-14 07:00:00+02:00,121_NUCLEAR_1,0.13726412310405145
2030,sc01,10-14 07:00:00+02:00,116_STEAM_1,0.0
2030,sc01,10-14 07:00:00+02:00,118_RTPV_7,0.0009361496480000001
2030,sc01,10-14 07:00:00+02:00,119_PV_1,0.26639999999999997
2030,sc01,10-14 07:00:00+02:00,102_STEAM_4,0.0
2030,sc01,10-14 07:00:00+02:00,118_CC_1,0.0
2030,sc01,10-14 07:00:00+02:00,103_PV_1,0.008619352920000002
2030,sc01,10-14 07:00:00+02:00,122_WIND_1,0.8573273723201751
2030,sc01,10-14 07:00:00+02:00,101_PV_2,0.000633076436
2030,sc01,10-14 07:00:00+02:00,118_RTPV_10,0.000357006224
2030,sc01,10-14 07:00:00+02:00,102_PV_2,0.003545847624
2030,sc01,10-14 07:00:00+02:00,101_PV_3,0.000621221072
2030,sc01,10-14 07:00:00+02:00,101_CT_1,0.0
2030,sc01,10-14 07:00:00+02:00,123_STEAM_2,0.0
2030,sc01,10-14 07:00:00+02:00,113_CT_3,0.0
2030,sc01,10-14 07:00:00+02:00,113_PV_1,0.007425729416000001
2030,sc01,10-14 07:00:00+02:00,118_RTPV_1,0.037200000000000004
2030,sc01,10-14 07:00:00+02:00,118_RTPV_8,0.00088854882
2030,sc01,10-14 07:00:00+02:00,123_CT_5,0.0
2030,sc01,10-14 07:00:00+02:00,118_RTPV_6,0.000769546744
2030,sc01,10-14 07:00:00+02:00,118_RTPV_5,0.000721945916
2030,sc01,10-14 07:00:00+02:00,102_STEAM_3,0.0
2030,sc01,10-14 07:00:00+02:00,102_CT_2,0.0
2030,sc01,10-14 07:00:00+02:00,118_RTPV_2,0.000769546744
2030,sc01,10-14 07:00:00+02:00,113_CT_2,0.0
2030,sc01,10-14 07:00:00+02:00,113_CT_4,0.0
2030,sc01,10-14 07:00:00+02:00,118_RTPV_4,0.000721945916
2030,sc01,10-14 07:00:00+02:00,118_RTPV_9,0.000817147576
2030,sc01,10-14 07:00:00+02:00,101_PV_4,0.000611736784
2030,sc01,10-14 07:00:00+02:00,115_STEAM_3,0.10292348075951133
2030,sc01,10-14 07:00:00+02:00,123_STEAM_3,0.0
2030,sc01,10-18 07:00:00+02:00,113_CT_1,0.0
2030,sc01,10-18 07:00:00+02:00,107_CC_1,2.5285266787429945
2030,sc01,10-18 07:00:00+02:00,101_CT_2,0.0
2030,sc01,10-18 07:00:00+02:00,101_STEAM_4,0.0
2030,sc01,10-18 07:00:00+02:00,102_CT_1,0.0
2030,sc01,10-18 07:00:00+02:00,123_CT_1,0.0
2030,sc01,10-18 07:00:00+02:00,118_RTPV_3,0.00707910576
2030,sc01,10-18 07:00:00+02:00,104_PV_1,0.46837383239999997
2030,sc01,10-18 07:00:00+02:00,102_PV_1,0.0382454154
2030,sc01,10-18 07:00:00+02:00,101_PV_1,0.016120332
2030,sc01,10-18 07:00:00+02:00,101_STEAM_3,0.9613963947067271
2030,sc01,10-18 07:00:00+02:00,115_STEAM_1,0.0
2030,sc01,10-18 07:00:00+02:00,115_STEAM_2,0.0
2030,sc01,10-18 07:00:00+02:00,123_CT_4,0.0
2030,sc01,10-18 07:00:00+02:00,121_NUCLEAR_1,5.28
2030,sc01,10-18 07:00:00+02:00,116_STEAM_1,0.0
2030,sc01,10-18 07:00:00+02:00,118_RTPV_7,0.008886537059999998
2030,sc01,10-18 07:00:00+02:00,119_PV_1,0.23111959305
2030,sc01,10-18 07:00:00+02:00,102_STEAM_4,0.0
2030,sc01,10-18 07:00:00+02:00,118_CC_1,5.149274999999999
2030,sc01,10-18 07:00:00+02:00,103_PV_1,0.09187863473999999
2030,sc01,10-18 07:00:00+02:00,122_WIND_1,6.500121978
2030,sc01,10-18 07:00:00+02:00,101_PV_2,0.0166182573
2030,sc01,10-18 07:00:00+02:00,118_RTPV_10,0.0033889336200000003
2030,sc01,10-18 07:00:00+02:00,102_PV_2,0.03779722698
2030,sc01,10-18 07:00:00+02:00,101_PV_3,0.01630705398
2030,sc01,10-18 07:00:00+02:00,101_CT_1,0.0
2030,sc01,10-18 07:00:00+02:00,123_STEAM_2,0.0
2030,sc01,10-18 07:00:00+02:00,113_CT_3,0.0
2030,sc01,10-18 07:00:00+02:00,113_PV_1,0.07048981932
2030,sc01,10-18 07:00:00+02:00,118_RTPV_1,0.558
2030,sc01,10-18 07:00:00+02:00,118_RTPV_8,0.008434679219999998
2030,sc01,10-18 07:00:00+02:00,123_CT_5,0.0
2030,sc01,10-18 07:00:00+02:00,118_RTPV_6,0.00730503468
2030,sc01,10-18 07:00:00+02:00,118_RTPV_5,0.0068531769
2030,sc01,10-18 07:00:00+02:00,102_STEAM_3,0.45051135827465866
2030,sc01,10-18 07:00:00+02:00,102_CT_2,0.0
2030,sc01,10-18 07:00:00+02:00,118_RTPV_2,0.00730503468
2030,sc01,10-18 07:00:00+02:00,113_CT_2,0.0
2030,sc01,10-18 07:00:00+02:00,113_CT_4,0.0
2030,sc01,10-18 07:00:00+02:00,118_RTPV_4,0.0068531769
2030,sc01,10-18 07:00:00+02:00,118_RTPV_9,0.00775689252
2030,sc01,10-18 07:00:00+02:00,101_PV_4,0.0160580913
2030,sc01,10-18 07:00:00+02:00,115_STEAM_3,3.053002364315629
2030,sc01,10-18 07:00:00+02:00,123_STEAM_3,0.0
2030,sc01,10-28 10:00:00+01:00,113_CT_1,0.0
2030,sc01,10-28 10:00:00+01:00,107_CC_1,2.7565182207544012
2030,sc01,10-28 10:00:00+01:00,101_CT_2,0.0
2030,sc01,10-28 10:00:00+01:00,101_STEAM_4,0.0
2030,sc01,10-28 10:00:00+01:00,102_CT_1,0.0
2030,sc01,10-28 10:00:00+01:00,123_CT_1,0.0
2030,sc01,10-28 10:00:00+01:00,118_RTPV_3,0.5430766151199999
2030,sc01,10-28 10:00:00+01:00,104_PV_1,2.2068951184800003
2030,sc01,10-28 10:00:00+01:00,102_PV_1,0.70777683028
2030,sc01,10-28 10:00:00+01:00,101_PV_1,0.87498091356
2030,sc01,10-28 10:00:00+01:00,101_STEAM_3,0.0
2030,sc01,10-28 10:00:00+01:00,115_STEAM_1,0.0
2030,sc01,10-28 10:00:00+01:00,115_STEAM_2,0.0
2030,sc01,10-28 10:00:00+01:00,123_CT_4,0.0
2030,sc01,10-28 10:00:00+01:00,121_NUCLEAR_1,7.4882084765416
2030,sc01,10-28 10:00:00+01:00,116_STEAM_1,0.0
2030,sc01,10-28 10:00:00+01:00,118_RTPV_7,0.6817344742
2030,sc01,10-28 10:00:00+01:00,119_PV_1,2.7911766714
2030,sc01,10-28 10:00:00+01:00,102_STEAM_4,0.0
2030,sc01,10-28 10:00:00+01:00,118_CC_1,0.0
2030,sc01,10-28 10:00:00+01:00,103_PV_1,1.70032324488
2030,sc01,10-28 10:00:00+01:00,122_WIND_1,11.5127850344
2030,sc01,10-28 10:00:00+01:00,101_PV_2,0.9020073509200001
2030,sc01,10-28 10:00:00+01:00,118_RTPV_10,0.259983485944
2030,sc01,10-28 10:00:00+01:00,102_PV_2,0.6994825705400001
2030,sc01,10-28 10:00:00+01:00,101_PV_3,0.8851158277000001
2030,sc01,10-28 10:00:00+01:00,101_CT_1,0.0
2030,sc01,10-28 10:00:00+01:00,123_STEAM_2,0.0
2030,sc01,10-28 10:00:00+01:00,113_CT_3,0.0
2030,sc01,10-28 10:00:00+01:00,113_PV_1,5.4076565062
2030,sc01,10-28 10:00:00+01:00,118_RTPV_1,0.9672000000000001
2030,sc01,10-28 10:00:00+01:00,118_RTPV_8,0.6470700093
2030,sc01,10-28 10:00:00+01:00,123_CT_5,0.0
2030,sc01,10-28 10:00:00+01:00,118_RTPV_6,0.56040884744
2030,sc01,10-28 10:00:00+01:00,118_RTPV_5,0.52574438254
2030,sc01,10-28 10:00:00+01:00,102_STEAM_3,0.0
2030,sc01,10-28 10:00:00+01:00,102_CT_2,0.0
2030,sc01,10-28 10:00:00+01:00,118_RTPV_2,0.56040884744
2030,sc01,10-28 10:00:00+01:00,113_CT_2,0.0
2030,sc01,10-28 10:00:00+01:00,113_CT_4,0.0
2030,sc01,10-28 10:00:00+01:00,118_RTPV_4,0.52574438254
2030,sc01,10-28 10:00:00+01:00,118_RTPV_9,0.59507331208
2030,sc01,10-28 10:00:00+01:00,101_PV_4,0.8716026087599998
2030,sc01,10-28 10:00:00+01:00,115_STEAM_3,0.0
2030,sc01,10-28 10:00:00+01:00,123_STEAM_3,0.0
2030,sc01,10-31 11:00:00+01:00,113_CT_1,0.0
2030,sc01,10-31 11:00:00+01:00,107_CC_1,6.866371683250001
2030,sc01,10-31 11:00:00+01:00,101_CT_2,0.0
2030,sc01,10-31 11:00:00+01:00,101_STEAM_4,0.0
2030,sc01,10-31 11:00:00+01:00,102_CT_1,0.0
2030,sc01,10-31 11:00:00+01:00,123_CT_1,0.0
2030,sc01,10-31 11:00:00+01:00,118_RTPV_3,0.75385096672
2030,sc01,10-31 11:00:00+01:00,104_PV_1,0.7591941856200001
2030,sc01,10-31 11:00:00+01:00,102_PV_1,0.80034447625
2030,sc01,10-31 11:00:00+01:00,101_PV_1,1.1684170134
2030,sc01,10-31 11:00:00+01:00,101_STEAM_3,0.0
2030,sc01,10-31 11:00:00+01:00,115_STEAM_1,0.0
2030,sc01,10-31 11:00:00+01:00,115_STEAM_2,0.0
2030,sc01,10-31 11:00:00+01:00,123_CT_4,0.0
2030,sc01,10-31 11:00:00+01:00,121_NUCLEAR_1,10.912
2030,sc01,10-31 11:00:00+01:00,116_STEAM_1,0.0
2030,sc01,10-31 11:00:00+01:00,118_RTPV_7,0.9463235537499999
2030,sc01,10-31 11:00:00+01:00,119_PV_1,5.0120556309
2030,sc01,10-31 11:00:00+01:00,102_STEAM_4,0.0
2030,sc01,10-31 11:00:00+01:00,118_CC_1,1.1041398792599948
2030,sc01,10-31 11:00:00+01:00,103_PV_1,1.9227025505200002
2030,sc01,10-31 11:00:00+01:00,122_WIND_1,7.1340174698
2030,sc01,10-31 11:00:00+01:00,101_PV_2,1.2045071142000001
2030,sc01,10-31 11:00:00+01:00,118_RTPV_10,0.36088610102999996
2030,sc01,10-31 11:00:00+01:00,102_PV_2,0.7909654395800001
2030,sc01,10-31 11:00:00+01:00,101_PV_3,1.1819508012
2030,sc01,10-31 11:00:00+01:00,101_CT_1,0.0
2030,sc01,10-31 11:00:00+01:00,123_STEAM_2,0.0
2030,sc01,10-31 11:00:00+01:00,113_CT_3,0.0
2030,sc01,10-31 11:00:00+01:00,113_PV_1,7.506430901300001
2030,sc01,10-31 11:00:00+01:00,118_RTPV_1,1.1532000000000002
2030,sc01,10-31 11:00:00+01:00,118_RTPV_8,0.8982054070700001
2030,sc01,10-31 11:00:00+01:00,123_CT_5,0.0
2030,sc01,10-31 11:00:00+01:00,118_RTPV_6,0.77791004006
2030,sc01,10-31 11:00:00+01:00,118_RTPV_5,0.7297918933800001
2030,sc01,10-31 11:00:00+01:00,102_STEAM_3,0.0
2030,sc01,10-31 11:00:00+01:00,102_CT_2,0.0
2030,sc01,10-31 11:00:00+01:00,118_RTPV_2,0.77791004006
2030,sc01,10-31 11:00:00+01:00,113_CT_2,0.0
2030,sc01,10-31 11:00:00+01:00,113_CT_4,0.0
2030,sc01,10-31 11:00:00+01:00,118_RTPV_4,0.7297918933800001
2030,sc01,10-31 11:00:00+01:00,118_RTPV_9,0.82602818674
2030,sc01,10-31 11:00:00+01:00,101_PV_4,1.1639057508
2030,sc01,10-31 11:00:00+01:00,115_STEAM_3,0.0
2030,sc01,10-31 11:00:00+01:00,123_STEAM_3,0.0
2030,sc01,11-10 00:00:00+01:00,113_CT_1,0.0
2030,sc01,11-10 00:00:00+01:00,107_CC_1,0.0
2030,sc01,11-10 00:00:00+01:00,101_CT_2,0.0
2030,sc01,11-10 00:00:00+01:00,101_STEAM_4,0.0
2030,sc01,11-10 00:00:00+01:00,102_CT_1,0.0
2030,sc01,11-10 00:00:00+01:00,123_CT_1,0.0
2030,sc01,11-10 00:00:00+01:00,118_RTPV_3,0.0
2030,sc01,11-10 00:00:00+01:00,104_PV_1,105.9136
2030,sc01,11-10 00:00:00+01:00,102_PV_1,101.1712
2030,sc01,11-10 00:00:00+01:00,101_PV_1,0.288200821168
2030,sc01,11-10 00:00:00+01:00,101_STEAM_3,0.0
2030,sc01,11-10 00:00:00+01:00,115_STEAM_1,0.0
2030,sc01,11-10 00:00:00+01:00,115_STEAM_2,0.0
2030,sc01,11-10 00:00:00+01:00,123_CT_4,0.0
2030,sc01,11-10 00:00:00+01:00,121_NUCLEAR_1,0.0
2030,sc01,11-10 00:00:00+01:00,116_STEAM_1,0.0
2030,sc01,11-10 00:00:00+01:00,118_RTPV_7,46.63360000000001
2030,sc01,11-10 00:00:00+01:00,119_PV_1,263.2032
2030,sc01,11-10 00:00:00+01:00,102_STEAM_4,0.0
2030,sc01,11-10 00:00:00+01:00,118_CC_1,0.0
2030,sc01,11-10 00:00:00+01:00,103_PV_1,243.048
2030,sc01,11-10 00:00:00+01:00,122_WIND_1,0.0
2030,sc01,11-10 00:00:00+01:00,101_PV_2,0.297102776256
2030,sc01,11-10 00:00:00+01:00,118_RTPV_10,17.784000000000002
2030,sc01,11-10 00:00:00+01:00,102_PV_2,99.9856
2030,sc01,11-10 00:00:00+01:00,101_PV_3,0.291539055808
2030,sc01,11-10 00:00:00+01:00,101_CT_1,0.0
2030,sc01,11-10 00:00:00+01:00,123_STEAM_2,0.0
2030,sc01,11-10 00:00:00+01:00,113_CT_3,0.0
2030,sc01,11-10 00:00:00+01:00,113_PV_1,0.0
2030,sc01,11-10 00:00:00+01:00,118_RTPV_1,36.20934453229608
2030,sc01,11-10 00:00:00+01:00,118_RTPV_8,44.2624
2030,sc01,11-10 00:00:00+01:00,123_CT_5,0.0
2030,sc01,11-10 00:00:00+01:00,118_RTPV_6,0.0
2030,sc01,11-10 00:00:00+01:00,118_RTPV_5,0.0
2030,sc01,11-10 00:00:00+01:00,102_STEAM_3,0.0
2030,sc01,11-10 00:00:00+01:00,102_CT_2,0.0
2030,sc01,11-10 00:00:00+01:00,118_RTPV_2,0.0
2030,sc01,11-10 00:00:00+01:00,113_CT_2,0.0
2030,sc01,11-10 00:00:00+01:00,113_CT_4,0.0
2030,sc01,11-10 00:00:00+01:00,118_RTPV_4,35.9632
2030,sc01,11-10 00:00:00+01:00,118_RTPV_9,40.705600000000004
2030,sc01,11-10 00:00:00+01:00,101_PV_4,0.287088076288
2030,sc01,11-10 00:00:00+01:00,115_STEAM_3,0.0
2030,sc01,11-10 00:00:00+01:00,123_STEAM_3,0.0
2030,sc01,11-11 16:00:00+01:00,113_CT_1,0.0
2030,sc01,11-11 16:00:00+01:00,107_CC_1,7.176020304919068
2030,sc01,11-11 16:00:00+01:00,101_CT_2,0.0
2030,sc01,11-11 16:00:00+01:00,101_STEAM_4,1.6364535156682158
2030,sc01,11-11 16:00:00+01:00,102_CT_1,0.0
2030,sc01,11-11 16:00:00+01:00,123_CT_1,0.0
2030,sc01,11-11 16:00:00+01:00,118_RTPV_3,0.018634772376
2030,sc01,11-11 16:00:00+01:00,104_PV_1,0.00183676086
2030,sc01,11-11 16:00:00+01:00,102_PV_1,0.271061517672
2030,sc01,11-11 16:00:00+01:00,101_PV_1,0.36629999934
2030,sc01,11-11 16:00:00+01:00,101_STEAM_3,0.9701999999999998
2030,sc01,11-11 16:00:00+01:00,115_STEAM_1,0.0
2030,sc01,11-11 16:00:00+01:00,115_STEAM_2,0.0
2030,sc01,11-11 16:00:00+01:00,123_CT_4,0.0
2030,sc01,11-11 16:00:00+01:00,121_NUCLEAR_1,10.06189685151837
2030,sc01,11-11 16:00:00+01:00,116_STEAM_1,0.0
2030,sc01,11-11 16:00:00+01:00,118_RTPV_7,0.02339258658
2030,sc01,11-11 16:00:00+01:00,119_PV_1,0.058443440484000006
2030,sc01,11-11 16:00:00+01:00,102_STEAM_4,0.0
2030,sc01,11-11 16:00:00+01:00,118_CC_1,0.0
2030,sc01,11-11 16:00:00+01:00,103_PV_1,0.6511829428500001
2030,sc01,11-11 16:00:00+01:00,122_WIND_1,28.717907222865104
2030,sc01,11-11 16:00:00+01:00,101_PV_2,0.37761428529
2030,sc01,11-11 16:00:00+01:00,118_RTPV_10,0.008920901747999999
2030,sc01,11-11 16:00:00+01:00,102_PV_2,0.26788501542000004
2030,sc01,11-11 16:00:00+01:00,101_PV_3,0.37054285653
2030,sc01,11-11 16:00:00+01:00,101_CT_1,0.0
2030,sc01,11-11 16:00:00+01:00,123_STEAM_2,0.0
2030,sc01,11-11 16:00:00+01:00,113_CT_3,0.0
2030,sc01,11-11 16:00:00+01:00,113_PV_1,0.185554755012
2030,sc01,11-11 16:00:00+01:00,118_RTPV_1,1.2276
2030,sc01,11-11 16:00:00+01:00,118_RTPV_8,0.022203133128
2030,sc01,11-11 16:00:00+01:00,123_CT_5,0.0
2030,sc01,11-11 16:00:00+01:00,118_RTPV_6,0.019229499167999996
2030,sc01,11-11 16:00:00+01:00,118_RTPV_5,0.018040045584000002
2030,sc01,11-11 16:00:00+01:00,102_STEAM_3,0.0
2030,sc01,11-11 16:00:00+01:00,102_CT_2,0.0
2030,sc01,11-11 16:00:00+01:00,118_RTPV_2,0.019229499167999996
2030,sc01,11-11 16:00:00+01:00,113_CT_2,0.0
2030,sc01,11-11 16:00:00+01:00,113_CT_4,0.0
2030,sc01,11-11 16:00:00+01:00,118_RTPV_4,0.018040045584000002
2030,sc01,11-11 16:00:00+01:00,118_RTPV_9,0.020418952752
2030,sc01,11-11 16:00:00+01:00,101_PV_4,0.36488571371999995
2030,sc01,11-11 16:00:00+01:00,115_STEAM_3,8.974426860183252
2030,sc01,11-11 16:00:00+01:00,123_STEAM_3,0.0
2030,sc01,11-12 09:00:00+01:00,113_CT_1,0.0
2030,sc01,11-12 09:00:00+01:00,107_CC_1,4.061698793909439
2030,sc01,11-12 09:00:00+01:00,101_CT_2,0.0
2030,sc01,11-12 09:00:00+01:00,101_STEAM_4,0.0
2030,sc01,11-12 09:00:00+01:00,102_CT_1,0.0
2030,sc01,11-12 09:00:00+01:00,123_CT_1,0.0
2030,sc01,11-12 09:00:00+01:00,118_RTPV_3,0.064303439792
2030,sc01,11-12 09:00:00+01:00,104_PV_1,0.71700436116
2030,sc01,11-12 09:00:00+01:00,102_PV_1,0.40843966018000005
2030,sc01,11-12 09:00:00+01:00,101_PV_1,0.50260124471
2030,sc01,11-12 09:00:00+01:00,101_STEAM_3,0.0
2030,sc01,11-12 09:00:00+01:00,115_STEAM_1,0.0
2030,sc01,11-12 09:00:00+01:00,115_STEAM_2,0.0
2030,sc01,11-12 09:00:00+01:00,123_CT_4,0.0
2030,sc01,11-12 09:00:00+01:00,121_NUCLEAR_1,5.537283797017692
2030,sc01,11-12 09:00:00+01:00,116_STEAM_1,0.0
2030,sc01,11-12 09:00:00+01:00,118_RTPV_7,0.08072133926
2030,sc01,11-12 09:00:00+01:00,119_PV_1,0.22121323439
2030,sc01,11-12 09:00:00+01:00,102_STEAM_4,0.0
2030,sc01,11-12 09:00:00+01:00,118_CC_1,0.0
2030,sc01,11-12 09:00:00+01:00,103_PV_1,0.98121246508
2030,sc01,11-12 09:00:00+01:00,122_WIND_1,16.53787163296325
2030,sc01,11-12 09:00:00+01:00,101_PV_2,0.51812560758
2030,sc01,11-12 09:00:00+01:00,118_RTPV_10,0.030783561587999997
2030,sc01,11-12 09:00:00+01:00,102_PV_2,0.40365325789
2030,sc01,11-12 09:00:00+01:00,101_PV_3,0.50842288081
2030,sc01,11-12 09:00:00+01:00,101_CT_1,0.0
2030,sc01,11-12 09:00:00+01:00,123_STEAM_2,0.0
2030,sc01,11-12 09:00:00+01:00,113_CT_3,0.0
2030,sc01,11-12 09:00:00+01:00,113_PV_1,0.6402980810000001
2030,sc01,11-12 09:00:00+01:00,118_RTPV_1,0.7068000000000001
2030,sc01,11-12 09:00:00+01:00,118_RTPV_8,0.07661686441200001
2030,sc01,11-12 09:00:00+01:00,123_CT_5,0.0
2030,sc01,11-12 09:00:00+01:00,118_RTPV_6,0.066355677216
2030,sc01,11-12 09:00:00+01:00,118_RTPV_5,0.062251202292
2030,sc01,11-12 09:00:00+01:00,102_STEAM_3,0.0
2030,sc01,11-12 09:00:00+01:00,102_CT_2,0.0
2030,sc01,11-12 09:00:00+01:00,118_RTPV_2,0.066355677216
2030,sc01,11-12 09:00:00+01:00,113_CT_2,0.0
2030,sc01,11-12 09:00:00+01:00,113_CT_4,0.0
2030,sc01,11-12 09:00:00+01:00,118_RTPV_4,0.062251202292
2030,sc01,11-12 09:00:00+01:00,118_RTPV_9,0.070460152064
2030,sc01,11-12 09:00:00+01:00,101_PV_4,0.50066069928
2030,sc01,11-12 09:00:00+01:00,115_STEAM_3,4.829077789507628
2030,sc01,11-12 09:00:00+01:00,123_STEAM_3,0.0
2030,sc01,11-15 08:00:00+01:00,113_CT_1,0.0
2030,sc01,11-15 08:00:00+01:00,107_CC_1,8.974434509035982
2030,sc01,11-15 08:00:00+01:00,101_CT_2,0.0
2030,sc01,11-15 08:00:00+01:00,101_STEAM_4,3.3515999999999995
2030,sc01,11-15 08:00:00+01:00,102_CT_1,0.0
2030,sc01,11-15 08:00:00+01:00,123_CT_1,0.0
2030,sc01,11-15 08:00:00+01:00,118_RTPV_3,0.00243051408
2030,sc01,11-15 08:00:00+01:00,104_PV_1,2.2617196254
2030,sc01,11-15 08:00:00+01:00,102_PV_1,0.20542597164
2030,sc01,11-15 08:00:00+01:00,101_PV_1,0.20933402382000002
2030,sc01,11-15 08:00:00+01:00,101_STEAM_3,3.3515999999999995
2030,sc01,11-15 08:00:00+01:00,115_STEAM_1,0.0
2030,sc01,11-15 08:00:00+01:00,115_STEAM_2,0.0
2030,sc01,11-15 08:00:00+01:00,123_CT_4,0.0
2030,sc01,11-15 08:00:00+01:00,121_NUCLEAR_1,14.801002285494825
2030,sc01,11-15 08:00:00+01:00,116_STEAM_1,0.0
2030,sc01,11-15 08:00:00+01:00,118_RTPV_7,0.00305107074
2030,sc01,11-15 08:00:00+01:00,119_PV_1,0.82446404265
2030,sc01,11-15 08:00:00+01:00,102_STEAM_4,1.3229999999999997
2030,sc01,11-15 08:00:00+01:00,118_CC_1,0.0
2030,sc01,11-15 08:00:00+01:00,103_PV_1,0.4935037995
2030,sc01,11-15 08:00:00+01:00,122_WIND_1,39.23045642711695
2030,sc01,11-15 08:00:00+01:00,101_PV_2,0.21579993953999999
2030,sc01,11-15 08:00:00+01:00,118_RTPV_10,0.0
2030,sc01,11-15 08:00:00+01:00,102_PV_2,0.20301863616
2030,sc01,11-15 08:00:00+01:00,101_PV_3,0.21175874226000002
2030,sc01,11-15 08:00:00+01:00,101_CT_1,0.0
2030,sc01,11-15 08:00:00+01:00,123_STEAM_2,0.0
2030,sc01,11-15 08:00:00+01:00,113_CT_3,0.0
2030,sc01,11-15 08:00:00+01:00,113_PV_1,0.02420171388
2030,sc01,11-15 08:00:00+01:00,118_RTPV_1,0.21692415096
2030,sc01,11-15 08:00:00+01:00,118_RTPV_8,0.00289593162
2030,sc01,11-15 08:00:00+01:00,123_CT_5,0.0
2030,sc01,11-15 08:00:00+01:00,118_RTPV_6,0.0025080836400000004
2030,sc01,11-15 08:00:00+01:00,118_RTPV_5,0.00235294434
2030,sc01,11-15 08:00:00+01:00,102_STEAM_3,0.4219765962764066
2030,sc01,11-15 08:00:00+01:00,102_CT_2,0.0
2030,sc01,11-15 08:00:00+01:00,118_RTPV_2,0.0025080836400000004
2030,sc01,11-15 08:00:00+01:00,113_CT_2,0.0
2030,sc01,11-15 08:00:00+01:00,113_CT_4,0.0
2030,sc01,11-15 08:00:00+01:00,118_RTPV_4,0.00235294434
2030,sc01,11-15 08:00:00+01:00,118_RTPV_9,0.00266322276
2030,sc01,11-15 08:00:00+01:00,101_PV_4,0.20852578421999998
2030,sc01,11-15 08:00:00+01:00,115_STEAM_3,11.797827216385842
2030,sc01,11-15 08:00:00+01:00,123_STEAM_3,0.0
2030,sc01,12-05 09:00:00+01:00,113_CT_1,0.0
2030,sc01,12-05 09:00:00+01:00,107_CC_1,3.36442010775
2030,sc01,12-05 09:00:00+01:00,101_CT_2,0.0
2030,sc01,12-05 09:00:00+01:00,101_STEAM_4,0.9682399999999999
2030,sc01,12-05 09:00:00+01:00,102_CT_1,0.0
2030,sc01,12-05 09:00:00+01:00,123_CT_1,0.0
2030,sc01,12-05 09:00:00+01:00,118_RTPV_3,0.031609314672000004
2030,sc01,12-05 09:00:00+01:00,104_PV_1,0.31403032193
2030,sc01,12-05 09:00:00+01:00,102_PV_1,0.15620313046
2030,sc01,12-05 09:00:00+01:00,101_PV_1,0.15627510431
2030,sc01,12-05 09:00:00+01:00,101_STEAM_3,0.9682399999999999
2030,sc01,12-05 09:00:00+01:00,115_STEAM_1,0.0
2030,sc01,12-05 09:00:00+01:00,115_STEAM_2,0.0
2030,sc01,12-05 09:00:00+01:00,123_CT_4,0.0
2030,sc01,12-05 09:00:00+01:00,121_NUCLEAR_1,4.554011519869204
2030,sc01,12-05 09:00:00+01:00,116_STEAM_1,0.0
2030,sc01,12-05 09:00:00+01:00,118_RTPV_7,0.039679777956
2030,sc01,12-05 09:00:00+01:00,119_PV_1,0.13323614381999999
2030,sc01,12-05 09:00:00+01:00,102_STEAM_4,0.9682399999999999
2030,sc01,12-05 09:00:00+01:00,118_CC_1,0.0
2030,sc01,12-05 09:00:00+01:00,103_PV_1,0.37525361419000003
2030,sc01,12-05 09:00:00+01:00,122_WIND_1,11.370990186992808
2030,sc01,12-05 09:00:00+01:00,101_PV_2,0.16110213457
2030,sc01,12-05 09:00:00+01:00,118_RTPV_10,0.015132118715999997
2030,sc01,12-05 09:00:00+01:00,102_PV_2,0.15437262503
2030,sc01,12-05 09:00:00+01:00,101_PV_3,0.15808524069000002
2030,sc01,12-05 09:00:00+01:00,101_CT_1,0.0
2030,sc01,12-05 09:00:00+01:00,123_STEAM_2,0.0
2030,sc01,12-05 09:00:00+01:00,113_CT_3,0.0
2030,sc01,12-05 09:00:00+01:00,113_PV_1,0.31474806922000004
2030,sc01,12-05 09:00:00+01:00,118_RTPV_1,0.48360000000000003
2030,sc01,12-05 09:00:00+01:00,118_RTPV_8,0.03766216214800001
2030,sc01,12-05 09:00:00+01:00,123_CT_5,0.0
2030,sc01,12-05 09:00:00+01:00,118_RTPV_6,0.032618122576000004
2030,sc01,12-05 09:00:00+01:00,118_RTPV_5,0.030600506716
2030,sc01,12-05 09:00:00+01:00,102_STEAM_3,0.71575335745989
2030,sc01,12-05 09:00:00+01:00,102_CT_2,0.0
2030,sc01,12-05 09:00:00+01:00,118_RTPV_2,0.032618122576000004
2030,sc01,12-05 09:00:00+01:00,113_CT_2,0.0
2030,sc01,12-05 09:00:00+01:00,113_CT_4,0.0
2030,sc01,12-05 09:00:00+01:00,118_RTPV_4,0.030600506716
2030,sc01,12-05 09:00:00+01:00,118_RTPV_9,0.034635738384000005
2030,sc01,12-05 09:00:00+01:00,101_PV_4,0.15567172556
2030,sc01,12-05 09:00:00+01:00,115_STEAM_3,3.7076633983881284
2030,sc01,12-05 09:00:00+01:00,123_STEAM_3,0.0
2030,sc01,12-05 16:00:00+01:00,113_CT_1,0.0
2030,sc01,12-05 16:00:00+01:00,107_CC_1,3.39394025919
2030,sc01,12-05 16:00:00+01:00,101_CT_2,0.0
2030,sc01,12-05 16:00:00+01:00,101_STEAM_4,0.9682399999999999
2030,sc01,12-05 16:00:00+01:00,102_CT_1,0.0
2030,sc01,12-05 16:00:00+01:00,123_CT_1,0.0
2030,sc01,12-05 16:00:00+01:00,118_RTPV_3,0.001527037616
2030,sc01,12-05 16:00:00+01:00,104_PV_1,1.3936
2030,sc01,12-05 16:00:00+01:00,102_PV_1,0.090109557668
2030,sc01,12-05 16:00:00+01:00,101_PV_1,0.31394730354
2030,sc01,12-05 16:00:00+01:00,101_STEAM_3,0.9682399999999999
2030,sc01,12-05 16:00:00+01:00,115_STEAM_1,0.0
2030,sc01,12-05 16:00:00+01:00,115_STEAM_2,0.0
2030,sc01,12-05 16:00:00+01:00,123_CT_4,0.0
2030,sc01,12-05 16:00:00+01:00,121_NUCLEAR_1,4.5760000000000005
2030,sc01,12-05 16:00:00+01:00,116_STEAM_1,0.0
2030,sc01,12-05 16:00:00+01:00,118_RTPV_7,0.0019169195240000003
2030,sc01,12-05 16:00:00+01:00,119_PV_1,0.015975263668
2030,sc01,12-05 16:00:00+01:00,102_STEAM_4,0.6826085259350771
2030,sc01,12-05 16:00:00+01:00,118_CC_1,0.8730152325048947
2030,sc01,12-05 16:00:00+01:00,103_PV_1,0.21647413268000001
2030,sc01,12-05 16:00:00+01:00,122_WIND_1,11.380769790183304
2030,sc01,12-05 16:00:00+01:00,101_PV_2,0.32364451756000007
2030,sc01,12-05 16:00:00+01:00,118_RTPV_10,0.000731028636
2030,sc01,12-05 16:00:00+01:00,102_PV_2,0.08905358628400001
2030,sc01,12-05 16:00:00+01:00,101_PV_3,0.31758375883
2030,sc01,12-05 16:00:00+01:00,101_CT_1,0.0
2030,sc01,12-05 16:00:00+01:00,123_STEAM_2,0.0
2030,sc01,12-05 16:00:00+01:00,113_CT_3,0.0
2030,sc01,12-05 16:00:00+01:00,113_PV_1,0.015205395608000003
2030,sc01,12-05 16:00:00+01:00,118_RTPV_1,0.1362885927
2030,sc01,12-05 16:00:00+01:00,118_RTPV_8,0.00181944906
2030,sc01,12-05 16:00:00+01:00,123_CT_5,0.0
2030,sc01,12-05 16:00:00+01:00,118_RTPV_6,0.001575772848
2030,sc01,12-05 16:00:00+01:00,118_RTPV_5,0.001478302332
2030,sc01,12-05 16:00:00+01:00,102_STEAM_3,0.0
2030,sc01,12-05 16:00:00+01:00,102_CT_2,0.0
2030,sc01,12-05 16:00:00+01:00,118_RTPV_2,0.001575772848
2030,sc01,12-05 16:00:00+01:00,113_CT_2,0.0
2030,sc01,12-05 16:00:00+01:00,113_CT_4,0.0
2030,sc01,12-05 16:00:00+01:00,118_RTPV_4,0.001478302332
2030,sc01,12-05 16:00:00+01:00,118_RTPV_9,0.001673243312
2030,sc01,12-05 16:00:00+01:00,101_PV_4,0.31273515182
2030,sc01,12-05 16:00:00+01:00,115_STEAM_3,3.8819475214007113
2030,sc01,12-05 16:00:00+01:00,123_STEAM_3,0.0
2030,sc01,12-09 10:00:00+01:00,113_CT_1,0.0
2030,sc01,12-09 10:00:00+01:00,107_CC_1,6.055526433120001
2030,sc01,12-09 10:00:00+01:00,101_CT_2,0.0
2030,sc01,12-09 10:00:00+01:00,101_STEAM_4,0.7055999999999999
2030,sc01,12-09 10:00:00+01:00,102_CT_1,0.0
2030,sc01,12-09 10:00:00+01:00,123_CT_1,0.0
2030,sc01,12-09 10:00:00+01:00,118_RTPV_3,0.06739292035200001
2030,sc01,12-09 10:00:00+01:00,104_PV_1,1.62837134016
2030,sc01,12-09 10:00:00+01:00,102_PV_1,0.51738947424
2030,sc01,12-09 10:00:00+01:00,101_PV_1,0.5589609950400001
2030,sc01,12-09 10:00:00+01:00,101_STEAM_3,0.22020619085112464
2030,sc01,12-09 10:00:00+01:00,115_STEAM_1,0.0
2030,sc01,12-09 10:00:00+01:00,115_STEAM_2,0.0
2030,sc01,12-09 10:00:00+01:00,123_CT_4,0.0
2030,sc01,12-09 10:00:00+01:00,121_NUCLEAR_1,7.468099586263708
2030,sc01,12-09 10:00:00+01:00,116_STEAM_1,0.0
2030,sc01,12-09 10:00:00+01:00,118_RTPV_7,0.084599623488
2030,sc01,12-09 10:00:00+01:00,119_PV_1,0.61448346792
2030,sc01,12-09 10:00:00+01:00,102_STEAM_4,0.0
2030,sc01,12-09 10:00:00+01:00,118_CC_1,0.0
2030,sc01,12-09 10:00:00+01:00,103_PV_1,1.24294736928
2030,sc01,12-09 10:00:00+01:00,122_WIND_1,20.939648975943594
2030,sc01,12-09 10:00:00+01:00,101_PV_2,0.57622619952
2030,sc01,12-09 10:00:00+01:00,118_RTPV_10,0.03226256832
2030,sc01,12-09 10:00:00+01:00,102_PV_2,0.51132631632
2030,sc01,12-09 10:00:00+01:00,101_PV_3,0.56543544672
2030,sc01,12-09 10:00:00+01:00,101_CT_1,0.0
2030,sc01,12-09 10:00:00+01:00,123_STEAM_2,0.0
2030,sc01,12-09 10:00:00+01:00,113_CT_3,0.0
2030,sc01,12-09 10:00:00+01:00,113_PV_1,0.67106142
2030,sc01,12-09 10:00:00+01:00,118_RTPV_1,0.8928
2030,sc01,12-09 10:00:00+01:00,118_RTPV_8,0.08029794768000001
2030,sc01,12-09 10:00:00+01:00,123_CT_5,0.0
2030,sc01,12-09 10:00:00+01:00,118_RTPV_6,0.069543758304
2030,sc01,12-09 10:00:00+01:00,118_RTPV_5,0.065242082496
2030,sc01,12-09 10:00:00+01:00,102_STEAM_3,0.0
2030,sc01,12-09 10:00:00+01:00,102_CT_2,0.0
2030,sc01,12-09 10:00:00+01:00,118_RTPV_2,0.069543758304
2030,sc01,12-09 10:00:00+01:00,113_CT_2,0.0
2030,sc01,12-09 10:00:00+01:00,113_CT_4,0.0
2030,sc01,12-09 10:00:00+01:00,118_RTPV_4,0.065242082496
2030,sc01,12-09 10:00:00+01:00,118_RTPV_9,0.073845434016
2030,sc01,12-09 10:00:00+01:00,101_PV_4,0.55680284448
2030,sc01,12-09 10:00:00+01:00,115_STEAM_3,6.670325062125572
2030,sc01,12-09 10:00:00+01:00,123_STEAM_3,0.0
2030,sc01,12-19 15:00:00+01:00,113_CT_1,0.0
2030,sc01,12-19 15:00:00+01:00,107_CC_1,0.24225728600000002
2030,sc01,12-19 15:00:00+01:00,101_CT_2,0.0
2030,sc01,12-19 15:00:00+01:00,101_STEAM_4,0.07447999999999999
2030,sc01,12-19 15:00:00+01:00,102_CT_1,0.0
2030,sc01,12-19 15:00:00+01:00,123_CT_1,0.0
2030,sc01,12-19 15:00:00+01:00,118_RTPV_3,0.00095957046
2030,sc01,12-19 15:00:00+01:00,104_PV_1,0.0038961578440000004
2030,sc01,12-19 15:00:00+01:00,102_PV_1,0.0103972566
2030,sc01,12-19 15:00:00+01:00,101_PV_1,0.01093112038
2030,sc01,12-19 15:00:00+01:00,101_STEAM_3,0.07194469166276389
2030,sc01,12-19 15:00:00+01:00,115_STEAM_1,0.0
2030,sc01,12-19 15:00:00+01:00,115_STEAM_2,0.0
2030,sc01,12-19 15:00:00+01:00,123_CT_4,0.0
2030,sc01,12-19 15:00:00+01:00,121_NUCLEAR_1,0.3036937520617964
2030,sc01,12-19 15:00:00+01:00,116_STEAM_1,0.0
2030,sc01,12-19 15:00:00+01:00,118_RTPV_7,0.001204567176
2030,sc01,12-19 15:00:00+01:00,119_PV_1,0.003944315204
2030,sc01,12-19 15:00:00+01:00,102_STEAM_4,0.0
2030,sc01,12-19 15:00:00+01:00,118_CC_1,0.0
2030,sc01,12-19 15:00:00+01:00,103_PV_1,0.02497778442
2030,sc01,12-19 15:00:00+01:00,122_WIND_1,0.8715969563066204
2030,sc01,12-19 15:00:00+01:00,101_PV_2,0.011268761169999999
2030,sc01,12-19 15:00:00+01:00,118_RTPV_10,0.00045936884
2030,sc01,12-19 15:00:00+01:00,102_PV_2,0.01027541375
2030,sc01,12-19 15:00:00+01:00,101_PV_3,0.01105773568
2030,sc01,12-19 15:00:00+01:00,101_CT_1,0.0
2030,sc01,12-19 15:00:00+01:00,123_STEAM_2,0.0
2030,sc01,12-19 15:00:00+01:00,113_CT_3,0.0
2030,sc01,12-19 15:00:00+01:00,113_PV_1,0.009554871832
2030,sc01,12-19 15:00:00+01:00,118_RTPV_1,0.037200000000000004
2030,sc01,12-19 15:00:00+01:00,118_RTPV_8,0.001143317996
2030,sc01,12-19 15:00:00+01:00,123_CT_5,0.0
2030,sc01,12-19 15:00:00+01:00,118_RTPV_6,0.0009901950520000001
2030,sc01,12-19 15:00:00+01:00,118_RTPV_5,0.000928945872
2030,sc01,12-19 15:00:00+01:00,102_STEAM_3,0.0
2030,sc01,12-19 15:00:00+01:00,102_CT_2,0.0
2030,sc01,12-19 15:00:00+01:00,118_RTPV_2,0.0009901950520000001
2030,sc01,12-19 15:00:00+01:00,113_CT_2,0.0
2030,sc01,12-19 15:00:00+01:00,113_CT_4,0.0
2030,sc01,12-19 15:00:00+01:00,118_RTPV_4,0.000928945872
2030,sc01,12-19 15:00:00+01:00,118_RTPV_9,0.001051444228
2030,sc01,12-19 15:00:00+01:00,101_PV_4,0.010888915280000001
2030,sc01,12-19 15:00:00+01:00,115_STEAM_3,0.2836437333608194
2030,sc01,12-19 15:00:00+01:00,123_STEAM_3,0.0
