Period,Scenario,LoadLevel,Unit,p.u.
2030,sc01,01-02 17:00:00+01:00,113_CT_1,1.0
2030,sc01,01-02 17:00:00+01:00,123_CT_5,1.0
2030,sc01,01-02 17:00:00+01:00,115_STEAM_3,1.0
2030,sc01,01-02 17:00:00+01:00,101_STEAM_3,1.0
2030,sc01,01-02 17:00:00+01:00,101_CT_2,1.0
2030,sc01,01-02 17:00:00+01:00,115_STEAM_2,1.0
2030,sc01,01-02 17:00:00+01:00,102_CT_2,1.0
2030,sc01,01-02 17:00:00+01:00,116_STEAM_1,1.0
2030,sc01,01-02 17:00:00+01:00,123_STEAM_2,1.0
2030,sc01,01-02 17:00:00+01:00,107_CC_1,0.0
2030,sc01,01-02 17:00:00+01:00,113_CT_4,1.0
2030,sc01,01-02 17:00:00+01:00,101_CT_1,1.0
2030,sc01,01-02 17:00:00+01:00,118_CC_1,1.0
2030,sc01,01-02 17:00:00+01:00,102_STEAM_4,1.0
2030,sc01,01-02 17:00:00+01:00,123_CT_4,1.0
2030,sc01,01-02 17:00:00+01:00,123_STEAM_3,1.0
2030,sc01,01-02 17:00:00+01:00,121_NUCLEAR_1,0.9227042657233223
2030,sc01,01-02 17:00:00+01:00,113_CT_3,1.0
2030,sc01,01-02 17:00:00+01:00,101_STEAM_4,1.0
2030,sc01,01-02 17:00:00+01:00,123_CT_1,1.0
2030,sc01,01-02 17:00:00+01:00,113_CT_2,1.0
2030,sc01,01-02 17:00:00+01:00,115_STEAM_1,1.0
2030,sc01,01-02 17:00:00+01:00,102_STEAM_3,1.0
2030,sc01,01-02 17:00:00+01:00,102_CT_1,1.0
2030,sc01,01-02 18:00:00+01:00,113_CT_1,0.0
2030,sc01,01-02 18:00:00+01:00,123_CT_5,0.0
2030,sc01,01-02 18:00:00+01:00,115_STEAM_3,0.0
2030,sc01,01-02 18:00:00+01:00,101_STEAM_3,0.0
2030,sc01,01-02 18:00:00+01:00,101_CT_2,0.0
2030,sc01,01-02 18:00:00+01:00,115_STEAM_2,0.0
2030,sc01,01-02 18:00:00+01:00,102_CT_2,0.0
2030,sc01,01-02 18:00:00+01:00,116_STEAM_1,0.0
2030,sc01,01-02 18:00:00+01:00,123_STEAM_2,0.0
2030,sc01,01-02 18:00:00+01:00,107_CC_1,1.0
2030,sc01,01-02 18:00:00+01:00,113_CT_4,0.0
2030,sc01,01-02 18:00:00+01:00,101_CT_1,0.0
2030,sc01,01-02 18:00:00+01:00,118_CC_1,0.0
2030,sc01,01-02 18:00:00+01:00,102_STEAM_4,0.0
2030,sc01,01-02 18:00:00+01:00,123_CT_4,0.0
2030,sc01,01-02 18:00:00+01:00,123_STEAM_3,0.0
2030,sc01,01-02 18:00:00+01:00,121_NUCLEAR_1,0.719440843689742
2030,sc01,01-02 18:00:00+01:00,113_CT_3,0.0
2030,sc01,01-02 18:00:00+01:00,101_STEAM_4,0.0
2030,sc01,01-02 18:00:00+01:00,123_CT_1,0.0
2030,sc01,01-02 18:00:00+01:00,113_CT_2,0.0
2030,sc01,01-02 18:00:00+01:00,115_STEAM_1,0.0
2030,sc01,01-02 18:00:00+01:00,102_STEAM_3,0.0
2030,sc01,01-02 18:00:00+01:00,102_CT_1,0.0
2030,sc01,01-03 17:00:00+01:00,113_CT_1,0.0
2030,sc01,01-03 17:00:00+01:00,123_CT_5,0.0
2030,sc01,01-03 17:00:00+01:00,115_STEAM_3,0.0
2030,sc01,01-03 17:00:00+01:00,101_STEAM_3,0.0
2030,sc01,01-03 17:00:00+01:00,101_CT_2,0.0
2030,sc01,01-03 17:00:00+01:00,115_STEAM_2,0.0
2030,sc01,01-03 17:00:00+01:00,102_CT_2,0.0
2030,sc01,01-03 17:00:00+01:00,116_STEAM_1,0.0
2030,sc01,01-03 17:00:00+01:00,123_STEAM_2,0.0
2030,sc01,01-03 17:00:00+01:00,107_CC_1,0.0
2030,sc01,01-03 17:00:00+01:00,113_CT_4,0.0
2030,sc01,01-03 17:00:00+01:00,101_CT_1,0.0
2030,sc01,01-03 17:00:00+01:00,118_CC_1,0.0
2030,sc01,01-03 17:00:00+01:00,102_STEAM_4,0.0
2030,sc01,01-03 17:00:00+01:00,123_CT_4,0.0
2030,sc01,01-03 17:00:00+01:00,123_STEAM_3,0.0
2030,sc01,01-03 17:00:00+01:00,121_NUCLEAR_1,0.8392248905994312
2030,sc01,01-03 17:00:00+01:00,113_CT_3,0.0
2030,sc01,01-03 17:00:00+01:00,101_STEAM_4,0.0
2030,sc01,01-03 17:00:00+01:00,123_CT_1,0.0
2030,sc01,01-03 17:00:00+01:00,113_CT_2,0.0
2030,sc01,01-03 17:00:00+01:00,115_STEAM_1,0.0
2030,sc01,01-03 17:00:00+01:00,102_STEAM_3,0.0
2030,sc01,01-03 17:00:00+01:00,102_CT_1,0.0
2030,sc01,01-03 18:00:00+01:00,113_CT_1,0.0
2030,sc01,01-03 18:00:00+01:00,123_CT_5,0.0
2030,sc01,01-03 18:00:00+01:00,115_STEAM_3,1.0
2030,sc01,01-03 18:00:00+01:00,101_STEAM_3,0.0
2030,sc01,01-03 18:00:00+01:00,101_CT_2,0.0
2030,sc01,01-03 18:00:00+01:00,115_STEAM_2,0.0
2030,sc01,01-03 18:00:00+01:00,102_CT_2,0.0
2030,sc01,01-03 18:00:00+01:00,116_STEAM_1,0.0
2030,sc01,01-03 18:00:00+01:00,123_STEAM_2,0.0
2030,sc01,01-03 18:00:00+01:00,107_CC_1,0.8198119574364515
2030,sc01,01-03 18:00:00+01:00,113_CT_4,0.0
2030,sc01,01-03 18:00:00+01:00,101_CT_1,0.0
2030,sc01,01-03 18:00:00+01:00,118_CC_1,0.0
2030,sc01,01-03 18:00:00+01:00,102_STEAM_4,0.0
2030,sc01,01-03 18:00:00+01:00,123_CT_4,0.0
2030,sc01,01-03 18:00:00+01:00,123_STEAM_3,0.0
2030,sc01,01-03 18:00:00+01:00,121_NUCLEAR_1,0.4259383461154298
2030,sc01,01-03 18:00:00+01:00,113_CT_3,0.0
2030,sc01,01-03 18:00:00+01:00,101_STEAM_4,0.0
2030,sc01,01-03 18:00:00+01:00,123_CT_1,0.0
2030,sc01,01-03 18:00:00+01:00,113_CT_2,0.0
2030,sc01,01-03 18:00:00+01:00,115_STEAM_1,0.0
2030,sc01,01-03 18:00:00+01:00,102_STEAM_3,0.0
2030,sc01,01-03 18:00:00+01:00,102_CT_1,0.0
2030,sc01,01-03 19:00:00+01:00,113_CT_1,0.0
2030,sc01,01-03 19:00:00+01:00,123_CT_5,0.0
2030,sc01,01-03 19:00:00+01:00,115_STEAM_3,0.0
2030,sc01,01-03 19:00:00+01:00,101_STEAM_3,0.0
2030,sc01,01-03 19:00:00+01:00,101_CT_2,0.0
2030,sc01,01-03 19:00:00+01:00,115_STEAM_2,0.0
2030,sc01,01-03 19:00:00+01:00,102_CT_2,0.0
2030,sc01,01-03 19:00:00+01:00,116_STEAM_1,0.0
2030,sc01,01-03 19:00:00+01:00,123_STEAM_2,0.0
2030,sc01,01-03 19:00:00+01:00,107_CC_1,0.8326562766071145
2030,sc01,01-03 19:00:00+01:00,113_CT_4,0.0
2030,sc01,01-03 19:00:00+01:00,101_CT_1,0.0
2030,sc01,01-03 19:00:00+01:00,118_CC_1,0.0
2030,sc01,01-03 19:00:00+01:00,102_STEAM_4,0.0
2030,sc01,01-03 19:00:00+01:00,123_CT_4,0.0
2030,sc01,01-03 19:00:00+01:00,123_STEAM_3,0.0
2030,sc01,01-03 19:00:00+01:00,121_NUCLEAR_1,0.0926916538720747
2030,sc01,01-03 19:00:00+01:00,113_CT_3,0.0
2030,sc01,01-03 19:00:00+01:00,101_STEAM_4,0.0
2030,sc01,01-03 19:00:00+01:00,123_CT_1,0.0
2030,sc01,01-03 19:00:00+01:00,113_CT_2,0.0
2030,sc01,01-03 19:00:00+01:00,115_STEAM_1,0.0
2030,sc01,01-03 19:00:00+01:00,102_STEAM_3,0.0
2030,sc01,01-03 19:00:00+01:00,102_CT_1,0.0
2030,sc01,01-04 16:00:00+01:00,113_CT_1,0.0
2030,sc01,01-04 16:00:00+01:00,123_CT_5,0.0
2030,sc01,01-04 16:00:00+01:00,115_STEAM_3,0.0
2030,sc01,01-04 16:00:00+01:00,101_STEAM_3,0.0
2030,sc01,01-04 16:00:00+01:00,101_CT_2,0.0
2030,sc01,01-04 16:00:00+01:00,115_STEAM_2,0.0
2030,sc01,01-04 16:00:00+01:00,102_CT_2,0.0
2030,sc01,01-04 16:00:00+01:00,116_STEAM_1,0.0
2030,sc01,01-04 16:00:00+01:00,123_STEAM_2,0.0
2030,sc01,01-04 16:00:00+01:00,107_CC_1,0.347531765956434
2030,sc01,01-04 16:00:00+01:00,113_CT_4,0.0
2030,sc01,01-04 16:00:00+01:00,101_CT_1,0.0
2030,sc01,01-04 16:00:00+01:00,118_CC_1,0.0
2030,sc01,01-04 16:00:00+01:00,102_STEAM_4,0.0
2030,sc01,01-04 16:00:00+01:00,123_CT_4,0.0
2030,sc01,01-04 16:00:00+01:00,123_STEAM_3,0.0
2030,sc01,01-04 16:00:00+01:00,121_NUCLEAR_1,0.22195357817987826
2030,sc01,01-04 16:00:00+01:00,113_CT_3,0.0
2030,sc01,01-04 16:00:00+01:00,101_STEAM_4,0.0
2030,sc01,01-04 16:00:00+01:00,123_CT_1,0.0
2030,sc01,01-04 16:00:00+01:00,113_CT_2,0.0
2030,sc01,01-04 16:00:00+01:00,115_STEAM_1,0.0
2030,sc01,01-04 16:00:00+01:00,102_STEAM_3,0.6684913655734638
2030,sc01,01-04 16:00:00+01:00,102_CT_1,0.0
2030,sc01,01-04 17:00:00+01:00,113_CT_1,0.0
2030,sc01,01-04 17:00:00+01:00,123_CT_5,0.0
2030,sc01,01-04 17:00:00+01:00,115_STEAM_3,0.0
2030,sc01,01-04 17:00:00+01:00,101_STEAM_3,1.0
2030,sc01,01-04 17:00:00+01:00,101_CT_2,0.0
2030,sc01,01-04 17:00:00+01:00,115_STEAM_2,0.0
2030,sc01,01-04 17:00:00+01:00,102_CT_2,0.0
2030,sc01,01-04 17:00:00+01:00,116_STEAM_1,0.0
2030,sc01,01-04 17:00:00+01:00,123_STEAM_2,0.0
2030,sc01,01-04 17:00:00+01:00,107_CC_1,0.0
2030,sc01,01-04 17:00:00+01:00,113_CT_4,0.0
2030,sc01,01-04 17:00:00+01:00,101_CT_1,0.0
2030,sc01,01-04 17:00:00+01:00,118_CC_1,0.0
2030,sc01,01-04 17:00:00+01:00,102_STEAM_4,0.0
2030,sc01,01-04 17:00:00+01:00,123_CT_4,0.0
2030,sc01,01-04 17:00:00+01:00,123_STEAM_3,0.0
2030,sc01,01-04 17:00:00+01:00,121_NUCLEAR_1,1.0
2030,sc01,01-04 17:00:00+01:00,113_CT_3,0.0
2030,sc01,01-04 17:00:00+01:00,101_STEAM_4,1.0
2030,sc01,01-04 17:00:00+01:00,123_CT_1,0.0
2030,sc01,01-04 17:00:00+01:00,113_CT_2,0.0
2030,sc01,01-04 17:00:00+01:00,115_STEAM_1,0.0
2030,sc01,01-04 17:00:00+01:00,102_STEAM_3,1.0
2030,sc01,01-04 17:00:00+01:00,102_CT_1,0.0
2030,sc01,01-04 18:00:00+01:00,113_CT_1,0.0
2030,sc01,01-04 18:00:00+01:00,123_CT_5,0.0
2030,sc01,01-04 18:00:00+01:00,115_STEAM_3,1.0
2030,sc01,01-04 18:00:00+01:00,101_STEAM_3,0.0
2030,sc01,01-04 18:00:00+01:00,101_CT_2,0.0
2030,sc01,01-04 18:00:00+01:00,115_STEAM_2,0.0
2030,sc01,01-04 18:00:00+01:00,102_CT_2,0.0
2030,sc01,01-04 18:00:00+01:00,116_STEAM_1,0.0
2030,sc01,01-04 18:00:00+01:00,123_STEAM_2,0.0
2030,sc01,01-04 18:00:00+01:00,107_CC_1,0.8319146045370734
2030,sc01,01-04 18:00:00+01:00,113_CT_4,0.0
2030,sc01,01-04 18:00:00+01:00,101_CT_1,0.0
2030,sc01,01-04 18:00:00+01:00,118_CC_1,0.0
2030,sc01,01-04 18:00:00+01:00,102_STEAM_4,0.0
2030,sc01,01-04 18:00:00+01:00,123_CT_4,0.0
2030,sc01,01-04 18:00:00+01:00,123_STEAM_3,0.0
2030,sc01,01-04 18:00:00+01:00,121_NUCLEAR_1,0.0
2030,sc01,01-04 18:00:00+01:00,113_CT_3,0.0
2030,sc01,01-04 18:00:00+01:00,101_STEAM_4,0.002277387309728178
2030,sc01,01-04 18:00:00+01:00,123_CT_1,0.0
2030,sc01,01-04 18:00:00+01:00,113_CT_2,0.0
2030,sc01,01-04 18:00:00+01:00,115_STEAM_1,0.0
2030,sc01,01-04 18:00:00+01:00,102_STEAM_3,0.0
2030,sc01,01-04 18:00:00+01:00,102_CT_1,0.0
2030,sc01,01-04 19:00:00+01:00,113_CT_1,0.0
2030,sc01,01-04 19:00:00+01:00,123_CT_5,0.0
2030,sc01,01-04 19:00:00+01:00,115_STEAM_3,0.0
2030,sc01,01-04 19:00:00+01:00,101_STEAM_3,0.0
2030,sc01,01-04 19:00:00+01:00,101_CT_2,0.0
2030,sc01,01-04 19:00:00+01:00,115_STEAM_2,0.0
2030,sc01,01-04 19:00:00+01:00,102_CT_2,0.0
2030,sc01,01-04 19:00:00+01:00,116_STEAM_1,0.0
2030,sc01,01-04 19:00:00+01:00,123_STEAM_2,0.0
2030,sc01,01-04 19:00:00+01:00,107_CC_1,0.9398669598690248
2030,sc01,01-04 19:00:00+01:00,113_CT_4,0.0
2030,sc01,01-04 19:00:00+01:00,101_CT_1,0.0
2030,sc01,01-04 19:00:00+01:00,118_CC_1,0.0
2030,sc01,01-04 19:00:00+01:00,102_STEAM_4,0.0
2030,sc01,01-04 19:00:00+01:00,123_CT_4,0.0
2030,sc01,01-04 19:00:00+01:00,123_STEAM_3,0.0
2030,sc01,01-04 19:00:00+01:00,121_NUCLEAR_1,0.0
2030,sc01,01-04 19:00:00+01:00,113_CT_3,0.0
2030,sc01,01-04 19:00:00+01:00,101_STEAM_4,0.0
2030,sc01,01-04 19:00:00+01:00,123_CT_1,0.0
2030,sc01,01-04 19:00:00+01:00,113_CT_2,0.0
2030,sc01,01-04 19:00:00+01:00,115_STEAM_1,0.0
2030,sc01,01-04 19:00:00+01:00,102_STEAM_3,0.0
2030,sc01,01-04 19:00:00+01:00,102_CT_1,0.0
2030,sc01,01-07 09:00:00+01:00,113_CT_1,0.0
2030,sc01,01-07 09:00:00+01:00,123_CT_5,0.0
2030,sc01,01-07 09:00:00+01:00,115_STEAM_3,0.0
2030,sc01,01-07 09:00:00+01:00,101_STEAM_3,0.0
2030,sc01,01-07 09:00:00+01:00,101_CT_2,0.0
2030,sc01,01-07 09:00:00+01:00,115_STEAM_2,0.0
2030,sc01,01-07 09:00:00+01:00,102_CT_2,0.0
2030,sc01,01-07 09:00:00+01:00,116_STEAM_1,0.0
2030,sc01,01-07 09:00:00+01:00,123_STEAM_2,0.0
2030,sc01,01-07 09:00:00+01:00,107_CC_1,0.0
2030,sc01,01-07 09:00:00+01:00,113_CT_4,0.0
2030,sc01,01-07 09:00:00+01:00,101_CT_1,0.0
2030,sc01,01-07 09:00:00+01:00,118_CC_1,0.0
2030,sc01,01-07 09:00:00+01:00,102_STEAM_4,0.0
2030,sc01,01-07 09:00:00+01:00,123_CT_4,0.0
2030,sc01,01-07 09:00:00+01:00,123_STEAM_3,0.0
2030,sc01,01-07 09:00:00+01:00,121_NUCLEAR_1,0.0
2030,sc01,01-07 09:00:00+01:00,113_CT_3,0.0
2030,sc01,01-07 09:00:00+01:00,101_STEAM_4,0.0
2030,sc01,01-07 09:00:00+01:00,123_CT_1,0.0
2030,sc01,01-07 09:00:00+01:00,113_CT_2,0.0
2030,sc01,01-07 09:00:00+01:00,115_STEAM_1,0.0
2030,sc01,01-07 09:00:00+01:00,102_STEAM_3,0.0
2030,sc01,01-07 09:00:00+01:00,102_CT_1,0.0
2030,sc01,01-07 16:00:00+01:00,113_CT_1,0.0
2030,sc01,01-07 16:00:00+01:00,123_CT_5,0.0
2030,sc01,01-07 16:00:00+01:00,115_STEAM_3,0.0
2030,sc01,01-07 16:00:00+01:00,101_STEAM_3,0.0
2030,sc01,01-07 16:00:00+01:00,101_CT_2,0.0
2030,sc01,01-07 16:00:00+01:00,115_STEAM_2,0.0
2030,sc01,01-07 16:00:00+01:00,102_CT_2,0.0
2030,sc01,01-07 16:00:00+01:00,116_STEAM_1,0.0
2030,sc01,01-07 16:00:00+01:00,123_STEAM_2,0.0
2030,sc01,01-07 16:00:00+01:00,107_CC_1,0.0
2030,sc01,01-07 16:00:00+01:00,113_CT_4,0.0
2030,sc01,01-07 16:00:00+01:00,101_CT_1,0.0
2030,sc01,01-07 16:00:00+01:00,118_CC_1,1.0
2030,sc01,01-07 16:00:00+01:00,102_STEAM_4,0.0
2030,sc01,01-07 16:00:00+01:00,123_CT_4,0.0
2030,sc01,01-07 16:00:00+01:00,123_STEAM_3,0.6576629597410745
2030,sc01,01-07 16:00:00+01:00,121_NUCLEAR_1,0.11691136829901339
2030,sc01,01-07 16:00:00+01:00,113_CT_3,0.0
2030,sc01,01-07 16:00:00+01:00,101_STEAM_4,0.0
2030,sc01,01-07 16:00:00+01:00,123_CT_1,0.0
2030,sc01,01-07 16:00:00+01:00,113_CT_2,0.0
2030,sc01,01-07 16:00:00+01:00,115_STEAM_1,0.0
2030,sc01,01-07 16:00:00+01:00,102_STEAM_3,0.0
2030,sc01,01-07 16:00:00+01:00,102_CT_1,0.0
2030,sc01,01-07 17:00:00+01:00,113_CT_1,0.0
2030,sc01,01-07 17:00:00+01:00,123_CT_5,0.0
2030,sc01,01-07 17:00:00+01:00,115_STEAM_3,0.0
2030,sc01,01-07 17:00:00+01:00,101_STEAM_3,0.0
2030,sc01,01-07 17:00:00+01:00,101_CT_2,0.0
2030,sc01,01-07 17:00:00+01:00,115_STEAM_2,0.0
2030,sc01,01-07 17:00:00+01:00,102_CT_2,0.0
2030,sc01,01-07 17:00:00+01:00,116_STEAM_1,0.0
2030,sc01,01-07 17:00:00+01:00,123_STEAM_2,1.0
2030,sc01,01-07 17:00:00+01:00,107_CC_1,0.0
2030,sc01,01-07 17:00:00+01:00,113_CT_4,0.0
2030,sc01,01-07 17:00:00+01:00,101_CT_1,0.0
2030,sc01,01-07 17:00:00+01:00,118_CC_1,0.0
2030,sc01,01-07 17:00:00+01:00,102_STEAM_4,1.0
2030,sc01,01-07 17:00:00+01:00,123_CT_4,0.0
2030,sc01,01-07 17:00:00+01:00,123_STEAM_3,1.0
2030,sc01,01-07 17:00:00+01:00,121_NUCLEAR_1,1.0
2030,sc01,01-07 17:00:00+01:00,113_CT_3,0.0
2030,sc01,01-07 17:00:00+01:00,101_STEAM_4,0.0
2030,sc01,01-07 17:00:00+01:00,123_CT_1,0.0
2030,sc01,01-07 17:00:00+01:00,113_CT_2,0.0
2030,sc01,01-07 17:00:00+01:00,115_STEAM_1,0.0
2030,sc01,01-07 17:00:00+01:00,102_STEAM_3,1.0
2030,sc01,01-07 17:00:00+01:00,102_CT_1,0.0
2030,sc01,01-07 19:00:00+01:00,113_CT_1,0.0
2030,sc01,01-07 19:00:00+01:00,123_CT_5,0.0
2030,sc01,01-07 19:00:00+01:00,115_STEAM_3,0.0
2030,sc01,01-07 19:00:00+01:00,101_STEAM_3,1.0
2030,sc01,01-07 19:00:00+01:00,101_CT_2,0.0
2030,sc01,01-07 19:00:00+01:00,115_STEAM_2,0.0
2030,sc01,01-07 19:00:00+01:00,102_CT_2,0.0
2030,sc01,01-07 19:00:00+01:00,116_STEAM_1,0.0
2030,sc01,01-07 19:00:00+01:00,123_STEAM_2,0.0
2030,sc01,01-07 19:00:00+01:00,107_CC_1,0.7291413647424942
2030,sc01,01-07 19:00:00+01:00,113_CT_4,0.0
2030,sc01,01-07 19:00:00+01:00,101_CT_1,0.0
2030,sc01,01-07 19:00:00+01:00,118_CC_1,0.0
2030,sc01,01-07 19:00:00+01:00,102_STEAM_4,0.0
2030,sc01,01-07 19:00:00+01:00,123_CT_4,0.0
2030,sc01,01-07 19:00:00+01:00,123_STEAM_3,0.0
2030,sc01,01-07 19:00:00+01:00,121_NUCLEAR_1,0.0
2030,sc01,01-07 19:00:00+01:00,113_CT_3,0.0
2030,sc01,01-07 19:00:00+01:00,101_STEAM_4,1.0
2030,sc01,01-07 19:00:00+01:00,123_CT_1,0.0
2030,sc01,01-07 19:00:00+01:00,113_CT_2,0.0
2030,sc01,01-07 19:00:00+01:00,115_STEAM_1,0.0
2030,sc01,01-07 19:00:00+01:00,102_STEAM_3,0.0
2030,sc01,01-07 19:00:00+01:00,102_CT_1,0.0
2030,sc01,01-07 20:00:00+01:00,113_CT_1,0.0
2030,sc01,01-07 20:00:00+01:00,123_CT_5,0.0
2030,sc01,01-07 20:00:00+01:00,115_STEAM_3,1.0
2030,sc01,01-07 20:00:00+01:00,101_STEAM_3,0.0
2030,sc01,01-07 20:00:00+01:00,101_CT_2,0.0
2030,sc01,01-07 20:00:00+01:00,115_STEAM_2,0.0
2030,sc01,01-07 20:00:00+01:00,102_CT_2,0.0
2030,sc01,01-07 20:00:00+01:00,116_STEAM_1,0.0
2030,sc01,01-07 20:00:00+01:00,123_STEAM_2,0.0
2030,sc01,01-07 20:00:00+01:00,107_CC_1,0.9056074479963323
2030,sc01,01-07 20:00:00+01:00,113_CT_4,0.0
2030,sc01,01-07 20:00:00+01:00,101_CT_1,0.0
2030,sc01,01-07 20:00:00+01:00,118_CC_1,0.0
2030,sc01,01-07 20:00:00+01:00,102_STEAM_4,0.0
2030,sc01,01-07 20:00:00+01:00,123_CT_4,0.0
2030,sc01,01-07 20:00:00+01:00,123_STEAM_3,0.0
2030,sc01,01-07 20:00:00+01:00,121_NUCLEAR_1,0.0
2030,sc01,01-07 20:00:00+01:00,113_CT_3,0.0
2030,sc01,01-07 20:00:00+01:00,101_STEAM_4,0.0
2030,sc01,01-07 20:00:00+01:00,123_CT_1,0.0
2030,sc01,01-07 20:00:00+01:00,113_CT_2,0.0
2030,sc01,01-07 20:00:00+01:00,115_STEAM_1,0.0
2030,sc01,01-07 20:00:00+01:00,102_STEAM_3,0.0
2030,sc01,01-07 20:00:00+01:00,102_CT_1,0.0
2030,sc01,01-08 08:00:00+01:00,113_CT_1,0.0
2030,sc01,01-08 08:00:00+01:00,123_CT_5,0.0
2030,sc01,01-08 08:00:00+01:00,115_STEAM_3,0.0
2030,sc01,01-08 08:00:00+01:00,101_STEAM_3,0.0
2030,sc01,01-08 08:00:00+01:00,101_CT_2,0.0
2030,sc01,01-08 08:00:00+01:00,115_STEAM_2,0.0
2030,sc01,01-08 08:00:00+01:00,102_CT_2,0.0
2030,sc01,01-08 08:00:00+01:00,116_STEAM_1,0.0
2030,sc01,01-08 08:00:00+01:00,123_STEAM_2,0.0
2030,sc01,01-08 08:00:00+01:00,107_CC_1,0.3652511872611735
2030,sc01,01-08 08:00:00+01:00,113_CT_4,0.0
2030,sc01,01-08 08:00:00+01:00,101_CT_1,0.0
2030,sc01,01-08 08:00:00+01:00,118_CC_1,0.0
2030,sc01,01-08 08:00:00+01:00,102_STEAM_4,0.0
2030,sc01,01-08 08:00:00+01:00,123_CT_4,0.0
2030,sc01,01-08 08:00:00+01:00,123_STEAM_3,0.0
2030,sc01,01-08 08:00:00+01:00,121_NUCLEAR_1,0.0
2030,sc01,01-08 08:00:00+01:00,113_CT_3,0.0
2030,sc01,01-08 08:00:00+01:00,101_STEAM_4,0.0
2030,sc01,01-08 08:00:00+01:00,123_CT_1,0.0
2030,sc01,01-08 08:00:00+01:00,113_CT_2,0.0
2030,sc01,01-08 08:00:00+01:00,115_STEAM_1,0.0
2030,sc01,01-08 08:00:00+01:00,102_STEAM_3,0.0
2030,sc01,01-08 08:00:00+01:00,102_CT_1,0.0
2030,sc01,01-08 09:00:00+01:00,113_CT_1,0.0
2030,sc01,01-08 09:00:00+01:00,123_CT_5,0.0
2030,sc01,01-08 09:00:00+01:00,115_STEAM_3,0.0
2030,sc01,01-08 09:00:00+01:00,101_STEAM_3,0.0
2030,sc01,01-08 09:00:00+01:00,101_CT_2,0.0
2030,sc01,01-08 09:00:00+01:00,115_STEAM_2,0.0
2030,sc01,01-08 09:00:00+01:00,102_CT_2,0.0
2030,sc01,01-08 09:00:00+01:00,116_STEAM_1,0.0
2030,sc01,01-08 09:00:00+01:00,123_STEAM_2,0.0
2030,sc01,01-08 09:00:00+01:00,107_CC_1,0.0
2030,sc01,01-08 09:00:00+01:00,113_CT_4,0.0
2030,sc01,01-08 09:00:00+01:00,101_CT_1,0.0
2030,sc01,01-08 09:00:00+01:00,118_CC_1,0.0
2030,sc01,01-08 09:00:00+01:00,102_STEAM_4,0.0
2030,sc01,01-08 09:00:00+01:00,123_CT_4,0.0
2030,sc01,01-08 09:00:00+01:00,123_STEAM_3,1.0
2030,sc01,01-08 09:00:00+01:00,121_NUCLEAR_1,0.9436452171984104
2030,sc01,01-08 09:00:00+01:00,113_CT_3,0.0
2030,sc01,01-08 09:00:00+01:00,101_STEAM_4,0.0
2030,sc01,01-08 09:00:00+01:00,123_CT_1,0.0
2030,sc01,01-08 09:00:00+01:00,113_CT_2,0.0
2030,sc01,01-08 09:00:00+01:00,115_STEAM_1,0.0
2030,sc01,01-08 09:00:00+01:00,102_STEAM_3,0.0
2030,sc01,01-08 09:00:00+01:00,102_CT_1,0.0
2030,sc01,01-08 10:00:00+01:00,113_CT_1,0.0
2030,sc01,01-08 10:00:00+01:00,123_CT_5,0.0
2030,sc01,01-08 10:00:00+01:00,115_STEAM_3,0.0
2030,sc01,01-08 10:00:00+01:00,101_STEAM_3,0.0
2030,sc01,01-08 10:00:00+01:00,101_CT_2,0.0
2030,sc01,01-08 10:00:00+01:00,115_STEAM_2,0.0
2030,sc01,01-08 10:00:00+01:00,102_CT_2,0.0
2030,sc01,01-08 10:00:00+01:00,116_STEAM_1,0.0
2030,sc01,01-08 10:00:00+01:00,123_STEAM_2,1.0
2030,sc01,01-08 10:00:00+01:00,107_CC_1,0.0
2030,sc01,01-08 10:00:00+01:00,113_CT_4,0.0
2030,sc01,01-08 10:00:00+01:00,101_CT_1,0.0
2030,sc01,01-08 10:00:00+01:00,118_CC_1,0.0
2030,sc01,01-08 10:00:00+01:00,102_STEAM_4,0.0
2030,sc01,01-08 10:00:00+01:00,123_CT_4,0.0
2030,sc01,01-08 10:00:00+01:00,123_STEAM_3,0.9524488185843452
2030,sc01,01-08 10:00:00+01:00,121_NUCLEAR_1,0.0
2030,sc01,01-08 10:00:00+01:00,113_CT_3,0.0
2030,sc01,01-08 10:00:00+01:00,101_STEAM_4,0.0
2030,sc01,01-08 10:00:00+01:00,123_CT_1,0.0
2030,sc01,01-08 10:00:00+01:00,113_CT_2,0.0
2030,sc01,01-08 10:00:00+01:00,115_STEAM_1,0.0
2030,sc01,01-08 10:00:00+01:00,102_STEAM_3,0.0
2030,sc01,01-08 10:00:00+01:00,102_CT_1,0.0
2030,sc01,01-08 16:00:00+01:00,113_CT_1,0.0
2030,sc01,01-08 16:00:00+01:00,123_CT_5,0.0
2030,sc01,01-08 16:00:00+01:00,115_STEAM_3,0.0
2030,sc01,01-08 16:00:00+01:00,101_STEAM_3,0.0
2030,sc01,01-08 16:00:00+01:00,101_CT_2,0.0
2030,sc01,01-08 16:00:00+01:00,115_STEAM_2,0.0
2030,sc01,01-08 16:00:00+01:00,102_CT_2,0.0
2030,sc01,01-08 16:00:00+01:00,116_STEAM_1,0.0
2030,sc01,01-08 16:00:00+01:00,123_STEAM_2,0.0
2030,sc01,01-08 16:00:00+01:00,107_CC_1,0.0
2030,sc01,01-08 16:00:00+01:00,113_CT_4,0.0
2030,sc01,01-08 16:00:00+01:00,101_CT_1,0.0
2030,sc01,01-08 16:00:00+01:00,118_CC_1,0.0
2030,sc01,01-08 16:00:00+01:00,102_STEAM_4,0.0
2030,sc01,01-08 16:00:00+01:00,123_CT_4,0.0
2030,sc01,01-08 16:00:00+01:00,123_STEAM_3,0.043030720866717005
2030,sc01,01-08 16:00:00+01:00,121_NUCLEAR_1,0.9585043803097968
2030,sc01,01-08 16:00:00+01:00,113_CT_3,0.0
2030,sc01,01-08 16:00:00+01:00,101_STEAM_4,0.0
2030,sc01,01-08 16:00:00+01:00,123_CT_1,0.0
2030,sc01,01-08 16:00:00+01:00,113_CT_2,0.0
2030,sc01,01-08 16:00:00+01:00,115_STEAM_1,0.0
2030,sc01,01-08 16:00:00+01:00,102_STEAM_3,0.0
2030,sc01,01-08 16:00:00+01:00,102_CT_1,0.0
2030,sc01,01-08 17:00:00+01:00,113_CT_1,0.0
2030,sc01,01-08 17:00:00+01:00,123_CT_5,0.0
2030,sc01,01-08 17:00:00+01:00,115_STEAM_3,0.0
2030,sc01,01-08 17:00:00+01:00,101_STEAM_3,0.0
2030,sc01,01-08 17:00:00+01:00,101_CT_2,0.0
2030,sc01,01-08 17:00:00+01:00,115_STEAM_2,0.0
2030,sc01,01-08 17:00:00+01:00,102_CT_2,0.0
2030,sc01,01-08 17:00:00+01:00,116_STEAM_1,0.0
2030,sc01,01-08 17:00:00+01:00,123_STEAM_2,1.0
2030,sc01,01-08 17:00:00+01:00,107_CC_1,0.0
2030,sc01,01-08 17:00:00+01:00,113_CT_4,0.0
2030,sc01,01-08 17:00:00+01:00,101_CT_1,0.0
2030,sc01,01-08 17:00:00+01:00,118_CC_1,0.0
2030,sc01,01-08 17:00:00+01:00,102_STEAM_4,0.0
2030,sc01,01-08 17:00:00+01:00,123_CT_4,0.0
2030,sc01,01-08 17:00:00+01:00,123_STEAM_3,0.00452046054893789
2030,sc01,01-08 17:00:00+01:00,121_NUCLEAR_1,0.8078145351333097
2030,sc01,01-08 17:00:00+01:00,113_CT_3,0.0
2030,sc01,01-08 17:00:00+01:00,101_STEAM_4,0.0
2030,sc01,01-08 17:00:00+01:00,123_CT_1,0.0
2030,sc01,01-08 17:00:00+01:00,113_CT_2,0.0
2030,sc01,01-08 17:00:00+01:00,115_STEAM_1,0.0
2030,sc01,01-08 17:00:00+01:00,102_STEAM_3,0.0
2030,sc01,01-08 17:00:00+01:00,102_CT_1,0.0
2030,sc01,01-08 18:00:00+01:00,113_CT_1,0.0
2030,sc01,01-08 18:00:00+01:00,123_CT_5,0.0
2030,sc01,01-08 18:00:00+01:00,115_STEAM_3,0.0
2030,sc01,01-08 18:00:00+01:00,101_STEAM_3,1.0
2030,sc01,01-08 18:00:00+01:00,101_CT_2,0.0
2030,sc01,01-08 18:00:00+01:00,115_STEAM_2,0.0
2030,sc01,01-08 18:00:00+01:00,102_CT_2,0.0
2030,sc01,01-08 18:00:00+01:00,116_STEAM_1,0.0
2030,sc01,01-08 18:00:00+01:00,123_STEAM_2,0.0
2030,sc01,01-08 18:00:00+01:00,107_CC_1,0.8094702171448246
2030,sc01,01-08 18:00:00+01:00,113_CT_4,0.0
2030,sc01,01-08 18:00:00+01:00,101_CT_1,0.0
2030,sc01,01-08 18:00:00+01:00,118_CC_1,0.0
2030,sc01,01-08 18:00:00+01:00,102_STEAM_4,1.0
2030,sc01,01-08 18:00:00+01:00,123_CT_4,0.0
2030,sc01,01-08 18:00:00+01:00,123_STEAM_3,0.0
2030,sc01,01-08 18:00:00+01:00,121_NUCLEAR_1,0.0
2030,sc01,01-08 18:00:00+01:00,113_CT_3,0.0
2030,sc01,01-08 18:00:00+01:00,101_STEAM_4,1.0
2030,sc01,01-08 18:00:00+01:00,123_CT_1,0.0
2030,sc01,01-08 18:00:00+01:00,113_CT_2,0.0
2030,sc01,01-08 18:00:00+01:00,115_STEAM_1,0.0
2030,sc01,01-08 18:00:00+01:00,102_STEAM_3,1.0
2030,sc01,01-08 18:00:00+01:00,102_CT_1,0.0
2030,sc01,01-08 19:00:00+01:00,113_CT_1,0.0
2030,sc01,01-08 19:00:00+01:00,123_CT_5,0.0
2030,sc01,01-08 19:00:00+01:00,115_STEAM_3,0.0
2030,sc01,01-08 19:00:00+01:00,101_STEAM_3,0.0
2030,sc01,01-08 19:00:00+01:00,101_CT_2,0.0
2030,sc01,01-08 19:00:00+01:00,115_STEAM_2,0.0
2030,sc01,01-08 19:00:00+01:00,102_CT_2,0.0
2030,sc01,01-08 19:00:00+01:00,116_STEAM_1,0.0
2030,sc01,01-08 19:00:00+01:00,123_STEAM_2,0.0
2030,sc01,01-08 19:00:00+01:00,107_CC_1,0.8749232228878819
2030,sc01,01-08 19:00:00+01:00,113_CT_4,0.0
2030,sc01,01-08 19:00:00+01:00,101_CT_1,0.0
2030,sc01,01-08 19:00:00+01:00,118_CC_1,0.0
2030,sc01,01-08 19:00:00+01:00,102_STEAM_4,0.0
2030,sc01,01-08 19:00:00+01:00,123_CT_4,0.0
2030,sc01,01-08 19:00:00+01:00,123_STEAM_3,0.0
2030,sc01,01-08 19:00:00+01:00,121_NUCLEAR_1,0.0
2030,sc01,01-08 19:00:00+01:00,113_CT_3,0.0
2030,sc01,01-08 19:00:00+01:00,101_STEAM_4,0.0
2030,sc01,01-08 19:00:00+01:00,123_CT_1,0.0
2030,sc01,01-08 19:00:00+01:00,113_CT_2,0.0
2030,sc01,01-08 19:00:00+01:00,115_STEAM_1,0.0
2030,sc01,01-08 19:00:00+01:00,102_STEAM_3,0.0
2030,sc01,01-08 19:00:00+01:00,102_CT_1,0.0
2030,sc01,01-08 20:00:00+01:00,113_CT_1,0.0
2030,sc01,01-08 20:00:00+01:00,123_CT_5,0.0
2030,sc01,01-08 20:00:00+01:00,115_STEAM_3,0.6642726927233195
2030,sc01,01-08 20:00:00+01:00,101_STEAM_3,0.0
2030,sc01,01-08 20:00:00+01:00,101_CT_2,0.0
2030,sc01,01-08 20:00:00+01:00,115_STEAM_2,0.0
2030,sc01,01-08 20:00:00+01:00,102_CT_2,0.0
2030,sc01,01-08 20:00:00+01:00,116_STEAM_1,0.0
2030,sc01,01-08 20:00:00+01:00,123_STEAM_2,0.0
2030,sc01,01-08 20:00:00+01:00,107_CC_1,0.8809237245034381
2030,sc01,01-08 20:00:00+01:00,113_CT_4,0.0
2030,sc01,01-08 20:00:00+01:00,101_CT_1,0.0
2030,sc01,01-08 20:00:00+01:00,118_CC_1,0.0
2030,sc01,01-08 20:00:00+01:00,102_STEAM_4,0.0
2030,sc01,01-08 20:00:00+01:00,123_CT_4,0.0
2030,sc01,01-08 20:00:00+01:00,123_STEAM_3,0.0
2030,sc01,01-08 20:00:00+01:00,121_NUCLEAR_1,0.0
2030,sc01,01-08 20:00:00+01:00,113_CT_3,0.0
2030,sc01,01-08 20:00:00+01:00,101_STEAM_4,0.0
2030,sc01,01-08 20:00:00+01:00,123_CT_1,0.0
2030,sc01,01-08 20:00:00+01:00,113_CT_2,0.0
2030,sc01,01-08 20:00:00+01:00,115_STEAM_1,0.0
2030,sc01,01-08 20:00:00+01:00,102_STEAM_3,0.0
2030,sc01,01-08 20:00:00+01:00,102_CT_1,0.0
2030,sc01,01-09 07:00:00+01:00,113_CT_1,0.0
2030,sc01,01-09 07:00:00+01:00,123_CT_5,0.0
2030,sc01,01-09 07:00:00+01:00,115_STEAM_3,0.33572730727668054
2030,sc01,01-09 07:00:00+01:00,101_STEAM_3,0.0
2030,sc01,01-09 07:00:00+01:00,101_CT_2,0.0
2030,sc01,01-09 07:00:00+01:00,115_STEAM_2,0.0
2030,sc01,01-09 07:00:00+01:00,102_CT_2,0.0
2030,sc01,01-09 07:00:00+01:00,116_STEAM_1,0.0
2030,sc01,01-09 07:00:00+01:00,123_STEAM_2,0.0
2030,sc01,01-09 07:00:00+01:00,107_CC_1,1.0
2030,sc01,01-09 07:00:00+01:00,113_CT_4,0.0
2030,sc01,01-09 07:00:00+01:00,101_CT_1,0.0
2030,sc01,01-09 07:00:00+01:00,118_CC_1,0.0
2030,sc01,01-09 07:00:00+01:00,102_STEAM_4,0.0
2030,sc01,01-09 07:00:00+01:00,123_CT_4,0.0
2030,sc01,01-09 07:00:00+01:00,123_STEAM_3,0.0
2030,sc01,01-09 07:00:00+01:00,121_NUCLEAR_1,0.0
2030,sc01,01-09 07:00:00+01:00,113_CT_3,0.0
2030,sc01,01-09 07:00:00+01:00,101_STEAM_4,0.0
2030,sc01,01-09 07:00:00+01:00,123_CT_1,0.0
2030,sc01,01-09 07:00:00+01:00,113_CT_2,0.0
2030,sc01,01-09 07:00:00+01:00,115_STEAM_1,0.0
2030,sc01,01-09 07:00:00+01:00,102_STEAM_3,0.0
2030,sc01,01-09 07:00:00+01:00,102_CT_1,0.0
2030,sc01,01-09 09:00:00+01:00,113_CT_1,0.0
2030,sc01,01-09 09:00:00+01:00,123_CT_5,0.0
2030,sc01,01-09 09:00:00+01:00,115_STEAM_3,0.0
2030,sc01,01-09 09:00:00+01:00,101_STEAM_3,0.0
2030,sc01,01-09 09:00:00+01:00,101_CT_2,0.0
2030,sc01,01-09 09:00:00+01:00,115_STEAM_2,0.0
2030,sc01,01-09 09:00:00+01:00,102_CT_2,0.0
2030,sc01,01-09 09:00:00+01:00,116_STEAM_1,0.0
2030,sc01,01-09 09:00:00+01:00,123_STEAM_2,0.0
2030,sc01,01-09 09:00:00+01:00,107_CC_1,0.0
2030,sc01,01-09 09:00:00+01:00,113_CT_4,0.0
2030,sc01,01-09 09:00:00+01:00,101_CT_1,0.0
2030,sc01,01-09 09:00:00+01:00,118_CC_1,0.0
2030,sc01,01-09 09:00:00+01:00,102_STEAM_4,0.0
2030,sc01,01-09 09:00:00+01:00,123_CT_4,0.0
2030,sc01,01-09 09:00:00+01:00,123_STEAM_3,0.0
2030,sc01,01-09 09:00:00+01:00,121_NUCLEAR_1,0.0
2030,sc01,01-09 09:00:00+01:00,113_CT_3,0.0
2030,sc01,01-09 09:00:00+01:00,101_STEAM_4,0.0
2030,sc01,01-09 09:00:00+01:00,123_CT_1,0.0
2030,sc01,01-09 09:00:00+01:00,113_CT_2,0.0
2030,sc01,01-09 09:00:00+01:00,115_STEAM_1,0.0
2030,sc01,01-09 09:00:00+01:00,102_STEAM_3,0.0
2030,sc01,01-09 09:00:00+01:00,102_CT_1,0.0
2030,sc01,01-09 17:00:00+01:00,113_CT_1,0.0
2030,sc01,01-09 17:00:00+01:00,123_CT_5,0.0
2030,sc01,01-09 17:00:00+01:00,115_STEAM_3,0.0
2030,sc01,01-09 17:00:00+01:00,101_STEAM_3,0.0
2030,sc01,01-09 17:00:00+01:00,101_CT_2,0.0
2030,sc01,01-09 17:00:00+01:00,115_STEAM_2,0.0
2030,sc01,01-09 17:00:00+01:00,102_CT_2,0.0
2030,sc01,01-09 17:00:00+01:00,116_STEAM_1,0.0
2030,sc01,01-09 17:00:00+01:00,123_STEAM_2,1.0
2030,sc01,01-09 17:00:00+01:00,107_CC_1,0.0
2030,sc01,01-09 17:00:00+01:00,113_CT_4,0.0
2030,sc01,01-09 17:00:00+01:00,101_CT_1,0.0
2030,sc01,01-09 17:00:00+01:00,118_CC_1,0.0
2030,sc01,01-09 17:00:00+01:00,102_STEAM_4,0.9368763414852559
2030,sc01,01-09 17:00:00+01:00,123_CT_4,0.0
2030,sc01,01-09 17:00:00+01:00,123_STEAM_3,1.0
2030,sc01,01-09 17:00:00+01:00,121_NUCLEAR_1,0.5929617920930412
2030,sc01,01-09 17:00:00+01:00,113_CT_3,0.0
2030,sc01,01-09 17:00:00+01:00,101_STEAM_4,0.0
2030,sc01,01-09 17:00:00+01:00,123_CT_1,0.0
2030,sc01,01-09 17:00:00+01:00,113_CT_2,0.0
2030,sc01,01-09 17:00:00+01:00,115_STEAM_1,0.0
2030,sc01,01-09 17:00:00+01:00,102_STEAM_3,1.0
2030,sc01,01-09 17:00:00+01:00,102_CT_1,0.0
2030,sc01,01-09 18:00:00+01:00,113_CT_1,0.0
2030,sc01,01-09 18:00:00+01:00,123_CT_5,0.0
2030,sc01,01-09 18:00:00+01:00,115_STEAM_3,0.0
2030,sc01,01-09 18:00:00+01:00,101_STEAM_3,1.0
2030,sc01,01-09 18:00:00+01:00,101_CT_2,0.0
2030,sc01,01-09 18:00:00+01:00,115_STEAM_2,0.0
2030,sc01,01-09 18:00:00+01:00,102_CT_2,0.0
2030,sc01,01-09 18:00:00+01:00,116_STEAM_1,0.0
2030,sc01,01-09 18:00:00+01:00,123_STEAM_2,0.0
2030,sc01,01-09 18:00:00+01:00,107_CC_1,1.0
2030,sc01,01-09 18:00:00+01:00,113_CT_4,0.0
2030,sc01,01-09 18:00:00+01:00,101_CT_1,0.0
2030,sc01,01-09 18:00:00+01:00,118_CC_1,0.0
2030,sc01,01-09 18:00:00+01:00,102_STEAM_4,0.06312365851474416
2030,sc01,01-09 18:00:00+01:00,123_CT_4,0.0
2030,sc01,01-09 18:00:00+01:00,123_STEAM_3,0.0
2030,sc01,01-09 18:00:00+01:00,121_NUCLEAR_1,1.0
2030,sc01,01-09 18:00:00+01:00,113_CT_3,0.0
2030,sc01,01-09 18:00:00+01:00,101_STEAM_4,1.0
2030,sc01,01-09 18:00:00+01:00,123_CT_1,0.0
2030,sc01,01-09 18:00:00+01:00,113_CT_2,0.0
2030,sc01,01-09 18:00:00+01:00,115_STEAM_1,0.0
2030,sc01,01-09 18:00:00+01:00,102_STEAM_3,0.0
2030,sc01,01-09 18:00:00+01:00,102_CT_1,0.0
2030,sc01,01-09 19:00:00+01:00,113_CT_1,0.0
2030,sc01,01-09 19:00:00+01:00,123_CT_5,0.0
2030,sc01,01-09 19:00:00+01:00,115_STEAM_3,0.0
2030,sc01,01-09 19:00:00+01:00,101_STEAM_3,0.0
2030,sc01,01-09 19:00:00+01:00,101_CT_2,0.0
2030,sc01,01-09 19:00:00+01:00,115_STEAM_2,0.0
2030,sc01,01-09 19:00:00+01:00,102_CT_2,0.0
2030,sc01,01-09 19:00:00+01:00,116_STEAM_1,0.0
2030,sc01,01-09 19:00:00+01:00,123_STEAM_2,0.0
2030,sc01,01-09 19:00:00+01:00,107_CC_1,0.8663147752313641
2030,sc01,01-09 19:00:00+01:00,113_CT_4,0.0
2030,sc01,01-09 19:00:00+01:00,101_CT_1,0.0
2030,sc01,01-09 19:00:00+01:00,118_CC_1,0.0
2030,sc01,01-09 19:00:00+01:00,102_STEAM_4,0.0
2030,sc01,01-09 19:00:00+01:00,123_CT_4,0.0
2030,sc01,01-09 19:00:00+01:00,123_STEAM_3,0.0
2030,sc01,01-09 19:00:00+01:00,121_NUCLEAR_1,0.0
2030,sc01,01-09 19:00:00+01:00,113_CT_3,0.0
2030,sc01,01-09 19:00:00+01:00,101_STEAM_4,0.0
2030,sc01,01-09 19:00:00+01:00,123_CT_1,0.0
2030,sc01,01-09 19:00:00+01:00,113_CT_2,0.0
2030,sc01,01-09 19:00:00+01:00,115_STEAM_1,0.0
2030,sc01,01-09 19:00:00+01:00,102_STEAM_3,0.0
2030,sc01,01-09 19:00:00+01:00,102_CT_1,0.0
2030,sc01,01-09 20:00:00+01:00,113_CT_1,0.0
2030,sc01,01-09 20:00:00+01:00,123_CT_5,0.0
2030,sc01,01-09 20:00:00+01:00,115_STEAM_3,1.0
2030,sc01,01-09 20:00:00+01:00,101_STEAM_3,0.0
2030,sc01,01-09 20:00:00+01:00,101_CT_2,0.0
2030,sc01,01-09 20:00:00+01:00,115_STEAM_2,0.0
2030,sc01,01-09 20:00:00+01:00,102_CT_2,0.0
2030,sc01,01-09 20:00:00+01:00,116_STEAM_1,0.0
2030,sc01,01-09 20:00:00+01:00,123_STEAM_2,0.0
2030,sc01,01-09 20:00:00+01:00,107_CC_1,0.9049426912347411
2030,sc01,01-09 20:00:00+01:00,113_CT_4,0.0
2030,sc01,01-09 20:00:00+01:00,101_CT_1,0.0
2030,sc01,01-09 20:00:00+01:00,118_CC_1,0.0
2030,sc01,01-09 20:00:00+01:00,102_STEAM_4,0.0
2030,sc01,01-09 20:00:00+01:00,123_CT_4,0.0
2030,sc01,01-09 20:00:00+01:00,123_STEAM_3,0.0
2030,sc01,01-09 20:00:00+01:00,121_NUCLEAR_1,0.0
2030,sc01,01-09 20:00:00+01:00,113_CT_3,0.0
2030,sc01,01-09 20:00:00+01:00,101_STEAM_4,0.0
2030,sc01,01-09 20:00:00+01:00,123_CT_1,0.0
2030,sc01,01-09 20:00:00+01:00,113_CT_2,0.0
2030,sc01,01-09 20:00:00+01:00,115_STEAM_1,0.0
2030,sc01,01-09 20:00:00+01:00,102_STEAM_3,0.0
2030,sc01,01-09 20:00:00+01:00,102_CT_1,0.0
2030,sc01,01-10 08:00:00+01:00,113_CT_1,0.0
2030,sc01,01-10 08:00:00+01:00,123_CT_5,0.0
2030,sc01,01-10 08:00:00+01:00,115_STEAM_3,0.6634603215637398
2030,sc01,01-10 08:00:00+01:00,101_STEAM_3,0.0
2030,sc01,01-10 08:00:00+01:00,101_CT_2,0.0
2030,sc01,01-10 08:00:00+01:00,115_STEAM_2,0.0
2030,sc01,01-10 08:00:00+01:00,102_CT_2,0.0
2030,sc01,01-10 08:00:00+01:00,116_STEAM_1,0.0
2030,sc01,01-10 08:00:00+01:00,123_STEAM_2,0.0
2030,sc01,01-10 08:00:00+01:00,107_CC_1,0.43708737332366715
2030,sc01,01-10 08:00:00+01:00,113_CT_4,0.0
2030,sc01,01-10 08:00:00+01:00,101_CT_1,0.0
2030,sc01,01-10 08:00:00+01:00,118_CC_1,0.0
2030,sc01,01-10 08:00:00+01:00,102_STEAM_4,0.0
2030,sc01,01-10 08:00:00+01:00,123_CT_4,0.0
2030,sc01,01-10 08:00:00+01:00,123_STEAM_3,0.0
2030,sc01,01-10 08:00:00+01:00,121_NUCLEAR_1,0.0
2030,sc01,01-10 08:00:00+01:00,113_CT_3,0.0
2030,sc01,01-10 08:00:00+01:00,101_STEAM_4,0.0
2030,sc01,01-10 08:00:00+01:00,123_CT_1,0.0
2030,sc01,01-10 08:00:00+01:00,113_CT_2,0.0
2030,sc01,01-10 08:00:00+01:00,115_STEAM_1,0.0
2030,sc01,01-10 08:00:00+01:00,102_STEAM_3,0.0
2030,sc01,01-10 08:00:00+01:00,102_CT_1,0.0
2030,sc01,01-10 09:00:00+01:00,113_CT_1,0.0
2030,sc01,01-10 09:00:00+01:00,123_CT_5,0.0
2030,sc01,01-10 09:00:00+01:00,115_STEAM_3,0.0
2030,sc01,01-10 09:00:00+01:00,101_STEAM_3,0.0
2030,sc01,01-10 09:00:00+01:00,101_CT_2,0.0
2030,sc01,01-10 09:00:00+01:00,115_STEAM_2,0.0
2030,sc01,01-10 09:00:00+01:00,102_CT_2,0.0
2030,sc01,01-10 09:00:00+01:00,116_STEAM_1,0.0
2030,sc01,01-10 09:00:00+01:00,123_STEAM_2,0.0
2030,sc01,01-10 09:00:00+01:00,107_CC_1,0.0
2030,sc01,01-10 09:00:00+01:00,113_CT_4,0.0
2030,sc01,01-10 09:00:00+01:00,101_CT_1,0.0
2030,sc01,01-10 09:00:00+01:00,118_CC_1,0.0
2030,sc01,01-10 09:00:00+01:00,102_STEAM_4,0.0
2030,sc01,01-10 09:00:00+01:00,123_CT_4,0.0
2030,sc01,01-10 09:00:00+01:00,123_STEAM_3,0.0
2030,sc01,01-10 09:00:00+01:00,121_NUCLEAR_1,0.0
2030,sc01,01-10 09:00:00+01:00,113_CT_3,0.0
2030,sc01,01-10 09:00:00+01:00,101_STEAM_4,0.0
2030,sc01,01-10 09:00:00+01:00,123_CT_1,0.0
2030,sc01,01-10 09:00:00+01:00,113_CT_2,0.0
2030,sc01,01-10 09:00:00+01:00,115_STEAM_1,0.0
2030,sc01,01-10 09:00:00+01:00,102_STEAM_3,0.3670972206606614
2030,sc01,01-10 09:00:00+01:00,102_CT_1,0.0
2030,sc01,01-10 10:00:00+01:00,113_CT_1,0.0
2030,sc01,01-10 10:00:00+01:00,123_CT_5,0.0
2030,sc01,01-10 10:00:00+01:00,115_STEAM_3,0.0
2030,sc01,01-10 10:00:00+01:00,101_STEAM_3,0.9780903717891738
2030,sc01,01-10 10:00:00+01:00,101_CT_2,0.0
2030,sc01,01-10 10:00:00+01:00,115_STEAM_2,0.0
2030,sc01,01-10 10:00:00+01:00,102_CT_2,0.0
2030,sc01,01-10 10:00:00+01:00,116_STEAM_1,0.0
2030,sc01,01-10 10:00:00+01:00,123_STEAM_2,0.0
2030,sc01,01-10 10:00:00+01:00,107_CC_1,0.0
2030,sc01,01-10 10:00:00+01:00,113_CT_4,0.0
2030,sc01,01-10 10:00:00+01:00,101_CT_1,0.0
2030,sc01,01-10 10:00:00+01:00,118_CC_1,0.0
2030,sc01,01-10 10:00:00+01:00,102_STEAM_4,1.0
2030,sc01,01-10 10:00:00+01:00,123_CT_4,0.0
2030,sc01,01-10 10:00:00+01:00,123_STEAM_3,0.0
2030,sc01,01-10 10:00:00+01:00,121_NUCLEAR_1,0.0
2030,sc01,01-10 10:00:00+01:00,113_CT_3,0.0
2030,sc01,01-10 10:00:00+01:00,101_STEAM_4,1.0
2030,sc01,01-10 10:00:00+01:00,123_CT_1,0.0
2030,sc01,01-10 10:00:00+01:00,113_CT_2,0.0
2030,sc01,01-10 10:00:00+01:00,115_STEAM_1,0.0
2030,sc01,01-10 10:00:00+01:00,102_STEAM_3,0.6329027793393386
2030,sc01,01-10 10:00:00+01:00,102_CT_1,0.0
2030,sc01,01-10 11:00:00+01:00,113_CT_1,0.0
2030,sc01,01-10 11:00:00+01:00,123_CT_5,0.0
2030,sc01,01-10 11:00:00+01:00,115_STEAM_3,0.0
2030,sc01,01-10 11:00:00+01:00,101_STEAM_3,0.021909628210826204
2030,sc01,01-10 11:00:00+01:00,101_CT_2,0.0
2030,sc01,01-10 11:00:00+01:00,115_STEAM_2,0.0
2030,sc01,01-10 11:00:00+01:00,102_CT_2,0.0
2030,sc01,01-10 11:00:00+01:00,116_STEAM_1,0.0
2030,sc01,01-10 11:00:00+01:00,123_STEAM_2,0.0
2030,sc01,01-10 11:00:00+01:00,107_CC_1,0.0
2030,sc01,01-10 11:00:00+01:00,113_CT_4,0.0
2030,sc01,01-10 11:00:00+01:00,101_CT_1,0.0
2030,sc01,01-10 11:00:00+01:00,118_CC_1,0.0
2030,sc01,01-10 11:00:00+01:00,102_STEAM_4,0.0
2030,sc01,01-10 11:00:00+01:00,123_CT_4,0.0
2030,sc01,01-10 11:00:00+01:00,123_STEAM_3,0.0
2030,sc01,01-10 11:00:00+01:00,121_NUCLEAR_1,0.0
2030,sc01,01-10 11:00:00+01:00,113_CT_3,0.0
2030,sc01,01-10 11:00:00+01:00,101_STEAM_4,0.0
2030,sc01,01-10 11:00:00+01:00,123_CT_1,0.0
2030,sc01,01-10 11:00:00+01:00,113_CT_2,0.0
2030,sc01,01-10 11:00:00+01:00,115_STEAM_1,0.0
2030,sc01,01-10 11:00:00+01:00,102_STEAM_3,0.0
2030,sc01,01-10 11:00:00+01:00,102_CT_1,0.0
2030,sc01,01-10 16:00:00+01:00,113_CT_1,0.0
2030,sc01,01-10 16:00:00+01:00,123_CT_5,0.0
2030,sc01,01-10 16:00:00+01:00,115_STEAM_3,0.0
2030,sc01,01-10 16:00:00+01:00,101_STEAM_3,0.0
2030,sc01,01-10 16:00:00+01:00,101_CT_2,0.0
2030,sc01,01-10 16:00:00+01:00,115_STEAM_2,0.0
2030,sc01,01-10 16:00:00+01:00,102_CT_2,0.0
2030,sc01,01-10 16:00:00+01:00,116_STEAM_1,1.0
2030,sc01,01-10 16:00:00+01:00,123_STEAM_2,0.0
2030,sc01,01-10 16:00:00+01:00,107_CC_1,0.0
2030,sc01,01-10 16:00:00+01:00,113_CT_4,0.0
2030,sc01,01-10 16:00:00+01:00,101_CT_1,0.0
2030,sc01,01-10 16:00:00+01:00,118_CC_1,0.0
2030,sc01,01-10 16:00:00+01:00,102_STEAM_4,0.0
2030,sc01,01-10 16:00:00+01:00,123_CT_4,0.0
2030,sc01,01-10 16:00:00+01:00,123_STEAM_3,1.0
2030,sc01,01-10 16:00:00+01:00,121_NUCLEAR_1,0.0
2030,sc01,01-10 16:00:00+01:00,113_CT_3,0.0
2030,sc01,01-10 16:00:00+01:00,101_STEAM_4,0.0
2030,sc01,01-10 16:00:00+01:00,123_CT_1,0.0
2030,sc01,01-10 16:00:00+01:00,113_CT_2,0.0
2030,sc01,01-10 16:00:00+01:00,115_STEAM_1,0.0
2030,sc01,01-10 16:00:00+01:00,102_STEAM_3,0.5635668500421445
2030,sc01,01-10 16:00:00+01:00,102_CT_1,0.0
2030,sc01,01-10 17:00:00+01:00,113_CT_1,0.0
2030,sc01,01-10 17:00:00+01:00,123_CT_5,0.0
2030,sc01,01-10 17:00:00+01:00,115_STEAM_3,0.0
2030,sc01,01-10 17:00:00+01:00,101_STEAM_3,0.0
2030,sc01,01-10 17:00:00+01:00,101_CT_2,0.0
2030,sc01,01-10 17:00:00+01:00,115_STEAM_2,0.0
2030,sc01,01-10 17:00:00+01:00,102_CT_2,0.0
2030,sc01,01-10 17:00:00+01:00,116_STEAM_1,0.0
2030,sc01,01-10 17:00:00+01:00,123_STEAM_2,1.0
2030,sc01,01-10 17:00:00+01:00,107_CC_1,0.0
2030,sc01,01-10 17:00:00+01:00,113_CT_4,0.0
2030,sc01,01-10 17:00:00+01:00,101_CT_1,0.0
2030,sc01,01-10 17:00:00+01:00,118_CC_1,1.0
2030,sc01,01-10 17:00:00+01:00,102_STEAM_4,0.0
2030,sc01,01-10 17:00:00+01:00,123_CT_4,0.0
2030,sc01,01-10 17:00:00+01:00,123_STEAM_3,0.0
2030,sc01,01-10 17:00:00+01:00,121_NUCLEAR_1,1.0
2030,sc01,01-10 17:00:00+01:00,113_CT_3,0.0
2030,sc01,01-10 17:00:00+01:00,101_STEAM_4,0.0
2030,sc01,01-10 17:00:00+01:00,123_CT_1,0.0
2030,sc01,01-10 17:00:00+01:00,113_CT_2,0.0
2030,sc01,01-10 17:00:00+01:00,115_STEAM_1,0.0
2030,sc01,01-10 17:00:00+01:00,102_STEAM_3,1.0
2030,sc01,01-10 17:00:00+01:00,102_CT_1,0.0
2030,sc01,01-10 18:00:00+01:00,113_CT_1,0.0
2030,sc01,01-10 18:00:00+01:00,123_CT_5,0.0
2030,sc01,01-10 18:00:00+01:00,115_STEAM_3,1.0
2030,sc01,01-10 18:00:00+01:00,101_STEAM_3,1.0
2030,sc01,01-10 18:00:00+01:00,101_CT_2,0.0
2030,sc01,01-10 18:00:00+01:00,115_STEAM_2,0.0
2030,sc01,01-10 18:00:00+01:00,102_CT_2,0.0
2030,sc01,01-10 18:00:00+01:00,116_STEAM_1,0.0
2030,sc01,01-10 18:00:00+01:00,123_STEAM_2,0.0
2030,sc01,01-10 18:00:00+01:00,107_CC_1,0.0
2030,sc01,01-10 18:00:00+01:00,113_CT_4,0.0
2030,sc01,01-10 18:00:00+01:00,101_CT_1,0.0
2030,sc01,01-10 18:00:00+01:00,118_CC_1,0.0
2030,sc01,01-10 18:00:00+01:00,102_STEAM_4,0.4996382355002059
2030,sc01,01-10 18:00:00+01:00,123_CT_4,0.0
2030,sc01,01-10 18:00:00+01:00,123_STEAM_3,0.0
2030,sc01,01-10 18:00:00+01:00,121_NUCLEAR_1,0.6385126655964075
2030,sc01,01-10 18:00:00+01:00,113_CT_3,0.0
2030,sc01,01-10 18:00:00+01:00,101_STEAM_4,1.0
2030,sc01,01-10 18:00:00+01:00,123_CT_1,0.0
2030,sc01,01-10 18:00:00+01:00,113_CT_2,0.0
2030,sc01,01-10 18:00:00+01:00,115_STEAM_1,0.0
2030,sc01,01-10 18:00:00+01:00,102_STEAM_3,0.0
2030,sc01,01-10 18:00:00+01:00,102_CT_1,0.0
2030,sc01,01-10 20:00:00+01:00,113_CT_1,0.0
2030,sc01,01-10 20:00:00+01:00,123_CT_5,0.0
2030,sc01,01-10 20:00:00+01:00,115_STEAM_3,0.0
2030,sc01,01-10 20:00:00+01:00,101_STEAM_3,0.0
2030,sc01,01-10 20:00:00+01:00,101_CT_2,0.0
2030,sc01,01-10 20:00:00+01:00,115_STEAM_2,0.0
2030,sc01,01-10 20:00:00+01:00,102_CT_2,0.0
2030,sc01,01-10 20:00:00+01:00,116_STEAM_1,0.0
2030,sc01,01-10 20:00:00+01:00,123_STEAM_2,0.0
2030,sc01,01-10 20:00:00+01:00,107_CC_1,0.6995325484697501
2030,sc01,01-10 20:00:00+01:00,113_CT_4,0.0
2030,sc01,01-10 20:00:00+01:00,101_CT_1,0.0
2030,sc01,01-10 20:00:00+01:00,118_CC_1,0.0
2030,sc01,01-10 20:00:00+01:00,102_STEAM_4,0.0
2030,sc01,01-10 20:00:00+01:00,123_CT_4,0.0
2030,sc01,01-10 20:00:00+01:00,123_STEAM_3,0.0
2030,sc01,01-10 20:00:00+01:00,121_NUCLEAR_1,1.0
2030,sc01,01-10 20:00:00+01:00,113_CT_3,0.0
2030,sc01,01-10 20:00:00+01:00,101_STEAM_4,0.0
2030,sc01,01-10 20:00:00+01:00,123_CT_1,0.0
2030,sc01,01-10 20:00:00+01:00,113_CT_2,0.0
2030,sc01,01-10 20:00:00+01:00,115_STEAM_1,0.0
2030,sc01,01-10 20:00:00+01:00,102_STEAM_3,0.0
2030,sc01,01-10 20:00:00+01:00,102_CT_1,0.0
2030,sc01,01-11 08:00:00+01:00,113_CT_1,0.0
2030,sc01,01-11 08:00:00+01:00,123_CT_5,0.0
2030,sc01,01-11 08:00:00+01:00,115_STEAM_3,0.0
2030,sc01,01-11 08:00:00+01:00,101_STEAM_3,0.0
2030,sc01,01-11 08:00:00+01:00,101_CT_2,0.0
2030,sc01,01-11 08:00:00+01:00,115_STEAM_2,0.0
2030,sc01,01-11 08:00:00+01:00,102_CT_2,0.0
2030,sc01,01-11 08:00:00+01:00,116_STEAM_1,0.0
2030,sc01,01-11 08:00:00+01:00,123_STEAM_2,0.0
2030,sc01,01-11 08:00:00+01:00,107_CC_1,0.30046745153024995
2030,sc01,01-11 08:00:00+01:00,113_CT_4,0.0
2030,sc01,01-11 08:00:00+01:00,101_CT_1,0.0
2030,sc01,01-11 08:00:00+01:00,118_CC_1,0.0
2030,sc01,01-11 08:00:00+01:00,102_STEAM_4,0.0
2030,sc01,01-11 08:00:00+01:00,123_CT_4,0.0
2030,sc01,01-11 08:00:00+01:00,123_STEAM_3,0.0
2030,sc01,01-11 08:00:00+01:00,121_NUCLEAR_1,0.0
2030,sc01,01-11 08:00:00+01:00,113_CT_3,0.0
2030,sc01,01-11 08:00:00+01:00,101_STEAM_4,0.0
2030,sc01,01-11 08:00:00+01:00,123_CT_1,0.0
2030,sc01,01-11 08:00:00+01:00,113_CT_2,0.0
2030,sc01,01-11 08:00:00+01:00,115_STEAM_1,0.0
2030,sc01,01-11 08:00:00+01:00,102_STEAM_3,0.0
2030,sc01,01-11 08:00:00+01:00,102_CT_1,0.0
2030,sc01,01-11 09:00:00+01:00,113_CT_1,0.0
2030,sc01,01-11 09:00:00+01:00,123_CT_5,0.0
2030,sc01,01-11 09:00:00+01:00,115_STEAM_3,0.0
2030,sc01,01-11 09:00:00+01:00,101_STEAM_3,0.0
2030,sc01,01-11 09:00:00+01:00,101_CT_2,0.0
2030,sc01,01-11 09:00:00+01:00,115_STEAM_2,0.0
2030,sc01,01-11 09:00:00+01:00,102_CT_2,0.0
2030,sc01,01-11 09:00:00+01:00,116_STEAM_1,0.0
2030,sc01,01-11 09:00:00+01:00,123_STEAM_2,0.0
2030,sc01,01-11 09:00:00+01:00,107_CC_1,0.0
2030,sc01,01-11 09:00:00+01:00,113_CT_4,0.0
2030,sc01,01-11 09:00:00+01:00,101_CT_1,0.0
2030,sc01,01-11 09:00:00+01:00,118_CC_1,0.0
2030,sc01,01-11 09:00:00+01:00,102_STEAM_4,0.0
2030,sc01,01-11 09:00:00+01:00,123_CT_4,0.0
2030,sc01,01-11 09:00:00+01:00,123_STEAM_3,0.0
2030,sc01,01-11 09:00:00+01:00,121_NUCLEAR_1,0.0
2030,sc01,01-11 09:00:00+01:00,113_CT_3,0.0
2030,sc01,01-11 09:00:00+01:00,101_STEAM_4,0.0
2030,sc01,01-11 09:00:00+01:00,123_CT_1,0.0
2030,sc01,01-11 09:00:00+01:00,113_CT_2,0.0
2030,sc01,01-11 09:00:00+01:00,115_STEAM_1,0.0
2030,sc01,01-11 09:00:00+01:00,102_STEAM_3,0.0
2030,sc01,01-11 09:00:00+01:00,102_CT_1,0.0
2030,sc01,01-11 10:00:00+01:00,113_CT_1,0.0
2030,sc01,01-11 10:00:00+01:00,123_CT_5,0.0
2030,sc01,01-11 10:00:00+01:00,115_STEAM_3,0.0
2030,sc01,01-11 10:00:00+01:00,101_STEAM_3,0.0
2030,sc01,01-11 10:00:00+01:00,101_CT_2,0.0
2030,sc01,01-11 10:00:00+01:00,115_STEAM_2,0.0
2030,sc01,01-11 10:00:00+01:00,102_CT_2,0.0
2030,sc01,01-11 10:00:00+01:00,116_STEAM_1,0.0
2030,sc01,01-11 10:00:00+01:00,123_STEAM_2,0.0
2030,sc01,01-11 10:00:00+01:00,107_CC_1,0.0
2030,sc01,01-11 10:00:00+01:00,113_CT_4,0.0
2030,sc01,01-11 10:00:00+01:00,101_CT_1,0.0
2030,sc01,01-11 10:00:00+01:00,118_CC_1,0.0
2030,sc01,01-11 10:00:00+01:00,102_STEAM_4,1.0
2030,sc01,01-11 10:00:00+01:00,123_CT_4,0.0
2030,sc01,01-11 10:00:00+01:00,123_STEAM_3,0.5989042677773071
2030,sc01,01-11 10:00:00+01:00,121_NUCLEAR_1,0.0
2030,sc01,01-11 10:00:00+01:00,113_CT_3,0.0
2030,sc01,01-11 10:00:00+01:00,101_STEAM_4,0.0
2030,sc01,01-11 10:00:00+01:00,123_CT_1,0.0
2030,sc01,01-11 10:00:00+01:00,113_CT_2,0.0
2030,sc01,01-11 10:00:00+01:00,115_STEAM_1,0.0
2030,sc01,01-11 10:00:00+01:00,102_STEAM_3,0.6636510893274803
2030,sc01,01-11 10:00:00+01:00,102_CT_1,0.0
2030,sc01,01-11 16:00:00+01:00,113_CT_1,0.0
2030,sc01,01-11 16:00:00+01:00,123_CT_5,0.0
2030,sc01,01-11 16:00:00+01:00,115_STEAM_3,0.0
2030,sc01,01-11 16:00:00+01:00,101_STEAM_3,0.0
2030,sc01,01-11 16:00:00+01:00,101_CT_2,0.0
2030,sc01,01-11 16:00:00+01:00,115_STEAM_2,0.0
2030,sc01,01-11 16:00:00+01:00,102_CT_2,0.0
2030,sc01,01-11 16:00:00+01:00,116_STEAM_1,0.0
2030,sc01,01-11 16:00:00+01:00,123_STEAM_2,0.0
2030,sc01,01-11 16:00:00+01:00,107_CC_1,0.0
2030,sc01,01-11 16:00:00+01:00,113_CT_4,0.0
2030,sc01,01-11 16:00:00+01:00,101_CT_1,0.0
2030,sc01,01-11 16:00:00+01:00,118_CC_1,0.0
2030,sc01,01-11 16:00:00+01:00,102_STEAM_4,0.0
2030,sc01,01-11 16:00:00+01:00,123_CT_4,0.0
2030,sc01,01-11 16:00:00+01:00,123_STEAM_3,0.1376204389442659
2030,sc01,01-11 16:00:00+01:00,121_NUCLEAR_1,0.9698227477407916
2030,sc01,01-11 16:00:00+01:00,113_CT_3,0.0
2030,sc01,01-11 16:00:00+01:00,101_STEAM_4,0.0
2030,sc01,01-11 16:00:00+01:00,123_CT_1,0.0
2030,sc01,01-11 16:00:00+01:00,113_CT_2,0.0
2030,sc01,01-11 16:00:00+01:00,115_STEAM_1,0.0
2030,sc01,01-11 16:00:00+01:00,102_STEAM_3,0.5940238524804469
2030,sc01,01-11 16:00:00+01:00,102_CT_1,0.0
2030,sc01,01-11 17:00:00+01:00,113_CT_1,0.0
2030,sc01,01-11 17:00:00+01:00,123_CT_5,0.0
2030,sc01,01-11 17:00:00+01:00,115_STEAM_3,0.0
2030,sc01,01-11 17:00:00+01:00,101_STEAM_3,0.0
2030,sc01,01-11 17:00:00+01:00,101_CT_2,0.0
2030,sc01,01-11 17:00:00+01:00,115_STEAM_2,0.0
2030,sc01,01-11 17:00:00+01:00,102_CT_2,0.0
2030,sc01,01-11 17:00:00+01:00,116_STEAM_1,0.0
2030,sc01,01-11 17:00:00+01:00,123_STEAM_2,1.0
2030,sc01,01-11 17:00:00+01:00,107_CC_1,0.0
2030,sc01,01-11 17:00:00+01:00,113_CT_4,0.0
2030,sc01,01-11 17:00:00+01:00,101_CT_1,0.0
2030,sc01,01-11 17:00:00+01:00,118_CC_1,0.0
2030,sc01,01-11 17:00:00+01:00,102_STEAM_4,0.0
2030,sc01,01-11 17:00:00+01:00,123_CT_4,0.0
2030,sc01,01-11 17:00:00+01:00,123_STEAM_3,0.263475293278427
2030,sc01,01-11 17:00:00+01:00,121_NUCLEAR_1,0.8093732250232023
2030,sc01,01-11 17:00:00+01:00,113_CT_3,0.0
2030,sc01,01-11 17:00:00+01:00,101_STEAM_4,0.0
2030,sc01,01-11 17:00:00+01:00,123_CT_1,0.0
2030,sc01,01-11 17:00:00+01:00,113_CT_2,0.0
2030,sc01,01-11 17:00:00+01:00,115_STEAM_1,0.0
2030,sc01,01-11 17:00:00+01:00,102_STEAM_3,0.7423250581920728
2030,sc01,01-11 17:00:00+01:00,102_CT_1,0.0
2030,sc01,01-11 18:00:00+01:00,113_CT_1,0.0
2030,sc01,01-11 18:00:00+01:00,123_CT_5,0.0
2030,sc01,01-11 18:00:00+01:00,115_STEAM_3,0.0
2030,sc01,01-11 18:00:00+01:00,101_STEAM_3,1.0
2030,sc01,01-11 18:00:00+01:00,101_CT_2,0.0
2030,sc01,01-11 18:00:00+01:00,115_STEAM_2,0.0
2030,sc01,01-11 18:00:00+01:00,102_CT_2,0.0
2030,sc01,01-11 18:00:00+01:00,116_STEAM_1,0.0
2030,sc01,01-11 18:00:00+01:00,123_STEAM_2,0.0
2030,sc01,01-11 18:00:00+01:00,107_CC_1,0.7663510287895291
2030,sc01,01-11 18:00:00+01:00,113_CT_4,0.0
2030,sc01,01-11 18:00:00+01:00,101_CT_1,0.0
2030,sc01,01-11 18:00:00+01:00,118_CC_1,0.0
2030,sc01,01-11 18:00:00+01:00,102_STEAM_4,1.0
2030,sc01,01-11 18:00:00+01:00,123_CT_4,0.0
2030,sc01,01-11 18:00:00+01:00,123_STEAM_3,0.0
2030,sc01,01-11 18:00:00+01:00,121_NUCLEAR_1,0.0
2030,sc01,01-11 18:00:00+01:00,113_CT_3,0.0
2030,sc01,01-11 18:00:00+01:00,101_STEAM_4,1.0
2030,sc01,01-11 18:00:00+01:00,123_CT_1,0.0
2030,sc01,01-11 18:00:00+01:00,113_CT_2,0.0
2030,sc01,01-11 18:00:00+01:00,115_STEAM_1,0.0
2030,sc01,01-11 18:00:00+01:00,102_STEAM_3,1.0
2030,sc01,01-11 18:00:00+01:00,102_CT_1,0.0
2030,sc01,01-11 20:00:00+01:00,113_CT_1,0.0
2030,sc01,01-11 20:00:00+01:00,123_CT_5,0.0
2030,sc01,01-11 20:00:00+01:00,115_STEAM_3,1.0
2030,sc01,01-11 20:00:00+01:00,101_STEAM_3,0.0
2030,sc01,01-11 20:00:00+01:00,101_CT_2,0.0
2030,sc01,01-11 20:00:00+01:00,115_STEAM_2,0.0
2030,sc01,01-11 20:00:00+01:00,102_CT_2,0.0
2030,sc01,01-11 20:00:00+01:00,116_STEAM_1,0.0
2030,sc01,01-11 20:00:00+01:00,123_STEAM_2,0.0
2030,sc01,01-11 20:00:00+01:00,107_CC_1,0.0
2030,sc01,01-11 20:00:00+01:00,113_CT_4,0.0
2030,sc01,01-11 20:00:00+01:00,101_CT_1,0.0
2030,sc01,01-11 20:00:00+01:00,118_CC_1,0.0
2030,sc01,01-11 20:00:00+01:00,102_STEAM_4,0.0
2030,sc01,01-11 20:00:00+01:00,123_CT_4,0.0
2030,sc01,01-11 20:00:00+01:00,123_STEAM_3,0.0
2030,sc01,01-11 20:00:00+01:00,121_NUCLEAR_1,0.0
2030,sc01,01-11 20:00:00+01:00,113_CT_3,0.0
2030,sc01,01-11 20:00:00+01:00,101_STEAM_4,0.0
2030,sc01,01-11 20:00:00+01:00,123_CT_1,0.0
2030,sc01,01-11 20:00:00+01:00,113_CT_2,0.0
2030,sc01,01-11 20:00:00+01:00,115_STEAM_1,0.0
2030,sc01,01-11 20:00:00+01:00,102_STEAM_3,0.0
2030,sc01,01-11 20:00:00+01:00,102_CT_1,0.0
2030,sc01,01-12 18:00:00+01:00,113_CT_1,0.0
2030,sc01,01-12 18:00:00+01:00,123_CT_5,0.0
2030,sc01,01-12 18:00:00+01:00,115_STEAM_3,0.0
2030,sc01,01-12 18:00:00+01:00,101_STEAM_3,0.0
2030,sc01,01-12 18:00:00+01:00,101_CT_2,0.0
2030,sc01,01-12 18:00:00+01:00,115_STEAM_2,0.0
2030,sc01,01-12 18:00:00+01:00,102_CT_2,0.0
2030,sc01,01-12 18:00:00+01:00,116_STEAM_1,0.0
2030,sc01,01-12 18:00:00+01:00,123_STEAM_2,0.0
2030,sc01,01-12 18:00:00+01:00,107_CC_1,0.43525625769380116
2030,sc01,01-12 18:00:00+01:00,113_CT_4,0.0
2030,sc01,01-12 18:00:00+01:00,101_CT_1,0.0
2030,sc01,01-12 18:00:00+01:00,118_CC_1,0.0
2030,sc01,01-12 18:00:00+01:00,102_STEAM_4,0.0
2030,sc01,01-12 18:00:00+01:00,123_CT_4,0.0
2030,sc01,01-12 18:00:00+01:00,123_STEAM_3,0.0
2030,sc01,01-12 18:00:00+01:00,121_NUCLEAR_1,0.0
2030,sc01,01-12 18:00:00+01:00,113_CT_3,0.0
2030,sc01,01-12 18:00:00+01:00,101_STEAM_4,0.0
2030,sc01,01-12 18:00:00+01:00,123_CT_1,0.0
2030,sc01,01-12 18:00:00+01:00,113_CT_2,0.0
2030,sc01,01-12 18:00:00+01:00,115_STEAM_1,0.0
2030,sc01,01-12 18:00:00+01:00,102_STEAM_3,0.0
2030,sc01,01-12 18:00:00+01:00,102_CT_1,0.0
2030,sc01,01-13 00:00:00+01:00,113_CT_1,0.0
2030,sc01,01-13 00:00:00+01:00,123_CT_5,0.0
2030,sc01,01-13 00:00:00+01:00,115_STEAM_3,0.0
2030,sc01,01-13 00:00:00+01:00,101_STEAM_3,0.0
2030,sc01,01-13 00:00:00+01:00,101_CT_2,0.0
2030,sc01,01-13 00:00:00+01:00,115_STEAM_2,0.0
2030,sc01,01-13 00:00:00+01:00,102_CT_2,0.0
2030,sc01,01-13 00:00:00+01:00,116_STEAM_1,0.0
2030,sc01,01-13 00:00:00+01:00,123_STEAM_2,0.0
2030,sc01,01-13 00:00:00+01:00,107_CC_1,0.0
2030,sc01,01-13 00:00:00+01:00,113_CT_4,0.0
2030,sc01,01-13 00:00:00+01:00,101_CT_1,0.0
2030,sc01,01-13 00:00:00+01:00,118_CC_1,0.0
2030,sc01,01-13 00:00:00+01:00,102_STEAM_4,0.0
2030,sc01,01-13 00:00:00+01:00,123_CT_4,0.0
2030,sc01,01-13 00:00:00+01:00,123_STEAM_3,0.0
2030,sc01,01-13 00:00:00+01:00,121_NUCLEAR_1,0.0
2030,sc01,01-13 00:00:00+01:00,113_CT_3,0.0
2030,sc01,01-13 00:00:00+01:00,101_STEAM_4,0.0
2030,sc01,01-13 00:00:00+01:00,123_CT_1,0.0
2030,sc01,01-13 00:00:00+01:00,113_CT_2,0.0
2030,sc01,01-13 00:00:00+01:00,115_STEAM_1,0.0
2030,sc01,01-13 00:00:00+01:00,102_STEAM_3,0.0
2030,sc01,01-13 00:00:00+01:00,102_CT_1,0.0
2030,sc01,01-14 16:00:00+01:00,113_CT_1,0.0
2030,sc01,01-14 16:00:00+01:00,123_CT_5,0.0
2030,sc01,01-14 16:00:00+01:00,115_STEAM_3,0.0
2030,sc01,01-14 16:00:00+01:00,101_STEAM_3,0.0
2030,sc01,01-14 16:00:00+01:00,101_CT_2,0.0
2030,sc01,01-14 16:00:00+01:00,115_STEAM_2,0.0
2030,sc01,01-14 16:00:00+01:00,102_CT_2,0.0
2030,sc01,01-14 16:00:00+01:00,116_STEAM_1,0.0
2030,sc01,01-14 16:00:00+01:00,123_STEAM_2,0.0
2030,sc01,01-14 16:00:00+01:00,107_CC_1,0.0
2030,sc01,01-14 16:00:00+01:00,113_CT_4,0.0
2030,sc01,01-14 16:00:00+01:00,101_CT_1,0.0
2030,sc01,01-14 16:00:00+01:00,118_CC_1,0.0
2030,sc01,01-14 16:00:00+01:00,102_STEAM_4,0.0
2030,sc01,01-14 16:00:00+01:00,123_CT_4,0.0
2030,sc01,01-14 16:00:00+01:00,123_STEAM_3,0.5837798920580117
2030,sc01,01-14 16:00:00+01:00,121_NUCLEAR_1,0.23740782276760264
2030,sc01,01-14 16:00:00+01:00,113_CT_3,0.0
2030,sc01,01-14 16:00:00+01:00,101_STEAM_4,0.0
2030,sc01,01-14 16:00:00+01:00,123_CT_1,0.0
2030,sc01,01-14 16:00:00+01:00,113_CT_2,0.0
2030,sc01,01-14 16:00:00+01:00,115_STEAM_1,0.0
2030,sc01,01-14 16:00:00+01:00,102_STEAM_3,0.0
2030,sc01,01-14 16:00:00+01:00,102_CT_1,0.0
2030,sc01,01-14 17:00:00+01:00,113_CT_1,0.0
2030,sc01,01-14 17:00:00+01:00,123_CT_5,0.0
2030,sc01,01-14 17:00:00+01:00,115_STEAM_3,0.0
2030,sc01,01-14 17:00:00+01:00,101_STEAM_3,0.0
2030,sc01,01-14 17:00:00+01:00,101_CT_2,0.0
2030,sc01,01-14 17:00:00+01:00,115_STEAM_2,0.0
2030,sc01,01-14 17:00:00+01:00,102_CT_2,0.0
2030,sc01,01-14 17:00:00+01:00,116_STEAM_1,0.0
2030,sc01,01-14 17:00:00+01:00,123_STEAM_2,0.0
2030,sc01,01-14 17:00:00+01:00,107_CC_1,0.0
2030,sc01,01-14 17:00:00+01:00,113_CT_4,0.0
2030,sc01,01-14 17:00:00+01:00,101_CT_1,0.0
2030,sc01,01-14 17:00:00+01:00,118_CC_1,0.0
2030,sc01,01-14 17:00:00+01:00,102_STEAM_4,0.3809184341407693
2030,sc01,01-14 17:00:00+01:00,123_CT_4,0.0
2030,sc01,01-14 17:00:00+01:00,123_STEAM_3,0.5311200958493606
2030,sc01,01-14 17:00:00+01:00,121_NUCLEAR_1,0.8698410213653934
2030,sc01,01-14 17:00:00+01:00,113_CT_3,0.0
2030,sc01,01-14 17:00:00+01:00,101_STEAM_4,0.0
2030,sc01,01-14 17:00:00+01:00,123_CT_1,0.0
2030,sc01,01-14 17:00:00+01:00,113_CT_2,0.0
2030,sc01,01-14 17:00:00+01:00,115_STEAM_1,0.0
2030,sc01,01-14 17:00:00+01:00,102_STEAM_3,0.0
2030,sc01,01-14 17:00:00+01:00,102_CT_1,0.0
2030,sc01,01-14 19:00:00+01:00,113_CT_1,0.0
2030,sc01,01-14 19:00:00+01:00,123_CT_5,0.0
2030,sc01,01-14 19:00:00+01:00,115_STEAM_3,0.0
2030,sc01,01-14 19:00:00+01:00,101_STEAM_3,1.0
2030,sc01,01-14 19:00:00+01:00,101_CT_2,0.0
2030,sc01,01-14 19:00:00+01:00,115_STEAM_2,0.0
2030,sc01,01-14 19:00:00+01:00,102_CT_2,0.0
2030,sc01,01-14 19:00:00+01:00,116_STEAM_1,0.0
2030,sc01,01-14 19:00:00+01:00,123_STEAM_2,1.0
2030,sc01,01-14 19:00:00+01:00,107_CC_1,0.6451744123530854
2030,sc01,01-14 19:00:00+01:00,113_CT_4,0.0
2030,sc01,01-14 19:00:00+01:00,101_CT_1,0.0
2030,sc01,01-14 19:00:00+01:00,118_CC_1,0.0
2030,sc01,01-14 19:00:00+01:00,102_STEAM_4,1.0
2030,sc01,01-14 19:00:00+01:00,123_CT_4,0.0
2030,sc01,01-14 19:00:00+01:00,123_STEAM_3,0.8851000120926277
2030,sc01,01-14 19:00:00+01:00,121_NUCLEAR_1,0.8927511558670039
2030,sc01,01-14 19:00:00+01:00,113_CT_3,0.0
2030,sc01,01-14 19:00:00+01:00,101_STEAM_4,1.0
2030,sc01,01-14 19:00:00+01:00,123_CT_1,0.0
2030,sc01,01-14 19:00:00+01:00,113_CT_2,0.0
2030,sc01,01-14 19:00:00+01:00,115_STEAM_1,0.0
2030,sc01,01-14 19:00:00+01:00,102_STEAM_3,1.0
2030,sc01,01-14 19:00:00+01:00,102_CT_1,0.0
2030,sc01,01-14 20:00:00+01:00,113_CT_1,0.0
2030,sc01,01-14 20:00:00+01:00,123_CT_5,0.0
2030,sc01,01-14 20:00:00+01:00,115_STEAM_3,1.0
2030,sc01,01-14 20:00:00+01:00,101_STEAM_3,0.0
2030,sc01,01-14 20:00:00+01:00,101_CT_2,0.0
2030,sc01,01-14 20:00:00+01:00,115_STEAM_2,0.0
2030,sc01,01-14 20:00:00+01:00,102_CT_2,0.0
2030,sc01,01-14 20:00:00+01:00,116_STEAM_1,0.0
2030,sc01,01-14 20:00:00+01:00,123_STEAM_2,0.0
2030,sc01,01-14 20:00:00+01:00,107_CC_1,0.9114928046524703
2030,sc01,01-14 20:00:00+01:00,113_CT_4,0.0
2030,sc01,01-14 20:00:00+01:00,101_CT_1,0.0
2030,sc01,01-14 20:00:00+01:00,118_CC_1,0.0
2030,sc01,01-14 20:00:00+01:00,102_STEAM_4,0.0
2030,sc01,01-14 20:00:00+01:00,123_CT_4,0.0
2030,sc01,01-14 20:00:00+01:00,123_STEAM_3,0.0
2030,sc01,01-14 20:00:00+01:00,121_NUCLEAR_1,0.0
2030,sc01,01-14 20:00:00+01:00,113_CT_3,0.0
2030,sc01,01-14 20:00:00+01:00,101_STEAM_4,0.0
2030,sc01,01-14 20:00:00+01:00,123_CT_1,0.0
2030,sc01,01-14 20:00:00+01:00,113_CT_2,0.0
2030,sc01,01-14 20:00:00+01:00,115_STEAM_1,0.0
2030,sc01,01-14 20:00:00+01:00,102_STEAM_3,0.0
2030,sc01,01-14 20:00:00+01:00,102_CT_1,0.0
2030,sc01,01-15 07:00:00+01:00,113_CT_1,0.0
2030,sc01,01-15 07:00:00+01:00,123_CT_5,0.0
2030,sc01,01-15 07:00:00+01:00,115_STEAM_3,0.141345629474293
2030,sc01,01-15 07:00:00+01:00,101_STEAM_3,0.0
2030,sc01,01-15 07:00:00+01:00,101_CT_2,0.0
2030,sc01,01-15 07:00:00+01:00,115_STEAM_2,0.0
2030,sc01,01-15 07:00:00+01:00,102_CT_2,0.0
2030,sc01,01-15 07:00:00+01:00,116_STEAM_1,0.0
2030,sc01,01-15 07:00:00+01:00,123_STEAM_2,0.0
2030,sc01,01-15 07:00:00+01:00,107_CC_1,0.44333278299444434
2030,sc01,01-15 07:00:00+01:00,113_CT_4,0.0
2030,sc01,01-15 07:00:00+01:00,101_CT_1,0.0
2030,sc01,01-15 07:00:00+01:00,118_CC_1,0.0
2030,sc01,01-15 07:00:00+01:00,102_STEAM_4,0.0
2030,sc01,01-15 07:00:00+01:00,123_CT_4,0.0
2030,sc01,01-15 07:00:00+01:00,123_STEAM_3,0.0
2030,sc01,01-15 07:00:00+01:00,121_NUCLEAR_1,0.0
2030,sc01,01-15 07:00:00+01:00,113_CT_3,0.0
2030,sc01,01-15 07:00:00+01:00,101_STEAM_4,0.0
2030,sc01,01-15 07:00:00+01:00,123_CT_1,0.0
2030,sc01,01-15 07:00:00+01:00,113_CT_2,0.0
2030,sc01,01-15 07:00:00+01:00,115_STEAM_1,0.0
2030,sc01,01-15 07:00:00+01:00,102_STEAM_3,0.0
2030,sc01,01-15 07:00:00+01:00,102_CT_1,0.0
2030,sc01,01-15 08:00:00+01:00,113_CT_1,0.0
2030,sc01,01-15 08:00:00+01:00,123_CT_5,0.0
2030,sc01,01-15 08:00:00+01:00,115_STEAM_3,0.0
2030,sc01,01-15 08:00:00+01:00,101_STEAM_3,0.0
2030,sc01,01-15 08:00:00+01:00,101_CT_2,0.0
2030,sc01,01-15 08:00:00+01:00,115_STEAM_2,0.0
2030,sc01,01-15 08:00:00+01:00,102_CT_2,0.0
2030,sc01,01-15 08:00:00+01:00,116_STEAM_1,0.0
2030,sc01,01-15 08:00:00+01:00,123_STEAM_2,0.0
2030,sc01,01-15 08:00:00+01:00,107_CC_1,0.0
2030,sc01,01-15 08:00:00+01:00,113_CT_4,0.0
2030,sc01,01-15 08:00:00+01:00,101_CT_1,0.0
2030,sc01,01-15 08:00:00+01:00,118_CC_1,0.0
2030,sc01,01-15 08:00:00+01:00,102_STEAM_4,0.0
2030,sc01,01-15 08:00:00+01:00,123_CT_4,0.0
2030,sc01,01-15 08:00:00+01:00,123_STEAM_3,0.0
2030,sc01,01-15 08:00:00+01:00,121_NUCLEAR_1,0.3355579050192036
2030,sc01,01-15 08:00:00+01:00,113_CT_3,0.0
2030,sc01,01-15 08:00:00+01:00,101_STEAM_4,0.0
2030,sc01,01-15 08:00:00+01:00,123_CT_1,0.0
2030,sc01,01-15 08:00:00+01:00,113_CT_2,0.0
2030,sc01,01-15 08:00:00+01:00,115_STEAM_1,0.0
2030,sc01,01-15 08:00:00+01:00,102_STEAM_3,0.0
2030,sc01,01-15 08:00:00+01:00,102_CT_1,0.0
2030,sc01,01-15 16:00:00+01:00,113_CT_1,0.0
2030,sc01,01-15 16:00:00+01:00,123_CT_5,0.0
2030,sc01,01-15 16:00:00+01:00,115_STEAM_3,0.0
2030,sc01,01-15 16:00:00+01:00,101_STEAM_3,0.0
2030,sc01,01-15 16:00:00+01:00,101_CT_2,0.0
2030,sc01,01-15 16:00:00+01:00,115_STEAM_2,0.0
2030,sc01,01-15 16:00:00+01:00,102_CT_2,0.0
2030,sc01,01-15 16:00:00+01:00,116_STEAM_1,0.0
2030,sc01,01-15 16:00:00+01:00,123_STEAM_2,0.0
2030,sc01,01-15 16:00:00+01:00,107_CC_1,0.0
2030,sc01,01-15 16:00:00+01:00,113_CT_4,0.0
2030,sc01,01-15 16:00:00+01:00,101_CT_1,0.0
2030,sc01,01-15 16:00:00+01:00,118_CC_1,0.0
2030,sc01,01-15 16:00:00+01:00,102_STEAM_4,1.0
2030,sc01,01-15 16:00:00+01:00,123_CT_4,0.0
2030,sc01,01-15 16:00:00+01:00,123_STEAM_3,1.0
2030,sc01,01-15 16:00:00+01:00,121_NUCLEAR_1,0.0
2030,sc01,01-15 16:00:00+01:00,113_CT_3,0.0
2030,sc01,01-15 16:00:00+01:00,101_STEAM_4,0.0
2030,sc01,01-15 16:00:00+01:00,123_CT_1,0.0
2030,sc01,01-15 16:00:00+01:00,113_CT_2,0.0
2030,sc01,01-15 16:00:00+01:00,115_STEAM_1,0.0
2030,sc01,01-15 16:00:00+01:00,102_STEAM_3,1.0
2030,sc01,01-15 16:00:00+01:00,102_CT_1,0.0
2030,sc01,01-15 18:00:00+01:00,113_CT_1,0.0
2030,sc01,01-15 18:00:00+01:00,123_CT_5,0.0
2030,sc01,01-15 18:00:00+01:00,115_STEAM_3,0.0
2030,sc01,01-15 18:00:00+01:00,101_STEAM_3,1.0
2030,sc01,01-15 18:00:00+01:00,101_CT_2,0.0
2030,sc01,01-15 18:00:00+01:00,115_STEAM_2,0.0
2030,sc01,01-15 18:00:00+01:00,102_CT_2,0.0
2030,sc01,01-15 18:00:00+01:00,116_STEAM_1,0.0
2030,sc01,01-15 18:00:00+01:00,123_STEAM_2,1.0
2030,sc01,01-15 18:00:00+01:00,107_CC_1,1.0
2030,sc01,01-15 18:00:00+01:00,113_CT_4,0.0
2030,sc01,01-15 18:00:00+01:00,101_CT_1,0.0
2030,sc01,01-15 18:00:00+01:00,118_CC_1,0.0
2030,sc01,01-15 18:00:00+01:00,102_STEAM_4,0.03285604270566435
2030,sc01,01-15 18:00:00+01:00,123_CT_4,0.0
2030,sc01,01-15 18:00:00+01:00,123_STEAM_3,0.9351053637806164
2030,sc01,01-15 18:00:00+01:00,121_NUCLEAR_1,0.7995803483819393
2030,sc01,01-15 18:00:00+01:00,113_CT_3,0.0
2030,sc01,01-15 18:00:00+01:00,101_STEAM_4,1.0
2030,sc01,01-15 18:00:00+01:00,123_CT_1,0.0
2030,sc01,01-15 18:00:00+01:00,113_CT_2,0.0
2030,sc01,01-15 18:00:00+01:00,115_STEAM_1,0.0
2030,sc01,01-15 18:00:00+01:00,102_STEAM_3,0.0
2030,sc01,01-15 18:00:00+01:00,102_CT_1,0.0
2030,sc01,01-15 20:00:00+01:00,113_CT_1,0.0
2030,sc01,01-15 20:00:00+01:00,123_CT_5,0.0
2030,sc01,01-15 20:00:00+01:00,115_STEAM_3,0.5898708582970826
2030,sc01,01-15 20:00:00+01:00,101_STEAM_3,0.0
2030,sc01,01-15 20:00:00+01:00,101_CT_2,0.0
2030,sc01,01-15 20:00:00+01:00,115_STEAM_2,0.0
2030,sc01,01-15 20:00:00+01:00,102_CT_2,0.0
2030,sc01,01-15 20:00:00+01:00,116_STEAM_1,0.0
2030,sc01,01-15 20:00:00+01:00,123_STEAM_2,0.0
2030,sc01,01-15 20:00:00+01:00,107_CC_1,0.8028348559837757
2030,sc01,01-15 20:00:00+01:00,113_CT_4,0.0
2030,sc01,01-15 20:00:00+01:00,101_CT_1,0.0
2030,sc01,01-15 20:00:00+01:00,118_CC_1,0.0
2030,sc01,01-15 20:00:00+01:00,102_STEAM_4,0.0
2030,sc01,01-15 20:00:00+01:00,123_CT_4,0.0
2030,sc01,01-15 20:00:00+01:00,123_STEAM_3,0.0
2030,sc01,01-15 20:00:00+01:00,121_NUCLEAR_1,0.0
2030,sc01,01-15 20:00:00+01:00,113_CT_3,0.0
2030,sc01,01-15 20:00:00+01:00,101_STEAM_4,0.0
2030,sc01,01-15 20:00:00+01:00,123_CT_1,0.0
2030,sc01,01-15 20:00:00+01:00,113_CT_2,0.0
2030,sc01,01-15 20:00:00+01:00,115_STEAM_1,0.0
2030,sc01,01-15 20:00:00+01:00,102_STEAM_3,0.0
2030,sc01,01-15 20:00:00+01:00,102_CT_1,0.0
2030,sc01,01-16 07:00:00+01:00,113_CT_1,0.0
2030,sc01,01-16 07:00:00+01:00,123_CT_5,0.0
2030,sc01,01-16 07:00:00+01:00,115_STEAM_3,0.4101291417029173
2030,sc01,01-16 07:00:00+01:00,101_STEAM_3,0.0
2030,sc01,01-16 07:00:00+01:00,101_CT_2,0.0
2030,sc01,01-16 07:00:00+01:00,115_STEAM_2,0.0
2030,sc01,01-16 07:00:00+01:00,102_CT_2,0.0
2030,sc01,01-16 07:00:00+01:00,116_STEAM_1,0.0
2030,sc01,01-16 07:00:00+01:00,123_STEAM_2,0.0
2030,sc01,01-16 07:00:00+01:00,107_CC_1,0.4566109290965728
2030,sc01,01-16 07:00:00+01:00,113_CT_4,0.0
2030,sc01,01-16 07:00:00+01:00,101_CT_1,0.0
2030,sc01,01-16 07:00:00+01:00,118_CC_1,0.0
2030,sc01,01-16 07:00:00+01:00,102_STEAM_4,0.0
2030,sc01,01-16 07:00:00+01:00,123_CT_4,0.0
2030,sc01,01-16 07:00:00+01:00,123_STEAM_3,0.0
2030,sc01,01-16 07:00:00+01:00,121_NUCLEAR_1,0.0
2030,sc01,01-16 07:00:00+01:00,113_CT_3,0.0
2030,sc01,01-16 07:00:00+01:00,101_STEAM_4,0.0
2030,sc01,01-16 07:00:00+01:00,123_CT_1,0.0
2030,sc01,01-16 07:00:00+01:00,113_CT_2,0.0
2030,sc01,01-16 07:00:00+01:00,115_STEAM_1,0.0
2030,sc01,01-16 07:00:00+01:00,102_STEAM_3,0.0
2030,sc01,01-16 07:00:00+01:00,102_CT_1,0.0
2030,sc01,01-16 20:00:00+01:00,113_CT_1,0.0
2030,sc01,01-16 20:00:00+01:00,123_CT_5,0.0
2030,sc01,01-16 20:00:00+01:00,115_STEAM_3,0.0
2030,sc01,01-16 20:00:00+01:00,101_STEAM_3,0.0
2030,sc01,01-16 20:00:00+01:00,101_CT_2,0.0
2030,sc01,01-16 20:00:00+01:00,115_STEAM_2,0.0
2030,sc01,01-16 20:00:00+01:00,102_CT_2,0.0
2030,sc01,01-16 20:00:00+01:00,116_STEAM_1,0.0
2030,sc01,01-16 20:00:00+01:00,123_STEAM_2,0.0
2030,sc01,01-16 20:00:00+01:00,107_CC_1,0.5559792235345733
2030,sc01,01-16 20:00:00+01:00,113_CT_4,0.0
2030,sc01,01-16 20:00:00+01:00,101_CT_1,0.0
2030,sc01,01-16 20:00:00+01:00,118_CC_1,0.0
2030,sc01,01-16 20:00:00+01:00,102_STEAM_4,0.0
2030,sc01,01-16 20:00:00+01:00,123_CT_4,0.0
2030,sc01,01-16 20:00:00+01:00,123_STEAM_3,0.0
2030,sc01,01-16 20:00:00+01:00,121_NUCLEAR_1,0.0
2030,sc01,01-16 20:00:00+01:00,113_CT_3,0.0
2030,sc01,01-16 20:00:00+01:00,101_STEAM_4,0.0
2030,sc01,01-16 20:00:00+01:00,123_CT_1,0.0
2030,sc01,01-16 20:00:00+01:00,113_CT_2,0.0
2030,sc01,01-16 20:00:00+01:00,115_STEAM_1,0.0
2030,sc01,01-16 20:00:00+01:00,102_STEAM_3,0.0
2030,sc01,01-16 20:00:00+01:00,102_CT_1,0.0
2030,sc01,01-17 16:00:00+01:00,113_CT_1,0.0
2030,sc01,01-17 16:00:00+01:00,123_CT_5,0.0
2030,sc01,01-17 16:00:00+01:00,115_STEAM_3,0.0
2030,sc01,01-17 16:00:00+01:00,101_STEAM_3,0.0
2030,sc01,01-17 16:00:00+01:00,101_CT_2,0.0
2030,sc01,01-17 16:00:00+01:00,115_STEAM_2,0.0
2030,sc01,01-17 16:00:00+01:00,102_CT_2,0.0
2030,sc01,01-17 16:00:00+01:00,116_STEAM_1,0.0
2030,sc01,01-17 16:00:00+01:00,123_STEAM_2,0.0
2030,sc01,01-17 16:00:00+01:00,107_CC_1,0.44402077646542676
2030,sc01,01-17 16:00:00+01:00,113_CT_4,0.0
2030,sc01,01-17 16:00:00+01:00,101_CT_1,0.0
2030,sc01,01-17 16:00:00+01:00,118_CC_1,0.0
2030,sc01,01-17 16:00:00+01:00,102_STEAM_4,0.0
2030,sc01,01-17 16:00:00+01:00,123_CT_4,0.0
2030,sc01,01-17 16:00:00+01:00,123_STEAM_3,0.21059195478192294
2030,sc01,01-17 16:00:00+01:00,121_NUCLEAR_1,0.23796672797300977
2030,sc01,01-17 16:00:00+01:00,113_CT_3,0.0
2030,sc01,01-17 16:00:00+01:00,101_STEAM_4,0.0
2030,sc01,01-17 16:00:00+01:00,123_CT_1,0.0
2030,sc01,01-17 16:00:00+01:00,113_CT_2,0.0
2030,sc01,01-17 16:00:00+01:00,115_STEAM_1,0.0
2030,sc01,01-17 16:00:00+01:00,102_STEAM_3,0.0
2030,sc01,01-17 16:00:00+01:00,102_CT_1,0.0
2030,sc01,01-17 17:00:00+01:00,113_CT_1,0.0
2030,sc01,01-17 17:00:00+01:00,123_CT_5,0.0
2030,sc01,01-17 17:00:00+01:00,115_STEAM_3,0.0
2030,sc01,01-17 17:00:00+01:00,101_STEAM_3,0.0
2030,sc01,01-17 17:00:00+01:00,101_CT_2,0.0
2030,sc01,01-17 17:00:00+01:00,115_STEAM_2,0.0
2030,sc01,01-17 17:00:00+01:00,102_CT_2,0.0
2030,sc01,01-17 17:00:00+01:00,116_STEAM_1,0.0
2030,sc01,01-17 17:00:00+01:00,123_STEAM_2,0.0
2030,sc01,01-17 17:00:00+01:00,107_CC_1,0.0
2030,sc01,01-17 17:00:00+01:00,113_CT_4,0.0
2030,sc01,01-17 17:00:00+01:00,101_CT_1,0.0
2030,sc01,01-17 17:00:00+01:00,118_CC_1,0.0
2030,sc01,01-17 17:00:00+01:00,102_STEAM_4,0.0
2030,sc01,01-17 17:00:00+01:00,123_CT_4,0.0
2030,sc01,01-17 17:00:00+01:00,123_STEAM_3,0.0
2030,sc01,01-17 17:00:00+01:00,121_NUCLEAR_1,0.035051398767083075
2030,sc01,01-17 17:00:00+01:00,113_CT_3,0.0
2030,sc01,01-17 17:00:00+01:00,101_STEAM_4,0.0
2030,sc01,01-17 17:00:00+01:00,123_CT_1,0.0
2030,sc01,01-17 17:00:00+01:00,113_CT_2,0.0
2030,sc01,01-17 17:00:00+01:00,115_STEAM_1,0.0
2030,sc01,01-17 17:00:00+01:00,102_STEAM_3,0.0
2030,sc01,01-17 17:00:00+01:00,102_CT_1,0.0
2030,sc01,01-18 16:00:00+01:00,113_CT_1,0.0
2030,sc01,01-18 16:00:00+01:00,123_CT_5,0.0
2030,sc01,01-18 16:00:00+01:00,115_STEAM_3,0.0
2030,sc01,01-18 16:00:00+01:00,101_STEAM_3,0.0
2030,sc01,01-18 16:00:00+01:00,101_CT_2,0.0
2030,sc01,01-18 16:00:00+01:00,115_STEAM_2,0.0
2030,sc01,01-18 16:00:00+01:00,102_CT_2,0.0
2030,sc01,01-18 16:00:00+01:00,116_STEAM_1,0.0
2030,sc01,01-18 16:00:00+01:00,123_STEAM_2,0.0
2030,sc01,01-18 16:00:00+01:00,107_CC_1,0.0
2030,sc01,01-18 16:00:00+01:00,113_CT_4,0.0
2030,sc01,01-18 16:00:00+01:00,101_CT_1,0.0
2030,sc01,01-18 16:00:00+01:00,118_CC_1,0.0
2030,sc01,01-18 16:00:00+01:00,102_STEAM_4,0.0
2030,sc01,01-18 16:00:00+01:00,123_CT_4,0.0
2030,sc01,01-18 16:00:00+01:00,123_STEAM_3,0.6418527610358948
2030,sc01,01-18 16:00:00+01:00,121_NUCLEAR_1,0.0
2030,sc01,01-18 16:00:00+01:00,113_CT_3,0.0
2030,sc01,01-18 16:00:00+01:00,101_STEAM_4,0.0
2030,sc01,01-18 16:00:00+01:00,123_CT_1,0.0
2030,sc01,01-18 16:00:00+01:00,113_CT_2,0.0
2030,sc01,01-18 16:00:00+01:00,115_STEAM_1,0.0
2030,sc01,01-18 16:00:00+01:00,102_STEAM_3,0.0
2030,sc01,01-18 16:00:00+01:00,102_CT_1,0.0
2030,sc01,01-18 17:00:00+01:00,113_CT_1,0.0
2030,sc01,01-18 17:00:00+01:00,123_CT_5,0.0
2030,sc01,01-18 17:00:00+01:00,115_STEAM_3,0.0
2030,sc01,01-18 17:00:00+01:00,101_STEAM_3,0.0
2030,sc01,01-18 17:00:00+01:00,101_CT_2,0.0
2030,sc01,01-18 17:00:00+01:00,115_STEAM_2,0.0
2030,sc01,01-18 17:00:00+01:00,102_CT_2,0.0
2030,sc01,01-18 17:00:00+01:00,116_STEAM_1,0.0
2030,sc01,01-18 17:00:00+01:00,123_STEAM_2,0.0
2030,sc01,01-18 17:00:00+01:00,107_CC_1,0.0
2030,sc01,01-18 17:00:00+01:00,113_CT_4,0.0
2030,sc01,01-18 17:00:00+01:00,101_CT_1,0.0
2030,sc01,01-18 17:00:00+01:00,118_CC_1,0.0
2030,sc01,01-18 17:00:00+01:00,102_STEAM_4,0.0
2030,sc01,01-18 17:00:00+01:00,123_CT_4,0.0
2030,sc01,01-18 17:00:00+01:00,123_STEAM_3,1.0
2030,sc01,01-18 17:00:00+01:00,121_NUCLEAR_1,0.0
2030,sc01,01-18 17:00:00+01:00,113_CT_3,0.0
2030,sc01,01-18 17:00:00+01:00,101_STEAM_4,0.0
2030,sc01,01-18 17:00:00+01:00,123_CT_1,0.0
2030,sc01,01-18 17:00:00+01:00,113_CT_2,0.0
2030,sc01,01-18 17:00:00+01:00,115_STEAM_1,0.0
2030,sc01,01-18 17:00:00+01:00,102_STEAM_3,0.0
2030,sc01,01-18 17:00:00+01:00,102_CT_1,0.0
2030,sc01,01-18 19:00:00+01:00,113_CT_1,0.0
2030,sc01,01-18 19:00:00+01:00,123_CT_5,0.0
2030,sc01,01-18 19:00:00+01:00,115_STEAM_3,1.0
2030,sc01,01-18 19:00:00+01:00,101_STEAM_3,1.0
2030,sc01,01-18 19:00:00+01:00,101_CT_2,0.0
2030,sc01,01-18 19:00:00+01:00,115_STEAM_2,0.0
2030,sc01,01-18 19:00:00+01:00,102_CT_2,0.0
2030,sc01,01-18 19:00:00+01:00,116_STEAM_1,0.0
2030,sc01,01-18 19:00:00+01:00,123_STEAM_2,1.0
2030,sc01,01-18 19:00:00+01:00,107_CC_1,0.0
2030,sc01,01-18 19:00:00+01:00,113_CT_4,0.0
2030,sc01,01-18 19:00:00+01:00,101_CT_1,0.0
2030,sc01,01-18 19:00:00+01:00,118_CC_1,1.0
2030,sc01,01-18 19:00:00+01:00,102_STEAM_4,1.0
2030,sc01,01-18 19:00:00+01:00,123_CT_4,0.0
2030,sc01,01-18 19:00:00+01:00,123_STEAM_3,0.0
2030,sc01,01-18 19:00:00+01:00,121_NUCLEAR_1,0.6401847978283121
2030,sc01,01-18 19:00:00+01:00,113_CT_3,0.0
2030,sc01,01-18 19:00:00+01:00,101_STEAM_4,1.0
2030,sc01,01-18 19:00:00+01:00,123_CT_1,0.0
2030,sc01,01-18 19:00:00+01:00,113_CT_2,0.0
2030,sc01,01-18 19:00:00+01:00,115_STEAM_1,0.0
2030,sc01,01-18 19:00:00+01:00,102_STEAM_3,1.0
2030,sc01,01-18 19:00:00+01:00,102_CT_1,0.0
2030,sc01,01-18 20:00:00+01:00,113_CT_1,0.0
2030,sc01,01-18 20:00:00+01:00,123_CT_5,0.0
2030,sc01,01-18 20:00:00+01:00,115_STEAM_3,0.0
2030,sc01,01-18 20:00:00+01:00,101_STEAM_3,0.0
2030,sc01,01-18 20:00:00+01:00,101_CT_2,0.0
2030,sc01,01-18 20:00:00+01:00,115_STEAM_2,0.0
2030,sc01,01-18 20:00:00+01:00,102_CT_2,0.0
2030,sc01,01-18 20:00:00+01:00,116_STEAM_1,0.0
2030,sc01,01-18 20:00:00+01:00,123_STEAM_2,0.0
2030,sc01,01-18 20:00:00+01:00,107_CC_1,1.0
2030,sc01,01-18 20:00:00+01:00,113_CT_4,0.0
2030,sc01,01-18 20:00:00+01:00,101_CT_1,0.0
2030,sc01,01-18 20:00:00+01:00,118_CC_1,0.0
2030,sc01,01-18 20:00:00+01:00,102_STEAM_4,0.0
2030,sc01,01-18 20:00:00+01:00,123_CT_4,0.0
2030,sc01,01-18 20:00:00+01:00,123_STEAM_3,0.0
2030,sc01,01-18 20:00:00+01:00,121_NUCLEAR_1,1.0
2030,sc01,01-18 20:00:00+01:00,113_CT_3,0.0
2030,sc01,01-18 20:00:00+01:00,101_STEAM_4,0.0
2030,sc01,01-18 20:00:00+01:00,123_CT_1,0.0
2030,sc01,01-18 20:00:00+01:00,113_CT_2,0.0
2030,sc01,01-18 20:00:00+01:00,115_STEAM_1,0.0
2030,sc01,01-18 20:00:00+01:00,102_STEAM_3,0.0
2030,sc01,01-18 20:00:00+01:00,102_CT_1,0.0
2030,sc01,01-21 07:00:00+01:00,113_CT_1,0.0
2030,sc01,01-21 07:00:00+01:00,123_CT_5,0.0
2030,sc01,01-21 07:00:00+01:00,115_STEAM_3,0.0
2030,sc01,01-21 07:00:00+01:00,101_STEAM_3,0.0
2030,sc01,01-21 07:00:00+01:00,101_CT_2,0.0
2030,sc01,01-21 07:00:00+01:00,115_STEAM_2,0.0
2030,sc01,01-21 07:00:00+01:00,102_CT_2,0.0
2030,sc01,01-21 07:00:00+01:00,116_STEAM_1,0.0
2030,sc01,01-21 07:00:00+01:00,123_STEAM_2,0.0
2030,sc01,01-21 07:00:00+01:00,107_CC_1,0.38206691884021293
2030,sc01,01-21 07:00:00+01:00,113_CT_4,0.0
2030,sc01,01-21 07:00:00+01:00,101_CT_1,0.0
2030,sc01,01-21 07:00:00+01:00,118_CC_1,0.0
2030,sc01,01-21 07:00:00+01:00,102_STEAM_4,0.0
2030,sc01,01-21 07:00:00+01:00,123_CT_4,0.0
2030,sc01,01-21 07:00:00+01:00,123_STEAM_3,0.0
2030,sc01,01-21 07:00:00+01:00,121_NUCLEAR_1,0.2892340727745161
2030,sc01,01-21 07:00:00+01:00,113_CT_3,0.0
2030,sc01,01-21 07:00:00+01:00,101_STEAM_4,0.0
2030,sc01,01-21 07:00:00+01:00,123_CT_1,0.0
2030,sc01,01-21 07:00:00+01:00,113_CT_2,0.0
2030,sc01,01-21 07:00:00+01:00,115_STEAM_1,0.0
2030,sc01,01-21 07:00:00+01:00,102_STEAM_3,0.0
2030,sc01,01-21 07:00:00+01:00,102_CT_1,0.0
2030,sc01,01-21 16:00:00+01:00,113_CT_1,0.0
2030,sc01,01-21 16:00:00+01:00,123_CT_5,0.0
2030,sc01,01-21 16:00:00+01:00,115_STEAM_3,0.0
2030,sc01,01-21 16:00:00+01:00,101_STEAM_3,0.0
2030,sc01,01-21 16:00:00+01:00,101_CT_2,0.0
2030,sc01,01-21 16:00:00+01:00,115_STEAM_2,0.0
2030,sc01,01-21 16:00:00+01:00,102_CT_2,0.0
2030,sc01,01-21 16:00:00+01:00,116_STEAM_1,0.0
2030,sc01,01-21 16:00:00+01:00,123_STEAM_2,0.0
2030,sc01,01-21 16:00:00+01:00,107_CC_1,0.0
2030,sc01,01-21 16:00:00+01:00,113_CT_4,0.0
2030,sc01,01-21 16:00:00+01:00,101_CT_1,0.0
2030,sc01,01-21 16:00:00+01:00,118_CC_1,0.5734558488736352
2030,sc01,01-21 16:00:00+01:00,102_STEAM_4,0.0
2030,sc01,01-21 16:00:00+01:00,123_CT_4,0.0
2030,sc01,01-21 16:00:00+01:00,123_STEAM_3,0.0
2030,sc01,01-21 16:00:00+01:00,121_NUCLEAR_1,0.0
2030,sc01,01-21 16:00:00+01:00,113_CT_3,0.0
2030,sc01,01-21 16:00:00+01:00,101_STEAM_4,0.0
2030,sc01,01-21 16:00:00+01:00,123_CT_1,0.0
2030,sc01,01-21 16:00:00+01:00,113_CT_2,0.0
2030,sc01,01-21 16:00:00+01:00,115_STEAM_1,0.0
2030,sc01,01-21 16:00:00+01:00,102_STEAM_3,0.0
2030,sc01,01-21 16:00:00+01:00,102_CT_1,0.0
2030,sc01,01-21 17:00:00+01:00,113_CT_1,0.0
2030,sc01,01-21 17:00:00+01:00,123_CT_5,0.0
2030,sc01,01-21 17:00:00+01:00,115_STEAM_3,0.0
2030,sc01,01-21 17:00:00+01:00,101_STEAM_3,0.0
2030,sc01,01-21 17:00:00+01:00,101_CT_2,0.0
2030,sc01,01-21 17:00:00+01:00,115_STEAM_2,0.0
2030,sc01,01-21 17:00:00+01:00,102_CT_2,0.0
2030,sc01,01-21 17:00:00+01:00,116_STEAM_1,0.0
2030,sc01,01-21 17:00:00+01:00,123_STEAM_2,0.0
2030,sc01,01-21 17:00:00+01:00,107_CC_1,0.0
2030,sc01,01-21 17:00:00+01:00,113_CT_4,0.0
2030,sc01,01-21 17:00:00+01:00,101_CT_1,0.0
2030,sc01,01-21 17:00:00+01:00,118_CC_1,0.42654415112636473
2030,sc01,01-21 17:00:00+01:00,102_STEAM_4,0.0
2030,sc01,01-21 17:00:00+01:00,123_CT_4,0.0
2030,sc01,01-21 17:00:00+01:00,123_STEAM_3,0.9935722695158502
2030,sc01,01-21 17:00:00+01:00,121_NUCLEAR_1,0.0
2030,sc01,01-21 17:00:00+01:00,113_CT_3,0.0
2030,sc01,01-21 17:00:00+01:00,101_STEAM_4,0.0
2030,sc01,01-21 17:00:00+01:00,123_CT_1,0.0
2030,sc01,01-21 17:00:00+01:00,113_CT_2,0.0
2030,sc01,01-21 17:00:00+01:00,115_STEAM_1,0.0
2030,sc01,01-21 17:00:00+01:00,102_STEAM_3,0.0
2030,sc01,01-21 17:00:00+01:00,102_CT_1,0.0
2030,sc01,01-21 20:00:00+01:00,113_CT_1,0.0
2030,sc01,01-21 20:00:00+01:00,123_CT_5,0.0
2030,sc01,01-21 20:00:00+01:00,115_STEAM_3,1.0
2030,sc01,01-21 20:00:00+01:00,101_STEAM_3,1.0
2030,sc01,01-21 20:00:00+01:00,101_CT_2,0.0
2030,sc01,01-21 20:00:00+01:00,115_STEAM_2,0.0
2030,sc01,01-21 20:00:00+01:00,102_CT_2,0.0
2030,sc01,01-21 20:00:00+01:00,116_STEAM_1,0.0
2030,sc01,01-21 20:00:00+01:00,123_STEAM_2,1.0
2030,sc01,01-21 20:00:00+01:00,107_CC_1,0.0
2030,sc01,01-21 20:00:00+01:00,113_CT_4,0.0
2030,sc01,01-21 20:00:00+01:00,101_CT_1,0.0
2030,sc01,01-21 20:00:00+01:00,118_CC_1,1.0
2030,sc01,01-21 20:00:00+01:00,102_STEAM_4,1.0
2030,sc01,01-21 20:00:00+01:00,123_CT_4,0.0
2030,sc01,01-21 20:00:00+01:00,123_STEAM_3,0.5262916094728782
2030,sc01,01-21 20:00:00+01:00,121_NUCLEAR_1,0.01919952571446515
2030,sc01,01-21 20:00:00+01:00,113_CT_3,0.0
2030,sc01,01-21 20:00:00+01:00,101_STEAM_4,1.0
2030,sc01,01-21 20:00:00+01:00,123_CT_1,0.0
2030,sc01,01-21 20:00:00+01:00,113_CT_2,0.0
2030,sc01,01-21 20:00:00+01:00,115_STEAM_1,0.0
2030,sc01,01-21 20:00:00+01:00,102_STEAM_3,1.0
2030,sc01,01-21 20:00:00+01:00,102_CT_1,0.0
2030,sc01,01-22 08:00:00+01:00,113_CT_1,0.0
2030,sc01,01-22 08:00:00+01:00,123_CT_5,0.0
2030,sc01,01-22 08:00:00+01:00,115_STEAM_3,0.0
2030,sc01,01-22 08:00:00+01:00,101_STEAM_3,0.0
2030,sc01,01-22 08:00:00+01:00,101_CT_2,0.0
2030,sc01,01-22 08:00:00+01:00,115_STEAM_2,0.0
2030,sc01,01-22 08:00:00+01:00,102_CT_2,0.0
2030,sc01,01-22 08:00:00+01:00,116_STEAM_1,0.0
2030,sc01,01-22 08:00:00+01:00,123_STEAM_2,0.0
2030,sc01,01-22 08:00:00+01:00,107_CC_1,0.0
2030,sc01,01-22 08:00:00+01:00,113_CT_4,0.0
2030,sc01,01-22 08:00:00+01:00,101_CT_1,0.0
2030,sc01,01-22 08:00:00+01:00,118_CC_1,0.0
2030,sc01,01-22 08:00:00+01:00,102_STEAM_4,0.0
2030,sc01,01-22 08:00:00+01:00,123_CT_4,0.0
2030,sc01,01-22 08:00:00+01:00,123_STEAM_3,0.0
2030,sc01,01-22 08:00:00+01:00,121_NUCLEAR_1,0.0
2030,sc01,01-22 08:00:00+01:00,113_CT_3,0.0
2030,sc01,01-22 08:00:00+01:00,101_STEAM_4,0.0
2030,sc01,01-22 08:00:00+01:00,123_CT_1,0.0
2030,sc01,01-22 08:00:00+01:00,113_CT_2,0.0
2030,sc01,01-22 08:00:00+01:00,115_STEAM_1,0.0
2030,sc01,01-22 08:00:00+01:00,102_STEAM_3,0.0
2030,sc01,01-22 08:00:00+01:00,102_CT_1,0.0
2030,sc01,01-22 09:00:00+01:00,113_CT_1,0.0
2030,sc01,01-22 09:00:00+01:00,123_CT_5,0.0
2030,sc01,01-22 09:00:00+01:00,115_STEAM_3,0.0
2030,sc01,01-22 09:00:00+01:00,101_STEAM_3,0.0
2030,sc01,01-22 09:00:00+01:00,101_CT_2,0.0
2030,sc01,01-22 09:00:00+01:00,115_STEAM_2,0.0
2030,sc01,01-22 09:00:00+01:00,102_CT_2,0.0
2030,sc01,01-22 09:00:00+01:00,116_STEAM_1,0.0
2030,sc01,01-22 09:00:00+01:00,123_STEAM_2,0.0
2030,sc01,01-22 09:00:00+01:00,107_CC_1,0.0
2030,sc01,01-22 09:00:00+01:00,113_CT_4,0.0
2030,sc01,01-22 09:00:00+01:00,101_CT_1,0.0
2030,sc01,01-22 09:00:00+01:00,118_CC_1,0.0
2030,sc01,01-22 09:00:00+01:00,102_STEAM_4,0.0
2030,sc01,01-22 09:00:00+01:00,123_CT_4,0.0
2030,sc01,01-22 09:00:00+01:00,123_STEAM_3,1.0
2030,sc01,01-22 09:00:00+01:00,121_NUCLEAR_1,0.0
2030,sc01,01-22 09:00:00+01:00,113_CT_3,0.0
2030,sc01,01-22 09:00:00+01:00,101_STEAM_4,0.0
2030,sc01,01-22 09:00:00+01:00,123_CT_1,0.0
2030,sc01,01-22 09:00:00+01:00,113_CT_2,0.0
2030,sc01,01-22 09:00:00+01:00,115_STEAM_1,0.0
2030,sc01,01-22 09:00:00+01:00,102_STEAM_3,0.0
2030,sc01,01-22 09:00:00+01:00,102_CT_1,0.0
2030,sc01,01-22 10:00:00+01:00,113_CT_1,0.0
2030,sc01,01-22 10:00:00+01:00,123_CT_5,0.0
2030,sc01,01-22 10:00:00+01:00,115_STEAM_3,0.0
2030,sc01,01-22 10:00:00+01:00,101_STEAM_3,0.0
2030,sc01,01-22 10:00:00+01:00,101_CT_2,0.0
2030,sc01,01-22 10:00:00+01:00,115_STEAM_2,0.0
2030,sc01,01-22 10:00:00+01:00,102_CT_2,0.0
2030,sc01,01-22 10:00:00+01:00,116_STEAM_1,0.0
2030,sc01,01-22 10:00:00+01:00,123_STEAM_2,0.0
2030,sc01,01-22 10:00:00+01:00,107_CC_1,0.0
2030,sc01,01-22 10:00:00+01:00,113_CT_4,0.0
2030,sc01,01-22 10:00:00+01:00,101_CT_1,0.0
2030,sc01,01-22 10:00:00+01:00,118_CC_1,0.0
2030,sc01,01-22 10:00:00+01:00,102_STEAM_4,0.0
2030,sc01,01-22 10:00:00+01:00,123_CT_4,0.0
2030,sc01,01-22 10:00:00+01:00,123_STEAM_3,0.8343810107958566
2030,sc01,01-22 10:00:00+01:00,121_NUCLEAR_1,0.0
2030,sc01,01-22 10:00:00+01:00,113_CT_3,0.0
2030,sc01,01-22 10:00:00+01:00,101_STEAM_4,0.0
2030,sc01,01-22 10:00:00+01:00,123_CT_1,0.0
2030,sc01,01-22 10:00:00+01:00,113_CT_2,0.0
2030,sc01,01-22 10:00:00+01:00,115_STEAM_1,0.0
2030,sc01,01-22 10:00:00+01:00,102_STEAM_3,0.0
2030,sc01,01-22 10:00:00+01:00,102_CT_1,0.0
2030,sc01,01-22 11:00:00+01:00,113_CT_1,0.0
2030,sc01,01-22 11:00:00+01:00,123_CT_5,0.0
2030,sc01,01-22 11:00:00+01:00,115_STEAM_3,0.0
2030,sc01,01-22 11:00:00+01:00,101_STEAM_3,0.0
2030,sc01,01-22 11:00:00+01:00,101_CT_2,0.0
2030,sc01,01-22 11:00:00+01:00,115_STEAM_2,0.0
2030,sc01,01-22 11:00:00+01:00,102_CT_2,0.0
2030,sc01,01-22 11:00:00+01:00,116_STEAM_1,0.0
2030,sc01,01-22 11:00:00+01:00,123_STEAM_2,0.0
2030,sc01,01-22 11:00:00+01:00,107_CC_1,0.0
2030,sc01,01-22 11:00:00+01:00,113_CT_4,0.0
2030,sc01,01-22 11:00:00+01:00,101_CT_1,0.0
2030,sc01,01-22 11:00:00+01:00,118_CC_1,1.0
2030,sc01,01-22 11:00:00+01:00,102_STEAM_4,0.07605011214214819
2030,sc01,01-22 11:00:00+01:00,123_CT_4,0.0
2030,sc01,01-22 11:00:00+01:00,123_STEAM_3,0.0
2030,sc01,01-22 11:00:00+01:00,121_NUCLEAR_1,0.0
2030,sc01,01-22 11:00:00+01:00,113_CT_3,0.0
2030,sc01,01-22 11:00:00+01:00,101_STEAM_4,0.0
2030,sc01,01-22 11:00:00+01:00,123_CT_1,0.0
2030,sc01,01-22 11:00:00+01:00,113_CT_2,0.0
2030,sc01,01-22 11:00:00+01:00,115_STEAM_1,0.0
2030,sc01,01-22 11:00:00+01:00,102_STEAM_3,1.0
2030,sc01,01-22 11:00:00+01:00,102_CT_1,0.0
2030,sc01,01-22 12:00:00+01:00,113_CT_1,0.0
2030,sc01,01-22 12:00:00+01:00,123_CT_5,0.0
2030,sc01,01-22 12:00:00+01:00,115_STEAM_3,0.0
2030,sc01,01-22 12:00:00+01:00,101_STEAM_3,0.0
2030,sc01,01-22 12:00:00+01:00,101_CT_2,0.0
2030,sc01,01-22 12:00:00+01:00,115_STEAM_2,0.0
2030,sc01,01-22 12:00:00+01:00,102_CT_2,0.0
2030,sc01,01-22 12:00:00+01:00,116_STEAM_1,0.0
2030,sc01,01-22 12:00:00+01:00,123_STEAM_2,0.0
2030,sc01,01-22 12:00:00+01:00,107_CC_1,0.0
2030,sc01,01-22 12:00:00+01:00,113_CT_4,0.0
2030,sc01,01-22 12:00:00+01:00,101_CT_1,0.0
2030,sc01,01-22 12:00:00+01:00,118_CC_1,0.7131523686756825
2030,sc01,01-22 12:00:00+01:00,102_STEAM_4,0.9239498878578518
2030,sc01,01-22 12:00:00+01:00,123_CT_4,0.0
2030,sc01,01-22 12:00:00+01:00,123_STEAM_3,0.6785981893944198
2030,sc01,01-22 12:00:00+01:00,121_NUCLEAR_1,0.0
2030,sc01,01-22 12:00:00+01:00,113_CT_3,0.0
2030,sc01,01-22 12:00:00+01:00,101_STEAM_4,0.0
2030,sc01,01-22 12:00:00+01:00,123_CT_1,0.0
2030,sc01,01-22 12:00:00+01:00,113_CT_2,0.0
2030,sc01,01-22 12:00:00+01:00,115_STEAM_1,0.0
2030,sc01,01-22 12:00:00+01:00,102_STEAM_3,0.0
2030,sc01,01-22 12:00:00+01:00,102_CT_1,0.0
2030,sc01,01-22 15:00:00+01:00,113_CT_1,0.0
2030,sc01,01-22 15:00:00+01:00,123_CT_5,0.0
2030,sc01,01-22 15:00:00+01:00,115_STEAM_3,0.0
2030,sc01,01-22 15:00:00+01:00,101_STEAM_3,0.0
2030,sc01,01-22 15:00:00+01:00,101_CT_2,0.0
2030,sc01,01-22 15:00:00+01:00,115_STEAM_2,0.0
2030,sc01,01-22 15:00:00+01:00,102_CT_2,0.0
2030,sc01,01-22 15:00:00+01:00,116_STEAM_1,0.0
2030,sc01,01-22 15:00:00+01:00,123_STEAM_2,0.0
2030,sc01,01-22 15:00:00+01:00,107_CC_1,0.0
2030,sc01,01-22 15:00:00+01:00,113_CT_4,0.0
2030,sc01,01-22 15:00:00+01:00,101_CT_1,0.0
2030,sc01,01-22 15:00:00+01:00,118_CC_1,0.1391868037584584
2030,sc01,01-22 15:00:00+01:00,102_STEAM_4,0.0
2030,sc01,01-22 15:00:00+01:00,123_CT_4,0.0
2030,sc01,01-22 15:00:00+01:00,123_STEAM_3,0.9297991304072973
2030,sc01,01-22 15:00:00+01:00,121_NUCLEAR_1,0.22271462975004108
2030,sc01,01-22 15:00:00+01:00,113_CT_3,0.0
2030,sc01,01-22 15:00:00+01:00,101_STEAM_4,0.0
2030,sc01,01-22 15:00:00+01:00,123_CT_1,0.0
2030,sc01,01-22 15:00:00+01:00,113_CT_2,0.0
2030,sc01,01-22 15:00:00+01:00,115_STEAM_1,0.0
2030,sc01,01-22 15:00:00+01:00,102_STEAM_3,0.0
2030,sc01,01-22 15:00:00+01:00,102_CT_1,0.0
2030,sc01,01-22 16:00:00+01:00,113_CT_1,0.0
2030,sc01,01-22 16:00:00+01:00,123_CT_5,0.0
2030,sc01,01-22 16:00:00+01:00,115_STEAM_3,0.0
2030,sc01,01-22 16:00:00+01:00,101_STEAM_3,0.0
2030,sc01,01-22 16:00:00+01:00,101_CT_2,0.0
2030,sc01,01-22 16:00:00+01:00,115_STEAM_2,0.0
2030,sc01,01-22 16:00:00+01:00,102_CT_2,0.0
2030,sc01,01-22 16:00:00+01:00,116_STEAM_1,0.0
2030,sc01,01-22 16:00:00+01:00,123_STEAM_2,0.0
2030,sc01,01-22 16:00:00+01:00,107_CC_1,0.0
2030,sc01,01-22 16:00:00+01:00,113_CT_4,0.0
2030,sc01,01-22 16:00:00+01:00,101_CT_1,0.0
2030,sc01,01-22 16:00:00+01:00,118_CC_1,0.0
2030,sc01,01-22 16:00:00+01:00,102_STEAM_4,0.0
2030,sc01,01-22 16:00:00+01:00,123_CT_4,0.0
2030,sc01,01-22 16:00:00+01:00,123_STEAM_3,0.767740770404267
2030,sc01,01-22 16:00:00+01:00,121_NUCLEAR_1,0.12463878051183719
2030,sc01,01-22 16:00:00+01:00,113_CT_3,0.0
2030,sc01,01-22 16:00:00+01:00,101_STEAM_4,0.0
2030,sc01,01-22 16:00:00+01:00,123_CT_1,0.0
2030,sc01,01-22 16:00:00+01:00,113_CT_2,0.0
2030,sc01,01-22 16:00:00+01:00,115_STEAM_1,0.0
2030,sc01,01-22 16:00:00+01:00,102_STEAM_3,0.0
2030,sc01,01-22 16:00:00+01:00,102_CT_1,0.0
2030,sc01,01-22 19:00:00+01:00,113_CT_1,0.0
2030,sc01,01-22 19:00:00+01:00,123_CT_5,0.0
2030,sc01,01-22 19:00:00+01:00,115_STEAM_3,0.0
2030,sc01,01-22 19:00:00+01:00,101_STEAM_3,1.0
2030,sc01,01-22 19:00:00+01:00,101_CT_2,0.0
2030,sc01,01-22 19:00:00+01:00,115_STEAM_2,0.0
2030,sc01,01-22 19:00:00+01:00,102_CT_2,0.0
2030,sc01,01-22 19:00:00+01:00,116_STEAM_1,0.0
2030,sc01,01-22 19:00:00+01:00,123_STEAM_2,1.0
2030,sc01,01-22 19:00:00+01:00,107_CC_1,0.7396373382162967
2030,sc01,01-22 19:00:00+01:00,113_CT_4,0.0
2030,sc01,01-22 19:00:00+01:00,101_CT_1,0.0
2030,sc01,01-22 19:00:00+01:00,118_CC_1,0.0
2030,sc01,01-22 19:00:00+01:00,102_STEAM_4,1.0
2030,sc01,01-22 19:00:00+01:00,123_CT_4,0.0
2030,sc01,01-22 19:00:00+01:00,123_STEAM_3,1.0
2030,sc01,01-22 19:00:00+01:00,121_NUCLEAR_1,0.6526465897381217
2030,sc01,01-22 19:00:00+01:00,113_CT_3,0.0
2030,sc01,01-22 19:00:00+01:00,101_STEAM_4,1.0
2030,sc01,01-22 19:00:00+01:00,123_CT_1,0.0
2030,sc01,01-22 19:00:00+01:00,113_CT_2,0.0
2030,sc01,01-22 19:00:00+01:00,115_STEAM_1,0.0
2030,sc01,01-22 19:00:00+01:00,102_STEAM_3,1.0
2030,sc01,01-22 19:00:00+01:00,102_CT_1,0.0
2030,sc01,01-22 20:00:00+01:00,113_CT_1,0.0
2030,sc01,01-22 20:00:00+01:00,123_CT_5,0.0
2030,sc01,01-22 20:00:00+01:00,115_STEAM_3,0.0
2030,sc01,01-22 20:00:00+01:00,101_STEAM_3,0.0
2030,sc01,01-22 20:00:00+01:00,101_CT_2,0.0
2030,sc01,01-22 20:00:00+01:00,115_STEAM_2,0.0
2030,sc01,01-22 20:00:00+01:00,102_CT_2,0.0
2030,sc01,01-22 20:00:00+01:00,116_STEAM_1,0.0
2030,sc01,01-22 20:00:00+01:00,123_STEAM_2,0.0
2030,sc01,01-22 20:00:00+01:00,107_CC_1,0.9147136629991065
2030,sc01,01-22 20:00:00+01:00,113_CT_4,0.0
2030,sc01,01-22 20:00:00+01:00,101_CT_1,0.0
2030,sc01,01-22 20:00:00+01:00,118_CC_1,0.0
2030,sc01,01-22 20:00:00+01:00,102_STEAM_4,0.0
2030,sc01,01-22 20:00:00+01:00,123_CT_4,0.0
2030,sc01,01-22 20:00:00+01:00,123_STEAM_3,0.0
2030,sc01,01-22 20:00:00+01:00,121_NUCLEAR_1,0.0
2030,sc01,01-22 20:00:00+01:00,113_CT_3,0.0
2030,sc01,01-22 20:00:00+01:00,101_STEAM_4,0.0
2030,sc01,01-22 20:00:00+01:00,123_CT_1,0.0
2030,sc01,01-22 20:00:00+01:00,113_CT_2,0.0
2030,sc01,01-22 20:00:00+01:00,115_STEAM_1,0.0
2030,sc01,01-22 20:00:00+01:00,102_STEAM_3,0.0
2030,sc01,01-22 20:00:00+01:00,102_CT_1,0.0
2030,sc01,01-23 07:00:00+01:00,113_CT_1,0.0
2030,sc01,01-23 07:00:00+01:00,123_CT_5,0.0
2030,sc01,01-23 07:00:00+01:00,115_STEAM_3,0.0
2030,sc01,01-23 07:00:00+01:00,101_STEAM_3,0.0
2030,sc01,01-23 07:00:00+01:00,101_CT_2,0.0
2030,sc01,01-23 07:00:00+01:00,115_STEAM_2,0.0
2030,sc01,01-23 07:00:00+01:00,102_CT_2,0.0
2030,sc01,01-23 07:00:00+01:00,116_STEAM_1,0.0
2030,sc01,01-23 07:00:00+01:00,123_STEAM_2,0.0
2030,sc01,01-23 07:00:00+01:00,107_CC_1,0.8827125048670064
2030,sc01,01-23 07:00:00+01:00,113_CT_4,0.0
2030,sc01,01-23 07:00:00+01:00,101_CT_1,0.0
2030,sc01,01-23 07:00:00+01:00,118_CC_1,0.0
2030,sc01,01-23 07:00:00+01:00,102_STEAM_4,0.0
2030,sc01,01-23 07:00:00+01:00,123_CT_4,0.0
2030,sc01,01-23 07:00:00+01:00,123_STEAM_3,0.0
2030,sc01,01-23 07:00:00+01:00,121_NUCLEAR_1,0.0
2030,sc01,01-23 07:00:00+01:00,113_CT_3,0.0
2030,sc01,01-23 07:00:00+01:00,101_STEAM_4,0.0
2030,sc01,01-23 07:00:00+01:00,123_CT_1,0.0
2030,sc01,01-23 07:00:00+01:00,113_CT_2,0.0
2030,sc01,01-23 07:00:00+01:00,115_STEAM_1,0.0
2030,sc01,01-23 07:00:00+01:00,102_STEAM_3,0.0
2030,sc01,01-23 07:00:00+01:00,102_CT_1,0.0
2030,sc01,01-23 08:00:00+01:00,113_CT_1,0.0
2030,sc01,01-23 08:00:00+01:00,123_CT_5,0.0
2030,sc01,01-23 08:00:00+01:00,115_STEAM_3,0.0
2030,sc01,01-23 08:00:00+01:00,101_STEAM_3,0.0
2030,sc01,01-23 08:00:00+01:00,101_CT_2,0.0
2030,sc01,01-23 08:00:00+01:00,115_STEAM_2,0.0
2030,sc01,01-23 08:00:00+01:00,102_CT_2,0.0
2030,sc01,01-23 08:00:00+01:00,116_STEAM_1,0.0
2030,sc01,01-23 08:00:00+01:00,123_STEAM_2,0.0
2030,sc01,01-23 08:00:00+01:00,107_CC_1,0.4629364939175902
2030,sc01,01-23 08:00:00+01:00,113_CT_4,0.0
2030,sc01,01-23 08:00:00+01:00,101_CT_1,0.0
2030,sc01,01-23 08:00:00+01:00,118_CC_1,0.7154426734580817
2030,sc01,01-23 08:00:00+01:00,102_STEAM_4,0.0
2030,sc01,01-23 08:00:00+01:00,123_CT_4,0.0
2030,sc01,01-23 08:00:00+01:00,123_STEAM_3,0.0
2030,sc01,01-23 08:00:00+01:00,121_NUCLEAR_1,0.0
2030,sc01,01-23 08:00:00+01:00,113_CT_3,0.0
2030,sc01,01-23 08:00:00+01:00,101_STEAM_4,0.0
2030,sc01,01-23 08:00:00+01:00,123_CT_1,0.0
2030,sc01,01-23 08:00:00+01:00,113_CT_2,0.0
2030,sc01,01-23 08:00:00+01:00,115_STEAM_1,0.0
2030,sc01,01-23 08:00:00+01:00,102_STEAM_3,0.0
2030,sc01,01-23 08:00:00+01:00,102_CT_1,0.0
2030,sc01,01-23 09:00:00+01:00,113_CT_1,0.0
2030,sc01,01-23 09:00:00+01:00,123_CT_5,0.0
2030,sc01,01-23 09:00:00+01:00,115_STEAM_3,0.0
2030,sc01,01-23 09:00:00+01:00,101_STEAM_3,0.0
2030,sc01,01-23 09:00:00+01:00,101_CT_2,0.0
2030,sc01,01-23 09:00:00+01:00,115_STEAM_2,0.0
2030,sc01,01-23 09:00:00+01:00,102_CT_2,0.0
2030,sc01,01-23 09:00:00+01:00,116_STEAM_1,0.0
2030,sc01,01-23 09:00:00+01:00,123_STEAM_2,0.0
2030,sc01,01-23 09:00:00+01:00,107_CC_1,0.0
2030,sc01,01-23 09:00:00+01:00,113_CT_4,0.0
2030,sc01,01-23 09:00:00+01:00,101_CT_1,0.0
2030,sc01,01-23 09:00:00+01:00,118_CC_1,0.5072882428961849
2030,sc01,01-23 09:00:00+01:00,102_STEAM_4,0.0
2030,sc01,01-23 09:00:00+01:00,123_CT_4,0.0
2030,sc01,01-23 09:00:00+01:00,123_STEAM_3,0.0
2030,sc01,01-23 09:00:00+01:00,121_NUCLEAR_1,0.0
2030,sc01,01-23 09:00:00+01:00,113_CT_3,0.0
2030,sc01,01-23 09:00:00+01:00,101_STEAM_4,0.0
2030,sc01,01-23 09:00:00+01:00,123_CT_1,0.0
2030,sc01,01-23 09:00:00+01:00,113_CT_2,0.0
2030,sc01,01-23 09:00:00+01:00,115_STEAM_1,0.0
2030,sc01,01-23 09:00:00+01:00,102_STEAM_3,0.0
2030,sc01,01-23 09:00:00+01:00,102_CT_1,0.0
2030,sc01,01-23 10:00:00+01:00,113_CT_1,0.0
2030,sc01,01-23 10:00:00+01:00,123_CT_5,0.0
2030,sc01,01-23 10:00:00+01:00,115_STEAM_3,0.0
2030,sc01,01-23 10:00:00+01:00,101_STEAM_3,0.0
2030,sc01,01-23 10:00:00+01:00,101_CT_2,0.0
2030,sc01,01-23 10:00:00+01:00,115_STEAM_2,0.0
2030,sc01,01-23 10:00:00+01:00,102_CT_2,0.0
2030,sc01,01-23 10:00:00+01:00,116_STEAM_1,0.0
2030,sc01,01-23 10:00:00+01:00,123_STEAM_2,0.0
2030,sc01,01-23 10:00:00+01:00,107_CC_1,0.0
2030,sc01,01-23 10:00:00+01:00,113_CT_4,0.0
2030,sc01,01-23 10:00:00+01:00,101_CT_1,0.0
2030,sc01,01-23 10:00:00+01:00,118_CC_1,0.7772690836457334
2030,sc01,01-23 10:00:00+01:00,102_STEAM_4,0.0
2030,sc01,01-23 10:00:00+01:00,123_CT_4,0.0
2030,sc01,01-23 10:00:00+01:00,123_STEAM_3,0.750766896368423
2030,sc01,01-23 10:00:00+01:00,121_NUCLEAR_1,0.0
2030,sc01,01-23 10:00:00+01:00,113_CT_3,0.0
2030,sc01,01-23 10:00:00+01:00,101_STEAM_4,0.0
2030,sc01,01-23 10:00:00+01:00,123_CT_1,0.0
2030,sc01,01-23 10:00:00+01:00,113_CT_2,0.0
2030,sc01,01-23 10:00:00+01:00,115_STEAM_1,0.0
2030,sc01,01-23 10:00:00+01:00,102_STEAM_3,0.0
2030,sc01,01-23 10:00:00+01:00,102_CT_1,0.0
2030,sc01,01-23 11:00:00+01:00,113_CT_1,0.0
2030,sc01,01-23 11:00:00+01:00,123_CT_5,0.0
2030,sc01,01-23 11:00:00+01:00,115_STEAM_3,0.0
2030,sc01,01-23 11:00:00+01:00,101_STEAM_3,0.0
2030,sc01,01-23 11:00:00+01:00,101_CT_2,0.0
2030,sc01,01-23 11:00:00+01:00,115_STEAM_2,0.0
2030,sc01,01-23 11:00:00+01:00,102_CT_2,0.0
2030,sc01,01-23 11:00:00+01:00,116_STEAM_1,0.0
2030,sc01,01-23 11:00:00+01:00,123_STEAM_2,1.0
2030,sc01,01-23 11:00:00+01:00,107_CC_1,0.0
2030,sc01,01-23 11:00:00+01:00,113_CT_4,0.0
2030,sc01,01-23 11:00:00+01:00,101_CT_1,0.0
2030,sc01,01-23 11:00:00+01:00,118_CC_1,0.0
2030,sc01,01-23 11:00:00+01:00,102_STEAM_4,0.0
2030,sc01,01-23 11:00:00+01:00,123_CT_4,0.0
2030,sc01,01-23 11:00:00+01:00,123_STEAM_3,1.0
2030,sc01,01-23 11:00:00+01:00,121_NUCLEAR_1,0.0
2030,sc01,01-23 11:00:00+01:00,113_CT_3,0.0
2030,sc01,01-23 11:00:00+01:00,101_STEAM_4,0.0
2030,sc01,01-23 11:00:00+01:00,123_CT_1,0.0
2030,sc01,01-23 11:00:00+01:00,113_CT_2,0.0
2030,sc01,01-23 11:00:00+01:00,115_STEAM_1,0.0
2030,sc01,01-23 11:00:00+01:00,102_STEAM_3,0.0
2030,sc01,01-23 11:00:00+01:00,102_CT_1,0.0
2030,sc01,01-23 14:00:00+01:00,113_CT_1,0.0
2030,sc01,01-23 14:00:00+01:00,123_CT_5,0.0
2030,sc01,01-23 14:00:00+01:00,115_STEAM_3,0.0
2030,sc01,01-23 14:00:00+01:00,101_STEAM_3,0.0
2030,sc01,01-23 14:00:00+01:00,101_CT_2,0.0
2030,sc01,01-23 14:00:00+01:00,115_STEAM_2,0.0
2030,sc01,01-23 14:00:00+01:00,102_CT_2,0.0
2030,sc01,01-23 14:00:00+01:00,116_STEAM_1,0.0
2030,sc01,01-23 14:00:00+01:00,123_STEAM_2,0.6687260428498545
2030,sc01,01-23 14:00:00+01:00,107_CC_1,0.0
2030,sc01,01-23 14:00:00+01:00,113_CT_4,0.0
2030,sc01,01-23 14:00:00+01:00,101_CT_1,0.0
2030,sc01,01-23 14:00:00+01:00,118_CC_1,0.0
2030,sc01,01-23 14:00:00+01:00,102_STEAM_4,1.0
2030,sc01,01-23 14:00:00+01:00,123_CT_4,0.0
2030,sc01,01-23 14:00:00+01:00,123_STEAM_3,0.0
2030,sc01,01-23 14:00:00+01:00,121_NUCLEAR_1,0.0
2030,sc01,01-23 14:00:00+01:00,113_CT_3,0.0
2030,sc01,01-23 14:00:00+01:00,101_STEAM_4,0.0
2030,sc01,01-23 14:00:00+01:00,123_CT_1,0.0
2030,sc01,01-23 14:00:00+01:00,113_CT_2,0.0
2030,sc01,01-23 14:00:00+01:00,115_STEAM_1,0.0
2030,sc01,01-23 14:00:00+01:00,102_STEAM_3,1.0
2030,sc01,01-23 14:00:00+01:00,102_CT_1,0.0
2030,sc01,01-23 15:00:00+01:00,113_CT_1,0.0
2030,sc01,01-23 15:00:00+01:00,123_CT_5,0.0
2030,sc01,01-23 15:00:00+01:00,115_STEAM_3,0.0
2030,sc01,01-23 15:00:00+01:00,101_STEAM_3,0.0
2030,sc01,01-23 15:00:00+01:00,101_CT_2,0.0
2030,sc01,01-23 15:00:00+01:00,115_STEAM_2,0.0
2030,sc01,01-23 15:00:00+01:00,102_CT_2,0.0
2030,sc01,01-23 15:00:00+01:00,116_STEAM_1,0.0
2030,sc01,01-23 15:00:00+01:00,123_STEAM_2,0.0
2030,sc01,01-23 15:00:00+01:00,107_CC_1,0.0
2030,sc01,01-23 15:00:00+01:00,113_CT_4,0.0
2030,sc01,01-23 15:00:00+01:00,101_CT_1,0.0
2030,sc01,01-23 15:00:00+01:00,118_CC_1,0.0
2030,sc01,01-23 15:00:00+01:00,102_STEAM_4,0.0
2030,sc01,01-23 15:00:00+01:00,123_CT_4,0.0
2030,sc01,01-23 15:00:00+01:00,123_STEAM_3,0.0
2030,sc01,01-23 15:00:00+01:00,121_NUCLEAR_1,0.0
2030,sc01,01-23 15:00:00+01:00,113_CT_3,0.0
2030,sc01,01-23 15:00:00+01:00,101_STEAM_4,0.0
2030,sc01,01-23 15:00:00+01:00,123_CT_1,0.0
2030,sc01,01-23 15:00:00+01:00,113_CT_2,0.0
2030,sc01,01-23 15:00:00+01:00,115_STEAM_1,0.0
2030,sc01,01-23 15:00:00+01:00,102_STEAM_3,0.0
2030,sc01,01-23 15:00:00+01:00,102_CT_1,0.0
2030,sc01,01-23 16:00:00+01:00,113_CT_1,0.0
2030,sc01,01-23 16:00:00+01:00,123_CT_5,0.0
2030,sc01,01-23 16:00:00+01:00,115_STEAM_3,0.0
2030,sc01,01-23 16:00:00+01:00,101_STEAM_3,0.0
2030,sc01,01-23 16:00:00+01:00,101_CT_2,0.0
2030,sc01,01-23 16:00:00+01:00,115_STEAM_2,0.0
2030,sc01,01-23 16:00:00+01:00,102_CT_2,0.0
2030,sc01,01-23 16:00:00+01:00,116_STEAM_1,0.9938192645853197
2030,sc01,01-23 16:00:00+01:00,123_STEAM_2,0.0
2030,sc01,01-23 16:00:00+01:00,107_CC_1,0.0
2030,sc01,01-23 16:00:00+01:00,113_CT_4,0.0
2030,sc01,01-23 16:00:00+01:00,101_CT_1,0.0
2030,sc01,01-23 16:00:00+01:00,118_CC_1,0.0
2030,sc01,01-23 16:00:00+01:00,102_STEAM_4,0.0
2030,sc01,01-23 16:00:00+01:00,123_CT_4,0.0
2030,sc01,01-23 16:00:00+01:00,123_STEAM_3,0.0
2030,sc01,01-23 16:00:00+01:00,121_NUCLEAR_1,0.0
2030,sc01,01-23 16:00:00+01:00,113_CT_3,0.0
2030,sc01,01-23 16:00:00+01:00,101_STEAM_4,0.0
2030,sc01,01-23 16:00:00+01:00,123_CT_1,0.0
2030,sc01,01-23 16:00:00+01:00,113_CT_2,0.0
2030,sc01,01-23 16:00:00+01:00,115_STEAM_1,0.0
2030,sc01,01-23 16:00:00+01:00,102_STEAM_3,0.956255840830293
2030,sc01,01-23 16:00:00+01:00,102_CT_1,0.0
2030,sc01,01-24 08:00:00+01:00,113_CT_1,0.0
2030,sc01,01-24 08:00:00+01:00,123_CT_5,0.0
2030,sc01,01-24 08:00:00+01:00,115_STEAM_3,0.0
2030,sc01,01-24 08:00:00+01:00,101_STEAM_3,0.0
2030,sc01,01-24 08:00:00+01:00,101_CT_2,0.0
2030,sc01,01-24 08:00:00+01:00,115_STEAM_2,0.0
2030,sc01,01-24 08:00:00+01:00,102_CT_2,0.0
2030,sc01,01-24 08:00:00+01:00,116_STEAM_1,0.006180735414680311
2030,sc01,01-24 08:00:00+01:00,123_STEAM_2,0.0
2030,sc01,01-24 08:00:00+01:00,107_CC_1,0.0
2030,sc01,01-24 08:00:00+01:00,113_CT_4,0.0
2030,sc01,01-24 08:00:00+01:00,101_CT_1,0.0
2030,sc01,01-24 08:00:00+01:00,118_CC_1,0.0
2030,sc01,01-24 08:00:00+01:00,102_STEAM_4,0.0
2030,sc01,01-24 08:00:00+01:00,123_CT_4,0.0
2030,sc01,01-24 08:00:00+01:00,123_STEAM_3,0.0
2030,sc01,01-24 08:00:00+01:00,121_NUCLEAR_1,0.0
2030,sc01,01-24 08:00:00+01:00,113_CT_3,0.0
2030,sc01,01-24 08:00:00+01:00,101_STEAM_4,0.0
2030,sc01,01-24 08:00:00+01:00,123_CT_1,0.0
2030,sc01,01-24 08:00:00+01:00,113_CT_2,0.0
2030,sc01,01-24 08:00:00+01:00,115_STEAM_1,0.0
2030,sc01,01-24 08:00:00+01:00,102_STEAM_3,0.04374415916970692
2030,sc01,01-24 08:00:00+01:00,102_CT_1,0.0
2030,sc01,01-24 09:00:00+01:00,113_CT_1,0.0
2030,sc01,01-24 09:00:00+01:00,123_CT_5,0.0
2030,sc01,01-24 09:00:00+01:00,115_STEAM_3,0.0
2030,sc01,01-24 09:00:00+01:00,101_STEAM_3,1.0
2030,sc01,01-24 09:00:00+01:00,101_CT_2,0.0
2030,sc01,01-24 09:00:00+01:00,115_STEAM_2,0.0
2030,sc01,01-24 09:00:00+01:00,102_CT_2,0.0
2030,sc01,01-24 09:00:00+01:00,116_STEAM_1,0.0
2030,sc01,01-24 09:00:00+01:00,123_STEAM_2,0.0
2030,sc01,01-24 09:00:00+01:00,107_CC_1,0.0
2030,sc01,01-24 09:00:00+01:00,113_CT_4,0.0
2030,sc01,01-24 09:00:00+01:00,101_CT_1,0.0
2030,sc01,01-24 09:00:00+01:00,118_CC_1,0.0
2030,sc01,01-24 09:00:00+01:00,102_STEAM_4,0.0
2030,sc01,01-24 09:00:00+01:00,123_CT_4,0.0
2030,sc01,01-24 09:00:00+01:00,123_STEAM_3,0.0
2030,sc01,01-24 09:00:00+01:00,121_NUCLEAR_1,0.0
2030,sc01,01-24 09:00:00+01:00,113_CT_3,0.0
2030,sc01,01-24 09:00:00+01:00,101_STEAM_4,1.0
2030,sc01,01-24 09:00:00+01:00,123_CT_1,0.0
2030,sc01,01-24 09:00:00+01:00,113_CT_2,0.0
2030,sc01,01-24 09:00:00+01:00,115_STEAM_1,0.0
2030,sc01,01-24 09:00:00+01:00,102_STEAM_3,0.0
2030,sc01,01-24 09:00:00+01:00,102_CT_1,0.0
2030,sc01,01-24 10:00:00+01:00,113_CT_1,0.0
2030,sc01,01-24 10:00:00+01:00,123_CT_5,0.0
2030,sc01,01-24 10:00:00+01:00,115_STEAM_3,0.0
2030,sc01,01-24 10:00:00+01:00,101_STEAM_3,0.0
2030,sc01,01-24 10:00:00+01:00,101_CT_2,0.0
2030,sc01,01-24 10:00:00+01:00,115_STEAM_2,0.0
2030,sc01,01-24 10:00:00+01:00,102_CT_2,0.0
2030,sc01,01-24 10:00:00+01:00,116_STEAM_1,0.0
2030,sc01,01-24 10:00:00+01:00,123_STEAM_2,0.0
2030,sc01,01-24 10:00:00+01:00,107_CC_1,0.0
2030,sc01,01-24 10:00:00+01:00,113_CT_4,0.0
2030,sc01,01-24 10:00:00+01:00,101_CT_1,0.0
2030,sc01,01-24 10:00:00+01:00,118_CC_1,0.0
2030,sc01,01-24 10:00:00+01:00,102_STEAM_4,0.9383557265725833
2030,sc01,01-24 10:00:00+01:00,123_CT_4,0.0
2030,sc01,01-24 10:00:00+01:00,123_STEAM_3,0.0
2030,sc01,01-24 10:00:00+01:00,121_NUCLEAR_1,0.0
2030,sc01,01-24 10:00:00+01:00,113_CT_3,0.0
2030,sc01,01-24 10:00:00+01:00,101_STEAM_4,0.0678177046206574
2030,sc01,01-24 10:00:00+01:00,123_CT_1,0.0
2030,sc01,01-24 10:00:00+01:00,113_CT_2,0.0
2030,sc01,01-24 10:00:00+01:00,115_STEAM_1,0.0
2030,sc01,01-24 10:00:00+01:00,102_STEAM_3,1.0
2030,sc01,01-24 10:00:00+01:00,102_CT_1,0.0
2030,sc01,01-24 11:00:00+01:00,113_CT_1,0.0
2030,sc01,01-24 11:00:00+01:00,123_CT_5,0.0
2030,sc01,01-24 11:00:00+01:00,115_STEAM_3,0.0
2030,sc01,01-24 11:00:00+01:00,101_STEAM_3,0.0
2030,sc01,01-24 11:00:00+01:00,101_CT_2,0.0
2030,sc01,01-24 11:00:00+01:00,115_STEAM_2,0.0
2030,sc01,01-24 11:00:00+01:00,102_CT_2,0.0
2030,sc01,01-24 11:00:00+01:00,116_STEAM_1,0.0
2030,sc01,01-24 11:00:00+01:00,123_STEAM_2,0.0
2030,sc01,01-24 11:00:00+01:00,107_CC_1,0.0
2030,sc01,01-24 11:00:00+01:00,113_CT_4,0.0
2030,sc01,01-24 11:00:00+01:00,101_CT_1,0.0
2030,sc01,01-24 11:00:00+01:00,118_CC_1,0.0
2030,sc01,01-24 11:00:00+01:00,102_STEAM_4,0.061644273427416706
2030,sc01,01-24 11:00:00+01:00,123_CT_4,0.0
2030,sc01,01-24 11:00:00+01:00,123_STEAM_3,0.0
2030,sc01,01-24 11:00:00+01:00,121_NUCLEAR_1,0.0
2030,sc01,01-24 11:00:00+01:00,113_CT_3,0.0
2030,sc01,01-24 11:00:00+01:00,101_STEAM_4,0.0
2030,sc01,01-24 11:00:00+01:00,123_CT_1,0.0
2030,sc01,01-24 11:00:00+01:00,113_CT_2,0.0
2030,sc01,01-24 11:00:00+01:00,115_STEAM_1,0.0
2030,sc01,01-24 11:00:00+01:00,102_STEAM_3,0.0
2030,sc01,01-24 11:00:00+01:00,102_CT_1,0.0
2030,sc01,01-24 15:00:00+01:00,113_CT_1,0.0
2030,sc01,01-24 15:00:00+01:00,123_CT_5,0.0
2030,sc01,01-24 15:00:00+01:00,115_STEAM_3,0.0
2030,sc01,01-24 15:00:00+01:00,101_STEAM_3,0.0
2030,sc01,01-24 15:00:00+01:00,101_CT_2,0.0
2030,sc01,01-24 15:00:00+01:00,115_STEAM_2,0.0
2030,sc01,01-24 15:00:00+01:00,102_CT_2,0.0
2030,sc01,01-24 15:00:00+01:00,116_STEAM_1,0.0
2030,sc01,01-24 15:00:00+01:00,123_STEAM_2,0.0
2030,sc01,01-24 15:00:00+01:00,107_CC_1,0.0
2030,sc01,01-24 15:00:00+01:00,113_CT_4,0.0
2030,sc01,01-24 15:00:00+01:00,101_CT_1,0.0
2030,sc01,01-24 15:00:00+01:00,118_CC_1,0.0
2030,sc01,01-24 15:00:00+01:00,102_STEAM_4,0.0
2030,sc01,01-24 15:00:00+01:00,123_CT_4,0.0
2030,sc01,01-24 15:00:00+01:00,123_STEAM_3,0.0
2030,sc01,01-24 15:00:00+01:00,121_NUCLEAR_1,0.0
2030,sc01,01-24 15:00:00+01:00,113_CT_3,0.0
2030,sc01,01-24 15:00:00+01:00,101_STEAM_4,0.0
2030,sc01,01-24 15:00:00+01:00,123_CT_1,0.0
2030,sc01,01-24 15:00:00+01:00,113_CT_2,0.0
2030,sc01,01-24 15:00:00+01:00,115_STEAM_1,0.0
2030,sc01,01-24 15:00:00+01:00,102_STEAM_3,0.0
2030,sc01,01-24 15:00:00+01:00,102_CT_1,0.0
2030,sc01,01-24 16:00:00+01:00,113_CT_1,0.0
2030,sc01,01-24 16:00:00+01:00,123_CT_5,0.0
2030,sc01,01-24 16:00:00+01:00,115_STEAM_3,0.0
2030,sc01,01-24 16:00:00+01:00,101_STEAM_3,0.0
2030,sc01,01-24 16:00:00+01:00,101_CT_2,0.0
2030,sc01,01-24 16:00:00+01:00,115_STEAM_2,0.0
2030,sc01,01-24 16:00:00+01:00,102_CT_2,0.0
2030,sc01,01-24 16:00:00+01:00,116_STEAM_1,0.0
2030,sc01,01-24 16:00:00+01:00,123_STEAM_2,0.0
2030,sc01,01-24 16:00:00+01:00,107_CC_1,0.0
2030,sc01,01-24 16:00:00+01:00,113_CT_4,0.0
2030,sc01,01-24 16:00:00+01:00,101_CT_1,0.0
2030,sc01,01-24 16:00:00+01:00,118_CC_1,0.0
2030,sc01,01-24 16:00:00+01:00,102_STEAM_4,0.0
2030,sc01,01-24 16:00:00+01:00,123_CT_4,0.0
2030,sc01,01-24 16:00:00+01:00,123_STEAM_3,0.0
2030,sc01,01-24 16:00:00+01:00,121_NUCLEAR_1,0.0
2030,sc01,01-24 16:00:00+01:00,113_CT_3,0.0
2030,sc01,01-24 16:00:00+01:00,101_STEAM_4,0.0
2030,sc01,01-24 16:00:00+01:00,123_CT_1,0.0
2030,sc01,01-24 16:00:00+01:00,113_CT_2,0.0
2030,sc01,01-24 16:00:00+01:00,115_STEAM_1,0.0
2030,sc01,01-24 16:00:00+01:00,102_STEAM_3,0.0
2030,sc01,01-24 16:00:00+01:00,102_CT_1,0.0
2030,sc01,01-24 17:00:00+01:00,113_CT_1,0.0
2030,sc01,01-24 17:00:00+01:00,123_CT_5,0.0
2030,sc01,01-24 17:00:00+01:00,115_STEAM_3,0.0
2030,sc01,01-24 17:00:00+01:00,101_STEAM_3,0.0
2030,sc01,01-24 17:00:00+01:00,101_CT_2,0.0
2030,sc01,01-24 17:00:00+01:00,115_STEAM_2,0.0
2030,sc01,01-24 17:00:00+01:00,102_CT_2,0.0
2030,sc01,01-24 17:00:00+01:00,116_STEAM_1,0.0
2030,sc01,01-24 17:00:00+01:00,123_STEAM_2,0.0
2030,sc01,01-24 17:00:00+01:00,107_CC_1,0.0
2030,sc01,01-24 17:00:00+01:00,113_CT_4,0.0
2030,sc01,01-24 17:00:00+01:00,101_CT_1,0.0
2030,sc01,01-24 17:00:00+01:00,118_CC_1,0.0
2030,sc01,01-24 17:00:00+01:00,102_STEAM_4,0.0
2030,sc01,01-24 17:00:00+01:00,123_CT_4,0.0
2030,sc01,01-24 17:00:00+01:00,123_STEAM_3,0.0
2030,sc01,01-24 17:00:00+01:00,121_NUCLEAR_1,0.0
2030,sc01,01-24 17:00:00+01:00,113_CT_3,0.0
2030,sc01,01-24 17:00:00+01:00,101_STEAM_4,0.0
2030,sc01,01-24 17:00:00+01:00,123_CT_1,0.0
2030,sc01,01-24 17:00:00+01:00,113_CT_2,0.0
2030,sc01,01-24 17:00:00+01:00,115_STEAM_1,0.0
2030,sc01,01-24 17:00:00+01:00,102_STEAM_3,0.9156277377960648
2030,sc01,01-24 17:00:00+01:00,102_CT_1,0.0
2030,sc01,01-24 18:00:00+01:00,113_CT_1,0.0
2030,sc01,01-24 18:00:00+01:00,123_CT_5,0.0
2030,sc01,01-24 18:00:00+01:00,115_STEAM_3,0.008569240923863242
2030,sc01,01-24 18:00:00+01:00,101_STEAM_3,1.0
2030,sc01,01-24 18:00:00+01:00,101_CT_2,0.0
2030,sc01,01-24 18:00:00+01:00,115_STEAM_2,0.0
2030,sc01,01-24 18:00:00+01:00,102_CT_2,0.0
2030,sc01,01-24 18:00:00+01:00,116_STEAM_1,1.0
2030,sc01,01-24 18:00:00+01:00,123_STEAM_2,1.0
2030,sc01,01-24 18:00:00+01:00,107_CC_1,0.0
2030,sc01,01-24 18:00:00+01:00,113_CT_4,0.0
2030,sc01,01-24 18:00:00+01:00,101_CT_1,0.0
2030,sc01,01-24 18:00:00+01:00,118_CC_1,0.0
2030,sc01,01-24 18:00:00+01:00,102_STEAM_4,1.0
2030,sc01,01-24 18:00:00+01:00,123_CT_4,0.0
2030,sc01,01-24 18:00:00+01:00,123_STEAM_3,1.0
2030,sc01,01-24 18:00:00+01:00,121_NUCLEAR_1,0.0
2030,sc01,01-24 18:00:00+01:00,113_CT_3,0.0
2030,sc01,01-24 18:00:00+01:00,101_STEAM_4,1.0
2030,sc01,01-24 18:00:00+01:00,123_CT_1,0.0
2030,sc01,01-24 18:00:00+01:00,113_CT_2,0.0
2030,sc01,01-24 18:00:00+01:00,115_STEAM_1,0.0
2030,sc01,01-24 18:00:00+01:00,102_STEAM_3,1.0
2030,sc01,01-24 18:00:00+01:00,102_CT_1,0.0
2030,sc01,01-24 20:00:00+01:00,113_CT_1,0.0
2030,sc01,01-24 20:00:00+01:00,123_CT_5,0.0
2030,sc01,01-24 20:00:00+01:00,115_STEAM_3,0.9914307590761368
2030,sc01,01-24 20:00:00+01:00,101_STEAM_3,0.0
2030,sc01,01-24 20:00:00+01:00,101_CT_2,0.0
2030,sc01,01-24 20:00:00+01:00,115_STEAM_2,0.0
2030,sc01,01-24 20:00:00+01:00,102_CT_2,0.0
2030,sc01,01-24 20:00:00+01:00,116_STEAM_1,0.0
2030,sc01,01-24 20:00:00+01:00,123_STEAM_2,0.0
2030,sc01,01-24 20:00:00+01:00,107_CC_1,0.0
2030,sc01,01-24 20:00:00+01:00,113_CT_4,0.0
2030,sc01,01-24 20:00:00+01:00,101_CT_1,0.0
2030,sc01,01-24 20:00:00+01:00,118_CC_1,0.8394040469128284
2030,sc01,01-24 20:00:00+01:00,102_STEAM_4,0.0
2030,sc01,01-24 20:00:00+01:00,123_CT_4,0.0
2030,sc01,01-24 20:00:00+01:00,123_STEAM_3,0.0
2030,sc01,01-24 20:00:00+01:00,121_NUCLEAR_1,0.0
2030,sc01,01-24 20:00:00+01:00,113_CT_3,0.0
2030,sc01,01-24 20:00:00+01:00,101_STEAM_4,0.0
2030,sc01,01-24 20:00:00+01:00,123_CT_1,0.0
2030,sc01,01-24 20:00:00+01:00,113_CT_2,0.0
2030,sc01,01-24 20:00:00+01:00,115_STEAM_1,0.0
2030,sc01,01-24 20:00:00+01:00,102_STEAM_3,0.0
2030,sc01,01-24 20:00:00+01:00,102_CT_1,0.0
2030,sc01,01-25 07:00:00+01:00,113_CT_1,0.0
2030,sc01,01-25 07:00:00+01:00,123_CT_5,0.0
2030,sc01,01-25 07:00:00+01:00,115_STEAM_3,0.0
2030,sc01,01-25 07:00:00+01:00,101_STEAM_3,0.0
2030,sc01,01-25 07:00:00+01:00,101_CT_2,0.0
2030,sc01,01-25 07:00:00+01:00,115_STEAM_2,0.0
2030,sc01,01-25 07:00:00+01:00,102_CT_2,0.0
2030,sc01,01-25 07:00:00+01:00,116_STEAM_1,0.0
2030,sc01,01-25 07:00:00+01:00,123_STEAM_2,0.0
2030,sc01,01-25 07:00:00+01:00,107_CC_1,0.0
2030,sc01,01-25 07:00:00+01:00,113_CT_4,0.0
2030,sc01,01-25 07:00:00+01:00,101_CT_1,0.0
2030,sc01,01-25 07:00:00+01:00,118_CC_1,0.1605959530871716
2030,sc01,01-25 07:00:00+01:00,102_STEAM_4,0.0
2030,sc01,01-25 07:00:00+01:00,123_CT_4,0.0
2030,sc01,01-25 07:00:00+01:00,123_STEAM_3,0.0
2030,sc01,01-25 07:00:00+01:00,121_NUCLEAR_1,0.0
2030,sc01,01-25 07:00:00+01:00,113_CT_3,0.0
2030,sc01,01-25 07:00:00+01:00,101_STEAM_4,0.0
2030,sc01,01-25 07:00:00+01:00,123_CT_1,0.0
2030,sc01,01-25 07:00:00+01:00,113_CT_2,0.0
2030,sc01,01-25 07:00:00+01:00,115_STEAM_1,0.0
2030,sc01,01-25 07:00:00+01:00,102_STEAM_3,0.0
2030,sc01,01-25 07:00:00+01:00,102_CT_1,0.0
2030,sc01,01-25 08:00:00+01:00,113_CT_1,0.0
2030,sc01,01-25 08:00:00+01:00,123_CT_5,0.0
2030,sc01,01-25 08:00:00+01:00,115_STEAM_3,0.0
2030,sc01,01-25 08:00:00+01:00,101_STEAM_3,0.0
2030,sc01,01-25 08:00:00+01:00,101_CT_2,0.0
2030,sc01,01-25 08:00:00+01:00,115_STEAM_2,0.0
2030,sc01,01-25 08:00:00+01:00,102_CT_2,0.0
2030,sc01,01-25 08:00:00+01:00,116_STEAM_1,0.0
2030,sc01,01-25 08:00:00+01:00,123_STEAM_2,0.0
2030,sc01,01-25 08:00:00+01:00,107_CC_1,0.0
2030,sc01,01-25 08:00:00+01:00,113_CT_4,0.0
2030,sc01,01-25 08:00:00+01:00,101_CT_1,0.0
2030,sc01,01-25 08:00:00+01:00,118_CC_1,0.0
2030,sc01,01-25 08:00:00+01:00,102_STEAM_4,0.0
2030,sc01,01-25 08:00:00+01:00,123_CT_4,0.0
2030,sc01,01-25 08:00:00+01:00,123_STEAM_3,0.0
2030,sc01,01-25 08:00:00+01:00,121_NUCLEAR_1,0.0
2030,sc01,01-25 08:00:00+01:00,113_CT_3,0.0
2030,sc01,01-25 08:00:00+01:00,101_STEAM_4,0.0
2030,sc01,01-25 08:00:00+01:00,123_CT_1,0.0
2030,sc01,01-25 08:00:00+01:00,113_CT_2,0.0
2030,sc01,01-25 08:00:00+01:00,115_STEAM_1,0.0
2030,sc01,01-25 08:00:00+01:00,102_STEAM_3,0.0
2030,sc01,01-25 08:00:00+01:00,102_CT_1,0.0
2030,sc01,01-25 09:00:00+01:00,113_CT_1,0.0
2030,sc01,01-25 09:00:00+01:00,123_CT_5,0.0
2030,sc01,01-25 09:00:00+01:00,115_STEAM_3,0.0
2030,sc01,01-25 09:00:00+01:00,101_STEAM_3,1.0
2030,sc01,01-25 09:00:00+01:00,101_CT_2,0.0
2030,sc01,01-25 09:00:00+01:00,115_STEAM_2,0.0
2030,sc01,01-25 09:00:00+01:00,102_CT_2,0.0
2030,sc01,01-25 09:00:00+01:00,116_STEAM_1,0.0
2030,sc01,01-25 09:00:00+01:00,123_STEAM_2,0.0
2030,sc01,01-25 09:00:00+01:00,107_CC_1,0.0
2030,sc01,01-25 09:00:00+01:00,113_CT_4,0.0
2030,sc01,01-25 09:00:00+01:00,101_CT_1,0.0
2030,sc01,01-25 09:00:00+01:00,118_CC_1,0.0
2030,sc01,01-25 09:00:00+01:00,102_STEAM_4,0.0
2030,sc01,01-25 09:00:00+01:00,123_CT_4,0.0
2030,sc01,01-25 09:00:00+01:00,123_STEAM_3,0.0
2030,sc01,01-25 09:00:00+01:00,121_NUCLEAR_1,0.0
2030,sc01,01-25 09:00:00+01:00,113_CT_3,0.0
2030,sc01,01-25 09:00:00+01:00,101_STEAM_4,0.9518909261960246
2030,sc01,01-25 09:00:00+01:00,123_CT_1,0.0
2030,sc01,01-25 09:00:00+01:00,113_CT_2,0.0
2030,sc01,01-25 09:00:00+01:00,115_STEAM_1,0.0
2030,sc01,01-25 09:00:00+01:00,102_STEAM_3,0.0
2030,sc01,01-25 09:00:00+01:00,102_CT_1,0.0
2030,sc01,01-25 10:00:00+01:00,113_CT_1,0.0
2030,sc01,01-25 10:00:00+01:00,123_CT_5,0.0
2030,sc01,01-25 10:00:00+01:00,115_STEAM_3,0.0
2030,sc01,01-25 10:00:00+01:00,101_STEAM_3,0.0
2030,sc01,01-25 10:00:00+01:00,101_CT_2,0.0
2030,sc01,01-25 10:00:00+01:00,115_STEAM_2,0.0
2030,sc01,01-25 10:00:00+01:00,102_CT_2,0.0
2030,sc01,01-25 10:00:00+01:00,116_STEAM_1,0.0
2030,sc01,01-25 10:00:00+01:00,123_STEAM_2,0.0
2030,sc01,01-25 10:00:00+01:00,107_CC_1,0.0
2030,sc01,01-25 10:00:00+01:00,113_CT_4,0.0
2030,sc01,01-25 10:00:00+01:00,101_CT_1,0.0
2030,sc01,01-25 10:00:00+01:00,118_CC_1,0.0
2030,sc01,01-25 10:00:00+01:00,102_STEAM_4,1.0
2030,sc01,01-25 10:00:00+01:00,123_CT_4,0.0
2030,sc01,01-25 10:00:00+01:00,123_STEAM_3,0.0
2030,sc01,01-25 10:00:00+01:00,121_NUCLEAR_1,0.0
2030,sc01,01-25 10:00:00+01:00,113_CT_3,0.0
2030,sc01,01-25 10:00:00+01:00,101_STEAM_4,0.0481090738039754
2030,sc01,01-25 10:00:00+01:00,123_CT_1,0.0
2030,sc01,01-25 10:00:00+01:00,113_CT_2,0.0
2030,sc01,01-25 10:00:00+01:00,115_STEAM_1,0.0
2030,sc01,01-25 10:00:00+01:00,102_STEAM_3,0.9101122107482323
2030,sc01,01-25 10:00:00+01:00,102_CT_1,0.0
2030,sc01,01-25 17:00:00+01:00,113_CT_1,0.0
2030,sc01,01-25 17:00:00+01:00,123_CT_5,0.0
2030,sc01,01-25 17:00:00+01:00,115_STEAM_3,0.0
2030,sc01,01-25 17:00:00+01:00,101_STEAM_3,0.0
2030,sc01,01-25 17:00:00+01:00,101_CT_2,0.0
2030,sc01,01-25 17:00:00+01:00,115_STEAM_2,0.0
2030,sc01,01-25 17:00:00+01:00,102_CT_2,0.0
2030,sc01,01-25 17:00:00+01:00,116_STEAM_1,1.0
2030,sc01,01-25 17:00:00+01:00,123_STEAM_2,0.0
2030,sc01,01-25 17:00:00+01:00,107_CC_1,0.0
2030,sc01,01-25 17:00:00+01:00,113_CT_4,0.0
2030,sc01,01-25 17:00:00+01:00,101_CT_1,0.0
2030,sc01,01-25 17:00:00+01:00,118_CC_1,1.0
2030,sc01,01-25 17:00:00+01:00,102_STEAM_4,0.0
2030,sc01,01-25 17:00:00+01:00,123_CT_4,0.0
2030,sc01,01-25 17:00:00+01:00,123_STEAM_3,1.0
2030,sc01,01-25 17:00:00+01:00,121_NUCLEAR_1,0.10896330637955143
2030,sc01,01-25 17:00:00+01:00,113_CT_3,0.0
2030,sc01,01-25 17:00:00+01:00,101_STEAM_4,0.0
2030,sc01,01-25 17:00:00+01:00,123_CT_1,0.0
2030,sc01,01-25 17:00:00+01:00,113_CT_2,0.0
2030,sc01,01-25 17:00:00+01:00,115_STEAM_1,0.0
2030,sc01,01-25 17:00:00+01:00,102_STEAM_3,0.08988778925176769
2030,sc01,01-25 17:00:00+01:00,102_CT_1,0.0
2030,sc01,01-25 18:00:00+01:00,113_CT_1,0.0
2030,sc01,01-25 18:00:00+01:00,123_CT_5,0.0
2030,sc01,01-25 18:00:00+01:00,115_STEAM_3,0.0
2030,sc01,01-25 18:00:00+01:00,101_STEAM_3,1.0
2030,sc01,01-25 18:00:00+01:00,101_CT_2,0.0
2030,sc01,01-25 18:00:00+01:00,115_STEAM_2,0.0
2030,sc01,01-25 18:00:00+01:00,102_CT_2,0.0
2030,sc01,01-25 18:00:00+01:00,116_STEAM_1,0.0
2030,sc01,01-25 18:00:00+01:00,123_STEAM_2,1.0
2030,sc01,01-25 18:00:00+01:00,107_CC_1,0.9879846891008778
2030,sc01,01-25 18:00:00+01:00,113_CT_4,0.0
2030,sc01,01-25 18:00:00+01:00,101_CT_1,0.0
2030,sc01,01-25 18:00:00+01:00,118_CC_1,0.0
2030,sc01,01-25 18:00:00+01:00,102_STEAM_4,1.0
2030,sc01,01-25 18:00:00+01:00,123_CT_4,0.0
2030,sc01,01-25 18:00:00+01:00,123_STEAM_3,0.9328390413969596
2030,sc01,01-25 18:00:00+01:00,121_NUCLEAR_1,0.8910366936204486
2030,sc01,01-25 18:00:00+01:00,113_CT_3,0.0
2030,sc01,01-25 18:00:00+01:00,101_STEAM_4,1.0
2030,sc01,01-25 18:00:00+01:00,123_CT_1,0.0
2030,sc01,01-25 18:00:00+01:00,113_CT_2,0.0
2030,sc01,01-25 18:00:00+01:00,115_STEAM_1,0.0
2030,sc01,01-25 18:00:00+01:00,102_STEAM_3,1.0
2030,sc01,01-25 18:00:00+01:00,102_CT_1,0.0
2030,sc01,01-28 08:00:00+01:00,113_CT_1,0.0
2030,sc01,01-28 08:00:00+01:00,123_CT_5,0.0
2030,sc01,01-28 08:00:00+01:00,115_STEAM_3,0.0
2030,sc01,01-28 08:00:00+01:00,101_STEAM_3,0.0
2030,sc01,01-28 08:00:00+01:00,101_CT_2,0.0
2030,sc01,01-28 08:00:00+01:00,115_STEAM_2,0.0
2030,sc01,01-28 08:00:00+01:00,102_CT_2,0.0
2030,sc01,01-28 08:00:00+01:00,116_STEAM_1,0.0
2030,sc01,01-28 08:00:00+01:00,123_STEAM_2,0.0
2030,sc01,01-28 08:00:00+01:00,107_CC_1,0.012015310899122169
2030,sc01,01-28 08:00:00+01:00,113_CT_4,0.0
2030,sc01,01-28 08:00:00+01:00,101_CT_1,0.0
2030,sc01,01-28 08:00:00+01:00,118_CC_1,0.0
2030,sc01,01-28 08:00:00+01:00,102_STEAM_4,0.0
2030,sc01,01-28 08:00:00+01:00,123_CT_4,0.0
2030,sc01,01-28 08:00:00+01:00,123_STEAM_3,0.0
2030,sc01,01-28 08:00:00+01:00,121_NUCLEAR_1,0.0
2030,sc01,01-28 08:00:00+01:00,113_CT_3,0.0
2030,sc01,01-28 08:00:00+01:00,101_STEAM_4,0.0
2030,sc01,01-28 08:00:00+01:00,123_CT_1,0.0
2030,sc01,01-28 08:00:00+01:00,113_CT_2,0.0
2030,sc01,01-28 08:00:00+01:00,115_STEAM_1,0.0
2030,sc01,01-28 08:00:00+01:00,102_STEAM_3,0.0
2030,sc01,01-28 08:00:00+01:00,102_CT_1,0.0
2030,sc01,01-28 09:00:00+01:00,113_CT_1,0.0
2030,sc01,01-28 09:00:00+01:00,123_CT_5,0.0
2030,sc01,01-28 09:00:00+01:00,115_STEAM_3,0.0
2030,sc01,01-28 09:00:00+01:00,101_STEAM_3,0.0
2030,sc01,01-28 09:00:00+01:00,101_CT_2,0.0
2030,sc01,01-28 09:00:00+01:00,115_STEAM_2,0.0
2030,sc01,01-28 09:00:00+01:00,102_CT_2,0.0
2030,sc01,01-28 09:00:00+01:00,116_STEAM_1,0.0
2030,sc01,01-28 09:00:00+01:00,123_STEAM_2,0.0
2030,sc01,01-28 09:00:00+01:00,107_CC_1,0.0
2030,sc01,01-28 09:00:00+01:00,113_CT_4,0.0
2030,sc01,01-28 09:00:00+01:00,101_CT_1,0.0
2030,sc01,01-28 09:00:00+01:00,118_CC_1,0.0
2030,sc01,01-28 09:00:00+01:00,102_STEAM_4,0.0
2030,sc01,01-28 09:00:00+01:00,123_CT_4,0.0
2030,sc01,01-28 09:00:00+01:00,123_STEAM_3,0.0
2030,sc01,01-28 09:00:00+01:00,121_NUCLEAR_1,0.0
2030,sc01,01-28 09:00:00+01:00,113_CT_3,0.0
2030,sc01,01-28 09:00:00+01:00,101_STEAM_4,0.0
2030,sc01,01-28 09:00:00+01:00,123_CT_1,0.0
2030,sc01,01-28 09:00:00+01:00,113_CT_2,0.0
2030,sc01,01-28 09:00:00+01:00,115_STEAM_1,0.0
2030,sc01,01-28 09:00:00+01:00,102_STEAM_3,0.0
2030,sc01,01-28 09:00:00+01:00,102_CT_1,0.0
2030,sc01,01-28 17:00:00+01:00,113_CT_1,0.0
2030,sc01,01-28 17:00:00+01:00,123_CT_5,0.0
2030,sc01,01-28 17:00:00+01:00,115_STEAM_3,0.0
2030,sc01,01-28 17:00:00+01:00,101_STEAM_3,0.0
2030,sc01,01-28 17:00:00+01:00,101_CT_2,0.0
2030,sc01,01-28 17:00:00+01:00,115_STEAM_2,0.0
2030,sc01,01-28 17:00:00+01:00,102_CT_2,0.0
2030,sc01,01-28 17:00:00+01:00,116_STEAM_1,0.0
2030,sc01,01-28 17:00:00+01:00,123_STEAM_2,0.0
2030,sc01,01-28 17:00:00+01:00,107_CC_1,0.0
2030,sc01,01-28 17:00:00+01:00,113_CT_4,0.0
2030,sc01,01-28 17:00:00+01:00,101_CT_1,0.0
2030,sc01,01-28 17:00:00+01:00,118_CC_1,0.4895181435754161
2030,sc01,01-28 17:00:00+01:00,102_STEAM_4,0.0
2030,sc01,01-28 17:00:00+01:00,123_CT_4,0.0
2030,sc01,01-28 17:00:00+01:00,123_STEAM_3,0.8795415573412194
2030,sc01,01-28 17:00:00+01:00,121_NUCLEAR_1,0.0
2030,sc01,01-28 17:00:00+01:00,113_CT_3,0.0
2030,sc01,01-28 17:00:00+01:00,101_STEAM_4,0.0
2030,sc01,01-28 17:00:00+01:00,123_CT_1,0.0
2030,sc01,01-28 17:00:00+01:00,113_CT_2,0.0
2030,sc01,01-28 17:00:00+01:00,115_STEAM_1,0.0
2030,sc01,01-28 17:00:00+01:00,102_STEAM_3,0.0
2030,sc01,01-28 17:00:00+01:00,102_CT_1,0.0
2030,sc01,01-28 18:00:00+01:00,113_CT_1,0.0
2030,sc01,01-28 18:00:00+01:00,123_CT_5,0.0
2030,sc01,01-28 18:00:00+01:00,115_STEAM_3,1.0
2030,sc01,01-28 18:00:00+01:00,101_STEAM_3,1.0
2030,sc01,01-28 18:00:00+01:00,101_CT_2,0.0
2030,sc01,01-28 18:00:00+01:00,115_STEAM_2,0.0
2030,sc01,01-28 18:00:00+01:00,102_CT_2,0.0
2030,sc01,01-28 18:00:00+01:00,116_STEAM_1,0.0
2030,sc01,01-28 18:00:00+01:00,123_STEAM_2,1.0
2030,sc01,01-28 18:00:00+01:00,107_CC_1,0.03283696047228313
2030,sc01,01-28 18:00:00+01:00,113_CT_4,0.0
2030,sc01,01-28 18:00:00+01:00,101_CT_1,0.0
2030,sc01,01-28 18:00:00+01:00,118_CC_1,0.5104818564245839
2030,sc01,01-28 18:00:00+01:00,102_STEAM_4,1.0
2030,sc01,01-28 18:00:00+01:00,123_CT_4,0.0
2030,sc01,01-28 18:00:00+01:00,123_STEAM_3,0.0
2030,sc01,01-28 18:00:00+01:00,121_NUCLEAR_1,0.9641617915517691
2030,sc01,01-28 18:00:00+01:00,113_CT_3,0.0
2030,sc01,01-28 18:00:00+01:00,101_STEAM_4,1.0
2030,sc01,01-28 18:00:00+01:00,123_CT_1,0.0
2030,sc01,01-28 18:00:00+01:00,113_CT_2,0.0
2030,sc01,01-28 18:00:00+01:00,115_STEAM_1,0.0
2030,sc01,01-28 18:00:00+01:00,102_STEAM_3,1.0
2030,sc01,01-28 18:00:00+01:00,102_CT_1,0.0
2030,sc01,01-28 20:00:00+01:00,113_CT_1,0.0
2030,sc01,01-28 20:00:00+01:00,123_CT_5,0.0
2030,sc01,01-28 20:00:00+01:00,115_STEAM_3,0.0
2030,sc01,01-28 20:00:00+01:00,101_STEAM_3,0.0
2030,sc01,01-28 20:00:00+01:00,101_CT_2,0.0
2030,sc01,01-28 20:00:00+01:00,115_STEAM_2,0.0
2030,sc01,01-28 20:00:00+01:00,102_CT_2,0.0
2030,sc01,01-28 20:00:00+01:00,116_STEAM_1,0.0
2030,sc01,01-28 20:00:00+01:00,123_STEAM_2,0.0
2030,sc01,01-28 20:00:00+01:00,107_CC_1,0.9671630395277169
2030,sc01,01-28 20:00:00+01:00,113_CT_4,0.0
2030,sc01,01-28 20:00:00+01:00,101_CT_1,0.0
2030,sc01,01-28 20:00:00+01:00,118_CC_1,0.0
2030,sc01,01-28 20:00:00+01:00,102_STEAM_4,0.0
2030,sc01,01-28 20:00:00+01:00,123_CT_4,0.0
2030,sc01,01-28 20:00:00+01:00,123_STEAM_3,0.0
2030,sc01,01-28 20:00:00+01:00,121_NUCLEAR_1,0.8914235153103613
2030,sc01,01-28 20:00:00+01:00,113_CT_3,0.0
2030,sc01,01-28 20:00:00+01:00,101_STEAM_4,0.0
2030,sc01,01-28 20:00:00+01:00,123_CT_1,0.0
2030,sc01,01-28 20:00:00+01:00,113_CT_2,0.0
2030,sc01,01-28 20:00:00+01:00,115_STEAM_1,0.0
2030,sc01,01-28 20:00:00+01:00,102_STEAM_3,0.0
2030,sc01,01-28 20:00:00+01:00,102_CT_1,0.0
2030,sc01,01-29 08:00:00+01:00,113_CT_1,0.0
2030,sc01,01-29 08:00:00+01:00,123_CT_5,0.0
2030,sc01,01-29 08:00:00+01:00,115_STEAM_3,0.0
2030,sc01,01-29 08:00:00+01:00,101_STEAM_3,0.0
2030,sc01,01-29 08:00:00+01:00,101_CT_2,0.0
2030,sc01,01-29 08:00:00+01:00,115_STEAM_2,0.0
2030,sc01,01-29 08:00:00+01:00,102_CT_2,0.0
2030,sc01,01-29 08:00:00+01:00,116_STEAM_1,0.0
2030,sc01,01-29 08:00:00+01:00,123_STEAM_2,0.0
2030,sc01,01-29 08:00:00+01:00,107_CC_1,0.0
2030,sc01,01-29 08:00:00+01:00,113_CT_4,0.0
2030,sc01,01-29 08:00:00+01:00,101_CT_1,0.0
2030,sc01,01-29 08:00:00+01:00,118_CC_1,0.0
2030,sc01,01-29 08:00:00+01:00,102_STEAM_4,0.0
2030,sc01,01-29 08:00:00+01:00,123_CT_4,0.0
2030,sc01,01-29 08:00:00+01:00,123_STEAM_3,0.0
2030,sc01,01-29 08:00:00+01:00,121_NUCLEAR_1,0.14441469313786956
2030,sc01,01-29 08:00:00+01:00,113_CT_3,0.0
2030,sc01,01-29 08:00:00+01:00,101_STEAM_4,0.0
2030,sc01,01-29 08:00:00+01:00,123_CT_1,0.0
2030,sc01,01-29 08:00:00+01:00,113_CT_2,0.0
2030,sc01,01-29 08:00:00+01:00,115_STEAM_1,0.0
2030,sc01,01-29 08:00:00+01:00,102_STEAM_3,0.0
2030,sc01,01-29 08:00:00+01:00,102_CT_1,0.0
2030,sc01,01-29 17:00:00+01:00,113_CT_1,0.0
2030,sc01,01-29 17:00:00+01:00,123_CT_5,0.0
2030,sc01,01-29 17:00:00+01:00,115_STEAM_3,0.0
2030,sc01,01-29 17:00:00+01:00,101_STEAM_3,0.0
2030,sc01,01-29 17:00:00+01:00,101_CT_2,0.0
2030,sc01,01-29 17:00:00+01:00,115_STEAM_2,0.0
2030,sc01,01-29 17:00:00+01:00,102_CT_2,0.0
2030,sc01,01-29 17:00:00+01:00,116_STEAM_1,1.0
2030,sc01,01-29 17:00:00+01:00,123_STEAM_2,0.0
2030,sc01,01-29 17:00:00+01:00,107_CC_1,0.0
2030,sc01,01-29 17:00:00+01:00,113_CT_4,0.0
2030,sc01,01-29 17:00:00+01:00,101_CT_1,0.0
2030,sc01,01-29 17:00:00+01:00,118_CC_1,0.0
2030,sc01,01-29 17:00:00+01:00,102_STEAM_4,0.34824371641517105
2030,sc01,01-29 17:00:00+01:00,123_CT_4,0.0
2030,sc01,01-29 17:00:00+01:00,123_STEAM_3,0.0
2030,sc01,01-29 17:00:00+01:00,121_NUCLEAR_1,0.0
2030,sc01,01-29 17:00:00+01:00,113_CT_3,0.0
2030,sc01,01-29 17:00:00+01:00,101_STEAM_4,0.0
2030,sc01,01-29 17:00:00+01:00,123_CT_1,0.0
2030,sc01,01-29 17:00:00+01:00,113_CT_2,0.0
2030,sc01,01-29 17:00:00+01:00,115_STEAM_1,0.0
2030,sc01,01-29 17:00:00+01:00,102_STEAM_3,0.0
2030,sc01,01-29 17:00:00+01:00,102_CT_1,0.0
2030,sc01,01-29 18:00:00+01:00,113_CT_1,0.0
2030,sc01,01-29 18:00:00+01:00,123_CT_5,0.0
2030,sc01,01-29 18:00:00+01:00,115_STEAM_3,1.0
2030,sc01,01-29 18:00:00+01:00,101_STEAM_3,1.0
2030,sc01,01-29 18:00:00+01:00,101_CT_2,0.0
2030,sc01,01-29 18:00:00+01:00,115_STEAM_2,0.0
2030,sc01,01-29 18:00:00+01:00,102_CT_2,0.0
2030,sc01,01-29 18:00:00+01:00,116_STEAM_1,0.0
2030,sc01,01-29 18:00:00+01:00,123_STEAM_2,1.0
2030,sc01,01-29 18:00:00+01:00,107_CC_1,0.0
2030,sc01,01-29 18:00:00+01:00,113_CT_4,0.0
2030,sc01,01-29 18:00:00+01:00,101_CT_1,0.0
2030,sc01,01-29 18:00:00+01:00,118_CC_1,1.0
2030,sc01,01-29 18:00:00+01:00,102_STEAM_4,0.651756283584829
2030,sc01,01-29 18:00:00+01:00,123_CT_4,0.0
2030,sc01,01-29 18:00:00+01:00,123_STEAM_3,1.0
2030,sc01,01-29 18:00:00+01:00,121_NUCLEAR_1,0.5355650461179471
2030,sc01,01-29 18:00:00+01:00,113_CT_3,0.0
2030,sc01,01-29 18:00:00+01:00,101_STEAM_4,1.0
2030,sc01,01-29 18:00:00+01:00,123_CT_1,0.0
2030,sc01,01-29 18:00:00+01:00,113_CT_2,0.0
2030,sc01,01-29 18:00:00+01:00,115_STEAM_1,0.0
2030,sc01,01-29 18:00:00+01:00,102_STEAM_3,1.0
2030,sc01,01-29 18:00:00+01:00,102_CT_1,0.0
2030,sc01,01-30 08:00:00+01:00,113_CT_1,0.0
2030,sc01,01-30 08:00:00+01:00,123_CT_5,0.0
2030,sc01,01-30 08:00:00+01:00,115_STEAM_3,0.0
2030,sc01,01-30 08:00:00+01:00,101_STEAM_3,0.0
2030,sc01,01-30 08:00:00+01:00,101_CT_2,0.0
2030,sc01,01-30 08:00:00+01:00,115_STEAM_2,0.0
2030,sc01,01-30 08:00:00+01:00,102_CT_2,0.0
2030,sc01,01-30 08:00:00+01:00,116_STEAM_1,0.0
2030,sc01,01-30 08:00:00+01:00,123_STEAM_2,0.0
2030,sc01,01-30 08:00:00+01:00,107_CC_1,0.0
2030,sc01,01-30 08:00:00+01:00,113_CT_4,0.0
2030,sc01,01-30 08:00:00+01:00,101_CT_1,0.0
2030,sc01,01-30 08:00:00+01:00,118_CC_1,0.03577722618008938
2030,sc01,01-30 08:00:00+01:00,102_STEAM_4,0.0
2030,sc01,01-30 08:00:00+01:00,123_CT_4,0.0
2030,sc01,01-30 08:00:00+01:00,123_STEAM_3,0.07468458877986583
2030,sc01,01-30 08:00:00+01:00,121_NUCLEAR_1,0.46443495388205286
2030,sc01,01-30 08:00:00+01:00,113_CT_3,0.0
2030,sc01,01-30 08:00:00+01:00,101_STEAM_4,0.0
2030,sc01,01-30 08:00:00+01:00,123_CT_1,0.0
2030,sc01,01-30 08:00:00+01:00,113_CT_2,0.0
2030,sc01,01-30 08:00:00+01:00,115_STEAM_1,0.0
2030,sc01,01-30 08:00:00+01:00,102_STEAM_3,0.0
2030,sc01,01-30 08:00:00+01:00,102_CT_1,0.0
2030,sc01,01-30 09:00:00+01:00,113_CT_1,0.0
2030,sc01,01-30 09:00:00+01:00,123_CT_5,0.0
2030,sc01,01-30 09:00:00+01:00,115_STEAM_3,0.0
2030,sc01,01-30 09:00:00+01:00,101_STEAM_3,0.0
2030,sc01,01-30 09:00:00+01:00,101_CT_2,0.0
2030,sc01,01-30 09:00:00+01:00,115_STEAM_2,0.0
2030,sc01,01-30 09:00:00+01:00,102_CT_2,0.0
2030,sc01,01-30 09:00:00+01:00,116_STEAM_1,0.0
2030,sc01,01-30 09:00:00+01:00,123_STEAM_2,1.0
2030,sc01,01-30 09:00:00+01:00,107_CC_1,0.0
2030,sc01,01-30 09:00:00+01:00,113_CT_4,0.0
2030,sc01,01-30 09:00:00+01:00,101_CT_1,0.0
2030,sc01,01-30 09:00:00+01:00,118_CC_1,0.028734994279903114
2030,sc01,01-30 09:00:00+01:00,102_STEAM_4,0.0
2030,sc01,01-30 09:00:00+01:00,123_CT_4,0.0
2030,sc01,01-30 09:00:00+01:00,123_STEAM_3,0.9253154112201342
2030,sc01,01-30 09:00:00+01:00,121_NUCLEAR_1,0.0
2030,sc01,01-30 09:00:00+01:00,113_CT_3,0.0
2030,sc01,01-30 09:00:00+01:00,101_STEAM_4,0.0
2030,sc01,01-30 09:00:00+01:00,123_CT_1,0.0
2030,sc01,01-30 09:00:00+01:00,113_CT_2,0.0
2030,sc01,01-30 09:00:00+01:00,115_STEAM_1,0.0
2030,sc01,01-30 09:00:00+01:00,102_STEAM_3,0.0
2030,sc01,01-30 09:00:00+01:00,102_CT_1,0.0
2030,sc01,01-30 11:00:00+01:00,113_CT_1,0.0
2030,sc01,01-30 11:00:00+01:00,123_CT_5,0.0
2030,sc01,01-30 11:00:00+01:00,115_STEAM_3,0.0
2030,sc01,01-30 11:00:00+01:00,101_STEAM_3,0.023976385165278447
2030,sc01,01-30 11:00:00+01:00,101_CT_2,0.0
2030,sc01,01-30 11:00:00+01:00,115_STEAM_2,0.0
2030,sc01,01-30 11:00:00+01:00,102_CT_2,0.0
2030,sc01,01-30 11:00:00+01:00,116_STEAM_1,0.0
2030,sc01,01-30 11:00:00+01:00,123_STEAM_2,0.0
2030,sc01,01-30 11:00:00+01:00,107_CC_1,0.0
2030,sc01,01-30 11:00:00+01:00,113_CT_4,0.0
2030,sc01,01-30 11:00:00+01:00,101_CT_1,0.0
2030,sc01,01-30 11:00:00+01:00,118_CC_1,1.0
2030,sc01,01-30 11:00:00+01:00,102_STEAM_4,1.0
2030,sc01,01-30 11:00:00+01:00,123_CT_4,0.0
2030,sc01,01-30 11:00:00+01:00,123_STEAM_3,0.0
2030,sc01,01-30 11:00:00+01:00,121_NUCLEAR_1,0.0
2030,sc01,01-30 11:00:00+01:00,113_CT_3,0.0
2030,sc01,01-30 11:00:00+01:00,101_STEAM_4,1.0
2030,sc01,01-30 11:00:00+01:00,123_CT_1,0.0
2030,sc01,01-30 11:00:00+01:00,113_CT_2,0.0
2030,sc01,01-30 11:00:00+01:00,115_STEAM_1,0.0
2030,sc01,01-30 11:00:00+01:00,102_STEAM_3,1.0
2030,sc01,01-30 11:00:00+01:00,102_CT_1,0.0
2030,sc01,01-30 19:00:00+01:00,113_CT_1,0.0
2030,sc01,01-30 19:00:00+01:00,123_CT_5,0.0
2030,sc01,01-30 19:00:00+01:00,115_STEAM_3,0.0
2030,sc01,01-30 19:00:00+01:00,101_STEAM_3,1.0
2030,sc01,01-30 19:00:00+01:00,101_CT_2,0.0
2030,sc01,01-30 19:00:00+01:00,115_STEAM_2,0.0
2030,sc01,01-30 19:00:00+01:00,102_CT_2,0.0
2030,sc01,01-30 19:00:00+01:00,116_STEAM_1,0.0
2030,sc01,01-30 19:00:00+01:00,123_STEAM_2,0.0
2030,sc01,01-30 19:00:00+01:00,107_CC_1,0.7838035353436796
2030,sc01,01-30 19:00:00+01:00,113_CT_4,0.0
2030,sc01,01-30 19:00:00+01:00,101_CT_1,0.0
2030,sc01,01-30 19:00:00+01:00,118_CC_1,0.6414452191332431
2030,sc01,01-30 19:00:00+01:00,102_STEAM_4,0.0
2030,sc01,01-30 19:00:00+01:00,123_CT_4,0.0
2030,sc01,01-30 19:00:00+01:00,123_STEAM_3,0.0
2030,sc01,01-30 19:00:00+01:00,121_NUCLEAR_1,1.0
2030,sc01,01-30 19:00:00+01:00,113_CT_3,0.0
2030,sc01,01-30 19:00:00+01:00,101_STEAM_4,0.0
2030,sc01,01-30 19:00:00+01:00,123_CT_1,0.0
2030,sc01,01-30 19:00:00+01:00,113_CT_2,0.0
2030,sc01,01-30 19:00:00+01:00,115_STEAM_1,0.0
2030,sc01,01-30 19:00:00+01:00,102_STEAM_3,0.0
2030,sc01,01-30 19:00:00+01:00,102_CT_1,0.0
2030,sc01,01-31 07:00:00+01:00,113_CT_1,0.0
2030,sc01,01-31 07:00:00+01:00,123_CT_5,0.0
2030,sc01,01-31 07:00:00+01:00,115_STEAM_3,0.0
2030,sc01,01-31 07:00:00+01:00,101_STEAM_3,0.0
2030,sc01,01-31 07:00:00+01:00,101_CT_2,0.0
2030,sc01,01-31 07:00:00+01:00,115_STEAM_2,0.0
2030,sc01,01-31 07:00:00+01:00,102_CT_2,0.0
2030,sc01,01-31 07:00:00+01:00,116_STEAM_1,0.0
2030,sc01,01-31 07:00:00+01:00,123_STEAM_2,0.0
2030,sc01,01-31 07:00:00+01:00,107_CC_1,0.21619646465632042
2030,sc01,01-31 07:00:00+01:00,113_CT_4,0.0
2030,sc01,01-31 07:00:00+01:00,101_CT_1,0.0
2030,sc01,01-31 07:00:00+01:00,118_CC_1,0.0
2030,sc01,01-31 07:00:00+01:00,102_STEAM_4,0.0
2030,sc01,01-31 07:00:00+01:00,123_CT_4,0.0
2030,sc01,01-31 07:00:00+01:00,123_STEAM_3,0.0
2030,sc01,01-31 07:00:00+01:00,121_NUCLEAR_1,0.0
2030,sc01,01-31 07:00:00+01:00,113_CT_3,0.0
2030,sc01,01-31 07:00:00+01:00,101_STEAM_4,0.0
2030,sc01,01-31 07:00:00+01:00,123_CT_1,0.0
2030,sc01,01-31 07:00:00+01:00,113_CT_2,0.0
2030,sc01,01-31 07:00:00+01:00,115_STEAM_1,0.0
2030,sc01,01-31 07:00:00+01:00,102_STEAM_3,0.0
2030,sc01,01-31 07:00:00+01:00,102_CT_1,0.0
2030,sc01,01-31 08:00:00+01:00,113_CT_1,0.0
2030,sc01,01-31 08:00:00+01:00,123_CT_5,0.0
2030,sc01,01-31 08:00:00+01:00,115_STEAM_3,0.0
2030,sc01,01-31 08:00:00+01:00,101_STEAM_3,0.0
2030,sc01,01-31 08:00:00+01:00,101_CT_2,0.0
2030,sc01,01-31 08:00:00+01:00,115_STEAM_2,0.0
2030,sc01,01-31 08:00:00+01:00,102_CT_2,0.0
2030,sc01,01-31 08:00:00+01:00,116_STEAM_1,0.0
2030,sc01,01-31 08:00:00+01:00,123_STEAM_2,0.0
2030,sc01,01-31 08:00:00+01:00,107_CC_1,0.0
2030,sc01,01-31 08:00:00+01:00,113_CT_4,0.0
2030,sc01,01-31 08:00:00+01:00,101_CT_1,0.0
2030,sc01,01-31 08:00:00+01:00,118_CC_1,0.0
2030,sc01,01-31 08:00:00+01:00,102_STEAM_4,0.0
2030,sc01,01-31 08:00:00+01:00,123_CT_4,0.0
2030,sc01,01-31 08:00:00+01:00,123_STEAM_3,0.0
2030,sc01,01-31 08:00:00+01:00,121_NUCLEAR_1,0.3941239891583106
2030,sc01,01-31 08:00:00+01:00,113_CT_3,0.0
2030,sc01,01-31 08:00:00+01:00,101_STEAM_4,0.0
2030,sc01,01-31 08:00:00+01:00,123_CT_1,0.0
2030,sc01,01-31 08:00:00+01:00,113_CT_2,0.0
2030,sc01,01-31 08:00:00+01:00,115_STEAM_1,0.0
2030,sc01,01-31 08:00:00+01:00,102_STEAM_3,0.0
2030,sc01,01-31 08:00:00+01:00,102_CT_1,0.0
2030,sc01,01-31 09:00:00+01:00,113_CT_1,0.0
2030,sc01,01-31 09:00:00+01:00,123_CT_5,0.0
2030,sc01,01-31 09:00:00+01:00,115_STEAM_3,0.0
2030,sc01,01-31 09:00:00+01:00,101_STEAM_3,0.0
2030,sc01,01-31 09:00:00+01:00,101_CT_2,0.0
2030,sc01,01-31 09:00:00+01:00,115_STEAM_2,0.0
2030,sc01,01-31 09:00:00+01:00,102_CT_2,0.0
2030,sc01,01-31 09:00:00+01:00,116_STEAM_1,0.0
2030,sc01,01-31 09:00:00+01:00,123_STEAM_2,0.0
2030,sc01,01-31 09:00:00+01:00,107_CC_1,0.0
2030,sc01,01-31 09:00:00+01:00,113_CT_4,0.0
2030,sc01,01-31 09:00:00+01:00,101_CT_1,0.0
2030,sc01,01-31 09:00:00+01:00,118_CC_1,0.0
2030,sc01,01-31 09:00:00+01:00,102_STEAM_4,0.0
2030,sc01,01-31 09:00:00+01:00,123_CT_4,0.0
2030,sc01,01-31 09:00:00+01:00,123_STEAM_3,0.11945375310147255
2030,sc01,01-31 09:00:00+01:00,121_NUCLEAR_1,0.026407371586517625
2030,sc01,01-31 09:00:00+01:00,113_CT_3,0.0
2030,sc01,01-31 09:00:00+01:00,101_STEAM_4,0.0
2030,sc01,01-31 09:00:00+01:00,123_CT_1,0.0
2030,sc01,01-31 09:00:00+01:00,113_CT_2,0.0
2030,sc01,01-31 09:00:00+01:00,115_STEAM_1,0.0
2030,sc01,01-31 09:00:00+01:00,102_STEAM_3,0.0
2030,sc01,01-31 09:00:00+01:00,102_CT_1,0.0
2030,sc01,01-31 17:00:00+01:00,113_CT_1,0.0
2030,sc01,01-31 17:00:00+01:00,123_CT_5,0.0
2030,sc01,01-31 17:00:00+01:00,115_STEAM_3,0.0
2030,sc01,01-31 17:00:00+01:00,101_STEAM_3,0.0
2030,sc01,01-31 17:00:00+01:00,101_CT_2,0.0
2030,sc01,01-31 17:00:00+01:00,115_STEAM_2,0.0
2030,sc01,01-31 17:00:00+01:00,102_CT_2,0.0
2030,sc01,01-31 17:00:00+01:00,116_STEAM_1,0.0
2030,sc01,01-31 17:00:00+01:00,123_STEAM_2,0.0
2030,sc01,01-31 17:00:00+01:00,107_CC_1,0.0
2030,sc01,01-31 17:00:00+01:00,113_CT_4,0.0
2030,sc01,01-31 17:00:00+01:00,101_CT_1,0.0
2030,sc01,01-31 17:00:00+01:00,118_CC_1,0.5417893874294339
2030,sc01,01-31 17:00:00+01:00,102_STEAM_4,0.0
2030,sc01,01-31 17:00:00+01:00,123_CT_4,0.0
2030,sc01,01-31 17:00:00+01:00,123_STEAM_3,0.42216529071961467
2030,sc01,01-31 17:00:00+01:00,121_NUCLEAR_1,0.0
2030,sc01,01-31 17:00:00+01:00,113_CT_3,0.0
2030,sc01,01-31 17:00:00+01:00,101_STEAM_4,0.0
2030,sc01,01-31 17:00:00+01:00,123_CT_1,0.0
2030,sc01,01-31 17:00:00+01:00,113_CT_2,0.0
2030,sc01,01-31 17:00:00+01:00,115_STEAM_1,0.0
2030,sc01,01-31 17:00:00+01:00,102_STEAM_3,0.0
2030,sc01,01-31 17:00:00+01:00,102_CT_1,0.0
2030,sc01,01-31 18:00:00+01:00,113_CT_1,0.0
2030,sc01,01-31 18:00:00+01:00,123_CT_5,0.0
2030,sc01,01-31 18:00:00+01:00,115_STEAM_3,0.0
2030,sc01,01-31 18:00:00+01:00,101_STEAM_3,1.0
2030,sc01,01-31 18:00:00+01:00,101_CT_2,0.0
2030,sc01,01-31 18:00:00+01:00,115_STEAM_2,0.0
2030,sc01,01-31 18:00:00+01:00,102_CT_2,0.0
2030,sc01,01-31 18:00:00+01:00,116_STEAM_1,0.0
2030,sc01,01-31 18:00:00+01:00,123_STEAM_2,1.0
2030,sc01,01-31 18:00:00+01:00,107_CC_1,1.0
2030,sc01,01-31 18:00:00+01:00,113_CT_4,0.0
2030,sc01,01-31 18:00:00+01:00,101_CT_1,0.0
2030,sc01,01-31 18:00:00+01:00,118_CC_1,1.0
2030,sc01,01-31 18:00:00+01:00,102_STEAM_4,1.0
2030,sc01,01-31 18:00:00+01:00,123_CT_4,0.0
2030,sc01,01-31 18:00:00+01:00,123_STEAM_3,1.0
2030,sc01,01-31 18:00:00+01:00,121_NUCLEAR_1,1.0
2030,sc01,01-31 18:00:00+01:00,113_CT_3,0.0
2030,sc01,01-31 18:00:00+01:00,101_STEAM_4,1.0
2030,sc01,01-31 18:00:00+01:00,123_CT_1,0.0
2030,sc01,01-31 18:00:00+01:00,113_CT_2,0.0
2030,sc01,01-31 18:00:00+01:00,115_STEAM_1,0.0
2030,sc01,01-31 18:00:00+01:00,102_STEAM_3,1.0
2030,sc01,01-31 18:00:00+01:00,102_CT_1,0.0
2030,sc01,01-31 19:00:00+01:00,113_CT_1,0.0
2030,sc01,01-31 19:00:00+01:00,123_CT_5,0.0
2030,sc01,01-31 19:00:00+01:00,115_STEAM_3,0.0
2030,sc01,01-31 19:00:00+01:00,101_STEAM_3,0.0
2030,sc01,01-31 19:00:00+01:00,101_CT_2,0.0
2030,sc01,01-31 19:00:00+01:00,115_STEAM_2,0.0
2030,sc01,01-31 19:00:00+01:00,102_CT_2,0.0
2030,sc01,01-31 19:00:00+01:00,116_STEAM_1,0.0
2030,sc01,01-31 19:00:00+01:00,123_STEAM_2,0.0
2030,sc01,01-31 19:00:00+01:00,107_CC_1,0.726514855523138
2030,sc01,01-31 19:00:00+01:00,113_CT_4,0.0
2030,sc01,01-31 19:00:00+01:00,101_CT_1,0.0
2030,sc01,01-31 19:00:00+01:00,118_CC_1,0.0
2030,sc01,01-31 19:00:00+01:00,102_STEAM_4,0.0
2030,sc01,01-31 19:00:00+01:00,123_CT_4,0.0
2030,sc01,01-31 19:00:00+01:00,123_STEAM_3,0.0
2030,sc01,01-31 19:00:00+01:00,121_NUCLEAR_1,0.0
2030,sc01,01-31 19:00:00+01:00,113_CT_3,0.0
2030,sc01,01-31 19:00:00+01:00,101_STEAM_4,0.0
2030,sc01,01-31 19:00:00+01:00,123_CT_1,0.0
2030,sc01,01-31 19:00:00+01:00,113_CT_2,0.0
2030,sc01,01-31 19:00:00+01:00,115_STEAM_1,0.0
2030,sc01,01-31 19:00:00+01:00,102_STEAM_3,0.0
2030,sc01,01-31 19:00:00+01:00,102_CT_1,0.0
2030,sc01,02-01 17:00:00+01:00,113_CT_1,0.0
2030,sc01,02-01 17:00:00+01:00,123_CT_5,0.0
2030,sc01,02-01 17:00:00+01:00,115_STEAM_3,0.0
2030,sc01,02-01 17:00:00+01:00,101_STEAM_3,0.0
2030,sc01,02-01 17:00:00+01:00,101_CT_2,0.0
2030,sc01,02-01 17:00:00+01:00,115_STEAM_2,0.0
2030,sc01,02-01 17:00:00+01:00,102_CT_2,0.0
2030,sc01,02-01 17:00:00+01:00,116_STEAM_1,0.0
2030,sc01,02-01 17:00:00+01:00,123_STEAM_2,0.0
2030,sc01,02-01 17:00:00+01:00,107_CC_1,0.0
2030,sc01,02-01 17:00:00+01:00,113_CT_4,0.0
2030,sc01,02-01 17:00:00+01:00,101_CT_1,0.0
2030,sc01,02-01 17:00:00+01:00,118_CC_1,0.0
2030,sc01,02-01 17:00:00+01:00,102_STEAM_4,0.0
2030,sc01,02-01 17:00:00+01:00,123_CT_4,0.0
2030,sc01,02-01 17:00:00+01:00,123_STEAM_3,0.0
2030,sc01,02-01 17:00:00+01:00,121_NUCLEAR_1,0.0
2030,sc01,02-01 17:00:00+01:00,113_CT_3,0.0
2030,sc01,02-01 17:00:00+01:00,101_STEAM_4,0.0
2030,sc01,02-01 17:00:00+01:00,123_CT_1,0.0
2030,sc01,02-01 17:00:00+01:00,113_CT_2,0.0
2030,sc01,02-01 17:00:00+01:00,115_STEAM_1,0.0
2030,sc01,02-01 17:00:00+01:00,102_STEAM_3,0.0
2030,sc01,02-01 17:00:00+01:00,102_CT_1,0.0
2030,sc01,02-01 19:00:00+01:00,113_CT_1,0.0
2030,sc01,02-01 19:00:00+01:00,123_CT_5,0.0
2030,sc01,02-01 19:00:00+01:00,115_STEAM_3,1.0
2030,sc01,02-01 19:00:00+01:00,101_STEAM_3,1.0
2030,sc01,02-01 19:00:00+01:00,101_CT_2,0.0
2030,sc01,02-01 19:00:00+01:00,115_STEAM_2,0.0
2030,sc01,02-01 19:00:00+01:00,102_CT_2,0.0
2030,sc01,02-01 19:00:00+01:00,116_STEAM_1,0.0
2030,sc01,02-01 19:00:00+01:00,123_STEAM_2,0.0
2030,sc01,02-01 19:00:00+01:00,107_CC_1,1.0
2030,sc01,02-01 19:00:00+01:00,113_CT_4,0.0
2030,sc01,02-01 19:00:00+01:00,101_CT_1,0.0
2030,sc01,02-01 19:00:00+01:00,118_CC_1,1.0
2030,sc01,02-01 19:00:00+01:00,102_STEAM_4,1.0
2030,sc01,02-01 19:00:00+01:00,123_CT_4,0.0
2030,sc01,02-01 19:00:00+01:00,123_STEAM_3,0.0
2030,sc01,02-01 19:00:00+01:00,121_NUCLEAR_1,1.0
2030,sc01,02-01 19:00:00+01:00,113_CT_3,0.0
2030,sc01,02-01 19:00:00+01:00,101_STEAM_4,1.0
2030,sc01,02-01 19:00:00+01:00,123_CT_1,0.0
2030,sc01,02-01 19:00:00+01:00,113_CT_2,0.0
2030,sc01,02-01 19:00:00+01:00,115_STEAM_1,0.0
2030,sc01,02-01 19:00:00+01:00,102_STEAM_3,1.0
2030,sc01,02-01 19:00:00+01:00,102_CT_1,0.0
2030,sc01,02-04 18:00:00+01:00,113_CT_1,0.0
2030,sc01,02-04 18:00:00+01:00,123_CT_5,0.0
2030,sc01,02-04 18:00:00+01:00,115_STEAM_3,0.0
2030,sc01,02-04 18:00:00+01:00,101_STEAM_3,0.0
2030,sc01,02-04 18:00:00+01:00,101_CT_2,0.0
2030,sc01,02-04 18:00:00+01:00,115_STEAM_2,0.0
2030,sc01,02-04 18:00:00+01:00,102_CT_2,0.0
2030,sc01,02-04 18:00:00+01:00,116_STEAM_1,0.0
2030,sc01,02-04 18:00:00+01:00,123_STEAM_2,0.0
2030,sc01,02-04 18:00:00+01:00,107_CC_1,0.4814385702316498
2030,sc01,02-04 18:00:00+01:00,113_CT_4,0.0
2030,sc01,02-04 18:00:00+01:00,101_CT_1,0.0
2030,sc01,02-04 18:00:00+01:00,118_CC_1,0.0
2030,sc01,02-04 18:00:00+01:00,102_STEAM_4,0.0
2030,sc01,02-04 18:00:00+01:00,123_CT_4,0.0
2030,sc01,02-04 18:00:00+01:00,123_STEAM_3,0.0
2030,sc01,02-04 18:00:00+01:00,121_NUCLEAR_1,0.1261198693966196
2030,sc01,02-04 18:00:00+01:00,113_CT_3,0.0
2030,sc01,02-04 18:00:00+01:00,101_STEAM_4,0.0
2030,sc01,02-04 18:00:00+01:00,123_CT_1,0.0
2030,sc01,02-04 18:00:00+01:00,113_CT_2,0.0
2030,sc01,02-04 18:00:00+01:00,115_STEAM_1,0.0
2030,sc01,02-04 18:00:00+01:00,102_STEAM_3,0.0
2030,sc01,02-04 18:00:00+01:00,102_CT_1,0.0
2030,sc01,02-04 19:00:00+01:00,113_CT_1,0.0
2030,sc01,02-04 19:00:00+01:00,123_CT_5,0.0
2030,sc01,02-04 19:00:00+01:00,115_STEAM_3,0.9710614663110015
2030,sc01,02-04 19:00:00+01:00,101_STEAM_3,0.0
2030,sc01,02-04 19:00:00+01:00,101_CT_2,0.0
2030,sc01,02-04 19:00:00+01:00,115_STEAM_2,0.0
2030,sc01,02-04 19:00:00+01:00,102_CT_2,0.0
2030,sc01,02-04 19:00:00+01:00,116_STEAM_1,0.0
2030,sc01,02-04 19:00:00+01:00,123_STEAM_2,0.0
2030,sc01,02-04 19:00:00+01:00,107_CC_1,0.8783924009493224
2030,sc01,02-04 19:00:00+01:00,113_CT_4,0.0
2030,sc01,02-04 19:00:00+01:00,101_CT_1,0.0
2030,sc01,02-04 19:00:00+01:00,118_CC_1,0.0
2030,sc01,02-04 19:00:00+01:00,102_STEAM_4,0.0
2030,sc01,02-04 19:00:00+01:00,123_CT_4,0.0
2030,sc01,02-04 19:00:00+01:00,123_STEAM_3,0.0
2030,sc01,02-04 19:00:00+01:00,121_NUCLEAR_1,0.0
2030,sc01,02-04 19:00:00+01:00,113_CT_3,0.0
2030,sc01,02-04 19:00:00+01:00,101_STEAM_4,0.0
2030,sc01,02-04 19:00:00+01:00,123_CT_1,0.0
2030,sc01,02-04 19:00:00+01:00,113_CT_2,0.0
2030,sc01,02-04 19:00:00+01:00,115_STEAM_1,0.0
2030,sc01,02-04 19:00:00+01:00,102_STEAM_3,0.0
2030,sc01,02-04 19:00:00+01:00,102_CT_1,0.0
2030,sc01,02-05 18:00:00+01:00,113_CT_1,0.0
2030,sc01,02-05 18:00:00+01:00,123_CT_5,0.0
2030,sc01,02-05 18:00:00+01:00,115_STEAM_3,1.0
2030,sc01,02-05 18:00:00+01:00,101_STEAM_3,0.0
2030,sc01,02-05 18:00:00+01:00,101_CT_2,0.0
2030,sc01,02-05 18:00:00+01:00,115_STEAM_2,0.0
2030,sc01,02-05 18:00:00+01:00,102_CT_2,0.0
2030,sc01,02-05 18:00:00+01:00,116_STEAM_1,0.0
2030,sc01,02-05 18:00:00+01:00,123_STEAM_2,0.0
2030,sc01,02-05 18:00:00+01:00,107_CC_1,1.0
2030,sc01,02-05 18:00:00+01:00,113_CT_4,0.0
2030,sc01,02-05 18:00:00+01:00,101_CT_1,0.0
2030,sc01,02-05 18:00:00+01:00,118_CC_1,0.0
2030,sc01,02-05 18:00:00+01:00,102_STEAM_4,0.0
2030,sc01,02-05 18:00:00+01:00,123_CT_4,0.0
2030,sc01,02-05 18:00:00+01:00,123_STEAM_3,0.0
2030,sc01,02-05 18:00:00+01:00,121_NUCLEAR_1,0.0
2030,sc01,02-05 18:00:00+01:00,113_CT_3,0.0
2030,sc01,02-05 18:00:00+01:00,101_STEAM_4,0.0
2030,sc01,02-05 18:00:00+01:00,123_CT_1,0.0
2030,sc01,02-05 18:00:00+01:00,113_CT_2,0.0
2030,sc01,02-05 18:00:00+01:00,115_STEAM_1,0.0
2030,sc01,02-05 18:00:00+01:00,102_STEAM_3,0.0
2030,sc01,02-05 18:00:00+01:00,102_CT_1,0.0
2030,sc01,02-06 18:00:00+01:00,113_CT_1,0.0
2030,sc01,02-06 18:00:00+01:00,123_CT_5,0.0
2030,sc01,02-06 18:00:00+01:00,115_STEAM_3,0.2439767218120398
2030,sc01,02-06 18:00:00+01:00,101_STEAM_3,0.0
2030,sc01,02-06 18:00:00+01:00,101_CT_2,0.0
2030,sc01,02-06 18:00:00+01:00,115_STEAM_2,0.0
2030,sc01,02-06 18:00:00+01:00,102_CT_2,0.0
2030,sc01,02-06 18:00:00+01:00,116_STEAM_1,0.0
2030,sc01,02-06 18:00:00+01:00,123_STEAM_2,0.0
2030,sc01,02-06 18:00:00+01:00,107_CC_1,0.0
2030,sc01,02-06 18:00:00+01:00,113_CT_4,0.0
2030,sc01,02-06 18:00:00+01:00,101_CT_1,0.0
2030,sc01,02-06 18:00:00+01:00,118_CC_1,0.0
2030,sc01,02-06 18:00:00+01:00,102_STEAM_4,0.0
2030,sc01,02-06 18:00:00+01:00,123_CT_4,0.0
2030,sc01,02-06 18:00:00+01:00,123_STEAM_3,0.0
2030,sc01,02-06 18:00:00+01:00,121_NUCLEAR_1,0.0
2030,sc01,02-06 18:00:00+01:00,113_CT_3,0.0
2030,sc01,02-06 18:00:00+01:00,101_STEAM_4,0.0
2030,sc01,02-06 18:00:00+01:00,123_CT_1,0.0
2030,sc01,02-06 18:00:00+01:00,113_CT_2,0.0
2030,sc01,02-06 18:00:00+01:00,115_STEAM_1,0.0
2030,sc01,02-06 18:00:00+01:00,102_STEAM_3,0.0
2030,sc01,02-06 18:00:00+01:00,102_CT_1,0.0
2030,sc01,02-06 19:00:00+01:00,113_CT_1,0.0
2030,sc01,02-06 19:00:00+01:00,123_CT_5,0.0
2030,sc01,02-06 19:00:00+01:00,115_STEAM_3,0.0
2030,sc01,02-06 19:00:00+01:00,101_STEAM_3,0.0
2030,sc01,02-06 19:00:00+01:00,101_CT_2,0.0
2030,sc01,02-06 19:00:00+01:00,115_STEAM_2,0.0
2030,sc01,02-06 19:00:00+01:00,102_CT_2,0.0
2030,sc01,02-06 19:00:00+01:00,116_STEAM_1,0.0
2030,sc01,02-06 19:00:00+01:00,123_STEAM_2,0.0
2030,sc01,02-06 19:00:00+01:00,107_CC_1,0.9598069674794644
2030,sc01,02-06 19:00:00+01:00,113_CT_4,0.0
2030,sc01,02-06 19:00:00+01:00,101_CT_1,0.0
2030,sc01,02-06 19:00:00+01:00,118_CC_1,0.0
2030,sc01,02-06 19:00:00+01:00,102_STEAM_4,0.0
2030,sc01,02-06 19:00:00+01:00,123_CT_4,0.0
2030,sc01,02-06 19:00:00+01:00,123_STEAM_3,0.0
2030,sc01,02-06 19:00:00+01:00,121_NUCLEAR_1,0.0
2030,sc01,02-06 19:00:00+01:00,113_CT_3,0.0
2030,sc01,02-06 19:00:00+01:00,101_STEAM_4,0.0
2030,sc01,02-06 19:00:00+01:00,123_CT_1,0.0
2030,sc01,02-06 19:00:00+01:00,113_CT_2,0.0
2030,sc01,02-06 19:00:00+01:00,115_STEAM_1,0.0
2030,sc01,02-06 19:00:00+01:00,102_STEAM_3,0.0
2030,sc01,02-06 19:00:00+01:00,102_CT_1,0.0
2030,sc01,02-07 04:00:00+01:00,113_CT_1,0.0
2030,sc01,02-07 04:00:00+01:00,123_CT_5,0.0
2030,sc01,02-07 04:00:00+01:00,115_STEAM_3,0.0
2030,sc01,02-07 04:00:00+01:00,101_STEAM_3,0.0
2030,sc01,02-07 04:00:00+01:00,101_CT_2,0.0
2030,sc01,02-07 04:00:00+01:00,115_STEAM_2,0.0
2030,sc01,02-07 04:00:00+01:00,102_CT_2,0.0
2030,sc01,02-07 04:00:00+01:00,116_STEAM_1,0.0
2030,sc01,02-07 04:00:00+01:00,123_STEAM_2,0.0
2030,sc01,02-07 04:00:00+01:00,107_CC_1,0.0401930325205356
2030,sc01,02-07 04:00:00+01:00,113_CT_4,0.0
2030,sc01,02-07 04:00:00+01:00,101_CT_1,0.0
2030,sc01,02-07 04:00:00+01:00,118_CC_1,0.0
2030,sc01,02-07 04:00:00+01:00,102_STEAM_4,0.0
2030,sc01,02-07 04:00:00+01:00,123_CT_4,0.0
2030,sc01,02-07 04:00:00+01:00,123_STEAM_3,0.0
2030,sc01,02-07 04:00:00+01:00,121_NUCLEAR_1,0.0
2030,sc01,02-07 04:00:00+01:00,113_CT_3,0.0
2030,sc01,02-07 04:00:00+01:00,101_STEAM_4,0.0
2030,sc01,02-07 04:00:00+01:00,123_CT_1,0.0
2030,sc01,02-07 04:00:00+01:00,113_CT_2,0.0
2030,sc01,02-07 04:00:00+01:00,115_STEAM_1,0.0
2030,sc01,02-07 04:00:00+01:00,102_STEAM_3,0.0
2030,sc01,02-07 04:00:00+01:00,102_CT_1,0.0
2030,sc01,02-07 18:00:00+01:00,113_CT_1,0.0
2030,sc01,02-07 18:00:00+01:00,123_CT_5,0.0
2030,sc01,02-07 18:00:00+01:00,115_STEAM_3,0.0
2030,sc01,02-07 18:00:00+01:00,101_STEAM_3,0.0
2030,sc01,02-07 18:00:00+01:00,101_CT_2,0.0
2030,sc01,02-07 18:00:00+01:00,115_STEAM_2,0.0
2030,sc01,02-07 18:00:00+01:00,102_CT_2,0.0
2030,sc01,02-07 18:00:00+01:00,116_STEAM_1,0.0
2030,sc01,02-07 18:00:00+01:00,123_STEAM_2,0.0
2030,sc01,02-07 18:00:00+01:00,107_CC_1,0.9984386591847249
2030,sc01,02-07 18:00:00+01:00,113_CT_4,0.0
2030,sc01,02-07 18:00:00+01:00,101_CT_1,0.0
2030,sc01,02-07 18:00:00+01:00,118_CC_1,0.0
2030,sc01,02-07 18:00:00+01:00,102_STEAM_4,0.0
2030,sc01,02-07 18:00:00+01:00,123_CT_4,0.0
2030,sc01,02-07 18:00:00+01:00,123_STEAM_3,0.0
2030,sc01,02-07 18:00:00+01:00,121_NUCLEAR_1,0.0
2030,sc01,02-07 18:00:00+01:00,113_CT_3,0.0
2030,sc01,02-07 18:00:00+01:00,101_STEAM_4,0.0
2030,sc01,02-07 18:00:00+01:00,123_CT_1,0.0
2030,sc01,02-07 18:00:00+01:00,113_CT_2,0.0
2030,sc01,02-07 18:00:00+01:00,115_STEAM_1,0.0
2030,sc01,02-07 18:00:00+01:00,102_STEAM_3,0.0
2030,sc01,02-07 18:00:00+01:00,102_CT_1,0.0
2030,sc01,02-07 19:00:00+01:00,113_CT_1,0.0
2030,sc01,02-07 19:00:00+01:00,123_CT_5,0.0
2030,sc01,02-07 19:00:00+01:00,115_STEAM_3,0.4710266209054742
2030,sc01,02-07 19:00:00+01:00,101_STEAM_3,0.0
2030,sc01,02-07 19:00:00+01:00,101_CT_2,0.0
2030,sc01,02-07 19:00:00+01:00,115_STEAM_2,0.0
2030,sc01,02-07 19:00:00+01:00,102_CT_2,0.0
2030,sc01,02-07 19:00:00+01:00,116_STEAM_1,0.0
2030,sc01,02-07 19:00:00+01:00,123_STEAM_2,0.0
2030,sc01,02-07 19:00:00+01:00,107_CC_1,0.9543765296059371
2030,sc01,02-07 19:00:00+01:00,113_CT_4,0.0
2030,sc01,02-07 19:00:00+01:00,101_CT_1,0.0
2030,sc01,02-07 19:00:00+01:00,118_CC_1,0.0
2030,sc01,02-07 19:00:00+01:00,102_STEAM_4,0.0
2030,sc01,02-07 19:00:00+01:00,123_CT_4,0.0
2030,sc01,02-07 19:00:00+01:00,123_STEAM_3,0.0
2030,sc01,02-07 19:00:00+01:00,121_NUCLEAR_1,0.0
2030,sc01,02-07 19:00:00+01:00,113_CT_3,0.0
2030,sc01,02-07 19:00:00+01:00,101_STEAM_4,0.0
2030,sc01,02-07 19:00:00+01:00,123_CT_1,0.0
2030,sc01,02-07 19:00:00+01:00,113_CT_2,0.0
2030,sc01,02-07 19:00:00+01:00,115_STEAM_1,0.0
2030,sc01,02-07 19:00:00+01:00,102_STEAM_3,0.0
2030,sc01,02-07 19:00:00+01:00,102_CT_1,0.0
2030,sc01,02-08 18:00:00+01:00,113_CT_1,0.0
2030,sc01,02-08 18:00:00+01:00,123_CT_5,0.0
2030,sc01,02-08 18:00:00+01:00,115_STEAM_3,0.5289733790945258
2030,sc01,02-08 18:00:00+01:00,101_STEAM_3,0.0
2030,sc01,02-08 18:00:00+01:00,101_CT_2,0.0
2030,sc01,02-08 18:00:00+01:00,115_STEAM_2,0.0
2030,sc01,02-08 18:00:00+01:00,102_CT_2,0.0
2030,sc01,02-08 18:00:00+01:00,116_STEAM_1,0.0
2030,sc01,02-08 18:00:00+01:00,123_STEAM_2,0.0
2030,sc01,02-08 18:00:00+01:00,107_CC_1,0.047184811209338026
2030,sc01,02-08 18:00:00+01:00,113_CT_4,0.0
2030,sc01,02-08 18:00:00+01:00,101_CT_1,0.0
2030,sc01,02-08 18:00:00+01:00,118_CC_1,0.0
2030,sc01,02-08 18:00:00+01:00,102_STEAM_4,0.0
2030,sc01,02-08 18:00:00+01:00,123_CT_4,0.0
2030,sc01,02-08 18:00:00+01:00,123_STEAM_3,0.0
2030,sc01,02-08 18:00:00+01:00,121_NUCLEAR_1,0.0
2030,sc01,02-08 18:00:00+01:00,113_CT_3,0.0
2030,sc01,02-08 18:00:00+01:00,101_STEAM_4,0.0
2030,sc01,02-08 18:00:00+01:00,123_CT_1,0.0
2030,sc01,02-08 18:00:00+01:00,113_CT_2,0.0
2030,sc01,02-08 18:00:00+01:00,115_STEAM_1,0.0
2030,sc01,02-08 18:00:00+01:00,102_STEAM_3,0.0
2030,sc01,02-08 18:00:00+01:00,102_CT_1,0.0
2030,sc01,02-08 19:00:00+01:00,113_CT_1,0.0
2030,sc01,02-08 19:00:00+01:00,123_CT_5,0.0
2030,sc01,02-08 19:00:00+01:00,115_STEAM_3,0.0
2030,sc01,02-08 19:00:00+01:00,101_STEAM_3,0.0
2030,sc01,02-08 19:00:00+01:00,101_CT_2,0.0
2030,sc01,02-08 19:00:00+01:00,115_STEAM_2,0.0
2030,sc01,02-08 19:00:00+01:00,102_CT_2,0.0
2030,sc01,02-08 19:00:00+01:00,116_STEAM_1,0.0
2030,sc01,02-08 19:00:00+01:00,123_STEAM_2,0.0
2030,sc01,02-08 19:00:00+01:00,107_CC_1,0.0
2030,sc01,02-08 19:00:00+01:00,113_CT_4,0.0
2030,sc01,02-08 19:00:00+01:00,101_CT_1,0.0
2030,sc01,02-08 19:00:00+01:00,118_CC_1,0.0
2030,sc01,02-08 19:00:00+01:00,102_STEAM_4,0.0
2030,sc01,02-08 19:00:00+01:00,123_CT_4,0.0
2030,sc01,02-08 19:00:00+01:00,123_STEAM_3,0.0
2030,sc01,02-08 19:00:00+01:00,121_NUCLEAR_1,0.0
2030,sc01,02-08 19:00:00+01:00,113_CT_3,0.0
2030,sc01,02-08 19:00:00+01:00,101_STEAM_4,0.0
2030,sc01,02-08 19:00:00+01:00,123_CT_1,0.0
2030,sc01,02-08 19:00:00+01:00,113_CT_2,0.0
2030,sc01,02-08 19:00:00+01:00,115_STEAM_1,0.0
2030,sc01,02-08 19:00:00+01:00,102_STEAM_3,0.0
2030,sc01,02-08 19:00:00+01:00,102_CT_1,0.0
2030,sc01,02-11 07:00:00+01:00,113_CT_1,0.0
2030,sc01,02-11 07:00:00+01:00,123_CT_5,0.0
2030,sc01,02-11 07:00:00+01:00,115_STEAM_3,0.0
2030,sc01,02-11 07:00:00+01:00,101_STEAM_3,0.0
2030,sc01,02-11 07:00:00+01:00,101_CT_2,0.0
2030,sc01,02-11 07:00:00+01:00,115_STEAM_2,0.0
2030,sc01,02-11 07:00:00+01:00,102_CT_2,0.0
2030,sc01,02-11 07:00:00+01:00,116_STEAM_1,0.0
2030,sc01,02-11 07:00:00+01:00,123_STEAM_2,0.0
2030,sc01,02-11 07:00:00+01:00,107_CC_1,0.0
2030,sc01,02-11 07:00:00+01:00,113_CT_4,0.0
2030,sc01,02-11 07:00:00+01:00,101_CT_1,0.0
2030,sc01,02-11 07:00:00+01:00,118_CC_1,0.0
2030,sc01,02-11 07:00:00+01:00,102_STEAM_4,0.0
2030,sc01,02-11 07:00:00+01:00,123_CT_4,0.0
2030,sc01,02-11 07:00:00+01:00,123_STEAM_3,0.0
2030,sc01,02-11 07:00:00+01:00,121_NUCLEAR_1,0.0
2030,sc01,02-11 07:00:00+01:00,113_CT_3,0.0
2030,sc01,02-11 07:00:00+01:00,101_STEAM_4,0.0
2030,sc01,02-11 07:00:00+01:00,123_CT_1,0.0
2030,sc01,02-11 07:00:00+01:00,113_CT_2,0.0
2030,sc01,02-11 07:00:00+01:00,115_STEAM_1,0.0
2030,sc01,02-11 07:00:00+01:00,102_STEAM_3,0.0
2030,sc01,02-11 07:00:00+01:00,102_CT_1,0.0
2030,sc01,02-11 18:00:00+01:00,113_CT_1,0.0
2030,sc01,02-11 18:00:00+01:00,123_CT_5,0.0
2030,sc01,02-11 18:00:00+01:00,115_STEAM_3,0.0
2030,sc01,02-11 18:00:00+01:00,101_STEAM_3,0.7274620500060986
2030,sc01,02-11 18:00:00+01:00,101_CT_2,0.0
2030,sc01,02-11 18:00:00+01:00,115_STEAM_2,0.0
2030,sc01,02-11 18:00:00+01:00,102_CT_2,0.0
2030,sc01,02-11 18:00:00+01:00,116_STEAM_1,0.0
2030,sc01,02-11 18:00:00+01:00,123_STEAM_2,0.0
2030,sc01,02-11 18:00:00+01:00,107_CC_1,0.0
2030,sc01,02-11 18:00:00+01:00,113_CT_4,0.0
2030,sc01,02-11 18:00:00+01:00,101_CT_1,0.0
2030,sc01,02-11 18:00:00+01:00,118_CC_1,0.0
2030,sc01,02-11 18:00:00+01:00,102_STEAM_4,0.0
2030,sc01,02-11 18:00:00+01:00,123_CT_4,0.0
2030,sc01,02-11 18:00:00+01:00,123_STEAM_3,0.0
2030,sc01,02-11 18:00:00+01:00,121_NUCLEAR_1,0.0
2030,sc01,02-11 18:00:00+01:00,113_CT_3,0.0
2030,sc01,02-11 18:00:00+01:00,101_STEAM_4,0.0
2030,sc01,02-11 18:00:00+01:00,123_CT_1,0.0
2030,sc01,02-11 18:00:00+01:00,113_CT_2,0.0
2030,sc01,02-11 18:00:00+01:00,115_STEAM_1,0.0
2030,sc01,02-11 18:00:00+01:00,102_STEAM_3,0.0
2030,sc01,02-11 18:00:00+01:00,102_CT_1,0.0
2030,sc01,02-11 19:00:00+01:00,113_CT_1,0.0
2030,sc01,02-11 19:00:00+01:00,123_CT_5,0.0
2030,sc01,02-11 19:00:00+01:00,115_STEAM_3,0.0
2030,sc01,02-11 19:00:00+01:00,101_STEAM_3,0.2725379499939013
2030,sc01,02-11 19:00:00+01:00,101_CT_2,0.0
2030,sc01,02-11 19:00:00+01:00,115_STEAM_2,0.0
2030,sc01,02-11 19:00:00+01:00,102_CT_2,0.0
2030,sc01,02-11 19:00:00+01:00,116_STEAM_1,0.0
2030,sc01,02-11 19:00:00+01:00,123_STEAM_2,0.0
2030,sc01,02-11 19:00:00+01:00,107_CC_1,1.0
2030,sc01,02-11 19:00:00+01:00,113_CT_4,0.0
2030,sc01,02-11 19:00:00+01:00,101_CT_1,0.0
2030,sc01,02-11 19:00:00+01:00,118_CC_1,0.0
2030,sc01,02-11 19:00:00+01:00,102_STEAM_4,0.0
2030,sc01,02-11 19:00:00+01:00,123_CT_4,0.0
2030,sc01,02-11 19:00:00+01:00,123_STEAM_3,0.0
2030,sc01,02-11 19:00:00+01:00,121_NUCLEAR_1,0.0
2030,sc01,02-11 19:00:00+01:00,113_CT_3,0.0
2030,sc01,02-11 19:00:00+01:00,101_STEAM_4,1.0
2030,sc01,02-11 19:00:00+01:00,123_CT_1,0.0
2030,sc01,02-11 19:00:00+01:00,113_CT_2,0.0
2030,sc01,02-11 19:00:00+01:00,115_STEAM_1,0.0
2030,sc01,02-11 19:00:00+01:00,102_STEAM_3,0.0
2030,sc01,02-11 19:00:00+01:00,102_CT_1,0.0
2030,sc01,02-12 17:00:00+01:00,113_CT_1,0.0
2030,sc01,02-12 17:00:00+01:00,123_CT_5,0.0
2030,sc01,02-12 17:00:00+01:00,115_STEAM_3,0.0
2030,sc01,02-12 17:00:00+01:00,101_STEAM_3,0.0
2030,sc01,02-12 17:00:00+01:00,101_CT_2,0.0
2030,sc01,02-12 17:00:00+01:00,115_STEAM_2,0.0
2030,sc01,02-12 17:00:00+01:00,102_CT_2,0.0
2030,sc01,02-12 17:00:00+01:00,116_STEAM_1,0.0
2030,sc01,02-12 17:00:00+01:00,123_STEAM_2,0.0
2030,sc01,02-12 17:00:00+01:00,107_CC_1,0.0
2030,sc01,02-12 17:00:00+01:00,113_CT_4,0.0
2030,sc01,02-12 17:00:00+01:00,101_CT_1,0.0
2030,sc01,02-12 17:00:00+01:00,118_CC_1,0.0
2030,sc01,02-12 17:00:00+01:00,102_STEAM_4,0.0
2030,sc01,02-12 17:00:00+01:00,123_CT_4,0.0
2030,sc01,02-12 17:00:00+01:00,123_STEAM_3,0.0
2030,sc01,02-12 17:00:00+01:00,121_NUCLEAR_1,0.0
2030,sc01,02-12 17:00:00+01:00,113_CT_3,0.0
2030,sc01,02-12 17:00:00+01:00,101_STEAM_4,0.0
2030,sc01,02-12 17:00:00+01:00,123_CT_1,0.0
2030,sc01,02-12 17:00:00+01:00,113_CT_2,0.0
2030,sc01,02-12 17:00:00+01:00,115_STEAM_1,0.0
2030,sc01,02-12 17:00:00+01:00,102_STEAM_3,0.0
2030,sc01,02-12 17:00:00+01:00,102_CT_1,0.0
2030,sc01,02-12 18:00:00+01:00,113_CT_1,0.0
2030,sc01,02-12 18:00:00+01:00,123_CT_5,0.0
2030,sc01,02-12 18:00:00+01:00,115_STEAM_3,0.0
2030,sc01,02-12 18:00:00+01:00,101_STEAM_3,0.4717643958893174
2030,sc01,02-12 18:00:00+01:00,101_CT_2,0.0
2030,sc01,02-12 18:00:00+01:00,115_STEAM_2,0.0
2030,sc01,02-12 18:00:00+01:00,102_CT_2,0.0
2030,sc01,02-12 18:00:00+01:00,116_STEAM_1,0.0
2030,sc01,02-12 18:00:00+01:00,123_STEAM_2,0.0
2030,sc01,02-12 18:00:00+01:00,107_CC_1,0.0
2030,sc01,02-12 18:00:00+01:00,113_CT_4,0.0
2030,sc01,02-12 18:00:00+01:00,101_CT_1,0.0
2030,sc01,02-12 18:00:00+01:00,118_CC_1,0.0
2030,sc01,02-12 18:00:00+01:00,102_STEAM_4,0.0
2030,sc01,02-12 18:00:00+01:00,123_CT_4,0.0
2030,sc01,02-12 18:00:00+01:00,123_STEAM_3,1.0
2030,sc01,02-12 18:00:00+01:00,121_NUCLEAR_1,0.7901540520506574
2030,sc01,02-12 18:00:00+01:00,113_CT_3,0.0
2030,sc01,02-12 18:00:00+01:00,101_STEAM_4,1.0
2030,sc01,02-12 18:00:00+01:00,123_CT_1,0.0
2030,sc01,02-12 18:00:00+01:00,113_CT_2,0.0
2030,sc01,02-12 18:00:00+01:00,115_STEAM_1,0.0
2030,sc01,02-12 18:00:00+01:00,102_STEAM_3,0.07707811993569565
2030,sc01,02-12 18:00:00+01:00,102_CT_1,0.0
2030,sc01,02-12 19:00:00+01:00,113_CT_1,0.0
2030,sc01,02-12 19:00:00+01:00,123_CT_5,0.0
2030,sc01,02-12 19:00:00+01:00,115_STEAM_3,1.0
2030,sc01,02-12 19:00:00+01:00,101_STEAM_3,1.0
2030,sc01,02-12 19:00:00+01:00,101_CT_2,0.0
2030,sc01,02-12 19:00:00+01:00,115_STEAM_2,0.0
2030,sc01,02-12 19:00:00+01:00,102_CT_2,0.0
2030,sc01,02-12 19:00:00+01:00,116_STEAM_1,0.0
2030,sc01,02-12 19:00:00+01:00,123_STEAM_2,0.0
2030,sc01,02-12 19:00:00+01:00,107_CC_1,1.0
2030,sc01,02-12 19:00:00+01:00,113_CT_4,0.0
2030,sc01,02-12 19:00:00+01:00,101_CT_1,0.0
2030,sc01,02-12 19:00:00+01:00,118_CC_1,0.0
2030,sc01,02-12 19:00:00+01:00,102_STEAM_4,0.0
2030,sc01,02-12 19:00:00+01:00,123_CT_4,0.0
2030,sc01,02-12 19:00:00+01:00,123_STEAM_3,0.0
2030,sc01,02-12 19:00:00+01:00,121_NUCLEAR_1,0.0
2030,sc01,02-12 19:00:00+01:00,113_CT_3,0.0
2030,sc01,02-12 19:00:00+01:00,101_STEAM_4,0.0
2030,sc01,02-12 19:00:00+01:00,123_CT_1,0.0
2030,sc01,02-12 19:00:00+01:00,113_CT_2,0.0
2030,sc01,02-12 19:00:00+01:00,115_STEAM_1,0.0
2030,sc01,02-12 19:00:00+01:00,102_STEAM_3,0.0
2030,sc01,02-12 19:00:00+01:00,102_CT_1,0.0
2030,sc01,02-13 18:00:00+01:00,113_CT_1,0.0
2030,sc01,02-13 18:00:00+01:00,123_CT_5,0.0
2030,sc01,02-13 18:00:00+01:00,115_STEAM_3,0.0
2030,sc01,02-13 18:00:00+01:00,101_STEAM_3,0.6097384577393765
2030,sc01,02-13 18:00:00+01:00,101_CT_2,0.0
2030,sc01,02-13 18:00:00+01:00,115_STEAM_2,0.0
2030,sc01,02-13 18:00:00+01:00,102_CT_2,0.0
2030,sc01,02-13 18:00:00+01:00,116_STEAM_1,0.0
2030,sc01,02-13 18:00:00+01:00,123_STEAM_2,0.0
2030,sc01,02-13 18:00:00+01:00,107_CC_1,0.0
2030,sc01,02-13 18:00:00+01:00,113_CT_4,0.0
2030,sc01,02-13 18:00:00+01:00,101_CT_1,0.0
2030,sc01,02-13 18:00:00+01:00,118_CC_1,0.0
2030,sc01,02-13 18:00:00+01:00,102_STEAM_4,0.0
2030,sc01,02-13 18:00:00+01:00,123_CT_4,0.0
2030,sc01,02-13 18:00:00+01:00,123_STEAM_3,0.0
2030,sc01,02-13 18:00:00+01:00,121_NUCLEAR_1,0.0
2030,sc01,02-13 18:00:00+01:00,113_CT_3,0.0
2030,sc01,02-13 18:00:00+01:00,101_STEAM_4,0.0
2030,sc01,02-13 18:00:00+01:00,123_CT_1,0.0
2030,sc01,02-13 18:00:00+01:00,113_CT_2,0.0
2030,sc01,02-13 18:00:00+01:00,115_STEAM_1,0.0
2030,sc01,02-13 18:00:00+01:00,102_STEAM_3,0.0
2030,sc01,02-13 18:00:00+01:00,102_CT_1,0.0
2030,sc01,02-19 18:00:00+01:00,113_CT_1,0.0
2030,sc01,02-19 18:00:00+01:00,123_CT_5,0.0
2030,sc01,02-19 18:00:00+01:00,115_STEAM_3,0.0
2030,sc01,02-19 18:00:00+01:00,101_STEAM_3,0.0
2030,sc01,02-19 18:00:00+01:00,101_CT_2,0.0
2030,sc01,02-19 18:00:00+01:00,115_STEAM_2,0.0
2030,sc01,02-19 18:00:00+01:00,102_CT_2,0.0
2030,sc01,02-19 18:00:00+01:00,116_STEAM_1,0.0
2030,sc01,02-19 18:00:00+01:00,123_STEAM_2,0.0
2030,sc01,02-19 18:00:00+01:00,107_CC_1,0.0
2030,sc01,02-19 18:00:00+01:00,113_CT_4,0.0
2030,sc01,02-19 18:00:00+01:00,101_CT_1,0.0
2030,sc01,02-19 18:00:00+01:00,118_CC_1,0.0
2030,sc01,02-19 18:00:00+01:00,102_STEAM_4,0.0
2030,sc01,02-19 18:00:00+01:00,123_CT_4,0.0
2030,sc01,02-19 18:00:00+01:00,123_STEAM_3,0.0
2030,sc01,02-19 18:00:00+01:00,121_NUCLEAR_1,0.11361612184844216
2030,sc01,02-19 18:00:00+01:00,113_CT_3,0.0
2030,sc01,02-19 18:00:00+01:00,101_STEAM_4,0.0
2030,sc01,02-19 18:00:00+01:00,123_CT_1,0.0
2030,sc01,02-19 18:00:00+01:00,113_CT_2,0.0
2030,sc01,02-19 18:00:00+01:00,115_STEAM_1,0.0
2030,sc01,02-19 18:00:00+01:00,102_STEAM_3,0.0
2030,sc01,02-19 18:00:00+01:00,102_CT_1,0.0
2030,sc01,02-20 10:00:00+01:00,113_CT_1,0.0
2030,sc01,02-20 10:00:00+01:00,123_CT_5,0.0
2030,sc01,02-20 10:00:00+01:00,115_STEAM_3,0.0
2030,sc01,02-20 10:00:00+01:00,101_STEAM_3,1.0
2030,sc01,02-20 10:00:00+01:00,101_CT_2,0.0
2030,sc01,02-20 10:00:00+01:00,115_STEAM_2,0.0
2030,sc01,02-20 10:00:00+01:00,102_CT_2,0.0
2030,sc01,02-20 10:00:00+01:00,116_STEAM_1,0.0
2030,sc01,02-20 10:00:00+01:00,123_STEAM_2,0.0
2030,sc01,02-20 10:00:00+01:00,107_CC_1,0.0
2030,sc01,02-20 10:00:00+01:00,113_CT_4,0.0
2030,sc01,02-20 10:00:00+01:00,101_CT_1,0.0
2030,sc01,02-20 10:00:00+01:00,118_CC_1,0.9829099497323946
2030,sc01,02-20 10:00:00+01:00,102_STEAM_4,1.0
2030,sc01,02-20 10:00:00+01:00,123_CT_4,0.0
2030,sc01,02-20 10:00:00+01:00,123_STEAM_3,0.0
2030,sc01,02-20 10:00:00+01:00,121_NUCLEAR_1,0.8863838781515578
2030,sc01,02-20 10:00:00+01:00,113_CT_3,0.0
2030,sc01,02-20 10:00:00+01:00,101_STEAM_4,1.0
2030,sc01,02-20 10:00:00+01:00,123_CT_1,0.0
2030,sc01,02-20 10:00:00+01:00,113_CT_2,0.0
2030,sc01,02-20 10:00:00+01:00,115_STEAM_1,0.0
2030,sc01,02-20 10:00:00+01:00,102_STEAM_3,1.0
2030,sc01,02-20 10:00:00+01:00,102_CT_1,0.0
2030,sc01,02-23 17:00:00+01:00,113_CT_1,0.0
2030,sc01,02-23 17:00:00+01:00,123_CT_5,0.0
2030,sc01,02-23 17:00:00+01:00,115_STEAM_3,0.0
2030,sc01,02-23 17:00:00+01:00,101_STEAM_3,0.0
2030,sc01,02-23 17:00:00+01:00,101_CT_2,0.0
2030,sc01,02-23 17:00:00+01:00,115_STEAM_2,0.0
2030,sc01,02-23 17:00:00+01:00,102_CT_2,0.0
2030,sc01,02-23 17:00:00+01:00,116_STEAM_1,0.0
2030,sc01,02-23 17:00:00+01:00,123_STEAM_2,0.0
2030,sc01,02-23 17:00:00+01:00,107_CC_1,0.0
2030,sc01,02-23 17:00:00+01:00,113_CT_4,0.0
2030,sc01,02-23 17:00:00+01:00,101_CT_1,0.0
2030,sc01,02-23 17:00:00+01:00,118_CC_1,0.01709005026760536
2030,sc01,02-23 17:00:00+01:00,102_STEAM_4,0.0
2030,sc01,02-23 17:00:00+01:00,123_CT_4,0.0
2030,sc01,02-23 17:00:00+01:00,123_STEAM_3,0.8949739298059217
2030,sc01,02-23 17:00:00+01:00,121_NUCLEAR_1,0.0
2030,sc01,02-23 17:00:00+01:00,113_CT_3,0.0
2030,sc01,02-23 17:00:00+01:00,101_STEAM_4,0.0
2030,sc01,02-23 17:00:00+01:00,123_CT_1,0.0
2030,sc01,02-23 17:00:00+01:00,113_CT_2,0.0
2030,sc01,02-23 17:00:00+01:00,115_STEAM_1,0.0
2030,sc01,02-23 17:00:00+01:00,102_STEAM_3,0.0
2030,sc01,02-23 17:00:00+01:00,102_CT_1,0.0
2030,sc01,02-25 19:00:00+01:00,113_CT_1,0.0
2030,sc01,02-25 19:00:00+01:00,123_CT_5,0.0
2030,sc01,02-25 19:00:00+01:00,115_STEAM_3,1.0
2030,sc01,02-25 19:00:00+01:00,101_STEAM_3,0.0
2030,sc01,02-25 19:00:00+01:00,101_CT_2,0.0
2030,sc01,02-25 19:00:00+01:00,115_STEAM_2,0.0
2030,sc01,02-25 19:00:00+01:00,102_CT_2,0.0
2030,sc01,02-25 19:00:00+01:00,116_STEAM_1,0.0
2030,sc01,02-25 19:00:00+01:00,123_STEAM_2,1.0
2030,sc01,02-25 19:00:00+01:00,107_CC_1,1.0
2030,sc01,02-25 19:00:00+01:00,113_CT_4,0.0
2030,sc01,02-25 19:00:00+01:00,101_CT_1,0.0
2030,sc01,02-25 19:00:00+01:00,118_CC_1,1.0
2030,sc01,02-25 19:00:00+01:00,102_STEAM_4,0.0
2030,sc01,02-25 19:00:00+01:00,123_CT_4,0.0
2030,sc01,02-25 19:00:00+01:00,123_STEAM_3,1.0
2030,sc01,02-25 19:00:00+01:00,121_NUCLEAR_1,1.0
2030,sc01,02-25 19:00:00+01:00,113_CT_3,0.0
2030,sc01,02-25 19:00:00+01:00,101_STEAM_4,0.0
2030,sc01,02-25 19:00:00+01:00,123_CT_1,0.0
2030,sc01,02-25 19:00:00+01:00,113_CT_2,0.0
2030,sc01,02-25 19:00:00+01:00,115_STEAM_1,0.0
2030,sc01,02-25 19:00:00+01:00,102_STEAM_3,0.0
2030,sc01,02-25 19:00:00+01:00,102_CT_1,0.0
2030,sc01,02-26 19:00:00+01:00,113_CT_1,0.0
2030,sc01,02-26 19:00:00+01:00,123_CT_5,0.0
2030,sc01,02-26 19:00:00+01:00,115_STEAM_3,0.0
2030,sc01,02-26 19:00:00+01:00,101_STEAM_3,0.0
2030,sc01,02-26 19:00:00+01:00,101_CT_2,0.0
2030,sc01,02-26 19:00:00+01:00,115_STEAM_2,0.0
2030,sc01,02-26 19:00:00+01:00,102_CT_2,0.0
2030,sc01,02-26 19:00:00+01:00,116_STEAM_1,0.0
2030,sc01,02-26 19:00:00+01:00,123_STEAM_2,0.0
2030,sc01,02-26 19:00:00+01:00,107_CC_1,0.0
2030,sc01,02-26 19:00:00+01:00,113_CT_4,0.0
2030,sc01,02-26 19:00:00+01:00,101_CT_1,0.0
2030,sc01,02-26 19:00:00+01:00,118_CC_1,0.0
2030,sc01,02-26 19:00:00+01:00,102_STEAM_4,0.0
2030,sc01,02-26 19:00:00+01:00,123_CT_4,0.0
2030,sc01,02-26 19:00:00+01:00,123_STEAM_3,0.0
2030,sc01,02-26 19:00:00+01:00,121_NUCLEAR_1,0.9657230703672011
2030,sc01,02-26 19:00:00+01:00,113_CT_3,0.0
2030,sc01,02-26 19:00:00+01:00,101_STEAM_4,0.0
2030,sc01,02-26 19:00:00+01:00,123_CT_1,0.0
2030,sc01,02-26 19:00:00+01:00,113_CT_2,0.0
2030,sc01,02-26 19:00:00+01:00,115_STEAM_1,0.0
2030,sc01,02-26 19:00:00+01:00,102_STEAM_3,0.0
2030,sc01,02-26 19:00:00+01:00,102_CT_1,0.0
2030,sc01,03-04 23:00:00+01:00,113_CT_1,0.0
2030,sc01,03-04 23:00:00+01:00,123_CT_5,0.0
2030,sc01,03-04 23:00:00+01:00,115_STEAM_3,0.0
2030,sc01,03-04 23:00:00+01:00,101_STEAM_3,0.0
2030,sc01,03-04 23:00:00+01:00,101_CT_2,0.0
2030,sc01,03-04 23:00:00+01:00,115_STEAM_2,0.0
2030,sc01,03-04 23:00:00+01:00,102_CT_2,0.0
2030,sc01,03-04 23:00:00+01:00,116_STEAM_1,0.0
2030,sc01,03-04 23:00:00+01:00,123_STEAM_2,0.0
2030,sc01,03-04 23:00:00+01:00,107_CC_1,0.0
2030,sc01,03-04 23:00:00+01:00,113_CT_4,0.0
2030,sc01,03-04 23:00:00+01:00,101_CT_1,0.0
2030,sc01,03-04 23:00:00+01:00,118_CC_1,0.0
2030,sc01,03-04 23:00:00+01:00,102_STEAM_4,0.0
2030,sc01,03-04 23:00:00+01:00,123_CT_4,0.0
2030,sc01,03-04 23:00:00+01:00,123_STEAM_3,0.0
2030,sc01,03-04 23:00:00+01:00,121_NUCLEAR_1,0.03427692963279896
2030,sc01,03-04 23:00:00+01:00,113_CT_3,0.0
2030,sc01,03-04 23:00:00+01:00,101_STEAM_4,0.0
2030,sc01,03-04 23:00:00+01:00,123_CT_1,0.0
2030,sc01,03-04 23:00:00+01:00,113_CT_2,0.0
2030,sc01,03-04 23:00:00+01:00,115_STEAM_1,0.0
2030,sc01,03-04 23:00:00+01:00,102_STEAM_3,0.0
2030,sc01,03-04 23:00:00+01:00,102_CT_1,0.0
2030,sc01,03-23 18:00:00+01:00,113_CT_1,0.0
2030,sc01,03-23 18:00:00+01:00,123_CT_5,0.0
2030,sc01,03-23 18:00:00+01:00,115_STEAM_3,0.0
2030,sc01,03-23 18:00:00+01:00,101_STEAM_3,0.0
2030,sc01,03-23 18:00:00+01:00,101_CT_2,0.0
2030,sc01,03-23 18:00:00+01:00,115_STEAM_2,0.0
2030,sc01,03-23 18:00:00+01:00,102_CT_2,0.0
2030,sc01,03-23 18:00:00+01:00,116_STEAM_1,0.0
2030,sc01,03-23 18:00:00+01:00,123_STEAM_2,0.0
2030,sc01,03-23 18:00:00+01:00,107_CC_1,0.0
2030,sc01,03-23 18:00:00+01:00,113_CT_4,0.0
2030,sc01,03-23 18:00:00+01:00,101_CT_1,0.0
2030,sc01,03-23 18:00:00+01:00,118_CC_1,0.0
2030,sc01,03-23 18:00:00+01:00,102_STEAM_4,0.0
2030,sc01,03-23 18:00:00+01:00,123_CT_4,0.0
2030,sc01,03-23 18:00:00+01:00,123_STEAM_3,0.0
2030,sc01,03-23 18:00:00+01:00,121_NUCLEAR_1,0.0
2030,sc01,03-23 18:00:00+01:00,113_CT_3,0.0
2030,sc01,03-23 18:00:00+01:00,101_STEAM_4,0.0
2030,sc01,03-23 18:00:00+01:00,123_CT_1,0.0
2030,sc01,03-23 18:00:00+01:00,113_CT_2,0.0
2030,sc01,03-23 18:00:00+01:00,115_STEAM_1,0.0
2030,sc01,03-23 18:00:00+01:00,102_STEAM_3,0.0
2030,sc01,03-23 18:00:00+01:00,102_CT_1,0.0
2030,sc01,03-28 15:00:00+01:00,113_CT_1,0.0
2030,sc01,03-28 15:00:00+01:00,123_CT_5,0.0
2030,sc01,03-28 15:00:00+01:00,115_STEAM_3,1.0
2030,sc01,03-28 15:00:00+01:00,101_STEAM_3,0.0
2030,sc01,03-28 15:00:00+01:00,101_CT_2,0.0
2030,sc01,03-28 15:00:00+01:00,115_STEAM_2,0.0
2030,sc01,03-28 15:00:00+01:00,102_CT_2,0.0
2030,sc01,03-28 15:00:00+01:00,116_STEAM_1,0.0
2030,sc01,03-28 15:00:00+01:00,123_STEAM_2,0.0
2030,sc01,03-28 15:00:00+01:00,107_CC_1,1.0
2030,sc01,03-28 15:00:00+01:00,113_CT_4,0.0
2030,sc01,03-28 15:00:00+01:00,101_CT_1,0.0
2030,sc01,03-28 15:00:00+01:00,118_CC_1,0.0
2030,sc01,03-28 15:00:00+01:00,102_STEAM_4,0.0
2030,sc01,03-28 15:00:00+01:00,123_CT_4,0.0
2030,sc01,03-28 15:00:00+01:00,123_STEAM_3,0.0
2030,sc01,03-28 15:00:00+01:00,121_NUCLEAR_1,1.0
2030,sc01,03-28 15:00:00+01:00,113_CT_3,0.0
2030,sc01,03-28 15:00:00+01:00,101_STEAM_4,0.0
2030,sc01,03-28 15:00:00+01:00,123_CT_1,0.0
2030,sc01,03-28 15:00:00+01:00,113_CT_2,0.0
2030,sc01,03-28 15:00:00+01:00,115_STEAM_1,0.0
2030,sc01,03-28 15:00:00+01:00,102_STEAM_3,0.0
2030,sc01,03-28 15:00:00+01:00,102_CT_1,0.0
2030,sc01,04-13 15:00:00+02:00,113_CT_1,0.0
2030,sc01,04-13 15:00:00+02:00,123_CT_5,0.0
2030,sc01,04-13 15:00:00+02:00,115_STEAM_3,0.0
2030,sc01,04-13 15:00:00+02:00,101_STEAM_3,0.0
2030,sc01,04-13 15:00:00+02:00,101_CT_2,0.0
2030,sc01,04-13 15:00:00+02:00,115_STEAM_2,0.0
2030,sc01,04-13 15:00:00+02:00,102_CT_2,0.0
2030,sc01,04-13 15:00:00+02:00,116_STEAM_1,0.0
2030,sc01,04-13 15:00:00+02:00,123_STEAM_2,0.0
2030,sc01,04-13 15:00:00+02:00,107_CC_1,0.0
2030,sc01,04-13 15:00:00+02:00,113_CT_4,0.0
2030,sc01,04-13 15:00:00+02:00,101_CT_1,0.0
2030,sc01,04-13 15:00:00+02:00,118_CC_1,0.0
2030,sc01,04-13 15:00:00+02:00,102_STEAM_4,0.0
2030,sc01,04-13 15:00:00+02:00,123_CT_4,0.0
2030,sc01,04-13 15:00:00+02:00,123_STEAM_3,0.0
2030,sc01,04-13 15:00:00+02:00,121_NUCLEAR_1,0.0
2030,sc01,04-13 15:00:00+02:00,113_CT_3,0.0
2030,sc01,04-13 15:00:00+02:00,101_STEAM_4,0.0
2030,sc01,04-13 15:00:00+02:00,123_CT_1,0.0
2030,sc01,04-13 15:00:00+02:00,113_CT_2,0.0
2030,sc01,04-13 15:00:00+02:00,115_STEAM_1,0.0
2030,sc01,04-13 15:00:00+02:00,102_STEAM_3,0.0
2030,sc01,04-13 15:00:00+02:00,102_CT_1,0.0
2030,sc01,04-18 20:00:00+02:00,113_CT_1,0.0
2030,sc01,04-18 20:00:00+02:00,123_CT_5,0.0
2030,sc01,04-18 20:00:00+02:00,115_STEAM_3,0.0
2030,sc01,04-18 20:00:00+02:00,101_STEAM_3,0.0
2030,sc01,04-18 20:00:00+02:00,101_CT_2,0.0
2030,sc01,04-18 20:00:00+02:00,115_STEAM_2,0.0
2030,sc01,04-18 20:00:00+02:00,102_CT_2,0.0
2030,sc01,04-18 20:00:00+02:00,116_STEAM_1,0.0
2030,sc01,04-18 20:00:00+02:00,123_STEAM_2,0.0
2030,sc01,04-18 20:00:00+02:00,107_CC_1,0.0
2030,sc01,04-18 20:00:00+02:00,113_CT_4,0.0
2030,sc01,04-18 20:00:00+02:00,101_CT_1,0.0
2030,sc01,04-18 20:00:00+02:00,118_CC_1,0.0
2030,sc01,04-18 20:00:00+02:00,102_STEAM_4,0.0
2030,sc01,04-18 20:00:00+02:00,123_CT_4,0.0
2030,sc01,04-18 20:00:00+02:00,123_STEAM_3,0.0
2030,sc01,04-18 20:00:00+02:00,121_NUCLEAR_1,0.0
2030,sc01,04-18 20:00:00+02:00,113_CT_3,0.0
2030,sc01,04-18 20:00:00+02:00,101_STEAM_4,0.0
2030,sc01,04-18 20:00:00+02:00,123_CT_1,0.0
2030,sc01,04-18 20:00:00+02:00,113_CT_2,0.0
2030,sc01,04-18 20:00:00+02:00,115_STEAM_1,0.0
2030,sc01,04-18 20:00:00+02:00,102_STEAM_3,0.0
2030,sc01,04-18 20:00:00+02:00,102_CT_1,0.0
2030,sc01,05-02 22:00:00+02:00,113_CT_1,0.0
2030,sc01,05-02 22:00:00+02:00,123_CT_5,0.0
2030,sc01,05-02 22:00:00+02:00,115_STEAM_3,0.0
2030,sc01,05-02 22:00:00+02:00,101_STEAM_3,0.0
2030,sc01,05-02 22:00:00+02:00,101_CT_2,0.0
2030,sc01,05-02 22:00:00+02:00,115_STEAM_2,0.0
2030,sc01,05-02 22:00:00+02:00,102_CT_2,0.0
2030,sc01,05-02 22:00:00+02:00,116_STEAM_1,0.0
2030,sc01,05-02 22:00:00+02:00,123_STEAM_2,0.0
2030,sc01,05-02 22:00:00+02:00,107_CC_1,0.0
2030,sc01,05-02 22:00:00+02:00,113_CT_4,0.0
2030,sc01,05-02 22:00:00+02:00,101_CT_1,0.0
2030,sc01,05-02 22:00:00+02:00,118_CC_1,0.0
2030,sc01,05-02 22:00:00+02:00,102_STEAM_4,0.0
2030,sc01,05-02 22:00:00+02:00,123_CT_4,0.0
2030,sc01,05-02 22:00:00+02:00,123_STEAM_3,0.0
2030,sc01,05-02 22:00:00+02:00,121_NUCLEAR_1,0.0
2030,sc01,05-02 22:00:00+02:00,113_CT_3,0.0
2030,sc01,05-02 22:00:00+02:00,101_STEAM_4,0.0
2030,sc01,05-02 22:00:00+02:00,123_CT_1,0.0
2030,sc01,05-02 22:00:00+02:00,113_CT_2,0.0
2030,sc01,05-02 22:00:00+02:00,115_STEAM_1,0.0
2030,sc01,05-02 22:00:00+02:00,102_STEAM_3,0.0
2030,sc01,05-02 22:00:00+02:00,102_CT_1,0.0
2030,sc01,05-06 12:00:00+02:00,113_CT_1,0.0
2030,sc01,05-06 12:00:00+02:00,123_CT_5,0.0
2030,sc01,05-06 12:00:00+02:00,115_STEAM_3,0.0
2030,sc01,05-06 12:00:00+02:00,101_STEAM_3,0.0
2030,sc01,05-06 12:00:00+02:00,101_CT_2,0.0
2030,sc01,05-06 12:00:00+02:00,115_STEAM_2,0.0
2030,sc01,05-06 12:00:00+02:00,102_CT_2,0.0
2030,sc01,05-06 12:00:00+02:00,116_STEAM_1,0.0
2030,sc01,05-06 12:00:00+02:00,123_STEAM_2,0.0
2030,sc01,05-06 12:00:00+02:00,107_CC_1,0.0
2030,sc01,05-06 12:00:00+02:00,113_CT_4,0.0
2030,sc01,05-06 12:00:00+02:00,101_CT_1,0.0
2030,sc01,05-06 12:00:00+02:00,118_CC_1,0.0
2030,sc01,05-06 12:00:00+02:00,102_STEAM_4,0.0
2030,sc01,05-06 12:00:00+02:00,123_CT_4,0.0
2030,sc01,05-06 12:00:00+02:00,123_STEAM_3,0.0
2030,sc01,05-06 12:00:00+02:00,121_NUCLEAR_1,0.0
2030,sc01,05-06 12:00:00+02:00,113_CT_3,0.0
2030,sc01,05-06 12:00:00+02:00,101_STEAM_4,0.0
2030,sc01,05-06 12:00:00+02:00,123_CT_1,0.0
2030,sc01,05-06 12:00:00+02:00,113_CT_2,0.0
2030,sc01,05-06 12:00:00+02:00,115_STEAM_1,0.0
2030,sc01,05-06 12:00:00+02:00,102_STEAM_3,0.0
2030,sc01,05-06 12:00:00+02:00,102_CT_1,0.0
2030,sc01,05-29 22:00:00+02:00,113_CT_1,0.0
2030,sc01,05-29 22:00:00+02:00,123_CT_5,0.0
2030,sc01,05-29 22:00:00+02:00,115_STEAM_3,0.0
2030,sc01,05-29 22:00:00+02:00,101_STEAM_3,0.0
2030,sc01,05-29 22:00:00+02:00,101_CT_2,0.0
2030,sc01,05-29 22:00:00+02:00,115_STEAM_2,0.0
2030,sc01,05-29 22:00:00+02:00,102_CT_2,0.0
2030,sc01,05-29 22:00:00+02:00,116_STEAM_1,0.0
2030,sc01,05-29 22:00:00+02:00,123_STEAM_2,0.0
2030,sc01,05-29 22:00:00+02:00,107_CC_1,0.0
2030,sc01,05-29 22:00:00+02:00,113_CT_4,0.0
2030,sc01,05-29 22:00:00+02:00,101_CT_1,0.0
2030,sc01,05-29 22:00:00+02:00,118_CC_1,0.0
2030,sc01,05-29 22:00:00+02:00,102_STEAM_4,0.0
2030,sc01,05-29 22:00:00+02:00,123_CT_4,0.0
2030,sc01,05-29 22:00:00+02:00,123_STEAM_3,0.0
2030,sc01,05-29 22:00:00+02:00,121_NUCLEAR_1,0.0
2030,sc01,05-29 22:00:00+02:00,113_CT_3,0.0
2030,sc01,05-29 22:00:00+02:00,101_STEAM_4,0.0
2030,sc01,05-29 22:00:00+02:00,123_CT_1,0.0
2030,sc01,05-29 22:00:00+02:00,113_CT_2,0.0
2030,sc01,05-29 22:00:00+02:00,115_STEAM_1,0.0
2030,sc01,05-29 22:00:00+02:00,102_STEAM_3,0.0
2030,sc01,05-29 22:00:00+02:00,102_CT_1,0.0
2030,sc01,05-30 02:00:00+02:00,113_CT_1,0.0
2030,sc01,05-30 02:00:00+02:00,123_CT_5,0.0
2030,sc01,05-30 02:00:00+02:00,115_STEAM_3,0.0
2030,sc01,05-30 02:00:00+02:00,101_STEAM_3,0.0
2030,sc01,05-30 02:00:00+02:00,101_CT_2,0.0
2030,sc01,05-30 02:00:00+02:00,115_STEAM_2,0.0
2030,sc01,05-30 02:00:00+02:00,102_CT_2,0.0
2030,sc01,05-30 02:00:00+02:00,116_STEAM_1,0.0
2030,sc01,05-30 02:00:00+02:00,123_STEAM_2,0.0
2030,sc01,05-30 02:00:00+02:00,107_CC_1,0.0
2030,sc01,05-30 02:00:00+02:00,113_CT_4,0.0
2030,sc01,05-30 02:00:00+02:00,101_CT_1,0.0
2030,sc01,05-30 02:00:00+02:00,118_CC_1,0.0
2030,sc01,05-30 02:00:00+02:00,102_STEAM_4,0.0
2030,sc01,05-30 02:00:00+02:00,123_CT_4,0.0
2030,sc01,05-30 02:00:00+02:00,123_STEAM_3,0.0
2030,sc01,05-30 02:00:00+02:00,121_NUCLEAR_1,0.0
2030,sc01,05-30 02:00:00+02:00,113_CT_3,0.0
2030,sc01,05-30 02:00:00+02:00,101_STEAM_4,0.0
2030,sc01,05-30 02:00:00+02:00,123_CT_1,0.0
2030,sc01,05-30 02:00:00+02:00,113_CT_2,0.0
2030,sc01,05-30 02:00:00+02:00,115_STEAM_1,0.0
2030,sc01,05-30 02:00:00+02:00,102_STEAM_3,0.0
2030,sc01,05-30 02:00:00+02:00,102_CT_1,0.0
2030,sc01,06-06 10:00:00+02:00,113_CT_1,0.0
2030,sc01,06-06 10:00:00+02:00,123_CT_5,0.0
2030,sc01,06-06 10:00:00+02:00,115_STEAM_3,0.0
2030,sc01,06-06 10:00:00+02:00,101_STEAM_3,0.0
2030,sc01,06-06 10:00:00+02:00,101_CT_2,0.0
2030,sc01,06-06 10:00:00+02:00,115_STEAM_2,0.0
2030,sc01,06-06 10:00:00+02:00,102_CT_2,0.0
2030,sc01,06-06 10:00:00+02:00,116_STEAM_1,0.0
2030,sc01,06-06 10:00:00+02:00,123_STEAM_2,0.0
2030,sc01,06-06 10:00:00+02:00,107_CC_1,0.0
2030,sc01,06-06 10:00:00+02:00,113_CT_4,0.0
2030,sc01,06-06 10:00:00+02:00,101_CT_1,0.0
2030,sc01,06-06 10:00:00+02:00,118_CC_1,0.0
2030,sc01,06-06 10:00:00+02:00,102_STEAM_4,0.0
2030,sc01,06-06 10:00:00+02:00,123_CT_4,0.0
2030,sc01,06-06 10:00:00+02:00,123_STEAM_3,0.0
2030,sc01,06-06 10:00:00+02:00,121_NUCLEAR_1,0.0
2030,sc01,06-06 10:00:00+02:00,113_CT_3,0.0
2030,sc01,06-06 10:00:00+02:00,101_STEAM_4,0.0
2030,sc01,06-06 10:00:00+02:00,123_CT_1,0.0
2030,sc01,06-06 10:00:00+02:00,113_CT_2,0.0
2030,sc01,06-06 10:00:00+02:00,115_STEAM_1,0.0
2030,sc01,06-06 10:00:00+02:00,102_STEAM_3,0.0
2030,sc01,06-06 10:00:00+02:00,102_CT_1,0.0
2030,sc01,06-15 16:00:00+02:00,113_CT_1,0.0
2030,sc01,06-15 16:00:00+02:00,123_CT_5,0.0
2030,sc01,06-15 16:00:00+02:00,115_STEAM_3,0.0
2030,sc01,06-15 16:00:00+02:00,101_STEAM_3,0.0
2030,sc01,06-15 16:00:00+02:00,101_CT_2,0.0
2030,sc01,06-15 16:00:00+02:00,115_STEAM_2,0.0
2030,sc01,06-15 16:00:00+02:00,102_CT_2,0.0
2030,sc01,06-15 16:00:00+02:00,116_STEAM_1,0.0
2030,sc01,06-15 16:00:00+02:00,123_STEAM_2,0.0
2030,sc01,06-15 16:00:00+02:00,107_CC_1,0.0
2030,sc01,06-15 16:00:00+02:00,113_CT_4,0.0
2030,sc01,06-15 16:00:00+02:00,101_CT_1,0.0
2030,sc01,06-15 16:00:00+02:00,118_CC_1,0.0
2030,sc01,06-15 16:00:00+02:00,102_STEAM_4,0.0
2030,sc01,06-15 16:00:00+02:00,123_CT_4,0.0
2030,sc01,06-15 16:00:00+02:00,123_STEAM_3,0.0
2030,sc01,06-15 16:00:00+02:00,121_NUCLEAR_1,0.0
2030,sc01,06-15 16:00:00+02:00,113_CT_3,0.0
2030,sc01,06-15 16:00:00+02:00,101_STEAM_4,0.0
2030,sc01,06-15 16:00:00+02:00,123_CT_1,0.0
2030,sc01,06-15 16:00:00+02:00,113_CT_2,0.0
2030,sc01,06-15 16:00:00+02:00,115_STEAM_1,0.0
2030,sc01,06-15 16:00:00+02:00,102_STEAM_3,0.0
2030,sc01,06-15 16:00:00+02:00,102_CT_1,0.0
2030,sc01,07-04 16:00:00+02:00,113_CT_1,0.0
2030,sc01,07-04 16:00:00+02:00,123_CT_5,0.0
2030,sc01,07-04 16:00:00+02:00,115_STEAM_3,0.0
2030,sc01,07-04 16:00:00+02:00,101_STEAM_3,0.0
2030,sc01,07-04 16:00:00+02:00,101_CT_2,0.0
2030,sc01,07-04 16:00:00+02:00,115_STEAM_2,0.0
2030,sc01,07-04 16:00:00+02:00,102_CT_2,0.0
2030,sc01,07-04 16:00:00+02:00,116_STEAM_1,0.0
2030,sc01,07-04 16:00:00+02:00,123_STEAM_2,0.0
2030,sc01,07-04 16:00:00+02:00,107_CC_1,0.0
2030,sc01,07-04 16:00:00+02:00,113_CT_4,0.0
2030,sc01,07-04 16:00:00+02:00,101_CT_1,0.0
2030,sc01,07-04 16:00:00+02:00,118_CC_1,0.0
2030,sc01,07-04 16:00:00+02:00,102_STEAM_4,0.0
2030,sc01,07-04 16:00:00+02:00,123_CT_4,0.0
2030,sc01,07-04 16:00:00+02:00,123_STEAM_3,0.0
2030,sc01,07-04 16:00:00+02:00,121_NUCLEAR_1,0.0
2030,sc01,07-04 16:00:00+02:00,113_CT_3,0.0
2030,sc01,07-04 16:00:00+02:00,101_STEAM_4,0.0
2030,sc01,07-04 16:00:00+02:00,123_CT_1,0.0
2030,sc01,07-04 16:00:00+02:00,113_CT_2,0.0
2030,sc01,07-04 16:00:00+02:00,115_STEAM_1,0.0
2030,sc01,07-04 16:00:00+02:00,102_STEAM_3,0.0
2030,sc01,07-04 16:00:00+02:00,102_CT_1,0.0
2030,sc01,07-08 22:00:00+02:00,113_CT_1,0.0
2030,sc01,07-08 22:00:00+02:00,123_CT_5,0.0
2030,sc01,07-08 22:00:00+02:00,115_STEAM_3,0.0
2030,sc01,07-08 22:00:00+02:00,101_STEAM_3,0.0
2030,sc01,07-08 22:00:00+02:00,101_CT_2,0.0
2030,sc01,07-08 22:00:00+02:00,115_STEAM_2,0.0
2030,sc01,07-08 22:00:00+02:00,102_CT_2,0.0
2030,sc01,07-08 22:00:00+02:00,116_STEAM_1,0.0
2030,sc01,07-08 22:00:00+02:00,123_STEAM_2,0.0
2030,sc01,07-08 22:00:00+02:00,107_CC_1,0.0
2030,sc01,07-08 22:00:00+02:00,113_CT_4,0.0
2030,sc01,07-08 22:00:00+02:00,101_CT_1,0.0
2030,sc01,07-08 22:00:00+02:00,118_CC_1,0.0
2030,sc01,07-08 22:00:00+02:00,102_STEAM_4,0.0
2030,sc01,07-08 22:00:00+02:00,123_CT_4,0.0
2030,sc01,07-08 22:00:00+02:00,123_STEAM_3,0.0
2030,sc01,07-08 22:00:00+02:00,121_NUCLEAR_1,0.0
2030,sc01,07-08 22:00:00+02:00,113_CT_3,0.0
2030,sc01,07-08 22:00:00+02:00,101_STEAM_4,0.0
2030,sc01,07-08 22:00:00+02:00,123_CT_1,0.0
2030,sc01,07-08 22:00:00+02:00,113_CT_2,0.0
2030,sc01,07-08 22:00:00+02:00,115_STEAM_1,0.0
2030,sc01,07-08 22:00:00+02:00,102_STEAM_3,0.0
2030,sc01,07-08 22:00:00+02:00,102_CT_1,0.0
2030,sc01,07-29 15:00:00+02:00,113_CT_1,0.0
2030,sc01,07-29 15:00:00+02:00,123_CT_5,0.0
2030,sc01,07-29 15:00:00+02:00,115_STEAM_3,0.0
2030,sc01,07-29 15:00:00+02:00,101_STEAM_3,0.0
2030,sc01,07-29 15:00:00+02:00,101_CT_2,0.0
2030,sc01,07-29 15:00:00+02:00,115_STEAM_2,0.0
2030,sc01,07-29 15:00:00+02:00,102_CT_2,0.0
2030,sc01,07-29 15:00:00+02:00,116_STEAM_1,0.0
2030,sc01,07-29 15:00:00+02:00,123_STEAM_2,0.0
2030,sc01,07-29 15:00:00+02:00,107_CC_1,0.0
2030,sc01,07-29 15:00:00+02:00,113_CT_4,0.0
2030,sc01,07-29 15:00:00+02:00,101_CT_1,0.0
2030,sc01,07-29 15:00:00+02:00,118_CC_1,0.0
2030,sc01,07-29 15:00:00+02:00,102_STEAM_4,0.0
2030,sc01,07-29 15:00:00+02:00,123_CT_4,0.0
2030,sc01,07-29 15:00:00+02:00,123_STEAM_3,0.0
2030,sc01,07-29 15:00:00+02:00,121_NUCLEAR_1,0.45212662634984124
2030,sc01,07-29 15:00:00+02:00,113_CT_3,0.0
2030,sc01,07-29 15:00:00+02:00,101_STEAM_4,0.0
2030,sc01,07-29 15:00:00+02:00,123_CT_1,0.0
2030,sc01,07-29 15:00:00+02:00,113_CT_2,0.0
2030,sc01,07-29 15:00:00+02:00,115_STEAM_1,0.0
2030,sc01,07-29 15:00:00+02:00,102_STEAM_3,0.0
2030,sc01,07-29 15:00:00+02:00,102_CT_1,0.0
2030,sc01,08-12 23:00:00+02:00,113_CT_1,0.0
2030,sc01,08-12 23:00:00+02:00,123_CT_5,0.0
2030,sc01,08-12 23:00:00+02:00,115_STEAM_3,0.0
2030,sc01,08-12 23:00:00+02:00,101_STEAM_3,0.0
2030,sc01,08-12 23:00:00+02:00,101_CT_2,0.0
2030,sc01,08-12 23:00:00+02:00,115_STEAM_2,0.0
2030,sc01,08-12 23:00:00+02:00,102_CT_2,0.0
2030,sc01,08-12 23:00:00+02:00,116_STEAM_1,0.0
2030,sc01,08-12 23:00:00+02:00,123_STEAM_2,0.0
2030,sc01,08-12 23:00:00+02:00,107_CC_1,0.0
2030,sc01,08-12 23:00:00+02:00,113_CT_4,0.0
2030,sc01,08-12 23:00:00+02:00,101_CT_1,0.0
2030,sc01,08-12 23:00:00+02:00,118_CC_1,0.0
2030,sc01,08-12 23:00:00+02:00,102_STEAM_4,0.0
2030,sc01,08-12 23:00:00+02:00,123_CT_4,0.0
2030,sc01,08-12 23:00:00+02:00,123_STEAM_3,0.0
2030,sc01,08-12 23:00:00+02:00,121_NUCLEAR_1,1.0
2030,sc01,08-12 23:00:00+02:00,113_CT_3,0.0
2030,sc01,08-12 23:00:00+02:00,101_STEAM_4,0.0
2030,sc01,08-12 23:00:00+02:00,123_CT_1,0.0
2030,sc01,08-12 23:00:00+02:00,113_CT_2,0.0
2030,sc01,08-12 23:00:00+02:00,115_STEAM_1,0.0
2030,sc01,08-12 23:00:00+02:00,102_STEAM_3,0.0
2030,sc01,08-12 23:00:00+02:00,102_CT_1,0.0
2030,sc01,08-21 14:00:00+02:00,113_CT_1,0.0
2030,sc01,08-21 14:00:00+02:00,123_CT_5,0.0
2030,sc01,08-21 14:00:00+02:00,115_STEAM_3,0.0
2030,sc01,08-21 14:00:00+02:00,101_STEAM_3,0.0
2030,sc01,08-21 14:00:00+02:00,101_CT_2,0.0
2030,sc01,08-21 14:00:00+02:00,115_STEAM_2,0.0
2030,sc01,08-21 14:00:00+02:00,102_CT_2,0.0
2030,sc01,08-21 14:00:00+02:00,116_STEAM_1,0.0
2030,sc01,08-21 14:00:00+02:00,123_STEAM_2,0.0
2030,sc01,08-21 14:00:00+02:00,107_CC_1,0.0
2030,sc01,08-21 14:00:00+02:00,113_CT_4,0.0
2030,sc01,08-21 14:00:00+02:00,101_CT_1,0.0
2030,sc01,08-21 14:00:00+02:00,118_CC_1,0.0
2030,sc01,08-21 14:00:00+02:00,102_STEAM_4,0.0
2030,sc01,08-21 14:00:00+02:00,123_CT_4,0.0
2030,sc01,08-21 14:00:00+02:00,123_STEAM_3,0.0
2030,sc01,08-21 14:00:00+02:00,121_NUCLEAR_1,0.0
2030,sc01,08-21 14:00:00+02:00,113_CT_3,0.0
2030,sc01,08-21 14:00:00+02:00,101_STEAM_4,0.0
2030,sc01,08-21 14:00:00+02:00,123_CT_1,0.0
2030,sc01,08-21 14:00:00+02:00,113_CT_2,0.0
2030,sc01,08-21 14:00:00+02:00,115_STEAM_1,0.0
2030,sc01,08-21 14:00:00+02:00,102_STEAM_3,0.0
2030,sc01,08-21 14:00:00+02:00,102_CT_1,0.0
2030,sc01,09-10 16:00:00+02:00,113_CT_1,0.0
2030,sc01,09-10 16:00:00+02:00,123_CT_5,0.0
2030,sc01,09-10 16:00:00+02:00,115_STEAM_3,0.0
2030,sc01,09-10 16:00:00+02:00,101_STEAM_3,0.0
2030,sc01,09-10 16:00:00+02:00,101_CT_2,0.0
2030,sc01,09-10 16:00:00+02:00,115_STEAM_2,0.0
2030,sc01,09-10 16:00:00+02:00,102_CT_2,0.0
2030,sc01,09-10 16:00:00+02:00,116_STEAM_1,0.0
2030,sc01,09-10 16:00:00+02:00,123_STEAM_2,0.0
2030,sc01,09-10 16:00:00+02:00,107_CC_1,0.0
2030,sc01,09-10 16:00:00+02:00,113_CT_4,0.0
2030,sc01,09-10 16:00:00+02:00,101_CT_1,0.0
2030,sc01,09-10 16:00:00+02:00,118_CC_1,0.0
2030,sc01,09-10 16:00:00+02:00,102_STEAM_4,0.0
2030,sc01,09-10 16:00:00+02:00,123_CT_4,0.0
2030,sc01,09-10 16:00:00+02:00,123_STEAM_3,0.0
2030,sc01,09-10 16:00:00+02:00,121_NUCLEAR_1,0.0
2030,sc01,09-10 16:00:00+02:00,113_CT_3,0.0
2030,sc01,09-10 16:00:00+02:00,101_STEAM_4,0.0
2030,sc01,09-10 16:00:00+02:00,123_CT_1,0.0
2030,sc01,09-10 16:00:00+02:00,113_CT_2,0.0
2030,sc01,09-10 16:00:00+02:00,115_STEAM_1,0.0
2030,sc01,09-10 16:00:00+02:00,102_STEAM_3,0.0
2030,sc01,09-10 16:00:00+02:00,102_CT_1,0.0
2030,sc01,09-24 21:00:00+02:00,113_CT_1,0.0
2030,sc01,09-24 21:00:00+02:00,123_CT_5,0.0
2030,sc01,09-24 21:00:00+02:00,115_STEAM_3,0.0
2030,sc01,09-24 21:00:00+02:00,101_STEAM_3,0.0
2030,sc01,09-24 21:00:00+02:00,101_CT_2,0.0
2030,sc01,09-24 21:00:00+02:00,115_STEAM_2,0.0
2030,sc01,09-24 21:00:00+02:00,102_CT_2,0.0
2030,sc01,09-24 21:00:00+02:00,116_STEAM_1,0.0
2030,sc01,09-24 21:00:00+02:00,123_STEAM_2,0.0
2030,sc01,09-24 21:00:00+02:00,107_CC_1,0.0
2030,sc01,09-24 21:00:00+02:00,113_CT_4,0.0
2030,sc01,09-24 21:00:00+02:00,101_CT_1,0.0
2030,sc01,09-24 21:00:00+02:00,118_CC_1,0.0
2030,sc01,09-24 21:00:00+02:00,102_STEAM_4,0.0
2030,sc01,09-24 21:00:00+02:00,123_CT_4,0.0
2030,sc01,09-24 21:00:00+02:00,123_STEAM_3,0.0
2030,sc01,09-24 21:00:00+02:00,121_NUCLEAR_1,0.0
2030,sc01,09-24 21:00:00+02:00,113_CT_3,0.0
2030,sc01,09-24 21:00:00+02:00,101_STEAM_4,0.0
2030,sc01,09-24 21:00:00+02:00,123_CT_1,0.0
2030,sc01,09-24 21:00:00+02:00,113_CT_2,0.0
2030,sc01,09-24 21:00:00+02:00,115_STEAM_1,0.0
2030,sc01,09-24 21:00:00+02:00,102_STEAM_3,0.0
2030,sc01,09-24 21:00:00+02:00,102_CT_1,0.0
2030,sc01,10-02 15:00:00+02:00,113_CT_1,0.0
2030,sc01,10-02 15:00:00+02:00,123_CT_5,0.0
2030,sc01,10-02 15:00:00+02:00,115_STEAM_3,0.0
2030,sc01,10-02 15:00:00+02:00,101_STEAM_3,0.0
2030,sc01,10-02 15:00:00+02:00,101_CT_2,0.0
2030,sc01,10-02 15:00:00+02:00,115_STEAM_2,0.0
2030,sc01,10-02 15:00:00+02:00,102_CT_2,0.0
2030,sc01,10-02 15:00:00+02:00,116_STEAM_1,0.0
2030,sc01,10-02 15:00:00+02:00,123_STEAM_2,0.0
2030,sc01,10-02 15:00:00+02:00,107_CC_1,0.0
2030,sc01,10-02 15:00:00+02:00,113_CT_4,0.0
2030,sc01,10-02 15:00:00+02:00,101_CT_1,0.0
2030,sc01,10-02 15:00:00+02:00,118_CC_1,0.0
2030,sc01,10-02 15:00:00+02:00,102_STEAM_4,0.0
2030,sc01,10-02 15:00:00+02:00,123_CT_4,0.0
2030,sc01,10-02 15:00:00+02:00,123_STEAM_3,0.0
2030,sc01,10-02 15:00:00+02:00,121_NUCLEAR_1,0.0
2030,sc01,10-02 15:00:00+02:00,113_CT_3,0.0
2030,sc01,10-02 15:00:00+02:00,101_STEAM_4,0.0
2030,sc01,10-02 15:00:00+02:00,123_CT_1,0.0
2030,sc01,10-02 15:00:00+02:00,113_CT_2,0.0
2030,sc01,10-02 15:00:00+02:00,115_STEAM_1,0.0
2030,sc01,10-02 15:00:00+02:00,102_STEAM_3,0.0
2030,sc01,10-02 15:00:00+02:00,102_CT_1,0.0
2030,sc01,10-21 10:00:00+02:00,113_CT_1,0.0
2030,sc01,10-21 10:00:00+02:00,123_CT_5,0.0
2030,sc01,10-21 10:00:00+02:00,115_STEAM_3,0.0
2030,sc01,10-21 10:00:00+02:00,101_STEAM_3,0.0
2030,sc01,10-21 10:00:00+02:00,101_CT_2,0.0
2030,sc01,10-21 10:00:00+02:00,115_STEAM_2,0.0
2030,sc01,10-21 10:00:00+02:00,102_CT_2,0.0
2030,sc01,10-21 10:00:00+02:00,116_STEAM_1,0.0
2030,sc01,10-21 10:00:00+02:00,123_STEAM_2,0.0
2030,sc01,10-21 10:00:00+02:00,107_CC_1,0.0
2030,sc01,10-21 10:00:00+02:00,113_CT_4,0.0
2030,sc01,10-21 10:00:00+02:00,101_CT_1,0.0
2030,sc01,10-21 10:00:00+02:00,118_CC_1,0.0
2030,sc01,10-21 10:00:00+02:00,102_STEAM_4,0.0
2030,sc01,10-21 10:00:00+02:00,123_CT_4,0.0
2030,sc01,10-21 10:00:00+02:00,123_STEAM_3,0.0
2030,sc01,10-21 10:00:00+02:00,121_NUCLEAR_1,0.0
2030,sc01,10-21 10:00:00+02:00,113_CT_3,0.0
2030,sc01,10-21 10:00:00+02:00,101_STEAM_4,0.0
2030,sc01,10-21 10:00:00+02:00,123_CT_1,0.0
2030,sc01,10-21 10:00:00+02:00,113_CT_2,0.0
2030,sc01,10-21 10:00:00+02:00,115_STEAM_1,0.0
2030,sc01,10-21 10:00:00+02:00,102_STEAM_3,0.0
2030,sc01,10-21 10:00:00+02:00,102_CT_1,0.0
2030,sc01,11-02 16:00:00+01:00,113_CT_1,0.0
2030,sc01,11-02 16:00:00+01:00,123_CT_5,0.0
2030,sc01,11-02 16:00:00+01:00,115_STEAM_3,0.0
2030,sc01,11-02 16:00:00+01:00,101_STEAM_3,0.0
2030,sc01,11-02 16:00:00+01:00,101_CT_2,0.0
2030,sc01,11-02 16:00:00+01:00,115_STEAM_2,0.0
2030,sc01,11-02 16:00:00+01:00,102_CT_2,0.0
2030,sc01,11-02 16:00:00+01:00,116_STEAM_1,0.0
2030,sc01,11-02 16:00:00+01:00,123_STEAM_2,0.0
2030,sc01,11-02 16:00:00+01:00,107_CC_1,0.0
2030,sc01,11-02 16:00:00+01:00,113_CT_4,0.0
2030,sc01,11-02 16:00:00+01:00,101_CT_1,0.0
2030,sc01,11-02 16:00:00+01:00,118_CC_1,1.0
2030,sc01,11-02 16:00:00+01:00,102_STEAM_4,0.0
2030,sc01,11-02 16:00:00+01:00,123_CT_4,0.0
2030,sc01,11-02 16:00:00+01:00,123_STEAM_3,0.0
2030,sc01,11-02 16:00:00+01:00,121_NUCLEAR_1,1.0
2030,sc01,11-02 16:00:00+01:00,113_CT_3,0.0
2030,sc01,11-02 16:00:00+01:00,101_STEAM_4,0.0
2030,sc01,11-02 16:00:00+01:00,123_CT_1,0.0
2030,sc01,11-02 16:00:00+01:00,113_CT_2,0.0
2030,sc01,11-02 16:00:00+01:00,115_STEAM_1,0.0
2030,sc01,11-02 16:00:00+01:00,102_STEAM_3,0.0
2030,sc01,11-02 16:00:00+01:00,102_CT_1,0.0
2030,sc01,11-09 08:00:00+01:00,113_CT_1,0.0
2030,sc01,11-09 08:00:00+01:00,123_CT_5,0.0
2030,sc01,11-09 08:00:00+01:00,115_STEAM_3,0.0
2030,sc01,11-09 08:00:00+01:00,101_STEAM_3,0.0
2030,sc01,11-09 08:00:00+01:00,101_CT_2,0.0
2030,sc01,11-09 08:00:00+01:00,115_STEAM_2,0.0
2030,sc01,11-09 08:00:00+01:00,102_CT_2,0.0
2030,sc01,11-09 08:00:00+01:00,116_STEAM_1,0.0
2030,sc01,11-09 08:00:00+01:00,123_STEAM_2,0.0
2030,sc01,11-09 08:00:00+01:00,107_CC_1,0.00648750876969173
2030,sc01,11-09 08:00:00+01:00,113_CT_4,0.0
2030,sc01,11-09 08:00:00+01:00,101_CT_1,0.0
2030,sc01,11-09 08:00:00+01:00,118_CC_1,0.0
2030,sc01,11-09 08:00:00+01:00,102_STEAM_4,0.0
2030,sc01,11-09 08:00:00+01:00,123_CT_4,0.0
2030,sc01,11-09 08:00:00+01:00,123_STEAM_3,0.5966257937763872
2030,sc01,11-09 08:00:00+01:00,121_NUCLEAR_1,0.20682598452507625
2030,sc01,11-09 08:00:00+01:00,113_CT_3,0.0
2030,sc01,11-09 08:00:00+01:00,101_STEAM_4,0.0
2030,sc01,11-09 08:00:00+01:00,123_CT_1,0.0
2030,sc01,11-09 08:00:00+01:00,113_CT_2,0.0
2030,sc01,11-09 08:00:00+01:00,115_STEAM_1,0.0
2030,sc01,11-09 08:00:00+01:00,102_STEAM_3,0.0
2030,sc01,11-09 08:00:00+01:00,102_CT_1,0.0
2030,sc01,11-20 17:00:00+01:00,113_CT_1,0.0
2030,sc01,11-20 17:00:00+01:00,123_CT_5,0.0
2030,sc01,11-20 17:00:00+01:00,115_STEAM_3,0.0
2030,sc01,11-20 17:00:00+01:00,101_STEAM_3,0.6610273963577107
2030,sc01,11-20 17:00:00+01:00,101_CT_2,0.0
2030,sc01,11-20 17:00:00+01:00,115_STEAM_2,0.0
2030,sc01,11-20 17:00:00+01:00,102_CT_2,0.0
2030,sc01,11-20 17:00:00+01:00,116_STEAM_1,0.0
2030,sc01,11-20 17:00:00+01:00,123_STEAM_2,1.0
2030,sc01,11-20 17:00:00+01:00,107_CC_1,0.9935124912303083
2030,sc01,11-20 17:00:00+01:00,113_CT_4,0.0
2030,sc01,11-20 17:00:00+01:00,101_CT_1,0.0
2030,sc01,11-20 17:00:00+01:00,118_CC_1,0.6983736107111562
2030,sc01,11-20 17:00:00+01:00,102_STEAM_4,0.0
2030,sc01,11-20 17:00:00+01:00,123_CT_4,0.0
2030,sc01,11-20 17:00:00+01:00,123_STEAM_3,0.4033742062236127
2030,sc01,11-20 17:00:00+01:00,121_NUCLEAR_1,0.0
2030,sc01,11-20 17:00:00+01:00,113_CT_3,0.0
2030,sc01,11-20 17:00:00+01:00,101_STEAM_4,0.0
2030,sc01,11-20 17:00:00+01:00,123_CT_1,0.0
2030,sc01,11-20 17:00:00+01:00,113_CT_2,0.0
2030,sc01,11-20 17:00:00+01:00,115_STEAM_1,0.0
2030,sc01,11-20 17:00:00+01:00,102_STEAM_3,0.0
2030,sc01,11-20 17:00:00+01:00,102_CT_1,0.0
2030,sc01,11-22 07:00:00+01:00,113_CT_1,0.0
2030,sc01,11-22 07:00:00+01:00,123_CT_5,0.0
2030,sc01,11-22 07:00:00+01:00,115_STEAM_3,1.0
2030,sc01,11-22 07:00:00+01:00,101_STEAM_3,0.33897260364228926
2030,sc01,11-22 07:00:00+01:00,101_CT_2,0.0
2030,sc01,11-22 07:00:00+01:00,115_STEAM_2,0.0
2030,sc01,11-22 07:00:00+01:00,102_CT_2,0.0
2030,sc01,11-22 07:00:00+01:00,116_STEAM_1,0.0
2030,sc01,11-22 07:00:00+01:00,123_STEAM_2,0.0
2030,sc01,11-22 07:00:00+01:00,107_CC_1,1.0
2030,sc01,11-22 07:00:00+01:00,113_CT_4,0.0
2030,sc01,11-22 07:00:00+01:00,101_CT_1,0.0
2030,sc01,11-22 07:00:00+01:00,118_CC_1,0.30162638928884383
2030,sc01,11-22 07:00:00+01:00,102_STEAM_4,0.0
2030,sc01,11-22 07:00:00+01:00,123_CT_4,0.0
2030,sc01,11-22 07:00:00+01:00,123_STEAM_3,0.0
2030,sc01,11-22 07:00:00+01:00,121_NUCLEAR_1,1.0
2030,sc01,11-22 07:00:00+01:00,113_CT_3,0.0
2030,sc01,11-22 07:00:00+01:00,101_STEAM_4,1.0
2030,sc01,11-22 07:00:00+01:00,123_CT_1,0.0
2030,sc01,11-22 07:00:00+01:00,113_CT_2,0.0
2030,sc01,11-22 07:00:00+01:00,115_STEAM_1,0.0
2030,sc01,11-22 07:00:00+01:00,102_STEAM_3,0.0
2030,sc01,11-22 07:00:00+01:00,102_CT_1,0.0
2030,sc01,11-24 09:00:00+01:00,113_CT_1,0.0
2030,sc01,11-24 09:00:00+01:00,123_CT_5,0.0
2030,sc01,11-24 09:00:00+01:00,115_STEAM_3,0.0
2030,sc01,11-24 09:00:00+01:00,101_STEAM_3,0.0
2030,sc01,11-24 09:00:00+01:00,101_CT_2,0.0
2030,sc01,11-24 09:00:00+01:00,115_STEAM_2,0.0
2030,sc01,11-24 09:00:00+01:00,102_CT_2,0.0
2030,sc01,11-24 09:00:00+01:00,116_STEAM_1,0.0
2030,sc01,11-24 09:00:00+01:00,123_STEAM_2,0.0
2030,sc01,11-24 09:00:00+01:00,107_CC_1,0.36016098323531665
2030,sc01,11-24 09:00:00+01:00,113_CT_4,0.0
2030,sc01,11-24 09:00:00+01:00,101_CT_1,0.0
2030,sc01,11-24 09:00:00+01:00,118_CC_1,0.0
2030,sc01,11-24 09:00:00+01:00,102_STEAM_4,0.0
2030,sc01,11-24 09:00:00+01:00,123_CT_4,0.0
2030,sc01,11-24 09:00:00+01:00,123_STEAM_3,0.0
2030,sc01,11-24 09:00:00+01:00,121_NUCLEAR_1,0.0
2030,sc01,11-24 09:00:00+01:00,113_CT_3,0.0
2030,sc01,11-24 09:00:00+01:00,101_STEAM_4,0.0
2030,sc01,11-24 09:00:00+01:00,123_CT_1,0.0
2030,sc01,11-24 09:00:00+01:00,113_CT_2,0.0
2030,sc01,11-24 09:00:00+01:00,115_STEAM_1,0.0
2030,sc01,11-24 09:00:00+01:00,102_STEAM_3,0.0
2030,sc01,11-24 09:00:00+01:00,102_CT_1,0.0
2030,sc01,12-02 16:00:00+01:00,113_CT_1,0.0
2030,sc01,12-02 16:00:00+01:00,123_CT_5,0.0
2030,sc01,12-02 16:00:00+01:00,115_STEAM_3,0.0
2030,sc01,12-02 16:00:00+01:00,101_STEAM_3,0.0
2030,sc01,12-02 16:00:00+01:00,101_CT_2,0.0
2030,sc01,12-02 16:00:00+01:00,115_STEAM_2,0.0
2030,sc01,12-02 16:00:00+01:00,102_CT_2,0.0
2030,sc01,12-02 16:00:00+01:00,116_STEAM_1,0.0
2030,sc01,12-02 16:00:00+01:00,123_STEAM_2,0.0
2030,sc01,12-02 16:00:00+01:00,107_CC_1,0.6398390167646834
2030,sc01,12-02 16:00:00+01:00,113_CT_4,0.0
2030,sc01,12-02 16:00:00+01:00,101_CT_1,0.0
2030,sc01,12-02 16:00:00+01:00,118_CC_1,0.6639366064572343
2030,sc01,12-02 16:00:00+01:00,102_STEAM_4,0.0
2030,sc01,12-02 16:00:00+01:00,123_CT_4,0.0
2030,sc01,12-02 16:00:00+01:00,123_STEAM_3,0.2885139666897705
2030,sc01,12-02 16:00:00+01:00,121_NUCLEAR_1,0.0
2030,sc01,12-02 16:00:00+01:00,113_CT_3,0.0
2030,sc01,12-02 16:00:00+01:00,101_STEAM_4,0.0
2030,sc01,12-02 16:00:00+01:00,123_CT_1,0.0
2030,sc01,12-02 16:00:00+01:00,113_CT_2,0.0
2030,sc01,12-02 16:00:00+01:00,115_STEAM_1,0.0
2030,sc01,12-02 16:00:00+01:00,102_STEAM_3,0.0
2030,sc01,12-02 16:00:00+01:00,102_CT_1,0.0
2030,sc01,12-02 17:00:00+01:00,113_CT_1,0.0
2030,sc01,12-02 17:00:00+01:00,123_CT_5,0.0
2030,sc01,12-02 17:00:00+01:00,115_STEAM_3,1.0
2030,sc01,12-02 17:00:00+01:00,101_STEAM_3,1.0
2030,sc01,12-02 17:00:00+01:00,101_CT_2,0.0
2030,sc01,12-02 17:00:00+01:00,115_STEAM_2,0.0
2030,sc01,12-02 17:00:00+01:00,102_CT_2,0.0
2030,sc01,12-02 17:00:00+01:00,116_STEAM_1,0.0
2030,sc01,12-02 17:00:00+01:00,123_STEAM_2,1.0
2030,sc01,12-02 17:00:00+01:00,107_CC_1,1.0
2030,sc01,12-02 17:00:00+01:00,113_CT_4,0.0
2030,sc01,12-02 17:00:00+01:00,101_CT_1,0.0
2030,sc01,12-02 17:00:00+01:00,118_CC_1,1.0
2030,sc01,12-02 17:00:00+01:00,102_STEAM_4,0.0
2030,sc01,12-02 17:00:00+01:00,123_CT_4,0.0
2030,sc01,12-02 17:00:00+01:00,123_STEAM_3,1.0
2030,sc01,12-02 17:00:00+01:00,121_NUCLEAR_1,0.8270848565166165
2030,sc01,12-02 17:00:00+01:00,113_CT_3,0.0
2030,sc01,12-02 17:00:00+01:00,101_STEAM_4,1.0
2030,sc01,12-02 17:00:00+01:00,123_CT_1,0.0
2030,sc01,12-02 17:00:00+01:00,113_CT_2,0.0
2030,sc01,12-02 17:00:00+01:00,115_STEAM_1,0.0
2030,sc01,12-02 17:00:00+01:00,102_STEAM_3,0.0
2030,sc01,12-02 17:00:00+01:00,102_CT_1,0.0
2030,sc01,12-02 18:00:00+01:00,113_CT_1,0.0
2030,sc01,12-02 18:00:00+01:00,123_CT_5,0.0
2030,sc01,12-02 18:00:00+01:00,115_STEAM_3,0.0
2030,sc01,12-02 18:00:00+01:00,101_STEAM_3,0.0
2030,sc01,12-02 18:00:00+01:00,101_CT_2,0.0
2030,sc01,12-02 18:00:00+01:00,115_STEAM_2,0.0
2030,sc01,12-02 18:00:00+01:00,102_CT_2,0.0
2030,sc01,12-02 18:00:00+01:00,116_STEAM_1,0.0
2030,sc01,12-02 18:00:00+01:00,123_STEAM_2,0.0
2030,sc01,12-02 18:00:00+01:00,107_CC_1,0.0
2030,sc01,12-02 18:00:00+01:00,113_CT_4,0.0
2030,sc01,12-02 18:00:00+01:00,101_CT_1,0.0
2030,sc01,12-02 18:00:00+01:00,118_CC_1,0.0
2030,sc01,12-02 18:00:00+01:00,102_STEAM_4,0.0
2030,sc01,12-02 18:00:00+01:00,123_CT_4,0.0
2030,sc01,12-02 18:00:00+01:00,123_STEAM_3,0.0
2030,sc01,12-02 18:00:00+01:00,121_NUCLEAR_1,0.0
2030,sc01,12-02 18:00:00+01:00,113_CT_3,0.0
2030,sc01,12-02 18:00:00+01:00,101_STEAM_4,0.0
2030,sc01,12-02 18:00:00+01:00,123_CT_1,0.0
2030,sc01,12-02 18:00:00+01:00,113_CT_2,0.0
2030,sc01,12-02 18:00:00+01:00,115_STEAM_1,0.0
2030,sc01,12-02 18:00:00+01:00,102_STEAM_3,0.0
2030,sc01,12-02 18:00:00+01:00,102_CT_1,0.0
2030,sc01,12-02 19:00:00+01:00,113_CT_1,0.0
2030,sc01,12-02 19:00:00+01:00,123_CT_5,0.0
2030,sc01,12-02 19:00:00+01:00,115_STEAM_3,0.0
2030,sc01,12-02 19:00:00+01:00,101_STEAM_3,0.0
2030,sc01,12-02 19:00:00+01:00,101_CT_2,0.0
2030,sc01,12-02 19:00:00+01:00,115_STEAM_2,0.0
2030,sc01,12-02 19:00:00+01:00,102_CT_2,0.0
2030,sc01,12-02 19:00:00+01:00,116_STEAM_1,0.0
2030,sc01,12-02 19:00:00+01:00,123_STEAM_2,0.0
2030,sc01,12-02 19:00:00+01:00,107_CC_1,1.0
2030,sc01,12-02 19:00:00+01:00,113_CT_4,0.0
2030,sc01,12-02 19:00:00+01:00,101_CT_1,0.0
2030,sc01,12-02 19:00:00+01:00,118_CC_1,0.0
2030,sc01,12-02 19:00:00+01:00,102_STEAM_4,0.0
2030,sc01,12-02 19:00:00+01:00,123_CT_4,0.0
2030,sc01,12-02 19:00:00+01:00,123_STEAM_3,0.0
2030,sc01,12-02 19:00:00+01:00,121_NUCLEAR_1,0.7182494039056094
2030,sc01,12-02 19:00:00+01:00,113_CT_3,0.0
2030,sc01,12-02 19:00:00+01:00,101_STEAM_4,0.0
2030,sc01,12-02 19:00:00+01:00,123_CT_1,0.0
2030,sc01,12-02 19:00:00+01:00,113_CT_2,0.0
2030,sc01,12-02 19:00:00+01:00,115_STEAM_1,0.0
2030,sc01,12-02 19:00:00+01:00,102_STEAM_3,0.0
2030,sc01,12-02 19:00:00+01:00,102_CT_1,0.0
2030,sc01,12-03 17:00:00+01:00,113_CT_1,0.0
2030,sc01,12-03 17:00:00+01:00,123_CT_5,0.0
2030,sc01,12-03 17:00:00+01:00,115_STEAM_3,0.5741473948897088
2030,sc01,12-03 17:00:00+01:00,101_STEAM_3,0.0
2030,sc01,12-03 17:00:00+01:00,101_CT_2,0.0
2030,sc01,12-03 17:00:00+01:00,115_STEAM_2,0.0
2030,sc01,12-03 17:00:00+01:00,102_CT_2,0.0
2030,sc01,12-03 17:00:00+01:00,116_STEAM_1,0.0
2030,sc01,12-03 17:00:00+01:00,123_STEAM_2,0.0
2030,sc01,12-03 17:00:00+01:00,107_CC_1,0.4322361909904568
2030,sc01,12-03 17:00:00+01:00,113_CT_4,0.0
2030,sc01,12-03 17:00:00+01:00,101_CT_1,0.0
2030,sc01,12-03 17:00:00+01:00,118_CC_1,0.0
2030,sc01,12-03 17:00:00+01:00,102_STEAM_4,0.0
2030,sc01,12-03 17:00:00+01:00,123_CT_4,0.0
2030,sc01,12-03 17:00:00+01:00,123_STEAM_3,0.0
2030,sc01,12-03 17:00:00+01:00,121_NUCLEAR_1,0.6655688823688887
2030,sc01,12-03 17:00:00+01:00,113_CT_3,0.0
2030,sc01,12-03 17:00:00+01:00,101_STEAM_4,0.0
2030,sc01,12-03 17:00:00+01:00,123_CT_1,0.0
2030,sc01,12-03 17:00:00+01:00,113_CT_2,0.0
2030,sc01,12-03 17:00:00+01:00,115_STEAM_1,0.0
2030,sc01,12-03 17:00:00+01:00,102_STEAM_3,0.0
2030,sc01,12-03 17:00:00+01:00,102_CT_1,0.0
2030,sc01,12-03 18:00:00+01:00,113_CT_1,0.0
2030,sc01,12-03 18:00:00+01:00,123_CT_5,0.0
2030,sc01,12-03 18:00:00+01:00,115_STEAM_3,0.9372843976009246
2030,sc01,12-03 18:00:00+01:00,101_STEAM_3,0.0
2030,sc01,12-03 18:00:00+01:00,101_CT_2,0.0
2030,sc01,12-03 18:00:00+01:00,115_STEAM_2,0.0
2030,sc01,12-03 18:00:00+01:00,102_CT_2,0.0
2030,sc01,12-03 18:00:00+01:00,116_STEAM_1,0.0
2030,sc01,12-03 18:00:00+01:00,123_STEAM_2,0.0
2030,sc01,12-03 18:00:00+01:00,107_CC_1,0.8791888783852825
2030,sc01,12-03 18:00:00+01:00,113_CT_4,0.0
2030,sc01,12-03 18:00:00+01:00,101_CT_1,0.0
2030,sc01,12-03 18:00:00+01:00,118_CC_1,0.0
2030,sc01,12-03 18:00:00+01:00,102_STEAM_4,0.0
2030,sc01,12-03 18:00:00+01:00,123_CT_4,0.0
2030,sc01,12-03 18:00:00+01:00,123_STEAM_3,0.0
2030,sc01,12-03 18:00:00+01:00,121_NUCLEAR_1,0.0
2030,sc01,12-03 18:00:00+01:00,113_CT_3,0.0
2030,sc01,12-03 18:00:00+01:00,101_STEAM_4,0.0
2030,sc01,12-03 18:00:00+01:00,123_CT_1,0.0
2030,sc01,12-03 18:00:00+01:00,113_CT_2,0.0
2030,sc01,12-03 18:00:00+01:00,115_STEAM_1,0.0
2030,sc01,12-03 18:00:00+01:00,102_STEAM_3,0.0
2030,sc01,12-03 18:00:00+01:00,102_CT_1,0.0
2030,sc01,12-03 19:00:00+01:00,113_CT_1,0.0
2030,sc01,12-03 19:00:00+01:00,123_CT_5,0.0
2030,sc01,12-03 19:00:00+01:00,115_STEAM_3,0.4885682075093665
2030,sc01,12-03 19:00:00+01:00,101_STEAM_3,0.0
2030,sc01,12-03 19:00:00+01:00,101_CT_2,0.0
2030,sc01,12-03 19:00:00+01:00,115_STEAM_2,0.0
2030,sc01,12-03 19:00:00+01:00,102_CT_2,0.0
2030,sc01,12-03 19:00:00+01:00,116_STEAM_1,0.0
2030,sc01,12-03 19:00:00+01:00,123_STEAM_2,0.0
2030,sc01,12-03 19:00:00+01:00,107_CC_1,0.9361528682703105
2030,sc01,12-03 19:00:00+01:00,113_CT_4,0.0
2030,sc01,12-03 19:00:00+01:00,101_CT_1,0.0
2030,sc01,12-03 19:00:00+01:00,118_CC_1,0.0
2030,sc01,12-03 19:00:00+01:00,102_STEAM_4,0.0
2030,sc01,12-03 19:00:00+01:00,123_CT_4,0.0
2030,sc01,12-03 19:00:00+01:00,123_STEAM_3,0.0
2030,sc01,12-03 19:00:00+01:00,121_NUCLEAR_1,0.0
2030,sc01,12-03 19:00:00+01:00,113_CT_3,0.0
2030,sc01,12-03 19:00:00+01:00,101_STEAM_4,0.0
2030,sc01,12-03 19:00:00+01:00,123_CT_1,0.0
2030,sc01,12-03 19:00:00+01:00,113_CT_2,0.0
2030,sc01,12-03 19:00:00+01:00,115_STEAM_1,0.0
2030,sc01,12-03 19:00:00+01:00,102_STEAM_3,0.0
2030,sc01,12-03 19:00:00+01:00,102_CT_1,0.0
2030,sc01,12-04 08:00:00+01:00,113_CT_1,0.0
2030,sc01,12-04 08:00:00+01:00,123_CT_5,0.0
2030,sc01,12-04 08:00:00+01:00,115_STEAM_3,0.0
2030,sc01,12-04 08:00:00+01:00,101_STEAM_3,0.0
2030,sc01,12-04 08:00:00+01:00,101_CT_2,0.0
2030,sc01,12-04 08:00:00+01:00,115_STEAM_2,0.0
2030,sc01,12-04 08:00:00+01:00,102_CT_2,0.0
2030,sc01,12-04 08:00:00+01:00,116_STEAM_1,0.0
2030,sc01,12-04 08:00:00+01:00,123_STEAM_2,0.0
2030,sc01,12-04 08:00:00+01:00,107_CC_1,0.21737064174534476
2030,sc01,12-04 08:00:00+01:00,113_CT_4,0.0
2030,sc01,12-04 08:00:00+01:00,101_CT_1,0.0
2030,sc01,12-04 08:00:00+01:00,118_CC_1,0.0
2030,sc01,12-04 08:00:00+01:00,102_STEAM_4,0.0
2030,sc01,12-04 08:00:00+01:00,123_CT_4,0.0
2030,sc01,12-04 08:00:00+01:00,123_STEAM_3,0.009893185005398708
2030,sc01,12-04 08:00:00+01:00,121_NUCLEAR_1,0.2979377114629078
2030,sc01,12-04 08:00:00+01:00,113_CT_3,0.0
2030,sc01,12-04 08:00:00+01:00,101_STEAM_4,0.0
2030,sc01,12-04 08:00:00+01:00,123_CT_1,0.0
2030,sc01,12-04 08:00:00+01:00,113_CT_2,0.0
2030,sc01,12-04 08:00:00+01:00,115_STEAM_1,0.0
2030,sc01,12-04 08:00:00+01:00,102_STEAM_3,0.0
2030,sc01,12-04 08:00:00+01:00,102_CT_1,0.0
2030,sc01,12-04 16:00:00+01:00,113_CT_1,0.0
2030,sc01,12-04 16:00:00+01:00,123_CT_5,0.0
2030,sc01,12-04 16:00:00+01:00,115_STEAM_3,0.0
2030,sc01,12-04 16:00:00+01:00,101_STEAM_3,0.0
2030,sc01,12-04 16:00:00+01:00,101_CT_2,0.0
2030,sc01,12-04 16:00:00+01:00,115_STEAM_2,0.0
2030,sc01,12-04 16:00:00+01:00,102_CT_2,0.0
2030,sc01,12-04 16:00:00+01:00,116_STEAM_1,0.0
2030,sc01,12-04 16:00:00+01:00,123_STEAM_2,0.528243512102492
2030,sc01,12-04 16:00:00+01:00,107_CC_1,0.0
2030,sc01,12-04 16:00:00+01:00,113_CT_4,0.0
2030,sc01,12-04 16:00:00+01:00,101_CT_1,0.0
2030,sc01,12-04 16:00:00+01:00,118_CC_1,0.0
2030,sc01,12-04 16:00:00+01:00,102_STEAM_4,0.0
2030,sc01,12-04 16:00:00+01:00,123_CT_4,0.0
2030,sc01,12-04 16:00:00+01:00,123_STEAM_3,0.9901068149946013
2030,sc01,12-04 16:00:00+01:00,121_NUCLEAR_1,0.846734592729595
2030,sc01,12-04 16:00:00+01:00,113_CT_3,0.0
2030,sc01,12-04 16:00:00+01:00,101_STEAM_4,0.0
2030,sc01,12-04 16:00:00+01:00,123_CT_1,0.0
2030,sc01,12-04 16:00:00+01:00,113_CT_2,0.0
2030,sc01,12-04 16:00:00+01:00,115_STEAM_1,0.0
2030,sc01,12-04 16:00:00+01:00,102_STEAM_3,0.0
2030,sc01,12-04 16:00:00+01:00,102_CT_1,0.0
2030,sc01,12-04 17:00:00+01:00,113_CT_1,0.0
2030,sc01,12-04 17:00:00+01:00,123_CT_5,0.0
2030,sc01,12-04 17:00:00+01:00,115_STEAM_3,0.468387231616031
2030,sc01,12-04 17:00:00+01:00,101_STEAM_3,1.0
2030,sc01,12-04 17:00:00+01:00,101_CT_2,0.0
2030,sc01,12-04 17:00:00+01:00,115_STEAM_2,0.0
2030,sc01,12-04 17:00:00+01:00,102_CT_2,0.0
2030,sc01,12-04 17:00:00+01:00,116_STEAM_1,0.0
2030,sc01,12-04 17:00:00+01:00,123_STEAM_2,0.47175648789750807
2030,sc01,12-04 17:00:00+01:00,107_CC_1,0.9542874895247832
2030,sc01,12-04 17:00:00+01:00,113_CT_4,0.0
2030,sc01,12-04 17:00:00+01:00,101_CT_1,0.0
2030,sc01,12-04 17:00:00+01:00,118_CC_1,0.0
2030,sc01,12-04 17:00:00+01:00,102_STEAM_4,1.0
2030,sc01,12-04 17:00:00+01:00,123_CT_4,0.0
2030,sc01,12-04 17:00:00+01:00,123_STEAM_3,0.0
2030,sc01,12-04 17:00:00+01:00,121_NUCLEAR_1,0.8553276958074972
2030,sc01,12-04 17:00:00+01:00,113_CT_3,0.0
2030,sc01,12-04 17:00:00+01:00,101_STEAM_4,1.0
2030,sc01,12-04 17:00:00+01:00,123_CT_1,0.0
2030,sc01,12-04 17:00:00+01:00,113_CT_2,0.0
2030,sc01,12-04 17:00:00+01:00,115_STEAM_1,0.0
2030,sc01,12-04 17:00:00+01:00,102_STEAM_3,1.0
2030,sc01,12-04 17:00:00+01:00,102_CT_1,0.0
2030,sc01,12-04 18:00:00+01:00,113_CT_1,0.0
2030,sc01,12-04 18:00:00+01:00,123_CT_5,0.0
2030,sc01,12-04 18:00:00+01:00,115_STEAM_3,0.965822396585005
2030,sc01,12-04 18:00:00+01:00,101_STEAM_3,0.0
2030,sc01,12-04 18:00:00+01:00,101_CT_2,0.0
2030,sc01,12-04 18:00:00+01:00,115_STEAM_2,0.0
2030,sc01,12-04 18:00:00+01:00,102_CT_2,0.0
2030,sc01,12-04 18:00:00+01:00,116_STEAM_1,0.0
2030,sc01,12-04 18:00:00+01:00,123_STEAM_2,0.0
2030,sc01,12-04 18:00:00+01:00,107_CC_1,0.8527689646454295
2030,sc01,12-04 18:00:00+01:00,113_CT_4,0.0
2030,sc01,12-04 18:00:00+01:00,101_CT_1,0.0
2030,sc01,12-04 18:00:00+01:00,118_CC_1,0.0
2030,sc01,12-04 18:00:00+01:00,102_STEAM_4,0.0
2030,sc01,12-04 18:00:00+01:00,123_CT_4,0.0
2030,sc01,12-04 18:00:00+01:00,123_STEAM_3,0.0
2030,sc01,12-04 18:00:00+01:00,121_NUCLEAR_1,0.0
2030,sc01,12-04 18:00:00+01:00,113_CT_3,0.0
2030,sc01,12-04 18:00:00+01:00,101_STEAM_4,0.0
2030,sc01,12-04 18:00:00+01:00,123_CT_1,0.0
2030,sc01,12-04 18:00:00+01:00,113_CT_2,0.0
2030,sc01,12-04 18:00:00+01:00,115_STEAM_1,0.0
2030,sc01,12-04 18:00:00+01:00,102_STEAM_3,0.0
2030,sc01,12-04 18:00:00+01:00,102_CT_1,0.0
2030,sc01,12-04 19:00:00+01:00,113_CT_1,0.0
2030,sc01,12-04 19:00:00+01:00,123_CT_5,0.0
2030,sc01,12-04 19:00:00+01:00,115_STEAM_3,0.3840841503246146
2030,sc01,12-04 19:00:00+01:00,101_STEAM_3,0.0
2030,sc01,12-04 19:00:00+01:00,101_CT_2,0.0
2030,sc01,12-04 19:00:00+01:00,115_STEAM_2,0.0
2030,sc01,12-04 19:00:00+01:00,102_CT_2,0.0
2030,sc01,12-04 19:00:00+01:00,116_STEAM_1,0.0
2030,sc01,12-04 19:00:00+01:00,123_STEAM_2,0.0
2030,sc01,12-04 19:00:00+01:00,107_CC_1,0.9109509219596041
2030,sc01,12-04 19:00:00+01:00,113_CT_4,0.0
2030,sc01,12-04 19:00:00+01:00,101_CT_1,0.0
2030,sc01,12-04 19:00:00+01:00,118_CC_1,0.0
2030,sc01,12-04 19:00:00+01:00,102_STEAM_4,0.0
2030,sc01,12-04 19:00:00+01:00,123_CT_4,0.0
2030,sc01,12-04 19:00:00+01:00,123_STEAM_3,0.0
2030,sc01,12-04 19:00:00+01:00,121_NUCLEAR_1,0.0
2030,sc01,12-04 19:00:00+01:00,113_CT_3,0.0
2030,sc01,12-04 19:00:00+01:00,101_STEAM_4,0.0
2030,sc01,12-04 19:00:00+01:00,123_CT_1,0.0
2030,sc01,12-04 19:00:00+01:00,113_CT_2,0.0
2030,sc01,12-04 19:00:00+01:00,115_STEAM_1,0.0
2030,sc01,12-04 19:00:00+01:00,102_STEAM_3,0.0
2030,sc01,12-04 19:00:00+01:00,102_CT_1,0.0
2030,sc01,12-05 09:00:00+01:00,113_CT_1,0.0
2030,sc01,12-05 09:00:00+01:00,123_CT_5,0.0
2030,sc01,12-05 09:00:00+01:00,115_STEAM_3,0.0
2030,sc01,12-05 09:00:00+01:00,101_STEAM_3,0.0
2030,sc01,12-05 09:00:00+01:00,101_CT_2,0.0
2030,sc01,12-05 09:00:00+01:00,115_STEAM_2,0.0
2030,sc01,12-05 09:00:00+01:00,102_CT_2,0.0
2030,sc01,12-05 09:00:00+01:00,116_STEAM_1,0.0
2030,sc01,12-05 09:00:00+01:00,123_STEAM_2,0.0
2030,sc01,12-05 09:00:00+01:00,107_CC_1,0.28199262387018315
2030,sc01,12-05 09:00:00+01:00,113_CT_4,0.0
2030,sc01,12-05 09:00:00+01:00,101_CT_1,0.0
2030,sc01,12-05 09:00:00+01:00,118_CC_1,0.0
2030,sc01,12-05 09:00:00+01:00,102_STEAM_4,0.0
2030,sc01,12-05 09:00:00+01:00,123_CT_4,0.0
2030,sc01,12-05 09:00:00+01:00,123_STEAM_3,0.0
2030,sc01,12-05 09:00:00+01:00,121_NUCLEAR_1,0.1765102603556128
2030,sc01,12-05 09:00:00+01:00,113_CT_3,0.0
2030,sc01,12-05 09:00:00+01:00,101_STEAM_4,0.0
2030,sc01,12-05 09:00:00+01:00,123_CT_1,0.0
2030,sc01,12-05 09:00:00+01:00,113_CT_2,0.0
2030,sc01,12-05 09:00:00+01:00,115_STEAM_1,0.0
2030,sc01,12-05 09:00:00+01:00,102_STEAM_3,0.0
2030,sc01,12-05 09:00:00+01:00,102_CT_1,0.0
2030,sc01,12-05 16:00:00+01:00,113_CT_1,0.0
2030,sc01,12-05 16:00:00+01:00,123_CT_5,0.0
2030,sc01,12-05 16:00:00+01:00,115_STEAM_3,0.0
2030,sc01,12-05 16:00:00+01:00,101_STEAM_3,0.0
2030,sc01,12-05 16:00:00+01:00,101_CT_2,0.0
2030,sc01,12-05 16:00:00+01:00,115_STEAM_2,0.0
2030,sc01,12-05 16:00:00+01:00,102_CT_2,0.0
2030,sc01,12-05 16:00:00+01:00,116_STEAM_1,0.0
2030,sc01,12-05 16:00:00+01:00,123_STEAM_2,0.0
2030,sc01,12-05 16:00:00+01:00,107_CC_1,0.0
2030,sc01,12-05 16:00:00+01:00,113_CT_4,0.0
2030,sc01,12-05 16:00:00+01:00,101_CT_1,0.0
2030,sc01,12-05 16:00:00+01:00,118_CC_1,0.0
2030,sc01,12-05 16:00:00+01:00,102_STEAM_4,0.0
2030,sc01,12-05 16:00:00+01:00,123_CT_4,0.0
2030,sc01,12-05 16:00:00+01:00,123_STEAM_3,0.9844893301801924
2030,sc01,12-05 16:00:00+01:00,121_NUCLEAR_1,0.0
2030,sc01,12-05 16:00:00+01:00,113_CT_3,0.0
2030,sc01,12-05 16:00:00+01:00,101_STEAM_4,0.0
2030,sc01,12-05 16:00:00+01:00,123_CT_1,0.0
2030,sc01,12-05 16:00:00+01:00,113_CT_2,0.0
2030,sc01,12-05 16:00:00+01:00,115_STEAM_1,0.0
2030,sc01,12-05 16:00:00+01:00,102_STEAM_3,0.7502378385015451
2030,sc01,12-05 16:00:00+01:00,102_CT_1,0.0
2030,sc01,12-05 17:00:00+01:00,113_CT_1,0.0
2030,sc01,12-05 17:00:00+01:00,123_CT_5,0.0
2030,sc01,12-05 17:00:00+01:00,115_STEAM_3,0.5546511429450733
2030,sc01,12-05 17:00:00+01:00,101_STEAM_3,1.0
2030,sc01,12-05 17:00:00+01:00,101_CT_2,0.0
2030,sc01,12-05 17:00:00+01:00,115_STEAM_2,0.0
2030,sc01,12-05 17:00:00+01:00,102_CT_2,0.0
2030,sc01,12-05 17:00:00+01:00,116_STEAM_1,0.0
2030,sc01,12-05 17:00:00+01:00,123_STEAM_2,1.0
2030,sc01,12-05 17:00:00+01:00,107_CC_1,0.8863356908853195
2030,sc01,12-05 17:00:00+01:00,113_CT_4,0.0
2030,sc01,12-05 17:00:00+01:00,101_CT_1,0.0
2030,sc01,12-05 17:00:00+01:00,118_CC_1,0.0
2030,sc01,12-05 17:00:00+01:00,102_STEAM_4,1.0
2030,sc01,12-05 17:00:00+01:00,123_CT_4,0.0
2030,sc01,12-05 17:00:00+01:00,123_STEAM_3,0.015510669819807688
2030,sc01,12-05 17:00:00+01:00,121_NUCLEAR_1,0.9254602889389181
2030,sc01,12-05 17:00:00+01:00,113_CT_3,0.0
2030,sc01,12-05 17:00:00+01:00,101_STEAM_4,1.0
2030,sc01,12-05 17:00:00+01:00,123_CT_1,0.0
2030,sc01,12-05 17:00:00+01:00,113_CT_2,0.0
2030,sc01,12-05 17:00:00+01:00,115_STEAM_1,0.0
2030,sc01,12-05 17:00:00+01:00,102_STEAM_3,0.24976216149845487
2030,sc01,12-05 17:00:00+01:00,102_CT_1,0.0
2030,sc01,12-05 18:00:00+01:00,113_CT_1,0.0
2030,sc01,12-05 18:00:00+01:00,123_CT_5,0.0
2030,sc01,12-05 18:00:00+01:00,115_STEAM_3,0.825489594009096
2030,sc01,12-05 18:00:00+01:00,101_STEAM_3,0.0
2030,sc01,12-05 18:00:00+01:00,101_CT_2,0.0
2030,sc01,12-05 18:00:00+01:00,115_STEAM_2,0.0
2030,sc01,12-05 18:00:00+01:00,102_CT_2,0.0
2030,sc01,12-05 18:00:00+01:00,116_STEAM_1,0.0
2030,sc01,12-05 18:00:00+01:00,123_STEAM_2,0.0
2030,sc01,12-05 18:00:00+01:00,107_CC_1,0.9450437720390532
2030,sc01,12-05 18:00:00+01:00,113_CT_4,0.0
2030,sc01,12-05 18:00:00+01:00,101_CT_1,0.0
2030,sc01,12-05 18:00:00+01:00,118_CC_1,0.0
2030,sc01,12-05 18:00:00+01:00,102_STEAM_4,0.0
2030,sc01,12-05 18:00:00+01:00,123_CT_4,0.0
2030,sc01,12-05 18:00:00+01:00,123_STEAM_3,0.0
2030,sc01,12-05 18:00:00+01:00,121_NUCLEAR_1,0.0
2030,sc01,12-05 18:00:00+01:00,113_CT_3,0.0
2030,sc01,12-05 18:00:00+01:00,101_STEAM_4,0.0
2030,sc01,12-05 18:00:00+01:00,123_CT_1,0.0
2030,sc01,12-05 18:00:00+01:00,113_CT_2,0.0
2030,sc01,12-05 18:00:00+01:00,115_STEAM_1,0.0
2030,sc01,12-05 18:00:00+01:00,102_STEAM_3,0.0
2030,sc01,12-05 18:00:00+01:00,102_CT_1,0.0
2030,sc01,12-10 16:00:00+01:00,113_CT_1,0.0
2030,sc01,12-10 16:00:00+01:00,123_CT_5,0.0
2030,sc01,12-10 16:00:00+01:00,115_STEAM_3,0.0
2030,sc01,12-10 16:00:00+01:00,101_STEAM_3,0.0
2030,sc01,12-10 16:00:00+01:00,101_CT_2,0.0
2030,sc01,12-10 16:00:00+01:00,115_STEAM_2,0.0
2030,sc01,12-10 16:00:00+01:00,102_CT_2,0.0
2030,sc01,12-10 16:00:00+01:00,116_STEAM_1,0.0
2030,sc01,12-10 16:00:00+01:00,123_STEAM_2,0.0
2030,sc01,12-10 16:00:00+01:00,107_CC_1,0.0
2030,sc01,12-10 16:00:00+01:00,113_CT_4,0.0
2030,sc01,12-10 16:00:00+01:00,101_CT_1,0.0
2030,sc01,12-10 16:00:00+01:00,118_CC_1,0.0
2030,sc01,12-10 16:00:00+01:00,102_STEAM_4,0.0
2030,sc01,12-10 16:00:00+01:00,123_CT_4,0.0
2030,sc01,12-10 16:00:00+01:00,123_STEAM_3,0.316054764126079
2030,sc01,12-10 16:00:00+01:00,121_NUCLEAR_1,0.1470745578895003
2030,sc01,12-10 16:00:00+01:00,113_CT_3,0.0
2030,sc01,12-10 16:00:00+01:00,101_STEAM_4,0.0
2030,sc01,12-10 16:00:00+01:00,123_CT_1,0.0
2030,sc01,12-10 16:00:00+01:00,113_CT_2,0.0
2030,sc01,12-10 16:00:00+01:00,115_STEAM_1,0.0
2030,sc01,12-10 16:00:00+01:00,102_STEAM_3,0.0
2030,sc01,12-10 16:00:00+01:00,102_CT_1,0.0
2030,sc01,12-10 17:00:00+01:00,113_CT_1,0.0
2030,sc01,12-10 17:00:00+01:00,123_CT_5,0.0
2030,sc01,12-10 17:00:00+01:00,115_STEAM_3,0.34875499107606533
2030,sc01,12-10 17:00:00+01:00,101_STEAM_3,1.0
2030,sc01,12-10 17:00:00+01:00,101_CT_2,0.0
2030,sc01,12-10 17:00:00+01:00,115_STEAM_2,0.0
2030,sc01,12-10 17:00:00+01:00,102_CT_2,0.0
2030,sc01,12-10 17:00:00+01:00,116_STEAM_1,0.0
2030,sc01,12-10 17:00:00+01:00,123_STEAM_2,1.0
2030,sc01,12-10 17:00:00+01:00,107_CC_1,0.9543749531795594
2030,sc01,12-10 17:00:00+01:00,113_CT_4,0.0
2030,sc01,12-10 17:00:00+01:00,101_CT_1,0.0
2030,sc01,12-10 17:00:00+01:00,118_CC_1,0.0
2030,sc01,12-10 17:00:00+01:00,102_STEAM_4,0.0
2030,sc01,12-10 17:00:00+01:00,123_CT_4,0.0
2030,sc01,12-10 17:00:00+01:00,123_STEAM_3,0.683945235873921
2030,sc01,12-10 17:00:00+01:00,121_NUCLEAR_1,0.8529254421104997
2030,sc01,12-10 17:00:00+01:00,113_CT_3,0.0
2030,sc01,12-10 17:00:00+01:00,101_STEAM_4,1.0
2030,sc01,12-10 17:00:00+01:00,123_CT_1,0.0
2030,sc01,12-10 17:00:00+01:00,113_CT_2,0.0
2030,sc01,12-10 17:00:00+01:00,115_STEAM_1,0.0
2030,sc01,12-10 17:00:00+01:00,102_STEAM_3,0.0
2030,sc01,12-10 17:00:00+01:00,102_CT_1,0.0
2030,sc01,12-10 18:00:00+01:00,113_CT_1,0.0
2030,sc01,12-10 18:00:00+01:00,123_CT_5,0.0
2030,sc01,12-10 18:00:00+01:00,115_STEAM_3,0.0
2030,sc01,12-10 18:00:00+01:00,101_STEAM_3,0.0
2030,sc01,12-10 18:00:00+01:00,101_CT_2,0.0
2030,sc01,12-10 18:00:00+01:00,115_STEAM_2,0.0
2030,sc01,12-10 18:00:00+01:00,102_CT_2,0.0
2030,sc01,12-10 18:00:00+01:00,116_STEAM_1,0.0
2030,sc01,12-10 18:00:00+01:00,123_STEAM_2,0.0
2030,sc01,12-10 18:00:00+01:00,107_CC_1,0.0
2030,sc01,12-10 18:00:00+01:00,113_CT_4,0.0
2030,sc01,12-10 18:00:00+01:00,101_CT_1,0.0
2030,sc01,12-10 18:00:00+01:00,118_CC_1,0.0
2030,sc01,12-10 18:00:00+01:00,102_STEAM_4,0.0
2030,sc01,12-10 18:00:00+01:00,123_CT_4,0.0
2030,sc01,12-10 18:00:00+01:00,123_STEAM_3,0.0
2030,sc01,12-10 18:00:00+01:00,121_NUCLEAR_1,0.0
2030,sc01,12-10 18:00:00+01:00,113_CT_3,0.0
2030,sc01,12-10 18:00:00+01:00,101_STEAM_4,0.0
2030,sc01,12-10 18:00:00+01:00,123_CT_1,0.0
2030,sc01,12-10 18:00:00+01:00,113_CT_2,0.0
2030,sc01,12-10 18:00:00+01:00,115_STEAM_1,0.0
2030,sc01,12-10 18:00:00+01:00,102_STEAM_3,0.0
2030,sc01,12-10 18:00:00+01:00,102_CT_1,0.0
2030,sc01,12-10 19:00:00+01:00,113_CT_1,0.0
2030,sc01,12-10 19:00:00+01:00,123_CT_5,0.0
2030,sc01,12-10 19:00:00+01:00,115_STEAM_3,0.5658711579944155
2030,sc01,12-10 19:00:00+01:00,101_STEAM_3,0.0
2030,sc01,12-10 19:00:00+01:00,101_CT_2,0.0
2030,sc01,12-10 19:00:00+01:00,115_STEAM_2,0.0
2030,sc01,12-10 19:00:00+01:00,102_CT_2,0.0
2030,sc01,12-10 19:00:00+01:00,116_STEAM_1,0.0
2030,sc01,12-10 19:00:00+01:00,123_STEAM_2,0.0
2030,sc01,12-10 19:00:00+01:00,107_CC_1,0.9178568299383202
2030,sc01,12-10 19:00:00+01:00,113_CT_4,0.0
2030,sc01,12-10 19:00:00+01:00,101_CT_1,0.0
2030,sc01,12-10 19:00:00+01:00,118_CC_1,0.0
2030,sc01,12-10 19:00:00+01:00,102_STEAM_4,0.0
2030,sc01,12-10 19:00:00+01:00,123_CT_4,0.0
2030,sc01,12-10 19:00:00+01:00,123_STEAM_3,0.0
2030,sc01,12-10 19:00:00+01:00,121_NUCLEAR_1,0.0
2030,sc01,12-10 19:00:00+01:00,113_CT_3,0.0
2030,sc01,12-10 19:00:00+01:00,101_STEAM_4,0.0
2030,sc01,12-10 19:00:00+01:00,123_CT_1,0.0
2030,sc01,12-10 19:00:00+01:00,113_CT_2,0.0
2030,sc01,12-10 19:00:00+01:00,115_STEAM_1,0.0
2030,sc01,12-10 19:00:00+01:00,102_STEAM_3,0.0
2030,sc01,12-10 19:00:00+01:00,102_CT_1,0.0
2030,sc01,12-11 08:00:00+01:00,113_CT_1,0.0
2030,sc01,12-11 08:00:00+01:00,123_CT_5,0.0
2030,sc01,12-11 08:00:00+01:00,115_STEAM_3,0.262215352489231
2030,sc01,12-11 08:00:00+01:00,101_STEAM_3,0.0
2030,sc01,12-11 08:00:00+01:00,101_CT_2,0.0
2030,sc01,12-11 08:00:00+01:00,115_STEAM_2,0.0
2030,sc01,12-11 08:00:00+01:00,102_CT_2,0.0
2030,sc01,12-11 08:00:00+01:00,116_STEAM_1,0.0
2030,sc01,12-11 08:00:00+01:00,123_STEAM_2,0.0
2030,sc01,12-11 08:00:00+01:00,107_CC_1,0.0
2030,sc01,12-11 08:00:00+01:00,113_CT_4,0.0
2030,sc01,12-11 08:00:00+01:00,101_CT_1,0.0
2030,sc01,12-11 08:00:00+01:00,118_CC_1,0.0
2030,sc01,12-11 08:00:00+01:00,102_STEAM_4,0.0
2030,sc01,12-11 08:00:00+01:00,123_CT_4,0.0
2030,sc01,12-11 08:00:00+01:00,123_STEAM_3,0.0
2030,sc01,12-11 08:00:00+01:00,121_NUCLEAR_1,0.24988757652254956
2030,sc01,12-11 08:00:00+01:00,113_CT_3,0.0
2030,sc01,12-11 08:00:00+01:00,101_STEAM_4,0.0
2030,sc01,12-11 08:00:00+01:00,123_CT_1,0.0
2030,sc01,12-11 08:00:00+01:00,113_CT_2,0.0
2030,sc01,12-11 08:00:00+01:00,115_STEAM_1,0.0
2030,sc01,12-11 08:00:00+01:00,102_STEAM_3,0.0
2030,sc01,12-11 08:00:00+01:00,102_CT_1,0.0
2030,sc01,12-11 16:00:00+01:00,113_CT_1,0.0
2030,sc01,12-11 16:00:00+01:00,123_CT_5,0.0
2030,sc01,12-11 16:00:00+01:00,115_STEAM_3,0.0
2030,sc01,12-11 16:00:00+01:00,101_STEAM_3,0.0
2030,sc01,12-11 16:00:00+01:00,101_CT_2,0.0
2030,sc01,12-11 16:00:00+01:00,115_STEAM_2,0.0
2030,sc01,12-11 16:00:00+01:00,102_CT_2,0.0
2030,sc01,12-11 16:00:00+01:00,116_STEAM_1,0.0
2030,sc01,12-11 16:00:00+01:00,123_STEAM_2,0.10203488394881699
2030,sc01,12-11 16:00:00+01:00,107_CC_1,0.0
2030,sc01,12-11 16:00:00+01:00,113_CT_4,0.0
2030,sc01,12-11 16:00:00+01:00,101_CT_1,0.0
2030,sc01,12-11 16:00:00+01:00,118_CC_1,0.0
2030,sc01,12-11 16:00:00+01:00,102_STEAM_4,0.0
2030,sc01,12-11 16:00:00+01:00,123_CT_4,0.0
2030,sc01,12-11 16:00:00+01:00,123_STEAM_3,0.0
2030,sc01,12-11 16:00:00+01:00,121_NUCLEAR_1,0.7501124234774504
2030,sc01,12-11 16:00:00+01:00,113_CT_3,0.0
2030,sc01,12-11 16:00:00+01:00,101_STEAM_4,0.0
2030,sc01,12-11 16:00:00+01:00,123_CT_1,0.0
2030,sc01,12-11 16:00:00+01:00,113_CT_2,0.0
2030,sc01,12-11 16:00:00+01:00,115_STEAM_1,0.0
2030,sc01,12-11 16:00:00+01:00,102_STEAM_3,0.0
2030,sc01,12-11 16:00:00+01:00,102_CT_1,0.0
2030,sc01,12-11 17:00:00+01:00,113_CT_1,0.0
2030,sc01,12-11 17:00:00+01:00,123_CT_5,0.0
2030,sc01,12-11 17:00:00+01:00,115_STEAM_3,1.0
2030,sc01,12-11 17:00:00+01:00,101_STEAM_3,1.0
2030,sc01,12-11 17:00:00+01:00,101_CT_2,0.0
2030,sc01,12-11 17:00:00+01:00,115_STEAM_2,0.0
2030,sc01,12-11 17:00:00+01:00,102_CT_2,0.0
2030,sc01,12-11 17:00:00+01:00,116_STEAM_1,0.0
2030,sc01,12-11 17:00:00+01:00,123_STEAM_2,0.897965116051183
2030,sc01,12-11 17:00:00+01:00,107_CC_1,1.0
2030,sc01,12-11 17:00:00+01:00,113_CT_4,0.0
2030,sc01,12-11 17:00:00+01:00,101_CT_1,0.0
2030,sc01,12-11 17:00:00+01:00,118_CC_1,1.0
2030,sc01,12-11 17:00:00+01:00,102_STEAM_4,1.0
2030,sc01,12-11 17:00:00+01:00,123_CT_4,0.0
2030,sc01,12-11 17:00:00+01:00,123_STEAM_3,0.0
2030,sc01,12-11 17:00:00+01:00,121_NUCLEAR_1,0.8575298993997456
2030,sc01,12-11 17:00:00+01:00,113_CT_3,0.0
2030,sc01,12-11 17:00:00+01:00,101_STEAM_4,1.0
2030,sc01,12-11 17:00:00+01:00,123_CT_1,0.0
2030,sc01,12-11 17:00:00+01:00,113_CT_2,0.0
2030,sc01,12-11 17:00:00+01:00,115_STEAM_1,0.0
2030,sc01,12-11 17:00:00+01:00,102_STEAM_3,1.0
2030,sc01,12-11 17:00:00+01:00,102_CT_1,0.0
2030,sc01,12-11 18:00:00+01:00,113_CT_1,0.0
2030,sc01,12-11 18:00:00+01:00,123_CT_5,0.0
2030,sc01,12-11 18:00:00+01:00,115_STEAM_3,0.0
2030,sc01,12-11 18:00:00+01:00,101_STEAM_3,0.0
2030,sc01,12-11 18:00:00+01:00,101_CT_2,0.0
2030,sc01,12-11 18:00:00+01:00,115_STEAM_2,0.0
2030,sc01,12-11 18:00:00+01:00,102_CT_2,0.0
2030,sc01,12-11 18:00:00+01:00,116_STEAM_1,0.0
2030,sc01,12-11 18:00:00+01:00,123_STEAM_2,0.0
2030,sc01,12-11 18:00:00+01:00,107_CC_1,0.0
2030,sc01,12-11 18:00:00+01:00,113_CT_4,0.0
2030,sc01,12-11 18:00:00+01:00,101_CT_1,0.0
2030,sc01,12-11 18:00:00+01:00,118_CC_1,0.0
2030,sc01,12-11 18:00:00+01:00,102_STEAM_4,0.0
2030,sc01,12-11 18:00:00+01:00,123_CT_4,0.0
2030,sc01,12-11 18:00:00+01:00,123_STEAM_3,0.0
2030,sc01,12-11 18:00:00+01:00,121_NUCLEAR_1,0.029292373610432035
2030,sc01,12-11 18:00:00+01:00,113_CT_3,0.0
2030,sc01,12-11 18:00:00+01:00,101_STEAM_4,0.0
2030,sc01,12-11 18:00:00+01:00,123_CT_1,0.0
2030,sc01,12-11 18:00:00+01:00,113_CT_2,0.0
2030,sc01,12-11 18:00:00+01:00,115_STEAM_1,0.0
2030,sc01,12-11 18:00:00+01:00,102_STEAM_3,0.0
2030,sc01,12-11 18:00:00+01:00,102_CT_1,0.0
2030,sc01,12-12 16:00:00+01:00,113_CT_1,0.0
2030,sc01,12-12 16:00:00+01:00,123_CT_5,0.0
2030,sc01,12-12 16:00:00+01:00,115_STEAM_3,0.0
2030,sc01,12-12 16:00:00+01:00,101_STEAM_3,0.0
2030,sc01,12-12 16:00:00+01:00,101_CT_2,0.0
2030,sc01,12-12 16:00:00+01:00,115_STEAM_2,0.0
2030,sc01,12-12 16:00:00+01:00,102_CT_2,0.0
2030,sc01,12-12 16:00:00+01:00,116_STEAM_1,0.0
2030,sc01,12-12 16:00:00+01:00,123_STEAM_2,0.0
2030,sc01,12-12 16:00:00+01:00,107_CC_1,0.5781290110261427
2030,sc01,12-12 16:00:00+01:00,113_CT_4,0.0
2030,sc01,12-12 16:00:00+01:00,101_CT_1,0.0
2030,sc01,12-12 16:00:00+01:00,118_CC_1,0.0
2030,sc01,12-12 16:00:00+01:00,102_STEAM_4,0.0
2030,sc01,12-12 16:00:00+01:00,123_CT_4,0.0
2030,sc01,12-12 16:00:00+01:00,123_STEAM_3,0.0
2030,sc01,12-12 16:00:00+01:00,121_NUCLEAR_1,0.11317772698982247
2030,sc01,12-12 16:00:00+01:00,113_CT_3,0.0
2030,sc01,12-12 16:00:00+01:00,101_STEAM_4,0.0
2030,sc01,12-12 16:00:00+01:00,123_CT_1,0.0
2030,sc01,12-12 16:00:00+01:00,113_CT_2,0.0
2030,sc01,12-12 16:00:00+01:00,115_STEAM_1,0.0
2030,sc01,12-12 16:00:00+01:00,102_STEAM_3,0.0
2030,sc01,12-12 16:00:00+01:00,102_CT_1,0.0
2030,sc01,12-12 18:00:00+01:00,113_CT_1,0.0
2030,sc01,12-12 18:00:00+01:00,123_CT_5,0.0
2030,sc01,12-12 18:00:00+01:00,115_STEAM_3,1.0
2030,sc01,12-12 18:00:00+01:00,101_STEAM_3,1.0
2030,sc01,12-12 18:00:00+01:00,101_CT_2,0.0
2030,sc01,12-12 18:00:00+01:00,115_STEAM_2,0.0
2030,sc01,12-12 18:00:00+01:00,102_CT_2,0.0
2030,sc01,12-12 18:00:00+01:00,116_STEAM_1,0.0
2030,sc01,12-12 18:00:00+01:00,123_STEAM_2,1.0
2030,sc01,12-12 18:00:00+01:00,107_CC_1,0.8075254070439559
2030,sc01,12-12 18:00:00+01:00,113_CT_4,0.0
2030,sc01,12-12 18:00:00+01:00,101_CT_1,0.0
2030,sc01,12-12 18:00:00+01:00,118_CC_1,1.0
2030,sc01,12-12 18:00:00+01:00,102_STEAM_4,1.0
2030,sc01,12-12 18:00:00+01:00,123_CT_4,0.0
2030,sc01,12-12 18:00:00+01:00,123_STEAM_3,0.011300066253934204
2030,sc01,12-12 18:00:00+01:00,121_NUCLEAR_1,1.0
2030,sc01,12-12 18:00:00+01:00,113_CT_3,0.0
2030,sc01,12-12 18:00:00+01:00,101_STEAM_4,1.0
2030,sc01,12-12 18:00:00+01:00,123_CT_1,0.0
2030,sc01,12-12 18:00:00+01:00,113_CT_2,0.0
2030,sc01,12-12 18:00:00+01:00,115_STEAM_1,0.0
2030,sc01,12-12 18:00:00+01:00,102_STEAM_3,1.0
2030,sc01,12-12 18:00:00+01:00,102_CT_1,0.0
2030,sc01,12-12 19:00:00+01:00,113_CT_1,0.0
2030,sc01,12-12 19:00:00+01:00,123_CT_5,0.0
2030,sc01,12-12 19:00:00+01:00,115_STEAM_3,1.0
2030,sc01,12-12 19:00:00+01:00,101_STEAM_3,0.0
2030,sc01,12-12 19:00:00+01:00,101_CT_2,0.0
2030,sc01,12-12 19:00:00+01:00,115_STEAM_2,0.0
2030,sc01,12-12 19:00:00+01:00,102_CT_2,0.0
2030,sc01,12-12 19:00:00+01:00,116_STEAM_1,0.0
2030,sc01,12-12 19:00:00+01:00,123_STEAM_2,0.0
2030,sc01,12-12 19:00:00+01:00,107_CC_1,0.944381822059825
2030,sc01,12-12 19:00:00+01:00,113_CT_4,0.0
2030,sc01,12-12 19:00:00+01:00,101_CT_1,0.0
2030,sc01,12-12 19:00:00+01:00,118_CC_1,0.0
2030,sc01,12-12 19:00:00+01:00,102_STEAM_4,0.0
2030,sc01,12-12 19:00:00+01:00,123_CT_4,0.0
2030,sc01,12-12 19:00:00+01:00,123_STEAM_3,0.0
2030,sc01,12-12 19:00:00+01:00,121_NUCLEAR_1,0.0
2030,sc01,12-12 19:00:00+01:00,113_CT_3,0.0
2030,sc01,12-12 19:00:00+01:00,101_STEAM_4,0.0
2030,sc01,12-12 19:00:00+01:00,123_CT_1,0.0
2030,sc01,12-12 19:00:00+01:00,113_CT_2,0.0
2030,sc01,12-12 19:00:00+01:00,115_STEAM_1,0.0
2030,sc01,12-12 19:00:00+01:00,102_STEAM_3,0.0
2030,sc01,12-12 19:00:00+01:00,102_CT_1,0.0
2030,sc01,12-13 08:00:00+01:00,113_CT_1,0.0
2030,sc01,12-13 08:00:00+01:00,123_CT_5,0.0
2030,sc01,12-13 08:00:00+01:00,115_STEAM_3,0.0
2030,sc01,12-13 08:00:00+01:00,101_STEAM_3,0.0
2030,sc01,12-13 08:00:00+01:00,101_CT_2,0.0
2030,sc01,12-13 08:00:00+01:00,115_STEAM_2,0.0
2030,sc01,12-13 08:00:00+01:00,102_CT_2,0.0
2030,sc01,12-13 08:00:00+01:00,116_STEAM_1,0.0
2030,sc01,12-13 08:00:00+01:00,123_STEAM_2,0.0
2030,sc01,12-13 08:00:00+01:00,107_CC_1,0.0
2030,sc01,12-13 08:00:00+01:00,113_CT_4,0.0
2030,sc01,12-13 08:00:00+01:00,101_CT_1,0.0
2030,sc01,12-13 08:00:00+01:00,118_CC_1,0.0
2030,sc01,12-13 08:00:00+01:00,102_STEAM_4,0.0
2030,sc01,12-13 08:00:00+01:00,123_CT_4,0.0
2030,sc01,12-13 08:00:00+01:00,123_STEAM_3,0.059481871772544936
2030,sc01,12-13 08:00:00+01:00,121_NUCLEAR_1,0.20162410868214642
2030,sc01,12-13 08:00:00+01:00,113_CT_3,0.0
2030,sc01,12-13 08:00:00+01:00,101_STEAM_4,0.0
2030,sc01,12-13 08:00:00+01:00,123_CT_1,0.0
2030,sc01,12-13 08:00:00+01:00,113_CT_2,0.0
2030,sc01,12-13 08:00:00+01:00,115_STEAM_1,0.0
2030,sc01,12-13 08:00:00+01:00,102_STEAM_3,0.0
2030,sc01,12-13 08:00:00+01:00,102_CT_1,0.0
2030,sc01,12-13 16:00:00+01:00,113_CT_1,0.0
2030,sc01,12-13 16:00:00+01:00,123_CT_5,0.0
2030,sc01,12-13 16:00:00+01:00,115_STEAM_3,0.0
2030,sc01,12-13 16:00:00+01:00,101_STEAM_3,0.0
2030,sc01,12-13 16:00:00+01:00,101_CT_2,0.0
2030,sc01,12-13 16:00:00+01:00,115_STEAM_2,0.0
2030,sc01,12-13 16:00:00+01:00,102_CT_2,0.0
2030,sc01,12-13 16:00:00+01:00,116_STEAM_1,0.0
2030,sc01,12-13 16:00:00+01:00,123_STEAM_2,0.5152878666996492
2030,sc01,12-13 16:00:00+01:00,107_CC_1,0.0
2030,sc01,12-13 16:00:00+01:00,113_CT_4,0.0
2030,sc01,12-13 16:00:00+01:00,101_CT_1,0.0
2030,sc01,12-13 16:00:00+01:00,118_CC_1,0.0
2030,sc01,12-13 16:00:00+01:00,102_STEAM_4,0.0
2030,sc01,12-13 16:00:00+01:00,123_CT_4,0.0
2030,sc01,12-13 16:00:00+01:00,123_STEAM_3,0.9405181282274551
2030,sc01,12-13 16:00:00+01:00,121_NUCLEAR_1,0.8833285574124727
2030,sc01,12-13 16:00:00+01:00,113_CT_3,0.0
2030,sc01,12-13 16:00:00+01:00,101_STEAM_4,0.0
2030,sc01,12-13 16:00:00+01:00,123_CT_1,0.0
2030,sc01,12-13 16:00:00+01:00,113_CT_2,0.0
2030,sc01,12-13 16:00:00+01:00,115_STEAM_1,0.0
2030,sc01,12-13 16:00:00+01:00,102_STEAM_3,0.0
2030,sc01,12-13 16:00:00+01:00,102_CT_1,0.0
2030,sc01,12-16 16:00:00+01:00,113_CT_1,0.0
2030,sc01,12-16 16:00:00+01:00,123_CT_5,0.0
2030,sc01,12-16 16:00:00+01:00,115_STEAM_3,0.0
2030,sc01,12-16 16:00:00+01:00,101_STEAM_3,0.0
2030,sc01,12-16 16:00:00+01:00,101_CT_2,0.0
2030,sc01,12-16 16:00:00+01:00,115_STEAM_2,0.0
2030,sc01,12-16 16:00:00+01:00,102_CT_2,0.0
2030,sc01,12-16 16:00:00+01:00,116_STEAM_1,0.0
2030,sc01,12-16 16:00:00+01:00,123_STEAM_2,0.48471213330035073
2030,sc01,12-16 16:00:00+01:00,107_CC_1,0.0
2030,sc01,12-16 16:00:00+01:00,113_CT_4,0.0
2030,sc01,12-16 16:00:00+01:00,101_CT_1,0.0
2030,sc01,12-16 16:00:00+01:00,118_CC_1,0.0
2030,sc01,12-16 16:00:00+01:00,102_STEAM_4,0.0
2030,sc01,12-16 16:00:00+01:00,123_CT_4,0.0
2030,sc01,12-16 16:00:00+01:00,123_STEAM_3,0.7002659438567773
2030,sc01,12-16 16:00:00+01:00,121_NUCLEAR_1,0.02507754126920081
2030,sc01,12-16 16:00:00+01:00,113_CT_3,0.0
2030,sc01,12-16 16:00:00+01:00,101_STEAM_4,0.0
2030,sc01,12-16 16:00:00+01:00,123_CT_1,0.0
2030,sc01,12-16 16:00:00+01:00,113_CT_2,0.0
2030,sc01,12-16 16:00:00+01:00,115_STEAM_1,0.0
2030,sc01,12-16 16:00:00+01:00,102_STEAM_3,0.0
2030,sc01,12-16 16:00:00+01:00,102_CT_1,0.0
2030,sc01,12-16 18:00:00+01:00,113_CT_1,0.0
2030,sc01,12-16 18:00:00+01:00,123_CT_5,0.0
2030,sc01,12-16 18:00:00+01:00,115_STEAM_3,1.0
2030,sc01,12-16 18:00:00+01:00,101_STEAM_3,1.0
2030,sc01,12-16 18:00:00+01:00,101_CT_2,0.0
2030,sc01,12-16 18:00:00+01:00,115_STEAM_2,0.0
2030,sc01,12-16 18:00:00+01:00,102_CT_2,0.0
2030,sc01,12-16 18:00:00+01:00,116_STEAM_1,0.0
2030,sc01,12-16 18:00:00+01:00,123_STEAM_2,1.0
2030,sc01,12-16 18:00:00+01:00,107_CC_1,1.0
2030,sc01,12-16 18:00:00+01:00,113_CT_4,0.0
2030,sc01,12-16 18:00:00+01:00,101_CT_1,0.0
2030,sc01,12-16 18:00:00+01:00,118_CC_1,0.0
2030,sc01,12-16 18:00:00+01:00,102_STEAM_4,1.0
2030,sc01,12-16 18:00:00+01:00,123_CT_4,0.0
2030,sc01,12-16 18:00:00+01:00,123_STEAM_3,0.2997340561432227
2030,sc01,12-16 18:00:00+01:00,121_NUCLEAR_1,0.88996979263618
2030,sc01,12-16 18:00:00+01:00,113_CT_3,0.0
2030,sc01,12-16 18:00:00+01:00,101_STEAM_4,1.0
2030,sc01,12-16 18:00:00+01:00,123_CT_1,0.0
2030,sc01,12-16 18:00:00+01:00,113_CT_2,0.0
2030,sc01,12-16 18:00:00+01:00,115_STEAM_1,0.0
2030,sc01,12-16 18:00:00+01:00,102_STEAM_3,1.0
2030,sc01,12-16 18:00:00+01:00,102_CT_1,0.0
2030,sc01,12-17 17:00:00+01:00,113_CT_1,0.0
2030,sc01,12-17 17:00:00+01:00,123_CT_5,0.0
2030,sc01,12-17 17:00:00+01:00,115_STEAM_3,0.0
2030,sc01,12-17 17:00:00+01:00,101_STEAM_3,0.0
2030,sc01,12-17 17:00:00+01:00,101_CT_2,0.0
2030,sc01,12-17 17:00:00+01:00,115_STEAM_2,0.0
2030,sc01,12-17 17:00:00+01:00,102_CT_2,0.0
2030,sc01,12-17 17:00:00+01:00,116_STEAM_1,0.0
2030,sc01,12-17 17:00:00+01:00,123_STEAM_2,0.0
2030,sc01,12-17 17:00:00+01:00,107_CC_1,0.1559747409047233
2030,sc01,12-17 17:00:00+01:00,113_CT_4,0.0
2030,sc01,12-17 17:00:00+01:00,101_CT_1,0.0
2030,sc01,12-17 17:00:00+01:00,118_CC_1,0.0
2030,sc01,12-17 17:00:00+01:00,102_STEAM_4,0.0
2030,sc01,12-17 17:00:00+01:00,123_CT_4,0.0
2030,sc01,12-17 17:00:00+01:00,123_STEAM_3,0.0
2030,sc01,12-17 17:00:00+01:00,121_NUCLEAR_1,0.0
2030,sc01,12-17 17:00:00+01:00,113_CT_3,0.0
2030,sc01,12-17 17:00:00+01:00,101_STEAM_4,0.0
2030,sc01,12-17 17:00:00+01:00,123_CT_1,0.0
2030,sc01,12-17 17:00:00+01:00,113_CT_2,0.0
2030,sc01,12-17 17:00:00+01:00,115_STEAM_1,0.0
2030,sc01,12-17 17:00:00+01:00,102_STEAM_3,0.0
2030,sc01,12-17 17:00:00+01:00,102_CT_1,0.0
2030,sc01,12-18 17:00:00+01:00,113_CT_1,0.0
2030,sc01,12-18 17:00:00+01:00,123_CT_5,0.0
2030,sc01,12-18 17:00:00+01:00,115_STEAM_3,0.0
2030,sc01,12-18 17:00:00+01:00,101_STEAM_3,0.0
2030,sc01,12-18 17:00:00+01:00,101_CT_2,0.0
2030,sc01,12-18 17:00:00+01:00,115_STEAM_2,0.0
2030,sc01,12-18 17:00:00+01:00,102_CT_2,0.0
2030,sc01,12-18 17:00:00+01:00,116_STEAM_1,0.0
2030,sc01,12-18 17:00:00+01:00,123_STEAM_2,0.0
2030,sc01,12-18 17:00:00+01:00,107_CC_1,0.0
2030,sc01,12-18 17:00:00+01:00,113_CT_4,0.0
2030,sc01,12-18 17:00:00+01:00,101_CT_1,0.0
2030,sc01,12-18 17:00:00+01:00,118_CC_1,0.0
2030,sc01,12-18 17:00:00+01:00,102_STEAM_4,0.0
2030,sc01,12-18 17:00:00+01:00,123_CT_4,0.0
2030,sc01,12-18 17:00:00+01:00,123_STEAM_3,0.0
2030,sc01,12-18 17:00:00+01:00,121_NUCLEAR_1,0.0
2030,sc01,12-18 17:00:00+01:00,113_CT_3,0.0
2030,sc01,12-18 17:00:00+01:00,101_STEAM_4,0.0
2030,sc01,12-18 17:00:00+01:00,123_CT_1,0.0
2030,sc01,12-18 17:00:00+01:00,113_CT_2,0.0
2030,sc01,12-18 17:00:00+01:00,115_STEAM_1,0.0
2030,sc01,12-18 17:00:00+01:00,102_STEAM_3,0.0
2030,sc01,12-18 17:00:00+01:00,102_CT_1,0.0
2030,sc01,12-21 00:00:00+01:00,113_CT_1,0.0
2030,sc01,12-21 00:00:00+01:00,123_CT_5,0.0
2030,sc01,12-21 00:00:00+01:00,115_STEAM_3,0.0
2030,sc01,12-21 00:00:00+01:00,101_STEAM_3,0.0
2030,sc01,12-21 00:00:00+01:00,101_CT_2,0.0
2030,sc01,12-21 00:00:00+01:00,115_STEAM_2,0.0
2030,sc01,12-21 00:00:00+01:00,102_CT_2,0.0
2030,sc01,12-21 00:00:00+01:00,116_STEAM_1,0.0
2030,sc01,12-21 00:00:00+01:00,123_STEAM_2,0.0
2030,sc01,12-21 00:00:00+01:00,107_CC_1,0.16091033993913925
2030,sc01,12-21 00:00:00+01:00,113_CT_4,0.0
2030,sc01,12-21 00:00:00+01:00,101_CT_1,0.0
2030,sc01,12-21 00:00:00+01:00,118_CC_1,0.0
2030,sc01,12-21 00:00:00+01:00,102_STEAM_4,0.0
2030,sc01,12-21 00:00:00+01:00,123_CT_4,0.0
2030,sc01,12-21 00:00:00+01:00,123_STEAM_3,0.0
2030,sc01,12-21 00:00:00+01:00,121_NUCLEAR_1,0.0
2030,sc01,12-21 00:00:00+01:00,113_CT_3,0.0
2030,sc01,12-21 00:00:00+01:00,101_STEAM_4,0.0
2030,sc01,12-21 00:00:00+01:00,123_CT_1,0.0
2030,sc01,12-21 00:00:00+01:00,113_CT_2,0.0
2030,sc01,12-21 00:00:00+01:00,115_STEAM_1,0.0
2030,sc01,12-21 00:00:00+01:00,102_STEAM_3,0.0
2030,sc01,12-21 00:00:00+01:00,102_CT_1,0.0
2030,sc01,12-21 14:00:00+01:00,113_CT_1,0.0
2030,sc01,12-21 14:00:00+01:00,123_CT_5,0.0
2030,sc01,12-21 14:00:00+01:00,115_STEAM_3,0.0
2030,sc01,12-21 14:00:00+01:00,101_STEAM_3,0.0
2030,sc01,12-21 14:00:00+01:00,101_CT_2,0.0
2030,sc01,12-21 14:00:00+01:00,115_STEAM_2,0.0
2030,sc01,12-21 14:00:00+01:00,102_CT_2,0.0
2030,sc01,12-21 14:00:00+01:00,116_STEAM_1,0.0
2030,sc01,12-21 14:00:00+01:00,123_STEAM_2,0.0
2030,sc01,12-21 14:00:00+01:00,107_CC_1,0.0
2030,sc01,12-21 14:00:00+01:00,113_CT_4,0.0
2030,sc01,12-21 14:00:00+01:00,101_CT_1,0.0
2030,sc01,12-21 14:00:00+01:00,118_CC_1,0.3518539739920744
2030,sc01,12-21 14:00:00+01:00,102_STEAM_4,0.0
2030,sc01,12-21 14:00:00+01:00,123_CT_4,0.0
2030,sc01,12-21 14:00:00+01:00,123_STEAM_3,0.0
2030,sc01,12-21 14:00:00+01:00,121_NUCLEAR_1,0.0
2030,sc01,12-21 14:00:00+01:00,113_CT_3,0.0
2030,sc01,12-21 14:00:00+01:00,101_STEAM_4,0.0
2030,sc01,12-21 14:00:00+01:00,123_CT_1,0.0
2030,sc01,12-21 14:00:00+01:00,113_CT_2,0.0
2030,sc01,12-21 14:00:00+01:00,115_STEAM_1,0.0
2030,sc01,12-21 14:00:00+01:00,102_STEAM_3,0.0
2030,sc01,12-21 14:00:00+01:00,102_CT_1,0.0
