Period,Scenario,LoadLevel,MW
2030,sc01,01-01 00:00:00+01:00,64.93337478048757
2030,sc01,01-01 01:00:00+01:00,8.569145393266808e-12
2030,sc01,01-01 02:00:00+01:00,1.6768808563938364e-12
2030,sc01,01-01 03:00:00+01:00,-1.1667111721180845e-11
2030,sc01,01-01 04:00:00+01:00,9.606537787476555e-12
2030,sc01,01-01 05:00:00+01:00,-9.947598300641403e-13
2030,sc01,01-01 06:00:00+01:00,8.029132914089132e-13
2030,sc01,01-01 07:00:00+01:00,1.3500311979441904e-13
2030,sc01,01-01 08:00:00+01:00,1.0942358130705543e-12
2030,sc01,01-01 09:00:00+01:00,-1.8189894035458565e-12
2030,sc01,01-01 10:00:00+01:00,-2.6432189770275727e-12
2030,sc01,01-01 11:00:00+01:00,-9.094947017729282e-13
2030,sc01,01-01 12:00:00+01:00,-1.8189894035458565e-12
2030,sc01,01-01 13:00:00+01:00,-2.2737367544323206e-12
2030,sc01,01-01 14:00:00+01:00,-4.547473508864641e-13
2030,sc01,01-01 15:00:00+01:00,-3.865352482534945e-12
2030,sc01,01-01 16:00:00+01:00,-4.547473508864641e-13
2030,sc01,01-01 17:00:00+01:00,-1.2505552149377763e-12
2030,sc01,01-01 18:00:00+01:00,639.1789149074723
2030,sc01,01-01 19:00:00+01:00,1019.311150865881
2030,sc01,01-01 20:00:00+01:00,1010.6356806437136
2030,sc01,01-01 21:00:00+01:00,889.0940023149005
2030,sc01,01-01 22:00:00+01:00,711.1528054101882
2030,sc01,01-01 23:00:00+01:00,341.88577113280536
2030,sc01,01-02 00:00:00+01:00,5.542233338928781e-13
2030,sc01,01-02 01:00:00+01:00,3.055333763768431e-12
2030,sc01,01-02 02:00:00+01:00,2.1529444893531036e-12
2030,sc01,01-02 03:00:00+01:00,3.268496584496461e-13
2030,sc01,01-02 04:00:00+01:00,7.460698725481052e-13
2030,sc01,01-02 05:00:00+01:00,2.0889956431346945e-12
2030,sc01,01-02 06:00:00+01:00,3.439026841078885e-12
2030,sc01,01-02 07:00:00+01:00,838.8477858924552
2030,sc01,01-02 08:00:00+01:00,1633.4259751990032
2030,sc01,01-02 09:00:00+01:00,620.5006252677574
2030,sc01,01-02 10:00:00+01:00,303.2398239400062
2030,sc01,01-02 11:00:00+01:00,341.03348305563895
2030,sc01,01-02 12:00:00+01:00,358.9256393424017
2030,sc01,01-02 13:00:00+01:00,349.738112693085
2030,sc01,01-02 14:00:00+01:00,333.414276048037
2030,sc01,01-02 15:00:00+01:00,371.72430245573867
2030,sc01,01-02 16:00:00+01:00,488.5881188492672
2030,sc01,01-02 17:00:00+01:00,1965.8794645166372
2030,sc01,01-02 18:00:00+01:00,5253.64309719334
2030,sc01,01-02 19:00:00+01:00,5509.7724628497635
2030,sc01,01-02 20:00:00+01:00,5056.83709715666
2030,sc01,01-02 21:00:00+01:00,4320.501149194847
2030,sc01,01-02 22:00:00+01:00,3461.690929033794
2030,sc01,01-02 23:00:00+01:00,2355.512717026842
2030,sc01,01-03 00:00:00+01:00,1585.2610694762634
2030,sc01,01-03 01:00:00+01:00,996.9174689761162
2030,sc01,01-03 02:00:00+01:00,676.0875749595634
2030,sc01,01-03 03:00:00+01:00,368.827486338659
2030,sc01,01-03 04:00:00+01:00,348.42176363053443
2030,sc01,01-03 05:00:00+01:00,600.7353884035117
2030,sc01,01-03 06:00:00+01:00,1678.89440713448
2030,sc01,01-03 07:00:00+01:00,3583.630098416148
2030,sc01,01-03 08:00:00+01:00,5012.456055565838
2030,sc01,01-03 09:00:00+01:00,4244.2533792567465
2030,sc01,01-03 10:00:00+01:00,1428.7622210883687
2030,sc01,01-03 11:00:00+01:00,956.1311640415707
2030,sc01,01-03 12:00:00+01:00,902.32636874634
2030,sc01,01-03 13:00:00+01:00,235.19916682474667
2030,sc01,01-03 14:00:00+01:00,227.8800705212402
2030,sc01,01-03 15:00:00+01:00,257.96069833998627
2030,sc01,01-03 16:00:00+01:00,575.5411068728806
2030,sc01,01-03 17:00:00+01:00,4641.927464820811
2030,sc01,01-03 18:00:00+01:00,6738.315103469117
2030,sc01,01-03 19:00:00+01:00,6667.554751151455
2030,sc01,01-03 20:00:00+01:00,5845.967224419793
2030,sc01,01-03 21:00:00+01:00,4579.140026418004
2030,sc01,01-03 22:00:00+01:00,3489.493374453251
2030,sc01,01-03 23:00:00+01:00,2296.1821631111175
2030,sc01,01-04 00:00:00+01:00,1581.0712508856911
2030,sc01,01-04 01:00:00+01:00,1006.2801845758124
2030,sc01,01-04 02:00:00+01:00,587.6224511880064
2030,sc01,01-04 03:00:00+01:00,354.1870763769799
2030,sc01,01-04 04:00:00+01:00,260.62648682503334
2030,sc01,01-04 05:00:00+01:00,472.7356183221458
2030,sc01,01-04 06:00:00+01:00,1320.0992084694622
2030,sc01,01-04 07:00:00+01:00,2997.7106323507696
2030,sc01,01-04 08:00:00+01:00,4376.416255863663
2030,sc01,01-04 09:00:00+01:00,3769.9737848237073
2030,sc01,01-04 10:00:00+01:00,323.93819049026797
2030,sc01,01-04 11:00:00+01:00,301.8778236508182
2030,sc01,01-04 12:00:00+01:00,333.2050882001166
2030,sc01,01-04 13:00:00+01:00,343.7161575184664
2030,sc01,01-04 14:00:00+01:00,281.0624855814056
2030,sc01,01-04 15:00:00+01:00,322.15051783242643
2030,sc01,01-04 16:00:00+01:00,507.7729025002375
2030,sc01,01-04 17:00:00+01:00,1827.173904617232
2030,sc01,01-04 18:00:00+01:00,4665.823337310219
2030,sc01,01-04 19:00:00+01:00,5977.277520387758
2030,sc01,01-04 20:00:00+01:00,5041.628318823412
2030,sc01,01-04 21:00:00+01:00,3855.908507856869
2030,sc01,01-04 22:00:00+01:00,2809.6828732549657
2030,sc01,01-04 23:00:00+01:00,2047.2454320536838
2030,sc01,01-05 00:00:00+01:00,1406.8567135522396
2030,sc01,01-05 01:00:00+01:00,855.35221984512
2030,sc01,01-05 02:00:00+01:00,465.59382575282547
2030,sc01,01-05 03:00:00+01:00,201.56747554236375
2030,sc01,01-05 04:00:00+01:00,90.87014741736739
2030,sc01,01-05 05:00:00+01:00,127.77992360809525
2030,sc01,01-05 06:00:00+01:00,336.0237846933684
2030,sc01,01-05 07:00:00+01:00,818.6122404026078
2030,sc01,01-05 08:00:00+01:00,1351.017525241825
2030,sc01,01-05 09:00:00+01:00,492.0463710280766
2030,sc01,01-05 10:00:00+01:00,251.606195730963
2030,sc01,01-05 11:00:00+01:00,299.1056559979504
2030,sc01,01-05 12:00:00+01:00,293.45190466501606
2030,sc01,01-05 13:00:00+01:00,248.8378916984625
2030,sc01,01-05 14:00:00+01:00,207.36830778069668
2030,sc01,01-05 15:00:00+01:00,261.49704048066803
2030,sc01,01-05 16:00:00+01:00,387.87663039573636
2030,sc01,01-05 17:00:00+01:00,2239.510691384645
2030,sc01,01-05 18:00:00+01:00,5470.291592591659
2030,sc01,01-05 19:00:00+01:00,5652.154901237088
2030,sc01,01-05 20:00:00+01:00,3841.775331883772
2030,sc01,01-05 21:00:00+01:00,3012.435116121197
2030,sc01,01-05 22:00:00+01:00,2420.855903130696
2030,sc01,01-05 23:00:00+01:00,1977.0176334151824
2030,sc01,01-06 00:00:00+01:00,1419.4444857728095
2030,sc01,01-06 01:00:00+01:00,913.5774614903893
2030,sc01,01-06 02:00:00+01:00,578.7181007881763
2030,sc01,01-06 03:00:00+01:00,281.782734668328
2030,sc01,01-06 04:00:00+01:00,114.74360746345045
2030,sc01,01-06 05:00:00+01:00,45.78451383275666
2030,sc01,01-06 06:00:00+01:00,243.48130860745695
2030,sc01,01-06 07:00:00+01:00,535.224957989283
2030,sc01,01-06 08:00:00+01:00,1014.1388914378259
2030,sc01,01-06 09:00:00+01:00,247.2171713661984
2030,sc01,01-06 10:00:00+01:00,91.67380198650415
2030,sc01,01-06 11:00:00+01:00,1.8758328224066645e-12
2030,sc01,01-06 12:00:00+01:00,-4.774847184307873e-12
2030,sc01,01-06 13:00:00+01:00,94.96088679545403
2030,sc01,01-06 14:00:00+01:00,63.82738715900848
2030,sc01,01-06 15:00:00+01:00,119.45228713055462
2030,sc01,01-06 16:00:00+01:00,304.3049723885159
2030,sc01,01-06 17:00:00+01:00,1852.8271902989227
2030,sc01,01-06 18:00:00+01:00,5139.840724883306
2030,sc01,01-06 19:00:00+01:00,5441.190465688329
2030,sc01,01-06 20:00:00+01:00,5062.323685381613
2030,sc01,01-06 21:00:00+01:00,4228.050269262
2030,sc01,01-06 22:00:00+01:00,3279.300201566
2030,sc01,01-06 23:00:00+01:00,2019.881049114045
2030,sc01,01-07 00:00:00+01:00,1192.371044316365
2030,sc01,01-07 01:00:00+01:00,675.2440737332736
2030,sc01,01-07 02:00:00+01:00,458.29488052494463
2030,sc01,01-07 03:00:00+01:00,244.7279002555021
2030,sc01,01-07 04:00:00+01:00,312.00893267280725
2030,sc01,01-07 05:00:00+01:00,868.4996587032257
2030,sc01,01-07 06:00:00+01:00,3975.192084356103
2030,sc01,01-07 07:00:00+01:00,6516.919586162141
2030,sc01,01-07 08:00:00+01:00,7907.2029270353
2030,sc01,01-07 09:00:00+01:00,6605.518192956434
2030,sc01,01-07 10:00:00+01:00,3891.067721774089
2030,sc01,01-07 11:00:00+01:00,3124.1722442328232
2030,sc01,01-07 12:00:00+01:00,2298.4903785009346
2030,sc01,01-07 13:00:00+01:00,2212.018405060138
2030,sc01,01-07 14:00:00+01:00,1912.3361750752852
2030,sc01,01-07 15:00:00+01:00,1760.403325738033
2030,sc01,01-07 16:00:00+01:00,2295.817185779859
2030,sc01,01-07 17:00:00+01:00,2540.1015947342157
2030,sc01,01-07 18:00:00+01:00,6415.28571764293
2030,sc01,01-07 19:00:00+01:00,6326.5331455828855
2030,sc01,01-07 20:00:00+01:00,5485.2539839632855
2030,sc01,01-07 21:00:00+01:00,4461.084396317711
2030,sc01,01-07 22:00:00+01:00,3277.66514987146
2030,sc01,01-07 23:00:00+01:00,2062.1082137739445
2030,sc01,01-08 00:00:00+01:00,1348.2692094831866
2030,sc01,01-08 01:00:00+01:00,792.6626875144293
2030,sc01,01-08 02:00:00+01:00,403.47586216529874
2030,sc01,01-08 03:00:00+01:00,179.35370232312974
2030,sc01,01-08 04:00:00+01:00,148.15158700737703
2030,sc01,01-08 05:00:00+01:00,475.1876087298588
2030,sc01,01-08 06:00:00+01:00,1618.7475427413383
2030,sc01,01-08 07:00:00+01:00,3676.383093751755
2030,sc01,01-08 08:00:00+01:00,5132.1164171363125
2030,sc01,01-08 09:00:00+01:00,2583.87645729249
2030,sc01,01-08 10:00:00+01:00,622.6457179957184
2030,sc01,01-08 11:00:00+01:00,613.9732300608857
2030,sc01,01-08 12:00:00+01:00,581.3064162912035
2030,sc01,01-08 13:00:00+01:00,507.6163168036376
2030,sc01,01-08 14:00:00+01:00,755.1544876881276
2030,sc01,01-08 15:00:00+01:00,774.8348569488262
2030,sc01,01-08 16:00:00+01:00,905.3717090804407
2030,sc01,01-08 17:00:00+01:00,2882.8584862347884
2030,sc01,01-08 18:00:00+01:00,6061.208542443244
2030,sc01,01-08 19:00:00+01:00,4920.5163235108075
2030,sc01,01-08 20:00:00+01:00,4384.137426628612
2030,sc01,01-08 21:00:00+01:00,3548.2657561799947
2030,sc01,01-08 22:00:00+01:00,2746.2345513607293
2030,sc01,01-08 23:00:00+01:00,2165.0980907242615
2030,sc01,01-09 00:00:00+01:00,1410.961225722285
2030,sc01,01-09 01:00:00+01:00,873.8809357952789
2030,sc01,01-09 02:00:00+01:00,530.9538707172702
2030,sc01,01-09 03:00:00+01:00,378.7190287823279
2030,sc01,01-09 04:00:00+01:00,379.2650223599644
2030,sc01,01-09 05:00:00+01:00,722.7376926436183
2030,sc01,01-09 06:00:00+01:00,2584.9826594219253
2030,sc01,01-09 07:00:00+01:00,5187.142366129074
2030,sc01,01-09 08:00:00+01:00,6530.597507403216
2030,sc01,01-09 09:00:00+01:00,5103.216127927541
2030,sc01,01-09 10:00:00+01:00,1835.968524664824
2030,sc01,01-09 11:00:00+01:00,1454.6057736284686
2030,sc01,01-09 12:00:00+01:00,1259.2258579513286
2030,sc01,01-09 13:00:00+01:00,1065.9955584143472
2030,sc01,01-09 14:00:00+01:00,955.226695375093
2030,sc01,01-09 15:00:00+01:00,1605.3325806450403
2030,sc01,01-09 16:00:00+01:00,2639.7795463520974
2030,sc01,01-09 17:00:00+01:00,5237.544538502872
2030,sc01,01-09 18:00:00+01:00,8771.296552076175
2030,sc01,01-09 19:00:00+01:00,9191.114286009153
2030,sc01,01-09 20:00:00+01:00,8531.418508861732
2030,sc01,01-09 21:00:00+01:00,7235.9128990863
2030,sc01,01-09 22:00:00+01:00,6079.935289635924
2030,sc01,01-09 23:00:00+01:00,4616.147125409431
2030,sc01,01-10 00:00:00+01:00,3436.8516940035975
2030,sc01,01-10 01:00:00+01:00,2435.542375975608
2030,sc01,01-10 02:00:00+01:00,1900.0401232643026
2030,sc01,01-10 03:00:00+01:00,1807.0400269829997
2030,sc01,01-10 04:00:00+01:00,1927.6610612070233
2030,sc01,01-10 05:00:00+01:00,2961.900257270813
2030,sc01,01-10 06:00:00+01:00,5480.02414765443
2030,sc01,01-10 07:00:00+01:00,8067.310508442153
2030,sc01,01-10 08:00:00+01:00,9585.676179945607
2030,sc01,01-10 09:00:00+01:00,8090.941560024657
2030,sc01,01-10 10:00:00+01:00,4791.94195199738
2030,sc01,01-10 11:00:00+01:00,4051.6552279932475
2030,sc01,01-10 12:00:00+01:00,3779.3952688416675
2030,sc01,01-10 13:00:00+01:00,2068.8713846905193
2030,sc01,01-10 14:00:00+01:00,2333.2639614924014
2030,sc01,01-10 15:00:00+01:00,2377.4824842083635
2030,sc01,01-10 16:00:00+01:00,3046.5606423996032
2030,sc01,01-10 17:00:00+01:00,6940.7933729609995
2030,sc01,01-10 18:00:00+01:00,9842.174014083
2030,sc01,01-10 19:00:00+01:00,9554.667295777
2030,sc01,01-10 20:00:00+01:00,8353.121427984
2030,sc01,01-10 21:00:00+01:00,6458.67447717
2030,sc01,01-10 22:00:00+01:00,4577.833553752575
2030,sc01,01-10 23:00:00+01:00,2919.4578356714087
2030,sc01,01-11 00:00:00+01:00,1893.6050241786143
2030,sc01,01-11 01:00:00+01:00,1261.0988854876632
2030,sc01,01-11 02:00:00+01:00,853.9655443930386
2030,sc01,01-11 03:00:00+01:00,640.4474900119862
2030,sc01,01-11 04:00:00+01:00,581.8709186525972
2030,sc01,01-11 05:00:00+01:00,949.2773540149134
2030,sc01,01-11 06:00:00+01:00,2326.0939328187583
2030,sc01,01-11 07:00:00+01:00,4954.314433867685
2030,sc01,01-11 08:00:00+01:00,6320.470204283261
2030,sc01,01-11 09:00:00+01:00,4694.115393398268
2030,sc01,01-11 10:00:00+01:00,755.9412719366194
2030,sc01,01-11 11:00:00+01:00,612.3568957076918
2030,sc01,01-11 12:00:00+01:00,546.24539799128
2030,sc01,01-11 13:00:00+01:00,350.4502046839268
2030,sc01,01-11 14:00:00+01:00,352.2988042371587
2030,sc01,01-11 15:00:00+01:00,532.3312602143177
2030,sc01,01-11 16:00:00+01:00,755.6193838835204
2030,sc01,01-11 17:00:00+01:00,1659.012338168738
2030,sc01,01-11 18:00:00+01:00,5009.864077645634
2030,sc01,01-11 19:00:00+01:00,7051.620974223129
2030,sc01,01-11 20:00:00+01:00,6293.639537631483
2030,sc01,01-11 21:00:00+01:00,5033.686680686975
2030,sc01,01-11 22:00:00+01:00,3971.7381592854126
2030,sc01,01-11 23:00:00+01:00,2488.4065159265638
2030,sc01,01-12 00:00:00+01:00,1817.8170606650428
2030,sc01,01-12 01:00:00+01:00,1281.7131570195857
2030,sc01,01-12 02:00:00+01:00,876.1070828767363
2030,sc01,01-12 03:00:00+01:00,531.5572556152458
2030,sc01,01-12 04:00:00+01:00,405.4622007014317
2030,sc01,01-12 05:00:00+01:00,449.5289327247243
2030,sc01,01-12 06:00:00+01:00,716.9228402651154
2030,sc01,01-12 07:00:00+01:00,1331.1112059825477
2030,sc01,01-12 08:00:00+01:00,2024.4187180339563
2030,sc01,01-12 09:00:00+01:00,1007.9905555690491
2030,sc01,01-12 10:00:00+01:00,280.60597122564286
2030,sc01,01-12 11:00:00+01:00,290.74739080349957
2030,sc01,01-12 12:00:00+01:00,241.78931183923964
2030,sc01,01-12 13:00:00+01:00,190.3621014052069
2030,sc01,01-12 14:00:00+01:00,160.65549159962836
2030,sc01,01-12 15:00:00+01:00,195.6338838588506
2030,sc01,01-12 16:00:00+01:00,302.79834549848283
2030,sc01,01-12 17:00:00+01:00,689.7824455459906
2030,sc01,01-12 18:00:00+01:00,3650.5948602755066
2030,sc01,01-12 19:00:00+01:00,4095.8933486564265
2030,sc01,01-12 20:00:00+01:00,2874.163387923158
2030,sc01,01-12 21:00:00+01:00,2503.0660910880633
2030,sc01,01-12 22:00:00+01:00,2160.9015407540865
2030,sc01,01-12 23:00:00+01:00,1688.3426503056062
2030,sc01,01-13 00:00:00+01:00,1160.108929830853
2030,sc01,01-13 01:00:00+01:00,606.0874949300727
2030,sc01,01-13 02:00:00+01:00,222.47459733050556
2030,sc01,01-13 03:00:00+01:00,1.0516032489249483e-11
2030,sc01,01-13 04:00:00+01:00,-1.9326762412674725e-12
2030,sc01,01-13 05:00:00+01:00,-2.8421709430404007e-13
2030,sc01,01-13 06:00:00+01:00,-1.8900436771218665e-12
2030,sc01,01-13 07:00:00+01:00,42.83856483721293
2030,sc01,01-13 08:00:00+01:00,161.98839860890814
2030,sc01,01-13 09:00:00+01:00,5.229594535194337e-12
2030,sc01,01-13 10:00:00+01:00,1.0629719326971099e-11
2030,sc01,01-13 11:00:00+01:00,-1.4779288903810084e-12
2030,sc01,01-13 12:00:00+01:00,1.8275159163749777e-11
2030,sc01,01-13 13:00:00+01:00,12.547850216448182
2030,sc01,01-13 14:00:00+01:00,2.842170943040401e-14
2030,sc01,01-13 15:00:00+01:00,22.4780278775238
2030,sc01,01-13 16:00:00+01:00,139.27380119470354
2030,sc01,01-13 17:00:00+01:00,196.36477091525845
2030,sc01,01-13 18:00:00+01:00,2355.2835274018253
2030,sc01,01-13 19:00:00+01:00,2872.5511921799325
2030,sc01,01-13 20:00:00+01:00,2733.6420141251656
2030,sc01,01-13 21:00:00+01:00,2257.3272376637206
2030,sc01,01-13 22:00:00+01:00,1812.557006901588
2030,sc01,01-13 23:00:00+01:00,1193.6047910218779
2030,sc01,01-14 00:00:00+01:00,614.9822313650702
2030,sc01,01-14 01:00:00+01:00,180.6730680527045
2030,sc01,01-14 02:00:00+01:00,5.229594535194337e-12
2030,sc01,01-14 03:00:00+01:00,2.5011104298755527e-12
2030,sc01,01-14 04:00:00+01:00,-2.842170943040401e-14
2030,sc01,01-14 05:00:00+01:00,138.0048510341392
2030,sc01,01-14 06:00:00+01:00,1332.190105575721
2030,sc01,01-14 07:00:00+01:00,3094.4702358352024
2030,sc01,01-14 08:00:00+01:00,4262.668182901097
2030,sc01,01-14 09:00:00+01:00,2557.866229822378
2030,sc01,01-14 10:00:00+01:00,603.3368167786474
2030,sc01,01-14 11:00:00+01:00,593.6781373043598
2030,sc01,01-14 12:00:00+01:00,580.3757433664073
2030,sc01,01-14 13:00:00+01:00,562.2847254171102
2030,sc01,01-14 14:00:00+01:00,525.3244387417042
2030,sc01,01-14 15:00:00+01:00,536.0265893873815
2030,sc01,01-14 16:00:00+01:00,640.7396659703562
2030,sc01,01-14 17:00:00+01:00,1532.6879555934602
2030,sc01,01-14 18:00:00+01:00,4858.758421399001
2030,sc01,01-14 19:00:00+01:00,5224.303663934319
2030,sc01,01-14 20:00:00+01:00,4613.439517766144
2030,sc01,01-14 21:00:00+01:00,3745.6712358873765
2030,sc01,01-14 22:00:00+01:00,2534.7941294920347
2030,sc01,01-14 23:00:00+01:00,1928.1182917400322
2030,sc01,01-15 00:00:00+01:00,1297.001023910676
2030,sc01,01-15 01:00:00+01:00,786.6064852051786
2030,sc01,01-15 02:00:00+01:00,529.0421701834812
2030,sc01,01-15 03:00:00+01:00,421.39064404390587
2030,sc01,01-15 04:00:00+01:00,420.31791904738367
2030,sc01,01-15 05:00:00+01:00,753.0465606441908
2030,sc01,01-15 06:00:00+01:00,2052.7022346391163
2030,sc01,01-15 07:00:00+01:00,4456.534652698373
2030,sc01,01-15 08:00:00+01:00,5931.033605264761
2030,sc01,01-15 09:00:00+01:00,4845.283835348924
2030,sc01,01-15 10:00:00+01:00,1380.651565014316
2030,sc01,01-15 11:00:00+01:00,816.1791732528122
2030,sc01,01-15 12:00:00+01:00,646.9058966744665
2030,sc01,01-15 13:00:00+01:00,623.7763089631105
2030,sc01,01-15 14:00:00+01:00,579.6667279605296
2030,sc01,01-15 15:00:00+01:00,588.4653290374856
2030,sc01,01-15 16:00:00+01:00,1022.5538962637322
2030,sc01,01-15 17:00:00+01:00,3808.47495537355
2030,sc01,01-15 18:00:00+01:00,6280.900440157432
2030,sc01,01-15 19:00:00+01:00,6768.389670338382
2030,sc01,01-15 20:00:00+01:00,4764.92442717562
2030,sc01,01-15 21:00:00+01:00,3852.265424800324
2030,sc01,01-15 22:00:00+01:00,3002.3440994152224
2030,sc01,01-15 23:00:00+01:00,2262.83782170268
2030,sc01,01-16 00:00:00+01:00,1690.0161366374964
2030,sc01,01-16 01:00:00+01:00,1114.1149146417933
2030,sc01,01-16 02:00:00+01:00,779.1331209542484
2030,sc01,01-16 03:00:00+01:00,539.8954146799426
2030,sc01,01-16 04:00:00+01:00,470.50666201637904
2030,sc01,01-16 05:00:00+01:00,819.9067044012272
2030,sc01,01-16 06:00:00+01:00,3140.8856079762627
2030,sc01,01-16 07:00:00+01:00,5839.633305793216
2030,sc01,01-16 08:00:00+01:00,7358.030567551934
2030,sc01,01-16 09:00:00+01:00,6659.671636426379
2030,sc01,01-16 10:00:00+01:00,4036.75026969886
2030,sc01,01-16 11:00:00+01:00,1887.8551357964693
2030,sc01,01-16 12:00:00+01:00,1424.8845799726437
2030,sc01,01-16 13:00:00+01:00,1332.798193464949
2030,sc01,01-16 14:00:00+01:00,1328.150066364792
2030,sc01,01-16 15:00:00+01:00,2198.9869367933943
2030,sc01,01-16 16:00:00+01:00,4155.129057899888
2030,sc01,01-16 17:00:00+01:00,6265.345881487782
2030,sc01,01-16 18:00:00+01:00,7216.226275841323
2030,sc01,01-16 19:00:00+01:00,6880.015443983167
2030,sc01,01-16 20:00:00+01:00,4690.699885491166
2030,sc01,01-16 21:00:00+01:00,3725.120976826003
2030,sc01,01-16 22:00:00+01:00,3002.096136822665
2030,sc01,01-16 23:00:00+01:00,2257.819266126506
2030,sc01,01-17 00:00:00+01:00,1548.5456403505623
2030,sc01,01-17 01:00:00+01:00,1048.0444935568014
2030,sc01,01-17 02:00:00+01:00,739.6351099680143
2030,sc01,01-17 03:00:00+01:00,558.9707413320411
2030,sc01,01-17 04:00:00+01:00,495.8521846211428
2030,sc01,01-17 05:00:00+01:00,773.997337660844
2030,sc01,01-17 06:00:00+01:00,1781.9890459764606
2030,sc01,01-17 07:00:00+01:00,5633.764323801548
2030,sc01,01-17 08:00:00+01:00,6990.918785539733
2030,sc01,01-17 09:00:00+01:00,6844.483025459994
2030,sc01,01-17 10:00:00+01:00,4754.853024179886
2030,sc01,01-17 11:00:00+01:00,2315.965197812844
2030,sc01,01-17 12:00:00+01:00,1139.974785758731
2030,sc01,01-17 13:00:00+01:00,1021.189324474382
2030,sc01,01-17 14:00:00+01:00,916.7478816138425
2030,sc01,01-17 15:00:00+01:00,1322.6333362672488
2030,sc01,01-17 16:00:00+01:00,2877.975753327653
2030,sc01,01-17 17:00:00+01:00,5462.285657368498
2030,sc01,01-17 18:00:00+01:00,7344.503930011984
2030,sc01,01-17 19:00:00+01:00,7112.396213811822
2030,sc01,01-17 20:00:00+01:00,6404.472970484479
2030,sc01,01-17 21:00:00+01:00,5150.8702868862365
2030,sc01,01-17 22:00:00+01:00,4100.82815144706
2030,sc01,01-17 23:00:00+01:00,2677.374394480637
2030,sc01,01-18 00:00:00+01:00,1880.6794783927828
2030,sc01,01-18 01:00:00+01:00,1418.3975836354318
2030,sc01,01-18 02:00:00+01:00,1143.4879136147613
2030,sc01,01-18 03:00:00+01:00,967.5197732210006
2030,sc01,01-18 04:00:00+01:00,1003.1440611297663
2030,sc01,01-18 05:00:00+01:00,1455.4255920546163
2030,sc01,01-18 06:00:00+01:00,5617.137975162415
2030,sc01,01-18 07:00:00+01:00,8303.945576167229
2030,sc01,01-18 08:00:00+01:00,9558.611241978722
2030,sc01,01-18 09:00:00+01:00,8715.388235250852
2030,sc01,01-18 10:00:00+01:00,5274.31529860342
2030,sc01,01-18 11:00:00+01:00,4322.997558023208
2030,sc01,01-18 12:00:00+01:00,3812.4652883854797
2030,sc01,01-18 13:00:00+01:00,3425.791125505264
2030,sc01,01-18 14:00:00+01:00,3055.05256253699
2030,sc01,01-18 15:00:00+01:00,3380.169910840392
2030,sc01,01-18 16:00:00+01:00,5796.723814715349
2030,sc01,01-18 17:00:00+01:00,8565.819346668244
2030,sc01,01-18 18:00:00+01:00,9954.04382070835
2030,sc01,01-18 19:00:00+01:00,9690.233418548807
2030,sc01,01-18 20:00:00+01:00,8763.28490818223
2030,sc01,01-18 21:00:00+01:00,7510.142869485433
2030,sc01,01-18 22:00:00+01:00,6550.166899802785
2030,sc01,01-18 23:00:00+01:00,3924.9211571789165
2030,sc01,01-19 00:00:00+01:00,2937.069606022862
2030,sc01,01-19 01:00:00+01:00,2175.127657752546
2030,sc01,01-19 02:00:00+01:00,1715.1909716936834
2030,sc01,01-19 03:00:00+01:00,1452.6314960359657
2030,sc01,01-19 04:00:00+01:00,1212.6444921363372
2030,sc01,01-19 05:00:00+01:00,1357.5189375300092
2030,sc01,01-19 06:00:00+01:00,3675.608628470425
2030,sc01,01-19 07:00:00+01:00,4771.751657844567
2030,sc01,01-19 08:00:00+01:00,5938.880625350922
2030,sc01,01-19 09:00:00+01:00,6193.361613138
2030,sc01,01-19 10:00:00+01:00,4890.232174520001
2030,sc01,01-19 11:00:00+01:00,3556.7156583427127
2030,sc01,01-19 12:00:00+01:00,2843.0194268951045
2030,sc01,01-19 13:00:00+01:00,2466.433758747213
2030,sc01,01-19 14:00:00+01:00,2231.4544625928947
2030,sc01,01-19 15:00:00+01:00,3405.1597579994177
2030,sc01,01-19 16:00:00+01:00,5368.345558336107
2030,sc01,01-19 17:00:00+01:00,7030.586240357426
2030,sc01,01-19 18:00:00+01:00,7717.96141199863
2030,sc01,01-19 19:00:00+01:00,7355.9216381222095
2030,sc01,01-19 20:00:00+01:00,6467.3705721941
2030,sc01,01-19 21:00:00+01:00,5488.051832063473
2030,sc01,01-19 22:00:00+01:00,4778.849516095453
2030,sc01,01-19 23:00:00+01:00,3799.379018749535
2030,sc01,01-20 00:00:00+01:00,2051.7061836884377
2030,sc01,01-20 01:00:00+01:00,1560.4210973078352
2030,sc01,01-20 02:00:00+01:00,1247.0876197517816
2030,sc01,01-20 03:00:00+01:00,953.5872205656448
2030,sc01,01-20 04:00:00+01:00,966.3785310782965
2030,sc01,01-20 05:00:00+01:00,1119.3826127818945
2030,sc01,01-20 06:00:00+01:00,1822.4078354286303
2030,sc01,01-20 07:00:00+01:00,2608.1048420292595
2030,sc01,01-20 08:00:00+01:00,3617.399321582799
2030,sc01,01-20 09:00:00+01:00,3761.1062566799997
2030,sc01,01-20 10:00:00+01:00,2043.2517869019268
2030,sc01,01-20 11:00:00+01:00,1980.8068655037546
2030,sc01,01-20 12:00:00+01:00,1546.4045372834105
2030,sc01,01-20 13:00:00+01:00,1155.6259321280063
2030,sc01,01-20 14:00:00+01:00,1028.504983708021
2030,sc01,01-20 15:00:00+01:00,1444.9114887507544
2030,sc01,01-20 16:00:00+01:00,2228.074998353175
2030,sc01,01-20 17:00:00+01:00,4113.934087414
2030,sc01,01-20 18:00:00+01:00,7629.794031387
2030,sc01,01-20 19:00:00+01:00,8079.210471836
2030,sc01,01-20 20:00:00+01:00,7524.389597892
2030,sc01,01-20 21:00:00+01:00,7025.18631629
2030,sc01,01-20 22:00:00+01:00,6209.87888955
2030,sc01,01-20 23:00:00+01:00,4753.82199089253
2030,sc01,01-21 00:00:00+01:00,2128.3025794880073
2030,sc01,01-21 01:00:00+01:00,1451.23407014754
2030,sc01,01-21 02:00:00+01:00,1126.9039807234121
2030,sc01,01-21 03:00:00+01:00,1539.7825131410505
2030,sc01,01-21 04:00:00+01:00,1751.2494724733192
2030,sc01,01-21 05:00:00+01:00,2921.908106189019
2030,sc01,01-21 06:00:00+01:00,5627.069713372337
2030,sc01,01-21 07:00:00+01:00,8686.91555920121
2030,sc01,01-21 08:00:00+01:00,10449.671867824
2030,sc01,01-21 09:00:00+01:00,7471.338398842792
2030,sc01,01-21 10:00:00+01:00,4418.750076465844
2030,sc01,01-21 11:00:00+01:00,3882.026554254367
2030,sc01,01-21 12:00:00+01:00,3634.598110904768
2030,sc01,01-21 13:00:00+01:00,3583.788068484143
2030,sc01,01-21 14:00:00+01:00,5254.126775450428
2030,sc01,01-21 15:00:00+01:00,5705.624336931971
2030,sc01,01-21 16:00:00+01:00,6791.0236489860035
2030,sc01,01-21 17:00:00+01:00,8915.543708717583
2030,sc01,01-21 18:00:00+01:00,12618.643071088325
2030,sc01,01-21 19:00:00+01:00,13438.711183033076
2030,sc01,01-21 20:00:00+01:00,12338.771768265853
2030,sc01,01-21 21:00:00+01:00,10618.381153951
2030,sc01,01-21 22:00:00+01:00,9052.372974966
2030,sc01,01-21 23:00:00+01:00,7252.209475821
2030,sc01,01-22 00:00:00+01:00,5511.291195352999
2030,sc01,01-22 01:00:00+01:00,4166.937272407891
2030,sc01,01-22 02:00:00+01:00,3358.4127876531875
2030,sc01,01-22 03:00:00+01:00,3144.330030748
2030,sc01,01-22 04:00:00+01:00,3412.0516764950003
2030,sc01,01-22 05:00:00+01:00,4633.4564408119995
2030,sc01,01-22 06:00:00+01:00,7123.107607084
2030,sc01,01-22 07:00:00+01:00,9743.160183988
2030,sc01,01-22 08:00:00+01:00,10976.269967247
2030,sc01,01-22 09:00:00+01:00,10519.838052363999
2030,sc01,01-22 10:00:00+01:00,8703.140605304
2030,sc01,01-22 11:00:00+01:00,6539.840625037999
2030,sc01,01-22 12:00:00+01:00,5498.785985408006
2030,sc01,01-22 13:00:00+01:00,5472.6272350961
2030,sc01,01-22 14:00:00+01:00,5845.794431303
2030,sc01,01-22 15:00:00+01:00,5249.824696457321
2030,sc01,01-22 16:00:00+01:00,6522.969885193052
2030,sc01,01-22 17:00:00+01:00,8028.978970895472
2030,sc01,01-22 18:00:00+01:00,8685.876483328562
2030,sc01,01-22 19:00:00+01:00,8640.24026764583
2030,sc01,01-22 20:00:00+01:00,7528.327846800127
2030,sc01,01-22 21:00:00+01:00,6223.228833386883
2030,sc01,01-22 22:00:00+01:00,4809.459961532964
2030,sc01,01-22 23:00:00+01:00,3497.2655805444365
2030,sc01,01-23 00:00:00+01:00,3641.7811577861626
2030,sc01,01-23 01:00:00+01:00,2811.3797499054863
2030,sc01,01-23 02:00:00+01:00,2511.3733822976565
2030,sc01,01-23 03:00:00+01:00,2315.099685060585
2030,sc01,01-23 04:00:00+01:00,1418.236687337388
2030,sc01,01-23 05:00:00+01:00,3944.5103258791914
2030,sc01,01-23 06:00:00+01:00,6435.545947547939
2030,sc01,01-23 07:00:00+01:00,8975.168881858419
2030,sc01,01-23 08:00:00+01:00,10562.651554767037
2030,sc01,01-23 09:00:00+01:00,10049.431211637291
2030,sc01,01-23 10:00:00+01:00,7796.5642613301725
2030,sc01,01-23 11:00:00+01:00,6149.112726055104
2030,sc01,01-23 12:00:00+01:00,5759.044832109704
2030,sc01,01-23 13:00:00+01:00,5495.358473048388
2030,sc01,01-23 14:00:00+01:00,3560.0993462420356
2030,sc01,01-23 15:00:00+01:00,4796.817666543707
2030,sc01,01-23 16:00:00+01:00,5992.23662068337
2030,sc01,01-23 17:00:00+01:00,7883.59257764972
2030,sc01,01-23 18:00:00+01:00,9041.651145792992
2030,sc01,01-23 19:00:00+01:00,8898.782138966604
2030,sc01,01-23 20:00:00+01:00,7916.810891857294
2030,sc01,01-23 21:00:00+01:00,6677.851718825729
2030,sc01,01-23 22:00:00+01:00,5543.344027416541
2030,sc01,01-23 23:00:00+01:00,3955.465427855209
2030,sc01,01-24 00:00:00+01:00,3300.9758105664932
2030,sc01,01-24 01:00:00+01:00,2654.5204257004816
2030,sc01,01-24 02:00:00+01:00,2417.608742645379
2030,sc01,01-24 03:00:00+01:00,2202.495145684789
2030,sc01,01-24 04:00:00+01:00,2400.0279690860457
2030,sc01,01-24 05:00:00+01:00,3232.380664572571
2030,sc01,01-24 06:00:00+01:00,5538.7262483630675
2030,sc01,01-24 07:00:00+01:00,7881.490807702792
2030,sc01,01-24 08:00:00+01:00,8589.569788068871
2030,sc01,01-24 09:00:00+01:00,7609.952595426171
2030,sc01,01-24 10:00:00+01:00,4589.803354287539
2030,sc01,01-24 11:00:00+01:00,3247.463880134311
2030,sc01,01-24 12:00:00+01:00,3026.562461364516
2030,sc01,01-24 13:00:00+01:00,2828.3253023348216
2030,sc01,01-24 14:00:00+01:00,2637.3349717902092
2030,sc01,01-24 15:00:00+01:00,2679.8635941147913
2030,sc01,01-24 16:00:00+01:00,4001.8707069925044
2030,sc01,01-24 17:00:00+01:00,5933.513977175922
2030,sc01,01-24 18:00:00+01:00,8977.506713984429
2030,sc01,01-24 19:00:00+01:00,9112.46247812935
2030,sc01,01-24 20:00:00+01:00,8064.056024691306
2030,sc01,01-24 21:00:00+01:00,6873.491713415396
2030,sc01,01-24 22:00:00+01:00,5690.19055420517
2030,sc01,01-24 23:00:00+01:00,4552.488091602844
2030,sc01,01-25 00:00:00+01:00,3620.145942007825
2030,sc01,01-25 01:00:00+01:00,2942.6448348211793
2030,sc01,01-25 02:00:00+01:00,2326.797699390494
2030,sc01,01-25 03:00:00+01:00,2069.5606374349186
2030,sc01,01-25 04:00:00+01:00,2130.048971338744
2030,sc01,01-25 05:00:00+01:00,2630.0002193415226
2030,sc01,01-25 06:00:00+01:00,4800.042389060715
2030,sc01,01-25 07:00:00+01:00,6737.706008014579
2030,sc01,01-25 08:00:00+01:00,7615.366228962993
2030,sc01,01-25 09:00:00+01:00,5776.948135932002
2030,sc01,01-25 10:00:00+01:00,2744.677204105952
2030,sc01,01-25 11:00:00+01:00,2086.3043677962146
2030,sc01,01-25 12:00:00+01:00,1562.0794673231399
2030,sc01,01-25 13:00:00+01:00,1151.8251170046383
2030,sc01,01-25 14:00:00+01:00,885.1980886923106
2030,sc01,01-25 15:00:00+01:00,792.1691212014518
2030,sc01,01-25 16:00:00+01:00,1139.7917804619756
2030,sc01,01-25 17:00:00+01:00,2163.6093729024788
2030,sc01,01-25 18:00:00+01:00,5278.095422153726
2030,sc01,01-25 19:00:00+01:00,5429.350634024463
2030,sc01,01-25 20:00:00+01:00,4603.797109198923
2030,sc01,01-25 21:00:00+01:00,3714.417021719926
2030,sc01,01-25 22:00:00+01:00,3002.420384502557
2030,sc01,01-25 23:00:00+01:00,2332.6576355665397
2030,sc01,01-26 00:00:00+01:00,1766.5008275708149
2030,sc01,01-26 01:00:00+01:00,1231.305471536939
2030,sc01,01-26 02:00:00+01:00,836.4074296110931
2030,sc01,01-26 03:00:00+01:00,588.2174951275182
2030,sc01,01-26 04:00:00+01:00,524.7871536395648
2030,sc01,01-26 05:00:00+01:00,570.3729191063787
2030,sc01,01-26 06:00:00+01:00,826.7455546743627
2030,sc01,01-26 07:00:00+01:00,1443.095965886658
2030,sc01,01-26 08:00:00+01:00,1941.252797845277
2030,sc01,01-26 09:00:00+01:00,561.0308960429336
2030,sc01,01-26 10:00:00+01:00,718.8773147296163
2030,sc01,01-26 11:00:00+01:00,740.0666632223324
2030,sc01,01-26 12:00:00+01:00,658.2280002117142
2030,sc01,01-26 13:00:00+01:00,541.9041644505206
2030,sc01,01-26 14:00:00+01:00,395.8694603345159
2030,sc01,01-26 15:00:00+01:00,497.4498613123144
2030,sc01,01-26 16:00:00+01:00,935.9508001746094
2030,sc01,01-26 17:00:00+01:00,992.2271103202645
2030,sc01,01-26 18:00:00+01:00,2782.925581350009
2030,sc01,01-26 19:00:00+01:00,3636.8696304643677
2030,sc01,01-26 20:00:00+01:00,3438.37465010261
2030,sc01,01-26 21:00:00+01:00,2535.26716762846
2030,sc01,01-26 22:00:00+01:00,2100.0941092792377
2030,sc01,01-26 23:00:00+01:00,1464.0690691559716
2030,sc01,01-27 00:00:00+01:00,961.1270905998987
2030,sc01,01-27 01:00:00+01:00,509.3848283206256
2030,sc01,01-27 02:00:00+01:00,152.08466181093675
2030,sc01,01-27 03:00:00+01:00,5.5564441936439835e-12
2030,sc01,01-27 04:00:00+01:00,1.8758328224066645e-12
2030,sc01,01-27 05:00:00+01:00,1.396927018504357e-11
2030,sc01,01-27 06:00:00+01:00,-8.100187187665142e-13
2030,sc01,01-27 07:00:00+01:00,54.16888078677711
2030,sc01,01-27 08:00:00+01:00,138.49494824182034
2030,sc01,01-27 09:00:00+01:00,73.03735788199333
2030,sc01,01-27 10:00:00+01:00,130.5023589541198
2030,sc01,01-27 11:00:00+01:00,157.52398164385158
2030,sc01,01-27 12:00:00+01:00,109.16696279160112
2030,sc01,01-27 13:00:00+01:00,105.39456622226271
2030,sc01,01-27 14:00:00+01:00,76.62095145053922
2030,sc01,01-27 15:00:00+01:00,79.73908317586779
2030,sc01,01-27 16:00:00+01:00,211.98455575481455
2030,sc01,01-27 17:00:00+01:00,407.96897278178545
2030,sc01,01-27 18:00:00+01:00,2059.2832758448544
2030,sc01,01-27 19:00:00+01:00,3526.6284144733663
2030,sc01,01-27 20:00:00+01:00,3442.5059273215293
2030,sc01,01-27 21:00:00+01:00,3057.8976716845546
2030,sc01,01-27 22:00:00+01:00,2652.5443287805274
2030,sc01,01-27 23:00:00+01:00,1962.513698019486
2030,sc01,01-28 00:00:00+01:00,1238.6625321869856
2030,sc01,01-28 01:00:00+01:00,848.057171662515
2030,sc01,01-28 02:00:00+01:00,612.9203945411871
2030,sc01,01-28 03:00:00+01:00,441.8736770936962
2030,sc01,01-28 04:00:00+01:00,476.362499008073
2030,sc01,01-28 05:00:00+01:00,913.7671314019715
2030,sc01,01-28 06:00:00+01:00,2764.55079393196
2030,sc01,01-28 07:00:00+01:00,4719.201348293198
2030,sc01,01-28 08:00:00+01:00,5674.792918771646
2030,sc01,01-28 09:00:00+01:00,3713.8104455872617
2030,sc01,01-28 10:00:00+01:00,1049.5059062218913
2030,sc01,01-28 11:00:00+01:00,977.6448073487425
2030,sc01,01-28 12:00:00+01:00,856.9118760283679
2030,sc01,01-28 13:00:00+01:00,779.4240454278677
2030,sc01,01-28 14:00:00+01:00,715.9149803454263
2030,sc01,01-28 15:00:00+01:00,692.7797743616345
2030,sc01,01-28 16:00:00+01:00,1498.9589120475048
2030,sc01,01-28 17:00:00+01:00,3845.6574525383194
2030,sc01,01-28 18:00:00+01:00,6257.384740428335
2030,sc01,01-28 19:00:00+01:00,6559.273705386606
2030,sc01,01-28 20:00:00+01:00,5799.059567429002
2030,sc01,01-28 21:00:00+01:00,4923.231540196409
2030,sc01,01-28 22:00:00+01:00,3984.9926119187403
2030,sc01,01-28 23:00:00+01:00,2678.218624193786
2030,sc01,01-29 00:00:00+01:00,1955.9196347843979
2030,sc01,01-29 01:00:00+01:00,1447.2150346625283
2030,sc01,01-29 02:00:00+01:00,1121.5575876014257
2030,sc01,01-29 03:00:00+01:00,933.5297137468966
2030,sc01,01-29 04:00:00+01:00,931.5635475629277
2030,sc01,01-29 05:00:00+01:00,1672.2909990222797
2030,sc01,01-29 06:00:00+01:00,3611.1831956310793
2030,sc01,01-29 07:00:00+01:00,5876.595937586105
2030,sc01,01-29 08:00:00+01:00,7175.679672262375
2030,sc01,01-29 09:00:00+01:00,6683.689041951711
2030,sc01,01-29 10:00:00+01:00,4860.671630828859
2030,sc01,01-29 11:00:00+01:00,3190.9802932090747
2030,sc01,01-29 12:00:00+01:00,2214.230147604807
2030,sc01,01-29 13:00:00+01:00,4931.117196637097
2030,sc01,01-29 14:00:00+01:00,5652.845601399125
2030,sc01,01-29 15:00:00+01:00,4423.242676299301
2030,sc01,01-29 16:00:00+01:00,6058.364638591778
2030,sc01,01-29 17:00:00+01:00,7609.266085866815
2030,sc01,01-29 18:00:00+01:00,8497.54145403433
2030,sc01,01-29 19:00:00+01:00,8075.100338297271
2030,sc01,01-29 20:00:00+01:00,6843.078815044544
2030,sc01,01-29 21:00:00+01:00,5388.009124772153
2030,sc01,01-29 22:00:00+01:00,4242.958170774567
2030,sc01,01-29 23:00:00+01:00,2971.8406708952525
2030,sc01,01-30 00:00:00+01:00,2115.8621434857487
2030,sc01,01-30 01:00:00+01:00,1642.4002842467703
2030,sc01,01-30 02:00:00+01:00,1260.599154251718
2030,sc01,01-30 03:00:00+01:00,1029.404668148239
2030,sc01,01-30 04:00:00+01:00,1008.1469916324413
2030,sc01,01-30 05:00:00+01:00,1344.1881145792572
2030,sc01,01-30 06:00:00+01:00,2729.650179145429
2030,sc01,01-30 07:00:00+01:00,5121.4361185813705
2030,sc01,01-30 08:00:00+01:00,6268.289055430982
2030,sc01,01-30 09:00:00+01:00,5670.927292223926
2030,sc01,01-30 10:00:00+01:00,3613.514095428768
2030,sc01,01-30 11:00:00+01:00,4402.1092275715855
2030,sc01,01-30 12:00:00+01:00,3113.514355897334
2030,sc01,01-30 13:00:00+01:00,2887.3675950291345
2030,sc01,01-30 14:00:00+01:00,3592.6903780341872
2030,sc01,01-30 15:00:00+01:00,4543.079704869354
2030,sc01,01-30 16:00:00+01:00,6375.766879122999
2030,sc01,01-30 17:00:00+01:00,8402.16733484096
2030,sc01,01-30 18:00:00+01:00,9157.283883639742
2030,sc01,01-30 19:00:00+01:00,8987.506876444526
2030,sc01,01-30 20:00:00+01:00,7927.6622049023945
2030,sc01,01-30 21:00:00+01:00,6085.516398785399
2030,sc01,01-30 22:00:00+01:00,5030.627668649137
2030,sc01,01-30 23:00:00+01:00,3646.6181811824354
2030,sc01,01-31 00:00:00+01:00,1868.681483657273
2030,sc01,01-31 01:00:00+01:00,1426.179377303004
2030,sc01,01-31 02:00:00+01:00,1114.5970163242853
2030,sc01,01-31 03:00:00+01:00,925.769923843904
2030,sc01,01-31 04:00:00+01:00,981.5161583617426
2030,sc01,01-31 05:00:00+01:00,1210.5388106102696
2030,sc01,01-31 06:00:00+01:00,4222.935415309416
2030,sc01,01-31 07:00:00+01:00,7030.161645083666
2030,sc01,01-31 08:00:00+01:00,8310.571312377508
2030,sc01,01-31 09:00:00+01:00,8615.407085307
2030,sc01,01-31 10:00:00+01:00,7773.363735284
2030,sc01,01-31 11:00:00+01:00,6218.931619676038
2030,sc01,01-31 12:00:00+01:00,5091.030853343999
2030,sc01,01-31 13:00:00+01:00,4237.148291488999
2030,sc01,01-31 14:00:00+01:00,3675.0306090816366
2030,sc01,01-31 15:00:00+01:00,4723.252448516001
2030,sc01,01-31 16:00:00+01:00,6452.193871478378
2030,sc01,01-31 17:00:00+01:00,8300.625016501956
2030,sc01,01-31 18:00:00+01:00,9084.236202662758
2030,sc01,01-31 19:00:00+01:00,8217.584580464272
2030,sc01,01-31 20:00:00+01:00,7298.207277380978
2030,sc01,01-31 21:00:00+01:00,5717.8019363480635
2030,sc01,01-31 22:00:00+01:00,4405.740832472751
2030,sc01,01-31 23:00:00+01:00,2628.8983127928013
2030,sc01,02-01 00:00:00+01:00,1941.8060097494897
2030,sc01,02-01 01:00:00+01:00,1382.7708446605852
2030,sc01,02-01 02:00:00+01:00,960.6657646542217
2030,sc01,02-01 03:00:00+01:00,823.5420645575725
2030,sc01,02-01 04:00:00+01:00,736.0437361606031
2030,sc01,02-01 05:00:00+01:00,1082.3886766163614
2030,sc01,02-01 06:00:00+01:00,2797.107781068298
2030,sc01,02-01 07:00:00+01:00,4810.685240740495
2030,sc01,02-01 08:00:00+01:00,6259.867286701408
2030,sc01,02-01 09:00:00+01:00,5552.316620898399
2030,sc01,02-01 10:00:00+01:00,2618.8187487769073
2030,sc01,02-01 11:00:00+01:00,1909.749452294547
2030,sc01,02-01 12:00:00+01:00,1434.5297226209602
2030,sc01,02-01 13:00:00+01:00,1089.769603748683
2030,sc01,02-01 14:00:00+01:00,953.5455440395245
2030,sc01,02-01 15:00:00+01:00,1195.1281322044026
2030,sc01,02-01 16:00:00+01:00,2274.3627629280923
2030,sc01,02-01 17:00:00+01:00,5089.153070847839
2030,sc01,02-01 18:00:00+01:00,7093.040520525445
2030,sc01,02-01 19:00:00+01:00,6977.025603624885
2030,sc01,02-01 20:00:00+01:00,5898.868204435349
2030,sc01,02-01 21:00:00+01:00,4701.092452664806
2030,sc01,02-01 22:00:00+01:00,3585.290248237404
2030,sc01,02-01 23:00:00+01:00,2396.5344886178646
2030,sc01,02-02 00:00:00+01:00,1759.5394100761628
2030,sc01,02-02 01:00:00+01:00,1250.5793782232704
2030,sc01,02-02 02:00:00+01:00,893.4542734600868
2030,sc01,02-02 03:00:00+01:00,647.1443056294094
2030,sc01,02-02 04:00:00+01:00,554.1813759082
2030,sc01,02-02 05:00:00+01:00,602.3659345129735
2030,sc01,02-02 06:00:00+01:00,1137.2547941492753
2030,sc01,02-02 07:00:00+01:00,1905.9647191647334
2030,sc01,02-02 08:00:00+01:00,2892.375997142097
2030,sc01,02-02 09:00:00+01:00,1735.237395759971
2030,sc01,02-02 10:00:00+01:00,435.33215224010485
2030,sc01,02-02 11:00:00+01:00,408.6888273788077
2030,sc01,02-02 12:00:00+01:00,357.21849600557834
2030,sc01,02-02 13:00:00+01:00,275.6560535724045
2030,sc01,02-02 14:00:00+01:00,212.91420094836815
2030,sc01,02-02 15:00:00+01:00,199.88472994254278
2030,sc01,02-02 16:00:00+01:00,279.76261978799505
2030,sc01,02-02 17:00:00+01:00,837.9260043973791
2030,sc01,02-02 18:00:00+01:00,4234.477397042122
2030,sc01,02-02 19:00:00+01:00,5399.767643089807
2030,sc01,02-02 20:00:00+01:00,4699.554081420437
2030,sc01,02-02 21:00:00+01:00,3827.309550153601
2030,sc01,02-02 22:00:00+01:00,3098.3701809252166
2030,sc01,02-02 23:00:00+01:00,2156.2457031839203
2030,sc01,02-03 00:00:00+01:00,1753.5498808233824
2030,sc01,02-03 01:00:00+01:00,1243.9109595580169
2030,sc01,02-03 02:00:00+01:00,796.1866506188744
2030,sc01,02-03 03:00:00+01:00,460.93124427171887
2030,sc01,02-03 04:00:00+01:00,317.5583337899311
2030,sc01,02-03 05:00:00+01:00,295.09784591639004
2030,sc01,02-03 06:00:00+01:00,496.7130178955907
2030,sc01,02-03 07:00:00+01:00,760.6246041080695
2030,sc01,02-03 08:00:00+01:00,751.9082768272431
2030,sc01,02-03 09:00:00+01:00,20.462187585461038
2030,sc01,02-03 10:00:00+01:00,128.0202606164287
2030,sc01,02-03 11:00:00+01:00,175.4660292930988
2030,sc01,02-03 12:00:00+01:00,147.28252533118996
2030,sc01,02-03 13:00:00+01:00,93.88807972187476
2030,sc01,02-03 14:00:00+01:00,65.74299159708312
2030,sc01,02-03 15:00:00+01:00,72.5198656127842
2030,sc01,02-03 16:00:00+01:00,4.547473508864641e-13
2030,sc01,02-03 17:00:00+01:00,205.0327701489357
2030,sc01,02-03 18:00:00+01:00,4223.202689957046
2030,sc01,02-03 19:00:00+01:00,6368.3630378636135
2030,sc01,02-03 20:00:00+01:00,6265.388532868921
2030,sc01,02-03 21:00:00+01:00,5473.950897522049
2030,sc01,02-03 22:00:00+01:00,4519.777203900486
2030,sc01,02-03 23:00:00+01:00,3180.820195362245
2030,sc01,02-04 00:00:00+01:00,1565.4841337761427
2030,sc01,02-04 01:00:00+01:00,1155.4045141673234
2030,sc01,02-04 02:00:00+01:00,849.1840226296791
2030,sc01,02-04 03:00:00+01:00,634.7977844401701
2030,sc01,02-04 04:00:00+01:00,641.1125464296398
2030,sc01,02-04 05:00:00+01:00,1028.594660027087
2030,sc01,02-04 06:00:00+01:00,2094.379479417661
2030,sc01,02-04 07:00:00+01:00,4257.139668060633
2030,sc01,02-04 08:00:00+01:00,6789.484526597105
2030,sc01,02-04 09:00:00+01:00,3563.160960152988
2030,sc01,02-04 10:00:00+01:00,1687.3465067080774
2030,sc01,02-04 11:00:00+01:00,1333.571384247274
2030,sc01,02-04 12:00:00+01:00,1149.2107839925825
2030,sc01,02-04 13:00:00+01:00,996.190138382313
2030,sc01,02-04 14:00:00+01:00,868.8086765525561
2030,sc01,02-04 15:00:00+01:00,745.4421836971978
2030,sc01,02-04 16:00:00+01:00,1104.8868508441165
2030,sc01,02-04 17:00:00+01:00,2942.0061648031724
2030,sc01,02-04 18:00:00+01:00,5983.57086171665
2030,sc01,02-04 19:00:00+01:00,6800.193083610064
2030,sc01,02-04 20:00:00+01:00,6071.323151409522
2030,sc01,02-04 21:00:00+01:00,3783.7316733561343
2030,sc01,02-04 22:00:00+01:00,3055.8696678242927
2030,sc01,02-04 23:00:00+01:00,2341.1873124354865
2030,sc01,02-05 00:00:00+01:00,1698.9116079923162
2030,sc01,02-05 01:00:00+01:00,1192.69444105333
2030,sc01,02-05 02:00:00+01:00,951.3801801110317
2030,sc01,02-05 03:00:00+01:00,776.7651947784441
2030,sc01,02-05 04:00:00+01:00,797.967750177519
2030,sc01,02-05 05:00:00+01:00,1147.326077226684
2030,sc01,02-05 06:00:00+01:00,3372.881733494649
2030,sc01,02-05 07:00:00+01:00,5690.90109484672
2030,sc01,02-05 08:00:00+01:00,6615.976921423115
2030,sc01,02-05 09:00:00+01:00,3775.5148671801935
2030,sc01,02-05 10:00:00+01:00,2062.059246330964
2030,sc01,02-05 11:00:00+01:00,1618.8364422748157
2030,sc01,02-05 12:00:00+01:00,1440.6867422000614
2030,sc01,02-05 13:00:00+01:00,1112.7924731073792
2030,sc01,02-05 14:00:00+01:00,903.9792969992709
2030,sc01,02-05 15:00:00+01:00,1115.4636055781398
2030,sc01,02-05 16:00:00+01:00,1787.1427100282294
2030,sc01,02-05 17:00:00+01:00,3531.641229242054
2030,sc01,02-05 18:00:00+01:00,7126.269231473855
2030,sc01,02-05 19:00:00+01:00,9059.061018687762
2030,sc01,02-05 20:00:00+01:00,8101.120630320232
2030,sc01,02-05 21:00:00+01:00,6932.399858537717
2030,sc01,02-05 22:00:00+01:00,5653.509878722723
2030,sc01,02-05 23:00:00+01:00,4369.127658174774
2030,sc01,02-06 00:00:00+01:00,2152.40368375269
2030,sc01,02-06 01:00:00+01:00,1673.6850517043827
2030,sc01,02-06 02:00:00+01:00,1345.6904542551033
2030,sc01,02-06 03:00:00+01:00,1140.0168127759266
2030,sc01,02-06 04:00:00+01:00,1048.0014731643878
2030,sc01,02-06 05:00:00+01:00,1311.5215750772422
2030,sc01,02-06 06:00:00+01:00,4038.211287643104
2030,sc01,02-06 07:00:00+01:00,6093.887365201018
2030,sc01,02-06 08:00:00+01:00,6675.698329381139
2030,sc01,02-06 09:00:00+01:00,3866.4797480320062
2030,sc01,02-06 10:00:00+01:00,2225.1763598053512
2030,sc01,02-06 11:00:00+01:00,1831.6038484507474
2030,sc01,02-06 12:00:00+01:00,1777.4987652958425
2030,sc01,02-06 13:00:00+01:00,1860.8644896954986
2030,sc01,02-06 14:00:00+01:00,1883.8839745280757
2030,sc01,02-06 15:00:00+01:00,1753.4842399489532
2030,sc01,02-06 16:00:00+01:00,3973.3796647957442
2030,sc01,02-06 17:00:00+01:00,6018.93679864008
2030,sc01,02-06 18:00:00+01:00,9707.418126559473
2030,sc01,02-06 19:00:00+01:00,8921.748911876923
2030,sc01,02-06 20:00:00+01:00,7373.494677304152
2030,sc01,02-06 21:00:00+01:00,6111.692767504295
2030,sc01,02-06 22:00:00+01:00,4570.5174636213105
2030,sc01,02-06 23:00:00+01:00,2842.7687805968526
2030,sc01,02-07 00:00:00+01:00,1811.9725095709412
2030,sc01,02-07 01:00:00+01:00,1362.4042603140101
2030,sc01,02-07 02:00:00+01:00,938.0687122337753
2030,sc01,02-07 03:00:00+01:00,653.2051895210924
2030,sc01,02-07 04:00:00+01:00,597.6224929577943
2030,sc01,02-07 05:00:00+01:00,1037.6656951064895
2030,sc01,02-07 06:00:00+01:00,2732.162701016275
2030,sc01,02-07 07:00:00+01:00,5252.452544752279
2030,sc01,02-07 08:00:00+01:00,5985.8743464678555
2030,sc01,02-07 09:00:00+01:00,3693.7986574509105
2030,sc01,02-07 10:00:00+01:00,2761.455017893802
2030,sc01,02-07 11:00:00+01:00,1024.3601180946912
2030,sc01,02-07 12:00:00+01:00,971.0761892910364
2030,sc01,02-07 13:00:00+01:00,874.7530269118715
2030,sc01,02-07 14:00:00+01:00,652.1209307780971
2030,sc01,02-07 15:00:00+01:00,617.9620985871572
2030,sc01,02-07 16:00:00+01:00,623.3281018387518
2030,sc01,02-07 17:00:00+01:00,1149.8376480080608
2030,sc01,02-07 18:00:00+01:00,5509.948488155259
2030,sc01,02-07 19:00:00+01:00,5390.11959573551
2030,sc01,02-07 20:00:00+01:00,4982.243649214
2030,sc01,02-07 21:00:00+01:00,4126.470878965815
2030,sc01,02-07 22:00:00+01:00,2999.01534645549
2030,sc01,02-07 23:00:00+01:00,2172.547789771568
2030,sc01,02-08 00:00:00+01:00,1360.5634659430962
2030,sc01,02-08 01:00:00+01:00,854.4610960657704
2030,sc01,02-08 02:00:00+01:00,533.4109762509902
2030,sc01,02-08 03:00:00+01:00,298.6239959934574
2030,sc01,02-08 04:00:00+01:00,231.72789789287657
2030,sc01,02-08 05:00:00+01:00,609.1865689990466
2030,sc01,02-08 06:00:00+01:00,1995.0873225902862
2030,sc01,02-08 07:00:00+01:00,4344.20860928714
2030,sc01,02-08 08:00:00+01:00,5276.258970926438
2030,sc01,02-08 09:00:00+01:00,2498.6042654074367
2030,sc01,02-08 10:00:00+01:00,935.5111816823251
2030,sc01,02-08 11:00:00+01:00,634.5566095936613
2030,sc01,02-08 12:00:00+01:00,573.1488977014565
2030,sc01,02-08 13:00:00+01:00,555.9369019123296
2030,sc01,02-08 14:00:00+01:00,486.67707416171214
2030,sc01,02-08 15:00:00+01:00,452.932393300611
2030,sc01,02-08 16:00:00+01:00,504.5106094114278
2030,sc01,02-08 17:00:00+01:00,598.6871971345201
2030,sc01,02-08 18:00:00+01:00,2710.6701621170814
2030,sc01,02-08 19:00:00+01:00,3983.220622995064
2030,sc01,02-08 20:00:00+01:00,3242.963084552288
2030,sc01,02-08 21:00:00+01:00,2727.781050828513
2030,sc01,02-08 22:00:00+01:00,2115.5958846546973
2030,sc01,02-08 23:00:00+01:00,1478.8580093735297
2030,sc01,02-09 00:00:00+01:00,1068.2300251971421
2030,sc01,02-09 01:00:00+01:00,576.8019632742286
2030,sc01,02-09 02:00:00+01:00,249.06808346221712
2030,sc01,02-09 03:00:00+01:00,42.71694750861937
2030,sc01,02-09 04:00:00+01:00,-3.0411229090532288e-12
2030,sc01,02-09 05:00:00+01:00,-2.8705926524708048e-12
2030,sc01,02-09 06:00:00+01:00,95.48510573397508
2030,sc01,02-09 07:00:00+01:00,416.6278817874181
2030,sc01,02-09 08:00:00+01:00,438.0762651593958
2030,sc01,02-09 09:00:00+01:00,118.15980355234569
2030,sc01,02-09 10:00:00+01:00,116.59392478686561
2030,sc01,02-09 11:00:00+01:00,110.42420443976812
2030,sc01,02-09 12:00:00+01:00,90.33392913057634
2030,sc01,02-09 13:00:00+01:00,11.292985400732391
2030,sc01,02-09 14:00:00+01:00,-9.549694368615746e-12
2030,sc01,02-09 15:00:00+01:00,-5.6274984672199935e-12
2030,sc01,02-09 16:00:00+01:00,13.130485422664378
2030,sc01,02-09 17:00:00+01:00,167.060886132645
2030,sc01,02-09 18:00:00+01:00,1089.1552926311053
2030,sc01,02-09 19:00:00+01:00,2283.1939026806695
2030,sc01,02-09 20:00:00+01:00,2119.948975030698
2030,sc01,02-09 21:00:00+01:00,1774.117109160552
2030,sc01,02-09 22:00:00+01:00,1454.764090498453
2030,sc01,02-09 23:00:00+01:00,1049.23961615522
2030,sc01,02-10 00:00:00+01:00,577.5283762042186
2030,sc01,02-10 01:00:00+01:00,160.32664539104468
2030,sc01,02-10 02:00:00+01:00,6.636469151999336e-12
2030,sc01,02-10 03:00:00+01:00,4.476419235288631e-12
2030,sc01,02-10 04:00:00+01:00,0.0
2030,sc01,02-10 05:00:00+01:00,3.936406756110955e-12
2030,sc01,02-10 06:00:00+01:00,8.810729923425242e-13
2030,sc01,02-10 07:00:00+01:00,-3.552713678800501e-13
2030,sc01,02-10 08:00:00+01:00,-3.836930773104541e-12
2030,sc01,02-10 09:00:00+01:00,-6.30961949354969e-12
2030,sc01,02-10 10:00:00+01:00,-1.4779288903810084e-12
2030,sc01,02-10 11:00:00+01:00,7.958078640513122e-13
2030,sc01,02-10 12:00:00+01:00,-4.831690603168681e-13
2030,sc01,02-10 13:00:00+01:00,-2.9558577807620168e-12
2030,sc01,02-10 14:00:00+01:00,-1.7053025658242404e-12
2030,sc01,02-10 15:00:00+01:00,3.922195901395753e-12
2030,sc01,02-10 16:00:00+01:00,-4.888534022029489e-12
2030,sc01,02-10 17:00:00+01:00,-8.640199666842818e-12
2030,sc01,02-10 18:00:00+01:00,1607.4220809603669
2030,sc01,02-10 19:00:00+01:00,2440.6444947288264
2030,sc01,02-10 20:00:00+01:00,2335.877047066161
2030,sc01,02-10 21:00:00+01:00,2023.3693207395804
2030,sc01,02-10 22:00:00+01:00,1655.161577155779
2030,sc01,02-10 23:00:00+01:00,1077.1482656136627
2030,sc01,02-11 00:00:00+01:00,556.099723657466
2030,sc01,02-11 01:00:00+01:00,143.17786950762547
2030,sc01,02-11 02:00:00+01:00,-1.375610736431554e-11
2030,sc01,02-11 03:00:00+01:00,4.376943252282217e-12
2030,sc01,02-11 04:00:00+01:00,4.973799150320701e-13
2030,sc01,02-11 05:00:00+01:00,1.809041805245215e-11
2030,sc01,02-11 06:00:00+01:00,1004.3547016048572
2030,sc01,02-11 07:00:00+01:00,2339.336690356331
2030,sc01,02-11 08:00:00+01:00,2809.7049401803665
2030,sc01,02-11 09:00:00+01:00,567.8320898445718
2030,sc01,02-11 10:00:00+01:00,530.5402828345914
2030,sc01,02-11 11:00:00+01:00,505.49671356506497
2030,sc01,02-11 12:00:00+01:00,468.5399914614611
2030,sc01,02-11 13:00:00+01:00,445.6467211728587
2030,sc01,02-11 14:00:00+01:00,419.20201940279037
2030,sc01,02-11 15:00:00+01:00,384.31868266292304
2030,sc01,02-11 16:00:00+01:00,400.6066112797547
2030,sc01,02-11 17:00:00+01:00,495.70985287137114
2030,sc01,02-11 18:00:00+01:00,1725.0248463479988
2030,sc01,02-11 19:00:00+01:00,3503.927288314562
2030,sc01,02-11 20:00:00+01:00,3488.0543735192146
2030,sc01,02-11 21:00:00+01:00,3024.5915985121173
2030,sc01,02-11 22:00:00+01:00,2375.3552578497683
2030,sc01,02-11 23:00:00+01:00,1600.4983246978547
2030,sc01,02-12 00:00:00+01:00,1220.545024821749
2030,sc01,02-12 01:00:00+01:00,801.4877432005311
2030,sc01,02-12 02:00:00+01:00,562.0773719561336
2030,sc01,02-12 03:00:00+01:00,413.17231896133654
2030,sc01,02-12 04:00:00+01:00,450.9418354196416
2030,sc01,02-12 05:00:00+01:00,892.9478321948595
2030,sc01,02-12 06:00:00+01:00,2186.2590930763845
2030,sc01,02-12 07:00:00+01:00,3745.2494405590332
2030,sc01,02-12 08:00:00+01:00,4240.355640854348
2030,sc01,02-12 09:00:00+01:00,745.863538525826
2030,sc01,02-12 10:00:00+01:00,545.1924055052123
2030,sc01,02-12 11:00:00+01:00,520.4737541051708
2030,sc01,02-12 12:00:00+01:00,497.3577167457237
2030,sc01,02-12 13:00:00+01:00,507.71552053994725
2030,sc01,02-12 14:00:00+01:00,481.9048308478018
2030,sc01,02-12 15:00:00+01:00,445.8447633391006
2030,sc01,02-12 16:00:00+01:00,466.22721800202055
2030,sc01,02-12 17:00:00+01:00,615.6827030364648
2030,sc01,02-12 18:00:00+01:00,2813.6947756171485
2030,sc01,02-12 19:00:00+01:00,4357.900090375318
2030,sc01,02-12 20:00:00+01:00,3951.576256866941
2030,sc01,02-12 21:00:00+01:00,3246.523458146023
2030,sc01,02-12 22:00:00+01:00,2596.500194732967
2030,sc01,02-12 23:00:00+01:00,1781.0393884384337
2030,sc01,02-13 00:00:00+01:00,1083.9115095144832
2030,sc01,02-13 01:00:00+01:00,664.4836832350202
2030,sc01,02-13 02:00:00+01:00,404.6873475975592
2030,sc01,02-13 03:00:00+01:00,225.89032546549169
2030,sc01,02-13 04:00:00+01:00,196.84066871363584
2030,sc01,02-13 05:00:00+01:00,471.0505891145317
2030,sc01,02-13 06:00:00+01:00,1549.48706771559
2030,sc01,02-13 07:00:00+01:00,2901.144287838347
2030,sc01,02-13 08:00:00+01:00,3177.705249160194
2030,sc01,02-13 09:00:00+01:00,598.511423361921
2030,sc01,02-13 10:00:00+01:00,553.4111041865349
2030,sc01,02-13 11:00:00+01:00,543.9141187838397
2030,sc01,02-13 12:00:00+01:00,527.506559682485
2030,sc01,02-13 13:00:00+01:00,495.3415172977167
2030,sc01,02-13 14:00:00+01:00,447.4845951438267
2030,sc01,02-13 15:00:00+01:00,406.2433131115263
2030,sc01,02-13 16:00:00+01:00,431.31885203789557
2030,sc01,02-13 17:00:00+01:00,601.5142214225594
2030,sc01,02-13 18:00:00+01:00,2348.36038150529
2030,sc01,02-13 19:00:00+01:00,4268.564193190122
2030,sc01,02-13 20:00:00+01:00,4088.479927240486
2030,sc01,02-13 21:00:00+01:00,3583.6670215396657
2030,sc01,02-13 22:00:00+01:00,2848.5954989597913
2030,sc01,02-13 23:00:00+01:00,2070.6212278369967
2030,sc01,02-14 00:00:00+01:00,1313.0000660375188
2030,sc01,02-14 01:00:00+01:00,913.6098058964441
2030,sc01,02-14 02:00:00+01:00,664.0339978931679
2030,sc01,02-14 03:00:00+01:00,494.33701726648474
2030,sc01,02-14 04:00:00+01:00,513.8669806797142
2030,sc01,02-14 05:00:00+01:00,908.479372305227
2030,sc01,02-14 06:00:00+01:00,2094.2546885993806
2030,sc01,02-14 07:00:00+01:00,3693.865240386307
2030,sc01,02-14 08:00:00+01:00,3857.556390857764
2030,sc01,02-14 09:00:00+01:00,669.1071047858038
2030,sc01,02-14 10:00:00+01:00,533.9907542305582
2030,sc01,02-14 11:00:00+01:00,507.05071403277645
2030,sc01,02-14 12:00:00+01:00,435.7988412785535
2030,sc01,02-14 13:00:00+01:00,391.4329419463721
2030,sc01,02-14 14:00:00+01:00,463.7551910361239
2030,sc01,02-14 15:00:00+01:00,428.39971813261127
2030,sc01,02-14 16:00:00+01:00,384.48561549706176
2030,sc01,02-14 17:00:00+01:00,533.9822330330453
2030,sc01,02-14 18:00:00+01:00,2301.1132026173104
2030,sc01,02-14 19:00:00+01:00,4191.674869501784
2030,sc01,02-14 20:00:00+01:00,3833.031762646535
2030,sc01,02-14 21:00:00+01:00,3237.273976172816
2030,sc01,02-14 22:00:00+01:00,2584.3169853351797
2030,sc01,02-14 23:00:00+01:00,1984.4602485655173
2030,sc01,02-15 00:00:00+01:00,1499.5300668038815
2030,sc01,02-15 01:00:00+01:00,1087.0470561504096
2030,sc01,02-15 02:00:00+01:00,790.5826876463055
2030,sc01,02-15 03:00:00+01:00,649.800520738049
2030,sc01,02-15 04:00:00+01:00,623.4298123968314
2030,sc01,02-15 05:00:00+01:00,888.1292184756373
2030,sc01,02-15 06:00:00+01:00,2489.038567418169
2030,sc01,02-15 07:00:00+01:00,4584.563999264984
2030,sc01,02-15 08:00:00+01:00,4909.729296674035
2030,sc01,02-15 09:00:00+01:00,2007.4932514946404
2030,sc01,02-15 10:00:00+01:00,700.6035191398554
2030,sc01,02-15 11:00:00+01:00,585.7656748137484
2030,sc01,02-15 12:00:00+01:00,445.7833731941422
2030,sc01,02-15 13:00:00+01:00,423.9003564009942
2030,sc01,02-15 14:00:00+01:00,393.3290683866183
2030,sc01,02-15 15:00:00+01:00,304.6022738343106
2030,sc01,02-15 16:00:00+01:00,267.57737100927693
2030,sc01,02-15 17:00:00+01:00,1199.9609333917983
2030,sc01,02-15 18:00:00+01:00,2999.3050628830892
2030,sc01,02-15 19:00:00+01:00,3768.3174537989585
2030,sc01,02-15 20:00:00+01:00,3499.343729014173
2030,sc01,02-15 21:00:00+01:00,2911.832866656025
2030,sc01,02-15 22:00:00+01:00,2260.7258145564383
2030,sc01,02-15 23:00:00+01:00,1578.0017988930517
2030,sc01,02-16 00:00:00+01:00,1015.6393388331874
2030,sc01,02-16 01:00:00+01:00,512.9412744357869
2030,sc01,02-16 02:00:00+01:00,130.08209215607735
2030,sc01,02-16 03:00:00+01:00,-3.922195901395753e-12
2030,sc01,02-16 04:00:00+01:00,5.4711790653527714e-12
2030,sc01,02-16 05:00:00+01:00,-1.1652900866465643e-12
2030,sc01,02-16 06:00:00+01:00,78.40834868978924
2030,sc01,02-16 07:00:00+01:00,351.02293120231013
2030,sc01,02-16 08:00:00+01:00,244.8119961043761
2030,sc01,02-16 09:00:00+01:00,98.7337306112031
2030,sc01,02-16 10:00:00+01:00,109.1042083676507
2030,sc01,02-16 11:00:00+01:00,94.08507885683798
2030,sc01,02-16 12:00:00+01:00,41.043415705277994
2030,sc01,02-16 13:00:00+01:00,5.400124791776761e-13
2030,sc01,02-16 14:00:00+01:00,-5.343281372915953e-12
2030,sc01,02-16 15:00:00+01:00,1.6484591469634324e-12
2030,sc01,02-16 16:00:00+01:00,-3.069544618483633e-12
2030,sc01,02-16 17:00:00+01:00,125.9078978392339
2030,sc01,02-16 18:00:00+01:00,782.5785623160241
2030,sc01,02-16 19:00:00+01:00,2616.922540714482
2030,sc01,02-16 20:00:00+01:00,2504.6216085582296
2030,sc01,02-16 21:00:00+01:00,2036.5518859555543
2030,sc01,02-16 22:00:00+01:00,1670.1608477544462
2030,sc01,02-16 23:00:00+01:00,1258.556833922681
2030,sc01,02-17 00:00:00+01:00,766.3110194368528
2030,sc01,02-17 01:00:00+01:00,427.9810671659071
2030,sc01,02-17 02:00:00+01:00,223.33997049856322
2030,sc01,02-17 03:00:00+01:00,75.62826992199835
2030,sc01,02-17 04:00:00+01:00,36.15837865706676
2030,sc01,02-17 05:00:00+01:00,73.77155713988734
2030,sc01,02-17 06:00:00+01:00,252.79708172099623
2030,sc01,02-17 07:00:00+01:00,335.1885363812753
2030,sc01,02-17 08:00:00+01:00,1.3059775483270641e-11
2030,sc01,02-17 09:00:00+01:00,12.474613145537887
2030,sc01,02-17 10:00:00+01:00,58.97962508849355
2030,sc01,02-17 11:00:00+01:00,73.73235135569746
2030,sc01,02-17 12:00:00+01:00,21.228167338216167
2030,sc01,02-17 13:00:00+01:00,-2.8421709430404007e-13
2030,sc01,02-17 14:00:00+01:00,-3.637978807091713e-12
2030,sc01,02-17 15:00:00+01:00,104.39583130003837
2030,sc01,02-17 16:00:00+01:00,377.4915796971186
2030,sc01,02-17 17:00:00+01:00,1057.4138845114467
2030,sc01,02-17 18:00:00+01:00,3393.2166323349998
2030,sc01,02-17 19:00:00+01:00,4532.235684096
2030,sc01,02-17 20:00:00+01:00,3195.922306749731
2030,sc01,02-17 21:00:00+01:00,2679.738918468572
2030,sc01,02-17 22:00:00+01:00,2018.6836212433045
2030,sc01,02-17 23:00:00+01:00,1122.2040231985543
2030,sc01,02-18 00:00:00+01:00,557.6966991551328
2030,sc01,02-18 01:00:00+01:00,236.55022572104275
2030,sc01,02-18 02:00:00+01:00,85.59408717602793
2030,sc01,02-18 03:00:00+01:00,35.818896542654514
2030,sc01,02-18 04:00:00+01:00,76.61762534097018
2030,sc01,02-18 05:00:00+01:00,583.9427427314441
2030,sc01,02-18 06:00:00+01:00,2891.0350086254953
2030,sc01,02-18 07:00:00+01:00,4666.096180019754
2030,sc01,02-18 08:00:00+01:00,5282.33114624906
2030,sc01,02-18 09:00:00+01:00,3981.533909458
2030,sc01,02-18 10:00:00+01:00,1869.127224885032
2030,sc01,02-18 11:00:00+01:00,1387.9554521742855
2030,sc01,02-18 12:00:00+01:00,1121.8180739908403
2030,sc01,02-18 13:00:00+01:00,802.403341315965
2030,sc01,02-18 14:00:00+01:00,699.1179464305699
2030,sc01,02-18 15:00:00+01:00,650.7907705784783
2030,sc01,02-18 16:00:00+01:00,468.05245279983615
2030,sc01,02-18 17:00:00+01:00,2747.077358054161
2030,sc01,02-18 18:00:00+01:00,4520.517286403918
2030,sc01,02-18 19:00:00+01:00,4613.727252805233
2030,sc01,02-18 20:00:00+01:00,4095.846772791024
2030,sc01,02-18 21:00:00+01:00,3202.5050781862587
2030,sc01,02-18 22:00:00+01:00,2366.705666991858
2030,sc01,02-18 23:00:00+01:00,1626.9818731928656
2030,sc01,02-19 00:00:00+01:00,1079.5672272608829
2030,sc01,02-19 01:00:00+01:00,584.0413668634051
2030,sc01,02-19 02:00:00+01:00,283.467359058455
2030,sc01,02-19 03:00:00+01:00,125.09912654187949
2030,sc01,02-19 04:00:00+01:00,132.43869610533673
2030,sc01,02-19 05:00:00+01:00,405.07318856637096
2030,sc01,02-19 06:00:00+01:00,1483.0267889037802
2030,sc01,02-19 07:00:00+01:00,2848.0407924894566
2030,sc01,02-19 08:00:00+01:00,3159.7066645647988
2030,sc01,02-19 09:00:00+01:00,1152.2373852914498
2030,sc01,02-19 10:00:00+01:00,487.8609845593859
2030,sc01,02-19 11:00:00+01:00,753.8225246427819
2030,sc01,02-19 12:00:00+01:00,289.34587001021964
2030,sc01,02-19 13:00:00+01:00,219.08026614400458
2030,sc01,02-19 14:00:00+01:00,167.60095474519744
2030,sc01,02-19 15:00:00+01:00,153.46019431260788
2030,sc01,02-19 16:00:00+01:00,188.57193424406455
2030,sc01,02-19 17:00:00+01:00,392.22968228016003
2030,sc01,02-19 18:00:00+01:00,2920.931504407239
2030,sc01,02-19 19:00:00+01:00,4108.51391237506
2030,sc01,02-19 20:00:00+01:00,3615.587796103785
2030,sc01,02-19 21:00:00+01:00,2909.4506207870877
2030,sc01,02-19 22:00:00+01:00,2240.1844965314426
2030,sc01,02-19 23:00:00+01:00,1590.0487729179627
2030,sc01,02-20 00:00:00+01:00,1046.5846363452542
2030,sc01,02-20 01:00:00+01:00,638.341647604511
2030,sc01,02-20 02:00:00+01:00,367.86975439123506
2030,sc01,02-20 03:00:00+01:00,231.52402083970748
2030,sc01,02-20 04:00:00+01:00,357.0295848675691
2030,sc01,02-20 05:00:00+01:00,789.7005385835485
2030,sc01,02-20 06:00:00+01:00,2110.3274381552096
2030,sc01,02-20 07:00:00+01:00,3917.8402992357114
2030,sc01,02-20 08:00:00+01:00,4559.722691414905
2030,sc01,02-20 09:00:00+01:00,1820.058828118686
2030,sc01,02-20 10:00:00+01:00,538.6642415641008
2030,sc01,02-20 11:00:00+01:00,522.7139637988129
2030,sc01,02-20 12:00:00+01:00,478.98157589560907
2030,sc01,02-20 13:00:00+01:00,402.4264198772199
2030,sc01,02-20 14:00:00+01:00,409.1831972507245
2030,sc01,02-20 15:00:00+01:00,346.0870000118092
2030,sc01,02-20 16:00:00+01:00,389.2045783845957
2030,sc01,02-20 17:00:00+01:00,664.1910920235763
2030,sc01,02-20 18:00:00+01:00,3988.9914428008938
2030,sc01,02-20 19:00:00+01:00,5565.871526286784
2030,sc01,02-20 20:00:00+01:00,5034.094306870033
2030,sc01,02-20 21:00:00+01:00,3913.355018521116
2030,sc01,02-20 22:00:00+01:00,3007.5476240452217
2030,sc01,02-20 23:00:00+01:00,2185.739761273989
2030,sc01,02-21 00:00:00+01:00,1507.8636174879075
2030,sc01,02-21 01:00:00+01:00,976.5779458550602
2030,sc01,02-21 02:00:00+01:00,651.6598070164306
2030,sc01,02-21 03:00:00+01:00,480.5529007036438
2030,sc01,02-21 04:00:00+01:00,536.2468494998832
2030,sc01,02-21 05:00:00+01:00,983.8500796916026
2030,sc01,02-21 06:00:00+01:00,2302.553474335865
2030,sc01,02-21 07:00:00+01:00,3963.989857639127
2030,sc01,02-21 08:00:00+01:00,4093.780987521
2030,sc01,02-21 09:00:00+01:00,1198.3150792162037
2030,sc01,02-21 10:00:00+01:00,1310.9545056628358
2030,sc01,02-21 11:00:00+01:00,1247.1902711505666
2030,sc01,02-21 12:00:00+01:00,1353.0221226509634
2030,sc01,02-21 13:00:00+01:00,1014.6742818637902
2030,sc01,02-21 14:00:00+01:00,924.7146395599539
2030,sc01,02-21 15:00:00+01:00,764.6839715995483
2030,sc01,02-21 16:00:00+01:00,1067.0786522548678
2030,sc01,02-21 17:00:00+01:00,2658.072622499992
2030,sc01,02-21 18:00:00+01:00,6120.051049064342
2030,sc01,02-21 19:00:00+01:00,5373.448212175232
2030,sc01,02-21 20:00:00+01:00,4825.570074846536
2030,sc01,02-21 21:00:00+01:00,3942.1686750328563
2030,sc01,02-21 22:00:00+01:00,3070.231745995162
2030,sc01,02-21 23:00:00+01:00,2144.8051721395527
2030,sc01,02-22 00:00:00+01:00,1467.3786672336753
2030,sc01,02-22 01:00:00+01:00,954.8720939351133
2030,sc01,02-22 02:00:00+01:00,596.3911543451295
2030,sc01,02-22 03:00:00+01:00,370.58427567530134
2030,sc01,02-22 04:00:00+01:00,359.3268924229593
2030,sc01,02-22 05:00:00+01:00,714.8425596342046
2030,sc01,02-22 06:00:00+01:00,2014.3945018620284
2030,sc01,02-22 07:00:00+01:00,5288.317723420805
2030,sc01,02-22 08:00:00+01:00,5528.017709137833
2030,sc01,02-22 09:00:00+01:00,1955.6915451574018
2030,sc01,02-22 10:00:00+01:00,1116.9462776248283
2030,sc01,02-22 11:00:00+01:00,1105.0253032718629
2030,sc01,02-22 12:00:00+01:00,980.8929771819548
2030,sc01,02-22 13:00:00+01:00,2990.1495991326674
2030,sc01,02-22 14:00:00+01:00,2484.064445170375
2030,sc01,02-22 15:00:00+01:00,472.64037310392814
2030,sc01,02-22 16:00:00+01:00,421.12141435007186
2030,sc01,02-22 17:00:00+01:00,692.4554133825958
2030,sc01,02-22 18:00:00+01:00,2340.676061163168
2030,sc01,02-22 19:00:00+01:00,3936.4175705024177
2030,sc01,02-22 20:00:00+01:00,3745.37099704589
2030,sc01,02-22 21:00:00+01:00,3141.7471353965334
2030,sc01,02-22 22:00:00+01:00,2444.1042502666933
2030,sc01,02-22 23:00:00+01:00,1615.5840925392447
2030,sc01,02-23 00:00:00+01:00,1035.9463867505833
2030,sc01,02-23 01:00:00+01:00,543.2125855406355
2030,sc01,02-23 02:00:00+01:00,227.43956469908076
2030,sc01,02-23 03:00:00+01:00,88.85872080504264
2030,sc01,02-23 04:00:00+01:00,57.41446206990068
2030,sc01,02-23 05:00:00+01:00,97.4867447564727
2030,sc01,02-23 06:00:00+01:00,430.67192235230897
2030,sc01,02-23 07:00:00+01:00,855.3407276243396
2030,sc01,02-23 08:00:00+01:00,323.88364972200986
2030,sc01,02-23 09:00:00+01:00,224.51389850735558
2030,sc01,02-23 10:00:00+01:00,261.3294370800495
2030,sc01,02-23 11:00:00+01:00,268.873778143603
2030,sc01,02-23 12:00:00+01:00,216.9829910568867
2030,sc01,02-23 13:00:00+01:00,151.14589135511255
2030,sc01,02-23 14:00:00+01:00,113.02308740143008
2030,sc01,02-23 15:00:00+01:00,89.24338292837024
2030,sc01,02-23 16:00:00+01:00,146.62510909942853
2030,sc01,02-23 17:00:00+01:00,283.70771309019335
2030,sc01,02-23 18:00:00+01:00,1021.8852365043166
2030,sc01,02-23 19:00:00+01:00,2681.3640608310275
2030,sc01,02-23 20:00:00+01:00,2482.216300082988
2030,sc01,02-23 21:00:00+01:00,2045.4034006555896
2030,sc01,02-23 22:00:00+01:00,1596.617836011882
2030,sc01,02-23 23:00:00+01:00,1080.4019919945051
2030,sc01,02-24 00:00:00+01:00,593.1029033421878
2030,sc01,02-24 01:00:00+01:00,143.6346118821429
2030,sc01,02-24 02:00:00+01:00,2.6432189770275727e-12
2030,sc01,02-24 03:00:00+01:00,3.836930773104541e-13
2030,sc01,02-24 04:00:00+01:00,-2.0889956431346945e-12
2030,sc01,02-24 05:00:00+01:00,-1.3500311979441904e-12
2030,sc01,02-24 06:00:00+01:00,3.979039320256561e-13
2030,sc01,02-24 07:00:00+01:00,-3.467448550509289e-12
2030,sc01,02-24 08:00:00+01:00,3.268496584496461e-12
2030,sc01,02-24 09:00:00+01:00,15.183224804270367
2030,sc01,02-24 10:00:00+01:00,62.531093783416395
2030,sc01,02-24 11:00:00+01:00,72.51534041487741
2030,sc01,02-24 12:00:00+01:00,17.93905316952862
2030,sc01,02-24 13:00:00+01:00,-1.4779288903810084e-12
2030,sc01,02-24 14:00:00+01:00,1.4779288903810084e-12
2030,sc01,02-24 15:00:00+01:00,-5.002220859751105e-12
2030,sc01,02-24 16:00:00+01:00,4.433786671143025e-12
2030,sc01,02-24 17:00:00+01:00,100.45357769463442
2030,sc01,02-24 18:00:00+01:00,243.00361055714473
2030,sc01,02-24 19:00:00+01:00,1927.8051216035947
2030,sc01,02-24 20:00:00+01:00,2042.230160074271
2030,sc01,02-24 21:00:00+01:00,1640.4072283940914
2030,sc01,02-24 22:00:00+01:00,1405.8548059680604
2030,sc01,02-24 23:00:00+01:00,1042.6223154645165
2030,sc01,02-25 00:00:00+01:00,558.3595583698757
2030,sc01,02-25 01:00:00+01:00,214.88232379772353
2030,sc01,02-25 02:00:00+01:00,18.039243402041834
2030,sc01,02-25 03:00:00+01:00,1.723776676954003e-11
2030,sc01,02-25 04:00:00+01:00,-1.3670842236024328e-11
2030,sc01,02-25 05:00:00+01:00,342.05056512625407
2030,sc01,02-25 06:00:00+01:00,2604.0215720295187
2030,sc01,02-25 07:00:00+01:00,4652.909803327662
2030,sc01,02-25 08:00:00+01:00,4552.059812369704
2030,sc01,02-25 09:00:00+01:00,1408.322464610371
2030,sc01,02-25 10:00:00+01:00,737.762039152501
2030,sc01,02-25 11:00:00+01:00,454.49322522604996
2030,sc01,02-25 12:00:00+01:00,412.9201567014585
2030,sc01,02-25 13:00:00+01:00,374.7501242620212
2030,sc01,02-25 14:00:00+01:00,329.0571164599404
2030,sc01,02-25 15:00:00+01:00,297.2652243856463
2030,sc01,02-25 16:00:00+01:00,300.50242212837827
2030,sc01,02-25 17:00:00+01:00,498.62871166816126
2030,sc01,02-25 18:00:00+01:00,2539.1919336279493
2030,sc01,02-25 19:00:00+01:00,5066.864780460866
2030,sc01,02-25 20:00:00+01:00,4505.710033435253
2030,sc01,02-25 21:00:00+01:00,3391.8913991276822
2030,sc01,02-25 22:00:00+01:00,2191.142731950871
2030,sc01,02-25 23:00:00+01:00,1494.1786859438594
2030,sc01,02-26 00:00:00+01:00,986.8438103371734
2030,sc01,02-26 01:00:00+01:00,569.9250958231269
2030,sc01,02-26 02:00:00+01:00,367.51764305701965
2030,sc01,02-26 03:00:00+01:00,280.5650948054618
2030,sc01,02-26 04:00:00+01:00,312.357016750603
2030,sc01,02-26 05:00:00+01:00,724.0673506782733
2030,sc01,02-26 06:00:00+01:00,2288.3629443569353
2030,sc01,02-26 07:00:00+01:00,3983.604331582092
2030,sc01,02-26 08:00:00+01:00,3284.9377928977874
2030,sc01,02-26 09:00:00+01:00,445.08439656813783
2030,sc01,02-26 10:00:00+01:00,368.59286364323594
2030,sc01,02-26 11:00:00+01:00,328.46765218806166
2030,sc01,02-26 12:00:00+01:00,303.2822082137821
2030,sc01,02-26 13:00:00+01:00,258.11342800287366
2030,sc01,02-26 14:00:00+01:00,218.46106978804517
2030,sc01,02-26 15:00:00+01:00,179.6226244463107
2030,sc01,02-26 16:00:00+01:00,177.52646689687407
2030,sc01,02-26 17:00:00+01:00,691.0637547728984
2030,sc01,02-26 18:00:00+01:00,3015.2275535596686
2030,sc01,02-26 19:00:00+01:00,4992.349676371789
2030,sc01,02-26 20:00:00+01:00,4507.2930079973485
2030,sc01,02-26 21:00:00+01:00,3313.8819161839037
2030,sc01,02-26 22:00:00+01:00,2275.87824381176
2030,sc01,02-26 23:00:00+01:00,1427.658106963962
2030,sc01,02-27 00:00:00+01:00,900.9100482512672
2030,sc01,02-27 01:00:00+01:00,647.708401689207
2030,sc01,02-27 02:00:00+01:00,344.1292957690325
2030,sc01,02-27 03:00:00+01:00,197.75070925380516
2030,sc01,02-27 04:00:00+01:00,197.76309128902514
2030,sc01,02-27 05:00:00+01:00,568.2056848389038
2030,sc01,02-27 06:00:00+01:00,2020.151619390822
2030,sc01,02-27 07:00:00+01:00,3780.7744458405155
2030,sc01,02-27 08:00:00+01:00,3192.0387072507156
2030,sc01,02-27 09:00:00+01:00,368.2790575167269
2030,sc01,02-27 10:00:00+01:00,303.7324109331385
2030,sc01,02-27 11:00:00+01:00,268.5264600939447
2030,sc01,02-27 12:00:00+01:00,246.5475256975267
2030,sc01,02-27 13:00:00+01:00,192.92790864623777
2030,sc01,02-27 14:00:00+01:00,150.41264126963358
2030,sc01,02-27 15:00:00+01:00,106.03644547228964
2030,sc01,02-27 16:00:00+01:00,105.87939915118557
2030,sc01,02-27 17:00:00+01:00,280.14725765268986
2030,sc01,02-27 18:00:00+01:00,2616.7175707221177
2030,sc01,02-27 19:00:00+01:00,4311.413593203645
2030,sc01,02-27 20:00:00+01:00,3464.122895656401
2030,sc01,02-27 21:00:00+01:00,2274.7224868159587
2030,sc01,02-27 22:00:00+01:00,1516.1889343133118
2030,sc01,02-27 23:00:00+01:00,924.6078708579166
2030,sc01,02-28 00:00:00+01:00,454.96461664737575
2030,sc01,02-28 01:00:00+01:00,79.01801124245641
2030,sc01,02-28 02:00:00+01:00,6.963318810448982e-13
2030,sc01,02-28 03:00:00+01:00,-1.0800249583553523e-12
2030,sc01,02-28 04:00:00+01:00,-2.7284841053187847e-12
2030,sc01,02-28 05:00:00+01:00,13.993567831548887
2030,sc01,02-28 06:00:00+01:00,874.8391708809281
2030,sc01,02-28 07:00:00+01:00,2611.729873155864
2030,sc01,02-28 08:00:00+01:00,1364.6831538949527
2030,sc01,02-28 09:00:00+01:00,268.53482309630726
2030,sc01,02-28 10:00:00+01:00,188.04018946581203
2030,sc01,02-28 11:00:00+01:00,154.93235642266552
2030,sc01,02-28 12:00:00+01:00,140.7705752856956
2030,sc01,02-28 13:00:00+01:00,96.60487638459097
2030,sc01,02-28 14:00:00+01:00,72.49670243760443
2030,sc01,02-28 15:00:00+01:00,24.516212007720924
2030,sc01,02-28 16:00:00+01:00,87.56959580751777
2030,sc01,02-28 17:00:00+01:00,289.12180446678644
2030,sc01,02-28 18:00:00+01:00,2750.560090803512
2030,sc01,02-28 19:00:00+01:00,4270.00326100604
2030,sc01,02-28 20:00:00+01:00,4082.2009086844523
2030,sc01,02-28 21:00:00+01:00,3225.8783407682276
2030,sc01,02-28 22:00:00+01:00,3258.5087188099424
2030,sc01,02-28 23:00:00+01:00,2030.6513465087085
2030,sc01,03-01 00:00:00+01:00,1272.7578244774793
2030,sc01,03-01 01:00:00+01:00,875.5486245126342
2030,sc01,03-01 02:00:00+01:00,571.7444170384534
2030,sc01,03-01 03:00:00+01:00,397.37234428192
2030,sc01,03-01 04:00:00+01:00,391.60454511577905
2030,sc01,03-01 05:00:00+01:00,777.98780425637
2030,sc01,03-01 06:00:00+01:00,3144.2827302113374
2030,sc01,03-01 07:00:00+01:00,4990.593546300967
2030,sc01,03-01 08:00:00+01:00,3542.401340403297
2030,sc01,03-01 09:00:00+01:00,1274.4477205274368
2030,sc01,03-01 10:00:00+01:00,421.37077108980134
2030,sc01,03-01 11:00:00+01:00,360.0276592745736
2030,sc01,03-01 12:00:00+01:00,338.91706714005306
2030,sc01,03-01 13:00:00+01:00,305.39327715690376
2030,sc01,03-01 14:00:00+01:00,251.38482694071072
2030,sc01,03-01 15:00:00+01:00,226.84302148535022
2030,sc01,03-01 16:00:00+01:00,236.81495728538323
2030,sc01,03-01 17:00:00+01:00,444.58877958935545
2030,sc01,03-01 18:00:00+01:00,3318.610491849331
2030,sc01,03-01 19:00:00+01:00,5376.242334302003
2030,sc01,03-01 20:00:00+01:00,4864.1509181928695
2030,sc01,03-01 21:00:00+01:00,3591.5190299735923
2030,sc01,03-01 22:00:00+01:00,3982.6657236353476
2030,sc01,03-01 23:00:00+01:00,2911.5819455100004
2030,sc01,03-02 00:00:00+01:00,1788.4334978660002
2030,sc01,03-02 01:00:00+01:00,803.2171994637072
2030,sc01,03-02 02:00:00+01:00,455.53202837188485
2030,sc01,03-02 03:00:00+01:00,165.10467458667813
2030,sc01,03-02 04:00:00+01:00,91.19050603944238
2030,sc01,03-02 05:00:00+01:00,83.69609707390276
2030,sc01,03-02 06:00:00+01:00,326.34127019770443
2030,sc01,03-02 07:00:00+01:00,923.9864617296702
2030,sc01,03-02 08:00:00+01:00,395.24715440213765
2030,sc01,03-02 09:00:00+01:00,83.80825737345731
2030,sc01,03-02 10:00:00+01:00,12.610134020878405
2030,sc01,03-02 11:00:00+01:00,2.14067877995285
2030,sc01,03-02 12:00:00+01:00,-8.739675649849232e-13
2030,sc01,03-02 13:00:00+01:00,-5.115907697472721e-13
2030,sc01,03-02 14:00:00+01:00,1.1368683772161603e-13
2030,sc01,03-02 15:00:00+01:00,-6.821210263296962e-13
2030,sc01,03-02 16:00:00+01:00,-4.320099833421409e-12
2030,sc01,03-02 17:00:00+01:00,-2.2737367544323206e-13
2030,sc01,03-02 18:00:00+01:00,170.26353560467305
2030,sc01,03-02 19:00:00+01:00,1502.6155013953617
2030,sc01,03-02 20:00:00+01:00,1604.3733588619996
2030,sc01,03-02 21:00:00+01:00,1061.9535468677514
2030,sc01,03-02 22:00:00+01:00,791.7034613044879
2030,sc01,03-02 23:00:00+01:00,508.1171485558557
2030,sc01,03-03 00:00:00+01:00,210.94429955558076
2030,sc01,03-03 01:00:00+01:00,6.66489086142974e-12
2030,sc01,03-03 02:00:00+01:00,5.115907697472721e-13
2030,sc01,03-03 03:00:00+01:00,-3.325340003357269e-12
2030,sc01,03-03 04:00:00+01:00,2.3590018827235326e-12
2030,sc01,03-03 05:00:00+01:00,4.391154106997419e-12
2030,sc01,03-03 06:00:00+01:00,-1.9468870959826745e-12
2030,sc01,03-03 07:00:00+01:00,2.2737367544323206e-12
2030,sc01,03-03 08:00:00+01:00,-1.5916157281026244e-12
2030,sc01,03-03 09:00:00+01:00,-3.467448550509289e-12
2030,sc01,03-03 10:00:00+01:00,-1.8189894035458565e-12
2030,sc01,03-03 11:00:00+01:00,-6.480149750132114e-12
2030,sc01,03-03 12:00:00+01:00,6.30961949354969e-12
2030,sc01,03-03 13:00:00+01:00,-1.0231815394945443e-11
2030,sc01,03-03 14:00:00+01:00,-2.0463630789890885e-12
2030,sc01,03-03 15:00:00+01:00,-1.5234036254696548e-11
2030,sc01,03-03 16:00:00+01:00,-1.8189894035458565e-12
2030,sc01,03-03 17:00:00+01:00,4.994982253767375
2030,sc01,03-03 18:00:00+01:00,155.67665818650977
2030,sc01,03-03 19:00:00+01:00,1048.954114652929
2030,sc01,03-03 20:00:00+01:00,1263.4179330786542
2030,sc01,03-03 21:00:00+01:00,1035.1950183580911
2030,sc01,03-03 22:00:00+01:00,813.7282679197957
2030,sc01,03-03 23:00:00+01:00,382.94662345198765
2030,sc01,03-04 00:00:00+01:00,24.54707206810044
2030,sc01,03-04 01:00:00+01:00,1.8474111129762605e-12
2030,sc01,03-04 02:00:00+01:00,2.9984903449076228e-12
2030,sc01,03-04 03:00:00+01:00,3.552713678800501e-12
2030,sc01,03-04 04:00:00+01:00,2.4158453015843406e-12
2030,sc01,03-04 05:00:00+01:00,2.3305801732931286e-12
2030,sc01,03-04 06:00:00+01:00,771.6066180151465
2030,sc01,03-04 07:00:00+01:00,1946.1659616828267
2030,sc01,03-04 08:00:00+01:00,1931.020292326234
2030,sc01,03-04 09:00:00+01:00,860.2326261811447
2030,sc01,03-04 10:00:00+01:00,520.7862859132647
2030,sc01,03-04 11:00:00+01:00,415.31515999533406
2030,sc01,03-04 12:00:00+01:00,309.7157561896165
2030,sc01,03-04 13:00:00+01:00,305.0975138821667
2030,sc01,03-04 14:00:00+01:00,304.0798157629789
2030,sc01,03-04 15:00:00+01:00,214.88871815940036
2030,sc01,03-04 16:00:00+01:00,138.54716904491193
2030,sc01,03-04 17:00:00+01:00,347.7514574694728
2030,sc01,03-04 18:00:00+01:00,1902.1696421743784
2030,sc01,03-04 19:00:00+01:00,3243.8329851103654
2030,sc01,03-04 20:00:00+01:00,3087.430640226856
2030,sc01,03-04 21:00:00+01:00,2484.0220922644694
2030,sc01,03-04 22:00:00+01:00,1864.9275337973395
2030,sc01,03-04 23:00:00+01:00,1214.019316598171
2030,sc01,03-05 00:00:00+01:00,703.4111342360445
2030,sc01,03-05 01:00:00+01:00,321.0393485967578
2030,sc01,03-05 02:00:00+01:00,85.4704418951314
2030,sc01,03-05 03:00:00+01:00,9.833911462919787e-12
2030,sc01,03-05 04:00:00+01:00,7.73070496506989e-12
2030,sc01,03-05 05:00:00+01:00,117.16116526388147
2030,sc01,03-05 06:00:00+01:00,984.332987634011
2030,sc01,03-05 07:00:00+01:00,1889.676708234669
2030,sc01,03-05 08:00:00+01:00,1633.8753242663456
2030,sc01,03-05 09:00:00+01:00,434.6331241876933
2030,sc01,03-05 10:00:00+01:00,374.72993583674884
2030,sc01,03-05 11:00:00+01:00,349.3900859219624
2030,sc01,03-05 12:00:00+01:00,324.9258712093173
2030,sc01,03-05 13:00:00+01:00,364.0440239225135
2030,sc01,03-05 14:00:00+01:00,348.73397963165326
2030,sc01,03-05 15:00:00+01:00,319.43055752370367
2030,sc01,03-05 16:00:00+01:00,317.9465531596559
2030,sc01,03-05 17:00:00+01:00,1391.4031973448964
2030,sc01,03-05 18:00:00+01:00,4773.694822426501
2030,sc01,03-05 19:00:00+01:00,5811.824943423026
2030,sc01,03-05 20:00:00+01:00,5351.085285219892
2030,sc01,03-05 21:00:00+01:00,4262.143584179289
2030,sc01,03-05 22:00:00+01:00,3129.161099435217
2030,sc01,03-05 23:00:00+01:00,1854.9996320768353
2030,sc01,03-06 00:00:00+01:00,1131.280979480221
2030,sc01,03-06 01:00:00+01:00,653.7374198842219
2030,sc01,03-06 02:00:00+01:00,398.8854288071327
2030,sc01,03-06 03:00:00+01:00,251.08457346029394
2030,sc01,03-06 04:00:00+01:00,341.7107371553237
2030,sc01,03-06 05:00:00+01:00,1316.4485809678872
2030,sc01,03-06 06:00:00+01:00,3712.363743666
2030,sc01,03-06 07:00:00+01:00,5582.182206459
2030,sc01,03-06 08:00:00+01:00,6393.628768422
2030,sc01,03-06 09:00:00+01:00,5623.927155593
2030,sc01,03-06 10:00:00+01:00,3790.5261518289994
2030,sc01,03-06 11:00:00+01:00,1569.2639608350005
2030,sc01,03-06 12:00:00+01:00,532.6074529515977
2030,sc01,03-06 13:00:00+01:00,346.98237344480276
2030,sc01,03-06 14:00:00+01:00,320.992859395049
2030,sc01,03-06 15:00:00+01:00,252.58256120516717
2030,sc01,03-06 16:00:00+01:00,206.45415066018575
2030,sc01,03-06 17:00:00+01:00,352.0224097350003
2030,sc01,03-06 18:00:00+01:00,2302.6199406158303
2030,sc01,03-06 19:00:00+01:00,3518.8454801353755
2030,sc01,03-06 20:00:00+01:00,3340.2984834339463
2030,sc01,03-06 21:00:00+01:00,2732.623502285709
2030,sc01,03-06 22:00:00+01:00,2048.11893943947
2030,sc01,03-06 23:00:00+01:00,1353.198145056623
2030,sc01,03-07 00:00:00+01:00,833.7324441407839
2030,sc01,03-07 01:00:00+01:00,377.003394566482
2030,sc01,03-07 02:00:00+01:00,116.08287081757956
2030,sc01,03-07 03:00:00+01:00,-2.8137492336099967e-12
2030,sc01,03-07 04:00:00+01:00,-5.684341886080801e-13
2030,sc01,03-07 05:00:00+01:00,136.65389158352116
2030,sc01,03-07 06:00:00+01:00,1010.5237997072957
2030,sc01,03-07 07:00:00+01:00,1901.8317648762225
2030,sc01,03-07 08:00:00+01:00,1249.2613581002577
2030,sc01,03-07 09:00:00+01:00,289.4875851903307
2030,sc01,03-07 10:00:00+01:00,255.02845914101954
2030,sc01,03-07 11:00:00+01:00,238.04841142067963
2030,sc01,03-07 12:00:00+01:00,231.3000638096189
2030,sc01,03-07 13:00:00+01:00,201.0534757688776
2030,sc01,03-07 14:00:00+01:00,160.8222293636884
2030,sc01,03-07 15:00:00+01:00,141.7624612268969
2030,sc01,03-07 16:00:00+01:00,99.80071375940588
2030,sc01,03-07 17:00:00+01:00,247.76257925088328
2030,sc01,03-07 18:00:00+01:00,2024.7568898514833
2030,sc01,03-07 19:00:00+01:00,3477.400574677558
2030,sc01,03-07 20:00:00+01:00,3439.982670841689
2030,sc01,03-07 21:00:00+01:00,2686.974103017832
2030,sc01,03-07 22:00:00+01:00,2072.385566787802
2030,sc01,03-07 23:00:00+01:00,1459.0377189642954
2030,sc01,03-08 00:00:00+01:00,836.1879471714847
2030,sc01,03-08 01:00:00+01:00,413.46799142773
2030,sc01,03-08 02:00:00+01:00,103.62004499555262
2030,sc01,03-08 03:00:00+01:00,1.4210854715202004e-14
2030,sc01,03-08 04:00:00+01:00,-7.119638212316204e-12
2030,sc01,03-08 05:00:00+01:00,76.33345558135956
2030,sc01,03-08 06:00:00+01:00,923.0585026004815
2030,sc01,03-08 07:00:00+01:00,1702.4419906692206
2030,sc01,03-08 08:00:00+01:00,1109.9951063224232
2030,sc01,03-08 09:00:00+01:00,338.9348183869065
2030,sc01,03-08 10:00:00+01:00,307.54804942643216
2030,sc01,03-08 11:00:00+01:00,311.8941459473758
2030,sc01,03-08 12:00:00+01:00,312.0913194369738
2030,sc01,03-08 13:00:00+01:00,281.82102070270514
2030,sc01,03-08 14:00:00+01:00,207.77821536807778
2030,sc01,03-08 15:00:00+01:00,186.91031171114105
2030,sc01,03-08 16:00:00+01:00,178.7559406777832
2030,sc01,03-08 17:00:00+01:00,211.07472399068934
2030,sc01,03-08 18:00:00+01:00,653.6556226851317
2030,sc01,03-08 19:00:00+01:00,3111.5617168883823
2030,sc01,03-08 20:00:00+01:00,3077.680627072744
2030,sc01,03-08 21:00:00+01:00,2271.948504408937
2030,sc01,03-08 22:00:00+01:00,1714.8400264431687
2030,sc01,03-08 23:00:00+01:00,1295.5621130809259
2030,sc01,03-09 00:00:00+01:00,830.4937211232274
2030,sc01,03-09 01:00:00+01:00,342.76151297150324
2030,sc01,03-09 02:00:00+01:00,30.509689366680817
2030,sc01,03-09 03:00:00+01:00,4.760636329592671e-12
2030,sc01,03-09 04:00:00+01:00,5.201172825763933e-12
2030,sc01,03-09 05:00:00+01:00,1.7195134205394424e-12
2030,sc01,03-09 06:00:00+01:00,5.9969806898152456e-12
2030,sc01,03-09 07:00:00+01:00,-6.536993168992922e-12
2030,sc01,03-09 08:00:00+01:00,2.2737367544323206e-13
2030,sc01,03-09 09:00:00+01:00,38.32240070484511
2030,sc01,03-09 10:00:00+01:00,40.305697823805644
2030,sc01,03-09 11:00:00+01:00,35.644003253377946
2030,sc01,03-09 12:00:00+01:00,-1.2050804798491299e-11
2030,sc01,03-09 13:00:00+01:00,-2.2737367544323206e-12
2030,sc01,03-09 14:00:00+01:00,-5.229594535194337e-12
2030,sc01,03-09 15:00:00+01:00,-3.183231456205249e-12
2030,sc01,03-09 16:00:00+01:00,-9.094947017729282e-13
2030,sc01,03-09 17:00:00+01:00,7.958078640513122e-13
2030,sc01,03-09 18:00:00+01:00,119.25537380831406
2030,sc01,03-09 19:00:00+01:00,729.5757394920332
2030,sc01,03-09 20:00:00+01:00,917.6003315428919
2030,sc01,03-09 21:00:00+01:00,559.4044732974359
2030,sc01,03-09 22:00:00+01:00,265.2809305654544
2030,sc01,03-09 23:00:00+01:00,12.465950085736367
2030,sc01,03-10 00:00:00+01:00,-1.5631940186722204e-13
2030,sc01,03-10 01:00:00+01:00,-1.0107470416187425e-12
2030,sc01,03-10 02:00:00+01:00,6.039613253960852e-14
2030,sc01,03-10 03:00:00+01:00,-1.5489831639570184e-12
2030,sc01,03-10 04:00:00+01:00,1.5553780485788593e-11
2030,sc01,03-10 05:00:00+01:00,-1.3713474800169934e-12
2030,sc01,03-10 06:00:00+01:00,-2.2311041902867146e-12
2030,sc01,03-10 07:00:00+01:00,6.323830348264892e-13
2030,sc01,03-10 08:00:00+01:00,-2.2737367544323206e-12
2030,sc01,03-10 09:00:00+01:00,-2.7284841053187847e-12
2030,sc01,03-10 10:00:00+01:00,2.2737367544323206e-12
2030,sc01,03-10 11:00:00+01:00,-2.7000623958883807e-12
2030,sc01,03-10 12:00:00+01:00,-1.4779288903810084e-12
2030,sc01,03-10 13:00:00+01:00,8.526512829121202e-13
2030,sc01,03-10 14:00:00+01:00,-2.9558577807620168e-12
2030,sc01,03-10 15:00:00+01:00,1.9326762412674725e-12
2030,sc01,03-10 16:00:00+01:00,-2.2737367544323206e-12
2030,sc01,03-10 17:00:00+01:00,-2.1884716261411086e-12
2030,sc01,03-10 18:00:00+01:00,4.092726157978177e-12
2030,sc01,03-10 19:00:00+01:00,800.9017914788685
2030,sc01,03-10 20:00:00+01:00,1242.3696400257877
2030,sc01,03-10 21:00:00+01:00,944.1872820130282
2030,sc01,03-10 22:00:00+01:00,654.5013951679156
2030,sc01,03-10 23:00:00+01:00,202.47373052050153
2030,sc01,03-11 00:00:00+01:00,-1.3926637620897964e-11
2030,sc01,03-11 01:00:00+01:00,-1.8758328224066645e-12
2030,sc01,03-11 02:00:00+01:00,6.131983809609665e-12
2030,sc01,03-11 03:00:00+01:00,7.332801033044234e-12
2030,sc01,03-11 04:00:00+01:00,-2.7853275241795927e-12
2030,sc01,03-11 05:00:00+01:00,27.9480530098539
2030,sc01,03-11 06:00:00+01:00,1122.019254187954
2030,sc01,03-11 07:00:00+01:00,2112.10243782251
2030,sc01,03-11 08:00:00+01:00,970.894150899248
2030,sc01,03-11 09:00:00+01:00,346.7923997331066
2030,sc01,03-11 10:00:00+01:00,303.9739228496748
2030,sc01,03-11 11:00:00+01:00,303.05350981354354
2030,sc01,03-11 12:00:00+01:00,266.2494593600111
2030,sc01,03-11 13:00:00+01:00,251.12124224374838
2030,sc01,03-11 14:00:00+01:00,221.9738708276127
2030,sc01,03-11 15:00:00+01:00,185.40258766635702
2030,sc01,03-11 16:00:00+01:00,189.47534086925293
2030,sc01,03-11 17:00:00+01:00,296.2940685330328
2030,sc01,03-11 18:00:00+01:00,620.1161673073942
2030,sc01,03-11 19:00:00+01:00,3107.6545868811836
2030,sc01,03-11 20:00:00+01:00,3312.949157613216
2030,sc01,03-11 21:00:00+01:00,2613.790617114793
2030,sc01,03-11 22:00:00+01:00,1913.0404998873564
2030,sc01,03-11 23:00:00+01:00,1209.5171636126686
2030,sc01,03-12 00:00:00+01:00,852.1416199301342
2030,sc01,03-12 01:00:00+01:00,611.6286997279611
2030,sc01,03-12 02:00:00+01:00,472.92661753136684
2030,sc01,03-12 03:00:00+01:00,339.28250679002775
2030,sc01,03-12 04:00:00+01:00,297.87381971608653
2030,sc01,03-12 05:00:00+01:00,538.4557227519821
2030,sc01,03-12 06:00:00+01:00,1547.0968545385488
2030,sc01,03-12 07:00:00+01:00,2283.4879057742605
2030,sc01,03-12 08:00:00+01:00,652.6317982747628
2030,sc01,03-12 09:00:00+01:00,401.3172773488269
2030,sc01,03-12 10:00:00+01:00,356.16284607381044
2030,sc01,03-12 11:00:00+01:00,342.80321199736846
2030,sc01,03-12 12:00:00+01:00,326.33221893192956
2030,sc01,03-12 13:00:00+01:00,300.2346207615076
2030,sc01,03-12 14:00:00+01:00,283.05150699483045
2030,sc01,03-12 15:00:00+01:00,310.3714763940744
2030,sc01,03-12 16:00:00+01:00,323.27496687478333
2030,sc01,03-12 17:00:00+01:00,474.6638589212332
2030,sc01,03-12 18:00:00+01:00,950.0711345836452
2030,sc01,03-12 19:00:00+01:00,3389.5992221737233
2030,sc01,03-12 20:00:00+01:00,3438.632838987432
2030,sc01,03-12 21:00:00+01:00,2254.822032972275
2030,sc01,03-12 22:00:00+01:00,1434.7982155911134
2030,sc01,03-12 23:00:00+01:00,771.9775601663612
2030,sc01,03-13 00:00:00+01:00,328.6568066403841
2030,sc01,03-13 01:00:00+01:00,56.95892731028626
2030,sc01,03-13 02:00:00+01:00,4.1389114358025836e-12
2030,sc01,03-13 03:00:00+01:00,8.242295734817162e-13
2030,sc01,03-13 04:00:00+01:00,-2.4726887204451486e-12
2030,sc01,03-13 05:00:00+01:00,167.35158409080174
2030,sc01,03-13 06:00:00+01:00,1130.6321947764059
2030,sc01,03-13 07:00:00+01:00,1964.8016628097298
2030,sc01,03-13 08:00:00+01:00,484.2952299963267
2030,sc01,03-13 09:00:00+01:00,384.50731547200337
2030,sc01,03-13 10:00:00+01:00,351.6500712747565
2030,sc01,03-13 11:00:00+01:00,339.99444764978966
2030,sc01,03-13 12:00:00+01:00,426.9075507551113
2030,sc01,03-13 13:00:00+01:00,329.27458678282306
2030,sc01,03-13 14:00:00+01:00,284.0151287464148
2030,sc01,03-13 15:00:00+01:00,214.45360567032753
2030,sc01,03-13 16:00:00+01:00,204.74416556781546
2030,sc01,03-13 17:00:00+01:00,319.8917725820472
2030,sc01,03-13 18:00:00+01:00,710.884069383983
2030,sc01,03-13 19:00:00+01:00,3239.634271817661
2030,sc01,03-13 20:00:00+01:00,3192.5089758777613
2030,sc01,03-13 21:00:00+01:00,2298.791607259675
2030,sc01,03-13 22:00:00+01:00,1556.4804511824714
2030,sc01,03-13 23:00:00+01:00,875.558671941384
2030,sc01,03-14 00:00:00+01:00,461.05658221499345
2030,sc01,03-14 01:00:00+01:00,192.50306703138577
2030,sc01,03-14 02:00:00+01:00,119.94647902897378
2030,sc01,03-14 03:00:00+01:00,49.82868468182306
2030,sc01,03-14 04:00:00+01:00,50.723542599903894
2030,sc01,03-14 05:00:00+01:00,359.1852443974401
2030,sc01,03-14 06:00:00+01:00,1333.9742910441585
2030,sc01,03-14 07:00:00+01:00,2204.816931956355
2030,sc01,03-14 08:00:00+01:00,687.8595166519948
2030,sc01,03-14 09:00:00+01:00,447.2351974961439
2030,sc01,03-14 10:00:00+01:00,402.64485438420434
2030,sc01,03-14 11:00:00+01:00,382.58706944401786
2030,sc01,03-14 12:00:00+01:00,358.2827376468475
2030,sc01,03-14 13:00:00+01:00,301.1109659543207
2030,sc01,03-14 14:00:00+01:00,222.82841060048156
2030,sc01,03-14 15:00:00+01:00,194.49708449873538
2030,sc01,03-14 16:00:00+01:00,213.48465903050067
2030,sc01,03-14 17:00:00+01:00,281.3733989952764
2030,sc01,03-14 18:00:00+01:00,632.4100400133293
2030,sc01,03-14 19:00:00+01:00,2724.1459394581807
2030,sc01,03-14 20:00:00+01:00,3004.9215246658987
2030,sc01,03-14 21:00:00+01:00,2336.2951104391063
2030,sc01,03-14 22:00:00+01:00,1615.7393806517787
2030,sc01,03-14 23:00:00+01:00,943.2473758815975
2030,sc01,03-15 00:00:00+01:00,465.62104309851964
2030,sc01,03-15 01:00:00+01:00,79.09611593560987
2030,sc01,03-15 02:00:00+01:00,3.723243935382925e-12
2030,sc01,03-15 03:00:00+01:00,3.0198066269804258e-12
2030,sc01,03-15 04:00:00+01:00,-7.545963853772264e-12
2030,sc01,03-15 05:00:00+01:00,271.63669600807356
2030,sc01,03-15 06:00:00+01:00,1060.2563622342786
2030,sc01,03-15 07:00:00+01:00,1876.6535659525928
2030,sc01,03-15 08:00:00+01:00,500.2486496581999
2030,sc01,03-15 09:00:00+01:00,326.85394857904953
2030,sc01,03-15 10:00:00+01:00,298.5811973116786
2030,sc01,03-15 11:00:00+01:00,279.4001478660109
2030,sc01,03-15 12:00:00+01:00,219.53183940768736
2030,sc01,03-15 13:00:00+01:00,138.34609068952363
2030,sc01,03-15 14:00:00+01:00,314.1501128058385
2030,sc01,03-15 15:00:00+01:00,272.54872653678865
2030,sc01,03-15 16:00:00+01:00,264.2536480382762
2030,sc01,03-15 17:00:00+01:00,469.7055930015372
2030,sc01,03-15 18:00:00+01:00,1722.569475541372
2030,sc01,03-15 19:00:00+01:00,4333.24112447663
2030,sc01,03-15 20:00:00+01:00,2224.612318923843
2030,sc01,03-15 21:00:00+01:00,1554.7790691342805
2030,sc01,03-15 22:00:00+01:00,1020.0173795042135
2030,sc01,03-15 23:00:00+01:00,533.4214423846265
2030,sc01,03-16 00:00:00+01:00,110.99094036055374
2030,sc01,03-16 01:00:00+01:00,-2.3874235921539366e-12
2030,sc01,03-16 02:00:00+01:00,4.945377440890297e-12
2030,sc01,03-16 03:00:00+01:00,5.229594535194337e-12
2030,sc01,03-16 04:00:00+01:00,3.311129148642067e-12
2030,sc01,03-16 05:00:00+01:00,5.8335558605904225e-12
2030,sc01,03-16 06:00:00+01:00,6.821210263296962e-13
2030,sc01,03-16 07:00:00+01:00,5.755396159656812e-13
2030,sc01,03-16 08:00:00+01:00,5.684341886080801e-13
2030,sc01,03-16 09:00:00+01:00,-3.296918293926865e-12
2030,sc01,03-16 10:00:00+01:00,-6.821210263296962e-12
2030,sc01,03-16 11:00:00+01:00,0.0
2030,sc01,03-16 12:00:00+01:00,6.480149750132114e-12
2030,sc01,03-16 13:00:00+01:00,-1.1368683772161603e-13
2030,sc01,03-16 14:00:00+01:00,-2.3874235921539366e-12
2030,sc01,03-16 15:00:00+01:00,2.9558577807620168e-12
2030,sc01,03-16 16:00:00+01:00,1.3642420526593924e-12
2030,sc01,03-16 17:00:00+01:00,-2.0463630789890885e-12
2030,sc01,03-16 18:00:00+01:00,188.41440801352985
2030,sc01,03-16 19:00:00+01:00,677.2579405142403
2030,sc01,03-16 20:00:00+01:00,1169.0641611415062
2030,sc01,03-16 21:00:00+01:00,591.4173945526596
2030,sc01,03-16 22:00:00+01:00,260.89756956725853
2030,sc01,03-16 23:00:00+01:00,2.3163693185779266e-12
2030,sc01,03-17 00:00:00+01:00,-3.808509063674137e-12
2030,sc01,03-17 01:00:00+01:00,3.410605131648481e-13
2030,sc01,03-17 02:00:00+01:00,6.73594513500575e-12
2030,sc01,03-17 03:00:00+01:00,6.281197784119286e-12
2030,sc01,03-17 04:00:00+01:00,3.740119325357227e-12
2030,sc01,03-17 05:00:00+01:00,-1.2398970739013748e-12
2030,sc01,03-17 06:00:00+01:00,-2.2737367544323206e-13
2030,sc01,03-17 07:00:00+01:00,-2.9984903449076228e-12
2030,sc01,03-17 08:00:00+01:00,-4.320099833421409e-12
2030,sc01,03-17 09:00:00+01:00,-2.0321522242738865e-12
2030,sc01,03-17 10:00:00+01:00,2.0463630789890885e-12
2030,sc01,03-17 11:00:00+01:00,-2.3305801732931286e-12
2030,sc01,03-17 12:00:00+01:00,4.547473508864641e-13
2030,sc01,03-17 13:00:00+01:00,4.064304448547773e-12
2030,sc01,03-17 14:00:00+01:00,-4.746425474877469e-12
2030,sc01,03-17 15:00:00+01:00,-2.5295321393059567e-12
2030,sc01,03-17 16:00:00+01:00,8.526512829121202e-14
2030,sc01,03-17 17:00:00+01:00,-5.4001247917767614e-12
2030,sc01,03-17 18:00:00+01:00,-1.2505552149377763e-12
2030,sc01,03-17 19:00:00+01:00,118.9706729656489
2030,sc01,03-17 20:00:00+01:00,532.0702078995105
2030,sc01,03-17 21:00:00+01:00,419.43524335386144
2030,sc01,03-17 22:00:00+01:00,244.1913496699423
2030,sc01,03-17 23:00:00+01:00,85.60046432056414
2030,sc01,03-18 00:00:00+01:00,3.836930773104541e-13
2030,sc01,03-18 01:00:00+01:00,-1.4210854715202004e-13
2030,sc01,03-18 02:00:00+01:00,-1.681321748492337e-12
2030,sc01,03-18 03:00:00+01:00,-2.0961010704922955e-13
2030,sc01,03-18 04:00:00+01:00,2.7000623958883807e-13
2030,sc01,03-18 05:00:00+01:00,-1.9042545318370685e-12
2030,sc01,03-18 06:00:00+01:00,226.6457030147798
2030,sc01,03-18 07:00:00+01:00,1128.90945266695
2030,sc01,03-18 08:00:00+01:00,361.3157278160234
2030,sc01,03-18 09:00:00+01:00,346.10914305884864
2030,sc01,03-18 10:00:00+01:00,325.770840101301
2030,sc01,03-18 11:00:00+01:00,308.61593882219495
2030,sc01,03-18 12:00:00+01:00,316.64571305515574
2030,sc01,03-18 13:00:00+01:00,291.2264481143819
2030,sc01,03-18 14:00:00+01:00,249.00201273801292
2030,sc01,03-18 15:00:00+01:00,200.74358757377536
2030,sc01,03-18 16:00:00+01:00,182.39267526306003
2030,sc01,03-18 17:00:00+01:00,239.41334277683643
2030,sc01,03-18 18:00:00+01:00,1126.7935390778903
2030,sc01,03-18 19:00:00+01:00,4603.4400478037705
2030,sc01,03-18 20:00:00+01:00,4900.727619769751
2030,sc01,03-18 21:00:00+01:00,4013.6511414957213
2030,sc01,03-18 22:00:00+01:00,3152.4989192216935
2030,sc01,03-18 23:00:00+01:00,860.1178532446864
2030,sc01,03-19 00:00:00+01:00,484.7175961740477
2030,sc01,03-19 01:00:00+01:00,431.06681194418644
2030,sc01,03-19 02:00:00+01:00,285.94679795250534
2030,sc01,03-19 03:00:00+01:00,250.39141446901317
2030,sc01,03-19 04:00:00+01:00,297.6087852048726
2030,sc01,03-19 05:00:00+01:00,698.920400178301
2030,sc01,03-19 06:00:00+01:00,2102.059732696159
2030,sc01,03-19 07:00:00+01:00,3715.2162847588943
2030,sc01,03-19 08:00:00+01:00,2209.272182625257
2030,sc01,03-19 09:00:00+01:00,552.2864242195936
2030,sc01,03-19 10:00:00+01:00,491.4358984355683
2030,sc01,03-19 11:00:00+01:00,468.3186664346063
2030,sc01,03-19 12:00:00+01:00,449.78351183490685
2030,sc01,03-19 13:00:00+01:00,408.9701486591218
2030,sc01,03-19 14:00:00+01:00,345.22759344037985
2030,sc01,03-19 15:00:00+01:00,303.0036173156766
2030,sc01,03-19 16:00:00+01:00,304.5634135305015
2030,sc01,03-19 17:00:00+01:00,342.0139017478821
2030,sc01,03-19 18:00:00+01:00,2592.661462632634
2030,sc01,03-19 19:00:00+01:00,5468.215140214791
2030,sc01,03-19 20:00:00+01:00,5381.16161311404
2030,sc01,03-19 21:00:00+01:00,3834.0329229643166
2030,sc01,03-19 22:00:00+01:00,2408.5711940456686
2030,sc01,03-19 23:00:00+01:00,909.097353033968
2030,sc01,03-20 00:00:00+01:00,352.563078331402
2030,sc01,03-20 01:00:00+01:00,12.272226685658268
2030,sc01,03-20 02:00:00+01:00,-1.8900436771218665e-12
2030,sc01,03-20 03:00:00+01:00,-2.3518964553659316e-12
2030,sc01,03-20 04:00:00+01:00,2.6929569685307797e-12
2030,sc01,03-20 05:00:00+01:00,19.334873754589744
2030,sc01,03-20 06:00:00+01:00,895.2545038698711
2030,sc01,03-20 07:00:00+01:00,1678.314117937383
2030,sc01,03-20 08:00:00+01:00,464.5188068758116
2030,sc01,03-20 09:00:00+01:00,379.91914910265666
2030,sc01,03-20 10:00:00+01:00,289.10151314437536
2030,sc01,03-20 11:00:00+01:00,273.39014382349524
2030,sc01,03-20 12:00:00+01:00,266.42443824764746
2030,sc01,03-20 13:00:00+01:00,241.9168661421868
2030,sc01,03-20 14:00:00+01:00,206.1877268089995
2030,sc01,03-20 15:00:00+01:00,183.9560037125541
2030,sc01,03-20 16:00:00+01:00,168.33128263185154
2030,sc01,03-20 17:00:00+01:00,228.5693466210888
2030,sc01,03-20 18:00:00+01:00,416.1757651454585
2030,sc01,03-20 19:00:00+01:00,2717.2518025793797
2030,sc01,03-20 20:00:00+01:00,3211.946555833779
2030,sc01,03-20 21:00:00+01:00,2680.0346187729783
2030,sc01,03-20 22:00:00+01:00,1909.3840025984725
2030,sc01,03-20 23:00:00+01:00,1190.7117437587115
2030,sc01,03-21 00:00:00+01:00,618.9521061393358
2030,sc01,03-21 01:00:00+01:00,197.20385603442574
2030,sc01,03-21 02:00:00+01:00,18.5596386187413
2030,sc01,03-21 03:00:00+01:00,-3.069544618483633e-12
2030,sc01,03-21 04:00:00+01:00,8.853362487570848e-12
2030,sc01,03-21 05:00:00+01:00,292.1298917562664
2030,sc01,03-21 06:00:00+01:00,1406.217775469517
2030,sc01,03-21 07:00:00+01:00,2271.8726468395894
2030,sc01,03-21 08:00:00+01:00,567.7062709203528
2030,sc01,03-21 09:00:00+01:00,486.5707850405155
2030,sc01,03-21 10:00:00+01:00,441.925457347422
2030,sc01,03-21 11:00:00+01:00,277.4650389774438
2030,sc01,03-21 12:00:00+01:00,260.4745154964372
2030,sc01,03-21 13:00:00+01:00,229.01056888084065
2030,sc01,03-21 14:00:00+01:00,189.57426143010855
2030,sc01,03-21 15:00:00+01:00,169.62922015186405
2030,sc01,03-21 16:00:00+01:00,288.5103575291912
2030,sc01,03-21 17:00:00+01:00,348.5684877508784
2030,sc01,03-21 18:00:00+01:00,2288.2883861983696
2030,sc01,03-21 19:00:00+01:00,5548.911572084667
2030,sc01,03-21 20:00:00+01:00,6033.051680526615
2030,sc01,03-21 21:00:00+01:00,5299.79376139282
2030,sc01,03-21 22:00:00+01:00,4385.797711497711
2030,sc01,03-21 23:00:00+01:00,1577.4521686766443
2030,sc01,03-22 00:00:00+01:00,675.0900819656586
2030,sc01,03-22 01:00:00+01:00,339.2763244293622
2030,sc01,03-22 02:00:00+01:00,186.44676007956218
2030,sc01,03-22 03:00:00+01:00,237.14763727677027
2030,sc01,03-22 04:00:00+01:00,238.241628710338
2030,sc01,03-22 05:00:00+01:00,631.6516512278414
2030,sc01,03-22 06:00:00+01:00,1522.3043597386732
2030,sc01,03-22 07:00:00+01:00,2660.9855102351717
2030,sc01,03-22 08:00:00+01:00,383.63972624202233
2030,sc01,03-22 09:00:00+01:00,343.3511348932092
2030,sc01,03-22 10:00:00+01:00,294.69832666762903
2030,sc01,03-22 11:00:00+01:00,274.0211085670426
2030,sc01,03-22 12:00:00+01:00,261.8481744796543
2030,sc01,03-22 13:00:00+01:00,255.66271427361744
2030,sc01,03-22 14:00:00+01:00,221.2453975027313
2030,sc01,03-22 15:00:00+01:00,193.33969299993225
2030,sc01,03-22 16:00:00+01:00,184.8831890670516
2030,sc01,03-22 17:00:00+01:00,183.57491190858775
2030,sc01,03-22 18:00:00+01:00,679.6368134989923
2030,sc01,03-22 19:00:00+01:00,2710.222697911
2030,sc01,03-22 20:00:00+01:00,2635.5380118450003
2030,sc01,03-22 21:00:00+01:00,1599.6032814156804
2030,sc01,03-22 22:00:00+01:00,862.962087669299
2030,sc01,03-22 23:00:00+01:00,325.2024536066502
2030,sc01,03-23 00:00:00+01:00,74.6256816370658
2030,sc01,03-23 01:00:00+01:00,2.1529444893531036e-12
2030,sc01,03-23 02:00:00+01:00,1.7905676941154525e-12
2030,sc01,03-23 03:00:00+01:00,5.4569682106375694e-12
2030,sc01,03-23 04:00:00+01:00,1.8616219676914625e-12
2030,sc01,03-23 05:00:00+01:00,-2.5579538487363607e-13
2030,sc01,03-23 06:00:00+01:00,-4.831690603168681e-13
2030,sc01,03-23 07:00:00+01:00,5.258016244624741e-12
2030,sc01,03-23 08:00:00+01:00,-1.5916157281026244e-12
2030,sc01,03-23 09:00:00+01:00,-1.5916157281026244e-12
2030,sc01,03-23 10:00:00+01:00,-2.5011104298755527e-12
2030,sc01,03-23 11:00:00+01:00,-2.0463630789890885e-12
2030,sc01,03-23 12:00:00+01:00,-1.3642420526593924e-12
2030,sc01,03-23 13:00:00+01:00,-1.2050804798491299e-11
2030,sc01,03-23 14:00:00+01:00,-7.048583938740194e-12
2030,sc01,03-23 15:00:00+01:00,-3.410605131648481e-13
2030,sc01,03-23 16:00:00+01:00,-4.092726157978177e-12
2030,sc01,03-23 17:00:00+01:00,-1.1368683772161603e-13
2030,sc01,03-23 18:00:00+01:00,64.50047509819399
2030,sc01,03-23 19:00:00+01:00,697.6069766110435
2030,sc01,03-23 20:00:00+01:00,1154.7462424269097
2030,sc01,03-23 21:00:00+01:00,897.7891052006373
2030,sc01,03-23 22:00:00+01:00,738.10784473887
2030,sc01,03-23 23:00:00+01:00,294.545143496705
2030,sc01,03-24 00:00:00+01:00,-1.3912426766182762e-11
2030,sc01,03-24 01:00:00+01:00,9.521272659185342e-13
2030,sc01,03-24 02:00:00+01:00,-3.183231456205249e-12
2030,sc01,03-24 03:00:00+01:00,-2.2311041902867146e-12
2030,sc01,03-24 04:00:00+01:00,-5.329070518200751e-13
2030,sc01,03-24 05:00:00+01:00,3.623767952376511e-13
2030,sc01,03-24 06:00:00+01:00,1.8474111129762605e-13
2030,sc01,03-24 07:00:00+01:00,6.075140390748857e-13
2030,sc01,03-24 08:00:00+01:00,-1.3784529073745944e-12
2030,sc01,03-24 09:00:00+01:00,-1.5774048733874224e-12
2030,sc01,03-24 10:00:00+01:00,-2.2737367544323206e-12
2030,sc01,03-24 11:00:00+01:00,-9.094947017729282e-13
2030,sc01,03-24 12:00:00+01:00,-1.8758328224066645e-12
2030,sc01,03-24 13:00:00+01:00,-3.410605131648481e-12
2030,sc01,03-24 14:00:00+01:00,-4.547473508864641e-13
2030,sc01,03-24 15:00:00+01:00,-1.4779288903810084e-12
2030,sc01,03-24 16:00:00+01:00,-6.821210263296962e-13
2030,sc01,03-24 17:00:00+01:00,-2.5011104298755527e-12
2030,sc01,03-24 18:00:00+01:00,16.303650822303382
2030,sc01,03-24 19:00:00+01:00,2134.816509778498
2030,sc01,03-24 20:00:00+01:00,2505.5864966482914
2030,sc01,03-24 21:00:00+01:00,1845.9853437905008
2030,sc01,03-24 22:00:00+01:00,1137.1567714355228
2030,sc01,03-24 23:00:00+01:00,535.2672901708941
2030,sc01,03-25 00:00:00+01:00,7.139821365237665
2030,sc01,03-25 01:00:00+01:00,-4.121147867408581e-12
2030,sc01,03-25 02:00:00+01:00,-2.7000623958883807e-13
2030,sc01,03-25 03:00:00+01:00,-1.5205614545266144e-12
2030,sc01,03-25 04:00:00+01:00,-9.947598300641403e-14
2030,sc01,03-25 05:00:00+01:00,2.1174173525650986e-12
2030,sc01,03-25 06:00:00+01:00,407.3263924284885
2030,sc01,03-25 07:00:00+01:00,993.0519442590702
2030,sc01,03-25 08:00:00+01:00,375.5866718456389
2030,sc01,03-25 09:00:00+01:00,247.68204477188215
2030,sc01,03-25 10:00:00+01:00,162.99554606704373
2030,sc01,03-25 11:00:00+01:00,195.8181943775371
2030,sc01,03-25 12:00:00+01:00,93.24666189062384
2030,sc01,03-25 13:00:00+01:00,43.569526444964254
2030,sc01,03-25 14:00:00+01:00,-2.7284841053187847e-12
2030,sc01,03-25 15:00:00+01:00,-2.2737367544323206e-13
2030,sc01,03-25 16:00:00+01:00,-1.7621459846850485e-12
2030,sc01,03-25 17:00:00+01:00,3.410605131648481e-12
2030,sc01,03-25 18:00:00+01:00,210.92725042605832
2030,sc01,03-25 19:00:00+01:00,1935.7184826506534
2030,sc01,03-25 20:00:00+01:00,2260.7398410960545
2030,sc01,03-25 21:00:00+01:00,1578.162651643972
2030,sc01,03-25 22:00:00+01:00,902.382743337474
2030,sc01,03-25 23:00:00+01:00,272.824420818411
2030,sc01,03-26 00:00:00+01:00,4.382627594168298e-11
2030,sc01,03-26 01:00:00+01:00,-3.623767952376511e-13
2030,sc01,03-26 02:00:00+01:00,-1.7283952047364437e-12
2030,sc01,03-26 03:00:00+01:00,-1.0587086762825493e-12
2030,sc01,03-26 04:00:00+01:00,-6.487255177489715e-12
2030,sc01,03-26 05:00:00+01:00,38.283669635370146
2030,sc01,03-26 06:00:00+01:00,802.2898217281183
2030,sc01,03-26 07:00:00+01:00,1361.914709849798
2030,sc01,03-26 08:00:00+01:00,285.86750512145034
2030,sc01,03-26 09:00:00+01:00,234.35669472963815
2030,sc01,03-26 10:00:00+01:00,192.78114599703267
2030,sc01,03-26 11:00:00+01:00,140.50785184805363
2030,sc01,03-26 12:00:00+01:00,123.35427767976603
2030,sc01,03-26 13:00:00+01:00,80.926652815907
2030,sc01,03-26 14:00:00+01:00,56.981512952329695
2030,sc01,03-26 15:00:00+01:00,77.40075999631449
2030,sc01,03-26 16:00:00+01:00,98.37281737938667
2030,sc01,03-26 17:00:00+01:00,142.9567462018972
2030,sc01,03-26 18:00:00+01:00,691.125293156012
2030,sc01,03-26 19:00:00+01:00,3494.547748842615
2030,sc01,03-26 20:00:00+01:00,3574.253338508044
2030,sc01,03-26 21:00:00+01:00,2754.561857371496
2030,sc01,03-26 22:00:00+01:00,1824.26017880314
2030,sc01,03-26 23:00:00+01:00,1172.8198241774705
2030,sc01,03-27 00:00:00+01:00,608.9808538890422
2030,sc01,03-27 01:00:00+01:00,201.93536715858218
2030,sc01,03-27 02:00:00+01:00,143.85065664718059
2030,sc01,03-27 03:00:00+01:00,45.71787228513611
2030,sc01,03-27 04:00:00+01:00,59.21955366385622
2030,sc01,03-27 05:00:00+01:00,395.02219865544396
2030,sc01,03-27 06:00:00+01:00,1955.835058845689
2030,sc01,03-27 07:00:00+01:00,3394.4468224454135
2030,sc01,03-27 08:00:00+01:00,1275.82956676
2030,sc01,03-27 09:00:00+01:00,403.59978892308493
2030,sc01,03-27 10:00:00+01:00,175.9689381215086
2030,sc01,03-27 11:00:00+01:00,183.6734644091762
2030,sc01,03-27 12:00:00+01:00,170.5423324403896
2030,sc01,03-27 13:00:00+01:00,727.3908492532587
2030,sc01,03-27 14:00:00+01:00,472.6434842958023
2030,sc01,03-27 15:00:00+01:00,424.6643002263809
2030,sc01,03-27 16:00:00+01:00,629.7109100388388
2030,sc01,03-27 17:00:00+01:00,1318.8494069630433
2030,sc01,03-27 18:00:00+01:00,2801.3353966863265
2030,sc01,03-27 19:00:00+01:00,6003.269316717252
2030,sc01,03-27 20:00:00+01:00,6254.0956430077385
2030,sc01,03-27 21:00:00+01:00,5060.446625579697
2030,sc01,03-27 22:00:00+01:00,3414.803873194438
2030,sc01,03-27 23:00:00+01:00,2120.5961910100827
2030,sc01,03-28 00:00:00+01:00,111.43084834479893
2030,sc01,03-28 01:00:00+01:00,1.5631940186722204e-12
2030,sc01,03-28 02:00:00+01:00,5.400124791776761e-13
2030,sc01,03-28 03:00:00+01:00,7.673861546209082e-13
2030,sc01,03-28 04:00:00+01:00,1.3669065879184927e-12
2030,sc01,03-28 05:00:00+01:00,72.8782449222038
2030,sc01,03-28 06:00:00+01:00,1247.1893716619993
2030,sc01,03-28 07:00:00+01:00,2849.76996822
2030,sc01,03-28 08:00:00+01:00,637.641222480898
2030,sc01,03-28 09:00:00+01:00,577.3265385453524
2030,sc01,03-28 10:00:00+01:00,442.5803327388654
2030,sc01,03-28 11:00:00+01:00,235.83621068155367
2030,sc01,03-28 12:00:00+01:00,167.02513424828783
2030,sc01,03-28 13:00:00+01:00,135.0719027258674
2030,sc01,03-28 14:00:00+01:00,79.91562341158328
2030,sc01,03-28 15:00:00+01:00,40.828629567078906
2030,sc01,03-28 16:00:00+01:00,46.06720652241529
2030,sc01,03-28 17:00:00+01:00,91.95943084540295
2030,sc01,03-28 18:00:00+01:00,326.5066288140849
2030,sc01,03-28 19:00:00+01:00,2728.8430516739686
2030,sc01,03-28 20:00:00+01:00,3286.986704434778
2030,sc01,03-28 21:00:00+01:00,2098.055207395457
2030,sc01,03-28 22:00:00+01:00,1160.500597174828
2030,sc01,03-28 23:00:00+01:00,481.36211432950597
2030,sc01,03-29 00:00:00+01:00,22.902780264248236
2030,sc01,03-29 01:00:00+01:00,-3.126388037344441e-12
2030,sc01,03-29 02:00:00+01:00,-9.094947017729282e-13
2030,sc01,03-29 03:00:00+01:00,-2.0605739337042905e-12
2030,sc01,03-29 04:00:00+01:00,1.7053025658242404e-12
2030,sc01,03-29 05:00:00+01:00,4.291678123991005e-12
2030,sc01,03-29 06:00:00+01:00,522.7484454176227
2030,sc01,03-29 07:00:00+01:00,758.3495771446869
2030,sc01,03-29 08:00:00+01:00,111.35240634244485
2030,sc01,03-29 09:00:00+01:00,87.4528096770257
2030,sc01,03-29 10:00:00+01:00,40.25292546562946
2030,sc01,03-29 11:00:00+01:00,23.668925884265377
2030,sc01,03-29 12:00:00+01:00,24.13679505739765
2030,sc01,03-29 13:00:00+01:00,4.4259896672801915
2030,sc01,03-29 14:00:00+01:00,1.3642420526593924e-12
2030,sc01,03-29 15:00:00+01:00,-1.4495071809506044e-12
2030,sc01,03-29 16:00:00+01:00,-1.3642420526593924e-12
2030,sc01,03-29 17:00:00+01:00,-2.0463630789890885e-12
2030,sc01,03-29 18:00:00+01:00,86.67205755947191
2030,sc01,03-29 19:00:00+01:00,1431.088383053595
2030,sc01,03-29 20:00:00+01:00,1959.718291733011
2030,sc01,03-29 21:00:00+01:00,1455.1670787719963
2030,sc01,03-29 22:00:00+01:00,912.529112655904
2030,sc01,03-29 23:00:00+01:00,468.5013554155962
2030,sc01,03-30 00:00:00+01:00,119.29085317802388
2030,sc01,03-30 01:00:00+01:00,4.263256414560601e-14
2030,sc01,03-30 02:00:00+01:00,-1.1475265182525618e-12
2030,sc01,03-30 03:00:00+01:00,-1.723066134218243e-13
2030,sc01,03-30 04:00:00+01:00,-5.613287612504791e-13
2030,sc01,03-30 05:00:00+01:00,-2.2168933355715126e-12
2030,sc01,03-30 06:00:00+01:00,-6.679101716144942e-13
2030,sc01,03-30 07:00:00+01:00,4.511946372076636e-13
2030,sc01,03-30 08:00:00+01:00,-1.9326762412674725e-12
2030,sc01,03-30 09:00:00+01:00,-3.865352482534945e-12
2030,sc01,03-30 10:00:00+01:00,-1.5916157281026244e-12
2030,sc01,03-30 11:00:00+01:00,1.3642420526593924e-12
2030,sc01,03-30 12:00:00+01:00,-2.6147972675971687e-12
2030,sc01,03-30 13:00:00+01:00,7.958078640513122e-13
2030,sc01,03-30 14:00:00+01:00,-4.092726157978177e-12
2030,sc01,03-30 15:00:00+01:00,-2.0463630789890885e-12
2030,sc01,03-30 16:00:00+01:00,-6.821210263296962e-13
2030,sc01,03-30 17:00:00+01:00,-2.3874235921539366e-12
2030,sc01,03-30 18:00:00+01:00,-2.2737367544323206e-12
2030,sc01,03-30 19:00:00+01:00,225.72155398361048
2030,sc01,03-30 20:00:00+01:00,802.1593981775173
2030,sc01,03-30 21:00:00+01:00,669.3544515308841
2030,sc01,03-30 22:00:00+01:00,409.81249607650415
2030,sc01,03-30 23:00:00+01:00,89.80120319219435
2030,sc01,03-31 00:00:00+01:00,3.211653165635653e-12
2030,sc01,03-31 01:00:00+01:00,-2.1316282072803006e-13
2030,sc01,03-31 02:00:00+01:00,1.2505552149377763e-12
2030,sc01,03-31 03:00:00+02:00,-3.694822225952521e-13
2030,sc01,03-31 04:00:00+02:00,1.4779288903810084e-12
2030,sc01,03-31 05:00:00+02:00,5.030642569181509e-12
2030,sc01,03-31 06:00:00+02:00,-8.810729923425242e-13
2030,sc01,03-31 07:00:00+02:00,-1.6697754290362354e-12
2030,sc01,03-31 08:00:00+02:00,-2.4442670110147446e-12
2030,sc01,03-31 09:00:00+02:00,-3.183231456205249e-12
2030,sc01,03-31 10:00:00+02:00,1.5347723092418164e-11
2030,sc01,03-31 11:00:00+02:00,-2.8705926524708048e-12
2030,sc01,03-31 12:00:00+02:00,-2.0463630789890885e-12
2030,sc01,03-31 13:00:00+02:00,-1.1368683772161603e-12
2030,sc01,03-31 14:00:00+02:00,-2.5011104298755527e-12
2030,sc01,03-31 15:00:00+02:00,-1.5916157281026244e-12
2030,sc01,03-31 16:00:00+02:00,-1.8189894035458565e-12
2030,sc01,03-31 17:00:00+02:00,-3.865352482534945e-12
2030,sc01,03-31 18:00:00+02:00,5.002220859751105e-12
2030,sc01,03-31 19:00:00+02:00,767.0514270708419
2030,sc01,03-31 20:00:00+02:00,1218.0570708832079
2030,sc01,03-31 21:00:00+02:00,1108.8462528916857
2030,sc01,03-31 22:00:00+02:00,692.1286829932184
2030,sc01,03-31 23:00:00+02:00,107.06087454993595
2030,sc01,04-01 00:00:00+02:00,8.498091119690798e-11
2030,sc01,04-01 01:00:00+02:00,5.968558980384842e-13
2030,sc01,04-01 02:00:00+02:00,-7.673861546209082e-13
2030,sc01,04-01 03:00:00+02:00,5.115907697472721e-13
2030,sc01,04-01 04:00:00+02:00,-2.3447910280083306e-12
2030,sc01,04-01 05:00:00+02:00,935.119777874
2030,sc01,04-01 06:00:00+02:00,3372.972926646
2030,sc01,04-01 07:00:00+02:00,4805.940790850001
2030,sc01,04-01 08:00:00+02:00,3445.1375088610002
2030,sc01,04-01 09:00:00+02:00,453.5027309295481
2030,sc01,04-01 10:00:00+02:00,111.05269558335988
2030,sc01,04-01 11:00:00+02:00,137.79572937524733
2030,sc01,04-01 12:00:00+02:00,90.72457184577695
2030,sc01,04-01 13:00:00+02:00,35.06081966582883
2030,sc01,04-01 14:00:00+02:00,20.04268237523297
2030,sc01,04-01 15:00:00+02:00,97.1329764689367
2030,sc01,04-01 16:00:00+02:00,105.0892603395124
2030,sc01,04-01 17:00:00+02:00,188.14234751397066
2030,sc01,04-01 18:00:00+02:00,2183.1233239812927
2030,sc01,04-01 19:00:00+02:00,3670.1019276513075
2030,sc01,04-01 20:00:00+02:00,3270.843553800565
2030,sc01,04-01 21:00:00+02:00,1803.1556232902692
2030,sc01,04-01 22:00:00+02:00,1019.0813521632854
2030,sc01,04-01 23:00:00+02:00,333.5789408432484
2030,sc01,04-02 00:00:00+02:00,26.04952447824732
2030,sc01,04-02 01:00:00+02:00,-1.0516032489249483e-12
2030,sc01,04-02 02:00:00+02:00,-3.197442310920451e-12
2030,sc01,04-02 03:00:00+02:00,1.8474111129762605e-12
2030,sc01,04-02 04:00:00+02:00,9.521272659185342e-13
2030,sc01,04-02 05:00:00+02:00,562.6611838148574
2030,sc01,04-02 06:00:00+02:00,2120.170024016523
2030,sc01,04-02 07:00:00+02:00,3238.6067449762736
2030,sc01,04-02 08:00:00+02:00,1757.4757107920002
2030,sc01,04-02 09:00:00+02:00,313.62689671485884
2030,sc01,04-02 10:00:00+02:00,160.49437037670384
2030,sc01,04-02 11:00:00+02:00,72.07954814150264
2030,sc01,04-02 12:00:00+02:00,2.2908542704733463
2030,sc01,04-02 13:00:00+02:00,7.389644451905042e-12
2030,sc01,04-02 14:00:00+02:00,4.547473508864641e-12
2030,sc01,04-02 15:00:00+02:00,-1.8189894035458565e-12
2030,sc01,04-02 16:00:00+02:00,4.547473508864641e-13
2030,sc01,04-02 17:00:00+02:00,4.547473508864641e-13
2030,sc01,04-02 18:00:00+02:00,188.6895555291957
2030,sc01,04-02 19:00:00+02:00,1553.8496054034206
2030,sc01,04-02 20:00:00+02:00,1784.5687564645923
2030,sc01,04-02 21:00:00+02:00,1358.642093271983
2030,sc01,04-02 22:00:00+02:00,792.0063802017864
2030,sc01,04-02 23:00:00+02:00,155.43895403138615
2030,sc01,04-03 00:00:00+02:00,2.1316282072803006e-12
2030,sc01,04-03 01:00:00+02:00,3.510081114654895e-12
2030,sc01,04-03 02:00:00+02:00,1.4310330698208418e-11
2030,sc01,04-03 03:00:00+02:00,1.3940848475613166e-11
2030,sc01,04-03 04:00:00+02:00,156.2717076714584
2030,sc01,04-03 05:00:00+02:00,1107.0493493542533
2030,sc01,04-03 06:00:00+02:00,3092.526424390519
2030,sc01,04-03 07:00:00+02:00,3879.7349498143335
2030,sc01,04-03 08:00:00+02:00,1544.8055435598922
2030,sc01,04-03 09:00:00+02:00,181.16302727112816
2030,sc01,04-03 10:00:00+02:00,107.15915486981896
2030,sc01,04-03 11:00:00+02:00,101.4190341137953
2030,sc01,04-03 12:00:00+02:00,57.212706293207475
2030,sc01,04-03 13:00:00+02:00,33.66422793814638
2030,sc01,04-03 14:00:00+02:00,15.89005967292644
2030,sc01,04-03 15:00:00+02:00,-6.366462912410498e-12
2030,sc01,04-03 16:00:00+02:00,-1.1368683772161603e-13
2030,sc01,04-03 17:00:00+02:00,-1.7053025658242404e-12
2030,sc01,04-03 18:00:00+02:00,409.873135971079
2030,sc01,04-03 19:00:00+02:00,2913.4792055487565
2030,sc01,04-03 20:00:00+02:00,2804.155450819728
2030,sc01,04-03 21:00:00+02:00,1595.6007352844724
2030,sc01,04-03 22:00:00+02:00,920.8762288838237
2030,sc01,04-03 23:00:00+02:00,310.29991346411566
2030,sc01,04-04 00:00:00+02:00,1.6484591469634324e-12
2030,sc01,04-04 01:00:00+02:00,5.684341886080801e-13
2030,sc01,04-04 02:00:00+02:00,8.327560863108374e-12
2030,sc01,04-04 03:00:00+02:00,-4.35895763928329e-12
2030,sc01,04-04 04:00:00+02:00,304.1744498186701
2030,sc01,04-04 05:00:00+02:00,1197.5769240186353
2030,sc01,04-04 06:00:00+02:00,2824.2555717543864
2030,sc01,04-04 07:00:00+02:00,3220.8357408051424
2030,sc01,04-04 08:00:00+02:00,220.59703846342677
2030,sc01,04-04 09:00:00+02:00,150.5124911810043
2030,sc01,04-04 10:00:00+02:00,130.02827980809457
2030,sc01,04-04 11:00:00+02:00,100.50108812262991
2030,sc01,04-04 12:00:00+02:00,47.243090172580764
2030,sc01,04-04 13:00:00+02:00,25.765840359403114
2030,sc01,04-04 14:00:00+02:00,6.139089236967266e-12
2030,sc01,04-04 15:00:00+02:00,-2.7284841053187847e-12
2030,sc01,04-04 16:00:00+02:00,-1.1368683772161603e-12
2030,sc01,04-04 17:00:00+02:00,-1.4779288903810084e-12
2030,sc01,04-04 18:00:00+02:00,284.0885432395147
2030,sc01,04-04 19:00:00+02:00,1900.594995345977
2030,sc01,04-04 20:00:00+02:00,1997.5593767450832
2030,sc01,04-04 21:00:00+02:00,1450.633037268301
2030,sc01,04-04 22:00:00+02:00,781.4718980087631
2030,sc01,04-04 23:00:00+02:00,173.24254195954887
2030,sc01,04-05 00:00:00+02:00,8.810729923425242e-13
2030,sc01,04-05 01:00:00+02:00,-3.666400516522117e-12
2030,sc01,04-05 02:00:00+02:00,-1.9895196601282805e-12
2030,sc01,04-05 03:00:00+02:00,-2.1387336346379016e-12
2030,sc01,04-05 04:00:00+02:00,180.59001157905533
2030,sc01,04-05 05:00:00+02:00,1107.262982981291
2030,sc01,04-05 06:00:00+02:00,2898.4565495146985
2030,sc01,04-05 07:00:00+02:00,4223.954846636169
2030,sc01,04-05 08:00:00+02:00,3031.4775294638457
2030,sc01,04-05 09:00:00+02:00,266.52260243818387
2030,sc01,04-05 10:00:00+02:00,161.48858027082798
2030,sc01,04-05 11:00:00+02:00,113.24953246221554
2030,sc01,04-05 12:00:00+02:00,97.47097311188952
2030,sc01,04-05 13:00:00+02:00,64.69168253457178
2030,sc01,04-05 14:00:00+02:00,39.32984435040396
2030,sc01,04-05 15:00:00+02:00,-4.547473508864641e-13
2030,sc01,04-05 16:00:00+02:00,-5.4569682106375694e-12
2030,sc01,04-05 17:00:00+02:00,-2.9558577807620168e-12
2030,sc01,04-05 18:00:00+02:00,1086.974077031153
2030,sc01,04-05 19:00:00+02:00,2751.108038138529
2030,sc01,04-05 20:00:00+02:00,2508.9838216887238
2030,sc01,04-05 21:00:00+02:00,1900.420901614082
2030,sc01,04-05 22:00:00+02:00,1298.0113376127622
2030,sc01,04-05 23:00:00+02:00,751.7536991948509
2030,sc01,04-06 00:00:00+02:00,376.6057544604545
2030,sc01,04-06 01:00:00+02:00,147.76431949051613
2030,sc01,04-06 02:00:00+02:00,1.6200374375330284e-12
2030,sc01,04-06 03:00:00+02:00,-7.8017592386459e-12
2030,sc01,04-06 04:00:00+02:00,-1.4495071809506044e-12
2030,sc01,04-06 05:00:00+02:00,91.66621613673392
2030,sc01,04-06 06:00:00+02:00,341.6728031401078
2030,sc01,04-06 07:00:00+02:00,561.274434611467
2030,sc01,04-06 08:00:00+02:00,69.10735064949279
2030,sc01,04-06 09:00:00+02:00,-1.0231815394945443e-12
2030,sc01,04-06 10:00:00+02:00,-3.183231456205249e-12
2030,sc01,04-06 11:00:00+02:00,-2.2737367544323206e-12
2030,sc01,04-06 12:00:00+02:00,9.094947017729282e-13
2030,sc01,04-06 13:00:00+02:00,-1.1368683772161603e-12
2030,sc01,04-06 14:00:00+02:00,-9.094947017729282e-13
2030,sc01,04-06 15:00:00+02:00,-1.8189894035458565e-12
2030,sc01,04-06 16:00:00+02:00,-9.094947017729282e-13
2030,sc01,04-06 17:00:00+02:00,-1.8189894035458565e-12
2030,sc01,04-06 18:00:00+02:00,-5.4569682106375694e-12
2030,sc01,04-06 19:00:00+02:00,1172.9453582737908
2030,sc01,04-06 20:00:00+02:00,1667.3021696846884
2030,sc01,04-06 21:00:00+02:00,1476.425850847972
2030,sc01,04-06 22:00:00+02:00,1034.3433032688786
2030,sc01,04-06 23:00:00+02:00,534.7068989414333
2030,sc01,04-07 00:00:00+02:00,136.24536670463286
2030,sc01,04-07 01:00:00+02:00,-1.5219825399981346e-11
2030,sc01,04-07 02:00:00+02:00,3.666400516522117e-12
2030,sc01,04-07 03:00:00+02:00,-1.7905676941154525e-12
2030,sc01,04-07 04:00:00+02:00,4.973799150320701e-13
2030,sc01,04-07 05:00:00+02:00,1.0516032489249483e-12
2030,sc01,04-07 06:00:00+02:00,2.7000623958883807e-13
2030,sc01,04-07 07:00:00+02:00,-6.181721801112872e-13
2030,sc01,04-07 08:00:00+02:00,-5.684341886080801e-13
2030,sc01,04-07 09:00:00+02:00,6.139089236967266e-12
2030,sc01,04-07 10:00:00+02:00,-1.7621459846850485e-12
2030,sc01,04-07 11:00:00+02:00,3.296918293926865e-12
2030,sc01,04-07 12:00:00+02:00,-3.865352482534945e-12
2030,sc01,04-07 13:00:00+02:00,-2.5011104298755527e-12
2030,sc01,04-07 14:00:00+02:00,-9.094947017729282e-13
2030,sc01,04-07 15:00:00+02:00,-1.8189894035458565e-12
2030,sc01,04-07 16:00:00+02:00,-1.8189894035458565e-12
2030,sc01,04-07 17:00:00+02:00,-4.376943252282217e-12
2030,sc01,04-07 18:00:00+02:00,1256.6793440309998
2030,sc01,04-07 19:00:00+02:00,2518.121597037
2030,sc01,04-07 20:00:00+02:00,2227.752538845
2030,sc01,04-07 21:00:00+02:00,1569.5506462749997
2030,sc01,04-07 22:00:00+02:00,1042.2321062260805
2030,sc01,04-07 23:00:00+02:00,330.83798268587555
2030,sc01,04-08 00:00:00+02:00,45.745040160276915
2030,sc01,04-08 01:00:00+02:00,-6.181721801112872e-12
2030,sc01,04-08 02:00:00+02:00,2.2453150450019166e-12
2030,sc01,04-08 03:00:00+02:00,-4.447997525858227e-12
2030,sc01,04-08 04:00:00+02:00,84.80996387133308
2030,sc01,04-08 05:00:00+02:00,2639.24725834
2030,sc01,04-08 06:00:00+02:00,4929.088188265
2030,sc01,04-08 07:00:00+02:00,5970.39242417
2030,sc01,04-08 08:00:00+02:00,4040.688168802
2030,sc01,04-08 09:00:00+02:00,1753.2062743055003
2030,sc01,04-08 10:00:00+02:00,859.6551877195284
2030,sc01,04-08 11:00:00+02:00,411.8623765662958
2030,sc01,04-08 12:00:00+02:00,231.13941360076092
2030,sc01,04-08 13:00:00+02:00,172.05915046697305
2030,sc01,04-08 14:00:00+02:00,124.42407094042983
2030,sc01,04-08 15:00:00+02:00,75.0096766564676
2030,sc01,04-08 16:00:00+02:00,68.03885995525718
2030,sc01,04-08 17:00:00+02:00,90.47215192626174
2030,sc01,04-08 18:00:00+02:00,1749.293299591698
2030,sc01,04-08 19:00:00+02:00,4161.296863799186
2030,sc01,04-08 20:00:00+02:00,4093.287141243825
2030,sc01,04-08 21:00:00+02:00,2932.9637654643043
2030,sc01,04-08 22:00:00+02:00,1651.5357390430904
2030,sc01,04-08 23:00:00+02:00,1010.659095226879
2030,sc01,04-09 00:00:00+02:00,584.2961771878665
2030,sc01,04-09 01:00:00+02:00,308.4291920735638
2030,sc01,04-09 02:00:00+02:00,149.15306809755128
2030,sc01,04-09 03:00:00+02:00,129.31978457388925
2030,sc01,04-09 04:00:00+02:00,378.5865247258196
2030,sc01,04-09 05:00:00+02:00,1752.141485008554
2030,sc01,04-09 06:00:00+02:00,5203.016960949947
2030,sc01,04-09 07:00:00+02:00,5268.909329311069
2030,sc01,04-09 08:00:00+02:00,2461.668009014542
2030,sc01,04-09 09:00:00+02:00,1101.0173111382824
2030,sc01,04-09 10:00:00+02:00,128.77445733906444
2030,sc01,04-09 11:00:00+02:00,100.16851751292235
2030,sc01,04-09 12:00:00+02:00,45.486067668660354
2030,sc01,04-09 13:00:00+02:00,1.1368683772161603e-12
2030,sc01,04-09 14:00:00+02:00,-9.094947017729282e-13
2030,sc01,04-09 15:00:00+02:00,1.3642420526593924e-12
2030,sc01,04-09 16:00:00+02:00,-6.366462912410498e-12
2030,sc01,04-09 17:00:00+02:00,299.3379471531125
2030,sc01,04-09 18:00:00+02:00,1659.8673129018612
2030,sc01,04-09 19:00:00+02:00,4770.212280752983
2030,sc01,04-09 20:00:00+02:00,4863.782695275505
2030,sc01,04-09 21:00:00+02:00,3713.348821960603
2030,sc01,04-09 22:00:00+02:00,2573.222242353959
2030,sc01,04-09 23:00:00+02:00,665.6853200418522
2030,sc01,04-10 00:00:00+02:00,400.8587613373817
2030,sc01,04-10 01:00:00+02:00,193.1504803633615
2030,sc01,04-10 02:00:00+02:00,61.5148443426833
2030,sc01,04-10 03:00:00+02:00,44.237976554187874
2030,sc01,04-10 04:00:00+02:00,355.5168352274351
2030,sc01,04-10 05:00:00+02:00,2367.546172657553
2030,sc01,04-10 06:00:00+02:00,4635.742980625
2030,sc01,04-10 07:00:00+02:00,6803.655684595001
2030,sc01,04-10 08:00:00+02:00,3838.4293460999706
2030,sc01,04-10 09:00:00+02:00,2367.2385974611734
2030,sc01,04-10 10:00:00+02:00,2049.439747206189
2030,sc01,04-10 11:00:00+02:00,1718.8092000418906
2030,sc01,04-10 12:00:00+02:00,1266.29986028153
2030,sc01,04-10 13:00:00+02:00,848.0829424957508
2030,sc01,04-10 14:00:00+02:00,584.0706377640403
2030,sc01,04-10 15:00:00+02:00,526.3153501931853
2030,sc01,04-10 16:00:00+02:00,662.7513172235945
2030,sc01,04-10 17:00:00+02:00,1025.0275111825345
2030,sc01,04-10 18:00:00+02:00,2620.854395565879
2030,sc01,04-10 19:00:00+02:00,5693.2010580596225
2030,sc01,04-10 20:00:00+02:00,5848.801534628451
2030,sc01,04-10 21:00:00+02:00,4640.388298836844
2030,sc01,04-10 22:00:00+02:00,3362.223453260645
2030,sc01,04-10 23:00:00+02:00,2032.006502159411
2030,sc01,04-11 00:00:00+02:00,1419.093509582024
2030,sc01,04-11 01:00:00+02:00,1236.6723428138127
2030,sc01,04-11 02:00:00+02:00,154.4092381163132
2030,sc01,04-11 03:00:00+02:00,220.10436576547406
2030,sc01,04-11 04:00:00+02:00,2821.9777088103588
2030,sc01,04-11 05:00:00+02:00,5072.3676669711
2030,sc01,04-11 06:00:00+02:00,7180.090135279
2030,sc01,04-11 07:00:00+02:00,7997.600993377
2030,sc01,04-11 08:00:00+02:00,4707.489968356879
2030,sc01,04-11 09:00:00+02:00,3596.7493098441582
2030,sc01,04-11 10:00:00+02:00,2808.8285557640393
2030,sc01,04-11 11:00:00+02:00,2668.692740470655
2030,sc01,04-11 12:00:00+02:00,2168.931403874306
2030,sc01,04-11 13:00:00+02:00,1750.2183551527692
2030,sc01,04-11 14:00:00+02:00,1466.377212150176
2030,sc01,04-11 15:00:00+02:00,1269.8087855212905
2030,sc01,04-11 16:00:00+02:00,1468.985687383653
2030,sc01,04-11 17:00:00+02:00,1884.172859766593
2030,sc01,04-11 18:00:00+02:00,2958.5620720844154
2030,sc01,04-11 19:00:00+02:00,8005.243938815655
2030,sc01,04-11 20:00:00+02:00,7907.781443787187
2030,sc01,04-11 21:00:00+02:00,6794.462913399376
2030,sc01,04-11 22:00:00+02:00,5370.335662297141
2030,sc01,04-11 23:00:00+02:00,2644.9375847288957
2030,sc01,04-12 00:00:00+02:00,1800.1340458980328
2030,sc01,04-12 01:00:00+02:00,1916.6482457851234
2030,sc01,04-12 02:00:00+02:00,1.1368683772161603e-13
2030,sc01,04-12 03:00:00+02:00,366.55717517416184
2030,sc01,04-12 04:00:00+02:00,1629.6795287189493
2030,sc01,04-12 05:00:00+02:00,3896.1112851287685
2030,sc01,04-12 06:00:00+02:00,8463.516512709744
2030,sc01,04-12 07:00:00+02:00,8580.979062467
2030,sc01,04-12 08:00:00+02:00,5102.224524428184
2030,sc01,04-12 09:00:00+02:00,3880.28437262853
2030,sc01,04-12 10:00:00+02:00,3676.087563347568
2030,sc01,04-12 11:00:00+02:00,3421.936443527187
2030,sc01,04-12 12:00:00+02:00,2846.7339457948538
2030,sc01,04-12 13:00:00+02:00,2213.565968198427
2030,sc01,04-12 14:00:00+02:00,1924.0785441332773
2030,sc01,04-12 15:00:00+02:00,1704.8934920381175
2030,sc01,04-12 16:00:00+02:00,1697.0009475997877
2030,sc01,04-12 17:00:00+02:00,1913.1928578504464
2030,sc01,04-12 18:00:00+02:00,2867.0938808112123
2030,sc01,04-12 19:00:00+02:00,5217.129718692892
2030,sc01,04-12 20:00:00+02:00,5833.198080208716
2030,sc01,04-12 21:00:00+02:00,4857.26037782835
2030,sc01,04-12 22:00:00+02:00,3695.091984515937
2030,sc01,04-12 23:00:00+02:00,2663.764800212455
2030,sc01,04-13 00:00:00+02:00,1967.572143865634
2030,sc01,04-13 01:00:00+02:00,-1.8758328224066645e-12
2030,sc01,04-13 02:00:00+02:00,1.1368683772161603e-13
2030,sc01,04-13 03:00:00+02:00,7.389644451905042e-13
2030,sc01,04-13 04:00:00+02:00,5.115907697472721e-13
2030,sc01,04-13 05:00:00+02:00,54.44880269704257
2030,sc01,04-13 06:00:00+02:00,3368.209870693106
2030,sc01,04-13 07:00:00+02:00,2985.681091780682
2030,sc01,04-13 08:00:00+02:00,702.4970538654859
2030,sc01,04-13 09:00:00+02:00,1873.3988767913245
2030,sc01,04-13 10:00:00+02:00,1619.1306985863791
2030,sc01,04-13 11:00:00+02:00,1222.4013642821646
2030,sc01,04-13 12:00:00+02:00,826.2271634290784
2030,sc01,04-13 13:00:00+02:00,426.9195244907211
2030,sc01,04-13 14:00:00+02:00,179.74304172871393
2030,sc01,04-13 15:00:00+02:00,-1.1368683772161603e-12
2030,sc01,04-13 16:00:00+02:00,214.32529944058535
2030,sc01,04-13 17:00:00+02:00,721.0367265964321
2030,sc01,04-13 18:00:00+02:00,1676.9185787624483
2030,sc01,04-13 19:00:00+02:00,4030.3584024639877
2030,sc01,04-13 20:00:00+02:00,4548.99014919959
2030,sc01,04-13 21:00:00+02:00,3897.872396641116
2030,sc01,04-13 22:00:00+02:00,3119.7800805447555
2030,sc01,04-13 23:00:00+02:00,534.6861489990586
2030,sc01,04-14 00:00:00+02:00,2.5579538487363607e-12
2030,sc01,04-14 01:00:00+02:00,0.0
2030,sc01,04-14 02:00:00+02:00,2.1316282072803006e-12
2030,sc01,04-14 03:00:00+02:00,-1.0231815394945443e-12
2030,sc01,04-14 04:00:00+02:00,1.0800249583553523e-12
2030,sc01,04-14 05:00:00+02:00,-1.6200374375330284e-12
2030,sc01,04-14 06:00:00+02:00,3.517186542012496e-13
2030,sc01,04-14 07:00:00+02:00,-8.526512829121202e-13
2030,sc01,04-14 08:00:00+02:00,-1.8189894035458565e-12
2030,sc01,04-14 09:00:00+02:00,-1.3642420526593924e-12
2030,sc01,04-14 10:00:00+02:00,-4.547473508864641e-13
2030,sc01,04-14 11:00:00+02:00,-4.547473508864641e-13
2030,sc01,04-14 12:00:00+02:00,-1.9610979506978765e-12
2030,sc01,04-14 13:00:00+02:00,-2.2737367544323206e-12
2030,sc01,04-14 14:00:00+02:00,-1.3642420526593924e-12
2030,sc01,04-14 15:00:00+02:00,-2.5579538487363607e-12
2030,sc01,04-14 16:00:00+02:00,2.7284841053187847e-12
2030,sc01,04-14 17:00:00+02:00,-1.5916157281026244e-12
2030,sc01,04-14 18:00:00+02:00,1110.3618401992069
2030,sc01,04-14 19:00:00+02:00,3724.445094020754
2030,sc01,04-14 20:00:00+02:00,4445.229374510232
2030,sc01,04-14 21:00:00+02:00,4015.712505136516
2030,sc01,04-14 22:00:00+02:00,3032.3806659406223
2030,sc01,04-14 23:00:00+02:00,2178.8226742236398
2030,sc01,04-15 00:00:00+02:00,1926.2752576085277
2030,sc01,04-15 01:00:00+02:00,8.952838470577262e-13
2030,sc01,04-15 02:00:00+02:00,1.0871303857129533e-12
2030,sc01,04-15 03:00:00+02:00,1.5702994460298214e-12
2030,sc01,04-15 04:00:00+02:00,15.886278531564393
2030,sc01,04-15 05:00:00+02:00,1728.118236957023
2030,sc01,04-15 06:00:00+02:00,4184.10921965117
2030,sc01,04-15 07:00:00+02:00,4779.082369864
2030,sc01,04-15 08:00:00+02:00,1485.7610815241433
2030,sc01,04-15 09:00:00+02:00,118.16650990613036
2030,sc01,04-15 10:00:00+02:00,87.30743024160857
2030,sc01,04-15 11:00:00+02:00,71.90920205362183
2030,sc01,04-15 12:00:00+02:00,42.73692454494662
2030,sc01,04-15 13:00:00+02:00,-3.410605131648481e-12
2030,sc01,04-15 14:00:00+02:00,-2.0463630789890885e-12
2030,sc01,04-15 15:00:00+02:00,-1.3642420526593924e-12
2030,sc01,04-15 16:00:00+02:00,-1.3642420526593924e-12
2030,sc01,04-15 17:00:00+02:00,-6.934897101018578e-12
2030,sc01,04-15 18:00:00+02:00,1772.2363323798238
2030,sc01,04-15 19:00:00+02:00,4583.5875785044445
2030,sc01,04-15 20:00:00+02:00,4727.989915861888
2030,sc01,04-15 21:00:00+02:00,3498.89130618263
2030,sc01,04-15 22:00:00+02:00,2419.739206975705
2030,sc01,04-15 23:00:00+02:00,1390.1845172729766
2030,sc01,04-16 00:00:00+02:00,156.2027009827732
2030,sc01,04-16 01:00:00+02:00,9.443112958251731e-12
2030,sc01,04-16 02:00:00+02:00,-4.462208380573429e-12
2030,sc01,04-16 03:00:00+02:00,39.3568445617438
2030,sc01,04-16 04:00:00+02:00,354.67166280592164
2030,sc01,04-16 05:00:00+02:00,2024.6629904543518
2030,sc01,04-16 06:00:00+02:00,4192.244738404999
2030,sc01,04-16 07:00:00+02:00,4568.811443248999
2030,sc01,04-16 08:00:00+02:00,1853.7238688445434
2030,sc01,04-16 09:00:00+02:00,918.8825960654121
2030,sc01,04-16 10:00:00+02:00,415.30992529861794
2030,sc01,04-16 11:00:00+02:00,243.7870368020283
2030,sc01,04-16 12:00:00+02:00,190.2147228157428
2030,sc01,04-16 13:00:00+02:00,138.0058482095572
2030,sc01,04-16 14:00:00+02:00,289.8996768481135
2030,sc01,04-16 15:00:00+02:00,250.76195436108628
2030,sc01,04-16 16:00:00+02:00,2239.0559936605077
2030,sc01,04-16 17:00:00+02:00,2680.7791773828794
2030,sc01,04-16 18:00:00+02:00,3645.188038660301
2030,sc01,04-16 19:00:00+02:00,5620.8095568265
2030,sc01,04-16 20:00:00+02:00,5585.694013447093
2030,sc01,04-16 21:00:00+02:00,4339.615182557434
2030,sc01,04-16 22:00:00+02:00,2461.0966211474934
2030,sc01,04-16 23:00:00+02:00,1288.9788315671121
2030,sc01,04-17 00:00:00+02:00,3.410605131648481e-13
2030,sc01,04-17 01:00:00+02:00,-2.2737367544323206e-13
2030,sc01,04-17 02:00:00+02:00,-7.389644451905042e-13
2030,sc01,04-17 03:00:00+02:00,5.684341886080801e-13
2030,sc01,04-17 04:00:00+02:00,-5.684341886080802e-14
2030,sc01,04-17 05:00:00+02:00,755.4600055355465
2030,sc01,04-17 06:00:00+02:00,3651.1326140610004
2030,sc01,04-17 07:00:00+02:00,4641.365858769
2030,sc01,04-17 08:00:00+02:00,3234.956118462
2030,sc01,04-17 09:00:00+02:00,3680.883924055177
2030,sc01,04-17 10:00:00+02:00,2190.2426357239633
2030,sc01,04-17 11:00:00+02:00,1467.5223616148667
2030,sc01,04-17 12:00:00+02:00,1180.0383633892304
2030,sc01,04-17 13:00:00+02:00,941.8529874605965
2030,sc01,04-17 14:00:00+02:00,296.65295507551446
2030,sc01,04-17 15:00:00+02:00,228.350756534663
2030,sc01,04-17 16:00:00+02:00,2099.783541655421
2030,sc01,04-17 17:00:00+02:00,3966.224295552968
2030,sc01,04-17 18:00:00+02:00,5788.240444873713
2030,sc01,04-17 19:00:00+02:00,6500.975871411184
2030,sc01,04-17 20:00:00+02:00,5699.863758585999
2030,sc01,04-17 21:00:00+02:00,1976.0892226001388
2030,sc01,04-17 22:00:00+02:00,1250.384439350074
2030,sc01,04-17 23:00:00+02:00,604.8054481122758
2030,sc01,04-18 00:00:00+02:00,150.1058893653925
2030,sc01,04-18 01:00:00+02:00,8.142819751810748e-12
2030,sc01,04-18 02:00:00+02:00,1.0516032489249483e-12
2030,sc01,04-18 03:00:00+02:00,-2.7853275241795927e-12
2030,sc01,04-18 04:00:00+02:00,28.759531177530576
2030,sc01,04-18 05:00:00+02:00,1808.7859478149994
2030,sc01,04-18 06:00:00+02:00,3693.7406304549995
2030,sc01,04-18 07:00:00+02:00,4456.590692519
2030,sc01,04-18 08:00:00+02:00,2630.3405397419997
2030,sc01,04-18 09:00:00+02:00,984.0408033946081
2030,sc01,04-18 10:00:00+02:00,279.4516823031958
2030,sc01,04-18 11:00:00+02:00,179.1599127377326
2030,sc01,04-18 12:00:00+02:00,70.61787945073695
2030,sc01,04-18 13:00:00+02:00,5.4569682106375694e-12
2030,sc01,04-18 14:00:00+02:00,-1.4495071809506044e-12
2030,sc01,04-18 15:00:00+02:00,-2.1316282072803006e-12
2030,sc01,04-18 16:00:00+02:00,-2.6147972675971687e-12
2030,sc01,04-18 17:00:00+02:00,-7.389644451905042e-13
2030,sc01,04-18 18:00:00+02:00,748.1303301613434
2030,sc01,04-18 19:00:00+02:00,2228.2451771438095
2030,sc01,04-18 20:00:00+02:00,1926.488242518634
2030,sc01,04-18 21:00:00+02:00,1368.1903634297187
2030,sc01,04-18 22:00:00+02:00,804.0205298721498
2030,sc01,04-18 23:00:00+02:00,247.38230303100121
2030,sc01,04-19 00:00:00+02:00,6.66489086142974e-12
2030,sc01,04-19 01:00:00+02:00,5.684341886080801e-13
2030,sc01,04-19 02:00:00+02:00,2.4087398742267396e-12
2030,sc01,04-19 03:00:00+02:00,3.055333763768431e-13
2030,sc01,04-19 04:00:00+02:00,2.4868995751603507e-13
2030,sc01,04-19 05:00:00+02:00,-5.115907697472721e-13
2030,sc01,04-19 06:00:00+02:00,733.5712398990005
2030,sc01,04-19 07:00:00+02:00,1342.6538207190001
2030,sc01,04-19 08:00:00+02:00,1239.1742504279996
2030,sc01,04-19 09:00:00+02:00,15.743406202364213
2030,sc01,04-19 10:00:00+02:00,28.68834538279816
2030,sc01,04-19 11:00:00+02:00,-4.774847184307873e-12
2030,sc01,04-19 12:00:00+02:00,-2.0463630789890885e-12
2030,sc01,04-19 13:00:00+02:00,-9.094947017729282e-13
2030,sc01,04-19 14:00:00+02:00,-4.547473508864641e-13
2030,sc01,04-19 15:00:00+02:00,-2.4158453015843406e-13
2030,sc01,04-19 16:00:00+02:00,-4.263256414560601e-13
2030,sc01,04-19 17:00:00+02:00,-4.547473508864641e-13
2030,sc01,04-19 18:00:00+02:00,-9.663381206337363e-13
2030,sc01,04-19 19:00:00+02:00,2093.5311644199073
2030,sc01,04-19 20:00:00+02:00,2300.7238054339946
2030,sc01,04-19 21:00:00+02:00,1546.948161088579
2030,sc01,04-19 22:00:00+02:00,862.7086736209137
2030,sc01,04-19 23:00:00+02:00,289.6742673363391
2030,sc01,04-20 00:00:00+02:00,1.2732925824820995e-11
2030,sc01,04-20 01:00:00+02:00,7.105427357601002e-13
2030,sc01,04-20 02:00:00+02:00,1.1795009413617663e-12
2030,sc01,04-20 03:00:00+02:00,-3.979039320256561e-13
2030,sc01,04-20 04:00:00+02:00,5.471179065352771e-13
2030,sc01,04-20 05:00:00+02:00,5.613287612504791e-13
2030,sc01,04-20 06:00:00+02:00,-2.984279490192421e-13
2030,sc01,04-20 07:00:00+02:00,-1.2718714970105793e-12
2030,sc01,04-20 08:00:00+02:00,2.2737367544323206e-13
2030,sc01,04-20 09:00:00+02:00,1.1368683772161603e-13
2030,sc01,04-20 10:00:00+02:00,-1.7053025658242404e-12
2030,sc01,04-20 11:00:00+02:00,-1.2505552149377763e-12
2030,sc01,04-20 12:00:00+02:00,-9.094947017729282e-13
2030,sc01,04-20 13:00:00+02:00,-1.3642420526593924e-12
2030,sc01,04-20 14:00:00+02:00,1.3642420526593924e-12
2030,sc01,04-20 15:00:00+02:00,-4.504840944719035e-12
2030,sc01,04-20 16:00:00+02:00,-1.7053025658242404e-12
2030,sc01,04-20 17:00:00+02:00,-2.0463630789890885e-12
2030,sc01,04-20 18:00:00+02:00,-2.7284841053187847e-12
2030,sc01,04-20 19:00:00+02:00,299.64331221526203
2030,sc01,04-20 20:00:00+02:00,974.2217249925486
2030,sc01,04-20 21:00:00+02:00,705.8114831851109
2030,sc01,04-20 22:00:00+02:00,296.74119021022864
2030,sc01,04-20 23:00:00+02:00,1.3216094885137863e-12
2030,sc01,04-21 00:00:00+02:00,-4.973799150320701e-13
2030,sc01,04-21 01:00:00+02:00,-2.6290081223123707e-12
2030,sc01,04-21 02:00:00+02:00,2.3447910280083306e-13
2030,sc01,04-21 03:00:00+02:00,-2.6290081223123707e-12
2030,sc01,04-21 04:00:00+02:00,-2.41229258790554e-12
2030,sc01,04-21 05:00:00+02:00,-2.3376856006507296e-12
2030,sc01,04-21 06:00:00+02:00,-2.5508484213787597e-12
2030,sc01,04-21 07:00:00+02:00,-7.389644451905042e-13
2030,sc01,04-21 08:00:00+02:00,-1.1368683772161603e-13
2030,sc01,04-21 09:00:00+02:00,-2.5721647034515627e-12
2030,sc01,04-21 10:00:00+02:00,1.1368683772161603e-13
2030,sc01,04-21 11:00:00+02:00,-2.62501131942372e-12
2030,sc01,04-21 12:00:00+02:00,-1.6484591469634324e-12
2030,sc01,04-21 13:00:00+02:00,-1.9326762412674725e-12
2030,sc01,04-21 14:00:00+02:00,-4.689582056016661e-13
2030,sc01,04-21 15:00:00+02:00,-1.0800249583553523e-12
2030,sc01,04-21 16:00:00+02:00,-1.3642420526593924e-12
2030,sc01,04-21 17:00:00+02:00,-2.4442670110147446e-12
2030,sc01,04-21 18:00:00+02:00,-1.8758328224066645e-12
2030,sc01,04-21 19:00:00+02:00,2.611244553918368e-12
2030,sc01,04-21 20:00:00+02:00,393.2652310073591
2030,sc01,04-21 21:00:00+02:00,290.2070673215731
2030,sc01,04-21 22:00:00+02:00,3.467448550509289e-12
2030,sc01,04-21 23:00:00+02:00,-4.831690603168681e-13
2030,sc01,04-22 00:00:00+02:00,-2.8137492336099967e-12
2030,sc01,04-22 01:00:00+02:00,-2.877698079828406e-13
2030,sc01,04-22 02:00:00+02:00,-7.815970093361102e-13
2030,sc01,04-22 03:00:00+02:00,-1.2647660696529783e-12
2030,sc01,04-22 04:00:00+02:00,-4.668265773943858e-12
2030,sc01,04-22 05:00:00+02:00,-1.3642420526593924e-12
2030,sc01,04-22 06:00:00+02:00,-3.183231456205249e-12
2030,sc01,04-22 07:00:00+02:00,-1.0018652574217413e-12
2030,sc01,04-22 08:00:00+02:00,-7.958078640513122e-13
2030,sc01,04-22 09:00:00+02:00,-1.0231815394945443e-12
2030,sc01,04-22 10:00:00+02:00,-9.094947017729282e-13
2030,sc01,04-22 11:00:00+02:00,-1.5916157281026244e-12
2030,sc01,04-22 12:00:00+02:00,-2.2737367544323206e-13
2030,sc01,04-22 13:00:00+02:00,-2.8421709430404007e-13
2030,sc01,04-22 14:00:00+02:00,-1.0800249583553523e-12
2030,sc01,04-22 15:00:00+02:00,-1.5063505998114124e-12
2030,sc01,04-22 16:00:00+02:00,0.0
2030,sc01,04-22 17:00:00+02:00,2.5011104298755527e-12
2030,sc01,04-22 18:00:00+02:00,-1.4779288903810084e-12
2030,sc01,04-22 19:00:00+02:00,3.694822225952521e-12
2030,sc01,04-22 20:00:00+02:00,-1.1809220268332865e-11
2030,sc01,04-22 21:00:00+02:00,4.689582056016661e-12
2030,sc01,04-22 22:00:00+02:00,2.4726887204451486e-12
2030,sc01,04-22 23:00:00+02:00,2.540190280342358e-12
2030,sc01,04-23 00:00:00+02:00,2.6147972675971687e-12
2030,sc01,04-23 01:00:00+02:00,5.201172825763933e-12
2030,sc01,04-23 02:00:00+02:00,3.247180302423658e-12
2030,sc01,04-23 03:00:00+02:00,1.6200374375330284e-12
2030,sc01,04-23 04:00:00+02:00,6.252776074688882e-13
2030,sc01,04-23 05:00:00+02:00,-1.2789769243681803e-12
2030,sc01,04-23 06:00:00+02:00,-4.973799150320701e-12
2030,sc01,04-23 07:00:00+02:00,157.75285662119205
2030,sc01,04-23 08:00:00+02:00,140.77954975816132
2030,sc01,04-23 09:00:00+02:00,30.362542217109706
2030,sc01,04-23 10:00:00+02:00,12.126083065660339
2030,sc01,04-23 11:00:00+02:00,3.553071320370222
2030,sc01,04-23 12:00:00+02:00,1.1823431123048067e-11
2030,sc01,04-23 13:00:00+02:00,51.25280954513477
2030,sc01,04-23 14:00:00+02:00,18.613301093150085
2030,sc01,04-23 15:00:00+02:00,8.185452315956354e-12
2030,sc01,04-23 16:00:00+02:00,-1.1368683772161603e-12
2030,sc01,04-23 17:00:00+02:00,-2.6147972675971687e-12
2030,sc01,04-23 18:00:00+02:00,1.0231815394945443e-12
2030,sc01,04-23 19:00:00+02:00,580.802842603245
2030,sc01,04-23 20:00:00+02:00,1335.2221520763126
2030,sc01,04-23 21:00:00+02:00,1044.6075213073852
2030,sc01,04-23 22:00:00+02:00,480.76459225517476
2030,sc01,04-23 23:00:00+02:00,21.623990494827723
2030,sc01,04-24 00:00:00+02:00,1.3358203432289883e-12
2030,sc01,04-24 01:00:00+02:00,2.3447910280083306e-12
2030,sc01,04-24 02:00:00+02:00,3.0411229090532288e-12
2030,sc01,04-24 03:00:00+02:00,4.092726157978177e-12
2030,sc01,04-24 04:00:00+02:00,-2.1316282072803006e-13
2030,sc01,04-24 05:00:00+02:00,1.6768808563938364e-12
2030,sc01,04-24 06:00:00+02:00,237.99635939160473
2030,sc01,04-24 07:00:00+02:00,270.2913719683187
2030,sc01,04-24 08:00:00+02:00,99.21741012517475
2030,sc01,04-24 09:00:00+02:00,56.04006506831172
2030,sc01,04-24 10:00:00+02:00,174.67493076017183
2030,sc01,04-24 11:00:00+02:00,162.89134647164957
2030,sc01,04-24 12:00:00+02:00,133.9552750195047
2030,sc01,04-24 13:00:00+02:00,88.66121299955398
2030,sc01,04-24 14:00:00+02:00,35.624676963512286
2030,sc01,04-24 15:00:00+02:00,29.558146162617845
2030,sc01,04-24 16:00:00+02:00,25.397251765281
2030,sc01,04-24 17:00:00+02:00,26.799208213564782
2030,sc01,04-24 18:00:00+02:00,321.9632523266547
2030,sc01,04-24 19:00:00+02:00,1422.0652987268925
2030,sc01,04-24 20:00:00+02:00,1518.332681679681
2030,sc01,04-24 21:00:00+02:00,1035.4723453911506
2030,sc01,04-24 22:00:00+02:00,460.57182775318336
2030,sc01,04-24 23:00:00+02:00,1.0103917702508625e-11
2030,sc01,04-25 00:00:00+02:00,3.0055957722652238e-12
2030,sc01,04-25 01:00:00+02:00,1.2505552149377763e-12
2030,sc01,04-25 02:00:00+02:00,-5.304201522449148e-12
2030,sc01,04-25 03:00:00+02:00,-2.7702284910446906e-12
2030,sc01,04-25 04:00:00+02:00,-1.2150280781497713e-12
2030,sc01,04-25 05:00:00+02:00,5.9259264162392356e-12
2030,sc01,04-25 06:00:00+02:00,215.57502619156682
2030,sc01,04-25 07:00:00+02:00,227.8411101330933
2030,sc01,04-25 08:00:00+02:00,183.01277228190753
2030,sc01,04-25 09:00:00+02:00,93.71914402515574
2030,sc01,04-25 10:00:00+02:00,74.13053912365285
2030,sc01,04-25 11:00:00+02:00,72.76954204625781
2030,sc01,04-25 12:00:00+02:00,69.02120029737227
2030,sc01,04-25 13:00:00+02:00,57.26036373482714
2030,sc01,04-25 14:00:00+02:00,19.281435829669817
2030,sc01,04-25 15:00:00+02:00,2.0463630789890885e-12
2030,sc01,04-25 16:00:00+02:00,130.6168343815532
2030,sc01,04-25 17:00:00+02:00,68.52847895779655
2030,sc01,04-25 18:00:00+02:00,45.6497426893053
2030,sc01,04-25 19:00:00+02:00,667.1887716010449
2030,sc01,04-25 20:00:00+02:00,1580.2750189013618
2030,sc01,04-25 21:00:00+02:00,1219.082956104753
2030,sc01,04-25 22:00:00+02:00,608.4146809298754
2030,sc01,04-25 23:00:00+02:00,117.75244300513197
2030,sc01,04-26 00:00:00+02:00,-4.121147867408581e-13
2030,sc01,04-26 01:00:00+02:00,3.552713678800501e-13
2030,sc01,04-26 02:00:00+02:00,1.2931877790833823e-12
2030,sc01,04-26 03:00:00+02:00,-3.552713678800501e-13
2030,sc01,04-26 04:00:00+02:00,2.4584778657299466e-12
2030,sc01,04-26 05:00:00+02:00,43.05654692944043
2030,sc01,04-26 06:00:00+02:00,749.6799236800019
2030,sc01,04-26 07:00:00+02:00,337.21293182521623
2030,sc01,04-26 08:00:00+02:00,793.8985442906568
2030,sc01,04-26 09:00:00+02:00,465.3890000282099
2030,sc01,04-26 10:00:00+02:00,293.81964925498596
2030,sc01,04-26 11:00:00+02:00,323.1651364343876
2030,sc01,04-26 12:00:00+02:00,295.837414710282
2030,sc01,04-26 13:00:00+02:00,255.3657931663755
2030,sc01,04-26 14:00:00+02:00,191.26474376003318
2030,sc01,04-26 15:00:00+02:00,163.967990501342
2030,sc01,04-26 16:00:00+02:00,149.75151280348996
2030,sc01,04-26 17:00:00+02:00,139.0926002177339
2030,sc01,04-26 18:00:00+02:00,115.0679882976857
2030,sc01,04-26 19:00:00+02:00,130.04924993507444
2030,sc01,04-26 20:00:00+02:00,1100.5302341643198
2030,sc01,04-26 21:00:00+02:00,841.0236230342128
2030,sc01,04-26 22:00:00+02:00,372.47056653632245
2030,sc01,04-26 23:00:00+02:00,1.4210854715202004e-12
2030,sc01,04-27 00:00:00+02:00,-1.0800249583553523e-12
2030,sc01,04-27 01:00:00+02:00,-1.3073986337985843e-12
2030,sc01,04-27 02:00:00+02:00,-2.5579538487363607e-13
2030,sc01,04-27 03:00:00+02:00,-2.5579538487363607e-13
2030,sc01,04-27 04:00:00+02:00,1.6484591469634324e-12
2030,sc01,04-27 05:00:00+02:00,5.258016244624741e-13
2030,sc01,04-27 06:00:00+02:00,7.105427357601002e-14
2030,sc01,04-27 07:00:00+02:00,-5.115907697472721e-13
2030,sc01,04-27 08:00:00+02:00,-3.524291969370097e-12
2030,sc01,04-27 09:00:00+02:00,9.094947017729282e-13
2030,sc01,04-27 10:00:00+02:00,6.821210263296962e-13
2030,sc01,04-27 11:00:00+02:00,-2.842170943040401e-14
2030,sc01,04-27 12:00:00+02:00,-2.6147972675971687e-12
2030,sc01,04-27 13:00:00+02:00,-4.774847184307873e-12
2030,sc01,04-27 14:00:00+02:00,-3.865352482534945e-12
2030,sc01,04-27 15:00:00+02:00,-4.547473508864641e-13
2030,sc01,04-27 16:00:00+02:00,-5.300648808770347e-12
2030,sc01,04-27 17:00:00+02:00,-1.1368683772161603e-13
2030,sc01,04-27 18:00:00+02:00,-3.183231456205249e-12
2030,sc01,04-27 19:00:00+02:00,-4.206412995699793e-12
2030,sc01,04-27 20:00:00+02:00,272.8304065109122
2030,sc01,04-27 21:00:00+02:00,2.1884716261411086e-12
2030,sc01,04-27 22:00:00+02:00,4.547473508864641e-13
2030,sc01,04-27 23:00:00+02:00,-1.7053025658242404e-12
2030,sc01,04-28 00:00:00+02:00,5.684341886080802e-14
2030,sc01,04-28 01:00:00+02:00,-2.5934809855243657e-12
2030,sc01,04-28 02:00:00+02:00,-7.389644451905042e-13
2030,sc01,04-28 03:00:00+02:00,-5.400124791776761e-13
2030,sc01,04-28 04:00:00+02:00,-3.979039320256561e-13
2030,sc01,04-28 05:00:00+02:00,-1.7053025658242404e-12
2030,sc01,04-28 06:00:00+02:00,-9.663381206337363e-13
2030,sc01,04-28 07:00:00+02:00,-3.240074875066057e-12
2030,sc01,04-28 08:00:00+02:00,1.0800249583553523e-12
2030,sc01,04-28 09:00:00+02:00,-1.2505552149377763e-12
2030,sc01,04-28 10:00:00+02:00,1.7905676941154525e-12
2030,sc01,04-28 11:00:00+02:00,-1.3642420526593924e-12
2030,sc01,04-28 12:00:00+02:00,-9.094947017729282e-13
2030,sc01,04-28 13:00:00+02:00,0.0
2030,sc01,04-28 14:00:00+02:00,-2.5011104298755527e-12
2030,sc01,04-28 15:00:00+02:00,-1.3642420526593924e-12
2030,sc01,04-28 16:00:00+02:00,7.389644451905042e-13
2030,sc01,04-28 17:00:00+02:00,-1.0231815394945443e-12
2030,sc01,04-28 18:00:00+02:00,-6.252776074688882e-13
2030,sc01,04-28 19:00:00+02:00,-2.6147972675971687e-12
2030,sc01,04-28 20:00:00+02:00,1000.5931102121738
2030,sc01,04-28 21:00:00+02:00,875.377479240046
2030,sc01,04-28 22:00:00+02:00,229.65855001015677
2030,sc01,04-28 23:00:00+02:00,3.581135388230905e-12
2030,sc01,04-29 00:00:00+02:00,-1.9895196601282805e-12
2030,sc01,04-29 01:00:00+02:00,-6.252776074688882e-13
2030,sc01,04-29 02:00:00+02:00,7.389644451905042e-13
2030,sc01,04-29 03:00:00+02:00,-2.2737367544323206e-13
2030,sc01,04-29 04:00:00+02:00,1.8758328224066645e-12
2030,sc01,04-29 05:00:00+02:00,136.8854177675976
2030,sc01,04-29 06:00:00+02:00,1420.9043784831943
2030,sc01,04-29 07:00:00+02:00,492.31158965791417
2030,sc01,04-29 08:00:00+02:00,125.04598258798029
2030,sc01,04-29 09:00:00+02:00,99.3881896783119
2030,sc01,04-29 10:00:00+02:00,93.1898186078912
2030,sc01,04-29 11:00:00+02:00,103.76153178232244
2030,sc01,04-29 12:00:00+02:00,78.06216749774904
2030,sc01,04-29 13:00:00+02:00,32.781406875135815
2030,sc01,04-29 14:00:00+02:00,150.99620461884467
2030,sc01,04-29 15:00:00+02:00,115.69154790015989
2030,sc01,04-29 16:00:00+02:00,85.20472621443982
2030,sc01,04-29 17:00:00+02:00,25.57146465639346
2030,sc01,04-29 18:00:00+02:00,98.66657062527156
2030,sc01,04-29 19:00:00+02:00,800.0464786436892
2030,sc01,04-29 20:00:00+02:00,1647.4035144598718
2030,sc01,04-29 21:00:00+02:00,1280.0070334345853
2030,sc01,04-29 22:00:00+02:00,635.1399905154901
2030,sc01,04-29 23:00:00+02:00,1.9895196601282805e-12
2030,sc01,04-30 00:00:00+02:00,3.751665644813329e-12
2030,sc01,04-30 01:00:00+02:00,4.547473508864641e-13
2030,sc01,04-30 02:00:00+02:00,2.8421709430404007e-12
2030,sc01,04-30 03:00:00+02:00,-2.2737367544323206e-13
2030,sc01,04-30 04:00:00+02:00,-2.9558577807620168e-12
2030,sc01,04-30 05:00:00+02:00,310.31852089794836
2030,sc01,04-30 06:00:00+02:00,1726.186774661097
2030,sc01,04-30 07:00:00+02:00,1098.141826044372
2030,sc01,04-30 08:00:00+02:00,377.50152878724924
2030,sc01,04-30 09:00:00+02:00,230.09231677259655
2030,sc01,04-30 10:00:00+02:00,229.6076200369275
2030,sc01,04-30 11:00:00+02:00,741.8505837750669
2030,sc01,04-30 12:00:00+02:00,368.17319438098355
2030,sc01,04-30 13:00:00+02:00,243.55274938677866
2030,sc01,04-30 14:00:00+02:00,54.31122539520757
2030,sc01,04-30 15:00:00+02:00,4.547473508864641e-13
2030,sc01,04-30 16:00:00+02:00,1.2505552149377763e-12
2030,sc01,04-30 17:00:00+02:00,4.547473508864641e-13
2030,sc01,04-30 18:00:00+02:00,7.655455096306355
2030,sc01,04-30 19:00:00+02:00,568.9881247168385
2030,sc01,04-30 20:00:00+02:00,1701.4060440678295
2030,sc01,04-30 21:00:00+02:00,1260.4052713919968
2030,sc01,04-30 22:00:00+02:00,575.7701449531623
2030,sc01,04-30 23:00:00+02:00,1.0231815394945443e-12
2030,sc01,05-01 00:00:00+02:00,0.0
2030,sc01,05-01 01:00:00+02:00,4.547473508864641e-13
2030,sc01,05-01 02:00:00+02:00,-1.1368683772161603e-12
2030,sc01,05-01 03:00:00+02:00,-6.821210263296962e-13
2030,sc01,05-01 04:00:00+02:00,-2.3874235921539366e-12
2030,sc01,05-01 05:00:00+02:00,2.5579538487363607e-13
2030,sc01,05-01 06:00:00+02:00,-2.5579538487363607e-12
2030,sc01,05-01 07:00:00+02:00,1.9326762412674725e-12
2030,sc01,05-01 08:00:00+02:00,-7.105427357601002e-13
2030,sc01,05-01 09:00:00+02:00,-4.547473508864641e-12
2030,sc01,05-01 10:00:00+02:00,1.8189894035458565e-12
2030,sc01,05-01 11:00:00+02:00,-1.8758328224066645e-12
2030,sc01,05-01 12:00:00+02:00,-9.663381206337363e-13
2030,sc01,05-01 13:00:00+02:00,-3.694822225952521e-13
2030,sc01,05-01 14:00:00+02:00,-2.0037305148434825e-12
2030,sc01,05-01 15:00:00+02:00,-1.6200374375330284e-12
2030,sc01,05-01 16:00:00+02:00,-1.0942358130705543e-12
2030,sc01,05-01 17:00:00+02:00,-6.252776074688882e-13
2030,sc01,05-01 18:00:00+02:00,-3.069544618483633e-12
2030,sc01,05-01 19:00:00+02:00,-2.0463630789890885e-12
2030,sc01,05-01 20:00:00+02:00,-1.9042545318370685e-12
2030,sc01,05-01 21:00:00+02:00,9.094947017729282e-13
2030,sc01,05-01 22:00:00+02:00,-5.684341886080801e-13
2030,sc01,05-01 23:00:00+02:00,5.5706550483591855e-12
2030,sc01,05-02 00:00:00+02:00,-1.9895196601282805e-12
2030,sc01,05-02 01:00:00+02:00,-4.092726157978177e-12
2030,sc01,05-02 02:00:00+02:00,-5.684341886080802e-14
2030,sc01,05-02 03:00:00+02:00,2.5295321393059567e-12
2030,sc01,05-02 04:00:00+02:00,2.5579538487363607e-12
2030,sc01,05-02 05:00:00+02:00,3.0515590054847053e-12
2030,sc01,05-02 06:00:00+02:00,3.339550858072471e-12
2030,sc01,05-02 07:00:00+02:00,1.4779288903810084e-12
2030,sc01,05-02 08:00:00+02:00,0.0
2030,sc01,05-02 09:00:00+02:00,-4.092726157978177e-12
2030,sc01,05-02 10:00:00+02:00,22.191602561038565
2030,sc01,05-02 11:00:00+02:00,17.819662398209573
2030,sc01,05-02 12:00:00+02:00,-3.183231456205249e-12
2030,sc01,05-02 13:00:00+02:00,6.821210263296962e-12
2030,sc01,05-02 14:00:00+02:00,-4.547473508864641e-12
2030,sc01,05-02 15:00:00+02:00,-2.2737367544323206e-12
2030,sc01,05-02 16:00:00+02:00,4.547473508864641e-13
2030,sc01,05-02 17:00:00+02:00,-1.0231815394945443e-12
2030,sc01,05-02 18:00:00+02:00,-2.6147972675971687e-12
2030,sc01,05-02 19:00:00+02:00,221.78854286199032
2030,sc01,05-02 20:00:00+02:00,1174.926657943227
2030,sc01,05-02 21:00:00+02:00,762.7628792061312
2030,sc01,05-02 22:00:00+02:00,219.2423005651389
2030,sc01,05-02 23:00:00+02:00,-7.332801033044234e-12
2030,sc01,05-03 00:00:00+02:00,3.979039320256561e-12
2030,sc01,05-03 01:00:00+02:00,-2.8421709430404007e-13
2030,sc01,05-03 02:00:00+02:00,-1.0800249583553523e-12
2030,sc01,05-03 03:00:00+02:00,1.1226575225009583e-12
2030,sc01,05-03 04:00:00+02:00,8.171241461241152e-14
2030,sc01,05-03 05:00:00+02:00,86.77874241862159
2030,sc01,05-03 06:00:00+02:00,1312.1660170850312
2030,sc01,05-03 07:00:00+02:00,473.0988041856383
2030,sc01,05-03 08:00:00+02:00,-3.069544618483633e-12
2030,sc01,05-03 09:00:00+02:00,-4.092726157978177e-12
2030,sc01,05-03 10:00:00+02:00,-3.524291969370097e-12
2030,sc01,05-03 11:00:00+02:00,-5.229594535194337e-12
2030,sc01,05-03 12:00:00+02:00,4.092726157978177e-12
2030,sc01,05-03 13:00:00+02:00,2.2737367544323206e-13
2030,sc01,05-03 14:00:00+02:00,3.296918293926865e-12
2030,sc01,05-03 15:00:00+02:00,1.5916157281026244e-12
2030,sc01,05-03 16:00:00+02:00,1.3642420526593924e-12
2030,sc01,05-03 17:00:00+02:00,1.4779288903810084e-12
2030,sc01,05-03 18:00:00+02:00,-1.5631940186722204e-12
2030,sc01,05-03 19:00:00+02:00,870.5465274901626
2030,sc01,05-03 20:00:00+02:00,2487.109895378353
2030,sc01,05-03 21:00:00+02:00,1924.5578119864226
2030,sc01,05-03 22:00:00+02:00,764.4548020889856
2030,sc01,05-03 23:00:00+02:00,1.1368683772161603e-12
2030,sc01,05-04 00:00:00+02:00,532.0951648891569
2030,sc01,05-04 01:00:00+02:00,1.0231815394945443e-12
2030,sc01,05-04 02:00:00+02:00,0.0
2030,sc01,05-04 03:00:00+02:00,-5.684341886080802e-14
2030,sc01,05-04 04:00:00+02:00,5.229594535194337e-12
2030,sc01,05-04 05:00:00+02:00,840.506405346719
2030,sc01,05-04 06:00:00+02:00,1708.8565897334854
2030,sc01,05-04 07:00:00+02:00,706.4587135809081
2030,sc01,05-04 08:00:00+02:00,1.1368683772161603e-12
2030,sc01,05-04 09:00:00+02:00,-1.3983481039758772e-11
2030,sc01,05-04 10:00:00+02:00,8.412825991399586e-12
2030,sc01,05-04 11:00:00+02:00,2.7284841053187847e-12
2030,sc01,05-04 12:00:00+02:00,-7.844391802791506e-12
2030,sc01,05-04 13:00:00+02:00,-5.002220859751105e-12
2030,sc01,05-04 14:00:00+02:00,4.547473508864641e-13
2030,sc01,05-04 15:00:00+02:00,-3.979039320256561e-12
2030,sc01,05-04 16:00:00+02:00,-4.092726157978177e-12
2030,sc01,05-04 17:00:00+02:00,-5.9117155615240335e-12
2030,sc01,05-04 18:00:00+02:00,2.2737367544323206e-13
2030,sc01,05-04 19:00:00+02:00,1146.3930401762495
2030,sc01,05-04 20:00:00+02:00,2975.6568163095753
2030,sc01,05-04 21:00:00+02:00,2509.294174594914
2030,sc01,05-04 22:00:00+02:00,1622.187785865007
2030,sc01,05-04 23:00:00+02:00,657.0905475253523
2030,sc01,05-05 00:00:00+02:00,2.2168933355715126e-12
2030,sc01,05-05 01:00:00+02:00,3.524291969370097e-12
2030,sc01,05-05 02:00:00+02:00,2.2737367544323206e-12
2030,sc01,05-05 03:00:00+02:00,-2.3305801732931286e-12
2030,sc01,05-05 04:00:00+02:00,-3.240074875066057e-12
2030,sc01,05-05 05:00:00+02:00,-1.0800249583553523e-12
2030,sc01,05-05 06:00:00+02:00,-2.7853275241795927e-12
2030,sc01,05-05 07:00:00+02:00,-3.979039320256561e-12
2030,sc01,05-05 08:00:00+02:00,-4.547473508864641e-12
2030,sc01,05-05 09:00:00+02:00,-2.0463630789890885e-12
2030,sc01,05-05 10:00:00+02:00,3.410605131648481e-12
2030,sc01,05-05 11:00:00+02:00,-1.5916157281026244e-12
2030,sc01,05-05 12:00:00+02:00,2.9558577807620168e-12
2030,sc01,05-05 13:00:00+02:00,2.7284841053187847e-12
2030,sc01,05-05 14:00:00+02:00,3.183231456205249e-12
2030,sc01,05-05 15:00:00+02:00,2.6005864128819667e-12
2030,sc01,05-05 16:00:00+02:00,6.366462912410498e-12
2030,sc01,05-05 17:00:00+02:00,5.229594535194337e-12
2030,sc01,05-05 18:00:00+02:00,-5.7411853049416095e-12
2030,sc01,05-05 19:00:00+02:00,957.1535147248544
2030,sc01,05-05 20:00:00+02:00,2487.1581031792075
2030,sc01,05-05 21:00:00+02:00,2404.7368251380776
2030,sc01,05-05 22:00:00+02:00,1212.5748003791368
2030,sc01,05-05 23:00:00+02:00,598.132283724619
2030,sc01,05-06 00:00:00+02:00,5.684341886080801e-13
2030,sc01,05-06 01:00:00+02:00,3.410605131648481e-13
2030,sc01,05-06 02:00:00+02:00,2.1600499167107046e-12
2030,sc01,05-06 03:00:00+02:00,120.69536095665467
2030,sc01,05-06 04:00:00+02:00,1326.7084504017305
2030,sc01,05-06 05:00:00+02:00,4018.377299443752
2030,sc01,05-06 06:00:00+02:00,5491.838607516248
2030,sc01,05-06 07:00:00+02:00,4669.361561025505
2030,sc01,05-06 08:00:00+02:00,1135.2181949362684
2030,sc01,05-06 09:00:00+02:00,268.35124380291313
2030,sc01,05-06 10:00:00+02:00,167.29847888051745
2030,sc01,05-06 11:00:00+02:00,140.1824915416404
2030,sc01,05-06 12:00:00+02:00,86.53506843855962
2030,sc01,05-06 13:00:00+02:00,98.1235788882206
2030,sc01,05-06 14:00:00+02:00,57.220624042412396
2030,sc01,05-06 15:00:00+02:00,77.4385641355957
2030,sc01,05-06 16:00:00+02:00,2.1600499167107046e-12
2030,sc01,05-06 17:00:00+02:00,-3.410605131648481e-12
2030,sc01,05-06 18:00:00+02:00,56.18359899837969
2030,sc01,05-06 19:00:00+02:00,1735.9674645761145
2030,sc01,05-06 20:00:00+02:00,3136.9756688130005
2030,sc01,05-06 21:00:00+02:00,2446.849418651272
2030,sc01,05-06 22:00:00+02:00,1161.0677590038604
2030,sc01,05-06 23:00:00+02:00,90.1996726901371
2030,sc01,05-07 00:00:00+02:00,2.6147972675971687e-12
2030,sc01,05-07 01:00:00+02:00,8.100187187665142e-13
2030,sc01,05-07 02:00:00+02:00,2.3092638912203256e-12
2030,sc01,05-07 03:00:00+02:00,-1.7543744235126724e-12
2030,sc01,05-07 04:00:00+02:00,2.1458390619955026e-12
2030,sc01,05-07 05:00:00+02:00,540.4363934000764
2030,sc01,05-07 06:00:00+02:00,4537.419014050051
2030,sc01,05-07 07:00:00+02:00,3010.442296980345
2030,sc01,05-07 08:00:00+02:00,847.6711646730259
2030,sc01,05-07 09:00:00+02:00,331.5522413565112
2030,sc01,05-07 10:00:00+02:00,278.5601634996381
2030,sc01,05-07 11:00:00+02:00,212.9220900625102
2030,sc01,05-07 12:00:00+02:00,132.7851530411615
2030,sc01,05-07 13:00:00+02:00,75.89953606216716
2030,sc01,05-07 14:00:00+02:00,30.22344596488756
2030,sc01,05-07 15:00:00+02:00,2.1522180920394476
2030,sc01,05-07 16:00:00+02:00,123.41622073199551
2030,sc01,05-07 17:00:00+02:00,685.7137158937029
2030,sc01,05-07 18:00:00+02:00,2405.054466662573
2030,sc01,05-07 19:00:00+02:00,5201.631809757494
2030,sc01,05-07 20:00:00+02:00,7349.120145441957
2030,sc01,05-07 21:00:00+02:00,6251.962549855808
2030,sc01,05-07 22:00:00+02:00,5010.8187069221385
2030,sc01,05-07 23:00:00+02:00,2162.3024809356248
2030,sc01,05-08 00:00:00+02:00,1402.2304503664132
2030,sc01,05-08 01:00:00+02:00,808.5355496412672
2030,sc01,05-08 02:00:00+02:00,632.2534650609649
2030,sc01,05-08 03:00:00+02:00,-4.362732397567015e-12
2030,sc01,05-08 04:00:00+02:00,-2.4868995751603507e-13
2030,sc01,05-08 05:00:00+02:00,3299.809656915074
2030,sc01,05-08 06:00:00+02:00,5574.574748908
2030,sc01,05-08 07:00:00+02:00,6178.63059187
2030,sc01,05-08 08:00:00+02:00,2065.9358109580003
2030,sc01,05-08 09:00:00+02:00,84.1029965102964
2030,sc01,05-08 10:00:00+02:00,41.690968362256115
2030,sc01,05-08 11:00:00+02:00,4.9608634620968814
2030,sc01,05-08 12:00:00+02:00,-5.4569682106375694e-12
2030,sc01,05-08 13:00:00+02:00,-1.1368683772161603e-12
2030,sc01,05-08 14:00:00+02:00,9.094947017729282e-13
2030,sc01,05-08 15:00:00+02:00,-4.547473508864641e-13
2030,sc01,05-08 16:00:00+02:00,1.1368683772161603e-12
2030,sc01,05-08 17:00:00+02:00,2.2737367544323206e-13
2030,sc01,05-08 18:00:00+02:00,826.6395898776696
2030,sc01,05-08 19:00:00+02:00,2495.2784908648587
2030,sc01,05-08 20:00:00+02:00,1815.2803107845882
2030,sc01,05-08 21:00:00+02:00,1305.8869601892975
2030,sc01,05-08 22:00:00+02:00,724.3363573356723
2030,sc01,05-08 23:00:00+02:00,133.03010100706013
2030,sc01,05-09 00:00:00+02:00,3.339550858072471e-13
2030,sc01,05-09 01:00:00+02:00,4.973799150320701e-13
2030,sc01,05-09 02:00:00+02:00,2.6645352591003757e-13
2030,sc01,05-09 03:00:00+02:00,3.979039320256561e-13
2030,sc01,05-09 04:00:00+02:00,1.2789769243681803e-12
2030,sc01,05-09 05:00:00+02:00,358.0014903791437
2030,sc01,05-09 06:00:00+02:00,2069.8058591861654
2030,sc01,05-09 07:00:00+02:00,3820.185176639964
2030,sc01,05-09 08:00:00+02:00,2142.9437675201452
2030,sc01,05-09 09:00:00+02:00,991.004243399527
2030,sc01,05-09 10:00:00+02:00,401.77918729774365
2030,sc01,05-09 11:00:00+02:00,130.26665977731886
2030,sc01,05-09 12:00:00+02:00,63.16401475065811
2030,sc01,05-09 13:00:00+02:00,6.064868749846482
2030,sc01,05-09 14:00:00+02:00,109.36760812335672
2030,sc01,05-09 15:00:00+02:00,68.04579535880498
2030,sc01,05-09 16:00:00+02:00,37.987419766446465
2030,sc01,05-09 17:00:00+02:00,38.77577010332266
2030,sc01,05-09 18:00:00+02:00,533.4054143744185
2030,sc01,05-09 19:00:00+02:00,2128.0403851175633
2030,sc01,05-09 20:00:00+02:00,2510.794132125544
2030,sc01,05-09 21:00:00+02:00,1923.3174434215848
2030,sc01,05-09 22:00:00+02:00,1275.5656759739318
2030,sc01,05-09 23:00:00+02:00,630.8668283261051
2030,sc01,05-10 00:00:00+02:00,192.3002774082408
2030,sc01,05-10 01:00:00+02:00,1.794120407794253e-12
2030,sc01,05-10 02:00:00+02:00,-1.226752033289813e-11
2030,sc01,05-10 03:00:00+02:00,-4.234834705130197e-12
2030,sc01,05-10 04:00:00+02:00,79.74947049146772
2030,sc01,05-10 05:00:00+02:00,1804.299876427
2030,sc01,05-10 06:00:00+02:00,4215.651658991999
2030,sc01,05-10 07:00:00+02:00,6259.013418886
2030,sc01,05-10 08:00:00+02:00,3588.428783161598
2030,sc01,05-10 09:00:00+02:00,2704.2058618944493
2030,sc01,05-10 10:00:00+02:00,1906.8384347152967
2030,sc01,05-10 11:00:00+02:00,1190.9575828708066
2030,sc01,05-10 12:00:00+02:00,812.9585186301151
2030,sc01,05-10 13:00:00+02:00,636.124777310574
2030,sc01,05-10 14:00:00+02:00,373.34045773689445
2030,sc01,05-10 15:00:00+02:00,301.85645776443164
2030,sc01,05-10 16:00:00+02:00,267.3953061525076
2030,sc01,05-10 17:00:00+02:00,457.93429113175307
2030,sc01,05-10 18:00:00+02:00,846.1723070225917
2030,sc01,05-10 19:00:00+02:00,3187.6455765749997
2030,sc01,05-10 20:00:00+02:00,5119.754617833
2030,sc01,05-10 21:00:00+02:00,4679.331478967
2030,sc01,05-10 22:00:00+02:00,1428.9230036539996
2030,sc01,05-10 23:00:00+02:00,412.5955061372743
2030,sc01,05-11 00:00:00+02:00,-1.3983481039758772e-11
2030,sc01,05-11 01:00:00+02:00,-2.5295321393059567e-12
2030,sc01,05-11 02:00:00+02:00,-2.2737367544323206e-12
2030,sc01,05-11 03:00:00+02:00,-3.069544618483633e-12
2030,sc01,05-11 04:00:00+02:00,-2.3305801732931286e-12
2030,sc01,05-11 05:00:00+02:00,-4.924061158817494e-12
2030,sc01,05-11 06:00:00+02:00,570.5758530478538
2030,sc01,05-11 07:00:00+02:00,899.4830032730003
2030,sc01,05-11 08:00:00+02:00,841.2925076002989
2030,sc01,05-11 09:00:00+02:00,749.7401525106968
2030,sc01,05-11 10:00:00+02:00,520.8506743317258
2030,sc01,05-11 11:00:00+02:00,196.9230604873033
2030,sc01,05-11 12:00:00+02:00,18.86773102444465
2030,sc01,05-11 13:00:00+02:00,-4.092726157978177e-12
2030,sc01,05-11 14:00:00+02:00,-1.7053025658242404e-12
2030,sc01,05-11 15:00:00+02:00,-2.7284841053187847e-12
2030,sc01,05-11 16:00:00+02:00,-3.865352482534945e-12
2030,sc01,05-11 17:00:00+02:00,-4.092726157978177e-12
2030,sc01,05-11 18:00:00+02:00,0.0
2030,sc01,05-11 19:00:00+02:00,47.73494729905917
2030,sc01,05-11 20:00:00+02:00,2.687257154094709
2030,sc01,05-11 21:00:00+02:00,5.343281372915953e-12
2030,sc01,05-11 22:00:00+02:00,-3.410605131648481e-13
2030,sc01,05-11 23:00:00+02:00,-3.467448550509289e-12
2030,sc01,05-12 00:00:00+02:00,-8.526512829121202e-13
2030,sc01,05-12 01:00:00+02:00,-1.4210854715202004e-12
2030,sc01,05-12 02:00:00+02:00,-6.821210263296962e-13
2030,sc01,05-12 03:00:00+02:00,-1.9824142327706795e-12
2030,sc01,05-12 04:00:00+02:00,-2.2737367544323206e-13
2030,sc01,05-12 05:00:00+02:00,-1.8474111129762605e-12
2030,sc01,05-12 06:00:00+02:00,2.8137492336099967e-12
2030,sc01,05-12 07:00:00+02:00,-2.0463630789890885e-12
2030,sc01,05-12 08:00:00+02:00,-3.979039320256561e-13
2030,sc01,05-12 09:00:00+02:00,-4.547473508864641e-13
2030,sc01,05-12 10:00:00+02:00,-3.751665644813329e-12
2030,sc01,05-12 11:00:00+02:00,-1.7053025658242404e-12
2030,sc01,05-12 12:00:00+02:00,-2.8421709430404007e-13
2030,sc01,05-12 13:00:00+02:00,9.663381206337363e-13
2030,sc01,05-12 14:00:00+02:00,-2.5721647034515627e-12
2030,sc01,05-12 15:00:00+02:00,-3.680611371237319e-12
2030,sc01,05-12 16:00:00+02:00,-5.002220859751105e-12
2030,sc01,05-12 17:00:00+02:00,-2.2737367544323206e-12
2030,sc01,05-12 18:00:00+02:00,-2.3305801732931286e-12
2030,sc01,05-12 19:00:00+02:00,-2.9558577807620168e-12
2030,sc01,05-12 20:00:00+02:00,-3.353761712787673e-12
2030,sc01,05-12 21:00:00+02:00,8.606093615526333e-11
2030,sc01,05-12 22:00:00+02:00,-1.8758328224066645e-12
2030,sc01,05-12 23:00:00+02:00,-3.410605131648481e-13
2030,sc01,05-13 00:00:00+02:00,-2.7284841053187847e-12
2030,sc01,05-13 01:00:00+02:00,1.5347723092418164e-12
2030,sc01,05-13 02:00:00+02:00,-1.7621459846850485e-12
2030,sc01,05-13 03:00:00+02:00,-9.094947017729282e-13
2030,sc01,05-13 04:00:00+02:00,-1.9326762412674725e-12
2030,sc01,05-13 05:00:00+02:00,1.3926637620897964e-12
2030,sc01,05-13 06:00:00+02:00,1869.1831729424528
2030,sc01,05-13 07:00:00+02:00,347.9055384966973
2030,sc01,05-13 08:00:00+02:00,375.35425595671313
2030,sc01,05-13 09:00:00+02:00,332.7672769955832
2030,sc01,05-13 10:00:00+02:00,952.8491109905264
2030,sc01,05-13 11:00:00+02:00,409.15313362240045
2030,sc01,05-13 12:00:00+02:00,308.49160224322986
2030,sc01,05-13 13:00:00+02:00,292.2790592364713
2030,sc01,05-13 14:00:00+02:00,258.5773902570721
2030,sc01,05-13 15:00:00+02:00,201.67053644730095
2030,sc01,05-13 16:00:00+02:00,176.34774379754833
2030,sc01,05-13 17:00:00+02:00,188.07413354647235
2030,sc01,05-13 18:00:00+02:00,1591.126900920763
2030,sc01,05-13 19:00:00+02:00,2959.639689545133
2030,sc01,05-13 20:00:00+02:00,2722.228941132408
2030,sc01,05-13 21:00:00+02:00,2292.1542538521653
2030,sc01,05-13 22:00:00+02:00,1098.6664905793111
2030,sc01,05-13 23:00:00+02:00,65.64817863197675
2030,sc01,05-14 00:00:00+02:00,-1.6484591469634324e-12
2030,sc01,05-14 01:00:00+02:00,-3.126388037344441e-12
2030,sc01,05-14 02:00:00+02:00,-5.684341886080802e-14
2030,sc01,05-14 03:00:00+02:00,-4.547473508864641e-13
2030,sc01,05-14 04:00:00+02:00,-4.376943252282217e-12
2030,sc01,05-14 05:00:00+02:00,166.06695346075293
2030,sc01,05-14 06:00:00+02:00,4517.601333730567
2030,sc01,05-14 07:00:00+02:00,2778.0153806339877
2030,sc01,05-14 08:00:00+02:00,1559.0640320062034
2030,sc01,05-14 09:00:00+02:00,1052.7779421341743
2030,sc01,05-14 10:00:00+02:00,590.4628289286727
2030,sc01,05-14 11:00:00+02:00,383.00529782788755
2030,sc01,05-14 12:00:00+02:00,325.0028917282398
2030,sc01,05-14 13:00:00+02:00,249.75353087044914
2030,sc01,05-14 14:00:00+02:00,226.88607494171595
2030,sc01,05-14 15:00:00+02:00,199.08010761996297
2030,sc01,05-14 16:00:00+02:00,167.97279507341636
2030,sc01,05-14 17:00:00+02:00,162.452416335845
2030,sc01,05-14 18:00:00+02:00,562.4427940986294
2030,sc01,05-14 19:00:00+02:00,2062.190102118217
2030,sc01,05-14 20:00:00+02:00,3425.1942213220996
2030,sc01,05-14 21:00:00+02:00,2926.8806854787526
2030,sc01,05-14 22:00:00+02:00,1761.6181602304973
2030,sc01,05-14 23:00:00+02:00,576.5725606144802
2030,sc01,05-15 00:00:00+02:00,203.75407341527074
2030,sc01,05-15 01:00:00+02:00,30.77507151772039
2030,sc01,05-15 02:00:00+02:00,55.07562268762365
2030,sc01,05-15 03:00:00+02:00,171.36048225732208
2030,sc01,05-15 04:00:00+02:00,1055.8504365271917
2030,sc01,05-15 05:00:00+02:00,3496.0345480387473
2030,sc01,05-15 06:00:00+02:00,5463.747224468489
2030,sc01,05-15 07:00:00+02:00,3905.337780270292
2030,sc01,05-15 08:00:00+02:00,2383.7943365105866
2030,sc01,05-15 09:00:00+02:00,2071.117208859088
2030,sc01,05-15 10:00:00+02:00,1991.6974003922587
2030,sc01,05-15 11:00:00+02:00,1849.793131049305
2030,sc01,05-15 12:00:00+02:00,1401.5071995977787
2030,sc01,05-15 13:00:00+02:00,1003.8695408501994
2030,sc01,05-15 14:00:00+02:00,742.4602838784522
2030,sc01,05-15 15:00:00+02:00,621.4776836611801
2030,sc01,05-15 16:00:00+02:00,674.1649411338435
2030,sc01,05-15 17:00:00+02:00,536.2552270217484
2030,sc01,05-15 18:00:00+02:00,1317.7293890940152
2030,sc01,05-15 19:00:00+02:00,2813.294939292541
2030,sc01,05-15 20:00:00+02:00,4261.123357783399
2030,sc01,05-15 21:00:00+02:00,3777.4224866415175
2030,sc01,05-15 22:00:00+02:00,2415.227065272419
2030,sc01,05-15 23:00:00+02:00,1251.5815538086003
2030,sc01,05-16 00:00:00+02:00,-9.492850949754938e-12
2030,sc01,05-16 01:00:00+02:00,4.320099833421409e-12
2030,sc01,05-16 02:00:00+02:00,0.0
2030,sc01,05-16 03:00:00+02:00,-2.2737367544323206e-13
2030,sc01,05-16 04:00:00+02:00,1.3585577107733116e-11
2030,sc01,05-16 05:00:00+02:00,391.45917138851837
2030,sc01,05-16 06:00:00+02:00,2403.436661561673
2030,sc01,05-16 07:00:00+02:00,1148.1631589254387
2030,sc01,05-16 08:00:00+02:00,1808.4560508365216
2030,sc01,05-16 09:00:00+02:00,1012.1972473018393
2030,sc01,05-16 10:00:00+02:00,798.4067122657007
2030,sc01,05-16 11:00:00+02:00,590.8968878268147
2030,sc01,05-16 12:00:00+02:00,375.7702671237706
2030,sc01,05-16 13:00:00+02:00,196.27296758762915
2030,sc01,05-16 14:00:00+02:00,1264.9184243156024
2030,sc01,05-16 15:00:00+02:00,1080.9490926650863
2030,sc01,05-16 16:00:00+02:00,117.40734120064224
2030,sc01,05-16 17:00:00+02:00,99.39803039548383
2030,sc01,05-16 18:00:00+02:00,915.2104956614683
2030,sc01,05-16 19:00:00+02:00,2951.9155204825483
2030,sc01,05-16 20:00:00+02:00,4064.1347234607624
2030,sc01,05-16 21:00:00+02:00,3436.79073087708
2030,sc01,05-16 22:00:00+02:00,394.2849080366923
2030,sc01,05-16 23:00:00+02:00,7.958078640513122e-13
2030,sc01,05-17 00:00:00+02:00,-9.094947017729282e-13
2030,sc01,05-17 01:00:00+02:00,-1.9326762412674725e-12
2030,sc01,05-17 02:00:00+02:00,2.8421709430404007e-13
2030,sc01,05-17 03:00:00+02:00,-9.094947017729282e-13
2030,sc01,05-17 04:00:00+02:00,-4.092726157978177e-12
2030,sc01,05-17 05:00:00+02:00,277.8184264735526
2030,sc01,05-17 06:00:00+02:00,2086.525855292649
2030,sc01,05-17 07:00:00+02:00,3818.1194573088223
2030,sc01,05-17 08:00:00+02:00,1632.1409517187217
2030,sc01,05-17 09:00:00+02:00,1108.8665869170259
2030,sc01,05-17 10:00:00+02:00,772.9780574217078
2030,sc01,05-17 11:00:00+02:00,505.7509361282506
2030,sc01,05-17 12:00:00+02:00,178.90341618826892
2030,sc01,05-17 13:00:00+02:00,45.358005809185215
2030,sc01,05-17 14:00:00+02:00,3.183231456205249e-12
2030,sc01,05-17 15:00:00+02:00,5.684341886080802e-14
2030,sc01,05-17 16:00:00+02:00,3.865352482534945e-12
2030,sc01,05-17 17:00:00+02:00,-4.547473508864641e-12
2030,sc01,05-17 18:00:00+02:00,-7.958078640513122e-13
2030,sc01,05-17 19:00:00+02:00,1012.1673318830303
2030,sc01,05-17 20:00:00+02:00,2363.948998136894
2030,sc01,05-17 21:00:00+02:00,2189.498040211835
2030,sc01,05-17 22:00:00+02:00,357.8307285018315
2030,sc01,05-17 23:00:00+02:00,1.4141221527097514e-10
2030,sc01,05-18 00:00:00+02:00,2.3590018827235326e-12
2030,sc01,05-18 01:00:00+02:00,4.902744876744691e-13
2030,sc01,05-18 02:00:00+02:00,-2.7711166694643907e-12
2030,sc01,05-18 03:00:00+02:00,2.6716406864579767e-12
2030,sc01,05-18 04:00:00+02:00,1.9042545318370685e-12
2030,sc01,05-18 05:00:00+02:00,-6.679101716144942e-13
2030,sc01,05-18 06:00:00+02:00,-2.7995383788947947e-12
2030,sc01,05-18 07:00:00+02:00,-2.1600499167107046e-12
2030,sc01,05-18 08:00:00+02:00,-1.5916157281026244e-12
2030,sc01,05-18 09:00:00+02:00,-1.3642420526593924e-12
2030,sc01,05-18 10:00:00+02:00,-3.410605131648481e-12
2030,sc01,05-18 11:00:00+02:00,-2.1600499167107046e-12
2030,sc01,05-18 12:00:00+02:00,-2.7284841053187847e-12
2030,sc01,05-18 13:00:00+02:00,-2.5011104298755527e-12
2030,sc01,05-18 14:00:00+02:00,-1.5916157281026244e-12
2030,sc01,05-18 15:00:00+02:00,-1.3642420526593924e-12
2030,sc01,05-18 16:00:00+02:00,-4.547473508864641e-13
2030,sc01,05-18 17:00:00+02:00,3.410605131648481e-13
2030,sc01,05-18 18:00:00+02:00,-1.7053025658242404e-12
2030,sc01,05-18 19:00:00+02:00,177.59767351769347
2030,sc01,05-18 20:00:00+02:00,1464.6615163043998
2030,sc01,05-18 21:00:00+02:00,124.14478934638416
2030,sc01,05-18 22:00:00+02:00,5.684341886080801e-13
2030,sc01,05-18 23:00:00+02:00,1.8189894035458565e-12
2030,sc01,05-19 00:00:00+02:00,2.3305801732931286e-12
2030,sc01,05-19 01:00:00+02:00,-3.410605131648481e-13
2030,sc01,05-19 02:00:00+02:00,-5.684341886080801e-13
2030,sc01,05-19 03:00:00+02:00,-1.1937117960769683e-12
2030,sc01,05-19 04:00:00+02:00,5.684341886080802e-14
2030,sc01,05-19 05:00:00+02:00,-2.8137492336099967e-12
2030,sc01,05-19 06:00:00+02:00,-2.4442670110147446e-12
2030,sc01,05-19 07:00:00+02:00,-6.821210263296962e-13
2030,sc01,05-19 08:00:00+02:00,-5.9117155615240335e-12
2030,sc01,05-19 09:00:00+02:00,0.0
2030,sc01,05-19 10:00:00+02:00,6.821210263296962e-13
2030,sc01,05-19 11:00:00+02:00,-2.3305801732931286e-12
2030,sc01,05-19 12:00:00+02:00,-6.0538241086760536e-12
2030,sc01,05-19 13:00:00+02:00,-1.0373923942097463e-11
2030,sc01,05-19 14:00:00+02:00,-1.3642420526593924e-12
2030,sc01,05-19 15:00:00+02:00,-8.810729923425242e-13
2030,sc01,05-19 16:00:00+02:00,-1.1510792319313623e-12
2030,sc01,05-19 17:00:00+02:00,-5.4569682106375694e-12
2030,sc01,05-19 18:00:00+02:00,-5.002220859751105e-12
2030,sc01,05-19 19:00:00+02:00,-9.663381206337363e-13
2030,sc01,05-19 20:00:00+02:00,121.92414661024782
2030,sc01,05-19 21:00:00+02:00,277.477073915227
2030,sc01,05-19 22:00:00+02:00,-6.16751094639767e-11
2030,sc01,05-19 23:00:00+02:00,1.0800249583553523e-12
2030,sc01,05-20 00:00:00+02:00,-2.5011104298755527e-12
2030,sc01,05-20 01:00:00+02:00,3.979039320256561e-13
2030,sc01,05-20 02:00:00+02:00,-4.547473508864641e-13
2030,sc01,05-20 03:00:00+02:00,-4.263256414560601e-13
2030,sc01,05-20 04:00:00+02:00,3.268496584496461e-12
2030,sc01,05-20 05:00:00+02:00,3.2580389304614847
2030,sc01,05-20 06:00:00+02:00,2349.8177529229256
2030,sc01,05-20 07:00:00+02:00,1357.4765292305897
2030,sc01,05-20 08:00:00+02:00,360.9393661327779
2030,sc01,05-20 09:00:00+02:00,239.63771734009396
2030,sc01,05-20 10:00:00+02:00,183.62929099310662
2030,sc01,05-20 11:00:00+02:00,1396.2335399742274
2030,sc01,05-20 12:00:00+02:00,1042.749666448006
2030,sc01,05-20 13:00:00+02:00,630.0981541753537
2030,sc01,05-20 14:00:00+02:00,274.40879171520646
2030,sc01,05-20 15:00:00+02:00,55.42137499811204
2030,sc01,05-20 16:00:00+02:00,1.6456153139959042
2030,sc01,05-20 17:00:00+02:00,-1.0231815394945443e-12
2030,sc01,05-20 18:00:00+02:00,207.64774545347007
2030,sc01,05-20 19:00:00+02:00,3051.719502538179
2030,sc01,05-20 20:00:00+02:00,4586.76676438089
2030,sc01,05-20 21:00:00+02:00,2535.3311090555067
2030,sc01,05-20 22:00:00+02:00,1090.306389585269
2030,sc01,05-20 23:00:00+02:00,328.19940695009967
2030,sc01,05-21 00:00:00+02:00,1.5347723092418164e-12
2030,sc01,05-21 01:00:00+02:00,3.979039320256561e-13
2030,sc01,05-21 02:00:00+02:00,-3.694822225952521e-13
2030,sc01,05-21 03:00:00+02:00,5.684341886080802e-14
2030,sc01,05-21 04:00:00+02:00,2.984279490192421e-13
2030,sc01,05-21 05:00:00+02:00,110.94045138830896
2030,sc01,05-21 06:00:00+02:00,2892.92291164
2030,sc01,05-21 07:00:00+02:00,2409.48219238
2030,sc01,05-21 08:00:00+02:00,860.5861687594103
2030,sc01,05-21 09:00:00+02:00,757.2355871185681
2030,sc01,05-21 10:00:00+02:00,687.7564322191809
2030,sc01,05-21 11:00:00+02:00,613.7453907970979
2030,sc01,05-21 12:00:00+02:00,244.06763948088934
2030,sc01,05-21 13:00:00+02:00,224.79778264906395
2030,sc01,05-21 14:00:00+02:00,184.48053202080445
2030,sc01,05-21 15:00:00+02:00,103.42486887470565
2030,sc01,05-21 16:00:00+02:00,52.909966426753044
2030,sc01,05-21 17:00:00+02:00,64.99672544796897
2030,sc01,05-21 18:00:00+02:00,151.55567830909604
2030,sc01,05-21 19:00:00+02:00,293.36203495316227
2030,sc01,05-21 20:00:00+02:00,1346.523918959539
2030,sc01,05-21 21:00:00+02:00,985.4213090187776
2030,sc01,05-21 22:00:00+02:00,466.1298375528927
2030,sc01,05-21 23:00:00+02:00,1.7905676941154525e-12
2030,sc01,05-22 00:00:00+02:00,-9.663381206337363e-13
2030,sc01,05-22 01:00:00+02:00,-2.8421709430404007e-12
2030,sc01,05-22 02:00:00+02:00,-2.5863755581667647e-12
2030,sc01,05-22 03:00:00+02:00,7.389644451905042e-13
2030,sc01,05-22 04:00:00+02:00,-3.879563337250147e-12
2030,sc01,05-22 05:00:00+02:00,2.4797941478027496e-12
2030,sc01,05-22 06:00:00+02:00,248.80334705615925
2030,sc01,05-22 07:00:00+02:00,633.8074816089766
2030,sc01,05-22 08:00:00+02:00,560.5981006115005
2030,sc01,05-22 09:00:00+02:00,513.6011820700679
2030,sc01,05-22 10:00:00+02:00,585.166046210414
2030,sc01,05-22 11:00:00+02:00,607.6668368112196
2030,sc01,05-22 12:00:00+02:00,1748.4858364555398
2030,sc01,05-22 13:00:00+02:00,1297.4182963750372
2030,sc01,05-22 14:00:00+02:00,317.510418587488
2030,sc01,05-22 15:00:00+02:00,300.4840877410828
2030,sc01,05-22 16:00:00+02:00,233.96138944215352
2030,sc01,05-22 17:00:00+02:00,225.19066142824465
2030,sc01,05-22 18:00:00+02:00,528.9720791649617
2030,sc01,05-22 19:00:00+02:00,2066.773336504305
2030,sc01,05-22 20:00:00+02:00,3865.871573498554
2030,sc01,05-22 21:00:00+02:00,3346.7496557339946
2030,sc01,05-22 22:00:00+02:00,1962.4557579244242
2030,sc01,05-22 23:00:00+02:00,750.1197548045006
2030,sc01,05-23 00:00:00+02:00,-1.3642420526593924e-12
2030,sc01,05-23 01:00:00+02:00,-1.8758328224066645e-12
2030,sc01,05-23 02:00:00+02:00,2.9558577807620168e-12
2030,sc01,05-23 03:00:00+02:00,1.6200374375330284e-12
2030,sc01,05-23 04:00:00+02:00,237.36768363145265
2030,sc01,05-23 05:00:00+02:00,2357.075516603061
2030,sc01,05-23 06:00:00+02:00,3936.2834040305593
2030,sc01,05-23 07:00:00+02:00,2504.0111200728716
2030,sc01,05-23 08:00:00+02:00,1322.7475931871522
2030,sc01,05-23 09:00:00+02:00,957.7257378594804
2030,sc01,05-23 10:00:00+02:00,1111.1048171272919
2030,sc01,05-23 11:00:00+02:00,984.5494795244265
2030,sc01,05-23 12:00:00+02:00,664.0105825046023
2030,sc01,05-23 13:00:00+02:00,369.07458881281
2030,sc01,05-23 14:00:00+02:00,279.9054545825875
2030,sc01,05-23 15:00:00+02:00,229.28873082060466
2030,sc01,05-23 16:00:00+02:00,237.85623204020567
2030,sc01,05-23 17:00:00+02:00,420.6964734215579
2030,sc01,05-23 18:00:00+02:00,1124.5285636477288
2030,sc01,05-23 19:00:00+02:00,3297.971409482926
2030,sc01,05-23 20:00:00+02:00,3868.9430052419434
2030,sc01,05-23 21:00:00+02:00,3374.2219413194134
2030,sc01,05-23 22:00:00+02:00,2033.233250390137
2030,sc01,05-23 23:00:00+02:00,944.9558041084588
2030,sc01,05-24 00:00:00+02:00,608.3588194865631
2030,sc01,05-24 01:00:00+02:00,84.30788612773
2030,sc01,05-24 02:00:00+02:00,101.39091734699979
2030,sc01,05-24 03:00:00+02:00,63.35848502105515
2030,sc01,05-24 04:00:00+02:00,1169.5959053979996
2030,sc01,05-24 05:00:00+02:00,3602.8813454700003
2030,sc01,05-24 06:00:00+02:00,5517.859790241
2030,sc01,05-24 07:00:00+02:00,5192.233121599
2030,sc01,05-24 08:00:00+02:00,3389.673244644029
2030,sc01,05-24 09:00:00+02:00,2790.683571707664
2030,sc01,05-24 10:00:00+02:00,2416.078122725531
2030,sc01,05-24 11:00:00+02:00,1846.198170293681
2030,sc01,05-24 12:00:00+02:00,1070.0031391916725
2030,sc01,05-24 13:00:00+02:00,435.70632685363864
2030,sc01,05-24 14:00:00+02:00,203.53650398682095
2030,sc01,05-24 15:00:00+02:00,31.79049365950368
2030,sc01,05-24 16:00:00+02:00,-1.1141310096718371e-11
2030,sc01,05-24 17:00:00+02:00,4.995522683982472
2030,sc01,05-24 18:00:00+02:00,132.56147762482203
2030,sc01,05-24 19:00:00+02:00,1594.4184307890002
2030,sc01,05-24 20:00:00+02:00,2922.404563357574
2030,sc01,05-24 21:00:00+02:00,2500.5828502119166
2030,sc01,05-24 22:00:00+02:00,1304.7778443447653
2030,sc01,05-24 23:00:00+02:00,0.0
2030,sc01,05-25 00:00:00+02:00,1.2505552149377763e-12
2030,sc01,05-25 01:00:00+02:00,3.637978807091713e-12
2030,sc01,05-25 02:00:00+02:00,4.632738637155853e-12
2030,sc01,05-25 03:00:00+02:00,1.5347723092418164e-12
2030,sc01,05-25 04:00:00+02:00,-7.077005648170598e-12
2030,sc01,05-25 05:00:00+02:00,-3.716138508025324e-12
2030,sc01,05-25 06:00:00+02:00,434.5520752989476
2030,sc01,05-25 07:00:00+02:00,1.1368683772161603e-13
2030,sc01,05-25 08:00:00+02:00,-2.9558577807620168e-12
2030,sc01,05-25 09:00:00+02:00,-3.183231456205249e-12
2030,sc01,05-25 10:00:00+02:00,-4.092726157978177e-12
2030,sc01,05-25 11:00:00+02:00,-2.1600499167107046e-12
2030,sc01,05-25 12:00:00+02:00,-3.865352482534945e-12
2030,sc01,05-25 13:00:00+02:00,-1.6484591469634324e-12
2030,sc01,05-25 14:00:00+02:00,-1.7905676941154525e-12
2030,sc01,05-25 15:00:00+02:00,4.547473508864641e-13
2030,sc01,05-25 16:00:00+02:00,-4.035882739117369e-12
2030,sc01,05-25 17:00:00+02:00,-1.8189894035458565e-12
2030,sc01,05-25 18:00:00+02:00,-2.7284841053187847e-12
2030,sc01,05-25 19:00:00+02:00,-1.4779288903810084e-12
2030,sc01,05-25 20:00:00+02:00,355.4365292300953
2030,sc01,05-25 21:00:00+02:00,585.3041314389887
2030,sc01,05-25 22:00:00+02:00,1.1368683772161603e-13
2030,sc01,05-25 23:00:00+02:00,2.7853275241795927e-12
2030,sc01,05-26 00:00:00+02:00,-2.4442670110147446e-12
2030,sc01,05-26 01:00:00+02:00,-3.410605131648481e-13
2030,sc01,05-26 02:00:00+02:00,6.821210263296962e-13
2030,sc01,05-26 03:00:00+02:00,1.1368683772161603e-13
2030,sc01,05-26 04:00:00+02:00,-1.9895196601282805e-12
2030,sc01,05-26 05:00:00+02:00,-1.3642420526593924e-12
2030,sc01,05-26 06:00:00+02:00,-5.115907697472721e-13
2030,sc01,05-26 07:00:00+02:00,-1.5774048733874224e-12
2030,sc01,05-26 08:00:00+02:00,-5.9117155615240335e-12
2030,sc01,05-26 09:00:00+02:00,-5.542233338928781e-13
2030,sc01,05-26 10:00:00+02:00,-1.2079226507921703e-12
2030,sc01,05-26 11:00:00+02:00,-1.8189894035458565e-12
2030,sc01,05-26 12:00:00+02:00,-4.376943252282217e-12
2030,sc01,05-26 13:00:00+02:00,-9.094947017729282e-13
2030,sc01,05-26 14:00:00+02:00,-2.2595258997171186e-12
2030,sc01,05-26 15:00:00+02:00,-2.2168933355715126e-12
2030,sc01,05-26 16:00:00+02:00,-1.1510792319313623e-12
2030,sc01,05-26 17:00:00+02:00,-2.2737367544323206e-12
2030,sc01,05-26 18:00:00+02:00,-3.865352482534945e-12
2030,sc01,05-26 19:00:00+02:00,1.7053025658242404e-13
2030,sc01,05-26 20:00:00+02:00,99.3216194621532
2030,sc01,05-26 21:00:00+02:00,2012.6585281051016
2030,sc01,05-26 22:00:00+02:00,926.9706145339164
2030,sc01,05-26 23:00:00+02:00,87.53381468175331
2030,sc01,05-27 00:00:00+02:00,-5.684341886080802e-14
2030,sc01,05-27 01:00:00+02:00,-4.376943252282217e-12
2030,sc01,05-27 02:00:00+02:00,-1.3642420526593924e-12
2030,sc01,05-27 03:00:00+02:00,-3.979039320256561e-13
2030,sc01,05-27 04:00:00+02:00,-1.2505552149377763e-12
2030,sc01,05-27 05:00:00+02:00,1.0231815394945443e-12
2030,sc01,05-27 06:00:00+02:00,3099.6047755495765
2030,sc01,05-27 07:00:00+02:00,1823.5159133778225
2030,sc01,05-27 08:00:00+02:00,784.6519999576208
2030,sc01,05-27 09:00:00+02:00,294.3252862670462
2030,sc01,05-27 10:00:00+02:00,197.41382923520655
2030,sc01,05-27 11:00:00+02:00,226.1192149639444
2030,sc01,05-27 12:00:00+02:00,185.64982451319207
2030,sc01,05-27 13:00:00+02:00,147.80045519314012
2030,sc01,05-27 14:00:00+02:00,86.46712817988964
2030,sc01,05-27 15:00:00+02:00,59.062785989461815
2030,sc01,05-27 16:00:00+02:00,41.69172113724562
2030,sc01,05-27 17:00:00+02:00,31.537017887811885
2030,sc01,05-27 18:00:00+02:00,1630.3246075264583
2030,sc01,05-27 19:00:00+02:00,2824.848058481409
2030,sc01,05-27 20:00:00+02:00,4143.177815990999
2030,sc01,05-27 21:00:00+02:00,4142.524893098274
2030,sc01,05-27 22:00:00+02:00,2939.76045733582
2030,sc01,05-27 23:00:00+02:00,1472.0262800837927
2030,sc01,05-28 00:00:00+02:00,-7.958078640513122e-13
2030,sc01,05-28 01:00:00+02:00,398.51182183266553
2030,sc01,05-28 02:00:00+02:00,-1.1368683772161603e-12
2030,sc01,05-28 03:00:00+02:00,-8.526512829121202e-13
2030,sc01,05-28 04:00:00+02:00,2.8421709430404007e-13
2030,sc01,05-28 05:00:00+02:00,-2.4726887204451486e-12
2030,sc01,05-28 06:00:00+02:00,3754.241175099887
2030,sc01,05-28 07:00:00+02:00,2443.8831444936777
2030,sc01,05-28 08:00:00+02:00,328.138885380148
2030,sc01,05-28 09:00:00+02:00,376.34932502514835
2030,sc01,05-28 10:00:00+02:00,450.27535017208425
2030,sc01,05-28 11:00:00+02:00,451.7023987283328
2030,sc01,05-28 12:00:00+02:00,331.49929466477715
2030,sc01,05-28 13:00:00+02:00,281.63550984914264
2030,sc01,05-28 14:00:00+02:00,222.14420808065165
2030,sc01,05-28 15:00:00+02:00,118.2537784758706
2030,sc01,05-28 16:00:00+02:00,63.94051335171116
2030,sc01,05-28 17:00:00+02:00,8.90161446933655
2030,sc01,05-28 18:00:00+02:00,7.389644451905042e-13
2030,sc01,05-28 19:00:00+02:00,2.5011104298755527e-12
2030,sc01,05-28 20:00:00+02:00,672.6690489678856
2030,sc01,05-28 21:00:00+02:00,849.2074955098935
2030,sc01,05-28 22:00:00+02:00,771.2767586175283
2030,sc01,05-28 23:00:00+02:00,7.105427357601002e-13
2030,sc01,05-29 00:00:00+02:00,1.3642420526593924e-12
2030,sc01,05-29 01:00:00+02:00,-1.9895196601282805e-12
2030,sc01,05-29 02:00:00+02:00,3.410605131648481e-13
2030,sc01,05-29 03:00:00+02:00,-1.2505552149377763e-12
2030,sc01,05-29 04:00:00+02:00,0.0
2030,sc01,05-29 05:00:00+02:00,8.213874025386758e-12
2030,sc01,05-29 06:00:00+02:00,1200.5724694794287
2030,sc01,05-29 07:00:00+02:00,334.3573603168236
2030,sc01,05-29 08:00:00+02:00,903.2487412032287
2030,sc01,05-29 09:00:00+02:00,484.09712989599643
2030,sc01,05-29 10:00:00+02:00,476.77075703332224
2030,sc01,05-29 11:00:00+02:00,310.93058875262795
2030,sc01,05-29 12:00:00+02:00,948.2660875610777
2030,sc01,05-29 13:00:00+02:00,476.8973592836357
2030,sc01,05-29 14:00:00+02:00,133.92074505963336
2030,sc01,05-29 15:00:00+02:00,-1.2505552149377763e-12
2030,sc01,05-29 16:00:00+02:00,2.1174173525650986e-12
2030,sc01,05-29 17:00:00+02:00,-5.9117155615240335e-12
2030,sc01,05-29 18:00:00+02:00,-3.751665644813329e-12
2030,sc01,05-29 19:00:00+02:00,971.2181845238068
2030,sc01,05-29 20:00:00+02:00,2196.5698532023007
2030,sc01,05-29 21:00:00+02:00,1834.4833452117796
2030,sc01,05-29 22:00:00+02:00,385.64391694707257
2030,sc01,05-29 23:00:00+02:00,1.3073986337985843e-12
2030,sc01,05-30 00:00:00+02:00,1.7053025658242404e-13
2030,sc01,05-30 01:00:00+02:00,-3.126388037344441e-12
2030,sc01,05-30 02:00:00+02:00,-3.751665644813329e-12
2030,sc01,05-30 03:00:00+02:00,-1.9326762412674725e-12
2030,sc01,05-30 04:00:00+02:00,-7.958078640513122e-13
2030,sc01,05-30 05:00:00+02:00,1.1084466677857563e-12
2030,sc01,05-30 06:00:00+02:00,361.44025659508054
2030,sc01,05-30 07:00:00+02:00,754.0522372116105
2030,sc01,05-30 08:00:00+02:00,583.884242957998
2030,sc01,05-30 09:00:00+02:00,282.4088263712507
2030,sc01,05-30 10:00:00+02:00,235.2565045390338
2030,sc01,05-30 11:00:00+02:00,492.51118252571837
2030,sc01,05-30 12:00:00+02:00,351.60461235285106
2030,sc01,05-30 13:00:00+02:00,10.66410297036316
2030,sc01,05-30 14:00:00+02:00,1.7053025658242404e-12
2030,sc01,05-30 15:00:00+02:00,-4.888534022029489e-12
2030,sc01,05-30 16:00:00+02:00,4.547473508864641e-13
2030,sc01,05-30 17:00:00+02:00,1.5916157281026244e-12
2030,sc01,05-30 18:00:00+02:00,31.39628204846815
2030,sc01,05-30 19:00:00+02:00,-5.684341886080801e-13
2030,sc01,05-30 20:00:00+02:00,140.11631556076355
2030,sc01,05-30 21:00:00+02:00,367.4112322299385
2030,sc01,05-30 22:00:00+02:00,47.10421742199216
2030,sc01,05-30 23:00:00+02:00,4.206412995699793e-12
2030,sc01,05-31 00:00:00+02:00,-7.958078640513122e-13
2030,sc01,05-31 01:00:00+02:00,3.979039320256561e-13
2030,sc01,05-31 02:00:00+02:00,-3.0127011996228248e-12
2030,sc01,05-31 03:00:00+02:00,-1.7053025658242404e-12
2030,sc01,05-31 04:00:00+02:00,-1.6484591469634324e-12
2030,sc01,05-31 05:00:00+02:00,-1.7905676941154525e-12
2030,sc01,05-31 06:00:00+02:00,146.03902877862498
2030,sc01,05-31 07:00:00+02:00,234.59561554250183
2030,sc01,05-31 08:00:00+02:00,229.17492007462488
2030,sc01,05-31 09:00:00+02:00,305.15365595839535
2030,sc01,05-31 10:00:00+02:00,237.11997099362395
2030,sc01,05-31 11:00:00+02:00,1203.7851215830533
2030,sc01,05-31 12:00:00+02:00,717.9478618570195
2030,sc01,05-31 13:00:00+02:00,362.97277993158184
2030,sc01,05-31 14:00:00+02:00,100.79047916186244
2030,sc01,05-31 15:00:00+02:00,4.774847184307873e-12
2030,sc01,05-31 16:00:00+02:00,1.261923898709938e-11
2030,sc01,05-31 17:00:00+02:00,-7.958078640513122e-13
2030,sc01,05-31 18:00:00+02:00,607.1220123255522
2030,sc01,05-31 19:00:00+02:00,1824.3022738855043
2030,sc01,05-31 20:00:00+02:00,3624.2792585782045
2030,sc01,05-31 21:00:00+02:00,3532.6556505648114
2030,sc01,05-31 22:00:00+02:00,1081.386241967379
2030,sc01,05-31 23:00:00+02:00,41.138671194656126
2030,sc01,06-01 00:00:00+02:00,-7.958078640513122e-13
2030,sc01,06-01 01:00:00+02:00,-7.958078640513122e-13
2030,sc01,06-01 02:00:00+02:00,-1.6484591469634324e-12
2030,sc01,06-01 03:00:00+02:00,-1.7621459846850485e-12
2030,sc01,06-01 04:00:00+02:00,-2.6147972675971687e-12
2030,sc01,06-01 05:00:00+02:00,-2.9558577807620168e-12
2030,sc01,06-01 06:00:00+02:00,-3.922195901395753e-12
2030,sc01,06-01 07:00:00+02:00,130.31209675344303
2030,sc01,06-01 08:00:00+02:00,96.26451881424589
2030,sc01,06-01 09:00:00+02:00,15.08101407318469
2030,sc01,06-01 10:00:00+02:00,-2.6147972675971687e-11
2030,sc01,06-01 11:00:00+02:00,1.7280399333685637e-11
2030,sc01,06-01 12:00:00+02:00,-2.9558577807620168e-12
2030,sc01,06-01 13:00:00+02:00,9.038103598868474e-12
2030,sc01,06-01 14:00:00+02:00,-3.211653165635653e-12
2030,sc01,06-01 15:00:00+02:00,3.069544618483633e-12
2030,sc01,06-01 16:00:00+02:00,3.637978807091713e-12
2030,sc01,06-01 17:00:00+02:00,3.0127011996228248e-12
2030,sc01,06-01 18:00:00+02:00,2.9558577807620168e-12
2030,sc01,06-01 19:00:00+02:00,676.4963952091496
2030,sc01,06-01 20:00:00+02:00,2355.494041867854
2030,sc01,06-01 21:00:00+02:00,2612.881693765466
2030,sc01,06-01 22:00:00+02:00,1676.4813794947631
2030,sc01,06-01 23:00:00+02:00,758.664853081352
2030,sc01,06-02 00:00:00+02:00,116.56525785336044
2030,sc01,06-02 01:00:00+02:00,-1.1368683772161603e-12
2030,sc01,06-02 02:00:00+02:00,-1.0231815394945443e-12
2030,sc01,06-02 03:00:00+02:00,-1.1368683772161603e-12
2030,sc01,06-02 04:00:00+02:00,-6.252776074688882e-13
2030,sc01,06-02 05:00:00+02:00,-9.094947017729282e-13
2030,sc01,06-02 06:00:00+02:00,-3.410605131648481e-13
2030,sc01,06-02 07:00:00+02:00,-1.2221335055073723e-12
2030,sc01,06-02 08:00:00+02:00,-2.0463630789890885e-12
2030,sc01,06-02 09:00:00+02:00,-1.3642420526593924e-12
2030,sc01,06-02 10:00:00+02:00,-6.480149750132114e-12
2030,sc01,06-02 11:00:00+02:00,-4.376943252282217e-12
2030,sc01,06-02 12:00:00+02:00,-3.637978807091713e-12
2030,sc01,06-02 13:00:00+02:00,-8.242295734817162e-13
2030,sc01,06-02 14:00:00+02:00,3.694822225952521e-12
2030,sc01,06-02 15:00:00+02:00,1.0970779840135947e-11
2030,sc01,06-02 16:00:00+02:00,-1.2505552149377763e-12
2030,sc01,06-02 17:00:00+02:00,6.59383658785373e-12
2030,sc01,06-02 18:00:00+02:00,-5.684341886080801e-13
2030,sc01,06-02 19:00:00+02:00,392.0192308278753
2030,sc01,06-02 20:00:00+02:00,1581.263093059882
2030,sc01,06-02 21:00:00+02:00,1492.1430466699014
2030,sc01,06-02 22:00:00+02:00,-2.2737367544323206e-12
2030,sc01,06-02 23:00:00+02:00,3.410605131648481e-13
2030,sc01,06-03 00:00:00+02:00,2.6147972675971687e-12
2030,sc01,06-03 01:00:00+02:00,-1.0231815394945443e-12
2030,sc01,06-03 02:00:00+02:00,-2.7284841053187847e-12
2030,sc01,06-03 03:00:00+02:00,-1.8758328224066645e-12
2030,sc01,06-03 04:00:00+02:00,0.0
2030,sc01,06-03 05:00:00+02:00,2.0179413695586845e-12
2030,sc01,06-03 06:00:00+02:00,2045.9579806078343
2030,sc01,06-03 07:00:00+02:00,1308.872388017
2030,sc01,06-03 08:00:00+02:00,2406.2666643834705
2030,sc01,06-03 09:00:00+02:00,2222.428660979597
2030,sc01,06-03 10:00:00+02:00,2352.0872202560504
2030,sc01,06-03 11:00:00+02:00,2114.404503375184
2030,sc01,06-03 12:00:00+02:00,264.4762607622624
2030,sc01,06-03 13:00:00+02:00,204.24610030066435
2030,sc01,06-03 14:00:00+02:00,175.67736248905828
2030,sc01,06-03 15:00:00+02:00,60.71610531470981
2030,sc01,06-03 16:00:00+02:00,5.648006205951106
2030,sc01,06-03 17:00:00+02:00,-3.603872755775228e-11
2030,sc01,06-03 18:00:00+02:00,1479.9817448623908
2030,sc01,06-03 19:00:00+02:00,2322.7800001553996
2030,sc01,06-03 20:00:00+02:00,3827.37138220506
2030,sc01,06-03 21:00:00+02:00,4096.599342275194
2030,sc01,06-03 22:00:00+02:00,2952.9084229687155
2030,sc01,06-03 23:00:00+02:00,7.673861546209082e-13
2030,sc01,06-04 00:00:00+02:00,-4.092726157978177e-12
2030,sc01,06-04 01:00:00+02:00,-4.092726157978177e-12
2030,sc01,06-04 02:00:00+02:00,-9.094947017729282e-13
2030,sc01,06-04 03:00:00+02:00,1.1368683772161603e-12
2030,sc01,06-04 04:00:00+02:00,-5.684341886080802e-14
2030,sc01,06-04 05:00:00+02:00,1367.1824432443093
2030,sc01,06-04 06:00:00+02:00,3605.043916665473
2030,sc01,06-04 07:00:00+02:00,1600.8600795674422
2030,sc01,06-04 08:00:00+02:00,2915.7846022298327
2030,sc01,06-04 09:00:00+02:00,2673.157115860959
2030,sc01,06-04 10:00:00+02:00,2395.83731139078
2030,sc01,06-04 11:00:00+02:00,2084.84589244978
2030,sc01,06-04 12:00:00+02:00,1882.962697922277
2030,sc01,06-04 13:00:00+02:00,3085.4919008284933
2030,sc01,06-04 14:00:00+02:00,3042.729325918453
2030,sc01,06-04 15:00:00+02:00,3291.989273483874
2030,sc01,06-04 16:00:00+02:00,3644.4374461556586
2030,sc01,06-04 17:00:00+02:00,3599.1578451726946
2030,sc01,06-04 18:00:00+02:00,3754.1000012690056
2030,sc01,06-04 19:00:00+02:00,4644.768440736
2030,sc01,06-04 20:00:00+02:00,4836.743257051864
2030,sc01,06-04 21:00:00+02:00,3590.988728109497
2030,sc01,06-04 22:00:00+02:00,2320.8110642908255
2030,sc01,06-04 23:00:00+02:00,-1.6200374375330284e-12
2030,sc01,06-05 00:00:00+02:00,-3.467448550509289e-12
2030,sc01,06-05 01:00:00+02:00,-5.684341886080802e-14
2030,sc01,06-05 02:00:00+02:00,-4.547473508864641e-13
2030,sc01,06-05 03:00:00+02:00,-7.389644451905042e-13
2030,sc01,06-05 04:00:00+02:00,-5.115907697472721e-12
2030,sc01,06-05 05:00:00+02:00,-6.0822458181064576e-12
2030,sc01,06-05 06:00:00+02:00,792.1886492042152
2030,sc01,06-05 07:00:00+02:00,2087.3492116090006
2030,sc01,06-05 08:00:00+02:00,1707.5819313198342
2030,sc01,06-05 09:00:00+02:00,1366.1189073758085
2030,sc01,06-05 10:00:00+02:00,896.8182143501201
2030,sc01,06-05 11:00:00+02:00,3816.869805203888
2030,sc01,06-05 12:00:00+02:00,3192.2768020259464
2030,sc01,06-05 13:00:00+02:00,2942.304713676577
2030,sc01,06-05 14:00:00+02:00,2871.2457895851126
2030,sc01,06-05 15:00:00+02:00,2712.398509474428
2030,sc01,06-05 16:00:00+02:00,2759.132665627358
2030,sc01,06-05 17:00:00+02:00,2771.10123091868
2030,sc01,06-05 18:00:00+02:00,2675.762751407843
2030,sc01,06-05 19:00:00+02:00,3129.306869208043
2030,sc01,06-05 20:00:00+02:00,4566.5699771279815
2030,sc01,06-05 21:00:00+02:00,4074.837694047641
2030,sc01,06-05 22:00:00+02:00,2419.456185575381
2030,sc01,06-05 23:00:00+02:00,-2.2737367544323206e-13
2030,sc01,06-06 00:00:00+02:00,4.575895218295045e-12
2030,sc01,06-06 01:00:00+02:00,9.663381206337363e-13
2030,sc01,06-06 02:00:00+02:00,-1.1368683772161603e-13
2030,sc01,06-06 03:00:00+02:00,-3.694822225952521e-13
2030,sc01,06-06 04:00:00+02:00,-2.8279600883251987e-12
2030,sc01,06-06 05:00:00+02:00,-4.973799150320701e-13
2030,sc01,06-06 06:00:00+02:00,2443.429550526087
2030,sc01,06-06 07:00:00+02:00,1122.4261614338332
2030,sc01,06-06 08:00:00+02:00,380.09137878486035
2030,sc01,06-06 09:00:00+02:00,263.838072381812
2030,sc01,06-06 10:00:00+02:00,256.47295383599794
2030,sc01,06-06 11:00:00+02:00,686.4670599753886
2030,sc01,06-06 12:00:00+02:00,109.02624478454447
2030,sc01,06-06 13:00:00+02:00,78.11338270500369
2030,sc01,06-06 14:00:00+02:00,62.232264767091806
2030,sc01,06-06 15:00:00+02:00,17.938485737733572
2030,sc01,06-06 16:00:00+02:00,103.99665495298973
2030,sc01,06-06 17:00:00+02:00,1049.145400473415
2030,sc01,06-06 18:00:00+02:00,1504.2941824124791
2030,sc01,06-06 19:00:00+02:00,2834.0313813735443
2030,sc01,06-06 20:00:00+02:00,4198.23152137996
2030,sc01,06-06 21:00:00+02:00,3545.1830937931973
2030,sc01,06-06 22:00:00+02:00,2502.0411982331802
2030,sc01,06-06 23:00:00+02:00,-6.0822458181064576e-12
2030,sc01,06-07 00:00:00+02:00,-2.3874235921539366e-12
2030,sc01,06-07 01:00:00+02:00,-4.035882739117369e-12
2030,sc01,06-07 02:00:00+02:00,-1.1368683772161603e-12
2030,sc01,06-07 03:00:00+02:00,-1.7621459846850485e-12
2030,sc01,06-07 04:00:00+02:00,-3.751665644813329e-12
2030,sc01,06-07 05:00:00+02:00,415.75666784338944
2030,sc01,06-07 06:00:00+02:00,2370.6756307839996
2030,sc01,06-07 07:00:00+02:00,1431.0094995419995
2030,sc01,06-07 08:00:00+02:00,1127.0446972065786
2030,sc01,06-07 09:00:00+02:00,883.8134517781465
2030,sc01,06-07 10:00:00+02:00,3736.33893142643
2030,sc01,06-07 11:00:00+02:00,3513.3284129488934
2030,sc01,06-07 12:00:00+02:00,3381.9114496538623
2030,sc01,06-07 13:00:00+02:00,2994.6388404437116
2030,sc01,06-07 14:00:00+02:00,3064.8030637771085
2030,sc01,06-07 15:00:00+02:00,2858.820314667755
2030,sc01,06-07 16:00:00+02:00,2594.13585543534
2030,sc01,06-07 17:00:00+02:00,2421.806281419876
2030,sc01,06-07 18:00:00+02:00,2445.020999459215
2030,sc01,06-07 19:00:00+02:00,2765.6397714778905
2030,sc01,06-07 20:00:00+02:00,4032.7730609689997
2030,sc01,06-07 21:00:00+02:00,3924.9401205269996
2030,sc01,06-07 22:00:00+02:00,2181.7102781631847
2030,sc01,06-07 23:00:00+02:00,1066.9254938230995
2030,sc01,06-08 00:00:00+02:00,-8.526512829121202e-13
2030,sc01,06-08 01:00:00+02:00,-2.3874235921539366e-12
2030,sc01,06-08 02:00:00+02:00,-1.9326762412674725e-12
2030,sc01,06-08 03:00:00+02:00,-6.821210263296962e-13
2030,sc01,06-08 04:00:00+02:00,5.684341886080802e-14
2030,sc01,06-08 05:00:00+02:00,-1.3642420526593924e-12
2030,sc01,06-08 06:00:00+02:00,0.0
2030,sc01,06-08 07:00:00+02:00,43.073569509129015
2030,sc01,06-08 08:00:00+02:00,52.77212843764602
2030,sc01,06-08 09:00:00+02:00,37.48740583683286
2030,sc01,06-08 10:00:00+02:00,39.38938571348737
2030,sc01,06-08 11:00:00+02:00,13.867869279653178
2030,sc01,06-08 12:00:00+02:00,-4.092726157978177e-12
2030,sc01,06-08 13:00:00+02:00,1.9326762412674725e-12
2030,sc01,06-08 14:00:00+02:00,-7.958078640513122e-13
2030,sc01,06-08 15:00:00+02:00,7.474909580196254e-12
2030,sc01,06-08 16:00:00+02:00,1.0373923942097463e-11
2030,sc01,06-08 17:00:00+02:00,-2.2737367544323206e-13
2030,sc01,06-08 18:00:00+02:00,1.1596057447604835e-11
2030,sc01,06-08 19:00:00+02:00,-1.2278178473934531e-11
2030,sc01,06-08 20:00:00+02:00,320.0822779449668
2030,sc01,06-08 21:00:00+02:00,258.1179083251586
2030,sc01,06-08 22:00:00+02:00,3.410605131648481e-13
2030,sc01,06-08 23:00:00+02:00,2.7853275241795927e-12
2030,sc01,06-09 00:00:00+02:00,-2.1600499167107046e-12
2030,sc01,06-09 01:00:00+02:00,-1.7621459846850485e-12
2030,sc01,06-09 02:00:00+02:00,-2.8990143619012088e-12
2030,sc01,06-09 03:00:00+02:00,-2.1884716261411086e-12
2030,sc01,06-09 04:00:00+02:00,-1.4495071809506044e-12
2030,sc01,06-09 05:00:00+02:00,-2.7000623958883807e-12
2030,sc01,06-09 06:00:00+02:00,-2.9274360713316128e-12
2030,sc01,06-09 07:00:00+02:00,-1.9468870959826745e-12
2030,sc01,06-09 08:00:00+02:00,-4.277467269275803e-12
2030,sc01,06-09 09:00:00+02:00,4.334310688136611e-12
2030,sc01,06-09 10:00:00+02:00,1.6768808563938364e-12
2030,sc01,06-09 11:00:00+02:00,-3.410605131648481e-11
2030,sc01,06-09 12:00:00+02:00,-3.723243935382925e-12
2030,sc01,06-09 13:00:00+02:00,3.382183422218077e-12
2030,sc01,06-09 14:00:00+02:00,-2.3021584638627246e-12
2030,sc01,06-09 15:00:00+02:00,1.4210854715202004e-13
2030,sc01,06-09 16:00:00+02:00,4.234834705130197e-12
2030,sc01,06-09 17:00:00+02:00,-3.865352482534945e-12
2030,sc01,06-09 18:00:00+02:00,-1.5347723092418164e-12
2030,sc01,06-09 19:00:00+02:00,-1.8189894035458565e-12
2030,sc01,06-09 20:00:00+02:00,1548.4659965415892
2030,sc01,06-09 21:00:00+02:00,1605.3564923576241
2030,sc01,06-09 22:00:00+02:00,473.3925051377771
2030,sc01,06-09 23:00:00+02:00,-2.3874235921539366e-12
2030,sc01,06-10 00:00:00+02:00,-3.069544618483633e-12
2030,sc01,06-10 01:00:00+02:00,-2.2737367544323206e-13
2030,sc01,06-10 02:00:00+02:00,1.4779288903810084e-12
2030,sc01,06-10 03:00:00+02:00,-2.3874235921539366e-12
2030,sc01,06-10 04:00:00+02:00,-1.0231815394945443e-12
2030,sc01,06-10 05:00:00+02:00,-8.384404281969182e-13
2030,sc01,06-10 06:00:00+02:00,9.094947017729282e-13
2030,sc01,06-10 07:00:00+02:00,26.560100821311607
2030,sc01,06-10 08:00:00+02:00,103.18913356829626
2030,sc01,06-10 09:00:00+02:00,270.5909873853202
2030,sc01,06-10 10:00:00+02:00,305.2522136334008
2030,sc01,06-10 11:00:00+02:00,879.3013993739298
2030,sc01,06-10 12:00:00+02:00,754.0002727697716
2030,sc01,06-10 13:00:00+02:00,736.1941015551906
2030,sc01,06-10 14:00:00+02:00,572.2394648059021
2030,sc01,06-10 15:00:00+02:00,678.3105617052928
2030,sc01,06-10 16:00:00+02:00,777.0604598152481
2030,sc01,06-10 17:00:00+02:00,726.4877042164636
2030,sc01,06-10 18:00:00+02:00,712.5496250174488
2030,sc01,06-10 19:00:00+02:00,1256.5247196440273
2030,sc01,06-10 20:00:00+02:00,3175.3990541490743
2030,sc01,06-10 21:00:00+02:00,1798.7469502636798
2030,sc01,06-10 22:00:00+02:00,541.0329771891799
2030,sc01,06-10 23:00:00+02:00,-6.252776074688882e-13
2030,sc01,06-11 00:00:00+02:00,1.3642420526593924e-12
2030,sc01,06-11 01:00:00+02:00,-2.8421709430404007e-13
2030,sc01,06-11 02:00:00+02:00,1.3642420526593924e-12
2030,sc01,06-11 03:00:00+02:00,9.663381206337363e-13
2030,sc01,06-11 04:00:00+02:00,1.0800249583553523e-12
2030,sc01,06-11 05:00:00+02:00,5.030642569181509e-12
2030,sc01,06-11 06:00:00+02:00,1409.8320931042592
2030,sc01,06-11 07:00:00+02:00,845.8324388301564
2030,sc01,06-11 08:00:00+02:00,1620.6031336692038
2030,sc01,06-11 09:00:00+02:00,1493.8073868960146
2030,sc01,06-11 10:00:00+02:00,3748.1868087122994
2030,sc01,06-11 11:00:00+02:00,3433.520430358289
2030,sc01,06-11 12:00:00+02:00,3126.1530944541437
2030,sc01,06-11 13:00:00+02:00,2795.677850892228
2030,sc01,06-11 14:00:00+02:00,2543.5778215521054
2030,sc01,06-11 15:00:00+02:00,2127.7535611969497
2030,sc01,06-11 16:00:00+02:00,2247.290186607497
2030,sc01,06-11 17:00:00+02:00,2386.6250608324644
2030,sc01,06-11 18:00:00+02:00,2620.8484749330096
2030,sc01,06-11 19:00:00+02:00,3185.834091354091
2030,sc01,06-11 20:00:00+02:00,972.5908414997185
2030,sc01,06-11 21:00:00+02:00,1012.1864245201732
2030,sc01,06-11 22:00:00+02:00,345.56626702520555
2030,sc01,06-11 23:00:00+02:00,-4.320099833421409e-12
2030,sc01,06-12 00:00:00+02:00,1.3642420526593924e-12
2030,sc01,06-12 01:00:00+02:00,-3.183231456205249e-12
2030,sc01,06-12 02:00:00+02:00,5.115907697472721e-13
2030,sc01,06-12 03:00:00+02:00,8.526512829121202e-13
2030,sc01,06-12 04:00:00+02:00,-4.149569576838985e-12
2030,sc01,06-12 05:00:00+02:00,46.590387104991294
2030,sc01,06-12 06:00:00+02:00,1188.955460231628
2030,sc01,06-12 07:00:00+02:00,1054.9698367878188
2030,sc01,06-12 08:00:00+02:00,693.2346821124316
2030,sc01,06-12 09:00:00+02:00,582.7944492439376
2030,sc01,06-12 10:00:00+02:00,873.9498325246706
2030,sc01,06-12 11:00:00+02:00,751.95689582942
2030,sc01,06-12 12:00:00+02:00,425.53039329236253
2030,sc01,06-12 13:00:00+02:00,359.5186167670489
2030,sc01,06-12 14:00:00+02:00,318.49442697613586
2030,sc01,06-12 15:00:00+02:00,255.91009600879784
2030,sc01,06-12 16:00:00+02:00,240.6724563168343
2030,sc01,06-12 17:00:00+02:00,1479.7457454782805
2030,sc01,06-12 18:00:00+02:00,1569.0922271796503
2030,sc01,06-12 19:00:00+02:00,455.79724874858516
2030,sc01,06-12 20:00:00+02:00,2277.89134751846
2030,sc01,06-12 21:00:00+02:00,1095.9787366096907
2030,sc01,06-12 22:00:00+02:00,426.4934117807855
2030,sc01,06-12 23:00:00+02:00,-1.3642420526593924e-12
2030,sc01,06-13 00:00:00+02:00,0.0
2030,sc01,06-13 01:00:00+02:00,-7.958078640513122e-13
2030,sc01,06-13 02:00:00+02:00,-2.3305801732931286e-12
2030,sc01,06-13 03:00:00+02:00,-1.7621459846850485e-12
2030,sc01,06-13 04:00:00+02:00,-5.684341886080801e-13
2030,sc01,06-13 05:00:00+02:00,13.493973050344266
2030,sc01,06-13 06:00:00+02:00,1157.7967599030003
2030,sc01,06-13 07:00:00+02:00,1171.5554596573813
2030,sc01,06-13 08:00:00+02:00,723.5885971869035
2030,sc01,06-13 09:00:00+02:00,909.6311885013396
2030,sc01,06-13 10:00:00+02:00,457.49971136680136
2030,sc01,06-13 11:00:00+02:00,485.0246013850068
2030,sc01,06-13 12:00:00+02:00,687.457917627273
2030,sc01,06-13 13:00:00+02:00,671.2341215425598
2030,sc01,06-13 14:00:00+02:00,483.83403316086105
2030,sc01,06-13 15:00:00+02:00,366.3536647380224
2030,sc01,06-13 16:00:00+02:00,321.05196025328854
2030,sc01,06-13 17:00:00+02:00,2195.3820567042076
2030,sc01,06-13 18:00:00+02:00,695.7567714404092
2030,sc01,06-13 19:00:00+02:00,880.8857613293081
2030,sc01,06-13 20:00:00+02:00,2168.650118544
2030,sc01,06-13 21:00:00+02:00,2148.0950035100004
2030,sc01,06-13 22:00:00+02:00,989.0695644168596
2030,sc01,06-13 23:00:00+02:00,263.59162845893695
2030,sc01,06-14 00:00:00+02:00,-2.0179413695586845e-12
2030,sc01,06-14 01:00:00+02:00,5.4427573559223674e-12
2030,sc01,06-14 02:00:00+02:00,1.3500311979441904e-12
2030,sc01,06-14 03:00:00+02:00,7.958078640513122e-13
2030,sc01,06-14 04:00:00+02:00,-1.382893799473095e-12
2030,sc01,06-14 05:00:00+02:00,1471.868820288
2030,sc01,06-14 06:00:00+02:00,3325.821284837
2030,sc01,06-14 07:00:00+02:00,2760.62431006
2030,sc01,06-14 08:00:00+02:00,1393.0653724902159
2030,sc01,06-14 09:00:00+02:00,3014.050301453961
2030,sc01,06-14 10:00:00+02:00,2953.8542615738684
2030,sc01,06-14 11:00:00+02:00,2826.642706639311
2030,sc01,06-14 12:00:00+02:00,2443.1740617671203
2030,sc01,06-14 13:00:00+02:00,2169.574791744928
2030,sc01,06-14 14:00:00+02:00,2051.788142286674
2030,sc01,06-14 15:00:00+02:00,1901.1412073413105
2030,sc01,06-14 16:00:00+02:00,4236.448091530368
2030,sc01,06-14 17:00:00+02:00,1762.7999316517416
2030,sc01,06-14 18:00:00+02:00,4061.8153548098535
2030,sc01,06-14 19:00:00+02:00,4386.598191530947
2030,sc01,06-14 20:00:00+02:00,2067.562575771
2030,sc01,06-14 21:00:00+02:00,1888.3480699702345
2030,sc01,06-14 22:00:00+02:00,655.3752178285292
2030,sc01,06-14 23:00:00+02:00,8.526512829121202e-13
2030,sc01,06-15 00:00:00+02:00,-6.536993168992922e-13
2030,sc01,06-15 01:00:00+02:00,-1.3358203432289883e-12
2030,sc01,06-15 02:00:00+02:00,-3.552713678800501e-12
2030,sc01,06-15 03:00:00+02:00,9.663381206337363e-13
2030,sc01,06-15 04:00:00+02:00,-2.4442670110147446e-12
2030,sc01,06-15 05:00:00+02:00,1.0942358130705543e-12
2030,sc01,06-15 06:00:00+02:00,-3.353761712787673e-12
2030,sc01,06-15 07:00:00+02:00,139.2543521885333
2030,sc01,06-15 08:00:00+02:00,397.2772670034194
2030,sc01,06-15 09:00:00+02:00,150.07742148896148
2030,sc01,06-15 10:00:00+02:00,157.618722069574
2030,sc01,06-15 11:00:00+02:00,136.68269706886338
2030,sc01,06-15 12:00:00+02:00,73.10983517004456
2030,sc01,06-15 13:00:00+02:00,4.177599427012183
2030,sc01,06-15 14:00:00+02:00,-2.3874235921539366e-12
2030,sc01,06-15 15:00:00+02:00,1.0231815394945443e-12
2030,sc01,06-15 16:00:00+02:00,3.410605131648481e-12
2030,sc01,06-15 17:00:00+02:00,1.1368683772161603e-12
2030,sc01,06-15 18:00:00+02:00,46.91923658157498
2030,sc01,06-15 19:00:00+02:00,20.174973524518236
2030,sc01,06-15 20:00:00+02:00,-1.0516032489249483e-12
2030,sc01,06-15 21:00:00+02:00,-3.694822225952521e-13
2030,sc01,06-15 22:00:00+02:00,-7.958078640513122e-13
2030,sc01,06-15 23:00:00+02:00,-1.1368683772161603e-13
2030,sc01,06-16 00:00:00+02:00,-1.4779288903810084e-12
2030,sc01,06-16 01:00:00+02:00,-1.5347723092418164e-12
2030,sc01,06-16 02:00:00+02:00,5.684341886080802e-14
2030,sc01,06-16 03:00:00+02:00,-1.8189894035458565e-12
2030,sc01,06-16 04:00:00+02:00,8.597567102697212e-13
2030,sc01,06-16 05:00:00+02:00,-3.296918293926865e-12
2030,sc01,06-16 06:00:00+02:00,-1.2505552149377763e-12
2030,sc01,06-16 07:00:00+02:00,-1.6342482922482304e-12
2030,sc01,06-16 08:00:00+02:00,1.0089706847793423e-12
2030,sc01,06-16 09:00:00+02:00,-5.002220859751105e-12
2030,sc01,06-16 10:00:00+02:00,2.8421709430404007e-12
2030,sc01,06-16 11:00:00+02:00,9.094947017729282e-13
2030,sc01,06-16 12:00:00+02:00,510.1959483161715
2030,sc01,06-16 13:00:00+02:00,91.44959694617665
2030,sc01,06-16 14:00:00+02:00,-4.916955731459893e-12
2030,sc01,06-16 15:00:00+02:00,-1.0061285138363019e-11
2030,sc01,06-16 16:00:00+02:00,1.4779288903810084e-12
2030,sc01,06-16 17:00:00+02:00,-6.821210263296962e-13
2030,sc01,06-16 18:00:00+02:00,173.10584176929683
2030,sc01,06-16 19:00:00+02:00,920.0893033183885
2030,sc01,06-16 20:00:00+02:00,3349.7511512769956
2030,sc01,06-16 21:00:00+02:00,646.5219725467381
2030,sc01,06-16 22:00:00+02:00,146.64731188659374
2030,sc01,06-16 23:00:00+02:00,-3.0411229090532288e-12
2030,sc01,06-17 00:00:00+02:00,1.4637180356658064e-12
2030,sc01,06-17 01:00:00+02:00,1.8456347561368602e-12
2030,sc01,06-17 02:00:00+02:00,-7.849276784099857e-14
2030,sc01,06-17 03:00:00+02:00,-1.659117287999834e-12
2030,sc01,06-17 04:00:00+02:00,-4.547473508864641e-13
2030,sc01,06-17 05:00:00+02:00,1.014655026665423e-11
2030,sc01,06-17 06:00:00+02:00,442.0219222865877
2030,sc01,06-17 07:00:00+02:00,315.46128129244437
2030,sc01,06-17 08:00:00+02:00,423.26619414035906
2030,sc01,06-17 09:00:00+02:00,558.8958077315351
2030,sc01,06-17 10:00:00+02:00,2218.876342724673
2030,sc01,06-17 11:00:00+02:00,2087.310152437928
2030,sc01,06-17 12:00:00+02:00,3272.3498165590595
2030,sc01,06-17 13:00:00+02:00,2602.1617418218516
2030,sc01,06-17 14:00:00+02:00,2169.649211844398
2030,sc01,06-17 15:00:00+02:00,1858.5305497426125
2030,sc01,06-17 16:00:00+02:00,1801.1852538764747
2030,sc01,06-17 17:00:00+02:00,1797.0072237507984
2030,sc01,06-17 18:00:00+02:00,2474.3777548442704
2030,sc01,06-17 19:00:00+02:00,3715.922044863163
2030,sc01,06-17 20:00:00+02:00,2952.4034211059998
2030,sc01,06-17 21:00:00+02:00,2613.80847127
2030,sc01,06-17 22:00:00+02:00,1226.184274511179
2030,sc01,06-17 23:00:00+02:00,-1.1937117960769683e-12
2030,sc01,06-18 00:00:00+02:00,-1.7053025658242404e-12
2030,sc01,06-18 01:00:00+02:00,-3.524291969370097e-12
2030,sc01,06-18 02:00:00+02:00,-3.694822225952521e-12
2030,sc01,06-18 03:00:00+02:00,-2.7284841053187847e-12
2030,sc01,06-18 04:00:00+02:00,-9.663381206337363e-13
2030,sc01,06-18 05:00:00+02:00,3.3874077452875326
2030,sc01,06-18 06:00:00+02:00,1409.814185212983
2030,sc01,06-18 07:00:00+02:00,1164.488724471591
2030,sc01,06-18 08:00:00+02:00,1256.9351483042092
2030,sc01,06-18 09:00:00+02:00,1301.5246076420383
2030,sc01,06-18 10:00:00+02:00,2015.5786815058455
2030,sc01,06-18 11:00:00+02:00,5316.767855948146
2030,sc01,06-18 12:00:00+02:00,4966.559402552063
2030,sc01,06-18 13:00:00+02:00,4591.659009409766
2030,sc01,06-18 14:00:00+02:00,4341.261457044264
2030,sc01,06-18 15:00:00+02:00,4134.962320070978
2030,sc01,06-18 16:00:00+02:00,4266.770981662211
2030,sc01,06-18 17:00:00+02:00,4627.80092449164
2030,sc01,06-18 18:00:00+02:00,5144.061762413214
2030,sc01,06-18 19:00:00+02:00,6022.551818719216
2030,sc01,06-18 20:00:00+02:00,6929.895353043
2030,sc01,06-18 21:00:00+02:00,6552.999685437
2030,sc01,06-18 22:00:00+02:00,5185.807747064
2030,sc01,06-18 23:00:00+02:00,2410.0054501206328
2030,sc01,06-19 00:00:00+02:00,2.8421709430404007e-12
2030,sc01,06-19 01:00:00+02:00,-3.922195901395753e-12
2030,sc01,06-19 02:00:00+02:00,1.9326762412674725e-12
2030,sc01,06-19 03:00:00+02:00,-3.0127011996228248e-12
2030,sc01,06-19 04:00:00+02:00,-4.774847184307873e-12
2030,sc01,06-19 05:00:00+02:00,372.78723368978996
2030,sc01,06-19 06:00:00+02:00,2354.887521350203
2030,sc01,06-19 07:00:00+02:00,2285.486224131643
2030,sc01,06-19 08:00:00+02:00,3097.0579995692333
2030,sc01,06-19 09:00:00+02:00,2705.2390614995156
2030,sc01,06-19 10:00:00+02:00,3906.9565905734294
2030,sc01,06-19 11:00:00+02:00,3739.356416993843
2030,sc01,06-19 12:00:00+02:00,3535.05297947262
2030,sc01,06-19 13:00:00+02:00,3263.4000455938713
2030,sc01,06-19 14:00:00+02:00,5124.976881042763
2030,sc01,06-19 15:00:00+02:00,4848.346394134479
2030,sc01,06-19 16:00:00+02:00,4686.86626115091
2030,sc01,06-19 17:00:00+02:00,4794.380770091354
2030,sc01,06-19 18:00:00+02:00,4972.942749104768
2030,sc01,06-19 19:00:00+02:00,5638.082859526
2030,sc01,06-19 20:00:00+02:00,6913.628894662
2030,sc01,06-19 21:00:00+02:00,6262.951973261359
2030,sc01,06-19 22:00:00+02:00,4511.323139180553
2030,sc01,06-19 23:00:00+02:00,3132.420547902725
2030,sc01,06-20 00:00:00+02:00,615.7504509809136
2030,sc01,06-20 01:00:00+02:00,7.673861546209082e-13
2030,sc01,06-20 02:00:00+02:00,-4.092726157978177e-12
2030,sc01,06-20 03:00:00+02:00,-8.384404281969182e-13
2030,sc01,06-20 04:00:00+02:00,-1.794120407794253e-13
2030,sc01,06-20 05:00:00+02:00,-1.8189894035458565e-12
2030,sc01,06-20 06:00:00+02:00,563.5963300277109
2030,sc01,06-20 07:00:00+02:00,795.6717456732467
2030,sc01,06-20 08:00:00+02:00,812.6872711020542
2030,sc01,06-20 09:00:00+02:00,497.6554072652807
2030,sc01,06-20 10:00:00+02:00,177.34631310388693
2030,sc01,06-20 11:00:00+02:00,1003.984572168913
2030,sc01,06-20 12:00:00+02:00,488.18578460582137
2030,sc01,06-20 13:00:00+02:00,2087.559571681875
2030,sc01,06-20 14:00:00+02:00,1813.8079599598452
2030,sc01,06-20 15:00:00+02:00,348.7964889247495
2030,sc01,06-20 16:00:00+02:00,2116.736968839028
2030,sc01,06-20 17:00:00+02:00,211.19434036569248
2030,sc01,06-20 18:00:00+02:00,2759.8106367513565
2030,sc01,06-20 19:00:00+02:00,3828.3570492617373
2030,sc01,06-20 20:00:00+02:00,5566.215008130001
2030,sc01,06-20 21:00:00+02:00,5534.636225532
2030,sc01,06-20 22:00:00+02:00,3901.372923857
2030,sc01,06-20 23:00:00+02:00,2851.001223655
2030,sc01,06-21 00:00:00+02:00,1965.664998778
2030,sc01,06-21 01:00:00+02:00,-5.684341886080802e-14
2030,sc01,06-21 02:00:00+02:00,-2.9274360713316128e-12
2030,sc01,06-21 03:00:00+02:00,-4.064304448547773e-12
2030,sc01,06-21 04:00:00+02:00,-1.8971491044794675e-12
2030,sc01,06-21 05:00:00+02:00,68.25394681430944
2030,sc01,06-21 06:00:00+02:00,1300.5678223313696
2030,sc01,06-21 07:00:00+02:00,1056.4816971323016
2030,sc01,06-21 08:00:00+02:00,1132.1260400423262
2030,sc01,06-21 09:00:00+02:00,1680.4481194996024
2030,sc01,06-21 10:00:00+02:00,1686.729396058093
2030,sc01,06-21 11:00:00+02:00,2678.170463172435
2030,sc01,06-21 12:00:00+02:00,2102.6576134932084
2030,sc01,06-21 13:00:00+02:00,2950.6656779326167
2030,sc01,06-21 14:00:00+02:00,2518.2989182132133
2030,sc01,06-21 15:00:00+02:00,2202.447153073613
2030,sc01,06-21 16:00:00+02:00,2331.397627780259
2030,sc01,06-21 17:00:00+02:00,2244.713750924645
2030,sc01,06-21 18:00:00+02:00,2516.4467909325494
2030,sc01,06-21 19:00:00+02:00,3136.221463796653
2030,sc01,06-21 20:00:00+02:00,4551.851428373
2030,sc01,06-21 21:00:00+02:00,4322.943255912
2030,sc01,06-21 22:00:00+02:00,2714.120210964356
2030,sc01,06-21 23:00:00+02:00,-2.5579538487363607e-12
2030,sc01,06-22 00:00:00+02:00,6.821210263296962e-13
2030,sc01,06-22 01:00:00+02:00,-3.183231456205249e-12
2030,sc01,06-22 02:00:00+02:00,5.684341886080801e-13
2030,sc01,06-22 03:00:00+02:00,1.7053025658242404e-12
2030,sc01,06-22 04:00:00+02:00,-3.126388037344441e-13
2030,sc01,06-22 05:00:00+02:00,-4.831690603168681e-13
2030,sc01,06-22 06:00:00+02:00,-5.684341886080801e-13
2030,sc01,06-22 07:00:00+02:00,-1.5916157281026244e-12
2030,sc01,06-22 08:00:00+02:00,-6.821210263296962e-13
2030,sc01,06-22 09:00:00+02:00,-4.433786671143025e-12
2030,sc01,06-22 10:00:00+02:00,9.094947017729282e-13
2030,sc01,06-22 11:00:00+02:00,-1.5916157281026244e-12
2030,sc01,06-22 12:00:00+02:00,-5.229594535194337e-12
2030,sc01,06-22 13:00:00+02:00,-2.0463630789890885e-12
2030,sc01,06-22 14:00:00+02:00,-3.893774191965349e-12
2030,sc01,06-22 15:00:00+02:00,5.684341886080801e-13
2030,sc01,06-22 16:00:00+02:00,1.0231815394945443e-12
2030,sc01,06-22 17:00:00+02:00,1.000444171950221e-11
2030,sc01,06-22 18:00:00+02:00,-5.4001247917767614e-12
2030,sc01,06-22 19:00:00+02:00,1.2505552149377763e-12
2030,sc01,06-22 20:00:00+02:00,1514.698720224766
2030,sc01,06-22 21:00:00+02:00,1843.2737042749873
2030,sc01,06-22 22:00:00+02:00,1111.6322736724533
2030,sc01,06-22 23:00:00+02:00,-1.5916157281026244e-12
2030,sc01,06-23 00:00:00+02:00,-5.115907697472721e-12
2030,sc01,06-23 01:00:00+02:00,-1.0231815394945443e-12
2030,sc01,06-23 02:00:00+02:00,-9.094947017729282e-13
2030,sc01,06-23 03:00:00+02:00,-2.2737367544323206e-13
2030,sc01,06-23 04:00:00+02:00,1.3642420526593924e-12
2030,sc01,06-23 05:00:00+02:00,-2.0463630789890885e-12
2030,sc01,06-23 06:00:00+02:00,-2.1742607714259066e-12
2030,sc01,06-23 07:00:00+02:00,-3.0411229090532288e-12
2030,sc01,06-23 08:00:00+02:00,-2.9416469260468148e-12
2030,sc01,06-23 09:00:00+02:00,-1.4779288903810084e-12
2030,sc01,06-23 10:00:00+02:00,-2.2737367544323206e-12
2030,sc01,06-23 11:00:00+02:00,-2.2737367544323206e-12
2030,sc01,06-23 12:00:00+02:00,7.787548383930698e-12
2030,sc01,06-23 13:00:00+02:00,9.094947017729282e-13
2030,sc01,06-23 14:00:00+02:00,-7.275957614183426e-12
2030,sc01,06-23 15:00:00+02:00,-5.6843418860808015e-12
2030,sc01,06-23 16:00:00+02:00,2.8421709430404007e-12
2030,sc01,06-23 17:00:00+02:00,-2.2737367544323206e-13
2030,sc01,06-23 18:00:00+02:00,402.0533687110096
2030,sc01,06-23 19:00:00+02:00,2123.7697562378894
2030,sc01,06-23 20:00:00+02:00,3034.782731112464
2030,sc01,06-23 21:00:00+02:00,2687.2880073157407
2030,sc01,06-23 22:00:00+02:00,2153.588230770509
2030,sc01,06-23 23:00:00+02:00,-2.2737367544323206e-13
2030,sc01,06-24 00:00:00+02:00,-1.1368683772161603e-12
2030,sc01,06-24 01:00:00+02:00,1.4210854715202004e-13
2030,sc01,06-24 02:00:00+02:00,-1.4210854715202004e-13
2030,sc01,06-24 03:00:00+02:00,3.197442310920451e-13
2030,sc01,06-24 04:00:00+02:00,-3.3306690738754696e-12
2030,sc01,06-24 05:00:00+02:00,-1.0032863428932615e-11
2030,sc01,06-24 06:00:00+02:00,579.7461660616588
2030,sc01,06-24 07:00:00+02:00,2368.5098672149993
2030,sc01,06-24 08:00:00+02:00,1025.4707942462328
2030,sc01,06-24 09:00:00+02:00,608.8262355676945
2030,sc01,06-24 10:00:00+02:00,658.7540488077567
2030,sc01,06-24 11:00:00+02:00,2690.741603767231
2030,sc01,06-24 12:00:00+02:00,2458.6829384508724
2030,sc01,06-24 13:00:00+02:00,2048.465032236749
2030,sc01,06-24 14:00:00+02:00,2255.5724536213884
2030,sc01,06-24 15:00:00+02:00,2688.5207466867882
2030,sc01,06-24 16:00:00+02:00,2453.200587113821
2030,sc01,06-24 17:00:00+02:00,2070.4102512451627
2030,sc01,06-24 18:00:00+02:00,2257.91884847038
2030,sc01,06-24 19:00:00+02:00,3117.100673169957
2030,sc01,06-24 20:00:00+02:00,4111.970837688278
2030,sc01,06-24 21:00:00+02:00,3579.055968804629
2030,sc01,06-24 22:00:00+02:00,2153.297807825704
2030,sc01,06-24 23:00:00+02:00,1135.7456640498958
2030,sc01,06-25 00:00:00+02:00,3.3445246572227916e-11
2030,sc01,06-25 01:00:00+02:00,-3.75877107217093e-12
2030,sc01,06-25 02:00:00+02:00,-1.77280412572145e-12
2030,sc01,06-25 03:00:00+02:00,9.450218385609332e-13
2030,sc01,06-25 04:00:00+02:00,-4.440892098500626e-12
2030,sc01,06-25 05:00:00+02:00,154.6045880003355
2030,sc01,06-25 06:00:00+02:00,1196.7998550635075
2030,sc01,06-25 07:00:00+02:00,1262.6390759249994
2030,sc01,06-25 08:00:00+02:00,382.0409165275001
2030,sc01,06-25 09:00:00+02:00,333.5196449374297
2030,sc01,06-25 10:00:00+02:00,1862.2590265054375
2030,sc01,06-25 11:00:00+02:00,1980.2943426786708
2030,sc01,06-25 12:00:00+02:00,2027.9482290425617
2030,sc01,06-25 13:00:00+02:00,1731.7665078113787
2030,sc01,06-25 14:00:00+02:00,1612.09694242085
2030,sc01,06-25 15:00:00+02:00,1709.186492188172
2030,sc01,06-25 16:00:00+02:00,1963.2637078195971
2030,sc01,06-25 17:00:00+02:00,4176.820567414193
2030,sc01,06-25 18:00:00+02:00,4412.765589511044
2030,sc01,06-25 19:00:00+02:00,3523.9498805927356
2030,sc01,06-25 20:00:00+02:00,4675.647579413875
2030,sc01,06-25 21:00:00+02:00,4465.463722280234
2030,sc01,06-25 22:00:00+02:00,2931.9682084629303
2030,sc01,06-25 23:00:00+02:00,1621.125393374716
2030,sc01,06-26 00:00:00+02:00,989.9428835954608
2030,sc01,06-26 01:00:00+02:00,1.6001422409317456e-11
2030,sc01,06-26 02:00:00+02:00,0.0
2030,sc01,06-26 03:00:00+02:00,-1.5006662579253316e-11
2030,sc01,06-26 04:00:00+02:00,2.2453150450019166e-12
2030,sc01,06-26 05:00:00+02:00,220.78549898422364
2030,sc01,06-26 06:00:00+02:00,1659.5495608329825
2030,sc01,06-26 07:00:00+02:00,1191.492468416713
2030,sc01,06-26 08:00:00+02:00,809.1800811353519
2030,sc01,06-26 09:00:00+02:00,855.6873343618807
2030,sc01,06-26 10:00:00+02:00,853.0333009528146
2030,sc01,06-26 11:00:00+02:00,2208.659003812204
2030,sc01,06-26 12:00:00+02:00,1407.5627593747158
2030,sc01,06-26 13:00:00+02:00,797.7721153458787
2030,sc01,06-26 14:00:00+02:00,466.1955962641571
2030,sc01,06-26 15:00:00+02:00,381.3676365348646
2030,sc01,06-26 16:00:00+02:00,348.991533042804
2030,sc01,06-26 17:00:00+02:00,1053.5233108014536
2030,sc01,06-26 18:00:00+02:00,1330.6728707124666
2030,sc01,06-26 19:00:00+02:00,2265.8128046673896
2030,sc01,06-26 20:00:00+02:00,1514.1220611677445
2030,sc01,06-26 21:00:00+02:00,1530.6958057831837
2030,sc01,06-26 22:00:00+02:00,585.8766639227758
2030,sc01,06-26 23:00:00+02:00,28.64761976125375
2030,sc01,06-27 00:00:00+02:00,2.3021584638627246e-12
2030,sc01,06-27 01:00:00+02:00,-1.9326762412674725e-12
2030,sc01,06-27 02:00:00+02:00,-3.524291969370097e-12
2030,sc01,06-27 03:00:00+02:00,-1.4210854715202004e-12
2030,sc01,06-27 04:00:00+02:00,-1.0231815394945443e-12
2030,sc01,06-27 05:00:00+02:00,-6.252776074688882e-13
2030,sc01,06-27 06:00:00+02:00,344.4704492051385
2030,sc01,06-27 07:00:00+02:00,1279.5641723524886
2030,sc01,06-27 08:00:00+02:00,248.81204425871476
2030,sc01,06-27 09:00:00+02:00,288.0562135201
2030,sc01,06-27 10:00:00+02:00,332.08484976723565
2030,sc01,06-27 11:00:00+02:00,370.7713853767335
2030,sc01,06-27 12:00:00+02:00,348.0441225829778
2030,sc01,06-27 13:00:00+02:00,287.5828632324535
2030,sc01,06-27 14:00:00+02:00,255.48055524005372
2030,sc01,06-27 15:00:00+02:00,205.69289181613385
2030,sc01,06-27 16:00:00+02:00,156.55692945997998
2030,sc01,06-27 17:00:00+02:00,856.1625220054436
2030,sc01,06-27 18:00:00+02:00,1024.8435858536786
2030,sc01,06-27 19:00:00+02:00,2374.2462715295387
2030,sc01,06-27 20:00:00+02:00,4516.098687930217
2030,sc01,06-27 21:00:00+02:00,4583.413587389994
2030,sc01,06-27 22:00:00+02:00,1922.2363070211895
2030,sc01,06-27 23:00:00+02:00,718.4186018287128
2030,sc01,06-28 00:00:00+02:00,119.93187315475986
2030,sc01,06-28 01:00:00+02:00,2.3163693185779266e-12
2030,sc01,06-28 02:00:00+02:00,9.237055564881302e-14
2030,sc01,06-28 03:00:00+02:00,-4.547473508864641e-13
2030,sc01,06-28 04:00:00+02:00,-4.405364961712621e-13
2030,sc01,06-28 05:00:00+02:00,652.3135117165266
2030,sc01,06-28 06:00:00+02:00,1632.6584879328523
2030,sc01,06-28 07:00:00+02:00,346.1399721639266
2030,sc01,06-28 08:00:00+02:00,181.81616024379537
2030,sc01,06-28 09:00:00+02:00,205.2527385722619
2030,sc01,06-28 10:00:00+02:00,229.31406272248714
2030,sc01,06-28 11:00:00+02:00,546.5028610339415
2030,sc01,06-28 12:00:00+02:00,352.61650920934153
2030,sc01,06-28 13:00:00+02:00,228.66755672753538
2030,sc01,06-28 14:00:00+02:00,175.55892768737294
2030,sc01,06-28 15:00:00+02:00,121.50345259964348
2030,sc01,06-28 16:00:00+02:00,64.79872220495281
2030,sc01,06-28 17:00:00+02:00,864.8000303934539
2030,sc01,06-28 18:00:00+02:00,1074.951732766605
2030,sc01,06-28 19:00:00+02:00,2083.5234671507674
2030,sc01,06-28 20:00:00+02:00,3811.5385746279785
2030,sc01,06-28 21:00:00+02:00,3549.450309983532
2030,sc01,06-28 22:00:00+02:00,2423.3503143071057
2030,sc01,06-28 23:00:00+02:00,230.51110260240793
2030,sc01,06-29 00:00:00+02:00,-2.2168933355715126e-12
2030,sc01,06-29 01:00:00+02:00,3.211653165635653e-12
2030,sc01,06-29 02:00:00+02:00,-4.490630090003833e-12
2030,sc01,06-29 03:00:00+02:00,1.7053025658242404e-12
2030,sc01,06-29 04:00:00+02:00,-8.242295734817162e-13
2030,sc01,06-29 05:00:00+02:00,1.0942358130705543e-12
2030,sc01,06-29 06:00:00+02:00,-2.7995383788947947e-12
2030,sc01,06-29 07:00:00+02:00,29.525083650466854
2030,sc01,06-29 08:00:00+02:00,2.6716406864579767e-11
2030,sc01,06-29 09:00:00+02:00,-4.774847184307873e-12
2030,sc01,06-29 10:00:00+02:00,-1.3869794202037156e-11
2030,sc01,06-29 11:00:00+02:00,1.2846612662542611e-11
2030,sc01,06-29 12:00:00+02:00,-4.547473508864641e-13
2030,sc01,06-29 13:00:00+02:00,-2.2737367544323206e-12
2030,sc01,06-29 14:00:00+02:00,-4.547473508864641e-13
2030,sc01,06-29 15:00:00+02:00,-1.3642420526593924e-12
2030,sc01,06-29 16:00:00+02:00,-1.5234036254696548e-11
2030,sc01,06-29 17:00:00+02:00,1.2505552149377763e-12
2030,sc01,06-29 18:00:00+02:00,-1.3642420526593924e-12
2030,sc01,06-29 19:00:00+02:00,-3.865352482534945e-12
2030,sc01,06-29 20:00:00+02:00,485.18511175736944
2030,sc01,06-29 21:00:00+02:00,829.17018742116
2030,sc01,06-29 22:00:00+02:00,485.19722642847273
2030,sc01,06-29 23:00:00+02:00,1.3841372492606752e-11
2030,sc01,06-30 00:00:00+02:00,-1.7053025658242404e-13
2030,sc01,06-30 01:00:00+02:00,-1.3073986337985843e-12
2030,sc01,06-30 02:00:00+02:00,-2.6716406864579767e-12
2030,sc01,06-30 03:00:00+02:00,-2.3874235921539366e-12
2030,sc01,06-30 04:00:00+02:00,-2.3732127374387346e-12
2030,sc01,06-30 05:00:00+02:00,-2.403410803708539e-12
2030,sc01,06-30 06:00:00+02:00,-2.7000623958883807e-12
2030,sc01,06-30 07:00:00+02:00,-2.3021584638627246e-12
2030,sc01,06-30 08:00:00+02:00,-2.0463630789890885e-12
2030,sc01,06-30 09:00:00+02:00,-3.865352482534945e-12
2030,sc01,06-30 10:00:00+02:00,-2.0463630789890885e-12
2030,sc01,06-30 11:00:00+02:00,-9.094947017729282e-13
2030,sc01,06-30 12:00:00+02:00,-2.2737367544323206e-12
2030,sc01,06-30 13:00:00+02:00,-3.410605131648481e-12
2030,sc01,06-30 14:00:00+02:00,-2.2737367544323206e-13
2030,sc01,06-30 15:00:00+02:00,-5.7980287238024175e-12
2030,sc01,06-30 16:00:00+02:00,1.3642420526593924e-11
2030,sc01,06-30 17:00:00+02:00,1.3642420526593924e-12
2030,sc01,06-30 18:00:00+02:00,-1.5063505998114124e-12
2030,sc01,06-30 19:00:00+02:00,-4.718003765447065e-12
2030,sc01,06-30 20:00:00+02:00,521.0248122961361
2030,sc01,06-30 21:00:00+02:00,1038.195012365794
2030,sc01,06-30 22:00:00+02:00,490.26875564033094
2030,sc01,06-30 23:00:00+02:00,-3.581135388230905e-12
2030,sc01,07-01 00:00:00+02:00,-3.808509063674137e-12
2030,sc01,07-01 01:00:00+02:00,7.389644451905042e-13
2030,sc01,07-01 02:00:00+02:00,-2.3305801732931286e-12
2030,sc01,07-01 03:00:00+02:00,4.547473508864641e-13
2030,sc01,07-01 04:00:00+02:00,3.694822225952521e-13
2030,sc01,07-01 05:00:00+02:00,-1.3216094885137863e-12
2030,sc01,07-01 06:00:00+02:00,461.6931014793106
2030,sc01,07-01 07:00:00+02:00,386.62322528601726
2030,sc01,07-01 08:00:00+02:00,237.53188468921098
2030,sc01,07-01 09:00:00+02:00,280.2299665634049
2030,sc01,07-01 10:00:00+02:00,336.9226586595805
2030,sc01,07-01 11:00:00+02:00,387.51068526537847
2030,sc01,07-01 12:00:00+02:00,353.7534971437626
2030,sc01,07-01 13:00:00+02:00,284.7988978014839
2030,sc01,07-01 14:00:00+02:00,257.3344190647874
2030,sc01,07-01 15:00:00+02:00,220.0650981648031
2030,sc01,07-01 16:00:00+02:00,172.7771175954391
2030,sc01,07-01 17:00:00+02:00,295.13479583731464
2030,sc01,07-01 18:00:00+02:00,275.33864161673614
2030,sc01,07-01 19:00:00+02:00,836.4293034601465
2030,sc01,07-01 20:00:00+02:00,2744.407938344865
2030,sc01,07-01 21:00:00+02:00,3000.1683635237246
2030,sc01,07-01 22:00:00+02:00,397.1919748180487
2030,sc01,07-01 23:00:00+02:00,4.8618886694384855e-12
2030,sc01,07-02 00:00:00+02:00,-7.389644451905042e-13
2030,sc01,07-02 01:00:00+02:00,-8.412825991399586e-12
2030,sc01,07-02 02:00:00+02:00,-2.5011104298755527e-12
2030,sc01,07-02 03:00:00+02:00,-2.0463630789890885e-12
2030,sc01,07-02 04:00:00+02:00,1.8189894035458565e-12
2030,sc01,07-02 05:00:00+02:00,-3.126388037344441e-13
2030,sc01,07-02 06:00:00+02:00,37.386400966444796
2030,sc01,07-02 07:00:00+02:00,173.6828680064188
2030,sc01,07-02 08:00:00+02:00,240.9052760837592
2030,sc01,07-02 09:00:00+02:00,270.2944511439278
2030,sc01,07-02 10:00:00+02:00,504.32008675073416
2030,sc01,07-02 11:00:00+02:00,520.8280114754931
2030,sc01,07-02 12:00:00+02:00,502.9777395202758
2030,sc01,07-02 13:00:00+02:00,439.24007807491387
2030,sc01,07-02 14:00:00+02:00,456.6656228177767
2030,sc01,07-02 15:00:00+02:00,336.61462703018174
2030,sc01,07-02 16:00:00+02:00,283.33274673134224
2030,sc01,07-02 17:00:00+02:00,249.84743385358934
2030,sc01,07-02 18:00:00+02:00,301.34856731109744
2030,sc01,07-02 19:00:00+02:00,164.78623469723667
2030,sc01,07-02 20:00:00+02:00,1190.5027641021663
2030,sc01,07-02 21:00:00+02:00,1440.5952304026882
2030,sc01,07-02 22:00:00+02:00,452.21257559317604
2030,sc01,07-02 23:00:00+02:00,9.059419880941277e-14
2030,sc01,07-03 00:00:00+02:00,1.7621459846850485e-12
2030,sc01,07-03 01:00:00+02:00,-1.0231815394945443e-12
2030,sc01,07-03 02:00:00+02:00,-7.958078640513122e-13
2030,sc01,07-03 03:00:00+02:00,-1.3073986337985843e-12
2030,sc01,07-03 04:00:00+02:00,-3.979039320256561e-13
2030,sc01,07-03 05:00:00+02:00,20.58015882916851
2030,sc01,07-03 06:00:00+02:00,646.7382979284646
2030,sc01,07-03 07:00:00+02:00,574.9624122454402
2030,sc01,07-03 08:00:00+02:00,595.614474213014
2030,sc01,07-03 09:00:00+02:00,486.77873649831054
2030,sc01,07-03 10:00:00+02:00,467.3601481467426
2030,sc01,07-03 11:00:00+02:00,490.84657092402847
2030,sc01,07-03 12:00:00+02:00,1176.1580798163532
2030,sc01,07-03 13:00:00+02:00,682.4600391174622
2030,sc01,07-03 14:00:00+02:00,511.26792378968753
2030,sc01,07-03 15:00:00+02:00,402.83249143848934
2030,sc01,07-03 16:00:00+02:00,396.1334266226429
2030,sc01,07-03 17:00:00+02:00,396.8141926749904
2030,sc01,07-03 18:00:00+02:00,1049.881566034598
2030,sc01,07-03 19:00:00+02:00,518.4774938319509
2030,sc01,07-03 20:00:00+02:00,2249.4103599301407
2030,sc01,07-03 21:00:00+02:00,819.9479945355744
2030,sc01,07-03 22:00:00+02:00,331.9441977459431
2030,sc01,07-03 23:00:00+02:00,1.19886602389861
2030,sc01,07-04 00:00:00+02:00,-1.8189894035458565e-12
2030,sc01,07-04 01:00:00+02:00,-9.663381206337363e-13
2030,sc01,07-04 02:00:00+02:00,-4.121147867408581e-12
2030,sc01,07-04 03:00:00+02:00,-3.637978807091713e-12
2030,sc01,07-04 04:00:00+02:00,-1.9184653865522705e-13
2030,sc01,07-04 05:00:00+02:00,173.6378629259654
2030,sc01,07-04 06:00:00+02:00,745.2428825737223
2030,sc01,07-04 07:00:00+02:00,356.9968167666524
2030,sc01,07-04 08:00:00+02:00,169.20186647247624
2030,sc01,07-04 09:00:00+02:00,188.40406517391503
2030,sc01,07-04 10:00:00+02:00,217.29383842262982
2030,sc01,07-04 11:00:00+02:00,260.36089869620696
2030,sc01,07-04 12:00:00+02:00,227.5678701743475
2030,sc01,07-04 13:00:00+02:00,1243.7463188019333
2030,sc01,07-04 14:00:00+02:00,889.4941652568098
2030,sc01,07-04 15:00:00+02:00,797.3084777464016
2030,sc01,07-04 16:00:00+02:00,676.4243228893254
2030,sc01,07-04 17:00:00+02:00,1.0231815394945443e-11
2030,sc01,07-04 18:00:00+02:00,1270.2376196669065
2030,sc01,07-04 19:00:00+02:00,2218.3843077151487
2030,sc01,07-04 20:00:00+02:00,4058.63619158244
2030,sc01,07-04 21:00:00+02:00,2803.6273388568693
2030,sc01,07-04 22:00:00+02:00,1836.6822572910407
2030,sc01,07-04 23:00:00+02:00,167.1720310377927
2030,sc01,07-05 00:00:00+02:00,1.1425527191022411e-11
2030,sc01,07-05 01:00:00+02:00,2.4868995751603507e-12
2030,sc01,07-05 02:00:00+02:00,1.815436689867056e-12
2030,sc01,07-05 03:00:00+02:00,1.730171561575844e-12
2030,sc01,07-05 04:00:00+02:00,7.016609515630989e-13
2030,sc01,07-05 05:00:00+02:00,41.11097515327121
2030,sc01,07-05 06:00:00+02:00,306.89180423775593
2030,sc01,07-05 07:00:00+02:00,121.9762727631587
2030,sc01,07-05 08:00:00+02:00,119.66946441203709
2030,sc01,07-05 09:00:00+02:00,155.9345061796335
2030,sc01,07-05 10:00:00+02:00,417.371435286751
2030,sc01,07-05 11:00:00+02:00,432.21688461409514
2030,sc01,07-05 12:00:00+02:00,387.89527934676266
2030,sc01,07-05 13:00:00+02:00,975.5152753174099
2030,sc01,07-05 14:00:00+02:00,540.0523923521005
2030,sc01,07-05 15:00:00+02:00,505.75649527743144
2030,sc01,07-05 16:00:00+02:00,2.3518964553659316e-12
2030,sc01,07-05 17:00:00+02:00,737.3255547828912
2030,sc01,07-05 18:00:00+02:00,1232.0156970287148
2030,sc01,07-05 19:00:00+02:00,2379.7174443164677
2030,sc01,07-05 20:00:00+02:00,4607.821259649054
2030,sc01,07-05 21:00:00+02:00,5278.047534179013
2030,sc01,07-05 22:00:00+02:00,3056.5422693117034
2030,sc01,07-05 23:00:00+02:00,305.437767102112
2030,sc01,07-06 00:00:00+02:00,2.8421709430404007e-13
2030,sc01,07-06 01:00:00+02:00,1.3642420526593924e-12
2030,sc01,07-06 02:00:00+02:00,-2.5579538487363607e-12
2030,sc01,07-06 03:00:00+02:00,-2.1032064978498966e-12
2030,sc01,07-06 04:00:00+02:00,-1.0231815394945443e-12
2030,sc01,07-06 05:00:00+02:00,-2.2737367544323206e-13
2030,sc01,07-06 06:00:00+02:00,4.263256414560601e-13
2030,sc01,07-06 07:00:00+02:00,-1.5916157281026244e-12
2030,sc01,07-06 08:00:00+02:00,6.821210263296962e-13
2030,sc01,07-06 09:00:00+02:00,-9.094947017729282e-13
2030,sc01,07-06 10:00:00+02:00,1.9326762412674725e-12
2030,sc01,07-06 11:00:00+02:00,51.877837238662096
2030,sc01,07-06 12:00:00+02:00,2.2737367544323206e-13
2030,sc01,07-06 13:00:00+02:00,1.1823431123048067e-11
2030,sc01,07-06 14:00:00+02:00,5.9117155615240335e-12
2030,sc01,07-06 15:00:00+02:00,-8.44124770082999e-12
2030,sc01,07-06 16:00:00+02:00,2.0463630789890885e-12
2030,sc01,07-06 17:00:00+02:00,9.947598300641403e-13
2030,sc01,07-06 18:00:00+02:00,-1.8189894035458565e-12
2030,sc01,07-06 19:00:00+02:00,-5.684341886080801e-13
2030,sc01,07-06 20:00:00+02:00,1986.7244191566504
2030,sc01,07-06 21:00:00+02:00,2445.9653246196513
2030,sc01,07-06 22:00:00+02:00,1697.937287507352
2030,sc01,07-06 23:00:00+02:00,-5.115907697472721e-12
2030,sc01,07-07 00:00:00+02:00,-5.314859663485549e-12
2030,sc01,07-07 01:00:00+02:00,-3.751665644813329e-12
2030,sc01,07-07 02:00:00+02:00,-1.0800249583553523e-12
2030,sc01,07-07 03:00:00+02:00,2.8990143619012088e-12
2030,sc01,07-07 04:00:00+02:00,-7.389644451905042e-13
2030,sc01,07-07 05:00:00+02:00,7.958078640513122e-13
2030,sc01,07-07 06:00:00+02:00,-1.4779288903810084e-12
2030,sc01,07-07 07:00:00+02:00,-9.094947017729282e-13
2030,sc01,07-07 08:00:00+02:00,-9.094947017729282e-13
2030,sc01,07-07 09:00:00+02:00,-6.821210263296962e-13
2030,sc01,07-07 10:00:00+02:00,-6.821210263296962e-13
2030,sc01,07-07 11:00:00+02:00,-9.094947017729282e-13
2030,sc01,07-07 12:00:00+02:00,0.0
2030,sc01,07-07 13:00:00+02:00,-1.7053025658242404e-12
2030,sc01,07-07 14:00:00+02:00,1.1368683772161603e-12
2030,sc01,07-07 15:00:00+02:00,-2.5011104298755527e-12
2030,sc01,07-07 16:00:00+02:00,1.8189894035458565e-12
2030,sc01,07-07 17:00:00+02:00,-5.115907697472721e-12
2030,sc01,07-07 18:00:00+02:00,6.821210263296962e-12
2030,sc01,07-07 19:00:00+02:00,-4.547473508864641e-13
2030,sc01,07-07 20:00:00+02:00,2157.548280328352
2030,sc01,07-07 21:00:00+02:00,2898.3140802341704
2030,sc01,07-07 22:00:00+02:00,2187.1647730464156
2030,sc01,07-07 23:00:00+02:00,1026.68056938822
2030,sc01,07-08 00:00:00+02:00,3.808509063674137e-12
2030,sc01,07-08 01:00:00+02:00,1.1652900866465643e-12
2030,sc01,07-08 02:00:00+02:00,-1.0800249583553523e-12
2030,sc01,07-08 03:00:00+02:00,-3.694822225952521e-13
2030,sc01,07-08 04:00:00+02:00,-6.536993168992922e-13
2030,sc01,07-08 05:00:00+02:00,-1.2789769243681803e-12
2030,sc01,07-08 06:00:00+02:00,326.6119818776043
2030,sc01,07-08 07:00:00+02:00,180.67620966446088
2030,sc01,07-08 08:00:00+02:00,389.4721111418478
2030,sc01,07-08 09:00:00+02:00,389.00437267113546
2030,sc01,07-08 10:00:00+02:00,404.6300502396244
2030,sc01,07-08 11:00:00+02:00,436.16694326738445
2030,sc01,07-08 12:00:00+02:00,1964.4519849378776
2030,sc01,07-08 13:00:00+02:00,1479.4077121491518
2030,sc01,07-08 14:00:00+02:00,1256.5372557528685
2030,sc01,07-08 15:00:00+02:00,1032.6093305834916
2030,sc01,07-08 16:00:00+02:00,1312.0997130952624
2030,sc01,07-08 17:00:00+02:00,1355.1342558926385
2030,sc01,07-08 18:00:00+02:00,1921.8647468797633
2030,sc01,07-08 19:00:00+02:00,3273.403577403689
2030,sc01,07-08 20:00:00+02:00,5229.545898011623
2030,sc01,07-08 21:00:00+02:00,5079.65887201427
2030,sc01,07-08 22:00:00+02:00,3952.750044987359
2030,sc01,07-08 23:00:00+02:00,382.52768088125526
2030,sc01,07-09 00:00:00+02:00,2.361844053666573e-11
2030,sc01,07-09 01:00:00+02:00,-8.526512829121202e-14
2030,sc01,07-09 02:00:00+02:00,7.389644451905042e-13
2030,sc01,07-09 03:00:00+02:00,8.526512829121202e-14
2030,sc01,07-09 04:00:00+02:00,1.6626700016786344e-12
2030,sc01,07-09 05:00:00+02:00,174.49097753037546
2030,sc01,07-09 06:00:00+02:00,1170.0166437277783
2030,sc01,07-09 07:00:00+02:00,593.4620334128815
2030,sc01,07-09 08:00:00+02:00,429.1624386306876
2030,sc01,07-09 09:00:00+02:00,413.8553485029305
2030,sc01,07-09 10:00:00+02:00,397.59999657884555
2030,sc01,07-09 11:00:00+02:00,403.373865715676
2030,sc01,07-09 12:00:00+02:00,330.53904196145726
2030,sc01,07-09 13:00:00+02:00,373.30886904064806
2030,sc01,07-09 14:00:00+02:00,2027.0786449379643
2030,sc01,07-09 15:00:00+02:00,1784.4810867523568
2030,sc01,07-09 16:00:00+02:00,1692.223031594859
2030,sc01,07-09 17:00:00+02:00,1592.2439372431086
2030,sc01,07-09 18:00:00+02:00,2032.75118235517
2030,sc01,07-09 19:00:00+02:00,3377.661645032056
2030,sc01,07-09 20:00:00+02:00,5300.3602242188645
2030,sc01,07-09 21:00:00+02:00,2935.863616316525
2030,sc01,07-09 22:00:00+02:00,1883.3242694700975
2030,sc01,07-09 23:00:00+02:00,361.5652613081488
2030,sc01,07-10 00:00:00+02:00,1.2505552149377763e-12
2030,sc01,07-10 01:00:00+02:00,-3.296918293926865e-12
2030,sc01,07-10 02:00:00+02:00,-2.0463630789890885e-12
2030,sc01,07-10 03:00:00+02:00,2.8421709430404007e-13
2030,sc01,07-10 04:00:00+02:00,-1.7621459846850485e-12
2030,sc01,07-10 05:00:00+02:00,162.72057779665775
2030,sc01,07-10 06:00:00+02:00,1058.1438825339515
2030,sc01,07-10 07:00:00+02:00,263.77661706981667
2030,sc01,07-10 08:00:00+02:00,305.50123929912667
2030,sc01,07-10 09:00:00+02:00,560.3081895748171
2030,sc01,07-10 10:00:00+02:00,554.3311985512537
2030,sc01,07-10 11:00:00+02:00,459.8246548337126
2030,sc01,07-10 12:00:00+02:00,416.0416811788332
2030,sc01,07-10 13:00:00+02:00,2961.6330460348636
2030,sc01,07-10 14:00:00+02:00,2384.017275426625
2030,sc01,07-10 15:00:00+02:00,2222.4388799379863
2030,sc01,07-10 16:00:00+02:00,2097.292640740359
2030,sc01,07-10 17:00:00+02:00,2397.3335392631643
2030,sc01,07-10 18:00:00+02:00,2927.9229308772906
2030,sc01,07-10 19:00:00+02:00,3889.0270430936735
2030,sc01,07-10 20:00:00+02:00,5568.22419373946
2030,sc01,07-10 21:00:00+02:00,5649.181869228712
2030,sc01,07-10 22:00:00+02:00,4619.92558044825
2030,sc01,07-10 23:00:00+02:00,1375.9689443425723
2030,sc01,07-11 00:00:00+02:00,98.60940089859429
2030,sc01,07-11 01:00:00+02:00,1.1652900866465643e-12
2030,sc01,07-11 02:00:00+02:00,3.922195901395753e-12
2030,sc01,07-11 03:00:00+02:00,-1.5489831639570184e-12
2030,sc01,07-11 04:00:00+02:00,1.6626700016786344e-11
2030,sc01,07-11 05:00:00+02:00,642.2295849513022
2030,sc01,07-11 06:00:00+02:00,1644.966337706371
2030,sc01,07-11 07:00:00+02:00,646.785245575148
2030,sc01,07-11 08:00:00+02:00,138.95551028390904
2030,sc01,07-11 09:00:00+02:00,703.7051084055364
2030,sc01,07-11 10:00:00+02:00,677.416766096116
2030,sc01,07-11 11:00:00+02:00,2135.65851115556
2030,sc01,07-11 12:00:00+02:00,1707.2547662449695
2030,sc01,07-11 13:00:00+02:00,3744.88032697911
2030,sc01,07-11 14:00:00+02:00,3346.6757612545853
2030,sc01,07-11 15:00:00+02:00,2853.5659749416536
2030,sc01,07-11 16:00:00+02:00,3069.4274422140397
2030,sc01,07-11 17:00:00+02:00,3583.9286693550557
2030,sc01,07-11 18:00:00+02:00,4335.226788699471
2030,sc01,07-11 19:00:00+02:00,5521.370550665487
2030,sc01,07-11 20:00:00+02:00,7483.059400158
2030,sc01,07-11 21:00:00+02:00,7162.576093791
2030,sc01,07-11 22:00:00+02:00,4548.10909097
2030,sc01,07-11 23:00:00+02:00,1539.5427626272076
2030,sc01,07-12 00:00:00+02:00,805.4719437015863
2030,sc01,07-12 01:00:00+02:00,367.807371166842
2030,sc01,07-12 02:00:00+02:00,-5.707079253625125e-11
2030,sc01,07-12 03:00:00+02:00,3.007727400472504e-11
2030,sc01,07-12 04:00:00+02:00,293.0431733968631
2030,sc01,07-12 05:00:00+02:00,1506.4461125490725
2030,sc01,07-12 06:00:00+02:00,2939.4747444024997
2030,sc01,07-12 07:00:00+02:00,2518.2007642397257
2030,sc01,07-12 08:00:00+02:00,1337.1149501488128
2030,sc01,07-12 09:00:00+02:00,1322.5972440233566
2030,sc01,07-12 10:00:00+02:00,2714.637543840908
2030,sc01,07-12 11:00:00+02:00,2297.9079410966515
2030,sc01,07-12 12:00:00+02:00,3007.849708906496
2030,sc01,07-12 13:00:00+02:00,4381.3129090346565
2030,sc01,07-12 14:00:00+02:00,3983.9418637187246
2030,sc01,07-12 15:00:00+02:00,3653.499610877275
2030,sc01,07-12 16:00:00+02:00,3372.479453819535
2030,sc01,07-12 17:00:00+02:00,3320.747421214255
2030,sc01,07-12 18:00:00+02:00,4276.20897111
2030,sc01,07-12 19:00:00+02:00,6714.350474496
2030,sc01,07-12 20:00:00+02:00,7398.437198621
2030,sc01,07-12 21:00:00+02:00,6711.37073624
2030,sc01,07-12 22:00:00+02:00,5465.266883591
2030,sc01,07-12 23:00:00+02:00,3280.509423606
2030,sc01,07-13 00:00:00+02:00,536.5169448040202
2030,sc01,07-13 01:00:00+02:00,217.7917425674072
2030,sc01,07-13 02:00:00+02:00,47.86852817051748
2030,sc01,07-13 03:00:00+02:00,-8.526512829121202e-14
2030,sc01,07-13 04:00:00+02:00,-2.4442670110147446e-12
2030,sc01,07-13 05:00:00+02:00,7.815970093361102e-13
2030,sc01,07-13 06:00:00+02:00,3.232969447708456e-13
2030,sc01,07-13 07:00:00+02:00,26.497348641284134
2030,sc01,07-13 08:00:00+02:00,87.72724255408218
2030,sc01,07-13 09:00:00+02:00,569.2401960936413
2030,sc01,07-13 10:00:00+02:00,251.42047198097418
2030,sc01,07-13 11:00:00+02:00,83.01212667088282
2030,sc01,07-13 12:00:00+02:00,-1.2505552149377763e-12
2030,sc01,07-13 13:00:00+02:00,-2.864908310584724e-11
2030,sc01,07-13 14:00:00+02:00,-9.777068044058979e-12
2030,sc01,07-13 15:00:00+02:00,-6.366462912410498e-12
2030,sc01,07-13 16:00:00+02:00,-1.3642420526593924e-12
2030,sc01,07-13 17:00:00+02:00,2.2737367544323206e-13
2030,sc01,07-13 18:00:00+02:00,18.099120329320385
2030,sc01,07-13 19:00:00+02:00,1243.1487141709495
2030,sc01,07-13 20:00:00+02:00,3073.837475954
2030,sc01,07-13 21:00:00+02:00,2894.054171305244
2030,sc01,07-13 22:00:00+02:00,2005.6864921028803
2030,sc01,07-13 23:00:00+02:00,-3.694822225952521e-13
2030,sc01,07-14 00:00:00+02:00,1.7053025658242404e-13
2030,sc01,07-14 01:00:00+02:00,-3.979039320256561e-13
2030,sc01,07-14 02:00:00+02:00,-2.5579538487363607e-13
2030,sc01,07-14 03:00:00+02:00,-2.1316282072803006e-13
2030,sc01,07-14 04:00:00+02:00,-2.7000623958883807e-13
2030,sc01,07-14 05:00:00+02:00,-3.099742684753437e-13
2030,sc01,07-14 06:00:00+02:00,-2.1600499167107046e-12
2030,sc01,07-14 07:00:00+02:00,-1.0231815394945443e-12
2030,sc01,07-14 08:00:00+02:00,-3.183231456205249e-12
2030,sc01,07-14 09:00:00+02:00,-1.1368683772161603e-12
2030,sc01,07-14 10:00:00+02:00,1.9895196601282805e-12
2030,sc01,07-14 11:00:00+02:00,-1.4779288903810084e-12
2030,sc01,07-14 12:00:00+02:00,-1.5916157281026244e-12
2030,sc01,07-14 13:00:00+02:00,2.7284841053187847e-12
2030,sc01,07-14 14:00:00+02:00,2.8386182293616002e-12
2030,sc01,07-14 15:00:00+02:00,-1.0231815394945443e-12
2030,sc01,07-14 16:00:00+02:00,-7.958078640513122e-13
2030,sc01,07-14 17:00:00+02:00,0.0
2030,sc01,07-14 18:00:00+02:00,2.2737367544323206e-13
2030,sc01,07-14 19:00:00+02:00,256.8275137072751
2030,sc01,07-14 20:00:00+02:00,2455.263523972663
2030,sc01,07-14 21:00:00+02:00,2860.191416343909
2030,sc01,07-14 22:00:00+02:00,11.102784843482567
2030,sc01,07-14 23:00:00+02:00,-2.4442670110147446e-12
2030,sc01,07-15 00:00:00+02:00,-2.8421709430404007e-12
2030,sc01,07-15 01:00:00+02:00,-1.7053025658242404e-12
2030,sc01,07-15 02:00:00+02:00,2.2737367544323206e-13
2030,sc01,07-15 03:00:00+02:00,-2.5579538487363607e-13
2030,sc01,07-15 04:00:00+02:00,-9.663381206337363e-13
2030,sc01,07-15 05:00:00+02:00,-5.851319428984425e-12
2030,sc01,07-15 06:00:00+02:00,379.78391001665415
2030,sc01,07-15 07:00:00+02:00,619.797167988294
2030,sc01,07-15 08:00:00+02:00,1118.6427494157326
2030,sc01,07-15 09:00:00+02:00,1009.6669074390671
2030,sc01,07-15 10:00:00+02:00,962.7897301403962
2030,sc01,07-15 11:00:00+02:00,827.8390714472129
2030,sc01,07-15 12:00:00+02:00,574.8935200782128
2030,sc01,07-15 13:00:00+02:00,2169.059680552887
2030,sc01,07-15 14:00:00+02:00,1435.7235547658788
2030,sc01,07-15 15:00:00+02:00,1069.1715670506987
2030,sc01,07-15 16:00:00+02:00,949.9310706053946
2030,sc01,07-15 17:00:00+02:00,1353.8315108971356
2030,sc01,07-15 18:00:00+02:00,1776.376926159375
2030,sc01,07-15 19:00:00+02:00,2854.7029912957873
2030,sc01,07-15 20:00:00+02:00,4611.33630740682
2030,sc01,07-15 21:00:00+02:00,4392.5928020701695
2030,sc01,07-15 22:00:00+02:00,3084.0652209995155
2030,sc01,07-15 23:00:00+02:00,1744.9411421463178
2030,sc01,07-16 00:00:00+02:00,-5.684341886080802e-14
2030,sc01,07-16 01:00:00+02:00,-1.1368683772161603e-13
2030,sc01,07-16 02:00:00+02:00,-7.673861546209082e-13
2030,sc01,07-16 03:00:00+02:00,1.9895196601282805e-13
2030,sc01,07-16 04:00:00+02:00,9.521272659185342e-13
2030,sc01,07-16 05:00:00+02:00,-8.313350008393172e-13
2030,sc01,07-16 06:00:00+02:00,323.6349286555734
2030,sc01,07-16 07:00:00+02:00,98.66353695993405
2030,sc01,07-16 08:00:00+02:00,96.79950321366454
2030,sc01,07-16 09:00:00+02:00,103.18409293151842
2030,sc01,07-16 10:00:00+02:00,139.0821712678718
2030,sc01,07-16 11:00:00+02:00,2618.650912924678
2030,sc01,07-16 12:00:00+02:00,2281.5844595516774
2030,sc01,07-16 13:00:00+02:00,1940.5089606131264
2030,sc01,07-16 14:00:00+02:00,1646.6078174394222
2030,sc01,07-16 15:00:00+02:00,1290.7619445871676
2030,sc01,07-16 16:00:00+02:00,1139.3706191760775
2030,sc01,07-16 17:00:00+02:00,1158.3880914125998
2030,sc01,07-16 18:00:00+02:00,1781.370941495763
2030,sc01,07-16 19:00:00+02:00,3108.114343426359
2030,sc01,07-16 20:00:00+02:00,4878.107038389683
2030,sc01,07-16 21:00:00+02:00,4954.057547085846
2030,sc01,07-16 22:00:00+02:00,1971.1079300973563
2030,sc01,07-16 23:00:00+02:00,288.5838786682934
2030,sc01,07-17 00:00:00+02:00,-3.589661901060026e-11
2030,sc01,07-17 01:00:00+02:00,-1.4210854715202004e-12
2030,sc01,07-17 02:00:00+02:00,-9.094947017729282e-13
2030,sc01,07-17 03:00:00+02:00,-2.5579538487363607e-12
2030,sc01,07-17 04:00:00+02:00,-5.9117155615240335e-12
2030,sc01,07-17 05:00:00+02:00,831.259966375289
2030,sc01,07-17 06:00:00+02:00,2039.2073826286917
2030,sc01,07-17 07:00:00+02:00,1759.5381230200119
2030,sc01,07-17 08:00:00+02:00,130.79292768380353
2030,sc01,07-17 09:00:00+02:00,137.21778564269417
2030,sc01,07-17 10:00:00+02:00,165.27909348620227
2030,sc01,07-17 11:00:00+02:00,164.81584861277156
2030,sc01,07-17 12:00:00+02:00,1009.8380903352476
2030,sc01,07-17 13:00:00+02:00,596.7562840659614
2030,sc01,07-17 14:00:00+02:00,2622.982033360979
2030,sc01,07-17 15:00:00+02:00,2319.3098059762992
2030,sc01,07-17 16:00:00+02:00,2282.8349398028517
2030,sc01,07-17 17:00:00+02:00,2663.4828527105437
2030,sc01,07-17 18:00:00+02:00,3179.4929688801312
2030,sc01,07-17 19:00:00+02:00,4488.892728584164
2030,sc01,07-17 20:00:00+02:00,6353.131773041
2030,sc01,07-17 21:00:00+02:00,6150.500380284
2030,sc01,07-17 22:00:00+02:00,4841.568487265
2030,sc01,07-17 23:00:00+02:00,1526.6897163630001
2030,sc01,07-18 00:00:00+02:00,30.79782458316572
2030,sc01,07-18 01:00:00+02:00,1.1027623258996755e-11
2030,sc01,07-18 02:00:00+02:00,-1.9610979506978765e-12
2030,sc01,07-18 03:00:00+02:00,-5.002220859751105e-12
2030,sc01,07-18 04:00:00+02:00,438.2807210752546
2030,sc01,07-18 05:00:00+02:00,1876.1673952849997
2030,sc01,07-18 06:00:00+02:00,3364.14117457
2030,sc01,07-18 07:00:00+02:00,2751.7852003489998
2030,sc01,07-18 08:00:00+02:00,1601.2407454350719
2030,sc01,07-18 09:00:00+02:00,1125.1219238059653
2030,sc01,07-18 10:00:00+02:00,1518.8560328768494
2030,sc01,07-18 11:00:00+02:00,2630.8029162296248
2030,sc01,07-18 12:00:00+02:00,2172.300101298445
2030,sc01,07-18 13:00:00+02:00,1669.156507391846
2030,sc01,07-18 14:00:00+02:00,1071.7597761600878
2030,sc01,07-18 15:00:00+02:00,765.6366531577025
2030,sc01,07-18 16:00:00+02:00,457.390448412316
2030,sc01,07-18 17:00:00+02:00,798.5678208927486
2030,sc01,07-18 18:00:00+02:00,1377.9285257242118
2030,sc01,07-18 19:00:00+02:00,2560.5589449585045
2030,sc01,07-18 20:00:00+02:00,6139.090670577
2030,sc01,07-18 21:00:00+02:00,5405.1037547159995
2030,sc01,07-18 22:00:00+02:00,4054.226800145992
2030,sc01,07-18 23:00:00+02:00,2972.5041061208276
2030,sc01,07-19 00:00:00+02:00,1043.1179893984636
2030,sc01,07-19 01:00:00+02:00,-4.604316927725449e-12
2030,sc01,07-19 02:00:00+02:00,-1.3642420526593924e-12
2030,sc01,07-19 03:00:00+02:00,-1.5347723092418164e-12
2030,sc01,07-19 04:00:00+02:00,128.19191960288737
2030,sc01,07-19 05:00:00+02:00,1777.78874528
2030,sc01,07-19 06:00:00+02:00,3424.732005567
2030,sc01,07-19 07:00:00+02:00,2774.139971916
2030,sc01,07-19 08:00:00+02:00,1604.8120553554666
2030,sc01,07-19 09:00:00+02:00,1537.7564128360534
2030,sc01,07-19 10:00:00+02:00,1487.328848547733
2030,sc01,07-19 11:00:00+02:00,3392.234904108336
2030,sc01,07-19 12:00:00+02:00,4357.221764243612
2030,sc01,07-19 13:00:00+02:00,3822.2991994897393
2030,sc01,07-19 14:00:00+02:00,3616.8620067840084
2030,sc01,07-19 15:00:00+02:00,3194.179159596874
2030,sc01,07-19 16:00:00+02:00,3292.5755893197584
2030,sc01,07-19 17:00:00+02:00,3808.382733453652
2030,sc01,07-19 18:00:00+02:00,4431.958868655843
2030,sc01,07-19 19:00:00+02:00,5583.787800818375
2030,sc01,07-19 20:00:00+02:00,7152.550109007
2030,sc01,07-19 21:00:00+02:00,6769.582522065
2030,sc01,07-19 22:00:00+02:00,3438.107342037
2030,sc01,07-19 23:00:00+02:00,768.6305428940864
2030,sc01,07-20 00:00:00+02:00,81.12151449650622
2030,sc01,07-20 01:00:00+02:00,-2.1600499167107046e-12
2030,sc01,07-20 02:00:00+02:00,-2.2737367544323206e-12
2030,sc01,07-20 03:00:00+02:00,-3.865352482534945e-12
2030,sc01,07-20 04:00:00+02:00,-2.5863755581667647e-12
2030,sc01,07-20 05:00:00+02:00,-3.943512183468556e-13
2030,sc01,07-20 06:00:00+02:00,5.5209170568559784e-12
2030,sc01,07-20 07:00:00+02:00,165.07368039054825
2030,sc01,07-20 08:00:00+02:00,832.8196229664369
2030,sc01,07-20 09:00:00+02:00,2099.0062448344315
2030,sc01,07-20 10:00:00+02:00,1836.5794513567707
2030,sc01,07-20 11:00:00+02:00,1527.6721662127961
2030,sc01,07-20 12:00:00+02:00,1036.685963312923
2030,sc01,07-20 13:00:00+02:00,648.4956989990856
2030,sc01,07-20 14:00:00+02:00,399.6159987591133
2030,sc01,07-20 15:00:00+02:00,366.1594488964929
2030,sc01,07-20 16:00:00+02:00,519.54103127747
2030,sc01,07-20 17:00:00+02:00,490.1887298886442
2030,sc01,07-20 18:00:00+02:00,826.2373215100279
2030,sc01,07-20 19:00:00+02:00,1937.168540234
2030,sc01,07-20 20:00:00+02:00,3835.17292696
2030,sc01,07-20 21:00:00+02:00,1784.5424448897827
2030,sc01,07-20 22:00:00+02:00,180.48878062285445
2030,sc01,07-20 23:00:00+02:00,-3.609557097661309e-12
2030,sc01,07-21 00:00:00+02:00,-3.609557097661309e-12
2030,sc01,07-21 01:00:00+02:00,-1.5631940186722204e-12
2030,sc01,07-21 02:00:00+02:00,-1.1368683772161603e-13
2030,sc01,07-21 03:00:00+02:00,-8.526512829121202e-13
2030,sc01,07-21 04:00:00+02:00,-3.524291969370097e-12
2030,sc01,07-21 05:00:00+02:00,-2.4016344468691386e-12
2030,sc01,07-21 06:00:00+02:00,-2.2026824808563106e-12
2030,sc01,07-21 07:00:00+02:00,-2.5579538487363607e-12
2030,sc01,07-21 08:00:00+02:00,-2.0463630789890885e-12
2030,sc01,07-21 09:00:00+02:00,-2.2737367544323206e-12
2030,sc01,07-21 10:00:00+02:00,-5.5138116294983774e-12
2030,sc01,07-21 11:00:00+02:00,6.821210263296962e-13
2030,sc01,07-21 12:00:00+02:00,-3.240074875066057e-12
2030,sc01,07-21 13:00:00+02:00,3.808509063674137e-12
2030,sc01,07-21 14:00:00+02:00,2.2737367544323206e-13
2030,sc01,07-21 15:00:00+02:00,4.263256414560601e-13
2030,sc01,07-21 16:00:00+02:00,-7.958078640513122e-13
2030,sc01,07-21 17:00:00+02:00,1.4921397450962104e-12
2030,sc01,07-21 18:00:00+02:00,-3.183231456205249e-12
2030,sc01,07-21 19:00:00+02:00,-2.4442670110147446e-12
2030,sc01,07-21 20:00:00+02:00,536.6796006458376
2030,sc01,07-21 21:00:00+02:00,904.4430317926469
2030,sc01,07-21 22:00:00+02:00,690.212751989395
2030,sc01,07-21 23:00:00+02:00,238.9969080912867
2030,sc01,07-22 00:00:00+02:00,2.604139126560767e-12
2030,sc01,07-22 01:00:00+02:00,5.897504706808832e-13
2030,sc01,07-22 02:00:00+02:00,1.3642420526593924e-12
2030,sc01,07-22 03:00:00+02:00,6.075140390748857e-13
2030,sc01,07-22 04:00:00+02:00,-2.5792701308091637e-12
2030,sc01,07-22 05:00:00+02:00,84.6736805847655
2030,sc01,07-22 06:00:00+02:00,616.5277834737942
2030,sc01,07-22 07:00:00+02:00,205.94516079729
2030,sc01,07-22 08:00:00+02:00,401.7952646277705
2030,sc01,07-22 09:00:00+02:00,413.02744700680313
2030,sc01,07-22 10:00:00+02:00,397.9393232398272
2030,sc01,07-22 11:00:00+02:00,428.03042527383076
2030,sc01,07-22 12:00:00+02:00,423.40688228742056
2030,sc01,07-22 13:00:00+02:00,344.5652874532624
2030,sc01,07-22 14:00:00+02:00,1627.939929005141
2030,sc01,07-22 15:00:00+02:00,1680.7643993398956
2030,sc01,07-22 16:00:00+02:00,1544.701297561653
2030,sc01,07-22 17:00:00+02:00,2127.7210286329264
2030,sc01,07-22 18:00:00+02:00,2757.336834553723
2030,sc01,07-22 19:00:00+02:00,5092.51091186
2030,sc01,07-22 20:00:00+02:00,6449.437316997725
2030,sc01,07-22 21:00:00+02:00,5766.7488767463665
2030,sc01,07-22 22:00:00+02:00,4734.68747203221
2030,sc01,07-22 23:00:00+02:00,861.6404187292451
2030,sc01,07-23 00:00:00+02:00,474.9987821808578
2030,sc01,07-23 01:00:00+02:00,323.7836238746544
2030,sc01,07-23 02:00:00+02:00,121.1430521675784
2030,sc01,07-23 03:00:00+02:00,87.8812577535245
2030,sc01,07-23 04:00:00+02:00,248.28124084554804
2030,sc01,07-23 05:00:00+02:00,1354.4999883448274
2030,sc01,07-23 06:00:00+02:00,1570.5062043640644
2030,sc01,07-23 07:00:00+02:00,893.2434634985852
2030,sc01,07-23 08:00:00+02:00,903.990206476323
2030,sc01,07-23 09:00:00+02:00,2117.930055167387
2030,sc01,07-23 10:00:00+02:00,1822.3519935566183
2030,sc01,07-23 11:00:00+02:00,1537.019270260761
2030,sc01,07-23 12:00:00+02:00,3548.7941636426267
2030,sc01,07-23 13:00:00+02:00,3079.2398891198595
2030,sc01,07-23 14:00:00+02:00,2826.9590457219874
2030,sc01,07-23 15:00:00+02:00,2854.1299146587435
2030,sc01,07-23 16:00:00+02:00,2943.5230981774484
2030,sc01,07-23 17:00:00+02:00,3409.9413724438464
2030,sc01,07-23 18:00:00+02:00,4270.231197104316
2030,sc01,07-23 19:00:00+02:00,6317.428698513
2030,sc01,07-23 20:00:00+02:00,7354.834442377
2030,sc01,07-23 21:00:00+02:00,6687.6142503500005
2030,sc01,07-23 22:00:00+02:00,5704.537471254
2030,sc01,07-23 23:00:00+02:00,2096.7883989579996
2030,sc01,07-24 00:00:00+02:00,1197.587450508
2030,sc01,07-24 01:00:00+02:00,1004.8612042149999
2030,sc01,07-24 02:00:00+02:00,77.35674770517747
2030,sc01,07-24 03:00:00+02:00,60.820235025509845
2030,sc01,07-24 04:00:00+02:00,159.71832068996466
2030,sc01,07-24 05:00:00+02:00,628.3980285843182
2030,sc01,07-24 06:00:00+02:00,2006.4997619285264
2030,sc01,07-24 07:00:00+02:00,1554.4041463314275
2030,sc01,07-24 08:00:00+02:00,1075.6631627397032
2030,sc01,07-24 09:00:00+02:00,2291.608417130056
2030,sc01,07-24 10:00:00+02:00,3552.2300165087
2030,sc01,07-24 11:00:00+02:00,2827.548605234962
2030,sc01,07-24 12:00:00+02:00,2384.63263862435
2030,sc01,07-24 13:00:00+02:00,4126.9172945787395
2030,sc01,07-24 14:00:00+02:00,3855.632369862115
2030,sc01,07-24 15:00:00+02:00,3714.7116139367777
2030,sc01,07-24 16:00:00+02:00,3496.597641422708
2030,sc01,07-24 17:00:00+02:00,3823.793326497929
2030,sc01,07-24 18:00:00+02:00,4402.361504616852
2030,sc01,07-24 19:00:00+02:00,5318.442760947515
2030,sc01,07-24 20:00:00+02:00,6293.627037394001
2030,sc01,07-24 21:00:00+02:00,5700.333288993001
2030,sc01,07-24 22:00:00+02:00,4113.70797184
2030,sc01,07-24 23:00:00+02:00,2750.235033943
2030,sc01,07-25 00:00:00+02:00,24.175147744793122
2030,sc01,07-25 01:00:00+02:00,-7.958078640513122e-13
2030,sc01,07-25 02:00:00+02:00,-2.842170943040401e-14
2030,sc01,07-25 03:00:00+02:00,-8.810729923425242e-13
2030,sc01,07-25 04:00:00+02:00,-1.3002932064409833e-12
2030,sc01,07-25 05:00:00+02:00,2.1884716261411086e-12
2030,sc01,07-25 06:00:00+02:00,2745.7836491559997
2030,sc01,07-25 07:00:00+02:00,2594.937849536
2030,sc01,07-25 08:00:00+02:00,3681.6299651435343
2030,sc01,07-25 09:00:00+02:00,2129.833953729591
2030,sc01,07-25 10:00:00+02:00,1968.2530559721072
2030,sc01,07-25 11:00:00+02:00,2970.2284318066136
2030,sc01,07-25 12:00:00+02:00,4673.682974369056
2030,sc01,07-25 13:00:00+02:00,4026.7690086238604
2030,sc01,07-25 14:00:00+02:00,3755.9133780459715
2030,sc01,07-25 15:00:00+02:00,3286.7951958997337
2030,sc01,07-25 16:00:00+02:00,2996.8402259576064
2030,sc01,07-25 17:00:00+02:00,3212.184988665433
2030,sc01,07-25 18:00:00+02:00,3796.3682347977365
2030,sc01,07-25 19:00:00+02:00,4985.786665628724
2030,sc01,07-25 20:00:00+02:00,5922.412581283582
2030,sc01,07-25 21:00:00+02:00,5371.501920065443
2030,sc01,07-25 22:00:00+02:00,4195.347178207029
2030,sc01,07-25 23:00:00+02:00,3101.872136978026
2030,sc01,07-26 00:00:00+02:00,2095.0022955435065
2030,sc01,07-26 01:00:00+02:00,2.4158453015843406e-12
2030,sc01,07-26 02:00:00+02:00,-1.5916157281026244e-12
2030,sc01,07-26 03:00:00+02:00,-1.8474111129762605e-13
2030,sc01,07-26 04:00:00+02:00,-2.7393642909601112e-12
2030,sc01,07-26 05:00:00+02:00,401.56977697544227
2030,sc01,07-26 06:00:00+02:00,1791.268690554984
2030,sc01,07-26 07:00:00+02:00,1394.2036594995898
2030,sc01,07-26 08:00:00+02:00,793.4990750265353
2030,sc01,07-26 09:00:00+02:00,2132.219294326253
2030,sc01,07-26 10:00:00+02:00,1616.2895049435592
2030,sc01,07-26 11:00:00+02:00,2936.4419120170273
2030,sc01,07-26 12:00:00+02:00,2475.2201376412386
2030,sc01,07-26 13:00:00+02:00,1881.265656029365
2030,sc01,07-26 14:00:00+02:00,1496.4057731977925
2030,sc01,07-26 15:00:00+02:00,1235.2743058894264
2030,sc01,07-26 16:00:00+02:00,982.7868347932222
2030,sc01,07-26 17:00:00+02:00,1327.8428760543372
2030,sc01,07-26 18:00:00+02:00,1437.227131537831
2030,sc01,07-26 19:00:00+02:00,2350.4445876256304
2030,sc01,07-26 20:00:00+02:00,3484.1240094576633
2030,sc01,07-26 21:00:00+02:00,2763.126658585282
2030,sc01,07-26 22:00:00+02:00,1585.5817828518448
2030,sc01,07-26 23:00:00+02:00,975.4094080947981
2030,sc01,07-27 00:00:00+02:00,15.410919645489088
2030,sc01,07-27 01:00:00+02:00,1.9610979506978765e-12
2030,sc01,07-27 02:00:00+02:00,1.2789769243681803e-13
2030,sc01,07-27 03:00:00+02:00,1.1510792319313623e-12
2030,sc01,07-27 04:00:00+02:00,-2.611244553918368e-12
2030,sc01,07-27 05:00:00+02:00,0.0
2030,sc01,07-27 06:00:00+02:00,-3.815614491031738e-12
2030,sc01,07-27 07:00:00+02:00,-3.0127011996228248e-12
2030,sc01,07-27 08:00:00+02:00,-5.684341886080801e-13
2030,sc01,07-27 09:00:00+02:00,1.1368683772161603e-12
2030,sc01,07-27 10:00:00+02:00,-7.958078640513122e-12
2030,sc01,07-27 11:00:00+02:00,-4.547473508864641e-13
2030,sc01,07-27 12:00:00+02:00,-4.206412995699793e-12
2030,sc01,07-27 13:00:00+02:00,-4.547473508864641e-13
2030,sc01,07-27 14:00:00+02:00,-3.694822225952521e-12
2030,sc01,07-27 15:00:00+02:00,1.1368683772161603e-12
2030,sc01,07-27 16:00:00+02:00,1.1368683772161603e-12
2030,sc01,07-27 17:00:00+02:00,3.410605131648481e-12
2030,sc01,07-27 18:00:00+02:00,-1.7053025658242404e-12
2030,sc01,07-27 19:00:00+02:00,333.8822489526808
2030,sc01,07-27 20:00:00+02:00,1661.4295279697976
2030,sc01,07-27 21:00:00+02:00,1560.602616119729
2030,sc01,07-27 22:00:00+02:00,743.91246750868
2030,sc01,07-27 23:00:00+02:00,2.3998580900297384e-12
2030,sc01,07-28 00:00:00+02:00,-2.6556534749033744e-12
2030,sc01,07-28 01:00:00+02:00,-1.3749001936957939e-12
2030,sc01,07-28 02:00:00+02:00,-5.861977570020827e-13
2030,sc01,07-28 03:00:00+02:00,3.517186542012496e-13
2030,sc01,07-28 04:00:00+02:00,-4.902744876744691e-13
2030,sc01,07-28 05:00:00+02:00,7.815970093361102e-13
2030,sc01,07-28 06:00:00+02:00,-2.8421709430404007e-13
2030,sc01,07-28 07:00:00+02:00,-5.684341886080801e-13
2030,sc01,07-28 08:00:00+02:00,-2.0463630789890885e-12
2030,sc01,07-28 09:00:00+02:00,-5.684341886080801e-13
2030,sc01,07-28 10:00:00+02:00,-4.320099833421409e-12
2030,sc01,07-28 11:00:00+02:00,-2.4726887204451486e-12
2030,sc01,07-28 12:00:00+02:00,0.0
2030,sc01,07-28 13:00:00+02:00,-9.208633855450898e-12
2030,sc01,07-28 14:00:00+02:00,1.4210854715202004e-12
2030,sc01,07-28 15:00:00+02:00,6.536993168992922e-12
2030,sc01,07-28 16:00:00+02:00,-3.808509063674137e-12
2030,sc01,07-28 17:00:00+02:00,-1.9326762412674725e-12
2030,sc01,07-28 18:00:00+02:00,8.753886504564434e-12
2030,sc01,07-28 19:00:00+02:00,-2.2737367544323206e-13
2030,sc01,07-28 20:00:00+02:00,1273.9329072455866
2030,sc01,07-28 21:00:00+02:00,1490.4859518832272
2030,sc01,07-28 22:00:00+02:00,191.3175250400198
2030,sc01,07-28 23:00:00+02:00,2.8421709430404007e-13
2030,sc01,07-29 00:00:00+02:00,-2.6716406864579767e-12
2030,sc01,07-29 01:00:00+02:00,-2.1032064978498966e-12
2030,sc01,07-29 02:00:00+02:00,0.0
2030,sc01,07-29 03:00:00+02:00,2.8421709430404007e-13
2030,sc01,07-29 04:00:00+02:00,-1.7053025658242404e-13
2030,sc01,07-29 05:00:00+02:00,-3.694822225952521e-12
2030,sc01,07-29 06:00:00+02:00,173.15720539283777
2030,sc01,07-29 07:00:00+02:00,794.157776088565
2030,sc01,07-29 08:00:00+02:00,931.9452668149845
2030,sc01,07-29 09:00:00+02:00,896.9989645699179
2030,sc01,07-29 10:00:00+02:00,694.4233439880394
2030,sc01,07-29 11:00:00+02:00,537.8219819826148
2030,sc01,07-29 12:00:00+02:00,1339.6359043887219
2030,sc01,07-29 13:00:00+02:00,2785.305711053845
2030,sc01,07-29 14:00:00+02:00,2301.7145599997652
2030,sc01,07-29 15:00:00+02:00,1959.20254063605
2030,sc01,07-29 16:00:00+02:00,1804.9320784539836
2030,sc01,07-29 17:00:00+02:00,1807.9707355356845
2030,sc01,07-29 18:00:00+02:00,2310.3201395464253
2030,sc01,07-29 19:00:00+02:00,3407.128268399955
2030,sc01,07-29 20:00:00+02:00,5059.307726315744
2030,sc01,07-29 21:00:00+02:00,4844.494027485996
2030,sc01,07-29 22:00:00+02:00,3024.297558155078
2030,sc01,07-29 23:00:00+02:00,-2.5579538487363607e-12
2030,sc01,07-30 00:00:00+02:00,3.979039320256561e-13
2030,sc01,07-30 01:00:00+02:00,2.8421709430404007e-13
2030,sc01,07-30 02:00:00+02:00,4.888534022029489e-12
2030,sc01,07-30 03:00:00+02:00,2.8421709430404007e-13
2030,sc01,07-30 04:00:00+02:00,-1.4210854715202004e-12
2030,sc01,07-30 05:00:00+02:00,-5.7980287238024175e-12
2030,sc01,07-30 06:00:00+02:00,1107.3910783849997
2030,sc01,07-30 07:00:00+02:00,1129.1001870935931
2030,sc01,07-30 08:00:00+02:00,1197.8728969816245
2030,sc01,07-30 09:00:00+02:00,1068.2583088882639
2030,sc01,07-30 10:00:00+02:00,896.6134207713822
2030,sc01,07-30 11:00:00+02:00,1063.3489953972157
2030,sc01,07-30 12:00:00+02:00,2492.3443915479543
2030,sc01,07-30 13:00:00+02:00,1915.6311474014017
2030,sc01,07-30 14:00:00+02:00,1377.4504218276184
2030,sc01,07-30 15:00:00+02:00,855.9835720587695
2030,sc01,07-30 16:00:00+02:00,866.2465305141523
2030,sc01,07-30 17:00:00+02:00,884.2759773530704
2030,sc01,07-30 18:00:00+02:00,1233.166419400527
2030,sc01,07-30 19:00:00+02:00,2132.758347470624
2030,sc01,07-30 20:00:00+02:00,3938.7305152070453
2030,sc01,07-30 21:00:00+02:00,3561.5218589964425
2030,sc01,07-30 22:00:00+02:00,2179.5111821041805
2030,sc01,07-30 23:00:00+02:00,-1.1368683772161603e-13
2030,sc01,07-31 00:00:00+02:00,1.2505552149377763e-12
2030,sc01,07-31 01:00:00+02:00,-2.8990143619012088e-12
2030,sc01,07-31 02:00:00+02:00,-8.526512829121202e-13
2030,sc01,07-31 03:00:00+02:00,-1.7053025658242404e-12
2030,sc01,07-31 04:00:00+02:00,-1.8189894035458565e-12
2030,sc01,07-31 05:00:00+02:00,-4.547473508864641e-12
2030,sc01,07-31 06:00:00+02:00,410.24444714715605
2030,sc01,07-31 07:00:00+02:00,1300.0983566264244
2030,sc01,07-31 08:00:00+02:00,1040.627248882685
2030,sc01,07-31 09:00:00+02:00,686.3501079485811
2030,sc01,07-31 10:00:00+02:00,798.5419319010739
2030,sc01,07-31 11:00:00+02:00,2877.8016270187513
2030,sc01,07-31 12:00:00+02:00,2188.8334624744475
2030,sc01,07-31 13:00:00+02:00,1625.8857536568703
2030,sc01,07-31 14:00:00+02:00,1535.0646085602611
2030,sc01,07-31 15:00:00+02:00,1534.660555957536
2030,sc01,07-31 16:00:00+02:00,1436.4486851705817
2030,sc01,07-31 17:00:00+02:00,1782.4775231037397
2030,sc01,07-31 18:00:00+02:00,2428.6076433649096
2030,sc01,07-31 19:00:00+02:00,3962.1321833600005
2030,sc01,07-31 20:00:00+02:00,5538.056275444579
2030,sc01,07-31 21:00:00+02:00,5085.831377488877
2030,sc01,07-31 22:00:00+02:00,3814.948161787307
2030,sc01,07-31 23:00:00+02:00,3071.407862873
2030,sc01,08-01 00:00:00+02:00,-2.8421709430404007e-12
2030,sc01,08-01 01:00:00+02:00,-3.268496584496461e-12
2030,sc01,08-01 02:00:00+02:00,-3.268496584496461e-12
2030,sc01,08-01 03:00:00+02:00,-1.5916157281026244e-12
2030,sc01,08-01 04:00:00+02:00,2.5579538487363607e-13
2030,sc01,08-01 05:00:00+02:00,45.2556058377561
2030,sc01,08-01 06:00:00+02:00,1742.7250437779182
2030,sc01,08-01 07:00:00+02:00,1276.222236220954
2030,sc01,08-01 08:00:00+02:00,1697.6794757854705
2030,sc01,08-01 09:00:00+02:00,1420.4108748139552
2030,sc01,08-01 10:00:00+02:00,1424.5152588262451
2030,sc01,08-01 11:00:00+02:00,2172.9996169897668
2030,sc01,08-01 12:00:00+02:00,4113.51629824872
2030,sc01,08-01 13:00:00+02:00,3572.307791391658
2030,sc01,08-01 14:00:00+02:00,3508.6810719951413
2030,sc01,08-01 15:00:00+02:00,2950.2284801487444
2030,sc01,08-01 16:00:00+02:00,3296.0433456814676
2030,sc01,08-01 17:00:00+02:00,3614.9889089150765
2030,sc01,08-01 18:00:00+02:00,4113.6779241301965
2030,sc01,08-01 19:00:00+02:00,5376.567352015849
2030,sc01,08-01 20:00:00+02:00,7014.07016175
2030,sc01,08-01 21:00:00+02:00,6473.435760299
2030,sc01,08-01 22:00:00+02:00,5333.008172285
2030,sc01,08-01 23:00:00+02:00,1989.097917189
2030,sc01,08-02 00:00:00+02:00,-1.0800249583553523e-12
2030,sc01,08-02 01:00:00+02:00,-2.6147972675971687e-12
2030,sc01,08-02 02:00:00+02:00,-2.4726887204451486e-12
2030,sc01,08-02 03:00:00+02:00,-2.2737367544323206e-12
2030,sc01,08-02 04:00:00+02:00,-3.524291969370097e-12
2030,sc01,08-02 05:00:00+02:00,281.59747583047715
2030,sc01,08-02 06:00:00+02:00,1917.0066830576272
2030,sc01,08-02 07:00:00+02:00,1298.473233703158
2030,sc01,08-02 08:00:00+02:00,1193.5710522878935
2030,sc01,08-02 09:00:00+02:00,1516.8018732765017
2030,sc01,08-02 10:00:00+02:00,1530.688134741164
2030,sc01,08-02 11:00:00+02:00,2668.475823678692
2030,sc01,08-02 12:00:00+02:00,4052.2341009445245
2030,sc01,08-02 13:00:00+02:00,3337.2856453186037
2030,sc01,08-02 14:00:00+02:00,2769.3080778251942
2030,sc01,08-02 15:00:00+02:00,2530.135224241034
2030,sc01,08-02 16:00:00+02:00,2333.3597514908424
2030,sc01,08-02 17:00:00+02:00,2193.967046089805
2030,sc01,08-02 18:00:00+02:00,2487.079457110635
2030,sc01,08-02 19:00:00+02:00,4018.9569390708034
2030,sc01,08-02 20:00:00+02:00,5680.735475073
2030,sc01,08-02 21:00:00+02:00,5265.534540235
2030,sc01,08-02 22:00:00+02:00,3995.879430285
2030,sc01,08-02 23:00:00+02:00,551.7808145660005
2030,sc01,08-03 00:00:00+02:00,-5.684341886080801e-13
2030,sc01,08-03 01:00:00+02:00,-1.5347723092418164e-12
2030,sc01,08-03 02:00:00+02:00,-9.663381206337363e-13
2030,sc01,08-03 03:00:00+02:00,1.0800249583553523e-12
2030,sc01,08-03 04:00:00+02:00,1.3642420526593924e-12
2030,sc01,08-03 05:00:00+02:00,1.3073986337985843e-12
2030,sc01,08-03 06:00:00+02:00,-9.379164112033322e-13
2030,sc01,08-03 07:00:00+02:00,-5.059064278611913e-12
2030,sc01,08-03 08:00:00+02:00,-2.2737367544323206e-13
2030,sc01,08-03 09:00:00+02:00,7.16227077646181e-12
2030,sc01,08-03 10:00:00+02:00,64.46694626244644
2030,sc01,08-03 11:00:00+02:00,-1.1368683772161603e-12
2030,sc01,08-03 12:00:00+02:00,430.0504666675099
2030,sc01,08-03 13:00:00+02:00,-2.9558577807620168e-12
2030,sc01,08-03 14:00:00+02:00,1.0345502232667059e-11
2030,sc01,08-03 15:00:00+02:00,-2.6147972675971687e-11
2030,sc01,08-03 16:00:00+02:00,-3.808509063674137e-12
2030,sc01,08-03 17:00:00+02:00,-1.8040680060948944e-11
2030,sc01,08-03 18:00:00+02:00,1.1368683772161603e-12
2030,sc01,08-03 19:00:00+02:00,1280.8472241813224
2030,sc01,08-03 20:00:00+02:00,3035.8291070178166
2030,sc01,08-03 21:00:00+02:00,2862.7557966593117
2030,sc01,08-03 22:00:00+02:00,2206.450543987762
2030,sc01,08-03 23:00:00+02:00,1360.7344521260468
2030,sc01,08-04 00:00:00+02:00,4.433786671143025e-12
2030,sc01,08-04 01:00:00+02:00,-7.389644451905042e-13
2030,sc01,08-04 02:00:00+02:00,-8.526512829121202e-13
2030,sc01,08-04 03:00:00+02:00,1.1937117960769683e-12
2030,sc01,08-04 04:00:00+02:00,-6.252776074688882e-13
2030,sc01,08-04 05:00:00+02:00,5.684341886080801e-13
2030,sc01,08-04 06:00:00+02:00,-1.5347723092418164e-12
2030,sc01,08-04 07:00:00+02:00,-1.1795009413617663e-12
2030,sc01,08-04 08:00:00+02:00,4.547473508864641e-13
2030,sc01,08-04 09:00:00+02:00,0.0
2030,sc01,08-04 10:00:00+02:00,-3.524291969370097e-12
2030,sc01,08-04 11:00:00+02:00,-3.979039320256561e-13
2030,sc01,08-04 12:00:00+02:00,2.2737367544323206e-13
2030,sc01,08-04 13:00:00+02:00,-8.640199666842818e-12
2030,sc01,08-04 14:00:00+02:00,4.035882739117369e-12
2030,sc01,08-04 15:00:00+02:00,1.0800249583553523e-12
2030,sc01,08-04 16:00:00+02:00,7.503331289626658e-12
2030,sc01,08-04 17:00:00+02:00,6.30961949354969e-12
2030,sc01,08-04 18:00:00+02:00,2.0463630789890885e-12
2030,sc01,08-04 19:00:00+02:00,1391.650348514074
2030,sc01,08-04 20:00:00+02:00,3226.3438467690003
2030,sc01,08-04 21:00:00+02:00,3474.046526232
2030,sc01,08-04 22:00:00+02:00,2466.736380301955
2030,sc01,08-04 23:00:00+02:00,2.9558577807620168e-12
2030,sc01,08-05 00:00:00+02:00,-3.410605131648481e-13
2030,sc01,08-05 01:00:00+02:00,3.979039320256561e-13
2030,sc01,08-05 02:00:00+02:00,2.2737367544323206e-13
2030,sc01,08-05 03:00:00+02:00,4.547473508864641e-13
2030,sc01,08-05 04:00:00+02:00,-1.3926637620897964e-12
2030,sc01,08-05 05:00:00+02:00,-2.1600499167107046e-12
2030,sc01,08-05 06:00:00+02:00,827.4945795454285
2030,sc01,08-05 07:00:00+02:00,723.2048125297387
2030,sc01,08-05 08:00:00+02:00,1320.6037073148175
2030,sc01,08-05 09:00:00+02:00,1345.6911288696451
2030,sc01,08-05 10:00:00+02:00,1335.3847604691257
2030,sc01,08-05 11:00:00+02:00,1195.6738784625486
2030,sc01,08-05 12:00:00+02:00,2050.221784090025
2030,sc01,08-05 13:00:00+02:00,3768.444936291323
2030,sc01,08-05 14:00:00+02:00,3178.080721994259
2030,sc01,08-05 15:00:00+02:00,2990.1023223760735
2030,sc01,08-05 16:00:00+02:00,3261.7642965795762
2030,sc01,08-05 17:00:00+02:00,3529.0337005722754
2030,sc01,08-05 18:00:00+02:00,3997.013353395798
2030,sc01,08-05 19:00:00+02:00,5309.895076956476
2030,sc01,08-05 20:00:00+02:00,6914.435805411
2030,sc01,08-05 21:00:00+02:00,6133.594932201
2030,sc01,08-05 22:00:00+02:00,4783.489460345
2030,sc01,08-05 23:00:00+02:00,3269.309496885
2030,sc01,08-06 00:00:00+02:00,2147.98587309
2030,sc01,08-06 01:00:00+02:00,1607.305023991
2030,sc01,08-06 02:00:00+02:00,-1.4779288903810084e-12
2030,sc01,08-06 03:00:00+02:00,-2.1600499167107046e-12
2030,sc01,08-06 04:00:00+02:00,1.8758328224066645e-12
2030,sc01,08-06 05:00:00+02:00,-2.2168933355715126e-12
2030,sc01,08-06 06:00:00+02:00,1884.7467917209997
2030,sc01,08-06 07:00:00+02:00,4193.362578986
2030,sc01,08-06 08:00:00+02:00,2631.8541871302386
2030,sc01,08-06 09:00:00+02:00,1835.500820480972
2030,sc01,08-06 10:00:00+02:00,3595.0193105523654
2030,sc01,08-06 11:00:00+02:00,1465.0584604287487
2030,sc01,08-06 12:00:00+02:00,2654.679820624649
2030,sc01,08-06 13:00:00+02:00,2418.0587922400773
2030,sc01,08-06 14:00:00+02:00,1916.9506863430313
2030,sc01,08-06 15:00:00+02:00,1932.8585709686977
2030,sc01,08-06 16:00:00+02:00,2665.2859857863386
2030,sc01,08-06 17:00:00+02:00,3167.7440470165484
2030,sc01,08-06 18:00:00+02:00,3469.7184556615375
2030,sc01,08-06 19:00:00+02:00,5525.934773945
2030,sc01,08-06 20:00:00+02:00,6425.680248729
2030,sc01,08-06 21:00:00+02:00,5544.105542821
2030,sc01,08-06 22:00:00+02:00,4121.142341807
2030,sc01,08-06 23:00:00+02:00,2853.3920857147677
2030,sc01,08-07 00:00:00+02:00,1683.100716022368
2030,sc01,08-07 01:00:00+02:00,1367.5996733934076
2030,sc01,08-07 02:00:00+02:00,-1.3073986337985843e-12
2030,sc01,08-07 03:00:00+02:00,2.1316282072803006e-12
2030,sc01,08-07 04:00:00+02:00,1.2789769243681803e-12
2030,sc01,08-07 05:00:00+02:00,11.794801386091464
2030,sc01,08-07 06:00:00+02:00,1200.4835235548267
2030,sc01,08-07 07:00:00+02:00,1168.973386307479
2030,sc01,08-07 08:00:00+02:00,980.409925672704
2030,sc01,08-07 09:00:00+02:00,982.0670944262097
2030,sc01,08-07 10:00:00+02:00,2903.263733300506
2030,sc01,08-07 11:00:00+02:00,4046.37066216098
2030,sc01,08-07 12:00:00+02:00,2314.6874795145764
2030,sc01,08-07 13:00:00+02:00,3091.690545132256
2030,sc01,08-07 14:00:00+02:00,2845.2860786726287
2030,sc01,08-07 15:00:00+02:00,1103.6831749986704
2030,sc01,08-07 16:00:00+02:00,1221.7241722873014
2030,sc01,08-07 17:00:00+02:00,2799.872898856275
2030,sc01,08-07 18:00:00+02:00,3661.652246733
2030,sc01,08-07 19:00:00+02:00,5878.930586817547
2030,sc01,08-07 20:00:00+02:00,6820.691480595271
2030,sc01,08-07 21:00:00+02:00,5724.355581449735
2030,sc01,08-07 22:00:00+02:00,4330.324476315169
2030,sc01,08-07 23:00:00+02:00,2874.1309869779034
2030,sc01,08-08 00:00:00+02:00,1820.0597929215364
2030,sc01,08-08 01:00:00+02:00,1487.5873671963614
2030,sc01,08-08 02:00:00+02:00,-2.9842794901924208e-12
2030,sc01,08-08 03:00:00+02:00,1.0942358130705543e-12
2030,sc01,08-08 04:00:00+02:00,1.5489831639570184e-12
2030,sc01,08-08 05:00:00+02:00,12.092011042516646
2030,sc01,08-08 06:00:00+02:00,325.8144847257103
2030,sc01,08-08 07:00:00+02:00,566.2535972613266
2030,sc01,08-08 08:00:00+02:00,888.6692089863467
2030,sc01,08-08 09:00:00+02:00,1140.6216762200838
2030,sc01,08-08 10:00:00+02:00,877.056984889701
2030,sc01,08-08 11:00:00+02:00,667.898586718993
2030,sc01,08-08 12:00:00+02:00,2420.2696165263515
2030,sc01,08-08 13:00:00+02:00,1740.5290471014196
2030,sc01,08-08 14:00:00+02:00,1126.3423554926885
2030,sc01,08-08 15:00:00+02:00,534.1860561146998
2030,sc01,08-08 16:00:00+02:00,564.6689111648218
2030,sc01,08-08 17:00:00+02:00,1028.5716956170136
2030,sc01,08-08 18:00:00+02:00,1669.5996548856751
2030,sc01,08-08 19:00:00+02:00,3730.227768437237
2030,sc01,08-08 20:00:00+02:00,5475.118428722222
2030,sc01,08-08 21:00:00+02:00,4887.098352672257
2030,sc01,08-08 22:00:00+02:00,3785.630013302306
2030,sc01,08-08 23:00:00+02:00,2409.5428929665572
2030,sc01,08-09 00:00:00+02:00,1227.570499510732
2030,sc01,08-09 01:00:00+02:00,913.0891931784088
2030,sc01,08-09 02:00:00+02:00,6.252776074688882e-13
2030,sc01,08-09 03:00:00+02:00,1.4210854715202004e-12
2030,sc01,08-09 04:00:00+02:00,-6.252776074688882e-13
2030,sc01,08-09 05:00:00+02:00,-7.204903340607416e-12
2030,sc01,08-09 06:00:00+02:00,847.1209990885885
2030,sc01,08-09 07:00:00+02:00,878.9993156393347
2030,sc01,08-09 08:00:00+02:00,579.811765307837
2030,sc01,08-09 09:00:00+02:00,336.9953477976244
2030,sc01,08-09 10:00:00+02:00,1045.9993177050897
2030,sc01,08-09 11:00:00+02:00,2112.7047405321637
2030,sc01,08-09 12:00:00+02:00,3898.5232432447256
2030,sc01,08-09 13:00:00+02:00,3313.582098083378
2030,sc01,08-09 14:00:00+02:00,2674.3944447765093
2030,sc01,08-09 15:00:00+02:00,2369.4597343285454
2030,sc01,08-09 16:00:00+02:00,2323.921497162188
2030,sc01,08-09 17:00:00+02:00,2302.871533695161
2030,sc01,08-09 18:00:00+02:00,2628.368823192392
2030,sc01,08-09 19:00:00+02:00,3849.669159502
2030,sc01,08-09 20:00:00+02:00,5135.693725756
2030,sc01,08-09 21:00:00+02:00,3426.179829057116
2030,sc01,08-09 22:00:00+02:00,2137.820841234553
2030,sc01,08-09 23:00:00+02:00,880.5328780290979
2030,sc01,08-10 00:00:00+02:00,5.400124791776761e-13
2030,sc01,08-10 01:00:00+02:00,1.6200374375330284e-12
2030,sc01,08-10 02:00:00+02:00,-4.140687792641984e-12
2030,sc01,08-10 03:00:00+02:00,1.9397816686250735e-12
2030,sc01,08-10 04:00:00+02:00,-2.312816604899126e-12
2030,sc01,08-10 05:00:00+02:00,1.6626700016786344e-12
2030,sc01,08-10 06:00:00+02:00,2.3927526626721374e-12
2030,sc01,08-10 07:00:00+02:00,-2.0463630789890885e-12
2030,sc01,08-10 08:00:00+02:00,44.36559668396649
2030,sc01,08-10 09:00:00+02:00,64.6323407364747
2030,sc01,08-10 10:00:00+02:00,186.99547047109783
2030,sc01,08-10 11:00:00+02:00,183.18524148137809
2030,sc01,08-10 12:00:00+02:00,97.66727709789356
2030,sc01,08-10 13:00:00+02:00,-2.7284841053187847e-12
2030,sc01,08-10 14:00:00+02:00,6.821210263296962e-13
2030,sc01,08-10 15:00:00+02:00,9.322320693172514e-12
2030,sc01,08-10 16:00:00+02:00,-6.821210263296962e-13
2030,sc01,08-10 17:00:00+02:00,-2.2737367544323206e-12
2030,sc01,08-10 18:00:00+02:00,1.318767317570746e-11
2030,sc01,08-10 19:00:00+02:00,1.9895196601282805e-13
2030,sc01,08-10 20:00:00+02:00,377.96626105439157
2030,sc01,08-10 21:00:00+02:00,-2.8990143619012088e-12
2030,sc01,08-10 22:00:00+02:00,2.0463630789890885e-12
2030,sc01,08-10 23:00:00+02:00,8.640199666842818e-12
2030,sc01,08-11 00:00:00+02:00,8.981260180007666e-12
2030,sc01,08-11 01:00:00+02:00,3.581135388230905e-12
2030,sc01,08-11 02:00:00+02:00,1.8758328224066645e-12
2030,sc01,08-11 03:00:00+02:00,4.433786671143025e-12
2030,sc01,08-11 04:00:00+02:00,3.979039320256561e-13
2030,sc01,08-11 05:00:00+02:00,-2.604139126560767e-12
2030,sc01,08-11 06:00:00+02:00,9.379164112033322e-13
2030,sc01,08-11 07:00:00+02:00,-9.663381206337363e-13
2030,sc01,08-11 08:00:00+02:00,-3.183231456205249e-12
2030,sc01,08-11 09:00:00+02:00,1.8474111129762605e-12
2030,sc01,08-11 10:00:00+02:00,4.547473508864641e-13
2030,sc01,08-11 11:00:00+02:00,-1.5347723092418164e-12
2030,sc01,08-11 12:00:00+02:00,-1.0402345651527867e-11
2030,sc01,08-11 13:00:00+02:00,2.3021584638627246e-12
2030,sc01,08-11 14:00:00+02:00,1.4097167877480388e-11
2030,sc01,08-11 15:00:00+02:00,9.663381206337363e-12
2030,sc01,08-11 16:00:00+02:00,4.547473508864641e-13
2030,sc01,08-11 17:00:00+02:00,2.0463630789890885e-12
2030,sc01,08-11 18:00:00+02:00,1.3642420526593924e-12
2030,sc01,08-11 19:00:00+02:00,1266.227183607
2030,sc01,08-11 20:00:00+02:00,3179.807969738
2030,sc01,08-11 21:00:00+02:00,2668.5656650809997
2030,sc01,08-11 22:00:00+02:00,1619.4520788058057
2030,sc01,08-11 23:00:00+02:00,542.791161772746
2030,sc01,08-12 00:00:00+02:00,2.1032064978498966e-12
2030,sc01,08-12 01:00:00+02:00,4.064304448547773e-12
2030,sc01,08-12 02:00:00+02:00,4.973799150320701e-13
2030,sc01,08-12 03:00:00+02:00,-3.367972567502875e-12
2030,sc01,08-12 04:00:00+02:00,8.526512829121202e-14
2030,sc01,08-12 05:00:00+02:00,-1.1510792319313623e-12
2030,sc01,08-12 06:00:00+02:00,-6.536993168992922e-13
2030,sc01,08-12 07:00:00+02:00,320.8641043340182
2030,sc01,08-12 08:00:00+02:00,585.3173969793795
2030,sc01,08-12 09:00:00+02:00,700.0001107615717
2030,sc01,08-12 10:00:00+02:00,549.9843943365925
2030,sc01,08-12 11:00:00+02:00,1126.075425745269
2030,sc01,08-12 12:00:00+02:00,2595.2185883663096
2030,sc01,08-12 13:00:00+02:00,1736.4100408157187
2030,sc01,08-12 14:00:00+02:00,1414.3201447990496
2030,sc01,08-12 15:00:00+02:00,1314.0799442916332
2030,sc01,08-12 16:00:00+02:00,1684.2339048310198
2030,sc01,08-12 17:00:00+02:00,1776.342274056166
2030,sc01,08-12 18:00:00+02:00,2035.47119397573
2030,sc01,08-12 19:00:00+02:00,3829.516119543
2030,sc01,08-12 20:00:00+02:00,5289.539352307001
2030,sc01,08-12 21:00:00+02:00,4386.249903396
2030,sc01,08-12 22:00:00+02:00,2869.8971926149998
2030,sc01,08-12 23:00:00+02:00,1942.5895901734884
2030,sc01,08-13 00:00:00+02:00,1119.36964237921
2030,sc01,08-13 01:00:00+02:00,-3.240074875066057e-12
2030,sc01,08-13 02:00:00+02:00,-1.1368683772161603e-13
2030,sc01,08-13 03:00:00+02:00,-2.2737367544323206e-13
2030,sc01,08-13 04:00:00+02:00,-6.394884621840902e-13
2030,sc01,08-13 05:00:00+02:00,-4.099831585335778e-12
2030,sc01,08-13 06:00:00+02:00,5.092379776132786
2030,sc01,08-13 07:00:00+02:00,432.88766379944354
2030,sc01,08-13 08:00:00+02:00,494.7395833318245
2030,sc01,08-13 09:00:00+02:00,372.6205630246171
2030,sc01,08-13 10:00:00+02:00,507.8206121318308
2030,sc01,08-13 11:00:00+02:00,1731.633776620001
2030,sc01,08-13 12:00:00+02:00,1146.843211548524
2030,sc01,08-13 13:00:00+02:00,796.4230322057737
2030,sc01,08-13 14:00:00+02:00,451.20602786508516
2030,sc01,08-13 15:00:00+02:00,235.63469768881185
2030,sc01,08-13 16:00:00+02:00,213.2834202797265
2030,sc01,08-13 17:00:00+02:00,484.7600112391308
2030,sc01,08-13 18:00:00+02:00,597.5043265207253
2030,sc01,08-13 19:00:00+02:00,2806.1286769903613
2030,sc01,08-13 20:00:00+02:00,4463.839031859538
2030,sc01,08-13 21:00:00+02:00,3739.188157219848
2030,sc01,08-13 22:00:00+02:00,2384.4354257035634
2030,sc01,08-13 23:00:00+02:00,1022.2605720676797
2030,sc01,08-14 00:00:00+02:00,38.763675716719945
2030,sc01,08-14 01:00:00+02:00,-6.821210263296962e-13
2030,sc01,08-14 02:00:00+02:00,-1.7053025658242404e-13
2030,sc01,08-14 03:00:00+02:00,2.2737367544323206e-13
2030,sc01,08-14 04:00:00+02:00,1.3216094885137863e-12
2030,sc01,08-14 05:00:00+02:00,2.4940050025179517e-12
2030,sc01,08-14 06:00:00+02:00,13.616852756862293
2030,sc01,08-14 07:00:00+02:00,168.3510792510533
2030,sc01,08-14 08:00:00+02:00,194.14634498094222
2030,sc01,08-14 09:00:00+02:00,153.21140455091427
2030,sc01,08-14 10:00:00+02:00,409.12687253658777
2030,sc01,08-14 11:00:00+02:00,1426.0785751097512
2030,sc01,08-14 12:00:00+02:00,1015.0371015517023
2030,sc01,08-14 13:00:00+02:00,712.9865568042385
2030,sc01,08-14 14:00:00+02:00,466.27728468129
2030,sc01,08-14 15:00:00+02:00,377.6889553039106
2030,sc01,08-14 16:00:00+02:00,770.6706828356791
2030,sc01,08-14 17:00:00+02:00,1210.11027786902
2030,sc01,08-14 18:00:00+02:00,2135.3550389993056
2030,sc01,08-14 19:00:00+02:00,3765.9812855279997
2030,sc01,08-14 20:00:00+02:00,5443.650454498
2030,sc01,08-14 21:00:00+02:00,4783.266882986
2030,sc01,08-14 22:00:00+02:00,3270.6527149206127
2030,sc01,08-14 23:00:00+02:00,1850.6958415389995
2030,sc01,08-15 00:00:00+02:00,-1.6484591469634324e-12
2030,sc01,08-15 01:00:00+02:00,-2.8990143619012088e-12
2030,sc01,08-15 02:00:00+02:00,-2.8421709430404007e-13
2030,sc01,08-15 03:00:00+02:00,-1.7053025658242404e-12
2030,sc01,08-15 04:00:00+02:00,-1.2789769243681803e-12
2030,sc01,08-15 05:00:00+02:00,1.7337242752546445e-12
2030,sc01,08-15 06:00:00+02:00,-2.3732127374387346e-12
2030,sc01,08-15 07:00:00+02:00,2.2737367544323206e-13
2030,sc01,08-15 08:00:00+02:00,-2.9558577807620168e-12
2030,sc01,08-15 09:00:00+02:00,-2.7284841053187847e-12
2030,sc01,08-15 10:00:00+02:00,-1.1368683772161603e-12
2030,sc01,08-15 11:00:00+02:00,-9.251266419596504e-12
2030,sc01,08-15 12:00:00+02:00,-5.9117155615240335e-12
2030,sc01,08-15 13:00:00+02:00,2.772893026303791e-12
2030,sc01,08-15 14:00:00+02:00,1.1823431123048067e-11
2030,sc01,08-15 15:00:00+02:00,1.794120407794253e-12
2030,sc01,08-15 16:00:00+02:00,-3.865352482534945e-12
2030,sc01,08-15 17:00:00+02:00,140.6353189588849
2030,sc01,08-15 18:00:00+02:00,836.9167272386271
2030,sc01,08-15 19:00:00+02:00,2381.493316028575
2030,sc01,08-15 20:00:00+02:00,3745.2832010454395
2030,sc01,08-15 21:00:00+02:00,3296.9875241472673
2030,sc01,08-15 22:00:00+02:00,1790.1968418692163
2030,sc01,08-15 23:00:00+02:00,357.55004505034003
2030,sc01,08-16 00:00:00+02:00,-3.524291969370097e-12
2030,sc01,08-16 01:00:00+02:00,-1.7053025658242404e-13
2030,sc01,08-16 02:00:00+02:00,5.684341886080802e-14
2030,sc01,08-16 03:00:00+02:00,-1.1652900866465643e-12
2030,sc01,08-16 04:00:00+02:00,5.684341886080802e-14
2030,sc01,08-16 05:00:00+02:00,1.7337242752546445e-12
2030,sc01,08-16 06:00:00+02:00,4.121147867408581e-12
2030,sc01,08-16 07:00:00+02:00,43.566470818536686
2030,sc01,08-16 08:00:00+02:00,22.65307279680985
2030,sc01,08-16 09:00:00+02:00,74.93029237966186
2030,sc01,08-16 10:00:00+02:00,1.6989821180995932
2030,sc01,08-16 11:00:00+02:00,109.75572293586083
2030,sc01,08-16 12:00:00+02:00,1281.9352999503433
2030,sc01,08-16 13:00:00+02:00,820.9964104525045
2030,sc01,08-16 14:00:00+02:00,689.1538436212411
2030,sc01,08-16 15:00:00+02:00,576.6499409701223
2030,sc01,08-16 16:00:00+02:00,983.8382530573408
2030,sc01,08-16 17:00:00+02:00,1213.8629437079253
2030,sc01,08-16 18:00:00+02:00,2054.341195985776
2030,sc01,08-16 19:00:00+02:00,3745.965231390203
2030,sc01,08-16 20:00:00+02:00,4735.535857058432
2030,sc01,08-16 21:00:00+02:00,3432.038842271907
2030,sc01,08-16 22:00:00+02:00,1761.001479165
2030,sc01,08-16 23:00:00+02:00,495.71422531700017
2030,sc01,08-17 00:00:00+02:00,5.6843418860808015e-12
2030,sc01,08-17 01:00:00+02:00,4.888534022029489e-12
2030,sc01,08-17 02:00:00+02:00,-1.3073986337985843e-12
2030,sc01,08-17 03:00:00+02:00,-1.9326762412674725e-12
2030,sc01,08-17 04:00:00+02:00,-1.2789769243681803e-12
2030,sc01,08-17 05:00:00+02:00,2.7569058147491887e-12
2030,sc01,08-17 06:00:00+02:00,-1.3500311979441904e-13
2030,sc01,08-17 07:00:00+02:00,-4.945377440890297e-12
2030,sc01,08-17 08:00:00+02:00,4.547473508864641e-13
2030,sc01,08-17 09:00:00+02:00,-1.8189894035458565e-12
2030,sc01,08-17 10:00:00+02:00,-1.3642420526593924e-12
2030,sc01,08-17 11:00:00+02:00,-4.547473508864641e-12
2030,sc01,08-17 12:00:00+02:00,3.979039320256561e-12
2030,sc01,08-17 13:00:00+02:00,-5.229594535194337e-12
2030,sc01,08-17 14:00:00+02:00,-2.0463630789890885e-12
2030,sc01,08-17 15:00:00+02:00,6.821210263296962e-13
2030,sc01,08-17 16:00:00+02:00,-1.1368683772161603e-12
2030,sc01,08-17 17:00:00+02:00,-1.8189894035458565e-12
2030,sc01,08-17 18:00:00+02:00,-4.547473508864641e-13
2030,sc01,08-17 19:00:00+02:00,368.6032609466795
2030,sc01,08-17 20:00:00+02:00,2166.385162248352
2030,sc01,08-17 21:00:00+02:00,1738.0700004795874
2030,sc01,08-17 22:00:00+02:00,906.3649752052671
2030,sc01,08-17 23:00:00+02:00,371.79430264866005
2030,sc01,08-18 00:00:00+02:00,-5.684341886080802e-14
2030,sc01,08-18 01:00:00+02:00,1.9895196601282805e-12
2030,sc01,08-18 02:00:00+02:00,1.3073986337985843e-12
2030,sc01,08-18 03:00:00+02:00,-1.4210854715202004e-12
2030,sc01,08-18 04:00:00+02:00,-1.1368683772161603e-13
2030,sc01,08-18 05:00:00+02:00,-3.410605131648481e-13
2030,sc01,08-18 06:00:00+02:00,-2.8279600883251987e-12
2030,sc01,08-18 07:00:00+02:00,2.0889956431346945e-12
2030,sc01,08-18 08:00:00+02:00,-2.3874235921539366e-12
2030,sc01,08-18 09:00:00+02:00,-1.8189894035458565e-12
2030,sc01,08-18 10:00:00+02:00,-9.094947017729282e-13
2030,sc01,08-18 11:00:00+02:00,-5.684341886080802e-14
2030,sc01,08-18 12:00:00+02:00,-4.774847184307873e-12
2030,sc01,08-18 13:00:00+02:00,-5.684341886080801e-13
2030,sc01,08-18 14:00:00+02:00,3.410605131648481e-12
2030,sc01,08-18 15:00:00+02:00,2.9558577807620168e-12
2030,sc01,08-18 16:00:00+02:00,9.890754881780595e-12
2030,sc01,08-18 17:00:00+02:00,6.366462912410498e-12
2030,sc01,08-18 18:00:00+02:00,-3.979039320256561e-13
2030,sc01,08-18 19:00:00+02:00,933.0100717090435
2030,sc01,08-18 20:00:00+02:00,2529.860704671903
2030,sc01,08-18 21:00:00+02:00,2221.6452850660303
2030,sc01,08-18 22:00:00+02:00,1054.6189855824946
2030,sc01,08-18 23:00:00+02:00,-2.7853275241795927e-12
2030,sc01,08-19 00:00:00+02:00,-1.5916157281026244e-12
2030,sc01,08-19 01:00:00+02:00,-4.519051799434237e-12
2030,sc01,08-19 02:00:00+02:00,6.821210263296962e-13
2030,sc01,08-19 03:00:00+02:00,-8.526512829121202e-13
2030,sc01,08-19 04:00:00+02:00,8.526512829121202e-14
2030,sc01,08-19 05:00:00+02:00,-3.019806626980426e-13
2030,sc01,08-19 06:00:00+02:00,-8.100187187665142e-13
2030,sc01,08-19 07:00:00+02:00,184.80535784622793
2030,sc01,08-19 08:00:00+02:00,117.5858131482413
2030,sc01,08-19 09:00:00+02:00,143.76591828491235
2030,sc01,08-19 10:00:00+02:00,136.8022541938641
2030,sc01,08-19 11:00:00+02:00,318.9830167730048
2030,sc01,08-19 12:00:00+02:00,264.9387434925518
2030,sc01,08-19 13:00:00+02:00,270.71351367716704
2030,sc01,08-19 14:00:00+02:00,1013.732596283333
2030,sc01,08-19 15:00:00+02:00,816.8145410111504
2030,sc01,08-19 16:00:00+02:00,962.8305315765325
2030,sc01,08-19 17:00:00+02:00,1735.332066836042
2030,sc01,08-19 18:00:00+02:00,2575.0145413470254
2030,sc01,08-19 19:00:00+02:00,5184.519826263
2030,sc01,08-19 20:00:00+02:00,6016.771608145
2030,sc01,08-19 21:00:00+02:00,4981.595309982
2030,sc01,08-19 22:00:00+02:00,3532.5993074890002
2030,sc01,08-19 23:00:00+02:00,2010.833644481
2030,sc01,08-20 00:00:00+02:00,1175.280131678
2030,sc01,08-20 01:00:00+02:00,-1.7621459846850485e-12
2030,sc01,08-20 02:00:00+02:00,-2.7284841053187847e-12
2030,sc01,08-20 03:00:00+02:00,-9.094947017729282e-13
2030,sc01,08-20 04:00:00+02:00,-2.7284841053187847e-12
2030,sc01,08-20 05:00:00+02:00,8.261835660050565e-12
2030,sc01,08-20 06:00:00+02:00,919.9449823064792
2030,sc01,08-20 07:00:00+02:00,1087.990338491757
2030,sc01,08-20 08:00:00+02:00,507.2112104261796
2030,sc01,08-20 09:00:00+02:00,453.94846107646106
2030,sc01,08-20 10:00:00+02:00,289.69664938159247
2030,sc01,08-20 11:00:00+02:00,881.7553198977298
2030,sc01,08-20 12:00:00+02:00,2429.1094441672108
2030,sc01,08-20 13:00:00+02:00,2350.467314653272
2030,sc01,08-20 14:00:00+02:00,1845.978149163596
2030,sc01,08-20 15:00:00+02:00,1728.2734405523063
2030,sc01,08-20 16:00:00+02:00,1922.4159163037957
2030,sc01,08-20 17:00:00+02:00,2470.97956983621
2030,sc01,08-20 18:00:00+02:00,3064.9179084085986
2030,sc01,08-20 19:00:00+02:00,4676.883494224
2030,sc01,08-20 20:00:00+02:00,5206.678516358313
2030,sc01,08-20 21:00:00+02:00,4148.843701200003
2030,sc01,08-20 22:00:00+02:00,2645.4300299059696
2030,sc01,08-20 23:00:00+02:00,1545.0337511318455
2030,sc01,08-21 00:00:00+02:00,1.3358203432289883e-11
2030,sc01,08-21 01:00:00+02:00,-4.547473508864641e-13
2030,sc01,08-21 02:00:00+02:00,-2.5579538487363607e-13
2030,sc01,08-21 03:00:00+02:00,-9.094947017729282e-13
2030,sc01,08-21 04:00:00+02:00,-1.7053025658242404e-12
2030,sc01,08-21 05:00:00+02:00,-6.963318810448982e-13
2030,sc01,08-21 06:00:00+02:00,430.05332818410824
2030,sc01,08-21 07:00:00+02:00,873.9843757659727
2030,sc01,08-21 08:00:00+02:00,361.3465342505301
2030,sc01,08-21 09:00:00+02:00,328.48157202944094
2030,sc01,08-21 10:00:00+02:00,292.85842330786966
2030,sc01,08-21 11:00:00+02:00,1031.0871548451578
2030,sc01,08-21 12:00:00+02:00,2761.288739119629
2030,sc01,08-21 13:00:00+02:00,2532.9245797556955
2030,sc01,08-21 14:00:00+02:00,2125.281501835538
2030,sc01,08-21 15:00:00+02:00,1755.6397388490639
2030,sc01,08-21 16:00:00+02:00,1810.6702069949283
2030,sc01,08-21 17:00:00+02:00,2406.812757363926
2030,sc01,08-21 18:00:00+02:00,3248.502261618085
2030,sc01,08-21 19:00:00+02:00,5797.971151644
2030,sc01,08-21 20:00:00+02:00,6526.371944552694
2030,sc01,08-21 21:00:00+02:00,5060.6505779354675
2030,sc01,08-21 22:00:00+02:00,3565.392742582258
2030,sc01,08-21 23:00:00+02:00,2273.147465635407
2030,sc01,08-22 00:00:00+02:00,1454.8855875952554
2030,sc01,08-22 01:00:00+02:00,-2.8990143619012088e-12
2030,sc01,08-22 02:00:00+02:00,3.552713678800501e-13
2030,sc01,08-22 03:00:00+02:00,-2.4158453015843406e-13
2030,sc01,08-22 04:00:00+02:00,3.836930773104541e-13
2030,sc01,08-22 05:00:00+02:00,-3.211653165635653e-12
2030,sc01,08-22 06:00:00+02:00,369.85981791084726
2030,sc01,08-22 07:00:00+02:00,377.63159379463264
2030,sc01,08-22 08:00:00+02:00,466.6663599143777
2030,sc01,08-22 09:00:00+02:00,326.84942265811173
2030,sc01,08-22 10:00:00+02:00,348.73688686837
2030,sc01,08-22 11:00:00+02:00,674.7431463881587
2030,sc01,08-22 12:00:00+02:00,640.9313088944266
2030,sc01,08-22 13:00:00+02:00,2057.048891167735
2030,sc01,08-22 14:00:00+02:00,2190.542992969647
2030,sc01,08-22 15:00:00+02:00,2426.1202930959316
2030,sc01,08-22 16:00:00+02:00,2618.796553122543
2030,sc01,08-22 17:00:00+02:00,2827.6373846490146
2030,sc01,08-22 18:00:00+02:00,3629.6888354146204
2030,sc01,08-22 19:00:00+02:00,5812.8294319120005
2030,sc01,08-22 20:00:00+02:00,5935.5172768826615
2030,sc01,08-22 21:00:00+02:00,4393.077151600887
2030,sc01,08-22 22:00:00+02:00,2802.543708436374
2030,sc01,08-22 23:00:00+02:00,1379.5592499470888
2030,sc01,08-23 00:00:00+02:00,797.6069102793824
2030,sc01,08-23 01:00:00+02:00,-3.325340003357269e-12
2030,sc01,08-23 02:00:00+02:00,-5.115907697472721e-13
2030,sc01,08-23 03:00:00+02:00,4.547473508864641e-13
2030,sc01,08-23 04:00:00+02:00,2.284394895468722e-12
2030,sc01,08-23 05:00:00+02:00,1.1553424883459229e-11
2030,sc01,08-23 06:00:00+02:00,603.2568866622255
2030,sc01,08-23 07:00:00+02:00,217.24968215535614
2030,sc01,08-23 08:00:00+02:00,215.66274152344636
2030,sc01,08-23 09:00:00+02:00,254.00411070707463
2030,sc01,08-23 10:00:00+02:00,584.8886616783152
2030,sc01,08-23 11:00:00+02:00,608.1215311517765
2030,sc01,08-23 12:00:00+02:00,685.8836136243763
2030,sc01,08-23 13:00:00+02:00,2627.9775747850213
2030,sc01,08-23 14:00:00+02:00,2294.600335850886
2030,sc01,08-23 15:00:00+02:00,2243.0850825964103
2030,sc01,08-23 16:00:00+02:00,2547.8115044238
2030,sc01,08-23 17:00:00+02:00,2772.1849866376724
2030,sc01,08-23 18:00:00+02:00,3149.475233662478
2030,sc01,08-23 19:00:00+02:00,4693.950938380433
2030,sc01,08-23 20:00:00+02:00,5065.369177398633
2030,sc01,08-23 21:00:00+02:00,3926.15468298706
2030,sc01,08-23 22:00:00+02:00,2799.084077307996
2030,sc01,08-23 23:00:00+02:00,1719.8178854492294
2030,sc01,08-24 00:00:00+02:00,1242.7645966155164
2030,sc01,08-24 01:00:00+02:00,1.0516032489249483e-12
2030,sc01,08-24 02:00:00+02:00,-1.2505552149377763e-12
2030,sc01,08-24 03:00:00+02:00,-2.3021584638627246e-12
2030,sc01,08-24 04:00:00+02:00,1.8820500713445654e-12
2030,sc01,08-24 05:00:00+02:00,-3.801403636316536e-12
2030,sc01,08-24 06:00:00+02:00,1.2079226507921703e-13
2030,sc01,08-24 07:00:00+02:00,27.415483772741027
2030,sc01,08-24 08:00:00+02:00,103.92011107942926
2030,sc01,08-24 09:00:00+02:00,40.75581087290311
2030,sc01,08-24 10:00:00+02:00,47.37564208762001
2030,sc01,08-24 11:00:00+02:00,418.18412936109746
2030,sc01,08-24 12:00:00+02:00,2060.9222756050926
2030,sc01,08-24 13:00:00+02:00,1722.7161650936473
2030,sc01,08-24 14:00:00+02:00,1395.1583238140652
2030,sc01,08-24 15:00:00+02:00,1280.6001538820783
2030,sc01,08-24 16:00:00+02:00,1481.470864202449
2030,sc01,08-24 17:00:00+02:00,1425.86137822665
2030,sc01,08-24 18:00:00+02:00,1652.7856915786597
2030,sc01,08-24 19:00:00+02:00,3365.125657424993
2030,sc01,08-24 20:00:00+02:00,3869.422831526716
2030,sc01,08-24 21:00:00+02:00,2956.0224479186395
2030,sc01,08-24 22:00:00+02:00,1988.9236126873027
2030,sc01,08-24 23:00:00+02:00,1.7621459846850485e-12
2030,sc01,08-25 00:00:00+02:00,1.4779288903810084e-12
2030,sc01,08-25 01:00:00+02:00,-3.0127011996228248e-12
2030,sc01,08-25 02:00:00+02:00,-1.9895196601282805e-12
2030,sc01,08-25 03:00:00+02:00,-1.6484591469634324e-12
2030,sc01,08-25 04:00:00+02:00,0.0
2030,sc01,08-25 05:00:00+02:00,6.998845947236987e-13
2030,sc01,08-25 06:00:00+02:00,-9.237055564881302e-13
2030,sc01,08-25 07:00:00+02:00,-1.1937117960769683e-12
2030,sc01,08-25 08:00:00+02:00,-1.7337242752546445e-12
2030,sc01,08-25 09:00:00+02:00,-5.002220859751105e-12
2030,sc01,08-25 10:00:00+02:00,-1.3642420526593924e-12
2030,sc01,08-25 11:00:00+02:00,-3.637978807091713e-12
2030,sc01,08-25 12:00:00+02:00,2.6147972675971687e-12
2030,sc01,08-25 13:00:00+02:00,-2.2737367544323206e-12
2030,sc01,08-25 14:00:00+02:00,-1.5916157281026244e-12
2030,sc01,08-25 15:00:00+02:00,4.376943252282217e-12
2030,sc01,08-25 16:00:00+02:00,3.637978807091713e-12
2030,sc01,08-25 17:00:00+02:00,357.5744050256559
2030,sc01,08-25 18:00:00+02:00,929.0802982789023
2030,sc01,08-25 19:00:00+02:00,3615.232608888939
2030,sc01,08-25 20:00:00+02:00,4040.90709775899
2030,sc01,08-25 21:00:00+02:00,3441.1133966193906
2030,sc01,08-25 22:00:00+02:00,2162.7618987791457
2030,sc01,08-25 23:00:00+02:00,1398.4510844514348
2030,sc01,08-26 00:00:00+02:00,1280.1945064085342
2030,sc01,08-26 01:00:00+02:00,1250.4037091030234
2030,sc01,08-26 02:00:00+02:00,9.592326932761353e-13
2030,sc01,08-26 03:00:00+02:00,3.979039320256561e-13
2030,sc01,08-26 04:00:00+02:00,-2.3163693185779266e-12
2030,sc01,08-26 05:00:00+02:00,293.5727178113924
2030,sc01,08-26 06:00:00+02:00,1370.9706578769144
2030,sc01,08-26 07:00:00+02:00,2541.262947278779
2030,sc01,08-26 08:00:00+02:00,1390.2971145333756
2030,sc01,08-26 09:00:00+02:00,1305.097818192666
2030,sc01,08-26 10:00:00+02:00,1236.2794733117405
2030,sc01,08-26 11:00:00+02:00,3040.842117170044
2030,sc01,08-26 12:00:00+02:00,5053.160261548311
2030,sc01,08-26 13:00:00+02:00,4615.194798477031
2030,sc01,08-26 14:00:00+02:00,4321.946475612435
2030,sc01,08-26 15:00:00+02:00,4249.201490573953
2030,sc01,08-26 16:00:00+02:00,4559.038554223962
2030,sc01,08-26 17:00:00+02:00,4551.0491559200655
2030,sc01,08-26 18:00:00+02:00,5440.1935303078235
2030,sc01,08-26 19:00:00+02:00,7660.473073041369
2030,sc01,08-26 20:00:00+02:00,7718.251630360992
2030,sc01,08-26 21:00:00+02:00,6294.103633714592
2030,sc01,08-26 22:00:00+02:00,4892.1822720336395
2030,sc01,08-26 23:00:00+02:00,3762.103612302604
2030,sc01,08-27 00:00:00+02:00,3158.720846575678
2030,sc01,08-27 01:00:00+02:00,1207.7095136260632
2030,sc01,08-27 02:00:00+02:00,107.07971205368645
2030,sc01,08-27 03:00:00+02:00,1.1269207789155189e-11
2030,sc01,08-27 04:00:00+02:00,35.69853640292705
2030,sc01,08-27 05:00:00+02:00,546.4291210700189
2030,sc01,08-27 06:00:00+02:00,1421.5834559735547
2030,sc01,08-27 07:00:00+02:00,2203.6671034918086
2030,sc01,08-27 08:00:00+02:00,1344.3662996189582
2030,sc01,08-27 09:00:00+02:00,2101.7352154901105
2030,sc01,08-27 10:00:00+02:00,3199.548433302887
2030,sc01,08-27 11:00:00+02:00,2811.225901634134
2030,sc01,08-27 12:00:00+02:00,4850.7173692196575
2030,sc01,08-27 13:00:00+02:00,4327.4424162742735
2030,sc01,08-27 14:00:00+02:00,3945.021045100003
2030,sc01,08-27 15:00:00+02:00,3714.0122513511733
2030,sc01,08-27 16:00:00+02:00,3896.513572838328
2030,sc01,08-27 17:00:00+02:00,4110.115655009027
2030,sc01,08-27 18:00:00+02:00,4407.419888580777
2030,sc01,08-27 19:00:00+02:00,6327.732768259492
2030,sc01,08-27 20:00:00+02:00,6247.141156369258
2030,sc01,08-27 21:00:00+02:00,4723.457691230295
2030,sc01,08-27 22:00:00+02:00,3256.9069077525724
2030,sc01,08-27 23:00:00+02:00,2063.200499634076
2030,sc01,08-28 00:00:00+02:00,1504.9243565341944
2030,sc01,08-28 01:00:00+02:00,1331.4259404134893
2030,sc01,08-28 02:00:00+02:00,1.6839862837514374e-12
2030,sc01,08-28 03:00:00+02:00,-3.375077994860476e-12
2030,sc01,08-28 04:00:00+02:00,6.252776074688882e-12
2030,sc01,08-28 05:00:00+02:00,331.3022953752388
2030,sc01,08-28 06:00:00+02:00,1568.1546674535607
2030,sc01,08-28 07:00:00+02:00,1681.92641559156
2030,sc01,08-28 08:00:00+02:00,732.0217485611824
2030,sc01,08-28 09:00:00+02:00,477.6419162463215
2030,sc01,08-28 10:00:00+02:00,502.2772110250228
2030,sc01,08-28 11:00:00+02:00,4213.216369226879
2030,sc01,08-28 12:00:00+02:00,3647.592173486192
2030,sc01,08-28 13:00:00+02:00,3346.118976410927
2030,sc01,08-28 14:00:00+02:00,3022.280821538242
2030,sc01,08-28 15:00:00+02:00,2750.2192099249
2030,sc01,08-28 16:00:00+02:00,2657.374725930991
2030,sc01,08-28 17:00:00+02:00,3044.4426625343626
2030,sc01,08-28 18:00:00+02:00,3241.8229457686243
2030,sc01,08-28 19:00:00+02:00,5518.432161426821
2030,sc01,08-28 20:00:00+02:00,5711.610431342777
2030,sc01,08-28 21:00:00+02:00,4406.691615121338
2030,sc01,08-28 22:00:00+02:00,3356.2594863861145
2030,sc01,08-28 23:00:00+02:00,2418.5853484017907
2030,sc01,08-29 00:00:00+02:00,4.973799150320701e-12
2030,sc01,08-29 01:00:00+02:00,2.2168933355715126e-12
2030,sc01,08-29 02:00:00+02:00,2.5579538487363607e-12
2030,sc01,08-29 03:00:00+02:00,-1.6555645743210334e-12
2030,sc01,08-29 04:00:00+02:00,6.394884621840902e-12
2030,sc01,08-29 05:00:00+02:00,613.3877925411969
2030,sc01,08-29 06:00:00+02:00,2611.2546958460002
2030,sc01,08-29 07:00:00+02:00,2903.5480779289996
2030,sc01,08-29 08:00:00+02:00,611.3601429097187
2030,sc01,08-29 09:00:00+02:00,687.6305511353428
2030,sc01,08-29 10:00:00+02:00,973.748299139712
2030,sc01,08-29 11:00:00+02:00,2952.110715801481
2030,sc01,08-29 12:00:00+02:00,4507.048540561185
2030,sc01,08-29 13:00:00+02:00,3553.9610632791523
2030,sc01,08-29 14:00:00+02:00,3377.011303208845
2030,sc01,08-29 15:00:00+02:00,3012.773336322291
2030,sc01,08-29 16:00:00+02:00,3023.5694219951793
2030,sc01,08-29 17:00:00+02:00,3171.0905628082683
2030,sc01,08-29 18:00:00+02:00,3888.8323644805223
2030,sc01,08-29 19:00:00+02:00,6820.91679533469
2030,sc01,08-29 20:00:00+02:00,5054.977044665066
2030,sc01,08-29 21:00:00+02:00,3850.323629679074
2030,sc01,08-29 22:00:00+02:00,2571.116372607401
2030,sc01,08-29 23:00:00+02:00,1057.4608346300151
2030,sc01,08-30 00:00:00+02:00,178.3014592814229
2030,sc01,08-30 01:00:00+02:00,-3.822719918389339e-12
2030,sc01,08-30 02:00:00+02:00,-3.0393465522138285e-12
2030,sc01,08-30 03:00:00+02:00,1.3500311979441904e-13
2030,sc01,08-30 04:00:00+02:00,1.1112888387287967e-11
2030,sc01,08-30 05:00:00+02:00,418.36741599258085
2030,sc01,08-30 06:00:00+02:00,1896.528536378665
2030,sc01,08-30 07:00:00+02:00,1842.843982064365
2030,sc01,08-30 08:00:00+02:00,1253.594303152512
2030,sc01,08-30 09:00:00+02:00,966.64226583355
2030,sc01,08-30 10:00:00+02:00,846.3937633066124
2030,sc01,08-30 11:00:00+02:00,1293.339512021866
2030,sc01,08-30 12:00:00+02:00,3026.5630841068423
2030,sc01,08-30 13:00:00+02:00,2335.438208493054
2030,sc01,08-30 14:00:00+02:00,1868.9400019928796
2030,sc01,08-30 15:00:00+02:00,1555.3961182194855
2030,sc01,08-30 16:00:00+02:00,1746.506382321006
2030,sc01,08-30 17:00:00+02:00,2008.9055945004595
2030,sc01,08-30 18:00:00+02:00,2846.3313255254707
2030,sc01,08-30 19:00:00+02:00,5685.85957047421
2030,sc01,08-30 20:00:00+02:00,3628.245148439926
2030,sc01,08-30 21:00:00+02:00,2340.697628058351
2030,sc01,08-30 22:00:00+02:00,884.299533782404
2030,sc01,08-30 23:00:00+02:00,-2.2737367544323206e-13
2030,sc01,08-31 00:00:00+02:00,-9.379164112033322e-13
2030,sc01,08-31 01:00:00+02:00,-1.4424017535930034e-12
2030,sc01,08-31 02:00:00+02:00,7.673861546209082e-13
2030,sc01,08-31 03:00:00+02:00,-2.9984903449076228e-12
2030,sc01,08-31 04:00:00+02:00,-7.105427357601002e-14
2030,sc01,08-31 05:00:00+02:00,2.2737367544323206e-13
2030,sc01,08-31 06:00:00+02:00,-8.100187187665142e-13
2030,sc01,08-31 07:00:00+02:00,-1.7337242752546445e-12
2030,sc01,08-31 08:00:00+02:00,73.60613125270231
2030,sc01,08-31 09:00:00+02:00,118.2668015015596
2030,sc01,08-31 10:00:00+02:00,136.2519006466016
2030,sc01,08-31 11:00:00+02:00,100.33364708581598
2030,sc01,08-31 12:00:00+02:00,59.74428012891167
2030,sc01,08-31 13:00:00+02:00,312.3623384565106
2030,sc01,08-31 14:00:00+02:00,78.46326353247258
2030,sc01,08-31 15:00:00+02:00,76.66238670962414
2030,sc01,08-31 16:00:00+02:00,62.273922300737695
2030,sc01,08-31 17:00:00+02:00,339.59280933710124
2030,sc01,08-31 18:00:00+02:00,750.0922513158974
2030,sc01,08-31 19:00:00+02:00,3029.7094817619654
2030,sc01,08-31 20:00:00+02:00,3094.761767165335
2030,sc01,08-31 21:00:00+02:00,1856.2340321746774
2030,sc01,08-31 22:00:00+02:00,622.834370458487
2030,sc01,08-31 23:00:00+02:00,-1.6484591469634324e-12
2030,sc01,09-01 00:00:00+02:00,5.6274984672199935e-12
2030,sc01,09-01 01:00:00+02:00,-1.0800249583553523e-12
2030,sc01,09-01 02:00:00+02:00,3.810285420513537e-12
2030,sc01,09-01 03:00:00+02:00,5.158540261618327e-12
2030,sc01,09-01 04:00:00+02:00,-1.1013412404281553e-12
2030,sc01,09-01 05:00:00+02:00,3.424815986363683e-12
2030,sc01,09-01 06:00:00+02:00,-1.5774048733874224e-12
2030,sc01,09-01 07:00:00+02:00,-2.5579538487363607e-12
2030,sc01,09-01 08:00:00+02:00,-2.1742607714259066e-12
2030,sc01,09-01 09:00:00+02:00,-2.0463630789890885e-12
2030,sc01,09-01 10:00:00+02:00,1.5916157281026244e-12
2030,sc01,09-01 11:00:00+02:00,5.6843418860808015e-12
2030,sc01,09-01 12:00:00+02:00,-2.9558577807620168e-12
2030,sc01,09-01 13:00:00+02:00,-2.0463630789890885e-12
2030,sc01,09-01 14:00:00+02:00,1.3642420526593924e-12
2030,sc01,09-01 15:00:00+02:00,-5.9117155615240335e-12
2030,sc01,09-01 16:00:00+02:00,-9.094947017729282e-13
2030,sc01,09-01 17:00:00+02:00,2.9558577807620168e-12
2030,sc01,09-01 18:00:00+02:00,-7.389644451905042e-12
2030,sc01,09-01 19:00:00+02:00,1934.164156897577
2030,sc01,09-01 20:00:00+02:00,2655.629700175721
2030,sc01,09-01 21:00:00+02:00,1956.5996664505021
2030,sc01,09-01 22:00:00+02:00,1441.8815490315953
2030,sc01,09-01 23:00:00+02:00,-1.7053025658242404e-13
2030,sc01,09-02 00:00:00+02:00,-5.684341886080801e-13
2030,sc01,09-02 01:00:00+02:00,-6.679101716144942e-13
2030,sc01,09-02 02:00:00+02:00,5.684341886080802e-14
2030,sc01,09-02 03:00:00+02:00,-3.154809746774845e-12
2030,sc01,09-02 04:00:00+02:00,-4.405364961712621e-13
2030,sc01,09-02 05:00:00+02:00,147.67063848277155
2030,sc01,09-02 06:00:00+02:00,1195.0536896406543
2030,sc01,09-02 07:00:00+02:00,1440.4861478584894
2030,sc01,09-02 08:00:00+02:00,360.93872470157
2030,sc01,09-02 09:00:00+02:00,291.1469030336609
2030,sc01,09-02 10:00:00+02:00,277.5404563925737
2030,sc01,09-02 11:00:00+02:00,335.31187574055605
2030,sc01,09-02 12:00:00+02:00,299.85379685923124
2030,sc01,09-02 13:00:00+02:00,2090.54589572167
2030,sc01,09-02 14:00:00+02:00,1725.4896011435535
2030,sc01,09-02 15:00:00+02:00,1381.018236529956
2030,sc01,09-02 16:00:00+02:00,1656.189514001068
2030,sc01,09-02 17:00:00+02:00,2239.5950876970464
2030,sc01,09-02 18:00:00+02:00,3358.575700616165
2030,sc01,09-02 19:00:00+02:00,5991.974120177932
2030,sc01,09-02 20:00:00+02:00,5989.546150674656
2030,sc01,09-02 21:00:00+02:00,4422.30178588259
2030,sc01,09-02 22:00:00+02:00,3111.6502177584916
2030,sc01,09-02 23:00:00+02:00,2001.6457652475215
2030,sc01,09-03 00:00:00+02:00,1.0800249583553523e-12
2030,sc01,09-03 01:00:00+02:00,-1.957545237019076e-12
2030,sc01,09-03 02:00:00+02:00,3.694822225952521e-13
2030,sc01,09-03 03:00:00+02:00,-9.947598300641403e-14
2030,sc01,09-03 04:00:00+02:00,-5.9969806898152456e-12
2030,sc01,09-03 05:00:00+02:00,319.8891666492031
2030,sc01,09-03 06:00:00+02:00,1795.6359493070004
2030,sc01,09-03 07:00:00+02:00,1642.993937151
2030,sc01,09-03 08:00:00+02:00,455.4099101942063
2030,sc01,09-03 09:00:00+02:00,279.61199183347435
2030,sc01,09-03 10:00:00+02:00,247.8208517724495
2030,sc01,09-03 11:00:00+02:00,1213.7576892398497
2030,sc01,09-03 12:00:00+02:00,703.8549061320751
2030,sc01,09-03 13:00:00+02:00,386.50276716518806
2030,sc01,09-03 14:00:00+02:00,216.19128156432612
2030,sc01,09-03 15:00:00+02:00,165.5124535316554
2030,sc01,09-03 16:00:00+02:00,306.15419576190914
2030,sc01,09-03 17:00:00+02:00,744.8351339931053
2030,sc01,09-03 18:00:00+02:00,2474.9918504411294
2030,sc01,09-03 19:00:00+02:00,5745.644725426367
2030,sc01,09-03 20:00:00+02:00,5824.289083523993
2030,sc01,09-03 21:00:00+02:00,4410.625458596589
2030,sc01,09-03 22:00:00+02:00,3290.5484472785574
2030,sc01,09-03 23:00:00+02:00,140.22094182541136
2030,sc01,09-04 00:00:00+02:00,-1.8385293287792592e-13
2030,sc01,09-04 01:00:00+02:00,3.268496584496461e-13
2030,sc01,09-04 02:00:00+02:00,1.5631940186722204e-12
2030,sc01,09-04 03:00:00+02:00,6.821210263296962e-13
2030,sc01,09-04 04:00:00+02:00,-3.524291969370097e-12
2030,sc01,09-04 05:00:00+02:00,421.6258229179142
2030,sc01,09-04 06:00:00+02:00,1310.5747105566434
2030,sc01,09-04 07:00:00+02:00,1354.812355156
2030,sc01,09-04 08:00:00+02:00,128.87868518047514
2030,sc01,09-04 09:00:00+02:00,82.63168271327095
2030,sc01,09-04 10:00:00+02:00,73.38491194987523
2030,sc01,09-04 11:00:00+02:00,63.0953305606854
2030,sc01,09-04 12:00:00+02:00,1223.46861722317
2030,sc01,09-04 13:00:00+02:00,859.4490381015526
2030,sc01,09-04 14:00:00+02:00,644.833372355712
2030,sc01,09-04 15:00:00+02:00,572.1157510190911
2030,sc01,09-04 16:00:00+02:00,976.460337184443
2030,sc01,09-04 17:00:00+02:00,1608.2235316635797
2030,sc01,09-04 18:00:00+02:00,2689.3203209268004
2030,sc01,09-04 19:00:00+02:00,5930.469772270003
2030,sc01,09-04 20:00:00+02:00,5695.878643650567
2030,sc01,09-04 21:00:00+02:00,1741.3463088857447
2030,sc01,09-04 22:00:00+02:00,461.18226114303434
2030,sc01,09-04 23:00:00+02:00,61.39505701959367
2030,sc01,09-05 00:00:00+02:00,-3.410605131648481e-13
2030,sc01,09-05 01:00:00+02:00,-6.139089236967266e-12
2030,sc01,09-05 02:00:00+02:00,2.4442670110147446e-12
2030,sc01,09-05 03:00:00+02:00,1.2363443602225743e-12
2030,sc01,09-05 04:00:00+02:00,1.0089706847793423e-12
2030,sc01,09-05 05:00:00+02:00,364.70602927091164
2030,sc01,09-05 06:00:00+02:00,1175.14144745471
2030,sc01,09-05 07:00:00+02:00,804.4542625776043
2030,sc01,09-05 08:00:00+02:00,142.51306901929115
2030,sc01,09-05 09:00:00+02:00,98.72849786933125
2030,sc01,09-05 10:00:00+02:00,92.98855324717749
2030,sc01,09-05 11:00:00+02:00,118.47339212486247
2030,sc01,09-05 12:00:00+02:00,232.26244223833328
2030,sc01,09-05 13:00:00+02:00,190.83866513262615
2030,sc01,09-05 14:00:00+02:00,167.26637381228738
2030,sc01,09-05 15:00:00+02:00,179.7938786977703
2030,sc01,09-05 16:00:00+02:00,220.4744545947969
2030,sc01,09-05 17:00:00+02:00,207.69127100434423
2030,sc01,09-05 18:00:00+02:00,883.6683805561728
2030,sc01,09-05 19:00:00+02:00,3867.9591676124737
2030,sc01,09-05 20:00:00+02:00,3894.1709406476566
2030,sc01,09-05 21:00:00+02:00,2825.509099822208
2030,sc01,09-05 22:00:00+02:00,2078.0055893710883
2030,sc01,09-05 23:00:00+02:00,-2.3874235921539366e-12
2030,sc01,09-06 00:00:00+02:00,2.2737367544323206e-12
2030,sc01,09-06 01:00:00+02:00,-2.8421709430404007e-13
2030,sc01,09-06 02:00:00+02:00,-3.0819791163594346e-12
2030,sc01,09-06 03:00:00+02:00,2.9132252166164108e-12
2030,sc01,09-06 04:00:00+02:00,6.679101716144942e-13
2030,sc01,09-06 05:00:00+02:00,365.97875416029717
2030,sc01,09-06 06:00:00+02:00,1241.3569463091558
2030,sc01,09-06 07:00:00+02:00,1334.5071020545981
2030,sc01,09-06 08:00:00+02:00,140.22937819373885
2030,sc01,09-06 09:00:00+02:00,71.30946600650418
2030,sc01,09-06 10:00:00+02:00,23.887065341772654
2030,sc01,09-06 11:00:00+02:00,-3.0127011996228248e-12
2030,sc01,09-06 12:00:00+02:00,6.0254023992456496e-12
2030,sc01,09-06 13:00:00+02:00,560.128223058824
2030,sc01,09-06 14:00:00+02:00,377.74889227152613
2030,sc01,09-06 15:00:00+02:00,419.69891774475514
2030,sc01,09-06 16:00:00+02:00,213.0377916443947
2030,sc01,09-06 17:00:00+02:00,1911.2837094157453
2030,sc01,09-06 18:00:00+02:00,3012.7496436037436
2030,sc01,09-06 19:00:00+02:00,5573.262574425569
2030,sc01,09-06 20:00:00+02:00,5731.294334220001
2030,sc01,09-06 21:00:00+02:00,2446.8850450079995
2030,sc01,09-06 22:00:00+02:00,1023.5869238764606
2030,sc01,09-06 23:00:00+02:00,2.3305801732931286e-12
2030,sc01,09-07 00:00:00+02:00,2.0605739337042905e-12
2030,sc01,09-07 01:00:00+02:00,1.4850343177386094e-12
2030,sc01,09-07 02:00:00+02:00,1.1368683772161603e-13
2030,sc01,09-07 03:00:00+02:00,2.263078613395919e-12
2030,sc01,09-07 04:00:00+02:00,1.6484591469634324e-12
2030,sc01,09-07 05:00:00+02:00,4.064304448547773e-12
2030,sc01,09-07 06:00:00+02:00,1.0942358130705543e-11
2030,sc01,09-07 07:00:00+02:00,193.79574091011466
2030,sc01,09-07 08:00:00+02:00,2.9558577807620168e-12
2030,sc01,09-07 09:00:00+02:00,-2.0463630789890885e-12
2030,sc01,09-07 10:00:00+02:00,1.1368683772161603e-12
2030,sc01,09-07 11:00:00+02:00,-1.3642420526593924e-12
2030,sc01,09-07 12:00:00+02:00,833.9670894272224
2030,sc01,09-07 13:00:00+02:00,522.0412269395658
2030,sc01,09-07 14:00:00+02:00,111.1816627090725
2030,sc01,09-07 15:00:00+02:00,158.96589966181955
2030,sc01,09-07 16:00:00+02:00,565.5935462630149
2030,sc01,09-07 17:00:00+02:00,983.6766342146624
2030,sc01,09-07 18:00:00+02:00,1899.4246838887336
2030,sc01,09-07 19:00:00+02:00,4651.404514080004
2030,sc01,09-07 20:00:00+02:00,4912.817939407755
2030,sc01,09-07 21:00:00+02:00,4171.471671768347
2030,sc01,09-07 22:00:00+02:00,3167.783449800771
2030,sc01,09-07 23:00:00+02:00,130.35033303771584
2030,sc01,09-08 00:00:00+02:00,-6.73594513500575e-12
2030,sc01,09-08 01:00:00+02:00,-6.110667527536862e-13
2030,sc01,09-08 02:00:00+02:00,-1.2789769243681803e-12
2030,sc01,09-08 03:00:00+02:00,2.5082158572331537e-12
2030,sc01,09-08 04:00:00+02:00,2.6929569685307797e-12
2030,sc01,09-08 05:00:00+02:00,-9.947598300641403e-13
2030,sc01,09-08 06:00:00+02:00,1.3997691894473974e-12
2030,sc01,09-08 07:00:00+02:00,1.7337242752546445e-12
2030,sc01,09-08 08:00:00+02:00,1.8189894035458565e-12
2030,sc01,09-08 09:00:00+02:00,0.0
2030,sc01,09-08 10:00:00+02:00,-3.183231456205249e-12
2030,sc01,09-08 11:00:00+02:00,4.547473508864641e-13
2030,sc01,09-08 12:00:00+02:00,979.2770053756068
2030,sc01,09-08 13:00:00+02:00,474.0314060844494
2030,sc01,09-08 14:00:00+02:00,646.1051976787631
2030,sc01,09-08 15:00:00+02:00,582.0808982640431
2030,sc01,09-08 16:00:00+02:00,608.826739620655
2030,sc01,09-08 17:00:00+02:00,883.1865578753237
2030,sc01,09-08 18:00:00+02:00,1843.41833825
2030,sc01,09-08 19:00:00+02:00,4195.184676550859
2030,sc01,09-08 20:00:00+02:00,4418.840216092575
2030,sc01,09-08 21:00:00+02:00,3917.9718317916145
2030,sc01,09-08 22:00:00+02:00,3218.206340252403
2030,sc01,09-08 23:00:00+02:00,8.078870905592339e-12
2030,sc01,09-09 00:00:00+02:00,2.8848035071860068e-12
2030,sc01,09-09 01:00:00+02:00,-1.7958967646336532e-12
2030,sc01,09-09 02:00:00+02:00,1.9895196601282805e-12
2030,sc01,09-09 03:00:00+02:00,3.552713678800501e-13
2030,sc01,09-09 04:00:00+02:00,-2.0747847884194925e-12
2030,sc01,09-09 05:00:00+02:00,362.38738687508805
2030,sc01,09-09 06:00:00+02:00,1814.6710179829677
2030,sc01,09-09 07:00:00+02:00,1571.0147319577948
2030,sc01,09-09 08:00:00+02:00,329.4030361309993
2030,sc01,09-09 09:00:00+02:00,298.18858780373716
2030,sc01,09-09 10:00:00+02:00,278.56348441978923
2030,sc01,09-09 11:00:00+02:00,916.4960647899437
2030,sc01,09-09 12:00:00+02:00,588.0979520523525
2030,sc01,09-09 13:00:00+02:00,2137.7220344410102
2030,sc01,09-09 14:00:00+02:00,1874.480229915124
2030,sc01,09-09 15:00:00+02:00,1889.5908510472257
2030,sc01,09-09 16:00:00+02:00,2263.1509031614023
2030,sc01,09-09 17:00:00+02:00,2529.4665635257943
2030,sc01,09-09 18:00:00+02:00,4539.51986109695
2030,sc01,09-09 19:00:00+02:00,6353.038450827318
2030,sc01,09-09 20:00:00+02:00,5815.921748980074
2030,sc01,09-09 21:00:00+02:00,4451.322922662056
2030,sc01,09-09 22:00:00+02:00,3243.9510221105143
2030,sc01,09-09 23:00:00+02:00,2356.770365616565
2030,sc01,09-10 00:00:00+02:00,66.63938904896618
2030,sc01,09-10 01:00:00+02:00,4.973799150320701e-13
2030,sc01,09-10 02:00:00+02:00,8.242295734817162e-13
2030,sc01,09-10 03:00:00+02:00,-3.197442310920451e-12
2030,sc01,09-10 04:00:00+02:00,-1.4921397450962104e-12
2030,sc01,09-10 05:00:00+02:00,441.5092796297057
2030,sc01,09-10 06:00:00+02:00,1450.1411108157763
2030,sc01,09-10 07:00:00+02:00,1422.5454776985896
2030,sc01,09-10 08:00:00+02:00,161.45174937409968
2030,sc01,09-10 09:00:00+02:00,92.48075130933239
2030,sc01,09-10 10:00:00+02:00,36.9276594690283
2030,sc01,09-10 11:00:00+02:00,38.98394575689133
2030,sc01,09-10 12:00:00+02:00,12.789282579257815
2030,sc01,09-10 13:00:00+02:00,977.8160680385743
2030,sc01,09-10 14:00:00+02:00,566.5258187923005
2030,sc01,09-10 15:00:00+02:00,541.5803324337239
2030,sc01,09-10 16:00:00+02:00,1018.2545656229406
2030,sc01,09-10 17:00:00+02:00,1490.4575246027432
2030,sc01,09-10 18:00:00+02:00,2850.073504559729
2030,sc01,09-10 19:00:00+02:00,5454.415726073635
2030,sc01,09-10 20:00:00+02:00,5292.83999242985
2030,sc01,09-10 21:00:00+02:00,3750.0768660748367
2030,sc01,09-10 22:00:00+02:00,2249.0709510182387
2030,sc01,09-10 23:00:00+02:00,1226.5000888947877
2030,sc01,09-11 00:00:00+02:00,5.684341886080802e-14
2030,sc01,09-11 01:00:00+02:00,1.8474111129762605e-13
2030,sc01,09-11 02:00:00+02:00,9.698908343125368e-13
2030,sc01,09-11 03:00:00+02:00,2.3021584638627246e-12
2030,sc01,09-11 04:00:00+02:00,5.400124791776761e-13
2030,sc01,09-11 05:00:00+02:00,142.53452689168
2030,sc01,09-11 06:00:00+02:00,878.9928961598205
2030,sc01,09-11 07:00:00+02:00,597.2772288626858
2030,sc01,09-11 08:00:00+02:00,98.14886861025161
2030,sc01,09-11 09:00:00+02:00,51.197942675136346
2030,sc01,09-11 10:00:00+02:00,43.76724719809124
2030,sc01,09-11 11:00:00+02:00,41.24917763368467
2030,sc01,09-11 12:00:00+02:00,163.04589795717783
2030,sc01,09-11 13:00:00+02:00,99.86259371340066
2030,sc01,09-11 14:00:00+02:00,103.88951984263304
2030,sc01,09-11 15:00:00+02:00,85.96864531979134
2030,sc01,09-11 16:00:00+02:00,63.692374449969634
2030,sc01,09-11 17:00:00+02:00,18.373674882006526
2030,sc01,09-11 18:00:00+02:00,711.4920685721045
2030,sc01,09-11 19:00:00+02:00,3570.912722628892
2030,sc01,09-11 20:00:00+02:00,3075.065425807581
2030,sc01,09-11 21:00:00+02:00,376.09709078971576
2030,sc01,09-11 22:00:00+02:00,1.0231815394945443e-12
2030,sc01,09-11 23:00:00+02:00,4.263256414560601e-12
2030,sc01,09-12 00:00:00+02:00,-8.526512829121202e-14
2030,sc01,09-12 01:00:00+02:00,4.149569576838985e-12
2030,sc01,09-12 02:00:00+02:00,1.2505552149377763e-12
2030,sc01,09-12 03:00:00+02:00,1.4779288903810084e-12
2030,sc01,09-12 04:00:00+02:00,-1.3606893389805919e-12
2030,sc01,09-12 05:00:00+02:00,4.579447931973846e-12
2030,sc01,09-12 06:00:00+02:00,721.0204182779507
2030,sc01,09-12 07:00:00+02:00,638.5050636774934
2030,sc01,09-12 08:00:00+02:00,112.68554333284226
2030,sc01,09-12 09:00:00+02:00,78.36295922911768
2030,sc01,09-12 10:00:00+02:00,27.22386962761925
2030,sc01,09-12 11:00:00+02:00,26.681501998259137
2030,sc01,09-12 12:00:00+02:00,-7.503331289626658e-12
2030,sc01,09-12 13:00:00+02:00,-2.7284841053187847e-12
2030,sc01,09-12 14:00:00+02:00,21.333115666686524
2030,sc01,09-12 15:00:00+02:00,-1.7053025658242404e-12
2030,sc01,09-12 16:00:00+02:00,-1.1368683772161603e-12
2030,sc01,09-12 17:00:00+02:00,-4.547473508864641e-13
2030,sc01,09-12 18:00:00+02:00,1827.2637383285505
2030,sc01,09-12 19:00:00+02:00,3640.32627741494
2030,sc01,09-12 20:00:00+02:00,3309.3226139509366
2030,sc01,09-12 21:00:00+02:00,1879.0979319898272
2030,sc01,09-12 22:00:00+02:00,885.1948888229023
2030,sc01,09-12 23:00:00+02:00,1.0089706847793423e-12
2030,sc01,09-13 00:00:00+02:00,-8.242295734817162e-13
2030,sc01,09-13 01:00:00+02:00,-6.394884621840902e-13
2030,sc01,09-13 02:00:00+02:00,1.1937117960769683e-12
2030,sc01,09-13 03:00:00+02:00,-2.984279490192421e-13
2030,sc01,09-13 04:00:00+02:00,-9.805489753489383e-13
2030,sc01,09-13 05:00:00+02:00,8.697043085703626e-12
2030,sc01,09-13 06:00:00+02:00,560.2673797201007
2030,sc01,09-13 07:00:00+02:00,530.3340896788458
2030,sc01,09-13 08:00:00+02:00,97.53097349366678
2030,sc01,09-13 09:00:00+02:00,86.45287211734296
2030,sc01,09-13 10:00:00+02:00,39.4239090315275
2030,sc01,09-13 11:00:00+02:00,38.008097604294335
2030,sc01,09-13 12:00:00+02:00,135.71179850419134
2030,sc01,09-13 13:00:00+02:00,122.12003613071715
2030,sc01,09-13 14:00:00+02:00,101.6096494362676
2030,sc01,09-13 15:00:00+02:00,74.28477462664011
2030,sc01,09-13 16:00:00+02:00,66.43566371070631
2030,sc01,09-13 17:00:00+02:00,47.04196010557109
2030,sc01,09-13 18:00:00+02:00,2345.974173405112
2030,sc01,09-13 19:00:00+02:00,3735.920854510513
2030,sc01,09-13 20:00:00+02:00,2891.129412160882
2030,sc01,09-13 21:00:00+02:00,1749.462126586277
2030,sc01,09-13 22:00:00+02:00,562.7744926383232
2030,sc01,09-13 23:00:00+02:00,6.536993168992922e-13
2030,sc01,09-14 00:00:00+02:00,6.849631972727366e-12
2030,sc01,09-14 01:00:00+02:00,2.2168933355715126e-12
2030,sc01,09-14 02:00:00+02:00,5.115907697472721e-13
2030,sc01,09-14 03:00:00+02:00,1.2505552149377763e-12
2030,sc01,09-14 04:00:00+02:00,-1.5916157281026244e-12
2030,sc01,09-14 05:00:00+02:00,2.1458390619955026e-12
2030,sc01,09-14 06:00:00+02:00,-1.4495071809506044e-12
2030,sc01,09-14 07:00:00+02:00,6.254552431528282e-12
2030,sc01,09-14 08:00:00+02:00,-4.547473508864641e-13
2030,sc01,09-14 09:00:00+02:00,-4.575895218295045e-12
2030,sc01,09-14 10:00:00+02:00,-6.821210263296962e-13
2030,sc01,09-14 11:00:00+02:00,2.2737367544323206e-13
2030,sc01,09-14 12:00:00+02:00,-1.1368683772161603e-13
2030,sc01,09-14 13:00:00+02:00,2.5011104298755527e-12
2030,sc01,09-14 14:00:00+02:00,-1.4779288903810084e-12
2030,sc01,09-14 15:00:00+02:00,1.9326762412674725e-12
2030,sc01,09-14 16:00:00+02:00,-9.094947017729282e-13
2030,sc01,09-14 17:00:00+02:00,-3.183231456205249e-12
2030,sc01,09-14 18:00:00+02:00,400.32064896814063
2030,sc01,09-14 19:00:00+02:00,1978.3117753173783
2030,sc01,09-14 20:00:00+02:00,1194.8998178597076
2030,sc01,09-14 21:00:00+02:00,133.73694046628412
2030,sc01,09-14 22:00:00+02:00,1.332978172285948e-11
2030,sc01,09-14 23:00:00+02:00,5.5422333389287814e-12
2030,sc01,09-15 00:00:00+02:00,5.258016244624741e-12
2030,sc01,09-15 01:00:00+02:00,5.6559201766503975e-12
2030,sc01,09-15 02:00:00+02:00,4.732214620162267e-12
2030,sc01,09-15 03:00:00+02:00,4.696687483374262e-12
2030,sc01,09-15 04:00:00+02:00,3.858247055177344e-12
2030,sc01,09-15 05:00:00+02:00,3.47455397786689e-12
2030,sc01,09-15 06:00:00+02:00,2.3021584638627246e-12
2030,sc01,09-15 07:00:00+02:00,-4.121147867408581e-13
2030,sc01,09-15 08:00:00+02:00,-1.8189894035458565e-12
2030,sc01,09-15 09:00:00+02:00,2.2737367544323206e-13
2030,sc01,09-15 10:00:00+02:00,-9.094947017729282e-13
2030,sc01,09-15 11:00:00+02:00,-2.0463630789890885e-12
2030,sc01,09-15 12:00:00+02:00,3.410605131648481e-13
2030,sc01,09-15 13:00:00+02:00,3.069544618483633e-12
2030,sc01,09-15 14:00:00+02:00,2.2737367544323206e-13
2030,sc01,09-15 15:00:00+02:00,-1.4779288903810084e-12
2030,sc01,09-15 16:00:00+02:00,-1.9895196601282805e-13
2030,sc01,09-15 17:00:00+02:00,3.637978807091713e-12
2030,sc01,09-15 18:00:00+02:00,1.1368683772161603e-13
2030,sc01,09-15 19:00:00+02:00,54.23850649429173
2030,sc01,09-15 20:00:00+02:00,-7.247535904753022e-13
2030,sc01,09-15 21:00:00+02:00,1.4637180356658064e-12
2030,sc01,09-15 22:00:00+02:00,-2.8563817977556027e-12
2030,sc01,09-15 23:00:00+02:00,9.260148203793506e-12
2030,sc01,09-16 00:00:00+02:00,6.117772954894463e-12
2030,sc01,09-16 01:00:00+02:00,4.614975068761851e-12
2030,sc01,09-16 02:00:00+02:00,5.4285465012071654e-12
2030,sc01,09-16 03:00:00+02:00,5.172751116333529e-12
2030,sc01,09-16 04:00:00+02:00,-1.9895196601282805e-12
2030,sc01,09-16 05:00:00+02:00,-2.7000623958883807e-13
2030,sc01,09-16 06:00:00+02:00,583.5964129363132
2030,sc01,09-16 07:00:00+02:00,626.6149959678276
2030,sc01,09-16 08:00:00+02:00,98.66983187009544
2030,sc01,09-16 09:00:00+02:00,64.30586048000191
2030,sc01,09-16 10:00:00+02:00,11.77511607065776
2030,sc01,09-16 11:00:00+02:00,7.787548383930698e-12
2030,sc01,09-16 12:00:00+02:00,-6.0254023992456496e-12
2030,sc01,09-16 13:00:00+02:00,-5.684341886080801e-13
2030,sc01,09-16 14:00:00+02:00,-1.8189894035458565e-12
2030,sc01,09-16 15:00:00+02:00,-9.094947017729282e-13
2030,sc01,09-16 16:00:00+02:00,-2.2737367544323206e-13
2030,sc01,09-16 17:00:00+02:00,1.1368683772161603e-13
2030,sc01,09-16 18:00:00+02:00,783.2851231588379
2030,sc01,09-16 19:00:00+02:00,2920.657262327584
2030,sc01,09-16 20:00:00+02:00,2080.6141237655106
2030,sc01,09-16 21:00:00+02:00,938.9442607269464
2030,sc01,09-16 22:00:00+02:00,296.28498497632387
2030,sc01,09-16 23:00:00+02:00,1.5702994460298214e-12
2030,sc01,09-17 00:00:00+02:00,-4.973799150320701e-13
2030,sc01,09-17 01:00:00+02:00,-3.836930773104541e-12
2030,sc01,09-17 02:00:00+02:00,1.4921397450962104e-12
2030,sc01,09-17 03:00:00+02:00,4.263256414560601e-14
2030,sc01,09-17 04:00:00+02:00,-4.760636329592671e-12
2030,sc01,09-17 05:00:00+02:00,251.73284446161563
2030,sc01,09-17 06:00:00+02:00,1099.684947235988
2030,sc01,09-17 07:00:00+02:00,1050.9748342653613
2030,sc01,09-17 08:00:00+02:00,407.344426756836
2030,sc01,09-17 09:00:00+02:00,327.4833243448503
2030,sc01,09-17 10:00:00+02:00,299.0944654428421
2030,sc01,09-17 11:00:00+02:00,282.5091825579291
2030,sc01,09-17 12:00:00+02:00,262.3209451244108
2030,sc01,09-17 13:00:00+02:00,138.12694193777617
2030,sc01,09-17 14:00:00+02:00,131.95377186346832
2030,sc01,09-17 15:00:00+02:00,171.57191810197997
2030,sc01,09-17 16:00:00+02:00,213.3016670111233
2030,sc01,09-17 17:00:00+02:00,278.69252911772514
2030,sc01,09-17 18:00:00+02:00,2564.3029635899397
2030,sc01,09-17 19:00:00+02:00,4764.316505244576
2030,sc01,09-17 20:00:00+02:00,4261.461462455328
2030,sc01,09-17 21:00:00+02:00,2813.2635007805484
2030,sc01,09-17 22:00:00+02:00,1734.1482993772815
2030,sc01,09-17 23:00:00+02:00,650.8172542416164
2030,sc01,09-18 00:00:00+02:00,44.18400820759271
2030,sc01,09-18 01:00:00+02:00,1.1652900866465643e-12
2030,sc01,09-18 02:00:00+02:00,-2.1884716261411086e-12
2030,sc01,09-18 03:00:00+02:00,8.384404281969182e-13
2030,sc01,09-18 04:00:00+02:00,-3.268496584496461e-12
2030,sc01,09-18 05:00:00+02:00,217.28248544552505
2030,sc01,09-18 06:00:00+02:00,1064.668844962097
2030,sc01,09-18 07:00:00+02:00,1659.1978722218098
2030,sc01,09-18 08:00:00+02:00,567.8003828652725
2030,sc01,09-18 09:00:00+02:00,515.576794228144
2030,sc01,09-18 10:00:00+02:00,278.26108274475916
2030,sc01,09-18 11:00:00+02:00,230.76953271174193
2030,sc01,09-18 12:00:00+02:00,197.21583940824178
2030,sc01,09-18 13:00:00+02:00,86.55780699982984
2030,sc01,09-18 14:00:00+02:00,52.63414212321868
2030,sc01,09-18 15:00:00+02:00,23.708637811252743
2030,sc01,09-18 16:00:00+02:00,0.5847790476883574
2030,sc01,09-18 17:00:00+02:00,85.56508601176006
2030,sc01,09-18 18:00:00+02:00,1627.1490785435399
2030,sc01,09-18 19:00:00+02:00,3216.1414635125775
2030,sc01,09-18 20:00:00+02:00,2667.5171133157874
2030,sc01,09-18 21:00:00+02:00,1349.7715120730238
2030,sc01,09-18 22:00:00+02:00,350.01088417851
2030,sc01,09-18 23:00:00+02:00,9.584396788095013
2030,sc01,09-19 00:00:00+02:00,1.1937117960769683e-12
2030,sc01,09-19 01:00:00+02:00,2.7000623958883807e-13
2030,sc01,09-19 02:00:00+02:00,1.1510792319313623e-12
2030,sc01,09-19 03:00:00+02:00,-3.197442310920451e-12
2030,sc01,09-19 04:00:00+02:00,-1.2448708730516955e-11
2030,sc01,09-19 05:00:00+02:00,505.9753950863502
2030,sc01,09-19 06:00:00+02:00,1483.4648065333436
2030,sc01,09-19 07:00:00+02:00,2005.0539054453718
2030,sc01,09-19 08:00:00+02:00,411.6606955952989
2030,sc01,09-19 09:00:00+02:00,360.5448073074509
2030,sc01,09-19 10:00:00+02:00,259.23135458495545
2030,sc01,09-19 11:00:00+02:00,3406.639302462955
2030,sc01,09-19 12:00:00+02:00,2896.710980795751
2030,sc01,09-19 13:00:00+02:00,2044.9016639364759
2030,sc01,09-19 14:00:00+02:00,1540.3635767982319
2030,sc01,09-19 15:00:00+02:00,1284.4404949811683
2030,sc01,09-19 16:00:00+02:00,1814.8642137875395
2030,sc01,09-19 17:00:00+02:00,2783.3502831077194
2030,sc01,09-19 18:00:00+02:00,5204.660194953463
2030,sc01,09-19 19:00:00+02:00,6745.292368937248
2030,sc01,09-19 20:00:00+02:00,5836.458392741164
2030,sc01,09-19 21:00:00+02:00,4535.76102162909
2030,sc01,09-19 22:00:00+02:00,3297.8893389344544
2030,sc01,09-19 23:00:00+02:00,2504.377125819945
2030,sc01,09-20 00:00:00+02:00,10.326840418407755
2030,sc01,09-20 01:00:00+02:00,1.3073986337985843e-12
2030,sc01,09-20 02:00:00+02:00,1.1937117960769683e-12
2030,sc01,09-20 03:00:00+02:00,1.9753088054130785e-12
2030,sc01,09-20 04:00:00+02:00,-3.936406756110955e-12
2030,sc01,09-20 05:00:00+02:00,395.7138159712557
2030,sc01,09-20 06:00:00+02:00,1161.9763595066772
2030,sc01,09-20 07:00:00+02:00,1185.3746707691528
2030,sc01,09-20 08:00:00+02:00,136.7246904028392
2030,sc01,09-20 09:00:00+02:00,2.6147972675971687e-12
2030,sc01,09-20 10:00:00+02:00,154.79880296993963
2030,sc01,09-20 11:00:00+02:00,1105.6863635190803
2030,sc01,09-20 12:00:00+02:00,471.39367178815917
2030,sc01,09-20 13:00:00+02:00,94.49714290993961
2030,sc01,09-20 14:00:00+02:00,18.354946814902007
2030,sc01,09-20 15:00:00+02:00,3.3783563741151283
2030,sc01,09-20 16:00:00+02:00,16.094307215344088
2030,sc01,09-20 17:00:00+02:00,853.4158494373829
2030,sc01,09-20 18:00:00+02:00,4153.114728701464
2030,sc01,09-20 19:00:00+02:00,5046.75010819111
2030,sc01,09-20 20:00:00+02:00,4118.105814773435
2030,sc01,09-20 21:00:00+02:00,2908.3084648792665
2030,sc01,09-20 22:00:00+02:00,1900.347766844282
2030,sc01,09-20 23:00:00+02:00,1002.6141598007907
2030,sc01,09-21 00:00:00+02:00,356.14133759544086
2030,sc01,09-21 01:00:00+02:00,1.8474111129762605e-13
2030,sc01,09-21 02:00:00+02:00,-9.947598300641403e-13
2030,sc01,09-21 03:00:00+02:00,-2.4158453015843406e-12
2030,sc01,09-21 04:00:00+02:00,-6.536993168992922e-13
2030,sc01,09-21 05:00:00+02:00,-3.353761712787673e-12
2030,sc01,09-21 06:00:00+02:00,-1.4210854715202004e-14
2030,sc01,09-21 07:00:00+02:00,2.0463630789890885e-12
2030,sc01,09-21 08:00:00+02:00,3.637978807091713e-12
2030,sc01,09-21 09:00:00+02:00,-1.3642420526593924e-12
2030,sc01,09-21 10:00:00+02:00,7.503331289626658e-12
2030,sc01,09-21 11:00:00+02:00,6.5659928405964365
2030,sc01,09-21 12:00:00+02:00,4.774847184307873e-12
2030,sc01,09-21 13:00:00+02:00,-3.410605131648481e-12
2030,sc01,09-21 14:00:00+02:00,-3.296918293926865e-12
2030,sc01,09-21 15:00:00+02:00,9.86233317235019e-12
2030,sc01,09-21 16:00:00+02:00,80.70994587419204
2030,sc01,09-21 17:00:00+02:00,2541.7317301604317
2030,sc01,09-21 18:00:00+02:00,4583.726349146744
2030,sc01,09-21 19:00:00+02:00,4774.405619464285
2030,sc01,09-21 20:00:00+02:00,3653.1212156867145
2030,sc01,09-21 21:00:00+02:00,2678.6384586517524
2030,sc01,09-21 22:00:00+02:00,1655.009209580663
2030,sc01,09-21 23:00:00+02:00,988.1908727373311
2030,sc01,09-22 00:00:00+02:00,1.0231815394945443e-12
2030,sc01,09-22 01:00:00+02:00,1.6058265828178264e-12
2030,sc01,09-22 02:00:00+02:00,-1.8616219676914625e-12
2030,sc01,09-22 03:00:00+02:00,4.831690603168681e-13
2030,sc01,09-22 04:00:00+02:00,1.3784529073745944e-12
2030,sc01,09-22 05:00:00+02:00,7.318590178329032e-13
2030,sc01,09-22 06:00:00+02:00,9.379164112033322e-13
2030,sc01,09-22 07:00:00+02:00,1.4352963262354024e-12
2030,sc01,09-22 08:00:00+02:00,-2.0463630789890885e-12
2030,sc01,09-22 09:00:00+02:00,-1.8189894035458565e-12
2030,sc01,09-22 10:00:00+02:00,-1.1368683772161603e-12
2030,sc01,09-22 11:00:00+02:00,3.410605131648481e-12
2030,sc01,09-22 12:00:00+02:00,-6.252776074688882e-12
2030,sc01,09-22 13:00:00+02:00,8.185452315956354e-12
2030,sc01,09-22 14:00:00+02:00,-1.2505552149377763e-11
2030,sc01,09-22 15:00:00+02:00,-5.684341886080801e-13
2030,sc01,09-22 16:00:00+02:00,-1.3301360013429075e-11
2030,sc01,09-22 17:00:00+02:00,-1.3642420526593924e-12
2030,sc01,09-22 18:00:00+02:00,1294.917122038175
2030,sc01,09-22 19:00:00+02:00,2932.1973920849896
2030,sc01,09-22 20:00:00+02:00,1769.7878239431225
2030,sc01,09-22 21:00:00+02:00,683.9971702600438
2030,sc01,09-22 22:00:00+02:00,6.45172804070171e-12
2030,sc01,09-22 23:00:00+02:00,-8.526512829121202e-14
2030,sc01,09-23 00:00:00+02:00,1.1084466677857563e-12
2030,sc01,09-23 01:00:00+02:00,3.652189661806915e-12
2030,sc01,09-23 02:00:00+02:00,3.794298208958935e-12
2030,sc01,09-23 03:00:00+02:00,9.521272659185342e-13
2030,sc01,09-23 04:00:00+02:00,-1.3642420526593924e-12
2030,sc01,09-23 05:00:00+02:00,-6.508571459562518e-12
2030,sc01,09-23 06:00:00+02:00,682.7497897508309
2030,sc01,09-23 07:00:00+02:00,795.7312414905216
2030,sc01,09-23 08:00:00+02:00,364.38463605349136
2030,sc01,09-23 09:00:00+02:00,285.0816596094786
2030,sc01,09-23 10:00:00+02:00,171.12136552164827
2030,sc01,09-23 11:00:00+02:00,149.10695124162135
2030,sc01,09-23 12:00:00+02:00,2272.0348941667576
2030,sc01,09-23 13:00:00+02:00,2088.7963807863
2030,sc01,09-23 14:00:00+02:00,1898.1609003150627
2030,sc01,09-23 15:00:00+02:00,1843.6270067019834
2030,sc01,09-23 16:00:00+02:00,2568.1331639413447
2030,sc01,09-23 17:00:00+02:00,3191.7765986753047
2030,sc01,09-23 18:00:00+02:00,4916.18340160915
2030,sc01,09-23 19:00:00+02:00,6642.578917441748
2030,sc01,09-23 20:00:00+02:00,5688.168362443047
2030,sc01,09-23 21:00:00+02:00,4297.66877057432
2030,sc01,09-23 22:00:00+02:00,3373.4889071647317
2030,sc01,09-23 23:00:00+02:00,2625.4555580180822
2030,sc01,09-24 00:00:00+02:00,268.1574578923036
2030,sc01,09-24 01:00:00+02:00,8.242295734817162e-13
2030,sc01,09-24 02:00:00+02:00,3.808509063674137e-12
2030,sc01,09-24 03:00:00+02:00,-1.6200374375330284e-12
2030,sc01,09-24 04:00:00+02:00,26.014000772293485
2030,sc01,09-24 05:00:00+02:00,975.4435379811441
2030,sc01,09-24 06:00:00+02:00,2587.2610508787584
2030,sc01,09-24 07:00:00+02:00,3559.56694797912
2030,sc01,09-24 08:00:00+02:00,2498.4273508051206
2030,sc01,09-24 09:00:00+02:00,1467.152012184842
2030,sc01,09-24 10:00:00+02:00,3093.8748546641364
2030,sc01,09-24 11:00:00+02:00,2564.1685607183554
2030,sc01,09-24 12:00:00+02:00,4408.29138232418
2030,sc01,09-24 13:00:00+02:00,3948.7616744267852
2030,sc01,09-24 14:00:00+02:00,3707.9193438204447
2030,sc01,09-24 15:00:00+02:00,3568.204741968082
2030,sc01,09-24 16:00:00+02:00,4180.133456098382
2030,sc01,09-24 17:00:00+02:00,4301.321389568986
2030,sc01,09-24 18:00:00+02:00,5609.042134707915
2030,sc01,09-24 19:00:00+02:00,6862.932693774745
2030,sc01,09-24 20:00:00+02:00,5854.150734557171
2030,sc01,09-24 21:00:00+02:00,4366.018025029478
2030,sc01,09-24 22:00:00+02:00,3103.226522912602
2030,sc01,09-24 23:00:00+02:00,2064.957625459732
2030,sc01,09-25 00:00:00+02:00,1425.5534394580195
2030,sc01,09-25 01:00:00+02:00,9.237055564881302e-14
2030,sc01,09-25 02:00:00+02:00,-1.8207657603852567e-13
2030,sc01,09-25 03:00:00+02:00,1.2008172234345693e-12
2030,sc01,09-25 04:00:00+02:00,-1.4921397450962104e-12
2030,sc01,09-25 05:00:00+02:00,505.14566705792765
2030,sc01,09-25 06:00:00+02:00,1527.8964155514823
2030,sc01,09-25 07:00:00+02:00,2257.897889363261
2030,sc01,09-25 08:00:00+02:00,1030.349218142815
2030,sc01,09-25 09:00:00+02:00,971.8817721762472
2030,sc01,09-25 10:00:00+02:00,4056.7311050556564
2030,sc01,09-25 11:00:00+02:00,3155.4218341023957
2030,sc01,09-25 12:00:00+02:00,2491.9909296092383
2030,sc01,09-25 13:00:00+02:00,2370.7339716975616
2030,sc01,09-25 14:00:00+02:00,2225.4355377572115
2030,sc01,09-25 15:00:00+02:00,2174.616160811875
2030,sc01,09-25 16:00:00+02:00,2550.225580195801
2030,sc01,09-25 17:00:00+02:00,2990.7332883790787
2030,sc01,09-25 18:00:00+02:00,4492.189781651037
2030,sc01,09-25 19:00:00+02:00,6640.966571980095
2030,sc01,09-25 20:00:00+02:00,5562.305950580653
2030,sc01,09-25 21:00:00+02:00,4056.566729961407
2030,sc01,09-25 22:00:00+02:00,2786.5338049646466
2030,sc01,09-25 23:00:00+02:00,1639.3509446728883
2030,sc01,09-26 00:00:00+02:00,1.5347723092418164e-12
2030,sc01,09-26 01:00:00+02:00,1.1652900866465643e-12
2030,sc01,09-26 02:00:00+02:00,-3.3715252811816754e-12
2030,sc01,09-26 03:00:00+02:00,2.2737367544323206e-12
2030,sc01,09-26 04:00:00+02:00,-4.078515303262975e-12
2030,sc01,09-26 05:00:00+02:00,562.7823637530032
2030,sc01,09-26 06:00:00+02:00,1571.773292194528
2030,sc01,09-26 07:00:00+02:00,2383.879117934308
2030,sc01,09-26 08:00:00+02:00,1073.3864614364516
2030,sc01,09-26 09:00:00+02:00,991.6948930516569
2030,sc01,09-26 10:00:00+02:00,799.5296510781494
2030,sc01,09-26 11:00:00+02:00,3850.4603436784664
2030,sc01,09-26 12:00:00+02:00,3227.4533992182273
2030,sc01,09-26 13:00:00+02:00,2846.8626656848896
2030,sc01,09-26 14:00:00+02:00,2441.923069256439
2030,sc01,09-26 15:00:00+02:00,2341.997368480195
2030,sc01,09-26 16:00:00+02:00,2527.0102667683896
2030,sc01,09-26 17:00:00+02:00,2822.5711318276176
2030,sc01,09-26 18:00:00+02:00,4190.307840170811
2030,sc01,09-26 19:00:00+02:00,5552.418572304001
2030,sc01,09-26 20:00:00+02:00,4064.787211179
2030,sc01,09-26 21:00:00+02:00,2144.6322253191724
2030,sc01,09-26 22:00:00+02:00,641.0402790637636
2030,sc01,09-26 23:00:00+02:00,3.979039320256561e-13
2030,sc01,09-27 00:00:00+02:00,-2.8421709430404007e-13
2030,sc01,09-27 01:00:00+02:00,5.542233338928781e-13
2030,sc01,09-27 02:00:00+02:00,9.592326932761353e-14
2030,sc01,09-27 03:00:00+02:00,-3.659295089164516e-13
2030,sc01,09-27 04:00:00+02:00,-5.400124791776761e-13
2030,sc01,09-27 05:00:00+02:00,318.0284340331486
2030,sc01,09-27 06:00:00+02:00,1467.4647309253637
2030,sc01,09-27 07:00:00+02:00,1813.9993175029524
2030,sc01,09-27 08:00:00+02:00,765.8558231159082
2030,sc01,09-27 09:00:00+02:00,920.4938422831983
2030,sc01,09-27 10:00:00+02:00,784.5199325992927
2030,sc01,09-27 11:00:00+02:00,1119.32299156066
2030,sc01,09-27 12:00:00+02:00,2135.7822472703415
2030,sc01,09-27 13:00:00+02:00,1487.211640728734
2030,sc01,09-27 14:00:00+02:00,1116.2026334039865
2030,sc01,09-27 15:00:00+02:00,1289.45715176973
2030,sc01,09-27 16:00:00+02:00,1568.6504044030446
2030,sc01,09-27 17:00:00+02:00,1976.0651697389121
2030,sc01,09-27 18:00:00+02:00,3079.0244374403433
2030,sc01,09-27 19:00:00+02:00,4464.79931860354
2030,sc01,09-27 20:00:00+02:00,3468.4832160897586
2030,sc01,09-27 21:00:00+02:00,171.147692209987
2030,sc01,09-27 22:00:00+02:00,4.547473508864641e-13
2030,sc01,09-27 23:00:00+02:00,-2.3021584638627246e-12
2030,sc01,09-28 00:00:00+02:00,-7.105427357601002e-14
2030,sc01,09-28 01:00:00+02:00,8.72191208145523e-13
2030,sc01,09-28 02:00:00+02:00,9.698908343125368e-13
2030,sc01,09-28 03:00:00+02:00,-4.192202140984591e-12
2030,sc01,09-28 04:00:00+02:00,3.517186542012496e-13
2030,sc01,09-28 05:00:00+02:00,1.4495071809506044e-12
2030,sc01,09-28 06:00:00+02:00,3.055333763768431e-12
2030,sc01,09-28 07:00:00+02:00,1.4921397450962104e-12
2030,sc01,09-28 08:00:00+02:00,-1.1368683772161603e-12
2030,sc01,09-28 09:00:00+02:00,-1.8189894035458565e-12
2030,sc01,09-28 10:00:00+02:00,-6.0254023992456496e-12
2030,sc01,09-28 11:00:00+02:00,-2.2737367544323206e-12
2030,sc01,09-28 12:00:00+02:00,1.2050804798491299e-11
2030,sc01,09-28 13:00:00+02:00,-1.0686562745831907e-11
2030,sc01,09-28 14:00:00+02:00,1.2704504115390591e-11
2030,sc01,09-28 15:00:00+02:00,-9.464429240324534e-12
2030,sc01,09-28 16:00:00+02:00,4.547473508864641e-12
2030,sc01,09-28 17:00:00+02:00,1.3642420526593924e-12
2030,sc01,09-28 18:00:00+02:00,521.0140040197145
2030,sc01,09-28 19:00:00+02:00,2761.402384885345
2030,sc01,09-28 20:00:00+02:00,1965.2721706423888
2030,sc01,09-28 21:00:00+02:00,997.6057592687666
2030,sc01,09-28 22:00:00+02:00,101.57360090253931
2030,sc01,09-28 23:00:00+02:00,-8.242295734817162e-13
2030,sc01,09-29 00:00:00+02:00,-1.4779288903810084e-12
2030,sc01,09-29 01:00:00+02:00,-7.389644451905042e-13
2030,sc01,09-29 02:00:00+02:00,-5.755396159656812e-13
2030,sc01,09-29 03:00:00+02:00,2.1316282072803006e-13
2030,sc01,09-29 04:00:00+02:00,3.126388037344441e-13
2030,sc01,09-29 05:00:00+02:00,-1.1608491945480637e-12
2030,sc01,09-29 06:00:00+02:00,-8.348877145181177e-14
2030,sc01,09-29 07:00:00+02:00,1.2789769243681803e-12
2030,sc01,09-29 08:00:00+02:00,-9.947598300641403e-13
2030,sc01,09-29 09:00:00+02:00,-2.2737367544323206e-13
2030,sc01,09-29 10:00:00+02:00,1.4779288903810084e-12
2030,sc01,09-29 11:00:00+02:00,-4.945377440890297e-12
2030,sc01,09-29 12:00:00+02:00,-3.751665644813329e-12
2030,sc01,09-29 13:00:00+02:00,5.684341886080801e-13
2030,sc01,09-29 14:00:00+02:00,-1.5916157281026244e-12
2030,sc01,09-29 15:00:00+02:00,-2.6716406864579767e-12
2030,sc01,09-29 16:00:00+02:00,4.092726157978177e-12
2030,sc01,09-29 17:00:00+02:00,-4.092726157978177e-12
2030,sc01,09-29 18:00:00+02:00,172.12058434031775
2030,sc01,09-29 19:00:00+02:00,1880.7058463085257
2030,sc01,09-29 20:00:00+02:00,1295.1352770366898
2030,sc01,09-29 21:00:00+02:00,670.4241764929642
2030,sc01,09-29 22:00:00+02:00,1.3642420526593924e-12
2030,sc01,09-29 23:00:00+02:00,-2.8990143619012088e-12
2030,sc01,09-30 00:00:00+02:00,4.575895218295045e-12
2030,sc01,09-30 01:00:00+02:00,3.490541189421492e-12
2030,sc01,09-30 02:00:00+02:00,-4.162004074714787e-12
2030,sc01,09-30 03:00:00+02:00,-8.480327551296796e-12
2030,sc01,09-30 04:00:00+02:00,-1.9184653865522705e-13
2030,sc01,09-30 05:00:00+02:00,1.6768808563938364e-12
2030,sc01,09-30 06:00:00+02:00,429.5235282485412
2030,sc01,09-30 07:00:00+02:00,613.2276392262414
2030,sc01,09-30 08:00:00+02:00,218.17296890063471
2030,sc01,09-30 09:00:00+02:00,196.33495050771114
2030,sc01,09-30 10:00:00+02:00,322.8040480955966
2030,sc01,09-30 11:00:00+02:00,297.07655336388393
2030,sc01,09-30 12:00:00+02:00,335.02847011977735
2030,sc01,09-30 13:00:00+02:00,261.48519623392053
2030,sc01,09-30 14:00:00+02:00,238.3073040651425
2030,sc01,09-30 15:00:00+02:00,177.53767077965324
2030,sc01,09-30 16:00:00+02:00,134.93958832833738
2030,sc01,09-30 17:00:00+02:00,269.4452055619031
2030,sc01,09-30 18:00:00+02:00,2300.293755889181
2030,sc01,09-30 19:00:00+02:00,3999.3373016686564
2030,sc01,09-30 20:00:00+02:00,2983.41386339918
2030,sc01,09-30 21:00:00+02:00,1918.1636173056058
2030,sc01,09-30 22:00:00+02:00,1023.2411260967577
2030,sc01,09-30 23:00:00+02:00,1.588063014423824e-12
2030,sc01,10-01 00:00:00+02:00,1.0338396805309458e-12
2030,sc01,10-01 01:00:00+02:00,-6.0467186813184526e-12
2030,sc01,10-01 02:00:00+02:00,1.8047785488306545e-12
2030,sc01,10-01 03:00:00+02:00,3.666400516522117e-12
2030,sc01,10-01 04:00:00+02:00,1.9255708139098715e-12
2030,sc01,10-01 05:00:00+02:00,172.8095351279355
2030,sc01,10-01 06:00:00+02:00,995.1309343896974
2030,sc01,10-01 07:00:00+02:00,1182.1303760876253
2030,sc01,10-01 08:00:00+02:00,6.6328382725810116
2030,sc01,10-01 09:00:00+02:00,141.9168004781061
2030,sc01,10-01 10:00:00+02:00,115.14671173918555
2030,sc01,10-01 11:00:00+02:00,507.2227147580781
2030,sc01,10-01 12:00:00+02:00,207.98880017765543
2030,sc01,10-01 13:00:00+02:00,135.19908820952935
2030,sc01,10-01 14:00:00+02:00,125.73507301486427
2030,sc01,10-01 15:00:00+02:00,123.37147762790374
2030,sc01,10-01 16:00:00+02:00,247.60857454955533
2030,sc01,10-01 17:00:00+02:00,1056.6453473973254
2030,sc01,10-01 18:00:00+02:00,3605.320412224528
2030,sc01,10-01 19:00:00+02:00,5251.167953134864
2030,sc01,10-01 20:00:00+02:00,4368.232090179081
2030,sc01,10-01 21:00:00+02:00,3248.605283970915
2030,sc01,10-01 22:00:00+02:00,2244.5127909678504
2030,sc01,10-01 23:00:00+02:00,50.828423931176616
2030,sc01,10-02 00:00:00+02:00,8.384404281969182e-13
2030,sc01,10-02 01:00:00+02:00,2.2737367544323206e-13
2030,sc01,10-02 02:00:00+02:00,-1.3926637620897964e-12
2030,sc01,10-02 03:00:00+02:00,7.034373084024992e-13
2030,sc01,10-02 04:00:00+02:00,-1.9895196601282805e-13
2030,sc01,10-02 05:00:00+02:00,269.9044829122138
2030,sc01,10-02 06:00:00+02:00,1077.4109810352113
2030,sc01,10-02 07:00:00+02:00,1390.4538212301134
2030,sc01,10-02 08:00:00+02:00,82.11213760254861
2030,sc01,10-02 09:00:00+02:00,37.0913162398856
2030,sc01,10-02 10:00:00+02:00,9.834718193021217
2030,sc01,10-02 11:00:00+02:00,202.52475557814535
2030,sc01,10-02 12:00:00+02:00,1887.5604291998786
2030,sc01,10-02 13:00:00+02:00,1687.9702053410738
2030,sc01,10-02 14:00:00+02:00,1655.3104575283246
2030,sc01,10-02 15:00:00+02:00,1775.2973077718111
2030,sc01,10-02 16:00:00+02:00,2143.091082045221
2030,sc01,10-02 17:00:00+02:00,2798.880873285376
2030,sc01,10-02 18:00:00+02:00,5252.002626122727
2030,sc01,10-02 19:00:00+02:00,6576.761766841126
2030,sc01,10-02 20:00:00+02:00,5209.949282467747
2030,sc01,10-02 21:00:00+02:00,4004.2824073861216
2030,sc01,10-02 22:00:00+02:00,400.94934258472153
2030,sc01,10-02 23:00:00+02:00,4.1744385725905886e-13
2030,sc01,10-03 00:00:00+02:00,-5.755396159656812e-13
2030,sc01,10-03 01:00:00+02:00,3.552713678800501e-14
2030,sc01,10-03 02:00:00+02:00,1.9966250874858815e-12
2030,sc01,10-03 03:00:00+02:00,-3.481659405224491e-13
2030,sc01,10-03 04:00:00+02:00,-2.1316282072803006e-13
2030,sc01,10-03 05:00:00+02:00,206.6724003162238
2030,sc01,10-03 06:00:00+02:00,1265.5302738820292
2030,sc01,10-03 07:00:00+02:00,2160.737118121472
2030,sc01,10-03 08:00:00+02:00,591.5233124628169
2030,sc01,10-03 09:00:00+02:00,410.68479192552525
2030,sc01,10-03 10:00:00+02:00,234.53297282508652
2030,sc01,10-03 11:00:00+02:00,143.08134858854964
2030,sc01,10-03 12:00:00+02:00,52.083162379952796
2030,sc01,10-03 13:00:00+02:00,984.3611919906585
2030,sc01,10-03 14:00:00+02:00,979.4252414609463
2030,sc01,10-03 15:00:00+02:00,1373.7713529200162
2030,sc01,10-03 16:00:00+02:00,1933.282572729994
2030,sc01,10-03 17:00:00+02:00,2880.4409569790705
2030,sc01,10-03 18:00:00+02:00,5676.314914125818
2030,sc01,10-03 19:00:00+02:00,7211.180093110243
2030,sc01,10-03 20:00:00+02:00,5985.757629359092
2030,sc01,10-03 21:00:00+02:00,4534.367515264991
2030,sc01,10-03 22:00:00+02:00,3626.3980242758194
2030,sc01,10-03 23:00:00+02:00,488.1060240673471
2030,sc01,10-04 00:00:00+02:00,83.60849942098018
2030,sc01,10-04 01:00:00+02:00,-1.1795009413617663e-12
2030,sc01,10-04 02:00:00+02:00,6.963318810448982e-13
2030,sc01,10-04 03:00:00+02:00,1.1510792319313623e-12
2030,sc01,10-04 04:00:00+02:00,1.2249756764504127e-11
2030,sc01,10-04 05:00:00+02:00,508.32679828618114
2030,sc01,10-04 06:00:00+02:00,1389.9037062721954
2030,sc01,10-04 07:00:00+02:00,2459.944001285
2030,sc01,10-04 08:00:00+02:00,2301.133595572
2030,sc01,10-04 09:00:00+02:00,635.1832110567598
2030,sc01,10-04 10:00:00+02:00,536.0658243472645
2030,sc01,10-04 11:00:00+02:00,508.2275143369619
2030,sc01,10-04 12:00:00+02:00,1885.060558185781
2030,sc01,10-04 13:00:00+02:00,1318.1859659908505
2030,sc01,10-04 14:00:00+02:00,890.5646970977384
2030,sc01,10-04 15:00:00+02:00,1379.0804550451762
2030,sc01,10-04 16:00:00+02:00,2056.664241494705
2030,sc01,10-04 17:00:00+02:00,2521.394923217505
2030,sc01,10-04 18:00:00+02:00,1872.0141252790004
2030,sc01,10-04 19:00:00+02:00,3105.1592319351394
2030,sc01,10-04 20:00:00+02:00,1991.5994498353466
2030,sc01,10-04 21:00:00+02:00,1041.5957066895858
2030,sc01,10-04 22:00:00+02:00,310.1429120724358
2030,sc01,10-04 23:00:00+02:00,-3.184652541676769e-11
2030,sc01,10-05 00:00:00+02:00,-4.2525982735242e-12
2030,sc01,10-05 01:00:00+02:00,5.471179065352771e-13
2030,sc01,10-05 02:00:00+02:00,-2.6716406864579767e-12
2030,sc01,10-05 03:00:00+02:00,1.5631940186722204e-13
2030,sc01,10-05 04:00:00+02:00,-2.4442670110147446e-12
2030,sc01,10-05 05:00:00+02:00,2.5721647034515627e-12
2030,sc01,10-05 06:00:00+02:00,-7.105427357601002e-14
2030,sc01,10-05 07:00:00+02:00,-3.097966327914037e-12
2030,sc01,10-05 08:00:00+02:00,66.37192791513439
2030,sc01,10-05 09:00:00+02:00,49.09461363486116
2030,sc01,10-05 10:00:00+02:00,2.6827012131333277
2030,sc01,10-05 11:00:00+02:00,-1.1141310096718371e-11
2030,sc01,10-05 12:00:00+02:00,2.5011104298755527e-12
2030,sc01,10-05 13:00:00+02:00,217.56215222785607
2030,sc01,10-05 14:00:00+02:00,171.9158070062029
2030,sc01,10-05 15:00:00+02:00,341.87831693786086
2030,sc01,10-05 16:00:00+02:00,792.1404975314622
2030,sc01,10-05 17:00:00+02:00,1802.1676912670384
2030,sc01,10-05 18:00:00+02:00,3721.5815904841984
2030,sc01,10-05 19:00:00+02:00,5258.311495967024
2030,sc01,10-05 20:00:00+02:00,2317.972858731588
2030,sc01,10-05 21:00:00+02:00,1996.8984490500113
2030,sc01,10-05 22:00:00+02:00,1061.3773187662364
2030,sc01,10-05 23:00:00+02:00,2.3803181647963356e-12
2030,sc01,10-06 00:00:00+02:00,-7.105427357601002e-15
2030,sc01,10-06 01:00:00+02:00,-2.9061197892588098e-12
2030,sc01,10-06 02:00:00+02:00,9.663381206337363e-13
2030,sc01,10-06 03:00:00+02:00,-2.1600499167107046e-12
2030,sc01,10-06 04:00:00+02:00,9.379164112033322e-13
2030,sc01,10-06 05:00:00+02:00,1.1581846592889633e-12
2030,sc01,10-06 06:00:00+02:00,9.237055564881302e-14
2030,sc01,10-06 07:00:00+02:00,-2.2879476091475226e-12
2030,sc01,10-06 08:00:00+02:00,-3.808509063674137e-12
2030,sc01,10-06 09:00:00+02:00,-8.952838470577262e-13
2030,sc01,10-06 10:00:00+02:00,-3.0127011996228248e-12
2030,sc01,10-06 11:00:00+02:00,-8.526512829121202e-13
2030,sc01,10-06 12:00:00+02:00,-5.9117155615240335e-12
2030,sc01,10-06 13:00:00+02:00,-2.1032064978498966e-12
2030,sc01,10-06 14:00:00+02:00,273.8464491724989
2030,sc01,10-06 15:00:00+02:00,466.3884540185268
2030,sc01,10-06 16:00:00+02:00,766.7443915061646
2030,sc01,10-06 17:00:00+02:00,1876.5103484226238
2030,sc01,10-06 18:00:00+02:00,4088.619376414
2030,sc01,10-06 19:00:00+02:00,5794.781302361
2030,sc01,10-06 20:00:00+02:00,5068.6486829000005
2030,sc01,10-06 21:00:00+02:00,4346.801239958
2030,sc01,10-06 22:00:00+02:00,240.5791576180004
2030,sc01,10-06 23:00:00+02:00,-1.9550583374439157e-11
2030,sc01,10-07 00:00:00+02:00,-3.8546943414985435e-12
2030,sc01,10-07 01:00:00+02:00,1.2434497875801753e-12
2030,sc01,10-07 02:00:00+02:00,-1.7763568394002505e-12
2030,sc01,10-07 03:00:00+02:00,6.0538241086760536e-12
2030,sc01,10-07 04:00:00+02:00,1.0615508472255897e-11
2030,sc01,10-07 05:00:00+02:00,1709.8541646893461
2030,sc01,10-07 06:00:00+02:00,3693.8064252195254
2030,sc01,10-07 07:00:00+02:00,4959.204777573371
2030,sc01,10-07 08:00:00+02:00,1782.1773676682349
2030,sc01,10-07 09:00:00+02:00,2644.7550167454697
2030,sc01,10-07 10:00:00+02:00,1904.5029214209478
2030,sc01,10-07 11:00:00+02:00,1272.5730507174144
2030,sc01,10-07 12:00:00+02:00,777.3984782715929
2030,sc01,10-07 13:00:00+02:00,343.8522469019413
2030,sc01,10-07 14:00:00+02:00,76.45800309415752
2030,sc01,10-07 15:00:00+02:00,122.3403433133093
2030,sc01,10-07 16:00:00+02:00,2010.634396716086
2030,sc01,10-07 17:00:00+02:00,2881.5076284620854
2030,sc01,10-07 18:00:00+02:00,7395.892208631925
2030,sc01,10-07 19:00:00+02:00,7897.143611713446
2030,sc01,10-07 20:00:00+02:00,6343.918839272136
2030,sc01,10-07 21:00:00+02:00,4549.398420537893
2030,sc01,10-07 22:00:00+02:00,3122.283651636001
2030,sc01,10-07 23:00:00+02:00,222.95298094407912
2030,sc01,10-08 00:00:00+02:00,5.073275133327115e-12
2030,sc01,10-08 01:00:00+02:00,-3.979039320256561e-12
2030,sc01,10-08 02:00:00+02:00,1.9468870959826745e-12
2030,sc01,10-08 03:00:00+02:00,-9.663381206337363e-13
2030,sc01,10-08 04:00:00+02:00,-5.258016244624741e-13
2030,sc01,10-08 05:00:00+02:00,140.45589260654688
2030,sc01,10-08 06:00:00+02:00,1055.2697282333322
2030,sc01,10-08 07:00:00+02:00,1620.4406991500682
2030,sc01,10-08 08:00:00+02:00,321.27742299149224
2030,sc01,10-08 09:00:00+02:00,225.61385571956248
2030,sc01,10-08 10:00:00+02:00,220.93682721438927
2030,sc01,10-08 11:00:00+02:00,220.305162238764
2030,sc01,10-08 12:00:00+02:00,187.24357490829277
2030,sc01,10-08 13:00:00+02:00,518.6523736529389
2030,sc01,10-08 14:00:00+02:00,589.6149825249288
2030,sc01,10-08 15:00:00+02:00,1064.2478970580069
2030,sc01,10-08 16:00:00+02:00,1777.1778406007215
2030,sc01,10-08 17:00:00+02:00,2673.642879962521
2030,sc01,10-08 18:00:00+02:00,4851.646136156448
2030,sc01,10-08 19:00:00+02:00,5515.782412933856
2030,sc01,10-08 20:00:00+02:00,1788.548438039824
2030,sc01,10-08 21:00:00+02:00,667.4968957408292
2030,sc01,10-08 22:00:00+02:00,188.09358600021568
2030,sc01,10-08 23:00:00+02:00,1.1333156635373598e-12
2030,sc01,10-09 00:00:00+02:00,-2.3590018827235326e-12
2030,sc01,10-09 01:00:00+02:00,3.0055957722652238e-12
2030,sc01,10-09 02:00:00+02:00,-6.679101716144942e-13
2030,sc01,10-09 03:00:00+02:00,1.9468870959826745e-12
2030,sc01,10-09 04:00:00+02:00,4.121147867408581e-13
2030,sc01,10-09 05:00:00+02:00,255.13984058196692
2030,sc01,10-09 06:00:00+02:00,1701.857581007009
2030,sc01,10-09 07:00:00+02:00,2197.441740510129
2030,sc01,10-09 08:00:00+02:00,539.7661977393548
2030,sc01,10-09 09:00:00+02:00,400.2467531203438
2030,sc01,10-09 10:00:00+02:00,272.0210320131498
2030,sc01,10-09 11:00:00+02:00,254.7990408746125
2030,sc01,10-09 12:00:00+02:00,149.07783488057703
2030,sc01,10-09 13:00:00+02:00,1499.9574879769561
2030,sc01,10-09 14:00:00+02:00,1319.9573936795532
2030,sc01,10-09 15:00:00+02:00,1603.3407648324433
2030,sc01,10-09 16:00:00+02:00,2245.8971025072988
2030,sc01,10-09 17:00:00+02:00,3391.9903321673864
2030,sc01,10-09 18:00:00+02:00,5718.843562148467
2030,sc01,10-09 19:00:00+02:00,6171.159089089416
2030,sc01,10-09 20:00:00+02:00,5308.020490735352
2030,sc01,10-09 21:00:00+02:00,1781.0650632734569
2030,sc01,10-09 22:00:00+02:00,611.8508628266684
2030,sc01,10-09 23:00:00+02:00,139.2428642001605
2030,sc01,10-10 00:00:00+02:00,-2.4158453015843406e-12
2030,sc01,10-10 01:00:00+02:00,-1.0942358130705543e-12
2030,sc01,10-10 02:00:00+02:00,6.920686246303376e-12
2030,sc01,10-10 03:00:00+02:00,5.258016244624741e-13
2030,sc01,10-10 04:00:00+02:00,2.842170943040401e-14
2030,sc01,10-10 05:00:00+02:00,807.948964063141
2030,sc01,10-10 06:00:00+02:00,2085.747977237562
2030,sc01,10-10 07:00:00+02:00,2507.099515551518
2030,sc01,10-10 08:00:00+02:00,647.4143446245076
2030,sc01,10-10 09:00:00+02:00,506.3529251816094
2030,sc01,10-10 10:00:00+02:00,397.4964517933911
2030,sc01,10-10 11:00:00+02:00,397.0558842688008
2030,sc01,10-10 12:00:00+02:00,328.3789568733845
2030,sc01,10-10 13:00:00+02:00,1433.6778470171212
2030,sc01,10-10 14:00:00+02:00,1006.3907895425282
2030,sc01,10-10 15:00:00+02:00,1042.2241433133902
2030,sc01,10-10 16:00:00+02:00,1674.9422709377059
2030,sc01,10-10 17:00:00+02:00,2413.8110111999463
2030,sc01,10-10 18:00:00+02:00,5413.160307671064
2030,sc01,10-10 19:00:00+02:00,5880.435125902504
2030,sc01,10-10 20:00:00+02:00,4845.582392496695
2030,sc01,10-10 21:00:00+02:00,3982.8119901833315
2030,sc01,10-10 22:00:00+02:00,810.612362823007
2030,sc01,10-10 23:00:00+02:00,202.72907130940618
2030,sc01,10-11 00:00:00+02:00,33.3144413483777
2030,sc01,10-11 01:00:00+02:00,5.8406612879480235e-12
2030,sc01,10-11 02:00:00+02:00,2.5721647034515627e-12
2030,sc01,10-11 03:00:00+02:00,4.064304448547773e-12
2030,sc01,10-11 04:00:00+02:00,1.2363443602225743e-12
2030,sc01,10-11 05:00:00+02:00,234.4197058321131
2030,sc01,10-11 06:00:00+02:00,1494.1904143363531
2030,sc01,10-11 07:00:00+02:00,1708.2587397556392
2030,sc01,10-11 08:00:00+02:00,233.34920236206176
2030,sc01,10-11 09:00:00+02:00,161.93297369455456
2030,sc01,10-11 10:00:00+02:00,143.91094086145483
2030,sc01,10-11 11:00:00+02:00,128.50041258730835
2030,sc01,10-11 12:00:00+02:00,87.4918730816338
2030,sc01,10-11 13:00:00+02:00,172.33982653026686
2030,sc01,10-11 14:00:00+02:00,163.0590846441487
2030,sc01,10-11 15:00:00+02:00,162.56999918862397
2030,sc01,10-11 16:00:00+02:00,242.5347539005387
2030,sc01,10-11 17:00:00+02:00,3438.608302396458
2030,sc01,10-11 18:00:00+02:00,5204.80040401808
2030,sc01,10-11 19:00:00+02:00,5090.542953773691
2030,sc01,10-11 20:00:00+02:00,3924.567835031121
2030,sc01,10-11 21:00:00+02:00,2793.070293839651
2030,sc01,10-11 22:00:00+02:00,470.9321303479863
2030,sc01,10-11 23:00:00+02:00,64.37525494840988
2030,sc01,10-12 00:00:00+02:00,3.694822225952521e-13
2030,sc01,10-12 01:00:00+02:00,1.9042545318370685e-12
2030,sc01,10-12 02:00:00+02:00,1.8047785488306545e-12
2030,sc01,10-12 03:00:00+02:00,5.115907697472721e-13
2030,sc01,10-12 04:00:00+02:00,3.311129148642067e-12
2030,sc01,10-12 05:00:00+02:00,1.7337242752546445e-12
2030,sc01,10-12 06:00:00+02:00,-5.186961971048731e-12
2030,sc01,10-12 07:00:00+02:00,-3.950617610826157e-12
2030,sc01,10-12 08:00:00+02:00,8.577756650487544
2030,sc01,10-12 09:00:00+02:00,1.0231815394945443e-12
2030,sc01,10-12 10:00:00+02:00,1.1368683772161603e-12
2030,sc01,10-12 11:00:00+02:00,-1.4779288903810084e-12
2030,sc01,10-12 12:00:00+02:00,-3.865352482534945e-12
2030,sc01,10-12 13:00:00+02:00,1.4097167877480388e-11
2030,sc01,10-12 14:00:00+02:00,1.6484591469634324e-11
2030,sc01,10-12 15:00:00+02:00,3.410605131648481e-12
2030,sc01,10-12 16:00:00+02:00,2.1884716261411086e-12
2030,sc01,10-12 17:00:00+02:00,68.91150958990647
2030,sc01,10-12 18:00:00+02:00,3002.0318394605288
2030,sc01,10-12 19:00:00+02:00,3688.2516042339453
2030,sc01,10-12 20:00:00+02:00,2961.5481728300433
2030,sc01,10-12 21:00:00+02:00,2372.6718283075415
2030,sc01,10-12 22:00:00+02:00,177.84416210859337
2030,sc01,10-12 23:00:00+02:00,-4.263256414560601e-14
2030,sc01,10-13 00:00:00+02:00,4.831690603168681e-13
2030,sc01,10-13 01:00:00+02:00,-1.7834622667578515e-12
2030,sc01,10-13 02:00:00+02:00,1.5916157281026244e-12
2030,sc01,10-13 03:00:00+02:00,1.9966250874858815e-12
2030,sc01,10-13 04:00:00+02:00,-1.0658141036401503e-13
2030,sc01,10-13 05:00:00+02:00,1.2079226507921703e-13
2030,sc01,10-13 06:00:00+02:00,1.4566126083082054e-12
2030,sc01,10-13 07:00:00+02:00,5.795364188543317e-13
2030,sc01,10-13 08:00:00+02:00,-2.2737367544323206e-12
2030,sc01,10-13 09:00:00+02:00,-2.2737367544323206e-13
2030,sc01,10-13 10:00:00+02:00,-2.0463630789890885e-12
2030,sc01,10-13 11:00:00+02:00,-2.7284841053187847e-12
2030,sc01,10-13 12:00:00+02:00,-2.0463630789890885e-12
2030,sc01,10-13 13:00:00+02:00,4.888534022029489e-12
2030,sc01,10-13 14:00:00+02:00,-1.1709744285326451e-11
2030,sc01,10-13 15:00:00+02:00,65.71728545445549
2030,sc01,10-13 16:00:00+02:00,140.39571067575076
2030,sc01,10-13 17:00:00+02:00,728.2146593484579
2030,sc01,10-13 18:00:00+02:00,3070.5884455303376
2030,sc01,10-13 19:00:00+02:00,3952.251600980762
2030,sc01,10-13 20:00:00+02:00,3268.9803048334857
2030,sc01,10-13 21:00:00+02:00,2317.298932691244
2030,sc01,10-13 22:00:00+02:00,23.09436003729452
2030,sc01,10-13 23:00:00+02:00,-3.282707439211663e-12
2030,sc01,10-14 00:00:00+02:00,-5.115907697472721e-13
2030,sc01,10-14 01:00:00+02:00,3.637978807091713e-12
2030,sc01,10-14 02:00:00+02:00,3.410605131648481e-13
2030,sc01,10-14 03:00:00+02:00,1.014655026665423e-11
2030,sc01,10-14 04:00:00+02:00,1.2505552149377763e-12
2030,sc01,10-14 05:00:00+02:00,83.68696030218372
2030,sc01,10-14 06:00:00+02:00,1183.2213780831703
2030,sc01,10-14 07:00:00+02:00,1780.2866176013106
2030,sc01,10-14 08:00:00+02:00,827.3781669146117
2030,sc01,10-14 09:00:00+02:00,108.69938627791407
2030,sc01,10-14 10:00:00+02:00,155.1249727281485
2030,sc01,10-14 11:00:00+02:00,112.5463496491041
2030,sc01,10-14 12:00:00+02:00,1295.555622791488
2030,sc01,10-14 13:00:00+02:00,1004.4106377565626
2030,sc01,10-14 14:00:00+02:00,1148.4511239067867
2030,sc01,10-14 15:00:00+02:00,1238.5065072539514
2030,sc01,10-14 16:00:00+02:00,1732.000587854738
2030,sc01,10-14 17:00:00+02:00,3503.168657953046
2030,sc01,10-14 18:00:00+02:00,8329.661128030059
2030,sc01,10-14 19:00:00+02:00,8116.715082378851
2030,sc01,10-14 20:00:00+02:00,6783.277291443973
2030,sc01,10-14 21:00:00+02:00,5465.4787988742855
2030,sc01,10-14 22:00:00+02:00,4172.496092005954
2030,sc01,10-14 23:00:00+02:00,3038.773366605796
2030,sc01,10-15 00:00:00+02:00,2178.517694765841
2030,sc01,10-15 01:00:00+02:00,-4.192202140984591e-12
2030,sc01,10-15 02:00:00+02:00,1.3784529073745944e-12
2030,sc01,10-15 03:00:00+02:00,-8.810729923425242e-13
2030,sc01,10-15 04:00:00+02:00,7.673861546209082e-13
2030,sc01,10-15 05:00:00+02:00,465.69639721857146
2030,sc01,10-15 06:00:00+02:00,1502.0254555731055
2030,sc01,10-15 07:00:00+02:00,1957.4437075547835
2030,sc01,10-15 08:00:00+02:00,260.62733491998165
2030,sc01,10-15 09:00:00+02:00,66.47644898874705
2030,sc01,10-15 10:00:00+02:00,536.3227486875098
2030,sc01,10-15 11:00:00+02:00,349.1677442538024
2030,sc01,10-15 12:00:00+02:00,114.6272442197602
2030,sc01,10-15 13:00:00+02:00,1744.6962961669008
2030,sc01,10-15 14:00:00+02:00,1461.711948662532
2030,sc01,10-15 15:00:00+02:00,1483.24093527909
2030,sc01,10-15 16:00:00+02:00,2041.8496884594665
2030,sc01,10-15 17:00:00+02:00,3283.820180925878
2030,sc01,10-15 18:00:00+02:00,6638.791738372986
2030,sc01,10-15 19:00:00+02:00,6747.502250616106
2030,sc01,10-15 20:00:00+02:00,5360.388824777018
2030,sc01,10-15 21:00:00+02:00,4200.7921852431955
2030,sc01,10-15 22:00:00+02:00,587.2187078455415
2030,sc01,10-15 23:00:00+02:00,109.09449364959804
2030,sc01,10-16 00:00:00+02:00,-7.815970093361102e-13
2030,sc01,10-16 01:00:00+02:00,1.5347723092418164e-12
2030,sc01,10-16 02:00:00+02:00,-3.467448550509289e-12
2030,sc01,10-16 03:00:00+02:00,-1.1226575225009583e-12
2030,sc01,10-16 04:00:00+02:00,5.7696070143720135e-12
2030,sc01,10-16 05:00:00+02:00,268.44713785681273
2030,sc01,10-16 06:00:00+02:00,1364.349918312153
2030,sc01,10-16 07:00:00+02:00,1775.4430231194285
2030,sc01,10-16 08:00:00+02:00,373.64799626457557
2030,sc01,10-16 09:00:00+02:00,595.1015251851793
2030,sc01,10-16 10:00:00+02:00,327.5312555904669
2030,sc01,10-16 11:00:00+02:00,309.3027453277475
2030,sc01,10-16 12:00:00+02:00,240.57530248499455
2030,sc01,10-16 13:00:00+02:00,1392.1570498800088
2030,sc01,10-16 14:00:00+02:00,1189.3299165225196
2030,sc01,10-16 15:00:00+02:00,1608.4745189117702
2030,sc01,10-16 16:00:00+02:00,2167.043529983841
2030,sc01,10-16 17:00:00+02:00,2957.057412528648
2030,sc01,10-16 18:00:00+02:00,5669.45000908232
2030,sc01,10-16 19:00:00+02:00,6180.315109401743
2030,sc01,10-16 20:00:00+02:00,4857.385705545665
2030,sc01,10-16 21:00:00+02:00,3570.750949027988
2030,sc01,10-16 22:00:00+02:00,343.224009967679
2030,sc01,10-16 23:00:00+02:00,1.6768808563938364e-12
2030,sc01,10-17 00:00:00+02:00,-9.023892744153272e-13
2030,sc01,10-17 01:00:00+02:00,9.379164112033322e-13
2030,sc01,10-17 02:00:00+02:00,-2.8563817977556027e-12
2030,sc01,10-17 03:00:00+02:00,-5.684341886080802e-14
2030,sc01,10-17 04:00:00+02:00,-3.595346242946107e-12
2030,sc01,10-17 05:00:00+02:00,231.63571151108437
2030,sc01,10-17 06:00:00+02:00,1255.210096176525
2030,sc01,10-17 07:00:00+02:00,2021.1147787549655
2030,sc01,10-17 08:00:00+02:00,570.3390268216815
2030,sc01,10-17 09:00:00+02:00,253.05167503861276
2030,sc01,10-17 10:00:00+02:00,183.76177646884332
2030,sc01,10-17 11:00:00+02:00,171.04668132559596
2030,sc01,10-17 12:00:00+02:00,106.22965550626509
2030,sc01,10-17 13:00:00+02:00,1913.072119441367
2030,sc01,10-17 14:00:00+02:00,2068.8577771122355
2030,sc01,10-17 15:00:00+02:00,2745.1592510568603
2030,sc01,10-17 16:00:00+02:00,4179.046371981566
2030,sc01,10-17 17:00:00+02:00,6021.735683790422
2030,sc01,10-17 18:00:00+02:00,8626.777078117888
2030,sc01,10-17 19:00:00+02:00,8122.23377967811
2030,sc01,10-17 20:00:00+02:00,4390.3641091630625
2030,sc01,10-17 21:00:00+02:00,3078.9248708002797
2030,sc01,10-17 22:00:00+02:00,849.2526423235914
2030,sc01,10-17 23:00:00+02:00,320.2118209629745
2030,sc01,10-18 00:00:00+02:00,14.377094801401299
2030,sc01,10-18 01:00:00+02:00,7.389644451905042e-13
2030,sc01,10-18 02:00:00+02:00,-3.495870259939693e-12
2030,sc01,10-18 03:00:00+02:00,1.2079226507921703e-12
2030,sc01,10-18 04:00:00+02:00,-4.277467269275803e-12
2030,sc01,10-18 05:00:00+02:00,776.8193039588331
2030,sc01,10-18 06:00:00+02:00,2076.740260138058
2030,sc01,10-18 07:00:00+02:00,3874.985684729772
2030,sc01,10-18 08:00:00+02:00,4370.002996958
2030,sc01,10-18 09:00:00+02:00,800.6965642916109
2030,sc01,10-18 10:00:00+02:00,448.5314747858981
2030,sc01,10-18 11:00:00+02:00,400.5679717717006
2030,sc01,10-18 12:00:00+02:00,1044.710394716104
2030,sc01,10-18 13:00:00+02:00,140.242930973772
2030,sc01,10-18 14:00:00+02:00,1313.4010213874271
2030,sc01,10-18 15:00:00+02:00,1357.05577067713
2030,sc01,10-18 16:00:00+02:00,1783.8412709121787
2030,sc01,10-18 17:00:00+02:00,2753.293276950077
2030,sc01,10-18 18:00:00+02:00,5582.361971376992
2030,sc01,10-18 19:00:00+02:00,5553.658214925634
2030,sc01,10-18 20:00:00+02:00,2868.8078891851274
2030,sc01,10-18 21:00:00+02:00,1814.258027851153
2030,sc01,10-18 22:00:00+02:00,511.23921527237223
2030,sc01,10-18 23:00:00+02:00,63.266443417239145
2030,sc01,10-19 00:00:00+02:00,1.4921397450962104e-12
2030,sc01,10-19 01:00:00+02:00,3.410605131648481e-13
2030,sc01,10-19 02:00:00+02:00,6.110667527536862e-13
2030,sc01,10-19 03:00:00+02:00,-3.282707439211663e-12
2030,sc01,10-19 04:00:00+02:00,-1.0516032489249483e-12
2030,sc01,10-19 05:00:00+02:00,1.9895196601282805e-13
2030,sc01,10-19 06:00:00+02:00,5.115907697472721e-13
2030,sc01,10-19 07:00:00+02:00,7.062794793455396e-12
2030,sc01,10-19 08:00:00+02:00,3.694822225952521e-12
2030,sc01,10-19 09:00:00+02:00,4.774847184307873e-12
2030,sc01,10-19 10:00:00+02:00,-3.183231456205249e-12
2030,sc01,10-19 11:00:00+02:00,-2.9558577807620168e-12
2030,sc01,10-19 12:00:00+02:00,1.5063505998114124e-12
2030,sc01,10-19 13:00:00+02:00,-1.1368683772161603e-12
2030,sc01,10-19 14:00:00+02:00,2.6147972675971687e-12
2030,sc01,10-19 15:00:00+02:00,410.91266973797747
2030,sc01,10-19 16:00:00+02:00,1241.965363674411
2030,sc01,10-19 17:00:00+02:00,3646.7121833476594
2030,sc01,10-19 18:00:00+02:00,4665.172781989092
2030,sc01,10-19 19:00:00+02:00,4398.966810733281
2030,sc01,10-19 20:00:00+02:00,2012.5642033060428
2030,sc01,10-19 21:00:00+02:00,1465.375366356831
2030,sc01,10-19 22:00:00+02:00,193.11539179492775
2030,sc01,10-19 23:00:00+02:00,5.826450433232822e-13
2030,sc01,10-20 00:00:00+02:00,1.2505552149377763e-12
2030,sc01,10-20 01:00:00+02:00,-3.353761712787673e-12
2030,sc01,10-20 02:00:00+02:00,-4.760636329592671e-13
2030,sc01,10-20 03:00:00+02:00,-2.7853275241795927e-12
2030,sc01,10-20 04:00:00+02:00,2.5650592760939617e-12
2030,sc01,10-20 05:00:00+02:00,1.2789769243681803e-13
2030,sc01,10-20 06:00:00+02:00,-4.476419235288631e-12
2030,sc01,10-20 07:00:00+02:00,2.1103119252074976e-12
2030,sc01,10-20 08:00:00+02:00,7.389644451905042e-13
2030,sc01,10-20 09:00:00+02:00,-2.7284841053187847e-12
2030,sc01,10-20 10:00:00+02:00,-1.4779288903810084e-12
2030,sc01,10-20 11:00:00+02:00,-2.0463630789890885e-12
2030,sc01,10-20 12:00:00+02:00,-1.8474111129762605e-12
2030,sc01,10-20 13:00:00+02:00,-2.0463630789890885e-12
2030,sc01,10-20 14:00:00+02:00,-7.958078640513122e-13
2030,sc01,10-20 15:00:00+02:00,651.748619769929
2030,sc01,10-20 16:00:00+02:00,1417.665881489192
2030,sc01,10-20 17:00:00+02:00,2886.3468218750004
2030,sc01,10-20 18:00:00+02:00,5913.017957204125
2030,sc01,10-20 19:00:00+02:00,6434.9940480489895
2030,sc01,10-20 20:00:00+02:00,4095.454026141399
2030,sc01,10-20 21:00:00+02:00,3293.850315834591
2030,sc01,10-20 22:00:00+02:00,575.4348102302874
2030,sc01,10-20 23:00:00+02:00,84.9490902707702
2030,sc01,10-21 00:00:00+02:00,-2.0179413695586845e-12
2030,sc01,10-21 01:00:00+02:00,-2.3590018827235326e-12
2030,sc01,10-21 02:00:00+02:00,-2.3803181647963356e-12
2030,sc01,10-21 03:00:00+02:00,-2.2026824808563106e-12
2030,sc01,10-21 04:00:00+02:00,-1.3059775483270641e-11
2030,sc01,10-21 05:00:00+02:00,1518.0929843523904
2030,sc01,10-21 06:00:00+02:00,3734.413070423285
2030,sc01,10-21 07:00:00+02:00,5083.280332778838
2030,sc01,10-21 08:00:00+02:00,3251.847669410722
2030,sc01,10-21 09:00:00+02:00,3084.176487186075
2030,sc01,10-21 10:00:00+02:00,2554.1934840975873
2030,sc01,10-21 11:00:00+02:00,2370.738847639133
2030,sc01,10-21 12:00:00+02:00,2155.506331127211
2030,sc01,10-21 13:00:00+02:00,1852.0424096541678
2030,sc01,10-21 14:00:00+02:00,1587.6204102746028
2030,sc01,10-21 15:00:00+02:00,1552.4848899089757
2030,sc01,10-21 16:00:00+02:00,2071.0326579664334
2030,sc01,10-21 17:00:00+02:00,4511.5620989949675
2030,sc01,10-21 18:00:00+02:00,7188.580830976
2030,sc01,10-21 19:00:00+02:00,6674.01445172
2030,sc01,10-21 20:00:00+02:00,4642.820616978628
2030,sc01,10-21 21:00:00+02:00,3014.2838570826843
2030,sc01,10-21 22:00:00+02:00,1786.721346563161
2030,sc01,10-21 23:00:00+02:00,428.64357797800403
2030,sc01,10-22 00:00:00+02:00,3.410605131648481e-13
2030,sc01,10-22 01:00:00+02:00,-4.61142235508305e-12
2030,sc01,10-22 02:00:00+02:00,-8.526512829121202e-14
2030,sc01,10-22 03:00:00+02:00,2.4158453015843406e-13
2030,sc01,10-22 04:00:00+02:00,-5.158540261618327e-12
2030,sc01,10-22 05:00:00+02:00,328.6341909663059
2030,sc01,10-22 06:00:00+02:00,1390.6583954928103
2030,sc01,10-22 07:00:00+02:00,2417.078548707742
2030,sc01,10-22 08:00:00+02:00,1454.9443300194598
2030,sc01,10-22 09:00:00+02:00,139.33494074786154
2030,sc01,10-22 10:00:00+02:00,26.060780774585965
2030,sc01,10-22 11:00:00+02:00,34.67941631792928
2030,sc01,10-22 12:00:00+02:00,999.3613273100592
2030,sc01,10-22 13:00:00+02:00,443.669068821009
2030,sc01,10-22 14:00:00+02:00,572.779601308493
2030,sc01,10-22 15:00:00+02:00,816.8643206269139
2030,sc01,10-22 16:00:00+02:00,1527.7137289803673
2030,sc01,10-22 17:00:00+02:00,3912.3311718181444
2030,sc01,10-22 18:00:00+02:00,3786.557391027535
2030,sc01,10-22 19:00:00+02:00,3620.8652762938555
2030,sc01,10-22 20:00:00+02:00,2231.6714772821465
2030,sc01,10-22 21:00:00+02:00,1317.660785880087
2030,sc01,10-22 22:00:00+02:00,792.04696066511
2030,sc01,10-22 23:00:00+02:00,258.2034047124986
2030,sc01,10-23 00:00:00+02:00,0.8857073569480605
2030,sc01,10-23 01:00:00+02:00,2.7853275241795927e-12
2030,sc01,10-23 02:00:00+02:00,4.888534022029489e-12
2030,sc01,10-23 03:00:00+02:00,1.6768808563938364e-12
2030,sc01,10-23 04:00:00+02:00,1.8101692889401022
2030,sc01,10-23 05:00:00+02:00,701.7553467267695
2030,sc01,10-23 06:00:00+02:00,2621.8283795616962
2030,sc01,10-23 07:00:00+02:00,3717.683069319635
2030,sc01,10-23 08:00:00+02:00,3253.3915379579767
2030,sc01,10-23 09:00:00+02:00,1433.813450266227
2030,sc01,10-23 10:00:00+02:00,632.3635348578831
2030,sc01,10-23 11:00:00+02:00,6.930478652445686
2030,sc01,10-23 12:00:00+02:00,-1.9326762412674725e-12
2030,sc01,10-23 13:00:00+02:00,-2.1032064978498966e-12
2030,sc01,10-23 14:00:00+02:00,1050.7114074943331
2030,sc01,10-23 15:00:00+02:00,2195.7473108929235
2030,sc01,10-23 16:00:00+02:00,2620.895285536432
2030,sc01,10-23 17:00:00+02:00,5299.555221741653
2030,sc01,10-23 18:00:00+02:00,6524.67210482552
2030,sc01,10-23 19:00:00+02:00,4203.277125674364
2030,sc01,10-23 20:00:00+02:00,2700.1549109624525
2030,sc01,10-23 21:00:00+02:00,1809.5714593902724
2030,sc01,10-23 22:00:00+02:00,1075.6964549707934
2030,sc01,10-23 23:00:00+02:00,374.4838433612939
2030,sc01,10-24 00:00:00+02:00,69.69798870598046
2030,sc01,10-24 01:00:00+02:00,1.3073986337985843e-12
2030,sc01,10-24 02:00:00+02:00,1.3216094885137863e-12
2030,sc01,10-24 03:00:00+02:00,4.831690603168681e-13
2030,sc01,10-24 04:00:00+02:00,2.9416469260468148e-12
2030,sc01,10-24 05:00:00+02:00,523.8948155601067
2030,sc01,10-24 06:00:00+02:00,1586.3421059763893
2030,sc01,10-24 07:00:00+02:00,2108.554037930873
2030,sc01,10-24 08:00:00+02:00,533.662661232403
2030,sc01,10-24 09:00:00+02:00,-1.8189894035458565e-12
2030,sc01,10-24 10:00:00+02:00,182.54764422358573
2030,sc01,10-24 11:00:00+02:00,1082.7518047648164
2030,sc01,10-24 12:00:00+02:00,2291.033593623945
2030,sc01,10-24 13:00:00+02:00,1733.4255021018562
2030,sc01,10-24 14:00:00+02:00,1544.8587965636277
2030,sc01,10-24 15:00:00+02:00,1366.9874212458767
2030,sc01,10-24 16:00:00+02:00,1794.4439269034242
2030,sc01,10-24 17:00:00+02:00,2816.8611685098
2030,sc01,10-24 18:00:00+02:00,5852.46886545891
2030,sc01,10-24 19:00:00+02:00,5560.586924668491
2030,sc01,10-24 20:00:00+02:00,4112.876485209756
2030,sc01,10-24 21:00:00+02:00,3096.3015001142517
2030,sc01,10-24 22:00:00+02:00,745.6209016448104
2030,sc01,10-24 23:00:00+02:00,220.95730326606687
2030,sc01,10-25 00:00:00+02:00,1.2349232747510541e-11
2030,sc01,10-25 01:00:00+02:00,-5.229594535194337e-12
2030,sc01,10-25 02:00:00+02:00,8.810729923425242e-13
2030,sc01,10-25 03:00:00+02:00,4.220623850414995e-12
2030,sc01,10-25 04:00:00+02:00,5.4996007747831754e-12
2030,sc01,10-25 05:00:00+02:00,350.44982184604714
2030,sc01,10-25 06:00:00+02:00,1374.64447397797
2030,sc01,10-25 07:00:00+02:00,1907.3135260871245
2030,sc01,10-25 08:00:00+02:00,133.40713098911192
2030,sc01,10-25 09:00:00+02:00,113.81904237139793
2030,sc01,10-25 10:00:00+02:00,39.02263643388369
2030,sc01,10-25 11:00:00+02:00,38.87472822768598
2030,sc01,10-25 12:00:00+02:00,156.74006752944513
2030,sc01,10-25 13:00:00+02:00,83.0710307013996
2030,sc01,10-25 14:00:00+02:00,97.80159658372577
2030,sc01,10-25 15:00:00+02:00,105.8492341065222
2030,sc01,10-25 16:00:00+02:00,217.57975650420212
2030,sc01,10-25 17:00:00+02:00,955.7234599577032
2030,sc01,10-25 18:00:00+02:00,3873.3428117529993
2030,sc01,10-25 19:00:00+02:00,2383.659533773645
2030,sc01,10-25 20:00:00+02:00,1510.5583323248675
2030,sc01,10-25 21:00:00+02:00,831.6746500069441
2030,sc01,10-25 22:00:00+02:00,338.20698517742255
2030,sc01,10-25 23:00:00+02:00,15.784564144081784
2030,sc01,10-26 00:00:00+02:00,-1.8332002582610585e-12
2030,sc01,10-26 01:00:00+02:00,-2.0037305148434825e-12
2030,sc01,10-26 02:00:00+02:00,-3.538502824085299e-12
2030,sc01,10-26 03:00:00+02:00,-4.249045559845399e-12
2030,sc01,10-26 04:00:00+02:00,2.1884716261411086e-12
2030,sc01,10-26 05:00:00+02:00,1.7621459846850485e-12
2030,sc01,10-26 06:00:00+02:00,-1.1169731806148775e-11
2030,sc01,10-26 07:00:00+02:00,-8.746781077206833e-12
2030,sc01,10-26 08:00:00+02:00,7.958078640513122e-13
2030,sc01,10-26 09:00:00+02:00,-4.547473508864641e-13
2030,sc01,10-26 10:00:00+02:00,-1.1368683772161603e-12
2030,sc01,10-26 11:00:00+02:00,0.0
2030,sc01,10-26 12:00:00+02:00,5.9117155615240335e-12
2030,sc01,10-26 13:00:00+02:00,2.0463630789890885e-12
2030,sc01,10-26 14:00:00+02:00,-7.275957614183426e-12
2030,sc01,10-26 15:00:00+02:00,6.59383658785373e-12
2030,sc01,10-26 16:00:00+02:00,5.684341886080801e-13
2030,sc01,10-26 17:00:00+02:00,112.38589447644165
2030,sc01,10-26 18:00:00+02:00,581.1556753061755
2030,sc01,10-26 19:00:00+02:00,950.6451677456837
2030,sc01,10-26 20:00:00+02:00,604.7629887507042
2030,sc01,10-26 21:00:00+02:00,343.58656934943554
2030,sc01,10-26 22:00:00+02:00,211.44274900058804
2030,sc01,10-26 23:00:00+02:00,-7.574385563202668e-12
2030,sc01,10-27 00:00:00+02:00,9.094947017729282e-13
2030,sc01,10-27 01:00:00+02:00,4.952482868247898e-12
2030,sc01,10-27 02:00:00+02:00,1.3926637620897964e-12
2030,sc01,10-27 03:00:00+01:00,-3.552713678800501e-14
2030,sc01,10-27 04:00:00+01:00,1.0089706847793423e-12
2030,sc01,10-27 05:00:00+01:00,1.8332002582610585e-12
2030,sc01,10-27 06:00:00+01:00,7.602807272633072e-13
2030,sc01,10-27 07:00:00+01:00,1.9753088054130785e-12
2030,sc01,10-27 08:00:00+01:00,5.115907697472721e-13
2030,sc01,10-27 09:00:00+01:00,-9.322320693172514e-12
2030,sc01,10-27 10:00:00+01:00,6.252776074688882e-13
2030,sc01,10-27 11:00:00+01:00,-4.547473508864641e-13
2030,sc01,10-27 12:00:00+01:00,1.000444171950221e-11
2030,sc01,10-27 13:00:00+01:00,-2.6147972675971687e-12
2030,sc01,10-27 14:00:00+01:00,9.094947017729282e-13
2030,sc01,10-27 15:00:00+01:00,-5.684341886080801e-13
2030,sc01,10-27 16:00:00+01:00,5.5990767577895895e-12
2030,sc01,10-27 17:00:00+01:00,1311.9875088710014
2030,sc01,10-27 18:00:00+01:00,2384.6722939896563
2030,sc01,10-27 19:00:00+01:00,2263.7578937950634
2030,sc01,10-27 20:00:00+01:00,1510.2158627869435
2030,sc01,10-27 21:00:00+01:00,1067.9145502541478
2030,sc01,10-27 22:00:00+01:00,449.7353617156473
2030,sc01,10-27 23:00:00+01:00,71.8473014578726
2030,sc01,10-28 00:00:00+01:00,-4.405364961712621e-13
2030,sc01,10-28 01:00:00+01:00,-6.821210263296962e-13
2030,sc01,10-28 02:00:00+01:00,-3.61666252501891e-12
2030,sc01,10-28 03:00:00+01:00,5.471179065352771e-13
2030,sc01,10-28 04:00:00+01:00,-1.0729195309977513e-12
2030,sc01,10-28 05:00:00+01:00,-2.9274360713316128e-12
2030,sc01,10-28 06:00:00+01:00,374.6574693592005
2030,sc01,10-28 07:00:00+01:00,2171.4691591588785
2030,sc01,10-28 08:00:00+01:00,2724.441193453185
2030,sc01,10-28 09:00:00+01:00,1230.0325136472322
2030,sc01,10-28 10:00:00+01:00,896.5614157102402
2030,sc01,10-28 11:00:00+01:00,1592.7283468483633
2030,sc01,10-28 12:00:00+01:00,1196.8668274646623
2030,sc01,10-28 13:00:00+01:00,1051.3488343022864
2030,sc01,10-28 14:00:00+01:00,1309.868263913686
2030,sc01,10-28 15:00:00+01:00,2999.949350684875
2030,sc01,10-28 16:00:00+01:00,3638.161115367715
2030,sc01,10-28 17:00:00+01:00,6651.963153284068
2030,sc01,10-28 18:00:00+01:00,8261.455697696432
2030,sc01,10-28 19:00:00+01:00,10095.266215856489
2030,sc01,10-28 20:00:00+01:00,8919.722998269444
2030,sc01,10-28 21:00:00+01:00,7296.920170636419
2030,sc01,10-28 22:00:00+01:00,5891.520499050793
2030,sc01,10-28 23:00:00+01:00,4367.3205782021705
2030,sc01,10-29 00:00:00+01:00,786.8681987464518
2030,sc01,10-29 01:00:00+01:00,182.45042612484207
2030,sc01,10-29 02:00:00+01:00,15.837719534076967
2030,sc01,10-29 03:00:00+01:00,1.3216094885137863e-12
2030,sc01,10-29 04:00:00+01:00,-6.679101716144942e-13
2030,sc01,10-29 05:00:00+01:00,135.8973735949691
2030,sc01,10-29 06:00:00+01:00,1485.6150026081596
2030,sc01,10-29 07:00:00+01:00,3858.8803869401554
2030,sc01,10-29 08:00:00+01:00,5343.173924451
2030,sc01,10-29 09:00:00+01:00,5739.631199521
2030,sc01,10-29 10:00:00+01:00,5429.745610255913
2030,sc01,10-29 11:00:00+01:00,4652.480908253194
2030,sc01,10-29 12:00:00+01:00,3665.801896617723
2030,sc01,10-29 13:00:00+01:00,3074.436554267189
2030,sc01,10-29 14:00:00+01:00,2341.294713503425
2030,sc01,10-29 15:00:00+01:00,2667.781035475886
2030,sc01,10-29 16:00:00+01:00,3940.980517128198
2030,sc01,10-29 17:00:00+01:00,8758.931833542869
2030,sc01,10-29 18:00:00+01:00,11282.716511680148
2030,sc01,10-29 19:00:00+01:00,10999.00422793547
2030,sc01,10-29 20:00:00+01:00,9910.670487340114
2030,sc01,10-29 21:00:00+01:00,8796.693565230795
2030,sc01,10-29 22:00:00+01:00,4965.716751499226
2030,sc01,10-29 23:00:00+01:00,2365.2715236871713
2030,sc01,10-30 00:00:00+01:00,1079.2995151081625
2030,sc01,10-30 01:00:00+01:00,518.0179579728652
2030,sc01,10-30 02:00:00+01:00,217.35998573632983
2030,sc01,10-30 03:00:00+01:00,55.36709578326712
2030,sc01,10-30 04:00:00+01:00,1.5308162650248391
2030,sc01,10-30 05:00:00+01:00,243.99140350049748
2030,sc01,10-30 06:00:00+01:00,1610.9548215704392
2030,sc01,10-30 07:00:00+01:00,3769.293723140691
2030,sc01,10-30 08:00:00+01:00,3578.299933744552
2030,sc01,10-30 09:00:00+01:00,2150.8791400600185
2030,sc01,10-30 10:00:00+01:00,3729.2117634292727
2030,sc01,10-30 11:00:00+01:00,6604.666939840174
2030,sc01,10-30 12:00:00+01:00,6229.774910551651
2030,sc01,10-30 13:00:00+01:00,5609.835144221116
2030,sc01,10-30 14:00:00+01:00,5595.600608527269
2030,sc01,10-30 15:00:00+01:00,5807.030028938405
2030,sc01,10-30 16:00:00+01:00,7283.859413011142
2030,sc01,10-30 17:00:00+01:00,10279.954560938
2030,sc01,10-30 18:00:00+01:00,11294.547519875001
2030,sc01,10-30 19:00:00+01:00,10979.589363948
2030,sc01,10-30 20:00:00+01:00,9763.4926335
2030,sc01,10-30 21:00:00+01:00,8086.90650053
2030,sc01,10-30 22:00:00+01:00,6612.383748577
2030,sc01,10-30 23:00:00+01:00,1426.073385839529
2030,sc01,10-31 00:00:00+01:00,899.5825220207407
2030,sc01,10-31 01:00:00+01:00,236.41869442045638
2030,sc01,10-31 02:00:00+01:00,1.4779288903810084e-12
2030,sc01,10-31 03:00:00+01:00,6.934897101018578e-12
2030,sc01,10-31 04:00:00+01:00,6.679101716144942e-12
2030,sc01,10-31 05:00:00+01:00,159.73079336197657
2030,sc01,10-31 06:00:00+01:00,973.3409731085072
2030,sc01,10-31 07:00:00+01:00,2406.285512366418
2030,sc01,10-31 08:00:00+01:00,3132.8820345928707
2030,sc01,10-31 09:00:00+01:00,1926.9859627970513
2030,sc01,10-31 10:00:00+01:00,2395.0837295897495
2030,sc01,10-31 11:00:00+01:00,3255.7336058664014
2030,sc01,10-31 12:00:00+01:00,5223.238617634962
2030,sc01,10-31 13:00:00+01:00,4992.8813178643795
2030,sc01,10-31 14:00:00+01:00,4792.350233592174
2030,sc01,10-31 15:00:00+01:00,5256.514171709339
2030,sc01,10-31 16:00:00+01:00,6953.41235384556
2030,sc01,10-31 17:00:00+01:00,9488.553406924697
2030,sc01,10-31 18:00:00+01:00,10747.460731792975
2030,sc01,10-31 19:00:00+01:00,10109.175388339361
2030,sc01,10-31 20:00:00+01:00,8900.772783720404
2030,sc01,10-31 21:00:00+01:00,7635.8887451682685
2030,sc01,10-31 22:00:00+01:00,4198.178101346052
2030,sc01,10-31 23:00:00+01:00,1529.1734211304442
2030,sc01,11-01 00:00:00+01:00,500.9783561578465
2030,sc01,11-01 01:00:00+01:00,79.07981591724726
2030,sc01,11-01 02:00:00+01:00,7.318590178329032e-13
2030,sc01,11-01 03:00:00+01:00,8.384404281969182e-13
2030,sc01,11-01 04:00:00+01:00,-3.296918293926865e-12
2030,sc01,11-01 05:00:00+01:00,-6.394884621840902e-14
2030,sc01,11-01 06:00:00+01:00,-2.7498003873915877e-12
2030,sc01,11-01 07:00:00+01:00,6.107114813858061e-12
2030,sc01,11-01 08:00:00+01:00,1.7053025658242404e-12
2030,sc01,11-01 09:00:00+01:00,-2.1600499167107046e-12
2030,sc01,11-01 10:00:00+01:00,-1.4779288903810084e-11
2030,sc01,11-01 11:00:00+01:00,-2.0463630789890885e-12
2030,sc01,11-01 12:00:00+01:00,-4.547473508864641e-13
2030,sc01,11-01 13:00:00+01:00,-6.821210263296962e-13
2030,sc01,11-01 14:00:00+01:00,269.46946414038473
2030,sc01,11-01 15:00:00+01:00,642.2651215119299
2030,sc01,11-01 16:00:00+01:00,1535.0263624257202
2030,sc01,11-01 17:00:00+01:00,4133.404052039756
2030,sc01,11-01 18:00:00+01:00,5651.572655028204
2030,sc01,11-01 19:00:00+01:00,5219.257090386625
2030,sc01,11-01 20:00:00+01:00,3907.4112136107433
2030,sc01,11-01 21:00:00+01:00,3390.502944110185
2030,sc01,11-01 22:00:00+01:00,583.5718271883256
2030,sc01,11-01 23:00:00+01:00,187.44096933373703
2030,sc01,11-02 00:00:00+01:00,1.5518253349000588e-11
2030,sc01,11-02 01:00:00+01:00,8.952838470577262e-13
2030,sc01,11-02 02:00:00+01:00,9.805489753489383e-13
2030,sc01,11-02 03:00:00+01:00,-9.379164112033322e-13
2030,sc01,11-02 04:00:00+01:00,5.329070518200751e-13
2030,sc01,11-02 05:00:00+01:00,1.3571366253017914e-12
2030,sc01,11-02 06:00:00+01:00,2.0747847884194925e-12
2030,sc01,11-02 07:00:00+01:00,-1.2718714970105793e-12
2030,sc01,11-02 08:00:00+01:00,3.410605131648481e-12
2030,sc01,11-02 09:00:00+01:00,-3.410605131648481e-13
2030,sc01,11-02 10:00:00+01:00,2.2737367544323206e-13
2030,sc01,11-02 11:00:00+01:00,-9.094947017729282e-13
2030,sc01,11-02 12:00:00+01:00,-4.547473508864641e-13
2030,sc01,11-02 13:00:00+01:00,7.958078640513122e-13
2030,sc01,11-02 14:00:00+01:00,-5.684341886080801e-13
2030,sc01,11-02 15:00:00+01:00,-1.5916157281026244e-12
2030,sc01,11-02 16:00:00+01:00,-1.7621459846850485e-12
2030,sc01,11-02 17:00:00+01:00,179.63260495739993
2030,sc01,11-02 18:00:00+01:00,1681.0821409315029
2030,sc01,11-02 19:00:00+01:00,1296.7461967868867
2030,sc01,11-02 20:00:00+01:00,952.5444625810188
2030,sc01,11-02 21:00:00+01:00,612.4499133293768
2030,sc01,11-02 22:00:00+01:00,271.9209803170602
2030,sc01,11-02 23:00:00+01:00,4.734371541948761
2030,sc01,11-03 00:00:00+01:00,5.8264504332328215e-12
2030,sc01,11-03 01:00:00+01:00,-2.0037305148434825e-12
2030,sc01,11-03 02:00:00+01:00,-3.923972258235153e-12
2030,sc01,11-03 03:00:00+01:00,4.350297899691213e-12
2030,sc01,11-03 04:00:00+01:00,-6.195044477408373e-13
2030,sc01,11-03 05:00:00+01:00,-1.354916179252541e-12
2030,sc01,11-03 06:00:00+01:00,-3.296918293926865e-12
2030,sc01,11-03 07:00:00+01:00,1.2079226507921703e-13
2030,sc01,11-03 08:00:00+01:00,1.0800249583553523e-12
2030,sc01,11-03 09:00:00+01:00,-1.6200374375330284e-12
2030,sc01,11-03 10:00:00+01:00,-5.229594535194337e-12
2030,sc01,11-03 11:00:00+01:00,4.547473508864641e-13
2030,sc01,11-03 12:00:00+01:00,6.0822458181064576e-12
2030,sc01,11-03 13:00:00+01:00,-1.8189894035458565e-12
2030,sc01,11-03 14:00:00+01:00,4.547473508864641e-13
2030,sc01,11-03 15:00:00+01:00,-4.888534022029489e-12
2030,sc01,11-03 16:00:00+01:00,-3.183231456205249e-12
2030,sc01,11-03 17:00:00+01:00,1618.5773304047289
2030,sc01,11-03 18:00:00+01:00,3964.4750599651925
2030,sc01,11-03 19:00:00+01:00,4131.217144200506
2030,sc01,11-03 20:00:00+01:00,3507.536056055865
2030,sc01,11-03 21:00:00+01:00,2757.2123259963405
2030,sc01,11-03 22:00:00+01:00,622.4083013027089
2030,sc01,11-03 23:00:00+01:00,144.8194035264163
2030,sc01,11-04 00:00:00+01:00,6.679101716144942e-13
2030,sc01,11-04 01:00:00+01:00,1.5205614545266144e-12
2030,sc01,11-04 02:00:00+01:00,4.707345624410664e-12
2030,sc01,11-04 03:00:00+01:00,5.684341886080802e-14
2030,sc01,11-04 04:00:00+01:00,4.508393658397836e-12
2030,sc01,11-04 05:00:00+01:00,-2.9416469260468148e-12
2030,sc01,11-04 06:00:00+01:00,67.953307712582
2030,sc01,11-04 07:00:00+01:00,862.130872175109
2030,sc01,11-04 08:00:00+01:00,1324.4144848646526
2030,sc01,11-04 09:00:00+01:00,340.6286911395483
2030,sc01,11-04 10:00:00+01:00,304.4310699082548
2030,sc01,11-04 11:00:00+01:00,315.7406841204172
2030,sc01,11-04 12:00:00+01:00,332.00212525690984
2030,sc01,11-04 13:00:00+01:00,324.5735005365359
2030,sc01,11-04 14:00:00+01:00,305.15316392023476
2030,sc01,11-04 15:00:00+01:00,307.5373999694509
2030,sc01,11-04 16:00:00+01:00,2477.4192857185158
2030,sc01,11-04 17:00:00+01:00,5045.33785524981
2030,sc01,11-04 18:00:00+01:00,5854.685253765966
2030,sc01,11-04 19:00:00+01:00,5460.613750687071
2030,sc01,11-04 20:00:00+01:00,4608.903866909602
2030,sc01,11-04 21:00:00+01:00,3443.3098101911964
2030,sc01,11-04 22:00:00+01:00,2257.855916790764
2030,sc01,11-04 23:00:00+01:00,1061.9734905414796
2030,sc01,11-05 00:00:00+01:00,503.3627613074684
2030,sc01,11-05 01:00:00+01:00,140.24651108525012
2030,sc01,11-05 02:00:00+01:00,2.3518964553659316e-12
2030,sc01,11-05 03:00:00+01:00,2.6147972675971687e-12
2030,sc01,11-05 04:00:00+01:00,2.2026824808563106e-12
2030,sc01,11-05 05:00:00+01:00,116.15355531622234
2030,sc01,11-05 06:00:00+01:00,1058.649812546024
2030,sc01,11-05 07:00:00+01:00,2124.354671548166
2030,sc01,11-05 08:00:00+01:00,2483.275821860595
2030,sc01,11-05 09:00:00+01:00,459.6731076518249
2030,sc01,11-05 10:00:00+01:00,404.97692241369634
2030,sc01,11-05 11:00:00+01:00,2290.8252015335834
2030,sc01,11-05 12:00:00+01:00,4514.496472654988
2030,sc01,11-05 13:00:00+01:00,4401.322356028276
2030,sc01,11-05 14:00:00+01:00,4478.664915881891
2030,sc01,11-05 15:00:00+01:00,4790.490212923314
2030,sc01,11-05 16:00:00+01:00,5556.177046726198
2030,sc01,11-05 17:00:00+01:00,8296.027939078866
2030,sc01,11-05 18:00:00+01:00,10810.238984543143
2030,sc01,11-05 19:00:00+01:00,10592.095446903884
2030,sc01,11-05 20:00:00+01:00,9773.203913397809
2030,sc01,11-05 21:00:00+01:00,6287.966635290853
2030,sc01,11-05 22:00:00+01:00,2700.7991881679673
2030,sc01,11-05 23:00:00+01:00,1790.8799575969408
2030,sc01,11-06 00:00:00+01:00,1200.3119352917881
2030,sc01,11-06 01:00:00+01:00,756.3223460525189
2030,sc01,11-06 02:00:00+01:00,431.0821624587651
2030,sc01,11-06 03:00:00+01:00,307.11431791602513
2030,sc01,11-06 04:00:00+01:00,336.90160787203615
2030,sc01,11-06 05:00:00+01:00,697.788490290046
2030,sc01,11-06 06:00:00+01:00,1946.4986826171657
2030,sc01,11-06 07:00:00+01:00,3197.0621037239634
2030,sc01,11-06 08:00:00+01:00,3972.220083532333
2030,sc01,11-06 09:00:00+01:00,1505.3083679433048
2030,sc01,11-06 10:00:00+01:00,1044.7054539687956
2030,sc01,11-06 11:00:00+01:00,812.0204260954915
2030,sc01,11-06 12:00:00+01:00,2883.399086394323
2030,sc01,11-06 13:00:00+01:00,2678.62027143446
2030,sc01,11-06 14:00:00+01:00,2932.0951502210596
2030,sc01,11-06 15:00:00+01:00,3570.1971540093837
2030,sc01,11-06 16:00:00+01:00,5220.92325501823
2030,sc01,11-06 17:00:00+01:00,7529.102967070067
2030,sc01,11-06 18:00:00+01:00,9310.322162503351
2030,sc01,11-06 19:00:00+01:00,8959.294078535404
2030,sc01,11-06 20:00:00+01:00,8049.235024964192
2030,sc01,11-06 21:00:00+01:00,6843.98665308778
2030,sc01,11-06 22:00:00+01:00,3301.6927477541763
2030,sc01,11-06 23:00:00+01:00,1983.4946565947607
2030,sc01,11-07 00:00:00+01:00,1234.4600497514657
2030,sc01,11-07 01:00:00+01:00,815.1726965085829
2030,sc01,11-07 02:00:00+01:00,528.9635920820357
2030,sc01,11-07 03:00:00+01:00,388.98551613532726
2030,sc01,11-07 04:00:00+01:00,391.3944085681004
2030,sc01,11-07 05:00:00+01:00,766.3490494124225
2030,sc01,11-07 06:00:00+01:00,2571.736065561274
2030,sc01,11-07 07:00:00+01:00,4655.599612623035
2030,sc01,11-07 08:00:00+01:00,6159.915426785
2030,sc01,11-07 09:00:00+01:00,3592.4185679069997
2030,sc01,11-07 10:00:00+01:00,2871.120470447417
2030,sc01,11-07 11:00:00+01:00,4841.791239886624
2030,sc01,11-07 12:00:00+01:00,6669.60569739787
2030,sc01,11-07 13:00:00+01:00,6283.203266391487
2030,sc01,11-07 14:00:00+01:00,6191.226399356129
2030,sc01,11-07 15:00:00+01:00,6541.3679242638655
2030,sc01,11-07 16:00:00+01:00,7060.531519284486
2030,sc01,11-07 17:00:00+01:00,8735.19253944
2030,sc01,11-07 18:00:00+01:00,10988.257600726
2030,sc01,11-07 19:00:00+01:00,10928.302149528421
2030,sc01,11-07 20:00:00+01:00,9803.034470757937
2030,sc01,11-07 21:00:00+01:00,8634.781977230332
2030,sc01,11-07 22:00:00+01:00,5154.457883359817
2030,sc01,11-07 23:00:00+01:00,3752.8459048355217
2030,sc01,11-08 00:00:00+01:00,2364.298006607934
2030,sc01,11-08 01:00:00+01:00,718.9378733219239
2030,sc01,11-08 02:00:00+01:00,459.2553400422221
2030,sc01,11-08 03:00:00+01:00,321.91830942306524
2030,sc01,11-08 04:00:00+01:00,378.9715993675453
2030,sc01,11-08 05:00:00+01:00,733.7856612362162
2030,sc01,11-08 06:00:00+01:00,2692.6478230588095
2030,sc01,11-08 07:00:00+01:00,7065.795451710168
2030,sc01,11-08 08:00:00+01:00,6976.918347317809
2030,sc01,11-08 09:00:00+01:00,2452.9034998522943
2030,sc01,11-08 10:00:00+01:00,1906.4477750069234
2030,sc01,11-08 11:00:00+01:00,1712.1036237293752
2030,sc01,11-08 12:00:00+01:00,1644.7324062681969
2030,sc01,11-08 13:00:00+01:00,1415.5550735049894
2030,sc01,11-08 14:00:00+01:00,2871.34615741426
2030,sc01,11-08 15:00:00+01:00,2887.200675779669
2030,sc01,11-08 16:00:00+01:00,3543.673863820948
2030,sc01,11-08 17:00:00+01:00,5314.991453760268
2030,sc01,11-08 18:00:00+01:00,8308.644469555686
2030,sc01,11-08 19:00:00+01:00,8222.345912270994
2030,sc01,11-08 20:00:00+01:00,7285.128336460939
2030,sc01,11-08 21:00:00+01:00,6325.033018961198
2030,sc01,11-08 22:00:00+01:00,3081.365208824548
2030,sc01,11-08 23:00:00+01:00,2055.4163270512504
2030,sc01,11-09 00:00:00+01:00,3086.101627440123
2030,sc01,11-09 01:00:00+01:00,1251.8711675467484
2030,sc01,11-09 02:00:00+01:00,673.1720909374009
2030,sc01,11-09 03:00:00+01:00,396.7136080381948
2030,sc01,11-09 04:00:00+01:00,328.87976203821233
2030,sc01,11-09 05:00:00+01:00,340.67384577463355
2030,sc01,11-09 06:00:00+01:00,601.7183935585849
2030,sc01,11-09 07:00:00+01:00,1260.4183398726823
2030,sc01,11-09 08:00:00+01:00,2700.014966405683
2030,sc01,11-09 09:00:00+01:00,559.6494052765304
2030,sc01,11-09 10:00:00+01:00,520.2202605413582
2030,sc01,11-09 11:00:00+01:00,2795.0119018141213
2030,sc01,11-09 12:00:00+01:00,2629.1948742758987
2030,sc01,11-09 13:00:00+01:00,2198.8551700925436
2030,sc01,11-09 14:00:00+01:00,2113.119941785522
2030,sc01,11-09 15:00:00+01:00,2529.7437557674475
2030,sc01,11-09 16:00:00+01:00,4739.707125512144
2030,sc01,11-09 17:00:00+01:00,7466.256282524739
2030,sc01,11-09 18:00:00+01:00,8147.234643058622
2030,sc01,11-09 19:00:00+01:00,7672.344498097917
2030,sc01,11-09 20:00:00+01:00,6654.498476748539
2030,sc01,11-09 21:00:00+01:00,5656.953432318969
2030,sc01,11-09 22:00:00+01:00,4949.731364902628
2030,sc01,11-09 23:00:00+01:00,4065.893614364259
2030,sc01,11-10 00:00:00+01:00,1352.5745404654363
2030,sc01,11-10 01:00:00+01:00,518.6724670148803
2030,sc01,11-10 02:00:00+01:00,242.98654689387786
2030,sc01,11-10 03:00:00+01:00,26.804039183848296
2030,sc01,11-10 04:00:00+01:00,-1.0160761121369433e-12
2030,sc01,11-10 05:00:00+01:00,5.265121671982342e-12
2030,sc01,11-10 06:00:00+01:00,92.39531752408533
2030,sc01,11-10 07:00:00+01:00,159.32850396049068
2030,sc01,11-10 08:00:00+01:00,-8.071765478234738e-12
2030,sc01,11-10 09:00:00+01:00,1.3642420526593924e-12
2030,sc01,11-10 10:00:00+01:00,-4.320099833421409e-12
2030,sc01,11-10 11:00:00+01:00,2.6147972675971687e-12
2030,sc01,11-10 12:00:00+01:00,2.0463630789890885e-12
2030,sc01,11-10 13:00:00+01:00,-1.5916157281026244e-12
2030,sc01,11-10 14:00:00+01:00,8.526512829121202e-12
2030,sc01,11-10 15:00:00+01:00,-2.2737367544323206e-13
2030,sc01,11-10 16:00:00+01:00,2963.709707503
2030,sc01,11-10 17:00:00+01:00,5740.428176297
2030,sc01,11-10 18:00:00+01:00,6799.3653641010005
2030,sc01,11-10 19:00:00+01:00,6871.512058034999
2030,sc01,11-10 20:00:00+01:00,6225.919757939
2030,sc01,11-10 21:00:00+01:00,5316.700315467
2030,sc01,11-10 22:00:00+01:00,4307.324258027
2030,sc01,11-10 23:00:00+01:00,2989.936925249999
2030,sc01,11-11 00:00:00+01:00,2027.4999947460005
2030,sc01,11-11 01:00:00+01:00,1584.3629175360004
2030,sc01,11-11 02:00:00+01:00,105.20700330371788
2030,sc01,11-11 03:00:00+01:00,5.9969806898152456e-12
2030,sc01,11-11 04:00:00+01:00,-1.2789769243681803e-12
2030,sc01,11-11 05:00:00+01:00,256.3812429258552
2030,sc01,11-11 06:00:00+01:00,1735.6338876604493
2030,sc01,11-11 07:00:00+01:00,4570.973947205
2030,sc01,11-11 08:00:00+01:00,5470.374711392
2030,sc01,11-11 09:00:00+01:00,4546.461395868
2030,sc01,11-11 10:00:00+01:00,3384.064819584
2030,sc01,11-11 11:00:00+01:00,3622.113961049001
2030,sc01,11-11 12:00:00+01:00,3005.114715441277
2030,sc01,11-11 13:00:00+01:00,2501.955893862612
2030,sc01,11-11 14:00:00+01:00,2171.058087584837
2030,sc01,11-11 15:00:00+01:00,1880.6687715355754
2030,sc01,11-11 16:00:00+01:00,2980.6418121762013
2030,sc01,11-11 17:00:00+01:00,7625.6577847583985
2030,sc01,11-11 18:00:00+01:00,8646.005383367457
2030,sc01,11-11 19:00:00+01:00,7678.224625713543
2030,sc01,11-11 20:00:00+01:00,6591.489219456086
2030,sc01,11-11 21:00:00+01:00,5397.505732743528
2030,sc01,11-11 22:00:00+01:00,1846.2589001304577
2030,sc01,11-11 23:00:00+01:00,1169.9322033830472
2030,sc01,11-12 00:00:00+01:00,569.6884527566724
2030,sc01,11-12 01:00:00+01:00,191.0189465725835
2030,sc01,11-12 02:00:00+01:00,1.4381384971784428e-11
2030,sc01,11-12 03:00:00+01:00,1.9895196601282805e-13
2030,sc01,11-12 04:00:00+01:00,7.105427357601002e-13
2030,sc01,11-12 05:00:00+01:00,50.91123896047027
2030,sc01,11-12 06:00:00+01:00,788.7149431017069
2030,sc01,11-12 07:00:00+01:00,3745.0281984932903
2030,sc01,11-12 08:00:00+01:00,3821.8440215716396
2030,sc01,11-12 09:00:00+01:00,375.151841628889
2030,sc01,11-12 10:00:00+01:00,343.5019875722411
2030,sc01,11-12 11:00:00+01:00,331.773229599139
2030,sc01,11-12 12:00:00+01:00,320.3921330873775
2030,sc01,11-12 13:00:00+01:00,320.6456166983824
2030,sc01,11-12 14:00:00+01:00,346.2698070360563
2030,sc01,11-12 15:00:00+01:00,416.66931800996906
2030,sc01,11-12 16:00:00+01:00,1093.8186244970716
2030,sc01,11-12 17:00:00+01:00,6070.8569581527945
2030,sc01,11-12 18:00:00+01:00,8246.205276302546
2030,sc01,11-12 19:00:00+01:00,8266.48760813619
2030,sc01,11-12 20:00:00+01:00,7547.979516021454
2030,sc01,11-12 21:00:00+01:00,6232.455004311517
2030,sc01,11-12 22:00:00+01:00,5326.87270018831
2030,sc01,11-12 23:00:00+01:00,1587.2778466281045
2030,sc01,11-13 00:00:00+01:00,973.6428881490151
2030,sc01,11-13 01:00:00+01:00,575.9804995405866
2030,sc01,11-13 02:00:00+01:00,380.22999024341965
2030,sc01,11-13 03:00:00+01:00,188.6909590971792
2030,sc01,11-13 04:00:00+01:00,176.53622104610156
2030,sc01,11-13 05:00:00+01:00,457.2596537057657
2030,sc01,11-13 06:00:00+01:00,1317.5092619953164
2030,sc01,11-13 07:00:00+01:00,3649.82831084315
2030,sc01,11-13 08:00:00+01:00,5731.674201112061
2030,sc01,11-13 09:00:00+01:00,3663.3001683788243
2030,sc01,11-13 10:00:00+01:00,1834.352183480479
2030,sc01,11-13 11:00:00+01:00,1698.0745509554383
2030,sc01,11-13 12:00:00+01:00,4127.674002506973
2030,sc01,11-13 13:00:00+01:00,4011.811148284206
2030,sc01,11-13 14:00:00+01:00,4014.467728932106
2030,sc01,11-13 15:00:00+01:00,4243.83805046503
2030,sc01,11-13 16:00:00+01:00,5004.116468258687
2030,sc01,11-13 17:00:00+01:00,7989.094557754319
2030,sc01,11-13 18:00:00+01:00,9813.127131424
2030,sc01,11-13 19:00:00+01:00,9815.597913362417
2030,sc01,11-13 20:00:00+01:00,9069.721297613889
2030,sc01,11-13 21:00:00+01:00,8044.746483773611
2030,sc01,11-13 22:00:00+01:00,6770.785329499887
2030,sc01,11-13 23:00:00+01:00,5539.207416086251
2030,sc01,11-14 00:00:00+01:00,4478.994256238232
2030,sc01,11-14 01:00:00+01:00,1797.953690745603
2030,sc01,11-14 02:00:00+01:00,817.9233356945052
2030,sc01,11-14 03:00:00+01:00,660.8811284379751
2030,sc01,11-14 04:00:00+01:00,661.9172229988714
2030,sc01,11-14 05:00:00+01:00,974.2146236968414
2030,sc01,11-14 06:00:00+01:00,3339.5903505399115
2030,sc01,11-14 07:00:00+01:00,5112.700756202484
2030,sc01,11-14 08:00:00+01:00,6146.3424397400295
2030,sc01,11-14 09:00:00+01:00,7420.475608666719
2030,sc01,11-14 10:00:00+01:00,6310.502735002625
2030,sc01,11-14 11:00:00+01:00,4601.170278080054
2030,sc01,11-14 12:00:00+01:00,4182.112953907552
2030,sc01,11-14 13:00:00+01:00,4323.774722688112
2030,sc01,11-14 14:00:00+01:00,4914.553659402338
2030,sc01,11-14 15:00:00+01:00,5462.039091342472
2030,sc01,11-14 16:00:00+01:00,6581.620214214
2030,sc01,11-14 17:00:00+01:00,9404.280513175001
2030,sc01,11-14 18:00:00+01:00,10173.540705866948
2030,sc01,11-14 19:00:00+01:00,9548.989800821986
2030,sc01,11-14 20:00:00+01:00,8109.167090149129
2030,sc01,11-14 21:00:00+01:00,6700.638393324557
2030,sc01,11-14 22:00:00+01:00,5243.4644428549045
2030,sc01,11-14 23:00:00+01:00,3299.46589166505
2030,sc01,11-15 00:00:00+01:00,1460.8437655658015
2030,sc01,11-15 01:00:00+01:00,668.3504437280109
2030,sc01,11-15 02:00:00+01:00,301.47328103712886
2030,sc01,11-15 03:00:00+01:00,116.12335482911779
2030,sc01,11-15 04:00:00+01:00,89.52157207701572
2030,sc01,11-15 05:00:00+01:00,348.27650056644364
2030,sc01,11-15 06:00:00+01:00,1603.4993209053982
2030,sc01,11-15 07:00:00+01:00,3672.580992219412
2030,sc01,11-15 08:00:00+01:00,4123.6560906575305
2030,sc01,11-15 09:00:00+01:00,1200.8374493636782
2030,sc01,11-15 10:00:00+01:00,478.98304151927186
2030,sc01,11-15 11:00:00+01:00,524.6966973924177
2030,sc01,11-15 12:00:00+01:00,469.58419515917706
2030,sc01,11-15 13:00:00+01:00,350.3847443046467
2030,sc01,11-15 14:00:00+01:00,2183.8536597819675
2030,sc01,11-15 15:00:00+01:00,2559.8549551668407
2030,sc01,11-15 16:00:00+01:00,3958.4346824422637
2030,sc01,11-15 17:00:00+01:00,7187.957913090931
2030,sc01,11-15 18:00:00+01:00,8975.9396583433
2030,sc01,11-15 19:00:00+01:00,8625.226897376075
2030,sc01,11-15 20:00:00+01:00,7858.045868247396
2030,sc01,11-15 21:00:00+01:00,7033.668529237932
2030,sc01,11-15 22:00:00+01:00,6045.520676896434
2030,sc01,11-15 23:00:00+01:00,4814.749768268892
2030,sc01,11-16 00:00:00+01:00,3661.245646625541
2030,sc01,11-16 01:00:00+01:00,3128.829901044889
2030,sc01,11-16 02:00:00+01:00,556.3216341532726
2030,sc01,11-16 03:00:00+01:00,316.78505996005845
2030,sc01,11-16 04:00:00+01:00,259.9568339566177
2030,sc01,11-16 05:00:00+01:00,286.0353588171588
2030,sc01,11-16 06:00:00+01:00,532.641069231967
2030,sc01,11-16 07:00:00+01:00,870.3072065717454
2030,sc01,11-16 08:00:00+01:00,1488.4421774689413
2030,sc01,11-16 09:00:00+01:00,7.389644451905042e-12
2030,sc01,11-16 10:00:00+01:00,-7.275957614183426e-12
2030,sc01,11-16 11:00:00+01:00,-4.092726157978177e-12
2030,sc01,11-16 12:00:00+01:00,-6.302514066192089e-12
2030,sc01,11-16 13:00:00+01:00,-2.3874235921539366e-12
2030,sc01,11-16 14:00:00+01:00,2.8421709430404007e-13
2030,sc01,11-16 15:00:00+01:00,4.376943252282217e-12
2030,sc01,11-16 16:00:00+01:00,91.95409558025744
2030,sc01,11-16 17:00:00+01:00,1256.9783415635472
2030,sc01,11-16 18:00:00+01:00,3899.777340525309
2030,sc01,11-16 19:00:00+01:00,3576.8186053356867
2030,sc01,11-16 20:00:00+01:00,2927.302325121697
2030,sc01,11-16 21:00:00+01:00,2056.100809368893
2030,sc01,11-16 22:00:00+01:00,1569.0321528979964
2030,sc01,11-16 23:00:00+01:00,1192.2994314458838
2030,sc01,11-17 00:00:00+01:00,720.6245959355442
2030,sc01,11-17 01:00:00+01:00,270.4130608613569
2030,sc01,11-17 02:00:00+01:00,1.581668129801983e-11
2030,sc01,11-17 03:00:00+01:00,-3.979039320256561e-13
2030,sc01,11-17 04:00:00+01:00,2.4726887204451486e-12
2030,sc01,11-17 05:00:00+01:00,2.2311041902867146e-12
2030,sc01,11-17 06:00:00+01:00,-2.2595258997171186e-12
2030,sc01,11-17 07:00:00+01:00,44.09195270895607
2030,sc01,11-17 08:00:00+01:00,-1.0089706847793423e-12
2030,sc01,11-17 09:00:00+01:00,-1.7053025658242404e-12
2030,sc01,11-17 10:00:00+01:00,-6.821210263296962e-13
2030,sc01,11-17 11:00:00+01:00,-2.9558577807620168e-12
2030,sc01,11-17 12:00:00+01:00,1.8189894035458565e-12
2030,sc01,11-17 13:00:00+01:00,7.958078640513122e-13
2030,sc01,11-17 14:00:00+01:00,0.0
2030,sc01,11-17 15:00:00+01:00,-1.1937117960769683e-12
2030,sc01,11-17 16:00:00+01:00,3960.794829692978
2030,sc01,11-17 17:00:00+01:00,5738.708439775428
2030,sc01,11-17 18:00:00+01:00,6835.547736523385
2030,sc01,11-17 19:00:00+01:00,6574.808505218237
2030,sc01,11-17 20:00:00+01:00,5881.468753704032
2030,sc01,11-17 21:00:00+01:00,5276.575444223764
2030,sc01,11-17 22:00:00+01:00,4690.4351211469975
2030,sc01,11-17 23:00:00+01:00,1358.6225204648174
2030,sc01,11-18 00:00:00+01:00,823.2922568750354
2030,sc01,11-18 01:00:00+01:00,450.7028976803026
2030,sc01,11-18 02:00:00+01:00,167.59703082655503
2030,sc01,11-18 03:00:00+01:00,16.996105544641836
2030,sc01,11-18 04:00:00+01:00,41.2666747140312
2030,sc01,11-18 05:00:00+01:00,348.7146827386651
2030,sc01,11-18 06:00:00+01:00,2903.035388351457
2030,sc01,11-18 07:00:00+01:00,5024.776982932633
2030,sc01,11-18 08:00:00+01:00,5839.470544259819
2030,sc01,11-18 09:00:00+01:00,2838.323325789841
2030,sc01,11-18 10:00:00+01:00,1954.0917651363156
2030,sc01,11-18 11:00:00+01:00,1606.627503371008
2030,sc01,11-18 12:00:00+01:00,1235.9141629200649
2030,sc01,11-18 13:00:00+01:00,960.7866822468567
2030,sc01,11-18 14:00:00+01:00,763.4576225482305
2030,sc01,11-18 15:00:00+01:00,1005.4021184374938
2030,sc01,11-18 16:00:00+01:00,2062.0739408766626
2030,sc01,11-18 17:00:00+01:00,4850.4358560660485
2030,sc01,11-18 18:00:00+01:00,6965.65331663062
2030,sc01,11-18 19:00:00+01:00,6485.615577644038
2030,sc01,11-18 20:00:00+01:00,5588.609352764015
2030,sc01,11-18 21:00:00+01:00,4207.760949861884
2030,sc01,11-18 22:00:00+01:00,2709.995123781698
2030,sc01,11-18 23:00:00+01:00,1581.254939009862
2030,sc01,11-19 00:00:00+01:00,951.4656076107532
2030,sc01,11-19 01:00:00+01:00,480.7565644903101
2030,sc01,11-19 02:00:00+01:00,216.86131908515273
2030,sc01,11-19 03:00:00+01:00,58.28398613723991
2030,sc01,11-19 04:00:00+01:00,74.59897621053796
2030,sc01,11-19 05:00:00+01:00,337.93524938694065
2030,sc01,11-19 06:00:00+01:00,2841.4651441544015
2030,sc01,11-19 07:00:00+01:00,5643.946373326118
2030,sc01,11-19 08:00:00+01:00,6630.493774162465
2030,sc01,11-19 09:00:00+01:00,4744.953221626319
2030,sc01,11-19 10:00:00+01:00,3334.1403959269355
2030,sc01,11-19 11:00:00+01:00,2846.904149538258
2030,sc01,11-19 12:00:00+01:00,2478.542449747567
2030,sc01,11-19 13:00:00+01:00,2309.962978216162
2030,sc01,11-19 14:00:00+01:00,2364.2589060181926
2030,sc01,11-19 15:00:00+01:00,5028.776693335401
2030,sc01,11-19 16:00:00+01:00,7579.528979929708
2030,sc01,11-19 17:00:00+01:00,10376.78155939529
2030,sc01,11-19 18:00:00+01:00,11200.27060707289
2030,sc01,11-19 19:00:00+01:00,11038.33841362833
2030,sc01,11-19 20:00:00+01:00,10241.71068933812
2030,sc01,11-19 21:00:00+01:00,9107.388597590556
2030,sc01,11-19 22:00:00+01:00,5381.925239927061
2030,sc01,11-19 23:00:00+01:00,4190.398772984054
2030,sc01,11-20 00:00:00+01:00,2842.690365499439
2030,sc01,11-20 01:00:00+01:00,1196.020298055173
2030,sc01,11-20 02:00:00+01:00,883.7690478892396
2030,sc01,11-20 03:00:00+01:00,752.0348247439929
2030,sc01,11-20 04:00:00+01:00,769.7112632813848
2030,sc01,11-20 05:00:00+01:00,1111.976272803722
2030,sc01,11-20 06:00:00+01:00,3084.4865906504137
2030,sc01,11-20 07:00:00+01:00,5632.628062660619
2030,sc01,11-20 08:00:00+01:00,8729.402833965334
2030,sc01,11-20 09:00:00+01:00,5138.476396854312
2030,sc01,11-20 10:00:00+01:00,4663.407116582518
2030,sc01,11-20 11:00:00+01:00,4139.635325790113
2030,sc01,11-20 12:00:00+01:00,4031.395978123169
2030,sc01,11-20 13:00:00+01:00,3599.6894404169902
2030,sc01,11-20 14:00:00+01:00,3590.263508573309
2030,sc01,11-20 15:00:00+01:00,4893.949151432729
2030,sc01,11-20 16:00:00+01:00,6953.143883526109
2030,sc01,11-20 17:00:00+01:00,8783.203941166184
2030,sc01,11-20 18:00:00+01:00,9125.71301497889
2030,sc01,11-20 19:00:00+01:00,8678.59522098927
2030,sc01,11-20 20:00:00+01:00,7598.842596845785
2030,sc01,11-20 21:00:00+01:00,6357.1917638582145
2030,sc01,11-20 22:00:00+01:00,3015.7410170410253
2030,sc01,11-20 23:00:00+01:00,2301.063552961719
2030,sc01,11-21 00:00:00+01:00,1676.42860063855
2030,sc01,11-21 01:00:00+01:00,1110.2981584338431
2030,sc01,11-21 02:00:00+01:00,761.7572566227125
2030,sc01,11-21 03:00:00+01:00,552.7669582272991
2030,sc01,11-21 04:00:00+01:00,534.186788012137
2030,sc01,11-21 05:00:00+01:00,818.0726238790648
2030,sc01,11-21 06:00:00+01:00,2080.6006644657
2030,sc01,11-21 07:00:00+01:00,8555.151183152817
2030,sc01,11-21 08:00:00+01:00,9514.287814858077
2030,sc01,11-21 09:00:00+01:00,8850.598677484515
2030,sc01,11-21 10:00:00+01:00,7251.036374767912
2030,sc01,11-21 11:00:00+01:00,5558.197918837078
2030,sc01,11-21 12:00:00+01:00,4563.07821779806
2030,sc01,11-21 13:00:00+01:00,4413.697978435988
2030,sc01,11-21 14:00:00+01:00,4134.702910759994
2030,sc01,11-21 15:00:00+01:00,4413.685332062922
2030,sc01,11-21 16:00:00+01:00,6643.476525767811
2030,sc01,11-21 17:00:00+01:00,9050.09589786443
2030,sc01,11-21 18:00:00+01:00,9694.32286406471
2030,sc01,11-21 19:00:00+01:00,9475.636993325987
2030,sc01,11-21 20:00:00+01:00,6386.211097294368
2030,sc01,11-21 21:00:00+01:00,5341.075550490143
2030,sc01,11-21 22:00:00+01:00,2632.5832319007673
2030,sc01,11-21 23:00:00+01:00,1838.1889140661185
2030,sc01,11-22 00:00:00+01:00,1113.4135005387916
2030,sc01,11-22 01:00:00+01:00,639.525990278314
2030,sc01,11-22 02:00:00+01:00,317.8560399596857
2030,sc01,11-22 03:00:00+01:00,163.888449630794
2030,sc01,11-22 04:00:00+01:00,130.90538860893668
2030,sc01,11-22 05:00:00+01:00,395.20603541823857
2030,sc01,11-22 06:00:00+01:00,1658.1989876860523
2030,sc01,11-22 07:00:00+01:00,5255.262962308171
2030,sc01,11-22 08:00:00+01:00,6176.423974474918
2030,sc01,11-22 09:00:00+01:00,6080.746161771536
2030,sc01,11-22 10:00:00+01:00,5021.361565481198
2030,sc01,11-22 11:00:00+01:00,4194.282900602467
2030,sc01,11-22 12:00:00+01:00,3323.0392179470396
2030,sc01,11-22 13:00:00+01:00,2572.3980475491912
2030,sc01,11-22 14:00:00+01:00,2188.3224202367833
2030,sc01,11-22 15:00:00+01:00,2677.9100979984837
2030,sc01,11-22 16:00:00+01:00,4120.525209936966
2030,sc01,11-22 17:00:00+01:00,5938.042304112093
2030,sc01,11-22 18:00:00+01:00,6465.890657229794
2030,sc01,11-22 19:00:00+01:00,5609.905309752331
2030,sc01,11-22 20:00:00+01:00,4653.320341685396
2030,sc01,11-22 21:00:00+01:00,3423.9524228298224
2030,sc01,11-22 22:00:00+01:00,2363.708044238957
2030,sc01,11-22 23:00:00+01:00,1333.4346820385902
2030,sc01,11-23 00:00:00+01:00,724.1668709194237
2030,sc01,11-23 01:00:00+01:00,319.54813524751927
2030,sc01,11-23 02:00:00+01:00,126.2937219700898
2030,sc01,11-23 03:00:00+01:00,1.8104628907167353e-11
2030,sc01,11-23 04:00:00+01:00,3.666400516522117e-12
2030,sc01,11-23 05:00:00+01:00,3.652189661806915e-12
2030,sc01,11-23 06:00:00+01:00,5.7553961596568115e-12
2030,sc01,11-23 07:00:00+01:00,121.33098960494314
2030,sc01,11-23 08:00:00+01:00,2026.1245068898177
2030,sc01,11-23 09:00:00+01:00,190.36775562946218
2030,sc01,11-23 10:00:00+01:00,163.05844817194475
2030,sc01,11-23 11:00:00+01:00,181.31254678581308
2030,sc01,11-23 12:00:00+01:00,161.551868797579
2030,sc01,11-23 13:00:00+01:00,124.56307517806067
2030,sc01,11-23 14:00:00+01:00,87.67689250834678
2030,sc01,11-23 15:00:00+01:00,139.3377013413956
2030,sc01,11-23 16:00:00+01:00,334.96535362777445
2030,sc01,11-23 17:00:00+01:00,3204.782807257088
2030,sc01,11-23 18:00:00+01:00,4921.2253815643
2030,sc01,11-23 19:00:00+01:00,4737.378165283554
2030,sc01,11-23 20:00:00+01:00,4113.417804347643
2030,sc01,11-23 21:00:00+01:00,3321.788246083086
2030,sc01,11-23 22:00:00+01:00,1183.0949723976232
2030,sc01,11-23 23:00:00+01:00,810.6277985372819
2030,sc01,11-24 00:00:00+01:00,363.79539690370746
2030,sc01,11-24 01:00:00+01:00,15.282061425831941
2030,sc01,11-24 02:00:00+01:00,1.2647660696529783e-12
2030,sc01,11-24 03:00:00+01:00,-1.0516032489249483e-12
2030,sc01,11-24 04:00:00+01:00,1.0231815394945443e-12
2030,sc01,11-24 05:00:00+01:00,-1.1937117960769683e-12
2030,sc01,11-24 06:00:00+01:00,2.2453150450019166e-12
2030,sc01,11-24 07:00:00+01:00,1.6058265828178264e-12
2030,sc01,11-24 08:00:00+01:00,1.9610979506978765e-12
2030,sc01,11-24 09:00:00+01:00,7.673861546209082e-13
2030,sc01,11-24 10:00:00+01:00,1.3642420526593924e-12
2030,sc01,11-24 11:00:00+01:00,3.410605131648481e-13
2030,sc01,11-24 12:00:00+01:00,-1.5916157281026244e-12
2030,sc01,11-24 13:00:00+01:00,-4.547473508864641e-13
2030,sc01,11-24 14:00:00+01:00,388.9350926991001
2030,sc01,11-24 15:00:00+01:00,626.1075116615332
2030,sc01,11-24 16:00:00+01:00,2220.537803340009
2030,sc01,11-24 17:00:00+01:00,5295.3884627226835
2030,sc01,11-24 18:00:00+01:00,6409.599371600984
2030,sc01,11-24 19:00:00+01:00,6567.839676204957
2030,sc01,11-24 20:00:00+01:00,6045.402441052222
2030,sc01,11-24 21:00:00+01:00,5611.583093882004
2030,sc01,11-24 22:00:00+01:00,3023.736166891905
2030,sc01,11-24 23:00:00+01:00,1961.6379913398869
2030,sc01,11-25 00:00:00+01:00,663.9431645616638
2030,sc01,11-25 01:00:00+01:00,318.276034283154
2030,sc01,11-25 02:00:00+01:00,136.81996340725075
2030,sc01,11-25 03:00:00+01:00,4.938841311742948
2030,sc01,11-25 04:00:00+01:00,28.98950186813842
2030,sc01,11-25 05:00:00+01:00,373.9669407470143
2030,sc01,11-25 06:00:00+01:00,1712.1336472727976
2030,sc01,11-25 07:00:00+01:00,4820.686740681213
2030,sc01,11-25 08:00:00+01:00,8189.2927811533455
2030,sc01,11-25 09:00:00+01:00,7336.541226923499
2030,sc01,11-25 10:00:00+01:00,5489.7172832452015
2030,sc01,11-25 11:00:00+01:00,4300.181431855414
2030,sc01,11-25 12:00:00+01:00,4305.631539956137
2030,sc01,11-25 13:00:00+01:00,4396.907431940317
2030,sc01,11-25 14:00:00+01:00,4620.953384726291
2030,sc01,11-25 15:00:00+01:00,5478.156600279819
2030,sc01,11-25 16:00:00+01:00,7743.805843392676
2030,sc01,11-25 17:00:00+01:00,10168.691827376013
2030,sc01,11-25 18:00:00+01:00,10629.538947581303
2030,sc01,11-25 19:00:00+01:00,10185.780035263255
2030,sc01,11-25 20:00:00+01:00,9217.84835466036
2030,sc01,11-25 21:00:00+01:00,7665.972652067392
2030,sc01,11-25 22:00:00+01:00,6422.78199182176
2030,sc01,11-25 23:00:00+01:00,5025.6960509508535
2030,sc01,11-26 00:00:00+01:00,1590.745018429677
2030,sc01,11-26 01:00:00+01:00,1115.7382578883291
2030,sc01,11-26 02:00:00+01:00,718.6104287816019
2030,sc01,11-26 03:00:00+01:00,574.5438915524387
2030,sc01,11-26 04:00:00+01:00,570.808337860429
2030,sc01,11-26 05:00:00+01:00,934.598608173774
2030,sc01,11-26 06:00:00+01:00,4084.5875573959256
2030,sc01,11-26 07:00:00+01:00,8689.102261470101
2030,sc01,11-26 08:00:00+01:00,9688.319996882488
2030,sc01,11-26 09:00:00+01:00,8656.914076104897
2030,sc01,11-26 10:00:00+01:00,6317.566761035974
2030,sc01,11-26 11:00:00+01:00,5418.033821034476
2030,sc01,11-26 12:00:00+01:00,7831.982230448181
2030,sc01,11-26 13:00:00+01:00,7550.823261717338
2030,sc01,11-26 14:00:00+01:00,7471.824682442481
2030,sc01,11-26 15:00:00+01:00,8491.12919371536
2030,sc01,11-26 16:00:00+01:00,10632.92589658171
2030,sc01,11-26 17:00:00+01:00,12119.104375028786
2030,sc01,11-26 18:00:00+01:00,12479.011434954693
2030,sc01,11-26 19:00:00+01:00,11637.488695159836
2030,sc01,11-26 20:00:00+01:00,10341.528116644718
2030,sc01,11-26 21:00:00+01:00,8539.668577725883
2030,sc01,11-26 22:00:00+01:00,4932.760226052885
2030,sc01,11-26 23:00:00+01:00,3079.612950728235
2030,sc01,11-27 00:00:00+01:00,1630.231296333422
2030,sc01,11-27 01:00:00+01:00,524.5329659875797
2030,sc01,11-27 02:00:00+01:00,160.57031813002516
2030,sc01,11-27 03:00:00+01:00,4.419575816427823e-12
2030,sc01,11-27 04:00:00+01:00,-1.693933882052079e-11
2030,sc01,11-27 05:00:00+01:00,93.64574669944476
2030,sc01,11-27 06:00:00+01:00,1370.7194038558703
2030,sc01,11-27 07:00:00+01:00,5365.790273373095
2030,sc01,11-27 08:00:00+01:00,6095.112976448423
2030,sc01,11-27 09:00:00+01:00,4533.0808271004125
2030,sc01,11-27 10:00:00+01:00,1987.8229997460812
2030,sc01,11-27 11:00:00+01:00,1578.2496464420333
2030,sc01,11-27 12:00:00+01:00,1419.082694200848
2030,sc01,11-27 13:00:00+01:00,1340.2762526171246
2030,sc01,11-27 14:00:00+01:00,1135.417742237286
2030,sc01,11-27 15:00:00+01:00,1282.378768511478
2030,sc01,11-27 16:00:00+01:00,3227.8684469761974
2030,sc01,11-27 17:00:00+01:00,6053.664280110912
2030,sc01,11-27 18:00:00+01:00,6712.449089543024
2030,sc01,11-27 19:00:00+01:00,6520.611848466797
2030,sc01,11-27 20:00:00+01:00,5227.912783491869
2030,sc01,11-27 21:00:00+01:00,3769.4677644182702
2030,sc01,11-27 22:00:00+01:00,2579.2272527295586
2030,sc01,11-27 23:00:00+01:00,1581.2664541142594
2030,sc01,11-28 00:00:00+01:00,832.2790912751768
2030,sc01,11-28 01:00:00+01:00,366.4458643775724
2030,sc01,11-28 02:00:00+01:00,83.66819482715233
2030,sc01,11-28 03:00:00+01:00,2.1174173525650986e-12
2030,sc01,11-28 04:00:00+01:00,1.5631940186722204e-13
2030,sc01,11-28 05:00:00+01:00,158.92074494951103
2030,sc01,11-28 06:00:00+01:00,2456.727433662129
2030,sc01,11-28 07:00:00+01:00,4372.771291960951
2030,sc01,11-28 08:00:00+01:00,5138.965263679215
2030,sc01,11-28 09:00:00+01:00,3886.2896282046263
2030,sc01,11-28 10:00:00+01:00,1316.6179392560657
2030,sc01,11-28 11:00:00+01:00,947.2079918580062
2030,sc01,11-28 12:00:00+01:00,527.3671162868527
2030,sc01,11-28 13:00:00+01:00,464.6725078924576
2030,sc01,11-28 14:00:00+01:00,2682.618819495901
2030,sc01,11-28 15:00:00+01:00,3302.45708267817
2030,sc01,11-28 16:00:00+01:00,5446.385510833078
2030,sc01,11-28 17:00:00+01:00,7458.899647173131
2030,sc01,11-28 18:00:00+01:00,7636.673685759561
2030,sc01,11-28 19:00:00+01:00,7212.8105065297395
2030,sc01,11-28 20:00:00+01:00,6251.35949524664
2030,sc01,11-28 21:00:00+01:00,5248.635169597674
2030,sc01,11-28 22:00:00+01:00,2011.947505617562
2030,sc01,11-28 23:00:00+01:00,1323.0536971613465
2030,sc01,11-29 00:00:00+01:00,709.6781319356313
2030,sc01,11-29 01:00:00+01:00,283.7789602761577
2030,sc01,11-29 02:00:00+01:00,6.679101716144942e-13
2030,sc01,11-29 03:00:00+01:00,-5.684341886080801e-13
2030,sc01,11-29 04:00:00+01:00,2.1600499167107046e-12
2030,sc01,11-29 05:00:00+01:00,-3.069544618483633e-12
2030,sc01,11-29 06:00:00+01:00,596.1868069671765
2030,sc01,11-29 07:00:00+01:00,2608.4183418643347
2030,sc01,11-29 08:00:00+01:00,3469.8022254528037
2030,sc01,11-29 09:00:00+01:00,2173.0203498456585
2030,sc01,11-29 10:00:00+01:00,356.4624550727592
2030,sc01,11-29 11:00:00+01:00,330.3355279119028
2030,sc01,11-29 12:00:00+01:00,294.3266755257581
2030,sc01,11-29 13:00:00+01:00,253.93952417488288
2030,sc01,11-29 14:00:00+01:00,290.01767023706407
2030,sc01,11-29 15:00:00+01:00,334.0203129476798
2030,sc01,11-29 16:00:00+01:00,1541.4390378668163
2030,sc01,11-29 17:00:00+01:00,4111.4263575477335
2030,sc01,11-29 18:00:00+01:00,4992.869536419765
2030,sc01,11-29 19:00:00+01:00,4826.330604534691
2030,sc01,11-29 20:00:00+01:00,4429.75025365844
2030,sc01,11-29 21:00:00+01:00,3558.877918469034
2030,sc01,11-29 22:00:00+01:00,2528.9212356379053
2030,sc01,11-29 23:00:00+01:00,1442.473794667039
2030,sc01,11-30 00:00:00+01:00,813.9513887080091
2030,sc01,11-30 01:00:00+01:00,382.26593811937414
2030,sc01,11-30 02:00:00+01:00,79.65008758620937
2030,sc01,11-30 03:00:00+01:00,-5.826450433232822e-13
2030,sc01,11-30 04:00:00+01:00,-2.3590018827235326e-12
2030,sc01,11-30 05:00:00+01:00,-1.9184653865522705e-12
2030,sc01,11-30 06:00:00+01:00,36.171579808391044
2030,sc01,11-30 07:00:00+01:00,753.0890197575189
2030,sc01,11-30 08:00:00+01:00,1697.662220293981
2030,sc01,11-30 09:00:00+01:00,1237.1197334424578
2030,sc01,11-30 10:00:00+01:00,235.5326587857512
2030,sc01,11-30 11:00:00+01:00,107.4081241174107
2030,sc01,11-30 12:00:00+01:00,64.82820921921632
2030,sc01,11-30 13:00:00+01:00,1133.7322226811284
2030,sc01,11-30 14:00:00+01:00,1104.9400586594452
2030,sc01,11-30 15:00:00+01:00,1920.2854007335995
2030,sc01,11-30 16:00:00+01:00,3698.9163199516915
2030,sc01,11-30 17:00:00+01:00,6358.27780413851
2030,sc01,11-30 18:00:00+01:00,7021.025806901098
2030,sc01,11-30 19:00:00+01:00,6765.283339932789
2030,sc01,11-30 20:00:00+01:00,6077.481325160647
2030,sc01,11-30 21:00:00+01:00,5391.056204344742
2030,sc01,11-30 22:00:00+01:00,2567.274897995637
2030,sc01,11-30 23:00:00+01:00,1604.975982536534
2030,sc01,12-01 00:00:00+01:00,786.0396810063125
2030,sc01,12-01 01:00:00+01:00,236.96247600437434
2030,sc01,12-01 02:00:00+01:00,-6.110667527536862e-12
2030,sc01,12-01 03:00:00+01:00,-1.3073986337985843e-12
2030,sc01,12-01 04:00:00+01:00,-1.1368683772161603e-13
2030,sc01,12-01 05:00:00+01:00,-7.176481631177012e-13
2030,sc01,12-01 06:00:00+01:00,8.526512829121202e-13
2030,sc01,12-01 07:00:00+01:00,608.9345072209511
2030,sc01,12-01 08:00:00+01:00,1241.1799506389996
2030,sc01,12-01 09:00:00+01:00,767.0530133969999
2030,sc01,12-01 10:00:00+01:00,2.78668743354433
2030,sc01,12-01 11:00:00+01:00,-1.8189894035458565e-12
2030,sc01,12-01 12:00:00+01:00,-3.410605131648481e-13
2030,sc01,12-01 13:00:00+01:00,1.0800249583553523e-12
2030,sc01,12-01 14:00:00+01:00,-2.4158453015843406e-12
2030,sc01,12-01 15:00:00+01:00,-4.661160346586257e-12
2030,sc01,12-01 16:00:00+01:00,588.2143987193701
2030,sc01,12-01 17:00:00+01:00,5273.714697307212
2030,sc01,12-01 18:00:00+01:00,6294.747389757495
2030,sc01,12-01 19:00:00+01:00,6296.840584595043
2030,sc01,12-01 20:00:00+01:00,6232.510332900261
2030,sc01,12-01 21:00:00+01:00,5440.297834736644
2030,sc01,12-01 22:00:00+01:00,4641.379949153678
2030,sc01,12-01 23:00:00+01:00,1379.8069484350062
2030,sc01,12-02 00:00:00+01:00,690.9672936853104
2030,sc01,12-02 01:00:00+01:00,230.94796223132607
2030,sc01,12-02 02:00:00+01:00,-1.3784529073745944e-12
2030,sc01,12-02 03:00:00+01:00,-2.2737367544323206e-13
2030,sc01,12-02 04:00:00+01:00,1.5916157281026244e-12
2030,sc01,12-02 05:00:00+01:00,192.3270438905452
2030,sc01,12-02 06:00:00+01:00,1400.7586755618418
2030,sc01,12-02 07:00:00+01:00,3996.552264558717
2030,sc01,12-02 08:00:00+01:00,5026.741736223667
2030,sc01,12-02 09:00:00+01:00,5998.9621392974
2030,sc01,12-02 10:00:00+01:00,3240.7883228599135
2030,sc01,12-02 11:00:00+01:00,2759.5369911475113
2030,sc01,12-02 12:00:00+01:00,2558.2282953896947
2030,sc01,12-02 13:00:00+01:00,2667.9402583985807
2030,sc01,12-02 14:00:00+01:00,2884.406370571962
2030,sc01,12-02 15:00:00+01:00,3637.570549248803
2030,sc01,12-02 16:00:00+01:00,5741.596128593018
2030,sc01,12-02 17:00:00+01:00,8651.165306695148
2030,sc01,12-02 18:00:00+01:00,9602.368641471343
2030,sc01,12-02 19:00:00+01:00,9274.05501805971
2030,sc01,12-02 20:00:00+01:00,8214.783409696454
2030,sc01,12-02 21:00:00+01:00,7099.420845451202
2030,sc01,12-02 22:00:00+01:00,5888.259080286858
2030,sc01,12-02 23:00:00+01:00,4111.12167357695
2030,sc01,12-03 00:00:00+01:00,3189.1241105848835
2030,sc01,12-03 01:00:00+01:00,2694.6994532316967
2030,sc01,12-03 02:00:00+01:00,767.8778941262281
2030,sc01,12-03 03:00:00+01:00,613.8286338717618
2030,sc01,12-03 04:00:00+01:00,609.8558120697176
2030,sc01,12-03 05:00:00+01:00,2961.81357747853
2030,sc01,12-03 06:00:00+01:00,5154.0571899326105
2030,sc01,12-03 07:00:00+01:00,7393.271144604973
2030,sc01,12-03 08:00:00+01:00,8024.922500697605
2030,sc01,12-03 09:00:00+01:00,5581.85300323
2030,sc01,12-03 10:00:00+01:00,2860.9710604407646
2030,sc01,12-03 11:00:00+01:00,1802.4239893029933
2030,sc01,12-03 12:00:00+01:00,3344.655465661593
2030,sc01,12-03 13:00:00+01:00,2727.2462978780636
2030,sc01,12-03 14:00:00+01:00,2562.116006921563
2030,sc01,12-03 15:00:00+01:00,3739.4823901366117
2030,sc01,12-03 16:00:00+01:00,5103.1794347893865
2030,sc01,12-03 17:00:00+01:00,8472.46374022914
2030,sc01,12-03 18:00:00+01:00,9332.547430353123
2030,sc01,12-03 19:00:00+01:00,8569.406362508807
2030,sc01,12-03 20:00:00+01:00,7496.262211310673
2030,sc01,12-03 21:00:00+01:00,4025.4969861071836
2030,sc01,12-03 22:00:00+01:00,2775.1363812100753
2030,sc01,12-03 23:00:00+01:00,1606.9508147555555
2030,sc01,12-04 00:00:00+01:00,1012.7761070750157
2030,sc01,12-04 01:00:00+01:00,578.1927490332771
2030,sc01,12-04 02:00:00+01:00,301.95194860826683
2030,sc01,12-04 03:00:00+01:00,151.1423390139583
2030,sc01,12-04 04:00:00+01:00,187.78439084426248
2030,sc01,12-04 05:00:00+01:00,463.2271838294063
2030,sc01,12-04 06:00:00+01:00,1872.0867247801814
2030,sc01,12-04 07:00:00+01:00,5843.168219678618
2030,sc01,12-04 08:00:00+01:00,7074.457576189688
2030,sc01,12-04 09:00:00+01:00,5711.9811936688075
2030,sc01,12-04 10:00:00+01:00,2965.51048573844
2030,sc01,12-04 11:00:00+01:00,1907.861429634488
2030,sc01,12-04 12:00:00+01:00,1042.4925512662508
2030,sc01,12-04 13:00:00+01:00,846.6369567265923
2030,sc01,12-04 14:00:00+01:00,750.2894428536612
2030,sc01,12-04 15:00:00+01:00,1396.2142758617138
2030,sc01,12-04 16:00:00+01:00,3109.6242004208325
2030,sc01,12-04 17:00:00+01:00,6129.556938023537
2030,sc01,12-04 18:00:00+01:00,6820.250877663325
2030,sc01,12-04 19:00:00+01:00,6240.260172325573
2030,sc01,12-04 20:00:00+01:00,5265.165602551041
2030,sc01,12-04 21:00:00+01:00,4076.173945363742
2030,sc01,12-04 22:00:00+01:00,2767.0311284602526
2030,sc01,12-04 23:00:00+01:00,1669.3954622498907
2030,sc01,12-05 00:00:00+01:00,1027.7080206221765
2030,sc01,12-05 01:00:00+01:00,526.7520962297729
2030,sc01,12-05 02:00:00+01:00,224.00176872372538
2030,sc01,12-05 03:00:00+01:00,32.78996315803717
2030,sc01,12-05 04:00:00+01:00,17.914078069912165
2030,sc01,12-05 05:00:00+01:00,298.34611193521516
2030,sc01,12-05 06:00:00+01:00,1827.5096612646216
2030,sc01,12-05 07:00:00+01:00,3191.1468464329514
2030,sc01,12-05 08:00:00+01:00,4176.161329320418
2030,sc01,12-05 09:00:00+01:00,4355.782884418679
2030,sc01,12-05 10:00:00+01:00,1754.8328581865408
2030,sc01,12-05 11:00:00+01:00,1393.6678860163938
2030,sc01,12-05 12:00:00+01:00,1310.4613153009423
2030,sc01,12-05 13:00:00+01:00,1177.4102975634414
2030,sc01,12-05 14:00:00+01:00,1081.3479131312492
2030,sc01,12-05 15:00:00+01:00,1172.0313791403591
2030,sc01,12-05 16:00:00+01:00,2405.859991861457
2030,sc01,12-05 17:00:00+01:00,5952.770612409568
2030,sc01,12-05 18:00:00+01:00,7009.4225248660305
2030,sc01,12-05 19:00:00+01:00,7138.064040892594
2030,sc01,12-05 20:00:00+01:00,6367.016265714053
2030,sc01,12-05 21:00:00+01:00,5425.859799600153
2030,sc01,12-05 22:00:00+01:00,2245.933513244913
2030,sc01,12-05 23:00:00+01:00,1517.95174478839
2030,sc01,12-06 00:00:00+01:00,980.1893181606879
2030,sc01,12-06 01:00:00+01:00,552.0261750608631
2030,sc01,12-06 02:00:00+01:00,241.51186484280228
2030,sc01,12-06 03:00:00+01:00,11.936293160727772
2030,sc01,12-06 04:00:00+01:00,7.261746759468224e-12
2030,sc01,12-06 05:00:00+01:00,80.28813653908719
2030,sc01,12-06 06:00:00+01:00,994.1738513547639
2030,sc01,12-06 07:00:00+01:00,2145.0213861397474
2030,sc01,12-06 08:00:00+01:00,4337.757320765986
2030,sc01,12-06 09:00:00+01:00,2073.3559890606493
2030,sc01,12-06 10:00:00+01:00,619.6839392448901
2030,sc01,12-06 11:00:00+01:00,632.2145439589665
2030,sc01,12-06 12:00:00+01:00,621.2009997601504
2030,sc01,12-06 13:00:00+01:00,1485.877355667531
2030,sc01,12-06 14:00:00+01:00,1566.52762491793
2030,sc01,12-06 15:00:00+01:00,1776.668590756729
2030,sc01,12-06 16:00:00+01:00,2837.4106120665465
2030,sc01,12-06 17:00:00+01:00,5813.271905028302
2030,sc01,12-06 18:00:00+01:00,7393.73433905831
2030,sc01,12-06 19:00:00+01:00,7265.900167974543
2030,sc01,12-06 20:00:00+01:00,6467.1878911132635
2030,sc01,12-06 21:00:00+01:00,5768.747284807588
2030,sc01,12-06 22:00:00+01:00,4923.036407278181
2030,sc01,12-06 23:00:00+01:00,1732.5178053764919
2030,sc01,12-07 00:00:00+01:00,777.6888203286262
2030,sc01,12-07 01:00:00+01:00,283.37959230228296
2030,sc01,12-07 02:00:00+01:00,-7.503331289626658e-12
2030,sc01,12-07 03:00:00+01:00,4.831690603168681e-13
2030,sc01,12-07 04:00:00+01:00,9.663381206337363e-13
2030,sc01,12-07 05:00:00+01:00,1.2789769243681803e-13
2030,sc01,12-07 06:00:00+01:00,-2.6346924641984515e-11
2030,sc01,12-07 07:00:00+01:00,284.5646981880152
2030,sc01,12-07 08:00:00+01:00,873.1848237120106
2030,sc01,12-07 09:00:00+01:00,279.7011939908786
2030,sc01,12-07 10:00:00+01:00,328.44686554493376
2030,sc01,12-07 11:00:00+01:00,302.475695365069
2030,sc01,12-07 12:00:00+01:00,262.8871747016276
2030,sc01,12-07 13:00:00+01:00,208.14637771489697
2030,sc01,12-07 14:00:00+01:00,187.11767841796097
2030,sc01,12-07 15:00:00+01:00,205.87895032872268
2030,sc01,12-07 16:00:00+01:00,318.6256866356132
2030,sc01,12-07 17:00:00+01:00,1398.8848871288094
2030,sc01,12-07 18:00:00+01:00,3384.001884505298
2030,sc01,12-07 19:00:00+01:00,3279.509393548932
2030,sc01,12-07 20:00:00+01:00,2737.019767448825
2030,sc01,12-07 21:00:00+01:00,2140.0313148663836
2030,sc01,12-07 22:00:00+01:00,1346.38739241327
2030,sc01,12-07 23:00:00+01:00,793.0047302560914
2030,sc01,12-08 00:00:00+01:00,283.78170427435543
2030,sc01,12-08 01:00:00+01:00,1.2221335055073723e-12
2030,sc01,12-08 02:00:00+01:00,3.410605131648481e-12
2030,sc01,12-08 03:00:00+01:00,5.684341886080801e-13
2030,sc01,12-08 04:00:00+01:00,3.062439191126032e-12
2030,sc01,12-08 05:00:00+01:00,1.1013412404281553e-12
2030,sc01,12-08 06:00:00+01:00,2.4584778657299466e-12
2030,sc01,12-08 07:00:00+01:00,-2.7853275241795927e-12
2030,sc01,12-08 08:00:00+01:00,-1.3304912727107876e-11
2030,sc01,12-08 09:00:00+01:00,86.28133896438044
2030,sc01,12-08 10:00:00+01:00,99.05300986934583
2030,sc01,12-08 11:00:00+01:00,94.73195018976048
2030,sc01,12-08 12:00:00+01:00,49.5562790324426
2030,sc01,12-08 13:00:00+01:00,7.9480590191008105
2030,sc01,12-08 14:00:00+01:00,27.448137882579317
2030,sc01,12-08 15:00:00+01:00,82.9488531362299
2030,sc01,12-08 16:00:00+01:00,938.3327987132373
2030,sc01,12-08 17:00:00+01:00,3174.895423423418
2030,sc01,12-08 18:00:00+01:00,4123.13973506495
2030,sc01,12-08 19:00:00+01:00,2170.8637352040023
2030,sc01,12-08 20:00:00+01:00,1869.2336120777873
2030,sc01,12-08 21:00:00+01:00,1527.4006285405167
2030,sc01,12-08 22:00:00+01:00,1126.2693134266597
2030,sc01,12-08 23:00:00+01:00,694.8485745664681
2030,sc01,12-09 00:00:00+01:00,229.08316201560086
2030,sc01,12-09 01:00:00+01:00,1.6200374375330284e-12
2030,sc01,12-09 02:00:00+01:00,-6.536993168992922e-13
2030,sc01,12-09 03:00:00+01:00,-1.6910917111090384e-12
2030,sc01,12-09 04:00:00+01:00,1.3073986337985843e-12
2030,sc01,12-09 05:00:00+01:00,4.575895218295045e-12
2030,sc01,12-09 06:00:00+01:00,1361.9296033778262
2030,sc01,12-09 07:00:00+01:00,3204.6298652063024
2030,sc01,12-09 08:00:00+01:00,4237.971884746983
2030,sc01,12-09 09:00:00+01:00,3213.0631029642873
2030,sc01,12-09 10:00:00+01:00,1263.9724684267171
2030,sc01,12-09 11:00:00+01:00,487.16347454776337
2030,sc01,12-09 12:00:00+01:00,460.48431133795043
2030,sc01,12-09 13:00:00+01:00,453.2611539586454
2030,sc01,12-09 14:00:00+01:00,427.96844962452167
2030,sc01,12-09 15:00:00+01:00,499.7546036149099
2030,sc01,12-09 16:00:00+01:00,700.0672501782515
2030,sc01,12-09 17:00:00+01:00,3837.547098183169
2030,sc01,12-09 18:00:00+01:00,5153.606145727898
2030,sc01,12-09 19:00:00+01:00,4948.749652117205
2030,sc01,12-09 20:00:00+01:00,4173.917201059115
2030,sc01,12-09 21:00:00+01:00,3122.2413900876695
2030,sc01,12-09 22:00:00+01:00,2266.0362656082657
2030,sc01,12-09 23:00:00+01:00,1438.7564525224905
2030,sc01,12-10 00:00:00+01:00,876.4261351948164
2030,sc01,12-10 01:00:00+01:00,453.9451399379934
2030,sc01,12-10 02:00:00+01:00,228.3617623590676
2030,sc01,12-10 03:00:00+01:00,96.82646402939528
2030,sc01,12-10 04:00:00+01:00,161.87677215791354
2030,sc01,12-10 05:00:00+01:00,1721.010977947696
2030,sc01,12-10 06:00:00+01:00,4324.083550006206
2030,sc01,12-10 07:00:00+01:00,7192.023308443111
2030,sc01,12-10 08:00:00+01:00,8167.504423554456
2030,sc01,12-10 09:00:00+01:00,5954.789081221588
2030,sc01,12-10 10:00:00+01:00,3114.2687229620287
2030,sc01,12-10 11:00:00+01:00,2399.920000848103
2030,sc01,12-10 12:00:00+01:00,3855.147934129959
2030,sc01,12-10 13:00:00+01:00,2937.855090161449
2030,sc01,12-10 14:00:00+01:00,2418.996962054357
2030,sc01,12-10 15:00:00+01:00,2508.202223087965
2030,sc01,12-10 16:00:00+01:00,3682.125729695982
2030,sc01,12-10 17:00:00+01:00,6722.6836555082655
2030,sc01,12-10 18:00:00+01:00,7760.856633921924
2030,sc01,12-10 19:00:00+01:00,7468.549465442107
2030,sc01,12-10 20:00:00+01:00,6615.284690258898
2030,sc01,12-10 21:00:00+01:00,5635.440684251527
2030,sc01,12-10 22:00:00+01:00,4419.5225901038975
2030,sc01,12-10 23:00:00+01:00,2909.903248276494
2030,sc01,12-11 00:00:00+01:00,848.130199895802
2030,sc01,12-11 01:00:00+01:00,346.52776726082755
2030,sc01,12-11 02:00:00+01:00,109.43568346147386
2030,sc01,12-11 03:00:00+01:00,5.684341886080802e-14
2030,sc01,12-11 04:00:00+01:00,1.7905676941154525e-12
2030,sc01,12-11 05:00:00+01:00,121.07503954426575
2030,sc01,12-11 06:00:00+01:00,1259.013881798717
2030,sc01,12-11 07:00:00+01:00,3744.0147534643897
2030,sc01,12-11 08:00:00+01:00,5015.962487712346
2030,sc01,12-11 09:00:00+01:00,4589.822783668647
2030,sc01,12-11 10:00:00+01:00,1972.0534628348842
2030,sc01,12-11 11:00:00+01:00,1027.9095536245122
2030,sc01,12-11 12:00:00+01:00,774.2426239471038
2030,sc01,12-11 13:00:00+01:00,725.8579976203916
2030,sc01,12-11 14:00:00+01:00,803.8906131455415
2030,sc01,12-11 15:00:00+01:00,1295.8887728219895
2030,sc01,12-11 16:00:00+01:00,2556.225571381179
2030,sc01,12-11 17:00:00+01:00,5978.57685744691
2030,sc01,12-11 18:00:00+01:00,7092.55416201253
2030,sc01,12-11 19:00:00+01:00,6757.919576383523
2030,sc01,12-11 20:00:00+01:00,5984.3157178579
2030,sc01,12-11 21:00:00+01:00,4961.134254939381
2030,sc01,12-11 22:00:00+01:00,3680.5862383283634
2030,sc01,12-11 23:00:00+01:00,2168.66975655134
2030,sc01,12-12 00:00:00+01:00,1189.9178446048747
2030,sc01,12-12 01:00:00+01:00,679.6834780615355
2030,sc01,12-12 02:00:00+01:00,360.7293931566795
2030,sc01,12-12 03:00:00+01:00,175.25885591613593
2030,sc01,12-12 04:00:00+01:00,143.13770087384796
2030,sc01,12-12 05:00:00+01:00,535.3945739151316
2030,sc01,12-12 06:00:00+01:00,1946.6909410685423
2030,sc01,12-12 07:00:00+01:00,6563.558003864163
2030,sc01,12-12 08:00:00+01:00,7906.4316136036
2030,sc01,12-12 09:00:00+01:00,6410.375691996139
2030,sc01,12-12 10:00:00+01:00,3634.5648096448567
2030,sc01,12-12 11:00:00+01:00,3236.938637996722
2030,sc01,12-12 12:00:00+01:00,3131.1649718195213
2030,sc01,12-12 13:00:00+01:00,3390.5380463844535
2030,sc01,12-12 14:00:00+01:00,3844.282775601444
2030,sc01,12-12 15:00:00+01:00,5835.9529249654515
2030,sc01,12-12 16:00:00+01:00,7307.685324733852
2030,sc01,12-12 17:00:00+01:00,8463.724231417966
2030,sc01,12-12 18:00:00+01:00,8461.631154029106
2030,sc01,12-12 19:00:00+01:00,7799.588650137636
2030,sc01,12-12 20:00:00+01:00,6610.700920270383
2030,sc01,12-12 21:00:00+01:00,5159.940639885416
2030,sc01,12-12 22:00:00+01:00,3733.9653804557356
2030,sc01,12-12 23:00:00+01:00,2288.325310205804
2030,sc01,12-13 00:00:00+01:00,1126.729905787327
2030,sc01,12-13 01:00:00+01:00,629.251914209026
2030,sc01,12-13 02:00:00+01:00,284.7609600550375
2030,sc01,12-13 03:00:00+01:00,89.77911706890855
2030,sc01,12-13 04:00:00+01:00,75.48808012613424
2030,sc01,12-13 05:00:00+01:00,269.94989060842636
2030,sc01,12-13 06:00:00+01:00,1405.2164063667453
2030,sc01,12-13 07:00:00+01:00,4218.363758692135
2030,sc01,12-13 08:00:00+01:00,5452.958195321057
2030,sc01,12-13 09:00:00+01:00,5131.718608378666
2030,sc01,12-13 10:00:00+01:00,3125.6714111889037
2030,sc01,12-13 11:00:00+01:00,1356.4914576735148
2030,sc01,12-13 12:00:00+01:00,853.9294063868491
2030,sc01,12-13 13:00:00+01:00,731.849265592559
2030,sc01,12-13 14:00:00+01:00,864.2467475787394
2030,sc01,12-13 15:00:00+01:00,1867.3005751791961
2030,sc01,12-13 16:00:00+01:00,4052.9771938015565
2030,sc01,12-13 17:00:00+01:00,5631.558056487595
2030,sc01,12-13 18:00:00+01:00,5937.978527256614
2030,sc01,12-13 19:00:00+01:00,5366.835633905506
2030,sc01,12-13 20:00:00+01:00,4481.796420339198
2030,sc01,12-13 21:00:00+01:00,3597.135839182325
2030,sc01,12-13 22:00:00+01:00,2143.9781485451836
2030,sc01,12-13 23:00:00+01:00,1476.4262742721185
2030,sc01,12-14 00:00:00+01:00,874.2773958157554
2030,sc01,12-14 01:00:00+01:00,421.5974845848947
2030,sc01,12-14 02:00:00+01:00,57.94819203701944
2030,sc01,12-14 03:00:00+01:00,3.197442310920451e-12
2030,sc01,12-14 04:00:00+01:00,-1.7195134205394424e-12
2030,sc01,12-14 05:00:00+01:00,1.4210854715202004e-14
2030,sc01,12-14 06:00:00+01:00,-2.7711166694643907e-12
2030,sc01,12-14 07:00:00+01:00,199.6666204967017
2030,sc01,12-14 08:00:00+01:00,642.0862727613146
2030,sc01,12-14 09:00:00+01:00,247.79198271459035
2030,sc01,12-14 10:00:00+01:00,378.7431353311823
2030,sc01,12-14 11:00:00+01:00,298.694462277238
2030,sc01,12-14 12:00:00+01:00,276.43213180254907
2030,sc01,12-14 13:00:00+01:00,237.9706152242543
2030,sc01,12-14 14:00:00+01:00,221.44604384326317
2030,sc01,12-14 15:00:00+01:00,270.02514795873185
2030,sc01,12-14 16:00:00+01:00,1564.905530332217
2030,sc01,12-14 17:00:00+01:00,3681.9693433163843
2030,sc01,12-14 18:00:00+01:00,4523.296886497011
2030,sc01,12-14 19:00:00+01:00,4367.68546816128
2030,sc01,12-14 20:00:00+01:00,2235.744871166814
2030,sc01,12-14 21:00:00+01:00,1755.7993128070273
2030,sc01,12-14 22:00:00+01:00,1167.540381593532
2030,sc01,12-14 23:00:00+01:00,758.2914831567206
2030,sc01,12-15 00:00:00+01:00,345.95260102910186
2030,sc01,12-15 01:00:00+01:00,19.545044305821605
2030,sc01,12-15 02:00:00+01:00,1.6484591469634324e-12
2030,sc01,12-15 03:00:00+01:00,-2.0889956431346945e-12
2030,sc01,12-15 04:00:00+01:00,1.8118839761882555e-12
2030,sc01,12-15 05:00:00+01:00,3.360867140145274e-12
2030,sc01,12-15 06:00:00+01:00,3.268496584496461e-12
2030,sc01,12-15 07:00:00+01:00,-2.2737367544323206e-13
2030,sc01,12-15 08:00:00+01:00,-5.4498627832799684e-12
2030,sc01,12-15 09:00:00+01:00,-1.5916157281026244e-12
2030,sc01,12-15 10:00:00+01:00,-6.252776074688882e-12
2030,sc01,12-15 11:00:00+01:00,7.520475648640968
2030,sc01,12-15 12:00:00+01:00,19.809996362803304
2030,sc01,12-15 13:00:00+01:00,30.236707444868216
2030,sc01,12-15 14:00:00+01:00,64.49374004384185
2030,sc01,12-15 15:00:00+01:00,162.5466626482189
2030,sc01,12-15 16:00:00+01:00,1742.4527022161765
2030,sc01,12-15 17:00:00+01:00,4196.481010466257
2030,sc01,12-15 18:00:00+01:00,5079.042981395642
2030,sc01,12-15 19:00:00+01:00,5206.010769991741
2030,sc01,12-15 20:00:00+01:00,5135.288450778354
2030,sc01,12-15 21:00:00+01:00,2304.6179305166784
2030,sc01,12-15 22:00:00+01:00,1713.569142430062
2030,sc01,12-15 23:00:00+01:00,987.3669473246562
2030,sc01,12-16 00:00:00+01:00,453.4135366253556
2030,sc01,12-16 01:00:00+01:00,101.5957922501678
2030,sc01,12-16 02:00:00+01:00,-8.554934538551606e-12
2030,sc01,12-16 03:00:00+01:00,2.6574298317427747e-12
2030,sc01,12-16 04:00:00+01:00,-1.6626700016786344e-12
2030,sc01,12-16 05:00:00+01:00,112.00714726089129
2030,sc01,12-16 06:00:00+01:00,1329.3725808790236
2030,sc01,12-16 07:00:00+01:00,2828.581411299999
2030,sc01,12-16 08:00:00+01:00,4649.157837033757
2030,sc01,12-16 09:00:00+01:00,4412.080267512029
2030,sc01,12-16 10:00:00+01:00,3283.250973394873
2030,sc01,12-16 11:00:00+01:00,2258.197711746167
2030,sc01,12-16 12:00:00+01:00,3987.339447390828
2030,sc01,12-16 13:00:00+01:00,4200.064028079092
2030,sc01,12-16 14:00:00+01:00,4905.7851281878975
2030,sc01,12-16 15:00:00+01:00,6136.815887170084
2030,sc01,12-16 16:00:00+01:00,7606.82720033979
2030,sc01,12-16 17:00:00+01:00,8819.848771679628
2030,sc01,12-16 18:00:00+01:00,8933.14016584567
2030,sc01,12-16 19:00:00+01:00,8431.654280575547
2030,sc01,12-16 20:00:00+01:00,7440.121217305519
2030,sc01,12-16 21:00:00+01:00,6256.554134280068
2030,sc01,12-16 22:00:00+01:00,4845.632104538366
2030,sc01,12-16 23:00:00+01:00,3330.313320526022
2030,sc01,12-17 00:00:00+01:00,1324.4342096761652
2030,sc01,12-17 01:00:00+01:00,760.1616719001977
2030,sc01,12-17 02:00:00+01:00,378.46922115145134
2030,sc01,12-17 03:00:00+01:00,186.14679560227177
2030,sc01,12-17 04:00:00+01:00,130.59935056452235
2030,sc01,12-17 05:00:00+01:00,436.65848172905964
2030,sc01,12-17 06:00:00+01:00,1360.0787699858408
2030,sc01,12-17 07:00:00+01:00,4520.423170698541
2030,sc01,12-17 08:00:00+01:00,5846.996031360508
2030,sc01,12-17 09:00:00+01:00,4777.132901035185
2030,sc01,12-17 10:00:00+01:00,4085.3400440662194
2030,sc01,12-17 11:00:00+01:00,3438.1136242181833
2030,sc01,12-17 12:00:00+01:00,5908.459907289444
2030,sc01,12-17 13:00:00+01:00,5957.281369767666
2030,sc01,12-17 14:00:00+01:00,5940.239864812062
2030,sc01,12-17 15:00:00+01:00,6047.546924734236
2030,sc01,12-17 16:00:00+01:00,7236.607709093185
2030,sc01,12-17 17:00:00+01:00,10029.684222744523
2030,sc01,12-17 18:00:00+01:00,10805.326646698315
2030,sc01,12-17 19:00:00+01:00,10024.80399934373
2030,sc01,12-17 20:00:00+01:00,9100.762646692374
2030,sc01,12-17 21:00:00+01:00,5527.885996193905
2030,sc01,12-17 22:00:00+01:00,3010.596199750305
2030,sc01,12-17 23:00:00+01:00,2124.3920857141684
2030,sc01,12-18 00:00:00+01:00,1235.7919104228758
2030,sc01,12-18 01:00:00+01:00,669.9245582509105
2030,sc01,12-18 02:00:00+01:00,310.5838298079851
2030,sc01,12-18 03:00:00+01:00,137.03815407602815
2030,sc01,12-18 04:00:00+01:00,126.08154398407275
2030,sc01,12-18 05:00:00+01:00,432.262465885859
2030,sc01,12-18 06:00:00+01:00,1346.0756271550224
2030,sc01,12-18 07:00:00+01:00,4279.728328355445
2030,sc01,12-18 08:00:00+01:00,5663.89461054752
2030,sc01,12-18 09:00:00+01:00,7144.755902708694
2030,sc01,12-18 10:00:00+01:00,4561.59338975029
2030,sc01,12-18 11:00:00+01:00,3165.9200614766773
2030,sc01,12-18 12:00:00+01:00,2450.0721724950927
2030,sc01,12-18 13:00:00+01:00,2507.536807423561
2030,sc01,12-18 14:00:00+01:00,3130.408586791409
2030,sc01,12-18 15:00:00+01:00,4121.941675448635
2030,sc01,12-18 16:00:00+01:00,6368.01531602423
2030,sc01,12-18 17:00:00+01:00,9213.45558444115
2030,sc01,12-18 18:00:00+01:00,9555.369255465905
2030,sc01,12-18 19:00:00+01:00,8819.50842327495
2030,sc01,12-18 20:00:00+01:00,7924.140813778069
2030,sc01,12-18 21:00:00+01:00,3660.14997874929
2030,sc01,12-18 22:00:00+01:00,2823.9098226537026
2030,sc01,12-18 23:00:00+01:00,1940.370304707429
2030,sc01,12-19 00:00:00+01:00,1232.9065864784131
2030,sc01,12-19 01:00:00+01:00,625.6658011329173
2030,sc01,12-19 02:00:00+01:00,232.21321208170727
2030,sc01,12-19 03:00:00+01:00,40.10764724236995
2030,sc01,12-19 04:00:00+01:00,5.684341886080801e-13
2030,sc01,12-19 05:00:00+01:00,98.36599872699178
2030,sc01,12-19 06:00:00+01:00,1169.0674611591148
2030,sc01,12-19 07:00:00+01:00,2663.1412163614373
2030,sc01,12-19 08:00:00+01:00,6334.329837479754
2030,sc01,12-19 09:00:00+01:00,5956.411500003403
2030,sc01,12-19 10:00:00+01:00,4945.538191935804
2030,sc01,12-19 11:00:00+01:00,4036.072867097198
2030,sc01,12-19 12:00:00+01:00,4117.809941673355
2030,sc01,12-19 13:00:00+01:00,3614.7839412750527
2030,sc01,12-19 14:00:00+01:00,4118.97649006459
2030,sc01,12-19 15:00:00+01:00,4952.501330174288
2030,sc01,12-19 16:00:00+01:00,5862.975077706774
2030,sc01,12-19 17:00:00+01:00,6401.598165797976
2030,sc01,12-19 18:00:00+01:00,6365.10421325137
2030,sc01,12-19 19:00:00+01:00,5543.918152615501
2030,sc01,12-19 20:00:00+01:00,4510.620673389649
2030,sc01,12-19 21:00:00+01:00,3662.3332660727124
2030,sc01,12-19 22:00:00+01:00,2450.196441927977
2030,sc01,12-19 23:00:00+01:00,1331.57284769396
2030,sc01,12-20 00:00:00+01:00,795.971417311721
2030,sc01,12-20 01:00:00+01:00,269.47708826514895
2030,sc01,12-20 02:00:00+01:00,3.467448550509289e-12
2030,sc01,12-20 03:00:00+01:00,2.5579538487363607e-13
2030,sc01,12-20 04:00:00+01:00,-1.2789769243681803e-13
2030,sc01,12-20 05:00:00+01:00,-2.1316282072803006e-12
2030,sc01,12-20 06:00:00+01:00,630.7043886410265
2030,sc01,12-20 07:00:00+01:00,1733.1919572123386
2030,sc01,12-20 08:00:00+01:00,5347.089823440607
2030,sc01,12-20 09:00:00+01:00,5323.495838819749
2030,sc01,12-20 10:00:00+01:00,4184.165666663488
2030,sc01,12-20 11:00:00+01:00,3002.3036886814907
2030,sc01,12-20 12:00:00+01:00,2055.1613593839916
2030,sc01,12-20 13:00:00+01:00,1631.7765220875735
2030,sc01,12-20 14:00:00+01:00,1838.5652093590463
2030,sc01,12-20 15:00:00+01:00,2725.7113506043434
2030,sc01,12-20 16:00:00+01:00,4177.918888821115
2030,sc01,12-20 17:00:00+01:00,5276.071513385556
2030,sc01,12-20 18:00:00+01:00,5174.171089116083
2030,sc01,12-20 19:00:00+01:00,4778.042558307264
2030,sc01,12-20 20:00:00+01:00,3879.2712518897756
2030,sc01,12-20 21:00:00+01:00,3395.865957983854
2030,sc01,12-20 22:00:00+01:00,1499.2912369972132
2030,sc01,12-20 23:00:00+01:00,941.9692320611866
2030,sc01,12-21 00:00:00+01:00,367.6089642224302
2030,sc01,12-21 01:00:00+01:00,7.925056305379769
2030,sc01,12-21 02:00:00+01:00,-1.9184653865522705e-12
2030,sc01,12-21 03:00:00+01:00,5.684341886080801e-13
2030,sc01,12-21 04:00:00+01:00,-1.8474111129762605e-12
2030,sc01,12-21 05:00:00+01:00,-4.547473508864641e-13
2030,sc01,12-21 06:00:00+01:00,-3.154809746774845e-12
2030,sc01,12-21 07:00:00+01:00,34.42606170210462
2030,sc01,12-21 08:00:00+01:00,412.61402474272353
2030,sc01,12-21 09:00:00+01:00,536.9281464500524
2030,sc01,12-21 10:00:00+01:00,178.41497736811016
2030,sc01,12-21 11:00:00+01:00,96.89771371899315
2030,sc01,12-21 12:00:00+01:00,80.1105174558611
2030,sc01,12-21 13:00:00+01:00,56.598487708684274
2030,sc01,12-21 14:00:00+01:00,57.002057203091226
2030,sc01,12-21 15:00:00+01:00,106.00608859909505
2030,sc01,12-21 16:00:00+01:00,1276.2814872470467
2030,sc01,12-21 17:00:00+01:00,3470.280569323902
2030,sc01,12-21 18:00:00+01:00,4045.016487493885
2030,sc01,12-21 19:00:00+01:00,3792.7396589870664
2030,sc01,12-21 20:00:00+01:00,2820.060529306874
2030,sc01,12-21 21:00:00+01:00,2164.651640898329
2030,sc01,12-21 22:00:00+01:00,1499.9173063431426
2030,sc01,12-21 23:00:00+01:00,889.4741998931386
2030,sc01,12-22 00:00:00+01:00,355.50438563165085
2030,sc01,12-22 01:00:00+01:00,5.4427573559223674e-12
2030,sc01,12-22 02:00:00+01:00,-3.247180302423658e-12
2030,sc01,12-22 03:00:00+01:00,1.3145040611561853e-12
2030,sc01,12-22 04:00:00+01:00,-1.1368683772161603e-13
2030,sc01,12-22 05:00:00+01:00,-3.47455397786689e-12
2030,sc01,12-22 06:00:00+01:00,5.115907697472721e-13
2030,sc01,12-22 07:00:00+01:00,2066.9925553269786
2030,sc01,12-22 08:00:00+01:00,2639.7918909495797
2030,sc01,12-22 09:00:00+01:00,2333.808790791521
2030,sc01,12-22 10:00:00+01:00,88.5703519111895
2030,sc01,12-22 11:00:00+01:00,1210.5742678338502
2030,sc01,12-22 12:00:00+01:00,1295.785684450342
2030,sc01,12-22 13:00:00+01:00,1077.6507476550694
2030,sc01,12-22 14:00:00+01:00,106.23104220406958
2030,sc01,12-22 15:00:00+01:00,156.37291258904088
2030,sc01,12-22 16:00:00+01:00,2076.5293516675993
2030,sc01,12-22 17:00:00+01:00,4770.4684554767455
2030,sc01,12-22 18:00:00+01:00,5700.397374412119
2030,sc01,12-22 19:00:00+01:00,5233.085359297625
2030,sc01,12-22 20:00:00+01:00,4621.072492787382
2030,sc01,12-22 21:00:00+01:00,3923.5017521405903
2030,sc01,12-22 22:00:00+01:00,3393.589562257107
2030,sc01,12-22 23:00:00+01:00,2392.9511948288105
2030,sc01,12-23 00:00:00+01:00,1168.6329672065483
2030,sc01,12-23 01:00:00+01:00,-2.8279600883251987e-12
2030,sc01,12-23 02:00:00+01:00,-8.668621376273222e-13
2030,sc01,12-23 03:00:00+01:00,-3.396394276933279e-12
2030,sc01,12-23 04:00:00+01:00,-4.035882739117369e-12
2030,sc01,12-23 05:00:00+01:00,-2.7071678232459817e-12
2030,sc01,12-23 06:00:00+01:00,2.9274360713316128e-12
2030,sc01,12-23 07:00:00+01:00,748.6022692134131
2030,sc01,12-23 08:00:00+01:00,1712.2872010449996
2030,sc01,12-23 09:00:00+01:00,1976.6162232725692
2030,sc01,12-23 10:00:00+01:00,66.21962850942987
2030,sc01,12-23 11:00:00+01:00,22.954163812802392
2030,sc01,12-23 12:00:00+01:00,1632.7806236958156
2030,sc01,12-23 13:00:00+01:00,1414.5673349139838
2030,sc01,12-23 14:00:00+01:00,1415.559942943647
2030,sc01,12-23 15:00:00+01:00,1619.5012434343664
2030,sc01,12-23 16:00:00+01:00,2398.043988825672
2030,sc01,12-23 17:00:00+01:00,5039.723845002005
2030,sc01,12-23 18:00:00+01:00,7225.45154960822
2030,sc01,12-23 19:00:00+01:00,6748.899125872983
2030,sc01,12-23 20:00:00+01:00,5773.5535488594105
2030,sc01,12-23 21:00:00+01:00,4724.519328666391
2030,sc01,12-23 22:00:00+01:00,3979.619905356939
2030,sc01,12-23 23:00:00+01:00,1478.2073001247818
2030,sc01,12-24 00:00:00+01:00,299.33149191368307
2030,sc01,12-24 01:00:00+01:00,1.1596057447604835e-11
2030,sc01,12-24 02:00:00+01:00,-2.6147972675971687e-12
2030,sc01,12-24 03:00:00+01:00,2.8421709430404007e-13
2030,sc01,12-24 04:00:00+01:00,-2.575717417130363e-12
2030,sc01,12-24 05:00:00+01:00,1.3500311979441904e-13
2030,sc01,12-24 06:00:00+01:00,4.703792910731863e-12
2030,sc01,12-24 07:00:00+01:00,302.3520279562208
2030,sc01,12-24 08:00:00+01:00,597.6774506426079
2030,sc01,12-24 09:00:00+01:00,16.728439660966558
2030,sc01,12-24 10:00:00+01:00,-1.4779288903810084e-12
2030,sc01,12-24 11:00:00+01:00,914.1109518629935
2030,sc01,12-24 12:00:00+01:00,511.49015799590256
2030,sc01,12-24 13:00:00+01:00,539.1188319069781
2030,sc01,12-24 14:00:00+01:00,643.110631698728
2030,sc01,12-24 15:00:00+01:00,1072.1954527626808
2030,sc01,12-24 16:00:00+01:00,1759.8131986204385
2030,sc01,12-24 17:00:00+01:00,3277.5396641885623
2030,sc01,12-24 18:00:00+01:00,5452.126893288188
2030,sc01,12-24 19:00:00+01:00,4872.585144867659
2030,sc01,12-24 20:00:00+01:00,4411.5743383320805
2030,sc01,12-24 21:00:00+01:00,3954.87451933083
2030,sc01,12-24 22:00:00+01:00,3853.6968414107287
2030,sc01,12-24 23:00:00+01:00,1490.900727277
2030,sc01,12-25 00:00:00+01:00,254.07775201283727
2030,sc01,12-25 01:00:00+01:00,7.823075520718703e-12
2030,sc01,12-25 02:00:00+01:00,1.2931877790833823e-12
2030,sc01,12-25 03:00:00+01:00,1.1368683772161603e-12
2030,sc01,12-25 04:00:00+01:00,-2.689182210247054e-12
2030,sc01,12-25 05:00:00+01:00,-2.922107000813412e-12
2030,sc01,12-25 06:00:00+01:00,1.056932319443149e-12
2030,sc01,12-25 07:00:00+01:00,-1.6786572132332367e-12
2030,sc01,12-25 08:00:00+01:00,-1.0764722446765518e-12
2030,sc01,12-25 09:00:00+01:00,-1.5916157281026244e-12
2030,sc01,12-25 10:00:00+01:00,-9.379164112033322e-13
2030,sc01,12-25 11:00:00+01:00,545.2872278326209
2030,sc01,12-25 12:00:00+01:00,202.48871960190763
2030,sc01,12-25 13:00:00+01:00,200.30964033367843
2030,sc01,12-25 14:00:00+01:00,2.2737367544323206e-12
2030,sc01,12-25 15:00:00+01:00,4.547473508864641e-13
2030,sc01,12-25 16:00:00+01:00,-2.3874235921539366e-12
2030,sc01,12-25 17:00:00+01:00,1641.8609989445827
2030,sc01,12-25 18:00:00+01:00,3085.239781741502
2030,sc01,12-25 19:00:00+01:00,3021.6469518058843
2030,sc01,12-25 20:00:00+01:00,2724.6982591285855
2030,sc01,12-25 21:00:00+01:00,2262.6194513286778
2030,sc01,12-25 22:00:00+01:00,2299.5739388051666
2030,sc01,12-25 23:00:00+01:00,1600.1814119624626
2030,sc01,12-26 00:00:00+01:00,681.8797144003755
2030,sc01,12-26 01:00:00+01:00,2.0961010704922955e-12
2030,sc01,12-26 02:00:00+01:00,-2.261302256556519e-12
2030,sc01,12-26 03:00:00+01:00,8.788525462932739e-13
2030,sc01,12-26 04:00:00+01:00,1.5365486660812167e-12
2030,sc01,12-26 05:00:00+01:00,1.2079226507921703e-12
2030,sc01,12-26 06:00:00+01:00,-1.8616219676914625e-12
2030,sc01,12-26 07:00:00+01:00,1379.0891854173956
2030,sc01,12-26 08:00:00+01:00,2354.5989471468138
2030,sc01,12-26 09:00:00+01:00,1891.5403845574947
2030,sc01,12-26 10:00:00+01:00,54.952272622029
2030,sc01,12-26 11:00:00+01:00,2397.60383055929
2030,sc01,12-26 12:00:00+01:00,2166.7801097792058
2030,sc01,12-26 13:00:00+01:00,1953.0964410352449
2030,sc01,12-26 14:00:00+01:00,1960.7835917480045
2030,sc01,12-26 15:00:00+01:00,2388.939012775658
2030,sc01,12-26 16:00:00+01:00,3362.3342403044867
2030,sc01,12-26 17:00:00+01:00,6350.61981921867
2030,sc01,12-26 18:00:00+01:00,7829.23714031519
2030,sc01,12-26 19:00:00+01:00,7743.279123578077
2030,sc01,12-26 20:00:00+01:00,7109.903406809997
2030,sc01,12-26 21:00:00+01:00,6345.047300672481
2030,sc01,12-26 22:00:00+01:00,5801.139523211397
2030,sc01,12-26 23:00:00+01:00,1107.2855730353606
2030,sc01,12-27 00:00:00+01:00,664.0250446081787
2030,sc01,12-27 01:00:00+01:00,234.36306689792877
2030,sc01,12-27 02:00:00+01:00,-5.023537141823908e-12
2030,sc01,12-27 03:00:00+01:00,2.8279600883251987e-12
2030,sc01,12-27 04:00:00+01:00,3.467448550509289e-12
2030,sc01,12-27 05:00:00+01:00,-1.8474111129762605e-12
2030,sc01,12-27 06:00:00+01:00,2024.7698698601912
2030,sc01,12-27 07:00:00+01:00,3509.0808992506218
2030,sc01,12-27 08:00:00+01:00,4541.952514328291
2030,sc01,12-27 09:00:00+01:00,3124.0122551713876
2030,sc01,12-27 10:00:00+01:00,1393.958314139567
2030,sc01,12-27 11:00:00+01:00,696.0922354912951
2030,sc01,12-27 12:00:00+01:00,295.8383674071911
2030,sc01,12-27 13:00:00+01:00,138.54832989658576
2030,sc01,12-27 14:00:00+01:00,189.53200490432027
2030,sc01,12-27 15:00:00+01:00,545.5771632726321
2030,sc01,12-27 16:00:00+01:00,2696.372709220458
2030,sc01,12-27 17:00:00+01:00,5079.071085356908
2030,sc01,12-27 18:00:00+01:00,7256.530155615855
2030,sc01,12-27 19:00:00+01:00,6964.491829836596
2030,sc01,12-27 20:00:00+01:00,6145.6257236476495
2030,sc01,12-27 21:00:00+01:00,4893.318167981265
2030,sc01,12-27 22:00:00+01:00,4162.478836770555
2030,sc01,12-27 23:00:00+01:00,971.4430361918044
2030,sc01,12-28 00:00:00+01:00,1945.0790529500016
2030,sc01,12-28 01:00:00+01:00,2.2311041902867146e-12
2030,sc01,12-28 02:00:00+01:00,2.7142732506035827e-12
2030,sc01,12-28 03:00:00+01:00,-2.2097879082139116e-12
2030,sc01,12-28 04:00:00+01:00,3.410605131648481e-13
2030,sc01,12-28 05:00:00+01:00,-4.707345624410664e-13
2030,sc01,12-28 06:00:00+01:00,2.7142732506035827e-12
2030,sc01,12-28 07:00:00+01:00,1115.2645437900562
2030,sc01,12-28 08:00:00+01:00,1767.0195226276078
2030,sc01,12-28 09:00:00+01:00,438.9780514003819
2030,sc01,12-28 10:00:00+01:00,10.445296467897151
2030,sc01,12-28 11:00:00+01:00,38.23804727255981
2030,sc01,12-28 12:00:00+01:00,80.93743880037835
2030,sc01,12-28 13:00:00+01:00,116.40514992280805
2030,sc01,12-28 14:00:00+01:00,73.49851973435045
2030,sc01,12-28 15:00:00+01:00,148.27157048228617
2030,sc01,12-28 16:00:00+01:00,342.3574764883093
2030,sc01,12-28 17:00:00+01:00,1597.7962421057177
2030,sc01,12-28 18:00:00+01:00,4618.167360600022
2030,sc01,12-28 19:00:00+01:00,4483.65996762982
2030,sc01,12-28 20:00:00+01:00,3514.0884445941424
2030,sc01,12-28 21:00:00+01:00,2614.5640528347885
2030,sc01,12-28 22:00:00+01:00,1683.6536191417515
2030,sc01,12-28 23:00:00+01:00,1115.81069449028
2030,sc01,12-29 00:00:00+01:00,207.7490027820412
2030,sc01,12-29 01:00:00+01:00,-5.343281372915953e-12
2030,sc01,12-29 02:00:00+01:00,5.6736837450444e-12
2030,sc01,12-29 03:00:00+01:00,4.476419235288631e-12
2030,sc01,12-29 04:00:00+01:00,3.765876499528531e-12
2030,sc01,12-29 05:00:00+01:00,2.3234747459355276e-12
2030,sc01,12-29 06:00:00+01:00,5.7127635955112055e-12
2030,sc01,12-29 07:00:00+01:00,-2.7640112421067897e-12
2030,sc01,12-29 08:00:00+01:00,-3.673505943879718e-12
2030,sc01,12-29 09:00:00+01:00,3.240074875066057e-12
2030,sc01,12-29 10:00:00+01:00,-9.094947017729282e-13
2030,sc01,12-29 11:00:00+01:00,1.3642420526593924e-12
2030,sc01,12-29 12:00:00+01:00,0.4285848371515044
2030,sc01,12-29 13:00:00+01:00,-9.663381206337363e-13
2030,sc01,12-29 14:00:00+01:00,-3.751665644813329e-12
2030,sc01,12-29 15:00:00+01:00,-2.9558577807620168e-12
2030,sc01,12-29 16:00:00+01:00,66.82718566644667
2030,sc01,12-29 17:00:00+01:00,117.21900325982725
2030,sc01,12-29 18:00:00+01:00,2023.278684301239
2030,sc01,12-29 19:00:00+01:00,2126.85299376807
2030,sc01,12-29 20:00:00+01:00,1830.5133942145094
2030,sc01,12-29 21:00:00+01:00,1284.3837684681178
2030,sc01,12-29 22:00:00+01:00,667.9155401769551
2030,sc01,12-29 23:00:00+01:00,297.09162007447236
2030,sc01,12-30 00:00:00+01:00,-4.305888978706207e-12
2030,sc01,12-30 01:00:00+01:00,2.091837814077735e-11
2030,sc01,12-30 02:00:00+01:00,2.1813661987835076e-12
2030,sc01,12-30 03:00:00+01:00,6.153300091682468e-12
2030,sc01,12-30 04:00:00+01:00,6.366462912410498e-12
2030,sc01,12-30 05:00:00+01:00,6.963318810448982e-13
2030,sc01,12-30 06:00:00+01:00,4.746425474877469e-12
2030,sc01,12-30 07:00:00+01:00,576.6783889025696
2030,sc01,12-30 08:00:00+01:00,1599.0233297203986
2030,sc01,12-30 09:00:00+01:00,174.8088437833887
2030,sc01,12-30 10:00:00+01:00,58.50178784480818
2030,sc01,12-30 11:00:00+01:00,69.82780772849185
2030,sc01,12-30 12:00:00+01:00,73.64315306641839
2030,sc01,12-30 13:00:00+01:00,74.82471454087477
2030,sc01,12-30 14:00:00+01:00,79.58806529540561
2030,sc01,12-30 15:00:00+01:00,121.01176534868841
2030,sc01,12-30 16:00:00+01:00,214.77319157807756
2030,sc01,12-30 17:00:00+01:00,706.4469685018579
2030,sc01,12-30 18:00:00+01:00,3680.2065289230454
2030,sc01,12-30 19:00:00+01:00,3650.738256750555
2030,sc01,12-30 20:00:00+01:00,2992.4701398936336
2030,sc01,12-30 21:00:00+01:00,2232.5025221730675
2030,sc01,12-30 22:00:00+01:00,1430.1778896823964
2030,sc01,12-30 23:00:00+01:00,569.0593014023257
