,LoadLevel,PV_Cadiz,PV_Malaga,PV_Sevilla,Wind_Acoruna,Wind_Bilbo,Wind_Gijon
0,01-01 00:00:00+01:00,0.0,0.0,0.0,58.3907339240001,213.3944422,252.1425604
1,01-01 01:00:00+01:00,0.0,0.0,0.0,58.3907339240001,213.3944422,252.1425604
2,01-01 02:00:00+01:00,0.0,0.0,0.0,58.3907339240001,213.3944422,252.1425604
3,01-01 03:00:00+01:00,0.0,0.0,0.0,58.3907339240001,213.3944422,252.1425604
4,01-01 04:00:00+01:00,0.0,0.0,0.0,58.3907339240001,213.3944422,252.1425604
5,01-01 05:00:00+01:00,0.0,0.0,0.0,58.3907339240001,213.3944422,252.1425604
6,01-01 06:00:00+01:00,0.0,0.0,0.0,58.3907339240001,213.3944422,252.1425604
7,01-01 07:00:00+01:00,0.0,0.0,0.0,58.3907339240001,213.3944422,252.1425604
8,01-01 08:00:00+01:00,0.0,0.0,0.0,58.3907339240001,213.3944422,252.1425604
9,01-01 09:00:00+01:00,0.0,0.0,0.0,58.3907339240001,213.3944422,252.1425604
10,01-01 10:00:00+01:00,0.0,0.0,0.0,58.3907339240001,213.3944422,252.1425604
11,01-01 11:00:00+01:00,0.0,0.0,0.0,58.3907339240001,213.3944422,252.1425604
12,01-01 12:00:00+01:00,0.0,0.0,0.0,58.3907339240001,213.3944422,252.1425604
13,01-01 13:00:00+01:00,0.0,0.0,0.0,58.3907339240001,213.3944422,252.1425604
14,01-01 14:00:00+01:00,0.0,0.0,0.0,58.3907339240001,213.3944422,252.1425604
15,01-01 15:00:00+01:00,0.0,0.0,0.0,58.3907339240001,213.3944422,252.1425604
16,01-01 16:00:00+01:00,0.0,0.0,0.0,0.0,0.0,0.0
17,01-01 17:00:00+01:00,0.0,0.0,0.0,0.0,0.0,0.0
18,01-01 18:00:00+01:00,0.0,0.0,0.0,58.3907339240001,213.3944422,252.1425604
19,01-01 19:00:00+01:00,0.0,0.0,0.0,58.3907339240001,213.3944422,252.1425604
20,01-01 20:00:00+01:00,0.0,0.0,0.0,0.0,0.0,0.0
21,01-01 21:00:00+01:00,0.0,0.0,0.0,0.0,0.0,0.0
22,01-01 22:00:00+01:00,0.0,0.0,0.0,0.0,0.0,0.0
23,01-01 23:00:00+01:00,0.0,0.0,0.0,0.0,0.0,0.0
24,01-02 00:00:00+01:00,0.0,0.0,0.0,0.0,0.0,0.0
25,01-02 01:00:00+01:00,0.0,0.0,0.0,0.0,0.0,0.0
26,01-02 02:00:00+01:00,0.0,0.0,0.0,0.0,0.0,0.0
27,01-02 03:00:00+01:00,0.0,0.0,0.0,0.0,0.0,0.0
28,01-02 04:00:00+01:00,0.0,0.0,0.0,0.0,0.0,0.0
29,01-02 05:00:00+01:00,0.0,0.0,0.0,0.0,0.0,0.0
30,01-02 06:00:00+01:00,0.0,0.0,0.0,0.0,0.0,0.0
31,01-02 07:00:00+01:00,0.0,0.0,0.0,0.0,0.0,0.0
32,01-02 08:00:00+01:00,0.0,0.0,0.0,0.0,0.0,0.0
33,01-02 09:00:00+01:00,0.0,0.0,0.0,0.0,0.0,0.0
34,01-02 10:00:00+01:00,0.0,0.0,0.0,0.0,0.0,0.0
35,01-02 11:00:00+01:00,0.0,0.0,0.0,0.0,0.0,0.0
36,01-02 12:00:00+01:00,0.0,0.0,0.0,0.0,0.0,0.0
37,01-02 13:00:00+01:00,0.0,0.0,0.0,0.0,0.0,0.0
38,01-02 14:00:00+01:00,0.0,0.0,0.0,0.0,0.0,0.0
39,01-02 15:00:00+01:00,0.0,0.0,0.0,0.0,0.0,0.0
40,01-02 16:00:00+01:00,0.0,0.0,0.0,0.0,0.0,0.0
41,01-02 17:00:00+01:00,0.0,0.0,0.0,0.0,0.0,0.0
42,01-02 18:00:00+01:00,0.0,0.0,0.0,0.0,0.0,0.0
43,01-02 19:00:00+01:00,0.0,0.0,0.0,0.0,0.0,0.0
44,01-02 20:00:00+01:00,0.0,0.0,0.0,0.0,0.0,0.0
45,01-02 21:00:00+01:00,0.0,0.0,0.0,0.0,0.0,0.0
46,01-02 22:00:00+01:00,0.0,0.0,0.0,0.0,0.0,0.0
47,01-02 23:00:00+01:00,0.0,0.0,0.0,0.0,0.0,0.0
48,01-03 00:00:00+01:00,0.0,0.0,0.0,0.0,0.0,0.0
49,01-03 01:00:00+01:00,0.0,0.0,0.0,0.0,0.0,0.0
50,01-03 02:00:00+01:00,0.0,0.0,0.0,0.0,0.0,0.0
51,01-03 03:00:00+01:00,0.0,0.0,0.0,0.0,0.0,0.0
52,01-03 04:00:00+01:00,0.0,0.0,0.0,0.0,0.0,0.0
53,01-03 05:00:00+01:00,0.0,0.0,0.0,0.0,0.0,0.0
54,01-03 06:00:00+01:00,0.0,0.0,0.0,0.0,0.0,0.0
55,01-03 07:00:00+01:00,0.0,0.0,0.0,0.0,0.0,0.0
56,01-03 08:00:00+01:00,0.0,0.0,0.0,0.0,0.0,0.0
57,01-03 09:00:00+01:00,0.0,0.0,0.0,0.0,0.0,0.0
58,01-03 10:00:00+01:00,0.0,0.0,0.0,0.0,0.0,0.0
59,01-03 11:00:00+01:00,0.0,0.0,0.0,0.0,0.0,0.0
60,01-03 12:00:00+01:00,0.0,0.0,0.0,0.0,0.0,0.0
61,01-03 13:00:00+01:00,0.0,0.0,0.0,0.0,0.0,0.0
62,01-03 14:00:00+01:00,0.0,0.0,0.0,0.0,0.0,0.0
63,01-03 15:00:00+01:00,0.0,0.0,0.0,0.0,0.0,0.0
64,01-03 16:00:00+01:00,0.0,0.0,0.0,0.0,0.0,0.0
65,01-03 17:00:00+01:00,0.0,0.0,0.0,0.0,0.0,0.0
66,01-03 18:00:00+01:00,0.0,0.0,0.0,0.0,0.0,0.0
67,01-03 19:00:00+01:00,0.0,0.0,0.0,0.0,0.0,0.0
68,01-03 20:00:00+01:00,0.0,0.0,0.0,0.0,0.0,0.0
69,01-03 21:00:00+01:00,0.0,0.0,0.0,0.0,0.0,0.0
70,01-03 22:00:00+01:00,0.0,0.0,0.0,0.0,0.0,0.0
71,01-03 23:00:00+01:00,0.0,0.0,0.0,0.0,0.0,0.0
72,01-04 00:00:00+01:00,0.0,0.0,0.0,0.0,0.0,0.0
73,01-04 01:00:00+01:00,0.0,0.0,0.0,0.0,0.0,0.0
74,01-04 02:00:00+01:00,0.0,0.0,0.0,0.0,0.0,0.0
75,01-04 03:00:00+01:00,0.0,0.0,0.0,0.0,0.0,0.0
76,01-04 04:00:00+01:00,0.0,0.0,0.0,0.0,0.0,0.0
77,01-04 05:00:00+01:00,0.0,0.0,0.0,0.0,0.0,0.0
78,01-04 06:00:00+01:00,0.0,0.0,0.0,0.0,0.0,0.0
79,01-04 07:00:00+01:00,0.0,0.0,0.0,0.0,0.0,0.0
80,01-04 08:00:00+01:00,0.0,0.0,0.0,0.0,0.0,0.0
81,01-04 09:00:00+01:00,0.0,0.0,0.0,0.0,0.0,0.0
82,01-04 10:00:00+01:00,0.0,0.0,0.0,0.0,0.0,0.0
83,01-04 11:00:00+01:00,0.0,0.0,0.0,0.0,0.0,0.0
84,01-04 12:00:00+01:00,0.0,0.0,0.0,0.0,0.0,0.0
85,01-04 13:00:00+01:00,0.0,0.0,0.0,0.0,0.0,0.0
86,01-04 14:00:00+01:00,0.0,0.0,0.0,0.0,0.0,0.0
87,01-04 15:00:00+01:00,0.0,0.0,0.0,0.0,0.0,0.0
88,01-04 16:00:00+01:00,0.0,0.0,0.0,0.0,0.0,0.0
89,01-04 17:00:00+01:00,0.0,0.0,0.0,0.0,0.0,0.0
90,01-04 18:00:00+01:00,0.0,0.0,0.0,0.0,0.0,0.0
91,01-04 19:00:00+01:00,0.0,0.0,0.0,0.0,0.0,0.0
92,01-04 20:00:00+01:00,0.0,0.0,0.0,0.0,0.0,0.0
93,01-04 21:00:00+01:00,0.0,0.0,0.0,0.0,0.0,0.0
94,01-04 22:00:00+01:00,0.0,0.0,0.0,0.0,0.0,0.0
95,01-04 23:00:00+01:00,0.0,0.0,0.0,0.0,0.0,0.0
96,01-05 00:00:00+01:00,0.0,0.0,0.0,0.0,0.0,0.0
97,01-05 01:00:00+01:00,0.0,0.0,0.0,0.0,0.0,0.0
98,01-05 02:00:00+01:00,0.0,0.0,0.0,0.0,0.0,0.0
99,01-05 03:00:00+01:00,0.0,0.0,0.0,0.0,0.0,0.0
100,01-05 04:00:00+01:00,0.0,0.0,0.0,0.0,0.0,0.0
101,01-05 05:00:00+01:00,0.0,0.0,0.0,0.0,0.0,0.0
102,01-05 06:00:00+01:00,0.0,0.0,0.0,0.0,0.0,0.0
103,01-05 07:00:00+01:00,0.0,0.0,0.0,0.0,0.0,0.0
104,01-05 08:00:00+01:00,0.0,0.0,0.0,0.0,0.0,0.0
105,01-05 09:00:00+01:00,0.0,0.0,0.0,0.0,0.0,0.0
106,01-05 10:00:00+01:00,0.0,0.0,0.0,0.0,0.0,0.0
107,01-05 11:00:00+01:00,0.0,0.0,0.0,0.0,0.0,0.0
108,01-05 12:00:00+01:00,0.0,0.0,0.0,0.0,0.0,0.0
109,01-05 13:00:00+01:00,0.0,0.0,0.0,0.0,0.0,0.0
110,01-05 14:00:00+01:00,0.0,0.0,0.0,0.0,0.0,0.0
111,01-05 15:00:00+01:00,0.0,0.0,0.0,0.0,0.0,0.0
112,01-05 16:00:00+01:00,0.0,0.0,0.0,0.0,0.0,0.0
113,01-05 17:00:00+01:00,0.0,0.0,0.0,0.0,0.0,0.0
114,01-05 18:00:00+01:00,0.0,0.0,0.0,0.0,0.0,0.0
115,01-05 19:00:00+01:00,0.0,0.0,0.0,0.0,0.0,0.0
116,01-05 20:00:00+01:00,0.0,0.0,0.0,0.0,0.0,0.0
117,01-05 21:00:00+01:00,0.0,0.0,0.0,0.0,0.0,0.0
118,01-05 22:00:00+01:00,0.0,0.0,0.0,0.0,0.0,0.0
119,01-05 23:00:00+01:00,0.0,0.0,0.0,0.0,0.0,0.0
120,01-06 00:00:00+01:00,0.0,0.0,0.0,0.0,0.0,0.0
121,01-06 01:00:00+01:00,0.0,0.0,0.0,0.0,0.0,0.0
122,01-06 02:00:00+01:00,0.0,0.0,0.0,0.0,0.0,0.0
123,01-06 03:00:00+01:00,0.0,0.0,0.0,0.0,0.0,0.0
124,01-06 04:00:00+01:00,0.0,0.0,0.0,0.0,0.0,0.0
125,01-06 05:00:00+01:00,0.0,0.0,0.0,0.0,0.0,0.0
126,01-06 06:00:00+01:00,0.0,0.0,0.0,0.0,0.0,0.0
127,01-06 07:00:00+01:00,0.0,0.0,0.0,0.0,0.0,0.0
128,01-06 08:00:00+01:00,0.0,0.0,0.0,0.0,0.0,0.0
129,01-06 09:00:00+01:00,0.0,0.0,0.0,0.0,0.0,0.0
130,01-06 10:00:00+01:00,0.0,0.0,0.0,0.0,0.0,0.0
131,01-06 11:00:00+01:00,0.0,0.0,0.0,0.0,0.0,0.0
132,01-06 12:00:00+01:00,0.0,0.0,0.0,0.0,0.0,0.0
133,01-06 13:00:00+01:00,0.0,0.0,0.0,0.0,0.0,0.0
134,01-06 14:00:00+01:00,0.0,0.0,0.0,0.0,0.0,0.0
135,01-06 15:00:00+01:00,0.0,0.0,0.0,0.0,0.0,0.0
136,01-06 16:00:00+01:00,0.0,0.0,0.0,0.0,0.0,0.0
137,01-06 17:00:00+01:00,0.0,0.0,0.0,0.0,0.0,0.0
138,01-06 18:00:00+01:00,0.0,0.0,0.0,0.0,0.0,0.0
139,01-06 19:00:00+01:00,0.0,0.0,0.0,0.0,0.0,0.0
140,01-06 20:00:00+01:00,0.0,0.0,0.0,0.0,0.0,0.0
141,01-06 21:00:00+01:00,0.0,0.0,0.0,0.0,0.0,0.0
142,01-06 22:00:00+01:00,0.0,0.0,0.0,0.0,0.0,0.0
143,01-06 23:00:00+01:00,0.0,0.0,0.0,0.0,0.0,0.0
144,01-07 00:00:00+01:00,0.0,0.0,0.0,0.0,0.0,0.0
145,01-07 01:00:00+01:00,0.0,0.0,0.0,0.0,0.0,0.0
146,01-07 02:00:00+01:00,0.0,0.0,0.0,0.0,0.0,0.0
147,01-07 03:00:00+01:00,0.0,0.0,0.0,0.0,0.0,0.0
148,01-07 04:00:00+01:00,0.0,0.0,0.0,0.0,0.0,0.0
149,01-07 05:00:00+01:00,0.0,0.0,0.0,0.0,0.0,0.0
150,01-07 06:00:00+01:00,0.0,0.0,0.0,0.0,0.0,0.0
151,01-07 07:00:00+01:00,0.0,0.0,0.0,0.0,0.0,0.0
152,01-07 08:00:00+01:00,0.0,0.0,0.0,0.0,0.0,0.0
153,01-07 09:00:00+01:00,0.0,0.0,0.0,0.0,0.0,0.0
154,01-07 10:00:00+01:00,0.0,0.0,0.0,0.0,0.0,0.0
155,01-07 11:00:00+01:00,0.0,0.0,0.0,0.0,0.0,0.0
156,01-07 12:00:00+01:00,0.0,0.0,0.0,0.0,0.0,0.0
157,01-07 13:00:00+01:00,0.0,0.0,0.0,0.0,0.0,0.0
158,01-07 14:00:00+01:00,0.0,0.0,0.0,0.0,0.0,0.0
159,01-07 15:00:00+01:00,0.0,0.0,0.0,0.0,0.0,0.0
160,01-07 16:00:00+01:00,0.0,0.0,0.0,0.0,0.0,0.0
161,01-07 17:00:00+01:00,0.0,0.0,0.0,0.0,0.0,0.0
162,01-07 18:00:00+01:00,0.0,0.0,0.0,0.0,0.0,0.0
163,01-07 19:00:00+01:00,0.0,0.0,0.0,0.0,0.0,0.0
164,01-07 20:00:00+01:00,0.0,0.0,0.0,0.0,0.0,0.0
165,01-07 21:00:00+01:00,0.0,0.0,0.0,0.0,0.0,0.0
166,01-07 22:00:00+01:00,0.0,0.0,0.0,0.0,0.0,0.0
167,01-07 23:00:00+01:00,0.0,0.0,0.0,0.0,0.0,0.0
168,01-08 00:00:00+01:00,0.0,0.0,0.0,0.0,0.0,0.0
169,01-08 01:00:00+01:00,0.0,0.0,0.0,0.0,0.0,0.0
170,01-08 02:00:00+01:00,0.0,0.0,0.0,0.0,0.0,0.0
171,01-08 03:00:00+01:00,0.0,0.0,0.0,0.0,0.0,0.0
172,01-08 04:00:00+01:00,0.0,0.0,0.0,0.0,0.0,0.0
173,01-08 05:00:00+01:00,0.0,0.0,0.0,0.0,0.0,0.0
174,01-08 06:00:00+01:00,0.0,0.0,0.0,0.0,0.0,0.0
175,01-08 07:00:00+01:00,0.0,0.0,0.0,0.0,0.0,0.0
176,01-08 08:00:00+01:00,0.0,0.0,0.0,0.0,0.0,0.0
177,01-08 09:00:00+01:00,0.0,0.0,0.0,0.0,0.0,0.0
178,01-08 10:00:00+01:00,0.0,0.0,0.0,0.0,0.0,0.0
179,01-08 11:00:00+01:00,0.0,0.0,0.0,0.0,0.0,0.0
180,01-08 12:00:00+01:00,0.0,0.0,0.0,0.0,0.0,0.0
181,01-08 13:00:00+01:00,0.0,0.0,0.0,0.0,0.0,0.0
182,01-08 14:00:00+01:00,0.0,0.0,0.0,0.0,0.0,0.0
183,01-08 15:00:00+01:00,0.0,0.0,0.0,0.0,0.0,0.0
184,01-08 16:00:00+01:00,0.0,0.0,0.0,0.0,0.0,0.0
185,01-08 17:00:00+01:00,0.0,0.0,0.0,0.0,0.0,0.0
186,01-08 18:00:00+01:00,0.0,0.0,0.0,0.0,0.0,0.0
187,01-08 19:00:00+01:00,0.0,0.0,0.0,0.0,0.0,0.0
188,01-08 20:00:00+01:00,0.0,0.0,0.0,0.0,0.0,0.0
189,01-08 21:00:00+01:00,0.0,0.0,0.0,0.0,0.0,0.0
190,01-08 22:00:00+01:00,0.0,0.0,0.0,0.0,0.0,0.0
191,01-08 23:00:00+01:00,0.0,0.0,0.0,0.0,0.0,0.0
192,01-09 00:00:00+01:00,0.0,0.0,0.0,0.0,0.0,0.0
193,01-09 01:00:00+01:00,0.0,0.0,0.0,0.0,0.0,0.0
194,01-09 02:00:00+01:00,0.0,0.0,0.0,0.0,0.0,0.0
195,01-09 03:00:00+01:00,0.0,0.0,0.0,0.0,0.0,0.0
196,01-09 04:00:00+01:00,0.0,0.0,0.0,0.0,0.0,0.0
197,01-09 05:00:00+01:00,0.0,0.0,0.0,0.0,0.0,0.0
198,01-09 06:00:00+01:00,0.0,0.0,0.0,0.0,0.0,0.0
199,01-09 07:00:00+01:00,0.0,0.0,0.0,0.0,0.0,0.0
200,01-09 08:00:00+01:00,0.0,0.0,0.0,0.0,0.0,0.0
201,01-09 09:00:00+01:00,0.0,0.0,0.0,0.0,0.0,0.0
202,01-09 10:00:00+01:00,0.0,0.0,0.0,0.0,0.0,0.0
203,01-09 11:00:00+01:00,0.0,0.0,0.0,0.0,0.0,0.0
204,01-09 12:00:00+01:00,0.0,0.0,0.0,0.0,0.0,0.0
205,01-09 13:00:00+01:00,0.0,0.0,0.0,0.0,0.0,0.0
206,01-09 14:00:00+01:00,0.0,0.0,0.0,0.0,0.0,0.0
207,01-09 15:00:00+01:00,0.0,0.0,0.0,0.0,0.0,0.0
208,01-09 16:00:00+01:00,0.0,0.0,0.0,0.0,0.0,0.0
209,01-09 17:00:00+01:00,0.0,0.0,0.0,0.0,0.0,0.0
210,01-09 18:00:00+01:00,0.0,0.0,0.0,0.0,0.0,0.0
211,01-09 19:00:00+01:00,0.0,0.0,0.0,0.0,0.0,0.0
212,01-09 20:00:00+01:00,0.0,0.0,0.0,0.0,0.0,0.0
213,01-09 21:00:00+01:00,0.0,0.0,0.0,0.0,0.0,0.0
214,01-09 22:00:00+01:00,0.0,0.0,0.0,0.0,0.0,0.0
215,01-09 23:00:00+01:00,0.0,0.0,0.0,0.0,0.0,0.0
216,01-10 00:00:00+01:00,0.0,0.0,0.0,0.0,0.0,0.0
217,01-10 01:00:00+01:00,0.0,0.0,0.0,0.0,0.0,0.0
218,01-10 02:00:00+01:00,0.0,0.0,0.0,0.0,0.0,0.0
219,01-10 03:00:00+01:00,0.0,0.0,0.0,0.0,0.0,0.0
220,01-10 04:00:00+01:00,0.0,0.0,0.0,0.0,0.0,0.0
221,01-10 05:00:00+01:00,0.0,0.0,0.0,0.0,0.0,0.0
222,01-10 06:00:00+01:00,0.0,0.0,0.0,0.0,0.0,0.0
223,01-10 07:00:00+01:00,0.0,0.0,0.0,0.0,0.0,0.0
224,01-10 08:00:00+01:00,0.0,0.0,0.0,0.0,0.0,0.0
225,01-10 09:00:00+01:00,0.0,0.0,0.0,0.0,0.0,0.0
226,01-10 10:00:00+01:00,0.0,0.0,0.0,0.0,0.0,0.0
227,01-10 11:00:00+01:00,0.0,0.0,0.0,0.0,0.0,0.0
228,01-10 12:00:00+01:00,0.0,0.0,0.0,0.0,0.0,0.0
229,01-10 13:00:00+01:00,0.0,0.0,0.0,0.0,0.0,0.0
230,01-10 14:00:00+01:00,0.0,0.0,0.0,0.0,0.0,0.0
231,01-10 15:00:00+01:00,0.0,0.0,0.0,0.0,0.0,0.0
232,01-10 16:00:00+01:00,0.0,0.0,0.0,0.0,0.0,0.0
233,01-10 17:00:00+01:00,0.0,0.0,0.0,0.0,0.0,0.0
234,01-10 18:00:00+01:00,0.0,0.0,0.0,0.0,0.0,0.0
235,01-10 19:00:00+01:00,0.0,0.0,0.0,0.0,0.0,0.0
236,01-10 20:00:00+01:00,0.0,0.0,0.0,0.0,0.0,0.0
237,01-10 21:00:00+01:00,0.0,0.0,0.0,0.0,0.0,0.0
238,01-10 22:00:00+01:00,0.0,0.0,0.0,0.0,0.0,0.0
239,01-10 23:00:00+01:00,0.0,0.0,0.0,0.0,0.0,0.0
240,01-11 00:00:00+01:00,0.0,0.0,0.0,0.0,0.0,0.0
241,01-11 01:00:00+01:00,0.0,0.0,0.0,0.0,0.0,0.0
242,01-11 02:00:00+01:00,0.0,0.0,0.0,0.0,0.0,0.0
243,01-11 03:00:00+01:00,0.0,0.0,0.0,0.0,0.0,0.0
244,01-11 04:00:00+01:00,0.0,0.0,0.0,0.0,0.0,0.0
245,01-11 05:00:00+01:00,0.0,0.0,0.0,0.0,0.0,0.0
246,01-11 06:00:00+01:00,0.0,0.0,0.0,0.0,0.0,0.0
247,01-11 07:00:00+01:00,0.0,0.0,0.0,0.0,0.0,0.0
248,01-11 08:00:00+01:00,0.0,0.0,0.0,0.0,0.0,0.0
249,01-11 09:00:00+01:00,0.0,0.0,0.0,0.0,0.0,0.0
250,01-11 10:00:00+01:00,0.0,0.0,0.0,0.0,0.0,0.0
251,01-11 11:00:00+01:00,0.0,0.0,0.0,0.0,0.0,0.0
252,01-11 12:00:00+01:00,0.0,0.0,0.0,0.0,0.0,0.0
253,01-11 13:00:00+01:00,0.0,0.0,0.0,0.0,0.0,0.0
254,01-11 14:00:00+01:00,0.0,0.0,0.0,0.0,0.0,0.0
255,01-11 15:00:00+01:00,0.0,0.0,0.0,0.0,0.0,0.0
256,01-11 16:00:00+01:00,0.0,0.0,0.0,0.0,0.0,0.0
257,01-11 17:00:00+01:00,0.0,0.0,0.0,0.0,0.0,0.0
258,01-11 18:00:00+01:00,0.0,0.0,0.0,0.0,0.0,0.0
259,01-11 19:00:00+01:00,0.0,0.0,0.0,0.0,0.0,0.0
260,01-11 20:00:00+01:00,0.0,0.0,0.0,0.0,0.0,0.0
261,01-11 21:00:00+01:00,0.0,0.0,0.0,0.0,0.0,0.0
262,01-11 22:00:00+01:00,0.0,0.0,0.0,0.0,0.0,0.0
263,01-11 23:00:00+01:00,0.0,0.0,0.0,0.0,0.0,0.0
264,01-12 00:00:00+01:00,0.0,0.0,0.0,0.0,0.0,0.0
265,01-12 01:00:00+01:00,0.0,0.0,0.0,0.0,0.0,0.0
266,01-12 02:00:00+01:00,0.0,0.0,0.0,0.0,0.0,0.0
267,01-12 03:00:00+01:00,0.0,0.0,0.0,0.0,0.0,0.0
268,01-12 04:00:00+01:00,0.0,0.0,0.0,0.0,0.0,0.0
269,01-12 05:00:00+01:00,0.0,0.0,0.0,0.0,0.0,0.0
270,01-12 06:00:00+01:00,0.0,0.0,0.0,0.0,0.0,0.0
271,01-12 07:00:00+01:00,0.0,0.0,0.0,0.0,0.0,0.0
272,01-12 08:00:00+01:00,0.0,0.0,0.0,0.0,0.0,0.0
273,01-12 09:00:00+01:00,0.0,0.0,0.0,0.0,0.0,0.0
274,01-12 10:00:00+01:00,0.0,0.0,0.0,0.0,0.0,0.0
275,01-12 11:00:00+01:00,0.0,0.0,0.0,0.0,0.0,0.0
276,01-12 12:00:00+01:00,0.0,0.0,0.0,0.0,0.0,0.0
277,01-12 13:00:00+01:00,0.0,0.0,0.0,0.0,0.0,0.0
278,01-12 14:00:00+01:00,0.0,0.0,0.0,0.0,0.0,0.0
279,01-12 15:00:00+01:00,0.0,0.0,0.0,0.0,0.0,0.0
280,01-12 16:00:00+01:00,0.0,0.0,0.0,0.0,0.0,0.0
281,01-12 17:00:00+01:00,0.0,0.0,0.0,0.0,0.0,0.0
282,01-12 18:00:00+01:00,0.0,0.0,0.0,0.0,0.0,0.0
283,01-12 19:00:00+01:00,0.0,0.0,0.0,0.0,0.0,0.0
284,01-12 20:00:00+01:00,0.0,0.0,0.0,0.0,0.0,0.0
285,01-12 21:00:00+01:00,0.0,0.0,0.0,0.0,0.0,0.0
286,01-12 22:00:00+01:00,0.0,0.0,0.0,0.0,0.0,0.0
287,01-12 23:00:00+01:00,0.0,0.0,0.0,0.0,0.0,0.0
288,01-13 00:00:00+01:00,0.0,0.0,0.0,0.0,0.0,0.0
289,01-13 01:00:00+01:00,0.0,0.0,0.0,0.0,0.0,0.0
290,01-13 02:00:00+01:00,0.0,0.0,0.0,0.0,0.0,0.0
291,01-13 03:00:00+01:00,0.0,0.0,0.0,0.0,0.0,0.0
292,01-13 04:00:00+01:00,0.0,0.0,0.0,0.0,0.0,0.0
293,01-13 05:00:00+01:00,0.0,0.0,0.0,0.0,0.0,0.0
294,01-13 06:00:00+01:00,0.0,0.0,0.0,0.0,0.0,0.0
295,01-13 07:00:00+01:00,0.0,0.0,0.0,0.0,0.0,0.0
296,01-13 08:00:00+01:00,0.0,0.0,0.0,0.0,0.0,0.0
297,01-13 09:00:00+01:00,0.0,0.0,0.0,0.0,0.0,0.0
298,01-13 10:00:00+01:00,0.0,0.0,0.0,0.0,0.0,0.0
299,01-13 11:00:00+01:00,0.0,0.0,0.0,0.0,0.0,0.0
300,01-13 12:00:00+01:00,0.0,0.0,0.0,0.0,0.0,0.0
301,01-13 13:00:00+01:00,0.0,0.0,0.0,0.0,0.0,0.0
302,01-13 14:00:00+01:00,0.0,0.0,0.0,0.0,0.0,0.0
303,01-13 15:00:00+01:00,0.0,0.0,0.0,0.0,0.0,0.0
304,01-13 16:00:00+01:00,0.0,0.0,0.0,0.0,0.0,0.0
305,01-13 17:00:00+01:00,0.0,0.0,0.0,0.0,0.0,0.0
306,01-13 18:00:00+01:00,0.0,0.0,0.0,0.0,0.0,0.0
307,01-13 19:00:00+01:00,0.0,0.0,0.0,0.0,0.0,0.0
308,01-13 20:00:00+01:00,0.0,0.0,0.0,0.0,0.0,0.0
309,01-13 21:00:00+01:00,0.0,0.0,0.0,0.0,0.0,0.0
310,01-13 22:00:00+01:00,0.0,0.0,0.0,0.0,0.0,0.0
311,01-13 23:00:00+01:00,0.0,0.0,0.0,0.0,0.0,0.0
312,01-14 00:00:00+01:00,0.0,0.0,0.0,0.0,0.0,0.0
313,01-14 01:00:00+01:00,0.0,0.0,0.0,0.0,0.0,0.0
314,01-14 02:00:00+01:00,0.0,0.0,0.0,0.0,0.0,0.0
315,01-14 03:00:00+01:00,0.0,0.0,0.0,0.0,0.0,0.0
316,01-14 04:00:00+01:00,0.0,0.0,0.0,0.0,0.0,0.0
317,01-14 05:00:00+01:00,0.0,0.0,0.0,0.0,0.0,0.0
318,01-14 06:00:00+01:00,0.0,0.0,0.0,0.0,0.0,0.0
319,01-14 07:00:00+01:00,0.0,0.0,0.0,0.0,0.0,0.0
320,01-14 08:00:00+01:00,0.0,0.0,0.0,0.0,0.0,0.0
321,01-14 09:00:00+01:00,0.0,0.0,0.0,0.0,0.0,0.0
322,01-14 10:00:00+01:00,0.0,0.0,0.0,0.0,0.0,0.0
323,01-14 11:00:00+01:00,0.0,0.0,0.0,0.0,0.0,0.0
324,01-14 12:00:00+01:00,0.0,0.0,0.0,0.0,0.0,0.0
325,01-14 13:00:00+01:00,0.0,0.0,0.0,0.0,0.0,0.0
326,01-14 14:00:00+01:00,0.0,0.0,0.0,0.0,0.0,0.0
327,01-14 15:00:00+01:00,0.0,0.0,0.0,0.0,0.0,0.0
328,01-14 16:00:00+01:00,0.0,0.0,0.0,0.0,0.0,0.0
329,01-14 17:00:00+01:00,0.0,0.0,0.0,0.0,0.0,0.0
330,01-14 18:00:00+01:00,0.0,0.0,0.0,0.0,0.0,0.0
331,01-14 19:00:00+01:00,0.0,0.0,0.0,0.0,0.0,0.0
332,01-14 20:00:00+01:00,0.0,0.0,0.0,0.0,0.0,0.0
333,01-14 21:00:00+01:00,0.0,0.0,0.0,0.0,0.0,0.0
334,01-14 22:00:00+01:00,0.0,0.0,0.0,0.0,0.0,0.0
335,01-14 23:00:00+01:00,0.0,0.0,0.0,0.0,0.0,0.0
336,01-15 00:00:00+01:00,0.0,0.0,0.0,0.0,0.0,0.0
337,01-15 01:00:00+01:00,0.0,0.0,0.0,0.0,0.0,0.0
338,01-15 02:00:00+01:00,0.0,0.0,0.0,0.0,0.0,0.0
339,01-15 03:00:00+01:00,0.0,0.0,0.0,0.0,0.0,0.0
340,01-15 04:00:00+01:00,0.0,0.0,0.0,0.0,0.0,0.0
341,01-15 05:00:00+01:00,0.0,0.0,0.0,0.0,0.0,0.0
342,01-15 06:00:00+01:00,0.0,0.0,0.0,0.0,0.0,0.0
343,01-15 07:00:00+01:00,0.0,0.0,0.0,0.0,0.0,0.0
344,01-15 08:00:00+01:00,0.0,0.0,0.0,0.0,0.0,0.0
345,01-15 09:00:00+01:00,0.0,0.0,0.0,0.0,0.0,0.0
346,01-15 10:00:00+01:00,0.0,0.0,0.0,0.0,0.0,0.0
347,01-15 11:00:00+01:00,0.0,0.0,0.0,0.0,0.0,0.0
348,01-15 12:00:00+01:00,0.0,0.0,0.0,0.0,0.0,0.0
349,01-15 13:00:00+01:00,0.0,0.0,0.0,0.0,0.0,0.0
350,01-15 14:00:00+01:00,0.0,0.0,0.0,0.0,0.0,0.0
351,01-15 15:00:00+01:00,0.0,0.0,0.0,0.0,0.0,0.0
352,01-15 16:00:00+01:00,0.0,0.0,0.0,0.0,0.0,0.0
353,01-15 17:00:00+01:00,0.0,0.0,0.0,0.0,0.0,0.0
354,01-15 18:00:00+01:00,0.0,0.0,0.0,0.0,0.0,0.0
355,01-15 19:00:00+01:00,0.0,0.0,0.0,0.0,0.0,0.0
356,01-15 20:00:00+01:00,0.0,0.0,0.0,0.0,0.0,0.0
357,01-15 21:00:00+01:00,0.0,0.0,0.0,0.0,0.0,0.0
358,01-15 22:00:00+01:00,0.0,0.0,0.0,0.0,0.0,0.0
359,01-15 23:00:00+01:00,0.0,0.0,0.0,0.0,0.0,0.0
360,01-16 00:00:00+01:00,0.0,0.0,0.0,0.0,0.0,0.0
361,01-16 01:00:00+01:00,0.0,0.0,0.0,0.0,0.0,0.0
362,01-16 02:00:00+01:00,0.0,0.0,0.0,0.0,0.0,0.0
363,01-16 03:00:00+01:00,0.0,0.0,0.0,0.0,0.0,0.0
364,01-16 04:00:00+01:00,0.0,0.0,0.0,0.0,0.0,0.0
365,01-16 05:00:00+01:00,0.0,0.0,0.0,0.0,0.0,0.0
366,01-16 06:00:00+01:00,0.0,0.0,0.0,0.0,0.0,0.0
367,01-16 07:00:00+01:00,0.0,0.0,0.0,0.0,0.0,0.0
368,01-16 08:00:00+01:00,0.0,0.0,0.0,0.0,0.0,0.0
369,01-16 09:00:00+01:00,0.0,0.0,0.0,0.0,0.0,0.0
370,01-16 10:00:00+01:00,0.0,0.0,0.0,0.0,0.0,0.0
371,01-16 11:00:00+01:00,0.0,0.0,0.0,0.0,0.0,0.0
372,01-16 12:00:00+01:00,0.0,0.0,0.0,0.0,0.0,0.0
373,01-16 13:00:00+01:00,0.0,0.0,0.0,0.0,0.0,0.0
374,01-16 14:00:00+01:00,0.0,0.0,0.0,0.0,0.0,0.0
375,01-16 15:00:00+01:00,0.0,0.0,0.0,0.0,0.0,0.0
376,01-16 16:00:00+01:00,0.0,0.0,0.0,0.0,0.0,0.0
377,01-16 17:00:00+01:00,0.0,0.0,0.0,0.0,0.0,0.0
378,01-16 18:00:00+01:00,0.0,0.0,0.0,0.0,0.0,0.0
379,01-16 19:00:00+01:00,0.0,0.0,0.0,0.0,0.0,0.0
380,01-16 20:00:00+01:00,0.0,0.0,0.0,0.0,0.0,0.0
381,01-16 21:00:00+01:00,0.0,0.0,0.0,0.0,0.0,0.0
382,01-16 22:00:00+01:00,0.0,0.0,0.0,0.0,0.0,0.0
383,01-16 23:00:00+01:00,0.0,0.0,0.0,0.0,0.0,0.0
384,01-17 00:00:00+01:00,0.0,0.0,0.0,0.0,0.0,0.0
385,01-17 01:00:00+01:00,0.0,0.0,0.0,0.0,0.0,0.0
386,01-17 02:00:00+01:00,0.0,0.0,0.0,0.0,0.0,0.0
387,01-17 03:00:00+01:00,0.0,0.0,0.0,0.0,0.0,0.0
388,01-17 04:00:00+01:00,0.0,0.0,0.0,0.0,0.0,0.0
389,01-17 05:00:00+01:00,0.0,0.0,0.0,0.0,0.0,0.0
390,01-17 06:00:00+01:00,0.0,0.0,0.0,0.0,0.0,0.0
391,01-17 07:00:00+01:00,0.0,0.0,0.0,0.0,0.0,0.0
392,01-17 08:00:00+01:00,0.0,0.0,0.0,0.0,0.0,0.0
393,01-17 09:00:00+01:00,0.0,0.0,0.0,0.0,0.0,0.0
394,01-17 10:00:00+01:00,0.0,0.0,0.0,0.0,0.0,0.0
395,01-17 11:00:00+01:00,0.0,0.0,0.0,0.0,0.0,0.0
396,01-17 12:00:00+01:00,0.0,0.0,0.0,0.0,0.0,0.0
397,01-17 13:00:00+01:00,0.0,0.0,0.0,0.0,0.0,0.0
398,01-17 14:00:00+01:00,0.0,0.0,0.0,0.0,0.0,0.0
399,01-17 15:00:00+01:00,0.0,0.0,0.0,0.0,0.0,0.0
400,01-17 16:00:00+01:00,0.0,0.0,0.0,0.0,0.0,0.0
401,01-17 17:00:00+01:00,0.0,0.0,0.0,0.0,0.0,0.0
402,01-17 18:00:00+01:00,0.0,0.0,0.0,0.0,0.0,0.0
403,01-17 19:00:00+01:00,0.0,0.0,0.0,0.0,0.0,0.0
404,01-17 20:00:00+01:00,0.0,0.0,0.0,0.0,0.0,0.0
405,01-17 21:00:00+01:00,0.0,0.0,0.0,0.0,0.0,0.0
406,01-17 22:00:00+01:00,0.0,0.0,0.0,0.0,0.0,0.0
407,01-17 23:00:00+01:00,0.0,0.0,0.0,0.0,0.0,0.0
408,01-18 00:00:00+01:00,0.0,0.0,0.0,0.0,0.0,0.0
409,01-18 01:00:00+01:00,0.0,0.0,0.0,0.0,0.0,0.0
410,01-18 02:00:00+01:00,0.0,0.0,0.0,0.0,0.0,0.0
411,01-18 03:00:00+01:00,0.0,0.0,0.0,0.0,0.0,0.0
412,01-18 04:00:00+01:00,0.0,0.0,0.0,0.0,0.0,0.0
413,01-18 05:00:00+01:00,0.0,0.0,0.0,0.0,0.0,0.0
414,01-18 06:00:00+01:00,0.0,0.0,0.0,0.0,0.0,0.0
415,01-18 07:00:00+01:00,0.0,0.0,0.0,0.0,0.0,0.0
416,01-18 08:00:00+01:00,0.0,0.0,0.0,0.0,0.0,0.0
417,01-18 09:00:00+01:00,0.0,0.0,0.0,0.0,0.0,0.0
418,01-18 10:00:00+01:00,0.0,0.0,0.0,0.0,0.0,0.0
419,01-18 11:00:00+01:00,0.0,0.0,0.0,0.0,0.0,0.0
420,01-18 12:00:00+01:00,0.0,0.0,0.0,0.0,0.0,0.0
421,01-18 13:00:00+01:00,0.0,0.0,0.0,0.0,0.0,0.0
422,01-18 14:00:00+01:00,0.0,0.0,0.0,0.0,0.0,0.0
423,01-18 15:00:00+01:00,0.0,0.0,0.0,0.0,0.0,0.0
424,01-18 16:00:00+01:00,0.0,0.0,0.0,0.0,0.0,0.0
425,01-18 17:00:00+01:00,0.0,0.0,0.0,0.0,0.0,0.0
426,01-18 18:00:00+01:00,0.0,0.0,0.0,0.0,0.0,0.0
427,01-18 19:00:00+01:00,0.0,0.0,0.0,0.0,0.0,0.0
428,01-18 20:00:00+01:00,0.0,0.0,0.0,0.0,0.0,0.0
429,01-18 21:00:00+01:00,0.0,0.0,0.0,0.0,0.0,0.0
430,01-18 22:00:00+01:00,0.0,0.0,0.0,0.0,0.0,0.0
431,01-18 23:00:00+01:00,0.0,0.0,0.0,0.0,0.0,0.0
432,01-19 00:00:00+01:00,0.0,0.0,0.0,0.0,0.0,0.0
433,01-19 01:00:00+01:00,0.0,0.0,0.0,0.0,0.0,0.0
434,01-19 02:00:00+01:00,0.0,0.0,0.0,0.0,0.0,0.0
435,01-19 03:00:00+01:00,0.0,0.0,0.0,0.0,0.0,0.0
436,01-19 04:00:00+01:00,0.0,0.0,0.0,0.0,0.0,0.0
437,01-19 05:00:00+01:00,0.0,0.0,0.0,0.0,0.0,0.0
438,01-19 06:00:00+01:00,0.0,0.0,0.0,0.0,0.0,0.0
439,01-19 07:00:00+01:00,0.0,0.0,0.0,0.0,0.0,0.0
440,01-19 08:00:00+01:00,0.0,0.0,0.0,0.0,0.0,0.0
441,01-19 09:00:00+01:00,0.0,0.0,0.0,0.0,0.0,0.0
442,01-19 10:00:00+01:00,0.0,0.0,0.0,0.0,0.0,0.0
443,01-19 11:00:00+01:00,0.0,0.0,0.0,0.0,0.0,0.0
444,01-19 12:00:00+01:00,0.0,0.0,0.0,0.0,0.0,0.0
445,01-19 13:00:00+01:00,0.0,0.0,0.0,0.0,0.0,0.0
446,01-19 14:00:00+01:00,0.0,0.0,0.0,0.0,0.0,0.0
447,01-19 15:00:00+01:00,0.0,0.0,0.0,0.0,0.0,0.0
448,01-19 16:00:00+01:00,0.0,0.0,0.0,0.0,0.0,0.0
449,01-19 17:00:00+01:00,0.0,0.0,0.0,0.0,0.0,0.0
450,01-19 18:00:00+01:00,0.0,0.0,0.0,0.0,0.0,0.0
451,01-19 19:00:00+01:00,0.0,0.0,0.0,0.0,0.0,0.0
452,01-19 20:00:00+01:00,0.0,0.0,0.0,0.0,0.0,0.0
453,01-19 21:00:00+01:00,0.0,0.0,0.0,0.0,0.0,0.0
454,01-19 22:00:00+01:00,0.0,0.0,0.0,0.0,0.0,0.0
455,01-19 23:00:00+01:00,0.0,0.0,0.0,0.0,0.0,0.0
456,01-20 00:00:00+01:00,0.0,0.0,0.0,0.0,0.0,0.0
457,01-20 01:00:00+01:00,0.0,0.0,0.0,0.0,0.0,0.0
458,01-20 02:00:00+01:00,0.0,0.0,0.0,0.0,0.0,0.0
459,01-20 03:00:00+01:00,0.0,0.0,0.0,0.0,0.0,0.0
460,01-20 04:00:00+01:00,0.0,0.0,0.0,0.0,0.0,0.0
461,01-20 05:00:00+01:00,0.0,0.0,0.0,0.0,0.0,0.0
462,01-20 06:00:00+01:00,0.0,0.0,0.0,0.0,0.0,0.0
463,01-20 07:00:00+01:00,0.0,0.0,0.0,0.0,0.0,0.0
464,01-20 08:00:00+01:00,0.0,0.0,0.0,0.0,0.0,0.0
465,01-20 09:00:00+01:00,0.0,0.0,0.0,0.0,0.0,0.0
466,01-20 10:00:00+01:00,0.0,0.0,0.0,0.0,0.0,0.0
467,01-20 11:00:00+01:00,0.0,0.0,0.0,0.0,0.0,0.0
468,01-20 12:00:00+01:00,0.0,0.0,0.0,0.0,0.0,0.0
469,01-20 13:00:00+01:00,0.0,0.0,0.0,0.0,0.0,0.0
470,01-20 14:00:00+01:00,0.0,0.0,0.0,0.0,0.0,0.0
471,01-20 15:00:00+01:00,0.0,0.0,0.0,0.0,0.0,0.0
472,01-20 16:00:00+01:00,0.0,0.0,0.0,0.0,0.0,0.0
473,01-20 17:00:00+01:00,0.0,0.0,0.0,0.0,0.0,0.0
474,01-20 18:00:00+01:00,0.0,0.0,0.0,0.0,0.0,0.0
475,01-20 19:00:00+01:00,0.0,0.0,0.0,0.0,0.0,0.0
476,01-20 20:00:00+01:00,0.0,0.0,0.0,0.0,0.0,0.0
477,01-20 21:00:00+01:00,0.0,0.0,0.0,0.0,0.0,0.0
478,01-20 22:00:00+01:00,0.0,0.0,0.0,0.0,0.0,0.0
479,01-20 23:00:00+01:00,0.0,0.0,0.0,0.0,0.0,0.0
480,01-21 00:00:00+01:00,0.0,0.0,0.0,0.0,0.0,0.0
481,01-21 01:00:00+01:00,0.0,0.0,0.0,0.0,0.0,0.0
482,01-21 02:00:00+01:00,0.0,0.0,0.0,0.0,0.0,0.0
483,01-21 03:00:00+01:00,0.0,0.0,0.0,0.0,0.0,0.0
484,01-21 04:00:00+01:00,0.0,0.0,0.0,0.0,0.0,0.0
485,01-21 05:00:00+01:00,0.0,0.0,0.0,0.0,0.0,0.0
486,01-21 06:00:00+01:00,0.0,0.0,0.0,0.0,0.0,0.0
487,01-21 07:00:00+01:00,0.0,0.0,0.0,0.0,0.0,0.0
488,01-21 08:00:00+01:00,0.0,0.0,0.0,0.0,0.0,0.0
489,01-21 09:00:00+01:00,0.0,0.0,0.0,0.0,0.0,0.0
490,01-21 10:00:00+01:00,0.0,0.0,0.0,0.0,0.0,0.0
491,01-21 11:00:00+01:00,0.0,0.0,0.0,0.0,0.0,0.0
492,01-21 12:00:00+01:00,0.0,0.0,0.0,0.0,0.0,0.0
493,01-21 13:00:00+01:00,0.0,0.0,0.0,0.0,0.0,0.0
494,01-21 14:00:00+01:00,0.0,0.0,0.0,0.0,0.0,0.0
495,01-21 15:00:00+01:00,0.0,0.0,0.0,0.0,0.0,0.0
496,01-21 16:00:00+01:00,0.0,0.0,0.0,0.0,0.0,0.0
497,01-21 17:00:00+01:00,0.0,0.0,0.0,0.0,0.0,0.0
498,01-21 18:00:00+01:00,0.0,0.0,0.0,0.0,0.0,0.0
499,01-21 19:00:00+01:00,0.0,0.0,0.0,0.0,0.0,0.0
500,01-21 20:00:00+01:00,0.0,0.0,0.0,0.0,0.0,0.0
501,01-21 21:00:00+01:00,0.0,0.0,0.0,0.0,0.0,0.0
502,01-21 22:00:00+01:00,0.0,0.0,0.0,0.0,0.0,0.0
503,01-21 23:00:00+01:00,0.0,0.0,0.0,0.0,0.0,0.0
504,01-22 00:00:00+01:00,0.0,0.0,0.0,0.0,0.0,0.0
505,01-22 01:00:00+01:00,0.0,0.0,0.0,0.0,0.0,0.0
506,01-22 02:00:00+01:00,0.0,0.0,0.0,0.0,0.0,0.0
507,01-22 03:00:00+01:00,0.0,0.0,0.0,0.0,0.0,0.0
508,01-22 04:00:00+01:00,0.0,0.0,0.0,0.0,0.0,0.0
509,01-22 05:00:00+01:00,0.0,0.0,0.0,0.0,0.0,0.0
510,01-22 06:00:00+01:00,0.0,0.0,0.0,0.0,0.0,0.0
511,01-22 07:00:00+01:00,0.0,0.0,0.0,0.0,0.0,0.0
512,01-22 08:00:00+01:00,0.0,0.0,0.0,0.0,0.0,0.0
513,01-22 09:00:00+01:00,0.0,0.0,0.0,0.0,0.0,0.0
514,01-22 10:00:00+01:00,0.0,0.0,0.0,0.0,0.0,0.0
515,01-22 11:00:00+01:00,0.0,0.0,0.0,0.0,0.0,0.0
516,01-22 12:00:00+01:00,0.0,0.0,0.0,0.0,0.0,0.0
517,01-22 13:00:00+01:00,0.0,0.0,0.0,0.0,0.0,0.0
518,01-22 14:00:00+01:00,0.0,0.0,0.0,0.0,0.0,0.0
519,01-22 15:00:00+01:00,0.0,0.0,0.0,0.0,0.0,0.0
520,01-22 16:00:00+01:00,0.0,0.0,0.0,0.0,0.0,0.0
521,01-22 17:00:00+01:00,0.0,0.0,0.0,0.0,0.0,0.0
522,01-22 18:00:00+01:00,0.0,0.0,0.0,0.0,0.0,0.0
523,01-22 19:00:00+01:00,0.0,0.0,0.0,0.0,0.0,0.0
524,01-22 20:00:00+01:00,0.0,0.0,0.0,0.0,0.0,0.0
525,01-22 21:00:00+01:00,0.0,0.0,0.0,0.0,0.0,0.0
526,01-22 22:00:00+01:00,0.0,0.0,0.0,0.0,0.0,0.0
527,01-22 23:00:00+01:00,0.0,0.0,0.0,0.0,0.0,0.0
528,01-23 00:00:00+01:00,0.0,0.0,0.0,0.0,0.0,0.0
529,01-23 01:00:00+01:00,0.0,0.0,0.0,0.0,0.0,0.0
530,01-23 02:00:00+01:00,0.0,0.0,0.0,0.0,0.0,0.0
531,01-23 03:00:00+01:00,0.0,0.0,0.0,0.0,0.0,0.0
532,01-23 04:00:00+01:00,0.0,0.0,0.0,0.0,0.0,0.0
533,01-23 05:00:00+01:00,0.0,0.0,0.0,0.0,0.0,0.0
534,01-23 06:00:00+01:00,0.0,0.0,0.0,0.0,0.0,0.0
535,01-23 07:00:00+01:00,0.0,0.0,0.0,0.0,0.0,0.0
536,01-23 08:00:00+01:00,0.0,0.0,0.0,0.0,0.0,0.0
537,01-23 09:00:00+01:00,0.0,0.0,0.0,0.0,0.0,0.0
538,01-23 10:00:00+01:00,0.0,0.0,0.0,0.0,0.0,0.0
539,01-23 11:00:00+01:00,0.0,0.0,0.0,0.0,0.0,0.0
540,01-23 12:00:00+01:00,0.0,0.0,0.0,0.0,0.0,0.0
541,01-23 13:00:00+01:00,0.0,0.0,0.0,0.0,0.0,0.0
542,01-23 14:00:00+01:00,0.0,0.0,0.0,0.0,0.0,0.0
543,01-23 15:00:00+01:00,0.0,0.0,0.0,0.0,0.0,0.0
544,01-23 16:00:00+01:00,0.0,0.0,0.0,0.0,0.0,0.0
545,01-23 17:00:00+01:00,0.0,0.0,0.0,0.0,0.0,0.0
546,01-23 18:00:00+01:00,0.0,0.0,0.0,0.0,0.0,0.0
547,01-23 19:00:00+01:00,0.0,0.0,0.0,0.0,0.0,0.0
548,01-23 20:00:00+01:00,0.0,0.0,0.0,0.0,0.0,0.0
549,01-23 21:00:00+01:00,0.0,0.0,0.0,0.0,0.0,0.0
550,01-23 22:00:00+01:00,0.0,0.0,0.0,0.0,0.0,0.0
551,01-23 23:00:00+01:00,0.0,0.0,0.0,0.0,0.0,0.0
552,01-24 00:00:00+01:00,0.0,0.0,0.0,0.0,0.0,0.0
553,01-24 01:00:00+01:00,0.0,0.0,0.0,0.0,0.0,0.0
554,01-24 02:00:00+01:00,0.0,0.0,0.0,0.0,0.0,0.0
555,01-24 03:00:00+01:00,0.0,0.0,0.0,0.0,0.0,0.0
556,01-24 04:00:00+01:00,0.0,0.0,0.0,0.0,0.0,0.0
557,01-24 05:00:00+01:00,0.0,0.0,0.0,0.0,0.0,0.0
558,01-24 06:00:00+01:00,0.0,0.0,0.0,0.0,0.0,0.0
559,01-24 07:00:00+01:00,0.0,0.0,0.0,0.0,0.0,0.0
560,01-24 08:00:00+01:00,0.0,0.0,0.0,0.0,0.0,0.0
561,01-24 09:00:00+01:00,0.0,0.0,0.0,0.0,0.0,0.0
562,01-24 10:00:00+01:00,0.0,0.0,0.0,0.0,0.0,0.0
563,01-24 11:00:00+01:00,0.0,0.0,0.0,0.0,0.0,0.0
564,01-24 12:00:00+01:00,0.0,0.0,0.0,0.0,0.0,0.0
565,01-24 13:00:00+01:00,0.0,0.0,0.0,0.0,0.0,0.0
566,01-24 14:00:00+01:00,0.0,0.0,0.0,0.0,0.0,0.0
567,01-24 15:00:00+01:00,0.0,0.0,0.0,0.0,0.0,0.0
568,01-24 16:00:00+01:00,0.0,0.0,0.0,0.0,0.0,0.0
569,01-24 17:00:00+01:00,0.0,0.0,0.0,0.0,0.0,0.0
570,01-24 18:00:00+01:00,0.0,0.0,0.0,0.0,0.0,0.0
571,01-24 19:00:00+01:00,0.0,0.0,0.0,0.0,0.0,0.0
572,01-24 20:00:00+01:00,0.0,0.0,0.0,0.0,0.0,0.0
573,01-24 21:00:00+01:00,0.0,0.0,0.0,0.0,0.0,0.0
574,01-24 22:00:00+01:00,0.0,0.0,0.0,0.0,0.0,0.0
575,01-24 23:00:00+01:00,0.0,0.0,0.0,0.0,0.0,0.0
576,01-25 00:00:00+01:00,0.0,0.0,0.0,0.0,0.0,0.0
577,01-25 01:00:00+01:00,0.0,0.0,0.0,0.0,0.0,0.0
578,01-25 02:00:00+01:00,0.0,0.0,0.0,0.0,0.0,0.0
579,01-25 03:00:00+01:00,0.0,0.0,0.0,0.0,0.0,0.0
580,01-25 04:00:00+01:00,0.0,0.0,0.0,0.0,0.0,0.0
581,01-25 05:00:00+01:00,0.0,0.0,0.0,0.0,0.0,0.0
582,01-25 06:00:00+01:00,0.0,0.0,0.0,0.0,0.0,0.0
583,01-25 07:00:00+01:00,0.0,0.0,0.0,0.0,0.0,0.0
584,01-25 08:00:00+01:00,0.0,0.0,0.0,0.0,0.0,0.0
585,01-25 09:00:00+01:00,0.0,0.0,0.0,0.0,0.0,0.0
586,01-25 10:00:00+01:00,0.0,0.0,0.0,0.0,0.0,0.0
587,01-25 11:00:00+01:00,0.0,0.0,0.0,0.0,0.0,0.0
588,01-25 12:00:00+01:00,0.0,0.0,0.0,0.0,0.0,0.0
589,01-25 13:00:00+01:00,0.0,0.0,0.0,0.0,0.0,0.0
590,01-25 14:00:00+01:00,0.0,0.0,0.0,0.0,0.0,0.0
591,01-25 15:00:00+01:00,0.0,0.0,0.0,0.0,0.0,0.0
592,01-25 16:00:00+01:00,0.0,0.0,0.0,0.0,0.0,0.0
593,01-25 17:00:00+01:00,0.0,0.0,0.0,0.0,0.0,0.0
594,01-25 18:00:00+01:00,0.0,0.0,0.0,0.0,0.0,0.0
595,01-25 19:00:00+01:00,0.0,0.0,0.0,0.0,0.0,0.0
596,01-25 20:00:00+01:00,0.0,0.0,0.0,0.0,0.0,0.0
597,01-25 21:00:00+01:00,0.0,0.0,0.0,0.0,0.0,0.0
598,01-25 22:00:00+01:00,0.0,0.0,0.0,0.0,0.0,0.0
599,01-25 23:00:00+01:00,0.0,0.0,0.0,0.0,0.0,0.0
600,01-26 00:00:00+01:00,0.0,0.0,0.0,0.0,0.0,0.0
601,01-26 01:00:00+01:00,0.0,0.0,0.0,0.0,0.0,0.0
602,01-26 02:00:00+01:00,0.0,0.0,0.0,0.0,0.0,0.0
603,01-26 03:00:00+01:00,0.0,0.0,0.0,0.0,0.0,0.0
604,01-26 04:00:00+01:00,0.0,0.0,0.0,0.0,0.0,0.0
605,01-26 05:00:00+01:00,0.0,0.0,0.0,0.0,0.0,0.0
606,01-26 06:00:00+01:00,0.0,0.0,0.0,0.0,0.0,0.0
607,01-26 07:00:00+01:00,0.0,0.0,0.0,0.0,0.0,0.0
608,01-26 08:00:00+01:00,0.0,0.0,0.0,0.0,0.0,0.0
609,01-26 09:00:00+01:00,0.0,0.0,0.0,0.0,0.0,0.0
610,01-26 10:00:00+01:00,0.0,0.0,0.0,0.0,0.0,0.0
611,01-26 11:00:00+01:00,0.0,0.0,0.0,0.0,0.0,0.0
612,01-26 12:00:00+01:00,0.0,0.0,0.0,0.0,0.0,0.0
613,01-26 13:00:00+01:00,0.0,0.0,0.0,0.0,0.0,0.0
614,01-26 14:00:00+01:00,0.0,0.0,0.0,0.0,0.0,0.0
615,01-26 15:00:00+01:00,0.0,0.0,0.0,0.0,0.0,0.0
616,01-26 16:00:00+01:00,0.0,0.0,0.0,0.0,0.0,0.0
617,01-26 17:00:00+01:00,0.0,0.0,0.0,0.0,0.0,0.0
618,01-26 18:00:00+01:00,0.0,0.0,0.0,0.0,0.0,0.0
619,01-26 19:00:00+01:00,0.0,0.0,0.0,0.0,0.0,0.0
620,01-26 20:00:00+01:00,0.0,0.0,0.0,0.0,0.0,0.0
621,01-26 21:00:00+01:00,0.0,0.0,0.0,0.0,0.0,0.0
622,01-26 22:00:00+01:00,0.0,0.0,0.0,0.0,0.0,0.0
623,01-26 23:00:00+01:00,0.0,0.0,0.0,0.0,0.0,0.0
624,01-27 00:00:00+01:00,0.0,0.0,0.0,0.0,0.0,0.0
625,01-27 01:00:00+01:00,0.0,0.0,0.0,0.0,0.0,0.0
626,01-27 02:00:00+01:00,0.0,0.0,0.0,0.0,0.0,0.0
627,01-27 03:00:00+01:00,0.0,0.0,0.0,0.0,0.0,0.0
628,01-27 04:00:00+01:00,0.0,0.0,0.0,0.0,0.0,0.0
629,01-27 05:00:00+01:00,0.0,0.0,0.0,0.0,0.0,0.0
630,01-27 06:00:00+01:00,0.0,0.0,0.0,0.0,0.0,0.0
631,01-27 07:00:00+01:00,0.0,0.0,0.0,0.0,0.0,0.0
632,01-27 08:00:00+01:00,0.0,0.0,0.0,0.0,0.0,0.0
633,01-27 09:00:00+01:00,0.0,0.0,0.0,0.0,0.0,0.0
634,01-27 10:00:00+01:00,0.0,0.0,0.0,0.0,0.0,0.0
635,01-27 11:00:00+01:00,0.0,0.0,0.0,0.0,0.0,0.0
636,01-27 12:00:00+01:00,0.0,0.0,0.0,0.0,0.0,0.0
637,01-27 13:00:00+01:00,0.0,0.0,0.0,0.0,0.0,0.0
638,01-27 14:00:00+01:00,0.0,0.0,0.0,0.0,0.0,0.0
639,01-27 15:00:00+01:00,0.0,0.0,0.0,0.0,0.0,0.0
640,01-27 16:00:00+01:00,0.0,0.0,0.0,0.0,0.0,0.0
641,01-27 17:00:00+01:00,0.0,0.0,0.0,0.0,0.0,0.0
642,01-27 18:00:00+01:00,0.0,0.0,0.0,0.0,0.0,0.0
643,01-27 19:00:00+01:00,0.0,0.0,0.0,0.0,0.0,0.0
644,01-27 20:00:00+01:00,0.0,0.0,0.0,0.0,0.0,0.0
645,01-27 21:00:00+01:00,0.0,0.0,0.0,0.0,0.0,0.0
646,01-27 22:00:00+01:00,0.0,0.0,0.0,0.0,0.0,0.0
647,01-27 23:00:00+01:00,0.0,0.0,0.0,0.0,0.0,0.0
648,01-28 00:00:00+01:00,0.0,0.0,0.0,0.0,0.0,0.0
649,01-28 01:00:00+01:00,0.0,0.0,0.0,0.0,0.0,0.0
650,01-28 02:00:00+01:00,0.0,0.0,0.0,0.0,0.0,0.0
651,01-28 03:00:00+01:00,0.0,0.0,0.0,0.0,0.0,0.0
652,01-28 04:00:00+01:00,0.0,0.0,0.0,0.0,0.0,0.0
653,01-28 05:00:00+01:00,0.0,0.0,0.0,0.0,0.0,0.0
654,01-28 06:00:00+01:00,0.0,0.0,0.0,0.0,0.0,0.0
655,01-28 07:00:00+01:00,0.0,0.0,0.0,0.0,0.0,0.0
656,01-28 08:00:00+01:00,0.0,0.0,0.0,0.0,0.0,0.0
657,01-28 09:00:00+01:00,0.0,0.0,0.0,0.0,0.0,0.0
658,01-28 10:00:00+01:00,0.0,0.0,0.0,0.0,0.0,0.0
659,01-28 11:00:00+01:00,0.0,0.0,0.0,0.0,0.0,0.0
660,01-28 12:00:00+01:00,0.0,0.0,0.0,0.0,0.0,0.0
661,01-28 13:00:00+01:00,0.0,0.0,0.0,0.0,0.0,0.0
662,01-28 14:00:00+01:00,0.0,0.0,0.0,0.0,0.0,0.0
663,01-28 15:00:00+01:00,0.0,0.0,0.0,0.0,0.0,0.0
664,01-28 16:00:00+01:00,0.0,0.0,0.0,0.0,0.0,0.0
665,01-28 17:00:00+01:00,0.0,0.0,0.0,0.0,0.0,0.0
666,01-28 18:00:00+01:00,0.0,0.0,0.0,0.0,0.0,0.0
667,01-28 19:00:00+01:00,0.0,0.0,0.0,0.0,0.0,0.0
668,01-28 20:00:00+01:00,0.0,0.0,0.0,0.0,0.0,0.0
669,01-28 21:00:00+01:00,0.0,0.0,0.0,0.0,0.0,0.0
670,01-28 22:00:00+01:00,0.0,0.0,0.0,0.0,0.0,0.0
671,01-28 23:00:00+01:00,0.0,0.0,0.0,0.0,0.0,0.0
672,01-29 00:00:00+01:00,0.0,0.0,0.0,0.0,0.0,0.0
673,01-29 01:00:00+01:00,0.0,0.0,0.0,0.0,0.0,0.0
674,01-29 02:00:00+01:00,0.0,0.0,0.0,0.0,0.0,0.0
675,01-29 03:00:00+01:00,0.0,0.0,0.0,0.0,0.0,0.0
676,01-29 04:00:00+01:00,0.0,0.0,0.0,0.0,0.0,0.0
677,01-29 05:00:00+01:00,0.0,0.0,0.0,0.0,0.0,0.0
678,01-29 06:00:00+01:00,0.0,0.0,0.0,0.0,0.0,0.0
679,01-29 07:00:00+01:00,0.0,0.0,0.0,0.0,0.0,0.0
680,01-29 08:00:00+01:00,0.0,0.0,0.0,0.0,0.0,0.0
681,01-29 09:00:00+01:00,0.0,0.0,0.0,0.0,0.0,0.0
682,01-29 10:00:00+01:00,0.0,0.0,0.0,0.0,0.0,0.0
683,01-29 11:00:00+01:00,0.0,0.0,0.0,0.0,0.0,0.0
684,01-29 12:00:00+01:00,0.0,0.0,0.0,0.0,0.0,0.0
685,01-29 13:00:00+01:00,0.0,0.0,0.0,0.0,0.0,0.0
686,01-29 14:00:00+01:00,0.0,0.0,0.0,0.0,0.0,0.0
687,01-29 15:00:00+01:00,0.0,0.0,0.0,0.0,0.0,0.0
688,01-29 16:00:00+01:00,0.0,0.0,0.0,0.0,0.0,0.0
689,01-29 17:00:00+01:00,0.0,0.0,0.0,0.0,0.0,0.0
690,01-29 18:00:00+01:00,0.0,0.0,0.0,0.0,0.0,0.0
691,01-29 19:00:00+01:00,0.0,0.0,0.0,0.0,0.0,0.0
692,01-29 20:00:00+01:00,0.0,0.0,0.0,0.0,0.0,0.0
693,01-29 21:00:00+01:00,0.0,0.0,0.0,0.0,0.0,0.0
694,01-29 22:00:00+01:00,0.0,0.0,0.0,0.0,0.0,0.0
695,01-29 23:00:00+01:00,0.0,0.0,0.0,0.0,0.0,0.0
696,01-30 00:00:00+01:00,0.0,0.0,0.0,0.0,0.0,0.0
697,01-30 01:00:00+01:00,0.0,0.0,0.0,0.0,0.0,0.0
698,01-30 02:00:00+01:00,0.0,0.0,0.0,0.0,0.0,0.0
699,01-30 03:00:00+01:00,0.0,0.0,0.0,0.0,0.0,0.0
700,01-30 04:00:00+01:00,0.0,0.0,0.0,0.0,0.0,0.0
701,01-30 05:00:00+01:00,0.0,0.0,0.0,0.0,0.0,0.0
702,01-30 06:00:00+01:00,0.0,0.0,0.0,0.0,0.0,0.0
703,01-30 07:00:00+01:00,0.0,0.0,0.0,0.0,0.0,0.0
704,01-30 08:00:00+01:00,0.0,0.0,0.0,0.0,0.0,0.0
705,01-30 09:00:00+01:00,0.0,0.0,0.0,0.0,0.0,0.0
706,01-30 10:00:00+01:00,0.0,0.0,0.0,0.0,0.0,0.0
707,01-30 11:00:00+01:00,0.0,0.0,0.0,0.0,0.0,0.0
708,01-30 12:00:00+01:00,0.0,0.0,0.0,0.0,0.0,0.0
709,01-30 13:00:00+01:00,0.0,0.0,0.0,0.0,0.0,0.0
710,01-30 14:00:00+01:00,0.0,0.0,0.0,0.0,0.0,0.0
711,01-30 15:00:00+01:00,0.0,0.0,0.0,0.0,0.0,0.0
712,01-30 16:00:00+01:00,0.0,0.0,0.0,0.0,0.0,0.0
713,01-30 17:00:00+01:00,0.0,0.0,0.0,0.0,0.0,0.0
714,01-30 18:00:00+01:00,0.0,0.0,0.0,0.0,0.0,0.0
715,01-30 19:00:00+01:00,0.0,0.0,0.0,0.0,0.0,0.0
716,01-30 20:00:00+01:00,0.0,0.0,0.0,0.0,0.0,0.0
717,01-30 21:00:00+01:00,0.0,0.0,0.0,0.0,0.0,0.0
718,01-30 22:00:00+01:00,0.0,0.0,0.0,0.0,0.0,0.0
719,01-30 23:00:00+01:00,0.0,0.0,0.0,0.0,0.0,0.0
720,01-31 00:00:00+01:00,0.0,0.0,0.0,0.0,0.0,0.0
721,01-31 01:00:00+01:00,0.0,0.0,0.0,0.0,0.0,0.0
722,01-31 02:00:00+01:00,0.0,0.0,0.0,0.0,0.0,0.0
723,01-31 03:00:00+01:00,0.0,0.0,0.0,0.0,0.0,0.0
724,01-31 04:00:00+01:00,0.0,0.0,0.0,0.0,0.0,0.0
725,01-31 05:00:00+01:00,0.0,0.0,0.0,0.0,0.0,0.0
726,01-31 06:00:00+01:00,0.0,0.0,0.0,0.0,0.0,0.0
727,01-31 07:00:00+01:00,0.0,0.0,0.0,0.0,0.0,0.0
728,01-31 08:00:00+01:00,0.0,0.0,0.0,0.0,0.0,0.0
729,01-31 09:00:00+01:00,0.0,0.0,0.0,0.0,0.0,0.0
730,01-31 10:00:00+01:00,0.0,0.0,0.0,0.0,0.0,0.0
731,01-31 11:00:00+01:00,0.0,0.0,0.0,0.0,0.0,0.0
732,01-31 12:00:00+01:00,0.0,0.0,0.0,0.0,0.0,0.0
733,01-31 13:00:00+01:00,0.0,0.0,0.0,0.0,0.0,0.0
734,01-31 14:00:00+01:00,0.0,0.0,0.0,0.0,0.0,0.0
735,01-31 15:00:00+01:00,0.0,0.0,0.0,0.0,0.0,0.0
736,01-31 16:00:00+01:00,0.0,0.0,0.0,0.0,0.0,0.0
737,01-31 17:00:00+01:00,0.0,0.0,0.0,0.0,0.0,0.0
738,01-31 18:00:00+01:00,0.0,0.0,0.0,0.0,0.0,0.0
739,01-31 19:00:00+01:00,0.0,0.0,0.0,0.0,0.0,0.0
740,01-31 20:00:00+01:00,0.0,0.0,0.0,0.0,0.0,0.0
741,01-31 21:00:00+01:00,0.0,0.0,0.0,0.0,0.0,0.0
742,01-31 22:00:00+01:00,0.0,0.0,0.0,0.0,0.0,0.0
743,01-31 23:00:00+01:00,0.0,0.0,0.0,0.0,0.0,0.0
744,02-01 00:00:00+01:00,0.0,0.0,0.0,0.0,0.0,0.0
745,02-01 01:00:00+01:00,0.0,0.0,0.0,0.0,0.0,0.0
746,02-01 02:00:00+01:00,0.0,0.0,0.0,0.0,0.0,0.0
747,02-01 03:00:00+01:00,0.0,0.0,0.0,0.0,0.0,0.0
748,02-01 04:00:00+01:00,0.0,0.0,0.0,0.0,0.0,0.0
749,02-01 05:00:00+01:00,0.0,0.0,0.0,0.0,0.0,0.0
750,02-01 06:00:00+01:00,0.0,0.0,0.0,0.0,0.0,0.0
751,02-01 07:00:00+01:00,0.0,0.0,0.0,0.0,0.0,0.0
752,02-01 08:00:00+01:00,0.0,0.0,0.0,0.0,0.0,0.0
753,02-01 09:00:00+01:00,0.0,0.0,0.0,0.0,0.0,0.0
754,02-01 10:00:00+01:00,0.0,0.0,0.0,0.0,0.0,0.0
755,02-01 11:00:00+01:00,0.0,0.0,0.0,0.0,0.0,0.0
756,02-01 12:00:00+01:00,0.0,0.0,0.0,0.0,0.0,0.0
757,02-01 13:00:00+01:00,0.0,0.0,0.0,0.0,0.0,0.0
758,02-01 14:00:00+01:00,0.0,0.0,0.0,0.0,0.0,0.0
759,02-01 15:00:00+01:00,0.0,0.0,0.0,0.0,0.0,0.0
760,02-01 16:00:00+01:00,0.0,0.0,0.0,0.0,0.0,0.0
761,02-01 17:00:00+01:00,0.0,0.0,0.0,0.0,0.0,0.0
762,02-01 18:00:00+01:00,0.0,0.0,0.0,0.0,0.0,0.0
763,02-01 19:00:00+01:00,0.0,0.0,0.0,0.0,0.0,0.0
764,02-01 20:00:00+01:00,0.0,0.0,0.0,0.0,0.0,0.0
765,02-01 21:00:00+01:00,0.0,0.0,0.0,0.0,0.0,0.0
766,02-01 22:00:00+01:00,0.0,0.0,0.0,0.0,0.0,0.0
767,02-01 23:00:00+01:00,0.0,0.0,0.0,0.0,0.0,0.0
768,02-02 00:00:00+01:00,0.0,0.0,0.0,0.0,0.0,0.0
769,02-02 01:00:00+01:00,0.0,0.0,0.0,0.0,0.0,0.0
770,02-02 02:00:00+01:00,0.0,0.0,0.0,0.0,0.0,0.0
771,02-02 03:00:00+01:00,0.0,0.0,0.0,0.0,0.0,0.0
772,02-02 04:00:00+01:00,0.0,0.0,0.0,0.0,0.0,0.0
773,02-02 05:00:00+01:00,0.0,0.0,0.0,0.0,0.0,0.0
774,02-02 06:00:00+01:00,0.0,0.0,0.0,0.0,0.0,0.0
775,02-02 07:00:00+01:00,0.0,0.0,0.0,0.0,0.0,0.0
776,02-02 08:00:00+01:00,0.0,0.0,0.0,0.0,0.0,0.0
777,02-02 09:00:00+01:00,0.0,0.0,0.0,0.0,0.0,0.0
778,02-02 10:00:00+01:00,0.0,0.0,0.0,0.0,0.0,0.0
779,02-02 11:00:00+01:00,0.0,0.0,0.0,0.0,0.0,0.0
780,02-02 12:00:00+01:00,0.0,0.0,0.0,0.0,0.0,0.0
781,02-02 13:00:00+01:00,0.0,0.0,0.0,0.0,0.0,0.0
782,02-02 14:00:00+01:00,0.0,0.0,0.0,0.0,0.0,0.0
783,02-02 15:00:00+01:00,0.0,0.0,0.0,0.0,0.0,0.0
784,02-02 16:00:00+01:00,0.0,0.0,0.0,0.0,0.0,0.0
785,02-02 17:00:00+01:00,0.0,0.0,0.0,0.0,0.0,0.0
786,02-02 18:00:00+01:00,0.0,0.0,0.0,0.0,0.0,0.0
787,02-02 19:00:00+01:00,0.0,0.0,0.0,0.0,0.0,0.0
788,02-02 20:00:00+01:00,0.0,0.0,0.0,0.0,0.0,0.0
789,02-02 21:00:00+01:00,0.0,0.0,0.0,0.0,0.0,0.0
790,02-02 22:00:00+01:00,0.0,0.0,0.0,0.0,0.0,0.0
791,02-02 23:00:00+01:00,0.0,0.0,0.0,0.0,0.0,0.0
792,02-03 00:00:00+01:00,0.0,0.0,0.0,0.0,0.0,0.0
793,02-03 01:00:00+01:00,0.0,0.0,0.0,0.0,0.0,0.0
794,02-03 02:00:00+01:00,0.0,0.0,0.0,0.0,0.0,0.0
795,02-03 03:00:00+01:00,0.0,0.0,0.0,0.0,0.0,0.0
796,02-03 04:00:00+01:00,0.0,0.0,0.0,0.0,0.0,0.0
797,02-03 05:00:00+01:00,0.0,0.0,0.0,0.0,0.0,0.0
798,02-03 06:00:00+01:00,0.0,0.0,0.0,0.0,0.0,0.0
799,02-03 07:00:00+01:00,0.0,0.0,0.0,0.0,0.0,0.0
800,02-03 08:00:00+01:00,0.0,0.0,0.0,0.0,0.0,0.0
801,02-03 09:00:00+01:00,0.0,0.0,0.0,0.0,0.0,0.0
802,02-03 10:00:00+01:00,0.0,0.0,0.0,0.0,0.0,0.0
803,02-03 11:00:00+01:00,0.0,0.0,0.0,0.0,0.0,0.0
804,02-03 12:00:00+01:00,0.0,0.0,0.0,0.0,0.0,0.0
805,02-03 13:00:00+01:00,0.0,0.0,0.0,0.0,0.0,0.0
806,02-03 14:00:00+01:00,0.0,0.0,0.0,0.0,0.0,0.0
807,02-03 15:00:00+01:00,0.0,0.0,0.0,0.0,0.0,0.0
808,02-03 16:00:00+01:00,0.0,0.0,0.0,0.0,0.0,0.0
809,02-03 17:00:00+01:00,0.0,0.0,0.0,0.0,0.0,0.0
810,02-03 18:00:00+01:00,0.0,0.0,0.0,0.0,0.0,0.0
811,02-03 19:00:00+01:00,0.0,0.0,0.0,0.0,0.0,0.0
812,02-03 20:00:00+01:00,0.0,0.0,0.0,0.0,0.0,0.0
813,02-03 21:00:00+01:00,0.0,0.0,0.0,0.0,0.0,0.0
814,02-03 22:00:00+01:00,0.0,0.0,0.0,0.0,0.0,0.0
815,02-03 23:00:00+01:00,0.0,0.0,0.0,0.0,0.0,0.0
816,02-04 00:00:00+01:00,0.0,0.0,0.0,0.0,0.0,0.0
817,02-04 01:00:00+01:00,0.0,0.0,0.0,0.0,0.0,0.0
818,02-04 02:00:00+01:00,0.0,0.0,0.0,0.0,0.0,0.0
819,02-04 03:00:00+01:00,0.0,0.0,0.0,0.0,0.0,0.0
820,02-04 04:00:00+01:00,0.0,0.0,0.0,0.0,0.0,0.0
821,02-04 05:00:00+01:00,0.0,0.0,0.0,0.0,0.0,0.0
822,02-04 06:00:00+01:00,0.0,0.0,0.0,0.0,0.0,0.0
823,02-04 07:00:00+01:00,0.0,0.0,0.0,0.0,0.0,0.0
824,02-04 08:00:00+01:00,0.0,0.0,0.0,0.0,0.0,0.0
825,02-04 09:00:00+01:00,0.0,0.0,0.0,0.0,0.0,0.0
826,02-04 10:00:00+01:00,0.0,0.0,0.0,0.0,0.0,0.0
827,02-04 11:00:00+01:00,0.0,0.0,0.0,0.0,0.0,0.0
828,02-04 12:00:00+01:00,0.0,0.0,0.0,0.0,0.0,0.0
829,02-04 13:00:00+01:00,0.0,0.0,0.0,0.0,0.0,0.0
830,02-04 14:00:00+01:00,0.0,0.0,0.0,0.0,0.0,0.0
831,02-04 15:00:00+01:00,0.0,0.0,0.0,0.0,0.0,0.0
832,02-04 16:00:00+01:00,0.0,0.0,0.0,0.0,0.0,0.0
833,02-04 17:00:00+01:00,0.0,0.0,0.0,0.0,0.0,0.0
834,02-04 18:00:00+01:00,0.0,0.0,0.0,0.0,0.0,0.0
835,02-04 19:00:00+01:00,0.0,0.0,0.0,0.0,0.0,0.0
836,02-04 20:00:00+01:00,0.0,0.0,0.0,0.0,0.0,0.0
837,02-04 21:00:00+01:00,0.0,0.0,0.0,0.0,0.0,0.0
838,02-04 22:00:00+01:00,0.0,0.0,0.0,0.0,0.0,0.0
839,02-04 23:00:00+01:00,0.0,0.0,0.0,0.0,0.0,0.0
840,02-05 00:00:00+01:00,0.0,0.0,0.0,0.0,0.0,0.0
841,02-05 01:00:00+01:00,0.0,0.0,0.0,0.0,0.0,0.0
842,02-05 02:00:00+01:00,0.0,0.0,0.0,0.0,0.0,0.0
843,02-05 03:00:00+01:00,0.0,0.0,0.0,0.0,0.0,0.0
844,02-05 04:00:00+01:00,0.0,0.0,0.0,0.0,0.0,0.0
845,02-05 05:00:00+01:00,0.0,0.0,0.0,0.0,0.0,0.0
846,02-05 06:00:00+01:00,0.0,0.0,0.0,0.0,0.0,0.0
847,02-05 07:00:00+01:00,0.0,0.0,0.0,0.0,0.0,0.0
848,02-05 08:00:00+01:00,0.0,0.0,0.0,0.0,0.0,0.0
849,02-05 09:00:00+01:00,0.0,0.0,0.0,0.0,0.0,0.0
850,02-05 10:00:00+01:00,0.0,0.0,0.0,0.0,0.0,0.0
851,02-05 11:00:00+01:00,0.0,0.0,0.0,0.0,0.0,0.0
852,02-05 12:00:00+01:00,0.0,0.0,0.0,0.0,0.0,0.0
853,02-05 13:00:00+01:00,0.0,0.0,0.0,0.0,0.0,0.0
854,02-05 14:00:00+01:00,0.0,0.0,0.0,0.0,0.0,0.0
855,02-05 15:00:00+01:00,0.0,0.0,0.0,0.0,0.0,0.0
856,02-05 16:00:00+01:00,0.0,0.0,0.0,0.0,0.0,0.0
857,02-05 17:00:00+01:00,0.0,0.0,0.0,0.0,0.0,0.0
858,02-05 18:00:00+01:00,0.0,0.0,0.0,0.0,0.0,0.0
859,02-05 19:00:00+01:00,0.0,0.0,0.0,0.0,0.0,0.0
860,02-05 20:00:00+01:00,0.0,0.0,0.0,0.0,0.0,0.0
861,02-05 21:00:00+01:00,0.0,0.0,0.0,0.0,0.0,0.0
862,02-05 22:00:00+01:00,0.0,0.0,0.0,0.0,0.0,0.0
863,02-05 23:00:00+01:00,0.0,0.0,0.0,0.0,0.0,0.0
864,02-06 00:00:00+01:00,0.0,0.0,0.0,0.0,0.0,0.0
865,02-06 01:00:00+01:00,0.0,0.0,0.0,0.0,0.0,0.0
866,02-06 02:00:00+01:00,0.0,0.0,0.0,0.0,0.0,0.0
867,02-06 03:00:00+01:00,0.0,0.0,0.0,0.0,0.0,0.0
868,02-06 04:00:00+01:00,0.0,0.0,0.0,0.0,0.0,0.0
869,02-06 05:00:00+01:00,0.0,0.0,0.0,0.0,0.0,0.0
870,02-06 06:00:00+01:00,0.0,0.0,0.0,0.0,0.0,0.0
871,02-06 07:00:00+01:00,0.0,0.0,0.0,0.0,0.0,0.0
872,02-06 08:00:00+01:00,0.0,0.0,0.0,0.0,0.0,0.0
873,02-06 09:00:00+01:00,0.0,0.0,0.0,0.0,0.0,0.0
874,02-06 10:00:00+01:00,0.0,0.0,0.0,0.0,0.0,0.0
875,02-06 11:00:00+01:00,0.0,0.0,0.0,0.0,0.0,0.0
876,02-06 12:00:00+01:00,0.0,0.0,0.0,0.0,0.0,0.0
877,02-06 13:00:00+01:00,0.0,0.0,0.0,0.0,0.0,0.0
878,02-06 14:00:00+01:00,0.0,0.0,0.0,0.0,0.0,0.0
879,02-06 15:00:00+01:00,0.0,0.0,0.0,0.0,0.0,0.0
880,02-06 16:00:00+01:00,0.0,0.0,0.0,0.0,0.0,0.0
881,02-06 17:00:00+01:00,0.0,0.0,0.0,0.0,0.0,0.0
882,02-06 18:00:00+01:00,0.0,0.0,0.0,0.0,0.0,0.0
883,02-06 19:00:00+01:00,0.0,0.0,0.0,0.0,0.0,0.0
884,02-06 20:00:00+01:00,0.0,0.0,0.0,0.0,0.0,0.0
885,02-06 21:00:00+01:00,0.0,0.0,0.0,0.0,0.0,0.0
886,02-06 22:00:00+01:00,0.0,0.0,0.0,0.0,0.0,0.0
887,02-06 23:00:00+01:00,0.0,0.0,0.0,0.0,0.0,0.0
888,02-07 00:00:00+01:00,0.0,0.0,0.0,0.0,0.0,0.0
889,02-07 01:00:00+01:00,0.0,0.0,0.0,0.0,0.0,0.0
890,02-07 02:00:00+01:00,0.0,0.0,0.0,0.0,0.0,0.0
891,02-07 03:00:00+01:00,0.0,0.0,0.0,0.0,0.0,0.0
892,02-07 04:00:00+01:00,0.0,0.0,0.0,0.0,0.0,0.0
893,02-07 05:00:00+01:00,0.0,0.0,0.0,0.0,0.0,0.0
894,02-07 06:00:00+01:00,0.0,0.0,0.0,0.0,0.0,0.0
895,02-07 07:00:00+01:00,0.0,0.0,0.0,0.0,0.0,0.0
896,02-07 08:00:00+01:00,0.0,0.0,0.0,0.0,0.0,0.0
897,02-07 09:00:00+01:00,0.0,0.0,0.0,0.0,0.0,0.0
898,02-07 10:00:00+01:00,0.0,0.0,0.0,0.0,0.0,0.0
899,02-07 11:00:00+01:00,0.0,0.0,0.0,0.0,0.0,0.0
900,02-07 12:00:00+01:00,0.0,0.0,0.0,0.0,0.0,0.0
901,02-07 13:00:00+01:00,0.0,0.0,0.0,0.0,0.0,0.0
902,02-07 14:00:00+01:00,0.0,0.0,0.0,0.0,0.0,0.0
903,02-07 15:00:00+01:00,0.0,0.0,0.0,0.0,0.0,0.0
904,02-07 16:00:00+01:00,0.0,0.0,0.0,0.0,0.0,0.0
905,02-07 17:00:00+01:00,0.0,0.0,0.0,0.0,0.0,0.0
906,02-07 18:00:00+01:00,0.0,0.0,0.0,0.0,0.0,0.0
907,02-07 19:00:00+01:00,0.0,0.0,0.0,0.0,0.0,0.0
908,02-07 20:00:00+01:00,0.0,0.0,0.0,0.0,0.0,0.0
909,02-07 21:00:00+01:00,0.0,0.0,0.0,0.0,0.0,0.0
910,02-07 22:00:00+01:00,0.0,0.0,0.0,0.0,0.0,0.0
911,02-07 23:00:00+01:00,0.0,0.0,0.0,0.0,0.0,0.0
912,02-08 00:00:00+01:00,0.0,0.0,0.0,0.0,0.0,0.0
913,02-08 01:00:00+01:00,0.0,0.0,0.0,0.0,0.0,0.0
914,02-08 02:00:00+01:00,0.0,0.0,0.0,0.0,0.0,0.0
915,02-08 03:00:00+01:00,0.0,0.0,0.0,0.0,0.0,0.0
916,02-08 04:00:00+01:00,0.0,0.0,0.0,0.0,0.0,0.0
917,02-08 05:00:00+01:00,0.0,0.0,0.0,0.0,0.0,0.0
918,02-08 06:00:00+01:00,0.0,0.0,0.0,0.0,0.0,0.0
919,02-08 07:00:00+01:00,0.0,0.0,0.0,0.0,0.0,0.0
920,02-08 08:00:00+01:00,0.0,0.0,0.0,0.0,0.0,0.0
921,02-08 09:00:00+01:00,0.0,0.0,0.0,0.0,0.0,0.0
922,02-08 10:00:00+01:00,0.0,0.0,0.0,0.0,0.0,0.0
923,02-08 11:00:00+01:00,0.0,0.0,0.0,0.0,0.0,0.0
924,02-08 12:00:00+01:00,0.0,0.0,0.0,0.0,0.0,0.0
925,02-08 13:00:00+01:00,0.0,0.0,0.0,0.0,0.0,0.0
926,02-08 14:00:00+01:00,0.0,0.0,0.0,0.0,0.0,0.0
927,02-08 15:00:00+01:00,0.0,0.0,0.0,0.0,0.0,0.0
928,02-08 16:00:00+01:00,0.0,0.0,0.0,0.0,0.0,0.0
929,02-08 17:00:00+01:00,0.0,0.0,0.0,0.0,0.0,0.0
930,02-08 18:00:00+01:00,0.0,0.0,0.0,0.0,0.0,0.0
931,02-08 19:00:00+01:00,0.0,0.0,0.0,0.0,0.0,0.0
932,02-08 20:00:00+01:00,0.0,0.0,0.0,0.0,0.0,0.0
933,02-08 21:00:00+01:00,0.0,0.0,0.0,0.0,0.0,0.0
934,02-08 22:00:00+01:00,0.0,0.0,0.0,0.0,0.0,0.0
935,02-08 23:00:00+01:00,0.0,0.0,0.0,0.0,0.0,0.0
936,02-09 00:00:00+01:00,0.0,0.0,0.0,0.0,0.0,0.0
937,02-09 01:00:00+01:00,0.0,0.0,0.0,0.0,0.0,0.0
938,02-09 02:00:00+01:00,0.0,0.0,0.0,0.0,0.0,0.0
939,02-09 03:00:00+01:00,0.0,0.0,0.0,0.0,0.0,0.0
940,02-09 04:00:00+01:00,0.0,0.0,0.0,0.0,0.0,0.0
941,02-09 05:00:00+01:00,0.0,0.0,0.0,0.0,0.0,0.0
942,02-09 06:00:00+01:00,0.0,0.0,0.0,0.0,0.0,0.0
943,02-09 07:00:00+01:00,0.0,0.0,0.0,0.0,0.0,0.0
944,02-09 08:00:00+01:00,0.0,0.0,0.0,0.0,0.0,0.0
945,02-09 09:00:00+01:00,0.0,0.0,0.0,0.0,0.0,0.0
946,02-09 10:00:00+01:00,0.0,0.0,0.0,0.0,0.0,0.0
947,02-09 11:00:00+01:00,0.0,0.0,0.0,0.0,0.0,0.0
948,02-09 12:00:00+01:00,0.0,0.0,0.0,0.0,0.0,0.0
949,02-09 13:00:00+01:00,0.0,0.0,0.0,0.0,0.0,0.0
950,02-09 14:00:00+01:00,0.0,0.0,0.0,0.0,0.0,0.0
951,02-09 15:00:00+01:00,0.0,0.0,0.0,0.0,0.0,0.0
952,02-09 16:00:00+01:00,0.0,0.0,0.0,0.0,0.0,0.0
953,02-09 17:00:00+01:00,0.0,0.0,0.0,0.0,0.0,0.0
954,02-09 18:00:00+01:00,0.0,0.0,0.0,0.0,0.0,0.0
955,02-09 19:00:00+01:00,0.0,0.0,0.0,0.0,0.0,0.0
956,02-09 20:00:00+01:00,0.0,0.0,0.0,0.0,0.0,0.0
957,02-09 21:00:00+01:00,0.0,0.0,0.0,0.0,0.0,0.0
958,02-09 22:00:00+01:00,0.0,0.0,0.0,0.0,0.0,0.0
959,02-09 23:00:00+01:00,0.0,0.0,0.0,0.0,0.0,0.0
960,02-10 00:00:00+01:00,0.0,0.0,0.0,0.0,0.0,0.0
961,02-10 01:00:00+01:00,0.0,0.0,0.0,0.0,0.0,0.0
962,02-10 02:00:00+01:00,0.0,0.0,0.0,0.0,0.0,0.0
963,02-10 03:00:00+01:00,0.0,0.0,0.0,0.0,0.0,0.0
964,02-10 04:00:00+01:00,0.0,0.0,0.0,0.0,0.0,0.0
965,02-10 05:00:00+01:00,0.0,0.0,0.0,0.0,0.0,0.0
966,02-10 06:00:00+01:00,0.0,0.0,0.0,0.0,0.0,0.0
967,02-10 07:00:00+01:00,0.0,0.0,0.0,0.0,0.0,0.0
968,02-10 08:00:00+01:00,0.0,0.0,0.0,0.0,0.0,0.0
969,02-10 09:00:00+01:00,0.0,0.0,0.0,0.0,0.0,0.0
970,02-10 10:00:00+01:00,0.0,0.0,0.0,0.0,0.0,0.0
971,02-10 11:00:00+01:00,0.0,0.0,0.0,0.0,0.0,0.0
972,02-10 12:00:00+01:00,0.0,0.0,0.0,0.0,0.0,0.0
973,02-10 13:00:00+01:00,0.0,0.0,0.0,0.0,0.0,0.0
974,02-10 14:00:00+01:00,0.0,0.0,0.0,0.0,0.0,0.0
975,02-10 15:00:00+01:00,0.0,0.0,0.0,0.0,0.0,0.0
976,02-10 16:00:00+01:00,0.0,0.0,0.0,0.0,0.0,0.0
977,02-10 17:00:00+01:00,0.0,0.0,0.0,0.0,0.0,0.0
978,02-10 18:00:00+01:00,0.0,0.0,0.0,0.0,0.0,0.0
979,02-10 19:00:00+01:00,0.0,0.0,0.0,0.0,0.0,0.0
980,02-10 20:00:00+01:00,0.0,0.0,0.0,0.0,0.0,0.0
981,02-10 21:00:00+01:00,0.0,0.0,0.0,0.0,0.0,0.0
982,02-10 22:00:00+01:00,0.0,0.0,0.0,0.0,0.0,0.0
983,02-10 23:00:00+01:00,0.0,0.0,0.0,0.0,0.0,0.0
984,02-11 00:00:00+01:00,0.0,0.0,0.0,0.0,0.0,0.0
985,02-11 01:00:00+01:00,0.0,0.0,0.0,0.0,0.0,0.0
986,02-11 02:00:00+01:00,0.0,0.0,0.0,0.0,0.0,0.0
987,02-11 03:00:00+01:00,0.0,0.0,0.0,0.0,0.0,0.0
988,02-11 04:00:00+01:00,0.0,0.0,0.0,0.0,0.0,0.0
989,02-11 05:00:00+01:00,0.0,0.0,0.0,0.0,0.0,0.0
990,02-11 06:00:00+01:00,0.0,0.0,0.0,0.0,0.0,0.0
991,02-11 07:00:00+01:00,0.0,0.0,0.0,0.0,0.0,0.0
992,02-11 08:00:00+01:00,0.0,0.0,0.0,0.0,0.0,0.0
993,02-11 09:00:00+01:00,0.0,0.0,0.0,0.0,0.0,0.0
994,02-11 10:00:00+01:00,0.0,0.0,0.0,0.0,0.0,0.0
995,02-11 11:00:00+01:00,0.0,0.0,0.0,0.0,0.0,0.0
996,02-11 12:00:00+01:00,0.0,0.0,0.0,0.0,0.0,0.0
997,02-11 13:00:00+01:00,0.0,0.0,0.0,0.0,0.0,0.0
998,02-11 14:00:00+01:00,0.0,0.0,0.0,0.0,0.0,0.0
999,02-11 15:00:00+01:00,0.0,0.0,0.0,0.0,0.0,0.0
1000,02-11 16:00:00+01:00,0.0,0.0,0.0,0.0,0.0,0.0
1001,02-11 17:00:00+01:00,0.0,0.0,0.0,0.0,0.0,0.0
1002,02-11 18:00:00+01:00,0.0,0.0,0.0,0.0,0.0,0.0
1003,02-11 19:00:00+01:00,0.0,0.0,0.0,0.0,0.0,0.0
1004,02-11 20:00:00+01:00,0.0,0.0,0.0,0.0,0.0,0.0
1005,02-11 21:00:00+01:00,0.0,0.0,0.0,0.0,0.0,0.0
1006,02-11 22:00:00+01:00,0.0,0.0,0.0,0.0,0.0,0.0
1007,02-11 23:00:00+01:00,0.0,0.0,0.0,0.0,0.0,0.0
1008,02-12 00:00:00+01:00,0.0,0.0,0.0,0.0,0.0,0.0
1009,02-12 01:00:00+01:00,0.0,0.0,0.0,0.0,0.0,0.0
1010,02-12 02:00:00+01:00,0.0,0.0,0.0,0.0,0.0,0.0
1011,02-12 03:00:00+01:00,0.0,0.0,0.0,0.0,0.0,0.0
1012,02-12 04:00:00+01:00,0.0,0.0,0.0,0.0,0.0,0.0
1013,02-12 05:00:00+01:00,0.0,0.0,0.0,0.0,0.0,0.0
1014,02-12 06:00:00+01:00,0.0,0.0,0.0,0.0,0.0,0.0
1015,02-12 07:00:00+01:00,0.0,0.0,0.0,0.0,0.0,0.0
1016,02-12 08:00:00+01:00,0.0,0.0,0.0,0.0,0.0,0.0
1017,02-12 09:00:00+01:00,0.0,0.0,0.0,0.0,0.0,0.0
1018,02-12 10:00:00+01:00,0.0,0.0,0.0,0.0,0.0,0.0
1019,02-12 11:00:00+01:00,0.0,0.0,0.0,0.0,0.0,0.0
1020,02-12 12:00:00+01:00,0.0,0.0,0.0,0.0,0.0,0.0
1021,02-12 13:00:00+01:00,0.0,0.0,0.0,0.0,0.0,0.0
1022,02-12 14:00:00+01:00,0.0,0.0,0.0,0.0,0.0,0.0
1023,02-12 15:00:00+01:00,0.0,0.0,0.0,0.0,0.0,0.0
1024,02-12 16:00:00+01:00,0.0,0.0,0.0,0.0,0.0,0.0
1025,02-12 17:00:00+01:00,0.0,0.0,0.0,0.0,0.0,0.0
1026,02-12 18:00:00+01:00,0.0,0.0,0.0,0.0,0.0,0.0
1027,02-12 19:00:00+01:00,0.0,0.0,0.0,0.0,0.0,0.0
1028,02-12 20:00:00+01:00,0.0,0.0,0.0,0.0,0.0,0.0
1029,02-12 21:00:00+01:00,0.0,0.0,0.0,0.0,0.0,0.0
1030,02-12 22:00:00+01:00,0.0,0.0,0.0,0.0,0.0,0.0
1031,02-12 23:00:00+01:00,0.0,0.0,0.0,0.0,0.0,0.0
1032,02-13 00:00:00+01:00,0.0,0.0,0.0,0.0,0.0,0.0
1033,02-13 01:00:00+01:00,0.0,0.0,0.0,0.0,0.0,0.0
1034,02-13 02:00:00+01:00,0.0,0.0,0.0,0.0,0.0,0.0
1035,02-13 03:00:00+01:00,0.0,0.0,0.0,0.0,0.0,0.0
1036,02-13 04:00:00+01:00,0.0,0.0,0.0,0.0,0.0,0.0
1037,02-13 05:00:00+01:00,0.0,0.0,0.0,0.0,0.0,0.0
1038,02-13 06:00:00+01:00,0.0,0.0,0.0,0.0,0.0,0.0
1039,02-13 07:00:00+01:00,0.0,0.0,0.0,0.0,0.0,0.0
1040,02-13 08:00:00+01:00,0.0,0.0,0.0,0.0,0.0,0.0
1041,02-13 09:00:00+01:00,0.0,0.0,0.0,0.0,0.0,0.0
1042,02-13 10:00:00+01:00,0.0,0.0,0.0,0.0,0.0,0.0
1043,02-13 11:00:00+01:00,0.0,0.0,0.0,0.0,0.0,0.0
1044,02-13 12:00:00+01:00,0.0,0.0,0.0,0.0,0.0,0.0
1045,02-13 13:00:00+01:00,0.0,0.0,0.0,0.0,0.0,0.0
1046,02-13 14:00:00+01:00,0.0,0.0,0.0,0.0,0.0,0.0
1047,02-13 15:00:00+01:00,0.0,0.0,0.0,0.0,0.0,0.0
1048,02-13 16:00:00+01:00,0.0,0.0,0.0,0.0,0.0,0.0
1049,02-13 17:00:00+01:00,0.0,0.0,0.0,0.0,0.0,0.0
1050,02-13 18:00:00+01:00,0.0,0.0,0.0,0.0,0.0,0.0
1051,02-13 19:00:00+01:00,0.0,0.0,0.0,0.0,0.0,0.0
1052,02-13 20:00:00+01:00,0.0,0.0,0.0,0.0,0.0,0.0
1053,02-13 21:00:00+01:00,0.0,0.0,0.0,0.0,0.0,0.0
1054,02-13 22:00:00+01:00,0.0,0.0,0.0,0.0,0.0,0.0
1055,02-13 23:00:00+01:00,0.0,0.0,0.0,0.0,0.0,0.0
1056,02-14 00:00:00+01:00,0.0,0.0,0.0,0.0,0.0,0.0
1057,02-14 01:00:00+01:00,0.0,0.0,0.0,0.0,0.0,0.0
1058,02-14 02:00:00+01:00,0.0,0.0,0.0,0.0,0.0,0.0
1059,02-14 03:00:00+01:00,0.0,0.0,0.0,0.0,0.0,0.0
1060,02-14 04:00:00+01:00,0.0,0.0,0.0,0.0,0.0,0.0
1061,02-14 05:00:00+01:00,0.0,0.0,0.0,0.0,0.0,0.0
1062,02-14 06:00:00+01:00,0.0,0.0,0.0,0.0,0.0,0.0
1063,02-14 07:00:00+01:00,0.0,0.0,0.0,0.0,0.0,0.0
1064,02-14 08:00:00+01:00,0.0,0.0,0.0,0.0,0.0,0.0
1065,02-14 09:00:00+01:00,0.0,0.0,0.0,0.0,0.0,0.0
1066,02-14 10:00:00+01:00,0.0,0.0,0.0,0.0,0.0,0.0
1067,02-14 11:00:00+01:00,0.0,0.0,0.0,0.0,0.0,0.0
1068,02-14 12:00:00+01:00,0.0,0.0,0.0,0.0,0.0,0.0
1069,02-14 13:00:00+01:00,0.0,0.0,0.0,0.0,0.0,0.0
1070,02-14 14:00:00+01:00,0.0,0.0,0.0,0.0,0.0,0.0
1071,02-14 15:00:00+01:00,0.0,0.0,0.0,0.0,0.0,0.0
1072,02-14 16:00:00+01:00,0.0,0.0,0.0,0.0,0.0,0.0
1073,02-14 17:00:00+01:00,0.0,0.0,0.0,0.0,0.0,0.0
1074,02-14 18:00:00+01:00,0.0,0.0,0.0,0.0,0.0,0.0
1075,02-14 19:00:00+01:00,0.0,0.0,0.0,0.0,0.0,0.0
1076,02-14 20:00:00+01:00,0.0,0.0,0.0,0.0,0.0,0.0
1077,02-14 21:00:00+01:00,0.0,0.0,0.0,0.0,0.0,0.0
1078,02-14 22:00:00+01:00,0.0,0.0,0.0,0.0,0.0,0.0
1079,02-14 23:00:00+01:00,0.0,0.0,0.0,0.0,0.0,0.0
1080,02-15 00:00:00+01:00,0.0,0.0,0.0,0.0,0.0,0.0
1081,02-15 01:00:00+01:00,0.0,0.0,0.0,0.0,0.0,0.0
1082,02-15 02:00:00+01:00,0.0,0.0,0.0,0.0,0.0,0.0
1083,02-15 03:00:00+01:00,0.0,0.0,0.0,0.0,0.0,0.0
1084,02-15 04:00:00+01:00,0.0,0.0,0.0,0.0,0.0,0.0
1085,02-15 05:00:00+01:00,0.0,0.0,0.0,0.0,0.0,0.0
1086,02-15 06:00:00+01:00,0.0,0.0,0.0,0.0,0.0,0.0
1087,02-15 07:00:00+01:00,0.0,0.0,0.0,0.0,0.0,0.0
1088,02-15 08:00:00+01:00,0.0,0.0,0.0,0.0,0.0,0.0
1089,02-15 09:00:00+01:00,0.0,0.0,0.0,0.0,0.0,0.0
1090,02-15 10:00:00+01:00,0.0,0.0,0.0,0.0,0.0,0.0
1091,02-15 11:00:00+01:00,0.0,0.0,0.0,0.0,0.0,0.0
1092,02-15 12:00:00+01:00,0.0,0.0,0.0,0.0,0.0,0.0
1093,02-15 13:00:00+01:00,0.0,0.0,0.0,0.0,0.0,0.0
1094,02-15 14:00:00+01:00,0.0,0.0,0.0,0.0,0.0,0.0
1095,02-15 15:00:00+01:00,0.0,0.0,0.0,0.0,0.0,0.0
1096,02-15 16:00:00+01:00,0.0,0.0,0.0,0.0,0.0,0.0
1097,02-15 17:00:00+01:00,0.0,0.0,0.0,0.0,0.0,0.0
1098,02-15 18:00:00+01:00,0.0,0.0,0.0,0.0,0.0,0.0
1099,02-15 19:00:00+01:00,0.0,0.0,0.0,0.0,0.0,0.0
1100,02-15 20:00:00+01:00,0.0,0.0,0.0,0.0,0.0,0.0
1101,02-15 21:00:00+01:00,0.0,0.0,0.0,0.0,0.0,0.0
1102,02-15 22:00:00+01:00,0.0,0.0,0.0,0.0,0.0,0.0
1103,02-15 23:00:00+01:00,0.0,0.0,0.0,0.0,0.0,0.0
1104,02-16 00:00:00+01:00,0.0,0.0,0.0,0.0,0.0,0.0
1105,02-16 01:00:00+01:00,0.0,0.0,0.0,0.0,0.0,0.0
1106,02-16 02:00:00+01:00,0.0,0.0,0.0,0.0,0.0,0.0
1107,02-16 03:00:00+01:00,0.0,0.0,0.0,0.0,0.0,0.0
1108,02-16 04:00:00+01:00,0.0,0.0,0.0,0.0,0.0,0.0
1109,02-16 05:00:00+01:00,0.0,0.0,0.0,0.0,0.0,0.0
1110,02-16 06:00:00+01:00,0.0,0.0,0.0,0.0,0.0,0.0
1111,02-16 07:00:00+01:00,0.0,0.0,0.0,0.0,0.0,0.0
1112,02-16 08:00:00+01:00,0.0,0.0,0.0,0.0,0.0,0.0
1113,02-16 09:00:00+01:00,0.0,0.0,0.0,0.0,0.0,0.0
1114,02-16 10:00:00+01:00,0.0,0.0,0.0,0.0,0.0,0.0
1115,02-16 11:00:00+01:00,0.0,0.0,0.0,0.0,0.0,0.0
1116,02-16 12:00:00+01:00,0.0,0.0,0.0,0.0,0.0,0.0
1117,02-16 13:00:00+01:00,0.0,0.0,0.0,0.0,0.0,0.0
1118,02-16 14:00:00+01:00,0.0,0.0,0.0,0.0,0.0,0.0
1119,02-16 15:00:00+01:00,0.0,0.0,0.0,0.0,0.0,0.0
1120,02-16 16:00:00+01:00,0.0,0.0,0.0,0.0,0.0,0.0
1121,02-16 17:00:00+01:00,0.0,0.0,0.0,0.0,0.0,0.0
1122,02-16 18:00:00+01:00,0.0,0.0,0.0,0.0,0.0,0.0
1123,02-16 19:00:00+01:00,0.0,0.0,0.0,0.0,0.0,0.0
1124,02-16 20:00:00+01:00,0.0,0.0,0.0,0.0,0.0,0.0
1125,02-16 21:00:00+01:00,0.0,0.0,0.0,0.0,0.0,0.0
1126,02-16 22:00:00+01:00,0.0,0.0,0.0,0.0,0.0,0.0
1127,02-16 23:00:00+01:00,0.0,0.0,0.0,0.0,0.0,0.0
1128,02-17 00:00:00+01:00,0.0,0.0,0.0,0.0,0.0,0.0
1129,02-17 01:00:00+01:00,0.0,0.0,0.0,0.0,0.0,0.0
1130,02-17 02:00:00+01:00,0.0,0.0,0.0,0.0,0.0,0.0
1131,02-17 03:00:00+01:00,0.0,0.0,0.0,0.0,0.0,0.0
1132,02-17 04:00:00+01:00,0.0,0.0,0.0,0.0,0.0,0.0
1133,02-17 05:00:00+01:00,0.0,0.0,0.0,0.0,0.0,0.0
1134,02-17 06:00:00+01:00,0.0,0.0,0.0,0.0,0.0,0.0
1135,02-17 07:00:00+01:00,0.0,0.0,0.0,0.0,0.0,0.0
1136,02-17 08:00:00+01:00,0.0,0.0,0.0,0.0,0.0,0.0
1137,02-17 09:00:00+01:00,0.0,0.0,0.0,0.0,0.0,0.0
1138,02-17 10:00:00+01:00,0.0,0.0,0.0,0.0,0.0,0.0
1139,02-17 11:00:00+01:00,0.0,0.0,0.0,0.0,0.0,0.0
1140,02-17 12:00:00+01:00,0.0,0.0,0.0,0.0,0.0,0.0
1141,02-17 13:00:00+01:00,0.0,0.0,0.0,0.0,0.0,0.0
1142,02-17 14:00:00+01:00,0.0,0.0,0.0,0.0,0.0,0.0
1143,02-17 15:00:00+01:00,0.0,0.0,0.0,0.0,0.0,0.0
1144,02-17 16:00:00+01:00,0.0,0.0,0.0,0.0,0.0,0.0
1145,02-17 17:00:00+01:00,0.0,0.0,0.0,0.0,0.0,0.0
1146,02-17 18:00:00+01:00,0.0,0.0,0.0,0.0,0.0,0.0
1147,02-17 19:00:00+01:00,0.0,0.0,0.0,0.0,0.0,0.0
1148,02-17 20:00:00+01:00,0.0,0.0,0.0,0.0,0.0,0.0
1149,02-17 21:00:00+01:00,0.0,0.0,0.0,0.0,0.0,0.0
1150,02-17 22:00:00+01:00,0.0,0.0,0.0,0.0,0.0,0.0
1151,02-17 23:00:00+01:00,0.0,0.0,0.0,0.0,0.0,0.0
1152,02-18 00:00:00+01:00,0.0,0.0,0.0,0.0,0.0,0.0
1153,02-18 01:00:00+01:00,0.0,0.0,0.0,0.0,0.0,0.0
1154,02-18 02:00:00+01:00,0.0,0.0,0.0,0.0,0.0,0.0
1155,02-18 03:00:00+01:00,0.0,0.0,0.0,0.0,0.0,0.0
1156,02-18 04:00:00+01:00,0.0,0.0,0.0,0.0,0.0,0.0
1157,02-18 05:00:00+01:00,0.0,0.0,0.0,0.0,0.0,0.0
1158,02-18 06:00:00+01:00,0.0,0.0,0.0,0.0,0.0,0.0
1159,02-18 07:00:00+01:00,0.0,0.0,0.0,0.0,0.0,0.0
1160,02-18 08:00:00+01:00,0.0,0.0,0.0,0.0,0.0,0.0
1161,02-18 09:00:00+01:00,0.0,0.0,0.0,0.0,0.0,0.0
1162,02-18 10:00:00+01:00,0.0,0.0,0.0,0.0,0.0,0.0
1163,02-18 11:00:00+01:00,0.0,0.0,0.0,0.0,0.0,0.0
1164,02-18 12:00:00+01:00,0.0,0.0,0.0,0.0,0.0,0.0
1165,02-18 13:00:00+01:00,0.0,0.0,0.0,0.0,0.0,0.0
1166,02-18 14:00:00+01:00,0.0,0.0,0.0,0.0,0.0,0.0
1167,02-18 15:00:00+01:00,0.0,0.0,0.0,0.0,0.0,0.0
1168,02-18 16:00:00+01:00,0.0,0.0,0.0,0.0,0.0,0.0
1169,02-18 17:00:00+01:00,0.0,0.0,0.0,0.0,0.0,0.0
1170,02-18 18:00:00+01:00,0.0,0.0,0.0,0.0,0.0,0.0
1171,02-18 19:00:00+01:00,0.0,0.0,0.0,0.0,0.0,0.0
1172,02-18 20:00:00+01:00,0.0,0.0,0.0,0.0,0.0,0.0
1173,02-18 21:00:00+01:00,0.0,0.0,0.0,0.0,0.0,0.0
1174,02-18 22:00:00+01:00,0.0,0.0,0.0,0.0,0.0,0.0
1175,02-18 23:00:00+01:00,0.0,0.0,0.0,0.0,0.0,0.0
1176,02-19 00:00:00+01:00,0.0,0.0,0.0,0.0,0.0,0.0
1177,02-19 01:00:00+01:00,0.0,0.0,0.0,0.0,0.0,0.0
1178,02-19 02:00:00+01:00,0.0,0.0,0.0,0.0,0.0,0.0
1179,02-19 03:00:00+01:00,0.0,0.0,0.0,0.0,0.0,0.0
1180,02-19 04:00:00+01:00,0.0,0.0,0.0,0.0,0.0,0.0
1181,02-19 05:00:00+01:00,0.0,0.0,0.0,0.0,0.0,0.0
1182,02-19 06:00:00+01:00,0.0,0.0,0.0,0.0,0.0,0.0
1183,02-19 07:00:00+01:00,0.0,0.0,0.0,0.0,0.0,0.0
1184,02-19 08:00:00+01:00,0.0,0.0,0.0,0.0,0.0,0.0
1185,02-19 09:00:00+01:00,0.0,0.0,0.0,0.0,0.0,0.0
1186,02-19 10:00:00+01:00,0.0,0.0,0.0,0.0,0.0,0.0
1187,02-19 11:00:00+01:00,0.0,0.0,0.0,0.0,0.0,0.0
1188,02-19 12:00:00+01:00,0.0,0.0,0.0,0.0,0.0,0.0
1189,02-19 13:00:00+01:00,0.0,0.0,0.0,0.0,0.0,0.0
1190,02-19 14:00:00+01:00,0.0,0.0,0.0,0.0,0.0,0.0
1191,02-19 15:00:00+01:00,0.0,0.0,0.0,0.0,0.0,0.0
1192,02-19 16:00:00+01:00,0.0,0.0,0.0,0.0,0.0,0.0
1193,02-19 17:00:00+01:00,0.0,0.0,0.0,0.0,0.0,0.0
1194,02-19 18:00:00+01:00,0.0,0.0,0.0,0.0,0.0,0.0
1195,02-19 19:00:00+01:00,0.0,0.0,0.0,0.0,0.0,0.0
1196,02-19 20:00:00+01:00,0.0,0.0,0.0,0.0,0.0,0.0
1197,02-19 21:00:00+01:00,0.0,0.0,0.0,0.0,0.0,0.0
1198,02-19 22:00:00+01:00,0.0,0.0,0.0,0.0,0.0,0.0
1199,02-19 23:00:00+01:00,0.0,0.0,0.0,0.0,0.0,0.0
1200,02-20 00:00:00+01:00,0.0,0.0,0.0,0.0,0.0,0.0
1201,02-20 01:00:00+01:00,0.0,0.0,0.0,0.0,0.0,0.0
1202,02-20 02:00:00+01:00,0.0,0.0,0.0,0.0,0.0,0.0
1203,02-20 03:00:00+01:00,0.0,0.0,0.0,0.0,0.0,0.0
1204,02-20 04:00:00+01:00,0.0,0.0,0.0,0.0,0.0,0.0
1205,02-20 05:00:00+01:00,0.0,0.0,0.0,0.0,0.0,0.0
1206,02-20 06:00:00+01:00,0.0,0.0,0.0,0.0,0.0,0.0
1207,02-20 07:00:00+01:00,0.0,0.0,0.0,0.0,0.0,0.0
1208,02-20 08:00:00+01:00,0.0,0.0,0.0,0.0,0.0,0.0
1209,02-20 09:00:00+01:00,0.0,0.0,0.0,0.0,0.0,0.0
1210,02-20 10:00:00+01:00,0.0,0.0,0.0,0.0,0.0,0.0
1211,02-20 11:00:00+01:00,0.0,0.0,0.0,0.0,0.0,0.0
1212,02-20 12:00:00+01:00,0.0,0.0,0.0,0.0,0.0,0.0
1213,02-20 13:00:00+01:00,0.0,0.0,0.0,0.0,0.0,0.0
1214,02-20 14:00:00+01:00,0.0,0.0,0.0,0.0,0.0,0.0
1215,02-20 15:00:00+01:00,0.0,0.0,0.0,0.0,0.0,0.0
1216,02-20 16:00:00+01:00,0.0,0.0,0.0,0.0,0.0,0.0
1217,02-20 17:00:00+01:00,0.0,0.0,0.0,0.0,0.0,0.0
1218,02-20 18:00:00+01:00,0.0,0.0,0.0,0.0,0.0,0.0
1219,02-20 19:00:00+01:00,0.0,0.0,0.0,0.0,0.0,0.0
1220,02-20 20:00:00+01:00,0.0,0.0,0.0,0.0,0.0,0.0
1221,02-20 21:00:00+01:00,0.0,0.0,0.0,0.0,0.0,0.0
1222,02-20 22:00:00+01:00,0.0,0.0,0.0,0.0,0.0,0.0
1223,02-20 23:00:00+01:00,0.0,0.0,0.0,0.0,0.0,0.0
1224,02-21 00:00:00+01:00,0.0,0.0,0.0,0.0,0.0,0.0
1225,02-21 01:00:00+01:00,0.0,0.0,0.0,0.0,0.0,0.0
1226,02-21 02:00:00+01:00,0.0,0.0,0.0,0.0,0.0,0.0
1227,02-21 03:00:00+01:00,0.0,0.0,0.0,0.0,0.0,0.0
1228,02-21 04:00:00+01:00,0.0,0.0,0.0,0.0,0.0,0.0
1229,02-21 05:00:00+01:00,0.0,0.0,0.0,0.0,0.0,0.0
1230,02-21 06:00:00+01:00,0.0,0.0,0.0,0.0,0.0,0.0
1231,02-21 07:00:00+01:00,0.0,0.0,0.0,0.0,0.0,0.0
1232,02-21 08:00:00+01:00,0.0,0.0,0.0,0.0,0.0,0.0
1233,02-21 09:00:00+01:00,0.0,0.0,0.0,0.0,0.0,0.0
1234,02-21 10:00:00+01:00,0.0,0.0,0.0,0.0,0.0,0.0
1235,02-21 11:00:00+01:00,0.0,0.0,0.0,0.0,0.0,0.0
1236,02-21 12:00:00+01:00,0.0,0.0,0.0,0.0,0.0,0.0
1237,02-21 13:00:00+01:00,0.0,0.0,0.0,0.0,0.0,0.0
1238,02-21 14:00:00+01:00,0.0,0.0,0.0,0.0,0.0,0.0
1239,02-21 15:00:00+01:00,0.0,0.0,0.0,0.0,0.0,0.0
1240,02-21 16:00:00+01:00,0.0,0.0,0.0,0.0,0.0,0.0
1241,02-21 17:00:00+01:00,0.0,0.0,0.0,0.0,0.0,0.0
1242,02-21 18:00:00+01:00,0.0,0.0,0.0,0.0,0.0,0.0
1243,02-21 19:00:00+01:00,0.0,0.0,0.0,0.0,0.0,0.0
1244,02-21 20:00:00+01:00,0.0,0.0,0.0,0.0,0.0,0.0
1245,02-21 21:00:00+01:00,0.0,0.0,0.0,0.0,0.0,0.0
1246,02-21 22:00:00+01:00,0.0,0.0,0.0,0.0,0.0,0.0
1247,02-21 23:00:00+01:00,0.0,0.0,0.0,0.0,0.0,0.0
1248,02-22 00:00:00+01:00,0.0,0.0,0.0,0.0,0.0,0.0
1249,02-22 01:00:00+01:00,0.0,0.0,0.0,0.0,0.0,0.0
1250,02-22 02:00:00+01:00,0.0,0.0,0.0,0.0,0.0,0.0
1251,02-22 03:00:00+01:00,0.0,0.0,0.0,0.0,0.0,0.0
1252,02-22 04:00:00+01:00,0.0,0.0,0.0,0.0,0.0,0.0
1253,02-22 05:00:00+01:00,0.0,0.0,0.0,0.0,0.0,0.0
1254,02-22 06:00:00+01:00,0.0,0.0,0.0,0.0,0.0,0.0
1255,02-22 07:00:00+01:00,0.0,0.0,0.0,0.0,0.0,0.0
1256,02-22 08:00:00+01:00,0.0,0.0,0.0,0.0,0.0,0.0
1257,02-22 09:00:00+01:00,0.0,0.0,0.0,0.0,0.0,0.0
1258,02-22 10:00:00+01:00,0.0,0.0,0.0,0.0,0.0,0.0
1259,02-22 11:00:00+01:00,0.0,0.0,0.0,0.0,0.0,0.0
1260,02-22 12:00:00+01:00,0.0,0.0,0.0,0.0,0.0,0.0
1261,02-22 13:00:00+01:00,0.0,0.0,0.0,0.0,0.0,0.0
1262,02-22 14:00:00+01:00,0.0,0.0,0.0,0.0,0.0,0.0
1263,02-22 15:00:00+01:00,0.0,0.0,0.0,0.0,0.0,0.0
1264,02-22 16:00:00+01:00,0.0,0.0,0.0,0.0,0.0,0.0
1265,02-22 17:00:00+01:00,0.0,0.0,0.0,0.0,0.0,0.0
1266,02-22 18:00:00+01:00,0.0,0.0,0.0,0.0,0.0,0.0
1267,02-22 19:00:00+01:00,0.0,0.0,0.0,0.0,0.0,0.0
1268,02-22 20:00:00+01:00,0.0,0.0,0.0,0.0,0.0,0.0
1269,02-22 21:00:00+01:00,0.0,0.0,0.0,0.0,0.0,0.0
1270,02-22 22:00:00+01:00,0.0,0.0,0.0,0.0,0.0,0.0
1271,02-22 23:00:00+01:00,0.0,0.0,0.0,0.0,0.0,0.0
1272,02-23 00:00:00+01:00,0.0,0.0,0.0,0.0,0.0,0.0
1273,02-23 01:00:00+01:00,0.0,0.0,0.0,0.0,0.0,0.0
1274,02-23 02:00:00+01:00,0.0,0.0,0.0,0.0,0.0,0.0
1275,02-23 03:00:00+01:00,0.0,0.0,0.0,0.0,0.0,0.0
1276,02-23 04:00:00+01:00,0.0,0.0,0.0,0.0,0.0,0.0
1277,02-23 05:00:00+01:00,0.0,0.0,0.0,0.0,0.0,0.0
1278,02-23 06:00:00+01:00,0.0,0.0,0.0,0.0,0.0,0.0
1279,02-23 07:00:00+01:00,0.0,0.0,0.0,0.0,0.0,0.0
1280,02-23 08:00:00+01:00,0.0,0.0,0.0,0.0,0.0,0.0
1281,02-23 09:00:00+01:00,0.0,0.0,0.0,0.0,0.0,0.0
1282,02-23 10:00:00+01:00,0.0,0.0,0.0,0.0,0.0,0.0
1283,02-23 11:00:00+01:00,0.0,0.0,0.0,0.0,0.0,0.0
1284,02-23 12:00:00+01:00,0.0,0.0,0.0,0.0,0.0,0.0
1285,02-23 13:00:00+01:00,0.0,0.0,0.0,0.0,0.0,0.0
1286,02-23 14:00:00+01:00,0.0,0.0,0.0,0.0,0.0,0.0
1287,02-23 15:00:00+01:00,0.0,0.0,0.0,0.0,0.0,0.0
1288,02-23 16:00:00+01:00,0.0,0.0,0.0,0.0,0.0,0.0
1289,02-23 17:00:00+01:00,0.0,0.0,0.0,0.0,0.0,0.0
1290,02-23 18:00:00+01:00,0.0,0.0,0.0,0.0,0.0,0.0
1291,02-23 19:00:00+01:00,0.0,0.0,0.0,0.0,0.0,0.0
1292,02-23 20:00:00+01:00,0.0,0.0,0.0,0.0,0.0,0.0
1293,02-23 21:00:00+01:00,0.0,0.0,0.0,0.0,0.0,0.0
1294,02-23 22:00:00+01:00,0.0,0.0,0.0,0.0,0.0,0.0
1295,02-23 23:00:00+01:00,0.0,0.0,0.0,0.0,0.0,0.0
1296,02-24 00:00:00+01:00,0.0,0.0,0.0,0.0,0.0,0.0
1297,02-24 01:00:00+01:00,0.0,0.0,0.0,0.0,0.0,0.0
1298,02-24 02:00:00+01:00,0.0,0.0,0.0,0.0,0.0,0.0
1299,02-24 03:00:00+01:00,0.0,0.0,0.0,0.0,0.0,0.0
1300,02-24 04:00:00+01:00,0.0,0.0,0.0,0.0,0.0,0.0
1301,02-24 05:00:00+01:00,0.0,0.0,0.0,0.0,0.0,0.0
1302,02-24 06:00:00+01:00,0.0,0.0,0.0,0.0,0.0,0.0
1303,02-24 07:00:00+01:00,0.0,0.0,0.0,0.0,0.0,0.0
1304,02-24 08:00:00+01:00,0.0,0.0,0.0,0.0,0.0,0.0
1305,02-24 09:00:00+01:00,0.0,0.0,0.0,0.0,0.0,0.0
1306,02-24 10:00:00+01:00,0.0,0.0,0.0,0.0,0.0,0.0
1307,02-24 11:00:00+01:00,0.0,0.0,0.0,0.0,0.0,0.0
1308,02-24 12:00:00+01:00,0.0,0.0,0.0,0.0,0.0,0.0
1309,02-24 13:00:00+01:00,0.0,0.0,0.0,0.0,0.0,0.0
1310,02-24 14:00:00+01:00,0.0,0.0,0.0,0.0,0.0,0.0
1311,02-24 15:00:00+01:00,0.0,0.0,0.0,0.0,0.0,0.0
1312,02-24 16:00:00+01:00,0.0,0.0,0.0,0.0,0.0,0.0
1313,02-24 17:00:00+01:00,0.0,0.0,0.0,0.0,0.0,0.0
1314,02-24 18:00:00+01:00,0.0,0.0,0.0,0.0,0.0,0.0
1315,02-24 19:00:00+01:00,0.0,0.0,0.0,0.0,0.0,0.0
1316,02-24 20:00:00+01:00,0.0,0.0,0.0,0.0,0.0,0.0
1317,02-24 21:00:00+01:00,0.0,0.0,0.0,0.0,0.0,0.0
1318,02-24 22:00:00+01:00,0.0,0.0,0.0,0.0,0.0,0.0
1319,02-24 23:00:00+01:00,0.0,0.0,0.0,0.0,0.0,0.0
1320,02-25 00:00:00+01:00,0.0,0.0,0.0,0.0,0.0,0.0
1321,02-25 01:00:00+01:00,0.0,0.0,0.0,0.0,0.0,0.0
1322,02-25 02:00:00+01:00,0.0,0.0,0.0,0.0,0.0,0.0
1323,02-25 03:00:00+01:00,0.0,0.0,0.0,0.0,0.0,0.0
1324,02-25 04:00:00+01:00,0.0,0.0,0.0,0.0,0.0,0.0
1325,02-25 05:00:00+01:00,0.0,0.0,0.0,0.0,0.0,0.0
1326,02-25 06:00:00+01:00,0.0,0.0,0.0,0.0,0.0,0.0
1327,02-25 07:00:00+01:00,0.0,0.0,0.0,0.0,0.0,0.0
1328,02-25 08:00:00+01:00,0.0,0.0,0.0,0.0,0.0,0.0
1329,02-25 09:00:00+01:00,0.0,0.0,0.0,0.0,0.0,0.0
1330,02-25 10:00:00+01:00,0.0,0.0,0.0,0.0,0.0,0.0
1331,02-25 11:00:00+01:00,0.0,0.0,0.0,0.0,0.0,0.0
1332,02-25 12:00:00+01:00,0.0,0.0,0.0,0.0,0.0,0.0
1333,02-25 13:00:00+01:00,0.0,0.0,0.0,0.0,0.0,0.0
1334,02-25 14:00:00+01:00,0.0,0.0,0.0,0.0,0.0,0.0
1335,02-25 15:00:00+01:00,0.0,0.0,0.0,0.0,0.0,0.0
1336,02-25 16:00:00+01:00,0.0,0.0,0.0,0.0,0.0,0.0
1337,02-25 17:00:00+01:00,0.0,0.0,0.0,0.0,0.0,0.0
1338,02-25 18:00:00+01:00,0.0,0.0,0.0,0.0,0.0,0.0
1339,02-25 19:00:00+01:00,0.0,0.0,0.0,0.0,0.0,0.0
1340,02-25 20:00:00+01:00,0.0,0.0,0.0,0.0,0.0,0.0
1341,02-25 21:00:00+01:00,0.0,0.0,0.0,0.0,0.0,0.0
1342,02-25 22:00:00+01:00,0.0,0.0,0.0,0.0,0.0,0.0
1343,02-25 23:00:00+01:00,0.0,0.0,0.0,0.0,0.0,0.0
1344,02-26 00:00:00+01:00,0.0,0.0,0.0,0.0,0.0,0.0
1345,02-26 01:00:00+01:00,0.0,0.0,0.0,0.0,0.0,0.0
1346,02-26 02:00:00+01:00,0.0,0.0,0.0,0.0,0.0,0.0
1347,02-26 03:00:00+01:00,0.0,0.0,0.0,0.0,0.0,0.0
1348,02-26 04:00:00+01:00,0.0,0.0,0.0,0.0,0.0,0.0
1349,02-26 05:00:00+01:00,0.0,0.0,0.0,0.0,0.0,0.0
1350,02-26 06:00:00+01:00,0.0,0.0,0.0,0.0,0.0,0.0
1351,02-26 07:00:00+01:00,0.0,0.0,0.0,0.0,0.0,0.0
1352,02-26 08:00:00+01:00,0.0,0.0,0.0,0.0,0.0,0.0
1353,02-26 09:00:00+01:00,0.0,0.0,0.0,0.0,0.0,0.0
1354,02-26 10:00:00+01:00,0.0,0.0,0.0,0.0,0.0,0.0
1355,02-26 11:00:00+01:00,0.0,0.0,0.0,0.0,0.0,0.0
1356,02-26 12:00:00+01:00,0.0,0.0,0.0,0.0,0.0,0.0
1357,02-26 13:00:00+01:00,0.0,0.0,0.0,0.0,0.0,0.0
1358,02-26 14:00:00+01:00,0.0,0.0,0.0,0.0,0.0,0.0
1359,02-26 15:00:00+01:00,0.0,0.0,0.0,0.0,0.0,0.0
1360,02-26 16:00:00+01:00,0.0,0.0,0.0,0.0,0.0,0.0
1361,02-26 17:00:00+01:00,0.0,0.0,0.0,0.0,0.0,0.0
1362,02-26 18:00:00+01:00,0.0,0.0,0.0,0.0,0.0,0.0
1363,02-26 19:00:00+01:00,0.0,0.0,0.0,0.0,0.0,0.0
1364,02-26 20:00:00+01:00,0.0,0.0,0.0,0.0,0.0,0.0
1365,02-26 21:00:00+01:00,0.0,0.0,0.0,0.0,0.0,0.0
1366,02-26 22:00:00+01:00,0.0,0.0,0.0,0.0,0.0,0.0
1367,02-26 23:00:00+01:00,0.0,0.0,0.0,0.0,0.0,0.0
1368,02-27 00:00:00+01:00,0.0,0.0,0.0,0.0,0.0,0.0
1369,02-27 01:00:00+01:00,0.0,0.0,0.0,0.0,0.0,0.0
1370,02-27 02:00:00+01:00,0.0,0.0,0.0,0.0,0.0,0.0
1371,02-27 03:00:00+01:00,0.0,0.0,0.0,0.0,0.0,0.0
1372,02-27 04:00:00+01:00,0.0,0.0,0.0,0.0,0.0,0.0
1373,02-27 05:00:00+01:00,0.0,0.0,0.0,0.0,0.0,0.0
1374,02-27 06:00:00+01:00,0.0,0.0,0.0,0.0,0.0,0.0
1375,02-27 07:00:00+01:00,0.0,0.0,0.0,0.0,0.0,0.0
1376,02-27 08:00:00+01:00,0.0,0.0,0.0,0.0,0.0,0.0
1377,02-27 09:00:00+01:00,0.0,0.0,0.0,0.0,0.0,0.0
1378,02-27 10:00:00+01:00,0.0,0.0,0.0,0.0,0.0,0.0
1379,02-27 11:00:00+01:00,0.0,0.0,0.0,0.0,0.0,0.0
1380,02-27 12:00:00+01:00,0.0,0.0,0.0,0.0,0.0,0.0
1381,02-27 13:00:00+01:00,0.0,0.0,0.0,0.0,0.0,0.0
1382,02-27 14:00:00+01:00,0.0,0.0,0.0,0.0,0.0,0.0
1383,02-27 15:00:00+01:00,0.0,0.0,0.0,0.0,0.0,0.0
1384,02-27 16:00:00+01:00,0.0,0.0,0.0,0.0,0.0,0.0
1385,02-27 17:00:00+01:00,0.0,0.0,0.0,0.0,0.0,0.0
1386,02-27 18:00:00+01:00,0.0,0.0,0.0,0.0,0.0,0.0
1387,02-27 19:00:00+01:00,0.0,0.0,0.0,0.0,0.0,0.0
1388,02-27 20:00:00+01:00,0.0,0.0,0.0,0.0,0.0,0.0
1389,02-27 21:00:00+01:00,0.0,0.0,0.0,0.0,0.0,0.0
1390,02-27 22:00:00+01:00,0.0,0.0,0.0,0.0,0.0,0.0
1391,02-27 23:00:00+01:00,0.0,0.0,0.0,0.0,0.0,0.0
1392,02-28 00:00:00+01:00,0.0,0.0,0.0,0.0,0.0,0.0
1393,02-28 01:00:00+01:00,0.0,0.0,0.0,0.0,0.0,0.0
1394,02-28 02:00:00+01:00,0.0,0.0,0.0,0.0,0.0,0.0
1395,02-28 03:00:00+01:00,0.0,0.0,0.0,0.0,0.0,0.0
1396,02-28 04:00:00+01:00,0.0,0.0,0.0,0.0,0.0,0.0
1397,02-28 05:00:00+01:00,0.0,0.0,0.0,0.0,0.0,0.0
1398,02-28 06:00:00+01:00,0.0,0.0,0.0,0.0,0.0,0.0
1399,02-28 07:00:00+01:00,0.0,0.0,0.0,0.0,0.0,0.0
1400,02-28 08:00:00+01:00,0.0,0.0,0.0,0.0,0.0,0.0
1401,02-28 09:00:00+01:00,0.0,0.0,0.0,0.0,0.0,0.0
1402,02-28 10:00:00+01:00,0.0,0.0,0.0,0.0,0.0,0.0
1403,02-28 11:00:00+01:00,0.0,0.0,0.0,0.0,0.0,0.0
1404,02-28 12:00:00+01:00,0.0,0.0,0.0,0.0,0.0,0.0
1405,02-28 13:00:00+01:00,0.0,0.0,0.0,0.0,0.0,0.0
1406,02-28 14:00:00+01:00,0.0,0.0,0.0,0.0,0.0,0.0
1407,02-28 15:00:00+01:00,0.0,0.0,0.0,0.0,0.0,0.0
1408,02-28 16:00:00+01:00,0.0,0.0,0.0,0.0,0.0,0.0
1409,02-28 17:00:00+01:00,0.0,0.0,0.0,0.0,0.0,0.0
1410,02-28 18:00:00+01:00,0.0,0.0,0.0,0.0,0.0,0.0
1411,02-28 19:00:00+01:00,0.0,0.0,0.0,0.0,0.0,0.0
1412,02-28 20:00:00+01:00,0.0,0.0,0.0,0.0,0.0,0.0
1413,02-28 21:00:00+01:00,0.0,0.0,0.0,0.0,0.0,0.0
1414,02-28 22:00:00+01:00,0.0,0.0,0.0,0.0,0.0,0.0
1415,02-28 23:00:00+01:00,0.0,0.0,0.0,0.0,0.0,0.0
1416,03-01 00:00:00+01:00,0.0,0.0,0.0,0.0,0.0,0.0
1417,03-01 01:00:00+01:00,0.0,0.0,0.0,0.0,0.0,0.0
1418,03-01 02:00:00+01:00,0.0,0.0,0.0,0.0,0.0,0.0
1419,03-01 03:00:00+01:00,0.0,0.0,0.0,0.0,0.0,0.0
1420,03-01 04:00:00+01:00,0.0,0.0,0.0,0.0,0.0,0.0
1421,03-01 05:00:00+01:00,0.0,0.0,0.0,0.0,0.0,0.0
1422,03-01 06:00:00+01:00,0.0,0.0,0.0,0.0,0.0,0.0
1423,03-01 07:00:00+01:00,0.0,0.0,0.0,0.0,0.0,0.0
1424,03-01 08:00:00+01:00,0.0,0.0,0.0,0.0,0.0,0.0
1425,03-01 09:00:00+01:00,0.0,0.0,0.0,0.0,0.0,0.0
1426,03-01 10:00:00+01:00,0.0,0.0,0.0,0.0,0.0,0.0
1427,03-01 11:00:00+01:00,0.0,0.0,0.0,0.0,0.0,0.0
1428,03-01 12:00:00+01:00,0.0,0.0,0.0,0.0,0.0,0.0
1429,03-01 13:00:00+01:00,0.0,0.0,0.0,0.0,0.0,0.0
1430,03-01 14:00:00+01:00,0.0,0.0,0.0,0.0,0.0,0.0
1431,03-01 15:00:00+01:00,0.0,0.0,0.0,0.0,0.0,0.0
1432,03-01 16:00:00+01:00,0.0,0.0,0.0,0.0,0.0,0.0
1433,03-01 17:00:00+01:00,0.0,0.0,0.0,0.0,0.0,0.0
1434,03-01 18:00:00+01:00,0.0,0.0,0.0,0.0,0.0,0.0
1435,03-01 19:00:00+01:00,0.0,0.0,0.0,0.0,0.0,0.0
1436,03-01 20:00:00+01:00,0.0,0.0,0.0,0.0,0.0,0.0
1437,03-01 21:00:00+01:00,0.0,0.0,0.0,0.0,0.0,0.0
1438,03-01 22:00:00+01:00,0.0,0.0,0.0,0.0,0.0,0.0
1439,03-01 23:00:00+01:00,0.0,0.0,0.0,0.0,0.0,0.0
1440,03-02 00:00:00+01:00,0.0,0.0,0.0,0.0,0.0,0.0
1441,03-02 01:00:00+01:00,0.0,0.0,0.0,0.0,0.0,0.0
1442,03-02 02:00:00+01:00,0.0,0.0,0.0,0.0,0.0,0.0
1443,03-02 03:00:00+01:00,0.0,0.0,0.0,0.0,0.0,0.0
1444,03-02 04:00:00+01:00,0.0,0.0,0.0,0.0,0.0,0.0
1445,03-02 05:00:00+01:00,0.0,0.0,0.0,0.0,0.0,0.0
1446,03-02 06:00:00+01:00,0.0,0.0,0.0,0.0,0.0,0.0
1447,03-02 07:00:00+01:00,0.0,0.0,0.0,0.0,0.0,0.0
1448,03-02 08:00:00+01:00,0.0,0.0,0.0,0.0,0.0,0.0
1449,03-02 09:00:00+01:00,0.0,0.0,0.0,0.0,0.0,0.0
1450,03-02 10:00:00+01:00,0.0,0.0,0.0,0.0,0.0,0.0
1451,03-02 11:00:00+01:00,0.0,0.0,0.0,0.0,0.0,0.0
1452,03-02 12:00:00+01:00,0.0,0.0,0.0,0.0,0.0,0.0
1453,03-02 13:00:00+01:00,0.0,0.0,0.0,0.0,0.0,0.0
1454,03-02 14:00:00+01:00,0.0,0.0,0.0,0.0,0.0,0.0
1455,03-02 15:00:00+01:00,0.0,0.0,0.0,0.0,0.0,0.0
1456,03-02 16:00:00+01:00,0.0,0.0,0.0,0.0,0.0,0.0
1457,03-02 17:00:00+01:00,0.0,0.0,0.0,0.0,0.0,0.0
1458,03-02 18:00:00+01:00,0.0,0.0,0.0,0.0,0.0,0.0
1459,03-02 19:00:00+01:00,0.0,0.0,0.0,0.0,0.0,0.0
1460,03-02 20:00:00+01:00,0.0,0.0,0.0,0.0,0.0,0.0
1461,03-02 21:00:00+01:00,0.0,0.0,0.0,0.0,0.0,0.0
1462,03-02 22:00:00+01:00,0.0,0.0,0.0,0.0,0.0,0.0
1463,03-02 23:00:00+01:00,0.0,0.0,0.0,0.0,0.0,0.0
1464,03-03 00:00:00+01:00,0.0,0.0,0.0,0.0,0.0,0.0
1465,03-03 01:00:00+01:00,0.0,0.0,0.0,0.0,0.0,0.0
1466,03-03 02:00:00+01:00,0.0,0.0,0.0,0.0,0.0,0.0
1467,03-03 03:00:00+01:00,0.0,0.0,0.0,0.0,0.0,0.0
1468,03-03 04:00:00+01:00,0.0,0.0,0.0,0.0,0.0,0.0
1469,03-03 05:00:00+01:00,0.0,0.0,0.0,0.0,0.0,0.0
1470,03-03 06:00:00+01:00,0.0,0.0,0.0,0.0,0.0,0.0
1471,03-03 07:00:00+01:00,0.0,0.0,0.0,0.0,0.0,0.0
1472,03-03 08:00:00+01:00,0.0,0.0,0.0,0.0,0.0,0.0
1473,03-03 09:00:00+01:00,0.0,0.0,0.0,0.0,0.0,0.0
1474,03-03 10:00:00+01:00,0.0,0.0,0.0,0.0,0.0,0.0
1475,03-03 11:00:00+01:00,0.0,0.0,0.0,0.0,0.0,0.0
1476,03-03 12:00:00+01:00,0.0,0.0,0.0,0.0,0.0,0.0
1477,03-03 13:00:00+01:00,0.0,0.0,0.0,0.0,0.0,0.0
1478,03-03 14:00:00+01:00,0.0,0.0,0.0,0.0,0.0,0.0
1479,03-03 15:00:00+01:00,0.0,0.0,0.0,0.0,0.0,0.0
1480,03-03 16:00:00+01:00,0.0,0.0,0.0,0.0,0.0,0.0
1481,03-03 17:00:00+01:00,0.0,0.0,0.0,0.0,0.0,0.0
1482,03-03 18:00:00+01:00,0.0,0.0,0.0,0.0,0.0,0.0
1483,03-03 19:00:00+01:00,0.0,0.0,0.0,0.0,0.0,0.0
1484,03-03 20:00:00+01:00,0.0,0.0,0.0,0.0,0.0,0.0
1485,03-03 21:00:00+01:00,0.0,0.0,0.0,0.0,0.0,0.0
1486,03-03 22:00:00+01:00,0.0,0.0,0.0,0.0,0.0,0.0
1487,03-03 23:00:00+01:00,0.0,0.0,0.0,0.0,0.0,0.0
1488,03-04 00:00:00+01:00,0.0,0.0,0.0,0.0,0.0,0.0
1489,03-04 01:00:00+01:00,0.0,0.0,0.0,0.0,0.0,0.0
1490,03-04 02:00:00+01:00,0.0,0.0,0.0,0.0,0.0,0.0
1491,03-04 03:00:00+01:00,0.0,0.0,0.0,0.0,0.0,0.0
1492,03-04 04:00:00+01:00,0.0,0.0,0.0,0.0,0.0,0.0
1493,03-04 05:00:00+01:00,0.0,0.0,0.0,0.0,0.0,0.0
1494,03-04 06:00:00+01:00,0.0,0.0,0.0,0.0,0.0,0.0
1495,03-04 07:00:00+01:00,0.0,0.0,0.0,0.0,0.0,0.0
1496,03-04 08:00:00+01:00,0.0,0.0,0.0,0.0,0.0,0.0
1497,03-04 09:00:00+01:00,0.0,0.0,0.0,0.0,0.0,0.0
1498,03-04 10:00:00+01:00,0.0,0.0,0.0,0.0,0.0,0.0
1499,03-04 11:00:00+01:00,0.0,0.0,0.0,0.0,0.0,0.0
1500,03-04 12:00:00+01:00,0.0,0.0,0.0,0.0,0.0,0.0
1501,03-04 13:00:00+01:00,0.0,0.0,0.0,0.0,0.0,0.0
1502,03-04 14:00:00+01:00,0.0,0.0,0.0,0.0,0.0,0.0
1503,03-04 15:00:00+01:00,0.0,0.0,0.0,0.0,0.0,0.0
1504,03-04 16:00:00+01:00,0.0,0.0,0.0,0.0,0.0,0.0
1505,03-04 17:00:00+01:00,0.0,0.0,0.0,0.0,0.0,0.0
1506,03-04 18:00:00+01:00,0.0,0.0,0.0,0.0,0.0,0.0
1507,03-04 19:00:00+01:00,0.0,0.0,0.0,0.0,0.0,0.0
1508,03-04 20:00:00+01:00,0.0,0.0,0.0,0.0,0.0,0.0
1509,03-04 21:00:00+01:00,0.0,0.0,0.0,0.0,0.0,0.0
1510,03-04 22:00:00+01:00,0.0,0.0,0.0,0.0,0.0,0.0
1511,03-04 23:00:00+01:00,0.0,0.0,0.0,0.0,0.0,0.0
1512,03-05 00:00:00+01:00,0.0,0.0,0.0,0.0,0.0,0.0
1513,03-05 01:00:00+01:00,0.0,0.0,0.0,0.0,0.0,0.0
1514,03-05 02:00:00+01:00,0.0,0.0,0.0,0.0,0.0,0.0
1515,03-05 03:00:00+01:00,0.0,0.0,0.0,0.0,0.0,0.0
1516,03-05 04:00:00+01:00,0.0,0.0,0.0,0.0,0.0,0.0
1517,03-05 05:00:00+01:00,0.0,0.0,0.0,0.0,0.0,0.0
1518,03-05 06:00:00+01:00,0.0,0.0,0.0,0.0,0.0,0.0
1519,03-05 07:00:00+01:00,0.0,0.0,0.0,0.0,0.0,0.0
1520,03-05 08:00:00+01:00,0.0,0.0,0.0,0.0,0.0,0.0
1521,03-05 09:00:00+01:00,0.0,0.0,0.0,0.0,0.0,0.0
1522,03-05 10:00:00+01:00,0.0,0.0,0.0,0.0,0.0,0.0
1523,03-05 11:00:00+01:00,0.0,0.0,0.0,0.0,0.0,0.0
1524,03-05 12:00:00+01:00,0.0,0.0,0.0,0.0,0.0,0.0
1525,03-05 13:00:00+01:00,0.0,0.0,0.0,0.0,0.0,0.0
1526,03-05 14:00:00+01:00,0.0,0.0,0.0,0.0,0.0,0.0
1527,03-05 15:00:00+01:00,0.0,0.0,0.0,0.0,0.0,0.0
1528,03-05 16:00:00+01:00,0.0,0.0,0.0,0.0,0.0,0.0
1529,03-05 17:00:00+01:00,0.0,0.0,0.0,0.0,0.0,0.0
1530,03-05 18:00:00+01:00,0.0,0.0,0.0,0.0,0.0,0.0
1531,03-05 19:00:00+01:00,0.0,0.0,0.0,0.0,0.0,0.0
1532,03-05 20:00:00+01:00,0.0,0.0,0.0,0.0,0.0,0.0
1533,03-05 21:00:00+01:00,0.0,0.0,0.0,0.0,0.0,0.0
1534,03-05 22:00:00+01:00,0.0,0.0,0.0,0.0,0.0,0.0
1535,03-05 23:00:00+01:00,0.0,0.0,0.0,0.0,0.0,0.0
1536,03-06 00:00:00+01:00,0.0,0.0,0.0,0.0,0.0,0.0
1537,03-06 01:00:00+01:00,0.0,0.0,0.0,0.0,0.0,0.0
1538,03-06 02:00:00+01:00,0.0,0.0,0.0,0.0,0.0,0.0
1539,03-06 03:00:00+01:00,0.0,0.0,0.0,0.0,0.0,0.0
1540,03-06 04:00:00+01:00,0.0,0.0,0.0,0.0,0.0,0.0
1541,03-06 05:00:00+01:00,0.0,0.0,0.0,0.0,0.0,0.0
1542,03-06 06:00:00+01:00,0.0,0.0,0.0,0.0,0.0,0.0
1543,03-06 07:00:00+01:00,0.0,0.0,0.0,0.0,0.0,0.0
1544,03-06 08:00:00+01:00,0.0,0.0,0.0,0.0,0.0,0.0
1545,03-06 09:00:00+01:00,0.0,0.0,0.0,0.0,0.0,0.0
1546,03-06 10:00:00+01:00,0.0,0.0,0.0,0.0,0.0,0.0
1547,03-06 11:00:00+01:00,0.0,0.0,0.0,0.0,0.0,0.0
1548,03-06 12:00:00+01:00,0.0,0.0,0.0,0.0,0.0,0.0
1549,03-06 13:00:00+01:00,0.0,0.0,0.0,0.0,0.0,0.0
1550,03-06 14:00:00+01:00,0.0,0.0,0.0,0.0,0.0,0.0
1551,03-06 15:00:00+01:00,0.0,0.0,0.0,0.0,0.0,0.0
1552,03-06 16:00:00+01:00,0.0,0.0,0.0,0.0,0.0,0.0
1553,03-06 17:00:00+01:00,0.0,0.0,0.0,0.0,0.0,0.0
1554,03-06 18:00:00+01:00,0.0,0.0,0.0,0.0,0.0,0.0
1555,03-06 19:00:00+01:00,0.0,0.0,0.0,0.0,0.0,0.0
1556,03-06 20:00:00+01:00,0.0,0.0,0.0,0.0,0.0,0.0
1557,03-06 21:00:00+01:00,0.0,0.0,0.0,0.0,0.0,0.0
1558,03-06 22:00:00+01:00,0.0,0.0,0.0,0.0,0.0,0.0
1559,03-06 23:00:00+01:00,0.0,0.0,0.0,0.0,0.0,0.0
1560,03-07 00:00:00+01:00,0.0,0.0,0.0,0.0,0.0,0.0
1561,03-07 01:00:00+01:00,0.0,0.0,0.0,0.0,0.0,0.0
1562,03-07 02:00:00+01:00,0.0,0.0,0.0,0.0,0.0,0.0
1563,03-07 03:00:00+01:00,0.0,0.0,0.0,0.0,0.0,0.0
1564,03-07 04:00:00+01:00,0.0,0.0,0.0,0.0,0.0,0.0
1565,03-07 05:00:00+01:00,0.0,0.0,0.0,0.0,0.0,0.0
1566,03-07 06:00:00+01:00,0.0,0.0,0.0,0.0,0.0,0.0
1567,03-07 07:00:00+01:00,0.0,0.0,0.0,0.0,0.0,0.0
1568,03-07 08:00:00+01:00,0.0,0.0,0.0,0.0,0.0,0.0
1569,03-07 09:00:00+01:00,0.0,0.0,0.0,0.0,0.0,0.0
1570,03-07 10:00:00+01:00,0.0,0.0,0.0,0.0,0.0,0.0
1571,03-07 11:00:00+01:00,0.0,0.0,0.0,0.0,0.0,0.0
1572,03-07 12:00:00+01:00,0.0,0.0,0.0,0.0,0.0,0.0
1573,03-07 13:00:00+01:00,0.0,0.0,0.0,0.0,0.0,0.0
1574,03-07 14:00:00+01:00,0.0,0.0,0.0,0.0,0.0,0.0
1575,03-07 15:00:00+01:00,0.0,0.0,0.0,0.0,0.0,0.0
1576,03-07 16:00:00+01:00,0.0,0.0,0.0,0.0,0.0,0.0
1577,03-07 17:00:00+01:00,0.0,0.0,0.0,0.0,0.0,0.0
1578,03-07 18:00:00+01:00,0.0,0.0,0.0,0.0,0.0,0.0
1579,03-07 19:00:00+01:00,0.0,0.0,0.0,0.0,0.0,0.0
1580,03-07 20:00:00+01:00,0.0,0.0,0.0,0.0,0.0,0.0
1581,03-07 21:00:00+01:00,0.0,0.0,0.0,0.0,0.0,0.0
1582,03-07 22:00:00+01:00,0.0,0.0,0.0,0.0,0.0,0.0
1583,03-07 23:00:00+01:00,0.0,0.0,0.0,0.0,0.0,0.0
1584,03-08 00:00:00+01:00,0.0,0.0,0.0,0.0,0.0,0.0
1585,03-08 01:00:00+01:00,0.0,0.0,0.0,0.0,0.0,0.0
1586,03-08 02:00:00+01:00,0.0,0.0,0.0,0.0,0.0,0.0
1587,03-08 03:00:00+01:00,0.0,0.0,0.0,0.0,0.0,0.0
1588,03-08 04:00:00+01:00,0.0,0.0,0.0,0.0,0.0,0.0
1589,03-08 05:00:00+01:00,0.0,0.0,0.0,0.0,0.0,0.0
1590,03-08 06:00:00+01:00,0.0,0.0,0.0,0.0,0.0,0.0
1591,03-08 07:00:00+01:00,0.0,0.0,0.0,0.0,0.0,0.0
1592,03-08 08:00:00+01:00,0.0,0.0,0.0,0.0,0.0,0.0
1593,03-08 09:00:00+01:00,0.0,0.0,0.0,0.0,0.0,0.0
1594,03-08 10:00:00+01:00,0.0,0.0,0.0,0.0,0.0,0.0
1595,03-08 11:00:00+01:00,0.0,0.0,0.0,0.0,0.0,0.0
1596,03-08 12:00:00+01:00,0.0,0.0,0.0,0.0,0.0,0.0
1597,03-08 13:00:00+01:00,0.0,0.0,0.0,0.0,0.0,0.0
1598,03-08 14:00:00+01:00,0.0,0.0,0.0,0.0,0.0,0.0
1599,03-08 15:00:00+01:00,0.0,0.0,0.0,0.0,0.0,0.0
1600,03-08 16:00:00+01:00,0.0,0.0,0.0,0.0,0.0,0.0
1601,03-08 17:00:00+01:00,0.0,0.0,0.0,0.0,0.0,0.0
1602,03-08 18:00:00+01:00,0.0,0.0,0.0,0.0,0.0,0.0
1603,03-08 19:00:00+01:00,0.0,0.0,0.0,0.0,0.0,0.0
1604,03-08 20:00:00+01:00,0.0,0.0,0.0,0.0,0.0,0.0
1605,03-08 21:00:00+01:00,0.0,0.0,0.0,0.0,0.0,0.0
1606,03-08 22:00:00+01:00,0.0,0.0,0.0,0.0,0.0,0.0
1607,03-08 23:00:00+01:00,0.0,0.0,0.0,0.0,0.0,0.0
1608,03-09 00:00:00+01:00,0.0,0.0,0.0,0.0,0.0,0.0
1609,03-09 01:00:00+01:00,0.0,0.0,0.0,0.0,0.0,0.0
1610,03-09 02:00:00+01:00,0.0,0.0,0.0,0.0,0.0,0.0
1611,03-09 03:00:00+01:00,0.0,0.0,0.0,0.0,0.0,0.0
1612,03-09 04:00:00+01:00,0.0,0.0,0.0,0.0,0.0,0.0
1613,03-09 05:00:00+01:00,0.0,0.0,0.0,0.0,0.0,0.0
1614,03-09 06:00:00+01:00,0.0,0.0,0.0,0.0,0.0,0.0
1615,03-09 07:00:00+01:00,0.0,0.0,0.0,0.0,0.0,0.0
1616,03-09 08:00:00+01:00,0.0,0.0,0.0,0.0,0.0,0.0
1617,03-09 09:00:00+01:00,0.0,0.0,0.0,0.0,0.0,0.0
1618,03-09 10:00:00+01:00,0.0,0.0,0.0,0.0,0.0,0.0
1619,03-09 11:00:00+01:00,0.0,0.0,0.0,0.0,0.0,0.0
1620,03-09 12:00:00+01:00,0.0,0.0,0.0,0.0,0.0,0.0
1621,03-09 13:00:00+01:00,0.0,0.0,0.0,0.0,0.0,0.0
1622,03-09 14:00:00+01:00,0.0,0.0,0.0,0.0,0.0,0.0
1623,03-09 15:00:00+01:00,0.0,0.0,0.0,0.0,0.0,0.0
1624,03-09 16:00:00+01:00,0.0,0.0,0.0,0.0,0.0,0.0
1625,03-09 17:00:00+01:00,0.0,0.0,0.0,0.0,0.0,0.0
1626,03-09 18:00:00+01:00,0.0,0.0,0.0,0.0,0.0,0.0
1627,03-09 19:00:00+01:00,0.0,0.0,0.0,0.0,0.0,0.0
1628,03-09 20:00:00+01:00,0.0,0.0,0.0,0.0,0.0,0.0
1629,03-09 21:00:00+01:00,0.0,0.0,0.0,0.0,0.0,0.0
1630,03-09 22:00:00+01:00,0.0,0.0,0.0,0.0,0.0,0.0
1631,03-09 23:00:00+01:00,0.0,0.0,0.0,0.0,0.0,0.0
1632,03-10 00:00:00+01:00,0.0,0.0,0.0,0.0,0.0,0.0
1633,03-10 01:00:00+01:00,0.0,0.0,0.0,0.0,0.0,0.0
1634,03-10 02:00:00+01:00,0.0,0.0,0.0,0.0,0.0,0.0
1635,03-10 03:00:00+01:00,0.0,0.0,0.0,0.0,0.0,0.0
1636,03-10 04:00:00+01:00,0.0,0.0,0.0,0.0,0.0,0.0
1637,03-10 05:00:00+01:00,0.0,0.0,0.0,0.0,0.0,0.0
1638,03-10 06:00:00+01:00,0.0,0.0,0.0,0.0,0.0,0.0
1639,03-10 07:00:00+01:00,0.0,0.0,0.0,0.0,0.0,0.0
1640,03-10 08:00:00+01:00,0.0,0.0,0.0,0.0,0.0,0.0
1641,03-10 09:00:00+01:00,0.0,0.0,0.0,0.0,0.0,0.0
1642,03-10 10:00:00+01:00,0.0,0.0,0.0,0.0,0.0,0.0
1643,03-10 11:00:00+01:00,0.0,0.0,0.0,0.0,0.0,0.0
1644,03-10 12:00:00+01:00,0.0,0.0,0.0,0.0,0.0,0.0
1645,03-10 13:00:00+01:00,0.0,0.0,0.0,0.0,0.0,0.0
1646,03-10 14:00:00+01:00,0.0,0.0,0.0,0.0,0.0,0.0
1647,03-10 15:00:00+01:00,0.0,0.0,0.0,0.0,0.0,0.0
1648,03-10 16:00:00+01:00,0.0,0.0,0.0,0.0,0.0,0.0
1649,03-10 17:00:00+01:00,0.0,0.0,0.0,0.0,0.0,0.0
1650,03-10 18:00:00+01:00,0.0,0.0,0.0,0.0,0.0,0.0
1651,03-10 19:00:00+01:00,0.0,0.0,0.0,0.0,0.0,0.0
1652,03-10 20:00:00+01:00,0.0,0.0,0.0,0.0,0.0,0.0
1653,03-10 21:00:00+01:00,0.0,0.0,0.0,0.0,0.0,0.0
1654,03-10 22:00:00+01:00,0.0,0.0,0.0,0.0,0.0,0.0
1655,03-10 23:00:00+01:00,0.0,0.0,0.0,0.0,0.0,0.0
1656,03-11 00:00:00+01:00,0.0,0.0,0.0,0.0,0.0,0.0
1657,03-11 01:00:00+01:00,0.0,0.0,0.0,0.0,0.0,0.0
1658,03-11 02:00:00+01:00,0.0,0.0,0.0,0.0,0.0,0.0
1659,03-11 03:00:00+01:00,0.0,0.0,0.0,0.0,0.0,0.0
1660,03-11 04:00:00+01:00,0.0,0.0,0.0,0.0,0.0,0.0
1661,03-11 05:00:00+01:00,0.0,0.0,0.0,0.0,0.0,0.0
1662,03-11 06:00:00+01:00,0.0,0.0,0.0,0.0,0.0,0.0
1663,03-11 07:00:00+01:00,0.0,0.0,0.0,0.0,0.0,0.0
1664,03-11 08:00:00+01:00,0.0,0.0,0.0,0.0,0.0,0.0
1665,03-11 09:00:00+01:00,0.0,0.0,0.0,0.0,0.0,0.0
1666,03-11 10:00:00+01:00,0.0,0.0,0.0,0.0,0.0,0.0
1667,03-11 11:00:00+01:00,0.0,0.0,0.0,0.0,0.0,0.0
1668,03-11 12:00:00+01:00,0.0,0.0,0.0,0.0,0.0,0.0
1669,03-11 13:00:00+01:00,0.0,0.0,0.0,0.0,0.0,0.0
1670,03-11 14:00:00+01:00,0.0,0.0,0.0,0.0,0.0,0.0
1671,03-11 15:00:00+01:00,0.0,0.0,0.0,0.0,0.0,0.0
1672,03-11 16:00:00+01:00,0.0,0.0,0.0,0.0,0.0,0.0
1673,03-11 17:00:00+01:00,0.0,0.0,0.0,0.0,0.0,0.0
1674,03-11 18:00:00+01:00,0.0,0.0,0.0,0.0,0.0,0.0
1675,03-11 19:00:00+01:00,0.0,0.0,0.0,0.0,0.0,0.0
1676,03-11 20:00:00+01:00,0.0,0.0,0.0,0.0,0.0,0.0
1677,03-11 21:00:00+01:00,0.0,0.0,0.0,0.0,0.0,0.0
1678,03-11 22:00:00+01:00,0.0,0.0,0.0,0.0,0.0,0.0
1679,03-11 23:00:00+01:00,0.0,0.0,0.0,0.0,0.0,0.0
1680,03-12 00:00:00+01:00,0.0,0.0,0.0,0.0,0.0,0.0
1681,03-12 01:00:00+01:00,0.0,0.0,0.0,0.0,0.0,0.0
1682,03-12 02:00:00+01:00,0.0,0.0,0.0,0.0,0.0,0.0
1683,03-12 03:00:00+01:00,0.0,0.0,0.0,0.0,0.0,0.0
1684,03-12 04:00:00+01:00,0.0,0.0,0.0,0.0,0.0,0.0
1685,03-12 05:00:00+01:00,0.0,0.0,0.0,0.0,0.0,0.0
1686,03-12 06:00:00+01:00,0.0,0.0,0.0,0.0,0.0,0.0
1687,03-12 07:00:00+01:00,0.0,0.0,0.0,0.0,0.0,0.0
1688,03-12 08:00:00+01:00,0.0,0.0,0.0,0.0,0.0,0.0
1689,03-12 09:00:00+01:00,0.0,0.0,0.0,0.0,0.0,0.0
1690,03-12 10:00:00+01:00,0.0,0.0,0.0,0.0,0.0,0.0
1691,03-12 11:00:00+01:00,0.0,0.0,0.0,0.0,0.0,0.0
1692,03-12 12:00:00+01:00,0.0,0.0,0.0,0.0,0.0,0.0
1693,03-12 13:00:00+01:00,0.0,0.0,0.0,0.0,0.0,0.0
1694,03-12 14:00:00+01:00,0.0,0.0,0.0,0.0,0.0,0.0
1695,03-12 15:00:00+01:00,0.0,0.0,0.0,0.0,0.0,0.0
1696,03-12 16:00:00+01:00,0.0,0.0,0.0,0.0,0.0,0.0
1697,03-12 17:00:00+01:00,0.0,0.0,0.0,0.0,0.0,0.0
1698,03-12 18:00:00+01:00,0.0,0.0,0.0,0.0,0.0,0.0
1699,03-12 19:00:00+01:00,0.0,0.0,0.0,0.0,0.0,0.0
1700,03-12 20:00:00+01:00,0.0,0.0,0.0,0.0,0.0,0.0
1701,03-12 21:00:00+01:00,0.0,0.0,0.0,0.0,0.0,0.0
1702,03-12 22:00:00+01:00,0.0,0.0,0.0,0.0,0.0,0.0
1703,03-12 23:00:00+01:00,0.0,0.0,0.0,0.0,0.0,0.0
1704,03-13 00:00:00+01:00,0.0,0.0,0.0,0.0,0.0,0.0
1705,03-13 01:00:00+01:00,0.0,0.0,0.0,0.0,0.0,0.0
1706,03-13 02:00:00+01:00,0.0,0.0,0.0,0.0,0.0,0.0
1707,03-13 03:00:00+01:00,0.0,0.0,0.0,0.0,0.0,0.0
1708,03-13 04:00:00+01:00,0.0,0.0,0.0,0.0,0.0,0.0
1709,03-13 05:00:00+01:00,0.0,0.0,0.0,0.0,0.0,0.0
1710,03-13 06:00:00+01:00,0.0,0.0,0.0,0.0,0.0,0.0
1711,03-13 07:00:00+01:00,0.0,0.0,0.0,0.0,0.0,0.0
1712,03-13 08:00:00+01:00,0.0,0.0,0.0,0.0,0.0,0.0
1713,03-13 09:00:00+01:00,0.0,0.0,0.0,0.0,0.0,0.0
1714,03-13 10:00:00+01:00,0.0,0.0,0.0,0.0,0.0,0.0
1715,03-13 11:00:00+01:00,0.0,0.0,0.0,0.0,0.0,0.0
1716,03-13 12:00:00+01:00,0.0,0.0,0.0,0.0,0.0,0.0
1717,03-13 13:00:00+01:00,0.0,0.0,0.0,0.0,0.0,0.0
1718,03-13 14:00:00+01:00,0.0,0.0,0.0,0.0,0.0,0.0
1719,03-13 15:00:00+01:00,0.0,0.0,0.0,0.0,0.0,0.0
1720,03-13 16:00:00+01:00,0.0,0.0,0.0,0.0,0.0,0.0
1721,03-13 17:00:00+01:00,0.0,0.0,0.0,0.0,0.0,0.0
1722,03-13 18:00:00+01:00,0.0,0.0,0.0,0.0,0.0,0.0
1723,03-13 19:00:00+01:00,0.0,0.0,0.0,0.0,0.0,0.0
1724,03-13 20:00:00+01:00,0.0,0.0,0.0,0.0,0.0,0.0
1725,03-13 21:00:00+01:00,0.0,0.0,0.0,0.0,0.0,0.0
1726,03-13 22:00:00+01:00,0.0,0.0,0.0,0.0,0.0,0.0
1727,03-13 23:00:00+01:00,0.0,0.0,0.0,0.0,0.0,0.0
1728,03-14 00:00:00+01:00,0.0,0.0,0.0,0.0,0.0,0.0
1729,03-14 01:00:00+01:00,0.0,0.0,0.0,0.0,0.0,0.0
1730,03-14 02:00:00+01:00,0.0,0.0,0.0,0.0,0.0,0.0
1731,03-14 03:00:00+01:00,0.0,0.0,0.0,0.0,0.0,0.0
1732,03-14 04:00:00+01:00,0.0,0.0,0.0,0.0,0.0,0.0
1733,03-14 05:00:00+01:00,0.0,0.0,0.0,0.0,0.0,0.0
1734,03-14 06:00:00+01:00,0.0,0.0,0.0,0.0,0.0,0.0
1735,03-14 07:00:00+01:00,0.0,0.0,0.0,0.0,0.0,0.0
1736,03-14 08:00:00+01:00,0.0,0.0,0.0,0.0,0.0,0.0
1737,03-14 09:00:00+01:00,0.0,0.0,0.0,0.0,0.0,0.0
1738,03-14 10:00:00+01:00,0.0,0.0,0.0,0.0,0.0,0.0
1739,03-14 11:00:00+01:00,0.0,0.0,0.0,0.0,0.0,0.0
1740,03-14 12:00:00+01:00,0.0,0.0,0.0,0.0,0.0,0.0
1741,03-14 13:00:00+01:00,0.0,0.0,0.0,0.0,0.0,0.0
1742,03-14 14:00:00+01:00,0.0,0.0,0.0,0.0,0.0,0.0
1743,03-14 15:00:00+01:00,0.0,0.0,0.0,0.0,0.0,0.0
1744,03-14 16:00:00+01:00,0.0,0.0,0.0,0.0,0.0,0.0
1745,03-14 17:00:00+01:00,0.0,0.0,0.0,0.0,0.0,0.0
1746,03-14 18:00:00+01:00,0.0,0.0,0.0,0.0,0.0,0.0
1747,03-14 19:00:00+01:00,0.0,0.0,0.0,0.0,0.0,0.0
1748,03-14 20:00:00+01:00,0.0,0.0,0.0,0.0,0.0,0.0
1749,03-14 21:00:00+01:00,0.0,0.0,0.0,0.0,0.0,0.0
1750,03-14 22:00:00+01:00,0.0,0.0,0.0,0.0,0.0,0.0
1751,03-14 23:00:00+01:00,0.0,0.0,0.0,0.0,0.0,0.0
1752,03-15 00:00:00+01:00,0.0,0.0,0.0,0.0,0.0,0.0
1753,03-15 01:00:00+01:00,0.0,0.0,0.0,0.0,0.0,0.0
1754,03-15 02:00:00+01:00,0.0,0.0,0.0,0.0,0.0,0.0
1755,03-15 03:00:00+01:00,0.0,0.0,0.0,0.0,0.0,0.0
1756,03-15 04:00:00+01:00,0.0,0.0,0.0,0.0,0.0,0.0
1757,03-15 05:00:00+01:00,0.0,0.0,0.0,0.0,0.0,0.0
1758,03-15 06:00:00+01:00,0.0,0.0,0.0,0.0,0.0,0.0
1759,03-15 07:00:00+01:00,0.0,0.0,0.0,0.0,0.0,0.0
1760,03-15 08:00:00+01:00,0.0,0.0,0.0,0.0,0.0,0.0
1761,03-15 09:00:00+01:00,0.0,0.0,0.0,0.0,0.0,0.0
1762,03-15 10:00:00+01:00,0.0,0.0,0.0,0.0,0.0,0.0
1763,03-15 11:00:00+01:00,0.0,0.0,0.0,0.0,0.0,0.0
1764,03-15 12:00:00+01:00,0.0,0.0,0.0,0.0,0.0,0.0
1765,03-15 13:00:00+01:00,0.0,0.0,0.0,0.0,0.0,0.0
1766,03-15 14:00:00+01:00,0.0,0.0,0.0,0.0,0.0,0.0
1767,03-15 15:00:00+01:00,0.0,0.0,0.0,0.0,0.0,0.0
1768,03-15 16:00:00+01:00,0.0,0.0,0.0,0.0,0.0,0.0
1769,03-15 17:00:00+01:00,0.0,0.0,0.0,0.0,0.0,0.0
1770,03-15 18:00:00+01:00,0.0,0.0,0.0,0.0,0.0,0.0
1771,03-15 19:00:00+01:00,0.0,0.0,0.0,0.0,0.0,0.0
1772,03-15 20:00:00+01:00,0.0,0.0,0.0,0.0,0.0,0.0
1773,03-15 21:00:00+01:00,0.0,0.0,0.0,0.0,0.0,0.0
1774,03-15 22:00:00+01:00,0.0,0.0,0.0,0.0,0.0,0.0
1775,03-15 23:00:00+01:00,0.0,0.0,0.0,0.0,0.0,0.0
1776,03-16 00:00:00+01:00,0.0,0.0,0.0,0.0,0.0,0.0
1777,03-16 01:00:00+01:00,0.0,0.0,0.0,0.0,0.0,0.0
1778,03-16 02:00:00+01:00,0.0,0.0,0.0,0.0,0.0,0.0
1779,03-16 03:00:00+01:00,0.0,0.0,0.0,0.0,0.0,0.0
1780,03-16 04:00:00+01:00,0.0,0.0,0.0,0.0,0.0,0.0
1781,03-16 05:00:00+01:00,0.0,0.0,0.0,0.0,0.0,0.0
1782,03-16 06:00:00+01:00,0.0,0.0,0.0,0.0,0.0,0.0
1783,03-16 07:00:00+01:00,0.0,0.0,0.0,0.0,0.0,0.0
1784,03-16 08:00:00+01:00,0.0,0.0,0.0,0.0,0.0,0.0
1785,03-16 09:00:00+01:00,0.0,0.0,0.0,0.0,0.0,0.0
1786,03-16 10:00:00+01:00,0.0,0.0,0.0,0.0,0.0,0.0
1787,03-16 11:00:00+01:00,0.0,0.0,0.0,0.0,0.0,0.0
1788,03-16 12:00:00+01:00,0.0,0.0,0.0,0.0,0.0,0.0
1789,03-16 13:00:00+01:00,0.0,0.0,0.0,0.0,0.0,0.0
1790,03-16 14:00:00+01:00,0.0,0.0,0.0,0.0,0.0,0.0
1791,03-16 15:00:00+01:00,0.0,0.0,0.0,0.0,0.0,0.0
1792,03-16 16:00:00+01:00,0.0,0.0,0.0,0.0,0.0,0.0
1793,03-16 17:00:00+01:00,0.0,0.0,0.0,0.0,0.0,0.0
1794,03-16 18:00:00+01:00,0.0,0.0,0.0,0.0,0.0,0.0
1795,03-16 19:00:00+01:00,0.0,0.0,0.0,0.0,0.0,0.0
1796,03-16 20:00:00+01:00,0.0,0.0,0.0,0.0,0.0,0.0
1797,03-16 21:00:00+01:00,0.0,0.0,0.0,0.0,0.0,0.0
1798,03-16 22:00:00+01:00,0.0,0.0,0.0,0.0,0.0,0.0
1799,03-16 23:00:00+01:00,0.0,0.0,0.0,0.0,0.0,0.0
1800,03-17 00:00:00+01:00,0.0,0.0,0.0,0.0,0.0,0.0
1801,03-17 01:00:00+01:00,0.0,0.0,0.0,0.0,0.0,0.0
1802,03-17 02:00:00+01:00,0.0,0.0,0.0,0.0,0.0,0.0
1803,03-17 03:00:00+01:00,0.0,0.0,0.0,0.0,0.0,0.0
1804,03-17 04:00:00+01:00,0.0,0.0,0.0,0.0,0.0,0.0
1805,03-17 05:00:00+01:00,0.0,0.0,0.0,0.0,0.0,0.0
1806,03-17 06:00:00+01:00,0.0,0.0,0.0,0.0,0.0,0.0
1807,03-17 07:00:00+01:00,0.0,0.0,0.0,0.0,0.0,0.0
1808,03-17 08:00:00+01:00,0.0,0.0,0.0,0.0,0.0,0.0
1809,03-17 09:00:00+01:00,0.0,0.0,0.0,0.0,0.0,0.0
1810,03-17 10:00:00+01:00,0.0,0.0,0.0,0.0,0.0,0.0
1811,03-17 11:00:00+01:00,0.0,0.0,0.0,0.0,0.0,0.0
1812,03-17 12:00:00+01:00,0.0,0.0,0.0,0.0,0.0,0.0
1813,03-17 13:00:00+01:00,0.0,0.0,0.0,0.0,0.0,0.0
1814,03-17 14:00:00+01:00,0.0,0.0,0.0,0.0,0.0,0.0
1815,03-17 15:00:00+01:00,0.0,0.0,0.0,0.0,0.0,0.0
1816,03-17 16:00:00+01:00,0.0,0.0,0.0,0.0,0.0,0.0
1817,03-17 17:00:00+01:00,0.0,0.0,0.0,0.0,0.0,0.0
1818,03-17 18:00:00+01:00,0.0,0.0,0.0,0.0,0.0,0.0
1819,03-17 19:00:00+01:00,0.0,0.0,0.0,0.0,0.0,0.0
1820,03-17 20:00:00+01:00,0.0,0.0,0.0,0.0,0.0,0.0
1821,03-17 21:00:00+01:00,0.0,0.0,0.0,0.0,0.0,0.0
1822,03-17 22:00:00+01:00,0.0,0.0,0.0,0.0,0.0,0.0
1823,03-17 23:00:00+01:00,0.0,0.0,0.0,0.0,0.0,0.0
1824,03-18 00:00:00+01:00,0.0,0.0,0.0,0.0,0.0,0.0
1825,03-18 01:00:00+01:00,0.0,0.0,0.0,0.0,0.0,0.0
1826,03-18 02:00:00+01:00,0.0,0.0,0.0,0.0,0.0,0.0
1827,03-18 03:00:00+01:00,0.0,0.0,0.0,0.0,0.0,0.0
1828,03-18 04:00:00+01:00,0.0,0.0,0.0,0.0,0.0,0.0
1829,03-18 05:00:00+01:00,0.0,0.0,0.0,0.0,0.0,0.0
1830,03-18 06:00:00+01:00,0.0,0.0,0.0,0.0,0.0,0.0
1831,03-18 07:00:00+01:00,0.0,0.0,0.0,0.0,0.0,0.0
1832,03-18 08:00:00+01:00,0.0,0.0,0.0,0.0,0.0,0.0
1833,03-18 09:00:00+01:00,0.0,0.0,0.0,0.0,0.0,0.0
1834,03-18 10:00:00+01:00,0.0,0.0,0.0,0.0,0.0,0.0
1835,03-18 11:00:00+01:00,0.0,0.0,0.0,0.0,0.0,0.0
1836,03-18 12:00:00+01:00,0.0,0.0,0.0,0.0,0.0,0.0
1837,03-18 13:00:00+01:00,0.0,0.0,0.0,0.0,0.0,0.0
1838,03-18 14:00:00+01:00,0.0,0.0,0.0,0.0,0.0,0.0
1839,03-18 15:00:00+01:00,0.0,0.0,0.0,0.0,0.0,0.0
1840,03-18 16:00:00+01:00,0.0,0.0,0.0,0.0,0.0,0.0
1841,03-18 17:00:00+01:00,0.0,0.0,0.0,0.0,0.0,0.0
1842,03-18 18:00:00+01:00,0.0,0.0,0.0,0.0,0.0,0.0
1843,03-18 19:00:00+01:00,0.0,0.0,0.0,0.0,0.0,0.0
1844,03-18 20:00:00+01:00,0.0,0.0,0.0,0.0,0.0,0.0
1845,03-18 21:00:00+01:00,0.0,0.0,0.0,0.0,0.0,0.0
1846,03-18 22:00:00+01:00,0.0,0.0,0.0,0.0,0.0,0.0
1847,03-18 23:00:00+01:00,0.0,0.0,0.0,0.0,0.0,0.0
1848,03-19 00:00:00+01:00,0.0,0.0,0.0,0.0,0.0,0.0
1849,03-19 01:00:00+01:00,0.0,0.0,0.0,0.0,0.0,0.0
1850,03-19 02:00:00+01:00,0.0,0.0,0.0,0.0,0.0,0.0
1851,03-19 03:00:00+01:00,0.0,0.0,0.0,0.0,0.0,0.0
1852,03-19 04:00:00+01:00,0.0,0.0,0.0,0.0,0.0,0.0
1853,03-19 05:00:00+01:00,0.0,0.0,0.0,0.0,0.0,0.0
1854,03-19 06:00:00+01:00,0.0,0.0,0.0,0.0,0.0,0.0
1855,03-19 07:00:00+01:00,0.0,0.0,0.0,0.0,0.0,0.0
1856,03-19 08:00:00+01:00,0.0,0.0,0.0,0.0,0.0,0.0
1857,03-19 09:00:00+01:00,0.0,0.0,0.0,0.0,0.0,0.0
1858,03-19 10:00:00+01:00,0.0,0.0,0.0,0.0,0.0,0.0
1859,03-19 11:00:00+01:00,0.0,0.0,0.0,0.0,0.0,0.0
1860,03-19 12:00:00+01:00,0.0,0.0,0.0,0.0,0.0,0.0
1861,03-19 13:00:00+01:00,0.0,0.0,0.0,0.0,0.0,0.0
1862,03-19 14:00:00+01:00,0.0,0.0,0.0,0.0,0.0,0.0
1863,03-19 15:00:00+01:00,0.0,0.0,0.0,0.0,0.0,0.0
1864,03-19 16:00:00+01:00,0.0,0.0,0.0,0.0,0.0,0.0
1865,03-19 17:00:00+01:00,0.0,0.0,0.0,0.0,0.0,0.0
1866,03-19 18:00:00+01:00,0.0,0.0,0.0,0.0,0.0,0.0
1867,03-19 19:00:00+01:00,0.0,0.0,0.0,0.0,0.0,0.0
1868,03-19 20:00:00+01:00,0.0,0.0,0.0,0.0,0.0,0.0
1869,03-19 21:00:00+01:00,0.0,0.0,0.0,0.0,0.0,0.0
1870,03-19 22:00:00+01:00,0.0,0.0,0.0,0.0,0.0,0.0
1871,03-19 23:00:00+01:00,0.0,0.0,0.0,0.0,0.0,0.0
1872,03-20 00:00:00+01:00,0.0,0.0,0.0,0.0,0.0,0.0
1873,03-20 01:00:00+01:00,0.0,0.0,0.0,0.0,0.0,0.0
1874,03-20 02:00:00+01:00,0.0,0.0,0.0,0.0,0.0,0.0
1875,03-20 03:00:00+01:00,0.0,0.0,0.0,0.0,0.0,0.0
1876,03-20 04:00:00+01:00,0.0,0.0,0.0,0.0,0.0,0.0
1877,03-20 05:00:00+01:00,0.0,0.0,0.0,0.0,0.0,0.0
1878,03-20 06:00:00+01:00,0.0,0.0,0.0,0.0,0.0,0.0
1879,03-20 07:00:00+01:00,0.0,0.0,0.0,0.0,0.0,0.0
1880,03-20 08:00:00+01:00,0.0,0.0,0.0,0.0,0.0,0.0
1881,03-20 09:00:00+01:00,0.0,0.0,0.0,0.0,0.0,0.0
1882,03-20 10:00:00+01:00,0.0,0.0,0.0,0.0,0.0,0.0
1883,03-20 11:00:00+01:00,0.0,0.0,0.0,0.0,0.0,0.0
1884,03-20 12:00:00+01:00,0.0,0.0,0.0,0.0,0.0,0.0
1885,03-20 13:00:00+01:00,0.0,0.0,0.0,0.0,0.0,0.0
1886,03-20 14:00:00+01:00,0.0,0.0,0.0,0.0,0.0,0.0
1887,03-20 15:00:00+01:00,0.0,0.0,0.0,0.0,0.0,0.0
1888,03-20 16:00:00+01:00,0.0,0.0,0.0,0.0,0.0,0.0
1889,03-20 17:00:00+01:00,0.0,0.0,0.0,0.0,0.0,0.0
1890,03-20 18:00:00+01:00,0.0,0.0,0.0,0.0,0.0,0.0
1891,03-20 19:00:00+01:00,0.0,0.0,0.0,0.0,0.0,0.0
1892,03-20 20:00:00+01:00,0.0,0.0,0.0,0.0,0.0,0.0
1893,03-20 21:00:00+01:00,0.0,0.0,0.0,0.0,0.0,0.0
1894,03-20 22:00:00+01:00,0.0,0.0,0.0,0.0,0.0,0.0
1895,03-20 23:00:00+01:00,0.0,0.0,0.0,0.0,0.0,0.0
1896,03-21 00:00:00+01:00,0.0,0.0,0.0,0.0,0.0,0.0
1897,03-21 01:00:00+01:00,0.0,0.0,0.0,0.0,0.0,0.0
1898,03-21 02:00:00+01:00,0.0,0.0,0.0,0.0,0.0,0.0
1899,03-21 03:00:00+01:00,0.0,0.0,0.0,0.0,0.0,0.0
1900,03-21 04:00:00+01:00,0.0,0.0,0.0,0.0,0.0,0.0
1901,03-21 05:00:00+01:00,0.0,0.0,0.0,0.0,0.0,0.0
1902,03-21 06:00:00+01:00,0.0,0.0,0.0,0.0,0.0,0.0
1903,03-21 07:00:00+01:00,0.0,0.0,0.0,0.0,0.0,0.0
1904,03-21 08:00:00+01:00,0.0,0.0,0.0,0.0,0.0,0.0
1905,03-21 09:00:00+01:00,0.0,0.0,0.0,0.0,0.0,0.0
1906,03-21 10:00:00+01:00,0.0,0.0,0.0,0.0,0.0,0.0
1907,03-21 11:00:00+01:00,0.0,0.0,0.0,0.0,0.0,0.0
1908,03-21 12:00:00+01:00,0.0,0.0,0.0,0.0,0.0,0.0
1909,03-21 13:00:00+01:00,0.0,0.0,0.0,0.0,0.0,0.0
1910,03-21 14:00:00+01:00,0.0,0.0,0.0,0.0,0.0,0.0
1911,03-21 15:00:00+01:00,0.0,0.0,0.0,0.0,0.0,0.0
1912,03-21 16:00:00+01:00,0.0,0.0,0.0,0.0,0.0,0.0
1913,03-21 17:00:00+01:00,0.0,0.0,0.0,0.0,0.0,0.0
1914,03-21 18:00:00+01:00,0.0,0.0,0.0,0.0,0.0,0.0
1915,03-21 19:00:00+01:00,0.0,0.0,0.0,0.0,0.0,0.0
1916,03-21 20:00:00+01:00,0.0,0.0,0.0,0.0,0.0,0.0
1917,03-21 21:00:00+01:00,0.0,0.0,0.0,0.0,0.0,0.0
1918,03-21 22:00:00+01:00,0.0,0.0,0.0,0.0,0.0,0.0
1919,03-21 23:00:00+01:00,0.0,0.0,0.0,0.0,0.0,0.0
1920,03-22 00:00:00+01:00,0.0,0.0,0.0,0.0,0.0,0.0
1921,03-22 01:00:00+01:00,0.0,0.0,0.0,0.0,0.0,0.0
1922,03-22 02:00:00+01:00,0.0,0.0,0.0,0.0,0.0,0.0
1923,03-22 03:00:00+01:00,0.0,0.0,0.0,0.0,0.0,0.0
1924,03-22 04:00:00+01:00,0.0,0.0,0.0,0.0,0.0,0.0
1925,03-22 05:00:00+01:00,0.0,0.0,0.0,0.0,0.0,0.0
1926,03-22 06:00:00+01:00,0.0,0.0,0.0,0.0,0.0,0.0
1927,03-22 07:00:00+01:00,0.0,0.0,0.0,0.0,0.0,0.0
1928,03-22 08:00:00+01:00,0.0,0.0,0.0,0.0,0.0,0.0
1929,03-22 09:00:00+01:00,0.0,0.0,0.0,0.0,0.0,0.0
1930,03-22 10:00:00+01:00,0.0,0.0,0.0,0.0,0.0,0.0
1931,03-22 11:00:00+01:00,0.0,0.0,0.0,0.0,0.0,0.0
1932,03-22 12:00:00+01:00,0.0,0.0,0.0,0.0,0.0,0.0
1933,03-22 13:00:00+01:00,0.0,0.0,0.0,0.0,0.0,0.0
1934,03-22 14:00:00+01:00,0.0,0.0,0.0,0.0,0.0,0.0
1935,03-22 15:00:00+01:00,0.0,0.0,0.0,0.0,0.0,0.0
1936,03-22 16:00:00+01:00,0.0,0.0,0.0,0.0,0.0,0.0
1937,03-22 17:00:00+01:00,0.0,0.0,0.0,0.0,0.0,0.0
1938,03-22 18:00:00+01:00,0.0,0.0,0.0,0.0,0.0,0.0
1939,03-22 19:00:00+01:00,0.0,0.0,0.0,0.0,0.0,0.0
1940,03-22 20:00:00+01:00,0.0,0.0,0.0,0.0,0.0,0.0
1941,03-22 21:00:00+01:00,0.0,0.0,0.0,0.0,0.0,0.0
1942,03-22 22:00:00+01:00,0.0,0.0,0.0,0.0,0.0,0.0
1943,03-22 23:00:00+01:00,0.0,0.0,0.0,0.0,0.0,0.0
1944,03-23 00:00:00+01:00,0.0,0.0,0.0,0.0,0.0,0.0
1945,03-23 01:00:00+01:00,0.0,0.0,0.0,0.0,0.0,0.0
1946,03-23 02:00:00+01:00,0.0,0.0,0.0,0.0,0.0,0.0
1947,03-23 03:00:00+01:00,0.0,0.0,0.0,0.0,0.0,0.0
1948,03-23 04:00:00+01:00,0.0,0.0,0.0,0.0,0.0,0.0
1949,03-23 05:00:00+01:00,0.0,0.0,0.0,0.0,0.0,0.0
1950,03-23 06:00:00+01:00,0.0,0.0,0.0,0.0,0.0,0.0
1951,03-23 07:00:00+01:00,0.0,0.0,0.0,0.0,0.0,0.0
1952,03-23 08:00:00+01:00,0.0,0.0,0.0,0.0,0.0,0.0
1953,03-23 09:00:00+01:00,0.0,0.0,0.0,0.0,0.0,0.0
1954,03-23 10:00:00+01:00,0.0,0.0,0.0,0.0,0.0,0.0
1955,03-23 11:00:00+01:00,0.0,0.0,0.0,0.0,0.0,0.0
1956,03-23 12:00:00+01:00,0.0,0.0,0.0,0.0,0.0,0.0
1957,03-23 13:00:00+01:00,0.0,0.0,0.0,0.0,0.0,0.0
1958,03-23 14:00:00+01:00,0.0,0.0,0.0,0.0,0.0,0.0
1959,03-23 15:00:00+01:00,0.0,0.0,0.0,0.0,0.0,0.0
1960,03-23 16:00:00+01:00,0.0,0.0,0.0,0.0,0.0,0.0
1961,03-23 17:00:00+01:00,0.0,0.0,0.0,0.0,0.0,0.0
1962,03-23 18:00:00+01:00,0.0,0.0,0.0,0.0,0.0,0.0
1963,03-23 19:00:00+01:00,0.0,0.0,0.0,0.0,0.0,0.0
1964,03-23 20:00:00+01:00,0.0,0.0,0.0,0.0,0.0,0.0
1965,03-23 21:00:00+01:00,0.0,0.0,0.0,0.0,0.0,0.0
1966,03-23 22:00:00+01:00,0.0,0.0,0.0,0.0,0.0,0.0
1967,03-23 23:00:00+01:00,0.0,0.0,0.0,0.0,0.0,0.0
1968,03-24 00:00:00+01:00,0.0,0.0,0.0,0.0,0.0,0.0
1969,03-24 01:00:00+01:00,0.0,0.0,0.0,0.0,0.0,0.0
1970,03-24 02:00:00+01:00,0.0,0.0,0.0,0.0,0.0,0.0
1971,03-24 03:00:00+01:00,0.0,0.0,0.0,0.0,0.0,0.0
1972,03-24 04:00:00+01:00,0.0,0.0,0.0,0.0,0.0,0.0
1973,03-24 05:00:00+01:00,0.0,0.0,0.0,0.0,0.0,0.0
1974,03-24 06:00:00+01:00,0.0,0.0,0.0,0.0,0.0,0.0
1975,03-24 07:00:00+01:00,0.0,0.0,0.0,0.0,0.0,0.0
1976,03-24 08:00:00+01:00,0.0,0.0,0.0,0.0,0.0,0.0
1977,03-24 09:00:00+01:00,0.0,0.0,0.0,0.0,0.0,0.0
1978,03-24 10:00:00+01:00,0.0,0.0,0.0,0.0,0.0,0.0
1979,03-24 11:00:00+01:00,0.0,0.0,0.0,0.0,0.0,0.0
1980,03-24 12:00:00+01:00,0.0,0.0,0.0,0.0,0.0,0.0
1981,03-24 13:00:00+01:00,0.0,0.0,0.0,0.0,0.0,0.0
1982,03-24 14:00:00+01:00,0.0,0.0,0.0,0.0,0.0,0.0
1983,03-24 15:00:00+01:00,0.0,0.0,0.0,0.0,0.0,0.0
1984,03-24 16:00:00+01:00,0.0,0.0,0.0,0.0,0.0,0.0
1985,03-24 17:00:00+01:00,0.0,0.0,0.0,0.0,0.0,0.0
1986,03-24 18:00:00+01:00,0.0,0.0,0.0,0.0,0.0,0.0
1987,03-24 19:00:00+01:00,0.0,0.0,0.0,0.0,0.0,0.0
1988,03-24 20:00:00+01:00,0.0,0.0,0.0,0.0,0.0,0.0
1989,03-24 21:00:00+01:00,0.0,0.0,0.0,0.0,0.0,0.0
1990,03-24 22:00:00+01:00,0.0,0.0,0.0,0.0,0.0,0.0
1991,03-24 23:00:00+01:00,0.0,0.0,0.0,0.0,0.0,0.0
1992,03-25 00:00:00+01:00,0.0,0.0,0.0,0.0,0.0,0.0
1993,03-25 01:00:00+01:00,0.0,0.0,0.0,0.0,0.0,0.0
1994,03-25 02:00:00+01:00,0.0,0.0,0.0,0.0,0.0,0.0
1995,03-25 03:00:00+01:00,0.0,0.0,0.0,0.0,0.0,0.0
1996,03-25 04:00:00+01:00,0.0,0.0,0.0,0.0,0.0,0.0
1997,03-25 05:00:00+01:00,0.0,0.0,0.0,0.0,0.0,0.0
1998,03-25 06:00:00+01:00,0.0,0.0,0.0,0.0,0.0,0.0
1999,03-25 07:00:00+01:00,0.0,0.0,0.0,0.0,0.0,0.0
2000,03-25 08:00:00+01:00,0.0,0.0,0.0,0.0,0.0,0.0
2001,03-25 09:00:00+01:00,0.0,0.0,0.0,0.0,0.0,0.0
2002,03-25 10:00:00+01:00,0.0,0.0,0.0,0.0,0.0,0.0
2003,03-25 11:00:00+01:00,0.0,0.0,0.0,0.0,0.0,0.0
2004,03-25 12:00:00+01:00,0.0,0.0,0.0,0.0,0.0,0.0
2005,03-25 13:00:00+01:00,0.0,0.0,0.0,0.0,0.0,0.0
2006,03-25 14:00:00+01:00,0.0,0.0,0.0,0.0,0.0,0.0
2007,03-25 15:00:00+01:00,0.0,0.0,0.0,0.0,0.0,0.0
2008,03-25 16:00:00+01:00,0.0,0.0,0.0,0.0,0.0,0.0
2009,03-25 17:00:00+01:00,0.0,0.0,0.0,0.0,0.0,0.0
2010,03-25 18:00:00+01:00,0.0,0.0,0.0,0.0,0.0,0.0
2011,03-25 19:00:00+01:00,0.0,0.0,0.0,0.0,0.0,0.0
2012,03-25 20:00:00+01:00,0.0,0.0,0.0,0.0,0.0,0.0
2013,03-25 21:00:00+01:00,0.0,0.0,0.0,0.0,0.0,0.0
2014,03-25 22:00:00+01:00,0.0,0.0,0.0,0.0,0.0,0.0
2015,03-25 23:00:00+01:00,0.0,0.0,0.0,0.0,0.0,0.0
2016,03-26 00:00:00+01:00,0.0,0.0,0.0,0.0,0.0,0.0
2017,03-26 01:00:00+01:00,0.0,0.0,0.0,0.0,0.0,0.0
2018,03-26 02:00:00+01:00,0.0,0.0,0.0,0.0,0.0,0.0
2019,03-26 03:00:00+01:00,0.0,0.0,0.0,0.0,0.0,0.0
2020,03-26 04:00:00+01:00,0.0,0.0,0.0,0.0,0.0,0.0
2021,03-26 05:00:00+01:00,0.0,0.0,0.0,0.0,0.0,0.0
2022,03-26 06:00:00+01:00,0.0,0.0,0.0,0.0,0.0,0.0
2023,03-26 07:00:00+01:00,0.0,0.0,0.0,0.0,0.0,0.0
2024,03-26 08:00:00+01:00,0.0,0.0,0.0,0.0,0.0,0.0
2025,03-26 09:00:00+01:00,0.0,0.0,0.0,0.0,0.0,0.0
2026,03-26 10:00:00+01:00,0.0,0.0,0.0,0.0,0.0,0.0
2027,03-26 11:00:00+01:00,0.0,0.0,0.0,0.0,0.0,0.0
2028,03-26 12:00:00+01:00,0.0,0.0,0.0,0.0,0.0,0.0
2029,03-26 13:00:00+01:00,0.0,0.0,0.0,0.0,0.0,0.0
2030,03-26 14:00:00+01:00,0.0,0.0,0.0,0.0,0.0,0.0
2031,03-26 15:00:00+01:00,0.0,0.0,0.0,0.0,0.0,0.0
2032,03-26 16:00:00+01:00,0.0,0.0,0.0,0.0,0.0,0.0
2033,03-26 17:00:00+01:00,0.0,0.0,0.0,0.0,0.0,0.0
2034,03-26 18:00:00+01:00,0.0,0.0,0.0,0.0,0.0,0.0
2035,03-26 19:00:00+01:00,0.0,0.0,0.0,0.0,0.0,0.0
2036,03-26 20:00:00+01:00,0.0,0.0,0.0,0.0,0.0,0.0
2037,03-26 21:00:00+01:00,0.0,0.0,0.0,0.0,0.0,0.0
2038,03-26 22:00:00+01:00,0.0,0.0,0.0,0.0,0.0,0.0
2039,03-26 23:00:00+01:00,0.0,0.0,0.0,0.0,0.0,0.0
2040,03-27 00:00:00+01:00,0.0,0.0,0.0,0.0,0.0,0.0
2041,03-27 01:00:00+01:00,0.0,0.0,0.0,0.0,0.0,0.0
2042,03-27 02:00:00+01:00,0.0,0.0,0.0,0.0,0.0,0.0
2043,03-27 03:00:00+01:00,0.0,0.0,0.0,0.0,0.0,0.0
2044,03-27 04:00:00+01:00,0.0,0.0,0.0,0.0,0.0,0.0
2045,03-27 05:00:00+01:00,0.0,0.0,0.0,0.0,0.0,0.0
2046,03-27 06:00:00+01:00,0.0,0.0,0.0,0.0,0.0,0.0
2047,03-27 07:00:00+01:00,0.0,0.0,0.0,0.0,0.0,0.0
2048,03-27 08:00:00+01:00,0.0,0.0,0.0,0.0,0.0,0.0
2049,03-27 09:00:00+01:00,0.0,0.0,0.0,0.0,0.0,0.0
2050,03-27 10:00:00+01:00,0.0,0.0,0.0,0.0,0.0,0.0
2051,03-27 11:00:00+01:00,0.0,0.0,0.0,0.0,0.0,0.0
2052,03-27 12:00:00+01:00,0.0,0.0,0.0,0.0,0.0,0.0
2053,03-27 13:00:00+01:00,0.0,0.0,0.0,0.0,0.0,0.0
2054,03-27 14:00:00+01:00,0.0,0.0,0.0,0.0,0.0,0.0
2055,03-27 15:00:00+01:00,0.0,0.0,0.0,0.0,0.0,0.0
2056,03-27 16:00:00+01:00,0.0,0.0,0.0,0.0,0.0,0.0
2057,03-27 17:00:00+01:00,0.0,0.0,0.0,0.0,0.0,0.0
2058,03-27 18:00:00+01:00,0.0,0.0,0.0,0.0,0.0,0.0
2059,03-27 19:00:00+01:00,0.0,0.0,0.0,0.0,0.0,0.0
2060,03-27 20:00:00+01:00,0.0,0.0,0.0,0.0,0.0,0.0
2061,03-27 21:00:00+01:00,0.0,0.0,0.0,0.0,0.0,0.0
2062,03-27 22:00:00+01:00,0.0,0.0,0.0,0.0,0.0,0.0
2063,03-27 23:00:00+01:00,0.0,0.0,0.0,0.0,0.0,0.0
2064,03-28 00:00:00+01:00,0.0,0.0,0.0,0.0,0.0,0.0
2065,03-28 01:00:00+01:00,0.0,0.0,0.0,0.0,0.0,0.0
2066,03-28 02:00:00+01:00,0.0,0.0,0.0,0.0,0.0,0.0
2067,03-28 03:00:00+01:00,0.0,0.0,0.0,0.0,0.0,0.0
2068,03-28 04:00:00+01:00,0.0,0.0,0.0,0.0,0.0,0.0
2069,03-28 05:00:00+01:00,0.0,0.0,0.0,0.0,0.0,0.0
2070,03-28 06:00:00+01:00,0.0,0.0,0.0,0.0,0.0,0.0
2071,03-28 07:00:00+01:00,0.0,0.0,0.0,0.0,0.0,0.0
2072,03-28 08:00:00+01:00,0.0,0.0,0.0,0.0,0.0,0.0
2073,03-28 09:00:00+01:00,0.0,0.0,0.0,0.0,0.0,0.0
2074,03-28 10:00:00+01:00,0.0,0.0,0.0,0.0,0.0,0.0
2075,03-28 11:00:00+01:00,0.0,0.0,0.0,0.0,0.0,0.0
2076,03-28 12:00:00+01:00,0.0,0.0,0.0,0.0,0.0,0.0
2077,03-28 13:00:00+01:00,0.0,0.0,0.0,0.0,0.0,0.0
2078,03-28 14:00:00+01:00,0.0,0.0,0.0,0.0,0.0,0.0
2079,03-28 15:00:00+01:00,0.0,0.0,0.0,0.0,0.0,0.0
2080,03-28 16:00:00+01:00,0.0,0.0,0.0,0.0,0.0,0.0
2081,03-28 17:00:00+01:00,0.0,0.0,0.0,0.0,0.0,0.0
2082,03-28 18:00:00+01:00,0.0,0.0,0.0,0.0,0.0,0.0
2083,03-28 19:00:00+01:00,0.0,0.0,0.0,0.0,0.0,0.0
2084,03-28 20:00:00+01:00,0.0,0.0,0.0,0.0,0.0,0.0
2085,03-28 21:00:00+01:00,0.0,0.0,0.0,0.0,0.0,0.0
2086,03-28 22:00:00+01:00,0.0,0.0,0.0,0.0,0.0,0.0
2087,03-28 23:00:00+01:00,0.0,0.0,0.0,0.0,0.0,0.0
2088,03-29 00:00:00+01:00,0.0,0.0,0.0,0.0,0.0,0.0
2089,03-29 01:00:00+01:00,0.0,0.0,0.0,0.0,0.0,0.0
2090,03-29 02:00:00+01:00,0.0,0.0,0.0,0.0,0.0,0.0
2091,03-29 03:00:00+01:00,0.0,0.0,0.0,0.0,0.0,0.0
2092,03-29 04:00:00+01:00,0.0,0.0,0.0,0.0,0.0,0.0
2093,03-29 05:00:00+01:00,0.0,0.0,0.0,0.0,0.0,0.0
2094,03-29 06:00:00+01:00,0.0,0.0,0.0,0.0,0.0,0.0
2095,03-29 07:00:00+01:00,0.0,0.0,0.0,0.0,0.0,0.0
2096,03-29 08:00:00+01:00,0.0,0.0,0.0,0.0,0.0,0.0
2097,03-29 09:00:00+01:00,0.0,0.0,0.0,0.0,0.0,0.0
2098,03-29 10:00:00+01:00,0.0,0.0,0.0,0.0,0.0,0.0
2099,03-29 11:00:00+01:00,0.0,0.0,0.0,0.0,0.0,0.0
2100,03-29 12:00:00+01:00,0.0,0.0,0.0,0.0,0.0,0.0
2101,03-29 13:00:00+01:00,0.0,0.0,0.0,0.0,0.0,0.0
2102,03-29 14:00:00+01:00,0.0,0.0,0.0,0.0,0.0,0.0
2103,03-29 15:00:00+01:00,0.0,0.0,0.0,0.0,0.0,0.0
2104,03-29 16:00:00+01:00,0.0,0.0,0.0,0.0,0.0,0.0
2105,03-29 17:00:00+01:00,0.0,0.0,0.0,0.0,0.0,0.0
2106,03-29 18:00:00+01:00,0.0,0.0,0.0,0.0,0.0,0.0
2107,03-29 19:00:00+01:00,0.0,0.0,0.0,0.0,0.0,0.0
2108,03-29 20:00:00+01:00,0.0,0.0,0.0,0.0,0.0,0.0
2109,03-29 21:00:00+01:00,0.0,0.0,0.0,0.0,0.0,0.0
2110,03-29 22:00:00+01:00,0.0,0.0,0.0,0.0,0.0,0.0
2111,03-29 23:00:00+01:00,0.0,0.0,0.0,0.0,0.0,0.0
2112,03-30 00:00:00+01:00,0.0,0.0,0.0,0.0,0.0,0.0
2113,03-30 01:00:00+01:00,0.0,0.0,0.0,0.0,0.0,0.0
2114,03-30 02:00:00+01:00,0.0,0.0,0.0,0.0,0.0,0.0
2115,03-30 03:00:00+01:00,0.0,0.0,0.0,0.0,0.0,0.0
2116,03-30 04:00:00+01:00,0.0,0.0,0.0,0.0,0.0,0.0
2117,03-30 05:00:00+01:00,0.0,0.0,0.0,0.0,0.0,0.0
2118,03-30 06:00:00+01:00,0.0,0.0,0.0,0.0,0.0,0.0
2119,03-30 07:00:00+01:00,0.0,0.0,0.0,0.0,0.0,0.0
2120,03-30 08:00:00+01:00,0.0,0.0,0.0,0.0,0.0,0.0
2121,03-30 09:00:00+01:00,0.0,0.0,0.0,0.0,0.0,0.0
2122,03-30 10:00:00+01:00,0.0,0.0,0.0,0.0,0.0,0.0
2123,03-30 11:00:00+01:00,0.0,0.0,0.0,0.0,0.0,0.0
2124,03-30 12:00:00+01:00,0.0,0.0,0.0,0.0,0.0,0.0
2125,03-30 13:00:00+01:00,0.0,0.0,0.0,0.0,0.0,0.0
2126,03-30 14:00:00+01:00,0.0,0.0,0.0,0.0,0.0,0.0
2127,03-30 15:00:00+01:00,0.0,0.0,0.0,0.0,0.0,0.0
2128,03-30 16:00:00+01:00,0.0,0.0,0.0,0.0,0.0,0.0
2129,03-30 17:00:00+01:00,0.0,0.0,0.0,0.0,0.0,0.0
2130,03-30 18:00:00+01:00,0.0,0.0,0.0,0.0,0.0,0.0
2131,03-30 19:00:00+01:00,0.0,0.0,0.0,0.0,0.0,0.0
2132,03-30 20:00:00+01:00,0.0,0.0,0.0,0.0,0.0,0.0
2133,03-30 21:00:00+01:00,0.0,0.0,0.0,0.0,0.0,0.0
2134,03-30 22:00:00+01:00,0.0,0.0,0.0,0.0,0.0,0.0
2135,03-30 23:00:00+01:00,0.0,0.0,0.0,0.0,0.0,0.0
2136,03-31 00:00:00+01:00,0.0,0.0,0.0,0.0,0.0,0.0
2137,03-31 01:00:00+01:00,0.0,0.0,0.0,0.0,0.0,0.0
2138,03-31 02:00:00+01:00,0.0,0.0,0.0,0.0,0.0,0.0
2139,03-31 03:00:00+02:00,0.0,0.0,0.0,0.0,0.0,0.0
2140,03-31 04:00:00+02:00,0.0,0.0,0.0,0.0,0.0,0.0
2141,03-31 05:00:00+02:00,0.0,0.0,0.0,0.0,0.0,0.0
2142,03-31 06:00:00+02:00,0.0,0.0,0.0,0.0,0.0,0.0
2143,03-31 07:00:00+02:00,0.0,0.0,0.0,0.0,0.0,0.0
2144,03-31 08:00:00+02:00,0.0,0.0,0.0,0.0,0.0,0.0
2145,03-31 09:00:00+02:00,0.0,0.0,0.0,0.0,0.0,0.0
2146,03-31 10:00:00+02:00,0.0,0.0,0.0,0.0,0.0,0.0
2147,03-31 11:00:00+02:00,0.0,0.0,0.0,0.0,0.0,0.0
2148,03-31 12:00:00+02:00,0.0,0.0,0.0,0.0,0.0,0.0
2149,03-31 13:00:00+02:00,0.0,0.0,0.0,0.0,0.0,0.0
2150,03-31 14:00:00+02:00,0.0,0.0,0.0,0.0,0.0,0.0
2151,03-31 15:00:00+02:00,0.0,0.0,0.0,0.0,0.0,0.0
2152,03-31 16:00:00+02:00,0.0,0.0,0.0,0.0,0.0,0.0
2153,03-31 17:00:00+02:00,0.0,0.0,0.0,0.0,0.0,0.0
2154,03-31 18:00:00+02:00,0.0,0.0,0.0,0.0,0.0,0.0
2155,03-31 19:00:00+02:00,0.0,0.0,0.0,0.0,0.0,0.0
2156,03-31 20:00:00+02:00,0.0,0.0,0.0,0.0,0.0,0.0
2157,03-31 21:00:00+02:00,0.0,0.0,0.0,0.0,0.0,0.0
2158,03-31 22:00:00+02:00,0.0,0.0,0.0,0.0,0.0,0.0
2159,03-31 23:00:00+02:00,0.0,0.0,0.0,0.0,0.0,0.0
2160,04-01 00:00:00+02:00,0.0,0.0,0.0,0.0,0.0,0.0
2161,04-01 01:00:00+02:00,0.0,0.0,0.0,0.0,0.0,0.0
2162,04-01 02:00:00+02:00,0.0,0.0,0.0,0.0,0.0,0.0
2163,04-01 03:00:00+02:00,0.0,0.0,0.0,0.0,0.0,0.0
2164,04-01 04:00:00+02:00,0.0,0.0,0.0,0.0,0.0,0.0
2165,04-01 05:00:00+02:00,0.0,0.0,0.0,0.0,0.0,0.0
2166,04-01 06:00:00+02:00,0.0,0.0,0.0,0.0,0.0,0.0
2167,04-01 07:00:00+02:00,0.0,0.0,0.0,0.0,0.0,0.0
2168,04-01 08:00:00+02:00,0.0,0.0,0.0,0.0,0.0,0.0
2169,04-01 09:00:00+02:00,0.0,0.0,0.0,0.0,0.0,0.0
2170,04-01 10:00:00+02:00,0.0,0.0,0.0,0.0,0.0,0.0
2171,04-01 11:00:00+02:00,0.0,0.0,0.0,0.0,0.0,0.0
2172,04-01 12:00:00+02:00,0.0,0.0,0.0,0.0,0.0,0.0
2173,04-01 13:00:00+02:00,0.0,0.0,0.0,0.0,0.0,0.0
2174,04-01 14:00:00+02:00,0.0,0.0,0.0,0.0,0.0,0.0
2175,04-01 15:00:00+02:00,0.0,0.0,0.0,0.0,0.0,0.0
2176,04-01 16:00:00+02:00,0.0,0.0,0.0,0.0,0.0,0.0
2177,04-01 17:00:00+02:00,0.0,0.0,0.0,0.0,0.0,0.0
2178,04-01 18:00:00+02:00,0.0,0.0,0.0,0.0,0.0,0.0
2179,04-01 19:00:00+02:00,0.0,0.0,0.0,0.0,0.0,0.0
2180,04-01 20:00:00+02:00,0.0,0.0,0.0,0.0,0.0,0.0
2181,04-01 21:00:00+02:00,0.0,0.0,0.0,0.0,0.0,0.0
2182,04-01 22:00:00+02:00,0.0,0.0,0.0,0.0,0.0,0.0
2183,04-01 23:00:00+02:00,0.0,0.0,0.0,0.0,0.0,0.0
2184,04-02 00:00:00+02:00,0.0,0.0,0.0,0.0,0.0,0.0
2185,04-02 01:00:00+02:00,0.0,0.0,0.0,0.0,0.0,0.0
2186,04-02 02:00:00+02:00,0.0,0.0,0.0,0.0,0.0,0.0
2187,04-02 03:00:00+02:00,0.0,0.0,0.0,0.0,0.0,0.0
2188,04-02 04:00:00+02:00,0.0,0.0,0.0,0.0,0.0,0.0
2189,04-02 05:00:00+02:00,0.0,0.0,0.0,0.0,0.0,0.0
2190,04-02 06:00:00+02:00,0.0,0.0,0.0,0.0,0.0,0.0
2191,04-02 07:00:00+02:00,0.0,0.0,0.0,0.0,0.0,0.0
2192,04-02 08:00:00+02:00,0.0,0.0,0.0,0.0,0.0,0.0
2193,04-02 09:00:00+02:00,0.0,0.0,0.0,0.0,0.0,0.0
2194,04-02 10:00:00+02:00,0.0,0.0,0.0,0.0,0.0,0.0
2195,04-02 11:00:00+02:00,0.0,0.0,0.0,0.0,0.0,0.0
2196,04-02 12:00:00+02:00,0.0,0.0,0.0,0.0,0.0,0.0
2197,04-02 13:00:00+02:00,0.0,0.0,0.0,0.0,0.0,0.0
2198,04-02 14:00:00+02:00,0.0,0.0,0.0,0.0,0.0,0.0
2199,04-02 15:00:00+02:00,0.0,0.0,0.0,0.0,0.0,0.0
2200,04-02 16:00:00+02:00,0.0,0.0,0.0,0.0,0.0,0.0
2201,04-02 17:00:00+02:00,0.0,0.0,0.0,0.0,0.0,0.0
2202,04-02 18:00:00+02:00,0.0,0.0,0.0,0.0,0.0,0.0
2203,04-02 19:00:00+02:00,0.0,0.0,0.0,0.0,0.0,0.0
2204,04-02 20:00:00+02:00,0.0,0.0,0.0,0.0,0.0,0.0
2205,04-02 21:00:00+02:00,0.0,0.0,0.0,0.0,0.0,0.0
2206,04-02 22:00:00+02:00,0.0,0.0,0.0,0.0,0.0,0.0
2207,04-02 23:00:00+02:00,0.0,0.0,0.0,0.0,0.0,0.0
2208,04-03 00:00:00+02:00,0.0,0.0,0.0,0.0,0.0,0.0
2209,04-03 01:00:00+02:00,0.0,0.0,0.0,0.0,0.0,0.0
2210,04-03 02:00:00+02:00,0.0,0.0,0.0,0.0,0.0,0.0
2211,04-03 03:00:00+02:00,0.0,0.0,0.0,0.0,0.0,0.0
2212,04-03 04:00:00+02:00,0.0,0.0,0.0,0.0,0.0,0.0
2213,04-03 05:00:00+02:00,0.0,0.0,0.0,0.0,0.0,0.0
2214,04-03 06:00:00+02:00,0.0,0.0,0.0,0.0,0.0,0.0
2215,04-03 07:00:00+02:00,0.0,0.0,0.0,0.0,0.0,0.0
2216,04-03 08:00:00+02:00,0.0,0.0,0.0,0.0,0.0,0.0
2217,04-03 09:00:00+02:00,0.0,0.0,0.0,0.0,0.0,0.0
2218,04-03 10:00:00+02:00,0.0,0.0,0.0,0.0,0.0,0.0
2219,04-03 11:00:00+02:00,0.0,0.0,0.0,0.0,0.0,0.0
2220,04-03 12:00:00+02:00,0.0,0.0,0.0,0.0,0.0,0.0
2221,04-03 13:00:00+02:00,0.0,0.0,0.0,0.0,0.0,0.0
2222,04-03 14:00:00+02:00,0.0,0.0,0.0,0.0,0.0,0.0
2223,04-03 15:00:00+02:00,0.0,0.0,0.0,0.0,0.0,0.0
2224,04-03 16:00:00+02:00,0.0,0.0,0.0,0.0,0.0,0.0
2225,04-03 17:00:00+02:00,0.0,0.0,0.0,0.0,0.0,0.0
2226,04-03 18:00:00+02:00,0.0,0.0,0.0,0.0,0.0,0.0
2227,04-03 19:00:00+02:00,0.0,0.0,0.0,0.0,0.0,0.0
2228,04-03 20:00:00+02:00,0.0,0.0,0.0,0.0,0.0,0.0
2229,04-03 21:00:00+02:00,0.0,0.0,0.0,0.0,0.0,0.0
2230,04-03 22:00:00+02:00,0.0,0.0,0.0,0.0,0.0,0.0
2231,04-03 23:00:00+02:00,0.0,0.0,0.0,0.0,0.0,0.0
2232,04-04 00:00:00+02:00,0.0,0.0,0.0,0.0,0.0,0.0
2233,04-04 01:00:00+02:00,0.0,0.0,0.0,0.0,0.0,0.0
2234,04-04 02:00:00+02:00,0.0,0.0,0.0,0.0,0.0,0.0
2235,04-04 03:00:00+02:00,0.0,0.0,0.0,0.0,0.0,0.0
2236,04-04 04:00:00+02:00,0.0,0.0,0.0,0.0,0.0,0.0
2237,04-04 05:00:00+02:00,0.0,0.0,0.0,0.0,0.0,0.0
2238,04-04 06:00:00+02:00,0.0,0.0,0.0,0.0,0.0,0.0
2239,04-04 07:00:00+02:00,0.0,0.0,0.0,0.0,0.0,0.0
2240,04-04 08:00:00+02:00,0.0,0.0,0.0,0.0,0.0,0.0
2241,04-04 09:00:00+02:00,0.0,0.0,0.0,0.0,0.0,0.0
2242,04-04 10:00:00+02:00,0.0,0.0,0.0,0.0,0.0,0.0
2243,04-04 11:00:00+02:00,0.0,0.0,0.0,0.0,0.0,0.0
2244,04-04 12:00:00+02:00,0.0,0.0,0.0,0.0,0.0,0.0
2245,04-04 13:00:00+02:00,0.0,0.0,0.0,0.0,0.0,0.0
2246,04-04 14:00:00+02:00,0.0,0.0,0.0,0.0,0.0,0.0
2247,04-04 15:00:00+02:00,0.0,0.0,0.0,0.0,0.0,0.0
2248,04-04 16:00:00+02:00,0.0,0.0,0.0,0.0,0.0,0.0
2249,04-04 17:00:00+02:00,0.0,0.0,0.0,0.0,0.0,0.0
2250,04-04 18:00:00+02:00,0.0,0.0,0.0,0.0,0.0,0.0
2251,04-04 19:00:00+02:00,0.0,0.0,0.0,0.0,0.0,0.0
2252,04-04 20:00:00+02:00,0.0,0.0,0.0,0.0,0.0,0.0
2253,04-04 21:00:00+02:00,0.0,0.0,0.0,0.0,0.0,0.0
2254,04-04 22:00:00+02:00,0.0,0.0,0.0,0.0,0.0,0.0
2255,04-04 23:00:00+02:00,0.0,0.0,0.0,0.0,0.0,0.0
2256,04-05 00:00:00+02:00,0.0,0.0,0.0,0.0,0.0,0.0
2257,04-05 01:00:00+02:00,0.0,0.0,0.0,0.0,0.0,0.0
2258,04-05 02:00:00+02:00,0.0,0.0,0.0,0.0,0.0,0.0
2259,04-05 03:00:00+02:00,0.0,0.0,0.0,0.0,0.0,0.0
2260,04-05 04:00:00+02:00,0.0,0.0,0.0,0.0,0.0,0.0
2261,04-05 05:00:00+02:00,0.0,0.0,0.0,0.0,0.0,0.0
2262,04-05 06:00:00+02:00,0.0,0.0,0.0,0.0,0.0,0.0
2263,04-05 07:00:00+02:00,0.0,0.0,0.0,0.0,0.0,0.0
2264,04-05 08:00:00+02:00,0.0,0.0,0.0,0.0,0.0,0.0
2265,04-05 09:00:00+02:00,0.0,0.0,0.0,0.0,0.0,0.0
2266,04-05 10:00:00+02:00,0.0,0.0,0.0,0.0,0.0,0.0
2267,04-05 11:00:00+02:00,0.0,0.0,0.0,0.0,0.0,0.0
2268,04-05 12:00:00+02:00,0.0,0.0,0.0,0.0,0.0,0.0
2269,04-05 13:00:00+02:00,0.0,0.0,0.0,0.0,0.0,0.0
2270,04-05 14:00:00+02:00,0.0,0.0,0.0,0.0,0.0,0.0
2271,04-05 15:00:00+02:00,0.0,0.0,0.0,0.0,0.0,0.0
2272,04-05 16:00:00+02:00,0.0,0.0,0.0,0.0,0.0,0.0
2273,04-05 17:00:00+02:00,0.0,0.0,0.0,0.0,0.0,0.0
2274,04-05 18:00:00+02:00,0.0,0.0,0.0,0.0,0.0,0.0
2275,04-05 19:00:00+02:00,0.0,0.0,0.0,0.0,0.0,0.0
2276,04-05 20:00:00+02:00,0.0,0.0,0.0,0.0,0.0,0.0
2277,04-05 21:00:00+02:00,0.0,0.0,0.0,0.0,0.0,0.0
2278,04-05 22:00:00+02:00,0.0,0.0,0.0,0.0,0.0,0.0
2279,04-05 23:00:00+02:00,0.0,0.0,0.0,0.0,0.0,0.0
2280,04-06 00:00:00+02:00,0.0,0.0,0.0,0.0,0.0,0.0
2281,04-06 01:00:00+02:00,0.0,0.0,0.0,0.0,0.0,0.0
2282,04-06 02:00:00+02:00,0.0,0.0,0.0,0.0,0.0,0.0
2283,04-06 03:00:00+02:00,0.0,0.0,0.0,0.0,0.0,0.0
2284,04-06 04:00:00+02:00,0.0,0.0,0.0,0.0,0.0,0.0
2285,04-06 05:00:00+02:00,0.0,0.0,0.0,0.0,0.0,0.0
2286,04-06 06:00:00+02:00,0.0,0.0,0.0,0.0,0.0,0.0
2287,04-06 07:00:00+02:00,0.0,0.0,0.0,0.0,0.0,0.0
2288,04-06 08:00:00+02:00,0.0,0.0,0.0,0.0,0.0,0.0
2289,04-06 09:00:00+02:00,0.0,0.0,0.0,0.0,0.0,0.0
2290,04-06 10:00:00+02:00,0.0,0.0,0.0,0.0,0.0,0.0
2291,04-06 11:00:00+02:00,0.0,0.0,0.0,0.0,0.0,0.0
2292,04-06 12:00:00+02:00,0.0,0.0,0.0,0.0,0.0,0.0
2293,04-06 13:00:00+02:00,0.0,0.0,0.0,0.0,0.0,0.0
2294,04-06 14:00:00+02:00,0.0,0.0,0.0,0.0,0.0,0.0
2295,04-06 15:00:00+02:00,0.0,0.0,0.0,0.0,0.0,0.0
2296,04-06 16:00:00+02:00,0.0,0.0,0.0,0.0,0.0,0.0
2297,04-06 17:00:00+02:00,0.0,0.0,0.0,0.0,0.0,0.0
2298,04-06 18:00:00+02:00,0.0,0.0,0.0,0.0,0.0,0.0
2299,04-06 19:00:00+02:00,0.0,0.0,0.0,0.0,0.0,0.0
2300,04-06 20:00:00+02:00,0.0,0.0,0.0,0.0,0.0,0.0
2301,04-06 21:00:00+02:00,0.0,0.0,0.0,0.0,0.0,0.0
2302,04-06 22:00:00+02:00,0.0,0.0,0.0,0.0,0.0,0.0
2303,04-06 23:00:00+02:00,0.0,0.0,0.0,0.0,0.0,0.0
2304,04-07 00:00:00+02:00,0.0,0.0,0.0,0.0,0.0,0.0
2305,04-07 01:00:00+02:00,0.0,0.0,0.0,0.0,0.0,0.0
2306,04-07 02:00:00+02:00,0.0,0.0,0.0,0.0,0.0,0.0
2307,04-07 03:00:00+02:00,0.0,0.0,0.0,0.0,0.0,0.0
2308,04-07 04:00:00+02:00,0.0,0.0,0.0,0.0,0.0,0.0
2309,04-07 05:00:00+02:00,0.0,0.0,0.0,0.0,0.0,0.0
2310,04-07 06:00:00+02:00,0.0,0.0,0.0,0.0,0.0,0.0
2311,04-07 07:00:00+02:00,0.0,0.0,0.0,0.0,0.0,0.0
2312,04-07 08:00:00+02:00,0.0,0.0,0.0,0.0,0.0,0.0
2313,04-07 09:00:00+02:00,0.0,0.0,0.0,0.0,0.0,0.0
2314,04-07 10:00:00+02:00,0.0,0.0,0.0,0.0,0.0,0.0
2315,04-07 11:00:00+02:00,0.0,0.0,0.0,0.0,0.0,0.0
2316,04-07 12:00:00+02:00,0.0,0.0,0.0,0.0,0.0,0.0
2317,04-07 13:00:00+02:00,0.0,0.0,0.0,0.0,0.0,0.0
2318,04-07 14:00:00+02:00,0.0,0.0,0.0,0.0,0.0,0.0
2319,04-07 15:00:00+02:00,0.0,0.0,0.0,0.0,0.0,0.0
2320,04-07 16:00:00+02:00,0.0,0.0,0.0,0.0,0.0,0.0
2321,04-07 17:00:00+02:00,0.0,0.0,0.0,0.0,0.0,0.0
2322,04-07 18:00:00+02:00,0.0,0.0,0.0,0.0,0.0,0.0
2323,04-07 19:00:00+02:00,0.0,0.0,0.0,0.0,0.0,0.0
2324,04-07 20:00:00+02:00,0.0,0.0,0.0,0.0,0.0,0.0
2325,04-07 21:00:00+02:00,0.0,0.0,0.0,0.0,0.0,0.0
2326,04-07 22:00:00+02:00,0.0,0.0,0.0,0.0,0.0,0.0
2327,04-07 23:00:00+02:00,0.0,0.0,0.0,0.0,0.0,0.0
2328,04-08 00:00:00+02:00,0.0,0.0,0.0,0.0,0.0,0.0
2329,04-08 01:00:00+02:00,0.0,0.0,0.0,0.0,0.0,0.0
2330,04-08 02:00:00+02:00,0.0,0.0,0.0,0.0,0.0,0.0
2331,04-08 03:00:00+02:00,0.0,0.0,0.0,0.0,0.0,0.0
2332,04-08 04:00:00+02:00,0.0,0.0,0.0,0.0,0.0,0.0
2333,04-08 05:00:00+02:00,0.0,0.0,0.0,0.0,0.0,0.0
2334,04-08 06:00:00+02:00,0.0,0.0,0.0,0.0,0.0,0.0
2335,04-08 07:00:00+02:00,0.0,0.0,0.0,0.0,0.0,0.0
2336,04-08 08:00:00+02:00,0.0,0.0,0.0,0.0,0.0,0.0
2337,04-08 09:00:00+02:00,0.0,0.0,0.0,0.0,0.0,0.0
2338,04-08 10:00:00+02:00,0.0,0.0,0.0,0.0,0.0,0.0
2339,04-08 11:00:00+02:00,0.0,0.0,0.0,0.0,0.0,0.0
2340,04-08 12:00:00+02:00,0.0,0.0,0.0,0.0,0.0,0.0
2341,04-08 13:00:00+02:00,0.0,0.0,0.0,0.0,0.0,0.0
2342,04-08 14:00:00+02:00,0.0,0.0,0.0,0.0,0.0,0.0
2343,04-08 15:00:00+02:00,0.0,0.0,0.0,0.0,0.0,0.0
2344,04-08 16:00:00+02:00,0.0,0.0,0.0,0.0,0.0,0.0
2345,04-08 17:00:00+02:00,0.0,0.0,0.0,0.0,0.0,0.0
2346,04-08 18:00:00+02:00,0.0,0.0,0.0,0.0,0.0,0.0
2347,04-08 19:00:00+02:00,0.0,0.0,0.0,0.0,0.0,0.0
2348,04-08 20:00:00+02:00,0.0,0.0,0.0,0.0,0.0,0.0
2349,04-08 21:00:00+02:00,0.0,0.0,0.0,0.0,0.0,0.0
2350,04-08 22:00:00+02:00,0.0,0.0,0.0,0.0,0.0,0.0
2351,04-08 23:00:00+02:00,0.0,0.0,0.0,0.0,0.0,0.0
2352,04-09 00:00:00+02:00,0.0,0.0,0.0,0.0,0.0,0.0
2353,04-09 01:00:00+02:00,0.0,0.0,0.0,0.0,0.0,0.0
2354,04-09 02:00:00+02:00,0.0,0.0,0.0,0.0,0.0,0.0
2355,04-09 03:00:00+02:00,0.0,0.0,0.0,0.0,0.0,0.0
2356,04-09 04:00:00+02:00,0.0,0.0,0.0,0.0,0.0,0.0
2357,04-09 05:00:00+02:00,0.0,0.0,0.0,0.0,0.0,0.0
2358,04-09 06:00:00+02:00,0.0,0.0,0.0,0.0,0.0,0.0
2359,04-09 07:00:00+02:00,0.0,0.0,0.0,0.0,0.0,0.0
2360,04-09 08:00:00+02:00,0.0,0.0,0.0,0.0,0.0,0.0
2361,04-09 09:00:00+02:00,0.0,0.0,0.0,0.0,0.0,0.0
2362,04-09 10:00:00+02:00,0.0,0.0,0.0,0.0,0.0,0.0
2363,04-09 11:00:00+02:00,0.0,0.0,0.0,0.0,0.0,0.0
2364,04-09 12:00:00+02:00,0.0,0.0,0.0,0.0,0.0,0.0
2365,04-09 13:00:00+02:00,0.0,0.0,0.0,0.0,0.0,0.0
2366,04-09 14:00:00+02:00,0.0,0.0,0.0,0.0,0.0,0.0
2367,04-09 15:00:00+02:00,0.0,0.0,0.0,0.0,0.0,0.0
2368,04-09 16:00:00+02:00,0.0,0.0,0.0,0.0,0.0,0.0
2369,04-09 17:00:00+02:00,0.0,0.0,0.0,0.0,0.0,0.0
2370,04-09 18:00:00+02:00,0.0,0.0,0.0,0.0,0.0,0.0
2371,04-09 19:00:00+02:00,0.0,0.0,0.0,0.0,0.0,0.0
2372,04-09 20:00:00+02:00,0.0,0.0,0.0,0.0,0.0,0.0
2373,04-09 21:00:00+02:00,0.0,0.0,0.0,0.0,0.0,0.0
2374,04-09 22:00:00+02:00,0.0,0.0,0.0,0.0,0.0,0.0
2375,04-09 23:00:00+02:00,0.0,0.0,0.0,0.0,0.0,0.0
2376,04-10 00:00:00+02:00,0.0,0.0,0.0,0.0,0.0,0.0
2377,04-10 01:00:00+02:00,0.0,0.0,0.0,0.0,0.0,0.0
2378,04-10 02:00:00+02:00,0.0,0.0,0.0,0.0,0.0,0.0
2379,04-10 03:00:00+02:00,0.0,0.0,0.0,0.0,0.0,0.0
2380,04-10 04:00:00+02:00,0.0,0.0,0.0,0.0,0.0,0.0
2381,04-10 05:00:00+02:00,0.0,0.0,0.0,0.0,0.0,0.0
2382,04-10 06:00:00+02:00,0.0,0.0,0.0,0.0,0.0,0.0
2383,04-10 07:00:00+02:00,0.0,0.0,0.0,0.0,0.0,0.0
2384,04-10 08:00:00+02:00,0.0,0.0,0.0,0.0,0.0,0.0
2385,04-10 09:00:00+02:00,0.0,0.0,0.0,0.0,0.0,0.0
2386,04-10 10:00:00+02:00,0.0,0.0,0.0,0.0,0.0,0.0
2387,04-10 11:00:00+02:00,0.0,0.0,0.0,0.0,0.0,0.0
2388,04-10 12:00:00+02:00,0.0,0.0,0.0,0.0,0.0,0.0
2389,04-10 13:00:00+02:00,0.0,0.0,0.0,0.0,0.0,0.0
2390,04-10 14:00:00+02:00,0.0,0.0,0.0,0.0,0.0,0.0
2391,04-10 15:00:00+02:00,0.0,0.0,0.0,0.0,0.0,0.0
2392,04-10 16:00:00+02:00,0.0,0.0,0.0,0.0,0.0,0.0
2393,04-10 17:00:00+02:00,0.0,0.0,0.0,0.0,0.0,0.0
2394,04-10 18:00:00+02:00,0.0,0.0,0.0,0.0,0.0,0.0
2395,04-10 19:00:00+02:00,0.0,0.0,0.0,0.0,0.0,0.0
2396,04-10 20:00:00+02:00,0.0,0.0,0.0,0.0,0.0,0.0
2397,04-10 21:00:00+02:00,0.0,0.0,0.0,0.0,0.0,0.0
2398,04-10 22:00:00+02:00,0.0,0.0,0.0,0.0,0.0,0.0
2399,04-10 23:00:00+02:00,0.0,0.0,0.0,0.0,0.0,0.0
2400,04-11 00:00:00+02:00,0.0,0.0,0.0,0.0,0.0,0.0
2401,04-11 01:00:00+02:00,0.0,0.0,0.0,0.0,0.0,0.0
2402,04-11 02:00:00+02:00,0.0,0.0,0.0,0.0,0.0,0.0
2403,04-11 03:00:00+02:00,0.0,0.0,0.0,0.0,0.0,0.0
2404,04-11 04:00:00+02:00,0.0,0.0,0.0,0.0,0.0,0.0
2405,04-11 05:00:00+02:00,0.0,0.0,0.0,0.0,0.0,0.0
2406,04-11 06:00:00+02:00,0.0,0.0,0.0,0.0,0.0,0.0
2407,04-11 07:00:00+02:00,0.0,0.0,0.0,0.0,0.0,0.0
2408,04-11 08:00:00+02:00,0.0,0.0,0.0,0.0,0.0,0.0
2409,04-11 09:00:00+02:00,0.0,0.0,0.0,0.0,0.0,0.0
2410,04-11 10:00:00+02:00,0.0,0.0,0.0,0.0,0.0,0.0
2411,04-11 11:00:00+02:00,0.0,0.0,0.0,0.0,0.0,0.0
2412,04-11 12:00:00+02:00,0.0,0.0,0.0,0.0,0.0,0.0
2413,04-11 13:00:00+02:00,0.0,0.0,0.0,0.0,0.0,0.0
2414,04-11 14:00:00+02:00,0.0,0.0,0.0,0.0,0.0,0.0
2415,04-11 15:00:00+02:00,0.0,0.0,0.0,0.0,0.0,0.0
2416,04-11 16:00:00+02:00,0.0,0.0,0.0,0.0,0.0,0.0
2417,04-11 17:00:00+02:00,0.0,0.0,0.0,0.0,0.0,0.0
2418,04-11 18:00:00+02:00,0.0,0.0,0.0,0.0,0.0,0.0
2419,04-11 19:00:00+02:00,0.0,0.0,0.0,0.0,0.0,0.0
2420,04-11 20:00:00+02:00,0.0,0.0,0.0,0.0,0.0,0.0
2421,04-11 21:00:00+02:00,0.0,0.0,0.0,0.0,0.0,0.0
2422,04-11 22:00:00+02:00,0.0,0.0,0.0,0.0,0.0,0.0
2423,04-11 23:00:00+02:00,0.0,0.0,0.0,0.0,0.0,0.0
2424,04-12 00:00:00+02:00,0.0,0.0,0.0,0.0,0.0,0.0
2425,04-12 01:00:00+02:00,0.0,0.0,0.0,0.0,0.0,0.0
2426,04-12 02:00:00+02:00,0.0,0.0,0.0,0.0,0.0,0.0
2427,04-12 03:00:00+02:00,0.0,0.0,0.0,0.0,0.0,0.0
2428,04-12 04:00:00+02:00,0.0,0.0,0.0,0.0,0.0,0.0
2429,04-12 05:00:00+02:00,0.0,0.0,0.0,0.0,0.0,0.0
2430,04-12 06:00:00+02:00,0.0,0.0,0.0,0.0,0.0,0.0
2431,04-12 07:00:00+02:00,0.0,0.0,0.0,0.0,0.0,0.0
2432,04-12 08:00:00+02:00,0.0,0.0,0.0,0.0,0.0,0.0
2433,04-12 09:00:00+02:00,0.0,0.0,0.0,0.0,0.0,0.0
2434,04-12 10:00:00+02:00,0.0,0.0,0.0,0.0,0.0,0.0
2435,04-12 11:00:00+02:00,0.0,0.0,0.0,0.0,0.0,0.0
2436,04-12 12:00:00+02:00,0.0,0.0,0.0,0.0,0.0,0.0
2437,04-12 13:00:00+02:00,0.0,0.0,0.0,0.0,0.0,0.0
2438,04-12 14:00:00+02:00,0.0,0.0,0.0,0.0,0.0,0.0
2439,04-12 15:00:00+02:00,0.0,0.0,0.0,0.0,0.0,0.0
2440,04-12 16:00:00+02:00,0.0,0.0,0.0,0.0,0.0,0.0
2441,04-12 17:00:00+02:00,0.0,0.0,0.0,0.0,0.0,0.0
2442,04-12 18:00:00+02:00,0.0,0.0,0.0,0.0,0.0,0.0
2443,04-12 19:00:00+02:00,0.0,0.0,0.0,0.0,0.0,0.0
2444,04-12 20:00:00+02:00,0.0,0.0,0.0,0.0,0.0,0.0
2445,04-12 21:00:00+02:00,0.0,0.0,0.0,0.0,0.0,0.0
2446,04-12 22:00:00+02:00,0.0,0.0,0.0,0.0,0.0,0.0
2447,04-12 23:00:00+02:00,0.0,0.0,0.0,0.0,0.0,0.0
2448,04-13 00:00:00+02:00,0.0,0.0,0.0,0.0,0.0,0.0
2449,04-13 01:00:00+02:00,0.0,0.0,0.0,0.0,0.0,0.0
2450,04-13 02:00:00+02:00,0.0,0.0,0.0,0.0,0.0,0.0
2451,04-13 03:00:00+02:00,0.0,0.0,0.0,0.0,0.0,0.0
2452,04-13 04:00:00+02:00,0.0,0.0,0.0,0.0,0.0,0.0
2453,04-13 05:00:00+02:00,0.0,0.0,0.0,0.0,0.0,0.0
2454,04-13 06:00:00+02:00,0.0,0.0,0.0,0.0,0.0,0.0
2455,04-13 07:00:00+02:00,0.0,0.0,0.0,0.0,0.0,0.0
2456,04-13 08:00:00+02:00,0.0,0.0,0.0,0.0,0.0,0.0
2457,04-13 09:00:00+02:00,0.0,0.0,0.0,0.0,0.0,0.0
2458,04-13 10:00:00+02:00,0.0,0.0,0.0,0.0,0.0,0.0
2459,04-13 11:00:00+02:00,0.0,0.0,0.0,0.0,0.0,0.0
2460,04-13 12:00:00+02:00,0.0,0.0,0.0,0.0,0.0,0.0
2461,04-13 13:00:00+02:00,0.0,0.0,0.0,0.0,0.0,0.0
2462,04-13 14:00:00+02:00,0.0,0.0,0.0,0.0,0.0,0.0
2463,04-13 15:00:00+02:00,0.0,0.0,0.0,0.0,0.0,0.0
2464,04-13 16:00:00+02:00,0.0,0.0,0.0,0.0,0.0,0.0
2465,04-13 17:00:00+02:00,0.0,0.0,0.0,0.0,0.0,0.0
2466,04-13 18:00:00+02:00,0.0,0.0,0.0,0.0,0.0,0.0
2467,04-13 19:00:00+02:00,0.0,0.0,0.0,0.0,0.0,0.0
2468,04-13 20:00:00+02:00,0.0,0.0,0.0,0.0,0.0,0.0
2469,04-13 21:00:00+02:00,0.0,0.0,0.0,0.0,0.0,0.0
2470,04-13 22:00:00+02:00,0.0,0.0,0.0,0.0,0.0,0.0
2471,04-13 23:00:00+02:00,0.0,0.0,0.0,0.0,0.0,0.0
2472,04-14 00:00:00+02:00,0.0,0.0,0.0,0.0,0.0,0.0
2473,04-14 01:00:00+02:00,0.0,0.0,0.0,0.0,0.0,0.0
2474,04-14 02:00:00+02:00,0.0,0.0,0.0,0.0,0.0,0.0
2475,04-14 03:00:00+02:00,0.0,0.0,0.0,0.0,0.0,0.0
2476,04-14 04:00:00+02:00,0.0,0.0,0.0,0.0,0.0,0.0
2477,04-14 05:00:00+02:00,0.0,0.0,0.0,0.0,0.0,0.0
2478,04-14 06:00:00+02:00,0.0,0.0,0.0,0.0,0.0,0.0
2479,04-14 07:00:00+02:00,0.0,0.0,0.0,0.0,0.0,0.0
2480,04-14 08:00:00+02:00,0.0,0.0,0.0,0.0,0.0,0.0
2481,04-14 09:00:00+02:00,0.0,0.0,0.0,0.0,0.0,0.0
2482,04-14 10:00:00+02:00,0.0,0.0,0.0,0.0,0.0,0.0
2483,04-14 11:00:00+02:00,0.0,0.0,0.0,0.0,0.0,0.0
2484,04-14 12:00:00+02:00,0.0,0.0,0.0,0.0,0.0,0.0
2485,04-14 13:00:00+02:00,0.0,0.0,0.0,0.0,0.0,0.0
2486,04-14 14:00:00+02:00,0.0,0.0,0.0,0.0,0.0,0.0
2487,04-14 15:00:00+02:00,0.0,0.0,0.0,0.0,0.0,0.0
2488,04-14 16:00:00+02:00,0.0,0.0,0.0,0.0,0.0,0.0
2489,04-14 17:00:00+02:00,0.0,0.0,0.0,0.0,0.0,0.0
2490,04-14 18:00:00+02:00,0.0,0.0,0.0,0.0,0.0,0.0
2491,04-14 19:00:00+02:00,0.0,0.0,0.0,0.0,0.0,0.0
2492,04-14 20:00:00+02:00,0.0,0.0,0.0,0.0,0.0,0.0
2493,04-14 21:00:00+02:00,0.0,0.0,0.0,0.0,0.0,0.0
2494,04-14 22:00:00+02:00,0.0,0.0,0.0,0.0,0.0,0.0
2495,04-14 23:00:00+02:00,0.0,0.0,0.0,0.0,0.0,0.0
2496,04-15 00:00:00+02:00,0.0,0.0,0.0,0.0,0.0,0.0
2497,04-15 01:00:00+02:00,0.0,0.0,0.0,0.0,0.0,0.0
2498,04-15 02:00:00+02:00,0.0,0.0,0.0,0.0,0.0,0.0
2499,04-15 03:00:00+02:00,0.0,0.0,0.0,0.0,0.0,0.0
2500,04-15 04:00:00+02:00,0.0,0.0,0.0,0.0,0.0,0.0
2501,04-15 05:00:00+02:00,0.0,0.0,0.0,0.0,0.0,0.0
2502,04-15 06:00:00+02:00,0.0,0.0,0.0,0.0,0.0,0.0
2503,04-15 07:00:00+02:00,0.0,0.0,0.0,0.0,0.0,0.0
2504,04-15 08:00:00+02:00,0.0,0.0,0.0,0.0,0.0,0.0
2505,04-15 09:00:00+02:00,0.0,0.0,0.0,0.0,0.0,0.0
2506,04-15 10:00:00+02:00,0.0,0.0,0.0,0.0,0.0,0.0
2507,04-15 11:00:00+02:00,0.0,0.0,0.0,0.0,0.0,0.0
2508,04-15 12:00:00+02:00,0.0,0.0,0.0,0.0,0.0,0.0
2509,04-15 13:00:00+02:00,0.0,0.0,0.0,0.0,0.0,0.0
2510,04-15 14:00:00+02:00,0.0,0.0,0.0,0.0,0.0,0.0
2511,04-15 15:00:00+02:00,0.0,0.0,0.0,0.0,0.0,0.0
2512,04-15 16:00:00+02:00,0.0,0.0,0.0,0.0,0.0,0.0
2513,04-15 17:00:00+02:00,0.0,0.0,0.0,0.0,0.0,0.0
2514,04-15 18:00:00+02:00,0.0,0.0,0.0,0.0,0.0,0.0
2515,04-15 19:00:00+02:00,0.0,0.0,0.0,0.0,0.0,0.0
2516,04-15 20:00:00+02:00,0.0,0.0,0.0,0.0,0.0,0.0
2517,04-15 21:00:00+02:00,0.0,0.0,0.0,0.0,0.0,0.0
2518,04-15 22:00:00+02:00,0.0,0.0,0.0,0.0,0.0,0.0
2519,04-15 23:00:00+02:00,0.0,0.0,0.0,0.0,0.0,0.0
2520,04-16 00:00:00+02:00,0.0,0.0,0.0,0.0,0.0,0.0
2521,04-16 01:00:00+02:00,0.0,0.0,0.0,0.0,0.0,0.0
2522,04-16 02:00:00+02:00,0.0,0.0,0.0,0.0,0.0,0.0
2523,04-16 03:00:00+02:00,0.0,0.0,0.0,0.0,0.0,0.0
2524,04-16 04:00:00+02:00,0.0,0.0,0.0,0.0,0.0,0.0
2525,04-16 05:00:00+02:00,0.0,0.0,0.0,0.0,0.0,0.0
2526,04-16 06:00:00+02:00,0.0,0.0,0.0,0.0,0.0,0.0
2527,04-16 07:00:00+02:00,0.0,0.0,0.0,0.0,0.0,0.0
2528,04-16 08:00:00+02:00,0.0,0.0,0.0,0.0,0.0,0.0
2529,04-16 09:00:00+02:00,0.0,0.0,0.0,0.0,0.0,0.0
2530,04-16 10:00:00+02:00,0.0,0.0,0.0,0.0,0.0,0.0
2531,04-16 11:00:00+02:00,0.0,0.0,0.0,0.0,0.0,0.0
2532,04-16 12:00:00+02:00,0.0,0.0,0.0,0.0,0.0,0.0
2533,04-16 13:00:00+02:00,0.0,0.0,0.0,0.0,0.0,0.0
2534,04-16 14:00:00+02:00,0.0,0.0,0.0,0.0,0.0,0.0
2535,04-16 15:00:00+02:00,0.0,0.0,0.0,0.0,0.0,0.0
2536,04-16 16:00:00+02:00,0.0,0.0,0.0,0.0,0.0,0.0
2537,04-16 17:00:00+02:00,0.0,0.0,0.0,0.0,0.0,0.0
2538,04-16 18:00:00+02:00,0.0,0.0,0.0,0.0,0.0,0.0
2539,04-16 19:00:00+02:00,0.0,0.0,0.0,0.0,0.0,0.0
2540,04-16 20:00:00+02:00,0.0,0.0,0.0,0.0,0.0,0.0
2541,04-16 21:00:00+02:00,0.0,0.0,0.0,0.0,0.0,0.0
2542,04-16 22:00:00+02:00,0.0,0.0,0.0,0.0,0.0,0.0
2543,04-16 23:00:00+02:00,0.0,0.0,0.0,0.0,0.0,0.0
2544,04-17 00:00:00+02:00,0.0,0.0,0.0,0.0,0.0,0.0
2545,04-17 01:00:00+02:00,0.0,0.0,0.0,0.0,0.0,0.0
2546,04-17 02:00:00+02:00,0.0,0.0,0.0,0.0,0.0,0.0
2547,04-17 03:00:00+02:00,0.0,0.0,0.0,0.0,0.0,0.0
2548,04-17 04:00:00+02:00,0.0,0.0,0.0,0.0,0.0,0.0
2549,04-17 05:00:00+02:00,0.0,0.0,0.0,0.0,0.0,0.0
2550,04-17 06:00:00+02:00,0.0,0.0,0.0,0.0,0.0,0.0
2551,04-17 07:00:00+02:00,0.0,0.0,0.0,0.0,0.0,0.0
2552,04-17 08:00:00+02:00,0.0,0.0,0.0,0.0,0.0,0.0
2553,04-17 09:00:00+02:00,0.0,0.0,0.0,0.0,0.0,0.0
2554,04-17 10:00:00+02:00,0.0,0.0,0.0,0.0,0.0,0.0
2555,04-17 11:00:00+02:00,0.0,0.0,0.0,0.0,0.0,0.0
2556,04-17 12:00:00+02:00,0.0,0.0,0.0,0.0,0.0,0.0
2557,04-17 13:00:00+02:00,0.0,0.0,0.0,0.0,0.0,0.0
2558,04-17 14:00:00+02:00,0.0,0.0,0.0,0.0,0.0,0.0
2559,04-17 15:00:00+02:00,0.0,0.0,0.0,0.0,0.0,0.0
2560,04-17 16:00:00+02:00,0.0,0.0,0.0,0.0,0.0,0.0
2561,04-17 17:00:00+02:00,0.0,0.0,0.0,0.0,0.0,0.0
2562,04-17 18:00:00+02:00,0.0,0.0,0.0,0.0,0.0,0.0
2563,04-17 19:00:00+02:00,0.0,0.0,0.0,0.0,0.0,0.0
2564,04-17 20:00:00+02:00,0.0,0.0,0.0,0.0,0.0,0.0
2565,04-17 21:00:00+02:00,0.0,0.0,0.0,0.0,0.0,0.0
2566,04-17 22:00:00+02:00,0.0,0.0,0.0,0.0,0.0,0.0
2567,04-17 23:00:00+02:00,0.0,0.0,0.0,0.0,0.0,0.0
2568,04-18 00:00:00+02:00,0.0,0.0,0.0,0.0,0.0,0.0
2569,04-18 01:00:00+02:00,0.0,0.0,0.0,0.0,0.0,0.0
2570,04-18 02:00:00+02:00,0.0,0.0,0.0,0.0,0.0,0.0
2571,04-18 03:00:00+02:00,0.0,0.0,0.0,0.0,0.0,0.0
2572,04-18 04:00:00+02:00,0.0,0.0,0.0,0.0,0.0,0.0
2573,04-18 05:00:00+02:00,0.0,0.0,0.0,0.0,0.0,0.0
2574,04-18 06:00:00+02:00,0.0,0.0,0.0,0.0,0.0,0.0
2575,04-18 07:00:00+02:00,0.0,0.0,0.0,0.0,0.0,0.0
2576,04-18 08:00:00+02:00,0.0,0.0,0.0,0.0,0.0,0.0
2577,04-18 09:00:00+02:00,0.0,0.0,0.0,0.0,0.0,0.0
2578,04-18 10:00:00+02:00,0.0,0.0,0.0,0.0,0.0,0.0
2579,04-18 11:00:00+02:00,0.0,0.0,0.0,0.0,0.0,0.0
2580,04-18 12:00:00+02:00,0.0,0.0,0.0,0.0,0.0,0.0
2581,04-18 13:00:00+02:00,0.0,0.0,0.0,0.0,0.0,0.0
2582,04-18 14:00:00+02:00,0.0,0.0,0.0,0.0,0.0,0.0
2583,04-18 15:00:00+02:00,0.0,0.0,0.0,0.0,0.0,0.0
2584,04-18 16:00:00+02:00,0.0,0.0,0.0,0.0,0.0,0.0
2585,04-18 17:00:00+02:00,0.0,0.0,0.0,0.0,0.0,0.0
2586,04-18 18:00:00+02:00,0.0,0.0,0.0,0.0,0.0,0.0
2587,04-18 19:00:00+02:00,0.0,0.0,0.0,0.0,0.0,0.0
2588,04-18 20:00:00+02:00,0.0,0.0,0.0,0.0,0.0,0.0
2589,04-18 21:00:00+02:00,0.0,0.0,0.0,0.0,0.0,0.0
2590,04-18 22:00:00+02:00,0.0,0.0,0.0,0.0,0.0,0.0
2591,04-18 23:00:00+02:00,0.0,0.0,0.0,0.0,0.0,0.0
2592,04-19 00:00:00+02:00,0.0,0.0,0.0,0.0,0.0,0.0
2593,04-19 01:00:00+02:00,0.0,0.0,0.0,0.0,0.0,0.0
2594,04-19 02:00:00+02:00,0.0,0.0,0.0,0.0,0.0,0.0
2595,04-19 03:00:00+02:00,0.0,0.0,0.0,0.0,0.0,0.0
2596,04-19 04:00:00+02:00,0.0,0.0,0.0,0.0,0.0,0.0
2597,04-19 05:00:00+02:00,0.0,0.0,0.0,0.0,0.0,0.0
2598,04-19 06:00:00+02:00,0.0,0.0,0.0,0.0,0.0,0.0
2599,04-19 07:00:00+02:00,0.0,0.0,0.0,0.0,0.0,0.0
2600,04-19 08:00:00+02:00,0.0,0.0,0.0,0.0,0.0,0.0
2601,04-19 09:00:00+02:00,0.0,0.0,0.0,0.0,0.0,0.0
2602,04-19 10:00:00+02:00,0.0,0.0,0.0,0.0,0.0,0.0
2603,04-19 11:00:00+02:00,0.0,0.0,0.0,0.0,0.0,0.0
2604,04-19 12:00:00+02:00,0.0,0.0,0.0,0.0,0.0,0.0
2605,04-19 13:00:00+02:00,0.0,0.0,0.0,0.0,0.0,0.0
2606,04-19 14:00:00+02:00,0.0,0.0,0.0,0.0,0.0,0.0
2607,04-19 15:00:00+02:00,0.0,0.0,0.0,0.0,0.0,0.0
2608,04-19 16:00:00+02:00,0.0,0.0,0.0,0.0,0.0,0.0
2609,04-19 17:00:00+02:00,0.0,0.0,0.0,0.0,0.0,0.0
2610,04-19 18:00:00+02:00,0.0,0.0,0.0,0.0,0.0,0.0
2611,04-19 19:00:00+02:00,0.0,0.0,0.0,0.0,0.0,0.0
2612,04-19 20:00:00+02:00,0.0,0.0,0.0,0.0,0.0,0.0
2613,04-19 21:00:00+02:00,0.0,0.0,0.0,0.0,0.0,0.0
2614,04-19 22:00:00+02:00,0.0,0.0,0.0,0.0,0.0,0.0
2615,04-19 23:00:00+02:00,0.0,0.0,0.0,0.0,0.0,0.0
2616,04-20 00:00:00+02:00,0.0,0.0,0.0,0.0,0.0,0.0
2617,04-20 01:00:00+02:00,0.0,0.0,0.0,0.0,0.0,0.0
2618,04-20 02:00:00+02:00,0.0,0.0,0.0,0.0,0.0,0.0
2619,04-20 03:00:00+02:00,0.0,0.0,0.0,0.0,0.0,0.0
2620,04-20 04:00:00+02:00,0.0,0.0,0.0,0.0,0.0,0.0
2621,04-20 05:00:00+02:00,0.0,0.0,0.0,0.0,0.0,0.0
2622,04-20 06:00:00+02:00,0.0,0.0,0.0,0.0,0.0,0.0
2623,04-20 07:00:00+02:00,0.0,0.0,0.0,0.0,0.0,0.0
2624,04-20 08:00:00+02:00,0.0,0.0,0.0,0.0,0.0,0.0
2625,04-20 09:00:00+02:00,0.0,0.0,0.0,0.0,0.0,0.0
2626,04-20 10:00:00+02:00,0.0,0.0,0.0,0.0,0.0,0.0
2627,04-20 11:00:00+02:00,0.0,0.0,0.0,0.0,0.0,0.0
2628,04-20 12:00:00+02:00,0.0,0.0,0.0,0.0,0.0,0.0
2629,04-20 13:00:00+02:00,0.0,0.0,0.0,0.0,0.0,0.0
2630,04-20 14:00:00+02:00,0.0,0.0,0.0,0.0,0.0,0.0
2631,04-20 15:00:00+02:00,0.0,0.0,0.0,0.0,0.0,0.0
2632,04-20 16:00:00+02:00,0.0,0.0,0.0,0.0,0.0,0.0
2633,04-20 17:00:00+02:00,0.0,0.0,0.0,0.0,0.0,0.0
2634,04-20 18:00:00+02:00,0.0,0.0,0.0,0.0,0.0,0.0
2635,04-20 19:00:00+02:00,0.0,0.0,0.0,0.0,0.0,0.0
2636,04-20 20:00:00+02:00,0.0,0.0,0.0,0.0,0.0,0.0
2637,04-20 21:00:00+02:00,0.0,0.0,0.0,0.0,0.0,0.0
2638,04-20 22:00:00+02:00,0.0,0.0,0.0,0.0,0.0,0.0
2639,04-20 23:00:00+02:00,0.0,0.0,0.0,0.0,0.0,0.0
2640,04-21 00:00:00+02:00,0.0,0.0,0.0,0.0,0.0,0.0
2641,04-21 01:00:00+02:00,0.0,0.0,0.0,0.0,0.0,0.0
2642,04-21 02:00:00+02:00,0.0,0.0,0.0,0.0,0.0,0.0
2643,04-21 03:00:00+02:00,0.0,0.0,0.0,0.0,0.0,0.0
2644,04-21 04:00:00+02:00,0.0,0.0,0.0,0.0,0.0,0.0
2645,04-21 05:00:00+02:00,0.0,0.0,0.0,0.0,0.0,0.0
2646,04-21 06:00:00+02:00,0.0,0.0,0.0,0.0,0.0,0.0
2647,04-21 07:00:00+02:00,0.0,0.0,0.0,0.0,0.0,0.0
2648,04-21 08:00:00+02:00,0.0,0.0,0.0,0.0,0.0,0.0
2649,04-21 09:00:00+02:00,0.0,0.0,0.0,0.0,0.0,0.0
2650,04-21 10:00:00+02:00,0.0,0.0,0.0,0.0,0.0,0.0
2651,04-21 11:00:00+02:00,0.0,0.0,0.0,0.0,0.0,0.0
2652,04-21 12:00:00+02:00,0.0,0.0,0.0,0.0,0.0,0.0
2653,04-21 13:00:00+02:00,0.0,0.0,0.0,0.0,0.0,0.0
2654,04-21 14:00:00+02:00,0.0,0.0,0.0,0.0,0.0,0.0
2655,04-21 15:00:00+02:00,0.0,0.0,0.0,0.0,0.0,0.0
2656,04-21 16:00:00+02:00,0.0,0.0,0.0,0.0,0.0,0.0
2657,04-21 17:00:00+02:00,0.0,0.0,0.0,0.0,0.0,0.0
2658,04-21 18:00:00+02:00,0.0,0.0,0.0,0.0,0.0,0.0
2659,04-21 19:00:00+02:00,0.0,0.0,0.0,0.0,0.0,0.0
2660,04-21 20:00:00+02:00,0.0,0.0,0.0,0.0,0.0,0.0
2661,04-21 21:00:00+02:00,0.0,0.0,0.0,0.0,0.0,0.0
2662,04-21 22:00:00+02:00,0.0,0.0,0.0,0.0,0.0,0.0
2663,04-21 23:00:00+02:00,0.0,0.0,0.0,0.0,0.0,0.0
2664,04-22 00:00:00+02:00,0.0,0.0,0.0,0.0,0.0,0.0
2665,04-22 01:00:00+02:00,0.0,0.0,0.0,0.0,0.0,0.0
2666,04-22 02:00:00+02:00,0.0,0.0,0.0,0.0,0.0,0.0
2667,04-22 03:00:00+02:00,0.0,0.0,0.0,0.0,0.0,0.0
2668,04-22 04:00:00+02:00,0.0,0.0,0.0,0.0,0.0,0.0
2669,04-22 05:00:00+02:00,0.0,0.0,0.0,0.0,0.0,0.0
2670,04-22 06:00:00+02:00,0.0,0.0,0.0,0.0,0.0,0.0
2671,04-22 07:00:00+02:00,0.0,0.0,0.0,0.0,0.0,0.0
2672,04-22 08:00:00+02:00,0.0,0.0,0.0,0.0,0.0,0.0
2673,04-22 09:00:00+02:00,0.0,0.0,0.0,0.0,0.0,0.0
2674,04-22 10:00:00+02:00,0.0,0.0,0.0,0.0,0.0,0.0
2675,04-22 11:00:00+02:00,0.0,0.0,0.0,0.0,0.0,0.0
2676,04-22 12:00:00+02:00,0.0,0.0,0.0,0.0,0.0,0.0
2677,04-22 13:00:00+02:00,0.0,0.0,0.0,0.0,0.0,0.0
2678,04-22 14:00:00+02:00,0.0,0.0,0.0,0.0,0.0,0.0
2679,04-22 15:00:00+02:00,0.0,0.0,0.0,0.0,0.0,0.0
2680,04-22 16:00:00+02:00,0.0,0.0,0.0,0.0,0.0,0.0
2681,04-22 17:00:00+02:00,0.0,0.0,0.0,0.0,0.0,0.0
2682,04-22 18:00:00+02:00,0.0,0.0,0.0,0.0,0.0,0.0
2683,04-22 19:00:00+02:00,0.0,0.0,0.0,0.0,0.0,0.0
2684,04-22 20:00:00+02:00,0.0,0.0,0.0,0.0,0.0,0.0
2685,04-22 21:00:00+02:00,0.0,0.0,0.0,0.0,0.0,0.0
2686,04-22 22:00:00+02:00,0.0,0.0,0.0,0.0,0.0,0.0
2687,04-22 23:00:00+02:00,0.0,0.0,0.0,0.0,0.0,0.0
2688,04-23 00:00:00+02:00,0.0,0.0,0.0,0.0,0.0,0.0
2689,04-23 01:00:00+02:00,0.0,0.0,0.0,0.0,0.0,0.0
2690,04-23 02:00:00+02:00,0.0,0.0,0.0,0.0,0.0,0.0
2691,04-23 03:00:00+02:00,0.0,0.0,0.0,0.0,0.0,0.0
2692,04-23 04:00:00+02:00,0.0,0.0,0.0,0.0,0.0,0.0
2693,04-23 05:00:00+02:00,0.0,0.0,0.0,0.0,0.0,0.0
2694,04-23 06:00:00+02:00,0.0,0.0,0.0,0.0,0.0,0.0
2695,04-23 07:00:00+02:00,0.0,0.0,0.0,0.0,0.0,0.0
2696,04-23 08:00:00+02:00,0.0,0.0,0.0,0.0,0.0,0.0
2697,04-23 09:00:00+02:00,0.0,0.0,0.0,0.0,0.0,0.0
2698,04-23 10:00:00+02:00,0.0,0.0,0.0,0.0,0.0,0.0
2699,04-23 11:00:00+02:00,0.0,0.0,0.0,0.0,0.0,0.0
2700,04-23 12:00:00+02:00,0.0,0.0,0.0,0.0,0.0,0.0
2701,04-23 13:00:00+02:00,0.0,0.0,0.0,0.0,0.0,0.0
2702,04-23 14:00:00+02:00,0.0,0.0,0.0,0.0,0.0,0.0
2703,04-23 15:00:00+02:00,0.0,0.0,0.0,0.0,0.0,0.0
2704,04-23 16:00:00+02:00,0.0,0.0,0.0,0.0,0.0,0.0
2705,04-23 17:00:00+02:00,0.0,0.0,0.0,0.0,0.0,0.0
2706,04-23 18:00:00+02:00,0.0,0.0,0.0,0.0,0.0,0.0
2707,04-23 19:00:00+02:00,0.0,0.0,0.0,0.0,0.0,0.0
2708,04-23 20:00:00+02:00,0.0,0.0,0.0,0.0,0.0,0.0
2709,04-23 21:00:00+02:00,0.0,0.0,0.0,0.0,0.0,0.0
2710,04-23 22:00:00+02:00,0.0,0.0,0.0,0.0,0.0,0.0
2711,04-23 23:00:00+02:00,0.0,0.0,0.0,0.0,0.0,0.0
2712,04-24 00:00:00+02:00,0.0,0.0,0.0,0.0,0.0,0.0
2713,04-24 01:00:00+02:00,0.0,0.0,0.0,0.0,0.0,0.0
2714,04-24 02:00:00+02:00,0.0,0.0,0.0,0.0,0.0,0.0
2715,04-24 03:00:00+02:00,0.0,0.0,0.0,0.0,0.0,0.0
2716,04-24 04:00:00+02:00,0.0,0.0,0.0,0.0,0.0,0.0
2717,04-24 05:00:00+02:00,0.0,0.0,0.0,0.0,0.0,0.0
2718,04-24 06:00:00+02:00,0.0,0.0,0.0,0.0,0.0,0.0
2719,04-24 07:00:00+02:00,0.0,0.0,0.0,0.0,0.0,0.0
2720,04-24 08:00:00+02:00,0.0,0.0,0.0,0.0,0.0,0.0
2721,04-24 09:00:00+02:00,0.0,0.0,0.0,0.0,0.0,0.0
2722,04-24 10:00:00+02:00,0.0,0.0,0.0,0.0,0.0,0.0
2723,04-24 11:00:00+02:00,0.0,0.0,0.0,0.0,0.0,0.0
2724,04-24 12:00:00+02:00,0.0,0.0,0.0,0.0,0.0,0.0
2725,04-24 13:00:00+02:00,0.0,0.0,0.0,0.0,0.0,0.0
2726,04-24 14:00:00+02:00,0.0,0.0,0.0,0.0,0.0,0.0
2727,04-24 15:00:00+02:00,0.0,0.0,0.0,0.0,0.0,0.0
2728,04-24 16:00:00+02:00,0.0,0.0,0.0,0.0,0.0,0.0
2729,04-24 17:00:00+02:00,0.0,0.0,0.0,0.0,0.0,0.0
2730,04-24 18:00:00+02:00,0.0,0.0,0.0,0.0,0.0,0.0
2731,04-24 19:00:00+02:00,0.0,0.0,0.0,0.0,0.0,0.0
2732,04-24 20:00:00+02:00,0.0,0.0,0.0,0.0,0.0,0.0
2733,04-24 21:00:00+02:00,0.0,0.0,0.0,0.0,0.0,0.0
2734,04-24 22:00:00+02:00,0.0,0.0,0.0,0.0,0.0,0.0
2735,04-24 23:00:00+02:00,0.0,0.0,0.0,0.0,0.0,0.0
2736,04-25 00:00:00+02:00,0.0,0.0,0.0,0.0,0.0,0.0
2737,04-25 01:00:00+02:00,0.0,0.0,0.0,0.0,0.0,0.0
2738,04-25 02:00:00+02:00,0.0,0.0,0.0,0.0,0.0,0.0
2739,04-25 03:00:00+02:00,0.0,0.0,0.0,0.0,0.0,0.0
2740,04-25 04:00:00+02:00,0.0,0.0,0.0,0.0,0.0,0.0
2741,04-25 05:00:00+02:00,0.0,0.0,0.0,0.0,0.0,0.0
2742,04-25 06:00:00+02:00,0.0,0.0,0.0,0.0,0.0,0.0
2743,04-25 07:00:00+02:00,0.0,0.0,0.0,0.0,0.0,0.0
2744,04-25 08:00:00+02:00,0.0,0.0,0.0,0.0,0.0,0.0
2745,04-25 09:00:00+02:00,0.0,0.0,0.0,0.0,0.0,0.0
2746,04-25 10:00:00+02:00,0.0,0.0,0.0,0.0,0.0,0.0
2747,04-25 11:00:00+02:00,0.0,0.0,0.0,0.0,0.0,0.0
2748,04-25 12:00:00+02:00,0.0,0.0,0.0,0.0,0.0,0.0
2749,04-25 13:00:00+02:00,0.0,0.0,0.0,0.0,0.0,0.0
2750,04-25 14:00:00+02:00,0.0,0.0,0.0,0.0,0.0,0.0
2751,04-25 15:00:00+02:00,0.0,0.0,0.0,0.0,0.0,0.0
2752,04-25 16:00:00+02:00,0.0,0.0,0.0,0.0,0.0,0.0
2753,04-25 17:00:00+02:00,0.0,0.0,0.0,0.0,0.0,0.0
2754,04-25 18:00:00+02:00,0.0,0.0,0.0,0.0,0.0,0.0
2755,04-25 19:00:00+02:00,0.0,0.0,0.0,0.0,0.0,0.0
2756,04-25 20:00:00+02:00,0.0,0.0,0.0,0.0,0.0,0.0
2757,04-25 21:00:00+02:00,0.0,0.0,0.0,0.0,0.0,0.0
2758,04-25 22:00:00+02:00,0.0,0.0,0.0,0.0,0.0,0.0
2759,04-25 23:00:00+02:00,0.0,0.0,0.0,0.0,0.0,0.0
2760,04-26 00:00:00+02:00,0.0,0.0,0.0,0.0,0.0,0.0
2761,04-26 01:00:00+02:00,0.0,0.0,0.0,0.0,0.0,0.0
2762,04-26 02:00:00+02:00,0.0,0.0,0.0,0.0,0.0,0.0
2763,04-26 03:00:00+02:00,0.0,0.0,0.0,0.0,0.0,0.0
2764,04-26 04:00:00+02:00,0.0,0.0,0.0,0.0,0.0,0.0
2765,04-26 05:00:00+02:00,0.0,0.0,0.0,0.0,0.0,0.0
2766,04-26 06:00:00+02:00,0.0,0.0,0.0,0.0,0.0,0.0
2767,04-26 07:00:00+02:00,0.0,0.0,0.0,0.0,0.0,0.0
2768,04-26 08:00:00+02:00,0.0,0.0,0.0,0.0,0.0,0.0
2769,04-26 09:00:00+02:00,0.0,0.0,0.0,0.0,0.0,0.0
2770,04-26 10:00:00+02:00,0.0,0.0,0.0,0.0,0.0,0.0
2771,04-26 11:00:00+02:00,0.0,0.0,0.0,0.0,0.0,0.0
2772,04-26 12:00:00+02:00,0.0,0.0,0.0,0.0,0.0,0.0
2773,04-26 13:00:00+02:00,0.0,0.0,0.0,0.0,0.0,0.0
2774,04-26 14:00:00+02:00,0.0,0.0,0.0,0.0,0.0,0.0
2775,04-26 15:00:00+02:00,0.0,0.0,0.0,0.0,0.0,0.0
2776,04-26 16:00:00+02:00,0.0,0.0,0.0,0.0,0.0,0.0
2777,04-26 17:00:00+02:00,0.0,0.0,0.0,0.0,0.0,0.0
2778,04-26 18:00:00+02:00,0.0,0.0,0.0,0.0,0.0,0.0
2779,04-26 19:00:00+02:00,0.0,0.0,0.0,0.0,0.0,0.0
2780,04-26 20:00:00+02:00,0.0,0.0,0.0,0.0,0.0,0.0
2781,04-26 21:00:00+02:00,0.0,0.0,0.0,0.0,0.0,0.0
2782,04-26 22:00:00+02:00,0.0,0.0,0.0,0.0,0.0,0.0
2783,04-26 23:00:00+02:00,0.0,0.0,0.0,0.0,0.0,0.0
2784,04-27 00:00:00+02:00,0.0,0.0,0.0,0.0,0.0,0.0
2785,04-27 01:00:00+02:00,0.0,0.0,0.0,0.0,0.0,0.0
2786,04-27 02:00:00+02:00,0.0,0.0,0.0,0.0,0.0,0.0
2787,04-27 03:00:00+02:00,0.0,0.0,0.0,0.0,0.0,0.0
2788,04-27 04:00:00+02:00,0.0,0.0,0.0,0.0,0.0,0.0
2789,04-27 05:00:00+02:00,0.0,0.0,0.0,0.0,0.0,0.0
2790,04-27 06:00:00+02:00,0.0,0.0,0.0,0.0,0.0,0.0
2791,04-27 07:00:00+02:00,0.0,0.0,0.0,0.0,0.0,0.0
2792,04-27 08:00:00+02:00,0.0,0.0,0.0,0.0,0.0,0.0
2793,04-27 09:00:00+02:00,0.0,0.0,0.0,0.0,0.0,0.0
2794,04-27 10:00:00+02:00,0.0,0.0,0.0,0.0,0.0,0.0
2795,04-27 11:00:00+02:00,0.0,0.0,0.0,0.0,0.0,0.0
2796,04-27 12:00:00+02:00,0.0,0.0,0.0,0.0,0.0,0.0
2797,04-27 13:00:00+02:00,0.0,0.0,0.0,0.0,0.0,0.0
2798,04-27 14:00:00+02:00,0.0,0.0,0.0,0.0,0.0,0.0
2799,04-27 15:00:00+02:00,0.0,0.0,0.0,0.0,0.0,0.0
2800,04-27 16:00:00+02:00,0.0,0.0,0.0,0.0,0.0,0.0
2801,04-27 17:00:00+02:00,0.0,0.0,0.0,0.0,0.0,0.0
2802,04-27 18:00:00+02:00,0.0,0.0,0.0,0.0,0.0,0.0
2803,04-27 19:00:00+02:00,0.0,0.0,0.0,0.0,0.0,0.0
2804,04-27 20:00:00+02:00,0.0,0.0,0.0,0.0,0.0,0.0
2805,04-27 21:00:00+02:00,0.0,0.0,0.0,0.0,0.0,0.0
2806,04-27 22:00:00+02:00,0.0,0.0,0.0,0.0,0.0,0.0
2807,04-27 23:00:00+02:00,0.0,0.0,0.0,0.0,0.0,0.0
2808,04-28 00:00:00+02:00,0.0,0.0,0.0,0.0,0.0,0.0
2809,04-28 01:00:00+02:00,0.0,0.0,0.0,0.0,0.0,0.0
2810,04-28 02:00:00+02:00,0.0,0.0,0.0,0.0,0.0,0.0
2811,04-28 03:00:00+02:00,0.0,0.0,0.0,0.0,0.0,0.0
2812,04-28 04:00:00+02:00,0.0,0.0,0.0,0.0,0.0,0.0
2813,04-28 05:00:00+02:00,0.0,0.0,0.0,0.0,0.0,0.0
2814,04-28 06:00:00+02:00,0.0,0.0,0.0,0.0,0.0,0.0
2815,04-28 07:00:00+02:00,0.0,0.0,0.0,0.0,0.0,0.0
2816,04-28 08:00:00+02:00,0.0,0.0,0.0,0.0,0.0,0.0
2817,04-28 09:00:00+02:00,0.0,0.0,0.0,0.0,0.0,0.0
2818,04-28 10:00:00+02:00,0.0,0.0,0.0,0.0,0.0,0.0
2819,04-28 11:00:00+02:00,0.0,0.0,0.0,0.0,0.0,0.0
2820,04-28 12:00:00+02:00,0.0,0.0,0.0,0.0,0.0,0.0
2821,04-28 13:00:00+02:00,0.0,0.0,0.0,0.0,0.0,0.0
2822,04-28 14:00:00+02:00,0.0,0.0,0.0,0.0,0.0,0.0
2823,04-28 15:00:00+02:00,0.0,0.0,0.0,0.0,0.0,0.0
2824,04-28 16:00:00+02:00,0.0,0.0,0.0,0.0,0.0,0.0
2825,04-28 17:00:00+02:00,0.0,0.0,0.0,0.0,0.0,0.0
2826,04-28 18:00:00+02:00,0.0,0.0,0.0,0.0,0.0,0.0
2827,04-28 19:00:00+02:00,0.0,0.0,0.0,0.0,0.0,0.0
2828,04-28 20:00:00+02:00,0.0,0.0,0.0,0.0,0.0,0.0
2829,04-28 21:00:00+02:00,0.0,0.0,0.0,0.0,0.0,0.0
2830,04-28 22:00:00+02:00,0.0,0.0,0.0,0.0,0.0,0.0
2831,04-28 23:00:00+02:00,0.0,0.0,0.0,0.0,0.0,0.0
2832,04-29 00:00:00+02:00,0.0,0.0,0.0,0.0,0.0,0.0
2833,04-29 01:00:00+02:00,0.0,0.0,0.0,0.0,0.0,0.0
2834,04-29 02:00:00+02:00,0.0,0.0,0.0,0.0,0.0,0.0
2835,04-29 03:00:00+02:00,0.0,0.0,0.0,0.0,0.0,0.0
2836,04-29 04:00:00+02:00,0.0,0.0,0.0,0.0,0.0,0.0
2837,04-29 05:00:00+02:00,0.0,0.0,0.0,0.0,0.0,0.0
2838,04-29 06:00:00+02:00,0.0,0.0,0.0,0.0,0.0,0.0
2839,04-29 07:00:00+02:00,0.0,0.0,0.0,0.0,0.0,0.0
2840,04-29 08:00:00+02:00,0.0,0.0,0.0,0.0,0.0,0.0
2841,04-29 09:00:00+02:00,0.0,0.0,0.0,0.0,0.0,0.0
2842,04-29 10:00:00+02:00,0.0,0.0,0.0,0.0,0.0,0.0
2843,04-29 11:00:00+02:00,0.0,0.0,0.0,0.0,0.0,0.0
2844,04-29 12:00:00+02:00,0.0,0.0,0.0,0.0,0.0,0.0
2845,04-29 13:00:00+02:00,0.0,0.0,0.0,0.0,0.0,0.0
2846,04-29 14:00:00+02:00,0.0,0.0,0.0,0.0,0.0,0.0
2847,04-29 15:00:00+02:00,0.0,0.0,0.0,0.0,0.0,0.0
2848,04-29 16:00:00+02:00,0.0,0.0,0.0,0.0,0.0,0.0
2849,04-29 17:00:00+02:00,0.0,0.0,0.0,0.0,0.0,0.0
2850,04-29 18:00:00+02:00,0.0,0.0,0.0,0.0,0.0,0.0
2851,04-29 19:00:00+02:00,0.0,0.0,0.0,0.0,0.0,0.0
2852,04-29 20:00:00+02:00,0.0,0.0,0.0,0.0,0.0,0.0
2853,04-29 21:00:00+02:00,0.0,0.0,0.0,0.0,0.0,0.0
2854,04-29 22:00:00+02:00,0.0,0.0,0.0,0.0,0.0,0.0
2855,04-29 23:00:00+02:00,0.0,0.0,0.0,0.0,0.0,0.0
2856,04-30 00:00:00+02:00,0.0,0.0,0.0,0.0,0.0,0.0
2857,04-30 01:00:00+02:00,0.0,0.0,0.0,0.0,0.0,0.0
2858,04-30 02:00:00+02:00,0.0,0.0,0.0,0.0,0.0,0.0
2859,04-30 03:00:00+02:00,0.0,0.0,0.0,0.0,0.0,0.0
2860,04-30 04:00:00+02:00,0.0,0.0,0.0,0.0,0.0,0.0
2861,04-30 05:00:00+02:00,0.0,0.0,0.0,0.0,0.0,0.0
2862,04-30 06:00:00+02:00,0.0,0.0,0.0,0.0,0.0,0.0
2863,04-30 07:00:00+02:00,0.0,0.0,0.0,0.0,0.0,0.0
2864,04-30 08:00:00+02:00,0.0,0.0,0.0,0.0,0.0,0.0
2865,04-30 09:00:00+02:00,0.0,0.0,0.0,0.0,0.0,0.0
2866,04-30 10:00:00+02:00,0.0,0.0,0.0,0.0,0.0,0.0
2867,04-30 11:00:00+02:00,0.0,0.0,0.0,0.0,0.0,0.0
2868,04-30 12:00:00+02:00,0.0,0.0,0.0,0.0,0.0,0.0
2869,04-30 13:00:00+02:00,0.0,0.0,0.0,0.0,0.0,0.0
2870,04-30 14:00:00+02:00,0.0,0.0,0.0,0.0,0.0,0.0
2871,04-30 15:00:00+02:00,0.0,0.0,0.0,0.0,0.0,0.0
2872,04-30 16:00:00+02:00,0.0,0.0,0.0,0.0,0.0,0.0
2873,04-30 17:00:00+02:00,0.0,0.0,0.0,0.0,0.0,0.0
2874,04-30 18:00:00+02:00,0.0,0.0,0.0,0.0,0.0,0.0
2875,04-30 19:00:00+02:00,0.0,0.0,0.0,0.0,0.0,0.0
2876,04-30 20:00:00+02:00,0.0,0.0,0.0,0.0,0.0,0.0
2877,04-30 21:00:00+02:00,0.0,0.0,0.0,0.0,0.0,0.0
2878,04-30 22:00:00+02:00,0.0,0.0,0.0,0.0,0.0,0.0
2879,04-30 23:00:00+02:00,0.0,0.0,0.0,0.0,0.0,0.0
2880,05-01 00:00:00+02:00,0.0,0.0,0.0,0.0,0.0,0.0
2881,05-01 01:00:00+02:00,0.0,0.0,0.0,0.0,0.0,0.0
2882,05-01 02:00:00+02:00,0.0,0.0,0.0,0.0,0.0,0.0
2883,05-01 03:00:00+02:00,0.0,0.0,0.0,0.0,0.0,0.0
2884,05-01 04:00:00+02:00,0.0,0.0,0.0,0.0,0.0,0.0
2885,05-01 05:00:00+02:00,0.0,0.0,0.0,0.0,0.0,0.0
2886,05-01 06:00:00+02:00,0.0,0.0,0.0,0.0,0.0,0.0
2887,05-01 07:00:00+02:00,0.0,0.0,0.0,0.0,0.0,0.0
2888,05-01 08:00:00+02:00,0.0,0.0,0.0,0.0,0.0,0.0
2889,05-01 09:00:00+02:00,0.0,0.0,0.0,0.0,0.0,0.0
2890,05-01 10:00:00+02:00,0.0,0.0,0.0,0.0,0.0,0.0
2891,05-01 11:00:00+02:00,0.0,0.0,0.0,0.0,0.0,0.0
2892,05-01 12:00:00+02:00,0.0,0.0,0.0,0.0,0.0,0.0
2893,05-01 13:00:00+02:00,0.0,0.0,0.0,0.0,0.0,0.0
2894,05-01 14:00:00+02:00,0.0,0.0,0.0,0.0,0.0,0.0
2895,05-01 15:00:00+02:00,0.0,0.0,0.0,0.0,0.0,0.0
2896,05-01 16:00:00+02:00,0.0,0.0,0.0,0.0,0.0,0.0
2897,05-01 17:00:00+02:00,0.0,0.0,0.0,0.0,0.0,0.0
2898,05-01 18:00:00+02:00,0.0,0.0,0.0,0.0,0.0,0.0
2899,05-01 19:00:00+02:00,0.0,0.0,0.0,0.0,0.0,0.0
2900,05-01 20:00:00+02:00,0.0,0.0,0.0,0.0,0.0,0.0
2901,05-01 21:00:00+02:00,0.0,0.0,0.0,0.0,0.0,0.0
2902,05-01 22:00:00+02:00,0.0,0.0,0.0,0.0,0.0,0.0
2903,05-01 23:00:00+02:00,0.0,0.0,0.0,0.0,0.0,0.0
2904,05-02 00:00:00+02:00,0.0,0.0,0.0,0.0,0.0,0.0
2905,05-02 01:00:00+02:00,0.0,0.0,0.0,0.0,0.0,0.0
2906,05-02 02:00:00+02:00,0.0,0.0,0.0,0.0,0.0,0.0
2907,05-02 03:00:00+02:00,0.0,0.0,0.0,0.0,0.0,0.0
2908,05-02 04:00:00+02:00,0.0,0.0,0.0,0.0,0.0,0.0
2909,05-02 05:00:00+02:00,0.0,0.0,0.0,0.0,0.0,0.0
2910,05-02 06:00:00+02:00,0.0,0.0,0.0,0.0,0.0,0.0
2911,05-02 07:00:00+02:00,0.0,0.0,0.0,0.0,0.0,0.0
2912,05-02 08:00:00+02:00,0.0,0.0,0.0,0.0,0.0,0.0
2913,05-02 09:00:00+02:00,0.0,0.0,0.0,0.0,0.0,0.0
2914,05-02 10:00:00+02:00,0.0,0.0,0.0,0.0,0.0,0.0
2915,05-02 11:00:00+02:00,0.0,0.0,0.0,0.0,0.0,0.0
2916,05-02 12:00:00+02:00,0.0,0.0,0.0,0.0,0.0,0.0
2917,05-02 13:00:00+02:00,0.0,0.0,0.0,0.0,0.0,0.0
2918,05-02 14:00:00+02:00,0.0,0.0,0.0,0.0,0.0,0.0
2919,05-02 15:00:00+02:00,0.0,0.0,0.0,0.0,0.0,0.0
2920,05-02 16:00:00+02:00,0.0,0.0,0.0,0.0,0.0,0.0
2921,05-02 17:00:00+02:00,0.0,0.0,0.0,0.0,0.0,0.0
2922,05-02 18:00:00+02:00,0.0,0.0,0.0,0.0,0.0,0.0
2923,05-02 19:00:00+02:00,0.0,0.0,0.0,0.0,0.0,0.0
2924,05-02 20:00:00+02:00,0.0,0.0,0.0,0.0,0.0,0.0
2925,05-02 21:00:00+02:00,0.0,0.0,0.0,0.0,0.0,0.0
2926,05-02 22:00:00+02:00,0.0,0.0,0.0,0.0,0.0,0.0
2927,05-02 23:00:00+02:00,0.0,0.0,0.0,0.0,0.0,0.0
2928,05-03 00:00:00+02:00,0.0,0.0,0.0,0.0,0.0,0.0
2929,05-03 01:00:00+02:00,0.0,0.0,0.0,0.0,0.0,0.0
2930,05-03 02:00:00+02:00,0.0,0.0,0.0,0.0,0.0,0.0
2931,05-03 03:00:00+02:00,0.0,0.0,0.0,0.0,0.0,0.0
2932,05-03 04:00:00+02:00,0.0,0.0,0.0,0.0,0.0,0.0
2933,05-03 05:00:00+02:00,0.0,0.0,0.0,0.0,0.0,0.0
2934,05-03 06:00:00+02:00,0.0,0.0,0.0,0.0,0.0,0.0
2935,05-03 07:00:00+02:00,0.0,0.0,0.0,0.0,0.0,0.0
2936,05-03 08:00:00+02:00,0.0,0.0,0.0,0.0,0.0,0.0
2937,05-03 09:00:00+02:00,0.0,0.0,0.0,0.0,0.0,0.0
2938,05-03 10:00:00+02:00,0.0,0.0,0.0,0.0,0.0,0.0
2939,05-03 11:00:00+02:00,0.0,0.0,0.0,0.0,0.0,0.0
2940,05-03 12:00:00+02:00,0.0,0.0,0.0,0.0,0.0,0.0
2941,05-03 13:00:00+02:00,0.0,0.0,0.0,0.0,0.0,0.0
2942,05-03 14:00:00+02:00,0.0,0.0,0.0,0.0,0.0,0.0
2943,05-03 15:00:00+02:00,0.0,0.0,0.0,0.0,0.0,0.0
2944,05-03 16:00:00+02:00,0.0,0.0,0.0,0.0,0.0,0.0
2945,05-03 17:00:00+02:00,0.0,0.0,0.0,0.0,0.0,0.0
2946,05-03 18:00:00+02:00,0.0,0.0,0.0,0.0,0.0,0.0
2947,05-03 19:00:00+02:00,0.0,0.0,0.0,0.0,0.0,0.0
2948,05-03 20:00:00+02:00,0.0,0.0,0.0,0.0,0.0,0.0
2949,05-03 21:00:00+02:00,0.0,0.0,0.0,0.0,0.0,0.0
2950,05-03 22:00:00+02:00,0.0,0.0,0.0,0.0,0.0,0.0
2951,05-03 23:00:00+02:00,0.0,0.0,0.0,0.0,0.0,0.0
2952,05-04 00:00:00+02:00,0.0,0.0,0.0,0.0,0.0,0.0
2953,05-04 01:00:00+02:00,0.0,0.0,0.0,0.0,0.0,0.0
2954,05-04 02:00:00+02:00,0.0,0.0,0.0,0.0,0.0,0.0
2955,05-04 03:00:00+02:00,0.0,0.0,0.0,0.0,0.0,0.0
2956,05-04 04:00:00+02:00,0.0,0.0,0.0,0.0,0.0,0.0
2957,05-04 05:00:00+02:00,0.0,0.0,0.0,0.0,0.0,0.0
2958,05-04 06:00:00+02:00,0.0,0.0,0.0,0.0,0.0,0.0
2959,05-04 07:00:00+02:00,0.0,0.0,0.0,0.0,0.0,0.0
2960,05-04 08:00:00+02:00,0.0,0.0,0.0,0.0,0.0,0.0
2961,05-04 09:00:00+02:00,0.0,0.0,0.0,0.0,0.0,0.0
2962,05-04 10:00:00+02:00,0.0,0.0,0.0,0.0,0.0,0.0
2963,05-04 11:00:00+02:00,0.0,0.0,0.0,0.0,0.0,0.0
2964,05-04 12:00:00+02:00,0.0,0.0,0.0,0.0,0.0,0.0
2965,05-04 13:00:00+02:00,0.0,0.0,0.0,0.0,0.0,0.0
2966,05-04 14:00:00+02:00,0.0,0.0,0.0,0.0,0.0,0.0
2967,05-04 15:00:00+02:00,0.0,0.0,0.0,0.0,0.0,0.0
2968,05-04 16:00:00+02:00,0.0,0.0,0.0,0.0,0.0,0.0
2969,05-04 17:00:00+02:00,0.0,0.0,0.0,0.0,0.0,0.0
2970,05-04 18:00:00+02:00,0.0,0.0,0.0,0.0,0.0,0.0
2971,05-04 19:00:00+02:00,0.0,0.0,0.0,0.0,0.0,0.0
2972,05-04 20:00:00+02:00,0.0,0.0,0.0,0.0,0.0,0.0
2973,05-04 21:00:00+02:00,0.0,0.0,0.0,0.0,0.0,0.0
2974,05-04 22:00:00+02:00,0.0,0.0,0.0,0.0,0.0,0.0
2975,05-04 23:00:00+02:00,0.0,0.0,0.0,0.0,0.0,0.0
2976,05-05 00:00:00+02:00,0.0,0.0,0.0,0.0,0.0,0.0
2977,05-05 01:00:00+02:00,0.0,0.0,0.0,0.0,0.0,0.0
2978,05-05 02:00:00+02:00,0.0,0.0,0.0,0.0,0.0,0.0
2979,05-05 03:00:00+02:00,0.0,0.0,0.0,0.0,0.0,0.0
2980,05-05 04:00:00+02:00,0.0,0.0,0.0,0.0,0.0,0.0
2981,05-05 05:00:00+02:00,0.0,0.0,0.0,0.0,0.0,0.0
2982,05-05 06:00:00+02:00,0.0,0.0,0.0,0.0,0.0,0.0
2983,05-05 07:00:00+02:00,0.0,0.0,0.0,0.0,0.0,0.0
2984,05-05 08:00:00+02:00,0.0,0.0,0.0,0.0,0.0,0.0
2985,05-05 09:00:00+02:00,0.0,0.0,0.0,0.0,0.0,0.0
2986,05-05 10:00:00+02:00,0.0,0.0,0.0,0.0,0.0,0.0
2987,05-05 11:00:00+02:00,0.0,0.0,0.0,0.0,0.0,0.0
2988,05-05 12:00:00+02:00,0.0,0.0,0.0,0.0,0.0,0.0
2989,05-05 13:00:00+02:00,0.0,0.0,0.0,0.0,0.0,0.0
2990,05-05 14:00:00+02:00,0.0,0.0,0.0,0.0,0.0,0.0
2991,05-05 15:00:00+02:00,0.0,0.0,0.0,0.0,0.0,0.0
2992,05-05 16:00:00+02:00,0.0,0.0,0.0,0.0,0.0,0.0
2993,05-05 17:00:00+02:00,0.0,0.0,0.0,0.0,0.0,0.0
2994,05-05 18:00:00+02:00,0.0,0.0,0.0,0.0,0.0,0.0
2995,05-05 19:00:00+02:00,0.0,0.0,0.0,0.0,0.0,0.0
2996,05-05 20:00:00+02:00,0.0,0.0,0.0,0.0,0.0,0.0
2997,05-05 21:00:00+02:00,0.0,0.0,0.0,0.0,0.0,0.0
2998,05-05 22:00:00+02:00,0.0,0.0,0.0,0.0,0.0,0.0
2999,05-05 23:00:00+02:00,0.0,0.0,0.0,0.0,0.0,0.0
3000,05-06 00:00:00+02:00,0.0,0.0,0.0,0.0,0.0,0.0
3001,05-06 01:00:00+02:00,0.0,0.0,0.0,0.0,0.0,0.0
3002,05-06 02:00:00+02:00,0.0,0.0,0.0,0.0,0.0,0.0
3003,05-06 03:00:00+02:00,0.0,0.0,0.0,0.0,0.0,0.0
3004,05-06 04:00:00+02:00,0.0,0.0,0.0,0.0,0.0,0.0
3005,05-06 05:00:00+02:00,0.0,0.0,0.0,0.0,0.0,0.0
3006,05-06 06:00:00+02:00,0.0,0.0,0.0,0.0,0.0,0.0
3007,05-06 07:00:00+02:00,0.0,0.0,0.0,0.0,0.0,0.0
3008,05-06 08:00:00+02:00,0.0,0.0,0.0,0.0,0.0,0.0
3009,05-06 09:00:00+02:00,0.0,0.0,0.0,0.0,0.0,0.0
3010,05-06 10:00:00+02:00,0.0,0.0,0.0,0.0,0.0,0.0
3011,05-06 11:00:00+02:00,0.0,0.0,0.0,0.0,0.0,0.0
3012,05-06 12:00:00+02:00,0.0,0.0,0.0,0.0,0.0,0.0
3013,05-06 13:00:00+02:00,0.0,0.0,0.0,0.0,0.0,0.0
3014,05-06 14:00:00+02:00,0.0,0.0,0.0,0.0,0.0,0.0
3015,05-06 15:00:00+02:00,0.0,0.0,0.0,0.0,0.0,0.0
3016,05-06 16:00:00+02:00,0.0,0.0,0.0,0.0,0.0,0.0
3017,05-06 17:00:00+02:00,0.0,0.0,0.0,0.0,0.0,0.0
3018,05-06 18:00:00+02:00,0.0,0.0,0.0,0.0,0.0,0.0
3019,05-06 19:00:00+02:00,0.0,0.0,0.0,0.0,0.0,0.0
3020,05-06 20:00:00+02:00,0.0,0.0,0.0,0.0,0.0,0.0
3021,05-06 21:00:00+02:00,0.0,0.0,0.0,0.0,0.0,0.0
3022,05-06 22:00:00+02:00,0.0,0.0,0.0,0.0,0.0,0.0
3023,05-06 23:00:00+02:00,0.0,0.0,0.0,0.0,0.0,0.0
3024,05-07 00:00:00+02:00,0.0,0.0,0.0,0.0,0.0,0.0
3025,05-07 01:00:00+02:00,0.0,0.0,0.0,0.0,0.0,0.0
3026,05-07 02:00:00+02:00,0.0,0.0,0.0,0.0,0.0,0.0
3027,05-07 03:00:00+02:00,0.0,0.0,0.0,0.0,0.0,0.0
3028,05-07 04:00:00+02:00,0.0,0.0,0.0,0.0,0.0,0.0
3029,05-07 05:00:00+02:00,0.0,0.0,0.0,0.0,0.0,0.0
3030,05-07 06:00:00+02:00,0.0,0.0,0.0,0.0,0.0,0.0
3031,05-07 07:00:00+02:00,0.0,0.0,0.0,0.0,0.0,0.0
3032,05-07 08:00:00+02:00,0.0,0.0,0.0,0.0,0.0,0.0
3033,05-07 09:00:00+02:00,0.0,0.0,0.0,0.0,0.0,0.0
3034,05-07 10:00:00+02:00,0.0,0.0,0.0,0.0,0.0,0.0
3035,05-07 11:00:00+02:00,0.0,0.0,0.0,0.0,0.0,0.0
3036,05-07 12:00:00+02:00,0.0,0.0,0.0,0.0,0.0,0.0
3037,05-07 13:00:00+02:00,0.0,0.0,0.0,0.0,0.0,0.0
3038,05-07 14:00:00+02:00,0.0,0.0,0.0,0.0,0.0,0.0
3039,05-07 15:00:00+02:00,0.0,0.0,0.0,0.0,0.0,0.0
3040,05-07 16:00:00+02:00,0.0,0.0,0.0,0.0,0.0,0.0
3041,05-07 17:00:00+02:00,0.0,0.0,0.0,0.0,0.0,0.0
3042,05-07 18:00:00+02:00,0.0,0.0,0.0,0.0,0.0,0.0
3043,05-07 19:00:00+02:00,0.0,0.0,0.0,0.0,0.0,0.0
3044,05-07 20:00:00+02:00,0.0,0.0,0.0,0.0,0.0,0.0
3045,05-07 21:00:00+02:00,0.0,0.0,0.0,0.0,0.0,0.0
3046,05-07 22:00:00+02:00,0.0,0.0,0.0,0.0,0.0,0.0
3047,05-07 23:00:00+02:00,0.0,0.0,0.0,0.0,0.0,0.0
3048,05-08 00:00:00+02:00,0.0,0.0,0.0,0.0,0.0,0.0
3049,05-08 01:00:00+02:00,0.0,0.0,0.0,0.0,0.0,0.0
3050,05-08 02:00:00+02:00,0.0,0.0,0.0,0.0,0.0,0.0
3051,05-08 03:00:00+02:00,0.0,0.0,0.0,0.0,0.0,0.0
3052,05-08 04:00:00+02:00,0.0,0.0,0.0,0.0,0.0,0.0
3053,05-08 05:00:00+02:00,0.0,0.0,0.0,0.0,0.0,0.0
3054,05-08 06:00:00+02:00,0.0,0.0,0.0,0.0,0.0,0.0
3055,05-08 07:00:00+02:00,0.0,0.0,0.0,0.0,0.0,0.0
3056,05-08 08:00:00+02:00,0.0,0.0,0.0,0.0,0.0,0.0
3057,05-08 09:00:00+02:00,0.0,0.0,0.0,0.0,0.0,0.0
3058,05-08 10:00:00+02:00,0.0,0.0,0.0,0.0,0.0,0.0
3059,05-08 11:00:00+02:00,0.0,0.0,0.0,0.0,0.0,0.0
3060,05-08 12:00:00+02:00,0.0,0.0,0.0,0.0,0.0,0.0
3061,05-08 13:00:00+02:00,0.0,0.0,0.0,0.0,0.0,0.0
3062,05-08 14:00:00+02:00,0.0,0.0,0.0,0.0,0.0,0.0
3063,05-08 15:00:00+02:00,0.0,0.0,0.0,0.0,0.0,0.0
3064,05-08 16:00:00+02:00,0.0,0.0,0.0,0.0,0.0,0.0
3065,05-08 17:00:00+02:00,0.0,0.0,0.0,0.0,0.0,0.0
3066,05-08 18:00:00+02:00,0.0,0.0,0.0,0.0,0.0,0.0
3067,05-08 19:00:00+02:00,0.0,0.0,0.0,0.0,0.0,0.0
3068,05-08 20:00:00+02:00,0.0,0.0,0.0,0.0,0.0,0.0
3069,05-08 21:00:00+02:00,0.0,0.0,0.0,0.0,0.0,0.0
3070,05-08 22:00:00+02:00,0.0,0.0,0.0,0.0,0.0,0.0
3071,05-08 23:00:00+02:00,0.0,0.0,0.0,0.0,0.0,0.0
3072,05-09 00:00:00+02:00,0.0,0.0,0.0,0.0,0.0,0.0
3073,05-09 01:00:00+02:00,0.0,0.0,0.0,0.0,0.0,0.0
3074,05-09 02:00:00+02:00,0.0,0.0,0.0,0.0,0.0,0.0
3075,05-09 03:00:00+02:00,0.0,0.0,0.0,0.0,0.0,0.0
3076,05-09 04:00:00+02:00,0.0,0.0,0.0,0.0,0.0,0.0
3077,05-09 05:00:00+02:00,0.0,0.0,0.0,0.0,0.0,0.0
3078,05-09 06:00:00+02:00,0.0,0.0,0.0,0.0,0.0,0.0
3079,05-09 07:00:00+02:00,0.0,0.0,0.0,0.0,0.0,0.0
3080,05-09 08:00:00+02:00,0.0,0.0,0.0,0.0,0.0,0.0
3081,05-09 09:00:00+02:00,0.0,0.0,0.0,0.0,0.0,0.0
3082,05-09 10:00:00+02:00,0.0,0.0,0.0,0.0,0.0,0.0
3083,05-09 11:00:00+02:00,0.0,0.0,0.0,0.0,0.0,0.0
3084,05-09 12:00:00+02:00,0.0,0.0,0.0,0.0,0.0,0.0
3085,05-09 13:00:00+02:00,0.0,0.0,0.0,0.0,0.0,0.0
3086,05-09 14:00:00+02:00,0.0,0.0,0.0,0.0,0.0,0.0
3087,05-09 15:00:00+02:00,0.0,0.0,0.0,0.0,0.0,0.0
3088,05-09 16:00:00+02:00,0.0,0.0,0.0,0.0,0.0,0.0
3089,05-09 17:00:00+02:00,0.0,0.0,0.0,0.0,0.0,0.0
3090,05-09 18:00:00+02:00,0.0,0.0,0.0,0.0,0.0,0.0
3091,05-09 19:00:00+02:00,0.0,0.0,0.0,0.0,0.0,0.0
3092,05-09 20:00:00+02:00,0.0,0.0,0.0,0.0,0.0,0.0
3093,05-09 21:00:00+02:00,0.0,0.0,0.0,0.0,0.0,0.0
3094,05-09 22:00:00+02:00,0.0,0.0,0.0,0.0,0.0,0.0
3095,05-09 23:00:00+02:00,0.0,0.0,0.0,0.0,0.0,0.0
3096,05-10 00:00:00+02:00,0.0,0.0,0.0,0.0,0.0,0.0
3097,05-10 01:00:00+02:00,0.0,0.0,0.0,0.0,0.0,0.0
3098,05-10 02:00:00+02:00,0.0,0.0,0.0,0.0,0.0,0.0
3099,05-10 03:00:00+02:00,0.0,0.0,0.0,0.0,0.0,0.0
3100,05-10 04:00:00+02:00,0.0,0.0,0.0,0.0,0.0,0.0
3101,05-10 05:00:00+02:00,0.0,0.0,0.0,0.0,0.0,0.0
3102,05-10 06:00:00+02:00,0.0,0.0,0.0,0.0,0.0,0.0
3103,05-10 07:00:00+02:00,0.0,0.0,0.0,0.0,0.0,0.0
3104,05-10 08:00:00+02:00,0.0,0.0,0.0,0.0,0.0,0.0
3105,05-10 09:00:00+02:00,0.0,0.0,0.0,0.0,0.0,0.0
3106,05-10 10:00:00+02:00,0.0,0.0,0.0,0.0,0.0,0.0
3107,05-10 11:00:00+02:00,0.0,0.0,0.0,0.0,0.0,0.0
3108,05-10 12:00:00+02:00,0.0,0.0,0.0,0.0,0.0,0.0
3109,05-10 13:00:00+02:00,0.0,0.0,0.0,0.0,0.0,0.0
3110,05-10 14:00:00+02:00,0.0,0.0,0.0,0.0,0.0,0.0
3111,05-10 15:00:00+02:00,0.0,0.0,0.0,0.0,0.0,0.0
3112,05-10 16:00:00+02:00,0.0,0.0,0.0,0.0,0.0,0.0
3113,05-10 17:00:00+02:00,0.0,0.0,0.0,0.0,0.0,0.0
3114,05-10 18:00:00+02:00,0.0,0.0,0.0,0.0,0.0,0.0
3115,05-10 19:00:00+02:00,0.0,0.0,0.0,0.0,0.0,0.0
3116,05-10 20:00:00+02:00,0.0,0.0,0.0,0.0,0.0,0.0
3117,05-10 21:00:00+02:00,0.0,0.0,0.0,0.0,0.0,0.0
3118,05-10 22:00:00+02:00,0.0,0.0,0.0,0.0,0.0,0.0
3119,05-10 23:00:00+02:00,0.0,0.0,0.0,0.0,0.0,0.0
3120,05-11 00:00:00+02:00,0.0,0.0,0.0,0.0,0.0,0.0
3121,05-11 01:00:00+02:00,0.0,0.0,0.0,0.0,0.0,0.0
3122,05-11 02:00:00+02:00,0.0,0.0,0.0,0.0,0.0,0.0
3123,05-11 03:00:00+02:00,0.0,0.0,0.0,0.0,0.0,0.0
3124,05-11 04:00:00+02:00,0.0,0.0,0.0,0.0,0.0,0.0
3125,05-11 05:00:00+02:00,0.0,0.0,0.0,0.0,0.0,0.0
3126,05-11 06:00:00+02:00,0.0,0.0,0.0,0.0,0.0,0.0
3127,05-11 07:00:00+02:00,0.0,0.0,0.0,0.0,0.0,0.0
3128,05-11 08:00:00+02:00,0.0,0.0,0.0,0.0,0.0,0.0
3129,05-11 09:00:00+02:00,0.0,0.0,0.0,0.0,0.0,0.0
3130,05-11 10:00:00+02:00,0.0,0.0,0.0,0.0,0.0,0.0
3131,05-11 11:00:00+02:00,0.0,0.0,0.0,0.0,0.0,0.0
3132,05-11 12:00:00+02:00,0.0,0.0,0.0,0.0,0.0,0.0
3133,05-11 13:00:00+02:00,0.0,0.0,0.0,0.0,0.0,0.0
3134,05-11 14:00:00+02:00,0.0,0.0,0.0,0.0,0.0,0.0
3135,05-11 15:00:00+02:00,0.0,0.0,0.0,0.0,0.0,0.0
3136,05-11 16:00:00+02:00,0.0,0.0,0.0,0.0,0.0,0.0
3137,05-11 17:00:00+02:00,0.0,0.0,0.0,0.0,0.0,0.0
3138,05-11 18:00:00+02:00,0.0,0.0,0.0,0.0,0.0,0.0
3139,05-11 19:00:00+02:00,0.0,0.0,0.0,0.0,0.0,0.0
3140,05-11 20:00:00+02:00,0.0,0.0,0.0,0.0,0.0,0.0
3141,05-11 21:00:00+02:00,0.0,0.0,0.0,0.0,0.0,0.0
3142,05-11 22:00:00+02:00,0.0,0.0,0.0,0.0,0.0,0.0
3143,05-11 23:00:00+02:00,0.0,0.0,0.0,0.0,0.0,0.0
3144,05-12 00:00:00+02:00,0.0,0.0,0.0,0.0,0.0,0.0
3145,05-12 01:00:00+02:00,0.0,0.0,0.0,0.0,0.0,0.0
3146,05-12 02:00:00+02:00,0.0,0.0,0.0,0.0,0.0,0.0
3147,05-12 03:00:00+02:00,0.0,0.0,0.0,0.0,0.0,0.0
3148,05-12 04:00:00+02:00,0.0,0.0,0.0,0.0,0.0,0.0
3149,05-12 05:00:00+02:00,0.0,0.0,0.0,0.0,0.0,0.0
3150,05-12 06:00:00+02:00,0.0,0.0,0.0,0.0,0.0,0.0
3151,05-12 07:00:00+02:00,0.0,0.0,0.0,0.0,0.0,0.0
3152,05-12 08:00:00+02:00,0.0,0.0,0.0,0.0,0.0,0.0
3153,05-12 09:00:00+02:00,0.0,0.0,0.0,0.0,0.0,0.0
3154,05-12 10:00:00+02:00,0.0,0.0,0.0,0.0,0.0,0.0
3155,05-12 11:00:00+02:00,0.0,0.0,0.0,0.0,0.0,0.0
3156,05-12 12:00:00+02:00,0.0,0.0,0.0,0.0,0.0,0.0
3157,05-12 13:00:00+02:00,0.0,0.0,0.0,0.0,0.0,0.0
3158,05-12 14:00:00+02:00,0.0,0.0,0.0,0.0,0.0,0.0
3159,05-12 15:00:00+02:00,0.0,0.0,0.0,0.0,0.0,0.0
3160,05-12 16:00:00+02:00,0.0,0.0,0.0,0.0,0.0,0.0
3161,05-12 17:00:00+02:00,0.0,0.0,0.0,0.0,0.0,0.0
3162,05-12 18:00:00+02:00,0.0,0.0,0.0,0.0,0.0,0.0
3163,05-12 19:00:00+02:00,0.0,0.0,0.0,0.0,0.0,0.0
3164,05-12 20:00:00+02:00,0.0,0.0,0.0,0.0,0.0,0.0
3165,05-12 21:00:00+02:00,0.0,0.0,0.0,0.0,0.0,0.0
3166,05-12 22:00:00+02:00,0.0,0.0,0.0,0.0,0.0,0.0
3167,05-12 23:00:00+02:00,0.0,0.0,0.0,0.0,0.0,0.0
3168,05-13 00:00:00+02:00,0.0,0.0,0.0,0.0,0.0,0.0
3169,05-13 01:00:00+02:00,0.0,0.0,0.0,0.0,0.0,0.0
3170,05-13 02:00:00+02:00,0.0,0.0,0.0,0.0,0.0,0.0
3171,05-13 03:00:00+02:00,0.0,0.0,0.0,0.0,0.0,0.0
3172,05-13 04:00:00+02:00,0.0,0.0,0.0,0.0,0.0,0.0
3173,05-13 05:00:00+02:00,0.0,0.0,0.0,0.0,0.0,0.0
3174,05-13 06:00:00+02:00,0.0,0.0,0.0,0.0,0.0,0.0
3175,05-13 07:00:00+02:00,0.0,0.0,0.0,0.0,0.0,0.0
3176,05-13 08:00:00+02:00,0.0,0.0,0.0,0.0,0.0,0.0
3177,05-13 09:00:00+02:00,0.0,0.0,0.0,0.0,0.0,0.0
3178,05-13 10:00:00+02:00,0.0,0.0,0.0,0.0,0.0,0.0
3179,05-13 11:00:00+02:00,0.0,0.0,0.0,0.0,0.0,0.0
3180,05-13 12:00:00+02:00,0.0,0.0,0.0,0.0,0.0,0.0
3181,05-13 13:00:00+02:00,0.0,0.0,0.0,0.0,0.0,0.0
3182,05-13 14:00:00+02:00,0.0,0.0,0.0,0.0,0.0,0.0
3183,05-13 15:00:00+02:00,0.0,0.0,0.0,0.0,0.0,0.0
3184,05-13 16:00:00+02:00,0.0,0.0,0.0,0.0,0.0,0.0
3185,05-13 17:00:00+02:00,0.0,0.0,0.0,0.0,0.0,0.0
3186,05-13 18:00:00+02:00,0.0,0.0,0.0,0.0,0.0,0.0
3187,05-13 19:00:00+02:00,0.0,0.0,0.0,0.0,0.0,0.0
3188,05-13 20:00:00+02:00,0.0,0.0,0.0,0.0,0.0,0.0
3189,05-13 21:00:00+02:00,0.0,0.0,0.0,0.0,0.0,0.0
3190,05-13 22:00:00+02:00,0.0,0.0,0.0,0.0,0.0,0.0
3191,05-13 23:00:00+02:00,0.0,0.0,0.0,0.0,0.0,0.0
3192,05-14 00:00:00+02:00,0.0,0.0,0.0,0.0,0.0,0.0
3193,05-14 01:00:00+02:00,0.0,0.0,0.0,0.0,0.0,0.0
3194,05-14 02:00:00+02:00,0.0,0.0,0.0,0.0,0.0,0.0
3195,05-14 03:00:00+02:00,0.0,0.0,0.0,0.0,0.0,0.0
3196,05-14 04:00:00+02:00,0.0,0.0,0.0,0.0,0.0,0.0
3197,05-14 05:00:00+02:00,0.0,0.0,0.0,0.0,0.0,0.0
3198,05-14 06:00:00+02:00,0.0,0.0,0.0,0.0,0.0,0.0
3199,05-14 07:00:00+02:00,0.0,0.0,0.0,0.0,0.0,0.0
3200,05-14 08:00:00+02:00,0.0,0.0,0.0,0.0,0.0,0.0
3201,05-14 09:00:00+02:00,0.0,0.0,0.0,0.0,0.0,0.0
3202,05-14 10:00:00+02:00,0.0,0.0,0.0,0.0,0.0,0.0
3203,05-14 11:00:00+02:00,0.0,0.0,0.0,0.0,0.0,0.0
3204,05-14 12:00:00+02:00,0.0,0.0,0.0,0.0,0.0,0.0
3205,05-14 13:00:00+02:00,0.0,0.0,0.0,0.0,0.0,0.0
3206,05-14 14:00:00+02:00,0.0,0.0,0.0,0.0,0.0,0.0
3207,05-14 15:00:00+02:00,0.0,0.0,0.0,0.0,0.0,0.0
3208,05-14 16:00:00+02:00,0.0,0.0,0.0,0.0,0.0,0.0
3209,05-14 17:00:00+02:00,0.0,0.0,0.0,0.0,0.0,0.0
3210,05-14 18:00:00+02:00,0.0,0.0,0.0,0.0,0.0,0.0
3211,05-14 19:00:00+02:00,0.0,0.0,0.0,0.0,0.0,0.0
3212,05-14 20:00:00+02:00,0.0,0.0,0.0,0.0,0.0,0.0
3213,05-14 21:00:00+02:00,0.0,0.0,0.0,0.0,0.0,0.0
3214,05-14 22:00:00+02:00,0.0,0.0,0.0,0.0,0.0,0.0
3215,05-14 23:00:00+02:00,0.0,0.0,0.0,0.0,0.0,0.0
3216,05-15 00:00:00+02:00,0.0,0.0,0.0,0.0,0.0,0.0
3217,05-15 01:00:00+02:00,0.0,0.0,0.0,0.0,0.0,0.0
3218,05-15 02:00:00+02:00,0.0,0.0,0.0,0.0,0.0,0.0
3219,05-15 03:00:00+02:00,0.0,0.0,0.0,0.0,0.0,0.0
3220,05-15 04:00:00+02:00,0.0,0.0,0.0,0.0,0.0,0.0
3221,05-15 05:00:00+02:00,0.0,0.0,0.0,0.0,0.0,0.0
3222,05-15 06:00:00+02:00,0.0,0.0,0.0,0.0,0.0,0.0
3223,05-15 07:00:00+02:00,0.0,0.0,0.0,0.0,0.0,0.0
3224,05-15 08:00:00+02:00,0.0,0.0,0.0,0.0,0.0,0.0
3225,05-15 09:00:00+02:00,0.0,0.0,0.0,0.0,0.0,0.0
3226,05-15 10:00:00+02:00,0.0,0.0,0.0,0.0,0.0,0.0
3227,05-15 11:00:00+02:00,0.0,0.0,0.0,0.0,0.0,0.0
3228,05-15 12:00:00+02:00,0.0,0.0,0.0,0.0,0.0,0.0
3229,05-15 13:00:00+02:00,0.0,0.0,0.0,0.0,0.0,0.0
3230,05-15 14:00:00+02:00,0.0,0.0,0.0,0.0,0.0,0.0
3231,05-15 15:00:00+02:00,0.0,0.0,0.0,0.0,0.0,0.0
3232,05-15 16:00:00+02:00,0.0,0.0,0.0,0.0,0.0,0.0
3233,05-15 17:00:00+02:00,0.0,0.0,0.0,0.0,0.0,0.0
3234,05-15 18:00:00+02:00,0.0,0.0,0.0,0.0,0.0,0.0
3235,05-15 19:00:00+02:00,0.0,0.0,0.0,0.0,0.0,0.0
3236,05-15 20:00:00+02:00,0.0,0.0,0.0,0.0,0.0,0.0
3237,05-15 21:00:00+02:00,0.0,0.0,0.0,0.0,0.0,0.0
3238,05-15 22:00:00+02:00,0.0,0.0,0.0,0.0,0.0,0.0
3239,05-15 23:00:00+02:00,0.0,0.0,0.0,0.0,0.0,0.0
3240,05-16 00:00:00+02:00,0.0,0.0,0.0,0.0,0.0,0.0
3241,05-16 01:00:00+02:00,0.0,0.0,0.0,0.0,0.0,0.0
3242,05-16 02:00:00+02:00,0.0,0.0,0.0,0.0,0.0,0.0
3243,05-16 03:00:00+02:00,0.0,0.0,0.0,0.0,0.0,0.0
3244,05-16 04:00:00+02:00,0.0,0.0,0.0,0.0,0.0,0.0
3245,05-16 05:00:00+02:00,0.0,0.0,0.0,0.0,0.0,0.0
3246,05-16 06:00:00+02:00,0.0,0.0,0.0,0.0,0.0,0.0
3247,05-16 07:00:00+02:00,0.0,0.0,0.0,0.0,0.0,0.0
3248,05-16 08:00:00+02:00,0.0,0.0,0.0,0.0,0.0,0.0
3249,05-16 09:00:00+02:00,0.0,0.0,0.0,0.0,0.0,0.0
3250,05-16 10:00:00+02:00,0.0,0.0,0.0,0.0,0.0,0.0
3251,05-16 11:00:00+02:00,0.0,0.0,0.0,0.0,0.0,0.0
3252,05-16 12:00:00+02:00,0.0,0.0,0.0,0.0,0.0,0.0
3253,05-16 13:00:00+02:00,0.0,0.0,0.0,0.0,0.0,0.0
3254,05-16 14:00:00+02:00,0.0,0.0,0.0,0.0,0.0,0.0
3255,05-16 15:00:00+02:00,0.0,0.0,0.0,0.0,0.0,0.0
3256,05-16 16:00:00+02:00,0.0,0.0,0.0,0.0,0.0,0.0
3257,05-16 17:00:00+02:00,0.0,0.0,0.0,0.0,0.0,0.0
3258,05-16 18:00:00+02:00,0.0,0.0,0.0,0.0,0.0,0.0
3259,05-16 19:00:00+02:00,0.0,0.0,0.0,0.0,0.0,0.0
3260,05-16 20:00:00+02:00,0.0,0.0,0.0,0.0,0.0,0.0
3261,05-16 21:00:00+02:00,0.0,0.0,0.0,0.0,0.0,0.0
3262,05-16 22:00:00+02:00,0.0,0.0,0.0,0.0,0.0,0.0
3263,05-16 23:00:00+02:00,0.0,0.0,0.0,0.0,0.0,0.0
3264,05-17 00:00:00+02:00,0.0,0.0,0.0,0.0,0.0,0.0
3265,05-17 01:00:00+02:00,0.0,0.0,0.0,0.0,0.0,0.0
3266,05-17 02:00:00+02:00,0.0,0.0,0.0,0.0,0.0,0.0
3267,05-17 03:00:00+02:00,0.0,0.0,0.0,0.0,0.0,0.0
3268,05-17 04:00:00+02:00,0.0,0.0,0.0,0.0,0.0,0.0
3269,05-17 05:00:00+02:00,0.0,0.0,0.0,0.0,0.0,0.0
3270,05-17 06:00:00+02:00,0.0,0.0,0.0,0.0,0.0,0.0
3271,05-17 07:00:00+02:00,0.0,0.0,0.0,0.0,0.0,0.0
3272,05-17 08:00:00+02:00,0.0,0.0,0.0,0.0,0.0,0.0
3273,05-17 09:00:00+02:00,0.0,0.0,0.0,0.0,0.0,0.0
3274,05-17 10:00:00+02:00,0.0,0.0,0.0,0.0,0.0,0.0
3275,05-17 11:00:00+02:00,0.0,0.0,0.0,0.0,0.0,0.0
3276,05-17 12:00:00+02:00,0.0,0.0,0.0,0.0,0.0,0.0
3277,05-17 13:00:00+02:00,0.0,0.0,0.0,0.0,0.0,0.0
3278,05-17 14:00:00+02:00,0.0,0.0,0.0,0.0,0.0,0.0
3279,05-17 15:00:00+02:00,0.0,0.0,0.0,0.0,0.0,0.0
3280,05-17 16:00:00+02:00,0.0,0.0,0.0,0.0,0.0,0.0
3281,05-17 17:00:00+02:00,0.0,0.0,0.0,0.0,0.0,0.0
3282,05-17 18:00:00+02:00,0.0,0.0,0.0,0.0,0.0,0.0
3283,05-17 19:00:00+02:00,0.0,0.0,0.0,0.0,0.0,0.0
3284,05-17 20:00:00+02:00,0.0,0.0,0.0,0.0,0.0,0.0
3285,05-17 21:00:00+02:00,0.0,0.0,0.0,0.0,0.0,0.0
3286,05-17 22:00:00+02:00,0.0,0.0,0.0,0.0,0.0,0.0
3287,05-17 23:00:00+02:00,0.0,0.0,0.0,0.0,0.0,0.0
3288,05-18 00:00:00+02:00,0.0,0.0,0.0,0.0,0.0,0.0
3289,05-18 01:00:00+02:00,0.0,0.0,0.0,0.0,0.0,0.0
3290,05-18 02:00:00+02:00,0.0,0.0,0.0,0.0,0.0,0.0
3291,05-18 03:00:00+02:00,0.0,0.0,0.0,0.0,0.0,0.0
3292,05-18 04:00:00+02:00,0.0,0.0,0.0,0.0,0.0,0.0
3293,05-18 05:00:00+02:00,0.0,0.0,0.0,0.0,0.0,0.0
3294,05-18 06:00:00+02:00,0.0,0.0,0.0,0.0,0.0,0.0
3295,05-18 07:00:00+02:00,0.0,0.0,0.0,0.0,0.0,0.0
3296,05-18 08:00:00+02:00,0.0,0.0,0.0,0.0,0.0,0.0
3297,05-18 09:00:00+02:00,0.0,0.0,0.0,0.0,0.0,0.0
3298,05-18 10:00:00+02:00,0.0,0.0,0.0,0.0,0.0,0.0
3299,05-18 11:00:00+02:00,0.0,0.0,0.0,0.0,0.0,0.0
3300,05-18 12:00:00+02:00,0.0,0.0,0.0,0.0,0.0,0.0
3301,05-18 13:00:00+02:00,0.0,0.0,0.0,0.0,0.0,0.0
3302,05-18 14:00:00+02:00,0.0,0.0,0.0,0.0,0.0,0.0
3303,05-18 15:00:00+02:00,0.0,0.0,0.0,0.0,0.0,0.0
3304,05-18 16:00:00+02:00,0.0,0.0,0.0,0.0,0.0,0.0
3305,05-18 17:00:00+02:00,0.0,0.0,0.0,0.0,0.0,0.0
3306,05-18 18:00:00+02:00,0.0,0.0,0.0,0.0,0.0,0.0
3307,05-18 19:00:00+02:00,0.0,0.0,0.0,0.0,0.0,0.0
3308,05-18 20:00:00+02:00,0.0,0.0,0.0,0.0,0.0,0.0
3309,05-18 21:00:00+02:00,0.0,0.0,0.0,0.0,0.0,0.0
3310,05-18 22:00:00+02:00,0.0,0.0,0.0,0.0,0.0,0.0
3311,05-18 23:00:00+02:00,0.0,0.0,0.0,0.0,0.0,0.0
3312,05-19 00:00:00+02:00,0.0,0.0,0.0,0.0,0.0,0.0
3313,05-19 01:00:00+02:00,0.0,0.0,0.0,0.0,0.0,0.0
3314,05-19 02:00:00+02:00,0.0,0.0,0.0,0.0,0.0,0.0
3315,05-19 03:00:00+02:00,0.0,0.0,0.0,0.0,0.0,0.0
3316,05-19 04:00:00+02:00,0.0,0.0,0.0,0.0,0.0,0.0
3317,05-19 05:00:00+02:00,0.0,0.0,0.0,0.0,0.0,0.0
3318,05-19 06:00:00+02:00,0.0,0.0,0.0,0.0,0.0,0.0
3319,05-19 07:00:00+02:00,0.0,0.0,0.0,0.0,0.0,0.0
3320,05-19 08:00:00+02:00,0.0,0.0,0.0,0.0,0.0,0.0
3321,05-19 09:00:00+02:00,0.0,0.0,0.0,0.0,0.0,0.0
3322,05-19 10:00:00+02:00,0.0,0.0,0.0,0.0,0.0,0.0
3323,05-19 11:00:00+02:00,0.0,0.0,0.0,0.0,0.0,0.0
3324,05-19 12:00:00+02:00,0.0,0.0,0.0,0.0,0.0,0.0
3325,05-19 13:00:00+02:00,0.0,0.0,0.0,0.0,0.0,0.0
3326,05-19 14:00:00+02:00,0.0,0.0,0.0,0.0,0.0,0.0
3327,05-19 15:00:00+02:00,0.0,0.0,0.0,0.0,0.0,0.0
3328,05-19 16:00:00+02:00,0.0,0.0,0.0,0.0,0.0,0.0
3329,05-19 17:00:00+02:00,0.0,0.0,0.0,0.0,0.0,0.0
3330,05-19 18:00:00+02:00,0.0,0.0,0.0,0.0,0.0,0.0
3331,05-19 19:00:00+02:00,0.0,0.0,0.0,0.0,0.0,0.0
3332,05-19 20:00:00+02:00,0.0,0.0,0.0,0.0,0.0,0.0
3333,05-19 21:00:00+02:00,0.0,0.0,0.0,0.0,0.0,0.0
3334,05-19 22:00:00+02:00,0.0,0.0,0.0,0.0,0.0,0.0
3335,05-19 23:00:00+02:00,0.0,0.0,0.0,0.0,0.0,0.0
3336,05-20 00:00:00+02:00,0.0,0.0,0.0,0.0,0.0,0.0
3337,05-20 01:00:00+02:00,0.0,0.0,0.0,0.0,0.0,0.0
3338,05-20 02:00:00+02:00,0.0,0.0,0.0,0.0,0.0,0.0
3339,05-20 03:00:00+02:00,0.0,0.0,0.0,0.0,0.0,0.0
3340,05-20 04:00:00+02:00,0.0,0.0,0.0,0.0,0.0,0.0
3341,05-20 05:00:00+02:00,0.0,0.0,0.0,0.0,0.0,0.0
3342,05-20 06:00:00+02:00,0.0,0.0,0.0,0.0,0.0,0.0
3343,05-20 07:00:00+02:00,0.0,0.0,0.0,0.0,0.0,0.0
3344,05-20 08:00:00+02:00,0.0,0.0,0.0,0.0,0.0,0.0
3345,05-20 09:00:00+02:00,0.0,0.0,0.0,0.0,0.0,0.0
3346,05-20 10:00:00+02:00,0.0,0.0,0.0,0.0,0.0,0.0
3347,05-20 11:00:00+02:00,0.0,0.0,0.0,0.0,0.0,0.0
3348,05-20 12:00:00+02:00,0.0,0.0,0.0,0.0,0.0,0.0
3349,05-20 13:00:00+02:00,0.0,0.0,0.0,0.0,0.0,0.0
3350,05-20 14:00:00+02:00,0.0,0.0,0.0,0.0,0.0,0.0
3351,05-20 15:00:00+02:00,0.0,0.0,0.0,0.0,0.0,0.0
3352,05-20 16:00:00+02:00,0.0,0.0,0.0,0.0,0.0,0.0
3353,05-20 17:00:00+02:00,0.0,0.0,0.0,0.0,0.0,0.0
3354,05-20 18:00:00+02:00,0.0,0.0,0.0,0.0,0.0,0.0
3355,05-20 19:00:00+02:00,0.0,0.0,0.0,0.0,0.0,0.0
3356,05-20 20:00:00+02:00,0.0,0.0,0.0,0.0,0.0,0.0
3357,05-20 21:00:00+02:00,0.0,0.0,0.0,0.0,0.0,0.0
3358,05-20 22:00:00+02:00,0.0,0.0,0.0,0.0,0.0,0.0
3359,05-20 23:00:00+02:00,0.0,0.0,0.0,0.0,0.0,0.0
3360,05-21 00:00:00+02:00,0.0,0.0,0.0,0.0,0.0,0.0
3361,05-21 01:00:00+02:00,0.0,0.0,0.0,0.0,0.0,0.0
3362,05-21 02:00:00+02:00,0.0,0.0,0.0,0.0,0.0,0.0
3363,05-21 03:00:00+02:00,0.0,0.0,0.0,0.0,0.0,0.0
3364,05-21 04:00:00+02:00,0.0,0.0,0.0,0.0,0.0,0.0
3365,05-21 05:00:00+02:00,0.0,0.0,0.0,0.0,0.0,0.0
3366,05-21 06:00:00+02:00,0.0,0.0,0.0,0.0,0.0,0.0
3367,05-21 07:00:00+02:00,0.0,0.0,0.0,0.0,0.0,0.0
3368,05-21 08:00:00+02:00,0.0,0.0,0.0,0.0,0.0,0.0
3369,05-21 09:00:00+02:00,0.0,0.0,0.0,0.0,0.0,0.0
3370,05-21 10:00:00+02:00,0.0,0.0,0.0,0.0,0.0,0.0
3371,05-21 11:00:00+02:00,0.0,0.0,0.0,0.0,0.0,0.0
3372,05-21 12:00:00+02:00,0.0,0.0,0.0,0.0,0.0,0.0
3373,05-21 13:00:00+02:00,0.0,0.0,0.0,0.0,0.0,0.0
3374,05-21 14:00:00+02:00,0.0,0.0,0.0,0.0,0.0,0.0
3375,05-21 15:00:00+02:00,0.0,0.0,0.0,0.0,0.0,0.0
3376,05-21 16:00:00+02:00,0.0,0.0,0.0,0.0,0.0,0.0
3377,05-21 17:00:00+02:00,0.0,0.0,0.0,0.0,0.0,0.0
3378,05-21 18:00:00+02:00,0.0,0.0,0.0,0.0,0.0,0.0
3379,05-21 19:00:00+02:00,0.0,0.0,0.0,0.0,0.0,0.0
3380,05-21 20:00:00+02:00,0.0,0.0,0.0,0.0,0.0,0.0
3381,05-21 21:00:00+02:00,0.0,0.0,0.0,0.0,0.0,0.0
3382,05-21 22:00:00+02:00,0.0,0.0,0.0,0.0,0.0,0.0
3383,05-21 23:00:00+02:00,0.0,0.0,0.0,0.0,0.0,0.0
3384,05-22 00:00:00+02:00,0.0,0.0,0.0,0.0,0.0,0.0
3385,05-22 01:00:00+02:00,0.0,0.0,0.0,0.0,0.0,0.0
3386,05-22 02:00:00+02:00,0.0,0.0,0.0,0.0,0.0,0.0
3387,05-22 03:00:00+02:00,0.0,0.0,0.0,0.0,0.0,0.0
3388,05-22 04:00:00+02:00,0.0,0.0,0.0,0.0,0.0,0.0
3389,05-22 05:00:00+02:00,0.0,0.0,0.0,0.0,0.0,0.0
3390,05-22 06:00:00+02:00,0.0,0.0,0.0,0.0,0.0,0.0
3391,05-22 07:00:00+02:00,0.0,0.0,0.0,0.0,0.0,0.0
3392,05-22 08:00:00+02:00,0.0,0.0,0.0,0.0,0.0,0.0
3393,05-22 09:00:00+02:00,0.0,0.0,0.0,0.0,0.0,0.0
3394,05-22 10:00:00+02:00,0.0,0.0,0.0,0.0,0.0,0.0
3395,05-22 11:00:00+02:00,0.0,0.0,0.0,0.0,0.0,0.0
3396,05-22 12:00:00+02:00,0.0,0.0,0.0,0.0,0.0,0.0
3397,05-22 13:00:00+02:00,0.0,0.0,0.0,0.0,0.0,0.0
3398,05-22 14:00:00+02:00,0.0,0.0,0.0,0.0,0.0,0.0
3399,05-22 15:00:00+02:00,0.0,0.0,0.0,0.0,0.0,0.0
3400,05-22 16:00:00+02:00,0.0,0.0,0.0,0.0,0.0,0.0
3401,05-22 17:00:00+02:00,0.0,0.0,0.0,0.0,0.0,0.0
3402,05-22 18:00:00+02:00,0.0,0.0,0.0,0.0,0.0,0.0
3403,05-22 19:00:00+02:00,0.0,0.0,0.0,0.0,0.0,0.0
3404,05-22 20:00:00+02:00,0.0,0.0,0.0,0.0,0.0,0.0
3405,05-22 21:00:00+02:00,0.0,0.0,0.0,0.0,0.0,0.0
3406,05-22 22:00:00+02:00,0.0,0.0,0.0,0.0,0.0,0.0
3407,05-22 23:00:00+02:00,0.0,0.0,0.0,0.0,0.0,0.0
3408,05-23 00:00:00+02:00,0.0,0.0,0.0,0.0,0.0,0.0
3409,05-23 01:00:00+02:00,0.0,0.0,0.0,0.0,0.0,0.0
3410,05-23 02:00:00+02:00,0.0,0.0,0.0,0.0,0.0,0.0
3411,05-23 03:00:00+02:00,0.0,0.0,0.0,0.0,0.0,0.0
3412,05-23 04:00:00+02:00,0.0,0.0,0.0,0.0,0.0,0.0
3413,05-23 05:00:00+02:00,0.0,0.0,0.0,0.0,0.0,0.0
3414,05-23 06:00:00+02:00,0.0,0.0,0.0,0.0,0.0,0.0
3415,05-23 07:00:00+02:00,0.0,0.0,0.0,0.0,0.0,0.0
3416,05-23 08:00:00+02:00,0.0,0.0,0.0,0.0,0.0,0.0
3417,05-23 09:00:00+02:00,0.0,0.0,0.0,0.0,0.0,0.0
3418,05-23 10:00:00+02:00,0.0,0.0,0.0,0.0,0.0,0.0
3419,05-23 11:00:00+02:00,0.0,0.0,0.0,0.0,0.0,0.0
3420,05-23 12:00:00+02:00,0.0,0.0,0.0,0.0,0.0,0.0
3421,05-23 13:00:00+02:00,0.0,0.0,0.0,0.0,0.0,0.0
3422,05-23 14:00:00+02:00,0.0,0.0,0.0,0.0,0.0,0.0
3423,05-23 15:00:00+02:00,0.0,0.0,0.0,0.0,0.0,0.0
3424,05-23 16:00:00+02:00,0.0,0.0,0.0,0.0,0.0,0.0
3425,05-23 17:00:00+02:00,0.0,0.0,0.0,0.0,0.0,0.0
3426,05-23 18:00:00+02:00,0.0,0.0,0.0,0.0,0.0,0.0
3427,05-23 19:00:00+02:00,0.0,0.0,0.0,0.0,0.0,0.0
3428,05-23 20:00:00+02:00,0.0,0.0,0.0,0.0,0.0,0.0
3429,05-23 21:00:00+02:00,0.0,0.0,0.0,0.0,0.0,0.0
3430,05-23 22:00:00+02:00,0.0,0.0,0.0,0.0,0.0,0.0
3431,05-23 23:00:00+02:00,0.0,0.0,0.0,0.0,0.0,0.0
3432,05-24 00:00:00+02:00,0.0,0.0,0.0,0.0,0.0,0.0
3433,05-24 01:00:00+02:00,0.0,0.0,0.0,0.0,0.0,0.0
3434,05-24 02:00:00+02:00,0.0,0.0,0.0,0.0,0.0,0.0
3435,05-24 03:00:00+02:00,0.0,0.0,0.0,0.0,0.0,0.0
3436,05-24 04:00:00+02:00,0.0,0.0,0.0,0.0,0.0,0.0
3437,05-24 05:00:00+02:00,0.0,0.0,0.0,0.0,0.0,0.0
3438,05-24 06:00:00+02:00,0.0,0.0,0.0,0.0,0.0,0.0
3439,05-24 07:00:00+02:00,0.0,0.0,0.0,0.0,0.0,0.0
3440,05-24 08:00:00+02:00,0.0,0.0,0.0,0.0,0.0,0.0
3441,05-24 09:00:00+02:00,0.0,0.0,0.0,0.0,0.0,0.0
3442,05-24 10:00:00+02:00,0.0,0.0,0.0,0.0,0.0,0.0
3443,05-24 11:00:00+02:00,0.0,0.0,0.0,0.0,0.0,0.0
3444,05-24 12:00:00+02:00,0.0,0.0,0.0,0.0,0.0,0.0
3445,05-24 13:00:00+02:00,0.0,0.0,0.0,0.0,0.0,0.0
3446,05-24 14:00:00+02:00,0.0,0.0,0.0,0.0,0.0,0.0
3447,05-24 15:00:00+02:00,0.0,0.0,0.0,0.0,0.0,0.0
3448,05-24 16:00:00+02:00,0.0,0.0,0.0,0.0,0.0,0.0
3449,05-24 17:00:00+02:00,0.0,0.0,0.0,0.0,0.0,0.0
3450,05-24 18:00:00+02:00,0.0,0.0,0.0,0.0,0.0,0.0
3451,05-24 19:00:00+02:00,0.0,0.0,0.0,0.0,0.0,0.0
3452,05-24 20:00:00+02:00,0.0,0.0,0.0,0.0,0.0,0.0
3453,05-24 21:00:00+02:00,0.0,0.0,0.0,0.0,0.0,0.0
3454,05-24 22:00:00+02:00,0.0,0.0,0.0,0.0,0.0,0.0
3455,05-24 23:00:00+02:00,0.0,0.0,0.0,0.0,0.0,0.0
3456,05-25 00:00:00+02:00,0.0,0.0,0.0,0.0,0.0,0.0
3457,05-25 01:00:00+02:00,0.0,0.0,0.0,0.0,0.0,0.0
3458,05-25 02:00:00+02:00,0.0,0.0,0.0,0.0,0.0,0.0
3459,05-25 03:00:00+02:00,0.0,0.0,0.0,0.0,0.0,0.0
3460,05-25 04:00:00+02:00,0.0,0.0,0.0,0.0,0.0,0.0
3461,05-25 05:00:00+02:00,0.0,0.0,0.0,0.0,0.0,0.0
3462,05-25 06:00:00+02:00,0.0,0.0,0.0,0.0,0.0,0.0
3463,05-25 07:00:00+02:00,0.0,0.0,0.0,0.0,0.0,0.0
3464,05-25 08:00:00+02:00,0.0,0.0,0.0,0.0,0.0,0.0
3465,05-25 09:00:00+02:00,0.0,0.0,0.0,0.0,0.0,0.0
3466,05-25 10:00:00+02:00,0.0,0.0,0.0,0.0,0.0,0.0
3467,05-25 11:00:00+02:00,0.0,0.0,0.0,0.0,0.0,0.0
3468,05-25 12:00:00+02:00,0.0,0.0,0.0,0.0,0.0,0.0
3469,05-25 13:00:00+02:00,0.0,0.0,0.0,0.0,0.0,0.0
3470,05-25 14:00:00+02:00,0.0,0.0,0.0,0.0,0.0,0.0
3471,05-25 15:00:00+02:00,0.0,0.0,0.0,0.0,0.0,0.0
3472,05-25 16:00:00+02:00,0.0,0.0,0.0,0.0,0.0,0.0
3473,05-25 17:00:00+02:00,0.0,0.0,0.0,0.0,0.0,0.0
3474,05-25 18:00:00+02:00,0.0,0.0,0.0,0.0,0.0,0.0
3475,05-25 19:00:00+02:00,0.0,0.0,0.0,0.0,0.0,0.0
3476,05-25 20:00:00+02:00,0.0,0.0,0.0,0.0,0.0,0.0
3477,05-25 21:00:00+02:00,0.0,0.0,0.0,0.0,0.0,0.0
3478,05-25 22:00:00+02:00,0.0,0.0,0.0,0.0,0.0,0.0
3479,05-25 23:00:00+02:00,0.0,0.0,0.0,0.0,0.0,0.0
3480,05-26 00:00:00+02:00,0.0,0.0,0.0,0.0,0.0,0.0
3481,05-26 01:00:00+02:00,0.0,0.0,0.0,0.0,0.0,0.0
3482,05-26 02:00:00+02:00,0.0,0.0,0.0,0.0,0.0,0.0
3483,05-26 03:00:00+02:00,0.0,0.0,0.0,0.0,0.0,0.0
3484,05-26 04:00:00+02:00,0.0,0.0,0.0,0.0,0.0,0.0
3485,05-26 05:00:00+02:00,0.0,0.0,0.0,0.0,0.0,0.0
3486,05-26 06:00:00+02:00,0.0,0.0,0.0,0.0,0.0,0.0
3487,05-26 07:00:00+02:00,0.0,0.0,0.0,0.0,0.0,0.0
3488,05-26 08:00:00+02:00,0.0,0.0,0.0,0.0,0.0,0.0
3489,05-26 09:00:00+02:00,0.0,0.0,0.0,0.0,0.0,0.0
3490,05-26 10:00:00+02:00,0.0,0.0,0.0,0.0,0.0,0.0
3491,05-26 11:00:00+02:00,0.0,0.0,0.0,0.0,0.0,0.0
3492,05-26 12:00:00+02:00,0.0,0.0,0.0,0.0,0.0,0.0
3493,05-26 13:00:00+02:00,0.0,0.0,0.0,0.0,0.0,0.0
3494,05-26 14:00:00+02:00,0.0,0.0,0.0,0.0,0.0,0.0
3495,05-26 15:00:00+02:00,0.0,0.0,0.0,0.0,0.0,0.0
3496,05-26 16:00:00+02:00,0.0,0.0,0.0,0.0,0.0,0.0
3497,05-26 17:00:00+02:00,0.0,0.0,0.0,0.0,0.0,0.0
3498,05-26 18:00:00+02:00,0.0,0.0,0.0,0.0,0.0,0.0
3499,05-26 19:00:00+02:00,0.0,0.0,0.0,0.0,0.0,0.0
3500,05-26 20:00:00+02:00,0.0,0.0,0.0,0.0,0.0,0.0
3501,05-26 21:00:00+02:00,0.0,0.0,0.0,0.0,0.0,0.0
3502,05-26 22:00:00+02:00,0.0,0.0,0.0,0.0,0.0,0.0
3503,05-26 23:00:00+02:00,0.0,0.0,0.0,0.0,0.0,0.0
3504,05-27 00:00:00+02:00,0.0,0.0,0.0,0.0,0.0,0.0
3505,05-27 01:00:00+02:00,0.0,0.0,0.0,0.0,0.0,0.0
3506,05-27 02:00:00+02:00,0.0,0.0,0.0,0.0,0.0,0.0
3507,05-27 03:00:00+02:00,0.0,0.0,0.0,0.0,0.0,0.0
3508,05-27 04:00:00+02:00,0.0,0.0,0.0,0.0,0.0,0.0
3509,05-27 05:00:00+02:00,0.0,0.0,0.0,0.0,0.0,0.0
3510,05-27 06:00:00+02:00,0.0,0.0,0.0,0.0,0.0,0.0
3511,05-27 07:00:00+02:00,0.0,0.0,0.0,0.0,0.0,0.0
3512,05-27 08:00:00+02:00,0.0,0.0,0.0,0.0,0.0,0.0
3513,05-27 09:00:00+02:00,0.0,0.0,0.0,0.0,0.0,0.0
3514,05-27 10:00:00+02:00,0.0,0.0,0.0,0.0,0.0,0.0
3515,05-27 11:00:00+02:00,0.0,0.0,0.0,0.0,0.0,0.0
3516,05-27 12:00:00+02:00,0.0,0.0,0.0,0.0,0.0,0.0
3517,05-27 13:00:00+02:00,0.0,0.0,0.0,0.0,0.0,0.0
3518,05-27 14:00:00+02:00,0.0,0.0,0.0,0.0,0.0,0.0
3519,05-27 15:00:00+02:00,0.0,0.0,0.0,0.0,0.0,0.0
3520,05-27 16:00:00+02:00,0.0,0.0,0.0,0.0,0.0,0.0
3521,05-27 17:00:00+02:00,0.0,0.0,0.0,0.0,0.0,0.0
3522,05-27 18:00:00+02:00,0.0,0.0,0.0,0.0,0.0,0.0
3523,05-27 19:00:00+02:00,0.0,0.0,0.0,0.0,0.0,0.0
3524,05-27 20:00:00+02:00,0.0,0.0,0.0,0.0,0.0,0.0
3525,05-27 21:00:00+02:00,0.0,0.0,0.0,0.0,0.0,0.0
3526,05-27 22:00:00+02:00,0.0,0.0,0.0,0.0,0.0,0.0
3527,05-27 23:00:00+02:00,0.0,0.0,0.0,0.0,0.0,0.0
3528,05-28 00:00:00+02:00,0.0,0.0,0.0,0.0,0.0,0.0
3529,05-28 01:00:00+02:00,0.0,0.0,0.0,0.0,0.0,0.0
3530,05-28 02:00:00+02:00,0.0,0.0,0.0,0.0,0.0,0.0
3531,05-28 03:00:00+02:00,0.0,0.0,0.0,0.0,0.0,0.0
3532,05-28 04:00:00+02:00,0.0,0.0,0.0,0.0,0.0,0.0
3533,05-28 05:00:00+02:00,0.0,0.0,0.0,0.0,0.0,0.0
3534,05-28 06:00:00+02:00,0.0,0.0,0.0,0.0,0.0,0.0
3535,05-28 07:00:00+02:00,0.0,0.0,0.0,0.0,0.0,0.0
3536,05-28 08:00:00+02:00,0.0,0.0,0.0,0.0,0.0,0.0
3537,05-28 09:00:00+02:00,0.0,0.0,0.0,0.0,0.0,0.0
3538,05-28 10:00:00+02:00,0.0,0.0,0.0,0.0,0.0,0.0
3539,05-28 11:00:00+02:00,0.0,0.0,0.0,0.0,0.0,0.0
3540,05-28 12:00:00+02:00,0.0,0.0,0.0,0.0,0.0,0.0
3541,05-28 13:00:00+02:00,0.0,0.0,0.0,0.0,0.0,0.0
3542,05-28 14:00:00+02:00,0.0,0.0,0.0,0.0,0.0,0.0
3543,05-28 15:00:00+02:00,0.0,0.0,0.0,0.0,0.0,0.0
3544,05-28 16:00:00+02:00,0.0,0.0,0.0,0.0,0.0,0.0
3545,05-28 17:00:00+02:00,0.0,0.0,0.0,0.0,0.0,0.0
3546,05-28 18:00:00+02:00,0.0,0.0,0.0,0.0,0.0,0.0
3547,05-28 19:00:00+02:00,0.0,0.0,0.0,0.0,0.0,0.0
3548,05-28 20:00:00+02:00,0.0,0.0,0.0,0.0,0.0,0.0
3549,05-28 21:00:00+02:00,0.0,0.0,0.0,0.0,0.0,0.0
3550,05-28 22:00:00+02:00,0.0,0.0,0.0,0.0,0.0,0.0
3551,05-28 23:00:00+02:00,0.0,0.0,0.0,0.0,0.0,0.0
3552,05-29 00:00:00+02:00,0.0,0.0,0.0,0.0,0.0,0.0
3553,05-29 01:00:00+02:00,0.0,0.0,0.0,0.0,0.0,0.0
3554,05-29 02:00:00+02:00,0.0,0.0,0.0,0.0,0.0,0.0
3555,05-29 03:00:00+02:00,0.0,0.0,0.0,0.0,0.0,0.0
3556,05-29 04:00:00+02:00,0.0,0.0,0.0,0.0,0.0,0.0
3557,05-29 05:00:00+02:00,0.0,0.0,0.0,0.0,0.0,0.0
3558,05-29 06:00:00+02:00,0.0,0.0,0.0,0.0,0.0,0.0
3559,05-29 07:00:00+02:00,0.0,0.0,0.0,0.0,0.0,0.0
3560,05-29 08:00:00+02:00,0.0,0.0,0.0,0.0,0.0,0.0
3561,05-29 09:00:00+02:00,0.0,0.0,0.0,0.0,0.0,0.0
3562,05-29 10:00:00+02:00,0.0,0.0,0.0,0.0,0.0,0.0
3563,05-29 11:00:00+02:00,0.0,0.0,0.0,0.0,0.0,0.0
3564,05-29 12:00:00+02:00,0.0,0.0,0.0,0.0,0.0,0.0
3565,05-29 13:00:00+02:00,0.0,0.0,0.0,0.0,0.0,0.0
3566,05-29 14:00:00+02:00,0.0,0.0,0.0,0.0,0.0,0.0
3567,05-29 15:00:00+02:00,0.0,0.0,0.0,0.0,0.0,0.0
3568,05-29 16:00:00+02:00,0.0,0.0,0.0,0.0,0.0,0.0
3569,05-29 17:00:00+02:00,0.0,0.0,0.0,0.0,0.0,0.0
3570,05-29 18:00:00+02:00,0.0,0.0,0.0,0.0,0.0,0.0
3571,05-29 19:00:00+02:00,0.0,0.0,0.0,0.0,0.0,0.0
3572,05-29 20:00:00+02:00,0.0,0.0,0.0,0.0,0.0,0.0
3573,05-29 21:00:00+02:00,0.0,0.0,0.0,0.0,0.0,0.0
3574,05-29 22:00:00+02:00,0.0,0.0,0.0,0.0,0.0,0.0
3575,05-29 23:00:00+02:00,0.0,0.0,0.0,0.0,0.0,0.0
3576,05-30 00:00:00+02:00,0.0,0.0,0.0,0.0,0.0,0.0
3577,05-30 01:00:00+02:00,0.0,0.0,0.0,0.0,0.0,0.0
3578,05-30 02:00:00+02:00,0.0,0.0,0.0,0.0,0.0,0.0
3579,05-30 03:00:00+02:00,0.0,0.0,0.0,0.0,0.0,0.0
3580,05-30 04:00:00+02:00,0.0,0.0,0.0,0.0,0.0,0.0
3581,05-30 05:00:00+02:00,0.0,0.0,0.0,0.0,0.0,0.0
3582,05-30 06:00:00+02:00,0.0,0.0,0.0,0.0,0.0,0.0
3583,05-30 07:00:00+02:00,0.0,0.0,0.0,0.0,0.0,0.0
3584,05-30 08:00:00+02:00,0.0,0.0,0.0,0.0,0.0,0.0
3585,05-30 09:00:00+02:00,0.0,0.0,0.0,0.0,0.0,0.0
3586,05-30 10:00:00+02:00,0.0,0.0,0.0,0.0,0.0,0.0
3587,05-30 11:00:00+02:00,0.0,0.0,0.0,0.0,0.0,0.0
3588,05-30 12:00:00+02:00,0.0,0.0,0.0,0.0,0.0,0.0
3589,05-30 13:00:00+02:00,0.0,0.0,0.0,0.0,0.0,0.0
3590,05-30 14:00:00+02:00,0.0,0.0,0.0,0.0,0.0,0.0
3591,05-30 15:00:00+02:00,0.0,0.0,0.0,0.0,0.0,0.0
3592,05-30 16:00:00+02:00,0.0,0.0,0.0,0.0,0.0,0.0
3593,05-30 17:00:00+02:00,0.0,0.0,0.0,0.0,0.0,0.0
3594,05-30 18:00:00+02:00,0.0,0.0,0.0,0.0,0.0,0.0
3595,05-30 19:00:00+02:00,0.0,0.0,0.0,0.0,0.0,0.0
3596,05-30 20:00:00+02:00,0.0,0.0,0.0,0.0,0.0,0.0
3597,05-30 21:00:00+02:00,0.0,0.0,0.0,0.0,0.0,0.0
3598,05-30 22:00:00+02:00,0.0,0.0,0.0,0.0,0.0,0.0
3599,05-30 23:00:00+02:00,0.0,0.0,0.0,0.0,0.0,0.0
3600,05-31 00:00:00+02:00,0.0,0.0,0.0,0.0,0.0,0.0
3601,05-31 01:00:00+02:00,0.0,0.0,0.0,0.0,0.0,0.0
3602,05-31 02:00:00+02:00,0.0,0.0,0.0,0.0,0.0,0.0
3603,05-31 03:00:00+02:00,0.0,0.0,0.0,0.0,0.0,0.0
3604,05-31 04:00:00+02:00,0.0,0.0,0.0,0.0,0.0,0.0
3605,05-31 05:00:00+02:00,0.0,0.0,0.0,0.0,0.0,0.0
3606,05-31 06:00:00+02:00,0.0,0.0,0.0,0.0,0.0,0.0
3607,05-31 07:00:00+02:00,0.0,0.0,0.0,0.0,0.0,0.0
3608,05-31 08:00:00+02:00,0.0,0.0,0.0,0.0,0.0,0.0
3609,05-31 09:00:00+02:00,0.0,0.0,0.0,0.0,0.0,0.0
3610,05-31 10:00:00+02:00,0.0,0.0,0.0,0.0,0.0,0.0
3611,05-31 11:00:00+02:00,0.0,0.0,0.0,0.0,0.0,0.0
3612,05-31 12:00:00+02:00,0.0,0.0,0.0,0.0,0.0,0.0
3613,05-31 13:00:00+02:00,0.0,0.0,0.0,0.0,0.0,0.0
3614,05-31 14:00:00+02:00,0.0,0.0,0.0,0.0,0.0,0.0
3615,05-31 15:00:00+02:00,0.0,0.0,0.0,0.0,0.0,0.0
3616,05-31 16:00:00+02:00,0.0,0.0,0.0,0.0,0.0,0.0
3617,05-31 17:00:00+02:00,0.0,0.0,0.0,0.0,0.0,0.0
3618,05-31 18:00:00+02:00,0.0,0.0,0.0,0.0,0.0,0.0
3619,05-31 19:00:00+02:00,0.0,0.0,0.0,0.0,0.0,0.0
3620,05-31 20:00:00+02:00,0.0,0.0,0.0,0.0,0.0,0.0
3621,05-31 21:00:00+02:00,0.0,0.0,0.0,0.0,0.0,0.0
3622,05-31 22:00:00+02:00,0.0,0.0,0.0,0.0,0.0,0.0
3623,05-31 23:00:00+02:00,0.0,0.0,0.0,0.0,0.0,0.0
3624,06-01 00:00:00+02:00,0.0,0.0,0.0,0.0,0.0,0.0
3625,06-01 01:00:00+02:00,0.0,0.0,0.0,0.0,0.0,0.0
3626,06-01 02:00:00+02:00,0.0,0.0,0.0,0.0,0.0,0.0
3627,06-01 03:00:00+02:00,0.0,0.0,0.0,0.0,0.0,0.0
3628,06-01 04:00:00+02:00,0.0,0.0,0.0,0.0,0.0,0.0
3629,06-01 05:00:00+02:00,0.0,0.0,0.0,0.0,0.0,0.0
3630,06-01 06:00:00+02:00,0.0,0.0,0.0,0.0,0.0,0.0
3631,06-01 07:00:00+02:00,0.0,0.0,0.0,0.0,0.0,0.0
3632,06-01 08:00:00+02:00,0.0,0.0,0.0,0.0,0.0,0.0
3633,06-01 09:00:00+02:00,0.0,0.0,0.0,0.0,0.0,0.0
3634,06-01 10:00:00+02:00,0.0,0.0,0.0,0.0,0.0,0.0
3635,06-01 11:00:00+02:00,0.0,0.0,0.0,0.0,0.0,0.0
3636,06-01 12:00:00+02:00,0.0,0.0,0.0,0.0,0.0,0.0
3637,06-01 13:00:00+02:00,0.0,0.0,0.0,0.0,0.0,0.0
3638,06-01 14:00:00+02:00,0.0,0.0,0.0,0.0,0.0,0.0
3639,06-01 15:00:00+02:00,0.0,0.0,0.0,0.0,0.0,0.0
3640,06-01 16:00:00+02:00,0.0,0.0,0.0,0.0,0.0,0.0
3641,06-01 17:00:00+02:00,0.0,0.0,0.0,0.0,0.0,0.0
3642,06-01 18:00:00+02:00,0.0,0.0,0.0,0.0,0.0,0.0
3643,06-01 19:00:00+02:00,0.0,0.0,0.0,0.0,0.0,0.0
3644,06-01 20:00:00+02:00,0.0,0.0,0.0,0.0,0.0,0.0
3645,06-01 21:00:00+02:00,0.0,0.0,0.0,0.0,0.0,0.0
3646,06-01 22:00:00+02:00,0.0,0.0,0.0,0.0,0.0,0.0
3647,06-01 23:00:00+02:00,0.0,0.0,0.0,0.0,0.0,0.0
3648,06-02 00:00:00+02:00,0.0,0.0,0.0,0.0,0.0,0.0
3649,06-02 01:00:00+02:00,0.0,0.0,0.0,0.0,0.0,0.0
3650,06-02 02:00:00+02:00,0.0,0.0,0.0,0.0,0.0,0.0
3651,06-02 03:00:00+02:00,0.0,0.0,0.0,0.0,0.0,0.0
3652,06-02 04:00:00+02:00,0.0,0.0,0.0,0.0,0.0,0.0
3653,06-02 05:00:00+02:00,0.0,0.0,0.0,0.0,0.0,0.0
3654,06-02 06:00:00+02:00,0.0,0.0,0.0,0.0,0.0,0.0
3655,06-02 07:00:00+02:00,0.0,0.0,0.0,0.0,0.0,0.0
3656,06-02 08:00:00+02:00,0.0,0.0,0.0,0.0,0.0,0.0
3657,06-02 09:00:00+02:00,0.0,0.0,0.0,0.0,0.0,0.0
3658,06-02 10:00:00+02:00,0.0,0.0,0.0,0.0,0.0,0.0
3659,06-02 11:00:00+02:00,0.0,0.0,0.0,0.0,0.0,0.0
3660,06-02 12:00:00+02:00,0.0,0.0,0.0,0.0,0.0,0.0
3661,06-02 13:00:00+02:00,0.0,0.0,0.0,0.0,0.0,0.0
3662,06-02 14:00:00+02:00,0.0,0.0,0.0,0.0,0.0,0.0
3663,06-02 15:00:00+02:00,0.0,0.0,0.0,0.0,0.0,0.0
3664,06-02 16:00:00+02:00,0.0,0.0,0.0,0.0,0.0,0.0
3665,06-02 17:00:00+02:00,0.0,0.0,0.0,0.0,0.0,0.0
3666,06-02 18:00:00+02:00,0.0,0.0,0.0,0.0,0.0,0.0
3667,06-02 19:00:00+02:00,0.0,0.0,0.0,0.0,0.0,0.0
3668,06-02 20:00:00+02:00,0.0,0.0,0.0,0.0,0.0,0.0
3669,06-02 21:00:00+02:00,0.0,0.0,0.0,0.0,0.0,0.0
3670,06-02 22:00:00+02:00,0.0,0.0,0.0,0.0,0.0,0.0
3671,06-02 23:00:00+02:00,0.0,0.0,0.0,0.0,0.0,0.0
3672,06-03 00:00:00+02:00,0.0,0.0,0.0,0.0,0.0,0.0
3673,06-03 01:00:00+02:00,0.0,0.0,0.0,0.0,0.0,0.0
3674,06-03 02:00:00+02:00,0.0,0.0,0.0,0.0,0.0,0.0
3675,06-03 03:00:00+02:00,0.0,0.0,0.0,0.0,0.0,0.0
3676,06-03 04:00:00+02:00,0.0,0.0,0.0,0.0,0.0,0.0
3677,06-03 05:00:00+02:00,0.0,0.0,0.0,0.0,0.0,0.0
3678,06-03 06:00:00+02:00,0.0,0.0,0.0,0.0,0.0,0.0
3679,06-03 07:00:00+02:00,0.0,0.0,0.0,0.0,0.0,0.0
3680,06-03 08:00:00+02:00,0.0,0.0,0.0,0.0,0.0,0.0
3681,06-03 09:00:00+02:00,0.0,0.0,0.0,0.0,0.0,0.0
3682,06-03 10:00:00+02:00,0.0,0.0,0.0,0.0,0.0,0.0
3683,06-03 11:00:00+02:00,0.0,0.0,0.0,0.0,0.0,0.0
3684,06-03 12:00:00+02:00,0.0,0.0,0.0,0.0,0.0,0.0
3685,06-03 13:00:00+02:00,0.0,0.0,0.0,0.0,0.0,0.0
3686,06-03 14:00:00+02:00,0.0,0.0,0.0,0.0,0.0,0.0
3687,06-03 15:00:00+02:00,0.0,0.0,0.0,0.0,0.0,0.0
3688,06-03 16:00:00+02:00,0.0,0.0,0.0,0.0,0.0,0.0
3689,06-03 17:00:00+02:00,0.0,0.0,0.0,0.0,0.0,0.0
3690,06-03 18:00:00+02:00,0.0,0.0,0.0,0.0,0.0,0.0
3691,06-03 19:00:00+02:00,0.0,0.0,0.0,0.0,0.0,0.0
3692,06-03 20:00:00+02:00,0.0,0.0,0.0,0.0,0.0,0.0
3693,06-03 21:00:00+02:00,0.0,0.0,0.0,0.0,0.0,0.0
3694,06-03 22:00:00+02:00,0.0,0.0,0.0,0.0,0.0,0.0
3695,06-03 23:00:00+02:00,0.0,0.0,0.0,0.0,0.0,0.0
3696,06-04 00:00:00+02:00,0.0,0.0,0.0,0.0,0.0,0.0
3697,06-04 01:00:00+02:00,0.0,0.0,0.0,0.0,0.0,0.0
3698,06-04 02:00:00+02:00,0.0,0.0,0.0,0.0,0.0,0.0
3699,06-04 03:00:00+02:00,0.0,0.0,0.0,0.0,0.0,0.0
3700,06-04 04:00:00+02:00,0.0,0.0,0.0,0.0,0.0,0.0
3701,06-04 05:00:00+02:00,0.0,0.0,0.0,0.0,0.0,0.0
3702,06-04 06:00:00+02:00,0.0,0.0,0.0,0.0,0.0,0.0
3703,06-04 07:00:00+02:00,0.0,0.0,0.0,0.0,0.0,0.0
3704,06-04 08:00:00+02:00,0.0,0.0,0.0,0.0,0.0,0.0
3705,06-04 09:00:00+02:00,0.0,0.0,0.0,0.0,0.0,0.0
3706,06-04 10:00:00+02:00,0.0,0.0,0.0,0.0,0.0,0.0
3707,06-04 11:00:00+02:00,0.0,0.0,0.0,0.0,0.0,0.0
3708,06-04 12:00:00+02:00,0.0,0.0,0.0,0.0,0.0,0.0
3709,06-04 13:00:00+02:00,0.0,0.0,0.0,0.0,0.0,0.0
3710,06-04 14:00:00+02:00,0.0,0.0,0.0,0.0,0.0,0.0
3711,06-04 15:00:00+02:00,0.0,0.0,0.0,0.0,0.0,0.0
3712,06-04 16:00:00+02:00,0.0,0.0,0.0,0.0,0.0,0.0
3713,06-04 17:00:00+02:00,0.0,0.0,0.0,0.0,0.0,0.0
3714,06-04 18:00:00+02:00,0.0,0.0,0.0,0.0,0.0,0.0
3715,06-04 19:00:00+02:00,0.0,0.0,0.0,0.0,0.0,0.0
3716,06-04 20:00:00+02:00,0.0,0.0,0.0,0.0,0.0,0.0
3717,06-04 21:00:00+02:00,0.0,0.0,0.0,0.0,0.0,0.0
3718,06-04 22:00:00+02:00,0.0,0.0,0.0,0.0,0.0,0.0
3719,06-04 23:00:00+02:00,0.0,0.0,0.0,0.0,0.0,0.0
3720,06-05 00:00:00+02:00,0.0,0.0,0.0,0.0,0.0,0.0
3721,06-05 01:00:00+02:00,0.0,0.0,0.0,0.0,0.0,0.0
3722,06-05 02:00:00+02:00,0.0,0.0,0.0,0.0,0.0,0.0
3723,06-05 03:00:00+02:00,0.0,0.0,0.0,0.0,0.0,0.0
3724,06-05 04:00:00+02:00,0.0,0.0,0.0,0.0,0.0,0.0
3725,06-05 05:00:00+02:00,0.0,0.0,0.0,0.0,0.0,0.0
3726,06-05 06:00:00+02:00,0.0,0.0,0.0,0.0,0.0,0.0
3727,06-05 07:00:00+02:00,0.0,0.0,0.0,0.0,0.0,0.0
3728,06-05 08:00:00+02:00,0.0,0.0,0.0,0.0,0.0,0.0
3729,06-05 09:00:00+02:00,0.0,0.0,0.0,0.0,0.0,0.0
3730,06-05 10:00:00+02:00,0.0,0.0,0.0,0.0,0.0,0.0
3731,06-05 11:00:00+02:00,0.0,0.0,0.0,0.0,0.0,0.0
3732,06-05 12:00:00+02:00,0.0,0.0,0.0,0.0,0.0,0.0
3733,06-05 13:00:00+02:00,0.0,0.0,0.0,0.0,0.0,0.0
3734,06-05 14:00:00+02:00,0.0,0.0,0.0,0.0,0.0,0.0
3735,06-05 15:00:00+02:00,0.0,0.0,0.0,0.0,0.0,0.0
3736,06-05 16:00:00+02:00,0.0,0.0,0.0,0.0,0.0,0.0
3737,06-05 17:00:00+02:00,0.0,0.0,0.0,0.0,0.0,0.0
3738,06-05 18:00:00+02:00,0.0,0.0,0.0,0.0,0.0,0.0
3739,06-05 19:00:00+02:00,0.0,0.0,0.0,0.0,0.0,0.0
3740,06-05 20:00:00+02:00,0.0,0.0,0.0,0.0,0.0,0.0
3741,06-05 21:00:00+02:00,0.0,0.0,0.0,0.0,0.0,0.0
3742,06-05 22:00:00+02:00,0.0,0.0,0.0,0.0,0.0,0.0
3743,06-05 23:00:00+02:00,0.0,0.0,0.0,0.0,0.0,0.0
3744,06-06 00:00:00+02:00,0.0,0.0,0.0,0.0,0.0,0.0
3745,06-06 01:00:00+02:00,0.0,0.0,0.0,0.0,0.0,0.0
3746,06-06 02:00:00+02:00,0.0,0.0,0.0,0.0,0.0,0.0
3747,06-06 03:00:00+02:00,0.0,0.0,0.0,0.0,0.0,0.0
3748,06-06 04:00:00+02:00,0.0,0.0,0.0,0.0,0.0,0.0
3749,06-06 05:00:00+02:00,0.0,0.0,0.0,0.0,0.0,0.0
3750,06-06 06:00:00+02:00,0.0,0.0,0.0,0.0,0.0,0.0
3751,06-06 07:00:00+02:00,0.0,0.0,0.0,0.0,0.0,0.0
3752,06-06 08:00:00+02:00,0.0,0.0,0.0,0.0,0.0,0.0
3753,06-06 09:00:00+02:00,0.0,0.0,0.0,0.0,0.0,0.0
3754,06-06 10:00:00+02:00,0.0,0.0,0.0,0.0,0.0,0.0
3755,06-06 11:00:00+02:00,0.0,0.0,0.0,0.0,0.0,0.0
3756,06-06 12:00:00+02:00,0.0,0.0,0.0,0.0,0.0,0.0
3757,06-06 13:00:00+02:00,0.0,0.0,0.0,0.0,0.0,0.0
3758,06-06 14:00:00+02:00,0.0,0.0,0.0,0.0,0.0,0.0
3759,06-06 15:00:00+02:00,0.0,0.0,0.0,0.0,0.0,0.0
3760,06-06 16:00:00+02:00,0.0,0.0,0.0,0.0,0.0,0.0
3761,06-06 17:00:00+02:00,0.0,0.0,0.0,0.0,0.0,0.0
3762,06-06 18:00:00+02:00,0.0,0.0,0.0,0.0,0.0,0.0
3763,06-06 19:00:00+02:00,0.0,0.0,0.0,0.0,0.0,0.0
3764,06-06 20:00:00+02:00,0.0,0.0,0.0,0.0,0.0,0.0
3765,06-06 21:00:00+02:00,0.0,0.0,0.0,0.0,0.0,0.0
3766,06-06 22:00:00+02:00,0.0,0.0,0.0,0.0,0.0,0.0
3767,06-06 23:00:00+02:00,0.0,0.0,0.0,0.0,0.0,0.0
3768,06-07 00:00:00+02:00,0.0,0.0,0.0,0.0,0.0,0.0
3769,06-07 01:00:00+02:00,0.0,0.0,0.0,0.0,0.0,0.0
3770,06-07 02:00:00+02:00,0.0,0.0,0.0,0.0,0.0,0.0
3771,06-07 03:00:00+02:00,0.0,0.0,0.0,0.0,0.0,0.0
3772,06-07 04:00:00+02:00,0.0,0.0,0.0,0.0,0.0,0.0
3773,06-07 05:00:00+02:00,0.0,0.0,0.0,0.0,0.0,0.0
3774,06-07 06:00:00+02:00,0.0,0.0,0.0,0.0,0.0,0.0
3775,06-07 07:00:00+02:00,0.0,0.0,0.0,0.0,0.0,0.0
3776,06-07 08:00:00+02:00,0.0,0.0,0.0,0.0,0.0,0.0
3777,06-07 09:00:00+02:00,0.0,0.0,0.0,0.0,0.0,0.0
3778,06-07 10:00:00+02:00,0.0,0.0,0.0,0.0,0.0,0.0
3779,06-07 11:00:00+02:00,0.0,0.0,0.0,0.0,0.0,0.0
3780,06-07 12:00:00+02:00,0.0,0.0,0.0,0.0,0.0,0.0
3781,06-07 13:00:00+02:00,0.0,0.0,0.0,0.0,0.0,0.0
3782,06-07 14:00:00+02:00,0.0,0.0,0.0,0.0,0.0,0.0
3783,06-07 15:00:00+02:00,0.0,0.0,0.0,0.0,0.0,0.0
3784,06-07 16:00:00+02:00,0.0,0.0,0.0,0.0,0.0,0.0
3785,06-07 17:00:00+02:00,0.0,0.0,0.0,0.0,0.0,0.0
3786,06-07 18:00:00+02:00,0.0,0.0,0.0,0.0,0.0,0.0
3787,06-07 19:00:00+02:00,0.0,0.0,0.0,0.0,0.0,0.0
3788,06-07 20:00:00+02:00,0.0,0.0,0.0,0.0,0.0,0.0
3789,06-07 21:00:00+02:00,0.0,0.0,0.0,0.0,0.0,0.0
3790,06-07 22:00:00+02:00,0.0,0.0,0.0,0.0,0.0,0.0
3791,06-07 23:00:00+02:00,0.0,0.0,0.0,0.0,0.0,0.0
3792,06-08 00:00:00+02:00,0.0,0.0,0.0,0.0,0.0,0.0
3793,06-08 01:00:00+02:00,0.0,0.0,0.0,0.0,0.0,0.0
3794,06-08 02:00:00+02:00,0.0,0.0,0.0,0.0,0.0,0.0
3795,06-08 03:00:00+02:00,0.0,0.0,0.0,0.0,0.0,0.0
3796,06-08 04:00:00+02:00,0.0,0.0,0.0,0.0,0.0,0.0
3797,06-08 05:00:00+02:00,0.0,0.0,0.0,0.0,0.0,0.0
3798,06-08 06:00:00+02:00,0.0,0.0,0.0,0.0,0.0,0.0
3799,06-08 07:00:00+02:00,0.0,0.0,0.0,0.0,0.0,0.0
3800,06-08 08:00:00+02:00,0.0,0.0,0.0,0.0,0.0,0.0
3801,06-08 09:00:00+02:00,0.0,0.0,0.0,0.0,0.0,0.0
3802,06-08 10:00:00+02:00,0.0,0.0,0.0,0.0,0.0,0.0
3803,06-08 11:00:00+02:00,0.0,0.0,0.0,0.0,0.0,0.0
3804,06-08 12:00:00+02:00,0.0,0.0,0.0,0.0,0.0,0.0
3805,06-08 13:00:00+02:00,0.0,0.0,0.0,0.0,0.0,0.0
3806,06-08 14:00:00+02:00,0.0,0.0,0.0,0.0,0.0,0.0
3807,06-08 15:00:00+02:00,0.0,0.0,0.0,0.0,0.0,0.0
3808,06-08 16:00:00+02:00,0.0,0.0,0.0,0.0,0.0,0.0
3809,06-08 17:00:00+02:00,0.0,0.0,0.0,0.0,0.0,0.0
3810,06-08 18:00:00+02:00,0.0,0.0,0.0,0.0,0.0,0.0
3811,06-08 19:00:00+02:00,0.0,0.0,0.0,0.0,0.0,0.0
3812,06-08 20:00:00+02:00,0.0,0.0,0.0,0.0,0.0,0.0
3813,06-08 21:00:00+02:00,0.0,0.0,0.0,0.0,0.0,0.0
3814,06-08 22:00:00+02:00,0.0,0.0,0.0,0.0,0.0,0.0
3815,06-08 23:00:00+02:00,0.0,0.0,0.0,0.0,0.0,0.0
3816,06-09 00:00:00+02:00,0.0,0.0,0.0,0.0,0.0,0.0
3817,06-09 01:00:00+02:00,0.0,0.0,0.0,0.0,0.0,0.0
3818,06-09 02:00:00+02:00,0.0,0.0,0.0,0.0,0.0,0.0
3819,06-09 03:00:00+02:00,0.0,0.0,0.0,0.0,0.0,0.0
3820,06-09 04:00:00+02:00,0.0,0.0,0.0,0.0,0.0,0.0
3821,06-09 05:00:00+02:00,0.0,0.0,0.0,0.0,0.0,0.0
3822,06-09 06:00:00+02:00,0.0,0.0,0.0,0.0,0.0,0.0
3823,06-09 07:00:00+02:00,0.0,0.0,0.0,0.0,0.0,0.0
3824,06-09 08:00:00+02:00,0.0,0.0,0.0,0.0,0.0,0.0
3825,06-09 09:00:00+02:00,0.0,0.0,0.0,0.0,0.0,0.0
3826,06-09 10:00:00+02:00,0.0,0.0,0.0,0.0,0.0,0.0
3827,06-09 11:00:00+02:00,0.0,0.0,0.0,0.0,0.0,0.0
3828,06-09 12:00:00+02:00,0.0,0.0,0.0,0.0,0.0,0.0
3829,06-09 13:00:00+02:00,0.0,0.0,0.0,0.0,0.0,0.0
3830,06-09 14:00:00+02:00,0.0,0.0,0.0,0.0,0.0,0.0
3831,06-09 15:00:00+02:00,0.0,0.0,0.0,0.0,0.0,0.0
3832,06-09 16:00:00+02:00,0.0,0.0,0.0,0.0,0.0,0.0
3833,06-09 17:00:00+02:00,0.0,0.0,0.0,0.0,0.0,0.0
3834,06-09 18:00:00+02:00,0.0,0.0,0.0,0.0,0.0,0.0
3835,06-09 19:00:00+02:00,0.0,0.0,0.0,0.0,0.0,0.0
3836,06-09 20:00:00+02:00,0.0,0.0,0.0,0.0,0.0,0.0
3837,06-09 21:00:00+02:00,0.0,0.0,0.0,0.0,0.0,0.0
3838,06-09 22:00:00+02:00,0.0,0.0,0.0,0.0,0.0,0.0
3839,06-09 23:00:00+02:00,0.0,0.0,0.0,0.0,0.0,0.0
3840,06-10 00:00:00+02:00,0.0,0.0,0.0,0.0,0.0,0.0
3841,06-10 01:00:00+02:00,0.0,0.0,0.0,0.0,0.0,0.0
3842,06-10 02:00:00+02:00,0.0,0.0,0.0,0.0,0.0,0.0
3843,06-10 03:00:00+02:00,0.0,0.0,0.0,0.0,0.0,0.0
3844,06-10 04:00:00+02:00,0.0,0.0,0.0,0.0,0.0,0.0
3845,06-10 05:00:00+02:00,0.0,0.0,0.0,0.0,0.0,0.0
3846,06-10 06:00:00+02:00,0.0,0.0,0.0,0.0,0.0,0.0
3847,06-10 07:00:00+02:00,0.0,0.0,0.0,0.0,0.0,0.0
3848,06-10 08:00:00+02:00,0.0,0.0,0.0,0.0,0.0,0.0
3849,06-10 09:00:00+02:00,0.0,0.0,0.0,0.0,0.0,0.0
3850,06-10 10:00:00+02:00,0.0,0.0,0.0,0.0,0.0,0.0
3851,06-10 11:00:00+02:00,0.0,0.0,0.0,0.0,0.0,0.0
3852,06-10 12:00:00+02:00,0.0,0.0,0.0,0.0,0.0,0.0
3853,06-10 13:00:00+02:00,0.0,0.0,0.0,0.0,0.0,0.0
3854,06-10 14:00:00+02:00,0.0,0.0,0.0,0.0,0.0,0.0
3855,06-10 15:00:00+02:00,0.0,0.0,0.0,0.0,0.0,0.0
3856,06-10 16:00:00+02:00,0.0,0.0,0.0,0.0,0.0,0.0
3857,06-10 17:00:00+02:00,0.0,0.0,0.0,0.0,0.0,0.0
3858,06-10 18:00:00+02:00,0.0,0.0,0.0,0.0,0.0,0.0
3859,06-10 19:00:00+02:00,0.0,0.0,0.0,0.0,0.0,0.0
3860,06-10 20:00:00+02:00,0.0,0.0,0.0,0.0,0.0,0.0
3861,06-10 21:00:00+02:00,0.0,0.0,0.0,0.0,0.0,0.0
3862,06-10 22:00:00+02:00,0.0,0.0,0.0,0.0,0.0,0.0
3863,06-10 23:00:00+02:00,0.0,0.0,0.0,0.0,0.0,0.0
3864,06-11 00:00:00+02:00,0.0,0.0,0.0,0.0,0.0,0.0
3865,06-11 01:00:00+02:00,0.0,0.0,0.0,0.0,0.0,0.0
3866,06-11 02:00:00+02:00,0.0,0.0,0.0,0.0,0.0,0.0
3867,06-11 03:00:00+02:00,0.0,0.0,0.0,0.0,0.0,0.0
3868,06-11 04:00:00+02:00,0.0,0.0,0.0,0.0,0.0,0.0
3869,06-11 05:00:00+02:00,0.0,0.0,0.0,0.0,0.0,0.0
3870,06-11 06:00:00+02:00,0.0,0.0,0.0,0.0,0.0,0.0
3871,06-11 07:00:00+02:00,0.0,0.0,0.0,0.0,0.0,0.0
3872,06-11 08:00:00+02:00,0.0,0.0,0.0,0.0,0.0,0.0
3873,06-11 09:00:00+02:00,0.0,0.0,0.0,0.0,0.0,0.0
3874,06-11 10:00:00+02:00,0.0,0.0,0.0,0.0,0.0,0.0
3875,06-11 11:00:00+02:00,0.0,0.0,0.0,0.0,0.0,0.0
3876,06-11 12:00:00+02:00,0.0,0.0,0.0,0.0,0.0,0.0
3877,06-11 13:00:00+02:00,0.0,0.0,0.0,0.0,0.0,0.0
3878,06-11 14:00:00+02:00,0.0,0.0,0.0,0.0,0.0,0.0
3879,06-11 15:00:00+02:00,0.0,0.0,0.0,0.0,0.0,0.0
3880,06-11 16:00:00+02:00,0.0,0.0,0.0,0.0,0.0,0.0
3881,06-11 17:00:00+02:00,0.0,0.0,0.0,0.0,0.0,0.0
3882,06-11 18:00:00+02:00,0.0,0.0,0.0,0.0,0.0,0.0
3883,06-11 19:00:00+02:00,0.0,0.0,0.0,0.0,0.0,0.0
3884,06-11 20:00:00+02:00,0.0,0.0,0.0,0.0,0.0,0.0
3885,06-11 21:00:00+02:00,0.0,0.0,0.0,0.0,0.0,0.0
3886,06-11 22:00:00+02:00,0.0,0.0,0.0,0.0,0.0,0.0
3887,06-11 23:00:00+02:00,0.0,0.0,0.0,0.0,0.0,0.0
3888,06-12 00:00:00+02:00,0.0,0.0,0.0,0.0,0.0,0.0
3889,06-12 01:00:00+02:00,0.0,0.0,0.0,0.0,0.0,0.0
3890,06-12 02:00:00+02:00,0.0,0.0,0.0,0.0,0.0,0.0
3891,06-12 03:00:00+02:00,0.0,0.0,0.0,0.0,0.0,0.0
3892,06-12 04:00:00+02:00,0.0,0.0,0.0,0.0,0.0,0.0
3893,06-12 05:00:00+02:00,0.0,0.0,0.0,0.0,0.0,0.0
3894,06-12 06:00:00+02:00,0.0,0.0,0.0,0.0,0.0,0.0
3895,06-12 07:00:00+02:00,0.0,0.0,0.0,0.0,0.0,0.0
3896,06-12 08:00:00+02:00,0.0,0.0,0.0,0.0,0.0,0.0
3897,06-12 09:00:00+02:00,0.0,0.0,0.0,0.0,0.0,0.0
3898,06-12 10:00:00+02:00,0.0,0.0,0.0,0.0,0.0,0.0
3899,06-12 11:00:00+02:00,0.0,0.0,0.0,0.0,0.0,0.0
3900,06-12 12:00:00+02:00,0.0,0.0,0.0,0.0,0.0,0.0
3901,06-12 13:00:00+02:00,0.0,0.0,0.0,0.0,0.0,0.0
3902,06-12 14:00:00+02:00,0.0,0.0,0.0,0.0,0.0,0.0
3903,06-12 15:00:00+02:00,0.0,0.0,0.0,0.0,0.0,0.0
3904,06-12 16:00:00+02:00,0.0,0.0,0.0,0.0,0.0,0.0
3905,06-12 17:00:00+02:00,0.0,0.0,0.0,0.0,0.0,0.0
3906,06-12 18:00:00+02:00,0.0,0.0,0.0,0.0,0.0,0.0
3907,06-12 19:00:00+02:00,0.0,0.0,0.0,0.0,0.0,0.0
3908,06-12 20:00:00+02:00,0.0,0.0,0.0,0.0,0.0,0.0
3909,06-12 21:00:00+02:00,0.0,0.0,0.0,0.0,0.0,0.0
3910,06-12 22:00:00+02:00,0.0,0.0,0.0,0.0,0.0,0.0
3911,06-12 23:00:00+02:00,0.0,0.0,0.0,0.0,0.0,0.0
3912,06-13 00:00:00+02:00,0.0,0.0,0.0,0.0,0.0,0.0
3913,06-13 01:00:00+02:00,0.0,0.0,0.0,0.0,0.0,0.0
3914,06-13 02:00:00+02:00,0.0,0.0,0.0,0.0,0.0,0.0
3915,06-13 03:00:00+02:00,0.0,0.0,0.0,0.0,0.0,0.0
3916,06-13 04:00:00+02:00,0.0,0.0,0.0,0.0,0.0,0.0
3917,06-13 05:00:00+02:00,0.0,0.0,0.0,0.0,0.0,0.0
3918,06-13 06:00:00+02:00,0.0,0.0,0.0,0.0,0.0,0.0
3919,06-13 07:00:00+02:00,0.0,0.0,0.0,0.0,0.0,0.0
3920,06-13 08:00:00+02:00,0.0,0.0,0.0,0.0,0.0,0.0
3921,06-13 09:00:00+02:00,0.0,0.0,0.0,0.0,0.0,0.0
3922,06-13 10:00:00+02:00,0.0,0.0,0.0,0.0,0.0,0.0
3923,06-13 11:00:00+02:00,0.0,0.0,0.0,0.0,0.0,0.0
3924,06-13 12:00:00+02:00,0.0,0.0,0.0,0.0,0.0,0.0
3925,06-13 13:00:00+02:00,0.0,0.0,0.0,0.0,0.0,0.0
3926,06-13 14:00:00+02:00,0.0,0.0,0.0,0.0,0.0,0.0
3927,06-13 15:00:00+02:00,0.0,0.0,0.0,0.0,0.0,0.0
3928,06-13 16:00:00+02:00,0.0,0.0,0.0,0.0,0.0,0.0
3929,06-13 17:00:00+02:00,0.0,0.0,0.0,0.0,0.0,0.0
3930,06-13 18:00:00+02:00,0.0,0.0,0.0,0.0,0.0,0.0
3931,06-13 19:00:00+02:00,0.0,0.0,0.0,0.0,0.0,0.0
3932,06-13 20:00:00+02:00,0.0,0.0,0.0,0.0,0.0,0.0
3933,06-13 21:00:00+02:00,0.0,0.0,0.0,0.0,0.0,0.0
3934,06-13 22:00:00+02:00,0.0,0.0,0.0,0.0,0.0,0.0
3935,06-13 23:00:00+02:00,0.0,0.0,0.0,0.0,0.0,0.0
3936,06-14 00:00:00+02:00,0.0,0.0,0.0,0.0,0.0,0.0
3937,06-14 01:00:00+02:00,0.0,0.0,0.0,0.0,0.0,0.0
3938,06-14 02:00:00+02:00,0.0,0.0,0.0,0.0,0.0,0.0
3939,06-14 03:00:00+02:00,0.0,0.0,0.0,0.0,0.0,0.0
3940,06-14 04:00:00+02:00,0.0,0.0,0.0,0.0,0.0,0.0
3941,06-14 05:00:00+02:00,0.0,0.0,0.0,0.0,0.0,0.0
3942,06-14 06:00:00+02:00,0.0,0.0,0.0,0.0,0.0,0.0
3943,06-14 07:00:00+02:00,0.0,0.0,0.0,0.0,0.0,0.0
3944,06-14 08:00:00+02:00,0.0,0.0,0.0,0.0,0.0,0.0
3945,06-14 09:00:00+02:00,0.0,0.0,0.0,0.0,0.0,0.0
3946,06-14 10:00:00+02:00,0.0,0.0,0.0,0.0,0.0,0.0
3947,06-14 11:00:00+02:00,0.0,0.0,0.0,0.0,0.0,0.0
3948,06-14 12:00:00+02:00,0.0,0.0,0.0,0.0,0.0,0.0
3949,06-14 13:00:00+02:00,0.0,0.0,0.0,0.0,0.0,0.0
3950,06-14 14:00:00+02:00,0.0,0.0,0.0,0.0,0.0,0.0
3951,06-14 15:00:00+02:00,0.0,0.0,0.0,0.0,0.0,0.0
3952,06-14 16:00:00+02:00,0.0,0.0,0.0,0.0,0.0,0.0
3953,06-14 17:00:00+02:00,0.0,0.0,0.0,0.0,0.0,0.0
3954,06-14 18:00:00+02:00,0.0,0.0,0.0,0.0,0.0,0.0
3955,06-14 19:00:00+02:00,0.0,0.0,0.0,0.0,0.0,0.0
3956,06-14 20:00:00+02:00,0.0,0.0,0.0,0.0,0.0,0.0
3957,06-14 21:00:00+02:00,0.0,0.0,0.0,0.0,0.0,0.0
3958,06-14 22:00:00+02:00,0.0,0.0,0.0,0.0,0.0,0.0
3959,06-14 23:00:00+02:00,0.0,0.0,0.0,0.0,0.0,0.0
3960,06-15 00:00:00+02:00,0.0,0.0,0.0,0.0,0.0,0.0
3961,06-15 01:00:00+02:00,0.0,0.0,0.0,0.0,0.0,0.0
3962,06-15 02:00:00+02:00,0.0,0.0,0.0,0.0,0.0,0.0
3963,06-15 03:00:00+02:00,0.0,0.0,0.0,0.0,0.0,0.0
3964,06-15 04:00:00+02:00,0.0,0.0,0.0,0.0,0.0,0.0
3965,06-15 05:00:00+02:00,0.0,0.0,0.0,0.0,0.0,0.0
3966,06-15 06:00:00+02:00,0.0,0.0,0.0,0.0,0.0,0.0
3967,06-15 07:00:00+02:00,0.0,0.0,0.0,0.0,0.0,0.0
3968,06-15 08:00:00+02:00,0.0,0.0,0.0,0.0,0.0,0.0
3969,06-15 09:00:00+02:00,0.0,0.0,0.0,0.0,0.0,0.0
3970,06-15 10:00:00+02:00,0.0,0.0,0.0,0.0,0.0,0.0
3971,06-15 11:00:00+02:00,0.0,0.0,0.0,0.0,0.0,0.0
3972,06-15 12:00:00+02:00,0.0,0.0,0.0,0.0,0.0,0.0
3973,06-15 13:00:00+02:00,0.0,0.0,0.0,0.0,0.0,0.0
3974,06-15 14:00:00+02:00,0.0,0.0,0.0,0.0,0.0,0.0
3975,06-15 15:00:00+02:00,0.0,0.0,0.0,0.0,0.0,0.0
3976,06-15 16:00:00+02:00,0.0,0.0,0.0,0.0,0.0,0.0
3977,06-15 17:00:00+02:00,0.0,0.0,0.0,0.0,0.0,0.0
3978,06-15 18:00:00+02:00,0.0,0.0,0.0,0.0,0.0,0.0
3979,06-15 19:00:00+02:00,0.0,0.0,0.0,0.0,0.0,0.0
3980,06-15 20:00:00+02:00,0.0,0.0,0.0,0.0,0.0,0.0
3981,06-15 21:00:00+02:00,0.0,0.0,0.0,0.0,0.0,0.0
3982,06-15 22:00:00+02:00,0.0,0.0,0.0,0.0,0.0,0.0
3983,06-15 23:00:00+02:00,0.0,0.0,0.0,0.0,0.0,0.0
3984,06-16 00:00:00+02:00,0.0,0.0,0.0,0.0,0.0,0.0
3985,06-16 01:00:00+02:00,0.0,0.0,0.0,0.0,0.0,0.0
3986,06-16 02:00:00+02:00,0.0,0.0,0.0,0.0,0.0,0.0
3987,06-16 03:00:00+02:00,0.0,0.0,0.0,0.0,0.0,0.0
3988,06-16 04:00:00+02:00,0.0,0.0,0.0,0.0,0.0,0.0
3989,06-16 05:00:00+02:00,0.0,0.0,0.0,0.0,0.0,0.0
3990,06-16 06:00:00+02:00,0.0,0.0,0.0,0.0,0.0,0.0
3991,06-16 07:00:00+02:00,0.0,0.0,0.0,0.0,0.0,0.0
3992,06-16 08:00:00+02:00,0.0,0.0,0.0,0.0,0.0,0.0
3993,06-16 09:00:00+02:00,0.0,0.0,0.0,0.0,0.0,0.0
3994,06-16 10:00:00+02:00,0.0,0.0,0.0,0.0,0.0,0.0
3995,06-16 11:00:00+02:00,0.0,0.0,0.0,0.0,0.0,0.0
3996,06-16 12:00:00+02:00,0.0,0.0,0.0,0.0,0.0,0.0
3997,06-16 13:00:00+02:00,0.0,0.0,0.0,0.0,0.0,0.0
3998,06-16 14:00:00+02:00,0.0,0.0,0.0,0.0,0.0,0.0
3999,06-16 15:00:00+02:00,0.0,0.0,0.0,0.0,0.0,0.0
4000,06-16 16:00:00+02:00,0.0,0.0,0.0,0.0,0.0,0.0
4001,06-16 17:00:00+02:00,0.0,0.0,0.0,0.0,0.0,0.0
4002,06-16 18:00:00+02:00,0.0,0.0,0.0,0.0,0.0,0.0
4003,06-16 19:00:00+02:00,0.0,0.0,0.0,0.0,0.0,0.0
4004,06-16 20:00:00+02:00,0.0,0.0,0.0,0.0,0.0,0.0
4005,06-16 21:00:00+02:00,0.0,0.0,0.0,0.0,0.0,0.0
4006,06-16 22:00:00+02:00,0.0,0.0,0.0,0.0,0.0,0.0
4007,06-16 23:00:00+02:00,0.0,0.0,0.0,0.0,0.0,0.0
4008,06-17 00:00:00+02:00,0.0,0.0,0.0,0.0,0.0,0.0
4009,06-17 01:00:00+02:00,0.0,0.0,0.0,0.0,0.0,0.0
4010,06-17 02:00:00+02:00,0.0,0.0,0.0,0.0,0.0,0.0
4011,06-17 03:00:00+02:00,0.0,0.0,0.0,0.0,0.0,0.0
4012,06-17 04:00:00+02:00,0.0,0.0,0.0,0.0,0.0,0.0
4013,06-17 05:00:00+02:00,0.0,0.0,0.0,0.0,0.0,0.0
4014,06-17 06:00:00+02:00,0.0,0.0,0.0,0.0,0.0,0.0
4015,06-17 07:00:00+02:00,0.0,0.0,0.0,0.0,0.0,0.0
4016,06-17 08:00:00+02:00,0.0,0.0,0.0,0.0,0.0,0.0
4017,06-17 09:00:00+02:00,0.0,0.0,0.0,0.0,0.0,0.0
4018,06-17 10:00:00+02:00,0.0,0.0,0.0,0.0,0.0,0.0
4019,06-17 11:00:00+02:00,0.0,0.0,0.0,0.0,0.0,0.0
4020,06-17 12:00:00+02:00,0.0,0.0,0.0,0.0,0.0,0.0
4021,06-17 13:00:00+02:00,0.0,0.0,0.0,0.0,0.0,0.0
4022,06-17 14:00:00+02:00,0.0,0.0,0.0,0.0,0.0,0.0
4023,06-17 15:00:00+02:00,0.0,0.0,0.0,0.0,0.0,0.0
4024,06-17 16:00:00+02:00,0.0,0.0,0.0,0.0,0.0,0.0
4025,06-17 17:00:00+02:00,0.0,0.0,0.0,0.0,0.0,0.0
4026,06-17 18:00:00+02:00,0.0,0.0,0.0,0.0,0.0,0.0
4027,06-17 19:00:00+02:00,0.0,0.0,0.0,0.0,0.0,0.0
4028,06-17 20:00:00+02:00,0.0,0.0,0.0,0.0,0.0,0.0
4029,06-17 21:00:00+02:00,0.0,0.0,0.0,0.0,0.0,0.0
4030,06-17 22:00:00+02:00,0.0,0.0,0.0,0.0,0.0,0.0
4031,06-17 23:00:00+02:00,0.0,0.0,0.0,0.0,0.0,0.0
4032,06-18 00:00:00+02:00,0.0,0.0,0.0,0.0,0.0,0.0
4033,06-18 01:00:00+02:00,0.0,0.0,0.0,0.0,0.0,0.0
4034,06-18 02:00:00+02:00,0.0,0.0,0.0,0.0,0.0,0.0
4035,06-18 03:00:00+02:00,0.0,0.0,0.0,0.0,0.0,0.0
4036,06-18 04:00:00+02:00,0.0,0.0,0.0,0.0,0.0,0.0
4037,06-18 05:00:00+02:00,0.0,0.0,0.0,0.0,0.0,0.0
4038,06-18 06:00:00+02:00,0.0,0.0,0.0,0.0,0.0,0.0
4039,06-18 07:00:00+02:00,0.0,0.0,0.0,0.0,0.0,0.0
4040,06-18 08:00:00+02:00,0.0,0.0,0.0,0.0,0.0,0.0
4041,06-18 09:00:00+02:00,0.0,0.0,0.0,0.0,0.0,0.0
4042,06-18 10:00:00+02:00,0.0,0.0,0.0,0.0,0.0,0.0
4043,06-18 11:00:00+02:00,0.0,0.0,0.0,0.0,0.0,0.0
4044,06-18 12:00:00+02:00,0.0,0.0,0.0,0.0,0.0,0.0
4045,06-18 13:00:00+02:00,0.0,0.0,0.0,0.0,0.0,0.0
4046,06-18 14:00:00+02:00,0.0,0.0,0.0,0.0,0.0,0.0
4047,06-18 15:00:00+02:00,0.0,0.0,0.0,0.0,0.0,0.0
4048,06-18 16:00:00+02:00,0.0,0.0,0.0,0.0,0.0,0.0
4049,06-18 17:00:00+02:00,0.0,0.0,0.0,0.0,0.0,0.0
4050,06-18 18:00:00+02:00,0.0,0.0,0.0,0.0,0.0,0.0
4051,06-18 19:00:00+02:00,0.0,0.0,0.0,0.0,0.0,0.0
4052,06-18 20:00:00+02:00,0.0,0.0,0.0,0.0,0.0,0.0
4053,06-18 21:00:00+02:00,0.0,0.0,0.0,0.0,0.0,0.0
4054,06-18 22:00:00+02:00,0.0,0.0,0.0,0.0,0.0,0.0
4055,06-18 23:00:00+02:00,0.0,0.0,0.0,0.0,0.0,0.0
4056,06-19 00:00:00+02:00,0.0,0.0,0.0,0.0,0.0,0.0
4057,06-19 01:00:00+02:00,0.0,0.0,0.0,0.0,0.0,0.0
4058,06-19 02:00:00+02:00,0.0,0.0,0.0,0.0,0.0,0.0
4059,06-19 03:00:00+02:00,0.0,0.0,0.0,0.0,0.0,0.0
4060,06-19 04:00:00+02:00,0.0,0.0,0.0,0.0,0.0,0.0
4061,06-19 05:00:00+02:00,0.0,0.0,0.0,0.0,0.0,0.0
4062,06-19 06:00:00+02:00,0.0,0.0,0.0,0.0,0.0,0.0
4063,06-19 07:00:00+02:00,0.0,0.0,0.0,0.0,0.0,0.0
4064,06-19 08:00:00+02:00,0.0,0.0,0.0,0.0,0.0,0.0
4065,06-19 09:00:00+02:00,0.0,0.0,0.0,0.0,0.0,0.0
4066,06-19 10:00:00+02:00,0.0,0.0,0.0,0.0,0.0,0.0
4067,06-19 11:00:00+02:00,0.0,0.0,0.0,0.0,0.0,0.0
4068,06-19 12:00:00+02:00,0.0,0.0,0.0,0.0,0.0,0.0
4069,06-19 13:00:00+02:00,0.0,0.0,0.0,0.0,0.0,0.0
4070,06-19 14:00:00+02:00,0.0,0.0,0.0,0.0,0.0,0.0
4071,06-19 15:00:00+02:00,0.0,0.0,0.0,0.0,0.0,0.0
4072,06-19 16:00:00+02:00,0.0,0.0,0.0,0.0,0.0,0.0
4073,06-19 17:00:00+02:00,0.0,0.0,0.0,0.0,0.0,0.0
4074,06-19 18:00:00+02:00,0.0,0.0,0.0,0.0,0.0,0.0
4075,06-19 19:00:00+02:00,0.0,0.0,0.0,0.0,0.0,0.0
4076,06-19 20:00:00+02:00,0.0,0.0,0.0,0.0,0.0,0.0
4077,06-19 21:00:00+02:00,0.0,0.0,0.0,0.0,0.0,0.0
4078,06-19 22:00:00+02:00,0.0,0.0,0.0,0.0,0.0,0.0
4079,06-19 23:00:00+02:00,0.0,0.0,0.0,0.0,0.0,0.0
4080,06-20 00:00:00+02:00,0.0,0.0,0.0,0.0,0.0,0.0
4081,06-20 01:00:00+02:00,0.0,0.0,0.0,0.0,0.0,0.0
4082,06-20 02:00:00+02:00,0.0,0.0,0.0,0.0,0.0,0.0
4083,06-20 03:00:00+02:00,0.0,0.0,0.0,0.0,0.0,0.0
4084,06-20 04:00:00+02:00,0.0,0.0,0.0,0.0,0.0,0.0
4085,06-20 05:00:00+02:00,0.0,0.0,0.0,0.0,0.0,0.0
4086,06-20 06:00:00+02:00,0.0,0.0,0.0,0.0,0.0,0.0
4087,06-20 07:00:00+02:00,0.0,0.0,0.0,0.0,0.0,0.0
4088,06-20 08:00:00+02:00,0.0,0.0,0.0,0.0,0.0,0.0
4089,06-20 09:00:00+02:00,0.0,0.0,0.0,0.0,0.0,0.0
4090,06-20 10:00:00+02:00,0.0,0.0,0.0,0.0,0.0,0.0
4091,06-20 11:00:00+02:00,0.0,0.0,0.0,0.0,0.0,0.0
4092,06-20 12:00:00+02:00,0.0,0.0,0.0,0.0,0.0,0.0
4093,06-20 13:00:00+02:00,0.0,0.0,0.0,0.0,0.0,0.0
4094,06-20 14:00:00+02:00,0.0,0.0,0.0,0.0,0.0,0.0
4095,06-20 15:00:00+02:00,0.0,0.0,0.0,0.0,0.0,0.0
4096,06-20 16:00:00+02:00,0.0,0.0,0.0,0.0,0.0,0.0
4097,06-20 17:00:00+02:00,0.0,0.0,0.0,0.0,0.0,0.0
4098,06-20 18:00:00+02:00,0.0,0.0,0.0,0.0,0.0,0.0
4099,06-20 19:00:00+02:00,0.0,0.0,0.0,0.0,0.0,0.0
4100,06-20 20:00:00+02:00,0.0,0.0,0.0,0.0,0.0,0.0
4101,06-20 21:00:00+02:00,0.0,0.0,0.0,0.0,0.0,0.0
4102,06-20 22:00:00+02:00,0.0,0.0,0.0,0.0,0.0,0.0
4103,06-20 23:00:00+02:00,0.0,0.0,0.0,0.0,0.0,0.0
4104,06-21 00:00:00+02:00,0.0,0.0,0.0,0.0,0.0,0.0
4105,06-21 01:00:00+02:00,0.0,0.0,0.0,0.0,0.0,0.0
4106,06-21 02:00:00+02:00,0.0,0.0,0.0,0.0,0.0,0.0
4107,06-21 03:00:00+02:00,0.0,0.0,0.0,0.0,0.0,0.0
4108,06-21 04:00:00+02:00,0.0,0.0,0.0,0.0,0.0,0.0
4109,06-21 05:00:00+02:00,0.0,0.0,0.0,0.0,0.0,0.0
4110,06-21 06:00:00+02:00,0.0,0.0,0.0,0.0,0.0,0.0
4111,06-21 07:00:00+02:00,0.0,0.0,0.0,0.0,0.0,0.0
4112,06-21 08:00:00+02:00,0.0,0.0,0.0,0.0,0.0,0.0
4113,06-21 09:00:00+02:00,0.0,0.0,0.0,0.0,0.0,0.0
4114,06-21 10:00:00+02:00,0.0,0.0,0.0,0.0,0.0,0.0
4115,06-21 11:00:00+02:00,0.0,0.0,0.0,0.0,0.0,0.0
4116,06-21 12:00:00+02:00,0.0,0.0,0.0,0.0,0.0,0.0
4117,06-21 13:00:00+02:00,0.0,0.0,0.0,0.0,0.0,0.0
4118,06-21 14:00:00+02:00,0.0,0.0,0.0,0.0,0.0,0.0
4119,06-21 15:00:00+02:00,0.0,0.0,0.0,0.0,0.0,0.0
4120,06-21 16:00:00+02:00,0.0,0.0,0.0,0.0,0.0,0.0
4121,06-21 17:00:00+02:00,0.0,0.0,0.0,0.0,0.0,0.0
4122,06-21 18:00:00+02:00,0.0,0.0,0.0,0.0,0.0,0.0
4123,06-21 19:00:00+02:00,0.0,0.0,0.0,0.0,0.0,0.0
4124,06-21 20:00:00+02:00,0.0,0.0,0.0,0.0,0.0,0.0
4125,06-21 21:00:00+02:00,0.0,0.0,0.0,0.0,0.0,0.0
4126,06-21 22:00:00+02:00,0.0,0.0,0.0,0.0,0.0,0.0
4127,06-21 23:00:00+02:00,0.0,0.0,0.0,0.0,0.0,0.0
4128,06-22 00:00:00+02:00,0.0,0.0,0.0,0.0,0.0,0.0
4129,06-22 01:00:00+02:00,0.0,0.0,0.0,0.0,0.0,0.0
4130,06-22 02:00:00+02:00,0.0,0.0,0.0,0.0,0.0,0.0
4131,06-22 03:00:00+02:00,0.0,0.0,0.0,0.0,0.0,0.0
4132,06-22 04:00:00+02:00,0.0,0.0,0.0,0.0,0.0,0.0
4133,06-22 05:00:00+02:00,0.0,0.0,0.0,0.0,0.0,0.0
4134,06-22 06:00:00+02:00,0.0,0.0,0.0,0.0,0.0,0.0
4135,06-22 07:00:00+02:00,0.0,0.0,0.0,0.0,0.0,0.0
4136,06-22 08:00:00+02:00,0.0,0.0,0.0,0.0,0.0,0.0
4137,06-22 09:00:00+02:00,0.0,0.0,0.0,0.0,0.0,0.0
4138,06-22 10:00:00+02:00,0.0,0.0,0.0,0.0,0.0,0.0
4139,06-22 11:00:00+02:00,0.0,0.0,0.0,0.0,0.0,0.0
4140,06-22 12:00:00+02:00,0.0,0.0,0.0,0.0,0.0,0.0
4141,06-22 13:00:00+02:00,0.0,0.0,0.0,0.0,0.0,0.0
4142,06-22 14:00:00+02:00,0.0,0.0,0.0,0.0,0.0,0.0
4143,06-22 15:00:00+02:00,0.0,0.0,0.0,0.0,0.0,0.0
4144,06-22 16:00:00+02:00,0.0,0.0,0.0,0.0,0.0,0.0
4145,06-22 17:00:00+02:00,0.0,0.0,0.0,0.0,0.0,0.0
4146,06-22 18:00:00+02:00,0.0,0.0,0.0,0.0,0.0,0.0
4147,06-22 19:00:00+02:00,0.0,0.0,0.0,0.0,0.0,0.0
4148,06-22 20:00:00+02:00,0.0,0.0,0.0,0.0,0.0,0.0
4149,06-22 21:00:00+02:00,0.0,0.0,0.0,0.0,0.0,0.0
4150,06-22 22:00:00+02:00,0.0,0.0,0.0,0.0,0.0,0.0
4151,06-22 23:00:00+02:00,0.0,0.0,0.0,0.0,0.0,0.0
4152,06-23 00:00:00+02:00,0.0,0.0,0.0,0.0,0.0,0.0
4153,06-23 01:00:00+02:00,0.0,0.0,0.0,0.0,0.0,0.0
4154,06-23 02:00:00+02:00,0.0,0.0,0.0,0.0,0.0,0.0
4155,06-23 03:00:00+02:00,0.0,0.0,0.0,0.0,0.0,0.0
4156,06-23 04:00:00+02:00,0.0,0.0,0.0,0.0,0.0,0.0
4157,06-23 05:00:00+02:00,0.0,0.0,0.0,0.0,0.0,0.0
4158,06-23 06:00:00+02:00,0.0,0.0,0.0,0.0,0.0,0.0
4159,06-23 07:00:00+02:00,0.0,0.0,0.0,0.0,0.0,0.0
4160,06-23 08:00:00+02:00,0.0,0.0,0.0,0.0,0.0,0.0
4161,06-23 09:00:00+02:00,0.0,0.0,0.0,0.0,0.0,0.0
4162,06-23 10:00:00+02:00,0.0,0.0,0.0,0.0,0.0,0.0
4163,06-23 11:00:00+02:00,0.0,0.0,0.0,0.0,0.0,0.0
4164,06-23 12:00:00+02:00,0.0,0.0,0.0,0.0,0.0,0.0
4165,06-23 13:00:00+02:00,0.0,0.0,0.0,0.0,0.0,0.0
4166,06-23 14:00:00+02:00,0.0,0.0,0.0,0.0,0.0,0.0
4167,06-23 15:00:00+02:00,0.0,0.0,0.0,0.0,0.0,0.0
4168,06-23 16:00:00+02:00,0.0,0.0,0.0,0.0,0.0,0.0
4169,06-23 17:00:00+02:00,0.0,0.0,0.0,0.0,0.0,0.0
4170,06-23 18:00:00+02:00,0.0,0.0,0.0,0.0,0.0,0.0
4171,06-23 19:00:00+02:00,0.0,0.0,0.0,0.0,0.0,0.0
4172,06-23 20:00:00+02:00,0.0,0.0,0.0,0.0,0.0,0.0
4173,06-23 21:00:00+02:00,0.0,0.0,0.0,0.0,0.0,0.0
4174,06-23 22:00:00+02:00,0.0,0.0,0.0,0.0,0.0,0.0
4175,06-23 23:00:00+02:00,0.0,0.0,0.0,0.0,0.0,0.0
4176,06-24 00:00:00+02:00,0.0,0.0,0.0,0.0,0.0,0.0
4177,06-24 01:00:00+02:00,0.0,0.0,0.0,0.0,0.0,0.0
4178,06-24 02:00:00+02:00,0.0,0.0,0.0,0.0,0.0,0.0
4179,06-24 03:00:00+02:00,0.0,0.0,0.0,0.0,0.0,0.0
4180,06-24 04:00:00+02:00,0.0,0.0,0.0,0.0,0.0,0.0
4181,06-24 05:00:00+02:00,0.0,0.0,0.0,0.0,0.0,0.0
4182,06-24 06:00:00+02:00,0.0,0.0,0.0,0.0,0.0,0.0
4183,06-24 07:00:00+02:00,0.0,0.0,0.0,0.0,0.0,0.0
4184,06-24 08:00:00+02:00,0.0,0.0,0.0,0.0,0.0,0.0
4185,06-24 09:00:00+02:00,0.0,0.0,0.0,0.0,0.0,0.0
4186,06-24 10:00:00+02:00,0.0,0.0,0.0,0.0,0.0,0.0
4187,06-24 11:00:00+02:00,0.0,0.0,0.0,0.0,0.0,0.0
4188,06-24 12:00:00+02:00,0.0,0.0,0.0,0.0,0.0,0.0
4189,06-24 13:00:00+02:00,0.0,0.0,0.0,0.0,0.0,0.0
4190,06-24 14:00:00+02:00,0.0,0.0,0.0,0.0,0.0,0.0
4191,06-24 15:00:00+02:00,0.0,0.0,0.0,0.0,0.0,0.0
4192,06-24 16:00:00+02:00,0.0,0.0,0.0,0.0,0.0,0.0
4193,06-24 17:00:00+02:00,0.0,0.0,0.0,0.0,0.0,0.0
4194,06-24 18:00:00+02:00,0.0,0.0,0.0,0.0,0.0,0.0
4195,06-24 19:00:00+02:00,0.0,0.0,0.0,0.0,0.0,0.0
4196,06-24 20:00:00+02:00,0.0,0.0,0.0,0.0,0.0,0.0
4197,06-24 21:00:00+02:00,0.0,0.0,0.0,0.0,0.0,0.0
4198,06-24 22:00:00+02:00,0.0,0.0,0.0,0.0,0.0,0.0
4199,06-24 23:00:00+02:00,0.0,0.0,0.0,0.0,0.0,0.0
4200,06-25 00:00:00+02:00,0.0,0.0,0.0,0.0,0.0,0.0
4201,06-25 01:00:00+02:00,0.0,0.0,0.0,0.0,0.0,0.0
4202,06-25 02:00:00+02:00,0.0,0.0,0.0,0.0,0.0,0.0
4203,06-25 03:00:00+02:00,0.0,0.0,0.0,0.0,0.0,0.0
4204,06-25 04:00:00+02:00,0.0,0.0,0.0,0.0,0.0,0.0
4205,06-25 05:00:00+02:00,0.0,0.0,0.0,0.0,0.0,0.0
4206,06-25 06:00:00+02:00,0.0,0.0,0.0,0.0,0.0,0.0
4207,06-25 07:00:00+02:00,0.0,0.0,0.0,0.0,0.0,0.0
4208,06-25 08:00:00+02:00,0.0,0.0,0.0,0.0,0.0,0.0
4209,06-25 09:00:00+02:00,0.0,0.0,0.0,0.0,0.0,0.0
4210,06-25 10:00:00+02:00,0.0,0.0,0.0,0.0,0.0,0.0
4211,06-25 11:00:00+02:00,0.0,0.0,0.0,0.0,0.0,0.0
4212,06-25 12:00:00+02:00,0.0,0.0,0.0,0.0,0.0,0.0
4213,06-25 13:00:00+02:00,0.0,0.0,0.0,0.0,0.0,0.0
4214,06-25 14:00:00+02:00,0.0,0.0,0.0,0.0,0.0,0.0
4215,06-25 15:00:00+02:00,0.0,0.0,0.0,0.0,0.0,0.0
4216,06-25 16:00:00+02:00,0.0,0.0,0.0,0.0,0.0,0.0
4217,06-25 17:00:00+02:00,0.0,0.0,0.0,0.0,0.0,0.0
4218,06-25 18:00:00+02:00,0.0,0.0,0.0,0.0,0.0,0.0
4219,06-25 19:00:00+02:00,0.0,0.0,0.0,0.0,0.0,0.0
4220,06-25 20:00:00+02:00,0.0,0.0,0.0,0.0,0.0,0.0
4221,06-25 21:00:00+02:00,0.0,0.0,0.0,0.0,0.0,0.0
4222,06-25 22:00:00+02:00,0.0,0.0,0.0,0.0,0.0,0.0
4223,06-25 23:00:00+02:00,0.0,0.0,0.0,0.0,0.0,0.0
4224,06-26 00:00:00+02:00,0.0,0.0,0.0,0.0,0.0,0.0
4225,06-26 01:00:00+02:00,0.0,0.0,0.0,0.0,0.0,0.0
4226,06-26 02:00:00+02:00,0.0,0.0,0.0,0.0,0.0,0.0
4227,06-26 03:00:00+02:00,0.0,0.0,0.0,0.0,0.0,0.0
4228,06-26 04:00:00+02:00,0.0,0.0,0.0,0.0,0.0,0.0
4229,06-26 05:00:00+02:00,0.0,0.0,0.0,0.0,0.0,0.0
4230,06-26 06:00:00+02:00,0.0,0.0,0.0,0.0,0.0,0.0
4231,06-26 07:00:00+02:00,0.0,0.0,0.0,0.0,0.0,0.0
4232,06-26 08:00:00+02:00,0.0,0.0,0.0,0.0,0.0,0.0
4233,06-26 09:00:00+02:00,0.0,0.0,0.0,0.0,0.0,0.0
4234,06-26 10:00:00+02:00,0.0,0.0,0.0,0.0,0.0,0.0
4235,06-26 11:00:00+02:00,0.0,0.0,0.0,0.0,0.0,0.0
4236,06-26 12:00:00+02:00,0.0,0.0,0.0,0.0,0.0,0.0
4237,06-26 13:00:00+02:00,0.0,0.0,0.0,0.0,0.0,0.0
4238,06-26 14:00:00+02:00,0.0,0.0,0.0,0.0,0.0,0.0
4239,06-26 15:00:00+02:00,0.0,0.0,0.0,0.0,0.0,0.0
4240,06-26 16:00:00+02:00,0.0,0.0,0.0,0.0,0.0,0.0
4241,06-26 17:00:00+02:00,0.0,0.0,0.0,0.0,0.0,0.0
4242,06-26 18:00:00+02:00,0.0,0.0,0.0,0.0,0.0,0.0
4243,06-26 19:00:00+02:00,0.0,0.0,0.0,0.0,0.0,0.0
4244,06-26 20:00:00+02:00,0.0,0.0,0.0,0.0,0.0,0.0
4245,06-26 21:00:00+02:00,0.0,0.0,0.0,0.0,0.0,0.0
4246,06-26 22:00:00+02:00,0.0,0.0,0.0,0.0,0.0,0.0
4247,06-26 23:00:00+02:00,0.0,0.0,0.0,0.0,0.0,0.0
4248,06-27 00:00:00+02:00,0.0,0.0,0.0,0.0,0.0,0.0
4249,06-27 01:00:00+02:00,0.0,0.0,0.0,0.0,0.0,0.0
4250,06-27 02:00:00+02:00,0.0,0.0,0.0,0.0,0.0,0.0
4251,06-27 03:00:00+02:00,0.0,0.0,0.0,0.0,0.0,0.0
4252,06-27 04:00:00+02:00,0.0,0.0,0.0,0.0,0.0,0.0
4253,06-27 05:00:00+02:00,0.0,0.0,0.0,0.0,0.0,0.0
4254,06-27 06:00:00+02:00,0.0,0.0,0.0,0.0,0.0,0.0
4255,06-27 07:00:00+02:00,0.0,0.0,0.0,0.0,0.0,0.0
4256,06-27 08:00:00+02:00,0.0,0.0,0.0,0.0,0.0,0.0
4257,06-27 09:00:00+02:00,0.0,0.0,0.0,0.0,0.0,0.0
4258,06-27 10:00:00+02:00,0.0,0.0,0.0,0.0,0.0,0.0
4259,06-27 11:00:00+02:00,0.0,0.0,0.0,0.0,0.0,0.0
4260,06-27 12:00:00+02:00,0.0,0.0,0.0,0.0,0.0,0.0
4261,06-27 13:00:00+02:00,0.0,0.0,0.0,0.0,0.0,0.0
4262,06-27 14:00:00+02:00,0.0,0.0,0.0,0.0,0.0,0.0
4263,06-27 15:00:00+02:00,0.0,0.0,0.0,0.0,0.0,0.0
4264,06-27 16:00:00+02:00,0.0,0.0,0.0,0.0,0.0,0.0
4265,06-27 17:00:00+02:00,0.0,0.0,0.0,0.0,0.0,0.0
4266,06-27 18:00:00+02:00,0.0,0.0,0.0,0.0,0.0,0.0
4267,06-27 19:00:00+02:00,0.0,0.0,0.0,0.0,0.0,0.0
4268,06-27 20:00:00+02:00,0.0,0.0,0.0,0.0,0.0,0.0
4269,06-27 21:00:00+02:00,0.0,0.0,0.0,0.0,0.0,0.0
4270,06-27 22:00:00+02:00,0.0,0.0,0.0,0.0,0.0,0.0
4271,06-27 23:00:00+02:00,0.0,0.0,0.0,0.0,0.0,0.0
4272,06-28 00:00:00+02:00,0.0,0.0,0.0,0.0,0.0,0.0
4273,06-28 01:00:00+02:00,0.0,0.0,0.0,0.0,0.0,0.0
4274,06-28 02:00:00+02:00,0.0,0.0,0.0,0.0,0.0,0.0
4275,06-28 03:00:00+02:00,0.0,0.0,0.0,0.0,0.0,0.0
4276,06-28 04:00:00+02:00,0.0,0.0,0.0,0.0,0.0,0.0
4277,06-28 05:00:00+02:00,0.0,0.0,0.0,0.0,0.0,0.0
4278,06-28 06:00:00+02:00,0.0,0.0,0.0,0.0,0.0,0.0
4279,06-28 07:00:00+02:00,0.0,0.0,0.0,0.0,0.0,0.0
4280,06-28 08:00:00+02:00,0.0,0.0,0.0,0.0,0.0,0.0
4281,06-28 09:00:00+02:00,0.0,0.0,0.0,0.0,0.0,0.0
4282,06-28 10:00:00+02:00,0.0,0.0,0.0,0.0,0.0,0.0
4283,06-28 11:00:00+02:00,0.0,0.0,0.0,0.0,0.0,0.0
4284,06-28 12:00:00+02:00,0.0,0.0,0.0,0.0,0.0,0.0
4285,06-28 13:00:00+02:00,0.0,0.0,0.0,0.0,0.0,0.0
4286,06-28 14:00:00+02:00,0.0,0.0,0.0,0.0,0.0,0.0
4287,06-28 15:00:00+02:00,0.0,0.0,0.0,0.0,0.0,0.0
4288,06-28 16:00:00+02:00,0.0,0.0,0.0,0.0,0.0,0.0
4289,06-28 17:00:00+02:00,0.0,0.0,0.0,0.0,0.0,0.0
4290,06-28 18:00:00+02:00,0.0,0.0,0.0,0.0,0.0,0.0
4291,06-28 19:00:00+02:00,0.0,0.0,0.0,0.0,0.0,0.0
4292,06-28 20:00:00+02:00,0.0,0.0,0.0,0.0,0.0,0.0
4293,06-28 21:00:00+02:00,0.0,0.0,0.0,0.0,0.0,0.0
4294,06-28 22:00:00+02:00,0.0,0.0,0.0,0.0,0.0,0.0
4295,06-28 23:00:00+02:00,0.0,0.0,0.0,0.0,0.0,0.0
4296,06-29 00:00:00+02:00,0.0,0.0,0.0,0.0,0.0,0.0
4297,06-29 01:00:00+02:00,0.0,0.0,0.0,0.0,0.0,0.0
4298,06-29 02:00:00+02:00,0.0,0.0,0.0,0.0,0.0,0.0
4299,06-29 03:00:00+02:00,0.0,0.0,0.0,0.0,0.0,0.0
4300,06-29 04:00:00+02:00,0.0,0.0,0.0,0.0,0.0,0.0
4301,06-29 05:00:00+02:00,0.0,0.0,0.0,0.0,0.0,0.0
4302,06-29 06:00:00+02:00,0.0,0.0,0.0,0.0,0.0,0.0
4303,06-29 07:00:00+02:00,0.0,0.0,0.0,0.0,0.0,0.0
4304,06-29 08:00:00+02:00,0.0,0.0,0.0,0.0,0.0,0.0
4305,06-29 09:00:00+02:00,0.0,0.0,0.0,0.0,0.0,0.0
4306,06-29 10:00:00+02:00,0.0,0.0,0.0,0.0,0.0,0.0
4307,06-29 11:00:00+02:00,0.0,0.0,0.0,0.0,0.0,0.0
4308,06-29 12:00:00+02:00,0.0,0.0,0.0,0.0,0.0,0.0
4309,06-29 13:00:00+02:00,0.0,0.0,0.0,0.0,0.0,0.0
4310,06-29 14:00:00+02:00,0.0,0.0,0.0,0.0,0.0,0.0
4311,06-29 15:00:00+02:00,0.0,0.0,0.0,0.0,0.0,0.0
4312,06-29 16:00:00+02:00,0.0,0.0,0.0,0.0,0.0,0.0
4313,06-29 17:00:00+02:00,0.0,0.0,0.0,0.0,0.0,0.0
4314,06-29 18:00:00+02:00,0.0,0.0,0.0,0.0,0.0,0.0
4315,06-29 19:00:00+02:00,0.0,0.0,0.0,0.0,0.0,0.0
4316,06-29 20:00:00+02:00,0.0,0.0,0.0,0.0,0.0,0.0
4317,06-29 21:00:00+02:00,0.0,0.0,0.0,0.0,0.0,0.0
4318,06-29 22:00:00+02:00,0.0,0.0,0.0,0.0,0.0,0.0
4319,06-29 23:00:00+02:00,0.0,0.0,0.0,0.0,0.0,0.0
4320,06-30 00:00:00+02:00,0.0,0.0,0.0,0.0,0.0,0.0
4321,06-30 01:00:00+02:00,0.0,0.0,0.0,0.0,0.0,0.0
4322,06-30 02:00:00+02:00,0.0,0.0,0.0,0.0,0.0,0.0
4323,06-30 03:00:00+02:00,0.0,0.0,0.0,0.0,0.0,0.0
4324,06-30 04:00:00+02:00,0.0,0.0,0.0,0.0,0.0,0.0
4325,06-30 05:00:00+02:00,0.0,0.0,0.0,0.0,0.0,0.0
4326,06-30 06:00:00+02:00,0.0,0.0,0.0,0.0,0.0,0.0
4327,06-30 07:00:00+02:00,0.0,0.0,0.0,0.0,0.0,0.0
4328,06-30 08:00:00+02:00,0.0,0.0,0.0,0.0,0.0,0.0
4329,06-30 09:00:00+02:00,0.0,0.0,0.0,0.0,0.0,0.0
4330,06-30 10:00:00+02:00,0.0,0.0,0.0,0.0,0.0,0.0
4331,06-30 11:00:00+02:00,0.0,0.0,0.0,0.0,0.0,0.0
4332,06-30 12:00:00+02:00,0.0,0.0,0.0,0.0,0.0,0.0
4333,06-30 13:00:00+02:00,0.0,0.0,0.0,0.0,0.0,0.0
4334,06-30 14:00:00+02:00,0.0,0.0,0.0,0.0,0.0,0.0
4335,06-30 15:00:00+02:00,0.0,0.0,0.0,0.0,0.0,0.0
4336,06-30 16:00:00+02:00,0.0,0.0,0.0,0.0,0.0,0.0
4337,06-30 17:00:00+02:00,0.0,0.0,0.0,0.0,0.0,0.0
4338,06-30 18:00:00+02:00,0.0,0.0,0.0,0.0,0.0,0.0
4339,06-30 19:00:00+02:00,0.0,0.0,0.0,0.0,0.0,0.0
4340,06-30 20:00:00+02:00,0.0,0.0,0.0,0.0,0.0,0.0
4341,06-30 21:00:00+02:00,0.0,0.0,0.0,0.0,0.0,0.0
4342,06-30 22:00:00+02:00,0.0,0.0,0.0,0.0,0.0,0.0
4343,06-30 23:00:00+02:00,0.0,0.0,0.0,0.0,0.0,0.0
4344,07-01 00:00:00+02:00,0.0,0.0,0.0,0.0,0.0,0.0
4345,07-01 01:00:00+02:00,0.0,0.0,0.0,0.0,0.0,0.0
4346,07-01 02:00:00+02:00,0.0,0.0,0.0,0.0,0.0,0.0
4347,07-01 03:00:00+02:00,0.0,0.0,0.0,0.0,0.0,0.0
4348,07-01 04:00:00+02:00,0.0,0.0,0.0,0.0,0.0,0.0
4349,07-01 05:00:00+02:00,0.0,0.0,0.0,0.0,0.0,0.0
4350,07-01 06:00:00+02:00,0.0,0.0,0.0,0.0,0.0,0.0
4351,07-01 07:00:00+02:00,0.0,0.0,0.0,0.0,0.0,0.0
4352,07-01 08:00:00+02:00,0.0,0.0,0.0,0.0,0.0,0.0
4353,07-01 09:00:00+02:00,0.0,0.0,0.0,0.0,0.0,0.0
4354,07-01 10:00:00+02:00,0.0,0.0,0.0,0.0,0.0,0.0
4355,07-01 11:00:00+02:00,0.0,0.0,0.0,0.0,0.0,0.0
4356,07-01 12:00:00+02:00,0.0,0.0,0.0,0.0,0.0,0.0
4357,07-01 13:00:00+02:00,0.0,0.0,0.0,0.0,0.0,0.0
4358,07-01 14:00:00+02:00,0.0,0.0,0.0,0.0,0.0,0.0
4359,07-01 15:00:00+02:00,0.0,0.0,0.0,0.0,0.0,0.0
4360,07-01 16:00:00+02:00,0.0,0.0,0.0,0.0,0.0,0.0
4361,07-01 17:00:00+02:00,0.0,0.0,0.0,0.0,0.0,0.0
4362,07-01 18:00:00+02:00,0.0,0.0,0.0,0.0,0.0,0.0
4363,07-01 19:00:00+02:00,0.0,0.0,0.0,0.0,0.0,0.0
4364,07-01 20:00:00+02:00,0.0,0.0,0.0,0.0,0.0,0.0
4365,07-01 21:00:00+02:00,0.0,0.0,0.0,0.0,0.0,0.0
4366,07-01 22:00:00+02:00,0.0,0.0,0.0,0.0,0.0,0.0
4367,07-01 23:00:00+02:00,0.0,0.0,0.0,0.0,0.0,0.0
4368,07-02 00:00:00+02:00,0.0,0.0,0.0,0.0,0.0,0.0
4369,07-02 01:00:00+02:00,0.0,0.0,0.0,0.0,0.0,0.0
4370,07-02 02:00:00+02:00,0.0,0.0,0.0,0.0,0.0,0.0
4371,07-02 03:00:00+02:00,0.0,0.0,0.0,0.0,0.0,0.0
4372,07-02 04:00:00+02:00,0.0,0.0,0.0,0.0,0.0,0.0
4373,07-02 05:00:00+02:00,0.0,0.0,0.0,0.0,0.0,0.0
4374,07-02 06:00:00+02:00,0.0,0.0,0.0,0.0,0.0,0.0
4375,07-02 07:00:00+02:00,0.0,0.0,0.0,0.0,0.0,0.0
4376,07-02 08:00:00+02:00,0.0,0.0,0.0,0.0,0.0,0.0
4377,07-02 09:00:00+02:00,0.0,0.0,0.0,0.0,0.0,0.0
4378,07-02 10:00:00+02:00,0.0,0.0,0.0,0.0,0.0,0.0
4379,07-02 11:00:00+02:00,0.0,0.0,0.0,0.0,0.0,0.0
4380,07-02 12:00:00+02:00,0.0,0.0,0.0,0.0,0.0,0.0
4381,07-02 13:00:00+02:00,0.0,0.0,0.0,0.0,0.0,0.0
4382,07-02 14:00:00+02:00,0.0,0.0,0.0,0.0,0.0,0.0
4383,07-02 15:00:00+02:00,0.0,0.0,0.0,0.0,0.0,0.0
4384,07-02 16:00:00+02:00,0.0,0.0,0.0,0.0,0.0,0.0
4385,07-02 17:00:00+02:00,0.0,0.0,0.0,0.0,0.0,0.0
4386,07-02 18:00:00+02:00,0.0,0.0,0.0,0.0,0.0,0.0
4387,07-02 19:00:00+02:00,0.0,0.0,0.0,0.0,0.0,0.0
4388,07-02 20:00:00+02:00,0.0,0.0,0.0,0.0,0.0,0.0
4389,07-02 21:00:00+02:00,0.0,0.0,0.0,0.0,0.0,0.0
4390,07-02 22:00:00+02:00,0.0,0.0,0.0,0.0,0.0,0.0
4391,07-02 23:00:00+02:00,0.0,0.0,0.0,0.0,0.0,0.0
4392,07-03 00:00:00+02:00,0.0,0.0,0.0,0.0,0.0,0.0
4393,07-03 01:00:00+02:00,0.0,0.0,0.0,0.0,0.0,0.0
4394,07-03 02:00:00+02:00,0.0,0.0,0.0,0.0,0.0,0.0
4395,07-03 03:00:00+02:00,0.0,0.0,0.0,0.0,0.0,0.0
4396,07-03 04:00:00+02:00,0.0,0.0,0.0,0.0,0.0,0.0
4397,07-03 05:00:00+02:00,0.0,0.0,0.0,0.0,0.0,0.0
4398,07-03 06:00:00+02:00,0.0,0.0,0.0,0.0,0.0,0.0
4399,07-03 07:00:00+02:00,0.0,0.0,0.0,0.0,0.0,0.0
4400,07-03 08:00:00+02:00,0.0,0.0,0.0,0.0,0.0,0.0
4401,07-03 09:00:00+02:00,0.0,0.0,0.0,0.0,0.0,0.0
4402,07-03 10:00:00+02:00,0.0,0.0,0.0,0.0,0.0,0.0
4403,07-03 11:00:00+02:00,0.0,0.0,0.0,0.0,0.0,0.0
4404,07-03 12:00:00+02:00,0.0,0.0,0.0,0.0,0.0,0.0
4405,07-03 13:00:00+02:00,0.0,0.0,0.0,0.0,0.0,0.0
4406,07-03 14:00:00+02:00,0.0,0.0,0.0,0.0,0.0,0.0
4407,07-03 15:00:00+02:00,0.0,0.0,0.0,0.0,0.0,0.0
4408,07-03 16:00:00+02:00,0.0,0.0,0.0,0.0,0.0,0.0
4409,07-03 17:00:00+02:00,0.0,0.0,0.0,0.0,0.0,0.0
4410,07-03 18:00:00+02:00,0.0,0.0,0.0,0.0,0.0,0.0
4411,07-03 19:00:00+02:00,0.0,0.0,0.0,0.0,0.0,0.0
4412,07-03 20:00:00+02:00,0.0,0.0,0.0,0.0,0.0,0.0
4413,07-03 21:00:00+02:00,0.0,0.0,0.0,0.0,0.0,0.0
4414,07-03 22:00:00+02:00,0.0,0.0,0.0,0.0,0.0,0.0
4415,07-03 23:00:00+02:00,0.0,0.0,0.0,0.0,0.0,0.0
4416,07-04 00:00:00+02:00,0.0,0.0,0.0,0.0,0.0,0.0
4417,07-04 01:00:00+02:00,0.0,0.0,0.0,0.0,0.0,0.0
4418,07-04 02:00:00+02:00,0.0,0.0,0.0,0.0,0.0,0.0
4419,07-04 03:00:00+02:00,0.0,0.0,0.0,0.0,0.0,0.0
4420,07-04 04:00:00+02:00,0.0,0.0,0.0,0.0,0.0,0.0
4421,07-04 05:00:00+02:00,0.0,0.0,0.0,0.0,0.0,0.0
4422,07-04 06:00:00+02:00,0.0,0.0,0.0,0.0,0.0,0.0
4423,07-04 07:00:00+02:00,0.0,0.0,0.0,0.0,0.0,0.0
4424,07-04 08:00:00+02:00,0.0,0.0,0.0,0.0,0.0,0.0
4425,07-04 09:00:00+02:00,0.0,0.0,0.0,0.0,0.0,0.0
4426,07-04 10:00:00+02:00,0.0,0.0,0.0,0.0,0.0,0.0
4427,07-04 11:00:00+02:00,0.0,0.0,0.0,0.0,0.0,0.0
4428,07-04 12:00:00+02:00,0.0,0.0,0.0,0.0,0.0,0.0
4429,07-04 13:00:00+02:00,0.0,0.0,0.0,0.0,0.0,0.0
4430,07-04 14:00:00+02:00,0.0,0.0,0.0,0.0,0.0,0.0
4431,07-04 15:00:00+02:00,0.0,0.0,0.0,0.0,0.0,0.0
4432,07-04 16:00:00+02:00,0.0,0.0,0.0,0.0,0.0,0.0
4433,07-04 17:00:00+02:00,0.0,0.0,0.0,0.0,0.0,0.0
4434,07-04 18:00:00+02:00,0.0,0.0,0.0,0.0,0.0,0.0
4435,07-04 19:00:00+02:00,0.0,0.0,0.0,0.0,0.0,0.0
4436,07-04 20:00:00+02:00,0.0,0.0,0.0,0.0,0.0,0.0
4437,07-04 21:00:00+02:00,0.0,0.0,0.0,0.0,0.0,0.0
4438,07-04 22:00:00+02:00,0.0,0.0,0.0,0.0,0.0,0.0
4439,07-04 23:00:00+02:00,0.0,0.0,0.0,0.0,0.0,0.0
4440,07-05 00:00:00+02:00,0.0,0.0,0.0,0.0,0.0,0.0
4441,07-05 01:00:00+02:00,0.0,0.0,0.0,0.0,0.0,0.0
4442,07-05 02:00:00+02:00,0.0,0.0,0.0,0.0,0.0,0.0
4443,07-05 03:00:00+02:00,0.0,0.0,0.0,0.0,0.0,0.0
4444,07-05 04:00:00+02:00,0.0,0.0,0.0,0.0,0.0,0.0
4445,07-05 05:00:00+02:00,0.0,0.0,0.0,0.0,0.0,0.0
4446,07-05 06:00:00+02:00,0.0,0.0,0.0,0.0,0.0,0.0
4447,07-05 07:00:00+02:00,0.0,0.0,0.0,0.0,0.0,0.0
4448,07-05 08:00:00+02:00,0.0,0.0,0.0,0.0,0.0,0.0
4449,07-05 09:00:00+02:00,0.0,0.0,0.0,0.0,0.0,0.0
4450,07-05 10:00:00+02:00,0.0,0.0,0.0,0.0,0.0,0.0
4451,07-05 11:00:00+02:00,0.0,0.0,0.0,0.0,0.0,0.0
4452,07-05 12:00:00+02:00,0.0,0.0,0.0,0.0,0.0,0.0
4453,07-05 13:00:00+02:00,0.0,0.0,0.0,0.0,0.0,0.0
4454,07-05 14:00:00+02:00,0.0,0.0,0.0,0.0,0.0,0.0
4455,07-05 15:00:00+02:00,0.0,0.0,0.0,0.0,0.0,0.0
4456,07-05 16:00:00+02:00,0.0,0.0,0.0,0.0,0.0,0.0
4457,07-05 17:00:00+02:00,0.0,0.0,0.0,0.0,0.0,0.0
4458,07-05 18:00:00+02:00,0.0,0.0,0.0,0.0,0.0,0.0
4459,07-05 19:00:00+02:00,0.0,0.0,0.0,0.0,0.0,0.0
4460,07-05 20:00:00+02:00,0.0,0.0,0.0,0.0,0.0,0.0
4461,07-05 21:00:00+02:00,0.0,0.0,0.0,0.0,0.0,0.0
4462,07-05 22:00:00+02:00,0.0,0.0,0.0,0.0,0.0,0.0
4463,07-05 23:00:00+02:00,0.0,0.0,0.0,0.0,0.0,0.0
4464,07-06 00:00:00+02:00,0.0,0.0,0.0,0.0,0.0,0.0
4465,07-06 01:00:00+02:00,0.0,0.0,0.0,0.0,0.0,0.0
4466,07-06 02:00:00+02:00,0.0,0.0,0.0,0.0,0.0,0.0
4467,07-06 03:00:00+02:00,0.0,0.0,0.0,0.0,0.0,0.0
4468,07-06 04:00:00+02:00,0.0,0.0,0.0,0.0,0.0,0.0
4469,07-06 05:00:00+02:00,0.0,0.0,0.0,0.0,0.0,0.0
4470,07-06 06:00:00+02:00,0.0,0.0,0.0,0.0,0.0,0.0
4471,07-06 07:00:00+02:00,0.0,0.0,0.0,0.0,0.0,0.0
4472,07-06 08:00:00+02:00,0.0,0.0,0.0,0.0,0.0,0.0
4473,07-06 09:00:00+02:00,0.0,0.0,0.0,0.0,0.0,0.0
4474,07-06 10:00:00+02:00,0.0,0.0,0.0,0.0,0.0,0.0
4475,07-06 11:00:00+02:00,0.0,0.0,0.0,0.0,0.0,0.0
4476,07-06 12:00:00+02:00,0.0,0.0,0.0,0.0,0.0,0.0
4477,07-06 13:00:00+02:00,0.0,0.0,0.0,0.0,0.0,0.0
4478,07-06 14:00:00+02:00,0.0,0.0,0.0,0.0,0.0,0.0
4479,07-06 15:00:00+02:00,0.0,0.0,0.0,0.0,0.0,0.0
4480,07-06 16:00:00+02:00,0.0,0.0,0.0,0.0,0.0,0.0
4481,07-06 17:00:00+02:00,0.0,0.0,0.0,0.0,0.0,0.0
4482,07-06 18:00:00+02:00,0.0,0.0,0.0,0.0,0.0,0.0
4483,07-06 19:00:00+02:00,0.0,0.0,0.0,0.0,0.0,0.0
4484,07-06 20:00:00+02:00,0.0,0.0,0.0,0.0,0.0,0.0
4485,07-06 21:00:00+02:00,0.0,0.0,0.0,0.0,0.0,0.0
4486,07-06 22:00:00+02:00,0.0,0.0,0.0,0.0,0.0,0.0
4487,07-06 23:00:00+02:00,0.0,0.0,0.0,0.0,0.0,0.0
4488,07-07 00:00:00+02:00,0.0,0.0,0.0,0.0,0.0,0.0
4489,07-07 01:00:00+02:00,0.0,0.0,0.0,0.0,0.0,0.0
4490,07-07 02:00:00+02:00,0.0,0.0,0.0,0.0,0.0,0.0
4491,07-07 03:00:00+02:00,0.0,0.0,0.0,0.0,0.0,0.0
4492,07-07 04:00:00+02:00,0.0,0.0,0.0,0.0,0.0,0.0
4493,07-07 05:00:00+02:00,0.0,0.0,0.0,0.0,0.0,0.0
4494,07-07 06:00:00+02:00,0.0,0.0,0.0,0.0,0.0,0.0
4495,07-07 07:00:00+02:00,0.0,0.0,0.0,0.0,0.0,0.0
4496,07-07 08:00:00+02:00,0.0,0.0,0.0,0.0,0.0,0.0
4497,07-07 09:00:00+02:00,0.0,0.0,0.0,0.0,0.0,0.0
4498,07-07 10:00:00+02:00,0.0,0.0,0.0,0.0,0.0,0.0
4499,07-07 11:00:00+02:00,0.0,0.0,0.0,0.0,0.0,0.0
4500,07-07 12:00:00+02:00,0.0,0.0,0.0,0.0,0.0,0.0
4501,07-07 13:00:00+02:00,0.0,0.0,0.0,0.0,0.0,0.0
4502,07-07 14:00:00+02:00,0.0,0.0,0.0,0.0,0.0,0.0
4503,07-07 15:00:00+02:00,0.0,0.0,0.0,0.0,0.0,0.0
4504,07-07 16:00:00+02:00,0.0,0.0,0.0,0.0,0.0,0.0
4505,07-07 17:00:00+02:00,0.0,0.0,0.0,0.0,0.0,0.0
4506,07-07 18:00:00+02:00,0.0,0.0,0.0,0.0,0.0,0.0
4507,07-07 19:00:00+02:00,0.0,0.0,0.0,0.0,0.0,0.0
4508,07-07 20:00:00+02:00,0.0,0.0,0.0,0.0,0.0,0.0
4509,07-07 21:00:00+02:00,0.0,0.0,0.0,0.0,0.0,0.0
4510,07-07 22:00:00+02:00,0.0,0.0,0.0,0.0,0.0,0.0
4511,07-07 23:00:00+02:00,0.0,0.0,0.0,0.0,0.0,0.0
4512,07-08 00:00:00+02:00,0.0,0.0,0.0,0.0,0.0,0.0
4513,07-08 01:00:00+02:00,0.0,0.0,0.0,0.0,0.0,0.0
4514,07-08 02:00:00+02:00,0.0,0.0,0.0,0.0,0.0,0.0
4515,07-08 03:00:00+02:00,0.0,0.0,0.0,0.0,0.0,0.0
4516,07-08 04:00:00+02:00,0.0,0.0,0.0,0.0,0.0,0.0
4517,07-08 05:00:00+02:00,0.0,0.0,0.0,0.0,0.0,0.0
4518,07-08 06:00:00+02:00,0.0,0.0,0.0,0.0,0.0,0.0
4519,07-08 07:00:00+02:00,0.0,0.0,0.0,0.0,0.0,0.0
4520,07-08 08:00:00+02:00,0.0,0.0,0.0,0.0,0.0,0.0
4521,07-08 09:00:00+02:00,0.0,0.0,0.0,0.0,0.0,0.0
4522,07-08 10:00:00+02:00,0.0,0.0,0.0,0.0,0.0,0.0
4523,07-08 11:00:00+02:00,0.0,0.0,0.0,0.0,0.0,0.0
4524,07-08 12:00:00+02:00,0.0,0.0,0.0,0.0,0.0,0.0
4525,07-08 13:00:00+02:00,0.0,0.0,0.0,0.0,0.0,0.0
4526,07-08 14:00:00+02:00,0.0,0.0,0.0,0.0,0.0,0.0
4527,07-08 15:00:00+02:00,0.0,0.0,0.0,0.0,0.0,0.0
4528,07-08 16:00:00+02:00,0.0,0.0,0.0,0.0,0.0,0.0
4529,07-08 17:00:00+02:00,0.0,0.0,0.0,0.0,0.0,0.0
4530,07-08 18:00:00+02:00,0.0,0.0,0.0,0.0,0.0,0.0
4531,07-08 19:00:00+02:00,0.0,0.0,0.0,0.0,0.0,0.0
4532,07-08 20:00:00+02:00,0.0,0.0,0.0,0.0,0.0,0.0
4533,07-08 21:00:00+02:00,0.0,0.0,0.0,0.0,0.0,0.0
4534,07-08 22:00:00+02:00,0.0,0.0,0.0,0.0,0.0,0.0
4535,07-08 23:00:00+02:00,0.0,0.0,0.0,0.0,0.0,0.0
4536,07-09 00:00:00+02:00,0.0,0.0,0.0,0.0,0.0,0.0
4537,07-09 01:00:00+02:00,0.0,0.0,0.0,0.0,0.0,0.0
4538,07-09 02:00:00+02:00,0.0,0.0,0.0,0.0,0.0,0.0
4539,07-09 03:00:00+02:00,0.0,0.0,0.0,0.0,0.0,0.0
4540,07-09 04:00:00+02:00,0.0,0.0,0.0,0.0,0.0,0.0
4541,07-09 05:00:00+02:00,0.0,0.0,0.0,0.0,0.0,0.0
4542,07-09 06:00:00+02:00,0.0,0.0,0.0,0.0,0.0,0.0
4543,07-09 07:00:00+02:00,0.0,0.0,0.0,0.0,0.0,0.0
4544,07-09 08:00:00+02:00,0.0,0.0,0.0,0.0,0.0,0.0
4545,07-09 09:00:00+02:00,0.0,0.0,0.0,0.0,0.0,0.0
4546,07-09 10:00:00+02:00,0.0,0.0,0.0,0.0,0.0,0.0
4547,07-09 11:00:00+02:00,0.0,0.0,0.0,0.0,0.0,0.0
4548,07-09 12:00:00+02:00,0.0,0.0,0.0,0.0,0.0,0.0
4549,07-09 13:00:00+02:00,0.0,0.0,0.0,0.0,0.0,0.0
4550,07-09 14:00:00+02:00,0.0,0.0,0.0,0.0,0.0,0.0
4551,07-09 15:00:00+02:00,0.0,0.0,0.0,0.0,0.0,0.0
4552,07-09 16:00:00+02:00,0.0,0.0,0.0,0.0,0.0,0.0
4553,07-09 17:00:00+02:00,0.0,0.0,0.0,0.0,0.0,0.0
4554,07-09 18:00:00+02:00,0.0,0.0,0.0,0.0,0.0,0.0
4555,07-09 19:00:00+02:00,0.0,0.0,0.0,0.0,0.0,0.0
4556,07-09 20:00:00+02:00,0.0,0.0,0.0,0.0,0.0,0.0
4557,07-09 21:00:00+02:00,0.0,0.0,0.0,0.0,0.0,0.0
4558,07-09 22:00:00+02:00,0.0,0.0,0.0,0.0,0.0,0.0
4559,07-09 23:00:00+02:00,0.0,0.0,0.0,0.0,0.0,0.0
4560,07-10 00:00:00+02:00,0.0,0.0,0.0,0.0,0.0,0.0
4561,07-10 01:00:00+02:00,0.0,0.0,0.0,0.0,0.0,0.0
4562,07-10 02:00:00+02:00,0.0,0.0,0.0,0.0,0.0,0.0
4563,07-10 03:00:00+02:00,0.0,0.0,0.0,0.0,0.0,0.0
4564,07-10 04:00:00+02:00,0.0,0.0,0.0,0.0,0.0,0.0
4565,07-10 05:00:00+02:00,0.0,0.0,0.0,0.0,0.0,0.0
4566,07-10 06:00:00+02:00,0.0,0.0,0.0,0.0,0.0,0.0
4567,07-10 07:00:00+02:00,0.0,0.0,0.0,0.0,0.0,0.0
4568,07-10 08:00:00+02:00,0.0,0.0,0.0,0.0,0.0,0.0
4569,07-10 09:00:00+02:00,0.0,0.0,0.0,0.0,0.0,0.0
4570,07-10 10:00:00+02:00,0.0,0.0,0.0,0.0,0.0,0.0
4571,07-10 11:00:00+02:00,0.0,0.0,0.0,0.0,0.0,0.0
4572,07-10 12:00:00+02:00,0.0,0.0,0.0,0.0,0.0,0.0
4573,07-10 13:00:00+02:00,0.0,0.0,0.0,0.0,0.0,0.0
4574,07-10 14:00:00+02:00,0.0,0.0,0.0,0.0,0.0,0.0
4575,07-10 15:00:00+02:00,0.0,0.0,0.0,0.0,0.0,0.0
4576,07-10 16:00:00+02:00,0.0,0.0,0.0,0.0,0.0,0.0
4577,07-10 17:00:00+02:00,0.0,0.0,0.0,0.0,0.0,0.0
4578,07-10 18:00:00+02:00,0.0,0.0,0.0,0.0,0.0,0.0
4579,07-10 19:00:00+02:00,0.0,0.0,0.0,0.0,0.0,0.0
4580,07-10 20:00:00+02:00,0.0,0.0,0.0,0.0,0.0,0.0
4581,07-10 21:00:00+02:00,0.0,0.0,0.0,0.0,0.0,0.0
4582,07-10 22:00:00+02:00,0.0,0.0,0.0,0.0,0.0,0.0
4583,07-10 23:00:00+02:00,0.0,0.0,0.0,0.0,0.0,0.0
4584,07-11 00:00:00+02:00,0.0,0.0,0.0,0.0,0.0,0.0
4585,07-11 01:00:00+02:00,0.0,0.0,0.0,0.0,0.0,0.0
4586,07-11 02:00:00+02:00,0.0,0.0,0.0,0.0,0.0,0.0
4587,07-11 03:00:00+02:00,0.0,0.0,0.0,0.0,0.0,0.0
4588,07-11 04:00:00+02:00,0.0,0.0,0.0,0.0,0.0,0.0
4589,07-11 05:00:00+02:00,0.0,0.0,0.0,0.0,0.0,0.0
4590,07-11 06:00:00+02:00,0.0,0.0,0.0,0.0,0.0,0.0
4591,07-11 07:00:00+02:00,0.0,0.0,0.0,0.0,0.0,0.0
4592,07-11 08:00:00+02:00,0.0,0.0,0.0,0.0,0.0,0.0
4593,07-11 09:00:00+02:00,0.0,0.0,0.0,0.0,0.0,0.0
4594,07-11 10:00:00+02:00,0.0,0.0,0.0,0.0,0.0,0.0
4595,07-11 11:00:00+02:00,0.0,0.0,0.0,0.0,0.0,0.0
4596,07-11 12:00:00+02:00,0.0,0.0,0.0,0.0,0.0,0.0
4597,07-11 13:00:00+02:00,0.0,0.0,0.0,0.0,0.0,0.0
4598,07-11 14:00:00+02:00,0.0,0.0,0.0,0.0,0.0,0.0
4599,07-11 15:00:00+02:00,0.0,0.0,0.0,0.0,0.0,0.0
4600,07-11 16:00:00+02:00,0.0,0.0,0.0,0.0,0.0,0.0
4601,07-11 17:00:00+02:00,0.0,0.0,0.0,0.0,0.0,0.0
4602,07-11 18:00:00+02:00,0.0,0.0,0.0,0.0,0.0,0.0
4603,07-11 19:00:00+02:00,0.0,0.0,0.0,0.0,0.0,0.0
4604,07-11 20:00:00+02:00,0.0,0.0,0.0,0.0,0.0,0.0
4605,07-11 21:00:00+02:00,0.0,0.0,0.0,0.0,0.0,0.0
4606,07-11 22:00:00+02:00,0.0,0.0,0.0,0.0,0.0,0.0
4607,07-11 23:00:00+02:00,0.0,0.0,0.0,0.0,0.0,0.0
4608,07-12 00:00:00+02:00,0.0,0.0,0.0,0.0,0.0,0.0
4609,07-12 01:00:00+02:00,0.0,0.0,0.0,0.0,0.0,0.0
4610,07-12 02:00:00+02:00,0.0,0.0,0.0,0.0,0.0,0.0
4611,07-12 03:00:00+02:00,0.0,0.0,0.0,0.0,0.0,0.0
4612,07-12 04:00:00+02:00,0.0,0.0,0.0,0.0,0.0,0.0
4613,07-12 05:00:00+02:00,0.0,0.0,0.0,0.0,0.0,0.0
4614,07-12 06:00:00+02:00,0.0,0.0,0.0,0.0,0.0,0.0
4615,07-12 07:00:00+02:00,0.0,0.0,0.0,0.0,0.0,0.0
4616,07-12 08:00:00+02:00,0.0,0.0,0.0,0.0,0.0,0.0
4617,07-12 09:00:00+02:00,0.0,0.0,0.0,0.0,0.0,0.0
4618,07-12 10:00:00+02:00,0.0,0.0,0.0,0.0,0.0,0.0
4619,07-12 11:00:00+02:00,0.0,0.0,0.0,0.0,0.0,0.0
4620,07-12 12:00:00+02:00,0.0,0.0,0.0,0.0,0.0,0.0
4621,07-12 13:00:00+02:00,0.0,0.0,0.0,0.0,0.0,0.0
4622,07-12 14:00:00+02:00,0.0,0.0,0.0,0.0,0.0,0.0
4623,07-12 15:00:00+02:00,0.0,0.0,0.0,0.0,0.0,0.0
4624,07-12 16:00:00+02:00,0.0,0.0,0.0,0.0,0.0,0.0
4625,07-12 17:00:00+02:00,0.0,0.0,0.0,0.0,0.0,0.0
4626,07-12 18:00:00+02:00,0.0,0.0,0.0,0.0,0.0,0.0
4627,07-12 19:00:00+02:00,0.0,0.0,0.0,0.0,0.0,0.0
4628,07-12 20:00:00+02:00,0.0,0.0,0.0,0.0,0.0,0.0
4629,07-12 21:00:00+02:00,0.0,0.0,0.0,0.0,0.0,0.0
4630,07-12 22:00:00+02:00,0.0,0.0,0.0,0.0,0.0,0.0
4631,07-12 23:00:00+02:00,0.0,0.0,0.0,0.0,0.0,0.0
4632,07-13 00:00:00+02:00,0.0,0.0,0.0,0.0,0.0,0.0
4633,07-13 01:00:00+02:00,0.0,0.0,0.0,0.0,0.0,0.0
4634,07-13 02:00:00+02:00,0.0,0.0,0.0,0.0,0.0,0.0
4635,07-13 03:00:00+02:00,0.0,0.0,0.0,0.0,0.0,0.0
4636,07-13 04:00:00+02:00,0.0,0.0,0.0,0.0,0.0,0.0
4637,07-13 05:00:00+02:00,0.0,0.0,0.0,0.0,0.0,0.0
4638,07-13 06:00:00+02:00,0.0,0.0,0.0,0.0,0.0,0.0
4639,07-13 07:00:00+02:00,0.0,0.0,0.0,0.0,0.0,0.0
4640,07-13 08:00:00+02:00,0.0,0.0,0.0,0.0,0.0,0.0
4641,07-13 09:00:00+02:00,0.0,0.0,0.0,0.0,0.0,0.0
4642,07-13 10:00:00+02:00,0.0,0.0,0.0,0.0,0.0,0.0
4643,07-13 11:00:00+02:00,0.0,0.0,0.0,0.0,0.0,0.0
4644,07-13 12:00:00+02:00,0.0,0.0,0.0,0.0,0.0,0.0
4645,07-13 13:00:00+02:00,0.0,0.0,0.0,0.0,0.0,0.0
4646,07-13 14:00:00+02:00,0.0,0.0,0.0,0.0,0.0,0.0
4647,07-13 15:00:00+02:00,0.0,0.0,0.0,0.0,0.0,0.0
4648,07-13 16:00:00+02:00,0.0,0.0,0.0,0.0,0.0,0.0
4649,07-13 17:00:00+02:00,0.0,0.0,0.0,0.0,0.0,0.0
4650,07-13 18:00:00+02:00,0.0,0.0,0.0,0.0,0.0,0.0
4651,07-13 19:00:00+02:00,0.0,0.0,0.0,0.0,0.0,0.0
4652,07-13 20:00:00+02:00,0.0,0.0,0.0,0.0,0.0,0.0
4653,07-13 21:00:00+02:00,0.0,0.0,0.0,0.0,0.0,0.0
4654,07-13 22:00:00+02:00,0.0,0.0,0.0,0.0,0.0,0.0
4655,07-13 23:00:00+02:00,0.0,0.0,0.0,0.0,0.0,0.0
4656,07-14 00:00:00+02:00,0.0,0.0,0.0,0.0,0.0,0.0
4657,07-14 01:00:00+02:00,0.0,0.0,0.0,0.0,0.0,0.0
4658,07-14 02:00:00+02:00,0.0,0.0,0.0,0.0,0.0,0.0
4659,07-14 03:00:00+02:00,0.0,0.0,0.0,0.0,0.0,0.0
4660,07-14 04:00:00+02:00,0.0,0.0,0.0,0.0,0.0,0.0
4661,07-14 05:00:00+02:00,0.0,0.0,0.0,0.0,0.0,0.0
4662,07-14 06:00:00+02:00,0.0,0.0,0.0,0.0,0.0,0.0
4663,07-14 07:00:00+02:00,0.0,0.0,0.0,0.0,0.0,0.0
4664,07-14 08:00:00+02:00,0.0,0.0,0.0,0.0,0.0,0.0
4665,07-14 09:00:00+02:00,0.0,0.0,0.0,0.0,0.0,0.0
4666,07-14 10:00:00+02:00,0.0,0.0,0.0,0.0,0.0,0.0
4667,07-14 11:00:00+02:00,0.0,0.0,0.0,0.0,0.0,0.0
4668,07-14 12:00:00+02:00,0.0,0.0,0.0,0.0,0.0,0.0
4669,07-14 13:00:00+02:00,0.0,0.0,0.0,0.0,0.0,0.0
4670,07-14 14:00:00+02:00,0.0,0.0,0.0,0.0,0.0,0.0
4671,07-14 15:00:00+02:00,0.0,0.0,0.0,0.0,0.0,0.0
4672,07-14 16:00:00+02:00,0.0,0.0,0.0,0.0,0.0,0.0
4673,07-14 17:00:00+02:00,0.0,0.0,0.0,0.0,0.0,0.0
4674,07-14 18:00:00+02:00,0.0,0.0,0.0,0.0,0.0,0.0
4675,07-14 19:00:00+02:00,0.0,0.0,0.0,0.0,0.0,0.0
4676,07-14 20:00:00+02:00,0.0,0.0,0.0,0.0,0.0,0.0
4677,07-14 21:00:00+02:00,0.0,0.0,0.0,0.0,0.0,0.0
4678,07-14 22:00:00+02:00,0.0,0.0,0.0,0.0,0.0,0.0
4679,07-14 23:00:00+02:00,0.0,0.0,0.0,0.0,0.0,0.0
4680,07-15 00:00:00+02:00,0.0,0.0,0.0,0.0,0.0,0.0
4681,07-15 01:00:00+02:00,0.0,0.0,0.0,0.0,0.0,0.0
4682,07-15 02:00:00+02:00,0.0,0.0,0.0,0.0,0.0,0.0
4683,07-15 03:00:00+02:00,0.0,0.0,0.0,0.0,0.0,0.0
4684,07-15 04:00:00+02:00,0.0,0.0,0.0,0.0,0.0,0.0
4685,07-15 05:00:00+02:00,0.0,0.0,0.0,0.0,0.0,0.0
4686,07-15 06:00:00+02:00,0.0,0.0,0.0,0.0,0.0,0.0
4687,07-15 07:00:00+02:00,0.0,0.0,0.0,0.0,0.0,0.0
4688,07-15 08:00:00+02:00,0.0,0.0,0.0,0.0,0.0,0.0
4689,07-15 09:00:00+02:00,0.0,0.0,0.0,0.0,0.0,0.0
4690,07-15 10:00:00+02:00,0.0,0.0,0.0,0.0,0.0,0.0
4691,07-15 11:00:00+02:00,0.0,0.0,0.0,0.0,0.0,0.0
4692,07-15 12:00:00+02:00,0.0,0.0,0.0,0.0,0.0,0.0
4693,07-15 13:00:00+02:00,0.0,0.0,0.0,0.0,0.0,0.0
4694,07-15 14:00:00+02:00,0.0,0.0,0.0,0.0,0.0,0.0
4695,07-15 15:00:00+02:00,0.0,0.0,0.0,0.0,0.0,0.0
4696,07-15 16:00:00+02:00,0.0,0.0,0.0,0.0,0.0,0.0
4697,07-15 17:00:00+02:00,0.0,0.0,0.0,0.0,0.0,0.0
4698,07-15 18:00:00+02:00,0.0,0.0,0.0,0.0,0.0,0.0
4699,07-15 19:00:00+02:00,0.0,0.0,0.0,0.0,0.0,0.0
4700,07-15 20:00:00+02:00,0.0,0.0,0.0,0.0,0.0,0.0
4701,07-15 21:00:00+02:00,0.0,0.0,0.0,0.0,0.0,0.0
4702,07-15 22:00:00+02:00,0.0,0.0,0.0,0.0,0.0,0.0
4703,07-15 23:00:00+02:00,0.0,0.0,0.0,0.0,0.0,0.0
4704,07-16 00:00:00+02:00,0.0,0.0,0.0,0.0,0.0,0.0
4705,07-16 01:00:00+02:00,0.0,0.0,0.0,0.0,0.0,0.0
4706,07-16 02:00:00+02:00,0.0,0.0,0.0,0.0,0.0,0.0
4707,07-16 03:00:00+02:00,0.0,0.0,0.0,0.0,0.0,0.0
4708,07-16 04:00:00+02:00,0.0,0.0,0.0,0.0,0.0,0.0
4709,07-16 05:00:00+02:00,0.0,0.0,0.0,0.0,0.0,0.0
4710,07-16 06:00:00+02:00,0.0,0.0,0.0,0.0,0.0,0.0
4711,07-16 07:00:00+02:00,0.0,0.0,0.0,0.0,0.0,0.0
4712,07-16 08:00:00+02:00,0.0,0.0,0.0,0.0,0.0,0.0
4713,07-16 09:00:00+02:00,0.0,0.0,0.0,0.0,0.0,0.0
4714,07-16 10:00:00+02:00,0.0,0.0,0.0,0.0,0.0,0.0
4715,07-16 11:00:00+02:00,0.0,0.0,0.0,0.0,0.0,0.0
4716,07-16 12:00:00+02:00,0.0,0.0,0.0,0.0,0.0,0.0
4717,07-16 13:00:00+02:00,0.0,0.0,0.0,0.0,0.0,0.0
4718,07-16 14:00:00+02:00,0.0,0.0,0.0,0.0,0.0,0.0
4719,07-16 15:00:00+02:00,0.0,0.0,0.0,0.0,0.0,0.0
4720,07-16 16:00:00+02:00,0.0,0.0,0.0,0.0,0.0,0.0
4721,07-16 17:00:00+02:00,0.0,0.0,0.0,0.0,0.0,0.0
4722,07-16 18:00:00+02:00,0.0,0.0,0.0,0.0,0.0,0.0
4723,07-16 19:00:00+02:00,0.0,0.0,0.0,0.0,0.0,0.0
4724,07-16 20:00:00+02:00,0.0,0.0,0.0,0.0,0.0,0.0
4725,07-16 21:00:00+02:00,0.0,0.0,0.0,0.0,0.0,0.0
4726,07-16 22:00:00+02:00,0.0,0.0,0.0,0.0,0.0,0.0
4727,07-16 23:00:00+02:00,0.0,0.0,0.0,0.0,0.0,0.0
4728,07-17 00:00:00+02:00,0.0,0.0,0.0,0.0,0.0,0.0
4729,07-17 01:00:00+02:00,0.0,0.0,0.0,0.0,0.0,0.0
4730,07-17 02:00:00+02:00,0.0,0.0,0.0,0.0,0.0,0.0
4731,07-17 03:00:00+02:00,0.0,0.0,0.0,0.0,0.0,0.0
4732,07-17 04:00:00+02:00,0.0,0.0,0.0,0.0,0.0,0.0
4733,07-17 05:00:00+02:00,0.0,0.0,0.0,0.0,0.0,0.0
4734,07-17 06:00:00+02:00,0.0,0.0,0.0,0.0,0.0,0.0
4735,07-17 07:00:00+02:00,0.0,0.0,0.0,0.0,0.0,0.0
4736,07-17 08:00:00+02:00,0.0,0.0,0.0,0.0,0.0,0.0
4737,07-17 09:00:00+02:00,0.0,0.0,0.0,0.0,0.0,0.0
4738,07-17 10:00:00+02:00,0.0,0.0,0.0,0.0,0.0,0.0
4739,07-17 11:00:00+02:00,0.0,0.0,0.0,0.0,0.0,0.0
4740,07-17 12:00:00+02:00,0.0,0.0,0.0,0.0,0.0,0.0
4741,07-17 13:00:00+02:00,0.0,0.0,0.0,0.0,0.0,0.0
4742,07-17 14:00:00+02:00,0.0,0.0,0.0,0.0,0.0,0.0
4743,07-17 15:00:00+02:00,0.0,0.0,0.0,0.0,0.0,0.0
4744,07-17 16:00:00+02:00,0.0,0.0,0.0,0.0,0.0,0.0
4745,07-17 17:00:00+02:00,0.0,0.0,0.0,0.0,0.0,0.0
4746,07-17 18:00:00+02:00,0.0,0.0,0.0,0.0,0.0,0.0
4747,07-17 19:00:00+02:00,0.0,0.0,0.0,0.0,0.0,0.0
4748,07-17 20:00:00+02:00,0.0,0.0,0.0,0.0,0.0,0.0
4749,07-17 21:00:00+02:00,0.0,0.0,0.0,0.0,0.0,0.0
4750,07-17 22:00:00+02:00,0.0,0.0,0.0,0.0,0.0,0.0
4751,07-17 23:00:00+02:00,0.0,0.0,0.0,0.0,0.0,0.0
4752,07-18 00:00:00+02:00,0.0,0.0,0.0,0.0,0.0,0.0
4753,07-18 01:00:00+02:00,0.0,0.0,0.0,0.0,0.0,0.0
4754,07-18 02:00:00+02:00,0.0,0.0,0.0,0.0,0.0,0.0
4755,07-18 03:00:00+02:00,0.0,0.0,0.0,0.0,0.0,0.0
4756,07-18 04:00:00+02:00,0.0,0.0,0.0,0.0,0.0,0.0
4757,07-18 05:00:00+02:00,0.0,0.0,0.0,0.0,0.0,0.0
4758,07-18 06:00:00+02:00,0.0,0.0,0.0,0.0,0.0,0.0
4759,07-18 07:00:00+02:00,0.0,0.0,0.0,0.0,0.0,0.0
4760,07-18 08:00:00+02:00,0.0,0.0,0.0,0.0,0.0,0.0
4761,07-18 09:00:00+02:00,0.0,0.0,0.0,0.0,0.0,0.0
4762,07-18 10:00:00+02:00,0.0,0.0,0.0,0.0,0.0,0.0
4763,07-18 11:00:00+02:00,0.0,0.0,0.0,0.0,0.0,0.0
4764,07-18 12:00:00+02:00,0.0,0.0,0.0,0.0,0.0,0.0
4765,07-18 13:00:00+02:00,0.0,0.0,0.0,0.0,0.0,0.0
4766,07-18 14:00:00+02:00,0.0,0.0,0.0,0.0,0.0,0.0
4767,07-18 15:00:00+02:00,0.0,0.0,0.0,0.0,0.0,0.0
4768,07-18 16:00:00+02:00,0.0,0.0,0.0,0.0,0.0,0.0
4769,07-18 17:00:00+02:00,0.0,0.0,0.0,0.0,0.0,0.0
4770,07-18 18:00:00+02:00,0.0,0.0,0.0,0.0,0.0,0.0
4771,07-18 19:00:00+02:00,0.0,0.0,0.0,0.0,0.0,0.0
4772,07-18 20:00:00+02:00,0.0,0.0,0.0,0.0,0.0,0.0
4773,07-18 21:00:00+02:00,0.0,0.0,0.0,0.0,0.0,0.0
4774,07-18 22:00:00+02:00,0.0,0.0,0.0,0.0,0.0,0.0
4775,07-18 23:00:00+02:00,0.0,0.0,0.0,0.0,0.0,0.0
4776,07-19 00:00:00+02:00,0.0,0.0,0.0,0.0,0.0,0.0
4777,07-19 01:00:00+02:00,0.0,0.0,0.0,0.0,0.0,0.0
4778,07-19 02:00:00+02:00,0.0,0.0,0.0,0.0,0.0,0.0
4779,07-19 03:00:00+02:00,0.0,0.0,0.0,0.0,0.0,0.0
4780,07-19 04:00:00+02:00,0.0,0.0,0.0,0.0,0.0,0.0
4781,07-19 05:00:00+02:00,0.0,0.0,0.0,0.0,0.0,0.0
4782,07-19 06:00:00+02:00,0.0,0.0,0.0,0.0,0.0,0.0
4783,07-19 07:00:00+02:00,0.0,0.0,0.0,0.0,0.0,0.0
4784,07-19 08:00:00+02:00,0.0,0.0,0.0,0.0,0.0,0.0
4785,07-19 09:00:00+02:00,0.0,0.0,0.0,0.0,0.0,0.0
4786,07-19 10:00:00+02:00,0.0,0.0,0.0,0.0,0.0,0.0
4787,07-19 11:00:00+02:00,0.0,0.0,0.0,0.0,0.0,0.0
4788,07-19 12:00:00+02:00,0.0,0.0,0.0,0.0,0.0,0.0
4789,07-19 13:00:00+02:00,0.0,0.0,0.0,0.0,0.0,0.0
4790,07-19 14:00:00+02:00,0.0,0.0,0.0,0.0,0.0,0.0
4791,07-19 15:00:00+02:00,0.0,0.0,0.0,0.0,0.0,0.0
4792,07-19 16:00:00+02:00,0.0,0.0,0.0,0.0,0.0,0.0
4793,07-19 17:00:00+02:00,0.0,0.0,0.0,0.0,0.0,0.0
4794,07-19 18:00:00+02:00,0.0,0.0,0.0,0.0,0.0,0.0
4795,07-19 19:00:00+02:00,0.0,0.0,0.0,0.0,0.0,0.0
4796,07-19 20:00:00+02:00,0.0,0.0,0.0,0.0,0.0,0.0
4797,07-19 21:00:00+02:00,0.0,0.0,0.0,0.0,0.0,0.0
4798,07-19 22:00:00+02:00,0.0,0.0,0.0,0.0,0.0,0.0
4799,07-19 23:00:00+02:00,0.0,0.0,0.0,0.0,0.0,0.0
4800,07-20 00:00:00+02:00,0.0,0.0,0.0,0.0,0.0,0.0
4801,07-20 01:00:00+02:00,0.0,0.0,0.0,0.0,0.0,0.0
4802,07-20 02:00:00+02:00,0.0,0.0,0.0,0.0,0.0,0.0
4803,07-20 03:00:00+02:00,0.0,0.0,0.0,0.0,0.0,0.0
4804,07-20 04:00:00+02:00,0.0,0.0,0.0,0.0,0.0,0.0
4805,07-20 05:00:00+02:00,0.0,0.0,0.0,0.0,0.0,0.0
4806,07-20 06:00:00+02:00,0.0,0.0,0.0,0.0,0.0,0.0
4807,07-20 07:00:00+02:00,0.0,0.0,0.0,0.0,0.0,0.0
4808,07-20 08:00:00+02:00,0.0,0.0,0.0,0.0,0.0,0.0
4809,07-20 09:00:00+02:00,0.0,0.0,0.0,0.0,0.0,0.0
4810,07-20 10:00:00+02:00,0.0,0.0,0.0,0.0,0.0,0.0
4811,07-20 11:00:00+02:00,0.0,0.0,0.0,0.0,0.0,0.0
4812,07-20 12:00:00+02:00,0.0,0.0,0.0,0.0,0.0,0.0
4813,07-20 13:00:00+02:00,0.0,0.0,0.0,0.0,0.0,0.0
4814,07-20 14:00:00+02:00,0.0,0.0,0.0,0.0,0.0,0.0
4815,07-20 15:00:00+02:00,0.0,0.0,0.0,0.0,0.0,0.0
4816,07-20 16:00:00+02:00,0.0,0.0,0.0,0.0,0.0,0.0
4817,07-20 17:00:00+02:00,0.0,0.0,0.0,0.0,0.0,0.0
4818,07-20 18:00:00+02:00,0.0,0.0,0.0,0.0,0.0,0.0
4819,07-20 19:00:00+02:00,0.0,0.0,0.0,0.0,0.0,0.0
4820,07-20 20:00:00+02:00,0.0,0.0,0.0,0.0,0.0,0.0
4821,07-20 21:00:00+02:00,0.0,0.0,0.0,0.0,0.0,0.0
4822,07-20 22:00:00+02:00,0.0,0.0,0.0,0.0,0.0,0.0
4823,07-20 23:00:00+02:00,0.0,0.0,0.0,0.0,0.0,0.0
4824,07-21 00:00:00+02:00,0.0,0.0,0.0,0.0,0.0,0.0
4825,07-21 01:00:00+02:00,0.0,0.0,0.0,0.0,0.0,0.0
4826,07-21 02:00:00+02:00,0.0,0.0,0.0,0.0,0.0,0.0
4827,07-21 03:00:00+02:00,0.0,0.0,0.0,0.0,0.0,0.0
4828,07-21 04:00:00+02:00,0.0,0.0,0.0,0.0,0.0,0.0
4829,07-21 05:00:00+02:00,0.0,0.0,0.0,0.0,0.0,0.0
4830,07-21 06:00:00+02:00,0.0,0.0,0.0,0.0,0.0,0.0
4831,07-21 07:00:00+02:00,0.0,0.0,0.0,0.0,0.0,0.0
4832,07-21 08:00:00+02:00,0.0,0.0,0.0,0.0,0.0,0.0
4833,07-21 09:00:00+02:00,0.0,0.0,0.0,0.0,0.0,0.0
4834,07-21 10:00:00+02:00,0.0,0.0,0.0,0.0,0.0,0.0
4835,07-21 11:00:00+02:00,0.0,0.0,0.0,0.0,0.0,0.0
4836,07-21 12:00:00+02:00,0.0,0.0,0.0,0.0,0.0,0.0
4837,07-21 13:00:00+02:00,0.0,0.0,0.0,0.0,0.0,0.0
4838,07-21 14:00:00+02:00,0.0,0.0,0.0,0.0,0.0,0.0
4839,07-21 15:00:00+02:00,0.0,0.0,0.0,0.0,0.0,0.0
4840,07-21 16:00:00+02:00,0.0,0.0,0.0,0.0,0.0,0.0
4841,07-21 17:00:00+02:00,0.0,0.0,0.0,0.0,0.0,0.0
4842,07-21 18:00:00+02:00,0.0,0.0,0.0,0.0,0.0,0.0
4843,07-21 19:00:00+02:00,0.0,0.0,0.0,0.0,0.0,0.0
4844,07-21 20:00:00+02:00,0.0,0.0,0.0,0.0,0.0,0.0
4845,07-21 21:00:00+02:00,0.0,0.0,0.0,0.0,0.0,0.0
4846,07-21 22:00:00+02:00,0.0,0.0,0.0,0.0,0.0,0.0
4847,07-21 23:00:00+02:00,0.0,0.0,0.0,0.0,0.0,0.0
4848,07-22 00:00:00+02:00,0.0,0.0,0.0,0.0,0.0,0.0
4849,07-22 01:00:00+02:00,0.0,0.0,0.0,0.0,0.0,0.0
4850,07-22 02:00:00+02:00,0.0,0.0,0.0,0.0,0.0,0.0
4851,07-22 03:00:00+02:00,0.0,0.0,0.0,0.0,0.0,0.0
4852,07-22 04:00:00+02:00,0.0,0.0,0.0,0.0,0.0,0.0
4853,07-22 05:00:00+02:00,0.0,0.0,0.0,0.0,0.0,0.0
4854,07-22 06:00:00+02:00,0.0,0.0,0.0,0.0,0.0,0.0
4855,07-22 07:00:00+02:00,0.0,0.0,0.0,0.0,0.0,0.0
4856,07-22 08:00:00+02:00,0.0,0.0,0.0,0.0,0.0,0.0
4857,07-22 09:00:00+02:00,0.0,0.0,0.0,0.0,0.0,0.0
4858,07-22 10:00:00+02:00,0.0,0.0,0.0,0.0,0.0,0.0
4859,07-22 11:00:00+02:00,0.0,0.0,0.0,0.0,0.0,0.0
4860,07-22 12:00:00+02:00,0.0,0.0,0.0,0.0,0.0,0.0
4861,07-22 13:00:00+02:00,0.0,0.0,0.0,0.0,0.0,0.0
4862,07-22 14:00:00+02:00,0.0,0.0,0.0,0.0,0.0,0.0
4863,07-22 15:00:00+02:00,0.0,0.0,0.0,0.0,0.0,0.0
4864,07-22 16:00:00+02:00,0.0,0.0,0.0,0.0,0.0,0.0
4865,07-22 17:00:00+02:00,0.0,0.0,0.0,0.0,0.0,0.0
4866,07-22 18:00:00+02:00,0.0,0.0,0.0,0.0,0.0,0.0
4867,07-22 19:00:00+02:00,0.0,0.0,0.0,0.0,0.0,0.0
4868,07-22 20:00:00+02:00,0.0,0.0,0.0,0.0,0.0,0.0
4869,07-22 21:00:00+02:00,0.0,0.0,0.0,0.0,0.0,0.0
4870,07-22 22:00:00+02:00,0.0,0.0,0.0,0.0,0.0,0.0
4871,07-22 23:00:00+02:00,0.0,0.0,0.0,0.0,0.0,0.0
4872,07-23 00:00:00+02:00,0.0,0.0,0.0,0.0,0.0,0.0
4873,07-23 01:00:00+02:00,0.0,0.0,0.0,0.0,0.0,0.0
4874,07-23 02:00:00+02:00,0.0,0.0,0.0,0.0,0.0,0.0
4875,07-23 03:00:00+02:00,0.0,0.0,0.0,0.0,0.0,0.0
4876,07-23 04:00:00+02:00,0.0,0.0,0.0,0.0,0.0,0.0
4877,07-23 05:00:00+02:00,0.0,0.0,0.0,0.0,0.0,0.0
4878,07-23 06:00:00+02:00,0.0,0.0,0.0,0.0,0.0,0.0
4879,07-23 07:00:00+02:00,0.0,0.0,0.0,0.0,0.0,0.0
4880,07-23 08:00:00+02:00,0.0,0.0,0.0,0.0,0.0,0.0
4881,07-23 09:00:00+02:00,0.0,0.0,0.0,0.0,0.0,0.0
4882,07-23 10:00:00+02:00,0.0,0.0,0.0,0.0,0.0,0.0
4883,07-23 11:00:00+02:00,0.0,0.0,0.0,0.0,0.0,0.0
4884,07-23 12:00:00+02:00,0.0,0.0,0.0,0.0,0.0,0.0
4885,07-23 13:00:00+02:00,0.0,0.0,0.0,0.0,0.0,0.0
4886,07-23 14:00:00+02:00,0.0,0.0,0.0,0.0,0.0,0.0
4887,07-23 15:00:00+02:00,0.0,0.0,0.0,0.0,0.0,0.0
4888,07-23 16:00:00+02:00,0.0,0.0,0.0,0.0,0.0,0.0
4889,07-23 17:00:00+02:00,0.0,0.0,0.0,0.0,0.0,0.0
4890,07-23 18:00:00+02:00,0.0,0.0,0.0,0.0,0.0,0.0
4891,07-23 19:00:00+02:00,0.0,0.0,0.0,0.0,0.0,0.0
4892,07-23 20:00:00+02:00,0.0,0.0,0.0,0.0,0.0,0.0
4893,07-23 21:00:00+02:00,0.0,0.0,0.0,0.0,0.0,0.0
4894,07-23 22:00:00+02:00,0.0,0.0,0.0,0.0,0.0,0.0
4895,07-23 23:00:00+02:00,0.0,0.0,0.0,0.0,0.0,0.0
4896,07-24 00:00:00+02:00,0.0,0.0,0.0,0.0,0.0,0.0
4897,07-24 01:00:00+02:00,0.0,0.0,0.0,0.0,0.0,0.0
4898,07-24 02:00:00+02:00,0.0,0.0,0.0,0.0,0.0,0.0
4899,07-24 03:00:00+02:00,0.0,0.0,0.0,0.0,0.0,0.0
4900,07-24 04:00:00+02:00,0.0,0.0,0.0,0.0,0.0,0.0
4901,07-24 05:00:00+02:00,0.0,0.0,0.0,0.0,0.0,0.0
4902,07-24 06:00:00+02:00,0.0,0.0,0.0,0.0,0.0,0.0
4903,07-24 07:00:00+02:00,0.0,0.0,0.0,0.0,0.0,0.0
4904,07-24 08:00:00+02:00,0.0,0.0,0.0,0.0,0.0,0.0
4905,07-24 09:00:00+02:00,0.0,0.0,0.0,0.0,0.0,0.0
4906,07-24 10:00:00+02:00,0.0,0.0,0.0,0.0,0.0,0.0
4907,07-24 11:00:00+02:00,0.0,0.0,0.0,0.0,0.0,0.0
4908,07-24 12:00:00+02:00,0.0,0.0,0.0,0.0,0.0,0.0
4909,07-24 13:00:00+02:00,0.0,0.0,0.0,0.0,0.0,0.0
4910,07-24 14:00:00+02:00,0.0,0.0,0.0,0.0,0.0,0.0
4911,07-24 15:00:00+02:00,0.0,0.0,0.0,0.0,0.0,0.0
4912,07-24 16:00:00+02:00,0.0,0.0,0.0,0.0,0.0,0.0
4913,07-24 17:00:00+02:00,0.0,0.0,0.0,0.0,0.0,0.0
4914,07-24 18:00:00+02:00,0.0,0.0,0.0,0.0,0.0,0.0
4915,07-24 19:00:00+02:00,0.0,0.0,0.0,0.0,0.0,0.0
4916,07-24 20:00:00+02:00,0.0,0.0,0.0,0.0,0.0,0.0
4917,07-24 21:00:00+02:00,0.0,0.0,0.0,0.0,0.0,0.0
4918,07-24 22:00:00+02:00,0.0,0.0,0.0,0.0,0.0,0.0
4919,07-24 23:00:00+02:00,0.0,0.0,0.0,0.0,0.0,0.0
4920,07-25 00:00:00+02:00,0.0,0.0,0.0,0.0,0.0,0.0
4921,07-25 01:00:00+02:00,0.0,0.0,0.0,0.0,0.0,0.0
4922,07-25 02:00:00+02:00,0.0,0.0,0.0,0.0,0.0,0.0
4923,07-25 03:00:00+02:00,0.0,0.0,0.0,0.0,0.0,0.0
4924,07-25 04:00:00+02:00,0.0,0.0,0.0,0.0,0.0,0.0
4925,07-25 05:00:00+02:00,0.0,0.0,0.0,0.0,0.0,0.0
4926,07-25 06:00:00+02:00,0.0,0.0,0.0,0.0,0.0,0.0
4927,07-25 07:00:00+02:00,0.0,0.0,0.0,0.0,0.0,0.0
4928,07-25 08:00:00+02:00,0.0,0.0,0.0,0.0,0.0,0.0
4929,07-25 09:00:00+02:00,0.0,0.0,0.0,0.0,0.0,0.0
4930,07-25 10:00:00+02:00,0.0,0.0,0.0,0.0,0.0,0.0
4931,07-25 11:00:00+02:00,0.0,0.0,0.0,0.0,0.0,0.0
4932,07-25 12:00:00+02:00,0.0,0.0,0.0,0.0,0.0,0.0
4933,07-25 13:00:00+02:00,0.0,0.0,0.0,0.0,0.0,0.0
4934,07-25 14:00:00+02:00,0.0,0.0,0.0,0.0,0.0,0.0
4935,07-25 15:00:00+02:00,0.0,0.0,0.0,0.0,0.0,0.0
4936,07-25 16:00:00+02:00,0.0,0.0,0.0,0.0,0.0,0.0
4937,07-25 17:00:00+02:00,0.0,0.0,0.0,0.0,0.0,0.0
4938,07-25 18:00:00+02:00,0.0,0.0,0.0,0.0,0.0,0.0
4939,07-25 19:00:00+02:00,0.0,0.0,0.0,0.0,0.0,0.0
4940,07-25 20:00:00+02:00,0.0,0.0,0.0,0.0,0.0,0.0
4941,07-25 21:00:00+02:00,0.0,0.0,0.0,0.0,0.0,0.0
4942,07-25 22:00:00+02:00,0.0,0.0,0.0,0.0,0.0,0.0
4943,07-25 23:00:00+02:00,0.0,0.0,0.0,0.0,0.0,0.0
4944,07-26 00:00:00+02:00,0.0,0.0,0.0,0.0,0.0,0.0
4945,07-26 01:00:00+02:00,0.0,0.0,0.0,0.0,0.0,0.0
4946,07-26 02:00:00+02:00,0.0,0.0,0.0,0.0,0.0,0.0
4947,07-26 03:00:00+02:00,0.0,0.0,0.0,0.0,0.0,0.0
4948,07-26 04:00:00+02:00,0.0,0.0,0.0,0.0,0.0,0.0
4949,07-26 05:00:00+02:00,0.0,0.0,0.0,0.0,0.0,0.0
4950,07-26 06:00:00+02:00,0.0,0.0,0.0,0.0,0.0,0.0
4951,07-26 07:00:00+02:00,0.0,0.0,0.0,0.0,0.0,0.0
4952,07-26 08:00:00+02:00,0.0,0.0,0.0,0.0,0.0,0.0
4953,07-26 09:00:00+02:00,0.0,0.0,0.0,0.0,0.0,0.0
4954,07-26 10:00:00+02:00,0.0,0.0,0.0,0.0,0.0,0.0
4955,07-26 11:00:00+02:00,0.0,0.0,0.0,0.0,0.0,0.0
4956,07-26 12:00:00+02:00,0.0,0.0,0.0,0.0,0.0,0.0
4957,07-26 13:00:00+02:00,0.0,0.0,0.0,0.0,0.0,0.0
4958,07-26 14:00:00+02:00,0.0,0.0,0.0,0.0,0.0,0.0
4959,07-26 15:00:00+02:00,0.0,0.0,0.0,0.0,0.0,0.0
4960,07-26 16:00:00+02:00,0.0,0.0,0.0,0.0,0.0,0.0
4961,07-26 17:00:00+02:00,0.0,0.0,0.0,0.0,0.0,0.0
4962,07-26 18:00:00+02:00,0.0,0.0,0.0,0.0,0.0,0.0
4963,07-26 19:00:00+02:00,0.0,0.0,0.0,0.0,0.0,0.0
4964,07-26 20:00:00+02:00,0.0,0.0,0.0,0.0,0.0,0.0
4965,07-26 21:00:00+02:00,0.0,0.0,0.0,0.0,0.0,0.0
4966,07-26 22:00:00+02:00,0.0,0.0,0.0,0.0,0.0,0.0
4967,07-26 23:00:00+02:00,0.0,0.0,0.0,0.0,0.0,0.0
4968,07-27 00:00:00+02:00,0.0,0.0,0.0,0.0,0.0,0.0
4969,07-27 01:00:00+02:00,0.0,0.0,0.0,0.0,0.0,0.0
4970,07-27 02:00:00+02:00,0.0,0.0,0.0,0.0,0.0,0.0
4971,07-27 03:00:00+02:00,0.0,0.0,0.0,0.0,0.0,0.0
4972,07-27 04:00:00+02:00,0.0,0.0,0.0,0.0,0.0,0.0
4973,07-27 05:00:00+02:00,0.0,0.0,0.0,0.0,0.0,0.0
4974,07-27 06:00:00+02:00,0.0,0.0,0.0,0.0,0.0,0.0
4975,07-27 07:00:00+02:00,0.0,0.0,0.0,0.0,0.0,0.0
4976,07-27 08:00:00+02:00,0.0,0.0,0.0,0.0,0.0,0.0
4977,07-27 09:00:00+02:00,0.0,0.0,0.0,0.0,0.0,0.0
4978,07-27 10:00:00+02:00,0.0,0.0,0.0,0.0,0.0,0.0
4979,07-27 11:00:00+02:00,0.0,0.0,0.0,0.0,0.0,0.0
4980,07-27 12:00:00+02:00,0.0,0.0,0.0,0.0,0.0,0.0
4981,07-27 13:00:00+02:00,0.0,0.0,0.0,0.0,0.0,0.0
4982,07-27 14:00:00+02:00,0.0,0.0,0.0,0.0,0.0,0.0
4983,07-27 15:00:00+02:00,0.0,0.0,0.0,0.0,0.0,0.0
4984,07-27 16:00:00+02:00,0.0,0.0,0.0,0.0,0.0,0.0
4985,07-27 17:00:00+02:00,0.0,0.0,0.0,0.0,0.0,0.0
4986,07-27 18:00:00+02:00,0.0,0.0,0.0,0.0,0.0,0.0
4987,07-27 19:00:00+02:00,0.0,0.0,0.0,0.0,0.0,0.0
4988,07-27 20:00:00+02:00,0.0,0.0,0.0,0.0,0.0,0.0
4989,07-27 21:00:00+02:00,0.0,0.0,0.0,0.0,0.0,0.0
4990,07-27 22:00:00+02:00,0.0,0.0,0.0,0.0,0.0,0.0
4991,07-27 23:00:00+02:00,0.0,0.0,0.0,0.0,0.0,0.0
4992,07-28 00:00:00+02:00,0.0,0.0,0.0,0.0,0.0,0.0
4993,07-28 01:00:00+02:00,0.0,0.0,0.0,0.0,0.0,0.0
4994,07-28 02:00:00+02:00,0.0,0.0,0.0,0.0,0.0,0.0
4995,07-28 03:00:00+02:00,0.0,0.0,0.0,0.0,0.0,0.0
4996,07-28 04:00:00+02:00,0.0,0.0,0.0,0.0,0.0,0.0
4997,07-28 05:00:00+02:00,0.0,0.0,0.0,0.0,0.0,0.0
4998,07-28 06:00:00+02:00,0.0,0.0,0.0,0.0,0.0,0.0
4999,07-28 07:00:00+02:00,0.0,0.0,0.0,0.0,0.0,0.0
5000,07-28 08:00:00+02:00,0.0,0.0,0.0,0.0,0.0,0.0
5001,07-28 09:00:00+02:00,0.0,0.0,0.0,0.0,0.0,0.0
5002,07-28 10:00:00+02:00,0.0,0.0,0.0,0.0,0.0,0.0
5003,07-28 11:00:00+02:00,0.0,0.0,0.0,0.0,0.0,0.0
5004,07-28 12:00:00+02:00,0.0,0.0,0.0,0.0,0.0,0.0
5005,07-28 13:00:00+02:00,0.0,0.0,0.0,0.0,0.0,0.0
5006,07-28 14:00:00+02:00,0.0,0.0,0.0,0.0,0.0,0.0
5007,07-28 15:00:00+02:00,0.0,0.0,0.0,0.0,0.0,0.0
5008,07-28 16:00:00+02:00,0.0,0.0,0.0,0.0,0.0,0.0
5009,07-28 17:00:00+02:00,0.0,0.0,0.0,0.0,0.0,0.0
5010,07-28 18:00:00+02:00,0.0,0.0,0.0,0.0,0.0,0.0
5011,07-28 19:00:00+02:00,0.0,0.0,0.0,0.0,0.0,0.0
5012,07-28 20:00:00+02:00,0.0,0.0,0.0,0.0,0.0,0.0
5013,07-28 21:00:00+02:00,0.0,0.0,0.0,0.0,0.0,0.0
5014,07-28 22:00:00+02:00,0.0,0.0,0.0,0.0,0.0,0.0
5015,07-28 23:00:00+02:00,0.0,0.0,0.0,0.0,0.0,0.0
5016,07-29 00:00:00+02:00,0.0,0.0,0.0,0.0,0.0,0.0
5017,07-29 01:00:00+02:00,0.0,0.0,0.0,0.0,0.0,0.0
5018,07-29 02:00:00+02:00,0.0,0.0,0.0,0.0,0.0,0.0
5019,07-29 03:00:00+02:00,0.0,0.0,0.0,0.0,0.0,0.0
5020,07-29 04:00:00+02:00,0.0,0.0,0.0,0.0,0.0,0.0
5021,07-29 05:00:00+02:00,0.0,0.0,0.0,0.0,0.0,0.0
5022,07-29 06:00:00+02:00,0.0,0.0,0.0,0.0,0.0,0.0
5023,07-29 07:00:00+02:00,0.0,0.0,0.0,0.0,0.0,0.0
5024,07-29 08:00:00+02:00,0.0,0.0,0.0,0.0,0.0,0.0
5025,07-29 09:00:00+02:00,0.0,0.0,0.0,0.0,0.0,0.0
5026,07-29 10:00:00+02:00,0.0,0.0,0.0,0.0,0.0,0.0
5027,07-29 11:00:00+02:00,0.0,0.0,0.0,0.0,0.0,0.0
5028,07-29 12:00:00+02:00,0.0,0.0,0.0,0.0,0.0,0.0
5029,07-29 13:00:00+02:00,0.0,0.0,0.0,0.0,0.0,0.0
5030,07-29 14:00:00+02:00,0.0,0.0,0.0,0.0,0.0,0.0
5031,07-29 15:00:00+02:00,0.0,0.0,0.0,0.0,0.0,0.0
5032,07-29 16:00:00+02:00,0.0,0.0,0.0,0.0,0.0,0.0
5033,07-29 17:00:00+02:00,0.0,0.0,0.0,0.0,0.0,0.0
5034,07-29 18:00:00+02:00,0.0,0.0,0.0,0.0,0.0,0.0
5035,07-29 19:00:00+02:00,0.0,0.0,0.0,0.0,0.0,0.0
5036,07-29 20:00:00+02:00,0.0,0.0,0.0,0.0,0.0,0.0
5037,07-29 21:00:00+02:00,0.0,0.0,0.0,0.0,0.0,0.0
5038,07-29 22:00:00+02:00,0.0,0.0,0.0,0.0,0.0,0.0
5039,07-29 23:00:00+02:00,0.0,0.0,0.0,0.0,0.0,0.0
5040,07-30 00:00:00+02:00,0.0,0.0,0.0,0.0,0.0,0.0
5041,07-30 01:00:00+02:00,0.0,0.0,0.0,0.0,0.0,0.0
5042,07-30 02:00:00+02:00,0.0,0.0,0.0,0.0,0.0,0.0
5043,07-30 03:00:00+02:00,0.0,0.0,0.0,0.0,0.0,0.0
5044,07-30 04:00:00+02:00,0.0,0.0,0.0,0.0,0.0,0.0
5045,07-30 05:00:00+02:00,0.0,0.0,0.0,0.0,0.0,0.0
5046,07-30 06:00:00+02:00,0.0,0.0,0.0,0.0,0.0,0.0
5047,07-30 07:00:00+02:00,0.0,0.0,0.0,0.0,0.0,0.0
5048,07-30 08:00:00+02:00,0.0,0.0,0.0,0.0,0.0,0.0
5049,07-30 09:00:00+02:00,0.0,0.0,0.0,0.0,0.0,0.0
5050,07-30 10:00:00+02:00,0.0,0.0,0.0,0.0,0.0,0.0
5051,07-30 11:00:00+02:00,0.0,0.0,0.0,0.0,0.0,0.0
5052,07-30 12:00:00+02:00,0.0,0.0,0.0,0.0,0.0,0.0
5053,07-30 13:00:00+02:00,0.0,0.0,0.0,0.0,0.0,0.0
5054,07-30 14:00:00+02:00,0.0,0.0,0.0,0.0,0.0,0.0
5055,07-30 15:00:00+02:00,0.0,0.0,0.0,0.0,0.0,0.0
5056,07-30 16:00:00+02:00,0.0,0.0,0.0,0.0,0.0,0.0
5057,07-30 17:00:00+02:00,0.0,0.0,0.0,0.0,0.0,0.0
5058,07-30 18:00:00+02:00,0.0,0.0,0.0,0.0,0.0,0.0
5059,07-30 19:00:00+02:00,0.0,0.0,0.0,0.0,0.0,0.0
5060,07-30 20:00:00+02:00,0.0,0.0,0.0,0.0,0.0,0.0
5061,07-30 21:00:00+02:00,0.0,0.0,0.0,0.0,0.0,0.0
5062,07-30 22:00:00+02:00,0.0,0.0,0.0,0.0,0.0,0.0
5063,07-30 23:00:00+02:00,0.0,0.0,0.0,0.0,0.0,0.0
5064,07-31 00:00:00+02:00,0.0,0.0,0.0,0.0,0.0,0.0
5065,07-31 01:00:00+02:00,0.0,0.0,0.0,0.0,0.0,0.0
5066,07-31 02:00:00+02:00,0.0,0.0,0.0,0.0,0.0,0.0
5067,07-31 03:00:00+02:00,0.0,0.0,0.0,0.0,0.0,0.0
5068,07-31 04:00:00+02:00,0.0,0.0,0.0,0.0,0.0,0.0
5069,07-31 05:00:00+02:00,0.0,0.0,0.0,0.0,0.0,0.0
5070,07-31 06:00:00+02:00,0.0,0.0,0.0,0.0,0.0,0.0
5071,07-31 07:00:00+02:00,0.0,0.0,0.0,0.0,0.0,0.0
5072,07-31 08:00:00+02:00,0.0,0.0,0.0,0.0,0.0,0.0
5073,07-31 09:00:00+02:00,0.0,0.0,0.0,0.0,0.0,0.0
5074,07-31 10:00:00+02:00,0.0,0.0,0.0,0.0,0.0,0.0
5075,07-31 11:00:00+02:00,0.0,0.0,0.0,0.0,0.0,0.0
5076,07-31 12:00:00+02:00,0.0,0.0,0.0,0.0,0.0,0.0
5077,07-31 13:00:00+02:00,0.0,0.0,0.0,0.0,0.0,0.0
5078,07-31 14:00:00+02:00,0.0,0.0,0.0,0.0,0.0,0.0
5079,07-31 15:00:00+02:00,0.0,0.0,0.0,0.0,0.0,0.0
5080,07-31 16:00:00+02:00,0.0,0.0,0.0,0.0,0.0,0.0
5081,07-31 17:00:00+02:00,0.0,0.0,0.0,0.0,0.0,0.0
5082,07-31 18:00:00+02:00,0.0,0.0,0.0,0.0,0.0,0.0
5083,07-31 19:00:00+02:00,0.0,0.0,0.0,0.0,0.0,0.0
5084,07-31 20:00:00+02:00,0.0,0.0,0.0,0.0,0.0,0.0
5085,07-31 21:00:00+02:00,0.0,0.0,0.0,0.0,0.0,0.0
5086,07-31 22:00:00+02:00,0.0,0.0,0.0,0.0,0.0,0.0
5087,07-31 23:00:00+02:00,0.0,0.0,0.0,0.0,0.0,0.0
5088,08-01 00:00:00+02:00,0.0,0.0,0.0,0.0,0.0,0.0
5089,08-01 01:00:00+02:00,0.0,0.0,0.0,0.0,0.0,0.0
5090,08-01 02:00:00+02:00,0.0,0.0,0.0,0.0,0.0,0.0
5091,08-01 03:00:00+02:00,0.0,0.0,0.0,0.0,0.0,0.0
5092,08-01 04:00:00+02:00,0.0,0.0,0.0,0.0,0.0,0.0
5093,08-01 05:00:00+02:00,0.0,0.0,0.0,0.0,0.0,0.0
5094,08-01 06:00:00+02:00,0.0,0.0,0.0,0.0,0.0,0.0
5095,08-01 07:00:00+02:00,0.0,0.0,0.0,0.0,0.0,0.0
5096,08-01 08:00:00+02:00,0.0,0.0,0.0,0.0,0.0,0.0
5097,08-01 09:00:00+02:00,0.0,0.0,0.0,0.0,0.0,0.0
5098,08-01 10:00:00+02:00,0.0,0.0,0.0,0.0,0.0,0.0
5099,08-01 11:00:00+02:00,0.0,0.0,0.0,0.0,0.0,0.0
5100,08-01 12:00:00+02:00,0.0,0.0,0.0,0.0,0.0,0.0
5101,08-01 13:00:00+02:00,0.0,0.0,0.0,0.0,0.0,0.0
5102,08-01 14:00:00+02:00,0.0,0.0,0.0,0.0,0.0,0.0
5103,08-01 15:00:00+02:00,0.0,0.0,0.0,0.0,0.0,0.0
5104,08-01 16:00:00+02:00,0.0,0.0,0.0,0.0,0.0,0.0
5105,08-01 17:00:00+02:00,0.0,0.0,0.0,0.0,0.0,0.0
5106,08-01 18:00:00+02:00,0.0,0.0,0.0,0.0,0.0,0.0
5107,08-01 19:00:00+02:00,0.0,0.0,0.0,0.0,0.0,0.0
5108,08-01 20:00:00+02:00,0.0,0.0,0.0,0.0,0.0,0.0
5109,08-01 21:00:00+02:00,0.0,0.0,0.0,0.0,0.0,0.0
5110,08-01 22:00:00+02:00,0.0,0.0,0.0,0.0,0.0,0.0
5111,08-01 23:00:00+02:00,0.0,0.0,0.0,0.0,0.0,0.0
5112,08-02 00:00:00+02:00,0.0,0.0,0.0,0.0,0.0,0.0
5113,08-02 01:00:00+02:00,0.0,0.0,0.0,0.0,0.0,0.0
5114,08-02 02:00:00+02:00,0.0,0.0,0.0,0.0,0.0,0.0
5115,08-02 03:00:00+02:00,0.0,0.0,0.0,0.0,0.0,0.0
5116,08-02 04:00:00+02:00,0.0,0.0,0.0,0.0,0.0,0.0
5117,08-02 05:00:00+02:00,0.0,0.0,0.0,0.0,0.0,0.0
5118,08-02 06:00:00+02:00,0.0,0.0,0.0,0.0,0.0,0.0
5119,08-02 07:00:00+02:00,0.0,0.0,0.0,0.0,0.0,0.0
5120,08-02 08:00:00+02:00,0.0,0.0,0.0,0.0,0.0,0.0
5121,08-02 09:00:00+02:00,0.0,0.0,0.0,0.0,0.0,0.0
5122,08-02 10:00:00+02:00,0.0,0.0,0.0,0.0,0.0,0.0
5123,08-02 11:00:00+02:00,0.0,0.0,0.0,0.0,0.0,0.0
5124,08-02 12:00:00+02:00,0.0,0.0,0.0,0.0,0.0,0.0
5125,08-02 13:00:00+02:00,0.0,0.0,0.0,0.0,0.0,0.0
5126,08-02 14:00:00+02:00,0.0,0.0,0.0,0.0,0.0,0.0
5127,08-02 15:00:00+02:00,0.0,0.0,0.0,0.0,0.0,0.0
5128,08-02 16:00:00+02:00,0.0,0.0,0.0,0.0,0.0,0.0
5129,08-02 17:00:00+02:00,0.0,0.0,0.0,0.0,0.0,0.0
5130,08-02 18:00:00+02:00,0.0,0.0,0.0,0.0,0.0,0.0
5131,08-02 19:00:00+02:00,0.0,0.0,0.0,0.0,0.0,0.0
5132,08-02 20:00:00+02:00,0.0,0.0,0.0,0.0,0.0,0.0
5133,08-02 21:00:00+02:00,0.0,0.0,0.0,0.0,0.0,0.0
5134,08-02 22:00:00+02:00,0.0,0.0,0.0,0.0,0.0,0.0
5135,08-02 23:00:00+02:00,0.0,0.0,0.0,0.0,0.0,0.0
5136,08-03 00:00:00+02:00,0.0,0.0,0.0,0.0,0.0,0.0
5137,08-03 01:00:00+02:00,0.0,0.0,0.0,0.0,0.0,0.0
5138,08-03 02:00:00+02:00,0.0,0.0,0.0,0.0,0.0,0.0
5139,08-03 03:00:00+02:00,0.0,0.0,0.0,0.0,0.0,0.0
5140,08-03 04:00:00+02:00,0.0,0.0,0.0,0.0,0.0,0.0
5141,08-03 05:00:00+02:00,0.0,0.0,0.0,0.0,0.0,0.0
5142,08-03 06:00:00+02:00,0.0,0.0,0.0,0.0,0.0,0.0
5143,08-03 07:00:00+02:00,0.0,0.0,0.0,0.0,0.0,0.0
5144,08-03 08:00:00+02:00,0.0,0.0,0.0,0.0,0.0,0.0
5145,08-03 09:00:00+02:00,0.0,0.0,0.0,0.0,0.0,0.0
5146,08-03 10:00:00+02:00,0.0,0.0,0.0,0.0,0.0,0.0
5147,08-03 11:00:00+02:00,0.0,0.0,0.0,0.0,0.0,0.0
5148,08-03 12:00:00+02:00,0.0,0.0,0.0,0.0,0.0,0.0
5149,08-03 13:00:00+02:00,0.0,0.0,0.0,0.0,0.0,0.0
5150,08-03 14:00:00+02:00,0.0,0.0,0.0,0.0,0.0,0.0
5151,08-03 15:00:00+02:00,0.0,0.0,0.0,0.0,0.0,0.0
5152,08-03 16:00:00+02:00,0.0,0.0,0.0,0.0,0.0,0.0
5153,08-03 17:00:00+02:00,0.0,0.0,0.0,0.0,0.0,0.0
5154,08-03 18:00:00+02:00,0.0,0.0,0.0,0.0,0.0,0.0
5155,08-03 19:00:00+02:00,0.0,0.0,0.0,0.0,0.0,0.0
5156,08-03 20:00:00+02:00,0.0,0.0,0.0,0.0,0.0,0.0
5157,08-03 21:00:00+02:00,0.0,0.0,0.0,0.0,0.0,0.0
5158,08-03 22:00:00+02:00,0.0,0.0,0.0,0.0,0.0,0.0
5159,08-03 23:00:00+02:00,0.0,0.0,0.0,0.0,0.0,0.0
5160,08-04 00:00:00+02:00,0.0,0.0,0.0,0.0,0.0,0.0
5161,08-04 01:00:00+02:00,0.0,0.0,0.0,0.0,0.0,0.0
5162,08-04 02:00:00+02:00,0.0,0.0,0.0,0.0,0.0,0.0
5163,08-04 03:00:00+02:00,0.0,0.0,0.0,0.0,0.0,0.0
5164,08-04 04:00:00+02:00,0.0,0.0,0.0,0.0,0.0,0.0
5165,08-04 05:00:00+02:00,0.0,0.0,0.0,0.0,0.0,0.0
5166,08-04 06:00:00+02:00,0.0,0.0,0.0,0.0,0.0,0.0
5167,08-04 07:00:00+02:00,0.0,0.0,0.0,0.0,0.0,0.0
5168,08-04 08:00:00+02:00,0.0,0.0,0.0,0.0,0.0,0.0
5169,08-04 09:00:00+02:00,0.0,0.0,0.0,0.0,0.0,0.0
5170,08-04 10:00:00+02:00,0.0,0.0,0.0,0.0,0.0,0.0
5171,08-04 11:00:00+02:00,0.0,0.0,0.0,0.0,0.0,0.0
5172,08-04 12:00:00+02:00,0.0,0.0,0.0,0.0,0.0,0.0
5173,08-04 13:00:00+02:00,0.0,0.0,0.0,0.0,0.0,0.0
5174,08-04 14:00:00+02:00,0.0,0.0,0.0,0.0,0.0,0.0
5175,08-04 15:00:00+02:00,0.0,0.0,0.0,0.0,0.0,0.0
5176,08-04 16:00:00+02:00,0.0,0.0,0.0,0.0,0.0,0.0
5177,08-04 17:00:00+02:00,0.0,0.0,0.0,0.0,0.0,0.0
5178,08-04 18:00:00+02:00,0.0,0.0,0.0,0.0,0.0,0.0
5179,08-04 19:00:00+02:00,0.0,0.0,0.0,0.0,0.0,0.0
5180,08-04 20:00:00+02:00,0.0,0.0,0.0,0.0,0.0,0.0
5181,08-04 21:00:00+02:00,0.0,0.0,0.0,0.0,0.0,0.0
5182,08-04 22:00:00+02:00,0.0,0.0,0.0,0.0,0.0,0.0
5183,08-04 23:00:00+02:00,0.0,0.0,0.0,0.0,0.0,0.0
5184,08-05 00:00:00+02:00,0.0,0.0,0.0,0.0,0.0,0.0
5185,08-05 01:00:00+02:00,0.0,0.0,0.0,0.0,0.0,0.0
5186,08-05 02:00:00+02:00,0.0,0.0,0.0,0.0,0.0,0.0
5187,08-05 03:00:00+02:00,0.0,0.0,0.0,0.0,0.0,0.0
5188,08-05 04:00:00+02:00,0.0,0.0,0.0,0.0,0.0,0.0
5189,08-05 05:00:00+02:00,0.0,0.0,0.0,0.0,0.0,0.0
5190,08-05 06:00:00+02:00,0.0,0.0,0.0,0.0,0.0,0.0
5191,08-05 07:00:00+02:00,0.0,0.0,0.0,0.0,0.0,0.0
5192,08-05 08:00:00+02:00,0.0,0.0,0.0,0.0,0.0,0.0
5193,08-05 09:00:00+02:00,0.0,0.0,0.0,0.0,0.0,0.0
5194,08-05 10:00:00+02:00,0.0,0.0,0.0,0.0,0.0,0.0
5195,08-05 11:00:00+02:00,0.0,0.0,0.0,0.0,0.0,0.0
5196,08-05 12:00:00+02:00,0.0,0.0,0.0,0.0,0.0,0.0
5197,08-05 13:00:00+02:00,0.0,0.0,0.0,0.0,0.0,0.0
5198,08-05 14:00:00+02:00,0.0,0.0,0.0,0.0,0.0,0.0
5199,08-05 15:00:00+02:00,0.0,0.0,0.0,0.0,0.0,0.0
5200,08-05 16:00:00+02:00,0.0,0.0,0.0,0.0,0.0,0.0
5201,08-05 17:00:00+02:00,0.0,0.0,0.0,0.0,0.0,0.0
5202,08-05 18:00:00+02:00,0.0,0.0,0.0,0.0,0.0,0.0
5203,08-05 19:00:00+02:00,0.0,0.0,0.0,0.0,0.0,0.0
5204,08-05 20:00:00+02:00,0.0,0.0,0.0,0.0,0.0,0.0
5205,08-05 21:00:00+02:00,0.0,0.0,0.0,0.0,0.0,0.0
5206,08-05 22:00:00+02:00,0.0,0.0,0.0,0.0,0.0,0.0
5207,08-05 23:00:00+02:00,0.0,0.0,0.0,0.0,0.0,0.0
5208,08-06 00:00:00+02:00,0.0,0.0,0.0,0.0,0.0,0.0
5209,08-06 01:00:00+02:00,0.0,0.0,0.0,0.0,0.0,0.0
5210,08-06 02:00:00+02:00,0.0,0.0,0.0,0.0,0.0,0.0
5211,08-06 03:00:00+02:00,0.0,0.0,0.0,0.0,0.0,0.0
5212,08-06 04:00:00+02:00,0.0,0.0,0.0,0.0,0.0,0.0
5213,08-06 05:00:00+02:00,0.0,0.0,0.0,0.0,0.0,0.0
5214,08-06 06:00:00+02:00,0.0,0.0,0.0,0.0,0.0,0.0
5215,08-06 07:00:00+02:00,0.0,0.0,0.0,0.0,0.0,0.0
5216,08-06 08:00:00+02:00,0.0,0.0,0.0,0.0,0.0,0.0
5217,08-06 09:00:00+02:00,0.0,0.0,0.0,0.0,0.0,0.0
5218,08-06 10:00:00+02:00,0.0,0.0,0.0,0.0,0.0,0.0
5219,08-06 11:00:00+02:00,0.0,0.0,0.0,0.0,0.0,0.0
5220,08-06 12:00:00+02:00,0.0,0.0,0.0,0.0,0.0,0.0
5221,08-06 13:00:00+02:00,0.0,0.0,0.0,0.0,0.0,0.0
5222,08-06 14:00:00+02:00,0.0,0.0,0.0,0.0,0.0,0.0
5223,08-06 15:00:00+02:00,0.0,0.0,0.0,0.0,0.0,0.0
5224,08-06 16:00:00+02:00,0.0,0.0,0.0,0.0,0.0,0.0
5225,08-06 17:00:00+02:00,0.0,0.0,0.0,0.0,0.0,0.0
5226,08-06 18:00:00+02:00,0.0,0.0,0.0,0.0,0.0,0.0
5227,08-06 19:00:00+02:00,0.0,0.0,0.0,0.0,0.0,0.0
5228,08-06 20:00:00+02:00,0.0,0.0,0.0,0.0,0.0,0.0
5229,08-06 21:00:00+02:00,0.0,0.0,0.0,0.0,0.0,0.0
5230,08-06 22:00:00+02:00,0.0,0.0,0.0,0.0,0.0,0.0
5231,08-06 23:00:00+02:00,0.0,0.0,0.0,0.0,0.0,0.0
5232,08-07 00:00:00+02:00,0.0,0.0,0.0,0.0,0.0,0.0
5233,08-07 01:00:00+02:00,0.0,0.0,0.0,0.0,0.0,0.0
5234,08-07 02:00:00+02:00,0.0,0.0,0.0,0.0,0.0,0.0
5235,08-07 03:00:00+02:00,0.0,0.0,0.0,0.0,0.0,0.0
5236,08-07 04:00:00+02:00,0.0,0.0,0.0,0.0,0.0,0.0
5237,08-07 05:00:00+02:00,0.0,0.0,0.0,0.0,0.0,0.0
5238,08-07 06:00:00+02:00,0.0,0.0,0.0,0.0,0.0,0.0
5239,08-07 07:00:00+02:00,0.0,0.0,0.0,0.0,0.0,0.0
5240,08-07 08:00:00+02:00,0.0,0.0,0.0,0.0,0.0,0.0
5241,08-07 09:00:00+02:00,0.0,0.0,0.0,0.0,0.0,0.0
5242,08-07 10:00:00+02:00,0.0,0.0,0.0,0.0,0.0,0.0
5243,08-07 11:00:00+02:00,0.0,0.0,0.0,0.0,0.0,0.0
5244,08-07 12:00:00+02:00,0.0,0.0,0.0,0.0,0.0,0.0
5245,08-07 13:00:00+02:00,0.0,0.0,0.0,0.0,0.0,0.0
5246,08-07 14:00:00+02:00,0.0,0.0,0.0,0.0,0.0,0.0
5247,08-07 15:00:00+02:00,0.0,0.0,0.0,0.0,0.0,0.0
5248,08-07 16:00:00+02:00,0.0,0.0,0.0,0.0,0.0,0.0
5249,08-07 17:00:00+02:00,0.0,0.0,0.0,0.0,0.0,0.0
5250,08-07 18:00:00+02:00,0.0,0.0,0.0,0.0,0.0,0.0
5251,08-07 19:00:00+02:00,0.0,0.0,0.0,0.0,0.0,0.0
5252,08-07 20:00:00+02:00,0.0,0.0,0.0,0.0,0.0,0.0
5253,08-07 21:00:00+02:00,0.0,0.0,0.0,0.0,0.0,0.0
5254,08-07 22:00:00+02:00,0.0,0.0,0.0,0.0,0.0,0.0
5255,08-07 23:00:00+02:00,0.0,0.0,0.0,0.0,0.0,0.0
5256,08-08 00:00:00+02:00,0.0,0.0,0.0,0.0,0.0,0.0
5257,08-08 01:00:00+02:00,0.0,0.0,0.0,0.0,0.0,0.0
5258,08-08 02:00:00+02:00,0.0,0.0,0.0,0.0,0.0,0.0
5259,08-08 03:00:00+02:00,0.0,0.0,0.0,0.0,0.0,0.0
5260,08-08 04:00:00+02:00,0.0,0.0,0.0,0.0,0.0,0.0
5261,08-08 05:00:00+02:00,0.0,0.0,0.0,0.0,0.0,0.0
5262,08-08 06:00:00+02:00,0.0,0.0,0.0,0.0,0.0,0.0
5263,08-08 07:00:00+02:00,0.0,0.0,0.0,0.0,0.0,0.0
5264,08-08 08:00:00+02:00,0.0,0.0,0.0,0.0,0.0,0.0
5265,08-08 09:00:00+02:00,0.0,0.0,0.0,0.0,0.0,0.0
5266,08-08 10:00:00+02:00,0.0,0.0,0.0,0.0,0.0,0.0
5267,08-08 11:00:00+02:00,0.0,0.0,0.0,0.0,0.0,0.0
5268,08-08 12:00:00+02:00,0.0,0.0,0.0,0.0,0.0,0.0
5269,08-08 13:00:00+02:00,0.0,0.0,0.0,0.0,0.0,0.0
5270,08-08 14:00:00+02:00,0.0,0.0,0.0,0.0,0.0,0.0
5271,08-08 15:00:00+02:00,0.0,0.0,0.0,0.0,0.0,0.0
5272,08-08 16:00:00+02:00,0.0,0.0,0.0,0.0,0.0,0.0
5273,08-08 17:00:00+02:00,0.0,0.0,0.0,0.0,0.0,0.0
5274,08-08 18:00:00+02:00,0.0,0.0,0.0,0.0,0.0,0.0
5275,08-08 19:00:00+02:00,0.0,0.0,0.0,0.0,0.0,0.0
5276,08-08 20:00:00+02:00,0.0,0.0,0.0,0.0,0.0,0.0
5277,08-08 21:00:00+02:00,0.0,0.0,0.0,0.0,0.0,0.0
5278,08-08 22:00:00+02:00,0.0,0.0,0.0,0.0,0.0,0.0
5279,08-08 23:00:00+02:00,0.0,0.0,0.0,0.0,0.0,0.0
5280,08-09 00:00:00+02:00,0.0,0.0,0.0,0.0,0.0,0.0
5281,08-09 01:00:00+02:00,0.0,0.0,0.0,0.0,0.0,0.0
5282,08-09 02:00:00+02:00,0.0,0.0,0.0,0.0,0.0,0.0
5283,08-09 03:00:00+02:00,0.0,0.0,0.0,0.0,0.0,0.0
5284,08-09 04:00:00+02:00,0.0,0.0,0.0,0.0,0.0,0.0
5285,08-09 05:00:00+02:00,0.0,0.0,0.0,0.0,0.0,0.0
5286,08-09 06:00:00+02:00,0.0,0.0,0.0,0.0,0.0,0.0
5287,08-09 07:00:00+02:00,0.0,0.0,0.0,0.0,0.0,0.0
5288,08-09 08:00:00+02:00,0.0,0.0,0.0,0.0,0.0,0.0
5289,08-09 09:00:00+02:00,0.0,0.0,0.0,0.0,0.0,0.0
5290,08-09 10:00:00+02:00,0.0,0.0,0.0,0.0,0.0,0.0
5291,08-09 11:00:00+02:00,0.0,0.0,0.0,0.0,0.0,0.0
5292,08-09 12:00:00+02:00,0.0,0.0,0.0,0.0,0.0,0.0
5293,08-09 13:00:00+02:00,0.0,0.0,0.0,0.0,0.0,0.0
5294,08-09 14:00:00+02:00,0.0,0.0,0.0,0.0,0.0,0.0
5295,08-09 15:00:00+02:00,0.0,0.0,0.0,0.0,0.0,0.0
5296,08-09 16:00:00+02:00,0.0,0.0,0.0,0.0,0.0,0.0
5297,08-09 17:00:00+02:00,0.0,0.0,0.0,0.0,0.0,0.0
5298,08-09 18:00:00+02:00,0.0,0.0,0.0,0.0,0.0,0.0
5299,08-09 19:00:00+02:00,0.0,0.0,0.0,0.0,0.0,0.0
5300,08-09 20:00:00+02:00,0.0,0.0,0.0,0.0,0.0,0.0
5301,08-09 21:00:00+02:00,0.0,0.0,0.0,0.0,0.0,0.0
5302,08-09 22:00:00+02:00,0.0,0.0,0.0,0.0,0.0,0.0
5303,08-09 23:00:00+02:00,0.0,0.0,0.0,0.0,0.0,0.0
5304,08-10 00:00:00+02:00,0.0,0.0,0.0,0.0,0.0,0.0
5305,08-10 01:00:00+02:00,0.0,0.0,0.0,0.0,0.0,0.0
5306,08-10 02:00:00+02:00,0.0,0.0,0.0,0.0,0.0,0.0
5307,08-10 03:00:00+02:00,0.0,0.0,0.0,0.0,0.0,0.0
5308,08-10 04:00:00+02:00,0.0,0.0,0.0,0.0,0.0,0.0
5309,08-10 05:00:00+02:00,0.0,0.0,0.0,0.0,0.0,0.0
5310,08-10 06:00:00+02:00,0.0,0.0,0.0,0.0,0.0,0.0
5311,08-10 07:00:00+02:00,0.0,0.0,0.0,0.0,0.0,0.0
5312,08-10 08:00:00+02:00,0.0,0.0,0.0,0.0,0.0,0.0
5313,08-10 09:00:00+02:00,0.0,0.0,0.0,0.0,0.0,0.0
5314,08-10 10:00:00+02:00,0.0,0.0,0.0,0.0,0.0,0.0
5315,08-10 11:00:00+02:00,0.0,0.0,0.0,0.0,0.0,0.0
5316,08-10 12:00:00+02:00,0.0,0.0,0.0,0.0,0.0,0.0
5317,08-10 13:00:00+02:00,0.0,0.0,0.0,0.0,0.0,0.0
5318,08-10 14:00:00+02:00,0.0,0.0,0.0,0.0,0.0,0.0
5319,08-10 15:00:00+02:00,0.0,0.0,0.0,0.0,0.0,0.0
5320,08-10 16:00:00+02:00,0.0,0.0,0.0,0.0,0.0,0.0
5321,08-10 17:00:00+02:00,0.0,0.0,0.0,0.0,0.0,0.0
5322,08-10 18:00:00+02:00,0.0,0.0,0.0,0.0,0.0,0.0
5323,08-10 19:00:00+02:00,0.0,0.0,0.0,0.0,0.0,0.0
5324,08-10 20:00:00+02:00,0.0,0.0,0.0,0.0,0.0,0.0
5325,08-10 21:00:00+02:00,0.0,0.0,0.0,0.0,0.0,0.0
5326,08-10 22:00:00+02:00,0.0,0.0,0.0,0.0,0.0,0.0
5327,08-10 23:00:00+02:00,0.0,0.0,0.0,0.0,0.0,0.0
5328,08-11 00:00:00+02:00,0.0,0.0,0.0,0.0,0.0,0.0
5329,08-11 01:00:00+02:00,0.0,0.0,0.0,0.0,0.0,0.0
5330,08-11 02:00:00+02:00,0.0,0.0,0.0,0.0,0.0,0.0
5331,08-11 03:00:00+02:00,0.0,0.0,0.0,0.0,0.0,0.0
5332,08-11 04:00:00+02:00,0.0,0.0,0.0,0.0,0.0,0.0
5333,08-11 05:00:00+02:00,0.0,0.0,0.0,0.0,0.0,0.0
5334,08-11 06:00:00+02:00,0.0,0.0,0.0,0.0,0.0,0.0
5335,08-11 07:00:00+02:00,0.0,0.0,0.0,0.0,0.0,0.0
5336,08-11 08:00:00+02:00,0.0,0.0,0.0,0.0,0.0,0.0
5337,08-11 09:00:00+02:00,0.0,0.0,0.0,0.0,0.0,0.0
5338,08-11 10:00:00+02:00,0.0,0.0,0.0,0.0,0.0,0.0
5339,08-11 11:00:00+02:00,0.0,0.0,0.0,0.0,0.0,0.0
5340,08-11 12:00:00+02:00,0.0,0.0,0.0,0.0,0.0,0.0
5341,08-11 13:00:00+02:00,0.0,0.0,0.0,0.0,0.0,0.0
5342,08-11 14:00:00+02:00,0.0,0.0,0.0,0.0,0.0,0.0
5343,08-11 15:00:00+02:00,0.0,0.0,0.0,0.0,0.0,0.0
5344,08-11 16:00:00+02:00,0.0,0.0,0.0,0.0,0.0,0.0
5345,08-11 17:00:00+02:00,0.0,0.0,0.0,0.0,0.0,0.0
5346,08-11 18:00:00+02:00,0.0,0.0,0.0,0.0,0.0,0.0
5347,08-11 19:00:00+02:00,0.0,0.0,0.0,0.0,0.0,0.0
5348,08-11 20:00:00+02:00,0.0,0.0,0.0,0.0,0.0,0.0
5349,08-11 21:00:00+02:00,0.0,0.0,0.0,0.0,0.0,0.0
5350,08-11 22:00:00+02:00,0.0,0.0,0.0,0.0,0.0,0.0
5351,08-11 23:00:00+02:00,0.0,0.0,0.0,0.0,0.0,0.0
5352,08-12 00:00:00+02:00,0.0,0.0,0.0,0.0,0.0,0.0
5353,08-12 01:00:00+02:00,0.0,0.0,0.0,0.0,0.0,0.0
5354,08-12 02:00:00+02:00,0.0,0.0,0.0,0.0,0.0,0.0
5355,08-12 03:00:00+02:00,0.0,0.0,0.0,0.0,0.0,0.0
5356,08-12 04:00:00+02:00,0.0,0.0,0.0,0.0,0.0,0.0
5357,08-12 05:00:00+02:00,0.0,0.0,0.0,0.0,0.0,0.0
5358,08-12 06:00:00+02:00,0.0,0.0,0.0,0.0,0.0,0.0
5359,08-12 07:00:00+02:00,0.0,0.0,0.0,0.0,0.0,0.0
5360,08-12 08:00:00+02:00,0.0,0.0,0.0,0.0,0.0,0.0
5361,08-12 09:00:00+02:00,0.0,0.0,0.0,0.0,0.0,0.0
5362,08-12 10:00:00+02:00,0.0,0.0,0.0,0.0,0.0,0.0
5363,08-12 11:00:00+02:00,0.0,0.0,0.0,0.0,0.0,0.0
5364,08-12 12:00:00+02:00,0.0,0.0,0.0,0.0,0.0,0.0
5365,08-12 13:00:00+02:00,0.0,0.0,0.0,0.0,0.0,0.0
5366,08-12 14:00:00+02:00,0.0,0.0,0.0,0.0,0.0,0.0
5367,08-12 15:00:00+02:00,0.0,0.0,0.0,0.0,0.0,0.0
5368,08-12 16:00:00+02:00,0.0,0.0,0.0,0.0,0.0,0.0
5369,08-12 17:00:00+02:00,0.0,0.0,0.0,0.0,0.0,0.0
5370,08-12 18:00:00+02:00,0.0,0.0,0.0,0.0,0.0,0.0
5371,08-12 19:00:00+02:00,0.0,0.0,0.0,0.0,0.0,0.0
5372,08-12 20:00:00+02:00,0.0,0.0,0.0,0.0,0.0,0.0
5373,08-12 21:00:00+02:00,0.0,0.0,0.0,0.0,0.0,0.0
5374,08-12 22:00:00+02:00,0.0,0.0,0.0,0.0,0.0,0.0
5375,08-12 23:00:00+02:00,0.0,0.0,0.0,0.0,0.0,0.0
5376,08-13 00:00:00+02:00,0.0,0.0,0.0,0.0,0.0,0.0
5377,08-13 01:00:00+02:00,0.0,0.0,0.0,0.0,0.0,0.0
5378,08-13 02:00:00+02:00,0.0,0.0,0.0,0.0,0.0,0.0
5379,08-13 03:00:00+02:00,0.0,0.0,0.0,0.0,0.0,0.0
5380,08-13 04:00:00+02:00,0.0,0.0,0.0,0.0,0.0,0.0
5381,08-13 05:00:00+02:00,0.0,0.0,0.0,0.0,0.0,0.0
5382,08-13 06:00:00+02:00,0.0,0.0,0.0,0.0,0.0,0.0
5383,08-13 07:00:00+02:00,0.0,0.0,0.0,0.0,0.0,0.0
5384,08-13 08:00:00+02:00,0.0,0.0,0.0,0.0,0.0,0.0
5385,08-13 09:00:00+02:00,0.0,0.0,0.0,0.0,0.0,0.0
5386,08-13 10:00:00+02:00,0.0,0.0,0.0,0.0,0.0,0.0
5387,08-13 11:00:00+02:00,0.0,0.0,0.0,0.0,0.0,0.0
5388,08-13 12:00:00+02:00,0.0,0.0,0.0,0.0,0.0,0.0
5389,08-13 13:00:00+02:00,0.0,0.0,0.0,0.0,0.0,0.0
5390,08-13 14:00:00+02:00,0.0,0.0,0.0,0.0,0.0,0.0
5391,08-13 15:00:00+02:00,0.0,0.0,0.0,0.0,0.0,0.0
5392,08-13 16:00:00+02:00,0.0,0.0,0.0,0.0,0.0,0.0
5393,08-13 17:00:00+02:00,0.0,0.0,0.0,0.0,0.0,0.0
5394,08-13 18:00:00+02:00,0.0,0.0,0.0,0.0,0.0,0.0
5395,08-13 19:00:00+02:00,0.0,0.0,0.0,0.0,0.0,0.0
5396,08-13 20:00:00+02:00,0.0,0.0,0.0,0.0,0.0,0.0
5397,08-13 21:00:00+02:00,0.0,0.0,0.0,0.0,0.0,0.0
5398,08-13 22:00:00+02:00,0.0,0.0,0.0,0.0,0.0,0.0
5399,08-13 23:00:00+02:00,0.0,0.0,0.0,0.0,0.0,0.0
5400,08-14 00:00:00+02:00,0.0,0.0,0.0,0.0,0.0,0.0
5401,08-14 01:00:00+02:00,0.0,0.0,0.0,0.0,0.0,0.0
5402,08-14 02:00:00+02:00,0.0,0.0,0.0,0.0,0.0,0.0
5403,08-14 03:00:00+02:00,0.0,0.0,0.0,0.0,0.0,0.0
5404,08-14 04:00:00+02:00,0.0,0.0,0.0,0.0,0.0,0.0
5405,08-14 05:00:00+02:00,0.0,0.0,0.0,0.0,0.0,0.0
5406,08-14 06:00:00+02:00,0.0,0.0,0.0,0.0,0.0,0.0
5407,08-14 07:00:00+02:00,0.0,0.0,0.0,0.0,0.0,0.0
5408,08-14 08:00:00+02:00,0.0,0.0,0.0,0.0,0.0,0.0
5409,08-14 09:00:00+02:00,0.0,0.0,0.0,0.0,0.0,0.0
5410,08-14 10:00:00+02:00,0.0,0.0,0.0,0.0,0.0,0.0
5411,08-14 11:00:00+02:00,0.0,0.0,0.0,0.0,0.0,0.0
5412,08-14 12:00:00+02:00,0.0,0.0,0.0,0.0,0.0,0.0
5413,08-14 13:00:00+02:00,0.0,0.0,0.0,0.0,0.0,0.0
5414,08-14 14:00:00+02:00,0.0,0.0,0.0,0.0,0.0,0.0
5415,08-14 15:00:00+02:00,0.0,0.0,0.0,0.0,0.0,0.0
5416,08-14 16:00:00+02:00,0.0,0.0,0.0,0.0,0.0,0.0
5417,08-14 17:00:00+02:00,0.0,0.0,0.0,0.0,0.0,0.0
5418,08-14 18:00:00+02:00,0.0,0.0,0.0,0.0,0.0,0.0
5419,08-14 19:00:00+02:00,0.0,0.0,0.0,0.0,0.0,0.0
5420,08-14 20:00:00+02:00,0.0,0.0,0.0,0.0,0.0,0.0
5421,08-14 21:00:00+02:00,0.0,0.0,0.0,0.0,0.0,0.0
5422,08-14 22:00:00+02:00,0.0,0.0,0.0,0.0,0.0,0.0
5423,08-14 23:00:00+02:00,0.0,0.0,0.0,0.0,0.0,0.0
5424,08-15 00:00:00+02:00,0.0,0.0,0.0,0.0,0.0,0.0
5425,08-15 01:00:00+02:00,0.0,0.0,0.0,0.0,0.0,0.0
5426,08-15 02:00:00+02:00,0.0,0.0,0.0,0.0,0.0,0.0
5427,08-15 03:00:00+02:00,0.0,0.0,0.0,0.0,0.0,0.0
5428,08-15 04:00:00+02:00,0.0,0.0,0.0,0.0,0.0,0.0
5429,08-15 05:00:00+02:00,0.0,0.0,0.0,0.0,0.0,0.0
5430,08-15 06:00:00+02:00,0.0,0.0,0.0,0.0,0.0,0.0
5431,08-15 07:00:00+02:00,0.0,0.0,0.0,0.0,0.0,0.0
5432,08-15 08:00:00+02:00,0.0,0.0,0.0,0.0,0.0,0.0
5433,08-15 09:00:00+02:00,0.0,0.0,0.0,0.0,0.0,0.0
5434,08-15 10:00:00+02:00,0.0,0.0,0.0,0.0,0.0,0.0
5435,08-15 11:00:00+02:00,0.0,0.0,0.0,0.0,0.0,0.0
5436,08-15 12:00:00+02:00,0.0,0.0,0.0,0.0,0.0,0.0
5437,08-15 13:00:00+02:00,0.0,0.0,0.0,0.0,0.0,0.0
5438,08-15 14:00:00+02:00,0.0,0.0,0.0,0.0,0.0,0.0
5439,08-15 15:00:00+02:00,0.0,0.0,0.0,0.0,0.0,0.0
5440,08-15 16:00:00+02:00,0.0,0.0,0.0,0.0,0.0,0.0
5441,08-15 17:00:00+02:00,0.0,0.0,0.0,0.0,0.0,0.0
5442,08-15 18:00:00+02:00,0.0,0.0,0.0,0.0,0.0,0.0
5443,08-15 19:00:00+02:00,0.0,0.0,0.0,0.0,0.0,0.0
5444,08-15 20:00:00+02:00,0.0,0.0,0.0,0.0,0.0,0.0
5445,08-15 21:00:00+02:00,0.0,0.0,0.0,0.0,0.0,0.0
5446,08-15 22:00:00+02:00,0.0,0.0,0.0,0.0,0.0,0.0
5447,08-15 23:00:00+02:00,0.0,0.0,0.0,0.0,0.0,0.0
5448,08-16 00:00:00+02:00,0.0,0.0,0.0,0.0,0.0,0.0
5449,08-16 01:00:00+02:00,0.0,0.0,0.0,0.0,0.0,0.0
5450,08-16 02:00:00+02:00,0.0,0.0,0.0,0.0,0.0,0.0
5451,08-16 03:00:00+02:00,0.0,0.0,0.0,0.0,0.0,0.0
5452,08-16 04:00:00+02:00,0.0,0.0,0.0,0.0,0.0,0.0
5453,08-16 05:00:00+02:00,0.0,0.0,0.0,0.0,0.0,0.0
5454,08-16 06:00:00+02:00,0.0,0.0,0.0,0.0,0.0,0.0
5455,08-16 07:00:00+02:00,0.0,0.0,0.0,0.0,0.0,0.0
5456,08-16 08:00:00+02:00,0.0,0.0,0.0,0.0,0.0,0.0
5457,08-16 09:00:00+02:00,0.0,0.0,0.0,0.0,0.0,0.0
5458,08-16 10:00:00+02:00,0.0,0.0,0.0,0.0,0.0,0.0
5459,08-16 11:00:00+02:00,0.0,0.0,0.0,0.0,0.0,0.0
5460,08-16 12:00:00+02:00,0.0,0.0,0.0,0.0,0.0,0.0
5461,08-16 13:00:00+02:00,0.0,0.0,0.0,0.0,0.0,0.0
5462,08-16 14:00:00+02:00,0.0,0.0,0.0,0.0,0.0,0.0
5463,08-16 15:00:00+02:00,0.0,0.0,0.0,0.0,0.0,0.0
5464,08-16 16:00:00+02:00,0.0,0.0,0.0,0.0,0.0,0.0
5465,08-16 17:00:00+02:00,0.0,0.0,0.0,0.0,0.0,0.0
5466,08-16 18:00:00+02:00,0.0,0.0,0.0,0.0,0.0,0.0
5467,08-16 19:00:00+02:00,0.0,0.0,0.0,0.0,0.0,0.0
5468,08-16 20:00:00+02:00,0.0,0.0,0.0,0.0,0.0,0.0
5469,08-16 21:00:00+02:00,0.0,0.0,0.0,0.0,0.0,0.0
5470,08-16 22:00:00+02:00,0.0,0.0,0.0,0.0,0.0,0.0
5471,08-16 23:00:00+02:00,0.0,0.0,0.0,0.0,0.0,0.0
5472,08-17 00:00:00+02:00,0.0,0.0,0.0,0.0,0.0,0.0
5473,08-17 01:00:00+02:00,0.0,0.0,0.0,0.0,0.0,0.0
5474,08-17 02:00:00+02:00,0.0,0.0,0.0,0.0,0.0,0.0
5475,08-17 03:00:00+02:00,0.0,0.0,0.0,0.0,0.0,0.0
5476,08-17 04:00:00+02:00,0.0,0.0,0.0,0.0,0.0,0.0
5477,08-17 05:00:00+02:00,0.0,0.0,0.0,0.0,0.0,0.0
5478,08-17 06:00:00+02:00,0.0,0.0,0.0,0.0,0.0,0.0
5479,08-17 07:00:00+02:00,0.0,0.0,0.0,0.0,0.0,0.0
5480,08-17 08:00:00+02:00,0.0,0.0,0.0,0.0,0.0,0.0
5481,08-17 09:00:00+02:00,0.0,0.0,0.0,0.0,0.0,0.0
5482,08-17 10:00:00+02:00,0.0,0.0,0.0,0.0,0.0,0.0
5483,08-17 11:00:00+02:00,0.0,0.0,0.0,0.0,0.0,0.0
5484,08-17 12:00:00+02:00,0.0,0.0,0.0,0.0,0.0,0.0
5485,08-17 13:00:00+02:00,0.0,0.0,0.0,0.0,0.0,0.0
5486,08-17 14:00:00+02:00,0.0,0.0,0.0,0.0,0.0,0.0
5487,08-17 15:00:00+02:00,0.0,0.0,0.0,0.0,0.0,0.0
5488,08-17 16:00:00+02:00,0.0,0.0,0.0,0.0,0.0,0.0
5489,08-17 17:00:00+02:00,0.0,0.0,0.0,0.0,0.0,0.0
5490,08-17 18:00:00+02:00,0.0,0.0,0.0,0.0,0.0,0.0
5491,08-17 19:00:00+02:00,0.0,0.0,0.0,0.0,0.0,0.0
5492,08-17 20:00:00+02:00,0.0,0.0,0.0,0.0,0.0,0.0
5493,08-17 21:00:00+02:00,0.0,0.0,0.0,0.0,0.0,0.0
5494,08-17 22:00:00+02:00,0.0,0.0,0.0,0.0,0.0,0.0
5495,08-17 23:00:00+02:00,0.0,0.0,0.0,0.0,0.0,0.0
5496,08-18 00:00:00+02:00,0.0,0.0,0.0,0.0,0.0,0.0
5497,08-18 01:00:00+02:00,0.0,0.0,0.0,0.0,0.0,0.0
5498,08-18 02:00:00+02:00,0.0,0.0,0.0,0.0,0.0,0.0
5499,08-18 03:00:00+02:00,0.0,0.0,0.0,0.0,0.0,0.0
5500,08-18 04:00:00+02:00,0.0,0.0,0.0,0.0,0.0,0.0
5501,08-18 05:00:00+02:00,0.0,0.0,0.0,0.0,0.0,0.0
5502,08-18 06:00:00+02:00,0.0,0.0,0.0,0.0,0.0,0.0
5503,08-18 07:00:00+02:00,0.0,0.0,0.0,0.0,0.0,0.0
5504,08-18 08:00:00+02:00,0.0,0.0,0.0,0.0,0.0,0.0
5505,08-18 09:00:00+02:00,0.0,0.0,0.0,0.0,0.0,0.0
5506,08-18 10:00:00+02:00,0.0,0.0,0.0,0.0,0.0,0.0
5507,08-18 11:00:00+02:00,0.0,0.0,0.0,0.0,0.0,0.0
5508,08-18 12:00:00+02:00,0.0,0.0,0.0,0.0,0.0,0.0
5509,08-18 13:00:00+02:00,0.0,0.0,0.0,0.0,0.0,0.0
5510,08-18 14:00:00+02:00,0.0,0.0,0.0,0.0,0.0,0.0
5511,08-18 15:00:00+02:00,0.0,0.0,0.0,0.0,0.0,0.0
5512,08-18 16:00:00+02:00,0.0,0.0,0.0,0.0,0.0,0.0
5513,08-18 17:00:00+02:00,0.0,0.0,0.0,0.0,0.0,0.0
5514,08-18 18:00:00+02:00,0.0,0.0,0.0,0.0,0.0,0.0
5515,08-18 19:00:00+02:00,0.0,0.0,0.0,0.0,0.0,0.0
5516,08-18 20:00:00+02:00,0.0,0.0,0.0,0.0,0.0,0.0
5517,08-18 21:00:00+02:00,0.0,0.0,0.0,0.0,0.0,0.0
5518,08-18 22:00:00+02:00,0.0,0.0,0.0,0.0,0.0,0.0
5519,08-18 23:00:00+02:00,0.0,0.0,0.0,0.0,0.0,0.0
5520,08-19 00:00:00+02:00,0.0,0.0,0.0,0.0,0.0,0.0
5521,08-19 01:00:00+02:00,0.0,0.0,0.0,0.0,0.0,0.0
5522,08-19 02:00:00+02:00,0.0,0.0,0.0,0.0,0.0,0.0
5523,08-19 03:00:00+02:00,0.0,0.0,0.0,0.0,0.0,0.0
5524,08-19 04:00:00+02:00,0.0,0.0,0.0,0.0,0.0,0.0
5525,08-19 05:00:00+02:00,0.0,0.0,0.0,0.0,0.0,0.0
5526,08-19 06:00:00+02:00,0.0,0.0,0.0,0.0,0.0,0.0
5527,08-19 07:00:00+02:00,0.0,0.0,0.0,0.0,0.0,0.0
5528,08-19 08:00:00+02:00,0.0,0.0,0.0,0.0,0.0,0.0
5529,08-19 09:00:00+02:00,0.0,0.0,0.0,0.0,0.0,0.0
5530,08-19 10:00:00+02:00,0.0,0.0,0.0,0.0,0.0,0.0
5531,08-19 11:00:00+02:00,0.0,0.0,0.0,0.0,0.0,0.0
5532,08-19 12:00:00+02:00,0.0,0.0,0.0,0.0,0.0,0.0
5533,08-19 13:00:00+02:00,0.0,0.0,0.0,0.0,0.0,0.0
5534,08-19 14:00:00+02:00,0.0,0.0,0.0,0.0,0.0,0.0
5535,08-19 15:00:00+02:00,0.0,0.0,0.0,0.0,0.0,0.0
5536,08-19 16:00:00+02:00,0.0,0.0,0.0,0.0,0.0,0.0
5537,08-19 17:00:00+02:00,0.0,0.0,0.0,0.0,0.0,0.0
5538,08-19 18:00:00+02:00,0.0,0.0,0.0,0.0,0.0,0.0
5539,08-19 19:00:00+02:00,0.0,0.0,0.0,0.0,0.0,0.0
5540,08-19 20:00:00+02:00,0.0,0.0,0.0,0.0,0.0,0.0
5541,08-19 21:00:00+02:00,0.0,0.0,0.0,0.0,0.0,0.0
5542,08-19 22:00:00+02:00,0.0,0.0,0.0,0.0,0.0,0.0
5543,08-19 23:00:00+02:00,0.0,0.0,0.0,0.0,0.0,0.0
5544,08-20 00:00:00+02:00,0.0,0.0,0.0,0.0,0.0,0.0
5545,08-20 01:00:00+02:00,0.0,0.0,0.0,0.0,0.0,0.0
5546,08-20 02:00:00+02:00,0.0,0.0,0.0,0.0,0.0,0.0
5547,08-20 03:00:00+02:00,0.0,0.0,0.0,0.0,0.0,0.0
5548,08-20 04:00:00+02:00,0.0,0.0,0.0,0.0,0.0,0.0
5549,08-20 05:00:00+02:00,0.0,0.0,0.0,0.0,0.0,0.0
5550,08-20 06:00:00+02:00,0.0,0.0,0.0,0.0,0.0,0.0
5551,08-20 07:00:00+02:00,0.0,0.0,0.0,0.0,0.0,0.0
5552,08-20 08:00:00+02:00,0.0,0.0,0.0,0.0,0.0,0.0
5553,08-20 09:00:00+02:00,0.0,0.0,0.0,0.0,0.0,0.0
5554,08-20 10:00:00+02:00,0.0,0.0,0.0,0.0,0.0,0.0
5555,08-20 11:00:00+02:00,0.0,0.0,0.0,0.0,0.0,0.0
5556,08-20 12:00:00+02:00,0.0,0.0,0.0,0.0,0.0,0.0
5557,08-20 13:00:00+02:00,0.0,0.0,0.0,0.0,0.0,0.0
5558,08-20 14:00:00+02:00,0.0,0.0,0.0,0.0,0.0,0.0
5559,08-20 15:00:00+02:00,0.0,0.0,0.0,0.0,0.0,0.0
5560,08-20 16:00:00+02:00,0.0,0.0,0.0,0.0,0.0,0.0
5561,08-20 17:00:00+02:00,0.0,0.0,0.0,0.0,0.0,0.0
5562,08-20 18:00:00+02:00,0.0,0.0,0.0,0.0,0.0,0.0
5563,08-20 19:00:00+02:00,0.0,0.0,0.0,0.0,0.0,0.0
5564,08-20 20:00:00+02:00,0.0,0.0,0.0,0.0,0.0,0.0
5565,08-20 21:00:00+02:00,0.0,0.0,0.0,0.0,0.0,0.0
5566,08-20 22:00:00+02:00,0.0,0.0,0.0,0.0,0.0,0.0
5567,08-20 23:00:00+02:00,0.0,0.0,0.0,0.0,0.0,0.0
5568,08-21 00:00:00+02:00,0.0,0.0,0.0,0.0,0.0,0.0
5569,08-21 01:00:00+02:00,0.0,0.0,0.0,0.0,0.0,0.0
5570,08-21 02:00:00+02:00,0.0,0.0,0.0,0.0,0.0,0.0
5571,08-21 03:00:00+02:00,0.0,0.0,0.0,0.0,0.0,0.0
5572,08-21 04:00:00+02:00,0.0,0.0,0.0,0.0,0.0,0.0
5573,08-21 05:00:00+02:00,0.0,0.0,0.0,0.0,0.0,0.0
5574,08-21 06:00:00+02:00,0.0,0.0,0.0,0.0,0.0,0.0
5575,08-21 07:00:00+02:00,0.0,0.0,0.0,0.0,0.0,0.0
5576,08-21 08:00:00+02:00,0.0,0.0,0.0,0.0,0.0,0.0
5577,08-21 09:00:00+02:00,0.0,0.0,0.0,0.0,0.0,0.0
5578,08-21 10:00:00+02:00,0.0,0.0,0.0,0.0,0.0,0.0
5579,08-21 11:00:00+02:00,0.0,0.0,0.0,0.0,0.0,0.0
5580,08-21 12:00:00+02:00,0.0,0.0,0.0,0.0,0.0,0.0
5581,08-21 13:00:00+02:00,0.0,0.0,0.0,0.0,0.0,0.0
5582,08-21 14:00:00+02:00,0.0,0.0,0.0,0.0,0.0,0.0
5583,08-21 15:00:00+02:00,0.0,0.0,0.0,0.0,0.0,0.0
5584,08-21 16:00:00+02:00,0.0,0.0,0.0,0.0,0.0,0.0
5585,08-21 17:00:00+02:00,0.0,0.0,0.0,0.0,0.0,0.0
5586,08-21 18:00:00+02:00,0.0,0.0,0.0,0.0,0.0,0.0
5587,08-21 19:00:00+02:00,0.0,0.0,0.0,0.0,0.0,0.0
5588,08-21 20:00:00+02:00,0.0,0.0,0.0,0.0,0.0,0.0
5589,08-21 21:00:00+02:00,0.0,0.0,0.0,0.0,0.0,0.0
5590,08-21 22:00:00+02:00,0.0,0.0,0.0,0.0,0.0,0.0
5591,08-21 23:00:00+02:00,0.0,0.0,0.0,0.0,0.0,0.0
5592,08-22 00:00:00+02:00,0.0,0.0,0.0,0.0,0.0,0.0
5593,08-22 01:00:00+02:00,0.0,0.0,0.0,0.0,0.0,0.0
5594,08-22 02:00:00+02:00,0.0,0.0,0.0,0.0,0.0,0.0
5595,08-22 03:00:00+02:00,0.0,0.0,0.0,0.0,0.0,0.0
5596,08-22 04:00:00+02:00,0.0,0.0,0.0,0.0,0.0,0.0
5597,08-22 05:00:00+02:00,0.0,0.0,0.0,0.0,0.0,0.0
5598,08-22 06:00:00+02:00,0.0,0.0,0.0,0.0,0.0,0.0
5599,08-22 07:00:00+02:00,0.0,0.0,0.0,0.0,0.0,0.0
5600,08-22 08:00:00+02:00,0.0,0.0,0.0,0.0,0.0,0.0
5601,08-22 09:00:00+02:00,0.0,0.0,0.0,0.0,0.0,0.0
5602,08-22 10:00:00+02:00,0.0,0.0,0.0,0.0,0.0,0.0
5603,08-22 11:00:00+02:00,0.0,0.0,0.0,0.0,0.0,0.0
5604,08-22 12:00:00+02:00,0.0,0.0,0.0,0.0,0.0,0.0
5605,08-22 13:00:00+02:00,0.0,0.0,0.0,0.0,0.0,0.0
5606,08-22 14:00:00+02:00,0.0,0.0,0.0,0.0,0.0,0.0
5607,08-22 15:00:00+02:00,0.0,0.0,0.0,0.0,0.0,0.0
5608,08-22 16:00:00+02:00,0.0,0.0,0.0,0.0,0.0,0.0
5609,08-22 17:00:00+02:00,0.0,0.0,0.0,0.0,0.0,0.0
5610,08-22 18:00:00+02:00,0.0,0.0,0.0,0.0,0.0,0.0
5611,08-22 19:00:00+02:00,0.0,0.0,0.0,0.0,0.0,0.0
5612,08-22 20:00:00+02:00,0.0,0.0,0.0,0.0,0.0,0.0
5613,08-22 21:00:00+02:00,0.0,0.0,0.0,0.0,0.0,0.0
5614,08-22 22:00:00+02:00,0.0,0.0,0.0,0.0,0.0,0.0
5615,08-22 23:00:00+02:00,0.0,0.0,0.0,0.0,0.0,0.0
5616,08-23 00:00:00+02:00,0.0,0.0,0.0,0.0,0.0,0.0
5617,08-23 01:00:00+02:00,0.0,0.0,0.0,0.0,0.0,0.0
5618,08-23 02:00:00+02:00,0.0,0.0,0.0,0.0,0.0,0.0
5619,08-23 03:00:00+02:00,0.0,0.0,0.0,0.0,0.0,0.0
5620,08-23 04:00:00+02:00,0.0,0.0,0.0,0.0,0.0,0.0
5621,08-23 05:00:00+02:00,0.0,0.0,0.0,0.0,0.0,0.0
5622,08-23 06:00:00+02:00,0.0,0.0,0.0,0.0,0.0,0.0
5623,08-23 07:00:00+02:00,0.0,0.0,0.0,0.0,0.0,0.0
5624,08-23 08:00:00+02:00,0.0,0.0,0.0,0.0,0.0,0.0
5625,08-23 09:00:00+02:00,0.0,0.0,0.0,0.0,0.0,0.0
5626,08-23 10:00:00+02:00,0.0,0.0,0.0,0.0,0.0,0.0
5627,08-23 11:00:00+02:00,0.0,0.0,0.0,0.0,0.0,0.0
5628,08-23 12:00:00+02:00,0.0,0.0,0.0,0.0,0.0,0.0
5629,08-23 13:00:00+02:00,0.0,0.0,0.0,0.0,0.0,0.0
5630,08-23 14:00:00+02:00,0.0,0.0,0.0,0.0,0.0,0.0
5631,08-23 15:00:00+02:00,0.0,0.0,0.0,0.0,0.0,0.0
5632,08-23 16:00:00+02:00,0.0,0.0,0.0,0.0,0.0,0.0
5633,08-23 17:00:00+02:00,0.0,0.0,0.0,0.0,0.0,0.0
5634,08-23 18:00:00+02:00,0.0,0.0,0.0,0.0,0.0,0.0
5635,08-23 19:00:00+02:00,0.0,0.0,0.0,0.0,0.0,0.0
5636,08-23 20:00:00+02:00,0.0,0.0,0.0,0.0,0.0,0.0
5637,08-23 21:00:00+02:00,0.0,0.0,0.0,0.0,0.0,0.0
5638,08-23 22:00:00+02:00,0.0,0.0,0.0,0.0,0.0,0.0
5639,08-23 23:00:00+02:00,0.0,0.0,0.0,0.0,0.0,0.0
5640,08-24 00:00:00+02:00,0.0,0.0,0.0,0.0,0.0,0.0
5641,08-24 01:00:00+02:00,0.0,0.0,0.0,0.0,0.0,0.0
5642,08-24 02:00:00+02:00,0.0,0.0,0.0,0.0,0.0,0.0
5643,08-24 03:00:00+02:00,0.0,0.0,0.0,0.0,0.0,0.0
5644,08-24 04:00:00+02:00,0.0,0.0,0.0,0.0,0.0,0.0
5645,08-24 05:00:00+02:00,0.0,0.0,0.0,0.0,0.0,0.0
5646,08-24 06:00:00+02:00,0.0,0.0,0.0,0.0,0.0,0.0
5647,08-24 07:00:00+02:00,0.0,0.0,0.0,0.0,0.0,0.0
5648,08-24 08:00:00+02:00,0.0,0.0,0.0,0.0,0.0,0.0
5649,08-24 09:00:00+02:00,0.0,0.0,0.0,0.0,0.0,0.0
5650,08-24 10:00:00+02:00,0.0,0.0,0.0,0.0,0.0,0.0
5651,08-24 11:00:00+02:00,0.0,0.0,0.0,0.0,0.0,0.0
5652,08-24 12:00:00+02:00,0.0,0.0,0.0,0.0,0.0,0.0
5653,08-24 13:00:00+02:00,0.0,0.0,0.0,0.0,0.0,0.0
5654,08-24 14:00:00+02:00,0.0,0.0,0.0,0.0,0.0,0.0
5655,08-24 15:00:00+02:00,0.0,0.0,0.0,0.0,0.0,0.0
5656,08-24 16:00:00+02:00,0.0,0.0,0.0,0.0,0.0,0.0
5657,08-24 17:00:00+02:00,0.0,0.0,0.0,0.0,0.0,0.0
5658,08-24 18:00:00+02:00,0.0,0.0,0.0,0.0,0.0,0.0
5659,08-24 19:00:00+02:00,0.0,0.0,0.0,0.0,0.0,0.0
5660,08-24 20:00:00+02:00,0.0,0.0,0.0,0.0,0.0,0.0
5661,08-24 21:00:00+02:00,0.0,0.0,0.0,0.0,0.0,0.0
5662,08-24 22:00:00+02:00,0.0,0.0,0.0,0.0,0.0,0.0
5663,08-24 23:00:00+02:00,0.0,0.0,0.0,0.0,0.0,0.0
5664,08-25 00:00:00+02:00,0.0,0.0,0.0,0.0,0.0,0.0
5665,08-25 01:00:00+02:00,0.0,0.0,0.0,0.0,0.0,0.0
5666,08-25 02:00:00+02:00,0.0,0.0,0.0,0.0,0.0,0.0
5667,08-25 03:00:00+02:00,0.0,0.0,0.0,0.0,0.0,0.0
5668,08-25 04:00:00+02:00,0.0,0.0,0.0,0.0,0.0,0.0
5669,08-25 05:00:00+02:00,0.0,0.0,0.0,0.0,0.0,0.0
5670,08-25 06:00:00+02:00,0.0,0.0,0.0,0.0,0.0,0.0
5671,08-25 07:00:00+02:00,0.0,0.0,0.0,0.0,0.0,0.0
5672,08-25 08:00:00+02:00,0.0,0.0,0.0,0.0,0.0,0.0
5673,08-25 09:00:00+02:00,0.0,0.0,0.0,0.0,0.0,0.0
5674,08-25 10:00:00+02:00,0.0,0.0,0.0,0.0,0.0,0.0
5675,08-25 11:00:00+02:00,0.0,0.0,0.0,0.0,0.0,0.0
5676,08-25 12:00:00+02:00,0.0,0.0,0.0,0.0,0.0,0.0
5677,08-25 13:00:00+02:00,0.0,0.0,0.0,0.0,0.0,0.0
5678,08-25 14:00:00+02:00,0.0,0.0,0.0,0.0,0.0,0.0
5679,08-25 15:00:00+02:00,0.0,0.0,0.0,0.0,0.0,0.0
5680,08-25 16:00:00+02:00,0.0,0.0,0.0,0.0,0.0,0.0
5681,08-25 17:00:00+02:00,0.0,0.0,0.0,0.0,0.0,0.0
5682,08-25 18:00:00+02:00,0.0,0.0,0.0,0.0,0.0,0.0
5683,08-25 19:00:00+02:00,0.0,0.0,0.0,0.0,0.0,0.0
5684,08-25 20:00:00+02:00,0.0,0.0,0.0,0.0,0.0,0.0
5685,08-25 21:00:00+02:00,0.0,0.0,0.0,0.0,0.0,0.0
5686,08-25 22:00:00+02:00,0.0,0.0,0.0,0.0,0.0,0.0
5687,08-25 23:00:00+02:00,0.0,0.0,0.0,0.0,0.0,0.0
5688,08-26 00:00:00+02:00,0.0,0.0,0.0,0.0,0.0,0.0
5689,08-26 01:00:00+02:00,0.0,0.0,0.0,0.0,0.0,0.0
5690,08-26 02:00:00+02:00,0.0,0.0,0.0,0.0,0.0,0.0
5691,08-26 03:00:00+02:00,0.0,0.0,0.0,0.0,0.0,0.0
5692,08-26 04:00:00+02:00,0.0,0.0,0.0,0.0,0.0,0.0
5693,08-26 05:00:00+02:00,0.0,0.0,0.0,0.0,0.0,0.0
5694,08-26 06:00:00+02:00,0.0,0.0,0.0,0.0,0.0,0.0
5695,08-26 07:00:00+02:00,0.0,0.0,0.0,0.0,0.0,0.0
5696,08-26 08:00:00+02:00,0.0,0.0,0.0,0.0,0.0,0.0
5697,08-26 09:00:00+02:00,0.0,0.0,0.0,0.0,0.0,0.0
5698,08-26 10:00:00+02:00,0.0,0.0,0.0,0.0,0.0,0.0
5699,08-26 11:00:00+02:00,0.0,0.0,0.0,0.0,0.0,0.0
5700,08-26 12:00:00+02:00,0.0,0.0,0.0,0.0,0.0,0.0
5701,08-26 13:00:00+02:00,0.0,0.0,0.0,0.0,0.0,0.0
5702,08-26 14:00:00+02:00,0.0,0.0,0.0,0.0,0.0,0.0
5703,08-26 15:00:00+02:00,0.0,0.0,0.0,0.0,0.0,0.0
5704,08-26 16:00:00+02:00,0.0,0.0,0.0,0.0,0.0,0.0
5705,08-26 17:00:00+02:00,0.0,0.0,0.0,0.0,0.0,0.0
5706,08-26 18:00:00+02:00,0.0,0.0,0.0,0.0,0.0,0.0
5707,08-26 19:00:00+02:00,0.0,0.0,0.0,0.0,0.0,0.0
5708,08-26 20:00:00+02:00,0.0,0.0,0.0,0.0,0.0,0.0
5709,08-26 21:00:00+02:00,0.0,0.0,0.0,0.0,0.0,0.0
5710,08-26 22:00:00+02:00,0.0,0.0,0.0,0.0,0.0,0.0
5711,08-26 23:00:00+02:00,0.0,0.0,0.0,0.0,0.0,0.0
5712,08-27 00:00:00+02:00,0.0,0.0,0.0,0.0,0.0,0.0
5713,08-27 01:00:00+02:00,0.0,0.0,0.0,0.0,0.0,0.0
5714,08-27 02:00:00+02:00,0.0,0.0,0.0,0.0,0.0,0.0
5715,08-27 03:00:00+02:00,0.0,0.0,0.0,0.0,0.0,0.0
5716,08-27 04:00:00+02:00,0.0,0.0,0.0,0.0,0.0,0.0
5717,08-27 05:00:00+02:00,0.0,0.0,0.0,0.0,0.0,0.0
5718,08-27 06:00:00+02:00,0.0,0.0,0.0,0.0,0.0,0.0
5719,08-27 07:00:00+02:00,0.0,0.0,0.0,0.0,0.0,0.0
5720,08-27 08:00:00+02:00,0.0,0.0,0.0,0.0,0.0,0.0
5721,08-27 09:00:00+02:00,0.0,0.0,0.0,0.0,0.0,0.0
5722,08-27 10:00:00+02:00,0.0,0.0,0.0,0.0,0.0,0.0
5723,08-27 11:00:00+02:00,0.0,0.0,0.0,0.0,0.0,0.0
5724,08-27 12:00:00+02:00,0.0,0.0,0.0,0.0,0.0,0.0
5725,08-27 13:00:00+02:00,0.0,0.0,0.0,0.0,0.0,0.0
5726,08-27 14:00:00+02:00,0.0,0.0,0.0,0.0,0.0,0.0
5727,08-27 15:00:00+02:00,0.0,0.0,0.0,0.0,0.0,0.0
5728,08-27 16:00:00+02:00,0.0,0.0,0.0,0.0,0.0,0.0
5729,08-27 17:00:00+02:00,0.0,0.0,0.0,0.0,0.0,0.0
5730,08-27 18:00:00+02:00,0.0,0.0,0.0,0.0,0.0,0.0
5731,08-27 19:00:00+02:00,0.0,0.0,0.0,0.0,0.0,0.0
5732,08-27 20:00:00+02:00,0.0,0.0,0.0,0.0,0.0,0.0
5733,08-27 21:00:00+02:00,0.0,0.0,0.0,0.0,0.0,0.0
5734,08-27 22:00:00+02:00,0.0,0.0,0.0,0.0,0.0,0.0
5735,08-27 23:00:00+02:00,0.0,0.0,0.0,0.0,0.0,0.0
5736,08-28 00:00:00+02:00,0.0,0.0,0.0,0.0,0.0,0.0
5737,08-28 01:00:00+02:00,0.0,0.0,0.0,0.0,0.0,0.0
5738,08-28 02:00:00+02:00,0.0,0.0,0.0,0.0,0.0,0.0
5739,08-28 03:00:00+02:00,0.0,0.0,0.0,0.0,0.0,0.0
5740,08-28 04:00:00+02:00,0.0,0.0,0.0,0.0,0.0,0.0
5741,08-28 05:00:00+02:00,0.0,0.0,0.0,0.0,0.0,0.0
5742,08-28 06:00:00+02:00,0.0,0.0,0.0,0.0,0.0,0.0
5743,08-28 07:00:00+02:00,0.0,0.0,0.0,0.0,0.0,0.0
5744,08-28 08:00:00+02:00,0.0,0.0,0.0,0.0,0.0,0.0
5745,08-28 09:00:00+02:00,0.0,0.0,0.0,0.0,0.0,0.0
5746,08-28 10:00:00+02:00,0.0,0.0,0.0,0.0,0.0,0.0
5747,08-28 11:00:00+02:00,0.0,0.0,0.0,0.0,0.0,0.0
5748,08-28 12:00:00+02:00,0.0,0.0,0.0,0.0,0.0,0.0
5749,08-28 13:00:00+02:00,0.0,0.0,0.0,0.0,0.0,0.0
5750,08-28 14:00:00+02:00,0.0,0.0,0.0,0.0,0.0,0.0
5751,08-28 15:00:00+02:00,0.0,0.0,0.0,0.0,0.0,0.0
5752,08-28 16:00:00+02:00,0.0,0.0,0.0,0.0,0.0,0.0
5753,08-28 17:00:00+02:00,0.0,0.0,0.0,0.0,0.0,0.0
5754,08-28 18:00:00+02:00,0.0,0.0,0.0,0.0,0.0,0.0
5755,08-28 19:00:00+02:00,0.0,0.0,0.0,0.0,0.0,0.0
5756,08-28 20:00:00+02:00,0.0,0.0,0.0,0.0,0.0,0.0
5757,08-28 21:00:00+02:00,0.0,0.0,0.0,0.0,0.0,0.0
5758,08-28 22:00:00+02:00,0.0,0.0,0.0,0.0,0.0,0.0
5759,08-28 23:00:00+02:00,0.0,0.0,0.0,0.0,0.0,0.0
5760,08-29 00:00:00+02:00,0.0,0.0,0.0,0.0,0.0,0.0
5761,08-29 01:00:00+02:00,0.0,0.0,0.0,0.0,0.0,0.0
5762,08-29 02:00:00+02:00,0.0,0.0,0.0,0.0,0.0,0.0
5763,08-29 03:00:00+02:00,0.0,0.0,0.0,0.0,0.0,0.0
5764,08-29 04:00:00+02:00,0.0,0.0,0.0,0.0,0.0,0.0
5765,08-29 05:00:00+02:00,0.0,0.0,0.0,0.0,0.0,0.0
5766,08-29 06:00:00+02:00,0.0,0.0,0.0,0.0,0.0,0.0
5767,08-29 07:00:00+02:00,0.0,0.0,0.0,0.0,0.0,0.0
5768,08-29 08:00:00+02:00,0.0,0.0,0.0,0.0,0.0,0.0
5769,08-29 09:00:00+02:00,0.0,0.0,0.0,0.0,0.0,0.0
5770,08-29 10:00:00+02:00,0.0,0.0,0.0,0.0,0.0,0.0
5771,08-29 11:00:00+02:00,0.0,0.0,0.0,0.0,0.0,0.0
5772,08-29 12:00:00+02:00,0.0,0.0,0.0,0.0,0.0,0.0
5773,08-29 13:00:00+02:00,0.0,0.0,0.0,0.0,0.0,0.0
5774,08-29 14:00:00+02:00,0.0,0.0,0.0,0.0,0.0,0.0
5775,08-29 15:00:00+02:00,0.0,0.0,0.0,0.0,0.0,0.0
5776,08-29 16:00:00+02:00,0.0,0.0,0.0,0.0,0.0,0.0
5777,08-29 17:00:00+02:00,0.0,0.0,0.0,0.0,0.0,0.0
5778,08-29 18:00:00+02:00,0.0,0.0,0.0,0.0,0.0,0.0
5779,08-29 19:00:00+02:00,0.0,0.0,0.0,0.0,0.0,0.0
5780,08-29 20:00:00+02:00,0.0,0.0,0.0,0.0,0.0,0.0
5781,08-29 21:00:00+02:00,0.0,0.0,0.0,0.0,0.0,0.0
5782,08-29 22:00:00+02:00,0.0,0.0,0.0,0.0,0.0,0.0
5783,08-29 23:00:00+02:00,0.0,0.0,0.0,0.0,0.0,0.0
5784,08-30 00:00:00+02:00,0.0,0.0,0.0,0.0,0.0,0.0
5785,08-30 01:00:00+02:00,0.0,0.0,0.0,0.0,0.0,0.0
5786,08-30 02:00:00+02:00,0.0,0.0,0.0,0.0,0.0,0.0
5787,08-30 03:00:00+02:00,0.0,0.0,0.0,0.0,0.0,0.0
5788,08-30 04:00:00+02:00,0.0,0.0,0.0,0.0,0.0,0.0
5789,08-30 05:00:00+02:00,0.0,0.0,0.0,0.0,0.0,0.0
5790,08-30 06:00:00+02:00,0.0,0.0,0.0,0.0,0.0,0.0
5791,08-30 07:00:00+02:00,0.0,0.0,0.0,0.0,0.0,0.0
5792,08-30 08:00:00+02:00,0.0,0.0,0.0,0.0,0.0,0.0
5793,08-30 09:00:00+02:00,0.0,0.0,0.0,0.0,0.0,0.0
5794,08-30 10:00:00+02:00,0.0,0.0,0.0,0.0,0.0,0.0
5795,08-30 11:00:00+02:00,0.0,0.0,0.0,0.0,0.0,0.0
5796,08-30 12:00:00+02:00,0.0,0.0,0.0,0.0,0.0,0.0
5797,08-30 13:00:00+02:00,0.0,0.0,0.0,0.0,0.0,0.0
5798,08-30 14:00:00+02:00,0.0,0.0,0.0,0.0,0.0,0.0
5799,08-30 15:00:00+02:00,0.0,0.0,0.0,0.0,0.0,0.0
5800,08-30 16:00:00+02:00,0.0,0.0,0.0,0.0,0.0,0.0
5801,08-30 17:00:00+02:00,0.0,0.0,0.0,0.0,0.0,0.0
5802,08-30 18:00:00+02:00,0.0,0.0,0.0,0.0,0.0,0.0
5803,08-30 19:00:00+02:00,0.0,0.0,0.0,0.0,0.0,0.0
5804,08-30 20:00:00+02:00,0.0,0.0,0.0,0.0,0.0,0.0
5805,08-30 21:00:00+02:00,0.0,0.0,0.0,0.0,0.0,0.0
5806,08-30 22:00:00+02:00,0.0,0.0,0.0,0.0,0.0,0.0
5807,08-30 23:00:00+02:00,0.0,0.0,0.0,0.0,0.0,0.0
5808,08-31 00:00:00+02:00,0.0,0.0,0.0,0.0,0.0,0.0
5809,08-31 01:00:00+02:00,0.0,0.0,0.0,0.0,0.0,0.0
5810,08-31 02:00:00+02:00,0.0,0.0,0.0,0.0,0.0,0.0
5811,08-31 03:00:00+02:00,0.0,0.0,0.0,0.0,0.0,0.0
5812,08-31 04:00:00+02:00,0.0,0.0,0.0,0.0,0.0,0.0
5813,08-31 05:00:00+02:00,0.0,0.0,0.0,0.0,0.0,0.0
5814,08-31 06:00:00+02:00,0.0,0.0,0.0,0.0,0.0,0.0
5815,08-31 07:00:00+02:00,0.0,0.0,0.0,0.0,0.0,0.0
5816,08-31 08:00:00+02:00,0.0,0.0,0.0,0.0,0.0,0.0
5817,08-31 09:00:00+02:00,0.0,0.0,0.0,0.0,0.0,0.0
5818,08-31 10:00:00+02:00,0.0,0.0,0.0,0.0,0.0,0.0
5819,08-31 11:00:00+02:00,0.0,0.0,0.0,0.0,0.0,0.0
5820,08-31 12:00:00+02:00,0.0,0.0,0.0,0.0,0.0,0.0
5821,08-31 13:00:00+02:00,0.0,0.0,0.0,0.0,0.0,0.0
5822,08-31 14:00:00+02:00,0.0,0.0,0.0,0.0,0.0,0.0
5823,08-31 15:00:00+02:00,0.0,0.0,0.0,0.0,0.0,0.0
5824,08-31 16:00:00+02:00,0.0,0.0,0.0,0.0,0.0,0.0
5825,08-31 17:00:00+02:00,0.0,0.0,0.0,0.0,0.0,0.0
5826,08-31 18:00:00+02:00,0.0,0.0,0.0,0.0,0.0,0.0
5827,08-31 19:00:00+02:00,0.0,0.0,0.0,0.0,0.0,0.0
5828,08-31 20:00:00+02:00,0.0,0.0,0.0,0.0,0.0,0.0
5829,08-31 21:00:00+02:00,0.0,0.0,0.0,0.0,0.0,0.0
5830,08-31 22:00:00+02:00,0.0,0.0,0.0,0.0,0.0,0.0
5831,08-31 23:00:00+02:00,0.0,0.0,0.0,0.0,0.0,0.0
5832,09-01 00:00:00+02:00,0.0,0.0,0.0,0.0,0.0,0.0
5833,09-01 01:00:00+02:00,0.0,0.0,0.0,0.0,0.0,0.0
5834,09-01 02:00:00+02:00,0.0,0.0,0.0,0.0,0.0,0.0
5835,09-01 03:00:00+02:00,0.0,0.0,0.0,0.0,0.0,0.0
5836,09-01 04:00:00+02:00,0.0,0.0,0.0,0.0,0.0,0.0
5837,09-01 05:00:00+02:00,0.0,0.0,0.0,0.0,0.0,0.0
5838,09-01 06:00:00+02:00,0.0,0.0,0.0,0.0,0.0,0.0
5839,09-01 07:00:00+02:00,0.0,0.0,0.0,0.0,0.0,0.0
5840,09-01 08:00:00+02:00,0.0,0.0,0.0,0.0,0.0,0.0
5841,09-01 09:00:00+02:00,0.0,0.0,0.0,0.0,0.0,0.0
5842,09-01 10:00:00+02:00,0.0,0.0,0.0,0.0,0.0,0.0
5843,09-01 11:00:00+02:00,0.0,0.0,0.0,0.0,0.0,0.0
5844,09-01 12:00:00+02:00,0.0,0.0,0.0,0.0,0.0,0.0
5845,09-01 13:00:00+02:00,0.0,0.0,0.0,0.0,0.0,0.0
5846,09-01 14:00:00+02:00,0.0,0.0,0.0,0.0,0.0,0.0
5847,09-01 15:00:00+02:00,0.0,0.0,0.0,0.0,0.0,0.0
5848,09-01 16:00:00+02:00,0.0,0.0,0.0,0.0,0.0,0.0
5849,09-01 17:00:00+02:00,0.0,0.0,0.0,0.0,0.0,0.0
5850,09-01 18:00:00+02:00,0.0,0.0,0.0,0.0,0.0,0.0
5851,09-01 19:00:00+02:00,0.0,0.0,0.0,0.0,0.0,0.0
5852,09-01 20:00:00+02:00,0.0,0.0,0.0,0.0,0.0,0.0
5853,09-01 21:00:00+02:00,0.0,0.0,0.0,0.0,0.0,0.0
5854,09-01 22:00:00+02:00,0.0,0.0,0.0,0.0,0.0,0.0
5855,09-01 23:00:00+02:00,0.0,0.0,0.0,0.0,0.0,0.0
5856,09-02 00:00:00+02:00,0.0,0.0,0.0,0.0,0.0,0.0
5857,09-02 01:00:00+02:00,0.0,0.0,0.0,0.0,0.0,0.0
5858,09-02 02:00:00+02:00,0.0,0.0,0.0,0.0,0.0,0.0
5859,09-02 03:00:00+02:00,0.0,0.0,0.0,0.0,0.0,0.0
5860,09-02 04:00:00+02:00,0.0,0.0,0.0,0.0,0.0,0.0
5861,09-02 05:00:00+02:00,0.0,0.0,0.0,0.0,0.0,0.0
5862,09-02 06:00:00+02:00,0.0,0.0,0.0,0.0,0.0,0.0
5863,09-02 07:00:00+02:00,0.0,0.0,0.0,0.0,0.0,0.0
5864,09-02 08:00:00+02:00,0.0,0.0,0.0,0.0,0.0,0.0
5865,09-02 09:00:00+02:00,0.0,0.0,0.0,0.0,0.0,0.0
5866,09-02 10:00:00+02:00,0.0,0.0,0.0,0.0,0.0,0.0
5867,09-02 11:00:00+02:00,0.0,0.0,0.0,0.0,0.0,0.0
5868,09-02 12:00:00+02:00,0.0,0.0,0.0,0.0,0.0,0.0
5869,09-02 13:00:00+02:00,0.0,0.0,0.0,0.0,0.0,0.0
5870,09-02 14:00:00+02:00,0.0,0.0,0.0,0.0,0.0,0.0
5871,09-02 15:00:00+02:00,0.0,0.0,0.0,0.0,0.0,0.0
5872,09-02 16:00:00+02:00,0.0,0.0,0.0,0.0,0.0,0.0
5873,09-02 17:00:00+02:00,0.0,0.0,0.0,0.0,0.0,0.0
5874,09-02 18:00:00+02:00,0.0,0.0,0.0,0.0,0.0,0.0
5875,09-02 19:00:00+02:00,0.0,0.0,0.0,0.0,0.0,0.0
5876,09-02 20:00:00+02:00,0.0,0.0,0.0,0.0,0.0,0.0
5877,09-02 21:00:00+02:00,0.0,0.0,0.0,0.0,0.0,0.0
5878,09-02 22:00:00+02:00,0.0,0.0,0.0,0.0,0.0,0.0
5879,09-02 23:00:00+02:00,0.0,0.0,0.0,0.0,0.0,0.0
5880,09-03 00:00:00+02:00,0.0,0.0,0.0,0.0,0.0,0.0
5881,09-03 01:00:00+02:00,0.0,0.0,0.0,0.0,0.0,0.0
5882,09-03 02:00:00+02:00,0.0,0.0,0.0,0.0,0.0,0.0
5883,09-03 03:00:00+02:00,0.0,0.0,0.0,0.0,0.0,0.0
5884,09-03 04:00:00+02:00,0.0,0.0,0.0,0.0,0.0,0.0
5885,09-03 05:00:00+02:00,0.0,0.0,0.0,0.0,0.0,0.0
5886,09-03 06:00:00+02:00,0.0,0.0,0.0,0.0,0.0,0.0
5887,09-03 07:00:00+02:00,0.0,0.0,0.0,0.0,0.0,0.0
5888,09-03 08:00:00+02:00,0.0,0.0,0.0,0.0,0.0,0.0
5889,09-03 09:00:00+02:00,0.0,0.0,0.0,0.0,0.0,0.0
5890,09-03 10:00:00+02:00,0.0,0.0,0.0,0.0,0.0,0.0
5891,09-03 11:00:00+02:00,0.0,0.0,0.0,0.0,0.0,0.0
5892,09-03 12:00:00+02:00,0.0,0.0,0.0,0.0,0.0,0.0
5893,09-03 13:00:00+02:00,0.0,0.0,0.0,0.0,0.0,0.0
5894,09-03 14:00:00+02:00,0.0,0.0,0.0,0.0,0.0,0.0
5895,09-03 15:00:00+02:00,0.0,0.0,0.0,0.0,0.0,0.0
5896,09-03 16:00:00+02:00,0.0,0.0,0.0,0.0,0.0,0.0
5897,09-03 17:00:00+02:00,0.0,0.0,0.0,0.0,0.0,0.0
5898,09-03 18:00:00+02:00,0.0,0.0,0.0,0.0,0.0,0.0
5899,09-03 19:00:00+02:00,0.0,0.0,0.0,0.0,0.0,0.0
5900,09-03 20:00:00+02:00,0.0,0.0,0.0,0.0,0.0,0.0
5901,09-03 21:00:00+02:00,0.0,0.0,0.0,0.0,0.0,0.0
5902,09-03 22:00:00+02:00,0.0,0.0,0.0,0.0,0.0,0.0
5903,09-03 23:00:00+02:00,0.0,0.0,0.0,0.0,0.0,0.0
5904,09-04 00:00:00+02:00,0.0,0.0,0.0,0.0,0.0,0.0
5905,09-04 01:00:00+02:00,0.0,0.0,0.0,0.0,0.0,0.0
5906,09-04 02:00:00+02:00,0.0,0.0,0.0,0.0,0.0,0.0
5907,09-04 03:00:00+02:00,0.0,0.0,0.0,0.0,0.0,0.0
5908,09-04 04:00:00+02:00,0.0,0.0,0.0,0.0,0.0,0.0
5909,09-04 05:00:00+02:00,0.0,0.0,0.0,0.0,0.0,0.0
5910,09-04 06:00:00+02:00,0.0,0.0,0.0,0.0,0.0,0.0
5911,09-04 07:00:00+02:00,0.0,0.0,0.0,0.0,0.0,0.0
5912,09-04 08:00:00+02:00,0.0,0.0,0.0,0.0,0.0,0.0
5913,09-04 09:00:00+02:00,0.0,0.0,0.0,0.0,0.0,0.0
5914,09-04 10:00:00+02:00,0.0,0.0,0.0,0.0,0.0,0.0
5915,09-04 11:00:00+02:00,0.0,0.0,0.0,0.0,0.0,0.0
5916,09-04 12:00:00+02:00,0.0,0.0,0.0,0.0,0.0,0.0
5917,09-04 13:00:00+02:00,0.0,0.0,0.0,0.0,0.0,0.0
5918,09-04 14:00:00+02:00,0.0,0.0,0.0,0.0,0.0,0.0
5919,09-04 15:00:00+02:00,0.0,0.0,0.0,0.0,0.0,0.0
5920,09-04 16:00:00+02:00,0.0,0.0,0.0,0.0,0.0,0.0
5921,09-04 17:00:00+02:00,0.0,0.0,0.0,0.0,0.0,0.0
5922,09-04 18:00:00+02:00,0.0,0.0,0.0,0.0,0.0,0.0
5923,09-04 19:00:00+02:00,0.0,0.0,0.0,0.0,0.0,0.0
5924,09-04 20:00:00+02:00,0.0,0.0,0.0,0.0,0.0,0.0
5925,09-04 21:00:00+02:00,0.0,0.0,0.0,0.0,0.0,0.0
5926,09-04 22:00:00+02:00,0.0,0.0,0.0,0.0,0.0,0.0
5927,09-04 23:00:00+02:00,0.0,0.0,0.0,0.0,0.0,0.0
5928,09-05 00:00:00+02:00,0.0,0.0,0.0,0.0,0.0,0.0
5929,09-05 01:00:00+02:00,0.0,0.0,0.0,0.0,0.0,0.0
5930,09-05 02:00:00+02:00,0.0,0.0,0.0,0.0,0.0,0.0
5931,09-05 03:00:00+02:00,0.0,0.0,0.0,0.0,0.0,0.0
5932,09-05 04:00:00+02:00,0.0,0.0,0.0,0.0,0.0,0.0
5933,09-05 05:00:00+02:00,0.0,0.0,0.0,0.0,0.0,0.0
5934,09-05 06:00:00+02:00,0.0,0.0,0.0,0.0,0.0,0.0
5935,09-05 07:00:00+02:00,0.0,0.0,0.0,0.0,0.0,0.0
5936,09-05 08:00:00+02:00,0.0,0.0,0.0,0.0,0.0,0.0
5937,09-05 09:00:00+02:00,0.0,0.0,0.0,0.0,0.0,0.0
5938,09-05 10:00:00+02:00,0.0,0.0,0.0,0.0,0.0,0.0
5939,09-05 11:00:00+02:00,0.0,0.0,0.0,0.0,0.0,0.0
5940,09-05 12:00:00+02:00,0.0,0.0,0.0,0.0,0.0,0.0
5941,09-05 13:00:00+02:00,0.0,0.0,0.0,0.0,0.0,0.0
5942,09-05 14:00:00+02:00,0.0,0.0,0.0,0.0,0.0,0.0
5943,09-05 15:00:00+02:00,0.0,0.0,0.0,0.0,0.0,0.0
5944,09-05 16:00:00+02:00,0.0,0.0,0.0,0.0,0.0,0.0
5945,09-05 17:00:00+02:00,0.0,0.0,0.0,0.0,0.0,0.0
5946,09-05 18:00:00+02:00,0.0,0.0,0.0,0.0,0.0,0.0
5947,09-05 19:00:00+02:00,0.0,0.0,0.0,0.0,0.0,0.0
5948,09-05 20:00:00+02:00,0.0,0.0,0.0,0.0,0.0,0.0
5949,09-05 21:00:00+02:00,0.0,0.0,0.0,0.0,0.0,0.0
5950,09-05 22:00:00+02:00,0.0,0.0,0.0,0.0,0.0,0.0
5951,09-05 23:00:00+02:00,0.0,0.0,0.0,0.0,0.0,0.0
5952,09-06 00:00:00+02:00,0.0,0.0,0.0,0.0,0.0,0.0
5953,09-06 01:00:00+02:00,0.0,0.0,0.0,0.0,0.0,0.0
5954,09-06 02:00:00+02:00,0.0,0.0,0.0,0.0,0.0,0.0
5955,09-06 03:00:00+02:00,0.0,0.0,0.0,0.0,0.0,0.0
5956,09-06 04:00:00+02:00,0.0,0.0,0.0,0.0,0.0,0.0
5957,09-06 05:00:00+02:00,0.0,0.0,0.0,0.0,0.0,0.0
5958,09-06 06:00:00+02:00,0.0,0.0,0.0,0.0,0.0,0.0
5959,09-06 07:00:00+02:00,0.0,0.0,0.0,0.0,0.0,0.0
5960,09-06 08:00:00+02:00,0.0,0.0,0.0,0.0,0.0,0.0
5961,09-06 09:00:00+02:00,0.0,0.0,0.0,0.0,0.0,0.0
5962,09-06 10:00:00+02:00,0.0,0.0,0.0,0.0,0.0,0.0
5963,09-06 11:00:00+02:00,0.0,0.0,0.0,0.0,0.0,0.0
5964,09-06 12:00:00+02:00,0.0,0.0,0.0,0.0,0.0,0.0
5965,09-06 13:00:00+02:00,0.0,0.0,0.0,0.0,0.0,0.0
5966,09-06 14:00:00+02:00,0.0,0.0,0.0,0.0,0.0,0.0
5967,09-06 15:00:00+02:00,0.0,0.0,0.0,0.0,0.0,0.0
5968,09-06 16:00:00+02:00,0.0,0.0,0.0,0.0,0.0,0.0
5969,09-06 17:00:00+02:00,0.0,0.0,0.0,0.0,0.0,0.0
5970,09-06 18:00:00+02:00,0.0,0.0,0.0,0.0,0.0,0.0
5971,09-06 19:00:00+02:00,0.0,0.0,0.0,0.0,0.0,0.0
5972,09-06 20:00:00+02:00,0.0,0.0,0.0,0.0,0.0,0.0
5973,09-06 21:00:00+02:00,0.0,0.0,0.0,0.0,0.0,0.0
5974,09-06 22:00:00+02:00,0.0,0.0,0.0,0.0,0.0,0.0
5975,09-06 23:00:00+02:00,0.0,0.0,0.0,0.0,0.0,0.0
5976,09-07 00:00:00+02:00,0.0,0.0,0.0,0.0,0.0,0.0
5977,09-07 01:00:00+02:00,0.0,0.0,0.0,0.0,0.0,0.0
5978,09-07 02:00:00+02:00,0.0,0.0,0.0,0.0,0.0,0.0
5979,09-07 03:00:00+02:00,0.0,0.0,0.0,0.0,0.0,0.0
5980,09-07 04:00:00+02:00,0.0,0.0,0.0,0.0,0.0,0.0
5981,09-07 05:00:00+02:00,0.0,0.0,0.0,0.0,0.0,0.0
5982,09-07 06:00:00+02:00,0.0,0.0,0.0,0.0,0.0,0.0
5983,09-07 07:00:00+02:00,0.0,0.0,0.0,0.0,0.0,0.0
5984,09-07 08:00:00+02:00,0.0,0.0,0.0,0.0,0.0,0.0
5985,09-07 09:00:00+02:00,0.0,0.0,0.0,0.0,0.0,0.0
5986,09-07 10:00:00+02:00,0.0,0.0,0.0,0.0,0.0,0.0
5987,09-07 11:00:00+02:00,0.0,0.0,0.0,0.0,0.0,0.0
5988,09-07 12:00:00+02:00,0.0,0.0,0.0,0.0,0.0,0.0
5989,09-07 13:00:00+02:00,0.0,0.0,0.0,0.0,0.0,0.0
5990,09-07 14:00:00+02:00,0.0,0.0,0.0,0.0,0.0,0.0
5991,09-07 15:00:00+02:00,0.0,0.0,0.0,0.0,0.0,0.0
5992,09-07 16:00:00+02:00,0.0,0.0,0.0,0.0,0.0,0.0
5993,09-07 17:00:00+02:00,0.0,0.0,0.0,0.0,0.0,0.0
5994,09-07 18:00:00+02:00,0.0,0.0,0.0,0.0,0.0,0.0
5995,09-07 19:00:00+02:00,0.0,0.0,0.0,0.0,0.0,0.0
5996,09-07 20:00:00+02:00,0.0,0.0,0.0,0.0,0.0,0.0
5997,09-07 21:00:00+02:00,0.0,0.0,0.0,0.0,0.0,0.0
5998,09-07 22:00:00+02:00,0.0,0.0,0.0,0.0,0.0,0.0
5999,09-07 23:00:00+02:00,0.0,0.0,0.0,0.0,0.0,0.0
6000,09-08 00:00:00+02:00,0.0,0.0,0.0,0.0,0.0,0.0
6001,09-08 01:00:00+02:00,0.0,0.0,0.0,0.0,0.0,0.0
6002,09-08 02:00:00+02:00,0.0,0.0,0.0,0.0,0.0,0.0
6003,09-08 03:00:00+02:00,0.0,0.0,0.0,0.0,0.0,0.0
6004,09-08 04:00:00+02:00,0.0,0.0,0.0,0.0,0.0,0.0
6005,09-08 05:00:00+02:00,0.0,0.0,0.0,0.0,0.0,0.0
6006,09-08 06:00:00+02:00,0.0,0.0,0.0,0.0,0.0,0.0
6007,09-08 07:00:00+02:00,0.0,0.0,0.0,0.0,0.0,0.0
6008,09-08 08:00:00+02:00,0.0,0.0,0.0,0.0,0.0,0.0
6009,09-08 09:00:00+02:00,0.0,0.0,0.0,0.0,0.0,0.0
6010,09-08 10:00:00+02:00,0.0,0.0,0.0,0.0,0.0,0.0
6011,09-08 11:00:00+02:00,0.0,0.0,0.0,0.0,0.0,0.0
6012,09-08 12:00:00+02:00,0.0,0.0,0.0,0.0,0.0,0.0
6013,09-08 13:00:00+02:00,0.0,0.0,0.0,0.0,0.0,0.0
6014,09-08 14:00:00+02:00,0.0,0.0,0.0,0.0,0.0,0.0
6015,09-08 15:00:00+02:00,0.0,0.0,0.0,0.0,0.0,0.0
6016,09-08 16:00:00+02:00,0.0,0.0,0.0,0.0,0.0,0.0
6017,09-08 17:00:00+02:00,0.0,0.0,0.0,0.0,0.0,0.0
6018,09-08 18:00:00+02:00,0.0,0.0,0.0,0.0,0.0,0.0
6019,09-08 19:00:00+02:00,0.0,0.0,0.0,0.0,0.0,0.0
6020,09-08 20:00:00+02:00,0.0,0.0,0.0,0.0,0.0,0.0
6021,09-08 21:00:00+02:00,0.0,0.0,0.0,0.0,0.0,0.0
6022,09-08 22:00:00+02:00,0.0,0.0,0.0,0.0,0.0,0.0
6023,09-08 23:00:00+02:00,0.0,0.0,0.0,0.0,0.0,0.0
6024,09-09 00:00:00+02:00,0.0,0.0,0.0,0.0,0.0,0.0
6025,09-09 01:00:00+02:00,0.0,0.0,0.0,0.0,0.0,0.0
6026,09-09 02:00:00+02:00,0.0,0.0,0.0,0.0,0.0,0.0
6027,09-09 03:00:00+02:00,0.0,0.0,0.0,0.0,0.0,0.0
6028,09-09 04:00:00+02:00,0.0,0.0,0.0,0.0,0.0,0.0
6029,09-09 05:00:00+02:00,0.0,0.0,0.0,0.0,0.0,0.0
6030,09-09 06:00:00+02:00,0.0,0.0,0.0,0.0,0.0,0.0
6031,09-09 07:00:00+02:00,0.0,0.0,0.0,0.0,0.0,0.0
6032,09-09 08:00:00+02:00,0.0,0.0,0.0,0.0,0.0,0.0
6033,09-09 09:00:00+02:00,0.0,0.0,0.0,0.0,0.0,0.0
6034,09-09 10:00:00+02:00,0.0,0.0,0.0,0.0,0.0,0.0
6035,09-09 11:00:00+02:00,0.0,0.0,0.0,0.0,0.0,0.0
6036,09-09 12:00:00+02:00,0.0,0.0,0.0,0.0,0.0,0.0
6037,09-09 13:00:00+02:00,0.0,0.0,0.0,0.0,0.0,0.0
6038,09-09 14:00:00+02:00,0.0,0.0,0.0,0.0,0.0,0.0
6039,09-09 15:00:00+02:00,0.0,0.0,0.0,0.0,0.0,0.0
6040,09-09 16:00:00+02:00,0.0,0.0,0.0,0.0,0.0,0.0
6041,09-09 17:00:00+02:00,0.0,0.0,0.0,0.0,0.0,0.0
6042,09-09 18:00:00+02:00,0.0,0.0,0.0,0.0,0.0,0.0
6043,09-09 19:00:00+02:00,0.0,0.0,0.0,0.0,0.0,0.0
6044,09-09 20:00:00+02:00,0.0,0.0,0.0,0.0,0.0,0.0
6045,09-09 21:00:00+02:00,0.0,0.0,0.0,0.0,0.0,0.0
6046,09-09 22:00:00+02:00,0.0,0.0,0.0,0.0,0.0,0.0
6047,09-09 23:00:00+02:00,0.0,0.0,0.0,0.0,0.0,0.0
6048,09-10 00:00:00+02:00,0.0,0.0,0.0,0.0,0.0,0.0
6049,09-10 01:00:00+02:00,0.0,0.0,0.0,0.0,0.0,0.0
6050,09-10 02:00:00+02:00,0.0,0.0,0.0,0.0,0.0,0.0
6051,09-10 03:00:00+02:00,0.0,0.0,0.0,0.0,0.0,0.0
6052,09-10 04:00:00+02:00,0.0,0.0,0.0,0.0,0.0,0.0
6053,09-10 05:00:00+02:00,0.0,0.0,0.0,0.0,0.0,0.0
6054,09-10 06:00:00+02:00,0.0,0.0,0.0,0.0,0.0,0.0
6055,09-10 07:00:00+02:00,0.0,0.0,0.0,0.0,0.0,0.0
6056,09-10 08:00:00+02:00,0.0,0.0,0.0,0.0,0.0,0.0
6057,09-10 09:00:00+02:00,0.0,0.0,0.0,0.0,0.0,0.0
6058,09-10 10:00:00+02:00,0.0,0.0,0.0,0.0,0.0,0.0
6059,09-10 11:00:00+02:00,0.0,0.0,0.0,0.0,0.0,0.0
6060,09-10 12:00:00+02:00,0.0,0.0,0.0,0.0,0.0,0.0
6061,09-10 13:00:00+02:00,0.0,0.0,0.0,0.0,0.0,0.0
6062,09-10 14:00:00+02:00,0.0,0.0,0.0,0.0,0.0,0.0
6063,09-10 15:00:00+02:00,0.0,0.0,0.0,0.0,0.0,0.0
6064,09-10 16:00:00+02:00,0.0,0.0,0.0,0.0,0.0,0.0
6065,09-10 17:00:00+02:00,0.0,0.0,0.0,0.0,0.0,0.0
6066,09-10 18:00:00+02:00,0.0,0.0,0.0,0.0,0.0,0.0
6067,09-10 19:00:00+02:00,0.0,0.0,0.0,0.0,0.0,0.0
6068,09-10 20:00:00+02:00,0.0,0.0,0.0,0.0,0.0,0.0
6069,09-10 21:00:00+02:00,0.0,0.0,0.0,0.0,0.0,0.0
6070,09-10 22:00:00+02:00,0.0,0.0,0.0,0.0,0.0,0.0
6071,09-10 23:00:00+02:00,0.0,0.0,0.0,0.0,0.0,0.0
6072,09-11 00:00:00+02:00,0.0,0.0,0.0,0.0,0.0,0.0
6073,09-11 01:00:00+02:00,0.0,0.0,0.0,0.0,0.0,0.0
6074,09-11 02:00:00+02:00,0.0,0.0,0.0,0.0,0.0,0.0
6075,09-11 03:00:00+02:00,0.0,0.0,0.0,0.0,0.0,0.0
6076,09-11 04:00:00+02:00,0.0,0.0,0.0,0.0,0.0,0.0
6077,09-11 05:00:00+02:00,0.0,0.0,0.0,0.0,0.0,0.0
6078,09-11 06:00:00+02:00,0.0,0.0,0.0,0.0,0.0,0.0
6079,09-11 07:00:00+02:00,0.0,0.0,0.0,0.0,0.0,0.0
6080,09-11 08:00:00+02:00,0.0,0.0,0.0,0.0,0.0,0.0
6081,09-11 09:00:00+02:00,0.0,0.0,0.0,0.0,0.0,0.0
6082,09-11 10:00:00+02:00,0.0,0.0,0.0,0.0,0.0,0.0
6083,09-11 11:00:00+02:00,0.0,0.0,0.0,0.0,0.0,0.0
6084,09-11 12:00:00+02:00,0.0,0.0,0.0,0.0,0.0,0.0
6085,09-11 13:00:00+02:00,0.0,0.0,0.0,0.0,0.0,0.0
6086,09-11 14:00:00+02:00,0.0,0.0,0.0,0.0,0.0,0.0
6087,09-11 15:00:00+02:00,0.0,0.0,0.0,0.0,0.0,0.0
6088,09-11 16:00:00+02:00,0.0,0.0,0.0,0.0,0.0,0.0
6089,09-11 17:00:00+02:00,0.0,0.0,0.0,0.0,0.0,0.0
6090,09-11 18:00:00+02:00,0.0,0.0,0.0,0.0,0.0,0.0
6091,09-11 19:00:00+02:00,0.0,0.0,0.0,0.0,0.0,0.0
6092,09-11 20:00:00+02:00,0.0,0.0,0.0,0.0,0.0,0.0
6093,09-11 21:00:00+02:00,0.0,0.0,0.0,0.0,0.0,0.0
6094,09-11 22:00:00+02:00,0.0,0.0,0.0,0.0,0.0,0.0
6095,09-11 23:00:00+02:00,0.0,0.0,0.0,0.0,0.0,0.0
6096,09-12 00:00:00+02:00,0.0,0.0,0.0,0.0,0.0,0.0
6097,09-12 01:00:00+02:00,0.0,0.0,0.0,0.0,0.0,0.0
6098,09-12 02:00:00+02:00,0.0,0.0,0.0,0.0,0.0,0.0
6099,09-12 03:00:00+02:00,0.0,0.0,0.0,0.0,0.0,0.0
6100,09-12 04:00:00+02:00,0.0,0.0,0.0,0.0,0.0,0.0
6101,09-12 05:00:00+02:00,0.0,0.0,0.0,0.0,0.0,0.0
6102,09-12 06:00:00+02:00,0.0,0.0,0.0,0.0,0.0,0.0
6103,09-12 07:00:00+02:00,0.0,0.0,0.0,0.0,0.0,0.0
6104,09-12 08:00:00+02:00,0.0,0.0,0.0,0.0,0.0,0.0
6105,09-12 09:00:00+02:00,0.0,0.0,0.0,0.0,0.0,0.0
6106,09-12 10:00:00+02:00,0.0,0.0,0.0,0.0,0.0,0.0
6107,09-12 11:00:00+02:00,0.0,0.0,0.0,0.0,0.0,0.0
6108,09-12 12:00:00+02:00,0.0,0.0,0.0,0.0,0.0,0.0
6109,09-12 13:00:00+02:00,0.0,0.0,0.0,0.0,0.0,0.0
6110,09-12 14:00:00+02:00,0.0,0.0,0.0,0.0,0.0,0.0
6111,09-12 15:00:00+02:00,0.0,0.0,0.0,0.0,0.0,0.0
6112,09-12 16:00:00+02:00,0.0,0.0,0.0,0.0,0.0,0.0
6113,09-12 17:00:00+02:00,0.0,0.0,0.0,0.0,0.0,0.0
6114,09-12 18:00:00+02:00,0.0,0.0,0.0,0.0,0.0,0.0
6115,09-12 19:00:00+02:00,0.0,0.0,0.0,0.0,0.0,0.0
6116,09-12 20:00:00+02:00,0.0,0.0,0.0,0.0,0.0,0.0
6117,09-12 21:00:00+02:00,0.0,0.0,0.0,0.0,0.0,0.0
6118,09-12 22:00:00+02:00,0.0,0.0,0.0,0.0,0.0,0.0
6119,09-12 23:00:00+02:00,0.0,0.0,0.0,0.0,0.0,0.0
6120,09-13 00:00:00+02:00,0.0,0.0,0.0,0.0,0.0,0.0
6121,09-13 01:00:00+02:00,0.0,0.0,0.0,0.0,0.0,0.0
6122,09-13 02:00:00+02:00,0.0,0.0,0.0,0.0,0.0,0.0
6123,09-13 03:00:00+02:00,0.0,0.0,0.0,0.0,0.0,0.0
6124,09-13 04:00:00+02:00,0.0,0.0,0.0,0.0,0.0,0.0
6125,09-13 05:00:00+02:00,0.0,0.0,0.0,0.0,0.0,0.0
6126,09-13 06:00:00+02:00,0.0,0.0,0.0,0.0,0.0,0.0
6127,09-13 07:00:00+02:00,0.0,0.0,0.0,0.0,0.0,0.0
6128,09-13 08:00:00+02:00,0.0,0.0,0.0,0.0,0.0,0.0
6129,09-13 09:00:00+02:00,0.0,0.0,0.0,0.0,0.0,0.0
6130,09-13 10:00:00+02:00,0.0,0.0,0.0,0.0,0.0,0.0
6131,09-13 11:00:00+02:00,0.0,0.0,0.0,0.0,0.0,0.0
6132,09-13 12:00:00+02:00,0.0,0.0,0.0,0.0,0.0,0.0
6133,09-13 13:00:00+02:00,0.0,0.0,0.0,0.0,0.0,0.0
6134,09-13 14:00:00+02:00,0.0,0.0,0.0,0.0,0.0,0.0
6135,09-13 15:00:00+02:00,0.0,0.0,0.0,0.0,0.0,0.0
6136,09-13 16:00:00+02:00,0.0,0.0,0.0,0.0,0.0,0.0
6137,09-13 17:00:00+02:00,0.0,0.0,0.0,0.0,0.0,0.0
6138,09-13 18:00:00+02:00,0.0,0.0,0.0,0.0,0.0,0.0
6139,09-13 19:00:00+02:00,0.0,0.0,0.0,0.0,0.0,0.0
6140,09-13 20:00:00+02:00,0.0,0.0,0.0,0.0,0.0,0.0
6141,09-13 21:00:00+02:00,0.0,0.0,0.0,0.0,0.0,0.0
6142,09-13 22:00:00+02:00,0.0,0.0,0.0,0.0,0.0,0.0
6143,09-13 23:00:00+02:00,0.0,0.0,0.0,0.0,0.0,0.0
6144,09-14 00:00:00+02:00,0.0,0.0,0.0,0.0,0.0,0.0
6145,09-14 01:00:00+02:00,0.0,0.0,0.0,0.0,0.0,0.0
6146,09-14 02:00:00+02:00,0.0,0.0,0.0,0.0,0.0,0.0
6147,09-14 03:00:00+02:00,0.0,0.0,0.0,0.0,0.0,0.0
6148,09-14 04:00:00+02:00,0.0,0.0,0.0,0.0,0.0,0.0
6149,09-14 05:00:00+02:00,0.0,0.0,0.0,0.0,0.0,0.0
6150,09-14 06:00:00+02:00,0.0,0.0,0.0,0.0,0.0,0.0
6151,09-14 07:00:00+02:00,0.0,0.0,0.0,0.0,0.0,0.0
6152,09-14 08:00:00+02:00,0.0,0.0,0.0,0.0,0.0,0.0
6153,09-14 09:00:00+02:00,0.0,0.0,0.0,0.0,0.0,0.0
6154,09-14 10:00:00+02:00,0.0,0.0,0.0,0.0,0.0,0.0
6155,09-14 11:00:00+02:00,0.0,0.0,0.0,0.0,0.0,0.0
6156,09-14 12:00:00+02:00,0.0,0.0,0.0,0.0,0.0,0.0
6157,09-14 13:00:00+02:00,0.0,0.0,0.0,0.0,0.0,0.0
6158,09-14 14:00:00+02:00,0.0,0.0,0.0,0.0,0.0,0.0
6159,09-14 15:00:00+02:00,0.0,0.0,0.0,0.0,0.0,0.0
6160,09-14 16:00:00+02:00,0.0,0.0,0.0,0.0,0.0,0.0
6161,09-14 17:00:00+02:00,0.0,0.0,0.0,0.0,0.0,0.0
6162,09-14 18:00:00+02:00,0.0,0.0,0.0,0.0,0.0,0.0
6163,09-14 19:00:00+02:00,0.0,0.0,0.0,0.0,0.0,0.0
6164,09-14 20:00:00+02:00,0.0,0.0,0.0,0.0,0.0,0.0
6165,09-14 21:00:00+02:00,0.0,0.0,0.0,0.0,0.0,0.0
6166,09-14 22:00:00+02:00,0.0,0.0,0.0,0.0,0.0,0.0
6167,09-14 23:00:00+02:00,0.0,0.0,0.0,0.0,0.0,0.0
6168,09-15 00:00:00+02:00,0.0,0.0,0.0,0.0,0.0,0.0
6169,09-15 01:00:00+02:00,0.0,0.0,0.0,0.0,0.0,0.0
6170,09-15 02:00:00+02:00,0.0,0.0,0.0,0.0,0.0,0.0
6171,09-15 03:00:00+02:00,0.0,0.0,0.0,0.0,0.0,0.0
6172,09-15 04:00:00+02:00,0.0,0.0,0.0,0.0,0.0,0.0
6173,09-15 05:00:00+02:00,0.0,0.0,0.0,0.0,0.0,0.0
6174,09-15 06:00:00+02:00,0.0,0.0,0.0,0.0,0.0,0.0
6175,09-15 07:00:00+02:00,0.0,0.0,0.0,0.0,0.0,0.0
6176,09-15 08:00:00+02:00,0.0,0.0,0.0,0.0,0.0,0.0
6177,09-15 09:00:00+02:00,0.0,0.0,0.0,0.0,0.0,0.0
6178,09-15 10:00:00+02:00,0.0,0.0,0.0,0.0,0.0,0.0
6179,09-15 11:00:00+02:00,0.0,0.0,0.0,0.0,0.0,0.0
6180,09-15 12:00:00+02:00,0.0,0.0,0.0,0.0,0.0,0.0
6181,09-15 13:00:00+02:00,0.0,0.0,0.0,0.0,0.0,0.0
6182,09-15 14:00:00+02:00,0.0,0.0,0.0,0.0,0.0,0.0
6183,09-15 15:00:00+02:00,0.0,0.0,0.0,0.0,0.0,0.0
6184,09-15 16:00:00+02:00,0.0,0.0,0.0,0.0,0.0,0.0
6185,09-15 17:00:00+02:00,0.0,0.0,0.0,0.0,0.0,0.0
6186,09-15 18:00:00+02:00,0.0,0.0,0.0,0.0,0.0,0.0
6187,09-15 19:00:00+02:00,0.0,0.0,0.0,0.0,0.0,0.0
6188,09-15 20:00:00+02:00,0.0,0.0,0.0,0.0,0.0,0.0
6189,09-15 21:00:00+02:00,0.0,0.0,0.0,0.0,0.0,0.0
6190,09-15 22:00:00+02:00,0.0,0.0,0.0,0.0,0.0,0.0
6191,09-15 23:00:00+02:00,0.0,0.0,0.0,0.0,0.0,0.0
6192,09-16 00:00:00+02:00,0.0,0.0,0.0,0.0,0.0,0.0
6193,09-16 01:00:00+02:00,0.0,0.0,0.0,0.0,0.0,0.0
6194,09-16 02:00:00+02:00,0.0,0.0,0.0,0.0,0.0,0.0
6195,09-16 03:00:00+02:00,0.0,0.0,0.0,0.0,0.0,0.0
6196,09-16 04:00:00+02:00,0.0,0.0,0.0,0.0,0.0,0.0
6197,09-16 05:00:00+02:00,0.0,0.0,0.0,0.0,0.0,0.0
6198,09-16 06:00:00+02:00,0.0,0.0,0.0,0.0,0.0,0.0
6199,09-16 07:00:00+02:00,0.0,0.0,0.0,0.0,0.0,0.0
6200,09-16 08:00:00+02:00,0.0,0.0,0.0,0.0,0.0,0.0
6201,09-16 09:00:00+02:00,0.0,0.0,0.0,0.0,0.0,0.0
6202,09-16 10:00:00+02:00,0.0,0.0,0.0,0.0,0.0,0.0
6203,09-16 11:00:00+02:00,0.0,0.0,0.0,0.0,0.0,0.0
6204,09-16 12:00:00+02:00,0.0,0.0,0.0,0.0,0.0,0.0
6205,09-16 13:00:00+02:00,0.0,0.0,0.0,0.0,0.0,0.0
6206,09-16 14:00:00+02:00,0.0,0.0,0.0,0.0,0.0,0.0
6207,09-16 15:00:00+02:00,0.0,0.0,0.0,0.0,0.0,0.0
6208,09-16 16:00:00+02:00,0.0,0.0,0.0,0.0,0.0,0.0
6209,09-16 17:00:00+02:00,0.0,0.0,0.0,0.0,0.0,0.0
6210,09-16 18:00:00+02:00,0.0,0.0,0.0,0.0,0.0,0.0
6211,09-16 19:00:00+02:00,0.0,0.0,0.0,0.0,0.0,0.0
6212,09-16 20:00:00+02:00,0.0,0.0,0.0,0.0,0.0,0.0
6213,09-16 21:00:00+02:00,0.0,0.0,0.0,0.0,0.0,0.0
6214,09-16 22:00:00+02:00,0.0,0.0,0.0,0.0,0.0,0.0
6215,09-16 23:00:00+02:00,0.0,0.0,0.0,0.0,0.0,0.0
6216,09-17 00:00:00+02:00,0.0,0.0,0.0,0.0,0.0,0.0
6217,09-17 01:00:00+02:00,0.0,0.0,0.0,0.0,0.0,0.0
6218,09-17 02:00:00+02:00,0.0,0.0,0.0,0.0,0.0,0.0
6219,09-17 03:00:00+02:00,0.0,0.0,0.0,0.0,0.0,0.0
6220,09-17 04:00:00+02:00,0.0,0.0,0.0,0.0,0.0,0.0
6221,09-17 05:00:00+02:00,0.0,0.0,0.0,0.0,0.0,0.0
6222,09-17 06:00:00+02:00,0.0,0.0,0.0,0.0,0.0,0.0
6223,09-17 07:00:00+02:00,0.0,0.0,0.0,0.0,0.0,0.0
6224,09-17 08:00:00+02:00,0.0,0.0,0.0,0.0,0.0,0.0
6225,09-17 09:00:00+02:00,0.0,0.0,0.0,0.0,0.0,0.0
6226,09-17 10:00:00+02:00,0.0,0.0,0.0,0.0,0.0,0.0
6227,09-17 11:00:00+02:00,0.0,0.0,0.0,0.0,0.0,0.0
6228,09-17 12:00:00+02:00,0.0,0.0,0.0,0.0,0.0,0.0
6229,09-17 13:00:00+02:00,0.0,0.0,0.0,0.0,0.0,0.0
6230,09-17 14:00:00+02:00,0.0,0.0,0.0,0.0,0.0,0.0
6231,09-17 15:00:00+02:00,0.0,0.0,0.0,0.0,0.0,0.0
6232,09-17 16:00:00+02:00,0.0,0.0,0.0,0.0,0.0,0.0
6233,09-17 17:00:00+02:00,0.0,0.0,0.0,0.0,0.0,0.0
6234,09-17 18:00:00+02:00,0.0,0.0,0.0,0.0,0.0,0.0
6235,09-17 19:00:00+02:00,0.0,0.0,0.0,0.0,0.0,0.0
6236,09-17 20:00:00+02:00,0.0,0.0,0.0,0.0,0.0,0.0
6237,09-17 21:00:00+02:00,0.0,0.0,0.0,0.0,0.0,0.0
6238,09-17 22:00:00+02:00,0.0,0.0,0.0,0.0,0.0,0.0
6239,09-17 23:00:00+02:00,0.0,0.0,0.0,0.0,0.0,0.0
6240,09-18 00:00:00+02:00,0.0,0.0,0.0,0.0,0.0,0.0
6241,09-18 01:00:00+02:00,0.0,0.0,0.0,0.0,0.0,0.0
6242,09-18 02:00:00+02:00,0.0,0.0,0.0,0.0,0.0,0.0
6243,09-18 03:00:00+02:00,0.0,0.0,0.0,0.0,0.0,0.0
6244,09-18 04:00:00+02:00,0.0,0.0,0.0,0.0,0.0,0.0
6245,09-18 05:00:00+02:00,0.0,0.0,0.0,0.0,0.0,0.0
6246,09-18 06:00:00+02:00,0.0,0.0,0.0,0.0,0.0,0.0
6247,09-18 07:00:00+02:00,0.0,0.0,0.0,0.0,0.0,0.0
6248,09-18 08:00:00+02:00,0.0,0.0,0.0,0.0,0.0,0.0
6249,09-18 09:00:00+02:00,0.0,0.0,0.0,0.0,0.0,0.0
6250,09-18 10:00:00+02:00,0.0,0.0,0.0,0.0,0.0,0.0
6251,09-18 11:00:00+02:00,0.0,0.0,0.0,0.0,0.0,0.0
6252,09-18 12:00:00+02:00,0.0,0.0,0.0,0.0,0.0,0.0
6253,09-18 13:00:00+02:00,0.0,0.0,0.0,0.0,0.0,0.0
6254,09-18 14:00:00+02:00,0.0,0.0,0.0,0.0,0.0,0.0
6255,09-18 15:00:00+02:00,0.0,0.0,0.0,0.0,0.0,0.0
6256,09-18 16:00:00+02:00,0.0,0.0,0.0,0.0,0.0,0.0
6257,09-18 17:00:00+02:00,0.0,0.0,0.0,0.0,0.0,0.0
6258,09-18 18:00:00+02:00,0.0,0.0,0.0,0.0,0.0,0.0
6259,09-18 19:00:00+02:00,0.0,0.0,0.0,0.0,0.0,0.0
6260,09-18 20:00:00+02:00,0.0,0.0,0.0,0.0,0.0,0.0
6261,09-18 21:00:00+02:00,0.0,0.0,0.0,0.0,0.0,0.0
6262,09-18 22:00:00+02:00,0.0,0.0,0.0,0.0,0.0,0.0
6263,09-18 23:00:00+02:00,0.0,0.0,0.0,0.0,0.0,0.0
6264,09-19 00:00:00+02:00,0.0,0.0,0.0,0.0,0.0,0.0
6265,09-19 01:00:00+02:00,0.0,0.0,0.0,0.0,0.0,0.0
6266,09-19 02:00:00+02:00,0.0,0.0,0.0,0.0,0.0,0.0
6267,09-19 03:00:00+02:00,0.0,0.0,0.0,0.0,0.0,0.0
6268,09-19 04:00:00+02:00,0.0,0.0,0.0,0.0,0.0,0.0
6269,09-19 05:00:00+02:00,0.0,0.0,0.0,0.0,0.0,0.0
6270,09-19 06:00:00+02:00,0.0,0.0,0.0,0.0,0.0,0.0
6271,09-19 07:00:00+02:00,0.0,0.0,0.0,0.0,0.0,0.0
6272,09-19 08:00:00+02:00,0.0,0.0,0.0,0.0,0.0,0.0
6273,09-19 09:00:00+02:00,0.0,0.0,0.0,0.0,0.0,0.0
6274,09-19 10:00:00+02:00,0.0,0.0,0.0,0.0,0.0,0.0
6275,09-19 11:00:00+02:00,0.0,0.0,0.0,0.0,0.0,0.0
6276,09-19 12:00:00+02:00,0.0,0.0,0.0,0.0,0.0,0.0
6277,09-19 13:00:00+02:00,0.0,0.0,0.0,0.0,0.0,0.0
6278,09-19 14:00:00+02:00,0.0,0.0,0.0,0.0,0.0,0.0
6279,09-19 15:00:00+02:00,0.0,0.0,0.0,0.0,0.0,0.0
6280,09-19 16:00:00+02:00,0.0,0.0,0.0,0.0,0.0,0.0
6281,09-19 17:00:00+02:00,0.0,0.0,0.0,0.0,0.0,0.0
6282,09-19 18:00:00+02:00,0.0,0.0,0.0,0.0,0.0,0.0
6283,09-19 19:00:00+02:00,0.0,0.0,0.0,0.0,0.0,0.0
6284,09-19 20:00:00+02:00,0.0,0.0,0.0,0.0,0.0,0.0
6285,09-19 21:00:00+02:00,0.0,0.0,0.0,0.0,0.0,0.0
6286,09-19 22:00:00+02:00,0.0,0.0,0.0,0.0,0.0,0.0
6287,09-19 23:00:00+02:00,0.0,0.0,0.0,0.0,0.0,0.0
6288,09-20 00:00:00+02:00,0.0,0.0,0.0,0.0,0.0,0.0
6289,09-20 01:00:00+02:00,0.0,0.0,0.0,0.0,0.0,0.0
6290,09-20 02:00:00+02:00,0.0,0.0,0.0,0.0,0.0,0.0
6291,09-20 03:00:00+02:00,0.0,0.0,0.0,0.0,0.0,0.0
6292,09-20 04:00:00+02:00,0.0,0.0,0.0,0.0,0.0,0.0
6293,09-20 05:00:00+02:00,0.0,0.0,0.0,0.0,0.0,0.0
6294,09-20 06:00:00+02:00,0.0,0.0,0.0,0.0,0.0,0.0
6295,09-20 07:00:00+02:00,0.0,0.0,0.0,0.0,0.0,0.0
6296,09-20 08:00:00+02:00,0.0,0.0,0.0,0.0,0.0,0.0
6297,09-20 09:00:00+02:00,0.0,0.0,0.0,0.0,0.0,0.0
6298,09-20 10:00:00+02:00,0.0,0.0,0.0,0.0,0.0,0.0
6299,09-20 11:00:00+02:00,0.0,0.0,0.0,0.0,0.0,0.0
6300,09-20 12:00:00+02:00,0.0,0.0,0.0,0.0,0.0,0.0
6301,09-20 13:00:00+02:00,0.0,0.0,0.0,0.0,0.0,0.0
6302,09-20 14:00:00+02:00,0.0,0.0,0.0,0.0,0.0,0.0
6303,09-20 15:00:00+02:00,0.0,0.0,0.0,0.0,0.0,0.0
6304,09-20 16:00:00+02:00,0.0,0.0,0.0,0.0,0.0,0.0
6305,09-20 17:00:00+02:00,0.0,0.0,0.0,0.0,0.0,0.0
6306,09-20 18:00:00+02:00,0.0,0.0,0.0,0.0,0.0,0.0
6307,09-20 19:00:00+02:00,0.0,0.0,0.0,0.0,0.0,0.0
6308,09-20 20:00:00+02:00,0.0,0.0,0.0,0.0,0.0,0.0
6309,09-20 21:00:00+02:00,0.0,0.0,0.0,0.0,0.0,0.0
6310,09-20 22:00:00+02:00,0.0,0.0,0.0,0.0,0.0,0.0
6311,09-20 23:00:00+02:00,0.0,0.0,0.0,0.0,0.0,0.0
6312,09-21 00:00:00+02:00,0.0,0.0,0.0,0.0,0.0,0.0
6313,09-21 01:00:00+02:00,0.0,0.0,0.0,0.0,0.0,0.0
6314,09-21 02:00:00+02:00,0.0,0.0,0.0,0.0,0.0,0.0
6315,09-21 03:00:00+02:00,0.0,0.0,0.0,0.0,0.0,0.0
6316,09-21 04:00:00+02:00,0.0,0.0,0.0,0.0,0.0,0.0
6317,09-21 05:00:00+02:00,0.0,0.0,0.0,0.0,0.0,0.0
6318,09-21 06:00:00+02:00,0.0,0.0,0.0,0.0,0.0,0.0
6319,09-21 07:00:00+02:00,0.0,0.0,0.0,0.0,0.0,0.0
6320,09-21 08:00:00+02:00,0.0,0.0,0.0,0.0,0.0,0.0
6321,09-21 09:00:00+02:00,0.0,0.0,0.0,0.0,0.0,0.0
6322,09-21 10:00:00+02:00,0.0,0.0,0.0,0.0,0.0,0.0
6323,09-21 11:00:00+02:00,0.0,0.0,0.0,0.0,0.0,0.0
6324,09-21 12:00:00+02:00,0.0,0.0,0.0,0.0,0.0,0.0
6325,09-21 13:00:00+02:00,0.0,0.0,0.0,0.0,0.0,0.0
6326,09-21 14:00:00+02:00,0.0,0.0,0.0,0.0,0.0,0.0
6327,09-21 15:00:00+02:00,0.0,0.0,0.0,0.0,0.0,0.0
6328,09-21 16:00:00+02:00,0.0,0.0,0.0,0.0,0.0,0.0
6329,09-21 17:00:00+02:00,0.0,0.0,0.0,0.0,0.0,0.0
6330,09-21 18:00:00+02:00,0.0,0.0,0.0,0.0,0.0,0.0
6331,09-21 19:00:00+02:00,0.0,0.0,0.0,0.0,0.0,0.0
6332,09-21 20:00:00+02:00,0.0,0.0,0.0,0.0,0.0,0.0
6333,09-21 21:00:00+02:00,0.0,0.0,0.0,0.0,0.0,0.0
6334,09-21 22:00:00+02:00,0.0,0.0,0.0,0.0,0.0,0.0
6335,09-21 23:00:00+02:00,0.0,0.0,0.0,0.0,0.0,0.0
6336,09-22 00:00:00+02:00,0.0,0.0,0.0,0.0,0.0,0.0
6337,09-22 01:00:00+02:00,0.0,0.0,0.0,0.0,0.0,0.0
6338,09-22 02:00:00+02:00,0.0,0.0,0.0,0.0,0.0,0.0
6339,09-22 03:00:00+02:00,0.0,0.0,0.0,0.0,0.0,0.0
6340,09-22 04:00:00+02:00,0.0,0.0,0.0,0.0,0.0,0.0
6341,09-22 05:00:00+02:00,0.0,0.0,0.0,0.0,0.0,0.0
6342,09-22 06:00:00+02:00,0.0,0.0,0.0,0.0,0.0,0.0
6343,09-22 07:00:00+02:00,0.0,0.0,0.0,0.0,0.0,0.0
6344,09-22 08:00:00+02:00,0.0,0.0,0.0,0.0,0.0,0.0
6345,09-22 09:00:00+02:00,0.0,0.0,0.0,0.0,0.0,0.0
6346,09-22 10:00:00+02:00,0.0,0.0,0.0,0.0,0.0,0.0
6347,09-22 11:00:00+02:00,0.0,0.0,0.0,0.0,0.0,0.0
6348,09-22 12:00:00+02:00,0.0,0.0,0.0,0.0,0.0,0.0
6349,09-22 13:00:00+02:00,0.0,0.0,0.0,0.0,0.0,0.0
6350,09-22 14:00:00+02:00,0.0,0.0,0.0,0.0,0.0,0.0
6351,09-22 15:00:00+02:00,0.0,0.0,0.0,0.0,0.0,0.0
6352,09-22 16:00:00+02:00,0.0,0.0,0.0,0.0,0.0,0.0
6353,09-22 17:00:00+02:00,0.0,0.0,0.0,0.0,0.0,0.0
6354,09-22 18:00:00+02:00,0.0,0.0,0.0,0.0,0.0,0.0
6355,09-22 19:00:00+02:00,0.0,0.0,0.0,0.0,0.0,0.0
6356,09-22 20:00:00+02:00,0.0,0.0,0.0,0.0,0.0,0.0
6357,09-22 21:00:00+02:00,0.0,0.0,0.0,0.0,0.0,0.0
6358,09-22 22:00:00+02:00,0.0,0.0,0.0,0.0,0.0,0.0
6359,09-22 23:00:00+02:00,0.0,0.0,0.0,0.0,0.0,0.0
6360,09-23 00:00:00+02:00,0.0,0.0,0.0,0.0,0.0,0.0
6361,09-23 01:00:00+02:00,0.0,0.0,0.0,0.0,0.0,0.0
6362,09-23 02:00:00+02:00,0.0,0.0,0.0,0.0,0.0,0.0
6363,09-23 03:00:00+02:00,0.0,0.0,0.0,0.0,0.0,0.0
6364,09-23 04:00:00+02:00,0.0,0.0,0.0,0.0,0.0,0.0
6365,09-23 05:00:00+02:00,0.0,0.0,0.0,0.0,0.0,0.0
6366,09-23 06:00:00+02:00,0.0,0.0,0.0,0.0,0.0,0.0
6367,09-23 07:00:00+02:00,0.0,0.0,0.0,0.0,0.0,0.0
6368,09-23 08:00:00+02:00,0.0,0.0,0.0,0.0,0.0,0.0
6369,09-23 09:00:00+02:00,0.0,0.0,0.0,0.0,0.0,0.0
6370,09-23 10:00:00+02:00,0.0,0.0,0.0,0.0,0.0,0.0
6371,09-23 11:00:00+02:00,0.0,0.0,0.0,0.0,0.0,0.0
6372,09-23 12:00:00+02:00,0.0,0.0,0.0,0.0,0.0,0.0
6373,09-23 13:00:00+02:00,0.0,0.0,0.0,0.0,0.0,0.0
6374,09-23 14:00:00+02:00,0.0,0.0,0.0,0.0,0.0,0.0
6375,09-23 15:00:00+02:00,0.0,0.0,0.0,0.0,0.0,0.0
6376,09-23 16:00:00+02:00,0.0,0.0,0.0,0.0,0.0,0.0
6377,09-23 17:00:00+02:00,0.0,0.0,0.0,0.0,0.0,0.0
6378,09-23 18:00:00+02:00,0.0,0.0,0.0,0.0,0.0,0.0
6379,09-23 19:00:00+02:00,0.0,0.0,0.0,0.0,0.0,0.0
6380,09-23 20:00:00+02:00,0.0,0.0,0.0,0.0,0.0,0.0
6381,09-23 21:00:00+02:00,0.0,0.0,0.0,0.0,0.0,0.0
6382,09-23 22:00:00+02:00,0.0,0.0,0.0,0.0,0.0,0.0
6383,09-23 23:00:00+02:00,0.0,0.0,0.0,0.0,0.0,0.0
6384,09-24 00:00:00+02:00,0.0,0.0,0.0,0.0,0.0,0.0
6385,09-24 01:00:00+02:00,0.0,0.0,0.0,0.0,0.0,0.0
6386,09-24 02:00:00+02:00,0.0,0.0,0.0,0.0,0.0,0.0
6387,09-24 03:00:00+02:00,0.0,0.0,0.0,0.0,0.0,0.0
6388,09-24 04:00:00+02:00,0.0,0.0,0.0,0.0,0.0,0.0
6389,09-24 05:00:00+02:00,0.0,0.0,0.0,0.0,0.0,0.0
6390,09-24 06:00:00+02:00,0.0,0.0,0.0,0.0,0.0,0.0
6391,09-24 07:00:00+02:00,0.0,0.0,0.0,0.0,0.0,0.0
6392,09-24 08:00:00+02:00,0.0,0.0,0.0,0.0,0.0,0.0
6393,09-24 09:00:00+02:00,0.0,0.0,0.0,0.0,0.0,0.0
6394,09-24 10:00:00+02:00,0.0,0.0,0.0,0.0,0.0,0.0
6395,09-24 11:00:00+02:00,0.0,0.0,0.0,0.0,0.0,0.0
6396,09-24 12:00:00+02:00,0.0,0.0,0.0,0.0,0.0,0.0
6397,09-24 13:00:00+02:00,0.0,0.0,0.0,0.0,0.0,0.0
6398,09-24 14:00:00+02:00,0.0,0.0,0.0,0.0,0.0,0.0
6399,09-24 15:00:00+02:00,0.0,0.0,0.0,0.0,0.0,0.0
6400,09-24 16:00:00+02:00,0.0,0.0,0.0,0.0,0.0,0.0
6401,09-24 17:00:00+02:00,0.0,0.0,0.0,0.0,0.0,0.0
6402,09-24 18:00:00+02:00,0.0,0.0,0.0,0.0,0.0,0.0
6403,09-24 19:00:00+02:00,0.0,0.0,0.0,0.0,0.0,0.0
6404,09-24 20:00:00+02:00,0.0,0.0,0.0,0.0,0.0,0.0
6405,09-24 21:00:00+02:00,0.0,0.0,0.0,0.0,0.0,0.0
6406,09-24 22:00:00+02:00,0.0,0.0,0.0,0.0,0.0,0.0
6407,09-24 23:00:00+02:00,0.0,0.0,0.0,0.0,0.0,0.0
6408,09-25 00:00:00+02:00,0.0,0.0,0.0,0.0,0.0,0.0
6409,09-25 01:00:00+02:00,0.0,0.0,0.0,0.0,0.0,0.0
6410,09-25 02:00:00+02:00,0.0,0.0,0.0,0.0,0.0,0.0
6411,09-25 03:00:00+02:00,0.0,0.0,0.0,0.0,0.0,0.0
6412,09-25 04:00:00+02:00,0.0,0.0,0.0,0.0,0.0,0.0
6413,09-25 05:00:00+02:00,0.0,0.0,0.0,0.0,0.0,0.0
6414,09-25 06:00:00+02:00,0.0,0.0,0.0,0.0,0.0,0.0
6415,09-25 07:00:00+02:00,0.0,0.0,0.0,0.0,0.0,0.0
6416,09-25 08:00:00+02:00,0.0,0.0,0.0,0.0,0.0,0.0
6417,09-25 09:00:00+02:00,0.0,0.0,0.0,0.0,0.0,0.0
6418,09-25 10:00:00+02:00,0.0,0.0,0.0,0.0,0.0,0.0
6419,09-25 11:00:00+02:00,0.0,0.0,0.0,0.0,0.0,0.0
6420,09-25 12:00:00+02:00,0.0,0.0,0.0,0.0,0.0,0.0
6421,09-25 13:00:00+02:00,0.0,0.0,0.0,0.0,0.0,0.0
6422,09-25 14:00:00+02:00,0.0,0.0,0.0,0.0,0.0,0.0
6423,09-25 15:00:00+02:00,0.0,0.0,0.0,0.0,0.0,0.0
6424,09-25 16:00:00+02:00,0.0,0.0,0.0,0.0,0.0,0.0
6425,09-25 17:00:00+02:00,0.0,0.0,0.0,0.0,0.0,0.0
6426,09-25 18:00:00+02:00,0.0,0.0,0.0,0.0,0.0,0.0
6427,09-25 19:00:00+02:00,0.0,0.0,0.0,0.0,0.0,0.0
6428,09-25 20:00:00+02:00,0.0,0.0,0.0,0.0,0.0,0.0
6429,09-25 21:00:00+02:00,0.0,0.0,0.0,0.0,0.0,0.0
6430,09-25 22:00:00+02:00,0.0,0.0,0.0,0.0,0.0,0.0
6431,09-25 23:00:00+02:00,0.0,0.0,0.0,0.0,0.0,0.0
6432,09-26 00:00:00+02:00,0.0,0.0,0.0,0.0,0.0,0.0
6433,09-26 01:00:00+02:00,0.0,0.0,0.0,0.0,0.0,0.0
6434,09-26 02:00:00+02:00,0.0,0.0,0.0,0.0,0.0,0.0
6435,09-26 03:00:00+02:00,0.0,0.0,0.0,0.0,0.0,0.0
6436,09-26 04:00:00+02:00,0.0,0.0,0.0,0.0,0.0,0.0
6437,09-26 05:00:00+02:00,0.0,0.0,0.0,0.0,0.0,0.0
6438,09-26 06:00:00+02:00,0.0,0.0,0.0,0.0,0.0,0.0
6439,09-26 07:00:00+02:00,0.0,0.0,0.0,0.0,0.0,0.0
6440,09-26 08:00:00+02:00,0.0,0.0,0.0,0.0,0.0,0.0
6441,09-26 09:00:00+02:00,0.0,0.0,0.0,0.0,0.0,0.0
6442,09-26 10:00:00+02:00,0.0,0.0,0.0,0.0,0.0,0.0
6443,09-26 11:00:00+02:00,0.0,0.0,0.0,0.0,0.0,0.0
6444,09-26 12:00:00+02:00,0.0,0.0,0.0,0.0,0.0,0.0
6445,09-26 13:00:00+02:00,0.0,0.0,0.0,0.0,0.0,0.0
6446,09-26 14:00:00+02:00,0.0,0.0,0.0,0.0,0.0,0.0
6447,09-26 15:00:00+02:00,0.0,0.0,0.0,0.0,0.0,0.0
6448,09-26 16:00:00+02:00,0.0,0.0,0.0,0.0,0.0,0.0
6449,09-26 17:00:00+02:00,0.0,0.0,0.0,0.0,0.0,0.0
6450,09-26 18:00:00+02:00,0.0,0.0,0.0,0.0,0.0,0.0
6451,09-26 19:00:00+02:00,0.0,0.0,0.0,0.0,0.0,0.0
6452,09-26 20:00:00+02:00,0.0,0.0,0.0,0.0,0.0,0.0
6453,09-26 21:00:00+02:00,0.0,0.0,0.0,0.0,0.0,0.0
6454,09-26 22:00:00+02:00,0.0,0.0,0.0,0.0,0.0,0.0
6455,09-26 23:00:00+02:00,0.0,0.0,0.0,0.0,0.0,0.0
6456,09-27 00:00:00+02:00,0.0,0.0,0.0,0.0,0.0,0.0
6457,09-27 01:00:00+02:00,0.0,0.0,0.0,0.0,0.0,0.0
6458,09-27 02:00:00+02:00,0.0,0.0,0.0,0.0,0.0,0.0
6459,09-27 03:00:00+02:00,0.0,0.0,0.0,0.0,0.0,0.0
6460,09-27 04:00:00+02:00,0.0,0.0,0.0,0.0,0.0,0.0
6461,09-27 05:00:00+02:00,0.0,0.0,0.0,0.0,0.0,0.0
6462,09-27 06:00:00+02:00,0.0,0.0,0.0,0.0,0.0,0.0
6463,09-27 07:00:00+02:00,0.0,0.0,0.0,0.0,0.0,0.0
6464,09-27 08:00:00+02:00,0.0,0.0,0.0,0.0,0.0,0.0
6465,09-27 09:00:00+02:00,0.0,0.0,0.0,0.0,0.0,0.0
6466,09-27 10:00:00+02:00,0.0,0.0,0.0,0.0,0.0,0.0
6467,09-27 11:00:00+02:00,0.0,0.0,0.0,0.0,0.0,0.0
6468,09-27 12:00:00+02:00,0.0,0.0,0.0,0.0,0.0,0.0
6469,09-27 13:00:00+02:00,0.0,0.0,0.0,0.0,0.0,0.0
6470,09-27 14:00:00+02:00,0.0,0.0,0.0,0.0,0.0,0.0
6471,09-27 15:00:00+02:00,0.0,0.0,0.0,0.0,0.0,0.0
6472,09-27 16:00:00+02:00,0.0,0.0,0.0,0.0,0.0,0.0
6473,09-27 17:00:00+02:00,0.0,0.0,0.0,0.0,0.0,0.0
6474,09-27 18:00:00+02:00,0.0,0.0,0.0,0.0,0.0,0.0
6475,09-27 19:00:00+02:00,0.0,0.0,0.0,0.0,0.0,0.0
6476,09-27 20:00:00+02:00,0.0,0.0,0.0,0.0,0.0,0.0
6477,09-27 21:00:00+02:00,0.0,0.0,0.0,0.0,0.0,0.0
6478,09-27 22:00:00+02:00,0.0,0.0,0.0,0.0,0.0,0.0
6479,09-27 23:00:00+02:00,0.0,0.0,0.0,0.0,0.0,0.0
6480,09-28 00:00:00+02:00,0.0,0.0,0.0,0.0,0.0,0.0
6481,09-28 01:00:00+02:00,0.0,0.0,0.0,0.0,0.0,0.0
6482,09-28 02:00:00+02:00,0.0,0.0,0.0,0.0,0.0,0.0
6483,09-28 03:00:00+02:00,0.0,0.0,0.0,0.0,0.0,0.0
6484,09-28 04:00:00+02:00,0.0,0.0,0.0,0.0,0.0,0.0
6485,09-28 05:00:00+02:00,0.0,0.0,0.0,0.0,0.0,0.0
6486,09-28 06:00:00+02:00,0.0,0.0,0.0,0.0,0.0,0.0
6487,09-28 07:00:00+02:00,0.0,0.0,0.0,0.0,0.0,0.0
6488,09-28 08:00:00+02:00,0.0,0.0,0.0,0.0,0.0,0.0
6489,09-28 09:00:00+02:00,0.0,0.0,0.0,0.0,0.0,0.0
6490,09-28 10:00:00+02:00,0.0,0.0,0.0,0.0,0.0,0.0
6491,09-28 11:00:00+02:00,0.0,0.0,0.0,0.0,0.0,0.0
6492,09-28 12:00:00+02:00,0.0,0.0,0.0,0.0,0.0,0.0
6493,09-28 13:00:00+02:00,0.0,0.0,0.0,0.0,0.0,0.0
6494,09-28 14:00:00+02:00,0.0,0.0,0.0,0.0,0.0,0.0
6495,09-28 15:00:00+02:00,0.0,0.0,0.0,0.0,0.0,0.0
6496,09-28 16:00:00+02:00,0.0,0.0,0.0,0.0,0.0,0.0
6497,09-28 17:00:00+02:00,0.0,0.0,0.0,0.0,0.0,0.0
6498,09-28 18:00:00+02:00,0.0,0.0,0.0,0.0,0.0,0.0
6499,09-28 19:00:00+02:00,0.0,0.0,0.0,0.0,0.0,0.0
6500,09-28 20:00:00+02:00,0.0,0.0,0.0,0.0,0.0,0.0
6501,09-28 21:00:00+02:00,0.0,0.0,0.0,0.0,0.0,0.0
6502,09-28 22:00:00+02:00,0.0,0.0,0.0,0.0,0.0,0.0
6503,09-28 23:00:00+02:00,0.0,0.0,0.0,0.0,0.0,0.0
6504,09-29 00:00:00+02:00,0.0,0.0,0.0,0.0,0.0,0.0
6505,09-29 01:00:00+02:00,0.0,0.0,0.0,0.0,0.0,0.0
6506,09-29 02:00:00+02:00,0.0,0.0,0.0,0.0,0.0,0.0
6507,09-29 03:00:00+02:00,0.0,0.0,0.0,0.0,0.0,0.0
6508,09-29 04:00:00+02:00,0.0,0.0,0.0,0.0,0.0,0.0
6509,09-29 05:00:00+02:00,0.0,0.0,0.0,0.0,0.0,0.0
6510,09-29 06:00:00+02:00,0.0,0.0,0.0,0.0,0.0,0.0
6511,09-29 07:00:00+02:00,0.0,0.0,0.0,0.0,0.0,0.0
6512,09-29 08:00:00+02:00,0.0,0.0,0.0,0.0,0.0,0.0
6513,09-29 09:00:00+02:00,0.0,0.0,0.0,0.0,0.0,0.0
6514,09-29 10:00:00+02:00,0.0,0.0,0.0,0.0,0.0,0.0
6515,09-29 11:00:00+02:00,0.0,0.0,0.0,0.0,0.0,0.0
6516,09-29 12:00:00+02:00,0.0,0.0,0.0,0.0,0.0,0.0
6517,09-29 13:00:00+02:00,0.0,0.0,0.0,0.0,0.0,0.0
6518,09-29 14:00:00+02:00,0.0,0.0,0.0,0.0,0.0,0.0
6519,09-29 15:00:00+02:00,0.0,0.0,0.0,0.0,0.0,0.0
6520,09-29 16:00:00+02:00,0.0,0.0,0.0,0.0,0.0,0.0
6521,09-29 17:00:00+02:00,0.0,0.0,0.0,0.0,0.0,0.0
6522,09-29 18:00:00+02:00,0.0,0.0,0.0,0.0,0.0,0.0
6523,09-29 19:00:00+02:00,0.0,0.0,0.0,0.0,0.0,0.0
6524,09-29 20:00:00+02:00,0.0,0.0,0.0,0.0,0.0,0.0
6525,09-29 21:00:00+02:00,0.0,0.0,0.0,0.0,0.0,0.0
6526,09-29 22:00:00+02:00,0.0,0.0,0.0,0.0,0.0,0.0
6527,09-29 23:00:00+02:00,0.0,0.0,0.0,0.0,0.0,0.0
6528,09-30 00:00:00+02:00,0.0,0.0,0.0,0.0,0.0,0.0
6529,09-30 01:00:00+02:00,0.0,0.0,0.0,0.0,0.0,0.0
6530,09-30 02:00:00+02:00,0.0,0.0,0.0,0.0,0.0,0.0
6531,09-30 03:00:00+02:00,0.0,0.0,0.0,0.0,0.0,0.0
6532,09-30 04:00:00+02:00,0.0,0.0,0.0,0.0,0.0,0.0
6533,09-30 05:00:00+02:00,0.0,0.0,0.0,0.0,0.0,0.0
6534,09-30 06:00:00+02:00,0.0,0.0,0.0,0.0,0.0,0.0
6535,09-30 07:00:00+02:00,0.0,0.0,0.0,0.0,0.0,0.0
6536,09-30 08:00:00+02:00,0.0,0.0,0.0,0.0,0.0,0.0
6537,09-30 09:00:00+02:00,0.0,0.0,0.0,0.0,0.0,0.0
6538,09-30 10:00:00+02:00,0.0,0.0,0.0,0.0,0.0,0.0
6539,09-30 11:00:00+02:00,0.0,0.0,0.0,0.0,0.0,0.0
6540,09-30 12:00:00+02:00,0.0,0.0,0.0,0.0,0.0,0.0
6541,09-30 13:00:00+02:00,0.0,0.0,0.0,0.0,0.0,0.0
6542,09-30 14:00:00+02:00,0.0,0.0,0.0,0.0,0.0,0.0
6543,09-30 15:00:00+02:00,0.0,0.0,0.0,0.0,0.0,0.0
6544,09-30 16:00:00+02:00,0.0,0.0,0.0,0.0,0.0,0.0
6545,09-30 17:00:00+02:00,0.0,0.0,0.0,0.0,0.0,0.0
6546,09-30 18:00:00+02:00,0.0,0.0,0.0,0.0,0.0,0.0
6547,09-30 19:00:00+02:00,0.0,0.0,0.0,0.0,0.0,0.0
6548,09-30 20:00:00+02:00,0.0,0.0,0.0,0.0,0.0,0.0
6549,09-30 21:00:00+02:00,0.0,0.0,0.0,0.0,0.0,0.0
6550,09-30 22:00:00+02:00,0.0,0.0,0.0,0.0,0.0,0.0
6551,09-30 23:00:00+02:00,0.0,0.0,0.0,0.0,0.0,0.0
6552,10-01 00:00:00+02:00,0.0,0.0,0.0,0.0,0.0,0.0
6553,10-01 01:00:00+02:00,0.0,0.0,0.0,0.0,0.0,0.0
6554,10-01 02:00:00+02:00,0.0,0.0,0.0,0.0,0.0,0.0
6555,10-01 03:00:00+02:00,0.0,0.0,0.0,0.0,0.0,0.0
6556,10-01 04:00:00+02:00,0.0,0.0,0.0,0.0,0.0,0.0
6557,10-01 05:00:00+02:00,0.0,0.0,0.0,0.0,0.0,0.0
6558,10-01 06:00:00+02:00,0.0,0.0,0.0,0.0,0.0,0.0
6559,10-01 07:00:00+02:00,0.0,0.0,0.0,0.0,0.0,0.0
6560,10-01 08:00:00+02:00,0.0,0.0,0.0,0.0,0.0,0.0
6561,10-01 09:00:00+02:00,0.0,0.0,0.0,0.0,0.0,0.0
6562,10-01 10:00:00+02:00,0.0,0.0,0.0,0.0,0.0,0.0
6563,10-01 11:00:00+02:00,0.0,0.0,0.0,0.0,0.0,0.0
6564,10-01 12:00:00+02:00,0.0,0.0,0.0,0.0,0.0,0.0
6565,10-01 13:00:00+02:00,0.0,0.0,0.0,0.0,0.0,0.0
6566,10-01 14:00:00+02:00,0.0,0.0,0.0,0.0,0.0,0.0
6567,10-01 15:00:00+02:00,0.0,0.0,0.0,0.0,0.0,0.0
6568,10-01 16:00:00+02:00,0.0,0.0,0.0,0.0,0.0,0.0
6569,10-01 17:00:00+02:00,0.0,0.0,0.0,0.0,0.0,0.0
6570,10-01 18:00:00+02:00,0.0,0.0,0.0,0.0,0.0,0.0
6571,10-01 19:00:00+02:00,0.0,0.0,0.0,0.0,0.0,0.0
6572,10-01 20:00:00+02:00,0.0,0.0,0.0,0.0,0.0,0.0
6573,10-01 21:00:00+02:00,0.0,0.0,0.0,0.0,0.0,0.0
6574,10-01 22:00:00+02:00,0.0,0.0,0.0,0.0,0.0,0.0
6575,10-01 23:00:00+02:00,0.0,0.0,0.0,0.0,0.0,0.0
6576,10-02 00:00:00+02:00,0.0,0.0,0.0,0.0,0.0,0.0
6577,10-02 01:00:00+02:00,0.0,0.0,0.0,0.0,0.0,0.0
6578,10-02 02:00:00+02:00,0.0,0.0,0.0,0.0,0.0,0.0
6579,10-02 03:00:00+02:00,0.0,0.0,0.0,0.0,0.0,0.0
6580,10-02 04:00:00+02:00,0.0,0.0,0.0,0.0,0.0,0.0
6581,10-02 05:00:00+02:00,0.0,0.0,0.0,0.0,0.0,0.0
6582,10-02 06:00:00+02:00,0.0,0.0,0.0,0.0,0.0,0.0
6583,10-02 07:00:00+02:00,0.0,0.0,0.0,0.0,0.0,0.0
6584,10-02 08:00:00+02:00,0.0,0.0,0.0,0.0,0.0,0.0
6585,10-02 09:00:00+02:00,0.0,0.0,0.0,0.0,0.0,0.0
6586,10-02 10:00:00+02:00,0.0,0.0,0.0,0.0,0.0,0.0
6587,10-02 11:00:00+02:00,0.0,0.0,0.0,0.0,0.0,0.0
6588,10-02 12:00:00+02:00,0.0,0.0,0.0,0.0,0.0,0.0
6589,10-02 13:00:00+02:00,0.0,0.0,0.0,0.0,0.0,0.0
6590,10-02 14:00:00+02:00,0.0,0.0,0.0,0.0,0.0,0.0
6591,10-02 15:00:00+02:00,0.0,0.0,0.0,0.0,0.0,0.0
6592,10-02 16:00:00+02:00,0.0,0.0,0.0,0.0,0.0,0.0
6593,10-02 17:00:00+02:00,0.0,0.0,0.0,0.0,0.0,0.0
6594,10-02 18:00:00+02:00,0.0,0.0,0.0,0.0,0.0,0.0
6595,10-02 19:00:00+02:00,0.0,0.0,0.0,0.0,0.0,0.0
6596,10-02 20:00:00+02:00,0.0,0.0,0.0,0.0,0.0,0.0
6597,10-02 21:00:00+02:00,0.0,0.0,0.0,0.0,0.0,0.0
6598,10-02 22:00:00+02:00,0.0,0.0,0.0,0.0,0.0,0.0
6599,10-02 23:00:00+02:00,0.0,0.0,0.0,0.0,0.0,0.0
6600,10-03 00:00:00+02:00,0.0,0.0,0.0,0.0,0.0,0.0
6601,10-03 01:00:00+02:00,0.0,0.0,0.0,0.0,0.0,0.0
6602,10-03 02:00:00+02:00,0.0,0.0,0.0,0.0,0.0,0.0
6603,10-03 03:00:00+02:00,0.0,0.0,0.0,0.0,0.0,0.0
6604,10-03 04:00:00+02:00,0.0,0.0,0.0,0.0,0.0,0.0
6605,10-03 05:00:00+02:00,0.0,0.0,0.0,0.0,0.0,0.0
6606,10-03 06:00:00+02:00,0.0,0.0,0.0,0.0,0.0,0.0
6607,10-03 07:00:00+02:00,0.0,0.0,0.0,0.0,0.0,0.0
6608,10-03 08:00:00+02:00,0.0,0.0,0.0,0.0,0.0,0.0
6609,10-03 09:00:00+02:00,0.0,0.0,0.0,0.0,0.0,0.0
6610,10-03 10:00:00+02:00,0.0,0.0,0.0,0.0,0.0,0.0
6611,10-03 11:00:00+02:00,0.0,0.0,0.0,0.0,0.0,0.0
6612,10-03 12:00:00+02:00,0.0,0.0,0.0,0.0,0.0,0.0
6613,10-03 13:00:00+02:00,0.0,0.0,0.0,0.0,0.0,0.0
6614,10-03 14:00:00+02:00,0.0,0.0,0.0,0.0,0.0,0.0
6615,10-03 15:00:00+02:00,0.0,0.0,0.0,0.0,0.0,0.0
6616,10-03 16:00:00+02:00,0.0,0.0,0.0,0.0,0.0,0.0
6617,10-03 17:00:00+02:00,0.0,0.0,0.0,0.0,0.0,0.0
6618,10-03 18:00:00+02:00,0.0,0.0,0.0,0.0,0.0,0.0
6619,10-03 19:00:00+02:00,0.0,0.0,0.0,0.0,0.0,0.0
6620,10-03 20:00:00+02:00,0.0,0.0,0.0,0.0,0.0,0.0
6621,10-03 21:00:00+02:00,0.0,0.0,0.0,0.0,0.0,0.0
6622,10-03 22:00:00+02:00,0.0,0.0,0.0,0.0,0.0,0.0
6623,10-03 23:00:00+02:00,0.0,0.0,0.0,0.0,0.0,0.0
6624,10-04 00:00:00+02:00,0.0,0.0,0.0,0.0,0.0,0.0
6625,10-04 01:00:00+02:00,0.0,0.0,0.0,0.0,0.0,0.0
6626,10-04 02:00:00+02:00,0.0,0.0,0.0,0.0,0.0,0.0
6627,10-04 03:00:00+02:00,0.0,0.0,0.0,0.0,0.0,0.0
6628,10-04 04:00:00+02:00,0.0,0.0,0.0,0.0,0.0,0.0
6629,10-04 05:00:00+02:00,0.0,0.0,0.0,0.0,0.0,0.0
6630,10-04 06:00:00+02:00,0.0,0.0,0.0,0.0,0.0,0.0
6631,10-04 07:00:00+02:00,0.0,0.0,0.0,0.0,0.0,0.0
6632,10-04 08:00:00+02:00,0.0,0.0,0.0,0.0,0.0,0.0
6633,10-04 09:00:00+02:00,0.0,0.0,0.0,0.0,0.0,0.0
6634,10-04 10:00:00+02:00,0.0,0.0,0.0,0.0,0.0,0.0
6635,10-04 11:00:00+02:00,0.0,0.0,0.0,0.0,0.0,0.0
6636,10-04 12:00:00+02:00,0.0,0.0,0.0,0.0,0.0,0.0
6637,10-04 13:00:00+02:00,0.0,0.0,0.0,0.0,0.0,0.0
6638,10-04 14:00:00+02:00,0.0,0.0,0.0,0.0,0.0,0.0
6639,10-04 15:00:00+02:00,0.0,0.0,0.0,0.0,0.0,0.0
6640,10-04 16:00:00+02:00,0.0,0.0,0.0,0.0,0.0,0.0
6641,10-04 17:00:00+02:00,0.0,0.0,0.0,0.0,0.0,0.0
6642,10-04 18:00:00+02:00,0.0,0.0,0.0,0.0,0.0,0.0
6643,10-04 19:00:00+02:00,0.0,0.0,0.0,0.0,0.0,0.0
6644,10-04 20:00:00+02:00,0.0,0.0,0.0,0.0,0.0,0.0
6645,10-04 21:00:00+02:00,0.0,0.0,0.0,0.0,0.0,0.0
6646,10-04 22:00:00+02:00,0.0,0.0,0.0,0.0,0.0,0.0
6647,10-04 23:00:00+02:00,0.0,0.0,0.0,0.0,0.0,0.0
6648,10-05 00:00:00+02:00,0.0,0.0,0.0,0.0,0.0,0.0
6649,10-05 01:00:00+02:00,0.0,0.0,0.0,0.0,0.0,0.0
6650,10-05 02:00:00+02:00,0.0,0.0,0.0,0.0,0.0,0.0
6651,10-05 03:00:00+02:00,0.0,0.0,0.0,0.0,0.0,0.0
6652,10-05 04:00:00+02:00,0.0,0.0,0.0,0.0,0.0,0.0
6653,10-05 05:00:00+02:00,0.0,0.0,0.0,0.0,0.0,0.0
6654,10-05 06:00:00+02:00,0.0,0.0,0.0,0.0,0.0,0.0
6655,10-05 07:00:00+02:00,0.0,0.0,0.0,0.0,0.0,0.0
6656,10-05 08:00:00+02:00,0.0,0.0,0.0,0.0,0.0,0.0
6657,10-05 09:00:00+02:00,0.0,0.0,0.0,0.0,0.0,0.0
6658,10-05 10:00:00+02:00,0.0,0.0,0.0,0.0,0.0,0.0
6659,10-05 11:00:00+02:00,0.0,0.0,0.0,0.0,0.0,0.0
6660,10-05 12:00:00+02:00,0.0,0.0,0.0,0.0,0.0,0.0
6661,10-05 13:00:00+02:00,0.0,0.0,0.0,0.0,0.0,0.0
6662,10-05 14:00:00+02:00,0.0,0.0,0.0,0.0,0.0,0.0
6663,10-05 15:00:00+02:00,0.0,0.0,0.0,0.0,0.0,0.0
6664,10-05 16:00:00+02:00,0.0,0.0,0.0,0.0,0.0,0.0
6665,10-05 17:00:00+02:00,0.0,0.0,0.0,0.0,0.0,0.0
6666,10-05 18:00:00+02:00,0.0,0.0,0.0,0.0,0.0,0.0
6667,10-05 19:00:00+02:00,0.0,0.0,0.0,0.0,0.0,0.0
6668,10-05 20:00:00+02:00,0.0,0.0,0.0,0.0,0.0,0.0
6669,10-05 21:00:00+02:00,0.0,0.0,0.0,0.0,0.0,0.0
6670,10-05 22:00:00+02:00,0.0,0.0,0.0,0.0,0.0,0.0
6671,10-05 23:00:00+02:00,0.0,0.0,0.0,0.0,0.0,0.0
6672,10-06 00:00:00+02:00,0.0,0.0,0.0,0.0,0.0,0.0
6673,10-06 01:00:00+02:00,0.0,0.0,0.0,0.0,0.0,0.0
6674,10-06 02:00:00+02:00,0.0,0.0,0.0,0.0,0.0,0.0
6675,10-06 03:00:00+02:00,0.0,0.0,0.0,0.0,0.0,0.0
6676,10-06 04:00:00+02:00,0.0,0.0,0.0,0.0,0.0,0.0
6677,10-06 05:00:00+02:00,0.0,0.0,0.0,0.0,0.0,0.0
6678,10-06 06:00:00+02:00,0.0,0.0,0.0,0.0,0.0,0.0
6679,10-06 07:00:00+02:00,0.0,0.0,0.0,0.0,0.0,0.0
6680,10-06 08:00:00+02:00,0.0,0.0,0.0,0.0,0.0,0.0
6681,10-06 09:00:00+02:00,0.0,0.0,0.0,0.0,0.0,0.0
6682,10-06 10:00:00+02:00,0.0,0.0,0.0,0.0,0.0,0.0
6683,10-06 11:00:00+02:00,0.0,0.0,0.0,0.0,0.0,0.0
6684,10-06 12:00:00+02:00,0.0,0.0,0.0,0.0,0.0,0.0
6685,10-06 13:00:00+02:00,0.0,0.0,0.0,0.0,0.0,0.0
6686,10-06 14:00:00+02:00,0.0,0.0,0.0,0.0,0.0,0.0
6687,10-06 15:00:00+02:00,0.0,0.0,0.0,0.0,0.0,0.0
6688,10-06 16:00:00+02:00,0.0,0.0,0.0,0.0,0.0,0.0
6689,10-06 17:00:00+02:00,0.0,0.0,0.0,0.0,0.0,0.0
6690,10-06 18:00:00+02:00,0.0,0.0,0.0,0.0,0.0,0.0
6691,10-06 19:00:00+02:00,0.0,0.0,0.0,0.0,0.0,0.0
6692,10-06 20:00:00+02:00,0.0,0.0,0.0,0.0,0.0,0.0
6693,10-06 21:00:00+02:00,0.0,0.0,0.0,0.0,0.0,0.0
6694,10-06 22:00:00+02:00,0.0,0.0,0.0,0.0,0.0,0.0
6695,10-06 23:00:00+02:00,0.0,0.0,0.0,0.0,0.0,0.0
6696,10-07 00:00:00+02:00,0.0,0.0,0.0,0.0,0.0,0.0
6697,10-07 01:00:00+02:00,0.0,0.0,0.0,0.0,0.0,0.0
6698,10-07 02:00:00+02:00,0.0,0.0,0.0,0.0,0.0,0.0
6699,10-07 03:00:00+02:00,0.0,0.0,0.0,0.0,0.0,0.0
6700,10-07 04:00:00+02:00,0.0,0.0,0.0,0.0,0.0,0.0
6701,10-07 05:00:00+02:00,0.0,0.0,0.0,0.0,0.0,0.0
6702,10-07 06:00:00+02:00,0.0,0.0,0.0,0.0,0.0,0.0
6703,10-07 07:00:00+02:00,0.0,0.0,0.0,0.0,0.0,0.0
6704,10-07 08:00:00+02:00,0.0,0.0,0.0,0.0,0.0,0.0
6705,10-07 09:00:00+02:00,0.0,0.0,0.0,0.0,0.0,0.0
6706,10-07 10:00:00+02:00,0.0,0.0,0.0,0.0,0.0,0.0
6707,10-07 11:00:00+02:00,0.0,0.0,0.0,0.0,0.0,0.0
6708,10-07 12:00:00+02:00,0.0,0.0,0.0,0.0,0.0,0.0
6709,10-07 13:00:00+02:00,0.0,0.0,0.0,0.0,0.0,0.0
6710,10-07 14:00:00+02:00,0.0,0.0,0.0,0.0,0.0,0.0
6711,10-07 15:00:00+02:00,0.0,0.0,0.0,0.0,0.0,0.0
6712,10-07 16:00:00+02:00,0.0,0.0,0.0,0.0,0.0,0.0
6713,10-07 17:00:00+02:00,0.0,0.0,0.0,0.0,0.0,0.0
6714,10-07 18:00:00+02:00,0.0,0.0,0.0,0.0,0.0,0.0
6715,10-07 19:00:00+02:00,0.0,0.0,0.0,0.0,0.0,0.0
6716,10-07 20:00:00+02:00,0.0,0.0,0.0,0.0,0.0,0.0
6717,10-07 21:00:00+02:00,0.0,0.0,0.0,0.0,0.0,0.0
6718,10-07 22:00:00+02:00,0.0,0.0,0.0,0.0,0.0,0.0
6719,10-07 23:00:00+02:00,0.0,0.0,0.0,0.0,0.0,0.0
6720,10-08 00:00:00+02:00,0.0,0.0,0.0,0.0,0.0,0.0
6721,10-08 01:00:00+02:00,0.0,0.0,0.0,0.0,0.0,0.0
6722,10-08 02:00:00+02:00,0.0,0.0,0.0,0.0,0.0,0.0
6723,10-08 03:00:00+02:00,0.0,0.0,0.0,0.0,0.0,0.0
6724,10-08 04:00:00+02:00,0.0,0.0,0.0,0.0,0.0,0.0
6725,10-08 05:00:00+02:00,0.0,0.0,0.0,0.0,0.0,0.0
6726,10-08 06:00:00+02:00,0.0,0.0,0.0,0.0,0.0,0.0
6727,10-08 07:00:00+02:00,0.0,0.0,0.0,0.0,0.0,0.0
6728,10-08 08:00:00+02:00,0.0,0.0,0.0,0.0,0.0,0.0
6729,10-08 09:00:00+02:00,0.0,0.0,0.0,0.0,0.0,0.0
6730,10-08 10:00:00+02:00,0.0,0.0,0.0,0.0,0.0,0.0
6731,10-08 11:00:00+02:00,0.0,0.0,0.0,0.0,0.0,0.0
6732,10-08 12:00:00+02:00,0.0,0.0,0.0,0.0,0.0,0.0
6733,10-08 13:00:00+02:00,0.0,0.0,0.0,0.0,0.0,0.0
6734,10-08 14:00:00+02:00,0.0,0.0,0.0,0.0,0.0,0.0
6735,10-08 15:00:00+02:00,0.0,0.0,0.0,0.0,0.0,0.0
6736,10-08 16:00:00+02:00,0.0,0.0,0.0,0.0,0.0,0.0
6737,10-08 17:00:00+02:00,0.0,0.0,0.0,0.0,0.0,0.0
6738,10-08 18:00:00+02:00,0.0,0.0,0.0,0.0,0.0,0.0
6739,10-08 19:00:00+02:00,0.0,0.0,0.0,0.0,0.0,0.0
6740,10-08 20:00:00+02:00,0.0,0.0,0.0,0.0,0.0,0.0
6741,10-08 21:00:00+02:00,0.0,0.0,0.0,0.0,0.0,0.0
6742,10-08 22:00:00+02:00,0.0,0.0,0.0,0.0,0.0,0.0
6743,10-08 23:00:00+02:00,0.0,0.0,0.0,0.0,0.0,0.0
6744,10-09 00:00:00+02:00,0.0,0.0,0.0,0.0,0.0,0.0
6745,10-09 01:00:00+02:00,0.0,0.0,0.0,0.0,0.0,0.0
6746,10-09 02:00:00+02:00,0.0,0.0,0.0,0.0,0.0,0.0
6747,10-09 03:00:00+02:00,0.0,0.0,0.0,0.0,0.0,0.0
6748,10-09 04:00:00+02:00,0.0,0.0,0.0,0.0,0.0,0.0
6749,10-09 05:00:00+02:00,0.0,0.0,0.0,0.0,0.0,0.0
6750,10-09 06:00:00+02:00,0.0,0.0,0.0,0.0,0.0,0.0
6751,10-09 07:00:00+02:00,0.0,0.0,0.0,0.0,0.0,0.0
6752,10-09 08:00:00+02:00,0.0,0.0,0.0,0.0,0.0,0.0
6753,10-09 09:00:00+02:00,0.0,0.0,0.0,0.0,0.0,0.0
6754,10-09 10:00:00+02:00,0.0,0.0,0.0,0.0,0.0,0.0
6755,10-09 11:00:00+02:00,0.0,0.0,0.0,0.0,0.0,0.0
6756,10-09 12:00:00+02:00,0.0,0.0,0.0,0.0,0.0,0.0
6757,10-09 13:00:00+02:00,0.0,0.0,0.0,0.0,0.0,0.0
6758,10-09 14:00:00+02:00,0.0,0.0,0.0,0.0,0.0,0.0
6759,10-09 15:00:00+02:00,0.0,0.0,0.0,0.0,0.0,0.0
6760,10-09 16:00:00+02:00,0.0,0.0,0.0,0.0,0.0,0.0
6761,10-09 17:00:00+02:00,0.0,0.0,0.0,0.0,0.0,0.0
6762,10-09 18:00:00+02:00,0.0,0.0,0.0,0.0,0.0,0.0
6763,10-09 19:00:00+02:00,0.0,0.0,0.0,0.0,0.0,0.0
6764,10-09 20:00:00+02:00,0.0,0.0,0.0,0.0,0.0,0.0
6765,10-09 21:00:00+02:00,0.0,0.0,0.0,0.0,0.0,0.0
6766,10-09 22:00:00+02:00,0.0,0.0,0.0,0.0,0.0,0.0
6767,10-09 23:00:00+02:00,0.0,0.0,0.0,0.0,0.0,0.0
6768,10-10 00:00:00+02:00,0.0,0.0,0.0,0.0,0.0,0.0
6769,10-10 01:00:00+02:00,0.0,0.0,0.0,0.0,0.0,0.0
6770,10-10 02:00:00+02:00,0.0,0.0,0.0,0.0,0.0,0.0
6771,10-10 03:00:00+02:00,0.0,0.0,0.0,0.0,0.0,0.0
6772,10-10 04:00:00+02:00,0.0,0.0,0.0,0.0,0.0,0.0
6773,10-10 05:00:00+02:00,0.0,0.0,0.0,0.0,0.0,0.0
6774,10-10 06:00:00+02:00,0.0,0.0,0.0,0.0,0.0,0.0
6775,10-10 07:00:00+02:00,0.0,0.0,0.0,0.0,0.0,0.0
6776,10-10 08:00:00+02:00,0.0,0.0,0.0,0.0,0.0,0.0
6777,10-10 09:00:00+02:00,0.0,0.0,0.0,0.0,0.0,0.0
6778,10-10 10:00:00+02:00,0.0,0.0,0.0,0.0,0.0,0.0
6779,10-10 11:00:00+02:00,0.0,0.0,0.0,0.0,0.0,0.0
6780,10-10 12:00:00+02:00,0.0,0.0,0.0,0.0,0.0,0.0
6781,10-10 13:00:00+02:00,0.0,0.0,0.0,0.0,0.0,0.0
6782,10-10 14:00:00+02:00,0.0,0.0,0.0,0.0,0.0,0.0
6783,10-10 15:00:00+02:00,0.0,0.0,0.0,0.0,0.0,0.0
6784,10-10 16:00:00+02:00,0.0,0.0,0.0,0.0,0.0,0.0
6785,10-10 17:00:00+02:00,0.0,0.0,0.0,0.0,0.0,0.0
6786,10-10 18:00:00+02:00,0.0,0.0,0.0,0.0,0.0,0.0
6787,10-10 19:00:00+02:00,0.0,0.0,0.0,0.0,0.0,0.0
6788,10-10 20:00:00+02:00,0.0,0.0,0.0,0.0,0.0,0.0
6789,10-10 21:00:00+02:00,0.0,0.0,0.0,0.0,0.0,0.0
6790,10-10 22:00:00+02:00,0.0,0.0,0.0,0.0,0.0,0.0
6791,10-10 23:00:00+02:00,0.0,0.0,0.0,0.0,0.0,0.0
6792,10-11 00:00:00+02:00,0.0,0.0,0.0,0.0,0.0,0.0
6793,10-11 01:00:00+02:00,0.0,0.0,0.0,0.0,0.0,0.0
6794,10-11 02:00:00+02:00,0.0,0.0,0.0,0.0,0.0,0.0
6795,10-11 03:00:00+02:00,0.0,0.0,0.0,0.0,0.0,0.0
6796,10-11 04:00:00+02:00,0.0,0.0,0.0,0.0,0.0,0.0
6797,10-11 05:00:00+02:00,0.0,0.0,0.0,0.0,0.0,0.0
6798,10-11 06:00:00+02:00,0.0,0.0,0.0,0.0,0.0,0.0
6799,10-11 07:00:00+02:00,0.0,0.0,0.0,0.0,0.0,0.0
6800,10-11 08:00:00+02:00,0.0,0.0,0.0,0.0,0.0,0.0
6801,10-11 09:00:00+02:00,0.0,0.0,0.0,0.0,0.0,0.0
6802,10-11 10:00:00+02:00,0.0,0.0,0.0,0.0,0.0,0.0
6803,10-11 11:00:00+02:00,0.0,0.0,0.0,0.0,0.0,0.0
6804,10-11 12:00:00+02:00,0.0,0.0,0.0,0.0,0.0,0.0
6805,10-11 13:00:00+02:00,0.0,0.0,0.0,0.0,0.0,0.0
6806,10-11 14:00:00+02:00,0.0,0.0,0.0,0.0,0.0,0.0
6807,10-11 15:00:00+02:00,0.0,0.0,0.0,0.0,0.0,0.0
6808,10-11 16:00:00+02:00,0.0,0.0,0.0,0.0,0.0,0.0
6809,10-11 17:00:00+02:00,0.0,0.0,0.0,0.0,0.0,0.0
6810,10-11 18:00:00+02:00,0.0,0.0,0.0,0.0,0.0,0.0
6811,10-11 19:00:00+02:00,0.0,0.0,0.0,0.0,0.0,0.0
6812,10-11 20:00:00+02:00,0.0,0.0,0.0,0.0,0.0,0.0
6813,10-11 21:00:00+02:00,0.0,0.0,0.0,0.0,0.0,0.0
6814,10-11 22:00:00+02:00,0.0,0.0,0.0,0.0,0.0,0.0
6815,10-11 23:00:00+02:00,0.0,0.0,0.0,0.0,0.0,0.0
6816,10-12 00:00:00+02:00,0.0,0.0,0.0,0.0,0.0,0.0
6817,10-12 01:00:00+02:00,0.0,0.0,0.0,0.0,0.0,0.0
6818,10-12 02:00:00+02:00,0.0,0.0,0.0,0.0,0.0,0.0
6819,10-12 03:00:00+02:00,0.0,0.0,0.0,0.0,0.0,0.0
6820,10-12 04:00:00+02:00,0.0,0.0,0.0,0.0,0.0,0.0
6821,10-12 05:00:00+02:00,0.0,0.0,0.0,0.0,0.0,0.0
6822,10-12 06:00:00+02:00,0.0,0.0,0.0,0.0,0.0,0.0
6823,10-12 07:00:00+02:00,0.0,0.0,0.0,0.0,0.0,0.0
6824,10-12 08:00:00+02:00,0.0,0.0,0.0,0.0,0.0,0.0
6825,10-12 09:00:00+02:00,0.0,0.0,0.0,0.0,0.0,0.0
6826,10-12 10:00:00+02:00,0.0,0.0,0.0,0.0,0.0,0.0
6827,10-12 11:00:00+02:00,0.0,0.0,0.0,0.0,0.0,0.0
6828,10-12 12:00:00+02:00,0.0,0.0,0.0,0.0,0.0,0.0
6829,10-12 13:00:00+02:00,0.0,0.0,0.0,0.0,0.0,0.0
6830,10-12 14:00:00+02:00,0.0,0.0,0.0,0.0,0.0,0.0
6831,10-12 15:00:00+02:00,0.0,0.0,0.0,0.0,0.0,0.0
6832,10-12 16:00:00+02:00,0.0,0.0,0.0,0.0,0.0,0.0
6833,10-12 17:00:00+02:00,0.0,0.0,0.0,0.0,0.0,0.0
6834,10-12 18:00:00+02:00,0.0,0.0,0.0,0.0,0.0,0.0
6835,10-12 19:00:00+02:00,0.0,0.0,0.0,0.0,0.0,0.0
6836,10-12 20:00:00+02:00,0.0,0.0,0.0,0.0,0.0,0.0
6837,10-12 21:00:00+02:00,0.0,0.0,0.0,0.0,0.0,0.0
6838,10-12 22:00:00+02:00,0.0,0.0,0.0,0.0,0.0,0.0
6839,10-12 23:00:00+02:00,0.0,0.0,0.0,0.0,0.0,0.0
6840,10-13 00:00:00+02:00,0.0,0.0,0.0,0.0,0.0,0.0
6841,10-13 01:00:00+02:00,0.0,0.0,0.0,0.0,0.0,0.0
6842,10-13 02:00:00+02:00,0.0,0.0,0.0,0.0,0.0,0.0
6843,10-13 03:00:00+02:00,0.0,0.0,0.0,0.0,0.0,0.0
6844,10-13 04:00:00+02:00,0.0,0.0,0.0,0.0,0.0,0.0
6845,10-13 05:00:00+02:00,0.0,0.0,0.0,0.0,0.0,0.0
6846,10-13 06:00:00+02:00,0.0,0.0,0.0,0.0,0.0,0.0
6847,10-13 07:00:00+02:00,0.0,0.0,0.0,0.0,0.0,0.0
6848,10-13 08:00:00+02:00,0.0,0.0,0.0,0.0,0.0,0.0
6849,10-13 09:00:00+02:00,0.0,0.0,0.0,0.0,0.0,0.0
6850,10-13 10:00:00+02:00,0.0,0.0,0.0,0.0,0.0,0.0
6851,10-13 11:00:00+02:00,0.0,0.0,0.0,0.0,0.0,0.0
6852,10-13 12:00:00+02:00,0.0,0.0,0.0,0.0,0.0,0.0
6853,10-13 13:00:00+02:00,0.0,0.0,0.0,0.0,0.0,0.0
6854,10-13 14:00:00+02:00,0.0,0.0,0.0,0.0,0.0,0.0
6855,10-13 15:00:00+02:00,0.0,0.0,0.0,0.0,0.0,0.0
6856,10-13 16:00:00+02:00,0.0,0.0,0.0,0.0,0.0,0.0
6857,10-13 17:00:00+02:00,0.0,0.0,0.0,0.0,0.0,0.0
6858,10-13 18:00:00+02:00,0.0,0.0,0.0,0.0,0.0,0.0
6859,10-13 19:00:00+02:00,0.0,0.0,0.0,0.0,0.0,0.0
6860,10-13 20:00:00+02:00,0.0,0.0,0.0,0.0,0.0,0.0
6861,10-13 21:00:00+02:00,0.0,0.0,0.0,0.0,0.0,0.0
6862,10-13 22:00:00+02:00,0.0,0.0,0.0,0.0,0.0,0.0
6863,10-13 23:00:00+02:00,0.0,0.0,0.0,0.0,0.0,0.0
6864,10-14 00:00:00+02:00,0.0,0.0,0.0,0.0,0.0,0.0
6865,10-14 01:00:00+02:00,0.0,0.0,0.0,0.0,0.0,0.0
6866,10-14 02:00:00+02:00,0.0,0.0,0.0,0.0,0.0,0.0
6867,10-14 03:00:00+02:00,0.0,0.0,0.0,0.0,0.0,0.0
6868,10-14 04:00:00+02:00,0.0,0.0,0.0,0.0,0.0,0.0
6869,10-14 05:00:00+02:00,0.0,0.0,0.0,0.0,0.0,0.0
6870,10-14 06:00:00+02:00,0.0,0.0,0.0,0.0,0.0,0.0
6871,10-14 07:00:00+02:00,0.0,0.0,0.0,0.0,0.0,0.0
6872,10-14 08:00:00+02:00,0.0,0.0,0.0,0.0,0.0,0.0
6873,10-14 09:00:00+02:00,0.0,0.0,0.0,0.0,0.0,0.0
6874,10-14 10:00:00+02:00,0.0,0.0,0.0,0.0,0.0,0.0
6875,10-14 11:00:00+02:00,0.0,0.0,0.0,0.0,0.0,0.0
6876,10-14 12:00:00+02:00,0.0,0.0,0.0,0.0,0.0,0.0
6877,10-14 13:00:00+02:00,0.0,0.0,0.0,0.0,0.0,0.0
6878,10-14 14:00:00+02:00,0.0,0.0,0.0,0.0,0.0,0.0
6879,10-14 15:00:00+02:00,0.0,0.0,0.0,0.0,0.0,0.0
6880,10-14 16:00:00+02:00,0.0,0.0,0.0,0.0,0.0,0.0
6881,10-14 17:00:00+02:00,0.0,0.0,0.0,0.0,0.0,0.0
6882,10-14 18:00:00+02:00,0.0,0.0,0.0,0.0,0.0,0.0
6883,10-14 19:00:00+02:00,0.0,0.0,0.0,0.0,0.0,0.0
6884,10-14 20:00:00+02:00,0.0,0.0,0.0,0.0,0.0,0.0
6885,10-14 21:00:00+02:00,0.0,0.0,0.0,0.0,0.0,0.0
6886,10-14 22:00:00+02:00,0.0,0.0,0.0,0.0,0.0,0.0
6887,10-14 23:00:00+02:00,0.0,0.0,0.0,0.0,0.0,0.0
6888,10-15 00:00:00+02:00,0.0,0.0,0.0,0.0,0.0,0.0
6889,10-15 01:00:00+02:00,0.0,0.0,0.0,0.0,0.0,0.0
6890,10-15 02:00:00+02:00,0.0,0.0,0.0,0.0,0.0,0.0
6891,10-15 03:00:00+02:00,0.0,0.0,0.0,0.0,0.0,0.0
6892,10-15 04:00:00+02:00,0.0,0.0,0.0,0.0,0.0,0.0
6893,10-15 05:00:00+02:00,0.0,0.0,0.0,0.0,0.0,0.0
6894,10-15 06:00:00+02:00,0.0,0.0,0.0,0.0,0.0,0.0
6895,10-15 07:00:00+02:00,0.0,0.0,0.0,0.0,0.0,0.0
6896,10-15 08:00:00+02:00,0.0,0.0,0.0,0.0,0.0,0.0
6897,10-15 09:00:00+02:00,0.0,0.0,0.0,0.0,0.0,0.0
6898,10-15 10:00:00+02:00,0.0,0.0,0.0,0.0,0.0,0.0
6899,10-15 11:00:00+02:00,0.0,0.0,0.0,0.0,0.0,0.0
6900,10-15 12:00:00+02:00,0.0,0.0,0.0,0.0,0.0,0.0
6901,10-15 13:00:00+02:00,0.0,0.0,0.0,0.0,0.0,0.0
6902,10-15 14:00:00+02:00,0.0,0.0,0.0,0.0,0.0,0.0
6903,10-15 15:00:00+02:00,0.0,0.0,0.0,0.0,0.0,0.0
6904,10-15 16:00:00+02:00,0.0,0.0,0.0,0.0,0.0,0.0
6905,10-15 17:00:00+02:00,0.0,0.0,0.0,0.0,0.0,0.0
6906,10-15 18:00:00+02:00,0.0,0.0,0.0,0.0,0.0,0.0
6907,10-15 19:00:00+02:00,0.0,0.0,0.0,0.0,0.0,0.0
6908,10-15 20:00:00+02:00,0.0,0.0,0.0,0.0,0.0,0.0
6909,10-15 21:00:00+02:00,0.0,0.0,0.0,0.0,0.0,0.0
6910,10-15 22:00:00+02:00,0.0,0.0,0.0,0.0,0.0,0.0
6911,10-15 23:00:00+02:00,0.0,0.0,0.0,0.0,0.0,0.0
6912,10-16 00:00:00+02:00,0.0,0.0,0.0,0.0,0.0,0.0
6913,10-16 01:00:00+02:00,0.0,0.0,0.0,0.0,0.0,0.0
6914,10-16 02:00:00+02:00,0.0,0.0,0.0,0.0,0.0,0.0
6915,10-16 03:00:00+02:00,0.0,0.0,0.0,0.0,0.0,0.0
6916,10-16 04:00:00+02:00,0.0,0.0,0.0,0.0,0.0,0.0
6917,10-16 05:00:00+02:00,0.0,0.0,0.0,0.0,0.0,0.0
6918,10-16 06:00:00+02:00,0.0,0.0,0.0,0.0,0.0,0.0
6919,10-16 07:00:00+02:00,0.0,0.0,0.0,0.0,0.0,0.0
6920,10-16 08:00:00+02:00,0.0,0.0,0.0,0.0,0.0,0.0
6921,10-16 09:00:00+02:00,0.0,0.0,0.0,0.0,0.0,0.0
6922,10-16 10:00:00+02:00,0.0,0.0,0.0,0.0,0.0,0.0
6923,10-16 11:00:00+02:00,0.0,0.0,0.0,0.0,0.0,0.0
6924,10-16 12:00:00+02:00,0.0,0.0,0.0,0.0,0.0,0.0
6925,10-16 13:00:00+02:00,0.0,0.0,0.0,0.0,0.0,0.0
6926,10-16 14:00:00+02:00,0.0,0.0,0.0,0.0,0.0,0.0
6927,10-16 15:00:00+02:00,0.0,0.0,0.0,0.0,0.0,0.0
6928,10-16 16:00:00+02:00,0.0,0.0,0.0,0.0,0.0,0.0
6929,10-16 17:00:00+02:00,0.0,0.0,0.0,0.0,0.0,0.0
6930,10-16 18:00:00+02:00,0.0,0.0,0.0,0.0,0.0,0.0
6931,10-16 19:00:00+02:00,0.0,0.0,0.0,0.0,0.0,0.0
6932,10-16 20:00:00+02:00,0.0,0.0,0.0,0.0,0.0,0.0
6933,10-16 21:00:00+02:00,0.0,0.0,0.0,0.0,0.0,0.0
6934,10-16 22:00:00+02:00,0.0,0.0,0.0,0.0,0.0,0.0
6935,10-16 23:00:00+02:00,0.0,0.0,0.0,0.0,0.0,0.0
6936,10-17 00:00:00+02:00,0.0,0.0,0.0,0.0,0.0,0.0
6937,10-17 01:00:00+02:00,0.0,0.0,0.0,0.0,0.0,0.0
6938,10-17 02:00:00+02:00,0.0,0.0,0.0,0.0,0.0,0.0
6939,10-17 03:00:00+02:00,0.0,0.0,0.0,0.0,0.0,0.0
6940,10-17 04:00:00+02:00,0.0,0.0,0.0,0.0,0.0,0.0
6941,10-17 05:00:00+02:00,0.0,0.0,0.0,0.0,0.0,0.0
6942,10-17 06:00:00+02:00,0.0,0.0,0.0,0.0,0.0,0.0
6943,10-17 07:00:00+02:00,0.0,0.0,0.0,0.0,0.0,0.0
6944,10-17 08:00:00+02:00,0.0,0.0,0.0,0.0,0.0,0.0
6945,10-17 09:00:00+02:00,0.0,0.0,0.0,0.0,0.0,0.0
6946,10-17 10:00:00+02:00,0.0,0.0,0.0,0.0,0.0,0.0
6947,10-17 11:00:00+02:00,0.0,0.0,0.0,0.0,0.0,0.0
6948,10-17 12:00:00+02:00,0.0,0.0,0.0,0.0,0.0,0.0
6949,10-17 13:00:00+02:00,0.0,0.0,0.0,0.0,0.0,0.0
6950,10-17 14:00:00+02:00,0.0,0.0,0.0,0.0,0.0,0.0
6951,10-17 15:00:00+02:00,0.0,0.0,0.0,0.0,0.0,0.0
6952,10-17 16:00:00+02:00,0.0,0.0,0.0,0.0,0.0,0.0
6953,10-17 17:00:00+02:00,0.0,0.0,0.0,0.0,0.0,0.0
6954,10-17 18:00:00+02:00,0.0,0.0,0.0,0.0,0.0,0.0
6955,10-17 19:00:00+02:00,0.0,0.0,0.0,0.0,0.0,0.0
6956,10-17 20:00:00+02:00,0.0,0.0,0.0,0.0,0.0,0.0
6957,10-17 21:00:00+02:00,0.0,0.0,0.0,0.0,0.0,0.0
6958,10-17 22:00:00+02:00,0.0,0.0,0.0,0.0,0.0,0.0
6959,10-17 23:00:00+02:00,0.0,0.0,0.0,0.0,0.0,0.0
6960,10-18 00:00:00+02:00,0.0,0.0,0.0,0.0,0.0,0.0
6961,10-18 01:00:00+02:00,0.0,0.0,0.0,0.0,0.0,0.0
6962,10-18 02:00:00+02:00,0.0,0.0,0.0,0.0,0.0,0.0
6963,10-18 03:00:00+02:00,0.0,0.0,0.0,0.0,0.0,0.0
6964,10-18 04:00:00+02:00,0.0,0.0,0.0,0.0,0.0,0.0
6965,10-18 05:00:00+02:00,0.0,0.0,0.0,0.0,0.0,0.0
6966,10-18 06:00:00+02:00,0.0,0.0,0.0,0.0,0.0,0.0
6967,10-18 07:00:00+02:00,0.0,0.0,0.0,0.0,0.0,0.0
6968,10-18 08:00:00+02:00,0.0,0.0,0.0,0.0,0.0,0.0
6969,10-18 09:00:00+02:00,0.0,0.0,0.0,0.0,0.0,0.0
6970,10-18 10:00:00+02:00,0.0,0.0,0.0,0.0,0.0,0.0
6971,10-18 11:00:00+02:00,0.0,0.0,0.0,0.0,0.0,0.0
6972,10-18 12:00:00+02:00,0.0,0.0,0.0,0.0,0.0,0.0
6973,10-18 13:00:00+02:00,0.0,0.0,0.0,0.0,0.0,0.0
6974,10-18 14:00:00+02:00,0.0,0.0,0.0,0.0,0.0,0.0
6975,10-18 15:00:00+02:00,0.0,0.0,0.0,0.0,0.0,0.0
6976,10-18 16:00:00+02:00,0.0,0.0,0.0,0.0,0.0,0.0
6977,10-18 17:00:00+02:00,0.0,0.0,0.0,0.0,0.0,0.0
6978,10-18 18:00:00+02:00,0.0,0.0,0.0,0.0,0.0,0.0
6979,10-18 19:00:00+02:00,0.0,0.0,0.0,0.0,0.0,0.0
6980,10-18 20:00:00+02:00,0.0,0.0,0.0,0.0,0.0,0.0
6981,10-18 21:00:00+02:00,0.0,0.0,0.0,0.0,0.0,0.0
6982,10-18 22:00:00+02:00,0.0,0.0,0.0,0.0,0.0,0.0
6983,10-18 23:00:00+02:00,0.0,0.0,0.0,0.0,0.0,0.0
6984,10-19 00:00:00+02:00,0.0,0.0,0.0,0.0,0.0,0.0
6985,10-19 01:00:00+02:00,0.0,0.0,0.0,0.0,0.0,0.0
6986,10-19 02:00:00+02:00,0.0,0.0,0.0,0.0,0.0,0.0
6987,10-19 03:00:00+02:00,0.0,0.0,0.0,0.0,0.0,0.0
6988,10-19 04:00:00+02:00,0.0,0.0,0.0,0.0,0.0,0.0
6989,10-19 05:00:00+02:00,0.0,0.0,0.0,0.0,0.0,0.0
6990,10-19 06:00:00+02:00,0.0,0.0,0.0,0.0,0.0,0.0
6991,10-19 07:00:00+02:00,0.0,0.0,0.0,0.0,0.0,0.0
6992,10-19 08:00:00+02:00,0.0,0.0,0.0,0.0,0.0,0.0
6993,10-19 09:00:00+02:00,0.0,0.0,0.0,0.0,0.0,0.0
6994,10-19 10:00:00+02:00,0.0,0.0,0.0,0.0,0.0,0.0
6995,10-19 11:00:00+02:00,0.0,0.0,0.0,0.0,0.0,0.0
6996,10-19 12:00:00+02:00,0.0,0.0,0.0,0.0,0.0,0.0
6997,10-19 13:00:00+02:00,0.0,0.0,0.0,0.0,0.0,0.0
6998,10-19 14:00:00+02:00,0.0,0.0,0.0,0.0,0.0,0.0
6999,10-19 15:00:00+02:00,0.0,0.0,0.0,0.0,0.0,0.0
7000,10-19 16:00:00+02:00,0.0,0.0,0.0,0.0,0.0,0.0
7001,10-19 17:00:00+02:00,0.0,0.0,0.0,0.0,0.0,0.0
7002,10-19 18:00:00+02:00,0.0,0.0,0.0,0.0,0.0,0.0
7003,10-19 19:00:00+02:00,0.0,0.0,0.0,0.0,0.0,0.0
7004,10-19 20:00:00+02:00,0.0,0.0,0.0,0.0,0.0,0.0
7005,10-19 21:00:00+02:00,0.0,0.0,0.0,0.0,0.0,0.0
7006,10-19 22:00:00+02:00,0.0,0.0,0.0,0.0,0.0,0.0
7007,10-19 23:00:00+02:00,0.0,0.0,0.0,0.0,0.0,0.0
7008,10-20 00:00:00+02:00,0.0,0.0,0.0,0.0,0.0,0.0
7009,10-20 01:00:00+02:00,0.0,0.0,0.0,0.0,0.0,0.0
7010,10-20 02:00:00+02:00,0.0,0.0,0.0,0.0,0.0,0.0
7011,10-20 03:00:00+02:00,0.0,0.0,0.0,0.0,0.0,0.0
7012,10-20 04:00:00+02:00,0.0,0.0,0.0,0.0,0.0,0.0
7013,10-20 05:00:00+02:00,0.0,0.0,0.0,0.0,0.0,0.0
7014,10-20 06:00:00+02:00,0.0,0.0,0.0,0.0,0.0,0.0
7015,10-20 07:00:00+02:00,0.0,0.0,0.0,0.0,0.0,0.0
7016,10-20 08:00:00+02:00,0.0,0.0,0.0,0.0,0.0,0.0
7017,10-20 09:00:00+02:00,0.0,0.0,0.0,0.0,0.0,0.0
7018,10-20 10:00:00+02:00,0.0,0.0,0.0,0.0,0.0,0.0
7019,10-20 11:00:00+02:00,0.0,0.0,0.0,0.0,0.0,0.0
7020,10-20 12:00:00+02:00,0.0,0.0,0.0,0.0,0.0,0.0
7021,10-20 13:00:00+02:00,0.0,0.0,0.0,0.0,0.0,0.0
7022,10-20 14:00:00+02:00,0.0,0.0,0.0,0.0,0.0,0.0
7023,10-20 15:00:00+02:00,0.0,0.0,0.0,0.0,0.0,0.0
7024,10-20 16:00:00+02:00,0.0,0.0,0.0,0.0,0.0,0.0
7025,10-20 17:00:00+02:00,0.0,0.0,0.0,0.0,0.0,0.0
7026,10-20 18:00:00+02:00,0.0,0.0,0.0,0.0,0.0,0.0
7027,10-20 19:00:00+02:00,0.0,0.0,0.0,0.0,0.0,0.0
7028,10-20 20:00:00+02:00,0.0,0.0,0.0,0.0,0.0,0.0
7029,10-20 21:00:00+02:00,0.0,0.0,0.0,0.0,0.0,0.0
7030,10-20 22:00:00+02:00,0.0,0.0,0.0,0.0,0.0,0.0
7031,10-20 23:00:00+02:00,0.0,0.0,0.0,0.0,0.0,0.0
7032,10-21 00:00:00+02:00,0.0,0.0,0.0,0.0,0.0,0.0
7033,10-21 01:00:00+02:00,0.0,0.0,0.0,0.0,0.0,0.0
7034,10-21 02:00:00+02:00,0.0,0.0,0.0,0.0,0.0,0.0
7035,10-21 03:00:00+02:00,0.0,0.0,0.0,0.0,0.0,0.0
7036,10-21 04:00:00+02:00,0.0,0.0,0.0,0.0,0.0,0.0
7037,10-21 05:00:00+02:00,0.0,0.0,0.0,0.0,0.0,0.0
7038,10-21 06:00:00+02:00,0.0,0.0,0.0,0.0,0.0,0.0
7039,10-21 07:00:00+02:00,0.0,0.0,0.0,0.0,0.0,0.0
7040,10-21 08:00:00+02:00,0.0,0.0,0.0,0.0,0.0,0.0
7041,10-21 09:00:00+02:00,0.0,0.0,0.0,0.0,0.0,0.0
7042,10-21 10:00:00+02:00,0.0,0.0,0.0,0.0,0.0,0.0
7043,10-21 11:00:00+02:00,0.0,0.0,0.0,0.0,0.0,0.0
7044,10-21 12:00:00+02:00,0.0,0.0,0.0,0.0,0.0,0.0
7045,10-21 13:00:00+02:00,0.0,0.0,0.0,0.0,0.0,0.0
7046,10-21 14:00:00+02:00,0.0,0.0,0.0,0.0,0.0,0.0
7047,10-21 15:00:00+02:00,0.0,0.0,0.0,0.0,0.0,0.0
7048,10-21 16:00:00+02:00,0.0,0.0,0.0,0.0,0.0,0.0
7049,10-21 17:00:00+02:00,0.0,0.0,0.0,0.0,0.0,0.0
7050,10-21 18:00:00+02:00,0.0,0.0,0.0,0.0,0.0,0.0
7051,10-21 19:00:00+02:00,0.0,0.0,0.0,0.0,0.0,0.0
7052,10-21 20:00:00+02:00,0.0,0.0,0.0,0.0,0.0,0.0
7053,10-21 21:00:00+02:00,0.0,0.0,0.0,0.0,0.0,0.0
7054,10-21 22:00:00+02:00,0.0,0.0,0.0,0.0,0.0,0.0
7055,10-21 23:00:00+02:00,0.0,0.0,0.0,0.0,0.0,0.0
7056,10-22 00:00:00+02:00,0.0,0.0,0.0,0.0,0.0,0.0
7057,10-22 01:00:00+02:00,0.0,0.0,0.0,0.0,0.0,0.0
7058,10-22 02:00:00+02:00,0.0,0.0,0.0,0.0,0.0,0.0
7059,10-22 03:00:00+02:00,0.0,0.0,0.0,0.0,0.0,0.0
7060,10-22 04:00:00+02:00,0.0,0.0,0.0,0.0,0.0,0.0
7061,10-22 05:00:00+02:00,0.0,0.0,0.0,0.0,0.0,0.0
7062,10-22 06:00:00+02:00,0.0,0.0,0.0,0.0,0.0,0.0
7063,10-22 07:00:00+02:00,0.0,0.0,0.0,0.0,0.0,0.0
7064,10-22 08:00:00+02:00,0.0,0.0,0.0,0.0,0.0,0.0
7065,10-22 09:00:00+02:00,0.0,0.0,0.0,0.0,0.0,0.0
7066,10-22 10:00:00+02:00,0.0,0.0,0.0,0.0,0.0,0.0
7067,10-22 11:00:00+02:00,0.0,0.0,0.0,0.0,0.0,0.0
7068,10-22 12:00:00+02:00,0.0,0.0,0.0,0.0,0.0,0.0
7069,10-22 13:00:00+02:00,0.0,0.0,0.0,0.0,0.0,0.0
7070,10-22 14:00:00+02:00,0.0,0.0,0.0,0.0,0.0,0.0
7071,10-22 15:00:00+02:00,0.0,0.0,0.0,0.0,0.0,0.0
7072,10-22 16:00:00+02:00,0.0,0.0,0.0,0.0,0.0,0.0
7073,10-22 17:00:00+02:00,0.0,0.0,0.0,0.0,0.0,0.0
7074,10-22 18:00:00+02:00,0.0,0.0,0.0,0.0,0.0,0.0
7075,10-22 19:00:00+02:00,0.0,0.0,0.0,0.0,0.0,0.0
7076,10-22 20:00:00+02:00,0.0,0.0,0.0,0.0,0.0,0.0
7077,10-22 21:00:00+02:00,0.0,0.0,0.0,0.0,0.0,0.0
7078,10-22 22:00:00+02:00,0.0,0.0,0.0,0.0,0.0,0.0
7079,10-22 23:00:00+02:00,0.0,0.0,0.0,0.0,0.0,0.0
7080,10-23 00:00:00+02:00,0.0,0.0,0.0,0.0,0.0,0.0
7081,10-23 01:00:00+02:00,0.0,0.0,0.0,0.0,0.0,0.0
7082,10-23 02:00:00+02:00,0.0,0.0,0.0,0.0,0.0,0.0
7083,10-23 03:00:00+02:00,0.0,0.0,0.0,0.0,0.0,0.0
7084,10-23 04:00:00+02:00,0.0,0.0,0.0,0.0,0.0,0.0
7085,10-23 05:00:00+02:00,0.0,0.0,0.0,0.0,0.0,0.0
7086,10-23 06:00:00+02:00,0.0,0.0,0.0,0.0,0.0,0.0
7087,10-23 07:00:00+02:00,0.0,0.0,0.0,0.0,0.0,0.0
7088,10-23 08:00:00+02:00,0.0,0.0,0.0,0.0,0.0,0.0
7089,10-23 09:00:00+02:00,0.0,0.0,0.0,0.0,0.0,0.0
7090,10-23 10:00:00+02:00,0.0,0.0,0.0,0.0,0.0,0.0
7091,10-23 11:00:00+02:00,0.0,0.0,0.0,0.0,0.0,0.0
7092,10-23 12:00:00+02:00,0.0,0.0,0.0,0.0,0.0,0.0
7093,10-23 13:00:00+02:00,0.0,0.0,0.0,0.0,0.0,0.0
7094,10-23 14:00:00+02:00,0.0,0.0,0.0,0.0,0.0,0.0
7095,10-23 15:00:00+02:00,0.0,0.0,0.0,0.0,0.0,0.0
7096,10-23 16:00:00+02:00,0.0,0.0,0.0,0.0,0.0,0.0
7097,10-23 17:00:00+02:00,0.0,0.0,0.0,0.0,0.0,0.0
7098,10-23 18:00:00+02:00,0.0,0.0,0.0,0.0,0.0,0.0
7099,10-23 19:00:00+02:00,0.0,0.0,0.0,0.0,0.0,0.0
7100,10-23 20:00:00+02:00,0.0,0.0,0.0,0.0,0.0,0.0
7101,10-23 21:00:00+02:00,0.0,0.0,0.0,0.0,0.0,0.0
7102,10-23 22:00:00+02:00,0.0,0.0,0.0,0.0,0.0,0.0
7103,10-23 23:00:00+02:00,0.0,0.0,0.0,0.0,0.0,0.0
7104,10-24 00:00:00+02:00,0.0,0.0,0.0,0.0,0.0,0.0
7105,10-24 01:00:00+02:00,0.0,0.0,0.0,0.0,0.0,0.0
7106,10-24 02:00:00+02:00,0.0,0.0,0.0,0.0,0.0,0.0
7107,10-24 03:00:00+02:00,0.0,0.0,0.0,0.0,0.0,0.0
7108,10-24 04:00:00+02:00,0.0,0.0,0.0,0.0,0.0,0.0
7109,10-24 05:00:00+02:00,0.0,0.0,0.0,0.0,0.0,0.0
7110,10-24 06:00:00+02:00,0.0,0.0,0.0,0.0,0.0,0.0
7111,10-24 07:00:00+02:00,0.0,0.0,0.0,0.0,0.0,0.0
7112,10-24 08:00:00+02:00,0.0,0.0,0.0,0.0,0.0,0.0
7113,10-24 09:00:00+02:00,0.0,0.0,0.0,0.0,0.0,0.0
7114,10-24 10:00:00+02:00,0.0,0.0,0.0,0.0,0.0,0.0
7115,10-24 11:00:00+02:00,0.0,0.0,0.0,0.0,0.0,0.0
7116,10-24 12:00:00+02:00,0.0,0.0,0.0,0.0,0.0,0.0
7117,10-24 13:00:00+02:00,0.0,0.0,0.0,0.0,0.0,0.0
7118,10-24 14:00:00+02:00,0.0,0.0,0.0,0.0,0.0,0.0
7119,10-24 15:00:00+02:00,0.0,0.0,0.0,0.0,0.0,0.0
7120,10-24 16:00:00+02:00,0.0,0.0,0.0,0.0,0.0,0.0
7121,10-24 17:00:00+02:00,0.0,0.0,0.0,0.0,0.0,0.0
7122,10-24 18:00:00+02:00,0.0,0.0,0.0,0.0,0.0,0.0
7123,10-24 19:00:00+02:00,0.0,0.0,0.0,0.0,0.0,0.0
7124,10-24 20:00:00+02:00,0.0,0.0,0.0,0.0,0.0,0.0
7125,10-24 21:00:00+02:00,0.0,0.0,0.0,0.0,0.0,0.0
7126,10-24 22:00:00+02:00,0.0,0.0,0.0,0.0,0.0,0.0
7127,10-24 23:00:00+02:00,0.0,0.0,0.0,0.0,0.0,0.0
7128,10-25 00:00:00+02:00,0.0,0.0,0.0,0.0,0.0,0.0
7129,10-25 01:00:00+02:00,0.0,0.0,0.0,0.0,0.0,0.0
7130,10-25 02:00:00+02:00,0.0,0.0,0.0,0.0,0.0,0.0
7131,10-25 03:00:00+02:00,0.0,0.0,0.0,0.0,0.0,0.0
7132,10-25 04:00:00+02:00,0.0,0.0,0.0,0.0,0.0,0.0
7133,10-25 05:00:00+02:00,0.0,0.0,0.0,0.0,0.0,0.0
7134,10-25 06:00:00+02:00,0.0,0.0,0.0,0.0,0.0,0.0
7135,10-25 07:00:00+02:00,0.0,0.0,0.0,0.0,0.0,0.0
7136,10-25 08:00:00+02:00,0.0,0.0,0.0,0.0,0.0,0.0
7137,10-25 09:00:00+02:00,0.0,0.0,0.0,0.0,0.0,0.0
7138,10-25 10:00:00+02:00,0.0,0.0,0.0,0.0,0.0,0.0
7139,10-25 11:00:00+02:00,0.0,0.0,0.0,0.0,0.0,0.0
7140,10-25 12:00:00+02:00,0.0,0.0,0.0,0.0,0.0,0.0
7141,10-25 13:00:00+02:00,0.0,0.0,0.0,0.0,0.0,0.0
7142,10-25 14:00:00+02:00,0.0,0.0,0.0,0.0,0.0,0.0
7143,10-25 15:00:00+02:00,0.0,0.0,0.0,0.0,0.0,0.0
7144,10-25 16:00:00+02:00,0.0,0.0,0.0,0.0,0.0,0.0
7145,10-25 17:00:00+02:00,0.0,0.0,0.0,0.0,0.0,0.0
7146,10-25 18:00:00+02:00,0.0,0.0,0.0,0.0,0.0,0.0
7147,10-25 19:00:00+02:00,0.0,0.0,0.0,0.0,0.0,0.0
7148,10-25 20:00:00+02:00,0.0,0.0,0.0,0.0,0.0,0.0
7149,10-25 21:00:00+02:00,0.0,0.0,0.0,0.0,0.0,0.0
7150,10-25 22:00:00+02:00,0.0,0.0,0.0,0.0,0.0,0.0
7151,10-25 23:00:00+02:00,0.0,0.0,0.0,0.0,0.0,0.0
7152,10-26 00:00:00+02:00,0.0,0.0,0.0,0.0,0.0,0.0
7153,10-26 01:00:00+02:00,0.0,0.0,0.0,0.0,0.0,0.0
7154,10-26 02:00:00+02:00,0.0,0.0,0.0,0.0,0.0,0.0
7155,10-26 03:00:00+02:00,0.0,0.0,0.0,0.0,0.0,0.0
7156,10-26 04:00:00+02:00,0.0,0.0,0.0,0.0,0.0,0.0
7157,10-26 05:00:00+02:00,0.0,0.0,0.0,0.0,0.0,0.0
7158,10-26 06:00:00+02:00,0.0,0.0,0.0,0.0,0.0,0.0
7159,10-26 07:00:00+02:00,0.0,0.0,0.0,0.0,0.0,0.0
7160,10-26 08:00:00+02:00,0.0,0.0,0.0,0.0,0.0,0.0
7161,10-26 09:00:00+02:00,0.0,0.0,0.0,0.0,0.0,0.0
7162,10-26 10:00:00+02:00,0.0,0.0,0.0,0.0,0.0,0.0
7163,10-26 11:00:00+02:00,0.0,0.0,0.0,0.0,0.0,0.0
7164,10-26 12:00:00+02:00,0.0,0.0,0.0,0.0,0.0,0.0
7165,10-26 13:00:00+02:00,0.0,0.0,0.0,0.0,0.0,0.0
7166,10-26 14:00:00+02:00,0.0,0.0,0.0,0.0,0.0,0.0
7167,10-26 15:00:00+02:00,0.0,0.0,0.0,0.0,0.0,0.0
7168,10-26 16:00:00+02:00,0.0,0.0,0.0,0.0,0.0,0.0
7169,10-26 17:00:00+02:00,0.0,0.0,0.0,0.0,0.0,0.0
7170,10-26 18:00:00+02:00,0.0,0.0,0.0,0.0,0.0,0.0
7171,10-26 19:00:00+02:00,0.0,0.0,0.0,0.0,0.0,0.0
7172,10-26 20:00:00+02:00,0.0,0.0,0.0,0.0,0.0,0.0
7173,10-26 21:00:00+02:00,0.0,0.0,0.0,0.0,0.0,0.0
7174,10-26 22:00:00+02:00,0.0,0.0,0.0,0.0,0.0,0.0
7175,10-26 23:00:00+02:00,0.0,0.0,0.0,0.0,0.0,0.0
7176,10-27 00:00:00+02:00,0.0,0.0,0.0,0.0,0.0,0.0
7177,10-27 01:00:00+02:00,0.0,0.0,0.0,0.0,0.0,0.0
7178,10-27 02:00:00+02:00,0.0,0.0,0.0,0.0,0.0,0.0
7179,10-27 03:00:00+01:00,0.0,0.0,0.0,0.0,0.0,0.0
7180,10-27 04:00:00+01:00,0.0,0.0,0.0,0.0,0.0,0.0
7181,10-27 05:00:00+01:00,0.0,0.0,0.0,0.0,0.0,0.0
7182,10-27 06:00:00+01:00,0.0,0.0,0.0,0.0,0.0,0.0
7183,10-27 07:00:00+01:00,0.0,0.0,0.0,0.0,0.0,0.0
7184,10-27 08:00:00+01:00,0.0,0.0,0.0,0.0,0.0,0.0
7185,10-27 09:00:00+01:00,0.0,0.0,0.0,0.0,0.0,0.0
7186,10-27 10:00:00+01:00,0.0,0.0,0.0,0.0,0.0,0.0
7187,10-27 11:00:00+01:00,0.0,0.0,0.0,0.0,0.0,0.0
7188,10-27 12:00:00+01:00,0.0,0.0,0.0,0.0,0.0,0.0
7189,10-27 13:00:00+01:00,0.0,0.0,0.0,0.0,0.0,0.0
7190,10-27 14:00:00+01:00,0.0,0.0,0.0,0.0,0.0,0.0
7191,10-27 15:00:00+01:00,0.0,0.0,0.0,0.0,0.0,0.0
7192,10-27 16:00:00+01:00,0.0,0.0,0.0,0.0,0.0,0.0
7193,10-27 17:00:00+01:00,0.0,0.0,0.0,0.0,0.0,0.0
7194,10-27 18:00:00+01:00,0.0,0.0,0.0,0.0,0.0,0.0
7195,10-27 19:00:00+01:00,0.0,0.0,0.0,0.0,0.0,0.0
7196,10-27 20:00:00+01:00,0.0,0.0,0.0,0.0,0.0,0.0
7197,10-27 21:00:00+01:00,0.0,0.0,0.0,0.0,0.0,0.0
7198,10-27 22:00:00+01:00,0.0,0.0,0.0,0.0,0.0,0.0
7199,10-27 23:00:00+01:00,0.0,0.0,0.0,0.0,0.0,0.0
7200,10-28 00:00:00+01:00,0.0,0.0,0.0,0.0,0.0,0.0
7201,10-28 01:00:00+01:00,0.0,0.0,0.0,0.0,0.0,0.0
7202,10-28 02:00:00+01:00,0.0,0.0,0.0,0.0,0.0,0.0
7203,10-28 03:00:00+01:00,0.0,0.0,0.0,0.0,0.0,0.0
7204,10-28 04:00:00+01:00,0.0,0.0,0.0,0.0,0.0,0.0
7205,10-28 05:00:00+01:00,0.0,0.0,0.0,0.0,0.0,0.0
7206,10-28 06:00:00+01:00,0.0,0.0,0.0,0.0,0.0,0.0
7207,10-28 07:00:00+01:00,0.0,0.0,0.0,0.0,0.0,0.0
7208,10-28 08:00:00+01:00,0.0,0.0,0.0,0.0,0.0,0.0
7209,10-28 09:00:00+01:00,0.0,0.0,0.0,0.0,0.0,0.0
7210,10-28 10:00:00+01:00,0.0,0.0,0.0,0.0,0.0,0.0
7211,10-28 11:00:00+01:00,0.0,0.0,0.0,0.0,0.0,0.0
7212,10-28 12:00:00+01:00,0.0,0.0,0.0,0.0,0.0,0.0
7213,10-28 13:00:00+01:00,0.0,0.0,0.0,0.0,0.0,0.0
7214,10-28 14:00:00+01:00,0.0,0.0,0.0,0.0,0.0,0.0
7215,10-28 15:00:00+01:00,0.0,0.0,0.0,0.0,0.0,0.0
7216,10-28 16:00:00+01:00,0.0,0.0,0.0,0.0,0.0,0.0
7217,10-28 17:00:00+01:00,0.0,0.0,0.0,0.0,0.0,0.0
7218,10-28 18:00:00+01:00,0.0,0.0,0.0,0.0,0.0,0.0
7219,10-28 19:00:00+01:00,0.0,0.0,0.0,0.0,0.0,0.0
7220,10-28 20:00:00+01:00,0.0,0.0,0.0,0.0,0.0,0.0
7221,10-28 21:00:00+01:00,0.0,0.0,0.0,0.0,0.0,0.0
7222,10-28 22:00:00+01:00,0.0,0.0,0.0,0.0,0.0,0.0
7223,10-28 23:00:00+01:00,0.0,0.0,0.0,0.0,0.0,0.0
7224,10-29 00:00:00+01:00,0.0,0.0,0.0,0.0,0.0,0.0
7225,10-29 01:00:00+01:00,0.0,0.0,0.0,0.0,0.0,0.0
7226,10-29 02:00:00+01:00,0.0,0.0,0.0,0.0,0.0,0.0
7227,10-29 03:00:00+01:00,0.0,0.0,0.0,0.0,0.0,0.0
7228,10-29 04:00:00+01:00,0.0,0.0,0.0,0.0,0.0,0.0
7229,10-29 05:00:00+01:00,0.0,0.0,0.0,0.0,0.0,0.0
7230,10-29 06:00:00+01:00,0.0,0.0,0.0,0.0,0.0,0.0
7231,10-29 07:00:00+01:00,0.0,0.0,0.0,0.0,0.0,0.0
7232,10-29 08:00:00+01:00,0.0,0.0,0.0,0.0,0.0,0.0
7233,10-29 09:00:00+01:00,0.0,0.0,0.0,0.0,0.0,0.0
7234,10-29 10:00:00+01:00,0.0,0.0,0.0,0.0,0.0,0.0
7235,10-29 11:00:00+01:00,0.0,0.0,0.0,0.0,0.0,0.0
7236,10-29 12:00:00+01:00,0.0,0.0,0.0,0.0,0.0,0.0
7237,10-29 13:00:00+01:00,0.0,0.0,0.0,0.0,0.0,0.0
7238,10-29 14:00:00+01:00,0.0,0.0,0.0,0.0,0.0,0.0
7239,10-29 15:00:00+01:00,0.0,0.0,0.0,0.0,0.0,0.0
7240,10-29 16:00:00+01:00,0.0,0.0,0.0,0.0,0.0,0.0
7241,10-29 17:00:00+01:00,0.0,0.0,0.0,0.0,0.0,0.0
7242,10-29 18:00:00+01:00,0.0,0.0,0.0,0.0,0.0,0.0
7243,10-29 19:00:00+01:00,0.0,0.0,0.0,0.0,0.0,0.0
7244,10-29 20:00:00+01:00,0.0,0.0,0.0,0.0,0.0,0.0
7245,10-29 21:00:00+01:00,0.0,0.0,0.0,0.0,0.0,0.0
7246,10-29 22:00:00+01:00,0.0,0.0,0.0,0.0,0.0,0.0
7247,10-29 23:00:00+01:00,0.0,0.0,0.0,0.0,0.0,0.0
7248,10-30 00:00:00+01:00,0.0,0.0,0.0,0.0,0.0,0.0
7249,10-30 01:00:00+01:00,0.0,0.0,0.0,0.0,0.0,0.0
7250,10-30 02:00:00+01:00,0.0,0.0,0.0,0.0,0.0,0.0
7251,10-30 03:00:00+01:00,0.0,0.0,0.0,0.0,0.0,0.0
7252,10-30 04:00:00+01:00,0.0,0.0,0.0,0.0,0.0,0.0
7253,10-30 05:00:00+01:00,0.0,0.0,0.0,0.0,0.0,0.0
7254,10-30 06:00:00+01:00,0.0,0.0,0.0,0.0,0.0,0.0
7255,10-30 07:00:00+01:00,0.0,0.0,0.0,0.0,0.0,0.0
7256,10-30 08:00:00+01:00,0.0,0.0,0.0,0.0,0.0,0.0
7257,10-30 09:00:00+01:00,0.0,0.0,0.0,0.0,0.0,0.0
7258,10-30 10:00:00+01:00,0.0,0.0,0.0,0.0,0.0,0.0
7259,10-30 11:00:00+01:00,0.0,0.0,0.0,0.0,0.0,0.0
7260,10-30 12:00:00+01:00,0.0,0.0,0.0,0.0,0.0,0.0
7261,10-30 13:00:00+01:00,0.0,0.0,0.0,0.0,0.0,0.0
7262,10-30 14:00:00+01:00,0.0,0.0,0.0,0.0,0.0,0.0
7263,10-30 15:00:00+01:00,0.0,0.0,0.0,0.0,0.0,0.0
7264,10-30 16:00:00+01:00,0.0,0.0,0.0,0.0,0.0,0.0
7265,10-30 17:00:00+01:00,0.0,0.0,0.0,0.0,0.0,0.0
7266,10-30 18:00:00+01:00,0.0,0.0,0.0,0.0,0.0,0.0
7267,10-30 19:00:00+01:00,0.0,0.0,0.0,0.0,0.0,0.0
7268,10-30 20:00:00+01:00,0.0,0.0,0.0,0.0,0.0,0.0
7269,10-30 21:00:00+01:00,0.0,0.0,0.0,0.0,0.0,0.0
7270,10-30 22:00:00+01:00,0.0,0.0,0.0,0.0,0.0,0.0
7271,10-30 23:00:00+01:00,0.0,0.0,0.0,0.0,0.0,0.0
7272,10-31 00:00:00+01:00,0.0,0.0,0.0,0.0,0.0,0.0
7273,10-31 01:00:00+01:00,0.0,0.0,0.0,0.0,0.0,0.0
7274,10-31 02:00:00+01:00,0.0,0.0,0.0,0.0,0.0,0.0
7275,10-31 03:00:00+01:00,0.0,0.0,0.0,0.0,0.0,0.0
7276,10-31 04:00:00+01:00,0.0,0.0,0.0,0.0,0.0,0.0
7277,10-31 05:00:00+01:00,0.0,0.0,0.0,0.0,0.0,0.0
7278,10-31 06:00:00+01:00,0.0,0.0,0.0,0.0,0.0,0.0
7279,10-31 07:00:00+01:00,0.0,0.0,0.0,0.0,0.0,0.0
7280,10-31 08:00:00+01:00,0.0,0.0,0.0,0.0,0.0,0.0
7281,10-31 09:00:00+01:00,0.0,0.0,0.0,0.0,0.0,0.0
7282,10-31 10:00:00+01:00,0.0,0.0,0.0,0.0,0.0,0.0
7283,10-31 11:00:00+01:00,0.0,0.0,0.0,0.0,0.0,0.0
7284,10-31 12:00:00+01:00,0.0,0.0,0.0,0.0,0.0,0.0
7285,10-31 13:00:00+01:00,0.0,0.0,0.0,0.0,0.0,0.0
7286,10-31 14:00:00+01:00,0.0,0.0,0.0,0.0,0.0,0.0
7287,10-31 15:00:00+01:00,0.0,0.0,0.0,0.0,0.0,0.0
7288,10-31 16:00:00+01:00,0.0,0.0,0.0,0.0,0.0,0.0
7289,10-31 17:00:00+01:00,0.0,0.0,0.0,0.0,0.0,0.0
7290,10-31 18:00:00+01:00,0.0,0.0,0.0,0.0,0.0,0.0
7291,10-31 19:00:00+01:00,0.0,0.0,0.0,0.0,0.0,0.0
7292,10-31 20:00:00+01:00,0.0,0.0,0.0,0.0,0.0,0.0
7293,10-31 21:00:00+01:00,0.0,0.0,0.0,0.0,0.0,0.0
7294,10-31 22:00:00+01:00,0.0,0.0,0.0,0.0,0.0,0.0
7295,10-31 23:00:00+01:00,0.0,0.0,0.0,0.0,0.0,0.0
7296,11-01 00:00:00+01:00,0.0,0.0,0.0,0.0,0.0,0.0
7297,11-01 01:00:00+01:00,0.0,0.0,0.0,0.0,0.0,0.0
7298,11-01 02:00:00+01:00,0.0,0.0,0.0,0.0,0.0,0.0
7299,11-01 03:00:00+01:00,0.0,0.0,0.0,0.0,0.0,0.0
7300,11-01 04:00:00+01:00,0.0,0.0,0.0,0.0,0.0,0.0
7301,11-01 05:00:00+01:00,0.0,0.0,0.0,0.0,0.0,0.0
7302,11-01 06:00:00+01:00,0.0,0.0,0.0,0.0,0.0,0.0
7303,11-01 07:00:00+01:00,0.0,0.0,0.0,0.0,0.0,0.0
7304,11-01 08:00:00+01:00,0.0,0.0,0.0,0.0,0.0,0.0
7305,11-01 09:00:00+01:00,0.0,0.0,0.0,0.0,0.0,0.0
7306,11-01 10:00:00+01:00,0.0,0.0,0.0,0.0,0.0,0.0
7307,11-01 11:00:00+01:00,0.0,0.0,0.0,0.0,0.0,0.0
7308,11-01 12:00:00+01:00,0.0,0.0,0.0,0.0,0.0,0.0
7309,11-01 13:00:00+01:00,0.0,0.0,0.0,0.0,0.0,0.0
7310,11-01 14:00:00+01:00,0.0,0.0,0.0,0.0,0.0,0.0
7311,11-01 15:00:00+01:00,0.0,0.0,0.0,0.0,0.0,0.0
7312,11-01 16:00:00+01:00,0.0,0.0,0.0,0.0,0.0,0.0
7313,11-01 17:00:00+01:00,0.0,0.0,0.0,0.0,0.0,0.0
7314,11-01 18:00:00+01:00,0.0,0.0,0.0,0.0,0.0,0.0
7315,11-01 19:00:00+01:00,0.0,0.0,0.0,0.0,0.0,0.0
7316,11-01 20:00:00+01:00,0.0,0.0,0.0,0.0,0.0,0.0
7317,11-01 21:00:00+01:00,0.0,0.0,0.0,0.0,0.0,0.0
7318,11-01 22:00:00+01:00,0.0,0.0,0.0,0.0,0.0,0.0
7319,11-01 23:00:00+01:00,0.0,0.0,0.0,0.0,0.0,0.0
7320,11-02 00:00:00+01:00,0.0,0.0,0.0,0.0,0.0,0.0
7321,11-02 01:00:00+01:00,0.0,0.0,0.0,0.0,0.0,0.0
7322,11-02 02:00:00+01:00,0.0,0.0,0.0,0.0,0.0,0.0
7323,11-02 03:00:00+01:00,0.0,0.0,0.0,0.0,0.0,0.0
7324,11-02 04:00:00+01:00,0.0,0.0,0.0,0.0,0.0,0.0
7325,11-02 05:00:00+01:00,0.0,0.0,0.0,0.0,0.0,0.0
7326,11-02 06:00:00+01:00,0.0,0.0,0.0,0.0,0.0,0.0
7327,11-02 07:00:00+01:00,0.0,0.0,0.0,0.0,0.0,0.0
7328,11-02 08:00:00+01:00,0.0,0.0,0.0,0.0,0.0,0.0
7329,11-02 09:00:00+01:00,0.0,0.0,0.0,0.0,0.0,0.0
7330,11-02 10:00:00+01:00,0.0,0.0,0.0,0.0,0.0,0.0
7331,11-02 11:00:00+01:00,0.0,0.0,0.0,0.0,0.0,0.0
7332,11-02 12:00:00+01:00,0.0,0.0,0.0,0.0,0.0,0.0
7333,11-02 13:00:00+01:00,0.0,0.0,0.0,0.0,0.0,0.0
7334,11-02 14:00:00+01:00,0.0,0.0,0.0,0.0,0.0,0.0
7335,11-02 15:00:00+01:00,0.0,0.0,0.0,0.0,0.0,0.0
7336,11-02 16:00:00+01:00,0.0,0.0,0.0,0.0,0.0,0.0
7337,11-02 17:00:00+01:00,0.0,0.0,0.0,0.0,0.0,0.0
7338,11-02 18:00:00+01:00,0.0,0.0,0.0,0.0,0.0,0.0
7339,11-02 19:00:00+01:00,0.0,0.0,0.0,0.0,0.0,0.0
7340,11-02 20:00:00+01:00,0.0,0.0,0.0,0.0,0.0,0.0
7341,11-02 21:00:00+01:00,0.0,0.0,0.0,0.0,0.0,0.0
7342,11-02 22:00:00+01:00,0.0,0.0,0.0,0.0,0.0,0.0
7343,11-02 23:00:00+01:00,0.0,0.0,0.0,0.0,0.0,0.0
7344,11-03 00:00:00+01:00,0.0,0.0,0.0,0.0,0.0,0.0
7345,11-03 01:00:00+01:00,0.0,0.0,0.0,0.0,0.0,0.0
7346,11-03 02:00:00+01:00,0.0,0.0,0.0,0.0,0.0,0.0
7347,11-03 03:00:00+01:00,0.0,0.0,0.0,0.0,0.0,0.0
7348,11-03 04:00:00+01:00,0.0,0.0,0.0,0.0,0.0,0.0
7349,11-03 05:00:00+01:00,0.0,0.0,0.0,0.0,0.0,0.0
7350,11-03 06:00:00+01:00,0.0,0.0,0.0,0.0,0.0,0.0
7351,11-03 07:00:00+01:00,0.0,0.0,0.0,0.0,0.0,0.0
7352,11-03 08:00:00+01:00,0.0,0.0,0.0,0.0,0.0,0.0
7353,11-03 09:00:00+01:00,0.0,0.0,0.0,0.0,0.0,0.0
7354,11-03 10:00:00+01:00,0.0,0.0,0.0,0.0,0.0,0.0
7355,11-03 11:00:00+01:00,0.0,0.0,0.0,0.0,0.0,0.0
7356,11-03 12:00:00+01:00,0.0,0.0,0.0,0.0,0.0,0.0
7357,11-03 13:00:00+01:00,0.0,0.0,0.0,0.0,0.0,0.0
7358,11-03 14:00:00+01:00,0.0,0.0,0.0,0.0,0.0,0.0
7359,11-03 15:00:00+01:00,0.0,0.0,0.0,0.0,0.0,0.0
7360,11-03 16:00:00+01:00,0.0,0.0,0.0,0.0,0.0,0.0
7361,11-03 17:00:00+01:00,0.0,0.0,0.0,0.0,0.0,0.0
7362,11-03 18:00:00+01:00,0.0,0.0,0.0,0.0,0.0,0.0
7363,11-03 19:00:00+01:00,0.0,0.0,0.0,0.0,0.0,0.0
7364,11-03 20:00:00+01:00,0.0,0.0,0.0,0.0,0.0,0.0
7365,11-03 21:00:00+01:00,0.0,0.0,0.0,0.0,0.0,0.0
7366,11-03 22:00:00+01:00,0.0,0.0,0.0,0.0,0.0,0.0
7367,11-03 23:00:00+01:00,0.0,0.0,0.0,0.0,0.0,0.0
7368,11-04 00:00:00+01:00,0.0,0.0,0.0,0.0,0.0,0.0
7369,11-04 01:00:00+01:00,0.0,0.0,0.0,0.0,0.0,0.0
7370,11-04 02:00:00+01:00,0.0,0.0,0.0,0.0,0.0,0.0
7371,11-04 03:00:00+01:00,0.0,0.0,0.0,0.0,0.0,0.0
7372,11-04 04:00:00+01:00,0.0,0.0,0.0,0.0,0.0,0.0
7373,11-04 05:00:00+01:00,0.0,0.0,0.0,0.0,0.0,0.0
7374,11-04 06:00:00+01:00,0.0,0.0,0.0,0.0,0.0,0.0
7375,11-04 07:00:00+01:00,0.0,0.0,0.0,0.0,0.0,0.0
7376,11-04 08:00:00+01:00,0.0,0.0,0.0,0.0,0.0,0.0
7377,11-04 09:00:00+01:00,0.0,0.0,0.0,0.0,0.0,0.0
7378,11-04 10:00:00+01:00,0.0,0.0,0.0,0.0,0.0,0.0
7379,11-04 11:00:00+01:00,0.0,0.0,0.0,0.0,0.0,0.0
7380,11-04 12:00:00+01:00,0.0,0.0,0.0,0.0,0.0,0.0
7381,11-04 13:00:00+01:00,0.0,0.0,0.0,0.0,0.0,0.0
7382,11-04 14:00:00+01:00,0.0,0.0,0.0,0.0,0.0,0.0
7383,11-04 15:00:00+01:00,0.0,0.0,0.0,0.0,0.0,0.0
7384,11-04 16:00:00+01:00,0.0,0.0,0.0,0.0,0.0,0.0
7385,11-04 17:00:00+01:00,0.0,0.0,0.0,0.0,0.0,0.0
7386,11-04 18:00:00+01:00,0.0,0.0,0.0,0.0,0.0,0.0
7387,11-04 19:00:00+01:00,0.0,0.0,0.0,0.0,0.0,0.0
7388,11-04 20:00:00+01:00,0.0,0.0,0.0,0.0,0.0,0.0
7389,11-04 21:00:00+01:00,0.0,0.0,0.0,0.0,0.0,0.0
7390,11-04 22:00:00+01:00,0.0,0.0,0.0,0.0,0.0,0.0
7391,11-04 23:00:00+01:00,0.0,0.0,0.0,0.0,0.0,0.0
7392,11-05 00:00:00+01:00,0.0,0.0,0.0,0.0,0.0,0.0
7393,11-05 01:00:00+01:00,0.0,0.0,0.0,0.0,0.0,0.0
7394,11-05 02:00:00+01:00,0.0,0.0,0.0,0.0,0.0,0.0
7395,11-05 03:00:00+01:00,0.0,0.0,0.0,0.0,0.0,0.0
7396,11-05 04:00:00+01:00,0.0,0.0,0.0,0.0,0.0,0.0
7397,11-05 05:00:00+01:00,0.0,0.0,0.0,0.0,0.0,0.0
7398,11-05 06:00:00+01:00,0.0,0.0,0.0,0.0,0.0,0.0
7399,11-05 07:00:00+01:00,0.0,0.0,0.0,0.0,0.0,0.0
7400,11-05 08:00:00+01:00,0.0,0.0,0.0,0.0,0.0,0.0
7401,11-05 09:00:00+01:00,0.0,0.0,0.0,0.0,0.0,0.0
7402,11-05 10:00:00+01:00,0.0,0.0,0.0,0.0,0.0,0.0
7403,11-05 11:00:00+01:00,0.0,0.0,0.0,0.0,0.0,0.0
7404,11-05 12:00:00+01:00,0.0,0.0,0.0,0.0,0.0,0.0
7405,11-05 13:00:00+01:00,0.0,0.0,0.0,0.0,0.0,0.0
7406,11-05 14:00:00+01:00,0.0,0.0,0.0,0.0,0.0,0.0
7407,11-05 15:00:00+01:00,0.0,0.0,0.0,0.0,0.0,0.0
7408,11-05 16:00:00+01:00,0.0,0.0,0.0,0.0,0.0,0.0
7409,11-05 17:00:00+01:00,0.0,0.0,0.0,0.0,0.0,0.0
7410,11-05 18:00:00+01:00,0.0,0.0,0.0,0.0,0.0,0.0
7411,11-05 19:00:00+01:00,0.0,0.0,0.0,0.0,0.0,0.0
7412,11-05 20:00:00+01:00,0.0,0.0,0.0,0.0,0.0,0.0
7413,11-05 21:00:00+01:00,0.0,0.0,0.0,0.0,0.0,0.0
7414,11-05 22:00:00+01:00,0.0,0.0,0.0,0.0,0.0,0.0
7415,11-05 23:00:00+01:00,0.0,0.0,0.0,0.0,0.0,0.0
7416,11-06 00:00:00+01:00,0.0,0.0,0.0,0.0,0.0,0.0
7417,11-06 01:00:00+01:00,0.0,0.0,0.0,0.0,0.0,0.0
7418,11-06 02:00:00+01:00,0.0,0.0,0.0,0.0,0.0,0.0
7419,11-06 03:00:00+01:00,0.0,0.0,0.0,0.0,0.0,0.0
7420,11-06 04:00:00+01:00,0.0,0.0,0.0,0.0,0.0,0.0
7421,11-06 05:00:00+01:00,0.0,0.0,0.0,0.0,0.0,0.0
7422,11-06 06:00:00+01:00,0.0,0.0,0.0,0.0,0.0,0.0
7423,11-06 07:00:00+01:00,0.0,0.0,0.0,0.0,0.0,0.0
7424,11-06 08:00:00+01:00,0.0,0.0,0.0,0.0,0.0,0.0
7425,11-06 09:00:00+01:00,0.0,0.0,0.0,0.0,0.0,0.0
7426,11-06 10:00:00+01:00,0.0,0.0,0.0,0.0,0.0,0.0
7427,11-06 11:00:00+01:00,0.0,0.0,0.0,0.0,0.0,0.0
7428,11-06 12:00:00+01:00,0.0,0.0,0.0,0.0,0.0,0.0
7429,11-06 13:00:00+01:00,0.0,0.0,0.0,0.0,0.0,0.0
7430,11-06 14:00:00+01:00,0.0,0.0,0.0,0.0,0.0,0.0
7431,11-06 15:00:00+01:00,0.0,0.0,0.0,0.0,0.0,0.0
7432,11-06 16:00:00+01:00,0.0,0.0,0.0,0.0,0.0,0.0
7433,11-06 17:00:00+01:00,0.0,0.0,0.0,0.0,0.0,0.0
7434,11-06 18:00:00+01:00,0.0,0.0,0.0,0.0,0.0,0.0
7435,11-06 19:00:00+01:00,0.0,0.0,0.0,0.0,0.0,0.0
7436,11-06 20:00:00+01:00,0.0,0.0,0.0,0.0,0.0,0.0
7437,11-06 21:00:00+01:00,0.0,0.0,0.0,0.0,0.0,0.0
7438,11-06 22:00:00+01:00,0.0,0.0,0.0,0.0,0.0,0.0
7439,11-06 23:00:00+01:00,0.0,0.0,0.0,0.0,0.0,0.0
7440,11-07 00:00:00+01:00,0.0,0.0,0.0,0.0,0.0,0.0
7441,11-07 01:00:00+01:00,0.0,0.0,0.0,0.0,0.0,0.0
7442,11-07 02:00:00+01:00,0.0,0.0,0.0,0.0,0.0,0.0
7443,11-07 03:00:00+01:00,0.0,0.0,0.0,0.0,0.0,0.0
7444,11-07 04:00:00+01:00,0.0,0.0,0.0,0.0,0.0,0.0
7445,11-07 05:00:00+01:00,0.0,0.0,0.0,0.0,0.0,0.0
7446,11-07 06:00:00+01:00,0.0,0.0,0.0,0.0,0.0,0.0
7447,11-07 07:00:00+01:00,0.0,0.0,0.0,0.0,0.0,0.0
7448,11-07 08:00:00+01:00,0.0,0.0,0.0,0.0,0.0,0.0
7449,11-07 09:00:00+01:00,0.0,0.0,0.0,0.0,0.0,0.0
7450,11-07 10:00:00+01:00,0.0,0.0,0.0,0.0,0.0,0.0
7451,11-07 11:00:00+01:00,0.0,0.0,0.0,0.0,0.0,0.0
7452,11-07 12:00:00+01:00,0.0,0.0,0.0,0.0,0.0,0.0
7453,11-07 13:00:00+01:00,0.0,0.0,0.0,0.0,0.0,0.0
7454,11-07 14:00:00+01:00,0.0,0.0,0.0,0.0,0.0,0.0
7455,11-07 15:00:00+01:00,0.0,0.0,0.0,0.0,0.0,0.0
7456,11-07 16:00:00+01:00,0.0,0.0,0.0,0.0,0.0,0.0
7457,11-07 17:00:00+01:00,0.0,0.0,0.0,0.0,0.0,0.0
7458,11-07 18:00:00+01:00,0.0,0.0,0.0,0.0,0.0,0.0
7459,11-07 19:00:00+01:00,0.0,0.0,0.0,0.0,0.0,0.0
7460,11-07 20:00:00+01:00,0.0,0.0,0.0,0.0,0.0,0.0
7461,11-07 21:00:00+01:00,0.0,0.0,0.0,0.0,0.0,0.0
7462,11-07 22:00:00+01:00,0.0,0.0,0.0,0.0,0.0,0.0
7463,11-07 23:00:00+01:00,0.0,0.0,0.0,0.0,0.0,0.0
7464,11-08 00:00:00+01:00,0.0,0.0,0.0,0.0,0.0,0.0
7465,11-08 01:00:00+01:00,0.0,0.0,0.0,0.0,0.0,0.0
7466,11-08 02:00:00+01:00,0.0,0.0,0.0,0.0,0.0,0.0
7467,11-08 03:00:00+01:00,0.0,0.0,0.0,0.0,0.0,0.0
7468,11-08 04:00:00+01:00,0.0,0.0,0.0,0.0,0.0,0.0
7469,11-08 05:00:00+01:00,0.0,0.0,0.0,0.0,0.0,0.0
7470,11-08 06:00:00+01:00,0.0,0.0,0.0,0.0,0.0,0.0
7471,11-08 07:00:00+01:00,0.0,0.0,0.0,0.0,0.0,0.0
7472,11-08 08:00:00+01:00,0.0,0.0,0.0,0.0,0.0,0.0
7473,11-08 09:00:00+01:00,0.0,0.0,0.0,0.0,0.0,0.0
7474,11-08 10:00:00+01:00,0.0,0.0,0.0,0.0,0.0,0.0
7475,11-08 11:00:00+01:00,0.0,0.0,0.0,0.0,0.0,0.0
7476,11-08 12:00:00+01:00,0.0,0.0,0.0,0.0,0.0,0.0
7477,11-08 13:00:00+01:00,0.0,0.0,0.0,0.0,0.0,0.0
7478,11-08 14:00:00+01:00,0.0,0.0,0.0,0.0,0.0,0.0
7479,11-08 15:00:00+01:00,0.0,0.0,0.0,0.0,0.0,0.0
7480,11-08 16:00:00+01:00,0.0,0.0,0.0,0.0,0.0,0.0
7481,11-08 17:00:00+01:00,0.0,0.0,0.0,0.0,0.0,0.0
7482,11-08 18:00:00+01:00,0.0,0.0,0.0,0.0,0.0,0.0
7483,11-08 19:00:00+01:00,0.0,0.0,0.0,0.0,0.0,0.0
7484,11-08 20:00:00+01:00,0.0,0.0,0.0,0.0,0.0,0.0
7485,11-08 21:00:00+01:00,0.0,0.0,0.0,0.0,0.0,0.0
7486,11-08 22:00:00+01:00,0.0,0.0,0.0,0.0,0.0,0.0
7487,11-08 23:00:00+01:00,0.0,0.0,0.0,0.0,0.0,0.0
7488,11-09 00:00:00+01:00,0.0,0.0,0.0,0.0,0.0,0.0
7489,11-09 01:00:00+01:00,0.0,0.0,0.0,0.0,0.0,0.0
7490,11-09 02:00:00+01:00,0.0,0.0,0.0,0.0,0.0,0.0
7491,11-09 03:00:00+01:00,0.0,0.0,0.0,0.0,0.0,0.0
7492,11-09 04:00:00+01:00,0.0,0.0,0.0,0.0,0.0,0.0
7493,11-09 05:00:00+01:00,0.0,0.0,0.0,0.0,0.0,0.0
7494,11-09 06:00:00+01:00,0.0,0.0,0.0,0.0,0.0,0.0
7495,11-09 07:00:00+01:00,0.0,0.0,0.0,0.0,0.0,0.0
7496,11-09 08:00:00+01:00,0.0,0.0,0.0,0.0,0.0,0.0
7497,11-09 09:00:00+01:00,0.0,0.0,0.0,0.0,0.0,0.0
7498,11-09 10:00:00+01:00,0.0,0.0,0.0,0.0,0.0,0.0
7499,11-09 11:00:00+01:00,0.0,0.0,0.0,0.0,0.0,0.0
7500,11-09 12:00:00+01:00,0.0,0.0,0.0,0.0,0.0,0.0
7501,11-09 13:00:00+01:00,0.0,0.0,0.0,0.0,0.0,0.0
7502,11-09 14:00:00+01:00,0.0,0.0,0.0,0.0,0.0,0.0
7503,11-09 15:00:00+01:00,0.0,0.0,0.0,0.0,0.0,0.0
7504,11-09 16:00:00+01:00,0.0,0.0,0.0,0.0,0.0,0.0
7505,11-09 17:00:00+01:00,0.0,0.0,0.0,0.0,0.0,0.0
7506,11-09 18:00:00+01:00,0.0,0.0,0.0,0.0,0.0,0.0
7507,11-09 19:00:00+01:00,0.0,0.0,0.0,0.0,0.0,0.0
7508,11-09 20:00:00+01:00,0.0,0.0,0.0,0.0,0.0,0.0
7509,11-09 21:00:00+01:00,0.0,0.0,0.0,0.0,0.0,0.0
7510,11-09 22:00:00+01:00,0.0,0.0,0.0,0.0,0.0,0.0
7511,11-09 23:00:00+01:00,0.0,0.0,0.0,0.0,0.0,0.0
7512,11-10 00:00:00+01:00,0.0,0.0,0.0,0.0,0.0,0.0
7513,11-10 01:00:00+01:00,0.0,0.0,0.0,0.0,0.0,0.0
7514,11-10 02:00:00+01:00,0.0,0.0,0.0,0.0,0.0,0.0
7515,11-10 03:00:00+01:00,0.0,0.0,0.0,0.0,0.0,0.0
7516,11-10 04:00:00+01:00,0.0,0.0,0.0,0.0,0.0,0.0
7517,11-10 05:00:00+01:00,0.0,0.0,0.0,0.0,0.0,0.0
7518,11-10 06:00:00+01:00,0.0,0.0,0.0,0.0,0.0,0.0
7519,11-10 07:00:00+01:00,0.0,0.0,0.0,0.0,0.0,0.0
7520,11-10 08:00:00+01:00,0.0,0.0,0.0,0.0,0.0,0.0
7521,11-10 09:00:00+01:00,0.0,0.0,0.0,0.0,0.0,0.0
7522,11-10 10:00:00+01:00,0.0,0.0,0.0,0.0,0.0,0.0
7523,11-10 11:00:00+01:00,0.0,0.0,0.0,0.0,0.0,0.0
7524,11-10 12:00:00+01:00,0.0,0.0,0.0,0.0,0.0,0.0
7525,11-10 13:00:00+01:00,0.0,0.0,0.0,0.0,0.0,0.0
7526,11-10 14:00:00+01:00,0.0,0.0,0.0,0.0,0.0,0.0
7527,11-10 15:00:00+01:00,0.0,0.0,0.0,0.0,0.0,0.0
7528,11-10 16:00:00+01:00,0.0,0.0,0.0,0.0,0.0,0.0
7529,11-10 17:00:00+01:00,0.0,0.0,0.0,0.0,0.0,0.0
7530,11-10 18:00:00+01:00,0.0,0.0,0.0,0.0,0.0,0.0
7531,11-10 19:00:00+01:00,0.0,0.0,0.0,0.0,0.0,0.0
7532,11-10 20:00:00+01:00,0.0,0.0,0.0,0.0,0.0,0.0
7533,11-10 21:00:00+01:00,0.0,0.0,0.0,0.0,0.0,0.0
7534,11-10 22:00:00+01:00,0.0,0.0,0.0,0.0,0.0,0.0
7535,11-10 23:00:00+01:00,0.0,0.0,0.0,0.0,0.0,0.0
7536,11-11 00:00:00+01:00,0.0,0.0,0.0,0.0,0.0,0.0
7537,11-11 01:00:00+01:00,0.0,0.0,0.0,0.0,0.0,0.0
7538,11-11 02:00:00+01:00,0.0,0.0,0.0,0.0,0.0,0.0
7539,11-11 03:00:00+01:00,0.0,0.0,0.0,0.0,0.0,0.0
7540,11-11 04:00:00+01:00,0.0,0.0,0.0,0.0,0.0,0.0
7541,11-11 05:00:00+01:00,0.0,0.0,0.0,0.0,0.0,0.0
7542,11-11 06:00:00+01:00,0.0,0.0,0.0,0.0,0.0,0.0
7543,11-11 07:00:00+01:00,0.0,0.0,0.0,0.0,0.0,0.0
7544,11-11 08:00:00+01:00,0.0,0.0,0.0,0.0,0.0,0.0
7545,11-11 09:00:00+01:00,0.0,0.0,0.0,0.0,0.0,0.0
7546,11-11 10:00:00+01:00,0.0,0.0,0.0,0.0,0.0,0.0
7547,11-11 11:00:00+01:00,0.0,0.0,0.0,0.0,0.0,0.0
7548,11-11 12:00:00+01:00,0.0,0.0,0.0,0.0,0.0,0.0
7549,11-11 13:00:00+01:00,0.0,0.0,0.0,0.0,0.0,0.0
7550,11-11 14:00:00+01:00,0.0,0.0,0.0,0.0,0.0,0.0
7551,11-11 15:00:00+01:00,0.0,0.0,0.0,0.0,0.0,0.0
7552,11-11 16:00:00+01:00,0.0,0.0,0.0,0.0,0.0,0.0
7553,11-11 17:00:00+01:00,0.0,0.0,0.0,0.0,0.0,0.0
7554,11-11 18:00:00+01:00,0.0,0.0,0.0,0.0,0.0,0.0
7555,11-11 19:00:00+01:00,0.0,0.0,0.0,0.0,0.0,0.0
7556,11-11 20:00:00+01:00,0.0,0.0,0.0,0.0,0.0,0.0
7557,11-11 21:00:00+01:00,0.0,0.0,0.0,0.0,0.0,0.0
7558,11-11 22:00:00+01:00,0.0,0.0,0.0,0.0,0.0,0.0
7559,11-11 23:00:00+01:00,0.0,0.0,0.0,0.0,0.0,0.0
7560,11-12 00:00:00+01:00,0.0,0.0,0.0,0.0,0.0,0.0
7561,11-12 01:00:00+01:00,0.0,0.0,0.0,0.0,0.0,0.0
7562,11-12 02:00:00+01:00,0.0,0.0,0.0,0.0,0.0,0.0
7563,11-12 03:00:00+01:00,0.0,0.0,0.0,0.0,0.0,0.0
7564,11-12 04:00:00+01:00,0.0,0.0,0.0,0.0,0.0,0.0
7565,11-12 05:00:00+01:00,0.0,0.0,0.0,0.0,0.0,0.0
7566,11-12 06:00:00+01:00,0.0,0.0,0.0,0.0,0.0,0.0
7567,11-12 07:00:00+01:00,0.0,0.0,0.0,0.0,0.0,0.0
7568,11-12 08:00:00+01:00,0.0,0.0,0.0,0.0,0.0,0.0
7569,11-12 09:00:00+01:00,0.0,0.0,0.0,0.0,0.0,0.0
7570,11-12 10:00:00+01:00,0.0,0.0,0.0,0.0,0.0,0.0
7571,11-12 11:00:00+01:00,0.0,0.0,0.0,0.0,0.0,0.0
7572,11-12 12:00:00+01:00,0.0,0.0,0.0,0.0,0.0,0.0
7573,11-12 13:00:00+01:00,0.0,0.0,0.0,0.0,0.0,0.0
7574,11-12 14:00:00+01:00,0.0,0.0,0.0,0.0,0.0,0.0
7575,11-12 15:00:00+01:00,0.0,0.0,0.0,0.0,0.0,0.0
7576,11-12 16:00:00+01:00,0.0,0.0,0.0,0.0,0.0,0.0
7577,11-12 17:00:00+01:00,0.0,0.0,0.0,0.0,0.0,0.0
7578,11-12 18:00:00+01:00,0.0,0.0,0.0,0.0,0.0,0.0
7579,11-12 19:00:00+01:00,0.0,0.0,0.0,0.0,0.0,0.0
7580,11-12 20:00:00+01:00,0.0,0.0,0.0,0.0,0.0,0.0
7581,11-12 21:00:00+01:00,0.0,0.0,0.0,0.0,0.0,0.0
7582,11-12 22:00:00+01:00,0.0,0.0,0.0,0.0,0.0,0.0
7583,11-12 23:00:00+01:00,0.0,0.0,0.0,0.0,0.0,0.0
7584,11-13 00:00:00+01:00,0.0,0.0,0.0,0.0,0.0,0.0
7585,11-13 01:00:00+01:00,0.0,0.0,0.0,0.0,0.0,0.0
7586,11-13 02:00:00+01:00,0.0,0.0,0.0,0.0,0.0,0.0
7587,11-13 03:00:00+01:00,0.0,0.0,0.0,0.0,0.0,0.0
7588,11-13 04:00:00+01:00,0.0,0.0,0.0,0.0,0.0,0.0
7589,11-13 05:00:00+01:00,0.0,0.0,0.0,0.0,0.0,0.0
7590,11-13 06:00:00+01:00,0.0,0.0,0.0,0.0,0.0,0.0
7591,11-13 07:00:00+01:00,0.0,0.0,0.0,0.0,0.0,0.0
7592,11-13 08:00:00+01:00,0.0,0.0,0.0,0.0,0.0,0.0
7593,11-13 09:00:00+01:00,0.0,0.0,0.0,0.0,0.0,0.0
7594,11-13 10:00:00+01:00,0.0,0.0,0.0,0.0,0.0,0.0
7595,11-13 11:00:00+01:00,0.0,0.0,0.0,0.0,0.0,0.0
7596,11-13 12:00:00+01:00,0.0,0.0,0.0,0.0,0.0,0.0
7597,11-13 13:00:00+01:00,0.0,0.0,0.0,0.0,0.0,0.0
7598,11-13 14:00:00+01:00,0.0,0.0,0.0,0.0,0.0,0.0
7599,11-13 15:00:00+01:00,0.0,0.0,0.0,0.0,0.0,0.0
7600,11-13 16:00:00+01:00,0.0,0.0,0.0,0.0,0.0,0.0
7601,11-13 17:00:00+01:00,0.0,0.0,0.0,0.0,0.0,0.0
7602,11-13 18:00:00+01:00,0.0,0.0,0.0,0.0,0.0,0.0
7603,11-13 19:00:00+01:00,0.0,0.0,0.0,0.0,0.0,0.0
7604,11-13 20:00:00+01:00,0.0,0.0,0.0,0.0,0.0,0.0
7605,11-13 21:00:00+01:00,0.0,0.0,0.0,0.0,0.0,0.0
7606,11-13 22:00:00+01:00,0.0,0.0,0.0,0.0,0.0,0.0
7607,11-13 23:00:00+01:00,0.0,0.0,0.0,0.0,0.0,0.0
7608,11-14 00:00:00+01:00,0.0,0.0,0.0,0.0,0.0,0.0
7609,11-14 01:00:00+01:00,0.0,0.0,0.0,0.0,0.0,0.0
7610,11-14 02:00:00+01:00,0.0,0.0,0.0,0.0,0.0,0.0
7611,11-14 03:00:00+01:00,0.0,0.0,0.0,0.0,0.0,0.0
7612,11-14 04:00:00+01:00,0.0,0.0,0.0,0.0,0.0,0.0
7613,11-14 05:00:00+01:00,0.0,0.0,0.0,0.0,0.0,0.0
7614,11-14 06:00:00+01:00,0.0,0.0,0.0,0.0,0.0,0.0
7615,11-14 07:00:00+01:00,0.0,0.0,0.0,0.0,0.0,0.0
7616,11-14 08:00:00+01:00,0.0,0.0,0.0,0.0,0.0,0.0
7617,11-14 09:00:00+01:00,0.0,0.0,0.0,0.0,0.0,0.0
7618,11-14 10:00:00+01:00,0.0,0.0,0.0,0.0,0.0,0.0
7619,11-14 11:00:00+01:00,0.0,0.0,0.0,0.0,0.0,0.0
7620,11-14 12:00:00+01:00,0.0,0.0,0.0,0.0,0.0,0.0
7621,11-14 13:00:00+01:00,0.0,0.0,0.0,0.0,0.0,0.0
7622,11-14 14:00:00+01:00,0.0,0.0,0.0,0.0,0.0,0.0
7623,11-14 15:00:00+01:00,0.0,0.0,0.0,0.0,0.0,0.0
7624,11-14 16:00:00+01:00,0.0,0.0,0.0,0.0,0.0,0.0
7625,11-14 17:00:00+01:00,0.0,0.0,0.0,0.0,0.0,0.0
7626,11-14 18:00:00+01:00,0.0,0.0,0.0,0.0,0.0,0.0
7627,11-14 19:00:00+01:00,0.0,0.0,0.0,0.0,0.0,0.0
7628,11-14 20:00:00+01:00,0.0,0.0,0.0,0.0,0.0,0.0
7629,11-14 21:00:00+01:00,0.0,0.0,0.0,0.0,0.0,0.0
7630,11-14 22:00:00+01:00,0.0,0.0,0.0,0.0,0.0,0.0
7631,11-14 23:00:00+01:00,0.0,0.0,0.0,0.0,0.0,0.0
7632,11-15 00:00:00+01:00,0.0,0.0,0.0,0.0,0.0,0.0
7633,11-15 01:00:00+01:00,0.0,0.0,0.0,0.0,0.0,0.0
7634,11-15 02:00:00+01:00,0.0,0.0,0.0,0.0,0.0,0.0
7635,11-15 03:00:00+01:00,0.0,0.0,0.0,0.0,0.0,0.0
7636,11-15 04:00:00+01:00,0.0,0.0,0.0,0.0,0.0,0.0
7637,11-15 05:00:00+01:00,0.0,0.0,0.0,0.0,0.0,0.0
7638,11-15 06:00:00+01:00,0.0,0.0,0.0,0.0,0.0,0.0
7639,11-15 07:00:00+01:00,0.0,0.0,0.0,0.0,0.0,0.0
7640,11-15 08:00:00+01:00,0.0,0.0,0.0,0.0,0.0,0.0
7641,11-15 09:00:00+01:00,0.0,0.0,0.0,0.0,0.0,0.0
7642,11-15 10:00:00+01:00,0.0,0.0,0.0,0.0,0.0,0.0
7643,11-15 11:00:00+01:00,0.0,0.0,0.0,0.0,0.0,0.0
7644,11-15 12:00:00+01:00,0.0,0.0,0.0,0.0,0.0,0.0
7645,11-15 13:00:00+01:00,0.0,0.0,0.0,0.0,0.0,0.0
7646,11-15 14:00:00+01:00,0.0,0.0,0.0,0.0,0.0,0.0
7647,11-15 15:00:00+01:00,0.0,0.0,0.0,0.0,0.0,0.0
7648,11-15 16:00:00+01:00,0.0,0.0,0.0,0.0,0.0,0.0
7649,11-15 17:00:00+01:00,0.0,0.0,0.0,0.0,0.0,0.0
7650,11-15 18:00:00+01:00,0.0,0.0,0.0,0.0,0.0,0.0
7651,11-15 19:00:00+01:00,0.0,0.0,0.0,0.0,0.0,0.0
7652,11-15 20:00:00+01:00,0.0,0.0,0.0,0.0,0.0,0.0
7653,11-15 21:00:00+01:00,0.0,0.0,0.0,0.0,0.0,0.0
7654,11-15 22:00:00+01:00,0.0,0.0,0.0,0.0,0.0,0.0
7655,11-15 23:00:00+01:00,0.0,0.0,0.0,0.0,0.0,0.0
7656,11-16 00:00:00+01:00,0.0,0.0,0.0,0.0,0.0,0.0
7657,11-16 01:00:00+01:00,0.0,0.0,0.0,0.0,0.0,0.0
7658,11-16 02:00:00+01:00,0.0,0.0,0.0,0.0,0.0,0.0
7659,11-16 03:00:00+01:00,0.0,0.0,0.0,0.0,0.0,0.0
7660,11-16 04:00:00+01:00,0.0,0.0,0.0,0.0,0.0,0.0
7661,11-16 05:00:00+01:00,0.0,0.0,0.0,0.0,0.0,0.0
7662,11-16 06:00:00+01:00,0.0,0.0,0.0,0.0,0.0,0.0
7663,11-16 07:00:00+01:00,0.0,0.0,0.0,0.0,0.0,0.0
7664,11-16 08:00:00+01:00,0.0,0.0,0.0,0.0,0.0,0.0
7665,11-16 09:00:00+01:00,0.0,0.0,0.0,0.0,0.0,0.0
7666,11-16 10:00:00+01:00,0.0,0.0,0.0,0.0,0.0,0.0
7667,11-16 11:00:00+01:00,0.0,0.0,0.0,0.0,0.0,0.0
7668,11-16 12:00:00+01:00,0.0,0.0,0.0,0.0,0.0,0.0
7669,11-16 13:00:00+01:00,0.0,0.0,0.0,0.0,0.0,0.0
7670,11-16 14:00:00+01:00,0.0,0.0,0.0,0.0,0.0,0.0
7671,11-16 15:00:00+01:00,0.0,0.0,0.0,0.0,0.0,0.0
7672,11-16 16:00:00+01:00,0.0,0.0,0.0,0.0,0.0,0.0
7673,11-16 17:00:00+01:00,0.0,0.0,0.0,0.0,0.0,0.0
7674,11-16 18:00:00+01:00,0.0,0.0,0.0,0.0,0.0,0.0
7675,11-16 19:00:00+01:00,0.0,0.0,0.0,0.0,0.0,0.0
7676,11-16 20:00:00+01:00,0.0,0.0,0.0,0.0,0.0,0.0
7677,11-16 21:00:00+01:00,0.0,0.0,0.0,0.0,0.0,0.0
7678,11-16 22:00:00+01:00,0.0,0.0,0.0,0.0,0.0,0.0
7679,11-16 23:00:00+01:00,0.0,0.0,0.0,0.0,0.0,0.0
7680,11-17 00:00:00+01:00,0.0,0.0,0.0,0.0,0.0,0.0
7681,11-17 01:00:00+01:00,0.0,0.0,0.0,0.0,0.0,0.0
7682,11-17 02:00:00+01:00,0.0,0.0,0.0,0.0,0.0,0.0
7683,11-17 03:00:00+01:00,0.0,0.0,0.0,0.0,0.0,0.0
7684,11-17 04:00:00+01:00,0.0,0.0,0.0,0.0,0.0,0.0
7685,11-17 05:00:00+01:00,0.0,0.0,0.0,0.0,0.0,0.0
7686,11-17 06:00:00+01:00,0.0,0.0,0.0,0.0,0.0,0.0
7687,11-17 07:00:00+01:00,0.0,0.0,0.0,0.0,0.0,0.0
7688,11-17 08:00:00+01:00,0.0,0.0,0.0,0.0,0.0,0.0
7689,11-17 09:00:00+01:00,0.0,0.0,0.0,0.0,0.0,0.0
7690,11-17 10:00:00+01:00,0.0,0.0,0.0,0.0,0.0,0.0
7691,11-17 11:00:00+01:00,0.0,0.0,0.0,0.0,0.0,0.0
7692,11-17 12:00:00+01:00,0.0,0.0,0.0,0.0,0.0,0.0
7693,11-17 13:00:00+01:00,0.0,0.0,0.0,0.0,0.0,0.0
7694,11-17 14:00:00+01:00,0.0,0.0,0.0,0.0,0.0,0.0
7695,11-17 15:00:00+01:00,0.0,0.0,0.0,0.0,0.0,0.0
7696,11-17 16:00:00+01:00,0.0,0.0,0.0,0.0,0.0,0.0
7697,11-17 17:00:00+01:00,0.0,0.0,0.0,0.0,0.0,0.0
7698,11-17 18:00:00+01:00,0.0,0.0,0.0,0.0,0.0,0.0
7699,11-17 19:00:00+01:00,0.0,0.0,0.0,0.0,0.0,0.0
7700,11-17 20:00:00+01:00,0.0,0.0,0.0,0.0,0.0,0.0
7701,11-17 21:00:00+01:00,0.0,0.0,0.0,0.0,0.0,0.0
7702,11-17 22:00:00+01:00,0.0,0.0,0.0,0.0,0.0,0.0
7703,11-17 23:00:00+01:00,0.0,0.0,0.0,0.0,0.0,0.0
7704,11-18 00:00:00+01:00,0.0,0.0,0.0,0.0,0.0,0.0
7705,11-18 01:00:00+01:00,0.0,0.0,0.0,0.0,0.0,0.0
7706,11-18 02:00:00+01:00,0.0,0.0,0.0,0.0,0.0,0.0
7707,11-18 03:00:00+01:00,0.0,0.0,0.0,0.0,0.0,0.0
7708,11-18 04:00:00+01:00,0.0,0.0,0.0,0.0,0.0,0.0
7709,11-18 05:00:00+01:00,0.0,0.0,0.0,0.0,0.0,0.0
7710,11-18 06:00:00+01:00,0.0,0.0,0.0,0.0,0.0,0.0
7711,11-18 07:00:00+01:00,0.0,0.0,0.0,0.0,0.0,0.0
7712,11-18 08:00:00+01:00,0.0,0.0,0.0,0.0,0.0,0.0
7713,11-18 09:00:00+01:00,0.0,0.0,0.0,0.0,0.0,0.0
7714,11-18 10:00:00+01:00,0.0,0.0,0.0,0.0,0.0,0.0
7715,11-18 11:00:00+01:00,0.0,0.0,0.0,0.0,0.0,0.0
7716,11-18 12:00:00+01:00,0.0,0.0,0.0,0.0,0.0,0.0
7717,11-18 13:00:00+01:00,0.0,0.0,0.0,0.0,0.0,0.0
7718,11-18 14:00:00+01:00,0.0,0.0,0.0,0.0,0.0,0.0
7719,11-18 15:00:00+01:00,0.0,0.0,0.0,0.0,0.0,0.0
7720,11-18 16:00:00+01:00,0.0,0.0,0.0,0.0,0.0,0.0
7721,11-18 17:00:00+01:00,0.0,0.0,0.0,0.0,0.0,0.0
7722,11-18 18:00:00+01:00,0.0,0.0,0.0,0.0,0.0,0.0
7723,11-18 19:00:00+01:00,0.0,0.0,0.0,0.0,0.0,0.0
7724,11-18 20:00:00+01:00,0.0,0.0,0.0,0.0,0.0,0.0
7725,11-18 21:00:00+01:00,0.0,0.0,0.0,0.0,0.0,0.0
7726,11-18 22:00:00+01:00,0.0,0.0,0.0,0.0,0.0,0.0
7727,11-18 23:00:00+01:00,0.0,0.0,0.0,0.0,0.0,0.0
7728,11-19 00:00:00+01:00,0.0,0.0,0.0,0.0,0.0,0.0
7729,11-19 01:00:00+01:00,0.0,0.0,0.0,0.0,0.0,0.0
7730,11-19 02:00:00+01:00,0.0,0.0,0.0,0.0,0.0,0.0
7731,11-19 03:00:00+01:00,0.0,0.0,0.0,0.0,0.0,0.0
7732,11-19 04:00:00+01:00,0.0,0.0,0.0,0.0,0.0,0.0
7733,11-19 05:00:00+01:00,0.0,0.0,0.0,0.0,0.0,0.0
7734,11-19 06:00:00+01:00,0.0,0.0,0.0,0.0,0.0,0.0
7735,11-19 07:00:00+01:00,0.0,0.0,0.0,0.0,0.0,0.0
7736,11-19 08:00:00+01:00,0.0,0.0,0.0,0.0,0.0,0.0
7737,11-19 09:00:00+01:00,0.0,0.0,0.0,0.0,0.0,0.0
7738,11-19 10:00:00+01:00,0.0,0.0,0.0,0.0,0.0,0.0
7739,11-19 11:00:00+01:00,0.0,0.0,0.0,0.0,0.0,0.0
7740,11-19 12:00:00+01:00,0.0,0.0,0.0,0.0,0.0,0.0
7741,11-19 13:00:00+01:00,0.0,0.0,0.0,0.0,0.0,0.0
7742,11-19 14:00:00+01:00,0.0,0.0,0.0,0.0,0.0,0.0
7743,11-19 15:00:00+01:00,0.0,0.0,0.0,0.0,0.0,0.0
7744,11-19 16:00:00+01:00,0.0,0.0,0.0,0.0,0.0,0.0
7745,11-19 17:00:00+01:00,0.0,0.0,0.0,0.0,0.0,0.0
7746,11-19 18:00:00+01:00,0.0,0.0,0.0,0.0,0.0,0.0
7747,11-19 19:00:00+01:00,0.0,0.0,0.0,0.0,0.0,0.0
7748,11-19 20:00:00+01:00,0.0,0.0,0.0,0.0,0.0,0.0
7749,11-19 21:00:00+01:00,0.0,0.0,0.0,0.0,0.0,0.0
7750,11-19 22:00:00+01:00,0.0,0.0,0.0,0.0,0.0,0.0
7751,11-19 23:00:00+01:00,0.0,0.0,0.0,0.0,0.0,0.0
7752,11-20 00:00:00+01:00,0.0,0.0,0.0,0.0,0.0,0.0
7753,11-20 01:00:00+01:00,0.0,0.0,0.0,0.0,0.0,0.0
7754,11-20 02:00:00+01:00,0.0,0.0,0.0,0.0,0.0,0.0
7755,11-20 03:00:00+01:00,0.0,0.0,0.0,0.0,0.0,0.0
7756,11-20 04:00:00+01:00,0.0,0.0,0.0,0.0,0.0,0.0
7757,11-20 05:00:00+01:00,0.0,0.0,0.0,0.0,0.0,0.0
7758,11-20 06:00:00+01:00,0.0,0.0,0.0,0.0,0.0,0.0
7759,11-20 07:00:00+01:00,0.0,0.0,0.0,0.0,0.0,0.0
7760,11-20 08:00:00+01:00,0.0,0.0,0.0,0.0,0.0,0.0
7761,11-20 09:00:00+01:00,0.0,0.0,0.0,0.0,0.0,0.0
7762,11-20 10:00:00+01:00,0.0,0.0,0.0,0.0,0.0,0.0
7763,11-20 11:00:00+01:00,0.0,0.0,0.0,0.0,0.0,0.0
7764,11-20 12:00:00+01:00,0.0,0.0,0.0,0.0,0.0,0.0
7765,11-20 13:00:00+01:00,0.0,0.0,0.0,0.0,0.0,0.0
7766,11-20 14:00:00+01:00,0.0,0.0,0.0,0.0,0.0,0.0
7767,11-20 15:00:00+01:00,0.0,0.0,0.0,0.0,0.0,0.0
7768,11-20 16:00:00+01:00,0.0,0.0,0.0,0.0,0.0,0.0
7769,11-20 17:00:00+01:00,0.0,0.0,0.0,0.0,0.0,0.0
7770,11-20 18:00:00+01:00,0.0,0.0,0.0,0.0,0.0,0.0
7771,11-20 19:00:00+01:00,0.0,0.0,0.0,0.0,0.0,0.0
7772,11-20 20:00:00+01:00,0.0,0.0,0.0,0.0,0.0,0.0
7773,11-20 21:00:00+01:00,0.0,0.0,0.0,0.0,0.0,0.0
7774,11-20 22:00:00+01:00,0.0,0.0,0.0,0.0,0.0,0.0
7775,11-20 23:00:00+01:00,0.0,0.0,0.0,0.0,0.0,0.0
7776,11-21 00:00:00+01:00,0.0,0.0,0.0,0.0,0.0,0.0
7777,11-21 01:00:00+01:00,0.0,0.0,0.0,0.0,0.0,0.0
7778,11-21 02:00:00+01:00,0.0,0.0,0.0,0.0,0.0,0.0
7779,11-21 03:00:00+01:00,0.0,0.0,0.0,0.0,0.0,0.0
7780,11-21 04:00:00+01:00,0.0,0.0,0.0,0.0,0.0,0.0
7781,11-21 05:00:00+01:00,0.0,0.0,0.0,0.0,0.0,0.0
7782,11-21 06:00:00+01:00,0.0,0.0,0.0,0.0,0.0,0.0
7783,11-21 07:00:00+01:00,0.0,0.0,0.0,0.0,0.0,0.0
7784,11-21 08:00:00+01:00,0.0,0.0,0.0,0.0,0.0,0.0
7785,11-21 09:00:00+01:00,0.0,0.0,0.0,0.0,0.0,0.0
7786,11-21 10:00:00+01:00,0.0,0.0,0.0,0.0,0.0,0.0
7787,11-21 11:00:00+01:00,0.0,0.0,0.0,0.0,0.0,0.0
7788,11-21 12:00:00+01:00,0.0,0.0,0.0,0.0,0.0,0.0
7789,11-21 13:00:00+01:00,0.0,0.0,0.0,0.0,0.0,0.0
7790,11-21 14:00:00+01:00,0.0,0.0,0.0,0.0,0.0,0.0
7791,11-21 15:00:00+01:00,0.0,0.0,0.0,0.0,0.0,0.0
7792,11-21 16:00:00+01:00,0.0,0.0,0.0,0.0,0.0,0.0
7793,11-21 17:00:00+01:00,0.0,0.0,0.0,0.0,0.0,0.0
7794,11-21 18:00:00+01:00,0.0,0.0,0.0,0.0,0.0,0.0
7795,11-21 19:00:00+01:00,0.0,0.0,0.0,0.0,0.0,0.0
7796,11-21 20:00:00+01:00,0.0,0.0,0.0,0.0,0.0,0.0
7797,11-21 21:00:00+01:00,0.0,0.0,0.0,0.0,0.0,0.0
7798,11-21 22:00:00+01:00,0.0,0.0,0.0,0.0,0.0,0.0
7799,11-21 23:00:00+01:00,0.0,0.0,0.0,0.0,0.0,0.0
7800,11-22 00:00:00+01:00,0.0,0.0,0.0,0.0,0.0,0.0
7801,11-22 01:00:00+01:00,0.0,0.0,0.0,0.0,0.0,0.0
7802,11-22 02:00:00+01:00,0.0,0.0,0.0,0.0,0.0,0.0
7803,11-22 03:00:00+01:00,0.0,0.0,0.0,0.0,0.0,0.0
7804,11-22 04:00:00+01:00,0.0,0.0,0.0,0.0,0.0,0.0
7805,11-22 05:00:00+01:00,0.0,0.0,0.0,0.0,0.0,0.0
7806,11-22 06:00:00+01:00,0.0,0.0,0.0,0.0,0.0,0.0
7807,11-22 07:00:00+01:00,0.0,0.0,0.0,0.0,0.0,0.0
7808,11-22 08:00:00+01:00,0.0,0.0,0.0,0.0,0.0,0.0
7809,11-22 09:00:00+01:00,0.0,0.0,0.0,0.0,0.0,0.0
7810,11-22 10:00:00+01:00,0.0,0.0,0.0,0.0,0.0,0.0
7811,11-22 11:00:00+01:00,0.0,0.0,0.0,0.0,0.0,0.0
7812,11-22 12:00:00+01:00,0.0,0.0,0.0,0.0,0.0,0.0
7813,11-22 13:00:00+01:00,0.0,0.0,0.0,0.0,0.0,0.0
7814,11-22 14:00:00+01:00,0.0,0.0,0.0,0.0,0.0,0.0
7815,11-22 15:00:00+01:00,0.0,0.0,0.0,0.0,0.0,0.0
7816,11-22 16:00:00+01:00,0.0,0.0,0.0,0.0,0.0,0.0
7817,11-22 17:00:00+01:00,0.0,0.0,0.0,0.0,0.0,0.0
7818,11-22 18:00:00+01:00,0.0,0.0,0.0,0.0,0.0,0.0
7819,11-22 19:00:00+01:00,0.0,0.0,0.0,0.0,0.0,0.0
7820,11-22 20:00:00+01:00,0.0,0.0,0.0,0.0,0.0,0.0
7821,11-22 21:00:00+01:00,0.0,0.0,0.0,0.0,0.0,0.0
7822,11-22 22:00:00+01:00,0.0,0.0,0.0,0.0,0.0,0.0
7823,11-22 23:00:00+01:00,0.0,0.0,0.0,0.0,0.0,0.0
7824,11-23 00:00:00+01:00,0.0,0.0,0.0,0.0,0.0,0.0
7825,11-23 01:00:00+01:00,0.0,0.0,0.0,0.0,0.0,0.0
7826,11-23 02:00:00+01:00,0.0,0.0,0.0,0.0,0.0,0.0
7827,11-23 03:00:00+01:00,0.0,0.0,0.0,0.0,0.0,0.0
7828,11-23 04:00:00+01:00,0.0,0.0,0.0,0.0,0.0,0.0
7829,11-23 05:00:00+01:00,0.0,0.0,0.0,0.0,0.0,0.0
7830,11-23 06:00:00+01:00,0.0,0.0,0.0,0.0,0.0,0.0
7831,11-23 07:00:00+01:00,0.0,0.0,0.0,0.0,0.0,0.0
7832,11-23 08:00:00+01:00,0.0,0.0,0.0,0.0,0.0,0.0
7833,11-23 09:00:00+01:00,0.0,0.0,0.0,0.0,0.0,0.0
7834,11-23 10:00:00+01:00,0.0,0.0,0.0,0.0,0.0,0.0
7835,11-23 11:00:00+01:00,0.0,0.0,0.0,0.0,0.0,0.0
7836,11-23 12:00:00+01:00,0.0,0.0,0.0,0.0,0.0,0.0
7837,11-23 13:00:00+01:00,0.0,0.0,0.0,0.0,0.0,0.0
7838,11-23 14:00:00+01:00,0.0,0.0,0.0,0.0,0.0,0.0
7839,11-23 15:00:00+01:00,0.0,0.0,0.0,0.0,0.0,0.0
7840,11-23 16:00:00+01:00,0.0,0.0,0.0,0.0,0.0,0.0
7841,11-23 17:00:00+01:00,0.0,0.0,0.0,0.0,0.0,0.0
7842,11-23 18:00:00+01:00,0.0,0.0,0.0,0.0,0.0,0.0
7843,11-23 19:00:00+01:00,0.0,0.0,0.0,0.0,0.0,0.0
7844,11-23 20:00:00+01:00,0.0,0.0,0.0,0.0,0.0,0.0
7845,11-23 21:00:00+01:00,0.0,0.0,0.0,0.0,0.0,0.0
7846,11-23 22:00:00+01:00,0.0,0.0,0.0,0.0,0.0,0.0
7847,11-23 23:00:00+01:00,0.0,0.0,0.0,0.0,0.0,0.0
7848,11-24 00:00:00+01:00,0.0,0.0,0.0,0.0,0.0,0.0
7849,11-24 01:00:00+01:00,0.0,0.0,0.0,0.0,0.0,0.0
7850,11-24 02:00:00+01:00,0.0,0.0,0.0,0.0,0.0,0.0
7851,11-24 03:00:00+01:00,0.0,0.0,0.0,0.0,0.0,0.0
7852,11-24 04:00:00+01:00,0.0,0.0,0.0,0.0,0.0,0.0
7853,11-24 05:00:00+01:00,0.0,0.0,0.0,0.0,0.0,0.0
7854,11-24 06:00:00+01:00,0.0,0.0,0.0,0.0,0.0,0.0
7855,11-24 07:00:00+01:00,0.0,0.0,0.0,0.0,0.0,0.0
7856,11-24 08:00:00+01:00,0.0,0.0,0.0,0.0,0.0,0.0
7857,11-24 09:00:00+01:00,0.0,0.0,0.0,0.0,0.0,0.0
7858,11-24 10:00:00+01:00,0.0,0.0,0.0,0.0,0.0,0.0
7859,11-24 11:00:00+01:00,0.0,0.0,0.0,0.0,0.0,0.0
7860,11-24 12:00:00+01:00,0.0,0.0,0.0,0.0,0.0,0.0
7861,11-24 13:00:00+01:00,0.0,0.0,0.0,0.0,0.0,0.0
7862,11-24 14:00:00+01:00,0.0,0.0,0.0,0.0,0.0,0.0
7863,11-24 15:00:00+01:00,0.0,0.0,0.0,0.0,0.0,0.0
7864,11-24 16:00:00+01:00,0.0,0.0,0.0,0.0,0.0,0.0
7865,11-24 17:00:00+01:00,0.0,0.0,0.0,0.0,0.0,0.0
7866,11-24 18:00:00+01:00,0.0,0.0,0.0,0.0,0.0,0.0
7867,11-24 19:00:00+01:00,0.0,0.0,0.0,0.0,0.0,0.0
7868,11-24 20:00:00+01:00,0.0,0.0,0.0,0.0,0.0,0.0
7869,11-24 21:00:00+01:00,0.0,0.0,0.0,0.0,0.0,0.0
7870,11-24 22:00:00+01:00,0.0,0.0,0.0,0.0,0.0,0.0
7871,11-24 23:00:00+01:00,0.0,0.0,0.0,0.0,0.0,0.0
7872,11-25 00:00:00+01:00,0.0,0.0,0.0,0.0,0.0,0.0
7873,11-25 01:00:00+01:00,0.0,0.0,0.0,0.0,0.0,0.0
7874,11-25 02:00:00+01:00,0.0,0.0,0.0,0.0,0.0,0.0
7875,11-25 03:00:00+01:00,0.0,0.0,0.0,0.0,0.0,0.0
7876,11-25 04:00:00+01:00,0.0,0.0,0.0,0.0,0.0,0.0
7877,11-25 05:00:00+01:00,0.0,0.0,0.0,0.0,0.0,0.0
7878,11-25 06:00:00+01:00,0.0,0.0,0.0,0.0,0.0,0.0
7879,11-25 07:00:00+01:00,0.0,0.0,0.0,0.0,0.0,0.0
7880,11-25 08:00:00+01:00,0.0,0.0,0.0,0.0,0.0,0.0
7881,11-25 09:00:00+01:00,0.0,0.0,0.0,0.0,0.0,0.0
7882,11-25 10:00:00+01:00,0.0,0.0,0.0,0.0,0.0,0.0
7883,11-25 11:00:00+01:00,0.0,0.0,0.0,0.0,0.0,0.0
7884,11-25 12:00:00+01:00,0.0,0.0,0.0,0.0,0.0,0.0
7885,11-25 13:00:00+01:00,0.0,0.0,0.0,0.0,0.0,0.0
7886,11-25 14:00:00+01:00,0.0,0.0,0.0,0.0,0.0,0.0
7887,11-25 15:00:00+01:00,0.0,0.0,0.0,0.0,0.0,0.0
7888,11-25 16:00:00+01:00,0.0,0.0,0.0,0.0,0.0,0.0
7889,11-25 17:00:00+01:00,0.0,0.0,0.0,0.0,0.0,0.0
7890,11-25 18:00:00+01:00,0.0,0.0,0.0,0.0,0.0,0.0
7891,11-25 19:00:00+01:00,0.0,0.0,0.0,0.0,0.0,0.0
7892,11-25 20:00:00+01:00,0.0,0.0,0.0,0.0,0.0,0.0
7893,11-25 21:00:00+01:00,0.0,0.0,0.0,0.0,0.0,0.0
7894,11-25 22:00:00+01:00,0.0,0.0,0.0,0.0,0.0,0.0
7895,11-25 23:00:00+01:00,0.0,0.0,0.0,0.0,0.0,0.0
7896,11-26 00:00:00+01:00,0.0,0.0,0.0,0.0,0.0,0.0
7897,11-26 01:00:00+01:00,0.0,0.0,0.0,0.0,0.0,0.0
7898,11-26 02:00:00+01:00,0.0,0.0,0.0,0.0,0.0,0.0
7899,11-26 03:00:00+01:00,0.0,0.0,0.0,0.0,0.0,0.0
7900,11-26 04:00:00+01:00,0.0,0.0,0.0,0.0,0.0,0.0
7901,11-26 05:00:00+01:00,0.0,0.0,0.0,0.0,0.0,0.0
7902,11-26 06:00:00+01:00,0.0,0.0,0.0,0.0,0.0,0.0
7903,11-26 07:00:00+01:00,0.0,0.0,0.0,0.0,0.0,0.0
7904,11-26 08:00:00+01:00,0.0,0.0,0.0,0.0,0.0,0.0
7905,11-26 09:00:00+01:00,0.0,0.0,0.0,0.0,0.0,0.0
7906,11-26 10:00:00+01:00,0.0,0.0,0.0,0.0,0.0,0.0
7907,11-26 11:00:00+01:00,0.0,0.0,0.0,0.0,0.0,0.0
7908,11-26 12:00:00+01:00,0.0,0.0,0.0,0.0,0.0,0.0
7909,11-26 13:00:00+01:00,0.0,0.0,0.0,0.0,0.0,0.0
7910,11-26 14:00:00+01:00,0.0,0.0,0.0,0.0,0.0,0.0
7911,11-26 15:00:00+01:00,0.0,0.0,0.0,0.0,0.0,0.0
7912,11-26 16:00:00+01:00,0.0,0.0,0.0,0.0,0.0,0.0
7913,11-26 17:00:00+01:00,0.0,0.0,0.0,0.0,0.0,0.0
7914,11-26 18:00:00+01:00,0.0,0.0,0.0,0.0,0.0,0.0
7915,11-26 19:00:00+01:00,0.0,0.0,0.0,0.0,0.0,0.0
7916,11-26 20:00:00+01:00,0.0,0.0,0.0,0.0,0.0,0.0
7917,11-26 21:00:00+01:00,0.0,0.0,0.0,0.0,0.0,0.0
7918,11-26 22:00:00+01:00,0.0,0.0,0.0,0.0,0.0,0.0
7919,11-26 23:00:00+01:00,0.0,0.0,0.0,0.0,0.0,0.0
7920,11-27 00:00:00+01:00,0.0,0.0,0.0,0.0,0.0,0.0
7921,11-27 01:00:00+01:00,0.0,0.0,0.0,0.0,0.0,0.0
7922,11-27 02:00:00+01:00,0.0,0.0,0.0,0.0,0.0,0.0
7923,11-27 03:00:00+01:00,0.0,0.0,0.0,0.0,0.0,0.0
7924,11-27 04:00:00+01:00,0.0,0.0,0.0,0.0,0.0,0.0
7925,11-27 05:00:00+01:00,0.0,0.0,0.0,0.0,0.0,0.0
7926,11-27 06:00:00+01:00,0.0,0.0,0.0,0.0,0.0,0.0
7927,11-27 07:00:00+01:00,0.0,0.0,0.0,0.0,0.0,0.0
7928,11-27 08:00:00+01:00,0.0,0.0,0.0,0.0,0.0,0.0
7929,11-27 09:00:00+01:00,0.0,0.0,0.0,0.0,0.0,0.0
7930,11-27 10:00:00+01:00,0.0,0.0,0.0,0.0,0.0,0.0
7931,11-27 11:00:00+01:00,0.0,0.0,0.0,0.0,0.0,0.0
7932,11-27 12:00:00+01:00,0.0,0.0,0.0,0.0,0.0,0.0
7933,11-27 13:00:00+01:00,0.0,0.0,0.0,0.0,0.0,0.0
7934,11-27 14:00:00+01:00,0.0,0.0,0.0,0.0,0.0,0.0
7935,11-27 15:00:00+01:00,0.0,0.0,0.0,0.0,0.0,0.0
7936,11-27 16:00:00+01:00,0.0,0.0,0.0,0.0,0.0,0.0
7937,11-27 17:00:00+01:00,0.0,0.0,0.0,0.0,0.0,0.0
7938,11-27 18:00:00+01:00,0.0,0.0,0.0,0.0,0.0,0.0
7939,11-27 19:00:00+01:00,0.0,0.0,0.0,0.0,0.0,0.0
7940,11-27 20:00:00+01:00,0.0,0.0,0.0,0.0,0.0,0.0
7941,11-27 21:00:00+01:00,0.0,0.0,0.0,0.0,0.0,0.0
7942,11-27 22:00:00+01:00,0.0,0.0,0.0,0.0,0.0,0.0
7943,11-27 23:00:00+01:00,0.0,0.0,0.0,0.0,0.0,0.0
7944,11-28 00:00:00+01:00,0.0,0.0,0.0,0.0,0.0,0.0
7945,11-28 01:00:00+01:00,0.0,0.0,0.0,0.0,0.0,0.0
7946,11-28 02:00:00+01:00,0.0,0.0,0.0,0.0,0.0,0.0
7947,11-28 03:00:00+01:00,0.0,0.0,0.0,0.0,0.0,0.0
7948,11-28 04:00:00+01:00,0.0,0.0,0.0,0.0,0.0,0.0
7949,11-28 05:00:00+01:00,0.0,0.0,0.0,0.0,0.0,0.0
7950,11-28 06:00:00+01:00,0.0,0.0,0.0,0.0,0.0,0.0
7951,11-28 07:00:00+01:00,0.0,0.0,0.0,0.0,0.0,0.0
7952,11-28 08:00:00+01:00,0.0,0.0,0.0,0.0,0.0,0.0
7953,11-28 09:00:00+01:00,0.0,0.0,0.0,0.0,0.0,0.0
7954,11-28 10:00:00+01:00,0.0,0.0,0.0,0.0,0.0,0.0
7955,11-28 11:00:00+01:00,0.0,0.0,0.0,0.0,0.0,0.0
7956,11-28 12:00:00+01:00,0.0,0.0,0.0,0.0,0.0,0.0
7957,11-28 13:00:00+01:00,0.0,0.0,0.0,0.0,0.0,0.0
7958,11-28 14:00:00+01:00,0.0,0.0,0.0,0.0,0.0,0.0
7959,11-28 15:00:00+01:00,0.0,0.0,0.0,0.0,0.0,0.0
7960,11-28 16:00:00+01:00,0.0,0.0,0.0,0.0,0.0,0.0
7961,11-28 17:00:00+01:00,0.0,0.0,0.0,0.0,0.0,0.0
7962,11-28 18:00:00+01:00,0.0,0.0,0.0,0.0,0.0,0.0
7963,11-28 19:00:00+01:00,0.0,0.0,0.0,0.0,0.0,0.0
7964,11-28 20:00:00+01:00,0.0,0.0,0.0,0.0,0.0,0.0
7965,11-28 21:00:00+01:00,0.0,0.0,0.0,0.0,0.0,0.0
7966,11-28 22:00:00+01:00,0.0,0.0,0.0,0.0,0.0,0.0
7967,11-28 23:00:00+01:00,0.0,0.0,0.0,0.0,0.0,0.0
7968,11-29 00:00:00+01:00,0.0,0.0,0.0,0.0,0.0,0.0
7969,11-29 01:00:00+01:00,0.0,0.0,0.0,0.0,0.0,0.0
7970,11-29 02:00:00+01:00,0.0,0.0,0.0,0.0,0.0,0.0
7971,11-29 03:00:00+01:00,0.0,0.0,0.0,0.0,0.0,0.0
7972,11-29 04:00:00+01:00,0.0,0.0,0.0,0.0,0.0,0.0
7973,11-29 05:00:00+01:00,0.0,0.0,0.0,0.0,0.0,0.0
7974,11-29 06:00:00+01:00,0.0,0.0,0.0,0.0,0.0,0.0
7975,11-29 07:00:00+01:00,0.0,0.0,0.0,0.0,0.0,0.0
7976,11-29 08:00:00+01:00,0.0,0.0,0.0,0.0,0.0,0.0
7977,11-29 09:00:00+01:00,0.0,0.0,0.0,0.0,0.0,0.0
7978,11-29 10:00:00+01:00,0.0,0.0,0.0,0.0,0.0,0.0
7979,11-29 11:00:00+01:00,0.0,0.0,0.0,0.0,0.0,0.0
7980,11-29 12:00:00+01:00,0.0,0.0,0.0,0.0,0.0,0.0
7981,11-29 13:00:00+01:00,0.0,0.0,0.0,0.0,0.0,0.0
7982,11-29 14:00:00+01:00,0.0,0.0,0.0,0.0,0.0,0.0
7983,11-29 15:00:00+01:00,0.0,0.0,0.0,0.0,0.0,0.0
7984,11-29 16:00:00+01:00,0.0,0.0,0.0,0.0,0.0,0.0
7985,11-29 17:00:00+01:00,0.0,0.0,0.0,0.0,0.0,0.0
7986,11-29 18:00:00+01:00,0.0,0.0,0.0,0.0,0.0,0.0
7987,11-29 19:00:00+01:00,0.0,0.0,0.0,0.0,0.0,0.0
7988,11-29 20:00:00+01:00,0.0,0.0,0.0,0.0,0.0,0.0
7989,11-29 21:00:00+01:00,0.0,0.0,0.0,0.0,0.0,0.0
7990,11-29 22:00:00+01:00,0.0,0.0,0.0,0.0,0.0,0.0
7991,11-29 23:00:00+01:00,0.0,0.0,0.0,0.0,0.0,0.0
7992,11-30 00:00:00+01:00,0.0,0.0,0.0,0.0,0.0,0.0
7993,11-30 01:00:00+01:00,0.0,0.0,0.0,0.0,0.0,0.0
7994,11-30 02:00:00+01:00,0.0,0.0,0.0,0.0,0.0,0.0
7995,11-30 03:00:00+01:00,0.0,0.0,0.0,0.0,0.0,0.0
7996,11-30 04:00:00+01:00,0.0,0.0,0.0,0.0,0.0,0.0
7997,11-30 05:00:00+01:00,0.0,0.0,0.0,0.0,0.0,0.0
7998,11-30 06:00:00+01:00,0.0,0.0,0.0,0.0,0.0,0.0
7999,11-30 07:00:00+01:00,0.0,0.0,0.0,0.0,0.0,0.0
8000,11-30 08:00:00+01:00,0.0,0.0,0.0,0.0,0.0,0.0
8001,11-30 09:00:00+01:00,0.0,0.0,0.0,0.0,0.0,0.0
8002,11-30 10:00:00+01:00,0.0,0.0,0.0,0.0,0.0,0.0
8003,11-30 11:00:00+01:00,0.0,0.0,0.0,0.0,0.0,0.0
8004,11-30 12:00:00+01:00,0.0,0.0,0.0,0.0,0.0,0.0
8005,11-30 13:00:00+01:00,0.0,0.0,0.0,0.0,0.0,0.0
8006,11-30 14:00:00+01:00,0.0,0.0,0.0,0.0,0.0,0.0
8007,11-30 15:00:00+01:00,0.0,0.0,0.0,0.0,0.0,0.0
8008,11-30 16:00:00+01:00,0.0,0.0,0.0,0.0,0.0,0.0
8009,11-30 17:00:00+01:00,0.0,0.0,0.0,0.0,0.0,0.0
8010,11-30 18:00:00+01:00,0.0,0.0,0.0,0.0,0.0,0.0
8011,11-30 19:00:00+01:00,0.0,0.0,0.0,0.0,0.0,0.0
8012,11-30 20:00:00+01:00,0.0,0.0,0.0,0.0,0.0,0.0
8013,11-30 21:00:00+01:00,0.0,0.0,0.0,0.0,0.0,0.0
8014,11-30 22:00:00+01:00,0.0,0.0,0.0,0.0,0.0,0.0
8015,11-30 23:00:00+01:00,0.0,0.0,0.0,0.0,0.0,0.0
8016,12-01 00:00:00+01:00,0.0,0.0,0.0,0.0,0.0,0.0
8017,12-01 01:00:00+01:00,0.0,0.0,0.0,0.0,0.0,0.0
8018,12-01 02:00:00+01:00,0.0,0.0,0.0,0.0,0.0,0.0
8019,12-01 03:00:00+01:00,0.0,0.0,0.0,0.0,0.0,0.0
8020,12-01 04:00:00+01:00,0.0,0.0,0.0,0.0,0.0,0.0
8021,12-01 05:00:00+01:00,0.0,0.0,0.0,0.0,0.0,0.0
8022,12-01 06:00:00+01:00,0.0,0.0,0.0,0.0,0.0,0.0
8023,12-01 07:00:00+01:00,0.0,0.0,0.0,0.0,0.0,0.0
8024,12-01 08:00:00+01:00,0.0,0.0,0.0,0.0,0.0,0.0
8025,12-01 09:00:00+01:00,0.0,0.0,0.0,0.0,0.0,0.0
8026,12-01 10:00:00+01:00,0.0,0.0,0.0,0.0,0.0,0.0
8027,12-01 11:00:00+01:00,0.0,0.0,0.0,0.0,0.0,0.0
8028,12-01 12:00:00+01:00,0.0,0.0,0.0,0.0,0.0,0.0
8029,12-01 13:00:00+01:00,0.0,0.0,0.0,0.0,0.0,0.0
8030,12-01 14:00:00+01:00,0.0,0.0,0.0,0.0,0.0,0.0
8031,12-01 15:00:00+01:00,0.0,0.0,0.0,0.0,0.0,0.0
8032,12-01 16:00:00+01:00,0.0,0.0,0.0,0.0,0.0,0.0
8033,12-01 17:00:00+01:00,0.0,0.0,0.0,0.0,0.0,0.0
8034,12-01 18:00:00+01:00,0.0,0.0,0.0,0.0,0.0,0.0
8035,12-01 19:00:00+01:00,0.0,0.0,0.0,0.0,0.0,0.0
8036,12-01 20:00:00+01:00,0.0,0.0,0.0,0.0,0.0,0.0
8037,12-01 21:00:00+01:00,0.0,0.0,0.0,0.0,0.0,0.0
8038,12-01 22:00:00+01:00,0.0,0.0,0.0,0.0,0.0,0.0
8039,12-01 23:00:00+01:00,0.0,0.0,0.0,0.0,0.0,0.0
8040,12-02 00:00:00+01:00,0.0,0.0,0.0,0.0,0.0,0.0
8041,12-02 01:00:00+01:00,0.0,0.0,0.0,0.0,0.0,0.0
8042,12-02 02:00:00+01:00,0.0,0.0,0.0,0.0,0.0,0.0
8043,12-02 03:00:00+01:00,0.0,0.0,0.0,0.0,0.0,0.0
8044,12-02 04:00:00+01:00,0.0,0.0,0.0,0.0,0.0,0.0
8045,12-02 05:00:00+01:00,0.0,0.0,0.0,0.0,0.0,0.0
8046,12-02 06:00:00+01:00,0.0,0.0,0.0,0.0,0.0,0.0
8047,12-02 07:00:00+01:00,0.0,0.0,0.0,0.0,0.0,0.0
8048,12-02 08:00:00+01:00,0.0,0.0,0.0,0.0,0.0,0.0
8049,12-02 09:00:00+01:00,0.0,0.0,0.0,0.0,0.0,0.0
8050,12-02 10:00:00+01:00,0.0,0.0,0.0,0.0,0.0,0.0
8051,12-02 11:00:00+01:00,0.0,0.0,0.0,0.0,0.0,0.0
8052,12-02 12:00:00+01:00,0.0,0.0,0.0,0.0,0.0,0.0
8053,12-02 13:00:00+01:00,0.0,0.0,0.0,0.0,0.0,0.0
8054,12-02 14:00:00+01:00,0.0,0.0,0.0,0.0,0.0,0.0
8055,12-02 15:00:00+01:00,0.0,0.0,0.0,0.0,0.0,0.0
8056,12-02 16:00:00+01:00,0.0,0.0,0.0,0.0,0.0,0.0
8057,12-02 17:00:00+01:00,0.0,0.0,0.0,0.0,0.0,0.0
8058,12-02 18:00:00+01:00,0.0,0.0,0.0,0.0,0.0,0.0
8059,12-02 19:00:00+01:00,0.0,0.0,0.0,0.0,0.0,0.0
8060,12-02 20:00:00+01:00,0.0,0.0,0.0,0.0,0.0,0.0
8061,12-02 21:00:00+01:00,0.0,0.0,0.0,0.0,0.0,0.0
8062,12-02 22:00:00+01:00,0.0,0.0,0.0,0.0,0.0,0.0
8063,12-02 23:00:00+01:00,0.0,0.0,0.0,0.0,0.0,0.0
8064,12-03 00:00:00+01:00,0.0,0.0,0.0,0.0,0.0,0.0
8065,12-03 01:00:00+01:00,0.0,0.0,0.0,0.0,0.0,0.0
8066,12-03 02:00:00+01:00,0.0,0.0,0.0,0.0,0.0,0.0
8067,12-03 03:00:00+01:00,0.0,0.0,0.0,0.0,0.0,0.0
8068,12-03 04:00:00+01:00,0.0,0.0,0.0,0.0,0.0,0.0
8069,12-03 05:00:00+01:00,0.0,0.0,0.0,0.0,0.0,0.0
8070,12-03 06:00:00+01:00,0.0,0.0,0.0,0.0,0.0,0.0
8071,12-03 07:00:00+01:00,0.0,0.0,0.0,0.0,0.0,0.0
8072,12-03 08:00:00+01:00,0.0,0.0,0.0,0.0,0.0,0.0
8073,12-03 09:00:00+01:00,0.0,0.0,0.0,0.0,0.0,0.0
8074,12-03 10:00:00+01:00,0.0,0.0,0.0,0.0,0.0,0.0
8075,12-03 11:00:00+01:00,0.0,0.0,0.0,0.0,0.0,0.0
8076,12-03 12:00:00+01:00,0.0,0.0,0.0,0.0,0.0,0.0
8077,12-03 13:00:00+01:00,0.0,0.0,0.0,0.0,0.0,0.0
8078,12-03 14:00:00+01:00,0.0,0.0,0.0,0.0,0.0,0.0
8079,12-03 15:00:00+01:00,0.0,0.0,0.0,0.0,0.0,0.0
8080,12-03 16:00:00+01:00,0.0,0.0,0.0,0.0,0.0,0.0
8081,12-03 17:00:00+01:00,0.0,0.0,0.0,0.0,0.0,0.0
8082,12-03 18:00:00+01:00,0.0,0.0,0.0,0.0,0.0,0.0
8083,12-03 19:00:00+01:00,0.0,0.0,0.0,0.0,0.0,0.0
8084,12-03 20:00:00+01:00,0.0,0.0,0.0,0.0,0.0,0.0
8085,12-03 21:00:00+01:00,0.0,0.0,0.0,0.0,0.0,0.0
8086,12-03 22:00:00+01:00,0.0,0.0,0.0,0.0,0.0,0.0
8087,12-03 23:00:00+01:00,0.0,0.0,0.0,0.0,0.0,0.0
8088,12-04 00:00:00+01:00,0.0,0.0,0.0,0.0,0.0,0.0
8089,12-04 01:00:00+01:00,0.0,0.0,0.0,0.0,0.0,0.0
8090,12-04 02:00:00+01:00,0.0,0.0,0.0,0.0,0.0,0.0
8091,12-04 03:00:00+01:00,0.0,0.0,0.0,0.0,0.0,0.0
8092,12-04 04:00:00+01:00,0.0,0.0,0.0,0.0,0.0,0.0
8093,12-04 05:00:00+01:00,0.0,0.0,0.0,0.0,0.0,0.0
8094,12-04 06:00:00+01:00,0.0,0.0,0.0,0.0,0.0,0.0
8095,12-04 07:00:00+01:00,0.0,0.0,0.0,0.0,0.0,0.0
8096,12-04 08:00:00+01:00,0.0,0.0,0.0,0.0,0.0,0.0
8097,12-04 09:00:00+01:00,0.0,0.0,0.0,0.0,0.0,0.0
8098,12-04 10:00:00+01:00,0.0,0.0,0.0,0.0,0.0,0.0
8099,12-04 11:00:00+01:00,0.0,0.0,0.0,0.0,0.0,0.0
8100,12-04 12:00:00+01:00,0.0,0.0,0.0,0.0,0.0,0.0
8101,12-04 13:00:00+01:00,0.0,0.0,0.0,0.0,0.0,0.0
8102,12-04 14:00:00+01:00,0.0,0.0,0.0,0.0,0.0,0.0
8103,12-04 15:00:00+01:00,0.0,0.0,0.0,0.0,0.0,0.0
8104,12-04 16:00:00+01:00,0.0,0.0,0.0,0.0,0.0,0.0
8105,12-04 17:00:00+01:00,0.0,0.0,0.0,0.0,0.0,0.0
8106,12-04 18:00:00+01:00,0.0,0.0,0.0,0.0,0.0,0.0
8107,12-04 19:00:00+01:00,0.0,0.0,0.0,0.0,0.0,0.0
8108,12-04 20:00:00+01:00,0.0,0.0,0.0,0.0,0.0,0.0
8109,12-04 21:00:00+01:00,0.0,0.0,0.0,0.0,0.0,0.0
8110,12-04 22:00:00+01:00,0.0,0.0,0.0,0.0,0.0,0.0
8111,12-04 23:00:00+01:00,0.0,0.0,0.0,0.0,0.0,0.0
8112,12-05 00:00:00+01:00,0.0,0.0,0.0,0.0,0.0,0.0
8113,12-05 01:00:00+01:00,0.0,0.0,0.0,0.0,0.0,0.0
8114,12-05 02:00:00+01:00,0.0,0.0,0.0,0.0,0.0,0.0
8115,12-05 03:00:00+01:00,0.0,0.0,0.0,0.0,0.0,0.0
8116,12-05 04:00:00+01:00,0.0,0.0,0.0,0.0,0.0,0.0
8117,12-05 05:00:00+01:00,0.0,0.0,0.0,0.0,0.0,0.0
8118,12-05 06:00:00+01:00,0.0,0.0,0.0,0.0,0.0,0.0
8119,12-05 07:00:00+01:00,0.0,0.0,0.0,0.0,0.0,0.0
8120,12-05 08:00:00+01:00,0.0,0.0,0.0,0.0,0.0,0.0
8121,12-05 09:00:00+01:00,0.0,0.0,0.0,0.0,0.0,0.0
8122,12-05 10:00:00+01:00,0.0,0.0,0.0,0.0,0.0,0.0
8123,12-05 11:00:00+01:00,0.0,0.0,0.0,0.0,0.0,0.0
8124,12-05 12:00:00+01:00,0.0,0.0,0.0,0.0,0.0,0.0
8125,12-05 13:00:00+01:00,0.0,0.0,0.0,0.0,0.0,0.0
8126,12-05 14:00:00+01:00,0.0,0.0,0.0,0.0,0.0,0.0
8127,12-05 15:00:00+01:00,0.0,0.0,0.0,0.0,0.0,0.0
8128,12-05 16:00:00+01:00,0.0,0.0,0.0,0.0,0.0,0.0
8129,12-05 17:00:00+01:00,0.0,0.0,0.0,0.0,0.0,0.0
8130,12-05 18:00:00+01:00,0.0,0.0,0.0,0.0,0.0,0.0
8131,12-05 19:00:00+01:00,0.0,0.0,0.0,0.0,0.0,0.0
8132,12-05 20:00:00+01:00,0.0,0.0,0.0,0.0,0.0,0.0
8133,12-05 21:00:00+01:00,0.0,0.0,0.0,0.0,0.0,0.0
8134,12-05 22:00:00+01:00,0.0,0.0,0.0,0.0,0.0,0.0
8135,12-05 23:00:00+01:00,0.0,0.0,0.0,0.0,0.0,0.0
8136,12-06 00:00:00+01:00,0.0,0.0,0.0,0.0,0.0,0.0
8137,12-06 01:00:00+01:00,0.0,0.0,0.0,0.0,0.0,0.0
8138,12-06 02:00:00+01:00,0.0,0.0,0.0,0.0,0.0,0.0
8139,12-06 03:00:00+01:00,0.0,0.0,0.0,0.0,0.0,0.0
8140,12-06 04:00:00+01:00,0.0,0.0,0.0,0.0,0.0,0.0
8141,12-06 05:00:00+01:00,0.0,0.0,0.0,0.0,0.0,0.0
8142,12-06 06:00:00+01:00,0.0,0.0,0.0,0.0,0.0,0.0
8143,12-06 07:00:00+01:00,0.0,0.0,0.0,0.0,0.0,0.0
8144,12-06 08:00:00+01:00,0.0,0.0,0.0,0.0,0.0,0.0
8145,12-06 09:00:00+01:00,0.0,0.0,0.0,0.0,0.0,0.0
8146,12-06 10:00:00+01:00,0.0,0.0,0.0,0.0,0.0,0.0
8147,12-06 11:00:00+01:00,0.0,0.0,0.0,0.0,0.0,0.0
8148,12-06 12:00:00+01:00,0.0,0.0,0.0,0.0,0.0,0.0
8149,12-06 13:00:00+01:00,0.0,0.0,0.0,0.0,0.0,0.0
8150,12-06 14:00:00+01:00,0.0,0.0,0.0,0.0,0.0,0.0
8151,12-06 15:00:00+01:00,0.0,0.0,0.0,0.0,0.0,0.0
8152,12-06 16:00:00+01:00,0.0,0.0,0.0,0.0,0.0,0.0
8153,12-06 17:00:00+01:00,0.0,0.0,0.0,0.0,0.0,0.0
8154,12-06 18:00:00+01:00,0.0,0.0,0.0,0.0,0.0,0.0
8155,12-06 19:00:00+01:00,0.0,0.0,0.0,0.0,0.0,0.0
8156,12-06 20:00:00+01:00,0.0,0.0,0.0,0.0,0.0,0.0
8157,12-06 21:00:00+01:00,0.0,0.0,0.0,0.0,0.0,0.0
8158,12-06 22:00:00+01:00,0.0,0.0,0.0,0.0,0.0,0.0
8159,12-06 23:00:00+01:00,0.0,0.0,0.0,0.0,0.0,0.0
8160,12-07 00:00:00+01:00,0.0,0.0,0.0,0.0,0.0,0.0
8161,12-07 01:00:00+01:00,0.0,0.0,0.0,0.0,0.0,0.0
8162,12-07 02:00:00+01:00,0.0,0.0,0.0,0.0,0.0,0.0
8163,12-07 03:00:00+01:00,0.0,0.0,0.0,0.0,0.0,0.0
8164,12-07 04:00:00+01:00,0.0,0.0,0.0,0.0,0.0,0.0
8165,12-07 05:00:00+01:00,0.0,0.0,0.0,0.0,0.0,0.0
8166,12-07 06:00:00+01:00,0.0,0.0,0.0,0.0,0.0,0.0
8167,12-07 07:00:00+01:00,0.0,0.0,0.0,0.0,0.0,0.0
8168,12-07 08:00:00+01:00,0.0,0.0,0.0,0.0,0.0,0.0
8169,12-07 09:00:00+01:00,0.0,0.0,0.0,0.0,0.0,0.0
8170,12-07 10:00:00+01:00,0.0,0.0,0.0,0.0,0.0,0.0
8171,12-07 11:00:00+01:00,0.0,0.0,0.0,0.0,0.0,0.0
8172,12-07 12:00:00+01:00,0.0,0.0,0.0,0.0,0.0,0.0
8173,12-07 13:00:00+01:00,0.0,0.0,0.0,0.0,0.0,0.0
8174,12-07 14:00:00+01:00,0.0,0.0,0.0,0.0,0.0,0.0
8175,12-07 15:00:00+01:00,0.0,0.0,0.0,0.0,0.0,0.0
8176,12-07 16:00:00+01:00,0.0,0.0,0.0,0.0,0.0,0.0
8177,12-07 17:00:00+01:00,0.0,0.0,0.0,0.0,0.0,0.0
8178,12-07 18:00:00+01:00,0.0,0.0,0.0,0.0,0.0,0.0
8179,12-07 19:00:00+01:00,0.0,0.0,0.0,0.0,0.0,0.0
8180,12-07 20:00:00+01:00,0.0,0.0,0.0,0.0,0.0,0.0
8181,12-07 21:00:00+01:00,0.0,0.0,0.0,0.0,0.0,0.0
8182,12-07 22:00:00+01:00,0.0,0.0,0.0,0.0,0.0,0.0
8183,12-07 23:00:00+01:00,0.0,0.0,0.0,0.0,0.0,0.0
8184,12-08 00:00:00+01:00,0.0,0.0,0.0,0.0,0.0,0.0
8185,12-08 01:00:00+01:00,0.0,0.0,0.0,0.0,0.0,0.0
8186,12-08 02:00:00+01:00,0.0,0.0,0.0,0.0,0.0,0.0
8187,12-08 03:00:00+01:00,0.0,0.0,0.0,0.0,0.0,0.0
8188,12-08 04:00:00+01:00,0.0,0.0,0.0,0.0,0.0,0.0
8189,12-08 05:00:00+01:00,0.0,0.0,0.0,0.0,0.0,0.0
8190,12-08 06:00:00+01:00,0.0,0.0,0.0,0.0,0.0,0.0
8191,12-08 07:00:00+01:00,0.0,0.0,0.0,0.0,0.0,0.0
8192,12-08 08:00:00+01:00,0.0,0.0,0.0,0.0,0.0,0.0
8193,12-08 09:00:00+01:00,0.0,0.0,0.0,0.0,0.0,0.0
8194,12-08 10:00:00+01:00,0.0,0.0,0.0,0.0,0.0,0.0
8195,12-08 11:00:00+01:00,0.0,0.0,0.0,0.0,0.0,0.0
8196,12-08 12:00:00+01:00,0.0,0.0,0.0,0.0,0.0,0.0
8197,12-08 13:00:00+01:00,0.0,0.0,0.0,0.0,0.0,0.0
8198,12-08 14:00:00+01:00,0.0,0.0,0.0,0.0,0.0,0.0
8199,12-08 15:00:00+01:00,0.0,0.0,0.0,0.0,0.0,0.0
8200,12-08 16:00:00+01:00,0.0,0.0,0.0,0.0,0.0,0.0
8201,12-08 17:00:00+01:00,0.0,0.0,0.0,0.0,0.0,0.0
8202,12-08 18:00:00+01:00,0.0,0.0,0.0,0.0,0.0,0.0
8203,12-08 19:00:00+01:00,0.0,0.0,0.0,0.0,0.0,0.0
8204,12-08 20:00:00+01:00,0.0,0.0,0.0,0.0,0.0,0.0
8205,12-08 21:00:00+01:00,0.0,0.0,0.0,0.0,0.0,0.0
8206,12-08 22:00:00+01:00,0.0,0.0,0.0,0.0,0.0,0.0
8207,12-08 23:00:00+01:00,0.0,0.0,0.0,0.0,0.0,0.0
8208,12-09 00:00:00+01:00,0.0,0.0,0.0,0.0,0.0,0.0
8209,12-09 01:00:00+01:00,0.0,0.0,0.0,0.0,0.0,0.0
8210,12-09 02:00:00+01:00,0.0,0.0,0.0,0.0,0.0,0.0
8211,12-09 03:00:00+01:00,0.0,0.0,0.0,0.0,0.0,0.0
8212,12-09 04:00:00+01:00,0.0,0.0,0.0,0.0,0.0,0.0
8213,12-09 05:00:00+01:00,0.0,0.0,0.0,0.0,0.0,0.0
8214,12-09 06:00:00+01:00,0.0,0.0,0.0,0.0,0.0,0.0
8215,12-09 07:00:00+01:00,0.0,0.0,0.0,0.0,0.0,0.0
8216,12-09 08:00:00+01:00,0.0,0.0,0.0,0.0,0.0,0.0
8217,12-09 09:00:00+01:00,0.0,0.0,0.0,0.0,0.0,0.0
8218,12-09 10:00:00+01:00,0.0,0.0,0.0,0.0,0.0,0.0
8219,12-09 11:00:00+01:00,0.0,0.0,0.0,0.0,0.0,0.0
8220,12-09 12:00:00+01:00,0.0,0.0,0.0,0.0,0.0,0.0
8221,12-09 13:00:00+01:00,0.0,0.0,0.0,0.0,0.0,0.0
8222,12-09 14:00:00+01:00,0.0,0.0,0.0,0.0,0.0,0.0
8223,12-09 15:00:00+01:00,0.0,0.0,0.0,0.0,0.0,0.0
8224,12-09 16:00:00+01:00,0.0,0.0,0.0,0.0,0.0,0.0
8225,12-09 17:00:00+01:00,0.0,0.0,0.0,0.0,0.0,0.0
8226,12-09 18:00:00+01:00,0.0,0.0,0.0,0.0,0.0,0.0
8227,12-09 19:00:00+01:00,0.0,0.0,0.0,0.0,0.0,0.0
8228,12-09 20:00:00+01:00,0.0,0.0,0.0,0.0,0.0,0.0
8229,12-09 21:00:00+01:00,0.0,0.0,0.0,0.0,0.0,0.0
8230,12-09 22:00:00+01:00,0.0,0.0,0.0,0.0,0.0,0.0
8231,12-09 23:00:00+01:00,0.0,0.0,0.0,0.0,0.0,0.0
8232,12-10 00:00:00+01:00,0.0,0.0,0.0,0.0,0.0,0.0
8233,12-10 01:00:00+01:00,0.0,0.0,0.0,0.0,0.0,0.0
8234,12-10 02:00:00+01:00,0.0,0.0,0.0,0.0,0.0,0.0
8235,12-10 03:00:00+01:00,0.0,0.0,0.0,0.0,0.0,0.0
8236,12-10 04:00:00+01:00,0.0,0.0,0.0,0.0,0.0,0.0
8237,12-10 05:00:00+01:00,0.0,0.0,0.0,0.0,0.0,0.0
8238,12-10 06:00:00+01:00,0.0,0.0,0.0,0.0,0.0,0.0
8239,12-10 07:00:00+01:00,0.0,0.0,0.0,0.0,0.0,0.0
8240,12-10 08:00:00+01:00,0.0,0.0,0.0,0.0,0.0,0.0
8241,12-10 09:00:00+01:00,0.0,0.0,0.0,0.0,0.0,0.0
8242,12-10 10:00:00+01:00,0.0,0.0,0.0,0.0,0.0,0.0
8243,12-10 11:00:00+01:00,0.0,0.0,0.0,0.0,0.0,0.0
8244,12-10 12:00:00+01:00,0.0,0.0,0.0,0.0,0.0,0.0
8245,12-10 13:00:00+01:00,0.0,0.0,0.0,0.0,0.0,0.0
8246,12-10 14:00:00+01:00,0.0,0.0,0.0,0.0,0.0,0.0
8247,12-10 15:00:00+01:00,0.0,0.0,0.0,0.0,0.0,0.0
8248,12-10 16:00:00+01:00,0.0,0.0,0.0,0.0,0.0,0.0
8249,12-10 17:00:00+01:00,0.0,0.0,0.0,0.0,0.0,0.0
8250,12-10 18:00:00+01:00,0.0,0.0,0.0,0.0,0.0,0.0
8251,12-10 19:00:00+01:00,0.0,0.0,0.0,0.0,0.0,0.0
8252,12-10 20:00:00+01:00,0.0,0.0,0.0,0.0,0.0,0.0
8253,12-10 21:00:00+01:00,0.0,0.0,0.0,0.0,0.0,0.0
8254,12-10 22:00:00+01:00,0.0,0.0,0.0,0.0,0.0,0.0
8255,12-10 23:00:00+01:00,0.0,0.0,0.0,0.0,0.0,0.0
8256,12-11 00:00:00+01:00,0.0,0.0,0.0,0.0,0.0,0.0
8257,12-11 01:00:00+01:00,0.0,0.0,0.0,0.0,0.0,0.0
8258,12-11 02:00:00+01:00,0.0,0.0,0.0,0.0,0.0,0.0
8259,12-11 03:00:00+01:00,0.0,0.0,0.0,0.0,0.0,0.0
8260,12-11 04:00:00+01:00,0.0,0.0,0.0,0.0,0.0,0.0
8261,12-11 05:00:00+01:00,0.0,0.0,0.0,0.0,0.0,0.0
8262,12-11 06:00:00+01:00,0.0,0.0,0.0,0.0,0.0,0.0
8263,12-11 07:00:00+01:00,0.0,0.0,0.0,0.0,0.0,0.0
8264,12-11 08:00:00+01:00,0.0,0.0,0.0,0.0,0.0,0.0
8265,12-11 09:00:00+01:00,0.0,0.0,0.0,0.0,0.0,0.0
8266,12-11 10:00:00+01:00,0.0,0.0,0.0,0.0,0.0,0.0
8267,12-11 11:00:00+01:00,0.0,0.0,0.0,0.0,0.0,0.0
8268,12-11 12:00:00+01:00,0.0,0.0,0.0,0.0,0.0,0.0
8269,12-11 13:00:00+01:00,0.0,0.0,0.0,0.0,0.0,0.0
8270,12-11 14:00:00+01:00,0.0,0.0,0.0,0.0,0.0,0.0
8271,12-11 15:00:00+01:00,0.0,0.0,0.0,0.0,0.0,0.0
8272,12-11 16:00:00+01:00,0.0,0.0,0.0,0.0,0.0,0.0
8273,12-11 17:00:00+01:00,0.0,0.0,0.0,0.0,0.0,0.0
8274,12-11 18:00:00+01:00,0.0,0.0,0.0,0.0,0.0,0.0
8275,12-11 19:00:00+01:00,0.0,0.0,0.0,0.0,0.0,0.0
8276,12-11 20:00:00+01:00,0.0,0.0,0.0,0.0,0.0,0.0
8277,12-11 21:00:00+01:00,0.0,0.0,0.0,0.0,0.0,0.0
8278,12-11 22:00:00+01:00,0.0,0.0,0.0,0.0,0.0,0.0
8279,12-11 23:00:00+01:00,0.0,0.0,0.0,0.0,0.0,0.0
8280,12-12 00:00:00+01:00,0.0,0.0,0.0,0.0,0.0,0.0
8281,12-12 01:00:00+01:00,0.0,0.0,0.0,0.0,0.0,0.0
8282,12-12 02:00:00+01:00,0.0,0.0,0.0,0.0,0.0,0.0
8283,12-12 03:00:00+01:00,0.0,0.0,0.0,0.0,0.0,0.0
8284,12-12 04:00:00+01:00,0.0,0.0,0.0,0.0,0.0,0.0
8285,12-12 05:00:00+01:00,0.0,0.0,0.0,0.0,0.0,0.0
8286,12-12 06:00:00+01:00,0.0,0.0,0.0,0.0,0.0,0.0
8287,12-12 07:00:00+01:00,0.0,0.0,0.0,0.0,0.0,0.0
8288,12-12 08:00:00+01:00,0.0,0.0,0.0,0.0,0.0,0.0
8289,12-12 09:00:00+01:00,0.0,0.0,0.0,0.0,0.0,0.0
8290,12-12 10:00:00+01:00,0.0,0.0,0.0,0.0,0.0,0.0
8291,12-12 11:00:00+01:00,0.0,0.0,0.0,0.0,0.0,0.0
8292,12-12 12:00:00+01:00,0.0,0.0,0.0,0.0,0.0,0.0
8293,12-12 13:00:00+01:00,0.0,0.0,0.0,0.0,0.0,0.0
8294,12-12 14:00:00+01:00,0.0,0.0,0.0,0.0,0.0,0.0
8295,12-12 15:00:00+01:00,0.0,0.0,0.0,0.0,0.0,0.0
8296,12-12 16:00:00+01:00,0.0,0.0,0.0,0.0,0.0,0.0
8297,12-12 17:00:00+01:00,0.0,0.0,0.0,0.0,0.0,0.0
8298,12-12 18:00:00+01:00,0.0,0.0,0.0,0.0,0.0,0.0
8299,12-12 19:00:00+01:00,0.0,0.0,0.0,0.0,0.0,0.0
8300,12-12 20:00:00+01:00,0.0,0.0,0.0,0.0,0.0,0.0
8301,12-12 21:00:00+01:00,0.0,0.0,0.0,0.0,0.0,0.0
8302,12-12 22:00:00+01:00,0.0,0.0,0.0,0.0,0.0,0.0
8303,12-12 23:00:00+01:00,0.0,0.0,0.0,0.0,0.0,0.0
8304,12-13 00:00:00+01:00,0.0,0.0,0.0,0.0,0.0,0.0
8305,12-13 01:00:00+01:00,0.0,0.0,0.0,0.0,0.0,0.0
8306,12-13 02:00:00+01:00,0.0,0.0,0.0,0.0,0.0,0.0
8307,12-13 03:00:00+01:00,0.0,0.0,0.0,0.0,0.0,0.0
8308,12-13 04:00:00+01:00,0.0,0.0,0.0,0.0,0.0,0.0
8309,12-13 05:00:00+01:00,0.0,0.0,0.0,0.0,0.0,0.0
8310,12-13 06:00:00+01:00,0.0,0.0,0.0,0.0,0.0,0.0
8311,12-13 07:00:00+01:00,0.0,0.0,0.0,0.0,0.0,0.0
8312,12-13 08:00:00+01:00,0.0,0.0,0.0,0.0,0.0,0.0
8313,12-13 09:00:00+01:00,0.0,0.0,0.0,0.0,0.0,0.0
8314,12-13 10:00:00+01:00,0.0,0.0,0.0,0.0,0.0,0.0
8315,12-13 11:00:00+01:00,0.0,0.0,0.0,0.0,0.0,0.0
8316,12-13 12:00:00+01:00,0.0,0.0,0.0,0.0,0.0,0.0
8317,12-13 13:00:00+01:00,0.0,0.0,0.0,0.0,0.0,0.0
8318,12-13 14:00:00+01:00,0.0,0.0,0.0,0.0,0.0,0.0
8319,12-13 15:00:00+01:00,0.0,0.0,0.0,0.0,0.0,0.0
8320,12-13 16:00:00+01:00,0.0,0.0,0.0,0.0,0.0,0.0
8321,12-13 17:00:00+01:00,0.0,0.0,0.0,0.0,0.0,0.0
8322,12-13 18:00:00+01:00,0.0,0.0,0.0,0.0,0.0,0.0
8323,12-13 19:00:00+01:00,0.0,0.0,0.0,0.0,0.0,0.0
8324,12-13 20:00:00+01:00,0.0,0.0,0.0,0.0,0.0,0.0
8325,12-13 21:00:00+01:00,0.0,0.0,0.0,0.0,0.0,0.0
8326,12-13 22:00:00+01:00,0.0,0.0,0.0,0.0,0.0,0.0
8327,12-13 23:00:00+01:00,0.0,0.0,0.0,0.0,0.0,0.0
8328,12-14 00:00:00+01:00,0.0,0.0,0.0,0.0,0.0,0.0
8329,12-14 01:00:00+01:00,0.0,0.0,0.0,0.0,0.0,0.0
8330,12-14 02:00:00+01:00,0.0,0.0,0.0,0.0,0.0,0.0
8331,12-14 03:00:00+01:00,0.0,0.0,0.0,0.0,0.0,0.0
8332,12-14 04:00:00+01:00,0.0,0.0,0.0,0.0,0.0,0.0
8333,12-14 05:00:00+01:00,0.0,0.0,0.0,0.0,0.0,0.0
8334,12-14 06:00:00+01:00,0.0,0.0,0.0,0.0,0.0,0.0
8335,12-14 07:00:00+01:00,0.0,0.0,0.0,0.0,0.0,0.0
8336,12-14 08:00:00+01:00,0.0,0.0,0.0,0.0,0.0,0.0
8337,12-14 09:00:00+01:00,0.0,0.0,0.0,0.0,0.0,0.0
8338,12-14 10:00:00+01:00,0.0,0.0,0.0,0.0,0.0,0.0
8339,12-14 11:00:00+01:00,0.0,0.0,0.0,0.0,0.0,0.0
8340,12-14 12:00:00+01:00,0.0,0.0,0.0,0.0,0.0,0.0
8341,12-14 13:00:00+01:00,0.0,0.0,0.0,0.0,0.0,0.0
8342,12-14 14:00:00+01:00,0.0,0.0,0.0,0.0,0.0,0.0
8343,12-14 15:00:00+01:00,0.0,0.0,0.0,0.0,0.0,0.0
8344,12-14 16:00:00+01:00,0.0,0.0,0.0,0.0,0.0,0.0
8345,12-14 17:00:00+01:00,0.0,0.0,0.0,0.0,0.0,0.0
8346,12-14 18:00:00+01:00,0.0,0.0,0.0,0.0,0.0,0.0
8347,12-14 19:00:00+01:00,0.0,0.0,0.0,0.0,0.0,0.0
8348,12-14 20:00:00+01:00,0.0,0.0,0.0,0.0,0.0,0.0
8349,12-14 21:00:00+01:00,0.0,0.0,0.0,0.0,0.0,0.0
8350,12-14 22:00:00+01:00,0.0,0.0,0.0,0.0,0.0,0.0
8351,12-14 23:00:00+01:00,0.0,0.0,0.0,0.0,0.0,0.0
8352,12-15 00:00:00+01:00,0.0,0.0,0.0,0.0,0.0,0.0
8353,12-15 01:00:00+01:00,0.0,0.0,0.0,0.0,0.0,0.0
8354,12-15 02:00:00+01:00,0.0,0.0,0.0,0.0,0.0,0.0
8355,12-15 03:00:00+01:00,0.0,0.0,0.0,0.0,0.0,0.0
8356,12-15 04:00:00+01:00,0.0,0.0,0.0,0.0,0.0,0.0
8357,12-15 05:00:00+01:00,0.0,0.0,0.0,0.0,0.0,0.0
8358,12-15 06:00:00+01:00,0.0,0.0,0.0,0.0,0.0,0.0
8359,12-15 07:00:00+01:00,0.0,0.0,0.0,0.0,0.0,0.0
8360,12-15 08:00:00+01:00,0.0,0.0,0.0,0.0,0.0,0.0
8361,12-15 09:00:00+01:00,0.0,0.0,0.0,0.0,0.0,0.0
8362,12-15 10:00:00+01:00,0.0,0.0,0.0,0.0,0.0,0.0
8363,12-15 11:00:00+01:00,0.0,0.0,0.0,0.0,0.0,0.0
8364,12-15 12:00:00+01:00,0.0,0.0,0.0,0.0,0.0,0.0
8365,12-15 13:00:00+01:00,0.0,0.0,0.0,0.0,0.0,0.0
8366,12-15 14:00:00+01:00,0.0,0.0,0.0,0.0,0.0,0.0
8367,12-15 15:00:00+01:00,0.0,0.0,0.0,0.0,0.0,0.0
8368,12-15 16:00:00+01:00,0.0,0.0,0.0,0.0,0.0,0.0
8369,12-15 17:00:00+01:00,0.0,0.0,0.0,0.0,0.0,0.0
8370,12-15 18:00:00+01:00,0.0,0.0,0.0,0.0,0.0,0.0
8371,12-15 19:00:00+01:00,0.0,0.0,0.0,0.0,0.0,0.0
8372,12-15 20:00:00+01:00,0.0,0.0,0.0,0.0,0.0,0.0
8373,12-15 21:00:00+01:00,0.0,0.0,0.0,0.0,0.0,0.0
8374,12-15 22:00:00+01:00,0.0,0.0,0.0,0.0,0.0,0.0
8375,12-15 23:00:00+01:00,0.0,0.0,0.0,0.0,0.0,0.0
8376,12-16 00:00:00+01:00,0.0,0.0,0.0,0.0,0.0,0.0
8377,12-16 01:00:00+01:00,0.0,0.0,0.0,0.0,0.0,0.0
8378,12-16 02:00:00+01:00,0.0,0.0,0.0,0.0,0.0,0.0
8379,12-16 03:00:00+01:00,0.0,0.0,0.0,0.0,0.0,0.0
8380,12-16 04:00:00+01:00,0.0,0.0,0.0,0.0,0.0,0.0
8381,12-16 05:00:00+01:00,0.0,0.0,0.0,0.0,0.0,0.0
8382,12-16 06:00:00+01:00,0.0,0.0,0.0,0.0,0.0,0.0
8383,12-16 07:00:00+01:00,0.0,0.0,0.0,0.0,0.0,0.0
8384,12-16 08:00:00+01:00,0.0,0.0,0.0,0.0,0.0,0.0
8385,12-16 09:00:00+01:00,0.0,0.0,0.0,0.0,0.0,0.0
8386,12-16 10:00:00+01:00,0.0,0.0,0.0,0.0,0.0,0.0
8387,12-16 11:00:00+01:00,0.0,0.0,0.0,0.0,0.0,0.0
8388,12-16 12:00:00+01:00,0.0,0.0,0.0,0.0,0.0,0.0
8389,12-16 13:00:00+01:00,0.0,0.0,0.0,0.0,0.0,0.0
8390,12-16 14:00:00+01:00,0.0,0.0,0.0,0.0,0.0,0.0
8391,12-16 15:00:00+01:00,0.0,0.0,0.0,0.0,0.0,0.0
8392,12-16 16:00:00+01:00,0.0,0.0,0.0,0.0,0.0,0.0
8393,12-16 17:00:00+01:00,0.0,0.0,0.0,0.0,0.0,0.0
8394,12-16 18:00:00+01:00,0.0,0.0,0.0,0.0,0.0,0.0
8395,12-16 19:00:00+01:00,0.0,0.0,0.0,0.0,0.0,0.0
8396,12-16 20:00:00+01:00,0.0,0.0,0.0,0.0,0.0,0.0
8397,12-16 21:00:00+01:00,0.0,0.0,0.0,0.0,0.0,0.0
8398,12-16 22:00:00+01:00,0.0,0.0,0.0,0.0,0.0,0.0
8399,12-16 23:00:00+01:00,0.0,0.0,0.0,0.0,0.0,0.0
8400,12-17 00:00:00+01:00,0.0,0.0,0.0,0.0,0.0,0.0
8401,12-17 01:00:00+01:00,0.0,0.0,0.0,0.0,0.0,0.0
8402,12-17 02:00:00+01:00,0.0,0.0,0.0,0.0,0.0,0.0
8403,12-17 03:00:00+01:00,0.0,0.0,0.0,0.0,0.0,0.0
8404,12-17 04:00:00+01:00,0.0,0.0,0.0,0.0,0.0,0.0
8405,12-17 05:00:00+01:00,0.0,0.0,0.0,0.0,0.0,0.0
8406,12-17 06:00:00+01:00,0.0,0.0,0.0,0.0,0.0,0.0
8407,12-17 07:00:00+01:00,0.0,0.0,0.0,0.0,0.0,0.0
8408,12-17 08:00:00+01:00,0.0,0.0,0.0,0.0,0.0,0.0
8409,12-17 09:00:00+01:00,0.0,0.0,0.0,0.0,0.0,0.0
8410,12-17 10:00:00+01:00,0.0,0.0,0.0,0.0,0.0,0.0
8411,12-17 11:00:00+01:00,0.0,0.0,0.0,0.0,0.0,0.0
8412,12-17 12:00:00+01:00,0.0,0.0,0.0,0.0,0.0,0.0
8413,12-17 13:00:00+01:00,0.0,0.0,0.0,0.0,0.0,0.0
8414,12-17 14:00:00+01:00,0.0,0.0,0.0,0.0,0.0,0.0
8415,12-17 15:00:00+01:00,0.0,0.0,0.0,0.0,0.0,0.0
8416,12-17 16:00:00+01:00,0.0,0.0,0.0,0.0,0.0,0.0
8417,12-17 17:00:00+01:00,0.0,0.0,0.0,0.0,0.0,0.0
8418,12-17 18:00:00+01:00,0.0,0.0,0.0,0.0,0.0,0.0
8419,12-17 19:00:00+01:00,0.0,0.0,0.0,0.0,0.0,0.0
8420,12-17 20:00:00+01:00,0.0,0.0,0.0,0.0,0.0,0.0
8421,12-17 21:00:00+01:00,0.0,0.0,0.0,0.0,0.0,0.0
8422,12-17 22:00:00+01:00,0.0,0.0,0.0,0.0,0.0,0.0
8423,12-17 23:00:00+01:00,0.0,0.0,0.0,0.0,0.0,0.0
8424,12-18 00:00:00+01:00,0.0,0.0,0.0,0.0,0.0,0.0
8425,12-18 01:00:00+01:00,0.0,0.0,0.0,0.0,0.0,0.0
8426,12-18 02:00:00+01:00,0.0,0.0,0.0,0.0,0.0,0.0
8427,12-18 03:00:00+01:00,0.0,0.0,0.0,0.0,0.0,0.0
8428,12-18 04:00:00+01:00,0.0,0.0,0.0,0.0,0.0,0.0
8429,12-18 05:00:00+01:00,0.0,0.0,0.0,0.0,0.0,0.0
8430,12-18 06:00:00+01:00,0.0,0.0,0.0,0.0,0.0,0.0
8431,12-18 07:00:00+01:00,0.0,0.0,0.0,0.0,0.0,0.0
8432,12-18 08:00:00+01:00,0.0,0.0,0.0,0.0,0.0,0.0
8433,12-18 09:00:00+01:00,0.0,0.0,0.0,0.0,0.0,0.0
8434,12-18 10:00:00+01:00,0.0,0.0,0.0,0.0,0.0,0.0
8435,12-18 11:00:00+01:00,0.0,0.0,0.0,0.0,0.0,0.0
8436,12-18 12:00:00+01:00,0.0,0.0,0.0,0.0,0.0,0.0
8437,12-18 13:00:00+01:00,0.0,0.0,0.0,0.0,0.0,0.0
8438,12-18 14:00:00+01:00,0.0,0.0,0.0,0.0,0.0,0.0
8439,12-18 15:00:00+01:00,0.0,0.0,0.0,0.0,0.0,0.0
8440,12-18 16:00:00+01:00,0.0,0.0,0.0,0.0,0.0,0.0
8441,12-18 17:00:00+01:00,0.0,0.0,0.0,0.0,0.0,0.0
8442,12-18 18:00:00+01:00,0.0,0.0,0.0,0.0,0.0,0.0
8443,12-18 19:00:00+01:00,0.0,0.0,0.0,0.0,0.0,0.0
8444,12-18 20:00:00+01:00,0.0,0.0,0.0,0.0,0.0,0.0
8445,12-18 21:00:00+01:00,0.0,0.0,0.0,0.0,0.0,0.0
8446,12-18 22:00:00+01:00,0.0,0.0,0.0,0.0,0.0,0.0
8447,12-18 23:00:00+01:00,0.0,0.0,0.0,0.0,0.0,0.0
8448,12-19 00:00:00+01:00,0.0,0.0,0.0,0.0,0.0,0.0
8449,12-19 01:00:00+01:00,0.0,0.0,0.0,0.0,0.0,0.0
8450,12-19 02:00:00+01:00,0.0,0.0,0.0,0.0,0.0,0.0
8451,12-19 03:00:00+01:00,0.0,0.0,0.0,0.0,0.0,0.0
8452,12-19 04:00:00+01:00,0.0,0.0,0.0,0.0,0.0,0.0
8453,12-19 05:00:00+01:00,0.0,0.0,0.0,0.0,0.0,0.0
8454,12-19 06:00:00+01:00,0.0,0.0,0.0,0.0,0.0,0.0
8455,12-19 07:00:00+01:00,0.0,0.0,0.0,0.0,0.0,0.0
8456,12-19 08:00:00+01:00,0.0,0.0,0.0,0.0,0.0,0.0
8457,12-19 09:00:00+01:00,0.0,0.0,0.0,0.0,0.0,0.0
8458,12-19 10:00:00+01:00,0.0,0.0,0.0,0.0,0.0,0.0
8459,12-19 11:00:00+01:00,0.0,0.0,0.0,0.0,0.0,0.0
8460,12-19 12:00:00+01:00,0.0,0.0,0.0,0.0,0.0,0.0
8461,12-19 13:00:00+01:00,0.0,0.0,0.0,0.0,0.0,0.0
8462,12-19 14:00:00+01:00,0.0,0.0,0.0,0.0,0.0,0.0
8463,12-19 15:00:00+01:00,0.0,0.0,0.0,0.0,0.0,0.0
8464,12-19 16:00:00+01:00,0.0,0.0,0.0,0.0,0.0,0.0
8465,12-19 17:00:00+01:00,0.0,0.0,0.0,0.0,0.0,0.0
8466,12-19 18:00:00+01:00,0.0,0.0,0.0,0.0,0.0,0.0
8467,12-19 19:00:00+01:00,0.0,0.0,0.0,0.0,0.0,0.0
8468,12-19 20:00:00+01:00,0.0,0.0,0.0,0.0,0.0,0.0
8469,12-19 21:00:00+01:00,0.0,0.0,0.0,0.0,0.0,0.0
8470,12-19 22:00:00+01:00,0.0,0.0,0.0,0.0,0.0,0.0
8471,12-19 23:00:00+01:00,0.0,0.0,0.0,0.0,0.0,0.0
8472,12-20 00:00:00+01:00,0.0,0.0,0.0,0.0,0.0,0.0
8473,12-20 01:00:00+01:00,0.0,0.0,0.0,0.0,0.0,0.0
8474,12-20 02:00:00+01:00,0.0,0.0,0.0,0.0,0.0,0.0
8475,12-20 03:00:00+01:00,0.0,0.0,0.0,0.0,0.0,0.0
8476,12-20 04:00:00+01:00,0.0,0.0,0.0,0.0,0.0,0.0
8477,12-20 05:00:00+01:00,0.0,0.0,0.0,0.0,0.0,0.0
8478,12-20 06:00:00+01:00,0.0,0.0,0.0,0.0,0.0,0.0
8479,12-20 07:00:00+01:00,0.0,0.0,0.0,0.0,0.0,0.0
8480,12-20 08:00:00+01:00,0.0,0.0,0.0,0.0,0.0,0.0
8481,12-20 09:00:00+01:00,0.0,0.0,0.0,0.0,0.0,0.0
8482,12-20 10:00:00+01:00,0.0,0.0,0.0,0.0,0.0,0.0
8483,12-20 11:00:00+01:00,0.0,0.0,0.0,0.0,0.0,0.0
8484,12-20 12:00:00+01:00,0.0,0.0,0.0,0.0,0.0,0.0
8485,12-20 13:00:00+01:00,0.0,0.0,0.0,0.0,0.0,0.0
8486,12-20 14:00:00+01:00,0.0,0.0,0.0,0.0,0.0,0.0
8487,12-20 15:00:00+01:00,0.0,0.0,0.0,0.0,0.0,0.0
8488,12-20 16:00:00+01:00,0.0,0.0,0.0,0.0,0.0,0.0
8489,12-20 17:00:00+01:00,0.0,0.0,0.0,0.0,0.0,0.0
8490,12-20 18:00:00+01:00,0.0,0.0,0.0,0.0,0.0,0.0
8491,12-20 19:00:00+01:00,0.0,0.0,0.0,0.0,0.0,0.0
8492,12-20 20:00:00+01:00,0.0,0.0,0.0,0.0,0.0,0.0
8493,12-20 21:00:00+01:00,0.0,0.0,0.0,0.0,0.0,0.0
8494,12-20 22:00:00+01:00,0.0,0.0,0.0,0.0,0.0,0.0
8495,12-20 23:00:00+01:00,0.0,0.0,0.0,0.0,0.0,0.0
8496,12-21 00:00:00+01:00,0.0,0.0,0.0,0.0,0.0,0.0
8497,12-21 01:00:00+01:00,0.0,0.0,0.0,0.0,0.0,0.0
8498,12-21 02:00:00+01:00,0.0,0.0,0.0,0.0,0.0,0.0
8499,12-21 03:00:00+01:00,0.0,0.0,0.0,0.0,0.0,0.0
8500,12-21 04:00:00+01:00,0.0,0.0,0.0,0.0,0.0,0.0
8501,12-21 05:00:00+01:00,0.0,0.0,0.0,0.0,0.0,0.0
8502,12-21 06:00:00+01:00,0.0,0.0,0.0,0.0,0.0,0.0
8503,12-21 07:00:00+01:00,0.0,0.0,0.0,0.0,0.0,0.0
8504,12-21 08:00:00+01:00,0.0,0.0,0.0,0.0,0.0,0.0
8505,12-21 09:00:00+01:00,0.0,0.0,0.0,0.0,0.0,0.0
8506,12-21 10:00:00+01:00,0.0,0.0,0.0,0.0,0.0,0.0
8507,12-21 11:00:00+01:00,0.0,0.0,0.0,0.0,0.0,0.0
8508,12-21 12:00:00+01:00,0.0,0.0,0.0,0.0,0.0,0.0
8509,12-21 13:00:00+01:00,0.0,0.0,0.0,0.0,0.0,0.0
8510,12-21 14:00:00+01:00,0.0,0.0,0.0,0.0,0.0,0.0
8511,12-21 15:00:00+01:00,0.0,0.0,0.0,0.0,0.0,0.0
8512,12-21 16:00:00+01:00,0.0,0.0,0.0,0.0,0.0,0.0
8513,12-21 17:00:00+01:00,0.0,0.0,0.0,0.0,0.0,0.0
8514,12-21 18:00:00+01:00,0.0,0.0,0.0,0.0,0.0,0.0
8515,12-21 19:00:00+01:00,0.0,0.0,0.0,0.0,0.0,0.0
8516,12-21 20:00:00+01:00,0.0,0.0,0.0,0.0,0.0,0.0
8517,12-21 21:00:00+01:00,0.0,0.0,0.0,0.0,0.0,0.0
8518,12-21 22:00:00+01:00,0.0,0.0,0.0,0.0,0.0,0.0
8519,12-21 23:00:00+01:00,0.0,0.0,0.0,0.0,0.0,0.0
8520,12-22 00:00:00+01:00,0.0,0.0,0.0,0.0,0.0,0.0
8521,12-22 01:00:00+01:00,0.0,0.0,0.0,0.0,0.0,0.0
8522,12-22 02:00:00+01:00,0.0,0.0,0.0,0.0,0.0,0.0
8523,12-22 03:00:00+01:00,0.0,0.0,0.0,0.0,0.0,0.0
8524,12-22 04:00:00+01:00,0.0,0.0,0.0,0.0,0.0,0.0
8525,12-22 05:00:00+01:00,0.0,0.0,0.0,0.0,0.0,0.0
8526,12-22 06:00:00+01:00,0.0,0.0,0.0,0.0,0.0,0.0
8527,12-22 07:00:00+01:00,0.0,0.0,0.0,0.0,0.0,0.0
8528,12-22 08:00:00+01:00,0.0,0.0,0.0,0.0,0.0,0.0
8529,12-22 09:00:00+01:00,0.0,0.0,0.0,0.0,0.0,0.0
8530,12-22 10:00:00+01:00,0.0,0.0,0.0,0.0,0.0,0.0
8531,12-22 11:00:00+01:00,0.0,0.0,0.0,0.0,0.0,0.0
8532,12-22 12:00:00+01:00,0.0,0.0,0.0,0.0,0.0,0.0
8533,12-22 13:00:00+01:00,0.0,0.0,0.0,0.0,0.0,0.0
8534,12-22 14:00:00+01:00,0.0,0.0,0.0,0.0,0.0,0.0
8535,12-22 15:00:00+01:00,0.0,0.0,0.0,0.0,0.0,0.0
8536,12-22 16:00:00+01:00,0.0,0.0,0.0,0.0,0.0,0.0
8537,12-22 17:00:00+01:00,0.0,0.0,0.0,0.0,0.0,0.0
8538,12-22 18:00:00+01:00,0.0,0.0,0.0,0.0,0.0,0.0
8539,12-22 19:00:00+01:00,0.0,0.0,0.0,0.0,0.0,0.0
8540,12-22 20:00:00+01:00,0.0,0.0,0.0,0.0,0.0,0.0
8541,12-22 21:00:00+01:00,0.0,0.0,0.0,0.0,0.0,0.0
8542,12-22 22:00:00+01:00,0.0,0.0,0.0,0.0,0.0,0.0
8543,12-22 23:00:00+01:00,0.0,0.0,0.0,0.0,0.0,0.0
8544,12-23 00:00:00+01:00,0.0,0.0,0.0,0.0,0.0,0.0
8545,12-23 01:00:00+01:00,0.0,0.0,0.0,0.0,0.0,0.0
8546,12-23 02:00:00+01:00,0.0,0.0,0.0,0.0,0.0,0.0
8547,12-23 03:00:00+01:00,0.0,0.0,0.0,0.0,0.0,0.0
8548,12-23 04:00:00+01:00,0.0,0.0,0.0,0.0,0.0,0.0
8549,12-23 05:00:00+01:00,0.0,0.0,0.0,0.0,0.0,0.0
8550,12-23 06:00:00+01:00,0.0,0.0,0.0,0.0,0.0,0.0
8551,12-23 07:00:00+01:00,0.0,0.0,0.0,0.0,0.0,0.0
8552,12-23 08:00:00+01:00,0.0,0.0,0.0,0.0,0.0,0.0
8553,12-23 09:00:00+01:00,0.0,0.0,0.0,0.0,0.0,0.0
8554,12-23 10:00:00+01:00,0.0,0.0,0.0,0.0,0.0,0.0
8555,12-23 11:00:00+01:00,0.0,0.0,0.0,0.0,0.0,0.0
8556,12-23 12:00:00+01:00,0.0,0.0,0.0,0.0,0.0,0.0
8557,12-23 13:00:00+01:00,0.0,0.0,0.0,0.0,0.0,0.0
8558,12-23 14:00:00+01:00,0.0,0.0,0.0,0.0,0.0,0.0
8559,12-23 15:00:00+01:00,0.0,0.0,0.0,0.0,0.0,0.0
8560,12-23 16:00:00+01:00,0.0,0.0,0.0,0.0,0.0,0.0
8561,12-23 17:00:00+01:00,0.0,0.0,0.0,0.0,0.0,0.0
8562,12-23 18:00:00+01:00,0.0,0.0,0.0,0.0,0.0,0.0
8563,12-23 19:00:00+01:00,0.0,0.0,0.0,0.0,0.0,0.0
8564,12-23 20:00:00+01:00,0.0,0.0,0.0,0.0,0.0,0.0
8565,12-23 21:00:00+01:00,0.0,0.0,0.0,0.0,0.0,0.0
8566,12-23 22:00:00+01:00,0.0,0.0,0.0,0.0,0.0,0.0
8567,12-23 23:00:00+01:00,0.0,0.0,0.0,0.0,0.0,0.0
8568,12-24 00:00:00+01:00,0.0,0.0,0.0,0.0,0.0,0.0
8569,12-24 01:00:00+01:00,0.0,0.0,0.0,0.0,0.0,0.0
8570,12-24 02:00:00+01:00,0.0,0.0,0.0,0.0,0.0,0.0
8571,12-24 03:00:00+01:00,0.0,0.0,0.0,0.0,0.0,0.0
8572,12-24 04:00:00+01:00,0.0,0.0,0.0,0.0,0.0,0.0
8573,12-24 05:00:00+01:00,0.0,0.0,0.0,0.0,0.0,0.0
8574,12-24 06:00:00+01:00,0.0,0.0,0.0,0.0,0.0,0.0
8575,12-24 07:00:00+01:00,0.0,0.0,0.0,0.0,0.0,0.0
8576,12-24 08:00:00+01:00,0.0,0.0,0.0,0.0,0.0,0.0
8577,12-24 09:00:00+01:00,0.0,0.0,0.0,0.0,0.0,0.0
8578,12-24 10:00:00+01:00,0.0,0.0,0.0,0.0,0.0,0.0
8579,12-24 11:00:00+01:00,0.0,0.0,0.0,0.0,0.0,0.0
8580,12-24 12:00:00+01:00,0.0,0.0,0.0,0.0,0.0,0.0
8581,12-24 13:00:00+01:00,0.0,0.0,0.0,0.0,0.0,0.0
8582,12-24 14:00:00+01:00,0.0,0.0,0.0,0.0,0.0,0.0
8583,12-24 15:00:00+01:00,0.0,0.0,0.0,0.0,0.0,0.0
8584,12-24 16:00:00+01:00,0.0,0.0,0.0,0.0,0.0,0.0
8585,12-24 17:00:00+01:00,0.0,0.0,0.0,0.0,0.0,0.0
8586,12-24 18:00:00+01:00,0.0,0.0,0.0,0.0,0.0,0.0
8587,12-24 19:00:00+01:00,0.0,0.0,0.0,0.0,0.0,0.0
8588,12-24 20:00:00+01:00,0.0,0.0,0.0,0.0,0.0,0.0
8589,12-24 21:00:00+01:00,0.0,0.0,0.0,0.0,0.0,0.0
8590,12-24 22:00:00+01:00,0.0,0.0,0.0,0.0,0.0,0.0
8591,12-24 23:00:00+01:00,0.0,0.0,0.0,0.0,0.0,0.0
8592,12-25 00:00:00+01:00,0.0,0.0,0.0,0.0,0.0,0.0
8593,12-25 01:00:00+01:00,0.0,0.0,0.0,0.0,0.0,0.0
8594,12-25 02:00:00+01:00,0.0,0.0,0.0,0.0,0.0,0.0
8595,12-25 03:00:00+01:00,0.0,0.0,0.0,0.0,0.0,0.0
8596,12-25 04:00:00+01:00,0.0,0.0,0.0,0.0,0.0,0.0
8597,12-25 05:00:00+01:00,0.0,0.0,0.0,0.0,0.0,0.0
8598,12-25 06:00:00+01:00,0.0,0.0,0.0,0.0,0.0,0.0
8599,12-25 07:00:00+01:00,0.0,0.0,0.0,0.0,0.0,0.0
8600,12-25 08:00:00+01:00,0.0,0.0,0.0,0.0,0.0,0.0
8601,12-25 09:00:00+01:00,0.0,0.0,0.0,0.0,0.0,0.0
8602,12-25 10:00:00+01:00,0.0,0.0,0.0,0.0,0.0,0.0
8603,12-25 11:00:00+01:00,0.0,0.0,0.0,0.0,0.0,0.0
8604,12-25 12:00:00+01:00,0.0,0.0,0.0,0.0,0.0,0.0
8605,12-25 13:00:00+01:00,0.0,0.0,0.0,0.0,0.0,0.0
8606,12-25 14:00:00+01:00,0.0,0.0,0.0,0.0,0.0,0.0
8607,12-25 15:00:00+01:00,0.0,0.0,0.0,0.0,0.0,0.0
8608,12-25 16:00:00+01:00,0.0,0.0,0.0,0.0,0.0,0.0
8609,12-25 17:00:00+01:00,0.0,0.0,0.0,0.0,0.0,0.0
8610,12-25 18:00:00+01:00,0.0,0.0,0.0,0.0,0.0,0.0
8611,12-25 19:00:00+01:00,0.0,0.0,0.0,0.0,0.0,0.0
8612,12-25 20:00:00+01:00,0.0,0.0,0.0,0.0,0.0,0.0
8613,12-25 21:00:00+01:00,0.0,0.0,0.0,0.0,0.0,0.0
8614,12-25 22:00:00+01:00,0.0,0.0,0.0,0.0,0.0,0.0
8615,12-25 23:00:00+01:00,0.0,0.0,0.0,0.0,0.0,0.0
8616,12-26 00:00:00+01:00,0.0,0.0,0.0,0.0,0.0,0.0
8617,12-26 01:00:00+01:00,0.0,0.0,0.0,0.0,0.0,0.0
8618,12-26 02:00:00+01:00,0.0,0.0,0.0,0.0,0.0,0.0
8619,12-26 03:00:00+01:00,0.0,0.0,0.0,0.0,0.0,0.0
8620,12-26 04:00:00+01:00,0.0,0.0,0.0,0.0,0.0,0.0
8621,12-26 05:00:00+01:00,0.0,0.0,0.0,0.0,0.0,0.0
8622,12-26 06:00:00+01:00,0.0,0.0,0.0,0.0,0.0,0.0
8623,12-26 07:00:00+01:00,0.0,0.0,0.0,0.0,0.0,0.0
8624,12-26 08:00:00+01:00,0.0,0.0,0.0,0.0,0.0,0.0
8625,12-26 09:00:00+01:00,0.0,0.0,0.0,0.0,0.0,0.0
8626,12-26 10:00:00+01:00,0.0,0.0,0.0,0.0,0.0,0.0
8627,12-26 11:00:00+01:00,0.0,0.0,0.0,0.0,0.0,0.0
8628,12-26 12:00:00+01:00,0.0,0.0,0.0,0.0,0.0,0.0
8629,12-26 13:00:00+01:00,0.0,0.0,0.0,0.0,0.0,0.0
8630,12-26 14:00:00+01:00,0.0,0.0,0.0,0.0,0.0,0.0
8631,12-26 15:00:00+01:00,0.0,0.0,0.0,0.0,0.0,0.0
8632,12-26 16:00:00+01:00,0.0,0.0,0.0,0.0,0.0,0.0
8633,12-26 17:00:00+01:00,0.0,0.0,0.0,0.0,0.0,0.0
8634,12-26 18:00:00+01:00,0.0,0.0,0.0,0.0,0.0,0.0
8635,12-26 19:00:00+01:00,0.0,0.0,0.0,0.0,0.0,0.0
8636,12-26 20:00:00+01:00,0.0,0.0,0.0,0.0,0.0,0.0
8637,12-26 21:00:00+01:00,0.0,0.0,0.0,0.0,0.0,0.0
8638,12-26 22:00:00+01:00,0.0,0.0,0.0,0.0,0.0,0.0
8639,12-26 23:00:00+01:00,0.0,0.0,0.0,0.0,0.0,0.0
8640,12-27 00:00:00+01:00,0.0,0.0,0.0,0.0,0.0,0.0
8641,12-27 01:00:00+01:00,0.0,0.0,0.0,0.0,0.0,0.0
8642,12-27 02:00:00+01:00,0.0,0.0,0.0,0.0,0.0,0.0
8643,12-27 03:00:00+01:00,0.0,0.0,0.0,0.0,0.0,0.0
8644,12-27 04:00:00+01:00,0.0,0.0,0.0,0.0,0.0,0.0
8645,12-27 05:00:00+01:00,0.0,0.0,0.0,0.0,0.0,0.0
8646,12-27 06:00:00+01:00,0.0,0.0,0.0,0.0,0.0,0.0
8647,12-27 07:00:00+01:00,0.0,0.0,0.0,0.0,0.0,0.0
8648,12-27 08:00:00+01:00,0.0,0.0,0.0,0.0,0.0,0.0
8649,12-27 09:00:00+01:00,0.0,0.0,0.0,0.0,0.0,0.0
8650,12-27 10:00:00+01:00,0.0,0.0,0.0,0.0,0.0,0.0
8651,12-27 11:00:00+01:00,0.0,0.0,0.0,0.0,0.0,0.0
8652,12-27 12:00:00+01:00,0.0,0.0,0.0,0.0,0.0,0.0
8653,12-27 13:00:00+01:00,0.0,0.0,0.0,0.0,0.0,0.0
8654,12-27 14:00:00+01:00,0.0,0.0,0.0,0.0,0.0,0.0
8655,12-27 15:00:00+01:00,0.0,0.0,0.0,0.0,0.0,0.0
8656,12-27 16:00:00+01:00,0.0,0.0,0.0,0.0,0.0,0.0
8657,12-27 17:00:00+01:00,0.0,0.0,0.0,0.0,0.0,0.0
8658,12-27 18:00:00+01:00,0.0,0.0,0.0,0.0,0.0,0.0
8659,12-27 19:00:00+01:00,0.0,0.0,0.0,0.0,0.0,0.0
8660,12-27 20:00:00+01:00,0.0,0.0,0.0,0.0,0.0,0.0
8661,12-27 21:00:00+01:00,0.0,0.0,0.0,0.0,0.0,0.0
8662,12-27 22:00:00+01:00,0.0,0.0,0.0,0.0,0.0,0.0
8663,12-27 23:00:00+01:00,0.0,0.0,0.0,0.0,0.0,0.0
8664,12-28 00:00:00+01:00,0.0,0.0,0.0,0.0,0.0,0.0
8665,12-28 01:00:00+01:00,0.0,0.0,0.0,0.0,0.0,0.0
8666,12-28 02:00:00+01:00,0.0,0.0,0.0,0.0,0.0,0.0
8667,12-28 03:00:00+01:00,0.0,0.0,0.0,0.0,0.0,0.0
8668,12-28 04:00:00+01:00,0.0,0.0,0.0,0.0,0.0,0.0
8669,12-28 05:00:00+01:00,0.0,0.0,0.0,0.0,0.0,0.0
8670,12-28 06:00:00+01:00,0.0,0.0,0.0,0.0,0.0,0.0
8671,12-28 07:00:00+01:00,0.0,0.0,0.0,0.0,0.0,0.0
8672,12-28 08:00:00+01:00,0.0,0.0,0.0,0.0,0.0,0.0
8673,12-28 09:00:00+01:00,0.0,0.0,0.0,0.0,0.0,0.0
8674,12-28 10:00:00+01:00,0.0,0.0,0.0,0.0,0.0,0.0
8675,12-28 11:00:00+01:00,0.0,0.0,0.0,0.0,0.0,0.0
8676,12-28 12:00:00+01:00,0.0,0.0,0.0,0.0,0.0,0.0
8677,12-28 13:00:00+01:00,0.0,0.0,0.0,0.0,0.0,0.0
8678,12-28 14:00:00+01:00,0.0,0.0,0.0,0.0,0.0,0.0
8679,12-28 15:00:00+01:00,0.0,0.0,0.0,0.0,0.0,0.0
8680,12-28 16:00:00+01:00,0.0,0.0,0.0,0.0,0.0,0.0
8681,12-28 17:00:00+01:00,0.0,0.0,0.0,0.0,0.0,0.0
8682,12-28 18:00:00+01:00,0.0,0.0,0.0,0.0,0.0,0.0
8683,12-28 19:00:00+01:00,0.0,0.0,0.0,0.0,0.0,0.0
8684,12-28 20:00:00+01:00,0.0,0.0,0.0,0.0,0.0,0.0
8685,12-28 21:00:00+01:00,0.0,0.0,0.0,0.0,0.0,0.0
8686,12-28 22:00:00+01:00,0.0,0.0,0.0,0.0,0.0,0.0
8687,12-28 23:00:00+01:00,0.0,0.0,0.0,0.0,0.0,0.0
8688,12-29 00:00:00+01:00,0.0,0.0,0.0,0.0,0.0,0.0
8689,12-29 01:00:00+01:00,0.0,0.0,0.0,0.0,0.0,0.0
8690,12-29 02:00:00+01:00,0.0,0.0,0.0,0.0,0.0,0.0
8691,12-29 03:00:00+01:00,0.0,0.0,0.0,0.0,0.0,0.0
8692,12-29 04:00:00+01:00,0.0,0.0,0.0,0.0,0.0,0.0
8693,12-29 05:00:00+01:00,0.0,0.0,0.0,0.0,0.0,0.0
8694,12-29 06:00:00+01:00,0.0,0.0,0.0,0.0,0.0,0.0
8695,12-29 07:00:00+01:00,0.0,0.0,0.0,0.0,0.0,0.0
8696,12-29 08:00:00+01:00,0.0,0.0,0.0,0.0,0.0,0.0
8697,12-29 09:00:00+01:00,0.0,0.0,0.0,0.0,0.0,0.0
8698,12-29 10:00:00+01:00,0.0,0.0,0.0,0.0,0.0,0.0
8699,12-29 11:00:00+01:00,0.0,0.0,0.0,0.0,0.0,0.0
8700,12-29 12:00:00+01:00,0.0,0.0,0.0,0.0,0.0,0.0
8701,12-29 13:00:00+01:00,0.0,0.0,0.0,0.0,0.0,0.0
8702,12-29 14:00:00+01:00,0.0,0.0,0.0,0.0,0.0,0.0
8703,12-29 15:00:00+01:00,0.0,0.0,0.0,0.0,0.0,0.0
8704,12-29 16:00:00+01:00,0.0,0.0,0.0,0.0,0.0,0.0
8705,12-29 17:00:00+01:00,0.0,0.0,0.0,0.0,0.0,0.0
8706,12-29 18:00:00+01:00,0.0,0.0,0.0,0.0,0.0,0.0
8707,12-29 19:00:00+01:00,0.0,0.0,0.0,0.0,0.0,0.0
8708,12-29 20:00:00+01:00,0.0,0.0,0.0,0.0,0.0,0.0
8709,12-29 21:00:00+01:00,0.0,0.0,0.0,0.0,0.0,0.0
8710,12-29 22:00:00+01:00,0.0,0.0,0.0,0.0,0.0,0.0
8711,12-29 23:00:00+01:00,0.0,0.0,0.0,0.0,0.0,0.0
8712,12-30 00:00:00+01:00,0.0,0.0,0.0,0.0,0.0,0.0
8713,12-30 01:00:00+01:00,0.0,0.0,0.0,0.0,0.0,0.0
8714,12-30 02:00:00+01:00,0.0,0.0,0.0,0.0,0.0,0.0
8715,12-30 03:00:00+01:00,0.0,0.0,0.0,0.0,0.0,0.0
8716,12-30 04:00:00+01:00,0.0,0.0,0.0,0.0,0.0,0.0
8717,12-30 05:00:00+01:00,0.0,0.0,0.0,0.0,0.0,0.0
8718,12-30 06:00:00+01:00,0.0,0.0,0.0,0.0,0.0,0.0
8719,12-30 07:00:00+01:00,0.0,0.0,0.0,0.0,0.0,0.0
8720,12-30 08:00:00+01:00,0.0,0.0,0.0,0.0,0.0,0.0
8721,12-30 09:00:00+01:00,0.0,0.0,0.0,0.0,0.0,0.0
8722,12-30 10:00:00+01:00,0.0,0.0,0.0,0.0,0.0,0.0
8723,12-30 11:00:00+01:00,0.0,0.0,0.0,0.0,0.0,0.0
8724,12-30 12:00:00+01:00,0.0,0.0,0.0,0.0,0.0,0.0
8725,12-30 13:00:00+01:00,0.0,0.0,0.0,0.0,0.0,0.0
8726,12-30 14:00:00+01:00,0.0,0.0,0.0,0.0,0.0,0.0
8727,12-30 15:00:00+01:00,0.0,0.0,0.0,0.0,0.0,0.0
8728,12-30 16:00:00+01:00,0.0,0.0,0.0,0.0,0.0,0.0
8729,12-30 17:00:00+01:00,0.0,0.0,0.0,0.0,0.0,0.0
8730,12-30 18:00:00+01:00,0.0,0.0,0.0,0.0,0.0,0.0
8731,12-30 19:00:00+01:00,0.0,0.0,0.0,0.0,0.0,0.0
8732,12-30 20:00:00+01:00,0.0,0.0,0.0,0.0,0.0,0.0
8733,12-30 21:00:00+01:00,0.0,0.0,0.0,0.0,0.0,0.0
8734,12-30 22:00:00+01:00,0.0,0.0,0.0,0.0,0.0,0.0
8735,12-30 23:00:00+01:00,0.0,0.0,0.0,0.0,0.0,0.0
