Period,Scenario,LoadLevel,Unit,p.u.
2030,sc01,01-05 22:00:00+01:00,115_STEAM_3,0.0
2030,sc01,01-05 22:00:00+01:00,116_STEAM_1,0.0
2030,sc01,01-05 22:00:00+01:00,102_CT_1,0.0
2030,sc01,01-05 22:00:00+01:00,107_CC_1,0.052774328899041045
2030,sc01,01-05 22:00:00+01:00,101_STEAM_4,0.0
2030,sc01,01-05 22:00:00+01:00,113_CT_4,0.0
2030,sc01,01-05 22:00:00+01:00,101_CT_2,0.0
2030,sc01,01-05 22:00:00+01:00,123_STEAM_3,0.0
2030,sc01,01-05 22:00:00+01:00,113_CT_1,0.0
2030,sc01,01-05 22:00:00+01:00,123_CT_1,0.0
2030,sc01,01-05 22:00:00+01:00,121_NUCLEAR_1,0.0
2030,sc01,01-05 22:00:00+01:00,102_STEAM_4,0.0
2030,sc01,01-05 22:00:00+01:00,115_STEAM_2,0.0
2030,sc01,01-05 22:00:00+01:00,115_STEAM_1,0.0
2030,sc01,01-05 22:00:00+01:00,101_CT_1,0.0
2030,sc01,01-05 22:00:00+01:00,102_CT_2,0.0
2030,sc01,01-05 22:00:00+01:00,102_STEAM_3,0.0
2030,sc01,01-05 22:00:00+01:00,123_CT_4,0.0
2030,sc01,01-05 22:00:00+01:00,123_STEAM_2,0.0
2030,sc01,01-05 22:00:00+01:00,113_CT_3,0.0
2030,sc01,01-05 22:00:00+01:00,118_CC_1,0.0
2030,sc01,01-05 22:00:00+01:00,123_CT_5,0.0
2030,sc01,01-05 22:00:00+01:00,113_CT_2,0.0
2030,sc01,01-05 22:00:00+01:00,101_STEAM_3,0.0
2030,sc01,01-08 05:00:00+01:00,115_STEAM_3,1.0
2030,sc01,01-08 05:00:00+01:00,116_STEAM_1,0.8870967741935484
2030,sc01,01-08 05:00:00+01:00,102_CT_1,0.0
2030,sc01,01-08 05:00:00+01:00,107_CC_1,1.0
2030,sc01,01-08 05:00:00+01:00,101_STEAM_4,0.0
2030,sc01,01-08 05:00:00+01:00,113_CT_4,0.0
2030,sc01,01-08 05:00:00+01:00,101_CT_2,0.0
2030,sc01,01-08 05:00:00+01:00,123_STEAM_3,0.0
2030,sc01,01-08 05:00:00+01:00,113_CT_1,0.0
2030,sc01,01-08 05:00:00+01:00,123_CT_1,0.0
2030,sc01,01-08 05:00:00+01:00,121_NUCLEAR_1,1.0
2030,sc01,01-08 05:00:00+01:00,102_STEAM_4,0.0
2030,sc01,01-08 05:00:00+01:00,115_STEAM_2,0.0
2030,sc01,01-08 05:00:00+01:00,115_STEAM_1,0.0
2030,sc01,01-08 05:00:00+01:00,101_CT_1,0.0
2030,sc01,01-08 05:00:00+01:00,102_CT_2,0.0
2030,sc01,01-08 05:00:00+01:00,102_STEAM_3,0.0
2030,sc01,01-08 05:00:00+01:00,123_CT_4,0.0
2030,sc01,01-08 05:00:00+01:00,123_STEAM_2,1.0
2030,sc01,01-08 05:00:00+01:00,113_CT_3,0.0
2030,sc01,01-08 05:00:00+01:00,118_CC_1,1.0
2030,sc01,01-08 05:00:00+01:00,123_CT_5,0.0
2030,sc01,01-08 05:00:00+01:00,113_CT_2,0.0
2030,sc01,01-08 05:00:00+01:00,101_STEAM_3,0.0
2030,sc01,01-14 08:00:00+01:00,115_STEAM_3,0.0
2030,sc01,01-14 08:00:00+01:00,116_STEAM_1,0.0
2030,sc01,01-14 08:00:00+01:00,102_CT_1,0.0
2030,sc01,01-14 08:00:00+01:00,107_CC_1,0.0
2030,sc01,01-14 08:00:00+01:00,101_STEAM_4,0.0
2030,sc01,01-14 08:00:00+01:00,113_CT_4,0.0
2030,sc01,01-14 08:00:00+01:00,101_CT_2,0.0
2030,sc01,01-14 08:00:00+01:00,123_STEAM_3,0.0
2030,sc01,01-14 08:00:00+01:00,113_CT_1,0.0
2030,sc01,01-14 08:00:00+01:00,123_CT_1,0.0
2030,sc01,01-14 08:00:00+01:00,121_NUCLEAR_1,0.0
2030,sc01,01-14 08:00:00+01:00,102_STEAM_4,0.0
2030,sc01,01-14 08:00:00+01:00,115_STEAM_2,0.0
2030,sc01,01-14 08:00:00+01:00,115_STEAM_1,0.0
2030,sc01,01-14 08:00:00+01:00,101_CT_1,0.0
2030,sc01,01-14 08:00:00+01:00,102_CT_2,0.0
2030,sc01,01-14 08:00:00+01:00,102_STEAM_3,0.0
2030,sc01,01-14 08:00:00+01:00,123_CT_4,0.0
2030,sc01,01-14 08:00:00+01:00,123_STEAM_2,0.0
2030,sc01,01-14 08:00:00+01:00,113_CT_3,0.0
2030,sc01,01-14 08:00:00+01:00,118_CC_1,0.0
2030,sc01,01-14 08:00:00+01:00,123_CT_5,0.0
2030,sc01,01-14 08:00:00+01:00,113_CT_2,0.0
2030,sc01,01-14 08:00:00+01:00,101_STEAM_3,0.0
2030,sc01,01-15 06:00:00+01:00,115_STEAM_3,1.0
2030,sc01,01-15 06:00:00+01:00,116_STEAM_1,0.0
2030,sc01,01-15 06:00:00+01:00,102_CT_1,0.0
2030,sc01,01-15 06:00:00+01:00,107_CC_1,1.0
2030,sc01,01-15 06:00:00+01:00,101_STEAM_4,1.0
2030,sc01,01-15 06:00:00+01:00,113_CT_4,0.0
2030,sc01,01-15 06:00:00+01:00,101_CT_2,0.0
2030,sc01,01-15 06:00:00+01:00,123_STEAM_3,0.0
2030,sc01,01-15 06:00:00+01:00,113_CT_1,0.0
2030,sc01,01-15 06:00:00+01:00,123_CT_1,0.0
2030,sc01,01-15 06:00:00+01:00,121_NUCLEAR_1,0.0897328048205135
2030,sc01,01-15 06:00:00+01:00,102_STEAM_4,0.0
2030,sc01,01-15 06:00:00+01:00,115_STEAM_2,0.0
2030,sc01,01-15 06:00:00+01:00,115_STEAM_1,0.0
2030,sc01,01-15 06:00:00+01:00,101_CT_1,0.0
2030,sc01,01-15 06:00:00+01:00,102_CT_2,0.0
2030,sc01,01-15 06:00:00+01:00,102_STEAM_3,0.0
2030,sc01,01-15 06:00:00+01:00,123_CT_4,0.0
2030,sc01,01-15 06:00:00+01:00,123_STEAM_2,0.0
2030,sc01,01-15 06:00:00+01:00,113_CT_3,0.0
2030,sc01,01-15 06:00:00+01:00,118_CC_1,0.0
2030,sc01,01-15 06:00:00+01:00,123_CT_5,0.0
2030,sc01,01-15 06:00:00+01:00,113_CT_2,0.0
2030,sc01,01-15 06:00:00+01:00,101_STEAM_3,1.0
2030,sc01,01-15 20:00:00+01:00,115_STEAM_3,1.0
2030,sc01,01-15 20:00:00+01:00,116_STEAM_1,0.0
2030,sc01,01-15 20:00:00+01:00,102_CT_1,0.0
2030,sc01,01-15 20:00:00+01:00,107_CC_1,1.0
2030,sc01,01-15 20:00:00+01:00,101_STEAM_4,0.0
2030,sc01,01-15 20:00:00+01:00,113_CT_4,0.0
2030,sc01,01-15 20:00:00+01:00,101_CT_2,0.0
2030,sc01,01-15 20:00:00+01:00,123_STEAM_3,1.0
2030,sc01,01-15 20:00:00+01:00,113_CT_1,0.0
2030,sc01,01-15 20:00:00+01:00,123_CT_1,0.0
2030,sc01,01-15 20:00:00+01:00,121_NUCLEAR_1,1.0
2030,sc01,01-15 20:00:00+01:00,102_STEAM_4,0.0
2030,sc01,01-15 20:00:00+01:00,115_STEAM_2,0.0
2030,sc01,01-15 20:00:00+01:00,115_STEAM_1,0.0
2030,sc01,01-15 20:00:00+01:00,101_CT_1,0.0
2030,sc01,01-15 20:00:00+01:00,102_CT_2,0.0
2030,sc01,01-15 20:00:00+01:00,102_STEAM_3,0.0
2030,sc01,01-15 20:00:00+01:00,123_CT_4,0.0
2030,sc01,01-15 20:00:00+01:00,123_STEAM_2,1.0
2030,sc01,01-15 20:00:00+01:00,113_CT_3,0.0
2030,sc01,01-15 20:00:00+01:00,118_CC_1,1.0
2030,sc01,01-15 20:00:00+01:00,123_CT_5,0.0
2030,sc01,01-15 20:00:00+01:00,113_CT_2,0.0
2030,sc01,01-15 20:00:00+01:00,101_STEAM_3,0.0
2030,sc01,01-16 18:00:00+01:00,115_STEAM_3,0.5004582063837791
2030,sc01,01-16 18:00:00+01:00,116_STEAM_1,0.0
2030,sc01,01-16 18:00:00+01:00,102_CT_1,0.0
2030,sc01,01-16 18:00:00+01:00,107_CC_1,1.0
2030,sc01,01-16 18:00:00+01:00,101_STEAM_4,0.0
2030,sc01,01-16 18:00:00+01:00,113_CT_4,0.0
2030,sc01,01-16 18:00:00+01:00,101_CT_2,0.0
2030,sc01,01-16 18:00:00+01:00,123_STEAM_3,0.0
2030,sc01,01-16 18:00:00+01:00,113_CT_1,0.0
2030,sc01,01-16 18:00:00+01:00,123_CT_1,0.0
2030,sc01,01-16 18:00:00+01:00,121_NUCLEAR_1,0.0
2030,sc01,01-16 18:00:00+01:00,102_STEAM_4,0.0
2030,sc01,01-16 18:00:00+01:00,115_STEAM_2,0.0
2030,sc01,01-16 18:00:00+01:00,115_STEAM_1,0.0
2030,sc01,01-16 18:00:00+01:00,101_CT_1,0.0
2030,sc01,01-16 18:00:00+01:00,102_CT_2,0.0
2030,sc01,01-16 18:00:00+01:00,102_STEAM_3,0.0
2030,sc01,01-16 18:00:00+01:00,123_CT_4,0.0
2030,sc01,01-16 18:00:00+01:00,123_STEAM_2,0.0
2030,sc01,01-16 18:00:00+01:00,113_CT_3,0.0
2030,sc01,01-16 18:00:00+01:00,118_CC_1,0.0
2030,sc01,01-16 18:00:00+01:00,123_CT_5,0.0
2030,sc01,01-16 18:00:00+01:00,113_CT_2,0.0
2030,sc01,01-16 18:00:00+01:00,101_STEAM_3,0.0
2030,sc01,01-18 17:00:00+01:00,115_STEAM_3,1.0
2030,sc01,01-18 17:00:00+01:00,116_STEAM_1,0.2647470694022372
2030,sc01,01-18 17:00:00+01:00,102_CT_1,0.0
2030,sc01,01-18 17:00:00+01:00,107_CC_1,1.0
2030,sc01,01-18 17:00:00+01:00,101_STEAM_4,0.0
2030,sc01,01-18 17:00:00+01:00,113_CT_4,0.0
2030,sc01,01-18 17:00:00+01:00,101_CT_2,0.0
2030,sc01,01-18 17:00:00+01:00,123_STEAM_3,0.0
2030,sc01,01-18 17:00:00+01:00,113_CT_1,0.0
2030,sc01,01-18 17:00:00+01:00,123_CT_1,0.0
2030,sc01,01-18 17:00:00+01:00,121_NUCLEAR_1,1.0
2030,sc01,01-18 17:00:00+01:00,102_STEAM_4,0.0
2030,sc01,01-18 17:00:00+01:00,115_STEAM_2,0.0
2030,sc01,01-18 17:00:00+01:00,115_STEAM_1,0.0
2030,sc01,01-18 17:00:00+01:00,101_CT_1,0.0
2030,sc01,01-18 17:00:00+01:00,102_CT_2,0.0
2030,sc01,01-18 17:00:00+01:00,102_STEAM_3,0.0
2030,sc01,01-18 17:00:00+01:00,123_CT_4,0.0
2030,sc01,01-18 17:00:00+01:00,123_STEAM_2,0.0
2030,sc01,01-18 17:00:00+01:00,113_CT_3,0.0
2030,sc01,01-18 17:00:00+01:00,118_CC_1,1.0
2030,sc01,01-18 17:00:00+01:00,123_CT_5,0.0
2030,sc01,01-18 17:00:00+01:00,113_CT_2,0.0
2030,sc01,01-18 17:00:00+01:00,101_STEAM_3,0.0
2030,sc01,01-18 23:00:00+01:00,115_STEAM_3,0.0
2030,sc01,01-18 23:00:00+01:00,116_STEAM_1,0.0
2030,sc01,01-18 23:00:00+01:00,102_CT_1,0.0
2030,sc01,01-18 23:00:00+01:00,107_CC_1,1.0
2030,sc01,01-18 23:00:00+01:00,101_STEAM_4,0.0
2030,sc01,01-18 23:00:00+01:00,113_CT_4,0.0
2030,sc01,01-18 23:00:00+01:00,101_CT_2,0.0
2030,sc01,01-18 23:00:00+01:00,123_STEAM_3,0.0
2030,sc01,01-18 23:00:00+01:00,113_CT_1,0.0
2030,sc01,01-18 23:00:00+01:00,123_CT_1,0.0
2030,sc01,01-18 23:00:00+01:00,121_NUCLEAR_1,1.0
2030,sc01,01-18 23:00:00+01:00,102_STEAM_4,0.0
2030,sc01,01-18 23:00:00+01:00,115_STEAM_2,0.0
2030,sc01,01-18 23:00:00+01:00,115_STEAM_1,0.0
2030,sc01,01-18 23:00:00+01:00,101_CT_1,0.0
2030,sc01,01-18 23:00:00+01:00,102_CT_2,0.0
2030,sc01,01-18 23:00:00+01:00,102_STEAM_3,0.0
2030,sc01,01-18 23:00:00+01:00,123_CT_4,0.0
2030,sc01,01-18 23:00:00+01:00,123_STEAM_2,0.0
2030,sc01,01-18 23:00:00+01:00,113_CT_3,0.0
2030,sc01,01-18 23:00:00+01:00,118_CC_1,1.0
2030,sc01,01-18 23:00:00+01:00,123_CT_5,0.0
2030,sc01,01-18 23:00:00+01:00,113_CT_2,0.0
2030,sc01,01-18 23:00:00+01:00,101_STEAM_3,0.0
2030,sc01,01-25 00:00:00+01:00,115_STEAM_3,0.0
2030,sc01,01-25 00:00:00+01:00,116_STEAM_1,0.0
2030,sc01,01-25 00:00:00+01:00,102_CT_1,0.0
2030,sc01,01-25 00:00:00+01:00,107_CC_1,0.3357276547219283
2030,sc01,01-25 00:00:00+01:00,101_STEAM_4,0.0
2030,sc01,01-25 00:00:00+01:00,113_CT_4,0.0
2030,sc01,01-25 00:00:00+01:00,101_CT_2,0.0
2030,sc01,01-25 00:00:00+01:00,123_STEAM_3,0.0
2030,sc01,01-25 00:00:00+01:00,113_CT_1,0.0
2030,sc01,01-25 00:00:00+01:00,123_CT_1,0.0
2030,sc01,01-25 00:00:00+01:00,121_NUCLEAR_1,0.0
2030,sc01,01-25 00:00:00+01:00,102_STEAM_4,0.0
2030,sc01,01-25 00:00:00+01:00,115_STEAM_2,0.0
2030,sc01,01-25 00:00:00+01:00,115_STEAM_1,0.0
2030,sc01,01-25 00:00:00+01:00,101_CT_1,0.0
2030,sc01,01-25 00:00:00+01:00,102_CT_2,0.0
2030,sc01,01-25 00:00:00+01:00,102_STEAM_3,0.0
2030,sc01,01-25 00:00:00+01:00,123_CT_4,0.0
2030,sc01,01-25 00:00:00+01:00,123_STEAM_2,0.0
2030,sc01,01-25 00:00:00+01:00,113_CT_3,0.0
2030,sc01,01-25 00:00:00+01:00,118_CC_1,0.0
2030,sc01,01-25 00:00:00+01:00,123_CT_5,0.0
2030,sc01,01-25 00:00:00+01:00,113_CT_2,0.0
2030,sc01,01-25 00:00:00+01:00,101_STEAM_3,0.0
2030,sc01,02-02 23:00:00+01:00,115_STEAM_3,0.0
2030,sc01,02-02 23:00:00+01:00,116_STEAM_1,0.0
2030,sc01,02-02 23:00:00+01:00,102_CT_1,0.0
2030,sc01,02-02 23:00:00+01:00,107_CC_1,0.0
2030,sc01,02-02 23:00:00+01:00,101_STEAM_4,0.0
2030,sc01,02-02 23:00:00+01:00,113_CT_4,0.0
2030,sc01,02-02 23:00:00+01:00,101_CT_2,0.0
2030,sc01,02-02 23:00:00+01:00,123_STEAM_3,0.0
2030,sc01,02-02 23:00:00+01:00,113_CT_1,0.0
2030,sc01,02-02 23:00:00+01:00,123_CT_1,0.0
2030,sc01,02-02 23:00:00+01:00,121_NUCLEAR_1,0.0
2030,sc01,02-02 23:00:00+01:00,102_STEAM_4,0.0
2030,sc01,02-02 23:00:00+01:00,115_STEAM_2,0.0
2030,sc01,02-02 23:00:00+01:00,115_STEAM_1,0.0
2030,sc01,02-02 23:00:00+01:00,101_CT_1,0.0
2030,sc01,02-02 23:00:00+01:00,102_CT_2,0.0
2030,sc01,02-02 23:00:00+01:00,102_STEAM_3,0.0
2030,sc01,02-02 23:00:00+01:00,123_CT_4,0.0
2030,sc01,02-02 23:00:00+01:00,123_STEAM_2,0.0
2030,sc01,02-02 23:00:00+01:00,113_CT_3,0.0
2030,sc01,02-02 23:00:00+01:00,118_CC_1,0.0
2030,sc01,02-02 23:00:00+01:00,123_CT_5,0.0
2030,sc01,02-02 23:00:00+01:00,113_CT_2,0.0
2030,sc01,02-02 23:00:00+01:00,101_STEAM_3,0.0
2030,sc01,02-06 17:00:00+01:00,115_STEAM_3,1.0
2030,sc01,02-06 17:00:00+01:00,116_STEAM_1,0.0
2030,sc01,02-06 17:00:00+01:00,102_CT_1,0.0
2030,sc01,02-06 17:00:00+01:00,107_CC_1,1.0
2030,sc01,02-06 17:00:00+01:00,101_STEAM_4,0.0
2030,sc01,02-06 17:00:00+01:00,113_CT_4,0.0
2030,sc01,02-06 17:00:00+01:00,101_CT_2,0.0
2030,sc01,02-06 17:00:00+01:00,123_STEAM_3,1.0
2030,sc01,02-06 17:00:00+01:00,113_CT_1,0.0
2030,sc01,02-06 17:00:00+01:00,123_CT_1,0.0
2030,sc01,02-06 17:00:00+01:00,121_NUCLEAR_1,1.0
2030,sc01,02-06 17:00:00+01:00,102_STEAM_4,0.0
2030,sc01,02-06 17:00:00+01:00,115_STEAM_2,0.0
2030,sc01,02-06 17:00:00+01:00,115_STEAM_1,0.0
2030,sc01,02-06 17:00:00+01:00,101_CT_1,0.0
2030,sc01,02-06 17:00:00+01:00,102_CT_2,0.0
2030,sc01,02-06 17:00:00+01:00,102_STEAM_3,0.0
2030,sc01,02-06 17:00:00+01:00,123_CT_4,0.0
2030,sc01,02-06 17:00:00+01:00,123_STEAM_2,1.0
2030,sc01,02-06 17:00:00+01:00,113_CT_3,0.0
2030,sc01,02-06 17:00:00+01:00,118_CC_1,1.0
2030,sc01,02-06 17:00:00+01:00,123_CT_5,0.0
2030,sc01,02-06 17:00:00+01:00,113_CT_2,0.0
2030,sc01,02-06 17:00:00+01:00,101_STEAM_3,0.0
2030,sc01,02-08 02:00:00+01:00,115_STEAM_3,0.0
2030,sc01,02-08 02:00:00+01:00,116_STEAM_1,0.22779209375001225
2030,sc01,02-08 02:00:00+01:00,102_CT_1,0.0
2030,sc01,02-08 02:00:00+01:00,107_CC_1,1.0
2030,sc01,02-08 02:00:00+01:00,101_STEAM_4,0.0
2030,sc01,02-08 02:00:00+01:00,113_CT_4,0.0
2030,sc01,02-08 02:00:00+01:00,101_CT_2,0.0
2030,sc01,02-08 02:00:00+01:00,123_STEAM_3,0.0
2030,sc01,02-08 02:00:00+01:00,113_CT_1,0.0
2030,sc01,02-08 02:00:00+01:00,123_CT_1,0.0
2030,sc01,02-08 02:00:00+01:00,121_NUCLEAR_1,1.0
2030,sc01,02-08 02:00:00+01:00,102_STEAM_4,0.0
2030,sc01,02-08 02:00:00+01:00,115_STEAM_2,0.0
2030,sc01,02-08 02:00:00+01:00,115_STEAM_1,0.0
2030,sc01,02-08 02:00:00+01:00,101_CT_1,0.0
2030,sc01,02-08 02:00:00+01:00,102_CT_2,0.0
2030,sc01,02-08 02:00:00+01:00,102_STEAM_3,0.0
2030,sc01,02-08 02:00:00+01:00,123_CT_4,0.0
2030,sc01,02-08 02:00:00+01:00,123_STEAM_2,0.0
2030,sc01,02-08 02:00:00+01:00,113_CT_3,0.0
2030,sc01,02-08 02:00:00+01:00,118_CC_1,1.0
2030,sc01,02-08 02:00:00+01:00,123_CT_5,0.0
2030,sc01,02-08 02:00:00+01:00,113_CT_2,0.0
2030,sc01,02-08 02:00:00+01:00,101_STEAM_3,0.0
2030,sc01,02-08 21:00:00+01:00,115_STEAM_3,1.0
2030,sc01,02-08 21:00:00+01:00,116_STEAM_1,0.0
2030,sc01,02-08 21:00:00+01:00,102_CT_1,0.0
2030,sc01,02-08 21:00:00+01:00,107_CC_1,1.0
2030,sc01,02-08 21:00:00+01:00,101_STEAM_4,0.0
2030,sc01,02-08 21:00:00+01:00,113_CT_4,0.0
2030,sc01,02-08 21:00:00+01:00,101_CT_2,0.0
2030,sc01,02-08 21:00:00+01:00,123_STEAM_3,0.5379251144410003
2030,sc01,02-08 21:00:00+01:00,113_CT_1,0.0
2030,sc01,02-08 21:00:00+01:00,123_CT_1,0.0
2030,sc01,02-08 21:00:00+01:00,121_NUCLEAR_1,1.0
2030,sc01,02-08 21:00:00+01:00,102_STEAM_4,0.0
2030,sc01,02-08 21:00:00+01:00,115_STEAM_2,0.0
2030,sc01,02-08 21:00:00+01:00,115_STEAM_1,0.0
2030,sc01,02-08 21:00:00+01:00,101_CT_1,0.0
2030,sc01,02-08 21:00:00+01:00,102_CT_2,0.0
2030,sc01,02-08 21:00:00+01:00,102_STEAM_3,0.0
2030,sc01,02-08 21:00:00+01:00,123_CT_4,0.0
2030,sc01,02-08 21:00:00+01:00,123_STEAM_2,1.0
2030,sc01,02-08 21:00:00+01:00,113_CT_3,0.0
2030,sc01,02-08 21:00:00+01:00,118_CC_1,1.0
2030,sc01,02-08 21:00:00+01:00,123_CT_5,0.0
2030,sc01,02-08 21:00:00+01:00,113_CT_2,0.0
2030,sc01,02-08 21:00:00+01:00,101_STEAM_3,0.0
2030,sc01,02-09 17:00:00+01:00,115_STEAM_3,1.0
2030,sc01,02-09 17:00:00+01:00,116_STEAM_1,0.0
2030,sc01,02-09 17:00:00+01:00,102_CT_1,0.0
2030,sc01,02-09 17:00:00+01:00,107_CC_1,1.0
2030,sc01,02-09 17:00:00+01:00,101_STEAM_4,0.0
2030,sc01,02-09 17:00:00+01:00,113_CT_4,0.0
2030,sc01,02-09 17:00:00+01:00,101_CT_2,0.0
2030,sc01,02-09 17:00:00+01:00,123_STEAM_3,1.0
2030,sc01,02-09 17:00:00+01:00,113_CT_1,0.0
2030,sc01,02-09 17:00:00+01:00,123_CT_1,0.0
2030,sc01,02-09 17:00:00+01:00,121_NUCLEAR_1,1.0
2030,sc01,02-09 17:00:00+01:00,102_STEAM_4,0.0
2030,sc01,02-09 17:00:00+01:00,115_STEAM_2,0.0
2030,sc01,02-09 17:00:00+01:00,115_STEAM_1,0.0
2030,sc01,02-09 17:00:00+01:00,101_CT_1,0.0
2030,sc01,02-09 17:00:00+01:00,102_CT_2,0.0
2030,sc01,02-09 17:00:00+01:00,102_STEAM_3,0.0
2030,sc01,02-09 17:00:00+01:00,123_CT_4,0.0
2030,sc01,02-09 17:00:00+01:00,123_STEAM_2,1.0
2030,sc01,02-09 17:00:00+01:00,113_CT_3,0.0
2030,sc01,02-09 17:00:00+01:00,118_CC_1,1.0
2030,sc01,02-09 17:00:00+01:00,123_CT_5,0.0
2030,sc01,02-09 17:00:00+01:00,113_CT_2,0.0
2030,sc01,02-09 17:00:00+01:00,101_STEAM_3,0.0
2030,sc01,02-10 04:00:00+01:00,115_STEAM_3,0.0
2030,sc01,02-10 04:00:00+01:00,116_STEAM_1,0.0
2030,sc01,02-10 04:00:00+01:00,102_CT_1,0.0
2030,sc01,02-10 04:00:00+01:00,107_CC_1,1.0
2030,sc01,02-10 04:00:00+01:00,101_STEAM_4,0.0
2030,sc01,02-10 04:00:00+01:00,113_CT_4,0.0
2030,sc01,02-10 04:00:00+01:00,101_CT_2,0.0
2030,sc01,02-10 04:00:00+01:00,123_STEAM_3,0.0
2030,sc01,02-10 04:00:00+01:00,113_CT_1,0.0
2030,sc01,02-10 04:00:00+01:00,123_CT_1,0.0
2030,sc01,02-10 04:00:00+01:00,121_NUCLEAR_1,1.0
2030,sc01,02-10 04:00:00+01:00,102_STEAM_4,0.0
2030,sc01,02-10 04:00:00+01:00,115_STEAM_2,0.0
2030,sc01,02-10 04:00:00+01:00,115_STEAM_1,0.0
2030,sc01,02-10 04:00:00+01:00,101_CT_1,0.0
2030,sc01,02-10 04:00:00+01:00,102_CT_2,0.0
2030,sc01,02-10 04:00:00+01:00,102_STEAM_3,0.0
2030,sc01,02-10 04:00:00+01:00,123_CT_4,0.0
2030,sc01,02-10 04:00:00+01:00,123_STEAM_2,0.0
2030,sc01,02-10 04:00:00+01:00,113_CT_3,0.0
2030,sc01,02-10 04:00:00+01:00,118_CC_1,1.0
2030,sc01,02-10 04:00:00+01:00,123_CT_5,0.0
2030,sc01,02-10 04:00:00+01:00,113_CT_2,0.0
2030,sc01,02-10 04:00:00+01:00,101_STEAM_3,0.0
2030,sc01,02-13 07:00:00+01:00,115_STEAM_3,0.0
2030,sc01,02-13 07:00:00+01:00,116_STEAM_1,0.0
2030,sc01,02-13 07:00:00+01:00,102_CT_1,0.0
2030,sc01,02-13 07:00:00+01:00,107_CC_1,0.0
2030,sc01,02-13 07:00:00+01:00,101_STEAM_4,0.0
2030,sc01,02-13 07:00:00+01:00,113_CT_4,0.0
2030,sc01,02-13 07:00:00+01:00,101_CT_2,0.0
2030,sc01,02-13 07:00:00+01:00,123_STEAM_3,0.0
2030,sc01,02-13 07:00:00+01:00,113_CT_1,0.0
2030,sc01,02-13 07:00:00+01:00,123_CT_1,0.0
2030,sc01,02-13 07:00:00+01:00,121_NUCLEAR_1,0.0
2030,sc01,02-13 07:00:00+01:00,102_STEAM_4,0.0
2030,sc01,02-13 07:00:00+01:00,115_STEAM_2,0.0
2030,sc01,02-13 07:00:00+01:00,115_STEAM_1,0.0
2030,sc01,02-13 07:00:00+01:00,101_CT_1,0.0
2030,sc01,02-13 07:00:00+01:00,102_CT_2,0.0
2030,sc01,02-13 07:00:00+01:00,102_STEAM_3,0.0
2030,sc01,02-13 07:00:00+01:00,123_CT_4,0.0
2030,sc01,02-13 07:00:00+01:00,123_STEAM_2,0.0
2030,sc01,02-13 07:00:00+01:00,113_CT_3,0.0
2030,sc01,02-13 07:00:00+01:00,118_CC_1,0.0
2030,sc01,02-13 07:00:00+01:00,123_CT_5,0.0
2030,sc01,02-13 07:00:00+01:00,113_CT_2,0.0
2030,sc01,02-13 07:00:00+01:00,101_STEAM_3,0.0
2030,sc01,02-15 23:00:00+01:00,115_STEAM_3,0.0
2030,sc01,02-15 23:00:00+01:00,116_STEAM_1,0.0
2030,sc01,02-15 23:00:00+01:00,102_CT_1,0.0
2030,sc01,02-15 23:00:00+01:00,107_CC_1,1.0
2030,sc01,02-15 23:00:00+01:00,101_STEAM_4,0.0
2030,sc01,02-15 23:00:00+01:00,113_CT_4,0.0
2030,sc01,02-15 23:00:00+01:00,101_CT_2,0.0
2030,sc01,02-15 23:00:00+01:00,123_STEAM_3,0.3685311805900698
2030,sc01,02-15 23:00:00+01:00,113_CT_1,0.0
2030,sc01,02-15 23:00:00+01:00,123_CT_1,0.0
2030,sc01,02-15 23:00:00+01:00,121_NUCLEAR_1,1.0
2030,sc01,02-15 23:00:00+01:00,102_STEAM_4,0.0
2030,sc01,02-15 23:00:00+01:00,115_STEAM_2,0.0
2030,sc01,02-15 23:00:00+01:00,115_STEAM_1,0.0
2030,sc01,02-15 23:00:00+01:00,101_CT_1,0.0
2030,sc01,02-15 23:00:00+01:00,102_CT_2,0.0
2030,sc01,02-15 23:00:00+01:00,102_STEAM_3,0.0
2030,sc01,02-15 23:00:00+01:00,123_CT_4,0.0
2030,sc01,02-15 23:00:00+01:00,123_STEAM_2,1.0
2030,sc01,02-15 23:00:00+01:00,113_CT_3,0.0
2030,sc01,02-15 23:00:00+01:00,118_CC_1,1.0
2030,sc01,02-15 23:00:00+01:00,123_CT_5,0.0
2030,sc01,02-15 23:00:00+01:00,113_CT_2,0.0
2030,sc01,02-15 23:00:00+01:00,101_STEAM_3,0.0
2030,sc01,02-23 22:00:00+01:00,115_STEAM_3,0.0
2030,sc01,02-23 22:00:00+01:00,116_STEAM_1,0.0
2030,sc01,02-23 22:00:00+01:00,102_CT_1,0.0
2030,sc01,02-23 22:00:00+01:00,107_CC_1,0.0
2030,sc01,02-23 22:00:00+01:00,101_STEAM_4,0.0
2030,sc01,02-23 22:00:00+01:00,113_CT_4,0.0
2030,sc01,02-23 22:00:00+01:00,101_CT_2,0.0
2030,sc01,02-23 22:00:00+01:00,123_STEAM_3,0.0
2030,sc01,02-23 22:00:00+01:00,113_CT_1,0.0
2030,sc01,02-23 22:00:00+01:00,123_CT_1,0.0
2030,sc01,02-23 22:00:00+01:00,121_NUCLEAR_1,0.0
2030,sc01,02-23 22:00:00+01:00,102_STEAM_4,0.0
2030,sc01,02-23 22:00:00+01:00,115_STEAM_2,0.0
2030,sc01,02-23 22:00:00+01:00,115_STEAM_1,0.0
2030,sc01,02-23 22:00:00+01:00,101_CT_1,0.0
2030,sc01,02-23 22:00:00+01:00,102_CT_2,0.0
2030,sc01,02-23 22:00:00+01:00,102_STEAM_3,0.0
2030,sc01,02-23 22:00:00+01:00,123_CT_4,0.0
2030,sc01,02-23 22:00:00+01:00,123_STEAM_2,0.0
2030,sc01,02-23 22:00:00+01:00,113_CT_3,0.0
2030,sc01,02-23 22:00:00+01:00,118_CC_1,0.0
2030,sc01,02-23 22:00:00+01:00,123_CT_5,0.0
2030,sc01,02-23 22:00:00+01:00,113_CT_2,0.0
2030,sc01,02-23 22:00:00+01:00,101_STEAM_3,0.0
2030,sc01,02-28 00:00:00+01:00,115_STEAM_3,0.0
2030,sc01,02-28 00:00:00+01:00,116_STEAM_1,0.0
2030,sc01,02-28 00:00:00+01:00,102_CT_1,0.0
2030,sc01,02-28 00:00:00+01:00,107_CC_1,1.0
2030,sc01,02-28 00:00:00+01:00,101_STEAM_4,0.0
2030,sc01,02-28 00:00:00+01:00,113_CT_4,0.0
2030,sc01,02-28 00:00:00+01:00,101_CT_2,0.0
2030,sc01,02-28 00:00:00+01:00,123_STEAM_3,0.0
2030,sc01,02-28 00:00:00+01:00,113_CT_1,0.0
2030,sc01,02-28 00:00:00+01:00,123_CT_1,0.0
2030,sc01,02-28 00:00:00+01:00,121_NUCLEAR_1,1.0
2030,sc01,02-28 00:00:00+01:00,102_STEAM_4,0.0
2030,sc01,02-28 00:00:00+01:00,115_STEAM_2,0.0
2030,sc01,02-28 00:00:00+01:00,115_STEAM_1,0.0
2030,sc01,02-28 00:00:00+01:00,101_CT_1,0.0
2030,sc01,02-28 00:00:00+01:00,102_CT_2,0.0
2030,sc01,02-28 00:00:00+01:00,102_STEAM_3,0.0
2030,sc01,02-28 00:00:00+01:00,123_CT_4,0.0
2030,sc01,02-28 00:00:00+01:00,123_STEAM_2,0.0
2030,sc01,02-28 00:00:00+01:00,113_CT_3,0.0
2030,sc01,02-28 00:00:00+01:00,118_CC_1,1.0
2030,sc01,02-28 00:00:00+01:00,123_CT_5,0.0
2030,sc01,02-28 00:00:00+01:00,113_CT_2,0.0
2030,sc01,02-28 00:00:00+01:00,101_STEAM_3,0.0
2030,sc01,02-28 04:00:00+01:00,115_STEAM_3,0.0
2030,sc01,02-28 04:00:00+01:00,116_STEAM_1,0.0
2030,sc01,02-28 04:00:00+01:00,102_CT_1,0.0
2030,sc01,02-28 04:00:00+01:00,107_CC_1,1.0
2030,sc01,02-28 04:00:00+01:00,101_STEAM_4,0.0
2030,sc01,02-28 04:00:00+01:00,113_CT_4,0.0
2030,sc01,02-28 04:00:00+01:00,101_CT_2,0.0
2030,sc01,02-28 04:00:00+01:00,123_STEAM_3,0.0
2030,sc01,02-28 04:00:00+01:00,113_CT_1,0.0
2030,sc01,02-28 04:00:00+01:00,123_CT_1,0.0
2030,sc01,02-28 04:00:00+01:00,121_NUCLEAR_1,1.0
2030,sc01,02-28 04:00:00+01:00,102_STEAM_4,0.0
2030,sc01,02-28 04:00:00+01:00,115_STEAM_2,0.0
2030,sc01,02-28 04:00:00+01:00,115_STEAM_1,0.0
2030,sc01,02-28 04:00:00+01:00,101_CT_1,0.0
2030,sc01,02-28 04:00:00+01:00,102_CT_2,0.0
2030,sc01,02-28 04:00:00+01:00,102_STEAM_3,0.0
2030,sc01,02-28 04:00:00+01:00,123_CT_4,0.0
2030,sc01,02-28 04:00:00+01:00,123_STEAM_2,0.0
2030,sc01,02-28 04:00:00+01:00,113_CT_3,0.0
2030,sc01,02-28 04:00:00+01:00,118_CC_1,1.0
2030,sc01,02-28 04:00:00+01:00,123_CT_5,0.0
2030,sc01,02-28 04:00:00+01:00,113_CT_2,0.0
2030,sc01,02-28 04:00:00+01:00,101_STEAM_3,0.0
2030,sc01,03-03 03:00:00+01:00,115_STEAM_3,0.0
2030,sc01,03-03 03:00:00+01:00,116_STEAM_1,0.0
2030,sc01,03-03 03:00:00+01:00,102_CT_1,0.0
2030,sc01,03-03 03:00:00+01:00,107_CC_1,0.0
2030,sc01,03-03 03:00:00+01:00,101_STEAM_4,0.0
2030,sc01,03-03 03:00:00+01:00,113_CT_4,0.0
2030,sc01,03-03 03:00:00+01:00,101_CT_2,0.0
2030,sc01,03-03 03:00:00+01:00,123_STEAM_3,0.0
2030,sc01,03-03 03:00:00+01:00,113_CT_1,0.0
2030,sc01,03-03 03:00:00+01:00,123_CT_1,0.0
2030,sc01,03-03 03:00:00+01:00,121_NUCLEAR_1,0.21656688903237326
2030,sc01,03-03 03:00:00+01:00,102_STEAM_4,0.0
2030,sc01,03-03 03:00:00+01:00,115_STEAM_2,0.0
2030,sc01,03-03 03:00:00+01:00,115_STEAM_1,0.0
2030,sc01,03-03 03:00:00+01:00,101_CT_1,0.0
2030,sc01,03-03 03:00:00+01:00,102_CT_2,0.0
2030,sc01,03-03 03:00:00+01:00,102_STEAM_3,0.0
2030,sc01,03-03 03:00:00+01:00,123_CT_4,0.0
2030,sc01,03-03 03:00:00+01:00,123_STEAM_2,0.0
2030,sc01,03-03 03:00:00+01:00,113_CT_3,0.0
2030,sc01,03-03 03:00:00+01:00,118_CC_1,0.0
2030,sc01,03-03 03:00:00+01:00,123_CT_5,0.0
2030,sc01,03-03 03:00:00+01:00,113_CT_2,0.0
2030,sc01,03-03 03:00:00+01:00,101_STEAM_3,0.0
2030,sc01,03-11 22:00:00+01:00,115_STEAM_3,0.0
2030,sc01,03-11 22:00:00+01:00,116_STEAM_1,0.0
2030,sc01,03-11 22:00:00+01:00,102_CT_1,0.0
2030,sc01,03-11 22:00:00+01:00,107_CC_1,0.13208425838730697
2030,sc01,03-11 22:00:00+01:00,101_STEAM_4,0.0
2030,sc01,03-11 22:00:00+01:00,113_CT_4,0.0
2030,sc01,03-11 22:00:00+01:00,101_CT_2,0.0
2030,sc01,03-11 22:00:00+01:00,123_STEAM_3,0.0
2030,sc01,03-11 22:00:00+01:00,113_CT_1,0.0
2030,sc01,03-11 22:00:00+01:00,123_CT_1,0.0
2030,sc01,03-11 22:00:00+01:00,121_NUCLEAR_1,0.0
2030,sc01,03-11 22:00:00+01:00,102_STEAM_4,0.0
2030,sc01,03-11 22:00:00+01:00,115_STEAM_2,0.0
2030,sc01,03-11 22:00:00+01:00,115_STEAM_1,0.0
2030,sc01,03-11 22:00:00+01:00,101_CT_1,0.0
2030,sc01,03-11 22:00:00+01:00,102_CT_2,0.0
2030,sc01,03-11 22:00:00+01:00,102_STEAM_3,0.0
2030,sc01,03-11 22:00:00+01:00,123_CT_4,0.0
2030,sc01,03-11 22:00:00+01:00,123_STEAM_2,0.0
2030,sc01,03-11 22:00:00+01:00,113_CT_3,0.0
2030,sc01,03-11 22:00:00+01:00,118_CC_1,0.0
2030,sc01,03-11 22:00:00+01:00,123_CT_5,0.0
2030,sc01,03-11 22:00:00+01:00,113_CT_2,0.0
2030,sc01,03-11 22:00:00+01:00,101_STEAM_3,0.0
2030,sc01,03-15 17:00:00+01:00,115_STEAM_3,1.0
2030,sc01,03-15 17:00:00+01:00,116_STEAM_1,0.0
2030,sc01,03-15 17:00:00+01:00,102_CT_1,0.0
2030,sc01,03-15 17:00:00+01:00,107_CC_1,1.0
2030,sc01,03-15 17:00:00+01:00,101_STEAM_4,0.0
2030,sc01,03-15 17:00:00+01:00,113_CT_4,0.0
2030,sc01,03-15 17:00:00+01:00,101_CT_2,0.0
2030,sc01,03-15 17:00:00+01:00,123_STEAM_3,1.0
2030,sc01,03-15 17:00:00+01:00,113_CT_1,0.0
2030,sc01,03-15 17:00:00+01:00,123_CT_1,0.0
2030,sc01,03-15 17:00:00+01:00,121_NUCLEAR_1,1.0
2030,sc01,03-15 17:00:00+01:00,102_STEAM_4,0.0
2030,sc01,03-15 17:00:00+01:00,115_STEAM_2,0.0
2030,sc01,03-15 17:00:00+01:00,115_STEAM_1,0.0
2030,sc01,03-15 17:00:00+01:00,101_CT_1,0.0
2030,sc01,03-15 17:00:00+01:00,102_CT_2,0.0
2030,sc01,03-15 17:00:00+01:00,102_STEAM_3,0.0
2030,sc01,03-15 17:00:00+01:00,123_CT_4,0.0
2030,sc01,03-15 17:00:00+01:00,123_STEAM_2,1.0
2030,sc01,03-15 17:00:00+01:00,113_CT_3,0.0
2030,sc01,03-15 17:00:00+01:00,118_CC_1,1.0
2030,sc01,03-15 17:00:00+01:00,123_CT_5,0.0
2030,sc01,03-15 17:00:00+01:00,113_CT_2,0.0
2030,sc01,03-15 17:00:00+01:00,101_STEAM_3,0.0
2030,sc01,03-15 21:00:00+01:00,115_STEAM_3,1.0
2030,sc01,03-15 21:00:00+01:00,116_STEAM_1,0.0
2030,sc01,03-15 21:00:00+01:00,102_CT_1,0.0
2030,sc01,03-15 21:00:00+01:00,107_CC_1,1.0
2030,sc01,03-15 21:00:00+01:00,101_STEAM_4,0.0
2030,sc01,03-15 21:00:00+01:00,113_CT_4,0.0
2030,sc01,03-15 21:00:00+01:00,101_CT_2,0.0
2030,sc01,03-15 21:00:00+01:00,123_STEAM_3,1.0
2030,sc01,03-15 21:00:00+01:00,113_CT_1,0.0
2030,sc01,03-15 21:00:00+01:00,123_CT_1,0.0
2030,sc01,03-15 21:00:00+01:00,121_NUCLEAR_1,1.0
2030,sc01,03-15 21:00:00+01:00,102_STEAM_4,0.0
2030,sc01,03-15 21:00:00+01:00,115_STEAM_2,0.0
2030,sc01,03-15 21:00:00+01:00,115_STEAM_1,0.0
2030,sc01,03-15 21:00:00+01:00,101_CT_1,0.0
2030,sc01,03-15 21:00:00+01:00,102_CT_2,0.0
2030,sc01,03-15 21:00:00+01:00,102_STEAM_3,0.0
2030,sc01,03-15 21:00:00+01:00,123_CT_4,0.0
2030,sc01,03-15 21:00:00+01:00,123_STEAM_2,1.0
2030,sc01,03-15 21:00:00+01:00,113_CT_3,0.0
2030,sc01,03-15 21:00:00+01:00,118_CC_1,1.0
2030,sc01,03-15 21:00:00+01:00,123_CT_5,0.0
2030,sc01,03-15 21:00:00+01:00,113_CT_2,0.0
2030,sc01,03-15 21:00:00+01:00,101_STEAM_3,0.0
2030,sc01,03-16 23:00:00+01:00,115_STEAM_3,0.0
2030,sc01,03-16 23:00:00+01:00,116_STEAM_1,0.8870967741935484
2030,sc01,03-16 23:00:00+01:00,102_CT_1,0.0
2030,sc01,03-16 23:00:00+01:00,107_CC_1,1.0
2030,sc01,03-16 23:00:00+01:00,101_STEAM_4,0.0
2030,sc01,03-16 23:00:00+01:00,113_CT_4,0.0
2030,sc01,03-16 23:00:00+01:00,101_CT_2,0.0
2030,sc01,03-16 23:00:00+01:00,123_STEAM_3,0.4002452042701942
2030,sc01,03-16 23:00:00+01:00,113_CT_1,0.0
2030,sc01,03-16 23:00:00+01:00,123_CT_1,0.0
2030,sc01,03-16 23:00:00+01:00,121_NUCLEAR_1,1.0
2030,sc01,03-16 23:00:00+01:00,102_STEAM_4,0.0
2030,sc01,03-16 23:00:00+01:00,115_STEAM_2,0.0
2030,sc01,03-16 23:00:00+01:00,115_STEAM_1,0.0
2030,sc01,03-16 23:00:00+01:00,101_CT_1,0.0
2030,sc01,03-16 23:00:00+01:00,102_CT_2,0.0
2030,sc01,03-16 23:00:00+01:00,102_STEAM_3,0.0
2030,sc01,03-16 23:00:00+01:00,123_CT_4,0.0
2030,sc01,03-16 23:00:00+01:00,123_STEAM_2,1.0
2030,sc01,03-16 23:00:00+01:00,113_CT_3,0.0
2030,sc01,03-16 23:00:00+01:00,118_CC_1,1.0
2030,sc01,03-16 23:00:00+01:00,123_CT_5,0.0
2030,sc01,03-16 23:00:00+01:00,113_CT_2,0.0
2030,sc01,03-16 23:00:00+01:00,101_STEAM_3,0.0
2030,sc01,03-18 18:00:00+01:00,115_STEAM_3,1.0
2030,sc01,03-18 18:00:00+01:00,116_STEAM_1,0.0
2030,sc01,03-18 18:00:00+01:00,102_CT_1,0.0
2030,sc01,03-18 18:00:00+01:00,107_CC_1,1.0
2030,sc01,03-18 18:00:00+01:00,101_STEAM_4,0.0
2030,sc01,03-18 18:00:00+01:00,113_CT_4,0.0
2030,sc01,03-18 18:00:00+01:00,101_CT_2,0.0
2030,sc01,03-18 18:00:00+01:00,123_STEAM_3,1.0
2030,sc01,03-18 18:00:00+01:00,113_CT_1,0.0
2030,sc01,03-18 18:00:00+01:00,123_CT_1,0.0
2030,sc01,03-18 18:00:00+01:00,121_NUCLEAR_1,1.0
2030,sc01,03-18 18:00:00+01:00,102_STEAM_4,0.0
2030,sc01,03-18 18:00:00+01:00,115_STEAM_2,0.0
2030,sc01,03-18 18:00:00+01:00,115_STEAM_1,0.0
2030,sc01,03-18 18:00:00+01:00,101_CT_1,0.0
2030,sc01,03-18 18:00:00+01:00,102_CT_2,0.0
2030,sc01,03-18 18:00:00+01:00,102_STEAM_3,0.0
2030,sc01,03-18 18:00:00+01:00,123_CT_4,0.0
2030,sc01,03-18 18:00:00+01:00,123_STEAM_2,1.0
2030,sc01,03-18 18:00:00+01:00,113_CT_3,0.0
2030,sc01,03-18 18:00:00+01:00,118_CC_1,1.0
2030,sc01,03-18 18:00:00+01:00,123_CT_5,0.0
2030,sc01,03-18 18:00:00+01:00,113_CT_2,0.0
2030,sc01,03-18 18:00:00+01:00,101_STEAM_3,0.0
2030,sc01,03-20 22:00:00+01:00,115_STEAM_3,0.0
2030,sc01,03-20 22:00:00+01:00,116_STEAM_1,0.0
2030,sc01,03-20 22:00:00+01:00,102_CT_1,0.0
2030,sc01,03-20 22:00:00+01:00,107_CC_1,0.03584947909956988
2030,sc01,03-20 22:00:00+01:00,101_STEAM_4,0.0
2030,sc01,03-20 22:00:00+01:00,113_CT_4,0.0
2030,sc01,03-20 22:00:00+01:00,101_CT_2,0.0
2030,sc01,03-20 22:00:00+01:00,123_STEAM_3,0.0
2030,sc01,03-20 22:00:00+01:00,113_CT_1,0.0
2030,sc01,03-20 22:00:00+01:00,123_CT_1,0.0
2030,sc01,03-20 22:00:00+01:00,121_NUCLEAR_1,0.0
2030,sc01,03-20 22:00:00+01:00,102_STEAM_4,0.0
2030,sc01,03-20 22:00:00+01:00,115_STEAM_2,0.0
2030,sc01,03-20 22:00:00+01:00,115_STEAM_1,0.0
2030,sc01,03-20 22:00:00+01:00,101_CT_1,0.0
2030,sc01,03-20 22:00:00+01:00,102_CT_2,0.0
2030,sc01,03-20 22:00:00+01:00,102_STEAM_3,0.0
2030,sc01,03-20 22:00:00+01:00,123_CT_4,0.0
2030,sc01,03-20 22:00:00+01:00,123_STEAM_2,0.0
2030,sc01,03-20 22:00:00+01:00,113_CT_3,0.0
2030,sc01,03-20 22:00:00+01:00,118_CC_1,0.0
2030,sc01,03-20 22:00:00+01:00,123_CT_5,0.0
2030,sc01,03-20 22:00:00+01:00,113_CT_2,0.0
2030,sc01,03-20 22:00:00+01:00,101_STEAM_3,0.0
2030,sc01,03-21 21:00:00+01:00,115_STEAM_3,0.0
2030,sc01,03-21 21:00:00+01:00,116_STEAM_1,0.0
2030,sc01,03-21 21:00:00+01:00,102_CT_1,0.0
2030,sc01,03-21 21:00:00+01:00,107_CC_1,1.0
2030,sc01,03-21 21:00:00+01:00,101_STEAM_4,0.0
2030,sc01,03-21 21:00:00+01:00,113_CT_4,0.0
2030,sc01,03-21 21:00:00+01:00,101_CT_2,0.0
2030,sc01,03-21 21:00:00+01:00,123_STEAM_3,0.0
2030,sc01,03-21 21:00:00+01:00,113_CT_1,0.0
2030,sc01,03-21 21:00:00+01:00,123_CT_1,0.0
2030,sc01,03-21 21:00:00+01:00,121_NUCLEAR_1,1.0
2030,sc01,03-21 21:00:00+01:00,102_STEAM_4,0.0
2030,sc01,03-21 21:00:00+01:00,115_STEAM_2,0.0
2030,sc01,03-21 21:00:00+01:00,115_STEAM_1,0.0
2030,sc01,03-21 21:00:00+01:00,101_CT_1,0.0
2030,sc01,03-21 21:00:00+01:00,102_CT_2,0.0
2030,sc01,03-21 21:00:00+01:00,102_STEAM_3,0.0
2030,sc01,03-21 21:00:00+01:00,123_CT_4,0.0
2030,sc01,03-21 21:00:00+01:00,123_STEAM_2,0.0
2030,sc01,03-21 21:00:00+01:00,113_CT_3,0.0
2030,sc01,03-21 21:00:00+01:00,118_CC_1,1.0
2030,sc01,03-21 21:00:00+01:00,123_CT_5,0.0
2030,sc01,03-21 21:00:00+01:00,113_CT_2,0.0
2030,sc01,03-21 21:00:00+01:00,101_STEAM_3,0.0
2030,sc01,03-28 20:00:00+01:00,115_STEAM_3,0.4098603796380838
2030,sc01,03-28 20:00:00+01:00,116_STEAM_1,0.0
2030,sc01,03-28 20:00:00+01:00,102_CT_1,0.0
2030,sc01,03-28 20:00:00+01:00,107_CC_1,1.0
2030,sc01,03-28 20:00:00+01:00,101_STEAM_4,0.0
2030,sc01,03-28 20:00:00+01:00,113_CT_4,0.0
2030,sc01,03-28 20:00:00+01:00,101_CT_2,0.0
2030,sc01,03-28 20:00:00+01:00,123_STEAM_3,0.0
2030,sc01,03-28 20:00:00+01:00,113_CT_1,0.0
2030,sc01,03-28 20:00:00+01:00,123_CT_1,0.0
2030,sc01,03-28 20:00:00+01:00,121_NUCLEAR_1,1.0
2030,sc01,03-28 20:00:00+01:00,102_STEAM_4,0.0
2030,sc01,03-28 20:00:00+01:00,115_STEAM_2,0.0
2030,sc01,03-28 20:00:00+01:00,115_STEAM_1,0.0
2030,sc01,03-28 20:00:00+01:00,101_CT_1,0.0
2030,sc01,03-28 20:00:00+01:00,102_CT_2,0.0
2030,sc01,03-28 20:00:00+01:00,102_STEAM_3,0.0
2030,sc01,03-28 20:00:00+01:00,123_CT_4,0.0
2030,sc01,03-28 20:00:00+01:00,123_STEAM_2,0.0
2030,sc01,03-28 20:00:00+01:00,113_CT_3,0.0
2030,sc01,03-28 20:00:00+01:00,118_CC_1,1.0
2030,sc01,03-28 20:00:00+01:00,123_CT_5,0.0
2030,sc01,03-28 20:00:00+01:00,113_CT_2,0.0
2030,sc01,03-28 20:00:00+01:00,101_STEAM_3,0.0
2030,sc01,03-31 10:00:00+02:00,115_STEAM_3,0.0
2030,sc01,03-31 10:00:00+02:00,116_STEAM_1,0.0
2030,sc01,03-31 10:00:00+02:00,102_CT_1,0.0
2030,sc01,03-31 10:00:00+02:00,107_CC_1,0.0
2030,sc01,03-31 10:00:00+02:00,101_STEAM_4,0.0
2030,sc01,03-31 10:00:00+02:00,113_CT_4,0.0
2030,sc01,03-31 10:00:00+02:00,101_CT_2,0.0
2030,sc01,03-31 10:00:00+02:00,123_STEAM_3,0.0
2030,sc01,03-31 10:00:00+02:00,113_CT_1,0.0
2030,sc01,03-31 10:00:00+02:00,123_CT_1,0.0
2030,sc01,03-31 10:00:00+02:00,121_NUCLEAR_1,0.7753121825929757
2030,sc01,03-31 10:00:00+02:00,102_STEAM_4,0.0
2030,sc01,03-31 10:00:00+02:00,115_STEAM_2,0.0
2030,sc01,03-31 10:00:00+02:00,115_STEAM_1,0.0
2030,sc01,03-31 10:00:00+02:00,101_CT_1,0.0
2030,sc01,03-31 10:00:00+02:00,102_CT_2,0.0
2030,sc01,03-31 10:00:00+02:00,102_STEAM_3,0.0
2030,sc01,03-31 10:00:00+02:00,123_CT_4,0.0
2030,sc01,03-31 10:00:00+02:00,123_STEAM_2,0.0
2030,sc01,03-31 10:00:00+02:00,113_CT_3,0.0
2030,sc01,03-31 10:00:00+02:00,118_CC_1,0.0
2030,sc01,03-31 10:00:00+02:00,123_CT_5,0.0
2030,sc01,03-31 10:00:00+02:00,113_CT_2,0.0
2030,sc01,03-31 10:00:00+02:00,101_STEAM_3,0.0
2030,sc01,04-08 21:00:00+02:00,115_STEAM_3,0.9065933548387052
2030,sc01,04-08 21:00:00+02:00,116_STEAM_1,0.0
2030,sc01,04-08 21:00:00+02:00,102_CT_1,0.0
2030,sc01,04-08 21:00:00+02:00,107_CC_1,1.0
2030,sc01,04-08 21:00:00+02:00,101_STEAM_4,0.0
2030,sc01,04-08 21:00:00+02:00,113_CT_4,0.0
2030,sc01,04-08 21:00:00+02:00,101_CT_2,0.0
2030,sc01,04-08 21:00:00+02:00,123_STEAM_3,0.0
2030,sc01,04-08 21:00:00+02:00,113_CT_1,0.0
2030,sc01,04-08 21:00:00+02:00,123_CT_1,0.0
2030,sc01,04-08 21:00:00+02:00,121_NUCLEAR_1,1.0
2030,sc01,04-08 21:00:00+02:00,102_STEAM_4,0.0
2030,sc01,04-08 21:00:00+02:00,115_STEAM_2,0.0
2030,sc01,04-08 21:00:00+02:00,115_STEAM_1,0.0
2030,sc01,04-08 21:00:00+02:00,101_CT_1,0.0
2030,sc01,04-08 21:00:00+02:00,102_CT_2,0.0
2030,sc01,04-08 21:00:00+02:00,102_STEAM_3,0.0
2030,sc01,04-08 21:00:00+02:00,123_CT_4,0.0
2030,sc01,04-08 21:00:00+02:00,123_STEAM_2,0.0
2030,sc01,04-08 21:00:00+02:00,113_CT_3,0.0
2030,sc01,04-08 21:00:00+02:00,118_CC_1,1.0
2030,sc01,04-08 21:00:00+02:00,123_CT_5,0.0
2030,sc01,04-08 21:00:00+02:00,113_CT_2,0.0
2030,sc01,04-08 21:00:00+02:00,101_STEAM_3,0.0
2030,sc01,04-11 17:00:00+02:00,115_STEAM_3,1.0
2030,sc01,04-11 17:00:00+02:00,116_STEAM_1,0.0
2030,sc01,04-11 17:00:00+02:00,102_CT_1,0.0
2030,sc01,04-11 17:00:00+02:00,107_CC_1,1.0
2030,sc01,04-11 17:00:00+02:00,101_STEAM_4,0.0
2030,sc01,04-11 17:00:00+02:00,113_CT_4,0.0
2030,sc01,04-11 17:00:00+02:00,101_CT_2,0.0
2030,sc01,04-11 17:00:00+02:00,123_STEAM_3,0.0
2030,sc01,04-11 17:00:00+02:00,113_CT_1,0.0
2030,sc01,04-11 17:00:00+02:00,123_CT_1,0.0
2030,sc01,04-11 17:00:00+02:00,121_NUCLEAR_1,1.0
2030,sc01,04-11 17:00:00+02:00,102_STEAM_4,0.0
2030,sc01,04-11 17:00:00+02:00,115_STEAM_2,0.0
2030,sc01,04-11 17:00:00+02:00,115_STEAM_1,0.0
2030,sc01,04-11 17:00:00+02:00,101_CT_1,0.0
2030,sc01,04-11 17:00:00+02:00,102_CT_2,0.0
2030,sc01,04-11 17:00:00+02:00,102_STEAM_3,0.0
2030,sc01,04-11 17:00:00+02:00,123_CT_4,0.0
2030,sc01,04-11 17:00:00+02:00,123_STEAM_2,1.0
2030,sc01,04-11 17:00:00+02:00,113_CT_3,0.0
2030,sc01,04-11 17:00:00+02:00,118_CC_1,1.0
2030,sc01,04-11 17:00:00+02:00,123_CT_5,0.0
2030,sc01,04-11 17:00:00+02:00,113_CT_2,0.0
2030,sc01,04-11 17:00:00+02:00,101_STEAM_3,0.0
2030,sc01,04-11 23:00:00+02:00,115_STEAM_3,0.0
2030,sc01,04-11 23:00:00+02:00,116_STEAM_1,0.0
2030,sc01,04-11 23:00:00+02:00,102_CT_1,0.0
2030,sc01,04-11 23:00:00+02:00,107_CC_1,0.039073260204308145
2030,sc01,04-11 23:00:00+02:00,101_STEAM_4,0.0
2030,sc01,04-11 23:00:00+02:00,113_CT_4,0.0
2030,sc01,04-11 23:00:00+02:00,101_CT_2,0.0
2030,sc01,04-11 23:00:00+02:00,123_STEAM_3,0.0
2030,sc01,04-11 23:00:00+02:00,113_CT_1,0.0
2030,sc01,04-11 23:00:00+02:00,123_CT_1,0.0
2030,sc01,04-11 23:00:00+02:00,121_NUCLEAR_1,0.0
2030,sc01,04-11 23:00:00+02:00,102_STEAM_4,0.0
2030,sc01,04-11 23:00:00+02:00,115_STEAM_2,0.0
2030,sc01,04-11 23:00:00+02:00,115_STEAM_1,0.0
2030,sc01,04-11 23:00:00+02:00,101_CT_1,0.0
2030,sc01,04-11 23:00:00+02:00,102_CT_2,0.0
2030,sc01,04-11 23:00:00+02:00,102_STEAM_3,0.0
2030,sc01,04-11 23:00:00+02:00,123_CT_4,0.0
2030,sc01,04-11 23:00:00+02:00,123_STEAM_2,0.0
2030,sc01,04-11 23:00:00+02:00,113_CT_3,0.0
2030,sc01,04-11 23:00:00+02:00,118_CC_1,0.0
2030,sc01,04-11 23:00:00+02:00,123_CT_5,0.0
2030,sc01,04-11 23:00:00+02:00,113_CT_2,0.0
2030,sc01,04-11 23:00:00+02:00,101_STEAM_3,0.0
2030,sc01,04-12 19:00:00+02:00,115_STEAM_3,1.0
2030,sc01,04-12 19:00:00+02:00,116_STEAM_1,0.0
2030,sc01,04-12 19:00:00+02:00,102_CT_1,0.0
2030,sc01,04-12 19:00:00+02:00,107_CC_1,1.0
2030,sc01,04-12 19:00:00+02:00,101_STEAM_4,0.0
2030,sc01,04-12 19:00:00+02:00,113_CT_4,0.0
2030,sc01,04-12 19:00:00+02:00,101_CT_2,0.0
2030,sc01,04-12 19:00:00+02:00,123_STEAM_3,0.0
2030,sc01,04-12 19:00:00+02:00,113_CT_1,0.0
2030,sc01,04-12 19:00:00+02:00,123_CT_1,0.0
2030,sc01,04-12 19:00:00+02:00,121_NUCLEAR_1,0.9872246574506217
2030,sc01,04-12 19:00:00+02:00,102_STEAM_4,0.0
2030,sc01,04-12 19:00:00+02:00,115_STEAM_2,0.0
2030,sc01,04-12 19:00:00+02:00,115_STEAM_1,0.0
2030,sc01,04-12 19:00:00+02:00,101_CT_1,0.0
2030,sc01,04-12 19:00:00+02:00,102_CT_2,0.0
2030,sc01,04-12 19:00:00+02:00,102_STEAM_3,0.0
2030,sc01,04-12 19:00:00+02:00,123_CT_4,0.0
2030,sc01,04-12 19:00:00+02:00,123_STEAM_2,0.0
2030,sc01,04-12 19:00:00+02:00,113_CT_3,0.0
2030,sc01,04-12 19:00:00+02:00,118_CC_1,0.0
2030,sc01,04-12 19:00:00+02:00,123_CT_5,0.0
2030,sc01,04-12 19:00:00+02:00,113_CT_2,0.0
2030,sc01,04-12 19:00:00+02:00,101_STEAM_3,0.0
2030,sc01,04-14 00:00:00+02:00,115_STEAM_3,0.0
2030,sc01,04-14 00:00:00+02:00,116_STEAM_1,0.0
2030,sc01,04-14 00:00:00+02:00,102_CT_1,0.0
2030,sc01,04-14 00:00:00+02:00,107_CC_1,1.0
2030,sc01,04-14 00:00:00+02:00,101_STEAM_4,0.0
2030,sc01,04-14 00:00:00+02:00,113_CT_4,0.0
2030,sc01,04-14 00:00:00+02:00,101_CT_2,0.0
2030,sc01,04-14 00:00:00+02:00,123_STEAM_3,0.0
2030,sc01,04-14 00:00:00+02:00,113_CT_1,0.0
2030,sc01,04-14 00:00:00+02:00,123_CT_1,0.0
2030,sc01,04-14 00:00:00+02:00,121_NUCLEAR_1,1.0
2030,sc01,04-14 00:00:00+02:00,102_STEAM_4,0.0
2030,sc01,04-14 00:00:00+02:00,115_STEAM_2,0.0
2030,sc01,04-14 00:00:00+02:00,115_STEAM_1,0.0
2030,sc01,04-14 00:00:00+02:00,101_CT_1,0.0
2030,sc01,04-14 00:00:00+02:00,102_CT_2,0.0
2030,sc01,04-14 00:00:00+02:00,102_STEAM_3,0.0
2030,sc01,04-14 00:00:00+02:00,123_CT_4,0.0
2030,sc01,04-14 00:00:00+02:00,123_STEAM_2,0.0
2030,sc01,04-14 00:00:00+02:00,113_CT_3,0.0
2030,sc01,04-14 00:00:00+02:00,118_CC_1,1.0
2030,sc01,04-14 00:00:00+02:00,123_CT_5,0.0
2030,sc01,04-14 00:00:00+02:00,113_CT_2,0.0
2030,sc01,04-14 00:00:00+02:00,101_STEAM_3,0.0
2030,sc01,04-16 17:00:00+02:00,115_STEAM_3,1.0
2030,sc01,04-16 17:00:00+02:00,116_STEAM_1,0.7366937543753418
2030,sc01,04-16 17:00:00+02:00,102_CT_1,0.0
2030,sc01,04-16 17:00:00+02:00,107_CC_1,1.0
2030,sc01,04-16 17:00:00+02:00,101_STEAM_4,0.0
2030,sc01,04-16 17:00:00+02:00,113_CT_4,0.0
2030,sc01,04-16 17:00:00+02:00,101_CT_2,0.0
2030,sc01,04-16 17:00:00+02:00,123_STEAM_3,0.12173694074238574
2030,sc01,04-16 17:00:00+02:00,113_CT_1,0.0
2030,sc01,04-16 17:00:00+02:00,123_CT_1,0.0
2030,sc01,04-16 17:00:00+02:00,121_NUCLEAR_1,1.0
2030,sc01,04-16 17:00:00+02:00,102_STEAM_4,0.0
2030,sc01,04-16 17:00:00+02:00,115_STEAM_2,0.0
2030,sc01,04-16 17:00:00+02:00,115_STEAM_1,0.0
2030,sc01,04-16 17:00:00+02:00,101_CT_1,0.0
2030,sc01,04-16 17:00:00+02:00,102_CT_2,0.0
2030,sc01,04-16 17:00:00+02:00,102_STEAM_3,0.0
2030,sc01,04-16 17:00:00+02:00,123_CT_4,0.0
2030,sc01,04-16 17:00:00+02:00,123_STEAM_2,1.0
2030,sc01,04-16 17:00:00+02:00,113_CT_3,0.0
2030,sc01,04-16 17:00:00+02:00,118_CC_1,1.0
2030,sc01,04-16 17:00:00+02:00,123_CT_5,0.0
2030,sc01,04-16 17:00:00+02:00,113_CT_2,0.0
2030,sc01,04-16 17:00:00+02:00,101_STEAM_3,0.0
2030,sc01,04-20 17:00:00+02:00,115_STEAM_3,1.0
2030,sc01,04-20 17:00:00+02:00,116_STEAM_1,0.0
2030,sc01,04-20 17:00:00+02:00,102_CT_1,0.0
2030,sc01,04-20 17:00:00+02:00,107_CC_1,1.0
2030,sc01,04-20 17:00:00+02:00,101_STEAM_4,0.0
2030,sc01,04-20 17:00:00+02:00,113_CT_4,0.0
2030,sc01,04-20 17:00:00+02:00,101_CT_2,0.0
2030,sc01,04-20 17:00:00+02:00,123_STEAM_3,1.0
2030,sc01,04-20 17:00:00+02:00,113_CT_1,0.0
2030,sc01,04-20 17:00:00+02:00,123_CT_1,0.0
2030,sc01,04-20 17:00:00+02:00,121_NUCLEAR_1,1.0
2030,sc01,04-20 17:00:00+02:00,102_STEAM_4,0.0
2030,sc01,04-20 17:00:00+02:00,115_STEAM_2,0.0
2030,sc01,04-20 17:00:00+02:00,115_STEAM_1,0.0
2030,sc01,04-20 17:00:00+02:00,101_CT_1,0.0
2030,sc01,04-20 17:00:00+02:00,102_CT_2,0.0
2030,sc01,04-20 17:00:00+02:00,102_STEAM_3,0.0
2030,sc01,04-20 17:00:00+02:00,123_CT_4,0.0
2030,sc01,04-20 17:00:00+02:00,123_STEAM_2,1.0
2030,sc01,04-20 17:00:00+02:00,113_CT_3,0.0
2030,sc01,04-20 17:00:00+02:00,118_CC_1,1.0
2030,sc01,04-20 17:00:00+02:00,123_CT_5,0.0
2030,sc01,04-20 17:00:00+02:00,113_CT_2,0.0
2030,sc01,04-20 17:00:00+02:00,101_STEAM_3,0.0
2030,sc01,04-20 18:00:00+02:00,115_STEAM_3,1.0
2030,sc01,04-20 18:00:00+02:00,116_STEAM_1,0.0
2030,sc01,04-20 18:00:00+02:00,102_CT_1,0.0
2030,sc01,04-20 18:00:00+02:00,107_CC_1,1.0
2030,sc01,04-20 18:00:00+02:00,101_STEAM_4,0.0
2030,sc01,04-20 18:00:00+02:00,113_CT_4,0.0
2030,sc01,04-20 18:00:00+02:00,101_CT_2,0.0
2030,sc01,04-20 18:00:00+02:00,123_STEAM_3,1.0
2030,sc01,04-20 18:00:00+02:00,113_CT_1,0.0
2030,sc01,04-20 18:00:00+02:00,123_CT_1,0.0
2030,sc01,04-20 18:00:00+02:00,121_NUCLEAR_1,1.0
2030,sc01,04-20 18:00:00+02:00,102_STEAM_4,0.0
2030,sc01,04-20 18:00:00+02:00,115_STEAM_2,0.0
2030,sc01,04-20 18:00:00+02:00,115_STEAM_1,0.0
2030,sc01,04-20 18:00:00+02:00,101_CT_1,0.0
2030,sc01,04-20 18:00:00+02:00,102_CT_2,0.0
2030,sc01,04-20 18:00:00+02:00,102_STEAM_3,0.0
2030,sc01,04-20 18:00:00+02:00,123_CT_4,0.0
2030,sc01,04-20 18:00:00+02:00,123_STEAM_2,1.0
2030,sc01,04-20 18:00:00+02:00,113_CT_3,0.0
2030,sc01,04-20 18:00:00+02:00,118_CC_1,1.0
2030,sc01,04-20 18:00:00+02:00,123_CT_5,0.0
2030,sc01,04-20 18:00:00+02:00,113_CT_2,0.0
2030,sc01,04-20 18:00:00+02:00,101_STEAM_3,0.0
2030,sc01,04-23 05:00:00+02:00,115_STEAM_3,0.0
2030,sc01,04-23 05:00:00+02:00,116_STEAM_1,0.0
2030,sc01,04-23 05:00:00+02:00,102_CT_1,0.0
2030,sc01,04-23 05:00:00+02:00,107_CC_1,0.0
2030,sc01,04-23 05:00:00+02:00,101_STEAM_4,0.0
2030,sc01,04-23 05:00:00+02:00,113_CT_4,0.0
2030,sc01,04-23 05:00:00+02:00,101_CT_2,0.0
2030,sc01,04-23 05:00:00+02:00,123_STEAM_3,0.0
2030,sc01,04-23 05:00:00+02:00,113_CT_1,0.0
2030,sc01,04-23 05:00:00+02:00,123_CT_1,0.0
2030,sc01,04-23 05:00:00+02:00,121_NUCLEAR_1,0.0
2030,sc01,04-23 05:00:00+02:00,102_STEAM_4,0.0
2030,sc01,04-23 05:00:00+02:00,115_STEAM_2,0.0
2030,sc01,04-23 05:00:00+02:00,115_STEAM_1,0.0
2030,sc01,04-23 05:00:00+02:00,101_CT_1,0.0
2030,sc01,04-23 05:00:00+02:00,102_CT_2,0.0
2030,sc01,04-23 05:00:00+02:00,102_STEAM_3,0.0
2030,sc01,04-23 05:00:00+02:00,123_CT_4,0.0
2030,sc01,04-23 05:00:00+02:00,123_STEAM_2,0.0
2030,sc01,04-23 05:00:00+02:00,113_CT_3,0.0
2030,sc01,04-23 05:00:00+02:00,118_CC_1,0.0
2030,sc01,04-23 05:00:00+02:00,123_CT_5,0.0
2030,sc01,04-23 05:00:00+02:00,113_CT_2,0.0
2030,sc01,04-23 05:00:00+02:00,101_STEAM_3,0.0
2030,sc01,04-29 17:00:00+02:00,115_STEAM_3,1.0
2030,sc01,04-29 17:00:00+02:00,116_STEAM_1,0.0
2030,sc01,04-29 17:00:00+02:00,102_CT_1,0.0
2030,sc01,04-29 17:00:00+02:00,107_CC_1,1.0
2030,sc01,04-29 17:00:00+02:00,101_STEAM_4,0.0
2030,sc01,04-29 17:00:00+02:00,113_CT_4,0.0
2030,sc01,04-29 17:00:00+02:00,101_CT_2,0.0
2030,sc01,04-29 17:00:00+02:00,123_STEAM_3,1.0
2030,sc01,04-29 17:00:00+02:00,113_CT_1,0.0
2030,sc01,04-29 17:00:00+02:00,123_CT_1,0.0
2030,sc01,04-29 17:00:00+02:00,121_NUCLEAR_1,1.0
2030,sc01,04-29 17:00:00+02:00,102_STEAM_4,0.0
2030,sc01,04-29 17:00:00+02:00,115_STEAM_2,0.0
2030,sc01,04-29 17:00:00+02:00,115_STEAM_1,0.0
2030,sc01,04-29 17:00:00+02:00,101_CT_1,0.0
2030,sc01,04-29 17:00:00+02:00,102_CT_2,0.0
2030,sc01,04-29 17:00:00+02:00,102_STEAM_3,0.0
2030,sc01,04-29 17:00:00+02:00,123_CT_4,0.0
2030,sc01,04-29 17:00:00+02:00,123_STEAM_2,1.0
2030,sc01,04-29 17:00:00+02:00,113_CT_3,0.0
2030,sc01,04-29 17:00:00+02:00,118_CC_1,1.0
2030,sc01,04-29 17:00:00+02:00,123_CT_5,0.0
2030,sc01,04-29 17:00:00+02:00,113_CT_2,0.0
2030,sc01,04-29 17:00:00+02:00,101_STEAM_3,0.0
2030,sc01,05-03 15:00:00+02:00,115_STEAM_3,0.0
2030,sc01,05-03 15:00:00+02:00,116_STEAM_1,0.0
2030,sc01,05-03 15:00:00+02:00,102_CT_1,0.0
2030,sc01,05-03 15:00:00+02:00,107_CC_1,0.0
2030,sc01,05-03 15:00:00+02:00,101_STEAM_4,0.0
2030,sc01,05-03 15:00:00+02:00,113_CT_4,0.0
2030,sc01,05-03 15:00:00+02:00,101_CT_2,0.0
2030,sc01,05-03 15:00:00+02:00,123_STEAM_3,0.0
2030,sc01,05-03 15:00:00+02:00,113_CT_1,0.0
2030,sc01,05-03 15:00:00+02:00,123_CT_1,0.0
2030,sc01,05-03 15:00:00+02:00,121_NUCLEAR_1,0.0
2030,sc01,05-03 15:00:00+02:00,102_STEAM_4,0.0
2030,sc01,05-03 15:00:00+02:00,115_STEAM_2,0.0
2030,sc01,05-03 15:00:00+02:00,115_STEAM_1,0.0
2030,sc01,05-03 15:00:00+02:00,101_CT_1,0.0
2030,sc01,05-03 15:00:00+02:00,102_CT_2,0.0
2030,sc01,05-03 15:00:00+02:00,102_STEAM_3,0.0
2030,sc01,05-03 15:00:00+02:00,123_CT_4,0.0
2030,sc01,05-03 15:00:00+02:00,123_STEAM_2,0.0
2030,sc01,05-03 15:00:00+02:00,113_CT_3,0.0
2030,sc01,05-03 15:00:00+02:00,118_CC_1,0.0
2030,sc01,05-03 15:00:00+02:00,123_CT_5,0.0
2030,sc01,05-03 15:00:00+02:00,113_CT_2,0.0
2030,sc01,05-03 15:00:00+02:00,101_STEAM_3,0.0
2030,sc01,05-05 01:00:00+02:00,115_STEAM_3,0.0
2030,sc01,05-05 01:00:00+02:00,116_STEAM_1,0.0
2030,sc01,05-05 01:00:00+02:00,102_CT_1,0.0
2030,sc01,05-05 01:00:00+02:00,107_CC_1,1.0
2030,sc01,05-05 01:00:00+02:00,101_STEAM_4,0.0
2030,sc01,05-05 01:00:00+02:00,113_CT_4,0.0
2030,sc01,05-05 01:00:00+02:00,101_CT_2,0.0
2030,sc01,05-05 01:00:00+02:00,123_STEAM_3,0.0
2030,sc01,05-05 01:00:00+02:00,113_CT_1,0.0
2030,sc01,05-05 01:00:00+02:00,123_CT_1,0.0
2030,sc01,05-05 01:00:00+02:00,121_NUCLEAR_1,1.0
2030,sc01,05-05 01:00:00+02:00,102_STEAM_4,0.0
2030,sc01,05-05 01:00:00+02:00,115_STEAM_2,0.0
2030,sc01,05-05 01:00:00+02:00,115_STEAM_1,0.0
2030,sc01,05-05 01:00:00+02:00,101_CT_1,0.0
2030,sc01,05-05 01:00:00+02:00,102_CT_2,0.0
2030,sc01,05-05 01:00:00+02:00,102_STEAM_3,0.0
2030,sc01,05-05 01:00:00+02:00,123_CT_4,0.0
2030,sc01,05-05 01:00:00+02:00,123_STEAM_2,1.0
2030,sc01,05-05 01:00:00+02:00,113_CT_3,0.0
2030,sc01,05-05 01:00:00+02:00,118_CC_1,1.0
2030,sc01,05-05 01:00:00+02:00,123_CT_5,0.0
2030,sc01,05-05 01:00:00+02:00,113_CT_2,0.0
2030,sc01,05-05 01:00:00+02:00,101_STEAM_3,0.0
2030,sc01,05-07 19:00:00+02:00,115_STEAM_3,1.0
2030,sc01,05-07 19:00:00+02:00,116_STEAM_1,0.0
2030,sc01,05-07 19:00:00+02:00,102_CT_1,0.0
2030,sc01,05-07 19:00:00+02:00,107_CC_1,1.0
2030,sc01,05-07 19:00:00+02:00,101_STEAM_4,1.0
2030,sc01,05-07 19:00:00+02:00,113_CT_4,0.0
2030,sc01,05-07 19:00:00+02:00,101_CT_2,0.0
2030,sc01,05-07 19:00:00+02:00,123_STEAM_3,0.0
2030,sc01,05-07 19:00:00+02:00,113_CT_1,0.0
2030,sc01,05-07 19:00:00+02:00,123_CT_1,0.0
2030,sc01,05-07 19:00:00+02:00,121_NUCLEAR_1,0.08307951756092245
2030,sc01,05-07 19:00:00+02:00,102_STEAM_4,0.0
2030,sc01,05-07 19:00:00+02:00,115_STEAM_2,0.0
2030,sc01,05-07 19:00:00+02:00,115_STEAM_1,0.0
2030,sc01,05-07 19:00:00+02:00,101_CT_1,0.0
2030,sc01,05-07 19:00:00+02:00,102_CT_2,0.0
2030,sc01,05-07 19:00:00+02:00,102_STEAM_3,0.0
2030,sc01,05-07 19:00:00+02:00,123_CT_4,0.0
2030,sc01,05-07 19:00:00+02:00,123_STEAM_2,0.0
2030,sc01,05-07 19:00:00+02:00,113_CT_3,0.0
2030,sc01,05-07 19:00:00+02:00,118_CC_1,0.0
2030,sc01,05-07 19:00:00+02:00,123_CT_5,0.0
2030,sc01,05-07 19:00:00+02:00,113_CT_2,0.0
2030,sc01,05-07 19:00:00+02:00,101_STEAM_3,0.1719798152736181
2030,sc01,05-11 20:00:00+02:00,115_STEAM_3,1.0
2030,sc01,05-11 20:00:00+02:00,116_STEAM_1,0.0
2030,sc01,05-11 20:00:00+02:00,102_CT_1,0.0
2030,sc01,05-11 20:00:00+02:00,107_CC_1,1.0
2030,sc01,05-11 20:00:00+02:00,101_STEAM_4,0.0
2030,sc01,05-11 20:00:00+02:00,113_CT_4,0.0
2030,sc01,05-11 20:00:00+02:00,101_CT_2,0.0
2030,sc01,05-11 20:00:00+02:00,123_STEAM_3,0.0
2030,sc01,05-11 20:00:00+02:00,113_CT_1,0.0
2030,sc01,05-11 20:00:00+02:00,123_CT_1,0.0
2030,sc01,05-11 20:00:00+02:00,121_NUCLEAR_1,0.03247951326784546
2030,sc01,05-11 20:00:00+02:00,102_STEAM_4,0.0
2030,sc01,05-11 20:00:00+02:00,115_STEAM_2,0.0
2030,sc01,05-11 20:00:00+02:00,115_STEAM_1,0.0
2030,sc01,05-11 20:00:00+02:00,101_CT_1,0.0
2030,sc01,05-11 20:00:00+02:00,102_CT_2,0.0
2030,sc01,05-11 20:00:00+02:00,102_STEAM_3,0.0
2030,sc01,05-11 20:00:00+02:00,123_CT_4,0.0
2030,sc01,05-11 20:00:00+02:00,123_STEAM_2,0.0
2030,sc01,05-11 20:00:00+02:00,113_CT_3,0.0
2030,sc01,05-11 20:00:00+02:00,118_CC_1,0.0
2030,sc01,05-11 20:00:00+02:00,123_CT_5,0.0
2030,sc01,05-11 20:00:00+02:00,113_CT_2,0.0
2030,sc01,05-11 20:00:00+02:00,101_STEAM_3,0.7961162077228122
2030,sc01,05-12 10:00:00+02:00,115_STEAM_3,0.0
2030,sc01,05-12 10:00:00+02:00,116_STEAM_1,0.0
2030,sc01,05-12 10:00:00+02:00,102_CT_1,0.0
2030,sc01,05-12 10:00:00+02:00,107_CC_1,0.0
2030,sc01,05-12 10:00:00+02:00,101_STEAM_4,0.0
2030,sc01,05-12 10:00:00+02:00,113_CT_4,0.0
2030,sc01,05-12 10:00:00+02:00,101_CT_2,0.0
2030,sc01,05-12 10:00:00+02:00,123_STEAM_3,0.0
2030,sc01,05-12 10:00:00+02:00,113_CT_1,0.0
2030,sc01,05-12 10:00:00+02:00,123_CT_1,0.0
2030,sc01,05-12 10:00:00+02:00,121_NUCLEAR_1,0.0
2030,sc01,05-12 10:00:00+02:00,102_STEAM_4,0.0
2030,sc01,05-12 10:00:00+02:00,115_STEAM_2,0.0
2030,sc01,05-12 10:00:00+02:00,115_STEAM_1,0.0
2030,sc01,05-12 10:00:00+02:00,101_CT_1,0.0
2030,sc01,05-12 10:00:00+02:00,102_CT_2,0.0
2030,sc01,05-12 10:00:00+02:00,102_STEAM_3,0.0
2030,sc01,05-12 10:00:00+02:00,123_CT_4,0.0
2030,sc01,05-12 10:00:00+02:00,123_STEAM_2,0.0
2030,sc01,05-12 10:00:00+02:00,113_CT_3,0.0
2030,sc01,05-12 10:00:00+02:00,118_CC_1,0.0
2030,sc01,05-12 10:00:00+02:00,123_CT_5,0.0
2030,sc01,05-12 10:00:00+02:00,113_CT_2,0.0
2030,sc01,05-12 10:00:00+02:00,101_STEAM_3,0.0
2030,sc01,05-14 21:00:00+02:00,115_STEAM_3,1.0
2030,sc01,05-14 21:00:00+02:00,116_STEAM_1,0.0
2030,sc01,05-14 21:00:00+02:00,102_CT_1,0.0
2030,sc01,05-14 21:00:00+02:00,107_CC_1,1.0
2030,sc01,05-14 21:00:00+02:00,101_STEAM_4,0.0
2030,sc01,05-14 21:00:00+02:00,113_CT_4,0.0
2030,sc01,05-14 21:00:00+02:00,101_CT_2,0.0
2030,sc01,05-14 21:00:00+02:00,123_STEAM_3,0.0
2030,sc01,05-14 21:00:00+02:00,113_CT_1,0.0
2030,sc01,05-14 21:00:00+02:00,123_CT_1,0.0
2030,sc01,05-14 21:00:00+02:00,121_NUCLEAR_1,1.0
2030,sc01,05-14 21:00:00+02:00,102_STEAM_4,0.0
2030,sc01,05-14 21:00:00+02:00,115_STEAM_2,0.0
2030,sc01,05-14 21:00:00+02:00,115_STEAM_1,0.0
2030,sc01,05-14 21:00:00+02:00,101_CT_1,0.0
2030,sc01,05-14 21:00:00+02:00,102_CT_2,0.0
2030,sc01,05-14 21:00:00+02:00,102_STEAM_3,0.0
2030,sc01,05-14 21:00:00+02:00,123_CT_4,0.0
2030,sc01,05-14 21:00:00+02:00,123_STEAM_2,0.9758952483539999
2030,sc01,05-14 21:00:00+02:00,113_CT_3,0.0
2030,sc01,05-14 21:00:00+02:00,118_CC_1,1.0
2030,sc01,05-14 21:00:00+02:00,123_CT_5,0.0
2030,sc01,05-14 21:00:00+02:00,113_CT_2,0.0
2030,sc01,05-14 21:00:00+02:00,101_STEAM_3,0.0
2030,sc01,05-17 00:00:00+02:00,115_STEAM_3,1.0
2030,sc01,05-17 00:00:00+02:00,116_STEAM_1,0.0
2030,sc01,05-17 00:00:00+02:00,102_CT_1,0.0
2030,sc01,05-17 00:00:00+02:00,107_CC_1,1.0
2030,sc01,05-17 00:00:00+02:00,101_STEAM_4,0.0
2030,sc01,05-17 00:00:00+02:00,113_CT_4,0.0
2030,sc01,05-17 00:00:00+02:00,101_CT_2,0.0
2030,sc01,05-17 00:00:00+02:00,123_STEAM_3,0.0
2030,sc01,05-17 00:00:00+02:00,113_CT_1,0.0
2030,sc01,05-17 00:00:00+02:00,123_CT_1,0.0
2030,sc01,05-17 00:00:00+02:00,121_NUCLEAR_1,1.0
2030,sc01,05-17 00:00:00+02:00,102_STEAM_4,0.0
2030,sc01,05-17 00:00:00+02:00,115_STEAM_2,0.0
2030,sc01,05-17 00:00:00+02:00,115_STEAM_1,0.0
2030,sc01,05-17 00:00:00+02:00,101_CT_1,0.0
2030,sc01,05-17 00:00:00+02:00,102_CT_2,0.0
2030,sc01,05-17 00:00:00+02:00,102_STEAM_3,0.0
2030,sc01,05-17 00:00:00+02:00,123_CT_4,0.0
2030,sc01,05-17 00:00:00+02:00,123_STEAM_2,1.0
2030,sc01,05-17 00:00:00+02:00,113_CT_3,0.0
2030,sc01,05-17 00:00:00+02:00,118_CC_1,1.0
2030,sc01,05-17 00:00:00+02:00,123_CT_5,0.0
2030,sc01,05-17 00:00:00+02:00,113_CT_2,0.0
2030,sc01,05-17 00:00:00+02:00,101_STEAM_3,0.0
2030,sc01,05-20 18:00:00+02:00,115_STEAM_3,1.0
2030,sc01,05-20 18:00:00+02:00,116_STEAM_1,0.8870967741935484
2030,sc01,05-20 18:00:00+02:00,102_CT_1,0.0
2030,sc01,05-20 18:00:00+02:00,107_CC_1,1.0
2030,sc01,05-20 18:00:00+02:00,101_STEAM_4,0.0
2030,sc01,05-20 18:00:00+02:00,113_CT_4,0.0
2030,sc01,05-20 18:00:00+02:00,101_CT_2,0.0
2030,sc01,05-20 18:00:00+02:00,123_STEAM_3,1.0
2030,sc01,05-20 18:00:00+02:00,113_CT_1,0.0
2030,sc01,05-20 18:00:00+02:00,123_CT_1,0.0
2030,sc01,05-20 18:00:00+02:00,121_NUCLEAR_1,1.0
2030,sc01,05-20 18:00:00+02:00,102_STEAM_4,1.0
2030,sc01,05-20 18:00:00+02:00,115_STEAM_2,0.0
2030,sc01,05-20 18:00:00+02:00,115_STEAM_1,0.0
2030,sc01,05-20 18:00:00+02:00,101_CT_1,0.0
2030,sc01,05-20 18:00:00+02:00,102_CT_2,0.0
2030,sc01,05-20 18:00:00+02:00,102_STEAM_3,0.990944416083637
2030,sc01,05-20 18:00:00+02:00,123_CT_4,0.0
2030,sc01,05-20 18:00:00+02:00,123_STEAM_2,1.0
2030,sc01,05-20 18:00:00+02:00,113_CT_3,0.0
2030,sc01,05-20 18:00:00+02:00,118_CC_1,1.0
2030,sc01,05-20 18:00:00+02:00,123_CT_5,0.0
2030,sc01,05-20 18:00:00+02:00,113_CT_2,0.0
2030,sc01,05-20 18:00:00+02:00,101_STEAM_3,0.0
2030,sc01,05-20 21:00:00+02:00,115_STEAM_3,1.0
2030,sc01,05-20 21:00:00+02:00,116_STEAM_1,0.0
2030,sc01,05-20 21:00:00+02:00,102_CT_1,0.0
2030,sc01,05-20 21:00:00+02:00,107_CC_1,1.0
2030,sc01,05-20 21:00:00+02:00,101_STEAM_4,0.0
2030,sc01,05-20 21:00:00+02:00,113_CT_4,0.0
2030,sc01,05-20 21:00:00+02:00,101_CT_2,0.0
2030,sc01,05-20 21:00:00+02:00,123_STEAM_3,1.0
2030,sc01,05-20 21:00:00+02:00,113_CT_1,0.0
2030,sc01,05-20 21:00:00+02:00,123_CT_1,0.0
2030,sc01,05-20 21:00:00+02:00,121_NUCLEAR_1,1.0
2030,sc01,05-20 21:00:00+02:00,102_STEAM_4,0.0
2030,sc01,05-20 21:00:00+02:00,115_STEAM_2,0.0
2030,sc01,05-20 21:00:00+02:00,115_STEAM_1,0.0
2030,sc01,05-20 21:00:00+02:00,101_CT_1,0.0
2030,sc01,05-20 21:00:00+02:00,102_CT_2,0.0
2030,sc01,05-20 21:00:00+02:00,102_STEAM_3,0.0
2030,sc01,05-20 21:00:00+02:00,123_CT_4,0.0
2030,sc01,05-20 21:00:00+02:00,123_STEAM_2,1.0
2030,sc01,05-20 21:00:00+02:00,113_CT_3,0.0
2030,sc01,05-20 21:00:00+02:00,118_CC_1,1.0
2030,sc01,05-20 21:00:00+02:00,123_CT_5,0.0
2030,sc01,05-20 21:00:00+02:00,113_CT_2,0.0
2030,sc01,05-20 21:00:00+02:00,101_STEAM_3,0.0
2030,sc01,05-20 23:00:00+02:00,115_STEAM_3,1.0
2030,sc01,05-20 23:00:00+02:00,116_STEAM_1,0.0
2030,sc01,05-20 23:00:00+02:00,102_CT_1,0.0
2030,sc01,05-20 23:00:00+02:00,107_CC_1,1.0
2030,sc01,05-20 23:00:00+02:00,101_STEAM_4,0.0
2030,sc01,05-20 23:00:00+02:00,113_CT_4,0.0
2030,sc01,05-20 23:00:00+02:00,101_CT_2,0.0
2030,sc01,05-20 23:00:00+02:00,123_STEAM_3,1.0
2030,sc01,05-20 23:00:00+02:00,113_CT_1,0.0
2030,sc01,05-20 23:00:00+02:00,123_CT_1,0.0
2030,sc01,05-20 23:00:00+02:00,121_NUCLEAR_1,1.0
2030,sc01,05-20 23:00:00+02:00,102_STEAM_4,0.0
2030,sc01,05-20 23:00:00+02:00,115_STEAM_2,0.0
2030,sc01,05-20 23:00:00+02:00,115_STEAM_1,0.0
2030,sc01,05-20 23:00:00+02:00,101_CT_1,0.0
2030,sc01,05-20 23:00:00+02:00,102_CT_2,0.0
2030,sc01,05-20 23:00:00+02:00,102_STEAM_3,0.0
2030,sc01,05-20 23:00:00+02:00,123_CT_4,0.0
2030,sc01,05-20 23:00:00+02:00,123_STEAM_2,1.0
2030,sc01,05-20 23:00:00+02:00,113_CT_3,0.0
2030,sc01,05-20 23:00:00+02:00,118_CC_1,1.0
2030,sc01,05-20 23:00:00+02:00,123_CT_5,0.0
2030,sc01,05-20 23:00:00+02:00,113_CT_2,0.0
2030,sc01,05-20 23:00:00+02:00,101_STEAM_3,0.0
2030,sc01,05-21 15:00:00+02:00,115_STEAM_3,1.0
2030,sc01,05-21 15:00:00+02:00,116_STEAM_1,0.8870967741935484
2030,sc01,05-21 15:00:00+02:00,102_CT_1,0.0
2030,sc01,05-21 15:00:00+02:00,107_CC_1,1.0
2030,sc01,05-21 15:00:00+02:00,101_STEAM_4,0.0
2030,sc01,05-21 15:00:00+02:00,113_CT_4,0.0
2030,sc01,05-21 15:00:00+02:00,101_CT_2,0.0
2030,sc01,05-21 15:00:00+02:00,123_STEAM_3,1.0
2030,sc01,05-21 15:00:00+02:00,113_CT_1,0.0
2030,sc01,05-21 15:00:00+02:00,123_CT_1,0.0
2030,sc01,05-21 15:00:00+02:00,121_NUCLEAR_1,1.0
2030,sc01,05-21 15:00:00+02:00,102_STEAM_4,0.0
2030,sc01,05-21 15:00:00+02:00,115_STEAM_2,0.0
2030,sc01,05-21 15:00:00+02:00,115_STEAM_1,0.0
2030,sc01,05-21 15:00:00+02:00,101_CT_1,0.0
2030,sc01,05-21 15:00:00+02:00,102_CT_2,0.0
2030,sc01,05-21 15:00:00+02:00,102_STEAM_3,0.0
2030,sc01,05-21 15:00:00+02:00,123_CT_4,0.0
2030,sc01,05-21 15:00:00+02:00,123_STEAM_2,1.0
2030,sc01,05-21 15:00:00+02:00,113_CT_3,0.0
2030,sc01,05-21 15:00:00+02:00,118_CC_1,1.0
2030,sc01,05-21 15:00:00+02:00,123_CT_5,0.0
2030,sc01,05-21 15:00:00+02:00,113_CT_2,0.0
2030,sc01,05-21 15:00:00+02:00,101_STEAM_3,0.0
2030,sc01,05-21 18:00:00+02:00,115_STEAM_3,1.0
2030,sc01,05-21 18:00:00+02:00,116_STEAM_1,0.8870967741935484
2030,sc01,05-21 18:00:00+02:00,102_CT_1,0.0
2030,sc01,05-21 18:00:00+02:00,107_CC_1,1.0
2030,sc01,05-21 18:00:00+02:00,101_STEAM_4,1.0
2030,sc01,05-21 18:00:00+02:00,113_CT_4,1.0
2030,sc01,05-21 18:00:00+02:00,101_CT_2,0.0
2030,sc01,05-21 18:00:00+02:00,123_STEAM_3,1.0
2030,sc01,05-21 18:00:00+02:00,113_CT_1,0.0
2030,sc01,05-21 18:00:00+02:00,123_CT_1,0.0
2030,sc01,05-21 18:00:00+02:00,121_NUCLEAR_1,1.0
2030,sc01,05-21 18:00:00+02:00,102_STEAM_4,1.0
2030,sc01,05-21 18:00:00+02:00,115_STEAM_2,0.0
2030,sc01,05-21 18:00:00+02:00,115_STEAM_1,0.0
2030,sc01,05-21 18:00:00+02:00,101_CT_1,0.0
2030,sc01,05-21 18:00:00+02:00,102_CT_2,0.0
2030,sc01,05-21 18:00:00+02:00,102_STEAM_3,1.0
2030,sc01,05-21 18:00:00+02:00,123_CT_4,0.0
2030,sc01,05-21 18:00:00+02:00,123_STEAM_2,1.0
2030,sc01,05-21 18:00:00+02:00,113_CT_3,0.0
2030,sc01,05-21 18:00:00+02:00,118_CC_1,1.0
2030,sc01,05-21 18:00:00+02:00,123_CT_5,0.0
2030,sc01,05-21 18:00:00+02:00,113_CT_2,0.20719101136294435
2030,sc01,05-21 18:00:00+02:00,101_STEAM_3,1.0
2030,sc01,05-22 14:00:00+02:00,115_STEAM_3,1.0
2030,sc01,05-22 14:00:00+02:00,116_STEAM_1,0.0
2030,sc01,05-22 14:00:00+02:00,102_CT_1,0.0
2030,sc01,05-22 14:00:00+02:00,107_CC_1,1.0
2030,sc01,05-22 14:00:00+02:00,101_STEAM_4,0.0
2030,sc01,05-22 14:00:00+02:00,113_CT_4,0.0
2030,sc01,05-22 14:00:00+02:00,101_CT_2,0.0
2030,sc01,05-22 14:00:00+02:00,123_STEAM_3,0.0
2030,sc01,05-22 14:00:00+02:00,113_CT_1,0.0
2030,sc01,05-22 14:00:00+02:00,123_CT_1,0.0
2030,sc01,05-22 14:00:00+02:00,121_NUCLEAR_1,1.0
2030,sc01,05-22 14:00:00+02:00,102_STEAM_4,0.0
2030,sc01,05-22 14:00:00+02:00,115_STEAM_2,0.0
2030,sc01,05-22 14:00:00+02:00,115_STEAM_1,0.0
2030,sc01,05-22 14:00:00+02:00,101_CT_1,0.0
2030,sc01,05-22 14:00:00+02:00,102_CT_2,0.0
2030,sc01,05-22 14:00:00+02:00,102_STEAM_3,0.0
2030,sc01,05-22 14:00:00+02:00,123_CT_4,0.0
2030,sc01,05-22 14:00:00+02:00,123_STEAM_2,0.0
2030,sc01,05-22 14:00:00+02:00,113_CT_3,0.0
2030,sc01,05-22 14:00:00+02:00,118_CC_1,1.0
2030,sc01,05-22 14:00:00+02:00,123_CT_5,0.0
2030,sc01,05-22 14:00:00+02:00,113_CT_2,0.0
2030,sc01,05-22 14:00:00+02:00,101_STEAM_3,0.0
2030,sc01,05-24 10:00:00+02:00,115_STEAM_3,0.0
2030,sc01,05-24 10:00:00+02:00,116_STEAM_1,0.0
2030,sc01,05-24 10:00:00+02:00,102_CT_1,0.0
2030,sc01,05-24 10:00:00+02:00,107_CC_1,0.0
2030,sc01,05-24 10:00:00+02:00,101_STEAM_4,0.0
2030,sc01,05-24 10:00:00+02:00,113_CT_4,0.0
2030,sc01,05-24 10:00:00+02:00,101_CT_2,0.0
2030,sc01,05-24 10:00:00+02:00,123_STEAM_3,0.0
2030,sc01,05-24 10:00:00+02:00,113_CT_1,0.0
2030,sc01,05-24 10:00:00+02:00,123_CT_1,0.0
2030,sc01,05-24 10:00:00+02:00,121_NUCLEAR_1,0.3661424654786482
2030,sc01,05-24 10:00:00+02:00,102_STEAM_4,0.0
2030,sc01,05-24 10:00:00+02:00,115_STEAM_2,0.0
2030,sc01,05-24 10:00:00+02:00,115_STEAM_1,0.0
2030,sc01,05-24 10:00:00+02:00,101_CT_1,0.0
2030,sc01,05-24 10:00:00+02:00,102_CT_2,0.0
2030,sc01,05-24 10:00:00+02:00,102_STEAM_3,0.0
2030,sc01,05-24 10:00:00+02:00,123_CT_4,0.0
2030,sc01,05-24 10:00:00+02:00,123_STEAM_2,0.0
2030,sc01,05-24 10:00:00+02:00,113_CT_3,0.0
2030,sc01,05-24 10:00:00+02:00,118_CC_1,0.0
2030,sc01,05-24 10:00:00+02:00,123_CT_5,0.0
2030,sc01,05-24 10:00:00+02:00,113_CT_2,0.0
2030,sc01,05-24 10:00:00+02:00,101_STEAM_3,0.0
2030,sc01,05-25 17:00:00+02:00,115_STEAM_3,1.0
2030,sc01,05-25 17:00:00+02:00,116_STEAM_1,0.8870967741935484
2030,sc01,05-25 17:00:00+02:00,102_CT_1,0.0
2030,sc01,05-25 17:00:00+02:00,107_CC_1,1.0
2030,sc01,05-25 17:00:00+02:00,101_STEAM_4,1.0
2030,sc01,05-25 17:00:00+02:00,113_CT_4,0.0
2030,sc01,05-25 17:00:00+02:00,101_CT_2,0.0
2030,sc01,05-25 17:00:00+02:00,123_STEAM_3,1.0
2030,sc01,05-25 17:00:00+02:00,113_CT_1,0.0
2030,sc01,05-25 17:00:00+02:00,123_CT_1,0.0
2030,sc01,05-25 17:00:00+02:00,121_NUCLEAR_1,1.0
2030,sc01,05-25 17:00:00+02:00,102_STEAM_4,0.0
2030,sc01,05-25 17:00:00+02:00,115_STEAM_2,0.0
2030,sc01,05-25 17:00:00+02:00,115_STEAM_1,0.0
2030,sc01,05-25 17:00:00+02:00,101_CT_1,0.0
2030,sc01,05-25 17:00:00+02:00,102_CT_2,0.0
2030,sc01,05-25 17:00:00+02:00,102_STEAM_3,0.0
2030,sc01,05-25 17:00:00+02:00,123_CT_4,0.0
2030,sc01,05-25 17:00:00+02:00,123_STEAM_2,1.0
2030,sc01,05-25 17:00:00+02:00,113_CT_3,0.0
2030,sc01,05-25 17:00:00+02:00,118_CC_1,1.0
2030,sc01,05-25 17:00:00+02:00,123_CT_5,0.0
2030,sc01,05-25 17:00:00+02:00,113_CT_2,0.0
2030,sc01,05-25 17:00:00+02:00,101_STEAM_3,1.0
2030,sc01,05-29 16:00:00+02:00,115_STEAM_3,1.0
2030,sc01,05-29 16:00:00+02:00,116_STEAM_1,0.8870967741935484
2030,sc01,05-29 16:00:00+02:00,102_CT_1,0.0
2030,sc01,05-29 16:00:00+02:00,107_CC_1,1.0
2030,sc01,05-29 16:00:00+02:00,101_STEAM_4,0.0
2030,sc01,05-29 16:00:00+02:00,113_CT_4,0.0
2030,sc01,05-29 16:00:00+02:00,101_CT_2,0.0
2030,sc01,05-29 16:00:00+02:00,123_STEAM_3,1.0
2030,sc01,05-29 16:00:00+02:00,113_CT_1,0.0
2030,sc01,05-29 16:00:00+02:00,123_CT_1,0.0
2030,sc01,05-29 16:00:00+02:00,121_NUCLEAR_1,1.0
2030,sc01,05-29 16:00:00+02:00,102_STEAM_4,0.0
2030,sc01,05-29 16:00:00+02:00,115_STEAM_2,0.0
2030,sc01,05-29 16:00:00+02:00,115_STEAM_1,0.0
2030,sc01,05-29 16:00:00+02:00,101_CT_1,0.0
2030,sc01,05-29 16:00:00+02:00,102_CT_2,0.0
2030,sc01,05-29 16:00:00+02:00,102_STEAM_3,0.0
2030,sc01,05-29 16:00:00+02:00,123_CT_4,0.0
2030,sc01,05-29 16:00:00+02:00,123_STEAM_2,1.0
2030,sc01,05-29 16:00:00+02:00,113_CT_3,0.0
2030,sc01,05-29 16:00:00+02:00,118_CC_1,1.0
2030,sc01,05-29 16:00:00+02:00,123_CT_5,0.0
2030,sc01,05-29 16:00:00+02:00,113_CT_2,0.0
2030,sc01,05-29 16:00:00+02:00,101_STEAM_3,0.0
2030,sc01,05-29 17:00:00+02:00,115_STEAM_3,1.0
2030,sc01,05-29 17:00:00+02:00,116_STEAM_1,0.8870967741935484
2030,sc01,05-29 17:00:00+02:00,102_CT_1,0.0
2030,sc01,05-29 17:00:00+02:00,107_CC_1,1.0
2030,sc01,05-29 17:00:00+02:00,101_STEAM_4,1.0
2030,sc01,05-29 17:00:00+02:00,113_CT_4,0.0
2030,sc01,05-29 17:00:00+02:00,101_CT_2,0.0
2030,sc01,05-29 17:00:00+02:00,123_STEAM_3,1.0
2030,sc01,05-29 17:00:00+02:00,113_CT_1,0.0
2030,sc01,05-29 17:00:00+02:00,123_CT_1,0.0
2030,sc01,05-29 17:00:00+02:00,121_NUCLEAR_1,1.0
2030,sc01,05-29 17:00:00+02:00,102_STEAM_4,1.0
2030,sc01,05-29 17:00:00+02:00,115_STEAM_2,0.0
2030,sc01,05-29 17:00:00+02:00,115_STEAM_1,0.0
2030,sc01,05-29 17:00:00+02:00,101_CT_1,0.0
2030,sc01,05-29 17:00:00+02:00,102_CT_2,0.0
2030,sc01,05-29 17:00:00+02:00,102_STEAM_3,1.0
2030,sc01,05-29 17:00:00+02:00,123_CT_4,0.0
2030,sc01,05-29 17:00:00+02:00,123_STEAM_2,1.0
2030,sc01,05-29 17:00:00+02:00,113_CT_3,0.0
2030,sc01,05-29 17:00:00+02:00,118_CC_1,1.0
2030,sc01,05-29 17:00:00+02:00,123_CT_5,0.0
2030,sc01,05-29 17:00:00+02:00,113_CT_2,0.0
2030,sc01,05-29 17:00:00+02:00,101_STEAM_3,1.0
2030,sc01,06-02 13:00:00+02:00,115_STEAM_3,0.0
2030,sc01,06-02 13:00:00+02:00,116_STEAM_1,0.0
2030,sc01,06-02 13:00:00+02:00,102_CT_1,0.0
2030,sc01,06-02 13:00:00+02:00,107_CC_1,0.0
2030,sc01,06-02 13:00:00+02:00,101_STEAM_4,0.0
2030,sc01,06-02 13:00:00+02:00,113_CT_4,0.0
2030,sc01,06-02 13:00:00+02:00,101_CT_2,0.0
2030,sc01,06-02 13:00:00+02:00,123_STEAM_3,0.0
2030,sc01,06-02 13:00:00+02:00,113_CT_1,0.0
2030,sc01,06-02 13:00:00+02:00,123_CT_1,0.0
2030,sc01,06-02 13:00:00+02:00,121_NUCLEAR_1,0.7460187096246538
2030,sc01,06-02 13:00:00+02:00,102_STEAM_4,0.0
2030,sc01,06-02 13:00:00+02:00,115_STEAM_2,0.0
2030,sc01,06-02 13:00:00+02:00,115_STEAM_1,0.0
2030,sc01,06-02 13:00:00+02:00,101_CT_1,0.0
2030,sc01,06-02 13:00:00+02:00,102_CT_2,0.0
2030,sc01,06-02 13:00:00+02:00,102_STEAM_3,0.0
2030,sc01,06-02 13:00:00+02:00,123_CT_4,0.0
2030,sc01,06-02 13:00:00+02:00,123_STEAM_2,0.0
2030,sc01,06-02 13:00:00+02:00,113_CT_3,0.0
2030,sc01,06-02 13:00:00+02:00,118_CC_1,0.0
2030,sc01,06-02 13:00:00+02:00,123_CT_5,0.0
2030,sc01,06-02 13:00:00+02:00,113_CT_2,0.0
2030,sc01,06-02 13:00:00+02:00,101_STEAM_3,0.0
2030,sc01,06-02 20:00:00+02:00,115_STEAM_3,1.0
2030,sc01,06-02 20:00:00+02:00,116_STEAM_1,0.0
2030,sc01,06-02 20:00:00+02:00,102_CT_1,0.0
2030,sc01,06-02 20:00:00+02:00,107_CC_1,1.0
2030,sc01,06-02 20:00:00+02:00,101_STEAM_4,0.0
2030,sc01,06-02 20:00:00+02:00,113_CT_4,0.0
2030,sc01,06-02 20:00:00+02:00,101_CT_2,0.0
2030,sc01,06-02 20:00:00+02:00,123_STEAM_3,1.0
2030,sc01,06-02 20:00:00+02:00,113_CT_1,0.0
2030,sc01,06-02 20:00:00+02:00,123_CT_1,0.0
2030,sc01,06-02 20:00:00+02:00,121_NUCLEAR_1,1.0
2030,sc01,06-02 20:00:00+02:00,102_STEAM_4,0.0
2030,sc01,06-02 20:00:00+02:00,115_STEAM_2,0.0
2030,sc01,06-02 20:00:00+02:00,115_STEAM_1,0.0
2030,sc01,06-02 20:00:00+02:00,101_CT_1,0.0
2030,sc01,06-02 20:00:00+02:00,102_CT_2,0.0
2030,sc01,06-02 20:00:00+02:00,102_STEAM_3,0.0
2030,sc01,06-02 20:00:00+02:00,123_CT_4,0.0
2030,sc01,06-02 20:00:00+02:00,123_STEAM_2,1.0
2030,sc01,06-02 20:00:00+02:00,113_CT_3,0.0
2030,sc01,06-02 20:00:00+02:00,118_CC_1,1.0
2030,sc01,06-02 20:00:00+02:00,123_CT_5,0.0
2030,sc01,06-02 20:00:00+02:00,113_CT_2,0.0
2030,sc01,06-02 20:00:00+02:00,101_STEAM_3,0.0
2030,sc01,06-04 20:00:00+02:00,115_STEAM_3,1.0
2030,sc01,06-04 20:00:00+02:00,116_STEAM_1,0.0
2030,sc01,06-04 20:00:00+02:00,102_CT_1,0.0
2030,sc01,06-04 20:00:00+02:00,107_CC_1,1.0
2030,sc01,06-04 20:00:00+02:00,101_STEAM_4,1.0
2030,sc01,06-04 20:00:00+02:00,113_CT_4,0.0
2030,sc01,06-04 20:00:00+02:00,101_CT_2,0.0
2030,sc01,06-04 20:00:00+02:00,123_STEAM_3,0.09195438796417121
2030,sc01,06-04 20:00:00+02:00,113_CT_1,0.0
2030,sc01,06-04 20:00:00+02:00,123_CT_1,0.0
2030,sc01,06-04 20:00:00+02:00,121_NUCLEAR_1,1.0
2030,sc01,06-04 20:00:00+02:00,102_STEAM_4,0.0
2030,sc01,06-04 20:00:00+02:00,115_STEAM_2,0.0
2030,sc01,06-04 20:00:00+02:00,115_STEAM_1,0.0
2030,sc01,06-04 20:00:00+02:00,101_CT_1,0.0
2030,sc01,06-04 20:00:00+02:00,102_CT_2,0.0
2030,sc01,06-04 20:00:00+02:00,102_STEAM_3,0.062424246003661414
2030,sc01,06-04 20:00:00+02:00,123_CT_4,0.0
2030,sc01,06-04 20:00:00+02:00,123_STEAM_2,1.0
2030,sc01,06-04 20:00:00+02:00,113_CT_3,0.0
2030,sc01,06-04 20:00:00+02:00,118_CC_1,0.0
2030,sc01,06-04 20:00:00+02:00,123_CT_5,0.0
2030,sc01,06-04 20:00:00+02:00,113_CT_2,0.0
2030,sc01,06-04 20:00:00+02:00,101_STEAM_3,1.0
2030,sc01,06-05 22:00:00+02:00,115_STEAM_3,0.9660108491738693
2030,sc01,06-05 22:00:00+02:00,116_STEAM_1,0.0
2030,sc01,06-05 22:00:00+02:00,102_CT_1,0.0
2030,sc01,06-05 22:00:00+02:00,107_CC_1,1.0
2030,sc01,06-05 22:00:00+02:00,101_STEAM_4,0.0
2030,sc01,06-05 22:00:00+02:00,113_CT_4,0.0
2030,sc01,06-05 22:00:00+02:00,101_CT_2,0.0
2030,sc01,06-05 22:00:00+02:00,123_STEAM_3,0.0
2030,sc01,06-05 22:00:00+02:00,113_CT_1,0.0
2030,sc01,06-05 22:00:00+02:00,123_CT_1,0.0
2030,sc01,06-05 22:00:00+02:00,121_NUCLEAR_1,0.01242987068897361
2030,sc01,06-05 22:00:00+02:00,102_STEAM_4,0.0
2030,sc01,06-05 22:00:00+02:00,115_STEAM_2,0.0
2030,sc01,06-05 22:00:00+02:00,115_STEAM_1,0.0
2030,sc01,06-05 22:00:00+02:00,101_CT_1,0.0
2030,sc01,06-05 22:00:00+02:00,102_CT_2,0.0
2030,sc01,06-05 22:00:00+02:00,102_STEAM_3,0.0
2030,sc01,06-05 22:00:00+02:00,123_CT_4,0.0
2030,sc01,06-05 22:00:00+02:00,123_STEAM_2,0.0
2030,sc01,06-05 22:00:00+02:00,113_CT_3,0.0
2030,sc01,06-05 22:00:00+02:00,118_CC_1,0.0
2030,sc01,06-05 22:00:00+02:00,123_CT_5,0.0
2030,sc01,06-05 22:00:00+02:00,113_CT_2,0.0
2030,sc01,06-05 22:00:00+02:00,101_STEAM_3,0.0
2030,sc01,06-07 12:00:00+02:00,115_STEAM_3,0.0
2030,sc01,06-07 12:00:00+02:00,116_STEAM_1,0.8754177736895188
2030,sc01,06-07 12:00:00+02:00,102_CT_1,0.0
2030,sc01,06-07 12:00:00+02:00,107_CC_1,1.0
2030,sc01,06-07 12:00:00+02:00,101_STEAM_4,0.0
2030,sc01,06-07 12:00:00+02:00,113_CT_4,0.0
2030,sc01,06-07 12:00:00+02:00,101_CT_2,0.0
2030,sc01,06-07 12:00:00+02:00,123_STEAM_3,0.0
2030,sc01,06-07 12:00:00+02:00,113_CT_1,0.0
2030,sc01,06-07 12:00:00+02:00,123_CT_1,0.0
2030,sc01,06-07 12:00:00+02:00,121_NUCLEAR_1,1.0
2030,sc01,06-07 12:00:00+02:00,102_STEAM_4,0.0
2030,sc01,06-07 12:00:00+02:00,115_STEAM_2,0.0
2030,sc01,06-07 12:00:00+02:00,115_STEAM_1,0.0
2030,sc01,06-07 12:00:00+02:00,101_CT_1,0.0
2030,sc01,06-07 12:00:00+02:00,102_CT_2,0.0
2030,sc01,06-07 12:00:00+02:00,102_STEAM_3,0.0
2030,sc01,06-07 12:00:00+02:00,123_CT_4,0.0
2030,sc01,06-07 12:00:00+02:00,123_STEAM_2,1.0
2030,sc01,06-07 12:00:00+02:00,113_CT_3,0.0
2030,sc01,06-07 12:00:00+02:00,118_CC_1,1.0
2030,sc01,06-07 12:00:00+02:00,123_CT_5,0.0
2030,sc01,06-07 12:00:00+02:00,113_CT_2,0.0
2030,sc01,06-07 12:00:00+02:00,101_STEAM_3,0.0
2030,sc01,06-08 16:00:00+02:00,115_STEAM_3,1.0
2030,sc01,06-08 16:00:00+02:00,116_STEAM_1,0.0
2030,sc01,06-08 16:00:00+02:00,102_CT_1,0.0
2030,sc01,06-08 16:00:00+02:00,107_CC_1,1.0
2030,sc01,06-08 16:00:00+02:00,101_STEAM_4,1.0
2030,sc01,06-08 16:00:00+02:00,113_CT_4,0.0
2030,sc01,06-08 16:00:00+02:00,101_CT_2,0.0
2030,sc01,06-08 16:00:00+02:00,123_STEAM_3,0.0
2030,sc01,06-08 16:00:00+02:00,113_CT_1,0.0
2030,sc01,06-08 16:00:00+02:00,123_CT_1,0.0
2030,sc01,06-08 16:00:00+02:00,121_NUCLEAR_1,0.2628748764615997
2030,sc01,06-08 16:00:00+02:00,102_STEAM_4,0.0
2030,sc01,06-08 16:00:00+02:00,115_STEAM_2,0.0
2030,sc01,06-08 16:00:00+02:00,115_STEAM_1,0.0
2030,sc01,06-08 16:00:00+02:00,101_CT_1,0.0
2030,sc01,06-08 16:00:00+02:00,102_CT_2,0.0
2030,sc01,06-08 16:00:00+02:00,102_STEAM_3,0.0
2030,sc01,06-08 16:00:00+02:00,123_CT_4,0.0
2030,sc01,06-08 16:00:00+02:00,123_STEAM_2,0.0
2030,sc01,06-08 16:00:00+02:00,113_CT_3,0.0
2030,sc01,06-08 16:00:00+02:00,118_CC_1,0.0
2030,sc01,06-08 16:00:00+02:00,123_CT_5,0.0
2030,sc01,06-08 16:00:00+02:00,113_CT_2,0.0
2030,sc01,06-08 16:00:00+02:00,101_STEAM_3,1.0
2030,sc01,06-09 21:00:00+02:00,115_STEAM_3,1.0
2030,sc01,06-09 21:00:00+02:00,116_STEAM_1,0.8870967741935484
2030,sc01,06-09 21:00:00+02:00,102_CT_1,0.0
2030,sc01,06-09 21:00:00+02:00,107_CC_1,1.0
2030,sc01,06-09 21:00:00+02:00,101_STEAM_4,0.0
2030,sc01,06-09 21:00:00+02:00,113_CT_4,0.0
2030,sc01,06-09 21:00:00+02:00,101_CT_2,0.0
2030,sc01,06-09 21:00:00+02:00,123_STEAM_3,1.0
2030,sc01,06-09 21:00:00+02:00,113_CT_1,0.0
2030,sc01,06-09 21:00:00+02:00,123_CT_1,0.0
2030,sc01,06-09 21:00:00+02:00,121_NUCLEAR_1,1.0
2030,sc01,06-09 21:00:00+02:00,102_STEAM_4,1.0
2030,sc01,06-09 21:00:00+02:00,115_STEAM_2,0.0
2030,sc01,06-09 21:00:00+02:00,115_STEAM_1,0.0
2030,sc01,06-09 21:00:00+02:00,101_CT_1,0.0
2030,sc01,06-09 21:00:00+02:00,102_CT_2,0.0
2030,sc01,06-09 21:00:00+02:00,102_STEAM_3,1.0
2030,sc01,06-09 21:00:00+02:00,123_CT_4,0.0
2030,sc01,06-09 21:00:00+02:00,123_STEAM_2,1.0
2030,sc01,06-09 21:00:00+02:00,113_CT_3,0.0
2030,sc01,06-09 21:00:00+02:00,118_CC_1,1.0
2030,sc01,06-09 21:00:00+02:00,123_CT_5,0.0
2030,sc01,06-09 21:00:00+02:00,113_CT_2,0.0
2030,sc01,06-09 21:00:00+02:00,101_STEAM_3,0.0
2030,sc01,06-11 01:00:00+02:00,115_STEAM_3,1.0
2030,sc01,06-11 01:00:00+02:00,116_STEAM_1,0.0
2030,sc01,06-11 01:00:00+02:00,102_CT_1,0.0
2030,sc01,06-11 01:00:00+02:00,107_CC_1,1.0
2030,sc01,06-11 01:00:00+02:00,101_STEAM_4,0.0
2030,sc01,06-11 01:00:00+02:00,113_CT_4,0.0
2030,sc01,06-11 01:00:00+02:00,101_CT_2,0.0
2030,sc01,06-11 01:00:00+02:00,123_STEAM_3,0.0
2030,sc01,06-11 01:00:00+02:00,113_CT_1,0.0
2030,sc01,06-11 01:00:00+02:00,123_CT_1,0.0
2030,sc01,06-11 01:00:00+02:00,121_NUCLEAR_1,1.0
2030,sc01,06-11 01:00:00+02:00,102_STEAM_4,0.0
2030,sc01,06-11 01:00:00+02:00,115_STEAM_2,0.0
2030,sc01,06-11 01:00:00+02:00,115_STEAM_1,0.0
2030,sc01,06-11 01:00:00+02:00,101_CT_1,0.0
2030,sc01,06-11 01:00:00+02:00,102_CT_2,0.0
2030,sc01,06-11 01:00:00+02:00,102_STEAM_3,0.0
2030,sc01,06-11 01:00:00+02:00,123_CT_4,0.0
2030,sc01,06-11 01:00:00+02:00,123_STEAM_2,0.0
2030,sc01,06-11 01:00:00+02:00,113_CT_3,0.0
2030,sc01,06-11 01:00:00+02:00,118_CC_1,0.6941516587781585
2030,sc01,06-11 01:00:00+02:00,123_CT_5,0.0
2030,sc01,06-11 01:00:00+02:00,113_CT_2,0.0
2030,sc01,06-11 01:00:00+02:00,101_STEAM_3,0.0
2030,sc01,06-12 20:00:00+02:00,115_STEAM_3,1.0
2030,sc01,06-12 20:00:00+02:00,116_STEAM_1,0.0
2030,sc01,06-12 20:00:00+02:00,102_CT_1,0.0
2030,sc01,06-12 20:00:00+02:00,107_CC_1,1.0
2030,sc01,06-12 20:00:00+02:00,101_STEAM_4,1.0
2030,sc01,06-12 20:00:00+02:00,113_CT_4,0.0
2030,sc01,06-12 20:00:00+02:00,101_CT_2,0.0
2030,sc01,06-12 20:00:00+02:00,123_STEAM_3,0.0
2030,sc01,06-12 20:00:00+02:00,113_CT_1,0.0
2030,sc01,06-12 20:00:00+02:00,123_CT_1,0.0
2030,sc01,06-12 20:00:00+02:00,121_NUCLEAR_1,0.8278188222665549
2030,sc01,06-12 20:00:00+02:00,102_STEAM_4,1.0
2030,sc01,06-12 20:00:00+02:00,115_STEAM_2,0.0
2030,sc01,06-12 20:00:00+02:00,115_STEAM_1,0.0
2030,sc01,06-12 20:00:00+02:00,101_CT_1,0.0
2030,sc01,06-12 20:00:00+02:00,102_CT_2,0.0
2030,sc01,06-12 20:00:00+02:00,102_STEAM_3,1.0
2030,sc01,06-12 20:00:00+02:00,123_CT_4,0.0
2030,sc01,06-12 20:00:00+02:00,123_STEAM_2,0.9136621141120437
2030,sc01,06-12 20:00:00+02:00,113_CT_3,0.0
2030,sc01,06-12 20:00:00+02:00,118_CC_1,0.0
2030,sc01,06-12 20:00:00+02:00,123_CT_5,0.0
2030,sc01,06-12 20:00:00+02:00,113_CT_2,0.0
2030,sc01,06-12 20:00:00+02:00,101_STEAM_3,1.0
2030,sc01,06-13 16:00:00+02:00,115_STEAM_3,1.0
2030,sc01,06-13 16:00:00+02:00,116_STEAM_1,0.0
2030,sc01,06-13 16:00:00+02:00,102_CT_1,0.0
2030,sc01,06-13 16:00:00+02:00,107_CC_1,1.0
2030,sc01,06-13 16:00:00+02:00,101_STEAM_4,0.0
2030,sc01,06-13 16:00:00+02:00,113_CT_4,0.0
2030,sc01,06-13 16:00:00+02:00,101_CT_2,0.0
2030,sc01,06-13 16:00:00+02:00,123_STEAM_3,1.0
2030,sc01,06-13 16:00:00+02:00,113_CT_1,0.0
2030,sc01,06-13 16:00:00+02:00,123_CT_1,0.0
2030,sc01,06-13 16:00:00+02:00,121_NUCLEAR_1,1.0
2030,sc01,06-13 16:00:00+02:00,102_STEAM_4,0.0
2030,sc01,06-13 16:00:00+02:00,115_STEAM_2,0.0
2030,sc01,06-13 16:00:00+02:00,115_STEAM_1,0.0
2030,sc01,06-13 16:00:00+02:00,101_CT_1,0.0
2030,sc01,06-13 16:00:00+02:00,102_CT_2,0.0
2030,sc01,06-13 16:00:00+02:00,102_STEAM_3,0.0
2030,sc01,06-13 16:00:00+02:00,123_CT_4,0.0
2030,sc01,06-13 16:00:00+02:00,123_STEAM_2,1.0
2030,sc01,06-13 16:00:00+02:00,113_CT_3,0.0
2030,sc01,06-13 16:00:00+02:00,118_CC_1,1.0
2030,sc01,06-13 16:00:00+02:00,123_CT_5,0.0
2030,sc01,06-13 16:00:00+02:00,113_CT_2,0.0
2030,sc01,06-13 16:00:00+02:00,101_STEAM_3,0.0
2030,sc01,06-16 07:00:00+02:00,115_STEAM_3,0.0
2030,sc01,06-16 07:00:00+02:00,116_STEAM_1,0.0
2030,sc01,06-16 07:00:00+02:00,102_CT_1,0.0
2030,sc01,06-16 07:00:00+02:00,107_CC_1,0.4437412793742821
2030,sc01,06-16 07:00:00+02:00,101_STEAM_4,0.0
2030,sc01,06-16 07:00:00+02:00,113_CT_4,0.0
2030,sc01,06-16 07:00:00+02:00,101_CT_2,0.0
2030,sc01,06-16 07:00:00+02:00,123_STEAM_3,0.0
2030,sc01,06-16 07:00:00+02:00,113_CT_1,0.0
2030,sc01,06-16 07:00:00+02:00,123_CT_1,0.0
2030,sc01,06-16 07:00:00+02:00,121_NUCLEAR_1,1.0
2030,sc01,06-16 07:00:00+02:00,102_STEAM_4,0.0
2030,sc01,06-16 07:00:00+02:00,115_STEAM_2,0.0
2030,sc01,06-16 07:00:00+02:00,115_STEAM_1,0.0
2030,sc01,06-16 07:00:00+02:00,101_CT_1,0.0
2030,sc01,06-16 07:00:00+02:00,102_CT_2,0.0
2030,sc01,06-16 07:00:00+02:00,102_STEAM_3,0.0
2030,sc01,06-16 07:00:00+02:00,123_CT_4,0.0
2030,sc01,06-16 07:00:00+02:00,123_STEAM_2,0.0
2030,sc01,06-16 07:00:00+02:00,113_CT_3,0.0
2030,sc01,06-16 07:00:00+02:00,118_CC_1,0.0
2030,sc01,06-16 07:00:00+02:00,123_CT_5,0.0
2030,sc01,06-16 07:00:00+02:00,113_CT_2,0.0
2030,sc01,06-16 07:00:00+02:00,101_STEAM_3,0.0
2030,sc01,06-16 14:00:00+02:00,115_STEAM_3,0.5313180132537175
2030,sc01,06-16 14:00:00+02:00,116_STEAM_1,0.0
2030,sc01,06-16 14:00:00+02:00,102_CT_1,0.0
2030,sc01,06-16 14:00:00+02:00,107_CC_1,1.0
2030,sc01,06-16 14:00:00+02:00,101_STEAM_4,0.0
2030,sc01,06-16 14:00:00+02:00,113_CT_4,0.0
2030,sc01,06-16 14:00:00+02:00,101_CT_2,0.0
2030,sc01,06-16 14:00:00+02:00,123_STEAM_3,0.0
2030,sc01,06-16 14:00:00+02:00,113_CT_1,0.0
2030,sc01,06-16 14:00:00+02:00,123_CT_1,0.0
2030,sc01,06-16 14:00:00+02:00,121_NUCLEAR_1,1.0
2030,sc01,06-16 14:00:00+02:00,102_STEAM_4,0.0
2030,sc01,06-16 14:00:00+02:00,115_STEAM_2,0.0
2030,sc01,06-16 14:00:00+02:00,115_STEAM_1,0.0
2030,sc01,06-16 14:00:00+02:00,101_CT_1,0.0
2030,sc01,06-16 14:00:00+02:00,102_CT_2,0.0
2030,sc01,06-16 14:00:00+02:00,102_STEAM_3,0.0
2030,sc01,06-16 14:00:00+02:00,123_CT_4,0.0
2030,sc01,06-16 14:00:00+02:00,123_STEAM_2,0.0
2030,sc01,06-16 14:00:00+02:00,113_CT_3,0.0
2030,sc01,06-16 14:00:00+02:00,118_CC_1,1.0
2030,sc01,06-16 14:00:00+02:00,123_CT_5,0.0
2030,sc01,06-16 14:00:00+02:00,113_CT_2,0.0
2030,sc01,06-16 14:00:00+02:00,101_STEAM_3,0.0
2030,sc01,06-16 15:00:00+02:00,115_STEAM_3,1.0
2030,sc01,06-16 15:00:00+02:00,116_STEAM_1,0.8870967741935484
2030,sc01,06-16 15:00:00+02:00,102_CT_1,0.0
2030,sc01,06-16 15:00:00+02:00,107_CC_1,1.0
2030,sc01,06-16 15:00:00+02:00,101_STEAM_4,0.0
2030,sc01,06-16 15:00:00+02:00,113_CT_4,0.0
2030,sc01,06-16 15:00:00+02:00,101_CT_2,0.0
2030,sc01,06-16 15:00:00+02:00,123_STEAM_3,1.0
2030,sc01,06-16 15:00:00+02:00,113_CT_1,0.0
2030,sc01,06-16 15:00:00+02:00,123_CT_1,0.0
2030,sc01,06-16 15:00:00+02:00,121_NUCLEAR_1,1.0
2030,sc01,06-16 15:00:00+02:00,102_STEAM_4,0.0
2030,sc01,06-16 15:00:00+02:00,115_STEAM_2,0.0
2030,sc01,06-16 15:00:00+02:00,115_STEAM_1,0.0
2030,sc01,06-16 15:00:00+02:00,101_CT_1,0.0
2030,sc01,06-16 15:00:00+02:00,102_CT_2,0.0
2030,sc01,06-16 15:00:00+02:00,102_STEAM_3,0.0
2030,sc01,06-16 15:00:00+02:00,123_CT_4,0.0
2030,sc01,06-16 15:00:00+02:00,123_STEAM_2,1.0
2030,sc01,06-16 15:00:00+02:00,113_CT_3,0.0
2030,sc01,06-16 15:00:00+02:00,118_CC_1,1.0
2030,sc01,06-16 15:00:00+02:00,123_CT_5,0.0
2030,sc01,06-16 15:00:00+02:00,113_CT_2,0.0
2030,sc01,06-16 15:00:00+02:00,101_STEAM_3,0.0
2030,sc01,06-18 15:00:00+02:00,115_STEAM_3,0.6195200230997494
2030,sc01,06-18 15:00:00+02:00,116_STEAM_1,0.0
2030,sc01,06-18 15:00:00+02:00,102_CT_1,0.0
2030,sc01,06-18 15:00:00+02:00,107_CC_1,1.0
2030,sc01,06-18 15:00:00+02:00,101_STEAM_4,0.0
2030,sc01,06-18 15:00:00+02:00,113_CT_4,0.0
2030,sc01,06-18 15:00:00+02:00,101_CT_2,0.0
2030,sc01,06-18 15:00:00+02:00,123_STEAM_3,0.0
2030,sc01,06-18 15:00:00+02:00,113_CT_1,0.0
2030,sc01,06-18 15:00:00+02:00,123_CT_1,0.0
2030,sc01,06-18 15:00:00+02:00,121_NUCLEAR_1,0.0
2030,sc01,06-18 15:00:00+02:00,102_STEAM_4,0.0
2030,sc01,06-18 15:00:00+02:00,115_STEAM_2,0.0
2030,sc01,06-18 15:00:00+02:00,115_STEAM_1,0.0
2030,sc01,06-18 15:00:00+02:00,101_CT_1,0.0
2030,sc01,06-18 15:00:00+02:00,102_CT_2,0.0
2030,sc01,06-18 15:00:00+02:00,102_STEAM_3,0.0
2030,sc01,06-18 15:00:00+02:00,123_CT_4,0.0
2030,sc01,06-18 15:00:00+02:00,123_STEAM_2,0.0
2030,sc01,06-18 15:00:00+02:00,113_CT_3,0.0
2030,sc01,06-18 15:00:00+02:00,118_CC_1,0.0
2030,sc01,06-18 15:00:00+02:00,123_CT_5,0.0
2030,sc01,06-18 15:00:00+02:00,113_CT_2,0.0
2030,sc01,06-18 15:00:00+02:00,101_STEAM_3,0.0
2030,sc01,06-21 17:00:00+02:00,115_STEAM_3,1.0
2030,sc01,06-21 17:00:00+02:00,116_STEAM_1,0.8870967741935484
2030,sc01,06-21 17:00:00+02:00,102_CT_1,0.0
2030,sc01,06-21 17:00:00+02:00,107_CC_1,1.0
2030,sc01,06-21 17:00:00+02:00,101_STEAM_4,1.0
2030,sc01,06-21 17:00:00+02:00,113_CT_4,0.0
2030,sc01,06-21 17:00:00+02:00,101_CT_2,0.0
2030,sc01,06-21 17:00:00+02:00,123_STEAM_3,1.0
2030,sc01,06-21 17:00:00+02:00,113_CT_1,0.0
2030,sc01,06-21 17:00:00+02:00,123_CT_1,0.0
2030,sc01,06-21 17:00:00+02:00,121_NUCLEAR_1,1.0
2030,sc01,06-21 17:00:00+02:00,102_STEAM_4,0.0
2030,sc01,06-21 17:00:00+02:00,115_STEAM_2,0.0
2030,sc01,06-21 17:00:00+02:00,115_STEAM_1,0.0
2030,sc01,06-21 17:00:00+02:00,101_CT_1,0.0
2030,sc01,06-21 17:00:00+02:00,102_CT_2,0.0
2030,sc01,06-21 17:00:00+02:00,102_STEAM_3,0.0
2030,sc01,06-21 17:00:00+02:00,123_CT_4,0.0
2030,sc01,06-21 17:00:00+02:00,123_STEAM_2,1.0
2030,sc01,06-21 17:00:00+02:00,113_CT_3,0.0
2030,sc01,06-21 17:00:00+02:00,118_CC_1,1.0
2030,sc01,06-21 17:00:00+02:00,123_CT_5,0.0
2030,sc01,06-21 17:00:00+02:00,113_CT_2,0.0
2030,sc01,06-21 17:00:00+02:00,101_STEAM_3,0.14850465665728613
2030,sc01,06-23 08:00:00+02:00,115_STEAM_3,0.0
2030,sc01,06-23 08:00:00+02:00,116_STEAM_1,0.0
2030,sc01,06-23 08:00:00+02:00,102_CT_1,0.0
2030,sc01,06-23 08:00:00+02:00,107_CC_1,0.0
2030,sc01,06-23 08:00:00+02:00,101_STEAM_4,0.0
2030,sc01,06-23 08:00:00+02:00,113_CT_4,0.0
2030,sc01,06-23 08:00:00+02:00,101_CT_2,0.0
2030,sc01,06-23 08:00:00+02:00,123_STEAM_3,0.0
2030,sc01,06-23 08:00:00+02:00,113_CT_1,0.0
2030,sc01,06-23 08:00:00+02:00,123_CT_1,0.0
2030,sc01,06-23 08:00:00+02:00,121_NUCLEAR_1,0.0
2030,sc01,06-23 08:00:00+02:00,102_STEAM_4,0.0
2030,sc01,06-23 08:00:00+02:00,115_STEAM_2,0.0
2030,sc01,06-23 08:00:00+02:00,115_STEAM_1,0.0
2030,sc01,06-23 08:00:00+02:00,101_CT_1,0.0
2030,sc01,06-23 08:00:00+02:00,102_CT_2,0.0
2030,sc01,06-23 08:00:00+02:00,102_STEAM_3,0.0
2030,sc01,06-23 08:00:00+02:00,123_CT_4,0.0
2030,sc01,06-23 08:00:00+02:00,123_STEAM_2,0.0
2030,sc01,06-23 08:00:00+02:00,113_CT_3,0.0
2030,sc01,06-23 08:00:00+02:00,118_CC_1,0.0
2030,sc01,06-23 08:00:00+02:00,123_CT_5,0.0
2030,sc01,06-23 08:00:00+02:00,113_CT_2,0.0
2030,sc01,06-23 08:00:00+02:00,101_STEAM_3,0.0
2030,sc01,06-23 18:00:00+02:00,115_STEAM_3,1.0
2030,sc01,06-23 18:00:00+02:00,116_STEAM_1,0.0
2030,sc01,06-23 18:00:00+02:00,102_CT_1,0.47627142435613967
2030,sc01,06-23 18:00:00+02:00,107_CC_1,1.0
2030,sc01,06-23 18:00:00+02:00,101_STEAM_4,1.0
2030,sc01,06-23 18:00:00+02:00,113_CT_4,0.0
2030,sc01,06-23 18:00:00+02:00,101_CT_2,1.0
2030,sc01,06-23 18:00:00+02:00,123_STEAM_3,1.0
2030,sc01,06-23 18:00:00+02:00,113_CT_1,0.0
2030,sc01,06-23 18:00:00+02:00,123_CT_1,0.0
2030,sc01,06-23 18:00:00+02:00,121_NUCLEAR_1,0.20187629310551758
2030,sc01,06-23 18:00:00+02:00,102_STEAM_4,1.0
2030,sc01,06-23 18:00:00+02:00,115_STEAM_2,0.0
2030,sc01,06-23 18:00:00+02:00,115_STEAM_1,0.0
2030,sc01,06-23 18:00:00+02:00,101_CT_1,1.0
2030,sc01,06-23 18:00:00+02:00,102_CT_2,1.0
2030,sc01,06-23 18:00:00+02:00,102_STEAM_3,1.0
2030,sc01,06-23 18:00:00+02:00,123_CT_4,0.0
2030,sc01,06-23 18:00:00+02:00,123_STEAM_2,1.0
2030,sc01,06-23 18:00:00+02:00,113_CT_3,0.0
2030,sc01,06-23 18:00:00+02:00,118_CC_1,0.0
2030,sc01,06-23 18:00:00+02:00,123_CT_5,0.0
2030,sc01,06-23 18:00:00+02:00,113_CT_2,0.0
2030,sc01,06-23 18:00:00+02:00,101_STEAM_3,1.0
2030,sc01,06-23 21:00:00+02:00,115_STEAM_3,1.0
2030,sc01,06-23 21:00:00+02:00,116_STEAM_1,0.0
2030,sc01,06-23 21:00:00+02:00,102_CT_1,0.0
2030,sc01,06-23 21:00:00+02:00,107_CC_1,1.0
2030,sc01,06-23 21:00:00+02:00,101_STEAM_4,1.0
2030,sc01,06-23 21:00:00+02:00,113_CT_4,0.0
2030,sc01,06-23 21:00:00+02:00,101_CT_2,0.0
2030,sc01,06-23 21:00:00+02:00,123_STEAM_3,0.0
2030,sc01,06-23 21:00:00+02:00,113_CT_1,0.0
2030,sc01,06-23 21:00:00+02:00,123_CT_1,0.0
2030,sc01,06-23 21:00:00+02:00,121_NUCLEAR_1,0.22548306178161687
2030,sc01,06-23 21:00:00+02:00,102_STEAM_4,1.0
2030,sc01,06-23 21:00:00+02:00,115_STEAM_2,0.0
2030,sc01,06-23 21:00:00+02:00,115_STEAM_1,0.0
2030,sc01,06-23 21:00:00+02:00,101_CT_1,0.0
2030,sc01,06-23 21:00:00+02:00,102_CT_2,0.0
2030,sc01,06-23 21:00:00+02:00,102_STEAM_3,1.0
2030,sc01,06-23 21:00:00+02:00,123_CT_4,0.0
2030,sc01,06-23 21:00:00+02:00,123_STEAM_2,0.0
2030,sc01,06-23 21:00:00+02:00,113_CT_3,0.0
2030,sc01,06-23 21:00:00+02:00,118_CC_1,0.0
2030,sc01,06-23 21:00:00+02:00,123_CT_5,0.0
2030,sc01,06-23 21:00:00+02:00,113_CT_2,0.0
2030,sc01,06-23 21:00:00+02:00,101_STEAM_3,1.0
2030,sc01,06-28 05:00:00+02:00,115_STEAM_3,0.0
2030,sc01,06-28 05:00:00+02:00,116_STEAM_1,0.0
2030,sc01,06-28 05:00:00+02:00,102_CT_1,0.0
2030,sc01,06-28 05:00:00+02:00,107_CC_1,1.0
2030,sc01,06-28 05:00:00+02:00,101_STEAM_4,0.0
2030,sc01,06-28 05:00:00+02:00,113_CT_4,0.0
2030,sc01,06-28 05:00:00+02:00,101_CT_2,0.0
2030,sc01,06-28 05:00:00+02:00,123_STEAM_3,0.9292771614130451
2030,sc01,06-28 05:00:00+02:00,113_CT_1,0.0
2030,sc01,06-28 05:00:00+02:00,123_CT_1,0.0
2030,sc01,06-28 05:00:00+02:00,121_NUCLEAR_1,1.0
2030,sc01,06-28 05:00:00+02:00,102_STEAM_4,0.0
2030,sc01,06-28 05:00:00+02:00,115_STEAM_2,0.0
2030,sc01,06-28 05:00:00+02:00,115_STEAM_1,0.0
2030,sc01,06-28 05:00:00+02:00,101_CT_1,0.0
2030,sc01,06-28 05:00:00+02:00,102_CT_2,0.0
2030,sc01,06-28 05:00:00+02:00,102_STEAM_3,0.0
2030,sc01,06-28 05:00:00+02:00,123_CT_4,0.0
2030,sc01,06-28 05:00:00+02:00,123_STEAM_2,0.0
2030,sc01,06-28 05:00:00+02:00,113_CT_3,0.0
2030,sc01,06-28 05:00:00+02:00,118_CC_1,1.0
2030,sc01,06-28 05:00:00+02:00,123_CT_5,0.0
2030,sc01,06-28 05:00:00+02:00,113_CT_2,0.0
2030,sc01,06-28 05:00:00+02:00,101_STEAM_3,0.0
2030,sc01,06-28 08:00:00+02:00,115_STEAM_3,0.0
2030,sc01,06-28 08:00:00+02:00,116_STEAM_1,0.0
2030,sc01,06-28 08:00:00+02:00,102_CT_1,0.0
2030,sc01,06-28 08:00:00+02:00,107_CC_1,1.0
2030,sc01,06-28 08:00:00+02:00,101_STEAM_4,0.0
2030,sc01,06-28 08:00:00+02:00,113_CT_4,0.0
2030,sc01,06-28 08:00:00+02:00,101_CT_2,0.0
2030,sc01,06-28 08:00:00+02:00,123_STEAM_3,0.0
2030,sc01,06-28 08:00:00+02:00,113_CT_1,0.0
2030,sc01,06-28 08:00:00+02:00,123_CT_1,0.0
2030,sc01,06-28 08:00:00+02:00,121_NUCLEAR_1,1.0
2030,sc01,06-28 08:00:00+02:00,102_STEAM_4,0.0
2030,sc01,06-28 08:00:00+02:00,115_STEAM_2,0.0
2030,sc01,06-28 08:00:00+02:00,115_STEAM_1,0.0
2030,sc01,06-28 08:00:00+02:00,101_CT_1,0.0
2030,sc01,06-28 08:00:00+02:00,102_CT_2,0.0
2030,sc01,06-28 08:00:00+02:00,102_STEAM_3,0.0
2030,sc01,06-28 08:00:00+02:00,123_CT_4,0.0
2030,sc01,06-28 08:00:00+02:00,123_STEAM_2,0.0
2030,sc01,06-28 08:00:00+02:00,113_CT_3,0.0
2030,sc01,06-28 08:00:00+02:00,118_CC_1,1.0
2030,sc01,06-28 08:00:00+02:00,123_CT_5,0.0
2030,sc01,06-28 08:00:00+02:00,113_CT_2,0.0
2030,sc01,06-28 08:00:00+02:00,101_STEAM_3,0.0
2030,sc01,06-28 15:00:00+02:00,115_STEAM_3,1.0
2030,sc01,06-28 15:00:00+02:00,116_STEAM_1,0.0
2030,sc01,06-28 15:00:00+02:00,102_CT_1,0.0
2030,sc01,06-28 15:00:00+02:00,107_CC_1,1.0
2030,sc01,06-28 15:00:00+02:00,101_STEAM_4,0.0
2030,sc01,06-28 15:00:00+02:00,113_CT_4,0.0
2030,sc01,06-28 15:00:00+02:00,101_CT_2,0.0
2030,sc01,06-28 15:00:00+02:00,123_STEAM_3,1.0
2030,sc01,06-28 15:00:00+02:00,113_CT_1,0.0
2030,sc01,06-28 15:00:00+02:00,123_CT_1,0.0
2030,sc01,06-28 15:00:00+02:00,121_NUCLEAR_1,1.0
2030,sc01,06-28 15:00:00+02:00,102_STEAM_4,0.0
2030,sc01,06-28 15:00:00+02:00,115_STEAM_2,0.0
2030,sc01,06-28 15:00:00+02:00,115_STEAM_1,0.0
2030,sc01,06-28 15:00:00+02:00,101_CT_1,0.0
2030,sc01,06-28 15:00:00+02:00,102_CT_2,0.0
2030,sc01,06-28 15:00:00+02:00,102_STEAM_3,0.0
2030,sc01,06-28 15:00:00+02:00,123_CT_4,0.0
2030,sc01,06-28 15:00:00+02:00,123_STEAM_2,1.0
2030,sc01,06-28 15:00:00+02:00,113_CT_3,0.0
2030,sc01,06-28 15:00:00+02:00,118_CC_1,1.0
2030,sc01,06-28 15:00:00+02:00,123_CT_5,0.0
2030,sc01,06-28 15:00:00+02:00,113_CT_2,0.0
2030,sc01,06-28 15:00:00+02:00,101_STEAM_3,0.0
2030,sc01,06-28 19:00:00+02:00,115_STEAM_3,1.0
2030,sc01,06-28 19:00:00+02:00,116_STEAM_1,0.8870967741935484
2030,sc01,06-28 19:00:00+02:00,102_CT_1,0.0
2030,sc01,06-28 19:00:00+02:00,107_CC_1,1.0
2030,sc01,06-28 19:00:00+02:00,101_STEAM_4,1.0
2030,sc01,06-28 19:00:00+02:00,113_CT_4,1.0
2030,sc01,06-28 19:00:00+02:00,101_CT_2,0.0
2030,sc01,06-28 19:00:00+02:00,123_STEAM_3,1.0
2030,sc01,06-28 19:00:00+02:00,113_CT_1,0.8437309676553874
2030,sc01,06-28 19:00:00+02:00,123_CT_1,0.0
2030,sc01,06-28 19:00:00+02:00,121_NUCLEAR_1,1.0
2030,sc01,06-28 19:00:00+02:00,102_STEAM_4,1.0
2030,sc01,06-28 19:00:00+02:00,115_STEAM_2,0.0
2030,sc01,06-28 19:00:00+02:00,115_STEAM_1,0.0
2030,sc01,06-28 19:00:00+02:00,101_CT_1,0.0
2030,sc01,06-28 19:00:00+02:00,102_CT_2,0.0
2030,sc01,06-28 19:00:00+02:00,102_STEAM_3,1.0
2030,sc01,06-28 19:00:00+02:00,123_CT_4,0.0
2030,sc01,06-28 19:00:00+02:00,123_STEAM_2,1.0
2030,sc01,06-28 19:00:00+02:00,113_CT_3,0.0
2030,sc01,06-28 19:00:00+02:00,118_CC_1,1.0
2030,sc01,06-28 19:00:00+02:00,123_CT_5,0.0
2030,sc01,06-28 19:00:00+02:00,113_CT_2,1.0
2030,sc01,06-28 19:00:00+02:00,101_STEAM_3,1.0
2030,sc01,06-30 17:00:00+02:00,115_STEAM_3,1.0
2030,sc01,06-30 17:00:00+02:00,116_STEAM_1,0.8870967741935484
2030,sc01,06-30 17:00:00+02:00,102_CT_1,0.0
2030,sc01,06-30 17:00:00+02:00,107_CC_1,1.0
2030,sc01,06-30 17:00:00+02:00,101_STEAM_4,0.6330429827220455
2030,sc01,06-30 17:00:00+02:00,113_CT_4,0.0
2030,sc01,06-30 17:00:00+02:00,101_CT_2,0.0
2030,sc01,06-30 17:00:00+02:00,123_STEAM_3,1.0
2030,sc01,06-30 17:00:00+02:00,113_CT_1,0.0
2030,sc01,06-30 17:00:00+02:00,123_CT_1,0.0
2030,sc01,06-30 17:00:00+02:00,121_NUCLEAR_1,1.0
2030,sc01,06-30 17:00:00+02:00,102_STEAM_4,1.0
2030,sc01,06-30 17:00:00+02:00,115_STEAM_2,0.0
2030,sc01,06-30 17:00:00+02:00,115_STEAM_1,0.0
2030,sc01,06-30 17:00:00+02:00,101_CT_1,0.0
2030,sc01,06-30 17:00:00+02:00,102_CT_2,0.0
2030,sc01,06-30 17:00:00+02:00,102_STEAM_3,1.0
2030,sc01,06-30 17:00:00+02:00,123_CT_4,0.0
2030,sc01,06-30 17:00:00+02:00,123_STEAM_2,1.0
2030,sc01,06-30 17:00:00+02:00,113_CT_3,0.0
2030,sc01,06-30 17:00:00+02:00,118_CC_1,1.0
2030,sc01,06-30 17:00:00+02:00,123_CT_5,0.0
2030,sc01,06-30 17:00:00+02:00,113_CT_2,0.0
2030,sc01,06-30 17:00:00+02:00,101_STEAM_3,0.0
2030,sc01,06-30 18:00:00+02:00,115_STEAM_3,1.0
2030,sc01,06-30 18:00:00+02:00,116_STEAM_1,0.8870967741935484
2030,sc01,06-30 18:00:00+02:00,102_CT_1,0.0
2030,sc01,06-30 18:00:00+02:00,107_CC_1,1.0
2030,sc01,06-30 18:00:00+02:00,101_STEAM_4,1.0
2030,sc01,06-30 18:00:00+02:00,113_CT_4,1.0
2030,sc01,06-30 18:00:00+02:00,101_CT_2,0.0
2030,sc01,06-30 18:00:00+02:00,123_STEAM_3,1.0
2030,sc01,06-30 18:00:00+02:00,113_CT_1,1.0
2030,sc01,06-30 18:00:00+02:00,123_CT_1,0.0
2030,sc01,06-30 18:00:00+02:00,121_NUCLEAR_1,1.0
2030,sc01,06-30 18:00:00+02:00,102_STEAM_4,1.0
2030,sc01,06-30 18:00:00+02:00,115_STEAM_2,0.0
2030,sc01,06-30 18:00:00+02:00,115_STEAM_1,0.0
2030,sc01,06-30 18:00:00+02:00,101_CT_1,0.0
2030,sc01,06-30 18:00:00+02:00,102_CT_2,0.0
2030,sc01,06-30 18:00:00+02:00,102_STEAM_3,1.0
2030,sc01,06-30 18:00:00+02:00,123_CT_4,0.0
2030,sc01,06-30 18:00:00+02:00,123_STEAM_2,1.0
2030,sc01,06-30 18:00:00+02:00,113_CT_3,1.0
2030,sc01,06-30 18:00:00+02:00,118_CC_1,1.0
2030,sc01,06-30 18:00:00+02:00,123_CT_5,0.0
2030,sc01,06-30 18:00:00+02:00,113_CT_2,1.0
2030,sc01,06-30 18:00:00+02:00,101_STEAM_3,1.0
2030,sc01,07-01 01:00:00+02:00,115_STEAM_3,1.0
2030,sc01,07-01 01:00:00+02:00,116_STEAM_1,0.0
2030,sc01,07-01 01:00:00+02:00,102_CT_1,0.0
2030,sc01,07-01 01:00:00+02:00,107_CC_1,1.0
2030,sc01,07-01 01:00:00+02:00,101_STEAM_4,0.0
2030,sc01,07-01 01:00:00+02:00,113_CT_4,0.0
2030,sc01,07-01 01:00:00+02:00,101_CT_2,0.0
2030,sc01,07-01 01:00:00+02:00,123_STEAM_3,1.0
2030,sc01,07-01 01:00:00+02:00,113_CT_1,0.0
2030,sc01,07-01 01:00:00+02:00,123_CT_1,0.0
2030,sc01,07-01 01:00:00+02:00,121_NUCLEAR_1,1.0
2030,sc01,07-01 01:00:00+02:00,102_STEAM_4,0.0
2030,sc01,07-01 01:00:00+02:00,115_STEAM_2,0.0
2030,sc01,07-01 01:00:00+02:00,115_STEAM_1,0.0
2030,sc01,07-01 01:00:00+02:00,101_CT_1,0.0
2030,sc01,07-01 01:00:00+02:00,102_CT_2,0.0
2030,sc01,07-01 01:00:00+02:00,102_STEAM_3,0.0
2030,sc01,07-01 01:00:00+02:00,123_CT_4,0.0
2030,sc01,07-01 01:00:00+02:00,123_STEAM_2,1.0
2030,sc01,07-01 01:00:00+02:00,113_CT_3,0.0
2030,sc01,07-01 01:00:00+02:00,118_CC_1,1.0
2030,sc01,07-01 01:00:00+02:00,123_CT_5,0.0
2030,sc01,07-01 01:00:00+02:00,113_CT_2,0.0
2030,sc01,07-01 01:00:00+02:00,101_STEAM_3,0.0
2030,sc01,07-01 02:00:00+02:00,115_STEAM_3,1.0
2030,sc01,07-01 02:00:00+02:00,116_STEAM_1,0.8870967741935484
2030,sc01,07-01 02:00:00+02:00,102_CT_1,0.0
2030,sc01,07-01 02:00:00+02:00,107_CC_1,1.0
2030,sc01,07-01 02:00:00+02:00,101_STEAM_4,0.0
2030,sc01,07-01 02:00:00+02:00,113_CT_4,0.0
2030,sc01,07-01 02:00:00+02:00,101_CT_2,0.0
2030,sc01,07-01 02:00:00+02:00,123_STEAM_3,1.0
2030,sc01,07-01 02:00:00+02:00,113_CT_1,0.0
2030,sc01,07-01 02:00:00+02:00,123_CT_1,0.0
2030,sc01,07-01 02:00:00+02:00,121_NUCLEAR_1,1.0
2030,sc01,07-01 02:00:00+02:00,102_STEAM_4,0.0
2030,sc01,07-01 02:00:00+02:00,115_STEAM_2,0.0
2030,sc01,07-01 02:00:00+02:00,115_STEAM_1,0.0
2030,sc01,07-01 02:00:00+02:00,101_CT_1,0.0
2030,sc01,07-01 02:00:00+02:00,102_CT_2,0.0
2030,sc01,07-01 02:00:00+02:00,102_STEAM_3,0.0
2030,sc01,07-01 02:00:00+02:00,123_CT_4,0.0
2030,sc01,07-01 02:00:00+02:00,123_STEAM_2,1.0
2030,sc01,07-01 02:00:00+02:00,113_CT_3,0.0
2030,sc01,07-01 02:00:00+02:00,118_CC_1,1.0
2030,sc01,07-01 02:00:00+02:00,123_CT_5,0.0
2030,sc01,07-01 02:00:00+02:00,113_CT_2,0.0
2030,sc01,07-01 02:00:00+02:00,101_STEAM_3,0.0
2030,sc01,07-01 13:00:00+02:00,115_STEAM_3,1.0
2030,sc01,07-01 13:00:00+02:00,116_STEAM_1,0.8870967741935484
2030,sc01,07-01 13:00:00+02:00,102_CT_1,0.0
2030,sc01,07-01 13:00:00+02:00,107_CC_1,1.0
2030,sc01,07-01 13:00:00+02:00,101_STEAM_4,0.0
2030,sc01,07-01 13:00:00+02:00,113_CT_4,0.0
2030,sc01,07-01 13:00:00+02:00,101_CT_2,0.0
2030,sc01,07-01 13:00:00+02:00,123_STEAM_3,0.0
2030,sc01,07-01 13:00:00+02:00,113_CT_1,0.0
2030,sc01,07-01 13:00:00+02:00,123_CT_1,0.0
2030,sc01,07-01 13:00:00+02:00,121_NUCLEAR_1,1.0
2030,sc01,07-01 13:00:00+02:00,102_STEAM_4,0.0
2030,sc01,07-01 13:00:00+02:00,115_STEAM_2,0.0
2030,sc01,07-01 13:00:00+02:00,115_STEAM_1,0.0
2030,sc01,07-01 13:00:00+02:00,101_CT_1,0.0
2030,sc01,07-01 13:00:00+02:00,102_CT_2,0.0
2030,sc01,07-01 13:00:00+02:00,102_STEAM_3,0.0
2030,sc01,07-01 13:00:00+02:00,123_CT_4,0.0
2030,sc01,07-01 13:00:00+02:00,123_STEAM_2,0.0
2030,sc01,07-01 13:00:00+02:00,113_CT_3,0.0
2030,sc01,07-01 13:00:00+02:00,118_CC_1,1.0
2030,sc01,07-01 13:00:00+02:00,123_CT_5,0.0
2030,sc01,07-01 13:00:00+02:00,113_CT_2,0.0
2030,sc01,07-01 13:00:00+02:00,101_STEAM_3,0.0
2030,sc01,07-02 11:00:00+02:00,115_STEAM_3,0.0
2030,sc01,07-02 11:00:00+02:00,116_STEAM_1,0.0
2030,sc01,07-02 11:00:00+02:00,102_CT_1,0.0
2030,sc01,07-02 11:00:00+02:00,107_CC_1,1.0
2030,sc01,07-02 11:00:00+02:00,101_STEAM_4,0.0
2030,sc01,07-02 11:00:00+02:00,113_CT_4,0.0
2030,sc01,07-02 11:00:00+02:00,101_CT_2,0.0
2030,sc01,07-02 11:00:00+02:00,123_STEAM_3,0.0
2030,sc01,07-02 11:00:00+02:00,113_CT_1,0.0
2030,sc01,07-02 11:00:00+02:00,123_CT_1,0.0
2030,sc01,07-02 11:00:00+02:00,121_NUCLEAR_1,1.0
2030,sc01,07-02 11:00:00+02:00,102_STEAM_4,0.0
2030,sc01,07-02 11:00:00+02:00,115_STEAM_2,0.0
2030,sc01,07-02 11:00:00+02:00,115_STEAM_1,0.0
2030,sc01,07-02 11:00:00+02:00,101_CT_1,0.0
2030,sc01,07-02 11:00:00+02:00,102_CT_2,0.0
2030,sc01,07-02 11:00:00+02:00,102_STEAM_3,0.0
2030,sc01,07-02 11:00:00+02:00,123_CT_4,0.0
2030,sc01,07-02 11:00:00+02:00,123_STEAM_2,0.0
2030,sc01,07-02 11:00:00+02:00,113_CT_3,0.0
2030,sc01,07-02 11:00:00+02:00,118_CC_1,1.0
2030,sc01,07-02 11:00:00+02:00,123_CT_5,0.0
2030,sc01,07-02 11:00:00+02:00,113_CT_2,0.0
2030,sc01,07-02 11:00:00+02:00,101_STEAM_3,0.0
2030,sc01,07-02 21:00:00+02:00,115_STEAM_3,1.0
2030,sc01,07-02 21:00:00+02:00,116_STEAM_1,0.8870967741935484
2030,sc01,07-02 21:00:00+02:00,102_CT_1,0.0
2030,sc01,07-02 21:00:00+02:00,107_CC_1,1.0
2030,sc01,07-02 21:00:00+02:00,101_STEAM_4,0.4117170211020994
2030,sc01,07-02 21:00:00+02:00,113_CT_4,0.0
2030,sc01,07-02 21:00:00+02:00,101_CT_2,0.0
2030,sc01,07-02 21:00:00+02:00,123_STEAM_3,1.0
2030,sc01,07-02 21:00:00+02:00,113_CT_1,0.0
2030,sc01,07-02 21:00:00+02:00,123_CT_1,0.0
2030,sc01,07-02 21:00:00+02:00,121_NUCLEAR_1,1.0
2030,sc01,07-02 21:00:00+02:00,102_STEAM_4,1.0
2030,sc01,07-02 21:00:00+02:00,115_STEAM_2,0.0
2030,sc01,07-02 21:00:00+02:00,115_STEAM_1,0.0
2030,sc01,07-02 21:00:00+02:00,101_CT_1,0.0
2030,sc01,07-02 21:00:00+02:00,102_CT_2,0.0
2030,sc01,07-02 21:00:00+02:00,102_STEAM_3,1.0
2030,sc01,07-02 21:00:00+02:00,123_CT_4,0.0
2030,sc01,07-02 21:00:00+02:00,123_STEAM_2,1.0
2030,sc01,07-02 21:00:00+02:00,113_CT_3,0.0
2030,sc01,07-02 21:00:00+02:00,118_CC_1,1.0
2030,sc01,07-02 21:00:00+02:00,123_CT_5,0.0
2030,sc01,07-02 21:00:00+02:00,113_CT_2,0.0
2030,sc01,07-02 21:00:00+02:00,101_STEAM_3,0.0
2030,sc01,07-04 15:00:00+02:00,115_STEAM_3,1.0
2030,sc01,07-04 15:00:00+02:00,116_STEAM_1,0.8870967741935484
2030,sc01,07-04 15:00:00+02:00,102_CT_1,0.0
2030,sc01,07-04 15:00:00+02:00,107_CC_1,1.0
2030,sc01,07-04 15:00:00+02:00,101_STEAM_4,0.0
2030,sc01,07-04 15:00:00+02:00,113_CT_4,0.0
2030,sc01,07-04 15:00:00+02:00,101_CT_2,0.0
2030,sc01,07-04 15:00:00+02:00,123_STEAM_3,1.0
2030,sc01,07-04 15:00:00+02:00,113_CT_1,0.0
2030,sc01,07-04 15:00:00+02:00,123_CT_1,0.0
2030,sc01,07-04 15:00:00+02:00,121_NUCLEAR_1,1.0
2030,sc01,07-04 15:00:00+02:00,102_STEAM_4,0.0
2030,sc01,07-04 15:00:00+02:00,115_STEAM_2,0.0
2030,sc01,07-04 15:00:00+02:00,115_STEAM_1,0.0
2030,sc01,07-04 15:00:00+02:00,101_CT_1,0.0
2030,sc01,07-04 15:00:00+02:00,102_CT_2,0.0
2030,sc01,07-04 15:00:00+02:00,102_STEAM_3,0.0
2030,sc01,07-04 15:00:00+02:00,123_CT_4,0.0
2030,sc01,07-04 15:00:00+02:00,123_STEAM_2,1.0
2030,sc01,07-04 15:00:00+02:00,113_CT_3,0.0
2030,sc01,07-04 15:00:00+02:00,118_CC_1,1.0
2030,sc01,07-04 15:00:00+02:00,123_CT_5,0.0
2030,sc01,07-04 15:00:00+02:00,113_CT_2,0.0
2030,sc01,07-04 15:00:00+02:00,101_STEAM_3,0.0
2030,sc01,07-05 20:00:00+02:00,115_STEAM_3,1.0
2030,sc01,07-05 20:00:00+02:00,116_STEAM_1,0.8870967741935484
2030,sc01,07-05 20:00:00+02:00,102_CT_1,0.0
2030,sc01,07-05 20:00:00+02:00,107_CC_1,1.0
2030,sc01,07-05 20:00:00+02:00,101_STEAM_4,1.0
2030,sc01,07-05 20:00:00+02:00,113_CT_4,0.0
2030,sc01,07-05 20:00:00+02:00,101_CT_2,0.0
2030,sc01,07-05 20:00:00+02:00,123_STEAM_3,1.0
2030,sc01,07-05 20:00:00+02:00,113_CT_1,0.0
2030,sc01,07-05 20:00:00+02:00,123_CT_1,0.0
2030,sc01,07-05 20:00:00+02:00,121_NUCLEAR_1,1.0
2030,sc01,07-05 20:00:00+02:00,102_STEAM_4,1.0
2030,sc01,07-05 20:00:00+02:00,115_STEAM_2,0.0
2030,sc01,07-05 20:00:00+02:00,115_STEAM_1,0.0
2030,sc01,07-05 20:00:00+02:00,101_CT_1,0.0
2030,sc01,07-05 20:00:00+02:00,102_CT_2,0.0
2030,sc01,07-05 20:00:00+02:00,102_STEAM_3,1.0
2030,sc01,07-05 20:00:00+02:00,123_CT_4,0.0
2030,sc01,07-05 20:00:00+02:00,123_STEAM_2,1.0
2030,sc01,07-05 20:00:00+02:00,113_CT_3,0.646764400451781
2030,sc01,07-05 20:00:00+02:00,118_CC_1,1.0
2030,sc01,07-05 20:00:00+02:00,123_CT_5,0.0
2030,sc01,07-05 20:00:00+02:00,113_CT_2,0.0
2030,sc01,07-05 20:00:00+02:00,101_STEAM_3,1.0
2030,sc01,07-09 02:00:00+02:00,115_STEAM_3,0.5170242857586997
2030,sc01,07-09 02:00:00+02:00,116_STEAM_1,0.0
2030,sc01,07-09 02:00:00+02:00,102_CT_1,0.0
2030,sc01,07-09 02:00:00+02:00,107_CC_1,1.0
2030,sc01,07-09 02:00:00+02:00,101_STEAM_4,0.0
2030,sc01,07-09 02:00:00+02:00,113_CT_4,0.0
2030,sc01,07-09 02:00:00+02:00,101_CT_2,0.0
2030,sc01,07-09 02:00:00+02:00,123_STEAM_3,0.0
2030,sc01,07-09 02:00:00+02:00,113_CT_1,0.0
2030,sc01,07-09 02:00:00+02:00,123_CT_1,0.0
2030,sc01,07-09 02:00:00+02:00,121_NUCLEAR_1,0.0
2030,sc01,07-09 02:00:00+02:00,102_STEAM_4,0.0
2030,sc01,07-09 02:00:00+02:00,115_STEAM_2,0.0
2030,sc01,07-09 02:00:00+02:00,115_STEAM_1,0.0
2030,sc01,07-09 02:00:00+02:00,101_CT_1,0.0
2030,sc01,07-09 02:00:00+02:00,102_CT_2,0.0
2030,sc01,07-09 02:00:00+02:00,102_STEAM_3,0.0
2030,sc01,07-09 02:00:00+02:00,123_CT_4,0.0
2030,sc01,07-09 02:00:00+02:00,123_STEAM_2,0.0
2030,sc01,07-09 02:00:00+02:00,113_CT_3,0.0
2030,sc01,07-09 02:00:00+02:00,118_CC_1,0.0
2030,sc01,07-09 02:00:00+02:00,123_CT_5,0.0
2030,sc01,07-09 02:00:00+02:00,113_CT_2,0.0
2030,sc01,07-09 02:00:00+02:00,101_STEAM_3,0.0
2030,sc01,07-10 20:00:00+02:00,115_STEAM_3,1.0
2030,sc01,07-10 20:00:00+02:00,116_STEAM_1,0.0
2030,sc01,07-10 20:00:00+02:00,102_CT_1,0.0
2030,sc01,07-10 20:00:00+02:00,107_CC_1,1.0
2030,sc01,07-10 20:00:00+02:00,101_STEAM_4,1.0
2030,sc01,07-10 20:00:00+02:00,113_CT_4,0.0
2030,sc01,07-10 20:00:00+02:00,101_CT_2,0.0
2030,sc01,07-10 20:00:00+02:00,123_STEAM_3,0.4456849381567101
2030,sc01,07-10 20:00:00+02:00,113_CT_1,0.0
2030,sc01,07-10 20:00:00+02:00,123_CT_1,0.0
2030,sc01,07-10 20:00:00+02:00,121_NUCLEAR_1,0.22397059303703687
2030,sc01,07-10 20:00:00+02:00,102_STEAM_4,1.0
2030,sc01,07-10 20:00:00+02:00,115_STEAM_2,0.0
2030,sc01,07-10 20:00:00+02:00,115_STEAM_1,0.0
2030,sc01,07-10 20:00:00+02:00,101_CT_1,0.0
2030,sc01,07-10 20:00:00+02:00,102_CT_2,0.0
2030,sc01,07-10 20:00:00+02:00,102_STEAM_3,1.0
2030,sc01,07-10 20:00:00+02:00,123_CT_4,0.0
2030,sc01,07-10 20:00:00+02:00,123_STEAM_2,1.0
2030,sc01,07-10 20:00:00+02:00,113_CT_3,0.0
2030,sc01,07-10 20:00:00+02:00,118_CC_1,0.0
2030,sc01,07-10 20:00:00+02:00,123_CT_5,0.0
2030,sc01,07-10 20:00:00+02:00,113_CT_2,0.0
2030,sc01,07-10 20:00:00+02:00,101_STEAM_3,1.0
2030,sc01,07-13 06:00:00+02:00,115_STEAM_3,0.0
2030,sc01,07-13 06:00:00+02:00,116_STEAM_1,0.0
2030,sc01,07-13 06:00:00+02:00,102_CT_1,0.0
2030,sc01,07-13 06:00:00+02:00,107_CC_1,1.0
2030,sc01,07-13 06:00:00+02:00,101_STEAM_4,0.0
2030,sc01,07-13 06:00:00+02:00,113_CT_4,0.0
2030,sc01,07-13 06:00:00+02:00,101_CT_2,0.0
2030,sc01,07-13 06:00:00+02:00,123_STEAM_3,0.0
2030,sc01,07-13 06:00:00+02:00,113_CT_1,0.0
2030,sc01,07-13 06:00:00+02:00,123_CT_1,0.0
2030,sc01,07-13 06:00:00+02:00,121_NUCLEAR_1,1.0
2030,sc01,07-13 06:00:00+02:00,102_STEAM_4,0.0
2030,sc01,07-13 06:00:00+02:00,115_STEAM_2,0.0
2030,sc01,07-13 06:00:00+02:00,115_STEAM_1,0.0
2030,sc01,07-13 06:00:00+02:00,101_CT_1,0.0
2030,sc01,07-13 06:00:00+02:00,102_CT_2,0.0
2030,sc01,07-13 06:00:00+02:00,102_STEAM_3,0.0
2030,sc01,07-13 06:00:00+02:00,123_CT_4,0.0
2030,sc01,07-13 06:00:00+02:00,123_STEAM_2,0.0
2030,sc01,07-13 06:00:00+02:00,113_CT_3,0.0
2030,sc01,07-13 06:00:00+02:00,118_CC_1,1.0
2030,sc01,07-13 06:00:00+02:00,123_CT_5,0.0
2030,sc01,07-13 06:00:00+02:00,113_CT_2,0.0
2030,sc01,07-13 06:00:00+02:00,101_STEAM_3,0.0
2030,sc01,07-14 09:00:00+02:00,115_STEAM_3,0.0
2030,sc01,07-14 09:00:00+02:00,116_STEAM_1,0.0
2030,sc01,07-14 09:00:00+02:00,102_CT_1,0.0
2030,sc01,07-14 09:00:00+02:00,107_CC_1,0.9149412666332578
2030,sc01,07-14 09:00:00+02:00,101_STEAM_4,0.0
2030,sc01,07-14 09:00:00+02:00,113_CT_4,0.0
2030,sc01,07-14 09:00:00+02:00,101_CT_2,0.0
2030,sc01,07-14 09:00:00+02:00,123_STEAM_3,0.0
2030,sc01,07-14 09:00:00+02:00,113_CT_1,0.0
2030,sc01,07-14 09:00:00+02:00,123_CT_1,0.0
2030,sc01,07-14 09:00:00+02:00,121_NUCLEAR_1,0.9966644921254549
2030,sc01,07-14 09:00:00+02:00,102_STEAM_4,0.0
2030,sc01,07-14 09:00:00+02:00,115_STEAM_2,0.0
2030,sc01,07-14 09:00:00+02:00,115_STEAM_1,0.0
2030,sc01,07-14 09:00:00+02:00,101_CT_1,0.0
2030,sc01,07-14 09:00:00+02:00,102_CT_2,0.0
2030,sc01,07-14 09:00:00+02:00,102_STEAM_3,0.0
2030,sc01,07-14 09:00:00+02:00,123_CT_4,0.0
2030,sc01,07-14 09:00:00+02:00,123_STEAM_2,0.0
2030,sc01,07-14 09:00:00+02:00,113_CT_3,0.0
2030,sc01,07-14 09:00:00+02:00,118_CC_1,0.0
2030,sc01,07-14 09:00:00+02:00,123_CT_5,0.0
2030,sc01,07-14 09:00:00+02:00,113_CT_2,0.0
2030,sc01,07-14 09:00:00+02:00,101_STEAM_3,0.0
2030,sc01,07-14 17:00:00+02:00,115_STEAM_3,1.0
2030,sc01,07-14 17:00:00+02:00,116_STEAM_1,0.0
2030,sc01,07-14 17:00:00+02:00,102_CT_1,0.0
2030,sc01,07-14 17:00:00+02:00,107_CC_1,1.0
2030,sc01,07-14 17:00:00+02:00,101_STEAM_4,1.0
2030,sc01,07-14 17:00:00+02:00,113_CT_4,0.0
2030,sc01,07-14 17:00:00+02:00,101_CT_2,0.0
2030,sc01,07-14 17:00:00+02:00,123_STEAM_3,1.0
2030,sc01,07-14 17:00:00+02:00,113_CT_1,0.0
2030,sc01,07-14 17:00:00+02:00,123_CT_1,0.0
2030,sc01,07-14 17:00:00+02:00,121_NUCLEAR_1,0.275903071217635
2030,sc01,07-14 17:00:00+02:00,102_STEAM_4,1.0
2030,sc01,07-14 17:00:00+02:00,115_STEAM_2,0.0
2030,sc01,07-14 17:00:00+02:00,115_STEAM_1,0.0
2030,sc01,07-14 17:00:00+02:00,101_CT_1,0.0
2030,sc01,07-14 17:00:00+02:00,102_CT_2,0.0
2030,sc01,07-14 17:00:00+02:00,102_STEAM_3,1.0
2030,sc01,07-14 17:00:00+02:00,123_CT_4,0.0
2030,sc01,07-14 17:00:00+02:00,123_STEAM_2,1.0
2030,sc01,07-14 17:00:00+02:00,113_CT_3,0.0
2030,sc01,07-14 17:00:00+02:00,118_CC_1,0.0
2030,sc01,07-14 17:00:00+02:00,123_CT_5,0.0
2030,sc01,07-14 17:00:00+02:00,113_CT_2,0.0
2030,sc01,07-14 17:00:00+02:00,101_STEAM_3,1.0
2030,sc01,07-16 13:00:00+02:00,115_STEAM_3,1.0
2030,sc01,07-16 13:00:00+02:00,116_STEAM_1,0.0
2030,sc01,07-16 13:00:00+02:00,102_CT_1,0.0
2030,sc01,07-16 13:00:00+02:00,107_CC_1,1.0
2030,sc01,07-16 13:00:00+02:00,101_STEAM_4,0.0
2030,sc01,07-16 13:00:00+02:00,113_CT_4,0.0
2030,sc01,07-16 13:00:00+02:00,101_CT_2,0.0
2030,sc01,07-16 13:00:00+02:00,123_STEAM_3,0.0
2030,sc01,07-16 13:00:00+02:00,113_CT_1,0.0
2030,sc01,07-16 13:00:00+02:00,123_CT_1,0.0
2030,sc01,07-16 13:00:00+02:00,121_NUCLEAR_1,1.0
2030,sc01,07-16 13:00:00+02:00,102_STEAM_4,0.0
2030,sc01,07-16 13:00:00+02:00,115_STEAM_2,0.0
2030,sc01,07-16 13:00:00+02:00,115_STEAM_1,0.0
2030,sc01,07-16 13:00:00+02:00,101_CT_1,0.0
2030,sc01,07-16 13:00:00+02:00,102_CT_2,0.0
2030,sc01,07-16 13:00:00+02:00,102_STEAM_3,0.0
2030,sc01,07-16 13:00:00+02:00,123_CT_4,0.0
2030,sc01,07-16 13:00:00+02:00,123_STEAM_2,0.0
2030,sc01,07-16 13:00:00+02:00,113_CT_3,0.0
2030,sc01,07-16 13:00:00+02:00,118_CC_1,0.3426988084562617
2030,sc01,07-16 13:00:00+02:00,123_CT_5,0.0
2030,sc01,07-16 13:00:00+02:00,113_CT_2,0.0
2030,sc01,07-16 13:00:00+02:00,101_STEAM_3,0.0
2030,sc01,07-16 15:00:00+02:00,115_STEAM_3,1.0
2030,sc01,07-16 15:00:00+02:00,116_STEAM_1,0.0
2030,sc01,07-16 15:00:00+02:00,102_CT_1,0.0
2030,sc01,07-16 15:00:00+02:00,107_CC_1,1.0
2030,sc01,07-16 15:00:00+02:00,101_STEAM_4,0.0
2030,sc01,07-16 15:00:00+02:00,113_CT_4,0.0
2030,sc01,07-16 15:00:00+02:00,101_CT_2,0.0
2030,sc01,07-16 15:00:00+02:00,123_STEAM_3,0.5002706206116834
2030,sc01,07-16 15:00:00+02:00,113_CT_1,0.0
2030,sc01,07-16 15:00:00+02:00,123_CT_1,0.0
2030,sc01,07-16 15:00:00+02:00,121_NUCLEAR_1,0.36393349031224315
2030,sc01,07-16 15:00:00+02:00,102_STEAM_4,0.0
2030,sc01,07-16 15:00:00+02:00,115_STEAM_2,0.0
2030,sc01,07-16 15:00:00+02:00,115_STEAM_1,0.0
2030,sc01,07-16 15:00:00+02:00,101_CT_1,0.0
2030,sc01,07-16 15:00:00+02:00,102_CT_2,0.0
2030,sc01,07-16 15:00:00+02:00,102_STEAM_3,0.0
2030,sc01,07-16 15:00:00+02:00,123_CT_4,0.0
2030,sc01,07-16 15:00:00+02:00,123_STEAM_2,1.0
2030,sc01,07-16 15:00:00+02:00,113_CT_3,0.0
2030,sc01,07-16 15:00:00+02:00,118_CC_1,0.0
2030,sc01,07-16 15:00:00+02:00,123_CT_5,0.0
2030,sc01,07-16 15:00:00+02:00,113_CT_2,0.0
2030,sc01,07-16 15:00:00+02:00,101_STEAM_3,0.29879405086077965
2030,sc01,07-17 19:00:00+02:00,115_STEAM_3,1.0
2030,sc01,07-17 19:00:00+02:00,116_STEAM_1,0.8870967741935484
2030,sc01,07-17 19:00:00+02:00,102_CT_1,1.0
2030,sc01,07-17 19:00:00+02:00,107_CC_1,1.0
2030,sc01,07-17 19:00:00+02:00,101_STEAM_4,1.0
2030,sc01,07-17 19:00:00+02:00,113_CT_4,1.0
2030,sc01,07-17 19:00:00+02:00,101_CT_2,1.0
2030,sc01,07-17 19:00:00+02:00,123_STEAM_3,1.0
2030,sc01,07-17 19:00:00+02:00,113_CT_1,1.0
2030,sc01,07-17 19:00:00+02:00,123_CT_1,1.0
2030,sc01,07-17 19:00:00+02:00,121_NUCLEAR_1,1.0
2030,sc01,07-17 19:00:00+02:00,102_STEAM_4,1.0
2030,sc01,07-17 19:00:00+02:00,115_STEAM_2,1.0
2030,sc01,07-17 19:00:00+02:00,115_STEAM_1,1.0
2030,sc01,07-17 19:00:00+02:00,101_CT_1,1.0
2030,sc01,07-17 19:00:00+02:00,102_CT_2,1.0
2030,sc01,07-17 19:00:00+02:00,102_STEAM_3,1.0
2030,sc01,07-17 19:00:00+02:00,123_CT_4,1.0
2030,sc01,07-17 19:00:00+02:00,123_STEAM_2,1.0
2030,sc01,07-17 19:00:00+02:00,113_CT_3,1.0
2030,sc01,07-17 19:00:00+02:00,118_CC_1,1.0
2030,sc01,07-17 19:00:00+02:00,123_CT_5,0.0
2030,sc01,07-17 19:00:00+02:00,113_CT_2,1.0
2030,sc01,07-17 19:00:00+02:00,101_STEAM_3,1.0
2030,sc01,07-19 10:00:00+02:00,115_STEAM_3,1.0
2030,sc01,07-19 10:00:00+02:00,116_STEAM_1,0.0
2030,sc01,07-19 10:00:00+02:00,102_CT_1,0.0
2030,sc01,07-19 10:00:00+02:00,107_CC_1,1.0
2030,sc01,07-19 10:00:00+02:00,101_STEAM_4,0.0
2030,sc01,07-19 10:00:00+02:00,113_CT_4,0.0
2030,sc01,07-19 10:00:00+02:00,101_CT_2,0.0
2030,sc01,07-19 10:00:00+02:00,123_STEAM_3,0.0
2030,sc01,07-19 10:00:00+02:00,113_CT_1,0.0
2030,sc01,07-19 10:00:00+02:00,123_CT_1,0.0
2030,sc01,07-19 10:00:00+02:00,121_NUCLEAR_1,1.0
2030,sc01,07-19 10:00:00+02:00,102_STEAM_4,0.0
2030,sc01,07-19 10:00:00+02:00,115_STEAM_2,0.0
2030,sc01,07-19 10:00:00+02:00,115_STEAM_1,0.0
2030,sc01,07-19 10:00:00+02:00,101_CT_1,0.0
2030,sc01,07-19 10:00:00+02:00,102_CT_2,0.0
2030,sc01,07-19 10:00:00+02:00,102_STEAM_3,0.0
2030,sc01,07-19 10:00:00+02:00,123_CT_4,0.0
2030,sc01,07-19 10:00:00+02:00,123_STEAM_2,0.0
2030,sc01,07-19 10:00:00+02:00,113_CT_3,0.0
2030,sc01,07-19 10:00:00+02:00,118_CC_1,1.0
2030,sc01,07-19 10:00:00+02:00,123_CT_5,0.0
2030,sc01,07-19 10:00:00+02:00,113_CT_2,0.0
2030,sc01,07-19 10:00:00+02:00,101_STEAM_3,0.0
2030,sc01,07-19 18:00:00+02:00,115_STEAM_3,1.0
2030,sc01,07-19 18:00:00+02:00,116_STEAM_1,0.7849976693121716
2030,sc01,07-19 18:00:00+02:00,102_CT_1,0.0
2030,sc01,07-19 18:00:00+02:00,107_CC_1,1.0
2030,sc01,07-19 18:00:00+02:00,101_STEAM_4,1.0
2030,sc01,07-19 18:00:00+02:00,113_CT_4,0.0
2030,sc01,07-19 18:00:00+02:00,101_CT_2,0.0
2030,sc01,07-19 18:00:00+02:00,123_STEAM_3,1.0
2030,sc01,07-19 18:00:00+02:00,113_CT_1,0.0
2030,sc01,07-19 18:00:00+02:00,123_CT_1,0.0
2030,sc01,07-19 18:00:00+02:00,121_NUCLEAR_1,1.0
2030,sc01,07-19 18:00:00+02:00,102_STEAM_4,1.0
2030,sc01,07-19 18:00:00+02:00,115_STEAM_2,0.0
2030,sc01,07-19 18:00:00+02:00,115_STEAM_1,0.0
2030,sc01,07-19 18:00:00+02:00,101_CT_1,0.0
2030,sc01,07-19 18:00:00+02:00,102_CT_2,0.0
2030,sc01,07-19 18:00:00+02:00,102_STEAM_3,1.0
2030,sc01,07-19 18:00:00+02:00,123_CT_4,0.0
2030,sc01,07-19 18:00:00+02:00,123_STEAM_2,1.0
2030,sc01,07-19 18:00:00+02:00,113_CT_3,0.0
2030,sc01,07-19 18:00:00+02:00,118_CC_1,1.0
2030,sc01,07-19 18:00:00+02:00,123_CT_5,0.0
2030,sc01,07-19 18:00:00+02:00,113_CT_2,0.0
2030,sc01,07-19 18:00:00+02:00,101_STEAM_3,1.0
2030,sc01,07-19 21:00:00+02:00,115_STEAM_3,1.0
2030,sc01,07-19 21:00:00+02:00,116_STEAM_1,0.0
2030,sc01,07-19 21:00:00+02:00,102_CT_1,0.0
2030,sc01,07-19 21:00:00+02:00,107_CC_1,1.0
2030,sc01,07-19 21:00:00+02:00,101_STEAM_4,1.0
2030,sc01,07-19 21:00:00+02:00,113_CT_4,0.0
2030,sc01,07-19 21:00:00+02:00,101_CT_2,0.0
2030,sc01,07-19 21:00:00+02:00,123_STEAM_3,0.0
2030,sc01,07-19 21:00:00+02:00,113_CT_1,0.0
2030,sc01,07-19 21:00:00+02:00,123_CT_1,0.0
2030,sc01,07-19 21:00:00+02:00,121_NUCLEAR_1,0.22649775379903872
2030,sc01,07-19 21:00:00+02:00,102_STEAM_4,1.0
2030,sc01,07-19 21:00:00+02:00,115_STEAM_2,0.0
2030,sc01,07-19 21:00:00+02:00,115_STEAM_1,0.0
2030,sc01,07-19 21:00:00+02:00,101_CT_1,0.0
2030,sc01,07-19 21:00:00+02:00,102_CT_2,0.0
2030,sc01,07-19 21:00:00+02:00,102_STEAM_3,1.0
2030,sc01,07-19 21:00:00+02:00,123_CT_4,0.0
2030,sc01,07-19 21:00:00+02:00,123_STEAM_2,0.0
2030,sc01,07-19 21:00:00+02:00,113_CT_3,0.0
2030,sc01,07-19 21:00:00+02:00,118_CC_1,0.0
2030,sc01,07-19 21:00:00+02:00,123_CT_5,0.0
2030,sc01,07-19 21:00:00+02:00,113_CT_2,0.0
2030,sc01,07-19 21:00:00+02:00,101_STEAM_3,1.0
2030,sc01,07-20 17:00:00+02:00,115_STEAM_3,1.0
2030,sc01,07-20 17:00:00+02:00,116_STEAM_1,0.8870967741935484
2030,sc01,07-20 17:00:00+02:00,102_CT_1,0.0
2030,sc01,07-20 17:00:00+02:00,107_CC_1,1.0
2030,sc01,07-20 17:00:00+02:00,101_STEAM_4,1.0
2030,sc01,07-20 17:00:00+02:00,113_CT_4,1.0
2030,sc01,07-20 17:00:00+02:00,101_CT_2,0.0
2030,sc01,07-20 17:00:00+02:00,123_STEAM_3,1.0
2030,sc01,07-20 17:00:00+02:00,113_CT_1,0.0
2030,sc01,07-20 17:00:00+02:00,123_CT_1,0.0
2030,sc01,07-20 17:00:00+02:00,121_NUCLEAR_1,1.0
2030,sc01,07-20 17:00:00+02:00,102_STEAM_4,1.0
2030,sc01,07-20 17:00:00+02:00,115_STEAM_2,0.0
2030,sc01,07-20 17:00:00+02:00,115_STEAM_1,0.0
2030,sc01,07-20 17:00:00+02:00,101_CT_1,0.0
2030,sc01,07-20 17:00:00+02:00,102_CT_2,0.0
2030,sc01,07-20 17:00:00+02:00,102_STEAM_3,1.0
2030,sc01,07-20 17:00:00+02:00,123_CT_4,0.0
2030,sc01,07-20 17:00:00+02:00,123_STEAM_2,1.0
2030,sc01,07-20 17:00:00+02:00,113_CT_3,0.5554430297493006
2030,sc01,07-20 17:00:00+02:00,118_CC_1,1.0
2030,sc01,07-20 17:00:00+02:00,123_CT_5,0.0
2030,sc01,07-20 17:00:00+02:00,113_CT_2,0.0
2030,sc01,07-20 17:00:00+02:00,101_STEAM_3,1.0
2030,sc01,07-21 18:00:00+02:00,115_STEAM_3,1.0
2030,sc01,07-21 18:00:00+02:00,116_STEAM_1,0.0
2030,sc01,07-21 18:00:00+02:00,102_CT_1,1.0
2030,sc01,07-21 18:00:00+02:00,107_CC_1,1.0
2030,sc01,07-21 18:00:00+02:00,101_STEAM_4,1.0
2030,sc01,07-21 18:00:00+02:00,113_CT_4,0.0
2030,sc01,07-21 18:00:00+02:00,101_CT_2,1.0
2030,sc01,07-21 18:00:00+02:00,123_STEAM_3,1.0
2030,sc01,07-21 18:00:00+02:00,113_CT_1,0.0
2030,sc01,07-21 18:00:00+02:00,123_CT_1,0.0
2030,sc01,07-21 18:00:00+02:00,121_NUCLEAR_1,0.5517009436396417
2030,sc01,07-21 18:00:00+02:00,102_STEAM_4,1.0
2030,sc01,07-21 18:00:00+02:00,115_STEAM_2,0.0
2030,sc01,07-21 18:00:00+02:00,115_STEAM_1,0.0
2030,sc01,07-21 18:00:00+02:00,101_CT_1,1.0
2030,sc01,07-21 18:00:00+02:00,102_CT_2,1.0
2030,sc01,07-21 18:00:00+02:00,102_STEAM_3,1.0
2030,sc01,07-21 18:00:00+02:00,123_CT_4,0.0
2030,sc01,07-21 18:00:00+02:00,123_STEAM_2,1.0
2030,sc01,07-21 18:00:00+02:00,113_CT_3,0.0
2030,sc01,07-21 18:00:00+02:00,118_CC_1,0.0
2030,sc01,07-21 18:00:00+02:00,123_CT_5,0.0
2030,sc01,07-21 18:00:00+02:00,113_CT_2,0.0
2030,sc01,07-21 18:00:00+02:00,101_STEAM_3,1.0
2030,sc01,07-23 22:00:00+02:00,115_STEAM_3,1.0
2030,sc01,07-23 22:00:00+02:00,116_STEAM_1,0.8870967741935484
2030,sc01,07-23 22:00:00+02:00,102_CT_1,0.0
2030,sc01,07-23 22:00:00+02:00,107_CC_1,1.0
2030,sc01,07-23 22:00:00+02:00,101_STEAM_4,1.0
2030,sc01,07-23 22:00:00+02:00,113_CT_4,0.0
2030,sc01,07-23 22:00:00+02:00,101_CT_2,0.0
2030,sc01,07-23 22:00:00+02:00,123_STEAM_3,1.0
2030,sc01,07-23 22:00:00+02:00,113_CT_1,0.0
2030,sc01,07-23 22:00:00+02:00,123_CT_1,0.0
2030,sc01,07-23 22:00:00+02:00,121_NUCLEAR_1,1.0
2030,sc01,07-23 22:00:00+02:00,102_STEAM_4,0.0
2030,sc01,07-23 22:00:00+02:00,115_STEAM_2,0.0
2030,sc01,07-23 22:00:00+02:00,115_STEAM_1,0.0
2030,sc01,07-23 22:00:00+02:00,101_CT_1,0.0
2030,sc01,07-23 22:00:00+02:00,102_CT_2,0.0
2030,sc01,07-23 22:00:00+02:00,102_STEAM_3,0.0
2030,sc01,07-23 22:00:00+02:00,123_CT_4,0.0
2030,sc01,07-23 22:00:00+02:00,123_STEAM_2,1.0
2030,sc01,07-23 22:00:00+02:00,113_CT_3,0.0
2030,sc01,07-23 22:00:00+02:00,118_CC_1,1.0
2030,sc01,07-23 22:00:00+02:00,123_CT_5,0.0
2030,sc01,07-23 22:00:00+02:00,113_CT_2,0.0
2030,sc01,07-23 22:00:00+02:00,101_STEAM_3,1.0
2030,sc01,07-24 17:00:00+02:00,115_STEAM_3,1.0
2030,sc01,07-24 17:00:00+02:00,116_STEAM_1,0.8870967741935484
2030,sc01,07-24 17:00:00+02:00,102_CT_1,0.0
2030,sc01,07-24 17:00:00+02:00,107_CC_1,1.0
2030,sc01,07-24 17:00:00+02:00,101_STEAM_4,1.0
2030,sc01,07-24 17:00:00+02:00,113_CT_4,1.0
2030,sc01,07-24 17:00:00+02:00,101_CT_2,0.0
2030,sc01,07-24 17:00:00+02:00,123_STEAM_3,1.0
2030,sc01,07-24 17:00:00+02:00,113_CT_1,1.0
2030,sc01,07-24 17:00:00+02:00,123_CT_1,0.48586386039967067
2030,sc01,07-24 17:00:00+02:00,121_NUCLEAR_1,1.0
2030,sc01,07-24 17:00:00+02:00,102_STEAM_4,1.0
2030,sc01,07-24 17:00:00+02:00,115_STEAM_2,0.0
2030,sc01,07-24 17:00:00+02:00,115_STEAM_1,0.0
2030,sc01,07-24 17:00:00+02:00,101_CT_1,0.0
2030,sc01,07-24 17:00:00+02:00,102_CT_2,0.0
2030,sc01,07-24 17:00:00+02:00,102_STEAM_3,1.0
2030,sc01,07-24 17:00:00+02:00,123_CT_4,0.0
2030,sc01,07-24 17:00:00+02:00,123_STEAM_2,1.0
2030,sc01,07-24 17:00:00+02:00,113_CT_3,1.0
2030,sc01,07-24 17:00:00+02:00,118_CC_1,1.0
2030,sc01,07-24 17:00:00+02:00,123_CT_5,0.0
2030,sc01,07-24 17:00:00+02:00,113_CT_2,1.0
2030,sc01,07-24 17:00:00+02:00,101_STEAM_3,1.0
2030,sc01,07-25 20:00:00+02:00,115_STEAM_3,1.0
2030,sc01,07-25 20:00:00+02:00,116_STEAM_1,0.8870967741935484
2030,sc01,07-25 20:00:00+02:00,102_CT_1,0.0
2030,sc01,07-25 20:00:00+02:00,107_CC_1,1.0
2030,sc01,07-25 20:00:00+02:00,101_STEAM_4,1.0
2030,sc01,07-25 20:00:00+02:00,113_CT_4,1.0
2030,sc01,07-25 20:00:00+02:00,101_CT_2,0.0
2030,sc01,07-25 20:00:00+02:00,123_STEAM_3,1.0
2030,sc01,07-25 20:00:00+02:00,113_CT_1,1.0
2030,sc01,07-25 20:00:00+02:00,123_CT_1,0.0
2030,sc01,07-25 20:00:00+02:00,121_NUCLEAR_1,1.0
2030,sc01,07-25 20:00:00+02:00,102_STEAM_4,1.0
2030,sc01,07-25 20:00:00+02:00,115_STEAM_2,0.0
2030,sc01,07-25 20:00:00+02:00,115_STEAM_1,0.0
2030,sc01,07-25 20:00:00+02:00,101_CT_1,0.0
2030,sc01,07-25 20:00:00+02:00,102_CT_2,0.0
2030,sc01,07-25 20:00:00+02:00,102_STEAM_3,1.0
2030,sc01,07-25 20:00:00+02:00,123_CT_4,0.0
2030,sc01,07-25 20:00:00+02:00,123_STEAM_2,1.0
2030,sc01,07-25 20:00:00+02:00,113_CT_3,1.0
2030,sc01,07-25 20:00:00+02:00,118_CC_1,1.0
2030,sc01,07-25 20:00:00+02:00,123_CT_5,0.0
2030,sc01,07-25 20:00:00+02:00,113_CT_2,1.0
2030,sc01,07-25 20:00:00+02:00,101_STEAM_3,1.0
2030,sc01,07-25 22:00:00+02:00,115_STEAM_3,1.0
2030,sc01,07-25 22:00:00+02:00,116_STEAM_1,0.8870967741935484
2030,sc01,07-25 22:00:00+02:00,102_CT_1,0.0
2030,sc01,07-25 22:00:00+02:00,107_CC_1,1.0
2030,sc01,07-25 22:00:00+02:00,101_STEAM_4,0.0
2030,sc01,07-25 22:00:00+02:00,113_CT_4,0.0
2030,sc01,07-25 22:00:00+02:00,101_CT_2,0.0
2030,sc01,07-25 22:00:00+02:00,123_STEAM_3,1.0
2030,sc01,07-25 22:00:00+02:00,113_CT_1,0.0
2030,sc01,07-25 22:00:00+02:00,123_CT_1,0.0
2030,sc01,07-25 22:00:00+02:00,121_NUCLEAR_1,1.0
2030,sc01,07-25 22:00:00+02:00,102_STEAM_4,1.0
2030,sc01,07-25 22:00:00+02:00,115_STEAM_2,0.0
2030,sc01,07-25 22:00:00+02:00,115_STEAM_1,0.0
2030,sc01,07-25 22:00:00+02:00,101_CT_1,0.0
2030,sc01,07-25 22:00:00+02:00,102_CT_2,0.0
2030,sc01,07-25 22:00:00+02:00,102_STEAM_3,1.0
2030,sc01,07-25 22:00:00+02:00,123_CT_4,0.0
2030,sc01,07-25 22:00:00+02:00,123_STEAM_2,1.0
2030,sc01,07-25 22:00:00+02:00,113_CT_3,0.0
2030,sc01,07-25 22:00:00+02:00,118_CC_1,1.0
2030,sc01,07-25 22:00:00+02:00,123_CT_5,0.0
2030,sc01,07-25 22:00:00+02:00,113_CT_2,0.0
2030,sc01,07-25 22:00:00+02:00,101_STEAM_3,0.8727598007543501
2030,sc01,07-26 05:00:00+02:00,115_STEAM_3,1.0
2030,sc01,07-26 05:00:00+02:00,116_STEAM_1,0.8870967741935484
2030,sc01,07-26 05:00:00+02:00,102_CT_1,0.0
2030,sc01,07-26 05:00:00+02:00,107_CC_1,1.0
2030,sc01,07-26 05:00:00+02:00,101_STEAM_4,0.0
2030,sc01,07-26 05:00:00+02:00,113_CT_4,0.0
2030,sc01,07-26 05:00:00+02:00,101_CT_2,0.0
2030,sc01,07-26 05:00:00+02:00,123_STEAM_3,1.0
2030,sc01,07-26 05:00:00+02:00,113_CT_1,0.0
2030,sc01,07-26 05:00:00+02:00,123_CT_1,0.0
2030,sc01,07-26 05:00:00+02:00,121_NUCLEAR_1,1.0
2030,sc01,07-26 05:00:00+02:00,102_STEAM_4,0.0
2030,sc01,07-26 05:00:00+02:00,115_STEAM_2,0.0
2030,sc01,07-26 05:00:00+02:00,115_STEAM_1,0.0
2030,sc01,07-26 05:00:00+02:00,101_CT_1,0.0
2030,sc01,07-26 05:00:00+02:00,102_CT_2,0.0
2030,sc01,07-26 05:00:00+02:00,102_STEAM_3,0.0
2030,sc01,07-26 05:00:00+02:00,123_CT_4,0.0
2030,sc01,07-26 05:00:00+02:00,123_STEAM_2,1.0
2030,sc01,07-26 05:00:00+02:00,113_CT_3,0.0
2030,sc01,07-26 05:00:00+02:00,118_CC_1,1.0
2030,sc01,07-26 05:00:00+02:00,123_CT_5,0.0
2030,sc01,07-26 05:00:00+02:00,113_CT_2,0.0
2030,sc01,07-26 05:00:00+02:00,101_STEAM_3,0.0
2030,sc01,07-26 21:00:00+02:00,115_STEAM_3,1.0
2030,sc01,07-26 21:00:00+02:00,116_STEAM_1,0.8870967741935484
2030,sc01,07-26 21:00:00+02:00,102_CT_1,0.0
2030,sc01,07-26 21:00:00+02:00,107_CC_1,1.0
2030,sc01,07-26 21:00:00+02:00,101_STEAM_4,1.0
2030,sc01,07-26 21:00:00+02:00,113_CT_4,0.0
2030,sc01,07-26 21:00:00+02:00,101_CT_2,0.0
2030,sc01,07-26 21:00:00+02:00,123_STEAM_3,1.0
2030,sc01,07-26 21:00:00+02:00,113_CT_1,0.0
2030,sc01,07-26 21:00:00+02:00,123_CT_1,0.0
2030,sc01,07-26 21:00:00+02:00,121_NUCLEAR_1,1.0
2030,sc01,07-26 21:00:00+02:00,102_STEAM_4,1.0
2030,sc01,07-26 21:00:00+02:00,115_STEAM_2,0.0
2030,sc01,07-26 21:00:00+02:00,115_STEAM_1,0.0
2030,sc01,07-26 21:00:00+02:00,101_CT_1,0.0
2030,sc01,07-26 21:00:00+02:00,102_CT_2,0.0
2030,sc01,07-26 21:00:00+02:00,102_STEAM_3,1.0
2030,sc01,07-26 21:00:00+02:00,123_CT_4,0.0
2030,sc01,07-26 21:00:00+02:00,123_STEAM_2,1.0
2030,sc01,07-26 21:00:00+02:00,113_CT_3,0.0
2030,sc01,07-26 21:00:00+02:00,118_CC_1,1.0
2030,sc01,07-26 21:00:00+02:00,123_CT_5,0.0
2030,sc01,07-26 21:00:00+02:00,113_CT_2,0.04030768915362871
2030,sc01,07-26 21:00:00+02:00,101_STEAM_3,1.0
2030,sc01,07-27 17:00:00+02:00,115_STEAM_3,1.0
2030,sc01,07-27 17:00:00+02:00,116_STEAM_1,0.8870967741935484
2030,sc01,07-27 17:00:00+02:00,102_CT_1,1.0
2030,sc01,07-27 17:00:00+02:00,107_CC_1,1.0
2030,sc01,07-27 17:00:00+02:00,101_STEAM_4,1.0
2030,sc01,07-27 17:00:00+02:00,113_CT_4,1.0
2030,sc01,07-27 17:00:00+02:00,101_CT_2,0.0
2030,sc01,07-27 17:00:00+02:00,123_STEAM_3,1.0
2030,sc01,07-27 17:00:00+02:00,113_CT_1,1.0
2030,sc01,07-27 17:00:00+02:00,123_CT_1,0.0
2030,sc01,07-27 17:00:00+02:00,121_NUCLEAR_1,1.0
2030,sc01,07-27 17:00:00+02:00,102_STEAM_4,1.0
2030,sc01,07-27 17:00:00+02:00,115_STEAM_2,1.0
2030,sc01,07-27 17:00:00+02:00,115_STEAM_1,1.0
2030,sc01,07-27 17:00:00+02:00,101_CT_1,0.0
2030,sc01,07-27 17:00:00+02:00,102_CT_2,0.5144477440227558
2030,sc01,07-27 17:00:00+02:00,102_STEAM_3,1.0
2030,sc01,07-27 17:00:00+02:00,123_CT_4,0.7309413518639836
2030,sc01,07-27 17:00:00+02:00,123_STEAM_2,1.0
2030,sc01,07-27 17:00:00+02:00,113_CT_3,1.0
2030,sc01,07-27 17:00:00+02:00,118_CC_1,1.0
2030,sc01,07-27 17:00:00+02:00,123_CT_5,0.0
2030,sc01,07-27 17:00:00+02:00,113_CT_2,1.0
2030,sc01,07-27 17:00:00+02:00,101_STEAM_3,1.0
2030,sc01,07-29 15:00:00+02:00,115_STEAM_3,1.0
2030,sc01,07-29 15:00:00+02:00,116_STEAM_1,0.0
2030,sc01,07-29 15:00:00+02:00,102_CT_1,0.0
2030,sc01,07-29 15:00:00+02:00,107_CC_1,1.0
2030,sc01,07-29 15:00:00+02:00,101_STEAM_4,0.0
2030,sc01,07-29 15:00:00+02:00,113_CT_4,0.0
2030,sc01,07-29 15:00:00+02:00,101_CT_2,0.0
2030,sc01,07-29 15:00:00+02:00,123_STEAM_3,1.0
2030,sc01,07-29 15:00:00+02:00,113_CT_1,0.0
2030,sc01,07-29 15:00:00+02:00,123_CT_1,0.0
2030,sc01,07-29 15:00:00+02:00,121_NUCLEAR_1,1.0
2030,sc01,07-29 15:00:00+02:00,102_STEAM_4,0.0
2030,sc01,07-29 15:00:00+02:00,115_STEAM_2,0.0
2030,sc01,07-29 15:00:00+02:00,115_STEAM_1,0.0
2030,sc01,07-29 15:00:00+02:00,101_CT_1,0.0
2030,sc01,07-29 15:00:00+02:00,102_CT_2,0.0
2030,sc01,07-29 15:00:00+02:00,102_STEAM_3,0.0
2030,sc01,07-29 15:00:00+02:00,123_CT_4,0.0
2030,sc01,07-29 15:00:00+02:00,123_STEAM_2,1.0
2030,sc01,07-29 15:00:00+02:00,113_CT_3,0.0
2030,sc01,07-29 15:00:00+02:00,118_CC_1,0.4222352920463012
2030,sc01,07-29 15:00:00+02:00,123_CT_5,0.0
2030,sc01,07-29 15:00:00+02:00,113_CT_2,0.0
2030,sc01,07-29 15:00:00+02:00,101_STEAM_3,0.0
2030,sc01,08-01 11:00:00+02:00,115_STEAM_3,0.0
2030,sc01,08-01 11:00:00+02:00,116_STEAM_1,0.0
2030,sc01,08-01 11:00:00+02:00,102_CT_1,0.0
2030,sc01,08-01 11:00:00+02:00,107_CC_1,1.0
2030,sc01,08-01 11:00:00+02:00,101_STEAM_4,0.0
2030,sc01,08-01 11:00:00+02:00,113_CT_4,0.0
2030,sc01,08-01 11:00:00+02:00,101_CT_2,0.0
2030,sc01,08-01 11:00:00+02:00,123_STEAM_3,0.0
2030,sc01,08-01 11:00:00+02:00,113_CT_1,0.0
2030,sc01,08-01 11:00:00+02:00,123_CT_1,0.0
2030,sc01,08-01 11:00:00+02:00,121_NUCLEAR_1,0.9625710246139192
2030,sc01,08-01 11:00:00+02:00,102_STEAM_4,0.0
2030,sc01,08-01 11:00:00+02:00,115_STEAM_2,0.0
2030,sc01,08-01 11:00:00+02:00,115_STEAM_1,0.0
2030,sc01,08-01 11:00:00+02:00,101_CT_1,0.0
2030,sc01,08-01 11:00:00+02:00,102_CT_2,0.0
2030,sc01,08-01 11:00:00+02:00,102_STEAM_3,0.0
2030,sc01,08-01 11:00:00+02:00,123_CT_4,0.0
2030,sc01,08-01 11:00:00+02:00,123_STEAM_2,0.0
2030,sc01,08-01 11:00:00+02:00,113_CT_3,0.0
2030,sc01,08-01 11:00:00+02:00,118_CC_1,0.0
2030,sc01,08-01 11:00:00+02:00,123_CT_5,0.0
2030,sc01,08-01 11:00:00+02:00,113_CT_2,0.0
2030,sc01,08-01 11:00:00+02:00,101_STEAM_3,0.0
2030,sc01,08-02 22:00:00+02:00,115_STEAM_3,1.0
2030,sc01,08-02 22:00:00+02:00,116_STEAM_1,0.8870967741935484
2030,sc01,08-02 22:00:00+02:00,102_CT_1,0.0
2030,sc01,08-02 22:00:00+02:00,107_CC_1,1.0
2030,sc01,08-02 22:00:00+02:00,101_STEAM_4,0.0
2030,sc01,08-02 22:00:00+02:00,113_CT_4,0.0
2030,sc01,08-02 22:00:00+02:00,101_CT_2,0.0
2030,sc01,08-02 22:00:00+02:00,123_STEAM_3,1.0
2030,sc01,08-02 22:00:00+02:00,113_CT_1,0.0
2030,sc01,08-02 22:00:00+02:00,123_CT_1,0.0
2030,sc01,08-02 22:00:00+02:00,121_NUCLEAR_1,1.0
2030,sc01,08-02 22:00:00+02:00,102_STEAM_4,0.0
2030,sc01,08-02 22:00:00+02:00,115_STEAM_2,0.0
2030,sc01,08-02 22:00:00+02:00,115_STEAM_1,0.0
2030,sc01,08-02 22:00:00+02:00,101_CT_1,0.0
2030,sc01,08-02 22:00:00+02:00,102_CT_2,0.0
2030,sc01,08-02 22:00:00+02:00,102_STEAM_3,0.0
2030,sc01,08-02 22:00:00+02:00,123_CT_4,0.0
2030,sc01,08-02 22:00:00+02:00,123_STEAM_2,1.0
2030,sc01,08-02 22:00:00+02:00,113_CT_3,0.0
2030,sc01,08-02 22:00:00+02:00,118_CC_1,1.0
2030,sc01,08-02 22:00:00+02:00,123_CT_5,0.0
2030,sc01,08-02 22:00:00+02:00,113_CT_2,0.0
2030,sc01,08-02 22:00:00+02:00,101_STEAM_3,0.0
2030,sc01,08-05 10:00:00+02:00,115_STEAM_3,1.0
2030,sc01,08-05 10:00:00+02:00,116_STEAM_1,0.0
2030,sc01,08-05 10:00:00+02:00,102_CT_1,0.0
2030,sc01,08-05 10:00:00+02:00,107_CC_1,1.0
2030,sc01,08-05 10:00:00+02:00,101_STEAM_4,0.0
2030,sc01,08-05 10:00:00+02:00,113_CT_4,0.0
2030,sc01,08-05 10:00:00+02:00,101_CT_2,0.0
2030,sc01,08-05 10:00:00+02:00,123_STEAM_3,0.0
2030,sc01,08-05 10:00:00+02:00,113_CT_1,0.0
2030,sc01,08-05 10:00:00+02:00,123_CT_1,0.0
2030,sc01,08-05 10:00:00+02:00,121_NUCLEAR_1,1.0
2030,sc01,08-05 10:00:00+02:00,102_STEAM_4,0.0
2030,sc01,08-05 10:00:00+02:00,115_STEAM_2,0.0
2030,sc01,08-05 10:00:00+02:00,115_STEAM_1,0.0
2030,sc01,08-05 10:00:00+02:00,101_CT_1,0.0
2030,sc01,08-05 10:00:00+02:00,102_CT_2,0.0
2030,sc01,08-05 10:00:00+02:00,102_STEAM_3,0.0
2030,sc01,08-05 10:00:00+02:00,123_CT_4,0.0
2030,sc01,08-05 10:00:00+02:00,123_STEAM_2,0.0
2030,sc01,08-05 10:00:00+02:00,113_CT_3,0.0
2030,sc01,08-05 10:00:00+02:00,118_CC_1,0.9873005431078152
2030,sc01,08-05 10:00:00+02:00,123_CT_5,0.0
2030,sc01,08-05 10:00:00+02:00,113_CT_2,0.0
2030,sc01,08-05 10:00:00+02:00,101_STEAM_3,0.0
2030,sc01,08-05 20:00:00+02:00,115_STEAM_3,1.0
2030,sc01,08-05 20:00:00+02:00,116_STEAM_1,0.0
2030,sc01,08-05 20:00:00+02:00,102_CT_1,0.0
2030,sc01,08-05 20:00:00+02:00,107_CC_1,1.0
2030,sc01,08-05 20:00:00+02:00,101_STEAM_4,1.0
2030,sc01,08-05 20:00:00+02:00,113_CT_4,0.0
2030,sc01,08-05 20:00:00+02:00,101_CT_2,0.0
2030,sc01,08-05 20:00:00+02:00,123_STEAM_3,0.611020946194347
2030,sc01,08-05 20:00:00+02:00,113_CT_1,0.0
2030,sc01,08-05 20:00:00+02:00,123_CT_1,0.0
2030,sc01,08-05 20:00:00+02:00,121_NUCLEAR_1,0.823576565102817
2030,sc01,08-05 20:00:00+02:00,102_STEAM_4,1.0
2030,sc01,08-05 20:00:00+02:00,115_STEAM_2,0.0
2030,sc01,08-05 20:00:00+02:00,115_STEAM_1,0.0
2030,sc01,08-05 20:00:00+02:00,101_CT_1,0.0
2030,sc01,08-05 20:00:00+02:00,102_CT_2,0.0
2030,sc01,08-05 20:00:00+02:00,102_STEAM_3,1.0
2030,sc01,08-05 20:00:00+02:00,123_CT_4,0.0
2030,sc01,08-05 20:00:00+02:00,123_STEAM_2,1.0
2030,sc01,08-05 20:00:00+02:00,113_CT_3,0.0
2030,sc01,08-05 20:00:00+02:00,118_CC_1,0.0
2030,sc01,08-05 20:00:00+02:00,123_CT_5,0.0
2030,sc01,08-05 20:00:00+02:00,113_CT_2,0.0
2030,sc01,08-05 20:00:00+02:00,101_STEAM_3,1.0
2030,sc01,08-07 08:00:00+02:00,115_STEAM_3,0.0
2030,sc01,08-07 08:00:00+02:00,116_STEAM_1,0.0
2030,sc01,08-07 08:00:00+02:00,102_CT_1,0.0
2030,sc01,08-07 08:00:00+02:00,107_CC_1,1.0
2030,sc01,08-07 08:00:00+02:00,101_STEAM_4,0.0
2030,sc01,08-07 08:00:00+02:00,113_CT_4,0.0
2030,sc01,08-07 08:00:00+02:00,101_CT_2,0.0
2030,sc01,08-07 08:00:00+02:00,123_STEAM_3,0.0
2030,sc01,08-07 08:00:00+02:00,113_CT_1,0.0
2030,sc01,08-07 08:00:00+02:00,123_CT_1,0.0
2030,sc01,08-07 08:00:00+02:00,121_NUCLEAR_1,1.0
2030,sc01,08-07 08:00:00+02:00,102_STEAM_4,0.0
2030,sc01,08-07 08:00:00+02:00,115_STEAM_2,0.0
2030,sc01,08-07 08:00:00+02:00,115_STEAM_1,0.0
2030,sc01,08-07 08:00:00+02:00,101_CT_1,0.0
2030,sc01,08-07 08:00:00+02:00,102_CT_2,0.0
2030,sc01,08-07 08:00:00+02:00,102_STEAM_3,0.0
2030,sc01,08-07 08:00:00+02:00,123_CT_4,0.0
2030,sc01,08-07 08:00:00+02:00,123_STEAM_2,0.0
2030,sc01,08-07 08:00:00+02:00,113_CT_3,0.0
2030,sc01,08-07 08:00:00+02:00,118_CC_1,1.0
2030,sc01,08-07 08:00:00+02:00,123_CT_5,0.0
2030,sc01,08-07 08:00:00+02:00,113_CT_2,0.0
2030,sc01,08-07 08:00:00+02:00,101_STEAM_3,0.0
2030,sc01,08-07 14:00:00+02:00,115_STEAM_3,1.0
2030,sc01,08-07 14:00:00+02:00,116_STEAM_1,0.8870967741935484
2030,sc01,08-07 14:00:00+02:00,102_CT_1,0.0
2030,sc01,08-07 14:00:00+02:00,107_CC_1,1.0
2030,sc01,08-07 14:00:00+02:00,101_STEAM_4,0.0
2030,sc01,08-07 14:00:00+02:00,113_CT_4,0.0
2030,sc01,08-07 14:00:00+02:00,101_CT_2,0.0
2030,sc01,08-07 14:00:00+02:00,123_STEAM_3,1.0
2030,sc01,08-07 14:00:00+02:00,113_CT_1,0.0
2030,sc01,08-07 14:00:00+02:00,123_CT_1,0.0
2030,sc01,08-07 14:00:00+02:00,121_NUCLEAR_1,1.0
2030,sc01,08-07 14:00:00+02:00,102_STEAM_4,0.0
2030,sc01,08-07 14:00:00+02:00,115_STEAM_2,0.0
2030,sc01,08-07 14:00:00+02:00,115_STEAM_1,0.0
2030,sc01,08-07 14:00:00+02:00,101_CT_1,0.0
2030,sc01,08-07 14:00:00+02:00,102_CT_2,0.0
2030,sc01,08-07 14:00:00+02:00,102_STEAM_3,0.0
2030,sc01,08-07 14:00:00+02:00,123_CT_4,0.0
2030,sc01,08-07 14:00:00+02:00,123_STEAM_2,1.0
2030,sc01,08-07 14:00:00+02:00,113_CT_3,0.0
2030,sc01,08-07 14:00:00+02:00,118_CC_1,1.0
2030,sc01,08-07 14:00:00+02:00,123_CT_5,0.0
2030,sc01,08-07 14:00:00+02:00,113_CT_2,0.0
2030,sc01,08-07 14:00:00+02:00,101_STEAM_3,0.0
2030,sc01,08-07 22:00:00+02:00,115_STEAM_3,1.0
2030,sc01,08-07 22:00:00+02:00,116_STEAM_1,0.0
2030,sc01,08-07 22:00:00+02:00,102_CT_1,0.0
2030,sc01,08-07 22:00:00+02:00,107_CC_1,1.0
2030,sc01,08-07 22:00:00+02:00,101_STEAM_4,0.0
2030,sc01,08-07 22:00:00+02:00,113_CT_4,0.0
2030,sc01,08-07 22:00:00+02:00,101_CT_2,0.0
2030,sc01,08-07 22:00:00+02:00,123_STEAM_3,1.0
2030,sc01,08-07 22:00:00+02:00,113_CT_1,0.0
2030,sc01,08-07 22:00:00+02:00,123_CT_1,0.0
2030,sc01,08-07 22:00:00+02:00,121_NUCLEAR_1,1.0
2030,sc01,08-07 22:00:00+02:00,102_STEAM_4,0.0
2030,sc01,08-07 22:00:00+02:00,115_STEAM_2,0.0
2030,sc01,08-07 22:00:00+02:00,115_STEAM_1,0.0
2030,sc01,08-07 22:00:00+02:00,101_CT_1,0.0
2030,sc01,08-07 22:00:00+02:00,102_CT_2,0.0
2030,sc01,08-07 22:00:00+02:00,102_STEAM_3,0.0
2030,sc01,08-07 22:00:00+02:00,123_CT_4,0.0
2030,sc01,08-07 22:00:00+02:00,123_STEAM_2,1.0
2030,sc01,08-07 22:00:00+02:00,113_CT_3,0.0
2030,sc01,08-07 22:00:00+02:00,118_CC_1,1.0
2030,sc01,08-07 22:00:00+02:00,123_CT_5,0.0
2030,sc01,08-07 22:00:00+02:00,113_CT_2,0.0
2030,sc01,08-07 22:00:00+02:00,101_STEAM_3,0.0
2030,sc01,08-08 17:00:00+02:00,115_STEAM_3,1.0
2030,sc01,08-08 17:00:00+02:00,116_STEAM_1,0.0
2030,sc01,08-08 17:00:00+02:00,102_CT_1,0.0
2030,sc01,08-08 17:00:00+02:00,107_CC_1,1.0
2030,sc01,08-08 17:00:00+02:00,101_STEAM_4,1.0
2030,sc01,08-08 17:00:00+02:00,113_CT_4,0.0
2030,sc01,08-08 17:00:00+02:00,101_CT_2,0.0
2030,sc01,08-08 17:00:00+02:00,123_STEAM_3,1.0
2030,sc01,08-08 17:00:00+02:00,113_CT_1,0.0
2030,sc01,08-08 17:00:00+02:00,123_CT_1,0.0
2030,sc01,08-08 17:00:00+02:00,121_NUCLEAR_1,1.0
2030,sc01,08-08 17:00:00+02:00,102_STEAM_4,0.6464419371774679
2030,sc01,08-08 17:00:00+02:00,115_STEAM_2,0.0
2030,sc01,08-08 17:00:00+02:00,115_STEAM_1,0.0
2030,sc01,08-08 17:00:00+02:00,101_CT_1,0.0
2030,sc01,08-08 17:00:00+02:00,102_CT_2,0.0
2030,sc01,08-08 17:00:00+02:00,102_STEAM_3,0.0
2030,sc01,08-08 17:00:00+02:00,123_CT_4,0.0
2030,sc01,08-08 17:00:00+02:00,123_STEAM_2,1.0
2030,sc01,08-08 17:00:00+02:00,113_CT_3,0.0
2030,sc01,08-08 17:00:00+02:00,118_CC_1,0.0
2030,sc01,08-08 17:00:00+02:00,123_CT_5,0.0
2030,sc01,08-08 17:00:00+02:00,113_CT_2,0.0
2030,sc01,08-08 17:00:00+02:00,101_STEAM_3,1.0
2030,sc01,08-10 13:00:00+02:00,115_STEAM_3,1.0
2030,sc01,08-10 13:00:00+02:00,116_STEAM_1,0.8870967741935484
2030,sc01,08-10 13:00:00+02:00,102_CT_1,0.0
2030,sc01,08-10 13:00:00+02:00,107_CC_1,1.0
2030,sc01,08-10 13:00:00+02:00,101_STEAM_4,0.0
2030,sc01,08-10 13:00:00+02:00,113_CT_4,0.0
2030,sc01,08-10 13:00:00+02:00,101_CT_2,0.0
2030,sc01,08-10 13:00:00+02:00,123_STEAM_3,1.0
2030,sc01,08-10 13:00:00+02:00,113_CT_1,0.0
2030,sc01,08-10 13:00:00+02:00,123_CT_1,0.0
2030,sc01,08-10 13:00:00+02:00,121_NUCLEAR_1,1.0
2030,sc01,08-10 13:00:00+02:00,102_STEAM_4,0.0
2030,sc01,08-10 13:00:00+02:00,115_STEAM_2,0.0
2030,sc01,08-10 13:00:00+02:00,115_STEAM_1,0.0
2030,sc01,08-10 13:00:00+02:00,101_CT_1,0.0
2030,sc01,08-10 13:00:00+02:00,102_CT_2,0.0
2030,sc01,08-10 13:00:00+02:00,102_STEAM_3,0.0
2030,sc01,08-10 13:00:00+02:00,123_CT_4,0.0
2030,sc01,08-10 13:00:00+02:00,123_STEAM_2,1.0
2030,sc01,08-10 13:00:00+02:00,113_CT_3,0.0
2030,sc01,08-10 13:00:00+02:00,118_CC_1,1.0
2030,sc01,08-10 13:00:00+02:00,123_CT_5,0.0
2030,sc01,08-10 13:00:00+02:00,113_CT_2,0.0
2030,sc01,08-10 13:00:00+02:00,101_STEAM_3,0.0
2030,sc01,08-11 08:00:00+02:00,115_STEAM_3,0.0
2030,sc01,08-11 08:00:00+02:00,116_STEAM_1,0.301510699764796
2030,sc01,08-11 08:00:00+02:00,102_CT_1,0.0
2030,sc01,08-11 08:00:00+02:00,107_CC_1,1.0
2030,sc01,08-11 08:00:00+02:00,101_STEAM_4,0.0
2030,sc01,08-11 08:00:00+02:00,113_CT_4,0.0
2030,sc01,08-11 08:00:00+02:00,101_CT_2,0.0
2030,sc01,08-11 08:00:00+02:00,123_STEAM_3,0.0
2030,sc01,08-11 08:00:00+02:00,113_CT_1,0.0
2030,sc01,08-11 08:00:00+02:00,123_CT_1,0.0
2030,sc01,08-11 08:00:00+02:00,121_NUCLEAR_1,1.0
2030,sc01,08-11 08:00:00+02:00,102_STEAM_4,0.0
2030,sc01,08-11 08:00:00+02:00,115_STEAM_2,0.0
2030,sc01,08-11 08:00:00+02:00,115_STEAM_1,0.0
2030,sc01,08-11 08:00:00+02:00,101_CT_1,0.0
2030,sc01,08-11 08:00:00+02:00,102_CT_2,0.0
2030,sc01,08-11 08:00:00+02:00,102_STEAM_3,0.0
2030,sc01,08-11 08:00:00+02:00,123_CT_4,0.0
2030,sc01,08-11 08:00:00+02:00,123_STEAM_2,1.0
2030,sc01,08-11 08:00:00+02:00,113_CT_3,0.0
2030,sc01,08-11 08:00:00+02:00,118_CC_1,1.0
2030,sc01,08-11 08:00:00+02:00,123_CT_5,0.0
2030,sc01,08-11 08:00:00+02:00,113_CT_2,0.0
2030,sc01,08-11 08:00:00+02:00,101_STEAM_3,0.0
2030,sc01,08-12 11:00:00+02:00,115_STEAM_3,1.0
2030,sc01,08-12 11:00:00+02:00,116_STEAM_1,0.0
2030,sc01,08-12 11:00:00+02:00,102_CT_1,0.0
2030,sc01,08-12 11:00:00+02:00,107_CC_1,1.0
2030,sc01,08-12 11:00:00+02:00,101_STEAM_4,0.0
2030,sc01,08-12 11:00:00+02:00,113_CT_4,0.0
2030,sc01,08-12 11:00:00+02:00,101_CT_2,0.0
2030,sc01,08-12 11:00:00+02:00,123_STEAM_3,0.0
2030,sc01,08-12 11:00:00+02:00,113_CT_1,0.0
2030,sc01,08-12 11:00:00+02:00,123_CT_1,0.0
2030,sc01,08-12 11:00:00+02:00,121_NUCLEAR_1,0.12983665210133857
2030,sc01,08-12 11:00:00+02:00,102_STEAM_4,0.0
2030,sc01,08-12 11:00:00+02:00,115_STEAM_2,0.0
2030,sc01,08-12 11:00:00+02:00,115_STEAM_1,0.0
2030,sc01,08-12 11:00:00+02:00,101_CT_1,0.0
2030,sc01,08-12 11:00:00+02:00,102_CT_2,0.0
2030,sc01,08-12 11:00:00+02:00,102_STEAM_3,0.0
2030,sc01,08-12 11:00:00+02:00,123_CT_4,0.0
2030,sc01,08-12 11:00:00+02:00,123_STEAM_2,0.0
2030,sc01,08-12 11:00:00+02:00,113_CT_3,0.0
2030,sc01,08-12 11:00:00+02:00,118_CC_1,0.0
2030,sc01,08-12 11:00:00+02:00,123_CT_5,0.0
2030,sc01,08-12 11:00:00+02:00,113_CT_2,0.0
2030,sc01,08-12 11:00:00+02:00,101_STEAM_3,0.0
2030,sc01,08-13 15:00:00+02:00,115_STEAM_3,1.0
2030,sc01,08-13 15:00:00+02:00,116_STEAM_1,0.8870967741935484
2030,sc01,08-13 15:00:00+02:00,102_CT_1,0.0
2030,sc01,08-13 15:00:00+02:00,107_CC_1,1.0
2030,sc01,08-13 15:00:00+02:00,101_STEAM_4,1.0
2030,sc01,08-13 15:00:00+02:00,113_CT_4,0.0
2030,sc01,08-13 15:00:00+02:00,101_CT_2,0.0
2030,sc01,08-13 15:00:00+02:00,123_STEAM_3,1.0
2030,sc01,08-13 15:00:00+02:00,113_CT_1,0.0
2030,sc01,08-13 15:00:00+02:00,123_CT_1,0.0
2030,sc01,08-13 15:00:00+02:00,121_NUCLEAR_1,1.0
2030,sc01,08-13 15:00:00+02:00,102_STEAM_4,1.0
2030,sc01,08-13 15:00:00+02:00,115_STEAM_2,0.0
2030,sc01,08-13 15:00:00+02:00,115_STEAM_1,0.0
2030,sc01,08-13 15:00:00+02:00,101_CT_1,0.0
2030,sc01,08-13 15:00:00+02:00,102_CT_2,0.0
2030,sc01,08-13 15:00:00+02:00,102_STEAM_3,1.0
2030,sc01,08-13 15:00:00+02:00,123_CT_4,0.0
2030,sc01,08-13 15:00:00+02:00,123_STEAM_2,1.0
2030,sc01,08-13 15:00:00+02:00,113_CT_3,0.0
2030,sc01,08-13 15:00:00+02:00,118_CC_1,1.0
2030,sc01,08-13 15:00:00+02:00,123_CT_5,0.0
2030,sc01,08-13 15:00:00+02:00,113_CT_2,0.0
2030,sc01,08-13 15:00:00+02:00,101_STEAM_3,0.8250422164916791
2030,sc01,08-14 05:00:00+02:00,115_STEAM_3,1.0
2030,sc01,08-14 05:00:00+02:00,116_STEAM_1,0.0
2030,sc01,08-14 05:00:00+02:00,102_CT_1,0.0
2030,sc01,08-14 05:00:00+02:00,107_CC_1,1.0
2030,sc01,08-14 05:00:00+02:00,101_STEAM_4,0.0
2030,sc01,08-14 05:00:00+02:00,113_CT_4,0.0
2030,sc01,08-14 05:00:00+02:00,101_CT_2,0.0
2030,sc01,08-14 05:00:00+02:00,123_STEAM_3,1.0
2030,sc01,08-14 05:00:00+02:00,113_CT_1,0.0
2030,sc01,08-14 05:00:00+02:00,123_CT_1,0.0
2030,sc01,08-14 05:00:00+02:00,121_NUCLEAR_1,1.0
2030,sc01,08-14 05:00:00+02:00,102_STEAM_4,0.0
2030,sc01,08-14 05:00:00+02:00,115_STEAM_2,0.0
2030,sc01,08-14 05:00:00+02:00,115_STEAM_1,0.0
2030,sc01,08-14 05:00:00+02:00,101_CT_1,0.0
2030,sc01,08-14 05:00:00+02:00,102_CT_2,0.0
2030,sc01,08-14 05:00:00+02:00,102_STEAM_3,0.0
2030,sc01,08-14 05:00:00+02:00,123_CT_4,0.0
2030,sc01,08-14 05:00:00+02:00,123_STEAM_2,1.0
2030,sc01,08-14 05:00:00+02:00,113_CT_3,0.0
2030,sc01,08-14 05:00:00+02:00,118_CC_1,1.0
2030,sc01,08-14 05:00:00+02:00,123_CT_5,0.0
2030,sc01,08-14 05:00:00+02:00,113_CT_2,0.0
2030,sc01,08-14 05:00:00+02:00,101_STEAM_3,0.0
2030,sc01,08-14 06:00:00+02:00,115_STEAM_3,1.0
2030,sc01,08-14 06:00:00+02:00,116_STEAM_1,0.0
2030,sc01,08-14 06:00:00+02:00,102_CT_1,0.0
2030,sc01,08-14 06:00:00+02:00,107_CC_1,1.0
2030,sc01,08-14 06:00:00+02:00,101_STEAM_4,0.0
2030,sc01,08-14 06:00:00+02:00,113_CT_4,0.0
2030,sc01,08-14 06:00:00+02:00,101_CT_2,0.0
2030,sc01,08-14 06:00:00+02:00,123_STEAM_3,1.0
2030,sc01,08-14 06:00:00+02:00,113_CT_1,0.0
2030,sc01,08-14 06:00:00+02:00,123_CT_1,0.0
2030,sc01,08-14 06:00:00+02:00,121_NUCLEAR_1,1.0
2030,sc01,08-14 06:00:00+02:00,102_STEAM_4,0.0
2030,sc01,08-14 06:00:00+02:00,115_STEAM_2,0.0
2030,sc01,08-14 06:00:00+02:00,115_STEAM_1,0.0
2030,sc01,08-14 06:00:00+02:00,101_CT_1,0.0
2030,sc01,08-14 06:00:00+02:00,102_CT_2,0.0
2030,sc01,08-14 06:00:00+02:00,102_STEAM_3,0.0
2030,sc01,08-14 06:00:00+02:00,123_CT_4,0.0
2030,sc01,08-14 06:00:00+02:00,123_STEAM_2,0.0
2030,sc01,08-14 06:00:00+02:00,113_CT_3,0.0
2030,sc01,08-14 06:00:00+02:00,118_CC_1,1.0
2030,sc01,08-14 06:00:00+02:00,123_CT_5,0.0
2030,sc01,08-14 06:00:00+02:00,113_CT_2,0.0
2030,sc01,08-14 06:00:00+02:00,101_STEAM_3,0.0
2030,sc01,08-14 14:00:00+02:00,115_STEAM_3,1.0
2030,sc01,08-14 14:00:00+02:00,116_STEAM_1,0.8870967741935484
2030,sc01,08-14 14:00:00+02:00,102_CT_1,0.0
2030,sc01,08-14 14:00:00+02:00,107_CC_1,1.0
2030,sc01,08-14 14:00:00+02:00,101_STEAM_4,0.0
2030,sc01,08-14 14:00:00+02:00,113_CT_4,0.0
2030,sc01,08-14 14:00:00+02:00,101_CT_2,0.0
2030,sc01,08-14 14:00:00+02:00,123_STEAM_3,1.0
2030,sc01,08-14 14:00:00+02:00,113_CT_1,0.0
2030,sc01,08-14 14:00:00+02:00,123_CT_1,0.0
2030,sc01,08-14 14:00:00+02:00,121_NUCLEAR_1,1.0
2030,sc01,08-14 14:00:00+02:00,102_STEAM_4,1.0
2030,sc01,08-14 14:00:00+02:00,115_STEAM_2,0.0
2030,sc01,08-14 14:00:00+02:00,115_STEAM_1,0.0
2030,sc01,08-14 14:00:00+02:00,101_CT_1,0.0
2030,sc01,08-14 14:00:00+02:00,102_CT_2,0.0
2030,sc01,08-14 14:00:00+02:00,102_STEAM_3,1.0
2030,sc01,08-14 14:00:00+02:00,123_CT_4,0.0
2030,sc01,08-14 14:00:00+02:00,123_STEAM_2,1.0
2030,sc01,08-14 14:00:00+02:00,113_CT_3,0.0
2030,sc01,08-14 14:00:00+02:00,118_CC_1,1.0
2030,sc01,08-14 14:00:00+02:00,123_CT_5,0.0
2030,sc01,08-14 14:00:00+02:00,113_CT_2,0.0
2030,sc01,08-14 14:00:00+02:00,101_STEAM_3,0.0
2030,sc01,08-14 16:00:00+02:00,115_STEAM_3,1.0
2030,sc01,08-14 16:00:00+02:00,116_STEAM_1,0.0
2030,sc01,08-14 16:00:00+02:00,102_CT_1,0.0
2030,sc01,08-14 16:00:00+02:00,107_CC_1,1.0
2030,sc01,08-14 16:00:00+02:00,101_STEAM_4,1.0
2030,sc01,08-14 16:00:00+02:00,113_CT_4,0.0
2030,sc01,08-14 16:00:00+02:00,101_CT_2,0.8932531471456369
2030,sc01,08-14 16:00:00+02:00,123_STEAM_3,1.0
2030,sc01,08-14 16:00:00+02:00,113_CT_1,0.0
2030,sc01,08-14 16:00:00+02:00,123_CT_1,0.0
2030,sc01,08-14 16:00:00+02:00,121_NUCLEAR_1,1.0
2030,sc01,08-14 16:00:00+02:00,102_STEAM_4,1.0
2030,sc01,08-14 16:00:00+02:00,115_STEAM_2,0.0
2030,sc01,08-14 16:00:00+02:00,115_STEAM_1,0.0
2030,sc01,08-14 16:00:00+02:00,101_CT_1,0.0
2030,sc01,08-14 16:00:00+02:00,102_CT_2,0.0
2030,sc01,08-14 16:00:00+02:00,102_STEAM_3,1.0
2030,sc01,08-14 16:00:00+02:00,123_CT_4,0.0
2030,sc01,08-14 16:00:00+02:00,123_STEAM_2,1.0
2030,sc01,08-14 16:00:00+02:00,113_CT_3,0.0
2030,sc01,08-14 16:00:00+02:00,118_CC_1,0.3358971986766374
2030,sc01,08-14 16:00:00+02:00,123_CT_5,0.0
2030,sc01,08-14 16:00:00+02:00,113_CT_2,0.0
2030,sc01,08-14 16:00:00+02:00,101_STEAM_3,1.0
2030,sc01,08-15 19:00:00+02:00,115_STEAM_3,1.0
2030,sc01,08-15 19:00:00+02:00,116_STEAM_1,0.8870967741935484
2030,sc01,08-15 19:00:00+02:00,102_CT_1,0.0
2030,sc01,08-15 19:00:00+02:00,107_CC_1,1.0
2030,sc01,08-15 19:00:00+02:00,101_STEAM_4,1.0
2030,sc01,08-15 19:00:00+02:00,113_CT_4,1.0
2030,sc01,08-15 19:00:00+02:00,101_CT_2,0.0
2030,sc01,08-15 19:00:00+02:00,123_STEAM_3,1.0
2030,sc01,08-15 19:00:00+02:00,113_CT_1,1.0
2030,sc01,08-15 19:00:00+02:00,123_CT_1,0.0
2030,sc01,08-15 19:00:00+02:00,121_NUCLEAR_1,1.0
2030,sc01,08-15 19:00:00+02:00,102_STEAM_4,1.0
2030,sc01,08-15 19:00:00+02:00,115_STEAM_2,0.0
2030,sc01,08-15 19:00:00+02:00,115_STEAM_1,0.0
2030,sc01,08-15 19:00:00+02:00,101_CT_1,0.0
2030,sc01,08-15 19:00:00+02:00,102_CT_2,0.0
2030,sc01,08-15 19:00:00+02:00,102_STEAM_3,1.0
2030,sc01,08-15 19:00:00+02:00,123_CT_4,0.0
2030,sc01,08-15 19:00:00+02:00,123_STEAM_2,1.0
2030,sc01,08-15 19:00:00+02:00,113_CT_3,1.0
2030,sc01,08-15 19:00:00+02:00,118_CC_1,1.0
2030,sc01,08-15 19:00:00+02:00,123_CT_5,0.0
2030,sc01,08-15 19:00:00+02:00,113_CT_2,0.1148492948762848
2030,sc01,08-15 19:00:00+02:00,101_STEAM_3,1.0
2030,sc01,08-16 22:00:00+02:00,115_STEAM_3,1.0
2030,sc01,08-16 22:00:00+02:00,116_STEAM_1,0.8870967741935484
2030,sc01,08-16 22:00:00+02:00,102_CT_1,0.0
2030,sc01,08-16 22:00:00+02:00,107_CC_1,1.0
2030,sc01,08-16 22:00:00+02:00,101_STEAM_4,0.0
2030,sc01,08-16 22:00:00+02:00,113_CT_4,0.0
2030,sc01,08-16 22:00:00+02:00,101_CT_2,0.0
2030,sc01,08-16 22:00:00+02:00,123_STEAM_3,1.0
2030,sc01,08-16 22:00:00+02:00,113_CT_1,0.0
2030,sc01,08-16 22:00:00+02:00,123_CT_1,0.0
2030,sc01,08-16 22:00:00+02:00,121_NUCLEAR_1,1.0
2030,sc01,08-16 22:00:00+02:00,102_STEAM_4,0.0
2030,sc01,08-16 22:00:00+02:00,115_STEAM_2,0.0
2030,sc01,08-16 22:00:00+02:00,115_STEAM_1,0.0
2030,sc01,08-16 22:00:00+02:00,101_CT_1,0.0
2030,sc01,08-16 22:00:00+02:00,102_CT_2,0.0
2030,sc01,08-16 22:00:00+02:00,102_STEAM_3,0.0
2030,sc01,08-16 22:00:00+02:00,123_CT_4,0.0
2030,sc01,08-16 22:00:00+02:00,123_STEAM_2,1.0
2030,sc01,08-16 22:00:00+02:00,113_CT_3,0.0
2030,sc01,08-16 22:00:00+02:00,118_CC_1,1.0
2030,sc01,08-16 22:00:00+02:00,123_CT_5,0.0
2030,sc01,08-16 22:00:00+02:00,113_CT_2,0.0
2030,sc01,08-16 22:00:00+02:00,101_STEAM_3,0.0
2030,sc01,08-19 17:00:00+02:00,115_STEAM_3,1.0
2030,sc01,08-19 17:00:00+02:00,116_STEAM_1,0.8870967741935484
2030,sc01,08-19 17:00:00+02:00,102_CT_1,0.0
2030,sc01,08-19 17:00:00+02:00,107_CC_1,1.0
2030,sc01,08-19 17:00:00+02:00,101_STEAM_4,1.0
2030,sc01,08-19 17:00:00+02:00,113_CT_4,1.0
2030,sc01,08-19 17:00:00+02:00,101_CT_2,0.0
2030,sc01,08-19 17:00:00+02:00,123_STEAM_3,1.0
2030,sc01,08-19 17:00:00+02:00,113_CT_1,1.0
2030,sc01,08-19 17:00:00+02:00,123_CT_1,0.0
2030,sc01,08-19 17:00:00+02:00,121_NUCLEAR_1,1.0
2030,sc01,08-19 17:00:00+02:00,102_STEAM_4,1.0
2030,sc01,08-19 17:00:00+02:00,115_STEAM_2,0.0
2030,sc01,08-19 17:00:00+02:00,115_STEAM_1,0.0
2030,sc01,08-19 17:00:00+02:00,101_CT_1,0.0
2030,sc01,08-19 17:00:00+02:00,102_CT_2,0.0
2030,sc01,08-19 17:00:00+02:00,102_STEAM_3,1.0
2030,sc01,08-19 17:00:00+02:00,123_CT_4,0.0
2030,sc01,08-19 17:00:00+02:00,123_STEAM_2,1.0
2030,sc01,08-19 17:00:00+02:00,113_CT_3,1.0
2030,sc01,08-19 17:00:00+02:00,118_CC_1,1.0
2030,sc01,08-19 17:00:00+02:00,123_CT_5,0.0
2030,sc01,08-19 17:00:00+02:00,113_CT_2,1.0
2030,sc01,08-19 17:00:00+02:00,101_STEAM_3,1.0
2030,sc01,08-20 17:00:00+02:00,115_STEAM_3,1.0
2030,sc01,08-20 17:00:00+02:00,116_STEAM_1,0.8870967741935484
2030,sc01,08-20 17:00:00+02:00,102_CT_1,0.0
2030,sc01,08-20 17:00:00+02:00,107_CC_1,1.0
2030,sc01,08-20 17:00:00+02:00,101_STEAM_4,1.0
2030,sc01,08-20 17:00:00+02:00,113_CT_4,1.0
2030,sc01,08-20 17:00:00+02:00,101_CT_2,0.0
2030,sc01,08-20 17:00:00+02:00,123_STEAM_3,1.0
2030,sc01,08-20 17:00:00+02:00,113_CT_1,1.0
2030,sc01,08-20 17:00:00+02:00,123_CT_1,0.9232008990496399
2030,sc01,08-20 17:00:00+02:00,121_NUCLEAR_1,1.0
2030,sc01,08-20 17:00:00+02:00,102_STEAM_4,1.0
2030,sc01,08-20 17:00:00+02:00,115_STEAM_2,0.0
2030,sc01,08-20 17:00:00+02:00,115_STEAM_1,0.0
2030,sc01,08-20 17:00:00+02:00,101_CT_1,0.0
2030,sc01,08-20 17:00:00+02:00,102_CT_2,0.0
2030,sc01,08-20 17:00:00+02:00,102_STEAM_3,1.0
2030,sc01,08-20 17:00:00+02:00,123_CT_4,0.0
2030,sc01,08-20 17:00:00+02:00,123_STEAM_2,1.0
2030,sc01,08-20 17:00:00+02:00,113_CT_3,1.0
2030,sc01,08-20 17:00:00+02:00,118_CC_1,1.0
2030,sc01,08-20 17:00:00+02:00,123_CT_5,0.0
2030,sc01,08-20 17:00:00+02:00,113_CT_2,1.0
2030,sc01,08-20 17:00:00+02:00,101_STEAM_3,1.0
2030,sc01,08-21 00:00:00+02:00,115_STEAM_3,1.0
2030,sc01,08-21 00:00:00+02:00,116_STEAM_1,0.8870967741935484
2030,sc01,08-21 00:00:00+02:00,102_CT_1,0.0
2030,sc01,08-21 00:00:00+02:00,107_CC_1,1.0
2030,sc01,08-21 00:00:00+02:00,101_STEAM_4,0.0
2030,sc01,08-21 00:00:00+02:00,113_CT_4,0.0
2030,sc01,08-21 00:00:00+02:00,101_CT_2,0.0
2030,sc01,08-21 00:00:00+02:00,123_STEAM_3,1.0
2030,sc01,08-21 00:00:00+02:00,113_CT_1,0.0
2030,sc01,08-21 00:00:00+02:00,123_CT_1,0.0
2030,sc01,08-21 00:00:00+02:00,121_NUCLEAR_1,1.0
2030,sc01,08-21 00:00:00+02:00,102_STEAM_4,0.0
2030,sc01,08-21 00:00:00+02:00,115_STEAM_2,0.0
2030,sc01,08-21 00:00:00+02:00,115_STEAM_1,0.0
2030,sc01,08-21 00:00:00+02:00,101_CT_1,0.0
2030,sc01,08-21 00:00:00+02:00,102_CT_2,0.0
2030,sc01,08-21 00:00:00+02:00,102_STEAM_3,0.0
2030,sc01,08-21 00:00:00+02:00,123_CT_4,0.0
2030,sc01,08-21 00:00:00+02:00,123_STEAM_2,1.0
2030,sc01,08-21 00:00:00+02:00,113_CT_3,0.0
2030,sc01,08-21 00:00:00+02:00,118_CC_1,1.0
2030,sc01,08-21 00:00:00+02:00,123_CT_5,0.0
2030,sc01,08-21 00:00:00+02:00,113_CT_2,0.0
2030,sc01,08-21 00:00:00+02:00,101_STEAM_3,0.0
2030,sc01,08-21 15:00:00+02:00,115_STEAM_3,1.0
2030,sc01,08-21 15:00:00+02:00,116_STEAM_1,0.8870967741935484
2030,sc01,08-21 15:00:00+02:00,102_CT_1,0.0
2030,sc01,08-21 15:00:00+02:00,107_CC_1,1.0
2030,sc01,08-21 15:00:00+02:00,101_STEAM_4,0.0
2030,sc01,08-21 15:00:00+02:00,113_CT_4,0.0
2030,sc01,08-21 15:00:00+02:00,101_CT_2,0.0
2030,sc01,08-21 15:00:00+02:00,123_STEAM_3,1.0
2030,sc01,08-21 15:00:00+02:00,113_CT_1,0.0
2030,sc01,08-21 15:00:00+02:00,123_CT_1,0.0
2030,sc01,08-21 15:00:00+02:00,121_NUCLEAR_1,1.0
2030,sc01,08-21 15:00:00+02:00,102_STEAM_4,0.0
2030,sc01,08-21 15:00:00+02:00,115_STEAM_2,0.0
2030,sc01,08-21 15:00:00+02:00,115_STEAM_1,0.0
2030,sc01,08-21 15:00:00+02:00,101_CT_1,0.0
2030,sc01,08-21 15:00:00+02:00,102_CT_2,0.0
2030,sc01,08-21 15:00:00+02:00,102_STEAM_3,0.0
2030,sc01,08-21 15:00:00+02:00,123_CT_4,0.0
2030,sc01,08-21 15:00:00+02:00,123_STEAM_2,1.0
2030,sc01,08-21 15:00:00+02:00,113_CT_3,0.0
2030,sc01,08-21 15:00:00+02:00,118_CC_1,1.0
2030,sc01,08-21 15:00:00+02:00,123_CT_5,0.0
2030,sc01,08-21 15:00:00+02:00,113_CT_2,0.0
2030,sc01,08-21 15:00:00+02:00,101_STEAM_3,0.0
2030,sc01,08-21 19:00:00+02:00,115_STEAM_3,1.0
2030,sc01,08-21 19:00:00+02:00,116_STEAM_1,0.8870967741935484
2030,sc01,08-21 19:00:00+02:00,102_CT_1,0.0
2030,sc01,08-21 19:00:00+02:00,107_CC_1,1.0
2030,sc01,08-21 19:00:00+02:00,101_STEAM_4,1.0
2030,sc01,08-21 19:00:00+02:00,113_CT_4,0.0
2030,sc01,08-21 19:00:00+02:00,101_CT_2,0.0
2030,sc01,08-21 19:00:00+02:00,123_STEAM_3,1.0
2030,sc01,08-21 19:00:00+02:00,113_CT_1,0.0
2030,sc01,08-21 19:00:00+02:00,123_CT_1,0.0
2030,sc01,08-21 19:00:00+02:00,121_NUCLEAR_1,1.0
2030,sc01,08-21 19:00:00+02:00,102_STEAM_4,1.0
2030,sc01,08-21 19:00:00+02:00,115_STEAM_2,0.0
2030,sc01,08-21 19:00:00+02:00,115_STEAM_1,0.0
2030,sc01,08-21 19:00:00+02:00,101_CT_1,0.0
2030,sc01,08-21 19:00:00+02:00,102_CT_2,0.0
2030,sc01,08-21 19:00:00+02:00,102_STEAM_3,1.0
2030,sc01,08-21 19:00:00+02:00,123_CT_4,0.0
2030,sc01,08-21 19:00:00+02:00,123_STEAM_2,1.0
2030,sc01,08-21 19:00:00+02:00,113_CT_3,0.0
2030,sc01,08-21 19:00:00+02:00,118_CC_1,1.0
2030,sc01,08-21 19:00:00+02:00,123_CT_5,0.0
2030,sc01,08-21 19:00:00+02:00,113_CT_2,0.8320542704842899
2030,sc01,08-21 19:00:00+02:00,101_STEAM_3,1.0
2030,sc01,08-22 10:00:00+02:00,115_STEAM_3,0.0
2030,sc01,08-22 10:00:00+02:00,116_STEAM_1,0.0
2030,sc01,08-22 10:00:00+02:00,102_CT_1,0.0
2030,sc01,08-22 10:00:00+02:00,107_CC_1,1.0
2030,sc01,08-22 10:00:00+02:00,101_STEAM_4,0.0
2030,sc01,08-22 10:00:00+02:00,113_CT_4,0.0
2030,sc01,08-22 10:00:00+02:00,101_CT_2,0.0
2030,sc01,08-22 10:00:00+02:00,123_STEAM_3,0.0
2030,sc01,08-22 10:00:00+02:00,113_CT_1,0.0
2030,sc01,08-22 10:00:00+02:00,123_CT_1,0.0
2030,sc01,08-22 10:00:00+02:00,121_NUCLEAR_1,1.0
2030,sc01,08-22 10:00:00+02:00,102_STEAM_4,0.0
2030,sc01,08-22 10:00:00+02:00,115_STEAM_2,0.0
2030,sc01,08-22 10:00:00+02:00,115_STEAM_1,0.0
2030,sc01,08-22 10:00:00+02:00,101_CT_1,0.0
2030,sc01,08-22 10:00:00+02:00,102_CT_2,0.0
2030,sc01,08-22 10:00:00+02:00,102_STEAM_3,0.0
2030,sc01,08-22 10:00:00+02:00,123_CT_4,0.0
2030,sc01,08-22 10:00:00+02:00,123_STEAM_2,0.0
2030,sc01,08-22 10:00:00+02:00,113_CT_3,0.0
2030,sc01,08-22 10:00:00+02:00,118_CC_1,1.0
2030,sc01,08-22 10:00:00+02:00,123_CT_5,0.0
2030,sc01,08-22 10:00:00+02:00,113_CT_2,0.0
2030,sc01,08-22 10:00:00+02:00,101_STEAM_3,0.0
2030,sc01,08-23 08:00:00+02:00,115_STEAM_3,0.0
2030,sc01,08-23 08:00:00+02:00,116_STEAM_1,0.0
2030,sc01,08-23 08:00:00+02:00,102_CT_1,0.0
2030,sc01,08-23 08:00:00+02:00,107_CC_1,1.0
2030,sc01,08-23 08:00:00+02:00,101_STEAM_4,0.0
2030,sc01,08-23 08:00:00+02:00,113_CT_4,0.0
2030,sc01,08-23 08:00:00+02:00,101_CT_2,0.0
2030,sc01,08-23 08:00:00+02:00,123_STEAM_3,0.0
2030,sc01,08-23 08:00:00+02:00,113_CT_1,0.0
2030,sc01,08-23 08:00:00+02:00,123_CT_1,0.0
2030,sc01,08-23 08:00:00+02:00,121_NUCLEAR_1,1.0
2030,sc01,08-23 08:00:00+02:00,102_STEAM_4,0.0
2030,sc01,08-23 08:00:00+02:00,115_STEAM_2,0.0
2030,sc01,08-23 08:00:00+02:00,115_STEAM_1,0.0
2030,sc01,08-23 08:00:00+02:00,101_CT_1,0.0
2030,sc01,08-23 08:00:00+02:00,102_CT_2,0.0
2030,sc01,08-23 08:00:00+02:00,102_STEAM_3,0.0
2030,sc01,08-23 08:00:00+02:00,123_CT_4,0.0
2030,sc01,08-23 08:00:00+02:00,123_STEAM_2,0.0
2030,sc01,08-23 08:00:00+02:00,113_CT_3,0.0
2030,sc01,08-23 08:00:00+02:00,118_CC_1,1.0
2030,sc01,08-23 08:00:00+02:00,123_CT_5,0.0
2030,sc01,08-23 08:00:00+02:00,113_CT_2,0.0
2030,sc01,08-23 08:00:00+02:00,101_STEAM_3,0.0
2030,sc01,08-23 13:00:00+02:00,115_STEAM_3,1.0
2030,sc01,08-23 13:00:00+02:00,116_STEAM_1,0.0
2030,sc01,08-23 13:00:00+02:00,102_CT_1,0.0
2030,sc01,08-23 13:00:00+02:00,107_CC_1,1.0
2030,sc01,08-23 13:00:00+02:00,101_STEAM_4,0.0
2030,sc01,08-23 13:00:00+02:00,113_CT_4,0.0
2030,sc01,08-23 13:00:00+02:00,101_CT_2,0.0
2030,sc01,08-23 13:00:00+02:00,123_STEAM_3,1.0
2030,sc01,08-23 13:00:00+02:00,113_CT_1,0.0
2030,sc01,08-23 13:00:00+02:00,123_CT_1,0.0
2030,sc01,08-23 13:00:00+02:00,121_NUCLEAR_1,1.0
2030,sc01,08-23 13:00:00+02:00,102_STEAM_4,0.0
2030,sc01,08-23 13:00:00+02:00,115_STEAM_2,0.0
2030,sc01,08-23 13:00:00+02:00,115_STEAM_1,0.0
2030,sc01,08-23 13:00:00+02:00,101_CT_1,0.0
2030,sc01,08-23 13:00:00+02:00,102_CT_2,0.0
2030,sc01,08-23 13:00:00+02:00,102_STEAM_3,0.0
2030,sc01,08-23 13:00:00+02:00,123_CT_4,0.0
2030,sc01,08-23 13:00:00+02:00,123_STEAM_2,1.0
2030,sc01,08-23 13:00:00+02:00,113_CT_3,0.0
2030,sc01,08-23 13:00:00+02:00,118_CC_1,1.0
2030,sc01,08-23 13:00:00+02:00,123_CT_5,0.0
2030,sc01,08-23 13:00:00+02:00,113_CT_2,0.0
2030,sc01,08-23 13:00:00+02:00,101_STEAM_3,0.0
2030,sc01,08-27 18:00:00+02:00,115_STEAM_3,1.0
2030,sc01,08-27 18:00:00+02:00,116_STEAM_1,0.0
2030,sc01,08-27 18:00:00+02:00,102_CT_1,1.0
2030,sc01,08-27 18:00:00+02:00,107_CC_1,1.0
2030,sc01,08-27 18:00:00+02:00,101_STEAM_4,1.0
2030,sc01,08-27 18:00:00+02:00,113_CT_4,0.7428621488860284
2030,sc01,08-27 18:00:00+02:00,101_CT_2,1.0
2030,sc01,08-27 18:00:00+02:00,123_STEAM_3,1.0
2030,sc01,08-27 18:00:00+02:00,113_CT_1,0.0
2030,sc01,08-27 18:00:00+02:00,123_CT_1,0.0
2030,sc01,08-27 18:00:00+02:00,121_NUCLEAR_1,0.22041180298590682
2030,sc01,08-27 18:00:00+02:00,102_STEAM_4,1.0
2030,sc01,08-27 18:00:00+02:00,115_STEAM_2,0.0
2030,sc01,08-27 18:00:00+02:00,115_STEAM_1,0.0
2030,sc01,08-27 18:00:00+02:00,101_CT_1,1.0
2030,sc01,08-27 18:00:00+02:00,102_CT_2,1.0
2030,sc01,08-27 18:00:00+02:00,102_STEAM_3,1.0
2030,sc01,08-27 18:00:00+02:00,123_CT_4,0.0
2030,sc01,08-27 18:00:00+02:00,123_STEAM_2,1.0
2030,sc01,08-27 18:00:00+02:00,113_CT_3,0.0
2030,sc01,08-27 18:00:00+02:00,118_CC_1,0.0
2030,sc01,08-27 18:00:00+02:00,123_CT_5,0.0
2030,sc01,08-27 18:00:00+02:00,113_CT_2,1.0
2030,sc01,08-27 18:00:00+02:00,101_STEAM_3,1.0
2030,sc01,09-01 11:00:00+02:00,115_STEAM_3,0.0
2030,sc01,09-01 11:00:00+02:00,116_STEAM_1,0.0
2030,sc01,09-01 11:00:00+02:00,102_CT_1,0.0
2030,sc01,09-01 11:00:00+02:00,107_CC_1,1.0
2030,sc01,09-01 11:00:00+02:00,101_STEAM_4,0.0
2030,sc01,09-01 11:00:00+02:00,113_CT_4,0.0
2030,sc01,09-01 11:00:00+02:00,101_CT_2,0.0
2030,sc01,09-01 11:00:00+02:00,123_STEAM_3,0.0
2030,sc01,09-01 11:00:00+02:00,113_CT_1,0.0
2030,sc01,09-01 11:00:00+02:00,123_CT_1,0.0
2030,sc01,09-01 11:00:00+02:00,121_NUCLEAR_1,1.0
2030,sc01,09-01 11:00:00+02:00,102_STEAM_4,0.0
2030,sc01,09-01 11:00:00+02:00,115_STEAM_2,0.0
2030,sc01,09-01 11:00:00+02:00,115_STEAM_1,0.0
2030,sc01,09-01 11:00:00+02:00,101_CT_1,0.0
2030,sc01,09-01 11:00:00+02:00,102_CT_2,0.0
2030,sc01,09-01 11:00:00+02:00,102_STEAM_3,0.0
2030,sc01,09-01 11:00:00+02:00,123_CT_4,0.0
2030,sc01,09-01 11:00:00+02:00,123_STEAM_2,0.0
2030,sc01,09-01 11:00:00+02:00,113_CT_3,0.0
2030,sc01,09-01 11:00:00+02:00,118_CC_1,1.0
2030,sc01,09-01 11:00:00+02:00,123_CT_5,0.0
2030,sc01,09-01 11:00:00+02:00,113_CT_2,0.0
2030,sc01,09-01 11:00:00+02:00,101_STEAM_3,0.0
2030,sc01,09-01 13:00:00+02:00,115_STEAM_3,1.0
2030,sc01,09-01 13:00:00+02:00,116_STEAM_1,0.8870967741935484
2030,sc01,09-01 13:00:00+02:00,102_CT_1,0.0
2030,sc01,09-01 13:00:00+02:00,107_CC_1,1.0
2030,sc01,09-01 13:00:00+02:00,101_STEAM_4,0.0
2030,sc01,09-01 13:00:00+02:00,113_CT_4,0.0
2030,sc01,09-01 13:00:00+02:00,101_CT_2,0.0
2030,sc01,09-01 13:00:00+02:00,123_STEAM_3,1.0
2030,sc01,09-01 13:00:00+02:00,113_CT_1,0.0
2030,sc01,09-01 13:00:00+02:00,123_CT_1,0.0
2030,sc01,09-01 13:00:00+02:00,121_NUCLEAR_1,1.0
2030,sc01,09-01 13:00:00+02:00,102_STEAM_4,0.0
2030,sc01,09-01 13:00:00+02:00,115_STEAM_2,0.0
2030,sc01,09-01 13:00:00+02:00,115_STEAM_1,0.0
2030,sc01,09-01 13:00:00+02:00,101_CT_1,0.0
2030,sc01,09-01 13:00:00+02:00,102_CT_2,0.0
2030,sc01,09-01 13:00:00+02:00,102_STEAM_3,0.0
2030,sc01,09-01 13:00:00+02:00,123_CT_4,0.0
2030,sc01,09-01 13:00:00+02:00,123_STEAM_2,1.0
2030,sc01,09-01 13:00:00+02:00,113_CT_3,0.0
2030,sc01,09-01 13:00:00+02:00,118_CC_1,1.0
2030,sc01,09-01 13:00:00+02:00,123_CT_5,0.0
2030,sc01,09-01 13:00:00+02:00,113_CT_2,0.0
2030,sc01,09-01 13:00:00+02:00,101_STEAM_3,0.0
2030,sc01,09-02 10:00:00+02:00,115_STEAM_3,0.0
2030,sc01,09-02 10:00:00+02:00,116_STEAM_1,0.0
2030,sc01,09-02 10:00:00+02:00,102_CT_1,0.0
2030,sc01,09-02 10:00:00+02:00,107_CC_1,0.0
2030,sc01,09-02 10:00:00+02:00,101_STEAM_4,0.0
2030,sc01,09-02 10:00:00+02:00,113_CT_4,0.0
2030,sc01,09-02 10:00:00+02:00,101_CT_2,0.0
2030,sc01,09-02 10:00:00+02:00,123_STEAM_3,0.0
2030,sc01,09-02 10:00:00+02:00,113_CT_1,0.0
2030,sc01,09-02 10:00:00+02:00,123_CT_1,0.0
2030,sc01,09-02 10:00:00+02:00,121_NUCLEAR_1,0.0
2030,sc01,09-02 10:00:00+02:00,102_STEAM_4,0.0
2030,sc01,09-02 10:00:00+02:00,115_STEAM_2,0.0
2030,sc01,09-02 10:00:00+02:00,115_STEAM_1,0.0
2030,sc01,09-02 10:00:00+02:00,101_CT_1,0.0
2030,sc01,09-02 10:00:00+02:00,102_CT_2,0.0
2030,sc01,09-02 10:00:00+02:00,102_STEAM_3,0.0
2030,sc01,09-02 10:00:00+02:00,123_CT_4,0.0
2030,sc01,09-02 10:00:00+02:00,123_STEAM_2,0.0
2030,sc01,09-02 10:00:00+02:00,113_CT_3,0.0
2030,sc01,09-02 10:00:00+02:00,118_CC_1,0.0
2030,sc01,09-02 10:00:00+02:00,123_CT_5,0.0
2030,sc01,09-02 10:00:00+02:00,113_CT_2,0.0
2030,sc01,09-02 10:00:00+02:00,101_STEAM_3,0.0
2030,sc01,09-03 19:00:00+02:00,115_STEAM_3,1.0
2030,sc01,09-03 19:00:00+02:00,116_STEAM_1,0.0
2030,sc01,09-03 19:00:00+02:00,102_CT_1,0.0
2030,sc01,09-03 19:00:00+02:00,107_CC_1,1.0
2030,sc01,09-03 19:00:00+02:00,101_STEAM_4,1.0
2030,sc01,09-03 19:00:00+02:00,113_CT_4,0.0
2030,sc01,09-03 19:00:00+02:00,101_CT_2,0.0
2030,sc01,09-03 19:00:00+02:00,123_STEAM_3,1.0
2030,sc01,09-03 19:00:00+02:00,113_CT_1,0.0
2030,sc01,09-03 19:00:00+02:00,123_CT_1,0.0
2030,sc01,09-03 19:00:00+02:00,121_NUCLEAR_1,0.7326328204497422
2030,sc01,09-03 19:00:00+02:00,102_STEAM_4,1.0
2030,sc01,09-03 19:00:00+02:00,115_STEAM_2,0.0
2030,sc01,09-03 19:00:00+02:00,115_STEAM_1,0.0
2030,sc01,09-03 19:00:00+02:00,101_CT_1,0.0
2030,sc01,09-03 19:00:00+02:00,102_CT_2,0.0
2030,sc01,09-03 19:00:00+02:00,102_STEAM_3,1.0
2030,sc01,09-03 19:00:00+02:00,123_CT_4,0.0
2030,sc01,09-03 19:00:00+02:00,123_STEAM_2,1.0
2030,sc01,09-03 19:00:00+02:00,113_CT_3,0.0
2030,sc01,09-03 19:00:00+02:00,118_CC_1,0.0
2030,sc01,09-03 19:00:00+02:00,123_CT_5,0.0
2030,sc01,09-03 19:00:00+02:00,113_CT_2,0.0
2030,sc01,09-03 19:00:00+02:00,101_STEAM_3,1.0
2030,sc01,09-04 16:00:00+02:00,115_STEAM_3,1.0
2030,sc01,09-04 16:00:00+02:00,116_STEAM_1,0.8870967741935484
2030,sc01,09-04 16:00:00+02:00,102_CT_1,0.0
2030,sc01,09-04 16:00:00+02:00,107_CC_1,1.0
2030,sc01,09-04 16:00:00+02:00,101_STEAM_4,0.6556549583978463
2030,sc01,09-04 16:00:00+02:00,113_CT_4,0.0
2030,sc01,09-04 16:00:00+02:00,101_CT_2,0.0
2030,sc01,09-04 16:00:00+02:00,123_STEAM_3,1.0
2030,sc01,09-04 16:00:00+02:00,113_CT_1,0.0
2030,sc01,09-04 16:00:00+02:00,123_CT_1,0.0
2030,sc01,09-04 16:00:00+02:00,121_NUCLEAR_1,1.0
2030,sc01,09-04 16:00:00+02:00,102_STEAM_4,1.0
2030,sc01,09-04 16:00:00+02:00,115_STEAM_2,0.0
2030,sc01,09-04 16:00:00+02:00,115_STEAM_1,0.0
2030,sc01,09-04 16:00:00+02:00,101_CT_1,0.0
2030,sc01,09-04 16:00:00+02:00,102_CT_2,0.0
2030,sc01,09-04 16:00:00+02:00,102_STEAM_3,1.0
2030,sc01,09-04 16:00:00+02:00,123_CT_4,0.0
2030,sc01,09-04 16:00:00+02:00,123_STEAM_2,1.0
2030,sc01,09-04 16:00:00+02:00,113_CT_3,0.0
2030,sc01,09-04 16:00:00+02:00,118_CC_1,1.0
2030,sc01,09-04 16:00:00+02:00,123_CT_5,0.0
2030,sc01,09-04 16:00:00+02:00,113_CT_2,0.0
2030,sc01,09-04 16:00:00+02:00,101_STEAM_3,1.0
2030,sc01,09-05 02:00:00+02:00,115_STEAM_3,1.0
2030,sc01,09-05 02:00:00+02:00,116_STEAM_1,0.0
2030,sc01,09-05 02:00:00+02:00,102_CT_1,0.0
2030,sc01,09-05 02:00:00+02:00,107_CC_1,1.0
2030,sc01,09-05 02:00:00+02:00,101_STEAM_4,0.0
2030,sc01,09-05 02:00:00+02:00,113_CT_4,0.0
2030,sc01,09-05 02:00:00+02:00,101_CT_2,0.0
2030,sc01,09-05 02:00:00+02:00,123_STEAM_3,0.0
2030,sc01,09-05 02:00:00+02:00,113_CT_1,0.0
2030,sc01,09-05 02:00:00+02:00,123_CT_1,0.0
2030,sc01,09-05 02:00:00+02:00,121_NUCLEAR_1,1.0
2030,sc01,09-05 02:00:00+02:00,102_STEAM_4,0.0
2030,sc01,09-05 02:00:00+02:00,115_STEAM_2,0.0
2030,sc01,09-05 02:00:00+02:00,115_STEAM_1,0.0
2030,sc01,09-05 02:00:00+02:00,101_CT_1,0.0
2030,sc01,09-05 02:00:00+02:00,102_CT_2,0.0
2030,sc01,09-05 02:00:00+02:00,102_STEAM_3,0.0
2030,sc01,09-05 02:00:00+02:00,123_CT_4,0.0
2030,sc01,09-05 02:00:00+02:00,123_STEAM_2,0.6883150693114742
2030,sc01,09-05 02:00:00+02:00,113_CT_3,0.0
2030,sc01,09-05 02:00:00+02:00,118_CC_1,1.0
2030,sc01,09-05 02:00:00+02:00,123_CT_5,0.0
2030,sc01,09-05 02:00:00+02:00,113_CT_2,0.0
2030,sc01,09-05 02:00:00+02:00,101_STEAM_3,0.0
2030,sc01,09-05 09:00:00+02:00,115_STEAM_3,0.005902968719562655
2030,sc01,09-05 09:00:00+02:00,116_STEAM_1,0.0
2030,sc01,09-05 09:00:00+02:00,102_CT_1,0.0
2030,sc01,09-05 09:00:00+02:00,107_CC_1,1.0
2030,sc01,09-05 09:00:00+02:00,101_STEAM_4,0.0
2030,sc01,09-05 09:00:00+02:00,113_CT_4,0.0
2030,sc01,09-05 09:00:00+02:00,101_CT_2,0.0
2030,sc01,09-05 09:00:00+02:00,123_STEAM_3,0.0
2030,sc01,09-05 09:00:00+02:00,113_CT_1,0.0
2030,sc01,09-05 09:00:00+02:00,123_CT_1,0.0
2030,sc01,09-05 09:00:00+02:00,121_NUCLEAR_1,1.0
2030,sc01,09-05 09:00:00+02:00,102_STEAM_4,0.0
2030,sc01,09-05 09:00:00+02:00,115_STEAM_2,0.0
2030,sc01,09-05 09:00:00+02:00,115_STEAM_1,0.0
2030,sc01,09-05 09:00:00+02:00,101_CT_1,0.0
2030,sc01,09-05 09:00:00+02:00,102_CT_2,0.0
2030,sc01,09-05 09:00:00+02:00,102_STEAM_3,0.0
2030,sc01,09-05 09:00:00+02:00,123_CT_4,0.0
2030,sc01,09-05 09:00:00+02:00,123_STEAM_2,0.0
2030,sc01,09-05 09:00:00+02:00,113_CT_3,0.0
2030,sc01,09-05 09:00:00+02:00,118_CC_1,1.0
2030,sc01,09-05 09:00:00+02:00,123_CT_5,0.0
2030,sc01,09-05 09:00:00+02:00,113_CT_2,0.0
2030,sc01,09-05 09:00:00+02:00,101_STEAM_3,0.0
2030,sc01,09-05 15:00:00+02:00,115_STEAM_3,1.0
2030,sc01,09-05 15:00:00+02:00,116_STEAM_1,0.0
2030,sc01,09-05 15:00:00+02:00,102_CT_1,0.0
2030,sc01,09-05 15:00:00+02:00,107_CC_1,1.0
2030,sc01,09-05 15:00:00+02:00,101_STEAM_4,0.0
2030,sc01,09-05 15:00:00+02:00,113_CT_4,0.0
2030,sc01,09-05 15:00:00+02:00,101_CT_2,0.0
2030,sc01,09-05 15:00:00+02:00,123_STEAM_3,0.5463395782225517
2030,sc01,09-05 15:00:00+02:00,113_CT_1,0.0
2030,sc01,09-05 15:00:00+02:00,123_CT_1,0.0
2030,sc01,09-05 15:00:00+02:00,121_NUCLEAR_1,1.0
2030,sc01,09-05 15:00:00+02:00,102_STEAM_4,0.0
2030,sc01,09-05 15:00:00+02:00,115_STEAM_2,0.0
2030,sc01,09-05 15:00:00+02:00,115_STEAM_1,0.0
2030,sc01,09-05 15:00:00+02:00,101_CT_1,0.0
2030,sc01,09-05 15:00:00+02:00,102_CT_2,0.0
2030,sc01,09-05 15:00:00+02:00,102_STEAM_3,0.0
2030,sc01,09-05 15:00:00+02:00,123_CT_4,0.0
2030,sc01,09-05 15:00:00+02:00,123_STEAM_2,1.0
2030,sc01,09-05 15:00:00+02:00,113_CT_3,0.0
2030,sc01,09-05 15:00:00+02:00,118_CC_1,0.37064339810777663
2030,sc01,09-05 15:00:00+02:00,123_CT_5,0.0
2030,sc01,09-05 15:00:00+02:00,113_CT_2,0.0
2030,sc01,09-05 15:00:00+02:00,101_STEAM_3,0.0
2030,sc01,09-05 19:00:00+02:00,115_STEAM_3,1.0
2030,sc01,09-05 19:00:00+02:00,116_STEAM_1,0.0
2030,sc01,09-05 19:00:00+02:00,102_CT_1,0.0
2030,sc01,09-05 19:00:00+02:00,107_CC_1,1.0
2030,sc01,09-05 19:00:00+02:00,101_STEAM_4,1.0
2030,sc01,09-05 19:00:00+02:00,113_CT_4,0.0
2030,sc01,09-05 19:00:00+02:00,101_CT_2,0.0
2030,sc01,09-05 19:00:00+02:00,123_STEAM_3,1.0
2030,sc01,09-05 19:00:00+02:00,113_CT_1,0.0
2030,sc01,09-05 19:00:00+02:00,123_CT_1,0.0
2030,sc01,09-05 19:00:00+02:00,121_NUCLEAR_1,1.0
2030,sc01,09-05 19:00:00+02:00,102_STEAM_4,1.0
2030,sc01,09-05 19:00:00+02:00,115_STEAM_2,0.0
2030,sc01,09-05 19:00:00+02:00,115_STEAM_1,0.0
2030,sc01,09-05 19:00:00+02:00,101_CT_1,0.0
2030,sc01,09-05 19:00:00+02:00,102_CT_2,0.0
2030,sc01,09-05 19:00:00+02:00,102_STEAM_3,1.0
2030,sc01,09-05 19:00:00+02:00,123_CT_4,0.0
2030,sc01,09-05 19:00:00+02:00,123_STEAM_2,1.0
2030,sc01,09-05 19:00:00+02:00,113_CT_3,0.0
2030,sc01,09-05 19:00:00+02:00,118_CC_1,1.0
2030,sc01,09-05 19:00:00+02:00,123_CT_5,0.0
2030,sc01,09-05 19:00:00+02:00,113_CT_2,0.0
2030,sc01,09-05 19:00:00+02:00,101_STEAM_3,1.0
2030,sc01,09-07 16:00:00+02:00,115_STEAM_3,1.0
2030,sc01,09-07 16:00:00+02:00,116_STEAM_1,0.1164547617607544
2030,sc01,09-07 16:00:00+02:00,102_CT_1,0.0
2030,sc01,09-07 16:00:00+02:00,107_CC_1,1.0
2030,sc01,09-07 16:00:00+02:00,101_STEAM_4,0.0
2030,sc01,09-07 16:00:00+02:00,113_CT_4,0.0
2030,sc01,09-07 16:00:00+02:00,101_CT_2,0.0
2030,sc01,09-07 16:00:00+02:00,123_STEAM_3,1.0
2030,sc01,09-07 16:00:00+02:00,113_CT_1,0.0
2030,sc01,09-07 16:00:00+02:00,123_CT_1,0.0
2030,sc01,09-07 16:00:00+02:00,121_NUCLEAR_1,1.0
2030,sc01,09-07 16:00:00+02:00,102_STEAM_4,0.0
2030,sc01,09-07 16:00:00+02:00,115_STEAM_2,0.0
2030,sc01,09-07 16:00:00+02:00,115_STEAM_1,0.0
2030,sc01,09-07 16:00:00+02:00,101_CT_1,0.0
2030,sc01,09-07 16:00:00+02:00,102_CT_2,0.0
2030,sc01,09-07 16:00:00+02:00,102_STEAM_3,0.0
2030,sc01,09-07 16:00:00+02:00,123_CT_4,0.0
2030,sc01,09-07 16:00:00+02:00,123_STEAM_2,1.0
2030,sc01,09-07 16:00:00+02:00,113_CT_3,0.0
2030,sc01,09-07 16:00:00+02:00,118_CC_1,1.0
2030,sc01,09-07 16:00:00+02:00,123_CT_5,0.0
2030,sc01,09-07 16:00:00+02:00,113_CT_2,0.0
2030,sc01,09-07 16:00:00+02:00,101_STEAM_3,0.0
2030,sc01,09-08 17:00:00+02:00,115_STEAM_3,1.0
2030,sc01,09-08 17:00:00+02:00,116_STEAM_1,0.8870967741935484
2030,sc01,09-08 17:00:00+02:00,102_CT_1,0.0
2030,sc01,09-08 17:00:00+02:00,107_CC_1,1.0
2030,sc01,09-08 17:00:00+02:00,101_STEAM_4,1.0
2030,sc01,09-08 17:00:00+02:00,113_CT_4,0.5351331827907453
2030,sc01,09-08 17:00:00+02:00,101_CT_2,0.0
2030,sc01,09-08 17:00:00+02:00,123_STEAM_3,1.0
2030,sc01,09-08 17:00:00+02:00,113_CT_1,0.0
2030,sc01,09-08 17:00:00+02:00,123_CT_1,0.0
2030,sc01,09-08 17:00:00+02:00,121_NUCLEAR_1,1.0
2030,sc01,09-08 17:00:00+02:00,102_STEAM_4,1.0
2030,sc01,09-08 17:00:00+02:00,115_STEAM_2,0.0
2030,sc01,09-08 17:00:00+02:00,115_STEAM_1,0.0
2030,sc01,09-08 17:00:00+02:00,101_CT_1,0.0
2030,sc01,09-08 17:00:00+02:00,102_CT_2,0.0
2030,sc01,09-08 17:00:00+02:00,102_STEAM_3,1.0
2030,sc01,09-08 17:00:00+02:00,123_CT_4,0.0
2030,sc01,09-08 17:00:00+02:00,123_STEAM_2,1.0
2030,sc01,09-08 17:00:00+02:00,113_CT_3,1.0
2030,sc01,09-08 17:00:00+02:00,118_CC_1,1.0
2030,sc01,09-08 17:00:00+02:00,123_CT_5,0.0
2030,sc01,09-08 17:00:00+02:00,113_CT_2,0.0
2030,sc01,09-08 17:00:00+02:00,101_STEAM_3,1.0
2030,sc01,09-09 15:00:00+02:00,115_STEAM_3,1.0
2030,sc01,09-09 15:00:00+02:00,116_STEAM_1,0.8870967741935484
2030,sc01,09-09 15:00:00+02:00,102_CT_1,0.0
2030,sc01,09-09 15:00:00+02:00,107_CC_1,1.0
2030,sc01,09-09 15:00:00+02:00,101_STEAM_4,0.0
2030,sc01,09-09 15:00:00+02:00,113_CT_4,0.0
2030,sc01,09-09 15:00:00+02:00,101_CT_2,0.0
2030,sc01,09-09 15:00:00+02:00,123_STEAM_3,1.0
2030,sc01,09-09 15:00:00+02:00,113_CT_1,0.0
2030,sc01,09-09 15:00:00+02:00,123_CT_1,0.0
2030,sc01,09-09 15:00:00+02:00,121_NUCLEAR_1,1.0
2030,sc01,09-09 15:00:00+02:00,102_STEAM_4,0.0
2030,sc01,09-09 15:00:00+02:00,115_STEAM_2,0.0
2030,sc01,09-09 15:00:00+02:00,115_STEAM_1,0.0
2030,sc01,09-09 15:00:00+02:00,101_CT_1,0.0
2030,sc01,09-09 15:00:00+02:00,102_CT_2,0.0
2030,sc01,09-09 15:00:00+02:00,102_STEAM_3,0.0
2030,sc01,09-09 15:00:00+02:00,123_CT_4,0.0
2030,sc01,09-09 15:00:00+02:00,123_STEAM_2,1.0
2030,sc01,09-09 15:00:00+02:00,113_CT_3,0.0
2030,sc01,09-09 15:00:00+02:00,118_CC_1,1.0
2030,sc01,09-09 15:00:00+02:00,123_CT_5,0.0
2030,sc01,09-09 15:00:00+02:00,113_CT_2,0.0
2030,sc01,09-09 15:00:00+02:00,101_STEAM_3,0.0
2030,sc01,09-11 00:00:00+02:00,115_STEAM_3,1.0
2030,sc01,09-11 00:00:00+02:00,116_STEAM_1,0.5561564146167777
2030,sc01,09-11 00:00:00+02:00,102_CT_1,0.0
2030,sc01,09-11 00:00:00+02:00,107_CC_1,1.0
2030,sc01,09-11 00:00:00+02:00,101_STEAM_4,0.0
2030,sc01,09-11 00:00:00+02:00,113_CT_4,0.0
2030,sc01,09-11 00:00:00+02:00,101_CT_2,0.0
2030,sc01,09-11 00:00:00+02:00,123_STEAM_3,1.0
2030,sc01,09-11 00:00:00+02:00,113_CT_1,0.0
2030,sc01,09-11 00:00:00+02:00,123_CT_1,0.0
2030,sc01,09-11 00:00:00+02:00,121_NUCLEAR_1,1.0
2030,sc01,09-11 00:00:00+02:00,102_STEAM_4,0.0
2030,sc01,09-11 00:00:00+02:00,115_STEAM_2,0.0
2030,sc01,09-11 00:00:00+02:00,115_STEAM_1,0.0
2030,sc01,09-11 00:00:00+02:00,101_CT_1,0.0
2030,sc01,09-11 00:00:00+02:00,102_CT_2,0.0
2030,sc01,09-11 00:00:00+02:00,102_STEAM_3,0.0
2030,sc01,09-11 00:00:00+02:00,123_CT_4,0.0
2030,sc01,09-11 00:00:00+02:00,123_STEAM_2,1.0
2030,sc01,09-11 00:00:00+02:00,113_CT_3,0.0
2030,sc01,09-11 00:00:00+02:00,118_CC_1,1.0
2030,sc01,09-11 00:00:00+02:00,123_CT_5,0.0
2030,sc01,09-11 00:00:00+02:00,113_CT_2,0.0
2030,sc01,09-11 00:00:00+02:00,101_STEAM_3,0.0
2030,sc01,09-11 17:00:00+02:00,115_STEAM_3,1.0
2030,sc01,09-11 17:00:00+02:00,116_STEAM_1,0.8870967741935484
2030,sc01,09-11 17:00:00+02:00,102_CT_1,0.0
2030,sc01,09-11 17:00:00+02:00,107_CC_1,1.0
2030,sc01,09-11 17:00:00+02:00,101_STEAM_4,0.08987917869574619
2030,sc01,09-11 17:00:00+02:00,113_CT_4,0.0
2030,sc01,09-11 17:00:00+02:00,101_CT_2,0.0
2030,sc01,09-11 17:00:00+02:00,123_STEAM_3,1.0
2030,sc01,09-11 17:00:00+02:00,113_CT_1,0.0
2030,sc01,09-11 17:00:00+02:00,123_CT_1,0.0
2030,sc01,09-11 17:00:00+02:00,121_NUCLEAR_1,1.0
2030,sc01,09-11 17:00:00+02:00,102_STEAM_4,1.0
2030,sc01,09-11 17:00:00+02:00,115_STEAM_2,0.0
2030,sc01,09-11 17:00:00+02:00,115_STEAM_1,0.0
2030,sc01,09-11 17:00:00+02:00,101_CT_1,0.0
2030,sc01,09-11 17:00:00+02:00,102_CT_2,0.0
2030,sc01,09-11 17:00:00+02:00,102_STEAM_3,1.0
2030,sc01,09-11 17:00:00+02:00,123_CT_4,0.0
2030,sc01,09-11 17:00:00+02:00,123_STEAM_2,1.0
2030,sc01,09-11 17:00:00+02:00,113_CT_3,0.0
2030,sc01,09-11 17:00:00+02:00,118_CC_1,1.0
2030,sc01,09-11 17:00:00+02:00,123_CT_5,0.0
2030,sc01,09-11 17:00:00+02:00,113_CT_2,0.0
2030,sc01,09-11 17:00:00+02:00,101_STEAM_3,1.0
2030,sc01,09-12 15:00:00+02:00,115_STEAM_3,1.0
2030,sc01,09-12 15:00:00+02:00,116_STEAM_1,0.0
2030,sc01,09-12 15:00:00+02:00,102_CT_1,0.0
2030,sc01,09-12 15:00:00+02:00,107_CC_1,1.0
2030,sc01,09-12 15:00:00+02:00,101_STEAM_4,0.0
2030,sc01,09-12 15:00:00+02:00,113_CT_4,0.0
2030,sc01,09-12 15:00:00+02:00,101_CT_2,0.0
2030,sc01,09-12 15:00:00+02:00,123_STEAM_3,1.0
2030,sc01,09-12 15:00:00+02:00,113_CT_1,0.0
2030,sc01,09-12 15:00:00+02:00,123_CT_1,0.0
2030,sc01,09-12 15:00:00+02:00,121_NUCLEAR_1,1.0
2030,sc01,09-12 15:00:00+02:00,102_STEAM_4,0.0
2030,sc01,09-12 15:00:00+02:00,115_STEAM_2,0.0
2030,sc01,09-12 15:00:00+02:00,115_STEAM_1,0.0
2030,sc01,09-12 15:00:00+02:00,101_CT_1,0.0
2030,sc01,09-12 15:00:00+02:00,102_CT_2,0.0
2030,sc01,09-12 15:00:00+02:00,102_STEAM_3,0.0
2030,sc01,09-12 15:00:00+02:00,123_CT_4,0.0
2030,sc01,09-12 15:00:00+02:00,123_STEAM_2,1.0
2030,sc01,09-12 15:00:00+02:00,113_CT_3,0.0
2030,sc01,09-12 15:00:00+02:00,118_CC_1,1.0
2030,sc01,09-12 15:00:00+02:00,123_CT_5,0.0
2030,sc01,09-12 15:00:00+02:00,113_CT_2,0.0
2030,sc01,09-12 15:00:00+02:00,101_STEAM_3,0.0
2030,sc01,09-13 19:00:00+02:00,115_STEAM_3,1.0
2030,sc01,09-13 19:00:00+02:00,116_STEAM_1,0.0
2030,sc01,09-13 19:00:00+02:00,102_CT_1,0.0
2030,sc01,09-13 19:00:00+02:00,107_CC_1,1.0
2030,sc01,09-13 19:00:00+02:00,101_STEAM_4,1.0
2030,sc01,09-13 19:00:00+02:00,113_CT_4,0.0
2030,sc01,09-13 19:00:00+02:00,101_CT_2,0.0
2030,sc01,09-13 19:00:00+02:00,123_STEAM_3,0.0
2030,sc01,09-13 19:00:00+02:00,113_CT_1,0.0
2030,sc01,09-13 19:00:00+02:00,123_CT_1,0.0
2030,sc01,09-13 19:00:00+02:00,121_NUCLEAR_1,0.14058714335797773
2030,sc01,09-13 19:00:00+02:00,102_STEAM_4,0.0
2030,sc01,09-13 19:00:00+02:00,115_STEAM_2,0.0
2030,sc01,09-13 19:00:00+02:00,115_STEAM_1,0.0
2030,sc01,09-13 19:00:00+02:00,101_CT_1,0.0
2030,sc01,09-13 19:00:00+02:00,102_CT_2,0.0
2030,sc01,09-13 19:00:00+02:00,102_STEAM_3,0.17936155875677476
2030,sc01,09-13 19:00:00+02:00,123_CT_4,0.0
2030,sc01,09-13 19:00:00+02:00,123_STEAM_2,0.0
2030,sc01,09-13 19:00:00+02:00,113_CT_3,0.0
2030,sc01,09-13 19:00:00+02:00,118_CC_1,0.0
2030,sc01,09-13 19:00:00+02:00,123_CT_5,0.0
2030,sc01,09-13 19:00:00+02:00,113_CT_2,0.0
2030,sc01,09-13 19:00:00+02:00,101_STEAM_3,1.0
2030,sc01,09-15 00:00:00+02:00,115_STEAM_3,1.0
2030,sc01,09-15 00:00:00+02:00,116_STEAM_1,0.0
2030,sc01,09-15 00:00:00+02:00,102_CT_1,0.0
2030,sc01,09-15 00:00:00+02:00,107_CC_1,1.0
2030,sc01,09-15 00:00:00+02:00,101_STEAM_4,0.0
2030,sc01,09-15 00:00:00+02:00,113_CT_4,0.0
2030,sc01,09-15 00:00:00+02:00,101_CT_2,0.0
2030,sc01,09-15 00:00:00+02:00,123_STEAM_3,0.0
2030,sc01,09-15 00:00:00+02:00,113_CT_1,0.0
2030,sc01,09-15 00:00:00+02:00,123_CT_1,0.0
2030,sc01,09-15 00:00:00+02:00,121_NUCLEAR_1,1.0
2030,sc01,09-15 00:00:00+02:00,102_STEAM_4,0.0
2030,sc01,09-15 00:00:00+02:00,115_STEAM_2,0.0
2030,sc01,09-15 00:00:00+02:00,115_STEAM_1,0.0
2030,sc01,09-15 00:00:00+02:00,101_CT_1,0.0
2030,sc01,09-15 00:00:00+02:00,102_CT_2,0.0
2030,sc01,09-15 00:00:00+02:00,102_STEAM_3,0.0
2030,sc01,09-15 00:00:00+02:00,123_CT_4,0.0
2030,sc01,09-15 00:00:00+02:00,123_STEAM_2,0.0
2030,sc01,09-15 00:00:00+02:00,113_CT_3,0.0
2030,sc01,09-15 00:00:00+02:00,118_CC_1,1.0
2030,sc01,09-15 00:00:00+02:00,123_CT_5,0.0
2030,sc01,09-15 00:00:00+02:00,113_CT_2,0.0
2030,sc01,09-15 00:00:00+02:00,101_STEAM_3,0.0
2030,sc01,09-15 08:00:00+02:00,115_STEAM_3,0.0
2030,sc01,09-15 08:00:00+02:00,116_STEAM_1,0.0
2030,sc01,09-15 08:00:00+02:00,102_CT_1,0.0
2030,sc01,09-15 08:00:00+02:00,107_CC_1,0.0
2030,sc01,09-15 08:00:00+02:00,101_STEAM_4,0.0
2030,sc01,09-15 08:00:00+02:00,113_CT_4,0.0
2030,sc01,09-15 08:00:00+02:00,101_CT_2,0.0
2030,sc01,09-15 08:00:00+02:00,123_STEAM_3,0.0
2030,sc01,09-15 08:00:00+02:00,113_CT_1,0.0
2030,sc01,09-15 08:00:00+02:00,123_CT_1,0.0
2030,sc01,09-15 08:00:00+02:00,121_NUCLEAR_1,1.0
2030,sc01,09-15 08:00:00+02:00,102_STEAM_4,0.0
2030,sc01,09-15 08:00:00+02:00,115_STEAM_2,0.0
2030,sc01,09-15 08:00:00+02:00,115_STEAM_1,0.0
2030,sc01,09-15 08:00:00+02:00,101_CT_1,0.0
2030,sc01,09-15 08:00:00+02:00,102_CT_2,0.0
2030,sc01,09-15 08:00:00+02:00,102_STEAM_3,0.0
2030,sc01,09-15 08:00:00+02:00,123_CT_4,0.0
2030,sc01,09-15 08:00:00+02:00,123_STEAM_2,0.0
2030,sc01,09-15 08:00:00+02:00,113_CT_3,0.0
2030,sc01,09-15 08:00:00+02:00,118_CC_1,0.7217599166581694
2030,sc01,09-15 08:00:00+02:00,123_CT_5,0.0
2030,sc01,09-15 08:00:00+02:00,113_CT_2,0.0
2030,sc01,09-15 08:00:00+02:00,101_STEAM_3,0.0
2030,sc01,09-16 17:00:00+02:00,115_STEAM_3,1.0
2030,sc01,09-16 17:00:00+02:00,116_STEAM_1,0.0
2030,sc01,09-16 17:00:00+02:00,102_CT_1,0.0
2030,sc01,09-16 17:00:00+02:00,107_CC_1,1.0
2030,sc01,09-16 17:00:00+02:00,101_STEAM_4,1.0
2030,sc01,09-16 17:00:00+02:00,113_CT_4,0.0
2030,sc01,09-16 17:00:00+02:00,101_CT_2,0.0
2030,sc01,09-16 17:00:00+02:00,123_STEAM_3,1.0
2030,sc01,09-16 17:00:00+02:00,113_CT_1,0.0
2030,sc01,09-16 17:00:00+02:00,123_CT_1,0.0
2030,sc01,09-16 17:00:00+02:00,121_NUCLEAR_1,0.6717094921853923
2030,sc01,09-16 17:00:00+02:00,102_STEAM_4,1.0
2030,sc01,09-16 17:00:00+02:00,115_STEAM_2,0.0
2030,sc01,09-16 17:00:00+02:00,115_STEAM_1,0.0
2030,sc01,09-16 17:00:00+02:00,101_CT_1,0.0
2030,sc01,09-16 17:00:00+02:00,102_CT_2,0.0
2030,sc01,09-16 17:00:00+02:00,102_STEAM_3,1.0
2030,sc01,09-16 17:00:00+02:00,123_CT_4,0.0
2030,sc01,09-16 17:00:00+02:00,123_STEAM_2,1.0
2030,sc01,09-16 17:00:00+02:00,113_CT_3,0.0
2030,sc01,09-16 17:00:00+02:00,118_CC_1,0.0
2030,sc01,09-16 17:00:00+02:00,123_CT_5,0.0
2030,sc01,09-16 17:00:00+02:00,113_CT_2,0.0
2030,sc01,09-16 17:00:00+02:00,101_STEAM_3,1.0
2030,sc01,09-19 04:00:00+02:00,115_STEAM_3,1.0
2030,sc01,09-19 04:00:00+02:00,116_STEAM_1,0.0
2030,sc01,09-19 04:00:00+02:00,102_CT_1,0.0
2030,sc01,09-19 04:00:00+02:00,107_CC_1,1.0
2030,sc01,09-19 04:00:00+02:00,101_STEAM_4,0.0
2030,sc01,09-19 04:00:00+02:00,113_CT_4,0.0
2030,sc01,09-19 04:00:00+02:00,101_CT_2,0.0
2030,sc01,09-19 04:00:00+02:00,123_STEAM_3,1.0
2030,sc01,09-19 04:00:00+02:00,113_CT_1,0.0
2030,sc01,09-19 04:00:00+02:00,123_CT_1,0.0
2030,sc01,09-19 04:00:00+02:00,121_NUCLEAR_1,1.0
2030,sc01,09-19 04:00:00+02:00,102_STEAM_4,0.0
2030,sc01,09-19 04:00:00+02:00,115_STEAM_2,0.0
2030,sc01,09-19 04:00:00+02:00,115_STEAM_1,0.0
2030,sc01,09-19 04:00:00+02:00,101_CT_1,0.0
2030,sc01,09-19 04:00:00+02:00,102_CT_2,0.0
2030,sc01,09-19 04:00:00+02:00,102_STEAM_3,0.0
2030,sc01,09-19 04:00:00+02:00,123_CT_4,0.0
2030,sc01,09-19 04:00:00+02:00,123_STEAM_2,1.0
2030,sc01,09-19 04:00:00+02:00,113_CT_3,0.0
2030,sc01,09-19 04:00:00+02:00,118_CC_1,1.0
2030,sc01,09-19 04:00:00+02:00,123_CT_5,0.0
2030,sc01,09-19 04:00:00+02:00,113_CT_2,0.0
2030,sc01,09-19 04:00:00+02:00,101_STEAM_3,0.0
2030,sc01,09-24 09:00:00+02:00,115_STEAM_3,0.0
2030,sc01,09-24 09:00:00+02:00,116_STEAM_1,0.0
2030,sc01,09-24 09:00:00+02:00,102_CT_1,0.0
2030,sc01,09-24 09:00:00+02:00,107_CC_1,0.0
2030,sc01,09-24 09:00:00+02:00,101_STEAM_4,0.0
2030,sc01,09-24 09:00:00+02:00,113_CT_4,0.0
2030,sc01,09-24 09:00:00+02:00,101_CT_2,0.0
2030,sc01,09-24 09:00:00+02:00,123_STEAM_3,0.0
2030,sc01,09-24 09:00:00+02:00,113_CT_1,0.0
2030,sc01,09-24 09:00:00+02:00,123_CT_1,0.0
2030,sc01,09-24 09:00:00+02:00,121_NUCLEAR_1,0.0
2030,sc01,09-24 09:00:00+02:00,102_STEAM_4,0.0
2030,sc01,09-24 09:00:00+02:00,115_STEAM_2,0.0
2030,sc01,09-24 09:00:00+02:00,115_STEAM_1,0.0
2030,sc01,09-24 09:00:00+02:00,101_CT_1,0.0
2030,sc01,09-24 09:00:00+02:00,102_CT_2,0.0
2030,sc01,09-24 09:00:00+02:00,102_STEAM_3,0.0
2030,sc01,09-24 09:00:00+02:00,123_CT_4,0.0
2030,sc01,09-24 09:00:00+02:00,123_STEAM_2,0.0
2030,sc01,09-24 09:00:00+02:00,113_CT_3,0.0
2030,sc01,09-24 09:00:00+02:00,118_CC_1,0.0
2030,sc01,09-24 09:00:00+02:00,123_CT_5,0.0
2030,sc01,09-24 09:00:00+02:00,113_CT_2,0.0
2030,sc01,09-24 09:00:00+02:00,101_STEAM_3,0.0
2030,sc01,09-27 01:00:00+02:00,115_STEAM_3,0.3177643098118416
2030,sc01,09-27 01:00:00+02:00,116_STEAM_1,0.0
2030,sc01,09-27 01:00:00+02:00,102_CT_1,0.0
2030,sc01,09-27 01:00:00+02:00,107_CC_1,1.0
2030,sc01,09-27 01:00:00+02:00,101_STEAM_4,0.0
2030,sc01,09-27 01:00:00+02:00,113_CT_4,0.0
2030,sc01,09-27 01:00:00+02:00,101_CT_2,0.0
2030,sc01,09-27 01:00:00+02:00,123_STEAM_3,1.0
2030,sc01,09-27 01:00:00+02:00,113_CT_1,0.0
2030,sc01,09-27 01:00:00+02:00,123_CT_1,0.0
2030,sc01,09-27 01:00:00+02:00,121_NUCLEAR_1,1.0
2030,sc01,09-27 01:00:00+02:00,102_STEAM_4,0.0
2030,sc01,09-27 01:00:00+02:00,115_STEAM_2,0.0
2030,sc01,09-27 01:00:00+02:00,115_STEAM_1,0.0
2030,sc01,09-27 01:00:00+02:00,101_CT_1,0.0
2030,sc01,09-27 01:00:00+02:00,102_CT_2,0.0
2030,sc01,09-27 01:00:00+02:00,102_STEAM_3,0.0
2030,sc01,09-27 01:00:00+02:00,123_CT_4,0.0
2030,sc01,09-27 01:00:00+02:00,123_STEAM_2,0.0
2030,sc01,09-27 01:00:00+02:00,113_CT_3,0.0
2030,sc01,09-27 01:00:00+02:00,118_CC_1,1.0
2030,sc01,09-27 01:00:00+02:00,123_CT_5,0.0
2030,sc01,09-27 01:00:00+02:00,113_CT_2,0.0
2030,sc01,09-27 01:00:00+02:00,101_STEAM_3,0.0
2030,sc01,09-28 19:00:00+02:00,115_STEAM_3,1.0
2030,sc01,09-28 19:00:00+02:00,116_STEAM_1,0.8870967741935484
2030,sc01,09-28 19:00:00+02:00,102_CT_1,0.0
2030,sc01,09-28 19:00:00+02:00,107_CC_1,1.0
2030,sc01,09-28 19:00:00+02:00,101_STEAM_4,0.0
2030,sc01,09-28 19:00:00+02:00,113_CT_4,0.0
2030,sc01,09-28 19:00:00+02:00,101_CT_2,0.0
2030,sc01,09-28 19:00:00+02:00,123_STEAM_3,1.0
2030,sc01,09-28 19:00:00+02:00,113_CT_1,0.0
2030,sc01,09-28 19:00:00+02:00,123_CT_1,0.0
2030,sc01,09-28 19:00:00+02:00,121_NUCLEAR_1,1.0
2030,sc01,09-28 19:00:00+02:00,102_STEAM_4,0.0
2030,sc01,09-28 19:00:00+02:00,115_STEAM_2,0.0
2030,sc01,09-28 19:00:00+02:00,115_STEAM_1,0.0
2030,sc01,09-28 19:00:00+02:00,101_CT_1,0.0
2030,sc01,09-28 19:00:00+02:00,102_CT_2,0.0
2030,sc01,09-28 19:00:00+02:00,102_STEAM_3,0.0
2030,sc01,09-28 19:00:00+02:00,123_CT_4,0.0
2030,sc01,09-28 19:00:00+02:00,123_STEAM_2,1.0
2030,sc01,09-28 19:00:00+02:00,113_CT_3,0.0
2030,sc01,09-28 19:00:00+02:00,118_CC_1,1.0
2030,sc01,09-28 19:00:00+02:00,123_CT_5,0.0
2030,sc01,09-28 19:00:00+02:00,113_CT_2,0.0
2030,sc01,09-28 19:00:00+02:00,101_STEAM_3,0.0
2030,sc01,09-30 12:00:00+02:00,115_STEAM_3,0.0
2030,sc01,09-30 12:00:00+02:00,116_STEAM_1,0.0
2030,sc01,09-30 12:00:00+02:00,102_CT_1,0.0
2030,sc01,09-30 12:00:00+02:00,107_CC_1,1.0
2030,sc01,09-30 12:00:00+02:00,101_STEAM_4,0.0
2030,sc01,09-30 12:00:00+02:00,113_CT_4,0.0
2030,sc01,09-30 12:00:00+02:00,101_CT_2,0.0
2030,sc01,09-30 12:00:00+02:00,123_STEAM_3,0.0
2030,sc01,09-30 12:00:00+02:00,113_CT_1,0.0
2030,sc01,09-30 12:00:00+02:00,123_CT_1,0.0
2030,sc01,09-30 12:00:00+02:00,121_NUCLEAR_1,1.0
2030,sc01,09-30 12:00:00+02:00,102_STEAM_4,0.0
2030,sc01,09-30 12:00:00+02:00,115_STEAM_2,0.0
2030,sc01,09-30 12:00:00+02:00,115_STEAM_1,0.0
2030,sc01,09-30 12:00:00+02:00,101_CT_1,0.0
2030,sc01,09-30 12:00:00+02:00,102_CT_2,0.0
2030,sc01,09-30 12:00:00+02:00,102_STEAM_3,0.0
2030,sc01,09-30 12:00:00+02:00,123_CT_4,0.0
2030,sc01,09-30 12:00:00+02:00,123_STEAM_2,0.0
2030,sc01,09-30 12:00:00+02:00,113_CT_3,0.0
2030,sc01,09-30 12:00:00+02:00,118_CC_1,1.0
2030,sc01,09-30 12:00:00+02:00,123_CT_5,0.0
2030,sc01,09-30 12:00:00+02:00,113_CT_2,0.0
2030,sc01,09-30 12:00:00+02:00,101_STEAM_3,0.0
2030,sc01,10-01 18:00:00+02:00,115_STEAM_3,1.0
2030,sc01,10-01 18:00:00+02:00,116_STEAM_1,0.8870967741935484
2030,sc01,10-01 18:00:00+02:00,102_CT_1,0.0
2030,sc01,10-01 18:00:00+02:00,107_CC_1,1.0
2030,sc01,10-01 18:00:00+02:00,101_STEAM_4,0.9097883475121683
2030,sc01,10-01 18:00:00+02:00,113_CT_4,0.0
2030,sc01,10-01 18:00:00+02:00,101_CT_2,0.0
2030,sc01,10-01 18:00:00+02:00,123_STEAM_3,1.0
2030,sc01,10-01 18:00:00+02:00,113_CT_1,0.0
2030,sc01,10-01 18:00:00+02:00,123_CT_1,0.0
2030,sc01,10-01 18:00:00+02:00,121_NUCLEAR_1,1.0
2030,sc01,10-01 18:00:00+02:00,102_STEAM_4,1.0
2030,sc01,10-01 18:00:00+02:00,115_STEAM_2,0.0
2030,sc01,10-01 18:00:00+02:00,115_STEAM_1,0.0
2030,sc01,10-01 18:00:00+02:00,101_CT_1,0.0
2030,sc01,10-01 18:00:00+02:00,102_CT_2,0.0
2030,sc01,10-01 18:00:00+02:00,102_STEAM_3,1.0
2030,sc01,10-01 18:00:00+02:00,123_CT_4,0.0
2030,sc01,10-01 18:00:00+02:00,123_STEAM_2,1.0
2030,sc01,10-01 18:00:00+02:00,113_CT_3,0.0
2030,sc01,10-01 18:00:00+02:00,118_CC_1,1.0
2030,sc01,10-01 18:00:00+02:00,123_CT_5,0.0
2030,sc01,10-01 18:00:00+02:00,113_CT_2,0.0
2030,sc01,10-01 18:00:00+02:00,101_STEAM_3,0.0
2030,sc01,10-03 14:00:00+02:00,115_STEAM_3,0.0
2030,sc01,10-03 14:00:00+02:00,116_STEAM_1,0.0
2030,sc01,10-03 14:00:00+02:00,102_CT_1,0.0
2030,sc01,10-03 14:00:00+02:00,107_CC_1,1.0
2030,sc01,10-03 14:00:00+02:00,101_STEAM_4,0.0
2030,sc01,10-03 14:00:00+02:00,113_CT_4,0.0
2030,sc01,10-03 14:00:00+02:00,101_CT_2,0.0
2030,sc01,10-03 14:00:00+02:00,123_STEAM_3,0.0
2030,sc01,10-03 14:00:00+02:00,113_CT_1,0.0
2030,sc01,10-03 14:00:00+02:00,123_CT_1,0.0
2030,sc01,10-03 14:00:00+02:00,121_NUCLEAR_1,1.0
2030,sc01,10-03 14:00:00+02:00,102_STEAM_4,0.0
2030,sc01,10-03 14:00:00+02:00,115_STEAM_2,0.0
2030,sc01,10-03 14:00:00+02:00,115_STEAM_1,0.0
2030,sc01,10-03 14:00:00+02:00,101_CT_1,0.0
2030,sc01,10-03 14:00:00+02:00,102_CT_2,0.0
2030,sc01,10-03 14:00:00+02:00,102_STEAM_3,0.0
2030,sc01,10-03 14:00:00+02:00,123_CT_4,0.0
2030,sc01,10-03 14:00:00+02:00,123_STEAM_2,0.0
2030,sc01,10-03 14:00:00+02:00,113_CT_3,0.0
2030,sc01,10-03 14:00:00+02:00,118_CC_1,1.0
2030,sc01,10-03 14:00:00+02:00,123_CT_5,0.0
2030,sc01,10-03 14:00:00+02:00,113_CT_2,0.0
2030,sc01,10-03 14:00:00+02:00,101_STEAM_3,0.0
2030,sc01,10-03 16:00:00+02:00,115_STEAM_3,1.0
2030,sc01,10-03 16:00:00+02:00,116_STEAM_1,0.4110162657435657
2030,sc01,10-03 16:00:00+02:00,102_CT_1,0.0
2030,sc01,10-03 16:00:00+02:00,107_CC_1,1.0
2030,sc01,10-03 16:00:00+02:00,101_STEAM_4,0.0
2030,sc01,10-03 16:00:00+02:00,113_CT_4,0.0
2030,sc01,10-03 16:00:00+02:00,101_CT_2,0.0
2030,sc01,10-03 16:00:00+02:00,123_STEAM_3,1.0
2030,sc01,10-03 16:00:00+02:00,113_CT_1,0.0
2030,sc01,10-03 16:00:00+02:00,123_CT_1,0.0
2030,sc01,10-03 16:00:00+02:00,121_NUCLEAR_1,1.0
2030,sc01,10-03 16:00:00+02:00,102_STEAM_4,0.0
2030,sc01,10-03 16:00:00+02:00,115_STEAM_2,0.0
2030,sc01,10-03 16:00:00+02:00,115_STEAM_1,0.0
2030,sc01,10-03 16:00:00+02:00,101_CT_1,0.0
2030,sc01,10-03 16:00:00+02:00,102_CT_2,0.0
2030,sc01,10-03 16:00:00+02:00,102_STEAM_3,0.0
2030,sc01,10-03 16:00:00+02:00,123_CT_4,0.0
2030,sc01,10-03 16:00:00+02:00,123_STEAM_2,1.0
2030,sc01,10-03 16:00:00+02:00,113_CT_3,0.0
2030,sc01,10-03 16:00:00+02:00,118_CC_1,1.0
2030,sc01,10-03 16:00:00+02:00,123_CT_5,0.0
2030,sc01,10-03 16:00:00+02:00,113_CT_2,0.0
2030,sc01,10-03 16:00:00+02:00,101_STEAM_3,0.0
2030,sc01,10-05 20:00:00+02:00,115_STEAM_3,1.0
2030,sc01,10-05 20:00:00+02:00,116_STEAM_1,0.0
2030,sc01,10-05 20:00:00+02:00,102_CT_1,0.0
2030,sc01,10-05 20:00:00+02:00,107_CC_1,1.0
2030,sc01,10-05 20:00:00+02:00,101_STEAM_4,0.0
2030,sc01,10-05 20:00:00+02:00,113_CT_4,0.0
2030,sc01,10-05 20:00:00+02:00,101_CT_2,0.0
2030,sc01,10-05 20:00:00+02:00,123_STEAM_3,1.0
2030,sc01,10-05 20:00:00+02:00,113_CT_1,0.0
2030,sc01,10-05 20:00:00+02:00,123_CT_1,0.0
2030,sc01,10-05 20:00:00+02:00,121_NUCLEAR_1,1.0
2030,sc01,10-05 20:00:00+02:00,102_STEAM_4,0.0
2030,sc01,10-05 20:00:00+02:00,115_STEAM_2,0.0
2030,sc01,10-05 20:00:00+02:00,115_STEAM_1,0.0
2030,sc01,10-05 20:00:00+02:00,101_CT_1,0.0
2030,sc01,10-05 20:00:00+02:00,102_CT_2,0.0
2030,sc01,10-05 20:00:00+02:00,102_STEAM_3,0.0
2030,sc01,10-05 20:00:00+02:00,123_CT_4,0.0
2030,sc01,10-05 20:00:00+02:00,123_STEAM_2,1.0
2030,sc01,10-05 20:00:00+02:00,113_CT_3,0.0
2030,sc01,10-05 20:00:00+02:00,118_CC_1,1.0
2030,sc01,10-05 20:00:00+02:00,123_CT_5,0.0
2030,sc01,10-05 20:00:00+02:00,113_CT_2,0.0
2030,sc01,10-05 20:00:00+02:00,101_STEAM_3,0.0
2030,sc01,10-06 04:00:00+02:00,115_STEAM_3,1.0
2030,sc01,10-06 04:00:00+02:00,116_STEAM_1,0.0
2030,sc01,10-06 04:00:00+02:00,102_CT_1,0.0
2030,sc01,10-06 04:00:00+02:00,107_CC_1,1.0
2030,sc01,10-06 04:00:00+02:00,101_STEAM_4,0.0
2030,sc01,10-06 04:00:00+02:00,113_CT_4,0.0
2030,sc01,10-06 04:00:00+02:00,101_CT_2,0.0
2030,sc01,10-06 04:00:00+02:00,123_STEAM_3,1.0
2030,sc01,10-06 04:00:00+02:00,113_CT_1,0.0
2030,sc01,10-06 04:00:00+02:00,123_CT_1,0.0
2030,sc01,10-06 04:00:00+02:00,121_NUCLEAR_1,1.0
2030,sc01,10-06 04:00:00+02:00,102_STEAM_4,0.0
2030,sc01,10-06 04:00:00+02:00,115_STEAM_2,0.0
2030,sc01,10-06 04:00:00+02:00,115_STEAM_1,0.0
2030,sc01,10-06 04:00:00+02:00,101_CT_1,0.0
2030,sc01,10-06 04:00:00+02:00,102_CT_2,0.0
2030,sc01,10-06 04:00:00+02:00,102_STEAM_3,0.0
2030,sc01,10-06 04:00:00+02:00,123_CT_4,0.0
2030,sc01,10-06 04:00:00+02:00,123_STEAM_2,1.0
2030,sc01,10-06 04:00:00+02:00,113_CT_3,0.0
2030,sc01,10-06 04:00:00+02:00,118_CC_1,1.0
2030,sc01,10-06 04:00:00+02:00,123_CT_5,0.0
2030,sc01,10-06 04:00:00+02:00,113_CT_2,0.0
2030,sc01,10-06 04:00:00+02:00,101_STEAM_3,0.0
2030,sc01,10-06 15:00:00+02:00,115_STEAM_3,1.0
2030,sc01,10-06 15:00:00+02:00,116_STEAM_1,0.0
2030,sc01,10-06 15:00:00+02:00,102_CT_1,0.0
2030,sc01,10-06 15:00:00+02:00,107_CC_1,1.0
2030,sc01,10-06 15:00:00+02:00,101_STEAM_4,0.0
2030,sc01,10-06 15:00:00+02:00,113_CT_4,0.0
2030,sc01,10-06 15:00:00+02:00,101_CT_2,0.0
2030,sc01,10-06 15:00:00+02:00,123_STEAM_3,1.0
2030,sc01,10-06 15:00:00+02:00,113_CT_1,0.0
2030,sc01,10-06 15:00:00+02:00,123_CT_1,0.0
2030,sc01,10-06 15:00:00+02:00,121_NUCLEAR_1,1.0
2030,sc01,10-06 15:00:00+02:00,102_STEAM_4,0.0
2030,sc01,10-06 15:00:00+02:00,115_STEAM_2,0.0
2030,sc01,10-06 15:00:00+02:00,115_STEAM_1,0.0
2030,sc01,10-06 15:00:00+02:00,101_CT_1,0.0
2030,sc01,10-06 15:00:00+02:00,102_CT_2,0.0
2030,sc01,10-06 15:00:00+02:00,102_STEAM_3,0.0
2030,sc01,10-06 15:00:00+02:00,123_CT_4,0.0
2030,sc01,10-06 15:00:00+02:00,123_STEAM_2,1.0
2030,sc01,10-06 15:00:00+02:00,113_CT_3,0.0
2030,sc01,10-06 15:00:00+02:00,118_CC_1,1.0
2030,sc01,10-06 15:00:00+02:00,123_CT_5,0.0
2030,sc01,10-06 15:00:00+02:00,113_CT_2,0.0
2030,sc01,10-06 15:00:00+02:00,101_STEAM_3,0.0
2030,sc01,10-07 02:00:00+02:00,115_STEAM_3,1.0
2030,sc01,10-07 02:00:00+02:00,116_STEAM_1,0.0
2030,sc01,10-07 02:00:00+02:00,102_CT_1,0.0
2030,sc01,10-07 02:00:00+02:00,107_CC_1,1.0
2030,sc01,10-07 02:00:00+02:00,101_STEAM_4,0.0
2030,sc01,10-07 02:00:00+02:00,113_CT_4,0.0
2030,sc01,10-07 02:00:00+02:00,101_CT_2,0.0
2030,sc01,10-07 02:00:00+02:00,123_STEAM_3,0.8514659668478329
2030,sc01,10-07 02:00:00+02:00,113_CT_1,0.0
2030,sc01,10-07 02:00:00+02:00,123_CT_1,0.0
2030,sc01,10-07 02:00:00+02:00,121_NUCLEAR_1,1.0
2030,sc01,10-07 02:00:00+02:00,102_STEAM_4,0.0
2030,sc01,10-07 02:00:00+02:00,115_STEAM_2,0.0
2030,sc01,10-07 02:00:00+02:00,115_STEAM_1,0.0
2030,sc01,10-07 02:00:00+02:00,101_CT_1,0.0
2030,sc01,10-07 02:00:00+02:00,102_CT_2,0.0
2030,sc01,10-07 02:00:00+02:00,102_STEAM_3,0.0
2030,sc01,10-07 02:00:00+02:00,123_CT_4,0.0
2030,sc01,10-07 02:00:00+02:00,123_STEAM_2,1.0
2030,sc01,10-07 02:00:00+02:00,113_CT_3,0.0
2030,sc01,10-07 02:00:00+02:00,118_CC_1,1.0
2030,sc01,10-07 02:00:00+02:00,123_CT_5,0.0
2030,sc01,10-07 02:00:00+02:00,113_CT_2,0.0
2030,sc01,10-07 02:00:00+02:00,101_STEAM_3,0.0
2030,sc01,10-07 17:00:00+02:00,115_STEAM_3,1.0
2030,sc01,10-07 17:00:00+02:00,116_STEAM_1,0.8870967741935484
2030,sc01,10-07 17:00:00+02:00,102_CT_1,0.0
2030,sc01,10-07 17:00:00+02:00,107_CC_1,1.0
2030,sc01,10-07 17:00:00+02:00,101_STEAM_4,0.0
2030,sc01,10-07 17:00:00+02:00,113_CT_4,0.0
2030,sc01,10-07 17:00:00+02:00,101_CT_2,0.0
2030,sc01,10-07 17:00:00+02:00,123_STEAM_3,1.0
2030,sc01,10-07 17:00:00+02:00,113_CT_1,0.0
2030,sc01,10-07 17:00:00+02:00,123_CT_1,0.0
2030,sc01,10-07 17:00:00+02:00,121_NUCLEAR_1,1.0
2030,sc01,10-07 17:00:00+02:00,102_STEAM_4,1.0
2030,sc01,10-07 17:00:00+02:00,115_STEAM_2,0.0
2030,sc01,10-07 17:00:00+02:00,115_STEAM_1,0.0
2030,sc01,10-07 17:00:00+02:00,101_CT_1,0.0
2030,sc01,10-07 17:00:00+02:00,102_CT_2,0.0
2030,sc01,10-07 17:00:00+02:00,102_STEAM_3,1.0
2030,sc01,10-07 17:00:00+02:00,123_CT_4,0.0
2030,sc01,10-07 17:00:00+02:00,123_STEAM_2,1.0
2030,sc01,10-07 17:00:00+02:00,113_CT_3,0.0
2030,sc01,10-07 17:00:00+02:00,118_CC_1,1.0
2030,sc01,10-07 17:00:00+02:00,123_CT_5,0.0
2030,sc01,10-07 17:00:00+02:00,113_CT_2,0.0
2030,sc01,10-07 17:00:00+02:00,101_STEAM_3,0.0
2030,sc01,10-08 10:00:00+02:00,115_STEAM_3,0.0
2030,sc01,10-08 10:00:00+02:00,116_STEAM_1,0.0
2030,sc01,10-08 10:00:00+02:00,102_CT_1,0.0
2030,sc01,10-08 10:00:00+02:00,107_CC_1,0.0
2030,sc01,10-08 10:00:00+02:00,101_STEAM_4,0.0
2030,sc01,10-08 10:00:00+02:00,113_CT_4,0.0
2030,sc01,10-08 10:00:00+02:00,101_CT_2,0.0
2030,sc01,10-08 10:00:00+02:00,123_STEAM_3,0.0
2030,sc01,10-08 10:00:00+02:00,113_CT_1,0.0
2030,sc01,10-08 10:00:00+02:00,123_CT_1,0.0
2030,sc01,10-08 10:00:00+02:00,121_NUCLEAR_1,0.0
2030,sc01,10-08 10:00:00+02:00,102_STEAM_4,0.0
2030,sc01,10-08 10:00:00+02:00,115_STEAM_2,0.0
2030,sc01,10-08 10:00:00+02:00,115_STEAM_1,0.0
2030,sc01,10-08 10:00:00+02:00,101_CT_1,0.0
2030,sc01,10-08 10:00:00+02:00,102_CT_2,0.0
2030,sc01,10-08 10:00:00+02:00,102_STEAM_3,0.0
2030,sc01,10-08 10:00:00+02:00,123_CT_4,0.0
2030,sc01,10-08 10:00:00+02:00,123_STEAM_2,0.0
2030,sc01,10-08 10:00:00+02:00,113_CT_3,0.0
2030,sc01,10-08 10:00:00+02:00,118_CC_1,0.0
2030,sc01,10-08 10:00:00+02:00,123_CT_5,0.0
2030,sc01,10-08 10:00:00+02:00,113_CT_2,0.0
2030,sc01,10-08 10:00:00+02:00,101_STEAM_3,0.0
2030,sc01,10-09 05:00:00+02:00,115_STEAM_3,1.0
2030,sc01,10-09 05:00:00+02:00,116_STEAM_1,0.0
2030,sc01,10-09 05:00:00+02:00,102_CT_1,0.0
2030,sc01,10-09 05:00:00+02:00,107_CC_1,1.0
2030,sc01,10-09 05:00:00+02:00,101_STEAM_4,0.0
2030,sc01,10-09 05:00:00+02:00,113_CT_4,0.0
2030,sc01,10-09 05:00:00+02:00,101_CT_2,0.0
2030,sc01,10-09 05:00:00+02:00,123_STEAM_3,1.0
2030,sc01,10-09 05:00:00+02:00,113_CT_1,0.0
2030,sc01,10-09 05:00:00+02:00,123_CT_1,0.0
2030,sc01,10-09 05:00:00+02:00,121_NUCLEAR_1,1.0
2030,sc01,10-09 05:00:00+02:00,102_STEAM_4,0.0
2030,sc01,10-09 05:00:00+02:00,115_STEAM_2,0.0
2030,sc01,10-09 05:00:00+02:00,115_STEAM_1,0.0
2030,sc01,10-09 05:00:00+02:00,101_CT_1,0.0
2030,sc01,10-09 05:00:00+02:00,102_CT_2,0.0
2030,sc01,10-09 05:00:00+02:00,102_STEAM_3,0.0
2030,sc01,10-09 05:00:00+02:00,123_CT_4,0.0
2030,sc01,10-09 05:00:00+02:00,123_STEAM_2,1.0
2030,sc01,10-09 05:00:00+02:00,113_CT_3,0.0
2030,sc01,10-09 05:00:00+02:00,118_CC_1,1.0
2030,sc01,10-09 05:00:00+02:00,123_CT_5,0.0
2030,sc01,10-09 05:00:00+02:00,113_CT_2,0.0
2030,sc01,10-09 05:00:00+02:00,101_STEAM_3,0.0
2030,sc01,10-15 15:00:00+02:00,115_STEAM_3,0.7547839758064817
2030,sc01,10-15 15:00:00+02:00,116_STEAM_1,0.0
2030,sc01,10-15 15:00:00+02:00,102_CT_1,0.0
2030,sc01,10-15 15:00:00+02:00,107_CC_1,1.0
2030,sc01,10-15 15:00:00+02:00,101_STEAM_4,0.0
2030,sc01,10-15 15:00:00+02:00,113_CT_4,0.0
2030,sc01,10-15 15:00:00+02:00,101_CT_2,0.0
2030,sc01,10-15 15:00:00+02:00,123_STEAM_3,0.0
2030,sc01,10-15 15:00:00+02:00,113_CT_1,0.0
2030,sc01,10-15 15:00:00+02:00,123_CT_1,0.0
2030,sc01,10-15 15:00:00+02:00,121_NUCLEAR_1,1.0
2030,sc01,10-15 15:00:00+02:00,102_STEAM_4,0.0
2030,sc01,10-15 15:00:00+02:00,115_STEAM_2,0.0
2030,sc01,10-15 15:00:00+02:00,115_STEAM_1,0.0
2030,sc01,10-15 15:00:00+02:00,101_CT_1,0.0
2030,sc01,10-15 15:00:00+02:00,102_CT_2,0.0
2030,sc01,10-15 15:00:00+02:00,102_STEAM_3,0.0
2030,sc01,10-15 15:00:00+02:00,123_CT_4,0.0
2030,sc01,10-15 15:00:00+02:00,123_STEAM_2,0.0
2030,sc01,10-15 15:00:00+02:00,113_CT_3,0.0
2030,sc01,10-15 15:00:00+02:00,118_CC_1,1.0
2030,sc01,10-15 15:00:00+02:00,123_CT_5,0.0
2030,sc01,10-15 15:00:00+02:00,113_CT_2,0.0
2030,sc01,10-15 15:00:00+02:00,101_STEAM_3,0.0
2030,sc01,10-18 04:00:00+02:00,115_STEAM_3,1.0
2030,sc01,10-18 04:00:00+02:00,116_STEAM_1,0.0
2030,sc01,10-18 04:00:00+02:00,102_CT_1,0.0
2030,sc01,10-18 04:00:00+02:00,107_CC_1,1.0
2030,sc01,10-18 04:00:00+02:00,101_STEAM_4,0.0
2030,sc01,10-18 04:00:00+02:00,113_CT_4,0.0
2030,sc01,10-18 04:00:00+02:00,101_CT_2,0.0
2030,sc01,10-18 04:00:00+02:00,123_STEAM_3,0.10464055900621913
2030,sc01,10-18 04:00:00+02:00,113_CT_1,0.0
2030,sc01,10-18 04:00:00+02:00,123_CT_1,0.0
2030,sc01,10-18 04:00:00+02:00,121_NUCLEAR_1,1.0
2030,sc01,10-18 04:00:00+02:00,102_STEAM_4,0.0
2030,sc01,10-18 04:00:00+02:00,115_STEAM_2,0.0
2030,sc01,10-18 04:00:00+02:00,115_STEAM_1,0.0
2030,sc01,10-18 04:00:00+02:00,101_CT_1,0.0
2030,sc01,10-18 04:00:00+02:00,102_CT_2,0.0
2030,sc01,10-18 04:00:00+02:00,102_STEAM_3,0.0
2030,sc01,10-18 04:00:00+02:00,123_CT_4,0.0
2030,sc01,10-18 04:00:00+02:00,123_STEAM_2,1.0
2030,sc01,10-18 04:00:00+02:00,113_CT_3,0.0
2030,sc01,10-18 04:00:00+02:00,118_CC_1,1.0
2030,sc01,10-18 04:00:00+02:00,123_CT_5,0.0
2030,sc01,10-18 04:00:00+02:00,113_CT_2,0.0
2030,sc01,10-18 04:00:00+02:00,101_STEAM_3,0.0
2030,sc01,10-20 13:00:00+02:00,115_STEAM_3,0.0
2030,sc01,10-20 13:00:00+02:00,116_STEAM_1,0.0
2030,sc01,10-20 13:00:00+02:00,102_CT_1,0.0
2030,sc01,10-20 13:00:00+02:00,107_CC_1,0.0
2030,sc01,10-20 13:00:00+02:00,101_STEAM_4,0.0
2030,sc01,10-20 13:00:00+02:00,113_CT_4,0.0
2030,sc01,10-20 13:00:00+02:00,101_CT_2,0.0
2030,sc01,10-20 13:00:00+02:00,123_STEAM_3,0.0
2030,sc01,10-20 13:00:00+02:00,113_CT_1,0.0
2030,sc01,10-20 13:00:00+02:00,123_CT_1,0.0
2030,sc01,10-20 13:00:00+02:00,121_NUCLEAR_1,0.0
2030,sc01,10-20 13:00:00+02:00,102_STEAM_4,0.0
2030,sc01,10-20 13:00:00+02:00,115_STEAM_2,0.0
2030,sc01,10-20 13:00:00+02:00,115_STEAM_1,0.0
2030,sc01,10-20 13:00:00+02:00,101_CT_1,0.0
2030,sc01,10-20 13:00:00+02:00,102_CT_2,0.0
2030,sc01,10-20 13:00:00+02:00,102_STEAM_3,0.0
2030,sc01,10-20 13:00:00+02:00,123_CT_4,0.0
2030,sc01,10-20 13:00:00+02:00,123_STEAM_2,0.0
2030,sc01,10-20 13:00:00+02:00,113_CT_3,0.0
2030,sc01,10-20 13:00:00+02:00,118_CC_1,0.0
2030,sc01,10-20 13:00:00+02:00,123_CT_5,0.0
2030,sc01,10-20 13:00:00+02:00,113_CT_2,0.0
2030,sc01,10-20 13:00:00+02:00,101_STEAM_3,0.0
2030,sc01,10-25 01:00:00+02:00,115_STEAM_3,0.0
2030,sc01,10-25 01:00:00+02:00,116_STEAM_1,0.0
2030,sc01,10-25 01:00:00+02:00,102_CT_1,0.0
2030,sc01,10-25 01:00:00+02:00,107_CC_1,1.0
2030,sc01,10-25 01:00:00+02:00,101_STEAM_4,0.0
2030,sc01,10-25 01:00:00+02:00,113_CT_4,0.0
2030,sc01,10-25 01:00:00+02:00,101_CT_2,0.0
2030,sc01,10-25 01:00:00+02:00,123_STEAM_3,0.0
2030,sc01,10-25 01:00:00+02:00,113_CT_1,0.0
2030,sc01,10-25 01:00:00+02:00,123_CT_1,0.0
2030,sc01,10-25 01:00:00+02:00,121_NUCLEAR_1,1.0
2030,sc01,10-25 01:00:00+02:00,102_STEAM_4,0.0
2030,sc01,10-25 01:00:00+02:00,115_STEAM_2,0.0
2030,sc01,10-25 01:00:00+02:00,115_STEAM_1,0.0
2030,sc01,10-25 01:00:00+02:00,101_CT_1,0.0
2030,sc01,10-25 01:00:00+02:00,102_CT_2,0.0
2030,sc01,10-25 01:00:00+02:00,102_STEAM_3,0.0
2030,sc01,10-25 01:00:00+02:00,123_CT_4,0.0
2030,sc01,10-25 01:00:00+02:00,123_STEAM_2,0.0
2030,sc01,10-25 01:00:00+02:00,113_CT_3,0.0
2030,sc01,10-25 01:00:00+02:00,118_CC_1,1.0
2030,sc01,10-25 01:00:00+02:00,123_CT_5,0.0
2030,sc01,10-25 01:00:00+02:00,113_CT_2,0.0
2030,sc01,10-25 01:00:00+02:00,101_STEAM_3,0.0
2030,sc01,10-26 15:00:00+02:00,115_STEAM_3,0.0
2030,sc01,10-26 15:00:00+02:00,116_STEAM_1,0.0
2030,sc01,10-26 15:00:00+02:00,102_CT_1,0.0
2030,sc01,10-26 15:00:00+02:00,107_CC_1,1.0
2030,sc01,10-26 15:00:00+02:00,101_STEAM_4,0.0
2030,sc01,10-26 15:00:00+02:00,113_CT_4,0.0
2030,sc01,10-26 15:00:00+02:00,101_CT_2,0.0
2030,sc01,10-26 15:00:00+02:00,123_STEAM_3,0.0
2030,sc01,10-26 15:00:00+02:00,113_CT_1,0.0
2030,sc01,10-26 15:00:00+02:00,123_CT_1,0.0
2030,sc01,10-26 15:00:00+02:00,121_NUCLEAR_1,1.0
2030,sc01,10-26 15:00:00+02:00,102_STEAM_4,0.0
2030,sc01,10-26 15:00:00+02:00,115_STEAM_2,0.0
2030,sc01,10-26 15:00:00+02:00,115_STEAM_1,0.0
2030,sc01,10-26 15:00:00+02:00,101_CT_1,0.0
2030,sc01,10-26 15:00:00+02:00,102_CT_2,0.0
2030,sc01,10-26 15:00:00+02:00,102_STEAM_3,0.0
2030,sc01,10-26 15:00:00+02:00,123_CT_4,0.0
2030,sc01,10-26 15:00:00+02:00,123_STEAM_2,0.0
2030,sc01,10-26 15:00:00+02:00,113_CT_3,0.0
2030,sc01,10-26 15:00:00+02:00,118_CC_1,1.0
2030,sc01,10-26 15:00:00+02:00,123_CT_5,0.0
2030,sc01,10-26 15:00:00+02:00,113_CT_2,0.0
2030,sc01,10-26 15:00:00+02:00,101_STEAM_3,0.0
2030,sc01,10-27 20:00:00+01:00,115_STEAM_3,1.0
2030,sc01,10-27 20:00:00+01:00,116_STEAM_1,0.8870967741935484
2030,sc01,10-27 20:00:00+01:00,102_CT_1,0.0
2030,sc01,10-27 20:00:00+01:00,107_CC_1,1.0
2030,sc01,10-27 20:00:00+01:00,101_STEAM_4,0.0
2030,sc01,10-27 20:00:00+01:00,113_CT_4,0.0
2030,sc01,10-27 20:00:00+01:00,101_CT_2,0.0
2030,sc01,10-27 20:00:00+01:00,123_STEAM_3,1.0
2030,sc01,10-27 20:00:00+01:00,113_CT_1,0.0
2030,sc01,10-27 20:00:00+01:00,123_CT_1,0.0
2030,sc01,10-27 20:00:00+01:00,121_NUCLEAR_1,1.0
2030,sc01,10-27 20:00:00+01:00,102_STEAM_4,0.0
2030,sc01,10-27 20:00:00+01:00,115_STEAM_2,0.0
2030,sc01,10-27 20:00:00+01:00,115_STEAM_1,0.0
2030,sc01,10-27 20:00:00+01:00,101_CT_1,0.0
2030,sc01,10-27 20:00:00+01:00,102_CT_2,0.0
2030,sc01,10-27 20:00:00+01:00,102_STEAM_3,0.0
2030,sc01,10-27 20:00:00+01:00,123_CT_4,0.0
2030,sc01,10-27 20:00:00+01:00,123_STEAM_2,1.0
2030,sc01,10-27 20:00:00+01:00,113_CT_3,0.0
2030,sc01,10-27 20:00:00+01:00,118_CC_1,1.0
2030,sc01,10-27 20:00:00+01:00,123_CT_5,0.0
2030,sc01,10-27 20:00:00+01:00,113_CT_2,0.0
2030,sc01,10-27 20:00:00+01:00,101_STEAM_3,0.0
2030,sc01,10-29 23:00:00+01:00,115_STEAM_3,0.0
2030,sc01,10-29 23:00:00+01:00,116_STEAM_1,0.0
2030,sc01,10-29 23:00:00+01:00,102_CT_1,0.0
2030,sc01,10-29 23:00:00+01:00,107_CC_1,0.5434475786471568
2030,sc01,10-29 23:00:00+01:00,101_STEAM_4,0.0
2030,sc01,10-29 23:00:00+01:00,113_CT_4,0.0
2030,sc01,10-29 23:00:00+01:00,101_CT_2,0.0
2030,sc01,10-29 23:00:00+01:00,123_STEAM_3,0.0
2030,sc01,10-29 23:00:00+01:00,113_CT_1,0.0
2030,sc01,10-29 23:00:00+01:00,123_CT_1,0.0
2030,sc01,10-29 23:00:00+01:00,121_NUCLEAR_1,0.39001658742594536
2030,sc01,10-29 23:00:00+01:00,102_STEAM_4,0.0
2030,sc01,10-29 23:00:00+01:00,115_STEAM_2,0.0
2030,sc01,10-29 23:00:00+01:00,115_STEAM_1,0.0
2030,sc01,10-29 23:00:00+01:00,101_CT_1,0.0
2030,sc01,10-29 23:00:00+01:00,102_CT_2,0.0
2030,sc01,10-29 23:00:00+01:00,102_STEAM_3,0.0
2030,sc01,10-29 23:00:00+01:00,123_CT_4,0.0
2030,sc01,10-29 23:00:00+01:00,123_STEAM_2,0.0
2030,sc01,10-29 23:00:00+01:00,113_CT_3,0.0
2030,sc01,10-29 23:00:00+01:00,118_CC_1,0.0
2030,sc01,10-29 23:00:00+01:00,123_CT_5,0.0
2030,sc01,10-29 23:00:00+01:00,113_CT_2,0.0
2030,sc01,10-29 23:00:00+01:00,101_STEAM_3,0.0
2030,sc01,10-31 18:00:00+01:00,115_STEAM_3,1.0
2030,sc01,10-31 18:00:00+01:00,116_STEAM_1,0.8870967741935484
2030,sc01,10-31 18:00:00+01:00,102_CT_1,0.0
2030,sc01,10-31 18:00:00+01:00,107_CC_1,1.0
2030,sc01,10-31 18:00:00+01:00,101_STEAM_4,0.0
2030,sc01,10-31 18:00:00+01:00,113_CT_4,0.0
2030,sc01,10-31 18:00:00+01:00,101_CT_2,0.0
2030,sc01,10-31 18:00:00+01:00,123_STEAM_3,1.0
2030,sc01,10-31 18:00:00+01:00,113_CT_1,0.0
2030,sc01,10-31 18:00:00+01:00,123_CT_1,0.0
2030,sc01,10-31 18:00:00+01:00,121_NUCLEAR_1,1.0
2030,sc01,10-31 18:00:00+01:00,102_STEAM_4,0.0
2030,sc01,10-31 18:00:00+01:00,115_STEAM_2,0.0
2030,sc01,10-31 18:00:00+01:00,115_STEAM_1,0.0
2030,sc01,10-31 18:00:00+01:00,101_CT_1,0.0
2030,sc01,10-31 18:00:00+01:00,102_CT_2,0.0
2030,sc01,10-31 18:00:00+01:00,102_STEAM_3,0.0
2030,sc01,10-31 18:00:00+01:00,123_CT_4,0.0
2030,sc01,10-31 18:00:00+01:00,123_STEAM_2,1.0
2030,sc01,10-31 18:00:00+01:00,113_CT_3,0.0
2030,sc01,10-31 18:00:00+01:00,118_CC_1,1.0
2030,sc01,10-31 18:00:00+01:00,123_CT_5,0.0
2030,sc01,10-31 18:00:00+01:00,113_CT_2,0.0
2030,sc01,10-31 18:00:00+01:00,101_STEAM_3,0.0
2030,sc01,11-01 16:00:00+01:00,115_STEAM_3,1.0
2030,sc01,11-01 16:00:00+01:00,116_STEAM_1,0.0
2030,sc01,11-01 16:00:00+01:00,102_CT_1,0.0
2030,sc01,11-01 16:00:00+01:00,107_CC_1,1.0
2030,sc01,11-01 16:00:00+01:00,101_STEAM_4,0.0
2030,sc01,11-01 16:00:00+01:00,113_CT_4,0.0
2030,sc01,11-01 16:00:00+01:00,101_CT_2,0.0
2030,sc01,11-01 16:00:00+01:00,123_STEAM_3,0.0
2030,sc01,11-01 16:00:00+01:00,113_CT_1,0.0
2030,sc01,11-01 16:00:00+01:00,123_CT_1,0.0
2030,sc01,11-01 16:00:00+01:00,121_NUCLEAR_1,1.0
2030,sc01,11-01 16:00:00+01:00,102_STEAM_4,0.0
2030,sc01,11-01 16:00:00+01:00,115_STEAM_2,0.0
2030,sc01,11-01 16:00:00+01:00,115_STEAM_1,0.0
2030,sc01,11-01 16:00:00+01:00,101_CT_1,0.0
2030,sc01,11-01 16:00:00+01:00,102_CT_2,0.0
2030,sc01,11-01 16:00:00+01:00,102_STEAM_3,0.0
2030,sc01,11-01 16:00:00+01:00,123_CT_4,0.0
2030,sc01,11-01 16:00:00+01:00,123_STEAM_2,0.0
2030,sc01,11-01 16:00:00+01:00,113_CT_3,0.0
2030,sc01,11-01 16:00:00+01:00,118_CC_1,1.0
2030,sc01,11-01 16:00:00+01:00,123_CT_5,0.0
2030,sc01,11-01 16:00:00+01:00,113_CT_2,0.0
2030,sc01,11-01 16:00:00+01:00,101_STEAM_3,0.0
2030,sc01,11-07 03:00:00+01:00,115_STEAM_3,0.0
2030,sc01,11-07 03:00:00+01:00,116_STEAM_1,0.0
2030,sc01,11-07 03:00:00+01:00,102_CT_1,0.0
2030,sc01,11-07 03:00:00+01:00,107_CC_1,0.0
2030,sc01,11-07 03:00:00+01:00,101_STEAM_4,0.0
2030,sc01,11-07 03:00:00+01:00,113_CT_4,0.0
2030,sc01,11-07 03:00:00+01:00,101_CT_2,0.0
2030,sc01,11-07 03:00:00+01:00,123_STEAM_3,0.0
2030,sc01,11-07 03:00:00+01:00,113_CT_1,0.0
2030,sc01,11-07 03:00:00+01:00,123_CT_1,0.0
2030,sc01,11-07 03:00:00+01:00,121_NUCLEAR_1,0.0
2030,sc01,11-07 03:00:00+01:00,102_STEAM_4,0.0
2030,sc01,11-07 03:00:00+01:00,115_STEAM_2,0.0
2030,sc01,11-07 03:00:00+01:00,115_STEAM_1,0.0
2030,sc01,11-07 03:00:00+01:00,101_CT_1,0.0
2030,sc01,11-07 03:00:00+01:00,102_CT_2,0.0
2030,sc01,11-07 03:00:00+01:00,102_STEAM_3,0.0
2030,sc01,11-07 03:00:00+01:00,123_CT_4,0.0
2030,sc01,11-07 03:00:00+01:00,123_STEAM_2,0.0
2030,sc01,11-07 03:00:00+01:00,113_CT_3,0.0
2030,sc01,11-07 03:00:00+01:00,118_CC_1,0.0
2030,sc01,11-07 03:00:00+01:00,123_CT_5,0.0
2030,sc01,11-07 03:00:00+01:00,113_CT_2,0.0
2030,sc01,11-07 03:00:00+01:00,101_STEAM_3,0.0
2030,sc01,11-12 17:00:00+01:00,115_STEAM_3,1.0
2030,sc01,11-12 17:00:00+01:00,116_STEAM_1,0.0
2030,sc01,11-12 17:00:00+01:00,102_CT_1,0.0
2030,sc01,11-12 17:00:00+01:00,107_CC_1,1.0
2030,sc01,11-12 17:00:00+01:00,101_STEAM_4,0.0
2030,sc01,11-12 17:00:00+01:00,113_CT_4,0.0
2030,sc01,11-12 17:00:00+01:00,101_CT_2,0.0
2030,sc01,11-12 17:00:00+01:00,123_STEAM_3,0.8972346416327733
2030,sc01,11-12 17:00:00+01:00,113_CT_1,0.0
2030,sc01,11-12 17:00:00+01:00,123_CT_1,0.0
2030,sc01,11-12 17:00:00+01:00,121_NUCLEAR_1,1.0
2030,sc01,11-12 17:00:00+01:00,102_STEAM_4,0.0
2030,sc01,11-12 17:00:00+01:00,115_STEAM_2,0.0
2030,sc01,11-12 17:00:00+01:00,115_STEAM_1,0.0
2030,sc01,11-12 17:00:00+01:00,101_CT_1,0.0
2030,sc01,11-12 17:00:00+01:00,102_CT_2,0.0
2030,sc01,11-12 17:00:00+01:00,102_STEAM_3,0.0
2030,sc01,11-12 17:00:00+01:00,123_CT_4,0.0
2030,sc01,11-12 17:00:00+01:00,123_STEAM_2,1.0
2030,sc01,11-12 17:00:00+01:00,113_CT_3,0.0
2030,sc01,11-12 17:00:00+01:00,118_CC_1,1.0
2030,sc01,11-12 17:00:00+01:00,123_CT_5,0.0
2030,sc01,11-12 17:00:00+01:00,113_CT_2,0.0
2030,sc01,11-12 17:00:00+01:00,101_STEAM_3,0.0
2030,sc01,11-13 20:00:00+01:00,115_STEAM_3,0.7328702863544289
2030,sc01,11-13 20:00:00+01:00,116_STEAM_1,0.0
2030,sc01,11-13 20:00:00+01:00,102_CT_1,0.0
2030,sc01,11-13 20:00:00+01:00,107_CC_1,1.0
2030,sc01,11-13 20:00:00+01:00,101_STEAM_4,0.0
2030,sc01,11-13 20:00:00+01:00,113_CT_4,0.0
2030,sc01,11-13 20:00:00+01:00,101_CT_2,0.0
2030,sc01,11-13 20:00:00+01:00,123_STEAM_3,0.0
2030,sc01,11-13 20:00:00+01:00,113_CT_1,0.0
2030,sc01,11-13 20:00:00+01:00,123_CT_1,0.0
2030,sc01,11-13 20:00:00+01:00,121_NUCLEAR_1,1.0
2030,sc01,11-13 20:00:00+01:00,102_STEAM_4,0.0
2030,sc01,11-13 20:00:00+01:00,115_STEAM_2,0.0
2030,sc01,11-13 20:00:00+01:00,115_STEAM_1,0.0
2030,sc01,11-13 20:00:00+01:00,101_CT_1,0.0
2030,sc01,11-13 20:00:00+01:00,102_CT_2,0.0
2030,sc01,11-13 20:00:00+01:00,102_STEAM_3,0.0
2030,sc01,11-13 20:00:00+01:00,123_CT_4,0.0
2030,sc01,11-13 20:00:00+01:00,123_STEAM_2,0.0
2030,sc01,11-13 20:00:00+01:00,113_CT_3,0.0
2030,sc01,11-13 20:00:00+01:00,118_CC_1,0.36563624761959584
2030,sc01,11-13 20:00:00+01:00,123_CT_5,0.0
2030,sc01,11-13 20:00:00+01:00,113_CT_2,0.0
2030,sc01,11-13 20:00:00+01:00,101_STEAM_3,0.0
2030,sc01,11-16 05:00:00+01:00,115_STEAM_3,0.0
2030,sc01,11-16 05:00:00+01:00,116_STEAM_1,0.0
2030,sc01,11-16 05:00:00+01:00,102_CT_1,0.0
2030,sc01,11-16 05:00:00+01:00,107_CC_1,0.0
2030,sc01,11-16 05:00:00+01:00,101_STEAM_4,0.0
2030,sc01,11-16 05:00:00+01:00,113_CT_4,0.0
2030,sc01,11-16 05:00:00+01:00,101_CT_2,0.0
2030,sc01,11-16 05:00:00+01:00,123_STEAM_3,0.0
2030,sc01,11-16 05:00:00+01:00,113_CT_1,0.0
2030,sc01,11-16 05:00:00+01:00,123_CT_1,0.0
2030,sc01,11-16 05:00:00+01:00,121_NUCLEAR_1,0.0
2030,sc01,11-16 05:00:00+01:00,102_STEAM_4,0.0
2030,sc01,11-16 05:00:00+01:00,115_STEAM_2,0.0
2030,sc01,11-16 05:00:00+01:00,115_STEAM_1,0.0
2030,sc01,11-16 05:00:00+01:00,101_CT_1,0.0
2030,sc01,11-16 05:00:00+01:00,102_CT_2,0.0
2030,sc01,11-16 05:00:00+01:00,102_STEAM_3,0.0
2030,sc01,11-16 05:00:00+01:00,123_CT_4,0.0
2030,sc01,11-16 05:00:00+01:00,123_STEAM_2,0.0
2030,sc01,11-16 05:00:00+01:00,113_CT_3,0.0
2030,sc01,11-16 05:00:00+01:00,118_CC_1,0.0
2030,sc01,11-16 05:00:00+01:00,123_CT_5,0.0
2030,sc01,11-16 05:00:00+01:00,113_CT_2,0.0
2030,sc01,11-16 05:00:00+01:00,101_STEAM_3,0.0
2030,sc01,11-22 03:00:00+01:00,115_STEAM_3,0.0
2030,sc01,11-22 03:00:00+01:00,116_STEAM_1,0.7350400196572707
2030,sc01,11-22 03:00:00+01:00,102_CT_1,0.0
2030,sc01,11-22 03:00:00+01:00,107_CC_1,1.0
2030,sc01,11-22 03:00:00+01:00,101_STEAM_4,0.0
2030,sc01,11-22 03:00:00+01:00,113_CT_4,0.0
2030,sc01,11-22 03:00:00+01:00,101_CT_2,0.0
2030,sc01,11-22 03:00:00+01:00,123_STEAM_3,0.0
2030,sc01,11-22 03:00:00+01:00,113_CT_1,0.0
2030,sc01,11-22 03:00:00+01:00,123_CT_1,0.0
2030,sc01,11-22 03:00:00+01:00,121_NUCLEAR_1,1.0
2030,sc01,11-22 03:00:00+01:00,102_STEAM_4,0.0
2030,sc01,11-22 03:00:00+01:00,115_STEAM_2,0.0
2030,sc01,11-22 03:00:00+01:00,115_STEAM_1,0.0
2030,sc01,11-22 03:00:00+01:00,101_CT_1,0.0
2030,sc01,11-22 03:00:00+01:00,102_CT_2,0.0
2030,sc01,11-22 03:00:00+01:00,102_STEAM_3,0.0
2030,sc01,11-22 03:00:00+01:00,123_CT_4,0.0
2030,sc01,11-22 03:00:00+01:00,123_STEAM_2,0.0
2030,sc01,11-22 03:00:00+01:00,113_CT_3,0.0
2030,sc01,11-22 03:00:00+01:00,118_CC_1,1.0
2030,sc01,11-22 03:00:00+01:00,123_CT_5,0.0
2030,sc01,11-22 03:00:00+01:00,113_CT_2,0.0
2030,sc01,11-22 03:00:00+01:00,101_STEAM_3,0.0
2030,sc01,11-26 00:00:00+01:00,115_STEAM_3,0.0
2030,sc01,11-26 00:00:00+01:00,116_STEAM_1,0.0
2030,sc01,11-26 00:00:00+01:00,102_CT_1,0.0
2030,sc01,11-26 00:00:00+01:00,107_CC_1,0.0
2030,sc01,11-26 00:00:00+01:00,101_STEAM_4,0.0
2030,sc01,11-26 00:00:00+01:00,113_CT_4,0.0
2030,sc01,11-26 00:00:00+01:00,101_CT_2,0.0
2030,sc01,11-26 00:00:00+01:00,123_STEAM_3,0.0
2030,sc01,11-26 00:00:00+01:00,113_CT_1,0.0
2030,sc01,11-26 00:00:00+01:00,123_CT_1,0.0
2030,sc01,11-26 00:00:00+01:00,121_NUCLEAR_1,0.0
2030,sc01,11-26 00:00:00+01:00,102_STEAM_4,0.0
2030,sc01,11-26 00:00:00+01:00,115_STEAM_2,0.0
2030,sc01,11-26 00:00:00+01:00,115_STEAM_1,0.0
2030,sc01,11-26 00:00:00+01:00,101_CT_1,0.0
2030,sc01,11-26 00:00:00+01:00,102_CT_2,0.0
2030,sc01,11-26 00:00:00+01:00,102_STEAM_3,0.0
2030,sc01,11-26 00:00:00+01:00,123_CT_4,0.0
2030,sc01,11-26 00:00:00+01:00,123_STEAM_2,0.0
2030,sc01,11-26 00:00:00+01:00,113_CT_3,0.0
2030,sc01,11-26 00:00:00+01:00,118_CC_1,0.0
2030,sc01,11-26 00:00:00+01:00,123_CT_5,0.0
2030,sc01,11-26 00:00:00+01:00,113_CT_2,0.0
2030,sc01,11-26 00:00:00+01:00,101_STEAM_3,0.0
2030,sc01,11-26 17:00:00+01:00,115_STEAM_3,1.0
2030,sc01,11-26 17:00:00+01:00,116_STEAM_1,0.0
2030,sc01,11-26 17:00:00+01:00,102_CT_1,0.0
2030,sc01,11-26 17:00:00+01:00,107_CC_1,1.0
2030,sc01,11-26 17:00:00+01:00,101_STEAM_4,0.0
2030,sc01,11-26 17:00:00+01:00,113_CT_4,0.0
2030,sc01,11-26 17:00:00+01:00,101_CT_2,0.0
2030,sc01,11-26 17:00:00+01:00,123_STEAM_3,1.0
2030,sc01,11-26 17:00:00+01:00,113_CT_1,0.0
2030,sc01,11-26 17:00:00+01:00,123_CT_1,0.0
2030,sc01,11-26 17:00:00+01:00,121_NUCLEAR_1,1.0
2030,sc01,11-26 17:00:00+01:00,102_STEAM_4,0.0
2030,sc01,11-26 17:00:00+01:00,115_STEAM_2,0.0
2030,sc01,11-26 17:00:00+01:00,115_STEAM_1,0.0
2030,sc01,11-26 17:00:00+01:00,101_CT_1,0.0
2030,sc01,11-26 17:00:00+01:00,102_CT_2,0.0
2030,sc01,11-26 17:00:00+01:00,102_STEAM_3,0.0
2030,sc01,11-26 17:00:00+01:00,123_CT_4,0.0
2030,sc01,11-26 17:00:00+01:00,123_STEAM_2,1.0
2030,sc01,11-26 17:00:00+01:00,113_CT_3,0.0
2030,sc01,11-26 17:00:00+01:00,118_CC_1,1.0
2030,sc01,11-26 17:00:00+01:00,123_CT_5,0.0
2030,sc01,11-26 17:00:00+01:00,113_CT_2,0.0
2030,sc01,11-26 17:00:00+01:00,101_STEAM_3,0.0
2030,sc01,12-01 20:00:00+01:00,115_STEAM_3,1.0
2030,sc01,12-01 20:00:00+01:00,116_STEAM_1,0.0
2030,sc01,12-01 20:00:00+01:00,102_CT_1,0.0
2030,sc01,12-01 20:00:00+01:00,107_CC_1,1.0
2030,sc01,12-01 20:00:00+01:00,101_STEAM_4,0.0
2030,sc01,12-01 20:00:00+01:00,113_CT_4,0.0
2030,sc01,12-01 20:00:00+01:00,101_CT_2,0.0
2030,sc01,12-01 20:00:00+01:00,123_STEAM_3,1.0
2030,sc01,12-01 20:00:00+01:00,113_CT_1,0.0
2030,sc01,12-01 20:00:00+01:00,123_CT_1,0.0
2030,sc01,12-01 20:00:00+01:00,121_NUCLEAR_1,1.0
2030,sc01,12-01 20:00:00+01:00,102_STEAM_4,0.0
2030,sc01,12-01 20:00:00+01:00,115_STEAM_2,0.0
2030,sc01,12-01 20:00:00+01:00,115_STEAM_1,0.0
2030,sc01,12-01 20:00:00+01:00,101_CT_1,0.0
2030,sc01,12-01 20:00:00+01:00,102_CT_2,0.0
2030,sc01,12-01 20:00:00+01:00,102_STEAM_3,0.0
2030,sc01,12-01 20:00:00+01:00,123_CT_4,0.0
2030,sc01,12-01 20:00:00+01:00,123_STEAM_2,1.0
2030,sc01,12-01 20:00:00+01:00,113_CT_3,0.0
2030,sc01,12-01 20:00:00+01:00,118_CC_1,1.0
2030,sc01,12-01 20:00:00+01:00,123_CT_5,0.0
2030,sc01,12-01 20:00:00+01:00,113_CT_2,0.0
2030,sc01,12-01 20:00:00+01:00,101_STEAM_3,0.0
2030,sc01,12-03 15:00:00+01:00,115_STEAM_3,0.0
2030,sc01,12-03 15:00:00+01:00,116_STEAM_1,0.0
2030,sc01,12-03 15:00:00+01:00,102_CT_1,0.0
2030,sc01,12-03 15:00:00+01:00,107_CC_1,1.0
2030,sc01,12-03 15:00:00+01:00,101_STEAM_4,0.0
2030,sc01,12-03 15:00:00+01:00,113_CT_4,0.0
2030,sc01,12-03 15:00:00+01:00,101_CT_2,0.0
2030,sc01,12-03 15:00:00+01:00,123_STEAM_3,0.0
2030,sc01,12-03 15:00:00+01:00,113_CT_1,0.0
2030,sc01,12-03 15:00:00+01:00,123_CT_1,0.0
2030,sc01,12-03 15:00:00+01:00,121_NUCLEAR_1,1.0
2030,sc01,12-03 15:00:00+01:00,102_STEAM_4,0.0
2030,sc01,12-03 15:00:00+01:00,115_STEAM_2,0.0
2030,sc01,12-03 15:00:00+01:00,115_STEAM_1,0.0
2030,sc01,12-03 15:00:00+01:00,101_CT_1,0.0
2030,sc01,12-03 15:00:00+01:00,102_CT_2,0.0
2030,sc01,12-03 15:00:00+01:00,102_STEAM_3,0.0
2030,sc01,12-03 15:00:00+01:00,123_CT_4,0.0
2030,sc01,12-03 15:00:00+01:00,123_STEAM_2,0.0
2030,sc01,12-03 15:00:00+01:00,113_CT_3,0.0
2030,sc01,12-03 15:00:00+01:00,118_CC_1,1.0
2030,sc01,12-03 15:00:00+01:00,123_CT_5,0.0
2030,sc01,12-03 15:00:00+01:00,113_CT_2,0.0
2030,sc01,12-03 15:00:00+01:00,101_STEAM_3,0.0
2030,sc01,12-06 05:00:00+01:00,115_STEAM_3,1.0
2030,sc01,12-06 05:00:00+01:00,116_STEAM_1,0.3001133850806342
2030,sc01,12-06 05:00:00+01:00,102_CT_1,0.0
2030,sc01,12-06 05:00:00+01:00,107_CC_1,1.0
2030,sc01,12-06 05:00:00+01:00,101_STEAM_4,0.0
2030,sc01,12-06 05:00:00+01:00,113_CT_4,0.0
2030,sc01,12-06 05:00:00+01:00,101_CT_2,0.0
2030,sc01,12-06 05:00:00+01:00,123_STEAM_3,1.0
2030,sc01,12-06 05:00:00+01:00,113_CT_1,0.0
2030,sc01,12-06 05:00:00+01:00,123_CT_1,0.0
2030,sc01,12-06 05:00:00+01:00,121_NUCLEAR_1,1.0
2030,sc01,12-06 05:00:00+01:00,102_STEAM_4,0.0
2030,sc01,12-06 05:00:00+01:00,115_STEAM_2,0.0
2030,sc01,12-06 05:00:00+01:00,115_STEAM_1,0.0
2030,sc01,12-06 05:00:00+01:00,101_CT_1,0.0
2030,sc01,12-06 05:00:00+01:00,102_CT_2,0.0
2030,sc01,12-06 05:00:00+01:00,102_STEAM_3,0.0
2030,sc01,12-06 05:00:00+01:00,123_CT_4,0.0
2030,sc01,12-06 05:00:00+01:00,123_STEAM_2,1.0
2030,sc01,12-06 05:00:00+01:00,113_CT_3,0.0
2030,sc01,12-06 05:00:00+01:00,118_CC_1,1.0
2030,sc01,12-06 05:00:00+01:00,123_CT_5,0.0
2030,sc01,12-06 05:00:00+01:00,113_CT_2,0.0
2030,sc01,12-06 05:00:00+01:00,101_STEAM_3,0.0
2030,sc01,12-06 07:00:00+01:00,115_STEAM_3,0.0
2030,sc01,12-06 07:00:00+01:00,116_STEAM_1,0.0
2030,sc01,12-06 07:00:00+01:00,102_CT_1,0.0
2030,sc01,12-06 07:00:00+01:00,107_CC_1,0.0
2030,sc01,12-06 07:00:00+01:00,101_STEAM_4,0.0
2030,sc01,12-06 07:00:00+01:00,113_CT_4,0.0
2030,sc01,12-06 07:00:00+01:00,101_CT_2,0.0
2030,sc01,12-06 07:00:00+01:00,123_STEAM_3,0.0
2030,sc01,12-06 07:00:00+01:00,113_CT_1,0.0
2030,sc01,12-06 07:00:00+01:00,123_CT_1,0.0
2030,sc01,12-06 07:00:00+01:00,121_NUCLEAR_1,0.9529585408631791
2030,sc01,12-06 07:00:00+01:00,102_STEAM_4,0.0
2030,sc01,12-06 07:00:00+01:00,115_STEAM_2,0.0
2030,sc01,12-06 07:00:00+01:00,115_STEAM_1,0.0
2030,sc01,12-06 07:00:00+01:00,101_CT_1,0.0
2030,sc01,12-06 07:00:00+01:00,102_CT_2,0.0
2030,sc01,12-06 07:00:00+01:00,102_STEAM_3,0.0
2030,sc01,12-06 07:00:00+01:00,123_CT_4,0.0
2030,sc01,12-06 07:00:00+01:00,123_STEAM_2,0.0
2030,sc01,12-06 07:00:00+01:00,113_CT_3,0.0
2030,sc01,12-06 07:00:00+01:00,118_CC_1,0.0
2030,sc01,12-06 07:00:00+01:00,123_CT_5,0.0
2030,sc01,12-06 07:00:00+01:00,113_CT_2,0.0
2030,sc01,12-06 07:00:00+01:00,101_STEAM_3,0.0
2030,sc01,12-15 02:00:00+01:00,115_STEAM_3,0.0
2030,sc01,12-15 02:00:00+01:00,116_STEAM_1,0.0
2030,sc01,12-15 02:00:00+01:00,102_CT_1,0.0
2030,sc01,12-15 02:00:00+01:00,107_CC_1,0.004417615646711055
2030,sc01,12-15 02:00:00+01:00,101_STEAM_4,0.0
2030,sc01,12-15 02:00:00+01:00,113_CT_4,0.0
2030,sc01,12-15 02:00:00+01:00,101_CT_2,0.0
2030,sc01,12-15 02:00:00+01:00,123_STEAM_3,0.0
2030,sc01,12-15 02:00:00+01:00,113_CT_1,0.0
2030,sc01,12-15 02:00:00+01:00,123_CT_1,0.0
2030,sc01,12-15 02:00:00+01:00,121_NUCLEAR_1,0.0
2030,sc01,12-15 02:00:00+01:00,102_STEAM_4,0.0
2030,sc01,12-15 02:00:00+01:00,115_STEAM_2,0.0
2030,sc01,12-15 02:00:00+01:00,115_STEAM_1,0.0
2030,sc01,12-15 02:00:00+01:00,101_CT_1,0.0
2030,sc01,12-15 02:00:00+01:00,102_CT_2,0.0
2030,sc01,12-15 02:00:00+01:00,102_STEAM_3,0.0
2030,sc01,12-15 02:00:00+01:00,123_CT_4,0.0
2030,sc01,12-15 02:00:00+01:00,123_STEAM_2,0.0
2030,sc01,12-15 02:00:00+01:00,113_CT_3,0.0
2030,sc01,12-15 02:00:00+01:00,118_CC_1,0.0
2030,sc01,12-15 02:00:00+01:00,123_CT_5,0.0
2030,sc01,12-15 02:00:00+01:00,113_CT_2,0.0
2030,sc01,12-15 02:00:00+01:00,101_STEAM_3,0.0
2030,sc01,12-16 19:00:00+01:00,115_STEAM_3,0.19398573630557336
2030,sc01,12-16 19:00:00+01:00,116_STEAM_1,0.0
2030,sc01,12-16 19:00:00+01:00,102_CT_1,0.0
2030,sc01,12-16 19:00:00+01:00,107_CC_1,1.0
2030,sc01,12-16 19:00:00+01:00,101_STEAM_4,0.0
2030,sc01,12-16 19:00:00+01:00,113_CT_4,0.0
2030,sc01,12-16 19:00:00+01:00,101_CT_2,0.0
2030,sc01,12-16 19:00:00+01:00,123_STEAM_3,0.0
2030,sc01,12-16 19:00:00+01:00,113_CT_1,0.0
2030,sc01,12-16 19:00:00+01:00,123_CT_1,0.0
2030,sc01,12-16 19:00:00+01:00,121_NUCLEAR_1,0.0
2030,sc01,12-16 19:00:00+01:00,102_STEAM_4,0.0
2030,sc01,12-16 19:00:00+01:00,115_STEAM_2,0.0
2030,sc01,12-16 19:00:00+01:00,115_STEAM_1,0.0
2030,sc01,12-16 19:00:00+01:00,101_CT_1,0.0
2030,sc01,12-16 19:00:00+01:00,102_CT_2,0.0
2030,sc01,12-16 19:00:00+01:00,102_STEAM_3,0.0
2030,sc01,12-16 19:00:00+01:00,123_CT_4,0.0
2030,sc01,12-16 19:00:00+01:00,123_STEAM_2,0.0
2030,sc01,12-16 19:00:00+01:00,113_CT_3,0.0
2030,sc01,12-16 19:00:00+01:00,118_CC_1,0.0
2030,sc01,12-16 19:00:00+01:00,123_CT_5,0.0
2030,sc01,12-16 19:00:00+01:00,113_CT_2,0.0
2030,sc01,12-16 19:00:00+01:00,101_STEAM_3,0.0
2030,sc01,12-20 21:00:00+01:00,115_STEAM_3,0.0
2030,sc01,12-20 21:00:00+01:00,116_STEAM_1,0.0
2030,sc01,12-20 21:00:00+01:00,102_CT_1,0.0
2030,sc01,12-20 21:00:00+01:00,107_CC_1,1.0
2030,sc01,12-20 21:00:00+01:00,101_STEAM_4,0.0
2030,sc01,12-20 21:00:00+01:00,113_CT_4,0.0
2030,sc01,12-20 21:00:00+01:00,101_CT_2,0.0
2030,sc01,12-20 21:00:00+01:00,123_STEAM_3,0.0
2030,sc01,12-20 21:00:00+01:00,113_CT_1,0.0
2030,sc01,12-20 21:00:00+01:00,123_CT_1,0.0
2030,sc01,12-20 21:00:00+01:00,121_NUCLEAR_1,1.0
2030,sc01,12-20 21:00:00+01:00,102_STEAM_4,0.0
2030,sc01,12-20 21:00:00+01:00,115_STEAM_2,0.0
2030,sc01,12-20 21:00:00+01:00,115_STEAM_1,0.0
2030,sc01,12-20 21:00:00+01:00,101_CT_1,0.0
2030,sc01,12-20 21:00:00+01:00,102_CT_2,0.0
2030,sc01,12-20 21:00:00+01:00,102_STEAM_3,0.0
2030,sc01,12-20 21:00:00+01:00,123_CT_4,0.0
2030,sc01,12-20 21:00:00+01:00,123_STEAM_2,1.0
2030,sc01,12-20 21:00:00+01:00,113_CT_3,0.0
2030,sc01,12-20 21:00:00+01:00,118_CC_1,1.0
2030,sc01,12-20 21:00:00+01:00,123_CT_5,0.0
2030,sc01,12-20 21:00:00+01:00,113_CT_2,0.0
2030,sc01,12-20 21:00:00+01:00,101_STEAM_3,0.0
2030,sc01,12-22 01:00:00+01:00,115_STEAM_3,0.0
2030,sc01,12-22 01:00:00+01:00,116_STEAM_1,0.0
2030,sc01,12-22 01:00:00+01:00,102_CT_1,0.0
2030,sc01,12-22 01:00:00+01:00,107_CC_1,1.0
2030,sc01,12-22 01:00:00+01:00,101_STEAM_4,0.0
2030,sc01,12-22 01:00:00+01:00,113_CT_4,0.0
2030,sc01,12-22 01:00:00+01:00,101_CT_2,0.0
2030,sc01,12-22 01:00:00+01:00,123_STEAM_3,0.0
2030,sc01,12-22 01:00:00+01:00,113_CT_1,0.0
2030,sc01,12-22 01:00:00+01:00,123_CT_1,0.0
2030,sc01,12-22 01:00:00+01:00,121_NUCLEAR_1,1.0
2030,sc01,12-22 01:00:00+01:00,102_STEAM_4,0.0
2030,sc01,12-22 01:00:00+01:00,115_STEAM_2,0.0
2030,sc01,12-22 01:00:00+01:00,115_STEAM_1,0.0
2030,sc01,12-22 01:00:00+01:00,101_CT_1,0.0
2030,sc01,12-22 01:00:00+01:00,102_CT_2,0.0
2030,sc01,12-22 01:00:00+01:00,102_STEAM_3,0.0
2030,sc01,12-22 01:00:00+01:00,123_CT_4,0.0
2030,sc01,12-22 01:00:00+01:00,123_STEAM_2,0.0
2030,sc01,12-22 01:00:00+01:00,113_CT_3,0.0
2030,sc01,12-22 01:00:00+01:00,118_CC_1,1.0
2030,sc01,12-22 01:00:00+01:00,123_CT_5,0.0
2030,sc01,12-22 01:00:00+01:00,113_CT_2,0.0
2030,sc01,12-22 01:00:00+01:00,101_STEAM_3,0.0
2030,sc01,12-22 06:00:00+01:00,115_STEAM_3,1.0
2030,sc01,12-22 06:00:00+01:00,116_STEAM_1,0.8870967741935484
2030,sc01,12-22 06:00:00+01:00,102_CT_1,0.0
2030,sc01,12-22 06:00:00+01:00,107_CC_1,1.0
2030,sc01,12-22 06:00:00+01:00,101_STEAM_4,0.0
2030,sc01,12-22 06:00:00+01:00,113_CT_4,0.0
2030,sc01,12-22 06:00:00+01:00,101_CT_2,0.0
2030,sc01,12-22 06:00:00+01:00,123_STEAM_3,1.0
2030,sc01,12-22 06:00:00+01:00,113_CT_1,0.0
2030,sc01,12-22 06:00:00+01:00,123_CT_1,0.0
2030,sc01,12-22 06:00:00+01:00,121_NUCLEAR_1,1.0
2030,sc01,12-22 06:00:00+01:00,102_STEAM_4,0.0
2030,sc01,12-22 06:00:00+01:00,115_STEAM_2,0.0
2030,sc01,12-22 06:00:00+01:00,115_STEAM_1,0.0
2030,sc01,12-22 06:00:00+01:00,101_CT_1,0.0
2030,sc01,12-22 06:00:00+01:00,102_CT_2,0.0
2030,sc01,12-22 06:00:00+01:00,102_STEAM_3,0.0
2030,sc01,12-22 06:00:00+01:00,123_CT_4,0.0
2030,sc01,12-22 06:00:00+01:00,123_STEAM_2,1.0
2030,sc01,12-22 06:00:00+01:00,113_CT_3,0.0
2030,sc01,12-22 06:00:00+01:00,118_CC_1,1.0
2030,sc01,12-22 06:00:00+01:00,123_CT_5,0.0
2030,sc01,12-22 06:00:00+01:00,113_CT_2,0.0
2030,sc01,12-22 06:00:00+01:00,101_STEAM_3,0.0
2030,sc01,12-22 19:00:00+01:00,115_STEAM_3,1.0
2030,sc01,12-22 19:00:00+01:00,116_STEAM_1,0.0
2030,sc01,12-22 19:00:00+01:00,102_CT_1,0.0
2030,sc01,12-22 19:00:00+01:00,107_CC_1,1.0
2030,sc01,12-22 19:00:00+01:00,101_STEAM_4,0.0
2030,sc01,12-22 19:00:00+01:00,113_CT_4,0.0
2030,sc01,12-22 19:00:00+01:00,101_CT_2,0.0
2030,sc01,12-22 19:00:00+01:00,123_STEAM_3,0.0
2030,sc01,12-22 19:00:00+01:00,113_CT_1,0.0
2030,sc01,12-22 19:00:00+01:00,123_CT_1,0.0
2030,sc01,12-22 19:00:00+01:00,121_NUCLEAR_1,0.7179753743081676
2030,sc01,12-22 19:00:00+01:00,102_STEAM_4,0.0
2030,sc01,12-22 19:00:00+01:00,115_STEAM_2,0.0
2030,sc01,12-22 19:00:00+01:00,115_STEAM_1,0.0
2030,sc01,12-22 19:00:00+01:00,101_CT_1,0.0
2030,sc01,12-22 19:00:00+01:00,102_CT_2,0.0
2030,sc01,12-22 19:00:00+01:00,102_STEAM_3,0.0
2030,sc01,12-22 19:00:00+01:00,123_CT_4,0.0
2030,sc01,12-22 19:00:00+01:00,123_STEAM_2,0.0
2030,sc01,12-22 19:00:00+01:00,113_CT_3,0.0
2030,sc01,12-22 19:00:00+01:00,118_CC_1,0.0
2030,sc01,12-22 19:00:00+01:00,123_CT_5,0.0
2030,sc01,12-22 19:00:00+01:00,113_CT_2,0.0
2030,sc01,12-22 19:00:00+01:00,101_STEAM_3,0.6284999322464214
2030,sc01,12-23 19:00:00+01:00,115_STEAM_3,1.0
2030,sc01,12-23 19:00:00+01:00,116_STEAM_1,0.0
2030,sc01,12-23 19:00:00+01:00,102_CT_1,0.0
2030,sc01,12-23 19:00:00+01:00,107_CC_1,1.0
2030,sc01,12-23 19:00:00+01:00,101_STEAM_4,0.0
2030,sc01,12-23 19:00:00+01:00,113_CT_4,0.0
2030,sc01,12-23 19:00:00+01:00,101_CT_2,0.0
2030,sc01,12-23 19:00:00+01:00,123_STEAM_3,1.0
2030,sc01,12-23 19:00:00+01:00,113_CT_1,0.0
2030,sc01,12-23 19:00:00+01:00,123_CT_1,0.0
2030,sc01,12-23 19:00:00+01:00,121_NUCLEAR_1,1.0
2030,sc01,12-23 19:00:00+01:00,102_STEAM_4,0.0
2030,sc01,12-23 19:00:00+01:00,115_STEAM_2,0.0
2030,sc01,12-23 19:00:00+01:00,115_STEAM_1,0.0
2030,sc01,12-23 19:00:00+01:00,101_CT_1,0.0
2030,sc01,12-23 19:00:00+01:00,102_CT_2,0.0
2030,sc01,12-23 19:00:00+01:00,102_STEAM_3,0.0
2030,sc01,12-23 19:00:00+01:00,123_CT_4,0.0
2030,sc01,12-23 19:00:00+01:00,123_STEAM_2,1.0
2030,sc01,12-23 19:00:00+01:00,113_CT_3,0.0
2030,sc01,12-23 19:00:00+01:00,118_CC_1,1.0
2030,sc01,12-23 19:00:00+01:00,123_CT_5,0.0
2030,sc01,12-23 19:00:00+01:00,113_CT_2,0.0
2030,sc01,12-23 19:00:00+01:00,101_STEAM_3,0.0
2030,sc01,12-24 00:00:00+01:00,115_STEAM_3,1.0
2030,sc01,12-24 00:00:00+01:00,116_STEAM_1,0.0
2030,sc01,12-24 00:00:00+01:00,102_CT_1,0.0
2030,sc01,12-24 00:00:00+01:00,107_CC_1,1.0
2030,sc01,12-24 00:00:00+01:00,101_STEAM_4,0.0
2030,sc01,12-24 00:00:00+01:00,113_CT_4,0.0
2030,sc01,12-24 00:00:00+01:00,101_CT_2,0.0
2030,sc01,12-24 00:00:00+01:00,123_STEAM_3,1.0
2030,sc01,12-24 00:00:00+01:00,113_CT_1,0.0
2030,sc01,12-24 00:00:00+01:00,123_CT_1,0.0
2030,sc01,12-24 00:00:00+01:00,121_NUCLEAR_1,1.0
2030,sc01,12-24 00:00:00+01:00,102_STEAM_4,0.0
2030,sc01,12-24 00:00:00+01:00,115_STEAM_2,0.0
2030,sc01,12-24 00:00:00+01:00,115_STEAM_1,0.0
2030,sc01,12-24 00:00:00+01:00,101_CT_1,0.0
2030,sc01,12-24 00:00:00+01:00,102_CT_2,0.0
2030,sc01,12-24 00:00:00+01:00,102_STEAM_3,0.0
2030,sc01,12-24 00:00:00+01:00,123_CT_4,0.0
2030,sc01,12-24 00:00:00+01:00,123_STEAM_2,1.0
2030,sc01,12-24 00:00:00+01:00,113_CT_3,0.0
2030,sc01,12-24 00:00:00+01:00,118_CC_1,1.0
2030,sc01,12-24 00:00:00+01:00,123_CT_5,0.0
2030,sc01,12-24 00:00:00+01:00,113_CT_2,0.0
2030,sc01,12-24 00:00:00+01:00,101_STEAM_3,0.0
2030,sc01,12-24 03:00:00+01:00,115_STEAM_3,1.0
2030,sc01,12-24 03:00:00+01:00,116_STEAM_1,0.0
2030,sc01,12-24 03:00:00+01:00,102_CT_1,0.0
2030,sc01,12-24 03:00:00+01:00,107_CC_1,1.0
2030,sc01,12-24 03:00:00+01:00,101_STEAM_4,0.0
2030,sc01,12-24 03:00:00+01:00,113_CT_4,0.0
2030,sc01,12-24 03:00:00+01:00,101_CT_2,0.0
2030,sc01,12-24 03:00:00+01:00,123_STEAM_3,1.0
2030,sc01,12-24 03:00:00+01:00,113_CT_1,0.0
2030,sc01,12-24 03:00:00+01:00,123_CT_1,0.0
2030,sc01,12-24 03:00:00+01:00,121_NUCLEAR_1,1.0
2030,sc01,12-24 03:00:00+01:00,102_STEAM_4,0.0
2030,sc01,12-24 03:00:00+01:00,115_STEAM_2,0.0
2030,sc01,12-24 03:00:00+01:00,115_STEAM_1,0.0
2030,sc01,12-24 03:00:00+01:00,101_CT_1,0.0
2030,sc01,12-24 03:00:00+01:00,102_CT_2,0.0
2030,sc01,12-24 03:00:00+01:00,102_STEAM_3,0.0
2030,sc01,12-24 03:00:00+01:00,123_CT_4,0.0
2030,sc01,12-24 03:00:00+01:00,123_STEAM_2,1.0
2030,sc01,12-24 03:00:00+01:00,113_CT_3,0.0
2030,sc01,12-24 03:00:00+01:00,118_CC_1,1.0
2030,sc01,12-24 03:00:00+01:00,123_CT_5,0.0
2030,sc01,12-24 03:00:00+01:00,113_CT_2,0.0
2030,sc01,12-24 03:00:00+01:00,101_STEAM_3,0.0
2030,sc01,12-26 10:00:00+01:00,115_STEAM_3,0.0
2030,sc01,12-26 10:00:00+01:00,116_STEAM_1,0.0
2030,sc01,12-26 10:00:00+01:00,102_CT_1,0.0
2030,sc01,12-26 10:00:00+01:00,107_CC_1,0.0
2030,sc01,12-26 10:00:00+01:00,101_STEAM_4,0.0
2030,sc01,12-26 10:00:00+01:00,113_CT_4,0.0
2030,sc01,12-26 10:00:00+01:00,101_CT_2,0.0
2030,sc01,12-26 10:00:00+01:00,123_STEAM_3,0.0
2030,sc01,12-26 10:00:00+01:00,113_CT_1,0.0
2030,sc01,12-26 10:00:00+01:00,123_CT_1,0.0
2030,sc01,12-26 10:00:00+01:00,121_NUCLEAR_1,0.04541939818641597
2030,sc01,12-26 10:00:00+01:00,102_STEAM_4,0.0
2030,sc01,12-26 10:00:00+01:00,115_STEAM_2,0.0
2030,sc01,12-26 10:00:00+01:00,115_STEAM_1,0.0
2030,sc01,12-26 10:00:00+01:00,101_CT_1,0.0
2030,sc01,12-26 10:00:00+01:00,102_CT_2,0.0
2030,sc01,12-26 10:00:00+01:00,102_STEAM_3,0.0
2030,sc01,12-26 10:00:00+01:00,123_CT_4,0.0
2030,sc01,12-26 10:00:00+01:00,123_STEAM_2,0.0
2030,sc01,12-26 10:00:00+01:00,113_CT_3,0.0
2030,sc01,12-26 10:00:00+01:00,118_CC_1,0.0
2030,sc01,12-26 10:00:00+01:00,123_CT_5,0.0
2030,sc01,12-26 10:00:00+01:00,113_CT_2,0.0
2030,sc01,12-26 10:00:00+01:00,101_STEAM_3,0.0
