,Model_type,Dor,Relu_out,Batch_size,Lr,Lri,Lrs,Lrg,Epochs,Min_val,Nb_hours_used,Sel_method,Norm_method,Tr_l,Te_l,V_l,Tr_l_mse,Te_l_mse,V_l_mse,Tr_l_mae,Te_l_mae,Te_l_mae_man,V_l_mae,fy_l,fy_l_mse,fy_l_mae,fy_l_mae_man,Train_time,Eval_time,alpha,beta,MAE,Test size,Val size
0,"(3, 1)",0,False,128,"(0.01, 32, 1)",0.01,32,1.0,32,min_val,24,Days,min-max,9.038652944564614e-06,1.6705273982719528e-05,1.838862164808733e-05,9.038652944564614e-06,1.6705273982719528e-05,1.838862164808733e-05,0.0022711419304034435,0.0026095113419986695,0.00260951134199867,0.002563524694916776,0.0002805918504255072,0.0002805918504255072,0.008744365312044282,0.008744365312044283,1.4240453829988837,0.006495827808976173,0,1,False,0.25,0.3333333333333333
1,"(3, 1)",0,False,128,"(0.01, 32, 1)",0.01,32,1.0,32,all_epochs,24,Days,min-max,7.5241097967562785e-06,1.6907601843276942e-05,1.8816913967657894e-05,7.5241097967562785e-06,1.6907601843276942e-05,1.8816913967657894e-05,0.0017674524778725298,0.0026960050540606557,0.0026960050540606557,0.002612470580143355,0.00028219641404623807,0.00028219641404623807,0.008542113899216228,0.00854211389921623,1.4240453829988837,0.00584753998555243,0,1,False,0.25,0.3333333333333333
2,"(3, 1)",0,False,128,"(0.01, 32, 1)",0.01,32,1.0,64,min_val,24,Days,min-max,7.4172782640734725e-06,1.2852251144853112e-05,1.6319950424956453e-05,7.4172782640734725e-06,1.2852251144853112e-05,1.6319950424956453e-05,0.0017050967857873834,0.0019860473348238014,0.0019860473348238014,0.0021583484152204527,0.0002318909153656966,0.0002318909153656966,0.007354406850432205,0.007354406850432204,2.5771037328522652,0.0049913020338863134,0,1,False,0.25,0.3333333333333333
3,"(3, 1)",0,False,128,"(0.01, 32, 1)",0.01,32,1.0,64,all_epochs,24,Days,min-max,7.4172782640734725e-06,1.2852251144853112e-05,1.6319950424956453e-05,7.4172782640734725e-06,1.2852251144853112e-05,1.6319950424956453e-05,0.0017050967857873834,0.0019860473348238014,0.0019860473348238014,0.0021583484152204527,0.0002318909153656966,0.0002318909153656966,0.007354406850432205,0.007354406850432204,2.5771037328522652,0.005963623058050871,0,1,False,0.25,0.3333333333333333
4,"(3, 1)",0,False,128,"(0.01, 32, 1)",0.01,32,1.0,128,min_val,24,Days,min-max,4.774830719640472e-07,1.3401526082803725e-06,2.7648760239321656e-06,4.774830719640472e-07,1.3401526082803725e-06,2.7648760239321656e-06,0.000492644711387666,0.000781222859993762,0.000781222859993762,0.001003646256022076,0.00022227846823239309,0.00022227846823239309,0.007076114578751673,0.007076114578751674,5.2349559320136905,0.005553934024646878,0,1,False,0.25,0.3333333333333333
5,"(3, 1)",0,False,128,"(0.01, 32, 1)",0.01,32,1.0,128,all_epochs,24,Days,min-max,5.905860223878689e-06,7.441175799975404e-06,9.500837423100318e-06,5.905860223878689e-06,7.441175799975404e-06,9.500837423100318e-06,0.002048460922830804,0.0019959621206957906,0.00199596212069579,0.002404676070657424,0.0002407653732580667,0.0002407653732580667,0.007964392770072097,0.007964392770072095,5.2349559320136905,0.005601861979812384,0,1,False,0.25,0.3333333333333333
6,"(3, 1)",0,False,128,"(0.01, 32, 0.25)",0.01,32,0.25,32,min_val,24,Days,min-max,7.817303841031262e-06,2.0059215234590203e-05,2.0285112248705078e-05,7.817303841031262e-06,2.0059215234590203e-05,2.0285112248705078e-05,0.0018566109792594774,0.003295146586913196,0.0032951465869131965,0.0029870335983060844,0.00029616952519114794,0.00029616952519114794,0.008788702617654444,0.008788702617654446,1.3067318960092962,0.00485700205899775,0,1,False,0.25,0.3333333333333333
7,"(3, 1)",0,False,128,"(0.01, 32, 0.25)",0.01,32,0.25,32,all_epochs,24,Days,min-max,7.817303841031262e-06,2.0059215234590203e-05,2.0285112248705078e-05,7.817303841031262e-06,2.0059215234590203e-05,2.0285112248705078e-05,0.0018566109792594774,0.003295146586913196,0.0032951465869131965,0.0029870335983060844,0.00029616952519114794,0.00029616952519114794,0.008788702617654444,0.008788702617654446,1.3067318960092962,0.005492339842021465,0,1,False,0.25,0.3333333333333333
8,"(3, 1)",0,False,128,"(0.01, 32, 0.25)",0.01,32,0.25,64,min_val,24,Days,min-max,6.4095154472167354e-06,4.401364748534117e-06,1.3427870556627458e-05,6.4095154472167354e-06,4.401364748534117e-06,1.3427870556627458e-05,0.0014362644711706607,0.0011830376397786758,0.0011830376397786758,0.001943559951740086,0.00024943230300725406,0.00024943230300725406,0.007931871440055081,0.007931871440055081,2.5872377899941057,0.005056973081082106,0,1,False,0.25,0.3333333333333333
9,"(3, 1)",0,False,128,"(0.01, 32, 0.25)",0.01,32,0.25,64,all_epochs,24,Days,min-max,5.605705603746106e-06,5.546767502792173e-06,1.4659604171141454e-05,5.605705603746106e-06,5.546767502792173e-06,1.4659604171141454e-05,0.0013709182775664783,0.0013439988136261483,0.0013439988136261483,0.001913997341264942,0.0002506723789171218,0.0002506723789171218,0.007997581990292225,0.007997581990292227,2.5872377899941057,0.005657325964421034,0,1,False,0.25,0.3333333333333333
10,"(3, 1)",0,False,128,"(0.01, 32, 0.25)",0.01,32,0.25,128,min_val,24,Days,min-max,2.2529641466740875e-06,3.541602887302121e-05,8.642303024717509e-06,2.2529641466740875e-06,3.541602887302121e-05,8.642303024717509e-06,0.0010084492142865705,0.003364749789015979,0.003364749789015979,0.0019196258490751128,0.00024602549637636745,0.00024602549637636745,0.008318292058990113,0.00831829205899012,5.267853067955002,0.005000927019864321,0,1,False,0.25,0.3333333333333333
11,"(3, 1)",0,False,128,"(0.01, 32, 0.25)",0.01,32,0.25,128,all_epochs,24,Days,min-max,1.9617560033065406e-06,3.696245034685444e-05,8.57779943976615e-06,1.9617560033065406e-06,3.696245034685444e-05,8.57779943976615e-06,0.0009501675557531174,0.003380621502973243,0.003380621502973243,0.0019202403892281034,0.00024069347873792728,0.00024069347873792728,0.008221768391345564,0.008221768391345564,5.267853067955002,0.005468945950269699,0,1,False,0.25,0.3333333333333333
12,"(3, 1)",0,False,128,"(0.0025, 32, 1)",0.0025,32,1.0,32,min_val,24,Days,min-max,7.388986498816115e-06,2.377577099642032e-05,1.867375481060742e-05,7.388986498816115e-06,2.377577099642032e-05,1.867375481060742e-05,0.0019312001176669494,0.003453510202085601,0.003453510202085601,0.002665320065450091,0.00023412234050271128,0.00023412234050271128,0.007573770231339105,0.0075737702313391055,1.3091574711725116,0.005264647072181106,0,1,False,0.25,0.3333333333333333
13,"(3, 1)",0,False,128,"(0.0025, 32, 1)",0.0025,32,1.0,32,all_epochs,24,Days,min-max,7.388986498816115e-06,2.377577099642032e-05,1.867375481060742e-05,7.388986498816115e-06,2.377577099642032e-05,1.867375481060742e-05,0.0019312001176669494,0.003453510202085601,0.003453510202085601,0.002665320065450091,0.00023412234050271128,0.00023412234050271128,0.007573770231339105,0.0075737702313391055,1.3091574711725116,0.005463235080242157,0,1,False,0.25,0.3333333333333333
14,"(3, 1)",0,False,128,"(0.0025, 32, 1)",0.0025,32,1.0,64,min_val,24,Days,min-max,7.683158721723287e-06,1.046377221176319e-05,1.4168499250760647e-05,7.683158721723287e-06,1.046377221176319e-05,1.4168499250760647e-05,0.0019473523771250314,0.0018657093887546933,0.001865709388754693,0.002067955472516671,0.00020145238888955353,0.00020145238888955353,0.006598027118384386,0.006598027118384387,2.5957649589981884,0.004825399024412036,0,1,False,0.25,0.3333333333333333
15,"(3, 1)",0,False,128,"(0.0025, 32, 1)",0.0025,32,1.0,64,all_epochs,24,Days,min-max,6.771832574794785e-06,1.2200100139186263e-05,1.5644619539540917e-05,6.771832574794785e-06,1.2200100139186263e-05,1.5644619539540917e-05,0.0016240854171426368,0.0018051329566899476,0.0018051329566899476,0.0019902369705205513,0.00020997198639009174,0.00020997198639009174,0.0065914765599129,0.0065914765599129005,2.5957649589981884,0.005439209984615445,0,1,False,0.25,0.3333333333333333
16,"(3, 1)",0,False,128,"(0.0025, 32, 1)",0.0025,32,1.0,128,min_val,24,Days,min-max,1.7435461563932772e-07,5.168278847130613e-06,1.078408458973251e-06,1.7435461563932772e-07,5.168278847130613e-06,1.078408458973251e-06,0.00025416879127379755,0.0010963823055299853,0.0010963823055299853,0.0005825136680542626,0.00021541300073546577,0.00021541300073546577,0.007381799012277284,0.007381799012277287,5.245220177806914,0.004931295057758689,0,1,False,0.25,0.3333333333333333
17,"(3, 1)",0,False,128,"(0.0025, 32, 1)",0.0025,32,1.0,128,all_epochs,24,Days,min-max,1.4278830438063584e-07,6.124784765180622e-06,1.3680834099191865e-06,1.4278830438063584e-07,6.124784765180622e-06,1.3680834099191865e-06,0.00025564748646948656,0.0012289485201809303,0.0012289485201809303,0.0006973772851160895,0.00022683050892908607,0.00022683050892908607,0.008023288270178725,0.008023288270178725,5.245220177806914,0.005545671097934246,0,1,False,0.25,0.3333333333333333
18,"(3, 1)",0,False,128,"(0.0025, 32, 0.25)",0.0025,32,0.25,32,min_val,24,Days,min-max,1.9923142206576754e-05,3.689186537893649e-05,3.662041856900277e-05,1.9923142206576754e-05,3.689186537893649e-05,3.662041856900277e-05,0.003391212970570616,0.004750270709813537,0.004750270709813536,0.004705761938574176,0.00037066130414537457,0.00037066130414537457,0.01070993051011579,0.01070993051011579,1.3153264820575714,0.005166448885574937,0,1,False,0.25,0.3333333333333333
19,"(3, 1)",0,False,128,"(0.0025, 32, 0.25)",0.0025,32,0.25,32,all_epochs,24,Days,min-max,1.9923142206576754e-05,3.689186537893649e-05,3.662041856900277e-05,1.9923142206576754e-05,3.689186537893649e-05,3.662041856900277e-05,0.003391212970570616,0.004750270709813537,0.004750270709813536,0.004705761938574176,0.00037066130414537457,0.00037066130414537457,0.01070993051011579,0.01070993051011579,1.3153264820575714,0.005543507169932127,0,1,False,0.25,0.3333333333333333
20,"(3, 1)",0,False,128,"(0.0025, 32, 0.25)",0.0025,32,0.25,64,min_val,24,Days,min-max,3.998422912740332e-06,7.077044126186891e-06,8.162631556337203e-06,3.998422912740332e-06,7.077044126186891e-06,8.162631556337203e-06,0.0012996421116593106,0.0015477584399727754,0.0015477584399727748,0.0013317426724604802,0.00019247857937276685,0.00019247857937276685,0.006532894080321059,0.006532894080321057,2.526984032941982,0.005848682019859552,0,1,False,0.25,0.3333333333333333
21,"(3, 1)",0,False,128,"(0.0025, 32, 0.25)",0.0025,32,0.25,64,all_epochs,24,Days,min-max,3.998422912740332e-06,7.077044126186891e-06,8.162631556337203e-06,3.998422912740332e-06,7.077044126186891e-06,8.162631556337203e-06,0.0012996421116593106,0.0015477584399727754,0.0015477584399727748,0.0013317426724604802,0.00019247857937276685,0.00019247857937276685,0.006532894080321059,0.006532894080321057,2.526984032941982,0.005112709943205118,0,1,False,0.25,0.3333333333333333
22,"(3, 1)",0,False,128,"(0.0025, 32, 0.25)",0.0025,32,0.25,128,min_val,24,Days,min-max,3.560231419578817e-06,7.491591757571071e-06,8.784922619248401e-06,3.560231419578817e-06,7.491591757571071e-06,8.784922619248401e-06,0.0011931014726154969,0.0015181840780858537,0.0015181840780858537,0.0014356427910824354,0.00020595732278905869,0.00020595732278905869,0.007426954508463518,0.007426954508463519,4.036468394100666,0.007251713890582323,0,1,False,0.25,0.3333333333333333
23,"(3, 1)",0,False,128,"(0.0025, 32, 0.25)",0.0025,32,0.25,128,all_epochs,24,Days,min-max,3.555642688690366e-06,7.171443578530635e-06,8.571158811472195e-06,3.555642688690366e-06,7.171443578530635e-06,8.571158811472195e-06,0.001204567830054951,0.0015094136154028659,0.0015094136154028659,0.0014291024948444066,0.00020510642118286998,0.00020510642118286998,0.0073913393090482,0.007391339309048197,4.036468394100666,0.006092296913266182,0,1,False,0.25,0.3333333333333333
24,"(3, 1)",0,False,128,"(0.01, 32, 1)",0.01,32,1.0,32,min_val,24,Hours,min-max,1.782609791109635e-05,6.671759405589793e-05,7.086214708665037e-05,1.782609791109635e-05,6.671759405589793e-05,7.086214708665037e-05,0.0035197116269927225,0.006310957048518215,0.006310957048518215,0.006614192104673205,0.0001475453431966361,0.0001475453431966361,0.006946649483768611,0.006946649483768611,0.9953151890076697,0.00581960822455585,0,1,False,0.25,0.3333333333333333
25,"(3, 1)",0,False,128,"(0.01, 32, 1)",0.01,32,1.0,32,all_epochs,24,Hours,min-max,2.2481485794552106e-06,3.954767921142271e-05,8.96066916284232e-05,2.2481485794552106e-06,3.954767921142271e-05,8.96066916284232e-05,0.0010052700268585934,0.004099153736881481,0.004099153736881481,0.006920919513059747,0.00011746390144018894,0.00011746390144018894,0.005200824455344023,0.005200824455344025,0.9953151890076697,0.005699608009308577,0,1,False,0.25,0.3333333333333333
26,"(3, 1)",0,False,128,"(0.01, 32, 1)",0.01,32,1.0,64,min_val,24,Hours,min-max,6.438305557942071e-05,4.89712087969124e-05,0.0006017877848296491,6.438305557942071e-05,4.89712087969124e-05,0.0006017877848296491,0.003996832563404922,0.005207084878404441,0.005207084878404441,0.016407871032784873,0.00021565635506401492,0.00021565635506401492,0.007494551081995916,0.007494551081995913,1.9534819310065359,0.006519991904497147,0,1,False,0.25,0.3333333333333333
27,"(3, 1)",0,False,128,"(0.01, 32, 1)",0.01,32,1.0,64,all_epochs,24,Hours,min-max,6.438305557942071e-05,4.89712087969124e-05,0.0006017877848296491,6.438305557942071e-05,4.89712087969124e-05,0.0006017877848296491,0.003996832563404922,0.005207084878404441,0.005207084878404441,0.016407871032784873,0.00021565635506401492,0.00021565635506401492,0.007494551081995916,0.007494551081995913,1.9534819310065359,0.005355812143534422,0,1,False,0.25,0.3333333333333333
28,"(3, 1)",0,False,128,"(0.01, 32, 1)",0.01,32,1.0,128,min_val,24,Hours,min-max,7.027798819231651e-06,5.8813360501940604e-05,8.206489506216567e-05,7.027798819231651e-06,5.8813360501940604e-05,8.206489506216567e-05,0.0020650882622290645,0.005641699556408206,0.005641699556408207,0.006698555161498935,0.00012420737584081836,0.00012420737584081836,0.005852965991006518,0.00585296599100652,3.9835236109793186,0.006846159929409623,0,1,False,0.25,0.3333333333333333
29,"(3, 1)",0,False,128,"(0.01, 32, 1)",0.01,32,1.0,128,all_epochs,24,Hours,min-max,3.9566507330645165e-06,5.922594992206048e-05,0.00010275226988442093,3.9566507330645165e-06,5.922594992206048e-05,0.00010275226988442093,0.0012050043522179286,0.005610739485715845,0.005610739485715845,0.007155180881405658,0.00012364483813586335,0.00012364483813586335,0.005410118758075131,0.005410118758075131,3.9835236109793186,0.0054438181687146425,0,1,False,0.25,0.3333333333333333
30,"(3, 1)",0,False,128,"(0.01, 32, 0.25)",0.01,32,0.25,32,min_val,24,Hours,min-max,5.177854935871797e-06,2.2665843854855646e-05,6.111646276284274e-05,5.177854935871797e-06,2.2665843854855646e-05,6.111646276284274e-05,0.0016632875571337316,0.003297675153342524,0.003297675153342524,0.005677724638232462,0.00010459371773820983,0.00010459371773820983,0.005070451812476548,0.005070451812476548,0.9943082258105278,0.005556314950808883,0,1,False,0.25,0.3333333333333333
31,"(3, 1)",0,False,128,"(0.01, 32, 0.25)",0.01,32,0.25,32,all_epochs,24,Hours,min-max,3.0412528445860355e-06,1.8763695270555138e-05,7.441321542025681e-05,3.0412528445860355e-06,1.8763695270555138e-05,7.441321542025681e-05,0.0013506304423637273,0.003032989259234219,0.0030329892592342194,0.005924950746702415,0.00010081087589126413,0.00010081087589126413,0.004526805834251576,0.004526805834251577,0.9943082258105278,0.005293395137414336,0,1,False,0.25,0.3333333333333333
32,"(3, 1)",0,False,128,"(0.01, 32, 0.25)",0.01,32,0.25,64,min_val,24,Hours,min-max,3.6044767959195535e-06,4.785973139290536e-05,0.00010264529242896747,3.6044767959195535e-06,4.785973139290536e-05,0.00010264529242896747,0.0013959254191004014,0.004450951191630896,0.004450951191630896,0.00741442648410807,0.00013652437638810754,0.00013652437638810754,0.005977138895701814,0.005977138895701816,1.9556802359875292,0.004899559076875448,0,1,False,0.25,0.3333333333333333
33,"(3, 1)",0,False,128,"(0.01, 32, 0.25)",0.01,32,0.25,64,all_epochs,24,Hours,min-max,1.614041850748803e-06,4.315924178092618e-05,0.00010817324075693546,1.614041850748803e-06,4.315924178092618e-05,0.00010817324075693546,0.0007900886752325797,0.003927544066319025,0.003927544066319026,0.0072359997980579426,0.00012666124282708307,0.00012666124282708307,0.005158251728892972,0.005158251728892974,1.9556802359875292,0.006646397057920694,0,1,False,0.25,0.3333333333333333
34,"(3, 1)",0,False,128,"(0.01, 32, 0.25)",0.01,32,0.25,128,min_val,24,Hours,min-max,1.8377134962993146e-06,4.342712066197547e-05,4.5106303355256074e-05,1.8377134962993146e-06,4.342712066197547e-05,4.5106303355256074e-05,0.0007969037268259535,0.003745190553018163,0.0037451905530181636,0.004645626595098656,9.890913723416286e-05,9.890913723416286e-05,0.0044538242956275705,0.0044538242956275705,3.950554308015853,0.005117338849231601,0,1,False,0.25,0.3333333333333333
35,"(3, 1)",0,False,128,"(0.01, 32, 0.25)",0.01,32,0.25,128,all_epochs,24,Hours,min-max,5.972586081158719e-07,4.151674093491343e-05,5.234173976038481e-05,5.972586081158719e-07,4.151674093491343e-05,5.234173976038481e-05,0.00047150927539366116,0.0037285548774935225,0.0037285548774935225,0.004752233826492176,9.014321752400413e-05,9.014321752400413e-05,0.003937127447473078,0.003937127447473078,3.950554308015853,0.005254736868664622,0,1,False,0.25,0.3333333333333333
36,"(3, 1)",0,False,128,"(0.0025, 32, 1)",0.0025,32,1.0,32,min_val,24,Hours,min-max,3.7428971260314793e-06,4.443518928089313e-05,8.721623060373866e-05,3.7428971260314793e-06,4.443518928089313e-05,8.721623060373866e-05,0.001313801909975373,0.004147002314095203,0.004147002314095203,0.006591792285118832,0.0001202755322702716,0.0001202755322702716,0.0051593986220664825,0.00515939862206648,0.9805596799124032,0.004409232875332236,0,1,False,0.25,0.3333333333333333
37,"(3, 1)",0,False,128,"(0.0025, 32, 1)",0.0025,32,1.0,32,all_epochs,24,Hours,min-max,6.873710620754507e-07,3.382758895148772e-05,0.00010309676848799107,6.873710620754507e-07,3.382758895148772e-05,0.00010309676848799107,0.0005480250795909629,0.0032482764115313897,0.0032482764115313897,0.007025831949575807,0.00011254941711336798,0.00011254941711336798,0.004348183559541285,0.004348183559541286,0.9805596799124032,0.005152967059984803,0,1,False,0.25,0.3333333333333333
38,"(3, 1)",0,False,128,"(0.0025, 32, 1)",0.0025,32,1.0,64,min_val,24,Hours,min-max,1.4209479525453824e-05,4.2785935188016393e-05,2.849046510840998e-05,1.4209479525453824e-05,4.2785935188016393e-05,2.849046510840998e-05,0.002539093444236329,0.004698228041093862,0.004698228041093862,0.0038568862953560377,8.032253910120283e-05,8.032253910120283e-05,0.0045778045104552575,0.0045778045104552575,1.956450526136905,0.005044725025072694,0,1,False,0.25,0.3333333333333333
39,"(3, 1)",0,False,128,"(0.0025, 32, 1)",0.0025,32,1.0,64,all_epochs,24,Hours,min-max,1.6357558039392197e-06,3.747959974647304e-05,8.268997582949617e-05,1.6357558039392197e-06,3.747959974647304e-05,8.268997582949617e-05,0.0008677386402710506,0.004059390127111044,0.004059390127111044,0.005638146316739505,8.298113846037196e-05,8.298113846037196e-05,0.004402523663774291,0.004402523663774291,1.956450526136905,0.005073759937658906,0,1,False,0.25,0.3333333333333333
40,"(3, 1)",0,False,128,"(0.0025, 32, 1)",0.0025,32,1.0,128,min_val,24,Hours,min-max,5.386696782048956e-07,3.658182346417635e-05,3.303156370354654e-05,5.386696782048956e-07,3.658182346417635e-05,3.303156370354654e-05,0.0005182854685133721,0.003633239738134564,0.003633239738134564,0.004317279845572364,7.358004838355946e-05,7.358004838355946e-05,0.003306803262454275,0.003306803262454274,3.9401667949277908,0.006072540068998933,0,1,False,0.25,0.3333333333333333
41,"(3, 1)",0,False,128,"(0.0025, 32, 1)",0.0025,32,1.0,128,all_epochs,24,Hours,min-max,8.600376951496514e-08,3.582817904033604e-05,3.579770743043558e-05,8.600376951496514e-08,3.582817904033604e-05,3.579770743043558e-05,0.00019721075904080286,0.003486841955205042,0.003486841955205042,0.004469504069285544,7.413457571153346e-05,7.413457571153346e-05,0.0031808718137786886,0.003180871813778689,3.9401667949277908,0.005900497082620859,0,1,False,0.25,0.3333333333333333
42,"(3, 1)",0,False,128,"(0.0025, 32, 0.25)",0.0025,32,0.25,32,min_val,24,Hours,min-max,3.084531568590629e-05,3.379385886592874e-05,0.0001125657511888297,3.084531568590629e-05,3.379385886592874e-05,0.0001125657511888297,0.00401386426971959,0.00455010038062907,0.00455010038062907,0.007621054717220746,0.00010367235196384126,0.00010367235196384126,0.005479191563666892,0.005479191563666893,0.9915845158975571,0.0057008760049939156,0,1,False,0.25,0.3333333333333333
43,"(3, 1)",0,False,128,"(0.0025, 32, 0.25)",0.0025,32,0.25,32,all_epochs,24,Hours,min-max,2.833159362584945e-05,4.401167053207767e-05,0.00017792387171741009,2.833159362584945e-05,4.401167053207767e-05,0.00017792387171741009,0.0031893354042717053,0.004908690928523504,0.004908690928523504,0.010394886509693547,0.00012627485664045728,0.00012627485664045728,0.0061270480727991595,0.0061270480727991595,0.9915845158975571,0.005443577188998461,0,1,False,0.25,0.3333333333333333
44,"(3, 1)",0,False,128,"(0.0025, 32, 0.25)",0.0025,32,0.25,64,min_val,24,Hours,min-max,1.5849458318151563e-06,4.0201833091903294e-05,4.042063931309479e-05,1.5849458318151563e-06,4.0201833091903294e-05,4.042063931309479e-05,0.0008863926950898085,0.0038189801342647578,0.0038189801342647573,0.004802153808765754,8.735233647606972e-05,8.735233647606972e-05,0.004295094459208678,0.004295094459208678,1.9509702089708298,0.004674925003200769,0,1,False,0.25,0.3333333333333333
45,"(3, 1)",0,False,128,"(0.0025, 32, 0.25)",0.0025,32,0.25,64,all_epochs,24,Hours,min-max,8.88502270550429e-07,3.67347692573554e-05,4.113536933345118e-05,8.88502270550429e-07,3.67347692573554e-05,4.113536933345118e-05,0.0006356321560443834,0.0034646691311484264,0.0034646691311484264,0.00472693332124458,8.205525754569332e-05,8.205525754569332e-05,0.0037603864765604444,0.0037603864765604457,1.9509702089708298,0.004974717972800136,0,1,False,0.25,0.3333333333333333
46,"(3, 1)",0,False,128,"(0.0025, 32, 0.25)",0.0025,32,0.25,128,min_val,24,Hours,min-max,3.30220863264025e-07,4.154390511016427e-05,8.721094775824062e-05,3.30220863264025e-07,4.154390511016427e-05,8.721094775824062e-05,0.0003528858860913997,0.0036613598185281948,0.003661359818528195,0.0065808602253279525,0.00010251635893745739,0.00010251635893745739,0.003957245164651179,0.00395724516465118,3.956594684161246,0.006931805983185768,0,1,False,0.25,0.3333333333333333
47,"(3, 1)",0,False,128,"(0.0025, 32, 0.25)",0.0025,32,0.25,128,all_epochs,24,Hours,min-max,3.2737704068504543e-07,4.156880091051462e-05,8.718060446053583e-05,3.2737704068504543e-07,4.156880091051462e-05,8.718060446053583e-05,0.00035134786735879997,0.0036651652394245984,0.003665165239424599,0.00658706570525283,0.00010249002971944564,0.00010249002971944564,0.003953907208520778,0.003953907208520779,3.956594684161246,0.0057121580466628075,0,1,False,0.25,0.3333333333333333
48,"(3, 1)",0,False,128,"(0.01, 32, 1)",0.01,32,1.0,32,min_val,72,Days,min-max,1.312105860574972e-06,5.949039194044762e-06,1.0472164242577678e-06,1.312105860574972e-06,5.949039194044762e-06,1.0472164242577678e-06,0.000709973742797532,0.0013721746377511987,0.0013721746377511985,0.0006845887401547211,0.00011710679203623061,0.00011710679203623061,0.004048626878073738,0.0040486268780737375,2.8732037311419845,0.006454032845795155,0,1,False,0.25,0.3333333333333333
49,"(3, 1)",0,False,128,"(0.01, 32, 1)",0.01,32,1.0,32,all_epochs,72,Days,min-max,2.0133041023749117e-06,5.152232458546128e-06,1.6800038052105666e-06,2.0133041023749117e-06,5.152232458546128e-06,1.6800038052105666e-06,0.0009843706173962084,0.0013850161776929291,0.0013850161776929296,0.0009472152386433688,0.00010792770408801327,0.00010792770408801327,0.003764656332385448,0.0037646563323854468,2.8732037311419845,0.0056991660967469215,0,1,False,0.25,0.3333333333333333
50,"(3, 1)",0,False,128,"(0.01, 32, 1)",0.01,32,1.0,64,min_val,72,Days,min-max,4.709204986285002e-06,1.2634909855591795e-05,9.373450475747962e-07,4.709204986285002e-06,1.2634909855591795e-05,9.373450475747962e-07,0.0011071470104997427,0.001683221244062699,0.001683221244062699,0.0007096067710578913,9.006344355352518e-05,9.006344355352518e-05,0.003792078323629841,0.003792078323629842,5.825600762153044,0.007924806093797088,0,1,False,0.25,0.3333333333333333
51,"(3, 1)",0,False,128,"(0.01, 32, 1)",0.01,32,1.0,64,all_epochs,72,Days,min-max,4.302766306228327e-06,1.187499004959962e-05,1.5552473591037021e-06,4.302766306228327e-06,1.187499004959962e-05,1.5552473591037021e-06,0.0013039443237133326,0.001798122618865076,0.001798122618865076,0.0008689342898589708,8.218832768788688e-05,8.218832768788688e-05,0.0037065959818157425,0.003706595981815742,5.825600762153044,0.006781383883208036,0,1,False,0.25,0.3333333333333333
52,"(3, 1)",0,False,128,"(0.01, 32, 1)",0.01,32,1.0,128,min_val,72,Days,min-max,5.228367918242236e-07,4.71053697942168e-06,5.82919846087611e-07,5.228367918242236e-07,4.71053697942168e-06,5.82919846087611e-07,0.0005225115194410877,0.0010355621940027987,0.0010355621940027987,0.00043788500120979144,0.00012191957003758267,0.00012191957003758267,0.0037459212675323155,0.0037459212675323155,11.728538737865165,0.00852348399348557,0,1,False,0.25,0.3333333333333333
53,"(3, 1)",0,False,128,"(0.01, 32, 1)",0.01,32,1.0,128,all_epochs,72,Days,min-max,5.025892167663331e-07,4.426379554473089e-06,7.736747316156868e-07,5.025892167663331e-07,4.426379554473089e-06,7.736747316156868e-07,0.0006188440111186914,0.001207929258593336,0.0012079292585933357,0.000652373064053561,0.00011846690595178203,0.00011846690595178203,0.0036863867971459797,0.003686386797145981,11.728538737865165,0.006824064068496227,0,1,False,0.25,0.3333333333333333
54,"(3, 1)",0,False,128,"(0.01, 32, 0.25)",0.01,32,0.25,32,min_val,72,Days,min-max,1.271493437055356e-06,5.038491223423718e-06,1.7345728579314438e-06,1.271493437055356e-06,5.038491223423718e-06,1.7345728579314438e-06,0.0006248660307059159,0.0011331654928643427,0.0011331654928643427,0.0007429045870143732,0.00014643635564566437,0.00014643635564566437,0.004459080704401521,0.004459080704401522,2.8533802169840783,0.005500599974766374,0,1,False,0.25,0.3333333333333333
55,"(3, 1)",0,False,128,"(0.01, 32, 0.25)",0.01,32,0.25,32,all_epochs,72,Days,min-max,1.271493437055356e-06,5.038491223423718e-06,1.7345728579314438e-06,1.271493437055356e-06,5.038491223423718e-06,1.7345728579314438e-06,0.0006248660307059159,0.0011331654928643427,0.0011331654928643427,0.0007429045870143732,0.00014643635564566437,0.00014643635564566437,0.004459080704401521,0.004459080704401522,2.8533802169840783,0.0059109528083354235,0,1,False,0.25,0.3333333333333333
56,"(3, 1)",0,False,128,"(0.01, 32, 0.25)",0.01,32,0.25,64,min_val,72,Days,min-max,1.097133986007133e-06,4.132750648715299e-06,8.947024291560669e-07,1.097133986007133e-06,4.132750648715299e-06,8.947024291560669e-07,0.0005322952947571719,0.0009275667975983655,0.0009275667975983655,0.000520217792643085,9.921512391214045e-05,9.921512391214045e-05,0.0034075343532574873,0.0034075343532574886,5.802877978887409,0.006823241012170911,0,1,False,0.25,0.3333333333333333
57,"(3, 1)",0,False,128,"(0.01, 32, 0.25)",0.01,32,0.25,64,all_epochs,72,Days,min-max,1.0504475443724197e-06,3.976140861437333e-06,1.0929029768573214e-06,1.0504475443724197e-06,3.976140861437333e-06,1.0929029768573214e-06,0.0006346155579548687,0.0011609490458939456,0.0011609490458939454,0.0007396271914055328,9.793352234515407e-05,9.793352234515407e-05,0.003414856759781966,0.003414856759781966,5.802877978887409,0.006170225795358419,0,1,False,0.25,0.3333333333333333
58,"(3, 1)",0,False,128,"(0.01, 32, 0.25)",0.01,32,0.25,128,min_val,72,Days,min-max,5.288463511843826e-07,4.289711356580332e-06,7.643207298582317e-07,5.288463511843826e-07,4.289711356580332e-06,7.643207298582317e-07,0.0003839755642311405,0.0009642875886801003,0.0009642875886801004,0.0004369332901303341,0.00012957366588100882,0.00012957366588100882,0.0039956764946345305,0.0039956764946345305,11.726599693996832,0.008508631959557533,0,1,False,0.25,0.3333333333333333
59,"(3, 1)",0,False,128,"(0.01, 32, 0.25)",0.01,32,0.25,128,all_epochs,72,Days,min-max,5.5591603246417e-07,4.2157609477112835e-06,7.832715548735745e-07,5.5591603246417e-07,4.2157609477112835e-06,7.832715548735745e-07,0.000393286033718954,0.0009649100941627623,0.0009649100941627621,0.0004542150709617648,0.00012889417004848273,0.00012889417004848273,0.003970176998383524,0.003970176998383524,11.726599693996832,0.006887370953336358,0,1,False,0.25,0.3333333333333333
60,"(3, 1)",0,False,128,"(0.0025, 32, 1)",0.0025,32,1.0,32,min_val,72,Days,min-max,1.175291056872813e-06,5.248040875487518e-06,7.649705513256373e-07,1.175291056872813e-06,5.248040875487518e-06,7.649705513256373e-07,0.0005821270643570648,0.0011478642544047691,0.0011478642544047691,0.0005016291373476947,8.644700347059073e-05,8.644700347059073e-05,0.003289347593057035,0.0032893475930570355,2.8500519290100783,0.006497813854366541,0,1,False,0.25,0.3333333333333333
61,"(3, 1)",0,False,128,"(0.0025, 32, 1)",0.0025,32,1.0,32,all_epochs,72,Days,min-max,3.1270211185423218e-06,4.755524335484485e-06,2.7770356348902906e-06,3.1270211185423218e-06,4.755524335484485e-06,2.7770356348902906e-06,0.0014324416817022372,0.001403676027872658,0.001403676027872658,0.0013975048723081072,7.932125090726551e-05,7.932125090726551e-05,0.003297811061539705,0.003297811061539705,2.8500519290100783,0.006024381145834923,0,1,False,0.25,0.3333333333333333
62,"(3, 1)",0,False,128,"(0.0025, 32, 1)",0.0025,32,1.0,64,min_val,72,Days,min-max,8.512061933270745e-07,4.6322481540920634e-06,5.969669568378193e-07,8.512061933270745e-07,4.6322481540920634e-06,5.969669568378193e-07,0.0005463272490098009,0.0011638652500302663,0.0011638652500302663,0.0004821641667964695,7.358876913307066e-05,7.358876913307066e-05,0.00281514398814932,0.0028151439881493193,5.772004341939464,0.006597429979592562,0,1,False,0.25,0.3333333333333333
63,"(3, 1)",0,False,128,"(0.0025, 32, 1)",0.0025,32,1.0,64,all_epochs,72,Days,min-max,1.0399139750020606e-06,5.062060650528445e-06,8.718210778751854e-07,1.0399139750020606e-06,5.062060650528445e-06,8.718210778751854e-07,0.0007184584898263374,0.0013165578510886107,0.0013165578510886107,0.0006419778811011444,7.502513296991152e-05,7.502513296991152e-05,0.003012080210027882,0.003012080210027883,5.772004341939464,0.006125656189396977,0,1,False,0.25,0.3333333333333333
64,"(3, 1)",0,False,128,"(0.0025, 32, 1)",0.0025,32,1.0,128,min_val,72,Days,min-max,1.188678658194727e-07,1.3604212997784627e-06,3.2086902477852677e-07,1.188678658194727e-07,1.3604212997784627e-06,3.2086902477852677e-07,0.0002552234782004881,0.0006375765511295371,0.0006375765511295371,0.00031002467478613566,0.00010106858428099486,0.00010106858428099486,0.002974955247440815,0.002974955247440815,11.631485373945907,0.0054167089983820915,0,1,False,0.25,0.3333333333333333
65,"(3, 1)",0,False,128,"(0.0025, 32, 1)",0.0025,32,1.0,128,all_epochs,72,Days,min-max,1.2522753720613593e-07,1.314944750748925e-06,5.249969064486072e-07,1.2522753720613593e-07,1.314944750748925e-06,5.249969064486072e-07,0.0002625637671563558,0.0006757305378734021,0.0006757305378734021,0.0004276886208749453,0.00010111536412959216,0.00010111536412959216,0.0029706186068639414,0.0029706186068639406,11.631485373945907,0.005728122079744935,0,1,False,0.25,0.3333333333333333
66,"(3, 1)",0,False,128,"(0.0025, 32, 0.25)",0.0025,32,0.25,32,min_val,72,Days,min-max,2.6593386357024793e-06,7.508518895486637e-06,1.3896400832160743e-06,2.6593386357024793e-06,7.508518895486637e-06,1.3896400832160743e-06,0.0010150238897188306,0.0014287038238469372,0.0014287038238469372,0.000815165059356091,0.00010530123010245306,0.00010530123010245306,0.003980428429917183,0.003980428429917183,2.844760261941701,0.005286684958264232,0,1,False,0.25,0.3333333333333333
67,"(3, 1)",0,False,128,"(0.0025, 32, 0.25)",0.0025,32,0.25,32,all_epochs,72,Days,min-max,3.4661311570377688e-06,6.367372169853541e-06,3.3979998752658883e-06,3.4661311570377688e-06,6.367372169853541e-06,3.3979998752658883e-06,0.0015390846372090323,0.001839512667380446,0.001839512667380446,0.0015371067554286744,9.599560996710871e-05,9.599560996710871e-05,0.003888530260352871,0.003888530260352871,2.844760261941701,0.005438511027023196,0,1,False,0.25,0.3333333333333333
68,"(3, 1)",0,False,128,"(0.0025, 32, 0.25)",0.0025,32,0.25,64,min_val,72,Days,min-max,2.893974526802994e-06,1.0503169506441324e-05,2.878573422360624e-06,2.893974526802994e-06,1.0503169506441324e-05,2.878573422360624e-06,0.001075966658205023,0.0018882672791726155,0.001888267279172616,0.0011597117967255888,0.00016465772519413095,0.00016465772519413095,0.005341660178266948,0.005341660178266944,5.7895362759009,0.005038820905610919,0,1,False,0.25,0.3333333333333333
69,"(3, 1)",0,False,128,"(0.0025, 32, 0.25)",0.0025,32,0.25,64,all_epochs,72,Days,min-max,2.819329560916499e-06,1.009870081381222e-05,3.1942168735146915e-06,2.819329560916499e-06,1.009870081381222e-05,3.1942168735146915e-06,0.0012108369361845906,0.0019980621737835003,0.0019980621737835003,0.0013146529910938445,0.00016283156367076013,0.00016283156367076013,0.0054371060598620005,0.005437106059862,5.7895362759009,0.005703078117221594,0,1,False,0.25,0.3333333333333333
70,"(3, 1)",0,False,128,"(0.0025, 32, 0.25)",0.0025,32,0.25,128,min_val,72,Days,min-max,9.063425167688082e-07,6.606787741485949e-06,1.2682639794388381e-06,9.063425167688082e-07,6.606787741485949e-06,1.2682639794388381e-06,0.0005673521437013617,0.0013921091282373477,0.0013921091282373477,0.0006785064455493568,0.00012534511156986978,0.00012534511156986978,0.004363603691361241,0.0043636036913612414,11.58186177094467,0.007532843155786395,0,1,False,0.25,0.3333333333333333
71,"(3, 1)",0,False,128,"(0.0025, 32, 0.25)",0.0025,32,0.25,128,all_epochs,72,Days,min-max,8.776029014372708e-07,6.353420166390942e-06,1.2820129967304282e-06,8.776029014372708e-07,6.353420166390942e-06,1.2820129967304282e-06,0.0005566283649407896,0.0013562419638181522,0.0013562419638181522,0.0006824968995658075,0.00012439803122298333,0.00012439803122298333,0.004326113177513622,0.004326113177513623,11.58186177094467,0.006836167071014643,0,1,False,0.25,0.3333333333333333
72,"(3, 1)",0,False,128,"(0.01, 32, 1)",0.01,32,1.0,32,min_val,72,Hours,min-max,6.877510755177144e-06,2.2494221821744866e-05,1.845773859921647e-05,6.877510755177144e-06,2.2494221821744866e-05,1.845773859921647e-05,0.0016764632867041866,0.003157690357656112,0.003157690357656112,0.0025184241852700155,6.302196746449403e-05,6.302196746449403e-05,0.0028041986896627765,0.002804198689662777,2.8446614439599216,0.005522257881239057,0,1,False,0.25,0.3333333333333333
73,"(3, 1)",0,False,128,"(0.01, 32, 1)",0.01,32,1.0,32,all_epochs,72,Hours,min-max,5.348191383240381e-06,1.7442541909433397e-05,2.791398292816139e-05,5.348191383240381e-06,1.7442541909433397e-05,2.791398292816139e-05,0.0016256918264785291,0.0025936736083615832,0.0025936736083615832,0.0029312474030505587,6.11402873324492e-05,6.11402873324492e-05,0.0025931359286653927,0.002593135928665393,2.8446614439599216,0.006240881979465485,0,1,False,0.25,0.3333333333333333
74,"(3, 1)",0,False,128,"(0.01, 32, 1)",0.01,32,1.0,64,min_val,72,Hours,min-max,5.825116156188224e-06,1.587000598902638e-05,2.130042031604606e-05,5.825116156188224e-06,1.587000598902638e-05,2.130042031604606e-05,0.0014203188884281443,0.0023982267127831765,0.002398226712783177,0.002076214768763514,5.386549644610505e-05,5.386549644610505e-05,0.001985315327171882,0.001985315327171882,5.799276893027127,0.0051566921174526215,0,1,False,0.25,0.3333333333333333
75,"(3, 1)",0,False,128,"(0.01, 32, 1)",0.01,32,1.0,64,all_epochs,72,Hours,min-max,5.6814538559150494e-06,1.5544345347725368e-05,3.3085406968966725e-05,5.6814538559150494e-06,1.5544345347725368e-05,3.3085406968966725e-05,0.0013949916359630714,0.0023954507051370004,0.0023954507051370004,0.002497256650356304,5.984978508310274e-05,5.984978508310274e-05,0.002282305955825761,0.00228230595582576,5.799276893027127,0.005670639919117093,0,1,False,0.25,0.3333333333333333
76,"(3, 1)",0,False,128,"(0.01, 32, 1)",0.01,32,1.0,128,min_val,72,Hours,min-max,2.0755903494699255e-06,2.533699642021585e-05,2.191466373208723e-05,2.0755903494699255e-06,2.533699642021585e-05,2.191466373208723e-05,0.0011816983043719325,0.0033120329734344324,0.0033120329734344324,0.0021386940421238795,6.972191617168902e-05,6.972191617168902e-05,0.0031919347204505642,0.003191934720450566,11.7358495129738,0.005494354059919715,0,1,False,0.25,0.3333333333333333
77,"(3, 1)",0,False,128,"(0.01, 32, 1)",0.01,32,1.0,128,all_epochs,72,Hours,min-max,4.62477390238848e-07,2.0790816109528998e-05,2.415883489377665e-05,4.62477390238848e-07,2.0790816109528998e-05,2.415883489377665e-05,0.00041779158570107145,0.0026296315228890514,0.002629631522889051,0.001687173475208852,6.831625880077451e-05,6.831625880077451e-05,0.0026937257322630884,0.0026937257322630893,11.7358495129738,0.005535552045330405,0,1,False,0.25,0.3333333333333333
78,"(3, 1)",0,False,128,"(0.01, 32, 0.25)",0.01,32,0.25,32,min_val,72,Hours,min-max,5.205632990329702e-06,1.933974694846644e-05,2.4385038323569667e-05,5.205632990329702e-06,1.933974694846644e-05,2.4385038323569667e-05,0.0014632494690039644,0.00282548431064694,0.0028254843106469392,0.002513443227549454,5.708191441782971e-05,5.708191441782971e-05,0.002460129238790557,0.002460129238790557,2.8538691359572113,0.005270577967166901,0,1,False,0.25,0.3333333333333333
79,"(3, 1)",0,False,128,"(0.01, 32, 0.25)",0.01,32,0.25,32,all_epochs,72,Hours,min-max,4.953617271355578e-06,1.7864803793799346e-05,3.514622067467773e-05,4.953617271355578e-06,1.7864803793799346e-05,3.514622067467773e-05,0.0013851731171340162,0.00253843041087035,0.00253843041087035,0.0025358734162416875,6.0461862869783026e-05,6.0461862869783026e-05,0.002367085489386274,0.0023670854893862734,2.8538691359572113,0.005806403933092952,0,1,False,0.25,0.3333333333333333
80,"(3, 1)",0,False,128,"(0.01, 32, 0.25)",0.01,32,0.25,64,min_val,72,Hours,min-max,3.6257191148540777e-06,2.1430724476381684e-05,2.0978576141634545e-05,3.6257191148540777e-06,2.1430724476381684e-05,2.0978576141634545e-05,0.00100918228432469,0.002838756483823156,0.002838756483823156,0.002261123460797441,6.183903231100419e-05,6.183903231100419e-05,0.0026395591538201117,0.0026395591538201113,5.794187560910359,0.005213408963754773,0,1,False,0.25,0.3333333333333333
81,"(3, 1)",0,False,128,"(0.01, 32, 0.25)",0.01,32,0.25,64,all_epochs,72,Hours,min-max,3.173135862687994e-06,1.948813267802352e-05,2.362850491237146e-05,3.173135862687994e-06,1.948813267802352e-05,2.362850491237146e-05,0.0008559729569307657,0.002633010620409518,0.002633010620409518,0.0023210303951525712,6.12071522543256e-05,6.12071522543256e-05,0.0025234191139597933,0.002523419113959793,5.794187560910359,0.005686709890142083,0,1,False,0.25,0.3333333333333333
82,"(3, 1)",0,False,128,"(0.01, 32, 0.25)",0.01,32,0.25,128,min_val,72,Hours,min-max,0.00033909857711075526,0.0004138779968296577,0.0006125563495146611,0.00033909857711075526,0.0004138779968296577,0.0006125563495146611,0.014454098379549574,0.01611250251084906,0.01611250251084906,0.01969754799820246,0.0004374527875608429,0.0004374527875608429,0.015856512767253007,0.015856512767253014,11.715525940991938,0.006406700937077403,0,1,False,0.25,0.3333333333333333
83,"(3, 1)",0,False,128,"(0.01, 32, 0.25)",0.01,32,0.25,128,all_epochs,72,Hours,min-max,0.0003374735195499596,0.00041567142326907945,0.0006103543079247986,0.0003374735195499596,0.00041567142326907945,0.0006103543079247986,0.014171098629323272,0.015966184799295444,0.015966184799295444,0.019236794967049085,0.0004303396624157947,0.0004303396624157947,0.015417882515122995,0.015417882515123006,11.715525940991938,0.005781778134405613,0,1,False,0.25,0.3333333333333333
84,"(3, 1)",0,False,128,"(0.0025, 32, 1)",0.0025,32,1.0,32,min_val,72,Hours,min-max,8.569795502605644e-06,2.570915740999471e-05,1.976631744993747e-05,8.569795502605644e-06,2.570915740999471e-05,1.976631744993747e-05,0.0015880962287563693,0.003070975086425987,0.0030709750864259867,0.002532879128301849,5.81174697593419e-05,5.81174697593419e-05,0.0028531431803794686,0.0028531431803794694,2.868400407023728,0.006765688071027398,0,1,False,0.25,0.3333333333333333
85,"(3, 1)",0,False,128,"(0.0025, 32, 1)",0.0025,32,1.0,32,all_epochs,72,Hours,min-max,9.786352715575972e-06,2.5740614244019784e-05,2.1235136354567315e-05,9.786352715575972e-06,2.5740614244019784e-05,2.1235136354567315e-05,0.002356032406279985,0.0036759716099932283,0.0036759716099932283,0.0032379475565625514,5.848443127884454e-05,5.848443127884454e-05,0.003454797787023452,0.003454797787023451,2.868400407023728,0.005875042174011469,0,1,False,0.25,0.3333333333333333
86,"(3, 1)",0,False,128,"(0.0025, 32, 1)",0.0025,32,1.0,64,min_val,72,Hours,min-max,1.4176001484623077e-06,1.1307444971789067e-05,1.2709315891450323e-05,1.4176001484623077e-06,1.1307444971789067e-05,1.2709315891450323e-05,0.000803244696894895,0.002329602883279482,0.0023296028832794817,0.0015671131316348581,5.306669437794511e-05,5.306669437794511e-05,0.002079446831895577,0.002079446831895577,5.748398625990376,0.006266362965106964,0,1,False,0.25,0.3333333333333333
87,"(3, 1)",0,False,128,"(0.0025, 32, 1)",0.0025,32,1.0,64,all_epochs,72,Hours,min-max,4.3750720168275653e-07,7.697467972033569e-06,1.3652347041711929e-05,4.3750720168275653e-07,7.697467972033569e-06,1.3652347041711929e-05,0.00048276901078750216,0.001805691523752598,0.001805691523752598,0.0015238556268456235,5.147104349372509e-05,5.147104349372509e-05,0.0018178696677552991,0.0018178696677552998,5.748398625990376,0.006381571060046554,0,1,False,0.25,0.3333333333333333
88,"(3, 1)",0,False,128,"(0.0025, 32, 1)",0.0025,32,1.0,128,min_val,72,Hours,min-max,3.387001530419909e-07,1.078742875748816e-05,3.714884671318805e-06,3.387001530419909e-07,1.078742875748816e-05,3.714884671318805e-06,0.0004228888800014315,0.0017157070676476981,0.0017157070676476981,0.0011222981443772895,5.182199358287976e-05,5.182199358287976e-05,0.002043630167275086,0.0020436301672750864,11.616972625022754,0.0052133710123598576,0,1,False,0.25,0.3333333333333333
89,"(3, 1)",0,False,128,"(0.0025, 32, 1)",0.0025,32,1.0,128,all_epochs,72,Hours,min-max,8.646837688701146e-07,1.0973750607584661e-05,4.440109503627648e-06,8.646837688701146e-07,1.0973750607584661e-05,4.440109503627648e-06,0.0007449884236939097,0.0019493848057887872,0.0019493848057887874,0.001258335816920438,5.106331765169887e-05,5.106331765169887e-05,0.0021402626978849954,0.0021402626978849954,11.616972625022754,0.005731523036956787,0,1,False,0.25,0.3333333333333333
90,"(3, 1)",0,False,128,"(0.0025, 32, 0.25)",0.0025,32,0.25,32,min_val,72,Hours,min-max,3.7637626907892685e-06,1.772016792462191e-05,2.1769072675026903e-05,3.7637626907892685e-06,1.772016792462191e-05,2.1769072675026903e-05,0.0011542433388437366,0.002755919433701477,0.002755919433701477,0.0025603272438512194,5.694547339855712e-05,5.694547339855712e-05,0.0025450489509136736,0.002545048950913674,2.847411190858111,0.005060425028204918,0,1,False,0.25,0.3333333333333333
91,"(3, 1)",0,False,128,"(0.0025, 32, 0.25)",0.0025,32,0.25,32,all_epochs,72,Hours,min-max,3.7637626907892685e-06,1.772016792462191e-05,2.1769072675026903e-05,3.7637626907892685e-06,1.772016792462191e-05,2.1769072675026903e-05,0.0011542433388437366,0.002755919433701477,0.002755919433701477,0.0025603272438512194,5.694547339855712e-05,5.694547339855712e-05,0.0025450489509136736,0.002545048950913674,2.847411190858111,0.00567265716381371,0,1,False,0.25,0.3333333333333333
92,"(3, 1)",0,False,128,"(0.0025, 32, 0.25)",0.0025,32,0.25,64,min_val,72,Hours,min-max,1.201956203681051e-06,7.99077448217457e-06,9.910621757605733e-06,1.201956203681051e-06,7.99077448217457e-06,9.910621757605733e-06,0.0007068797355181412,0.0016691024283140392,0.0016691024283140392,0.0014167121625651181,4.388617073958557e-05,4.388617073958557e-05,0.0014312933791307662,0.0014312933791307662,5.7722993260249496,0.005107303149998188,0,1,False,0.25,0.3333333333333333
93,"(3, 1)",0,False,128,"(0.0025, 32, 0.25)",0.0025,32,0.25,64,all_epochs,72,Hours,min-max,1.0321625485609856e-06,7.883971881103741e-06,1.0762628932917805e-05,1.0321625485609856e-06,7.883971881103741e-06,1.0762628932917805e-05,0.0006648646476389343,0.0015125011732310394,0.0015125011732310398,0.0013907718040169434,4.407102879014444e-05,4.407102879014444e-05,0.0013903432432277943,0.0013903432432277939,5.7722993260249496,0.005732749123126268,0,1,False,0.25,0.3333333333333333
94,"(3, 1)",0,False,128,"(0.0025, 32, 0.25)",0.0025,32,0.25,128,min_val,72,Hours,min-max,6.618365793769451e-06,2.1553769373015714e-05,1.8579392568544728e-05,6.618365793769451e-06,2.1553769373015714e-05,1.8579392568544728e-05,0.001499525816440503,0.0027520532025560153,0.0027520532025560153,0.0024545083448950715,5.7540604922180565e-05,5.7540604922180565e-05,0.002545499572290068,0.0025454995722900666,11.558789575006813,0.005582569865509868,0,1,False,0.25,0.3333333333333333
95,"(3, 1)",0,False,128,"(0.0025, 32, 0.25)",0.0025,32,0.25,128,all_epochs,72,Hours,min-max,3.0469615197689192e-06,1.5535406105113858e-05,2.1339397496711e-05,3.0469615197689192e-06,1.5535406105113858e-05,2.1339397496711e-05,0.0009870033236074789,0.002364113303680456,0.0023641133036804555,0.002239484106906811,5.3702590862021916e-05,5.3702590862021916e-05,0.0021268525312464017,0.0021268525312464013,11.558789575006813,0.005606586113572121,0,1,False,0.25,0.3333333333333333
96,"(3, 1)",0,False,128,"(0.01, 32, 1)",0.01,32,1.0,32,min_val,120,Days,min-max,5.7198089529518365e-06,0.00915639787484862,0.0003624890560809387,5.7198089529518365e-06,0.00915639787484862,0.0003624890560809387,0.0016059293911379557,0.014937977733855294,0.014937977733855296,0.00536449731244154,5.01069430885658e-05,5.01069430885658e-05,0.002252149700305132,0.0022521497003051313,4.776469653006643,0.007953695021569729,0,1,False,0.25,0.3333333333333333
97,"(3, 1)",0,False,128,"(0.01, 32, 1)",0.01,32,1.0,32,all_epochs,120,Days,min-max,1.3798954136928643e-05,0.009294135832411643,0.0003997992296317811,1.3798954136928643e-05,0.009294135832411643,0.0003997992296317811,0.0031501767206151368,0.016203596306567855,0.01620359630656786,0.006816903056137257,5.618555577060684e-05,5.618555577060684e-05,0.003124739321025451,0.003124739321025451,4.776469653006643,0.006925218040123582,0,1,False,0.25,0.3333333333333333
98,"(3, 1)",0,False,128,"(0.01, 32, 1)",0.01,32,1.0,64,min_val,120,Days,min-max,7.070568793794511e-06,0.008637624685083677,0.0003130873181160423,7.070568793794511e-06,0.008637624685083677,0.0003130873181160423,0.001648670936388307,0.013969443307034656,0.013969443307034656,0.00531859064896273,4.639011617248297e-05,4.639011617248297e-05,0.0020385182457612777,0.002038518245761278,9.627333741169423,0.007198624080047011,0,1,False,0.25,0.3333333333333333
99,"(3, 1)",0,False,128,"(0.01, 32, 1)",0.01,32,1.0,64,all_epochs,120,Days,min-max,1.2205907140106455e-05,0.009061743152433646,0.00038593391127722103,1.2205907140106455e-05,0.009061743152433646,0.00038593391127722103,0.0027975492009740866,0.016081393822537413,0.016081393822537413,0.006998597077033561,5.413771295074915e-05,5.413771295074915e-05,0.002942758656578955,0.002942758656578954,9.627333741169423,0.007038129959255457,0,1,False,0.25,0.3333333333333333
100,"(3, 1)",0,False,128,"(0.01, 32, 1)",0.01,32,1.0,128,min_val,120,Days,min-max,6.469086733191013e-06,0.00874589101220036,0.00030759067183646504,6.469086733191013e-06,0.00874589101220036,0.00030759067183646504,0.0015071603069384102,0.014357586582680382,0.014357586582680382,0.005304939769600884,4.961601072530553e-05,4.961601072530553e-05,0.0022663864912556594,0.0022663864912556594,19.379176581045613,0.0056829850655049086,0,1,False,0.25,0.3333333333333333
101,"(3, 1)",0,False,128,"(0.01, 32, 1)",0.01,32,1.0,128,all_epochs,120,Days,min-max,7.812680065659762e-07,0.008983569625039335,0.0003340275670593714,7.812680065659762e-07,0.008983569625039335,0.0003340275670593714,0.0006017486316399287,0.01393843430101193,0.013938434301011927,0.004014620646451298,4.2057560566018585e-05,4.2057560566018585e-05,0.0013920752710049051,0.0013920752710049051,19.379176581045613,0.006148610962554812,0,1,False,0.25,0.3333333333333333
102,"(3, 1)",0,False,128,"(0.01, 32, 0.25)",0.01,32,0.25,32,min_val,120,Days,min-max,1.9433096687679278e-05,0.009459067213286302,0.00043635936972148903,1.9433096687679278e-05,0.009459067213286302,0.00043635936972148903,0.003344040571718357,0.01675916155524327,0.016759161555243266,0.008102087136473667,6.825873894576014e-05,6.825873894576014e-05,0.00380810802762956,0.00380810802762956,4.792819201014936,0.005673838080838323,0,1,False,0.25,0.3333333333333333
103,"(3, 1)",0,False,128,"(0.01, 32, 0.25)",0.01,32,0.25,32,all_epochs,120,Days,min-max,2.0117841033648246e-05,0.009554543076152043,0.00046414271060458994,2.0117841033648246e-05,0.009554543076152043,0.00046414271060458994,0.0034977442274711037,0.01693900619935978,0.01693900619935978,0.008844781063370805,7.29916713629718e-05,7.29916713629718e-05,0.004173138596395691,0.0041731385963956905,4.792819201014936,0.006079809973016381,0,1,False,0.25,0.3333333333333333
104,"(3, 1)",0,False,128,"(0.01, 32, 0.25)",0.01,32,0.25,64,min_val,120,Days,min-max,4.774854064425477e-06,0.009255044352634457,0.00037987273873430974,4.774854064425477e-06,0.009255044352634457,0.00037987273873430974,0.001280916160829888,0.015099528283530839,0.015099528283530839,0.0056592587497748875,5.196986684747735e-05,5.196986684747735e-05,0.0023647908352184186,0.0023647908352184186,9.680521433940157,0.0055681641679257154,0,1,False,0.25,0.3333333333333333
105,"(3, 1)",0,False,128,"(0.01, 32, 0.25)",0.01,32,0.25,64,all_epochs,120,Days,min-max,4.856115764691067e-06,0.009276616944504096,0.0003831303923163298,4.856115764691067e-06,0.009276616944504096,0.0003831303923163298,0.0013092328792883464,0.015019404049967109,0.015019404049967109,0.00572189597883852,5.1677051736024055e-05,5.1677051736024055e-05,0.002297031132431133,0.0022970311324311318,9.680521433940157,0.005967285949736834,0,1,False,0.25,0.3333333333333333
106,"(3, 1)",0,False,128,"(0.01, 32, 0.25)",0.01,32,0.25,128,min_val,120,Days,min-max,4.9727315176474285e-06,0.009228555982058692,0.00038734565455603176,4.9727315176474285e-06,0.009228555982058692,0.00038734565455603176,0.0012540647266790386,0.014830548257100703,0.014830548257100699,0.005917768872311789,5.2422966706198015e-05,5.2422966706198015e-05,0.0022651793365199464,0.0022651793365199464,19.438345623901114,0.010596773121505976,0,1,False,0.25,0.3333333333333333
107,"(3, 1)",0,False,128,"(0.01, 32, 0.25)",0.01,32,0.25,128,all_epochs,120,Days,min-max,4.649016744023583e-06,0.009226525031572029,0.0003872380228598067,4.649016744023583e-06,0.009226525031572029,0.0003872380228598067,0.0011835711334744166,0.01487768196888442,0.01487768196888442,0.00596642959251762,5.2115141867424375e-05,5.2115141867424375e-05,0.0021985145952714514,0.0021985145952714514,19.438345623901114,0.00734091317281127,0,1,False,0.25,0.3333333333333333
108,"(3, 1)",0,False,128,"(0.0025, 32, 1)",0.0025,32,1.0,32,min_val,120,Days,min-max,5.169161589240454e-06,0.008793114787181937,0.00031062686558896345,5.169161589240454e-06,0.008793114787181937,0.00031062686558896345,0.0014124846090178675,0.013743143223387034,0.01374314322338703,0.004874121239532383,4.4473468759987145e-05,4.4473468759987145e-05,0.001818171093346963,0.0018181710933469633,4.7755828951485455,0.006329994183033705,0,1,False,0.25,0.3333333333333333
109,"(3, 1)",0,False,128,"(0.0025, 32, 1)",0.0025,32,1.0,32,all_epochs,120,Days,min-max,2.0211614022412123e-06,0.008910147242705037,0.0003249712629286418,2.0211614022412123e-06,0.008910147242705037,0.0003249712629286418,0.0009346192151625128,0.013806792349890988,0.013806792349890984,0.004382723717935955,4.204059291883254e-05,4.204059291883254e-05,0.001463072940519443,0.0014630729405194424,4.7755828951485455,0.006379642989486456,0,1,False,0.25,0.3333333333333333
110,"(3, 1)",0,False,128,"(0.0025, 32, 1)",0.0025,32,1.0,64,min_val,120,Days,min-max,3.073959372748974e-07,0.00911851152397308,0.0003431510301310798,3.073959372748974e-07,0.00911851152397308,0.0003431510301310798,0.0004190192227404701,0.013441299544040764,0.013441299544040764,0.0042313502532063734,4.1257657069465225e-05,4.1257657069465225e-05,0.0011173408908275793,0.0011173408908275789,9.579336290247738,0.005872117821127176,0,1,False,0.25,0.3333333333333333
111,"(3, 1)",0,False,128,"(0.0025, 32, 1)",0.0025,32,1.0,64,all_epochs,120,Days,min-max,3.073959372748974e-07,0.00911851152397308,0.0003431510301310798,3.073959372748974e-07,0.00911851152397308,0.0003431510301310798,0.0004190192227404701,0.013441299544040764,0.013441299544040764,0.0042313502532063734,4.1257657069465225e-05,4.1257657069465225e-05,0.0011173408908275793,0.0011173408908275789,9.579336290247738,0.006092906929552555,0,1,False,0.25,0.3333333333333333
112,"(3, 1)",0,False,128,"(0.0025, 32, 1)",0.0025,32,1.0,128,min_val,120,Days,min-max,4.318832642489813e-06,0.008770399846802905,0.0003065215471397729,4.318832642489813e-06,0.008770399846802905,0.0003065215471397729,0.001528119168756558,0.013659176813407168,0.013659176813407168,0.004933678337701862,4.1011925038853016e-05,4.1011925038853016e-05,0.0017174112648833395,0.0017174112648833389,19.29662976320833,0.005810041446238756,0,1,False,0.25,0.3333333333333333
113,"(3, 1)",0,False,128,"(0.0025, 32, 1)",0.0025,32,1.0,128,all_epochs,120,Days,min-max,3.1918165873118816e-06,0.009048510321825324,0.0003425861279993753,3.1918165873118816e-06,0.009048510321825324,0.0003425861279993753,0.001144117604573961,0.013495484333621922,0.013495484333621922,0.004958582808027732,4.123365062828674e-05,4.123365062828674e-05,0.0013642626271833838,0.0013642626271833836,19.29662976320833,0.00639274762943387,0,1,False,0.25,0.3333333333333333
114,"(3, 1)",0,False,128,"(0.0025, 32, 0.25)",0.0025,32,0.25,32,min_val,120,Days,min-max,1.0084163279056498e-05,0.008674092821448716,0.0003064114006818816,1.0084163279056498e-05,0.008674092821448716,0.0003064114006818816,0.001931320567456855,0.01419322801169273,0.01419322801169273,0.0054099582243906695,4.827930767295119e-05,4.827930767295119e-05,0.0023207897967227843,0.002320789796722785,4.777770943008363,0.007858419325202703,0,1,False,0.25,0.3333333333333333
115,"(3, 1)",0,False,128,"(0.0025, 32, 0.25)",0.0025,32,0.25,32,all_epochs,120,Days,min-max,6.2129809746534074e-06,0.008747062670156852,0.00031475889200820607,6.2129809746534074e-06,0.008747062670156852,0.00031475889200820607,0.00188633911177001,0.014402395321987923,0.014402395321987923,0.005384024459400362,4.755621773465376e-05,4.755621773465376e-05,0.0024380400415989385,0.002438040041598939,4.777770943008363,0.006781474221497774,0,1,False,0.25,0.3333333333333333
116,"(3, 1)",0,False,128,"(0.0025, 32, 0.25)",0.0025,32,0.25,64,min_val,120,Days,min-max,2.0333584327703873e-06,0.008905099215697742,0.00033322000237597535,2.0333584327703873e-06,0.008905099215697742,0.00033322000237597535,0.0010098788892086417,0.01400067965201643,0.01400067965201643,0.004950449312230214,4.401365350925154e-05,4.401365350925154e-05,0.001713762710788782,0.001713762710788782,9.614069566130638,0.007141790818423033,0,1,False,0.25,0.3333333333333333
117,"(3, 1)",0,False,128,"(0.0025, 32, 0.25)",0.0025,32,0.25,64,all_epochs,120,Days,min-max,4.4419874663351037e-07,0.008947580789620187,0.0003348093430645049,4.4419874663351037e-07,0.008947580789620187,0.0003348093430645049,0.00045430366759104167,0.013488915844611394,0.013488915844611397,0.004436886145920179,4.090529498545834e-05,4.090529498545834e-05,0.001213221326645743,0.0012132213266457432,9.614069566130638,0.006767087150365114,0,1,False,0.25,0.3333333333333333
118,"(3, 1)",0,False,128,"(0.0025, 32, 0.25)",0.0025,32,0.25,128,min_val,120,Days,min-max,2.503481460276388e-07,0.008910297026815736,0.00032364507633085967,2.503481460276388e-07,0.008910297026815736,0.00032364507633085967,0.0003235101979296135,0.013431540693029528,0.013431540693029532,0.00399047464438696,4.0082990119107606e-05,4.0082990119107606e-05,0.0010640207737917194,0.001064020773791719,19.3241495792754,0.005924087017774582,0,1,False,0.25,0.3333333333333333
119,"(3, 1)",0,False,128,"(0.0025, 32, 0.25)",0.0025,32,0.25,128,all_epochs,120,Days,min-max,2.3100604996269497e-07,0.008916513180629665,0.0003244092816779436,2.3100604996269497e-07,0.008916513180629665,0.0003244092816779436,0.0003063525330036376,0.013450863119318469,0.013450863119318469,0.004005576328890663,4.01311115704503e-05,4.01311115704503e-05,0.0010571715765753098,0.0010571715765753107,19.3241495792754,0.006113783922046423,0,1,False,0.25,0.3333333333333333
120,"(3, 1)",0,False,128,"(0.01, 32, 1)",0.01,32,1.0,32,min_val,120,Hours,min-max,6.705013113544163e-05,1.2314307556560995e-05,5.1281966790760295e-05,6.705013113544163e-05,1.2314307556560995e-05,5.1281966790760295e-05,0.0033455257417967323,0.0028415821951979516,0.0028415821951979516,0.0036706922377530956,4.9724303400627986e-05,4.9724303400627986e-05,0.00329770965777309,0.00329770965777309,4.77096546581015,0.005472911987453699,0,1,False,0.25,0.3333333333333333
121,"(3, 1)",0,False,128,"(0.01, 32, 1)",0.01,32,1.0,32,all_epochs,120,Hours,min-max,9.363719856291236e-06,9.786594999690542e-06,0.00014725696331991707,9.363719856291236e-06,9.786594999690542e-06,0.00014725696331991707,0.002160205755280553,0.002485592132921468,0.0024855921329214677,0.004856543607795265,5.673115502976085e-05,5.673115502976085e-05,0.003092286086946735,0.0030922860869467363,4.77096546581015,0.006279676221311092,0,1,False,0.25,0.3333333333333333
122,"(3, 1)",0,False,128,"(0.01, 32, 1)",0.01,32,1.0,64,min_val,120,Hours,min-max,6.721011065387898e-05,2.7038300855147708e-05,5.564727832929789e-05,6.721011065387898e-05,2.7038300855147708e-05,5.564727832929789e-05,0.0038322101213691838,0.004255952604708708,0.004255952604708708,0.004147211203758886,5.8187953667711516e-05,5.8187953667711516e-05,0.0038754926697325454,0.003875492669732545,9.64481393713504,0.007870737928897142,0,1,False,0.25,0.3333333333333333
123,"(3, 1)",0,False,128,"(0.01, 32, 1)",0.01,32,1.0,64,all_epochs,120,Hours,min-max,1.4490280608847373e-05,1.0284849889546953e-05,0.00010789631079632235,1.4490280608847373e-05,1.0284849889546953e-05,0.00010789631079632235,0.0017666366630932357,0.002199357619199134,0.0021993576191991345,0.0034477789080342098,5.868738828260934e-05,5.868738828260934e-05,0.0022749782747342536,0.002274978274734254,9.64481393713504,0.00687050586566329,0,1,False,0.25,0.3333333333333333
124,"(3, 1)",0,False,128,"(0.01, 32, 1)",0.01,32,1.0,128,min_val,120,Hours,min-max,4.24651751060854e-05,2.6951049763338276e-05,3.198858756640159e-05,4.24651751060854e-05,2.6951049763338276e-05,3.198858756640159e-05,0.0033018278357476614,0.004004521166467294,0.004004521166467295,0.004263973033704013,5.808279914878673e-05,5.808279914878673e-05,0.0038673014065671646,0.0038673014065671646,19.444352454971522,0.007379713002592325,0,1,False,0.25,0.3333333333333333
125,"(3, 1)",0,False,128,"(0.01, 32, 1)",0.01,32,1.0,128,all_epochs,120,Hours,min-max,0.00017012672842372454,3.586670502161694e-05,4.6007248521840424e-05,0.00017012672842372454,3.586670502161694e-05,4.6007248521840424e-05,0.004859186667720969,0.0044960691082953615,0.0044960691082953615,0.004575379645371839,6.431068183162289e-05,6.431068183162289e-05,0.004233001655664583,0.004233001655664583,19.444352454971522,0.006609641946852207,0,1,False,0.25,0.3333333333333333
126,"(3, 1)",0,False,128,"(0.01, 32, 0.25)",0.01,32,0.25,32,min_val,120,Hours,min-max,2.9492339355346986e-05,2.1666166707311247e-05,3.7956141625392465e-05,2.9492339355346986e-05,2.1666166707311247e-05,3.7956141625392465e-05,0.0033248702793611936,0.003902745019198567,0.003902745019198567,0.004574042217762516,6.100737243284059e-05,6.100737243284059e-05,0.00406108485416378,0.00406108485416378,4.780850891023874,0.005914563778787851,0,1,False,0.25,0.3333333333333333
127,"(3, 1)",0,False,128,"(0.01, 32, 0.25)",0.01,32,0.25,32,all_epochs,120,Hours,min-max,5.065441472921599e-05,2.480641999135965e-05,0.0002937053942183984,5.065441472921599e-05,2.480641999135965e-05,0.0002937053942183984,0.004264617725604593,0.0036774826371086438,0.0036774826371086438,0.00729229351884801,7.885163244069174e-05,7.885163244069174e-05,0.004350461473163802,0.0043504614731638,4.780850891023874,0.006237685680389404,0,1,False,0.25,0.3333333333333333
128,"(3, 1)",0,False,128,"(0.01, 32, 0.25)",0.01,32,0.25,64,min_val,120,Hours,min-max,6.38520613755836e-05,3.071243638998776e-05,0.00010618024074334459,6.38520613755836e-05,3.071243638998776e-05,0.00010618024074334459,0.004921554004935894,0.004219010390578759,0.00421901039057876,0.006254287171407371,7.954023592987588e-05,7.954023592987588e-05,0.00481165685936953,0.0048116568593695305,9.664828944951296,0.005393775179982185,0,1,False,0.25,0.3333333333333333
129,"(3, 1)",0,False,128,"(0.01, 32, 0.25)",0.01,32,0.25,64,all_epochs,120,Hours,min-max,0.00023922479078741264,0.00018238694819631708,0.0002620471803565942,0.00023922479078741264,0.00018238694819631708,0.0002620471803565942,0.009193011778859578,0.009588115715598703,0.009588115715598705,0.010854516831470333,0.0002208934403246123,0.0002208934403246123,0.009421434580586144,0.009421434580586143,9.664828944951296,0.006051188800483942,0,1,False,0.25,0.3333333333333333
130,"(3, 1)",0,False,128,"(0.01, 32, 0.25)",0.01,32,0.25,128,min_val,120,Hours,min-max,0.0005095507345017407,7.535380801904551e-05,9.91853273511384e-05,0.0005095507345017407,7.535380801904551e-05,9.91853273511384e-05,0.008349115082791701,0.006414872873910871,0.006414872873910871,0.007462780018313093,0.00010683534438183955,0.00010683534438183955,0.006512047268490678,0.006512047268490676,19.475166680756956,0.005644335877150297,0,1,False,0.25,0.3333333333333333
131,"(3, 1)",0,False,128,"(0.01, 32, 0.25)",0.01,32,0.25,128,all_epochs,120,Hours,min-max,3.6216229310041475e-06,6.616384636594193e-06,0.00012488308933569417,3.6216229310041475e-06,6.616384636594193e-06,0.00012488308933569417,0.0011690388991058168,0.0017114088629445353,0.0017114088629445353,0.0038583512495817883,5.3571282831836665e-05,5.3571282831836665e-05,0.00225017923611582,0.0022501792361158193,19.475166680756956,0.006036653183400631,0,1,False,0.25,0.3333333333333333
132,"(3, 1)",0,False,128,"(0.0025, 32, 1)",0.0025,32,1.0,32,min_val,120,Hours,min-max,2.694260673420749e-05,1.7135622748149487e-05,3.969260088792985e-05,2.694260673420749e-05,1.7135622748149487e-05,3.969260088792985e-05,0.0026513513240096144,0.0029668743865600656,0.0029668743865600656,0.004145316854442179,5.5713669030847676e-05,5.5713669030847676e-05,0.003322368930381783,0.003322368930381783,4.7589051383547485,0.00747276097536087,0,1,False,0.25,0.3333333333333333
133,"(3, 1)",0,False,128,"(0.0025, 32, 1)",0.0025,32,1.0,32,all_epochs,120,Hours,min-max,2.581912200432889e-05,1.4739752697277638e-05,0.0003017812185421782,2.581912200432889e-05,1.4739752697277638e-05,0.0003017812185421782,0.0027711505745882316,0.0029080666630330832,0.0029080666630330832,0.0064146735957759824,9.057199467387739e-05,9.057199467387739e-05,0.0035751146943095633,0.003575114694309564,4.7589051383547485,0.0066034262999892235,0,1,False,0.25,0.3333333333333333
134,"(3, 1)",0,False,128,"(0.0025, 32, 1)",0.0025,32,1.0,64,min_val,120,Hours,min-max,4.179346523247799e-05,1.3021254778617838e-05,6.978052749692122e-05,4.179346523247799e-05,1.3021254778617838e-05,6.978052749692122e-05,0.002553211441918608,0.0027989387394962337,0.0027989387394962337,0.003821080546871952,5.431061204816057e-05,5.431061204816057e-05,0.0029156078074856306,0.0029156078074856306,9.581505223177373,0.0074198138900101185,0,1,False,0.25,0.3333333333333333
135,"(3, 1)",0,False,128,"(0.0025, 32, 1)",0.0025,32,1.0,64,all_epochs,120,Hours,min-max,3.2663451876849905e-05,1.2190947812316135e-05,0.0005438559870260119,3.2663451876849905e-05,1.2190947812316135e-05,0.0005438559870260119,0.0023181784387490173,0.0022823840058219793,0.0022823840058219798,0.0060913246504053775,8.536049080078406e-05,8.536049080078406e-05,0.00286798537531818,0.00286798537531818,9.581505223177373,0.006874517071992159,0,1,False,0.25,0.3333333333333333
136,"(3, 1)",0,False,128,"(0.0025, 32, 1)",0.0025,32,1.0,128,min_val,120,Hours,min-max,5.833235342442819e-05,6.14972541426755e-06,2.3439498007991284e-05,5.833235342442819e-05,6.14972541426755e-06,2.3439498007991284e-05,0.0018127405108304892,0.0016889772956131118,0.0016889772956131118,0.0026763203151365764,4.7324749164888684e-05,4.7324749164888684e-05,0.0019946717702039314,0.001994671770203932,19.25190357165411,0.005645114928483963,0,1,False,0.25,0.3333333333333333
137,"(3, 1)",0,False,128,"(0.0025, 32, 1)",0.0025,32,1.0,128,all_epochs,120,Hours,min-max,1.4820398927715954e-06,6.47623907995618e-06,0.00024993394588697105,1.4820398927715954e-06,6.47623907995618e-06,0.00024993394588697105,0.000675706003888097,0.001404412052255289,0.001404412052255289,0.004139511516904928,5.428611477326946e-05,5.428611477326946e-05,0.0018403331292649542,0.0018403331292649542,19.25190357165411,0.006219742354005575,0,1,False,0.25,0.3333333333333333
138,"(3, 1)",0,False,128,"(0.0025, 32, 0.25)",0.0025,32,0.25,32,min_val,120,Hours,min-max,1.3583752612324953e-05,1.771246896831744e-05,3.237673393260121e-05,1.3583752612324953e-05,1.771246896831744e-05,3.237673393260121e-05,0.0024859996101003834,0.003167301400679276,0.0031673014006792758,0.0038687901367095412,4.49099604455977e-05,4.49099604455977e-05,0.0032516850364719555,0.003251685036471956,4.74298902368173,0.005557262804359198,0,1,False,0.25,0.3333333333333333
139,"(3, 1)",0,False,128,"(0.0025, 32, 0.25)",0.0025,32,0.25,32,all_epochs,120,Hours,min-max,1.4236507615765894e-05,1.7522896081927026e-05,4.0880084970117966e-05,1.4236507615765894e-05,1.7522896081927026e-05,4.0880084970117966e-05,0.0027704821633544752,0.002837603125857957,0.002837603125857957,0.003987801793444417,5.14421506755778e-05,5.14421506755778e-05,0.0031978837520329705,0.003197883752032971,4.74298902368173,0.005943682044744492,0,1,False,0.25,0.3333333333333333
140,"(3, 1)",0,False,128,"(0.0025, 32, 0.25)",0.0025,32,0.25,64,min_val,120,Hours,min-max,0.00012169855356499259,1.6731460483321815e-05,2.677958959120634e-05,0.00012169855356499259,1.6731460483321815e-05,2.677958959120634e-05,0.0038709905314440983,0.003466692408642232,0.003466692408642232,0.0036266822792204658,5.2564073962263865e-05,5.2564073962263865e-05,0.0035069091383405373,0.0035069091383405386,9.606124673970044,0.005533705931156874,0,1,False,0.25,0.3333333333333333
141,"(3, 1)",0,False,128,"(0.0025, 32, 0.25)",0.0025,32,0.25,64,all_epochs,120,Hours,min-max,2.9997512096704507e-06,4.974653170443401e-06,0.00014991869717960042,2.9997512096704507e-06,4.974653170443401e-06,0.00014991869717960042,0.0011409070434915765,0.0015150743390551168,0.0015150743390551168,0.0038530448823064613,4.9050637559835316e-05,4.9050637559835316e-05,0.00206443293990448,0.002064432939904479,9.606124673970044,0.006195161957293749,0,1,False,0.25,0.3333333333333333
142,"(3, 1)",0,False,128,"(0.0025, 32, 0.25)",0.0025,32,0.25,128,min_val,120,Hours,min-max,9.601481580638633e-05,2.7423261371341835e-05,3.3000393892086756e-05,9.601481580638633e-05,2.7423261371341835e-05,3.3000393892086756e-05,0.004547494707909421,0.0044611612334790355,0.0044611612334790355,0.00463672222303725,6.185933871503394e-05,6.185933871503394e-05,0.004449183896571496,0.004449183896571496,19.177129260264337,0.009054986760020256,0,1,False,0.25,0.3333333333333333
143,"(3, 1)",0,False,128,"(0.0025, 32, 0.25)",0.0025,32,0.25,128,all_epochs,120,Hours,min-max,1.8943493193205438e-06,2.919541985023629e-06,8.150249315294953e-05,1.8943493193205438e-06,2.919541985023629e-06,8.150249315294953e-05,0.0008619442605668141,0.001232758981710288,0.0012327589817102877,0.002625476989718951,4.411861849964299e-05,4.411861849964299e-05,0.0016673196387892155,0.0016673196387892155,19.177129260264337,0.007180904969573021,0,1,False,0.25,0.3333333333333333
144,"(3, 1)",0,False,128,"(0.01, 32, 1)",0.01,32,1.0,32,min_val,168,Days,min-max,6.148255011819753e-07,2.3364174680984176e-06,1.6459741893285559e-06,6.148255011819753e-07,2.3364174680984176e-06,1.6459741893285559e-06,0.0005175868202881127,0.0008927898897655698,0.0008927898897655699,0.0007770731697547048,4.647161804206596e-05,4.647161804206596e-05,0.0015202413956596505,0.001520241395659649,6.745710085146129,0.006311507895588875,0,1,False,0.25,0.3333333333333333
145,"(3, 1)",0,False,128,"(0.01, 32, 1)",0.01,32,1.0,32,all_epochs,168,Days,min-max,6.148255011819753e-07,2.3364174680984176e-06,1.6459741893285559e-06,6.148255011819753e-07,2.3364174680984176e-06,1.6459741893285559e-06,0.0005175868202881127,0.0008927898897655698,0.0008927898897655699,0.0007770731697547048,4.647161804206596e-05,4.647161804206596e-05,0.0015202413956596505,0.001520241395659649,6.745710085146129,0.006337605882436037,0,1,False,0.25,0.3333333333333333
146,"(3, 1)",0,False,128,"(0.01, 32, 1)",0.01,32,1.0,64,min_val,168,Days,min-max,0.0003276821317617247,0.0001804658766937508,0.000324623214743043,0.0003276821317617247,0.0001804658766937508,0.000324623214743043,0.013647697917451844,0.011029139138821984,0.011029139138821985,0.013577349935251226,0.00043209618194330193,0.00043209618194330193,0.014077014265708386,0.014077014265708386,13.560811125207692,0.005844087805598974,0,1,False,0.25,0.3333333333333333
147,"(3, 1)",0,False,128,"(0.01, 32, 1)",0.01,32,1.0,64,all_epochs,168,Days,min-max,0.00032928671294789514,0.00017829160984464212,0.00032484497862811655,0.00032928671294789514,0.00017829160984464212,0.00032484497862811655,0.013537283836238827,0.010866051032033329,0.010866051032033329,0.013382744962697488,0.00043516579485701,0.00043516579485701,0.013998633536582367,0.013998633536582367,13.560811125207692,0.006323722656816244,0,1,False,0.25,0.3333333333333333
148,"(3, 1)",0,False,128,"(0.01, 32, 1)",0.01,32,1.0,128,min_val,168,Days,min-max,2.5363848325865405e-07,2.9566906918731997e-06,1.6235900063205246e-06,2.5363848325865405e-07,2.9566906918731997e-06,1.6235900063205246e-06,0.00035091969563497903,0.0010014880146562255,0.0010014880146562253,0.0007176104564160415,4.746329149974134e-05,4.746329149974134e-05,0.0013823958258791984,0.0013823958258791984,27.201340006198734,0.009492368903011084,0,1,False,0.25,0.3333333333333333
149,"(3, 1)",0,False,128,"(0.01, 32, 1)",0.01,32,1.0,128,all_epochs,168,Days,min-max,5.0837286794160495e-06,7.747425611982526e-06,6.581152081923545e-06,5.0837286794160495e-06,7.747425611982526e-06,6.581152081923545e-06,0.0020133428068489986,0.0020528049353138716,0.002052804935313871,0.0021489108207238244,5.613212255193299e-05,5.613212255193299e-05,0.002885863523472583,0.0028858635234725832,27.201340006198734,0.008029034826904535,0,1,False,0.25,0.3333333333333333
150,"(3, 1)",0,False,128,"(0.01, 32, 0.25)",0.01,32,0.25,32,min_val,168,Days,min-max,1.603919902077644e-06,2.8830281275289677e-06,3.024504252715736e-06,1.603919902077644e-06,2.8830281275289677e-06,3.024504252715736e-06,0.0008870231006507392,0.0011681005008268397,0.0011681005008268397,0.0011225328185157425,5.069548606473728e-05,5.069548606473728e-05,0.0017167535700125256,0.0017167535700125256,6.719670807942748,0.006810870952904224,0,1,False,0.25,0.3333333333333333
151,"(3, 1)",0,False,128,"(0.01, 32, 0.25)",0.01,32,0.25,32,all_epochs,168,Days,min-max,2.513004620219709e-06,4.221592887723311e-06,3.921980004683451e-06,2.513004620219709e-06,4.221592887723311e-06,3.921980004683451e-06,0.0012430925800588286,0.0016173486855479702,0.00161734868554797,0.0014480566212138853,5.006159417167351e-05,5.006159417167351e-05,0.0019183617530882057,0.0019183617530882074,6.719670807942748,0.006452356930822134,0,1,False,0.25,0.3333333333333333
152,"(3, 1)",0,False,128,"(0.01, 32, 0.25)",0.01,32,0.25,64,min_val,168,Days,min-max,2.130486092505946e-07,1.349374117152711e-06,1.4128136861497276e-06,2.130486092505946e-07,1.349374117152711e-06,1.4128136861497276e-06,0.00030530270248453617,0.0006374350836847297,0.0006374350836847296,0.0006508575858573292,4.360600203141651e-05,4.360600203141651e-05,0.0010797665946825487,0.0010797665946825482,13.574982755817473,0.0062118228524923325,0,1,False,0.25,0.3333333333333333
153,"(3, 1)",0,False,128,"(0.01, 32, 0.25)",0.01,32,0.25,64,all_epochs,168,Days,min-max,3.879016102184869e-07,1.654338526996338e-06,1.7601633154927258e-06,3.879016102184869e-07,1.654338526996338e-06,1.7601633154927258e-06,0.00046946622011258206,0.000732423756955178,0.000732423756955178,0.0007263529207384053,4.43754411781789e-05,4.43754411781789e-05,0.0012079456558237649,0.0012079456558237649,13.574982755817473,0.0063751377165317535,0,1,False,0.25,0.3333333333333333
154,"(3, 1)",0,False,128,"(0.01, 32, 0.25)",0.01,32,0.25,128,min_val,168,Days,min-max,2.3336371711713672e-07,2.733619927494204e-06,1.4388972174946485e-06,2.3336371711713672e-07,2.733619927494204e-06,1.4388972174946485e-06,0.00026714907857718464,0.0007674497100140573,0.0007674497100140573,0.0006104395150429582,5.0529251554922485e-05,5.0529251554922485e-05,0.001335222343800418,0.0013352223438004187,27.183188652154058,0.012371161952614784,0,1,False,0.25,0.3333333333333333
155,"(3, 1)",0,False,128,"(0.01, 32, 0.25)",0.01,32,0.25,128,all_epochs,168,Days,min-max,2.3448936718658123e-07,2.8944021327395795e-06,1.5892093225822129e-06,2.3448936718658123e-07,2.8944021327395795e-06,1.5892093225822129e-06,0.0002895640508705936,0.0007833882434373293,0.0007833882434373293,0.0006723644394328906,5.052233104047488e-05,5.052233104047488e-05,0.0013349929512560458,0.0013349929512560454,27.183188652154058,0.009013449773192406,0,1,False,0.25,0.3333333333333333
156,"(3, 1)",0,False,128,"(0.0025, 32, 1)",0.0025,32,1.0,32,min_val,168,Days,min-max,7.110641041248752e-07,2.4676687961670285e-06,1.9830657234609295e-06,7.110641041248752e-07,2.4676687961670285e-06,1.9830657234609295e-06,0.000532111730736779,0.0009686478202813742,0.0009686478202813743,0.0008489709433410663,4.826672641426892e-05,4.826672641426892e-05,0.0014286684279277138,0.0014286684279277136,6.705742734018713,0.007200778927654028,0,1,False,0.25,0.3333333333333333
157,"(3, 1)",0,False,128,"(0.0025, 32, 1)",0.0025,32,1.0,32,all_epochs,168,Days,min-max,9.5808364922633e-07,2.4863476439149023e-06,2.503047907126978e-06,9.5808364922633e-07,2.4863476439149023e-06,2.503047907126978e-06,0.0006489545818864757,0.0009649482342779926,0.0009649482342779926,0.0009710837912253594,4.745227344882417e-05,4.745227344882417e-05,0.0013950376139941969,0.0013950376139941969,6.705742734018713,0.006798012647777796,0,1,False,0.25,0.3333333333333333
158,"(3, 1)",0,False,128,"(0.0025, 32, 1)",0.0025,32,1.0,64,min_val,168,Days,min-max,2.8234417509338245e-07,9.668130548371291e-07,6.133666263026947e-07,2.8234417509338245e-07,9.668130548371291e-07,6.133666263026947e-07,0.00033766482564469513,0.0006064894354934601,0.0006064894354934601,0.00047319311759007625,4.2331758846530486e-05,4.2331758846530486e-05,0.0009375457423930337,0.000937545742393034,13.44779395032674,0.006190143991261721,0,1,False,0.25,0.3333333333333333
159,"(3, 1)",0,False,128,"(0.0025, 32, 1)",0.0025,32,1.0,64,all_epochs,168,Days,min-max,3.4043078330228384e-07,1.2536990701736985e-06,1.0131553922952086e-06,3.4043078330228384e-07,1.2536990701736985e-06,1.0131553922952086e-06,0.00040816359499656354,0.0007357219068315582,0.0007357219068315582,0.0005820097611850144,4.228678678027605e-05,4.228678678027605e-05,0.0009296239522229909,0.0009296239522229912,13.44779395032674,0.006361712701618671,0,1,False,0.25,0.3333333333333333
160,"(3, 1)",0,False,128,"(0.0025, 32, 1)",0.0025,32,1.0,128,min_val,168,Days,min-max,4.3060617691528603e-07,1.7216609320041707e-06,8.254905979722261e-07,4.3060617691528603e-07,1.7216609320041707e-06,8.254905979722261e-07,0.00044745811868414175,0.0008091971488814079,0.0008091971488814079,0.0006101123591430108,4.421389968269956e-05,4.421389968269956e-05,0.001147401173373562,0.001147401173373562,26.937609754037112,0.007482815999537706,0,1,False,0.25,0.3333333333333333
161,"(3, 1)",0,False,128,"(0.0025, 32, 1)",0.0025,32,1.0,128,all_epochs,168,Days,min-max,7.221783987489635e-07,1.825026172911572e-06,1.3434350380363703e-06,7.221783987489635e-07,1.825026172911572e-06,1.3434350380363703e-06,0.000516825125053984,0.0007968679624617665,0.0007968679624617665,0.0007085189526948643,4.592536909960054e-05,4.592536909960054e-05,0.0012435304443668717,0.001243530444366872,26.937609754037112,0.006896030157804489,0,1,False,0.25,0.3333333333333333
162,"(3, 1)",0,False,128,"(0.0025, 32, 0.25)",0.0025,32,0.25,32,min_val,168,Days,min-max,3.261643879238956e-07,1.5549339535687741e-06,1.0297401714731568e-06,3.261643879238956e-07,1.5549339535687741e-06,1.0297401714731568e-06,0.00038714166432323414,0.000798078113115284,0.000798078113115284,0.0006302736772984476,4.610549928138267e-05,4.610549928138267e-05,0.0011570537126572547,0.0011570537126572547,6.676881552208215,0.00828176224604249,0,1,False,0.25,0.3333333333333333
163,"(3, 1)",0,False,128,"(0.0025, 32, 0.25)",0.0025,32,0.25,32,all_epochs,168,Days,min-max,1.0416076574170278e-06,2.3741567398350287e-06,2.3072840279967165e-06,1.0416076574170278e-06,2.3741567398350287e-06,2.3072840279967165e-06,0.0008400587004043975,0.0011233753894323933,0.0011233753894323933,0.0010351581071273452,4.6681317395418395e-05,4.6681317395418395e-05,0.0013839993377740382,0.0013839993377740385,6.676881552208215,0.0072630844078958035,0,1,False,0.25,0.3333333333333333
164,"(3, 1)",0,False,128,"(0.0025, 32, 0.25)",0.0025,32,0.25,64,min_val,168,Days,min-max,5.288717301472544e-07,8.675706134476768e-07,1.0843281347848062e-06,5.288717301472544e-07,8.675706134476768e-07,1.0843281347848062e-06,0.0004888004022926408,0.0006436102103566653,0.0006436102103566652,0.0006614348356856769,4.33017283540027e-05,4.33017283540027e-05,0.0011224703653509513,0.0011224703653509513,13.505732409190387,0.006739212200045586,0,1,False,0.25,0.3333333333333333
165,"(3, 1)",0,False,128,"(0.0025, 32, 0.25)",0.0025,32,0.25,64,all_epochs,168,Days,min-max,5.179270011932513e-07,8.233852927797588e-07,1.2615654823313928e-06,5.179270011932513e-07,8.233852927797588e-07,1.2615654823313928e-06,0.0005093705355347444,0.0006429317006745448,0.0006429317006745445,0.0007243235667002758,4.327807764211685e-05,4.327807764211685e-05,0.001097867335375215,0.0010978673353752152,13.505732409190387,0.006701895967125893,0,1,False,0.25,0.3333333333333333
166,"(3, 1)",0,False,128,"(0.0025, 32, 0.25)",0.0025,32,0.25,128,min_val,168,Days,min-max,2.1158641838661798e-07,1.5787300320843443e-06,1.1023492630488243e-06,2.1158641838661798e-07,1.5787300320843443e-06,1.1023492630488243e-06,0.00029583906693508063,0.0007356174324531766,0.0007356174324531766,0.0006131680886077278,4.401111342711532e-05,4.401111342711532e-05,0.0010819426542363906,0.0010819426542363908,27.024319085292518,0.007797830738127232,0,1,False,0.25,0.3333333333333333
167,"(3, 1)",0,False,128,"(0.0025, 32, 0.25)",0.0025,32,0.25,128,all_epochs,168,Days,min-max,1.4488390903362618e-07,1.5078861419473045e-06,1.19564082115577e-06,1.4488390903362618e-07,1.5078861419473045e-06,1.19564082115577e-06,0.0002528633302902097,0.0007166850933288579,0.0007166850933288579,0.0006260863534683677,4.3764183414751685e-05,4.3764183414751685e-05,0.0010399629066642673,0.0010399629066642673,27.024319085292518,0.006719900295138359,0,1,False,0.25,0.3333333333333333
168,"(3, 1)",0,False,128,"(0.01, 32, 1)",0.01,32,1.0,32,min_val,168,Hours,min-max,1.2159844517228388e-06,1.0884615982184293e-05,1.031071508022836e-05,1.2159844517228388e-06,1.0884615982184293e-05,1.031071508022836e-05,0.000713628028802922,0.0013623379723180689,0.0013623379723180689,0.0014313552313971274,5.501076601796406e-05,5.501076601796406e-05,0.0016164047671449076,0.0016164047671449076,6.775831256993115,0.008414364885538816,0,1,False,0.25,0.3333333333333333
169,"(3, 1)",0,False,128,"(0.01, 32, 1)",0.01,32,1.0,32,all_epochs,168,Hours,min-max,1.5496181083028719e-06,1.4812927710497544e-05,1.3708064569565992e-05,1.5496181083028719e-06,1.4812927710497544e-05,1.3708064569565992e-05,0.000795276122764507,0.0017023073761433302,0.0017023073761433306,0.001815236308015624,5.723546149543715e-05,5.723546149543715e-05,0.001788629127371293,0.0017886291273712922,6.775831256993115,0.0076376707293093204,0,1,False,0.25,0.3333333333333333
170,"(3, 1)",0,False,128,"(0.01, 32, 1)",0.01,32,1.0,64,min_val,168,Hours,min-max,5.20952585220992e-07,8.990207528785813e-06,8.326500224454225e-06,5.20952585220992e-07,8.990207528785813e-06,8.326500224454225e-06,0.0004527219618824352,0.0011668107718998662,0.0011668107718998664,0.0011862711401706034,5.351601057073655e-05,5.351601057073655e-05,0.0013068468222912528,0.001306846822291252,13.602394726127386,0.006535600870847702,0,1,False,0.25,0.3333333333333333
171,"(3, 1)",0,False,128,"(0.01, 32, 1)",0.01,32,1.0,64,all_epochs,168,Hours,min-max,9.754259189219261e-07,9.211118120780447e-06,9.286850079649741e-06,9.754259189219261e-07,9.211118120780447e-06,9.286850079649741e-06,0.0007538614312280835,0.0014149942337055826,0.0014149942337055826,0.0015705002871054638,5.310844159080725e-05,5.310844159080725e-05,0.0015372536579411045,0.0015372536579411045,13.602394726127386,0.006368681788444519,0,1,False,0.25,0.3333333333333333
172,"(3, 1)",0,False,128,"(0.01, 32, 1)",0.01,32,1.0,128,min_val,168,Hours,min-max,2.7311248182804643e-07,2.0850480387415514e-06,1.023163731187427e-06,2.7311248182804643e-07,2.0850480387415514e-06,1.023163731187427e-06,0.0003581323795259709,0.0008061143882951812,0.0008061143882951812,0.0005750101378806901,4.079994020163524e-05,4.079994020163524e-05,0.0008777944024934946,0.0008777944024934946,27.217858740594238,0.0063233161345124245,0,1,False,0.25,0.3333333333333333
173,"(3, 1)",0,False,128,"(0.01, 32, 1)",0.01,32,1.0,128,all_epochs,168,Hours,min-max,2.8778987825433937e-07,2.8298572800440765e-06,1.9347262747422885e-06,2.8778987825433937e-07,2.8298572800440765e-06,1.9347262747422885e-06,0.0003886452585227228,0.0008671104157847802,0.0008671104157847802,0.0007501167646930873,4.216982574629386e-05,4.216982574629386e-05,0.0009369878459008099,0.0009369878459008099,27.217858740594238,0.007079231087118387,0,1,False,0.25,0.3333333333333333
174,"(3, 1)",0,False,128,"(0.01, 32, 0.25)",0.01,32,0.25,32,min_val,168,Hours,min-max,4.700634557782615e-07,7.429092100366456e-06,7.421674296936022e-06,4.700634557782615e-07,7.429092100366456e-06,7.421674296936022e-06,0.0004520467622439795,0.0012135688670534199,0.0012135688670534199,0.0011244771069221205,4.912467888387204e-05,4.912467888387204e-05,0.001166674705586622,0.0011666747055866216,6.723382470197976,0.006193506997078657,0,1,False,0.25,0.3333333333333333
175,"(3, 1)",0,False,128,"(0.01, 32, 0.25)",0.01,32,0.25,32,all_epochs,168,Hours,min-max,4.436117832754472e-07,7.596116093656951e-06,8.084190799847695e-06,4.436117832754472e-07,7.596116093656951e-06,8.084190799847695e-06,0.00040770906216755276,0.001160562416468014,0.001160562416468014,0.0011780982006079613,4.9824595154781024e-05,4.9824595154781024e-05,0.001222874318433368,0.001222874318433368,6.723382470197976,0.008728441316634417,0,1,False,0.25,0.3333333333333333
176,"(3, 1)",0,False,128,"(0.01, 32, 0.25)",0.01,32,0.25,64,min_val,168,Hours,min-max,2.9224298820784043e-06,1.5344439108438888e-05,1.5245903174968278e-05,2.9224298820784043e-06,1.5344439108438888e-05,1.5245903174968278e-05,0.0009449528005274632,0.0017382062590256336,0.0017382062590256336,0.0018427723694278753,6.208208564154298e-05,6.208208564154298e-05,0.0018999563561672794,0.0018999563561672794,13.580558684654534,0.009276603814214468,0,1,False,0.25,0.3333333333333333
177,"(3, 1)",0,False,128,"(0.01, 32, 0.25)",0.01,32,0.25,64,all_epochs,168,Hours,min-max,2.4308613445889567e-06,1.5551094921657723e-05,1.704085831058061e-05,2.4308613445889567e-06,1.5551094921657723e-05,1.704085831058061e-05,0.0010022510149726262,0.0017730480767569235,0.0017730480767569235,0.001989397275034261,6.396795851487848e-05,6.396795851487848e-05,0.0020584533720289515,0.002058453372028952,13.580558684654534,0.007766214665025473,0,1,False,0.25,0.3333333333333333
178,"(3, 1)",0,False,128,"(0.01, 32, 0.25)",0.01,32,0.25,128,min_val,168,Hours,min-max,1.4382733148280746e-05,1.7735529691589095e-05,2.3916285123668995e-05,1.4382733148280746e-05,1.7735529691589095e-05,2.3916285123668995e-05,0.0025416885126938135,0.0029189420468219416,0.0029189420468219416,0.003474282876891368,6.407640974239862e-05,6.407640974239862e-05,0.00336070760227362,0.0033607076022736195,27.201546751894057,0.00701883202418685,0,1,False,0.25,0.3333333333333333
179,"(3, 1)",0,False,128,"(0.01, 32, 0.25)",0.01,32,0.25,128,all_epochs,168,Hours,min-max,1.4316598316151914e-05,1.8570252572485225e-05,2.5636492886831697e-05,1.4316598316151914e-05,1.8570252572485225e-05,2.5636492886831697e-05,0.0026701850095172362,0.003143643831848819,0.0031436438318488188,0.0036646669724271445,6.507153335609621e-05,6.507153335609621e-05,0.0036220432017636953,0.003622043201763694,27.201546751894057,0.0070098829455673695,0,1,False,0.25,0.3333333333333333
180,"(3, 1)",0,False,128,"(0.0025, 32, 1)",0.0025,32,1.0,32,min_val,168,Hours,min-max,4.154078859136285e-07,5.362378497790919e-06,5.004200157099932e-06,4.154078859136285e-07,5.362378497790919e-06,5.004200157099932e-06,0.00040901201940291227,0.0011148429849618295,0.0011148429849618295,0.0010329357942703875,4.5087762171841804e-05,4.5087762171841804e-05,0.0011529241797419189,0.001152924179741919,6.707428351975977,0.006456362083554268,0,1,False,0.25,0.3333333333333333
181,"(3, 1)",0,False,128,"(0.0025, 32, 1)",0.0025,32,1.0,32,all_epochs,168,Hours,min-max,5.318237245759594e-07,5.314056669549647e-06,5.407877296108216e-06,5.318237245759594e-07,5.314056669549647e-06,5.407877296108216e-06,0.0005041101140495302,0.001147481523988451,0.001147481523988451,0.0011614421861714515,4.521533609466179e-05,4.521533609466179e-05,0.0012193900078523465,0.0012193900078523465,6.707428351975977,0.006442248355597258,0,1,False,0.25,0.3333333333333333
182,"(3, 1)",0,False,128,"(0.0025, 32, 1)",0.0025,32,1.0,64,min_val,168,Hours,min-max,5.075740380950783e-07,6.853470892853407e-06,4.763094098182957e-06,5.075740380950783e-07,6.853470892853407e-06,4.763094098182957e-06,0.000493548988362466,0.0013021192612396061,0.0013021192612396061,0.00115595711326319,4.556861283025939e-05,4.556861283025939e-05,0.0013802736936047691,0.0013802736936047693,13.461886246688664,0.010370736010372639,0,1,False,0.25,0.3333333333333333
183,"(3, 1)",0,False,128,"(0.0025, 32, 1)",0.0025,32,1.0,64,all_epochs,168,Hours,min-max,1.9818992507732387e-06,8.081758997431905e-06,5.785922711344591e-06,1.9818992507732387e-06,8.081758997431905e-06,5.785922711344591e-06,0.0012681423837523017,0.0019497219418436692,0.001949721941843669,0.0017453354115646294,4.6273769989096845e-05,4.6273769989096845e-05,0.0019991102052932357,0.0019991102052932357,13.461886246688664,0.008215144742280245,0,1,False,0.25,0.3333333333333333
184,"(3, 1)",0,False,128,"(0.0025, 32, 1)",0.0025,32,1.0,128,min_val,168,Hours,min-max,1.1182968807468179e-07,3.3239708231092495e-06,3.646572935141167e-06,1.1182968807468179e-07,3.3239708231092495e-06,3.646572935141167e-06,0.00021679160461105169,0.0007940625569536391,0.0007940625569536391,0.0007850217194346339,4.4537044301019054e-05,4.4537044301019054e-05,0.0008872927350446848,0.0008872927350446844,26.905887295026332,0.007051664870232344,0,1,False,0.25,0.3333333333333333
185,"(3, 1)",0,False,128,"(0.0025, 32, 1)",0.0025,32,1.0,128,all_epochs,168,Hours,min-max,1.1182968807468179e-07,3.3239708231092495e-06,3.646572935141167e-06,1.1182968807468179e-07,3.3239708231092495e-06,3.646572935141167e-06,0.00021679160461105169,0.0007940625569536391,0.0007940625569536391,0.0007850217194346339,4.4537044301019054e-05,4.4537044301019054e-05,0.0008872927350446848,0.0008872927350446844,26.905887295026332,0.006395997013896704,0,1,False,0.25,0.3333333333333333
186,"(3, 1)",0,False,128,"(0.0025, 32, 0.25)",0.0025,32,0.25,32,min_val,168,Hours,min-max,1.7682317970271323e-07,4.2168665829783446e-06,4.140994068579712e-06,1.7682317970271323e-07,4.2168665829783446e-06,4.140994068579712e-06,0.0002733426465170777,0.0008344357169800512,0.0008344357169800512,0.0008402409452567376,4.545321375711088e-05,4.545321375711088e-05,0.0009366957919667492,0.0009366957919667495,6.747776716016233,0.006383273750543594,0,1,False,0.25,0.3333333333333333
187,"(3, 1)",0,False,128,"(0.0025, 32, 0.25)",0.0025,32,0.25,32,all_epochs,168,Hours,min-max,1.7229830499677235e-07,4.592140900741367e-06,4.6608057233743725e-06,1.7229830499677235e-07,4.592140900741367e-06,4.6608057233743725e-06,0.00025104832049361534,0.0008481080394451865,0.0008481080394451864,0.0008603250221383046,4.580385324953888e-05,4.580385324953888e-05,0.000937239007123691,0.000937239007123691,6.747776716016233,0.006275138817727566,0,1,False,0.25,0.3333333333333333
188,"(3, 1)",0,False,128,"(0.0025, 32, 0.25)",0.0025,32,0.25,64,min_val,168,Hours,min-max,4.975268267444141e-07,4.956629192603113e-06,5.0684086220329544e-06,4.975268267444141e-07,4.956629192603113e-06,5.0684086220329544e-06,0.0004765112800385795,0.0011776460025988322,0.0011776460025988322,0.001117545295022016,4.526667521264525e-05,4.526667521264525e-05,0.0012438447924598888,0.0012438447924598883,13.471888679079711,0.009856374002993107,0,1,False,0.25,0.3333333333333333
189,"(3, 1)",0,False,128,"(0.0025, 32, 0.25)",0.0025,32,0.25,64,all_epochs,168,Hours,min-max,4.975268267444141e-07,4.956629192603113e-06,5.0684086220329544e-06,4.975268267444141e-07,4.956629192603113e-06,5.0684086220329544e-06,0.0004765112800385795,0.0011776460025988322,0.0011776460025988322,0.001117545295022016,4.526667521264525e-05,4.526667521264525e-05,0.0012438447924598888,0.0012438447924598883,13.471888679079711,0.008596892934292555,0,1,False,0.25,0.3333333333333333
190,"(3, 1)",0,False,128,"(0.0025, 32, 0.25)",0.0025,32,0.25,128,min_val,168,Hours,min-max,1.813357796493571e-07,5.016507837145348e-06,4.695537372948686e-06,1.813357796493571e-07,5.016507837145348e-06,4.695537372948686e-06,0.0002964411895198191,0.001004543801302634,0.001004543801302634,0.0008364852462606963,4.554276188607129e-05,4.554276188607129e-05,0.0009620200216917983,0.0009620200216917982,26.975874367635697,0.006694772746413946,0,1,False,0.25,0.3333333333333333
191,"(3, 1)",0,False,128,"(0.0025, 32, 0.25)",0.0025,32,0.25,128,all_epochs,168,Hours,min-max,1.4052581358649496e-07,5.046969957726287e-06,4.734594881474652e-06,1.4052581358649496e-07,5.046969957726287e-06,4.734594881474652e-06,0.0002518051665868106,0.0009819993063361488,0.0009819993063361486,0.0008136884741275908,4.544752609313435e-05,4.544752609313435e-05,0.0009310090782305364,0.0009310090782305362,26.975874367635697,0.006536089815199375,0,1,False,0.25,0.3333333333333333
192,"(3, 1)",0,False,128,"(0.01, 32, 1)",0.01,32,1.0,32,min_val,672,Days,min-max,1.1817478699643986e-07,1.9582648567946745e-07,2.1838626804486207e-07,1.1817478699643986e-07,1.9582648567946745e-07,2.1838626804486207e-07,0.00024339302044144815,0.0002963622330982547,0.0002963622330982547,0.00031791967638590665,3.826588900760035e-05,3.826588900760035e-05,0.0004317691201476594,0.0004317691201476592,27.30238762591034,0.021217017900198698,0,1,False,0.25,0.3333333333333333
193,"(3, 1)",0,False,128,"(0.01, 32, 1)",0.01,32,1.0,32,all_epochs,672,Days,min-max,1.1817478699643986e-07,1.9582648567946745e-07,2.1838626804486207e-07,1.1817478699643986e-07,1.9582648567946745e-07,2.1838626804486207e-07,0.00024339302044144815,0.0002963622330982547,0.0002963622330982547,0.00031791967638590665,3.826588900760035e-05,3.826588900760035e-05,0.0004317691201476594,0.0004317691201476592,27.30238762591034,0.01658146269619465,0,1,False,0.25,0.3333333333333333
194,"(3, 1)",0,False,128,"(0.01, 32, 1)",0.01,32,1.0,64,min_val,672,Days,min-max,1.0869971600391639e-07,1.528026431411704e-07,1.7149215395093282e-07,1.0869971600391639e-07,1.528026431411704e-07,1.7149215395093282e-07,0.0002270532665981704,0.00025655315647067417,0.00025655315647067417,0.0002715089753231854,3.74001984661247e-05,3.74001984661247e-05,0.0003715911867385301,0.00037159118673853024,54.52586813829839,0.03316704509779811,0,1,False,0.25,0.3333333333333333
195,"(3, 1)",0,False,128,"(0.01, 32, 1)",0.01,32,1.0,64,all_epochs,672,Days,min-max,6.386650301474184e-07,6.939288263112847e-07,7.141620778195269e-07,6.386650301474184e-07,6.939288263112847e-07,7.141620778195269e-07,0.0007078703131788784,0.0007366723921645243,0.0007366723921645243,0.0007487786710957593,3.841404087617433e-05,3.841404087617433e-05,0.0008215642077742745,0.0008215642077742745,54.52586813829839,0.017831298988312483,0,1,False,0.25,0.3333333333333333
196,"(3, 1)",0,False,128,"(0.01, 32, 1)",0.01,32,1.0,128,min_val,672,Days,min-max,9.262346178626226e-08,1.468590832562036e-07,1.1821590818344565e-07,9.262346178626226e-08,1.468590832562036e-07,1.1821590818344565e-07,0.00022685270882546362,0.00027399577986864354,0.00027399577986864354,0.00025629869021675817,3.652337003435118e-05,3.652337003435118e-05,0.00038465901743441365,0.00038465901743441365,109.43083516228944,0.02195511059835553,0,1,False,0.25,0.3333333333333333
197,"(3, 1)",0,False,128,"(0.01, 32, 1)",0.01,32,1.0,128,all_epochs,672,Days,min-max,2.4693667474148355e-07,2.9788059472892516e-07,2.735272264482254e-07,2.4693667474148355e-07,2.9788059472892516e-07,2.735272264482254e-07,0.00037951244207005394,0.00039887132753827414,0.00039887132753827414,0.0003983480830084396,3.669684831359255e-05,3.669684831359255e-05,0.0005221131065183879,0.0005221131065183879,109.43083516228944,0.015407722909003496,0,1,False,0.25,0.3333333333333333
198,"(3, 1)",0,False,128,"(0.01, 32, 0.25)",0.01,32,0.25,32,min_val,672,Days,min-max,1.8741204010341475e-07,2.689283800320547e-07,2.5870847879048365e-07,1.8741204010341475e-07,2.689283800320547e-07,2.5870847879048365e-07,0.000300504488437973,0.0003376726258769822,0.0003376726258769823,0.0003411493878697745,3.789722537851349e-05,3.789722537851349e-05,0.0004983897463892607,0.0004983897463892605,27.298442915081978,0.022950814105570316,0,1,False,0.25,0.3333333333333333
199,"(3, 1)",0,False,128,"(0.01, 32, 0.25)",0.01,32,0.25,32,all_epochs,672,Days,min-max,1.1216614672882655e-06,1.577848264547512e-06,1.3788666753105036e-06,1.1216614672882655e-06,1.577848264547512e-06,1.3788666753105036e-06,0.0006668402807301355,0.0007630885247103706,0.0007630885247103707,0.0007416128421776474,3.9553908396880285e-05,3.9553908396880285e-05,0.000864717884811096,0.0008647178848110963,27.298442915081978,0.016304579097777605,0,1,False,0.25,0.3333333333333333
200,"(3, 1)",0,False,128,"(0.01, 32, 0.25)",0.01,32,0.25,64,min_val,672,Days,min-max,9.801801472855735e-08,1.297500739487866e-07,1.6952465272046813e-07,9.801801472855735e-08,1.297500739487866e-07,1.6952465272046813e-07,0.00019818471797855458,0.0002221440614137472,0.0002221440614137472,0.0002677556660590491,3.8016509378573856e-05,3.8016509378573856e-05,0.00040460715177579557,0.0004046071517757954,54.683238898869604,0.020461965817958117,0,1,False,0.25,0.3333333333333333
201,"(3, 1)",0,False,128,"(0.01, 32, 0.25)",0.01,32,0.25,64,all_epochs,672,Days,min-max,9.801801472855735e-08,1.297500739487866e-07,1.6952465272046813e-07,9.801801472855735e-08,1.297500739487866e-07,1.6952465272046813e-07,0.00019818471797855458,0.0002221440614137472,0.0002221440614137472,0.0002677556660590491,3.8016509378573856e-05,3.8016509378573856e-05,0.00040460715177579557,0.0004046071517757954,54.683238898869604,0.016657637897878885,0,1,False,0.25,0.3333333333333333
202,"(3, 1)",0,False,128,"(0.01, 32, 0.25)",0.01,32,0.25,128,min_val,672,Days,min-max,2.8382964185683573e-08,7.129278458936088e-08,7.842167374449837e-08,2.8382964185683573e-08,7.129278458936088e-08,7.842167374449837e-08,9.730831958985879e-05,0.00015437820429141684,0.00015437820429141684,0.0001586146047940089,3.954792292350641e-05,3.954792292350641e-05,0.00030511495314528036,0.00030511495314528036,110.43151672417298,0.02290531899780035,0,1,False,0.25,0.3333333333333333
203,"(3, 1)",0,False,128,"(0.01, 32, 0.25)",0.01,32,0.25,128,all_epochs,672,Days,min-max,2.8382964185683573e-08,7.129278458936088e-08,7.842167374449837e-08,2.8382964185683573e-08,7.129278458936088e-08,7.842167374449837e-08,9.730831958985879e-05,0.00015437820429141684,0.00015437820429141684,0.0001586146047940089,3.954792292350641e-05,3.954792292350641e-05,0.00030511495314528036,0.00030511495314528036,110.43151672417298,0.016691457945853472,0,1,False,0.25,0.3333333333333333
204,"(3, 1)",0,False,128,"(0.0025, 32, 1)",0.0025,32,1.0,32,min_val,672,Days,min-max,1.9106843388904055e-07,2.4418605934541793e-07,2.778790843841334e-07,1.9106843388904055e-07,2.4418605934541793e-07,2.778790843841334e-07,0.0003125327530638292,0.00034276394401356946,0.00034276394401356946,0.0003762502113115864,3.72915449955672e-05,3.72915449955672e-05,0.0004742862443072109,0.0004742862443072112,27.111145995091647,0.0157482516951859,0,1,False,0.25,0.3333333333333333
205,"(3, 1)",0,False,128,"(0.0025, 32, 1)",0.0025,32,1.0,32,all_epochs,672,Days,min-max,1.9106843388904055e-07,2.4418605934541793e-07,2.778790843841334e-07,1.9106843388904055e-07,2.4418605934541793e-07,2.778790843841334e-07,0.0003125327530638292,0.00034276394401356946,0.00034276394401356946,0.0003762502113115864,3.72915449955672e-05,3.72915449955672e-05,0.0004742862443072109,0.0004742862443072112,27.111145995091647,0.013735647778958082,0,1,False,0.25,0.3333333333333333
206,"(3, 1)",0,False,128,"(0.0025, 32, 1)",0.0025,32,1.0,64,min_val,672,Days,min-max,4.733176386984049e-08,7.793566974495895e-08,7.939692810807586e-08,4.733176386984049e-08,7.793566974495895e-08,7.939692810807586e-08,0.00014752345868621145,0.0001777734085434773,0.00017777340854347733,0.00018710394835371824,3.9649635344560375e-05,3.9649635344560375e-05,0.0003070895925148202,0.0003070895925148202,54.308912731241435,0.019832983147352934,0,1,False,0.25,0.3333333333333333
207,"(3, 1)",0,False,128,"(0.0025, 32, 1)",0.0025,32,1.0,64,all_epochs,672,Days,min-max,4.081091655411721e-08,7.597610037831253e-08,8.041462046765693e-08,4.081091655411721e-08,7.597610037831253e-08,8.041462046765693e-08,0.0001335515099478156,0.00016775784256761124,0.00016775784256761124,0.00018217661763290292,3.959041641252174e-05,3.959041641252174e-05,0.00029477675979333546,0.0002947767597933355,54.308912731241435,0.014143534004688263,0,1,False,0.25,0.3333333333333333
208,"(3, 1)",0,False,128,"(0.0025, 32, 1)",0.0025,32,1.0,128,min_val,672,Days,min-max,2.5160914149264376e-08,5.29845191321423e-08,5.4996319373871863e-08,2.5160914149264376e-08,5.29845191321423e-08,5.4996319373871863e-08,0.00011004061143438137,0.0001461995623656919,0.0001461995623656919,0.00015339244036506792,3.837073633937122e-05,3.837073633937122e-05,0.00026482784734317266,0.00026482784734317266,109.05362687679008,0.01947856368497014,0,1,False,0.25,0.3333333333333333
209,"(3, 1)",0,False,128,"(0.0025, 32, 1)",0.0025,32,1.0,128,all_epochs,672,Days,min-max,9.280926209683237e-08,1.2246367859548237e-07,1.1993827719606904e-07,9.280926209683237e-08,1.2246367859548237e-07,1.1993827719606904e-07,0.00023604685923252878,0.00025015228821637445,0.00025015228821637445,0.0002696010375844664,3.8352069081643585e-05,3.8352069081643585e-05,0.0003834311023130697,0.0003834311023130697,109.05362687679008,0.01639569690451026,0,1,False,0.25,0.3333333333333333
210,"(3, 1)",0,False,128,"(0.0025, 32, 0.25)",0.0025,32,0.25,32,min_val,672,Days,min-max,1.1755960592777796e-07,1.6087678499542576e-07,1.5244073941216026e-07,1.1755960592777796e-07,1.6087678499542576e-07,1.5244073941216026e-07,0.0002364371589787628,0.0002539422366235725,0.0002539422366235725,0.0002590991891910691,3.6697069553421e-05,3.6697069553421e-05,0.00038842390479663816,0.000388423904796638,26.995237119030207,0.01951822265982628,0,1,False,0.25,0.3333333333333333
211,"(3, 1)",0,False,128,"(0.0025, 32, 0.25)",0.0025,32,0.25,32,all_epochs,672,Days,min-max,1.053397594038253e-06,9.94228018907158e-07,1.0850266036108152e-06,1.053397594038253e-06,9.94228018907158e-07,1.0850266036108152e-06,0.0009289784661439855,0.0008846073371645103,0.0008846073371645103,0.0009433088315600463,3.740000733518145e-05,3.740000733518145e-05,0.001040498215055698,0.0010404982150556976,26.995237119030207,0.014144127257168293,0,1,False,0.25,0.3333333333333333
212,"(3, 1)",0,False,128,"(0.0025, 32, 0.25)",0.0025,32,0.25,64,min_val,672,Days,min-max,2.928481817841359e-08,5.2689939297014175e-08,6.096755241946335e-08,2.928481817841359e-08,5.2689939297014175e-08,6.096755241946335e-08,0.00012754477622568632,0.00016066867208063297,0.00016066867208063297,0.0001645648215767632,3.707934522132444e-05,3.707934522132444e-05,0.0002859161125988664,0.00028591611259886653,53.976115487050265,0.020867380779236555,0,1,False,0.25,0.3333333333333333
213,"(3, 1)",0,False,128,"(0.0025, 32, 0.25)",0.0025,32,0.25,64,all_epochs,672,Days,min-max,2.928481817841359e-08,5.2689939297014175e-08,6.096755241946335e-08,2.928481817841359e-08,5.2689939297014175e-08,6.096755241946335e-08,0.00012754477622568632,0.00016066867208063297,0.00016066867208063297,0.0001645648215767632,3.707934522132444e-05,3.707934522132444e-05,0.0002859161125988664,0.00028591611259886653,53.976115487050265,0.015146313700824976,0,1,False,0.25,0.3333333333333333
214,"(3, 1)",0,False,128,"(0.0025, 32, 0.25)",0.0025,32,0.25,128,min_val,672,Days,min-max,1.2802685567223348e-08,4.0159015773188e-08,4.359646553704523e-08,1.2802685567223348e-08,4.0159015773188e-08,4.359646553704523e-08,7.46899424567788e-05,0.00011869305281336366,0.00011869305281336364,0.00012499929354360814,3.7146989064261705e-05,3.7146989064261705e-05,0.00023612104225190938,0.00023612104225190938,108.49798036087304,0.024411696009337902,0,1,False,0.25,0.3333333333333333
215,"(3, 1)",0,False,128,"(0.0025, 32, 0.25)",0.0025,32,0.25,128,all_epochs,672,Days,min-max,1.2802685567223348e-08,4.0159015773188e-08,4.359646553704523e-08,1.2802685567223348e-08,4.0159015773188e-08,4.359646553704523e-08,7.46899424567788e-05,0.00011869305281336366,0.00011869305281336364,0.00012499929354360814,3.7146989064261705e-05,3.7146989064261705e-05,0.00023612104225190938,0.00023612104225190938,108.49798036087304,0.013997095171362162,0,1,False,0.25,0.3333333333333333
216,"(3, 1)",0,False,128,"(0.01, 32, 1)",0.01,32,1.0,32,min_val,672,Hours,min-max,8.079237647439962e-06,2.5943610693424785e-06,2.991742869293237e-06,8.079237647439962e-06,2.5943610693424785e-06,2.991742869293237e-06,0.001086497657909153,0.0010410136603384822,0.0010410136603384822,0.0011691978087992705,3.482209904799921e-05,3.482209904799921e-05,0.001137482080697161,0.001137482080697161,27.17655832832679,0.01607127208262682,0,1,False,0.25,0.3333333333333333
217,"(3, 1)",0,False,128,"(0.01, 32, 1)",0.01,32,1.0,32,all_epochs,672,Hours,min-max,1.803967802230727e-05,1.4403896425803558e-05,1.723376046670854e-05,1.803967802230727e-05,1.4403896425803558e-05,1.723376046670854e-05,0.00268542904465516,0.0026174604657707994,0.0026174604657707985,0.0028831922206818557,4.275840742987385e-05,4.275840742987385e-05,0.0027089888197946057,0.0027089888197946057,27.17655832832679,0.013834340963512659,0,1,False,0.25,0.3333333333333333
218,"(3, 1)",0,False,128,"(0.01, 32, 1)",0.01,32,1.0,64,min_val,672,Hours,min-max,9.954927885590077e-06,2.214078606486869e-06,2.204738639305072e-06,9.954927885590077e-06,2.214078606486869e-06,2.204738639305072e-06,0.0009929913700959274,0.0010029839584990562,0.0010029839584990562,0.0010522239771177289,3.645179663445722e-05,3.645179663445722e-05,0.0010694988889974988,0.001069498888997499,54.40600648988038,0.02594000194221735,0,1,False,0.25,0.3333333333333333
219,"(3, 1)",0,False,128,"(0.01, 32, 1)",0.01,32,1.0,64,all_epochs,672,Hours,min-max,1.9401967621776025e-05,8.365042154569356e-06,9.804995308743228e-06,1.9401967621776025e-05,8.365042154569356e-06,9.804995308743228e-06,0.002566232591646091,0.00237512446521832,0.0023751244652183206,0.00264850647604854,4.508944463996909e-05,4.508944463996909e-05,0.002522395470809558,0.0025223954708095586,54.40600648988038,0.02035932708531618,0,1,False,0.25,0.3333333333333333
220,"(3, 1)",0,False,128,"(0.01, 32, 1)",0.01,32,1.0,128,min_val,672,Hours,min-max,1.1303649424323808e-05,2.9695586155687257e-06,3.0386674072851535e-06,1.1303649424323808e-05,2.9695586155687257e-06,3.0386674072851535e-06,0.0011459466341933783,0.0011373195781198787,0.0011373195781198787,0.001161726501607553,3.762267350335804e-05,3.762267350335804e-05,0.0012072475070303568,0.0012072475070303572,109.27354916511104,0.029837052803486586,0,1,False,0.25,0.3333333333333333
221,"(3, 1)",0,False,128,"(0.01, 32, 1)",0.01,32,1.0,128,all_epochs,672,Hours,min-max,3.458009740729266e-06,5.189038688442468e-06,4.949566726863862e-06,3.458009740729266e-06,5.189038688442468e-06,4.949566726863862e-06,0.001060767014413254,0.0011155999614185996,0.0011155999614185994,0.0012269982964512077,3.3936830227751214e-05,3.3936830227751214e-05,0.0011878698726726616,0.0011878698726726618,109.27354916511104,0.01388376485556364,0,1,False,0.25,0.3333333333333333
222,"(3, 1)",0,False,128,"(0.01, 32, 0.25)",0.01,32,0.25,32,min_val,672,Hours,min-max,0.00047256984229879104,0.0003394090291523236,0.00045242077663635254,0.00047256984229879104,0.0003394090291523236,0.00045242077663635254,0.016171971036764283,0.013811449308849564,0.013811449308849566,0.01603174719052983,0.0004258090278360446,0.0004258090278360446,0.014988092822637572,0.014988092822637574,27.285782216116786,0.014007992576807737,0,1,False,0.25,0.3333333333333333
223,"(3, 1)",0,False,128,"(0.01, 32, 0.25)",0.01,32,0.25,32,all_epochs,672,Hours,min-max,0.00047325688232193537,0.0003428228341222446,0.00045315446278100676,0.00047325688232193537,0.0003428228341222446,0.00045315446278100676,0.016430806941834252,0.01408317616117747,0.014083176161177472,0.016324162301079883,0.00042862644540511013,0.00042862644540511013,0.015284435160937478,0.015284435160937478,27.285782216116786,0.012446941807866096,0,1,False,0.25,0.3333333333333333
224,"(3, 1)",0,False,128,"(0.01, 32, 0.25)",0.01,32,0.25,64,min_val,672,Hours,min-max,4.723341616795948e-06,2.046571879596564e-06,1.8396926615482485e-06,4.723341616795948e-06,2.046571879596564e-06,1.8396926615482485e-06,0.0007939027830604823,0.000858446920734951,0.0008584469207349511,0.0008721617124517092,3.320506588984302e-05,3.320506588984302e-05,0.0008742983339786708,0.000874298333978671,54.55693388404325,0.019609628710895777,0,1,False,0.25,0.3333333333333333
225,"(3, 1)",0,False,128,"(0.01, 32, 0.25)",0.01,32,0.25,64,all_epochs,672,Hours,min-max,3.4894552593760685e-06,1.7839508059627575e-06,2.2232986417118744e-06,3.4894552593760685e-06,1.7839508059627575e-06,2.2232986417118744e-06,0.0006413298849916293,0.0006848516813044048,0.0006848516813044048,0.0007288487405121909,3.335142580033416e-05,3.335142580033416e-05,0.0007256435423122327,0.0007256435423122325,54.55693388404325,0.016335131134837866,0,1,False,0.25,0.3333333333333333
226,"(3, 1)",0,False,128,"(0.01, 32, 0.25)",0.01,32,0.25,128,min_val,672,Hours,min-max,5.461688118956514e-06,1.5619844953961584e-06,2.398975204821058e-06,5.461688118956514e-06,1.5619844953961584e-06,2.398975204821058e-06,0.0007909279471114157,0.0007679842417069841,0.0007679842417069842,0.0008209298193862328,3.401789475474265e-05,3.401789475474265e-05,0.0008229009094748501,0.0008229009094748499,109.1512643918395,0.022561258636415005,0,1,False,0.25,0.3333333333333333
227,"(3, 1)",0,False,128,"(0.01, 32, 0.25)",0.01,32,0.25,128,all_epochs,672,Hours,min-max,1.1694825451137983e-06,2.65595744629411e-06,4.621779840654409e-06,1.1694825451137983e-06,2.65595744629411e-06,4.621779840654409e-06,0.000520728884426658,0.0005843540005473122,0.0005843540005473122,0.0006209471047347874,3.0427461901003294e-05,3.0427461901003294e-05,0.0006137200273182414,0.0006137200273182415,109.1512643918395,0.0137338200584054,0,1,False,0.25,0.3333333333333333
228,"(3, 1)",0,False,128,"(0.0025, 32, 1)",0.0025,32,1.0,32,min_val,672,Hours,min-max,9.92422644368359e-06,1.595652643255794e-06,1.877876726428268e-06,9.92422644368359e-06,1.595652643255794e-06,1.877876726428268e-06,0.0008883386116055314,0.0008525308053759405,0.0008525308053759405,0.0009064576526289237,3.7063041894016164e-05,3.7063041894016164e-05,0.0009274773704329473,0.0009274773704329478,27.063691795337945,0.015558385290205479,0,1,False,0.25,0.3333333333333333
229,"(3, 1)",0,False,128,"(0.0025, 32, 1)",0.0025,32,1.0,32,all_epochs,672,Hours,min-max,1.230684233879969e-05,9.388614639184498e-06,1.1654815241399016e-05,1.230684233879969e-05,9.388614639184498e-06,1.1654815241399016e-05,0.002494594290889602,0.002314536367577774,0.002314536367577774,0.0024762868695705877,4.116008643590508e-05,4.116008643590508e-05,0.0024746065579892055,0.0024746065579892055,27.063691795337945,0.013828057795763016,0,1,False,0.25,0.3333333333333333
230,"(3, 1)",0,False,128,"(0.0025, 32, 1)",0.0025,32,1.0,64,min_val,672,Hours,min-max,9.634277978911143e-06,1.3115076628620433e-06,1.5893767032126972e-06,9.634277978911143e-06,1.3115076628620433e-06,1.5893767032126972e-06,0.0008200341472217681,0.0007861272091276436,0.0007861272091276436,0.000867692210626101,3.6170034794976316e-05,3.6170034794976316e-05,0.000874184583817229,0.000874184583817229,54.23132932931185,0.020490027964115143,0,1,False,0.25,0.3333333333333333
231,"(3, 1)",0,False,128,"(0.0025, 32, 1)",0.0025,32,1.0,64,all_epochs,672,Hours,min-max,2.1777443616220345e-05,1.5160883721029364e-05,1.878410473783425e-05,2.1777443616220345e-05,1.5160883721029364e-05,1.878410473783425e-05,0.0033795429585773205,0.00313125508842467,0.0031312550884246703,0.003329522204509835,5.195863862562667e-05,5.195863862562667e-05,0.003278314455913081,0.0032783144559130816,54.23132932931185,0.013901844155043364,0,1,False,0.25,0.3333333333333333
232,"(3, 1)",0,False,128,"(0.0025, 32, 1)",0.0025,32,1.0,128,min_val,672,Hours,min-max,8.74032811908391e-06,9.262363692464756e-07,1.0950995392075324e-06,8.74032811908391e-06,9.262363692464756e-07,1.0950995392075324e-06,0.0007431754139182564,0.0007196065531058217,0.0007196065531058217,0.0007581249041458485,3.574636767498832e-05,3.574636767498832e-05,0.0007695118322052783,0.0007695118322052778,108.89076242223382,0.02002497063949704,0,1,False,0.25,0.3333333333333333
233,"(3, 1)",0,False,128,"(0.0025, 32, 1)",0.0025,32,1.0,128,all_epochs,672,Hours,min-max,7.661578880051946e-06,8.04168644338123e-06,9.84532358051729e-06,7.661578880051946e-06,8.04168644338123e-06,9.84532358051729e-06,0.0020521979050090763,0.0019922600632375073,0.0019922600632375073,0.002060888820016894,3.848652208957858e-05,3.848652208957858e-05,0.002074165660224004,0.0020741656602240055,108.89076242223382,0.015390582848340273,0,1,False,0.25,0.3333333333333333
234,"(3, 1)",0,False,128,"(0.0025, 32, 0.25)",0.0025,32,0.25,32,min_val,672,Hours,min-max,9.300849202028208e-06,1.059725842104936e-06,1.1983488159087024e-06,9.300849202028208e-06,1.059725842104936e-06,1.1983488159087024e-06,0.0006826761597350766,0.000632663244138479,0.0006326632441384789,0.0006839502054486044,3.6174787260896044e-05,3.6174787260896044e-05,0.0007062090140064139,0.0007062090140064143,27.041749028023332,0.017461929935961962,0,1,False,0.25,0.3333333333333333
235,"(3, 1)",0,False,128,"(0.0025, 32, 0.25)",0.0025,32,0.25,32,all_epochs,672,Hours,min-max,8.936782348386884e-06,1.83347224476166e-06,2.1052230178987114e-06,8.936782348386884e-06,1.83347224476166e-06,2.1052230178987114e-06,0.000764324625277482,0.0007396357155089685,0.0007396357155089685,0.0008119418770345973,3.638880208213268e-05,3.638880208213268e-05,0.0008003893184023191,0.0008003893184023189,27.041749028023332,0.01564285298809409,0,1,False,0.25,0.3333333333333333
236,"(3, 1)",0,False,128,"(0.0025, 32, 0.25)",0.0025,32,0.25,64,min_val,672,Hours,min-max,9.958459349208305e-06,5.805040389205436e-07,6.77466147793868e-07,9.958459349208305e-06,5.805040389205436e-07,6.77466147793868e-07,0.0005921004837737398,0.0005129734933307548,0.000512973493330755,0.0005833323502185176,3.634346738479282e-05,3.634346738479282e-05,0.0006160832752859772,0.0006160832752859772,54.21907680016011,0.020038563292473555,0,1,False,0.25,0.3333333333333333
237,"(3, 1)",0,False,128,"(0.0025, 32, 0.25)",0.0025,32,0.25,64,all_epochs,672,Hours,min-max,4.520665073827393e-06,8.490982716124506e-06,7.1260154112238794e-06,4.520665073827393e-06,8.490982716124506e-06,7.1260154112238794e-06,0.0017129995380563796,0.0017713041113577,0.0017713041113577,0.0017591128101864073,3.56435528059047e-05,3.56435528059047e-05,0.0017874757802491589,0.0017874757802491582,54.21907680016011,0.013828963972628117,0,1,False,0.25,0.3333333333333333
238,"(3, 1)",0,False,128,"(0.0025, 32, 0.25)",0.0025,32,0.25,128,min_val,672,Hours,min-max,4.369090835553118e-06,1.8806261819053205e-06,1.6391512736262143e-06,4.369090835553118e-06,1.8806261819053205e-06,1.6391512736262143e-06,0.0006393684918251416,0.0006911920601217195,0.0006911920601217195,0.0007233311134496738,3.4681462243866036e-05,3.4681462243866036e-05,0.0007275434479834535,0.0007275434479834535,108.8602609722875,0.021175640169531107,0,1,False,0.25,0.3333333333333333
239,"(3, 1)",0,False,128,"(0.0025, 32, 0.25)",0.0025,32,0.25,128,all_epochs,672,Hours,min-max,9.021061898517667e-07,4.979848059059651e-06,3.1811226905841083e-06,9.021061898517667e-07,4.979848059059651e-06,3.1811226905841083e-06,0.0003977641761345002,0.0005102515430695441,0.0005102515430695441,0.0005487647303518889,3.250481024970331e-05,3.250481024970331e-05,0.0005461674883928421,0.0005461674883928419,108.8602609722875,0.01630730042234063,0,1,False,0.25,0.3333333333333333
240,"(3, 1)",0,False,128,"(0.01, 32, 1)",0.01,32,1.0,32,min_val,1344,Days,min-max,1.687972051616341e-07,8.243143131534249e-06,1.8154806369201654e-07,1.687972051616341e-07,8.243143131534249e-06,1.8154806369201654e-07,0.00029020167404066884,0.0003637096367385884,0.0003637096367385884,0.0002853844563222427,3.597917708588648e-05,3.597917708588648e-05,0.0003707187647700114,0.00037071876477001134,54.4093622462824,0.034221917390823364,0,1,False,0.25,0.3333333333333333
241,"(3, 1)",0,False,128,"(0.01, 32, 1)",0.01,32,1.0,32,all_epochs,1344,Days,min-max,1.687972051616341e-07,8.243143131534249e-06,1.8154806369201654e-07,1.687972051616341e-07,8.243143131534249e-06,1.8154806369201654e-07,0.00029020167404066884,0.0003637096367385884,0.0003637096367385884,0.0002853844563222427,3.597917708588648e-05,3.597917708588648e-05,0.0003707187647700114,0.00037071876477001134,54.4093622462824,0.023987764958292246,0,1,False,0.25,0.3333333333333333
242,"(3, 1)",0,False,128,"(0.01, 32, 1)",0.01,32,1.0,64,min_val,1344,Days,min-max,1.2754175333135643e-07,8.17585457365862e-06,1.3583752023418823e-07,1.2754175333135643e-07,8.17585457365862e-06,1.3583752023418823e-07,0.00024528656082215325,0.0003242855763552072,0.0003242855763552072,0.00024340797484651453,3.576611642909219e-05,3.576611642909219e-05,0.0003267014700387221,0.00032670147003872223,109.78580518811941,0.03781299199908972,0,1,False,0.25,0.3333333333333333
243,"(3, 1)",0,False,128,"(0.01, 32, 1)",0.01,32,1.0,64,all_epochs,1344,Days,min-max,1.675892368832869e-07,8.105187140056455e-06,1.6853415772629897e-07,1.675892368832869e-07,8.105187140056455e-06,1.6853415772629897e-07,0.00030074639979094575,0.00037943071626682227,0.00037943071626682227,0.0002923777073140964,3.589312474434317e-05,3.589312474434317e-05,0.0003824619101160596,0.00038246191011605946,109.78580518811941,0.028993000742048025,0,1,False,0.25,0.3333333333333333
244,"(3, 1)",0,False,128,"(0.01, 32, 1)",0.01,32,1.0,128,min_val,1344,Days,min-max,7.653317666780292e-08,8.796859854072575e-06,1.8549603655469658e-07,7.653317666780292e-08,8.796859854072575e-06,1.8549603655469658e-07,0.0001786039365500649,0.00027619301944376966,0.0002761930194437696,0.00020516614082285905,3.705118525158796e-05,3.705118525158796e-05,0.00027694204363333394,0.0002769420436333339,222.2687741322443,0.030441341921687126,0,1,False,0.25,0.3333333333333333
245,"(3, 1)",0,False,128,"(0.01, 32, 1)",0.01,32,1.0,128,all_epochs,1344,Days,min-max,1.5792760017564537e-07,8.94732537666424e-06,3.1339200671652137e-07,1.5792760017564537e-07,8.94732537666424e-06,3.1339200671652137e-07,0.0003331183576781948,0.0004306021770099969,0.0004306021770099969,0.0003494687584931869,3.7030029307624994e-05,3.7030029307624994e-05,0.00042091103685308747,0.0004209110368530875,222.2687741322443,0.022824503015726805,0,1,False,0.25,0.3333333333333333
246,"(3, 1)",0,False,128,"(0.01, 32, 0.25)",0.01,32,0.25,32,min_val,1344,Days,min-max,1.8929803673874307e-07,1.0666794685008593e-05,2.8044807816743625e-07,1.8929803673874307e-07,1.0666794685008593e-05,2.8044807816743625e-07,0.00031859795687382047,0.0004805955992512945,0.0004805955992512945,0.0003503508731331471,3.860173331120003e-05,3.860173331120003e-05,0.0004346652743186869,0.0004346652743186868,55.68650384899229,0.035799416713416576,0,1,False,0.25,0.3333333333333333
247,"(3, 1)",0,False,128,"(0.01, 32, 0.25)",0.01,32,0.25,32,all_epochs,1344,Days,min-max,1.5080603435042527e-06,1.2077528422963995e-05,1.4364841217461672e-06,1.5080603435042527e-06,1.2077528422963995e-05,1.4364841217461672e-06,0.0008698665372860959,0.000952843535408668,0.000952843535408668,0.0008441200502677136,4.0049426918524345e-05,4.0049426918524345e-05,0.0009387580198613534,0.0009387580198613535,55.68650384899229,0.026324645150452852,0,1,False,0.25,0.3333333333333333
248,"(3, 1)",0,False,128,"(0.01, 32, 0.25)",0.01,32,0.25,64,min_val,1344,Days,min-max,6.024086949744154e-08,8.485696332618817e-06,7.444169432026201e-08,6.024086949744154e-08,8.485696332618817e-06,7.444169432026201e-08,0.00015899638270696348,0.000260318226569976,0.00026031822656997594,0.0001692831740025891,3.5835165845755015e-05,3.5835165845755015e-05,0.0002510417793875314,0.00025104177938753137,110.55173654388636,0.03464305633679032,0,1,False,0.25,0.3333333333333333
249,"(3, 1)",0,False,128,"(0.01, 32, 0.25)",0.01,32,0.25,64,all_epochs,1344,Days,min-max,7.673676059705874e-08,8.699547038667282e-06,1.0665415920524233e-07,7.673676059705874e-08,8.699547038667282e-06,1.0665415920524233e-07,0.00019380665385162002,0.00030940315547352395,0.000309403155473524,0.000211672843016029,3.601348987420324e-05,3.601348987420324e-05,0.0002875803830915441,0.0002875803830915441,110.55173654388636,0.026827831286937,0,1,False,0.25,0.3333333333333333
250,"(3, 1)",0,False,128,"(0.01, 32, 0.25)",0.01,32,0.25,128,min_val,1344,Days,min-max,4.0171966899825917e-08,8.329628598501131e-06,1.7212977287979826e-07,4.0171966899825917e-08,8.329628598501131e-06,1.7212977287979826e-07,0.00012889068382064374,0.00025447140157459414,0.00025447140157459414,0.00018636611960012915,3.617136820966597e-05,3.617136820966597e-05,0.00024854952970395836,0.00024854952970395836,234.35697318986058,0.03368382016196847,0,1,False,0.25,0.3333333333333333
251,"(3, 1)",0,False,128,"(0.01, 32, 0.25)",0.01,32,0.25,128,all_epochs,1344,Days,min-max,3.9034314625196426e-08,8.35916491266301e-06,1.8389078350761511e-07,3.9034314625196426e-08,8.35916491266301e-06,1.8389078350761511e-07,0.00012796291237700947,0.00025587375213600966,0.00025587375213600966,0.00018847813194163717,3.620376424767205e-05,3.620376424767205e-05,0.0002486250843507877,0.00024862508435078773,234.35697318986058,0.0285860737785697,0,1,False,0.25,0.3333333333333333
252,"(3, 1)",0,False,128,"(0.0025, 32, 1)",0.0025,32,1.0,32,min_val,1344,Days,min-max,1.4161492519835315e-07,9.228553465532003e-06,1.9932167289566875e-07,1.4161492519835315e-07,9.228553465532003e-06,1.9932167289566875e-07,0.0002948470528714683,0.0004066364170561776,0.0004066364170561776,0.0003114584204957109,3.708597196694923e-05,3.708597196694923e-05,0.0003850683622275976,0.00038506836222759755,58.92890723794699,0.028641052078455687,0,1,False,0.25,0.3333333333333333
253,"(3, 1)",0,False,128,"(0.0025, 32, 1)",0.0025,32,1.0,32,all_epochs,1344,Days,min-max,4.787576030625018e-07,8.885072802812597e-06,5.473396721035312e-07,4.787576030625018e-07,8.885072802812597e-06,5.473396721035312e-07,0.0006377228747887537,0.0007408201231955031,0.0007408201231955031,0.0006603890714860102,3.682277849669653e-05,3.682277849669653e-05,0.0007134961086280306,0.0007134961086280306,58.92890723794699,0.023841881193220615,0,1,False,0.25,0.3333333333333333
254,"(3, 1)",0,False,128,"(0.0025, 32, 1)",0.0025,32,1.0,64,min_val,1344,Days,min-max,3.477273955380306e-08,9.276355062971047e-06,5.351224144206812e-08,3.477273955380306e-08,9.276355062971047e-06,5.351224144206812e-08,0.00013830381008807433,0.0002500834766648691,0.00025008347666486915,0.0001521814584394235,3.704222608751167e-05,3.704222608751167e-05,0.0002273842912934227,0.0002273842912934227,118.1644647307694,0.03216008422896266,0,1,False,0.25,0.3333333333333333
255,"(3, 1)",0,False,128,"(0.0025, 32, 1)",0.0025,32,1.0,64,all_epochs,1344,Days,min-max,2.180971758424661e-07,9.525489852378749e-06,2.2001857288906777e-07,2.180971758424661e-07,9.525489852378749e-06,2.2001857288906777e-07,0.00035138683933180883,0.00044066907373031935,0.00044066907373031935,0.0003371568703494858,3.725463500002333e-05,3.725463500002333e-05,0.00042445553363803417,0.0004244555336380342,118.1644647307694,0.024310274980962276,0,1,False,0.25,0.3333333333333333
256,"(3, 1)",0,False,128,"(0.0025, 32, 1)",0.0025,32,1.0,128,min_val,1344,Days,min-max,1.6736610625424397e-08,8.381591583860561e-06,3.108939951706913e-08,1.6736610625424397e-08,8.381591583860561e-06,3.108939951706913e-08,8.188044702903245e-05,0.00018490490618630756,0.00018490490618630753,9.990031071411624e-05,3.63872950625587e-05,3.63872950625587e-05,0.00017751082682751002,0.00017751082682751,237.13370025297627,0.031232641078531742,0,1,False,0.25,0.3333333333333333
257,"(3, 1)",0,False,128,"(0.0025, 32, 1)",0.0025,32,1.0,128,all_epochs,1344,Days,min-max,3.240468750723974e-08,8.66081677943368e-06,5.058565119362231e-08,3.240468750723974e-08,8.66081677943368e-06,5.058565119362231e-08,0.00012160319433451636,0.00022329248329522599,0.00022329248329522599,0.00013752613102122687,3.660351425367569e-05,3.660351425367569e-05,0.00020894001249169799,0.00020894001249169807,237.13370025297627,0.024694735649973154,0,1,False,0.25,0.3333333333333333
258,"(3, 1)",0,False,128,"(0.0025, 32, 0.25)",0.0025,32,0.25,32,min_val,1344,Days,min-max,1.1287459790257015e-07,8.44258642999218e-06,1.42132919454001e-07,1.1287459790257015e-07,8.44258642999218e-06,1.42132919454001e-07,0.00022863736289194638,0.00030926410820900964,0.0003092641082090096,0.00023673870972145252,3.6182016292606004e-05,3.6182016292606004e-05,0.000322099474798507,0.0003220994747985071,58.78432777477428,0.02805918175727129,0,1,False,0.25,0.3333333333333333
259,"(3, 1)",0,False,128,"(0.0025, 32, 0.25)",0.0025,32,0.25,32,all_epochs,1344,Days,min-max,6.001728652002061e-07,8.388806763858621e-06,6.366263618072699e-07,6.001728652002061e-07,8.388806763858621e-06,6.366263618072699e-07,0.0006807411898746946,0.0007536602683794108,0.0007536602683794108,0.0006946922905992589,3.635110262131439e-05,3.635110262131439e-05,0.0007598797032127065,0.0007598797032127067,58.78432777477428,0.021261862013489008,0,1,False,0.25,0.3333333333333333
260,"(3, 1)",0,False,128,"(0.0025, 32, 0.25)",0.0025,32,0.25,64,min_val,1344,Days,min-max,1.5985541012798513e-08,8.206643663340615e-06,2.800753717420435e-08,1.5985541012798513e-08,8.206643663340615e-06,2.800753717420435e-08,8.197967841310854e-05,0.00017690082421293062,0.00017690082421293064,9.990545123819331e-05,3.603544301962162e-05,3.603544301962162e-05,0.00017147751756769385,0.00017147751756769387,117.98379074037075,0.029610942117869854,0,1,False,0.25,0.3333333333333333
261,"(3, 1)",0,False,128,"(0.0025, 32, 0.25)",0.0025,32,0.25,64,all_epochs,1344,Days,min-max,4.16257264599631e-08,8.259963007963237e-06,5.226968749081113e-08,4.16257264599631e-08,8.259963007963237e-06,5.226968749081113e-08,0.00013970079987084142,0.00022550154992173182,0.00022550154992173182,0.0001456556513577865,3.608319337380838e-05,3.608319337380838e-05,0.00022480608813444666,0.00022480608813444666,117.98379074037075,0.023925665766000748,0,1,False,0.25,0.3333333333333333
262,"(3, 1)",0,False,128,"(0.0025, 32, 0.25)",0.0025,32,0.25,128,min_val,1344,Days,min-max,7.08760376287394e-09,8.211337526734301e-06,2.7779054728001608e-08,7.08760376287394e-09,8.211337526734301e-06,2.7779054728001608e-08,5.0073497965953343e-05,0.0001473258287495921,0.00014732582874959214,7.479373710403051e-05,3.60974991351152e-05,3.60974991351152e-05,0.0001424405076453825,0.00014244050764538246,235.4792343233712,0.024804888758808374,0,1,False,0.25,0.3333333333333333
263,"(3, 1)",0,False,128,"(0.0025, 32, 0.25)",0.0025,32,0.25,128,all_epochs,1344,Days,min-max,6.742973417979072e-09,8.222016124414858e-06,2.852192280051368e-08,6.742973417979072e-09,8.222016124414858e-06,2.852192280051368e-08,4.824086105021343e-05,0.00014648124701930652,0.0001464812470193065,7.42441173658319e-05,3.61081141417161e-05,3.61081141417161e-05,0.0001414776321759214,0.00014147763217592143,235.4792343233712,0.0211352719925344,0,1,False,0.25,0.3333333333333333
264,"(3, 1)",0,False,128,"(0.01, 32, 1)",0.01,32,1.0,32,min_val,1344,Hours,min-max,4.895008494611183e-07,2.1758175576606248e-07,2.5269177397083554e-07,4.895008494611183e-07,2.1758175576606248e-07,2.5269177397083554e-07,0.00028849505507766497,0.0002944311451673603,0.00029443114516736034,0.00030770126280850013,3.643708691942114e-05,3.643708691942114e-05,0.000376130814713361,0.00037613081471336087,59.08311087777838,0.02247864892706275,0,1,False,0.25,0.3333333333333333
265,"(3, 1)",0,False,128,"(0.01, 32, 1)",0.01,32,1.0,32,all_epochs,1344,Hours,min-max,7.055875119308423e-07,5.220651337280869e-07,6.244933394494518e-07,7.055875119308423e-07,5.220651337280869e-07,6.244933394494518e-07,0.0005177626793277102,0.0005591410146827963,0.0005591410146827963,0.0005491862656908994,3.7497347231606346e-05,3.7497347231606346e-05,0.0006169732652392009,0.0006169732652392007,59.08311087777838,0.0231883330270648,0,1,False,0.25,0.3333333333333333
266,"(3, 1)",0,False,128,"(0.01, 32, 1)",0.01,32,1.0,64,min_val,1344,Hours,min-max,4.2866992952645765e-07,2.288768700156777e-07,2.13665722342824e-07,4.2866992952645765e-07,2.288768700156777e-07,2.13665722342824e-07,0.000284426281053717,0.00031156443820025474,0.00031156443820025474,0.00031477601632869145,3.598977735297154e-05,3.598977735297154e-05,0.00037999939030528023,0.0003799993903052804,118.58812134200707,0.02457265229895711,0,1,False,0.25,0.3333333333333333
267,"(3, 1)",0,False,128,"(0.01, 32, 1)",0.01,32,1.0,64,all_epochs,1344,Hours,min-max,6.142660070051562e-07,4.254916279942927e-07,4.1232562989254473e-07,6.142660070051562e-07,4.254916279942927e-07,4.1232562989254473e-07,0.0004452187547214077,0.00048363995592988756,0.00048363995592988756,0.000464860684588975,3.591687275173534e-05,3.591687275173534e-05,0.0005416993734008723,0.0005416993734008722,118.58812134200707,0.021940918173640966,0,1,False,0.25,0.3333333333333333
268,"(3, 1)",0,False,128,"(0.01, 32, 1)",0.01,32,1.0,128,min_val,1344,Hours,min-max,4.778090376097027e-07,2.157162019872112e-07,2.2150559951966572e-07,4.778090376097027e-07,2.157162019872112e-07,2.2150559951966572e-07,0.0003038298709833559,0.00031808982951457343,0.00031808982951457343,0.00031509092522360944,3.647641717070041e-05,3.647641717070041e-05,0.0003879378825457462,0.0003879378825457463,237.4208488096483,0.024976014159619808,0,1,False,0.25,0.3333333333333333
269,"(3, 1)",0,False,128,"(0.01, 32, 1)",0.01,32,1.0,128,all_epochs,1344,Hours,min-max,5.810289613888496e-07,2.759017696612311e-07,3.804241401503922e-07,5.810289613888496e-07,2.759017696612311e-07,3.804241401503922e-07,0.0003517623581957662,0.0003504396032040013,0.00035043960320400137,0.0003690086965876075,3.749168319221503e-05,3.749168319221503e-05,0.000437258171751887,0.00043725817175188707,237.4208488096483,0.022807881236076355,0,1,False,0.25,0.3333333333333333
270,"(3, 1)",0,False,128,"(0.01, 32, 0.25)",0.01,32,0.25,32,min_val,1344,Hours,min-max,4.859252467212103e-07,2.349760471826346e-07,3.2500519305184435e-07,4.859252467212103e-07,2.349760471826346e-07,3.2500519305184435e-07,0.0003145741420082953,0.00031947824639558454,0.00031947824639558454,0.0003400938090172622,3.622007992996695e-05,3.622007992996695e-05,0.0004008594750212597,0.00040085947502125957,59.22970192087814,0.029422231949865818,0,1,False,0.25,0.3333333333333333
271,"(3, 1)",0,False,128,"(0.01, 32, 0.25)",0.01,32,0.25,32,all_epochs,1344,Hours,min-max,5.196331310466178e-07,3.0482973046438765e-07,3.6371954951817615e-07,5.196331310466178e-07,3.0482973046438765e-07,3.6371954951817615e-07,0.0003639934298276354,0.0003930068955210921,0.0003930068955210921,0.0003931594559868248,3.646889611498542e-05,3.646889611498542e-05,0.00045270487609392745,0.0004527048760939277,59.22970192087814,0.02126189600676298,0,1,False,0.25,0.3333333333333333
272,"(3, 1)",0,False,128,"(0.01, 32, 0.25)",0.01,32,0.25,64,min_val,1344,Hours,min-max,3.610122639079687e-07,1.8598774758920503e-07,2.471232304157754e-07,3.610122639079687e-07,1.8598774758920503e-07,2.471232304157754e-07,0.0002840834302465423,0.00028820138354406275,0.00028820138354406275,0.00030146850272779184,3.587127486575879e-05,3.587127486575879e-05,0.0003670355180956146,0.0003670355180956147,118.54558250820264,0.026780787855386734,0,1,False,0.25,0.3333333333333333
273,"(3, 1)",0,False,128,"(0.01, 32, 0.25)",0.01,32,0.25,64,all_epochs,1344,Hours,min-max,3.8971210749515644e-07,3.6819489305996467e-07,4.651342770379389e-07,3.8971210749515644e-07,3.6819489305996467e-07,4.651342770379389e-07,0.0003904312129002226,0.00041282128388480207,0.000412821283884802,0.00041682189722331756,3.563341070045735e-05,3.563341070045735e-05,0.00047322133005837247,0.0004732213300583726,118.54558250820264,0.021773360203951597,0,1,False,0.25,0.3333333333333333
274,"(3, 1)",0,False,128,"(0.01, 32, 0.25)",0.01,32,0.25,128,min_val,1344,Hours,min-max,3.390346028480534e-07,9.558915331643832e-08,1.108206158870971e-07,3.390346028480534e-07,9.558915331643832e-08,1.108206158870971e-07,0.00018125399989932692,0.00019783479244444953,0.00019783479244444953,0.0002032990441928368,3.6427592860366996e-05,3.6427592860366996e-05,0.0002738345299405767,0.0002738345299405767,238.40943902125582,0.023814408108592033,0,1,False,0.25,0.3333333333333333
275,"(3, 1)",0,False,128,"(0.01, 32, 0.25)",0.01,32,0.25,128,all_epochs,1344,Hours,min-max,3.417263675529963e-07,1.0423057873074981e-07,1.1597842658600618e-07,3.417263675529963e-07,1.0423057873074981e-07,1.1597842658600618e-07,0.00019031889666027457,0.0002125878732276819,0.00021258787322768193,0.00021523294487997652,3.641323298073527e-05,3.641323298073527e-05,0.00028535550416513124,0.00028535550416513124,238.40943902125582,0.02346941875293851,0,1,False,0.25,0.3333333333333333
276,"(3, 1)",0,False,128,"(0.0025, 32, 1)",0.0025,32,1.0,32,min_val,1344,Hours,min-max,3.498431826504043e-07,1.4896223021603734e-07,1.7221510424063578e-07,3.498431826504043e-07,1.4896223021603734e-07,1.7221510424063578e-07,0.0002280498678087105,0.0002557998120810353,0.0002557998120810353,0.0002572121358985,3.6444186837794095e-05,3.6444186837794095e-05,0.00032497580242699033,0.0003249758024269903,58.93599248630926,0.025115988217294216,0,1,False,0.25,0.3333333333333333
277,"(3, 1)",0,False,128,"(0.0025, 32, 1)",0.0025,32,1.0,32,all_epochs,1344,Hours,min-max,6.821041261660575e-07,5.133889262828392e-07,6.656106917412728e-07,6.821041261660575e-07,5.133889262828392e-07,6.656106917412728e-07,0.00046614427564926236,0.0004607342451148306,0.00046073424511483064,0.0004763588794440482,3.675378761855921e-05,3.675378761855921e-05,0.0005425191843684911,0.0005425191843684912,58.93599248630926,0.02192031918093562,0,1,False,0.25,0.3333333333333333
278,"(3, 1)",0,False,128,"(0.0025, 32, 1)",0.0025,32,1.0,64,min_val,1344,Hours,min-max,2.9693137205608713e-07,1.1587001465502628e-07,1.2160919936661107e-07,2.9693137205608713e-07,1.1587001465502628e-07,1.2160919936661107e-07,0.0001800655164065796,0.00020856145708901614,0.00020856145708901614,0.00020496136670994342,3.6006002012288353e-05,3.6006002012288353e-05,0.0002716922550590333,0.00027169225505903333,119.6019779453054,0.02626581909134984,0,1,False,0.25,0.3333333333333333
279,"(3, 1)",0,False,128,"(0.0025, 32, 1)",0.0025,32,1.0,64,all_epochs,1344,Hours,min-max,3.601008996102094e-07,2.3064298687205307e-07,2.866472690911801e-07,3.601008996102094e-07,2.3064298687205307e-07,2.866472690911801e-07,0.00029199749446024445,0.0003234489922876736,0.0003234489922876736,0.0003226693368657632,3.6186942901426875e-05,3.6186942901426875e-05,0.0003799963534637281,0.00037999635346372824,119.6019779453054,0.022336764726787806,0,1,False,0.25,0.3333333333333333
280,"(3, 1)",0,False,128,"(0.0025, 32, 1)",0.0025,32,1.0,128,min_val,1344,Hours,min-max,3.099362614620771e-07,1.0866879246490907e-07,1.0853032874792446e-07,3.099362614620771e-07,1.0866879246490907e-07,1.0853032874792446e-07,0.00018588865405918455,0.00020748768121931283,0.0002074876812193128,0.00021323146574899303,3.5683280965378354e-05,3.5683280965378354e-05,0.00027135118462633595,0.00027135118462633605,241.71158088278025,0.02731639612466097,0,1,False,0.25,0.3333333333333333
281,"(3, 1)",0,False,128,"(0.0025, 32, 1)",0.0025,32,1.0,128,all_epochs,1344,Hours,min-max,1.0139055934042107e-05,1.0298668236906104e-05,1.0243180208130314e-05,1.0139055934042107e-05,1.0298668236906104e-05,1.0243180208130314e-05,0.002886376099152264,0.0029123639905013726,0.0029123639905013726,0.0028979028031241813,4.5307069100729206e-05,4.5307069100729206e-05,0.0029533714109781567,0.0029533714109781562,241.71158088278025,0.022714057005941868,0,1,False,0.25,0.3333333333333333
282,"(3, 1)",0,False,128,"(0.0025, 32, 0.25)",0.0025,32,0.25,32,min_val,1344,Hours,min-max,3.619854648757928e-07,1.581569322032812e-07,1.6426402342640184e-07,3.619854648757928e-07,1.581569322032812e-07,1.6426402342640184e-07,0.00022745308857226535,0.00026482977043098925,0.00026482977043098925,0.00025652910016977755,3.6382173299230616e-05,3.6382173299230616e-05,0.000325828936595476,0.00032582893659547605,59.918216364923865,0.02572354581207037,0,1,False,0.25,0.3333333333333333
283,"(3, 1)",0,False,128,"(0.0025, 32, 0.25)",0.0025,32,0.25,32,all_epochs,1344,Hours,min-max,5.360150656251706e-07,3.4227813297299635e-07,4.065146221898416e-07,5.360150656251706e-07,3.4227813297299635e-07,4.065146221898416e-07,0.00042527966162543736,0.0004370994406185347,0.00043709944061853464,0.0004511169437103858,3.670301807379668e-05,3.670301807379668e-05,0.0005150563598610671,0.0005150563598610669,59.918216364923865,0.023452894762158394,0,1,False,0.25,0.3333333333333333
284,"(3, 1)",0,False,128,"(0.0025, 32, 0.25)",0.0025,32,0.25,64,min_val,1344,Hours,min-max,2.3142045050775412e-07,8.396849123724326e-08,1.010229365230771e-07,2.3142045050775412e-07,8.396849123724326e-08,1.010229365230771e-07,0.00014348998206776902,0.00017268472023181645,0.00017268472023181645,0.0001803802096984615,3.595194933229282e-05,3.595194933229282e-05,0.0002414386009011678,0.00024143860090116787,121.88036175910383,0.025728245731443167,0,1,False,0.25,0.3333333333333333
285,"(3, 1)",0,False,128,"(0.0025, 32, 0.25)",0.0025,32,0.25,64,all_epochs,1344,Hours,min-max,2.3478263750491877e-07,1.3439173995412656e-07,1.9623825269404898e-07,2.3478263750491877e-07,1.3439173995412656e-07,1.9623825269404898e-07,0.0002109095017737541,0.0002235011638146353,0.00022350116381463525,0.0002449906808972664,3.574341578277091e-05,3.574341578277091e-05,0.00030091481714848917,0.00030091481714848917,121.88036175910383,0.022625502664595842,0,1,False,0.25,0.3333333333333333
286,"(3, 1)",0,False,128,"(0.0025, 32, 0.25)",0.0025,32,0.25,128,min_val,1344,Hours,min-max,1.0590875996844777e-07,6.133635531645615e-08,7.293318921961495e-08,1.0590875996844777e-07,6.133635531645615e-08,7.293318921961495e-08,0.00010954289952900348,0.0001318832979431139,0.0001318832979431139,0.00013525525081141155,3.556548040444294e-05,3.556548040444294e-05,0.00020273254502011317,0.00020273254502011314,205.00629592174664,0.02320975996553898,0,1,False,0.25,0.3333333333333333
287,"(3, 1)",0,False,128,"(0.0025, 32, 0.25)",0.0025,32,0.25,128,all_epochs,1344,Hours,min-max,1.08753898764608e-07,6.528721847339548e-08,7.778255998233111e-08,1.08753898764608e-07,6.528721847339548e-08,7.778255998233111e-08,0.00012537107518140222,0.00014440386361578965,0.00014440386361578965,0.00014645758510983386,3.5502240155221366e-05,3.5502240155221366e-05,0.00021505851528464724,0.00021505851528464724,205.00629592174664,0.02123715914785862,0,1,False,0.25,0.3333333333333333
288,"(3, 1)",0,False,128,"(0.01, 32, 1)",0.01,32,1.0,32,min_val,2016,Days,min-max,2.6403642232155327e-06,5.150030099757885e-07,7.078823121894063e-07,2.6403642232155327e-06,5.150030099757885e-07,7.078823121894063e-07,0.0004765481944935371,0.0004638528677914272,0.0004638528677914272,0.0004715176673436476,3.5385152624425875e-05,3.5385152624425875e-05,0.0005333341536483988,0.0005333341536483991,68.07128620008007,0.054515556897968054,0,1,False,0.25,0.3333333333333333
289,"(3, 1)",0,False,128,"(0.01, 32, 1)",0.01,32,1.0,32,all_epochs,2016,Days,min-max,3.078116957785002e-06,1.3524895044312776e-06,1.5615796532916163e-06,3.078116957785002e-06,1.3524895044312776e-06,1.5615796532916163e-06,0.0008071856321207665,0.000793909389594067,0.000793909389594067,0.0008136266000892793,3.599252550813388e-05,3.599252550813388e-05,0.0008445912261068078,0.0008445912261068079,68.07128620008007,0.03679201565682888,0,1,False,0.25,0.3333333333333333
290,"(3, 1)",0,False,128,"(0.01, 32, 1)",0.01,32,1.0,64,min_val,2016,Days,min-max,2.5468931173914673e-06,3.5804671965966255e-07,5.548456624318435e-07,2.5468931173914673e-06,3.5804671965966255e-07,5.548456624318435e-07,0.00045778610202464574,0.0004390693694326529,0.0004390693694326529,0.0004506077913864615,3.599737185959942e-05,3.599737185959942e-05,0.0005047650863652939,0.0005047650863652942,137.5186225962825,0.04710556706413627,0,1,False,0.25,0.3333333333333333
291,"(3, 1)",0,False,128,"(0.01, 32, 1)",0.01,32,1.0,64,all_epochs,2016,Days,min-max,2.9569415472247293e-06,5.594452488446664e-07,1.0471832210734184e-06,2.9569415472247293e-06,5.594452488446664e-07,1.0471832210734184e-06,0.0005655778966355686,0.0005612889147525011,0.0005612889147525011,0.0005765211973518409,3.6140164327308444e-05,3.6140164327308444e-05,0.0006162443370175766,0.0006162443370175767,137.5186225962825,0.036164453718811274,0,1,False,0.25,0.3333333333333333
292,"(3, 1)",0,False,128,"(0.01, 32, 1)",0.01,32,1.0,128,min_val,2016,Days,min-max,2.4804575938521897e-06,4.2472313948918774e-07,8.890386037601413e-07,2.4804575938521897e-06,4.2472313948918774e-07,8.890386037601413e-07,0.00044530850199594313,0.00042239244843029626,0.0004223924484302963,0.000458843653815042,3.603167446501609e-05,3.603167446501609e-05,0.0004904721897844266,0.0004904721897844267,279.13383143395185,0.03734699310734868,0,1,False,0.25,0.3333333333333333
293,"(3, 1)",0,False,128,"(0.01, 32, 1)",0.01,32,1.0,128,all_epochs,2016,Days,min-max,1.1918782050592533e-05,9.776005176416739e-06,9.932685586581662e-06,1.1918782050592533e-05,9.776005176416739e-06,9.932685586581662e-06,0.0029437697500458086,0.0029713599155237426,0.002971359915523743,0.002939639947515798,4.54068101153713e-05,4.54068101153713e-05,0.0030145752440265375,0.0030145752440265375,279.13383143395185,0.030650898348540068,0,1,False,0.25,0.3333333333333333
294,"(3, 1)",0,False,128,"(0.01, 32, 0.25)",0.01,32,0.25,32,min_val,2016,Days,min-max,2.613777169713709e-06,4.457529579712955e-07,6.443541210893531e-07,2.613777169713709e-06,4.457529579712955e-07,6.443541210893531e-07,0.0004704026432648333,0.0004613472153750907,0.00046134721537509067,0.000458990481189502,3.6189490933668394e-05,3.6189490933668394e-05,0.0005203962409351371,0.0005203962409351371,70.57898309500888,0.041335406713187695,0,1,False,0.25,0.3333333333333333
295,"(3, 1)",0,False,128,"(0.01, 32, 0.25)",0.01,32,0.25,32,all_epochs,2016,Days,min-max,4.310421415310549e-06,1.3096569424471758e-06,2.209157297660313e-06,4.310421415310549e-06,1.3096569424471758e-06,2.209157297660313e-06,0.0008918645663091,0.0008379418323558205,0.0008379418323558205,0.0009107484144612387,3.9203880478694176e-05,3.9203880478694176e-05,0.0009210570080330293,0.000921057008033029,70.57898309500888,0.03135792491957545,0,1,False,0.25,0.3333333333333333
296,"(3, 1)",0,False,128,"(0.01, 32, 0.25)",0.01,32,0.25,64,min_val,2016,Days,min-max,1.775618006813938e-06,3.4993562818261267e-07,4.518748576632029e-07,1.775618006813938e-06,3.4993562818261267e-07,4.518748576632029e-07,0.0003956545522310233,0.0003849999035802475,0.00038499990358024737,0.00040318265153143983,3.304065578826581e-05,3.304065578826581e-05,0.00043951426439536216,0.0004395142643953622,176.91465734923258,0.06187957525253296,0,1,False,0.25,0.3333333333333333
297,"(3, 1)",0,False,128,"(0.01, 32, 0.25)",0.01,32,0.25,64,all_epochs,2016,Days,min-max,1.051138875312105e-06,4.295694354726135e-07,5.411763228328486e-07,1.051138875312105e-06,4.295694354726135e-07,5.411763228328486e-07,0.00045145936419010004,0.00044945353127549576,0.00044945353127549576,0.00046062779078741794,3.3589211029562904e-05,3.3589211029562904e-05,0.0005070721719140243,0.0005070721719140243,176.91465734923258,0.038796668872237206,0,1,False,0.25,0.3333333333333333
298,"(3, 1)",0,False,128,"(0.01, 32, 0.25)",0.01,32,0.25,128,min_val,2016,Days,min-max,2.6405357172437967e-06,4.927549120763091e-07,6.595236057986374e-07,2.6405357172437967e-06,4.927549120763091e-07,6.595236057986374e-07,0.00044370847273349684,0.00045389247648097356,0.00045389247648097356,0.00044412837331041943,3.4668559313702436e-05,3.4668559313702436e-05,0.0004994262684554191,0.0004994262684554191,284.7848834330216,0.033422903157770634,0,1,False,0.25,0.3333333333333333
299,"(3, 1)",0,False,128,"(0.01, 32, 0.25)",0.01,32,0.25,128,all_epochs,2016,Days,min-max,5.349102159565354e-07,5.033987243917932e-07,7.739381048191091e-07,5.349102159565354e-07,5.033987243917932e-07,7.739381048191091e-07,0.00044098176866719734,0.0004403614235724176,0.0004403614235724176,0.0004513836284355404,1.4171749070910021e-05,1.4171749070910021e-05,0.0004735379051776046,0.0004735379051776043,284.7848834330216,0.027707042172551155,0,1,False,0.25,0.3333333333333333
300,"(3, 1)",0,False,128,"(0.0025, 32, 1)",0.0025,32,1.0,32,min_val,2016,Days,min-max,2.350165223494136e-06,3.1091045713395375e-07,4.57644075071128e-07,2.350165223494136e-06,3.1091045713395375e-07,4.57644075071128e-07,0.00035551293864098324,0.00036003558950559796,0.00036003558950559796,0.000355469052256411,3.5554284200792795e-05,3.5554284200792795e-05,0.000416591681074918,0.000416591681074918,69.58331476291642,0.059757581911981106,0,1,False,0.25,0.3333333333333333
301,"(3, 1)",0,False,128,"(0.0025, 32, 1)",0.0025,32,1.0,32,all_epochs,2016,Days,min-max,1.7710131091123518e-06,5.726882854943897e-07,8.599220077784889e-07,1.7710131091123518e-06,5.726882854943897e-07,8.599220077784889e-07,0.000471985294948383,0.00046306230352506113,0.00046306230352506113,0.0004917233635822775,3.4092107048504296e-05,3.4092107048504296e-05,0.0005406512505441879,0.0005406512505441879,69.58331476291642,0.028308027889579535,0,1,False,0.25,0.3333333333333333
302,"(3, 1)",0,False,128,"(0.0025, 32, 1)",0.0025,32,1.0,64,min_val,2016,Days,min-max,2.100071728507198e-06,3.381801382224077e-07,4.613767311600606e-07,2.100071728507198e-06,3.381801382224077e-07,4.613767311600606e-07,0.0004099332487122501,0.0003958986308356009,0.0003958986308356009,0.0004060558934826854,3.551322356476004e-05,3.551322356476004e-05,0.000458904234987394,0.00045890423498739396,139.9241080880165,0.03649370605126023,0,1,False,0.25,0.3333333333333333
303,"(3, 1)",0,False,128,"(0.0025, 32, 1)",0.0025,32,1.0,64,all_epochs,2016,Days,min-max,2.841177134930852e-06,1.6149455549541937e-06,1.876594866890409e-06,2.841177134930852e-06,1.6149455549541937e-06,1.876594866890409e-06,0.0008464516807966707,0.0007734322472538161,0.0007734322472538161,0.0008139452175909904,3.6450269153473026e-05,3.6450269153473026e-05,0.0008497534722043481,0.0008497534722043477,139.9241080880165,0.028491789009422064,0,1,False,0.25,0.3333333333333333
304,"(3, 1)",0,False,128,"(0.0025, 32, 1)",0.0025,32,1.0,128,min_val,2016,Days,min-max,1.3919879988036467e-06,1.866413212883181e-07,4.4118658283971907e-07,1.3919879988036467e-06,1.866413212883181e-07,4.4118658283971907e-07,0.0002775200037648466,0.0002689205523116275,0.00026892055231162744,0.000297986203620918,3.519377608343781e-05,3.519377608343781e-05,0.0003394425483262507,0.0003394425483262506,284.11013871990144,0.039244648069143295,0,1,False,0.25,0.3333333333333333
305,"(3, 1)",0,False,128,"(0.0025, 32, 1)",0.0025,32,1.0,128,all_epochs,2016,Days,min-max,1.622504673547024e-06,8.848362121148384e-07,1.09769135352153e-06,1.622504673547024e-06,8.848362121148384e-07,1.09769135352153e-06,0.0007322789847742685,0.00072583970248558,0.0007258397024855801,0.0007560015472603028,3.624613244376107e-05,3.624613244376107e-05,0.0007847623811220141,0.0007847623811220141,284.11013871990144,0.027000688016414642,0,1,False,0.25,0.3333333333333333
306,"(3, 1)",0,False,128,"(0.0025, 32, 0.25)",0.0025,32,0.25,32,min_val,2016,Days,min-max,1.950184880690529e-06,3.3700589394363187e-07,5.171639909622716e-07,1.950184880690529e-06,3.3700589394363187e-07,5.171639909622716e-07,0.00036895147000935003,0.0003569180875397204,0.00035691808753972044,0.0003741878030509027,3.581297930944769e-05,3.581297930944769e-05,0.0004325208177121778,0.00043252081771217763,76.77679617889225,0.040478420443832874,0,1,False,0.25,0.3333333333333333
307,"(3, 1)",0,False,128,"(0.0025, 32, 0.25)",0.0025,32,0.25,32,all_epochs,2016,Days,min-max,1.7272737245797283e-06,7.210601342924591e-07,6.364952302664056e-07,1.7272737245797283e-06,7.210601342924591e-07,6.364952302664056e-07,0.0004065733798499095,0.00042021990679579595,0.00042021990679579595,0.00042661583909318386,3.566671227704561e-05,3.566671227704561e-05,0.0004738456223479111,0.00047384562234791113,76.77679617889225,0.031165662221610546,0,1,False,0.25,0.3333333333333333
308,"(3, 1)",0,False,128,"(0.0025, 32, 0.25)",0.0025,32,0.25,64,min_val,2016,Days,min-max,1.5197593856703486e-06,1.806899750894782e-07,3.89896408165663e-07,1.5197593856703486e-06,1.806899750894782e-07,3.89896408165663e-07,0.0002797491863183162,0.00027136991826378915,0.00027136991826378915,0.0002822655839741224,3.553623076313211e-05,3.553623076313211e-05,0.0003409104164906959,0.000340910416490696,153.39517425792292,0.03675520699471235,0,1,False,0.25,0.3333333333333333
309,"(3, 1)",0,False,128,"(0.0025, 32, 0.25)",0.0025,32,0.25,64,all_epochs,2016,Days,min-max,1.6243112595115424e-06,2.5248492853794197e-07,4.973236481050286e-07,1.6243112595115424e-06,2.5248492853794197e-07,4.973236481050286e-07,0.0003460879652467801,0.0003277012813539593,0.0003277012813539593,0.0003560979102100643,3.560412756325106e-05,3.560412756325106e-05,0.00039351562156997213,0.00039351562156997186,153.39517425792292,0.027696435805410147,0,1,False,0.25,0.3333333333333333
310,"(3, 1)",0,False,128,"(0.0025, 32, 0.25)",0.0025,32,0.25,128,min_val,2016,Days,min-max,2.3745196621050544e-06,2.8048246580621774e-07,4.831291208297997e-07,2.3745196621050544e-06,2.8048246580621774e-07,4.831291208297997e-07,0.0003168968039419782,0.00031101248578580286,0.00031101248578580286,0.0003165168183398463,3.5395943218038514e-05,3.5395943218038514e-05,0.0003701701589554934,0.0003701701589554933,324.4723159088753,0.03719555214047432,0,1,False,0.25,0.3333333333333333
311,"(3, 1)",0,False,128,"(0.0025, 32, 0.25)",0.0025,32,0.25,128,all_epochs,2016,Days,min-max,2.3274929937361894e-06,3.108407456912593e-07,4.870242496211922e-07,2.3274929937361894e-06,3.108407456912593e-07,4.870242496211922e-07,0.00030515731376748863,0.0003035066359857238,0.00030350663598572393,0.0003084890133806489,3.520082657135305e-05,3.520082657135305e-05,0.000359728974842072,0.0003597289748420719,324.4723159088753,0.03261705720797181,0,1,False,0.25,0.3333333333333333
312,"(3, 1)",0,False,128,"(0.01, 32, 1)",0.01,32,1.0,32,min_val,2016,Hours,min-max,1.361214807037482e-06,2.3463277919733996e-07,4.1417433030597524e-07,1.361214807037482e-06,2.3463277919733996e-07,4.1417433030597524e-07,0.00033071636912522555,0.00034397858557997605,0.00034397858557997605,0.00034597709048182215,3.5903525311594935e-05,3.5903525311594935e-05,0.00040425989283099085,0.00040425989283099096,83.75375107489526,0.05235795583575964,0,1,False,0.25,0.3333333333333333
313,"(3, 1)",0,False,128,"(0.01, 32, 1)",0.01,32,1.0,32,all_epochs,2016,Hours,min-max,1.9193549685033645e-06,7.436978997187888e-07,1.0006467992105214e-06,1.9193549685033645e-06,7.436978997187888e-07,1.0006467992105214e-06,0.0006021124721121245,0.000637520430578486,0.000637520430578486,0.0006444549515314063,3.7264746500867226e-05,3.7264746500867226e-05,0.0006850932718616914,0.0006850932718616913,83.75375107489526,0.0329944072291255,0,1,False,0.25,0.3333333333333333
314,"(3, 1)",0,False,128,"(0.01, 32, 1)",0.01,32,1.0,64,min_val,2016,Hours,min-max,1.33800187751531e-06,2.366908818704623e-07,3.9611307450291993e-07,1.33800187751531e-06,2.366908818704623e-07,3.9611307450291993e-07,0.00033765023063754573,0.0003518309581264554,0.0003518309581264554,0.00034361763774919856,3.575443354800052e-05,3.575443354800052e-05,0.000411696108534131,0.0004116961085341309,160.42558231484145,0.03777778334915638,0,1,False,0.25,0.3333333333333333
315,"(3, 1)",0,False,128,"(0.01, 32, 1)",0.01,32,1.0,64,all_epochs,2016,Hours,min-max,6.851212257841083e-06,5.793732458587519e-06,6.45057960428386e-06,6.851212257841083e-06,5.793732458587519e-06,6.45057960428386e-06,0.0016965248237472718,0.0017319884358268601,0.0017319884358268601,0.0017864709840452872,4.267586016741569e-05,4.267586016741569e-05,0.0018068314375094036,0.0018068314375094036,160.42558231484145,0.031062671914696693,0,1,False,0.25,0.3333333333333333
316,"(3, 1)",0,False,128,"(0.01, 32, 1)",0.01,32,1.0,128,min_val,2016,Hours,min-max,1.3414845370049538e-06,4.1546424441172803e-07,5.107142403737491e-07,1.3414845370049538e-06,4.1546424441172803e-07,5.107142403737491e-07,0.00039755008746891356,0.0004464393618398984,0.0004464393618398984,0.0004174067764562392,3.521155109078592e-05,3.521155109078592e-05,0.00048395513201878376,0.0004839551320187838,325.1219760249369,0.03549487516283989,0,1,False,0.25,0.3333333333333333
317,"(3, 1)",0,False,128,"(0.01, 32, 1)",0.01,32,1.0,128,all_epochs,2016,Hours,min-max,2.240734067356941e-06,1.2601384094407675e-06,1.566184710219752e-06,2.240734067356941e-06,1.2601384094407675e-06,1.566184710219752e-06,0.0007301135444198714,0.0007536357911990354,0.0007536357911990354,0.0007685115026467577,3.7902054183538696e-05,3.7902054183538696e-05,0.0008169452287900097,0.0008169452287900101,325.1219760249369,0.027726419270038605,0,1,False,0.25,0.3333333333333333
318,"(3, 1)",0,False,128,"(0.01, 32, 0.25)",0.01,32,0.25,32,min_val,2016,Hours,min-max,1.4502418486433938e-06,3.114065852025502e-07,4.719101154452086e-07,1.4502418486433938e-06,3.114065852025502e-07,4.719101154452086e-07,0.0004269137439494821,0.00042796326033951113,0.00042796326033951113,0.00042730118954288713,3.6189779656405824e-05,3.6189779656405824e-05,0.0004920324912139778,0.0004920324912139779,83.35285705607384,0.06113186199218035,0,1,False,0.25,0.3333333333333333
319,"(3, 1)",0,False,128,"(0.01, 32, 0.25)",0.01,32,0.25,32,all_epochs,2016,Hours,min-max,1.572829192593566e-06,4.534279898620332e-07,6.213422394534539e-07,1.572829192593566e-06,4.534279898620332e-07,6.213422394534539e-07,0.00044521921917501647,0.0004765543659222891,0.0004765543659222891,0.00046226027666732667,3.642043843816514e-05,3.642043843816514e-05,0.0005168805604593275,0.0005168805604593274,83.35285705607384,0.031180279329419136,0,1,False,0.25,0.3333333333333333
320,"(3, 1)",0,False,128,"(0.01, 32, 0.25)",0.01,32,0.25,64,min_val,2016,Hours,min-max,1.447936226060588e-06,4.0210330568941156e-07,6.021382982201584e-07,1.447936226060588e-06,4.0210330568941156e-07,6.021382982201584e-07,0.0003949057464657049,0.00041523634127931056,0.00041523634127931056,0.0004301734961626874,3.6527933572070396e-05,3.6527933572070396e-05,0.0004794756341152311,0.00047947563411523107,168.50384489819407,0.038995953276753426,0,1,False,0.25,0.3333333333333333
321,"(3, 1)",0,False,128,"(0.01, 32, 0.25)",0.01,32,0.25,64,all_epochs,2016,Hours,min-max,1.4880347629277358e-06,4.818968719447971e-07,7.118954676555321e-07,1.4880347629277358e-06,4.818968719447971e-07,7.118954676555321e-07,0.00047787154706258544,0.0005041121296980646,0.0005041121296980646,0.0005338483942828907,3.615247546145949e-05,3.615247546145949e-05,0.0005682127598277824,0.0005682127598277822,168.50384489819407,0.029120725113898516,0,1,False,0.25,0.3333333333333333
322,"(3, 1)",0,False,128,"(0.01, 32, 0.25)",0.01,32,0.25,128,min_val,2016,Hours,min-max,1.9868122380740338e-05,1.914841755193069e-05,2.1210875700867524e-05,1.9868122380740338e-05,1.914841755193069e-05,2.1210875700867524e-05,0.0030012348927972747,0.0031335270261623215,0.0031335270261623215,0.003237058903634411,5.54120467155006e-05,5.54120467155006e-05,0.0031382602051881585,0.003138260205188159,339.9535172097385,0.03661509184166789,0,1,False,0.25,0.3333333333333333
323,"(3, 1)",0,False,128,"(0.01, 32, 0.25)",0.01,32,0.25,128,all_epochs,2016,Hours,min-max,1.978155639856807e-05,1.8866666838734522e-05,2.1294997989917648e-05,1.978155639856807e-05,1.8866666838734522e-05,2.1294997989917648e-05,0.002903325562879502,0.003037338120245828,0.0030373381202458286,0.0031572035554207904,5.501493565342234e-05,5.501493565342234e-05,0.003040597703794559,0.00304059770379456,339.9535172097385,0.032455254811793566,0,1,False,0.25,0.3333333333333333
324,"(3, 1)",0,False,128,"(0.0025, 32, 1)",0.0025,32,1.0,32,min_val,2016,Hours,min-max,1.2131800760465616e-06,1.7013203169178627e-07,3.9206269768104707e-07,1.2131800760465616e-06,1.7013203169178627e-07,3.9206269768104707e-07,0.00025135986988792796,0.00026816788225309175,0.0002681678822530918,0.00027227654740827757,3.5812552702372824e-05,3.5812552702372824e-05,0.0003337401607281748,0.00033374016072817487,79.8699840940535,0.03609194699674845,0,1,False,0.25,0.3333333333333333
325,"(3, 1)",0,False,128,"(0.0025, 32, 1)",0.0025,32,1.0,32,all_epochs,2016,Hours,min-max,1.0365821232436442e-06,3.17848042579631e-07,5.709822907852804e-07,1.0365821232436442e-06,3.17848042579631e-07,5.709822907852804e-07,0.0002962606527747364,0.0003337956385669091,0.0003337956385669091,0.00033989039809048183,3.595187404005378e-05,3.595187404005378e-05,0.00039163950631794715,0.00039163950631794715,79.8699840940535,0.028217370621860027,0,1,False,0.25,0.3333333333333333
326,"(3, 1)",0,False,128,"(0.0025, 32, 1)",0.0025,32,1.0,64,min_val,2016,Hours,min-max,1.1553588730196128e-06,2.2375786973561075e-07,4.052239626690333e-07,1.1553588730196128e-06,2.2375786973561075e-07,4.052239626690333e-07,0.0002843877890452848,0.0003027959048542929,0.00030279590485429296,0.00030447781700872016,3.545979186266421e-05,3.545979186266421e-05,0.0003623118062258655,0.0003623118062258656,154.4349893243052,0.0369766098447144,0,1,False,0.25,0.3333333333333333
327,"(3, 1)",0,False,128,"(0.0025, 32, 1)",0.0025,32,1.0,64,all_epochs,2016,Hours,min-max,1.524079314147139e-06,3.406603188676702e-07,5.963496983775246e-07,1.524079314147139e-06,3.406603188676702e-07,5.963496983775246e-07,0.000412800183476278,0.00040965637153155053,0.00040965637153155064,0.0004384788112515215,3.671364590725485e-05,3.671364590725485e-05,0.0004920172496692414,0.0004920172496692416,154.4349893243052,0.03411723114550114,0,1,False,0.25,0.3333333333333333
328,"(3, 1)",0,False,128,"(0.0025, 32, 1)",0.0025,32,1.0,128,min_val,2016,Hours,min-max,1.0315000957686674e-06,1.5347466286764315e-07,3.522867150485495e-07,1.0315000957686674e-06,1.5347466286764315e-07,3.522867150485495e-07,0.00024502773426412854,0.00026085076426454957,0.00026085076426454957,0.0002648151027647836,3.328312785166419e-05,3.328312785166419e-05,0.00031722492324210165,0.0003172249232421017,306.3784864237532,0.03313783183693886,0,1,False,0.25,0.3333333333333333
329,"(3, 1)",0,False,128,"(0.0025, 32, 1)",0.0025,32,1.0,128,all_epochs,2016,Hours,min-max,1.2304659442730695e-06,2.6272942423504037e-07,4.6822500485516366e-07,1.2304659442730695e-06,2.6272942423504037e-07,4.6822500485516366e-07,0.0002984222811491609,0.00031745930024078153,0.00031745930024078153,0.0003218801945519764,3.380775357625087e-05,3.380775357625087e-05,0.0003767699219509151,0.0003767699219509149,306.3784864237532,0.028119085356593132,0,1,False,0.25,0.3333333333333333
330,"(3, 1)",0,False,128,"(0.0025, 32, 0.25)",0.0025,32,0.25,32,min_val,2016,Hours,min-max,1.1712530632869807e-06,1.1957955357872706e-07,3.1389657551432025e-07,1.1712530632869807e-06,1.1957955357872706e-07,3.1389657551432025e-07,0.00020993921513201368,0.00022337136233056324,0.0002233713623305632,0.00023851859947772742,3.579791215497592e-05,3.579791215497592e-05,0.0002914010827624923,0.00029140108276249217,71.78420158941299,0.03832958219572902,0,1,False,0.25,0.3333333333333333
331,"(3, 1)",0,False,128,"(0.0025, 32, 0.25)",0.0025,32,0.25,32,all_epochs,2016,Hours,min-max,2.293167942897277e-06,1.5459922775827669e-06,1.7335696613851598e-06,2.293167942897277e-06,1.5459922775827669e-06,1.7335696613851598e-06,0.0009011662528468098,0.0009561276263361178,0.0009561276263361178,0.0009402126473185535,3.7029157498188015e-05,3.7029157498188015e-05,0.0010023179130386123,0.0010023179130386126,71.78420158941299,0.028205552138388157,0,1,False,0.25,0.3333333333333333
332,"(3, 1)",0,False,128,"(0.0025, 32, 0.25)",0.0025,32,0.25,64,min_val,2016,Hours,min-max,5.527552715072552e-07,1.2658811941334576e-07,2.1078624877354076e-07,5.527552715072552e-07,1.2658811941334576e-07,2.1078624877354076e-07,0.00020152064208349543,0.0002213453863119487,0.0002213453863119487,0.00022556134597169535,3.385555434433802e-05,3.385555434433802e-05,0.000282267190969615,0.000282267190969615,139.20561860362068,0.03692624904215336,0,1,False,0.25,0.3333333333333333
333,"(3, 1)",0,False,128,"(0.0025, 32, 0.25)",0.0025,32,0.25,64,all_epochs,2016,Hours,min-max,1.5485037241447592e-06,5.603834622141472e-07,7.715925921222262e-07,1.5485037241447592e-06,5.603834622141472e-07,7.715925921222262e-07,0.0004870269844269279,0.0004848712516083297,0.0004848712516083297,0.0005057222361516592,3.5493432838060526e-05,3.5493432838060526e-05,0.0005608326459802052,0.0005608326459802051,139.20561860362068,0.027141429018229246,0,1,False,0.25,0.3333333333333333
334,"(3, 1)",0,False,128,"(0.0025, 32, 0.25)",0.0025,32,0.25,128,min_val,2016,Hours,min-max,7.486730485653432e-07,2.2509672847867612e-07,4.256412234195658e-07,7.486730485653432e-07,2.2509672847867612e-07,4.256412234195658e-07,0.00023971402124818285,0.0002734070446954905,0.0002734070446954905,0.00028412611272230767,3.32942838190109e-05,3.32942838190109e-05,0.00032628840810612473,0.00032628840810612484,293.3364005051553,0.03330429270863533,0,1,False,0.25,0.3333333333333333
335,"(3, 1)",0,False,128,"(0.0025, 32, 0.25)",0.0025,32,0.25,128,all_epochs,2016,Hours,min-max,7.360375549306962e-08,3.197164722257967e-07,1.1535065443286467e-06,7.360375549306962e-08,3.197164722257967e-07,1.1535065443286467e-06,0.00016609251511669746,0.00020087646221308818,0.00020087646221308818,0.00021578213740156552,3.076247818819282e-05,3.076247818819282e-05,0.0002556181351367316,0.0002556181351367316,293.3364005051553,0.03024703497067094,0,1,False,0.25,0.3333333333333333
336,"(3, 1)",0,False,128,"(0.01, 32, 1)",0.01,32,1.0,32,min_val,2688,Days,min-max,1.9696973835997874e-05,1.0228869271484727e-05,3.0642185369817175e-05,1.9696973835997874e-05,1.0228869271484727e-05,3.0642185369817175e-05,0.0018189638535756846,0.0017956284383623272,0.001795628438362327,0.0019254945168169452,3.735897042755447e-05,3.735897042755447e-05,0.0017683282354889374,0.001768328235488938,102.17417663894594,0.05089728021994233,0,1,False,0.25,0.3333333333333333
337,"(3, 1)",0,False,128,"(0.01, 32, 1)",0.01,32,1.0,32,all_epochs,2688,Days,min-max,3.1361190963136465e-05,2.8826623601684917e-05,3.606954012878014e-05,3.1361190963136465e-05,2.8826623601684917e-05,3.606954012878014e-05,0.0028737213144023424,0.002917334167850652,0.0029173341678506524,0.0029491694617538476,4.2284901746219636e-05,4.2284901746219636e-05,0.002721192308937581,0.0027211923089375807,102.17417663894594,0.04164116270840168,0,1,False,0.25,0.3333333333333333
338,"(3, 1)",0,False,128,"(0.01, 32, 1)",0.01,32,1.0,64,min_val,2688,Days,min-max,6.154608347412456e-06,1.0177938287339703e-05,9.321936507591534e-06,6.154608347412456e-06,1.0177938287339703e-05,9.321936507591534e-06,0.001289062165633491,0.0013663984247727385,0.0013663984247727383,0.0013460625860152715,3.253325261213799e-05,3.253325261213799e-05,0.0013276746800258156,0.0013276746800258159,198.1580867948942,0.05207347963005304,0,1,False,0.25,0.3333333333333333
339,"(3, 1)",0,False,128,"(0.01, 32, 1)",0.01,32,1.0,64,all_epochs,2688,Days,min-max,5.180529851713921e-05,3.81400920558364e-05,7.13626829604901e-05,5.180529851713921e-05,3.81400920558364e-05,7.13626829604901e-05,0.004390067718919268,0.004438782182848488,0.004438782182848488,0.00448117467461745,6.393435077056138e-05,6.393435077056138e-05,0.0043844237638460855,0.004384423763846088,198.1580867948942,0.04272952163591981,0,1,False,0.25,0.3333333333333333
340,"(3, 1)",0,False,128,"(0.01, 32, 1)",0.01,32,1.0,128,min_val,2688,Days,min-max,5.3625035922704e-06,7.744592899545016e-06,5.4571253251212935e-06,5.3625035922704e-06,7.744592899545016e-06,5.4571253251212935e-06,0.0014456808145696602,0.0014852029151625375,0.0014852029151625375,0.0014851923345035808,3.339500297023952e-05,3.339500297023952e-05,0.0015124041487339383,0.0015124041487339379,419.0970496800728,0.05011193407699466,0,1,False,0.25,0.3333333333333333
341,"(3, 1)",0,False,128,"(0.01, 32, 1)",0.01,32,1.0,128,all_epochs,2688,Days,min-max,6.1826760060038435e-06,7.841014105016885e-06,8.907339332130935e-06,6.1826760060038435e-06,7.841014105016885e-06,8.907339332130935e-06,0.0013081404450991185,0.0013716960238482404,0.0013716960238482406,0.0013714845247925803,3.076271967187853e-05,3.076271967187853e-05,0.0013365702083479145,0.001336570208347915,419.0970496800728,0.0369890327565372,0,1,False,0.25,0.3333333333333333
342,"(3, 1)",0,False,128,"(0.01, 32, 0.25)",0.01,32,0.25,32,min_val,2688,Days,min-max,1.5303510880147376e-05,3.727116247708646e-05,3.0160501272282833e-05,1.5303510880147376e-05,3.727116247708646e-05,3.0160501272282833e-05,0.002807905878549043,0.002918764182846433,0.002918764182846433,0.0028681388963770317,3.41224855478524e-05,3.41224855478524e-05,0.0028475039561366594,0.002847503956136659,100.35100845899433,0.04416983900591731,0,1,False,0.25,0.3333333333333333
343,"(3, 1)",0,False,128,"(0.01, 32, 0.25)",0.01,32,0.25,32,all_epochs,2688,Days,min-max,3.353355311753762e-05,1.0454362269588673e-05,5.795301073202367e-05,3.353355311753762e-05,1.0454362269588673e-05,5.795301073202367e-05,0.0018440807957241067,0.0017970723207747868,0.0017970723207747868,0.0019212057233547078,4.2591706678828674e-05,4.2591706678828674e-05,0.0018072446587512807,0.00180724465875128,100.35100845899433,0.036149286199361086,0,1,False,0.25,0.3333333333333333
344,"(3, 1)",0,False,128,"(0.01, 32, 0.25)",0.01,32,0.25,64,min_val,2688,Days,min-max,4.886275921449672e-06,5.099108669253449e-06,5.6118004652499405e-06,4.886275921449672e-06,5.099108669253449e-06,5.6118004652499405e-06,0.0013298979143817025,0.0013809584410263375,0.0013809584410263375,0.001353527239631131,1.9238225791859935e-05,1.9238225791859935e-05,0.0013968370103757011,0.0013968370103757015,204.80416822014377,0.04438789887353778,0,1,False,0.25,0.3333333333333333
345,"(3, 1)",0,False,128,"(0.01, 32, 0.25)",0.01,32,0.25,64,all_epochs,2688,Days,min-max,3.362972793132561e-06,1.481224179694125e-05,6.226149562707549e-06,3.362972793132561e-06,1.481224179694125e-05,6.226149562707549e-06,0.0011941621180179374,0.001350429900547899,0.0013504299005478993,0.0012443568884381874,2.1587853127951735e-05,2.1587853127951735e-05,0.001276434929425512,0.0012764349294255121,204.80416822014377,0.03935649385675788,0,1,False,0.25,0.3333333333333333
346,"(3, 1)",0,False,128,"(0.01, 32, 0.25)",0.01,32,0.25,128,min_val,2688,Days,min-max,9.810098044953413e-06,1.3193774369118747e-05,9.446011892325944e-06,9.810098044953413e-06,1.3193774369118747e-05,9.446011892325944e-06,0.0018667541383684733,0.0019429741630608494,0.001942974163060849,0.0018747575173234255,3.416015567647302e-05,3.416015567647302e-05,0.0018367568875250295,0.0018367568875250295,422.25924233393744,0.047065979801118374,0,1,False,0.25,0.3333333333333333
347,"(3, 1)",0,False,128,"(0.01, 32, 0.25)",0.01,32,0.25,128,all_epochs,2688,Days,min-max,9.992004642443109e-06,1.6423432570328276e-05,9.781628629437366e-06,9.992004642443109e-06,1.6423432570328276e-05,9.781628629437366e-06,0.001918474440773399,0.0019970712715416173,0.0019970712715416173,0.0019184889962565663,3.2584113990633195e-05,3.2584113990633195e-05,0.0018816039026603826,0.001881603902660382,422.25924233393744,0.03628242900595069,0,1,False,0.25,0.3333333333333333
348,"(3, 1)",0,False,128,"(0.0025, 32, 1)",0.0025,32,1.0,32,min_val,2688,Days,min-max,3.3311618125569847e-06,6.2794227536385885e-06,5.3593844964576e-06,3.3311618125569847e-06,6.2794227536385885e-06,5.3593844964576e-06,0.0010191758528591852,0.0010447487344634359,0.0010447487344634359,0.0010175254584395557,3.165524701436577e-05,3.165524701436577e-05,0.0010875979428596663,0.001087597942859666,107.76367915328592,0.04623926291242242,0,1,False,0.25,0.3333333333333333
349,"(3, 1)",0,False,128,"(0.0025, 32, 1)",0.0025,32,1.0,32,all_epochs,2688,Days,min-max,7.155440643744748e-06,6.047403675540363e-06,1.1646512319800115e-05,7.155440643744748e-06,6.047403675540363e-06,1.1646512319800115e-05,0.0009707302632253503,0.0009449903095392826,0.0009449903095392827,0.001018823858393437,3.570459604921098e-05,3.570459604921098e-05,0.0010372345367293519,0.001037234536729352,107.76367915328592,0.037792442832142115,0,1,False,0.25,0.3333333333333333
350,"(3, 1)",0,False,128,"(0.0025, 32, 1)",0.0025,32,1.0,64,min_val,2688,Days,min-max,9.863989183189093e-07,2.257376057219812e-06,1.3164169298204354e-06,9.863989183189093e-07,2.257376057219812e-06,1.3164169298204354e-06,0.00029407119012804544,0.00031420789589756495,0.0003142078958975649,0.0003197379739821274,1.342600729287886e-05,1.342600729287886e-05,0.00034143472771376164,0.0003414347277137616,205.35922106076032,0.04519812995567918,0,1,False,0.25,0.3333333333333333
351,"(3, 1)",0,False,128,"(0.0025, 32, 1)",0.0025,32,1.0,64,all_epochs,2688,Days,min-max,1.5717300035454822e-06,4.103328521434699e-06,4.036622493516249e-06,1.5717300035454822e-06,4.103328521434699e-06,4.036622493516249e-06,0.0006992531822976795,0.00071094124599025,0.00071094124599025,0.0007157562037290444,1.3274063061874377e-05,1.3274063061874377e-05,0.0007093940950750159,0.0007093940950750156,205.35922106076032,0.042653909884393215,0,1,False,0.25,0.3333333333333333
352,"(3, 1)",0,False,128,"(0.0025, 32, 1)",0.0025,32,1.0,128,min_val,2688,Days,min-max,1.274180750369043e-06,2.3719799998516847e-06,2.11581089363282e-06,1.274180750369043e-06,2.3719799998516847e-06,2.11581089363282e-06,0.0006082547295474643,0.0006257513081830334,0.0006257513081830334,0.0006190308866574768,1.9548372438924102e-05,1.9548372438924102e-05,0.0006575526622022566,0.0006575526622022567,409.0859050420113,0.04447718616575003,0,1,False,0.25,0.3333333333333333
353,"(3, 1)",0,False,128,"(0.0025, 32, 1)",0.0025,32,1.0,128,all_epochs,2688,Days,min-max,1.853794351595762e-06,4.041437716976997e-06,4.479219840663675e-06,1.853794351595762e-06,4.041437716976997e-06,4.479219840663675e-06,0.000814708223137796,0.0008562519264187152,0.0008562519264187152,0.0008528876965781401,1.665934800439522e-05,1.665934800439522e-05,0.0008784394825879697,0.0008784394825879693,409.0859050420113,0.037796080112457275,0,1,False,0.25,0.3333333333333333
354,"(3, 1)",0,False,128,"(0.0025, 32, 0.25)",0.0025,32,0.25,32,min_val,2688,Days,min-max,1.4043702723469407e-06,3.913006604169719e-06,2.8422194120735875e-06,1.4043702723469407e-06,3.913006604169719e-06,2.8422194120735875e-06,0.00045756067397155465,0.0005088009514354505,0.0005088009514354505,0.0005036359644097094,1.751246896925771e-05,1.751246896925771e-05,0.0005134821749702728,0.0005134821749702731,99.96347884275019,0.046373577788472176,0,1,False,0.25,0.3333333333333333
355,"(3, 1)",0,False,128,"(0.0025, 32, 0.25)",0.0025,32,0.25,32,all_epochs,2688,Days,min-max,2.0138358235350154e-06,3.891533069073802e-06,3.479594803109054e-06,2.0138358235350154e-06,3.891533069073802e-06,3.479594803109054e-06,0.0008158788883274931,0.0008439084465398407,0.0008439084465398407,0.0008253748752501802,1.468741111366336e-05,1.468741111366336e-05,0.0008162805725575159,0.0008162805725575159,99.96347884275019,0.039855862967669964,0,1,False,0.25,0.3333333333333333
356,"(3, 1)",0,False,128,"(0.0025, 32, 0.25)",0.0025,32,0.25,64,min_val,2688,Days,min-max,2.008101965746465e-06,4.257951819883357e-06,1.9885814401441653e-06,2.008101965746465e-06,4.257951819883357e-06,1.9885814401441653e-06,0.0006699306731531671,0.0007206448491106896,0.0007206448491106895,0.0006814826727570125,2.8171791695979047e-05,2.8171791695979047e-05,0.0007408085775720213,0.0007408085775720209,204.94172881543636,0.044648475013673306,0,1,False,0.25,0.3333333333333333
357,"(3, 1)",0,False,128,"(0.0025, 32, 0.25)",0.0025,32,0.25,64,all_epochs,2688,Days,min-max,9.050641642098314e-07,5.227077797705725e-06,6.709303300743105e-06,9.050641642098314e-07,5.227077797705725e-06,6.709303300743105e-06,0.0004938993921293319,0.0005639759798956612,0.0005639759798956611,0.0005638229258361166,3.274136740246864e-05,3.274136740246864e-05,0.000595975515118001,0.0005959755151180009,204.94172881543636,0.035791199654340744,0,1,False,0.25,0.3333333333333333
358,"(3, 1)",0,False,128,"(0.0025, 32, 0.25)",0.0025,32,0.25,128,min_val,2688,Days,min-max,2.568355987480672e-07,1.1203548467906208e-06,4.137374737946243e-07,2.568355987480672e-07,1.1203548467906208e-06,4.137374737946243e-07,0.0002448084925920136,0.00028287814688489365,0.00028287814688489365,0.000264473951489791,1.2645309449643595e-05,1.2645309449643595e-05,0.0002958253822448549,0.0002958253822448549,417.66285589383915,0.0526754860766232,0,1,False,0.25,0.3333333333333333
359,"(3, 1)",0,False,128,"(0.0025, 32, 0.25)",0.0025,32,0.25,128,all_epochs,2688,Days,min-max,1.5126739710695605e-07,8.689981438417182e-07,4.4357668563290826e-07,1.5126739710695605e-07,8.689981438417182e-07,4.4357668563290826e-07,0.00022491354604290843,0.00026380751035561987,0.0002638075103556199,0.00024820260266546174,1.2572507478610603e-05,1.2572507478610603e-05,0.0002793413665789508,0.00027934136657895096,417.66285589383915,0.037238778080791235,0,1,False,0.25,0.3333333333333333
360,"(3, 1)",0,False,128,"(0.01, 32, 1)",0.01,32,1.0,32,min_val,2688,Hours,min-max,0.00024559575570259494,3.1661852701120515e-05,2.6344525017653793e-05,0.00024559575570259494,3.1661852701120515e-05,2.6344525017653793e-05,0.0038534424601807675,0.0037068453246899935,0.0037068453246899935,0.0033704286285025356,6.935537765860811e-05,6.935537765860811e-05,0.0036847574190344346,0.003684757419034434,106.3030561497435,0.05184057494625449,0,1,False,0.25,0.3333333333333333
361,"(3, 1)",0,False,128,"(0.01, 32, 1)",0.01,32,1.0,32,all_epochs,2688,Hours,min-max,0.0006430839316545275,0.00041047625903263123,0.00035720838089948635,0.0006430839316545275,0.00041047625903263123,0.00035720838089948635,0.015289139645726967,0.015223174195697102,0.015223174195697102,0.014430085515733227,0.0004246846112781244,0.0004246846112781244,0.014715269696549169,0.014715269696549172,106.3030561497435,0.03963265893980861,0,1,False,0.25,0.3333333333333333
362,"(3, 1)",0,False,128,"(0.01, 32, 1)",0.01,32,1.0,64,min_val,2688,Hours,min-max,1.4225355397181384e-05,1.0193655794713722e-05,7.2416551677706816e-06,1.4225355397181384e-05,1.0193655794713722e-05,7.2416551677706816e-06,0.0018275643551877159,0.0019208657000984197,0.0019208657000984197,0.0017610019993597324,2.790168079905751e-05,2.790168079905751e-05,0.0018953450413453428,0.0018953450413453422,213.10882936697453,0.05237953504547477,0,1,False,0.25,0.3333333333333333
363,"(3, 1)",0,False,128,"(0.01, 32, 1)",0.01,32,1.0,64,all_epochs,2688,Hours,min-max,3.645056425610999e-05,2.702193021198898e-05,2.3065884949850633e-05,3.645056425610999e-05,2.702193021198898e-05,2.3065884949850633e-05,0.0036865072926589152,0.0036897145473513753,0.0036897145473513753,0.00366009472723571,3.319880098563578e-05,3.319880098563578e-05,0.0036924954520601524,0.0036924954520601533,213.10882936697453,0.040484946221113205,0,1,False,0.25,0.3333333333333333
364,"(3, 1)",0,False,128,"(0.01, 32, 1)",0.01,32,1.0,128,min_val,2688,Hours,min-max,0.00022130287962318114,3.882859242683179e-05,3.3604347548171935e-05,0.00022130287962318114,3.882859242683179e-05,3.3604347548171935e-05,0.004709346320254049,0.004554575698303468,0.004554575698303468,0.004335168156504564,6.762770051192373e-05,6.762770051192373e-05,0.004466956630470634,0.004466956630470634,484.4968211851083,0.04995094100013375,0,1,False,0.25,0.3333333333333333
365,"(3, 1)",0,False,128,"(0.01, 32, 1)",0.01,32,1.0,128,all_epochs,2688,Hours,min-max,0.0006430965817678665,0.00041050790547023086,0.0003571736335318552,0.0006430965817678665,0.00041050790547023086,0.0003571736335318552,0.015285880771573907,0.015220656353865963,0.015220656353865963,0.014426008193348203,0.000424681465326175,0.000424681465326175,0.014711836907010493,0.014711836907010495,484.4968211851083,0.040726791601628065,0,1,False,0.25,0.3333333333333333
366,"(3, 1)",0,False,128,"(0.01, 32, 0.25)",0.01,32,0.25,32,min_val,2688,Hours,min-max,0.00019779122637296733,1.6639353580746568e-05,1.460476022915795e-05,0.00019779122637296733,1.6639353580746568e-05,1.460476022915795e-05,0.0029668804988650676,0.002771582102379004,0.002771582102379004,0.0026868848603439793,4.715654858518072e-05,4.715654858518072e-05,0.002788132405339874,0.002788132405339873,129.02556766476482,0.05838952586054802,0,1,False,0.25,0.3333333333333333
367,"(3, 1)",0,False,128,"(0.01, 32, 0.25)",0.01,32,0.25,32,all_epochs,2688,Hours,min-max,0.00011925818539529359,8.0016070122225e-05,4.1886478277827186e-05,0.00011925818539529359,8.0016070122225e-05,4.1886478277827186e-05,0.0033341034077553665,0.003548072604082946,0.003548072604082946,0.003249748717630944,6.580800368907534e-05,6.580800368907534e-05,0.0034064961794328307,0.0034064961794328307,129.02556766476482,0.04320045094937086,0,1,False,0.25,0.3333333333333333
368,"(3, 1)",0,False,128,"(0.01, 32, 0.25)",0.01,32,0.25,64,min_val,2688,Hours,min-max,0.0006465040113498307,0.00041605045556358984,0.00035525375176551923,0.0006465040113498307,0.00041605045556358984,0.00035525375176551923,0.014948380351875104,0.014971792222245036,0.014971792222245036,0.014003417724444895,0.0004263134723298166,0.0004263134723298166,0.014358724550913297,0.014358724550913292,243.26530263293535,0.07356204465031624,0,1,False,0.25,0.3333333333333333
369,"(3, 1)",0,False,128,"(0.01, 32, 0.25)",0.01,32,0.25,64,all_epochs,2688,Hours,min-max,0.0006428624183151165,0.00040975216095430467,0.00035824086018897713,0.0006428624183151165,0.00040975216095430467,0.00035824086018897713,0.015377219494060885,0.01529117472436387,0.01529117472436387,0.014540788064678728,0.00042488101359650803,0.00042488101359650803,0.01480797537896957,0.014807975378969575,243.26530263293535,0.04654855467379093,0,1,False,0.25,0.3333333333333333
370,"(3, 1)",0,False,128,"(0.01, 32, 0.25)",0.01,32,0.25,128,min_val,2688,Hours,min-max,4.065068681539316e-06,4.768466162174897e-06,5.1557430263593415e-06,4.065068681539316e-06,4.768466162174897e-06,5.1557430263593415e-06,0.0009735231720070411,0.001043410737457683,0.001043410737457683,0.0010027663763496092,1.6162151519390024e-05,1.6162151519390024e-05,0.001050817611768176,0.001050817611768176,471.7341888821684,0.04318740777671337,0,1,False,0.25,0.3333333333333333
371,"(3, 1)",0,False,128,"(0.01, 32, 0.25)",0.01,32,0.25,128,all_epochs,2688,Hours,min-max,1.8332443262696664e-06,1.0975899732019005e-05,1.178438110756805e-05,1.8332443262696664e-06,1.0975899732019005e-05,1.178438110756805e-05,0.0008075037211793124,0.0009508895384727061,0.0009508895384727061,0.0009194557931406518,1.8344472273413427e-05,1.8344472273413427e-05,0.0009364902609415837,0.0009364902609415837,471.7341888821684,0.03741841623559594,0,1,False,0.25,0.3333333333333333
372,"(3, 1)",0,False,128,"(0.0025, 32, 1)",0.0025,32,1.0,32,min_val,2688,Hours,min-max,3.736620237606026e-06,3.894244433250044e-06,4.205737953367038e-06,3.736620237606026e-06,3.894244433250044e-06,4.205737953367038e-06,0.0008876406483043968,0.000964889996169093,0.000964889996169093,0.0009238907392573943,1.5659862533317665e-05,1.5659862533317665e-05,0.0009735616809515175,0.0009735616809515176,115.81242485623807,0.045162667986005545,0,1,False,0.25,0.3333333333333333
373,"(3, 1)",0,False,128,"(0.0025, 32, 1)",0.0025,32,1.0,32,all_epochs,2688,Hours,min-max,0.0002052287711170678,7.91522258907633e-06,6.5346621189014975e-06,0.0002052287711170678,7.91522258907633e-06,6.5346621189014975e-06,0.0016829989833002878,0.0015226993703308543,0.0015226993703308543,0.0014597450621072394,4.298849198906942e-05,4.298849198906942e-05,0.0015477062918166425,0.001547706291816642,115.81242485623807,0.041451808996498585,0,1,False,0.25,0.3333333333333333
374,"(3, 1)",0,False,128,"(0.0025, 32, 1)",0.0025,32,1.0,64,min_val,2688,Hours,min-max,3.05616502320039e-06,2.695252461797695e-06,2.038462861433419e-06,3.05616502320039e-06,2.695252461797695e-06,2.038462861433419e-06,0.0006033061435120866,0.0006375677944651992,0.0006375677944651992,0.0006020191728389915,1.724494673621894e-05,1.724494673621894e-05,0.0006679954285441646,0.0006679954285441646,216.9079207777977,0.0446622371673584,0,1,False,0.25,0.3333333333333333
375,"(3, 1)",0,False,128,"(0.0025, 32, 1)",0.0025,32,1.0,64,all_epochs,2688,Hours,min-max,2.2586410417521546e-06,2.3354247189078425e-06,3.064685947038758e-06,2.2586410417521546e-06,2.3354247189078425e-06,3.064685947038758e-06,0.0005246761301678031,0.0005471337213551198,0.0005471337213551199,0.0005257067802954612,2.3544943775322304e-05,2.3544943775322304e-05,0.0005942148240480183,0.0005942148240480181,216.9079207777977,0.039479543920606375,0,1,False,0.25,0.3333333333333333
376,"(3, 1)",0,False,128,"(0.0025, 32, 1)",0.0025,32,1.0,128,min_val,2688,Hours,min-max,7.799938799576984e-05,7.140099757934771e-06,3.1068789453070728e-06,7.799938799576984e-05,7.140099757934771e-06,3.1068789453070728e-06,0.0012045093917786005,0.0011317844063725036,0.0011317844063725036,0.0009829343868419892,2.784047479111141e-05,2.784047479111141e-05,0.0011110773191413434,0.001111077319141344,453.300109627191,0.04742772504687309,0,1,False,0.25,0.3333333333333333
377,"(3, 1)",0,False,128,"(0.0025, 32, 1)",0.0025,32,1.0,128,all_epochs,2688,Hours,min-max,2.2871936474813445e-06,4.688387352643429e-06,3.529412954150056e-05,2.2871936474813445e-06,4.688387352643429e-06,3.529412954150056e-05,0.000832383025472864,0.000899429754879039,0.000899429754879039,0.0009635376810303812,2.7238636382239937e-05,2.7238636382239937e-05,0.0009469642396211418,0.0009469642396211424,453.300109627191,0.03947423445060849,0,1,False,0.25,0.3333333333333333
378,"(3, 1)",0,False,128,"(0.0025, 32, 0.25)",0.0025,32,0.25,32,min_val,2688,Hours,min-max,0.00018931128980648602,8.666154928346495e-06,7.950291173145304e-06,0.00018931128980648602,8.666154928346495e-06,7.950291173145304e-06,0.0018703273402237354,0.0018190188363476321,0.0018190188363476321,0.0017247812787109617,3.9401758992485646e-05,3.9401758992485646e-05,0.001779850770710163,0.0017798507707101627,119.66255817841738,0.046265312004834414,0,1,False,0.25,0.3333333333333333
379,"(3, 1)",0,False,128,"(0.0025, 32, 0.25)",0.0025,32,0.25,32,all_epochs,2688,Hours,min-max,5.850336490080135e-05,1.2564371305104361e-05,1.4086628783382353e-05,5.850336490080135e-05,1.2564371305104361e-05,1.4086628783382353e-05,0.0022669374587437263,0.0022622938179842644,0.002262293817984264,0.002218127409668285,2.6935935854538757e-05,2.6935935854538757e-05,0.002265984603271337,0.0022659846032713374,119.66255817841738,0.03906444972380996,0,1,False,0.25,0.3333333333333333
380,"(3, 1)",0,False,128,"(0.0025, 32, 0.25)",0.0025,32,0.25,64,min_val,2688,Hours,min-max,4.0737475507552e-06,3.32370713453986e-05,7.469071599599125e-06,4.0737475507552e-06,3.32370713453986e-05,7.469071599599125e-06,0.0013104840431559027,0.0015576885928763507,0.0015576885928763507,0.0014024654483355355,4.283930100418709e-05,4.283930100418709e-05,0.0014973954458713204,0.0014973954458713204,225.36686117528006,0.046823540702462196,0,1,False,0.25,0.3333333333333333
381,"(3, 1)",0,False,128,"(0.0025, 32, 0.25)",0.0025,32,0.25,64,all_epochs,2688,Hours,min-max,2.7318029904570487e-06,7.338133685361002e-05,1.5004344393875518e-05,2.7318029904570487e-06,7.338133685361002e-05,1.5004344393875518e-05,0.0011030198103691153,0.0014503258336623747,0.0014503258336623747,0.0012625744802367566,5.748523311859584e-05,5.748523311859584e-05,0.0013349470885046877,0.0013349470885046877,225.36686117528006,0.041455406695604324,0,1,False,0.25,0.3333333333333333
382,"(3, 1)",0,False,128,"(0.0025, 32, 0.25)",0.0025,32,0.25,128,min_val,2688,Hours,min-max,3.0719027430067933e-06,3.3150432727226532e-06,4.079782813548266e-06,3.0719027430067933e-06,3.3150432727226532e-06,4.079782813548266e-06,0.0005549212094738652,0.00064279101021114,0.00064279101021114,0.0006363867662303578,6.734232976207237e-06,6.734232976207237e-06,0.0006454356882469244,0.0006454356882469242,450.79373392788693,0.04561699600890279,0,1,False,0.25,0.3333333333333333
383,"(3, 1)",0,False,128,"(0.0025, 32, 0.25)",0.0025,32,0.25,128,all_epochs,2688,Hours,min-max,7.217717215558148e-07,3.118807762704098e-06,2.543743242362907e-05,7.217717215558148e-07,3.118807762704098e-06,2.543743242362907e-05,0.0004441017168710416,0.0005677187049924715,0.0005677187049924715,0.0006425579521856383,1.4884721849551206e-05,1.4884721849551206e-05,0.000587544865390392,0.0005875448653903921,450.79373392788693,0.042175990995019674,0,1,False,0.25,0.3333333333333333
384,"(3, 1)",0,False,128,"(0.01, 32, 1)",0.01,32,1.0,32,min_val,3360,Days,min-max,1.6688467016712174e-06,4.859385448924338e-07,2.0448805182839843e-06,1.6688467016712174e-06,4.859385448924338e-07,2.0448805182839843e-06,0.0004676362312857142,0.000458276840733638,0.00045827684073363796,0.0004674167081220125,3.625282769601279e-05,3.625282769601279e-05,0.0005390632601573654,0.0005390632601573656,135.22499432833865,0.06231798976659775,0,1,False,0.25,0.3333333333333333
385,"(3, 1)",0,False,128,"(0.01, 32, 1)",0.01,32,1.0,32,all_epochs,3360,Days,min-max,2.2722522790148752e-06,1.4574820108441393e-06,2.64767012363359e-06,2.2722522790148752e-06,1.4574820108441393e-06,2.64767012363359e-06,0.0007221733525704494,0.0007369970645092781,0.000736997064509278,0.0007409892549368643,3.63238310515945e-05,3.63238310515945e-05,0.0008129091308173237,0.0008129091308173239,135.22499432833865,0.051805729046463966,0,1,False,0.25,0.3333333333333333
386,"(3, 1)",0,False,128,"(0.01, 32, 1)",0.01,32,1.0,64,min_val,3360,Days,min-max,1.723737645932999e-06,5.781958259123796e-07,2.1394188064994174e-06,1.723737645932999e-06,5.781958259123796e-07,2.1394188064994174e-06,0.0004548010511145005,0.00046111601944782786,0.0004611160194478278,0.0004768245233556596,3.5904725670934876e-05,3.5904725670934876e-05,0.0005401268784679861,0.0005401268784679861,278.47926950920373,0.057028213050216436,0,1,False,0.25,0.3333333333333333
387,"(3, 1)",0,False,128,"(0.01, 32, 1)",0.01,32,1.0,64,all_epochs,3360,Days,min-max,6.981762184126591e-06,6.176261322668862e-06,7.298721095381954e-06,6.981762184126591e-06,6.176261322668862e-06,7.298721095381954e-06,0.0019802621891191374,0.002015638309149063,0.002015638309149063,0.0019661498170317447,4.195174230698758e-05,4.195174230698758e-05,0.002081725890750352,0.002081725890750351,278.47926950920373,0.047862691804766655,0,1,False,0.25,0.3333333333333333
388,"(3, 1)",0,False,128,"(0.01, 32, 1)",0.01,32,1.0,128,min_val,3360,Days,min-max,1.001359671152141e-06,5.08264600834956e-07,1.0776352816934367e-06,1.001359671152141e-06,5.08264600834956e-07,1.0776352816934367e-06,0.0004356975272475243,0.0004495017473209414,0.00044950174732094145,0.00043051730989917956,3.560494499170772e-05,3.560494499170772e-05,0.0005257965480144132,0.0005257965480144134,561.5081757158041,0.05224412027746439,0,1,False,0.25,0.3333333333333333
389,"(3, 1)",0,False,128,"(0.01, 32, 1)",0.01,32,1.0,128,all_epochs,3360,Days,min-max,1.2391082346333614e-06,8.308483063366914e-07,1.3920551808649725e-06,1.2391082346333614e-06,8.308483063366914e-07,1.3920551808649725e-06,0.0006606484526453604,0.0006757459528332646,0.0006757459528332646,0.0006494396677685166,3.5390766354580305e-05,3.5390766354580305e-05,0.0007442578042377543,0.0007442578042377542,561.5081757158041,0.050962070003151894,0,1,False,0.25,0.3333333333333333
390,"(3, 1)",0,False,128,"(0.01, 32, 0.25)",0.01,32,0.25,32,min_val,3360,Days,min-max,1.2360500673548362e-06,4.6146427320565737e-07,1.4323516914941834e-06,1.2360500673548362e-06,4.6146427320565737e-07,1.4323516914941834e-06,0.00035978639042484394,0.0003611418833484575,0.0003611418833484575,0.0003561980385802889,3.519907193627004e-05,3.519907193627004e-05,0.0004445005659518996,0.0004445005659518998,131.87374147586524,0.05658814497292042,0,1,False,0.25,0.3333333333333333
391,"(3, 1)",0,False,128,"(0.01, 32, 0.25)",0.01,32,0.25,32,all_epochs,3360,Days,min-max,2.2749404624298612e-06,1.1449583285677203e-06,2.629346027092724e-06,2.2749404624298612e-06,1.1449583285677203e-06,2.629346027092724e-06,0.0008380473601188,0.0008302409535073334,0.0008302409535073334,0.0008571051481426377,3.5980759721993016e-05,3.5980759721993016e-05,0.0009123175570100707,0.0009123175570100707,131.87374147586524,0.04814996104687452,0,1,False,0.25,0.3333333333333333
392,"(3, 1)",0,False,128,"(0.01, 32, 0.25)",0.01,32,0.25,64,min_val,3360,Days,min-max,9.75074758256031e-07,1.2576084790046159e-06,1.0945679642918582e-06,9.75074758256031e-07,1.2576084790046159e-06,1.0945679642918582e-06,0.00041965986495791287,0.0004386304701261715,0.00043863047012617163,0.0004344796107212016,3.2477648129851655e-05,3.2477648129851655e-05,0.0005028175523406779,0.0005028175523406776,270.44239096995443,0.057079322170466185,0,1,False,0.25,0.3333333333333333
393,"(3, 1)",0,False,128,"(0.01, 32, 0.25)",0.01,32,0.25,64,all_epochs,3360,Days,min-max,1.1968555729334815e-06,6.546130457256995e-07,1.4044617009291325e-06,1.1968555729334815e-06,6.546130457256995e-07,1.4044617009291325e-06,0.00044551008694704335,0.0004619093876414633,0.00046190938764146335,0.00043940728102055595,3.595937214382611e-05,3.595937214382611e-05,0.0005290065788727306,0.0005290065788727306,270.44239096995443,0.04970404924824834,0,1,False,0.25,0.3333333333333333
394,"(3, 1)",0,False,128,"(0.01, 32, 0.25)",0.01,32,0.25,128,min_val,3360,Days,min-max,3.215190573675061e-07,4.168201264114499e-07,3.656605518163283e-07,3.215190573675061e-07,4.168201264114499e-07,3.656605518163283e-07,0.0003455287638590749,0.0003666339916330774,0.0003666339916330773,0.00035429459282898296,1.7506577593843476e-05,1.7506577593843476e-05,0.0004274230973788124,0.0004274230973788123,557.8658857280388,0.061599383130669594,0,1,False,0.25,0.3333333333333333
395,"(3, 1)",0,False,128,"(0.01, 32, 0.25)",0.01,32,0.25,128,all_epochs,3360,Days,min-max,3.2987601665879744e-07,4.206581469657662e-07,4.3271658995683795e-07,3.2987601665879744e-07,4.206581469657662e-07,4.3271658995683795e-07,0.0003395638762204338,0.00036306232113585943,0.0003630623211358594,0.0003489647037162321,1.7648474460354036e-05,1.7648474460354036e-05,0.00042261319382488,0.0004226131938248798,557.8658857280388,0.049342514015734196,0,1,False,0.25,0.3333333333333333
396,"(3, 1)",0,False,128,"(0.0025, 32, 1)",0.0025,32,1.0,32,min_val,3360,Days,min-max,1.4707698818913758e-06,3.897974966778922e-07,1.8390533139517311e-06,1.4707698818913758e-06,3.897974966778922e-07,1.8390533139517311e-06,0.00044775030284106745,0.000454972041262276,0.00045497204126227603,0.0004511172344504386,3.6614469881503944e-05,3.6614469881503944e-05,0.0005203477575940181,0.0005203477575940181,131.65745307970792,0.060618806164711714,0,1,False,0.25,0.3333333333333333
397,"(3, 1)",0,False,128,"(0.0025, 32, 1)",0.0025,32,1.0,32,all_epochs,3360,Days,min-max,1.7226597428121408e-06,4.529615604591004e-07,2.1807960427443672e-06,1.7226597428121408e-06,4.529615604591004e-07,2.1807960427443672e-06,0.000550089883604163,0.000561182217002474,0.000561182217002474,0.0005548052171428422,3.523432076039067e-05,3.523432076039067e-05,0.0006225717853198486,0.0006225717853198491,131.65745307970792,0.050051499623805285,0,1,False,0.25,0.3333333333333333
398,"(3, 1)",0,False,128,"(0.0025, 32, 1)",0.0025,32,1.0,64,min_val,3360,Days,min-max,1.0724398606122361e-06,1.80384839354288e-07,1.279091879500676e-06,1.0724398606122361e-06,1.80384839354288e-07,1.279091879500676e-06,0.00029469434252108514,0.00028060859050819194,0.0002806085905081919,0.00029344874606686977,3.6612734575859926e-05,3.6612734575859926e-05,0.0003629792199579964,0.0003629792199579964,265.6455285353586,0.05642475001513958,0,1,False,0.25,0.3333333333333333
399,"(3, 1)",0,False,128,"(0.0025, 32, 1)",0.0025,32,1.0,64,all_epochs,3360,Days,min-max,1.3320754390544876e-06,2.5017095528636865e-07,1.6687348270270695e-06,1.3320754390544876e-06,2.5017095528636865e-07,1.6687348270270695e-06,0.00031371197502542546,0.0003213606890440984,0.00032136068904409834,0.0003198594682392629,3.4650318754966e-05,3.4650318754966e-05,0.0003816008233451116,0.00038160082334511166,265.6455285353586,0.0491693327203393,0,1,False,0.25,0.3333333333333333
400,"(3, 1)",0,False,128,"(0.0025, 32, 1)",0.0025,32,1.0,128,min_val,3360,Days,min-max,4.4567251147295275e-07,4.910876954781665e-07,4.893695263787862e-07,4.4567251147295275e-07,4.910876954781665e-07,4.893695263787862e-07,0.00030075543945743956,0.0003112501986794059,0.0003112501986794059,0.00030799427085817483,3.6340536126246785e-05,3.6340536126246785e-05,0.0003882586842221786,0.0003882586842221787,650.6091296267696,0.06764567270874977,0,1,False,0.25,0.3333333333333333
401,"(3, 1)",0,False,128,"(0.0025, 32, 1)",0.0025,32,1.0,128,all_epochs,3360,Days,min-max,6.655574039881598e-07,2.1936111217908226e-07,7.114016195247972e-07,6.655574039881598e-07,2.1936111217908226e-07,7.114016195247972e-07,0.00031372311394593506,0.0003206710820912852,0.0003206710820912852,0.00032246591595095064,3.664158599507084e-05,3.664158599507084e-05,0.00040162765364418863,0.00040162765364418863,650.6091296267696,0.06109745893627405,0,1,False,0.25,0.3333333333333333
402,"(3, 1)",0,False,128,"(0.0025, 32, 0.25)",0.0025,32,0.25,32,min_val,3360,Days,min-max,1.247793452711276e-06,2.098791444437321e-07,1.588780646868855e-06,1.247793452711276e-06,2.098791444437321e-07,1.588780646868855e-06,0.0002833384811775251,0.0002972171983419051,0.0002972171983419051,0.00029347969215024914,3.445380952097622e-05,3.445380952097622e-05,0.000362717838407336,0.00036271783840733583,164.35679567232728,0.06602312391623855,0,1,False,0.25,0.3333333333333333
403,"(3, 1)",0,False,128,"(0.0025, 32, 0.25)",0.0025,32,0.25,32,all_epochs,3360,Days,min-max,1.2447555710127519e-06,3.1966105949398233e-07,1.6223509297850324e-06,1.2447555710127519e-06,3.1966105949398233e-07,1.6223509297850324e-06,0.00031499098003770444,0.00032921995836864606,0.00032921995836864606,0.0003312785947704173,3.405426652726489e-05,3.405426652726489e-05,0.0004013618423415093,0.00040136184234150913,164.35679567232728,0.060013384092599154,0,1,False,0.25,0.3333333333333333
404,"(3, 1)",0,False,128,"(0.0025, 32, 0.25)",0.0025,32,0.25,64,min_val,3360,Days,min-max,3.218382556038332e-07,3.388799276263886e-07,3.5739480530709096e-07,3.218382556038332e-07,3.388799276263886e-07,3.5739480530709096e-07,0.0002396503656654919,0.00024585645838699527,0.00024585645838699527,0.000250264999289082,3.479485995109637e-05,3.479485995109637e-05,0.00031742538191385447,0.0003174253819138545,333.0954486699775,0.06850013369694352,0,1,False,0.25,0.3333333333333333
405,"(3, 1)",0,False,128,"(0.0025, 32, 0.25)",0.0025,32,0.25,64,all_epochs,3360,Days,min-max,4.6093093123223e-07,1.9573703861941217e-07,4.866100015698947e-07,4.6093093123223e-07,1.9573703861941217e-07,4.866100015698947e-07,0.0002870352879468925,0.0002866654550975164,0.00028666545509751644,0.00029578656680832015,3.562922310030941e-05,3.562922310030941e-05,0.0003576927246880822,0.0003576927246880824,333.0954486699775,0.07011853624135256,0,1,False,0.25,0.3333333333333333
406,"(3, 1)",0,False,128,"(0.0025, 32, 0.25)",0.0025,32,0.25,128,min_val,3360,Days,min-max,1.5422636721549384e-07,1.0867431672636546e-07,1.800842521095972e-07,1.5422636721549384e-07,1.0867431672636546e-07,1.800842521095972e-07,0.0002086492779415416,0.00020826774592992987,0.0002082677459299299,0.0002062886849561948,2.8806189383716776e-05,2.8806189383716776e-05,0.0002734827445760732,0.00027348274457607313,675.6791493580677,0.06133277388289571,0,1,False,0.25,0.3333333333333333
407,"(3, 1)",0,False,128,"(0.0025, 32, 0.25)",0.0025,32,0.25,128,all_epochs,3360,Days,min-max,1.6055769334593847e-07,1.1563124360350475e-07,2.602266173447117e-07,1.6055769334593847e-07,1.1563124360350475e-07,2.602266173447117e-07,0.00022016464298451677,0.0002205920665941321,0.00022059206659413212,0.00021849476104864165,2.7784123821408215e-05,2.7784123821408215e-05,0.0002832134107937468,0.0002832134107937471,675.6791493580677,0.055164836812764406,0,1,False,0.25,0.3333333333333333
408,"(3, 1)",0,False,128,"(0.01, 32, 1)",0.01,32,1.0,32,min_val,3360,Hours,min-max,7.028026240003709e-06,3.859169894583197e-05,1.593642294919741e-06,7.028026240003709e-06,3.859169894583197e-05,1.593642294919741e-06,0.000951917757817103,0.0010954918212596554,0.0010954918212596556,0.0008980347090474795,3.4680287729225266e-05,3.4680287729225266e-05,0.0009736209086325774,0.0009736209086325774,142.87042087875307,0.05635432805866003,0,1,False,0.25,0.3333333333333333
409,"(3, 1)",0,False,128,"(0.01, 32, 1)",0.01,32,1.0,32,all_epochs,3360,Hours,min-max,1.2702247097249056e-05,3.827548159555344e-05,9.290981628412593e-06,1.2702247097249056e-05,3.827548159555344e-05,9.290981628412593e-06,0.0020166346993825417,0.0022034453325012146,0.0022034453325012146,0.0019218064625350548,3.9025160538091996e-05,3.9025160538091996e-05,0.0020409447045339067,0.0020409447045339076,142.87042087875307,0.048075987957417965,0,1,False,0.25,0.3333333333333333
410,"(3, 1)",0,False,128,"(0.01, 32, 1)",0.01,32,1.0,64,min_val,3360,Hours,min-max,4.776640737634581e-06,4.0718192025208525e-05,9.024699532051585e-07,4.776640737634581e-06,4.0718192025208525e-05,9.024699532051585e-07,0.0006411677403843243,0.0008460968837805297,0.0008460968837805296,0.0006080192972266875,3.2854915914584025e-05,3.2854915914584025e-05,0.0006973968889178162,0.0006973968889178163,266.59237880725414,0.053351130336523056,0,1,False,0.25,0.3333333333333333
411,"(3, 1)",0,False,128,"(0.01, 32, 1)",0.01,32,1.0,64,all_epochs,3360,Hours,min-max,1.3019880532215327e-05,4.214372183504709e-05,9.847473389774323e-06,1.3019880532215327e-05,4.214372183504709e-05,9.847473389774323e-06,0.0028786498492723894,0.0030756461684295195,0.00307564616842952,0.0028273131731156257,4.0589546462904374e-05,4.0589546462904374e-05,0.0029185379893687524,0.002918537989368753,266.59237880725414,0.048991719260811806,0,1,False,0.25,0.3333333333333333
412,"(3, 1)",0,False,128,"(0.01, 32, 1)",0.01,32,1.0,128,min_val,3360,Hours,min-max,6.3649918039932106e-06,3.722569381154895e-05,5.819254930189734e-07,6.3649918039932106e-06,3.722569381154895e-05,5.819254930189734e-07,0.0005507664855666372,0.0006972108554647499,0.0006972108554647499,0.0005183930721895973,3.59857721675436e-05,3.59857721675436e-05,0.0005896117310661492,0.0005896117310661493,540.7665493991226,0.05327419796958566,0,1,False,0.25,0.3333333333333333
413,"(3, 1)",0,False,128,"(0.01, 32, 1)",0.01,32,1.0,128,all_epochs,3360,Hours,min-max,6.108816053832868e-06,3.606118859282062e-05,1.1483683852520716e-06,6.108816053832868e-06,3.606118859282062e-05,1.1483683852520716e-06,0.0007400737267452929,0.0009034441407983093,0.0009034441407983096,0.0006950176808226055,3.512177513288655e-05,3.512177513288655e-05,0.0007760571093084188,0.0007760571093084186,540.7665493991226,0.05114640528336167,0,1,False,0.25,0.3333333333333333
414,"(3, 1)",0,False,128,"(0.01, 32, 0.25)",0.01,32,0.25,32,min_val,3360,Hours,min-max,5.534192461021806e-06,3.9228179157598666e-05,7.764073478394853e-07,5.534192461021806e-06,3.9228179157598666e-05,7.764073478394853e-07,0.0005762324606316331,0.000757698508371222,0.000757698508371222,0.0005476803585760342,3.5464590303654764e-05,3.5464590303654764e-05,0.0006277430913195033,0.0006277430913195033,132.04176481906325,0.05499088577926159,0,1,False,0.25,0.3333333333333333
415,"(3, 1)",0,False,128,"(0.01, 32, 0.25)",0.01,32,0.25,32,all_epochs,3360,Hours,min-max,4.368462100350627e-06,3.629545089601346e-05,5.4593093822146635e-06,4.368462100350627e-06,3.629545089601346e-05,5.4593093822146635e-06,0.0008030310968705703,0.0010235876226331894,0.0010235876226331894,0.0008258097488170823,3.101973446698104e-05,3.101973446698104e-05,0.000885038905733265,0.000885038905733265,132.04176481906325,0.04593937611207366,0,1,False,0.25,0.3333333333333333
416,"(3, 1)",0,False,128,"(0.01, 32, 0.25)",0.01,32,0.25,64,min_val,3360,Hours,min-max,7.89516991992835e-06,4.0407450432801295e-05,2.039102649132419e-06,7.89516991992835e-06,4.0407450432801295e-05,2.039102649132419e-06,0.0012306823274879513,0.001336898483449813,0.0013368984834498132,0.001182661243193228,3.789816643988806e-05,3.789816643988806e-05,0.001264251156005973,0.001264251156005973,266.2363896369934,0.05491877719759941,0,1,False,0.25,0.3333333333333333
417,"(3, 1)",0,False,128,"(0.01, 32, 0.25)",0.01,32,0.25,64,all_epochs,3360,Hours,min-max,1.0550865960391345e-05,3.9178062072026254e-05,7.731035259000432e-06,1.0550865960391345e-05,3.9178062072026254e-05,7.731035259000432e-06,0.001979166419073101,0.002174451964856808,0.0021744519648568077,0.001947362051013635,3.671281885030065e-05,3.671281885030065e-05,0.0020313016832628054,0.0020313016832628045,266.2363896369934,0.048193567898124456,0,1,False,0.25,0.3333333333333333
418,"(3, 1)",0,False,128,"(0.01, 32, 0.25)",0.01,32,0.25,128,min_val,3360,Hours,min-max,4.158832081438807e-06,4.086385100741779e-05,4.7330926287306123e-07,4.158832081438807e-06,4.086385100741779e-05,4.7330926287306123e-07,0.00047178340791264553,0.0006716269429295806,0.0006716269429295807,0.00044039685456511563,3.289803141868799e-05,3.289803141868799e-05,0.0005333430840442505,0.0005333430840442508,551.6303937030025,0.055741633754223585,0,1,False,0.25,0.3333333333333333
419,"(3, 1)",0,False,128,"(0.01, 32, 0.25)",0.01,32,0.25,128,all_epochs,3360,Hours,min-max,1.9373440053841916e-06,4.053124680867537e-05,1.3738946570159622e-06,1.9373440053841916e-06,4.053124680867537e-05,1.3738946570159622e-06,0.000837678530452529,0.001022620587390369,0.0010226205873903687,0.0008624831881518236,3.432518135283279e-05,3.432518135283279e-05,0.0009113467008617797,0.0009113467008617798,551.6303937030025,0.04742921516299248,0,1,False,0.25,0.3333333333333333
420,"(3, 1)",0,False,128,"(0.0025, 32, 1)",0.0025,32,1.0,32,min_val,3360,Hours,min-max,6.196299170183129e-06,3.843712791484197e-05,3.6796839834644584e-07,6.196299170183129e-06,3.843712791484197e-05,3.6796839834644584e-07,0.0004407134001949152,0.0005947065757730523,0.0005947065757730524,0.00040622903664108207,3.62229126657147e-05,3.62229126657147e-05,0.00048417998064486674,0.0004841799806448669,134.6660498273559,0.058475426863878965,0,1,False,0.25,0.3333333333333333
421,"(3, 1)",0,False,128,"(0.0025, 32, 1)",0.0025,32,1.0,32,all_epochs,3360,Hours,min-max,4.451206079687528e-06,3.480785815537377e-05,2.214029938424371e-06,4.451206079687528e-06,3.480785815537377e-05,2.214029938424371e-06,0.0008762100675323105,0.0010143762753691344,0.0010143762753691344,0.0008686528864760319,3.2721604970680065e-05,3.2721604970680065e-05,0.0009238228815462557,0.0009238228815462564,134.6660498273559,0.0498013012111187,0,1,False,0.25,0.3333333333333333
422,"(3, 1)",0,False,128,"(0.0025, 32, 1)",0.0025,32,1.0,64,min_val,3360,Hours,min-max,4.662255567949373e-06,3.6627083516342584e-05,4.652777168165291e-07,4.662255567949373e-06,3.6627083516342584e-05,4.652777168165291e-07,0.00045984815708735187,0.0006177975816140103,0.0006177975816140103,0.00043640147674729263,3.437640489492985e-05,3.437640489492985e-05,0.0005074863479669375,0.0005074863479669375,272.12089159106836,0.05455473903566599,0,1,False,0.25,0.3333333333333333
423,"(3, 1)",0,False,128,"(0.0025, 32, 1)",0.0025,32,1.0,64,all_epochs,3360,Hours,min-max,1.9352094816248027e-05,5.338027338179174e-05,1.744025325252218e-05,1.9352094816248027e-05,5.338027338179174e-05,1.744025325252218e-05,0.0036782781841294214,0.003997189427398605,0.003997189427398605,0.0036128812195093027,4.8999575804072665e-05,4.8999575804072665e-05,0.0037415215900583674,0.0037415215900583683,272.12089159106836,0.04898030683398247,0,1,False,0.25,0.3333333333333333
424,"(3, 1)",0,False,128,"(0.0025, 32, 1)",0.0025,32,1.0,128,min_val,3360,Hours,min-max,4.428997065833903e-06,3.76551493539711e-05,2.90094359974612e-07,4.428997065833903e-06,3.76551493539711e-05,2.90094359974612e-07,0.0003706185327683067,0.0005143744070872658,0.0005143744070872659,0.00033275429736424384,3.250032884333359e-05,3.250032884333359e-05,0.0004065752446615566,0.00040657524466155653,551.7627402008511,0.05609137890860438,0,1,False,0.25,0.3333333333333333
425,"(3, 1)",0,False,128,"(0.0025, 32, 1)",0.0025,32,1.0,128,all_epochs,3360,Hours,min-max,4.581314022853776e-06,3.592488117543292e-05,5.189224008285899e-06,4.581314022853776e-06,3.592488117543292e-05,5.189224008285899e-06,0.0015466628774436757,0.0017527587490837374,0.0017527587490837376,0.0015066318057074808,2.9502703001591822e-05,2.9502703001591822e-05,0.0015999071343890123,0.0015999071343890119,551.7627402008511,0.04753695102408528,0,1,False,0.25,0.3333333333333333
426,"(3, 1)",0,False,128,"(0.0025, 32, 0.25)",0.0025,32,0.25,32,min_val,3360,Hours,min-max,4.2385473487214675e-06,3.828967284703076e-05,4.724245309233566e-07,4.2385473487214675e-06,3.828967284703076e-05,4.724245309233566e-07,0.00045061011136425327,0.0006157124556072665,0.0006157124556072664,0.00042344881667592983,3.552781946982701e-05,3.552781946982701e-05,0.0004981773787083229,0.0004981773787083229,134.85580088105053,0.05291969981044531,0,1,False,0.25,0.3333333333333333
427,"(3, 1)",0,False,128,"(0.0025, 32, 0.25)",0.0025,32,0.25,32,all_epochs,3360,Hours,min-max,5.461439026364198e-06,3.683735371207689e-05,1.6146310693095062e-06,5.461439026364198e-06,3.683735371207689e-05,1.6146310693095062e-06,0.0009989221320141897,0.001145123249597264,0.001145123249597264,0.0009599057035750637,3.40660799260887e-05,3.40660799260887e-05,0.0010344163213665452,0.001034416321366545,134.85580088105053,0.04842010606080294,0,1,False,0.25,0.3333333333333333
428,"(3, 1)",0,False,128,"(0.0025, 32, 0.25)",0.0025,32,0.25,64,min_val,3360,Hours,min-max,4.8880342747586265e-06,3.853773059879261e-05,4.033720712342479e-07,4.8880342747586265e-06,3.853773059879261e-05,4.033720712342479e-07,0.0004643335851933071,0.0005989425089587563,0.0005989425089587563,0.0004207019584400601,3.5135004569957085e-05,3.5135004569957085e-05,0.0004990445476160001,0.0004990445476160001,271.09124597813934,0.05076511576771736,0,1,False,0.25,0.3333333333333333
429,"(3, 1)",0,False,128,"(0.0025, 32, 0.25)",0.0025,32,0.25,64,all_epochs,3360,Hours,min-max,9.967891605514227e-07,2.9635122057820086e-05,8.397179259336005e-07,9.967891605514227e-07,2.9635122057820086e-05,8.397179259336005e-07,0.00044809453228162964,0.0005929045305516229,0.0005929045305516229,0.0004311221178238844,2.6776578347551513e-05,2.6776578347551513e-05,0.0005025386802082187,0.0005025386802082186,271.09124597813934,0.04718716721981764,0,1,False,0.25,0.3333333333333333
430,"(3, 1)",0,False,128,"(0.0025, 32, 0.25)",0.0025,32,0.25,128,min_val,3360,Hours,min-max,5.246029065584184e-07,3.243032756520502e-05,2.619247652166679e-07,5.246029065584184e-07,3.243032756520502e-05,2.619247652166679e-07,0.00025211411785888054,0.0004253575792139831,0.0004253575792139831,0.00026376620160002906,2.7163852474812018e-05,2.7163852474812018e-05,0.00031803947464056865,0.00031803947464056865,551.8544113249518,0.0525892423465848,0,1,False,0.25,0.3333333333333333
431,"(3, 1)",0,False,128,"(0.0025, 32, 0.25)",0.0025,32,0.25,128,all_epochs,3360,Hours,min-max,1.9726766828007889e-07,2.9168284022735346e-05,2.989998825907651e-07,1.9726766828007889e-07,2.9168284022735346e-05,2.989998825907651e-07,0.00023097023778540722,0.00040541431994718186,0.0004054143199471818,0.0002518326447272526,2.5327365882154188e-05,2.5327365882154188e-05,0.00030447157114393565,0.0003044715711439357,551.8544113249518,0.04706942103803158,0,1,False,0.25,0.3333333333333333
432,"(3, 1)",0,False,128,"(0.01, 32, 1)",0.01,32,1.0,32,min_val,4032,Days,min-max,0.0001418300450267247,9.984440667059764e-06,7.301511977611871e-06,0.0001418300450267247,9.984440667059764e-06,7.301511977611871e-06,0.002014547794227731,0.0019115642968049833,0.0019115642968049833,0.0017754065728251651,4.402578400812701e-05,4.402578400812701e-05,0.001936464469499932,0.0019364644694999315,162.69057819480076,0.06244563776999712,0,1,False,0.25,0.3333333333333333
433,"(3, 1)",0,False,128,"(0.01, 32, 1)",0.01,32,1.0,32,all_epochs,4032,Days,min-max,3.9463176991940294e-05,0.00030702098842427464,1.5285873982164777e-05,3.9463176991940294e-05,0.00030702098842427464,1.5285873982164777e-05,0.0025896607978350174,0.0030312100302191964,0.0030312100302191964,0.0025140449531660504,0.0001238463074732817,0.0001238463074732817,0.0028702091615564374,0.0028702091615564374,162.69057819480076,0.05874205473810434,0,1,False,0.25,0.3333333333333333
434,"(3, 1)",0,False,128,"(0.01, 32, 1)",0.01,32,1.0,64,min_val,4032,Days,min-max,0.00012962939501363156,1.444419895306638e-05,1.0651619656083044e-05,0.00012962939501363156,1.444419895306638e-05,1.0651619656083044e-05,0.0023380500593196633,0.002273132127041725,0.0022731321270417254,0.002037670070504523,4.35994427497548e-05,4.35994427497548e-05,0.0023042457321570758,0.0023042457321570758,329.12194048566744,0.06464568013325334,0,1,False,0.25,0.3333333333333333
435,"(3, 1)",0,False,128,"(0.01, 32, 1)",0.01,32,1.0,64,all_epochs,4032,Days,min-max,0.0005502843962629188,0.0004030518770529475,0.00033666190469929707,0.0005502843962629188,0.0004030518770529475,0.00033666190469929707,0.013560726754860081,0.013636810810508753,0.013636810810508753,0.012897344977474632,0.00045198034732772305,0.00045198034732772305,0.013813234445133367,0.013813234445133367,329.12194048566744,0.058401953894644976,0,1,False,0.25,0.3333333333333333
436,"(3, 1)",0,False,128,"(0.01, 32, 1)",0.01,32,1.0,128,min_val,4032,Days,min-max,0.0001505748044697817,8.38235230584586e-06,7.824169797685357e-06,0.0001505748044697817,8.38235230584586e-06,7.824169797685357e-06,0.00218220829840682,0.0019976219761999384,0.0019976219761999384,0.0019703959984815763,4.682280659405384e-05,4.682280659405384e-05,0.002133578150025923,0.002133578150025922,669.9311492675915,0.061145196203142405,0,1,False,0.25,0.3333333333333333
437,"(3, 1)",0,False,128,"(0.01, 32, 1)",0.01,32,1.0,128,all_epochs,4032,Days,min-max,0.00011367707995247092,3.145242086477303e-05,2.834397261506375e-05,0.00011367707995247092,3.145242086477303e-05,2.834397261506375e-05,0.004291590103232457,0.004250750560479843,0.004250750560479842,0.0040870466484854975,5.344811133754791e-05,5.344811133754791e-05,0.004234619357922756,0.004234619357922755,669.9311492675915,0.0589318429119885,0,1,False,0.25,0.3333333333333333
438,"(3, 1)",0,False,128,"(0.01, 32, 0.25)",0.01,32,0.25,32,min_val,4032,Days,min-max,0.0001256085417007443,7.050584405495047e-06,4.246695033841327e-06,0.0001256085417007443,7.050584405495047e-06,4.246695033841327e-06,0.0016606446863302268,0.0015741481876122036,0.001574148187612204,0.0013949934104772064,3.747472141159895e-05,3.747472141159895e-05,0.0016205141295039603,0.00162051412950396,162.2388905789703,0.06189060304313898,0,1,False,0.25,0.3333333333333333
439,"(3, 1)",0,False,128,"(0.01, 32, 0.25)",0.01,32,0.25,32,all_epochs,4032,Days,min-max,8.432631917664549e-05,2.786343876605526e-05,2.5137609551904943e-05,8.432631917664549e-05,2.786343876605526e-05,2.5137609551904943e-05,0.0038427756262816833,0.0037204629684935565,0.0037204629684935574,0.0036111995192915558,4.478108572292568e-05,4.478108572292568e-05,0.003772898709358717,0.003772898709358718,162.2388905789703,0.05563683621585369,0,1,False,0.25,0.3333333333333333
440,"(3, 1)",0,False,128,"(0.01, 32, 0.25)",0.01,32,0.25,64,min_val,4032,Days,min-max,0.00019325960576130726,4.093583642931592e-05,3.4424330628228484e-05,0.00019325960576130726,4.093583642931592e-05,3.4424330628228484e-05,0.004116269733525684,0.00407098749016792,0.00407098749016792,0.003815712921698527,8.184920079604945e-05,8.184920079604945e-05,0.004099297220730993,0.004099297220730994,329.653130418621,0.06636150414124131,0,1,False,0.25,0.3333333333333333
441,"(3, 1)",0,False,128,"(0.01, 32, 0.25)",0.01,32,0.25,64,all_epochs,4032,Days,min-max,0.0005277247865479575,0.0003801928480444881,0.00032213191680355866,0.0005277247865479575,0.0003801928480444881,0.00032213191680355866,0.014484903475099628,0.014684817663630733,0.014684817663630733,0.013946301608135437,0.00042469818043688754,0.00042469818043688754,0.014727400359976765,0.014727400359976769,329.653130418621,0.05838814610615373,0,1,False,0.25,0.3333333333333333
442,"(3, 1)",0,False,128,"(0.01, 32, 0.25)",0.01,32,0.25,128,min_val,4032,Days,min-max,0.0001572673437353161,1.4600266272747165e-05,1.242547017802495e-05,0.0001572673437353161,1.4600266272747165e-05,1.242547017802495e-05,0.0025566599199533966,0.002406410645903992,0.002406410645903992,0.0022467641822144094,5.366019200867369e-05,5.366019200867369e-05,0.0025535523276925833,0.0025535523276925833,669.0470872218721,0.06316235475242138,0,1,False,0.25,0.3333333333333333
443,"(3, 1)",0,False,128,"(0.01, 32, 0.25)",0.01,32,0.25,128,all_epochs,4032,Days,min-max,0.0005274521760905769,0.00037993639469988567,0.0003214260159466673,0.0005274521760905769,0.00037993639469988567,0.0003214260159466673,0.014406456006191405,0.014598039477605589,0.01459803947760559,0.013857423230749165,0.0004246804062260344,0.0004246804062260344,0.014648190926439408,0.014648190926439401,669.0470872218721,0.06182772992178798,0,1,False,0.25,0.3333333333333333
444,"(3, 1)",0,False,128,"(0.0025, 32, 1)",0.0025,32,1.0,32,min_val,4032,Days,min-max,4.972744754686702e-06,0.0002530252338194949,2.147952510311042e-06,4.972744754686702e-06,0.0002530252338194949,2.147952510311042e-06,0.0009852205391548158,0.0013814194424419174,0.0013814194424419174,0.0009112581097798309,4.3708791226526086e-05,4.3708791226526086e-05,0.0011354219440959496,0.0011354219440959494,162.659378929995,0.06330675818026066,0,1,False,0.25,0.3333333333333333
445,"(3, 1)",0,False,128,"(0.0025, 32, 1)",0.0025,32,1.0,32,all_epochs,4032,Days,min-max,0.00011945815065722309,0.0004096100343237576,4.994868771081551e-05,0.00011945815065722309,0.0004096100343237576,4.994868771081551e-05,0.0038918300477092404,0.004350195722032433,0.004350195722032433,0.003511494445452214,0.00021893136889245728,0.00021893136889245728,0.004178755568657355,0.004178755568657354,162.659378929995,0.05704570189118385,0,1,False,0.25,0.3333333333333333
446,"(3, 1)",0,False,128,"(0.0025, 32, 1)",0.0025,32,1.0,64,min_val,4032,Days,min-max,1.948454083830285e-06,1.252407542735083e-06,9.292410804805824e-07,1.948454083830285e-06,1.252407542735083e-06,9.292410804805824e-07,0.0006902085778439742,0.0007053004459130906,0.0007053004459130906,0.0006597456909712011,4.855033023691398e-06,4.855033023691398e-06,0.0007253937269597004,0.0007253937269597003,327.54781025415286,0.06456141732633114,0,1,False,0.25,0.3333333333333333
447,"(3, 1)",0,False,128,"(0.0025, 32, 1)",0.0025,32,1.0,64,all_epochs,4032,Days,min-max,2.222169621710988e-05,4.109040788991046e-06,3.5937098636073674e-06,2.222169621710988e-05,4.109040788991046e-06,3.5937098636073674e-06,0.0015658715311101321,0.0015485491690094507,0.0015485491690094507,0.0014776828797426653,1.0462756316055825e-05,1.0462756316055825e-05,0.0015553867683410223,0.001555386768341023,327.54781025415286,0.06156053114682436,0,1,False,0.25,0.3333333333333333
448,"(3, 1)",0,False,128,"(0.0025, 32, 1)",0.0025,32,1.0,128,min_val,4032,Days,min-max,6.296478491001813e-06,0.0002852831531521557,6.703115042375241e-07,6.296478491001813e-06,0.0002852831531521557,6.703115042375241e-07,0.0005602588084719656,0.0009524447998385365,0.0009524447998385364,0.0005105943535519346,3.8732548717555844e-05,3.8732548717555844e-05,0.0006516109574843822,0.0006516109574843827,665.2803730322048,0.0646662344224751,0,1,False,0.25,0.3333333333333333
449,"(3, 1)",0,False,128,"(0.0025, 32, 1)",0.0025,32,1.0,128,all_epochs,4032,Days,min-max,1.7102289862335143e-05,0.00021594663593382395,7.664034347224454e-06,1.7102289862335143e-05,0.00021594663593382395,7.664034347224454e-06,0.0021455229779729955,0.0024978752623074445,0.0024978752623074445,0.002112002957827973,3.930116054552291e-05,3.930116054552291e-05,0.0022459597076583153,0.002245959707658315,665.2803730322048,0.05737703340128064,0,1,False,0.25,0.3333333333333333
450,"(3, 1)",0,False,128,"(0.0025, 32, 0.25)",0.0025,32,0.25,32,min_val,4032,Days,min-max,4.0559948106270545e-06,1.8364307566031163e-06,1.5022285545740042e-06,4.0559948106270545e-06,1.8364307566031163e-06,1.5022285545740042e-06,0.0009284682972048947,0.0009163738560503408,0.0009163738560503408,0.0008810784944441152,1.2603817487410059e-05,1.2603817487410059e-05,0.0009722589893370208,0.000972258989337021,162.10555937094614,0.06228709826245904,0,1,False,0.25,0.3333333333333333
451,"(3, 1)",0,False,128,"(0.0025, 32, 0.25)",0.0025,32,0.25,32,all_epochs,4032,Days,min-max,4.257848905427664e-06,1.8887209575520092e-06,1.6267430668546956e-06,4.257848905427664e-06,1.8887209575520092e-06,1.6267430668546956e-06,0.0008373572101926697,0.0008271063703691498,0.0008271063703691498,0.0007851893643395344,1.0768205460123628e-05,1.0768205460123628e-05,0.0008939863971412353,0.0008939863971412355,162.10555937094614,0.05804915865883231,0,1,False,0.25,0.3333333333333333
452,"(3, 1)",0,False,128,"(0.0025, 32, 0.25)",0.0025,32,0.25,64,min_val,4032,Days,min-max,1.8782147637816415e-06,8.4890674034331e-05,9.027279857172992e-07,1.8782147637816415e-06,8.4890674034331e-05,9.027279857172992e-07,0.0005824736037088012,0.0008336226537305581,0.0008336226537305581,0.0005606093965506695,1.310825478980822e-05,1.310825478980822e-05,0.0006805663669376877,0.0006805663669376877,328.1850776313804,0.06263445504009724,0,1,False,0.25,0.3333333333333333
453,"(3, 1)",0,False,128,"(0.0025, 32, 0.25)",0.0025,32,0.25,64,all_epochs,4032,Days,min-max,3.277675475723993e-06,9.820967112005327e-05,1.4008112863417664e-06,3.277675475723993e-06,9.820967112005327e-05,1.4008112863417664e-06,0.0008418686241637252,0.0010884592700453276,0.0010884592700453279,0.0008178935564048592,2.5109463419600355e-05,2.5109463419600355e-05,0.000977021899362894,0.0009770218993628943,328.1850776313804,0.05644023325294256,0,1,False,0.25,0.3333333333333333
454,"(3, 1)",0,False,128,"(0.0025, 32, 0.25)",0.0025,32,0.25,128,min_val,4032,Days,min-max,9.184173466365716e-07,1.3274320387828759e-06,8.465504390941952e-07,9.184173466365716e-07,1.3274320387828759e-06,8.465504390941952e-07,0.0006069745282101319,0.0006666115971033079,0.0006666115971033078,0.0006071040294413394,5.3247789627918834e-06,5.3247789627918834e-06,0.0006983102346946511,0.000698310234694651,666.3139815470204,0.06466607190668583,0,1,False,0.25,0.3333333333333333
455,"(3, 1)",0,False,128,"(0.0025, 32, 0.25)",0.0025,32,0.25,128,all_epochs,4032,Days,min-max,9.197951122969772e-07,1.3363414666209968e-06,8.547956976338999e-07,9.197951122969772e-07,1.3363414666209968e-06,8.547956976338999e-07,0.0006130397401235778,0.0006769735138655075,0.0006769735138655075,0.0006161309872699855,5.186401824259598e-06,5.186401824259598e-06,0.0007056108428428492,0.0007056108428428493,666.3139815470204,0.06079506315290928,0,1,False,0.25,0.3333333333333333
456,"(3, 1)",0,False,128,"(0.01, 32, 1)",0.01,32,1.0,32,min_val,4032,Hours,min-max,0.00010970664588706753,4.840587072815137e-06,1.1233889198208961e-05,0.00010970664588706753,4.840587072815137e-06,1.1233889198208961e-05,0.0013796126138566891,0.0013181343132891577,0.0013181343132891575,0.0014233624767189213,3.3258359503171975e-05,3.3258359503171975e-05,0.001367906341573851,0.0013679063415738516,162.4386938516982,0.06830600509420037,0,1,False,0.25,0.3333333333333333
457,"(3, 1)",0,False,128,"(0.01, 32, 1)",0.01,32,1.0,32,all_epochs,4032,Hours,min-max,0.00014997002196926804,2.3883136182621517e-05,3.177861613952306e-05,0.00014997002196926804,2.3883136182621517e-05,3.177861613952306e-05,0.0036125117494868854,0.003632251314212826,0.003632251314212826,0.003641220147161122,5.8424630191350935e-05,5.8424630191350935e-05,0.003663124411949562,0.003663124411949563,162.4386938516982,0.05910561513155699,0,1,False,0.25,0.3333333333333333
458,"(3, 1)",0,False,128,"(0.01, 32, 1)",0.01,32,1.0,64,min_val,4032,Hours,min-max,0.0001346355643419783,1.8689488437115877e-05,2.5691766288898666e-05,0.0001346355643419783,1.8689488437115877e-05,2.5691766288898666e-05,0.002916342907613267,0.0028724862096611756,0.002872486209661175,0.0028827730763839625,4.9534042807310746e-05,4.9534042807310746e-05,0.0028968777306642357,0.0028968777306642357,329.70674645900726,0.06447872379794717,0,1,False,0.25,0.3333333333333333
459,"(3, 1)",0,False,128,"(0.01, 32, 1)",0.01,32,1.0,64,all_epochs,4032,Hours,min-max,0.00017365455193893648,3.79870701485553e-05,4.790938902910931e-05,0.00017365455193893648,3.79870701485553e-05,4.790938902910931e-05,0.004543923697679224,0.0044830832275014046,0.0044830832275014046,0.004480883494016213,7.507729196210893e-05,7.507729196210893e-05,0.0045008845515489785,0.0045008845515489785,329.70674645900726,0.05570984398946166,0,1,False,0.25,0.3333333333333333
460,"(3, 1)",0,False,128,"(0.01, 32, 1)",0.01,32,1.0,128,min_val,4032,Hours,min-max,1.2975786956446736e-05,8.610186890635961e-06,1.4734659441603555e-05,1.2975786956446736e-05,8.610186890635961e-06,1.4734659441603555e-05,0.0016317377998376066,0.0017578859772270485,0.001757885977227048,0.0017880271533124439,1.6284210675936737e-05,1.6284210675936737e-05,0.0017508037407267208,0.0017508037407267215,665.9405115540139,0.06321957614272833,0,1,False,0.25,0.3333333333333333
461,"(3, 1)",0,False,128,"(0.01, 32, 1)",0.01,32,1.0,128,all_epochs,4032,Hours,min-max,9.963789181908079e-05,9.055668348294836e-05,0.00012240179033394188,9.963789181908079e-05,9.055668348294836e-05,0.00012240179033394188,0.009005567095141193,0.009016791818910106,0.009016791818910104,0.009168998238340333,0.00013314183577003475,0.00013314183577003475,0.009140178850571829,0.009140178850571832,665.9405115540139,0.060832818038761616,0,1,False,0.25,0.3333333333333333
462,"(3, 1)",0,False,128,"(0.01, 32, 0.25)",0.01,32,0.25,32,min_val,4032,Hours,min-max,0.00012610773506731233,1.5844859639262683e-05,1.978522275765826e-05,0.00012610773506731233,1.5844859639262683e-05,1.978522275765826e-05,0.002943534633120651,0.002908827823221288,0.0029088278232212877,0.0029333032178082787,4.694827294048824e-05,4.694827294048824e-05,0.0029536881657336554,0.0029536881657336546,162.2093363800086,0.06595937302336097,0,1,False,0.25,0.3333333333333333
463,"(3, 1)",0,False,128,"(0.01, 32, 0.25)",0.01,32,0.25,32,all_epochs,4032,Hours,min-max,0.0002666580799162457,0.00012983679114567112,0.00013155908126849213,0.0002666580799162457,0.00012983679114567112,0.00013155908126849213,0.009047976260344264,0.008893700750540573,0.008893700750540573,0.008604901234887703,0.00016649201847210226,0.00016649201847210226,0.008928771400553101,0.008928771400553096,162.2093363800086,0.06002101581543684,0,1,False,0.25,0.3333333333333333
464,"(3, 1)",0,False,128,"(0.01, 32, 0.25)",0.01,32,0.25,64,min_val,4032,Hours,min-max,0.00014510279355213043,1.087158014189375e-05,2.035537741721385e-05,0.00014510279355213043,1.087158014189375e-05,2.035537741721385e-05,0.0018170272791223788,0.0017978853184590084,0.0017978853184590089,0.0018427125796719496,4.761545939815074e-05,4.761545939815074e-05,0.0018343077104601806,0.0018343077104601801,329.7829144936986,0.06622969219461083,0,1,False,0.25,0.3333333333333333
465,"(3, 1)",0,False,128,"(0.01, 32, 0.25)",0.01,32,0.25,64,all_epochs,4032,Hours,min-max,0.0005388291195836948,0.0003735485788703441,0.0003927967412839102,0.0005388291195836948,0.0003735485788703441,0.0003927967412839102,0.014349807271189962,0.014209817195110717,0.014209817195110714,0.014057371096540714,0.0004266723411810853,0.0004266723411810853,0.014328916992118369,0.014328916992118378,329.7829144936986,0.06104701291769743,0,1,False,0.25,0.3333333333333333
466,"(3, 1)",0,False,128,"(0.01, 32, 0.25)",0.01,32,0.25,128,min_val,4032,Hours,min-max,0.00014240781106116565,1.3916311132327805e-05,2.310873211061165e-05,0.00014240781106116565,1.3916311132327805e-05,2.310873211061165e-05,0.002380917033132175,0.0023091435025310364,0.0023091435025310364,0.0024485968868388926,4.928879155024851e-05,4.928879155024851e-05,0.002405553997337841,0.002405553997337841,668.7057892782614,0.06843663239851594,0,1,False,0.25,0.3333333333333333
467,"(3, 1)",0,False,128,"(0.01, 32, 0.25)",0.01,32,0.25,128,all_epochs,4032,Hours,min-max,0.000538207948388721,0.0003717153275567985,0.000391809486075692,0.000538207948388721,0.0003717153275567985,0.000391809486075692,0.01480463422700656,0.014586680888757716,0.014586680888757716,0.014484289918055043,0.0004247077770591171,0.0004247077770591171,0.014734439024896682,0.014734439024896682,668.7057892782614,0.05820251675322652,0,1,False,0.25,0.3333333333333333
468,"(3, 1)",0,False,128,"(0.0025, 32, 1)",0.0025,32,1.0,32,min_val,4032,Hours,min-max,3.514275301458009e-05,9.545662188876785e-06,1.1779488028211056e-05,3.514275301458009e-05,9.545662188876785e-06,1.1779488028211056e-05,0.0019448255709768089,0.0019623607983638987,0.001962360798363899,0.0020167948217039264,1.764416346604982e-05,1.764416346604982e-05,0.0019935700828562514,0.001993570082856252,162.04514356004074,0.06767386291176081,0,1,False,0.25,0.3333333333333333
469,"(3, 1)",0,False,128,"(0.0025, 32, 1)",0.0025,32,1.0,32,all_epochs,4032,Hours,min-max,7.689596629166433e-05,8.04014195216358e-05,0.0003287301541042364,7.689596629166433e-05,8.04014195216358e-05,0.0003287301541042364,0.0059065954585451426,0.006079162518992005,0.006079162518992005,0.00644735393159253,0.00020065398842635603,0.00020065398842635603,0.006257569328877516,0.006257569328877518,162.04514356004074,0.05905153229832649,0,1,False,0.25,0.3333333333333333
470,"(3, 1)",0,False,128,"(0.0025, 32, 1)",0.0025,32,1.0,64,min_val,4032,Hours,min-max,4.166728009902772e-06,3.746025840754628e-06,7.907049430459342e-06,4.166728009902772e-06,3.746025840754628e-06,7.907049430459342e-06,0.001159459061748675,0.0012207698751974434,0.0012207698751974434,0.001328066142893968,1.6166819895520306e-05,1.6166819895520306e-05,0.0012760512601922057,0.0012760512601922062,328.49169773282483,0.06665628915652633,0,1,False,0.25,0.3333333333333333
471,"(3, 1)",0,False,128,"(0.0025, 32, 1)",0.0025,32,1.0,64,all_epochs,4032,Hours,min-max,0.00012131284780806126,1.1988840187502275e-05,2.1969809005066066e-05,0.00012131284780806126,1.1988840187502275e-05,2.1969809005066066e-05,0.0017203886443719967,0.0017054301108299305,0.0017054301108299305,0.0018540151652680838,5.1604933192573443e-05,5.1604933192573443e-05,0.0017606733656915718,0.0017606733656915722,328.49169773282483,0.0616825083270669,0,1,False,0.25,0.3333333333333333
472,"(3, 1)",0,False,128,"(0.0025, 32, 1)",0.0025,32,1.0,128,min_val,4032,Hours,min-max,5.535925978560507e-05,2.862166938340203e-06,1.1657440905919309e-05,5.535925978560507e-05,2.862166938340203e-06,1.1657440905919309e-05,0.0010819844081164248,0.0010567776815142156,0.0010567776815142156,0.0010968758368293011,4.3735847644304465e-05,4.3735847644304465e-05,0.00111183375282946,0.0011118337528294605,666.8200789620169,0.06620806828141212,0,1,False,0.25,0.3333333333333333
473,"(3, 1)",0,False,128,"(0.0025, 32, 1)",0.0025,32,1.0,128,all_epochs,4032,Hours,min-max,7.0603011159527646e-06,6.141779903948623e-06,0.00022336685318409186,7.0603011159527646e-06,6.141779903948623e-06,0.00022336685318409186,0.0013749775174613898,0.0014279529170636814,0.0014279529170636812,0.0018277231476169643,0.00010221328044536233,0.00010221328044536233,0.0016364329012490359,0.0016364329012490356,666.8200789620169,0.05911808693781495,0,1,False,0.25,0.3333333333333333
474,"(3, 1)",0,False,128,"(0.0025, 32, 0.25)",0.0025,32,0.25,32,min_val,4032,Hours,min-max,0.00012926726363741818,9.423998444922747e-06,1.618506023409989e-05,0.00012926726363741818,9.423998444922747e-06,1.618506023409989e-05,0.0017500489673455057,0.0017550501503738802,0.0017550501503738802,0.001796263626634957,4.1734981529824523e-05,4.1734981529824523e-05,0.0017652320709477711,0.0017652320709477711,162.18036420689896,0.06531583378091455,0,1,False,0.25,0.3333333333333333
475,"(3, 1)",0,False,128,"(0.0025, 32, 0.25)",0.0025,32,0.25,32,all_epochs,4032,Hours,min-max,0.00013286104236845568,2.9078540120918092e-05,0.00013430124051222098,0.00013286104236845568,2.9078540120918092e-05,0.00013430124051222098,0.003986092101742643,0.004034084887397607,0.004034084887397607,0.004244036695915748,0.00011713167029548474,0.00011713167029548474,0.0041095737651735504,0.0041095737651735504,162.18036420689896,0.06311917211860418,0,1,False,0.25,0.3333333333333333
476,"(3, 1)",0,False,128,"(0.0025, 32, 0.25)",0.0025,32,0.25,64,min_val,4032,Hours,min-max,2.2622842680941706e-06,2.1261204588178397e-06,5.689218248127439e-06,2.2622842680941706e-06,2.1261204588178397e-06,5.689218248127439e-06,0.0007065271096353379,0.0007764290160660795,0.0007764290160660795,0.0008707788718490479,6.0211660858469785e-06,6.0211660858469785e-06,0.0007934379074718255,0.0007934379074718253,327.8965764660388,0.06386303203180432,0,1,False,0.25,0.3333333333333333
477,"(3, 1)",0,False,128,"(0.0025, 32, 0.25)",0.0025,32,0.25,64,all_epochs,4032,Hours,min-max,1.3178647806600454e-06,2.15156090139088e-06,2.490490977062635e-05,1.3178647806600454e-06,2.15156090139088e-06,2.490490977062635e-05,0.0006615529546499632,0.0007215825973560578,0.0007215825973560578,0.0008797588993824256,1.5842359975625736e-05,1.5842359975625736e-05,0.0007613374176873315,0.0007613374176873314,327.8965764660388,0.05916097667068243,0,1,False,0.25,0.3333333333333333
478,"(3, 1)",0,False,128,"(0.0025, 32, 0.25)",0.0025,32,0.25,128,min_val,4032,Hours,min-max,0.0001276659612568914,9.208046149101443e-06,1.643134319552717e-05,0.0001276659612568914,9.208046149101443e-06,1.643134319552717e-05,0.001974985584999335,0.0019377734636449153,0.0019377734636449153,0.001976271424916077,4.0682836770749724e-05,4.0682836770749724e-05,0.0019571591670925086,0.001957159167092509,664.8323343191296,0.0674489289522171,0,1,False,0.25,0.3333333333333333
479,"(3, 1)",0,False,128,"(0.0025, 32, 0.25)",0.0025,32,0.25,128,all_epochs,4032,Hours,min-max,1.0895837488576253e-06,3.3119937844582496e-06,0.00011848802368844764,1.0895837488576253e-06,3.3119937844582496e-06,0.00011848802368844764,0.0006033258285053175,0.000765221177498487,0.000765221177498487,0.0010325467263171176,3.97526403208824e-05,3.97526403208824e-05,0.0008075148460058906,0.0008075148460058906,664.8323343191296,0.05976803693920374,0,1,False,0.25,0.3333333333333333
480,"(3, 1)",0,False,128,"(0.01, 32, 1)",0.01,32,1.0,32,min_val,2016,Weeks,min-max,1.587900033481942e-06,6.997303046622955e-07,3.6231747459699214e-06,1.587900033481942e-06,6.997303046622955e-07,3.6231747459699214e-06,0.0005087654604751823,0.0005262566880630897,0.0005262566880630897,0.0005416075329895911,3.6222577509761915e-05,3.6222577509761915e-05,0.0005802890938324344,0.0005802890938324343,80.83190626697615,0.03662425419315696,0,1,False,0.25,0.3333333333333333
481,"(3, 1)",0,False,128,"(0.01, 32, 1)",0.01,32,1.0,32,all_epochs,2016,Weeks,min-max,1.907700122368984e-06,9.564180327558501e-07,3.972275507455283e-06,1.907700122368984e-06,9.564180327558501e-07,3.972275507455283e-06,0.0007168544408773076,0.0007220447599049346,0.0007220447599049346,0.000740835020260011,3.653359295019936e-05,3.653359295019936e-05,0.0007926508073373959,0.0007926508073373956,80.83190626697615,0.02994847297668457,0,1,False,0.25,0.3333333333333333
482,"(3, 1)",0,False,128,"(0.01, 32, 1)",0.01,32,1.0,64,min_val,2016,Weeks,min-max,1.3729352272244985e-06,1.6112161203439756e-06,2.9548765816650428e-06,1.3729352272244985e-06,1.6112161203439756e-06,2.9548765816650428e-06,0.0003924365271310536,0.0004108959404278337,0.0004108959404278337,0.00042059491646706016,3.5009392697107196e-05,3.5009392697107196e-05,0.000461613525713978,0.000461613525713978,161.7738703088835,0.0340365101583302,0,1,False,0.25,0.3333333333333333
483,"(3, 1)",0,False,128,"(0.01, 32, 1)",0.01,32,1.0,64,all_epochs,2016,Weeks,min-max,1.2461546666018674e-06,4.951176234902111e-07,3.1979581184002756e-06,1.2461546666018674e-06,4.951176234902111e-07,3.1979581184002756e-06,0.00041904044435788645,0.00042563078844600475,0.00042563078844600475,0.00045547098496488995,3.6026756970337544e-05,3.6026756970337544e-05,0.000489815046312113,0.0004898150463121132,161.7738703088835,0.03001730889081955,0,1,False,0.25,0.3333333333333333
484,"(3, 1)",0,False,128,"(0.01, 32, 1)",0.01,32,1.0,128,min_val,2016,Weeks,min-max,1.5396533183972685e-06,5.487868316664379e-07,3.5700586297933426e-06,1.5396533183972685e-06,5.487868316664379e-07,3.5700586297933426e-06,0.00043858953676309006,0.0004548147826098394,0.0004548147826098393,0.00046222311177932115,3.5738938356325146e-05,3.5738938356325146e-05,0.0005053134844919827,0.000505313484491983,327.9318153206259,0.038575789891183376,0,1,False,0.25,0.3333333333333333
485,"(3, 1)",0,False,128,"(0.01, 32, 1)",0.01,32,1.0,128,all_epochs,2016,Weeks,min-max,1.7739836874620161e-06,8.490016396133441e-07,3.7910633439345917e-06,1.7739836874620161e-06,8.490016396133441e-07,3.7910633439345917e-06,0.0005705029753423109,0.0005848851918438042,0.0005848851918438042,0.0005860235893072221,3.614275200548781e-05,3.614275200548781e-05,0.0006133226267869475,0.0006133226267869475,327.9318153206259,0.031656473875045776,0,1,False,0.25,0.3333333333333333
486,"(3, 1)",0,False,128,"(0.01, 32, 0.25)",0.01,32,0.25,32,min_val,2016,Weeks,min-max,1.3980222724294083e-06,4.155360084268033e-07,3.255101328328373e-06,1.3980222724294083e-06,4.155360084268033e-07,3.255101328328373e-06,0.0004638756539820574,0.00045902006683976965,0.00045902006683976965,0.0004838604222131845,3.417911193787331e-05,3.417911193787331e-05,0.0005299452446364146,0.0005299452446364145,80.99253617599607,0.035286406986415386,0,1,False,0.25,0.3333333333333333
487,"(3, 1)",0,False,128,"(0.01, 32, 0.25)",0.01,32,0.25,32,all_epochs,2016,Weeks,min-max,1.5457560369901818e-06,4.2968078742124755e-07,3.632856097422485e-06,1.5457560369901818e-06,4.2968078742124755e-07,3.632856097422485e-06,0.0004595835690073258,0.0004555956520259369,0.00045559565202593687,0.00047141455091565416,3.5703947370154364e-05,3.5703947370154364e-05,0.0005220230527812588,0.0005220230527812587,80.99253617599607,0.030191597063094378,0,1,False,0.25,0.3333333333333333
488,"(3, 1)",0,False,128,"(0.01, 32, 0.25)",0.01,32,0.25,64,min_val,2016,Weeks,min-max,8.160080919961531e-07,4.2330660222565726e-07,2.337230917923301e-06,8.160080919961531e-07,4.2330660222565726e-07,2.337230917923301e-06,0.000303879907124453,0.00033189876662449225,0.00033189876662449225,0.0003276842266988785,3.531986894151993e-05,3.531986894151993e-05,0.0003784552417130071,0.00037845524171300723,159.6929240776226,0.038960959762334824,0,1,False,0.25,0.3333333333333333
489,"(3, 1)",0,False,128,"(0.01, 32, 0.25)",0.01,32,0.25,64,all_epochs,2016,Weeks,min-max,1.2189001056753222e-06,2.821580071223755e-07,2.788611914034773e-06,1.2189001056753222e-06,2.821580071223755e-07,2.788611914034773e-06,0.0003211660780529015,0.0003424498875931602,0.0003424498875931602,0.00036359597583109483,3.5745662832401444e-05,3.5745662832401444e-05,0.00039856692253762295,0.00039856692253762295,159.6929240776226,0.030354164075106382,0,1,False,0.25,0.3333333333333333
490,"(3, 1)",0,False,128,"(0.01, 32, 0.25)",0.01,32,0.25,128,min_val,2016,Weeks,min-max,9.286645733492816e-07,4.6408537885252557e-07,2.442025018818116e-06,9.286645733492816e-07,4.6408537885252557e-07,2.442025018818116e-06,0.0003224244757809259,0.0003371617289630671,0.0003371617289630671,0.0003665294413480931,3.437692332700846e-05,3.437692332700846e-05,0.00038869935671228937,0.00038869935671228937,320.62350236438215,0.037908853963017464,0,1,False,0.25,0.3333333333333333
491,"(3, 1)",0,False,128,"(0.01, 32, 0.25)",0.01,32,0.25,128,all_epochs,2016,Weeks,min-max,1.0089946940737103e-06,5.804336929805057e-07,2.5482601729009053e-06,1.0089946940737103e-06,5.804336929805057e-07,2.5482601729009053e-06,0.00045456664376510226,0.0004582747740854546,0.00045827477408545453,0.0004927261805951959,3.448028120999251e-05,3.448028120999251e-05,0.000520695093567013,0.0005206950935670132,320.62350236438215,0.03004818595945835,0,1,False,0.25,0.3333333333333333
492,"(3, 1)",0,False,128,"(0.0025, 32, 1)",0.0025,32,1.0,32,min_val,2016,Weeks,min-max,9.336083975535982e-07,2.4637070708249013e-07,2.708638028038679e-06,9.336083975535982e-07,2.4637070708249013e-07,2.708638028038679e-06,0.0002602564646153638,0.00027496979599642623,0.0002749697959964263,0.00028763049658917477,3.5595739394779616e-05,3.5595739394779616e-05,0.0003287056429742764,0.00032870564297427646,78.67707916907966,0.03547692624852061,0,1,False,0.25,0.3333333333333333
493,"(3, 1)",0,False,128,"(0.0025, 32, 1)",0.0025,32,1.0,32,all_epochs,2016,Weeks,min-max,1.1040787914675808e-06,2.4566983690015593e-07,2.996285691485251e-06,1.1040787914675808e-06,2.4566983690015593e-07,2.996285691485251e-06,0.00029763148106158187,0.000297462125321022,0.000297462125321022,0.00031382975249805004,3.594263800126792e-05,3.594263800126792e-05,0.00035192239063359265,0.0003519223906335928,78.67707916907966,0.031147086061537266,0,1,False,0.25,0.3333333333333333
494,"(3, 1)",0,False,128,"(0.0025, 32, 1)",0.0025,32,1.0,64,min_val,2016,Weeks,min-max,9.863591783009827e-07,4.310420472797832e-07,2.4808044315362156e-06,9.863591783009827e-07,4.310420472797832e-07,2.4808044315362156e-06,0.00041419113365966624,0.0004085572706816893,0.0004085572706816892,0.0004390261735205766,3.540554309197207e-05,3.540554309197207e-05,0.000480063877848906,0.00048006387784890595,157.34030834492296,0.03580825589597225,0,1,False,0.25,0.3333333333333333
495,"(3, 1)",0,False,128,"(0.0025, 32, 1)",0.0025,32,1.0,64,all_epochs,2016,Weeks,min-max,1.006784344817543e-06,2.440039956158094e-07,2.9856938114387882e-06,1.006784344817543e-06,2.440039956158094e-07,2.9856938114387882e-06,0.00026732095006341784,0.00029494267730009787,0.00029494267730009787,0.0003036844683620125,3.574978248652355e-05,3.574978248652355e-05,0.00033394566810066625,0.0003339456681006662,157.34030834492296,0.03252200409770012,0,1,False,0.25,0.3333333333333333
496,"(3, 1)",0,False,128,"(0.0025, 32, 1)",0.0025,32,1.0,128,min_val,2016,Weeks,min-max,6.761142427298829e-07,4.0131020852167997e-07,2.046993002355195e-06,6.761142427298829e-07,4.0131020852167997e-07,2.046993002355195e-06,0.00029194595208355544,0.00029862589134376877,0.00029862589134376877,0.0003156045672591807,3.4543256059260795e-05,3.4543256059260795e-05,0.00035150129561845625,0.00035150129561845636,319.9006368871778,0.035889632999897,0,1,False,0.25,0.3333333333333333
497,"(3, 1)",0,False,128,"(0.0025, 32, 1)",0.0025,32,1.0,128,all_epochs,2016,Weeks,min-max,1.2033604923300822e-06,5.639507879621394e-07,3.067514018059978e-06,1.2033604923300822e-06,5.639507879621394e-07,3.067514018059978e-06,0.0006199839988059445,0.0006192829155517323,0.0006192829155517323,0.0006443543006441599,3.586455366787018e-05,3.586455366787018e-05,0.000689599812970807,0.000689599812970807,319.9006368871778,0.030766417738050222,0,1,False,0.25,0.3333333333333333
498,"(3, 1)",0,False,128,"(0.0025, 32, 0.25)",0.0025,32,0.25,32,min_val,2016,Weeks,min-max,9.50831720006155e-07,3.2447342116861346e-07,2.650727983303048e-06,9.50831720006155e-07,3.2447342116861346e-07,2.650727983303048e-06,0.00028293384554112515,0.0002761659892335806,0.0002761659892335806,0.0003044480440988625,3.544439670841677e-05,3.544439670841677e-05,0.00034191209852640935,0.0003419120985264094,78.4799783793278,0.036254672799259424,0,1,False,0.25,0.3333333333333333
499,"(3, 1)",0,False,128,"(0.0025, 32, 0.25)",0.0025,32,0.25,32,all_epochs,2016,Weeks,min-max,1.2943562623877367e-06,9.326707157612339e-07,2.873846781966265e-06,1.2943562623877367e-06,9.326707157612339e-07,2.873846781966265e-06,0.0004336911512024582,0.00043869079358750316,0.00043869079358750316,0.00044775416418477496,3.483492446900624e-05,3.483492446900624e-05,0.0004889136881873792,0.0004889136881873793,78.4799783793278,0.03048039600253105,0,1,False,0.25,0.3333333333333333
500,"(3, 1)",0,False,128,"(0.0025, 32, 0.25)",0.0025,32,0.25,64,min_val,2016,Weeks,min-max,5.458685613065997e-07,2.576434979035966e-07,1.9296710814739102e-06,5.458685613065997e-07,2.576434979035966e-07,1.9296710814739102e-06,0.00022189079047278546,0.0002524002970100145,0.0002524002970100145,0.00025467846367188153,3.525914527378662e-05,3.525914527378662e-05,0.0002984945510180209,0.0002984945510180209,157.53795353136957,0.03509003575891256,0,1,False,0.25,0.3333333333333333
501,"(3, 1)",0,False,128,"(0.0025, 32, 0.25)",0.0025,32,0.25,64,all_epochs,2016,Weeks,min-max,5.191622208594392e-07,1.7753954769022625e-07,2.0192990795099545e-06,5.191622208594392e-07,1.7753954769022625e-07,2.0192990795099545e-06,0.0001826950681746675,0.00020752269574941532,0.00020752269574941532,0.0002163905049218588,3.5258504046492485e-05,3.5258504046492485e-05,0.000261776192015521,0.00026177619201552096,157.53795353136957,0.03206210071220994,0,1,False,0.25,0.3333333333333333
502,"(3, 1)",0,False,128,"(0.0025, 32, 0.25)",0.0025,32,0.25,128,min_val,2016,Weeks,min-max,2.319042744360532e-07,2.7272892332547987e-07,1.1665642257013383e-06,2.319042744360532e-07,2.7272892332547987e-07,1.1665642257013383e-06,0.00014401385148101693,0.00016576606747784875,0.00016576606747784877,0.00017552764856015483,3.4017547590091316e-05,3.4017547590091316e-05,0.00022095522288837115,0.0002209552228883711,319.3079923670739,0.037153073120862246,0,1,False,0.25,0.3333333333333333
503,"(3, 1)",0,False,128,"(0.0025, 32, 0.25)",0.0025,32,0.25,128,all_epochs,2016,Weeks,min-max,2.3221799151150715e-07,2.674005620313177e-07,1.176353239074286e-06,2.3221799151150715e-07,2.674005620313177e-07,1.176353239074286e-06,0.0001526236339974829,0.0001730038270259692,0.0001730038270259692,0.00018163631242163698,3.4009496424391156e-05,3.4009496424391156e-05,0.0002279344077220419,0.00022793440772204181,319.3079923670739,0.03028581803664565,0,1,False,0.25,0.3333333333333333
