Period,Scenario,LoadLevel,Technology,GWh
2030,sc01,01-07 00:00:00+01:00,CCGT,1.8097464700999757
2030,sc01,01-07 00:00:00+01:00,Wind,0.1453515
2030,sc01,01-07 00:00:00+01:00,Gas,0.0
2030,sc01,01-07 00:00:00+01:00,SynchronousCondenser,0.0
2030,sc01,01-07 00:00:00+01:00,Battery,0.0
2030,sc01,01-07 00:00:00+01:00,Solar,0.0
2030,sc01,01-07 00:00:00+01:00,OCGT,0.10176752715910196
2030,sc01,01-07 01:00:00+01:00,CCGT,1.7758447953999756
2030,sc01,01-07 01:00:00+01:00,Wind,0.12001118749999999
2030,sc01,01-07 01:00:00+01:00,Gas,0.0
2030,sc01,01-07 01:00:00+01:00,SynchronousCondenser,0.0
2030,sc01,01-07 01:00:00+01:00,Battery,0.0
2030,sc01,01-07 01:00:00+01:00,Solar,0.0
2030,sc01,01-07 01:00:00+01:00,OCGT,0.11520238971522265
2030,sc01,01-07 02:00:00+01:00,CCGT,1.753093184399976
2030,sc01,01-07 02:00:00+01:00,Wind,0.0930144375
2030,sc01,01-07 02:00:00+01:00,Gas,0.0
2030,sc01,01-07 02:00:00+01:00,SynchronousCondenser,0.0
2030,sc01,01-07 02:00:00+01:00,Battery,0.0
2030,sc01,01-07 02:00:00+01:00,Solar,0.0
2030,sc01,01-07 02:00:00+01:00,OCGT,0.14349778657561552
2030,sc01,01-07 03:00:00+01:00,CCGT,1.7440573893999758
2030,sc01,01-07 03:00:00+01:00,Wind,0.065173125
2030,sc01,01-07 03:00:00+01:00,Gas,0.0
2030,sc01,01-07 03:00:00+01:00,SynchronousCondenser,0.0
2030,sc01,01-07 03:00:00+01:00,Battery,0.0
2030,sc01,01-07 03:00:00+01:00,Solar,0.0
2030,sc01,01-07 03:00:00+01:00,OCGT,0.18852824890297903
2030,sc01,01-07 04:00:00+01:00,CCGT,1.7438181162999757
2030,sc01,01-07 04:00:00+01:00,Wind,0.04488931250000001
2030,sc01,01-07 04:00:00+01:00,Gas,0.0
2030,sc01,01-07 04:00:00+01:00,SynchronousCondenser,0.0
2030,sc01,01-07 04:00:00+01:00,Battery,0.0
2030,sc01,01-07 04:00:00+01:00,Solar,0.0
2030,sc01,01-07 04:00:00+01:00,OCGT,0.26954330736124243
2030,sc01,01-07 05:00:00+01:00,CCGT,1.7530798336999758
2030,sc01,01-07 05:00:00+01:00,Wind,0.037817312500000005
2030,sc01,01-07 05:00:00+01:00,Gas,0.0
2030,sc01,01-07 05:00:00+01:00,SynchronousCondenser,0.0
2030,sc01,01-07 05:00:00+01:00,Battery,0.0
2030,sc01,01-07 05:00:00+01:00,Solar,0.0
2030,sc01,01-07 05:00:00+01:00,OCGT,0.36338236764189114
2030,sc01,01-07 06:00:00+01:00,CCGT,1.7938934141999758
2030,sc01,01-07 06:00:00+01:00,Wind,0.04086431250000001
2030,sc01,01-07 06:00:00+01:00,Gas,0.0
2030,sc01,01-07 06:00:00+01:00,SynchronousCondenser,0.0
2030,sc01,01-07 06:00:00+01:00,Battery,0.0
2030,sc01,01-07 06:00:00+01:00,Solar,0.0
2030,sc01,01-07 06:00:00+01:00,OCGT,0.3758320123540211
2030,sc01,01-07 07:00:00+01:00,CCGT,1.8588196683999758
2030,sc01,01-07 07:00:00+01:00,Wind,0.0550766875
2030,sc01,01-07 07:00:00+01:00,Gas,0.0
2030,sc01,01-07 07:00:00+01:00,SynchronousCondenser,0.0
2030,sc01,01-07 07:00:00+01:00,Battery,0.0
2030,sc01,01-07 07:00:00+01:00,Solar,0.000217625
2030,sc01,01-07 07:00:00+01:00,OCGT,0.3261359310966388
2030,sc01,01-07 08:00:00+01:00,CCGT,1.9194647641999758
2030,sc01,01-07 08:00:00+01:00,Wind,0.07332875
2030,sc01,01-07 08:00:00+01:00,Gas,0.0
2030,sc01,01-07 08:00:00+01:00,SynchronousCondenser,0.0
2030,sc01,01-07 08:00:00+01:00,Battery,0.0
2030,sc01,01-07 08:00:00+01:00,Solar,0.0024723749999999997
2030,sc01,01-07 08:00:00+01:00,OCGT,0.26855926418819986
2030,sc01,01-07 09:00:00+01:00,CCGT,1.9543185959999758
2030,sc01,01-07 09:00:00+01:00,Wind,0.0689875625
2030,sc01,01-07 09:00:00+01:00,Gas,0.0
2030,sc01,01-07 09:00:00+01:00,SynchronousCondenser,0.0
2030,sc01,01-07 09:00:00+01:00,Battery,0.0
2030,sc01,01-07 09:00:00+01:00,Solar,0.04781774999999999
2030,sc01,01-07 09:00:00+01:00,OCGT,0.21408140627107253
2030,sc01,01-07 10:00:00+01:00,CCGT,1.9768114032999757
2030,sc01,01-07 10:00:00+01:00,Wind,0.0436919375
2030,sc01,01-07 10:00:00+01:00,Gas,0.0
2030,sc01,01-07 10:00:00+01:00,SynchronousCondenser,0.0
2030,sc01,01-07 10:00:00+01:00,Battery,0.0
2030,sc01,01-07 10:00:00+01:00,Solar,0.13165749999999998
2030,sc01,01-07 10:00:00+01:00,OCGT,0.1473726099921585
2030,sc01,01-07 11:00:00+01:00,CCGT,1.9792730629999757
2030,sc01,01-07 11:00:00+01:00,Wind,0.0283668125
2030,sc01,01-07 11:00:00+01:00,Gas,0.0
2030,sc01,01-07 11:00:00+01:00,SynchronousCondenser,0.0
2030,sc01,01-07 11:00:00+01:00,Battery,0.0
2030,sc01,01-07 11:00:00+01:00,Solar,0.207998625
2030,sc01,01-07 11:00:00+01:00,OCGT,0.07637347782399909
2030,sc01,01-07 12:00:00+01:00,CCGT,1.9693130114999757
2030,sc01,01-07 12:00:00+01:00,Wind,0.023378000000000003
2030,sc01,01-07 12:00:00+01:00,Gas,0.0
2030,sc01,01-07 12:00:00+01:00,SynchronousCondenser,0.0
2030,sc01,01-07 12:00:00+01:00,Battery,0.0
2030,sc01,01-07 12:00:00+01:00,Solar,0.2610735
2030,sc01,01-07 12:00:00+01:00,OCGT,0.031201170882175777
2030,sc01,01-07 13:00:00+01:00,CCGT,1.9584519363841102
2030,sc01,01-07 13:00:00+01:00,Wind,0.020132312500000003
2030,sc01,01-07 13:00:00+01:00,Gas,0.0
2030,sc01,01-07 13:00:00+01:00,SynchronousCondenser,0.0
2030,sc01,01-07 13:00:00+01:00,Battery,0.0
2030,sc01,01-07 13:00:00+01:00,Solar,0.286525875
2030,sc01,01-07 13:00:00+01:00,OCGT,0.0
2030,sc01,01-07 14:00:00+01:00,CCGT,1.9389353850630848
2030,sc01,01-07 14:00:00+01:00,Wind,0.0175040625
2030,sc01,01-07 14:00:00+01:00,Gas,0.0
2030,sc01,01-07 14:00:00+01:00,SynchronousCondenser,0.0
2030,sc01,01-07 14:00:00+01:00,Battery,0.0
2030,sc01,01-07 14:00:00+01:00,Solar,0.280092875
2030,sc01,01-07 14:00:00+01:00,OCGT,0.0
2030,sc01,01-07 15:00:00+01:00,CCGT,1.924672389199976
2030,sc01,01-07 15:00:00+01:00,Wind,0.015759250000000002
2030,sc01,01-07 15:00:00+01:00,Gas,0.0
2030,sc01,01-07 15:00:00+01:00,SynchronousCondenser,0.0
2030,sc01,01-07 15:00:00+01:00,Battery,0.0
2030,sc01,01-07 15:00:00+01:00,Solar,0.239870875
2030,sc01,01-07 15:00:00+01:00,OCGT,0.03935853614596866
2030,sc01,01-07 16:00:00+01:00,CCGT,1.9181556361999759
2030,sc01,01-07 16:00:00+01:00,Wind,0.01715425
2030,sc01,01-07 16:00:00+01:00,Gas,0.0
2030,sc01,01-07 16:00:00+01:00,SynchronousCondenser,0.0
2030,sc01,01-07 16:00:00+01:00,Battery,0.0
2030,sc01,01-07 16:00:00+01:00,Solar,0.149903375
2030,sc01,01-07 16:00:00+01:00,OCGT,0.15987598174524542
2030,sc01,01-07 17:00:00+01:00,CCGT,1.9273752935999757
2030,sc01,01-07 17:00:00+01:00,Wind,0.0245498125
2030,sc01,01-07 17:00:00+01:00,Gas,0.0
2030,sc01,01-07 17:00:00+01:00,SynchronousCondenser,0.0
2030,sc01,01-07 17:00:00+01:00,Battery,0.0
2030,sc01,01-07 17:00:00+01:00,Solar,0.035749375
2030,sc01,01-07 17:00:00+01:00,OCGT,0.31024160881908075
2030,sc01,01-07 18:00:00+01:00,CCGT,1.9707800473999757
2030,sc01,01-07 18:00:00+01:00,Wind,0.040936937500000006
2030,sc01,01-07 18:00:00+01:00,Gas,0.0
2030,sc01,01-07 18:00:00+01:00,SynchronousCondenser,0.0
2030,sc01,01-07 18:00:00+01:00,Battery,0.0
2030,sc01,01-07 18:00:00+01:00,Solar,0.00025925
2030,sc01,01-07 18:00:00+01:00,OCGT,0.3208328740422799
2030,sc01,01-07 19:00:00+01:00,CCGT,1.9953991270999758
2030,sc01,01-07 19:00:00+01:00,Wind,0.047673375
2030,sc01,01-07 19:00:00+01:00,Gas,0.0
2030,sc01,01-07 19:00:00+01:00,SynchronousCondenser,0.0
2030,sc01,01-07 19:00:00+01:00,Battery,0.0
2030,sc01,01-07 19:00:00+01:00,Solar,0.0
2030,sc01,01-07 19:00:00+01:00,OCGT,0.3100202916461645
2030,sc01,01-07 20:00:00+01:00,CCGT,1.9992378628999758
2030,sc01,01-07 20:00:00+01:00,Wind,0.050020875000000006
2030,sc01,01-07 20:00:00+01:00,Gas,0.0
2030,sc01,01-07 20:00:00+01:00,SynchronousCondenser,0.0
2030,sc01,01-07 20:00:00+01:00,Battery,0.0
2030,sc01,01-07 20:00:00+01:00,Solar,0.0
2030,sc01,01-07 20:00:00+01:00,OCGT,0.27854731764618396
2030,sc01,01-07 21:00:00+01:00,CCGT,1.9868487695999757
2030,sc01,01-07 21:00:00+01:00,Wind,0.0467273125
2030,sc01,01-07 21:00:00+01:00,Gas,0.0
2030,sc01,01-07 21:00:00+01:00,SynchronousCondenser,0.0
2030,sc01,01-07 21:00:00+01:00,Battery,0.0
2030,sc01,01-07 21:00:00+01:00,Solar,0.0
2030,sc01,01-07 21:00:00+01:00,OCGT,0.24194862152443647
2030,sc01,01-07 22:00:00+01:00,CCGT,1.9445039759999758
2030,sc01,01-07 22:00:00+01:00,Wind,0.050462
2030,sc01,01-07 22:00:00+01:00,Gas,0.0
2030,sc01,01-07 22:00:00+01:00,SynchronousCondenser,0.0
2030,sc01,01-07 22:00:00+01:00,Battery,0.0
2030,sc01,01-07 22:00:00+01:00,Solar,0.0
2030,sc01,01-07 22:00:00+01:00,OCGT,0.19578309531953525
2030,sc01,01-07 23:00:00+01:00,CCGT,1.8991804335999758
2030,sc01,01-07 23:00:00+01:00,Wind,0.052506374999999994
2030,sc01,01-07 23:00:00+01:00,Gas,0.0
2030,sc01,01-07 23:00:00+01:00,SynchronousCondenser,0.0
2030,sc01,01-07 23:00:00+01:00,Battery,0.0
2030,sc01,01-07 23:00:00+01:00,Solar,0.0
2030,sc01,01-07 23:00:00+01:00,OCGT,0.18189074604179434
2030,sc01,03-24 00:00:00+01:00,CCGT,7.178762390048651
2030,sc01,03-24 00:00:00+01:00,Wind,3.0277985062500004
2030,sc01,03-24 00:00:00+01:00,Gas,0.0
2030,sc01,03-24 00:00:00+01:00,SynchronousCondenser,0.0
2030,sc01,03-24 00:00:00+01:00,Battery,0.0
2030,sc01,03-24 00:00:00+01:00,Solar,0.0
2030,sc01,03-24 00:00:00+01:00,OCGT,0.0
2030,sc01,03-24 01:00:00+01:00,CCGT,7.098506214039341
2030,sc01,03-24 01:00:00+01:00,Wind,2.9681452937499997
2030,sc01,03-24 01:00:00+01:00,Gas,0.0
2030,sc01,03-24 01:00:00+01:00,SynchronousCondenser,0.0
2030,sc01,03-24 01:00:00+01:00,Battery,0.0
2030,sc01,03-24 01:00:00+01:00,Solar,0.0
2030,sc01,03-24 01:00:00+01:00,OCGT,0.0
2030,sc01,03-24 02:00:00+01:00,CCGT,7.066813515675549
2030,sc01,03-24 02:00:00+01:00,Wind,2.9194619562499997
2030,sc01,03-24 02:00:00+01:00,Gas,0.0
2030,sc01,03-24 02:00:00+01:00,SynchronousCondenser,0.0
2030,sc01,03-24 02:00:00+01:00,Battery,0.0
2030,sc01,03-24 02:00:00+01:00,Solar,0.0
2030,sc01,03-24 02:00:00+01:00,OCGT,0.0
2030,sc01,03-24 03:00:00+01:00,CCGT,7.2780624800841585
2030,sc01,03-24 03:00:00+01:00,Wind,2.7841879625
2030,sc01,03-24 03:00:00+01:00,Gas,0.0
2030,sc01,03-24 03:00:00+01:00,SynchronousCondenser,0.0
2030,sc01,03-24 03:00:00+01:00,Battery,0.0
2030,sc01,03-24 03:00:00+01:00,Solar,0.0
2030,sc01,03-24 03:00:00+01:00,OCGT,0.0
2030,sc01,03-24 04:00:00+01:00,CCGT,7.867482064552085
2030,sc01,03-24 04:00:00+01:00,Wind,2.5029846187500002
2030,sc01,03-24 04:00:00+01:00,Gas,0.0
2030,sc01,03-24 04:00:00+01:00,SynchronousCondenser,0.0
2030,sc01,03-24 04:00:00+01:00,Battery,0.0
2030,sc01,03-24 04:00:00+01:00,Solar,0.0
2030,sc01,03-24 04:00:00+01:00,OCGT,0.0
2030,sc01,03-24 05:00:00+01:00,CCGT,8.476044919852967
2030,sc01,03-24 05:00:00+01:00,Wind,2.3699995375
2030,sc01,03-24 05:00:00+01:00,Gas,0.0
2030,sc01,03-24 05:00:00+01:00,SynchronousCondenser,0.0
2030,sc01,03-24 05:00:00+01:00,Battery,0.0
2030,sc01,03-24 05:00:00+01:00,Solar,0.0
2030,sc01,03-24 05:00:00+01:00,OCGT,0.0
2030,sc01,03-24 06:00:00+01:00,CCGT,8.760212263569013
2030,sc01,03-24 06:00:00+01:00,Wind,2.3426832625
2030,sc01,03-24 06:00:00+01:00,Gas,0.0
2030,sc01,03-24 06:00:00+01:00,SynchronousCondenser,0.0
2030,sc01,03-24 06:00:00+01:00,Battery,0.0
2030,sc01,03-24 06:00:00+01:00,Solar,0.0
2030,sc01,03-24 06:00:00+01:00,OCGT,0.0
2030,sc01,03-24 07:00:00+01:00,CCGT,8.879892045529383
2030,sc01,03-24 07:00:00+01:00,Wind,2.2680844375
2030,sc01,03-24 07:00:00+01:00,Gas,0.0
2030,sc01,03-24 07:00:00+01:00,SynchronousCondenser,0.0
2030,sc01,03-24 07:00:00+01:00,Battery,0.0
2030,sc01,03-24 07:00:00+01:00,Solar,0.0211232875
2030,sc01,03-24 07:00:00+01:00,OCGT,0.0
2030,sc01,03-24 08:00:00+01:00,CCGT,8.93742946327865
2030,sc01,03-24 08:00:00+01:00,Wind,2.1847287
2030,sc01,03-24 08:00:00+01:00,Gas,0.0
2030,sc01,03-24 08:00:00+01:00,SynchronousCondenser,0.0
2030,sc01,03-24 08:00:00+01:00,Battery,0.0
2030,sc01,03-24 08:00:00+01:00,Solar,0.183337175
2030,sc01,03-24 08:00:00+01:00,OCGT,0.0
2030,sc01,03-24 09:00:00+01:00,CCGT,8.703042753830045
2030,sc01,03-24 09:00:00+01:00,Wind,2.22209701875
2030,sc01,03-24 09:00:00+01:00,Gas,0.0
2030,sc01,03-24 09:00:00+01:00,SynchronousCondenser,0.0
2030,sc01,03-24 09:00:00+01:00,Battery,0.0
2030,sc01,03-24 09:00:00+01:00,Solar,0.426262025
2030,sc01,03-24 09:00:00+01:00,OCGT,0.0
2030,sc01,03-24 10:00:00+01:00,CCGT,8.314950783731112
2030,sc01,03-24 10:00:00+01:00,Wind,2.39742698125
2030,sc01,03-24 10:00:00+01:00,Gas,0.0
2030,sc01,03-24 10:00:00+01:00,SynchronousCondenser,0.0
2030,sc01,03-24 10:00:00+01:00,Battery,0.0
2030,sc01,03-24 10:00:00+01:00,Solar,0.6263504625
2030,sc01,03-24 10:00:00+01:00,OCGT,0.0
2030,sc01,03-24 11:00:00+01:00,CCGT,7.9963459956523755
2030,sc01,03-24 11:00:00+01:00,Wind,2.52597113125
2030,sc01,03-24 11:00:00+01:00,Gas,0.0
2030,sc01,03-24 11:00:00+01:00,SynchronousCondenser,0.0
2030,sc01,03-24 11:00:00+01:00,Battery,0.0
2030,sc01,03-24 11:00:00+01:00,Solar,0.7639289875
2030,sc01,03-24 11:00:00+01:00,OCGT,0.0
2030,sc01,03-24 12:00:00+01:00,CCGT,7.736563041577651
2030,sc01,03-24 12:00:00+01:00,Wind,2.6052926375
2030,sc01,03-24 12:00:00+01:00,Gas,0.0
2030,sc01,03-24 12:00:00+01:00,SynchronousCondenser,0.0
2030,sc01,03-24 12:00:00+01:00,Battery,0.0
2030,sc01,03-24 12:00:00+01:00,Solar,0.8432906125
2030,sc01,03-24 12:00:00+01:00,OCGT,0.0
2030,sc01,03-24 13:00:00+01:00,CCGT,7.564578657769839
2030,sc01,03-24 13:00:00+01:00,Wind,2.69367669375
2030,sc01,03-24 13:00:00+01:00,Gas,0.0
2030,sc01,03-24 13:00:00+01:00,SynchronousCondenser,0.0
2030,sc01,03-24 13:00:00+01:00,Battery,0.0
2030,sc01,03-24 13:00:00+01:00,Solar,0.8794520000000001
2030,sc01,03-24 13:00:00+01:00,OCGT,0.0
2030,sc01,03-24 14:00:00+01:00,CCGT,7.277226214414959
2030,sc01,03-24 14:00:00+01:00,Wind,2.8232379
2030,sc01,03-24 14:00:00+01:00,Gas,0.0
2030,sc01,03-24 14:00:00+01:00,SynchronousCondenser,0.0
2030,sc01,03-24 14:00:00+01:00,Battery,0.0
2030,sc01,03-24 14:00:00+01:00,Solar,0.9011424625000001
2030,sc01,03-24 14:00:00+01:00,OCGT,0.0
2030,sc01,03-24 15:00:00+01:00,CCGT,7.081019783131149
2030,sc01,03-24 15:00:00+01:00,Wind,3.0137946125
2030,sc01,03-24 15:00:00+01:00,Gas,0.0
2030,sc01,03-24 15:00:00+01:00,SynchronousCondenser,0.0
2030,sc01,03-24 15:00:00+01:00,Battery,0.0
2030,sc01,03-24 15:00:00+01:00,Solar,0.8229776625
2030,sc01,03-24 15:00:00+01:00,OCGT,0.0
2030,sc01,03-24 16:00:00+01:00,CCGT,7.222457112087987
2030,sc01,03-24 16:00:00+01:00,Wind,3.1041334625
2030,sc01,03-24 16:00:00+01:00,Gas,0.0
2030,sc01,03-24 16:00:00+01:00,SynchronousCondenser,0.0
2030,sc01,03-24 16:00:00+01:00,Battery,0.0
2030,sc01,03-24 16:00:00+01:00,Solar,0.6709276
2030,sc01,03-24 16:00:00+01:00,OCGT,0.0
2030,sc01,03-24 17:00:00+01:00,CCGT,7.628741247081223
2030,sc01,03-24 17:00:00+01:00,Wind,3.1037858687499997
2030,sc01,03-24 17:00:00+01:00,Gas,0.0
2030,sc01,03-24 17:00:00+01:00,SynchronousCondenser,0.0
2030,sc01,03-24 17:00:00+01:00,Battery,0.0
2030,sc01,03-24 17:00:00+01:00,Solar,0.43890647499999996
2030,sc01,03-24 17:00:00+01:00,OCGT,0.0
2030,sc01,03-24 18:00:00+01:00,CCGT,8.136165604318617
2030,sc01,03-24 18:00:00+01:00,Wind,3.0935709
2030,sc01,03-24 18:00:00+01:00,Gas,0.0
2030,sc01,03-24 18:00:00+01:00,SynchronousCondenser,0.0
2030,sc01,03-24 18:00:00+01:00,Battery,0.0
2030,sc01,03-24 18:00:00+01:00,Solar,0.1625311625
2030,sc01,03-24 18:00:00+01:00,OCGT,0.0
2030,sc01,03-24 19:00:00+01:00,CCGT,8.422490219448864
2030,sc01,03-24 19:00:00+01:00,Wind,3.0800475124999998
2030,sc01,03-24 19:00:00+01:00,Gas,0.0
2030,sc01,03-24 19:00:00+01:00,SynchronousCondenser,0.0
2030,sc01,03-24 19:00:00+01:00,Battery,0.0
2030,sc01,03-24 19:00:00+01:00,Solar,0.0085927625
2030,sc01,03-24 19:00:00+01:00,OCGT,0.0
2030,sc01,03-24 20:00:00+01:00,CCGT,8.461706701251712
2030,sc01,03-24 20:00:00+01:00,Wind,3.0677178875
2030,sc01,03-24 20:00:00+01:00,Gas,0.0
2030,sc01,03-24 20:00:00+01:00,SynchronousCondenser,0.0
2030,sc01,03-24 20:00:00+01:00,Battery,0.0
2030,sc01,03-24 20:00:00+01:00,Solar,0.0
2030,sc01,03-24 20:00:00+01:00,OCGT,0.0
2030,sc01,03-24 21:00:00+01:00,CCGT,8.21175412474874
2030,sc01,03-24 21:00:00+01:00,Wind,2.94943770625
2030,sc01,03-24 21:00:00+01:00,Gas,0.0
2030,sc01,03-24 21:00:00+01:00,SynchronousCondenser,0.0
2030,sc01,03-24 21:00:00+01:00,Battery,0.0
2030,sc01,03-24 21:00:00+01:00,Solar,0.0
2030,sc01,03-24 21:00:00+01:00,OCGT,0.0
2030,sc01,03-24 22:00:00+01:00,CCGT,7.767597781151191
2030,sc01,03-24 22:00:00+01:00,Wind,2.9341527687499998
2030,sc01,03-24 22:00:00+01:00,Gas,0.0
2030,sc01,03-24 22:00:00+01:00,SynchronousCondenser,0.0
2030,sc01,03-24 22:00:00+01:00,Battery,0.0
2030,sc01,03-24 22:00:00+01:00,Solar,0.0
2030,sc01,03-24 22:00:00+01:00,OCGT,0.0
2030,sc01,03-24 23:00:00+01:00,CCGT,7.552131786068136
2030,sc01,03-24 23:00:00+01:00,Wind,2.81328814375
2030,sc01,03-24 23:00:00+01:00,Gas,0.0
2030,sc01,03-24 23:00:00+01:00,SynchronousCondenser,0.0
2030,sc01,03-24 23:00:00+01:00,Battery,0.0
2030,sc01,03-24 23:00:00+01:00,Solar,0.0
2030,sc01,03-24 23:00:00+01:00,OCGT,0.0
2030,sc01,04-10 00:00:00+02:00,CCGT,6.290690789532463
2030,sc01,04-10 00:00:00+02:00,Wind,1.1702027
2030,sc01,04-10 00:00:00+02:00,Gas,0.0
2030,sc01,04-10 00:00:00+02:00,SynchronousCondenser,0.0
2030,sc01,04-10 00:00:00+02:00,Battery,0.0
2030,sc01,04-10 00:00:00+02:00,Solar,0.0
2030,sc01,04-10 00:00:00+02:00,OCGT,0.0
2030,sc01,04-10 01:00:00+02:00,CCGT,6.175591848569398
2030,sc01,04-10 01:00:00+02:00,Wind,1.2021394812500001
2030,sc01,04-10 01:00:00+02:00,Gas,0.0
2030,sc01,04-10 01:00:00+02:00,SynchronousCondenser,0.0
2030,sc01,04-10 01:00:00+02:00,Battery,0.0
2030,sc01,04-10 01:00:00+02:00,Solar,0.0
2030,sc01,04-10 01:00:00+02:00,OCGT,0.0
2030,sc01,04-10 02:00:00+02:00,CCGT,6.181701205773367
2030,sc01,04-10 02:00:00+02:00,Wind,1.1821687312500002
2030,sc01,04-10 02:00:00+02:00,Gas,0.0
2030,sc01,04-10 02:00:00+02:00,SynchronousCondenser,0.0
2030,sc01,04-10 02:00:00+02:00,Battery,0.0
2030,sc01,04-10 02:00:00+02:00,Solar,0.0
2030,sc01,04-10 02:00:00+02:00,OCGT,0.0
2030,sc01,04-10 03:00:00+02:00,CCGT,6.22499065818584
2030,sc01,04-10 03:00:00+02:00,Wind,1.165208625
2030,sc01,04-10 03:00:00+02:00,Gas,0.0
2030,sc01,04-10 03:00:00+02:00,SynchronousCondenser,0.0
2030,sc01,04-10 03:00:00+02:00,Battery,0.0
2030,sc01,04-10 03:00:00+02:00,Solar,0.0
2030,sc01,04-10 03:00:00+02:00,OCGT,0.0
2030,sc01,04-10 04:00:00+02:00,CCGT,6.462502631135448
2030,sc01,04-10 04:00:00+02:00,Wind,1.13757494375
2030,sc01,04-10 04:00:00+02:00,Gas,0.0
2030,sc01,04-10 04:00:00+02:00,SynchronousCondenser,0.0
2030,sc01,04-10 04:00:00+02:00,Battery,0.0
2030,sc01,04-10 04:00:00+02:00,Solar,0.0
2030,sc01,04-10 04:00:00+02:00,OCGT,0.0
2030,sc01,04-10 05:00:00+02:00,CCGT,6.62751094083991
2030,sc01,04-10 05:00:00+02:00,Wind,1.13593491875
2030,sc01,04-10 05:00:00+02:00,Gas,0.0
2030,sc01,04-10 05:00:00+02:00,SynchronousCondenser,0.0
2030,sc01,04-10 05:00:00+02:00,Battery,0.0
2030,sc01,04-10 05:00:00+02:00,Solar,0.000485625
2030,sc01,04-10 05:00:00+02:00,OCGT,0.19403942791672096
2030,sc01,04-10 06:00:00+02:00,CCGT,6.81985276869991
2030,sc01,04-10 06:00:00+02:00,Wind,1.1203297062500002
2030,sc01,04-10 06:00:00+02:00,Gas,0.0
2030,sc01,04-10 06:00:00+02:00,SynchronousCondenser,0.0
2030,sc01,04-10 06:00:00+02:00,Battery,0.0
2030,sc01,04-10 06:00:00+02:00,Solar,0.004631475
2030,sc01,04-10 06:00:00+02:00,OCGT,0.2902401396704018
2030,sc01,04-10 07:00:00+02:00,CCGT,6.94322660099991
2030,sc01,04-10 07:00:00+02:00,Wind,1.0495306687500001
2030,sc01,04-10 07:00:00+02:00,Gas,0.0
2030,sc01,04-10 07:00:00+02:00,SynchronousCondenser,0.0
2030,sc01,04-10 07:00:00+02:00,Battery,0.0
2030,sc01,04-10 07:00:00+02:00,Solar,0.097064875
2030,sc01,04-10 07:00:00+02:00,OCGT,0.2725657316148188
2030,sc01,04-10 08:00:00+02:00,CCGT,7.02195890062991
2030,sc01,04-10 08:00:00+02:00,Wind,0.93776893125
2030,sc01,04-10 08:00:00+02:00,Gas,0.0
2030,sc01,04-10 08:00:00+02:00,SynchronousCondenser,0.0
2030,sc01,04-10 08:00:00+02:00,Battery,0.0
2030,sc01,04-10 08:00:00+02:00,Solar,0.40791112500000004
2030,sc01,04-10 08:00:00+02:00,OCGT,0.10492221184452946
2030,sc01,04-10 09:00:00+02:00,CCGT,6.890498713307082
2030,sc01,04-10 09:00:00+02:00,Wind,0.901877775
2030,sc01,04-10 09:00:00+02:00,Gas,0.0
2030,sc01,04-10 09:00:00+02:00,SynchronousCondenser,0.0
2030,sc01,04-10 09:00:00+02:00,Battery,0.0
2030,sc01,04-10 09:00:00+02:00,Solar,0.7553240125
2030,sc01,04-10 09:00:00+02:00,OCGT,0.0
2030,sc01,04-10 10:00:00+02:00,CCGT,6.5687809977125875
2030,sc01,04-10 10:00:00+02:00,Wind,0.9137510750000001
2030,sc01,04-10 10:00:00+02:00,Gas,0.0
2030,sc01,04-10 10:00:00+02:00,SynchronousCondenser,0.0
2030,sc01,04-10 10:00:00+02:00,Battery,0.0
2030,sc01,04-10 10:00:00+02:00,Solar,1.03485855
2030,sc01,04-10 10:00:00+02:00,OCGT,0.0
2030,sc01,04-10 11:00:00+02:00,CCGT,6.323007317405675
2030,sc01,04-10 11:00:00+02:00,Wind,0.9246175125000001
2030,sc01,04-10 11:00:00+02:00,Gas,0.0
2030,sc01,04-10 11:00:00+02:00,SynchronousCondenser,0.0
2030,sc01,04-10 11:00:00+02:00,Battery,0.0
2030,sc01,04-10 11:00:00+02:00,Solar,1.2222552250000003
2030,sc01,04-10 11:00:00+02:00,OCGT,0.0
2030,sc01,04-10 12:00:00+02:00,CCGT,6.175926405854348
2030,sc01,04-10 12:00:00+02:00,Wind,0.90040055
2030,sc01,04-10 12:00:00+02:00,Gas,0.0
2030,sc01,04-10 12:00:00+02:00,SynchronousCondenser,0.0
2030,sc01,04-10 12:00:00+02:00,Battery,0.0
2030,sc01,04-10 12:00:00+02:00,Solar,1.3109308124999999
2030,sc01,04-10 12:00:00+02:00,OCGT,0.0
2030,sc01,04-10 13:00:00+02:00,CCGT,6.138435913516342
2030,sc01,04-10 13:00:00+02:00,Wind,0.8599648687500001
2030,sc01,04-10 13:00:00+02:00,Gas,0.0
2030,sc01,04-10 13:00:00+02:00,SynchronousCondenser,0.0
2030,sc01,04-10 13:00:00+02:00,Battery,0.0
2030,sc01,04-10 13:00:00+02:00,Solar,1.3088528
2030,sc01,04-10 13:00:00+02:00,OCGT,0.0
2030,sc01,04-10 14:00:00+02:00,CCGT,6.1208063877973675
2030,sc01,04-10 14:00:00+02:00,Wind,0.87023745625
2030,sc01,04-10 14:00:00+02:00,Gas,0.0
2030,sc01,04-10 14:00:00+02:00,SynchronousCondenser,0.0
2030,sc01,04-10 14:00:00+02:00,Battery,0.0
2030,sc01,04-10 14:00:00+02:00,Solar,1.238011675
2030,sc01,04-10 14:00:00+02:00,OCGT,0.0
2030,sc01,04-10 15:00:00+02:00,CCGT,6.2196388548908805
2030,sc01,04-10 15:00:00+02:00,Wind,0.91703459375
2030,sc01,04-10 15:00:00+02:00,Gas,0.0
2030,sc01,04-10 15:00:00+02:00,SynchronousCondenser,0.0
2030,sc01,04-10 15:00:00+02:00,Battery,0.0
2030,sc01,04-10 15:00:00+02:00,Solar,1.1068129125000001
2030,sc01,04-10 15:00:00+02:00,OCGT,0.0
2030,sc01,04-10 16:00:00+02:00,CCGT,6.503266721611591
2030,sc01,04-10 16:00:00+02:00,Wind,0.9092745375
2030,sc01,04-10 16:00:00+02:00,Gas,0.0
2030,sc01,04-10 16:00:00+02:00,SynchronousCondenser,0.0
2030,sc01,04-10 16:00:00+02:00,Battery,0.0
2030,sc01,04-10 16:00:00+02:00,Solar,0.8687502875
2030,sc01,04-10 16:00:00+02:00,OCGT,0.0
2030,sc01,04-10 17:00:00+02:00,CCGT,6.836081618049911
2030,sc01,04-10 17:00:00+02:00,Wind,0.8686096875000001
2030,sc01,04-10 17:00:00+02:00,Gas,0.0
2030,sc01,04-10 17:00:00+02:00,SynchronousCondenser,0.0
2030,sc01,04-10 17:00:00+02:00,Battery,0.0
2030,sc01,04-10 17:00:00+02:00,Solar,0.55321105
2030,sc01,04-10 17:00:00+02:00,OCGT,0.0976062183607405
2030,sc01,04-10 18:00:00+02:00,CCGT,6.83479544513991
2030,sc01,04-10 18:00:00+02:00,Wind,0.7551524249999999
2030,sc01,04-10 18:00:00+02:00,Gas,0.0
2030,sc01,04-10 18:00:00+02:00,SynchronousCondenser,0.0
2030,sc01,04-10 18:00:00+02:00,Battery,0.0
2030,sc01,04-10 18:00:00+02:00,Solar,0.2209126625
2030,sc01,04-10 18:00:00+02:00,OCGT,0.6285183964911425
2030,sc01,04-10 19:00:00+02:00,CCGT,6.898663255989911
2030,sc01,04-10 19:00:00+02:00,Wind,0.61366974375
2030,sc01,04-10 19:00:00+02:00,Gas,0.0
2030,sc01,04-10 19:00:00+02:00,SynchronousCondenser,0.0
2030,sc01,04-10 19:00:00+02:00,Battery,0.0
2030,sc01,04-10 19:00:00+02:00,Solar,0.021743975
2030,sc01,04-10 19:00:00+02:00,OCGT,0.8677887888505861
2030,sc01,04-10 20:00:00+02:00,CCGT,7.04001664443991
2030,sc01,04-10 20:00:00+02:00,Wind,0.5372413875000001
2030,sc01,04-10 20:00:00+02:00,Gas,0.0
2030,sc01,04-10 20:00:00+02:00,SynchronousCondenser,0.0
2030,sc01,04-10 20:00:00+02:00,Battery,0.0
2030,sc01,04-10 20:00:00+02:00,Solar,0.0
2030,sc01,04-10 20:00:00+02:00,OCGT,0.8703197271496119
2030,sc01,04-10 21:00:00+02:00,CCGT,6.9456664738699105
2030,sc01,04-10 21:00:00+02:00,Wind,0.43476318125
2030,sc01,04-10 21:00:00+02:00,Gas,0.0
2030,sc01,04-10 21:00:00+02:00,SynchronousCondenser,0.0
2030,sc01,04-10 21:00:00+02:00,Battery,0.0
2030,sc01,04-10 21:00:00+02:00,Solar,0.0
2030,sc01,04-10 21:00:00+02:00,OCGT,0.7613144776248667
2030,sc01,04-10 22:00:00+02:00,CCGT,6.80854296463991
2030,sc01,04-10 22:00:00+02:00,Wind,0.34729703125
2030,sc01,04-10 22:00:00+02:00,Gas,0.0
2030,sc01,04-10 22:00:00+02:00,SynchronousCondenser,0.0
2030,sc01,04-10 22:00:00+02:00,Battery,0.0
2030,sc01,04-10 22:00:00+02:00,Solar,0.0
2030,sc01,04-10 22:00:00+02:00,OCGT,0.6629002048468025
2030,sc01,04-10 23:00:00+02:00,CCGT,6.7081500029099095
2030,sc01,04-10 23:00:00+02:00,Wind,0.28195040625
2030,sc01,04-10 23:00:00+02:00,Gas,0.0
2030,sc01,04-10 23:00:00+02:00,SynchronousCondenser,0.0
2030,sc01,04-10 23:00:00+02:00,Battery,0.0
2030,sc01,04-10 23:00:00+02:00,Solar,0.0
2030,sc01,04-10 23:00:00+02:00,OCGT,0.5672048134178715
2030,sc01,04-15 00:00:00+02:00,CCGT,2.578985916596575
2030,sc01,04-15 00:00:00+02:00,Wind,0.81774048125
2030,sc01,04-15 00:00:00+02:00,Gas,0.0
2030,sc01,04-15 00:00:00+02:00,SynchronousCondenser,0.0
2030,sc01,04-15 00:00:00+02:00,Battery,0.0
2030,sc01,04-15 00:00:00+02:00,Solar,0.0
2030,sc01,04-15 00:00:00+02:00,OCGT,0.0
2030,sc01,04-15 01:00:00+02:00,CCGT,2.5920688477211162
2030,sc01,04-15 01:00:00+02:00,Wind,0.7643906562500001
2030,sc01,04-15 01:00:00+02:00,Gas,0.0
2030,sc01,04-15 01:00:00+02:00,SynchronousCondenser,0.0
2030,sc01,04-15 01:00:00+02:00,Battery,0.0
2030,sc01,04-15 01:00:00+02:00,Solar,0.0
2030,sc01,04-15 01:00:00+02:00,OCGT,0.0
2030,sc01,04-15 02:00:00+02:00,CCGT,2.6162196065591243
2030,sc01,04-15 02:00:00+02:00,Wind,0.72076823125
2030,sc01,04-15 02:00:00+02:00,Gas,0.0
2030,sc01,04-15 02:00:00+02:00,SynchronousCondenser,0.0
2030,sc01,04-15 02:00:00+02:00,Battery,0.0
2030,sc01,04-15 02:00:00+02:00,Solar,0.0
2030,sc01,04-15 02:00:00+02:00,OCGT,0.0
2030,sc01,04-15 03:00:00+02:00,CCGT,2.6618029303829407
2030,sc01,04-15 03:00:00+02:00,Wind,0.6840606625000001
2030,sc01,04-15 03:00:00+02:00,Gas,0.0
2030,sc01,04-15 03:00:00+02:00,SynchronousCondenser,0.0
2030,sc01,04-15 03:00:00+02:00,Battery,0.0
2030,sc01,04-15 03:00:00+02:00,Solar,0.0
2030,sc01,04-15 03:00:00+02:00,OCGT,0.0
2030,sc01,04-15 04:00:00+02:00,CCGT,2.73021923312147
2030,sc01,04-15 04:00:00+02:00,Wind,0.68536700625
2030,sc01,04-15 04:00:00+02:00,Gas,0.0
2030,sc01,04-15 04:00:00+02:00,SynchronousCondenser,0.0
2030,sc01,04-15 04:00:00+02:00,Battery,0.0
2030,sc01,04-15 04:00:00+02:00,Solar,0.0
2030,sc01,04-15 04:00:00+02:00,OCGT,0.0
2030,sc01,04-15 05:00:00+02:00,CCGT,2.8275945017183997
2030,sc01,04-15 05:00:00+02:00,Wind,0.7260218687500001
2030,sc01,04-15 05:00:00+02:00,Gas,0.0
2030,sc01,04-15 05:00:00+02:00,SynchronousCondenser,0.0
2030,sc01,04-15 05:00:00+02:00,Battery,0.0
2030,sc01,04-15 05:00:00+02:00,Solar,0.00018508750000000002
2030,sc01,04-15 05:00:00+02:00,OCGT,0.0
2030,sc01,04-15 06:00:00+02:00,CCGT,2.9745510536896638
2030,sc01,04-15 06:00:00+02:00,Wind,0.7070379687499999
2030,sc01,04-15 06:00:00+02:00,Gas,0.0
2030,sc01,04-15 06:00:00+02:00,SynchronousCondenser,0.0
2030,sc01,04-15 06:00:00+02:00,Battery,0.0
2030,sc01,04-15 06:00:00+02:00,Solar,0.0026146
2030,sc01,04-15 06:00:00+02:00,OCGT,0.0
2030,sc01,04-15 07:00:00+02:00,CCGT,3.1164102082071143
2030,sc01,04-15 07:00:00+02:00,Wind,0.59602499375
2030,sc01,04-15 07:00:00+02:00,Gas,0.0
2030,sc01,04-15 07:00:00+02:00,SynchronousCondenser,0.0
2030,sc01,04-15 07:00:00+02:00,Battery,0.0
2030,sc01,04-15 07:00:00+02:00,Solar,0.02732835
2030,sc01,04-15 07:00:00+02:00,OCGT,0.0
2030,sc01,04-15 08:00:00+02:00,CCGT,3.1802423554930366
2030,sc01,04-15 08:00:00+02:00,Wind,0.5047144875
2030,sc01,04-15 08:00:00+02:00,Gas,0.0
2030,sc01,04-15 08:00:00+02:00,SynchronousCondenser,0.0
2030,sc01,04-15 08:00:00+02:00,Battery,0.0
2030,sc01,04-15 08:00:00+02:00,Solar,0.10148362500000001
2030,sc01,04-15 08:00:00+02:00,OCGT,0.0
2030,sc01,04-15 09:00:00+02:00,CCGT,3.117059595813019
2030,sc01,04-15 09:00:00+02:00,Wind,0.5075590125
2030,sc01,04-15 09:00:00+02:00,Gas,0.0
2030,sc01,04-15 09:00:00+02:00,SynchronousCondenser,0.0
2030,sc01,04-15 09:00:00+02:00,Battery,0.0
2030,sc01,04-15 09:00:00+02:00,Solar,0.19858252499999998
2030,sc01,04-15 09:00:00+02:00,OCGT,0.0
2030,sc01,04-15 10:00:00+02:00,CCGT,3.0002589308236884
2030,sc01,04-15 10:00:00+02:00,Wind,0.57291275
2030,sc01,04-15 10:00:00+02:00,Gas,0.0
2030,sc01,04-15 10:00:00+02:00,SynchronousCondenser,0.0
2030,sc01,04-15 10:00:00+02:00,Battery,0.0
2030,sc01,04-15 10:00:00+02:00,Solar,0.27036545
2030,sc01,04-15 10:00:00+02:00,OCGT,0.0
2030,sc01,04-15 11:00:00+02:00,CCGT,2.9657295597893354
2030,sc01,04-15 11:00:00+02:00,Wind,0.6111949437499999
2030,sc01,04-15 11:00:00+02:00,Gas,0.0
2030,sc01,04-15 11:00:00+02:00,SynchronousCondenser,0.0
2030,sc01,04-15 11:00:00+02:00,Battery,0.0
2030,sc01,04-15 11:00:00+02:00,Solar,0.300688775
2030,sc01,04-15 11:00:00+02:00,OCGT,0.0
2030,sc01,04-15 12:00:00+02:00,CCGT,2.9856441942742844
2030,sc01,04-15 12:00:00+02:00,Wind,0.5701278312500001
2030,sc01,04-15 12:00:00+02:00,Gas,0.0
2030,sc01,04-15 12:00:00+02:00,SynchronousCondenser,0.0
2030,sc01,04-15 12:00:00+02:00,Battery,0.0
2030,sc01,04-15 12:00:00+02:00,Solar,0.3225135875
2030,sc01,04-15 12:00:00+02:00,OCGT,0.0
2030,sc01,04-15 13:00:00+02:00,CCGT,2.919727331461729
2030,sc01,04-15 13:00:00+02:00,Wind,0.577312775
2030,sc01,04-15 13:00:00+02:00,Gas,0.0
2030,sc01,04-15 13:00:00+02:00,SynchronousCondenser,0.0
2030,sc01,04-15 13:00:00+02:00,Battery,0.0
2030,sc01,04-15 13:00:00+02:00,Solar,0.371927275
2030,sc01,04-15 13:00:00+02:00,OCGT,0.0
2030,sc01,04-15 14:00:00+02:00,CCGT,2.9366285875637645
2030,sc01,04-15 14:00:00+02:00,Wind,0.55861245625
2030,sc01,04-15 14:00:00+02:00,Gas,0.0
2030,sc01,04-15 14:00:00+02:00,SynchronousCondenser,0.0
2030,sc01,04-15 14:00:00+02:00,Battery,0.0
2030,sc01,04-15 14:00:00+02:00,Solar,0.37667069999999997
2030,sc01,04-15 14:00:00+02:00,OCGT,0.0
2030,sc01,04-15 15:00:00+02:00,CCGT,2.9969459266640905
2030,sc01,04-15 15:00:00+02:00,Wind,0.5613921687500001
2030,sc01,04-15 15:00:00+02:00,Gas,0.0
2030,sc01,04-15 15:00:00+02:00,SynchronousCondenser,0.0
2030,sc01,04-15 15:00:00+02:00,Battery,0.0
2030,sc01,04-15 15:00:00+02:00,Solar,0.329660175
2030,sc01,04-15 15:00:00+02:00,OCGT,0.0
2030,sc01,04-15 16:00:00+02:00,CCGT,3.0752837324069437
2030,sc01,04-15 16:00:00+02:00,Wind,0.5645506625000001
2030,sc01,04-15 16:00:00+02:00,Gas,0.0
2030,sc01,04-15 16:00:00+02:00,SynchronousCondenser,0.0
2030,sc01,04-15 16:00:00+02:00,Battery,0.0
2030,sc01,04-15 16:00:00+02:00,Solar,0.2500455625
2030,sc01,04-15 16:00:00+02:00,OCGT,0.0
2030,sc01,04-15 17:00:00+02:00,CCGT,3.1708597517899584
2030,sc01,04-15 17:00:00+02:00,Wind,0.510648125
2030,sc01,04-15 17:00:00+02:00,Gas,0.0
2030,sc01,04-15 17:00:00+02:00,SynchronousCondenser,0.0
2030,sc01,04-15 17:00:00+02:00,Battery,0.0
2030,sc01,04-15 17:00:00+02:00,Solar,0.151077725
2030,sc01,04-15 17:00:00+02:00,OCGT,0.049978628357885996
2030,sc01,04-15 18:00:00+02:00,CCGT,3.1728862719799587
2030,sc01,04-15 18:00:00+02:00,Wind,0.45386653125
2030,sc01,04-15 18:00:00+02:00,Gas,0.0
2030,sc01,04-15 18:00:00+02:00,SynchronousCondenser,0.0
2030,sc01,04-15 18:00:00+02:00,Battery,0.0
2030,sc01,04-15 18:00:00+02:00,Solar,0.0727508625
2030,sc01,04-15 18:00:00+02:00,OCGT,0.21815740218275664
2030,sc01,04-15 19:00:00+02:00,CCGT,3.2042144625599587
2030,sc01,04-15 19:00:00+02:00,Wind,0.43308913125000004
2030,sc01,04-15 19:00:00+02:00,Gas,0.0
2030,sc01,04-15 19:00:00+02:00,SynchronousCondenser,0.0
2030,sc01,04-15 19:00:00+02:00,Battery,0.0
2030,sc01,04-15 19:00:00+02:00,Solar,0.0105440375
2030,sc01,04-15 19:00:00+02:00,OCGT,0.28227020883357495
2030,sc01,04-15 20:00:00+02:00,CCGT,3.2492856318099586
2030,sc01,04-15 20:00:00+02:00,Wind,0.40608484375000004
2030,sc01,04-15 20:00:00+02:00,Gas,0.0
2030,sc01,04-15 20:00:00+02:00,SynchronousCondenser,0.0
2030,sc01,04-15 20:00:00+02:00,Battery,0.0
2030,sc01,04-15 20:00:00+02:00,Solar,0.0
2030,sc01,04-15 20:00:00+02:00,OCGT,0.25344583452811287
2030,sc01,04-15 21:00:00+02:00,CCGT,3.1912854607199588
2030,sc01,04-15 21:00:00+02:00,Wind,0.3599815875
2030,sc01,04-15 21:00:00+02:00,Gas,0.0
2030,sc01,04-15 21:00:00+02:00,SynchronousCondenser,0.0
2030,sc01,04-15 21:00:00+02:00,Battery,0.0
2030,sc01,04-15 21:00:00+02:00,Solar,0.0
2030,sc01,04-15 21:00:00+02:00,OCGT,0.1941389124553674
2030,sc01,04-15 22:00:00+02:00,CCGT,3.123465609379959
2030,sc01,04-15 22:00:00+02:00,Wind,0.31929176875
2030,sc01,04-15 22:00:00+02:00,Gas,0.0
2030,sc01,04-15 22:00:00+02:00,SynchronousCondenser,0.0
2030,sc01,04-15 22:00:00+02:00,Battery,0.0
2030,sc01,04-15 22:00:00+02:00,Solar,0.0
2030,sc01,04-15 22:00:00+02:00,OCGT,0.14451951706725227
2030,sc01,04-15 23:00:00+02:00,CCGT,3.070011483769959
2030,sc01,04-15 23:00:00+02:00,Wind,0.33941743125
2030,sc01,04-15 23:00:00+02:00,Gas,0.0
2030,sc01,04-15 23:00:00+02:00,SynchronousCondenser,0.0
2030,sc01,04-15 23:00:00+02:00,Battery,0.0
2030,sc01,04-15 23:00:00+02:00,Solar,0.0
2030,sc01,04-15 23:00:00+02:00,OCGT,0.07636631471576177
2030,sc01,04-17 00:00:00+02:00,CCGT,1.0694786162999854
2030,sc01,04-17 00:00:00+02:00,Wind,0.14461507499999998
2030,sc01,04-17 00:00:00+02:00,Gas,0.0
2030,sc01,04-17 00:00:00+02:00,SynchronousCondenser,0.0
2030,sc01,04-17 00:00:00+02:00,Battery,0.0
2030,sc01,04-17 00:00:00+02:00,Solar,0.0
2030,sc01,04-17 00:00:00+02:00,OCGT,0.010370889385379625
2030,sc01,04-17 01:00:00+02:00,CCGT,1.0591438543799854
2030,sc01,04-17 01:00:00+02:00,Wind,0.1388332125
2030,sc01,04-17 01:00:00+02:00,Gas,0.0
2030,sc01,04-17 01:00:00+02:00,SynchronousCondenser,0.0
2030,sc01,04-17 01:00:00+02:00,Battery,0.0
2030,sc01,04-17 01:00:00+02:00,Solar,0.0
2030,sc01,04-17 01:00:00+02:00,OCGT,0.008637595215507797
2030,sc01,04-17 02:00:00+02:00,CCGT,1.0548095147399854
2030,sc01,04-17 02:00:00+02:00,Wind,0.122803425
2030,sc01,04-17 02:00:00+02:00,Gas,0.0
2030,sc01,04-17 02:00:00+02:00,SynchronousCondenser,0.0
2030,sc01,04-17 02:00:00+02:00,Battery,0.0
2030,sc01,04-17 02:00:00+02:00,Solar,0.0
2030,sc01,04-17 02:00:00+02:00,OCGT,0.01859031357683051
2030,sc01,04-17 03:00:00+02:00,CCGT,1.0533567091199854
2030,sc01,04-17 03:00:00+02:00,Wind,0.10838628750000001
2030,sc01,04-17 03:00:00+02:00,Gas,0.0
2030,sc01,04-17 03:00:00+02:00,SynchronousCondenser,0.0
2030,sc01,04-17 03:00:00+02:00,Battery,0.0
2030,sc01,04-17 03:00:00+02:00,Solar,0.0
2030,sc01,04-17 03:00:00+02:00,OCGT,0.033664951337721266
2030,sc01,04-17 04:00:00+02:00,CCGT,1.0564185479999855
2030,sc01,04-17 04:00:00+02:00,Wind,0.10705034999999999
2030,sc01,04-17 04:00:00+02:00,Gas,0.0
2030,sc01,04-17 04:00:00+02:00,SynchronousCondenser,0.0
2030,sc01,04-17 04:00:00+02:00,Battery,0.0
2030,sc01,04-17 04:00:00+02:00,Solar,0.0
2030,sc01,04-17 04:00:00+02:00,OCGT,0.05553557130833744
2030,sc01,04-17 05:00:00+02:00,CCGT,1.0744003200599854
2030,sc01,04-17 05:00:00+02:00,Wind,0.1121825625
2030,sc01,04-17 05:00:00+02:00,Gas,0.0
2030,sc01,04-17 05:00:00+02:00,SynchronousCondenser,0.0
2030,sc01,04-17 05:00:00+02:00,Battery,0.0
2030,sc01,04-17 05:00:00+02:00,Solar,8.002500000000001e-05
2030,sc01,04-17 05:00:00+02:00,OCGT,0.08168131737829332
2030,sc01,04-17 06:00:00+02:00,CCGT,1.1037301098599854
2030,sc01,04-17 06:00:00+02:00,Wind,0.10779386250000002
2030,sc01,04-17 06:00:00+02:00,Gas,0.0
2030,sc01,04-17 06:00:00+02:00,SynchronousCondenser,0.0
2030,sc01,04-17 06:00:00+02:00,Battery,0.0
2030,sc01,04-17 06:00:00+02:00,Solar,0.0015272999999999999
2030,sc01,04-17 06:00:00+02:00,OCGT,0.10850874415974116
2030,sc01,04-17 07:00:00+02:00,CCGT,1.1220377112599853
2030,sc01,04-17 07:00:00+02:00,Wind,0.094382475
2030,sc01,04-17 07:00:00+02:00,Gas,0.0
2030,sc01,04-17 07:00:00+02:00,SynchronousCondenser,0.0
2030,sc01,04-17 07:00:00+02:00,Battery,0.0
2030,sc01,04-17 07:00:00+02:00,Solar,0.027048525000000004
2030,sc01,04-17 07:00:00+02:00,OCGT,0.1163983494434763
2030,sc01,04-17 08:00:00+02:00,CCGT,1.1326615797599855
2030,sc01,04-17 08:00:00+02:00,Wind,0.07307775
2030,sc01,04-17 08:00:00+02:00,Gas,0.0
2030,sc01,04-17 08:00:00+02:00,SynchronousCondenser,0.0
2030,sc01,04-17 08:00:00+02:00,Battery,0.0
2030,sc01,04-17 08:00:00+02:00,Solar,0.08995935000000001
2030,sc01,04-17 08:00:00+02:00,OCGT,0.09742327933264322
2030,sc01,04-17 09:00:00+02:00,CCGT,1.1338257301799854
2030,sc01,04-17 09:00:00+02:00,Wind,0.069042675
2030,sc01,04-17 09:00:00+02:00,Gas,0.0
2030,sc01,04-17 09:00:00+02:00,SynchronousCondenser,0.0
2030,sc01,04-17 09:00:00+02:00,Battery,0.0
2030,sc01,04-17 09:00:00+02:00,Solar,0.148310475
2030,sc01,04-17 09:00:00+02:00,OCGT,0.06916564441719533
2030,sc01,04-17 10:00:00+02:00,CCGT,1.1327169062399856
2030,sc01,04-17 10:00:00+02:00,Wind,0.06484695
2030,sc01,04-17 10:00:00+02:00,Gas,0.0
2030,sc01,04-17 10:00:00+02:00,SynchronousCondenser,0.0
2030,sc01,04-17 10:00:00+02:00,Battery,0.0
2030,sc01,04-17 10:00:00+02:00,Solar,0.19040812499999998
2030,sc01,04-17 10:00:00+02:00,OCGT,0.05749179932796445
2030,sc01,04-17 11:00:00+02:00,CCGT,1.1316257925599853
2030,sc01,04-17 11:00:00+02:00,Wind,0.05674035000000001
2030,sc01,04-17 11:00:00+02:00,Gas,0.0
2030,sc01,04-17 11:00:00+02:00,SynchronousCondenser,0.0
2030,sc01,04-17 11:00:00+02:00,Battery,0.0
2030,sc01,04-17 11:00:00+02:00,Solar,0.2174991
2030,sc01,04-17 11:00:00+02:00,OCGT,0.0612573520724112
2030,sc01,04-17 12:00:00+02:00,CCGT,1.1276756548199853
2030,sc01,04-17 12:00:00+02:00,Wind,0.0601066125
2030,sc01,04-17 12:00:00+02:00,Gas,0.0
2030,sc01,04-17 12:00:00+02:00,SynchronousCondenser,0.0
2030,sc01,04-17 12:00:00+02:00,Battery,0.0
2030,sc01,04-17 12:00:00+02:00,Solar,0.226726125
2030,sc01,04-17 12:00:00+02:00,OCGT,0.06210422869345976
2030,sc01,04-17 13:00:00+02:00,CCGT,1.1153195494799855
2030,sc01,04-17 13:00:00+02:00,Wind,0.0676893375
2030,sc01,04-17 13:00:00+02:00,Gas,0.0
2030,sc01,04-17 13:00:00+02:00,SynchronousCondenser,0.0
2030,sc01,04-17 13:00:00+02:00,Battery,0.0
2030,sc01,04-17 13:00:00+02:00,Solar,0.22367017500000003
2030,sc01,04-17 13:00:00+02:00,OCGT,0.07406943563016785
2030,sc01,04-17 14:00:00+02:00,CCGT,1.1068326689999854
2030,sc01,04-17 14:00:00+02:00,Wind,0.06309206249999999
2030,sc01,04-17 14:00:00+02:00,Gas,0.0
2030,sc01,04-17 14:00:00+02:00,SynchronousCondenser,0.0
2030,sc01,04-17 14:00:00+02:00,Battery,0.0
2030,sc01,04-17 14:00:00+02:00,Solar,0.21640567500000002
2030,sc01,04-17 14:00:00+02:00,OCGT,0.09587024270077882
2030,sc01,04-17 15:00:00+02:00,CCGT,1.1034374965199856
2030,sc01,04-17 15:00:00+02:00,Wind,0.060643462499999995
2030,sc01,04-17 15:00:00+02:00,Gas,0.0
2030,sc01,04-17 15:00:00+02:00,SynchronousCondenser,0.0
2030,sc01,04-17 15:00:00+02:00,Battery,0.0
2030,sc01,04-17 15:00:00+02:00,Solar,0.20069047500000003
2030,sc01,04-17 15:00:00+02:00,OCGT,0.1126542521390364
2030,sc01,04-17 16:00:00+02:00,CCGT,1.1020989541199855
2030,sc01,04-17 16:00:00+02:00,Wind,0.0586085625
2030,sc01,04-17 16:00:00+02:00,Gas,0.0
2030,sc01,04-17 16:00:00+02:00,SynchronousCondenser,0.0
2030,sc01,04-17 16:00:00+02:00,Battery,0.0
2030,sc01,04-17 16:00:00+02:00,Solar,0.1673292
2030,sc01,04-17 16:00:00+02:00,OCGT,0.13429920347794383
2030,sc01,04-17 17:00:00+02:00,CCGT,1.0989246116999853
2030,sc01,04-17 17:00:00+02:00,Wind,0.06229061250000001
2030,sc01,04-17 17:00:00+02:00,Gas,0.0
2030,sc01,04-17 17:00:00+02:00,SynchronousCondenser,0.0
2030,sc01,04-17 17:00:00+02:00,Battery,0.0
2030,sc01,04-17 17:00:00+02:00,Solar,0.11383380000000001
2030,sc01,04-17 17:00:00+02:00,OCGT,0.17389943450775705
2030,sc01,04-17 18:00:00+02:00,CCGT,1.0999464851399854
2030,sc01,04-17 18:00:00+02:00,Wind,0.07162998749999999
2030,sc01,04-17 18:00:00+02:00,Gas,0.0
2030,sc01,04-17 18:00:00+02:00,SynchronousCondenser,0.0
2030,sc01,04-17 18:00:00+02:00,Battery,0.0
2030,sc01,04-17 18:00:00+02:00,Solar,0.05329492499999999
2030,sc01,04-17 18:00:00+02:00,OCGT,0.23048982882748187
2030,sc01,04-17 19:00:00+02:00,CCGT,1.1097840409199855
2030,sc01,04-17 19:00:00+02:00,Wind,0.0775396125
2030,sc01,04-17 19:00:00+02:00,Gas,0.0
2030,sc01,04-17 19:00:00+02:00,SynchronousCondenser,0.0
2030,sc01,04-17 19:00:00+02:00,Battery,0.0
2030,sc01,04-17 19:00:00+02:00,Solar,0.007132275
2030,sc01,04-17 19:00:00+02:00,OCGT,0.24928803101986394
2030,sc01,04-17 20:00:00+02:00,CCGT,1.1316103600799856
2030,sc01,04-17 20:00:00+02:00,Wind,0.07820745000000001
2030,sc01,04-17 20:00:00+02:00,Gas,0.0
2030,sc01,04-17 20:00:00+02:00,SynchronousCondenser,0.0
2030,sc01,04-17 20:00:00+02:00,Battery,0.0
2030,sc01,04-17 20:00:00+02:00,Solar,0.0
2030,sc01,04-17 20:00:00+02:00,OCGT,0.22600548793461367
2030,sc01,04-17 21:00:00+02:00,CCGT,1.1143469711399854
2030,sc01,04-17 21:00:00+02:00,Wind,0.07432620000000001
2030,sc01,04-17 21:00:00+02:00,Gas,0.0
2030,sc01,04-17 21:00:00+02:00,SynchronousCondenser,0.0
2030,sc01,04-17 21:00:00+02:00,Battery,0.0
2030,sc01,04-17 21:00:00+02:00,Solar,0.0
2030,sc01,04-17 21:00:00+02:00,OCGT,0.1863353605521882
2030,sc01,04-17 22:00:00+02:00,CCGT,1.0943184945599855
2030,sc01,04-17 22:00:00+02:00,Wind,0.07111785000000001
2030,sc01,04-17 22:00:00+02:00,Gas,0.0
2030,sc01,04-17 22:00:00+02:00,SynchronousCondenser,0.0
2030,sc01,04-17 22:00:00+02:00,Battery,0.0
2030,sc01,04-17 22:00:00+02:00,Solar,0.0
2030,sc01,04-17 22:00:00+02:00,OCGT,0.13967738187315726
2030,sc01,04-17 23:00:00+02:00,CCGT,1.0813094104799854
2030,sc01,04-17 23:00:00+02:00,Wind,0.07516695000000001
2030,sc01,04-17 23:00:00+02:00,Gas,0.0
2030,sc01,04-17 23:00:00+02:00,SynchronousCondenser,0.0
2030,sc01,04-17 23:00:00+02:00,Battery,0.0
2030,sc01,04-17 23:00:00+02:00,Solar,0.0
2030,sc01,04-17 23:00:00+02:00,OCGT,0.10650778115584479
2030,sc01,04-23 00:00:00+02:00,CCGT,0.5320070110799928
2030,sc01,04-23 00:00:00+02:00,Wind,0.03148258125
2030,sc01,04-23 00:00:00+02:00,Gas,0.0
2030,sc01,04-23 00:00:00+02:00,SynchronousCondenser,0.0
2030,sc01,04-23 00:00:00+02:00,Battery,0.0
2030,sc01,04-23 00:00:00+02:00,Solar,0.0
2030,sc01,04-23 00:00:00+02:00,OCGT,0.03544062118195737
2030,sc01,04-23 01:00:00+02:00,CCGT,0.5277779848799927
2030,sc01,04-23 01:00:00+02:00,Wind,0.027573337499999996
2030,sc01,04-23 01:00:00+02:00,Gas,0.0
2030,sc01,04-23 01:00:00+02:00,SynchronousCondenser,0.0
2030,sc01,04-23 01:00:00+02:00,Battery,0.0
2030,sc01,04-23 01:00:00+02:00,Solar,0.0
2030,sc01,04-23 01:00:00+02:00,OCGT,0.0361808330464334
2030,sc01,04-23 02:00:00+02:00,CCGT,0.5257719473399927
2030,sc01,04-23 02:00:00+02:00,Wind,0.02760564375
2030,sc01,04-23 02:00:00+02:00,Gas,0.0
2030,sc01,04-23 02:00:00+02:00,SynchronousCondenser,0.0
2030,sc01,04-23 02:00:00+02:00,Battery,0.0
2030,sc01,04-23 02:00:00+02:00,Solar,0.0
2030,sc01,04-23 02:00:00+02:00,OCGT,0.034653771700177985
2030,sc01,04-23 03:00:00+02:00,CCGT,0.5257632233399927
2030,sc01,04-23 03:00:00+02:00,Wind,0.028323468750000004
2030,sc01,04-23 03:00:00+02:00,Gas,0.0
2030,sc01,04-23 03:00:00+02:00,SynchronousCondenser,0.0
2030,sc01,04-23 03:00:00+02:00,Battery,0.0
2030,sc01,04-23 03:00:00+02:00,Solar,0.0
2030,sc01,04-23 03:00:00+02:00,OCGT,0.03666541324692143
2030,sc01,04-23 04:00:00+02:00,CCGT,0.5265685739099928
2030,sc01,04-23 04:00:00+02:00,Wind,0.03169828125
2030,sc01,04-23 04:00:00+02:00,Gas,0.0
2030,sc01,04-23 04:00:00+02:00,SynchronousCondenser,0.0
2030,sc01,04-23 04:00:00+02:00,Battery,0.0
2030,sc01,04-23 04:00:00+02:00,Solar,0.0
2030,sc01,04-23 04:00:00+02:00,OCGT,0.04357682303135957
2030,sc01,04-23 05:00:00+02:00,CCGT,0.5341233735899927
2030,sc01,04-23 05:00:00+02:00,Wind,0.0332235
2030,sc01,04-23 05:00:00+02:00,Gas,0.0
2030,sc01,04-23 05:00:00+02:00,SynchronousCondenser,0.0
2030,sc01,04-23 05:00:00+02:00,Battery,0.0
2030,sc01,04-23 05:00:00+02:00,Solar,4.1137500000000004e-05
2030,sc01,04-23 05:00:00+02:00,OCGT,0.05770903432404203
2030,sc01,04-23 06:00:00+02:00,CCGT,0.5459446128299927
2030,sc01,04-23 06:00:00+02:00,Wind,0.031040343749999998
2030,sc01,04-23 06:00:00+02:00,Gas,0.0
2030,sc01,04-23 06:00:00+02:00,SynchronousCondenser,0.0
2030,sc01,04-23 06:00:00+02:00,Battery,0.0
2030,sc01,04-23 06:00:00+02:00,Solar,0.001702275
2030,sc01,04-23 06:00:00+02:00,OCGT,0.06928671020524732
2030,sc01,04-23 07:00:00+02:00,CCGT,0.5550989075399928
2030,sc01,04-23 07:00:00+02:00,Wind,0.02406871875
2030,sc01,04-23 07:00:00+02:00,Gas,0.0
2030,sc01,04-23 07:00:00+02:00,SynchronousCondenser,0.0
2030,sc01,04-23 07:00:00+02:00,Battery,0.0
2030,sc01,04-23 07:00:00+02:00,Solar,0.02331435
2030,sc01,04-23 07:00:00+02:00,OCGT,0.06267783038001554
2030,sc01,04-23 08:00:00+02:00,CCGT,0.5598296844299927
2030,sc01,04-23 08:00:00+02:00,Wind,0.01543813125
2030,sc01,04-23 08:00:00+02:00,Gas,0.0
2030,sc01,04-23 08:00:00+02:00,SynchronousCondenser,0.0
2030,sc01,04-23 08:00:00+02:00,Battery,0.0
2030,sc01,04-23 08:00:00+02:00,Solar,0.06089355
2030,sc01,04-23 08:00:00+02:00,OCGT,0.04340906282819067
2030,sc01,04-23 09:00:00+02:00,CCGT,0.5574498597899927
2030,sc01,04-23 09:00:00+02:00,Wind,0.0133817625
2030,sc01,04-23 09:00:00+02:00,Gas,0.0
2030,sc01,04-23 09:00:00+02:00,SynchronousCondenser,0.0
2030,sc01,04-23 09:00:00+02:00,Battery,0.0
2030,sc01,04-23 09:00:00+02:00,Solar,0.0899853375
2030,sc01,04-23 09:00:00+02:00,OCGT,0.025535621381160653
2030,sc01,04-23 10:00:00+02:00,CCGT,0.5569550844599928
2030,sc01,04-23 10:00:00+02:00,Wind,0.01260733125
2030,sc01,04-23 10:00:00+02:00,Gas,0.0
2030,sc01,04-23 10:00:00+02:00,SynchronousCondenser,0.0
2030,sc01,04-23 10:00:00+02:00,Battery,0.0
2030,sc01,04-23 10:00:00+02:00,Solar,0.11003535
2030,sc01,04-23 10:00:00+02:00,OCGT,0.01202687812812478
2030,sc01,04-23 11:00:00+02:00,CCGT,0.5575597655399926
2030,sc01,04-23 11:00:00+02:00,Wind,0.0134821125
2030,sc01,04-23 11:00:00+02:00,Gas,0.0
2030,sc01,04-23 11:00:00+02:00,SynchronousCondenser,0.0
2030,sc01,04-23 11:00:00+02:00,Battery,0.0
2030,sc01,04-23 11:00:00+02:00,Solar,0.12280567500000002
2030,sc01,04-23 11:00:00+02:00,OCGT,0.004363577969941829
2030,sc01,04-23 12:00:00+02:00,CCGT,0.5565625412099927
2030,sc01,04-23 12:00:00+02:00,Wind,0.015553387500000002
2030,sc01,04-23 12:00:00+02:00,Gas,0.0
2030,sc01,04-23 12:00:00+02:00,SynchronousCondenser,0.0
2030,sc01,04-23 12:00:00+02:00,Battery,0.0
2030,sc01,04-23 12:00:00+02:00,Solar,0.1282122
2030,sc01,04-23 12:00:00+02:00,OCGT,0.0009746273895005313
2030,sc01,04-23 13:00:00+02:00,CCGT,0.5513401647299927
2030,sc01,04-23 13:00:00+02:00,Wind,0.0185091375
2030,sc01,04-23 13:00:00+02:00,Gas,0.0
2030,sc01,04-23 13:00:00+02:00,SynchronousCondenser,0.0
2030,sc01,04-23 13:00:00+02:00,Battery,0.0
2030,sc01,04-23 13:00:00+02:00,Solar,0.1284825375
2030,sc01,04-23 13:00:00+02:00,OCGT,0.004649570635747304
2030,sc01,04-23 14:00:00+02:00,CCGT,0.5469831642299927
2030,sc01,04-23 14:00:00+02:00,Wind,0.02233948125
2030,sc01,04-23 14:00:00+02:00,Gas,0.0
2030,sc01,04-23 14:00:00+02:00,SynchronousCondenser,0.0
2030,sc01,04-23 14:00:00+02:00,Battery,0.0
2030,sc01,04-23 14:00:00+02:00,Solar,0.120211875
2030,sc01,04-23 14:00:00+02:00,OCGT,0.014328206664053222
2030,sc01,04-23 15:00:00+02:00,CCGT,0.5458961930999927
2030,sc01,04-23 15:00:00+02:00,Wind,0.026506949999999994
2030,sc01,04-23 15:00:00+02:00,Gas,0.0
2030,sc01,04-23 15:00:00+02:00,SynchronousCondenser,0.0
2030,sc01,04-23 15:00:00+02:00,Battery,0.0
2030,sc01,04-23 15:00:00+02:00,Solar,0.107250975
2030,sc01,04-23 15:00:00+02:00,OCGT,0.025624365816485514
2030,sc01,04-23 16:00:00+02:00,CCGT,0.5457843083999927
2030,sc01,04-23 16:00:00+02:00,Wind,0.02990968125
2030,sc01,04-23 16:00:00+02:00,Gas,0.0
2030,sc01,04-23 16:00:00+02:00,SynchronousCondenser,0.0
2030,sc01,04-23 16:00:00+02:00,Battery,0.0
2030,sc01,04-23 16:00:00+02:00,Solar,0.09125028750000001
2030,sc01,04-23 16:00:00+02:00,OCGT,0.0385773528767176
2030,sc01,04-23 17:00:00+02:00,CCGT,0.5446588353299928
2030,sc01,04-23 17:00:00+02:00,Wind,0.029620031250000005
2030,sc01,04-23 17:00:00+02:00,Gas,0.0
2030,sc01,04-23 17:00:00+02:00,SynchronousCondenser,0.0
2030,sc01,04-23 17:00:00+02:00,Battery,0.0
2030,sc01,04-23 17:00:00+02:00,Solar,0.065577075
2030,sc01,04-23 17:00:00+02:00,OCGT,0.05808719380751687
2030,sc01,04-23 18:00:00+02:00,CCGT,0.5462558709599927
2030,sc01,04-23 18:00:00+02:00,Wind,0.025707862499999998
2030,sc01,04-23 18:00:00+02:00,Gas,0.0
2030,sc01,04-23 18:00:00+02:00,SynchronousCondenser,0.0
2030,sc01,04-23 18:00:00+02:00,Battery,0.0
2030,sc01,04-23 18:00:00+02:00,Solar,0.0332409375
2030,sc01,04-23 18:00:00+02:00,OCGT,0.09706565320720259
2030,sc01,04-23 19:00:00+02:00,CCGT,0.5515890146099927
2030,sc01,04-23 19:00:00+02:00,Wind,0.020557856250000003
2030,sc01,04-23 19:00:00+02:00,Gas,0.0
2030,sc01,04-23 19:00:00+02:00,SynchronousCondenser,0.0
2030,sc01,04-23 19:00:00+02:00,Battery,0.0
2030,sc01,04-23 19:00:00+02:00,Solar,0.0053814375
2030,sc01,04-23 19:00:00+02:00,OCGT,0.11898270352385229
2030,sc01,04-23 20:00:00+02:00,CCGT,0.5641204618199926
2030,sc01,04-23 20:00:00+02:00,Wind,0.01901784375
2030,sc01,04-23 20:00:00+02:00,Gas,0.0
2030,sc01,04-23 20:00:00+02:00,SynchronousCondenser,0.0
2030,sc01,04-23 20:00:00+02:00,Battery,0.0
2030,sc01,04-23 20:00:00+02:00,Solar,0.0
2030,sc01,04-23 20:00:00+02:00,OCGT,0.11362830048071067
2030,sc01,04-23 21:00:00+02:00,CCGT,0.5556060020399927
2030,sc01,04-23 21:00:00+02:00,Wind,0.017297175
2030,sc01,04-23 21:00:00+02:00,Gas,0.0
2030,sc01,04-23 21:00:00+02:00,SynchronousCondenser,0.0
2030,sc01,04-23 21:00:00+02:00,Battery,0.0
2030,sc01,04-23 21:00:00+02:00,Solar,0.0
2030,sc01,04-23 21:00:00+02:00,OCGT,0.09306314565575703
2030,sc01,04-23 22:00:00+02:00,CCGT,0.5441926836299927
2030,sc01,04-23 22:00:00+02:00,Wind,0.0166786875
2030,sc01,04-23 22:00:00+02:00,Gas,0.0
2030,sc01,04-23 22:00:00+02:00,SynchronousCondenser,0.0
2030,sc01,04-23 22:00:00+02:00,Battery,0.0
2030,sc01,04-23 22:00:00+02:00,Solar,0.0
2030,sc01,04-23 22:00:00+02:00,OCGT,0.07186534619255026
2030,sc01,04-23 23:00:00+02:00,CCGT,0.5359395453299927
2030,sc01,04-23 23:00:00+02:00,Wind,0.0154326
2030,sc01,04-23 23:00:00+02:00,Gas,0.0
2030,sc01,04-23 23:00:00+02:00,SynchronousCondenser,0.0
2030,sc01,04-23 23:00:00+02:00,Battery,0.0
2030,sc01,04-23 23:00:00+02:00,Solar,0.0
2030,sc01,04-23 23:00:00+02:00,OCGT,0.05881025898817566
2030,sc01,04-29 00:00:00+02:00,CCGT,1.0589847422999856
2030,sc01,04-29 00:00:00+02:00,Wind,0.042033037499999995
2030,sc01,04-29 00:00:00+02:00,Gas,0.0
2030,sc01,04-29 00:00:00+02:00,SynchronousCondenser,0.0
2030,sc01,04-29 00:00:00+02:00,Battery,0.0
2030,sc01,04-29 00:00:00+02:00,Solar,0.0
2030,sc01,04-29 00:00:00+02:00,OCGT,0.0836553455223811
2030,sc01,04-29 01:00:00+02:00,CCGT,1.0509388994999855
2030,sc01,04-29 01:00:00+02:00,Wind,0.054101925
2030,sc01,04-29 01:00:00+02:00,Gas,0.0
2030,sc01,04-29 01:00:00+02:00,SynchronousCondenser,0.0
2030,sc01,04-29 01:00:00+02:00,Battery,0.0
2030,sc01,04-29 01:00:00+02:00,Solar,0.0
2030,sc01,04-29 01:00:00+02:00,OCGT,0.06831827099661385
2030,sc01,04-29 02:00:00+02:00,CCGT,1.0489127412599855
2030,sc01,04-29 02:00:00+02:00,Wind,0.0622999125
2030,sc01,04-29 02:00:00+02:00,Gas,0.0
2030,sc01,04-29 02:00:00+02:00,SynchronousCondenser,0.0
2030,sc01,04-29 02:00:00+02:00,Battery,0.0
2030,sc01,04-29 02:00:00+02:00,Solar,0.0
2030,sc01,04-29 02:00:00+02:00,OCGT,0.05895793506541695
2030,sc01,04-29 03:00:00+02:00,CCGT,1.0488087023999855
2030,sc01,04-29 03:00:00+02:00,Wind,0.060956512500000004
2030,sc01,04-29 03:00:00+02:00,Gas,0.0
2030,sc01,04-29 03:00:00+02:00,SynchronousCondenser,0.0
2030,sc01,04-29 03:00:00+02:00,Battery,0.0
2030,sc01,04-29 03:00:00+02:00,Solar,0.0
2030,sc01,04-29 03:00:00+02:00,OCGT,0.06301662957315944
2030,sc01,04-29 04:00:00+02:00,CCGT,1.0527914249399855
2030,sc01,04-29 04:00:00+02:00,Wind,0.062081250000000004
2030,sc01,04-29 04:00:00+02:00,Gas,0.0
2030,sc01,04-29 04:00:00+02:00,SynchronousCondenser,0.0
2030,sc01,04-29 04:00:00+02:00,Battery,0.0
2030,sc01,04-29 04:00:00+02:00,Solar,0.0
2030,sc01,04-29 04:00:00+02:00,OCGT,0.07931529255840811
2030,sc01,04-29 05:00:00+02:00,CCGT,1.0726803931199855
2030,sc01,04-29 05:00:00+02:00,Wind,0.065509725
2030,sc01,04-29 05:00:00+02:00,Gas,0.0
2030,sc01,04-29 05:00:00+02:00,SynchronousCondenser,0.0
2030,sc01,04-29 05:00:00+02:00,Battery,0.0
2030,sc01,04-29 05:00:00+02:00,Solar,8.5425e-05
2030,sc01,04-29 05:00:00+02:00,OCGT,0.09946970127350142
2030,sc01,04-29 06:00:00+02:00,CCGT,1.0980510956399856
2030,sc01,04-29 06:00:00+02:00,Wind,0.068633475
2030,sc01,04-29 06:00:00+02:00,Gas,0.0
2030,sc01,04-29 06:00:00+02:00,SynchronousCondenser,0.0
2030,sc01,04-29 06:00:00+02:00,Battery,0.0
2030,sc01,04-29 06:00:00+02:00,Solar,0.0036075
2030,sc01,04-29 06:00:00+02:00,OCGT,0.10773636755124519
2030,sc01,04-29 07:00:00+02:00,CCGT,1.1200974546599856
2030,sc01,04-29 07:00:00+02:00,Wind,0.06882202500000001
2030,sc01,04-29 07:00:00+02:00,Gas,0.0
2030,sc01,04-29 07:00:00+02:00,SynchronousCondenser,0.0
2030,sc01,04-29 07:00:00+02:00,Battery,0.0
2030,sc01,04-29 07:00:00+02:00,Solar,0.041136975000000006
2030,sc01,04-29 07:00:00+02:00,OCGT,0.08013615417661181
2030,sc01,04-29 08:00:00+02:00,CCGT,1.1241377997599855
2030,sc01,04-29 08:00:00+02:00,Wind,0.056971875000000005
2030,sc01,04-29 08:00:00+02:00,Gas,0.0
2030,sc01,04-29 08:00:00+02:00,SynchronousCondenser,0.0
2030,sc01,04-29 08:00:00+02:00,Battery,0.0
2030,sc01,04-29 08:00:00+02:00,Solar,0.110622675
2030,sc01,04-29 08:00:00+02:00,OCGT,0.040135509584354356
2030,sc01,04-29 09:00:00+02:00,CCGT,1.1213798688599854
2030,sc01,04-29 09:00:00+02:00,Wind,0.04805306250000001
2030,sc01,04-29 09:00:00+02:00,Gas,0.0
2030,sc01,04-29 09:00:00+02:00,SynchronousCondenser,0.0
2030,sc01,04-29 09:00:00+02:00,Battery,0.0
2030,sc01,04-29 09:00:00+02:00,Solar,0.176967675
2030,sc01,04-29 09:00:00+02:00,OCGT,0.0026748888708136853
2030,sc01,04-29 10:00:00+02:00,CCGT,1.0755445052667882
2030,sc01,04-29 10:00:00+02:00,Wind,0.061886250000000004
2030,sc01,04-29 10:00:00+02:00,Gas,0.0
2030,sc01,04-29 10:00:00+02:00,SynchronousCondenser,0.0
2030,sc01,04-29 10:00:00+02:00,Battery,0.0
2030,sc01,04-29 10:00:00+02:00,Solar,0.221577075
2030,sc01,04-29 10:00:00+02:00,OCGT,0.0
2030,sc01,04-29 11:00:00+02:00,CCGT,1.0418513328835792
2030,sc01,04-29 11:00:00+02:00,Wind,0.0795901125
2030,sc01,04-29 11:00:00+02:00,Gas,0.0
2030,sc01,04-29 11:00:00+02:00,SynchronousCondenser,0.0
2030,sc01,04-29 11:00:00+02:00,Battery,0.0
2030,sc01,04-29 11:00:00+02:00,Solar,0.246970125
2030,sc01,04-29 11:00:00+02:00,OCGT,0.0
2030,sc01,04-29 12:00:00+02:00,CCGT,1.031646004149917
2030,sc01,04-29 12:00:00+02:00,Wind,0.0919434
2030,sc01,04-29 12:00:00+02:00,Gas,0.0
2030,sc01,04-29 12:00:00+02:00,SynchronousCondenser,0.0
2030,sc01,04-29 12:00:00+02:00,Battery,0.0
2030,sc01,04-29 12:00:00+02:00,Solar,0.2572677
2030,sc01,04-29 12:00:00+02:00,OCGT,0.0
2030,sc01,04-29 13:00:00+02:00,CCGT,1.0126819352449328
2030,sc01,04-29 13:00:00+02:00,Wind,0.1120431
2030,sc01,04-29 13:00:00+02:00,Gas,0.0
2030,sc01,04-29 13:00:00+02:00,SynchronousCondenser,0.0
2030,sc01,04-29 13:00:00+02:00,Battery,0.0
2030,sc01,04-29 13:00:00+02:00,Solar,0.258555225
2030,sc01,04-29 13:00:00+02:00,OCGT,0.0
2030,sc01,04-29 14:00:00+02:00,CCGT,1.018388036209037
2030,sc01,04-29 14:00:00+02:00,Wind,0.129989325
2030,sc01,04-29 14:00:00+02:00,Gas,0.0
2030,sc01,04-29 14:00:00+02:00,SynchronousCondenser,0.0
2030,sc01,04-29 14:00:00+02:00,Battery,0.0
2030,sc01,04-29 14:00:00+02:00,Solar,0.24962430000000002
2030,sc01,04-29 14:00:00+02:00,OCGT,0.0
2030,sc01,04-29 15:00:00+02:00,CCGT,1.0366856697885403
2030,sc01,04-29 15:00:00+02:00,Wind,0.14152905
2030,sc01,04-29 15:00:00+02:00,Gas,0.0
2030,sc01,04-29 15:00:00+02:00,SynchronousCondenser,0.0
2030,sc01,04-29 15:00:00+02:00,Battery,0.0
2030,sc01,04-29 15:00:00+02:00,Solar,0.2277378
2030,sc01,04-29 15:00:00+02:00,OCGT,0.0
2030,sc01,04-29 16:00:00+02:00,CCGT,1.0643819095714273
2030,sc01,04-29 16:00:00+02:00,Wind,0.1499473875
2030,sc01,04-29 16:00:00+02:00,Gas,0.0
2030,sc01,04-29 16:00:00+02:00,SynchronousCondenser,0.0
2030,sc01,04-29 16:00:00+02:00,Battery,0.0
2030,sc01,04-29 16:00:00+02:00,Solar,0.1935579
2030,sc01,04-29 16:00:00+02:00,OCGT,0.0
2030,sc01,04-29 17:00:00+02:00,CCGT,1.0985123806799855
2030,sc01,04-29 17:00:00+02:00,Wind,0.15430226249999998
2030,sc01,04-29 17:00:00+02:00,Gas,0.0
2030,sc01,04-29 17:00:00+02:00,SynchronousCondenser,0.0
2030,sc01,04-29 17:00:00+02:00,Battery,0.0
2030,sc01,04-29 17:00:00+02:00,Solar,0.14047995000000002
2030,sc01,04-29 17:00:00+02:00,OCGT,0.0037260009488603446
2030,sc01,04-29 18:00:00+02:00,CCGT,1.0992137671199855
2030,sc01,04-29 18:00:00+02:00,Wind,0.1454784
2030,sc01,04-29 18:00:00+02:00,Gas,0.0
2030,sc01,04-29 18:00:00+02:00,SynchronousCondenser,0.0
2030,sc01,04-29 18:00:00+02:00,Battery,0.0
2030,sc01,04-29 18:00:00+02:00,Solar,0.07215247500000001
2030,sc01,04-29 18:00:00+02:00,OCGT,0.0781742856464464
2030,sc01,04-29 19:00:00+02:00,CCGT,1.1103466022999855
2030,sc01,04-29 19:00:00+02:00,Wind,0.12408809999999998
2030,sc01,04-29 19:00:00+02:00,Gas,0.0
2030,sc01,04-29 19:00:00+02:00,SynchronousCondenser,0.0
2030,sc01,04-29 19:00:00+02:00,Battery,0.0
2030,sc01,04-29 19:00:00+02:00,Solar,0.013894199999999999
2030,sc01,04-29 19:00:00+02:00,OCGT,0.14541086777484669
2030,sc01,04-29 20:00:00+02:00,CCGT,1.1293408130399856
2030,sc01,04-29 20:00:00+02:00,Wind,0.11387760000000002
2030,sc01,04-29 20:00:00+02:00,Gas,0.0
2030,sc01,04-29 20:00:00+02:00,SynchronousCondenser,0.0
2030,sc01,04-29 20:00:00+02:00,Battery,0.0
2030,sc01,04-29 20:00:00+02:00,Solar,0.000103575
2030,sc01,04-29 20:00:00+02:00,OCGT,0.13864930078869364
2030,sc01,04-29 21:00:00+02:00,CCGT,1.1164184999399853
2030,sc01,04-29 21:00:00+02:00,Wind,0.127201425
2030,sc01,04-29 21:00:00+02:00,Gas,0.0
2030,sc01,04-29 21:00:00+02:00,SynchronousCondenser,0.0
2030,sc01,04-29 21:00:00+02:00,Battery,0.0
2030,sc01,04-29 21:00:00+02:00,Solar,0.0
2030,sc01,04-29 21:00:00+02:00,OCGT,0.09047921736417144
2030,sc01,04-29 22:00:00+02:00,CCGT,1.0914892282799853
2030,sc01,04-29 22:00:00+02:00,Wind,0.1365722625
2030,sc01,04-29 22:00:00+02:00,Gas,0.0
2030,sc01,04-29 22:00:00+02:00,SynchronousCondenser,0.0
2030,sc01,04-29 22:00:00+02:00,Battery,0.0
2030,sc01,04-29 22:00:00+02:00,Solar,0.0
2030,sc01,04-29 22:00:00+02:00,OCGT,0.04691955399674505
2030,sc01,04-29 23:00:00+02:00,CCGT,1.0767581866199853
2030,sc01,04-29 23:00:00+02:00,Wind,0.1342186125
2030,sc01,04-29 23:00:00+02:00,Gas,0.0
2030,sc01,04-29 23:00:00+02:00,SynchronousCondenser,0.0
2030,sc01,04-29 23:00:00+02:00,Battery,0.0
2030,sc01,04-29 23:00:00+02:00,Solar,0.0
2030,sc01,04-29 23:00:00+02:00,OCGT,0.031781828335667936
2030,sc01,05-12 00:00:00+02:00,CCGT,0.8876849035499879
2030,sc01,05-12 00:00:00+02:00,Wind,0.14886156250000002
2030,sc01,05-12 00:00:00+02:00,Gas,0.0
2030,sc01,05-12 00:00:00+02:00,SynchronousCondenser,0.0
2030,sc01,05-12 00:00:00+02:00,Battery,0.0
2030,sc01,05-12 00:00:00+02:00,Solar,0.0
2030,sc01,05-12 00:00:00+02:00,OCGT,0.00019475578813399688
2030,sc01,05-12 01:00:00+02:00,CCGT,0.8692463447347787
2030,sc01,05-12 01:00:00+02:00,Wind,0.14620737500000003
2030,sc01,05-12 01:00:00+02:00,Gas,0.0
2030,sc01,05-12 01:00:00+02:00,SynchronousCondenser,0.0
2030,sc01,05-12 01:00:00+02:00,Battery,0.0
2030,sc01,05-12 01:00:00+02:00,Solar,0.0
2030,sc01,05-12 01:00:00+02:00,OCGT,0.0
2030,sc01,05-12 02:00:00+02:00,CCGT,0.8745181878479162
2030,sc01,05-12 02:00:00+02:00,Wind,0.13225403125000001
2030,sc01,05-12 02:00:00+02:00,Gas,0.0
2030,sc01,05-12 02:00:00+02:00,SynchronousCondenser,0.0
2030,sc01,05-12 02:00:00+02:00,Battery,0.0
2030,sc01,05-12 02:00:00+02:00,Solar,0.0
2030,sc01,05-12 02:00:00+02:00,OCGT,0.0
2030,sc01,05-12 03:00:00+02:00,CCGT,0.8759557584499879
2030,sc01,05-12 03:00:00+02:00,Wind,0.11431759375000002
2030,sc01,05-12 03:00:00+02:00,Gas,0.0
2030,sc01,05-12 03:00:00+02:00,SynchronousCondenser,0.0
2030,sc01,05-12 03:00:00+02:00,Battery,0.0
2030,sc01,05-12 03:00:00+02:00,Solar,0.0
2030,sc01,05-12 03:00:00+02:00,OCGT,0.015342448982066034
2030,sc01,05-12 04:00:00+02:00,CCGT,0.8800155274999878
2030,sc01,05-12 04:00:00+02:00,Wind,0.1012850625
2030,sc01,05-12 04:00:00+02:00,Gas,0.0
2030,sc01,05-12 04:00:00+02:00,SynchronousCondenser,0.0
2030,sc01,05-12 04:00:00+02:00,Battery,0.0
2030,sc01,05-12 04:00:00+02:00,Solar,5.68125e-05
2030,sc01,05-12 04:00:00+02:00,OCGT,0.03576964260746404
2030,sc01,05-12 05:00:00+02:00,CCGT,0.8929472326999879
2030,sc01,05-12 05:00:00+02:00,Wind,0.09206543750000001
2030,sc01,05-12 05:00:00+02:00,Gas,0.0
2030,sc01,05-12 05:00:00+02:00,SynchronousCondenser,0.0
2030,sc01,05-12 05:00:00+02:00,Battery,0.0
2030,sc01,05-12 05:00:00+02:00,Solar,9.08125e-05
2030,sc01,05-12 05:00:00+02:00,OCGT,0.06389084338364062
2030,sc01,05-12 06:00:00+02:00,CCGT,0.9119431756499878
2030,sc01,05-12 06:00:00+02:00,Wind,0.0792630625
2030,sc01,05-12 06:00:00+02:00,Gas,0.0
2030,sc01,05-12 06:00:00+02:00,SynchronousCondenser,0.0
2030,sc01,05-12 06:00:00+02:00,Battery,0.0
2030,sc01,05-12 06:00:00+02:00,Solar,0.0101319375
2030,sc01,05-12 06:00:00+02:00,OCGT,0.07961399159777781
2030,sc01,05-12 07:00:00+02:00,CCGT,0.9302163520999879
2030,sc01,05-12 07:00:00+02:00,Wind,0.06147615625
2030,sc01,05-12 07:00:00+02:00,Gas,0.0
2030,sc01,05-12 07:00:00+02:00,SynchronousCondenser,0.0
2030,sc01,05-12 07:00:00+02:00,Battery,0.0
2030,sc01,05-12 07:00:00+02:00,Solar,0.05561412500000001
2030,sc01,05-12 07:00:00+02:00,OCGT,0.07334963251815636
2030,sc01,05-12 08:00:00+02:00,CCGT,0.9362594148499879
2030,sc01,05-12 08:00:00+02:00,Wind,0.04299690625000001
2030,sc01,05-12 08:00:00+02:00,Gas,0.0
2030,sc01,05-12 08:00:00+02:00,SynchronousCondenser,0.0
2030,sc01,05-12 08:00:00+02:00,Battery,0.0
2030,sc01,05-12 08:00:00+02:00,Solar,0.111698
2030,sc01,05-12 08:00:00+02:00,OCGT,0.06509923778796067
2030,sc01,05-12 09:00:00+02:00,CCGT,0.9382058021499878
2030,sc01,05-12 09:00:00+02:00,Wind,0.04030559375
2030,sc01,05-12 09:00:00+02:00,Gas,0.0
2030,sc01,05-12 09:00:00+02:00,SynchronousCondenser,0.0
2030,sc01,05-12 09:00:00+02:00,Battery,0.0
2030,sc01,05-12 09:00:00+02:00,Solar,0.15625131250000002
2030,sc01,05-12 09:00:00+02:00,OCGT,0.04840665735671396
2030,sc01,05-12 10:00:00+02:00,CCGT,0.9389305557999879
2030,sc01,05-12 10:00:00+02:00,Wind,0.0484568125
2030,sc01,05-12 10:00:00+02:00,Gas,0.0
2030,sc01,05-12 10:00:00+02:00,SynchronousCondenser,0.0
2030,sc01,05-12 10:00:00+02:00,Battery,0.0
2030,sc01,05-12 10:00:00+02:00,Solar,0.18721306250000003
2030,sc01,05-12 10:00:00+02:00,OCGT,0.03788179740373197
2030,sc01,05-12 11:00:00+02:00,CCGT,0.9437746439499879
2030,sc01,05-12 11:00:00+02:00,Wind,0.06927203125
2030,sc01,05-12 11:00:00+02:00,Gas,0.0
2030,sc01,05-12 11:00:00+02:00,SynchronousCondenser,0.0
2030,sc01,05-12 11:00:00+02:00,Battery,0.0
2030,sc01,05-12 11:00:00+02:00,Solar,0.20587168749999998
2030,sc01,05-12 11:00:00+02:00,OCGT,0.022375310219469365
2030,sc01,05-12 12:00:00+02:00,CCGT,0.9454604740499879
2030,sc01,05-12 12:00:00+02:00,Wind,0.0798135
2030,sc01,05-12 12:00:00+02:00,Gas,0.0
2030,sc01,05-12 12:00:00+02:00,SynchronousCondenser,0.0
2030,sc01,05-12 12:00:00+02:00,Battery,0.0
2030,sc01,05-12 12:00:00+02:00,Solar,0.21430100000000002
2030,sc01,05-12 12:00:00+02:00,OCGT,0.025595118804026262
2030,sc01,05-12 13:00:00+02:00,CCGT,0.9380378801499879
2030,sc01,05-12 13:00:00+02:00,Wind,0.08433215625000001
2030,sc01,05-12 13:00:00+02:00,Gas,0.0
2030,sc01,05-12 13:00:00+02:00,SynchronousCondenser,0.0
2030,sc01,05-12 13:00:00+02:00,Battery,0.0
2030,sc01,05-12 13:00:00+02:00,Solar,0.2139993125
2030,sc01,05-12 13:00:00+02:00,OCGT,0.03627437086498679
2030,sc01,05-12 14:00:00+02:00,CCGT,0.9315379210999879
2030,sc01,05-12 14:00:00+02:00,Wind,0.09600409375
2030,sc01,05-12 14:00:00+02:00,Gas,0.0
2030,sc01,05-12 14:00:00+02:00,SynchronousCondenser,0.0
2030,sc01,05-12 14:00:00+02:00,Battery,0.0
2030,sc01,05-12 14:00:00+02:00,Solar,0.20527262500000001
2030,sc01,05-12 14:00:00+02:00,OCGT,0.03991390072021318
2030,sc01,05-12 15:00:00+02:00,CCGT,0.932418966299988
2030,sc01,05-12 15:00:00+02:00,Wind,0.10626740625
2030,sc01,05-12 15:00:00+02:00,Gas,0.0
2030,sc01,05-12 15:00:00+02:00,SynchronousCondenser,0.0
2030,sc01,05-12 15:00:00+02:00,Battery,0.0
2030,sc01,05-12 15:00:00+02:00,Solar,0.18642787500000002
2030,sc01,05-12 15:00:00+02:00,OCGT,0.05272713220454238
2030,sc01,05-12 16:00:00+02:00,CCGT,0.9354883119499879
2030,sc01,05-12 16:00:00+02:00,Wind,0.108166875
2030,sc01,05-12 16:00:00+02:00,Gas,0.0
2030,sc01,05-12 16:00:00+02:00,SynchronousCondenser,0.0
2030,sc01,05-12 16:00:00+02:00,Battery,0.0
2030,sc01,05-12 16:00:00+02:00,Solar,0.15600081250000003
2030,sc01,05-12 16:00:00+02:00,OCGT,0.07880128886003167
2030,sc01,05-12 17:00:00+02:00,CCGT,0.9348511569999879
2030,sc01,05-12 17:00:00+02:00,Wind,0.1153005
2030,sc01,05-12 17:00:00+02:00,Gas,0.0
2030,sc01,05-12 17:00:00+02:00,SynchronousCondenser,0.0
2030,sc01,05-12 17:00:00+02:00,Battery,0.0
2030,sc01,05-12 17:00:00+02:00,Solar,0.11203056249999999
2030,sc01,05-12 17:00:00+02:00,OCGT,0.09896173005474436
2030,sc01,05-12 18:00:00+02:00,CCGT,0.9344757710499879
2030,sc01,05-12 18:00:00+02:00,Wind,0.1168856875
2030,sc01,05-12 18:00:00+02:00,Gas,0.0
2030,sc01,05-12 18:00:00+02:00,SynchronousCondenser,0.0
2030,sc01,05-12 18:00:00+02:00,Battery,0.0
2030,sc01,05-12 18:00:00+02:00,Solar,0.059680875
2030,sc01,05-12 18:00:00+02:00,OCGT,0.12914338403226888
2030,sc01,05-12 19:00:00+02:00,CCGT,0.9366111229999879
2030,sc01,05-12 19:00:00+02:00,Wind,0.1327708125
2030,sc01,05-12 19:00:00+02:00,Gas,0.0
2030,sc01,05-12 19:00:00+02:00,SynchronousCondenser,0.0
2030,sc01,05-12 19:00:00+02:00,Battery,0.0
2030,sc01,05-12 19:00:00+02:00,Solar,0.013897187499999998
2030,sc01,05-12 19:00:00+02:00,OCGT,0.14310497258655241
2030,sc01,05-12 20:00:00+02:00,CCGT,0.9450981315999879
2030,sc01,05-12 20:00:00+02:00,Wind,0.16437690624999998
2030,sc01,05-12 20:00:00+02:00,Gas,0.0
2030,sc01,05-12 20:00:00+02:00,SynchronousCondenser,0.0
2030,sc01,05-12 20:00:00+02:00,Battery,0.0
2030,sc01,05-12 20:00:00+02:00,Solar,0.0001565
2030,sc01,05-12 20:00:00+02:00,OCGT,0.11229793410970976
2030,sc01,05-12 21:00:00+02:00,CCGT,0.9357318743499878
2030,sc01,05-12 21:00:00+02:00,Wind,0.17924378125
2030,sc01,05-12 21:00:00+02:00,Gas,0.0
2030,sc01,05-12 21:00:00+02:00,SynchronousCondenser,0.0
2030,sc01,05-12 21:00:00+02:00,Battery,0.0
2030,sc01,05-12 21:00:00+02:00,Solar,0.0
2030,sc01,05-12 21:00:00+02:00,OCGT,0.06197314959408845
2030,sc01,05-12 22:00:00+02:00,CCGT,0.916228432399988
2030,sc01,05-12 22:00:00+02:00,Wind,0.190965
2030,sc01,05-12 22:00:00+02:00,Gas,0.0
2030,sc01,05-12 22:00:00+02:00,SynchronousCondenser,0.0
2030,sc01,05-12 22:00:00+02:00,Battery,0.0
2030,sc01,05-12 22:00:00+02:00,Solar,0.0
2030,sc01,05-12 22:00:00+02:00,OCGT,0.015568798253278067
2030,sc01,05-12 23:00:00+02:00,CCGT,0.8868132850758669
2030,sc01,05-12 23:00:00+02:00,Wind,0.19602262499999998
2030,sc01,05-12 23:00:00+02:00,Gas,0.0
2030,sc01,05-12 23:00:00+02:00,SynchronousCondenser,0.0
2030,sc01,05-12 23:00:00+02:00,Battery,0.0
2030,sc01,05-12 23:00:00+02:00,Solar,0.0
2030,sc01,05-12 23:00:00+02:00,OCGT,0.0
2030,sc01,05-14 00:00:00+02:00,CCGT,1.0174457197071023
2030,sc01,05-14 00:00:00+02:00,Wind,0.260763
2030,sc01,05-14 00:00:00+02:00,Gas,0.0
2030,sc01,05-14 00:00:00+02:00,SynchronousCondenser,0.0
2030,sc01,05-14 00:00:00+02:00,Battery,0.0
2030,sc01,05-14 00:00:00+02:00,Solar,0.0
2030,sc01,05-14 00:00:00+02:00,OCGT,0.0
2030,sc01,05-14 01:00:00+02:00,CCGT,0.977498867097579
2030,sc01,05-14 01:00:00+02:00,Wind,0.2744625375
2030,sc01,05-14 01:00:00+02:00,Gas,0.0
2030,sc01,05-14 01:00:00+02:00,SynchronousCondenser,0.0
2030,sc01,05-14 01:00:00+02:00,Battery,0.0
2030,sc01,05-14 01:00:00+02:00,Solar,0.0
2030,sc01,05-14 01:00:00+02:00,OCGT,0.0
2030,sc01,05-14 02:00:00+02:00,CCGT,0.9621238668092824
2030,sc01,05-14 02:00:00+02:00,Wind,0.28064771250000003
2030,sc01,05-14 02:00:00+02:00,Gas,0.0
2030,sc01,05-14 02:00:00+02:00,SynchronousCondenser,0.0
2030,sc01,05-14 02:00:00+02:00,Battery,0.0
2030,sc01,05-14 02:00:00+02:00,Solar,0.0
2030,sc01,05-14 02:00:00+02:00,OCGT,0.0
2030,sc01,05-14 03:00:00+02:00,CCGT,0.951666552888458
2030,sc01,05-14 03:00:00+02:00,Wind,0.2901640125
2030,sc01,05-14 03:00:00+02:00,Gas,0.0
2030,sc01,05-14 03:00:00+02:00,SynchronousCondenser,0.0
2030,sc01,05-14 03:00:00+02:00,Battery,0.0
2030,sc01,05-14 03:00:00+02:00,Solar,0.0
2030,sc01,05-14 03:00:00+02:00,OCGT,0.0
2030,sc01,05-14 04:00:00+02:00,CCGT,0.9706036100763802
2030,sc01,05-14 04:00:00+02:00,Wind,0.284798475
2030,sc01,05-14 04:00:00+02:00,Gas,0.0
2030,sc01,05-14 04:00:00+02:00,SynchronousCondenser,0.0
2030,sc01,05-14 04:00:00+02:00,Battery,0.0
2030,sc01,05-14 04:00:00+02:00,Solar,6.1875e-05
2030,sc01,05-14 04:00:00+02:00,OCGT,0.0
2030,sc01,05-14 05:00:00+02:00,CCGT,1.0278012718796345
2030,sc01,05-14 05:00:00+02:00,Wind,0.27031934999999996
2030,sc01,05-14 05:00:00+02:00,Gas,0.0
2030,sc01,05-14 05:00:00+02:00,SynchronousCondenser,0.0
2030,sc01,05-14 05:00:00+02:00,Battery,0.0
2030,sc01,05-14 05:00:00+02:00,Solar,9.8775e-05
2030,sc01,05-14 05:00:00+02:00,OCGT,0.0
2030,sc01,05-14 06:00:00+02:00,CCGT,1.0865533631424744
2030,sc01,05-14 06:00:00+02:00,Wind,0.25439235
2030,sc01,05-14 06:00:00+02:00,Gas,0.0
2030,sc01,05-14 06:00:00+02:00,SynchronousCondenser,0.0
2030,sc01,05-14 06:00:00+02:00,Battery,0.0
2030,sc01,05-14 06:00:00+02:00,Solar,0.0068819250000000005
2030,sc01,05-14 06:00:00+02:00,OCGT,0.0
2030,sc01,05-14 07:00:00+02:00,CCGT,1.1233384243199855
2030,sc01,05-14 07:00:00+02:00,Wind,0.2311654125
2030,sc01,05-14 07:00:00+02:00,Gas,0.0
2030,sc01,05-14 07:00:00+02:00,SynchronousCondenser,0.0
2030,sc01,05-14 07:00:00+02:00,Battery,0.0
2030,sc01,05-14 07:00:00+02:00,Solar,0.04623885
2030,sc01,05-14 07:00:00+02:00,OCGT,0.005586997702597338
2030,sc01,05-14 08:00:00+02:00,CCGT,1.1372497883399855
2030,sc01,05-14 08:00:00+02:00,Wind,0.20257563750000002
2030,sc01,05-14 08:00:00+02:00,Gas,0.0
2030,sc01,05-14 08:00:00+02:00,SynchronousCondenser,0.0
2030,sc01,05-14 08:00:00+02:00,Battery,0.0
2030,sc01,05-14 08:00:00+02:00,Solar,0.10609882500000001
2030,sc01,05-14 08:00:00+02:00,OCGT,0.0054376249886139635
2030,sc01,05-14 09:00:00+02:00,CCGT,1.1178966555947791
2030,sc01,05-14 09:00:00+02:00,Wind,0.21596955
2030,sc01,05-14 09:00:00+02:00,Gas,0.0
2030,sc01,05-14 09:00:00+02:00,SynchronousCondenser,0.0
2030,sc01,05-14 09:00:00+02:00,Battery,0.0
2030,sc01,05-14 09:00:00+02:00,Solar,0.162208425
2030,sc01,05-14 09:00:00+02:00,OCGT,0.0
2030,sc01,05-14 10:00:00+02:00,CCGT,1.071349124800724
2030,sc01,05-14 10:00:00+02:00,Wind,0.2478221625
2030,sc01,05-14 10:00:00+02:00,Gas,0.0
2030,sc01,05-14 10:00:00+02:00,SynchronousCondenser,0.0
2030,sc01,05-14 10:00:00+02:00,Battery,0.0
2030,sc01,05-14 10:00:00+02:00,Solar,0.20621685
2030,sc01,05-14 10:00:00+02:00,OCGT,0.0
2030,sc01,05-14 11:00:00+02:00,CCGT,1.0341375191616098
2030,sc01,05-14 11:00:00+02:00,Wind,0.29450126249999997
2030,sc01,05-14 11:00:00+02:00,Gas,0.0
2030,sc01,05-14 11:00:00+02:00,SynchronousCondenser,0.0
2030,sc01,05-14 11:00:00+02:00,Battery,0.0
2030,sc01,05-14 11:00:00+02:00,Solar,0.23495062499999997
2030,sc01,05-14 11:00:00+02:00,OCGT,0.0
2030,sc01,05-14 12:00:00+02:00,CCGT,1.016662014997984
2030,sc01,05-14 12:00:00+02:00,Wind,0.33292492500000004
2030,sc01,05-14 12:00:00+02:00,Gas,0.0
2030,sc01,05-14 12:00:00+02:00,SynchronousCondenser,0.0
2030,sc01,05-14 12:00:00+02:00,Battery,0.0
2030,sc01,05-14 12:00:00+02:00,Solar,0.24688350000000003
2030,sc01,05-14 12:00:00+02:00,OCGT,0.0
2030,sc01,05-14 13:00:00+02:00,CCGT,0.9982721473278826
2030,sc01,05-14 13:00:00+02:00,Wind,0.3724499625
2030,sc01,05-14 13:00:00+02:00,Gas,0.0
2030,sc01,05-14 13:00:00+02:00,SynchronousCondenser,0.0
2030,sc01,05-14 13:00:00+02:00,Battery,0.0
2030,sc01,05-14 13:00:00+02:00,Solar,0.2458854
2030,sc01,05-14 13:00:00+02:00,OCGT,0.0
2030,sc01,05-14 14:00:00+02:00,CCGT,1.0105612517931195
2030,sc01,05-14 14:00:00+02:00,Wind,0.393957075
2030,sc01,05-14 14:00:00+02:00,Gas,0.0
2030,sc01,05-14 14:00:00+02:00,SynchronousCondenser,0.0
2030,sc01,05-14 14:00:00+02:00,Battery,0.0
2030,sc01,05-14 14:00:00+02:00,Solar,0.23130090000000003
2030,sc01,05-14 14:00:00+02:00,OCGT,0.0
2030,sc01,05-14 15:00:00+02:00,CCGT,1.02404004343213
2030,sc01,05-14 15:00:00+02:00,Wind,0.41998927499999994
2030,sc01,05-14 15:00:00+02:00,Gas,0.0
2030,sc01,05-14 15:00:00+02:00,SynchronousCondenser,0.0
2030,sc01,05-14 15:00:00+02:00,Battery,0.0
2030,sc01,05-14 15:00:00+02:00,Solar,0.201268575
2030,sc01,05-14 15:00:00+02:00,OCGT,0.0
2030,sc01,05-14 16:00:00+02:00,CCGT,1.0470555082286188
2030,sc01,05-14 16:00:00+02:00,Wind,0.435426675
2030,sc01,05-14 16:00:00+02:00,Gas,0.0
2030,sc01,05-14 16:00:00+02:00,SynchronousCondenser,0.0
2030,sc01,05-14 16:00:00+02:00,Battery,0.0
2030,sc01,05-14 16:00:00+02:00,Solar,0.16498439999999998
2030,sc01,05-14 16:00:00+02:00,OCGT,0.0
2030,sc01,05-14 17:00:00+02:00,CCGT,1.0555740913514347
2030,sc01,05-14 17:00:00+02:00,Wind,0.4511548125
2030,sc01,05-14 17:00:00+02:00,Gas,0.0
2030,sc01,05-14 17:00:00+02:00,SynchronousCondenser,0.0
2030,sc01,05-14 17:00:00+02:00,Battery,0.0
2030,sc01,05-14 17:00:00+02:00,Solar,0.115962825
2030,sc01,05-14 17:00:00+02:00,OCGT,0.0
2030,sc01,05-14 18:00:00+02:00,CCGT,1.0325358653656695
2030,sc01,05-14 18:00:00+02:00,Wind,0.47001105000000004
2030,sc01,05-14 18:00:00+02:00,Gas,0.0
2030,sc01,05-14 18:00:00+02:00,SynchronousCondenser,0.0
2030,sc01,05-14 18:00:00+02:00,Battery,0.0
2030,sc01,05-14 18:00:00+02:00,Solar,0.06311220000000001
2030,sc01,05-14 18:00:00+02:00,OCGT,0.03199268884392592
2030,sc01,05-14 19:00:00+02:00,CCGT,1.0428566047291556
2030,sc01,05-14 19:00:00+02:00,Wind,0.458736075
2030,sc01,05-14 19:00:00+02:00,Gas,0.0
2030,sc01,05-14 19:00:00+02:00,SynchronousCondenser,0.0
2030,sc01,05-14 19:00:00+02:00,Battery,0.0
2030,sc01,05-14 19:00:00+02:00,Solar,0.0197148
2030,sc01,05-14 19:00:00+02:00,OCGT,0.05004601966063979
2030,sc01,05-14 20:00:00+02:00,CCGT,1.0617918172166199
2030,sc01,05-14 20:00:00+02:00,Wind,0.448609575
2030,sc01,05-14 20:00:00+02:00,Gas,0.0
2030,sc01,05-14 20:00:00+02:00,SynchronousCondenser,0.0
2030,sc01,05-14 20:00:00+02:00,Battery,0.0
2030,sc01,05-14 20:00:00+02:00,Solar,0.000619575
2030,sc01,05-14 20:00:00+02:00,OCGT,0.034411133544429096
2030,sc01,05-14 21:00:00+02:00,CCGT,1.0478282853875156
2030,sc01,05-14 21:00:00+02:00,Wind,0.4369377000000001
2030,sc01,05-14 21:00:00+02:00,Gas,0.0
2030,sc01,05-14 21:00:00+02:00,SynchronousCondenser,0.0
2030,sc01,05-14 21:00:00+02:00,Battery,0.0
2030,sc01,05-14 21:00:00+02:00,Solar,0.0
2030,sc01,05-14 21:00:00+02:00,OCGT,0.0
2030,sc01,05-14 22:00:00+02:00,CCGT,0.9827278606000469
2030,sc01,05-14 22:00:00+02:00,Wind,0.41388179999999997
2030,sc01,05-14 22:00:00+02:00,Gas,0.0
2030,sc01,05-14 22:00:00+02:00,SynchronousCondenser,0.0
2030,sc01,05-14 22:00:00+02:00,Battery,0.0
2030,sc01,05-14 22:00:00+02:00,Solar,0.0
2030,sc01,05-14 22:00:00+02:00,OCGT,0.0
2030,sc01,05-14 23:00:00+02:00,CCGT,0.9518377410018631
2030,sc01,05-14 23:00:00+02:00,Wind,0.3813537375
2030,sc01,05-14 23:00:00+02:00,Gas,0.0
2030,sc01,05-14 23:00:00+02:00,SynchronousCondenser,0.0
2030,sc01,05-14 23:00:00+02:00,Battery,0.0
2030,sc01,05-14 23:00:00+02:00,Solar,0.0
2030,sc01,05-14 23:00:00+02:00,OCGT,0.0
2030,sc01,05-15 00:00:00+02:00,CCGT,1.2260466346549064
2030,sc01,05-15 00:00:00+02:00,Wind,0.4963626
2030,sc01,05-15 00:00:00+02:00,Gas,0.0
2030,sc01,05-15 00:00:00+02:00,SynchronousCondenser,0.0
2030,sc01,05-15 00:00:00+02:00,Battery,0.0
2030,sc01,05-15 00:00:00+02:00,Solar,0.0
2030,sc01,05-15 00:00:00+02:00,OCGT,0.0
2030,sc01,05-15 01:00:00+02:00,CCGT,1.201622642669937
2030,sc01,05-15 01:00:00+02:00,Wind,0.48768380000000006
2030,sc01,05-15 01:00:00+02:00,Gas,0.0
2030,sc01,05-15 01:00:00+02:00,SynchronousCondenser,0.0
2030,sc01,05-15 01:00:00+02:00,Battery,0.0
2030,sc01,05-15 01:00:00+02:00,Solar,0.0
2030,sc01,05-15 01:00:00+02:00,OCGT,0.0
2030,sc01,05-15 02:00:00+02:00,CCGT,1.1941171631245444
2030,sc01,05-15 02:00:00+02:00,Wind,0.47791065
2030,sc01,05-15 02:00:00+02:00,Gas,0.0
2030,sc01,05-15 02:00:00+02:00,SynchronousCondenser,0.0
2030,sc01,05-15 02:00:00+02:00,Battery,0.0
2030,sc01,05-15 02:00:00+02:00,Solar,0.0
2030,sc01,05-15 02:00:00+02:00,OCGT,0.0
2030,sc01,05-15 03:00:00+02:00,CCGT,1.2036340432877664
2030,sc01,05-15 03:00:00+02:00,Wind,0.46714315
2030,sc01,05-15 03:00:00+02:00,Gas,0.0
2030,sc01,05-15 03:00:00+02:00,SynchronousCondenser,0.0
2030,sc01,05-15 03:00:00+02:00,Battery,0.0
2030,sc01,05-15 03:00:00+02:00,Solar,0.0
2030,sc01,05-15 03:00:00+02:00,OCGT,0.0
2030,sc01,05-15 04:00:00+02:00,CCGT,1.2315439963013852
2030,sc01,05-15 04:00:00+02:00,Wind,0.45292525
2030,sc01,05-15 04:00:00+02:00,Gas,0.0
2030,sc01,05-15 04:00:00+02:00,SynchronousCondenser,0.0
2030,sc01,05-15 04:00:00+02:00,Battery,0.0
2030,sc01,05-15 04:00:00+02:00,Solar,9.180000000000001e-05
2030,sc01,05-15 04:00:00+02:00,OCGT,0.0
2030,sc01,05-15 05:00:00+02:00,CCGT,1.3008677438603025
2030,sc01,05-15 05:00:00+02:00,Wind,0.44064030000000004
2030,sc01,05-15 05:00:00+02:00,Gas,0.0
2030,sc01,05-15 05:00:00+02:00,SynchronousCondenser,0.0
2030,sc01,05-15 05:00:00+02:00,Battery,0.0
2030,sc01,05-15 05:00:00+02:00,Solar,0.00021329999999999998
2030,sc01,05-15 05:00:00+02:00,OCGT,0.0
2030,sc01,05-15 06:00:00+02:00,CCGT,1.3748660768118575
2030,sc01,05-15 06:00:00+02:00,Wind,0.4191651
2030,sc01,05-15 06:00:00+02:00,Gas,0.0
2030,sc01,05-15 06:00:00+02:00,SynchronousCondenser,0.0
2030,sc01,05-15 06:00:00+02:00,Battery,0.0
2030,sc01,05-15 06:00:00+02:00,Solar,0.017503900000000003
2030,sc01,05-15 06:00:00+02:00,OCGT,0.0
2030,sc01,05-15 07:00:00+02:00,CCGT,1.3856253224957333
2030,sc01,05-15 07:00:00+02:00,Wind,0.4084316
2030,sc01,05-15 07:00:00+02:00,Gas,0.0
2030,sc01,05-15 07:00:00+02:00,SynchronousCondenser,0.0
2030,sc01,05-15 07:00:00+02:00,Battery,0.0
2030,sc01,05-15 07:00:00+02:00,Solar,0.0934925
2030,sc01,05-15 07:00:00+02:00,OCGT,0.0
2030,sc01,05-15 08:00:00+02:00,CCGT,1.3423481700422464
2030,sc01,05-15 08:00:00+02:00,Wind,0.4138307
2030,sc01,05-15 08:00:00+02:00,Gas,0.0
2030,sc01,05-15 08:00:00+02:00,SynchronousCondenser,0.0
2030,sc01,05-15 08:00:00+02:00,Battery,0.0
2030,sc01,05-15 08:00:00+02:00,Solar,0.18345760000000003
2030,sc01,05-15 08:00:00+02:00,OCGT,0.0
2030,sc01,05-15 09:00:00+02:00,CCGT,1.3197486267203895
2030,sc01,05-15 09:00:00+02:00,Wind,0.4302037
2030,sc01,05-15 09:00:00+02:00,Gas,0.0
2030,sc01,05-15 09:00:00+02:00,SynchronousCondenser,0.0
2030,sc01,05-15 09:00:00+02:00,Battery,0.0
2030,sc01,05-15 09:00:00+02:00,Solar,0.25571360000000004
2030,sc01,05-15 09:00:00+02:00,OCGT,0.0
2030,sc01,05-15 10:00:00+02:00,CCGT,1.3100522685079508
2030,sc01,05-15 10:00:00+02:00,Wind,0.44289635
2030,sc01,05-15 10:00:00+02:00,Gas,0.0
2030,sc01,05-15 10:00:00+02:00,SynchronousCondenser,0.0
2030,sc01,05-15 10:00:00+02:00,Battery,0.0
2030,sc01,05-15 10:00:00+02:00,Solar,0.30792149999999996
2030,sc01,05-15 10:00:00+02:00,OCGT,0.0
2030,sc01,05-15 11:00:00+02:00,CCGT,1.3461480765018696
2030,sc01,05-15 11:00:00+02:00,Wind,0.43183285
2030,sc01,05-15 11:00:00+02:00,Gas,0.0
2030,sc01,05-15 11:00:00+02:00,SynchronousCondenser,0.0
2030,sc01,05-15 11:00:00+02:00,Battery,0.0
2030,sc01,05-15 11:00:00+02:00,Solar,0.34008120000000003
2030,sc01,05-15 11:00:00+02:00,OCGT,0.0
2030,sc01,05-15 12:00:00+02:00,CCGT,1.3670243045641355
2030,sc01,05-15 12:00:00+02:00,Wind,0.43902525000000003
2030,sc01,05-15 12:00:00+02:00,Gas,0.0
2030,sc01,05-15 12:00:00+02:00,SynchronousCondenser,0.0
2030,sc01,05-15 12:00:00+02:00,Battery,0.0
2030,sc01,05-15 12:00:00+02:00,Solar,0.3538517
2030,sc01,05-15 12:00:00+02:00,OCGT,0.0
2030,sc01,05-15 13:00:00+02:00,CCGT,1.3811232762143875
2030,sc01,05-15 13:00:00+02:00,Wind,0.4561123
2030,sc01,05-15 13:00:00+02:00,Gas,0.0
2030,sc01,05-15 13:00:00+02:00,SynchronousCondenser,0.0
2030,sc01,05-15 13:00:00+02:00,Battery,0.0
2030,sc01,05-15 13:00:00+02:00,Solar,0.3521399
2030,sc01,05-15 13:00:00+02:00,OCGT,0.0
2030,sc01,05-15 14:00:00+02:00,CCGT,1.3822033846727297
2030,sc01,05-15 14:00:00+02:00,Wind,0.47264805000000004
2030,sc01,05-15 14:00:00+02:00,Gas,0.0
2030,sc01,05-15 14:00:00+02:00,SynchronousCondenser,0.0
2030,sc01,05-15 14:00:00+02:00,Battery,0.0
2030,sc01,05-15 14:00:00+02:00,Solar,0.3355983
2030,sc01,05-15 14:00:00+02:00,OCGT,0.0
2030,sc01,05-15 15:00:00+02:00,CCGT,1.4037589906444043
2030,sc01,05-15 15:00:00+02:00,Wind,0.48852905
2030,sc01,05-15 15:00:00+02:00,Gas,0.0
2030,sc01,05-15 15:00:00+02:00,SynchronousCondenser,0.0
2030,sc01,05-15 15:00:00+02:00,Battery,0.0
2030,sc01,05-15 15:00:00+02:00,Solar,0.3058872
2030,sc01,05-15 15:00:00+02:00,OCGT,0.0
2030,sc01,05-15 16:00:00+02:00,CCGT,1.4216396563553872
2030,sc01,05-15 16:00:00+02:00,Wind,0.50856535
2030,sc01,05-15 16:00:00+02:00,Gas,0.0
2030,sc01,05-15 16:00:00+02:00,SynchronousCondenser,0.0
2030,sc01,05-15 16:00:00+02:00,Battery,0.0
2030,sc01,05-15 16:00:00+02:00,Solar,0.26017640000000003
2030,sc01,05-15 16:00:00+02:00,OCGT,0.0
2030,sc01,05-15 17:00:00+02:00,CCGT,1.425457246831374
2030,sc01,05-15 17:00:00+02:00,Wind,0.53439155
2030,sc01,05-15 17:00:00+02:00,Gas,0.0
2030,sc01,05-15 17:00:00+02:00,SynchronousCondenser,0.0
2030,sc01,05-15 17:00:00+02:00,Battery,0.0
2030,sc01,05-15 17:00:00+02:00,Solar,0.1958027
2030,sc01,05-15 17:00:00+02:00,OCGT,0.0
2030,sc01,05-15 18:00:00+02:00,CCGT,1.4358535068867302
2030,sc01,05-15 18:00:00+02:00,Wind,0.5369031
2030,sc01,05-15 18:00:00+02:00,Gas,0.0
2030,sc01,05-15 18:00:00+02:00,SynchronousCondenser,0.0
2030,sc01,05-15 18:00:00+02:00,Battery,0.0
2030,sc01,05-15 18:00:00+02:00,Solar,0.1143378
2030,sc01,05-15 18:00:00+02:00,OCGT,0.02680092061141426
2030,sc01,05-15 19:00:00+02:00,CCGT,1.4485130246697
2030,sc01,05-15 19:00:00+02:00,Wind,0.5277939
2030,sc01,05-15 19:00:00+02:00,Gas,0.0
2030,sc01,05-15 19:00:00+02:00,SynchronousCondenser,0.0
2030,sc01,05-15 19:00:00+02:00,Battery,0.0
2030,sc01,05-15 19:00:00+02:00,Solar,0.035014
2030,sc01,05-15 19:00:00+02:00,OCGT,0.07385096027305049
2030,sc01,05-15 20:00:00+02:00,CCGT,1.4808604065599806
2030,sc01,05-15 20:00:00+02:00,Wind,0.5015408
2030,sc01,05-15 20:00:00+02:00,Gas,0.0
2030,sc01,05-15 20:00:00+02:00,SynchronousCondenser,0.0
2030,sc01,05-15 20:00:00+02:00,Battery,0.0
2030,sc01,05-15 20:00:00+02:00,Solar,0.0012163
2030,sc01,05-15 20:00:00+02:00,OCGT,0.06451656420202967
2030,sc01,05-15 21:00:00+02:00,CCGT,1.4735116243999806
2030,sc01,05-15 21:00:00+02:00,Wind,0.479296
2030,sc01,05-15 21:00:00+02:00,Gas,0.0
2030,sc01,05-15 21:00:00+02:00,SynchronousCondenser,0.0
2030,sc01,05-15 21:00:00+02:00,Battery,0.0
2030,sc01,05-15 21:00:00+02:00,Solar,0.0
2030,sc01,05-15 21:00:00+02:00,OCGT,0.013542229103794212
2030,sc01,05-15 22:00:00+02:00,CCGT,1.3918909443154002
2030,sc01,05-15 22:00:00+02:00,Wind,0.47871335
2030,sc01,05-15 22:00:00+02:00,Gas,0.0
2030,sc01,05-15 22:00:00+02:00,SynchronousCondenser,0.0
2030,sc01,05-15 22:00:00+02:00,Battery,0.0
2030,sc01,05-15 22:00:00+02:00,Solar,0.0
2030,sc01,05-15 22:00:00+02:00,OCGT,0.0
2030,sc01,05-15 23:00:00+02:00,CCGT,1.3042641431271822
2030,sc01,05-15 23:00:00+02:00,Wind,0.4708051
2030,sc01,05-15 23:00:00+02:00,Gas,0.0
2030,sc01,05-15 23:00:00+02:00,SynchronousCondenser,0.0
2030,sc01,05-15 23:00:00+02:00,Battery,0.0
2030,sc01,05-15 23:00:00+02:00,Solar,0.0
2030,sc01,05-15 23:00:00+02:00,OCGT,0.0
2030,sc01,06-03 00:00:00+02:00,CCGT,1.251545646819983
2030,sc01,06-03 00:00:00+02:00,Wind,0.20099108750000003
2030,sc01,06-03 00:00:00+02:00,Gas,0.0
2030,sc01,06-03 00:00:00+02:00,SynchronousCondenser,0.0
2030,sc01,06-03 00:00:00+02:00,Battery,0.0
2030,sc01,06-03 00:00:00+02:00,Solar,0.0
2030,sc01,06-03 00:00:00+02:00,OCGT,0.0008637983047653369
2030,sc01,06-03 01:00:00+02:00,CCGT,1.2260139862646828
2030,sc01,06-03 01:00:00+02:00,Wind,0.19890688125
2030,sc01,06-03 01:00:00+02:00,Gas,0.0
2030,sc01,06-03 01:00:00+02:00,SynchronousCondenser,0.0
2030,sc01,06-03 01:00:00+02:00,Battery,0.0
2030,sc01,06-03 01:00:00+02:00,Solar,0.0
2030,sc01,06-03 01:00:00+02:00,OCGT,0.0
2030,sc01,06-03 02:00:00+02:00,CCGT,1.2303115062029155
2030,sc01,06-03 02:00:00+02:00,Wind,0.18430195
2030,sc01,06-03 02:00:00+02:00,Gas,0.0
2030,sc01,06-03 02:00:00+02:00,SynchronousCondenser,0.0
2030,sc01,06-03 02:00:00+02:00,Battery,0.0
2030,sc01,06-03 02:00:00+02:00,Solar,0.0
2030,sc01,06-03 02:00:00+02:00,OCGT,0.0
2030,sc01,06-03 03:00:00+02:00,CCGT,1.235032373609983
2030,sc01,06-03 03:00:00+02:00,Wind,0.15705803750000003
2030,sc01,06-03 03:00:00+02:00,Gas,0.0
2030,sc01,06-03 03:00:00+02:00,SynchronousCondenser,0.0
2030,sc01,06-03 03:00:00+02:00,Battery,0.0
2030,sc01,06-03 03:00:00+02:00,Solar,0.0
2030,sc01,06-03 03:00:00+02:00,OCGT,0.020717404786530842
2030,sc01,06-03 04:00:00+02:00,CCGT,1.238165984719983
2030,sc01,06-03 04:00:00+02:00,Wind,0.13688119375000002
2030,sc01,06-03 04:00:00+02:00,Gas,0.0
2030,sc01,06-03 04:00:00+02:00,SynchronousCondenser,0.0
2030,sc01,06-03 04:00:00+02:00,Battery,0.0
2030,sc01,06-03 04:00:00+02:00,Solar,6.43125e-05
2030,sc01,06-03 04:00:00+02:00,OCGT,0.04311893386603144
2030,sc01,06-03 05:00:00+02:00,CCGT,1.255026584769983
2030,sc01,06-03 05:00:00+02:00,Wind,0.12334818125
2030,sc01,06-03 05:00:00+02:00,Gas,0.0
2030,sc01,06-03 05:00:00+02:00,SynchronousCondenser,0.0
2030,sc01,06-03 05:00:00+02:00,Battery,0.0
2030,sc01,06-03 05:00:00+02:00,Solar,0.0004810749999999999
2030,sc01,06-03 05:00:00+02:00,OCGT,0.07291575106992594
2030,sc01,06-03 06:00:00+02:00,CCGT,1.279801035939983
2030,sc01,06-03 06:00:00+02:00,Wind,0.11707565625
2030,sc01,06-03 06:00:00+02:00,Gas,0.0
2030,sc01,06-03 06:00:00+02:00,SynchronousCondenser,0.0
2030,sc01,06-03 06:00:00+02:00,Battery,0.0
2030,sc01,06-03 06:00:00+02:00,Solar,0.0178906
2030,sc01,06-03 06:00:00+02:00,OCGT,0.08669021834550328
2030,sc01,06-03 07:00:00+02:00,CCGT,1.306169976999983
2030,sc01,06-03 07:00:00+02:00,Wind,0.1081446625
2030,sc01,06-03 07:00:00+02:00,Gas,0.0
2030,sc01,06-03 07:00:00+02:00,SynchronousCondenser,0.0
2030,sc01,06-03 07:00:00+02:00,Battery,0.0
2030,sc01,06-03 07:00:00+02:00,Solar,0.07450625
2030,sc01,06-03 07:00:00+02:00,OCGT,0.07155262558883038
2030,sc01,06-03 08:00:00+02:00,CCGT,1.3085064605199832
2030,sc01,06-03 08:00:00+02:00,Wind,0.10672186875
2030,sc01,06-03 08:00:00+02:00,Gas,0.0
2030,sc01,06-03 08:00:00+02:00,SynchronousCondenser,0.0
2030,sc01,06-03 08:00:00+02:00,Battery,0.0
2030,sc01,06-03 08:00:00+02:00,Solar,0.1485043
2030,sc01,06-03 08:00:00+02:00,OCGT,0.04225741267640544
2030,sc01,06-03 09:00:00+02:00,CCGT,1.312886548329983
2030,sc01,06-03 09:00:00+02:00,Wind,0.11716845000000002
2030,sc01,06-03 09:00:00+02:00,Gas,0.0
2030,sc01,06-03 09:00:00+02:00,SynchronousCondenser,0.0
2030,sc01,06-03 09:00:00+02:00,Battery,0.0
2030,sc01,06-03 09:00:00+02:00,Solar,0.21455595
2030,sc01,06-03 09:00:00+02:00,OCGT,0.012140444698553937
2030,sc01,06-03 10:00:00+02:00,CCGT,1.320766560119983
2030,sc01,06-03 10:00:00+02:00,Wind,0.120260875
2030,sc01,06-03 10:00:00+02:00,Gas,0.0
2030,sc01,06-03 10:00:00+02:00,SynchronousCondenser,0.0
2030,sc01,06-03 10:00:00+02:00,Battery,0.0
2030,sc01,06-03 10:00:00+02:00,Solar,0.2589829375
2030,sc01,06-03 10:00:00+02:00,OCGT,0.005486848991846574
2030,sc01,06-03 11:00:00+02:00,CCGT,1.325622005889983
2030,sc01,06-03 11:00:00+02:00,Wind,0.12891029375000002
2030,sc01,06-03 11:00:00+02:00,Gas,0.0
2030,sc01,06-03 11:00:00+02:00,SynchronousCondenser,0.0
2030,sc01,06-03 11:00:00+02:00,Battery,0.0
2030,sc01,06-03 11:00:00+02:00,Solar,0.286421975
2030,sc01,06-03 11:00:00+02:00,OCGT,0.0071379126405993025
2030,sc01,06-03 12:00:00+02:00,CCGT,1.327836505659983
2030,sc01,06-03 12:00:00+02:00,Wind,0.1456371
2030,sc01,06-03 12:00:00+02:00,Gas,0.0
2030,sc01,06-03 12:00:00+02:00,SynchronousCondenser,0.0
2030,sc01,06-03 12:00:00+02:00,Battery,0.0
2030,sc01,06-03 12:00:00+02:00,Solar,0.29804775
2030,sc01,06-03 12:00:00+02:00,OCGT,0.014548501007613575
2030,sc01,06-03 13:00:00+02:00,CCGT,1.319654052149983
2030,sc01,06-03 13:00:00+02:00,Wind,0.1551892125
2030,sc01,06-03 13:00:00+02:00,Gas,0.0
2030,sc01,06-03 13:00:00+02:00,SynchronousCondenser,0.0
2030,sc01,06-03 13:00:00+02:00,Battery,0.0
2030,sc01,06-03 13:00:00+02:00,Solar,0.29471837500000003
2030,sc01,06-03 13:00:00+02:00,OCGT,0.03466458793646998
2030,sc01,06-03 14:00:00+02:00,CCGT,1.3141886536099832
2030,sc01,06-03 14:00:00+02:00,Wind,0.1704269875
2030,sc01,06-03 14:00:00+02:00,Gas,0.0
2030,sc01,06-03 14:00:00+02:00,SynchronousCondenser,0.0
2030,sc01,06-03 14:00:00+02:00,Battery,0.0
2030,sc01,06-03 14:00:00+02:00,Solar,0.276231025
2030,sc01,06-03 14:00:00+02:00,OCGT,0.05487625981301267
2030,sc01,06-03 15:00:00+02:00,CCGT,1.3164140004399831
2030,sc01,06-03 15:00:00+02:00,Wind,0.1811733
2030,sc01,06-03 15:00:00+02:00,Gas,0.0
2030,sc01,06-03 15:00:00+02:00,SynchronousCondenser,0.0
2030,sc01,06-03 15:00:00+02:00,Battery,0.0
2030,sc01,06-03 15:00:00+02:00,Solar,0.24275667499999998
2030,sc01,06-03 15:00:00+02:00,OCGT,0.08730265933187875
2030,sc01,06-03 16:00:00+02:00,CCGT,1.319153905369983
2030,sc01,06-03 16:00:00+02:00,Wind,0.17877842500000002
2030,sc01,06-03 16:00:00+02:00,Gas,0.0
2030,sc01,06-03 16:00:00+02:00,SynchronousCondenser,0.0
2030,sc01,06-03 16:00:00+02:00,Battery,0.0
2030,sc01,06-03 16:00:00+02:00,Solar,0.19864923750000002
2030,sc01,06-03 16:00:00+02:00,OCGT,0.13416527384756508
2030,sc01,06-03 17:00:00+02:00,CCGT,1.318084646059983
2030,sc01,06-03 17:00:00+02:00,Wind,0.1814999375
2030,sc01,06-03 17:00:00+02:00,Gas,0.0
2030,sc01,06-03 17:00:00+02:00,SynchronousCondenser,0.0
2030,sc01,06-03 17:00:00+02:00,Battery,0.0
2030,sc01,06-03 17:00:00+02:00,Solar,0.1469958
2030,sc01,06-03 17:00:00+02:00,OCGT,0.1569572021853939
2030,sc01,06-03 18:00:00+02:00,CCGT,1.311919200829983
2030,sc01,06-03 18:00:00+02:00,Wind,0.19004409375
2030,sc01,06-03 18:00:00+02:00,Gas,0.0
2030,sc01,06-03 18:00:00+02:00,SynchronousCondenser,0.0
2030,sc01,06-03 18:00:00+02:00,Battery,0.0
2030,sc01,06-03 18:00:00+02:00,Solar,0.089332075
2030,sc01,06-03 18:00:00+02:00,OCGT,0.17119565862140035
2030,sc01,06-03 19:00:00+02:00,CCGT,1.311424475689983
2030,sc01,06-03 19:00:00+02:00,Wind,0.20140605625
2030,sc01,06-03 19:00:00+02:00,Gas,0.0
2030,sc01,06-03 19:00:00+02:00,SynchronousCondenser,0.0
2030,sc01,06-03 19:00:00+02:00,Battery,0.0
2030,sc01,06-03 19:00:00+02:00,Solar,0.0312372375
2030,sc01,06-03 19:00:00+02:00,OCGT,0.19669056539646174
2030,sc01,06-03 20:00:00+02:00,CCGT,1.318260230489983
2030,sc01,06-03 20:00:00+02:00,Wind,0.20872875624999998
2030,sc01,06-03 20:00:00+02:00,Gas,0.0
2030,sc01,06-03 20:00:00+02:00,SynchronousCondenser,0.0
2030,sc01,06-03 20:00:00+02:00,Battery,0.0
2030,sc01,06-03 20:00:00+02:00,Solar,0.002046625
2030,sc01,06-03 20:00:00+02:00,OCGT,0.18438244832221967
2030,sc01,06-03 21:00:00+02:00,CCGT,1.3136947288499832
2030,sc01,06-03 21:00:00+02:00,Wind,0.21772253125000002
2030,sc01,06-03 21:00:00+02:00,Gas,0.0
2030,sc01,06-03 21:00:00+02:00,SynchronousCondenser,0.0
2030,sc01,06-03 21:00:00+02:00,Battery,0.0
2030,sc01,06-03 21:00:00+02:00,Solar,0.0
2030,sc01,06-03 21:00:00+02:00,OCGT,0.11527689672817458
2030,sc01,06-03 22:00:00+02:00,CCGT,1.289101967019983
2030,sc01,06-03 22:00:00+02:00,Wind,0.22618194375
2030,sc01,06-03 22:00:00+02:00,Gas,0.0
2030,sc01,06-03 22:00:00+02:00,SynchronousCondenser,0.0
2030,sc01,06-03 22:00:00+02:00,Battery,0.0
2030,sc01,06-03 22:00:00+02:00,Solar,0.0
2030,sc01,06-03 22:00:00+02:00,OCGT,0.05471272515016194
2030,sc01,06-03 23:00:00+02:00,CCGT,1.2725728094799829
2030,sc01,06-03 23:00:00+02:00,Wind,0.21490065625000002
2030,sc01,06-03 23:00:00+02:00,Gas,0.0
2030,sc01,06-03 23:00:00+02:00,SynchronousCondenser,0.0
2030,sc01,06-03 23:00:00+02:00,Battery,0.0
2030,sc01,06-03 23:00:00+02:00,Solar,0.0
2030,sc01,06-03 23:00:00+02:00,OCGT,0.03211843633480524
2030,sc01,06-06 00:00:00+02:00,CCGT,0.7172629725199903
2030,sc01,06-06 00:00:00+02:00,Wind,0.14735167500000002
2030,sc01,06-06 00:00:00+02:00,Gas,0.0
2030,sc01,06-06 00:00:00+02:00,SynchronousCondenser,0.0
2030,sc01,06-06 00:00:00+02:00,Battery,0.0
2030,sc01,06-06 00:00:00+02:00,Solar,0.0
2030,sc01,06-06 00:00:00+02:00,OCGT,0.014725433717136333
2030,sc01,06-06 01:00:00+02:00,CCGT,0.7092791730467645
2030,sc01,06-06 01:00:00+02:00,Wind,0.14839982499999999
2030,sc01,06-06 01:00:00+02:00,Gas,0.0
2030,sc01,06-06 01:00:00+02:00,SynchronousCondenser,0.0
2030,sc01,06-06 01:00:00+02:00,Battery,0.0
2030,sc01,06-06 01:00:00+02:00,Solar,0.0
2030,sc01,06-06 01:00:00+02:00,OCGT,0.0
2030,sc01,06-06 02:00:00+02:00,CCGT,0.6975363338699311
2030,sc01,06-06 02:00:00+02:00,Wind,0.147929225
2030,sc01,06-06 02:00:00+02:00,Gas,0.0
2030,sc01,06-06 02:00:00+02:00,SynchronousCondenser,0.0
2030,sc01,06-06 02:00:00+02:00,Battery,0.0
2030,sc01,06-06 02:00:00+02:00,Solar,0.0
2030,sc01,06-06 02:00:00+02:00,OCGT,0.0
2030,sc01,06-06 03:00:00+02:00,CCGT,0.6978842887899463
2030,sc01,06-06 03:00:00+02:00,Wind,0.14477465
2030,sc01,06-06 03:00:00+02:00,Gas,0.0
2030,sc01,06-06 03:00:00+02:00,SynchronousCondenser,0.0
2030,sc01,06-06 03:00:00+02:00,Battery,0.0
2030,sc01,06-06 03:00:00+02:00,Solar,0.0
2030,sc01,06-06 03:00:00+02:00,OCGT,0.0
2030,sc01,06-06 04:00:00+02:00,CCGT,0.7014565139999903
2030,sc01,06-06 04:00:00+02:00,Wind,0.142888925
2030,sc01,06-06 04:00:00+02:00,Gas,0.0
2030,sc01,06-06 04:00:00+02:00,SynchronousCondenser,0.0
2030,sc01,06-06 04:00:00+02:00,Battery,0.0
2030,sc01,06-06 04:00:00+02:00,Solar,3.26e-05
2030,sc01,06-06 04:00:00+02:00,OCGT,0.0012577118531458265
2030,sc01,06-06 05:00:00+02:00,CCGT,0.7020516791999903
2030,sc01,06-06 05:00:00+02:00,Wind,0.13852920000000002
2030,sc01,06-06 05:00:00+02:00,Gas,0.0
2030,sc01,06-06 05:00:00+02:00,SynchronousCondenser,0.0
2030,sc01,06-06 05:00:00+02:00,Battery,0.0
2030,sc01,06-06 05:00:00+02:00,Solar,0.0004045
2030,sc01,06-06 05:00:00+02:00,OCGT,0.023316058766506637
2030,sc01,06-06 06:00:00+02:00,CCGT,0.7039666135199903
2030,sc01,06-06 06:00:00+02:00,Wind,0.1371567
2030,sc01,06-06 06:00:00+02:00,Gas,0.0
2030,sc01,06-06 06:00:00+02:00,SynchronousCondenser,0.0
2030,sc01,06-06 06:00:00+02:00,Battery,0.0
2030,sc01,06-06 06:00:00+02:00,Solar,0.0126274
2030,sc01,06-06 06:00:00+02:00,OCGT,0.04143713952991837
2030,sc01,06-06 07:00:00+02:00,CCGT,0.7134306767999903
2030,sc01,06-06 07:00:00+02:00,Wind,0.12992035000000002
2030,sc01,06-06 07:00:00+02:00,Gas,0.0
2030,sc01,06-06 07:00:00+02:00,SynchronousCondenser,0.0
2030,sc01,06-06 07:00:00+02:00,Battery,0.0
2030,sc01,06-06 07:00:00+02:00,Solar,0.04775375
2030,sc01,06-06 07:00:00+02:00,OCGT,0.052028310639030295
2030,sc01,06-06 08:00:00+02:00,CCGT,0.7246796971199903
2030,sc01,06-06 08:00:00+02:00,Wind,0.12027442499999999
2030,sc01,06-06 08:00:00+02:00,Gas,0.0
2030,sc01,06-06 08:00:00+02:00,SynchronousCondenser,0.0
2030,sc01,06-06 08:00:00+02:00,Battery,0.0
2030,sc01,06-06 08:00:00+02:00,Solar,0.08832305
2030,sc01,06-06 08:00:00+02:00,OCGT,0.05786017764491369
2030,sc01,06-06 09:00:00+02:00,CCGT,0.7318607967199903
2030,sc01,06-06 09:00:00+02:00,Wind,0.112576275
2030,sc01,06-06 09:00:00+02:00,Gas,0.0
2030,sc01,06-06 09:00:00+02:00,SynchronousCondenser,0.0
2030,sc01,06-06 09:00:00+02:00,Battery,0.0
2030,sc01,06-06 09:00:00+02:00,Solar,0.12259765
2030,sc01,06-06 09:00:00+02:00,OCGT,0.07481497772676433
2030,sc01,06-06 10:00:00+02:00,CCGT,0.7353498152399903
2030,sc01,06-06 10:00:00+02:00,Wind,0.111688225
2030,sc01,06-06 10:00:00+02:00,Gas,0.0
2030,sc01,06-06 10:00:00+02:00,SynchronousCondenser,0.0
2030,sc01,06-06 10:00:00+02:00,Battery,0.0
2030,sc01,06-06 10:00:00+02:00,Solar,0.14681200000000003
2030,sc01,06-06 10:00:00+02:00,OCGT,0.08811721949948403
2030,sc01,06-06 11:00:00+02:00,CCGT,0.7363089035999903
2030,sc01,06-06 11:00:00+02:00,Wind,0.11202097500000001
2030,sc01,06-06 11:00:00+02:00,Gas,0.0
2030,sc01,06-06 11:00:00+02:00,SynchronousCondenser,0.0
2030,sc01,06-06 11:00:00+02:00,Battery,0.0
2030,sc01,06-06 11:00:00+02:00,Solar,0.1620503
2030,sc01,06-06 11:00:00+02:00,OCGT,0.1017603034609986
2030,sc01,06-06 12:00:00+02:00,CCGT,0.7380555067199903
2030,sc01,06-06 12:00:00+02:00,Wind,0.11299687500000001
2030,sc01,06-06 12:00:00+02:00,Gas,0.0
2030,sc01,06-06 12:00:00+02:00,SynchronousCondenser,0.0
2030,sc01,06-06 12:00:00+02:00,Battery,0.0
2030,sc01,06-06 12:00:00+02:00,Solar,0.168958
2030,sc01,06-06 12:00:00+02:00,OCGT,0.11493869328595219
2030,sc01,06-06 13:00:00+02:00,CCGT,0.7340774485199903
2030,sc01,06-06 13:00:00+02:00,Wind,0.11426552499999999
2030,sc01,06-06 13:00:00+02:00,Gas,0.0
2030,sc01,06-06 13:00:00+02:00,SynchronousCondenser,0.0
2030,sc01,06-06 13:00:00+02:00,Battery,0.0
2030,sc01,06-06 13:00:00+02:00,Solar,0.16667255
2030,sc01,06-06 13:00:00+02:00,OCGT,0.1335126469959023
2030,sc01,06-06 14:00:00+02:00,CCGT,0.7279622316399903
2030,sc01,06-06 14:00:00+02:00,Wind,0.119015625
2030,sc01,06-06 14:00:00+02:00,Gas,0.0
2030,sc01,06-06 14:00:00+02:00,SynchronousCondenser,0.0
2030,sc01,06-06 14:00:00+02:00,Battery,0.0
2030,sc01,06-06 14:00:00+02:00,Solar,0.15679405
2030,sc01,06-06 14:00:00+02:00,OCGT,0.15499686799215567
2030,sc01,06-06 15:00:00+02:00,CCGT,0.7234453165999903
2030,sc01,06-06 15:00:00+02:00,Wind,0.130435375
2030,sc01,06-06 15:00:00+02:00,Gas,0.0
2030,sc01,06-06 15:00:00+02:00,SynchronousCondenser,0.0
2030,sc01,06-06 15:00:00+02:00,Battery,0.0
2030,sc01,06-06 15:00:00+02:00,Solar,0.14053785
2030,sc01,06-06 15:00:00+02:00,OCGT,0.16747807721581257
2030,sc01,06-06 16:00:00+02:00,CCGT,0.7231977341599903
2030,sc01,06-06 16:00:00+02:00,Wind,0.144331
2030,sc01,06-06 16:00:00+02:00,Gas,0.0
2030,sc01,06-06 16:00:00+02:00,SynchronousCondenser,0.0
2030,sc01,06-06 16:00:00+02:00,Battery,0.0
2030,sc01,06-06 16:00:00+02:00,Solar,0.11783855
2030,sc01,06-06 16:00:00+02:00,OCGT,0.17027378222767442
2030,sc01,06-06 17:00:00+02:00,CCGT,0.7244958430399904
2030,sc01,06-06 17:00:00+02:00,Wind,0.164076675
2030,sc01,06-06 17:00:00+02:00,Gas,0.0
2030,sc01,06-06 17:00:00+02:00,SynchronousCondenser,0.0
2030,sc01,06-06 17:00:00+02:00,Battery,0.0
2030,sc01,06-06 17:00:00+02:00,Solar,0.087123
2030,sc01,06-06 17:00:00+02:00,OCGT,0.16372136506156088
2030,sc01,06-06 18:00:00+02:00,CCGT,0.7277023098399903
2030,sc01,06-06 18:00:00+02:00,Wind,0.169605425
2030,sc01,06-06 18:00:00+02:00,Gas,0.0
2030,sc01,06-06 18:00:00+02:00,SynchronousCondenser,0.0
2030,sc01,06-06 18:00:00+02:00,Battery,0.0
2030,sc01,06-06 18:00:00+02:00,Solar,0.0517106
2030,sc01,06-06 18:00:00+02:00,OCGT,0.16732768895485808
2030,sc01,06-06 19:00:00+02:00,CCGT,0.7313029466399903
2030,sc01,06-06 19:00:00+02:00,Wind,0.17233385
2030,sc01,06-06 19:00:00+02:00,Gas,0.0
2030,sc01,06-06 19:00:00+02:00,SynchronousCondenser,0.0
2030,sc01,06-06 19:00:00+02:00,Battery,0.0
2030,sc01,06-06 19:00:00+02:00,Solar,0.019038
2030,sc01,06-06 19:00:00+02:00,OCGT,0.1807131632539794
2030,sc01,06-06 20:00:00+02:00,CCGT,0.7352394958399903
2030,sc01,06-06 20:00:00+02:00,Wind,0.17885305
2030,sc01,06-06 20:00:00+02:00,Gas,0.0
2030,sc01,06-06 20:00:00+02:00,SynchronousCondenser,0.0
2030,sc01,06-06 20:00:00+02:00,Battery,0.0
2030,sc01,06-06 20:00:00+02:00,Solar,0.0011377
2030,sc01,06-06 20:00:00+02:00,OCGT,0.16956848356162152
2030,sc01,06-06 21:00:00+02:00,CCGT,0.7361254133199903
2030,sc01,06-06 21:00:00+02:00,Wind,0.1871438
2030,sc01,06-06 21:00:00+02:00,Gas,0.0
2030,sc01,06-06 21:00:00+02:00,SynchronousCondenser,0.0
2030,sc01,06-06 21:00:00+02:00,Battery,0.0
2030,sc01,06-06 21:00:00+02:00,Solar,0.0
2030,sc01,06-06 21:00:00+02:00,OCGT,0.126984778582955
2030,sc01,06-06 22:00:00+02:00,CCGT,0.7275460437599903
2030,sc01,06-06 22:00:00+02:00,Wind,0.19489955
2030,sc01,06-06 22:00:00+02:00,Gas,0.0
2030,sc01,06-06 22:00:00+02:00,SynchronousCondenser,0.0
2030,sc01,06-06 22:00:00+02:00,Battery,0.0
2030,sc01,06-06 22:00:00+02:00,Solar,0.0
2030,sc01,06-06 22:00:00+02:00,OCGT,0.07329254480214933
2030,sc01,06-06 23:00:00+02:00,CCGT,0.7179290175599903
2030,sc01,06-06 23:00:00+02:00,Wind,0.1848572
2030,sc01,06-06 23:00:00+02:00,Gas,0.0
2030,sc01,06-06 23:00:00+02:00,SynchronousCondenser,0.0
2030,sc01,06-06 23:00:00+02:00,Battery,0.0
2030,sc01,06-06 23:00:00+02:00,Solar,0.0
2030,sc01,06-06 23:00:00+02:00,OCGT,0.04141811203212287
2030,sc01,06-10 00:00:00+02:00,CCGT,12.631750142899831
2030,sc01,06-10 00:00:00+02:00,Wind,1.5690898125
2030,sc01,06-10 00:00:00+02:00,Gas,0.0
2030,sc01,06-10 00:00:00+02:00,SynchronousCondenser,0.0
2030,sc01,06-10 00:00:00+02:00,Battery,0.0
2030,sc01,06-10 00:00:00+02:00,Solar,0.0
2030,sc01,06-10 00:00:00+02:00,OCGT,1.9227856596548596
2030,sc01,06-10 01:00:00+02:00,CCGT,12.50746092889983
2030,sc01,06-10 01:00:00+02:00,Wind,1.6623118749999999
2030,sc01,06-10 01:00:00+02:00,Gas,0.0
2030,sc01,06-10 01:00:00+02:00,SynchronousCondenser,0.0
2030,sc01,06-10 01:00:00+02:00,Battery,0.0
2030,sc01,06-10 01:00:00+02:00,Solar,0.0
2030,sc01,06-10 01:00:00+02:00,OCGT,1.6163750562302401
2030,sc01,06-10 02:00:00+02:00,CCGT,12.46512435979983
2030,sc01,06-10 02:00:00+02:00,Wind,1.7903808124999998
2030,sc01,06-10 02:00:00+02:00,Gas,0.0
2030,sc01,06-10 02:00:00+02:00,SynchronousCondenser,0.0
2030,sc01,06-10 02:00:00+02:00,Battery,0.0
2030,sc01,06-10 02:00:00+02:00,Solar,0.0
2030,sc01,06-10 02:00:00+02:00,OCGT,1.2966605050047446
2030,sc01,06-10 03:00:00+02:00,CCGT,12.458183836699831
2030,sc01,06-10 03:00:00+02:00,Wind,1.7825530625
2030,sc01,06-10 03:00:00+02:00,Gas,0.0
2030,sc01,06-10 03:00:00+02:00,SynchronousCondenser,0.0
2030,sc01,06-10 03:00:00+02:00,Battery,0.0
2030,sc01,06-10 03:00:00+02:00,Solar,0.0
2030,sc01,06-10 03:00:00+02:00,OCGT,1.250189956761137
2030,sc01,06-10 04:00:00+02:00,CCGT,12.47592531359983
2030,sc01,06-10 04:00:00+02:00,Wind,1.972473125
2030,sc01,06-10 04:00:00+02:00,Gas,0.0
2030,sc01,06-10 04:00:00+02:00,SynchronousCondenser,0.0
2030,sc01,06-10 04:00:00+02:00,Battery,0.0
2030,sc01,06-10 04:00:00+02:00,Solar,0.000405125
2030,sc01,06-10 04:00:00+02:00,OCGT,1.103110968362071
2030,sc01,06-10 05:00:00+02:00,CCGT,12.62125954529983
2030,sc01,06-10 05:00:00+02:00,Wind,1.9610259375
2030,sc01,06-10 05:00:00+02:00,Gas,0.0
2030,sc01,06-10 05:00:00+02:00,SynchronousCondenser,0.0
2030,sc01,06-10 05:00:00+02:00,Battery,0.0
2030,sc01,06-10 05:00:00+02:00,Solar,0.0031263750000000002
2030,sc01,06-10 05:00:00+02:00,OCGT,1.2641052778415678
2030,sc01,06-10 06:00:00+02:00,CCGT,12.89449535709983
2030,sc01,06-10 06:00:00+02:00,Wind,1.9132640625000001
2030,sc01,06-10 06:00:00+02:00,Gas,0.0
2030,sc01,06-10 06:00:00+02:00,SynchronousCondenser,0.0
2030,sc01,06-10 06:00:00+02:00,Battery,0.0
2030,sc01,06-10 06:00:00+02:00,Solar,0.088808125
2030,sc01,06-10 06:00:00+02:00,OCGT,1.5501459807404598
2030,sc01,06-10 07:00:00+02:00,CCGT,13.16784902859983
2030,sc01,06-10 07:00:00+02:00,Wind,1.9611729375
2030,sc01,06-10 07:00:00+02:00,Gas,0.0
2030,sc01,06-10 07:00:00+02:00,SynchronousCondenser,0.0
2030,sc01,06-10 07:00:00+02:00,Battery,0.0
2030,sc01,06-10 07:00:00+02:00,Solar,0.45936275000000004
2030,sc01,06-10 07:00:00+02:00,OCGT,1.4772779464241366
2030,sc01,06-10 08:00:00+02:00,CCGT,13.27319218889983
2030,sc01,06-10 08:00:00+02:00,Wind,1.9973716875
2030,sc01,06-10 08:00:00+02:00,Gas,0.0
2030,sc01,06-10 08:00:00+02:00,SynchronousCondenser,0.0
2030,sc01,06-10 08:00:00+02:00,Battery,0.0
2030,sc01,06-10 08:00:00+02:00,Solar,0.9756180000000001
2030,sc01,06-10 08:00:00+02:00,OCGT,1.450499226212801
2030,sc01,06-10 09:00:00+02:00,CCGT,13.37054518519983
2030,sc01,06-10 09:00:00+02:00,Wind,1.9831813750000002
2030,sc01,06-10 09:00:00+02:00,Gas,0.0
2030,sc01,06-10 09:00:00+02:00,SynchronousCondenser,0.0
2030,sc01,06-10 09:00:00+02:00,Battery,0.0
2030,sc01,06-10 09:00:00+02:00,Solar,1.40423325
2030,sc01,06-10 09:00:00+02:00,OCGT,1.6354232878843278
2030,sc01,06-10 10:00:00+02:00,CCGT,13.42300909529983
2030,sc01,06-10 10:00:00+02:00,Wind,2.0753919375
2030,sc01,06-10 10:00:00+02:00,Gas,0.0
2030,sc01,06-10 10:00:00+02:00,SynchronousCondenser,0.0
2030,sc01,06-10 10:00:00+02:00,Battery,0.0
2030,sc01,06-10 10:00:00+02:00,Solar,1.8097187499999998
2030,sc01,06-10 10:00:00+02:00,OCGT,1.6868763039990862
2030,sc01,06-10 11:00:00+02:00,CCGT,13.458481738099831
2030,sc01,06-10 11:00:00+02:00,Wind,2.2538823124999996
2030,sc01,06-10 11:00:00+02:00,Gas,0.0
2030,sc01,06-10 11:00:00+02:00,SynchronousCondenser,0.0
2030,sc01,06-10 11:00:00+02:00,Battery,0.0
2030,sc01,06-10 11:00:00+02:00,Solar,2.1025996250000003
2030,sc01,06-10 11:00:00+02:00,OCGT,1.5376755810021856
2030,sc01,06-10 12:00:00+02:00,CCGT,13.45510082279983
2030,sc01,06-10 12:00:00+02:00,Wind,2.3089486874999996
2030,sc01,06-10 12:00:00+02:00,Gas,0.0
2030,sc01,06-10 12:00:00+02:00,SynchronousCondenser,0.0
2030,sc01,06-10 12:00:00+02:00,Battery,0.0
2030,sc01,06-10 12:00:00+02:00,Solar,2.264681125
2030,sc01,06-10 12:00:00+02:00,OCGT,1.59505724583048
2030,sc01,06-10 13:00:00+02:00,CCGT,13.33627807889983
2030,sc01,06-10 13:00:00+02:00,Wind,2.3398707499999998
2030,sc01,06-10 13:00:00+02:00,Gas,0.0
2030,sc01,06-10 13:00:00+02:00,SynchronousCondenser,0.0
2030,sc01,06-10 13:00:00+02:00,Battery,0.0
2030,sc01,06-10 13:00:00+02:00,Solar,2.22549425
2030,sc01,06-10 13:00:00+02:00,OCGT,1.784074354514555
2030,sc01,06-10 14:00:00+02:00,CCGT,13.25826046719983
2030,sc01,06-10 14:00:00+02:00,Wind,2.404675
2030,sc01,06-10 14:00:00+02:00,Gas,0.0
2030,sc01,06-10 14:00:00+02:00,SynchronousCondenser,0.0
2030,sc01,06-10 14:00:00+02:00,Battery,0.0
2030,sc01,06-10 14:00:00+02:00,Solar,2.0440813749999998
2030,sc01,06-10 14:00:00+02:00,OCGT,2.1467607722834723
2030,sc01,06-10 15:00:00+02:00,CCGT,13.28782902999983
2030,sc01,06-10 15:00:00+02:00,Wind,2.4411205000000002
2030,sc01,06-10 15:00:00+02:00,Gas,0.0
2030,sc01,06-10 15:00:00+02:00,SynchronousCondenser,0.0
2030,sc01,06-10 15:00:00+02:00,Battery,0.0
2030,sc01,06-10 15:00:00+02:00,Solar,1.840442625
2030,sc01,06-10 15:00:00+02:00,OCGT,2.442199298135722
2030,sc01,06-10 16:00:00+02:00,CCGT,13.327600706699831
2030,sc01,06-10 16:00:00+02:00,Wind,2.3786166250000003
2030,sc01,06-10 16:00:00+02:00,Gas,0.0
2030,sc01,06-10 16:00:00+02:00,SynchronousCondenser,0.0
2030,sc01,06-10 16:00:00+02:00,Battery,0.0
2030,sc01,06-10 16:00:00+02:00,Solar,1.49128
2030,sc01,06-10 16:00:00+02:00,OCGT,2.6906814925847415
2030,sc01,06-10 17:00:00+02:00,CCGT,13.301101530499832
2030,sc01,06-10 17:00:00+02:00,Wind,2.3684758125000003
2030,sc01,06-10 17:00:00+02:00,Gas,0.0
2030,sc01,06-10 17:00:00+02:00,SynchronousCondenser,0.0
2030,sc01,06-10 17:00:00+02:00,Battery,0.0
2030,sc01,06-10 17:00:00+02:00,Solar,1.028645625
2030,sc01,06-10 17:00:00+02:00,OCGT,2.711439267363028
2030,sc01,06-10 18:00:00+02:00,CCGT,13.24729305759983
2030,sc01,06-10 18:00:00+02:00,Wind,2.1026976250000002
2030,sc01,06-10 18:00:00+02:00,Gas,0.0
2030,sc01,06-10 18:00:00+02:00,SynchronousCondenser,0.0
2030,sc01,06-10 18:00:00+02:00,Battery,0.0
2030,sc01,06-10 18:00:00+02:00,Solar,0.5456403750000001
2030,sc01,06-10 18:00:00+02:00,OCGT,3.144021908204662
2030,sc01,06-10 19:00:00+02:00,CCGT,13.23302331609983
2030,sc01,06-10 19:00:00+02:00,Wind,1.82434
2030,sc01,06-10 19:00:00+02:00,Gas,0.0
2030,sc01,06-10 19:00:00+02:00,SynchronousCondenser,0.0
2030,sc01,06-10 19:00:00+02:00,Battery,0.0
2030,sc01,06-10 19:00:00+02:00,Solar,0.192962
2030,sc01,06-10 19:00:00+02:00,OCGT,3.5448825081459274
2030,sc01,06-10 20:00:00+02:00,CCGT,13.24923286049983
2030,sc01,06-10 20:00:00+02:00,Wind,1.7559556875000002
2030,sc01,06-10 20:00:00+02:00,Gas,0.0
2030,sc01,06-10 20:00:00+02:00,SynchronousCondenser,0.0
2030,sc01,06-10 20:00:00+02:00,Battery,0.0
2030,sc01,06-10 20:00:00+02:00,Solar,0.014693875
2030,sc01,06-10 20:00:00+02:00,OCGT,3.4863955097565875
2030,sc01,06-10 21:00:00+02:00,CCGT,13.18318683989983
2030,sc01,06-10 21:00:00+02:00,Wind,1.8391961875000002
2030,sc01,06-10 21:00:00+02:00,Gas,0.0
2030,sc01,06-10 21:00:00+02:00,SynchronousCondenser,0.0
2030,sc01,06-10 21:00:00+02:00,Battery,0.0
2030,sc01,06-10 21:00:00+02:00,Solar,0.0
2030,sc01,06-10 21:00:00+02:00,OCGT,2.722376052896026
2030,sc01,06-10 22:00:00+02:00,CCGT,12.93768146019983
2030,sc01,06-10 22:00:00+02:00,Wind,1.9296344375000003
2030,sc01,06-10 22:00:00+02:00,Gas,0.0
2030,sc01,06-10 22:00:00+02:00,SynchronousCondenser,0.0
2030,sc01,06-10 22:00:00+02:00,Battery,0.0
2030,sc01,06-10 22:00:00+02:00,Solar,0.0
2030,sc01,06-10 22:00:00+02:00,OCGT,2.068627854585494
2030,sc01,06-10 23:00:00+02:00,CCGT,12.78424617469983
2030,sc01,06-10 23:00:00+02:00,Wind,1.866934125
2030,sc01,06-10 23:00:00+02:00,Gas,0.0
2030,sc01,06-10 23:00:00+02:00,SynchronousCondenser,0.0
2030,sc01,06-10 23:00:00+02:00,Battery,0.0
2030,sc01,06-10 23:00:00+02:00,Solar,0.0
2030,sc01,06-10 23:00:00+02:00,OCGT,1.6604088389345586
2030,sc01,06-16 00:00:00+02:00,CCGT,1.0659364801799855
2030,sc01,06-16 00:00:00+02:00,Wind,0.1908921375
2030,sc01,06-16 00:00:00+02:00,Gas,0.0
2030,sc01,06-16 00:00:00+02:00,SynchronousCondenser,0.0
2030,sc01,06-16 00:00:00+02:00,Battery,0.0
2030,sc01,06-16 00:00:00+02:00,Solar,0.0
2030,sc01,06-16 00:00:00+02:00,OCGT,0.03643562046505039
2030,sc01,06-16 01:00:00+02:00,CCGT,1.0572233572199854
2030,sc01,06-16 01:00:00+02:00,Wind,0.1868290125
2030,sc01,06-16 01:00:00+02:00,Gas,0.0
2030,sc01,06-16 01:00:00+02:00,SynchronousCondenser,0.0
2030,sc01,06-16 01:00:00+02:00,Battery,0.0
2030,sc01,06-16 01:00:00+02:00,Solar,0.0
2030,sc01,06-16 01:00:00+02:00,OCGT,0.019523172213509313
2030,sc01,06-16 02:00:00+02:00,CCGT,1.0543792411199855
2030,sc01,06-16 02:00:00+02:00,Wind,0.1810599
2030,sc01,06-16 02:00:00+02:00,Gas,0.0
2030,sc01,06-16 02:00:00+02:00,SynchronousCondenser,0.0
2030,sc01,06-16 02:00:00+02:00,Battery,0.0
2030,sc01,06-16 02:00:00+02:00,Solar,0.0
2030,sc01,06-16 02:00:00+02:00,OCGT,0.011982711102320312
2030,sc01,06-16 03:00:00+02:00,CCGT,1.0534288248599855
2030,sc01,06-16 03:00:00+02:00,Wind,0.18558802500000002
2030,sc01,06-16 03:00:00+02:00,Gas,0.0
2030,sc01,06-16 03:00:00+02:00,SynchronousCondenser,0.0
2030,sc01,06-16 03:00:00+02:00,Battery,0.0
2030,sc01,06-16 03:00:00+02:00,Solar,0.0
2030,sc01,06-16 03:00:00+02:00,OCGT,0.009247191084591086
2030,sc01,06-16 04:00:00+02:00,CCGT,1.0562576031599855
2030,sc01,06-16 04:00:00+02:00,Wind,0.19193591250000003
2030,sc01,06-16 04:00:00+02:00,Gas,0.0
2030,sc01,06-16 04:00:00+02:00,SynchronousCondenser,0.0
2030,sc01,06-16 04:00:00+02:00,Battery,0.0
2030,sc01,06-16 04:00:00+02:00,Solar,5.5799999999999994e-05
2030,sc01,06-16 04:00:00+02:00,OCGT,0.00523349837301082
2030,sc01,06-16 05:00:00+02:00,CCGT,1.0705619908199855
2030,sc01,06-16 05:00:00+02:00,Wind,0.19656948749999997
2030,sc01,06-16 05:00:00+02:00,Gas,0.0
2030,sc01,06-16 05:00:00+02:00,SynchronousCondenser,0.0
2030,sc01,06-16 05:00:00+02:00,Battery,0.0
2030,sc01,06-16 05:00:00+02:00,Solar,0.000324075
2030,sc01,06-16 05:00:00+02:00,OCGT,0.018905633426952173
2030,sc01,06-16 06:00:00+02:00,CCGT,1.0909564465799855
2030,sc01,06-16 06:00:00+02:00,Wind,0.2024539875
2030,sc01,06-16 06:00:00+02:00,Gas,0.0
2030,sc01,06-16 06:00:00+02:00,SynchronousCondenser,0.0
2030,sc01,06-16 06:00:00+02:00,Battery,0.0
2030,sc01,06-16 06:00:00+02:00,Solar,0.01489275
2030,sc01,06-16 06:00:00+02:00,OCGT,0.03107543579664293
2030,sc01,06-16 07:00:00+02:00,CCGT,1.1104062831599855
2030,sc01,06-16 07:00:00+02:00,Wind,0.18677354999999998
2030,sc01,06-16 07:00:00+02:00,Gas,0.0
2030,sc01,06-16 07:00:00+02:00,SynchronousCondenser,0.0
2030,sc01,06-16 07:00:00+02:00,Battery,0.0
2030,sc01,06-16 07:00:00+02:00,Solar,0.06509265
2030,sc01,06-16 07:00:00+02:00,OCGT,0.033069596074274746
2030,sc01,06-16 08:00:00+02:00,CCGT,1.1146498848599855
2030,sc01,06-16 08:00:00+02:00,Wind,0.18502155
2030,sc01,06-16 08:00:00+02:00,Gas,0.0
2030,sc01,06-16 08:00:00+02:00,SynchronousCondenser,0.0
2030,sc01,06-16 08:00:00+02:00,Battery,0.0
2030,sc01,06-16 08:00:00+02:00,Solar,0.125565525
2030,sc01,06-16 08:00:00+02:00,OCGT,0.027641178411894826
2030,sc01,06-16 09:00:00+02:00,CCGT,1.1137594940999853
2030,sc01,06-16 09:00:00+02:00,Wind,0.1840958625
2030,sc01,06-16 09:00:00+02:00,Gas,0.0
2030,sc01,06-16 09:00:00+02:00,SynchronousCondenser,0.0
2030,sc01,06-16 09:00:00+02:00,Battery,0.0
2030,sc01,06-16 09:00:00+02:00,Solar,0.17793585
2030,sc01,06-16 09:00:00+02:00,OCGT,0.02535586204581293
2030,sc01,06-16 10:00:00+02:00,CCGT,1.1137177157999854
2030,sc01,06-16 10:00:00+02:00,Wind,0.18951101250000002
2030,sc01,06-16 10:00:00+02:00,Gas,0.0
2030,sc01,06-16 10:00:00+02:00,SynchronousCondenser,0.0
2030,sc01,06-16 10:00:00+02:00,Battery,0.0
2030,sc01,06-16 10:00:00+02:00,Solar,0.2124726
2030,sc01,06-16 10:00:00+02:00,OCGT,0.031056712082262385
2030,sc01,06-16 11:00:00+02:00,CCGT,1.1191591167599855
2030,sc01,06-16 11:00:00+02:00,Wind,0.19534432499999999
2030,sc01,06-16 11:00:00+02:00,Gas,0.0
2030,sc01,06-16 11:00:00+02:00,SynchronousCondenser,0.0
2030,sc01,06-16 11:00:00+02:00,Battery,0.0
2030,sc01,06-16 11:00:00+02:00,Solar,0.22606702500000003
2030,sc01,06-16 11:00:00+02:00,OCGT,0.05125670911852817
2030,sc01,06-16 12:00:00+02:00,CCGT,1.1193486761399856
2030,sc01,06-16 12:00:00+02:00,Wind,0.1914267
2030,sc01,06-16 12:00:00+02:00,Gas,0.0
2030,sc01,06-16 12:00:00+02:00,SynchronousCondenser,0.0
2030,sc01,06-16 12:00:00+02:00,Battery,0.0
2030,sc01,06-16 12:00:00+02:00,Solar,0.227490675
2030,sc01,06-16 12:00:00+02:00,OCGT,0.08374398514189346
2030,sc01,06-16 13:00:00+02:00,CCGT,1.1114908315199854
2030,sc01,06-16 13:00:00+02:00,Wind,0.1910203875
2030,sc01,06-16 13:00:00+02:00,Gas,0.0
2030,sc01,06-16 13:00:00+02:00,SynchronousCondenser,0.0
2030,sc01,06-16 13:00:00+02:00,Battery,0.0
2030,sc01,06-16 13:00:00+02:00,Solar,0.22595347500000001
2030,sc01,06-16 13:00:00+02:00,OCGT,0.11245903832475362
2030,sc01,06-16 14:00:00+02:00,CCGT,1.1038534781999856
2030,sc01,06-16 14:00:00+02:00,Wind,0.19575825000000002
2030,sc01,06-16 14:00:00+02:00,Gas,0.0
2030,sc01,06-16 14:00:00+02:00,SynchronousCondenser,0.0
2030,sc01,06-16 14:00:00+02:00,Battery,0.0
2030,sc01,06-16 14:00:00+02:00,Solar,0.21697650000000002
2030,sc01,06-16 14:00:00+02:00,OCGT,0.1384631938843481
2030,sc01,06-16 15:00:00+02:00,CCGT,1.1030943536399855
2030,sc01,06-16 15:00:00+02:00,Wind,0.21589402500000002
2030,sc01,06-16 15:00:00+02:00,Gas,0.0
2030,sc01,06-16 15:00:00+02:00,SynchronousCondenser,0.0
2030,sc01,06-16 15:00:00+02:00,Battery,0.0
2030,sc01,06-16 15:00:00+02:00,Solar,0.1996536
2030,sc01,06-16 15:00:00+02:00,OCGT,0.14858271977269313
2030,sc01,06-16 16:00:00+02:00,CCGT,1.1035514243999855
2030,sc01,06-16 16:00:00+02:00,Wind,0.22275296249999998
2030,sc01,06-16 16:00:00+02:00,Gas,0.0
2030,sc01,06-16 16:00:00+02:00,SynchronousCondenser,0.0
2030,sc01,06-16 16:00:00+02:00,Battery,0.0
2030,sc01,06-16 16:00:00+02:00,Solar,0.17396482500000002
2030,sc01,06-16 16:00:00+02:00,OCGT,0.16358801412180507
2030,sc01,06-16 17:00:00+02:00,CCGT,1.1016725621999854
2030,sc01,06-16 17:00:00+02:00,Wind,0.22683525000000002
2030,sc01,06-16 17:00:00+02:00,Gas,0.0
2030,sc01,06-16 17:00:00+02:00,SynchronousCondenser,0.0
2030,sc01,06-16 17:00:00+02:00,Battery,0.0
2030,sc01,06-16 17:00:00+02:00,Solar,0.13660005
2030,sc01,06-16 17:00:00+02:00,OCGT,0.17361748693340842
2030,sc01,06-16 18:00:00+02:00,CCGT,1.1007643300199854
2030,sc01,06-16 18:00:00+02:00,Wind,0.2265947625
2030,sc01,06-16 18:00:00+02:00,Gas,0.0
2030,sc01,06-16 18:00:00+02:00,SynchronousCondenser,0.0
2030,sc01,06-16 18:00:00+02:00,Battery,0.0
2030,sc01,06-16 18:00:00+02:00,Solar,0.08937795
2030,sc01,06-16 18:00:00+02:00,OCGT,0.1785654913825256
2030,sc01,06-16 19:00:00+02:00,CCGT,1.1053330505999854
2030,sc01,06-16 19:00:00+02:00,Wind,0.23778896249999998
2030,sc01,06-16 19:00:00+02:00,Gas,0.0
2030,sc01,06-16 19:00:00+02:00,SynchronousCondenser,0.0
2030,sc01,06-16 19:00:00+02:00,Battery,0.0
2030,sc01,06-16 19:00:00+02:00,Solar,0.038496300000000004
2030,sc01,06-16 19:00:00+02:00,OCGT,0.19145594416967962
2030,sc01,06-16 20:00:00+02:00,CCGT,1.1113116581399853
2030,sc01,06-16 20:00:00+02:00,Wind,0.23986098749999998
2030,sc01,06-16 20:00:00+02:00,Gas,0.0
2030,sc01,06-16 20:00:00+02:00,SynchronousCondenser,0.0
2030,sc01,06-16 20:00:00+02:00,Battery,0.0
2030,sc01,06-16 20:00:00+02:00,Solar,0.004548825
2030,sc01,06-16 20:00:00+02:00,OCGT,0.1902042471163752
2030,sc01,06-16 21:00:00+02:00,CCGT,1.1129856898799855
2030,sc01,06-16 21:00:00+02:00,Wind,0.25639890000000004
2030,sc01,06-16 21:00:00+02:00,Gas,0.0
2030,sc01,06-16 21:00:00+02:00,SynchronousCondenser,0.0
2030,sc01,06-16 21:00:00+02:00,Battery,0.0
2030,sc01,06-16 21:00:00+02:00,Solar,0.0
2030,sc01,06-16 21:00:00+02:00,OCGT,0.11341438740439169
2030,sc01,06-16 22:00:00+02:00,CCGT,1.0905180282599856
2030,sc01,06-16 22:00:00+02:00,Wind,0.259116825
2030,sc01,06-16 22:00:00+02:00,Gas,0.0
2030,sc01,06-16 22:00:00+02:00,SynchronousCondenser,0.0
2030,sc01,06-16 22:00:00+02:00,Battery,0.0
2030,sc01,06-16 22:00:00+02:00,Solar,0.0
2030,sc01,06-16 22:00:00+02:00,OCGT,0.061504102374488626
2030,sc01,06-16 23:00:00+02:00,CCGT,1.0786758205799853
2030,sc01,06-16 23:00:00+02:00,Wind,0.262256025
2030,sc01,06-16 23:00:00+02:00,Gas,0.0
2030,sc01,06-16 23:00:00+02:00,SynchronousCondenser,0.0
2030,sc01,06-16 23:00:00+02:00,Battery,0.0
2030,sc01,06-16 23:00:00+02:00,Solar,0.0
2030,sc01,06-16 23:00:00+02:00,OCGT,0.018164524364067167
2030,sc01,06-19 00:00:00+02:00,CCGT,1.5572016452687667
2030,sc01,06-19 00:00:00+02:00,Wind,0.44990544375
2030,sc01,06-19 00:00:00+02:00,Gas,0.0
2030,sc01,06-19 00:00:00+02:00,SynchronousCondenser,0.0
2030,sc01,06-19 00:00:00+02:00,Battery,0.0
2030,sc01,06-19 00:00:00+02:00,Solar,0.0
2030,sc01,06-19 00:00:00+02:00,OCGT,0.0
2030,sc01,06-19 01:00:00+02:00,CCGT,1.519702808012554
2030,sc01,06-19 01:00:00+02:00,Wind,0.43872913125
2030,sc01,06-19 01:00:00+02:00,Gas,0.0
2030,sc01,06-19 01:00:00+02:00,SynchronousCondenser,0.0
2030,sc01,06-19 01:00:00+02:00,Battery,0.0
2030,sc01,06-19 01:00:00+02:00,Solar,0.0
2030,sc01,06-19 01:00:00+02:00,OCGT,0.0
2030,sc01,06-19 02:00:00+02:00,CCGT,1.5004277901730978
2030,sc01,06-19 02:00:00+02:00,Wind,0.42763635
2030,sc01,06-19 02:00:00+02:00,Gas,0.0
2030,sc01,06-19 02:00:00+02:00,SynchronousCondenser,0.0
2030,sc01,06-19 02:00:00+02:00,Battery,0.0
2030,sc01,06-19 02:00:00+02:00,Solar,0.0
2030,sc01,06-19 02:00:00+02:00,OCGT,0.0
2030,sc01,06-19 03:00:00+02:00,CCGT,1.4984347704064944
2030,sc01,06-19 03:00:00+02:00,Wind,0.42001183124999997
2030,sc01,06-19 03:00:00+02:00,Gas,0.0
2030,sc01,06-19 03:00:00+02:00,SynchronousCondenser,0.0
2030,sc01,06-19 03:00:00+02:00,Battery,0.0
2030,sc01,06-19 03:00:00+02:00,Solar,0.0
2030,sc01,06-19 03:00:00+02:00,OCGT,0.0
2030,sc01,06-19 04:00:00+02:00,CCGT,1.5133471875401368
2030,sc01,06-19 04:00:00+02:00,Wind,0.41362531874999997
2030,sc01,06-19 04:00:00+02:00,Gas,0.0
2030,sc01,06-19 04:00:00+02:00,SynchronousCondenser,0.0
2030,sc01,06-19 04:00:00+02:00,Battery,0.0
2030,sc01,06-19 04:00:00+02:00,Solar,8.898750000000001e-05
2030,sc01,06-19 04:00:00+02:00,OCGT,0.0
2030,sc01,06-19 05:00:00+02:00,CCGT,1.5800044709937353
2030,sc01,06-19 05:00:00+02:00,Wind,0.41481725625
2030,sc01,06-19 05:00:00+02:00,Gas,0.0
2030,sc01,06-19 05:00:00+02:00,SynchronousCondenser,0.0
2030,sc01,06-19 05:00:00+02:00,Battery,0.0
2030,sc01,06-19 05:00:00+02:00,Solar,0.00094005
2030,sc01,06-19 05:00:00+02:00,OCGT,0.0
2030,sc01,06-19 06:00:00+02:00,CCGT,1.6426749893399784
2030,sc01,06-19 06:00:00+02:00,Wind,0.38210872500000004
2030,sc01,06-19 06:00:00+02:00,Gas,0.0
2030,sc01,06-19 06:00:00+02:00,SynchronousCondenser,0.0
2030,sc01,06-19 06:00:00+02:00,Battery,0.0
2030,sc01,06-19 06:00:00+02:00,Solar,0.0323812125
2030,sc01,06-19 06:00:00+02:00,OCGT,0.02643259474764372
2030,sc01,06-19 07:00:00+02:00,CCGT,1.6717190800499782
2030,sc01,06-19 07:00:00+02:00,Wind,0.3454374375
2030,sc01,06-19 07:00:00+02:00,Gas,0.0
2030,sc01,06-19 07:00:00+02:00,SynchronousCondenser,0.0
2030,sc01,06-19 07:00:00+02:00,Battery,0.0
2030,sc01,06-19 07:00:00+02:00,Solar,0.11432328750000001
2030,sc01,06-19 07:00:00+02:00,OCGT,0.05438849927136652
2030,sc01,06-19 08:00:00+02:00,CCGT,1.6745128522199784
2030,sc01,06-19 08:00:00+02:00,Wind,0.32324906249999996
2030,sc01,06-19 08:00:00+02:00,Gas,0.0
2030,sc01,06-19 08:00:00+02:00,SynchronousCondenser,0.0
2030,sc01,06-19 08:00:00+02:00,Battery,0.0
2030,sc01,06-19 08:00:00+02:00,Solar,0.2077405875
2030,sc01,06-19 08:00:00+02:00,OCGT,0.04960839698687328
2030,sc01,06-19 09:00:00+02:00,CCGT,1.6838969553899783
2030,sc01,06-19 09:00:00+02:00,Wind,0.3182999625
2030,sc01,06-19 09:00:00+02:00,Gas,0.0
2030,sc01,06-19 09:00:00+02:00,SynchronousCondenser,0.0
2030,sc01,06-19 09:00:00+02:00,Battery,0.0
2030,sc01,06-19 09:00:00+02:00,Solar,0.285462225
2030,sc01,06-19 09:00:00+02:00,OCGT,0.051355293415348786
2030,sc01,06-19 10:00:00+02:00,CCGT,1.6897074156899783
2030,sc01,06-19 10:00:00+02:00,Wind,0.31481679375000005
2030,sc01,06-19 10:00:00+02:00,Gas,0.0
2030,sc01,06-19 10:00:00+02:00,SynchronousCondenser,0.0
2030,sc01,06-19 10:00:00+02:00,Battery,0.0
2030,sc01,06-19 10:00:00+02:00,Solar,0.33839055000000007
2030,sc01,06-19 10:00:00+02:00,OCGT,0.060449011535597695
2030,sc01,06-19 11:00:00+02:00,CCGT,1.697830122149978
2030,sc01,06-19 11:00:00+02:00,Wind,0.31231164375
2030,sc01,06-19 11:00:00+02:00,Gas,0.0
2030,sc01,06-19 11:00:00+02:00,SynchronousCondenser,0.0
2030,sc01,06-19 11:00:00+02:00,Battery,0.0
2030,sc01,06-19 11:00:00+02:00,Solar,0.370637775
2030,sc01,06-19 11:00:00+02:00,OCGT,0.07675429849516661
2030,sc01,06-19 12:00:00+02:00,CCGT,1.7003861502299782
2030,sc01,06-19 12:00:00+02:00,Wind,0.32421909375
2030,sc01,06-19 12:00:00+02:00,Gas,0.0
2030,sc01,06-19 12:00:00+02:00,SynchronousCondenser,0.0
2030,sc01,06-19 12:00:00+02:00,Battery,0.0
2030,sc01,06-19 12:00:00+02:00,Solar,0.38801632499999994
2030,sc01,06-19 12:00:00+02:00,OCGT,0.0857616646403796
2030,sc01,06-19 13:00:00+02:00,CCGT,1.687626963179978
2030,sc01,06-19 13:00:00+02:00,Wind,0.33483481875
2030,sc01,06-19 13:00:00+02:00,Gas,0.0
2030,sc01,06-19 13:00:00+02:00,SynchronousCondenser,0.0
2030,sc01,06-19 13:00:00+02:00,Battery,0.0
2030,sc01,06-19 13:00:00+02:00,Solar,0.38971035000000004
2030,sc01,06-19 13:00:00+02:00,OCGT,0.10381872197446541
2030,sc01,06-19 14:00:00+02:00,CCGT,1.6757820657899782
2030,sc01,06-19 14:00:00+02:00,Wind,0.34482959999999996
2030,sc01,06-19 14:00:00+02:00,Gas,0.0
2030,sc01,06-19 14:00:00+02:00,SynchronousCondenser,0.0
2030,sc01,06-19 14:00:00+02:00,Battery,0.0
2030,sc01,06-19 14:00:00+02:00,Solar,0.377561025
2030,sc01,06-19 14:00:00+02:00,OCGT,0.12766328595126764
2030,sc01,06-19 15:00:00+02:00,CCGT,1.675783017539978
2030,sc01,06-19 15:00:00+02:00,Wind,0.36962201250000004
2030,sc01,06-19 15:00:00+02:00,Gas,0.0
2030,sc01,06-19 15:00:00+02:00,SynchronousCondenser,0.0
2030,sc01,06-19 15:00:00+02:00,Battery,0.0
2030,sc01,06-19 15:00:00+02:00,Solar,0.3491937
2030,sc01,06-19 15:00:00+02:00,OCGT,0.1358881411310259
2030,sc01,06-19 16:00:00+02:00,CCGT,1.6774886489399783
2030,sc01,06-19 16:00:00+02:00,Wind,0.40953729375
2030,sc01,06-19 16:00:00+02:00,Gas,0.0
2030,sc01,06-19 16:00:00+02:00,SynchronousCondenser,0.0
2030,sc01,06-19 16:00:00+02:00,Battery,0.0
2030,sc01,06-19 16:00:00+02:00,Solar,0.3035692125
2030,sc01,06-19 16:00:00+02:00,OCGT,0.13538596395092603
2030,sc01,06-19 17:00:00+02:00,CCGT,1.6755432195599782
2030,sc01,06-19 17:00:00+02:00,Wind,0.44426413125
2030,sc01,06-19 17:00:00+02:00,Gas,0.0
2030,sc01,06-19 17:00:00+02:00,SynchronousCondenser,0.0
2030,sc01,06-19 17:00:00+02:00,Battery,0.0
2030,sc01,06-19 17:00:00+02:00,Solar,0.2365430625
2030,sc01,06-19 17:00:00+02:00,OCGT,0.13386940982995832
2030,sc01,06-19 18:00:00+02:00,CCGT,1.6711335241199783
2030,sc01,06-19 18:00:00+02:00,Wind,0.46687635
2030,sc01,06-19 18:00:00+02:00,Gas,0.0
2030,sc01,06-19 18:00:00+02:00,SynchronousCondenser,0.0
2030,sc01,06-19 18:00:00+02:00,Battery,0.0
2030,sc01,06-19 18:00:00+02:00,Solar,0.150418125
2030,sc01,06-19 18:00:00+02:00,OCGT,0.15333963047395777
2030,sc01,06-19 19:00:00+02:00,CCGT,1.669080025799978
2030,sc01,06-19 19:00:00+02:00,Wind,0.48316933125
2030,sc01,06-19 19:00:00+02:00,Gas,0.0
2030,sc01,06-19 19:00:00+02:00,SynchronousCondenser,0.0
2030,sc01,06-19 19:00:00+02:00,Battery,0.0
2030,sc01,06-19 19:00:00+02:00,Solar,0.06363765
2030,sc01,06-19 19:00:00+02:00,OCGT,0.20525655558339903
2030,sc01,06-19 20:00:00+02:00,CCGT,1.6698618356399781
2030,sc01,06-19 20:00:00+02:00,Wind,0.47916793125
2030,sc01,06-19 20:00:00+02:00,Gas,0.0
2030,sc01,06-19 20:00:00+02:00,SynchronousCondenser,0.0
2030,sc01,06-19 20:00:00+02:00,Battery,0.0
2030,sc01,06-19 20:00:00+02:00,Solar,0.00741915
2030,sc01,06-19 20:00:00+02:00,OCGT,0.21092907964107332
2030,sc01,06-19 21:00:00+02:00,CCGT,1.6724237368499781
2030,sc01,06-19 21:00:00+02:00,Wind,0.49055551875000003
2030,sc01,06-19 21:00:00+02:00,Gas,0.0
2030,sc01,06-19 21:00:00+02:00,SynchronousCondenser,0.0
2030,sc01,06-19 21:00:00+02:00,Battery,0.0
2030,sc01,06-19 21:00:00+02:00,Solar,0.0
2030,sc01,06-19 21:00:00+02:00,OCGT,0.12557832147077774
2030,sc01,06-19 22:00:00+02:00,CCGT,1.6494196446899783
2030,sc01,06-19 22:00:00+02:00,Wind,0.49930965000000005
2030,sc01,06-19 22:00:00+02:00,Gas,0.0
2030,sc01,06-19 22:00:00+02:00,SynchronousCondenser,0.0
2030,sc01,06-19 22:00:00+02:00,Battery,0.0
2030,sc01,06-19 22:00:00+02:00,Solar,0.0
2030,sc01,06-19 22:00:00+02:00,OCGT,0.03390133467536805
2030,sc01,06-19 23:00:00+02:00,CCGT,1.600762298577135
2030,sc01,06-19 23:00:00+02:00,Wind,0.48919033125
2030,sc01,06-19 23:00:00+02:00,Gas,0.0
2030,sc01,06-19 23:00:00+02:00,SynchronousCondenser,0.0
2030,sc01,06-19 23:00:00+02:00,Battery,0.0
2030,sc01,06-19 23:00:00+02:00,Solar,0.0
2030,sc01,06-19 23:00:00+02:00,OCGT,0.0
2030,sc01,07-12 00:00:00+02:00,CCGT,3.239318402819956
2030,sc01,07-12 00:00:00+02:00,Wind,0.469066275
2030,sc01,07-12 00:00:00+02:00,Gas,0.0
2030,sc01,07-12 00:00:00+02:00,SynchronousCondenser,0.0
2030,sc01,07-12 00:00:00+02:00,Battery,0.0
2030,sc01,07-12 00:00:00+02:00,Solar,0.0
2030,sc01,07-12 00:00:00+02:00,OCGT,0.29887794036255566
2030,sc01,07-12 01:00:00+02:00,CCGT,3.2007305329199567
2030,sc01,07-12 01:00:00+02:00,Wind,0.42619511250000003
2030,sc01,07-12 01:00:00+02:00,Gas,0.0
2030,sc01,07-12 01:00:00+02:00,SynchronousCondenser,0.0
2030,sc01,07-12 01:00:00+02:00,Battery,0.0
2030,sc01,07-12 01:00:00+02:00,Solar,0.0
2030,sc01,07-12 01:00:00+02:00,OCGT,0.2932094456289009
2030,sc01,07-12 02:00:00+02:00,CCGT,3.1723924616999564
2030,sc01,07-12 02:00:00+02:00,Wind,0.3863278125
2030,sc01,07-12 02:00:00+02:00,Gas,0.0
2030,sc01,07-12 02:00:00+02:00,SynchronousCondenser,0.0
2030,sc01,07-12 02:00:00+02:00,Battery,0.0
2030,sc01,07-12 02:00:00+02:00,Solar,0.0
2030,sc01,07-12 02:00:00+02:00,OCGT,0.2890624503659711
2030,sc01,07-12 03:00:00+02:00,CCGT,3.157507787579956
2030,sc01,07-12 03:00:00+02:00,Wind,0.35688116250000007
2030,sc01,07-12 03:00:00+02:00,Gas,0.0
2030,sc01,07-12 03:00:00+02:00,SynchronousCondenser,0.0
2030,sc01,07-12 03:00:00+02:00,Battery,0.0
2030,sc01,07-12 03:00:00+02:00,Solar,0.0
2030,sc01,07-12 03:00:00+02:00,OCGT,0.3008987481138041
2030,sc01,07-12 04:00:00+02:00,CCGT,3.152067057359956
2030,sc01,07-12 04:00:00+02:00,Wind,0.33381045
2030,sc01,07-12 04:00:00+02:00,Gas,0.0
2030,sc01,07-12 04:00:00+02:00,SynchronousCondenser,0.0
2030,sc01,07-12 04:00:00+02:00,Battery,0.0
2030,sc01,07-12 04:00:00+02:00,Solar,0.00016649999999999998
2030,sc01,07-12 04:00:00+02:00,OCGT,0.31036550872661994
2030,sc01,07-12 05:00:00+02:00,CCGT,3.1464395636399565
2030,sc01,07-12 05:00:00+02:00,Wind,0.30399288750000003
2030,sc01,07-12 05:00:00+02:00,Gas,0.0
2030,sc01,07-12 05:00:00+02:00,SynchronousCondenser,0.0
2030,sc01,07-12 05:00:00+02:00,Battery,0.0
2030,sc01,07-12 05:00:00+02:00,Solar,0.0021906
2030,sc01,07-12 05:00:00+02:00,OCGT,0.36075095742199703
2030,sc01,07-12 06:00:00+02:00,CCGT,3.136697362079956
2030,sc01,07-12 06:00:00+02:00,Wind,0.2705173875
2030,sc01,07-12 06:00:00+02:00,Gas,0.0
2030,sc01,07-12 06:00:00+02:00,SynchronousCondenser,0.0
2030,sc01,07-12 06:00:00+02:00,Battery,0.0
2030,sc01,07-12 06:00:00+02:00,Solar,0.04214655
2030,sc01,07-12 06:00:00+02:00,OCGT,0.5094383526028831
2030,sc01,07-12 07:00:00+02:00,CCGT,3.160454411699956
2030,sc01,07-12 07:00:00+02:00,Wind,0.22653945
2030,sc01,07-12 07:00:00+02:00,Gas,0.0
2030,sc01,07-12 07:00:00+02:00,SynchronousCondenser,0.0
2030,sc01,07-12 07:00:00+02:00,Battery,0.0
2030,sc01,07-12 07:00:00+02:00,Solar,0.19484077500000002
2030,sc01,07-12 07:00:00+02:00,OCGT,0.5839094689619868
2030,sc01,07-12 08:00:00+02:00,CCGT,3.170015000279956
2030,sc01,07-12 08:00:00+02:00,Wind,0.185508225
2030,sc01,07-12 08:00:00+02:00,Gas,0.0
2030,sc01,07-12 08:00:00+02:00,SynchronousCondenser,0.0
2030,sc01,07-12 08:00:00+02:00,Battery,0.0
2030,sc01,07-12 08:00:00+02:00,Solar,0.380524725
2030,sc01,07-12 08:00:00+02:00,OCGT,0.6080221859937527
2030,sc01,07-12 09:00:00+02:00,CCGT,3.1947064696799563
2030,sc01,07-12 09:00:00+02:00,Wind,0.15388098749999998
2030,sc01,07-12 09:00:00+02:00,Gas,0.0
2030,sc01,07-12 09:00:00+02:00,SynchronousCondenser,0.0
2030,sc01,07-12 09:00:00+02:00,Battery,0.0
2030,sc01,07-12 09:00:00+02:00,Solar,0.5384020500000001
2030,sc01,07-12 09:00:00+02:00,OCGT,0.6416664621226892
2030,sc01,07-12 10:00:00+02:00,CCGT,3.225351545099956
2030,sc01,07-12 10:00:00+02:00,Wind,0.127418625
2030,sc01,07-12 10:00:00+02:00,Gas,0.0
2030,sc01,07-12 10:00:00+02:00,SynchronousCondenser,0.0
2030,sc01,07-12 10:00:00+02:00,Battery,0.0
2030,sc01,07-12 10:00:00+02:00,Solar,0.6504117750000001
2030,sc01,07-12 10:00:00+02:00,OCGT,0.6733741132188205
2030,sc01,07-12 11:00:00+02:00,CCGT,3.2504176839599563
2030,sc01,07-12 11:00:00+02:00,Wind,0.117074475
2030,sc01,07-12 11:00:00+02:00,Gas,0.0
2030,sc01,07-12 11:00:00+02:00,SynchronousCondenser,0.0
2030,sc01,07-12 11:00:00+02:00,Battery,0.0
2030,sc01,07-12 11:00:00+02:00,Solar,0.7197048
2030,sc01,07-12 11:00:00+02:00,OCGT,0.6878759952484864
2030,sc01,07-12 12:00:00+02:00,CCGT,3.2761207256399563
2030,sc01,07-12 12:00:00+02:00,Wind,0.12278126250000002
2030,sc01,07-12 12:00:00+02:00,Gas,0.0
2030,sc01,07-12 12:00:00+02:00,SynchronousCondenser,0.0
2030,sc01,07-12 12:00:00+02:00,Battery,0.0
2030,sc01,07-12 12:00:00+02:00,Solar,0.7542150750000001
2030,sc01,07-12 12:00:00+02:00,OCGT,0.7206439808207699
2030,sc01,07-12 13:00:00+02:00,CCGT,3.2935284957599564
2030,sc01,07-12 13:00:00+02:00,Wind,0.1491035625
2030,sc01,07-12 13:00:00+02:00,Gas,0.0
2030,sc01,07-12 13:00:00+02:00,SynchronousCondenser,0.0
2030,sc01,07-12 13:00:00+02:00,Battery,0.0
2030,sc01,07-12 13:00:00+02:00,Solar,0.760470075
2030,sc01,07-12 13:00:00+02:00,OCGT,0.7519504396653393
2030,sc01,07-12 14:00:00+02:00,CCGT,3.282185789639956
2030,sc01,07-12 14:00:00+02:00,Wind,0.1885208625
2030,sc01,07-12 14:00:00+02:00,Gas,0.0
2030,sc01,07-12 14:00:00+02:00,SynchronousCondenser,0.0
2030,sc01,07-12 14:00:00+02:00,Battery,0.0
2030,sc01,07-12 14:00:00+02:00,Solar,0.7377898500000001
2030,sc01,07-12 14:00:00+02:00,OCGT,0.7739500973964653
2030,sc01,07-12 15:00:00+02:00,CCGT,3.276016952219956
2030,sc01,07-12 15:00:00+02:00,Wind,0.2287371375
2030,sc01,07-12 15:00:00+02:00,Gas,0.0
2030,sc01,07-12 15:00:00+02:00,SynchronousCondenser,0.0
2030,sc01,07-12 15:00:00+02:00,Battery,0.0
2030,sc01,07-12 15:00:00+02:00,Solar,0.6851202750000001
2030,sc01,07-12 15:00:00+02:00,OCGT,0.8016548051134913
2030,sc01,07-12 16:00:00+02:00,CCGT,3.2672964229199564
2030,sc01,07-12 16:00:00+02:00,Wind,0.2932977375
2030,sc01,07-12 16:00:00+02:00,Gas,0.0
2030,sc01,07-12 16:00:00+02:00,SynchronousCondenser,0.0
2030,sc01,07-12 16:00:00+02:00,Battery,0.0
2030,sc01,07-12 16:00:00+02:00,Solar,0.5955381000000001
2030,sc01,07-12 16:00:00+02:00,OCGT,0.8261915366491357
2030,sc01,07-12 17:00:00+02:00,CCGT,3.2634130004999564
2030,sc01,07-12 17:00:00+02:00,Wind,0.36097065
2030,sc01,07-12 17:00:00+02:00,Gas,0.0
2030,sc01,07-12 17:00:00+02:00,SynchronousCondenser,0.0
2030,sc01,07-12 17:00:00+02:00,Battery,0.0
2030,sc01,07-12 17:00:00+02:00,Solar,0.465351525
2030,sc01,07-12 17:00:00+02:00,OCGT,0.8498939769168995
2030,sc01,07-12 18:00:00+02:00,CCGT,3.2688207343799562
2030,sc01,07-12 18:00:00+02:00,Wind,0.4325990625000001
2030,sc01,07-12 18:00:00+02:00,Gas,0.0
2030,sc01,07-12 18:00:00+02:00,SynchronousCondenser,0.0
2030,sc01,07-12 18:00:00+02:00,Battery,0.0
2030,sc01,07-12 18:00:00+02:00,Solar,0.30051135
2030,sc01,07-12 18:00:00+02:00,OCGT,0.8622614115534197
2030,sc01,07-12 19:00:00+02:00,CCGT,3.2874077118599563
2030,sc01,07-12 19:00:00+02:00,Wind,0.504522675
2030,sc01,07-12 19:00:00+02:00,Gas,0.0
2030,sc01,07-12 19:00:00+02:00,SynchronousCondenser,0.0
2030,sc01,07-12 19:00:00+02:00,Battery,0.0
2030,sc01,07-12 19:00:00+02:00,Solar,0.127320975
2030,sc01,07-12 19:00:00+02:00,OCGT,0.9151786603936481
2030,sc01,07-12 20:00:00+02:00,CCGT,3.3286628118599566
2030,sc01,07-12 20:00:00+02:00,Wind,0.554696325
2030,sc01,07-12 20:00:00+02:00,Gas,0.0
2030,sc01,07-12 20:00:00+02:00,SynchronousCondenser,0.0
2030,sc01,07-12 20:00:00+02:00,Battery,0.0
2030,sc01,07-12 20:00:00+02:00,Solar,0.01311435
2030,sc01,07-12 20:00:00+02:00,OCGT,0.8661986174334573
2030,sc01,07-12 21:00:00+02:00,CCGT,3.3862856498999565
2030,sc01,07-12 21:00:00+02:00,Wind,0.5915368125000001
2030,sc01,07-12 21:00:00+02:00,Gas,0.0
2030,sc01,07-12 21:00:00+02:00,SynchronousCondenser,0.0
2030,sc01,07-12 21:00:00+02:00,Battery,0.0
2030,sc01,07-12 21:00:00+02:00,Solar,0.0
2030,sc01,07-12 21:00:00+02:00,OCGT,0.7097795138952893
2030,sc01,07-12 22:00:00+02:00,CCGT,3.3573743087399563
2030,sc01,07-12 22:00:00+02:00,Wind,0.6054481125000001
2030,sc01,07-12 22:00:00+02:00,Gas,0.0
2030,sc01,07-12 22:00:00+02:00,SynchronousCondenser,0.0
2030,sc01,07-12 22:00:00+02:00,Battery,0.0
2030,sc01,07-12 22:00:00+02:00,Solar,0.0
2030,sc01,07-12 22:00:00+02:00,OCGT,0.5453472391287465
2030,sc01,07-12 23:00:00+02:00,CCGT,3.3051066222599568
2030,sc01,07-12 23:00:00+02:00,Wind,0.60034365
2030,sc01,07-12 23:00:00+02:00,Gas,0.0
2030,sc01,07-12 23:00:00+02:00,SynchronousCondenser,0.0
2030,sc01,07-12 23:00:00+02:00,Battery,0.0
2030,sc01,07-12 23:00:00+02:00,Solar,0.0
2030,sc01,07-12 23:00:00+02:00,OCGT,0.40580936422933567
2030,sc01,09-11 00:00:00+02:00,CCGT,1.0676275209599855
2030,sc01,09-11 00:00:00+02:00,Wind,0.048073275000000006
2030,sc01,09-11 00:00:00+02:00,Gas,0.0
2030,sc01,09-11 00:00:00+02:00,SynchronousCondenser,0.0
2030,sc01,09-11 00:00:00+02:00,Battery,0.0
2030,sc01,09-11 00:00:00+02:00,Solar,0.0
2030,sc01,09-11 00:00:00+02:00,OCGT,0.20487356165876702
2030,sc01,09-11 01:00:00+02:00,CCGT,1.0590513267599855
2030,sc01,09-11 01:00:00+02:00,Wind,0.043517325
2030,sc01,09-11 01:00:00+02:00,Gas,0.0
2030,sc01,09-11 01:00:00+02:00,SynchronousCondenser,0.0
2030,sc01,09-11 01:00:00+02:00,Battery,0.0
2030,sc01,09-11 01:00:00+02:00,Solar,0.0
2030,sc01,09-11 01:00:00+02:00,OCGT,0.1871933898667957
2030,sc01,09-11 02:00:00+02:00,CCGT,1.0552138389599854
2030,sc01,09-11 02:00:00+02:00,Wind,0.038379787500000005
2030,sc01,09-11 02:00:00+02:00,Gas,0.0
2030,sc01,09-11 02:00:00+02:00,SynchronousCondenser,0.0
2030,sc01,09-11 02:00:00+02:00,Battery,0.0
2030,sc01,09-11 02:00:00+02:00,Solar,0.0
2030,sc01,09-11 02:00:00+02:00,OCGT,0.1809130514349343
2030,sc01,09-11 03:00:00+02:00,CCGT,1.0538347712999854
2030,sc01,09-11 03:00:00+02:00,Wind,0.0354173625
2030,sc01,09-11 03:00:00+02:00,Gas,0.0
2030,sc01,09-11 03:00:00+02:00,SynchronousCondenser,0.0
2030,sc01,09-11 03:00:00+02:00,Battery,0.0
2030,sc01,09-11 03:00:00+02:00,Solar,0.0
2030,sc01,09-11 03:00:00+02:00,OCGT,0.18371201302759327
2030,sc01,09-11 04:00:00+02:00,CCGT,1.0548031630799855
2030,sc01,09-11 04:00:00+02:00,Wind,0.0381655875
2030,sc01,09-11 04:00:00+02:00,Gas,0.0
2030,sc01,09-11 04:00:00+02:00,SynchronousCondenser,0.0
2030,sc01,09-11 04:00:00+02:00,Battery,0.0
2030,sc01,09-11 04:00:00+02:00,Solar,0.0
2030,sc01,09-11 04:00:00+02:00,OCGT,0.2003554037491604
2030,sc01,09-11 05:00:00+02:00,CCGT,1.0647224189399855
2030,sc01,09-11 05:00:00+02:00,Wind,0.043107712500000006
2030,sc01,09-11 05:00:00+02:00,Gas,0.0
2030,sc01,09-11 05:00:00+02:00,SynchronousCondenser,0.0
2030,sc01,09-11 05:00:00+02:00,Battery,0.0
2030,sc01,09-11 05:00:00+02:00,Solar,5.4600000000000006e-05
2030,sc01,09-11 05:00:00+02:00,OCGT,0.22544445756221135
2030,sc01,09-11 06:00:00+02:00,CCGT,1.0855656271799856
2030,sc01,09-11 06:00:00+02:00,Wind,0.05059567499999999
2030,sc01,09-11 06:00:00+02:00,Gas,0.0
2030,sc01,09-11 06:00:00+02:00,SynchronousCondenser,0.0
2030,sc01,09-11 06:00:00+02:00,Battery,0.0
2030,sc01,09-11 06:00:00+02:00,Solar,0.0003096
2030,sc01,09-11 06:00:00+02:00,OCGT,0.23853567129945222
2030,sc01,09-11 07:00:00+02:00,CCGT,1.0976704888199855
2030,sc01,09-11 07:00:00+02:00,Wind,0.055503187499999995
2030,sc01,09-11 07:00:00+02:00,Gas,0.0
2030,sc01,09-11 07:00:00+02:00,SynchronousCondenser,0.0
2030,sc01,09-11 07:00:00+02:00,Battery,0.0
2030,sc01,09-11 07:00:00+02:00,Solar,0.019200675
2030,sc01,09-11 07:00:00+02:00,OCGT,0.2328176716350583
2030,sc01,09-11 08:00:00+02:00,CCGT,1.1069793583799854
2030,sc01,09-11 08:00:00+02:00,Wind,0.054772799999999996
2030,sc01,09-11 08:00:00+02:00,Gas,0.0
2030,sc01,09-11 08:00:00+02:00,SynchronousCondenser,0.0
2030,sc01,09-11 08:00:00+02:00,Battery,0.0
2030,sc01,09-11 08:00:00+02:00,Solar,0.08788080000000001
2030,sc01,09-11 08:00:00+02:00,OCGT,0.19634512309699903
2030,sc01,09-11 09:00:00+02:00,CCGT,1.1084370794999854
2030,sc01,09-11 09:00:00+02:00,Wind,0.05528163750000001
2030,sc01,09-11 09:00:00+02:00,Gas,0.0
2030,sc01,09-11 09:00:00+02:00,SynchronousCondenser,0.0
2030,sc01,09-11 09:00:00+02:00,Battery,0.0
2030,sc01,09-11 09:00:00+02:00,Solar,0.15189029999999998
2030,sc01,09-11 09:00:00+02:00,OCGT,0.16667416761582124
2030,sc01,09-11 10:00:00+02:00,CCGT,1.1090103832199854
2030,sc01,09-11 10:00:00+02:00,Wind,0.0687245625
2030,sc01,09-11 10:00:00+02:00,Gas,0.0
2030,sc01,09-11 10:00:00+02:00,SynchronousCondenser,0.0
2030,sc01,09-11 10:00:00+02:00,Battery,0.0
2030,sc01,09-11 10:00:00+02:00,Solar,0.19494712500000003
2030,sc01,09-11 10:00:00+02:00,OCGT,0.14040294536551642
2030,sc01,09-11 11:00:00+02:00,CCGT,1.1141322550199855
2030,sc01,09-11 11:00:00+02:00,Wind,0.090909
2030,sc01,09-11 11:00:00+02:00,Gas,0.0
2030,sc01,09-11 11:00:00+02:00,SynchronousCondenser,0.0
2030,sc01,09-11 11:00:00+02:00,Battery,0.0
2030,sc01,09-11 11:00:00+02:00,Solar,0.22267852500000002
2030,sc01,09-11 11:00:00+02:00,OCGT,0.11358296360173395
2030,sc01,09-11 12:00:00+02:00,CCGT,1.1174166677999855
2030,sc01,09-11 12:00:00+02:00,Wind,0.122121225
2030,sc01,09-11 12:00:00+02:00,Gas,0.0
2030,sc01,09-11 12:00:00+02:00,SynchronousCondenser,0.0
2030,sc01,09-11 12:00:00+02:00,Battery,0.0
2030,sc01,09-11 12:00:00+02:00,Solar,0.23667097500000003
2030,sc01,09-11 12:00:00+02:00,OCGT,0.09096103792292519
2030,sc01,09-11 13:00:00+02:00,CCGT,1.1108041854599855
2030,sc01,09-11 13:00:00+02:00,Wind,0.152250075
2030,sc01,09-11 13:00:00+02:00,Gas,0.0
2030,sc01,09-11 13:00:00+02:00,SynchronousCondenser,0.0
2030,sc01,09-11 13:00:00+02:00,Battery,0.0
2030,sc01,09-11 13:00:00+02:00,Solar,0.23739262500000002
2030,sc01,09-11 13:00:00+02:00,OCGT,0.08057248665648714
2030,sc01,09-11 14:00:00+02:00,CCGT,1.1033184185399854
2030,sc01,09-11 14:00:00+02:00,Wind,0.1704121875
2030,sc01,09-11 14:00:00+02:00,Gas,0.0
2030,sc01,09-11 14:00:00+02:00,SynchronousCondenser,0.0
2030,sc01,09-11 14:00:00+02:00,Battery,0.0
2030,sc01,09-11 14:00:00+02:00,Solar,0.22917825000000003
2030,sc01,09-11 14:00:00+02:00,OCGT,0.08530900556823162
2030,sc01,09-11 15:00:00+02:00,CCGT,1.0999008737399856
2030,sc01,09-11 15:00:00+02:00,Wind,0.1815028875
2030,sc01,09-11 15:00:00+02:00,Gas,0.0
2030,sc01,09-11 15:00:00+02:00,SynchronousCondenser,0.0
2030,sc01,09-11 15:00:00+02:00,Battery,0.0
2030,sc01,09-11 15:00:00+02:00,Solar,0.2030064
2030,sc01,09-11 15:00:00+02:00,OCGT,0.10257098302213956
2030,sc01,09-11 16:00:00+02:00,CCGT,1.0985219616599855
2030,sc01,09-11 16:00:00+02:00,Wind,0.20274937499999998
2030,sc01,09-11 16:00:00+02:00,Gas,0.0
2030,sc01,09-11 16:00:00+02:00,SynchronousCondenser,0.0
2030,sc01,09-11 16:00:00+02:00,Battery,0.0
2030,sc01,09-11 16:00:00+02:00,Solar,0.16174717500000002
2030,sc01,09-11 16:00:00+02:00,OCGT,0.1139178226593475
2030,sc01,09-11 17:00:00+02:00,CCGT,1.0966557540599855
2030,sc01,09-11 17:00:00+02:00,Wind,0.22168905
2030,sc01,09-11 17:00:00+02:00,Gas,0.0
2030,sc01,09-11 17:00:00+02:00,SynchronousCondenser,0.0
2030,sc01,09-11 17:00:00+02:00,Battery,0.0
2030,sc01,09-11 17:00:00+02:00,Solar,0.109055925
2030,sc01,09-11 17:00:00+02:00,OCGT,0.12824976980345287
2030,sc01,09-11 18:00:00+02:00,CCGT,1.0992800769599853
2030,sc01,09-11 18:00:00+02:00,Wind,0.2267856
2030,sc01,09-11 18:00:00+02:00,Gas,0.0
2030,sc01,09-11 18:00:00+02:00,SynchronousCondenser,0.0
2030,sc01,09-11 18:00:00+02:00,Battery,0.0
2030,sc01,09-11 18:00:00+02:00,Solar,0.0403821
2030,sc01,09-11 18:00:00+02:00,OCGT,0.1980816680233469
2030,sc01,09-11 19:00:00+02:00,CCGT,1.1117855915399855
2030,sc01,09-11 19:00:00+02:00,Wind,0.20173091250000003
2030,sc01,09-11 19:00:00+02:00,Gas,0.0
2030,sc01,09-11 19:00:00+02:00,SynchronousCondenser,0.0
2030,sc01,09-11 19:00:00+02:00,Battery,0.0
2030,sc01,09-11 19:00:00+02:00,Solar,0.0015510749999999998
2030,sc01,09-11 19:00:00+02:00,OCGT,0.24572930901935974
2030,sc01,09-11 20:00:00+02:00,CCGT,1.1263294766999854
2030,sc01,09-11 20:00:00+02:00,Wind,0.1884006
2030,sc01,09-11 20:00:00+02:00,Gas,0.0
2030,sc01,09-11 20:00:00+02:00,SynchronousCondenser,0.0
2030,sc01,09-11 20:00:00+02:00,Battery,0.0
2030,sc01,09-11 20:00:00+02:00,Solar,0.0
2030,sc01,09-11 20:00:00+02:00,OCGT,0.2239227323045206
2030,sc01,09-11 21:00:00+02:00,CCGT,1.1068194777599853
2030,sc01,09-11 21:00:00+02:00,Wind,0.17609722500000002
2030,sc01,09-11 21:00:00+02:00,Gas,0.0
2030,sc01,09-11 21:00:00+02:00,SynchronousCondenser,0.0
2030,sc01,09-11 21:00:00+02:00,Battery,0.0
2030,sc01,09-11 21:00:00+02:00,Solar,0.0
2030,sc01,09-11 21:00:00+02:00,OCGT,0.16496708729844972
2030,sc01,09-11 22:00:00+02:00,CCGT,1.0893739209599853
2030,sc01,09-11 22:00:00+02:00,Wind,0.17320635
2030,sc01,09-11 22:00:00+02:00,Gas,0.0
2030,sc01,09-11 22:00:00+02:00,SynchronousCondenser,0.0
2030,sc01,09-11 22:00:00+02:00,Battery,0.0
2030,sc01,09-11 22:00:00+02:00,Solar,0.0
2030,sc01,09-11 22:00:00+02:00,OCGT,0.11434683659392345
2030,sc01,09-11 23:00:00+02:00,CCGT,1.0786747960799854
2030,sc01,09-11 23:00:00+02:00,Wind,0.1753500375
2030,sc01,09-11 23:00:00+02:00,Gas,0.0
2030,sc01,09-11 23:00:00+02:00,SynchronousCondenser,0.0
2030,sc01,09-11 23:00:00+02:00,Battery,0.0
2030,sc01,09-11 23:00:00+02:00,Solar,0.0
2030,sc01,09-11 23:00:00+02:00,OCGT,0.07806883713360423
2030,sc01,09-20 00:00:00+02:00,CCGT,0.6957340035199903
2030,sc01,09-20 00:00:00+02:00,Wind,0.100294325
2030,sc01,09-20 00:00:00+02:00,Gas,0.0
2030,sc01,09-20 00:00:00+02:00,SynchronousCondenser,0.0
2030,sc01,09-20 00:00:00+02:00,Battery,0.0
2030,sc01,09-20 00:00:00+02:00,Solar,0.0
2030,sc01,09-20 00:00:00+02:00,OCGT,0.03770465618203134
2030,sc01,09-20 01:00:00+02:00,CCGT,0.6906549977199903
2030,sc01,09-20 01:00:00+02:00,Wind,0.0955748
2030,sc01,09-20 01:00:00+02:00,Gas,0.0
2030,sc01,09-20 01:00:00+02:00,SynchronousCondenser,0.0
2030,sc01,09-20 01:00:00+02:00,Battery,0.0
2030,sc01,09-20 01:00:00+02:00,Solar,0.0
2030,sc01,09-20 01:00:00+02:00,OCGT,0.0312541684707949
2030,sc01,09-20 02:00:00+02:00,CCGT,0.6865464826799903
2030,sc01,09-20 02:00:00+02:00,Wind,0.08882482500000001
2030,sc01,09-20 02:00:00+02:00,Gas,0.0
2030,sc01,09-20 02:00:00+02:00,SynchronousCondenser,0.0
2030,sc01,09-20 02:00:00+02:00,Battery,0.0
2030,sc01,09-20 02:00:00+02:00,Solar,0.0
2030,sc01,09-20 02:00:00+02:00,OCGT,0.028611265913484382
2030,sc01,09-20 03:00:00+02:00,CCGT,0.6857767412799903
2030,sc01,09-20 03:00:00+02:00,Wind,0.08171515
2030,sc01,09-20 03:00:00+02:00,Gas,0.0
2030,sc01,09-20 03:00:00+02:00,SynchronousCondenser,0.0
2030,sc01,09-20 03:00:00+02:00,Battery,0.0
2030,sc01,09-20 03:00:00+02:00,Solar,0.0
2030,sc01,09-20 03:00:00+02:00,OCGT,0.02915606650534998
2030,sc01,09-20 04:00:00+02:00,CCGT,0.6858183051599903
2030,sc01,09-20 04:00:00+02:00,Wind,0.075679625
2030,sc01,09-20 04:00:00+02:00,Gas,0.0
2030,sc01,09-20 04:00:00+02:00,SynchronousCondenser,0.0
2030,sc01,09-20 04:00:00+02:00,Battery,0.0
2030,sc01,09-20 04:00:00+02:00,Solar,0.0
2030,sc01,09-20 04:00:00+02:00,OCGT,0.03669624568458231
2030,sc01,09-20 05:00:00+02:00,CCGT,0.6872607919999904
2030,sc01,09-20 05:00:00+02:00,Wind,0.07028870000000001
2030,sc01,09-20 05:00:00+02:00,Gas,0.0
2030,sc01,09-20 05:00:00+02:00,SynchronousCondenser,0.0
2030,sc01,09-20 05:00:00+02:00,Battery,0.0
2030,sc01,09-20 05:00:00+02:00,Solar,3.655e-05
2030,sc01,09-20 05:00:00+02:00,OCGT,0.04440349082735387
2030,sc01,09-20 06:00:00+02:00,CCGT,0.6893442241999903
2030,sc01,09-20 06:00:00+02:00,Wind,0.06494925000000001
2030,sc01,09-20 06:00:00+02:00,Gas,0.0
2030,sc01,09-20 06:00:00+02:00,SynchronousCondenser,0.0
2030,sc01,09-20 06:00:00+02:00,Battery,0.0
2030,sc01,09-20 06:00:00+02:00,Solar,0.00019275
2030,sc01,09-20 06:00:00+02:00,OCGT,0.06799698514676886
2030,sc01,09-20 07:00:00+02:00,CCGT,0.6891684405199903
2030,sc01,09-20 07:00:00+02:00,Wind,0.059719850000000005
2030,sc01,09-20 07:00:00+02:00,Gas,0.0
2030,sc01,09-20 07:00:00+02:00,SynchronousCondenser,0.0
2030,sc01,09-20 07:00:00+02:00,Battery,0.0
2030,sc01,09-20 07:00:00+02:00,Solar,0.0141573
2030,sc01,09-20 07:00:00+02:00,OCGT,0.09414951326981745
2030,sc01,09-20 08:00:00+02:00,CCGT,0.6982866081999903
2030,sc01,09-20 08:00:00+02:00,Wind,0.0521174
2030,sc01,09-20 08:00:00+02:00,Gas,0.0
2030,sc01,09-20 08:00:00+02:00,SynchronousCondenser,0.0
2030,sc01,09-20 08:00:00+02:00,Battery,0.0
2030,sc01,09-20 08:00:00+02:00,Solar,0.06937865
2030,sc01,09-20 08:00:00+02:00,OCGT,0.08569506122649316
2030,sc01,09-20 09:00:00+02:00,CCGT,0.7004011533199903
2030,sc01,09-20 09:00:00+02:00,Wind,0.0503057
2030,sc01,09-20 09:00:00+02:00,Gas,0.0
2030,sc01,09-20 09:00:00+02:00,SynchronousCondenser,0.0
2030,sc01,09-20 09:00:00+02:00,Battery,0.0
2030,sc01,09-20 09:00:00+02:00,Solar,0.11587885
2030,sc01,09-20 09:00:00+02:00,OCGT,0.07082198736918449
2030,sc01,09-20 10:00:00+02:00,CCGT,0.7022475679199903
2030,sc01,09-20 10:00:00+02:00,Wind,0.049499650000000006
2030,sc01,09-20 10:00:00+02:00,Gas,0.0
2030,sc01,09-20 10:00:00+02:00,SynchronousCondenser,0.0
2030,sc01,09-20 10:00:00+02:00,Battery,0.0
2030,sc01,09-20 10:00:00+02:00,Solar,0.14721465
2030,sc01,09-20 10:00:00+02:00,OCGT,0.05864078847853524
2030,sc01,09-20 11:00:00+02:00,CCGT,0.7030106354799903
2030,sc01,09-20 11:00:00+02:00,Wind,0.049416775
2030,sc01,09-20 11:00:00+02:00,Gas,0.0
2030,sc01,09-20 11:00:00+02:00,SynchronousCondenser,0.0
2030,sc01,09-20 11:00:00+02:00,Battery,0.0
2030,sc01,09-20 11:00:00+02:00,Solar,0.16414109999999998
2030,sc01,09-20 11:00:00+02:00,OCGT,0.05686592224134335
2030,sc01,09-20 12:00:00+02:00,CCGT,0.7057545832399903
2030,sc01,09-20 12:00:00+02:00,Wind,0.0451675
2030,sc01,09-20 12:00:00+02:00,Gas,0.0
2030,sc01,09-20 12:00:00+02:00,SynchronousCondenser,0.0
2030,sc01,09-20 12:00:00+02:00,Battery,0.0
2030,sc01,09-20 12:00:00+02:00,Solar,0.17135365
2030,sc01,09-20 12:00:00+02:00,OCGT,0.062245330460776765
2030,sc01,09-20 13:00:00+02:00,CCGT,0.7063255290799904
2030,sc01,09-20 13:00:00+02:00,Wind,0.044593850000000004
2030,sc01,09-20 13:00:00+02:00,Gas,0.0
2030,sc01,09-20 13:00:00+02:00,SynchronousCondenser,0.0
2030,sc01,09-20 13:00:00+02:00,Battery,0.0
2030,sc01,09-20 13:00:00+02:00,Solar,0.1709876
2030,sc01,09-20 13:00:00+02:00,OCGT,0.07169553410693398
2030,sc01,09-20 14:00:00+02:00,CCGT,0.7001699009599903
2030,sc01,09-20 14:00:00+02:00,Wind,0.046033425
2030,sc01,09-20 14:00:00+02:00,Gas,0.0
2030,sc01,09-20 14:00:00+02:00,SynchronousCondenser,0.0
2030,sc01,09-20 14:00:00+02:00,Battery,0.0
2030,sc01,09-20 14:00:00+02:00,Solar,0.16401374999999999
2030,sc01,09-20 14:00:00+02:00,OCGT,0.07945274466911921
2030,sc01,09-20 15:00:00+02:00,CCGT,0.6967584077199903
2030,sc01,09-20 15:00:00+02:00,Wind,0.052515099999999995
2030,sc01,09-20 15:00:00+02:00,Gas,0.0
2030,sc01,09-20 15:00:00+02:00,SynchronousCondenser,0.0
2030,sc01,09-20 15:00:00+02:00,Battery,0.0
2030,sc01,09-20 15:00:00+02:00,Solar,0.1476001
2030,sc01,09-20 15:00:00+02:00,OCGT,0.08882596183583917
2030,sc01,09-20 16:00:00+02:00,CCGT,0.6955336709999903
2030,sc01,09-20 16:00:00+02:00,Wind,0.059732425
2030,sc01,09-20 16:00:00+02:00,Gas,0.0
2030,sc01,09-20 16:00:00+02:00,SynchronousCondenser,0.0
2030,sc01,09-20 16:00:00+02:00,Battery,0.0
2030,sc01,09-20 16:00:00+02:00,Solar,0.12057230000000001
2030,sc01,09-20 16:00:00+02:00,OCGT,0.09981548221488068
2030,sc01,09-20 17:00:00+02:00,CCGT,0.6975433549999903
2030,sc01,09-20 17:00:00+02:00,Wind,0.06360255000000001
2030,sc01,09-20 17:00:00+02:00,Gas,0.0
2030,sc01,09-20 17:00:00+02:00,SynchronousCondenser,0.0
2030,sc01,09-20 17:00:00+02:00,Battery,0.0
2030,sc01,09-20 17:00:00+02:00,Solar,0.07826785
2030,sc01,09-20 17:00:00+02:00,OCGT,0.11748770159933179
2030,sc01,09-20 18:00:00+02:00,CCGT,0.7029897497999903
2030,sc01,09-20 18:00:00+02:00,Wind,0.057777575
2030,sc01,09-20 18:00:00+02:00,Gas,0.0
2030,sc01,09-20 18:00:00+02:00,SynchronousCondenser,0.0
2030,sc01,09-20 18:00:00+02:00,Battery,0.0
2030,sc01,09-20 18:00:00+02:00,Solar,0.022659600000000002
2030,sc01,09-20 18:00:00+02:00,OCGT,0.16551672710357124
2030,sc01,09-20 19:00:00+02:00,CCGT,0.7186665849999903
2030,sc01,09-20 19:00:00+02:00,Wind,0.057699575
2030,sc01,09-20 19:00:00+02:00,Gas,0.0
2030,sc01,09-20 19:00:00+02:00,SynchronousCondenser,0.0
2030,sc01,09-20 19:00:00+02:00,Battery,0.0
2030,sc01,09-20 19:00:00+02:00,Solar,0.0003703
2030,sc01,09-20 19:00:00+02:00,OCGT,0.16729999044469462
2030,sc01,09-20 20:00:00+02:00,CCGT,0.7312495861999904
2030,sc01,09-20 20:00:00+02:00,Wind,0.054250425
2030,sc01,09-20 20:00:00+02:00,Gas,0.0
2030,sc01,09-20 20:00:00+02:00,SynchronousCondenser,0.0
2030,sc01,09-20 20:00:00+02:00,Battery,0.0
2030,sc01,09-20 20:00:00+02:00,Solar,0.0
2030,sc01,09-20 20:00:00+02:00,OCGT,0.15076910298863172
2030,sc01,09-20 21:00:00+02:00,CCGT,0.7256177250399903
2030,sc01,09-20 21:00:00+02:00,Wind,0.045408475000000004
2030,sc01,09-20 21:00:00+02:00,Gas,0.0
2030,sc01,09-20 21:00:00+02:00,SynchronousCondenser,0.0
2030,sc01,09-20 21:00:00+02:00,Battery,0.0
2030,sc01,09-20 21:00:00+02:00,Solar,0.0
2030,sc01,09-20 21:00:00+02:00,OCGT,0.12951900440498798
2030,sc01,09-20 22:00:00+02:00,CCGT,0.7144976898399903
2030,sc01,09-20 22:00:00+02:00,Wind,0.037390525
2030,sc01,09-20 22:00:00+02:00,Gas,0.0
2030,sc01,09-20 22:00:00+02:00,SynchronousCondenser,0.0
2030,sc01,09-20 22:00:00+02:00,Battery,0.0
2030,sc01,09-20 22:00:00+02:00,Solar,0.0
2030,sc01,09-20 22:00:00+02:00,OCGT,0.10834467929473657
2030,sc01,09-20 23:00:00+02:00,CCGT,0.7045635473199903
2030,sc01,09-20 23:00:00+02:00,Wind,0.033192650000000004
2030,sc01,09-20 23:00:00+02:00,Gas,0.0
2030,sc01,09-20 23:00:00+02:00,SynchronousCondenser,0.0
2030,sc01,09-20 23:00:00+02:00,Battery,0.0
2030,sc01,09-20 23:00:00+02:00,Solar,0.0
2030,sc01,09-20 23:00:00+02:00,OCGT,0.08886907998922902
2030,sc01,10-02 00:00:00+02:00,CCGT,0.7090415880799903
2030,sc01,10-02 00:00:00+02:00,Wind,0.06579945
2030,sc01,10-02 00:00:00+02:00,Gas,0.0
2030,sc01,10-02 00:00:00+02:00,SynchronousCondenser,0.0
2030,sc01,10-02 00:00:00+02:00,Battery,0.0
2030,sc01,10-02 00:00:00+02:00,Solar,0.0
2030,sc01,10-02 00:00:00+02:00,OCGT,0.05062012405256826
2030,sc01,10-02 01:00:00+02:00,CCGT,0.7040604199199902
2030,sc01,10-02 01:00:00+02:00,Wind,0.065465325
2030,sc01,10-02 01:00:00+02:00,Gas,0.0
2030,sc01,10-02 01:00:00+02:00,SynchronousCondenser,0.0
2030,sc01,10-02 01:00:00+02:00,Battery,0.0
2030,sc01,10-02 01:00:00+02:00,Solar,0.0
2030,sc01,10-02 01:00:00+02:00,OCGT,0.044870578574019854
2030,sc01,10-02 02:00:00+02:00,CCGT,0.7008248913199903
2030,sc01,10-02 02:00:00+02:00,Wind,0.058835450000000004
2030,sc01,10-02 02:00:00+02:00,Gas,0.0
2030,sc01,10-02 02:00:00+02:00,SynchronousCondenser,0.0
2030,sc01,10-02 02:00:00+02:00,Battery,0.0
2030,sc01,10-02 02:00:00+02:00,Solar,0.0
2030,sc01,10-02 02:00:00+02:00,OCGT,0.04518305677664722
2030,sc01,10-02 03:00:00+02:00,CCGT,0.7010709490399903
2030,sc01,10-02 03:00:00+02:00,Wind,0.052885325000000004
2030,sc01,10-02 03:00:00+02:00,Gas,0.0
2030,sc01,10-02 03:00:00+02:00,SynchronousCondenser,0.0
2030,sc01,10-02 03:00:00+02:00,Battery,0.0
2030,sc01,10-02 03:00:00+02:00,Solar,0.0
2030,sc01,10-02 03:00:00+02:00,OCGT,0.050954548482561826
2030,sc01,10-02 04:00:00+02:00,CCGT,0.7030961599599903
2030,sc01,10-02 04:00:00+02:00,Wind,0.0472913
2030,sc01,10-02 04:00:00+02:00,Gas,0.0
2030,sc01,10-02 04:00:00+02:00,SynchronousCondenser,0.0
2030,sc01,10-02 04:00:00+02:00,Battery,0.0
2030,sc01,10-02 04:00:00+02:00,Solar,0.0
2030,sc01,10-02 04:00:00+02:00,OCGT,0.06826886716129944
2030,sc01,10-02 05:00:00+02:00,CCGT,0.7140312514399904
2030,sc01,10-02 05:00:00+02:00,Wind,0.0439979
2030,sc01,10-02 05:00:00+02:00,Gas,0.0
2030,sc01,10-02 05:00:00+02:00,SynchronousCondenser,0.0
2030,sc01,10-02 05:00:00+02:00,Battery,0.0
2030,sc01,10-02 05:00:00+02:00,Solar,0.0
2030,sc01,10-02 05:00:00+02:00,OCGT,0.08642120845959525
2030,sc01,10-02 06:00:00+02:00,CCGT,0.7349496116799903
2030,sc01,10-02 06:00:00+02:00,Wind,0.038070549999999995
2030,sc01,10-02 06:00:00+02:00,Gas,0.0
2030,sc01,10-02 06:00:00+02:00,SynchronousCondenser,0.0
2030,sc01,10-02 06:00:00+02:00,Battery,0.0
2030,sc01,10-02 06:00:00+02:00,Solar,6.19e-05
2030,sc01,10-02 06:00:00+02:00,OCGT,0.10591032915966715
2030,sc01,10-02 07:00:00+02:00,CCGT,0.7460416280399903
2030,sc01,10-02 07:00:00+02:00,Wind,0.0336284
2030,sc01,10-02 07:00:00+02:00,Gas,0.0
2030,sc01,10-02 07:00:00+02:00,SynchronousCondenser,0.0
2030,sc01,10-02 07:00:00+02:00,Battery,0.0
2030,sc01,10-02 07:00:00+02:00,Solar,0.0067584
2030,sc01,10-02 07:00:00+02:00,OCGT,0.12081275893680601
2030,sc01,10-02 08:00:00+02:00,CCGT,0.7507822819599903
2030,sc01,10-02 08:00:00+02:00,Wind,0.025405200000000003
2030,sc01,10-02 08:00:00+02:00,Gas,0.0
2030,sc01,10-02 08:00:00+02:00,SynchronousCondenser,0.0
2030,sc01,10-02 08:00:00+02:00,Battery,0.0
2030,sc01,10-02 08:00:00+02:00,Solar,0.0517779
2030,sc01,10-02 08:00:00+02:00,OCGT,0.10908397897066463
2030,sc01,10-02 09:00:00+02:00,CCGT,0.7512210592399903
2030,sc01,10-02 09:00:00+02:00,Wind,0.0185447
2030,sc01,10-02 09:00:00+02:00,Gas,0.0
2030,sc01,10-02 09:00:00+02:00,SynchronousCondenser,0.0
2030,sc01,10-02 09:00:00+02:00,Battery,0.0
2030,sc01,10-02 09:00:00+02:00,Solar,0.099868
2030,sc01,10-02 09:00:00+02:00,OCGT,0.09630450705809972
2030,sc01,10-02 10:00:00+02:00,CCGT,0.7473237442799903
2030,sc01,10-02 10:00:00+02:00,Wind,0.02739595
2030,sc01,10-02 10:00:00+02:00,Gas,0.0
2030,sc01,10-02 10:00:00+02:00,SynchronousCondenser,0.0
2030,sc01,10-02 10:00:00+02:00,Battery,0.0
2030,sc01,10-02 10:00:00+02:00,Solar,0.1337369
2030,sc01,10-02 10:00:00+02:00,OCGT,0.08284480269493723
2030,sc01,10-02 11:00:00+02:00,CCGT,0.7494212255999904
2030,sc01,10-02 11:00:00+02:00,Wind,0.045057150000000004
2030,sc01,10-02 11:00:00+02:00,Gas,0.0
2030,sc01,10-02 11:00:00+02:00,SynchronousCondenser,0.0
2030,sc01,10-02 11:00:00+02:00,Battery,0.0
2030,sc01,10-02 11:00:00+02:00,Solar,0.1500726
2030,sc01,10-02 11:00:00+02:00,OCGT,0.07530678487691989
2030,sc01,10-02 12:00:00+02:00,CCGT,0.7488298231599902
2030,sc01,10-02 12:00:00+02:00,Wind,0.0636329
2030,sc01,10-02 12:00:00+02:00,Gas,0.0
2030,sc01,10-02 12:00:00+02:00,SynchronousCondenser,0.0
2030,sc01,10-02 12:00:00+02:00,Battery,0.0
2030,sc01,10-02 12:00:00+02:00,Solar,0.15675360000000002
2030,sc01,10-02 12:00:00+02:00,OCGT,0.07087445531713546
2030,sc01,10-02 13:00:00+02:00,CCGT,0.7426554438799903
2030,sc01,10-02 13:00:00+02:00,Wind,0.079460625
2030,sc01,10-02 13:00:00+02:00,Gas,0.0
2030,sc01,10-02 13:00:00+02:00,SynchronousCondenser,0.0
2030,sc01,10-02 13:00:00+02:00,Battery,0.0
2030,sc01,10-02 13:00:00+02:00,Solar,0.1546192
2030,sc01,10-02 13:00:00+02:00,OCGT,0.07725062783005666
2030,sc01,10-02 14:00:00+02:00,CCGT,0.7383750828399903
2030,sc01,10-02 14:00:00+02:00,Wind,0.0918098
2030,sc01,10-02 14:00:00+02:00,Gas,0.0
2030,sc01,10-02 14:00:00+02:00,SynchronousCondenser,0.0
2030,sc01,10-02 14:00:00+02:00,Battery,0.0
2030,sc01,10-02 14:00:00+02:00,Solar,0.14475235
2030,sc01,10-02 14:00:00+02:00,OCGT,0.08538079646182743
2030,sc01,10-02 15:00:00+02:00,CCGT,0.7370109893999903
2030,sc01,10-02 15:00:00+02:00,Wind,0.10521125
2030,sc01,10-02 15:00:00+02:00,Gas,0.0
2030,sc01,10-02 15:00:00+02:00,SynchronousCondenser,0.0
2030,sc01,10-02 15:00:00+02:00,Battery,0.0
2030,sc01,10-02 15:00:00+02:00,Solar,0.12337954999999999
2030,sc01,10-02 15:00:00+02:00,OCGT,0.0899270286856346
2030,sc01,10-02 16:00:00+02:00,CCGT,0.7366523699599903
2030,sc01,10-02 16:00:00+02:00,Wind,0.11493967499999999
2030,sc01,10-02 16:00:00+02:00,Gas,0.0
2030,sc01,10-02 16:00:00+02:00,SynchronousCondenser,0.0
2030,sc01,10-02 16:00:00+02:00,Battery,0.0
2030,sc01,10-02 16:00:00+02:00,Solar,0.09099745000000001
2030,sc01,10-02 16:00:00+02:00,OCGT,0.09771661191772704
2030,sc01,10-02 17:00:00+02:00,CCGT,0.7357747587199903
2030,sc01,10-02 17:00:00+02:00,Wind,0.114122025
2030,sc01,10-02 17:00:00+02:00,Gas,0.0
2030,sc01,10-02 17:00:00+02:00,SynchronousCondenser,0.0
2030,sc01,10-02 17:00:00+02:00,Battery,0.0
2030,sc01,10-02 17:00:00+02:00,Solar,0.0496239
2030,sc01,10-02 17:00:00+02:00,OCGT,0.12474414330622052
2030,sc01,10-02 18:00:00+02:00,CCGT,0.7407729256799903
2030,sc01,10-02 18:00:00+02:00,Wind,0.09257515
2030,sc01,10-02 18:00:00+02:00,Gas,0.0
2030,sc01,10-02 18:00:00+02:00,SynchronousCondenser,0.0
2030,sc01,10-02 18:00:00+02:00,Battery,0.0
2030,sc01,10-02 18:00:00+02:00,Solar,0.0082168
2030,sc01,10-02 18:00:00+02:00,OCGT,0.16978782986748886
2030,sc01,10-02 19:00:00+02:00,CCGT,0.7547160766399903
2030,sc01,10-02 19:00:00+02:00,Wind,0.08425320000000001
2030,sc01,10-02 19:00:00+02:00,Gas,0.0
2030,sc01,10-02 19:00:00+02:00,SynchronousCondenser,0.0
2030,sc01,10-02 19:00:00+02:00,Battery,0.0
2030,sc01,10-02 19:00:00+02:00,Solar,0.0
2030,sc01,10-02 19:00:00+02:00,OCGT,0.1612465544392334
2030,sc01,10-02 20:00:00+02:00,CCGT,0.7546262443599903
2030,sc01,10-02 20:00:00+02:00,Wind,0.086282575
2030,sc01,10-02 20:00:00+02:00,Gas,0.0
2030,sc01,10-02 20:00:00+02:00,SynchronousCondenser,0.0
2030,sc01,10-02 20:00:00+02:00,Battery,0.0
2030,sc01,10-02 20:00:00+02:00,Solar,0.0
2030,sc01,10-02 20:00:00+02:00,OCGT,0.1354233281392942
2030,sc01,10-02 21:00:00+02:00,CCGT,0.7376136273599904
2030,sc01,10-02 21:00:00+02:00,Wind,0.08786535000000001
2030,sc01,10-02 21:00:00+02:00,Gas,0.0
2030,sc01,10-02 21:00:00+02:00,SynchronousCondenser,0.0
2030,sc01,10-02 21:00:00+02:00,Battery,0.0
2030,sc01,10-02 21:00:00+02:00,Solar,0.0
2030,sc01,10-02 21:00:00+02:00,OCGT,0.09911759540562264
2030,sc01,10-02 22:00:00+02:00,CCGT,0.7254716292799903
2030,sc01,10-02 22:00:00+02:00,Wind,0.08808780000000001
2030,sc01,10-02 22:00:00+02:00,Gas,0.0
2030,sc01,10-02 22:00:00+02:00,SynchronousCondenser,0.0
2030,sc01,10-02 22:00:00+02:00,Battery,0.0
2030,sc01,10-02 22:00:00+02:00,Solar,0.0
2030,sc01,10-02 22:00:00+02:00,OCGT,0.06684611654613945
2030,sc01,10-02 23:00:00+02:00,CCGT,0.7176958585599903
2030,sc01,10-02 23:00:00+02:00,Wind,0.085147625
2030,sc01,10-02 23:00:00+02:00,Gas,0.0
2030,sc01,10-02 23:00:00+02:00,SynchronousCondenser,0.0
2030,sc01,10-02 23:00:00+02:00,Battery,0.0
2030,sc01,10-02 23:00:00+02:00,Solar,0.0
2030,sc01,10-02 23:00:00+02:00,OCGT,0.044684796003475635
2030,sc01,10-07 00:00:00+02:00,CCGT,0.35485095129999517
2030,sc01,10-07 00:00:00+02:00,Wind,0.0577451
2030,sc01,10-07 00:00:00+02:00,Gas,0.0
2030,sc01,10-07 00:00:00+02:00,SynchronousCondenser,0.0
2030,sc01,10-07 00:00:00+02:00,Battery,0.0
2030,sc01,10-07 00:00:00+02:00,Solar,0.0
2030,sc01,10-07 00:00:00+02:00,OCGT,0.01042745870214909
2030,sc01,10-07 01:00:00+02:00,CCGT,0.35228269759999514
2030,sc01,10-07 01:00:00+02:00,Wind,0.0530728875
2030,sc01,10-07 01:00:00+02:00,Gas,0.0
2030,sc01,10-07 01:00:00+02:00,SynchronousCondenser,0.0
2030,sc01,10-07 01:00:00+02:00,Battery,0.0
2030,sc01,10-07 01:00:00+02:00,Solar,0.0
2030,sc01,10-07 01:00:00+02:00,OCGT,0.009036597739158575
2030,sc01,10-07 02:00:00+02:00,CCGT,0.35144208147999517
2030,sc01,10-07 02:00:00+02:00,Wind,0.0453037
2030,sc01,10-07 02:00:00+02:00,Gas,0.0
2030,sc01,10-07 02:00:00+02:00,SynchronousCondenser,0.0
2030,sc01,10-07 02:00:00+02:00,Battery,0.0
2030,sc01,10-07 02:00:00+02:00,Solar,0.0
2030,sc01,10-07 02:00:00+02:00,OCGT,0.012084513256318513
2030,sc01,10-07 03:00:00+02:00,CCGT,0.35098561331999517
2030,sc01,10-07 03:00:00+02:00,Wind,0.040100050000000005
2030,sc01,10-07 03:00:00+02:00,Gas,0.0
2030,sc01,10-07 03:00:00+02:00,SynchronousCondenser,0.0
2030,sc01,10-07 03:00:00+02:00,Battery,0.0
2030,sc01,10-07 03:00:00+02:00,Solar,0.0
2030,sc01,10-07 03:00:00+02:00,OCGT,0.016866792299562547
2030,sc01,10-07 04:00:00+02:00,CCGT,0.35196197285999514
2030,sc01,10-07 04:00:00+02:00,Wind,0.0362916
2030,sc01,10-07 04:00:00+02:00,Gas,0.0
2030,sc01,10-07 04:00:00+02:00,SynchronousCondenser,0.0
2030,sc01,10-07 04:00:00+02:00,Battery,0.0
2030,sc01,10-07 04:00:00+02:00,Solar,0.0
2030,sc01,10-07 04:00:00+02:00,OCGT,0.025413541265460346
2030,sc01,10-07 05:00:00+02:00,CCGT,0.35722971869999515
2030,sc01,10-07 05:00:00+02:00,Wind,0.0303612625
2030,sc01,10-07 05:00:00+02:00,Gas,0.0
2030,sc01,10-07 05:00:00+02:00,SynchronousCondenser,0.0
2030,sc01,10-07 05:00:00+02:00,Battery,0.0
2030,sc01,10-07 05:00:00+02:00,Solar,0.0
2030,sc01,10-07 05:00:00+02:00,OCGT,0.03686776734021423
2030,sc01,10-07 06:00:00+02:00,CCGT,0.36822784727999514
2030,sc01,10-07 06:00:00+02:00,Wind,0.025992762500000002
2030,sc01,10-07 06:00:00+02:00,Gas,0.0
2030,sc01,10-07 06:00:00+02:00,SynchronousCondenser,0.0
2030,sc01,10-07 06:00:00+02:00,Battery,0.0
2030,sc01,10-07 06:00:00+02:00,Solar,2.7099999999999998e-05
2030,sc01,10-07 06:00:00+02:00,OCGT,0.046897249160734844
2030,sc01,10-07 07:00:00+02:00,CCGT,0.37387658713999516
2030,sc01,10-07 07:00:00+02:00,Wind,0.0217909375
2030,sc01,10-07 07:00:00+02:00,Gas,0.0
2030,sc01,10-07 07:00:00+02:00,SynchronousCondenser,0.0
2030,sc01,10-07 07:00:00+02:00,Battery,0.0
2030,sc01,10-07 07:00:00+02:00,Solar,0.00221245
2030,sc01,10-07 07:00:00+02:00,OCGT,0.055897844485072935
2030,sc01,10-07 08:00:00+02:00,CCGT,0.3754074598399952
2030,sc01,10-07 08:00:00+02:00,Wind,0.0173879625
2030,sc01,10-07 08:00:00+02:00,Gas,0.0
2030,sc01,10-07 08:00:00+02:00,SynchronousCondenser,0.0
2030,sc01,10-07 08:00:00+02:00,Battery,0.0
2030,sc01,10-07 08:00:00+02:00,Solar,0.02136975
2030,sc01,10-07 08:00:00+02:00,OCGT,0.053491188173686297
2030,sc01,10-07 09:00:00+02:00,CCGT,0.37738335661999517
2030,sc01,10-07 09:00:00+02:00,Wind,0.016101475
2030,sc01,10-07 09:00:00+02:00,Gas,0.0
2030,sc01,10-07 09:00:00+02:00,SynchronousCondenser,0.0
2030,sc01,10-07 09:00:00+02:00,Battery,0.0
2030,sc01,10-07 09:00:00+02:00,Solar,0.046498725000000005
2030,sc01,10-07 09:00:00+02:00,OCGT,0.04480733012154332
2030,sc01,10-07 10:00:00+02:00,CCGT,0.37688866045999514
2030,sc01,10-07 10:00:00+02:00,Wind,0.016552975
2030,sc01,10-07 10:00:00+02:00,Gas,0.0
2030,sc01,10-07 10:00:00+02:00,SynchronousCondenser,0.0
2030,sc01,10-07 10:00:00+02:00,Battery,0.0
2030,sc01,10-07 10:00:00+02:00,Solar,0.06354172500000001
2030,sc01,10-07 10:00:00+02:00,OCGT,0.039560164555452054
2030,sc01,10-07 11:00:00+02:00,CCGT,0.3767105014599952
2030,sc01,10-07 11:00:00+02:00,Wind,0.0176706875
2030,sc01,10-07 11:00:00+02:00,Gas,0.0
2030,sc01,10-07 11:00:00+02:00,SynchronousCondenser,0.0
2030,sc01,10-07 11:00:00+02:00,Battery,0.0
2030,sc01,10-07 11:00:00+02:00,Solar,0.070022175
2030,sc01,10-07 11:00:00+02:00,OCGT,0.04429877464536861
2030,sc01,10-07 12:00:00+02:00,CCGT,0.3767545484999952
2030,sc01,10-07 12:00:00+02:00,Wind,0.019283075
2030,sc01,10-07 12:00:00+02:00,Gas,0.0
2030,sc01,10-07 12:00:00+02:00,SynchronousCondenser,0.0
2030,sc01,10-07 12:00:00+02:00,Battery,0.0
2030,sc01,10-07 12:00:00+02:00,Solar,0.072127675
2030,sc01,10-07 12:00:00+02:00,OCGT,0.04796008670407036
2030,sc01,10-07 13:00:00+02:00,CCGT,0.37258792097999516
2030,sc01,10-07 13:00:00+02:00,Wind,0.0214760375
2030,sc01,10-07 13:00:00+02:00,Gas,0.0
2030,sc01,10-07 13:00:00+02:00,SynchronousCondenser,0.0
2030,sc01,10-07 13:00:00+02:00,Battery,0.0
2030,sc01,10-07 13:00:00+02:00,Solar,0.0713874
2030,sc01,10-07 13:00:00+02:00,OCGT,0.053097020703551226
2030,sc01,10-07 14:00:00+02:00,CCGT,0.36928563413999516
2030,sc01,10-07 14:00:00+02:00,Wind,0.024405925000000002
2030,sc01,10-07 14:00:00+02:00,Gas,0.0
2030,sc01,10-07 14:00:00+02:00,SynchronousCondenser,0.0
2030,sc01,10-07 14:00:00+02:00,Battery,0.0
2030,sc01,10-07 14:00:00+02:00,Solar,0.067695975
2030,sc01,10-07 14:00:00+02:00,OCGT,0.058230112870432706
2030,sc01,10-07 15:00:00+02:00,CCGT,0.36847810387999513
2030,sc01,10-07 15:00:00+02:00,Wind,0.027184112500000003
2030,sc01,10-07 15:00:00+02:00,Gas,0.0
2030,sc01,10-07 15:00:00+02:00,SynchronousCondenser,0.0
2030,sc01,10-07 15:00:00+02:00,Battery,0.0
2030,sc01,10-07 15:00:00+02:00,Solar,0.060003850000000004
2030,sc01,10-07 15:00:00+02:00,OCGT,0.061516636904412905
2030,sc01,10-07 16:00:00+02:00,CCGT,0.36838600395999516
2030,sc01,10-07 16:00:00+02:00,Wind,0.0293537375
2030,sc01,10-07 16:00:00+02:00,Gas,0.0
2030,sc01,10-07 16:00:00+02:00,SynchronousCondenser,0.0
2030,sc01,10-07 16:00:00+02:00,Battery,0.0
2030,sc01,10-07 16:00:00+02:00,Solar,0.0461101
2030,sc01,10-07 16:00:00+02:00,OCGT,0.0661180888986941
2030,sc01,10-07 17:00:00+02:00,CCGT,0.36800209893999514
2030,sc01,10-07 17:00:00+02:00,Wind,0.03168155
2030,sc01,10-07 17:00:00+02:00,Gas,0.0
2030,sc01,10-07 17:00:00+02:00,SynchronousCondenser,0.0
2030,sc01,10-07 17:00:00+02:00,Battery,0.0
2030,sc01,10-07 17:00:00+02:00,Solar,0.025720600000000003
2030,sc01,10-07 17:00:00+02:00,OCGT,0.08225754322651335
2030,sc01,10-07 18:00:00+02:00,CCGT,0.37110615215999515
2030,sc01,10-07 18:00:00+02:00,Wind,0.0332379625
2030,sc01,10-07 18:00:00+02:00,Gas,0.0
2030,sc01,10-07 18:00:00+02:00,SynchronousCondenser,0.0
2030,sc01,10-07 18:00:00+02:00,Battery,0.0
2030,sc01,10-07 18:00:00+02:00,Solar,0.0036979250000000003
2030,sc01,10-07 18:00:00+02:00,OCGT,0.095077890924057
2030,sc01,10-07 19:00:00+02:00,CCGT,0.38024004703999514
2030,sc01,10-07 19:00:00+02:00,Wind,0.0386068625
2030,sc01,10-07 19:00:00+02:00,Gas,0.0
2030,sc01,10-07 19:00:00+02:00,SynchronousCondenser,0.0
2030,sc01,10-07 19:00:00+02:00,Battery,0.0
2030,sc01,10-07 19:00:00+02:00,Solar,0.0
2030,sc01,10-07 19:00:00+02:00,OCGT,0.08558503938822076
2030,sc01,10-07 20:00:00+02:00,CCGT,0.37885883677999516
2030,sc01,10-07 20:00:00+02:00,Wind,0.0440892875
2030,sc01,10-07 20:00:00+02:00,Gas,0.0
2030,sc01,10-07 20:00:00+02:00,SynchronousCondenser,0.0
2030,sc01,10-07 20:00:00+02:00,Battery,0.0
2030,sc01,10-07 20:00:00+02:00,Solar,0.0
2030,sc01,10-07 20:00:00+02:00,OCGT,0.06778989627978371
2030,sc01,10-07 21:00:00+02:00,CCGT,0.36935929395999517
2030,sc01,10-07 21:00:00+02:00,Wind,0.04557533750000001
2030,sc01,10-07 21:00:00+02:00,Gas,0.0
2030,sc01,10-07 21:00:00+02:00,SynchronousCondenser,0.0
2030,sc01,10-07 21:00:00+02:00,Battery,0.0
2030,sc01,10-07 21:00:00+02:00,Solar,0.0
2030,sc01,10-07 21:00:00+02:00,OCGT,0.04931413300103088
2030,sc01,10-07 22:00:00+02:00,CCGT,0.36207143755999516
2030,sc01,10-07 22:00:00+02:00,Wind,0.0455837375
2030,sc01,10-07 22:00:00+02:00,Gas,0.0
2030,sc01,10-07 22:00:00+02:00,SynchronousCondenser,0.0
2030,sc01,10-07 22:00:00+02:00,Battery,0.0
2030,sc01,10-07 22:00:00+02:00,Solar,0.0
2030,sc01,10-07 22:00:00+02:00,OCGT,0.03493131871672796
2030,sc01,10-07 23:00:00+02:00,CCGT,0.35734347969999514
2030,sc01,10-07 23:00:00+02:00,Wind,0.0471421625
2030,sc01,10-07 23:00:00+02:00,Gas,0.0
2030,sc01,10-07 23:00:00+02:00,SynchronousCondenser,0.0
2030,sc01,10-07 23:00:00+02:00,Battery,0.0
2030,sc01,10-07 23:00:00+02:00,Solar,0.0
2030,sc01,10-07 23:00:00+02:00,OCGT,0.02486524440774486
2030,sc01,10-08 00:00:00+02:00,CCGT,0.35341720067999516
2030,sc01,10-08 00:00:00+02:00,Wind,0.0483982375
2030,sc01,10-08 00:00:00+02:00,Gas,0.0
2030,sc01,10-08 00:00:00+02:00,SynchronousCondenser,0.0
2030,sc01,10-08 00:00:00+02:00,Battery,0.0
2030,sc01,10-08 00:00:00+02:00,Solar,0.0
2030,sc01,10-08 00:00:00+02:00,OCGT,0.016656013597883004
2030,sc01,10-08 01:00:00+02:00,CCGT,0.35112582899999517
2030,sc01,10-08 01:00:00+02:00,Wind,0.0465249375
2030,sc01,10-08 01:00:00+02:00,Gas,0.0
2030,sc01,10-08 01:00:00+02:00,SynchronousCondenser,0.0
2030,sc01,10-08 01:00:00+02:00,Battery,0.0
2030,sc01,10-08 01:00:00+02:00,Solar,0.0
2030,sc01,10-08 01:00:00+02:00,OCGT,0.01370265880958408
2030,sc01,10-08 02:00:00+02:00,CCGT,0.35024389593999516
2030,sc01,10-08 02:00:00+02:00,Wind,0.04362125000000001
2030,sc01,10-08 02:00:00+02:00,Gas,0.0
2030,sc01,10-08 02:00:00+02:00,SynchronousCondenser,0.0
2030,sc01,10-08 02:00:00+02:00,Battery,0.0
2030,sc01,10-08 02:00:00+02:00,Solar,0.0
2030,sc01,10-08 02:00:00+02:00,OCGT,0.013085014884304004
2030,sc01,10-08 03:00:00+02:00,CCGT,0.34994084589999513
2030,sc01,10-08 03:00:00+02:00,Wind,0.044057400000000004
2030,sc01,10-08 03:00:00+02:00,Gas,0.0
2030,sc01,10-08 03:00:00+02:00,SynchronousCondenser,0.0
2030,sc01,10-08 03:00:00+02:00,Battery,0.0
2030,sc01,10-08 03:00:00+02:00,Solar,0.0
2030,sc01,10-08 03:00:00+02:00,OCGT,0.011563663479039206
2030,sc01,10-08 04:00:00+02:00,CCGT,0.35094360727999513
2030,sc01,10-08 04:00:00+02:00,Wind,0.045016837500000004
2030,sc01,10-08 04:00:00+02:00,Gas,0.0
2030,sc01,10-08 04:00:00+02:00,SynchronousCondenser,0.0
2030,sc01,10-08 04:00:00+02:00,Battery,0.0
2030,sc01,10-08 04:00:00+02:00,Solar,0.0
2030,sc01,10-08 04:00:00+02:00,OCGT,0.017143695264950347
2030,sc01,10-08 05:00:00+02:00,CCGT,0.35699545263999516
2030,sc01,10-08 05:00:00+02:00,Wind,0.04247145
2030,sc01,10-08 05:00:00+02:00,Gas,0.0
2030,sc01,10-08 05:00:00+02:00,SynchronousCondenser,0.0
2030,sc01,10-08 05:00:00+02:00,Battery,0.0
2030,sc01,10-08 05:00:00+02:00,Solar,0.0
2030,sc01,10-08 05:00:00+02:00,OCGT,0.027575489815617624
2030,sc01,10-08 06:00:00+02:00,CCGT,0.36727048383999517
2030,sc01,10-08 06:00:00+02:00,Wind,0.040791275
2030,sc01,10-08 06:00:00+02:00,Gas,0.0
2030,sc01,10-08 06:00:00+02:00,SynchronousCondenser,0.0
2030,sc01,10-08 06:00:00+02:00,Battery,0.0
2030,sc01,10-08 06:00:00+02:00,Solar,2.285e-05
2030,sc01,10-08 06:00:00+02:00,OCGT,0.03786177201118586
2030,sc01,10-08 07:00:00+02:00,CCGT,0.37334136895999515
2030,sc01,10-08 07:00:00+02:00,Wind,0.0393854625
2030,sc01,10-08 07:00:00+02:00,Gas,0.0
2030,sc01,10-08 07:00:00+02:00,SynchronousCondenser,0.0
2030,sc01,10-08 07:00:00+02:00,Battery,0.0
2030,sc01,10-08 07:00:00+02:00,Solar,0.00172475
2030,sc01,10-08 07:00:00+02:00,OCGT,0.04865864115397056
2030,sc01,10-08 08:00:00+02:00,CCGT,0.3750805928199952
2030,sc01,10-08 08:00:00+02:00,Wind,0.0348551375
2030,sc01,10-08 08:00:00+02:00,Gas,0.0
2030,sc01,10-08 08:00:00+02:00,SynchronousCondenser,0.0
2030,sc01,10-08 08:00:00+02:00,Battery,0.0
2030,sc01,10-08 08:00:00+02:00,Solar,0.0207325
2030,sc01,10-08 08:00:00+02:00,OCGT,0.04739370311797803
2030,sc01,10-08 09:00:00+02:00,CCGT,0.3759883208599952
2030,sc01,10-08 09:00:00+02:00,Wind,0.0317959875
2030,sc01,10-08 09:00:00+02:00,Gas,0.0
2030,sc01,10-08 09:00:00+02:00,SynchronousCondenser,0.0
2030,sc01,10-08 09:00:00+02:00,Battery,0.0
2030,sc01,10-08 09:00:00+02:00,Solar,0.045899275
2030,sc01,10-08 09:00:00+02:00,OCGT,0.04007138148877078
2030,sc01,10-08 10:00:00+02:00,CCGT,0.37485428133999515
2030,sc01,10-08 10:00:00+02:00,Wind,0.028298062500000002
2030,sc01,10-08 10:00:00+02:00,Gas,0.0
2030,sc01,10-08 10:00:00+02:00,SynchronousCondenser,0.0
2030,sc01,10-08 10:00:00+02:00,Battery,0.0
2030,sc01,10-08 10:00:00+02:00,Solar,0.061172075
2030,sc01,10-08 10:00:00+02:00,OCGT,0.040256933984521376
2030,sc01,10-08 11:00:00+02:00,CCGT,0.3739715066599952
2030,sc01,10-08 11:00:00+02:00,Wind,0.022826037500000004
2030,sc01,10-08 11:00:00+02:00,Gas,0.0
2030,sc01,10-08 11:00:00+02:00,SynchronousCondenser,0.0
2030,sc01,10-08 11:00:00+02:00,Battery,0.0
2030,sc01,10-08 11:00:00+02:00,Solar,0.06872555
2030,sc01,10-08 11:00:00+02:00,OCGT,0.0482033229215001
2030,sc01,10-08 12:00:00+02:00,CCGT,0.37385898767999515
2030,sc01,10-08 12:00:00+02:00,Wind,0.01777105
2030,sc01,10-08 12:00:00+02:00,Gas,0.0
2030,sc01,10-08 12:00:00+02:00,SynchronousCondenser,0.0
2030,sc01,10-08 12:00:00+02:00,Battery,0.0
2030,sc01,10-08 12:00:00+02:00,Solar,0.0684554
2030,sc01,10-08 12:00:00+02:00,OCGT,0.05899837289986164
2030,sc01,10-08 13:00:00+02:00,CCGT,0.37049061447999515
2030,sc01,10-08 13:00:00+02:00,Wind,0.016828350000000002
2030,sc01,10-08 13:00:00+02:00,Gas,0.0
2030,sc01,10-08 13:00:00+02:00,SynchronousCondenser,0.0
2030,sc01,10-08 13:00:00+02:00,Battery,0.0
2030,sc01,10-08 13:00:00+02:00,Solar,0.067291175
2030,sc01,10-08 13:00:00+02:00,OCGT,0.06754498640444914
2030,sc01,10-08 14:00:00+02:00,CCGT,0.36729782787999515
2030,sc01,10-08 14:00:00+02:00,Wind,0.019369
2030,sc01,10-08 14:00:00+02:00,Gas,0.0
2030,sc01,10-08 14:00:00+02:00,SynchronousCondenser,0.0
2030,sc01,10-08 14:00:00+02:00,Battery,0.0
2030,sc01,10-08 14:00:00+02:00,Solar,0.062779325
2030,sc01,10-08 14:00:00+02:00,OCGT,0.0721969426754441
2030,sc01,10-08 15:00:00+02:00,CCGT,0.36678163621999516
2030,sc01,10-08 15:00:00+02:00,Wind,0.0255565375
2030,sc01,10-08 15:00:00+02:00,Gas,0.0
2030,sc01,10-08 15:00:00+02:00,SynchronousCondenser,0.0
2030,sc01,10-08 15:00:00+02:00,Battery,0.0
2030,sc01,10-08 15:00:00+02:00,Solar,0.055258725
2030,sc01,10-08 15:00:00+02:00,OCGT,0.07322142608768771
2030,sc01,10-08 16:00:00+02:00,CCGT,0.36677063647999514
2030,sc01,10-08 16:00:00+02:00,Wind,0.0293491375
2030,sc01,10-08 16:00:00+02:00,Gas,0.0
2030,sc01,10-08 16:00:00+02:00,SynchronousCondenser,0.0
2030,sc01,10-08 16:00:00+02:00,Battery,0.0
2030,sc01,10-08 16:00:00+02:00,Solar,0.043284750000000004
2030,sc01,10-08 16:00:00+02:00,OCGT,0.07551190331830868
2030,sc01,10-08 17:00:00+02:00,CCGT,0.36649581673999515
2030,sc01,10-08 17:00:00+02:00,Wind,0.031343725
2030,sc01,10-08 17:00:00+02:00,Gas,0.0
2030,sc01,10-08 17:00:00+02:00,SynchronousCondenser,0.0
2030,sc01,10-08 17:00:00+02:00,Battery,0.0
2030,sc01,10-08 17:00:00+02:00,Solar,0.0240307
2030,sc01,10-08 17:00:00+02:00,OCGT,0.09164721151054092
2030,sc01,10-08 18:00:00+02:00,CCGT,0.3698873299999952
2030,sc01,10-08 18:00:00+02:00,Wind,0.032696937499999995
2030,sc01,10-08 18:00:00+02:00,Gas,0.0
2030,sc01,10-08 18:00:00+02:00,SynchronousCondenser,0.0
2030,sc01,10-08 18:00:00+02:00,Battery,0.0
2030,sc01,10-08 18:00:00+02:00,Solar,0.003377975
2030,sc01,10-08 18:00:00+02:00,OCGT,0.10500797793235941
2030,sc01,10-08 19:00:00+02:00,CCGT,0.37889229771999516
2030,sc01,10-08 19:00:00+02:00,Wind,0.0407264125
2030,sc01,10-08 19:00:00+02:00,Gas,0.0
2030,sc01,10-08 19:00:00+02:00,SynchronousCondenser,0.0
2030,sc01,10-08 19:00:00+02:00,Battery,0.0
2030,sc01,10-08 19:00:00+02:00,Solar,0.0
2030,sc01,10-08 19:00:00+02:00,OCGT,0.09050497616122682
2030,sc01,10-08 20:00:00+02:00,CCGT,0.37759914701999514
2030,sc01,10-08 20:00:00+02:00,Wind,0.046035150000000004
2030,sc01,10-08 20:00:00+02:00,Gas,0.0
2030,sc01,10-08 20:00:00+02:00,SynchronousCondenser,0.0
2030,sc01,10-08 20:00:00+02:00,Battery,0.0
2030,sc01,10-08 20:00:00+02:00,Solar,0.0
2030,sc01,10-08 20:00:00+02:00,OCGT,0.07560741053800538
2030,sc01,10-08 21:00:00+02:00,CCGT,0.3689113323399952
2030,sc01,10-08 21:00:00+02:00,Wind,0.0484884
2030,sc01,10-08 21:00:00+02:00,Gas,0.0
2030,sc01,10-08 21:00:00+02:00,SynchronousCondenser,0.0
2030,sc01,10-08 21:00:00+02:00,Battery,0.0
2030,sc01,10-08 21:00:00+02:00,Solar,0.0
2030,sc01,10-08 21:00:00+02:00,OCGT,0.05549556599322733
2030,sc01,10-08 22:00:00+02:00,CCGT,0.36096483555999515
2030,sc01,10-08 22:00:00+02:00,Wind,0.046729137500000004
2030,sc01,10-08 22:00:00+02:00,Gas,0.0
2030,sc01,10-08 22:00:00+02:00,SynchronousCondenser,0.0
2030,sc01,10-08 22:00:00+02:00,Battery,0.0
2030,sc01,10-08 22:00:00+02:00,Solar,0.0
2030,sc01,10-08 22:00:00+02:00,OCGT,0.041166909164829096
2030,sc01,10-08 23:00:00+02:00,CCGT,0.35736638811999516
2030,sc01,10-08 23:00:00+02:00,Wind,0.0393622125
2030,sc01,10-08 23:00:00+02:00,Gas,0.0
2030,sc01,10-08 23:00:00+02:00,SynchronousCondenser,0.0
2030,sc01,10-08 23:00:00+02:00,Battery,0.0
2030,sc01,10-08 23:00:00+02:00,Solar,0.0
2030,sc01,10-08 23:00:00+02:00,OCGT,0.03708889858890614
2030,sc01,10-09 00:00:00+02:00,CCGT,0.35405892459999516
2030,sc01,10-09 00:00:00+02:00,Wind,0.0329938125
2030,sc01,10-09 00:00:00+02:00,Gas,0.0
2030,sc01,10-09 00:00:00+02:00,SynchronousCondenser,0.0
2030,sc01,10-09 00:00:00+02:00,Battery,0.0
2030,sc01,10-09 00:00:00+02:00,Solar,0.0
2030,sc01,10-09 00:00:00+02:00,OCGT,0.03548114417555194
2030,sc01,10-09 01:00:00+02:00,CCGT,0.35109296779999516
2030,sc01,10-09 01:00:00+02:00,Wind,0.0268009125
2030,sc01,10-09 01:00:00+02:00,Gas,0.0
2030,sc01,10-09 01:00:00+02:00,SynchronousCondenser,0.0
2030,sc01,10-09 01:00:00+02:00,Battery,0.0
2030,sc01,10-09 01:00:00+02:00,Solar,0.0
2030,sc01,10-09 01:00:00+02:00,OCGT,0.03605426603889982
2030,sc01,10-09 02:00:00+02:00,CCGT,0.34985138065999516
2030,sc01,10-09 02:00:00+02:00,Wind,0.022840525
2030,sc01,10-09 02:00:00+02:00,Gas,0.0
2030,sc01,10-09 02:00:00+02:00,SynchronousCondenser,0.0
2030,sc01,10-09 02:00:00+02:00,Battery,0.0
2030,sc01,10-09 02:00:00+02:00,Solar,0.0
2030,sc01,10-09 02:00:00+02:00,OCGT,0.03758383339963557
2030,sc01,10-09 03:00:00+02:00,CCGT,0.34951218833999514
2030,sc01,10-09 03:00:00+02:00,Wind,0.019708625
2030,sc01,10-09 03:00:00+02:00,Gas,0.0
2030,sc01,10-09 03:00:00+02:00,SynchronousCondenser,0.0
2030,sc01,10-09 03:00:00+02:00,Battery,0.0
2030,sc01,10-09 03:00:00+02:00,Solar,0.0
2030,sc01,10-09 03:00:00+02:00,OCGT,0.04131179424271476
2030,sc01,10-09 04:00:00+02:00,CCGT,0.35024838753999515
2030,sc01,10-09 04:00:00+02:00,Wind,0.0179890875
2030,sc01,10-09 04:00:00+02:00,Gas,0.0
2030,sc01,10-09 04:00:00+02:00,SynchronousCondenser,0.0
2030,sc01,10-09 04:00:00+02:00,Battery,0.0
2030,sc01,10-09 04:00:00+02:00,Solar,0.0
2030,sc01,10-09 04:00:00+02:00,OCGT,0.04929530688571025
2030,sc01,10-09 05:00:00+02:00,CCGT,0.35489768169999514
2030,sc01,10-09 05:00:00+02:00,Wind,0.0164322
2030,sc01,10-09 05:00:00+02:00,Gas,0.0
2030,sc01,10-09 05:00:00+02:00,SynchronousCondenser,0.0
2030,sc01,10-09 05:00:00+02:00,Battery,0.0
2030,sc01,10-09 05:00:00+02:00,Solar,0.0
2030,sc01,10-09 05:00:00+02:00,OCGT,0.061638405737445584
2030,sc01,10-09 06:00:00+02:00,CCGT,0.36476419079999517
2030,sc01,10-09 06:00:00+02:00,Wind,0.015385562500000002
2030,sc01,10-09 06:00:00+02:00,Gas,0.0
2030,sc01,10-09 06:00:00+02:00,SynchronousCondenser,0.0
2030,sc01,10-09 06:00:00+02:00,Battery,0.0
2030,sc01,10-09 06:00:00+02:00,Solar,2.4025e-05
2030,sc01,10-09 06:00:00+02:00,OCGT,0.06928053662825809
2030,sc01,10-09 07:00:00+02:00,CCGT,0.36991855273999513
2030,sc01,10-09 07:00:00+02:00,Wind,0.014119587500000001
2030,sc01,10-09 07:00:00+02:00,Gas,0.0
2030,sc01,10-09 07:00:00+02:00,SynchronousCondenser,0.0
2030,sc01,10-09 07:00:00+02:00,Battery,0.0
2030,sc01,10-09 07:00:00+02:00,Solar,0.0027563
2030,sc01,10-09 07:00:00+02:00,OCGT,0.07835015069270537
2030,sc01,10-09 08:00:00+02:00,CCGT,0.37242467497999515
2030,sc01,10-09 08:00:00+02:00,Wind,0.012199275
2030,sc01,10-09 08:00:00+02:00,Gas,0.0
2030,sc01,10-09 08:00:00+02:00,SynchronousCondenser,0.0
2030,sc01,10-09 08:00:00+02:00,Battery,0.0
2030,sc01,10-09 08:00:00+02:00,Solar,0.0259778
2030,sc01,10-09 08:00:00+02:00,OCGT,0.07080105821288467
2030,sc01,10-09 09:00:00+02:00,CCGT,0.37382315947999517
2030,sc01,10-09 09:00:00+02:00,Wind,0.008721662500000001
2030,sc01,10-09 09:00:00+02:00,Gas,0.0
2030,sc01,10-09 09:00:00+02:00,SynchronousCondenser,0.0
2030,sc01,10-09 09:00:00+02:00,Battery,0.0
2030,sc01,10-09 09:00:00+02:00,Solar,0.050766
2030,sc01,10-09 09:00:00+02:00,OCGT,0.0623635326912843
2030,sc01,10-09 10:00:00+02:00,CCGT,0.37271981919999514
2030,sc01,10-09 10:00:00+02:00,Wind,0.0070486125
2030,sc01,10-09 10:00:00+02:00,Gas,0.0
2030,sc01,10-09 10:00:00+02:00,SynchronousCondenser,0.0
2030,sc01,10-09 10:00:00+02:00,Battery,0.0
2030,sc01,10-09 10:00:00+02:00,Solar,0.066780575
2030,sc01,10-09 10:00:00+02:00,OCGT,0.0609381762106898
2030,sc01,10-09 11:00:00+02:00,CCGT,0.37254024625999516
2030,sc01,10-09 11:00:00+02:00,Wind,0.0063305375
2030,sc01,10-09 11:00:00+02:00,Gas,0.0
2030,sc01,10-09 11:00:00+02:00,SynchronousCondenser,0.0
2030,sc01,10-09 11:00:00+02:00,Battery,0.0
2030,sc01,10-09 11:00:00+02:00,Solar,0.07420072500000001
2030,sc01,10-09 11:00:00+02:00,OCGT,0.06467012858962828
2030,sc01,10-09 12:00:00+02:00,CCGT,0.37289873043999516
2030,sc01,10-09 12:00:00+02:00,Wind,0.007948387500000001
2030,sc01,10-09 12:00:00+02:00,Gas,0.0
2030,sc01,10-09 12:00:00+02:00,SynchronousCondenser,0.0
2030,sc01,10-09 12:00:00+02:00,Battery,0.0
2030,sc01,10-09 12:00:00+02:00,Solar,0.075574025
2030,sc01,10-09 12:00:00+02:00,OCGT,0.0669659421763313
2030,sc01,10-09 13:00:00+02:00,CCGT,0.36989998967999516
2030,sc01,10-09 13:00:00+02:00,Wind,0.010801162500000001
2030,sc01,10-09 13:00:00+02:00,Gas,0.0
2030,sc01,10-09 13:00:00+02:00,SynchronousCondenser,0.0
2030,sc01,10-09 13:00:00+02:00,Battery,0.0
2030,sc01,10-09 13:00:00+02:00,Solar,0.073543875
2030,sc01,10-09 13:00:00+02:00,OCGT,0.0654996271526091
2030,sc01,10-09 14:00:00+02:00,CCGT,0.3672977282599951
2030,sc01,10-09 14:00:00+02:00,Wind,0.013785625
2030,sc01,10-09 14:00:00+02:00,Gas,0.0
2030,sc01,10-09 14:00:00+02:00,SynchronousCondenser,0.0
2030,sc01,10-09 14:00:00+02:00,Battery,0.0
2030,sc01,10-09 14:00:00+02:00,Solar,0.06815460000000001
2030,sc01,10-09 14:00:00+02:00,OCGT,0.059242083988664124
2030,sc01,10-09 15:00:00+02:00,CCGT,0.36610145259999516
2030,sc01,10-09 15:00:00+02:00,Wind,0.015525124999999999
2030,sc01,10-09 15:00:00+02:00,Gas,0.0
2030,sc01,10-09 15:00:00+02:00,SynchronousCondenser,0.0
2030,sc01,10-09 15:00:00+02:00,Battery,0.0
2030,sc01,10-09 15:00:00+02:00,Solar,0.0600728
2030,sc01,10-09 15:00:00+02:00,OCGT,0.05949935826876513
2030,sc01,10-09 16:00:00+02:00,CCGT,0.36581980149999516
2030,sc01,10-09 16:00:00+02:00,Wind,0.0155741125
2030,sc01,10-09 16:00:00+02:00,Gas,0.0
2030,sc01,10-09 16:00:00+02:00,SynchronousCondenser,0.0
2030,sc01,10-09 16:00:00+02:00,Battery,0.0
2030,sc01,10-09 16:00:00+02:00,Solar,0.044815625
2030,sc01,10-09 16:00:00+02:00,OCGT,0.07133973465172319
2030,sc01,10-09 17:00:00+02:00,CCGT,0.36515885685999516
2030,sc01,10-09 17:00:00+02:00,Wind,0.014431125
2030,sc01,10-09 17:00:00+02:00,Gas,0.0
2030,sc01,10-09 17:00:00+02:00,SynchronousCondenser,0.0
2030,sc01,10-09 17:00:00+02:00,Battery,0.0
2030,sc01,10-09 17:00:00+02:00,Solar,0.021790075000000002
2030,sc01,10-09 17:00:00+02:00,OCGT,0.09514200826578828
2030,sc01,10-09 18:00:00+02:00,CCGT,0.36805955473999513
2030,sc01,10-09 18:00:00+02:00,Wind,0.011735175
2030,sc01,10-09 18:00:00+02:00,Gas,0.0
2030,sc01,10-09 18:00:00+02:00,SynchronousCondenser,0.0
2030,sc01,10-09 18:00:00+02:00,Battery,0.0
2030,sc01,10-09 18:00:00+02:00,Solar,0.002317675
2030,sc01,10-09 18:00:00+02:00,OCGT,0.11289199124699356
2030,sc01,10-09 19:00:00+02:00,CCGT,0.37653318295999516
2030,sc01,10-09 19:00:00+02:00,Wind,0.013174075
2030,sc01,10-09 19:00:00+02:00,Gas,0.0
2030,sc01,10-09 19:00:00+02:00,SynchronousCondenser,0.0
2030,sc01,10-09 19:00:00+02:00,Battery,0.0
2030,sc01,10-09 19:00:00+02:00,Solar,0.0
2030,sc01,10-09 19:00:00+02:00,OCGT,0.10628512444405705
2030,sc01,10-09 20:00:00+02:00,CCGT,0.3756461667199952
2030,sc01,10-09 20:00:00+02:00,Wind,0.016616375000000003
2030,sc01,10-09 20:00:00+02:00,Gas,0.0
2030,sc01,10-09 20:00:00+02:00,SynchronousCondenser,0.0
2030,sc01,10-09 20:00:00+02:00,Battery,0.0
2030,sc01,10-09 20:00:00+02:00,Solar,0.0
2030,sc01,10-09 20:00:00+02:00,OCGT,0.09662099302572993
2030,sc01,10-09 21:00:00+02:00,CCGT,0.36846422039999516
2030,sc01,10-09 21:00:00+02:00,Wind,0.0198125625
2030,sc01,10-09 21:00:00+02:00,Gas,0.0
2030,sc01,10-09 21:00:00+02:00,SynchronousCondenser,0.0
2030,sc01,10-09 21:00:00+02:00,Battery,0.0
2030,sc01,10-09 21:00:00+02:00,Solar,0.0
2030,sc01,10-09 21:00:00+02:00,OCGT,0.08022253036542651
2030,sc01,10-09 22:00:00+02:00,CCGT,0.3622523420199952
2030,sc01,10-09 22:00:00+02:00,Wind,0.0230180125
2030,sc01,10-09 22:00:00+02:00,Gas,0.0
2030,sc01,10-09 22:00:00+02:00,SynchronousCondenser,0.0
2030,sc01,10-09 22:00:00+02:00,Battery,0.0
2030,sc01,10-09 22:00:00+02:00,Solar,0.0
2030,sc01,10-09 22:00:00+02:00,OCGT,0.06494569362981654
2030,sc01,10-09 23:00:00+02:00,CCGT,0.35771181611999514
2030,sc01,10-09 23:00:00+02:00,Wind,0.0253998
2030,sc01,10-09 23:00:00+02:00,Gas,0.0
2030,sc01,10-09 23:00:00+02:00,SynchronousCondenser,0.0
2030,sc01,10-09 23:00:00+02:00,Battery,0.0
2030,sc01,10-09 23:00:00+02:00,Solar,0.0
2030,sc01,10-09 23:00:00+02:00,OCGT,0.052397442775373546
2030,sc01,10-16 00:00:00+02:00,CCGT,0.8835720080999878
2030,sc01,10-16 00:00:00+02:00,Wind,0.043429125
2030,sc01,10-16 00:00:00+02:00,Gas,0.0
2030,sc01,10-16 00:00:00+02:00,SynchronousCondenser,0.0
2030,sc01,10-16 00:00:00+02:00,Battery,0.0
2030,sc01,10-16 00:00:00+02:00,Solar,0.0
2030,sc01,10-16 00:00:00+02:00,OCGT,0.06615781074750084
2030,sc01,10-16 01:00:00+02:00,CCGT,0.8767265107999879
2030,sc01,10-16 01:00:00+02:00,Wind,0.03993909375
2030,sc01,10-16 01:00:00+02:00,Gas,0.0
2030,sc01,10-16 01:00:00+02:00,SynchronousCondenser,0.0
2030,sc01,10-16 01:00:00+02:00,Battery,0.0
2030,sc01,10-16 01:00:00+02:00,Solar,0.0
2030,sc01,10-16 01:00:00+02:00,OCGT,0.06338632422695167
2030,sc01,10-16 02:00:00+02:00,CCGT,0.873989385599988
2030,sc01,10-16 02:00:00+02:00,Wind,0.035062125
2030,sc01,10-16 02:00:00+02:00,Gas,0.0
2030,sc01,10-16 02:00:00+02:00,SynchronousCondenser,0.0
2030,sc01,10-16 02:00:00+02:00,Battery,0.0
2030,sc01,10-16 02:00:00+02:00,Solar,0.0
2030,sc01,10-16 02:00:00+02:00,OCGT,0.06365785979872106
2030,sc01,10-16 03:00:00+02:00,CCGT,0.8727873260499879
2030,sc01,10-16 03:00:00+02:00,Wind,0.02731446875
2030,sc01,10-16 03:00:00+02:00,Gas,0.0
2030,sc01,10-16 03:00:00+02:00,SynchronousCondenser,0.0
2030,sc01,10-16 03:00:00+02:00,Battery,0.0
2030,sc01,10-16 03:00:00+02:00,Solar,0.0
2030,sc01,10-16 03:00:00+02:00,OCGT,0.07538517787756514
2030,sc01,10-16 04:00:00+02:00,CCGT,0.875990960099988
2030,sc01,10-16 04:00:00+02:00,Wind,0.02169703125
2030,sc01,10-16 04:00:00+02:00,Gas,0.0
2030,sc01,10-16 04:00:00+02:00,SynchronousCondenser,0.0
2030,sc01,10-16 04:00:00+02:00,Battery,0.0
2030,sc01,10-16 04:00:00+02:00,Solar,0.0
2030,sc01,10-16 04:00:00+02:00,OCGT,0.09703390440236981
2030,sc01,10-16 05:00:00+02:00,CCGT,0.890544066399988
2030,sc01,10-16 05:00:00+02:00,Wind,0.020605250000000002
2030,sc01,10-16 05:00:00+02:00,Gas,0.0
2030,sc01,10-16 05:00:00+02:00,SynchronousCondenser,0.0
2030,sc01,10-16 05:00:00+02:00,Battery,0.0
2030,sc01,10-16 05:00:00+02:00,Solar,0.0
2030,sc01,10-16 05:00:00+02:00,OCGT,0.12195362575509824
2030,sc01,10-16 06:00:00+02:00,CCGT,0.9196573787999879
2030,sc01,10-16 06:00:00+02:00,Wind,0.020086906249999998
2030,sc01,10-16 06:00:00+02:00,Gas,0.0
2030,sc01,10-16 06:00:00+02:00,SynchronousCondenser,0.0
2030,sc01,10-16 06:00:00+02:00,Battery,0.0
2030,sc01,10-16 06:00:00+02:00,Solar,5.675000000000001e-05
2030,sc01,10-16 06:00:00+02:00,OCGT,0.13543064813732564
2030,sc01,10-16 07:00:00+02:00,CCGT,0.9381854455499878
2030,sc01,10-16 07:00:00+02:00,Wind,0.02074740625
2030,sc01,10-16 07:00:00+02:00,Gas,0.0
2030,sc01,10-16 07:00:00+02:00,SynchronousCondenser,0.0
2030,sc01,10-16 07:00:00+02:00,Battery,0.0
2030,sc01,10-16 07:00:00+02:00,Solar,0.003423875
2030,sc01,10-16 07:00:00+02:00,OCGT,0.14958566012748117
2030,sc01,10-16 08:00:00+02:00,CCGT,0.9418915981499878
2030,sc01,10-16 08:00:00+02:00,Wind,0.021650718750000002
2030,sc01,10-16 08:00:00+02:00,Gas,0.0
2030,sc01,10-16 08:00:00+02:00,SynchronousCondenser,0.0
2030,sc01,10-16 08:00:00+02:00,Battery,0.0
2030,sc01,10-16 08:00:00+02:00,Solar,0.037441875
2030,sc01,10-16 08:00:00+02:00,OCGT,0.13435511977325396
2030,sc01,10-16 09:00:00+02:00,CCGT,0.9451755557499879
2030,sc01,10-16 09:00:00+02:00,Wind,0.02086703125
2030,sc01,10-16 09:00:00+02:00,Gas,0.0
2030,sc01,10-16 09:00:00+02:00,SynchronousCondenser,0.0
2030,sc01,10-16 09:00:00+02:00,Battery,0.0
2030,sc01,10-16 09:00:00+02:00,Solar,0.080161
2030,sc01,10-16 09:00:00+02:00,OCGT,0.1167898718182795
2030,sc01,10-16 10:00:00+02:00,CCGT,0.9431560896499879
2030,sc01,10-16 10:00:00+02:00,Wind,0.022517968750000002
2030,sc01,10-16 10:00:00+02:00,Gas,0.0
2030,sc01,10-16 10:00:00+02:00,SynchronousCondenser,0.0
2030,sc01,10-16 10:00:00+02:00,Battery,0.0
2030,sc01,10-16 10:00:00+02:00,Solar,0.1209984375
2030,sc01,10-16 10:00:00+02:00,OCGT,0.09621944104446553
2030,sc01,10-16 11:00:00+02:00,CCGT,0.9431470127999879
2030,sc01,10-16 11:00:00+02:00,Wind,0.03099128125
2030,sc01,10-16 11:00:00+02:00,Gas,0.0
2030,sc01,10-16 11:00:00+02:00,SynchronousCondenser,0.0
2030,sc01,10-16 11:00:00+02:00,Battery,0.0
2030,sc01,10-16 11:00:00+02:00,Solar,0.15373681250000001
2030,sc01,10-16 11:00:00+02:00,OCGT,0.07900266379636851
2030,sc01,10-16 12:00:00+02:00,CCGT,0.941145829849988
2030,sc01,10-16 12:00:00+02:00,Wind,0.036234875
2030,sc01,10-16 12:00:00+02:00,Gas,0.0
2030,sc01,10-16 12:00:00+02:00,SynchronousCondenser,0.0
2030,sc01,10-16 12:00:00+02:00,Battery,0.0
2030,sc01,10-16 12:00:00+02:00,Solar,0.16605856249999998
2030,sc01,10-16 12:00:00+02:00,OCGT,0.07612364003745627
2030,sc01,10-16 13:00:00+02:00,CCGT,0.9317745717999879
2030,sc01,10-16 13:00:00+02:00,Wind,0.037629375
2030,sc01,10-16 13:00:00+02:00,Gas,0.0
2030,sc01,10-16 13:00:00+02:00,SynchronousCondenser,0.0
2030,sc01,10-16 13:00:00+02:00,Battery,0.0
2030,sc01,10-16 13:00:00+02:00,Solar,0.1624461875
2030,sc01,10-16 13:00:00+02:00,OCGT,0.09361544005145701
2030,sc01,10-16 14:00:00+02:00,CCGT,0.9243211977499879
2030,sc01,10-16 14:00:00+02:00,Wind,0.0325950625
2030,sc01,10-16 14:00:00+02:00,Gas,0.0
2030,sc01,10-16 14:00:00+02:00,SynchronousCondenser,0.0
2030,sc01,10-16 14:00:00+02:00,Battery,0.0
2030,sc01,10-16 14:00:00+02:00,Solar,0.1453486875
2030,sc01,10-16 14:00:00+02:00,OCGT,0.12319404672828661
2030,sc01,10-16 15:00:00+02:00,CCGT,0.9223741904999878
2030,sc01,10-16 15:00:00+02:00,Wind,0.03618134375
2030,sc01,10-16 15:00:00+02:00,Gas,0.0
2030,sc01,10-16 15:00:00+02:00,SynchronousCondenser,0.0
2030,sc01,10-16 15:00:00+02:00,Battery,0.0
2030,sc01,10-16 15:00:00+02:00,Solar,0.12906368750000002
2030,sc01,10-16 15:00:00+02:00,OCGT,0.13530674570426973
2030,sc01,10-16 16:00:00+02:00,CCGT,0.9214242488999879
2030,sc01,10-16 16:00:00+02:00,Wind,0.0412038125
2030,sc01,10-16 16:00:00+02:00,Gas,0.0
2030,sc01,10-16 16:00:00+02:00,SynchronousCondenser,0.0
2030,sc01,10-16 16:00:00+02:00,Battery,0.0
2030,sc01,10-16 16:00:00+02:00,Solar,0.0904345
2030,sc01,10-16 16:00:00+02:00,OCGT,0.1566521709909685
2030,sc01,10-16 17:00:00+02:00,CCGT,0.919839640099988
2030,sc01,10-16 17:00:00+02:00,Wind,0.04531290625
2030,sc01,10-16 17:00:00+02:00,Gas,0.0
2030,sc01,10-16 17:00:00+02:00,SynchronousCondenser,0.0
2030,sc01,10-16 17:00:00+02:00,Battery,0.0
2030,sc01,10-16 17:00:00+02:00,Solar,0.0387406875
2030,sc01,10-16 17:00:00+02:00,OCGT,0.19437341001925879
2030,sc01,10-16 18:00:00+02:00,CCGT,0.931160428749988
2030,sc01,10-16 18:00:00+02:00,Wind,0.04771096874999999
2030,sc01,10-16 18:00:00+02:00,Gas,0.0
2030,sc01,10-16 18:00:00+02:00,SynchronousCondenser,0.0
2030,sc01,10-16 18:00:00+02:00,Battery,0.0
2030,sc01,10-16 18:00:00+02:00,Solar,0.0028938124999999997
2030,sc01,10-16 18:00:00+02:00,OCGT,0.21140847981826513
2030,sc01,10-16 19:00:00+02:00,CCGT,0.947928285449988
2030,sc01,10-16 19:00:00+02:00,Wind,0.057024
2030,sc01,10-16 19:00:00+02:00,Gas,0.0
2030,sc01,10-16 19:00:00+02:00,SynchronousCondenser,0.0
2030,sc01,10-16 19:00:00+02:00,Battery,0.0
2030,sc01,10-16 19:00:00+02:00,Solar,0.0
2030,sc01,10-16 19:00:00+02:00,OCGT,0.18962902389613628
2030,sc01,10-16 20:00:00+02:00,CCGT,0.9437494312999879
2030,sc01,10-16 20:00:00+02:00,Wind,0.07094975
2030,sc01,10-16 20:00:00+02:00,Gas,0.0
2030,sc01,10-16 20:00:00+02:00,SynchronousCondenser,0.0
2030,sc01,10-16 20:00:00+02:00,Battery,0.0
2030,sc01,10-16 20:00:00+02:00,Solar,0.0
2030,sc01,10-16 20:00:00+02:00,OCGT,0.15886523623170876
2030,sc01,10-16 21:00:00+02:00,CCGT,0.9235815074999878
2030,sc01,10-16 21:00:00+02:00,Wind,0.0877946875
2030,sc01,10-16 21:00:00+02:00,Gas,0.0
2030,sc01,10-16 21:00:00+02:00,SynchronousCondenser,0.0
2030,sc01,10-16 21:00:00+02:00,Battery,0.0
2030,sc01,10-16 21:00:00+02:00,Solar,0.0
2030,sc01,10-16 21:00:00+02:00,OCGT,0.11066469950245293
2030,sc01,10-16 22:00:00+02:00,CCGT,0.9065744335999879
2030,sc01,10-16 22:00:00+02:00,Wind,0.10333540625
2030,sc01,10-16 22:00:00+02:00,Gas,0.0
2030,sc01,10-16 22:00:00+02:00,SynchronousCondenser,0.0
2030,sc01,10-16 22:00:00+02:00,Battery,0.0
2030,sc01,10-16 22:00:00+02:00,Solar,0.0
2030,sc01,10-16 22:00:00+02:00,OCGT,0.061193769254726874
2030,sc01,10-16 23:00:00+02:00,CCGT,0.8963034762999879
2030,sc01,10-16 23:00:00+02:00,Wind,0.12218131250000001
2030,sc01,10-16 23:00:00+02:00,Gas,0.0
2030,sc01,10-16 23:00:00+02:00,SynchronousCondenser,0.0
2030,sc01,10-16 23:00:00+02:00,Battery,0.0
2030,sc01,10-16 23:00:00+02:00,Solar,0.0
2030,sc01,10-16 23:00:00+02:00,OCGT,0.022919773135215843
2030,sc01,10-21 00:00:00+02:00,CCGT,4.082125023004675
2030,sc01,10-21 00:00:00+02:00,Wind,1.7583885375000001
2030,sc01,10-21 00:00:00+02:00,Gas,0.0
2030,sc01,10-21 00:00:00+02:00,SynchronousCondenser,0.0
2030,sc01,10-21 00:00:00+02:00,Battery,0.0
2030,sc01,10-21 00:00:00+02:00,Solar,0.0
2030,sc01,10-21 00:00:00+02:00,OCGT,0.0
2030,sc01,10-21 01:00:00+02:00,CCGT,4.107710658203489
2030,sc01,10-21 01:00:00+02:00,Wind,1.6528553625000002
2030,sc01,10-21 01:00:00+02:00,Gas,0.0
2030,sc01,10-21 01:00:00+02:00,SynchronousCondenser,0.0
2030,sc01,10-21 01:00:00+02:00,Battery,0.0
2030,sc01,10-21 01:00:00+02:00,Solar,0.0
2030,sc01,10-21 01:00:00+02:00,OCGT,0.0
2030,sc01,10-21 02:00:00+02:00,CCGT,4.138543773980993
2030,sc01,10-21 02:00:00+02:00,Wind,1.5732654062500002
2030,sc01,10-21 02:00:00+02:00,Gas,0.0
2030,sc01,10-21 02:00:00+02:00,SynchronousCondenser,0.0
2030,sc01,10-21 02:00:00+02:00,Battery,0.0
2030,sc01,10-21 02:00:00+02:00,Solar,0.0
2030,sc01,10-21 02:00:00+02:00,OCGT,0.0
2030,sc01,10-21 03:00:00+02:00,CCGT,4.143756878862104
2030,sc01,10-21 03:00:00+02:00,Wind,1.5880171625000001
2030,sc01,10-21 03:00:00+02:00,Gas,0.0
2030,sc01,10-21 03:00:00+02:00,SynchronousCondenser,0.0
2030,sc01,10-21 03:00:00+02:00,Battery,0.0
2030,sc01,10-21 03:00:00+02:00,Solar,0.0
2030,sc01,10-21 03:00:00+02:00,OCGT,0.0
2030,sc01,10-21 04:00:00+02:00,CCGT,4.255498062425916
2030,sc01,10-21 04:00:00+02:00,Wind,1.5826343999999999
2030,sc01,10-21 04:00:00+02:00,Gas,0.0
2030,sc01,10-21 04:00:00+02:00,SynchronousCondenser,0.0
2030,sc01,10-21 04:00:00+02:00,Battery,0.0
2030,sc01,10-21 04:00:00+02:00,Solar,0.0
2030,sc01,10-21 04:00:00+02:00,OCGT,0.0
2030,sc01,10-21 05:00:00+02:00,CCGT,4.4610110865048656
2030,sc01,10-21 05:00:00+02:00,Wind,1.583529775
2030,sc01,10-21 05:00:00+02:00,Gas,0.0
2030,sc01,10-21 05:00:00+02:00,SynchronousCondenser,0.0
2030,sc01,10-21 05:00:00+02:00,Battery,0.0
2030,sc01,10-21 05:00:00+02:00,Solar,0.0
2030,sc01,10-21 05:00:00+02:00,OCGT,0.0
2030,sc01,10-21 06:00:00+02:00,CCGT,4.626028283507178
2030,sc01,10-21 06:00:00+02:00,Wind,1.6453951125000001
2030,sc01,10-21 06:00:00+02:00,Gas,0.0
2030,sc01,10-21 06:00:00+02:00,SynchronousCondenser,0.0
2030,sc01,10-21 06:00:00+02:00,Battery,0.0
2030,sc01,10-21 06:00:00+02:00,Solar,0.0003882375
2030,sc01,10-21 06:00:00+02:00,OCGT,0.0
2030,sc01,10-21 07:00:00+02:00,CCGT,4.772752604696991
2030,sc01,10-21 07:00:00+02:00,Wind,1.64693156875
2030,sc01,10-21 07:00:00+02:00,Gas,0.0
2030,sc01,10-21 07:00:00+02:00,SynchronousCondenser,0.0
2030,sc01,10-21 07:00:00+02:00,Battery,0.0
2030,sc01,10-21 07:00:00+02:00,Solar,0.010911975
2030,sc01,10-21 07:00:00+02:00,OCGT,0.0
2030,sc01,10-21 08:00:00+02:00,CCGT,4.67124246229201
2030,sc01,10-21 08:00:00+02:00,Wind,1.58830661875
2030,sc01,10-21 08:00:00+02:00,Gas,0.0
2030,sc01,10-21 08:00:00+02:00,SynchronousCondenser,0.0
2030,sc01,10-21 08:00:00+02:00,Battery,0.0
2030,sc01,10-21 08:00:00+02:00,Solar,0.23071131250000002
2030,sc01,10-21 08:00:00+02:00,OCGT,0.0
2030,sc01,10-21 09:00:00+02:00,CCGT,4.465004358903073
2030,sc01,10-21 09:00:00+02:00,Wind,1.5262388250000003
2030,sc01,10-21 09:00:00+02:00,Gas,0.0
2030,sc01,10-21 09:00:00+02:00,SynchronousCondenser,0.0
2030,sc01,10-21 09:00:00+02:00,Battery,0.0
2030,sc01,10-21 09:00:00+02:00,Solar,0.5580071249999999
2030,sc01,10-21 09:00:00+02:00,OCGT,0.0
2030,sc01,10-21 10:00:00+02:00,CCGT,4.246169989456755
2030,sc01,10-21 10:00:00+02:00,Wind,1.5097893
2030,sc01,10-21 10:00:00+02:00,Gas,0.0
2030,sc01,10-21 10:00:00+02:00,SynchronousCondenser,0.0
2030,sc01,10-21 10:00:00+02:00,Battery,0.0
2030,sc01,10-21 10:00:00+02:00,Solar,0.8145262625
2030,sc01,10-21 10:00:00+02:00,OCGT,0.0
2030,sc01,10-21 11:00:00+02:00,CCGT,4.116486804849948
2030,sc01,10-21 11:00:00+02:00,Wind,1.49333886875
2030,sc01,10-21 11:00:00+02:00,Gas,0.0
2030,sc01,10-21 11:00:00+02:00,SynchronousCondenser,0.0
2030,sc01,10-21 11:00:00+02:00,Battery,0.0
2030,sc01,10-21 11:00:00+02:00,Solar,0.9949523000000001
2030,sc01,10-21 11:00:00+02:00,OCGT,0.0
2030,sc01,10-21 12:00:00+02:00,CCGT,4.083361923089981
2030,sc01,10-21 12:00:00+02:00,Wind,1.4516903375
2030,sc01,10-21 12:00:00+02:00,Gas,0.0
2030,sc01,10-21 12:00:00+02:00,SynchronousCondenser,0.0
2030,sc01,10-21 12:00:00+02:00,Battery,0.0
2030,sc01,10-21 12:00:00+02:00,Solar,1.079406825
2030,sc01,10-21 12:00:00+02:00,OCGT,0.0
2030,sc01,10-21 13:00:00+02:00,CCGT,4.106287252752973
2030,sc01,10-21 13:00:00+02:00,Wind,1.4123723187500001
2030,sc01,10-21 13:00:00+02:00,Gas,0.0
2030,sc01,10-21 13:00:00+02:00,SynchronousCondenser,0.0
2030,sc01,10-21 13:00:00+02:00,Battery,0.0
2030,sc01,10-21 13:00:00+02:00,Solar,1.0603418625
2030,sc01,10-21 13:00:00+02:00,OCGT,0.0
2030,sc01,10-21 14:00:00+02:00,CCGT,4.164823698974175
2030,sc01,10-21 14:00:00+02:00,Wind,1.39542689375
2030,sc01,10-21 14:00:00+02:00,Gas,0.0
2030,sc01,10-21 14:00:00+02:00,SynchronousCondenser,0.0
2030,sc01,10-21 14:00:00+02:00,Battery,0.0
2030,sc01,10-21 14:00:00+02:00,Solar,0.9986552375000002
2030,sc01,10-21 14:00:00+02:00,OCGT,0.0
2030,sc01,10-21 15:00:00+02:00,CCGT,4.251570931024011
2030,sc01,10-21 15:00:00+02:00,Wind,1.37769230625
2030,sc01,10-21 15:00:00+02:00,Gas,0.0
2030,sc01,10-21 15:00:00+02:00,SynchronousCondenser,0.0
2030,sc01,10-21 15:00:00+02:00,Battery,0.0
2030,sc01,10-21 15:00:00+02:00,Solar,0.8752203625
2030,sc01,10-21 15:00:00+02:00,OCGT,0.0
2030,sc01,10-21 16:00:00+02:00,CCGT,4.505336832980704
2030,sc01,10-21 16:00:00+02:00,Wind,1.34592316875
2030,sc01,10-21 16:00:00+02:00,Gas,0.0
2030,sc01,10-21 16:00:00+02:00,SynchronousCondenser,0.0
2030,sc01,10-21 16:00:00+02:00,Battery,0.0
2030,sc01,10-21 16:00:00+02:00,Solar,0.6306488625000001
2030,sc01,10-21 16:00:00+02:00,OCGT,0.0
2030,sc01,10-21 17:00:00+02:00,CCGT,5.031350057216594
2030,sc01,10-21 17:00:00+02:00,Wind,1.3310053875
2030,sc01,10-21 17:00:00+02:00,Gas,0.0
2030,sc01,10-21 17:00:00+02:00,SynchronousCondenser,0.0
2030,sc01,10-21 17:00:00+02:00,Battery,0.0
2030,sc01,10-21 17:00:00+02:00,Solar,0.2572619
2030,sc01,10-21 17:00:00+02:00,OCGT,0.0
2030,sc01,10-21 18:00:00+02:00,CCGT,5.379194294771268
2030,sc01,10-21 18:00:00+02:00,Wind,1.28535086875
2030,sc01,10-21 18:00:00+02:00,Gas,0.0
2030,sc01,10-21 18:00:00+02:00,SynchronousCondenser,0.0
2030,sc01,10-21 18:00:00+02:00,Battery,0.0
2030,sc01,10-21 18:00:00+02:00,Solar,0.0146736375
2030,sc01,10-21 18:00:00+02:00,OCGT,0.0
2030,sc01,10-21 19:00:00+02:00,CCGT,5.516223961283555
2030,sc01,10-21 19:00:00+02:00,Wind,1.2582385875000002
2030,sc01,10-21 19:00:00+02:00,Gas,0.0
2030,sc01,10-21 19:00:00+02:00,SynchronousCondenser,0.0
2030,sc01,10-21 19:00:00+02:00,Battery,0.0
2030,sc01,10-21 19:00:00+02:00,Solar,0.0
2030,sc01,10-21 19:00:00+02:00,OCGT,0.0
2030,sc01,10-21 20:00:00+02:00,CCGT,5.354707526920522
2030,sc01,10-21 20:00:00+02:00,Wind,1.2897044937500002
2030,sc01,10-21 20:00:00+02:00,Gas,0.0
2030,sc01,10-21 20:00:00+02:00,SynchronousCondenser,0.0
2030,sc01,10-21 20:00:00+02:00,Battery,0.0
2030,sc01,10-21 20:00:00+02:00,Solar,0.0
2030,sc01,10-21 20:00:00+02:00,OCGT,0.0
2030,sc01,10-21 21:00:00+02:00,CCGT,5.090382352097943
2030,sc01,10-21 21:00:00+02:00,Wind,1.2556884
2030,sc01,10-21 21:00:00+02:00,Gas,0.0
2030,sc01,10-21 21:00:00+02:00,SynchronousCondenser,0.0
2030,sc01,10-21 21:00:00+02:00,Battery,0.0
2030,sc01,10-21 21:00:00+02:00,Solar,0.0
2030,sc01,10-21 21:00:00+02:00,OCGT,0.0
2030,sc01,10-21 22:00:00+02:00,CCGT,4.85454456267959
2030,sc01,10-21 22:00:00+02:00,Wind,1.2061371875
2030,sc01,10-21 22:00:00+02:00,Gas,0.0
2030,sc01,10-21 22:00:00+02:00,SynchronousCondenser,0.0
2030,sc01,10-21 22:00:00+02:00,Battery,0.0
2030,sc01,10-21 22:00:00+02:00,Solar,0.0
2030,sc01,10-21 22:00:00+02:00,OCGT,0.0
2030,sc01,10-21 23:00:00+02:00,CCGT,4.725885520842829
2030,sc01,10-21 23:00:00+02:00,Wind,1.1631122437499999
2030,sc01,10-21 23:00:00+02:00,Gas,0.0
2030,sc01,10-21 23:00:00+02:00,SynchronousCondenser,0.0
2030,sc01,10-21 23:00:00+02:00,Battery,0.0
2030,sc01,10-21 23:00:00+02:00,Solar,0.0
2030,sc01,10-21 23:00:00+02:00,OCGT,0.0
2030,sc01,10-24 00:00:00+02:00,CCGT,1.5168055502015805
2030,sc01,10-24 00:00:00+02:00,Wind,0.28153018125
2030,sc01,10-24 00:00:00+02:00,Gas,0.0
2030,sc01,10-24 00:00:00+02:00,SynchronousCondenser,0.0
2030,sc01,10-24 00:00:00+02:00,Battery,0.0
2030,sc01,10-24 00:00:00+02:00,Solar,0.0
2030,sc01,10-24 00:00:00+02:00,OCGT,0.0
2030,sc01,10-24 01:00:00+02:00,CCGT,1.4936924539963763
2030,sc01,10-24 01:00:00+02:00,Wind,0.28132740000000006
2030,sc01,10-24 01:00:00+02:00,Gas,0.0
2030,sc01,10-24 01:00:00+02:00,SynchronousCondenser,0.0
2030,sc01,10-24 01:00:00+02:00,Battery,0.0
2030,sc01,10-24 01:00:00+02:00,Solar,0.0
2030,sc01,10-24 01:00:00+02:00,OCGT,0.0
2030,sc01,10-24 02:00:00+02:00,CCGT,1.4915806057308059
2030,sc01,10-24 02:00:00+02:00,Wind,0.26911175625
2030,sc01,10-24 02:00:00+02:00,Gas,0.0
2030,sc01,10-24 02:00:00+02:00,SynchronousCondenser,0.0
2030,sc01,10-24 02:00:00+02:00,Battery,0.0
2030,sc01,10-24 02:00:00+02:00,Solar,0.0
2030,sc01,10-24 02:00:00+02:00,OCGT,0.0
2030,sc01,10-24 03:00:00+02:00,CCGT,1.52709153393724
2030,sc01,10-24 03:00:00+02:00,Wind,0.24316323750000002
2030,sc01,10-24 03:00:00+02:00,Gas,0.0
2030,sc01,10-24 03:00:00+02:00,SynchronousCondenser,0.0
2030,sc01,10-24 03:00:00+02:00,Battery,0.0
2030,sc01,10-24 03:00:00+02:00,Solar,0.0
2030,sc01,10-24 03:00:00+02:00,OCGT,0.0
2030,sc01,10-24 04:00:00+02:00,CCGT,1.5603509164499783
2030,sc01,10-24 04:00:00+02:00,Wind,0.20420409375
2030,sc01,10-24 04:00:00+02:00,Gas,0.0
2030,sc01,10-24 04:00:00+02:00,SynchronousCondenser,0.0
2030,sc01,10-24 04:00:00+02:00,Battery,0.0
2030,sc01,10-24 04:00:00+02:00,Solar,0.0
2030,sc01,10-24 04:00:00+02:00,OCGT,0.03476043893206772
2030,sc01,10-24 05:00:00+02:00,CCGT,1.5654991249799781
2030,sc01,10-24 05:00:00+02:00,Wind,0.17313721875
2030,sc01,10-24 05:00:00+02:00,Gas,0.0
2030,sc01,10-24 05:00:00+02:00,SynchronousCondenser,0.0
2030,sc01,10-24 05:00:00+02:00,Battery,0.0
2030,sc01,10-24 05:00:00+02:00,Solar,0.0
2030,sc01,10-24 05:00:00+02:00,OCGT,0.10840840353342435
2030,sc01,10-24 06:00:00+02:00,CCGT,1.583714273219978
2030,sc01,10-24 06:00:00+02:00,Wind,0.14253834375
2030,sc01,10-24 06:00:00+02:00,Gas,0.0
2030,sc01,10-24 06:00:00+02:00,SynchronousCondenser,0.0
2030,sc01,10-24 06:00:00+02:00,Battery,0.0
2030,sc01,10-24 06:00:00+02:00,Solar,8.7075e-05
2030,sc01,10-24 06:00:00+02:00,OCGT,0.15627739878047356
2030,sc01,10-24 07:00:00+02:00,CCGT,1.6007157446399782
2030,sc01,10-24 07:00:00+02:00,Wind,0.11672060625
2030,sc01,10-24 07:00:00+02:00,Gas,0.0
2030,sc01,10-24 07:00:00+02:00,SynchronousCondenser,0.0
2030,sc01,10-24 07:00:00+02:00,Battery,0.0
2030,sc01,10-24 07:00:00+02:00,Solar,0.001022625
2030,sc01,10-24 07:00:00+02:00,OCGT,0.19321107736874357
2030,sc01,10-24 08:00:00+02:00,CCGT,1.6247051642699781
2030,sc01,10-24 08:00:00+02:00,Wind,0.10982626875
2030,sc01,10-24 08:00:00+02:00,Gas,0.0
2030,sc01,10-24 08:00:00+02:00,SynchronousCondenser,0.0
2030,sc01,10-24 08:00:00+02:00,Battery,0.0
2030,sc01,10-24 08:00:00+02:00,Solar,0.0179863875
2030,sc01,10-24 08:00:00+02:00,OCGT,0.1988966672574462
2030,sc01,10-24 09:00:00+02:00,CCGT,1.646652698639978
2030,sc01,10-24 09:00:00+02:00,Wind,0.10583049375
2030,sc01,10-24 09:00:00+02:00,Gas,0.0
2030,sc01,10-24 09:00:00+02:00,SynchronousCondenser,0.0
2030,sc01,10-24 09:00:00+02:00,Battery,0.0
2030,sc01,10-24 09:00:00+02:00,Solar,0.0632791125
2030,sc01,10-24 09:00:00+02:00,OCGT,0.1739135914988918
2030,sc01,10-24 10:00:00+02:00,CCGT,1.6547111501399783
2030,sc01,10-24 10:00:00+02:00,Wind,0.08425856250000001
2030,sc01,10-24 10:00:00+02:00,Gas,0.0
2030,sc01,10-24 10:00:00+02:00,SynchronousCondenser,0.0
2030,sc01,10-24 10:00:00+02:00,Battery,0.0
2030,sc01,10-24 10:00:00+02:00,Solar,0.1094288625
2030,sc01,10-24 10:00:00+02:00,OCGT,0.15563328648884472
2030,sc01,10-24 11:00:00+02:00,CCGT,1.6550212222799783
2030,sc01,10-24 11:00:00+02:00,Wind,0.06508918125
2030,sc01,10-24 11:00:00+02:00,Gas,0.0
2030,sc01,10-24 11:00:00+02:00,SynchronousCondenser,0.0
2030,sc01,10-24 11:00:00+02:00,Battery,0.0
2030,sc01,10-24 11:00:00+02:00,Solar,0.13924665
2030,sc01,10-24 11:00:00+02:00,OCGT,0.15698935368818265
2030,sc01,10-24 12:00:00+02:00,CCGT,1.6559752549499782
2030,sc01,10-24 12:00:00+02:00,Wind,0.053681625000000004
2030,sc01,10-24 12:00:00+02:00,Gas,0.0
2030,sc01,10-24 12:00:00+02:00,SynchronousCondenser,0.0
2030,sc01,10-24 12:00:00+02:00,Battery,0.0
2030,sc01,10-24 12:00:00+02:00,Solar,0.1509552
2030,sc01,10-24 12:00:00+02:00,OCGT,0.1601761174510406
2030,sc01,10-24 13:00:00+02:00,CCGT,1.6476221455199782
2030,sc01,10-24 13:00:00+02:00,Wind,0.052020675
2030,sc01,10-24 13:00:00+02:00,Gas,0.0
2030,sc01,10-24 13:00:00+02:00,SynchronousCondenser,0.0
2030,sc01,10-24 13:00:00+02:00,Battery,0.0
2030,sc01,10-24 13:00:00+02:00,Solar,0.14770755000000002
2030,sc01,10-24 13:00:00+02:00,OCGT,0.170985952127044
2030,sc01,10-24 14:00:00+02:00,CCGT,1.6285423072499783
2030,sc01,10-24 14:00:00+02:00,Wind,0.044301824999999996
2030,sc01,10-24 14:00:00+02:00,Gas,0.0
2030,sc01,10-24 14:00:00+02:00,SynchronousCondenser,0.0
2030,sc01,10-24 14:00:00+02:00,Battery,0.0
2030,sc01,10-24 14:00:00+02:00,Solar,0.132086025
2030,sc01,10-24 14:00:00+02:00,OCGT,0.1989705955754196
2030,sc01,10-24 15:00:00+02:00,CCGT,1.6134707735999783
2030,sc01,10-24 15:00:00+02:00,Wind,0.04134099375
2030,sc01,10-24 15:00:00+02:00,Gas,0.0
2030,sc01,10-24 15:00:00+02:00,SynchronousCondenser,0.0
2030,sc01,10-24 15:00:00+02:00,Battery,0.0
2030,sc01,10-24 15:00:00+02:00,Solar,0.0989357625
2030,sc01,10-24 15:00:00+02:00,OCGT,0.22888448937966727
2030,sc01,10-24 16:00:00+02:00,CCGT,1.6090829099099784
2030,sc01,10-24 16:00:00+02:00,Wind,0.04312513125
2030,sc01,10-24 16:00:00+02:00,Gas,0.0
2030,sc01,10-24 16:00:00+02:00,SynchronousCondenser,0.0
2030,sc01,10-24 16:00:00+02:00,Battery,0.0
2030,sc01,10-24 16:00:00+02:00,Solar,0.052914600000000006
2030,sc01,10-24 16:00:00+02:00,OCGT,0.26845976406534
2030,sc01,10-24 17:00:00+02:00,CCGT,1.6120010475899782
2030,sc01,10-24 17:00:00+02:00,Wind,0.058966818750000004
2030,sc01,10-24 17:00:00+02:00,Gas,0.0
2030,sc01,10-24 17:00:00+02:00,SynchronousCondenser,0.0
2030,sc01,10-24 17:00:00+02:00,Battery,0.0
2030,sc01,10-24 17:00:00+02:00,Solar,0.0158601375
2030,sc01,10-24 17:00:00+02:00,OCGT,0.312469204855521
2030,sc01,10-24 18:00:00+02:00,CCGT,1.6345225705499782
2030,sc01,10-24 18:00:00+02:00,Wind,0.08051923125
2030,sc01,10-24 18:00:00+02:00,Gas,0.0
2030,sc01,10-24 18:00:00+02:00,SynchronousCondenser,0.0
2030,sc01,10-24 18:00:00+02:00,Battery,0.0
2030,sc01,10-24 18:00:00+02:00,Solar,0.0007273124999999999
2030,sc01,10-24 18:00:00+02:00,OCGT,0.29306813360633044
2030,sc01,10-24 19:00:00+02:00,CCGT,1.6605373355999782
2030,sc01,10-24 19:00:00+02:00,Wind,0.1150680375
2030,sc01,10-24 19:00:00+02:00,Gas,0.0
2030,sc01,10-24 19:00:00+02:00,SynchronousCondenser,0.0
2030,sc01,10-24 19:00:00+02:00,Battery,0.0
2030,sc01,10-24 19:00:00+02:00,Solar,0.0
2030,sc01,10-24 19:00:00+02:00,OCGT,0.24897270584887116
2030,sc01,10-24 20:00:00+02:00,CCGT,1.6587988491599783
2030,sc01,10-24 20:00:00+02:00,Wind,0.1466942625
2030,sc01,10-24 20:00:00+02:00,Gas,0.0
2030,sc01,10-24 20:00:00+02:00,SynchronousCondenser,0.0
2030,sc01,10-24 20:00:00+02:00,Battery,0.0
2030,sc01,10-24 20:00:00+02:00,Solar,0.0
2030,sc01,10-24 20:00:00+02:00,OCGT,0.20494538188131137
2030,sc01,10-24 21:00:00+02:00,CCGT,1.6344954655199784
2030,sc01,10-24 21:00:00+02:00,Wind,0.15938257499999997
2030,sc01,10-24 21:00:00+02:00,Gas,0.0
2030,sc01,10-24 21:00:00+02:00,SynchronousCondenser,0.0
2030,sc01,10-24 21:00:00+02:00,Battery,0.0
2030,sc01,10-24 21:00:00+02:00,Solar,0.0
2030,sc01,10-24 21:00:00+02:00,OCGT,0.1528106662774651
2030,sc01,10-24 22:00:00+02:00,CCGT,1.6108235138699782
2030,sc01,10-24 22:00:00+02:00,Wind,0.17465360624999998
2030,sc01,10-24 22:00:00+02:00,Gas,0.0
2030,sc01,10-24 22:00:00+02:00,SynchronousCondenser,0.0
2030,sc01,10-24 22:00:00+02:00,Battery,0.0
2030,sc01,10-24 22:00:00+02:00,Solar,0.0
2030,sc01,10-24 22:00:00+02:00,OCGT,0.08695389519510582
2030,sc01,10-24 23:00:00+02:00,CCGT,1.5886416655799782
2030,sc01,10-24 23:00:00+02:00,Wind,0.18075178125000002
2030,sc01,10-24 23:00:00+02:00,Gas,0.0
2030,sc01,10-24 23:00:00+02:00,SynchronousCondenser,0.0
2030,sc01,10-24 23:00:00+02:00,Battery,0.0
2030,sc01,10-24 23:00:00+02:00,Solar,0.0
2030,sc01,10-24 23:00:00+02:00,OCGT,0.04836405608148875
2030,sc01,11-18 00:00:00+01:00,CCGT,3.961483206999947
2030,sc01,11-18 00:00:00+01:00,Wind,0.39942993750000005
2030,sc01,11-18 00:00:00+01:00,Gas,0.0
2030,sc01,11-18 00:00:00+01:00,SynchronousCondenser,0.0
2030,sc01,11-18 00:00:00+01:00,Battery,0.0
2030,sc01,11-18 00:00:00+01:00,Solar,0.00016665
2030,sc01,11-18 00:00:00+01:00,OCGT,0.10535727636968797
2030,sc01,11-18 01:00:00+01:00,CCGT,3.9110853634599465
2030,sc01,11-18 01:00:00+01:00,Wind,0.3852382875
2030,sc01,11-18 01:00:00+01:00,Gas,0.0
2030,sc01,11-18 01:00:00+01:00,SynchronousCondenser,0.0
2030,sc01,11-18 01:00:00+01:00,Battery,0.0
2030,sc01,11-18 01:00:00+01:00,Solar,0.0
2030,sc01,11-18 01:00:00+01:00,OCGT,0.10534552767586401
2030,sc01,11-18 02:00:00+01:00,CCGT,3.878691391959946
2030,sc01,11-18 02:00:00+01:00,Wind,0.3725038625
2030,sc01,11-18 02:00:00+01:00,Gas,0.0
2030,sc01,11-18 02:00:00+01:00,SynchronousCondenser,0.0
2030,sc01,11-18 02:00:00+01:00,Battery,0.0
2030,sc01,11-18 02:00:00+01:00,Solar,0.00018975000000000003
2030,sc01,11-18 02:00:00+01:00,OCGT,0.11646029995111669
2030,sc01,11-18 03:00:00+01:00,CCGT,3.858995503659947
2030,sc01,11-18 03:00:00+01:00,Wind,0.3713612375
2030,sc01,11-18 03:00:00+01:00,Gas,0.0
2030,sc01,11-18 03:00:00+01:00,SynchronousCondenser,0.0
2030,sc01,11-18 03:00:00+01:00,Battery,0.0
2030,sc01,11-18 03:00:00+01:00,Solar,0.0
2030,sc01,11-18 03:00:00+01:00,OCGT,0.12923161647270426
2030,sc01,11-18 04:00:00+01:00,CCGT,3.8607390736199467
2030,sc01,11-18 04:00:00+01:00,Wind,0.36231002500000004
2030,sc01,11-18 04:00:00+01:00,Gas,0.0
2030,sc01,11-18 04:00:00+01:00,SynchronousCondenser,0.0
2030,sc01,11-18 04:00:00+01:00,Battery,0.0
2030,sc01,11-18 04:00:00+01:00,Solar,0.0
2030,sc01,11-18 04:00:00+01:00,OCGT,0.19631082676276884
2030,sc01,11-18 05:00:00+01:00,CCGT,3.878960870179947
2030,sc01,11-18 05:00:00+01:00,Wind,0.35871522499999997
2030,sc01,11-18 05:00:00+01:00,Gas,0.0
2030,sc01,11-18 05:00:00+01:00,SynchronousCondenser,0.0
2030,sc01,11-18 05:00:00+01:00,Battery,0.0
2030,sc01,11-18 05:00:00+01:00,Solar,0.0
2030,sc01,11-18 05:00:00+01:00,OCGT,0.3261379914892548
2030,sc01,11-18 06:00:00+01:00,CCGT,3.9474665003399467
2030,sc01,11-18 06:00:00+01:00,Wind,0.3667736875
2030,sc01,11-18 06:00:00+01:00,Gas,0.0
2030,sc01,11-18 06:00:00+01:00,SynchronousCondenser,0.0
2030,sc01,11-18 06:00:00+01:00,Battery,0.0
2030,sc01,11-18 06:00:00+01:00,Solar,0.0001551
2030,sc01,11-18 06:00:00+01:00,OCGT,0.3288575381114569
2030,sc01,11-18 07:00:00+01:00,CCGT,4.077102907679946
2030,sc01,11-18 07:00:00+01:00,Wind,0.35637676250000005
2030,sc01,11-18 07:00:00+01:00,Gas,0.0
2030,sc01,11-18 07:00:00+01:00,SynchronousCondenser,0.0
2030,sc01,11-18 07:00:00+01:00,Battery,0.0
2030,sc01,11-18 07:00:00+01:00,Solar,0.00068695
2030,sc01,11-18 07:00:00+01:00,OCGT,0.29506641788180726
2030,sc01,11-18 08:00:00+01:00,CCGT,4.1554879220799466
2030,sc01,11-18 08:00:00+01:00,Wind,0.3488386
2030,sc01,11-18 08:00:00+01:00,Gas,0.0
2030,sc01,11-18 08:00:00+01:00,SynchronousCondenser,0.0
2030,sc01,11-18 08:00:00+01:00,Battery,0.0
2030,sc01,11-18 08:00:00+01:00,Solar,0.067067825
2030,sc01,11-18 08:00:00+01:00,OCGT,0.2498367634280328
2030,sc01,11-18 09:00:00+01:00,CCGT,4.185208298259947
2030,sc01,11-18 09:00:00+01:00,Wind,0.2916387375
2030,sc01,11-18 09:00:00+01:00,Gas,0.0
2030,sc01,11-18 09:00:00+01:00,SynchronousCondenser,0.0
2030,sc01,11-18 09:00:00+01:00,Battery,0.0
2030,sc01,11-18 09:00:00+01:00,Solar,0.32205305
2030,sc01,11-18 09:00:00+01:00,OCGT,0.10569409805024485
2030,sc01,11-18 10:00:00+01:00,CCGT,4.156893529816682
2030,sc01,11-18 10:00:00+01:00,Wind,0.24051101250000004
2030,sc01,11-18 10:00:00+01:00,Gas,0.0
2030,sc01,11-18 10:00:00+01:00,SynchronousCondenser,0.0
2030,sc01,11-18 10:00:00+01:00,Battery,0.0
2030,sc01,11-18 10:00:00+01:00,Solar,0.5294473249999999
2030,sc01,11-18 10:00:00+01:00,OCGT,0.0
2030,sc01,11-18 11:00:00+01:00,CCGT,4.058993346629213
2030,sc01,11-18 11:00:00+01:00,Wind,0.19807975
2030,sc01,11-18 11:00:00+01:00,Gas,0.0
2030,sc01,11-18 11:00:00+01:00,SynchronousCondenser,0.0
2030,sc01,11-18 11:00:00+01:00,Battery,0.0
2030,sc01,11-18 11:00:00+01:00,Solar,0.6534151250000001
2030,sc01,11-18 11:00:00+01:00,OCGT,0.0
2030,sc01,11-18 12:00:00+01:00,CCGT,4.015013855849584
2030,sc01,11-18 12:00:00+01:00,Wind,0.17506788750000002
2030,sc01,11-18 12:00:00+01:00,Gas,0.0
2030,sc01,11-18 12:00:00+01:00,SynchronousCondenser,0.0
2030,sc01,11-18 12:00:00+01:00,Battery,0.0
2030,sc01,11-18 12:00:00+01:00,Solar,0.716614525
2030,sc01,11-18 12:00:00+01:00,OCGT,0.0
2030,sc01,11-18 13:00:00+01:00,CCGT,3.9675132501098824
2030,sc01,11-18 13:00:00+01:00,Wind,0.1637733625
2030,sc01,11-18 13:00:00+01:00,Gas,0.0
2030,sc01,11-18 13:00:00+01:00,SynchronousCondenser,0.0
2030,sc01,11-18 13:00:00+01:00,Battery,0.0
2030,sc01,11-18 13:00:00+01:00,Solar,0.729487
2030,sc01,11-18 13:00:00+01:00,OCGT,0.0
2030,sc01,11-18 14:00:00+01:00,CCGT,3.95725994308627
2030,sc01,11-18 14:00:00+01:00,Wind,0.17916360000000003
2030,sc01,11-18 14:00:00+01:00,Gas,0.0
2030,sc01,11-18 14:00:00+01:00,SynchronousCondenser,0.0
2030,sc01,11-18 14:00:00+01:00,Battery,0.0
2030,sc01,11-18 14:00:00+01:00,Solar,0.6917212500000001
2030,sc01,11-18 14:00:00+01:00,OCGT,0.0
2030,sc01,11-18 15:00:00+01:00,CCGT,4.052979865362548
2030,sc01,11-18 15:00:00+01:00,Wind,0.1830978875
2030,sc01,11-18 15:00:00+01:00,Gas,0.0
2030,sc01,11-18 15:00:00+01:00,SynchronousCondenser,0.0
2030,sc01,11-18 15:00:00+01:00,Battery,0.0
2030,sc01,11-18 15:00:00+01:00,Solar,0.58366055
2030,sc01,11-18 15:00:00+01:00,OCGT,0.0
2030,sc01,11-18 16:00:00+01:00,CCGT,4.069149585819947
2030,sc01,11-18 16:00:00+01:00,Wind,0.170797275
2030,sc01,11-18 16:00:00+01:00,Gas,0.0
2030,sc01,11-18 16:00:00+01:00,SynchronousCondenser,0.0
2030,sc01,11-18 16:00:00+01:00,Battery,0.0
2030,sc01,11-18 16:00:00+01:00,Solar,0.3482864
2030,sc01,11-18 16:00:00+01:00,OCGT,0.28284417031166037
2030,sc01,11-18 17:00:00+01:00,CCGT,4.103763315519947
2030,sc01,11-18 17:00:00+01:00,Wind,0.1876084375
2030,sc01,11-18 17:00:00+01:00,Gas,0.0
2030,sc01,11-18 17:00:00+01:00,SynchronousCondenser,0.0
2030,sc01,11-18 17:00:00+01:00,Battery,0.0
2030,sc01,11-18 17:00:00+01:00,Solar,0.065879275
2030,sc01,11-18 17:00:00+01:00,OCGT,0.6549126284063289
2030,sc01,11-18 18:00:00+01:00,CCGT,4.210634374099947
2030,sc01,11-18 18:00:00+01:00,Wind,0.21950940000000002
2030,sc01,11-18 18:00:00+01:00,Gas,0.0
2030,sc01,11-18 18:00:00+01:00,SynchronousCondenser,0.0
2030,sc01,11-18 18:00:00+01:00,Battery,0.0
2030,sc01,11-18 18:00:00+01:00,Solar,0.00045155
2030,sc01,11-18 18:00:00+01:00,OCGT,0.6304716338136443
2030,sc01,11-18 19:00:00+01:00,CCGT,4.249410762079947
2030,sc01,11-18 19:00:00+01:00,Wind,0.25070141250000005
2030,sc01,11-18 19:00:00+01:00,Gas,0.0
2030,sc01,11-18 19:00:00+01:00,SynchronousCondenser,0.0
2030,sc01,11-18 19:00:00+01:00,Battery,0.0
2030,sc01,11-18 19:00:00+01:00,Solar,0.00013035
2030,sc01,11-18 19:00:00+01:00,OCGT,0.546021127187242
2030,sc01,11-18 20:00:00+01:00,CCGT,4.255311466559947
2030,sc01,11-18 20:00:00+01:00,Wind,0.28457261250000004
2030,sc01,11-18 20:00:00+01:00,Gas,0.0
2030,sc01,11-18 20:00:00+01:00,SynchronousCondenser,0.0
2030,sc01,11-18 20:00:00+01:00,Battery,0.0
2030,sc01,11-18 20:00:00+01:00,Solar,0.0
2030,sc01,11-18 20:00:00+01:00,OCGT,0.43055809736062234
2030,sc01,11-18 21:00:00+01:00,CCGT,4.220565468899947
2030,sc01,11-18 21:00:00+01:00,Wind,0.3007962375
2030,sc01,11-18 21:00:00+01:00,Gas,0.0
2030,sc01,11-18 21:00:00+01:00,SynchronousCondenser,0.0
2030,sc01,11-18 21:00:00+01:00,Battery,0.0
2030,sc01,11-18 21:00:00+01:00,Solar,0.0
2030,sc01,11-18 21:00:00+01:00,OCGT,0.30078359402505417
2030,sc01,11-18 22:00:00+01:00,CCGT,4.125985850799946
2030,sc01,11-18 22:00:00+01:00,Wind,0.31180283750000004
2030,sc01,11-18 22:00:00+01:00,Gas,0.0
2030,sc01,11-18 22:00:00+01:00,SynchronousCondenser,0.0
2030,sc01,11-18 22:00:00+01:00,Battery,0.0
2030,sc01,11-18 22:00:00+01:00,Solar,0.0
2030,sc01,11-18 22:00:00+01:00,OCGT,0.20982161382555375
2030,sc01,11-18 23:00:00+01:00,CCGT,4.0327945556799465
2030,sc01,11-18 23:00:00+01:00,Wind,0.3440551125
2030,sc01,11-18 23:00:00+01:00,Gas,0.0
2030,sc01,11-18 23:00:00+01:00,SynchronousCondenser,0.0
2030,sc01,11-18 23:00:00+01:00,Battery,0.0
2030,sc01,11-18 23:00:00+01:00,Solar,0.0
2030,sc01,11-18 23:00:00+01:00,OCGT,0.16081703946491854
2030,sc01,12-04 00:00:00+01:00,CCGT,0.36674678787999515
2030,sc01,12-04 00:00:00+01:00,Wind,0.0443335875
2030,sc01,12-04 00:00:00+01:00,Gas,0.0
2030,sc01,12-04 00:00:00+01:00,SynchronousCondenser,0.0
2030,sc01,12-04 00:00:00+01:00,Battery,0.0
2030,sc01,12-04 00:00:00+01:00,Solar,0.0
2030,sc01,12-04 00:00:00+01:00,OCGT,0.0195370249523971
2030,sc01,12-04 01:00:00+01:00,CCGT,0.36039812325999515
2030,sc01,12-04 01:00:00+01:00,Wind,0.03878935
2030,sc01,12-04 01:00:00+01:00,Gas,0.0
2030,sc01,12-04 01:00:00+01:00,SynchronousCondenser,0.0
2030,sc01,12-04 01:00:00+01:00,Battery,0.0
2030,sc01,12-04 01:00:00+01:00,Solar,0.0
2030,sc01,12-04 01:00:00+01:00,OCGT,0.02396433403082187
2030,sc01,12-04 02:00:00+01:00,CCGT,0.35662405065999514
2030,sc01,12-04 02:00:00+01:00,Wind,0.0341338375
2030,sc01,12-04 02:00:00+01:00,Gas,0.0
2030,sc01,12-04 02:00:00+01:00,SynchronousCondenser,0.0
2030,sc01,12-04 02:00:00+01:00,Battery,0.0
2030,sc01,12-04 02:00:00+01:00,Solar,0.0
2030,sc01,12-04 02:00:00+01:00,OCGT,0.028523045146324255
2030,sc01,12-04 03:00:00+01:00,CCGT,0.3547446406999952
2030,sc01,12-04 03:00:00+01:00,Wind,0.02913675
2030,sc01,12-04 03:00:00+01:00,Gas,0.0
2030,sc01,12-04 03:00:00+01:00,SynchronousCondenser,0.0
2030,sc01,12-04 03:00:00+01:00,Battery,0.0
2030,sc01,12-04 03:00:00+01:00,Solar,0.0
2030,sc01,12-04 03:00:00+01:00,OCGT,0.03881612355231524
2030,sc01,12-04 04:00:00+01:00,CCGT,0.35482582707999516
2030,sc01,12-04 04:00:00+01:00,Wind,0.0249804
2030,sc01,12-04 04:00:00+01:00,Gas,0.0
2030,sc01,12-04 04:00:00+01:00,SynchronousCondenser,0.0
2030,sc01,12-04 04:00:00+01:00,Battery,0.0
2030,sc01,12-04 04:00:00+01:00,Solar,0.0
2030,sc01,12-04 04:00:00+01:00,OCGT,0.05485140237774011
2030,sc01,12-04 05:00:00+01:00,CCGT,0.35603552163999513
2030,sc01,12-04 05:00:00+01:00,Wind,0.022584375
2030,sc01,12-04 05:00:00+01:00,Gas,0.0
2030,sc01,12-04 05:00:00+01:00,SynchronousCondenser,0.0
2030,sc01,12-04 05:00:00+01:00,Battery,0.0
2030,sc01,12-04 05:00:00+01:00,Solar,0.0
2030,sc01,12-04 05:00:00+01:00,OCGT,0.0707723434027468
2030,sc01,12-04 06:00:00+01:00,CCGT,0.36330653685999514
2030,sc01,12-04 06:00:00+01:00,Wind,0.0231995625
2030,sc01,12-04 06:00:00+01:00,Gas,0.0
2030,sc01,12-04 06:00:00+01:00,SynchronousCondenser,0.0
2030,sc01,12-04 06:00:00+01:00,Battery,0.0
2030,sc01,12-04 06:00:00+01:00,Solar,0.0
2030,sc01,12-04 06:00:00+01:00,OCGT,0.07989158193100565
2030,sc01,12-04 07:00:00+01:00,CCGT,0.37667151925999515
2030,sc01,12-04 07:00:00+01:00,Wind,0.024986762500000002
2030,sc01,12-04 07:00:00+01:00,Gas,0.0
2030,sc01,12-04 07:00:00+01:00,SynchronousCondenser,0.0
2030,sc01,12-04 07:00:00+01:00,Battery,0.0
2030,sc01,12-04 07:00:00+01:00,Solar,2.8150000000000003e-05
2030,sc01,12-04 07:00:00+01:00,OCGT,0.07513620795125173
2030,sc01,12-04 08:00:00+01:00,CCGT,0.3851491796399952
2030,sc01,12-04 08:00:00+01:00,Wind,0.025246187500000003
2030,sc01,12-04 08:00:00+01:00,Gas,0.0
2030,sc01,12-04 08:00:00+01:00,SynchronousCondenser,0.0
2030,sc01,12-04 08:00:00+01:00,Battery,0.0
2030,sc01,12-04 08:00:00+01:00,Solar,0.0028492500000000002
2030,sc01,12-04 08:00:00+01:00,OCGT,0.06757616294004973
2030,sc01,12-04 09:00:00+01:00,CCGT,0.38673500061999516
2030,sc01,12-04 09:00:00+01:00,Wind,0.0254234375
2030,sc01,12-04 09:00:00+01:00,Gas,0.0
2030,sc01,12-04 09:00:00+01:00,SynchronousCondenser,0.0
2030,sc01,12-04 09:00:00+01:00,Battery,0.0
2030,sc01,12-04 09:00:00+01:00,Solar,0.024310250000000002
2030,sc01,12-04 09:00:00+01:00,OCGT,0.04426205475645468
2030,sc01,12-04 10:00:00+01:00,CCGT,0.38760785079999516
2030,sc01,12-04 10:00:00+01:00,Wind,0.0257175875
2030,sc01,12-04 10:00:00+01:00,Gas,0.0
2030,sc01,12-04 10:00:00+01:00,SynchronousCondenser,0.0
2030,sc01,12-04 10:00:00+01:00,Battery,0.0
2030,sc01,12-04 10:00:00+01:00,Solar,0.047697724999999996
2030,sc01,12-04 10:00:00+01:00,OCGT,0.019195400871465387
2030,sc01,12-04 11:00:00+01:00,CCGT,0.38520422649999514
2030,sc01,12-04 11:00:00+01:00,Wind,0.025732062500000003
2030,sc01,12-04 11:00:00+01:00,Gas,0.0
2030,sc01,12-04 11:00:00+01:00,SynchronousCondenser,0.0
2030,sc01,12-04 11:00:00+01:00,Battery,0.0
2030,sc01,12-04 11:00:00+01:00,Solar,0.059911650000000004
2030,sc01,12-04 11:00:00+01:00,OCGT,0.004509780052987009
2030,sc01,12-04 12:00:00+01:00,CCGT,0.3809171120979077
2030,sc01,12-04 12:00:00+01:00,Wind,0.024100725
2030,sc01,12-04 12:00:00+01:00,Gas,0.0
2030,sc01,12-04 12:00:00+01:00,SynchronousCondenser,0.0
2030,sc01,12-04 12:00:00+01:00,Battery,0.0
2030,sc01,12-04 12:00:00+01:00,Solar,0.065247675
2030,sc01,12-04 12:00:00+01:00,OCGT,0.0
2030,sc01,12-04 13:00:00+01:00,CCGT,0.37891679056936234
2030,sc01,12-04 13:00:00+01:00,Wind,0.0231632625
2030,sc01,12-04 13:00:00+01:00,Gas,0.0
2030,sc01,12-04 13:00:00+01:00,SynchronousCondenser,0.0
2030,sc01,12-04 13:00:00+01:00,Battery,0.0
2030,sc01,12-04 13:00:00+01:00,Solar,0.06413955
2030,sc01,12-04 13:00:00+01:00,OCGT,0.0
2030,sc01,12-04 14:00:00+01:00,CCGT,0.37973873701999517
2030,sc01,12-04 14:00:00+01:00,Wind,0.022435175
2030,sc01,12-04 14:00:00+01:00,Gas,0.0
2030,sc01,12-04 14:00:00+01:00,SynchronousCondenser,0.0
2030,sc01,12-04 14:00:00+01:00,Battery,0.0
2030,sc01,12-04 14:00:00+01:00,Solar,0.057083025
2030,sc01,12-04 14:00:00+01:00,OCGT,0.0012950662027264095
2030,sc01,12-04 15:00:00+01:00,CCGT,0.37679820525999513
2030,sc01,12-04 15:00:00+01:00,Wind,0.0218795375
2030,sc01,12-04 15:00:00+01:00,Gas,0.0
2030,sc01,12-04 15:00:00+01:00,SynchronousCondenser,0.0
2030,sc01,12-04 15:00:00+01:00,Battery,0.0
2030,sc01,12-04 15:00:00+01:00,Solar,0.04267805
2030,sc01,12-04 15:00:00+01:00,OCGT,0.018474544645990243
2030,sc01,12-04 16:00:00+01:00,CCGT,0.3762519943599952
2030,sc01,12-04 16:00:00+01:00,Wind,0.021236474999999998
2030,sc01,12-04 16:00:00+01:00,Gas,0.0
2030,sc01,12-04 16:00:00+01:00,SynchronousCondenser,0.0
2030,sc01,12-04 16:00:00+01:00,Battery,0.0
2030,sc01,12-04 16:00:00+01:00,Solar,0.020955625000000002
2030,sc01,12-04 16:00:00+01:00,OCGT,0.054226102885866025
2030,sc01,12-04 17:00:00+01:00,CCGT,0.37961614319999515
2030,sc01,12-04 17:00:00+01:00,Wind,0.023344425000000002
2030,sc01,12-04 17:00:00+01:00,Gas,0.0
2030,sc01,12-04 17:00:00+01:00,SynchronousCondenser,0.0
2030,sc01,12-04 17:00:00+01:00,Battery,0.0
2030,sc01,12-04 17:00:00+01:00,Solar,0.0031365750000000004
2030,sc01,12-04 17:00:00+01:00,OCGT,0.07752823791057382
2030,sc01,12-04 18:00:00+01:00,CCGT,0.38751689241999515
2030,sc01,12-04 18:00:00+01:00,Wind,0.0242737125
2030,sc01,12-04 18:00:00+01:00,Gas,0.0
2030,sc01,12-04 18:00:00+01:00,SynchronousCondenser,0.0
2030,sc01,12-04 18:00:00+01:00,Battery,0.0
2030,sc01,12-04 18:00:00+01:00,Solar,1.305e-05
2030,sc01,12-04 18:00:00+01:00,OCGT,0.08011767973684727
2030,sc01,12-04 19:00:00+01:00,CCGT,0.3890449393599952
2030,sc01,12-04 19:00:00+01:00,Wind,0.023506375
2030,sc01,12-04 19:00:00+01:00,Gas,0.0
2030,sc01,12-04 19:00:00+01:00,SynchronousCondenser,0.0
2030,sc01,12-04 19:00:00+01:00,Battery,0.0
2030,sc01,12-04 19:00:00+01:00,Solar,0.0
2030,sc01,12-04 19:00:00+01:00,OCGT,0.07758473293415319
2030,sc01,12-04 20:00:00+01:00,CCGT,0.38885682435999513
2030,sc01,12-04 20:00:00+01:00,Wind,0.023274275
2030,sc01,12-04 20:00:00+01:00,Gas,0.0
2030,sc01,12-04 20:00:00+01:00,SynchronousCondenser,0.0
2030,sc01,12-04 20:00:00+01:00,Battery,0.0
2030,sc01,12-04 20:00:00+01:00,Solar,0.0
2030,sc01,12-04 20:00:00+01:00,OCGT,0.07224570987644757
2030,sc01,12-04 21:00:00+01:00,CCGT,0.38687627741999514
2030,sc01,12-04 21:00:00+01:00,Wind,0.0237297625
2030,sc01,12-04 21:00:00+01:00,Gas,0.0
2030,sc01,12-04 21:00:00+01:00,SynchronousCondenser,0.0
2030,sc01,12-04 21:00:00+01:00,Battery,0.0
2030,sc01,12-04 21:00:00+01:00,Solar,0.0
2030,sc01,12-04 21:00:00+01:00,OCGT,0.05827171258219278
2030,sc01,12-04 22:00:00+01:00,CCGT,0.38085237475999517
2030,sc01,12-04 22:00:00+01:00,Wind,0.0249069875
2030,sc01,12-04 22:00:00+01:00,Gas,0.0
2030,sc01,12-04 22:00:00+01:00,SynchronousCondenser,0.0
2030,sc01,12-04 22:00:00+01:00,Battery,0.0
2030,sc01,12-04 22:00:00+01:00,Solar,0.0
2030,sc01,12-04 22:00:00+01:00,OCGT,0.044418966334668526
2030,sc01,12-04 23:00:00+01:00,CCGT,0.37328207347999515
2030,sc01,12-04 23:00:00+01:00,Wind,0.0261247
2030,sc01,12-04 23:00:00+01:00,Gas,0.0
2030,sc01,12-04 23:00:00+01:00,SynchronousCondenser,0.0
2030,sc01,12-04 23:00:00+01:00,Battery,0.0
2030,sc01,12-04 23:00:00+01:00,Solar,0.0
2030,sc01,12-04 23:00:00+01:00,OCGT,0.03665219339829155
2030,sc01,12-18 00:00:00+01:00,CCGT,1.9503333787876522
2030,sc01,12-18 00:00:00+01:00,Wind,0.38388865625
2030,sc01,12-18 00:00:00+01:00,Gas,0.0
2030,sc01,12-18 00:00:00+01:00,SynchronousCondenser,0.0
2030,sc01,12-18 00:00:00+01:00,Battery,0.0
2030,sc01,12-18 00:00:00+01:00,Solar,0.0
2030,sc01,12-18 00:00:00+01:00,OCGT,0.0
2030,sc01,12-18 01:00:00+01:00,CCGT,1.8904146496472258
2030,sc01,12-18 01:00:00+01:00,Wind,0.40054430625000004
2030,sc01,12-18 01:00:00+01:00,Gas,0.0
2030,sc01,12-18 01:00:00+01:00,SynchronousCondenser,0.0
2030,sc01,12-18 01:00:00+01:00,Battery,0.0
2030,sc01,12-18 01:00:00+01:00,Solar,0.0
2030,sc01,12-18 01:00:00+01:00,OCGT,0.0
2030,sc01,12-18 02:00:00+01:00,CCGT,1.8857945147465198
2030,sc01,12-18 02:00:00+01:00,Wind,0.39230475625
2030,sc01,12-18 02:00:00+01:00,Gas,0.0
2030,sc01,12-18 02:00:00+01:00,SynchronousCondenser,0.0
2030,sc01,12-18 02:00:00+01:00,Battery,0.0
2030,sc01,12-18 02:00:00+01:00,Solar,0.0
2030,sc01,12-18 02:00:00+01:00,OCGT,0.0
2030,sc01,12-18 03:00:00+01:00,CCGT,1.9123783290480318
2030,sc01,12-18 03:00:00+01:00,Wind,0.38797983124999996
2030,sc01,12-18 03:00:00+01:00,Gas,0.0
2030,sc01,12-18 03:00:00+01:00,SynchronousCondenser,0.0
2030,sc01,12-18 03:00:00+01:00,Battery,0.0
2030,sc01,12-18 03:00:00+01:00,Solar,0.0
2030,sc01,12-18 03:00:00+01:00,OCGT,0.0
2030,sc01,12-18 04:00:00+01:00,CCGT,1.9396888776099732
2030,sc01,12-18 04:00:00+01:00,Wind,0.37354851875
2030,sc01,12-18 04:00:00+01:00,Gas,0.0
2030,sc01,12-18 04:00:00+01:00,SynchronousCondenser,0.0
2030,sc01,12-18 04:00:00+01:00,Battery,0.0
2030,sc01,12-18 04:00:00+01:00,Solar,0.0
2030,sc01,12-18 04:00:00+01:00,OCGT,0.0629024754932185
2030,sc01,12-18 05:00:00+01:00,CCGT,1.9497225899799733
2030,sc01,12-18 05:00:00+01:00,Wind,0.3501268375
2030,sc01,12-18 05:00:00+01:00,Gas,0.0
2030,sc01,12-18 05:00:00+01:00,SynchronousCondenser,0.0
2030,sc01,12-18 05:00:00+01:00,Battery,0.0
2030,sc01,12-18 05:00:00+01:00,Solar,0.0
2030,sc01,12-18 05:00:00+01:00,OCGT,0.1684401876252065
2030,sc01,12-18 06:00:00+01:00,CCGT,1.9850406503399733
2030,sc01,12-18 06:00:00+01:00,Wind,0.30735595
2030,sc01,12-18 06:00:00+01:00,Gas,0.0
2030,sc01,12-18 06:00:00+01:00,SynchronousCondenser,0.0
2030,sc01,12-18 06:00:00+01:00,Battery,0.0
2030,sc01,12-18 06:00:00+01:00,Solar,0.0
2030,sc01,12-18 06:00:00+01:00,OCGT,0.2585825870690484
2030,sc01,12-18 07:00:00+01:00,CCGT,2.0578734859099734
2030,sc01,12-18 07:00:00+01:00,Wind,0.2850142625
2030,sc01,12-18 07:00:00+01:00,Gas,0.0
2030,sc01,12-18 07:00:00+01:00,SynchronousCondenser,0.0
2030,sc01,12-18 07:00:00+01:00,Battery,0.0
2030,sc01,12-18 07:00:00+01:00,Solar,0.0001109625
2030,sc01,12-18 07:00:00+01:00,OCGT,0.26330699648692124
2030,sc01,12-18 08:00:00+01:00,CCGT,2.1080640162999735
2030,sc01,12-18 08:00:00+01:00,Wind,0.27511364375
2030,sc01,12-18 08:00:00+01:00,Gas,0.0
2030,sc01,12-18 08:00:00+01:00,SynchronousCondenser,0.0
2030,sc01,12-18 08:00:00+01:00,Battery,0.0
2030,sc01,12-18 08:00:00+01:00,Solar,0.0045676125
2030,sc01,12-18 08:00:00+01:00,OCGT,0.23766578333659605
2030,sc01,12-18 09:00:00+01:00,CCGT,2.1165457128199736
2030,sc01,12-18 09:00:00+01:00,Wind,0.26976716250000005
2030,sc01,12-18 09:00:00+01:00,Gas,0.0
2030,sc01,12-18 09:00:00+01:00,SynchronousCondenser,0.0
2030,sc01,12-18 09:00:00+01:00,Battery,0.0
2030,sc01,12-18 09:00:00+01:00,Solar,0.0565123625
2030,sc01,12-18 09:00:00+01:00,OCGT,0.16936033147453164
2030,sc01,12-18 10:00:00+01:00,CCGT,2.1234413360599733
2030,sc01,12-18 10:00:00+01:00,Wind,0.25584226250000003
2030,sc01,12-18 10:00:00+01:00,Gas,0.0
2030,sc01,12-18 10:00:00+01:00,SynchronousCondenser,0.0
2030,sc01,12-18 10:00:00+01:00,Battery,0.0
2030,sc01,12-18 10:00:00+01:00,Solar,0.1592155125
2030,sc01,12-18 10:00:00+01:00,OCGT,0.06778358529858208
2030,sc01,12-18 11:00:00+01:00,CCGT,2.1013549403176217
2030,sc01,12-18 11:00:00+01:00,Wind,0.24420708125
2030,sc01,12-18 11:00:00+01:00,Gas,0.0
2030,sc01,12-18 11:00:00+01:00,SynchronousCondenser,0.0
2030,sc01,12-18 11:00:00+01:00,Battery,0.0
2030,sc01,12-18 11:00:00+01:00,Solar,0.24651288750000003
2030,sc01,12-18 11:00:00+01:00,OCGT,0.0
2030,sc01,12-18 12:00:00+01:00,CCGT,2.045600211923104
2030,sc01,12-18 12:00:00+01:00,Wind,0.24866675625
2030,sc01,12-18 12:00:00+01:00,Gas,0.0
2030,sc01,12-18 12:00:00+01:00,SynchronousCondenser,0.0
2030,sc01,12-18 12:00:00+01:00,Battery,0.0
2030,sc01,12-18 12:00:00+01:00,Solar,0.29031255
2030,sc01,12-18 12:00:00+01:00,OCGT,0.0
2030,sc01,12-18 13:00:00+01:00,CCGT,1.9976975623253184
2030,sc01,12-18 13:00:00+01:00,Wind,0.249485775
2030,sc01,12-18 13:00:00+01:00,Gas,0.0
2030,sc01,12-18 13:00:00+01:00,SynchronousCondenser,0.0
2030,sc01,12-18 13:00:00+01:00,Battery,0.0
2030,sc01,12-18 13:00:00+01:00,Solar,0.3060322375
2030,sc01,12-18 13:00:00+01:00,OCGT,0.0
2030,sc01,12-18 14:00:00+01:00,CCGT,1.9842567997347906
2030,sc01,12-18 14:00:00+01:00,Wind,0.25443928125000004
2030,sc01,12-18 14:00:00+01:00,Gas,0.0
2030,sc01,12-18 14:00:00+01:00,SynchronousCondenser,0.0
2030,sc01,12-18 14:00:00+01:00,Battery,0.0
2030,sc01,12-18 14:00:00+01:00,Solar,0.2804696125
2030,sc01,12-18 14:00:00+01:00,OCGT,0.0
2030,sc01,12-18 15:00:00+01:00,CCGT,2.0618231821245336
2030,sc01,12-18 15:00:00+01:00,Wind,0.2536183375
2030,sc01,12-18 15:00:00+01:00,Gas,0.0
2030,sc01,12-18 15:00:00+01:00,SynchronousCondenser,0.0
2030,sc01,12-18 15:00:00+01:00,Battery,0.0
2030,sc01,12-18 15:00:00+01:00,Solar,0.219272625
2030,sc01,12-18 15:00:00+01:00,OCGT,0.0
2030,sc01,12-18 16:00:00+01:00,CCGT,2.061735125009973
2030,sc01,12-18 16:00:00+01:00,Wind,0.25526173750000003
2030,sc01,12-18 16:00:00+01:00,Gas,0.0
2030,sc01,12-18 16:00:00+01:00,SynchronousCondenser,0.0
2030,sc01,12-18 16:00:00+01:00,Battery,0.0
2030,sc01,12-18 16:00:00+01:00,Solar,0.1124222
2030,sc01,12-18 16:00:00+01:00,OCGT,0.16371507344960953
2030,sc01,12-18 17:00:00+01:00,CCGT,2.0762845555099734
2030,sc01,12-18 17:00:00+01:00,Wind,0.2782219
2030,sc01,12-18 17:00:00+01:00,Gas,0.0
2030,sc01,12-18 17:00:00+01:00,SynchronousCondenser,0.0
2030,sc01,12-18 17:00:00+01:00,Battery,0.0
2030,sc01,12-18 17:00:00+01:00,Solar,0.0188197625
2030,sc01,12-18 17:00:00+01:00,OCGT,0.2685876064217571
2030,sc01,12-18 18:00:00+01:00,CCGT,2.1183909046299734
2030,sc01,12-18 18:00:00+01:00,Wind,0.29575727500000004
2030,sc01,12-18 18:00:00+01:00,Gas,0.0
2030,sc01,12-18 18:00:00+01:00,SynchronousCondenser,0.0
2030,sc01,12-18 18:00:00+01:00,Battery,0.0
2030,sc01,12-18 18:00:00+01:00,Solar,8.195e-05
2030,sc01,12-18 18:00:00+01:00,OCGT,0.2689304020546404
2030,sc01,12-18 19:00:00+01:00,CCGT,2.127313786839973
2030,sc01,12-18 19:00:00+01:00,Wind,0.30494103749999996
2030,sc01,12-18 19:00:00+01:00,Gas,0.0
2030,sc01,12-18 19:00:00+01:00,SynchronousCondenser,0.0
2030,sc01,12-18 19:00:00+01:00,Battery,0.0
2030,sc01,12-18 19:00:00+01:00,Solar,0.0
2030,sc01,12-18 19:00:00+01:00,OCGT,0.24450303279381722
2030,sc01,12-18 20:00:00+01:00,CCGT,2.126305826259973
2030,sc01,12-18 20:00:00+01:00,Wind,0.325080525
2030,sc01,12-18 20:00:00+01:00,Gas,0.0
2030,sc01,12-18 20:00:00+01:00,SynchronousCondenser,0.0
2030,sc01,12-18 20:00:00+01:00,Battery,0.0
2030,sc01,12-18 20:00:00+01:00,Solar,0.0
2030,sc01,12-18 20:00:00+01:00,OCGT,0.1944934022338723
2030,sc01,12-18 21:00:00+01:00,CCGT,2.1130454853199736
2030,sc01,12-18 21:00:00+01:00,Wind,0.335294575
2030,sc01,12-18 21:00:00+01:00,Gas,0.0
2030,sc01,12-18 21:00:00+01:00,SynchronousCondenser,0.0
2030,sc01,12-18 21:00:00+01:00,Battery,0.0
2030,sc01,12-18 21:00:00+01:00,Solar,0.0
2030,sc01,12-18 21:00:00+01:00,OCGT,0.10733041191244082
2030,sc01,12-18 22:00:00+01:00,CCGT,2.081284908669973
2030,sc01,12-18 22:00:00+01:00,Wind,0.34963575625
2030,sc01,12-18 22:00:00+01:00,Gas,0.0
2030,sc01,12-18 22:00:00+01:00,SynchronousCondenser,0.0
2030,sc01,12-18 22:00:00+01:00,Battery,0.0
2030,sc01,12-18 22:00:00+01:00,Solar,0.0
2030,sc01,12-18 22:00:00+01:00,OCGT,0.012074406204886257
2030,sc01,12-18 23:00:00+01:00,CCGT,1.979999018659122
2030,sc01,12-18 23:00:00+01:00,Wind,0.369377525
2030,sc01,12-18 23:00:00+01:00,Gas,0.0
2030,sc01,12-18 23:00:00+01:00,SynchronousCondenser,0.0
2030,sc01,12-18 23:00:00+01:00,Battery,0.0
2030,sc01,12-18 23:00:00+01:00,Solar,0.0
2030,sc01,12-18 23:00:00+01:00,OCGT,0.0
2030,sc01,12-23 00:00:00+01:00,CCGT,0.18201906322999759
2030,sc01,12-23 00:00:00+01:00,Wind,0.024204831250000003
2030,sc01,12-23 00:00:00+01:00,Gas,0.0
2030,sc01,12-23 00:00:00+01:00,SynchronousCondenser,0.0
2030,sc01,12-23 00:00:00+01:00,Battery,0.0
2030,sc01,12-23 00:00:00+01:00,Solar,0.0
2030,sc01,12-23 00:00:00+01:00,OCGT,0.006002284379020131
2030,sc01,12-23 01:00:00+01:00,CCGT,0.17868947659999757
2030,sc01,12-23 01:00:00+01:00,Wind,0.01948934375
2030,sc01,12-23 01:00:00+01:00,Gas,0.0
2030,sc01,12-23 01:00:00+01:00,SynchronousCondenser,0.0
2030,sc01,12-23 01:00:00+01:00,Battery,0.0
2030,sc01,12-23 01:00:00+01:00,Solar,0.0
2030,sc01,12-23 01:00:00+01:00,OCGT,0.009789904769038259
2030,sc01,12-23 02:00:00+01:00,CCGT,0.17663216673999757
2030,sc01,12-23 02:00:00+01:00,Wind,0.0157084625
2030,sc01,12-23 02:00:00+01:00,Gas,0.0
2030,sc01,12-23 02:00:00+01:00,SynchronousCondenser,0.0
2030,sc01,12-23 02:00:00+01:00,Battery,0.0
2030,sc01,12-23 02:00:00+01:00,Solar,0.0
2030,sc01,12-23 02:00:00+01:00,OCGT,0.013312109116655323
2030,sc01,12-23 03:00:00+01:00,CCGT,0.1756203489699976
2030,sc01,12-23 03:00:00+01:00,Wind,0.013539918750000001
2030,sc01,12-23 03:00:00+01:00,Gas,0.0
2030,sc01,12-23 03:00:00+01:00,SynchronousCondenser,0.0
2030,sc01,12-23 03:00:00+01:00,Battery,0.0
2030,sc01,12-23 03:00:00+01:00,Solar,0.0
2030,sc01,12-23 03:00:00+01:00,OCGT,0.0182215687482788
2030,sc01,12-23 04:00:00+01:00,CCGT,0.17521724957999757
2030,sc01,12-23 04:00:00+01:00,Wind,0.01164365625
2030,sc01,12-23 04:00:00+01:00,Gas,0.0
2030,sc01,12-23 04:00:00+01:00,SynchronousCondenser,0.0
2030,sc01,12-23 04:00:00+01:00,Battery,0.0
2030,sc01,12-23 04:00:00+01:00,Solar,0.0
2030,sc01,12-23 04:00:00+01:00,OCGT,0.025792476508641554
2030,sc01,12-23 05:00:00+01:00,CCGT,0.17594062699999757
2030,sc01,12-23 05:00:00+01:00,Wind,0.00903443125
2030,sc01,12-23 05:00:00+01:00,Gas,0.0
2030,sc01,12-23 05:00:00+01:00,SynchronousCondenser,0.0
2030,sc01,12-23 05:00:00+01:00,Battery,0.0
2030,sc01,12-23 05:00:00+01:00,Solar,0.0
2030,sc01,12-23 05:00:00+01:00,OCGT,0.035525883511156806
2030,sc01,12-23 06:00:00+01:00,CCGT,0.17897523102999757
2030,sc01,12-23 06:00:00+01:00,Wind,0.00777933125
2030,sc01,12-23 06:00:00+01:00,Gas,0.0
2030,sc01,12-23 06:00:00+01:00,SynchronousCondenser,0.0
2030,sc01,12-23 06:00:00+01:00,Battery,0.0
2030,sc01,12-23 06:00:00+01:00,Solar,0.0
2030,sc01,12-23 06:00:00+01:00,OCGT,0.03834209150621458
2030,sc01,12-23 07:00:00+01:00,CCGT,0.18427172816999757
2030,sc01,12-23 07:00:00+01:00,Wind,0.00648504375
2030,sc01,12-23 07:00:00+01:00,Gas,0.0
2030,sc01,12-23 07:00:00+01:00,SynchronousCondenser,0.0
2030,sc01,12-23 07:00:00+01:00,Battery,0.0
2030,sc01,12-23 07:00:00+01:00,Solar,1.1887500000000001e-05
2030,sc01,12-23 07:00:00+01:00,OCGT,0.03594469743160577
2030,sc01,12-23 08:00:00+01:00,CCGT,0.18858537278999757
2030,sc01,12-23 08:00:00+01:00,Wind,0.006195537500000001
2030,sc01,12-23 08:00:00+01:00,Gas,0.0
2030,sc01,12-23 08:00:00+01:00,SynchronousCondenser,0.0
2030,sc01,12-23 08:00:00+01:00,Battery,0.0
2030,sc01,12-23 08:00:00+01:00,Solar,0.0002605
2030,sc01,12-23 08:00:00+01:00,OCGT,0.03263677074533505
2030,sc01,12-23 09:00:00+01:00,CCGT,0.19139033041999756
2030,sc01,12-23 09:00:00+01:00,Wind,0.0065796875000000005
2030,sc01,12-23 09:00:00+01:00,Gas,0.0
2030,sc01,12-23 09:00:00+01:00,SynchronousCondenser,0.0
2030,sc01,12-23 09:00:00+01:00,Battery,0.0
2030,sc01,12-23 09:00:00+01:00,Solar,0.00540515
2030,sc01,12-23 09:00:00+01:00,OCGT,0.026096761326060567
2030,sc01,12-23 10:00:00+01:00,CCGT,0.19243279764999757
2030,sc01,12-23 10:00:00+01:00,Wind,0.00671158125
2030,sc01,12-23 10:00:00+01:00,Gas,0.0
2030,sc01,12-23 10:00:00+01:00,SynchronousCondenser,0.0
2030,sc01,12-23 10:00:00+01:00,Battery,0.0
2030,sc01,12-23 10:00:00+01:00,Solar,0.014179737500000001
2030,sc01,12-23 10:00:00+01:00,OCGT,0.016723444350696785
2030,sc01,12-23 11:00:00+01:00,CCGT,0.19189295876999757
2030,sc01,12-23 11:00:00+01:00,Wind,0.007455225
2030,sc01,12-23 11:00:00+01:00,Gas,0.0
2030,sc01,12-23 11:00:00+01:00,SynchronousCondenser,0.0
2030,sc01,12-23 11:00:00+01:00,Battery,0.0
2030,sc01,12-23 11:00:00+01:00,Solar,0.020069725
2030,sc01,12-23 11:00:00+01:00,OCGT,0.009720873051749762
2030,sc01,12-23 12:00:00+01:00,CCGT,0.19075855685999757
2030,sc01,12-23 12:00:00+01:00,Wind,0.008920843749999999
2030,sc01,12-23 12:00:00+01:00,Gas,0.0
2030,sc01,12-23 12:00:00+01:00,SynchronousCondenser,0.0
2030,sc01,12-23 12:00:00+01:00,Battery,0.0
2030,sc01,12-23 12:00:00+01:00,Solar,0.0233521375
2030,sc01,12-23 12:00:00+01:00,OCGT,0.004971148346879426
2030,sc01,12-23 13:00:00+01:00,CCGT,0.19016320964999758
2030,sc01,12-23 13:00:00+01:00,Wind,0.0114365625
2030,sc01,12-23 13:00:00+01:00,Gas,0.0
2030,sc01,12-23 13:00:00+01:00,SynchronousCondenser,0.0
2030,sc01,12-23 13:00:00+01:00,Battery,0.0
2030,sc01,12-23 13:00:00+01:00,Solar,0.024258725
2030,sc01,12-23 13:00:00+01:00,OCGT,0.0013474322917974742
2030,sc01,12-23 14:00:00+01:00,CCGT,0.18835138215999758
2030,sc01,12-23 14:00:00+01:00,Wind,0.01409726875
2030,sc01,12-23 14:00:00+01:00,Gas,0.0
2030,sc01,12-23 14:00:00+01:00,SynchronousCondenser,0.0
2030,sc01,12-23 14:00:00+01:00,Battery,0.0
2030,sc01,12-23 14:00:00+01:00,Solar,0.0220381875
2030,sc01,12-23 14:00:00+01:00,OCGT,0.0012537129188682113
2030,sc01,12-23 15:00:00+01:00,CCGT,0.1870631291699976
2030,sc01,12-23 15:00:00+01:00,Wind,0.01761360625
2030,sc01,12-23 15:00:00+01:00,Gas,0.0
2030,sc01,12-23 15:00:00+01:00,SynchronousCondenser,0.0
2030,sc01,12-23 15:00:00+01:00,Battery,0.0
2030,sc01,12-23 15:00:00+01:00,Solar,0.016697675000000002
2030,sc01,12-23 15:00:00+01:00,OCGT,0.005209382376189967
2030,sc01,12-23 16:00:00+01:00,CCGT,0.1868042928899976
2030,sc01,12-23 16:00:00+01:00,Wind,0.0194885125
2030,sc01,12-23 16:00:00+01:00,Gas,0.0
2030,sc01,12-23 16:00:00+01:00,SynchronousCondenser,0.0
2030,sc01,12-23 16:00:00+01:00,Battery,0.0
2030,sc01,12-23 16:00:00+01:00,Solar,0.008237062500000001
2030,sc01,12-23 16:00:00+01:00,OCGT,0.01842380053056083
2030,sc01,12-23 17:00:00+01:00,CCGT,0.18856427269999756
2030,sc01,12-23 17:00:00+01:00,Wind,0.020472925
2030,sc01,12-23 17:00:00+01:00,Gas,0.0
2030,sc01,12-23 17:00:00+01:00,SynchronousCondenser,0.0
2030,sc01,12-23 17:00:00+01:00,Battery,0.0
2030,sc01,12-23 17:00:00+01:00,Solar,0.0012785375000000001
2030,sc01,12-23 17:00:00+01:00,OCGT,0.029414215687053345
2030,sc01,12-23 18:00:00+01:00,CCGT,0.19201767183999757
2030,sc01,12-23 18:00:00+01:00,Wind,0.02179844375
2030,sc01,12-23 18:00:00+01:00,Gas,0.0
2030,sc01,12-23 18:00:00+01:00,SynchronousCondenser,0.0
2030,sc01,12-23 18:00:00+01:00,Battery,0.0
2030,sc01,12-23 18:00:00+01:00,Solar,6.6375e-06
2030,sc01,12-23 18:00:00+01:00,OCGT,0.029357968711754653
2030,sc01,12-23 19:00:00+01:00,CCGT,0.19224979275999757
2030,sc01,12-23 19:00:00+01:00,Wind,0.02368046875
2030,sc01,12-23 19:00:00+01:00,Gas,0.0
2030,sc01,12-23 19:00:00+01:00,SynchronousCondenser,0.0
2030,sc01,12-23 19:00:00+01:00,Battery,0.0
2030,sc01,12-23 19:00:00+01:00,Solar,0.0
2030,sc01,12-23 19:00:00+01:00,OCGT,0.027152140713878038
2030,sc01,12-23 20:00:00+01:00,CCGT,0.19204024832999758
2030,sc01,12-23 20:00:00+01:00,Wind,0.02518756875
2030,sc01,12-23 20:00:00+01:00,Gas,0.0
2030,sc01,12-23 20:00:00+01:00,SynchronousCondenser,0.0
2030,sc01,12-23 20:00:00+01:00,Battery,0.0
2030,sc01,12-23 20:00:00+01:00,Solar,0.0
2030,sc01,12-23 20:00:00+01:00,OCGT,0.023687778602483722
2030,sc01,12-23 21:00:00+01:00,CCGT,0.19133526019999758
2030,sc01,12-23 21:00:00+01:00,Wind,0.026684275
2030,sc01,12-23 21:00:00+01:00,Gas,0.0
2030,sc01,12-23 21:00:00+01:00,SynchronousCondenser,0.0
2030,sc01,12-23 21:00:00+01:00,Battery,0.0
2030,sc01,12-23 21:00:00+01:00,Solar,0.0
2030,sc01,12-23 21:00:00+01:00,OCGT,0.01732029303538835
2030,sc01,12-23 22:00:00+01:00,CCGT,0.18838079056999757
2030,sc01,12-23 22:00:00+01:00,Wind,0.02656865625
2030,sc01,12-23 22:00:00+01:00,Gas,0.0
2030,sc01,12-23 22:00:00+01:00,SynchronousCondenser,0.0
2030,sc01,12-23 22:00:00+01:00,Battery,0.0
2030,sc01,12-23 22:00:00+01:00,Solar,0.0
2030,sc01,12-23 22:00:00+01:00,OCGT,0.01178119734823544
2030,sc01,12-23 23:00:00+01:00,CCGT,0.18443463465999757
2030,sc01,12-23 23:00:00+01:00,Wind,0.0273618125
2030,sc01,12-23 23:00:00+01:00,Gas,0.0
2030,sc01,12-23 23:00:00+01:00,SynchronousCondenser,0.0
2030,sc01,12-23 23:00:00+01:00,Battery,0.0
2030,sc01,12-23 23:00:00+01:00,Solar,0.0
2030,sc01,12-23 23:00:00+01:00,OCGT,0.008817577770117841
2030,sc01,12-24 00:00:00+01:00,CCGT,0.7234799992799903
2030,sc01,12-24 00:00:00+01:00,Wind,0.1174043
2030,sc01,12-24 00:00:00+01:00,Gas,0.0
2030,sc01,12-24 00:00:00+01:00,SynchronousCondenser,0.0
2030,sc01,12-24 00:00:00+01:00,Battery,0.0
2030,sc01,12-24 00:00:00+01:00,Solar,0.0
2030,sc01,12-24 00:00:00+01:00,OCGT,0.02817021158287661
2030,sc01,12-24 01:00:00+01:00,CCGT,0.7099170342799903
2030,sc01,12-24 01:00:00+01:00,Wind,0.127395525
2030,sc01,12-24 01:00:00+01:00,Gas,0.0
2030,sc01,12-24 01:00:00+01:00,SynchronousCondenser,0.0
2030,sc01,12-24 01:00:00+01:00,Battery,0.0
2030,sc01,12-24 01:00:00+01:00,Solar,0.0
2030,sc01,12-24 01:00:00+01:00,OCGT,0.01994395131571222
2030,sc01,12-24 02:00:00+01:00,CCGT,0.7005477145999903
2030,sc01,12-24 02:00:00+01:00,Wind,0.140038575
2030,sc01,12-24 02:00:00+01:00,Gas,0.0
2030,sc01,12-24 02:00:00+01:00,SynchronousCondenser,0.0
2030,sc01,12-24 02:00:00+01:00,Battery,0.0
2030,sc01,12-24 02:00:00+01:00,Solar,0.0
2030,sc01,12-24 02:00:00+01:00,OCGT,0.013618001942077379
2030,sc01,12-24 03:00:00+01:00,CCGT,0.6960659455599904
2030,sc01,12-24 03:00:00+01:00,Wind,0.143044675
2030,sc01,12-24 03:00:00+01:00,Gas,0.0
2030,sc01,12-24 03:00:00+01:00,SynchronousCondenser,0.0
2030,sc01,12-24 03:00:00+01:00,Battery,0.0
2030,sc01,12-24 03:00:00+01:00,Solar,0.0
2030,sc01,12-24 03:00:00+01:00,OCGT,0.024159931751217723
2030,sc01,12-24 04:00:00+01:00,CCGT,0.6936305009199903
2030,sc01,12-24 04:00:00+01:00,Wind,0.14202972500000002
2030,sc01,12-24 04:00:00+01:00,Gas,0.0
2030,sc01,12-24 04:00:00+01:00,SynchronousCondenser,0.0
2030,sc01,12-24 04:00:00+01:00,Battery,0.0
2030,sc01,12-24 04:00:00+01:00,Solar,0.0
2030,sc01,12-24 04:00:00+01:00,OCGT,0.0509294419645321
2030,sc01,12-24 05:00:00+01:00,CCGT,0.6945295099999903
2030,sc01,12-24 05:00:00+01:00,Wind,0.136206875
2030,sc01,12-24 05:00:00+01:00,Gas,0.0
2030,sc01,12-24 05:00:00+01:00,SynchronousCondenser,0.0
2030,sc01,12-24 05:00:00+01:00,Battery,0.0
2030,sc01,12-24 05:00:00+01:00,Solar,0.0
2030,sc01,12-24 05:00:00+01:00,OCGT,0.08657227361885228
2030,sc01,12-24 06:00:00+01:00,CCGT,0.7000250879199903
2030,sc01,12-24 06:00:00+01:00,Wind,0.13052295
2030,sc01,12-24 06:00:00+01:00,Gas,0.0
2030,sc01,12-24 06:00:00+01:00,SynchronousCondenser,0.0
2030,sc01,12-24 06:00:00+01:00,Battery,0.0
2030,sc01,12-24 06:00:00+01:00,Solar,0.0
2030,sc01,12-24 06:00:00+01:00,OCGT,0.1112962722089165
2030,sc01,12-24 07:00:00+01:00,CCGT,0.7123898856799903
2030,sc01,12-24 07:00:00+01:00,Wind,0.12824760000000002
2030,sc01,12-24 07:00:00+01:00,Gas,0.0
2030,sc01,12-24 07:00:00+01:00,SynchronousCondenser,0.0
2030,sc01,12-24 07:00:00+01:00,Battery,0.0
2030,sc01,12-24 07:00:00+01:00,Solar,2.88e-05
2030,sc01,12-24 07:00:00+01:00,OCGT,0.10550091845926879
2030,sc01,12-24 08:00:00+01:00,CCGT,0.7254700477999904
2030,sc01,12-24 08:00:00+01:00,Wind,0.125082
2030,sc01,12-24 08:00:00+01:00,Gas,0.0
2030,sc01,12-24 08:00:00+01:00,SynchronousCondenser,0.0
2030,sc01,12-24 08:00:00+01:00,Battery,0.0
2030,sc01,12-24 08:00:00+01:00,Solar,0.00063185
2030,sc01,12-24 08:00:00+01:00,OCGT,0.09250591411478797
2030,sc01,12-24 09:00:00+01:00,CCGT,0.7385811379199904
2030,sc01,12-24 09:00:00+01:00,Wind,0.12037125
2030,sc01,12-24 09:00:00+01:00,Gas,0.0
2030,sc01,12-24 09:00:00+01:00,SynchronousCondenser,0.0
2030,sc01,12-24 09:00:00+01:00,Battery,0.0
2030,sc01,12-24 09:00:00+01:00,Solar,0.01209205
2030,sc01,12-24 09:00:00+01:00,OCGT,0.07043852703447596
2030,sc01,12-24 10:00:00+01:00,CCGT,0.7467179980399903
2030,sc01,12-24 10:00:00+01:00,Wind,0.1143763
2030,sc01,12-24 10:00:00+01:00,Gas,0.0
2030,sc01,12-24 10:00:00+01:00,SynchronousCondenser,0.0
2030,sc01,12-24 10:00:00+01:00,Battery,0.0
2030,sc01,12-24 10:00:00+01:00,Solar,0.037778950000000006
2030,sc01,12-24 10:00:00+01:00,OCGT,0.04056028033323869
2030,sc01,12-24 11:00:00+01:00,CCGT,0.7466835146399903
2030,sc01,12-24 11:00:00+01:00,Wind,0.1089266
2030,sc01,12-24 11:00:00+01:00,Gas,0.0
2030,sc01,12-24 11:00:00+01:00,SynchronousCondenser,0.0
2030,sc01,12-24 11:00:00+01:00,Battery,0.0
2030,sc01,12-24 11:00:00+01:00,Solar,0.06989495
2030,sc01,12-24 11:00:00+01:00,OCGT,0.0068541370256739315
2030,sc01,12-24 12:00:00+01:00,CCGT,0.7189807786632911
2030,sc01,12-24 12:00:00+01:00,Wind,0.10420332500000001
2030,sc01,12-24 12:00:00+01:00,Gas,0.0
2030,sc01,12-24 12:00:00+01:00,SynchronousCondenser,0.0
2030,sc01,12-24 12:00:00+01:00,Battery,0.0
2030,sc01,12-24 12:00:00+01:00,Solar,0.0951428
2030,sc01,12-24 12:00:00+01:00,OCGT,0.0
2030,sc01,12-24 13:00:00+01:00,CCGT,0.6956780649340535
2030,sc01,12-24 13:00:00+01:00,Wind,0.1056363
2030,sc01,12-24 13:00:00+01:00,Gas,0.0
2030,sc01,12-24 13:00:00+01:00,SynchronousCondenser,0.0
2030,sc01,12-24 13:00:00+01:00,Battery,0.0
2030,sc01,12-24 13:00:00+01:00,Solar,0.1064268
2030,sc01,12-24 13:00:00+01:00,OCGT,0.0
2030,sc01,12-24 14:00:00+01:00,CCGT,0.6882421521566089
2030,sc01,12-24 14:00:00+01:00,Wind,0.10663165
2030,sc01,12-24 14:00:00+01:00,Gas,0.0
2030,sc01,12-24 14:00:00+01:00,SynchronousCondenser,0.0
2030,sc01,12-24 14:00:00+01:00,Battery,0.0
2030,sc01,12-24 14:00:00+01:00,Solar,0.10178995
2030,sc01,12-24 14:00:00+01:00,OCGT,0.0
2030,sc01,12-24 15:00:00+01:00,CCGT,0.7100687269190902
2030,sc01,12-24 15:00:00+01:00,Wind,0.105513225
2030,sc01,12-24 15:00:00+01:00,Gas,0.0
2030,sc01,12-24 15:00:00+01:00,SynchronousCondenser,0.0
2030,sc01,12-24 15:00:00+01:00,Battery,0.0
2030,sc01,12-24 15:00:00+01:00,Solar,0.08346415
2030,sc01,12-24 15:00:00+01:00,OCGT,0.0
2030,sc01,12-24 16:00:00+01:00,CCGT,0.7199110871999903
2030,sc01,12-24 16:00:00+01:00,Wind,0.10447150000000001
2030,sc01,12-24 16:00:00+01:00,Gas,0.0
2030,sc01,12-24 16:00:00+01:00,SynchronousCondenser,0.0
2030,sc01,12-24 16:00:00+01:00,Battery,0.0
2030,sc01,12-24 16:00:00+01:00,Solar,0.0454983
2030,sc01,12-24 16:00:00+01:00,OCGT,0.05709870443501311
2030,sc01,12-24 17:00:00+01:00,CCGT,0.7245110630799904
2030,sc01,12-24 17:00:00+01:00,Wind,0.1034835
2030,sc01,12-24 17:00:00+01:00,Gas,0.0
2030,sc01,12-24 17:00:00+01:00,SynchronousCondenser,0.0
2030,sc01,12-24 17:00:00+01:00,Battery,0.0
2030,sc01,12-24 17:00:00+01:00,Solar,0.00773505
2030,sc01,12-24 17:00:00+01:00,OCGT,0.11226020747930446
2030,sc01,12-24 18:00:00+01:00,CCGT,0.7430746851599903
2030,sc01,12-24 18:00:00+01:00,Wind,0.10452945
2030,sc01,12-24 18:00:00+01:00,Gas,0.0
2030,sc01,12-24 18:00:00+01:00,SynchronousCondenser,0.0
2030,sc01,12-24 18:00:00+01:00,Battery,0.0
2030,sc01,12-24 18:00:00+01:00,Solar,3.47e-05
2030,sc01,12-24 18:00:00+01:00,OCGT,0.1207771771499025
2030,sc01,12-24 19:00:00+01:00,CCGT,0.7463691831999903
2030,sc01,12-24 19:00:00+01:00,Wind,0.102940275
2030,sc01,12-24 19:00:00+01:00,Gas,0.0
2030,sc01,12-24 19:00:00+01:00,SynchronousCondenser,0.0
2030,sc01,12-24 19:00:00+01:00,Battery,0.0
2030,sc01,12-24 19:00:00+01:00,Solar,0.0
2030,sc01,12-24 19:00:00+01:00,OCGT,0.11636420312849459
2030,sc01,12-24 20:00:00+01:00,CCGT,0.7396069305199903
2030,sc01,12-24 20:00:00+01:00,Wind,0.10228305
2030,sc01,12-24 20:00:00+01:00,Gas,0.0
2030,sc01,12-24 20:00:00+01:00,SynchronousCondenser,0.0
2030,sc01,12-24 20:00:00+01:00,Battery,0.0
2030,sc01,12-24 20:00:00+01:00,Solar,0.0
2030,sc01,12-24 20:00:00+01:00,OCGT,0.11007843429220755
2030,sc01,12-24 21:00:00+01:00,CCGT,0.7299826919199903
2030,sc01,12-24 21:00:00+01:00,Wind,0.10360795
2030,sc01,12-24 21:00:00+01:00,Gas,0.0
2030,sc01,12-24 21:00:00+01:00,SynchronousCondenser,0.0
2030,sc01,12-24 21:00:00+01:00,Battery,0.0
2030,sc01,12-24 21:00:00+01:00,Solar,0.0
2030,sc01,12-24 21:00:00+01:00,OCGT,0.0833356503578604
2030,sc01,12-24 22:00:00+01:00,CCGT,0.7148146150799903
2030,sc01,12-24 22:00:00+01:00,Wind,0.106733475
2030,sc01,12-24 22:00:00+01:00,Gas,0.0
2030,sc01,12-24 22:00:00+01:00,SynchronousCondenser,0.0
2030,sc01,12-24 22:00:00+01:00,Battery,0.0
2030,sc01,12-24 22:00:00+01:00,Solar,0.0
2030,sc01,12-24 22:00:00+01:00,OCGT,0.05351160032932778
2030,sc01,12-24 23:00:00+01:00,CCGT,0.7079363592399903
2030,sc01,12-24 23:00:00+01:00,Wind,0.1073877
2030,sc01,12-24 23:00:00+01:00,Gas,0.0
2030,sc01,12-24 23:00:00+01:00,SynchronousCondenser,0.0
2030,sc01,12-24 23:00:00+01:00,Battery,0.0
2030,sc01,12-24 23:00:00+01:00,Solar,0.0
2030,sc01,12-24 23:00:00+01:00,OCGT,0.03965603226781661
