Period,Scenario,LoadLevel,Unit,p.u.
2030,sc01,01-07 15:00:00+01:00,ST NG 03,1.0
2030,sc01,01-07 15:00:00+01:00,CC NG 37,0.7617572882453792
2030,sc01,01-07 15:00:00+01:00,CT NG 48,1.0
2030,sc01,01-07 15:00:00+01:00,CT NG 16,1.0
2030,sc01,01-07 15:00:00+01:00,CT NG 25,0.9452146152704877
2030,sc01,01-07 15:00:00+01:00,CT NG 53,1.0
2030,sc01,01-07 15:00:00+01:00,ST NG 08,1.0
2030,sc01,01-07 15:00:00+01:00,CT Oil 03,1.0
2030,sc01,01-07 15:00:00+01:00,CT NG 43,1.0
2030,sc01,01-07 15:00:00+01:00,CC NG 04,1.0
2030,sc01,01-07 15:00:00+01:00,ST Other 02,1.0
2030,sc01,01-07 15:00:00+01:00,CT NG 30,1.0
2030,sc01,01-07 15:00:00+01:00,CC NG 27,1.0
2030,sc01,01-07 15:00:00+01:00,CC NG 38,1.0
2030,sc01,01-07 15:00:00+01:00,CC NG 20,1.0
2030,sc01,01-07 15:00:00+01:00,CC NG 19,1.0
2030,sc01,01-07 15:00:00+01:00,CT NG 12,1.0
2030,sc01,01-07 15:00:00+01:00,CT NG 70,1.0
2030,sc01,01-07 15:00:00+01:00,ST NG 10,1.0
2030,sc01,01-07 15:00:00+01:00,CT NG 02,1.0
2030,sc01,01-07 15:00:00+01:00,CT NG 26,1.0
2030,sc01,01-07 15:00:00+01:00,ST NG 01,1.0
2030,sc01,01-07 15:00:00+01:00,CC NG 32,1.0
2030,sc01,01-07 15:00:00+01:00,CT NG 35,0.0
2030,sc01,01-07 15:00:00+01:00,ST NG 06,1.0
2030,sc01,01-07 15:00:00+01:00,CT Oil 01,1.0
2030,sc01,01-07 15:00:00+01:00,CT NG 67,1.0
2030,sc01,01-07 15:00:00+01:00,CT NG 72,1.0
2030,sc01,01-07 15:00:00+01:00,CT NG 66,1.0
2030,sc01,01-07 15:00:00+01:00,CT NG 71,1.0
2030,sc01,01-07 15:00:00+01:00,CC NG 07,1.0
2030,sc01,01-07 15:00:00+01:00,CT NG 69,1.0
2030,sc01,01-07 15:00:00+01:00,CT NG 07,1.0
2030,sc01,01-07 15:00:00+01:00,CT NG 45,1.0
2030,sc01,01-07 15:00:00+01:00,CC NG 03,1.0
2030,sc01,01-07 15:00:00+01:00,CC NG 13,1.0
2030,sc01,01-07 15:00:00+01:00,CT Oil 05,1.0
2030,sc01,01-07 15:00:00+01:00,CT NG 54,1.0
2030,sc01,01-07 15:00:00+01:00,ST Coal 01,1.0
2030,sc01,01-07 15:00:00+01:00,CC NG 16,1.0
2030,sc01,01-07 15:00:00+01:00,CT NG 73,1.0
2030,sc01,01-07 15:00:00+01:00,CC NG 09,0.0
2030,sc01,01-07 15:00:00+01:00,CT NG 03,1.0
2030,sc01,01-07 15:00:00+01:00,CT NG 28,1.0
2030,sc01,01-07 15:00:00+01:00,CT NG 11,1.0
2030,sc01,01-07 15:00:00+01:00,CT NG 08,1.0
2030,sc01,01-07 15:00:00+01:00,CT Oil 02,1.0
2030,sc01,01-07 15:00:00+01:00,CC NG 25,1.0
2030,sc01,01-07 15:00:00+01:00,CC NG 22,0.4357945823941951
2030,sc01,01-07 15:00:00+01:00,CT NG 56,1.0
2030,sc01,01-07 15:00:00+01:00,CT NG 34,0.0
2030,sc01,01-07 15:00:00+01:00,ST NG 05,1.0
2030,sc01,01-07 15:00:00+01:00,CT NG 44,1.0
2030,sc01,01-07 15:00:00+01:00,CT NG 47,1.0
2030,sc01,01-07 15:00:00+01:00,CC NG 15,1.0
2030,sc01,01-07 15:00:00+01:00,CC NG 14,1.0
2030,sc01,01-07 15:00:00+01:00,CT NG 42,1.0
2030,sc01,01-07 15:00:00+01:00,ST NG 07,1.0
2030,sc01,01-07 15:00:00+01:00,CC NG 36,1.0
2030,sc01,01-07 15:00:00+01:00,CT NG 15,1.0
2030,sc01,01-07 15:00:00+01:00,CT NG 41,1.0
2030,sc01,01-07 15:00:00+01:00,CC NG 23,1.0
2030,sc01,01-07 15:00:00+01:00,CT NG 49,1.0
2030,sc01,01-07 15:00:00+01:00,CC NG 26,1.0
2030,sc01,01-07 15:00:00+01:00,CC NG 12,1.0
2030,sc01,01-07 15:00:00+01:00,CT NG 05,1.0
2030,sc01,01-07 15:00:00+01:00,CC NG 40,0.0
2030,sc01,01-07 15:00:00+01:00,CT NG 50,1.0
2030,sc01,01-07 15:00:00+01:00,CT NG 68,1.0
2030,sc01,01-07 15:00:00+01:00,CC NG 17,1.0
2030,sc01,01-07 15:00:00+01:00,CC NG 10,1.0
2030,sc01,01-07 15:00:00+01:00,CC NG 33,1.0
2030,sc01,01-07 15:00:00+01:00,CC NG 06,1.0
2030,sc01,01-07 15:00:00+01:00,CT NG 10,1.0
2030,sc01,01-07 15:00:00+01:00,CT NG 01,1.0
2030,sc01,01-07 15:00:00+01:00,CC NG 29,1.0
2030,sc01,01-07 15:00:00+01:00,CC NG 05,1.0
2030,sc01,01-07 15:00:00+01:00,CT NG 06,1.0
2030,sc01,01-07 15:00:00+01:00,CT NG 24,1.0
2030,sc01,01-07 15:00:00+01:00,CT NG 22,1.0
2030,sc01,01-07 15:00:00+01:00,CT NG 21,1.0
2030,sc01,01-07 15:00:00+01:00,CC NG 28,0.0
2030,sc01,01-07 15:00:00+01:00,CC NG 35,1.0
2030,sc01,01-07 15:00:00+01:00,CC NG 24,1.0
2030,sc01,01-07 15:00:00+01:00,CC NG 08,0.0
2030,sc01,01-07 15:00:00+01:00,ST NG 02,1.0
2030,sc01,01-07 15:00:00+01:00,CT NG 52,1.0
2030,sc01,01-07 15:00:00+01:00,CT NG 46,1.0
2030,sc01,01-07 15:00:00+01:00,CT NG 36,0.0
2030,sc01,01-07 15:00:00+01:00,CC NG 21,1.0
2030,sc01,01-07 15:00:00+01:00,ST NG 09,1.0
2030,sc01,01-07 15:00:00+01:00,ST NG 04,1.0
2030,sc01,01-07 15:00:00+01:00,CT NG 23,1.0
2030,sc01,01-07 15:00:00+01:00,CT NG 13,1.0
2030,sc01,01-07 15:00:00+01:00,CC NG 11,1.0
2030,sc01,01-07 15:00:00+01:00,CT NG 04,1.0
2030,sc01,01-07 15:00:00+01:00,CC NG 18,1.0
2030,sc01,01-07 15:00:00+01:00,CC NG 34,1.0
2030,sc01,01-07 15:00:00+01:00,CT Oil 04,1.0
2030,sc01,01-07 15:00:00+01:00,CT NG 74,1.0
2030,sc01,01-07 15:00:00+01:00,CT NG 55,1.0
2030,sc01,01-07 15:00:00+01:00,CT NG 75,1.0
2030,sc01,01-07 15:00:00+01:00,CC NG 01,1.0
2030,sc01,01-07 15:00:00+01:00,CC NG 39,1.0
2030,sc01,01-07 15:00:00+01:00,CT NG 09,1.0
2030,sc01,01-07 15:00:00+01:00,CC NG 31,1.0
2030,sc01,01-07 15:00:00+01:00,CT NG 14,1.0
2030,sc01,01-08 20:00:00+01:00,ST NG 03,0.0
2030,sc01,01-08 20:00:00+01:00,CC NG 37,0.23824271175462078
2030,sc01,01-08 20:00:00+01:00,CT NG 48,0.0
2030,sc01,01-08 20:00:00+01:00,CT NG 16,0.0
2030,sc01,01-08 20:00:00+01:00,CT NG 25,1.0
2030,sc01,01-08 20:00:00+01:00,CT NG 53,0.0
2030,sc01,01-08 20:00:00+01:00,ST NG 08,0.0
2030,sc01,01-08 20:00:00+01:00,CT Oil 03,0.0
2030,sc01,01-08 20:00:00+01:00,CT NG 43,0.0
2030,sc01,01-08 20:00:00+01:00,CC NG 04,0.0
2030,sc01,01-08 20:00:00+01:00,ST Other 02,0.0
2030,sc01,01-08 20:00:00+01:00,CT NG 30,0.0
2030,sc01,01-08 20:00:00+01:00,CC NG 27,0.0
2030,sc01,01-08 20:00:00+01:00,CC NG 38,0.0
2030,sc01,01-08 20:00:00+01:00,CC NG 20,0.0
2030,sc01,01-08 20:00:00+01:00,CC NG 19,0.0
2030,sc01,01-08 20:00:00+01:00,CT NG 12,0.0
2030,sc01,01-08 20:00:00+01:00,CT NG 70,0.0
2030,sc01,01-08 20:00:00+01:00,ST NG 10,0.0
2030,sc01,01-08 20:00:00+01:00,CT NG 02,0.0
2030,sc01,01-08 20:00:00+01:00,CT NG 26,0.0
2030,sc01,01-08 20:00:00+01:00,ST NG 01,0.0
2030,sc01,01-08 20:00:00+01:00,CC NG 32,0.0
2030,sc01,01-08 20:00:00+01:00,CT NG 35,1.0
2030,sc01,01-08 20:00:00+01:00,ST NG 06,0.0
2030,sc01,01-08 20:00:00+01:00,CT Oil 01,0.0
2030,sc01,01-08 20:00:00+01:00,CT NG 67,0.0
2030,sc01,01-08 20:00:00+01:00,CT NG 72,0.0
2030,sc01,01-08 20:00:00+01:00,CT NG 66,0.0
2030,sc01,01-08 20:00:00+01:00,CT NG 71,0.0
2030,sc01,01-08 20:00:00+01:00,CC NG 07,0.0
2030,sc01,01-08 20:00:00+01:00,CT NG 69,0.0
2030,sc01,01-08 20:00:00+01:00,CT NG 07,0.0
2030,sc01,01-08 20:00:00+01:00,CT NG 45,0.0
2030,sc01,01-08 20:00:00+01:00,CC NG 03,0.0
2030,sc01,01-08 20:00:00+01:00,CC NG 13,0.0
2030,sc01,01-08 20:00:00+01:00,CT Oil 05,0.0
2030,sc01,01-08 20:00:00+01:00,CT NG 54,0.0
2030,sc01,01-08 20:00:00+01:00,ST Coal 01,0.0
2030,sc01,01-08 20:00:00+01:00,CC NG 16,0.0
2030,sc01,01-08 20:00:00+01:00,CT NG 73,0.0
2030,sc01,01-08 20:00:00+01:00,CC NG 09,1.0
2030,sc01,01-08 20:00:00+01:00,CT NG 03,0.0
2030,sc01,01-08 20:00:00+01:00,CT NG 28,0.0
2030,sc01,01-08 20:00:00+01:00,CT NG 11,0.0
2030,sc01,01-08 20:00:00+01:00,CT NG 08,0.0
2030,sc01,01-08 20:00:00+01:00,CT Oil 02,0.0
2030,sc01,01-08 20:00:00+01:00,CC NG 25,0.0
2030,sc01,01-08 20:00:00+01:00,CC NG 22,0.0
2030,sc01,01-08 20:00:00+01:00,CT NG 56,0.0
2030,sc01,01-08 20:00:00+01:00,CT NG 34,1.0
2030,sc01,01-08 20:00:00+01:00,ST NG 05,0.0
2030,sc01,01-08 20:00:00+01:00,CT NG 44,0.0
2030,sc01,01-08 20:00:00+01:00,CT NG 47,0.0
2030,sc01,01-08 20:00:00+01:00,CC NG 15,0.0
2030,sc01,01-08 20:00:00+01:00,CC NG 14,0.0
2030,sc01,01-08 20:00:00+01:00,CT NG 42,0.0
2030,sc01,01-08 20:00:00+01:00,ST NG 07,0.0
2030,sc01,01-08 20:00:00+01:00,CC NG 36,0.0
2030,sc01,01-08 20:00:00+01:00,CT NG 15,0.0
2030,sc01,01-08 20:00:00+01:00,CT NG 41,0.0
2030,sc01,01-08 20:00:00+01:00,CC NG 23,0.982931630584043
2030,sc01,01-08 20:00:00+01:00,CT NG 49,0.0
2030,sc01,01-08 20:00:00+01:00,CC NG 26,0.0
2030,sc01,01-08 20:00:00+01:00,CC NG 12,0.0
2030,sc01,01-08 20:00:00+01:00,CT NG 05,0.0
2030,sc01,01-08 20:00:00+01:00,CC NG 40,0.38929083365779515
2030,sc01,01-08 20:00:00+01:00,CT NG 50,0.0
2030,sc01,01-08 20:00:00+01:00,CT NG 68,0.0
2030,sc01,01-08 20:00:00+01:00,CC NG 17,0.0
2030,sc01,01-08 20:00:00+01:00,CC NG 10,0.0
2030,sc01,01-08 20:00:00+01:00,CC NG 33,0.0
2030,sc01,01-08 20:00:00+01:00,CC NG 06,0.0
2030,sc01,01-08 20:00:00+01:00,CT NG 10,0.0
2030,sc01,01-08 20:00:00+01:00,CT NG 01,0.0
2030,sc01,01-08 20:00:00+01:00,CC NG 29,0.0
2030,sc01,01-08 20:00:00+01:00,CC NG 05,0.0
2030,sc01,01-08 20:00:00+01:00,CT NG 06,0.0
2030,sc01,01-08 20:00:00+01:00,CT NG 24,0.0
2030,sc01,01-08 20:00:00+01:00,CT NG 22,0.0
2030,sc01,01-08 20:00:00+01:00,CT NG 21,0.0
2030,sc01,01-08 20:00:00+01:00,CC NG 28,1.0
2030,sc01,01-08 20:00:00+01:00,CC NG 35,0.0
2030,sc01,01-08 20:00:00+01:00,CC NG 24,0.0
2030,sc01,01-08 20:00:00+01:00,CC NG 08,0.0
2030,sc01,01-08 20:00:00+01:00,ST NG 02,0.0
2030,sc01,01-08 20:00:00+01:00,CT NG 52,0.0
2030,sc01,01-08 20:00:00+01:00,CT NG 46,0.0009105855391795536
2030,sc01,01-08 20:00:00+01:00,CT NG 36,1.0
2030,sc01,01-08 20:00:00+01:00,CC NG 21,0.0
2030,sc01,01-08 20:00:00+01:00,ST NG 09,0.0
2030,sc01,01-08 20:00:00+01:00,ST NG 04,0.0
2030,sc01,01-08 20:00:00+01:00,CT NG 23,0.0
2030,sc01,01-08 20:00:00+01:00,CT NG 13,0.0
2030,sc01,01-08 20:00:00+01:00,CC NG 11,0.0
2030,sc01,01-08 20:00:00+01:00,CT NG 04,0.0
2030,sc01,01-08 20:00:00+01:00,CC NG 18,0.048144090446119
2030,sc01,01-08 20:00:00+01:00,CC NG 34,0.0
2030,sc01,01-08 20:00:00+01:00,CT Oil 04,0.0
2030,sc01,01-08 20:00:00+01:00,CT NG 74,0.0
2030,sc01,01-08 20:00:00+01:00,CT NG 55,0.0
2030,sc01,01-08 20:00:00+01:00,CT NG 75,0.0
2030,sc01,01-08 20:00:00+01:00,CC NG 01,0.0
2030,sc01,01-08 20:00:00+01:00,CC NG 39,0.0
2030,sc01,01-08 20:00:00+01:00,CT NG 09,0.0
2030,sc01,01-08 20:00:00+01:00,CC NG 31,0.0
2030,sc01,01-08 20:00:00+01:00,CT NG 14,0.0
2030,sc01,01-10 21:00:00+01:00,ST NG 03,0.0
2030,sc01,01-10 21:00:00+01:00,CC NG 37,0.0
2030,sc01,01-10 21:00:00+01:00,CT NG 48,0.0
2030,sc01,01-10 21:00:00+01:00,CT NG 16,0.0
2030,sc01,01-10 21:00:00+01:00,CT NG 25,0.0
2030,sc01,01-10 21:00:00+01:00,CT NG 53,0.0
2030,sc01,01-10 21:00:00+01:00,ST NG 08,0.0
2030,sc01,01-10 21:00:00+01:00,CT Oil 03,0.0
2030,sc01,01-10 21:00:00+01:00,CT NG 43,0.0
2030,sc01,01-10 21:00:00+01:00,CC NG 04,0.0
2030,sc01,01-10 21:00:00+01:00,ST Other 02,0.0
2030,sc01,01-10 21:00:00+01:00,CT NG 30,0.0
2030,sc01,01-10 21:00:00+01:00,CC NG 27,0.0
2030,sc01,01-10 21:00:00+01:00,CC NG 38,0.0
2030,sc01,01-10 21:00:00+01:00,CC NG 20,0.0
2030,sc01,01-10 21:00:00+01:00,CC NG 19,0.0
2030,sc01,01-10 21:00:00+01:00,CT NG 12,0.0
2030,sc01,01-10 21:00:00+01:00,CT NG 70,0.0
2030,sc01,01-10 21:00:00+01:00,ST NG 10,0.0
2030,sc01,01-10 21:00:00+01:00,CT NG 02,0.0
2030,sc01,01-10 21:00:00+01:00,CT NG 26,0.0
2030,sc01,01-10 21:00:00+01:00,ST NG 01,0.0
2030,sc01,01-10 21:00:00+01:00,CC NG 32,0.0
2030,sc01,01-10 21:00:00+01:00,CT NG 35,0.0
2030,sc01,01-10 21:00:00+01:00,ST NG 06,0.0
2030,sc01,01-10 21:00:00+01:00,CT Oil 01,0.0
2030,sc01,01-10 21:00:00+01:00,CT NG 67,0.0
2030,sc01,01-10 21:00:00+01:00,CT NG 72,0.0
2030,sc01,01-10 21:00:00+01:00,CT NG 66,0.0
2030,sc01,01-10 21:00:00+01:00,CT NG 71,0.0
2030,sc01,01-10 21:00:00+01:00,CC NG 07,0.0
2030,sc01,01-10 21:00:00+01:00,CT NG 69,0.0
2030,sc01,01-10 21:00:00+01:00,CT NG 07,0.0
2030,sc01,01-10 21:00:00+01:00,CT NG 45,0.0
2030,sc01,01-10 21:00:00+01:00,CC NG 03,0.0
2030,sc01,01-10 21:00:00+01:00,CC NG 13,0.0
2030,sc01,01-10 21:00:00+01:00,CT Oil 05,0.0
2030,sc01,01-10 21:00:00+01:00,CT NG 54,0.0
2030,sc01,01-10 21:00:00+01:00,ST Coal 01,0.0
2030,sc01,01-10 21:00:00+01:00,CC NG 16,0.0
2030,sc01,01-10 21:00:00+01:00,CT NG 73,0.0
2030,sc01,01-10 21:00:00+01:00,CC NG 09,0.0
2030,sc01,01-10 21:00:00+01:00,CT NG 03,0.0
2030,sc01,01-10 21:00:00+01:00,CT NG 28,0.0
2030,sc01,01-10 21:00:00+01:00,CT NG 11,0.0
2030,sc01,01-10 21:00:00+01:00,CT NG 08,0.0
2030,sc01,01-10 21:00:00+01:00,CT Oil 02,0.0
2030,sc01,01-10 21:00:00+01:00,CC NG 25,0.0
2030,sc01,01-10 21:00:00+01:00,CC NG 22,0.0
2030,sc01,01-10 21:00:00+01:00,CT NG 56,0.0
2030,sc01,01-10 21:00:00+01:00,CT NG 34,0.6310848567328805
2030,sc01,01-10 21:00:00+01:00,ST NG 05,0.0
2030,sc01,01-10 21:00:00+01:00,CT NG 44,0.0
2030,sc01,01-10 21:00:00+01:00,CT NG 47,0.0
2030,sc01,01-10 21:00:00+01:00,CC NG 15,0.0
2030,sc01,01-10 21:00:00+01:00,CC NG 14,0.0
2030,sc01,01-10 21:00:00+01:00,CT NG 42,0.0
2030,sc01,01-10 21:00:00+01:00,ST NG 07,0.0
2030,sc01,01-10 21:00:00+01:00,CC NG 36,0.0
2030,sc01,01-10 21:00:00+01:00,CT NG 15,0.0
2030,sc01,01-10 21:00:00+01:00,CT NG 41,0.0
2030,sc01,01-10 21:00:00+01:00,CC NG 23,0.017068369415956994
2030,sc01,01-10 21:00:00+01:00,CT NG 49,0.0
2030,sc01,01-10 21:00:00+01:00,CC NG 26,0.0
2030,sc01,01-10 21:00:00+01:00,CC NG 12,0.0
2030,sc01,01-10 21:00:00+01:00,CT NG 05,0.0
2030,sc01,01-10 21:00:00+01:00,CC NG 40,0.6107091663422048
2030,sc01,01-10 21:00:00+01:00,CT NG 50,0.0
2030,sc01,01-10 21:00:00+01:00,CT NG 68,0.0
2030,sc01,01-10 21:00:00+01:00,CC NG 17,1.0
2030,sc01,01-10 21:00:00+01:00,CC NG 10,0.0
2030,sc01,01-10 21:00:00+01:00,CC NG 33,0.0
2030,sc01,01-10 21:00:00+01:00,CC NG 06,0.0
2030,sc01,01-10 21:00:00+01:00,CT NG 10,0.0
2030,sc01,01-10 21:00:00+01:00,CT NG 01,0.691854889799755
2030,sc01,01-10 21:00:00+01:00,CC NG 29,0.0
2030,sc01,01-10 21:00:00+01:00,CC NG 05,0.0
2030,sc01,01-10 21:00:00+01:00,CT NG 06,0.0
2030,sc01,01-10 21:00:00+01:00,CT NG 24,0.0
2030,sc01,01-10 21:00:00+01:00,CT NG 22,0.0
2030,sc01,01-10 21:00:00+01:00,CT NG 21,0.0
2030,sc01,01-10 21:00:00+01:00,CC NG 28,0.0
2030,sc01,01-10 21:00:00+01:00,CC NG 35,0.7971290868343668
2030,sc01,01-10 21:00:00+01:00,CC NG 24,0.43733614791524766
2030,sc01,01-10 21:00:00+01:00,CC NG 08,1.0
2030,sc01,01-10 21:00:00+01:00,ST NG 02,0.0
2030,sc01,01-10 21:00:00+01:00,CT NG 52,0.0
2030,sc01,01-10 21:00:00+01:00,CT NG 46,0.9990894144608204
2030,sc01,01-10 21:00:00+01:00,CT NG 36,0.0
2030,sc01,01-10 21:00:00+01:00,CC NG 21,0.0
2030,sc01,01-10 21:00:00+01:00,ST NG 09,0.0
2030,sc01,01-10 21:00:00+01:00,ST NG 04,0.0
2030,sc01,01-10 21:00:00+01:00,CT NG 23,0.0
2030,sc01,01-10 21:00:00+01:00,CT NG 13,0.0
2030,sc01,01-10 21:00:00+01:00,CC NG 11,0.0
2030,sc01,01-10 21:00:00+01:00,CT NG 04,0.0
2030,sc01,01-10 21:00:00+01:00,CC NG 18,0.951855909553881
2030,sc01,01-10 21:00:00+01:00,CC NG 34,0.7837100344698967
2030,sc01,01-10 21:00:00+01:00,CT Oil 04,0.0
2030,sc01,01-10 21:00:00+01:00,CT NG 74,0.0
2030,sc01,01-10 21:00:00+01:00,CT NG 55,0.0
2030,sc01,01-10 21:00:00+01:00,CT NG 75,0.0
2030,sc01,01-10 21:00:00+01:00,CC NG 01,0.0
2030,sc01,01-10 21:00:00+01:00,CC NG 39,0.0
2030,sc01,01-10 21:00:00+01:00,CT NG 09,0.0
2030,sc01,01-10 21:00:00+01:00,CC NG 31,0.0
2030,sc01,01-10 21:00:00+01:00,CT NG 14,0.2363395631734182
2030,sc01,01-16 07:00:00+01:00,ST NG 03,0.0
2030,sc01,01-16 07:00:00+01:00,CC NG 37,0.0
2030,sc01,01-16 07:00:00+01:00,CT NG 48,0.0
2030,sc01,01-16 07:00:00+01:00,CT NG 16,0.0
2030,sc01,01-16 07:00:00+01:00,CT NG 25,0.0
2030,sc01,01-16 07:00:00+01:00,CT NG 53,0.0
2030,sc01,01-16 07:00:00+01:00,ST NG 08,0.0
2030,sc01,01-16 07:00:00+01:00,CT Oil 03,0.0
2030,sc01,01-16 07:00:00+01:00,CT NG 43,0.0
2030,sc01,01-16 07:00:00+01:00,CC NG 04,0.9999999999999999
2030,sc01,01-16 07:00:00+01:00,ST Other 02,0.0
2030,sc01,01-16 07:00:00+01:00,CT NG 30,0.0
2030,sc01,01-16 07:00:00+01:00,CC NG 27,0.0
2030,sc01,01-16 07:00:00+01:00,CC NG 38,0.0
2030,sc01,01-16 07:00:00+01:00,CC NG 20,0.0
2030,sc01,01-16 07:00:00+01:00,CC NG 19,0.0
2030,sc01,01-16 07:00:00+01:00,CT NG 12,0.0
2030,sc01,01-16 07:00:00+01:00,CT NG 70,0.0
2030,sc01,01-16 07:00:00+01:00,ST NG 10,0.0
2030,sc01,01-16 07:00:00+01:00,CT NG 02,0.0
2030,sc01,01-16 07:00:00+01:00,CT NG 26,0.0
2030,sc01,01-16 07:00:00+01:00,ST NG 01,0.0
2030,sc01,01-16 07:00:00+01:00,CC NG 32,0.0
2030,sc01,01-16 07:00:00+01:00,CT NG 35,0.0
2030,sc01,01-16 07:00:00+01:00,ST NG 06,0.0
2030,sc01,01-16 07:00:00+01:00,CT Oil 01,0.0
2030,sc01,01-16 07:00:00+01:00,CT NG 67,0.0
2030,sc01,01-16 07:00:00+01:00,CT NG 72,0.0
2030,sc01,01-16 07:00:00+01:00,CT NG 66,0.0
2030,sc01,01-16 07:00:00+01:00,CT NG 71,0.0
2030,sc01,01-16 07:00:00+01:00,CC NG 07,0.0
2030,sc01,01-16 07:00:00+01:00,CT NG 69,0.0
2030,sc01,01-16 07:00:00+01:00,CT NG 07,0.0
2030,sc01,01-16 07:00:00+01:00,CT NG 45,0.0
2030,sc01,01-16 07:00:00+01:00,CC NG 03,0.6072502379658182
2030,sc01,01-16 07:00:00+01:00,CC NG 13,0.0
2030,sc01,01-16 07:00:00+01:00,CT Oil 05,0.0
2030,sc01,01-16 07:00:00+01:00,CT NG 54,0.0
2030,sc01,01-16 07:00:00+01:00,ST Coal 01,0.0
2030,sc01,01-16 07:00:00+01:00,CC NG 16,0.0
2030,sc01,01-16 07:00:00+01:00,CT NG 73,0.0
2030,sc01,01-16 07:00:00+01:00,CC NG 09,0.0
2030,sc01,01-16 07:00:00+01:00,CT NG 03,0.0
2030,sc01,01-16 07:00:00+01:00,CT NG 28,0.0
2030,sc01,01-16 07:00:00+01:00,CT NG 11,0.0
2030,sc01,01-16 07:00:00+01:00,CT NG 08,0.0
2030,sc01,01-16 07:00:00+01:00,CT Oil 02,0.0
2030,sc01,01-16 07:00:00+01:00,CC NG 25,0.0
2030,sc01,01-16 07:00:00+01:00,CC NG 22,0.0
2030,sc01,01-16 07:00:00+01:00,CT NG 56,0.0
2030,sc01,01-16 07:00:00+01:00,CT NG 34,0.3689151432671195
2030,sc01,01-16 07:00:00+01:00,ST NG 05,0.0
2030,sc01,01-16 07:00:00+01:00,CT NG 44,0.0
2030,sc01,01-16 07:00:00+01:00,CT NG 47,0.0
2030,sc01,01-16 07:00:00+01:00,CC NG 15,0.0
2030,sc01,01-16 07:00:00+01:00,CC NG 14,0.0
2030,sc01,01-16 07:00:00+01:00,CT NG 42,0.0
2030,sc01,01-16 07:00:00+01:00,ST NG 07,0.0
2030,sc01,01-16 07:00:00+01:00,CC NG 36,0.0
2030,sc01,01-16 07:00:00+01:00,CT NG 15,0.0
2030,sc01,01-16 07:00:00+01:00,CT NG 41,0.0
2030,sc01,01-16 07:00:00+01:00,CC NG 23,0.0
2030,sc01,01-16 07:00:00+01:00,CT NG 49,0.0
2030,sc01,01-16 07:00:00+01:00,CC NG 26,0.0
2030,sc01,01-16 07:00:00+01:00,CC NG 12,0.0
2030,sc01,01-16 07:00:00+01:00,CT NG 05,0.0
2030,sc01,01-16 07:00:00+01:00,CC NG 40,0.0
2030,sc01,01-16 07:00:00+01:00,CT NG 50,0.0
2030,sc01,01-16 07:00:00+01:00,CT NG 68,0.0
2030,sc01,01-16 07:00:00+01:00,CC NG 17,0.0
2030,sc01,01-16 07:00:00+01:00,CC NG 10,0.0
2030,sc01,01-16 07:00:00+01:00,CC NG 33,0.0
2030,sc01,01-16 07:00:00+01:00,CC NG 06,0.0
2030,sc01,01-16 07:00:00+01:00,CT NG 10,0.0
2030,sc01,01-16 07:00:00+01:00,CT NG 01,1.0
2030,sc01,01-16 07:00:00+01:00,CC NG 29,0.0
2030,sc01,01-16 07:00:00+01:00,CC NG 05,0.0
2030,sc01,01-16 07:00:00+01:00,CT NG 06,0.0
2030,sc01,01-16 07:00:00+01:00,CT NG 24,0.0
2030,sc01,01-16 07:00:00+01:00,CT NG 22,0.0
2030,sc01,01-16 07:00:00+01:00,CT NG 21,0.0
2030,sc01,01-16 07:00:00+01:00,CC NG 28,0.0
2030,sc01,01-16 07:00:00+01:00,CC NG 35,0.20287091316563322
2030,sc01,01-16 07:00:00+01:00,CC NG 24,0.34424001093093726
2030,sc01,01-16 07:00:00+01:00,CC NG 08,0.7125769169338674
2030,sc01,01-16 07:00:00+01:00,ST NG 02,0.0
2030,sc01,01-16 07:00:00+01:00,CT NG 52,0.0
2030,sc01,01-16 07:00:00+01:00,CT NG 46,0.0
2030,sc01,01-16 07:00:00+01:00,CT NG 36,1.0
2030,sc01,01-16 07:00:00+01:00,CC NG 21,0.0
2030,sc01,01-16 07:00:00+01:00,ST NG 09,0.0
2030,sc01,01-16 07:00:00+01:00,ST NG 04,0.0
2030,sc01,01-16 07:00:00+01:00,CT NG 23,0.0
2030,sc01,01-16 07:00:00+01:00,CT NG 13,0.0
2030,sc01,01-16 07:00:00+01:00,CC NG 11,0.0
2030,sc01,01-16 07:00:00+01:00,CT NG 04,0.0
2030,sc01,01-16 07:00:00+01:00,CC NG 18,0.0
2030,sc01,01-16 07:00:00+01:00,CC NG 34,0.5872218017583106
2030,sc01,01-16 07:00:00+01:00,CT Oil 04,0.0
2030,sc01,01-16 07:00:00+01:00,CT NG 74,0.0
2030,sc01,01-16 07:00:00+01:00,CT NG 55,0.0
2030,sc01,01-16 07:00:00+01:00,CT NG 75,0.0
2030,sc01,01-16 07:00:00+01:00,CC NG 01,0.0
2030,sc01,01-16 07:00:00+01:00,CC NG 39,0.0
2030,sc01,01-16 07:00:00+01:00,CT NG 09,0.0
2030,sc01,01-16 07:00:00+01:00,CC NG 31,0.0
2030,sc01,01-16 07:00:00+01:00,CT NG 14,0.7636604368265818
2030,sc01,01-16 16:00:00+01:00,ST NG 03,0.0
2030,sc01,01-16 16:00:00+01:00,CC NG 37,0.0
2030,sc01,01-16 16:00:00+01:00,CT NG 48,0.0
2030,sc01,01-16 16:00:00+01:00,CT NG 16,0.0
2030,sc01,01-16 16:00:00+01:00,CT NG 25,0.0
2030,sc01,01-16 16:00:00+01:00,CT NG 53,0.0
2030,sc01,01-16 16:00:00+01:00,ST NG 08,0.0
2030,sc01,01-16 16:00:00+01:00,CT Oil 03,0.0
2030,sc01,01-16 16:00:00+01:00,CT NG 43,0.0
2030,sc01,01-16 16:00:00+01:00,CC NG 04,0.0
2030,sc01,01-16 16:00:00+01:00,ST Other 02,0.0
2030,sc01,01-16 16:00:00+01:00,CT NG 30,0.0
2030,sc01,01-16 16:00:00+01:00,CC NG 27,0.0
2030,sc01,01-16 16:00:00+01:00,CC NG 38,0.0
2030,sc01,01-16 16:00:00+01:00,CC NG 20,0.0
2030,sc01,01-16 16:00:00+01:00,CC NG 19,0.0
2030,sc01,01-16 16:00:00+01:00,CT NG 12,0.0
2030,sc01,01-16 16:00:00+01:00,CT NG 70,0.0
2030,sc01,01-16 16:00:00+01:00,ST NG 10,0.0
2030,sc01,01-16 16:00:00+01:00,CT NG 02,0.0
2030,sc01,01-16 16:00:00+01:00,CT NG 26,0.0
2030,sc01,01-16 16:00:00+01:00,ST NG 01,0.0
2030,sc01,01-16 16:00:00+01:00,CC NG 32,0.0
2030,sc01,01-16 16:00:00+01:00,CT NG 35,0.0
2030,sc01,01-16 16:00:00+01:00,ST NG 06,0.0
2030,sc01,01-16 16:00:00+01:00,CT Oil 01,0.0
2030,sc01,01-16 16:00:00+01:00,CT NG 67,0.0
2030,sc01,01-16 16:00:00+01:00,CT NG 72,0.0
2030,sc01,01-16 16:00:00+01:00,CT NG 66,0.0
2030,sc01,01-16 16:00:00+01:00,CT NG 71,0.0
2030,sc01,01-16 16:00:00+01:00,CC NG 07,0.0
2030,sc01,01-16 16:00:00+01:00,CT NG 69,0.0
2030,sc01,01-16 16:00:00+01:00,CT NG 07,0.0
2030,sc01,01-16 16:00:00+01:00,CT NG 45,0.0
2030,sc01,01-16 16:00:00+01:00,CC NG 03,0.3927497620341818
2030,sc01,01-16 16:00:00+01:00,CC NG 13,0.0
2030,sc01,01-16 16:00:00+01:00,CT Oil 05,0.0
2030,sc01,01-16 16:00:00+01:00,CT NG 54,0.0
2030,sc01,01-16 16:00:00+01:00,ST Coal 01,0.0
2030,sc01,01-16 16:00:00+01:00,CC NG 16,0.0
2030,sc01,01-16 16:00:00+01:00,CT NG 73,0.0
2030,sc01,01-16 16:00:00+01:00,CC NG 09,0.0
2030,sc01,01-16 16:00:00+01:00,CT NG 03,0.0
2030,sc01,01-16 16:00:00+01:00,CT NG 28,0.0
2030,sc01,01-16 16:00:00+01:00,CT NG 11,0.0
2030,sc01,01-16 16:00:00+01:00,CT NG 08,0.0
2030,sc01,01-16 16:00:00+01:00,CT Oil 02,0.0
2030,sc01,01-16 16:00:00+01:00,CC NG 25,0.0
2030,sc01,01-16 16:00:00+01:00,CC NG 22,0.0
2030,sc01,01-16 16:00:00+01:00,CT NG 56,0.0
2030,sc01,01-16 16:00:00+01:00,CT NG 34,0.0
2030,sc01,01-16 16:00:00+01:00,ST NG 05,0.0
2030,sc01,01-16 16:00:00+01:00,CT NG 44,0.0
2030,sc01,01-16 16:00:00+01:00,CT NG 47,0.0
2030,sc01,01-16 16:00:00+01:00,CC NG 15,0.0
2030,sc01,01-16 16:00:00+01:00,CC NG 14,0.0
2030,sc01,01-16 16:00:00+01:00,CT NG 42,0.0
2030,sc01,01-16 16:00:00+01:00,ST NG 07,0.0
2030,sc01,01-16 16:00:00+01:00,CC NG 36,0.0
2030,sc01,01-16 16:00:00+01:00,CT NG 15,0.0
2030,sc01,01-16 16:00:00+01:00,CT NG 41,0.0
2030,sc01,01-16 16:00:00+01:00,CC NG 23,0.9494392047683131
2030,sc01,01-16 16:00:00+01:00,CT NG 49,0.0
2030,sc01,01-16 16:00:00+01:00,CC NG 26,0.0
2030,sc01,01-16 16:00:00+01:00,CC NG 12,0.0
2030,sc01,01-16 16:00:00+01:00,CT NG 05,0.0
2030,sc01,01-16 16:00:00+01:00,CC NG 40,0.0
2030,sc01,01-16 16:00:00+01:00,CT NG 50,0.0
2030,sc01,01-16 16:00:00+01:00,CT NG 68,0.0
2030,sc01,01-16 16:00:00+01:00,CC NG 17,0.0
2030,sc01,01-16 16:00:00+01:00,CC NG 10,0.0
2030,sc01,01-16 16:00:00+01:00,CC NG 33,0.0
2030,sc01,01-16 16:00:00+01:00,CC NG 06,0.0
2030,sc01,01-16 16:00:00+01:00,CT NG 10,0.0
2030,sc01,01-16 16:00:00+01:00,CT NG 01,0.0
2030,sc01,01-16 16:00:00+01:00,CC NG 29,0.0
2030,sc01,01-16 16:00:00+01:00,CC NG 05,0.0
2030,sc01,01-16 16:00:00+01:00,CT NG 06,0.0
2030,sc01,01-16 16:00:00+01:00,CT NG 24,0.0
2030,sc01,01-16 16:00:00+01:00,CT NG 22,0.0
2030,sc01,01-16 16:00:00+01:00,CT NG 21,0.0
2030,sc01,01-16 16:00:00+01:00,CC NG 28,0.0
2030,sc01,01-16 16:00:00+01:00,CC NG 35,0.0
2030,sc01,01-16 16:00:00+01:00,CC NG 24,1.0
2030,sc01,01-16 16:00:00+01:00,CC NG 08,0.0
2030,sc01,01-16 16:00:00+01:00,ST NG 02,0.0
2030,sc01,01-16 16:00:00+01:00,CT NG 52,0.0
2030,sc01,01-16 16:00:00+01:00,CT NG 46,0.0
2030,sc01,01-16 16:00:00+01:00,CT NG 36,0.0
2030,sc01,01-16 16:00:00+01:00,CC NG 21,0.0
2030,sc01,01-16 16:00:00+01:00,ST NG 09,0.0
2030,sc01,01-16 16:00:00+01:00,ST NG 04,0.0
2030,sc01,01-16 16:00:00+01:00,CT NG 23,0.0
2030,sc01,01-16 16:00:00+01:00,CT NG 13,0.0
2030,sc01,01-16 16:00:00+01:00,CC NG 11,1.0
2030,sc01,01-16 16:00:00+01:00,CT NG 04,0.0
2030,sc01,01-16 16:00:00+01:00,CC NG 18,0.0
2030,sc01,01-16 16:00:00+01:00,CC NG 34,1.0
2030,sc01,01-16 16:00:00+01:00,CT Oil 04,0.0
2030,sc01,01-16 16:00:00+01:00,CT NG 74,0.0
2030,sc01,01-16 16:00:00+01:00,CT NG 55,0.0
2030,sc01,01-16 16:00:00+01:00,CT NG 75,0.0
2030,sc01,01-16 16:00:00+01:00,CC NG 01,0.0
2030,sc01,01-16 16:00:00+01:00,CC NG 39,0.0
2030,sc01,01-16 16:00:00+01:00,CT NG 09,0.0
2030,sc01,01-16 16:00:00+01:00,CC NG 31,0.0
2030,sc01,01-16 16:00:00+01:00,CT NG 14,0.0
2030,sc01,01-16 18:00:00+01:00,ST NG 03,0.0
2030,sc01,01-16 18:00:00+01:00,CC NG 37,0.0
2030,sc01,01-16 18:00:00+01:00,CT NG 48,0.0
2030,sc01,01-16 18:00:00+01:00,CT NG 16,0.0
2030,sc01,01-16 18:00:00+01:00,CT NG 25,0.8022339825944427
2030,sc01,01-16 18:00:00+01:00,CT NG 53,0.0
2030,sc01,01-16 18:00:00+01:00,ST NG 08,0.0
2030,sc01,01-16 18:00:00+01:00,CT Oil 03,0.0
2030,sc01,01-16 18:00:00+01:00,CT NG 43,0.0
2030,sc01,01-16 18:00:00+01:00,CC NG 04,0.0
2030,sc01,01-16 18:00:00+01:00,ST Other 02,0.0
2030,sc01,01-16 18:00:00+01:00,CT NG 30,0.0
2030,sc01,01-16 18:00:00+01:00,CC NG 27,0.0
2030,sc01,01-16 18:00:00+01:00,CC NG 38,0.0
2030,sc01,01-16 18:00:00+01:00,CC NG 20,0.0
2030,sc01,01-16 18:00:00+01:00,CC NG 19,0.0
2030,sc01,01-16 18:00:00+01:00,CT NG 12,0.0
2030,sc01,01-16 18:00:00+01:00,CT NG 70,0.0
2030,sc01,01-16 18:00:00+01:00,ST NG 10,0.0
2030,sc01,01-16 18:00:00+01:00,CT NG 02,0.0
2030,sc01,01-16 18:00:00+01:00,CT NG 26,0.0
2030,sc01,01-16 18:00:00+01:00,ST NG 01,0.0
2030,sc01,01-16 18:00:00+01:00,CC NG 32,0.0
2030,sc01,01-16 18:00:00+01:00,CT NG 35,0.0
2030,sc01,01-16 18:00:00+01:00,ST NG 06,0.0
2030,sc01,01-16 18:00:00+01:00,CT Oil 01,0.0
2030,sc01,01-16 18:00:00+01:00,CT NG 67,0.0
2030,sc01,01-16 18:00:00+01:00,CT NG 72,0.0
2030,sc01,01-16 18:00:00+01:00,CT NG 66,0.0
2030,sc01,01-16 18:00:00+01:00,CT NG 71,0.0
2030,sc01,01-16 18:00:00+01:00,CC NG 07,0.0
2030,sc01,01-16 18:00:00+01:00,CT NG 69,0.0
2030,sc01,01-16 18:00:00+01:00,CT NG 07,0.0
2030,sc01,01-16 18:00:00+01:00,CT NG 45,0.0
2030,sc01,01-16 18:00:00+01:00,CC NG 03,0.0
2030,sc01,01-16 18:00:00+01:00,CC NG 13,0.0
2030,sc01,01-16 18:00:00+01:00,CT Oil 05,0.0
2030,sc01,01-16 18:00:00+01:00,CT NG 54,0.0
2030,sc01,01-16 18:00:00+01:00,ST Coal 01,0.0
2030,sc01,01-16 18:00:00+01:00,CC NG 16,0.0
2030,sc01,01-16 18:00:00+01:00,CT NG 73,0.0
2030,sc01,01-16 18:00:00+01:00,CC NG 09,0.0
2030,sc01,01-16 18:00:00+01:00,CT NG 03,0.0
2030,sc01,01-16 18:00:00+01:00,CT NG 28,0.0
2030,sc01,01-16 18:00:00+01:00,CT NG 11,0.0
2030,sc01,01-16 18:00:00+01:00,CT NG 08,0.0
2030,sc01,01-16 18:00:00+01:00,CT Oil 02,0.0
2030,sc01,01-16 18:00:00+01:00,CC NG 25,0.0
2030,sc01,01-16 18:00:00+01:00,CC NG 22,0.0
2030,sc01,01-16 18:00:00+01:00,CT NG 56,0.0
2030,sc01,01-16 18:00:00+01:00,CT NG 34,0.7759286893707388
2030,sc01,01-16 18:00:00+01:00,ST NG 05,0.0
2030,sc01,01-16 18:00:00+01:00,CT NG 44,0.0
2030,sc01,01-16 18:00:00+01:00,CT NG 47,0.32695699516553534
2030,sc01,01-16 18:00:00+01:00,CC NG 15,0.0
2030,sc01,01-16 18:00:00+01:00,CC NG 14,0.0
2030,sc01,01-16 18:00:00+01:00,CT NG 42,0.0
2030,sc01,01-16 18:00:00+01:00,ST NG 07,0.0
2030,sc01,01-16 18:00:00+01:00,CC NG 36,0.0
2030,sc01,01-16 18:00:00+01:00,CT NG 15,0.0
2030,sc01,01-16 18:00:00+01:00,CT NG 41,0.0
2030,sc01,01-16 18:00:00+01:00,CC NG 23,0.05056079523168684
2030,sc01,01-16 18:00:00+01:00,CT NG 49,0.0
2030,sc01,01-16 18:00:00+01:00,CC NG 26,0.0
2030,sc01,01-16 18:00:00+01:00,CC NG 12,0.0
2030,sc01,01-16 18:00:00+01:00,CT NG 05,0.0
2030,sc01,01-16 18:00:00+01:00,CC NG 40,0.0
2030,sc01,01-16 18:00:00+01:00,CT NG 50,0.0
2030,sc01,01-16 18:00:00+01:00,CT NG 68,0.0
2030,sc01,01-16 18:00:00+01:00,CC NG 17,0.0
2030,sc01,01-16 18:00:00+01:00,CC NG 10,0.0
2030,sc01,01-16 18:00:00+01:00,CC NG 33,0.0
2030,sc01,01-16 18:00:00+01:00,CC NG 06,0.0
2030,sc01,01-16 18:00:00+01:00,CT NG 10,0.0
2030,sc01,01-16 18:00:00+01:00,CT NG 01,0.6172227089606928
2030,sc01,01-16 18:00:00+01:00,CC NG 29,0.0
2030,sc01,01-16 18:00:00+01:00,CC NG 05,0.0
2030,sc01,01-16 18:00:00+01:00,CT NG 06,0.0
2030,sc01,01-16 18:00:00+01:00,CT NG 24,0.0
2030,sc01,01-16 18:00:00+01:00,CT NG 22,0.0
2030,sc01,01-16 18:00:00+01:00,CT NG 21,0.0
2030,sc01,01-16 18:00:00+01:00,CC NG 28,0.0
2030,sc01,01-16 18:00:00+01:00,CC NG 35,0.0
2030,sc01,01-16 18:00:00+01:00,CC NG 24,0.0
2030,sc01,01-16 18:00:00+01:00,CC NG 08,1.0
2030,sc01,01-16 18:00:00+01:00,ST NG 02,0.0
2030,sc01,01-16 18:00:00+01:00,CT NG 52,0.0
2030,sc01,01-16 18:00:00+01:00,CT NG 46,0.0
2030,sc01,01-16 18:00:00+01:00,CT NG 36,0.0
2030,sc01,01-16 18:00:00+01:00,CC NG 21,0.0
2030,sc01,01-16 18:00:00+01:00,ST NG 09,0.0
2030,sc01,01-16 18:00:00+01:00,ST NG 04,0.0
2030,sc01,01-16 18:00:00+01:00,CT NG 23,0.0
2030,sc01,01-16 18:00:00+01:00,CT NG 13,0.0
2030,sc01,01-16 18:00:00+01:00,CC NG 11,0.0
2030,sc01,01-16 18:00:00+01:00,CT NG 04,0.0
2030,sc01,01-16 18:00:00+01:00,CC NG 18,0.04623008140325591
2030,sc01,01-16 18:00:00+01:00,CC NG 34,0.0
2030,sc01,01-16 18:00:00+01:00,CT Oil 04,0.0
2030,sc01,01-16 18:00:00+01:00,CT NG 74,0.0
2030,sc01,01-16 18:00:00+01:00,CT NG 55,0.0
2030,sc01,01-16 18:00:00+01:00,CT NG 75,0.0
2030,sc01,01-16 18:00:00+01:00,CC NG 01,0.0
2030,sc01,01-16 18:00:00+01:00,CC NG 39,0.0
2030,sc01,01-16 18:00:00+01:00,CT NG 09,0.0
2030,sc01,01-16 18:00:00+01:00,CC NG 31,0.0
2030,sc01,01-16 18:00:00+01:00,CT NG 14,0.0
2030,sc01,01-17 20:00:00+01:00,ST NG 03,0.0
2030,sc01,01-17 20:00:00+01:00,CC NG 37,0.0
2030,sc01,01-17 20:00:00+01:00,CT NG 48,0.0
2030,sc01,01-17 20:00:00+01:00,CT NG 16,0.0
2030,sc01,01-17 20:00:00+01:00,CT NG 25,0.19776601740555733
2030,sc01,01-17 20:00:00+01:00,CT NG 53,0.0
2030,sc01,01-17 20:00:00+01:00,ST NG 08,0.0
2030,sc01,01-17 20:00:00+01:00,CT Oil 03,0.0
2030,sc01,01-17 20:00:00+01:00,CT NG 43,0.0
2030,sc01,01-17 20:00:00+01:00,CC NG 04,0.0
2030,sc01,01-17 20:00:00+01:00,ST Other 02,0.0
2030,sc01,01-17 20:00:00+01:00,CT NG 30,0.0
2030,sc01,01-17 20:00:00+01:00,CC NG 27,0.0
2030,sc01,01-17 20:00:00+01:00,CC NG 38,0.0
2030,sc01,01-17 20:00:00+01:00,CC NG 20,0.0
2030,sc01,01-17 20:00:00+01:00,CC NG 19,0.0
2030,sc01,01-17 20:00:00+01:00,CT NG 12,0.0
2030,sc01,01-17 20:00:00+01:00,CT NG 70,0.0
2030,sc01,01-17 20:00:00+01:00,ST NG 10,0.0
2030,sc01,01-17 20:00:00+01:00,CT NG 02,0.0
2030,sc01,01-17 20:00:00+01:00,CT NG 26,0.0
2030,sc01,01-17 20:00:00+01:00,ST NG 01,0.0
2030,sc01,01-17 20:00:00+01:00,CC NG 32,0.0
2030,sc01,01-17 20:00:00+01:00,CT NG 35,1.0
2030,sc01,01-17 20:00:00+01:00,ST NG 06,0.0
2030,sc01,01-17 20:00:00+01:00,CT Oil 01,0.0
2030,sc01,01-17 20:00:00+01:00,CT NG 67,0.0
2030,sc01,01-17 20:00:00+01:00,CT NG 72,0.0
2030,sc01,01-17 20:00:00+01:00,CT NG 66,0.0
2030,sc01,01-17 20:00:00+01:00,CT NG 71,0.0
2030,sc01,01-17 20:00:00+01:00,CC NG 07,0.0
2030,sc01,01-17 20:00:00+01:00,CT NG 69,0.0
2030,sc01,01-17 20:00:00+01:00,CT NG 07,0.0
2030,sc01,01-17 20:00:00+01:00,CT NG 45,0.0
2030,sc01,01-17 20:00:00+01:00,CC NG 03,0.0
2030,sc01,01-17 20:00:00+01:00,CC NG 13,0.0
2030,sc01,01-17 20:00:00+01:00,CT Oil 05,0.0
2030,sc01,01-17 20:00:00+01:00,CT NG 54,0.0
2030,sc01,01-17 20:00:00+01:00,ST Coal 01,0.0
2030,sc01,01-17 20:00:00+01:00,CC NG 16,0.0
2030,sc01,01-17 20:00:00+01:00,CT NG 73,0.0
2030,sc01,01-17 20:00:00+01:00,CC NG 09,0.0
2030,sc01,01-17 20:00:00+01:00,CT NG 03,0.0
2030,sc01,01-17 20:00:00+01:00,CT NG 28,0.0
2030,sc01,01-17 20:00:00+01:00,CT NG 11,0.0
2030,sc01,01-17 20:00:00+01:00,CT NG 08,0.0
2030,sc01,01-17 20:00:00+01:00,CT Oil 02,0.0
2030,sc01,01-17 20:00:00+01:00,CC NG 25,0.0
2030,sc01,01-17 20:00:00+01:00,CC NG 22,0.0
2030,sc01,01-17 20:00:00+01:00,CT NG 56,0.0
2030,sc01,01-17 20:00:00+01:00,CT NG 34,0.588744584494253
2030,sc01,01-17 20:00:00+01:00,ST NG 05,0.0
2030,sc01,01-17 20:00:00+01:00,CT NG 44,0.0
2030,sc01,01-17 20:00:00+01:00,CT NG 47,0.6730430048344647
2030,sc01,01-17 20:00:00+01:00,CC NG 15,0.0
2030,sc01,01-17 20:00:00+01:00,CC NG 14,0.0
2030,sc01,01-17 20:00:00+01:00,CT NG 42,0.0
2030,sc01,01-17 20:00:00+01:00,ST NG 07,0.0
2030,sc01,01-17 20:00:00+01:00,CC NG 36,0.0
2030,sc01,01-17 20:00:00+01:00,CT NG 15,0.0
2030,sc01,01-17 20:00:00+01:00,CT NG 41,0.0
2030,sc01,01-17 20:00:00+01:00,CC NG 23,0.0
2030,sc01,01-17 20:00:00+01:00,CT NG 49,1.0
2030,sc01,01-17 20:00:00+01:00,CC NG 26,0.0
2030,sc01,01-17 20:00:00+01:00,CC NG 12,0.0
2030,sc01,01-17 20:00:00+01:00,CT NG 05,0.0
2030,sc01,01-17 20:00:00+01:00,CC NG 40,0.0
2030,sc01,01-17 20:00:00+01:00,CT NG 50,0.0
2030,sc01,01-17 20:00:00+01:00,CT NG 68,0.0
2030,sc01,01-17 20:00:00+01:00,CC NG 17,1.0
2030,sc01,01-17 20:00:00+01:00,CC NG 10,0.0
2030,sc01,01-17 20:00:00+01:00,CC NG 33,0.0
2030,sc01,01-17 20:00:00+01:00,CC NG 06,0.0
2030,sc01,01-17 20:00:00+01:00,CT NG 10,0.0
2030,sc01,01-17 20:00:00+01:00,CT NG 01,0.38277729103930724
2030,sc01,01-17 20:00:00+01:00,CC NG 29,0.0
2030,sc01,01-17 20:00:00+01:00,CC NG 05,0.0
2030,sc01,01-17 20:00:00+01:00,CT NG 06,0.0
2030,sc01,01-17 20:00:00+01:00,CT NG 24,0.0
2030,sc01,01-17 20:00:00+01:00,CT NG 22,0.0
2030,sc01,01-17 20:00:00+01:00,CT NG 21,0.0
2030,sc01,01-17 20:00:00+01:00,CC NG 28,0.0
2030,sc01,01-17 20:00:00+01:00,CC NG 35,0.0
2030,sc01,01-17 20:00:00+01:00,CC NG 24,0.0
2030,sc01,01-17 20:00:00+01:00,CC NG 08,0.0
2030,sc01,01-17 20:00:00+01:00,ST NG 02,0.0
2030,sc01,01-17 20:00:00+01:00,CT NG 52,0.0
2030,sc01,01-17 20:00:00+01:00,CT NG 46,1.0
2030,sc01,01-17 20:00:00+01:00,CT NG 36,1.0
2030,sc01,01-17 20:00:00+01:00,CC NG 21,0.0
2030,sc01,01-17 20:00:00+01:00,ST NG 09,0.0
2030,sc01,01-17 20:00:00+01:00,ST NG 04,0.0
2030,sc01,01-17 20:00:00+01:00,CT NG 23,0.0
2030,sc01,01-17 20:00:00+01:00,CT NG 13,0.5744503700098587
2030,sc01,01-17 20:00:00+01:00,CC NG 11,0.0
2030,sc01,01-17 20:00:00+01:00,CT NG 04,0.0
2030,sc01,01-17 20:00:00+01:00,CC NG 18,0.9537699185967441
2030,sc01,01-17 20:00:00+01:00,CC NG 34,0.0
2030,sc01,01-17 20:00:00+01:00,CT Oil 04,0.0
2030,sc01,01-17 20:00:00+01:00,CT NG 74,0.0
2030,sc01,01-17 20:00:00+01:00,CT NG 55,0.0
2030,sc01,01-17 20:00:00+01:00,CT NG 75,0.0
2030,sc01,01-17 20:00:00+01:00,CC NG 01,0.0
2030,sc01,01-17 20:00:00+01:00,CC NG 39,0.0
2030,sc01,01-17 20:00:00+01:00,CT NG 09,0.0
2030,sc01,01-17 20:00:00+01:00,CC NG 31,0.0
2030,sc01,01-17 20:00:00+01:00,CT NG 14,0.0
2030,sc01,01-18 14:00:00+01:00,ST NG 03,0.0
2030,sc01,01-18 14:00:00+01:00,CC NG 37,0.0
2030,sc01,01-18 14:00:00+01:00,CT NG 48,0.0
2030,sc01,01-18 14:00:00+01:00,CT NG 16,0.0
2030,sc01,01-18 14:00:00+01:00,CT NG 25,0.0
2030,sc01,01-18 14:00:00+01:00,CT NG 53,0.0
2030,sc01,01-18 14:00:00+01:00,ST NG 08,0.0
2030,sc01,01-18 14:00:00+01:00,CT Oil 03,0.0
2030,sc01,01-18 14:00:00+01:00,CT NG 43,0.0
2030,sc01,01-18 14:00:00+01:00,CC NG 04,0.9999999999999999
2030,sc01,01-18 14:00:00+01:00,ST Other 02,0.0
2030,sc01,01-18 14:00:00+01:00,CT NG 30,0.0
2030,sc01,01-18 14:00:00+01:00,CC NG 27,0.0
2030,sc01,01-18 14:00:00+01:00,CC NG 38,0.0
2030,sc01,01-18 14:00:00+01:00,CC NG 20,0.0
2030,sc01,01-18 14:00:00+01:00,CC NG 19,1.0
2030,sc01,01-18 14:00:00+01:00,CT NG 12,0.0
2030,sc01,01-18 14:00:00+01:00,CT NG 70,0.0
2030,sc01,01-18 14:00:00+01:00,ST NG 10,0.0
2030,sc01,01-18 14:00:00+01:00,CT NG 02,0.0
2030,sc01,01-18 14:00:00+01:00,CT NG 26,0.0
2030,sc01,01-18 14:00:00+01:00,ST NG 01,0.0
2030,sc01,01-18 14:00:00+01:00,CC NG 32,0.0
2030,sc01,01-18 14:00:00+01:00,CT NG 35,0.0
2030,sc01,01-18 14:00:00+01:00,ST NG 06,0.0
2030,sc01,01-18 14:00:00+01:00,CT Oil 01,0.0
2030,sc01,01-18 14:00:00+01:00,CT NG 67,0.0
2030,sc01,01-18 14:00:00+01:00,CT NG 72,0.0
2030,sc01,01-18 14:00:00+01:00,CT NG 66,0.0
2030,sc01,01-18 14:00:00+01:00,CT NG 71,0.0
2030,sc01,01-18 14:00:00+01:00,CC NG 07,0.0
2030,sc01,01-18 14:00:00+01:00,CT NG 69,0.0
2030,sc01,01-18 14:00:00+01:00,CT NG 07,0.0
2030,sc01,01-18 14:00:00+01:00,CT NG 45,0.0
2030,sc01,01-18 14:00:00+01:00,CC NG 03,1.0
2030,sc01,01-18 14:00:00+01:00,CC NG 13,0.0
2030,sc01,01-18 14:00:00+01:00,CT Oil 05,0.0
2030,sc01,01-18 14:00:00+01:00,CT NG 54,0.0
2030,sc01,01-18 14:00:00+01:00,ST Coal 01,0.0
2030,sc01,01-18 14:00:00+01:00,CC NG 16,1.0
2030,sc01,01-18 14:00:00+01:00,CT NG 73,0.0
2030,sc01,01-18 14:00:00+01:00,CC NG 09,0.0
2030,sc01,01-18 14:00:00+01:00,CT NG 03,0.0
2030,sc01,01-18 14:00:00+01:00,CT NG 28,0.0
2030,sc01,01-18 14:00:00+01:00,CT NG 11,0.0
2030,sc01,01-18 14:00:00+01:00,CT NG 08,0.0
2030,sc01,01-18 14:00:00+01:00,CT Oil 02,0.0
2030,sc01,01-18 14:00:00+01:00,CC NG 25,0.0
2030,sc01,01-18 14:00:00+01:00,CC NG 22,0.0
2030,sc01,01-18 14:00:00+01:00,CT NG 56,0.0
2030,sc01,01-18 14:00:00+01:00,CT NG 34,0.0
2030,sc01,01-18 14:00:00+01:00,ST NG 05,0.0
2030,sc01,01-18 14:00:00+01:00,CT NG 44,0.0
2030,sc01,01-18 14:00:00+01:00,CT NG 47,0.0
2030,sc01,01-18 14:00:00+01:00,CC NG 15,0.0
2030,sc01,01-18 14:00:00+01:00,CC NG 14,0.0
2030,sc01,01-18 14:00:00+01:00,CT NG 42,0.0
2030,sc01,01-18 14:00:00+01:00,ST NG 07,0.0
2030,sc01,01-18 14:00:00+01:00,CC NG 36,0.0
2030,sc01,01-18 14:00:00+01:00,CT NG 15,0.0
2030,sc01,01-18 14:00:00+01:00,CT NG 41,0.0
2030,sc01,01-18 14:00:00+01:00,CC NG 23,1.0
2030,sc01,01-18 14:00:00+01:00,CT NG 49,0.0
2030,sc01,01-18 14:00:00+01:00,CC NG 26,0.0
2030,sc01,01-18 14:00:00+01:00,CC NG 12,0.0
2030,sc01,01-18 14:00:00+01:00,CT NG 05,0.0
2030,sc01,01-18 14:00:00+01:00,CC NG 40,0.0
2030,sc01,01-18 14:00:00+01:00,CT NG 50,0.0
2030,sc01,01-18 14:00:00+01:00,CT NG 68,0.0
2030,sc01,01-18 14:00:00+01:00,CC NG 17,0.0
2030,sc01,01-18 14:00:00+01:00,CC NG 10,0.0
2030,sc01,01-18 14:00:00+01:00,CC NG 33,0.0
2030,sc01,01-18 14:00:00+01:00,CC NG 06,0.0
2030,sc01,01-18 14:00:00+01:00,CT NG 10,0.0
2030,sc01,01-18 14:00:00+01:00,CT NG 01,1.0
2030,sc01,01-18 14:00:00+01:00,CC NG 29,0.0
2030,sc01,01-18 14:00:00+01:00,CC NG 05,0.0
2030,sc01,01-18 14:00:00+01:00,CT NG 06,0.0
2030,sc01,01-18 14:00:00+01:00,CT NG 24,0.0
2030,sc01,01-18 14:00:00+01:00,CT NG 22,0.0
2030,sc01,01-18 14:00:00+01:00,CT NG 21,0.0
2030,sc01,01-18 14:00:00+01:00,CC NG 28,0.0
2030,sc01,01-18 14:00:00+01:00,CC NG 35,0.0
2030,sc01,01-18 14:00:00+01:00,CC NG 24,1.0
2030,sc01,01-18 14:00:00+01:00,CC NG 08,0.0
2030,sc01,01-18 14:00:00+01:00,ST NG 02,0.0
2030,sc01,01-18 14:00:00+01:00,CT NG 52,0.0
2030,sc01,01-18 14:00:00+01:00,CT NG 46,0.0
2030,sc01,01-18 14:00:00+01:00,CT NG 36,0.4324011822931033
2030,sc01,01-18 14:00:00+01:00,CC NG 21,0.0
2030,sc01,01-18 14:00:00+01:00,ST NG 09,0.0
2030,sc01,01-18 14:00:00+01:00,ST NG 04,1.0
2030,sc01,01-18 14:00:00+01:00,CT NG 23,0.0
2030,sc01,01-18 14:00:00+01:00,CT NG 13,0.4255496299901414
2030,sc01,01-18 14:00:00+01:00,CC NG 11,0.0
2030,sc01,01-18 14:00:00+01:00,CT NG 04,0.0
2030,sc01,01-18 14:00:00+01:00,CC NG 18,1.0
2030,sc01,01-18 14:00:00+01:00,CC NG 34,0.0
2030,sc01,01-18 14:00:00+01:00,CT Oil 04,0.0
2030,sc01,01-18 14:00:00+01:00,CT NG 74,0.0
2030,sc01,01-18 14:00:00+01:00,CT NG 55,0.0
2030,sc01,01-18 14:00:00+01:00,CT NG 75,0.0
2030,sc01,01-18 14:00:00+01:00,CC NG 01,0.0
2030,sc01,01-18 14:00:00+01:00,CC NG 39,0.0
2030,sc01,01-18 14:00:00+01:00,CT NG 09,0.0
2030,sc01,01-18 14:00:00+01:00,CC NG 31,0.0
2030,sc01,01-18 14:00:00+01:00,CT NG 14,1.0
2030,sc01,01-21 17:00:00+01:00,ST NG 03,0.0
2030,sc01,01-21 17:00:00+01:00,CC NG 37,0.0
2030,sc01,01-21 17:00:00+01:00,CT NG 48,0.0
2030,sc01,01-21 17:00:00+01:00,CT NG 16,0.0
2030,sc01,01-21 17:00:00+01:00,CT NG 25,0.0
2030,sc01,01-21 17:00:00+01:00,CT NG 53,0.0
2030,sc01,01-21 17:00:00+01:00,ST NG 08,0.0
2030,sc01,01-21 17:00:00+01:00,CT Oil 03,0.0
2030,sc01,01-21 17:00:00+01:00,CT NG 43,0.0
2030,sc01,01-21 17:00:00+01:00,CC NG 04,0.0
2030,sc01,01-21 17:00:00+01:00,ST Other 02,0.0
2030,sc01,01-21 17:00:00+01:00,CT NG 30,0.0
2030,sc01,01-21 17:00:00+01:00,CC NG 27,0.0
2030,sc01,01-21 17:00:00+01:00,CC NG 38,0.0
2030,sc01,01-21 17:00:00+01:00,CC NG 20,0.0
2030,sc01,01-21 17:00:00+01:00,CC NG 19,0.0
2030,sc01,01-21 17:00:00+01:00,CT NG 12,0.0
2030,sc01,01-21 17:00:00+01:00,CT NG 70,0.0
2030,sc01,01-21 17:00:00+01:00,ST NG 10,0.0
2030,sc01,01-21 17:00:00+01:00,CT NG 02,0.0
2030,sc01,01-21 17:00:00+01:00,CT NG 26,0.0
2030,sc01,01-21 17:00:00+01:00,ST NG 01,0.0
2030,sc01,01-21 17:00:00+01:00,CC NG 32,0.0
2030,sc01,01-21 17:00:00+01:00,CT NG 35,0.0
2030,sc01,01-21 17:00:00+01:00,ST NG 06,0.0
2030,sc01,01-21 17:00:00+01:00,CT Oil 01,0.0
2030,sc01,01-21 17:00:00+01:00,CT NG 67,0.0
2030,sc01,01-21 17:00:00+01:00,CT NG 72,0.17705734965251219
2030,sc01,01-21 17:00:00+01:00,CT NG 66,0.0
2030,sc01,01-21 17:00:00+01:00,CT NG 71,0.0
2030,sc01,01-21 17:00:00+01:00,CC NG 07,0.0
2030,sc01,01-21 17:00:00+01:00,CT NG 69,0.12402664415048303
2030,sc01,01-21 17:00:00+01:00,CT NG 07,0.0
2030,sc01,01-21 17:00:00+01:00,CT NG 45,0.0
2030,sc01,01-21 17:00:00+01:00,CC NG 03,0.0
2030,sc01,01-21 17:00:00+01:00,CC NG 13,0.0
2030,sc01,01-21 17:00:00+01:00,CT Oil 05,0.0
2030,sc01,01-21 17:00:00+01:00,CT NG 54,0.0
2030,sc01,01-21 17:00:00+01:00,ST Coal 01,0.0
2030,sc01,01-21 17:00:00+01:00,CC NG 16,0.28587622332784224
2030,sc01,01-21 17:00:00+01:00,CT NG 73,0.0
2030,sc01,01-21 17:00:00+01:00,CC NG 09,0.0
2030,sc01,01-21 17:00:00+01:00,CT NG 03,0.0
2030,sc01,01-21 17:00:00+01:00,CT NG 28,0.0
2030,sc01,01-21 17:00:00+01:00,CT NG 11,0.0
2030,sc01,01-21 17:00:00+01:00,CT NG 08,0.0
2030,sc01,01-21 17:00:00+01:00,CT Oil 02,0.0
2030,sc01,01-21 17:00:00+01:00,CC NG 25,0.0
2030,sc01,01-21 17:00:00+01:00,CC NG 22,0.0
2030,sc01,01-21 17:00:00+01:00,CT NG 56,0.0
2030,sc01,01-21 17:00:00+01:00,CT NG 34,0.0
2030,sc01,01-21 17:00:00+01:00,ST NG 05,0.0
2030,sc01,01-21 17:00:00+01:00,CT NG 44,0.0
2030,sc01,01-21 17:00:00+01:00,CT NG 47,0.0
2030,sc01,01-21 17:00:00+01:00,CC NG 15,0.0
2030,sc01,01-21 17:00:00+01:00,CC NG 14,0.0
2030,sc01,01-21 17:00:00+01:00,CT NG 42,0.0
2030,sc01,01-21 17:00:00+01:00,ST NG 07,0.0
2030,sc01,01-21 17:00:00+01:00,CC NG 36,0.0
2030,sc01,01-21 17:00:00+01:00,CT NG 15,0.0
2030,sc01,01-21 17:00:00+01:00,CT NG 41,0.0
2030,sc01,01-21 17:00:00+01:00,CC NG 23,0.0
2030,sc01,01-21 17:00:00+01:00,CT NG 49,0.0
2030,sc01,01-21 17:00:00+01:00,CC NG 26,0.0
2030,sc01,01-21 17:00:00+01:00,CC NG 12,0.0
2030,sc01,01-21 17:00:00+01:00,CT NG 05,0.0
2030,sc01,01-21 17:00:00+01:00,CC NG 40,0.0
2030,sc01,01-21 17:00:00+01:00,CT NG 50,0.0
2030,sc01,01-21 17:00:00+01:00,CT NG 68,0.0
2030,sc01,01-21 17:00:00+01:00,CC NG 17,0.0
2030,sc01,01-21 17:00:00+01:00,CC NG 10,0.0
2030,sc01,01-21 17:00:00+01:00,CC NG 33,0.0
2030,sc01,01-21 17:00:00+01:00,CC NG 06,0.0
2030,sc01,01-21 17:00:00+01:00,CT NG 10,0.0
2030,sc01,01-21 17:00:00+01:00,CT NG 01,0.0
2030,sc01,01-21 17:00:00+01:00,CC NG 29,0.0
2030,sc01,01-21 17:00:00+01:00,CC NG 05,0.0
2030,sc01,01-21 17:00:00+01:00,CT NG 06,0.0
2030,sc01,01-21 17:00:00+01:00,CT NG 24,0.0
2030,sc01,01-21 17:00:00+01:00,CT NG 22,0.0
2030,sc01,01-21 17:00:00+01:00,CT NG 21,0.0
2030,sc01,01-21 17:00:00+01:00,CC NG 28,0.0
2030,sc01,01-21 17:00:00+01:00,CC NG 35,0.0
2030,sc01,01-21 17:00:00+01:00,CC NG 24,0.450599866812014
2030,sc01,01-21 17:00:00+01:00,CC NG 08,0.0
2030,sc01,01-21 17:00:00+01:00,ST NG 02,0.0
2030,sc01,01-21 17:00:00+01:00,CT NG 52,0.0
2030,sc01,01-21 17:00:00+01:00,CT NG 46,0.0
2030,sc01,01-21 17:00:00+01:00,CT NG 36,0.5675988177068967
2030,sc01,01-21 17:00:00+01:00,CC NG 21,0.0
2030,sc01,01-21 17:00:00+01:00,ST NG 09,0.0
2030,sc01,01-21 17:00:00+01:00,ST NG 04,0.0
2030,sc01,01-21 17:00:00+01:00,CT NG 23,0.0
2030,sc01,01-21 17:00:00+01:00,CT NG 13,0.0
2030,sc01,01-21 17:00:00+01:00,CC NG 11,0.0
2030,sc01,01-21 17:00:00+01:00,CT NG 04,0.0
2030,sc01,01-21 17:00:00+01:00,CC NG 18,0.0
2030,sc01,01-21 17:00:00+01:00,CC NG 34,0.35485609638801285
2030,sc01,01-21 17:00:00+01:00,CT Oil 04,0.0
2030,sc01,01-21 17:00:00+01:00,CT NG 74,0.0
2030,sc01,01-21 17:00:00+01:00,CT NG 55,0.0
2030,sc01,01-21 17:00:00+01:00,CT NG 75,0.0
2030,sc01,01-21 17:00:00+01:00,CC NG 01,0.0
2030,sc01,01-21 17:00:00+01:00,CC NG 39,0.0
2030,sc01,01-21 17:00:00+01:00,CT NG 09,0.0
2030,sc01,01-21 17:00:00+01:00,CC NG 31,0.0
2030,sc01,01-21 17:00:00+01:00,CT NG 14,0.0
2030,sc01,01-21 19:00:00+01:00,ST NG 03,0.13589998416518612
2030,sc01,01-21 19:00:00+01:00,CC NG 37,0.0
2030,sc01,01-21 19:00:00+01:00,CT NG 48,0.0
2030,sc01,01-21 19:00:00+01:00,CT NG 16,0.0
2030,sc01,01-21 19:00:00+01:00,CT NG 25,0.0
2030,sc01,01-21 19:00:00+01:00,CT NG 53,0.0
2030,sc01,01-21 19:00:00+01:00,ST NG 08,0.0
2030,sc01,01-21 19:00:00+01:00,CT Oil 03,0.0
2030,sc01,01-21 19:00:00+01:00,CT NG 43,0.0
2030,sc01,01-21 19:00:00+01:00,CC NG 04,0.0
2030,sc01,01-21 19:00:00+01:00,ST Other 02,0.0
2030,sc01,01-21 19:00:00+01:00,CT NG 30,0.0
2030,sc01,01-21 19:00:00+01:00,CC NG 27,0.0
2030,sc01,01-21 19:00:00+01:00,CC NG 38,0.0
2030,sc01,01-21 19:00:00+01:00,CC NG 20,0.0
2030,sc01,01-21 19:00:00+01:00,CC NG 19,0.0
2030,sc01,01-21 19:00:00+01:00,CT NG 12,0.0
2030,sc01,01-21 19:00:00+01:00,CT NG 70,0.0
2030,sc01,01-21 19:00:00+01:00,ST NG 10,0.0
2030,sc01,01-21 19:00:00+01:00,CT NG 02,0.0
2030,sc01,01-21 19:00:00+01:00,CT NG 26,0.0
2030,sc01,01-21 19:00:00+01:00,ST NG 01,0.0
2030,sc01,01-21 19:00:00+01:00,CC NG 32,0.0
2030,sc01,01-21 19:00:00+01:00,CT NG 35,0.0
2030,sc01,01-21 19:00:00+01:00,ST NG 06,0.0
2030,sc01,01-21 19:00:00+01:00,CT Oil 01,0.0
2030,sc01,01-21 19:00:00+01:00,CT NG 67,0.0
2030,sc01,01-21 19:00:00+01:00,CT NG 72,0.0
2030,sc01,01-21 19:00:00+01:00,CT NG 66,0.0
2030,sc01,01-21 19:00:00+01:00,CT NG 71,0.0
2030,sc01,01-21 19:00:00+01:00,CC NG 07,0.0
2030,sc01,01-21 19:00:00+01:00,CT NG 69,0.0
2030,sc01,01-21 19:00:00+01:00,CT NG 07,0.0
2030,sc01,01-21 19:00:00+01:00,CT NG 45,0.0
2030,sc01,01-21 19:00:00+01:00,CC NG 03,0.0
2030,sc01,01-21 19:00:00+01:00,CC NG 13,0.0
2030,sc01,01-21 19:00:00+01:00,CT Oil 05,0.0
2030,sc01,01-21 19:00:00+01:00,CT NG 54,0.0
2030,sc01,01-21 19:00:00+01:00,ST Coal 01,0.0
2030,sc01,01-21 19:00:00+01:00,CC NG 16,0.7141237766721578
2030,sc01,01-21 19:00:00+01:00,CT NG 73,0.613464513960934
2030,sc01,01-21 19:00:00+01:00,CC NG 09,0.0
2030,sc01,01-21 19:00:00+01:00,CT NG 03,0.0
2030,sc01,01-21 19:00:00+01:00,CT NG 28,0.0
2030,sc01,01-21 19:00:00+01:00,CT NG 11,0.0
2030,sc01,01-21 19:00:00+01:00,CT NG 08,0.0
2030,sc01,01-21 19:00:00+01:00,CT Oil 02,0.0
2030,sc01,01-21 19:00:00+01:00,CC NG 25,0.0
2030,sc01,01-21 19:00:00+01:00,CC NG 22,0.0
2030,sc01,01-21 19:00:00+01:00,CT NG 56,0.0
2030,sc01,01-21 19:00:00+01:00,CT NG 34,0.0
2030,sc01,01-21 19:00:00+01:00,ST NG 05,0.0
2030,sc01,01-21 19:00:00+01:00,CT NG 44,0.0
2030,sc01,01-21 19:00:00+01:00,CT NG 47,0.0
2030,sc01,01-21 19:00:00+01:00,CC NG 15,0.0
2030,sc01,01-21 19:00:00+01:00,CC NG 14,0.0
2030,sc01,01-21 19:00:00+01:00,CT NG 42,0.0
2030,sc01,01-21 19:00:00+01:00,ST NG 07,0.0
2030,sc01,01-21 19:00:00+01:00,CC NG 36,0.0
2030,sc01,01-21 19:00:00+01:00,CT NG 15,0.0
2030,sc01,01-21 19:00:00+01:00,CT NG 41,0.0
2030,sc01,01-21 19:00:00+01:00,CC NG 23,0.0
2030,sc01,01-21 19:00:00+01:00,CT NG 49,0.0
2030,sc01,01-21 19:00:00+01:00,CC NG 26,0.0
2030,sc01,01-21 19:00:00+01:00,CC NG 12,0.0
2030,sc01,01-21 19:00:00+01:00,CT NG 05,0.0
2030,sc01,01-21 19:00:00+01:00,CC NG 40,0.0
2030,sc01,01-21 19:00:00+01:00,CT NG 50,0.0
2030,sc01,01-21 19:00:00+01:00,CT NG 68,0.0
2030,sc01,01-21 19:00:00+01:00,CC NG 17,0.0
2030,sc01,01-21 19:00:00+01:00,CC NG 10,0.0
2030,sc01,01-21 19:00:00+01:00,CC NG 33,0.0
2030,sc01,01-21 19:00:00+01:00,CC NG 06,0.0
2030,sc01,01-21 19:00:00+01:00,CT NG 10,0.0
2030,sc01,01-21 19:00:00+01:00,CT NG 01,0.0
2030,sc01,01-21 19:00:00+01:00,CC NG 29,0.0
2030,sc01,01-21 19:00:00+01:00,CC NG 05,0.0
2030,sc01,01-21 19:00:00+01:00,CT NG 06,0.0
2030,sc01,01-21 19:00:00+01:00,CT NG 24,0.0
2030,sc01,01-21 19:00:00+01:00,CT NG 22,0.0
2030,sc01,01-21 19:00:00+01:00,CT NG 21,0.0
2030,sc01,01-21 19:00:00+01:00,CC NG 28,0.0
2030,sc01,01-21 19:00:00+01:00,CC NG 35,0.0
2030,sc01,01-21 19:00:00+01:00,CC NG 24,0.0
2030,sc01,01-21 19:00:00+01:00,CC NG 08,0.0
2030,sc01,01-21 19:00:00+01:00,ST NG 02,0.0
2030,sc01,01-21 19:00:00+01:00,CT NG 52,0.0
2030,sc01,01-21 19:00:00+01:00,CT NG 46,0.0
2030,sc01,01-21 19:00:00+01:00,CT NG 36,0.0
2030,sc01,01-21 19:00:00+01:00,CC NG 21,0.0
2030,sc01,01-21 19:00:00+01:00,ST NG 09,0.0
2030,sc01,01-21 19:00:00+01:00,ST NG 04,0.0
2030,sc01,01-21 19:00:00+01:00,CT NG 23,0.0
2030,sc01,01-21 19:00:00+01:00,CT NG 13,0.0
2030,sc01,01-21 19:00:00+01:00,CC NG 11,0.0
2030,sc01,01-21 19:00:00+01:00,CT NG 04,0.0
2030,sc01,01-21 19:00:00+01:00,CC NG 18,1.0
2030,sc01,01-21 19:00:00+01:00,CC NG 34,0.04394635775148181
2030,sc01,01-21 19:00:00+01:00,CT Oil 04,0.0
2030,sc01,01-21 19:00:00+01:00,CT NG 74,0.0
2030,sc01,01-21 19:00:00+01:00,CT NG 55,0.0
2030,sc01,01-21 19:00:00+01:00,CT NG 75,0.0
2030,sc01,01-21 19:00:00+01:00,CC NG 01,0.0
2030,sc01,01-21 19:00:00+01:00,CC NG 39,0.0
2030,sc01,01-21 19:00:00+01:00,CT NG 09,0.0
2030,sc01,01-21 19:00:00+01:00,CC NG 31,0.0
2030,sc01,01-21 19:00:00+01:00,CT NG 14,0.0
2030,sc01,01-21 20:00:00+01:00,ST NG 03,0.05402673614786602
2030,sc01,01-21 20:00:00+01:00,CC NG 37,0.0
2030,sc01,01-21 20:00:00+01:00,CT NG 48,0.0
2030,sc01,01-21 20:00:00+01:00,CT NG 16,0.0
2030,sc01,01-21 20:00:00+01:00,CT NG 25,0.0
2030,sc01,01-21 20:00:00+01:00,CT NG 53,0.0
2030,sc01,01-21 20:00:00+01:00,ST NG 08,0.0
2030,sc01,01-21 20:00:00+01:00,CT Oil 03,0.0
2030,sc01,01-21 20:00:00+01:00,CT NG 43,1.0
2030,sc01,01-21 20:00:00+01:00,CC NG 04,0.0
2030,sc01,01-21 20:00:00+01:00,ST Other 02,0.0
2030,sc01,01-21 20:00:00+01:00,CT NG 30,0.0
2030,sc01,01-21 20:00:00+01:00,CC NG 27,0.0
2030,sc01,01-21 20:00:00+01:00,CC NG 38,0.0
2030,sc01,01-21 20:00:00+01:00,CC NG 20,0.0
2030,sc01,01-21 20:00:00+01:00,CC NG 19,0.0
2030,sc01,01-21 20:00:00+01:00,CT NG 12,0.0
2030,sc01,01-21 20:00:00+01:00,CT NG 70,0.0
2030,sc01,01-21 20:00:00+01:00,ST NG 10,0.0
2030,sc01,01-21 20:00:00+01:00,CT NG 02,0.0
2030,sc01,01-21 20:00:00+01:00,CT NG 26,0.0
2030,sc01,01-21 20:00:00+01:00,ST NG 01,0.0
2030,sc01,01-21 20:00:00+01:00,CC NG 32,0.0
2030,sc01,01-21 20:00:00+01:00,CT NG 35,0.0
2030,sc01,01-21 20:00:00+01:00,ST NG 06,0.0
2030,sc01,01-21 20:00:00+01:00,CT Oil 01,0.0
2030,sc01,01-21 20:00:00+01:00,CT NG 67,1.0
2030,sc01,01-21 20:00:00+01:00,CT NG 72,1.0
2030,sc01,01-21 20:00:00+01:00,CT NG 66,1.0
2030,sc01,01-21 20:00:00+01:00,CT NG 71,0.0
2030,sc01,01-21 20:00:00+01:00,CC NG 07,0.0
2030,sc01,01-21 20:00:00+01:00,CT NG 69,0.875973355849517
2030,sc01,01-21 20:00:00+01:00,CT NG 07,1.0
2030,sc01,01-21 20:00:00+01:00,CT NG 45,0.0
2030,sc01,01-21 20:00:00+01:00,CC NG 03,0.0
2030,sc01,01-21 20:00:00+01:00,CC NG 13,0.0
2030,sc01,01-21 20:00:00+01:00,CT Oil 05,0.0
2030,sc01,01-21 20:00:00+01:00,CT NG 54,1.0
2030,sc01,01-21 20:00:00+01:00,ST Coal 01,0.0
2030,sc01,01-21 20:00:00+01:00,CC NG 16,0.0
2030,sc01,01-21 20:00:00+01:00,CT NG 73,0.386535486039066
2030,sc01,01-21 20:00:00+01:00,CC NG 09,0.0
2030,sc01,01-21 20:00:00+01:00,CT NG 03,0.0
2030,sc01,01-21 20:00:00+01:00,CT NG 28,1.0
2030,sc01,01-21 20:00:00+01:00,CT NG 11,0.0
2030,sc01,01-21 20:00:00+01:00,CT NG 08,0.0
2030,sc01,01-21 20:00:00+01:00,CT Oil 02,0.0
2030,sc01,01-21 20:00:00+01:00,CC NG 25,0.0
2030,sc01,01-21 20:00:00+01:00,CC NG 22,0.0
2030,sc01,01-21 20:00:00+01:00,CT NG 56,0.0
2030,sc01,01-21 20:00:00+01:00,CT NG 34,0.0
2030,sc01,01-21 20:00:00+01:00,ST NG 05,0.0
2030,sc01,01-21 20:00:00+01:00,CT NG 44,0.0
2030,sc01,01-21 20:00:00+01:00,CT NG 47,0.0
2030,sc01,01-21 20:00:00+01:00,CC NG 15,1.0
2030,sc01,01-21 20:00:00+01:00,CC NG 14,0.0
2030,sc01,01-21 20:00:00+01:00,CT NG 42,0.0
2030,sc01,01-21 20:00:00+01:00,ST NG 07,0.0
2030,sc01,01-21 20:00:00+01:00,CC NG 36,0.0
2030,sc01,01-21 20:00:00+01:00,CT NG 15,0.0
2030,sc01,01-21 20:00:00+01:00,CT NG 41,0.0
2030,sc01,01-21 20:00:00+01:00,CC NG 23,0.0
2030,sc01,01-21 20:00:00+01:00,CT NG 49,0.0
2030,sc01,01-21 20:00:00+01:00,CC NG 26,0.0
2030,sc01,01-21 20:00:00+01:00,CC NG 12,0.0
2030,sc01,01-21 20:00:00+01:00,CT NG 05,1.0
2030,sc01,01-21 20:00:00+01:00,CC NG 40,0.0
2030,sc01,01-21 20:00:00+01:00,CT NG 50,0.030540450612927428
2030,sc01,01-21 20:00:00+01:00,CT NG 68,1.0
2030,sc01,01-21 20:00:00+01:00,CC NG 17,0.0
2030,sc01,01-21 20:00:00+01:00,CC NG 10,0.0
2030,sc01,01-21 20:00:00+01:00,CC NG 33,0.0
2030,sc01,01-21 20:00:00+01:00,CC NG 06,0.0
2030,sc01,01-21 20:00:00+01:00,CT NG 10,0.0
2030,sc01,01-21 20:00:00+01:00,CT NG 01,0.0
2030,sc01,01-21 20:00:00+01:00,CC NG 29,0.0
2030,sc01,01-21 20:00:00+01:00,CC NG 05,0.0
2030,sc01,01-21 20:00:00+01:00,CT NG 06,1.0
2030,sc01,01-21 20:00:00+01:00,CT NG 24,0.0
2030,sc01,01-21 20:00:00+01:00,CT NG 22,0.0
2030,sc01,01-21 20:00:00+01:00,CT NG 21,0.0
2030,sc01,01-21 20:00:00+01:00,CC NG 28,0.0
2030,sc01,01-21 20:00:00+01:00,CC NG 35,0.0
2030,sc01,01-21 20:00:00+01:00,CC NG 24,0.0
2030,sc01,01-21 20:00:00+01:00,CC NG 08,0.0
2030,sc01,01-21 20:00:00+01:00,ST NG 02,0.0
2030,sc01,01-21 20:00:00+01:00,CT NG 52,0.0
2030,sc01,01-21 20:00:00+01:00,CT NG 46,0.0
2030,sc01,01-21 20:00:00+01:00,CT NG 36,0.0
2030,sc01,01-21 20:00:00+01:00,CC NG 21,0.0
2030,sc01,01-21 20:00:00+01:00,ST NG 09,0.0
2030,sc01,01-21 20:00:00+01:00,ST NG 04,0.0
2030,sc01,01-21 20:00:00+01:00,CT NG 23,0.0
2030,sc01,01-21 20:00:00+01:00,CT NG 13,1.0
2030,sc01,01-21 20:00:00+01:00,CC NG 11,0.0
2030,sc01,01-21 20:00:00+01:00,CT NG 04,0.0
2030,sc01,01-21 20:00:00+01:00,CC NG 18,1.0
2030,sc01,01-21 20:00:00+01:00,CC NG 34,0.9445439582613994
2030,sc01,01-21 20:00:00+01:00,CT Oil 04,0.0
2030,sc01,01-21 20:00:00+01:00,CT NG 74,0.0
2030,sc01,01-21 20:00:00+01:00,CT NG 55,0.0
2030,sc01,01-21 20:00:00+01:00,CT NG 75,0.0
2030,sc01,01-21 20:00:00+01:00,CC NG 01,0.0
2030,sc01,01-21 20:00:00+01:00,CC NG 39,0.0
2030,sc01,01-21 20:00:00+01:00,CT NG 09,0.0
2030,sc01,01-21 20:00:00+01:00,CC NG 31,1.0
2030,sc01,01-21 20:00:00+01:00,CT NG 14,1.0
2030,sc01,01-22 08:00:00+01:00,ST NG 03,0.8100732796869479
2030,sc01,01-22 08:00:00+01:00,CC NG 37,0.0
2030,sc01,01-22 08:00:00+01:00,CT NG 48,0.0
2030,sc01,01-22 08:00:00+01:00,CT NG 16,0.0
2030,sc01,01-22 08:00:00+01:00,CT NG 25,0.0
2030,sc01,01-22 08:00:00+01:00,CT NG 53,0.0
2030,sc01,01-22 08:00:00+01:00,ST NG 08,0.0
2030,sc01,01-22 08:00:00+01:00,CT Oil 03,0.0
2030,sc01,01-22 08:00:00+01:00,CT NG 43,0.0
2030,sc01,01-22 08:00:00+01:00,CC NG 04,0.0
2030,sc01,01-22 08:00:00+01:00,ST Other 02,0.0
2030,sc01,01-22 08:00:00+01:00,CT NG 30,0.0
2030,sc01,01-22 08:00:00+01:00,CC NG 27,1.0
2030,sc01,01-22 08:00:00+01:00,CC NG 38,0.0
2030,sc01,01-22 08:00:00+01:00,CC NG 20,0.0
2030,sc01,01-22 08:00:00+01:00,CC NG 19,0.0
2030,sc01,01-22 08:00:00+01:00,CT NG 12,0.0
2030,sc01,01-22 08:00:00+01:00,CT NG 70,1.0
2030,sc01,01-22 08:00:00+01:00,ST NG 10,1.0
2030,sc01,01-22 08:00:00+01:00,CT NG 02,1.0
2030,sc01,01-22 08:00:00+01:00,CT NG 26,0.0
2030,sc01,01-22 08:00:00+01:00,ST NG 01,0.0
2030,sc01,01-22 08:00:00+01:00,CC NG 32,0.0
2030,sc01,01-22 08:00:00+01:00,CT NG 35,0.0
2030,sc01,01-22 08:00:00+01:00,ST NG 06,0.0
2030,sc01,01-22 08:00:00+01:00,CT Oil 01,0.0
2030,sc01,01-22 08:00:00+01:00,CT NG 67,0.0
2030,sc01,01-22 08:00:00+01:00,CT NG 72,0.0
2030,sc01,01-22 08:00:00+01:00,CT NG 66,0.0
2030,sc01,01-22 08:00:00+01:00,CT NG 71,1.0
2030,sc01,01-22 08:00:00+01:00,CC NG 07,1.0
2030,sc01,01-22 08:00:00+01:00,CT NG 69,0.0
2030,sc01,01-22 08:00:00+01:00,CT NG 07,0.0
2030,sc01,01-22 08:00:00+01:00,CT NG 45,1.0
2030,sc01,01-22 08:00:00+01:00,CC NG 03,0.0
2030,sc01,01-22 08:00:00+01:00,CC NG 13,1.0
2030,sc01,01-22 08:00:00+01:00,CT Oil 05,0.0
2030,sc01,01-22 08:00:00+01:00,CT NG 54,0.0
2030,sc01,01-22 08:00:00+01:00,ST Coal 01,0.0
2030,sc01,01-22 08:00:00+01:00,CC NG 16,0.0
2030,sc01,01-22 08:00:00+01:00,CT NG 73,0.0
2030,sc01,01-22 08:00:00+01:00,CC NG 09,1.0
2030,sc01,01-22 08:00:00+01:00,CT NG 03,1.0
2030,sc01,01-22 08:00:00+01:00,CT NG 28,0.0
2030,sc01,01-22 08:00:00+01:00,CT NG 11,0.0
2030,sc01,01-22 08:00:00+01:00,CT NG 08,1.0
2030,sc01,01-22 08:00:00+01:00,CT Oil 02,0.0
2030,sc01,01-22 08:00:00+01:00,CC NG 25,0.0
2030,sc01,01-22 08:00:00+01:00,CC NG 22,0.0
2030,sc01,01-22 08:00:00+01:00,CT NG 56,1.0
2030,sc01,01-22 08:00:00+01:00,CT NG 34,0.0
2030,sc01,01-22 08:00:00+01:00,ST NG 05,0.0
2030,sc01,01-22 08:00:00+01:00,CT NG 44,1.0
2030,sc01,01-22 08:00:00+01:00,CT NG 47,0.0
2030,sc01,01-22 08:00:00+01:00,CC NG 15,0.0
2030,sc01,01-22 08:00:00+01:00,CC NG 14,0.0
2030,sc01,01-22 08:00:00+01:00,CT NG 42,1.0
2030,sc01,01-22 08:00:00+01:00,ST NG 07,0.0
2030,sc01,01-22 08:00:00+01:00,CC NG 36,0.0
2030,sc01,01-22 08:00:00+01:00,CT NG 15,0.0
2030,sc01,01-22 08:00:00+01:00,CT NG 41,0.0
2030,sc01,01-22 08:00:00+01:00,CC NG 23,0.0
2030,sc01,01-22 08:00:00+01:00,CT NG 49,0.0
2030,sc01,01-22 08:00:00+01:00,CC NG 26,0.0
2030,sc01,01-22 08:00:00+01:00,CC NG 12,1.0
2030,sc01,01-22 08:00:00+01:00,CT NG 05,0.0
2030,sc01,01-22 08:00:00+01:00,CC NG 40,0.0
2030,sc01,01-22 08:00:00+01:00,CT NG 50,0.9694595493870726
2030,sc01,01-22 08:00:00+01:00,CT NG 68,0.0
2030,sc01,01-22 08:00:00+01:00,CC NG 17,0.0
2030,sc01,01-22 08:00:00+01:00,CC NG 10,0.0
2030,sc01,01-22 08:00:00+01:00,CC NG 33,0.0
2030,sc01,01-22 08:00:00+01:00,CC NG 06,1.0
2030,sc01,01-22 08:00:00+01:00,CT NG 10,1.0
2030,sc01,01-22 08:00:00+01:00,CT NG 01,1.0
2030,sc01,01-22 08:00:00+01:00,CC NG 29,1.0
2030,sc01,01-22 08:00:00+01:00,CC NG 05,0.0
2030,sc01,01-22 08:00:00+01:00,CT NG 06,0.0
2030,sc01,01-22 08:00:00+01:00,CT NG 24,0.0
2030,sc01,01-22 08:00:00+01:00,CT NG 22,0.0
2030,sc01,01-22 08:00:00+01:00,CT NG 21,0.0
2030,sc01,01-22 08:00:00+01:00,CC NG 28,0.0
2030,sc01,01-22 08:00:00+01:00,CC NG 35,0.0
2030,sc01,01-22 08:00:00+01:00,CC NG 24,0.0
2030,sc01,01-22 08:00:00+01:00,CC NG 08,0.38913643956870636
2030,sc01,01-22 08:00:00+01:00,ST NG 02,0.2738925094638036
2030,sc01,01-22 08:00:00+01:00,CT NG 52,0.0
2030,sc01,01-22 08:00:00+01:00,CT NG 46,0.0
2030,sc01,01-22 08:00:00+01:00,CT NG 36,0.0
2030,sc01,01-22 08:00:00+01:00,CC NG 21,0.0
2030,sc01,01-22 08:00:00+01:00,ST NG 09,0.0
2030,sc01,01-22 08:00:00+01:00,ST NG 04,0.0
2030,sc01,01-22 08:00:00+01:00,CT NG 23,0.0
2030,sc01,01-22 08:00:00+01:00,CT NG 13,0.0
2030,sc01,01-22 08:00:00+01:00,CC NG 11,0.0
2030,sc01,01-22 08:00:00+01:00,CT NG 04,1.0
2030,sc01,01-22 08:00:00+01:00,CC NG 18,0.9483336709197289
2030,sc01,01-22 08:00:00+01:00,CC NG 34,0.10465647706556236
2030,sc01,01-22 08:00:00+01:00,CT Oil 04,0.0
2030,sc01,01-22 08:00:00+01:00,CT NG 74,0.0
2030,sc01,01-22 08:00:00+01:00,CT NG 55,0.0
2030,sc01,01-22 08:00:00+01:00,CT NG 75,1.0
2030,sc01,01-22 08:00:00+01:00,CC NG 01,1.0
2030,sc01,01-22 08:00:00+01:00,CC NG 39,1.0
2030,sc01,01-22 08:00:00+01:00,CT NG 09,1.0
2030,sc01,01-22 08:00:00+01:00,CC NG 31,0.0
2030,sc01,01-22 08:00:00+01:00,CT NG 14,0.8381288023808845
2030,sc01,01-22 18:00:00+01:00,ST NG 03,0.0
2030,sc01,01-22 18:00:00+01:00,CC NG 37,0.0
2030,sc01,01-22 18:00:00+01:00,CT NG 48,0.0
2030,sc01,01-22 18:00:00+01:00,CT NG 16,0.0
2030,sc01,01-22 18:00:00+01:00,CT NG 25,0.0
2030,sc01,01-22 18:00:00+01:00,CT NG 53,0.0
2030,sc01,01-22 18:00:00+01:00,ST NG 08,0.0
2030,sc01,01-22 18:00:00+01:00,CT Oil 03,0.0
2030,sc01,01-22 18:00:00+01:00,CT NG 43,0.0
2030,sc01,01-22 18:00:00+01:00,CC NG 04,0.0
2030,sc01,01-22 18:00:00+01:00,ST Other 02,0.0
2030,sc01,01-22 18:00:00+01:00,CT NG 30,0.0
2030,sc01,01-22 18:00:00+01:00,CC NG 27,0.0
2030,sc01,01-22 18:00:00+01:00,CC NG 38,0.0
2030,sc01,01-22 18:00:00+01:00,CC NG 20,0.0
2030,sc01,01-22 18:00:00+01:00,CC NG 19,0.0
2030,sc01,01-22 18:00:00+01:00,CT NG 12,0.0
2030,sc01,01-22 18:00:00+01:00,CT NG 70,0.0
2030,sc01,01-22 18:00:00+01:00,ST NG 10,0.0
2030,sc01,01-22 18:00:00+01:00,CT NG 02,0.0
2030,sc01,01-22 18:00:00+01:00,CT NG 26,0.0
2030,sc01,01-22 18:00:00+01:00,ST NG 01,1.0
2030,sc01,01-22 18:00:00+01:00,CC NG 32,0.0
2030,sc01,01-22 18:00:00+01:00,CT NG 35,0.0
2030,sc01,01-22 18:00:00+01:00,ST NG 06,0.0
2030,sc01,01-22 18:00:00+01:00,CT Oil 01,0.0
2030,sc01,01-22 18:00:00+01:00,CT NG 67,0.0
2030,sc01,01-22 18:00:00+01:00,CT NG 72,0.8064360949432412
2030,sc01,01-22 18:00:00+01:00,CT NG 66,0.0
2030,sc01,01-22 18:00:00+01:00,CT NG 71,0.0
2030,sc01,01-22 18:00:00+01:00,CC NG 07,0.0
2030,sc01,01-22 18:00:00+01:00,CT NG 69,0.0
2030,sc01,01-22 18:00:00+01:00,CT NG 07,0.5955456571096492
2030,sc01,01-22 18:00:00+01:00,CT NG 45,0.0
2030,sc01,01-22 18:00:00+01:00,CC NG 03,0.0
2030,sc01,01-22 18:00:00+01:00,CC NG 13,0.0
2030,sc01,01-22 18:00:00+01:00,CT Oil 05,0.0
2030,sc01,01-22 18:00:00+01:00,CT NG 54,0.0
2030,sc01,01-22 18:00:00+01:00,ST Coal 01,0.0
2030,sc01,01-22 18:00:00+01:00,CC NG 16,0.0
2030,sc01,01-22 18:00:00+01:00,CT NG 73,0.0
2030,sc01,01-22 18:00:00+01:00,CC NG 09,0.0
2030,sc01,01-22 18:00:00+01:00,CT NG 03,0.0
2030,sc01,01-22 18:00:00+01:00,CT NG 28,0.0
2030,sc01,01-22 18:00:00+01:00,CT NG 11,0.0
2030,sc01,01-22 18:00:00+01:00,CT NG 08,0.0
2030,sc01,01-22 18:00:00+01:00,CT Oil 02,0.0
2030,sc01,01-22 18:00:00+01:00,CC NG 25,0.0
2030,sc01,01-22 18:00:00+01:00,CC NG 22,0.0
2030,sc01,01-22 18:00:00+01:00,CT NG 56,0.0
2030,sc01,01-22 18:00:00+01:00,CT NG 34,0.0
2030,sc01,01-22 18:00:00+01:00,ST NG 05,0.0
2030,sc01,01-22 18:00:00+01:00,CT NG 44,0.0
2030,sc01,01-22 18:00:00+01:00,CT NG 47,0.0
2030,sc01,01-22 18:00:00+01:00,CC NG 15,0.0
2030,sc01,01-22 18:00:00+01:00,CC NG 14,1.0
2030,sc01,01-22 18:00:00+01:00,CT NG 42,0.0
2030,sc01,01-22 18:00:00+01:00,ST NG 07,0.0
2030,sc01,01-22 18:00:00+01:00,CC NG 36,0.0
2030,sc01,01-22 18:00:00+01:00,CT NG 15,0.0
2030,sc01,01-22 18:00:00+01:00,CT NG 41,1.0
2030,sc01,01-22 18:00:00+01:00,CC NG 23,0.0
2030,sc01,01-22 18:00:00+01:00,CT NG 49,0.0
2030,sc01,01-22 18:00:00+01:00,CC NG 26,0.21859288991323922
2030,sc01,01-22 18:00:00+01:00,CC NG 12,0.0
2030,sc01,01-22 18:00:00+01:00,CT NG 05,0.0
2030,sc01,01-22 18:00:00+01:00,CC NG 40,0.0
2030,sc01,01-22 18:00:00+01:00,CT NG 50,0.0
2030,sc01,01-22 18:00:00+01:00,CT NG 68,0.0
2030,sc01,01-22 18:00:00+01:00,CC NG 17,1.0
2030,sc01,01-22 18:00:00+01:00,CC NG 10,0.0
2030,sc01,01-22 18:00:00+01:00,CC NG 33,0.0
2030,sc01,01-22 18:00:00+01:00,CC NG 06,0.0
2030,sc01,01-22 18:00:00+01:00,CT NG 10,0.0
2030,sc01,01-22 18:00:00+01:00,CT NG 01,0.0
2030,sc01,01-22 18:00:00+01:00,CC NG 29,0.0
2030,sc01,01-22 18:00:00+01:00,CC NG 05,1.0
2030,sc01,01-22 18:00:00+01:00,CT NG 06,0.0
2030,sc01,01-22 18:00:00+01:00,CT NG 24,0.0
2030,sc01,01-22 18:00:00+01:00,CT NG 22,1.0
2030,sc01,01-22 18:00:00+01:00,CT NG 21,1.0
2030,sc01,01-22 18:00:00+01:00,CC NG 28,0.0
2030,sc01,01-22 18:00:00+01:00,CC NG 35,1.0
2030,sc01,01-22 18:00:00+01:00,CC NG 24,0.0
2030,sc01,01-22 18:00:00+01:00,CC NG 08,0.6108635604312936
2030,sc01,01-22 18:00:00+01:00,ST NG 02,1.0
2030,sc01,01-22 18:00:00+01:00,CT NG 52,0.0
2030,sc01,01-22 18:00:00+01:00,CT NG 46,1.0
2030,sc01,01-22 18:00:00+01:00,CT NG 36,0.0
2030,sc01,01-22 18:00:00+01:00,CC NG 21,1.0
2030,sc01,01-22 18:00:00+01:00,ST NG 09,0.0
2030,sc01,01-22 18:00:00+01:00,ST NG 04,0.0
2030,sc01,01-22 18:00:00+01:00,CT NG 23,1.0
2030,sc01,01-22 18:00:00+01:00,CT NG 13,0.0
2030,sc01,01-22 18:00:00+01:00,CC NG 11,0.0
2030,sc01,01-22 18:00:00+01:00,CT NG 04,0.0
2030,sc01,01-22 18:00:00+01:00,CC NG 18,0.0
2030,sc01,01-22 18:00:00+01:00,CC NG 34,0.31813602748065295
2030,sc01,01-22 18:00:00+01:00,CT Oil 04,0.0
2030,sc01,01-22 18:00:00+01:00,CT NG 74,1.0
2030,sc01,01-22 18:00:00+01:00,CT NG 55,0.0
2030,sc01,01-22 18:00:00+01:00,CT NG 75,0.0
2030,sc01,01-22 18:00:00+01:00,CC NG 01,0.0
2030,sc01,01-22 18:00:00+01:00,CC NG 39,0.0
2030,sc01,01-22 18:00:00+01:00,CT NG 09,0.0
2030,sc01,01-22 18:00:00+01:00,CC NG 31,1.0
2030,sc01,01-22 18:00:00+01:00,CT NG 14,0.0
2030,sc01,01-23 00:00:00+01:00,ST NG 03,0.0
2030,sc01,01-23 00:00:00+01:00,CC NG 37,0.0
2030,sc01,01-23 00:00:00+01:00,CT NG 48,1.0
2030,sc01,01-23 00:00:00+01:00,CT NG 16,0.0
2030,sc01,01-23 00:00:00+01:00,CT NG 25,1.0
2030,sc01,01-23 00:00:00+01:00,CT NG 53,0.0
2030,sc01,01-23 00:00:00+01:00,ST NG 08,0.0
2030,sc01,01-23 00:00:00+01:00,CT Oil 03,0.0
2030,sc01,01-23 00:00:00+01:00,CT NG 43,0.0
2030,sc01,01-23 00:00:00+01:00,CC NG 04,0.9999999999999999
2030,sc01,01-23 00:00:00+01:00,ST Other 02,0.0
2030,sc01,01-23 00:00:00+01:00,CT NG 30,0.0
2030,sc01,01-23 00:00:00+01:00,CC NG 27,0.0
2030,sc01,01-23 00:00:00+01:00,CC NG 38,0.4006272467300561
2030,sc01,01-23 00:00:00+01:00,CC NG 20,0.0
2030,sc01,01-23 00:00:00+01:00,CC NG 19,0.0
2030,sc01,01-23 00:00:00+01:00,CT NG 12,0.0
2030,sc01,01-23 00:00:00+01:00,CT NG 70,1.0
2030,sc01,01-23 00:00:00+01:00,ST NG 10,1.0
2030,sc01,01-23 00:00:00+01:00,CT NG 02,0.0
2030,sc01,01-23 00:00:00+01:00,CT NG 26,1.0
2030,sc01,01-23 00:00:00+01:00,ST NG 01,0.0
2030,sc01,01-23 00:00:00+01:00,CC NG 32,0.0
2030,sc01,01-23 00:00:00+01:00,CT NG 35,1.0
2030,sc01,01-23 00:00:00+01:00,ST NG 06,0.0
2030,sc01,01-23 00:00:00+01:00,CT Oil 01,0.0
2030,sc01,01-23 00:00:00+01:00,CT NG 67,1.0
2030,sc01,01-23 00:00:00+01:00,CT NG 72,0.1935639050567588
2030,sc01,01-23 00:00:00+01:00,CT NG 66,1.0
2030,sc01,01-23 00:00:00+01:00,CT NG 71,1.0
2030,sc01,01-23 00:00:00+01:00,CC NG 07,1.0
2030,sc01,01-23 00:00:00+01:00,CT NG 69,0.0
2030,sc01,01-23 00:00:00+01:00,CT NG 07,0.40445434289035076
2030,sc01,01-23 00:00:00+01:00,CT NG 45,0.0
2030,sc01,01-23 00:00:00+01:00,CC NG 03,1.0
2030,sc01,01-23 00:00:00+01:00,CC NG 13,0.0
2030,sc01,01-23 00:00:00+01:00,CT Oil 05,0.0
2030,sc01,01-23 00:00:00+01:00,CT NG 54,1.0
2030,sc01,01-23 00:00:00+01:00,ST Coal 01,0.0
2030,sc01,01-23 00:00:00+01:00,CC NG 16,0.19691083386659203
2030,sc01,01-23 00:00:00+01:00,CT NG 73,0.0
2030,sc01,01-23 00:00:00+01:00,CC NG 09,1.0
2030,sc01,01-23 00:00:00+01:00,CT NG 03,0.0
2030,sc01,01-23 00:00:00+01:00,CT NG 28,0.0
2030,sc01,01-23 00:00:00+01:00,CT NG 11,0.0
2030,sc01,01-23 00:00:00+01:00,CT NG 08,0.0
2030,sc01,01-23 00:00:00+01:00,CT Oil 02,0.0
2030,sc01,01-23 00:00:00+01:00,CC NG 25,0.0
2030,sc01,01-23 00:00:00+01:00,CC NG 22,0.0
2030,sc01,01-23 00:00:00+01:00,CT NG 56,1.0
2030,sc01,01-23 00:00:00+01:00,CT NG 34,1.0
2030,sc01,01-23 00:00:00+01:00,ST NG 05,0.0
2030,sc01,01-23 00:00:00+01:00,CT NG 44,0.0
2030,sc01,01-23 00:00:00+01:00,CT NG 47,1.0
2030,sc01,01-23 00:00:00+01:00,CC NG 15,0.0
2030,sc01,01-23 00:00:00+01:00,CC NG 14,0.0
2030,sc01,01-23 00:00:00+01:00,CT NG 42,0.0
2030,sc01,01-23 00:00:00+01:00,ST NG 07,0.0
2030,sc01,01-23 00:00:00+01:00,CC NG 36,0.0
2030,sc01,01-23 00:00:00+01:00,CT NG 15,0.0
2030,sc01,01-23 00:00:00+01:00,CT NG 41,0.0
2030,sc01,01-23 00:00:00+01:00,CC NG 23,1.0
2030,sc01,01-23 00:00:00+01:00,CT NG 49,1.0
2030,sc01,01-23 00:00:00+01:00,CC NG 26,0.6086890949774671
2030,sc01,01-23 00:00:00+01:00,CC NG 12,0.0
2030,sc01,01-23 00:00:00+01:00,CT NG 05,0.0
2030,sc01,01-23 00:00:00+01:00,CC NG 40,0.0
2030,sc01,01-23 00:00:00+01:00,CT NG 50,1.0
2030,sc01,01-23 00:00:00+01:00,CT NG 68,1.0
2030,sc01,01-23 00:00:00+01:00,CC NG 17,0.0
2030,sc01,01-23 00:00:00+01:00,CC NG 10,0.0
2030,sc01,01-23 00:00:00+01:00,CC NG 33,0.0
2030,sc01,01-23 00:00:00+01:00,CC NG 06,0.0
2030,sc01,01-23 00:00:00+01:00,CT NG 10,0.0
2030,sc01,01-23 00:00:00+01:00,CT NG 01,1.0
2030,sc01,01-23 00:00:00+01:00,CC NG 29,1.0
2030,sc01,01-23 00:00:00+01:00,CC NG 05,0.0
2030,sc01,01-23 00:00:00+01:00,CT NG 06,0.0
2030,sc01,01-23 00:00:00+01:00,CT NG 24,1.0
2030,sc01,01-23 00:00:00+01:00,CT NG 22,0.0
2030,sc01,01-23 00:00:00+01:00,CT NG 21,0.0
2030,sc01,01-23 00:00:00+01:00,CC NG 28,1.0
2030,sc01,01-23 00:00:00+01:00,CC NG 35,0.0
2030,sc01,01-23 00:00:00+01:00,CC NG 24,0.9999999999999999
2030,sc01,01-23 00:00:00+01:00,CC NG 08,1.0
2030,sc01,01-23 00:00:00+01:00,ST NG 02,0.0
2030,sc01,01-23 00:00:00+01:00,CT NG 52,0.0
2030,sc01,01-23 00:00:00+01:00,CT NG 46,0.1553418248559779
2030,sc01,01-23 00:00:00+01:00,CT NG 36,1.0
2030,sc01,01-23 00:00:00+01:00,CC NG 21,0.0
2030,sc01,01-23 00:00:00+01:00,ST NG 09,0.0
2030,sc01,01-23 00:00:00+01:00,ST NG 04,0.0
2030,sc01,01-23 00:00:00+01:00,CT NG 23,0.0
2030,sc01,01-23 00:00:00+01:00,CT NG 13,1.0
2030,sc01,01-23 00:00:00+01:00,CC NG 11,1.0
2030,sc01,01-23 00:00:00+01:00,CT NG 04,0.0
2030,sc01,01-23 00:00:00+01:00,CC NG 18,0.9970549312495177
2030,sc01,01-23 00:00:00+01:00,CC NG 34,0.23386108305289066
2030,sc01,01-23 00:00:00+01:00,CT Oil 04,0.0
2030,sc01,01-23 00:00:00+01:00,CT NG 74,0.0
2030,sc01,01-23 00:00:00+01:00,CT NG 55,0.0
2030,sc01,01-23 00:00:00+01:00,CT NG 75,0.0
2030,sc01,01-23 00:00:00+01:00,CC NG 01,0.0
2030,sc01,01-23 00:00:00+01:00,CC NG 39,0.0
2030,sc01,01-23 00:00:00+01:00,CT NG 09,0.0
2030,sc01,01-23 00:00:00+01:00,CC NG 31,0.0
2030,sc01,01-23 00:00:00+01:00,CT NG 14,1.0
2030,sc01,01-23 11:00:00+01:00,ST NG 03,0.0
2030,sc01,01-23 11:00:00+01:00,CC NG 37,0.0
2030,sc01,01-23 11:00:00+01:00,CT NG 48,0.0
2030,sc01,01-23 11:00:00+01:00,CT NG 16,0.0
2030,sc01,01-23 11:00:00+01:00,CT NG 25,0.0
2030,sc01,01-23 11:00:00+01:00,CT NG 53,0.0
2030,sc01,01-23 11:00:00+01:00,ST NG 08,0.0
2030,sc01,01-23 11:00:00+01:00,CT Oil 03,0.0
2030,sc01,01-23 11:00:00+01:00,CT NG 43,0.0
2030,sc01,01-23 11:00:00+01:00,CC NG 04,0.0
2030,sc01,01-23 11:00:00+01:00,ST Other 02,0.0
2030,sc01,01-23 11:00:00+01:00,CT NG 30,0.0
2030,sc01,01-23 11:00:00+01:00,CC NG 27,0.0
2030,sc01,01-23 11:00:00+01:00,CC NG 38,0.5993727532699439
2030,sc01,01-23 11:00:00+01:00,CC NG 20,0.0
2030,sc01,01-23 11:00:00+01:00,CC NG 19,0.22749011107512873
2030,sc01,01-23 11:00:00+01:00,CT NG 12,0.0
2030,sc01,01-23 11:00:00+01:00,CT NG 70,0.0
2030,sc01,01-23 11:00:00+01:00,ST NG 10,0.0
2030,sc01,01-23 11:00:00+01:00,CT NG 02,0.0
2030,sc01,01-23 11:00:00+01:00,CT NG 26,0.0
2030,sc01,01-23 11:00:00+01:00,ST NG 01,0.0
2030,sc01,01-23 11:00:00+01:00,CC NG 32,0.0
2030,sc01,01-23 11:00:00+01:00,CT NG 35,0.0
2030,sc01,01-23 11:00:00+01:00,ST NG 06,0.0
2030,sc01,01-23 11:00:00+01:00,CT Oil 01,0.0
2030,sc01,01-23 11:00:00+01:00,CT NG 67,0.0
2030,sc01,01-23 11:00:00+01:00,CT NG 72,0.6697915397316825
2030,sc01,01-23 11:00:00+01:00,CT NG 66,0.0
2030,sc01,01-23 11:00:00+01:00,CT NG 71,0.0
2030,sc01,01-23 11:00:00+01:00,CC NG 07,0.0
2030,sc01,01-23 11:00:00+01:00,CT NG 69,0.0
2030,sc01,01-23 11:00:00+01:00,CT NG 07,0.0
2030,sc01,01-23 11:00:00+01:00,CT NG 45,0.0
2030,sc01,01-23 11:00:00+01:00,CC NG 03,0.0
2030,sc01,01-23 11:00:00+01:00,CC NG 13,0.0
2030,sc01,01-23 11:00:00+01:00,CT Oil 05,0.0
2030,sc01,01-23 11:00:00+01:00,CT NG 54,0.0
2030,sc01,01-23 11:00:00+01:00,ST Coal 01,0.0
2030,sc01,01-23 11:00:00+01:00,CC NG 16,0.803089166133408
2030,sc01,01-23 11:00:00+01:00,CT NG 73,0.0
2030,sc01,01-23 11:00:00+01:00,CC NG 09,0.0
2030,sc01,01-23 11:00:00+01:00,CT NG 03,0.0
2030,sc01,01-23 11:00:00+01:00,CT NG 28,0.0
2030,sc01,01-23 11:00:00+01:00,CT NG 11,0.0
2030,sc01,01-23 11:00:00+01:00,CT NG 08,0.0
2030,sc01,01-23 11:00:00+01:00,CT Oil 02,0.0
2030,sc01,01-23 11:00:00+01:00,CC NG 25,0.0
2030,sc01,01-23 11:00:00+01:00,CC NG 22,0.0
2030,sc01,01-23 11:00:00+01:00,CT NG 56,0.0
2030,sc01,01-23 11:00:00+01:00,CT NG 34,0.0
2030,sc01,01-23 11:00:00+01:00,ST NG 05,0.0
2030,sc01,01-23 11:00:00+01:00,CT NG 44,0.2534929157544814
2030,sc01,01-23 11:00:00+01:00,CT NG 47,0.0
2030,sc01,01-23 11:00:00+01:00,CC NG 15,0.0
2030,sc01,01-23 11:00:00+01:00,CC NG 14,0.0
2030,sc01,01-23 11:00:00+01:00,CT NG 42,0.0
2030,sc01,01-23 11:00:00+01:00,ST NG 07,0.0
2030,sc01,01-23 11:00:00+01:00,CC NG 36,0.0
2030,sc01,01-23 11:00:00+01:00,CT NG 15,0.0
2030,sc01,01-23 11:00:00+01:00,CT NG 41,0.0
2030,sc01,01-23 11:00:00+01:00,CC NG 23,0.0
2030,sc01,01-23 11:00:00+01:00,CT NG 49,0.0
2030,sc01,01-23 11:00:00+01:00,CC NG 26,0.0
2030,sc01,01-23 11:00:00+01:00,CC NG 12,0.0
2030,sc01,01-23 11:00:00+01:00,CT NG 05,0.0
2030,sc01,01-23 11:00:00+01:00,CC NG 40,0.0
2030,sc01,01-23 11:00:00+01:00,CT NG 50,0.0
2030,sc01,01-23 11:00:00+01:00,CT NG 68,0.0
2030,sc01,01-23 11:00:00+01:00,CC NG 17,0.0
2030,sc01,01-23 11:00:00+01:00,CC NG 10,0.0
2030,sc01,01-23 11:00:00+01:00,CC NG 33,0.0
2030,sc01,01-23 11:00:00+01:00,CC NG 06,0.0
2030,sc01,01-23 11:00:00+01:00,CT NG 10,0.0
2030,sc01,01-23 11:00:00+01:00,CT NG 01,0.0
2030,sc01,01-23 11:00:00+01:00,CC NG 29,0.0
2030,sc01,01-23 11:00:00+01:00,CC NG 05,0.0
2030,sc01,01-23 11:00:00+01:00,CT NG 06,0.0
2030,sc01,01-23 11:00:00+01:00,CT NG 24,0.0
2030,sc01,01-23 11:00:00+01:00,CT NG 22,0.0
2030,sc01,01-23 11:00:00+01:00,CT NG 21,0.0
2030,sc01,01-23 11:00:00+01:00,CC NG 28,0.0
2030,sc01,01-23 11:00:00+01:00,CC NG 35,0.0
2030,sc01,01-23 11:00:00+01:00,CC NG 24,0.7397325978885794
2030,sc01,01-23 11:00:00+01:00,CC NG 08,0.0
2030,sc01,01-23 11:00:00+01:00,ST NG 02,0.0
2030,sc01,01-23 11:00:00+01:00,CT NG 52,0.0
2030,sc01,01-23 11:00:00+01:00,CT NG 46,0.0
2030,sc01,01-23 11:00:00+01:00,CT NG 36,0.0
2030,sc01,01-23 11:00:00+01:00,CC NG 21,0.0
2030,sc01,01-23 11:00:00+01:00,ST NG 09,0.0
2030,sc01,01-23 11:00:00+01:00,ST NG 04,0.0
2030,sc01,01-23 11:00:00+01:00,CT NG 23,0.0
2030,sc01,01-23 11:00:00+01:00,CT NG 13,0.0
2030,sc01,01-23 11:00:00+01:00,CC NG 11,0.0
2030,sc01,01-23 11:00:00+01:00,CT NG 04,0.0
2030,sc01,01-23 11:00:00+01:00,CC NG 18,0.0
2030,sc01,01-23 11:00:00+01:00,CC NG 34,0.6430562467685979
2030,sc01,01-23 11:00:00+01:00,CT Oil 04,0.0
2030,sc01,01-23 11:00:00+01:00,CT NG 74,0.0
2030,sc01,01-23 11:00:00+01:00,CT NG 55,0.0
2030,sc01,01-23 11:00:00+01:00,CT NG 75,0.0
2030,sc01,01-23 11:00:00+01:00,CC NG 01,0.0
2030,sc01,01-23 11:00:00+01:00,CC NG 39,0.0
2030,sc01,01-23 11:00:00+01:00,CT NG 09,0.0
2030,sc01,01-23 11:00:00+01:00,CC NG 31,0.0
2030,sc01,01-23 11:00:00+01:00,CT NG 14,0.0
2030,sc01,01-23 16:00:00+01:00,ST NG 03,0.0
2030,sc01,01-23 16:00:00+01:00,CC NG 37,0.0
2030,sc01,01-23 16:00:00+01:00,CT NG 48,0.0
2030,sc01,01-23 16:00:00+01:00,CT NG 16,0.0
2030,sc01,01-23 16:00:00+01:00,CT NG 25,1.0
2030,sc01,01-23 16:00:00+01:00,CT NG 53,0.0
2030,sc01,01-23 16:00:00+01:00,ST NG 08,0.0
2030,sc01,01-23 16:00:00+01:00,CT Oil 03,0.0
2030,sc01,01-23 16:00:00+01:00,CT NG 43,0.0
2030,sc01,01-23 16:00:00+01:00,CC NG 04,0.0
2030,sc01,01-23 16:00:00+01:00,ST Other 02,0.0
2030,sc01,01-23 16:00:00+01:00,CT NG 30,0.0
2030,sc01,01-23 16:00:00+01:00,CC NG 27,0.0
2030,sc01,01-23 16:00:00+01:00,CC NG 38,0.0
2030,sc01,01-23 16:00:00+01:00,CC NG 20,0.0
2030,sc01,01-23 16:00:00+01:00,CC NG 19,0.0
2030,sc01,01-23 16:00:00+01:00,CT NG 12,0.0
2030,sc01,01-23 16:00:00+01:00,CT NG 70,0.0
2030,sc01,01-23 16:00:00+01:00,ST NG 10,1.0
2030,sc01,01-23 16:00:00+01:00,CT NG 02,0.0
2030,sc01,01-23 16:00:00+01:00,CT NG 26,0.0
2030,sc01,01-23 16:00:00+01:00,ST NG 01,1.0
2030,sc01,01-23 16:00:00+01:00,CC NG 32,0.0
2030,sc01,01-23 16:00:00+01:00,CT NG 35,0.0
2030,sc01,01-23 16:00:00+01:00,ST NG 06,0.0
2030,sc01,01-23 16:00:00+01:00,CT Oil 01,0.0
2030,sc01,01-23 16:00:00+01:00,CT NG 67,0.0
2030,sc01,01-23 16:00:00+01:00,CT NG 72,0.17143097007223945
2030,sc01,01-23 16:00:00+01:00,CT NG 66,0.0
2030,sc01,01-23 16:00:00+01:00,CT NG 71,0.07687689290659205
2030,sc01,01-23 16:00:00+01:00,CC NG 07,0.0
2030,sc01,01-23 16:00:00+01:00,CT NG 69,0.0
2030,sc01,01-23 16:00:00+01:00,CT NG 07,0.0
2030,sc01,01-23 16:00:00+01:00,CT NG 45,0.0
2030,sc01,01-23 16:00:00+01:00,CC NG 03,0.0
2030,sc01,01-23 16:00:00+01:00,CC NG 13,0.0
2030,sc01,01-23 16:00:00+01:00,CT Oil 05,0.0
2030,sc01,01-23 16:00:00+01:00,CT NG 54,0.0
2030,sc01,01-23 16:00:00+01:00,ST Coal 01,0.0
2030,sc01,01-23 16:00:00+01:00,CC NG 16,0.0
2030,sc01,01-23 16:00:00+01:00,CT NG 73,0.0
2030,sc01,01-23 16:00:00+01:00,CC NG 09,0.0
2030,sc01,01-23 16:00:00+01:00,CT NG 03,0.0
2030,sc01,01-23 16:00:00+01:00,CT NG 28,0.0
2030,sc01,01-23 16:00:00+01:00,CT NG 11,0.0
2030,sc01,01-23 16:00:00+01:00,CT NG 08,0.0
2030,sc01,01-23 16:00:00+01:00,CT Oil 02,0.0
2030,sc01,01-23 16:00:00+01:00,CC NG 25,0.0
2030,sc01,01-23 16:00:00+01:00,CC NG 22,0.0
2030,sc01,01-23 16:00:00+01:00,CT NG 56,0.0
2030,sc01,01-23 16:00:00+01:00,CT NG 34,0.0
2030,sc01,01-23 16:00:00+01:00,ST NG 05,0.0
2030,sc01,01-23 16:00:00+01:00,CT NG 44,0.7465070842455186
2030,sc01,01-23 16:00:00+01:00,CT NG 47,0.0
2030,sc01,01-23 16:00:00+01:00,CC NG 15,0.0
2030,sc01,01-23 16:00:00+01:00,CC NG 14,1.0
2030,sc01,01-23 16:00:00+01:00,CT NG 42,0.0
2030,sc01,01-23 16:00:00+01:00,ST NG 07,0.0
2030,sc01,01-23 16:00:00+01:00,CC NG 36,0.0
2030,sc01,01-23 16:00:00+01:00,CT NG 15,0.0
2030,sc01,01-23 16:00:00+01:00,CT NG 41,1.0
2030,sc01,01-23 16:00:00+01:00,CC NG 23,0.0
2030,sc01,01-23 16:00:00+01:00,CT NG 49,0.0
2030,sc01,01-23 16:00:00+01:00,CC NG 26,0.0
2030,sc01,01-23 16:00:00+01:00,CC NG 12,1.0
2030,sc01,01-23 16:00:00+01:00,CT NG 05,0.0
2030,sc01,01-23 16:00:00+01:00,CC NG 40,0.0
2030,sc01,01-23 16:00:00+01:00,CT NG 50,0.0
2030,sc01,01-23 16:00:00+01:00,CT NG 68,0.0
2030,sc01,01-23 16:00:00+01:00,CC NG 17,0.0
2030,sc01,01-23 16:00:00+01:00,CC NG 10,0.0
2030,sc01,01-23 16:00:00+01:00,CC NG 33,0.0
2030,sc01,01-23 16:00:00+01:00,CC NG 06,0.0
2030,sc01,01-23 16:00:00+01:00,CT NG 10,0.0
2030,sc01,01-23 16:00:00+01:00,CT NG 01,0.0
2030,sc01,01-23 16:00:00+01:00,CC NG 29,1.0
2030,sc01,01-23 16:00:00+01:00,CC NG 05,1.0
2030,sc01,01-23 16:00:00+01:00,CT NG 06,0.0
2030,sc01,01-23 16:00:00+01:00,CT NG 24,1.0
2030,sc01,01-23 16:00:00+01:00,CT NG 22,0.0
2030,sc01,01-23 16:00:00+01:00,CT NG 21,1.0
2030,sc01,01-23 16:00:00+01:00,CC NG 28,0.0
2030,sc01,01-23 16:00:00+01:00,CC NG 35,0.0
2030,sc01,01-23 16:00:00+01:00,CC NG 24,0.8143449796119557
2030,sc01,01-23 16:00:00+01:00,CC NG 08,0.0
2030,sc01,01-23 16:00:00+01:00,ST NG 02,0.8846028609500974
2030,sc01,01-23 16:00:00+01:00,CT NG 52,0.0
2030,sc01,01-23 16:00:00+01:00,CT NG 46,0.0
2030,sc01,01-23 16:00:00+01:00,CT NG 36,0.0
2030,sc01,01-23 16:00:00+01:00,CC NG 21,0.0
2030,sc01,01-23 16:00:00+01:00,ST NG 09,0.0
2030,sc01,01-23 16:00:00+01:00,ST NG 04,0.0
2030,sc01,01-23 16:00:00+01:00,CT NG 23,0.0
2030,sc01,01-23 16:00:00+01:00,CT NG 13,0.0
2030,sc01,01-23 16:00:00+01:00,CC NG 11,0.0
2030,sc01,01-23 16:00:00+01:00,CT NG 04,0.0
2030,sc01,01-23 16:00:00+01:00,CC NG 18,0.0
2030,sc01,01-23 16:00:00+01:00,CC NG 34,1.0
2030,sc01,01-23 16:00:00+01:00,CT Oil 04,0.0
2030,sc01,01-23 16:00:00+01:00,CT NG 74,1.0
2030,sc01,01-23 16:00:00+01:00,CT NG 55,0.0
2030,sc01,01-23 16:00:00+01:00,CT NG 75,0.0
2030,sc01,01-23 16:00:00+01:00,CC NG 01,0.0
2030,sc01,01-23 16:00:00+01:00,CC NG 39,0.0
2030,sc01,01-23 16:00:00+01:00,CT NG 09,0.0
2030,sc01,01-23 16:00:00+01:00,CC NG 31,0.0
2030,sc01,01-23 16:00:00+01:00,CT NG 14,0.0
2030,sc01,01-23 17:00:00+01:00,ST NG 03,0.0
2030,sc01,01-23 17:00:00+01:00,CC NG 37,0.0
2030,sc01,01-23 17:00:00+01:00,CT NG 48,0.0
2030,sc01,01-23 17:00:00+01:00,CT NG 16,0.0
2030,sc01,01-23 17:00:00+01:00,CT NG 25,0.0
2030,sc01,01-23 17:00:00+01:00,CT NG 53,0.0
2030,sc01,01-23 17:00:00+01:00,ST NG 08,0.0
2030,sc01,01-23 17:00:00+01:00,CT Oil 03,0.0
2030,sc01,01-23 17:00:00+01:00,CT NG 43,0.0
2030,sc01,01-23 17:00:00+01:00,CC NG 04,0.0
2030,sc01,01-23 17:00:00+01:00,ST Other 02,0.0
2030,sc01,01-23 17:00:00+01:00,CT NG 30,0.0
2030,sc01,01-23 17:00:00+01:00,CC NG 27,0.0
2030,sc01,01-23 17:00:00+01:00,CC NG 38,0.0
2030,sc01,01-23 17:00:00+01:00,CC NG 20,0.0
2030,sc01,01-23 17:00:00+01:00,CC NG 19,0.0
2030,sc01,01-23 17:00:00+01:00,CT NG 12,0.0
2030,sc01,01-23 17:00:00+01:00,CT NG 70,0.0
2030,sc01,01-23 17:00:00+01:00,ST NG 10,0.0
2030,sc01,01-23 17:00:00+01:00,CT NG 02,0.0
2030,sc01,01-23 17:00:00+01:00,CT NG 26,0.6089030265536866
2030,sc01,01-23 17:00:00+01:00,ST NG 01,0.0
2030,sc01,01-23 17:00:00+01:00,CC NG 32,0.0
2030,sc01,01-23 17:00:00+01:00,CT NG 35,0.0
2030,sc01,01-23 17:00:00+01:00,ST NG 06,0.0
2030,sc01,01-23 17:00:00+01:00,CT Oil 01,0.0
2030,sc01,01-23 17:00:00+01:00,CT NG 67,0.0
2030,sc01,01-23 17:00:00+01:00,CT NG 72,0.7399840846233221
2030,sc01,01-23 17:00:00+01:00,CT NG 66,0.0
2030,sc01,01-23 17:00:00+01:00,CT NG 71,0.923123107093408
2030,sc01,01-23 17:00:00+01:00,CC NG 07,0.0
2030,sc01,01-23 17:00:00+01:00,CT NG 69,0.0
2030,sc01,01-23 17:00:00+01:00,CT NG 07,0.0
2030,sc01,01-23 17:00:00+01:00,CT NG 45,0.0
2030,sc01,01-23 17:00:00+01:00,CC NG 03,0.0
2030,sc01,01-23 17:00:00+01:00,CC NG 13,0.0
2030,sc01,01-23 17:00:00+01:00,CT Oil 05,0.0
2030,sc01,01-23 17:00:00+01:00,CT NG 54,0.0
2030,sc01,01-23 17:00:00+01:00,ST Coal 01,0.0
2030,sc01,01-23 17:00:00+01:00,CC NG 16,0.0
2030,sc01,01-23 17:00:00+01:00,CT NG 73,0.0
2030,sc01,01-23 17:00:00+01:00,CC NG 09,0.0
2030,sc01,01-23 17:00:00+01:00,CT NG 03,0.0
2030,sc01,01-23 17:00:00+01:00,CT NG 28,0.0
2030,sc01,01-23 17:00:00+01:00,CT NG 11,0.0
2030,sc01,01-23 17:00:00+01:00,CT NG 08,0.0
2030,sc01,01-23 17:00:00+01:00,CT Oil 02,0.0
2030,sc01,01-23 17:00:00+01:00,CC NG 25,0.0
2030,sc01,01-23 17:00:00+01:00,CC NG 22,0.0
2030,sc01,01-23 17:00:00+01:00,CT NG 56,0.0
2030,sc01,01-23 17:00:00+01:00,CT NG 34,0.0
2030,sc01,01-23 17:00:00+01:00,ST NG 05,0.0
2030,sc01,01-23 17:00:00+01:00,CT NG 44,0.0
2030,sc01,01-23 17:00:00+01:00,CT NG 47,0.0
2030,sc01,01-23 17:00:00+01:00,CC NG 15,0.0
2030,sc01,01-23 17:00:00+01:00,CC NG 14,0.0
2030,sc01,01-23 17:00:00+01:00,CT NG 42,0.0
2030,sc01,01-23 17:00:00+01:00,ST NG 07,0.0
2030,sc01,01-23 17:00:00+01:00,CC NG 36,0.0
2030,sc01,01-23 17:00:00+01:00,CT NG 15,0.0
2030,sc01,01-23 17:00:00+01:00,CT NG 41,0.0
2030,sc01,01-23 17:00:00+01:00,CC NG 23,0.7259996275845024
2030,sc01,01-23 17:00:00+01:00,CT NG 49,0.0
2030,sc01,01-23 17:00:00+01:00,CC NG 26,0.689278837026453
2030,sc01,01-23 17:00:00+01:00,CC NG 12,0.0
2030,sc01,01-23 17:00:00+01:00,CT NG 05,0.0
2030,sc01,01-23 17:00:00+01:00,CC NG 40,0.0
2030,sc01,01-23 17:00:00+01:00,CT NG 50,0.5332023584278276
2030,sc01,01-23 17:00:00+01:00,CT NG 68,0.0
2030,sc01,01-23 17:00:00+01:00,CC NG 17,0.004962305144439849
2030,sc01,01-23 17:00:00+01:00,CC NG 10,0.0
2030,sc01,01-23 17:00:00+01:00,CC NG 33,0.0
2030,sc01,01-23 17:00:00+01:00,CC NG 06,0.0
2030,sc01,01-23 17:00:00+01:00,CT NG 10,0.0
2030,sc01,01-23 17:00:00+01:00,CT NG 01,0.0
2030,sc01,01-23 17:00:00+01:00,CC NG 29,0.0
2030,sc01,01-23 17:00:00+01:00,CC NG 05,0.0
2030,sc01,01-23 17:00:00+01:00,CT NG 06,0.0
2030,sc01,01-23 17:00:00+01:00,CT NG 24,0.8444948269831428
2030,sc01,01-23 17:00:00+01:00,CT NG 22,0.0
2030,sc01,01-23 17:00:00+01:00,CT NG 21,0.0
2030,sc01,01-23 17:00:00+01:00,CC NG 28,0.0
2030,sc01,01-23 17:00:00+01:00,CC NG 35,0.0
2030,sc01,01-23 17:00:00+01:00,CC NG 24,0.44592242249946507
2030,sc01,01-23 17:00:00+01:00,CC NG 08,0.0
2030,sc01,01-23 17:00:00+01:00,ST NG 02,0.11539713904990256
2030,sc01,01-23 17:00:00+01:00,CT NG 52,0.0
2030,sc01,01-23 17:00:00+01:00,CT NG 46,0.0
2030,sc01,01-23 17:00:00+01:00,CT NG 36,0.0
2030,sc01,01-23 17:00:00+01:00,CC NG 21,0.0
2030,sc01,01-23 17:00:00+01:00,ST NG 09,0.0
2030,sc01,01-23 17:00:00+01:00,ST NG 04,0.0
2030,sc01,01-23 17:00:00+01:00,CT NG 23,0.0
2030,sc01,01-23 17:00:00+01:00,CT NG 13,0.0
2030,sc01,01-23 17:00:00+01:00,CC NG 11,0.0
2030,sc01,01-23 17:00:00+01:00,CT NG 04,0.0
2030,sc01,01-23 17:00:00+01:00,CC NG 18,0.02765702888062782
2030,sc01,01-23 17:00:00+01:00,CC NG 34,0.0
2030,sc01,01-23 17:00:00+01:00,CT Oil 04,0.0
2030,sc01,01-23 17:00:00+01:00,CT NG 74,0.0
2030,sc01,01-23 17:00:00+01:00,CT NG 55,0.0
2030,sc01,01-23 17:00:00+01:00,CT NG 75,0.0
2030,sc01,01-23 17:00:00+01:00,CC NG 01,0.0
2030,sc01,01-23 17:00:00+01:00,CC NG 39,0.0
2030,sc01,01-23 17:00:00+01:00,CT NG 09,0.0
2030,sc01,01-23 17:00:00+01:00,CC NG 31,0.0
2030,sc01,01-23 17:00:00+01:00,CT NG 14,0.0
2030,sc01,01-23 18:00:00+01:00,ST NG 03,0.0
2030,sc01,01-23 18:00:00+01:00,CC NG 37,0.0
2030,sc01,01-23 18:00:00+01:00,CT NG 48,0.0
2030,sc01,01-23 18:00:00+01:00,CT NG 16,0.0
2030,sc01,01-23 18:00:00+01:00,CT NG 25,0.8421173751382045
2030,sc01,01-23 18:00:00+01:00,CT NG 53,0.0
2030,sc01,01-23 18:00:00+01:00,ST NG 08,0.0
2030,sc01,01-23 18:00:00+01:00,CT Oil 03,0.0
2030,sc01,01-23 18:00:00+01:00,CT NG 43,0.0
2030,sc01,01-23 18:00:00+01:00,CC NG 04,0.0
2030,sc01,01-23 18:00:00+01:00,ST Other 02,0.0
2030,sc01,01-23 18:00:00+01:00,CT NG 30,0.0
2030,sc01,01-23 18:00:00+01:00,CC NG 27,0.0
2030,sc01,01-23 18:00:00+01:00,CC NG 38,0.0
2030,sc01,01-23 18:00:00+01:00,CC NG 20,0.0
2030,sc01,01-23 18:00:00+01:00,CC NG 19,0.0
2030,sc01,01-23 18:00:00+01:00,CT NG 12,0.0
2030,sc01,01-23 18:00:00+01:00,CT NG 70,1.0
2030,sc01,01-23 18:00:00+01:00,ST NG 10,0.0
2030,sc01,01-23 18:00:00+01:00,CT NG 02,0.0
2030,sc01,01-23 18:00:00+01:00,CT NG 26,1.0
2030,sc01,01-23 18:00:00+01:00,ST NG 01,0.0
2030,sc01,01-23 18:00:00+01:00,CC NG 32,0.0
2030,sc01,01-23 18:00:00+01:00,CT NG 35,0.0
2030,sc01,01-23 18:00:00+01:00,ST NG 06,0.0
2030,sc01,01-23 18:00:00+01:00,CT Oil 01,0.0
2030,sc01,01-23 18:00:00+01:00,CT NG 67,0.0
2030,sc01,01-23 18:00:00+01:00,CT NG 72,0.2562704478844177
2030,sc01,01-23 18:00:00+01:00,CT NG 66,0.0
2030,sc01,01-23 18:00:00+01:00,CT NG 71,0.0
2030,sc01,01-23 18:00:00+01:00,CC NG 07,0.0
2030,sc01,01-23 18:00:00+01:00,CT NG 69,0.0
2030,sc01,01-23 18:00:00+01:00,CT NG 07,0.0
2030,sc01,01-23 18:00:00+01:00,CT NG 45,0.0
2030,sc01,01-23 18:00:00+01:00,CC NG 03,0.0
2030,sc01,01-23 18:00:00+01:00,CC NG 13,0.0
2030,sc01,01-23 18:00:00+01:00,CT Oil 05,0.0
2030,sc01,01-23 18:00:00+01:00,CT NG 54,0.0
2030,sc01,01-23 18:00:00+01:00,ST Coal 01,0.0
2030,sc01,01-23 18:00:00+01:00,CC NG 16,0.0
2030,sc01,01-23 18:00:00+01:00,CT NG 73,0.0
2030,sc01,01-23 18:00:00+01:00,CC NG 09,0.0
2030,sc01,01-23 18:00:00+01:00,CT NG 03,0.0
2030,sc01,01-23 18:00:00+01:00,CT NG 28,0.0
2030,sc01,01-23 18:00:00+01:00,CT NG 11,0.0
2030,sc01,01-23 18:00:00+01:00,CT NG 08,0.0
2030,sc01,01-23 18:00:00+01:00,CT Oil 02,0.0
2030,sc01,01-23 18:00:00+01:00,CC NG 25,0.0
2030,sc01,01-23 18:00:00+01:00,CC NG 22,0.0
2030,sc01,01-23 18:00:00+01:00,CT NG 56,0.0
2030,sc01,01-23 18:00:00+01:00,CT NG 34,0.0
2030,sc01,01-23 18:00:00+01:00,ST NG 05,0.9254929869061225
2030,sc01,01-23 18:00:00+01:00,CT NG 44,0.0
2030,sc01,01-23 18:00:00+01:00,CT NG 47,0.0
2030,sc01,01-23 18:00:00+01:00,CC NG 15,0.0
2030,sc01,01-23 18:00:00+01:00,CC NG 14,0.0
2030,sc01,01-23 18:00:00+01:00,CT NG 42,0.0
2030,sc01,01-23 18:00:00+01:00,ST NG 07,0.0
2030,sc01,01-23 18:00:00+01:00,CC NG 36,0.0
2030,sc01,01-23 18:00:00+01:00,CT NG 15,0.0
2030,sc01,01-23 18:00:00+01:00,CT NG 41,0.0
2030,sc01,01-23 18:00:00+01:00,CC NG 23,0.0
2030,sc01,01-23 18:00:00+01:00,CT NG 49,0.0
2030,sc01,01-23 18:00:00+01:00,CC NG 26,0.5151300260473491
2030,sc01,01-23 18:00:00+01:00,CC NG 12,0.0
2030,sc01,01-23 18:00:00+01:00,CT NG 05,0.0
2030,sc01,01-23 18:00:00+01:00,CC NG 40,0.0
2030,sc01,01-23 18:00:00+01:00,CT NG 50,1.0
2030,sc01,01-23 18:00:00+01:00,CT NG 68,0.0
2030,sc01,01-23 18:00:00+01:00,CC NG 17,0.9950376948555602
2030,sc01,01-23 18:00:00+01:00,CC NG 10,0.0
2030,sc01,01-23 18:00:00+01:00,CC NG 33,0.0
2030,sc01,01-23 18:00:00+01:00,CC NG 06,0.0
2030,sc01,01-23 18:00:00+01:00,CT NG 10,0.0
2030,sc01,01-23 18:00:00+01:00,CT NG 01,0.0
2030,sc01,01-23 18:00:00+01:00,CC NG 29,0.0
2030,sc01,01-23 18:00:00+01:00,CC NG 05,0.0
2030,sc01,01-23 18:00:00+01:00,CT NG 06,0.0
2030,sc01,01-23 18:00:00+01:00,CT NG 24,0.0
2030,sc01,01-23 18:00:00+01:00,CT NG 22,0.0
2030,sc01,01-23 18:00:00+01:00,CT NG 21,0.0
2030,sc01,01-23 18:00:00+01:00,CC NG 28,0.0
2030,sc01,01-23 18:00:00+01:00,CC NG 35,0.0
2030,sc01,01-23 18:00:00+01:00,CC NG 24,0.0
2030,sc01,01-23 18:00:00+01:00,CC NG 08,0.0
2030,sc01,01-23 18:00:00+01:00,ST NG 02,0.0
2030,sc01,01-23 18:00:00+01:00,CT NG 52,0.0
2030,sc01,01-23 18:00:00+01:00,CT NG 46,0.0
2030,sc01,01-23 18:00:00+01:00,CT NG 36,0.0
2030,sc01,01-23 18:00:00+01:00,CC NG 21,0.01550534623687605
2030,sc01,01-23 18:00:00+01:00,ST NG 09,0.0
2030,sc01,01-23 18:00:00+01:00,ST NG 04,0.0
2030,sc01,01-23 18:00:00+01:00,CT NG 23,0.0
2030,sc01,01-23 18:00:00+01:00,CT NG 13,0.0
2030,sc01,01-23 18:00:00+01:00,CC NG 11,0.0
2030,sc01,01-23 18:00:00+01:00,CT NG 04,0.0
2030,sc01,01-23 18:00:00+01:00,CC NG 18,0.0373191133852534
2030,sc01,01-23 18:00:00+01:00,CC NG 34,0.0
2030,sc01,01-23 18:00:00+01:00,CT Oil 04,0.0
2030,sc01,01-23 18:00:00+01:00,CT NG 74,0.0
2030,sc01,01-23 18:00:00+01:00,CT NG 55,0.0
2030,sc01,01-23 18:00:00+01:00,CT NG 75,0.0
2030,sc01,01-23 18:00:00+01:00,CC NG 01,0.0
2030,sc01,01-23 18:00:00+01:00,CC NG 39,0.9983855208161782
2030,sc01,01-23 18:00:00+01:00,CT NG 09,0.0
2030,sc01,01-23 18:00:00+01:00,CC NG 31,0.0
2030,sc01,01-23 18:00:00+01:00,CT NG 14,0.0
2030,sc01,01-23 21:00:00+01:00,ST NG 03,0.0
2030,sc01,01-23 21:00:00+01:00,CC NG 37,0.0
2030,sc01,01-23 21:00:00+01:00,CT NG 48,0.0
2030,sc01,01-23 21:00:00+01:00,CT NG 16,0.0
2030,sc01,01-23 21:00:00+01:00,CT NG 25,1.0
2030,sc01,01-23 21:00:00+01:00,CT NG 53,0.0
2030,sc01,01-23 21:00:00+01:00,ST NG 08,0.0
2030,sc01,01-23 21:00:00+01:00,CT Oil 03,0.0
2030,sc01,01-23 21:00:00+01:00,CT NG 43,0.0
2030,sc01,01-23 21:00:00+01:00,CC NG 04,1.0
2030,sc01,01-23 21:00:00+01:00,ST Other 02,0.0
2030,sc01,01-23 21:00:00+01:00,CT NG 30,0.0
2030,sc01,01-23 21:00:00+01:00,CC NG 27,1.0
2030,sc01,01-23 21:00:00+01:00,CC NG 38,0.0
2030,sc01,01-23 21:00:00+01:00,CC NG 20,0.0
2030,sc01,01-23 21:00:00+01:00,CC NG 19,0.0
2030,sc01,01-23 21:00:00+01:00,CT NG 12,0.0
2030,sc01,01-23 21:00:00+01:00,CT NG 70,1.0
2030,sc01,01-23 21:00:00+01:00,ST NG 10,0.0
2030,sc01,01-23 21:00:00+01:00,CT NG 02,0.0
2030,sc01,01-23 21:00:00+01:00,CT NG 26,0.0
2030,sc01,01-23 21:00:00+01:00,ST NG 01,0.0
2030,sc01,01-23 21:00:00+01:00,CC NG 32,0.0
2030,sc01,01-23 21:00:00+01:00,CT NG 35,1.0
2030,sc01,01-23 21:00:00+01:00,ST NG 06,0.0
2030,sc01,01-23 21:00:00+01:00,CT Oil 01,0.0
2030,sc01,01-23 21:00:00+01:00,CT NG 67,0.0
2030,sc01,01-23 21:00:00+01:00,CT NG 72,1.0
2030,sc01,01-23 21:00:00+01:00,CT NG 66,0.0
2030,sc01,01-23 21:00:00+01:00,CT NG 71,1.0
2030,sc01,01-23 21:00:00+01:00,CC NG 07,0.0
2030,sc01,01-23 21:00:00+01:00,CT NG 69,0.0
2030,sc01,01-23 21:00:00+01:00,CT NG 07,0.0
2030,sc01,01-23 21:00:00+01:00,CT NG 45,0.0
2030,sc01,01-23 21:00:00+01:00,CC NG 03,0.0
2030,sc01,01-23 21:00:00+01:00,CC NG 13,1.0
2030,sc01,01-23 21:00:00+01:00,CT Oil 05,0.0
2030,sc01,01-23 21:00:00+01:00,CT NG 54,0.0
2030,sc01,01-23 21:00:00+01:00,ST Coal 01,0.0
2030,sc01,01-23 21:00:00+01:00,CC NG 16,0.0
2030,sc01,01-23 21:00:00+01:00,CT NG 73,0.0
2030,sc01,01-23 21:00:00+01:00,CC NG 09,1.0
2030,sc01,01-23 21:00:00+01:00,CT NG 03,0.0
2030,sc01,01-23 21:00:00+01:00,CT NG 28,0.0
2030,sc01,01-23 21:00:00+01:00,CT NG 11,0.0
2030,sc01,01-23 21:00:00+01:00,CT NG 08,0.0
2030,sc01,01-23 21:00:00+01:00,CT Oil 02,0.0
2030,sc01,01-23 21:00:00+01:00,CC NG 25,0.0
2030,sc01,01-23 21:00:00+01:00,CC NG 22,0.0
2030,sc01,01-23 21:00:00+01:00,CT NG 56,1.0
2030,sc01,01-23 21:00:00+01:00,CT NG 34,1.0
2030,sc01,01-23 21:00:00+01:00,ST NG 05,0.07450701309387754
2030,sc01,01-23 21:00:00+01:00,CT NG 44,0.0
2030,sc01,01-23 21:00:00+01:00,CT NG 47,0.0
2030,sc01,01-23 21:00:00+01:00,CC NG 15,0.0
2030,sc01,01-23 21:00:00+01:00,CC NG 14,1.0
2030,sc01,01-23 21:00:00+01:00,CT NG 42,0.0
2030,sc01,01-23 21:00:00+01:00,ST NG 07,0.0
2030,sc01,01-23 21:00:00+01:00,CC NG 36,0.0
2030,sc01,01-23 21:00:00+01:00,CT NG 15,0.0
2030,sc01,01-23 21:00:00+01:00,CT NG 41,1.0
2030,sc01,01-23 21:00:00+01:00,CC NG 23,0.0
2030,sc01,01-23 21:00:00+01:00,CT NG 49,0.0
2030,sc01,01-23 21:00:00+01:00,CC NG 26,0.9683091520354915
2030,sc01,01-23 21:00:00+01:00,CC NG 12,0.0
2030,sc01,01-23 21:00:00+01:00,CT NG 05,0.0
2030,sc01,01-23 21:00:00+01:00,CC NG 40,0.21831248735387354
2030,sc01,01-23 21:00:00+01:00,CT NG 50,0.0
2030,sc01,01-23 21:00:00+01:00,CT NG 68,0.0
2030,sc01,01-23 21:00:00+01:00,CC NG 17,1.0
2030,sc01,01-23 21:00:00+01:00,CC NG 10,0.0
2030,sc01,01-23 21:00:00+01:00,CC NG 33,0.0
2030,sc01,01-23 21:00:00+01:00,CC NG 06,0.0
2030,sc01,01-23 21:00:00+01:00,CT NG 10,0.0
2030,sc01,01-23 21:00:00+01:00,CT NG 01,0.8437364069130827
2030,sc01,01-23 21:00:00+01:00,CC NG 29,0.0
2030,sc01,01-23 21:00:00+01:00,CC NG 05,0.0
2030,sc01,01-23 21:00:00+01:00,CT NG 06,0.0
2030,sc01,01-23 21:00:00+01:00,CT NG 24,0.0
2030,sc01,01-23 21:00:00+01:00,CT NG 22,0.0
2030,sc01,01-23 21:00:00+01:00,CT NG 21,0.0
2030,sc01,01-23 21:00:00+01:00,CC NG 28,1.0
2030,sc01,01-23 21:00:00+01:00,CC NG 35,0.0
2030,sc01,01-23 21:00:00+01:00,CC NG 24,0.8011538825213318
2030,sc01,01-23 21:00:00+01:00,CC NG 08,0.0
2030,sc01,01-23 21:00:00+01:00,ST NG 02,1.0
2030,sc01,01-23 21:00:00+01:00,CT NG 52,0.0
2030,sc01,01-23 21:00:00+01:00,CT NG 46,0.0
2030,sc01,01-23 21:00:00+01:00,CT NG 36,1.0
2030,sc01,01-23 21:00:00+01:00,CC NG 21,0.984494653763124
2030,sc01,01-23 21:00:00+01:00,ST NG 09,0.0
2030,sc01,01-23 21:00:00+01:00,ST NG 04,0.0
2030,sc01,01-23 21:00:00+01:00,CT NG 23,0.0
2030,sc01,01-23 21:00:00+01:00,CT NG 13,0.0
2030,sc01,01-23 21:00:00+01:00,CC NG 11,0.0
2030,sc01,01-23 21:00:00+01:00,CT NG 04,0.0
2030,sc01,01-23 21:00:00+01:00,CC NG 18,0.0
2030,sc01,01-23 21:00:00+01:00,CC NG 34,0.0
2030,sc01,01-23 21:00:00+01:00,CT Oil 04,0.0
2030,sc01,01-23 21:00:00+01:00,CT NG 74,1.0
2030,sc01,01-23 21:00:00+01:00,CT NG 55,0.0
2030,sc01,01-23 21:00:00+01:00,CT NG 75,0.0
2030,sc01,01-23 21:00:00+01:00,CC NG 01,1.0
2030,sc01,01-23 21:00:00+01:00,CC NG 39,0.0016144791838218432
2030,sc01,01-23 21:00:00+01:00,CT NG 09,0.0
2030,sc01,01-23 21:00:00+01:00,CC NG 31,0.0
2030,sc01,01-23 21:00:00+01:00,CT NG 14,0.0
2030,sc01,01-24 12:00:00+01:00,ST NG 03,0.0
2030,sc01,01-24 12:00:00+01:00,CC NG 37,1.0
2030,sc01,01-24 12:00:00+01:00,CT NG 48,1.0
2030,sc01,01-24 12:00:00+01:00,CT NG 16,0.0
2030,sc01,01-24 12:00:00+01:00,CT NG 25,0.0
2030,sc01,01-24 12:00:00+01:00,CT NG 53,0.0
2030,sc01,01-24 12:00:00+01:00,ST NG 08,0.0
2030,sc01,01-24 12:00:00+01:00,CT Oil 03,0.0
2030,sc01,01-24 12:00:00+01:00,CT NG 43,0.0
2030,sc01,01-24 12:00:00+01:00,CC NG 04,0.9999999999999999
2030,sc01,01-24 12:00:00+01:00,ST Other 02,0.0
2030,sc01,01-24 12:00:00+01:00,CT NG 30,0.0
2030,sc01,01-24 12:00:00+01:00,CC NG 27,0.0
2030,sc01,01-24 12:00:00+01:00,CC NG 38,0.0
2030,sc01,01-24 12:00:00+01:00,CC NG 20,0.0
2030,sc01,01-24 12:00:00+01:00,CC NG 19,1.0
2030,sc01,01-24 12:00:00+01:00,CT NG 12,0.0
2030,sc01,01-24 12:00:00+01:00,CT NG 70,0.18955000758982976
2030,sc01,01-24 12:00:00+01:00,ST NG 10,0.0
2030,sc01,01-24 12:00:00+01:00,CT NG 02,0.0
2030,sc01,01-24 12:00:00+01:00,CT NG 26,0.0
2030,sc01,01-24 12:00:00+01:00,ST NG 01,0.0
2030,sc01,01-24 12:00:00+01:00,CC NG 32,0.0
2030,sc01,01-24 12:00:00+01:00,CT NG 35,0.0
2030,sc01,01-24 12:00:00+01:00,ST NG 06,0.0
2030,sc01,01-24 12:00:00+01:00,CT Oil 01,0.0
2030,sc01,01-24 12:00:00+01:00,CT NG 67,0.0
2030,sc01,01-24 12:00:00+01:00,CT NG 72,0.0
2030,sc01,01-24 12:00:00+01:00,CT NG 66,0.0
2030,sc01,01-24 12:00:00+01:00,CT NG 71,0.0
2030,sc01,01-24 12:00:00+01:00,CC NG 07,0.0
2030,sc01,01-24 12:00:00+01:00,CT NG 69,0.0
2030,sc01,01-24 12:00:00+01:00,CT NG 07,0.0
2030,sc01,01-24 12:00:00+01:00,CT NG 45,0.0
2030,sc01,01-24 12:00:00+01:00,CC NG 03,1.0
2030,sc01,01-24 12:00:00+01:00,CC NG 13,0.0
2030,sc01,01-24 12:00:00+01:00,CT Oil 05,0.3970169015692635
2030,sc01,01-24 12:00:00+01:00,CT NG 54,0.0
2030,sc01,01-24 12:00:00+01:00,ST Coal 01,0.0
2030,sc01,01-24 12:00:00+01:00,CC NG 16,1.0
2030,sc01,01-24 12:00:00+01:00,CT NG 73,0.0
2030,sc01,01-24 12:00:00+01:00,CC NG 09,0.0
2030,sc01,01-24 12:00:00+01:00,CT NG 03,0.0
2030,sc01,01-24 12:00:00+01:00,CT NG 28,0.0
2030,sc01,01-24 12:00:00+01:00,CT NG 11,0.0
2030,sc01,01-24 12:00:00+01:00,CT NG 08,0.0
2030,sc01,01-24 12:00:00+01:00,CT Oil 02,0.0
2030,sc01,01-24 12:00:00+01:00,CC NG 25,0.0
2030,sc01,01-24 12:00:00+01:00,CC NG 22,1.0
2030,sc01,01-24 12:00:00+01:00,CT NG 56,0.0
2030,sc01,01-24 12:00:00+01:00,CT NG 34,0.0
2030,sc01,01-24 12:00:00+01:00,ST NG 05,0.0
2030,sc01,01-24 12:00:00+01:00,CT NG 44,0.0
2030,sc01,01-24 12:00:00+01:00,CT NG 47,1.0
2030,sc01,01-24 12:00:00+01:00,CC NG 15,0.0
2030,sc01,01-24 12:00:00+01:00,CC NG 14,0.0
2030,sc01,01-24 12:00:00+01:00,CT NG 42,0.0
2030,sc01,01-24 12:00:00+01:00,ST NG 07,0.0
2030,sc01,01-24 12:00:00+01:00,CC NG 36,0.0
2030,sc01,01-24 12:00:00+01:00,CT NG 15,0.0
2030,sc01,01-24 12:00:00+01:00,CT NG 41,0.0
2030,sc01,01-24 12:00:00+01:00,CC NG 23,1.0
2030,sc01,01-24 12:00:00+01:00,CT NG 49,1.0
2030,sc01,01-24 12:00:00+01:00,CC NG 26,0.8272819848907064
2030,sc01,01-24 12:00:00+01:00,CC NG 12,0.0
2030,sc01,01-24 12:00:00+01:00,CT NG 05,0.0
2030,sc01,01-24 12:00:00+01:00,CC NG 40,0.7816875126461265
2030,sc01,01-24 12:00:00+01:00,CT NG 50,0.0
2030,sc01,01-24 12:00:00+01:00,CT NG 68,0.0
2030,sc01,01-24 12:00:00+01:00,CC NG 17,0.0
2030,sc01,01-24 12:00:00+01:00,CC NG 10,0.0
2030,sc01,01-24 12:00:00+01:00,CC NG 33,0.0
2030,sc01,01-24 12:00:00+01:00,CC NG 06,0.0
2030,sc01,01-24 12:00:00+01:00,CT NG 10,0.0
2030,sc01,01-24 12:00:00+01:00,CT NG 01,1.0
2030,sc01,01-24 12:00:00+01:00,CC NG 29,0.0
2030,sc01,01-24 12:00:00+01:00,CC NG 05,0.0
2030,sc01,01-24 12:00:00+01:00,CT NG 06,0.0
2030,sc01,01-24 12:00:00+01:00,CT NG 24,0.0
2030,sc01,01-24 12:00:00+01:00,CT NG 22,0.0
2030,sc01,01-24 12:00:00+01:00,CT NG 21,0.0
2030,sc01,01-24 12:00:00+01:00,CC NG 28,0.0
2030,sc01,01-24 12:00:00+01:00,CC NG 35,0.0
2030,sc01,01-24 12:00:00+01:00,CC NG 24,0.611986915515544
2030,sc01,01-24 12:00:00+01:00,CC NG 08,0.0
2030,sc01,01-24 12:00:00+01:00,ST NG 02,0.0
2030,sc01,01-24 12:00:00+01:00,CT NG 52,0.0
2030,sc01,01-24 12:00:00+01:00,CT NG 46,1.0
2030,sc01,01-24 12:00:00+01:00,CT NG 36,0.0
2030,sc01,01-24 12:00:00+01:00,CC NG 21,0.0
2030,sc01,01-24 12:00:00+01:00,ST NG 09,0.0
2030,sc01,01-24 12:00:00+01:00,ST NG 04,1.0
2030,sc01,01-24 12:00:00+01:00,CT NG 23,0.0
2030,sc01,01-24 12:00:00+01:00,CT NG 13,0.34147963183623986
2030,sc01,01-24 12:00:00+01:00,CC NG 11,0.0
2030,sc01,01-24 12:00:00+01:00,CT NG 04,0.0
2030,sc01,01-24 12:00:00+01:00,CC NG 18,1.0
2030,sc01,01-24 12:00:00+01:00,CC NG 34,0.0
2030,sc01,01-24 12:00:00+01:00,CT Oil 04,0.0
2030,sc01,01-24 12:00:00+01:00,CT NG 74,0.0
2030,sc01,01-24 12:00:00+01:00,CT NG 55,0.0
2030,sc01,01-24 12:00:00+01:00,CT NG 75,0.0
2030,sc01,01-24 12:00:00+01:00,CC NG 01,0.0
2030,sc01,01-24 12:00:00+01:00,CC NG 39,0.0
2030,sc01,01-24 12:00:00+01:00,CT NG 09,0.0
2030,sc01,01-24 12:00:00+01:00,CC NG 31,0.0
2030,sc01,01-24 12:00:00+01:00,CT NG 14,1.0
2030,sc01,01-24 15:00:00+01:00,ST NG 03,0.0
2030,sc01,01-24 15:00:00+01:00,CC NG 37,0.0
2030,sc01,01-24 15:00:00+01:00,CT NG 48,0.0
2030,sc01,01-24 15:00:00+01:00,CT NG 16,0.0
2030,sc01,01-24 15:00:00+01:00,CT NG 25,0.0
2030,sc01,01-24 15:00:00+01:00,CT NG 53,0.0
2030,sc01,01-24 15:00:00+01:00,ST NG 08,0.0
2030,sc01,01-24 15:00:00+01:00,CT Oil 03,0.0
2030,sc01,01-24 15:00:00+01:00,CT NG 43,0.0
2030,sc01,01-24 15:00:00+01:00,CC NG 04,0.0
2030,sc01,01-24 15:00:00+01:00,ST Other 02,0.0
2030,sc01,01-24 15:00:00+01:00,CT NG 30,0.0
2030,sc01,01-24 15:00:00+01:00,CC NG 27,0.0
2030,sc01,01-24 15:00:00+01:00,CC NG 38,0.0
2030,sc01,01-24 15:00:00+01:00,CC NG 20,0.0
2030,sc01,01-24 15:00:00+01:00,CC NG 19,0.0
2030,sc01,01-24 15:00:00+01:00,CT NG 12,0.0
2030,sc01,01-24 15:00:00+01:00,CT NG 70,0.8104499924101702
2030,sc01,01-24 15:00:00+01:00,ST NG 10,0.0
2030,sc01,01-24 15:00:00+01:00,CT NG 02,0.0
2030,sc01,01-24 15:00:00+01:00,CT NG 26,0.0
2030,sc01,01-24 15:00:00+01:00,ST NG 01,0.0
2030,sc01,01-24 15:00:00+01:00,CC NG 32,0.0
2030,sc01,01-24 15:00:00+01:00,CT NG 35,0.0
2030,sc01,01-24 15:00:00+01:00,ST NG 06,0.0
2030,sc01,01-24 15:00:00+01:00,CT Oil 01,0.0
2030,sc01,01-24 15:00:00+01:00,CT NG 67,0.0
2030,sc01,01-24 15:00:00+01:00,CT NG 72,0.0
2030,sc01,01-24 15:00:00+01:00,CT NG 66,0.0
2030,sc01,01-24 15:00:00+01:00,CT NG 71,1.0
2030,sc01,01-24 15:00:00+01:00,CC NG 07,0.0
2030,sc01,01-24 15:00:00+01:00,CT NG 69,0.0
2030,sc01,01-24 15:00:00+01:00,CT NG 07,0.0
2030,sc01,01-24 15:00:00+01:00,CT NG 45,0.0
2030,sc01,01-24 15:00:00+01:00,CC NG 03,0.0
2030,sc01,01-24 15:00:00+01:00,CC NG 13,0.0
2030,sc01,01-24 15:00:00+01:00,CT Oil 05,0.6029830984307365
2030,sc01,01-24 15:00:00+01:00,CT NG 54,0.0
2030,sc01,01-24 15:00:00+01:00,ST Coal 01,0.0
2030,sc01,01-24 15:00:00+01:00,CC NG 16,0.0
2030,sc01,01-24 15:00:00+01:00,CT NG 73,0.2818968242226203
2030,sc01,01-24 15:00:00+01:00,CC NG 09,0.0
2030,sc01,01-24 15:00:00+01:00,CT NG 03,0.0
2030,sc01,01-24 15:00:00+01:00,CT NG 28,0.0
2030,sc01,01-24 15:00:00+01:00,CT NG 11,0.0
2030,sc01,01-24 15:00:00+01:00,CT NG 08,0.0
2030,sc01,01-24 15:00:00+01:00,CT Oil 02,0.0
2030,sc01,01-24 15:00:00+01:00,CC NG 25,0.0
2030,sc01,01-24 15:00:00+01:00,CC NG 22,0.6480592594317856
2030,sc01,01-24 15:00:00+01:00,CT NG 56,1.0
2030,sc01,01-24 15:00:00+01:00,CT NG 34,0.0
2030,sc01,01-24 15:00:00+01:00,ST NG 05,1.0
2030,sc01,01-24 15:00:00+01:00,CT NG 44,0.0
2030,sc01,01-24 15:00:00+01:00,CT NG 47,0.0
2030,sc01,01-24 15:00:00+01:00,CC NG 15,0.0
2030,sc01,01-24 15:00:00+01:00,CC NG 14,0.0
2030,sc01,01-24 15:00:00+01:00,CT NG 42,0.0
2030,sc01,01-24 15:00:00+01:00,ST NG 07,0.0
2030,sc01,01-24 15:00:00+01:00,CC NG 36,0.0
2030,sc01,01-24 15:00:00+01:00,CT NG 15,0.0
2030,sc01,01-24 15:00:00+01:00,CT NG 41,0.1795228916007704
2030,sc01,01-24 15:00:00+01:00,CC NG 23,0.0
2030,sc01,01-24 15:00:00+01:00,CT NG 49,0.0
2030,sc01,01-24 15:00:00+01:00,CC NG 26,0.0
2030,sc01,01-24 15:00:00+01:00,CC NG 12,0.0
2030,sc01,01-24 15:00:00+01:00,CT NG 05,0.0
2030,sc01,01-24 15:00:00+01:00,CC NG 40,0.0
2030,sc01,01-24 15:00:00+01:00,CT NG 50,0.0
2030,sc01,01-24 15:00:00+01:00,CT NG 68,0.0
2030,sc01,01-24 15:00:00+01:00,CC NG 17,0.0
2030,sc01,01-24 15:00:00+01:00,CC NG 10,0.0
2030,sc01,01-24 15:00:00+01:00,CC NG 33,0.0
2030,sc01,01-24 15:00:00+01:00,CC NG 06,0.0
2030,sc01,01-24 15:00:00+01:00,CT NG 10,0.0
2030,sc01,01-24 15:00:00+01:00,CT NG 01,0.0
2030,sc01,01-24 15:00:00+01:00,CC NG 29,0.0
2030,sc01,01-24 15:00:00+01:00,CC NG 05,0.0
2030,sc01,01-24 15:00:00+01:00,CT NG 06,0.0
2030,sc01,01-24 15:00:00+01:00,CT NG 24,0.0
2030,sc01,01-24 15:00:00+01:00,CT NG 22,0.0
2030,sc01,01-24 15:00:00+01:00,CT NG 21,0.0
2030,sc01,01-24 15:00:00+01:00,CC NG 28,0.0
2030,sc01,01-24 15:00:00+01:00,CC NG 35,0.0
2030,sc01,01-24 15:00:00+01:00,CC NG 24,0.5868592019631242
2030,sc01,01-24 15:00:00+01:00,CC NG 08,0.0
2030,sc01,01-24 15:00:00+01:00,ST NG 02,0.0
2030,sc01,01-24 15:00:00+01:00,CT NG 52,0.0
2030,sc01,01-24 15:00:00+01:00,CT NG 46,0.0
2030,sc01,01-24 15:00:00+01:00,CT NG 36,0.0
2030,sc01,01-24 15:00:00+01:00,CC NG 21,0.0
2030,sc01,01-24 15:00:00+01:00,ST NG 09,0.0
2030,sc01,01-24 15:00:00+01:00,ST NG 04,0.0
2030,sc01,01-24 15:00:00+01:00,CT NG 23,0.0
2030,sc01,01-24 15:00:00+01:00,CT NG 13,0.0
2030,sc01,01-24 15:00:00+01:00,CC NG 11,0.0
2030,sc01,01-24 15:00:00+01:00,CT NG 04,0.0
2030,sc01,01-24 15:00:00+01:00,CC NG 18,0.0
2030,sc01,01-24 15:00:00+01:00,CC NG 34,0.0
2030,sc01,01-24 15:00:00+01:00,CT Oil 04,0.029032304272962772
2030,sc01,01-24 15:00:00+01:00,CT NG 74,0.0
2030,sc01,01-24 15:00:00+01:00,CT NG 55,0.0
2030,sc01,01-24 15:00:00+01:00,CT NG 75,0.0
2030,sc01,01-24 15:00:00+01:00,CC NG 01,0.0
2030,sc01,01-24 15:00:00+01:00,CC NG 39,0.0
2030,sc01,01-24 15:00:00+01:00,CT NG 09,0.0
2030,sc01,01-24 15:00:00+01:00,CC NG 31,0.0
2030,sc01,01-24 15:00:00+01:00,CT NG 14,0.0
2030,sc01,01-24 18:00:00+01:00,ST NG 03,0.0
2030,sc01,01-24 18:00:00+01:00,CC NG 37,0.814070198651061
2030,sc01,01-24 18:00:00+01:00,CT NG 48,0.0
2030,sc01,01-24 18:00:00+01:00,CT NG 16,0.0
2030,sc01,01-24 18:00:00+01:00,CT NG 25,0.0
2030,sc01,01-24 18:00:00+01:00,CT NG 53,0.0
2030,sc01,01-24 18:00:00+01:00,ST NG 08,0.0
2030,sc01,01-24 18:00:00+01:00,CT Oil 03,0.0
2030,sc01,01-24 18:00:00+01:00,CT NG 43,0.0
2030,sc01,01-24 18:00:00+01:00,CC NG 04,0.0
2030,sc01,01-24 18:00:00+01:00,ST Other 02,0.0
2030,sc01,01-24 18:00:00+01:00,CT NG 30,0.0
2030,sc01,01-24 18:00:00+01:00,CC NG 27,0.0
2030,sc01,01-24 18:00:00+01:00,CC NG 38,0.0
2030,sc01,01-24 18:00:00+01:00,CC NG 20,0.0
2030,sc01,01-24 18:00:00+01:00,CC NG 19,0.0
2030,sc01,01-24 18:00:00+01:00,CT NG 12,0.0
2030,sc01,01-24 18:00:00+01:00,CT NG 70,0.0
2030,sc01,01-24 18:00:00+01:00,ST NG 10,0.0
2030,sc01,01-24 18:00:00+01:00,CT NG 02,0.35427286942127845
2030,sc01,01-24 18:00:00+01:00,CT NG 26,0.0
2030,sc01,01-24 18:00:00+01:00,ST NG 01,0.0
2030,sc01,01-24 18:00:00+01:00,CC NG 32,0.0
2030,sc01,01-24 18:00:00+01:00,CT NG 35,0.0
2030,sc01,01-24 18:00:00+01:00,ST NG 06,0.0
2030,sc01,01-24 18:00:00+01:00,CT Oil 01,0.0
2030,sc01,01-24 18:00:00+01:00,CT NG 67,0.0
2030,sc01,01-24 18:00:00+01:00,CT NG 72,0.0
2030,sc01,01-24 18:00:00+01:00,CT NG 66,0.0
2030,sc01,01-24 18:00:00+01:00,CT NG 71,0.0
2030,sc01,01-24 18:00:00+01:00,CC NG 07,0.0
2030,sc01,01-24 18:00:00+01:00,CT NG 69,0.0
2030,sc01,01-24 18:00:00+01:00,CT NG 07,0.0
2030,sc01,01-24 18:00:00+01:00,CT NG 45,0.0
2030,sc01,01-24 18:00:00+01:00,CC NG 03,0.0
2030,sc01,01-24 18:00:00+01:00,CC NG 13,0.0
2030,sc01,01-24 18:00:00+01:00,CT Oil 05,0.0
2030,sc01,01-24 18:00:00+01:00,CT NG 54,0.0
2030,sc01,01-24 18:00:00+01:00,ST Coal 01,0.0
2030,sc01,01-24 18:00:00+01:00,CC NG 16,0.0
2030,sc01,01-24 18:00:00+01:00,CT NG 73,0.7181031757773797
2030,sc01,01-24 18:00:00+01:00,CC NG 09,0.0
2030,sc01,01-24 18:00:00+01:00,CT NG 03,0.0
2030,sc01,01-24 18:00:00+01:00,CT NG 28,0.0
2030,sc01,01-24 18:00:00+01:00,CT NG 11,0.0
2030,sc01,01-24 18:00:00+01:00,CT NG 08,0.0
2030,sc01,01-24 18:00:00+01:00,CT Oil 02,0.0
2030,sc01,01-24 18:00:00+01:00,CC NG 25,0.0
2030,sc01,01-24 18:00:00+01:00,CC NG 22,0.35194074056821445
2030,sc01,01-24 18:00:00+01:00,CT NG 56,0.0
2030,sc01,01-24 18:00:00+01:00,CT NG 34,0.0
2030,sc01,01-24 18:00:00+01:00,ST NG 05,0.0
2030,sc01,01-24 18:00:00+01:00,CT NG 44,0.0
2030,sc01,01-24 18:00:00+01:00,CT NG 47,0.0
2030,sc01,01-24 18:00:00+01:00,CC NG 15,0.0
2030,sc01,01-24 18:00:00+01:00,CC NG 14,0.0
2030,sc01,01-24 18:00:00+01:00,CT NG 42,0.0
2030,sc01,01-24 18:00:00+01:00,ST NG 07,0.0
2030,sc01,01-24 18:00:00+01:00,CC NG 36,0.0
2030,sc01,01-24 18:00:00+01:00,CT NG 15,0.0
2030,sc01,01-24 18:00:00+01:00,CT NG 41,0.8204771083992296
2030,sc01,01-24 18:00:00+01:00,CC NG 23,0.0
2030,sc01,01-24 18:00:00+01:00,CT NG 49,0.0
2030,sc01,01-24 18:00:00+01:00,CC NG 26,0.340679509333186
2030,sc01,01-24 18:00:00+01:00,CC NG 12,0.0
2030,sc01,01-24 18:00:00+01:00,CT NG 05,0.0
2030,sc01,01-24 18:00:00+01:00,CC NG 40,0.0
2030,sc01,01-24 18:00:00+01:00,CT NG 50,0.6415962641083477
2030,sc01,01-24 18:00:00+01:00,CT NG 68,0.0
2030,sc01,01-24 18:00:00+01:00,CC NG 17,0.0
2030,sc01,01-24 18:00:00+01:00,CC NG 10,0.0
2030,sc01,01-24 18:00:00+01:00,CC NG 33,0.0
2030,sc01,01-24 18:00:00+01:00,CC NG 06,0.0
2030,sc01,01-24 18:00:00+01:00,CT NG 10,0.0
2030,sc01,01-24 18:00:00+01:00,CT NG 01,0.0
2030,sc01,01-24 18:00:00+01:00,CC NG 29,0.0
2030,sc01,01-24 18:00:00+01:00,CC NG 05,0.0
2030,sc01,01-24 18:00:00+01:00,CT NG 06,0.0
2030,sc01,01-24 18:00:00+01:00,CT NG 24,0.0
2030,sc01,01-24 18:00:00+01:00,CT NG 22,0.0
2030,sc01,01-24 18:00:00+01:00,CT NG 21,0.0
2030,sc01,01-24 18:00:00+01:00,CC NG 28,0.0
2030,sc01,01-24 18:00:00+01:00,CC NG 35,0.0
2030,sc01,01-24 18:00:00+01:00,CC NG 24,0.0
2030,sc01,01-24 18:00:00+01:00,CC NG 08,0.0
2030,sc01,01-24 18:00:00+01:00,ST NG 02,0.0
2030,sc01,01-24 18:00:00+01:00,CT NG 52,0.0
2030,sc01,01-24 18:00:00+01:00,CT NG 46,0.0
2030,sc01,01-24 18:00:00+01:00,CT NG 36,0.0
2030,sc01,01-24 18:00:00+01:00,CC NG 21,0.0
2030,sc01,01-24 18:00:00+01:00,ST NG 09,0.0
2030,sc01,01-24 18:00:00+01:00,ST NG 04,0.0
2030,sc01,01-24 18:00:00+01:00,CT NG 23,0.0
2030,sc01,01-24 18:00:00+01:00,CT NG 13,0.0
2030,sc01,01-24 18:00:00+01:00,CC NG 11,0.0
2030,sc01,01-24 18:00:00+01:00,CT NG 04,0.0
2030,sc01,01-24 18:00:00+01:00,CC NG 18,0.02809652811783936
2030,sc01,01-24 18:00:00+01:00,CC NG 34,0.0
2030,sc01,01-24 18:00:00+01:00,CT Oil 04,0.9709676957270372
2030,sc01,01-24 18:00:00+01:00,CT NG 74,0.0
2030,sc01,01-24 18:00:00+01:00,CT NG 55,0.0
2030,sc01,01-24 18:00:00+01:00,CT NG 75,0.0
2030,sc01,01-24 18:00:00+01:00,CC NG 01,0.0
2030,sc01,01-24 18:00:00+01:00,CC NG 39,0.0
2030,sc01,01-24 18:00:00+01:00,CT NG 09,0.0
2030,sc01,01-24 18:00:00+01:00,CC NG 31,0.0
2030,sc01,01-24 18:00:00+01:00,CT NG 14,0.0
2030,sc01,01-28 21:00:00+01:00,ST NG 03,0.0
2030,sc01,01-28 21:00:00+01:00,CC NG 37,0.0
2030,sc01,01-28 21:00:00+01:00,CT NG 48,1.0
2030,sc01,01-28 21:00:00+01:00,CT NG 16,0.0
2030,sc01,01-28 21:00:00+01:00,CT NG 25,0.0
2030,sc01,01-28 21:00:00+01:00,CT NG 53,0.0
2030,sc01,01-28 21:00:00+01:00,ST NG 08,0.0
2030,sc01,01-28 21:00:00+01:00,CT Oil 03,0.0
2030,sc01,01-28 21:00:00+01:00,CT NG 43,1.0
2030,sc01,01-28 21:00:00+01:00,CC NG 04,0.0
2030,sc01,01-28 21:00:00+01:00,ST Other 02,0.0
2030,sc01,01-28 21:00:00+01:00,CT NG 30,0.0
2030,sc01,01-28 21:00:00+01:00,CC NG 27,1.0
2030,sc01,01-28 21:00:00+01:00,CC NG 38,1.0
2030,sc01,01-28 21:00:00+01:00,CC NG 20,0.0
2030,sc01,01-28 21:00:00+01:00,CC NG 19,0.0
2030,sc01,01-28 21:00:00+01:00,CT NG 12,0.0
2030,sc01,01-28 21:00:00+01:00,CT NG 70,1.0
2030,sc01,01-28 21:00:00+01:00,ST NG 10,0.0
2030,sc01,01-28 21:00:00+01:00,CT NG 02,0.6457271305787216
2030,sc01,01-28 21:00:00+01:00,CT NG 26,0.0
2030,sc01,01-28 21:00:00+01:00,ST NG 01,0.0
2030,sc01,01-28 21:00:00+01:00,CC NG 32,0.0
2030,sc01,01-28 21:00:00+01:00,CT NG 35,0.0
2030,sc01,01-28 21:00:00+01:00,ST NG 06,0.0
2030,sc01,01-28 21:00:00+01:00,CT Oil 01,0.0
2030,sc01,01-28 21:00:00+01:00,CT NG 67,0.0
2030,sc01,01-28 21:00:00+01:00,CT NG 72,1.0
2030,sc01,01-28 21:00:00+01:00,CT NG 66,0.0
2030,sc01,01-28 21:00:00+01:00,CT NG 71,1.0
2030,sc01,01-28 21:00:00+01:00,CC NG 07,0.0
2030,sc01,01-28 21:00:00+01:00,CT NG 69,0.0
2030,sc01,01-28 21:00:00+01:00,CT NG 07,0.0
2030,sc01,01-28 21:00:00+01:00,CT NG 45,1.0
2030,sc01,01-28 21:00:00+01:00,CC NG 03,0.0
2030,sc01,01-28 21:00:00+01:00,CC NG 13,1.0
2030,sc01,01-28 21:00:00+01:00,CT Oil 05,1.0
2030,sc01,01-28 21:00:00+01:00,CT NG 54,0.0
2030,sc01,01-28 21:00:00+01:00,ST Coal 01,0.0
2030,sc01,01-28 21:00:00+01:00,CC NG 16,0.0
2030,sc01,01-28 21:00:00+01:00,CT NG 73,1.0
2030,sc01,01-28 21:00:00+01:00,CC NG 09,0.0
2030,sc01,01-28 21:00:00+01:00,CT NG 03,0.0
2030,sc01,01-28 21:00:00+01:00,CT NG 28,0.0
2030,sc01,01-28 21:00:00+01:00,CT NG 11,0.0
2030,sc01,01-28 21:00:00+01:00,CT NG 08,0.0
2030,sc01,01-28 21:00:00+01:00,CT Oil 02,0.0
2030,sc01,01-28 21:00:00+01:00,CC NG 25,0.0
2030,sc01,01-28 21:00:00+01:00,CC NG 22,0.0
2030,sc01,01-28 21:00:00+01:00,CT NG 56,1.0
2030,sc01,01-28 21:00:00+01:00,CT NG 34,0.0
2030,sc01,01-28 21:00:00+01:00,ST NG 05,1.0
2030,sc01,01-28 21:00:00+01:00,CT NG 44,1.0
2030,sc01,01-28 21:00:00+01:00,CT NG 47,1.0
2030,sc01,01-28 21:00:00+01:00,CC NG 15,1.0
2030,sc01,01-28 21:00:00+01:00,CC NG 14,1.0
2030,sc01,01-28 21:00:00+01:00,CT NG 42,1.0
2030,sc01,01-28 21:00:00+01:00,ST NG 07,0.0
2030,sc01,01-28 21:00:00+01:00,CC NG 36,0.0
2030,sc01,01-28 21:00:00+01:00,CT NG 15,0.0
2030,sc01,01-28 21:00:00+01:00,CT NG 41,0.0
2030,sc01,01-28 21:00:00+01:00,CC NG 23,0.0
2030,sc01,01-28 21:00:00+01:00,CT NG 49,1.0
2030,sc01,01-28 21:00:00+01:00,CC NG 26,0.659320490666814
2030,sc01,01-28 21:00:00+01:00,CC NG 12,1.0
2030,sc01,01-28 21:00:00+01:00,CT NG 05,0.0
2030,sc01,01-28 21:00:00+01:00,CC NG 40,1.0
2030,sc01,01-28 21:00:00+01:00,CT NG 50,0.35840373589165225
2030,sc01,01-28 21:00:00+01:00,CT NG 68,0.0
2030,sc01,01-28 21:00:00+01:00,CC NG 17,0.16992131378107755
2030,sc01,01-28 21:00:00+01:00,CC NG 10,0.0
2030,sc01,01-28 21:00:00+01:00,CC NG 33,0.0
2030,sc01,01-28 21:00:00+01:00,CC NG 06,1.0
2030,sc01,01-28 21:00:00+01:00,CT NG 10,0.0
2030,sc01,01-28 21:00:00+01:00,CT NG 01,0.0
2030,sc01,01-28 21:00:00+01:00,CC NG 29,0.0
2030,sc01,01-28 21:00:00+01:00,CC NG 05,0.0
2030,sc01,01-28 21:00:00+01:00,CT NG 06,0.0
2030,sc01,01-28 21:00:00+01:00,CT NG 24,0.0
2030,sc01,01-28 21:00:00+01:00,CT NG 22,0.0
2030,sc01,01-28 21:00:00+01:00,CT NG 21,0.0
2030,sc01,01-28 21:00:00+01:00,CC NG 28,0.0
2030,sc01,01-28 21:00:00+01:00,CC NG 35,0.0
2030,sc01,01-28 21:00:00+01:00,CC NG 24,0.0
2030,sc01,01-28 21:00:00+01:00,CC NG 08,1.0
2030,sc01,01-28 21:00:00+01:00,ST NG 02,1.0
2030,sc01,01-28 21:00:00+01:00,CT NG 52,0.0
2030,sc01,01-28 21:00:00+01:00,CT NG 46,1.0
2030,sc01,01-28 21:00:00+01:00,CT NG 36,0.0
2030,sc01,01-28 21:00:00+01:00,CC NG 21,1.0
2030,sc01,01-28 21:00:00+01:00,ST NG 09,0.0
2030,sc01,01-28 21:00:00+01:00,ST NG 04,0.0
2030,sc01,01-28 21:00:00+01:00,CT NG 23,0.0
2030,sc01,01-28 21:00:00+01:00,CT NG 13,0.0
2030,sc01,01-28 21:00:00+01:00,CC NG 11,1.0
2030,sc01,01-28 21:00:00+01:00,CT NG 04,0.0
2030,sc01,01-28 21:00:00+01:00,CC NG 18,1.0
2030,sc01,01-28 21:00:00+01:00,CC NG 34,0.0
2030,sc01,01-28 21:00:00+01:00,CT Oil 04,1.0
2030,sc01,01-28 21:00:00+01:00,CT NG 74,1.0
2030,sc01,01-28 21:00:00+01:00,CT NG 55,0.0
2030,sc01,01-28 21:00:00+01:00,CT NG 75,1.0
2030,sc01,01-28 21:00:00+01:00,CC NG 01,1.0
2030,sc01,01-28 21:00:00+01:00,CC NG 39,1.0
2030,sc01,01-28 21:00:00+01:00,CT NG 09,0.0
2030,sc01,01-28 21:00:00+01:00,CC NG 31,0.0
2030,sc01,01-28 21:00:00+01:00,CT NG 14,0.0
2030,sc01,01-30 13:00:00+01:00,ST NG 03,0.0
2030,sc01,01-30 13:00:00+01:00,CC NG 37,0.8444246600266274
2030,sc01,01-30 13:00:00+01:00,CT NG 48,0.0
2030,sc01,01-30 13:00:00+01:00,CT NG 16,0.0
2030,sc01,01-30 13:00:00+01:00,CT NG 25,0.0
2030,sc01,01-30 13:00:00+01:00,CT NG 53,0.0
2030,sc01,01-30 13:00:00+01:00,ST NG 08,0.0
2030,sc01,01-30 13:00:00+01:00,CT Oil 03,0.0
2030,sc01,01-30 13:00:00+01:00,CT NG 43,0.0
2030,sc01,01-30 13:00:00+01:00,CC NG 04,0.9999999999999999
2030,sc01,01-30 13:00:00+01:00,ST Other 02,0.0
2030,sc01,01-30 13:00:00+01:00,CT NG 30,0.0
2030,sc01,01-30 13:00:00+01:00,CC NG 27,0.0
2030,sc01,01-30 13:00:00+01:00,CC NG 38,0.0
2030,sc01,01-30 13:00:00+01:00,CC NG 20,0.0
2030,sc01,01-30 13:00:00+01:00,CC NG 19,1.0
2030,sc01,01-30 13:00:00+01:00,CT NG 12,0.0
2030,sc01,01-30 13:00:00+01:00,CT NG 70,0.0
2030,sc01,01-30 13:00:00+01:00,ST NG 10,0.0
2030,sc01,01-30 13:00:00+01:00,CT NG 02,0.0
2030,sc01,01-30 13:00:00+01:00,CT NG 26,0.0
2030,sc01,01-30 13:00:00+01:00,ST NG 01,0.0
2030,sc01,01-30 13:00:00+01:00,CC NG 32,0.0
2030,sc01,01-30 13:00:00+01:00,CT NG 35,0.0
2030,sc01,01-30 13:00:00+01:00,ST NG 06,0.0
2030,sc01,01-30 13:00:00+01:00,CT Oil 01,0.0
2030,sc01,01-30 13:00:00+01:00,CT NG 67,0.0
2030,sc01,01-30 13:00:00+01:00,CT NG 72,0.0
2030,sc01,01-30 13:00:00+01:00,CT NG 66,0.0
2030,sc01,01-30 13:00:00+01:00,CT NG 71,0.0
2030,sc01,01-30 13:00:00+01:00,CC NG 07,0.0
2030,sc01,01-30 13:00:00+01:00,CT NG 69,0.0
2030,sc01,01-30 13:00:00+01:00,CT NG 07,0.0
2030,sc01,01-30 13:00:00+01:00,CT NG 45,0.0
2030,sc01,01-30 13:00:00+01:00,CC NG 03,1.0
2030,sc01,01-30 13:00:00+01:00,CC NG 13,0.0
2030,sc01,01-30 13:00:00+01:00,CT Oil 05,0.0
2030,sc01,01-30 13:00:00+01:00,CT NG 54,0.0
2030,sc01,01-30 13:00:00+01:00,ST Coal 01,0.0
2030,sc01,01-30 13:00:00+01:00,CC NG 16,1.0
2030,sc01,01-30 13:00:00+01:00,CT NG 73,0.0
2030,sc01,01-30 13:00:00+01:00,CC NG 09,0.0
2030,sc01,01-30 13:00:00+01:00,CT NG 03,0.0
2030,sc01,01-30 13:00:00+01:00,CT NG 28,0.0
2030,sc01,01-30 13:00:00+01:00,CT NG 11,0.0
2030,sc01,01-30 13:00:00+01:00,CT NG 08,0.0
2030,sc01,01-30 13:00:00+01:00,CT Oil 02,0.0
2030,sc01,01-30 13:00:00+01:00,CC NG 25,0.0
2030,sc01,01-30 13:00:00+01:00,CC NG 22,0.0
2030,sc01,01-30 13:00:00+01:00,CT NG 56,0.0
2030,sc01,01-30 13:00:00+01:00,CT NG 34,0.0
2030,sc01,01-30 13:00:00+01:00,ST NG 05,0.0
2030,sc01,01-30 13:00:00+01:00,CT NG 44,0.0
2030,sc01,01-30 13:00:00+01:00,CT NG 47,0.0
2030,sc01,01-30 13:00:00+01:00,CC NG 15,0.0
2030,sc01,01-30 13:00:00+01:00,CC NG 14,0.0
2030,sc01,01-30 13:00:00+01:00,CT NG 42,0.0
2030,sc01,01-30 13:00:00+01:00,ST NG 07,0.0
2030,sc01,01-30 13:00:00+01:00,CC NG 36,0.0
2030,sc01,01-30 13:00:00+01:00,CT NG 15,0.0
2030,sc01,01-30 13:00:00+01:00,CT NG 41,1.0
2030,sc01,01-30 13:00:00+01:00,CC NG 23,0.2610813405513964
2030,sc01,01-30 13:00:00+01:00,CT NG 49,0.0
2030,sc01,01-30 13:00:00+01:00,CC NG 26,0.0
2030,sc01,01-30 13:00:00+01:00,CC NG 12,0.0
2030,sc01,01-30 13:00:00+01:00,CT NG 05,0.0
2030,sc01,01-30 13:00:00+01:00,CC NG 40,0.6674962754102697
2030,sc01,01-30 13:00:00+01:00,CT NG 50,0.0
2030,sc01,01-30 13:00:00+01:00,CT NG 68,0.0
2030,sc01,01-30 13:00:00+01:00,CC NG 17,0.8300786862189224
2030,sc01,01-30 13:00:00+01:00,CC NG 10,0.0
2030,sc01,01-30 13:00:00+01:00,CC NG 33,0.0
2030,sc01,01-30 13:00:00+01:00,CC NG 06,0.0
2030,sc01,01-30 13:00:00+01:00,CT NG 10,0.0
2030,sc01,01-30 13:00:00+01:00,CT NG 01,0.0
2030,sc01,01-30 13:00:00+01:00,CC NG 29,0.0
2030,sc01,01-30 13:00:00+01:00,CC NG 05,0.0
2030,sc01,01-30 13:00:00+01:00,CT NG 06,0.0
2030,sc01,01-30 13:00:00+01:00,CT NG 24,0.0
2030,sc01,01-30 13:00:00+01:00,CT NG 22,0.0
2030,sc01,01-30 13:00:00+01:00,CT NG 21,0.0
2030,sc01,01-30 13:00:00+01:00,CC NG 28,0.6619216618332215
2030,sc01,01-30 13:00:00+01:00,CC NG 35,0.48822648107634936
2030,sc01,01-30 13:00:00+01:00,CC NG 24,0.9999999999999999
2030,sc01,01-30 13:00:00+01:00,CC NG 08,0.0
2030,sc01,01-30 13:00:00+01:00,ST NG 02,0.0
2030,sc01,01-30 13:00:00+01:00,CT NG 52,0.0
2030,sc01,01-30 13:00:00+01:00,CT NG 46,0.0
2030,sc01,01-30 13:00:00+01:00,CT NG 36,0.0
2030,sc01,01-30 13:00:00+01:00,CC NG 21,0.0
2030,sc01,01-30 13:00:00+01:00,ST NG 09,0.0
2030,sc01,01-30 13:00:00+01:00,ST NG 04,1.0
2030,sc01,01-30 13:00:00+01:00,CT NG 23,0.0
2030,sc01,01-30 13:00:00+01:00,CT NG 13,0.0
2030,sc01,01-30 13:00:00+01:00,CC NG 11,0.0
2030,sc01,01-30 13:00:00+01:00,CT NG 04,0.0
2030,sc01,01-30 13:00:00+01:00,CC NG 18,0.9660898667353671
2030,sc01,01-30 13:00:00+01:00,CC NG 34,0.4850857767899103
2030,sc01,01-30 13:00:00+01:00,CT Oil 04,0.0
2030,sc01,01-30 13:00:00+01:00,CT NG 74,0.2921052843502523
2030,sc01,01-30 13:00:00+01:00,CT NG 55,0.0
2030,sc01,01-30 13:00:00+01:00,CT NG 75,0.0
2030,sc01,01-30 13:00:00+01:00,CC NG 01,0.0
2030,sc01,01-30 13:00:00+01:00,CC NG 39,0.0
2030,sc01,01-30 13:00:00+01:00,CT NG 09,0.0
2030,sc01,01-30 13:00:00+01:00,CC NG 31,0.0
2030,sc01,01-30 13:00:00+01:00,CT NG 14,0.0
2030,sc01,01-30 19:00:00+01:00,ST NG 03,0.0
2030,sc01,01-30 19:00:00+01:00,CC NG 37,0.5095576601731624
2030,sc01,01-30 19:00:00+01:00,CT NG 48,0.0
2030,sc01,01-30 19:00:00+01:00,CT NG 16,0.0
2030,sc01,01-30 19:00:00+01:00,CT NG 25,0.0
2030,sc01,01-30 19:00:00+01:00,CT NG 53,0.0
2030,sc01,01-30 19:00:00+01:00,ST NG 08,0.0
2030,sc01,01-30 19:00:00+01:00,CT Oil 03,0.0
2030,sc01,01-30 19:00:00+01:00,CT NG 43,0.0
2030,sc01,01-30 19:00:00+01:00,CC NG 04,0.0
2030,sc01,01-30 19:00:00+01:00,ST Other 02,0.0
2030,sc01,01-30 19:00:00+01:00,CT NG 30,0.0
2030,sc01,01-30 19:00:00+01:00,CC NG 27,0.0
2030,sc01,01-30 19:00:00+01:00,CC NG 38,0.0
2030,sc01,01-30 19:00:00+01:00,CC NG 20,0.0
2030,sc01,01-30 19:00:00+01:00,CC NG 19,0.0
2030,sc01,01-30 19:00:00+01:00,CT NG 12,0.0
2030,sc01,01-30 19:00:00+01:00,CT NG 70,0.0
2030,sc01,01-30 19:00:00+01:00,ST NG 10,0.0
2030,sc01,01-30 19:00:00+01:00,CT NG 02,0.0
2030,sc01,01-30 19:00:00+01:00,CT NG 26,0.0
2030,sc01,01-30 19:00:00+01:00,ST NG 01,0.0
2030,sc01,01-30 19:00:00+01:00,CC NG 32,0.0
2030,sc01,01-30 19:00:00+01:00,CT NG 35,0.0
2030,sc01,01-30 19:00:00+01:00,ST NG 06,0.0
2030,sc01,01-30 19:00:00+01:00,CT Oil 01,0.0
2030,sc01,01-30 19:00:00+01:00,CT NG 67,0.0
2030,sc01,01-30 19:00:00+01:00,CT NG 72,0.0
2030,sc01,01-30 19:00:00+01:00,CT NG 66,0.0
2030,sc01,01-30 19:00:00+01:00,CT NG 71,0.0
2030,sc01,01-30 19:00:00+01:00,CC NG 07,0.0
2030,sc01,01-30 19:00:00+01:00,CT NG 69,0.0
2030,sc01,01-30 19:00:00+01:00,CT NG 07,0.0
2030,sc01,01-30 19:00:00+01:00,CT NG 45,0.0
2030,sc01,01-30 19:00:00+01:00,CC NG 03,0.0
2030,sc01,01-30 19:00:00+01:00,CC NG 13,0.038878178007081376
2030,sc01,01-30 19:00:00+01:00,CT Oil 05,0.0
2030,sc01,01-30 19:00:00+01:00,CT NG 54,0.0
2030,sc01,01-30 19:00:00+01:00,ST Coal 01,0.0
2030,sc01,01-30 19:00:00+01:00,CC NG 16,0.0
2030,sc01,01-30 19:00:00+01:00,CT NG 73,0.0
2030,sc01,01-30 19:00:00+01:00,CC NG 09,0.0
2030,sc01,01-30 19:00:00+01:00,CT NG 03,0.0
2030,sc01,01-30 19:00:00+01:00,CT NG 28,0.0
2030,sc01,01-30 19:00:00+01:00,CT NG 11,0.0
2030,sc01,01-30 19:00:00+01:00,CT NG 08,0.0
2030,sc01,01-30 19:00:00+01:00,CT Oil 02,0.0
2030,sc01,01-30 19:00:00+01:00,CC NG 25,0.0
2030,sc01,01-30 19:00:00+01:00,CC NG 22,0.0
2030,sc01,01-30 19:00:00+01:00,CT NG 56,0.0
2030,sc01,01-30 19:00:00+01:00,CT NG 34,0.0
2030,sc01,01-30 19:00:00+01:00,ST NG 05,0.0
2030,sc01,01-30 19:00:00+01:00,CT NG 44,0.0
2030,sc01,01-30 19:00:00+01:00,CT NG 47,0.0
2030,sc01,01-30 19:00:00+01:00,CC NG 15,0.0
2030,sc01,01-30 19:00:00+01:00,CC NG 14,0.0
2030,sc01,01-30 19:00:00+01:00,CT NG 42,0.0
2030,sc01,01-30 19:00:00+01:00,ST NG 07,0.0
2030,sc01,01-30 19:00:00+01:00,CC NG 36,0.0
2030,sc01,01-30 19:00:00+01:00,CT NG 15,0.0
2030,sc01,01-30 19:00:00+01:00,CT NG 41,0.0
2030,sc01,01-30 19:00:00+01:00,CC NG 23,0.7389186594486036
2030,sc01,01-30 19:00:00+01:00,CT NG 49,0.0
2030,sc01,01-30 19:00:00+01:00,CC NG 26,0.17271801510929363
2030,sc01,01-30 19:00:00+01:00,CC NG 12,0.0
2030,sc01,01-30 19:00:00+01:00,CT NG 05,0.0
2030,sc01,01-30 19:00:00+01:00,CC NG 40,0.0
2030,sc01,01-30 19:00:00+01:00,CT NG 50,0.0
2030,sc01,01-30 19:00:00+01:00,CT NG 68,0.0
2030,sc01,01-30 19:00:00+01:00,CC NG 17,0.0
2030,sc01,01-30 19:00:00+01:00,CC NG 10,0.0
2030,sc01,01-30 19:00:00+01:00,CC NG 33,0.0
2030,sc01,01-30 19:00:00+01:00,CC NG 06,0.0
2030,sc01,01-30 19:00:00+01:00,CT NG 10,0.0
2030,sc01,01-30 19:00:00+01:00,CT NG 01,0.0
2030,sc01,01-30 19:00:00+01:00,CC NG 29,0.0
2030,sc01,01-30 19:00:00+01:00,CC NG 05,0.0
2030,sc01,01-30 19:00:00+01:00,CT NG 06,0.0
2030,sc01,01-30 19:00:00+01:00,CT NG 24,0.0
2030,sc01,01-30 19:00:00+01:00,CT NG 22,0.0
2030,sc01,01-30 19:00:00+01:00,CT NG 21,0.0
2030,sc01,01-30 19:00:00+01:00,CC NG 28,0.33807833816677846
2030,sc01,01-30 19:00:00+01:00,CC NG 35,0.5117735189236506
2030,sc01,01-30 19:00:00+01:00,CC NG 24,0.0
2030,sc01,01-30 19:00:00+01:00,CC NG 08,1.0
2030,sc01,01-30 19:00:00+01:00,ST NG 02,0.0
2030,sc01,01-30 19:00:00+01:00,CT NG 52,0.0
2030,sc01,01-30 19:00:00+01:00,CT NG 46,0.0
2030,sc01,01-30 19:00:00+01:00,CT NG 36,0.0
2030,sc01,01-30 19:00:00+01:00,CC NG 21,0.0
2030,sc01,01-30 19:00:00+01:00,ST NG 09,0.0
2030,sc01,01-30 19:00:00+01:00,ST NG 04,0.0
2030,sc01,01-30 19:00:00+01:00,CT NG 23,0.0
2030,sc01,01-30 19:00:00+01:00,CT NG 13,0.5865009586584935
2030,sc01,01-30 19:00:00+01:00,CC NG 11,0.0
2030,sc01,01-30 19:00:00+01:00,CT NG 04,0.0
2030,sc01,01-30 19:00:00+01:00,CC NG 18,0.020600012429833114
2030,sc01,01-30 19:00:00+01:00,CC NG 34,0.9153150276771348
2030,sc01,01-30 19:00:00+01:00,CT Oil 04,0.0
2030,sc01,01-30 19:00:00+01:00,CT NG 74,0.0
2030,sc01,01-30 19:00:00+01:00,CT NG 55,0.0
2030,sc01,01-30 19:00:00+01:00,CT NG 75,0.0
2030,sc01,01-30 19:00:00+01:00,CC NG 01,0.0
2030,sc01,01-30 19:00:00+01:00,CC NG 39,0.9925168175960937
2030,sc01,01-30 19:00:00+01:00,CT NG 09,0.0
2030,sc01,01-30 19:00:00+01:00,CC NG 31,0.0
2030,sc01,01-30 19:00:00+01:00,CT NG 14,0.0
2030,sc01,01-31 20:00:00+01:00,ST NG 03,0.0
2030,sc01,01-31 20:00:00+01:00,CC NG 37,0.0
2030,sc01,01-31 20:00:00+01:00,CT NG 48,0.0
2030,sc01,01-31 20:00:00+01:00,CT NG 16,0.0
2030,sc01,01-31 20:00:00+01:00,CT NG 25,1.0
2030,sc01,01-31 20:00:00+01:00,CT NG 53,0.0
2030,sc01,01-31 20:00:00+01:00,ST NG 08,0.0
2030,sc01,01-31 20:00:00+01:00,CT Oil 03,0.0
2030,sc01,01-31 20:00:00+01:00,CT NG 43,0.0
2030,sc01,01-31 20:00:00+01:00,CC NG 04,0.0
2030,sc01,01-31 20:00:00+01:00,ST Other 02,0.0
2030,sc01,01-31 20:00:00+01:00,CT NG 30,0.0
2030,sc01,01-31 20:00:00+01:00,CC NG 27,0.0
2030,sc01,01-31 20:00:00+01:00,CC NG 38,0.0
2030,sc01,01-31 20:00:00+01:00,CC NG 20,0.0
2030,sc01,01-31 20:00:00+01:00,CC NG 19,0.0
2030,sc01,01-31 20:00:00+01:00,CT NG 12,0.0
2030,sc01,01-31 20:00:00+01:00,CT NG 70,0.0
2030,sc01,01-31 20:00:00+01:00,ST NG 10,0.0
2030,sc01,01-31 20:00:00+01:00,CT NG 02,0.0
2030,sc01,01-31 20:00:00+01:00,CT NG 26,1.0
2030,sc01,01-31 20:00:00+01:00,ST NG 01,0.0
2030,sc01,01-31 20:00:00+01:00,CC NG 32,0.0
2030,sc01,01-31 20:00:00+01:00,CT NG 35,1.0
2030,sc01,01-31 20:00:00+01:00,ST NG 06,0.0
2030,sc01,01-31 20:00:00+01:00,CT Oil 01,0.0
2030,sc01,01-31 20:00:00+01:00,CT NG 67,0.0
2030,sc01,01-31 20:00:00+01:00,CT NG 72,0.0
2030,sc01,01-31 20:00:00+01:00,CT NG 66,0.0
2030,sc01,01-31 20:00:00+01:00,CT NG 71,0.0
2030,sc01,01-31 20:00:00+01:00,CC NG 07,0.0
2030,sc01,01-31 20:00:00+01:00,CT NG 69,0.0
2030,sc01,01-31 20:00:00+01:00,CT NG 07,0.0
2030,sc01,01-31 20:00:00+01:00,CT NG 45,0.0
2030,sc01,01-31 20:00:00+01:00,CC NG 03,0.0
2030,sc01,01-31 20:00:00+01:00,CC NG 13,0.9611218219929186
2030,sc01,01-31 20:00:00+01:00,CT Oil 05,0.0
2030,sc01,01-31 20:00:00+01:00,CT NG 54,0.0
2030,sc01,01-31 20:00:00+01:00,ST Coal 01,0.0
2030,sc01,01-31 20:00:00+01:00,CC NG 16,0.0
2030,sc01,01-31 20:00:00+01:00,CT NG 73,0.0
2030,sc01,01-31 20:00:00+01:00,CC NG 09,0.0
2030,sc01,01-31 20:00:00+01:00,CT NG 03,0.0
2030,sc01,01-31 20:00:00+01:00,CT NG 28,0.0
2030,sc01,01-31 20:00:00+01:00,CT NG 11,0.0
2030,sc01,01-31 20:00:00+01:00,CT NG 08,0.0
2030,sc01,01-31 20:00:00+01:00,CT Oil 02,0.0
2030,sc01,01-31 20:00:00+01:00,CC NG 25,0.0
2030,sc01,01-31 20:00:00+01:00,CC NG 22,0.0
2030,sc01,01-31 20:00:00+01:00,CT NG 56,0.0
2030,sc01,01-31 20:00:00+01:00,CT NG 34,0.5574735805126486
2030,sc01,01-31 20:00:00+01:00,ST NG 05,0.0
2030,sc01,01-31 20:00:00+01:00,CT NG 44,0.0
2030,sc01,01-31 20:00:00+01:00,CT NG 47,0.0
2030,sc01,01-31 20:00:00+01:00,CC NG 15,0.0
2030,sc01,01-31 20:00:00+01:00,CC NG 14,0.0
2030,sc01,01-31 20:00:00+01:00,CT NG 42,0.0
2030,sc01,01-31 20:00:00+01:00,ST NG 07,0.0
2030,sc01,01-31 20:00:00+01:00,CC NG 36,0.0
2030,sc01,01-31 20:00:00+01:00,CT NG 15,0.0
2030,sc01,01-31 20:00:00+01:00,CT NG 41,1.0
2030,sc01,01-31 20:00:00+01:00,CC NG 23,0.0
2030,sc01,01-31 20:00:00+01:00,CT NG 49,0.0
2030,sc01,01-31 20:00:00+01:00,CC NG 26,0.8272819848907064
2030,sc01,01-31 20:00:00+01:00,CC NG 12,0.0
2030,sc01,01-31 20:00:00+01:00,CT NG 05,0.0
2030,sc01,01-31 20:00:00+01:00,CC NG 40,0.0
2030,sc01,01-31 20:00:00+01:00,CT NG 50,0.0
2030,sc01,01-31 20:00:00+01:00,CT NG 68,0.0
2030,sc01,01-31 20:00:00+01:00,CC NG 17,0.0
2030,sc01,01-31 20:00:00+01:00,CC NG 10,0.0
2030,sc01,01-31 20:00:00+01:00,CC NG 33,0.0
2030,sc01,01-31 20:00:00+01:00,CC NG 06,0.0
2030,sc01,01-31 20:00:00+01:00,CT NG 10,0.0
2030,sc01,01-31 20:00:00+01:00,CT NG 01,0.0
2030,sc01,01-31 20:00:00+01:00,CC NG 29,0.0
2030,sc01,01-31 20:00:00+01:00,CC NG 05,0.7040592296398751
2030,sc01,01-31 20:00:00+01:00,CT NG 06,0.0
2030,sc01,01-31 20:00:00+01:00,CT NG 24,1.0
2030,sc01,01-31 20:00:00+01:00,CT NG 22,0.0
2030,sc01,01-31 20:00:00+01:00,CT NG 21,0.0
2030,sc01,01-31 20:00:00+01:00,CC NG 28,0.0
2030,sc01,01-31 20:00:00+01:00,CC NG 35,0.0
2030,sc01,01-31 20:00:00+01:00,CC NG 24,0.0
2030,sc01,01-31 20:00:00+01:00,CC NG 08,0.0
2030,sc01,01-31 20:00:00+01:00,ST NG 02,0.0
2030,sc01,01-31 20:00:00+01:00,CT NG 52,0.0
2030,sc01,01-31 20:00:00+01:00,CT NG 46,0.0
2030,sc01,01-31 20:00:00+01:00,CT NG 36,0.0
2030,sc01,01-31 20:00:00+01:00,CC NG 21,0.0
2030,sc01,01-31 20:00:00+01:00,ST NG 09,0.0
2030,sc01,01-31 20:00:00+01:00,ST NG 04,0.0
2030,sc01,01-31 20:00:00+01:00,CT NG 23,0.0
2030,sc01,01-31 20:00:00+01:00,CT NG 13,0.3830703474533142
2030,sc01,01-31 20:00:00+01:00,CC NG 11,0.0
2030,sc01,01-31 20:00:00+01:00,CT NG 04,0.0
2030,sc01,01-31 20:00:00+01:00,CC NG 18,0.06532789070985612
2030,sc01,01-31 20:00:00+01:00,CC NG 34,0.5995991955329548
2030,sc01,01-31 20:00:00+01:00,CT Oil 04,0.0
2030,sc01,01-31 20:00:00+01:00,CT NG 74,1.0
2030,sc01,01-31 20:00:00+01:00,CT NG 55,0.0
2030,sc01,01-31 20:00:00+01:00,CT NG 75,0.0
2030,sc01,01-31 20:00:00+01:00,CC NG 01,1.0
2030,sc01,01-31 20:00:00+01:00,CC NG 39,0.007483182403906305
2030,sc01,01-31 20:00:00+01:00,CT NG 09,0.0
2030,sc01,01-31 20:00:00+01:00,CC NG 31,0.0
2030,sc01,01-31 20:00:00+01:00,CT NG 14,1.0
2030,sc01,02-04 14:00:00+01:00,ST NG 03,0.0
2030,sc01,02-04 14:00:00+01:00,CC NG 37,1.0
2030,sc01,02-04 14:00:00+01:00,CT NG 48,1.0
2030,sc01,02-04 14:00:00+01:00,CT NG 16,0.0
2030,sc01,02-04 14:00:00+01:00,CT NG 25,0.0
2030,sc01,02-04 14:00:00+01:00,CT NG 53,0.0
2030,sc01,02-04 14:00:00+01:00,ST NG 08,0.0
2030,sc01,02-04 14:00:00+01:00,CT Oil 03,0.0
2030,sc01,02-04 14:00:00+01:00,CT NG 43,0.0
2030,sc01,02-04 14:00:00+01:00,CC NG 04,0.9999999999999999
2030,sc01,02-04 14:00:00+01:00,ST Other 02,0.0
2030,sc01,02-04 14:00:00+01:00,CT NG 30,0.0
2030,sc01,02-04 14:00:00+01:00,CC NG 27,0.0
2030,sc01,02-04 14:00:00+01:00,CC NG 38,1.0
2030,sc01,02-04 14:00:00+01:00,CC NG 20,0.0
2030,sc01,02-04 14:00:00+01:00,CC NG 19,1.0
2030,sc01,02-04 14:00:00+01:00,CT NG 12,0.0
2030,sc01,02-04 14:00:00+01:00,CT NG 70,0.0
2030,sc01,02-04 14:00:00+01:00,ST NG 10,0.0
2030,sc01,02-04 14:00:00+01:00,CT NG 02,0.0
2030,sc01,02-04 14:00:00+01:00,CT NG 26,0.0
2030,sc01,02-04 14:00:00+01:00,ST NG 01,0.0
2030,sc01,02-04 14:00:00+01:00,CC NG 32,0.0
2030,sc01,02-04 14:00:00+01:00,CT NG 35,0.0
2030,sc01,02-04 14:00:00+01:00,ST NG 06,0.0
2030,sc01,02-04 14:00:00+01:00,CT Oil 01,0.0
2030,sc01,02-04 14:00:00+01:00,CT NG 67,0.0
2030,sc01,02-04 14:00:00+01:00,CT NG 72,0.0
2030,sc01,02-04 14:00:00+01:00,CT NG 66,0.0
2030,sc01,02-04 14:00:00+01:00,CT NG 71,0.0
2030,sc01,02-04 14:00:00+01:00,CC NG 07,0.0
2030,sc01,02-04 14:00:00+01:00,CT NG 69,0.0
2030,sc01,02-04 14:00:00+01:00,CT NG 07,0.0
2030,sc01,02-04 14:00:00+01:00,CT NG 45,0.0
2030,sc01,02-04 14:00:00+01:00,CC NG 03,1.0
2030,sc01,02-04 14:00:00+01:00,CC NG 13,0.0
2030,sc01,02-04 14:00:00+01:00,CT Oil 05,0.0
2030,sc01,02-04 14:00:00+01:00,CT NG 54,0.0
2030,sc01,02-04 14:00:00+01:00,ST Coal 01,0.0
2030,sc01,02-04 14:00:00+01:00,CC NG 16,1.0
2030,sc01,02-04 14:00:00+01:00,CT NG 73,0.0
2030,sc01,02-04 14:00:00+01:00,CC NG 09,0.0
2030,sc01,02-04 14:00:00+01:00,CT NG 03,0.0
2030,sc01,02-04 14:00:00+01:00,CT NG 28,0.0
2030,sc01,02-04 14:00:00+01:00,CT NG 11,0.0
2030,sc01,02-04 14:00:00+01:00,CT NG 08,0.0
2030,sc01,02-04 14:00:00+01:00,CT Oil 02,0.0
2030,sc01,02-04 14:00:00+01:00,CC NG 25,0.0
2030,sc01,02-04 14:00:00+01:00,CC NG 22,1.0
2030,sc01,02-04 14:00:00+01:00,CT NG 56,0.0
2030,sc01,02-04 14:00:00+01:00,CT NG 34,0.4425264194873514
2030,sc01,02-04 14:00:00+01:00,ST NG 05,0.0
2030,sc01,02-04 14:00:00+01:00,CT NG 44,0.0
2030,sc01,02-04 14:00:00+01:00,CT NG 47,1.0
2030,sc01,02-04 14:00:00+01:00,CC NG 15,0.0
2030,sc01,02-04 14:00:00+01:00,CC NG 14,0.0
2030,sc01,02-04 14:00:00+01:00,CT NG 42,0.0
2030,sc01,02-04 14:00:00+01:00,ST NG 07,0.0
2030,sc01,02-04 14:00:00+01:00,CC NG 36,0.0
2030,sc01,02-04 14:00:00+01:00,CT NG 15,0.0
2030,sc01,02-04 14:00:00+01:00,CT NG 41,0.0
2030,sc01,02-04 14:00:00+01:00,CC NG 23,1.0
2030,sc01,02-04 14:00:00+01:00,CT NG 49,1.0
2030,sc01,02-04 14:00:00+01:00,CC NG 26,0.0
2030,sc01,02-04 14:00:00+01:00,CC NG 12,0.0
2030,sc01,02-04 14:00:00+01:00,CT NG 05,0.0
2030,sc01,02-04 14:00:00+01:00,CC NG 40,1.0
2030,sc01,02-04 14:00:00+01:00,CT NG 50,0.0
2030,sc01,02-04 14:00:00+01:00,CT NG 68,0.0
2030,sc01,02-04 14:00:00+01:00,CC NG 17,1.0
2030,sc01,02-04 14:00:00+01:00,CC NG 10,0.0
2030,sc01,02-04 14:00:00+01:00,CC NG 33,0.0
2030,sc01,02-04 14:00:00+01:00,CC NG 06,0.0
2030,sc01,02-04 14:00:00+01:00,CT NG 10,0.0
2030,sc01,02-04 14:00:00+01:00,CT NG 01,1.0
2030,sc01,02-04 14:00:00+01:00,CC NG 29,0.0
2030,sc01,02-04 14:00:00+01:00,CC NG 05,0.29594077036012495
2030,sc01,02-04 14:00:00+01:00,CT NG 06,0.0
2030,sc01,02-04 14:00:00+01:00,CT NG 24,0.0
2030,sc01,02-04 14:00:00+01:00,CT NG 22,0.0
2030,sc01,02-04 14:00:00+01:00,CT NG 21,0.0
2030,sc01,02-04 14:00:00+01:00,CC NG 28,1.0
2030,sc01,02-04 14:00:00+01:00,CC NG 35,0.0
2030,sc01,02-04 14:00:00+01:00,CC NG 24,0.6120887724563159
2030,sc01,02-04 14:00:00+01:00,CC NG 08,0.0
2030,sc01,02-04 14:00:00+01:00,ST NG 02,0.0
2030,sc01,02-04 14:00:00+01:00,CT NG 52,0.0
2030,sc01,02-04 14:00:00+01:00,CT NG 46,1.0
2030,sc01,02-04 14:00:00+01:00,CT NG 36,1.0
2030,sc01,02-04 14:00:00+01:00,CC NG 21,0.0
2030,sc01,02-04 14:00:00+01:00,ST NG 09,0.0
2030,sc01,02-04 14:00:00+01:00,ST NG 04,1.0
2030,sc01,02-04 14:00:00+01:00,CT NG 23,0.0
2030,sc01,02-04 14:00:00+01:00,CT NG 13,1.0
2030,sc01,02-04 14:00:00+01:00,CC NG 11,1.0
2030,sc01,02-04 14:00:00+01:00,CT NG 04,0.0
2030,sc01,02-04 14:00:00+01:00,CC NG 18,0.9140720968603108
2030,sc01,02-04 14:00:00+01:00,CC NG 34,0.0
2030,sc01,02-04 14:00:00+01:00,CT Oil 04,0.0
2030,sc01,02-04 14:00:00+01:00,CT NG 74,0.0
2030,sc01,02-04 14:00:00+01:00,CT NG 55,0.0
2030,sc01,02-04 14:00:00+01:00,CT NG 75,0.0
2030,sc01,02-04 14:00:00+01:00,CC NG 01,0.0
2030,sc01,02-04 14:00:00+01:00,CC NG 39,0.0
2030,sc01,02-04 14:00:00+01:00,CT NG 09,0.0
2030,sc01,02-04 14:00:00+01:00,CC NG 31,0.0
2030,sc01,02-04 14:00:00+01:00,CT NG 14,0.0
2030,sc01,02-04 18:00:00+01:00,ST NG 03,0.0
2030,sc01,02-04 18:00:00+01:00,CC NG 37,0.0
2030,sc01,02-04 18:00:00+01:00,CT NG 48,0.0
2030,sc01,02-04 18:00:00+01:00,CT NG 16,0.0
2030,sc01,02-04 18:00:00+01:00,CT NG 25,0.0
2030,sc01,02-04 18:00:00+01:00,CT NG 53,0.0
2030,sc01,02-04 18:00:00+01:00,ST NG 08,0.0
2030,sc01,02-04 18:00:00+01:00,CT Oil 03,0.0
2030,sc01,02-04 18:00:00+01:00,CT NG 43,0.0
2030,sc01,02-04 18:00:00+01:00,CC NG 04,0.0
2030,sc01,02-04 18:00:00+01:00,ST Other 02,0.0
2030,sc01,02-04 18:00:00+01:00,CT NG 30,0.0
2030,sc01,02-04 18:00:00+01:00,CC NG 27,0.0
2030,sc01,02-04 18:00:00+01:00,CC NG 38,0.0
2030,sc01,02-04 18:00:00+01:00,CC NG 20,0.0
2030,sc01,02-04 18:00:00+01:00,CC NG 19,0.0
2030,sc01,02-04 18:00:00+01:00,CT NG 12,0.0
2030,sc01,02-04 18:00:00+01:00,CT NG 70,0.0
2030,sc01,02-04 18:00:00+01:00,ST NG 10,0.0
2030,sc01,02-04 18:00:00+01:00,CT NG 02,0.0
2030,sc01,02-04 18:00:00+01:00,CT NG 26,0.0
2030,sc01,02-04 18:00:00+01:00,ST NG 01,0.0
2030,sc01,02-04 18:00:00+01:00,CC NG 32,0.0
2030,sc01,02-04 18:00:00+01:00,CT NG 35,0.0
2030,sc01,02-04 18:00:00+01:00,ST NG 06,0.0
2030,sc01,02-04 18:00:00+01:00,CT Oil 01,0.0
2030,sc01,02-04 18:00:00+01:00,CT NG 67,0.0
2030,sc01,02-04 18:00:00+01:00,CT NG 72,0.0
2030,sc01,02-04 18:00:00+01:00,CT NG 66,0.0
2030,sc01,02-04 18:00:00+01:00,CT NG 71,0.0
2030,sc01,02-04 18:00:00+01:00,CC NG 07,0.0
2030,sc01,02-04 18:00:00+01:00,CT NG 69,0.0
2030,sc01,02-04 18:00:00+01:00,CT NG 07,0.0
2030,sc01,02-04 18:00:00+01:00,CT NG 45,0.0
2030,sc01,02-04 18:00:00+01:00,CC NG 03,0.13076234141729892
2030,sc01,02-04 18:00:00+01:00,CC NG 13,0.0
2030,sc01,02-04 18:00:00+01:00,CT Oil 05,0.0
2030,sc01,02-04 18:00:00+01:00,CT NG 54,0.0
2030,sc01,02-04 18:00:00+01:00,ST Coal 01,0.0
2030,sc01,02-04 18:00:00+01:00,CC NG 16,0.0
2030,sc01,02-04 18:00:00+01:00,CT NG 73,0.0
2030,sc01,02-04 18:00:00+01:00,CC NG 09,0.0
2030,sc01,02-04 18:00:00+01:00,CT NG 03,0.0
2030,sc01,02-04 18:00:00+01:00,CT NG 28,0.0
2030,sc01,02-04 18:00:00+01:00,CT NG 11,0.0
2030,sc01,02-04 18:00:00+01:00,CT NG 08,0.0
2030,sc01,02-04 18:00:00+01:00,CT Oil 02,0.0
2030,sc01,02-04 18:00:00+01:00,CC NG 25,0.0
2030,sc01,02-04 18:00:00+01:00,CC NG 22,0.0
2030,sc01,02-04 18:00:00+01:00,CT NG 56,0.0
2030,sc01,02-04 18:00:00+01:00,CT NG 34,0.0
2030,sc01,02-04 18:00:00+01:00,ST NG 05,0.0
2030,sc01,02-04 18:00:00+01:00,CT NG 44,0.0
2030,sc01,02-04 18:00:00+01:00,CT NG 47,0.0
2030,sc01,02-04 18:00:00+01:00,CC NG 15,0.0
2030,sc01,02-04 18:00:00+01:00,CC NG 14,0.0
2030,sc01,02-04 18:00:00+01:00,CT NG 42,0.0
2030,sc01,02-04 18:00:00+01:00,ST NG 07,0.0
2030,sc01,02-04 18:00:00+01:00,CC NG 36,0.0
2030,sc01,02-04 18:00:00+01:00,CT NG 15,0.0
2030,sc01,02-04 18:00:00+01:00,CT NG 41,0.0
2030,sc01,02-04 18:00:00+01:00,CC NG 23,0.0
2030,sc01,02-04 18:00:00+01:00,CT NG 49,0.0
2030,sc01,02-04 18:00:00+01:00,CC NG 26,0.0
2030,sc01,02-04 18:00:00+01:00,CC NG 12,0.0
2030,sc01,02-04 18:00:00+01:00,CT NG 05,0.0
2030,sc01,02-04 18:00:00+01:00,CC NG 40,0.7655739814005459
2030,sc01,02-04 18:00:00+01:00,CT NG 50,0.0
2030,sc01,02-04 18:00:00+01:00,CT NG 68,0.0
2030,sc01,02-04 18:00:00+01:00,CC NG 17,0.0
2030,sc01,02-04 18:00:00+01:00,CC NG 10,0.0
2030,sc01,02-04 18:00:00+01:00,CC NG 33,0.0
2030,sc01,02-04 18:00:00+01:00,CC NG 06,0.0
2030,sc01,02-04 18:00:00+01:00,CT NG 10,0.0
2030,sc01,02-04 18:00:00+01:00,CT NG 01,0.0
2030,sc01,02-04 18:00:00+01:00,CC NG 29,0.0
2030,sc01,02-04 18:00:00+01:00,CC NG 05,0.0
2030,sc01,02-04 18:00:00+01:00,CT NG 06,0.0
2030,sc01,02-04 18:00:00+01:00,CT NG 24,0.0
2030,sc01,02-04 18:00:00+01:00,CT NG 22,0.0
2030,sc01,02-04 18:00:00+01:00,CT NG 21,0.0
2030,sc01,02-04 18:00:00+01:00,CC NG 28,0.0
2030,sc01,02-04 18:00:00+01:00,CC NG 35,0.0
2030,sc01,02-04 18:00:00+01:00,CC NG 24,0.3879112275436841
2030,sc01,02-04 18:00:00+01:00,CC NG 08,0.0
2030,sc01,02-04 18:00:00+01:00,ST NG 02,0.0
2030,sc01,02-04 18:00:00+01:00,CT NG 52,0.0
2030,sc01,02-04 18:00:00+01:00,CT NG 46,0.0
2030,sc01,02-04 18:00:00+01:00,CT NG 36,0.0
2030,sc01,02-04 18:00:00+01:00,CC NG 21,0.0
2030,sc01,02-04 18:00:00+01:00,ST NG 09,0.0
2030,sc01,02-04 18:00:00+01:00,ST NG 04,0.0
2030,sc01,02-04 18:00:00+01:00,CT NG 23,0.0
2030,sc01,02-04 18:00:00+01:00,CT NG 13,0.0
2030,sc01,02-04 18:00:00+01:00,CC NG 11,0.0
2030,sc01,02-04 18:00:00+01:00,CT NG 04,0.0
2030,sc01,02-04 18:00:00+01:00,CC NG 18,0.0
2030,sc01,02-04 18:00:00+01:00,CC NG 34,0.0
2030,sc01,02-04 18:00:00+01:00,CT Oil 04,0.0
2030,sc01,02-04 18:00:00+01:00,CT NG 74,0.0
2030,sc01,02-04 18:00:00+01:00,CT NG 55,0.0
2030,sc01,02-04 18:00:00+01:00,CT NG 75,0.0
2030,sc01,02-04 18:00:00+01:00,CC NG 01,0.0
2030,sc01,02-04 18:00:00+01:00,CC NG 39,0.0
2030,sc01,02-04 18:00:00+01:00,CT NG 09,0.0
2030,sc01,02-04 18:00:00+01:00,CC NG 31,0.0
2030,sc01,02-04 18:00:00+01:00,CT NG 14,0.0
2030,sc01,02-04 20:00:00+01:00,ST NG 03,0.0
2030,sc01,02-04 20:00:00+01:00,CC NG 37,0.0
2030,sc01,02-04 20:00:00+01:00,CT NG 48,0.0
2030,sc01,02-04 20:00:00+01:00,CT NG 16,0.0
2030,sc01,02-04 20:00:00+01:00,CT NG 25,0.0
2030,sc01,02-04 20:00:00+01:00,CT NG 53,0.0
2030,sc01,02-04 20:00:00+01:00,ST NG 08,0.0
2030,sc01,02-04 20:00:00+01:00,CT Oil 03,0.0
2030,sc01,02-04 20:00:00+01:00,CT NG 43,0.0
2030,sc01,02-04 20:00:00+01:00,CC NG 04,0.0
2030,sc01,02-04 20:00:00+01:00,ST Other 02,0.0
2030,sc01,02-04 20:00:00+01:00,CT NG 30,0.0
2030,sc01,02-04 20:00:00+01:00,CC NG 27,0.0
2030,sc01,02-04 20:00:00+01:00,CC NG 38,0.0
2030,sc01,02-04 20:00:00+01:00,CC NG 20,0.0
2030,sc01,02-04 20:00:00+01:00,CC NG 19,0.0
2030,sc01,02-04 20:00:00+01:00,CT NG 12,0.0
2030,sc01,02-04 20:00:00+01:00,CT NG 70,0.0
2030,sc01,02-04 20:00:00+01:00,ST NG 10,0.0
2030,sc01,02-04 20:00:00+01:00,CT NG 02,0.0
2030,sc01,02-04 20:00:00+01:00,CT NG 26,0.5411809418366814
2030,sc01,02-04 20:00:00+01:00,ST NG 01,0.0
2030,sc01,02-04 20:00:00+01:00,CC NG 32,0.0
2030,sc01,02-04 20:00:00+01:00,CT NG 35,0.0
2030,sc01,02-04 20:00:00+01:00,ST NG 06,0.0
2030,sc01,02-04 20:00:00+01:00,CT Oil 01,0.0
2030,sc01,02-04 20:00:00+01:00,CT NG 67,0.0
2030,sc01,02-04 20:00:00+01:00,CT NG 72,0.0
2030,sc01,02-04 20:00:00+01:00,CT NG 66,0.0
2030,sc01,02-04 20:00:00+01:00,CT NG 71,0.0
2030,sc01,02-04 20:00:00+01:00,CC NG 07,0.0
2030,sc01,02-04 20:00:00+01:00,CT NG 69,0.0
2030,sc01,02-04 20:00:00+01:00,CT NG 07,0.0
2030,sc01,02-04 20:00:00+01:00,CT NG 45,0.0
2030,sc01,02-04 20:00:00+01:00,CC NG 03,0.8692376585827011
2030,sc01,02-04 20:00:00+01:00,CC NG 13,0.0
2030,sc01,02-04 20:00:00+01:00,CT Oil 05,0.0
2030,sc01,02-04 20:00:00+01:00,CT NG 54,0.0
2030,sc01,02-04 20:00:00+01:00,ST Coal 01,0.0
2030,sc01,02-04 20:00:00+01:00,CC NG 16,0.0
2030,sc01,02-04 20:00:00+01:00,CT NG 73,0.0
2030,sc01,02-04 20:00:00+01:00,CC NG 09,0.0
2030,sc01,02-04 20:00:00+01:00,CT NG 03,0.0
2030,sc01,02-04 20:00:00+01:00,CT NG 28,0.0
2030,sc01,02-04 20:00:00+01:00,CT NG 11,0.0
2030,sc01,02-04 20:00:00+01:00,CT NG 08,0.0
2030,sc01,02-04 20:00:00+01:00,CT Oil 02,0.0
2030,sc01,02-04 20:00:00+01:00,CC NG 25,0.0
2030,sc01,02-04 20:00:00+01:00,CC NG 22,0.0
2030,sc01,02-04 20:00:00+01:00,CT NG 56,0.0
2030,sc01,02-04 20:00:00+01:00,CT NG 34,0.0
2030,sc01,02-04 20:00:00+01:00,ST NG 05,0.0
2030,sc01,02-04 20:00:00+01:00,CT NG 44,0.0
2030,sc01,02-04 20:00:00+01:00,CT NG 47,0.0
2030,sc01,02-04 20:00:00+01:00,CC NG 15,0.0
2030,sc01,02-04 20:00:00+01:00,CC NG 14,0.0
2030,sc01,02-04 20:00:00+01:00,CT NG 42,0.0
2030,sc01,02-04 20:00:00+01:00,ST NG 07,0.0
2030,sc01,02-04 20:00:00+01:00,CC NG 36,0.0
2030,sc01,02-04 20:00:00+01:00,CT NG 15,0.0
2030,sc01,02-04 20:00:00+01:00,CT NG 41,0.0
2030,sc01,02-04 20:00:00+01:00,CC NG 23,0.0
2030,sc01,02-04 20:00:00+01:00,CT NG 49,0.0
2030,sc01,02-04 20:00:00+01:00,CC NG 26,0.0
2030,sc01,02-04 20:00:00+01:00,CC NG 12,0.0
2030,sc01,02-04 20:00:00+01:00,CT NG 05,0.0
2030,sc01,02-04 20:00:00+01:00,CC NG 40,0.0
2030,sc01,02-04 20:00:00+01:00,CT NG 50,0.0
2030,sc01,02-04 20:00:00+01:00,CT NG 68,0.0
2030,sc01,02-04 20:00:00+01:00,CC NG 17,0.0
2030,sc01,02-04 20:00:00+01:00,CC NG 10,0.0
2030,sc01,02-04 20:00:00+01:00,CC NG 33,0.0
2030,sc01,02-04 20:00:00+01:00,CC NG 06,0.0
2030,sc01,02-04 20:00:00+01:00,CT NG 10,0.0
2030,sc01,02-04 20:00:00+01:00,CT NG 01,0.19220690645296246
2030,sc01,02-04 20:00:00+01:00,CC NG 29,0.0
2030,sc01,02-04 20:00:00+01:00,CC NG 05,0.0
2030,sc01,02-04 20:00:00+01:00,CT NG 06,0.0
2030,sc01,02-04 20:00:00+01:00,CT NG 24,0.0
2030,sc01,02-04 20:00:00+01:00,CT NG 22,0.0
2030,sc01,02-04 20:00:00+01:00,CT NG 21,0.0
2030,sc01,02-04 20:00:00+01:00,CC NG 28,0.0
2030,sc01,02-04 20:00:00+01:00,CC NG 35,0.0
2030,sc01,02-04 20:00:00+01:00,CC NG 24,0.022668044956477118
2030,sc01,02-04 20:00:00+01:00,CC NG 08,0.0
2030,sc01,02-04 20:00:00+01:00,ST NG 02,0.0
2030,sc01,02-04 20:00:00+01:00,CT NG 52,0.0
2030,sc01,02-04 20:00:00+01:00,CT NG 46,0.0
2030,sc01,02-04 20:00:00+01:00,CT NG 36,0.0
2030,sc01,02-04 20:00:00+01:00,CC NG 21,0.0
2030,sc01,02-04 20:00:00+01:00,ST NG 09,0.0
2030,sc01,02-04 20:00:00+01:00,ST NG 04,0.0
2030,sc01,02-04 20:00:00+01:00,CT NG 23,0.0
2030,sc01,02-04 20:00:00+01:00,CT NG 13,0.0
2030,sc01,02-04 20:00:00+01:00,CC NG 11,1.0
2030,sc01,02-04 20:00:00+01:00,CT NG 04,0.0
2030,sc01,02-04 20:00:00+01:00,CC NG 18,0.0
2030,sc01,02-04 20:00:00+01:00,CC NG 34,0.0
2030,sc01,02-04 20:00:00+01:00,CT Oil 04,0.0
2030,sc01,02-04 20:00:00+01:00,CT NG 74,0.0
2030,sc01,02-04 20:00:00+01:00,CT NG 55,0.0
2030,sc01,02-04 20:00:00+01:00,CT NG 75,0.0
2030,sc01,02-04 20:00:00+01:00,CC NG 01,0.0
2030,sc01,02-04 20:00:00+01:00,CC NG 39,0.0
2030,sc01,02-04 20:00:00+01:00,CT NG 09,0.0
2030,sc01,02-04 20:00:00+01:00,CC NG 31,0.0
2030,sc01,02-04 20:00:00+01:00,CT NG 14,0.0
2030,sc01,02-05 19:00:00+01:00,ST NG 03,0.0
2030,sc01,02-05 19:00:00+01:00,CC NG 37,0.0
2030,sc01,02-05 19:00:00+01:00,CT NG 48,0.0
2030,sc01,02-05 19:00:00+01:00,CT NG 16,0.0
2030,sc01,02-05 19:00:00+01:00,CT NG 25,0.0
2030,sc01,02-05 19:00:00+01:00,CT NG 53,0.0
2030,sc01,02-05 19:00:00+01:00,ST NG 08,0.0
2030,sc01,02-05 19:00:00+01:00,CT Oil 03,0.0
2030,sc01,02-05 19:00:00+01:00,CT NG 43,0.0
2030,sc01,02-05 19:00:00+01:00,CC NG 04,0.0
2030,sc01,02-05 19:00:00+01:00,ST Other 02,0.0
2030,sc01,02-05 19:00:00+01:00,CT NG 30,0.0
2030,sc01,02-05 19:00:00+01:00,CC NG 27,0.0
2030,sc01,02-05 19:00:00+01:00,CC NG 38,0.0
2030,sc01,02-05 19:00:00+01:00,CC NG 20,0.0
2030,sc01,02-05 19:00:00+01:00,CC NG 19,0.0
2030,sc01,02-05 19:00:00+01:00,CT NG 12,0.0
2030,sc01,02-05 19:00:00+01:00,CT NG 70,0.0
2030,sc01,02-05 19:00:00+01:00,ST NG 10,0.0
2030,sc01,02-05 19:00:00+01:00,CT NG 02,0.0
2030,sc01,02-05 19:00:00+01:00,CT NG 26,0.4588190581633186
2030,sc01,02-05 19:00:00+01:00,ST NG 01,0.0
2030,sc01,02-05 19:00:00+01:00,CC NG 32,0.0
2030,sc01,02-05 19:00:00+01:00,CT NG 35,0.0
2030,sc01,02-05 19:00:00+01:00,ST NG 06,0.0
2030,sc01,02-05 19:00:00+01:00,CT Oil 01,0.0
2030,sc01,02-05 19:00:00+01:00,CT NG 67,0.0
2030,sc01,02-05 19:00:00+01:00,CT NG 72,0.0
2030,sc01,02-05 19:00:00+01:00,CT NG 66,0.0
2030,sc01,02-05 19:00:00+01:00,CT NG 71,0.0
2030,sc01,02-05 19:00:00+01:00,CC NG 07,0.0
2030,sc01,02-05 19:00:00+01:00,CT NG 69,0.0
2030,sc01,02-05 19:00:00+01:00,CT NG 07,0.0
2030,sc01,02-05 19:00:00+01:00,CT NG 45,0.0
2030,sc01,02-05 19:00:00+01:00,CC NG 03,0.0
2030,sc01,02-05 19:00:00+01:00,CC NG 13,0.0
2030,sc01,02-05 19:00:00+01:00,CT Oil 05,0.0
2030,sc01,02-05 19:00:00+01:00,CT NG 54,0.0
2030,sc01,02-05 19:00:00+01:00,ST Coal 01,0.0
2030,sc01,02-05 19:00:00+01:00,CC NG 16,0.0
2030,sc01,02-05 19:00:00+01:00,CT NG 73,0.0
2030,sc01,02-05 19:00:00+01:00,CC NG 09,0.0
2030,sc01,02-05 19:00:00+01:00,CT NG 03,0.0
2030,sc01,02-05 19:00:00+01:00,CT NG 28,0.0
2030,sc01,02-05 19:00:00+01:00,CT NG 11,0.0
2030,sc01,02-05 19:00:00+01:00,CT NG 08,0.0
2030,sc01,02-05 19:00:00+01:00,CT Oil 02,0.0
2030,sc01,02-05 19:00:00+01:00,CC NG 25,0.0
2030,sc01,02-05 19:00:00+01:00,CC NG 22,0.0
2030,sc01,02-05 19:00:00+01:00,CT NG 56,0.0
2030,sc01,02-05 19:00:00+01:00,CT NG 34,0.0
2030,sc01,02-05 19:00:00+01:00,ST NG 05,0.0
2030,sc01,02-05 19:00:00+01:00,CT NG 44,0.0
2030,sc01,02-05 19:00:00+01:00,CT NG 47,0.0
2030,sc01,02-05 19:00:00+01:00,CC NG 15,0.0
2030,sc01,02-05 19:00:00+01:00,CC NG 14,0.0
2030,sc01,02-05 19:00:00+01:00,CT NG 42,0.0
2030,sc01,02-05 19:00:00+01:00,ST NG 07,0.0
2030,sc01,02-05 19:00:00+01:00,CC NG 36,0.0
2030,sc01,02-05 19:00:00+01:00,CT NG 15,0.0
2030,sc01,02-05 19:00:00+01:00,CT NG 41,0.0
2030,sc01,02-05 19:00:00+01:00,CC NG 23,0.0
2030,sc01,02-05 19:00:00+01:00,CT NG 49,0.0
2030,sc01,02-05 19:00:00+01:00,CC NG 26,0.17271801510929363
2030,sc01,02-05 19:00:00+01:00,CC NG 12,0.0
2030,sc01,02-05 19:00:00+01:00,CT NG 05,0.0
2030,sc01,02-05 19:00:00+01:00,CC NG 40,0.0
2030,sc01,02-05 19:00:00+01:00,CT NG 50,0.0
2030,sc01,02-05 19:00:00+01:00,CT NG 68,0.0
2030,sc01,02-05 19:00:00+01:00,CC NG 17,0.0
2030,sc01,02-05 19:00:00+01:00,CC NG 10,0.0
2030,sc01,02-05 19:00:00+01:00,CC NG 33,0.0
2030,sc01,02-05 19:00:00+01:00,CC NG 06,0.0
2030,sc01,02-05 19:00:00+01:00,CT NG 10,0.0
2030,sc01,02-05 19:00:00+01:00,CT NG 01,0.08093137603395395
2030,sc01,02-05 19:00:00+01:00,CC NG 29,0.0
2030,sc01,02-05 19:00:00+01:00,CC NG 05,0.0
2030,sc01,02-05 19:00:00+01:00,CT NG 06,0.0
2030,sc01,02-05 19:00:00+01:00,CT NG 24,0.0
2030,sc01,02-05 19:00:00+01:00,CT NG 22,0.0
2030,sc01,02-05 19:00:00+01:00,CT NG 21,0.0
2030,sc01,02-05 19:00:00+01:00,CC NG 28,0.0
2030,sc01,02-05 19:00:00+01:00,CC NG 35,0.0
2030,sc01,02-05 19:00:00+01:00,CC NG 24,0.9773319550435229
2030,sc01,02-05 19:00:00+01:00,CC NG 08,0.0
2030,sc01,02-05 19:00:00+01:00,ST NG 02,0.705102298813614
2030,sc01,02-05 19:00:00+01:00,CT NG 52,0.0
2030,sc01,02-05 19:00:00+01:00,CT NG 46,0.0
2030,sc01,02-05 19:00:00+01:00,CT NG 36,0.0
2030,sc01,02-05 19:00:00+01:00,CC NG 21,0.0
2030,sc01,02-05 19:00:00+01:00,ST NG 09,0.0
2030,sc01,02-05 19:00:00+01:00,ST NG 04,0.0
2030,sc01,02-05 19:00:00+01:00,CT NG 23,0.0
2030,sc01,02-05 19:00:00+01:00,CT NG 13,0.0
2030,sc01,02-05 19:00:00+01:00,CC NG 11,0.0
2030,sc01,02-05 19:00:00+01:00,CT NG 04,0.0
2030,sc01,02-05 19:00:00+01:00,CC NG 18,0.10434798111606147
2030,sc01,02-05 19:00:00+01:00,CC NG 34,0.0
2030,sc01,02-05 19:00:00+01:00,CT Oil 04,0.0
2030,sc01,02-05 19:00:00+01:00,CT NG 74,0.0
2030,sc01,02-05 19:00:00+01:00,CT NG 55,0.0
2030,sc01,02-05 19:00:00+01:00,CT NG 75,0.0
2030,sc01,02-05 19:00:00+01:00,CC NG 01,0.0
2030,sc01,02-05 19:00:00+01:00,CC NG 39,0.0
2030,sc01,02-05 19:00:00+01:00,CT NG 09,0.0
2030,sc01,02-05 19:00:00+01:00,CC NG 31,0.0
2030,sc01,02-05 19:00:00+01:00,CT NG 14,0.0
2030,sc01,02-05 20:00:00+01:00,ST NG 03,0.0
2030,sc01,02-05 20:00:00+01:00,CC NG 37,0.0
2030,sc01,02-05 20:00:00+01:00,CT NG 48,0.0
2030,sc01,02-05 20:00:00+01:00,CT NG 16,0.0
2030,sc01,02-05 20:00:00+01:00,CT NG 25,1.0
2030,sc01,02-05 20:00:00+01:00,CT NG 53,0.0
2030,sc01,02-05 20:00:00+01:00,ST NG 08,0.0
2030,sc01,02-05 20:00:00+01:00,CT Oil 03,0.0
2030,sc01,02-05 20:00:00+01:00,CT NG 43,0.0
2030,sc01,02-05 20:00:00+01:00,CC NG 04,0.0
2030,sc01,02-05 20:00:00+01:00,ST Other 02,0.0
2030,sc01,02-05 20:00:00+01:00,CT NG 30,0.0
2030,sc01,02-05 20:00:00+01:00,CC NG 27,0.0
2030,sc01,02-05 20:00:00+01:00,CC NG 38,0.0
2030,sc01,02-05 20:00:00+01:00,CC NG 20,0.0
2030,sc01,02-05 20:00:00+01:00,CC NG 19,0.0
2030,sc01,02-05 20:00:00+01:00,CT NG 12,0.0
2030,sc01,02-05 20:00:00+01:00,CT NG 70,0.0
2030,sc01,02-05 20:00:00+01:00,ST NG 10,0.0
2030,sc01,02-05 20:00:00+01:00,CT NG 02,0.0
2030,sc01,02-05 20:00:00+01:00,CT NG 26,1.0
2030,sc01,02-05 20:00:00+01:00,ST NG 01,0.0
2030,sc01,02-05 20:00:00+01:00,CC NG 32,0.0
2030,sc01,02-05 20:00:00+01:00,CT NG 35,0.0
2030,sc01,02-05 20:00:00+01:00,ST NG 06,0.0
2030,sc01,02-05 20:00:00+01:00,CT Oil 01,0.0
2030,sc01,02-05 20:00:00+01:00,CT NG 67,0.0
2030,sc01,02-05 20:00:00+01:00,CT NG 72,0.0
2030,sc01,02-05 20:00:00+01:00,CT NG 66,0.0
2030,sc01,02-05 20:00:00+01:00,CT NG 71,0.0
2030,sc01,02-05 20:00:00+01:00,CC NG 07,0.0
2030,sc01,02-05 20:00:00+01:00,CT NG 69,0.0
2030,sc01,02-05 20:00:00+01:00,CT NG 07,0.0
2030,sc01,02-05 20:00:00+01:00,CT NG 45,0.0
2030,sc01,02-05 20:00:00+01:00,CC NG 03,0.0
2030,sc01,02-05 20:00:00+01:00,CC NG 13,1.0
2030,sc01,02-05 20:00:00+01:00,CT Oil 05,0.0
2030,sc01,02-05 20:00:00+01:00,CT NG 54,0.0
2030,sc01,02-05 20:00:00+01:00,ST Coal 01,0.0
2030,sc01,02-05 20:00:00+01:00,CC NG 16,0.0
2030,sc01,02-05 20:00:00+01:00,CT NG 73,0.0
2030,sc01,02-05 20:00:00+01:00,CC NG 09,0.0
2030,sc01,02-05 20:00:00+01:00,CT NG 03,0.0
2030,sc01,02-05 20:00:00+01:00,CT NG 28,0.0
2030,sc01,02-05 20:00:00+01:00,CT NG 11,0.0
2030,sc01,02-05 20:00:00+01:00,CT NG 08,0.0
2030,sc01,02-05 20:00:00+01:00,CT Oil 02,0.0
2030,sc01,02-05 20:00:00+01:00,CC NG 25,0.0
2030,sc01,02-05 20:00:00+01:00,CC NG 22,0.0
2030,sc01,02-05 20:00:00+01:00,CT NG 56,0.0
2030,sc01,02-05 20:00:00+01:00,CT NG 34,0.0
2030,sc01,02-05 20:00:00+01:00,ST NG 05,0.0
2030,sc01,02-05 20:00:00+01:00,CT NG 44,0.0
2030,sc01,02-05 20:00:00+01:00,CT NG 47,0.0
2030,sc01,02-05 20:00:00+01:00,CC NG 15,0.0
2030,sc01,02-05 20:00:00+01:00,CC NG 14,1.0
2030,sc01,02-05 20:00:00+01:00,CT NG 42,0.0
2030,sc01,02-05 20:00:00+01:00,ST NG 07,0.0
2030,sc01,02-05 20:00:00+01:00,CC NG 36,0.0
2030,sc01,02-05 20:00:00+01:00,CT NG 15,0.0
2030,sc01,02-05 20:00:00+01:00,CT NG 41,1.0
2030,sc01,02-05 20:00:00+01:00,CC NG 23,0.0
2030,sc01,02-05 20:00:00+01:00,CT NG 49,0.0
2030,sc01,02-05 20:00:00+01:00,CC NG 26,0.0
2030,sc01,02-05 20:00:00+01:00,CC NG 12,0.0
2030,sc01,02-05 20:00:00+01:00,CT NG 05,0.0
2030,sc01,02-05 20:00:00+01:00,CC NG 40,0.0
2030,sc01,02-05 20:00:00+01:00,CT NG 50,0.0
2030,sc01,02-05 20:00:00+01:00,CT NG 68,0.0
2030,sc01,02-05 20:00:00+01:00,CC NG 17,0.0
2030,sc01,02-05 20:00:00+01:00,CC NG 10,0.0
2030,sc01,02-05 20:00:00+01:00,CC NG 33,0.0
2030,sc01,02-05 20:00:00+01:00,CC NG 06,0.0
2030,sc01,02-05 20:00:00+01:00,CT NG 10,0.0
2030,sc01,02-05 20:00:00+01:00,CT NG 01,0.26774119328111157
2030,sc01,02-05 20:00:00+01:00,CC NG 29,0.0
2030,sc01,02-05 20:00:00+01:00,CC NG 05,0.0
2030,sc01,02-05 20:00:00+01:00,CT NG 06,0.0
2030,sc01,02-05 20:00:00+01:00,CT NG 24,0.2736031104847655
2030,sc01,02-05 20:00:00+01:00,CT NG 22,0.0
2030,sc01,02-05 20:00:00+01:00,CT NG 21,0.0
2030,sc01,02-05 20:00:00+01:00,CC NG 28,0.0
2030,sc01,02-05 20:00:00+01:00,CC NG 35,0.0
2030,sc01,02-05 20:00:00+01:00,CC NG 24,0.0
2030,sc01,02-05 20:00:00+01:00,CC NG 08,0.0
2030,sc01,02-05 20:00:00+01:00,ST NG 02,0.294897701186386
2030,sc01,02-05 20:00:00+01:00,CT NG 52,0.0
2030,sc01,02-05 20:00:00+01:00,CT NG 46,0.0
2030,sc01,02-05 20:00:00+01:00,CT NG 36,0.0
2030,sc01,02-05 20:00:00+01:00,CC NG 21,1.0
2030,sc01,02-05 20:00:00+01:00,ST NG 09,0.0
2030,sc01,02-05 20:00:00+01:00,ST NG 04,0.0
2030,sc01,02-05 20:00:00+01:00,CT NG 23,0.0
2030,sc01,02-05 20:00:00+01:00,CT NG 13,0.0
2030,sc01,02-05 20:00:00+01:00,CC NG 11,0.0
2030,sc01,02-05 20:00:00+01:00,CT NG 04,0.0
2030,sc01,02-05 20:00:00+01:00,CC NG 18,0.9768256699276067
2030,sc01,02-05 20:00:00+01:00,CC NG 34,0.0
2030,sc01,02-05 20:00:00+01:00,CT Oil 04,0.0
2030,sc01,02-05 20:00:00+01:00,CT NG 74,1.0
2030,sc01,02-05 20:00:00+01:00,CT NG 55,0.0
2030,sc01,02-05 20:00:00+01:00,CT NG 75,0.0
2030,sc01,02-05 20:00:00+01:00,CC NG 01,1.0
2030,sc01,02-05 20:00:00+01:00,CC NG 39,0.0
2030,sc01,02-05 20:00:00+01:00,CT NG 09,0.0
2030,sc01,02-05 20:00:00+01:00,CC NG 31,0.0
2030,sc01,02-05 20:00:00+01:00,CT NG 14,0.0
2030,sc01,02-08 15:00:00+01:00,ST NG 03,0.0
2030,sc01,02-08 15:00:00+01:00,CC NG 37,1.0
2030,sc01,02-08 15:00:00+01:00,CT NG 48,1.0
2030,sc01,02-08 15:00:00+01:00,CT NG 16,0.0
2030,sc01,02-08 15:00:00+01:00,CT NG 25,0.0
2030,sc01,02-08 15:00:00+01:00,CT NG 53,0.0
2030,sc01,02-08 15:00:00+01:00,ST NG 08,0.0
2030,sc01,02-08 15:00:00+01:00,CT Oil 03,0.0
2030,sc01,02-08 15:00:00+01:00,CT NG 43,0.0
2030,sc01,02-08 15:00:00+01:00,CC NG 04,0.9999999999999999
2030,sc01,02-08 15:00:00+01:00,ST Other 02,0.0
2030,sc01,02-08 15:00:00+01:00,CT NG 30,0.0
2030,sc01,02-08 15:00:00+01:00,CC NG 27,0.0
2030,sc01,02-08 15:00:00+01:00,CC NG 38,1.0
2030,sc01,02-08 15:00:00+01:00,CC NG 20,0.0
2030,sc01,02-08 15:00:00+01:00,CC NG 19,1.0
2030,sc01,02-08 15:00:00+01:00,CT NG 12,0.0
2030,sc01,02-08 15:00:00+01:00,CT NG 70,0.0
2030,sc01,02-08 15:00:00+01:00,ST NG 10,0.0
2030,sc01,02-08 15:00:00+01:00,CT NG 02,0.0
2030,sc01,02-08 15:00:00+01:00,CT NG 26,0.0
2030,sc01,02-08 15:00:00+01:00,ST NG 01,0.0
2030,sc01,02-08 15:00:00+01:00,CC NG 32,0.0
2030,sc01,02-08 15:00:00+01:00,CT NG 35,1.0
2030,sc01,02-08 15:00:00+01:00,ST NG 06,0.0
2030,sc01,02-08 15:00:00+01:00,CT Oil 01,0.0
2030,sc01,02-08 15:00:00+01:00,CT NG 67,0.0
2030,sc01,02-08 15:00:00+01:00,CT NG 72,0.0
2030,sc01,02-08 15:00:00+01:00,CT NG 66,0.0
2030,sc01,02-08 15:00:00+01:00,CT NG 71,0.0
2030,sc01,02-08 15:00:00+01:00,CC NG 07,0.0
2030,sc01,02-08 15:00:00+01:00,CT NG 69,0.0
2030,sc01,02-08 15:00:00+01:00,CT NG 07,0.0
2030,sc01,02-08 15:00:00+01:00,CT NG 45,0.0
2030,sc01,02-08 15:00:00+01:00,CC NG 03,1.0
2030,sc01,02-08 15:00:00+01:00,CC NG 13,0.0
2030,sc01,02-08 15:00:00+01:00,CT Oil 05,0.0
2030,sc01,02-08 15:00:00+01:00,CT NG 54,0.0
2030,sc01,02-08 15:00:00+01:00,ST Coal 01,0.0
2030,sc01,02-08 15:00:00+01:00,CC NG 16,1.0
2030,sc01,02-08 15:00:00+01:00,CT NG 73,0.0
2030,sc01,02-08 15:00:00+01:00,CC NG 09,0.0
2030,sc01,02-08 15:00:00+01:00,CT NG 03,0.0
2030,sc01,02-08 15:00:00+01:00,CT NG 28,0.0
2030,sc01,02-08 15:00:00+01:00,CT NG 11,0.0
2030,sc01,02-08 15:00:00+01:00,CT NG 08,0.0
2030,sc01,02-08 15:00:00+01:00,CT Oil 02,0.0
2030,sc01,02-08 15:00:00+01:00,CC NG 25,0.0
2030,sc01,02-08 15:00:00+01:00,CC NG 22,1.0
2030,sc01,02-08 15:00:00+01:00,CT NG 56,0.0
2030,sc01,02-08 15:00:00+01:00,CT NG 34,1.0
2030,sc01,02-08 15:00:00+01:00,ST NG 05,1.0
2030,sc01,02-08 15:00:00+01:00,CT NG 44,0.0
2030,sc01,02-08 15:00:00+01:00,CT NG 47,1.0
2030,sc01,02-08 15:00:00+01:00,CC NG 15,0.0
2030,sc01,02-08 15:00:00+01:00,CC NG 14,0.0
2030,sc01,02-08 15:00:00+01:00,CT NG 42,0.0
2030,sc01,02-08 15:00:00+01:00,ST NG 07,0.0
2030,sc01,02-08 15:00:00+01:00,CC NG 36,0.0
2030,sc01,02-08 15:00:00+01:00,CT NG 15,0.0
2030,sc01,02-08 15:00:00+01:00,CT NG 41,0.0
2030,sc01,02-08 15:00:00+01:00,CC NG 23,1.0
2030,sc01,02-08 15:00:00+01:00,CT NG 49,1.0
2030,sc01,02-08 15:00:00+01:00,CC NG 26,0.8272819848907064
2030,sc01,02-08 15:00:00+01:00,CC NG 12,0.0
2030,sc01,02-08 15:00:00+01:00,CT NG 05,0.0
2030,sc01,02-08 15:00:00+01:00,CC NG 40,0.39543897558561103
2030,sc01,02-08 15:00:00+01:00,CT NG 50,0.0
2030,sc01,02-08 15:00:00+01:00,CT NG 68,0.0
2030,sc01,02-08 15:00:00+01:00,CC NG 17,1.0
2030,sc01,02-08 15:00:00+01:00,CC NG 10,0.0
2030,sc01,02-08 15:00:00+01:00,CC NG 33,0.0
2030,sc01,02-08 15:00:00+01:00,CC NG 06,0.0
2030,sc01,02-08 15:00:00+01:00,CT NG 10,0.0
2030,sc01,02-08 15:00:00+01:00,CT NG 01,0.459120524231972
2030,sc01,02-08 15:00:00+01:00,CC NG 29,0.0
2030,sc01,02-08 15:00:00+01:00,CC NG 05,1.0
2030,sc01,02-08 15:00:00+01:00,CT NG 06,0.0
2030,sc01,02-08 15:00:00+01:00,CT NG 24,0.7263968895152345
2030,sc01,02-08 15:00:00+01:00,CT NG 22,0.0
2030,sc01,02-08 15:00:00+01:00,CT NG 21,0.0
2030,sc01,02-08 15:00:00+01:00,CC NG 28,1.0
2030,sc01,02-08 15:00:00+01:00,CC NG 35,0.0
2030,sc01,02-08 15:00:00+01:00,CC NG 24,0.9999999999999999
2030,sc01,02-08 15:00:00+01:00,CC NG 08,0.0
2030,sc01,02-08 15:00:00+01:00,ST NG 02,0.0
2030,sc01,02-08 15:00:00+01:00,CT NG 52,0.0
2030,sc01,02-08 15:00:00+01:00,CT NG 46,1.0
2030,sc01,02-08 15:00:00+01:00,CT NG 36,1.0
2030,sc01,02-08 15:00:00+01:00,CC NG 21,0.0
2030,sc01,02-08 15:00:00+01:00,ST NG 09,0.0
2030,sc01,02-08 15:00:00+01:00,ST NG 04,1.0
2030,sc01,02-08 15:00:00+01:00,CT NG 23,0.0
2030,sc01,02-08 15:00:00+01:00,CT NG 13,0.0
2030,sc01,02-08 15:00:00+01:00,CC NG 11,1.0
2030,sc01,02-08 15:00:00+01:00,CT NG 04,0.0
2030,sc01,02-08 15:00:00+01:00,CC NG 18,0.9188263489563319
2030,sc01,02-08 15:00:00+01:00,CC NG 34,0.0
2030,sc01,02-08 15:00:00+01:00,CT Oil 04,0.0
2030,sc01,02-08 15:00:00+01:00,CT NG 74,0.0
2030,sc01,02-08 15:00:00+01:00,CT NG 55,0.0
2030,sc01,02-08 15:00:00+01:00,CT NG 75,0.0
2030,sc01,02-08 15:00:00+01:00,CC NG 01,0.0
2030,sc01,02-08 15:00:00+01:00,CC NG 39,0.0
2030,sc01,02-08 15:00:00+01:00,CT NG 09,0.0
2030,sc01,02-08 15:00:00+01:00,CC NG 31,0.0
2030,sc01,02-08 15:00:00+01:00,CT NG 14,0.0
2030,sc01,02-14 07:00:00+01:00,ST NG 03,0.0
2030,sc01,02-14 07:00:00+01:00,CC NG 37,0.7204009118442359
2030,sc01,02-14 07:00:00+01:00,CT NG 48,0.0
2030,sc01,02-14 07:00:00+01:00,CT NG 16,0.0
2030,sc01,02-14 07:00:00+01:00,CT NG 25,0.0
2030,sc01,02-14 07:00:00+01:00,CT NG 53,0.0
2030,sc01,02-14 07:00:00+01:00,ST NG 08,0.0
2030,sc01,02-14 07:00:00+01:00,CT Oil 03,0.0
2030,sc01,02-14 07:00:00+01:00,CT NG 43,0.0
2030,sc01,02-14 07:00:00+01:00,CC NG 04,0.0
2030,sc01,02-14 07:00:00+01:00,ST Other 02,0.0
2030,sc01,02-14 07:00:00+01:00,CT NG 30,0.0
2030,sc01,02-14 07:00:00+01:00,CC NG 27,0.0
2030,sc01,02-14 07:00:00+01:00,CC NG 38,0.0
2030,sc01,02-14 07:00:00+01:00,CC NG 20,0.0
2030,sc01,02-14 07:00:00+01:00,CC NG 19,0.0
2030,sc01,02-14 07:00:00+01:00,CT NG 12,0.0
2030,sc01,02-14 07:00:00+01:00,CT NG 70,0.0
2030,sc01,02-14 07:00:00+01:00,ST NG 10,0.0
2030,sc01,02-14 07:00:00+01:00,CT NG 02,0.0
2030,sc01,02-14 07:00:00+01:00,CT NG 26,0.0
2030,sc01,02-14 07:00:00+01:00,ST NG 01,0.0
2030,sc01,02-14 07:00:00+01:00,CC NG 32,0.0
2030,sc01,02-14 07:00:00+01:00,CT NG 35,0.0
2030,sc01,02-14 07:00:00+01:00,ST NG 06,0.0
2030,sc01,02-14 07:00:00+01:00,CT Oil 01,0.0
2030,sc01,02-14 07:00:00+01:00,CT NG 67,0.0
2030,sc01,02-14 07:00:00+01:00,CT NG 72,0.0
2030,sc01,02-14 07:00:00+01:00,CT NG 66,0.0
2030,sc01,02-14 07:00:00+01:00,CT NG 71,0.0
2030,sc01,02-14 07:00:00+01:00,CC NG 07,0.0
2030,sc01,02-14 07:00:00+01:00,CT NG 69,0.0
2030,sc01,02-14 07:00:00+01:00,CT NG 07,0.0
2030,sc01,02-14 07:00:00+01:00,CT NG 45,0.0
2030,sc01,02-14 07:00:00+01:00,CC NG 03,0.0
2030,sc01,02-14 07:00:00+01:00,CC NG 13,0.0
2030,sc01,02-14 07:00:00+01:00,CT Oil 05,0.0
2030,sc01,02-14 07:00:00+01:00,CT NG 54,0.0
2030,sc01,02-14 07:00:00+01:00,ST Coal 01,0.0
2030,sc01,02-14 07:00:00+01:00,CC NG 16,0.0
2030,sc01,02-14 07:00:00+01:00,CT NG 73,0.0
2030,sc01,02-14 07:00:00+01:00,CC NG 09,0.0
2030,sc01,02-14 07:00:00+01:00,CT NG 03,0.0
2030,sc01,02-14 07:00:00+01:00,CT NG 28,0.0
2030,sc01,02-14 07:00:00+01:00,CT NG 11,0.0
2030,sc01,02-14 07:00:00+01:00,CT NG 08,0.0
2030,sc01,02-14 07:00:00+01:00,CT Oil 02,0.0
2030,sc01,02-14 07:00:00+01:00,CC NG 25,0.0
2030,sc01,02-14 07:00:00+01:00,CC NG 22,0.0
2030,sc01,02-14 07:00:00+01:00,CT NG 56,0.0
2030,sc01,02-14 07:00:00+01:00,CT NG 34,0.0
2030,sc01,02-14 07:00:00+01:00,ST NG 05,0.0
2030,sc01,02-14 07:00:00+01:00,CT NG 44,0.0
2030,sc01,02-14 07:00:00+01:00,CT NG 47,0.0
2030,sc01,02-14 07:00:00+01:00,CC NG 15,0.0
2030,sc01,02-14 07:00:00+01:00,CC NG 14,0.0
2030,sc01,02-14 07:00:00+01:00,CT NG 42,0.0
2030,sc01,02-14 07:00:00+01:00,ST NG 07,0.0
2030,sc01,02-14 07:00:00+01:00,CC NG 36,0.0
2030,sc01,02-14 07:00:00+01:00,CT NG 15,0.0
2030,sc01,02-14 07:00:00+01:00,CT NG 41,0.0
2030,sc01,02-14 07:00:00+01:00,CC NG 23,0.0
2030,sc01,02-14 07:00:00+01:00,CT NG 49,0.0
2030,sc01,02-14 07:00:00+01:00,CC NG 26,0.0
2030,sc01,02-14 07:00:00+01:00,CC NG 12,0.0
2030,sc01,02-14 07:00:00+01:00,CT NG 05,0.0
2030,sc01,02-14 07:00:00+01:00,CC NG 40,0.9009949328762192
2030,sc01,02-14 07:00:00+01:00,CT NG 50,0.0
2030,sc01,02-14 07:00:00+01:00,CT NG 68,0.0
2030,sc01,02-14 07:00:00+01:00,CC NG 17,0.0
2030,sc01,02-14 07:00:00+01:00,CC NG 10,0.0
2030,sc01,02-14 07:00:00+01:00,CC NG 33,0.0
2030,sc01,02-14 07:00:00+01:00,CC NG 06,0.0
2030,sc01,02-14 07:00:00+01:00,CT NG 10,0.0
2030,sc01,02-14 07:00:00+01:00,CT NG 01,0.0
2030,sc01,02-14 07:00:00+01:00,CC NG 29,0.0
2030,sc01,02-14 07:00:00+01:00,CC NG 05,0.0
2030,sc01,02-14 07:00:00+01:00,CT NG 06,0.0
2030,sc01,02-14 07:00:00+01:00,CT NG 24,0.0
2030,sc01,02-14 07:00:00+01:00,CT NG 22,0.0
2030,sc01,02-14 07:00:00+01:00,CT NG 21,0.0
2030,sc01,02-14 07:00:00+01:00,CC NG 28,0.0
2030,sc01,02-14 07:00:00+01:00,CC NG 35,0.0
2030,sc01,02-14 07:00:00+01:00,CC NG 24,0.9484222383851856
2030,sc01,02-14 07:00:00+01:00,CC NG 08,1.0
2030,sc01,02-14 07:00:00+01:00,ST NG 02,0.0
2030,sc01,02-14 07:00:00+01:00,CT NG 52,0.0
2030,sc01,02-14 07:00:00+01:00,CT NG 46,0.0
2030,sc01,02-14 07:00:00+01:00,CT NG 36,0.0
2030,sc01,02-14 07:00:00+01:00,CC NG 21,0.0
2030,sc01,02-14 07:00:00+01:00,ST NG 09,0.0
2030,sc01,02-14 07:00:00+01:00,ST NG 04,0.0
2030,sc01,02-14 07:00:00+01:00,CT NG 23,0.0
2030,sc01,02-14 07:00:00+01:00,CT NG 13,0.0
2030,sc01,02-14 07:00:00+01:00,CC NG 11,0.0
2030,sc01,02-14 07:00:00+01:00,CT NG 04,0.0
2030,sc01,02-14 07:00:00+01:00,CC NG 18,0.0
2030,sc01,02-14 07:00:00+01:00,CC NG 34,0.0
2030,sc01,02-14 07:00:00+01:00,CT Oil 04,0.0
2030,sc01,02-14 07:00:00+01:00,CT NG 74,0.0
2030,sc01,02-14 07:00:00+01:00,CT NG 55,0.0
2030,sc01,02-14 07:00:00+01:00,CT NG 75,0.0
2030,sc01,02-14 07:00:00+01:00,CC NG 01,0.0
2030,sc01,02-14 07:00:00+01:00,CC NG 39,0.0
2030,sc01,02-14 07:00:00+01:00,CT NG 09,0.0
2030,sc01,02-14 07:00:00+01:00,CC NG 31,0.0
2030,sc01,02-14 07:00:00+01:00,CT NG 14,0.0
2030,sc01,02-18 19:00:00+01:00,ST NG 03,0.0
2030,sc01,02-18 19:00:00+01:00,CC NG 37,0.27959908815576406
2030,sc01,02-18 19:00:00+01:00,CT NG 48,0.9160860244284272
2030,sc01,02-18 19:00:00+01:00,CT NG 16,0.0
2030,sc01,02-18 19:00:00+01:00,CT NG 25,0.0
2030,sc01,02-18 19:00:00+01:00,CT NG 53,0.0
2030,sc01,02-18 19:00:00+01:00,ST NG 08,0.0
2030,sc01,02-18 19:00:00+01:00,CT Oil 03,0.0
2030,sc01,02-18 19:00:00+01:00,CT NG 43,0.0
2030,sc01,02-18 19:00:00+01:00,CC NG 04,0.5433238567455296
2030,sc01,02-18 19:00:00+01:00,ST Other 02,0.0
2030,sc01,02-18 19:00:00+01:00,CT NG 30,0.0
2030,sc01,02-18 19:00:00+01:00,CC NG 27,0.0
2030,sc01,02-18 19:00:00+01:00,CC NG 38,0.0
2030,sc01,02-18 19:00:00+01:00,CC NG 20,0.0
2030,sc01,02-18 19:00:00+01:00,CC NG 19,0.0
2030,sc01,02-18 19:00:00+01:00,CT NG 12,0.0
2030,sc01,02-18 19:00:00+01:00,CT NG 70,0.0
2030,sc01,02-18 19:00:00+01:00,ST NG 10,0.0
2030,sc01,02-18 19:00:00+01:00,CT NG 02,0.0
2030,sc01,02-18 19:00:00+01:00,CT NG 26,0.0
2030,sc01,02-18 19:00:00+01:00,ST NG 01,0.0
2030,sc01,02-18 19:00:00+01:00,CC NG 32,0.0
2030,sc01,02-18 19:00:00+01:00,CT NG 35,0.0
2030,sc01,02-18 19:00:00+01:00,ST NG 06,0.0
2030,sc01,02-18 19:00:00+01:00,CT Oil 01,0.0
2030,sc01,02-18 19:00:00+01:00,CT NG 67,0.0
2030,sc01,02-18 19:00:00+01:00,CT NG 72,0.0
2030,sc01,02-18 19:00:00+01:00,CT NG 66,0.0
2030,sc01,02-18 19:00:00+01:00,CT NG 71,0.0
2030,sc01,02-18 19:00:00+01:00,CC NG 07,0.0
2030,sc01,02-18 19:00:00+01:00,CT NG 69,0.0
2030,sc01,02-18 19:00:00+01:00,CT NG 07,0.0
2030,sc01,02-18 19:00:00+01:00,CT NG 45,0.0
2030,sc01,02-18 19:00:00+01:00,CC NG 03,0.0
2030,sc01,02-18 19:00:00+01:00,CC NG 13,0.0
2030,sc01,02-18 19:00:00+01:00,CT Oil 05,0.0
2030,sc01,02-18 19:00:00+01:00,CT NG 54,0.0
2030,sc01,02-18 19:00:00+01:00,ST Coal 01,0.0
2030,sc01,02-18 19:00:00+01:00,CC NG 16,0.0
2030,sc01,02-18 19:00:00+01:00,CT NG 73,0.0
2030,sc01,02-18 19:00:00+01:00,CC NG 09,0.0
2030,sc01,02-18 19:00:00+01:00,CT NG 03,0.0
2030,sc01,02-18 19:00:00+01:00,CT NG 28,0.0
2030,sc01,02-18 19:00:00+01:00,CT NG 11,0.0
2030,sc01,02-18 19:00:00+01:00,CT NG 08,0.0
2030,sc01,02-18 19:00:00+01:00,CT Oil 02,0.0
2030,sc01,02-18 19:00:00+01:00,CC NG 25,0.0
2030,sc01,02-18 19:00:00+01:00,CC NG 22,0.0
2030,sc01,02-18 19:00:00+01:00,CT NG 56,0.0
2030,sc01,02-18 19:00:00+01:00,CT NG 34,0.0
2030,sc01,02-18 19:00:00+01:00,ST NG 05,0.0
2030,sc01,02-18 19:00:00+01:00,CT NG 44,0.0
2030,sc01,02-18 19:00:00+01:00,CT NG 47,0.0
2030,sc01,02-18 19:00:00+01:00,CC NG 15,0.0
2030,sc01,02-18 19:00:00+01:00,CC NG 14,0.0
2030,sc01,02-18 19:00:00+01:00,CT NG 42,0.0
2030,sc01,02-18 19:00:00+01:00,ST NG 07,0.0
2030,sc01,02-18 19:00:00+01:00,CC NG 36,0.0
2030,sc01,02-18 19:00:00+01:00,CT NG 15,0.0
2030,sc01,02-18 19:00:00+01:00,CT NG 41,0.0
2030,sc01,02-18 19:00:00+01:00,CC NG 23,0.1545246228153907
2030,sc01,02-18 19:00:00+01:00,CT NG 49,0.0
2030,sc01,02-18 19:00:00+01:00,CC NG 26,0.0
2030,sc01,02-18 19:00:00+01:00,CC NG 12,0.0
2030,sc01,02-18 19:00:00+01:00,CT NG 05,0.0
2030,sc01,02-18 19:00:00+01:00,CC NG 40,0.8969764918777329
2030,sc01,02-18 19:00:00+01:00,CT NG 50,0.0
2030,sc01,02-18 19:00:00+01:00,CT NG 68,0.0
2030,sc01,02-18 19:00:00+01:00,CC NG 17,0.0
2030,sc01,02-18 19:00:00+01:00,CC NG 10,0.0
2030,sc01,02-18 19:00:00+01:00,CC NG 33,0.0
2030,sc01,02-18 19:00:00+01:00,CC NG 06,0.0
2030,sc01,02-18 19:00:00+01:00,CT NG 10,0.0
2030,sc01,02-18 19:00:00+01:00,CT NG 01,0.0
2030,sc01,02-18 19:00:00+01:00,CC NG 29,0.0
2030,sc01,02-18 19:00:00+01:00,CC NG 05,0.0
2030,sc01,02-18 19:00:00+01:00,CT NG 06,0.0
2030,sc01,02-18 19:00:00+01:00,CT NG 24,0.0
2030,sc01,02-18 19:00:00+01:00,CT NG 22,0.0
2030,sc01,02-18 19:00:00+01:00,CT NG 21,0.0
2030,sc01,02-18 19:00:00+01:00,CC NG 28,0.0
2030,sc01,02-18 19:00:00+01:00,CC NG 35,0.0
2030,sc01,02-18 19:00:00+01:00,CC NG 24,0.051577761614814546
2030,sc01,02-18 19:00:00+01:00,CC NG 08,0.0
2030,sc01,02-18 19:00:00+01:00,ST NG 02,0.0
2030,sc01,02-18 19:00:00+01:00,CT NG 52,0.0
2030,sc01,02-18 19:00:00+01:00,CT NG 46,0.0
2030,sc01,02-18 19:00:00+01:00,CT NG 36,0.0
2030,sc01,02-18 19:00:00+01:00,CC NG 21,0.0
2030,sc01,02-18 19:00:00+01:00,ST NG 09,0.0
2030,sc01,02-18 19:00:00+01:00,ST NG 04,0.0
2030,sc01,02-18 19:00:00+01:00,CT NG 23,0.0
2030,sc01,02-18 19:00:00+01:00,CT NG 13,0.0
2030,sc01,02-18 19:00:00+01:00,CC NG 11,0.0
2030,sc01,02-18 19:00:00+01:00,CT NG 04,0.0
2030,sc01,02-18 19:00:00+01:00,CC NG 18,0.07543430373896864
2030,sc01,02-18 19:00:00+01:00,CC NG 34,0.0
2030,sc01,02-18 19:00:00+01:00,CT Oil 04,0.0
2030,sc01,02-18 19:00:00+01:00,CT NG 74,0.0
2030,sc01,02-18 19:00:00+01:00,CT NG 55,0.0
2030,sc01,02-18 19:00:00+01:00,CT NG 75,0.0
2030,sc01,02-18 19:00:00+01:00,CC NG 01,0.0
2030,sc01,02-18 19:00:00+01:00,CC NG 39,0.0
2030,sc01,02-18 19:00:00+01:00,CT NG 09,0.0
2030,sc01,02-18 19:00:00+01:00,CC NG 31,0.0
2030,sc01,02-18 19:00:00+01:00,CT NG 14,0.0
2030,sc01,03-04 04:00:00+01:00,ST NG 03,0.0
2030,sc01,03-04 04:00:00+01:00,CC NG 37,0.0
2030,sc01,03-04 04:00:00+01:00,CT NG 48,0.08391397557157279
2030,sc01,03-04 04:00:00+01:00,CT NG 16,0.0
2030,sc01,03-04 04:00:00+01:00,CT NG 25,0.0
2030,sc01,03-04 04:00:00+01:00,CT NG 53,0.0
2030,sc01,03-04 04:00:00+01:00,ST NG 08,0.0
2030,sc01,03-04 04:00:00+01:00,CT Oil 03,0.0
2030,sc01,03-04 04:00:00+01:00,CT NG 43,0.0
2030,sc01,03-04 04:00:00+01:00,CC NG 04,0.4566761432544704
2030,sc01,03-04 04:00:00+01:00,ST Other 02,0.0
2030,sc01,03-04 04:00:00+01:00,CT NG 30,0.0
2030,sc01,03-04 04:00:00+01:00,CC NG 27,0.0
2030,sc01,03-04 04:00:00+01:00,CC NG 38,0.0
2030,sc01,03-04 04:00:00+01:00,CC NG 20,0.0
2030,sc01,03-04 04:00:00+01:00,CC NG 19,1.0
2030,sc01,03-04 04:00:00+01:00,CT NG 12,0.0
2030,sc01,03-04 04:00:00+01:00,CT NG 70,0.0
2030,sc01,03-04 04:00:00+01:00,ST NG 10,0.0
2030,sc01,03-04 04:00:00+01:00,CT NG 02,0.0
2030,sc01,03-04 04:00:00+01:00,CT NG 26,0.0
2030,sc01,03-04 04:00:00+01:00,ST NG 01,0.0
2030,sc01,03-04 04:00:00+01:00,CC NG 32,0.0
2030,sc01,03-04 04:00:00+01:00,CT NG 35,0.0
2030,sc01,03-04 04:00:00+01:00,ST NG 06,0.0
2030,sc01,03-04 04:00:00+01:00,CT Oil 01,0.0
2030,sc01,03-04 04:00:00+01:00,CT NG 67,0.0
2030,sc01,03-04 04:00:00+01:00,CT NG 72,0.0
2030,sc01,03-04 04:00:00+01:00,CT NG 66,0.0
2030,sc01,03-04 04:00:00+01:00,CT NG 71,0.0
2030,sc01,03-04 04:00:00+01:00,CC NG 07,0.0
2030,sc01,03-04 04:00:00+01:00,CT NG 69,0.0
2030,sc01,03-04 04:00:00+01:00,CT NG 07,0.0
2030,sc01,03-04 04:00:00+01:00,CT NG 45,0.0
2030,sc01,03-04 04:00:00+01:00,CC NG 03,1.0
2030,sc01,03-04 04:00:00+01:00,CC NG 13,0.0
2030,sc01,03-04 04:00:00+01:00,CT Oil 05,0.0
2030,sc01,03-04 04:00:00+01:00,CT NG 54,0.0
2030,sc01,03-04 04:00:00+01:00,ST Coal 01,0.0
2030,sc01,03-04 04:00:00+01:00,CC NG 16,1.0
2030,sc01,03-04 04:00:00+01:00,CT NG 73,0.0
2030,sc01,03-04 04:00:00+01:00,CC NG 09,0.0
2030,sc01,03-04 04:00:00+01:00,CT NG 03,0.0
2030,sc01,03-04 04:00:00+01:00,CT NG 28,0.0
2030,sc01,03-04 04:00:00+01:00,CT NG 11,0.0
2030,sc01,03-04 04:00:00+01:00,CT NG 08,0.0
2030,sc01,03-04 04:00:00+01:00,CT Oil 02,0.0
2030,sc01,03-04 04:00:00+01:00,CC NG 25,0.0
2030,sc01,03-04 04:00:00+01:00,CC NG 22,1.0
2030,sc01,03-04 04:00:00+01:00,CT NG 56,0.0
2030,sc01,03-04 04:00:00+01:00,CT NG 34,0.0
2030,sc01,03-04 04:00:00+01:00,ST NG 05,1.0
2030,sc01,03-04 04:00:00+01:00,CT NG 44,0.0
2030,sc01,03-04 04:00:00+01:00,CT NG 47,0.0
2030,sc01,03-04 04:00:00+01:00,CC NG 15,0.0
2030,sc01,03-04 04:00:00+01:00,CC NG 14,0.0
2030,sc01,03-04 04:00:00+01:00,CT NG 42,0.0
2030,sc01,03-04 04:00:00+01:00,ST NG 07,0.0
2030,sc01,03-04 04:00:00+01:00,CC NG 36,0.0
2030,sc01,03-04 04:00:00+01:00,CT NG 15,0.0
2030,sc01,03-04 04:00:00+01:00,CT NG 41,0.0
2030,sc01,03-04 04:00:00+01:00,CC NG 23,0.8454753771846093
2030,sc01,03-04 04:00:00+01:00,CT NG 49,0.0
2030,sc01,03-04 04:00:00+01:00,CC NG 26,0.0
2030,sc01,03-04 04:00:00+01:00,CC NG 12,0.0
2030,sc01,03-04 04:00:00+01:00,CT NG 05,0.0
2030,sc01,03-04 04:00:00+01:00,CC NG 40,0.806589599660437
2030,sc01,03-04 04:00:00+01:00,CT NG 50,0.0
2030,sc01,03-04 04:00:00+01:00,CT NG 68,0.0
2030,sc01,03-04 04:00:00+01:00,CC NG 17,1.0
2030,sc01,03-04 04:00:00+01:00,CC NG 10,0.0
2030,sc01,03-04 04:00:00+01:00,CC NG 33,0.0
2030,sc01,03-04 04:00:00+01:00,CC NG 06,0.0
2030,sc01,03-04 04:00:00+01:00,CT NG 10,0.0
2030,sc01,03-04 04:00:00+01:00,CT NG 01,0.0
2030,sc01,03-04 04:00:00+01:00,CC NG 29,0.0
2030,sc01,03-04 04:00:00+01:00,CC NG 05,0.0
2030,sc01,03-04 04:00:00+01:00,CT NG 06,0.0
2030,sc01,03-04 04:00:00+01:00,CT NG 24,0.0
2030,sc01,03-04 04:00:00+01:00,CT NG 22,0.0
2030,sc01,03-04 04:00:00+01:00,CT NG 21,0.0
2030,sc01,03-04 04:00:00+01:00,CC NG 28,0.0
2030,sc01,03-04 04:00:00+01:00,CC NG 35,0.0
2030,sc01,03-04 04:00:00+01:00,CC NG 24,0.9999999999999999
2030,sc01,03-04 04:00:00+01:00,CC NG 08,1.0
2030,sc01,03-04 04:00:00+01:00,ST NG 02,0.0
2030,sc01,03-04 04:00:00+01:00,CT NG 52,0.0
2030,sc01,03-04 04:00:00+01:00,CT NG 46,0.0
2030,sc01,03-04 04:00:00+01:00,CT NG 36,0.0
2030,sc01,03-04 04:00:00+01:00,CC NG 21,0.0
2030,sc01,03-04 04:00:00+01:00,ST NG 09,0.0
2030,sc01,03-04 04:00:00+01:00,ST NG 04,1.0
2030,sc01,03-04 04:00:00+01:00,CT NG 23,0.0
2030,sc01,03-04 04:00:00+01:00,CT NG 13,0.0
2030,sc01,03-04 04:00:00+01:00,CC NG 11,0.0
2030,sc01,03-04 04:00:00+01:00,CT NG 04,0.0
2030,sc01,03-04 04:00:00+01:00,CC NG 18,0.9245656962610314
2030,sc01,03-04 04:00:00+01:00,CC NG 34,0.0
2030,sc01,03-04 04:00:00+01:00,CT Oil 04,0.0
2030,sc01,03-04 04:00:00+01:00,CT NG 74,0.0
2030,sc01,03-04 04:00:00+01:00,CT NG 55,0.0
2030,sc01,03-04 04:00:00+01:00,CT NG 75,0.0
2030,sc01,03-04 04:00:00+01:00,CC NG 01,0.0
2030,sc01,03-04 04:00:00+01:00,CC NG 39,0.0
2030,sc01,03-04 04:00:00+01:00,CT NG 09,0.0
2030,sc01,03-04 04:00:00+01:00,CC NG 31,0.0
2030,sc01,03-04 04:00:00+01:00,CT NG 14,0.0
2030,sc01,03-29 01:00:00+01:00,ST NG 03,0.0
2030,sc01,03-29 01:00:00+01:00,CC NG 37,0.0
2030,sc01,03-29 01:00:00+01:00,CT NG 48,0.0
2030,sc01,03-29 01:00:00+01:00,CT NG 16,0.0
2030,sc01,03-29 01:00:00+01:00,CT NG 25,0.0
2030,sc01,03-29 01:00:00+01:00,CT NG 53,0.0
2030,sc01,03-29 01:00:00+01:00,ST NG 08,0.0
2030,sc01,03-29 01:00:00+01:00,CT Oil 03,0.0
2030,sc01,03-29 01:00:00+01:00,CT NG 43,0.0
2030,sc01,03-29 01:00:00+01:00,CC NG 04,0.0
2030,sc01,03-29 01:00:00+01:00,ST Other 02,0.0
2030,sc01,03-29 01:00:00+01:00,CT NG 30,0.0
2030,sc01,03-29 01:00:00+01:00,CC NG 27,0.0
2030,sc01,03-29 01:00:00+01:00,CC NG 38,0.0
2030,sc01,03-29 01:00:00+01:00,CC NG 20,0.0
2030,sc01,03-29 01:00:00+01:00,CC NG 19,0.0
2030,sc01,03-29 01:00:00+01:00,CT NG 12,0.0
2030,sc01,03-29 01:00:00+01:00,CT NG 70,0.0
2030,sc01,03-29 01:00:00+01:00,ST NG 10,0.0
2030,sc01,03-29 01:00:00+01:00,CT NG 02,0.0
2030,sc01,03-29 01:00:00+01:00,CT NG 26,0.0
2030,sc01,03-29 01:00:00+01:00,ST NG 01,0.0
2030,sc01,03-29 01:00:00+01:00,CC NG 32,0.0
2030,sc01,03-29 01:00:00+01:00,CT NG 35,0.0
2030,sc01,03-29 01:00:00+01:00,ST NG 06,0.0
2030,sc01,03-29 01:00:00+01:00,CT Oil 01,0.0
2030,sc01,03-29 01:00:00+01:00,CT NG 67,0.0
2030,sc01,03-29 01:00:00+01:00,CT NG 72,0.0
2030,sc01,03-29 01:00:00+01:00,CT NG 66,0.0
2030,sc01,03-29 01:00:00+01:00,CT NG 71,0.0
2030,sc01,03-29 01:00:00+01:00,CC NG 07,0.0
2030,sc01,03-29 01:00:00+01:00,CT NG 69,0.0
2030,sc01,03-29 01:00:00+01:00,CT NG 07,0.0
2030,sc01,03-29 01:00:00+01:00,CT NG 45,0.0
2030,sc01,03-29 01:00:00+01:00,CC NG 03,0.0
2030,sc01,03-29 01:00:00+01:00,CC NG 13,0.0
2030,sc01,03-29 01:00:00+01:00,CT Oil 05,0.0
2030,sc01,03-29 01:00:00+01:00,CT NG 54,0.0
2030,sc01,03-29 01:00:00+01:00,ST Coal 01,0.0
2030,sc01,03-29 01:00:00+01:00,CC NG 16,0.0
2030,sc01,03-29 01:00:00+01:00,CT NG 73,0.0
2030,sc01,03-29 01:00:00+01:00,CC NG 09,0.0
2030,sc01,03-29 01:00:00+01:00,CT NG 03,0.0
2030,sc01,03-29 01:00:00+01:00,CT NG 28,0.0
2030,sc01,03-29 01:00:00+01:00,CT NG 11,0.0
2030,sc01,03-29 01:00:00+01:00,CT NG 08,0.0
2030,sc01,03-29 01:00:00+01:00,CT Oil 02,0.0
2030,sc01,03-29 01:00:00+01:00,CC NG 25,0.0
2030,sc01,03-29 01:00:00+01:00,CC NG 22,0.0
2030,sc01,03-29 01:00:00+01:00,CT NG 56,0.0
2030,sc01,03-29 01:00:00+01:00,CT NG 34,0.0
2030,sc01,03-29 01:00:00+01:00,ST NG 05,0.0
2030,sc01,03-29 01:00:00+01:00,CT NG 44,0.0
2030,sc01,03-29 01:00:00+01:00,CT NG 47,0.0
2030,sc01,03-29 01:00:00+01:00,CC NG 15,0.0
2030,sc01,03-29 01:00:00+01:00,CC NG 14,0.0
2030,sc01,03-29 01:00:00+01:00,CT NG 42,0.0
2030,sc01,03-29 01:00:00+01:00,ST NG 07,0.0
2030,sc01,03-29 01:00:00+01:00,CC NG 36,0.0
2030,sc01,03-29 01:00:00+01:00,CT NG 15,0.0
2030,sc01,03-29 01:00:00+01:00,CT NG 41,0.0
2030,sc01,03-29 01:00:00+01:00,CC NG 23,0.0
2030,sc01,03-29 01:00:00+01:00,CT NG 49,0.0
2030,sc01,03-29 01:00:00+01:00,CC NG 26,0.0
2030,sc01,03-29 01:00:00+01:00,CC NG 12,0.0
2030,sc01,03-29 01:00:00+01:00,CT NG 05,0.0
2030,sc01,03-29 01:00:00+01:00,CC NG 40,0.0
2030,sc01,03-29 01:00:00+01:00,CT NG 50,0.0
2030,sc01,03-29 01:00:00+01:00,CT NG 68,0.0
2030,sc01,03-29 01:00:00+01:00,CC NG 17,0.0
2030,sc01,03-29 01:00:00+01:00,CC NG 10,0.0
2030,sc01,03-29 01:00:00+01:00,CC NG 33,0.0
2030,sc01,03-29 01:00:00+01:00,CC NG 06,0.0
2030,sc01,03-29 01:00:00+01:00,CT NG 10,0.0
2030,sc01,03-29 01:00:00+01:00,CT NG 01,0.0
2030,sc01,03-29 01:00:00+01:00,CC NG 29,0.0
2030,sc01,03-29 01:00:00+01:00,CC NG 05,0.0
2030,sc01,03-29 01:00:00+01:00,CT NG 06,0.0
2030,sc01,03-29 01:00:00+01:00,CT NG 24,0.0
2030,sc01,03-29 01:00:00+01:00,CT NG 22,0.0
2030,sc01,03-29 01:00:00+01:00,CT NG 21,0.0
2030,sc01,03-29 01:00:00+01:00,CC NG 28,0.0
2030,sc01,03-29 01:00:00+01:00,CC NG 35,0.0
2030,sc01,03-29 01:00:00+01:00,CC NG 24,0.0
2030,sc01,03-29 01:00:00+01:00,CC NG 08,0.0
2030,sc01,03-29 01:00:00+01:00,ST NG 02,0.0
2030,sc01,03-29 01:00:00+01:00,CT NG 52,0.0
2030,sc01,03-29 01:00:00+01:00,CT NG 46,0.0
2030,sc01,03-29 01:00:00+01:00,CT NG 36,0.0
2030,sc01,03-29 01:00:00+01:00,CC NG 21,0.0
2030,sc01,03-29 01:00:00+01:00,ST NG 09,0.0
2030,sc01,03-29 01:00:00+01:00,ST NG 04,0.0
2030,sc01,03-29 01:00:00+01:00,CT NG 23,0.0
2030,sc01,03-29 01:00:00+01:00,CT NG 13,0.0
2030,sc01,03-29 01:00:00+01:00,CC NG 11,0.0
2030,sc01,03-29 01:00:00+01:00,CT NG 04,0.0
2030,sc01,03-29 01:00:00+01:00,CC NG 18,0.0
2030,sc01,03-29 01:00:00+01:00,CC NG 34,0.0
2030,sc01,03-29 01:00:00+01:00,CT Oil 04,0.0
2030,sc01,03-29 01:00:00+01:00,CT NG 74,0.0
2030,sc01,03-29 01:00:00+01:00,CT NG 55,0.0
2030,sc01,03-29 01:00:00+01:00,CT NG 75,0.0
2030,sc01,03-29 01:00:00+01:00,CC NG 01,0.0
2030,sc01,03-29 01:00:00+01:00,CC NG 39,0.0
2030,sc01,03-29 01:00:00+01:00,CT NG 09,0.0
2030,sc01,03-29 01:00:00+01:00,CC NG 31,0.0
2030,sc01,03-29 01:00:00+01:00,CT NG 14,0.0
2030,sc01,04-10 05:00:00+02:00,ST NG 03,0.0
2030,sc01,04-10 05:00:00+02:00,CC NG 37,0.08549873158720867
2030,sc01,04-10 05:00:00+02:00,CT NG 48,0.0
2030,sc01,04-10 05:00:00+02:00,CT NG 16,0.0
2030,sc01,04-10 05:00:00+02:00,CT NG 25,0.0
2030,sc01,04-10 05:00:00+02:00,CT NG 53,0.0
2030,sc01,04-10 05:00:00+02:00,ST NG 08,0.0
2030,sc01,04-10 05:00:00+02:00,CT Oil 03,0.0
2030,sc01,04-10 05:00:00+02:00,CT NG 43,0.0
2030,sc01,04-10 05:00:00+02:00,CC NG 04,0.0
2030,sc01,04-10 05:00:00+02:00,ST Other 02,0.0
2030,sc01,04-10 05:00:00+02:00,CT NG 30,0.0
2030,sc01,04-10 05:00:00+02:00,CC NG 27,0.0
2030,sc01,04-10 05:00:00+02:00,CC NG 38,0.0
2030,sc01,04-10 05:00:00+02:00,CC NG 20,0.0
2030,sc01,04-10 05:00:00+02:00,CC NG 19,0.0
2030,sc01,04-10 05:00:00+02:00,CT NG 12,0.0
2030,sc01,04-10 05:00:00+02:00,CT NG 70,0.0
2030,sc01,04-10 05:00:00+02:00,ST NG 10,0.0
2030,sc01,04-10 05:00:00+02:00,CT NG 02,0.0
2030,sc01,04-10 05:00:00+02:00,CT NG 26,0.0
2030,sc01,04-10 05:00:00+02:00,ST NG 01,0.0
2030,sc01,04-10 05:00:00+02:00,CC NG 32,0.0
2030,sc01,04-10 05:00:00+02:00,CT NG 35,0.0
2030,sc01,04-10 05:00:00+02:00,ST NG 06,0.0
2030,sc01,04-10 05:00:00+02:00,CT Oil 01,0.0
2030,sc01,04-10 05:00:00+02:00,CT NG 67,0.0
2030,sc01,04-10 05:00:00+02:00,CT NG 72,0.0
2030,sc01,04-10 05:00:00+02:00,CT NG 66,0.0
2030,sc01,04-10 05:00:00+02:00,CT NG 71,0.0
2030,sc01,04-10 05:00:00+02:00,CC NG 07,0.0
2030,sc01,04-10 05:00:00+02:00,CT NG 69,0.0
2030,sc01,04-10 05:00:00+02:00,CT NG 07,0.0
2030,sc01,04-10 05:00:00+02:00,CT NG 45,0.0
2030,sc01,04-10 05:00:00+02:00,CC NG 03,0.0
2030,sc01,04-10 05:00:00+02:00,CC NG 13,0.0
2030,sc01,04-10 05:00:00+02:00,CT Oil 05,0.0
2030,sc01,04-10 05:00:00+02:00,CT NG 54,0.0
2030,sc01,04-10 05:00:00+02:00,ST Coal 01,0.0
2030,sc01,04-10 05:00:00+02:00,CC NG 16,0.7509419513310478
2030,sc01,04-10 05:00:00+02:00,CT NG 73,0.0
2030,sc01,04-10 05:00:00+02:00,CC NG 09,0.0
2030,sc01,04-10 05:00:00+02:00,CT NG 03,0.0
2030,sc01,04-10 05:00:00+02:00,CT NG 28,0.0
2030,sc01,04-10 05:00:00+02:00,CT NG 11,0.0
2030,sc01,04-10 05:00:00+02:00,CT NG 08,0.0
2030,sc01,04-10 05:00:00+02:00,CT Oil 02,0.0
2030,sc01,04-10 05:00:00+02:00,CC NG 25,0.0
2030,sc01,04-10 05:00:00+02:00,CC NG 22,0.0
2030,sc01,04-10 05:00:00+02:00,CT NG 56,0.0
2030,sc01,04-10 05:00:00+02:00,CT NG 34,0.0
2030,sc01,04-10 05:00:00+02:00,ST NG 05,0.0
2030,sc01,04-10 05:00:00+02:00,CT NG 44,0.0
2030,sc01,04-10 05:00:00+02:00,CT NG 47,0.0
2030,sc01,04-10 05:00:00+02:00,CC NG 15,0.0
2030,sc01,04-10 05:00:00+02:00,CC NG 14,0.0
2030,sc01,04-10 05:00:00+02:00,CT NG 42,0.0
2030,sc01,04-10 05:00:00+02:00,ST NG 07,0.0
2030,sc01,04-10 05:00:00+02:00,CC NG 36,0.0
2030,sc01,04-10 05:00:00+02:00,CT NG 15,0.0
2030,sc01,04-10 05:00:00+02:00,CT NG 41,0.0
2030,sc01,04-10 05:00:00+02:00,CC NG 23,0.0
2030,sc01,04-10 05:00:00+02:00,CT NG 49,0.0
2030,sc01,04-10 05:00:00+02:00,CC NG 26,0.0
2030,sc01,04-10 05:00:00+02:00,CC NG 12,0.0
2030,sc01,04-10 05:00:00+02:00,CT NG 05,0.0
2030,sc01,04-10 05:00:00+02:00,CC NG 40,0.0
2030,sc01,04-10 05:00:00+02:00,CT NG 50,0.0
2030,sc01,04-10 05:00:00+02:00,CT NG 68,0.0
2030,sc01,04-10 05:00:00+02:00,CC NG 17,0.0
2030,sc01,04-10 05:00:00+02:00,CC NG 10,0.0
2030,sc01,04-10 05:00:00+02:00,CC NG 33,0.0
2030,sc01,04-10 05:00:00+02:00,CC NG 06,0.0
2030,sc01,04-10 05:00:00+02:00,CT NG 10,0.0
2030,sc01,04-10 05:00:00+02:00,CT NG 01,0.0
2030,sc01,04-10 05:00:00+02:00,CC NG 29,0.0
2030,sc01,04-10 05:00:00+02:00,CC NG 05,0.0
2030,sc01,04-10 05:00:00+02:00,CT NG 06,0.0
2030,sc01,04-10 05:00:00+02:00,CT NG 24,0.0
2030,sc01,04-10 05:00:00+02:00,CT NG 22,0.0
2030,sc01,04-10 05:00:00+02:00,CT NG 21,0.0
2030,sc01,04-10 05:00:00+02:00,CC NG 28,0.0
2030,sc01,04-10 05:00:00+02:00,CC NG 35,0.0
2030,sc01,04-10 05:00:00+02:00,CC NG 24,0.0
2030,sc01,04-10 05:00:00+02:00,CC NG 08,0.0
2030,sc01,04-10 05:00:00+02:00,ST NG 02,0.0
2030,sc01,04-10 05:00:00+02:00,CT NG 52,0.0
2030,sc01,04-10 05:00:00+02:00,CT NG 46,0.0
2030,sc01,04-10 05:00:00+02:00,CT NG 36,0.0
2030,sc01,04-10 05:00:00+02:00,CC NG 21,0.0
2030,sc01,04-10 05:00:00+02:00,ST NG 09,0.0
2030,sc01,04-10 05:00:00+02:00,ST NG 04,0.0
2030,sc01,04-10 05:00:00+02:00,CT NG 23,0.0
2030,sc01,04-10 05:00:00+02:00,CT NG 13,0.0
2030,sc01,04-10 05:00:00+02:00,CC NG 11,0.0
2030,sc01,04-10 05:00:00+02:00,CT NG 04,0.0
2030,sc01,04-10 05:00:00+02:00,CC NG 18,0.0
2030,sc01,04-10 05:00:00+02:00,CC NG 34,0.0
2030,sc01,04-10 05:00:00+02:00,CT Oil 04,0.0
2030,sc01,04-10 05:00:00+02:00,CT NG 74,0.0
2030,sc01,04-10 05:00:00+02:00,CT NG 55,0.0
2030,sc01,04-10 05:00:00+02:00,CT NG 75,0.0
2030,sc01,04-10 05:00:00+02:00,CC NG 01,0.0
2030,sc01,04-10 05:00:00+02:00,CC NG 39,0.0
2030,sc01,04-10 05:00:00+02:00,CT NG 09,0.0
2030,sc01,04-10 05:00:00+02:00,CC NG 31,0.0
2030,sc01,04-10 05:00:00+02:00,CT NG 14,0.0
2030,sc01,04-10 15:00:00+02:00,ST NG 03,0.0
2030,sc01,04-10 15:00:00+02:00,CC NG 37,1.0
2030,sc01,04-10 15:00:00+02:00,CT NG 48,0.0
2030,sc01,04-10 15:00:00+02:00,CT NG 16,0.0
2030,sc01,04-10 15:00:00+02:00,CT NG 25,0.0
2030,sc01,04-10 15:00:00+02:00,CT NG 53,0.0
2030,sc01,04-10 15:00:00+02:00,ST NG 08,0.0
2030,sc01,04-10 15:00:00+02:00,CT Oil 03,0.0
2030,sc01,04-10 15:00:00+02:00,CT NG 43,0.0
2030,sc01,04-10 15:00:00+02:00,CC NG 04,0.0
2030,sc01,04-10 15:00:00+02:00,ST Other 02,0.0
2030,sc01,04-10 15:00:00+02:00,CT NG 30,0.0
2030,sc01,04-10 15:00:00+02:00,CC NG 27,0.0
2030,sc01,04-10 15:00:00+02:00,CC NG 38,0.0
2030,sc01,04-10 15:00:00+02:00,CC NG 20,0.0
2030,sc01,04-10 15:00:00+02:00,CC NG 19,1.0
2030,sc01,04-10 15:00:00+02:00,CT NG 12,0.0
2030,sc01,04-10 15:00:00+02:00,CT NG 70,0.0
2030,sc01,04-10 15:00:00+02:00,ST NG 10,0.0
2030,sc01,04-10 15:00:00+02:00,CT NG 02,0.0
2030,sc01,04-10 15:00:00+02:00,CT NG 26,0.0
2030,sc01,04-10 15:00:00+02:00,ST NG 01,0.0
2030,sc01,04-10 15:00:00+02:00,CC NG 32,0.0
2030,sc01,04-10 15:00:00+02:00,CT NG 35,0.0
2030,sc01,04-10 15:00:00+02:00,ST NG 06,0.0
2030,sc01,04-10 15:00:00+02:00,CT Oil 01,0.0
2030,sc01,04-10 15:00:00+02:00,CT NG 67,0.0
2030,sc01,04-10 15:00:00+02:00,CT NG 72,0.0
2030,sc01,04-10 15:00:00+02:00,CT NG 66,0.0
2030,sc01,04-10 15:00:00+02:00,CT NG 71,0.0
2030,sc01,04-10 15:00:00+02:00,CC NG 07,0.0
2030,sc01,04-10 15:00:00+02:00,CT NG 69,0.0
2030,sc01,04-10 15:00:00+02:00,CT NG 07,0.0
2030,sc01,04-10 15:00:00+02:00,CT NG 45,0.0
2030,sc01,04-10 15:00:00+02:00,CC NG 03,0.0
2030,sc01,04-10 15:00:00+02:00,CC NG 13,0.0
2030,sc01,04-10 15:00:00+02:00,CT Oil 05,0.0
2030,sc01,04-10 15:00:00+02:00,CT NG 54,0.0
2030,sc01,04-10 15:00:00+02:00,ST Coal 01,0.0
2030,sc01,04-10 15:00:00+02:00,CC NG 16,0.24905804866895218
2030,sc01,04-10 15:00:00+02:00,CT NG 73,0.0
2030,sc01,04-10 15:00:00+02:00,CC NG 09,0.0
2030,sc01,04-10 15:00:00+02:00,CT NG 03,0.0
2030,sc01,04-10 15:00:00+02:00,CT NG 28,0.0
2030,sc01,04-10 15:00:00+02:00,CT NG 11,0.0
2030,sc01,04-10 15:00:00+02:00,CT NG 08,0.0
2030,sc01,04-10 15:00:00+02:00,CT Oil 02,0.0
2030,sc01,04-10 15:00:00+02:00,CC NG 25,0.0
2030,sc01,04-10 15:00:00+02:00,CC NG 22,1.0
2030,sc01,04-10 15:00:00+02:00,CT NG 56,0.0
2030,sc01,04-10 15:00:00+02:00,CT NG 34,0.0
2030,sc01,04-10 15:00:00+02:00,ST NG 05,0.0
2030,sc01,04-10 15:00:00+02:00,CT NG 44,0.0
2030,sc01,04-10 15:00:00+02:00,CT NG 47,0.0
2030,sc01,04-10 15:00:00+02:00,CC NG 15,0.0
2030,sc01,04-10 15:00:00+02:00,CC NG 14,0.0
2030,sc01,04-10 15:00:00+02:00,CT NG 42,0.0
2030,sc01,04-10 15:00:00+02:00,ST NG 07,0.0
2030,sc01,04-10 15:00:00+02:00,CC NG 36,0.0
2030,sc01,04-10 15:00:00+02:00,CT NG 15,0.0
2030,sc01,04-10 15:00:00+02:00,CT NG 41,0.0
2030,sc01,04-10 15:00:00+02:00,CC NG 23,0.0
2030,sc01,04-10 15:00:00+02:00,CT NG 49,0.0
2030,sc01,04-10 15:00:00+02:00,CC NG 26,0.0
2030,sc01,04-10 15:00:00+02:00,CC NG 12,0.0
2030,sc01,04-10 15:00:00+02:00,CT NG 05,0.0
2030,sc01,04-10 15:00:00+02:00,CC NG 40,0.2752752387390207
2030,sc01,04-10 15:00:00+02:00,CT NG 50,0.0
2030,sc01,04-10 15:00:00+02:00,CT NG 68,0.0
2030,sc01,04-10 15:00:00+02:00,CC NG 17,0.0
2030,sc01,04-10 15:00:00+02:00,CC NG 10,0.0
2030,sc01,04-10 15:00:00+02:00,CC NG 33,0.0
2030,sc01,04-10 15:00:00+02:00,CC NG 06,0.0
2030,sc01,04-10 15:00:00+02:00,CT NG 10,0.0
2030,sc01,04-10 15:00:00+02:00,CT NG 01,0.0
2030,sc01,04-10 15:00:00+02:00,CC NG 29,0.0
2030,sc01,04-10 15:00:00+02:00,CC NG 05,0.0
2030,sc01,04-10 15:00:00+02:00,CT NG 06,0.0
2030,sc01,04-10 15:00:00+02:00,CT NG 24,0.0
2030,sc01,04-10 15:00:00+02:00,CT NG 22,0.0
2030,sc01,04-10 15:00:00+02:00,CT NG 21,0.0
2030,sc01,04-10 15:00:00+02:00,CC NG 28,0.0
2030,sc01,04-10 15:00:00+02:00,CC NG 35,0.0
2030,sc01,04-10 15:00:00+02:00,CC NG 24,0.0
2030,sc01,04-10 15:00:00+02:00,CC NG 08,0.0
2030,sc01,04-10 15:00:00+02:00,ST NG 02,0.0
2030,sc01,04-10 15:00:00+02:00,CT NG 52,0.0
2030,sc01,04-10 15:00:00+02:00,CT NG 46,0.0
2030,sc01,04-10 15:00:00+02:00,CT NG 36,0.0
2030,sc01,04-10 15:00:00+02:00,CC NG 21,0.0
2030,sc01,04-10 15:00:00+02:00,ST NG 09,0.0
2030,sc01,04-10 15:00:00+02:00,ST NG 04,1.0
2030,sc01,04-10 15:00:00+02:00,CT NG 23,0.0
2030,sc01,04-10 15:00:00+02:00,CT NG 13,0.0
2030,sc01,04-10 15:00:00+02:00,CC NG 11,0.0
2030,sc01,04-10 15:00:00+02:00,CT NG 04,0.0
2030,sc01,04-10 15:00:00+02:00,CC NG 18,0.0
2030,sc01,04-10 15:00:00+02:00,CC NG 34,0.0
2030,sc01,04-10 15:00:00+02:00,CT Oil 04,0.0
2030,sc01,04-10 15:00:00+02:00,CT NG 74,0.0
2030,sc01,04-10 15:00:00+02:00,CT NG 55,0.0
2030,sc01,04-10 15:00:00+02:00,CT NG 75,0.0
2030,sc01,04-10 15:00:00+02:00,CC NG 01,0.0
2030,sc01,04-10 15:00:00+02:00,CC NG 39,0.0
2030,sc01,04-10 15:00:00+02:00,CT NG 09,0.0
2030,sc01,04-10 15:00:00+02:00,CC NG 31,0.0
2030,sc01,04-10 15:00:00+02:00,CT NG 14,0.0
2030,sc01,04-11 19:00:00+02:00,ST NG 03,0.0
2030,sc01,04-11 19:00:00+02:00,CC NG 37,0.0
2030,sc01,04-11 19:00:00+02:00,CT NG 48,0.42339130577224016
2030,sc01,04-11 19:00:00+02:00,CT NG 16,0.0
2030,sc01,04-11 19:00:00+02:00,CT NG 25,0.0
2030,sc01,04-11 19:00:00+02:00,CT NG 53,0.0
2030,sc01,04-11 19:00:00+02:00,ST NG 08,0.0
2030,sc01,04-11 19:00:00+02:00,CT Oil 03,0.0
2030,sc01,04-11 19:00:00+02:00,CT NG 43,0.0
2030,sc01,04-11 19:00:00+02:00,CC NG 04,0.0
2030,sc01,04-11 19:00:00+02:00,ST Other 02,0.0
2030,sc01,04-11 19:00:00+02:00,CT NG 30,0.0
2030,sc01,04-11 19:00:00+02:00,CC NG 27,0.0
2030,sc01,04-11 19:00:00+02:00,CC NG 38,0.0
2030,sc01,04-11 19:00:00+02:00,CC NG 20,0.0
2030,sc01,04-11 19:00:00+02:00,CC NG 19,0.0
2030,sc01,04-11 19:00:00+02:00,CT NG 12,0.0
2030,sc01,04-11 19:00:00+02:00,CT NG 70,0.0
2030,sc01,04-11 19:00:00+02:00,ST NG 10,0.0
2030,sc01,04-11 19:00:00+02:00,CT NG 02,0.0
2030,sc01,04-11 19:00:00+02:00,CT NG 26,0.0
2030,sc01,04-11 19:00:00+02:00,ST NG 01,0.4093462969847179
2030,sc01,04-11 19:00:00+02:00,CC NG 32,0.0
2030,sc01,04-11 19:00:00+02:00,CT NG 35,0.0
2030,sc01,04-11 19:00:00+02:00,ST NG 06,0.0
2030,sc01,04-11 19:00:00+02:00,CT Oil 01,0.0
2030,sc01,04-11 19:00:00+02:00,CT NG 67,0.0
2030,sc01,04-11 19:00:00+02:00,CT NG 72,0.0
2030,sc01,04-11 19:00:00+02:00,CT NG 66,0.0
2030,sc01,04-11 19:00:00+02:00,CT NG 71,0.0
2030,sc01,04-11 19:00:00+02:00,CC NG 07,0.0
2030,sc01,04-11 19:00:00+02:00,CT NG 69,0.0
2030,sc01,04-11 19:00:00+02:00,CT NG 07,0.0
2030,sc01,04-11 19:00:00+02:00,CT NG 45,0.0
2030,sc01,04-11 19:00:00+02:00,CC NG 03,0.0
2030,sc01,04-11 19:00:00+02:00,CC NG 13,0.0
2030,sc01,04-11 19:00:00+02:00,CT Oil 05,0.0
2030,sc01,04-11 19:00:00+02:00,CT NG 54,0.0
2030,sc01,04-11 19:00:00+02:00,ST Coal 01,0.0
2030,sc01,04-11 19:00:00+02:00,CC NG 16,0.0
2030,sc01,04-11 19:00:00+02:00,CT NG 73,0.0
2030,sc01,04-11 19:00:00+02:00,CC NG 09,0.0
2030,sc01,04-11 19:00:00+02:00,CT NG 03,0.0
2030,sc01,04-11 19:00:00+02:00,CT NG 28,0.0
2030,sc01,04-11 19:00:00+02:00,CT NG 11,0.0
2030,sc01,04-11 19:00:00+02:00,CT NG 08,0.0
2030,sc01,04-11 19:00:00+02:00,CT Oil 02,0.0
2030,sc01,04-11 19:00:00+02:00,CC NG 25,0.0
2030,sc01,04-11 19:00:00+02:00,CC NG 22,0.0
2030,sc01,04-11 19:00:00+02:00,CT NG 56,0.0
2030,sc01,04-11 19:00:00+02:00,CT NG 34,0.0
2030,sc01,04-11 19:00:00+02:00,ST NG 05,0.0
2030,sc01,04-11 19:00:00+02:00,CT NG 44,0.0
2030,sc01,04-11 19:00:00+02:00,CT NG 47,0.0
2030,sc01,04-11 19:00:00+02:00,CC NG 15,0.0
2030,sc01,04-11 19:00:00+02:00,CC NG 14,0.0
2030,sc01,04-11 19:00:00+02:00,CT NG 42,0.0
2030,sc01,04-11 19:00:00+02:00,ST NG 07,0.0
2030,sc01,04-11 19:00:00+02:00,CC NG 36,0.0
2030,sc01,04-11 19:00:00+02:00,CT NG 15,0.0
2030,sc01,04-11 19:00:00+02:00,CT NG 41,0.0
2030,sc01,04-11 19:00:00+02:00,CC NG 23,0.0
2030,sc01,04-11 19:00:00+02:00,CT NG 49,0.0
2030,sc01,04-11 19:00:00+02:00,CC NG 26,0.0
2030,sc01,04-11 19:00:00+02:00,CC NG 12,0.0
2030,sc01,04-11 19:00:00+02:00,CT NG 05,0.0
2030,sc01,04-11 19:00:00+02:00,CC NG 40,0.7247247612609793
2030,sc01,04-11 19:00:00+02:00,CT NG 50,0.0
2030,sc01,04-11 19:00:00+02:00,CT NG 68,0.0
2030,sc01,04-11 19:00:00+02:00,CC NG 17,0.0
2030,sc01,04-11 19:00:00+02:00,CC NG 10,0.0
2030,sc01,04-11 19:00:00+02:00,CC NG 33,0.0
2030,sc01,04-11 19:00:00+02:00,CC NG 06,0.0
2030,sc01,04-11 19:00:00+02:00,CT NG 10,0.0
2030,sc01,04-11 19:00:00+02:00,CT NG 01,0.0
2030,sc01,04-11 19:00:00+02:00,CC NG 29,0.0
2030,sc01,04-11 19:00:00+02:00,CC NG 05,0.0
2030,sc01,04-11 19:00:00+02:00,CT NG 06,0.0
2030,sc01,04-11 19:00:00+02:00,CT NG 24,0.0
2030,sc01,04-11 19:00:00+02:00,CT NG 22,0.0
2030,sc01,04-11 19:00:00+02:00,CT NG 21,0.0
2030,sc01,04-11 19:00:00+02:00,CC NG 28,0.0
2030,sc01,04-11 19:00:00+02:00,CC NG 35,0.0
2030,sc01,04-11 19:00:00+02:00,CC NG 24,0.0
2030,sc01,04-11 19:00:00+02:00,CC NG 08,0.0
2030,sc01,04-11 19:00:00+02:00,ST NG 02,0.0
2030,sc01,04-11 19:00:00+02:00,CT NG 52,0.0
2030,sc01,04-11 19:00:00+02:00,CT NG 46,0.0
2030,sc01,04-11 19:00:00+02:00,CT NG 36,0.0
2030,sc01,04-11 19:00:00+02:00,CC NG 21,0.0
2030,sc01,04-11 19:00:00+02:00,ST NG 09,0.0
2030,sc01,04-11 19:00:00+02:00,ST NG 04,0.0
2030,sc01,04-11 19:00:00+02:00,CT NG 23,0.0
2030,sc01,04-11 19:00:00+02:00,CT NG 13,0.0
2030,sc01,04-11 19:00:00+02:00,CC NG 11,0.0
2030,sc01,04-11 19:00:00+02:00,CT NG 04,0.0
2030,sc01,04-11 19:00:00+02:00,CC NG 18,0.0
2030,sc01,04-11 19:00:00+02:00,CC NG 34,0.5778505387553668
2030,sc01,04-11 19:00:00+02:00,CT Oil 04,0.0
2030,sc01,04-11 19:00:00+02:00,CT NG 74,0.0
2030,sc01,04-11 19:00:00+02:00,CT NG 55,0.0
2030,sc01,04-11 19:00:00+02:00,CT NG 75,0.0
2030,sc01,04-11 19:00:00+02:00,CC NG 01,0.0
2030,sc01,04-11 19:00:00+02:00,CC NG 39,0.0
2030,sc01,04-11 19:00:00+02:00,CT NG 09,0.0
2030,sc01,04-11 19:00:00+02:00,CC NG 31,0.0
2030,sc01,04-11 19:00:00+02:00,CT NG 14,0.0
2030,sc01,04-12 00:00:00+02:00,ST NG 03,0.0
2030,sc01,04-12 00:00:00+02:00,CC NG 37,0.5398344800962784
2030,sc01,04-12 00:00:00+02:00,CT NG 48,0.5766086942277598
2030,sc01,04-12 00:00:00+02:00,CT NG 16,0.0
2030,sc01,04-12 00:00:00+02:00,CT NG 25,1.0
2030,sc01,04-12 00:00:00+02:00,CT NG 53,0.0
2030,sc01,04-12 00:00:00+02:00,ST NG 08,0.0
2030,sc01,04-12 00:00:00+02:00,CT Oil 03,0.0
2030,sc01,04-12 00:00:00+02:00,CT NG 43,0.0
2030,sc01,04-12 00:00:00+02:00,CC NG 04,0.0
2030,sc01,04-12 00:00:00+02:00,ST Other 02,0.0
2030,sc01,04-12 00:00:00+02:00,CT NG 30,0.0
2030,sc01,04-12 00:00:00+02:00,CC NG 27,0.0
2030,sc01,04-12 00:00:00+02:00,CC NG 38,1.0
2030,sc01,04-12 00:00:00+02:00,CC NG 20,0.0
2030,sc01,04-12 00:00:00+02:00,CC NG 19,0.0
2030,sc01,04-12 00:00:00+02:00,CT NG 12,0.0
2030,sc01,04-12 00:00:00+02:00,CT NG 70,0.0
2030,sc01,04-12 00:00:00+02:00,ST NG 10,0.0
2030,sc01,04-12 00:00:00+02:00,CT NG 02,0.0
2030,sc01,04-12 00:00:00+02:00,CT NG 26,1.0
2030,sc01,04-12 00:00:00+02:00,ST NG 01,0.5906537030152821
2030,sc01,04-12 00:00:00+02:00,CC NG 32,0.0
2030,sc01,04-12 00:00:00+02:00,CT NG 35,1.0
2030,sc01,04-12 00:00:00+02:00,ST NG 06,0.0
2030,sc01,04-12 00:00:00+02:00,CT Oil 01,0.0
2030,sc01,04-12 00:00:00+02:00,CT NG 67,0.0
2030,sc01,04-12 00:00:00+02:00,CT NG 72,0.0
2030,sc01,04-12 00:00:00+02:00,CT NG 66,0.0
2030,sc01,04-12 00:00:00+02:00,CT NG 71,0.0
2030,sc01,04-12 00:00:00+02:00,CC NG 07,0.0
2030,sc01,04-12 00:00:00+02:00,CT NG 69,0.0
2030,sc01,04-12 00:00:00+02:00,CT NG 07,0.0
2030,sc01,04-12 00:00:00+02:00,CT NG 45,0.0
2030,sc01,04-12 00:00:00+02:00,CC NG 03,1.0
2030,sc01,04-12 00:00:00+02:00,CC NG 13,0.0
2030,sc01,04-12 00:00:00+02:00,CT Oil 05,0.0
2030,sc01,04-12 00:00:00+02:00,CT NG 54,0.0
2030,sc01,04-12 00:00:00+02:00,ST Coal 01,0.0
2030,sc01,04-12 00:00:00+02:00,CC NG 16,1.0
2030,sc01,04-12 00:00:00+02:00,CT NG 73,0.0
2030,sc01,04-12 00:00:00+02:00,CC NG 09,1.0
2030,sc01,04-12 00:00:00+02:00,CT NG 03,0.0
2030,sc01,04-12 00:00:00+02:00,CT NG 28,0.0
2030,sc01,04-12 00:00:00+02:00,CT NG 11,0.0
2030,sc01,04-12 00:00:00+02:00,CT NG 08,0.0
2030,sc01,04-12 00:00:00+02:00,CT Oil 02,0.0
2030,sc01,04-12 00:00:00+02:00,CC NG 25,0.0
2030,sc01,04-12 00:00:00+02:00,CC NG 22,0.0
2030,sc01,04-12 00:00:00+02:00,CT NG 56,0.0
2030,sc01,04-12 00:00:00+02:00,CT NG 34,1.0
2030,sc01,04-12 00:00:00+02:00,ST NG 05,1.0
2030,sc01,04-12 00:00:00+02:00,CT NG 44,0.0
2030,sc01,04-12 00:00:00+02:00,CT NG 47,0.0
2030,sc01,04-12 00:00:00+02:00,CC NG 15,0.0
2030,sc01,04-12 00:00:00+02:00,CC NG 14,1.0
2030,sc01,04-12 00:00:00+02:00,CT NG 42,0.0
2030,sc01,04-12 00:00:00+02:00,ST NG 07,0.0
2030,sc01,04-12 00:00:00+02:00,CC NG 36,0.0
2030,sc01,04-12 00:00:00+02:00,CT NG 15,0.0
2030,sc01,04-12 00:00:00+02:00,CT NG 41,1.0
2030,sc01,04-12 00:00:00+02:00,CC NG 23,1.0
2030,sc01,04-12 00:00:00+02:00,CT NG 49,0.0
2030,sc01,04-12 00:00:00+02:00,CC NG 26,0.0
2030,sc01,04-12 00:00:00+02:00,CC NG 12,0.0
2030,sc01,04-12 00:00:00+02:00,CT NG 05,0.0
2030,sc01,04-12 00:00:00+02:00,CC NG 40,0.0
2030,sc01,04-12 00:00:00+02:00,CT NG 50,0.0
2030,sc01,04-12 00:00:00+02:00,CT NG 68,0.0
2030,sc01,04-12 00:00:00+02:00,CC NG 17,1.0
2030,sc01,04-12 00:00:00+02:00,CC NG 10,0.0
2030,sc01,04-12 00:00:00+02:00,CC NG 33,0.0
2030,sc01,04-12 00:00:00+02:00,CC NG 06,0.0
2030,sc01,04-12 00:00:00+02:00,CT NG 10,0.0
2030,sc01,04-12 00:00:00+02:00,CT NG 01,0.0
2030,sc01,04-12 00:00:00+02:00,CC NG 29,0.0
2030,sc01,04-12 00:00:00+02:00,CC NG 05,1.0
2030,sc01,04-12 00:00:00+02:00,CT NG 06,0.0
2030,sc01,04-12 00:00:00+02:00,CT NG 24,1.0
2030,sc01,04-12 00:00:00+02:00,CT NG 22,0.0
2030,sc01,04-12 00:00:00+02:00,CT NG 21,0.0
2030,sc01,04-12 00:00:00+02:00,CC NG 28,1.0
2030,sc01,04-12 00:00:00+02:00,CC NG 35,0.0
2030,sc01,04-12 00:00:00+02:00,CC NG 24,0.9999999999999999
2030,sc01,04-12 00:00:00+02:00,CC NG 08,1.0
2030,sc01,04-12 00:00:00+02:00,ST NG 02,1.0
2030,sc01,04-12 00:00:00+02:00,CT NG 52,0.0
2030,sc01,04-12 00:00:00+02:00,CT NG 46,0.0
2030,sc01,04-12 00:00:00+02:00,CT NG 36,1.0
2030,sc01,04-12 00:00:00+02:00,CC NG 21,0.0
2030,sc01,04-12 00:00:00+02:00,ST NG 09,0.0
2030,sc01,04-12 00:00:00+02:00,ST NG 04,1.0
2030,sc01,04-12 00:00:00+02:00,CT NG 23,0.0
2030,sc01,04-12 00:00:00+02:00,CT NG 13,0.0
2030,sc01,04-12 00:00:00+02:00,CC NG 11,1.0
2030,sc01,04-12 00:00:00+02:00,CT NG 04,0.0
2030,sc01,04-12 00:00:00+02:00,CC NG 18,1.0
2030,sc01,04-12 00:00:00+02:00,CC NG 34,0.42214946124463315
2030,sc01,04-12 00:00:00+02:00,CT Oil 04,0.0
2030,sc01,04-12 00:00:00+02:00,CT NG 74,1.0
2030,sc01,04-12 00:00:00+02:00,CT NG 55,0.0
2030,sc01,04-12 00:00:00+02:00,CT NG 75,0.0
2030,sc01,04-12 00:00:00+02:00,CC NG 01,0.0
2030,sc01,04-12 00:00:00+02:00,CC NG 39,0.0
2030,sc01,04-12 00:00:00+02:00,CT NG 09,0.0
2030,sc01,04-12 00:00:00+02:00,CC NG 31,0.0
2030,sc01,04-12 00:00:00+02:00,CT NG 14,0.0
2030,sc01,04-14 13:00:00+02:00,ST NG 03,0.0
2030,sc01,04-14 13:00:00+02:00,CC NG 37,0.4601655199037216
2030,sc01,04-14 13:00:00+02:00,CT NG 48,0.0
2030,sc01,04-14 13:00:00+02:00,CT NG 16,0.0
2030,sc01,04-14 13:00:00+02:00,CT NG 25,0.0
2030,sc01,04-14 13:00:00+02:00,CT NG 53,0.0
2030,sc01,04-14 13:00:00+02:00,ST NG 08,0.0
2030,sc01,04-14 13:00:00+02:00,CT Oil 03,0.0
2030,sc01,04-14 13:00:00+02:00,CT NG 43,0.0
2030,sc01,04-14 13:00:00+02:00,CC NG 04,0.0
2030,sc01,04-14 13:00:00+02:00,ST Other 02,0.0
2030,sc01,04-14 13:00:00+02:00,CT NG 30,0.0
2030,sc01,04-14 13:00:00+02:00,CC NG 27,0.0
2030,sc01,04-14 13:00:00+02:00,CC NG 38,0.0
2030,sc01,04-14 13:00:00+02:00,CC NG 20,0.0
2030,sc01,04-14 13:00:00+02:00,CC NG 19,1.0
2030,sc01,04-14 13:00:00+02:00,CT NG 12,0.0
2030,sc01,04-14 13:00:00+02:00,CT NG 70,0.0
2030,sc01,04-14 13:00:00+02:00,ST NG 10,0.0
2030,sc01,04-14 13:00:00+02:00,CT NG 02,0.0
2030,sc01,04-14 13:00:00+02:00,CT NG 26,0.0
2030,sc01,04-14 13:00:00+02:00,ST NG 01,0.0
2030,sc01,04-14 13:00:00+02:00,CC NG 32,0.0
2030,sc01,04-14 13:00:00+02:00,CT NG 35,0.0
2030,sc01,04-14 13:00:00+02:00,ST NG 06,0.0
2030,sc01,04-14 13:00:00+02:00,CT Oil 01,0.0
2030,sc01,04-14 13:00:00+02:00,CT NG 67,0.0
2030,sc01,04-14 13:00:00+02:00,CT NG 72,0.0
2030,sc01,04-14 13:00:00+02:00,CT NG 66,0.0
2030,sc01,04-14 13:00:00+02:00,CT NG 71,0.0
2030,sc01,04-14 13:00:00+02:00,CC NG 07,0.0
2030,sc01,04-14 13:00:00+02:00,CT NG 69,0.0
2030,sc01,04-14 13:00:00+02:00,CT NG 07,0.0
2030,sc01,04-14 13:00:00+02:00,CT NG 45,0.0
2030,sc01,04-14 13:00:00+02:00,CC NG 03,0.0
2030,sc01,04-14 13:00:00+02:00,CC NG 13,0.0
2030,sc01,04-14 13:00:00+02:00,CT Oil 05,0.0
2030,sc01,04-14 13:00:00+02:00,CT NG 54,0.0
2030,sc01,04-14 13:00:00+02:00,ST Coal 01,0.0
2030,sc01,04-14 13:00:00+02:00,CC NG 16,0.0
2030,sc01,04-14 13:00:00+02:00,CT NG 73,0.0
2030,sc01,04-14 13:00:00+02:00,CC NG 09,0.0
2030,sc01,04-14 13:00:00+02:00,CT NG 03,0.0
2030,sc01,04-14 13:00:00+02:00,CT NG 28,0.0
2030,sc01,04-14 13:00:00+02:00,CT NG 11,0.0
2030,sc01,04-14 13:00:00+02:00,CT NG 08,0.0
2030,sc01,04-14 13:00:00+02:00,CT Oil 02,0.0
2030,sc01,04-14 13:00:00+02:00,CC NG 25,0.0
2030,sc01,04-14 13:00:00+02:00,CC NG 22,1.0
2030,sc01,04-14 13:00:00+02:00,CT NG 56,0.0
2030,sc01,04-14 13:00:00+02:00,CT NG 34,0.0
2030,sc01,04-14 13:00:00+02:00,ST NG 05,0.0
2030,sc01,04-14 13:00:00+02:00,CT NG 44,0.0
2030,sc01,04-14 13:00:00+02:00,CT NG 47,0.0
2030,sc01,04-14 13:00:00+02:00,CC NG 15,0.0
2030,sc01,04-14 13:00:00+02:00,CC NG 14,0.0
2030,sc01,04-14 13:00:00+02:00,CT NG 42,0.0
2030,sc01,04-14 13:00:00+02:00,ST NG 07,0.0
2030,sc01,04-14 13:00:00+02:00,CC NG 36,0.0
2030,sc01,04-14 13:00:00+02:00,CT NG 15,0.0
2030,sc01,04-14 13:00:00+02:00,CT NG 41,0.0
2030,sc01,04-14 13:00:00+02:00,CC NG 23,0.0
2030,sc01,04-14 13:00:00+02:00,CT NG 49,0.0
2030,sc01,04-14 13:00:00+02:00,CC NG 26,0.0
2030,sc01,04-14 13:00:00+02:00,CC NG 12,0.0
2030,sc01,04-14 13:00:00+02:00,CT NG 05,0.0
2030,sc01,04-14 13:00:00+02:00,CC NG 40,1.0
2030,sc01,04-14 13:00:00+02:00,CT NG 50,0.0
2030,sc01,04-14 13:00:00+02:00,CT NG 68,0.0
2030,sc01,04-14 13:00:00+02:00,CC NG 17,0.0
2030,sc01,04-14 13:00:00+02:00,CC NG 10,0.0
2030,sc01,04-14 13:00:00+02:00,CC NG 33,0.0
2030,sc01,04-14 13:00:00+02:00,CC NG 06,0.0
2030,sc01,04-14 13:00:00+02:00,CT NG 10,0.0
2030,sc01,04-14 13:00:00+02:00,CT NG 01,0.0
2030,sc01,04-14 13:00:00+02:00,CC NG 29,0.0
2030,sc01,04-14 13:00:00+02:00,CC NG 05,0.0
2030,sc01,04-14 13:00:00+02:00,CT NG 06,0.0
2030,sc01,04-14 13:00:00+02:00,CT NG 24,0.0
2030,sc01,04-14 13:00:00+02:00,CT NG 22,0.0
2030,sc01,04-14 13:00:00+02:00,CT NG 21,0.0
2030,sc01,04-14 13:00:00+02:00,CC NG 28,0.0
2030,sc01,04-14 13:00:00+02:00,CC NG 35,0.0
2030,sc01,04-14 13:00:00+02:00,CC NG 24,0.0
2030,sc01,04-14 13:00:00+02:00,CC NG 08,0.0
2030,sc01,04-14 13:00:00+02:00,ST NG 02,0.0
2030,sc01,04-14 13:00:00+02:00,CT NG 52,0.0
2030,sc01,04-14 13:00:00+02:00,CT NG 46,0.0
2030,sc01,04-14 13:00:00+02:00,CT NG 36,0.0
2030,sc01,04-14 13:00:00+02:00,CC NG 21,0.0
2030,sc01,04-14 13:00:00+02:00,ST NG 09,0.0
2030,sc01,04-14 13:00:00+02:00,ST NG 04,0.0
2030,sc01,04-14 13:00:00+02:00,CT NG 23,0.0
2030,sc01,04-14 13:00:00+02:00,CT NG 13,0.0
2030,sc01,04-14 13:00:00+02:00,CC NG 11,0.0
2030,sc01,04-14 13:00:00+02:00,CT NG 04,0.0
2030,sc01,04-14 13:00:00+02:00,CC NG 18,0.0
2030,sc01,04-14 13:00:00+02:00,CC NG 34,0.0
2030,sc01,04-14 13:00:00+02:00,CT Oil 04,0.0
2030,sc01,04-14 13:00:00+02:00,CT NG 74,0.0
2030,sc01,04-14 13:00:00+02:00,CT NG 55,0.0
2030,sc01,04-14 13:00:00+02:00,CT NG 75,0.0
2030,sc01,04-14 13:00:00+02:00,CC NG 01,0.0
2030,sc01,04-14 13:00:00+02:00,CC NG 39,0.0
2030,sc01,04-14 13:00:00+02:00,CT NG 09,0.0
2030,sc01,04-14 13:00:00+02:00,CC NG 31,0.0
2030,sc01,04-14 13:00:00+02:00,CT NG 14,0.0
2030,sc01,04-16 18:00:00+02:00,ST NG 03,0.0
2030,sc01,04-16 18:00:00+02:00,CC NG 37,0.0
2030,sc01,04-16 18:00:00+02:00,CT NG 48,0.0
2030,sc01,04-16 18:00:00+02:00,CT NG 16,0.0
2030,sc01,04-16 18:00:00+02:00,CT NG 25,0.0
2030,sc01,04-16 18:00:00+02:00,CT NG 53,0.0
2030,sc01,04-16 18:00:00+02:00,ST NG 08,0.0
2030,sc01,04-16 18:00:00+02:00,CT Oil 03,0.0
2030,sc01,04-16 18:00:00+02:00,CT NG 43,0.0
2030,sc01,04-16 18:00:00+02:00,CC NG 04,0.0
2030,sc01,04-16 18:00:00+02:00,ST Other 02,0.0
2030,sc01,04-16 18:00:00+02:00,CT NG 30,0.0
2030,sc01,04-16 18:00:00+02:00,CC NG 27,0.0
2030,sc01,04-16 18:00:00+02:00,CC NG 38,0.0
2030,sc01,04-16 18:00:00+02:00,CC NG 20,0.0
2030,sc01,04-16 18:00:00+02:00,CC NG 19,0.0
2030,sc01,04-16 18:00:00+02:00,CT NG 12,0.0
2030,sc01,04-16 18:00:00+02:00,CT NG 70,0.0
2030,sc01,04-16 18:00:00+02:00,ST NG 10,0.0
2030,sc01,04-16 18:00:00+02:00,CT NG 02,0.0
2030,sc01,04-16 18:00:00+02:00,CT NG 26,0.0
2030,sc01,04-16 18:00:00+02:00,ST NG 01,0.0
2030,sc01,04-16 18:00:00+02:00,CC NG 32,0.0
2030,sc01,04-16 18:00:00+02:00,CT NG 35,0.0
2030,sc01,04-16 18:00:00+02:00,ST NG 06,0.0
2030,sc01,04-16 18:00:00+02:00,CT Oil 01,0.0
2030,sc01,04-16 18:00:00+02:00,CT NG 67,0.0
2030,sc01,04-16 18:00:00+02:00,CT NG 72,0.0
2030,sc01,04-16 18:00:00+02:00,CT NG 66,0.0
2030,sc01,04-16 18:00:00+02:00,CT NG 71,0.0
2030,sc01,04-16 18:00:00+02:00,CC NG 07,0.0
2030,sc01,04-16 18:00:00+02:00,CT NG 69,0.0
2030,sc01,04-16 18:00:00+02:00,CT NG 07,0.0
2030,sc01,04-16 18:00:00+02:00,CT NG 45,0.0
2030,sc01,04-16 18:00:00+02:00,CC NG 03,0.0
2030,sc01,04-16 18:00:00+02:00,CC NG 13,0.0
2030,sc01,04-16 18:00:00+02:00,CT Oil 05,0.0
2030,sc01,04-16 18:00:00+02:00,CT NG 54,0.0
2030,sc01,04-16 18:00:00+02:00,ST Coal 01,0.0
2030,sc01,04-16 18:00:00+02:00,CC NG 16,0.9472067635149728
2030,sc01,04-16 18:00:00+02:00,CT NG 73,0.0
2030,sc01,04-16 18:00:00+02:00,CC NG 09,0.0
2030,sc01,04-16 18:00:00+02:00,CT NG 03,0.0
2030,sc01,04-16 18:00:00+02:00,CT NG 28,0.0
2030,sc01,04-16 18:00:00+02:00,CT NG 11,0.0
2030,sc01,04-16 18:00:00+02:00,CT NG 08,0.0
2030,sc01,04-16 18:00:00+02:00,CT Oil 02,0.0
2030,sc01,04-16 18:00:00+02:00,CC NG 25,0.0
2030,sc01,04-16 18:00:00+02:00,CC NG 22,0.0
2030,sc01,04-16 18:00:00+02:00,CT NG 56,0.0
2030,sc01,04-16 18:00:00+02:00,CT NG 34,0.0
2030,sc01,04-16 18:00:00+02:00,ST NG 05,0.0
2030,sc01,04-16 18:00:00+02:00,CT NG 44,0.0
2030,sc01,04-16 18:00:00+02:00,CT NG 47,0.0
2030,sc01,04-16 18:00:00+02:00,CC NG 15,0.0
2030,sc01,04-16 18:00:00+02:00,CC NG 14,0.0
2030,sc01,04-16 18:00:00+02:00,CT NG 42,0.0
2030,sc01,04-16 18:00:00+02:00,ST NG 07,0.0
2030,sc01,04-16 18:00:00+02:00,CC NG 36,0.0
2030,sc01,04-16 18:00:00+02:00,CT NG 15,0.0
2030,sc01,04-16 18:00:00+02:00,CT NG 41,0.0
2030,sc01,04-16 18:00:00+02:00,CC NG 23,0.0
2030,sc01,04-16 18:00:00+02:00,CT NG 49,0.0
2030,sc01,04-16 18:00:00+02:00,CC NG 26,0.0
2030,sc01,04-16 18:00:00+02:00,CC NG 12,0.0
2030,sc01,04-16 18:00:00+02:00,CT NG 05,0.0
2030,sc01,04-16 18:00:00+02:00,CC NG 40,0.0
2030,sc01,04-16 18:00:00+02:00,CT NG 50,0.0
2030,sc01,04-16 18:00:00+02:00,CT NG 68,0.0
2030,sc01,04-16 18:00:00+02:00,CC NG 17,0.0
2030,sc01,04-16 18:00:00+02:00,CC NG 10,0.0
2030,sc01,04-16 18:00:00+02:00,CC NG 33,0.0
2030,sc01,04-16 18:00:00+02:00,CC NG 06,0.0
2030,sc01,04-16 18:00:00+02:00,CT NG 10,0.0
2030,sc01,04-16 18:00:00+02:00,CT NG 01,0.0
2030,sc01,04-16 18:00:00+02:00,CC NG 29,0.0
2030,sc01,04-16 18:00:00+02:00,CC NG 05,0.0
2030,sc01,04-16 18:00:00+02:00,CT NG 06,0.0
2030,sc01,04-16 18:00:00+02:00,CT NG 24,0.3029759085762912
2030,sc01,04-16 18:00:00+02:00,CT NG 22,0.0
2030,sc01,04-16 18:00:00+02:00,CT NG 21,0.0
2030,sc01,04-16 18:00:00+02:00,CC NG 28,0.0
2030,sc01,04-16 18:00:00+02:00,CC NG 35,0.0
2030,sc01,04-16 18:00:00+02:00,CC NG 24,0.0
2030,sc01,04-16 18:00:00+02:00,CC NG 08,0.0
2030,sc01,04-16 18:00:00+02:00,ST NG 02,0.0
2030,sc01,04-16 18:00:00+02:00,CT NG 52,0.0
2030,sc01,04-16 18:00:00+02:00,CT NG 46,0.0
2030,sc01,04-16 18:00:00+02:00,CT NG 36,0.0
2030,sc01,04-16 18:00:00+02:00,CC NG 21,0.0
2030,sc01,04-16 18:00:00+02:00,ST NG 09,0.0
2030,sc01,04-16 18:00:00+02:00,ST NG 04,0.0
2030,sc01,04-16 18:00:00+02:00,CT NG 23,0.0
2030,sc01,04-16 18:00:00+02:00,CT NG 13,0.0
2030,sc01,04-16 18:00:00+02:00,CC NG 11,0.0
2030,sc01,04-16 18:00:00+02:00,CT NG 04,0.0
2030,sc01,04-16 18:00:00+02:00,CC NG 18,0.0
2030,sc01,04-16 18:00:00+02:00,CC NG 34,0.0
2030,sc01,04-16 18:00:00+02:00,CT Oil 04,0.0
2030,sc01,04-16 18:00:00+02:00,CT NG 74,0.0
2030,sc01,04-16 18:00:00+02:00,CT NG 55,0.0
2030,sc01,04-16 18:00:00+02:00,CT NG 75,0.0
2030,sc01,04-16 18:00:00+02:00,CC NG 01,0.0
2030,sc01,04-16 18:00:00+02:00,CC NG 39,0.0
2030,sc01,04-16 18:00:00+02:00,CT NG 09,0.0
2030,sc01,04-16 18:00:00+02:00,CC NG 31,0.0
2030,sc01,04-16 18:00:00+02:00,CT NG 14,0.0
2030,sc01,05-13 17:00:00+02:00,ST NG 03,0.0
2030,sc01,05-13 17:00:00+02:00,CC NG 37,1.0
2030,sc01,05-13 17:00:00+02:00,CT NG 48,0.0
2030,sc01,05-13 17:00:00+02:00,CT NG 16,0.0
2030,sc01,05-13 17:00:00+02:00,CT NG 25,0.0
2030,sc01,05-13 17:00:00+02:00,CT NG 53,0.0
2030,sc01,05-13 17:00:00+02:00,ST NG 08,0.0
2030,sc01,05-13 17:00:00+02:00,CT Oil 03,0.0
2030,sc01,05-13 17:00:00+02:00,CT NG 43,0.0
2030,sc01,05-13 17:00:00+02:00,CC NG 04,0.0
2030,sc01,05-13 17:00:00+02:00,ST Other 02,0.0
2030,sc01,05-13 17:00:00+02:00,CT NG 30,0.0
2030,sc01,05-13 17:00:00+02:00,CC NG 27,0.0
2030,sc01,05-13 17:00:00+02:00,CC NG 38,1.0
2030,sc01,05-13 17:00:00+02:00,CC NG 20,0.0
2030,sc01,05-13 17:00:00+02:00,CC NG 19,1.0
2030,sc01,05-13 17:00:00+02:00,CT NG 12,0.0
2030,sc01,05-13 17:00:00+02:00,CT NG 70,0.0
2030,sc01,05-13 17:00:00+02:00,ST NG 10,0.0
2030,sc01,05-13 17:00:00+02:00,CT NG 02,0.0
2030,sc01,05-13 17:00:00+02:00,CT NG 26,1.0
2030,sc01,05-13 17:00:00+02:00,ST NG 01,0.0
2030,sc01,05-13 17:00:00+02:00,CC NG 32,0.0
2030,sc01,05-13 17:00:00+02:00,CT NG 35,1.0
2030,sc01,05-13 17:00:00+02:00,ST NG 06,0.0
2030,sc01,05-13 17:00:00+02:00,CT Oil 01,0.0
2030,sc01,05-13 17:00:00+02:00,CT NG 67,0.0
2030,sc01,05-13 17:00:00+02:00,CT NG 72,0.0
2030,sc01,05-13 17:00:00+02:00,CT NG 66,0.0
2030,sc01,05-13 17:00:00+02:00,CT NG 71,0.0
2030,sc01,05-13 17:00:00+02:00,CC NG 07,0.0
2030,sc01,05-13 17:00:00+02:00,CT NG 69,0.0
2030,sc01,05-13 17:00:00+02:00,CT NG 07,0.0
2030,sc01,05-13 17:00:00+02:00,CT NG 45,0.0
2030,sc01,05-13 17:00:00+02:00,CC NG 03,0.0
2030,sc01,05-13 17:00:00+02:00,CC NG 13,0.0
2030,sc01,05-13 17:00:00+02:00,CT Oil 05,0.0
2030,sc01,05-13 17:00:00+02:00,CT NG 54,0.0
2030,sc01,05-13 17:00:00+02:00,ST Coal 01,0.0
2030,sc01,05-13 17:00:00+02:00,CC NG 16,1.0
2030,sc01,05-13 17:00:00+02:00,CT NG 73,0.0
2030,sc01,05-13 17:00:00+02:00,CC NG 09,0.0
2030,sc01,05-13 17:00:00+02:00,CT NG 03,0.0
2030,sc01,05-13 17:00:00+02:00,CT NG 28,0.0
2030,sc01,05-13 17:00:00+02:00,CT NG 11,0.0
2030,sc01,05-13 17:00:00+02:00,CT NG 08,0.0
2030,sc01,05-13 17:00:00+02:00,CT Oil 02,0.0
2030,sc01,05-13 17:00:00+02:00,CC NG 25,0.0
2030,sc01,05-13 17:00:00+02:00,CC NG 22,1.0
2030,sc01,05-13 17:00:00+02:00,CT NG 56,0.0
2030,sc01,05-13 17:00:00+02:00,CT NG 34,1.0
2030,sc01,05-13 17:00:00+02:00,ST NG 05,1.0
2030,sc01,05-13 17:00:00+02:00,CT NG 44,0.0
2030,sc01,05-13 17:00:00+02:00,CT NG 47,0.0
2030,sc01,05-13 17:00:00+02:00,CC NG 15,0.0
2030,sc01,05-13 17:00:00+02:00,CC NG 14,0.0
2030,sc01,05-13 17:00:00+02:00,CT NG 42,0.0
2030,sc01,05-13 17:00:00+02:00,ST NG 07,0.0
2030,sc01,05-13 17:00:00+02:00,CC NG 36,0.0
2030,sc01,05-13 17:00:00+02:00,CT NG 15,0.0
2030,sc01,05-13 17:00:00+02:00,CT NG 41,0.0
2030,sc01,05-13 17:00:00+02:00,CC NG 23,0.0
2030,sc01,05-13 17:00:00+02:00,CT NG 49,0.0
2030,sc01,05-13 17:00:00+02:00,CC NG 26,0.0
2030,sc01,05-13 17:00:00+02:00,CC NG 12,0.0
2030,sc01,05-13 17:00:00+02:00,CT NG 05,0.0
2030,sc01,05-13 17:00:00+02:00,CC NG 40,1.0
2030,sc01,05-13 17:00:00+02:00,CT NG 50,0.0
2030,sc01,05-13 17:00:00+02:00,CT NG 68,0.0
2030,sc01,05-13 17:00:00+02:00,CC NG 17,0.0
2030,sc01,05-13 17:00:00+02:00,CC NG 10,0.0
2030,sc01,05-13 17:00:00+02:00,CC NG 33,0.0
2030,sc01,05-13 17:00:00+02:00,CC NG 06,0.0
2030,sc01,05-13 17:00:00+02:00,CT NG 10,0.0
2030,sc01,05-13 17:00:00+02:00,CT NG 01,0.0
2030,sc01,05-13 17:00:00+02:00,CC NG 29,0.0
2030,sc01,05-13 17:00:00+02:00,CC NG 05,1.0
2030,sc01,05-13 17:00:00+02:00,CT NG 06,0.0
2030,sc01,05-13 17:00:00+02:00,CT NG 24,1.0
2030,sc01,05-13 17:00:00+02:00,CT NG 22,0.0
2030,sc01,05-13 17:00:00+02:00,CT NG 21,0.0
2030,sc01,05-13 17:00:00+02:00,CC NG 28,1.0
2030,sc01,05-13 17:00:00+02:00,CC NG 35,0.0
2030,sc01,05-13 17:00:00+02:00,CC NG 24,0.0
2030,sc01,05-13 17:00:00+02:00,CC NG 08,0.0
2030,sc01,05-13 17:00:00+02:00,ST NG 02,0.0
2030,sc01,05-13 17:00:00+02:00,CT NG 52,0.0
2030,sc01,05-13 17:00:00+02:00,CT NG 46,0.0
2030,sc01,05-13 17:00:00+02:00,CT NG 36,1.0
2030,sc01,05-13 17:00:00+02:00,CC NG 21,0.0
2030,sc01,05-13 17:00:00+02:00,ST NG 09,0.0
2030,sc01,05-13 17:00:00+02:00,ST NG 04,0.0
2030,sc01,05-13 17:00:00+02:00,CT NG 23,0.0
2030,sc01,05-13 17:00:00+02:00,CT NG 13,0.0
2030,sc01,05-13 17:00:00+02:00,CC NG 11,1.0
2030,sc01,05-13 17:00:00+02:00,CT NG 04,0.0
2030,sc01,05-13 17:00:00+02:00,CC NG 18,0.0
2030,sc01,05-13 17:00:00+02:00,CC NG 34,0.0
2030,sc01,05-13 17:00:00+02:00,CT Oil 04,0.0
2030,sc01,05-13 17:00:00+02:00,CT NG 74,0.0
2030,sc01,05-13 17:00:00+02:00,CT NG 55,0.0
2030,sc01,05-13 17:00:00+02:00,CT NG 75,0.0
2030,sc01,05-13 17:00:00+02:00,CC NG 01,0.0
2030,sc01,05-13 17:00:00+02:00,CC NG 39,0.0
2030,sc01,05-13 17:00:00+02:00,CT NG 09,0.0
2030,sc01,05-13 17:00:00+02:00,CC NG 31,0.0
2030,sc01,05-13 17:00:00+02:00,CT NG 14,0.0
2030,sc01,06-01 22:00:00+02:00,ST NG 03,0.0
2030,sc01,06-01 22:00:00+02:00,CC NG 37,0.0
2030,sc01,06-01 22:00:00+02:00,CT NG 48,0.0
2030,sc01,06-01 22:00:00+02:00,CT NG 16,0.0
2030,sc01,06-01 22:00:00+02:00,CT NG 25,0.0
2030,sc01,06-01 22:00:00+02:00,CT NG 53,0.0
2030,sc01,06-01 22:00:00+02:00,ST NG 08,0.0
2030,sc01,06-01 22:00:00+02:00,CT Oil 03,0.0
2030,sc01,06-01 22:00:00+02:00,CT NG 43,0.0
2030,sc01,06-01 22:00:00+02:00,CC NG 04,0.0
2030,sc01,06-01 22:00:00+02:00,ST Other 02,0.0
2030,sc01,06-01 22:00:00+02:00,CT NG 30,0.0
2030,sc01,06-01 22:00:00+02:00,CC NG 27,0.0
2030,sc01,06-01 22:00:00+02:00,CC NG 38,0.0
2030,sc01,06-01 22:00:00+02:00,CC NG 20,0.0
2030,sc01,06-01 22:00:00+02:00,CC NG 19,0.0
2030,sc01,06-01 22:00:00+02:00,CT NG 12,0.0
2030,sc01,06-01 22:00:00+02:00,CT NG 70,0.0
2030,sc01,06-01 22:00:00+02:00,ST NG 10,0.0
2030,sc01,06-01 22:00:00+02:00,CT NG 02,0.0
2030,sc01,06-01 22:00:00+02:00,CT NG 26,0.0
2030,sc01,06-01 22:00:00+02:00,ST NG 01,0.0
2030,sc01,06-01 22:00:00+02:00,CC NG 32,0.0
2030,sc01,06-01 22:00:00+02:00,CT NG 35,0.0
2030,sc01,06-01 22:00:00+02:00,ST NG 06,0.0
2030,sc01,06-01 22:00:00+02:00,CT Oil 01,0.0
2030,sc01,06-01 22:00:00+02:00,CT NG 67,0.0
2030,sc01,06-01 22:00:00+02:00,CT NG 72,0.0
2030,sc01,06-01 22:00:00+02:00,CT NG 66,0.0
2030,sc01,06-01 22:00:00+02:00,CT NG 71,0.0
2030,sc01,06-01 22:00:00+02:00,CC NG 07,0.0
2030,sc01,06-01 22:00:00+02:00,CT NG 69,0.0
2030,sc01,06-01 22:00:00+02:00,CT NG 07,0.0
2030,sc01,06-01 22:00:00+02:00,CT NG 45,0.0
2030,sc01,06-01 22:00:00+02:00,CC NG 03,0.0
2030,sc01,06-01 22:00:00+02:00,CC NG 13,0.0
2030,sc01,06-01 22:00:00+02:00,CT Oil 05,0.0
2030,sc01,06-01 22:00:00+02:00,CT NG 54,0.0
2030,sc01,06-01 22:00:00+02:00,ST Coal 01,0.0
2030,sc01,06-01 22:00:00+02:00,CC NG 16,0.0
2030,sc01,06-01 22:00:00+02:00,CT NG 73,0.0
2030,sc01,06-01 22:00:00+02:00,CC NG 09,0.0
2030,sc01,06-01 22:00:00+02:00,CT NG 03,0.0
2030,sc01,06-01 22:00:00+02:00,CT NG 28,0.0
2030,sc01,06-01 22:00:00+02:00,CT NG 11,0.0
2030,sc01,06-01 22:00:00+02:00,CT NG 08,0.0
2030,sc01,06-01 22:00:00+02:00,CT Oil 02,0.0
2030,sc01,06-01 22:00:00+02:00,CC NG 25,0.0
2030,sc01,06-01 22:00:00+02:00,CC NG 22,0.0
2030,sc01,06-01 22:00:00+02:00,CT NG 56,0.0
2030,sc01,06-01 22:00:00+02:00,CT NG 34,0.0
2030,sc01,06-01 22:00:00+02:00,ST NG 05,0.0
2030,sc01,06-01 22:00:00+02:00,CT NG 44,0.0
2030,sc01,06-01 22:00:00+02:00,CT NG 47,0.0
2030,sc01,06-01 22:00:00+02:00,CC NG 15,0.0
2030,sc01,06-01 22:00:00+02:00,CC NG 14,0.0
2030,sc01,06-01 22:00:00+02:00,CT NG 42,0.0
2030,sc01,06-01 22:00:00+02:00,ST NG 07,0.0
2030,sc01,06-01 22:00:00+02:00,CC NG 36,0.0
2030,sc01,06-01 22:00:00+02:00,CT NG 15,0.0
2030,sc01,06-01 22:00:00+02:00,CT NG 41,0.0
2030,sc01,06-01 22:00:00+02:00,CC NG 23,0.0
2030,sc01,06-01 22:00:00+02:00,CT NG 49,0.0
2030,sc01,06-01 22:00:00+02:00,CC NG 26,0.0
2030,sc01,06-01 22:00:00+02:00,CC NG 12,0.0
2030,sc01,06-01 22:00:00+02:00,CT NG 05,0.0
2030,sc01,06-01 22:00:00+02:00,CC NG 40,1.0
2030,sc01,06-01 22:00:00+02:00,CT NG 50,0.0
2030,sc01,06-01 22:00:00+02:00,CT NG 68,0.0
2030,sc01,06-01 22:00:00+02:00,CC NG 17,0.0
2030,sc01,06-01 22:00:00+02:00,CC NG 10,0.0
2030,sc01,06-01 22:00:00+02:00,CC NG 33,0.0
2030,sc01,06-01 22:00:00+02:00,CC NG 06,0.0
2030,sc01,06-01 22:00:00+02:00,CT NG 10,0.0
2030,sc01,06-01 22:00:00+02:00,CT NG 01,0.0
2030,sc01,06-01 22:00:00+02:00,CC NG 29,0.0
2030,sc01,06-01 22:00:00+02:00,CC NG 05,0.0
2030,sc01,06-01 22:00:00+02:00,CT NG 06,0.0
2030,sc01,06-01 22:00:00+02:00,CT NG 24,0.0
2030,sc01,06-01 22:00:00+02:00,CT NG 22,0.0
2030,sc01,06-01 22:00:00+02:00,CT NG 21,0.0
2030,sc01,06-01 22:00:00+02:00,CC NG 28,0.0
2030,sc01,06-01 22:00:00+02:00,CC NG 35,0.0
2030,sc01,06-01 22:00:00+02:00,CC NG 24,0.0
2030,sc01,06-01 22:00:00+02:00,CC NG 08,1.0
2030,sc01,06-01 22:00:00+02:00,ST NG 02,0.0
2030,sc01,06-01 22:00:00+02:00,CT NG 52,0.0
2030,sc01,06-01 22:00:00+02:00,CT NG 46,0.0
2030,sc01,06-01 22:00:00+02:00,CT NG 36,0.0
2030,sc01,06-01 22:00:00+02:00,CC NG 21,0.0
2030,sc01,06-01 22:00:00+02:00,ST NG 09,0.0
2030,sc01,06-01 22:00:00+02:00,ST NG 04,0.0
2030,sc01,06-01 22:00:00+02:00,CT NG 23,0.0
2030,sc01,06-01 22:00:00+02:00,CT NG 13,0.0
2030,sc01,06-01 22:00:00+02:00,CC NG 11,0.0
2030,sc01,06-01 22:00:00+02:00,CT NG 04,0.0
2030,sc01,06-01 22:00:00+02:00,CC NG 18,0.0
2030,sc01,06-01 22:00:00+02:00,CC NG 34,0.0
2030,sc01,06-01 22:00:00+02:00,CT Oil 04,0.0
2030,sc01,06-01 22:00:00+02:00,CT NG 74,0.0
2030,sc01,06-01 22:00:00+02:00,CT NG 55,0.0
2030,sc01,06-01 22:00:00+02:00,CT NG 75,0.0
2030,sc01,06-01 22:00:00+02:00,CC NG 01,0.0
2030,sc01,06-01 22:00:00+02:00,CC NG 39,0.0
2030,sc01,06-01 22:00:00+02:00,CT NG 09,0.0
2030,sc01,06-01 22:00:00+02:00,CC NG 31,0.0
2030,sc01,06-01 22:00:00+02:00,CT NG 14,0.0
2030,sc01,06-06 08:00:00+02:00,ST NG 03,0.0
2030,sc01,06-06 08:00:00+02:00,CC NG 37,1.0
2030,sc01,06-06 08:00:00+02:00,CT NG 48,0.0
2030,sc01,06-06 08:00:00+02:00,CT NG 16,0.0
2030,sc01,06-06 08:00:00+02:00,CT NG 25,0.0
2030,sc01,06-06 08:00:00+02:00,CT NG 53,0.0
2030,sc01,06-06 08:00:00+02:00,ST NG 08,0.0
2030,sc01,06-06 08:00:00+02:00,CT Oil 03,0.0
2030,sc01,06-06 08:00:00+02:00,CT NG 43,0.0
2030,sc01,06-06 08:00:00+02:00,CC NG 04,0.0
2030,sc01,06-06 08:00:00+02:00,ST Other 02,0.0
2030,sc01,06-06 08:00:00+02:00,CT NG 30,0.0
2030,sc01,06-06 08:00:00+02:00,CC NG 27,0.0
2030,sc01,06-06 08:00:00+02:00,CC NG 38,1.0
2030,sc01,06-06 08:00:00+02:00,CC NG 20,0.0
2030,sc01,06-06 08:00:00+02:00,CC NG 19,1.0
2030,sc01,06-06 08:00:00+02:00,CT NG 12,0.0
2030,sc01,06-06 08:00:00+02:00,CT NG 70,0.0
2030,sc01,06-06 08:00:00+02:00,ST NG 10,0.0
2030,sc01,06-06 08:00:00+02:00,CT NG 02,0.0
2030,sc01,06-06 08:00:00+02:00,CT NG 26,0.0
2030,sc01,06-06 08:00:00+02:00,ST NG 01,0.0
2030,sc01,06-06 08:00:00+02:00,CC NG 32,0.0
2030,sc01,06-06 08:00:00+02:00,CT NG 35,0.0
2030,sc01,06-06 08:00:00+02:00,ST NG 06,0.0
2030,sc01,06-06 08:00:00+02:00,CT Oil 01,0.0
2030,sc01,06-06 08:00:00+02:00,CT NG 67,0.0
2030,sc01,06-06 08:00:00+02:00,CT NG 72,0.0
2030,sc01,06-06 08:00:00+02:00,CT NG 66,0.0
2030,sc01,06-06 08:00:00+02:00,CT NG 71,0.0
2030,sc01,06-06 08:00:00+02:00,CC NG 07,0.0
2030,sc01,06-06 08:00:00+02:00,CT NG 69,0.0
2030,sc01,06-06 08:00:00+02:00,CT NG 07,0.0
2030,sc01,06-06 08:00:00+02:00,CT NG 45,0.0
2030,sc01,06-06 08:00:00+02:00,CC NG 03,0.0
2030,sc01,06-06 08:00:00+02:00,CC NG 13,0.0
2030,sc01,06-06 08:00:00+02:00,CT Oil 05,0.0
2030,sc01,06-06 08:00:00+02:00,CT NG 54,0.0
2030,sc01,06-06 08:00:00+02:00,ST Coal 01,0.0
2030,sc01,06-06 08:00:00+02:00,CC NG 16,0.0
2030,sc01,06-06 08:00:00+02:00,CT NG 73,0.0
2030,sc01,06-06 08:00:00+02:00,CC NG 09,0.0
2030,sc01,06-06 08:00:00+02:00,CT NG 03,0.0
2030,sc01,06-06 08:00:00+02:00,CT NG 28,0.0
2030,sc01,06-06 08:00:00+02:00,CT NG 11,0.0
2030,sc01,06-06 08:00:00+02:00,CT NG 08,0.0
2030,sc01,06-06 08:00:00+02:00,CT Oil 02,0.0
2030,sc01,06-06 08:00:00+02:00,CC NG 25,0.0
2030,sc01,06-06 08:00:00+02:00,CC NG 22,1.0
2030,sc01,06-06 08:00:00+02:00,CT NG 56,0.0
2030,sc01,06-06 08:00:00+02:00,CT NG 34,0.0
2030,sc01,06-06 08:00:00+02:00,ST NG 05,1.0
2030,sc01,06-06 08:00:00+02:00,CT NG 44,0.0
2030,sc01,06-06 08:00:00+02:00,CT NG 47,0.0
2030,sc01,06-06 08:00:00+02:00,CC NG 15,0.0
2030,sc01,06-06 08:00:00+02:00,CC NG 14,0.0
2030,sc01,06-06 08:00:00+02:00,CT NG 42,0.0
2030,sc01,06-06 08:00:00+02:00,ST NG 07,0.0
2030,sc01,06-06 08:00:00+02:00,CC NG 36,0.0
2030,sc01,06-06 08:00:00+02:00,CT NG 15,0.0
2030,sc01,06-06 08:00:00+02:00,CT NG 41,0.0
2030,sc01,06-06 08:00:00+02:00,CC NG 23,0.0
2030,sc01,06-06 08:00:00+02:00,CT NG 49,0.0
2030,sc01,06-06 08:00:00+02:00,CC NG 26,0.0
2030,sc01,06-06 08:00:00+02:00,CC NG 12,0.0
2030,sc01,06-06 08:00:00+02:00,CT NG 05,0.0
2030,sc01,06-06 08:00:00+02:00,CC NG 40,0.6291565510342771
2030,sc01,06-06 08:00:00+02:00,CT NG 50,0.0
2030,sc01,06-06 08:00:00+02:00,CT NG 68,0.0
2030,sc01,06-06 08:00:00+02:00,CC NG 17,0.0
2030,sc01,06-06 08:00:00+02:00,CC NG 10,0.0
2030,sc01,06-06 08:00:00+02:00,CC NG 33,0.0
2030,sc01,06-06 08:00:00+02:00,CC NG 06,0.0
2030,sc01,06-06 08:00:00+02:00,CT NG 10,0.0
2030,sc01,06-06 08:00:00+02:00,CT NG 01,0.0
2030,sc01,06-06 08:00:00+02:00,CC NG 29,0.0
2030,sc01,06-06 08:00:00+02:00,CC NG 05,0.0
2030,sc01,06-06 08:00:00+02:00,CT NG 06,0.0
2030,sc01,06-06 08:00:00+02:00,CT NG 24,0.0
2030,sc01,06-06 08:00:00+02:00,CT NG 22,0.0
2030,sc01,06-06 08:00:00+02:00,CT NG 21,0.0
2030,sc01,06-06 08:00:00+02:00,CC NG 28,0.0
2030,sc01,06-06 08:00:00+02:00,CC NG 35,0.0
2030,sc01,06-06 08:00:00+02:00,CC NG 24,0.0
2030,sc01,06-06 08:00:00+02:00,CC NG 08,0.0
2030,sc01,06-06 08:00:00+02:00,ST NG 02,0.0
2030,sc01,06-06 08:00:00+02:00,CT NG 52,0.0
2030,sc01,06-06 08:00:00+02:00,CT NG 46,0.0
2030,sc01,06-06 08:00:00+02:00,CT NG 36,0.0
2030,sc01,06-06 08:00:00+02:00,CC NG 21,0.0
2030,sc01,06-06 08:00:00+02:00,ST NG 09,0.0
2030,sc01,06-06 08:00:00+02:00,ST NG 04,1.0
2030,sc01,06-06 08:00:00+02:00,CT NG 23,0.0
2030,sc01,06-06 08:00:00+02:00,CT NG 13,0.0
2030,sc01,06-06 08:00:00+02:00,CC NG 11,0.0
2030,sc01,06-06 08:00:00+02:00,CT NG 04,0.0
2030,sc01,06-06 08:00:00+02:00,CC NG 18,0.09064495681201852
2030,sc01,06-06 08:00:00+02:00,CC NG 34,0.0
2030,sc01,06-06 08:00:00+02:00,CT Oil 04,0.0
2030,sc01,06-06 08:00:00+02:00,CT NG 74,0.0
2030,sc01,06-06 08:00:00+02:00,CT NG 55,0.0
2030,sc01,06-06 08:00:00+02:00,CT NG 75,0.0
2030,sc01,06-06 08:00:00+02:00,CC NG 01,0.0
2030,sc01,06-06 08:00:00+02:00,CC NG 39,0.0
2030,sc01,06-06 08:00:00+02:00,CT NG 09,0.0
2030,sc01,06-06 08:00:00+02:00,CC NG 31,0.0
2030,sc01,06-06 08:00:00+02:00,CT NG 14,0.0
2030,sc01,06-21 19:00:00+02:00,ST NG 03,0.0
2030,sc01,06-21 19:00:00+02:00,CC NG 37,0.0
2030,sc01,06-21 19:00:00+02:00,CT NG 48,0.0
2030,sc01,06-21 19:00:00+02:00,CT NG 16,0.0
2030,sc01,06-21 19:00:00+02:00,CT NG 25,0.0
2030,sc01,06-21 19:00:00+02:00,CT NG 53,0.0
2030,sc01,06-21 19:00:00+02:00,ST NG 08,0.0
2030,sc01,06-21 19:00:00+02:00,CT Oil 03,0.0
2030,sc01,06-21 19:00:00+02:00,CT NG 43,0.0
2030,sc01,06-21 19:00:00+02:00,CC NG 04,0.0
2030,sc01,06-21 19:00:00+02:00,ST Other 02,0.0
2030,sc01,06-21 19:00:00+02:00,CT NG 30,0.0
2030,sc01,06-21 19:00:00+02:00,CC NG 27,0.0
2030,sc01,06-21 19:00:00+02:00,CC NG 38,0.0
2030,sc01,06-21 19:00:00+02:00,CC NG 20,0.0
2030,sc01,06-21 19:00:00+02:00,CC NG 19,0.0
2030,sc01,06-21 19:00:00+02:00,CT NG 12,0.0
2030,sc01,06-21 19:00:00+02:00,CT NG 70,0.0
2030,sc01,06-21 19:00:00+02:00,ST NG 10,0.0
2030,sc01,06-21 19:00:00+02:00,CT NG 02,0.0
2030,sc01,06-21 19:00:00+02:00,CT NG 26,0.0
2030,sc01,06-21 19:00:00+02:00,ST NG 01,0.0
2030,sc01,06-21 19:00:00+02:00,CC NG 32,0.0
2030,sc01,06-21 19:00:00+02:00,CT NG 35,0.0
2030,sc01,06-21 19:00:00+02:00,ST NG 06,0.0
2030,sc01,06-21 19:00:00+02:00,CT Oil 01,0.0
2030,sc01,06-21 19:00:00+02:00,CT NG 67,0.0
2030,sc01,06-21 19:00:00+02:00,CT NG 72,1.0
2030,sc01,06-21 19:00:00+02:00,CT NG 66,0.0
2030,sc01,06-21 19:00:00+02:00,CT NG 71,0.0
2030,sc01,06-21 19:00:00+02:00,CC NG 07,0.0
2030,sc01,06-21 19:00:00+02:00,CT NG 69,0.0
2030,sc01,06-21 19:00:00+02:00,CT NG 07,0.0
2030,sc01,06-21 19:00:00+02:00,CT NG 45,0.0
2030,sc01,06-21 19:00:00+02:00,CC NG 03,0.0
2030,sc01,06-21 19:00:00+02:00,CC NG 13,0.0
2030,sc01,06-21 19:00:00+02:00,CT Oil 05,0.0
2030,sc01,06-21 19:00:00+02:00,CT NG 54,0.0
2030,sc01,06-21 19:00:00+02:00,ST Coal 01,0.0
2030,sc01,06-21 19:00:00+02:00,CC NG 16,0.8483462822632861
2030,sc01,06-21 19:00:00+02:00,CT NG 73,1.0
2030,sc01,06-21 19:00:00+02:00,CC NG 09,0.0
2030,sc01,06-21 19:00:00+02:00,CT NG 03,0.0
2030,sc01,06-21 19:00:00+02:00,CT NG 28,0.0
2030,sc01,06-21 19:00:00+02:00,CT NG 11,0.0
2030,sc01,06-21 19:00:00+02:00,CT NG 08,0.0
2030,sc01,06-21 19:00:00+02:00,CT Oil 02,0.0
2030,sc01,06-21 19:00:00+02:00,CC NG 25,0.0
2030,sc01,06-21 19:00:00+02:00,CC NG 22,0.44051500201443994
2030,sc01,06-21 19:00:00+02:00,CT NG 56,0.0
2030,sc01,06-21 19:00:00+02:00,CT NG 34,0.0
2030,sc01,06-21 19:00:00+02:00,ST NG 05,0.0
2030,sc01,06-21 19:00:00+02:00,CT NG 44,0.0
2030,sc01,06-21 19:00:00+02:00,CT NG 47,0.0
2030,sc01,06-21 19:00:00+02:00,CC NG 15,0.0
2030,sc01,06-21 19:00:00+02:00,CC NG 14,0.0
2030,sc01,06-21 19:00:00+02:00,CT NG 42,0.0
2030,sc01,06-21 19:00:00+02:00,ST NG 07,0.0
2030,sc01,06-21 19:00:00+02:00,CC NG 36,0.0
2030,sc01,06-21 19:00:00+02:00,CT NG 15,0.0
2030,sc01,06-21 19:00:00+02:00,CT NG 41,0.0
2030,sc01,06-21 19:00:00+02:00,CC NG 23,0.0
2030,sc01,06-21 19:00:00+02:00,CT NG 49,0.0
2030,sc01,06-21 19:00:00+02:00,CC NG 26,0.0
2030,sc01,06-21 19:00:00+02:00,CC NG 12,0.0
2030,sc01,06-21 19:00:00+02:00,CT NG 05,0.0
2030,sc01,06-21 19:00:00+02:00,CC NG 40,0.3708434489657229
2030,sc01,06-21 19:00:00+02:00,CT NG 50,0.0
2030,sc01,06-21 19:00:00+02:00,CT NG 68,0.0
2030,sc01,06-21 19:00:00+02:00,CC NG 17,0.0
2030,sc01,06-21 19:00:00+02:00,CC NG 10,0.0
2030,sc01,06-21 19:00:00+02:00,CC NG 33,0.0
2030,sc01,06-21 19:00:00+02:00,CC NG 06,0.0
2030,sc01,06-21 19:00:00+02:00,CT NG 10,0.0
2030,sc01,06-21 19:00:00+02:00,CT NG 01,0.0
2030,sc01,06-21 19:00:00+02:00,CC NG 29,0.0
2030,sc01,06-21 19:00:00+02:00,CC NG 05,0.0
2030,sc01,06-21 19:00:00+02:00,CT NG 06,0.0
2030,sc01,06-21 19:00:00+02:00,CT NG 24,0.0
2030,sc01,06-21 19:00:00+02:00,CT NG 22,0.0
2030,sc01,06-21 19:00:00+02:00,CT NG 21,0.0
2030,sc01,06-21 19:00:00+02:00,CC NG 28,0.0
2030,sc01,06-21 19:00:00+02:00,CC NG 35,0.0
2030,sc01,06-21 19:00:00+02:00,CC NG 24,0.0
2030,sc01,06-21 19:00:00+02:00,CC NG 08,1.0
2030,sc01,06-21 19:00:00+02:00,ST NG 02,0.0
2030,sc01,06-21 19:00:00+02:00,CT NG 52,0.0
2030,sc01,06-21 19:00:00+02:00,CT NG 46,0.0
2030,sc01,06-21 19:00:00+02:00,CT NG 36,0.0
2030,sc01,06-21 19:00:00+02:00,CC NG 21,0.0
2030,sc01,06-21 19:00:00+02:00,ST NG 09,0.0
2030,sc01,06-21 19:00:00+02:00,ST NG 04,0.0
2030,sc01,06-21 19:00:00+02:00,CT NG 23,0.0
2030,sc01,06-21 19:00:00+02:00,CT NG 13,0.0
2030,sc01,06-21 19:00:00+02:00,CC NG 11,0.0
2030,sc01,06-21 19:00:00+02:00,CT NG 04,0.0
2030,sc01,06-21 19:00:00+02:00,CC NG 18,0.0
2030,sc01,06-21 19:00:00+02:00,CC NG 34,0.0
2030,sc01,06-21 19:00:00+02:00,CT Oil 04,0.0
2030,sc01,06-21 19:00:00+02:00,CT NG 74,0.0
2030,sc01,06-21 19:00:00+02:00,CT NG 55,0.0
2030,sc01,06-21 19:00:00+02:00,CT NG 75,0.0
2030,sc01,06-21 19:00:00+02:00,CC NG 01,0.0
2030,sc01,06-21 19:00:00+02:00,CC NG 39,0.0
2030,sc01,06-21 19:00:00+02:00,CT NG 09,0.0
2030,sc01,06-21 19:00:00+02:00,CC NG 31,0.0
2030,sc01,06-21 19:00:00+02:00,CT NG 14,0.0
2030,sc01,06-23 20:00:00+02:00,ST NG 03,0.0
2030,sc01,06-23 20:00:00+02:00,CC NG 37,0.0
2030,sc01,06-23 20:00:00+02:00,CT NG 48,0.0
2030,sc01,06-23 20:00:00+02:00,CT NG 16,0.0
2030,sc01,06-23 20:00:00+02:00,CT NG 25,0.0
2030,sc01,06-23 20:00:00+02:00,CT NG 53,0.0
2030,sc01,06-23 20:00:00+02:00,ST NG 08,0.0
2030,sc01,06-23 20:00:00+02:00,CT Oil 03,0.0
2030,sc01,06-23 20:00:00+02:00,CT NG 43,0.0
2030,sc01,06-23 20:00:00+02:00,CC NG 04,0.0
2030,sc01,06-23 20:00:00+02:00,ST Other 02,0.0
2030,sc01,06-23 20:00:00+02:00,CT NG 30,0.0
2030,sc01,06-23 20:00:00+02:00,CC NG 27,0.0
2030,sc01,06-23 20:00:00+02:00,CC NG 38,0.01915501864749111
2030,sc01,06-23 20:00:00+02:00,CC NG 20,0.0
2030,sc01,06-23 20:00:00+02:00,CC NG 19,0.0
2030,sc01,06-23 20:00:00+02:00,CT NG 12,0.0
2030,sc01,06-23 20:00:00+02:00,CT NG 70,0.0
2030,sc01,06-23 20:00:00+02:00,ST NG 10,0.0
2030,sc01,06-23 20:00:00+02:00,CT NG 02,0.0
2030,sc01,06-23 20:00:00+02:00,CT NG 26,0.0
2030,sc01,06-23 20:00:00+02:00,ST NG 01,0.0
2030,sc01,06-23 20:00:00+02:00,CC NG 32,0.0
2030,sc01,06-23 20:00:00+02:00,CT NG 35,0.0
2030,sc01,06-23 20:00:00+02:00,ST NG 06,0.0
2030,sc01,06-23 20:00:00+02:00,CT Oil 01,0.0
2030,sc01,06-23 20:00:00+02:00,CT NG 67,0.0
2030,sc01,06-23 20:00:00+02:00,CT NG 72,0.0
2030,sc01,06-23 20:00:00+02:00,CT NG 66,0.0
2030,sc01,06-23 20:00:00+02:00,CT NG 71,0.0
2030,sc01,06-23 20:00:00+02:00,CC NG 07,0.0
2030,sc01,06-23 20:00:00+02:00,CT NG 69,0.0
2030,sc01,06-23 20:00:00+02:00,CT NG 07,0.0
2030,sc01,06-23 20:00:00+02:00,CT NG 45,0.0
2030,sc01,06-23 20:00:00+02:00,CC NG 03,0.0
2030,sc01,06-23 20:00:00+02:00,CC NG 13,0.0
2030,sc01,06-23 20:00:00+02:00,CT Oil 05,0.0
2030,sc01,06-23 20:00:00+02:00,CT NG 54,0.0
2030,sc01,06-23 20:00:00+02:00,ST Coal 01,0.0
2030,sc01,06-23 20:00:00+02:00,CC NG 16,0.043389523078789516
2030,sc01,06-23 20:00:00+02:00,CT NG 73,0.0
2030,sc01,06-23 20:00:00+02:00,CC NG 09,0.0
2030,sc01,06-23 20:00:00+02:00,CT NG 03,0.0
2030,sc01,06-23 20:00:00+02:00,CT NG 28,0.0
2030,sc01,06-23 20:00:00+02:00,CT NG 11,0.0
2030,sc01,06-23 20:00:00+02:00,CT NG 08,0.0
2030,sc01,06-23 20:00:00+02:00,CT Oil 02,0.0
2030,sc01,06-23 20:00:00+02:00,CC NG 25,0.0
2030,sc01,06-23 20:00:00+02:00,CC NG 22,0.5594849979855601
2030,sc01,06-23 20:00:00+02:00,CT NG 56,0.0
2030,sc01,06-23 20:00:00+02:00,CT NG 34,0.0
2030,sc01,06-23 20:00:00+02:00,ST NG 05,0.0
2030,sc01,06-23 20:00:00+02:00,CT NG 44,0.0
2030,sc01,06-23 20:00:00+02:00,CT NG 47,0.0
2030,sc01,06-23 20:00:00+02:00,CC NG 15,0.0
2030,sc01,06-23 20:00:00+02:00,CC NG 14,0.0
2030,sc01,06-23 20:00:00+02:00,CT NG 42,0.0
2030,sc01,06-23 20:00:00+02:00,ST NG 07,0.0
2030,sc01,06-23 20:00:00+02:00,CC NG 36,0.0
2030,sc01,06-23 20:00:00+02:00,CT NG 15,0.0
2030,sc01,06-23 20:00:00+02:00,CT NG 41,0.0
2030,sc01,06-23 20:00:00+02:00,CC NG 23,0.0
2030,sc01,06-23 20:00:00+02:00,CT NG 49,0.0
2030,sc01,06-23 20:00:00+02:00,CC NG 26,0.0
2030,sc01,06-23 20:00:00+02:00,CC NG 12,0.0
2030,sc01,06-23 20:00:00+02:00,CT NG 05,0.0
2030,sc01,06-23 20:00:00+02:00,CC NG 40,0.0
2030,sc01,06-23 20:00:00+02:00,CT NG 50,0.0
2030,sc01,06-23 20:00:00+02:00,CT NG 68,0.0
2030,sc01,06-23 20:00:00+02:00,CC NG 17,0.0
2030,sc01,06-23 20:00:00+02:00,CC NG 10,0.0
2030,sc01,06-23 20:00:00+02:00,CC NG 33,0.0
2030,sc01,06-23 20:00:00+02:00,CC NG 06,0.0
2030,sc01,06-23 20:00:00+02:00,CT NG 10,0.0
2030,sc01,06-23 20:00:00+02:00,CT NG 01,0.0
2030,sc01,06-23 20:00:00+02:00,CC NG 29,0.0
2030,sc01,06-23 20:00:00+02:00,CC NG 05,0.0
2030,sc01,06-23 20:00:00+02:00,CT NG 06,0.0
2030,sc01,06-23 20:00:00+02:00,CT NG 24,0.0
2030,sc01,06-23 20:00:00+02:00,CT NG 22,0.0
2030,sc01,06-23 20:00:00+02:00,CT NG 21,0.0
2030,sc01,06-23 20:00:00+02:00,CC NG 28,1.0
2030,sc01,06-23 20:00:00+02:00,CC NG 35,1.0
2030,sc01,06-23 20:00:00+02:00,CC NG 24,0.0
2030,sc01,06-23 20:00:00+02:00,CC NG 08,0.0
2030,sc01,06-23 20:00:00+02:00,ST NG 02,0.0
2030,sc01,06-23 20:00:00+02:00,CT NG 52,0.0
2030,sc01,06-23 20:00:00+02:00,CT NG 46,0.0
2030,sc01,06-23 20:00:00+02:00,CT NG 36,0.0
2030,sc01,06-23 20:00:00+02:00,CC NG 21,0.0
2030,sc01,06-23 20:00:00+02:00,ST NG 09,0.0
2030,sc01,06-23 20:00:00+02:00,ST NG 04,0.0
2030,sc01,06-23 20:00:00+02:00,CT NG 23,0.0
2030,sc01,06-23 20:00:00+02:00,CT NG 13,0.0
2030,sc01,06-23 20:00:00+02:00,CC NG 11,0.0
2030,sc01,06-23 20:00:00+02:00,CT NG 04,0.0
2030,sc01,06-23 20:00:00+02:00,CC NG 18,0.018558246436336523
2030,sc01,06-23 20:00:00+02:00,CC NG 34,0.6036080673442865
2030,sc01,06-23 20:00:00+02:00,CT Oil 04,0.0
2030,sc01,06-23 20:00:00+02:00,CT NG 74,0.0
2030,sc01,06-23 20:00:00+02:00,CT NG 55,0.0
2030,sc01,06-23 20:00:00+02:00,CT NG 75,0.0
2030,sc01,06-23 20:00:00+02:00,CC NG 01,0.0
2030,sc01,06-23 20:00:00+02:00,CC NG 39,0.0
2030,sc01,06-23 20:00:00+02:00,CT NG 09,0.0
2030,sc01,06-23 20:00:00+02:00,CC NG 31,0.0
2030,sc01,06-23 20:00:00+02:00,CT NG 14,0.0
2030,sc01,06-26 04:00:00+02:00,ST NG 03,0.0
2030,sc01,06-26 04:00:00+02:00,CC NG 37,1.0
2030,sc01,06-26 04:00:00+02:00,CT NG 48,0.0
2030,sc01,06-26 04:00:00+02:00,CT NG 16,0.0
2030,sc01,06-26 04:00:00+02:00,CT NG 25,0.0
2030,sc01,06-26 04:00:00+02:00,CT NG 53,0.0
2030,sc01,06-26 04:00:00+02:00,ST NG 08,0.0
2030,sc01,06-26 04:00:00+02:00,CT Oil 03,0.0
2030,sc01,06-26 04:00:00+02:00,CT NG 43,0.0
2030,sc01,06-26 04:00:00+02:00,CC NG 04,0.0
2030,sc01,06-26 04:00:00+02:00,ST Other 02,0.0
2030,sc01,06-26 04:00:00+02:00,CT NG 30,0.0
2030,sc01,06-26 04:00:00+02:00,CC NG 27,0.0
2030,sc01,06-26 04:00:00+02:00,CC NG 38,1.0
2030,sc01,06-26 04:00:00+02:00,CC NG 20,0.0
2030,sc01,06-26 04:00:00+02:00,CC NG 19,1.0
2030,sc01,06-26 04:00:00+02:00,CT NG 12,0.0
2030,sc01,06-26 04:00:00+02:00,CT NG 70,0.0
2030,sc01,06-26 04:00:00+02:00,ST NG 10,0.0
2030,sc01,06-26 04:00:00+02:00,CT NG 02,0.0
2030,sc01,06-26 04:00:00+02:00,CT NG 26,0.0
2030,sc01,06-26 04:00:00+02:00,ST NG 01,0.0
2030,sc01,06-26 04:00:00+02:00,CC NG 32,0.0
2030,sc01,06-26 04:00:00+02:00,CT NG 35,0.0
2030,sc01,06-26 04:00:00+02:00,ST NG 06,0.0
2030,sc01,06-26 04:00:00+02:00,CT Oil 01,0.0
2030,sc01,06-26 04:00:00+02:00,CT NG 67,0.0
2030,sc01,06-26 04:00:00+02:00,CT NG 72,0.0
2030,sc01,06-26 04:00:00+02:00,CT NG 66,0.0
2030,sc01,06-26 04:00:00+02:00,CT NG 71,0.0
2030,sc01,06-26 04:00:00+02:00,CC NG 07,0.0
2030,sc01,06-26 04:00:00+02:00,CT NG 69,0.0
2030,sc01,06-26 04:00:00+02:00,CT NG 07,0.0
2030,sc01,06-26 04:00:00+02:00,CT NG 45,0.0
2030,sc01,06-26 04:00:00+02:00,CC NG 03,0.0
2030,sc01,06-26 04:00:00+02:00,CC NG 13,0.0
2030,sc01,06-26 04:00:00+02:00,CT Oil 05,0.0
2030,sc01,06-26 04:00:00+02:00,CT NG 54,0.0
2030,sc01,06-26 04:00:00+02:00,ST Coal 01,0.0
2030,sc01,06-26 04:00:00+02:00,CC NG 16,1.0
2030,sc01,06-26 04:00:00+02:00,CT NG 73,0.0
2030,sc01,06-26 04:00:00+02:00,CC NG 09,0.0
2030,sc01,06-26 04:00:00+02:00,CT NG 03,0.0
2030,sc01,06-26 04:00:00+02:00,CT NG 28,0.0
2030,sc01,06-26 04:00:00+02:00,CT NG 11,0.0
2030,sc01,06-26 04:00:00+02:00,CT NG 08,0.0
2030,sc01,06-26 04:00:00+02:00,CT Oil 02,0.0
2030,sc01,06-26 04:00:00+02:00,CC NG 25,0.0
2030,sc01,06-26 04:00:00+02:00,CC NG 22,1.0
2030,sc01,06-26 04:00:00+02:00,CT NG 56,0.0
2030,sc01,06-26 04:00:00+02:00,CT NG 34,0.0
2030,sc01,06-26 04:00:00+02:00,ST NG 05,1.0
2030,sc01,06-26 04:00:00+02:00,CT NG 44,0.0
2030,sc01,06-26 04:00:00+02:00,CT NG 47,0.0
2030,sc01,06-26 04:00:00+02:00,CC NG 15,0.0
2030,sc01,06-26 04:00:00+02:00,CC NG 14,0.0
2030,sc01,06-26 04:00:00+02:00,CT NG 42,0.0
2030,sc01,06-26 04:00:00+02:00,ST NG 07,0.0
2030,sc01,06-26 04:00:00+02:00,CC NG 36,0.0
2030,sc01,06-26 04:00:00+02:00,CT NG 15,0.0
2030,sc01,06-26 04:00:00+02:00,CT NG 41,0.0
2030,sc01,06-26 04:00:00+02:00,CC NG 23,0.0
2030,sc01,06-26 04:00:00+02:00,CT NG 49,0.0
2030,sc01,06-26 04:00:00+02:00,CC NG 26,0.0
2030,sc01,06-26 04:00:00+02:00,CC NG 12,0.0
2030,sc01,06-26 04:00:00+02:00,CT NG 05,0.0
2030,sc01,06-26 04:00:00+02:00,CC NG 40,1.0
2030,sc01,06-26 04:00:00+02:00,CT NG 50,0.0
2030,sc01,06-26 04:00:00+02:00,CT NG 68,0.0
2030,sc01,06-26 04:00:00+02:00,CC NG 17,0.0
2030,sc01,06-26 04:00:00+02:00,CC NG 10,0.0
2030,sc01,06-26 04:00:00+02:00,CC NG 33,0.0
2030,sc01,06-26 04:00:00+02:00,CC NG 06,0.0
2030,sc01,06-26 04:00:00+02:00,CT NG 10,0.0
2030,sc01,06-26 04:00:00+02:00,CT NG 01,0.0
2030,sc01,06-26 04:00:00+02:00,CC NG 29,0.0
2030,sc01,06-26 04:00:00+02:00,CC NG 05,0.0
2030,sc01,06-26 04:00:00+02:00,CT NG 06,0.0
2030,sc01,06-26 04:00:00+02:00,CT NG 24,0.0
2030,sc01,06-26 04:00:00+02:00,CT NG 22,0.0
2030,sc01,06-26 04:00:00+02:00,CT NG 21,0.0
2030,sc01,06-26 04:00:00+02:00,CC NG 28,0.0
2030,sc01,06-26 04:00:00+02:00,CC NG 35,0.0
2030,sc01,06-26 04:00:00+02:00,CC NG 24,0.0
2030,sc01,06-26 04:00:00+02:00,CC NG 08,0.0
2030,sc01,06-26 04:00:00+02:00,ST NG 02,0.0
2030,sc01,06-26 04:00:00+02:00,CT NG 52,0.0
2030,sc01,06-26 04:00:00+02:00,CT NG 46,0.0
2030,sc01,06-26 04:00:00+02:00,CT NG 36,0.0
2030,sc01,06-26 04:00:00+02:00,CC NG 21,0.0
2030,sc01,06-26 04:00:00+02:00,ST NG 09,0.0
2030,sc01,06-26 04:00:00+02:00,ST NG 04,1.0
2030,sc01,06-26 04:00:00+02:00,CT NG 23,0.0
2030,sc01,06-26 04:00:00+02:00,CT NG 13,0.0
2030,sc01,06-26 04:00:00+02:00,CC NG 11,0.0
2030,sc01,06-26 04:00:00+02:00,CT NG 04,0.0
2030,sc01,06-26 04:00:00+02:00,CC NG 18,1.0
2030,sc01,06-26 04:00:00+02:00,CC NG 34,0.0
2030,sc01,06-26 04:00:00+02:00,CT Oil 04,0.0
2030,sc01,06-26 04:00:00+02:00,CT NG 74,0.0
2030,sc01,06-26 04:00:00+02:00,CT NG 55,0.0
2030,sc01,06-26 04:00:00+02:00,CT NG 75,0.0
2030,sc01,06-26 04:00:00+02:00,CC NG 01,0.0
2030,sc01,06-26 04:00:00+02:00,CC NG 39,0.0
2030,sc01,06-26 04:00:00+02:00,CT NG 09,0.0
2030,sc01,06-26 04:00:00+02:00,CC NG 31,0.0
2030,sc01,06-26 04:00:00+02:00,CT NG 14,0.0
2030,sc01,07-01 06:00:00+02:00,ST NG 03,0.0
2030,sc01,07-01 06:00:00+02:00,CC NG 37,0.8267360239507769
2030,sc01,07-01 06:00:00+02:00,CT NG 48,0.0
2030,sc01,07-01 06:00:00+02:00,CT NG 16,0.0
2030,sc01,07-01 06:00:00+02:00,CT NG 25,0.0
2030,sc01,07-01 06:00:00+02:00,CT NG 53,0.0
2030,sc01,07-01 06:00:00+02:00,ST NG 08,0.0
2030,sc01,07-01 06:00:00+02:00,CT Oil 03,0.0
2030,sc01,07-01 06:00:00+02:00,CT NG 43,0.0
2030,sc01,07-01 06:00:00+02:00,CC NG 04,0.0
2030,sc01,07-01 06:00:00+02:00,ST Other 02,0.0
2030,sc01,07-01 06:00:00+02:00,CT NG 30,0.0
2030,sc01,07-01 06:00:00+02:00,CC NG 27,0.0
2030,sc01,07-01 06:00:00+02:00,CC NG 38,0.0
2030,sc01,07-01 06:00:00+02:00,CC NG 20,0.0
2030,sc01,07-01 06:00:00+02:00,CC NG 19,0.5958904438132906
2030,sc01,07-01 06:00:00+02:00,CT NG 12,0.0
2030,sc01,07-01 06:00:00+02:00,CT NG 70,0.0
2030,sc01,07-01 06:00:00+02:00,ST NG 10,0.0
2030,sc01,07-01 06:00:00+02:00,CT NG 02,0.0
2030,sc01,07-01 06:00:00+02:00,CT NG 26,0.0
2030,sc01,07-01 06:00:00+02:00,ST NG 01,0.0
2030,sc01,07-01 06:00:00+02:00,CC NG 32,0.0
2030,sc01,07-01 06:00:00+02:00,CT NG 35,0.0
2030,sc01,07-01 06:00:00+02:00,ST NG 06,0.0
2030,sc01,07-01 06:00:00+02:00,CT Oil 01,0.0
2030,sc01,07-01 06:00:00+02:00,CT NG 67,0.0
2030,sc01,07-01 06:00:00+02:00,CT NG 72,0.0
2030,sc01,07-01 06:00:00+02:00,CT NG 66,0.0
2030,sc01,07-01 06:00:00+02:00,CT NG 71,0.0
2030,sc01,07-01 06:00:00+02:00,CC NG 07,0.0
2030,sc01,07-01 06:00:00+02:00,CT NG 69,0.0
2030,sc01,07-01 06:00:00+02:00,CT NG 07,0.0
2030,sc01,07-01 06:00:00+02:00,CT NG 45,0.0
2030,sc01,07-01 06:00:00+02:00,CC NG 03,0.0
2030,sc01,07-01 06:00:00+02:00,CC NG 13,0.0
2030,sc01,07-01 06:00:00+02:00,CT Oil 05,0.0
2030,sc01,07-01 06:00:00+02:00,CT NG 54,0.0
2030,sc01,07-01 06:00:00+02:00,ST Coal 01,0.0
2030,sc01,07-01 06:00:00+02:00,CC NG 16,0.0
2030,sc01,07-01 06:00:00+02:00,CT NG 73,0.0
2030,sc01,07-01 06:00:00+02:00,CC NG 09,0.0
2030,sc01,07-01 06:00:00+02:00,CT NG 03,0.0
2030,sc01,07-01 06:00:00+02:00,CT NG 28,0.0
2030,sc01,07-01 06:00:00+02:00,CT NG 11,0.0
2030,sc01,07-01 06:00:00+02:00,CT NG 08,0.0
2030,sc01,07-01 06:00:00+02:00,CT Oil 02,0.0
2030,sc01,07-01 06:00:00+02:00,CC NG 25,0.0
2030,sc01,07-01 06:00:00+02:00,CC NG 22,0.0
2030,sc01,07-01 06:00:00+02:00,CT NG 56,0.0
2030,sc01,07-01 06:00:00+02:00,CT NG 34,0.0
2030,sc01,07-01 06:00:00+02:00,ST NG 05,0.0
2030,sc01,07-01 06:00:00+02:00,CT NG 44,0.0
2030,sc01,07-01 06:00:00+02:00,CT NG 47,0.0
2030,sc01,07-01 06:00:00+02:00,CC NG 15,0.0
2030,sc01,07-01 06:00:00+02:00,CC NG 14,0.0
2030,sc01,07-01 06:00:00+02:00,CT NG 42,0.0
2030,sc01,07-01 06:00:00+02:00,ST NG 07,0.0
2030,sc01,07-01 06:00:00+02:00,CC NG 36,0.0
2030,sc01,07-01 06:00:00+02:00,CT NG 15,0.0
2030,sc01,07-01 06:00:00+02:00,CT NG 41,0.0
2030,sc01,07-01 06:00:00+02:00,CC NG 23,0.0
2030,sc01,07-01 06:00:00+02:00,CT NG 49,0.0
2030,sc01,07-01 06:00:00+02:00,CC NG 26,0.0
2030,sc01,07-01 06:00:00+02:00,CC NG 12,0.0
2030,sc01,07-01 06:00:00+02:00,CT NG 05,0.0
2030,sc01,07-01 06:00:00+02:00,CC NG 40,0.5861846972900936
2030,sc01,07-01 06:00:00+02:00,CT NG 50,0.0
2030,sc01,07-01 06:00:00+02:00,CT NG 68,0.0
2030,sc01,07-01 06:00:00+02:00,CC NG 17,0.0
2030,sc01,07-01 06:00:00+02:00,CC NG 10,0.0
2030,sc01,07-01 06:00:00+02:00,CC NG 33,0.0
2030,sc01,07-01 06:00:00+02:00,CC NG 06,0.0
2030,sc01,07-01 06:00:00+02:00,CT NG 10,0.0
2030,sc01,07-01 06:00:00+02:00,CT NG 01,0.0
2030,sc01,07-01 06:00:00+02:00,CC NG 29,0.0
2030,sc01,07-01 06:00:00+02:00,CC NG 05,0.0
2030,sc01,07-01 06:00:00+02:00,CT NG 06,0.0
2030,sc01,07-01 06:00:00+02:00,CT NG 24,0.0
2030,sc01,07-01 06:00:00+02:00,CT NG 22,0.0
2030,sc01,07-01 06:00:00+02:00,CT NG 21,0.0
2030,sc01,07-01 06:00:00+02:00,CC NG 28,0.0
2030,sc01,07-01 06:00:00+02:00,CC NG 35,0.0
2030,sc01,07-01 06:00:00+02:00,CC NG 24,0.0
2030,sc01,07-01 06:00:00+02:00,CC NG 08,0.0
2030,sc01,07-01 06:00:00+02:00,ST NG 02,0.0
2030,sc01,07-01 06:00:00+02:00,CT NG 52,0.0
2030,sc01,07-01 06:00:00+02:00,CT NG 46,0.0
2030,sc01,07-01 06:00:00+02:00,CT NG 36,0.0
2030,sc01,07-01 06:00:00+02:00,CC NG 21,0.0
2030,sc01,07-01 06:00:00+02:00,ST NG 09,0.0
2030,sc01,07-01 06:00:00+02:00,ST NG 04,0.0
2030,sc01,07-01 06:00:00+02:00,CT NG 23,0.0
2030,sc01,07-01 06:00:00+02:00,CT NG 13,0.0
2030,sc01,07-01 06:00:00+02:00,CC NG 11,0.0
2030,sc01,07-01 06:00:00+02:00,CT NG 04,0.0
2030,sc01,07-01 06:00:00+02:00,CC NG 18,0.0
2030,sc01,07-01 06:00:00+02:00,CC NG 34,0.0
2030,sc01,07-01 06:00:00+02:00,CT Oil 04,0.0
2030,sc01,07-01 06:00:00+02:00,CT NG 74,0.0
2030,sc01,07-01 06:00:00+02:00,CT NG 55,0.0
2030,sc01,07-01 06:00:00+02:00,CT NG 75,0.0
2030,sc01,07-01 06:00:00+02:00,CC NG 01,0.0
2030,sc01,07-01 06:00:00+02:00,CC NG 39,0.0
2030,sc01,07-01 06:00:00+02:00,CT NG 09,0.0
2030,sc01,07-01 06:00:00+02:00,CC NG 31,0.0
2030,sc01,07-01 06:00:00+02:00,CT NG 14,0.0
2030,sc01,07-11 10:00:00+02:00,ST NG 03,0.0
2030,sc01,07-11 10:00:00+02:00,CC NG 37,0.17326397604922306
2030,sc01,07-11 10:00:00+02:00,CT NG 48,0.0
2030,sc01,07-11 10:00:00+02:00,CT NG 16,0.0
2030,sc01,07-11 10:00:00+02:00,CT NG 25,0.0
2030,sc01,07-11 10:00:00+02:00,CT NG 53,0.0
2030,sc01,07-11 10:00:00+02:00,ST NG 08,0.0
2030,sc01,07-11 10:00:00+02:00,CT Oil 03,0.0
2030,sc01,07-11 10:00:00+02:00,CT NG 43,0.0
2030,sc01,07-11 10:00:00+02:00,CC NG 04,0.0
2030,sc01,07-11 10:00:00+02:00,ST Other 02,0.0
2030,sc01,07-11 10:00:00+02:00,CT NG 30,0.0
2030,sc01,07-11 10:00:00+02:00,CC NG 27,0.0
2030,sc01,07-11 10:00:00+02:00,CC NG 38,0.0
2030,sc01,07-11 10:00:00+02:00,CC NG 20,0.0
2030,sc01,07-11 10:00:00+02:00,CC NG 19,0.40410955618670946
2030,sc01,07-11 10:00:00+02:00,CT NG 12,0.0
2030,sc01,07-11 10:00:00+02:00,CT NG 70,0.0
2030,sc01,07-11 10:00:00+02:00,ST NG 10,0.0
2030,sc01,07-11 10:00:00+02:00,CT NG 02,0.0
2030,sc01,07-11 10:00:00+02:00,CT NG 26,0.0
2030,sc01,07-11 10:00:00+02:00,ST NG 01,0.0
2030,sc01,07-11 10:00:00+02:00,CC NG 32,0.0
2030,sc01,07-11 10:00:00+02:00,CT NG 35,0.0
2030,sc01,07-11 10:00:00+02:00,ST NG 06,0.0
2030,sc01,07-11 10:00:00+02:00,CT Oil 01,0.0
2030,sc01,07-11 10:00:00+02:00,CT NG 67,0.0
2030,sc01,07-11 10:00:00+02:00,CT NG 72,0.0
2030,sc01,07-11 10:00:00+02:00,CT NG 66,0.0
2030,sc01,07-11 10:00:00+02:00,CT NG 71,0.0
2030,sc01,07-11 10:00:00+02:00,CC NG 07,0.0
2030,sc01,07-11 10:00:00+02:00,CT NG 69,0.0
2030,sc01,07-11 10:00:00+02:00,CT NG 07,0.0
2030,sc01,07-11 10:00:00+02:00,CT NG 45,0.0
2030,sc01,07-11 10:00:00+02:00,CC NG 03,0.0
2030,sc01,07-11 10:00:00+02:00,CC NG 13,0.0
2030,sc01,07-11 10:00:00+02:00,CT Oil 05,0.0
2030,sc01,07-11 10:00:00+02:00,CT NG 54,0.0
2030,sc01,07-11 10:00:00+02:00,ST Coal 01,0.0
2030,sc01,07-11 10:00:00+02:00,CC NG 16,0.0
2030,sc01,07-11 10:00:00+02:00,CT NG 73,0.0
2030,sc01,07-11 10:00:00+02:00,CC NG 09,0.0
2030,sc01,07-11 10:00:00+02:00,CT NG 03,0.0
2030,sc01,07-11 10:00:00+02:00,CT NG 28,0.0
2030,sc01,07-11 10:00:00+02:00,CT NG 11,0.0
2030,sc01,07-11 10:00:00+02:00,CT NG 08,0.0
2030,sc01,07-11 10:00:00+02:00,CT Oil 02,0.0
2030,sc01,07-11 10:00:00+02:00,CC NG 25,0.0
2030,sc01,07-11 10:00:00+02:00,CC NG 22,0.0
2030,sc01,07-11 10:00:00+02:00,CT NG 56,0.0
2030,sc01,07-11 10:00:00+02:00,CT NG 34,0.0
2030,sc01,07-11 10:00:00+02:00,ST NG 05,0.0
2030,sc01,07-11 10:00:00+02:00,CT NG 44,0.0
2030,sc01,07-11 10:00:00+02:00,CT NG 47,0.0
2030,sc01,07-11 10:00:00+02:00,CC NG 15,0.0
2030,sc01,07-11 10:00:00+02:00,CC NG 14,0.0
2030,sc01,07-11 10:00:00+02:00,CT NG 42,0.0
2030,sc01,07-11 10:00:00+02:00,ST NG 07,0.0
2030,sc01,07-11 10:00:00+02:00,CC NG 36,0.0
2030,sc01,07-11 10:00:00+02:00,CT NG 15,0.0
2030,sc01,07-11 10:00:00+02:00,CT NG 41,0.0
2030,sc01,07-11 10:00:00+02:00,CC NG 23,0.0
2030,sc01,07-11 10:00:00+02:00,CT NG 49,0.0
2030,sc01,07-11 10:00:00+02:00,CC NG 26,0.0
2030,sc01,07-11 10:00:00+02:00,CC NG 12,0.0
2030,sc01,07-11 10:00:00+02:00,CT NG 05,0.0
2030,sc01,07-11 10:00:00+02:00,CC NG 40,0.48113736190263046
2030,sc01,07-11 10:00:00+02:00,CT NG 50,0.0
2030,sc01,07-11 10:00:00+02:00,CT NG 68,0.0
2030,sc01,07-11 10:00:00+02:00,CC NG 17,0.0
2030,sc01,07-11 10:00:00+02:00,CC NG 10,0.0
2030,sc01,07-11 10:00:00+02:00,CC NG 33,0.0
2030,sc01,07-11 10:00:00+02:00,CC NG 06,0.0
2030,sc01,07-11 10:00:00+02:00,CT NG 10,0.0
2030,sc01,07-11 10:00:00+02:00,CT NG 01,0.0
2030,sc01,07-11 10:00:00+02:00,CC NG 29,0.0
2030,sc01,07-11 10:00:00+02:00,CC NG 05,0.0
2030,sc01,07-11 10:00:00+02:00,CT NG 06,0.0
2030,sc01,07-11 10:00:00+02:00,CT NG 24,0.0
2030,sc01,07-11 10:00:00+02:00,CT NG 22,0.0
2030,sc01,07-11 10:00:00+02:00,CT NG 21,0.0
2030,sc01,07-11 10:00:00+02:00,CC NG 28,0.0
2030,sc01,07-11 10:00:00+02:00,CC NG 35,0.0
2030,sc01,07-11 10:00:00+02:00,CC NG 24,0.0
2030,sc01,07-11 10:00:00+02:00,CC NG 08,0.0
2030,sc01,07-11 10:00:00+02:00,ST NG 02,0.0
2030,sc01,07-11 10:00:00+02:00,CT NG 52,0.0
2030,sc01,07-11 10:00:00+02:00,CT NG 46,0.0
2030,sc01,07-11 10:00:00+02:00,CT NG 36,0.0
2030,sc01,07-11 10:00:00+02:00,CC NG 21,0.0
2030,sc01,07-11 10:00:00+02:00,ST NG 09,0.0
2030,sc01,07-11 10:00:00+02:00,ST NG 04,0.0
2030,sc01,07-11 10:00:00+02:00,CT NG 23,0.0
2030,sc01,07-11 10:00:00+02:00,CT NG 13,0.0
2030,sc01,07-11 10:00:00+02:00,CC NG 11,0.0
2030,sc01,07-11 10:00:00+02:00,CT NG 04,0.0
2030,sc01,07-11 10:00:00+02:00,CC NG 18,0.0
2030,sc01,07-11 10:00:00+02:00,CC NG 34,0.0
2030,sc01,07-11 10:00:00+02:00,CT Oil 04,0.0
2030,sc01,07-11 10:00:00+02:00,CT NG 74,0.0
2030,sc01,07-11 10:00:00+02:00,CT NG 55,0.0
2030,sc01,07-11 10:00:00+02:00,CT NG 75,0.0
2030,sc01,07-11 10:00:00+02:00,CC NG 01,0.0
2030,sc01,07-11 10:00:00+02:00,CC NG 39,0.0
2030,sc01,07-11 10:00:00+02:00,CT NG 09,0.0
2030,sc01,07-11 10:00:00+02:00,CC NG 31,0.0
2030,sc01,07-11 10:00:00+02:00,CT NG 14,0.0
2030,sc01,07-11 13:00:00+02:00,ST NG 03,0.0
2030,sc01,07-11 13:00:00+02:00,CC NG 37,0.0
2030,sc01,07-11 13:00:00+02:00,CT NG 48,0.0
2030,sc01,07-11 13:00:00+02:00,CT NG 16,0.0
2030,sc01,07-11 13:00:00+02:00,CT NG 25,0.0
2030,sc01,07-11 13:00:00+02:00,CT NG 53,0.0
2030,sc01,07-11 13:00:00+02:00,ST NG 08,0.0
2030,sc01,07-11 13:00:00+02:00,CT Oil 03,0.0
2030,sc01,07-11 13:00:00+02:00,CT NG 43,0.0
2030,sc01,07-11 13:00:00+02:00,CC NG 04,0.0
2030,sc01,07-11 13:00:00+02:00,ST Other 02,0.0
2030,sc01,07-11 13:00:00+02:00,CT NG 30,0.0
2030,sc01,07-11 13:00:00+02:00,CC NG 27,0.0
2030,sc01,07-11 13:00:00+02:00,CC NG 38,0.0
2030,sc01,07-11 13:00:00+02:00,CC NG 20,0.0
2030,sc01,07-11 13:00:00+02:00,CC NG 19,0.0
2030,sc01,07-11 13:00:00+02:00,CT NG 12,0.0
2030,sc01,07-11 13:00:00+02:00,CT NG 70,0.0
2030,sc01,07-11 13:00:00+02:00,ST NG 10,0.0
2030,sc01,07-11 13:00:00+02:00,CT NG 02,0.0
2030,sc01,07-11 13:00:00+02:00,CT NG 26,0.0
2030,sc01,07-11 13:00:00+02:00,ST NG 01,0.0
2030,sc01,07-11 13:00:00+02:00,CC NG 32,0.0
2030,sc01,07-11 13:00:00+02:00,CT NG 35,0.0
2030,sc01,07-11 13:00:00+02:00,ST NG 06,0.0
2030,sc01,07-11 13:00:00+02:00,CT Oil 01,0.0
2030,sc01,07-11 13:00:00+02:00,CT NG 67,0.0
2030,sc01,07-11 13:00:00+02:00,CT NG 72,0.0
2030,sc01,07-11 13:00:00+02:00,CT NG 66,0.0
2030,sc01,07-11 13:00:00+02:00,CT NG 71,0.0
2030,sc01,07-11 13:00:00+02:00,CC NG 07,0.0
2030,sc01,07-11 13:00:00+02:00,CT NG 69,0.0
2030,sc01,07-11 13:00:00+02:00,CT NG 07,0.0
2030,sc01,07-11 13:00:00+02:00,CT NG 45,0.0
2030,sc01,07-11 13:00:00+02:00,CC NG 03,0.0
2030,sc01,07-11 13:00:00+02:00,CC NG 13,0.0
2030,sc01,07-11 13:00:00+02:00,CT Oil 05,0.0
2030,sc01,07-11 13:00:00+02:00,CT NG 54,0.0
2030,sc01,07-11 13:00:00+02:00,ST Coal 01,0.0
2030,sc01,07-11 13:00:00+02:00,CC NG 16,0.0
2030,sc01,07-11 13:00:00+02:00,CT NG 73,0.0
2030,sc01,07-11 13:00:00+02:00,CC NG 09,0.8017661651489268
2030,sc01,07-11 13:00:00+02:00,CT NG 03,0.0
2030,sc01,07-11 13:00:00+02:00,CT NG 28,0.0
2030,sc01,07-11 13:00:00+02:00,CT NG 11,0.0
2030,sc01,07-11 13:00:00+02:00,CT NG 08,0.0
2030,sc01,07-11 13:00:00+02:00,CT Oil 02,0.0
2030,sc01,07-11 13:00:00+02:00,CC NG 25,0.0
2030,sc01,07-11 13:00:00+02:00,CC NG 22,0.0
2030,sc01,07-11 13:00:00+02:00,CT NG 56,0.0
2030,sc01,07-11 13:00:00+02:00,CT NG 34,0.0
2030,sc01,07-11 13:00:00+02:00,ST NG 05,0.0
2030,sc01,07-11 13:00:00+02:00,CT NG 44,0.0
2030,sc01,07-11 13:00:00+02:00,CT NG 47,0.0
2030,sc01,07-11 13:00:00+02:00,CC NG 15,0.0
2030,sc01,07-11 13:00:00+02:00,CC NG 14,0.0
2030,sc01,07-11 13:00:00+02:00,CT NG 42,0.0
2030,sc01,07-11 13:00:00+02:00,ST NG 07,0.0
2030,sc01,07-11 13:00:00+02:00,CC NG 36,0.0
2030,sc01,07-11 13:00:00+02:00,CT NG 15,0.0
2030,sc01,07-11 13:00:00+02:00,CT NG 41,0.0
2030,sc01,07-11 13:00:00+02:00,CC NG 23,0.0
2030,sc01,07-11 13:00:00+02:00,CT NG 49,0.0
2030,sc01,07-11 13:00:00+02:00,CC NG 26,0.0
2030,sc01,07-11 13:00:00+02:00,CC NG 12,0.0
2030,sc01,07-11 13:00:00+02:00,CT NG 05,0.0
2030,sc01,07-11 13:00:00+02:00,CC NG 40,0.932677940807276
2030,sc01,07-11 13:00:00+02:00,CT NG 50,0.0
2030,sc01,07-11 13:00:00+02:00,CT NG 68,0.0
2030,sc01,07-11 13:00:00+02:00,CC NG 17,0.0
2030,sc01,07-11 13:00:00+02:00,CC NG 10,0.0
2030,sc01,07-11 13:00:00+02:00,CC NG 33,0.0
2030,sc01,07-11 13:00:00+02:00,CC NG 06,0.0
2030,sc01,07-11 13:00:00+02:00,CT NG 10,0.0
2030,sc01,07-11 13:00:00+02:00,CT NG 01,0.0
2030,sc01,07-11 13:00:00+02:00,CC NG 29,0.0
2030,sc01,07-11 13:00:00+02:00,CC NG 05,0.0
2030,sc01,07-11 13:00:00+02:00,CT NG 06,0.0
2030,sc01,07-11 13:00:00+02:00,CT NG 24,0.0
2030,sc01,07-11 13:00:00+02:00,CT NG 22,0.0
2030,sc01,07-11 13:00:00+02:00,CT NG 21,0.0
2030,sc01,07-11 13:00:00+02:00,CC NG 28,0.0
2030,sc01,07-11 13:00:00+02:00,CC NG 35,0.8736346966163188
2030,sc01,07-11 13:00:00+02:00,CC NG 24,0.8717884805912169
2030,sc01,07-11 13:00:00+02:00,CC NG 08,0.0
2030,sc01,07-11 13:00:00+02:00,ST NG 02,0.0
2030,sc01,07-11 13:00:00+02:00,CT NG 52,0.0
2030,sc01,07-11 13:00:00+02:00,CT NG 46,0.0
2030,sc01,07-11 13:00:00+02:00,CT NG 36,0.0
2030,sc01,07-11 13:00:00+02:00,CC NG 21,0.0
2030,sc01,07-11 13:00:00+02:00,ST NG 09,0.0
2030,sc01,07-11 13:00:00+02:00,ST NG 04,0.0
2030,sc01,07-11 13:00:00+02:00,CT NG 23,0.0
2030,sc01,07-11 13:00:00+02:00,CT NG 13,0.0
2030,sc01,07-11 13:00:00+02:00,CC NG 11,0.0
2030,sc01,07-11 13:00:00+02:00,CT NG 04,0.0
2030,sc01,07-11 13:00:00+02:00,CC NG 18,0.0
2030,sc01,07-11 13:00:00+02:00,CC NG 34,0.7825246835176508
2030,sc01,07-11 13:00:00+02:00,CT Oil 04,0.0
2030,sc01,07-11 13:00:00+02:00,CT NG 74,0.0
2030,sc01,07-11 13:00:00+02:00,CT NG 55,0.0
2030,sc01,07-11 13:00:00+02:00,CT NG 75,0.0
2030,sc01,07-11 13:00:00+02:00,CC NG 01,0.0
2030,sc01,07-11 13:00:00+02:00,CC NG 39,0.0
2030,sc01,07-11 13:00:00+02:00,CT NG 09,0.0
2030,sc01,07-11 13:00:00+02:00,CC NG 31,0.0
2030,sc01,07-11 13:00:00+02:00,CT NG 14,0.0
2030,sc01,07-11 14:00:00+02:00,ST NG 03,0.0
2030,sc01,07-11 14:00:00+02:00,CC NG 37,0.0
2030,sc01,07-11 14:00:00+02:00,CT NG 48,0.0
2030,sc01,07-11 14:00:00+02:00,CT NG 16,0.0
2030,sc01,07-11 14:00:00+02:00,CT NG 25,0.0
2030,sc01,07-11 14:00:00+02:00,CT NG 53,0.0
2030,sc01,07-11 14:00:00+02:00,ST NG 08,0.0
2030,sc01,07-11 14:00:00+02:00,CT Oil 03,0.0
2030,sc01,07-11 14:00:00+02:00,CT NG 43,0.0
2030,sc01,07-11 14:00:00+02:00,CC NG 04,0.0
2030,sc01,07-11 14:00:00+02:00,ST Other 02,0.0
2030,sc01,07-11 14:00:00+02:00,CT NG 30,0.0
2030,sc01,07-11 14:00:00+02:00,CC NG 27,0.0
2030,sc01,07-11 14:00:00+02:00,CC NG 38,0.0
2030,sc01,07-11 14:00:00+02:00,CC NG 20,0.0
2030,sc01,07-11 14:00:00+02:00,CC NG 19,0.0
2030,sc01,07-11 14:00:00+02:00,CT NG 12,0.0
2030,sc01,07-11 14:00:00+02:00,CT NG 70,0.0
2030,sc01,07-11 14:00:00+02:00,ST NG 10,0.0
2030,sc01,07-11 14:00:00+02:00,CT NG 02,0.0
2030,sc01,07-11 14:00:00+02:00,CT NG 26,0.0
2030,sc01,07-11 14:00:00+02:00,ST NG 01,0.8330704679165286
2030,sc01,07-11 14:00:00+02:00,CC NG 32,0.0
2030,sc01,07-11 14:00:00+02:00,CT NG 35,0.0
2030,sc01,07-11 14:00:00+02:00,ST NG 06,0.0
2030,sc01,07-11 14:00:00+02:00,CT Oil 01,0.0
2030,sc01,07-11 14:00:00+02:00,CT NG 67,0.0
2030,sc01,07-11 14:00:00+02:00,CT NG 72,0.0
2030,sc01,07-11 14:00:00+02:00,CT NG 66,0.0
2030,sc01,07-11 14:00:00+02:00,CT NG 71,0.0
2030,sc01,07-11 14:00:00+02:00,CC NG 07,0.0
2030,sc01,07-11 14:00:00+02:00,CT NG 69,0.0
2030,sc01,07-11 14:00:00+02:00,CT NG 07,0.0
2030,sc01,07-11 14:00:00+02:00,CT NG 45,0.0
2030,sc01,07-11 14:00:00+02:00,CC NG 03,0.0
2030,sc01,07-11 14:00:00+02:00,CC NG 13,0.0
2030,sc01,07-11 14:00:00+02:00,CT Oil 05,0.0
2030,sc01,07-11 14:00:00+02:00,CT NG 54,0.0
2030,sc01,07-11 14:00:00+02:00,ST Coal 01,0.0
2030,sc01,07-11 14:00:00+02:00,CC NG 16,0.0
2030,sc01,07-11 14:00:00+02:00,CT NG 73,0.0
2030,sc01,07-11 14:00:00+02:00,CC NG 09,0.19823383485107315
2030,sc01,07-11 14:00:00+02:00,CT NG 03,0.0
2030,sc01,07-11 14:00:00+02:00,CT NG 28,0.0
2030,sc01,07-11 14:00:00+02:00,CT NG 11,0.0
2030,sc01,07-11 14:00:00+02:00,CT NG 08,0.0
2030,sc01,07-11 14:00:00+02:00,CT Oil 02,0.0
2030,sc01,07-11 14:00:00+02:00,CC NG 25,0.0
2030,sc01,07-11 14:00:00+02:00,CC NG 22,0.0
2030,sc01,07-11 14:00:00+02:00,CT NG 56,0.0
2030,sc01,07-11 14:00:00+02:00,CT NG 34,0.0
2030,sc01,07-11 14:00:00+02:00,ST NG 05,0.0
2030,sc01,07-11 14:00:00+02:00,CT NG 44,0.0
2030,sc01,07-11 14:00:00+02:00,CT NG 47,0.0
2030,sc01,07-11 14:00:00+02:00,CC NG 15,0.0
2030,sc01,07-11 14:00:00+02:00,CC NG 14,0.0
2030,sc01,07-11 14:00:00+02:00,CT NG 42,0.0
2030,sc01,07-11 14:00:00+02:00,ST NG 07,0.0
2030,sc01,07-11 14:00:00+02:00,CC NG 36,0.0
2030,sc01,07-11 14:00:00+02:00,CT NG 15,0.0
2030,sc01,07-11 14:00:00+02:00,CT NG 41,0.0
2030,sc01,07-11 14:00:00+02:00,CC NG 23,0.0
2030,sc01,07-11 14:00:00+02:00,CT NG 49,0.0
2030,sc01,07-11 14:00:00+02:00,CC NG 26,0.0
2030,sc01,07-11 14:00:00+02:00,CC NG 12,0.0
2030,sc01,07-11 14:00:00+02:00,CT NG 05,0.0
2030,sc01,07-11 14:00:00+02:00,CC NG 40,0.0
2030,sc01,07-11 14:00:00+02:00,CT NG 50,0.0
2030,sc01,07-11 14:00:00+02:00,CT NG 68,0.0
2030,sc01,07-11 14:00:00+02:00,CC NG 17,0.0
2030,sc01,07-11 14:00:00+02:00,CC NG 10,0.0
2030,sc01,07-11 14:00:00+02:00,CC NG 33,0.0
2030,sc01,07-11 14:00:00+02:00,CC NG 06,0.0
2030,sc01,07-11 14:00:00+02:00,CT NG 10,0.0
2030,sc01,07-11 14:00:00+02:00,CT NG 01,0.0
2030,sc01,07-11 14:00:00+02:00,CC NG 29,0.0
2030,sc01,07-11 14:00:00+02:00,CC NG 05,0.0
2030,sc01,07-11 14:00:00+02:00,CT NG 06,0.0
2030,sc01,07-11 14:00:00+02:00,CT NG 24,0.0
2030,sc01,07-11 14:00:00+02:00,CT NG 22,0.0
2030,sc01,07-11 14:00:00+02:00,CT NG 21,0.0
2030,sc01,07-11 14:00:00+02:00,CC NG 28,0.0
2030,sc01,07-11 14:00:00+02:00,CC NG 35,0.12636530338368124
2030,sc01,07-11 14:00:00+02:00,CC NG 24,0.0219306517908065
2030,sc01,07-11 14:00:00+02:00,CC NG 08,0.0
2030,sc01,07-11 14:00:00+02:00,ST NG 02,0.0
2030,sc01,07-11 14:00:00+02:00,CT NG 52,0.0
2030,sc01,07-11 14:00:00+02:00,CT NG 46,0.0
2030,sc01,07-11 14:00:00+02:00,CT NG 36,0.0
2030,sc01,07-11 14:00:00+02:00,CC NG 21,0.0
2030,sc01,07-11 14:00:00+02:00,ST NG 09,0.0
2030,sc01,07-11 14:00:00+02:00,ST NG 04,0.0
2030,sc01,07-11 14:00:00+02:00,CT NG 23,0.0
2030,sc01,07-11 14:00:00+02:00,CT NG 13,0.0
2030,sc01,07-11 14:00:00+02:00,CC NG 11,0.0
2030,sc01,07-11 14:00:00+02:00,CT NG 04,0.0
2030,sc01,07-11 14:00:00+02:00,CC NG 18,0.0
2030,sc01,07-11 14:00:00+02:00,CC NG 34,0.008461796072007893
2030,sc01,07-11 14:00:00+02:00,CT Oil 04,0.0
2030,sc01,07-11 14:00:00+02:00,CT NG 74,1.0
2030,sc01,07-11 14:00:00+02:00,CT NG 55,0.0
2030,sc01,07-11 14:00:00+02:00,CT NG 75,0.0
2030,sc01,07-11 14:00:00+02:00,CC NG 01,0.0
2030,sc01,07-11 14:00:00+02:00,CC NG 39,0.0
2030,sc01,07-11 14:00:00+02:00,CT NG 09,0.0
2030,sc01,07-11 14:00:00+02:00,CC NG 31,0.0
2030,sc01,07-11 14:00:00+02:00,CT NG 14,0.0
2030,sc01,07-15 21:00:00+02:00,ST NG 03,0.0
2030,sc01,07-15 21:00:00+02:00,CC NG 37,0.0
2030,sc01,07-15 21:00:00+02:00,CT NG 48,0.0
2030,sc01,07-15 21:00:00+02:00,CT NG 16,0.0
2030,sc01,07-15 21:00:00+02:00,CT NG 25,1.0
2030,sc01,07-15 21:00:00+02:00,CT NG 53,0.0
2030,sc01,07-15 21:00:00+02:00,ST NG 08,0.0
2030,sc01,07-15 21:00:00+02:00,CT Oil 03,0.0
2030,sc01,07-15 21:00:00+02:00,CT NG 43,0.0
2030,sc01,07-15 21:00:00+02:00,CC NG 04,0.0
2030,sc01,07-15 21:00:00+02:00,ST Other 02,0.0
2030,sc01,07-15 21:00:00+02:00,CT NG 30,0.0
2030,sc01,07-15 21:00:00+02:00,CC NG 27,0.0
2030,sc01,07-15 21:00:00+02:00,CC NG 38,0.0
2030,sc01,07-15 21:00:00+02:00,CC NG 20,0.0
2030,sc01,07-15 21:00:00+02:00,CC NG 19,0.0
2030,sc01,07-15 21:00:00+02:00,CT NG 12,0.0
2030,sc01,07-15 21:00:00+02:00,CT NG 70,0.0
2030,sc01,07-15 21:00:00+02:00,ST NG 10,0.0
2030,sc01,07-15 21:00:00+02:00,CT NG 02,0.0
2030,sc01,07-15 21:00:00+02:00,CT NG 26,1.0
2030,sc01,07-15 21:00:00+02:00,ST NG 01,0.16692953208347144
2030,sc01,07-15 21:00:00+02:00,CC NG 32,0.0
2030,sc01,07-15 21:00:00+02:00,CT NG 35,1.0
2030,sc01,07-15 21:00:00+02:00,ST NG 06,0.0
2030,sc01,07-15 21:00:00+02:00,CT Oil 01,0.0
2030,sc01,07-15 21:00:00+02:00,CT NG 67,0.0
2030,sc01,07-15 21:00:00+02:00,CT NG 72,0.0
2030,sc01,07-15 21:00:00+02:00,CT NG 66,0.0
2030,sc01,07-15 21:00:00+02:00,CT NG 71,0.0
2030,sc01,07-15 21:00:00+02:00,CC NG 07,0.0
2030,sc01,07-15 21:00:00+02:00,CT NG 69,0.0
2030,sc01,07-15 21:00:00+02:00,CT NG 07,0.0
2030,sc01,07-15 21:00:00+02:00,CT NG 45,0.0
2030,sc01,07-15 21:00:00+02:00,CC NG 03,0.0
2030,sc01,07-15 21:00:00+02:00,CC NG 13,0.0
2030,sc01,07-15 21:00:00+02:00,CT Oil 05,0.0
2030,sc01,07-15 21:00:00+02:00,CT NG 54,0.0
2030,sc01,07-15 21:00:00+02:00,ST Coal 01,0.0
2030,sc01,07-15 21:00:00+02:00,CC NG 16,0.0
2030,sc01,07-15 21:00:00+02:00,CT NG 73,0.0
2030,sc01,07-15 21:00:00+02:00,CC NG 09,0.0
2030,sc01,07-15 21:00:00+02:00,CT NG 03,0.0
2030,sc01,07-15 21:00:00+02:00,CT NG 28,0.0
2030,sc01,07-15 21:00:00+02:00,CT NG 11,0.0
2030,sc01,07-15 21:00:00+02:00,CT NG 08,0.0
2030,sc01,07-15 21:00:00+02:00,CT Oil 02,0.0
2030,sc01,07-15 21:00:00+02:00,CC NG 25,0.0
2030,sc01,07-15 21:00:00+02:00,CC NG 22,0.0
2030,sc01,07-15 21:00:00+02:00,CT NG 56,0.0
2030,sc01,07-15 21:00:00+02:00,CT NG 34,1.0
2030,sc01,07-15 21:00:00+02:00,ST NG 05,0.0
2030,sc01,07-15 21:00:00+02:00,CT NG 44,0.0
2030,sc01,07-15 21:00:00+02:00,CT NG 47,0.0
2030,sc01,07-15 21:00:00+02:00,CC NG 15,0.0
2030,sc01,07-15 21:00:00+02:00,CC NG 14,1.0
2030,sc01,07-15 21:00:00+02:00,CT NG 42,0.0
2030,sc01,07-15 21:00:00+02:00,ST NG 07,0.0
2030,sc01,07-15 21:00:00+02:00,CC NG 36,0.0
2030,sc01,07-15 21:00:00+02:00,CT NG 15,0.0
2030,sc01,07-15 21:00:00+02:00,CT NG 41,0.0
2030,sc01,07-15 21:00:00+02:00,CC NG 23,0.13316524692254128
2030,sc01,07-15 21:00:00+02:00,CT NG 49,0.0
2030,sc01,07-15 21:00:00+02:00,CC NG 26,0.0
2030,sc01,07-15 21:00:00+02:00,CC NG 12,0.0
2030,sc01,07-15 21:00:00+02:00,CT NG 05,0.0
2030,sc01,07-15 21:00:00+02:00,CC NG 40,0.0
2030,sc01,07-15 21:00:00+02:00,CT NG 50,0.0
2030,sc01,07-15 21:00:00+02:00,CT NG 68,0.0
2030,sc01,07-15 21:00:00+02:00,CC NG 17,0.0
2030,sc01,07-15 21:00:00+02:00,CC NG 10,0.0
2030,sc01,07-15 21:00:00+02:00,CC NG 33,0.0
2030,sc01,07-15 21:00:00+02:00,CC NG 06,0.0
2030,sc01,07-15 21:00:00+02:00,CT NG 10,0.0
2030,sc01,07-15 21:00:00+02:00,CT NG 01,0.0
2030,sc01,07-15 21:00:00+02:00,CC NG 29,0.0
2030,sc01,07-15 21:00:00+02:00,CC NG 05,1.0
2030,sc01,07-15 21:00:00+02:00,CT NG 06,0.0
2030,sc01,07-15 21:00:00+02:00,CT NG 24,1.0
2030,sc01,07-15 21:00:00+02:00,CT NG 22,0.0
2030,sc01,07-15 21:00:00+02:00,CT NG 21,0.0
2030,sc01,07-15 21:00:00+02:00,CC NG 28,1.0
2030,sc01,07-15 21:00:00+02:00,CC NG 35,0.0
2030,sc01,07-15 21:00:00+02:00,CC NG 24,0.10628086761797653
2030,sc01,07-15 21:00:00+02:00,CC NG 08,0.0
2030,sc01,07-15 21:00:00+02:00,ST NG 02,0.0
2030,sc01,07-15 21:00:00+02:00,CT NG 52,0.0
2030,sc01,07-15 21:00:00+02:00,CT NG 46,0.0
2030,sc01,07-15 21:00:00+02:00,CT NG 36,1.0
2030,sc01,07-15 21:00:00+02:00,CC NG 21,0.0
2030,sc01,07-15 21:00:00+02:00,ST NG 09,0.0
2030,sc01,07-15 21:00:00+02:00,ST NG 04,0.0
2030,sc01,07-15 21:00:00+02:00,CT NG 23,0.0
2030,sc01,07-15 21:00:00+02:00,CT NG 13,0.0
2030,sc01,07-15 21:00:00+02:00,CC NG 11,1.0
2030,sc01,07-15 21:00:00+02:00,CT NG 04,0.0
2030,sc01,07-15 21:00:00+02:00,CC NG 18,0.0
2030,sc01,07-15 21:00:00+02:00,CC NG 34,0.2090135204103413
2030,sc01,07-15 21:00:00+02:00,CT Oil 04,0.0
2030,sc01,07-15 21:00:00+02:00,CT NG 74,0.0
2030,sc01,07-15 21:00:00+02:00,CT NG 55,0.0
2030,sc01,07-15 21:00:00+02:00,CT NG 75,0.0
2030,sc01,07-15 21:00:00+02:00,CC NG 01,0.0
2030,sc01,07-15 21:00:00+02:00,CC NG 39,0.0
2030,sc01,07-15 21:00:00+02:00,CT NG 09,0.0
2030,sc01,07-15 21:00:00+02:00,CC NG 31,0.0
2030,sc01,07-15 21:00:00+02:00,CT NG 14,0.0
2030,sc01,07-18 18:00:00+02:00,ST NG 03,0.0
2030,sc01,07-18 18:00:00+02:00,CC NG 37,0.6233562248196527
2030,sc01,07-18 18:00:00+02:00,CT NG 48,0.0
2030,sc01,07-18 18:00:00+02:00,CT NG 16,0.0
2030,sc01,07-18 18:00:00+02:00,CT NG 25,0.0
2030,sc01,07-18 18:00:00+02:00,CT NG 53,0.0
2030,sc01,07-18 18:00:00+02:00,ST NG 08,0.0
2030,sc01,07-18 18:00:00+02:00,CT Oil 03,0.0
2030,sc01,07-18 18:00:00+02:00,CT NG 43,0.0
2030,sc01,07-18 18:00:00+02:00,CC NG 04,0.0
2030,sc01,07-18 18:00:00+02:00,ST Other 02,0.0
2030,sc01,07-18 18:00:00+02:00,CT NG 30,0.0
2030,sc01,07-18 18:00:00+02:00,CC NG 27,0.0
2030,sc01,07-18 18:00:00+02:00,CC NG 38,1.0
2030,sc01,07-18 18:00:00+02:00,CC NG 20,0.0
2030,sc01,07-18 18:00:00+02:00,CC NG 19,1.0
2030,sc01,07-18 18:00:00+02:00,CT NG 12,0.0
2030,sc01,07-18 18:00:00+02:00,CT NG 70,0.0
2030,sc01,07-18 18:00:00+02:00,ST NG 10,0.0
2030,sc01,07-18 18:00:00+02:00,CT NG 02,0.0
2030,sc01,07-18 18:00:00+02:00,CT NG 26,0.0
2030,sc01,07-18 18:00:00+02:00,ST NG 01,0.0
2030,sc01,07-18 18:00:00+02:00,CC NG 32,0.0
2030,sc01,07-18 18:00:00+02:00,CT NG 35,0.0
2030,sc01,07-18 18:00:00+02:00,ST NG 06,0.0
2030,sc01,07-18 18:00:00+02:00,CT Oil 01,0.0
2030,sc01,07-18 18:00:00+02:00,CT NG 67,0.0
2030,sc01,07-18 18:00:00+02:00,CT NG 72,0.0
2030,sc01,07-18 18:00:00+02:00,CT NG 66,0.0
2030,sc01,07-18 18:00:00+02:00,CT NG 71,0.0
2030,sc01,07-18 18:00:00+02:00,CC NG 07,0.0
2030,sc01,07-18 18:00:00+02:00,CT NG 69,0.0
2030,sc01,07-18 18:00:00+02:00,CT NG 07,0.0
2030,sc01,07-18 18:00:00+02:00,CT NG 45,0.0
2030,sc01,07-18 18:00:00+02:00,CC NG 03,0.0
2030,sc01,07-18 18:00:00+02:00,CC NG 13,0.0
2030,sc01,07-18 18:00:00+02:00,CT Oil 05,0.0
2030,sc01,07-18 18:00:00+02:00,CT NG 54,0.0
2030,sc01,07-18 18:00:00+02:00,ST Coal 01,0.0
2030,sc01,07-18 18:00:00+02:00,CC NG 16,1.0
2030,sc01,07-18 18:00:00+02:00,CT NG 73,0.0
2030,sc01,07-18 18:00:00+02:00,CC NG 09,0.0
2030,sc01,07-18 18:00:00+02:00,CT NG 03,0.0
2030,sc01,07-18 18:00:00+02:00,CT NG 28,0.0
2030,sc01,07-18 18:00:00+02:00,CT NG 11,0.0
2030,sc01,07-18 18:00:00+02:00,CT NG 08,0.0
2030,sc01,07-18 18:00:00+02:00,CT Oil 02,0.0
2030,sc01,07-18 18:00:00+02:00,CC NG 25,0.0
2030,sc01,07-18 18:00:00+02:00,CC NG 22,1.0
2030,sc01,07-18 18:00:00+02:00,CT NG 56,0.0
2030,sc01,07-18 18:00:00+02:00,CT NG 34,0.0
2030,sc01,07-18 18:00:00+02:00,ST NG 05,1.0
2030,sc01,07-18 18:00:00+02:00,CT NG 44,0.0
2030,sc01,07-18 18:00:00+02:00,CT NG 47,0.0
2030,sc01,07-18 18:00:00+02:00,CC NG 15,0.0
2030,sc01,07-18 18:00:00+02:00,CC NG 14,0.0
2030,sc01,07-18 18:00:00+02:00,CT NG 42,0.0
2030,sc01,07-18 18:00:00+02:00,ST NG 07,0.0
2030,sc01,07-18 18:00:00+02:00,CC NG 36,0.0
2030,sc01,07-18 18:00:00+02:00,CT NG 15,0.0
2030,sc01,07-18 18:00:00+02:00,CT NG 41,0.0
2030,sc01,07-18 18:00:00+02:00,CC NG 23,0.8668347530774587
2030,sc01,07-18 18:00:00+02:00,CT NG 49,0.0
2030,sc01,07-18 18:00:00+02:00,CC NG 26,0.0
2030,sc01,07-18 18:00:00+02:00,CC NG 12,0.0
2030,sc01,07-18 18:00:00+02:00,CT NG 05,0.0
2030,sc01,07-18 18:00:00+02:00,CC NG 40,0.0
2030,sc01,07-18 18:00:00+02:00,CT NG 50,0.0
2030,sc01,07-18 18:00:00+02:00,CT NG 68,0.0
2030,sc01,07-18 18:00:00+02:00,CC NG 17,0.0
2030,sc01,07-18 18:00:00+02:00,CC NG 10,0.0
2030,sc01,07-18 18:00:00+02:00,CC NG 33,0.0
2030,sc01,07-18 18:00:00+02:00,CC NG 06,0.0
2030,sc01,07-18 18:00:00+02:00,CT NG 10,0.0
2030,sc01,07-18 18:00:00+02:00,CT NG 01,0.0
2030,sc01,07-18 18:00:00+02:00,CC NG 29,0.0
2030,sc01,07-18 18:00:00+02:00,CC NG 05,0.0
2030,sc01,07-18 18:00:00+02:00,CT NG 06,0.0
2030,sc01,07-18 18:00:00+02:00,CT NG 24,0.0
2030,sc01,07-18 18:00:00+02:00,CT NG 22,0.0
2030,sc01,07-18 18:00:00+02:00,CT NG 21,0.0
2030,sc01,07-18 18:00:00+02:00,CC NG 28,0.0
2030,sc01,07-18 18:00:00+02:00,CC NG 35,0.0
2030,sc01,07-18 18:00:00+02:00,CC NG 24,0.0
2030,sc01,07-18 18:00:00+02:00,CC NG 08,0.0
2030,sc01,07-18 18:00:00+02:00,ST NG 02,0.0
2030,sc01,07-18 18:00:00+02:00,CT NG 52,0.0
2030,sc01,07-18 18:00:00+02:00,CT NG 46,0.0
2030,sc01,07-18 18:00:00+02:00,CT NG 36,0.0
2030,sc01,07-18 18:00:00+02:00,CC NG 21,0.0
2030,sc01,07-18 18:00:00+02:00,ST NG 09,0.0
2030,sc01,07-18 18:00:00+02:00,ST NG 04,1.0
2030,sc01,07-18 18:00:00+02:00,CT NG 23,0.0
2030,sc01,07-18 18:00:00+02:00,CT NG 13,0.0
2030,sc01,07-18 18:00:00+02:00,CC NG 11,0.0
2030,sc01,07-18 18:00:00+02:00,CT NG 04,0.0
2030,sc01,07-18 18:00:00+02:00,CC NG 18,1.0
2030,sc01,07-18 18:00:00+02:00,CC NG 34,0.3693328661554064
2030,sc01,07-18 18:00:00+02:00,CT Oil 04,0.0
2030,sc01,07-18 18:00:00+02:00,CT NG 74,0.0
2030,sc01,07-18 18:00:00+02:00,CT NG 55,0.0
2030,sc01,07-18 18:00:00+02:00,CT NG 75,0.0
2030,sc01,07-18 18:00:00+02:00,CC NG 01,0.0
2030,sc01,07-18 18:00:00+02:00,CC NG 39,0.0
2030,sc01,07-18 18:00:00+02:00,CT NG 09,0.0
2030,sc01,07-18 18:00:00+02:00,CC NG 31,0.0
2030,sc01,07-18 18:00:00+02:00,CT NG 14,0.0
2030,sc01,07-23 13:00:00+02:00,ST NG 03,0.0
2030,sc01,07-23 13:00:00+02:00,CC NG 37,0.3766437751803473
2030,sc01,07-23 13:00:00+02:00,CT NG 48,0.0
2030,sc01,07-23 13:00:00+02:00,CT NG 16,0.0
2030,sc01,07-23 13:00:00+02:00,CT NG 25,0.0
2030,sc01,07-23 13:00:00+02:00,CT NG 53,0.0
2030,sc01,07-23 13:00:00+02:00,ST NG 08,0.0
2030,sc01,07-23 13:00:00+02:00,CT Oil 03,0.0
2030,sc01,07-23 13:00:00+02:00,CT NG 43,0.0
2030,sc01,07-23 13:00:00+02:00,CC NG 04,0.0
2030,sc01,07-23 13:00:00+02:00,ST Other 02,0.0
2030,sc01,07-23 13:00:00+02:00,CT NG 30,0.0
2030,sc01,07-23 13:00:00+02:00,CC NG 27,0.0
2030,sc01,07-23 13:00:00+02:00,CC NG 38,0.0
2030,sc01,07-23 13:00:00+02:00,CC NG 20,0.0
2030,sc01,07-23 13:00:00+02:00,CC NG 19,0.0
2030,sc01,07-23 13:00:00+02:00,CT NG 12,0.0
2030,sc01,07-23 13:00:00+02:00,CT NG 70,0.0
2030,sc01,07-23 13:00:00+02:00,ST NG 10,0.0
2030,sc01,07-23 13:00:00+02:00,CT NG 02,0.0
2030,sc01,07-23 13:00:00+02:00,CT NG 26,0.012010122090060027
2030,sc01,07-23 13:00:00+02:00,ST NG 01,0.0
2030,sc01,07-23 13:00:00+02:00,CC NG 32,0.0
2030,sc01,07-23 13:00:00+02:00,CT NG 35,0.0
2030,sc01,07-23 13:00:00+02:00,ST NG 06,0.0
2030,sc01,07-23 13:00:00+02:00,CT Oil 01,0.0
2030,sc01,07-23 13:00:00+02:00,CT NG 67,0.0
2030,sc01,07-23 13:00:00+02:00,CT NG 72,0.0
2030,sc01,07-23 13:00:00+02:00,CT NG 66,0.0
2030,sc01,07-23 13:00:00+02:00,CT NG 71,0.0
2030,sc01,07-23 13:00:00+02:00,CC NG 07,0.0
2030,sc01,07-23 13:00:00+02:00,CT NG 69,0.0
2030,sc01,07-23 13:00:00+02:00,CT NG 07,0.0
2030,sc01,07-23 13:00:00+02:00,CT NG 45,0.0
2030,sc01,07-23 13:00:00+02:00,CC NG 03,0.0
2030,sc01,07-23 13:00:00+02:00,CC NG 13,0.0
2030,sc01,07-23 13:00:00+02:00,CT Oil 05,0.0
2030,sc01,07-23 13:00:00+02:00,CT NG 54,0.0
2030,sc01,07-23 13:00:00+02:00,ST Coal 01,0.0
2030,sc01,07-23 13:00:00+02:00,CC NG 16,0.0
2030,sc01,07-23 13:00:00+02:00,CT NG 73,0.0
2030,sc01,07-23 13:00:00+02:00,CC NG 09,0.0
2030,sc01,07-23 13:00:00+02:00,CT NG 03,0.0
2030,sc01,07-23 13:00:00+02:00,CT NG 28,0.0
2030,sc01,07-23 13:00:00+02:00,CT NG 11,0.0
2030,sc01,07-23 13:00:00+02:00,CT NG 08,0.0
2030,sc01,07-23 13:00:00+02:00,CT Oil 02,0.0
2030,sc01,07-23 13:00:00+02:00,CC NG 25,0.0
2030,sc01,07-23 13:00:00+02:00,CC NG 22,0.0
2030,sc01,07-23 13:00:00+02:00,CT NG 56,0.0
2030,sc01,07-23 13:00:00+02:00,CT NG 34,0.0
2030,sc01,07-23 13:00:00+02:00,ST NG 05,0.0
2030,sc01,07-23 13:00:00+02:00,CT NG 44,0.0
2030,sc01,07-23 13:00:00+02:00,CT NG 47,0.0
2030,sc01,07-23 13:00:00+02:00,CC NG 15,0.0
2030,sc01,07-23 13:00:00+02:00,CC NG 14,0.0
2030,sc01,07-23 13:00:00+02:00,CT NG 42,0.0
2030,sc01,07-23 13:00:00+02:00,ST NG 07,0.0
2030,sc01,07-23 13:00:00+02:00,CC NG 36,0.0
2030,sc01,07-23 13:00:00+02:00,CT NG 15,0.0
2030,sc01,07-23 13:00:00+02:00,CT NG 41,0.0
2030,sc01,07-23 13:00:00+02:00,CC NG 23,0.0
2030,sc01,07-23 13:00:00+02:00,CT NG 49,0.0
2030,sc01,07-23 13:00:00+02:00,CC NG 26,0.0
2030,sc01,07-23 13:00:00+02:00,CC NG 12,0.0
2030,sc01,07-23 13:00:00+02:00,CT NG 05,0.0
2030,sc01,07-23 13:00:00+02:00,CC NG 40,0.0
2030,sc01,07-23 13:00:00+02:00,CT NG 50,0.0
2030,sc01,07-23 13:00:00+02:00,CT NG 68,0.0
2030,sc01,07-23 13:00:00+02:00,CC NG 17,0.0
2030,sc01,07-23 13:00:00+02:00,CC NG 10,0.0
2030,sc01,07-23 13:00:00+02:00,CC NG 33,0.0
2030,sc01,07-23 13:00:00+02:00,CC NG 06,0.0
2030,sc01,07-23 13:00:00+02:00,CT NG 10,0.0
2030,sc01,07-23 13:00:00+02:00,CT NG 01,0.0
2030,sc01,07-23 13:00:00+02:00,CC NG 29,0.0
2030,sc01,07-23 13:00:00+02:00,CC NG 05,0.0
2030,sc01,07-23 13:00:00+02:00,CT NG 06,0.0
2030,sc01,07-23 13:00:00+02:00,CT NG 24,0.0
2030,sc01,07-23 13:00:00+02:00,CT NG 22,0.0
2030,sc01,07-23 13:00:00+02:00,CT NG 21,0.0
2030,sc01,07-23 13:00:00+02:00,CC NG 28,0.0
2030,sc01,07-23 13:00:00+02:00,CC NG 35,0.0
2030,sc01,07-23 13:00:00+02:00,CC NG 24,0.4664517044771269
2030,sc01,07-23 13:00:00+02:00,CC NG 08,0.0
2030,sc01,07-23 13:00:00+02:00,ST NG 02,0.0
2030,sc01,07-23 13:00:00+02:00,CT NG 52,0.0
2030,sc01,07-23 13:00:00+02:00,CT NG 46,0.0
2030,sc01,07-23 13:00:00+02:00,CT NG 36,0.0
2030,sc01,07-23 13:00:00+02:00,CC NG 21,0.0
2030,sc01,07-23 13:00:00+02:00,ST NG 09,0.0
2030,sc01,07-23 13:00:00+02:00,ST NG 04,0.0
2030,sc01,07-23 13:00:00+02:00,CT NG 23,0.0
2030,sc01,07-23 13:00:00+02:00,CT NG 13,0.0
2030,sc01,07-23 13:00:00+02:00,CC NG 11,0.0
2030,sc01,07-23 13:00:00+02:00,CT NG 04,0.0
2030,sc01,07-23 13:00:00+02:00,CC NG 18,0.0
2030,sc01,07-23 13:00:00+02:00,CC NG 34,0.6306671338445936
2030,sc01,07-23 13:00:00+02:00,CT Oil 04,0.0
2030,sc01,07-23 13:00:00+02:00,CT NG 74,0.0
2030,sc01,07-23 13:00:00+02:00,CT NG 55,0.0
2030,sc01,07-23 13:00:00+02:00,CT NG 75,0.0
2030,sc01,07-23 13:00:00+02:00,CC NG 01,0.0
2030,sc01,07-23 13:00:00+02:00,CC NG 39,0.0
2030,sc01,07-23 13:00:00+02:00,CT NG 09,0.0
2030,sc01,07-23 13:00:00+02:00,CC NG 31,0.0
2030,sc01,07-23 13:00:00+02:00,CT NG 14,0.0
2030,sc01,07-25 13:00:00+02:00,ST NG 03,0.0
2030,sc01,07-25 13:00:00+02:00,CC NG 37,0.0
2030,sc01,07-25 13:00:00+02:00,CT NG 48,0.0
2030,sc01,07-25 13:00:00+02:00,CT NG 16,0.0
2030,sc01,07-25 13:00:00+02:00,CT NG 25,0.0
2030,sc01,07-25 13:00:00+02:00,CT NG 53,0.0
2030,sc01,07-25 13:00:00+02:00,ST NG 08,0.0
2030,sc01,07-25 13:00:00+02:00,CT Oil 03,0.0
2030,sc01,07-25 13:00:00+02:00,CT NG 43,0.0
2030,sc01,07-25 13:00:00+02:00,CC NG 04,0.0
2030,sc01,07-25 13:00:00+02:00,ST Other 02,0.0
2030,sc01,07-25 13:00:00+02:00,CT NG 30,0.0
2030,sc01,07-25 13:00:00+02:00,CC NG 27,0.0
2030,sc01,07-25 13:00:00+02:00,CC NG 38,0.0
2030,sc01,07-25 13:00:00+02:00,CC NG 20,0.0
2030,sc01,07-25 13:00:00+02:00,CC NG 19,0.0
2030,sc01,07-25 13:00:00+02:00,CT NG 12,0.0
2030,sc01,07-25 13:00:00+02:00,CT NG 70,0.0
2030,sc01,07-25 13:00:00+02:00,ST NG 10,0.0
2030,sc01,07-25 13:00:00+02:00,CT NG 02,0.0
2030,sc01,07-25 13:00:00+02:00,CT NG 26,0.98798987790994
2030,sc01,07-25 13:00:00+02:00,ST NG 01,0.9344823410312446
2030,sc01,07-25 13:00:00+02:00,CC NG 32,0.0
2030,sc01,07-25 13:00:00+02:00,CT NG 35,0.0
2030,sc01,07-25 13:00:00+02:00,ST NG 06,0.0
2030,sc01,07-25 13:00:00+02:00,CT Oil 01,0.0
2030,sc01,07-25 13:00:00+02:00,CT NG 67,0.0
2030,sc01,07-25 13:00:00+02:00,CT NG 72,0.0
2030,sc01,07-25 13:00:00+02:00,CT NG 66,0.0
2030,sc01,07-25 13:00:00+02:00,CT NG 71,0.0
2030,sc01,07-25 13:00:00+02:00,CC NG 07,0.0
2030,sc01,07-25 13:00:00+02:00,CT NG 69,0.0
2030,sc01,07-25 13:00:00+02:00,CT NG 07,0.0
2030,sc01,07-25 13:00:00+02:00,CT NG 45,0.0
2030,sc01,07-25 13:00:00+02:00,CC NG 03,0.0
2030,sc01,07-25 13:00:00+02:00,CC NG 13,0.0
2030,sc01,07-25 13:00:00+02:00,CT Oil 05,0.0
2030,sc01,07-25 13:00:00+02:00,CT NG 54,0.0
2030,sc01,07-25 13:00:00+02:00,ST Coal 01,0.0
2030,sc01,07-25 13:00:00+02:00,CC NG 16,0.0
2030,sc01,07-25 13:00:00+02:00,CT NG 73,0.0
2030,sc01,07-25 13:00:00+02:00,CC NG 09,0.0
2030,sc01,07-25 13:00:00+02:00,CT NG 03,0.0
2030,sc01,07-25 13:00:00+02:00,CT NG 28,0.0
2030,sc01,07-25 13:00:00+02:00,CT NG 11,0.0
2030,sc01,07-25 13:00:00+02:00,CT NG 08,0.0
2030,sc01,07-25 13:00:00+02:00,CT Oil 02,0.0
2030,sc01,07-25 13:00:00+02:00,CC NG 25,0.0
2030,sc01,07-25 13:00:00+02:00,CC NG 22,0.0
2030,sc01,07-25 13:00:00+02:00,CT NG 56,0.0
2030,sc01,07-25 13:00:00+02:00,CT NG 34,0.0
2030,sc01,07-25 13:00:00+02:00,ST NG 05,0.0
2030,sc01,07-25 13:00:00+02:00,CT NG 44,0.0
2030,sc01,07-25 13:00:00+02:00,CT NG 47,0.0
2030,sc01,07-25 13:00:00+02:00,CC NG 15,0.0
2030,sc01,07-25 13:00:00+02:00,CC NG 14,0.0
2030,sc01,07-25 13:00:00+02:00,CT NG 42,0.0
2030,sc01,07-25 13:00:00+02:00,ST NG 07,0.0
2030,sc01,07-25 13:00:00+02:00,CC NG 36,0.0
2030,sc01,07-25 13:00:00+02:00,CT NG 15,0.0
2030,sc01,07-25 13:00:00+02:00,CT NG 41,0.0
2030,sc01,07-25 13:00:00+02:00,CC NG 23,0.0
2030,sc01,07-25 13:00:00+02:00,CT NG 49,0.0
2030,sc01,07-25 13:00:00+02:00,CC NG 26,0.0
2030,sc01,07-25 13:00:00+02:00,CC NG 12,0.0
2030,sc01,07-25 13:00:00+02:00,CT NG 05,0.0
2030,sc01,07-25 13:00:00+02:00,CC NG 40,0.0
2030,sc01,07-25 13:00:00+02:00,CT NG 50,0.0
2030,sc01,07-25 13:00:00+02:00,CT NG 68,0.0
2030,sc01,07-25 13:00:00+02:00,CC NG 17,0.0
2030,sc01,07-25 13:00:00+02:00,CC NG 10,0.0
2030,sc01,07-25 13:00:00+02:00,CC NG 33,0.0
2030,sc01,07-25 13:00:00+02:00,CC NG 06,0.0
2030,sc01,07-25 13:00:00+02:00,CT NG 10,0.0
2030,sc01,07-25 13:00:00+02:00,CT NG 01,0.0
2030,sc01,07-25 13:00:00+02:00,CC NG 29,0.0
2030,sc01,07-25 13:00:00+02:00,CC NG 05,0.0
2030,sc01,07-25 13:00:00+02:00,CT NG 06,0.0
2030,sc01,07-25 13:00:00+02:00,CT NG 24,0.0
2030,sc01,07-25 13:00:00+02:00,CT NG 22,0.0
2030,sc01,07-25 13:00:00+02:00,CT NG 21,0.0
2030,sc01,07-25 13:00:00+02:00,CC NG 28,0.0
2030,sc01,07-25 13:00:00+02:00,CC NG 35,0.34901198291090507
2030,sc01,07-25 13:00:00+02:00,CC NG 24,0.009542430791347645
2030,sc01,07-25 13:00:00+02:00,CC NG 08,0.0
2030,sc01,07-25 13:00:00+02:00,ST NG 02,0.0
2030,sc01,07-25 13:00:00+02:00,CT NG 52,0.0
2030,sc01,07-25 13:00:00+02:00,CT NG 46,0.0
2030,sc01,07-25 13:00:00+02:00,CT NG 36,0.0
2030,sc01,07-25 13:00:00+02:00,CC NG 21,0.0
2030,sc01,07-25 13:00:00+02:00,ST NG 09,0.0
2030,sc01,07-25 13:00:00+02:00,ST NG 04,0.0
2030,sc01,07-25 13:00:00+02:00,CT NG 23,0.0
2030,sc01,07-25 13:00:00+02:00,CT NG 13,0.0
2030,sc01,07-25 13:00:00+02:00,CC NG 11,0.0
2030,sc01,07-25 13:00:00+02:00,CT NG 04,0.0
2030,sc01,07-25 13:00:00+02:00,CC NG 18,0.0
2030,sc01,07-25 13:00:00+02:00,CC NG 34,0.6926568092650467
2030,sc01,07-25 13:00:00+02:00,CT Oil 04,0.0
2030,sc01,07-25 13:00:00+02:00,CT NG 74,0.0
2030,sc01,07-25 13:00:00+02:00,CT NG 55,0.0
2030,sc01,07-25 13:00:00+02:00,CT NG 75,0.0
2030,sc01,07-25 13:00:00+02:00,CC NG 01,0.0
2030,sc01,07-25 13:00:00+02:00,CC NG 39,0.0
2030,sc01,07-25 13:00:00+02:00,CT NG 09,0.0
2030,sc01,07-25 13:00:00+02:00,CC NG 31,0.0
2030,sc01,07-25 13:00:00+02:00,CT NG 14,0.0
2030,sc01,07-29 07:00:00+02:00,ST NG 03,0.0
2030,sc01,07-29 07:00:00+02:00,CC NG 37,1.0
2030,sc01,07-29 07:00:00+02:00,CT NG 48,0.0
2030,sc01,07-29 07:00:00+02:00,CT NG 16,0.0
2030,sc01,07-29 07:00:00+02:00,CT NG 25,1.0
2030,sc01,07-29 07:00:00+02:00,CT NG 53,0.0
2030,sc01,07-29 07:00:00+02:00,ST NG 08,0.0
2030,sc01,07-29 07:00:00+02:00,CT Oil 03,0.0
2030,sc01,07-29 07:00:00+02:00,CT NG 43,0.0
2030,sc01,07-29 07:00:00+02:00,CC NG 04,0.0
2030,sc01,07-29 07:00:00+02:00,ST Other 02,0.0
2030,sc01,07-29 07:00:00+02:00,CT NG 30,0.0
2030,sc01,07-29 07:00:00+02:00,CC NG 27,0.0
2030,sc01,07-29 07:00:00+02:00,CC NG 38,1.0
2030,sc01,07-29 07:00:00+02:00,CC NG 20,0.0
2030,sc01,07-29 07:00:00+02:00,CC NG 19,0.0
2030,sc01,07-29 07:00:00+02:00,CT NG 12,0.0
2030,sc01,07-29 07:00:00+02:00,CT NG 70,0.0
2030,sc01,07-29 07:00:00+02:00,ST NG 10,0.0
2030,sc01,07-29 07:00:00+02:00,CT NG 02,0.0
2030,sc01,07-29 07:00:00+02:00,CT NG 26,1.0
2030,sc01,07-29 07:00:00+02:00,ST NG 01,0.06551765896875543
2030,sc01,07-29 07:00:00+02:00,CC NG 32,0.0
2030,sc01,07-29 07:00:00+02:00,CT NG 35,1.0
2030,sc01,07-29 07:00:00+02:00,ST NG 06,0.0
2030,sc01,07-29 07:00:00+02:00,CT Oil 01,0.0
2030,sc01,07-29 07:00:00+02:00,CT NG 67,0.0
2030,sc01,07-29 07:00:00+02:00,CT NG 72,0.0
2030,sc01,07-29 07:00:00+02:00,CT NG 66,0.0
2030,sc01,07-29 07:00:00+02:00,CT NG 71,0.0
2030,sc01,07-29 07:00:00+02:00,CC NG 07,0.0
2030,sc01,07-29 07:00:00+02:00,CT NG 69,0.0
2030,sc01,07-29 07:00:00+02:00,CT NG 07,0.0
2030,sc01,07-29 07:00:00+02:00,CT NG 45,0.0
2030,sc01,07-29 07:00:00+02:00,CC NG 03,0.0
2030,sc01,07-29 07:00:00+02:00,CC NG 13,0.0
2030,sc01,07-29 07:00:00+02:00,CT Oil 05,0.0
2030,sc01,07-29 07:00:00+02:00,CT NG 54,0.0
2030,sc01,07-29 07:00:00+02:00,ST Coal 01,0.0
2030,sc01,07-29 07:00:00+02:00,CC NG 16,0.0
2030,sc01,07-29 07:00:00+02:00,CT NG 73,0.0
2030,sc01,07-29 07:00:00+02:00,CC NG 09,0.0
2030,sc01,07-29 07:00:00+02:00,CT NG 03,0.0
2030,sc01,07-29 07:00:00+02:00,CT NG 28,0.0
2030,sc01,07-29 07:00:00+02:00,CT NG 11,0.0
2030,sc01,07-29 07:00:00+02:00,CT NG 08,0.0
2030,sc01,07-29 07:00:00+02:00,CT Oil 02,0.0
2030,sc01,07-29 07:00:00+02:00,CC NG 25,0.0
2030,sc01,07-29 07:00:00+02:00,CC NG 22,0.0
2030,sc01,07-29 07:00:00+02:00,CT NG 56,0.0
2030,sc01,07-29 07:00:00+02:00,CT NG 34,1.0
2030,sc01,07-29 07:00:00+02:00,ST NG 05,1.0
2030,sc01,07-29 07:00:00+02:00,CT NG 44,0.0
2030,sc01,07-29 07:00:00+02:00,CT NG 47,0.0
2030,sc01,07-29 07:00:00+02:00,CC NG 15,0.0
2030,sc01,07-29 07:00:00+02:00,CC NG 14,1.0
2030,sc01,07-29 07:00:00+02:00,CT NG 42,0.0
2030,sc01,07-29 07:00:00+02:00,ST NG 07,0.0
2030,sc01,07-29 07:00:00+02:00,CC NG 36,0.0
2030,sc01,07-29 07:00:00+02:00,CT NG 15,0.0
2030,sc01,07-29 07:00:00+02:00,CT NG 41,0.0
2030,sc01,07-29 07:00:00+02:00,CC NG 23,0.0
2030,sc01,07-29 07:00:00+02:00,CT NG 49,0.0
2030,sc01,07-29 07:00:00+02:00,CC NG 26,0.0
2030,sc01,07-29 07:00:00+02:00,CC NG 12,0.0
2030,sc01,07-29 07:00:00+02:00,CT NG 05,0.0
2030,sc01,07-29 07:00:00+02:00,CC NG 40,0.06947996723528116
2030,sc01,07-29 07:00:00+02:00,CT NG 50,0.0
2030,sc01,07-29 07:00:00+02:00,CT NG 68,0.0
2030,sc01,07-29 07:00:00+02:00,CC NG 17,0.0
2030,sc01,07-29 07:00:00+02:00,CC NG 10,0.0
2030,sc01,07-29 07:00:00+02:00,CC NG 33,0.0
2030,sc01,07-29 07:00:00+02:00,CC NG 06,0.0
2030,sc01,07-29 07:00:00+02:00,CT NG 10,0.0
2030,sc01,07-29 07:00:00+02:00,CT NG 01,0.0
2030,sc01,07-29 07:00:00+02:00,CC NG 29,0.0
2030,sc01,07-29 07:00:00+02:00,CC NG 05,1.0
2030,sc01,07-29 07:00:00+02:00,CT NG 06,0.0
2030,sc01,07-29 07:00:00+02:00,CT NG 24,1.0
2030,sc01,07-29 07:00:00+02:00,CT NG 22,0.0
2030,sc01,07-29 07:00:00+02:00,CT NG 21,0.0
2030,sc01,07-29 07:00:00+02:00,CC NG 28,1.0
2030,sc01,07-29 07:00:00+02:00,CC NG 35,0.6509880170890949
2030,sc01,07-29 07:00:00+02:00,CC NG 24,0.5240058647315254
2030,sc01,07-29 07:00:00+02:00,CC NG 08,0.0
2030,sc01,07-29 07:00:00+02:00,ST NG 02,0.0
2030,sc01,07-29 07:00:00+02:00,CT NG 52,0.0
2030,sc01,07-29 07:00:00+02:00,CT NG 46,0.0
2030,sc01,07-29 07:00:00+02:00,CT NG 36,1.0
2030,sc01,07-29 07:00:00+02:00,CC NG 21,0.0
2030,sc01,07-29 07:00:00+02:00,ST NG 09,0.0
2030,sc01,07-29 07:00:00+02:00,ST NG 04,0.0
2030,sc01,07-29 07:00:00+02:00,CT NG 23,0.0
2030,sc01,07-29 07:00:00+02:00,CT NG 13,0.0
2030,sc01,07-29 07:00:00+02:00,CC NG 11,1.0
2030,sc01,07-29 07:00:00+02:00,CT NG 04,0.0
2030,sc01,07-29 07:00:00+02:00,CC NG 18,0.0
2030,sc01,07-29 07:00:00+02:00,CC NG 34,0.12957344397293438
2030,sc01,07-29 07:00:00+02:00,CT Oil 04,0.0
2030,sc01,07-29 07:00:00+02:00,CT NG 74,0.0
2030,sc01,07-29 07:00:00+02:00,CT NG 55,0.0
2030,sc01,07-29 07:00:00+02:00,CT NG 75,0.0
2030,sc01,07-29 07:00:00+02:00,CC NG 01,0.0
2030,sc01,07-29 07:00:00+02:00,CC NG 39,0.0
2030,sc01,07-29 07:00:00+02:00,CT NG 09,0.0
2030,sc01,07-29 07:00:00+02:00,CC NG 31,0.0
2030,sc01,07-29 07:00:00+02:00,CT NG 14,0.0
2030,sc01,08-02 08:00:00+02:00,ST NG 03,0.0
2030,sc01,08-02 08:00:00+02:00,CC NG 37,0.0
2030,sc01,08-02 08:00:00+02:00,CT NG 48,0.0
2030,sc01,08-02 08:00:00+02:00,CT NG 16,0.0
2030,sc01,08-02 08:00:00+02:00,CT NG 25,0.0
2030,sc01,08-02 08:00:00+02:00,CT NG 53,0.0
2030,sc01,08-02 08:00:00+02:00,ST NG 08,0.0
2030,sc01,08-02 08:00:00+02:00,CT Oil 03,0.0
2030,sc01,08-02 08:00:00+02:00,CT NG 43,0.0
2030,sc01,08-02 08:00:00+02:00,CC NG 04,0.0
2030,sc01,08-02 08:00:00+02:00,ST Other 02,0.0
2030,sc01,08-02 08:00:00+02:00,CT NG 30,0.0
2030,sc01,08-02 08:00:00+02:00,CC NG 27,0.0
2030,sc01,08-02 08:00:00+02:00,CC NG 38,0.0
2030,sc01,08-02 08:00:00+02:00,CC NG 20,0.0
2030,sc01,08-02 08:00:00+02:00,CC NG 19,0.0
2030,sc01,08-02 08:00:00+02:00,CT NG 12,0.0
2030,sc01,08-02 08:00:00+02:00,CT NG 70,0.0
2030,sc01,08-02 08:00:00+02:00,ST NG 10,0.0
2030,sc01,08-02 08:00:00+02:00,CT NG 02,0.0
2030,sc01,08-02 08:00:00+02:00,CT NG 26,0.0
2030,sc01,08-02 08:00:00+02:00,ST NG 01,0.0
2030,sc01,08-02 08:00:00+02:00,CC NG 32,0.0
2030,sc01,08-02 08:00:00+02:00,CT NG 35,0.0
2030,sc01,08-02 08:00:00+02:00,ST NG 06,0.0
2030,sc01,08-02 08:00:00+02:00,CT Oil 01,0.0
2030,sc01,08-02 08:00:00+02:00,CT NG 67,0.0
2030,sc01,08-02 08:00:00+02:00,CT NG 72,0.0
2030,sc01,08-02 08:00:00+02:00,CT NG 66,0.0
2030,sc01,08-02 08:00:00+02:00,CT NG 71,0.0
2030,sc01,08-02 08:00:00+02:00,CC NG 07,0.0
2030,sc01,08-02 08:00:00+02:00,CT NG 69,0.0
2030,sc01,08-02 08:00:00+02:00,CT NG 07,0.0
2030,sc01,08-02 08:00:00+02:00,CT NG 45,0.0
2030,sc01,08-02 08:00:00+02:00,CC NG 03,0.0
2030,sc01,08-02 08:00:00+02:00,CC NG 13,0.0
2030,sc01,08-02 08:00:00+02:00,CT Oil 05,0.0
2030,sc01,08-02 08:00:00+02:00,CT NG 54,0.0
2030,sc01,08-02 08:00:00+02:00,ST Coal 01,0.0
2030,sc01,08-02 08:00:00+02:00,CC NG 16,0.0
2030,sc01,08-02 08:00:00+02:00,CT NG 73,0.6142436938516791
2030,sc01,08-02 08:00:00+02:00,CC NG 09,0.0
2030,sc01,08-02 08:00:00+02:00,CT NG 03,0.0
2030,sc01,08-02 08:00:00+02:00,CT NG 28,0.0
2030,sc01,08-02 08:00:00+02:00,CT NG 11,0.0
2030,sc01,08-02 08:00:00+02:00,CT NG 08,0.0
2030,sc01,08-02 08:00:00+02:00,CT Oil 02,0.0
2030,sc01,08-02 08:00:00+02:00,CC NG 25,0.0
2030,sc01,08-02 08:00:00+02:00,CC NG 22,0.0
2030,sc01,08-02 08:00:00+02:00,CT NG 56,0.0
2030,sc01,08-02 08:00:00+02:00,CT NG 34,0.0
2030,sc01,08-02 08:00:00+02:00,ST NG 05,0.0
2030,sc01,08-02 08:00:00+02:00,CT NG 44,0.0
2030,sc01,08-02 08:00:00+02:00,CT NG 47,0.0
2030,sc01,08-02 08:00:00+02:00,CC NG 15,0.0
2030,sc01,08-02 08:00:00+02:00,CC NG 14,0.0
2030,sc01,08-02 08:00:00+02:00,CT NG 42,0.0
2030,sc01,08-02 08:00:00+02:00,ST NG 07,0.0
2030,sc01,08-02 08:00:00+02:00,CC NG 36,0.0
2030,sc01,08-02 08:00:00+02:00,CT NG 15,0.0
2030,sc01,08-02 08:00:00+02:00,CT NG 41,0.0
2030,sc01,08-02 08:00:00+02:00,CC NG 23,0.0
2030,sc01,08-02 08:00:00+02:00,CT NG 49,0.0
2030,sc01,08-02 08:00:00+02:00,CC NG 26,0.0
2030,sc01,08-02 08:00:00+02:00,CC NG 12,0.0
2030,sc01,08-02 08:00:00+02:00,CT NG 05,0.0
2030,sc01,08-02 08:00:00+02:00,CC NG 40,0.9305200327647188
2030,sc01,08-02 08:00:00+02:00,CT NG 50,0.0
2030,sc01,08-02 08:00:00+02:00,CT NG 68,0.0
2030,sc01,08-02 08:00:00+02:00,CC NG 17,0.0
2030,sc01,08-02 08:00:00+02:00,CC NG 10,0.0
2030,sc01,08-02 08:00:00+02:00,CC NG 33,0.0
2030,sc01,08-02 08:00:00+02:00,CC NG 06,0.0
2030,sc01,08-02 08:00:00+02:00,CT NG 10,0.0
2030,sc01,08-02 08:00:00+02:00,CT NG 01,0.0
2030,sc01,08-02 08:00:00+02:00,CC NG 29,0.0
2030,sc01,08-02 08:00:00+02:00,CC NG 05,0.0
2030,sc01,08-02 08:00:00+02:00,CT NG 06,0.0
2030,sc01,08-02 08:00:00+02:00,CT NG 24,0.0
2030,sc01,08-02 08:00:00+02:00,CT NG 22,0.0
2030,sc01,08-02 08:00:00+02:00,CT NG 21,0.0
2030,sc01,08-02 08:00:00+02:00,CC NG 28,0.0
2030,sc01,08-02 08:00:00+02:00,CC NG 35,0.0
2030,sc01,08-02 08:00:00+02:00,CC NG 24,0.0
2030,sc01,08-02 08:00:00+02:00,CC NG 08,0.0
2030,sc01,08-02 08:00:00+02:00,ST NG 02,0.0
2030,sc01,08-02 08:00:00+02:00,CT NG 52,0.0
2030,sc01,08-02 08:00:00+02:00,CT NG 46,0.0
2030,sc01,08-02 08:00:00+02:00,CT NG 36,0.0
2030,sc01,08-02 08:00:00+02:00,CC NG 21,0.0
2030,sc01,08-02 08:00:00+02:00,ST NG 09,0.0
2030,sc01,08-02 08:00:00+02:00,ST NG 04,0.0
2030,sc01,08-02 08:00:00+02:00,CT NG 23,0.0
2030,sc01,08-02 08:00:00+02:00,CT NG 13,0.0
2030,sc01,08-02 08:00:00+02:00,CC NG 11,0.0
2030,sc01,08-02 08:00:00+02:00,CT NG 04,0.0
2030,sc01,08-02 08:00:00+02:00,CC NG 18,0.0
2030,sc01,08-02 08:00:00+02:00,CC NG 34,0.5230574707535733
2030,sc01,08-02 08:00:00+02:00,CT Oil 04,0.0
2030,sc01,08-02 08:00:00+02:00,CT NG 74,0.0
2030,sc01,08-02 08:00:00+02:00,CT NG 55,0.0
2030,sc01,08-02 08:00:00+02:00,CT NG 75,0.0
2030,sc01,08-02 08:00:00+02:00,CC NG 01,0.0
2030,sc01,08-02 08:00:00+02:00,CC NG 39,0.0
2030,sc01,08-02 08:00:00+02:00,CT NG 09,0.0
2030,sc01,08-02 08:00:00+02:00,CC NG 31,0.0
2030,sc01,08-02 08:00:00+02:00,CT NG 14,0.0
2030,sc01,08-05 11:00:00+02:00,ST NG 03,0.0
2030,sc01,08-05 11:00:00+02:00,CC NG 37,0.0
2030,sc01,08-05 11:00:00+02:00,CT NG 48,0.0
2030,sc01,08-05 11:00:00+02:00,CT NG 16,0.0
2030,sc01,08-05 11:00:00+02:00,CT NG 25,0.0
2030,sc01,08-05 11:00:00+02:00,CT NG 53,0.0
2030,sc01,08-05 11:00:00+02:00,ST NG 08,0.0
2030,sc01,08-05 11:00:00+02:00,CT Oil 03,0.0
2030,sc01,08-05 11:00:00+02:00,CT NG 43,0.0
2030,sc01,08-05 11:00:00+02:00,CC NG 04,0.0
2030,sc01,08-05 11:00:00+02:00,ST Other 02,0.0
2030,sc01,08-05 11:00:00+02:00,CT NG 30,0.0
2030,sc01,08-05 11:00:00+02:00,CC NG 27,0.0
2030,sc01,08-05 11:00:00+02:00,CC NG 38,0.0
2030,sc01,08-05 11:00:00+02:00,CC NG 20,0.0
2030,sc01,08-05 11:00:00+02:00,CC NG 19,0.0
2030,sc01,08-05 11:00:00+02:00,CT NG 12,0.0
2030,sc01,08-05 11:00:00+02:00,CT NG 70,0.0
2030,sc01,08-05 11:00:00+02:00,ST NG 10,0.0
2030,sc01,08-05 11:00:00+02:00,CT NG 02,0.0
2030,sc01,08-05 11:00:00+02:00,CT NG 26,0.0
2030,sc01,08-05 11:00:00+02:00,ST NG 01,0.0
2030,sc01,08-05 11:00:00+02:00,CC NG 32,0.0
2030,sc01,08-05 11:00:00+02:00,CT NG 35,0.0
2030,sc01,08-05 11:00:00+02:00,ST NG 06,0.0
2030,sc01,08-05 11:00:00+02:00,CT Oil 01,0.0
2030,sc01,08-05 11:00:00+02:00,CT NG 67,0.0
2030,sc01,08-05 11:00:00+02:00,CT NG 72,0.6144611784226763
2030,sc01,08-05 11:00:00+02:00,CT NG 66,0.0
2030,sc01,08-05 11:00:00+02:00,CT NG 71,0.0
2030,sc01,08-05 11:00:00+02:00,CC NG 07,0.0
2030,sc01,08-05 11:00:00+02:00,CT NG 69,0.0
2030,sc01,08-05 11:00:00+02:00,CT NG 07,0.0
2030,sc01,08-05 11:00:00+02:00,CT NG 45,0.0
2030,sc01,08-05 11:00:00+02:00,CC NG 03,0.0
2030,sc01,08-05 11:00:00+02:00,CC NG 13,0.0
2030,sc01,08-05 11:00:00+02:00,CT Oil 05,0.0
2030,sc01,08-05 11:00:00+02:00,CT NG 54,0.0
2030,sc01,08-05 11:00:00+02:00,ST Coal 01,0.0
2030,sc01,08-05 11:00:00+02:00,CC NG 16,0.0
2030,sc01,08-05 11:00:00+02:00,CT NG 73,0.38575630614832096
2030,sc01,08-05 11:00:00+02:00,CC NG 09,0.0
2030,sc01,08-05 11:00:00+02:00,CT NG 03,0.0
2030,sc01,08-05 11:00:00+02:00,CT NG 28,0.0
2030,sc01,08-05 11:00:00+02:00,CT NG 11,0.0
2030,sc01,08-05 11:00:00+02:00,CT NG 08,0.0
2030,sc01,08-05 11:00:00+02:00,CT Oil 02,0.0
2030,sc01,08-05 11:00:00+02:00,CC NG 25,0.0
2030,sc01,08-05 11:00:00+02:00,CC NG 22,0.0
2030,sc01,08-05 11:00:00+02:00,CT NG 56,0.0
2030,sc01,08-05 11:00:00+02:00,CT NG 34,0.0
2030,sc01,08-05 11:00:00+02:00,ST NG 05,0.0
2030,sc01,08-05 11:00:00+02:00,CT NG 44,0.0
2030,sc01,08-05 11:00:00+02:00,CT NG 47,0.0
2030,sc01,08-05 11:00:00+02:00,CC NG 15,0.0
2030,sc01,08-05 11:00:00+02:00,CC NG 14,0.0
2030,sc01,08-05 11:00:00+02:00,CT NG 42,0.0
2030,sc01,08-05 11:00:00+02:00,ST NG 07,0.0
2030,sc01,08-05 11:00:00+02:00,CC NG 36,0.0
2030,sc01,08-05 11:00:00+02:00,CT NG 15,0.0
2030,sc01,08-05 11:00:00+02:00,CT NG 41,0.0
2030,sc01,08-05 11:00:00+02:00,CC NG 23,0.0
2030,sc01,08-05 11:00:00+02:00,CT NG 49,0.0
2030,sc01,08-05 11:00:00+02:00,CC NG 26,0.0
2030,sc01,08-05 11:00:00+02:00,CC NG 12,0.0
2030,sc01,08-05 11:00:00+02:00,CT NG 05,0.0
2030,sc01,08-05 11:00:00+02:00,CC NG 40,0.0
2030,sc01,08-05 11:00:00+02:00,CT NG 50,0.0
2030,sc01,08-05 11:00:00+02:00,CT NG 68,0.0
2030,sc01,08-05 11:00:00+02:00,CC NG 17,0.0
2030,sc01,08-05 11:00:00+02:00,CC NG 10,0.0
2030,sc01,08-05 11:00:00+02:00,CC NG 33,0.0
2030,sc01,08-05 11:00:00+02:00,CC NG 06,0.0
2030,sc01,08-05 11:00:00+02:00,CT NG 10,0.0
2030,sc01,08-05 11:00:00+02:00,CT NG 01,0.0
2030,sc01,08-05 11:00:00+02:00,CC NG 29,0.0
2030,sc01,08-05 11:00:00+02:00,CC NG 05,0.0
2030,sc01,08-05 11:00:00+02:00,CT NG 06,0.0
2030,sc01,08-05 11:00:00+02:00,CT NG 24,0.0
2030,sc01,08-05 11:00:00+02:00,CT NG 22,0.0
2030,sc01,08-05 11:00:00+02:00,CT NG 21,0.0
2030,sc01,08-05 11:00:00+02:00,CC NG 28,0.0
2030,sc01,08-05 11:00:00+02:00,CC NG 35,0.0
2030,sc01,08-05 11:00:00+02:00,CC NG 24,0.0
2030,sc01,08-05 11:00:00+02:00,CC NG 08,0.0
2030,sc01,08-05 11:00:00+02:00,ST NG 02,0.0
2030,sc01,08-05 11:00:00+02:00,CT NG 52,0.0
2030,sc01,08-05 11:00:00+02:00,CT NG 46,0.0
2030,sc01,08-05 11:00:00+02:00,CT NG 36,0.0
2030,sc01,08-05 11:00:00+02:00,CC NG 21,0.0
2030,sc01,08-05 11:00:00+02:00,ST NG 09,0.0
2030,sc01,08-05 11:00:00+02:00,ST NG 04,0.0
2030,sc01,08-05 11:00:00+02:00,CT NG 23,0.0
2030,sc01,08-05 11:00:00+02:00,CT NG 13,0.0
2030,sc01,08-05 11:00:00+02:00,CC NG 11,0.0
2030,sc01,08-05 11:00:00+02:00,CT NG 04,0.0
2030,sc01,08-05 11:00:00+02:00,CC NG 18,0.0
2030,sc01,08-05 11:00:00+02:00,CC NG 34,0.07116234526750775
2030,sc01,08-05 11:00:00+02:00,CT Oil 04,0.0
2030,sc01,08-05 11:00:00+02:00,CT NG 74,0.0
2030,sc01,08-05 11:00:00+02:00,CT NG 55,0.0
2030,sc01,08-05 11:00:00+02:00,CT NG 75,0.0
2030,sc01,08-05 11:00:00+02:00,CC NG 01,0.0
2030,sc01,08-05 11:00:00+02:00,CC NG 39,0.0
2030,sc01,08-05 11:00:00+02:00,CT NG 09,0.0
2030,sc01,08-05 11:00:00+02:00,CC NG 31,0.0
2030,sc01,08-05 11:00:00+02:00,CT NG 14,0.0
2030,sc01,08-12 12:00:00+02:00,ST NG 03,0.0
2030,sc01,08-12 12:00:00+02:00,CC NG 37,0.9608733263321387
2030,sc01,08-12 12:00:00+02:00,CT NG 48,0.0
2030,sc01,08-12 12:00:00+02:00,CT NG 16,0.0
2030,sc01,08-12 12:00:00+02:00,CT NG 25,0.35839637752656184
2030,sc01,08-12 12:00:00+02:00,CT NG 53,0.0
2030,sc01,08-12 12:00:00+02:00,ST NG 08,0.0
2030,sc01,08-12 12:00:00+02:00,CT Oil 03,0.0
2030,sc01,08-12 12:00:00+02:00,CT NG 43,0.0
2030,sc01,08-12 12:00:00+02:00,CC NG 04,0.0
2030,sc01,08-12 12:00:00+02:00,ST Other 02,0.0
2030,sc01,08-12 12:00:00+02:00,CT NG 30,0.0
2030,sc01,08-12 12:00:00+02:00,CC NG 27,0.0
2030,sc01,08-12 12:00:00+02:00,CC NG 38,0.0
2030,sc01,08-12 12:00:00+02:00,CC NG 20,0.0
2030,sc01,08-12 12:00:00+02:00,CC NG 19,0.0
2030,sc01,08-12 12:00:00+02:00,CT NG 12,0.0
2030,sc01,08-12 12:00:00+02:00,CT NG 70,0.0
2030,sc01,08-12 12:00:00+02:00,ST NG 10,0.0
2030,sc01,08-12 12:00:00+02:00,CT NG 02,0.0
2030,sc01,08-12 12:00:00+02:00,CT NG 26,0.0
2030,sc01,08-12 12:00:00+02:00,ST NG 01,0.0
2030,sc01,08-12 12:00:00+02:00,CC NG 32,0.0
2030,sc01,08-12 12:00:00+02:00,CT NG 35,0.0
2030,sc01,08-12 12:00:00+02:00,ST NG 06,0.0
2030,sc01,08-12 12:00:00+02:00,CT Oil 01,0.0
2030,sc01,08-12 12:00:00+02:00,CT NG 67,0.0
2030,sc01,08-12 12:00:00+02:00,CT NG 72,1.0
2030,sc01,08-12 12:00:00+02:00,CT NG 66,0.0
2030,sc01,08-12 12:00:00+02:00,CT NG 71,0.0
2030,sc01,08-12 12:00:00+02:00,CC NG 07,0.0
2030,sc01,08-12 12:00:00+02:00,CT NG 69,0.0
2030,sc01,08-12 12:00:00+02:00,CT NG 07,0.0
2030,sc01,08-12 12:00:00+02:00,CT NG 45,0.0
2030,sc01,08-12 12:00:00+02:00,CC NG 03,0.0
2030,sc01,08-12 12:00:00+02:00,CC NG 13,0.0
2030,sc01,08-12 12:00:00+02:00,CT Oil 05,0.0
2030,sc01,08-12 12:00:00+02:00,CT NG 54,0.0
2030,sc01,08-12 12:00:00+02:00,ST Coal 01,0.0
2030,sc01,08-12 12:00:00+02:00,CC NG 16,0.0
2030,sc01,08-12 12:00:00+02:00,CT NG 73,1.0
2030,sc01,08-12 12:00:00+02:00,CC NG 09,0.0
2030,sc01,08-12 12:00:00+02:00,CT NG 03,0.0
2030,sc01,08-12 12:00:00+02:00,CT NG 28,0.0
2030,sc01,08-12 12:00:00+02:00,CT NG 11,0.0
2030,sc01,08-12 12:00:00+02:00,CT NG 08,0.0
2030,sc01,08-12 12:00:00+02:00,CT Oil 02,0.0
2030,sc01,08-12 12:00:00+02:00,CC NG 25,0.0
2030,sc01,08-12 12:00:00+02:00,CC NG 22,0.0
2030,sc01,08-12 12:00:00+02:00,CT NG 56,0.0
2030,sc01,08-12 12:00:00+02:00,CT NG 34,0.0
2030,sc01,08-12 12:00:00+02:00,ST NG 05,0.0
2030,sc01,08-12 12:00:00+02:00,CT NG 44,0.0
2030,sc01,08-12 12:00:00+02:00,CT NG 47,0.0
2030,sc01,08-12 12:00:00+02:00,CC NG 15,0.0
2030,sc01,08-12 12:00:00+02:00,CC NG 14,0.0
2030,sc01,08-12 12:00:00+02:00,CT NG 42,0.0
2030,sc01,08-12 12:00:00+02:00,ST NG 07,0.0
2030,sc01,08-12 12:00:00+02:00,CC NG 36,0.0
2030,sc01,08-12 12:00:00+02:00,CT NG 15,0.0
2030,sc01,08-12 12:00:00+02:00,CT NG 41,0.0
2030,sc01,08-12 12:00:00+02:00,CC NG 23,0.0
2030,sc01,08-12 12:00:00+02:00,CT NG 49,0.0
2030,sc01,08-12 12:00:00+02:00,CC NG 26,0.0
2030,sc01,08-12 12:00:00+02:00,CC NG 12,0.0
2030,sc01,08-12 12:00:00+02:00,CT NG 05,0.0
2030,sc01,08-12 12:00:00+02:00,CC NG 40,0.0
2030,sc01,08-12 12:00:00+02:00,CT NG 50,0.0
2030,sc01,08-12 12:00:00+02:00,CT NG 68,0.0
2030,sc01,08-12 12:00:00+02:00,CC NG 17,0.0
2030,sc01,08-12 12:00:00+02:00,CC NG 10,0.0
2030,sc01,08-12 12:00:00+02:00,CC NG 33,0.0
2030,sc01,08-12 12:00:00+02:00,CC NG 06,0.0
2030,sc01,08-12 12:00:00+02:00,CT NG 10,0.0
2030,sc01,08-12 12:00:00+02:00,CT NG 01,0.0
2030,sc01,08-12 12:00:00+02:00,CC NG 29,0.0
2030,sc01,08-12 12:00:00+02:00,CC NG 05,0.0
2030,sc01,08-12 12:00:00+02:00,CT NG 06,0.0
2030,sc01,08-12 12:00:00+02:00,CT NG 24,0.0
2030,sc01,08-12 12:00:00+02:00,CT NG 22,0.0
2030,sc01,08-12 12:00:00+02:00,CT NG 21,0.0
2030,sc01,08-12 12:00:00+02:00,CC NG 28,0.0
2030,sc01,08-12 12:00:00+02:00,CC NG 35,0.0
2030,sc01,08-12 12:00:00+02:00,CC NG 24,0.0
2030,sc01,08-12 12:00:00+02:00,CC NG 08,1.0
2030,sc01,08-12 12:00:00+02:00,ST NG 02,0.0
2030,sc01,08-12 12:00:00+02:00,CT NG 52,0.0
2030,sc01,08-12 12:00:00+02:00,CT NG 46,0.0
2030,sc01,08-12 12:00:00+02:00,CT NG 36,0.0
2030,sc01,08-12 12:00:00+02:00,CC NG 21,0.0
2030,sc01,08-12 12:00:00+02:00,ST NG 09,0.0
2030,sc01,08-12 12:00:00+02:00,ST NG 04,0.0
2030,sc01,08-12 12:00:00+02:00,CT NG 23,0.0
2030,sc01,08-12 12:00:00+02:00,CT NG 13,0.0
2030,sc01,08-12 12:00:00+02:00,CC NG 11,0.0
2030,sc01,08-12 12:00:00+02:00,CT NG 04,0.0
2030,sc01,08-12 12:00:00+02:00,CC NG 18,0.0
2030,sc01,08-12 12:00:00+02:00,CC NG 34,0.2499263016929304
2030,sc01,08-12 12:00:00+02:00,CT Oil 04,0.0
2030,sc01,08-12 12:00:00+02:00,CT NG 74,0.0
2030,sc01,08-12 12:00:00+02:00,CT NG 55,0.0
2030,sc01,08-12 12:00:00+02:00,CT NG 75,0.0
2030,sc01,08-12 12:00:00+02:00,CC NG 01,0.0
2030,sc01,08-12 12:00:00+02:00,CC NG 39,0.0
2030,sc01,08-12 12:00:00+02:00,CT NG 09,0.0
2030,sc01,08-12 12:00:00+02:00,CC NG 31,0.0
2030,sc01,08-12 12:00:00+02:00,CT NG 14,0.0
2030,sc01,08-19 18:00:00+02:00,ST NG 03,0.0
2030,sc01,08-19 18:00:00+02:00,CC NG 37,0.0
2030,sc01,08-19 18:00:00+02:00,CT NG 48,0.0
2030,sc01,08-19 18:00:00+02:00,CT NG 16,0.0
2030,sc01,08-19 18:00:00+02:00,CT NG 25,1.0
2030,sc01,08-19 18:00:00+02:00,CT NG 53,0.0
2030,sc01,08-19 18:00:00+02:00,ST NG 08,0.0
2030,sc01,08-19 18:00:00+02:00,CT Oil 03,0.0
2030,sc01,08-19 18:00:00+02:00,CT NG 43,0.0
2030,sc01,08-19 18:00:00+02:00,CC NG 04,0.0
2030,sc01,08-19 18:00:00+02:00,ST Other 02,0.0
2030,sc01,08-19 18:00:00+02:00,CT NG 30,0.0
2030,sc01,08-19 18:00:00+02:00,CC NG 27,0.0
2030,sc01,08-19 18:00:00+02:00,CC NG 38,0.0
2030,sc01,08-19 18:00:00+02:00,CC NG 20,0.0
2030,sc01,08-19 18:00:00+02:00,CC NG 19,0.0
2030,sc01,08-19 18:00:00+02:00,CT NG 12,0.0
2030,sc01,08-19 18:00:00+02:00,CT NG 70,0.0
2030,sc01,08-19 18:00:00+02:00,ST NG 10,0.0
2030,sc01,08-19 18:00:00+02:00,CT NG 02,0.0
2030,sc01,08-19 18:00:00+02:00,CT NG 26,1.0
2030,sc01,08-19 18:00:00+02:00,ST NG 01,0.0
2030,sc01,08-19 18:00:00+02:00,CC NG 32,0.0
2030,sc01,08-19 18:00:00+02:00,CT NG 35,1.0
2030,sc01,08-19 18:00:00+02:00,ST NG 06,0.0
2030,sc01,08-19 18:00:00+02:00,CT Oil 01,0.0
2030,sc01,08-19 18:00:00+02:00,CT NG 67,0.0
2030,sc01,08-19 18:00:00+02:00,CT NG 72,0.0
2030,sc01,08-19 18:00:00+02:00,CT NG 66,0.0
2030,sc01,08-19 18:00:00+02:00,CT NG 71,0.0
2030,sc01,08-19 18:00:00+02:00,CC NG 07,0.0
2030,sc01,08-19 18:00:00+02:00,CT NG 69,0.0
2030,sc01,08-19 18:00:00+02:00,CT NG 07,0.0
2030,sc01,08-19 18:00:00+02:00,CT NG 45,0.0
2030,sc01,08-19 18:00:00+02:00,CC NG 03,0.0
2030,sc01,08-19 18:00:00+02:00,CC NG 13,0.0
2030,sc01,08-19 18:00:00+02:00,CT Oil 05,0.0
2030,sc01,08-19 18:00:00+02:00,CT NG 54,0.0
2030,sc01,08-19 18:00:00+02:00,ST Coal 01,0.0
2030,sc01,08-19 18:00:00+02:00,CC NG 16,0.0
2030,sc01,08-19 18:00:00+02:00,CT NG 73,0.0
2030,sc01,08-19 18:00:00+02:00,CC NG 09,0.0
2030,sc01,08-19 18:00:00+02:00,CT NG 03,0.0
2030,sc01,08-19 18:00:00+02:00,CT NG 28,0.0
2030,sc01,08-19 18:00:00+02:00,CT NG 11,0.0
2030,sc01,08-19 18:00:00+02:00,CT NG 08,0.0
2030,sc01,08-19 18:00:00+02:00,CT Oil 02,0.0
2030,sc01,08-19 18:00:00+02:00,CC NG 25,0.0
2030,sc01,08-19 18:00:00+02:00,CC NG 22,0.0
2030,sc01,08-19 18:00:00+02:00,CT NG 56,0.0
2030,sc01,08-19 18:00:00+02:00,CT NG 34,1.0
2030,sc01,08-19 18:00:00+02:00,ST NG 05,0.0
2030,sc01,08-19 18:00:00+02:00,CT NG 44,0.0
2030,sc01,08-19 18:00:00+02:00,CT NG 47,0.0
2030,sc01,08-19 18:00:00+02:00,CC NG 15,0.0
2030,sc01,08-19 18:00:00+02:00,CC NG 14,0.0
2030,sc01,08-19 18:00:00+02:00,CT NG 42,0.0
2030,sc01,08-19 18:00:00+02:00,ST NG 07,0.0
2030,sc01,08-19 18:00:00+02:00,CC NG 36,0.0
2030,sc01,08-19 18:00:00+02:00,CT NG 15,0.0
2030,sc01,08-19 18:00:00+02:00,CT NG 41,0.0
2030,sc01,08-19 18:00:00+02:00,CC NG 23,0.0
2030,sc01,08-19 18:00:00+02:00,CT NG 49,0.0
2030,sc01,08-19 18:00:00+02:00,CC NG 26,0.0
2030,sc01,08-19 18:00:00+02:00,CC NG 12,0.0
2030,sc01,08-19 18:00:00+02:00,CT NG 05,0.0
2030,sc01,08-19 18:00:00+02:00,CC NG 40,0.0
2030,sc01,08-19 18:00:00+02:00,CT NG 50,0.0
2030,sc01,08-19 18:00:00+02:00,CT NG 68,0.0
2030,sc01,08-19 18:00:00+02:00,CC NG 17,0.0
2030,sc01,08-19 18:00:00+02:00,CC NG 10,0.0
2030,sc01,08-19 18:00:00+02:00,CC NG 33,0.0
2030,sc01,08-19 18:00:00+02:00,CC NG 06,0.0
2030,sc01,08-19 18:00:00+02:00,CT NG 10,0.0
2030,sc01,08-19 18:00:00+02:00,CT NG 01,0.0
2030,sc01,08-19 18:00:00+02:00,CC NG 29,0.0
2030,sc01,08-19 18:00:00+02:00,CC NG 05,0.0
2030,sc01,08-19 18:00:00+02:00,CT NG 06,0.0
2030,sc01,08-19 18:00:00+02:00,CT NG 24,1.0
2030,sc01,08-19 18:00:00+02:00,CT NG 22,0.0
2030,sc01,08-19 18:00:00+02:00,CT NG 21,0.0
2030,sc01,08-19 18:00:00+02:00,CC NG 28,0.0
2030,sc01,08-19 18:00:00+02:00,CC NG 35,0.0
2030,sc01,08-19 18:00:00+02:00,CC NG 24,0.0
2030,sc01,08-19 18:00:00+02:00,CC NG 08,0.0
2030,sc01,08-19 18:00:00+02:00,ST NG 02,0.0
2030,sc01,08-19 18:00:00+02:00,CT NG 52,0.0
2030,sc01,08-19 18:00:00+02:00,CT NG 46,0.0
2030,sc01,08-19 18:00:00+02:00,CT NG 36,1.0
2030,sc01,08-19 18:00:00+02:00,CC NG 21,0.0
2030,sc01,08-19 18:00:00+02:00,ST NG 09,0.0
2030,sc01,08-19 18:00:00+02:00,ST NG 04,0.0
2030,sc01,08-19 18:00:00+02:00,CT NG 23,0.0
2030,sc01,08-19 18:00:00+02:00,CT NG 13,0.0
2030,sc01,08-19 18:00:00+02:00,CC NG 11,0.0
2030,sc01,08-19 18:00:00+02:00,CT NG 04,0.0
2030,sc01,08-19 18:00:00+02:00,CC NG 18,0.0
2030,sc01,08-19 18:00:00+02:00,CC NG 34,0.0
2030,sc01,08-19 18:00:00+02:00,CT Oil 04,0.0
2030,sc01,08-19 18:00:00+02:00,CT NG 74,0.0
2030,sc01,08-19 18:00:00+02:00,CT NG 55,0.0
2030,sc01,08-19 18:00:00+02:00,CT NG 75,0.0
2030,sc01,08-19 18:00:00+02:00,CC NG 01,0.0
2030,sc01,08-19 18:00:00+02:00,CC NG 39,0.0
2030,sc01,08-19 18:00:00+02:00,CT NG 09,0.0
2030,sc01,08-19 18:00:00+02:00,CC NG 31,1.0
2030,sc01,08-19 18:00:00+02:00,CT NG 14,0.0
2030,sc01,08-23 02:00:00+02:00,ST NG 03,0.0
2030,sc01,08-23 02:00:00+02:00,CC NG 37,1.0
2030,sc01,08-23 02:00:00+02:00,CT NG 48,0.0
2030,sc01,08-23 02:00:00+02:00,CT NG 16,0.0
2030,sc01,08-23 02:00:00+02:00,CT NG 25,0.0
2030,sc01,08-23 02:00:00+02:00,CT NG 53,0.0
2030,sc01,08-23 02:00:00+02:00,ST NG 08,0.0
2030,sc01,08-23 02:00:00+02:00,CT Oil 03,0.0
2030,sc01,08-23 02:00:00+02:00,CT NG 43,0.0
2030,sc01,08-23 02:00:00+02:00,CC NG 04,0.0
2030,sc01,08-23 02:00:00+02:00,ST Other 02,0.0
2030,sc01,08-23 02:00:00+02:00,CT NG 30,0.0
2030,sc01,08-23 02:00:00+02:00,CC NG 27,0.0
2030,sc01,08-23 02:00:00+02:00,CC NG 38,1.0
2030,sc01,08-23 02:00:00+02:00,CC NG 20,0.0
2030,sc01,08-23 02:00:00+02:00,CC NG 19,0.0
2030,sc01,08-23 02:00:00+02:00,CT NG 12,0.0
2030,sc01,08-23 02:00:00+02:00,CT NG 70,0.0
2030,sc01,08-23 02:00:00+02:00,ST NG 10,0.0
2030,sc01,08-23 02:00:00+02:00,CT NG 02,0.0
2030,sc01,08-23 02:00:00+02:00,CT NG 26,0.0
2030,sc01,08-23 02:00:00+02:00,ST NG 01,0.0
2030,sc01,08-23 02:00:00+02:00,CC NG 32,0.0
2030,sc01,08-23 02:00:00+02:00,CT NG 35,0.0
2030,sc01,08-23 02:00:00+02:00,ST NG 06,0.0
2030,sc01,08-23 02:00:00+02:00,CT Oil 01,0.0
2030,sc01,08-23 02:00:00+02:00,CT NG 67,0.0
2030,sc01,08-23 02:00:00+02:00,CT NG 72,0.0
2030,sc01,08-23 02:00:00+02:00,CT NG 66,0.0
2030,sc01,08-23 02:00:00+02:00,CT NG 71,0.0
2030,sc01,08-23 02:00:00+02:00,CC NG 07,0.0
2030,sc01,08-23 02:00:00+02:00,CT NG 69,0.0
2030,sc01,08-23 02:00:00+02:00,CT NG 07,0.0
2030,sc01,08-23 02:00:00+02:00,CT NG 45,0.0
2030,sc01,08-23 02:00:00+02:00,CC NG 03,0.0
2030,sc01,08-23 02:00:00+02:00,CC NG 13,0.0
2030,sc01,08-23 02:00:00+02:00,CT Oil 05,0.0
2030,sc01,08-23 02:00:00+02:00,CT NG 54,0.0
2030,sc01,08-23 02:00:00+02:00,ST Coal 01,0.0
2030,sc01,08-23 02:00:00+02:00,CC NG 16,0.0
2030,sc01,08-23 02:00:00+02:00,CT NG 73,0.0
2030,sc01,08-23 02:00:00+02:00,CC NG 09,0.0
2030,sc01,08-23 02:00:00+02:00,CT NG 03,0.0
2030,sc01,08-23 02:00:00+02:00,CT NG 28,0.0
2030,sc01,08-23 02:00:00+02:00,CT NG 11,0.0
2030,sc01,08-23 02:00:00+02:00,CT NG 08,0.0
2030,sc01,08-23 02:00:00+02:00,CT Oil 02,0.0
2030,sc01,08-23 02:00:00+02:00,CC NG 25,0.0
2030,sc01,08-23 02:00:00+02:00,CC NG 22,0.0
2030,sc01,08-23 02:00:00+02:00,CT NG 56,0.0
2030,sc01,08-23 02:00:00+02:00,CT NG 34,0.0
2030,sc01,08-23 02:00:00+02:00,ST NG 05,0.0
2030,sc01,08-23 02:00:00+02:00,CT NG 44,0.0
2030,sc01,08-23 02:00:00+02:00,CT NG 47,0.0
2030,sc01,08-23 02:00:00+02:00,CC NG 15,0.0
2030,sc01,08-23 02:00:00+02:00,CC NG 14,0.0
2030,sc01,08-23 02:00:00+02:00,CT NG 42,0.0
2030,sc01,08-23 02:00:00+02:00,ST NG 07,0.0
2030,sc01,08-23 02:00:00+02:00,CC NG 36,0.0
2030,sc01,08-23 02:00:00+02:00,CT NG 15,0.0
2030,sc01,08-23 02:00:00+02:00,CT NG 41,0.0
2030,sc01,08-23 02:00:00+02:00,CC NG 23,0.0
2030,sc01,08-23 02:00:00+02:00,CT NG 49,0.0
2030,sc01,08-23 02:00:00+02:00,CC NG 26,0.0
2030,sc01,08-23 02:00:00+02:00,CC NG 12,0.0
2030,sc01,08-23 02:00:00+02:00,CT NG 05,0.0
2030,sc01,08-23 02:00:00+02:00,CC NG 40,1.0
2030,sc01,08-23 02:00:00+02:00,CT NG 50,0.0
2030,sc01,08-23 02:00:00+02:00,CT NG 68,0.0
2030,sc01,08-23 02:00:00+02:00,CC NG 17,0.0
2030,sc01,08-23 02:00:00+02:00,CC NG 10,0.0
2030,sc01,08-23 02:00:00+02:00,CC NG 33,0.0
2030,sc01,08-23 02:00:00+02:00,CC NG 06,0.0
2030,sc01,08-23 02:00:00+02:00,CT NG 10,0.0
2030,sc01,08-23 02:00:00+02:00,CT NG 01,0.0
2030,sc01,08-23 02:00:00+02:00,CC NG 29,0.0
2030,sc01,08-23 02:00:00+02:00,CC NG 05,0.0
2030,sc01,08-23 02:00:00+02:00,CT NG 06,0.0
2030,sc01,08-23 02:00:00+02:00,CT NG 24,0.0
2030,sc01,08-23 02:00:00+02:00,CT NG 22,0.0
2030,sc01,08-23 02:00:00+02:00,CT NG 21,0.0
2030,sc01,08-23 02:00:00+02:00,CC NG 28,1.0
2030,sc01,08-23 02:00:00+02:00,CC NG 35,1.0
2030,sc01,08-23 02:00:00+02:00,CC NG 24,0.0
2030,sc01,08-23 02:00:00+02:00,CC NG 08,0.0
2030,sc01,08-23 02:00:00+02:00,ST NG 02,0.0
2030,sc01,08-23 02:00:00+02:00,CT NG 52,0.0
2030,sc01,08-23 02:00:00+02:00,CT NG 46,0.0
2030,sc01,08-23 02:00:00+02:00,CT NG 36,0.0
2030,sc01,08-23 02:00:00+02:00,CC NG 21,0.0
2030,sc01,08-23 02:00:00+02:00,ST NG 09,0.0
2030,sc01,08-23 02:00:00+02:00,ST NG 04,0.0
2030,sc01,08-23 02:00:00+02:00,CT NG 23,0.0
2030,sc01,08-23 02:00:00+02:00,CT NG 13,0.0
2030,sc01,08-23 02:00:00+02:00,CC NG 11,0.0
2030,sc01,08-23 02:00:00+02:00,CT NG 04,0.0
2030,sc01,08-23 02:00:00+02:00,CC NG 18,0.0
2030,sc01,08-23 02:00:00+02:00,CC NG 34,1.0
2030,sc01,08-23 02:00:00+02:00,CT Oil 04,0.0
2030,sc01,08-23 02:00:00+02:00,CT NG 74,0.0
2030,sc01,08-23 02:00:00+02:00,CT NG 55,0.0
2030,sc01,08-23 02:00:00+02:00,CT NG 75,0.0
2030,sc01,08-23 02:00:00+02:00,CC NG 01,0.0
2030,sc01,08-23 02:00:00+02:00,CC NG 39,0.0
2030,sc01,08-23 02:00:00+02:00,CT NG 09,0.0
2030,sc01,08-23 02:00:00+02:00,CC NG 31,0.45226406878431546
2030,sc01,08-23 02:00:00+02:00,CT NG 14,0.0
2030,sc01,08-28 11:00:00+02:00,ST NG 03,0.0
2030,sc01,08-28 11:00:00+02:00,CC NG 37,0.0
2030,sc01,08-28 11:00:00+02:00,CT NG 48,0.0
2030,sc01,08-28 11:00:00+02:00,CT NG 16,0.0
2030,sc01,08-28 11:00:00+02:00,CT NG 25,0.0
2030,sc01,08-28 11:00:00+02:00,CT NG 53,0.0
2030,sc01,08-28 11:00:00+02:00,ST NG 08,0.0
2030,sc01,08-28 11:00:00+02:00,CT Oil 03,0.0
2030,sc01,08-28 11:00:00+02:00,CT NG 43,0.0
2030,sc01,08-28 11:00:00+02:00,CC NG 04,0.0
2030,sc01,08-28 11:00:00+02:00,ST Other 02,0.0
2030,sc01,08-28 11:00:00+02:00,CT NG 30,0.0
2030,sc01,08-28 11:00:00+02:00,CC NG 27,0.0
2030,sc01,08-28 11:00:00+02:00,CC NG 38,0.0
2030,sc01,08-28 11:00:00+02:00,CC NG 20,0.0
2030,sc01,08-28 11:00:00+02:00,CC NG 19,0.0
2030,sc01,08-28 11:00:00+02:00,CT NG 12,0.0
2030,sc01,08-28 11:00:00+02:00,CT NG 70,0.0
2030,sc01,08-28 11:00:00+02:00,ST NG 10,0.0
2030,sc01,08-28 11:00:00+02:00,CT NG 02,0.0
2030,sc01,08-28 11:00:00+02:00,CT NG 26,0.0
2030,sc01,08-28 11:00:00+02:00,ST NG 01,0.0
2030,sc01,08-28 11:00:00+02:00,CC NG 32,0.0
2030,sc01,08-28 11:00:00+02:00,CT NG 35,0.0
2030,sc01,08-28 11:00:00+02:00,ST NG 06,0.0
2030,sc01,08-28 11:00:00+02:00,CT Oil 01,0.0
2030,sc01,08-28 11:00:00+02:00,CT NG 67,0.0
2030,sc01,08-28 11:00:00+02:00,CT NG 72,0.0
2030,sc01,08-28 11:00:00+02:00,CT NG 66,0.0
2030,sc01,08-28 11:00:00+02:00,CT NG 71,0.0
2030,sc01,08-28 11:00:00+02:00,CC NG 07,0.0
2030,sc01,08-28 11:00:00+02:00,CT NG 69,0.0
2030,sc01,08-28 11:00:00+02:00,CT NG 07,0.0
2030,sc01,08-28 11:00:00+02:00,CT NG 45,0.0
2030,sc01,08-28 11:00:00+02:00,CC NG 03,0.0
2030,sc01,08-28 11:00:00+02:00,CC NG 13,0.0
2030,sc01,08-28 11:00:00+02:00,CT Oil 05,0.0
2030,sc01,08-28 11:00:00+02:00,CT NG 54,0.0
2030,sc01,08-28 11:00:00+02:00,ST Coal 01,0.0
2030,sc01,08-28 11:00:00+02:00,CC NG 16,0.0
2030,sc01,08-28 11:00:00+02:00,CT NG 73,0.0
2030,sc01,08-28 11:00:00+02:00,CC NG 09,0.0
2030,sc01,08-28 11:00:00+02:00,CT NG 03,0.0
2030,sc01,08-28 11:00:00+02:00,CT NG 28,0.0
2030,sc01,08-28 11:00:00+02:00,CT NG 11,0.0
2030,sc01,08-28 11:00:00+02:00,CT NG 08,0.0
2030,sc01,08-28 11:00:00+02:00,CT Oil 02,0.0
2030,sc01,08-28 11:00:00+02:00,CC NG 25,0.0
2030,sc01,08-28 11:00:00+02:00,CC NG 22,0.0
2030,sc01,08-28 11:00:00+02:00,CT NG 56,0.0
2030,sc01,08-28 11:00:00+02:00,CT NG 34,0.0
2030,sc01,08-28 11:00:00+02:00,ST NG 05,0.0
2030,sc01,08-28 11:00:00+02:00,CT NG 44,0.0
2030,sc01,08-28 11:00:00+02:00,CT NG 47,0.0
2030,sc01,08-28 11:00:00+02:00,CC NG 15,0.0
2030,sc01,08-28 11:00:00+02:00,CC NG 14,0.0
2030,sc01,08-28 11:00:00+02:00,CT NG 42,0.0
2030,sc01,08-28 11:00:00+02:00,ST NG 07,0.0
2030,sc01,08-28 11:00:00+02:00,CC NG 36,0.0
2030,sc01,08-28 11:00:00+02:00,CT NG 15,0.0
2030,sc01,08-28 11:00:00+02:00,CT NG 41,0.0
2030,sc01,08-28 11:00:00+02:00,CC NG 23,0.0
2030,sc01,08-28 11:00:00+02:00,CT NG 49,0.0
2030,sc01,08-28 11:00:00+02:00,CC NG 26,0.0
2030,sc01,08-28 11:00:00+02:00,CC NG 12,0.0
2030,sc01,08-28 11:00:00+02:00,CT NG 05,0.0
2030,sc01,08-28 11:00:00+02:00,CC NG 40,0.0
2030,sc01,08-28 11:00:00+02:00,CT NG 50,0.0
2030,sc01,08-28 11:00:00+02:00,CT NG 68,0.0
2030,sc01,08-28 11:00:00+02:00,CC NG 17,0.0
2030,sc01,08-28 11:00:00+02:00,CC NG 10,0.0
2030,sc01,08-28 11:00:00+02:00,CC NG 33,0.0
2030,sc01,08-28 11:00:00+02:00,CC NG 06,0.0
2030,sc01,08-28 11:00:00+02:00,CT NG 10,0.0
2030,sc01,08-28 11:00:00+02:00,CT NG 01,0.0
2030,sc01,08-28 11:00:00+02:00,CC NG 29,0.0
2030,sc01,08-28 11:00:00+02:00,CC NG 05,0.0
2030,sc01,08-28 11:00:00+02:00,CT NG 06,0.0
2030,sc01,08-28 11:00:00+02:00,CT NG 24,0.0
2030,sc01,08-28 11:00:00+02:00,CT NG 22,0.0
2030,sc01,08-28 11:00:00+02:00,CT NG 21,0.0
2030,sc01,08-28 11:00:00+02:00,CC NG 28,0.0
2030,sc01,08-28 11:00:00+02:00,CC NG 35,0.0
2030,sc01,08-28 11:00:00+02:00,CC NG 24,0.9792845314324297
2030,sc01,08-28 11:00:00+02:00,CC NG 08,0.0
2030,sc01,08-28 11:00:00+02:00,ST NG 02,0.0
2030,sc01,08-28 11:00:00+02:00,CT NG 52,0.0
2030,sc01,08-28 11:00:00+02:00,CT NG 46,0.0
2030,sc01,08-28 11:00:00+02:00,CT NG 36,0.0
2030,sc01,08-28 11:00:00+02:00,CC NG 21,0.0
2030,sc01,08-28 11:00:00+02:00,ST NG 09,0.0
2030,sc01,08-28 11:00:00+02:00,ST NG 04,0.0
2030,sc01,08-28 11:00:00+02:00,CT NG 23,0.0
2030,sc01,08-28 11:00:00+02:00,CT NG 13,0.0
2030,sc01,08-28 11:00:00+02:00,CC NG 11,0.0
2030,sc01,08-28 11:00:00+02:00,CT NG 04,0.0
2030,sc01,08-28 11:00:00+02:00,CC NG 18,0.0
2030,sc01,08-28 11:00:00+02:00,CC NG 34,0.6606042601199789
2030,sc01,08-28 11:00:00+02:00,CT Oil 04,0.0
2030,sc01,08-28 11:00:00+02:00,CT NG 74,0.0
2030,sc01,08-28 11:00:00+02:00,CT NG 55,0.0
2030,sc01,08-28 11:00:00+02:00,CT NG 75,0.0
2030,sc01,08-28 11:00:00+02:00,CC NG 01,0.0
2030,sc01,08-28 11:00:00+02:00,CC NG 39,0.0
2030,sc01,08-28 11:00:00+02:00,CT NG 09,0.0
2030,sc01,08-28 11:00:00+02:00,CC NG 31,0.0
2030,sc01,08-28 11:00:00+02:00,CT NG 14,0.0
2030,sc01,09-02 08:00:00+02:00,ST NG 03,0.0
2030,sc01,09-02 08:00:00+02:00,CC NG 37,1.0
2030,sc01,09-02 08:00:00+02:00,CT NG 48,0.0
2030,sc01,09-02 08:00:00+02:00,CT NG 16,0.0
2030,sc01,09-02 08:00:00+02:00,CT NG 25,1.0
2030,sc01,09-02 08:00:00+02:00,CT NG 53,0.0
2030,sc01,09-02 08:00:00+02:00,ST NG 08,0.0
2030,sc01,09-02 08:00:00+02:00,CT Oil 03,0.0
2030,sc01,09-02 08:00:00+02:00,CT NG 43,0.0
2030,sc01,09-02 08:00:00+02:00,CC NG 04,0.0
2030,sc01,09-02 08:00:00+02:00,ST Other 02,0.0
2030,sc01,09-02 08:00:00+02:00,CT NG 30,0.0
2030,sc01,09-02 08:00:00+02:00,CC NG 27,0.0
2030,sc01,09-02 08:00:00+02:00,CC NG 38,1.0
2030,sc01,09-02 08:00:00+02:00,CC NG 20,0.0
2030,sc01,09-02 08:00:00+02:00,CC NG 19,0.0
2030,sc01,09-02 08:00:00+02:00,CT NG 12,0.0
2030,sc01,09-02 08:00:00+02:00,CT NG 70,0.0
2030,sc01,09-02 08:00:00+02:00,ST NG 10,1.0
2030,sc01,09-02 08:00:00+02:00,CT NG 02,0.0
2030,sc01,09-02 08:00:00+02:00,CT NG 26,1.0
2030,sc01,09-02 08:00:00+02:00,ST NG 01,1.0
2030,sc01,09-02 08:00:00+02:00,CC NG 32,0.0
2030,sc01,09-02 08:00:00+02:00,CT NG 35,1.0
2030,sc01,09-02 08:00:00+02:00,ST NG 06,0.0
2030,sc01,09-02 08:00:00+02:00,CT Oil 01,0.0
2030,sc01,09-02 08:00:00+02:00,CT NG 67,0.0
2030,sc01,09-02 08:00:00+02:00,CT NG 72,0.0
2030,sc01,09-02 08:00:00+02:00,CT NG 66,0.0
2030,sc01,09-02 08:00:00+02:00,CT NG 71,0.0
2030,sc01,09-02 08:00:00+02:00,CC NG 07,0.0
2030,sc01,09-02 08:00:00+02:00,CT NG 69,0.0
2030,sc01,09-02 08:00:00+02:00,CT NG 07,0.0
2030,sc01,09-02 08:00:00+02:00,CT NG 45,0.0
2030,sc01,09-02 08:00:00+02:00,CC NG 03,0.0
2030,sc01,09-02 08:00:00+02:00,CC NG 13,0.0
2030,sc01,09-02 08:00:00+02:00,CT Oil 05,0.0
2030,sc01,09-02 08:00:00+02:00,CT NG 54,0.0
2030,sc01,09-02 08:00:00+02:00,ST Coal 01,0.0
2030,sc01,09-02 08:00:00+02:00,CC NG 16,0.0
2030,sc01,09-02 08:00:00+02:00,CT NG 73,0.0
2030,sc01,09-02 08:00:00+02:00,CC NG 09,1.0
2030,sc01,09-02 08:00:00+02:00,CT NG 03,0.0
2030,sc01,09-02 08:00:00+02:00,CT NG 28,0.0
2030,sc01,09-02 08:00:00+02:00,CT NG 11,0.0
2030,sc01,09-02 08:00:00+02:00,CT NG 08,0.0
2030,sc01,09-02 08:00:00+02:00,CT Oil 02,0.0
2030,sc01,09-02 08:00:00+02:00,CC NG 25,0.0
2030,sc01,09-02 08:00:00+02:00,CC NG 22,0.0
2030,sc01,09-02 08:00:00+02:00,CT NG 56,0.0
2030,sc01,09-02 08:00:00+02:00,CT NG 34,1.0
2030,sc01,09-02 08:00:00+02:00,ST NG 05,1.0
2030,sc01,09-02 08:00:00+02:00,CT NG 44,0.0
2030,sc01,09-02 08:00:00+02:00,CT NG 47,0.0
2030,sc01,09-02 08:00:00+02:00,CC NG 15,0.0
2030,sc01,09-02 08:00:00+02:00,CC NG 14,1.0
2030,sc01,09-02 08:00:00+02:00,CT NG 42,0.0
2030,sc01,09-02 08:00:00+02:00,ST NG 07,0.0
2030,sc01,09-02 08:00:00+02:00,CC NG 36,0.0
2030,sc01,09-02 08:00:00+02:00,CT NG 15,0.0
2030,sc01,09-02 08:00:00+02:00,CT NG 41,0.45482769865154105
2030,sc01,09-02 08:00:00+02:00,CC NG 23,0.0
2030,sc01,09-02 08:00:00+02:00,CT NG 49,0.0
2030,sc01,09-02 08:00:00+02:00,CC NG 26,0.0
2030,sc01,09-02 08:00:00+02:00,CC NG 12,0.0
2030,sc01,09-02 08:00:00+02:00,CT NG 05,0.0
2030,sc01,09-02 08:00:00+02:00,CC NG 40,0.5267863521407492
2030,sc01,09-02 08:00:00+02:00,CT NG 50,0.0
2030,sc01,09-02 08:00:00+02:00,CT NG 68,0.0
2030,sc01,09-02 08:00:00+02:00,CC NG 17,0.0
2030,sc01,09-02 08:00:00+02:00,CC NG 10,0.0
2030,sc01,09-02 08:00:00+02:00,CC NG 33,0.0
2030,sc01,09-02 08:00:00+02:00,CC NG 06,0.0
2030,sc01,09-02 08:00:00+02:00,CT NG 10,0.0
2030,sc01,09-02 08:00:00+02:00,CT NG 01,0.0
2030,sc01,09-02 08:00:00+02:00,CC NG 29,1.0
2030,sc01,09-02 08:00:00+02:00,CC NG 05,1.0
2030,sc01,09-02 08:00:00+02:00,CT NG 06,0.0
2030,sc01,09-02 08:00:00+02:00,CT NG 24,1.0
2030,sc01,09-02 08:00:00+02:00,CT NG 22,0.0
2030,sc01,09-02 08:00:00+02:00,CT NG 21,0.0
2030,sc01,09-02 08:00:00+02:00,CC NG 28,1.0
2030,sc01,09-02 08:00:00+02:00,CC NG 35,0.0
2030,sc01,09-02 08:00:00+02:00,CC NG 24,0.020715468567570377
2030,sc01,09-02 08:00:00+02:00,CC NG 08,0.0
2030,sc01,09-02 08:00:00+02:00,ST NG 02,1.0
2030,sc01,09-02 08:00:00+02:00,CT NG 52,0.0
2030,sc01,09-02 08:00:00+02:00,CT NG 46,0.0
2030,sc01,09-02 08:00:00+02:00,CT NG 36,1.0
2030,sc01,09-02 08:00:00+02:00,CC NG 21,0.0
2030,sc01,09-02 08:00:00+02:00,ST NG 09,0.0
2030,sc01,09-02 08:00:00+02:00,ST NG 04,0.0
2030,sc01,09-02 08:00:00+02:00,CT NG 23,0.0
2030,sc01,09-02 08:00:00+02:00,CT NG 13,0.0
2030,sc01,09-02 08:00:00+02:00,CC NG 11,1.0
2030,sc01,09-02 08:00:00+02:00,CT NG 04,0.0
2030,sc01,09-02 08:00:00+02:00,CC NG 18,0.0
2030,sc01,09-02 08:00:00+02:00,CC NG 34,0.33939573988002114
2030,sc01,09-02 08:00:00+02:00,CT Oil 04,0.0
2030,sc01,09-02 08:00:00+02:00,CT NG 74,1.0
2030,sc01,09-02 08:00:00+02:00,CT NG 55,0.0
2030,sc01,09-02 08:00:00+02:00,CT NG 75,0.0
2030,sc01,09-02 08:00:00+02:00,CC NG 01,0.0
2030,sc01,09-02 08:00:00+02:00,CC NG 39,0.0
2030,sc01,09-02 08:00:00+02:00,CT NG 09,0.0
2030,sc01,09-02 08:00:00+02:00,CC NG 31,0.0
2030,sc01,09-02 08:00:00+02:00,CT NG 14,0.0
2030,sc01,09-24 10:00:00+02:00,ST NG 03,0.0
2030,sc01,09-24 10:00:00+02:00,CC NG 37,0.0
2030,sc01,09-24 10:00:00+02:00,CT NG 48,0.0
2030,sc01,09-24 10:00:00+02:00,CT NG 16,0.0
2030,sc01,09-24 10:00:00+02:00,CT NG 25,0.0
2030,sc01,09-24 10:00:00+02:00,CT NG 53,0.0
2030,sc01,09-24 10:00:00+02:00,ST NG 08,0.0
2030,sc01,09-24 10:00:00+02:00,CT Oil 03,0.0
2030,sc01,09-24 10:00:00+02:00,CT NG 43,0.0
2030,sc01,09-24 10:00:00+02:00,CC NG 04,0.0
2030,sc01,09-24 10:00:00+02:00,ST Other 02,0.0
2030,sc01,09-24 10:00:00+02:00,CT NG 30,0.0
2030,sc01,09-24 10:00:00+02:00,CC NG 27,0.0
2030,sc01,09-24 10:00:00+02:00,CC NG 38,0.0
2030,sc01,09-24 10:00:00+02:00,CC NG 20,0.0
2030,sc01,09-24 10:00:00+02:00,CC NG 19,0.0
2030,sc01,09-24 10:00:00+02:00,CT NG 12,0.0
2030,sc01,09-24 10:00:00+02:00,CT NG 70,0.0
2030,sc01,09-24 10:00:00+02:00,ST NG 10,0.0
2030,sc01,09-24 10:00:00+02:00,CT NG 02,0.0
2030,sc01,09-24 10:00:00+02:00,CT NG 26,0.0
2030,sc01,09-24 10:00:00+02:00,ST NG 01,0.0
2030,sc01,09-24 10:00:00+02:00,CC NG 32,0.0
2030,sc01,09-24 10:00:00+02:00,CT NG 35,0.0
2030,sc01,09-24 10:00:00+02:00,ST NG 06,0.0
2030,sc01,09-24 10:00:00+02:00,CT Oil 01,0.0
2030,sc01,09-24 10:00:00+02:00,CT NG 67,0.0
2030,sc01,09-24 10:00:00+02:00,CT NG 72,0.07223151524442074
2030,sc01,09-24 10:00:00+02:00,CT NG 66,0.0
2030,sc01,09-24 10:00:00+02:00,CT NG 71,0.0
2030,sc01,09-24 10:00:00+02:00,CC NG 07,0.0
2030,sc01,09-24 10:00:00+02:00,CT NG 69,0.0
2030,sc01,09-24 10:00:00+02:00,CT NG 07,0.0
2030,sc01,09-24 10:00:00+02:00,CT NG 45,0.0
2030,sc01,09-24 10:00:00+02:00,CC NG 03,0.0
2030,sc01,09-24 10:00:00+02:00,CC NG 13,0.0
2030,sc01,09-24 10:00:00+02:00,CT Oil 05,0.0
2030,sc01,09-24 10:00:00+02:00,CT NG 54,0.0
2030,sc01,09-24 10:00:00+02:00,ST Coal 01,0.0
2030,sc01,09-24 10:00:00+02:00,CC NG 16,0.0
2030,sc01,09-24 10:00:00+02:00,CT NG 73,0.0
2030,sc01,09-24 10:00:00+02:00,CC NG 09,0.0
2030,sc01,09-24 10:00:00+02:00,CT NG 03,0.0
2030,sc01,09-24 10:00:00+02:00,CT NG 28,0.0
2030,sc01,09-24 10:00:00+02:00,CT NG 11,0.0
2030,sc01,09-24 10:00:00+02:00,CT NG 08,0.0
2030,sc01,09-24 10:00:00+02:00,CT Oil 02,0.0
2030,sc01,09-24 10:00:00+02:00,CC NG 25,0.0
2030,sc01,09-24 10:00:00+02:00,CC NG 22,0.0
2030,sc01,09-24 10:00:00+02:00,CT NG 56,0.0
2030,sc01,09-24 10:00:00+02:00,CT NG 34,0.0
2030,sc01,09-24 10:00:00+02:00,ST NG 05,0.0
2030,sc01,09-24 10:00:00+02:00,CT NG 44,0.0
2030,sc01,09-24 10:00:00+02:00,CT NG 47,0.0
2030,sc01,09-24 10:00:00+02:00,CC NG 15,0.0
2030,sc01,09-24 10:00:00+02:00,CC NG 14,0.0
2030,sc01,09-24 10:00:00+02:00,CT NG 42,0.0
2030,sc01,09-24 10:00:00+02:00,ST NG 07,0.0
2030,sc01,09-24 10:00:00+02:00,CC NG 36,0.0
2030,sc01,09-24 10:00:00+02:00,CT NG 15,0.0
2030,sc01,09-24 10:00:00+02:00,CT NG 41,0.0
2030,sc01,09-24 10:00:00+02:00,CC NG 23,0.0
2030,sc01,09-24 10:00:00+02:00,CT NG 49,0.0
2030,sc01,09-24 10:00:00+02:00,CC NG 26,0.0
2030,sc01,09-24 10:00:00+02:00,CC NG 12,0.0
2030,sc01,09-24 10:00:00+02:00,CT NG 05,0.0
2030,sc01,09-24 10:00:00+02:00,CC NG 40,0.47321364785925085
2030,sc01,09-24 10:00:00+02:00,CT NG 50,0.0
2030,sc01,09-24 10:00:00+02:00,CT NG 68,0.0
2030,sc01,09-24 10:00:00+02:00,CC NG 17,0.0
2030,sc01,09-24 10:00:00+02:00,CC NG 10,0.0
2030,sc01,09-24 10:00:00+02:00,CC NG 33,0.0
2030,sc01,09-24 10:00:00+02:00,CC NG 06,0.0
2030,sc01,09-24 10:00:00+02:00,CT NG 10,0.0
2030,sc01,09-24 10:00:00+02:00,CT NG 01,0.0
2030,sc01,09-24 10:00:00+02:00,CC NG 29,0.0
2030,sc01,09-24 10:00:00+02:00,CC NG 05,0.0
2030,sc01,09-24 10:00:00+02:00,CT NG 06,0.0
2030,sc01,09-24 10:00:00+02:00,CT NG 24,0.0
2030,sc01,09-24 10:00:00+02:00,CT NG 22,0.0
2030,sc01,09-24 10:00:00+02:00,CT NG 21,0.0
2030,sc01,09-24 10:00:00+02:00,CC NG 28,0.0
2030,sc01,09-24 10:00:00+02:00,CC NG 35,0.0
2030,sc01,09-24 10:00:00+02:00,CC NG 24,0.0
2030,sc01,09-24 10:00:00+02:00,CC NG 08,1.0
2030,sc01,09-24 10:00:00+02:00,ST NG 02,0.0
2030,sc01,09-24 10:00:00+02:00,CT NG 52,0.0
2030,sc01,09-24 10:00:00+02:00,CT NG 46,0.0
2030,sc01,09-24 10:00:00+02:00,CT NG 36,0.0
2030,sc01,09-24 10:00:00+02:00,CC NG 21,0.0
2030,sc01,09-24 10:00:00+02:00,ST NG 09,0.0
2030,sc01,09-24 10:00:00+02:00,ST NG 04,0.0
2030,sc01,09-24 10:00:00+02:00,CT NG 23,0.0
2030,sc01,09-24 10:00:00+02:00,CT NG 13,0.0
2030,sc01,09-24 10:00:00+02:00,CC NG 11,0.9435732925134207
2030,sc01,09-24 10:00:00+02:00,CT NG 04,0.0
2030,sc01,09-24 10:00:00+02:00,CC NG 18,0.0
2030,sc01,09-24 10:00:00+02:00,CC NG 34,0.6185073994482191
2030,sc01,09-24 10:00:00+02:00,CT Oil 04,0.0
2030,sc01,09-24 10:00:00+02:00,CT NG 74,0.0
2030,sc01,09-24 10:00:00+02:00,CT NG 55,0.0
2030,sc01,09-24 10:00:00+02:00,CT NG 75,0.0
2030,sc01,09-24 10:00:00+02:00,CC NG 01,0.0
2030,sc01,09-24 10:00:00+02:00,CC NG 39,0.0
2030,sc01,09-24 10:00:00+02:00,CT NG 09,0.0
2030,sc01,09-24 10:00:00+02:00,CC NG 31,0.0
2030,sc01,09-24 10:00:00+02:00,CT NG 14,0.0
2030,sc01,09-28 10:00:00+02:00,ST NG 03,0.0
2030,sc01,09-28 10:00:00+02:00,CC NG 37,1.0
2030,sc01,09-28 10:00:00+02:00,CT NG 48,0.0
2030,sc01,09-28 10:00:00+02:00,CT NG 16,0.0
2030,sc01,09-28 10:00:00+02:00,CT NG 25,0.0
2030,sc01,09-28 10:00:00+02:00,CT NG 53,0.0
2030,sc01,09-28 10:00:00+02:00,ST NG 08,0.0
2030,sc01,09-28 10:00:00+02:00,CT Oil 03,0.0
2030,sc01,09-28 10:00:00+02:00,CT NG 43,0.0
2030,sc01,09-28 10:00:00+02:00,CC NG 04,0.0
2030,sc01,09-28 10:00:00+02:00,ST Other 02,0.0
2030,sc01,09-28 10:00:00+02:00,CT NG 30,0.0
2030,sc01,09-28 10:00:00+02:00,CC NG 27,0.0
2030,sc01,09-28 10:00:00+02:00,CC NG 38,1.0
2030,sc01,09-28 10:00:00+02:00,CC NG 20,0.0
2030,sc01,09-28 10:00:00+02:00,CC NG 19,0.0
2030,sc01,09-28 10:00:00+02:00,CT NG 12,0.0
2030,sc01,09-28 10:00:00+02:00,CT NG 70,0.0
2030,sc01,09-28 10:00:00+02:00,ST NG 10,0.0
2030,sc01,09-28 10:00:00+02:00,CT NG 02,0.0
2030,sc01,09-28 10:00:00+02:00,CT NG 26,0.0
2030,sc01,09-28 10:00:00+02:00,ST NG 01,0.0
2030,sc01,09-28 10:00:00+02:00,CC NG 32,0.0
2030,sc01,09-28 10:00:00+02:00,CT NG 35,1.0
2030,sc01,09-28 10:00:00+02:00,ST NG 06,0.0
2030,sc01,09-28 10:00:00+02:00,CT Oil 01,0.0
2030,sc01,09-28 10:00:00+02:00,CT NG 67,0.0
2030,sc01,09-28 10:00:00+02:00,CT NG 72,0.0
2030,sc01,09-28 10:00:00+02:00,CT NG 66,0.0
2030,sc01,09-28 10:00:00+02:00,CT NG 71,0.0
2030,sc01,09-28 10:00:00+02:00,CC NG 07,0.0
2030,sc01,09-28 10:00:00+02:00,CT NG 69,0.0
2030,sc01,09-28 10:00:00+02:00,CT NG 07,0.0
2030,sc01,09-28 10:00:00+02:00,CT NG 45,0.0
2030,sc01,09-28 10:00:00+02:00,CC NG 03,0.0
2030,sc01,09-28 10:00:00+02:00,CC NG 13,0.0
2030,sc01,09-28 10:00:00+02:00,CT Oil 05,0.0
2030,sc01,09-28 10:00:00+02:00,CT NG 54,0.0
2030,sc01,09-28 10:00:00+02:00,ST Coal 01,0.0
2030,sc01,09-28 10:00:00+02:00,CC NG 16,0.0
2030,sc01,09-28 10:00:00+02:00,CT NG 73,0.0
2030,sc01,09-28 10:00:00+02:00,CC NG 09,0.0
2030,sc01,09-28 10:00:00+02:00,CT NG 03,0.0
2030,sc01,09-28 10:00:00+02:00,CT NG 28,0.0
2030,sc01,09-28 10:00:00+02:00,CT NG 11,0.0
2030,sc01,09-28 10:00:00+02:00,CT NG 08,0.0
2030,sc01,09-28 10:00:00+02:00,CT Oil 02,0.0
2030,sc01,09-28 10:00:00+02:00,CC NG 25,0.0
2030,sc01,09-28 10:00:00+02:00,CC NG 22,0.0
2030,sc01,09-28 10:00:00+02:00,CT NG 56,0.0
2030,sc01,09-28 10:00:00+02:00,CT NG 34,1.0
2030,sc01,09-28 10:00:00+02:00,ST NG 05,0.0
2030,sc01,09-28 10:00:00+02:00,CT NG 44,0.0
2030,sc01,09-28 10:00:00+02:00,CT NG 47,0.0
2030,sc01,09-28 10:00:00+02:00,CC NG 15,0.0
2030,sc01,09-28 10:00:00+02:00,CC NG 14,0.0
2030,sc01,09-28 10:00:00+02:00,CT NG 42,0.0
2030,sc01,09-28 10:00:00+02:00,ST NG 07,0.0
2030,sc01,09-28 10:00:00+02:00,CC NG 36,0.0
2030,sc01,09-28 10:00:00+02:00,CT NG 15,0.0
2030,sc01,09-28 10:00:00+02:00,CT NG 41,0.0
2030,sc01,09-28 10:00:00+02:00,CC NG 23,0.0
2030,sc01,09-28 10:00:00+02:00,CT NG 49,0.0
2030,sc01,09-28 10:00:00+02:00,CC NG 26,0.0
2030,sc01,09-28 10:00:00+02:00,CC NG 12,0.0
2030,sc01,09-28 10:00:00+02:00,CT NG 05,0.0
2030,sc01,09-28 10:00:00+02:00,CC NG 40,1.0
2030,sc01,09-28 10:00:00+02:00,CT NG 50,0.0
2030,sc01,09-28 10:00:00+02:00,CT NG 68,0.0
2030,sc01,09-28 10:00:00+02:00,CC NG 17,0.0
2030,sc01,09-28 10:00:00+02:00,CC NG 10,0.0
2030,sc01,09-28 10:00:00+02:00,CC NG 33,0.0
2030,sc01,09-28 10:00:00+02:00,CC NG 06,0.0
2030,sc01,09-28 10:00:00+02:00,CT NG 10,0.0
2030,sc01,09-28 10:00:00+02:00,CT NG 01,0.0
2030,sc01,09-28 10:00:00+02:00,CC NG 29,0.0
2030,sc01,09-28 10:00:00+02:00,CC NG 05,0.0
2030,sc01,09-28 10:00:00+02:00,CT NG 06,0.0
2030,sc01,09-28 10:00:00+02:00,CT NG 24,0.0
2030,sc01,09-28 10:00:00+02:00,CT NG 22,0.0
2030,sc01,09-28 10:00:00+02:00,CT NG 21,0.0
2030,sc01,09-28 10:00:00+02:00,CC NG 28,1.0
2030,sc01,09-28 10:00:00+02:00,CC NG 35,1.0
2030,sc01,09-28 10:00:00+02:00,CC NG 24,0.0
2030,sc01,09-28 10:00:00+02:00,CC NG 08,0.0
2030,sc01,09-28 10:00:00+02:00,ST NG 02,0.0
2030,sc01,09-28 10:00:00+02:00,CT NG 52,0.0
2030,sc01,09-28 10:00:00+02:00,CT NG 46,0.0
2030,sc01,09-28 10:00:00+02:00,CT NG 36,1.0
2030,sc01,09-28 10:00:00+02:00,CC NG 21,0.0
2030,sc01,09-28 10:00:00+02:00,ST NG 09,0.0
2030,sc01,09-28 10:00:00+02:00,ST NG 04,0.0
2030,sc01,09-28 10:00:00+02:00,CT NG 23,0.0
2030,sc01,09-28 10:00:00+02:00,CT NG 13,0.0
2030,sc01,09-28 10:00:00+02:00,CC NG 11,0.05642670748657926
2030,sc01,09-28 10:00:00+02:00,CT NG 04,0.0
2030,sc01,09-28 10:00:00+02:00,CC NG 18,0.0
2030,sc01,09-28 10:00:00+02:00,CC NG 34,0.38149260055178097
2030,sc01,09-28 10:00:00+02:00,CT Oil 04,0.0
2030,sc01,09-28 10:00:00+02:00,CT NG 74,0.0
2030,sc01,09-28 10:00:00+02:00,CT NG 55,0.0
2030,sc01,09-28 10:00:00+02:00,CT NG 75,0.0
2030,sc01,09-28 10:00:00+02:00,CC NG 01,0.0
2030,sc01,09-28 10:00:00+02:00,CC NG 39,0.0
2030,sc01,09-28 10:00:00+02:00,CT NG 09,0.0
2030,sc01,09-28 10:00:00+02:00,CC NG 31,1.0
2030,sc01,09-28 10:00:00+02:00,CT NG 14,0.0
2030,sc01,10-15 03:00:00+02:00,ST NG 03,0.0
2030,sc01,10-15 03:00:00+02:00,CC NG 37,0.0
2030,sc01,10-15 03:00:00+02:00,CT NG 48,0.0
2030,sc01,10-15 03:00:00+02:00,CT NG 16,0.0
2030,sc01,10-15 03:00:00+02:00,CT NG 25,0.0
2030,sc01,10-15 03:00:00+02:00,CT NG 53,0.0
2030,sc01,10-15 03:00:00+02:00,ST NG 08,0.0
2030,sc01,10-15 03:00:00+02:00,CT Oil 03,0.0
2030,sc01,10-15 03:00:00+02:00,CT NG 43,0.0
2030,sc01,10-15 03:00:00+02:00,CC NG 04,0.0
2030,sc01,10-15 03:00:00+02:00,ST Other 02,0.0
2030,sc01,10-15 03:00:00+02:00,CT NG 30,0.0
2030,sc01,10-15 03:00:00+02:00,CC NG 27,0.0
2030,sc01,10-15 03:00:00+02:00,CC NG 38,0.0
2030,sc01,10-15 03:00:00+02:00,CC NG 20,0.0
2030,sc01,10-15 03:00:00+02:00,CC NG 19,0.0
2030,sc01,10-15 03:00:00+02:00,CT NG 12,0.0
2030,sc01,10-15 03:00:00+02:00,CT NG 70,0.0
2030,sc01,10-15 03:00:00+02:00,ST NG 10,0.0
2030,sc01,10-15 03:00:00+02:00,CT NG 02,0.0
2030,sc01,10-15 03:00:00+02:00,CT NG 26,0.0
2030,sc01,10-15 03:00:00+02:00,ST NG 01,0.0
2030,sc01,10-15 03:00:00+02:00,CC NG 32,0.0
2030,sc01,10-15 03:00:00+02:00,CT NG 35,0.0
2030,sc01,10-15 03:00:00+02:00,ST NG 06,0.0
2030,sc01,10-15 03:00:00+02:00,CT Oil 01,0.0
2030,sc01,10-15 03:00:00+02:00,CT NG 67,0.0
2030,sc01,10-15 03:00:00+02:00,CT NG 72,0.0
2030,sc01,10-15 03:00:00+02:00,CT NG 66,0.0
2030,sc01,10-15 03:00:00+02:00,CT NG 71,0.0
2030,sc01,10-15 03:00:00+02:00,CC NG 07,0.0
2030,sc01,10-15 03:00:00+02:00,CT NG 69,0.0
2030,sc01,10-15 03:00:00+02:00,CT NG 07,0.0
2030,sc01,10-15 03:00:00+02:00,CT NG 45,0.0
2030,sc01,10-15 03:00:00+02:00,CC NG 03,0.0
2030,sc01,10-15 03:00:00+02:00,CC NG 13,0.0
2030,sc01,10-15 03:00:00+02:00,CT Oil 05,0.0
2030,sc01,10-15 03:00:00+02:00,CT NG 54,0.0
2030,sc01,10-15 03:00:00+02:00,ST Coal 01,0.0
2030,sc01,10-15 03:00:00+02:00,CC NG 16,0.0
2030,sc01,10-15 03:00:00+02:00,CT NG 73,0.0
2030,sc01,10-15 03:00:00+02:00,CC NG 09,0.0
2030,sc01,10-15 03:00:00+02:00,CT NG 03,0.0
2030,sc01,10-15 03:00:00+02:00,CT NG 28,0.0
2030,sc01,10-15 03:00:00+02:00,CT NG 11,0.0
2030,sc01,10-15 03:00:00+02:00,CT NG 08,0.0
2030,sc01,10-15 03:00:00+02:00,CT Oil 02,0.0
2030,sc01,10-15 03:00:00+02:00,CC NG 25,0.0
2030,sc01,10-15 03:00:00+02:00,CC NG 22,0.0
2030,sc01,10-15 03:00:00+02:00,CT NG 56,0.0
2030,sc01,10-15 03:00:00+02:00,CT NG 34,0.0
2030,sc01,10-15 03:00:00+02:00,ST NG 05,0.0
2030,sc01,10-15 03:00:00+02:00,CT NG 44,0.0
2030,sc01,10-15 03:00:00+02:00,CT NG 47,0.0
2030,sc01,10-15 03:00:00+02:00,CC NG 15,0.0
2030,sc01,10-15 03:00:00+02:00,CC NG 14,0.0
2030,sc01,10-15 03:00:00+02:00,CT NG 42,0.0
2030,sc01,10-15 03:00:00+02:00,ST NG 07,0.0
2030,sc01,10-15 03:00:00+02:00,CC NG 36,0.0
2030,sc01,10-15 03:00:00+02:00,CT NG 15,0.0
2030,sc01,10-15 03:00:00+02:00,CT NG 41,0.0
2030,sc01,10-15 03:00:00+02:00,CC NG 23,0.0
2030,sc01,10-15 03:00:00+02:00,CT NG 49,0.0
2030,sc01,10-15 03:00:00+02:00,CC NG 26,0.0
2030,sc01,10-15 03:00:00+02:00,CC NG 12,0.0
2030,sc01,10-15 03:00:00+02:00,CT NG 05,0.0
2030,sc01,10-15 03:00:00+02:00,CC NG 40,0.0
2030,sc01,10-15 03:00:00+02:00,CT NG 50,0.0
2030,sc01,10-15 03:00:00+02:00,CT NG 68,0.0
2030,sc01,10-15 03:00:00+02:00,CC NG 17,0.0
2030,sc01,10-15 03:00:00+02:00,CC NG 10,0.0
2030,sc01,10-15 03:00:00+02:00,CC NG 33,0.0
2030,sc01,10-15 03:00:00+02:00,CC NG 06,0.0
2030,sc01,10-15 03:00:00+02:00,CT NG 10,0.0
2030,sc01,10-15 03:00:00+02:00,CT NG 01,0.0
2030,sc01,10-15 03:00:00+02:00,CC NG 29,0.0
2030,sc01,10-15 03:00:00+02:00,CC NG 05,0.0
2030,sc01,10-15 03:00:00+02:00,CT NG 06,0.0
2030,sc01,10-15 03:00:00+02:00,CT NG 24,0.0
2030,sc01,10-15 03:00:00+02:00,CT NG 22,0.0
2030,sc01,10-15 03:00:00+02:00,CT NG 21,0.0
2030,sc01,10-15 03:00:00+02:00,CC NG 28,0.0
2030,sc01,10-15 03:00:00+02:00,CC NG 35,0.0
2030,sc01,10-15 03:00:00+02:00,CC NG 24,0.0
2030,sc01,10-15 03:00:00+02:00,CC NG 08,0.0
2030,sc01,10-15 03:00:00+02:00,ST NG 02,0.0
2030,sc01,10-15 03:00:00+02:00,CT NG 52,0.0
2030,sc01,10-15 03:00:00+02:00,CT NG 46,0.0
2030,sc01,10-15 03:00:00+02:00,CT NG 36,0.0
2030,sc01,10-15 03:00:00+02:00,CC NG 21,0.0
2030,sc01,10-15 03:00:00+02:00,ST NG 09,0.0
2030,sc01,10-15 03:00:00+02:00,ST NG 04,0.0
2030,sc01,10-15 03:00:00+02:00,CT NG 23,0.0
2030,sc01,10-15 03:00:00+02:00,CT NG 13,0.0
2030,sc01,10-15 03:00:00+02:00,CC NG 11,0.0
2030,sc01,10-15 03:00:00+02:00,CT NG 04,0.0
2030,sc01,10-15 03:00:00+02:00,CC NG 18,0.0
2030,sc01,10-15 03:00:00+02:00,CC NG 34,0.0
2030,sc01,10-15 03:00:00+02:00,CT Oil 04,0.0
2030,sc01,10-15 03:00:00+02:00,CT NG 74,0.0
2030,sc01,10-15 03:00:00+02:00,CT NG 55,0.0
2030,sc01,10-15 03:00:00+02:00,CT NG 75,0.0
2030,sc01,10-15 03:00:00+02:00,CC NG 01,0.0
2030,sc01,10-15 03:00:00+02:00,CC NG 39,0.0
2030,sc01,10-15 03:00:00+02:00,CT NG 09,0.0
2030,sc01,10-15 03:00:00+02:00,CC NG 31,0.0
2030,sc01,10-15 03:00:00+02:00,CT NG 14,0.0
2030,sc01,10-25 17:00:00+02:00,ST NG 03,0.0
2030,sc01,10-25 17:00:00+02:00,CC NG 37,0.0
2030,sc01,10-25 17:00:00+02:00,CT NG 48,0.0
2030,sc01,10-25 17:00:00+02:00,CT NG 16,0.0
2030,sc01,10-25 17:00:00+02:00,CT NG 25,0.0
2030,sc01,10-25 17:00:00+02:00,CT NG 53,0.0
2030,sc01,10-25 17:00:00+02:00,ST NG 08,0.0
2030,sc01,10-25 17:00:00+02:00,CT Oil 03,0.0
2030,sc01,10-25 17:00:00+02:00,CT NG 43,0.0
2030,sc01,10-25 17:00:00+02:00,CC NG 04,0.0
2030,sc01,10-25 17:00:00+02:00,ST Other 02,0.0
2030,sc01,10-25 17:00:00+02:00,CT NG 30,0.0
2030,sc01,10-25 17:00:00+02:00,CC NG 27,0.0
2030,sc01,10-25 17:00:00+02:00,CC NG 38,0.0
2030,sc01,10-25 17:00:00+02:00,CC NG 20,0.0
2030,sc01,10-25 17:00:00+02:00,CC NG 19,0.0
2030,sc01,10-25 17:00:00+02:00,CT NG 12,0.0
2030,sc01,10-25 17:00:00+02:00,CT NG 70,0.0
2030,sc01,10-25 17:00:00+02:00,ST NG 10,0.0
2030,sc01,10-25 17:00:00+02:00,CT NG 02,0.0
2030,sc01,10-25 17:00:00+02:00,CT NG 26,0.0
2030,sc01,10-25 17:00:00+02:00,ST NG 01,0.0
2030,sc01,10-25 17:00:00+02:00,CC NG 32,0.0
2030,sc01,10-25 17:00:00+02:00,CT NG 35,0.0
2030,sc01,10-25 17:00:00+02:00,ST NG 06,0.0
2030,sc01,10-25 17:00:00+02:00,CT Oil 01,0.0
2030,sc01,10-25 17:00:00+02:00,CT NG 67,0.0
2030,sc01,10-25 17:00:00+02:00,CT NG 72,0.0
2030,sc01,10-25 17:00:00+02:00,CT NG 66,0.0
2030,sc01,10-25 17:00:00+02:00,CT NG 71,0.0
2030,sc01,10-25 17:00:00+02:00,CC NG 07,0.0
2030,sc01,10-25 17:00:00+02:00,CT NG 69,0.0
2030,sc01,10-25 17:00:00+02:00,CT NG 07,0.0
2030,sc01,10-25 17:00:00+02:00,CT NG 45,0.0
2030,sc01,10-25 17:00:00+02:00,CC NG 03,0.0
2030,sc01,10-25 17:00:00+02:00,CC NG 13,0.0
2030,sc01,10-25 17:00:00+02:00,CT Oil 05,0.0
2030,sc01,10-25 17:00:00+02:00,CT NG 54,0.0
2030,sc01,10-25 17:00:00+02:00,ST Coal 01,0.0
2030,sc01,10-25 17:00:00+02:00,CC NG 16,0.9590188243277216
2030,sc01,10-25 17:00:00+02:00,CT NG 73,0.0
2030,sc01,10-25 17:00:00+02:00,CC NG 09,0.0
2030,sc01,10-25 17:00:00+02:00,CT NG 03,0.0
2030,sc01,10-25 17:00:00+02:00,CT NG 28,0.0
2030,sc01,10-25 17:00:00+02:00,CT NG 11,0.0
2030,sc01,10-25 17:00:00+02:00,CT NG 08,0.0
2030,sc01,10-25 17:00:00+02:00,CT Oil 02,0.0
2030,sc01,10-25 17:00:00+02:00,CC NG 25,0.0
2030,sc01,10-25 17:00:00+02:00,CC NG 22,0.9288420162132107
2030,sc01,10-25 17:00:00+02:00,CT NG 56,0.0
2030,sc01,10-25 17:00:00+02:00,CT NG 34,0.0
2030,sc01,10-25 17:00:00+02:00,ST NG 05,0.0
2030,sc01,10-25 17:00:00+02:00,CT NG 44,0.0
2030,sc01,10-25 17:00:00+02:00,CT NG 47,0.0
2030,sc01,10-25 17:00:00+02:00,CC NG 15,0.0
2030,sc01,10-25 17:00:00+02:00,CC NG 14,0.0
2030,sc01,10-25 17:00:00+02:00,CT NG 42,0.0
2030,sc01,10-25 17:00:00+02:00,ST NG 07,0.0
2030,sc01,10-25 17:00:00+02:00,CC NG 36,0.0
2030,sc01,10-25 17:00:00+02:00,CT NG 15,0.0
2030,sc01,10-25 17:00:00+02:00,CT NG 41,0.0
2030,sc01,10-25 17:00:00+02:00,CC NG 23,0.0
2030,sc01,10-25 17:00:00+02:00,CT NG 49,0.0
2030,sc01,10-25 17:00:00+02:00,CC NG 26,0.0
2030,sc01,10-25 17:00:00+02:00,CC NG 12,0.0
2030,sc01,10-25 17:00:00+02:00,CT NG 05,0.0
2030,sc01,10-25 17:00:00+02:00,CC NG 40,0.0
2030,sc01,10-25 17:00:00+02:00,CT NG 50,0.0
2030,sc01,10-25 17:00:00+02:00,CT NG 68,0.0
2030,sc01,10-25 17:00:00+02:00,CC NG 17,0.0
2030,sc01,10-25 17:00:00+02:00,CC NG 10,0.0
2030,sc01,10-25 17:00:00+02:00,CC NG 33,0.0
2030,sc01,10-25 17:00:00+02:00,CC NG 06,0.0
2030,sc01,10-25 17:00:00+02:00,CT NG 10,0.0
2030,sc01,10-25 17:00:00+02:00,CT NG 01,0.0
2030,sc01,10-25 17:00:00+02:00,CC NG 29,0.0
2030,sc01,10-25 17:00:00+02:00,CC NG 05,0.0
2030,sc01,10-25 17:00:00+02:00,CT NG 06,0.0
2030,sc01,10-25 17:00:00+02:00,CT NG 24,0.0
2030,sc01,10-25 17:00:00+02:00,CT NG 22,0.0
2030,sc01,10-25 17:00:00+02:00,CT NG 21,0.0
2030,sc01,10-25 17:00:00+02:00,CC NG 28,0.0
2030,sc01,10-25 17:00:00+02:00,CC NG 35,0.0
2030,sc01,10-25 17:00:00+02:00,CC NG 24,0.0
2030,sc01,10-25 17:00:00+02:00,CC NG 08,0.0
2030,sc01,10-25 17:00:00+02:00,ST NG 02,0.0
2030,sc01,10-25 17:00:00+02:00,CT NG 52,0.0
2030,sc01,10-25 17:00:00+02:00,CT NG 46,0.0
2030,sc01,10-25 17:00:00+02:00,CT NG 36,0.0
2030,sc01,10-25 17:00:00+02:00,CC NG 21,0.0
2030,sc01,10-25 17:00:00+02:00,ST NG 09,0.0
2030,sc01,10-25 17:00:00+02:00,ST NG 04,0.0
2030,sc01,10-25 17:00:00+02:00,CT NG 23,0.0
2030,sc01,10-25 17:00:00+02:00,CT NG 13,0.0
2030,sc01,10-25 17:00:00+02:00,CC NG 11,0.0
2030,sc01,10-25 17:00:00+02:00,CT NG 04,0.0
2030,sc01,10-25 17:00:00+02:00,CC NG 18,0.0
2030,sc01,10-25 17:00:00+02:00,CC NG 34,0.0
2030,sc01,10-25 17:00:00+02:00,CT Oil 04,0.0
2030,sc01,10-25 17:00:00+02:00,CT NG 74,0.0
2030,sc01,10-25 17:00:00+02:00,CT NG 55,0.0
2030,sc01,10-25 17:00:00+02:00,CT NG 75,0.0
2030,sc01,10-25 17:00:00+02:00,CC NG 01,0.0
2030,sc01,10-25 17:00:00+02:00,CC NG 39,0.0
2030,sc01,10-25 17:00:00+02:00,CT NG 09,0.0
2030,sc01,10-25 17:00:00+02:00,CC NG 31,0.0
2030,sc01,10-25 17:00:00+02:00,CT NG 14,0.0
2030,sc01,10-28 16:00:00+01:00,ST NG 03,0.0
2030,sc01,10-28 16:00:00+01:00,CC NG 37,0.0
2030,sc01,10-28 16:00:00+01:00,CT NG 48,0.0
2030,sc01,10-28 16:00:00+01:00,CT NG 16,0.0
2030,sc01,10-28 16:00:00+01:00,CT NG 25,0.0
2030,sc01,10-28 16:00:00+01:00,CT NG 53,0.0
2030,sc01,10-28 16:00:00+01:00,ST NG 08,0.0
2030,sc01,10-28 16:00:00+01:00,CT Oil 03,0.0
2030,sc01,10-28 16:00:00+01:00,CT NG 43,0.0
2030,sc01,10-28 16:00:00+01:00,CC NG 04,0.0
2030,sc01,10-28 16:00:00+01:00,ST Other 02,0.0
2030,sc01,10-28 16:00:00+01:00,CT NG 30,0.0
2030,sc01,10-28 16:00:00+01:00,CC NG 27,0.0
2030,sc01,10-28 16:00:00+01:00,CC NG 38,0.0
2030,sc01,10-28 16:00:00+01:00,CC NG 20,0.0
2030,sc01,10-28 16:00:00+01:00,CC NG 19,0.0
2030,sc01,10-28 16:00:00+01:00,CT NG 12,0.0
2030,sc01,10-28 16:00:00+01:00,CT NG 70,0.0
2030,sc01,10-28 16:00:00+01:00,ST NG 10,0.0
2030,sc01,10-28 16:00:00+01:00,CT NG 02,0.0
2030,sc01,10-28 16:00:00+01:00,CT NG 26,0.0
2030,sc01,10-28 16:00:00+01:00,ST NG 01,0.0
2030,sc01,10-28 16:00:00+01:00,CC NG 32,0.0
2030,sc01,10-28 16:00:00+01:00,CT NG 35,0.0
2030,sc01,10-28 16:00:00+01:00,ST NG 06,0.0
2030,sc01,10-28 16:00:00+01:00,CT Oil 01,0.0
2030,sc01,10-28 16:00:00+01:00,CT NG 67,0.0
2030,sc01,10-28 16:00:00+01:00,CT NG 72,0.0
2030,sc01,10-28 16:00:00+01:00,CT NG 66,0.0
2030,sc01,10-28 16:00:00+01:00,CT NG 71,0.0
2030,sc01,10-28 16:00:00+01:00,CC NG 07,0.0
2030,sc01,10-28 16:00:00+01:00,CT NG 69,0.0
2030,sc01,10-28 16:00:00+01:00,CT NG 07,0.0
2030,sc01,10-28 16:00:00+01:00,CT NG 45,0.0
2030,sc01,10-28 16:00:00+01:00,CC NG 03,0.0
2030,sc01,10-28 16:00:00+01:00,CC NG 13,0.0
2030,sc01,10-28 16:00:00+01:00,CT Oil 05,0.0
2030,sc01,10-28 16:00:00+01:00,CT NG 54,0.0
2030,sc01,10-28 16:00:00+01:00,ST Coal 01,0.0
2030,sc01,10-28 16:00:00+01:00,CC NG 16,0.0
2030,sc01,10-28 16:00:00+01:00,CT NG 73,0.0
2030,sc01,10-28 16:00:00+01:00,CC NG 09,0.0
2030,sc01,10-28 16:00:00+01:00,CT NG 03,0.0
2030,sc01,10-28 16:00:00+01:00,CT NG 28,0.0
2030,sc01,10-28 16:00:00+01:00,CT NG 11,0.0
2030,sc01,10-28 16:00:00+01:00,CT NG 08,0.0
2030,sc01,10-28 16:00:00+01:00,CT Oil 02,0.0
2030,sc01,10-28 16:00:00+01:00,CC NG 25,0.0
2030,sc01,10-28 16:00:00+01:00,CC NG 22,0.07115798378678925
2030,sc01,10-28 16:00:00+01:00,CT NG 56,0.0
2030,sc01,10-28 16:00:00+01:00,CT NG 34,0.0
2030,sc01,10-28 16:00:00+01:00,ST NG 05,0.0
2030,sc01,10-28 16:00:00+01:00,CT NG 44,0.0
2030,sc01,10-28 16:00:00+01:00,CT NG 47,0.0
2030,sc01,10-28 16:00:00+01:00,CC NG 15,0.0
2030,sc01,10-28 16:00:00+01:00,CC NG 14,0.0
2030,sc01,10-28 16:00:00+01:00,CT NG 42,0.0
2030,sc01,10-28 16:00:00+01:00,ST NG 07,0.0
2030,sc01,10-28 16:00:00+01:00,CC NG 36,0.0
2030,sc01,10-28 16:00:00+01:00,CT NG 15,0.0
2030,sc01,10-28 16:00:00+01:00,CT NG 41,0.0
2030,sc01,10-28 16:00:00+01:00,CC NG 23,0.6622580178626403
2030,sc01,10-28 16:00:00+01:00,CT NG 49,0.0
2030,sc01,10-28 16:00:00+01:00,CC NG 26,0.0
2030,sc01,10-28 16:00:00+01:00,CC NG 12,0.0
2030,sc01,10-28 16:00:00+01:00,CT NG 05,0.0
2030,sc01,10-28 16:00:00+01:00,CC NG 40,0.0
2030,sc01,10-28 16:00:00+01:00,CT NG 50,0.0
2030,sc01,10-28 16:00:00+01:00,CT NG 68,0.0
2030,sc01,10-28 16:00:00+01:00,CC NG 17,0.0
2030,sc01,10-28 16:00:00+01:00,CC NG 10,0.0
2030,sc01,10-28 16:00:00+01:00,CC NG 33,0.0
2030,sc01,10-28 16:00:00+01:00,CC NG 06,0.0
2030,sc01,10-28 16:00:00+01:00,CT NG 10,0.0
2030,sc01,10-28 16:00:00+01:00,CT NG 01,0.0
2030,sc01,10-28 16:00:00+01:00,CC NG 29,0.0
2030,sc01,10-28 16:00:00+01:00,CC NG 05,0.0
2030,sc01,10-28 16:00:00+01:00,CT NG 06,0.0
2030,sc01,10-28 16:00:00+01:00,CT NG 24,0.0
2030,sc01,10-28 16:00:00+01:00,CT NG 22,0.0
2030,sc01,10-28 16:00:00+01:00,CT NG 21,0.0
2030,sc01,10-28 16:00:00+01:00,CC NG 28,0.0
2030,sc01,10-28 16:00:00+01:00,CC NG 35,0.0
2030,sc01,10-28 16:00:00+01:00,CC NG 24,0.0
2030,sc01,10-28 16:00:00+01:00,CC NG 08,0.0
2030,sc01,10-28 16:00:00+01:00,ST NG 02,0.0
2030,sc01,10-28 16:00:00+01:00,CT NG 52,0.0
2030,sc01,10-28 16:00:00+01:00,CT NG 46,0.0
2030,sc01,10-28 16:00:00+01:00,CT NG 36,0.0
2030,sc01,10-28 16:00:00+01:00,CC NG 21,0.0
2030,sc01,10-28 16:00:00+01:00,ST NG 09,0.0
2030,sc01,10-28 16:00:00+01:00,ST NG 04,0.0
2030,sc01,10-28 16:00:00+01:00,CT NG 23,0.0
2030,sc01,10-28 16:00:00+01:00,CT NG 13,0.0
2030,sc01,10-28 16:00:00+01:00,CC NG 11,0.0
2030,sc01,10-28 16:00:00+01:00,CT NG 04,0.0
2030,sc01,10-28 16:00:00+01:00,CC NG 18,0.0
2030,sc01,10-28 16:00:00+01:00,CC NG 34,0.6874085338537202
2030,sc01,10-28 16:00:00+01:00,CT Oil 04,0.0
2030,sc01,10-28 16:00:00+01:00,CT NG 74,0.0
2030,sc01,10-28 16:00:00+01:00,CT NG 55,0.0
2030,sc01,10-28 16:00:00+01:00,CT NG 75,0.0
2030,sc01,10-28 16:00:00+01:00,CC NG 01,0.0
2030,sc01,10-28 16:00:00+01:00,CC NG 39,0.0
2030,sc01,10-28 16:00:00+01:00,CT NG 09,0.0
2030,sc01,10-28 16:00:00+01:00,CC NG 31,0.0
2030,sc01,10-28 16:00:00+01:00,CT NG 14,0.0
2030,sc01,10-29 17:00:00+01:00,ST NG 03,0.0
2030,sc01,10-29 17:00:00+01:00,CC NG 37,0.0
2030,sc01,10-29 17:00:00+01:00,CT NG 48,0.0
2030,sc01,10-29 17:00:00+01:00,CT NG 16,0.0
2030,sc01,10-29 17:00:00+01:00,CT NG 25,0.0
2030,sc01,10-29 17:00:00+01:00,CT NG 53,0.0
2030,sc01,10-29 17:00:00+01:00,ST NG 08,0.0
2030,sc01,10-29 17:00:00+01:00,CT Oil 03,0.0
2030,sc01,10-29 17:00:00+01:00,CT NG 43,0.0
2030,sc01,10-29 17:00:00+01:00,CC NG 04,0.0
2030,sc01,10-29 17:00:00+01:00,ST Other 02,0.0
2030,sc01,10-29 17:00:00+01:00,CT NG 30,0.0
2030,sc01,10-29 17:00:00+01:00,CC NG 27,0.0
2030,sc01,10-29 17:00:00+01:00,CC NG 38,0.0
2030,sc01,10-29 17:00:00+01:00,CC NG 20,0.0
2030,sc01,10-29 17:00:00+01:00,CC NG 19,0.0
2030,sc01,10-29 17:00:00+01:00,CT NG 12,0.0
2030,sc01,10-29 17:00:00+01:00,CT NG 70,0.0
2030,sc01,10-29 17:00:00+01:00,ST NG 10,0.0
2030,sc01,10-29 17:00:00+01:00,CT NG 02,0.0
2030,sc01,10-29 17:00:00+01:00,CT NG 26,0.0
2030,sc01,10-29 17:00:00+01:00,ST NG 01,0.0
2030,sc01,10-29 17:00:00+01:00,CC NG 32,0.0
2030,sc01,10-29 17:00:00+01:00,CT NG 35,0.19424821561267588
2030,sc01,10-29 17:00:00+01:00,ST NG 06,0.0
2030,sc01,10-29 17:00:00+01:00,CT Oil 01,0.0
2030,sc01,10-29 17:00:00+01:00,CT NG 67,0.0
2030,sc01,10-29 17:00:00+01:00,CT NG 72,0.0
2030,sc01,10-29 17:00:00+01:00,CT NG 66,0.0
2030,sc01,10-29 17:00:00+01:00,CT NG 71,0.0
2030,sc01,10-29 17:00:00+01:00,CC NG 07,0.0
2030,sc01,10-29 17:00:00+01:00,CT NG 69,0.0
2030,sc01,10-29 17:00:00+01:00,CT NG 07,0.0
2030,sc01,10-29 17:00:00+01:00,CT NG 45,0.0
2030,sc01,10-29 17:00:00+01:00,CC NG 03,0.0
2030,sc01,10-29 17:00:00+01:00,CC NG 13,0.0
2030,sc01,10-29 17:00:00+01:00,CT Oil 05,0.0
2030,sc01,10-29 17:00:00+01:00,CT NG 54,0.0
2030,sc01,10-29 17:00:00+01:00,ST Coal 01,0.0
2030,sc01,10-29 17:00:00+01:00,CC NG 16,0.3981245589410972
2030,sc01,10-29 17:00:00+01:00,CT NG 73,0.0
2030,sc01,10-29 17:00:00+01:00,CC NG 09,0.0
2030,sc01,10-29 17:00:00+01:00,CT NG 03,0.0
2030,sc01,10-29 17:00:00+01:00,CT NG 28,0.0
2030,sc01,10-29 17:00:00+01:00,CT NG 11,0.0
2030,sc01,10-29 17:00:00+01:00,CT NG 08,0.0
2030,sc01,10-29 17:00:00+01:00,CT Oil 02,0.0
2030,sc01,10-29 17:00:00+01:00,CC NG 25,0.0
2030,sc01,10-29 17:00:00+01:00,CC NG 22,0.0
2030,sc01,10-29 17:00:00+01:00,CT NG 56,0.0
2030,sc01,10-29 17:00:00+01:00,CT NG 34,0.0
2030,sc01,10-29 17:00:00+01:00,ST NG 05,0.0
2030,sc01,10-29 17:00:00+01:00,CT NG 44,0.0
2030,sc01,10-29 17:00:00+01:00,CT NG 47,0.0
2030,sc01,10-29 17:00:00+01:00,CC NG 15,0.0
2030,sc01,10-29 17:00:00+01:00,CC NG 14,0.0
2030,sc01,10-29 17:00:00+01:00,CT NG 42,0.0
2030,sc01,10-29 17:00:00+01:00,ST NG 07,0.0
2030,sc01,10-29 17:00:00+01:00,CC NG 36,0.0
2030,sc01,10-29 17:00:00+01:00,CT NG 15,0.0
2030,sc01,10-29 17:00:00+01:00,CT NG 41,0.0
2030,sc01,10-29 17:00:00+01:00,CC NG 23,0.3377419821373598
2030,sc01,10-29 17:00:00+01:00,CT NG 49,0.0
2030,sc01,10-29 17:00:00+01:00,CC NG 26,0.0
2030,sc01,10-29 17:00:00+01:00,CC NG 12,0.0
2030,sc01,10-29 17:00:00+01:00,CT NG 05,0.0
2030,sc01,10-29 17:00:00+01:00,CC NG 40,0.0
2030,sc01,10-29 17:00:00+01:00,CT NG 50,0.0
2030,sc01,10-29 17:00:00+01:00,CT NG 68,0.0
2030,sc01,10-29 17:00:00+01:00,CC NG 17,0.0
2030,sc01,10-29 17:00:00+01:00,CC NG 10,0.0
2030,sc01,10-29 17:00:00+01:00,CC NG 33,0.0
2030,sc01,10-29 17:00:00+01:00,CC NG 06,0.0
2030,sc01,10-29 17:00:00+01:00,CT NG 10,0.0
2030,sc01,10-29 17:00:00+01:00,CT NG 01,0.0
2030,sc01,10-29 17:00:00+01:00,CC NG 29,0.0
2030,sc01,10-29 17:00:00+01:00,CC NG 05,0.0
2030,sc01,10-29 17:00:00+01:00,CT NG 06,0.0
2030,sc01,10-29 17:00:00+01:00,CT NG 24,0.0
2030,sc01,10-29 17:00:00+01:00,CT NG 22,0.0
2030,sc01,10-29 17:00:00+01:00,CT NG 21,0.0
2030,sc01,10-29 17:00:00+01:00,CC NG 28,0.0
2030,sc01,10-29 17:00:00+01:00,CC NG 35,0.0
2030,sc01,10-29 17:00:00+01:00,CC NG 24,0.0652943788686603
2030,sc01,10-29 17:00:00+01:00,CC NG 08,0.0
2030,sc01,10-29 17:00:00+01:00,ST NG 02,0.0
2030,sc01,10-29 17:00:00+01:00,CT NG 52,0.0
2030,sc01,10-29 17:00:00+01:00,CT NG 46,0.0
2030,sc01,10-29 17:00:00+01:00,CT NG 36,0.0
2030,sc01,10-29 17:00:00+01:00,CC NG 21,0.0
2030,sc01,10-29 17:00:00+01:00,ST NG 09,0.0
2030,sc01,10-29 17:00:00+01:00,ST NG 04,0.0
2030,sc01,10-29 17:00:00+01:00,CT NG 23,0.0
2030,sc01,10-29 17:00:00+01:00,CT NG 13,0.0
2030,sc01,10-29 17:00:00+01:00,CC NG 11,0.0
2030,sc01,10-29 17:00:00+01:00,CT NG 04,0.0
2030,sc01,10-29 17:00:00+01:00,CC NG 18,0.0
2030,sc01,10-29 17:00:00+01:00,CC NG 34,0.9748212673369419
2030,sc01,10-29 17:00:00+01:00,CT Oil 04,0.0
2030,sc01,10-29 17:00:00+01:00,CT NG 74,0.0
2030,sc01,10-29 17:00:00+01:00,CT NG 55,0.0
2030,sc01,10-29 17:00:00+01:00,CT NG 75,0.0
2030,sc01,10-29 17:00:00+01:00,CC NG 01,0.0
2030,sc01,10-29 17:00:00+01:00,CC NG 39,0.0
2030,sc01,10-29 17:00:00+01:00,CT NG 09,0.0
2030,sc01,10-29 17:00:00+01:00,CC NG 31,0.0
2030,sc01,10-29 17:00:00+01:00,CT NG 14,0.0
2030,sc01,10-29 18:00:00+01:00,ST NG 03,0.7212740300336045
2030,sc01,10-29 18:00:00+01:00,CC NG 37,0.0
2030,sc01,10-29 18:00:00+01:00,CT NG 48,0.0
2030,sc01,10-29 18:00:00+01:00,CT NG 16,0.0
2030,sc01,10-29 18:00:00+01:00,CT NG 25,0.0
2030,sc01,10-29 18:00:00+01:00,CT NG 53,0.0
2030,sc01,10-29 18:00:00+01:00,ST NG 08,0.0
2030,sc01,10-29 18:00:00+01:00,CT Oil 03,0.0
2030,sc01,10-29 18:00:00+01:00,CT NG 43,0.0
2030,sc01,10-29 18:00:00+01:00,CC NG 04,0.0
2030,sc01,10-29 18:00:00+01:00,ST Other 02,0.0
2030,sc01,10-29 18:00:00+01:00,CT NG 30,0.0
2030,sc01,10-29 18:00:00+01:00,CC NG 27,0.0
2030,sc01,10-29 18:00:00+01:00,CC NG 38,0.0
2030,sc01,10-29 18:00:00+01:00,CC NG 20,0.0
2030,sc01,10-29 18:00:00+01:00,CC NG 19,0.0
2030,sc01,10-29 18:00:00+01:00,CT NG 12,0.0
2030,sc01,10-29 18:00:00+01:00,CT NG 70,0.0
2030,sc01,10-29 18:00:00+01:00,ST NG 10,0.0
2030,sc01,10-29 18:00:00+01:00,CT NG 02,0.0
2030,sc01,10-29 18:00:00+01:00,CT NG 26,0.0
2030,sc01,10-29 18:00:00+01:00,ST NG 01,0.0
2030,sc01,10-29 18:00:00+01:00,CC NG 32,0.0
2030,sc01,10-29 18:00:00+01:00,CT NG 35,0.0
2030,sc01,10-29 18:00:00+01:00,ST NG 06,0.0
2030,sc01,10-29 18:00:00+01:00,CT Oil 01,0.0
2030,sc01,10-29 18:00:00+01:00,CT NG 67,0.0
2030,sc01,10-29 18:00:00+01:00,CT NG 72,0.0
2030,sc01,10-29 18:00:00+01:00,CT NG 66,0.0
2030,sc01,10-29 18:00:00+01:00,CT NG 71,0.0
2030,sc01,10-29 18:00:00+01:00,CC NG 07,0.0
2030,sc01,10-29 18:00:00+01:00,CT NG 69,0.0
2030,sc01,10-29 18:00:00+01:00,CT NG 07,0.0
2030,sc01,10-29 18:00:00+01:00,CT NG 45,0.0
2030,sc01,10-29 18:00:00+01:00,CC NG 03,0.0
2030,sc01,10-29 18:00:00+01:00,CC NG 13,0.0
2030,sc01,10-29 18:00:00+01:00,CT Oil 05,0.0
2030,sc01,10-29 18:00:00+01:00,CT NG 54,0.0
2030,sc01,10-29 18:00:00+01:00,ST Coal 01,0.0
2030,sc01,10-29 18:00:00+01:00,CC NG 16,0.7145448363619834
2030,sc01,10-29 18:00:00+01:00,CT NG 73,0.0
2030,sc01,10-29 18:00:00+01:00,CC NG 09,0.0
2030,sc01,10-29 18:00:00+01:00,CT NG 03,0.0
2030,sc01,10-29 18:00:00+01:00,CT NG 28,0.0
2030,sc01,10-29 18:00:00+01:00,CT NG 11,0.0
2030,sc01,10-29 18:00:00+01:00,CT NG 08,0.0
2030,sc01,10-29 18:00:00+01:00,CT Oil 02,0.0
2030,sc01,10-29 18:00:00+01:00,CC NG 25,0.0
2030,sc01,10-29 18:00:00+01:00,CC NG 22,0.0
2030,sc01,10-29 18:00:00+01:00,CT NG 56,0.0
2030,sc01,10-29 18:00:00+01:00,CT NG 34,0.0
2030,sc01,10-29 18:00:00+01:00,ST NG 05,0.0
2030,sc01,10-29 18:00:00+01:00,CT NG 44,0.0
2030,sc01,10-29 18:00:00+01:00,CT NG 47,0.0
2030,sc01,10-29 18:00:00+01:00,CC NG 15,0.0
2030,sc01,10-29 18:00:00+01:00,CC NG 14,0.0
2030,sc01,10-29 18:00:00+01:00,CT NG 42,0.5257648113346021
2030,sc01,10-29 18:00:00+01:00,ST NG 07,0.0
2030,sc01,10-29 18:00:00+01:00,CC NG 36,0.0
2030,sc01,10-29 18:00:00+01:00,CT NG 15,0.0
2030,sc01,10-29 18:00:00+01:00,CT NG 41,0.0
2030,sc01,10-29 18:00:00+01:00,CC NG 23,0.0
2030,sc01,10-29 18:00:00+01:00,CT NG 49,0.0
2030,sc01,10-29 18:00:00+01:00,CC NG 26,0.20440886307380202
2030,sc01,10-29 18:00:00+01:00,CC NG 12,0.0
2030,sc01,10-29 18:00:00+01:00,CT NG 05,0.0
2030,sc01,10-29 18:00:00+01:00,CC NG 40,0.0
2030,sc01,10-29 18:00:00+01:00,CT NG 50,0.0
2030,sc01,10-29 18:00:00+01:00,CT NG 68,0.0
2030,sc01,10-29 18:00:00+01:00,CC NG 17,0.0
2030,sc01,10-29 18:00:00+01:00,CC NG 10,0.0
2030,sc01,10-29 18:00:00+01:00,CC NG 33,0.0
2030,sc01,10-29 18:00:00+01:00,CC NG 06,0.0
2030,sc01,10-29 18:00:00+01:00,CT NG 10,0.0
2030,sc01,10-29 18:00:00+01:00,CT NG 01,0.0
2030,sc01,10-29 18:00:00+01:00,CC NG 29,0.0
2030,sc01,10-29 18:00:00+01:00,CC NG 05,0.0
2030,sc01,10-29 18:00:00+01:00,CT NG 06,0.0
2030,sc01,10-29 18:00:00+01:00,CT NG 24,0.0
2030,sc01,10-29 18:00:00+01:00,CT NG 22,0.0
2030,sc01,10-29 18:00:00+01:00,CT NG 21,0.0
2030,sc01,10-29 18:00:00+01:00,CC NG 28,0.0
2030,sc01,10-29 18:00:00+01:00,CC NG 35,0.0
2030,sc01,10-29 18:00:00+01:00,CC NG 24,0.9347056211313398
2030,sc01,10-29 18:00:00+01:00,CC NG 08,0.0
2030,sc01,10-29 18:00:00+01:00,ST NG 02,0.0
2030,sc01,10-29 18:00:00+01:00,CT NG 52,0.0
2030,sc01,10-29 18:00:00+01:00,CT NG 46,0.0
2030,sc01,10-29 18:00:00+01:00,CT NG 36,0.0
2030,sc01,10-29 18:00:00+01:00,CC NG 21,0.0
2030,sc01,10-29 18:00:00+01:00,ST NG 09,0.0
2030,sc01,10-29 18:00:00+01:00,ST NG 04,0.0
2030,sc01,10-29 18:00:00+01:00,CT NG 23,0.0
2030,sc01,10-29 18:00:00+01:00,CT NG 13,0.0
2030,sc01,10-29 18:00:00+01:00,CC NG 11,0.0
2030,sc01,10-29 18:00:00+01:00,CT NG 04,0.0
2030,sc01,10-29 18:00:00+01:00,CC NG 18,0.13240761387447986
2030,sc01,10-29 18:00:00+01:00,CC NG 34,0.9429370075029619
2030,sc01,10-29 18:00:00+01:00,CT Oil 04,0.0
2030,sc01,10-29 18:00:00+01:00,CT NG 74,0.0
2030,sc01,10-29 18:00:00+01:00,CT NG 55,0.0
2030,sc01,10-29 18:00:00+01:00,CT NG 75,0.0
2030,sc01,10-29 18:00:00+01:00,CC NG 01,0.0
2030,sc01,10-29 18:00:00+01:00,CC NG 39,0.0
2030,sc01,10-29 18:00:00+01:00,CT NG 09,0.0
2030,sc01,10-29 18:00:00+01:00,CC NG 31,0.8667209022843702
2030,sc01,10-29 18:00:00+01:00,CT NG 14,0.0
2030,sc01,10-29 20:00:00+01:00,ST NG 03,0.25863167752299293
2030,sc01,10-29 20:00:00+01:00,CC NG 37,0.0
2030,sc01,10-29 20:00:00+01:00,CT NG 48,0.0
2030,sc01,10-29 20:00:00+01:00,CT NG 16,0.0
2030,sc01,10-29 20:00:00+01:00,CT NG 25,0.0
2030,sc01,10-29 20:00:00+01:00,CT NG 53,0.0
2030,sc01,10-29 20:00:00+01:00,ST NG 08,0.0
2030,sc01,10-29 20:00:00+01:00,CT Oil 03,0.0
2030,sc01,10-29 20:00:00+01:00,CT NG 43,1.0
2030,sc01,10-29 20:00:00+01:00,CC NG 04,0.0
2030,sc01,10-29 20:00:00+01:00,ST Other 02,0.0
2030,sc01,10-29 20:00:00+01:00,CT NG 30,0.0
2030,sc01,10-29 20:00:00+01:00,CC NG 27,0.0
2030,sc01,10-29 20:00:00+01:00,CC NG 38,0.0
2030,sc01,10-29 20:00:00+01:00,CC NG 20,0.0
2030,sc01,10-29 20:00:00+01:00,CC NG 19,0.0
2030,sc01,10-29 20:00:00+01:00,CT NG 12,0.0
2030,sc01,10-29 20:00:00+01:00,CT NG 70,1.0
2030,sc01,10-29 20:00:00+01:00,ST NG 10,1.0
2030,sc01,10-29 20:00:00+01:00,CT NG 02,0.0
2030,sc01,10-29 20:00:00+01:00,CT NG 26,0.0
2030,sc01,10-29 20:00:00+01:00,ST NG 01,0.0
2030,sc01,10-29 20:00:00+01:00,CC NG 32,0.0
2030,sc01,10-29 20:00:00+01:00,CT NG 35,0.0
2030,sc01,10-29 20:00:00+01:00,ST NG 06,0.0
2030,sc01,10-29 20:00:00+01:00,CT Oil 01,0.0
2030,sc01,10-29 20:00:00+01:00,CT NG 67,1.0
2030,sc01,10-29 20:00:00+01:00,CT NG 72,0.0
2030,sc01,10-29 20:00:00+01:00,CT NG 66,1.0
2030,sc01,10-29 20:00:00+01:00,CT NG 71,1.0
2030,sc01,10-29 20:00:00+01:00,CC NG 07,1.0
2030,sc01,10-29 20:00:00+01:00,CT NG 69,0.0
2030,sc01,10-29 20:00:00+01:00,CT NG 07,0.0
2030,sc01,10-29 20:00:00+01:00,CT NG 45,1.0
2030,sc01,10-29 20:00:00+01:00,CC NG 03,0.0
2030,sc01,10-29 20:00:00+01:00,CC NG 13,0.0
2030,sc01,10-29 20:00:00+01:00,CT Oil 05,0.0
2030,sc01,10-29 20:00:00+01:00,CT NG 54,1.0
2030,sc01,10-29 20:00:00+01:00,ST Coal 01,0.0
2030,sc01,10-29 20:00:00+01:00,CC NG 16,0.0
2030,sc01,10-29 20:00:00+01:00,CT NG 73,0.0
2030,sc01,10-29 20:00:00+01:00,CC NG 09,0.0
2030,sc01,10-29 20:00:00+01:00,CT NG 03,0.0
2030,sc01,10-29 20:00:00+01:00,CT NG 28,0.0
2030,sc01,10-29 20:00:00+01:00,CT NG 11,0.0
2030,sc01,10-29 20:00:00+01:00,CT NG 08,0.0
2030,sc01,10-29 20:00:00+01:00,CT Oil 02,0.0
2030,sc01,10-29 20:00:00+01:00,CC NG 25,0.0
2030,sc01,10-29 20:00:00+01:00,CC NG 22,0.0
2030,sc01,10-29 20:00:00+01:00,CT NG 56,1.0
2030,sc01,10-29 20:00:00+01:00,CT NG 34,0.0
2030,sc01,10-29 20:00:00+01:00,ST NG 05,0.0
2030,sc01,10-29 20:00:00+01:00,CT NG 44,1.0
2030,sc01,10-29 20:00:00+01:00,CT NG 47,0.0
2030,sc01,10-29 20:00:00+01:00,CC NG 15,0.0
2030,sc01,10-29 20:00:00+01:00,CC NG 14,0.0
2030,sc01,10-29 20:00:00+01:00,CT NG 42,0.4742351886653979
2030,sc01,10-29 20:00:00+01:00,ST NG 07,0.0
2030,sc01,10-29 20:00:00+01:00,CC NG 36,0.0
2030,sc01,10-29 20:00:00+01:00,CT NG 15,0.0
2030,sc01,10-29 20:00:00+01:00,CT NG 41,0.0
2030,sc01,10-29 20:00:00+01:00,CC NG 23,0.0
2030,sc01,10-29 20:00:00+01:00,CT NG 49,0.0
2030,sc01,10-29 20:00:00+01:00,CC NG 26,0.9683091520354916
2030,sc01,10-29 20:00:00+01:00,CC NG 12,1.0
2030,sc01,10-29 20:00:00+01:00,CT NG 05,0.0
2030,sc01,10-29 20:00:00+01:00,CC NG 40,0.0
2030,sc01,10-29 20:00:00+01:00,CT NG 50,1.0
2030,sc01,10-29 20:00:00+01:00,CT NG 68,1.0
2030,sc01,10-29 20:00:00+01:00,CC NG 17,0.0
2030,sc01,10-29 20:00:00+01:00,CC NG 10,0.0
2030,sc01,10-29 20:00:00+01:00,CC NG 33,0.0
2030,sc01,10-29 20:00:00+01:00,CC NG 06,0.0
2030,sc01,10-29 20:00:00+01:00,CT NG 10,0.0
2030,sc01,10-29 20:00:00+01:00,CT NG 01,0.0
2030,sc01,10-29 20:00:00+01:00,CC NG 29,0.0
2030,sc01,10-29 20:00:00+01:00,CC NG 05,0.0
2030,sc01,10-29 20:00:00+01:00,CT NG 06,0.0
2030,sc01,10-29 20:00:00+01:00,CT NG 24,0.0
2030,sc01,10-29 20:00:00+01:00,CT NG 22,0.0
2030,sc01,10-29 20:00:00+01:00,CT NG 21,1.0
2030,sc01,10-29 20:00:00+01:00,CC NG 28,0.0
2030,sc01,10-29 20:00:00+01:00,CC NG 35,1.0
2030,sc01,10-29 20:00:00+01:00,CC NG 24,0.0
2030,sc01,10-29 20:00:00+01:00,CC NG 08,0.0
2030,sc01,10-29 20:00:00+01:00,ST NG 02,0.0
2030,sc01,10-29 20:00:00+01:00,CT NG 52,0.0
2030,sc01,10-29 20:00:00+01:00,CT NG 46,0.0
2030,sc01,10-29 20:00:00+01:00,CT NG 36,0.0
2030,sc01,10-29 20:00:00+01:00,CC NG 21,0.32625733884683394
2030,sc01,10-29 20:00:00+01:00,ST NG 09,0.0
2030,sc01,10-29 20:00:00+01:00,ST NG 04,0.0
2030,sc01,10-29 20:00:00+01:00,CT NG 23,0.0
2030,sc01,10-29 20:00:00+01:00,CT NG 13,0.0
2030,sc01,10-29 20:00:00+01:00,CC NG 11,0.0
2030,sc01,10-29 20:00:00+01:00,CT NG 04,0.0
2030,sc01,10-29 20:00:00+01:00,CC NG 18,1.0
2030,sc01,10-29 20:00:00+01:00,CC NG 34,0.8751172101840845
2030,sc01,10-29 20:00:00+01:00,CT Oil 04,0.0
2030,sc01,10-29 20:00:00+01:00,CT NG 74,0.0
2030,sc01,10-29 20:00:00+01:00,CT NG 55,0.0
2030,sc01,10-29 20:00:00+01:00,CT NG 75,1.0
2030,sc01,10-29 20:00:00+01:00,CC NG 01,0.0
2030,sc01,10-29 20:00:00+01:00,CC NG 39,0.0
2030,sc01,10-29 20:00:00+01:00,CT NG 09,0.0
2030,sc01,10-29 20:00:00+01:00,CC NG 31,0.11662936741518372
2030,sc01,10-29 20:00:00+01:00,CT NG 14,0.0
2030,sc01,10-29 21:00:00+01:00,ST NG 03,0.020094292443402596
2030,sc01,10-29 21:00:00+01:00,CC NG 37,0.0
2030,sc01,10-29 21:00:00+01:00,CT NG 48,0.0
2030,sc01,10-29 21:00:00+01:00,CT NG 16,0.0
2030,sc01,10-29 21:00:00+01:00,CT NG 25,0.0
2030,sc01,10-29 21:00:00+01:00,CT NG 53,0.0
2030,sc01,10-29 21:00:00+01:00,ST NG 08,0.0
2030,sc01,10-29 21:00:00+01:00,CT Oil 03,0.0
2030,sc01,10-29 21:00:00+01:00,CT NG 43,0.0
2030,sc01,10-29 21:00:00+01:00,CC NG 04,0.0
2030,sc01,10-29 21:00:00+01:00,ST Other 02,0.0
2030,sc01,10-29 21:00:00+01:00,CT NG 30,0.0
2030,sc01,10-29 21:00:00+01:00,CC NG 27,1.0
2030,sc01,10-29 21:00:00+01:00,CC NG 38,0.0
2030,sc01,10-29 21:00:00+01:00,CC NG 20,0.0
2030,sc01,10-29 21:00:00+01:00,CC NG 19,0.0
2030,sc01,10-29 21:00:00+01:00,CT NG 12,0.0
2030,sc01,10-29 21:00:00+01:00,CT NG 70,0.0
2030,sc01,10-29 21:00:00+01:00,ST NG 10,0.0
2030,sc01,10-29 21:00:00+01:00,CT NG 02,0.0
2030,sc01,10-29 21:00:00+01:00,CT NG 26,0.0
2030,sc01,10-29 21:00:00+01:00,ST NG 01,1.0
2030,sc01,10-29 21:00:00+01:00,CC NG 32,0.0
2030,sc01,10-29 21:00:00+01:00,CT NG 35,0.0
2030,sc01,10-29 21:00:00+01:00,ST NG 06,0.0
2030,sc01,10-29 21:00:00+01:00,CT Oil 01,0.0
2030,sc01,10-29 21:00:00+01:00,CT NG 67,0.0
2030,sc01,10-29 21:00:00+01:00,CT NG 72,0.0
2030,sc01,10-29 21:00:00+01:00,CT NG 66,0.0
2030,sc01,10-29 21:00:00+01:00,CT NG 71,0.0
2030,sc01,10-29 21:00:00+01:00,CC NG 07,0.0
2030,sc01,10-29 21:00:00+01:00,CT NG 69,0.0
2030,sc01,10-29 21:00:00+01:00,CT NG 07,0.0
2030,sc01,10-29 21:00:00+01:00,CT NG 45,0.0
2030,sc01,10-29 21:00:00+01:00,CC NG 03,0.0
2030,sc01,10-29 21:00:00+01:00,CC NG 13,1.0
2030,sc01,10-29 21:00:00+01:00,CT Oil 05,0.0
2030,sc01,10-29 21:00:00+01:00,CT NG 54,0.0
2030,sc01,10-29 21:00:00+01:00,ST Coal 01,0.0
2030,sc01,10-29 21:00:00+01:00,CC NG 16,0.0
2030,sc01,10-29 21:00:00+01:00,CT NG 73,0.0
2030,sc01,10-29 21:00:00+01:00,CC NG 09,1.0
2030,sc01,10-29 21:00:00+01:00,CT NG 03,0.0
2030,sc01,10-29 21:00:00+01:00,CT NG 28,0.0
2030,sc01,10-29 21:00:00+01:00,CT NG 11,0.0
2030,sc01,10-29 21:00:00+01:00,CT NG 08,0.0
2030,sc01,10-29 21:00:00+01:00,CT Oil 02,0.0
2030,sc01,10-29 21:00:00+01:00,CC NG 25,0.0
2030,sc01,10-29 21:00:00+01:00,CC NG 22,0.0
2030,sc01,10-29 21:00:00+01:00,CT NG 56,0.0
2030,sc01,10-29 21:00:00+01:00,CT NG 34,0.0
2030,sc01,10-29 21:00:00+01:00,ST NG 05,0.0
2030,sc01,10-29 21:00:00+01:00,CT NG 44,0.0
2030,sc01,10-29 21:00:00+01:00,CT NG 47,0.0
2030,sc01,10-29 21:00:00+01:00,CC NG 15,0.0
2030,sc01,10-29 21:00:00+01:00,CC NG 14,0.14465745038393907
2030,sc01,10-29 21:00:00+01:00,CT NG 42,0.0
2030,sc01,10-29 21:00:00+01:00,ST NG 07,0.0
2030,sc01,10-29 21:00:00+01:00,CC NG 36,0.0
2030,sc01,10-29 21:00:00+01:00,CT NG 15,0.0
2030,sc01,10-29 21:00:00+01:00,CT NG 41,0.0
2030,sc01,10-29 21:00:00+01:00,CC NG 23,0.0
2030,sc01,10-29 21:00:00+01:00,CT NG 49,0.0
2030,sc01,10-29 21:00:00+01:00,CC NG 26,0.0
2030,sc01,10-29 21:00:00+01:00,CC NG 12,0.0
2030,sc01,10-29 21:00:00+01:00,CT NG 05,0.0
2030,sc01,10-29 21:00:00+01:00,CC NG 40,0.0
2030,sc01,10-29 21:00:00+01:00,CT NG 50,0.0
2030,sc01,10-29 21:00:00+01:00,CT NG 68,0.0
2030,sc01,10-29 21:00:00+01:00,CC NG 17,0.0
2030,sc01,10-29 21:00:00+01:00,CC NG 10,0.0
2030,sc01,10-29 21:00:00+01:00,CC NG 33,0.0
2030,sc01,10-29 21:00:00+01:00,CC NG 06,0.0
2030,sc01,10-29 21:00:00+01:00,CT NG 10,0.0
2030,sc01,10-29 21:00:00+01:00,CT NG 01,0.0
2030,sc01,10-29 21:00:00+01:00,CC NG 29,1.0
2030,sc01,10-29 21:00:00+01:00,CC NG 05,0.0
2030,sc01,10-29 21:00:00+01:00,CT NG 06,0.0
2030,sc01,10-29 21:00:00+01:00,CT NG 24,0.0
2030,sc01,10-29 21:00:00+01:00,CT NG 22,0.0
2030,sc01,10-29 21:00:00+01:00,CT NG 21,0.0
2030,sc01,10-29 21:00:00+01:00,CC NG 28,0.0
2030,sc01,10-29 21:00:00+01:00,CC NG 35,0.0
2030,sc01,10-29 21:00:00+01:00,CC NG 24,0.0
2030,sc01,10-29 21:00:00+01:00,CC NG 08,1.0
2030,sc01,10-29 21:00:00+01:00,ST NG 02,1.0
2030,sc01,10-29 21:00:00+01:00,CT NG 52,0.0
2030,sc01,10-29 21:00:00+01:00,CT NG 46,0.0
2030,sc01,10-29 21:00:00+01:00,CT NG 36,0.0
2030,sc01,10-29 21:00:00+01:00,CC NG 21,0.6737426611531661
2030,sc01,10-29 21:00:00+01:00,ST NG 09,0.0
2030,sc01,10-29 21:00:00+01:00,ST NG 04,0.0
2030,sc01,10-29 21:00:00+01:00,CT NG 23,0.0
2030,sc01,10-29 21:00:00+01:00,CT NG 13,0.0
2030,sc01,10-29 21:00:00+01:00,CC NG 11,0.0
2030,sc01,10-29 21:00:00+01:00,CT NG 04,0.0
2030,sc01,10-29 21:00:00+01:00,CC NG 18,0.9951543789311637
2030,sc01,10-29 21:00:00+01:00,CC NG 34,0.06973765280411048
2030,sc01,10-29 21:00:00+01:00,CT Oil 04,0.0
2030,sc01,10-29 21:00:00+01:00,CT NG 74,0.0
2030,sc01,10-29 21:00:00+01:00,CT NG 55,0.0
2030,sc01,10-29 21:00:00+01:00,CT NG 75,0.0
2030,sc01,10-29 21:00:00+01:00,CC NG 01,0.4959114477189125
2030,sc01,10-29 21:00:00+01:00,CC NG 39,0.0
2030,sc01,10-29 21:00:00+01:00,CT NG 09,0.0
2030,sc01,10-29 21:00:00+01:00,CC NG 31,0.0
2030,sc01,10-29 21:00:00+01:00,CT NG 14,0.0
2030,sc01,10-30 09:00:00+01:00,ST NG 03,0.0
2030,sc01,10-30 09:00:00+01:00,CC NG 37,1.0
2030,sc01,10-30 09:00:00+01:00,CT NG 48,1.0
2030,sc01,10-30 09:00:00+01:00,CT NG 16,0.0
2030,sc01,10-30 09:00:00+01:00,CT NG 25,1.0
2030,sc01,10-30 09:00:00+01:00,CT NG 53,0.0
2030,sc01,10-30 09:00:00+01:00,ST NG 08,0.0
2030,sc01,10-30 09:00:00+01:00,CT Oil 03,0.0
2030,sc01,10-30 09:00:00+01:00,CT NG 43,0.0
2030,sc01,10-30 09:00:00+01:00,CC NG 04,0.9999999999999999
2030,sc01,10-30 09:00:00+01:00,ST Other 02,0.0
2030,sc01,10-30 09:00:00+01:00,CT NG 30,0.0
2030,sc01,10-30 09:00:00+01:00,CC NG 27,0.0
2030,sc01,10-30 09:00:00+01:00,CC NG 38,1.0
2030,sc01,10-30 09:00:00+01:00,CC NG 20,0.0
2030,sc01,10-30 09:00:00+01:00,CC NG 19,1.0
2030,sc01,10-30 09:00:00+01:00,CT NG 12,0.0
2030,sc01,10-30 09:00:00+01:00,CT NG 70,0.0
2030,sc01,10-30 09:00:00+01:00,ST NG 10,0.0
2030,sc01,10-30 09:00:00+01:00,CT NG 02,0.0
2030,sc01,10-30 09:00:00+01:00,CT NG 26,1.0
2030,sc01,10-30 09:00:00+01:00,ST NG 01,0.0
2030,sc01,10-30 09:00:00+01:00,CC NG 32,0.0
2030,sc01,10-30 09:00:00+01:00,CT NG 35,1.0
2030,sc01,10-30 09:00:00+01:00,ST NG 06,0.0
2030,sc01,10-30 09:00:00+01:00,CT Oil 01,0.0
2030,sc01,10-30 09:00:00+01:00,CT NG 67,0.0
2030,sc01,10-30 09:00:00+01:00,CT NG 72,0.0
2030,sc01,10-30 09:00:00+01:00,CT NG 66,0.0
2030,sc01,10-30 09:00:00+01:00,CT NG 71,0.0
2030,sc01,10-30 09:00:00+01:00,CC NG 07,0.0
2030,sc01,10-30 09:00:00+01:00,CT NG 69,0.0
2030,sc01,10-30 09:00:00+01:00,CT NG 07,0.0
2030,sc01,10-30 09:00:00+01:00,CT NG 45,0.0
2030,sc01,10-30 09:00:00+01:00,CC NG 03,1.0
2030,sc01,10-30 09:00:00+01:00,CC NG 13,0.0
2030,sc01,10-30 09:00:00+01:00,CT Oil 05,0.0
2030,sc01,10-30 09:00:00+01:00,CT NG 54,0.0
2030,sc01,10-30 09:00:00+01:00,ST Coal 01,0.0
2030,sc01,10-30 09:00:00+01:00,CC NG 16,1.0
2030,sc01,10-30 09:00:00+01:00,CT NG 73,0.0
2030,sc01,10-30 09:00:00+01:00,CC NG 09,0.0
2030,sc01,10-30 09:00:00+01:00,CT NG 03,0.0
2030,sc01,10-30 09:00:00+01:00,CT NG 28,0.0
2030,sc01,10-30 09:00:00+01:00,CT NG 11,0.0
2030,sc01,10-30 09:00:00+01:00,CT NG 08,0.0
2030,sc01,10-30 09:00:00+01:00,CT Oil 02,0.0
2030,sc01,10-30 09:00:00+01:00,CC NG 25,0.0
2030,sc01,10-30 09:00:00+01:00,CC NG 22,1.0
2030,sc01,10-30 09:00:00+01:00,CT NG 56,0.0
2030,sc01,10-30 09:00:00+01:00,CT NG 34,1.0
2030,sc01,10-30 09:00:00+01:00,ST NG 05,1.0
2030,sc01,10-30 09:00:00+01:00,CT NG 44,0.0
2030,sc01,10-30 09:00:00+01:00,CT NG 47,1.0
2030,sc01,10-30 09:00:00+01:00,CC NG 15,0.0
2030,sc01,10-30 09:00:00+01:00,CC NG 14,1.0
2030,sc01,10-30 09:00:00+01:00,CT NG 42,0.0
2030,sc01,10-30 09:00:00+01:00,ST NG 07,0.0
2030,sc01,10-30 09:00:00+01:00,CC NG 36,0.0
2030,sc01,10-30 09:00:00+01:00,CT NG 15,0.0
2030,sc01,10-30 09:00:00+01:00,CT NG 41,1.0
2030,sc01,10-30 09:00:00+01:00,CC NG 23,1.0
2030,sc01,10-30 09:00:00+01:00,CT NG 49,1.0
2030,sc01,10-30 09:00:00+01:00,CC NG 26,0.8272819848907064
2030,sc01,10-30 09:00:00+01:00,CC NG 12,0.0
2030,sc01,10-30 09:00:00+01:00,CT NG 05,0.0
2030,sc01,10-30 09:00:00+01:00,CC NG 40,0.0
2030,sc01,10-30 09:00:00+01:00,CT NG 50,0.0
2030,sc01,10-30 09:00:00+01:00,CT NG 68,0.0
2030,sc01,10-30 09:00:00+01:00,CC NG 17,1.0
2030,sc01,10-30 09:00:00+01:00,CC NG 10,0.0
2030,sc01,10-30 09:00:00+01:00,CC NG 33,0.0
2030,sc01,10-30 09:00:00+01:00,CC NG 06,0.0
2030,sc01,10-30 09:00:00+01:00,CT NG 10,0.0
2030,sc01,10-30 09:00:00+01:00,CT NG 01,0.0
2030,sc01,10-30 09:00:00+01:00,CC NG 29,0.0
2030,sc01,10-30 09:00:00+01:00,CC NG 05,1.0
2030,sc01,10-30 09:00:00+01:00,CT NG 06,0.0
2030,sc01,10-30 09:00:00+01:00,CT NG 24,1.0
2030,sc01,10-30 09:00:00+01:00,CT NG 22,0.0
2030,sc01,10-30 09:00:00+01:00,CT NG 21,0.0
2030,sc01,10-30 09:00:00+01:00,CC NG 28,0.0
2030,sc01,10-30 09:00:00+01:00,CC NG 35,0.7218267489383295
2030,sc01,10-30 09:00:00+01:00,CC NG 24,0.9999999999999999
2030,sc01,10-30 09:00:00+01:00,CC NG 08,0.0
2030,sc01,10-30 09:00:00+01:00,ST NG 02,0.0
2030,sc01,10-30 09:00:00+01:00,CT NG 52,0.0
2030,sc01,10-30 09:00:00+01:00,CT NG 46,1.0
2030,sc01,10-30 09:00:00+01:00,CT NG 36,1.0
2030,sc01,10-30 09:00:00+01:00,CC NG 21,0.0
2030,sc01,10-30 09:00:00+01:00,ST NG 09,0.0
2030,sc01,10-30 09:00:00+01:00,ST NG 04,1.0
2030,sc01,10-30 09:00:00+01:00,CT NG 23,0.0
2030,sc01,10-30 09:00:00+01:00,CT NG 13,0.0
2030,sc01,10-30 09:00:00+01:00,CC NG 11,1.0
2030,sc01,10-30 09:00:00+01:00,CT NG 04,0.0
2030,sc01,10-30 09:00:00+01:00,CC NG 18,1.0
2030,sc01,10-30 09:00:00+01:00,CC NG 34,0.0
2030,sc01,10-30 09:00:00+01:00,CT Oil 04,0.0
2030,sc01,10-30 09:00:00+01:00,CT NG 74,1.0
2030,sc01,10-30 09:00:00+01:00,CT NG 55,0.0
2030,sc01,10-30 09:00:00+01:00,CT NG 75,0.0
2030,sc01,10-30 09:00:00+01:00,CC NG 01,0.0
2030,sc01,10-30 09:00:00+01:00,CC NG 39,0.0
2030,sc01,10-30 09:00:00+01:00,CT NG 09,0.0
2030,sc01,10-30 09:00:00+01:00,CC NG 31,0.0
2030,sc01,10-30 09:00:00+01:00,CT NG 14,0.0
2030,sc01,10-30 11:00:00+01:00,ST NG 03,0.0
2030,sc01,10-30 11:00:00+01:00,CC NG 37,0.22492025189576342
2030,sc01,10-30 11:00:00+01:00,CT NG 48,0.0
2030,sc01,10-30 11:00:00+01:00,CT NG 16,0.0
2030,sc01,10-30 11:00:00+01:00,CT NG 25,0.0
2030,sc01,10-30 11:00:00+01:00,CT NG 53,0.0
2030,sc01,10-30 11:00:00+01:00,ST NG 08,0.419020353480813
2030,sc01,10-30 11:00:00+01:00,CT Oil 03,0.0
2030,sc01,10-30 11:00:00+01:00,CT NG 43,0.0
2030,sc01,10-30 11:00:00+01:00,CC NG 04,0.0
2030,sc01,10-30 11:00:00+01:00,ST Other 02,0.0
2030,sc01,10-30 11:00:00+01:00,CT NG 30,0.0
2030,sc01,10-30 11:00:00+01:00,CC NG 27,0.0
2030,sc01,10-30 11:00:00+01:00,CC NG 38,0.0
2030,sc01,10-30 11:00:00+01:00,CC NG 20,0.0
2030,sc01,10-30 11:00:00+01:00,CC NG 19,0.6034271844485014
2030,sc01,10-30 11:00:00+01:00,CT NG 12,0.0
2030,sc01,10-30 11:00:00+01:00,CT NG 70,0.0
2030,sc01,10-30 11:00:00+01:00,ST NG 10,0.0
2030,sc01,10-30 11:00:00+01:00,CT NG 02,0.0
2030,sc01,10-30 11:00:00+01:00,CT NG 26,0.0
2030,sc01,10-30 11:00:00+01:00,ST NG 01,0.0
2030,sc01,10-30 11:00:00+01:00,CC NG 32,0.0
2030,sc01,10-30 11:00:00+01:00,CT NG 35,0.0
2030,sc01,10-30 11:00:00+01:00,ST NG 06,0.0
2030,sc01,10-30 11:00:00+01:00,CT Oil 01,0.0
2030,sc01,10-30 11:00:00+01:00,CT NG 67,0.0
2030,sc01,10-30 11:00:00+01:00,CT NG 72,1.0
2030,sc01,10-30 11:00:00+01:00,CT NG 66,0.0
2030,sc01,10-30 11:00:00+01:00,CT NG 71,0.946973156828434
2030,sc01,10-30 11:00:00+01:00,CC NG 07,0.0
2030,sc01,10-30 11:00:00+01:00,CT NG 69,0.0
2030,sc01,10-30 11:00:00+01:00,CT NG 07,0.0
2030,sc01,10-30 11:00:00+01:00,CT NG 45,0.0
2030,sc01,10-30 11:00:00+01:00,CC NG 03,0.0
2030,sc01,10-30 11:00:00+01:00,CC NG 13,0.0
2030,sc01,10-30 11:00:00+01:00,CT Oil 05,0.0
2030,sc01,10-30 11:00:00+01:00,CT NG 54,0.0
2030,sc01,10-30 11:00:00+01:00,ST Coal 01,0.0
2030,sc01,10-30 11:00:00+01:00,CC NG 16,0.0
2030,sc01,10-30 11:00:00+01:00,CT NG 73,1.0
2030,sc01,10-30 11:00:00+01:00,CC NG 09,0.0
2030,sc01,10-30 11:00:00+01:00,CT NG 03,0.0
2030,sc01,10-30 11:00:00+01:00,CT NG 28,0.0
2030,sc01,10-30 11:00:00+01:00,CT NG 11,0.0
2030,sc01,10-30 11:00:00+01:00,CT NG 08,0.0
2030,sc01,10-30 11:00:00+01:00,CT Oil 02,0.0
2030,sc01,10-30 11:00:00+01:00,CC NG 25,0.0
2030,sc01,10-30 11:00:00+01:00,CC NG 22,0.0015481717988750088
2030,sc01,10-30 11:00:00+01:00,CT NG 56,1.0
2030,sc01,10-30 11:00:00+01:00,CT NG 34,0.0
2030,sc01,10-30 11:00:00+01:00,ST NG 05,0.0
2030,sc01,10-30 11:00:00+01:00,CT NG 44,0.0
2030,sc01,10-30 11:00:00+01:00,CT NG 47,0.0
2030,sc01,10-30 11:00:00+01:00,CC NG 15,0.0
2030,sc01,10-30 11:00:00+01:00,CC NG 14,0.0
2030,sc01,10-30 11:00:00+01:00,CT NG 42,0.0
2030,sc01,10-30 11:00:00+01:00,ST NG 07,0.0
2030,sc01,10-30 11:00:00+01:00,CC NG 36,0.0
2030,sc01,10-30 11:00:00+01:00,CT NG 15,0.0
2030,sc01,10-30 11:00:00+01:00,CT NG 41,0.0
2030,sc01,10-30 11:00:00+01:00,CC NG 23,0.0
2030,sc01,10-30 11:00:00+01:00,CT NG 49,0.0
2030,sc01,10-30 11:00:00+01:00,CC NG 26,0.0
2030,sc01,10-30 11:00:00+01:00,CC NG 12,0.0
2030,sc01,10-30 11:00:00+01:00,CT NG 05,0.0
2030,sc01,10-30 11:00:00+01:00,CC NG 40,0.0
2030,sc01,10-30 11:00:00+01:00,CT NG 50,0.0
2030,sc01,10-30 11:00:00+01:00,CT NG 68,0.0
2030,sc01,10-30 11:00:00+01:00,CC NG 17,0.0
2030,sc01,10-30 11:00:00+01:00,CC NG 10,0.0
2030,sc01,10-30 11:00:00+01:00,CC NG 33,0.0
2030,sc01,10-30 11:00:00+01:00,CC NG 06,0.0
2030,sc01,10-30 11:00:00+01:00,CT NG 10,0.0
2030,sc01,10-30 11:00:00+01:00,CT NG 01,0.0
2030,sc01,10-30 11:00:00+01:00,CC NG 29,0.0
2030,sc01,10-30 11:00:00+01:00,CC NG 05,0.0
2030,sc01,10-30 11:00:00+01:00,CT NG 06,0.0
2030,sc01,10-30 11:00:00+01:00,CT NG 24,0.0
2030,sc01,10-30 11:00:00+01:00,CT NG 22,0.0
2030,sc01,10-30 11:00:00+01:00,CT NG 21,0.0
2030,sc01,10-30 11:00:00+01:00,CC NG 28,0.0
2030,sc01,10-30 11:00:00+01:00,CC NG 35,0.27817325106167046
2030,sc01,10-30 11:00:00+01:00,CC NG 24,0.0
2030,sc01,10-30 11:00:00+01:00,CC NG 08,0.0
2030,sc01,10-30 11:00:00+01:00,ST NG 02,0.0
2030,sc01,10-30 11:00:00+01:00,CT NG 52,0.0
2030,sc01,10-30 11:00:00+01:00,CT NG 46,0.0
2030,sc01,10-30 11:00:00+01:00,CT NG 36,0.0
2030,sc01,10-30 11:00:00+01:00,CC NG 21,0.0
2030,sc01,10-30 11:00:00+01:00,ST NG 09,0.0
2030,sc01,10-30 11:00:00+01:00,ST NG 04,0.0
2030,sc01,10-30 11:00:00+01:00,CT NG 23,0.0
2030,sc01,10-30 11:00:00+01:00,CT NG 13,0.0
2030,sc01,10-30 11:00:00+01:00,CC NG 11,0.0
2030,sc01,10-30 11:00:00+01:00,CT NG 04,0.0
2030,sc01,10-30 11:00:00+01:00,CC NG 18,0.0
2030,sc01,10-30 11:00:00+01:00,CC NG 34,0.5293214095932822
2030,sc01,10-30 11:00:00+01:00,CT Oil 04,0.0
2030,sc01,10-30 11:00:00+01:00,CT NG 74,0.3194001268358021
2030,sc01,10-30 11:00:00+01:00,CT NG 55,0.0
2030,sc01,10-30 11:00:00+01:00,CT NG 75,0.0
2030,sc01,10-30 11:00:00+01:00,CC NG 01,0.0
2030,sc01,10-30 11:00:00+01:00,CC NG 39,0.0
2030,sc01,10-30 11:00:00+01:00,CT NG 09,0.0
2030,sc01,10-30 11:00:00+01:00,CC NG 31,0.0
2030,sc01,10-30 11:00:00+01:00,CT NG 14,0.0
2030,sc01,10-31 13:00:00+01:00,ST NG 03,0.0
2030,sc01,10-31 13:00:00+01:00,CC NG 37,0.0
2030,sc01,10-31 13:00:00+01:00,CT NG 48,0.0
2030,sc01,10-31 13:00:00+01:00,CT NG 16,0.0
2030,sc01,10-31 13:00:00+01:00,CT NG 25,0.0
2030,sc01,10-31 13:00:00+01:00,CT NG 53,0.0
2030,sc01,10-31 13:00:00+01:00,ST NG 08,1.0
2030,sc01,10-31 13:00:00+01:00,CT Oil 03,0.0
2030,sc01,10-31 13:00:00+01:00,CT NG 43,0.0
2030,sc01,10-31 13:00:00+01:00,CC NG 04,0.0
2030,sc01,10-31 13:00:00+01:00,ST Other 02,0.0
2030,sc01,10-31 13:00:00+01:00,CT NG 30,0.0
2030,sc01,10-31 13:00:00+01:00,CC NG 27,0.0
2030,sc01,10-31 13:00:00+01:00,CC NG 38,0.0
2030,sc01,10-31 13:00:00+01:00,CC NG 20,0.0
2030,sc01,10-31 13:00:00+01:00,CC NG 19,0.0
2030,sc01,10-31 13:00:00+01:00,CT NG 12,0.0
2030,sc01,10-31 13:00:00+01:00,CT NG 70,0.0
2030,sc01,10-31 13:00:00+01:00,ST NG 10,0.0
2030,sc01,10-31 13:00:00+01:00,CT NG 02,0.0
2030,sc01,10-31 13:00:00+01:00,CT NG 26,0.0
2030,sc01,10-31 13:00:00+01:00,ST NG 01,0.0
2030,sc01,10-31 13:00:00+01:00,CC NG 32,0.0
2030,sc01,10-31 13:00:00+01:00,CT NG 35,0.0
2030,sc01,10-31 13:00:00+01:00,ST NG 06,0.0
2030,sc01,10-31 13:00:00+01:00,CT Oil 01,0.0
2030,sc01,10-31 13:00:00+01:00,CT NG 67,0.0
2030,sc01,10-31 13:00:00+01:00,CT NG 72,0.0
2030,sc01,10-31 13:00:00+01:00,CT NG 66,0.0
2030,sc01,10-31 13:00:00+01:00,CT NG 71,0.0
2030,sc01,10-31 13:00:00+01:00,CC NG 07,0.0
2030,sc01,10-31 13:00:00+01:00,CT NG 69,0.0
2030,sc01,10-31 13:00:00+01:00,CT NG 07,0.0
2030,sc01,10-31 13:00:00+01:00,CT NG 45,0.0
2030,sc01,10-31 13:00:00+01:00,CC NG 03,0.0
2030,sc01,10-31 13:00:00+01:00,CC NG 13,0.0
2030,sc01,10-31 13:00:00+01:00,CT Oil 05,0.0
2030,sc01,10-31 13:00:00+01:00,CT NG 54,0.0
2030,sc01,10-31 13:00:00+01:00,ST Coal 01,0.0
2030,sc01,10-31 13:00:00+01:00,CC NG 16,0.0
2030,sc01,10-31 13:00:00+01:00,CT NG 73,0.0
2030,sc01,10-31 13:00:00+01:00,CC NG 09,0.0
2030,sc01,10-31 13:00:00+01:00,CT NG 03,0.0
2030,sc01,10-31 13:00:00+01:00,CT NG 28,0.0
2030,sc01,10-31 13:00:00+01:00,CT NG 11,0.0
2030,sc01,10-31 13:00:00+01:00,CT NG 08,0.0
2030,sc01,10-31 13:00:00+01:00,CT Oil 02,0.0
2030,sc01,10-31 13:00:00+01:00,CC NG 25,0.0
2030,sc01,10-31 13:00:00+01:00,CC NG 22,0.14546819996648108
2030,sc01,10-31 13:00:00+01:00,CT NG 56,0.0
2030,sc01,10-31 13:00:00+01:00,CT NG 34,0.0
2030,sc01,10-31 13:00:00+01:00,ST NG 05,0.0
2030,sc01,10-31 13:00:00+01:00,CT NG 44,0.0
2030,sc01,10-31 13:00:00+01:00,CT NG 47,0.0
2030,sc01,10-31 13:00:00+01:00,CC NG 15,0.0
2030,sc01,10-31 13:00:00+01:00,CC NG 14,0.0
2030,sc01,10-31 13:00:00+01:00,CT NG 42,0.0
2030,sc01,10-31 13:00:00+01:00,ST NG 07,0.0
2030,sc01,10-31 13:00:00+01:00,CC NG 36,0.0
2030,sc01,10-31 13:00:00+01:00,CT NG 15,0.0
2030,sc01,10-31 13:00:00+01:00,CT NG 41,0.0
2030,sc01,10-31 13:00:00+01:00,CC NG 23,0.0
2030,sc01,10-31 13:00:00+01:00,CT NG 49,0.0
2030,sc01,10-31 13:00:00+01:00,CC NG 26,0.0
2030,sc01,10-31 13:00:00+01:00,CC NG 12,0.0
2030,sc01,10-31 13:00:00+01:00,CT NG 05,0.0
2030,sc01,10-31 13:00:00+01:00,CC NG 40,0.0
2030,sc01,10-31 13:00:00+01:00,CT NG 50,0.0
2030,sc01,10-31 13:00:00+01:00,CT NG 68,0.0
2030,sc01,10-31 13:00:00+01:00,CC NG 17,0.0
2030,sc01,10-31 13:00:00+01:00,CC NG 10,0.0
2030,sc01,10-31 13:00:00+01:00,CC NG 33,0.0
2030,sc01,10-31 13:00:00+01:00,CC NG 06,0.0
2030,sc01,10-31 13:00:00+01:00,CT NG 10,0.0
2030,sc01,10-31 13:00:00+01:00,CT NG 01,0.0
2030,sc01,10-31 13:00:00+01:00,CC NG 29,0.0
2030,sc01,10-31 13:00:00+01:00,CC NG 05,0.0
2030,sc01,10-31 13:00:00+01:00,CT NG 06,0.0
2030,sc01,10-31 13:00:00+01:00,CT NG 24,0.0
2030,sc01,10-31 13:00:00+01:00,CT NG 22,1.0
2030,sc01,10-31 13:00:00+01:00,CT NG 21,0.0
2030,sc01,10-31 13:00:00+01:00,CC NG 28,0.0
2030,sc01,10-31 13:00:00+01:00,CC NG 35,0.8808868945084867
2030,sc01,10-31 13:00:00+01:00,CC NG 24,0.0
2030,sc01,10-31 13:00:00+01:00,CC NG 08,0.0
2030,sc01,10-31 13:00:00+01:00,ST NG 02,0.0
2030,sc01,10-31 13:00:00+01:00,CT NG 52,0.0
2030,sc01,10-31 13:00:00+01:00,CT NG 46,0.0
2030,sc01,10-31 13:00:00+01:00,CT NG 36,0.0
2030,sc01,10-31 13:00:00+01:00,CC NG 21,0.0
2030,sc01,10-31 13:00:00+01:00,ST NG 09,1.0
2030,sc01,10-31 13:00:00+01:00,ST NG 04,0.0
2030,sc01,10-31 13:00:00+01:00,CT NG 23,1.0
2030,sc01,10-31 13:00:00+01:00,CT NG 13,0.0
2030,sc01,10-31 13:00:00+01:00,CC NG 11,0.0
2030,sc01,10-31 13:00:00+01:00,CT NG 04,0.0
2030,sc01,10-31 13:00:00+01:00,CC NG 18,0.0
2030,sc01,10-31 13:00:00+01:00,CC NG 34,0.15527134953147564
2030,sc01,10-31 13:00:00+01:00,CT Oil 04,0.0
2030,sc01,10-31 13:00:00+01:00,CT NG 74,0.0
2030,sc01,10-31 13:00:00+01:00,CT NG 55,0.0
2030,sc01,10-31 13:00:00+01:00,CT NG 75,0.0
2030,sc01,10-31 13:00:00+01:00,CC NG 01,0.0
2030,sc01,10-31 13:00:00+01:00,CC NG 39,0.0
2030,sc01,10-31 13:00:00+01:00,CT NG 09,0.0
2030,sc01,10-31 13:00:00+01:00,CC NG 31,1.0
2030,sc01,10-31 13:00:00+01:00,CT NG 14,0.0
2030,sc01,10-31 19:00:00+01:00,ST NG 03,0.845803825909423
2030,sc01,10-31 19:00:00+01:00,CC NG 37,0.0
2030,sc01,10-31 19:00:00+01:00,CT NG 48,0.0
2030,sc01,10-31 19:00:00+01:00,CT NG 16,0.0
2030,sc01,10-31 19:00:00+01:00,CT NG 25,0.0
2030,sc01,10-31 19:00:00+01:00,CT NG 53,0.0
2030,sc01,10-31 19:00:00+01:00,ST NG 08,0.0
2030,sc01,10-31 19:00:00+01:00,CT Oil 03,0.0
2030,sc01,10-31 19:00:00+01:00,CT NG 43,0.0
2030,sc01,10-31 19:00:00+01:00,CC NG 04,0.0
2030,sc01,10-31 19:00:00+01:00,ST Other 02,0.0
2030,sc01,10-31 19:00:00+01:00,CT NG 30,0.0
2030,sc01,10-31 19:00:00+01:00,CC NG 27,0.10897980970961352
2030,sc01,10-31 19:00:00+01:00,CC NG 38,0.0
2030,sc01,10-31 19:00:00+01:00,CC NG 20,0.0
2030,sc01,10-31 19:00:00+01:00,CC NG 19,0.0
2030,sc01,10-31 19:00:00+01:00,CT NG 12,0.0
2030,sc01,10-31 19:00:00+01:00,CT NG 70,0.0
2030,sc01,10-31 19:00:00+01:00,ST NG 10,0.0
2030,sc01,10-31 19:00:00+01:00,CT NG 02,0.0
2030,sc01,10-31 19:00:00+01:00,CT NG 26,0.0
2030,sc01,10-31 19:00:00+01:00,ST NG 01,0.0
2030,sc01,10-31 19:00:00+01:00,CC NG 32,0.0
2030,sc01,10-31 19:00:00+01:00,CT NG 35,0.0
2030,sc01,10-31 19:00:00+01:00,ST NG 06,0.0
2030,sc01,10-31 19:00:00+01:00,CT Oil 01,0.0
2030,sc01,10-31 19:00:00+01:00,CT NG 67,0.0
2030,sc01,10-31 19:00:00+01:00,CT NG 72,0.0
2030,sc01,10-31 19:00:00+01:00,CT NG 66,0.0
2030,sc01,10-31 19:00:00+01:00,CT NG 71,0.0
2030,sc01,10-31 19:00:00+01:00,CC NG 07,0.0
2030,sc01,10-31 19:00:00+01:00,CT NG 69,0.0
2030,sc01,10-31 19:00:00+01:00,CT NG 07,0.0
2030,sc01,10-31 19:00:00+01:00,CT NG 45,0.0
2030,sc01,10-31 19:00:00+01:00,CC NG 03,0.0
2030,sc01,10-31 19:00:00+01:00,CC NG 13,0.0
2030,sc01,10-31 19:00:00+01:00,CT Oil 05,0.0
2030,sc01,10-31 19:00:00+01:00,CT NG 54,0.0
2030,sc01,10-31 19:00:00+01:00,ST Coal 01,0.0
2030,sc01,10-31 19:00:00+01:00,CC NG 16,0.0
2030,sc01,10-31 19:00:00+01:00,CT NG 73,0.0
2030,sc01,10-31 19:00:00+01:00,CC NG 09,0.0
2030,sc01,10-31 19:00:00+01:00,CT NG 03,0.0
2030,sc01,10-31 19:00:00+01:00,CT NG 28,0.0
2030,sc01,10-31 19:00:00+01:00,CT NG 11,0.0
2030,sc01,10-31 19:00:00+01:00,CT NG 08,0.0
2030,sc01,10-31 19:00:00+01:00,CT Oil 02,0.0
2030,sc01,10-31 19:00:00+01:00,CC NG 25,0.0
2030,sc01,10-31 19:00:00+01:00,CC NG 22,0.8529836282346439
2030,sc01,10-31 19:00:00+01:00,CT NG 56,0.0
2030,sc01,10-31 19:00:00+01:00,CT NG 34,0.0
2030,sc01,10-31 19:00:00+01:00,ST NG 05,0.0
2030,sc01,10-31 19:00:00+01:00,CT NG 44,0.0
2030,sc01,10-31 19:00:00+01:00,CT NG 47,0.0
2030,sc01,10-31 19:00:00+01:00,CC NG 15,0.0
2030,sc01,10-31 19:00:00+01:00,CC NG 14,0.0
2030,sc01,10-31 19:00:00+01:00,CT NG 42,0.0
2030,sc01,10-31 19:00:00+01:00,ST NG 07,0.0
2030,sc01,10-31 19:00:00+01:00,CC NG 36,0.0
2030,sc01,10-31 19:00:00+01:00,CT NG 15,0.0
2030,sc01,10-31 19:00:00+01:00,CT NG 41,0.0
2030,sc01,10-31 19:00:00+01:00,CC NG 23,0.0
2030,sc01,10-31 19:00:00+01:00,CT NG 49,0.0
2030,sc01,10-31 19:00:00+01:00,CC NG 26,0.17271801510929363
2030,sc01,10-31 19:00:00+01:00,CC NG 12,0.0
2030,sc01,10-31 19:00:00+01:00,CT NG 05,0.0
2030,sc01,10-31 19:00:00+01:00,CC NG 40,0.0
2030,sc01,10-31 19:00:00+01:00,CT NG 50,0.0
2030,sc01,10-31 19:00:00+01:00,CT NG 68,0.0
2030,sc01,10-31 19:00:00+01:00,CC NG 17,0.0
2030,sc01,10-31 19:00:00+01:00,CC NG 10,0.0
2030,sc01,10-31 19:00:00+01:00,CC NG 33,0.0
2030,sc01,10-31 19:00:00+01:00,CC NG 06,0.0
2030,sc01,10-31 19:00:00+01:00,CT NG 10,0.0
2030,sc01,10-31 19:00:00+01:00,CT NG 01,0.0
2030,sc01,10-31 19:00:00+01:00,CC NG 29,0.0
2030,sc01,10-31 19:00:00+01:00,CC NG 05,0.0
2030,sc01,10-31 19:00:00+01:00,CT NG 06,0.0
2030,sc01,10-31 19:00:00+01:00,CT NG 24,0.0
2030,sc01,10-31 19:00:00+01:00,CT NG 22,0.0
2030,sc01,10-31 19:00:00+01:00,CT NG 21,0.0
2030,sc01,10-31 19:00:00+01:00,CC NG 28,0.0
2030,sc01,10-31 19:00:00+01:00,CC NG 35,0.9703040881485849
2030,sc01,10-31 19:00:00+01:00,CC NG 24,0.0
2030,sc01,10-31 19:00:00+01:00,CC NG 08,0.0
2030,sc01,10-31 19:00:00+01:00,ST NG 02,0.0
2030,sc01,10-31 19:00:00+01:00,CT NG 52,0.0
2030,sc01,10-31 19:00:00+01:00,CT NG 46,0.0
2030,sc01,10-31 19:00:00+01:00,CT NG 36,0.0
2030,sc01,10-31 19:00:00+01:00,CC NG 21,0.0
2030,sc01,10-31 19:00:00+01:00,ST NG 09,0.0
2030,sc01,10-31 19:00:00+01:00,ST NG 04,0.0
2030,sc01,10-31 19:00:00+01:00,CT NG 23,0.0
2030,sc01,10-31 19:00:00+01:00,CT NG 13,0.0
2030,sc01,10-31 19:00:00+01:00,CC NG 11,0.0
2030,sc01,10-31 19:00:00+01:00,CT NG 04,0.0
2030,sc01,10-31 19:00:00+01:00,CC NG 18,0.13856637261377003
2030,sc01,10-31 19:00:00+01:00,CC NG 34,0.8801033706023083
2030,sc01,10-31 19:00:00+01:00,CT Oil 04,0.0
2030,sc01,10-31 19:00:00+01:00,CT NG 74,0.0
2030,sc01,10-31 19:00:00+01:00,CT NG 55,0.0
2030,sc01,10-31 19:00:00+01:00,CT NG 75,0.0
2030,sc01,10-31 19:00:00+01:00,CC NG 01,0.0
2030,sc01,10-31 19:00:00+01:00,CC NG 39,0.0
2030,sc01,10-31 19:00:00+01:00,CT NG 09,0.0
2030,sc01,10-31 19:00:00+01:00,CC NG 31,0.0
2030,sc01,10-31 19:00:00+01:00,CT NG 14,0.0
2030,sc01,11-05 13:00:00+01:00,ST NG 03,0.15419617409057698
2030,sc01,11-05 13:00:00+01:00,CC NG 37,0.0
2030,sc01,11-05 13:00:00+01:00,CT NG 48,1.0
2030,sc01,11-05 13:00:00+01:00,CT NG 16,0.0
2030,sc01,11-05 13:00:00+01:00,CT NG 25,0.0
2030,sc01,11-05 13:00:00+01:00,CT NG 53,0.0
2030,sc01,11-05 13:00:00+01:00,ST NG 08,0.0
2030,sc01,11-05 13:00:00+01:00,CT Oil 03,0.0
2030,sc01,11-05 13:00:00+01:00,CT NG 43,0.0
2030,sc01,11-05 13:00:00+01:00,CC NG 04,0.9999999999999999
2030,sc01,11-05 13:00:00+01:00,ST Other 02,0.0
2030,sc01,11-05 13:00:00+01:00,CT NG 30,0.0
2030,sc01,11-05 13:00:00+01:00,CC NG 27,0.8910201902903865
2030,sc01,11-05 13:00:00+01:00,CC NG 38,0.0
2030,sc01,11-05 13:00:00+01:00,CC NG 20,0.0
2030,sc01,11-05 13:00:00+01:00,CC NG 19,1.0
2030,sc01,11-05 13:00:00+01:00,CT NG 12,0.0
2030,sc01,11-05 13:00:00+01:00,CT NG 70,0.0
2030,sc01,11-05 13:00:00+01:00,ST NG 10,1.0
2030,sc01,11-05 13:00:00+01:00,CT NG 02,0.0
2030,sc01,11-05 13:00:00+01:00,CT NG 26,0.0
2030,sc01,11-05 13:00:00+01:00,ST NG 01,0.0
2030,sc01,11-05 13:00:00+01:00,CC NG 32,0.0
2030,sc01,11-05 13:00:00+01:00,CT NG 35,0.0
2030,sc01,11-05 13:00:00+01:00,ST NG 06,0.0
2030,sc01,11-05 13:00:00+01:00,CT Oil 01,0.0
2030,sc01,11-05 13:00:00+01:00,CT NG 67,0.0
2030,sc01,11-05 13:00:00+01:00,CT NG 72,0.0
2030,sc01,11-05 13:00:00+01:00,CT NG 66,0.0
2030,sc01,11-05 13:00:00+01:00,CT NG 71,0.0
2030,sc01,11-05 13:00:00+01:00,CC NG 07,1.0
2030,sc01,11-05 13:00:00+01:00,CT NG 69,0.0
2030,sc01,11-05 13:00:00+01:00,CT NG 07,0.0
2030,sc01,11-05 13:00:00+01:00,CT NG 45,0.0
2030,sc01,11-05 13:00:00+01:00,CC NG 03,1.0
2030,sc01,11-05 13:00:00+01:00,CC NG 13,1.0
2030,sc01,11-05 13:00:00+01:00,CT Oil 05,0.0
2030,sc01,11-05 13:00:00+01:00,CT NG 54,0.0
2030,sc01,11-05 13:00:00+01:00,ST Coal 01,0.0
2030,sc01,11-05 13:00:00+01:00,CC NG 16,1.0
2030,sc01,11-05 13:00:00+01:00,CT NG 73,0.0
2030,sc01,11-05 13:00:00+01:00,CC NG 09,1.0
2030,sc01,11-05 13:00:00+01:00,CT NG 03,0.0
2030,sc01,11-05 13:00:00+01:00,CT NG 28,0.0
2030,sc01,11-05 13:00:00+01:00,CT NG 11,0.0
2030,sc01,11-05 13:00:00+01:00,CT NG 08,0.0
2030,sc01,11-05 13:00:00+01:00,CT Oil 02,0.0
2030,sc01,11-05 13:00:00+01:00,CC NG 25,0.0
2030,sc01,11-05 13:00:00+01:00,CC NG 22,0.5323395496275528
2030,sc01,11-05 13:00:00+01:00,CT NG 56,0.0
2030,sc01,11-05 13:00:00+01:00,CT NG 34,0.0
2030,sc01,11-05 13:00:00+01:00,ST NG 05,0.0
2030,sc01,11-05 13:00:00+01:00,CT NG 44,0.0
2030,sc01,11-05 13:00:00+01:00,CT NG 47,1.0
2030,sc01,11-05 13:00:00+01:00,CC NG 15,0.0
2030,sc01,11-05 13:00:00+01:00,CC NG 14,0.0
2030,sc01,11-05 13:00:00+01:00,CT NG 42,0.0
2030,sc01,11-05 13:00:00+01:00,ST NG 07,0.0
2030,sc01,11-05 13:00:00+01:00,CC NG 36,0.0
2030,sc01,11-05 13:00:00+01:00,CT NG 15,0.0
2030,sc01,11-05 13:00:00+01:00,CT NG 41,0.0
2030,sc01,11-05 13:00:00+01:00,CC NG 23,1.0
2030,sc01,11-05 13:00:00+01:00,CT NG 49,1.0
2030,sc01,11-05 13:00:00+01:00,CC NG 26,0.8272819848907064
2030,sc01,11-05 13:00:00+01:00,CC NG 12,0.0
2030,sc01,11-05 13:00:00+01:00,CT NG 05,0.0
2030,sc01,11-05 13:00:00+01:00,CC NG 40,0.0
2030,sc01,11-05 13:00:00+01:00,CT NG 50,0.0
2030,sc01,11-05 13:00:00+01:00,CT NG 68,0.0
2030,sc01,11-05 13:00:00+01:00,CC NG 17,1.0
2030,sc01,11-05 13:00:00+01:00,CC NG 10,0.0
2030,sc01,11-05 13:00:00+01:00,CC NG 33,0.0
2030,sc01,11-05 13:00:00+01:00,CC NG 06,0.0
2030,sc01,11-05 13:00:00+01:00,CT NG 10,0.0
2030,sc01,11-05 13:00:00+01:00,CT NG 01,0.0
2030,sc01,11-05 13:00:00+01:00,CC NG 29,1.0
2030,sc01,11-05 13:00:00+01:00,CC NG 05,0.0
2030,sc01,11-05 13:00:00+01:00,CT NG 06,0.0
2030,sc01,11-05 13:00:00+01:00,CT NG 24,0.0
2030,sc01,11-05 13:00:00+01:00,CT NG 22,0.0
2030,sc01,11-05 13:00:00+01:00,CT NG 21,1.0
2030,sc01,11-05 13:00:00+01:00,CC NG 28,0.0
2030,sc01,11-05 13:00:00+01:00,CC NG 35,0.14880901734292845
2030,sc01,11-05 13:00:00+01:00,CC NG 24,0.9999999999999999
2030,sc01,11-05 13:00:00+01:00,CC NG 08,1.0
2030,sc01,11-05 13:00:00+01:00,ST NG 02,0.0
2030,sc01,11-05 13:00:00+01:00,CT NG 52,0.0
2030,sc01,11-05 13:00:00+01:00,CT NG 46,1.0
2030,sc01,11-05 13:00:00+01:00,CT NG 36,0.0
2030,sc01,11-05 13:00:00+01:00,CC NG 21,0.0
2030,sc01,11-05 13:00:00+01:00,ST NG 09,0.0
2030,sc01,11-05 13:00:00+01:00,ST NG 04,1.0
2030,sc01,11-05 13:00:00+01:00,CT NG 23,0.0
2030,sc01,11-05 13:00:00+01:00,CT NG 13,0.0
2030,sc01,11-05 13:00:00+01:00,CC NG 11,0.0
2030,sc01,11-05 13:00:00+01:00,CT NG 04,0.0
2030,sc01,11-05 13:00:00+01:00,CC NG 18,0.86143362738623
2030,sc01,11-05 13:00:00+01:00,CC NG 34,0.4353038702729339
2030,sc01,11-05 13:00:00+01:00,CT Oil 04,0.0
2030,sc01,11-05 13:00:00+01:00,CT NG 74,0.0
2030,sc01,11-05 13:00:00+01:00,CT NG 55,0.0
2030,sc01,11-05 13:00:00+01:00,CT NG 75,0.5905594739958836
2030,sc01,11-05 13:00:00+01:00,CC NG 01,1.0
2030,sc01,11-05 13:00:00+01:00,CC NG 39,0.0
2030,sc01,11-05 13:00:00+01:00,CT NG 09,0.0
2030,sc01,11-05 13:00:00+01:00,CC NG 31,0.0
2030,sc01,11-05 13:00:00+01:00,CT NG 14,0.0
2030,sc01,11-05 16:00:00+01:00,ST NG 03,0.0
2030,sc01,11-05 16:00:00+01:00,CC NG 37,0.0
2030,sc01,11-05 16:00:00+01:00,CT NG 48,0.0
2030,sc01,11-05 16:00:00+01:00,CT NG 16,0.0
2030,sc01,11-05 16:00:00+01:00,CT NG 25,0.0
2030,sc01,11-05 16:00:00+01:00,CT NG 53,0.0
2030,sc01,11-05 16:00:00+01:00,ST NG 08,0.0
2030,sc01,11-05 16:00:00+01:00,CT Oil 03,0.0
2030,sc01,11-05 16:00:00+01:00,CT NG 43,0.0
2030,sc01,11-05 16:00:00+01:00,CC NG 04,0.0
2030,sc01,11-05 16:00:00+01:00,ST Other 02,0.0
2030,sc01,11-05 16:00:00+01:00,CT NG 30,0.0
2030,sc01,11-05 16:00:00+01:00,CC NG 27,0.0
2030,sc01,11-05 16:00:00+01:00,CC NG 38,0.0
2030,sc01,11-05 16:00:00+01:00,CC NG 20,0.0
2030,sc01,11-05 16:00:00+01:00,CC NG 19,0.0
2030,sc01,11-05 16:00:00+01:00,CT NG 12,0.0
2030,sc01,11-05 16:00:00+01:00,CT NG 70,0.0
2030,sc01,11-05 16:00:00+01:00,ST NG 10,0.0
2030,sc01,11-05 16:00:00+01:00,CT NG 02,0.0
2030,sc01,11-05 16:00:00+01:00,CT NG 26,0.0
2030,sc01,11-05 16:00:00+01:00,ST NG 01,0.0
2030,sc01,11-05 16:00:00+01:00,CC NG 32,0.0
2030,sc01,11-05 16:00:00+01:00,CT NG 35,0.0
2030,sc01,11-05 16:00:00+01:00,ST NG 06,0.0
2030,sc01,11-05 16:00:00+01:00,CT Oil 01,0.0
2030,sc01,11-05 16:00:00+01:00,CT NG 67,0.0
2030,sc01,11-05 16:00:00+01:00,CT NG 72,0.0
2030,sc01,11-05 16:00:00+01:00,CT NG 66,0.0
2030,sc01,11-05 16:00:00+01:00,CT NG 71,0.0
2030,sc01,11-05 16:00:00+01:00,CC NG 07,0.881602822839774
2030,sc01,11-05 16:00:00+01:00,CT NG 69,0.0
2030,sc01,11-05 16:00:00+01:00,CT NG 07,0.0
2030,sc01,11-05 16:00:00+01:00,CT NG 45,0.0
2030,sc01,11-05 16:00:00+01:00,CC NG 03,0.0
2030,sc01,11-05 16:00:00+01:00,CC NG 13,0.0
2030,sc01,11-05 16:00:00+01:00,CT Oil 05,0.0
2030,sc01,11-05 16:00:00+01:00,CT NG 54,0.0
2030,sc01,11-05 16:00:00+01:00,ST Coal 01,0.0
2030,sc01,11-05 16:00:00+01:00,CC NG 16,0.0
2030,sc01,11-05 16:00:00+01:00,CT NG 73,0.0
2030,sc01,11-05 16:00:00+01:00,CC NG 09,0.0
2030,sc01,11-05 16:00:00+01:00,CT NG 03,0.0
2030,sc01,11-05 16:00:00+01:00,CT NG 28,0.0
2030,sc01,11-05 16:00:00+01:00,CT NG 11,0.0
2030,sc01,11-05 16:00:00+01:00,CT NG 08,0.0
2030,sc01,11-05 16:00:00+01:00,CT Oil 02,0.0
2030,sc01,11-05 16:00:00+01:00,CC NG 25,0.0
2030,sc01,11-05 16:00:00+01:00,CC NG 22,0.4676604503724472
2030,sc01,11-05 16:00:00+01:00,CT NG 56,0.0
2030,sc01,11-05 16:00:00+01:00,CT NG 34,0.0
2030,sc01,11-05 16:00:00+01:00,ST NG 05,0.0
2030,sc01,11-05 16:00:00+01:00,CT NG 44,0.0
2030,sc01,11-05 16:00:00+01:00,CT NG 47,0.0
2030,sc01,11-05 16:00:00+01:00,CC NG 15,0.0
2030,sc01,11-05 16:00:00+01:00,CC NG 14,0.0
2030,sc01,11-05 16:00:00+01:00,CT NG 42,0.0
2030,sc01,11-05 16:00:00+01:00,ST NG 07,0.0
2030,sc01,11-05 16:00:00+01:00,CC NG 36,0.0
2030,sc01,11-05 16:00:00+01:00,CT NG 15,0.0
2030,sc01,11-05 16:00:00+01:00,CT NG 41,0.0
2030,sc01,11-05 16:00:00+01:00,CC NG 23,0.0
2030,sc01,11-05 16:00:00+01:00,CT NG 49,0.0
2030,sc01,11-05 16:00:00+01:00,CC NG 26,0.0
2030,sc01,11-05 16:00:00+01:00,CC NG 12,0.0
2030,sc01,11-05 16:00:00+01:00,CT NG 05,0.0
2030,sc01,11-05 16:00:00+01:00,CC NG 40,0.0
2030,sc01,11-05 16:00:00+01:00,CT NG 50,0.0
2030,sc01,11-05 16:00:00+01:00,CT NG 68,0.0
2030,sc01,11-05 16:00:00+01:00,CC NG 17,0.0
2030,sc01,11-05 16:00:00+01:00,CC NG 10,0.0
2030,sc01,11-05 16:00:00+01:00,CC NG 33,0.0
2030,sc01,11-05 16:00:00+01:00,CC NG 06,0.0
2030,sc01,11-05 16:00:00+01:00,CT NG 10,0.0
2030,sc01,11-05 16:00:00+01:00,CT NG 01,0.0
2030,sc01,11-05 16:00:00+01:00,CC NG 29,0.0
2030,sc01,11-05 16:00:00+01:00,CC NG 05,0.0
2030,sc01,11-05 16:00:00+01:00,CT NG 06,0.0
2030,sc01,11-05 16:00:00+01:00,CT NG 24,0.0
2030,sc01,11-05 16:00:00+01:00,CT NG 22,0.0
2030,sc01,11-05 16:00:00+01:00,CT NG 21,0.0
2030,sc01,11-05 16:00:00+01:00,CC NG 28,0.0
2030,sc01,11-05 16:00:00+01:00,CC NG 35,0.0
2030,sc01,11-05 16:00:00+01:00,CC NG 24,0.623410669068819
2030,sc01,11-05 16:00:00+01:00,CC NG 08,0.0
2030,sc01,11-05 16:00:00+01:00,ST NG 02,0.0
2030,sc01,11-05 16:00:00+01:00,CT NG 52,0.0
2030,sc01,11-05 16:00:00+01:00,CT NG 46,0.0
2030,sc01,11-05 16:00:00+01:00,CT NG 36,0.0
2030,sc01,11-05 16:00:00+01:00,CC NG 21,0.0
2030,sc01,11-05 16:00:00+01:00,ST NG 09,0.0
2030,sc01,11-05 16:00:00+01:00,ST NG 04,0.0
2030,sc01,11-05 16:00:00+01:00,CT NG 23,0.0
2030,sc01,11-05 16:00:00+01:00,CT NG 13,0.0
2030,sc01,11-05 16:00:00+01:00,CC NG 11,0.0
2030,sc01,11-05 16:00:00+01:00,CT NG 04,0.0
2030,sc01,11-05 16:00:00+01:00,CC NG 18,0.0
2030,sc01,11-05 16:00:00+01:00,CC NG 34,0.8146341774017745
2030,sc01,11-05 16:00:00+01:00,CT Oil 04,0.0
2030,sc01,11-05 16:00:00+01:00,CT NG 74,0.0
2030,sc01,11-05 16:00:00+01:00,CT NG 55,0.0
2030,sc01,11-05 16:00:00+01:00,CT NG 75,0.4094405260041164
2030,sc01,11-05 16:00:00+01:00,CC NG 01,0.0
2030,sc01,11-05 16:00:00+01:00,CC NG 39,0.0
2030,sc01,11-05 16:00:00+01:00,CT NG 09,0.0
2030,sc01,11-05 16:00:00+01:00,CC NG 31,0.0
2030,sc01,11-05 16:00:00+01:00,CT NG 14,0.0
2030,sc01,11-05 18:00:00+01:00,ST NG 03,0.018833984421890215
2030,sc01,11-05 18:00:00+01:00,CC NG 37,0.0
2030,sc01,11-05 18:00:00+01:00,CT NG 48,0.0
2030,sc01,11-05 18:00:00+01:00,CT NG 16,0.0
2030,sc01,11-05 18:00:00+01:00,CT NG 25,0.0
2030,sc01,11-05 18:00:00+01:00,CT NG 53,0.0
2030,sc01,11-05 18:00:00+01:00,ST NG 08,0.0
2030,sc01,11-05 18:00:00+01:00,CT Oil 03,0.0
2030,sc01,11-05 18:00:00+01:00,CT NG 43,0.0
2030,sc01,11-05 18:00:00+01:00,CC NG 04,0.0
2030,sc01,11-05 18:00:00+01:00,ST Other 02,0.0
2030,sc01,11-05 18:00:00+01:00,CT NG 30,0.0
2030,sc01,11-05 18:00:00+01:00,CC NG 27,0.0
2030,sc01,11-05 18:00:00+01:00,CC NG 38,0.0
2030,sc01,11-05 18:00:00+01:00,CC NG 20,0.0
2030,sc01,11-05 18:00:00+01:00,CC NG 19,0.0
2030,sc01,11-05 18:00:00+01:00,CT NG 12,0.0
2030,sc01,11-05 18:00:00+01:00,CT NG 70,0.0
2030,sc01,11-05 18:00:00+01:00,ST NG 10,0.0
2030,sc01,11-05 18:00:00+01:00,CT NG 02,0.0
2030,sc01,11-05 18:00:00+01:00,CT NG 26,0.0
2030,sc01,11-05 18:00:00+01:00,ST NG 01,0.0
2030,sc01,11-05 18:00:00+01:00,CC NG 32,0.0
2030,sc01,11-05 18:00:00+01:00,CT NG 35,0.0
2030,sc01,11-05 18:00:00+01:00,ST NG 06,0.0
2030,sc01,11-05 18:00:00+01:00,CT Oil 01,0.0
2030,sc01,11-05 18:00:00+01:00,CT NG 67,0.0
2030,sc01,11-05 18:00:00+01:00,CT NG 72,0.0
2030,sc01,11-05 18:00:00+01:00,CT NG 66,0.0
2030,sc01,11-05 18:00:00+01:00,CT NG 71,0.0
2030,sc01,11-05 18:00:00+01:00,CC NG 07,0.0
2030,sc01,11-05 18:00:00+01:00,CT NG 69,0.0
2030,sc01,11-05 18:00:00+01:00,CT NG 07,0.0
2030,sc01,11-05 18:00:00+01:00,CT NG 45,0.0
2030,sc01,11-05 18:00:00+01:00,CC NG 03,0.0
2030,sc01,11-05 18:00:00+01:00,CC NG 13,0.0
2030,sc01,11-05 18:00:00+01:00,CT Oil 05,0.0
2030,sc01,11-05 18:00:00+01:00,CT NG 54,0.0
2030,sc01,11-05 18:00:00+01:00,ST Coal 01,0.0
2030,sc01,11-05 18:00:00+01:00,CC NG 16,0.0
2030,sc01,11-05 18:00:00+01:00,CT NG 73,0.0
2030,sc01,11-05 18:00:00+01:00,CC NG 09,0.0
2030,sc01,11-05 18:00:00+01:00,CT NG 03,0.0
2030,sc01,11-05 18:00:00+01:00,CT NG 28,0.0
2030,sc01,11-05 18:00:00+01:00,CT NG 11,0.0
2030,sc01,11-05 18:00:00+01:00,CT NG 08,0.0
2030,sc01,11-05 18:00:00+01:00,CT Oil 02,0.0
2030,sc01,11-05 18:00:00+01:00,CC NG 25,0.0
2030,sc01,11-05 18:00:00+01:00,CC NG 22,0.0
2030,sc01,11-05 18:00:00+01:00,CT NG 56,0.0
2030,sc01,11-05 18:00:00+01:00,CT NG 34,0.0
2030,sc01,11-05 18:00:00+01:00,ST NG 05,0.0
2030,sc01,11-05 18:00:00+01:00,CT NG 44,0.0
2030,sc01,11-05 18:00:00+01:00,CT NG 47,0.6394301779420815
2030,sc01,11-05 18:00:00+01:00,CC NG 15,0.0
2030,sc01,11-05 18:00:00+01:00,CC NG 14,0.0
2030,sc01,11-05 18:00:00+01:00,CT NG 42,0.0
2030,sc01,11-05 18:00:00+01:00,ST NG 07,0.0
2030,sc01,11-05 18:00:00+01:00,CC NG 36,0.0
2030,sc01,11-05 18:00:00+01:00,CT NG 15,0.0
2030,sc01,11-05 18:00:00+01:00,CT NG 41,0.0
2030,sc01,11-05 18:00:00+01:00,CC NG 23,0.0
2030,sc01,11-05 18:00:00+01:00,CT NG 49,0.0
2030,sc01,11-05 18:00:00+01:00,CC NG 26,0.47760556887830397
2030,sc01,11-05 18:00:00+01:00,CC NG 12,0.0
2030,sc01,11-05 18:00:00+01:00,CT NG 05,0.0
2030,sc01,11-05 18:00:00+01:00,CC NG 40,0.0
2030,sc01,11-05 18:00:00+01:00,CT NG 50,0.0
2030,sc01,11-05 18:00:00+01:00,CT NG 68,0.0
2030,sc01,11-05 18:00:00+01:00,CC NG 17,0.0
2030,sc01,11-05 18:00:00+01:00,CC NG 10,0.0
2030,sc01,11-05 18:00:00+01:00,CC NG 33,0.0
2030,sc01,11-05 18:00:00+01:00,CC NG 06,0.0
2030,sc01,11-05 18:00:00+01:00,CT NG 10,0.0
2030,sc01,11-05 18:00:00+01:00,CT NG 01,0.0
2030,sc01,11-05 18:00:00+01:00,CC NG 29,0.0
2030,sc01,11-05 18:00:00+01:00,CC NG 05,0.0
2030,sc01,11-05 18:00:00+01:00,CT NG 06,0.0
2030,sc01,11-05 18:00:00+01:00,CT NG 24,0.0
2030,sc01,11-05 18:00:00+01:00,CT NG 22,0.0
2030,sc01,11-05 18:00:00+01:00,CT NG 21,0.0
2030,sc01,11-05 18:00:00+01:00,CC NG 28,0.0
2030,sc01,11-05 18:00:00+01:00,CC NG 35,0.0
2030,sc01,11-05 18:00:00+01:00,CC NG 24,0.3765893309311811
2030,sc01,11-05 18:00:00+01:00,CC NG 08,0.0
2030,sc01,11-05 18:00:00+01:00,ST NG 02,0.0
2030,sc01,11-05 18:00:00+01:00,CT NG 52,0.0
2030,sc01,11-05 18:00:00+01:00,CT NG 46,0.0
2030,sc01,11-05 18:00:00+01:00,CT NG 36,0.0
2030,sc01,11-05 18:00:00+01:00,CC NG 21,0.0
2030,sc01,11-05 18:00:00+01:00,ST NG 09,0.0
2030,sc01,11-05 18:00:00+01:00,ST NG 04,0.0
2030,sc01,11-05 18:00:00+01:00,CT NG 23,0.0
2030,sc01,11-05 18:00:00+01:00,CT NG 13,0.0
2030,sc01,11-05 18:00:00+01:00,CC NG 11,0.0
2030,sc01,11-05 18:00:00+01:00,CT NG 04,0.0
2030,sc01,11-05 18:00:00+01:00,CC NG 18,0.1689137882920828
2030,sc01,11-05 18:00:00+01:00,CC NG 34,0.08908062205140381
2030,sc01,11-05 18:00:00+01:00,CT Oil 04,0.5139383016662651
2030,sc01,11-05 18:00:00+01:00,CT NG 74,0.0
2030,sc01,11-05 18:00:00+01:00,CT NG 55,0.0
2030,sc01,11-05 18:00:00+01:00,CT NG 75,0.0
2030,sc01,11-05 18:00:00+01:00,CC NG 01,0.0
2030,sc01,11-05 18:00:00+01:00,CC NG 39,0.0
2030,sc01,11-05 18:00:00+01:00,CT NG 09,0.0
2030,sc01,11-05 18:00:00+01:00,CC NG 31,0.0
2030,sc01,11-05 18:00:00+01:00,CT NG 14,0.0
2030,sc01,11-05 19:00:00+01:00,ST NG 03,0.5196579295812231
2030,sc01,11-05 19:00:00+01:00,CC NG 37,0.0
2030,sc01,11-05 19:00:00+01:00,CT NG 48,0.0
2030,sc01,11-05 19:00:00+01:00,CT NG 16,0.0
2030,sc01,11-05 19:00:00+01:00,CT NG 25,0.0
2030,sc01,11-05 19:00:00+01:00,CT NG 53,1.0
2030,sc01,11-05 19:00:00+01:00,ST NG 08,0.0
2030,sc01,11-05 19:00:00+01:00,CT Oil 03,0.0
2030,sc01,11-05 19:00:00+01:00,CT NG 43,0.0
2030,sc01,11-05 19:00:00+01:00,CC NG 04,0.0
2030,sc01,11-05 19:00:00+01:00,ST Other 02,0.0
2030,sc01,11-05 19:00:00+01:00,CT NG 30,0.0
2030,sc01,11-05 19:00:00+01:00,CC NG 27,0.0
2030,sc01,11-05 19:00:00+01:00,CC NG 38,0.0
2030,sc01,11-05 19:00:00+01:00,CC NG 20,0.0
2030,sc01,11-05 19:00:00+01:00,CC NG 19,0.0
2030,sc01,11-05 19:00:00+01:00,CT NG 12,0.0
2030,sc01,11-05 19:00:00+01:00,CT NG 70,0.8568738769509414
2030,sc01,11-05 19:00:00+01:00,ST NG 10,0.0
2030,sc01,11-05 19:00:00+01:00,CT NG 02,0.0
2030,sc01,11-05 19:00:00+01:00,CT NG 26,0.0
2030,sc01,11-05 19:00:00+01:00,ST NG 01,0.0
2030,sc01,11-05 19:00:00+01:00,CC NG 32,0.0
2030,sc01,11-05 19:00:00+01:00,CT NG 35,0.0
2030,sc01,11-05 19:00:00+01:00,ST NG 06,0.0
2030,sc01,11-05 19:00:00+01:00,CT Oil 01,0.0
2030,sc01,11-05 19:00:00+01:00,CT NG 67,0.0
2030,sc01,11-05 19:00:00+01:00,CT NG 72,0.0
2030,sc01,11-05 19:00:00+01:00,CT NG 66,0.0
2030,sc01,11-05 19:00:00+01:00,CT NG 71,1.0
2030,sc01,11-05 19:00:00+01:00,CC NG 07,1.0
2030,sc01,11-05 19:00:00+01:00,CT NG 69,0.0
2030,sc01,11-05 19:00:00+01:00,CT NG 07,0.0
2030,sc01,11-05 19:00:00+01:00,CT NG 45,0.0
2030,sc01,11-05 19:00:00+01:00,CC NG 03,0.0
2030,sc01,11-05 19:00:00+01:00,CC NG 13,0.0
2030,sc01,11-05 19:00:00+01:00,CT Oil 05,0.0
2030,sc01,11-05 19:00:00+01:00,CT NG 54,0.0
2030,sc01,11-05 19:00:00+01:00,ST Coal 01,0.0
2030,sc01,11-05 19:00:00+01:00,CC NG 16,0.0
2030,sc01,11-05 19:00:00+01:00,CT NG 73,0.0
2030,sc01,11-05 19:00:00+01:00,CC NG 09,0.0
2030,sc01,11-05 19:00:00+01:00,CT NG 03,0.0
2030,sc01,11-05 19:00:00+01:00,CT NG 28,0.0
2030,sc01,11-05 19:00:00+01:00,CT NG 11,0.0
2030,sc01,11-05 19:00:00+01:00,CT NG 08,0.0
2030,sc01,11-05 19:00:00+01:00,CT Oil 02,0.0
2030,sc01,11-05 19:00:00+01:00,CC NG 25,0.0
2030,sc01,11-05 19:00:00+01:00,CC NG 22,0.0
2030,sc01,11-05 19:00:00+01:00,CT NG 56,1.0
2030,sc01,11-05 19:00:00+01:00,CT NG 34,0.0
2030,sc01,11-05 19:00:00+01:00,ST NG 05,0.0
2030,sc01,11-05 19:00:00+01:00,CT NG 44,0.0
2030,sc01,11-05 19:00:00+01:00,CT NG 47,0.36056982205791854
2030,sc01,11-05 19:00:00+01:00,CC NG 15,0.0
2030,sc01,11-05 19:00:00+01:00,CC NG 14,0.0
2030,sc01,11-05 19:00:00+01:00,CT NG 42,0.0
2030,sc01,11-05 19:00:00+01:00,ST NG 07,0.0
2030,sc01,11-05 19:00:00+01:00,CC NG 36,0.0
2030,sc01,11-05 19:00:00+01:00,CT NG 15,0.0
2030,sc01,11-05 19:00:00+01:00,CT NG 41,0.0
2030,sc01,11-05 19:00:00+01:00,CC NG 23,0.0
2030,sc01,11-05 19:00:00+01:00,CT NG 49,0.0
2030,sc01,11-05 19:00:00+01:00,CC NG 26,0.6951124462309896
2030,sc01,11-05 19:00:00+01:00,CC NG 12,0.0
2030,sc01,11-05 19:00:00+01:00,CT NG 05,0.0
2030,sc01,11-05 19:00:00+01:00,CC NG 40,0.0
2030,sc01,11-05 19:00:00+01:00,CT NG 50,0.0
2030,sc01,11-05 19:00:00+01:00,CT NG 68,0.0
2030,sc01,11-05 19:00:00+01:00,CC NG 17,0.0
2030,sc01,11-05 19:00:00+01:00,CC NG 10,1.0
2030,sc01,11-05 19:00:00+01:00,CC NG 33,0.0
2030,sc01,11-05 19:00:00+01:00,CC NG 06,0.0
2030,sc01,11-05 19:00:00+01:00,CT NG 10,0.3582553666957382
2030,sc01,11-05 19:00:00+01:00,CT NG 01,0.0
2030,sc01,11-05 19:00:00+01:00,CC NG 29,0.0
2030,sc01,11-05 19:00:00+01:00,CC NG 05,0.0
2030,sc01,11-05 19:00:00+01:00,CT NG 06,0.0
2030,sc01,11-05 19:00:00+01:00,CT NG 24,0.0
2030,sc01,11-05 19:00:00+01:00,CT NG 22,0.0
2030,sc01,11-05 19:00:00+01:00,CT NG 21,1.0
2030,sc01,11-05 19:00:00+01:00,CC NG 28,0.0
2030,sc01,11-05 19:00:00+01:00,CC NG 35,0.0
2030,sc01,11-05 19:00:00+01:00,CC NG 24,0.0
2030,sc01,11-05 19:00:00+01:00,CC NG 08,0.0
2030,sc01,11-05 19:00:00+01:00,ST NG 02,0.0
2030,sc01,11-05 19:00:00+01:00,CT NG 52,1.0
2030,sc01,11-05 19:00:00+01:00,CT NG 46,0.0
2030,sc01,11-05 19:00:00+01:00,CT NG 36,0.0
2030,sc01,11-05 19:00:00+01:00,CC NG 21,0.0
2030,sc01,11-05 19:00:00+01:00,ST NG 09,0.0
2030,sc01,11-05 19:00:00+01:00,ST NG 04,0.0
2030,sc01,11-05 19:00:00+01:00,CT NG 23,0.0
2030,sc01,11-05 19:00:00+01:00,CT NG 13,0.0
2030,sc01,11-05 19:00:00+01:00,CC NG 11,0.0
2030,sc01,11-05 19:00:00+01:00,CT NG 04,0.0
2030,sc01,11-05 19:00:00+01:00,CC NG 18,0.9598733624789569
2030,sc01,11-05 19:00:00+01:00,CC NG 34,0.07061882845980083
2030,sc01,11-05 19:00:00+01:00,CT Oil 04,0.4860616983337349
2030,sc01,11-05 19:00:00+01:00,CT NG 74,0.0
2030,sc01,11-05 19:00:00+01:00,CT NG 55,0.0
2030,sc01,11-05 19:00:00+01:00,CT NG 75,0.0
2030,sc01,11-05 19:00:00+01:00,CC NG 01,0.0
2030,sc01,11-05 19:00:00+01:00,CC NG 39,0.0
2030,sc01,11-05 19:00:00+01:00,CT NG 09,0.0
2030,sc01,11-05 19:00:00+01:00,CC NG 31,0.0
2030,sc01,11-05 19:00:00+01:00,CT NG 14,0.0
2030,sc01,11-06 16:00:00+01:00,ST NG 03,0.4615080859968867
2030,sc01,11-06 16:00:00+01:00,CC NG 37,0.0
2030,sc01,11-06 16:00:00+01:00,CT NG 48,1.0
2030,sc01,11-06 16:00:00+01:00,CT NG 16,0.0
2030,sc01,11-06 16:00:00+01:00,CT NG 25,0.0
2030,sc01,11-06 16:00:00+01:00,CT NG 53,0.0
2030,sc01,11-06 16:00:00+01:00,ST NG 08,0.0
2030,sc01,11-06 16:00:00+01:00,CT Oil 03,0.0
2030,sc01,11-06 16:00:00+01:00,CT NG 43,1.0
2030,sc01,11-06 16:00:00+01:00,CC NG 04,1.0
2030,sc01,11-06 16:00:00+01:00,ST Other 02,0.0
2030,sc01,11-06 16:00:00+01:00,CT NG 30,0.0
2030,sc01,11-06 16:00:00+01:00,CC NG 27,1.0
2030,sc01,11-06 16:00:00+01:00,CC NG 38,0.0
2030,sc01,11-06 16:00:00+01:00,CC NG 20,0.0
2030,sc01,11-06 16:00:00+01:00,CC NG 19,0.0
2030,sc01,11-06 16:00:00+01:00,CT NG 12,0.0
2030,sc01,11-06 16:00:00+01:00,CT NG 70,0.0
2030,sc01,11-06 16:00:00+01:00,ST NG 10,1.0
2030,sc01,11-06 16:00:00+01:00,CT NG 02,1.0
2030,sc01,11-06 16:00:00+01:00,CT NG 26,0.0
2030,sc01,11-06 16:00:00+01:00,ST NG 01,1.0
2030,sc01,11-06 16:00:00+01:00,CC NG 32,0.0
2030,sc01,11-06 16:00:00+01:00,CT NG 35,0.0
2030,sc01,11-06 16:00:00+01:00,ST NG 06,0.0
2030,sc01,11-06 16:00:00+01:00,CT Oil 01,0.0
2030,sc01,11-06 16:00:00+01:00,CT NG 67,0.0
2030,sc01,11-06 16:00:00+01:00,CT NG 72,0.0
2030,sc01,11-06 16:00:00+01:00,CT NG 66,0.0
2030,sc01,11-06 16:00:00+01:00,CT NG 71,0.0
2030,sc01,11-06 16:00:00+01:00,CC NG 07,0.0
2030,sc01,11-06 16:00:00+01:00,CT NG 69,0.0
2030,sc01,11-06 16:00:00+01:00,CT NG 07,0.0
2030,sc01,11-06 16:00:00+01:00,CT NG 45,1.0
2030,sc01,11-06 16:00:00+01:00,CC NG 03,1.0
2030,sc01,11-06 16:00:00+01:00,CC NG 13,1.0
2030,sc01,11-06 16:00:00+01:00,CT Oil 05,0.0
2030,sc01,11-06 16:00:00+01:00,CT NG 54,0.0
2030,sc01,11-06 16:00:00+01:00,ST Coal 01,1.0
2030,sc01,11-06 16:00:00+01:00,CC NG 16,0.8489429101712931
2030,sc01,11-06 16:00:00+01:00,CT NG 73,0.0
2030,sc01,11-06 16:00:00+01:00,CC NG 09,1.0
2030,sc01,11-06 16:00:00+01:00,CT NG 03,0.0
2030,sc01,11-06 16:00:00+01:00,CT NG 28,0.0
2030,sc01,11-06 16:00:00+01:00,CT NG 11,0.0
2030,sc01,11-06 16:00:00+01:00,CT NG 08,0.0
2030,sc01,11-06 16:00:00+01:00,CT Oil 02,0.0
2030,sc01,11-06 16:00:00+01:00,CC NG 25,0.0
2030,sc01,11-06 16:00:00+01:00,CC NG 22,0.0
2030,sc01,11-06 16:00:00+01:00,CT NG 56,0.0
2030,sc01,11-06 16:00:00+01:00,CT NG 34,0.0
2030,sc01,11-06 16:00:00+01:00,ST NG 05,0.0
2030,sc01,11-06 16:00:00+01:00,CT NG 44,1.0
2030,sc01,11-06 16:00:00+01:00,CT NG 47,1.0
2030,sc01,11-06 16:00:00+01:00,CC NG 15,1.0
2030,sc01,11-06 16:00:00+01:00,CC NG 14,0.6215926656860333
2030,sc01,11-06 16:00:00+01:00,CT NG 42,1.0
2030,sc01,11-06 16:00:00+01:00,ST NG 07,0.0
2030,sc01,11-06 16:00:00+01:00,CC NG 36,0.0
2030,sc01,11-06 16:00:00+01:00,CT NG 15,0.0
2030,sc01,11-06 16:00:00+01:00,CT NG 41,0.0
2030,sc01,11-06 16:00:00+01:00,CC NG 23,0.3482958861138673
2030,sc01,11-06 16:00:00+01:00,CT NG 49,1.0
2030,sc01,11-06 16:00:00+01:00,CC NG 26,0.8272819848907064
2030,sc01,11-06 16:00:00+01:00,CC NG 12,1.0
2030,sc01,11-06 16:00:00+01:00,CT NG 05,0.0
2030,sc01,11-06 16:00:00+01:00,CC NG 40,0.0
2030,sc01,11-06 16:00:00+01:00,CT NG 50,0.0
2030,sc01,11-06 16:00:00+01:00,CT NG 68,0.0
2030,sc01,11-06 16:00:00+01:00,CC NG 17,1.0
2030,sc01,11-06 16:00:00+01:00,CC NG 10,0.0
2030,sc01,11-06 16:00:00+01:00,CC NG 33,0.0
2030,sc01,11-06 16:00:00+01:00,CC NG 06,1.0
2030,sc01,11-06 16:00:00+01:00,CT NG 10,0.6417446333042618
2030,sc01,11-06 16:00:00+01:00,CT NG 01,0.0
2030,sc01,11-06 16:00:00+01:00,CC NG 29,1.0
2030,sc01,11-06 16:00:00+01:00,CC NG 05,0.0
2030,sc01,11-06 16:00:00+01:00,CT NG 06,0.0
2030,sc01,11-06 16:00:00+01:00,CT NG 24,0.0
2030,sc01,11-06 16:00:00+01:00,CT NG 22,0.0
2030,sc01,11-06 16:00:00+01:00,CT NG 21,0.0
2030,sc01,11-06 16:00:00+01:00,CC NG 28,0.0
2030,sc01,11-06 16:00:00+01:00,CC NG 35,0.0
2030,sc01,11-06 16:00:00+01:00,CC NG 24,0.9999999999999999
2030,sc01,11-06 16:00:00+01:00,CC NG 08,1.0
2030,sc01,11-06 16:00:00+01:00,ST NG 02,1.0
2030,sc01,11-06 16:00:00+01:00,CT NG 52,0.0
2030,sc01,11-06 16:00:00+01:00,CT NG 46,1.0
2030,sc01,11-06 16:00:00+01:00,CT NG 36,0.0
2030,sc01,11-06 16:00:00+01:00,CC NG 21,0.0
2030,sc01,11-06 16:00:00+01:00,ST NG 09,0.0
2030,sc01,11-06 16:00:00+01:00,ST NG 04,0.0
2030,sc01,11-06 16:00:00+01:00,CT NG 23,0.0
2030,sc01,11-06 16:00:00+01:00,CT NG 13,0.0
2030,sc01,11-06 16:00:00+01:00,CC NG 11,0.0
2030,sc01,11-06 16:00:00+01:00,CT NG 04,0.0
2030,sc01,11-06 16:00:00+01:00,CC NG 18,0.8712128492289603
2030,sc01,11-06 16:00:00+01:00,CC NG 34,0.7979797239939901
2030,sc01,11-06 16:00:00+01:00,CT Oil 04,0.0
2030,sc01,11-06 16:00:00+01:00,CT NG 74,0.0
2030,sc01,11-06 16:00:00+01:00,CT NG 55,0.0
2030,sc01,11-06 16:00:00+01:00,CT NG 75,1.0
2030,sc01,11-06 16:00:00+01:00,CC NG 01,1.0
2030,sc01,11-06 16:00:00+01:00,CC NG 39,1.0
2030,sc01,11-06 16:00:00+01:00,CT NG 09,0.0
2030,sc01,11-06 16:00:00+01:00,CC NG 31,0.0
2030,sc01,11-06 16:00:00+01:00,CT NG 14,0.0
2030,sc01,11-07 12:00:00+01:00,ST NG 03,0.0
2030,sc01,11-07 12:00:00+01:00,CC NG 37,0.0
2030,sc01,11-07 12:00:00+01:00,CT NG 48,0.0
2030,sc01,11-07 12:00:00+01:00,CT NG 16,0.0
2030,sc01,11-07 12:00:00+01:00,CT NG 25,0.0
2030,sc01,11-07 12:00:00+01:00,CT NG 53,0.0
2030,sc01,11-07 12:00:00+01:00,ST NG 08,0.0
2030,sc01,11-07 12:00:00+01:00,CT Oil 03,0.0
2030,sc01,11-07 12:00:00+01:00,CT NG 43,0.0
2030,sc01,11-07 12:00:00+01:00,CC NG 04,0.0
2030,sc01,11-07 12:00:00+01:00,ST Other 02,0.0
2030,sc01,11-07 12:00:00+01:00,CT NG 30,0.0
2030,sc01,11-07 12:00:00+01:00,CC NG 27,0.0
2030,sc01,11-07 12:00:00+01:00,CC NG 38,0.0
2030,sc01,11-07 12:00:00+01:00,CC NG 20,0.0
2030,sc01,11-07 12:00:00+01:00,CC NG 19,1.0
2030,sc01,11-07 12:00:00+01:00,CT NG 12,0.0
2030,sc01,11-07 12:00:00+01:00,CT NG 70,0.0
2030,sc01,11-07 12:00:00+01:00,ST NG 10,0.0
2030,sc01,11-07 12:00:00+01:00,CT NG 02,0.0
2030,sc01,11-07 12:00:00+01:00,CT NG 26,0.0
2030,sc01,11-07 12:00:00+01:00,ST NG 01,0.0
2030,sc01,11-07 12:00:00+01:00,CC NG 32,0.0
2030,sc01,11-07 12:00:00+01:00,CT NG 35,0.0
2030,sc01,11-07 12:00:00+01:00,ST NG 06,0.0
2030,sc01,11-07 12:00:00+01:00,CT Oil 01,0.0
2030,sc01,11-07 12:00:00+01:00,CT NG 67,0.0
2030,sc01,11-07 12:00:00+01:00,CT NG 72,0.0
2030,sc01,11-07 12:00:00+01:00,CT NG 66,0.0
2030,sc01,11-07 12:00:00+01:00,CT NG 71,0.6001406187304184
2030,sc01,11-07 12:00:00+01:00,CC NG 07,0.0
2030,sc01,11-07 12:00:00+01:00,CT NG 69,0.0
2030,sc01,11-07 12:00:00+01:00,CT NG 07,0.0
2030,sc01,11-07 12:00:00+01:00,CT NG 45,0.0
2030,sc01,11-07 12:00:00+01:00,CC NG 03,0.0
2030,sc01,11-07 12:00:00+01:00,CC NG 13,0.0
2030,sc01,11-07 12:00:00+01:00,CT Oil 05,0.0
2030,sc01,11-07 12:00:00+01:00,CT NG 54,0.0
2030,sc01,11-07 12:00:00+01:00,ST Coal 01,0.0
2030,sc01,11-07 12:00:00+01:00,CC NG 16,0.1510570898287069
2030,sc01,11-07 12:00:00+01:00,CT NG 73,0.0
2030,sc01,11-07 12:00:00+01:00,CC NG 09,0.0
2030,sc01,11-07 12:00:00+01:00,CT NG 03,0.0
2030,sc01,11-07 12:00:00+01:00,CT NG 28,0.0
2030,sc01,11-07 12:00:00+01:00,CT NG 11,0.0
2030,sc01,11-07 12:00:00+01:00,CT NG 08,0.0
2030,sc01,11-07 12:00:00+01:00,CT Oil 02,0.0
2030,sc01,11-07 12:00:00+01:00,CC NG 25,0.0
2030,sc01,11-07 12:00:00+01:00,CC NG 22,0.43365823034021256
2030,sc01,11-07 12:00:00+01:00,CT NG 56,0.0
2030,sc01,11-07 12:00:00+01:00,CT NG 34,0.0
2030,sc01,11-07 12:00:00+01:00,ST NG 05,0.0
2030,sc01,11-07 12:00:00+01:00,CT NG 44,0.0
2030,sc01,11-07 12:00:00+01:00,CT NG 47,0.0
2030,sc01,11-07 12:00:00+01:00,CC NG 15,0.0
2030,sc01,11-07 12:00:00+01:00,CC NG 14,0.3784073343139666
2030,sc01,11-07 12:00:00+01:00,CT NG 42,0.0
2030,sc01,11-07 12:00:00+01:00,ST NG 07,0.0
2030,sc01,11-07 12:00:00+01:00,CC NG 36,0.0
2030,sc01,11-07 12:00:00+01:00,CT NG 15,0.0
2030,sc01,11-07 12:00:00+01:00,CT NG 41,0.0
2030,sc01,11-07 12:00:00+01:00,CC NG 23,0.6517041138861327
2030,sc01,11-07 12:00:00+01:00,CT NG 49,0.0
2030,sc01,11-07 12:00:00+01:00,CC NG 26,0.0
2030,sc01,11-07 12:00:00+01:00,CC NG 12,0.0
2030,sc01,11-07 12:00:00+01:00,CT NG 05,0.0
2030,sc01,11-07 12:00:00+01:00,CC NG 40,0.0
2030,sc01,11-07 12:00:00+01:00,CT NG 50,0.0
2030,sc01,11-07 12:00:00+01:00,CT NG 68,0.0
2030,sc01,11-07 12:00:00+01:00,CC NG 17,0.0
2030,sc01,11-07 12:00:00+01:00,CC NG 10,0.0
2030,sc01,11-07 12:00:00+01:00,CC NG 33,0.0
2030,sc01,11-07 12:00:00+01:00,CC NG 06,0.0
2030,sc01,11-07 12:00:00+01:00,CT NG 10,0.0
2030,sc01,11-07 12:00:00+01:00,CT NG 01,0.0
2030,sc01,11-07 12:00:00+01:00,CC NG 29,0.0
2030,sc01,11-07 12:00:00+01:00,CC NG 05,0.0
2030,sc01,11-07 12:00:00+01:00,CT NG 06,0.0
2030,sc01,11-07 12:00:00+01:00,CT NG 24,0.0
2030,sc01,11-07 12:00:00+01:00,CT NG 22,0.0
2030,sc01,11-07 12:00:00+01:00,CT NG 21,0.0
2030,sc01,11-07 12:00:00+01:00,CC NG 28,0.0
2030,sc01,11-07 12:00:00+01:00,CC NG 35,0.0
2030,sc01,11-07 12:00:00+01:00,CC NG 24,0.0
2030,sc01,11-07 12:00:00+01:00,CC NG 08,0.0
2030,sc01,11-07 12:00:00+01:00,ST NG 02,0.0
2030,sc01,11-07 12:00:00+01:00,CT NG 52,0.0
2030,sc01,11-07 12:00:00+01:00,CT NG 46,0.0
2030,sc01,11-07 12:00:00+01:00,CT NG 36,0.0
2030,sc01,11-07 12:00:00+01:00,CC NG 21,0.0
2030,sc01,11-07 12:00:00+01:00,ST NG 09,0.0
2030,sc01,11-07 12:00:00+01:00,ST NG 04,1.0
2030,sc01,11-07 12:00:00+01:00,CT NG 23,0.0
2030,sc01,11-07 12:00:00+01:00,CT NG 13,0.0
2030,sc01,11-07 12:00:00+01:00,CC NG 11,0.0
2030,sc01,11-07 12:00:00+01:00,CT NG 04,0.0
2030,sc01,11-07 12:00:00+01:00,CC NG 18,1.0
2030,sc01,11-07 12:00:00+01:00,CC NG 34,0.08816362898326838
2030,sc01,11-07 12:00:00+01:00,CT Oil 04,0.0
2030,sc01,11-07 12:00:00+01:00,CT NG 74,0.0
2030,sc01,11-07 12:00:00+01:00,CT NG 55,0.0
2030,sc01,11-07 12:00:00+01:00,CT NG 75,0.0
2030,sc01,11-07 12:00:00+01:00,CC NG 01,0.0
2030,sc01,11-07 12:00:00+01:00,CC NG 39,0.0
2030,sc01,11-07 12:00:00+01:00,CT NG 09,0.0
2030,sc01,11-07 12:00:00+01:00,CC NG 31,0.0
2030,sc01,11-07 12:00:00+01:00,CT NG 14,0.0
2030,sc01,11-07 17:00:00+01:00,ST NG 03,0.0
2030,sc01,11-07 17:00:00+01:00,CC NG 37,0.0
2030,sc01,11-07 17:00:00+01:00,CT NG 48,0.0
2030,sc01,11-07 17:00:00+01:00,CT NG 16,0.0
2030,sc01,11-07 17:00:00+01:00,CT NG 25,0.0
2030,sc01,11-07 17:00:00+01:00,CT NG 53,0.0
2030,sc01,11-07 17:00:00+01:00,ST NG 08,1.0
2030,sc01,11-07 17:00:00+01:00,CT Oil 03,0.0
2030,sc01,11-07 17:00:00+01:00,CT NG 43,0.0
2030,sc01,11-07 17:00:00+01:00,CC NG 04,0.0
2030,sc01,11-07 17:00:00+01:00,ST Other 02,0.0
2030,sc01,11-07 17:00:00+01:00,CT NG 30,0.0
2030,sc01,11-07 17:00:00+01:00,CC NG 27,0.0
2030,sc01,11-07 17:00:00+01:00,CC NG 38,0.0
2030,sc01,11-07 17:00:00+01:00,CC NG 20,0.0
2030,sc01,11-07 17:00:00+01:00,CC NG 19,0.0
2030,sc01,11-07 17:00:00+01:00,CT NG 12,0.0
2030,sc01,11-07 17:00:00+01:00,CT NG 70,0.7854678899527571
2030,sc01,11-07 17:00:00+01:00,ST NG 10,0.0
2030,sc01,11-07 17:00:00+01:00,CT NG 02,0.0
2030,sc01,11-07 17:00:00+01:00,CT NG 26,0.0
2030,sc01,11-07 17:00:00+01:00,ST NG 01,0.0
2030,sc01,11-07 17:00:00+01:00,CC NG 32,0.0
2030,sc01,11-07 17:00:00+01:00,CT NG 35,0.0
2030,sc01,11-07 17:00:00+01:00,ST NG 06,0.9999999999999999
2030,sc01,11-07 17:00:00+01:00,CT Oil 01,0.0
2030,sc01,11-07 17:00:00+01:00,CT NG 67,0.0
2030,sc01,11-07 17:00:00+01:00,CT NG 72,0.0
2030,sc01,11-07 17:00:00+01:00,CT NG 66,0.0
2030,sc01,11-07 17:00:00+01:00,CT NG 71,0.39985938126958165
2030,sc01,11-07 17:00:00+01:00,CC NG 07,0.0
2030,sc01,11-07 17:00:00+01:00,CT NG 69,0.0
2030,sc01,11-07 17:00:00+01:00,CT NG 07,0.0
2030,sc01,11-07 17:00:00+01:00,CT NG 45,0.0
2030,sc01,11-07 17:00:00+01:00,CC NG 03,0.0
2030,sc01,11-07 17:00:00+01:00,CC NG 13,0.0
2030,sc01,11-07 17:00:00+01:00,CT Oil 05,0.0
2030,sc01,11-07 17:00:00+01:00,CT NG 54,0.0
2030,sc01,11-07 17:00:00+01:00,ST Coal 01,0.0
2030,sc01,11-07 17:00:00+01:00,CC NG 16,0.38957558931753644
2030,sc01,11-07 17:00:00+01:00,CT NG 73,0.0
2030,sc01,11-07 17:00:00+01:00,CC NG 09,0.0
2030,sc01,11-07 17:00:00+01:00,CT NG 03,0.0
2030,sc01,11-07 17:00:00+01:00,CT NG 28,0.0
2030,sc01,11-07 17:00:00+01:00,CT NG 11,0.0
2030,sc01,11-07 17:00:00+01:00,CT NG 08,0.0
2030,sc01,11-07 17:00:00+01:00,CT Oil 02,0.0
2030,sc01,11-07 17:00:00+01:00,CC NG 25,0.0
2030,sc01,11-07 17:00:00+01:00,CC NG 22,0.5663417696597874
2030,sc01,11-07 17:00:00+01:00,CT NG 56,0.0
2030,sc01,11-07 17:00:00+01:00,CT NG 34,0.0
2030,sc01,11-07 17:00:00+01:00,ST NG 05,0.0
2030,sc01,11-07 17:00:00+01:00,CT NG 44,0.0
2030,sc01,11-07 17:00:00+01:00,CT NG 47,0.0
2030,sc01,11-07 17:00:00+01:00,CC NG 15,0.0
2030,sc01,11-07 17:00:00+01:00,CC NG 14,0.0
2030,sc01,11-07 17:00:00+01:00,CT NG 42,0.0
2030,sc01,11-07 17:00:00+01:00,ST NG 07,0.9999999999999999
2030,sc01,11-07 17:00:00+01:00,CC NG 36,0.0
2030,sc01,11-07 17:00:00+01:00,CT NG 15,0.0
2030,sc01,11-07 17:00:00+01:00,CT NG 41,0.0
2030,sc01,11-07 17:00:00+01:00,CC NG 23,0.9270004785022946
2030,sc01,11-07 17:00:00+01:00,CT NG 49,0.0
2030,sc01,11-07 17:00:00+01:00,CC NG 26,0.0
2030,sc01,11-07 17:00:00+01:00,CC NG 12,0.0
2030,sc01,11-07 17:00:00+01:00,CT NG 05,0.0
2030,sc01,11-07 17:00:00+01:00,CC NG 40,0.0
2030,sc01,11-07 17:00:00+01:00,CT NG 50,0.0
2030,sc01,11-07 17:00:00+01:00,CT NG 68,0.0
2030,sc01,11-07 17:00:00+01:00,CC NG 17,0.0
2030,sc01,11-07 17:00:00+01:00,CC NG 10,0.0
2030,sc01,11-07 17:00:00+01:00,CC NG 33,1.0
2030,sc01,11-07 17:00:00+01:00,CC NG 06,0.0
2030,sc01,11-07 17:00:00+01:00,CT NG 10,0.0
2030,sc01,11-07 17:00:00+01:00,CT NG 01,0.0
2030,sc01,11-07 17:00:00+01:00,CC NG 29,0.0
2030,sc01,11-07 17:00:00+01:00,CC NG 05,0.0
2030,sc01,11-07 17:00:00+01:00,CT NG 06,0.0
2030,sc01,11-07 17:00:00+01:00,CT NG 24,0.0
2030,sc01,11-07 17:00:00+01:00,CT NG 22,0.0
2030,sc01,11-07 17:00:00+01:00,CT NG 21,0.0
2030,sc01,11-07 17:00:00+01:00,CC NG 28,0.0
2030,sc01,11-07 17:00:00+01:00,CC NG 35,0.0
2030,sc01,11-07 17:00:00+01:00,CC NG 24,0.0
2030,sc01,11-07 17:00:00+01:00,CC NG 08,0.0
2030,sc01,11-07 17:00:00+01:00,ST NG 02,0.0
2030,sc01,11-07 17:00:00+01:00,CT NG 52,0.0
2030,sc01,11-07 17:00:00+01:00,CT NG 46,0.0
2030,sc01,11-07 17:00:00+01:00,CT NG 36,0.0
2030,sc01,11-07 17:00:00+01:00,CC NG 21,0.0
2030,sc01,11-07 17:00:00+01:00,ST NG 09,0.33804780098139964
2030,sc01,11-07 17:00:00+01:00,ST NG 04,0.0
2030,sc01,11-07 17:00:00+01:00,CT NG 23,0.0
2030,sc01,11-07 17:00:00+01:00,CT NG 13,0.0
2030,sc01,11-07 17:00:00+01:00,CC NG 11,0.0
2030,sc01,11-07 17:00:00+01:00,CT NG 04,0.0
2030,sc01,11-07 17:00:00+01:00,CC NG 18,0.0
2030,sc01,11-07 17:00:00+01:00,CC NG 34,0.8629236772261618
2030,sc01,11-07 17:00:00+01:00,CT Oil 04,0.0
2030,sc01,11-07 17:00:00+01:00,CT NG 74,0.0
2030,sc01,11-07 17:00:00+01:00,CT NG 55,0.0
2030,sc01,11-07 17:00:00+01:00,CT NG 75,0.0
2030,sc01,11-07 17:00:00+01:00,CC NG 01,0.0
2030,sc01,11-07 17:00:00+01:00,CC NG 39,0.0
2030,sc01,11-07 17:00:00+01:00,CT NG 09,0.0
2030,sc01,11-07 17:00:00+01:00,CC NG 31,0.0
2030,sc01,11-07 17:00:00+01:00,CT NG 14,0.0
2030,sc01,11-09 09:00:00+01:00,ST NG 03,0.0
2030,sc01,11-09 09:00:00+01:00,CC NG 37,1.0
2030,sc01,11-09 09:00:00+01:00,CT NG 48,0.0
2030,sc01,11-09 09:00:00+01:00,CT NG 16,0.0
2030,sc01,11-09 09:00:00+01:00,CT NG 25,1.0
2030,sc01,11-09 09:00:00+01:00,CT NG 53,1.0
2030,sc01,11-09 09:00:00+01:00,ST NG 08,0.0
2030,sc01,11-09 09:00:00+01:00,CT Oil 03,0.0
2030,sc01,11-09 09:00:00+01:00,CT NG 43,0.0
2030,sc01,11-09 09:00:00+01:00,CC NG 04,0.0
2030,sc01,11-09 09:00:00+01:00,ST Other 02,0.0
2030,sc01,11-09 09:00:00+01:00,CT NG 30,0.0
2030,sc01,11-09 09:00:00+01:00,CC NG 27,0.0
2030,sc01,11-09 09:00:00+01:00,CC NG 38,1.0
2030,sc01,11-09 09:00:00+01:00,CC NG 20,0.0
2030,sc01,11-09 09:00:00+01:00,CC NG 19,1.0
2030,sc01,11-09 09:00:00+01:00,CT NG 12,0.0
2030,sc01,11-09 09:00:00+01:00,CT NG 70,0.21453211004724293
2030,sc01,11-09 09:00:00+01:00,ST NG 10,1.0
2030,sc01,11-09 09:00:00+01:00,CT NG 02,0.0
2030,sc01,11-09 09:00:00+01:00,CT NG 26,1.0
2030,sc01,11-09 09:00:00+01:00,ST NG 01,1.0
2030,sc01,11-09 09:00:00+01:00,CC NG 32,0.0
2030,sc01,11-09 09:00:00+01:00,CT NG 35,1.0
2030,sc01,11-09 09:00:00+01:00,ST NG 06,0.0
2030,sc01,11-09 09:00:00+01:00,CT Oil 01,0.0
2030,sc01,11-09 09:00:00+01:00,CT NG 67,0.0
2030,sc01,11-09 09:00:00+01:00,CT NG 72,0.0
2030,sc01,11-09 09:00:00+01:00,CT NG 66,0.0
2030,sc01,11-09 09:00:00+01:00,CT NG 71,1.0
2030,sc01,11-09 09:00:00+01:00,CC NG 07,1.0
2030,sc01,11-09 09:00:00+01:00,CT NG 69,0.0
2030,sc01,11-09 09:00:00+01:00,CT NG 07,0.0
2030,sc01,11-09 09:00:00+01:00,CT NG 45,1.0
2030,sc01,11-09 09:00:00+01:00,CC NG 03,0.0
2030,sc01,11-09 09:00:00+01:00,CC NG 13,0.0
2030,sc01,11-09 09:00:00+01:00,CT Oil 05,0.0
2030,sc01,11-09 09:00:00+01:00,CT NG 54,0.0
2030,sc01,11-09 09:00:00+01:00,ST Coal 01,0.0
2030,sc01,11-09 09:00:00+01:00,CC NG 16,0.6104244106824636
2030,sc01,11-09 09:00:00+01:00,CT NG 73,0.0
2030,sc01,11-09 09:00:00+01:00,CC NG 09,1.0
2030,sc01,11-09 09:00:00+01:00,CT NG 03,0.0
2030,sc01,11-09 09:00:00+01:00,CT NG 28,0.0
2030,sc01,11-09 09:00:00+01:00,CT NG 11,0.0
2030,sc01,11-09 09:00:00+01:00,CT NG 08,0.0
2030,sc01,11-09 09:00:00+01:00,CT Oil 02,0.0
2030,sc01,11-09 09:00:00+01:00,CC NG 25,0.0
2030,sc01,11-09 09:00:00+01:00,CC NG 22,1.0
2030,sc01,11-09 09:00:00+01:00,CT NG 56,1.0
2030,sc01,11-09 09:00:00+01:00,CT NG 34,1.0
2030,sc01,11-09 09:00:00+01:00,ST NG 05,1.0
2030,sc01,11-09 09:00:00+01:00,CT NG 44,1.0
2030,sc01,11-09 09:00:00+01:00,CT NG 47,0.0
2030,sc01,11-09 09:00:00+01:00,CC NG 15,0.0
2030,sc01,11-09 09:00:00+01:00,CC NG 14,1.0
2030,sc01,11-09 09:00:00+01:00,CT NG 42,0.0
2030,sc01,11-09 09:00:00+01:00,ST NG 07,0.0
2030,sc01,11-09 09:00:00+01:00,CC NG 36,0.0
2030,sc01,11-09 09:00:00+01:00,CT NG 15,0.0
2030,sc01,11-09 09:00:00+01:00,CT NG 41,1.0
2030,sc01,11-09 09:00:00+01:00,CC NG 23,0.0729995214977054
2030,sc01,11-09 09:00:00+01:00,CT NG 49,0.0
2030,sc01,11-09 09:00:00+01:00,CC NG 26,0.0
2030,sc01,11-09 09:00:00+01:00,CC NG 12,1.0
2030,sc01,11-09 09:00:00+01:00,CT NG 05,0.0
2030,sc01,11-09 09:00:00+01:00,CC NG 40,1.0
2030,sc01,11-09 09:00:00+01:00,CT NG 50,0.0
2030,sc01,11-09 09:00:00+01:00,CT NG 68,0.0
2030,sc01,11-09 09:00:00+01:00,CC NG 17,0.0
2030,sc01,11-09 09:00:00+01:00,CC NG 10,0.0
2030,sc01,11-09 09:00:00+01:00,CC NG 33,0.0
2030,sc01,11-09 09:00:00+01:00,CC NG 06,0.0
2030,sc01,11-09 09:00:00+01:00,CT NG 10,0.0
2030,sc01,11-09 09:00:00+01:00,CT NG 01,0.0
2030,sc01,11-09 09:00:00+01:00,CC NG 29,1.0
2030,sc01,11-09 09:00:00+01:00,CC NG 05,1.0
2030,sc01,11-09 09:00:00+01:00,CT NG 06,0.0
2030,sc01,11-09 09:00:00+01:00,CT NG 24,1.0
2030,sc01,11-09 09:00:00+01:00,CT NG 22,1.0
2030,sc01,11-09 09:00:00+01:00,CT NG 21,1.0
2030,sc01,11-09 09:00:00+01:00,CC NG 28,1.0
2030,sc01,11-09 09:00:00+01:00,CC NG 35,1.0
2030,sc01,11-09 09:00:00+01:00,CC NG 24,1.0
2030,sc01,11-09 09:00:00+01:00,CC NG 08,1.0
2030,sc01,11-09 09:00:00+01:00,ST NG 02,1.0
2030,sc01,11-09 09:00:00+01:00,CT NG 52,1.0
2030,sc01,11-09 09:00:00+01:00,CT NG 46,0.0
2030,sc01,11-09 09:00:00+01:00,CT NG 36,1.0
2030,sc01,11-09 09:00:00+01:00,CC NG 21,0.0
2030,sc01,11-09 09:00:00+01:00,ST NG 09,1.0
2030,sc01,11-09 09:00:00+01:00,ST NG 04,1.0
2030,sc01,11-09 09:00:00+01:00,CT NG 23,1.0
2030,sc01,11-09 09:00:00+01:00,CT NG 13,0.0
2030,sc01,11-09 09:00:00+01:00,CC NG 11,1.0
2030,sc01,11-09 09:00:00+01:00,CT NG 04,0.0
2030,sc01,11-09 09:00:00+01:00,CC NG 18,1.0
2030,sc01,11-09 09:00:00+01:00,CC NG 34,0.2765993418836006
2030,sc01,11-09 09:00:00+01:00,CT Oil 04,0.0
2030,sc01,11-09 09:00:00+01:00,CT NG 74,1.0
2030,sc01,11-09 09:00:00+01:00,CT NG 55,0.0
2030,sc01,11-09 09:00:00+01:00,CT NG 75,0.0
2030,sc01,11-09 09:00:00+01:00,CC NG 01,0.0
2030,sc01,11-09 09:00:00+01:00,CC NG 39,0.0
2030,sc01,11-09 09:00:00+01:00,CT NG 09,0.0
2030,sc01,11-09 09:00:00+01:00,CC NG 31,1.0
2030,sc01,11-09 09:00:00+01:00,CT NG 14,0.0
2030,sc01,11-10 06:00:00+01:00,ST NG 03,0.0
2030,sc01,11-10 06:00:00+01:00,CC NG 37,0.0
2030,sc01,11-10 06:00:00+01:00,CT NG 48,0.0
2030,sc01,11-10 06:00:00+01:00,CT NG 16,0.0
2030,sc01,11-10 06:00:00+01:00,CT NG 25,0.0
2030,sc01,11-10 06:00:00+01:00,CT NG 53,0.0
2030,sc01,11-10 06:00:00+01:00,ST NG 08,0.0
2030,sc01,11-10 06:00:00+01:00,CT Oil 03,0.0
2030,sc01,11-10 06:00:00+01:00,CT NG 43,0.0
2030,sc01,11-10 06:00:00+01:00,CC NG 04,0.0
2030,sc01,11-10 06:00:00+01:00,ST Other 02,0.0
2030,sc01,11-10 06:00:00+01:00,CT NG 30,0.0
2030,sc01,11-10 06:00:00+01:00,CC NG 27,0.0
2030,sc01,11-10 06:00:00+01:00,CC NG 38,0.0
2030,sc01,11-10 06:00:00+01:00,CC NG 20,0.0
2030,sc01,11-10 06:00:00+01:00,CC NG 19,0.7885643902109787
2030,sc01,11-10 06:00:00+01:00,CT NG 12,0.0
2030,sc01,11-10 06:00:00+01:00,CT NG 70,0.0
2030,sc01,11-10 06:00:00+01:00,ST NG 10,0.0
2030,sc01,11-10 06:00:00+01:00,CT NG 02,0.0
2030,sc01,11-10 06:00:00+01:00,CT NG 26,0.0
2030,sc01,11-10 06:00:00+01:00,ST NG 01,0.0
2030,sc01,11-10 06:00:00+01:00,CC NG 32,0.0
2030,sc01,11-10 06:00:00+01:00,CT NG 35,0.0
2030,sc01,11-10 06:00:00+01:00,ST NG 06,0.0
2030,sc01,11-10 06:00:00+01:00,CT Oil 01,0.0
2030,sc01,11-10 06:00:00+01:00,CT NG 67,0.0
2030,sc01,11-10 06:00:00+01:00,CT NG 72,0.0
2030,sc01,11-10 06:00:00+01:00,CT NG 66,0.0
2030,sc01,11-10 06:00:00+01:00,CT NG 71,0.0
2030,sc01,11-10 06:00:00+01:00,CC NG 07,0.0
2030,sc01,11-10 06:00:00+01:00,CT NG 69,0.0
2030,sc01,11-10 06:00:00+01:00,CT NG 07,0.0
2030,sc01,11-10 06:00:00+01:00,CT NG 45,0.0
2030,sc01,11-10 06:00:00+01:00,CC NG 03,0.0
2030,sc01,11-10 06:00:00+01:00,CC NG 13,0.0
2030,sc01,11-10 06:00:00+01:00,CT Oil 05,0.0
2030,sc01,11-10 06:00:00+01:00,CT NG 54,0.0
2030,sc01,11-10 06:00:00+01:00,ST Coal 01,0.0
2030,sc01,11-10 06:00:00+01:00,CC NG 16,0.0
2030,sc01,11-10 06:00:00+01:00,CT NG 73,0.0
2030,sc01,11-10 06:00:00+01:00,CC NG 09,0.0
2030,sc01,11-10 06:00:00+01:00,CT NG 03,0.0
2030,sc01,11-10 06:00:00+01:00,CT NG 28,0.0
2030,sc01,11-10 06:00:00+01:00,CT NG 11,0.0
2030,sc01,11-10 06:00:00+01:00,CT NG 08,0.0
2030,sc01,11-10 06:00:00+01:00,CT Oil 02,0.0
2030,sc01,11-10 06:00:00+01:00,CC NG 25,0.0
2030,sc01,11-10 06:00:00+01:00,CC NG 22,0.0
2030,sc01,11-10 06:00:00+01:00,CT NG 56,0.0
2030,sc01,11-10 06:00:00+01:00,CT NG 34,0.0
2030,sc01,11-10 06:00:00+01:00,ST NG 05,0.0
2030,sc01,11-10 06:00:00+01:00,CT NG 44,0.0
2030,sc01,11-10 06:00:00+01:00,CT NG 47,0.0
2030,sc01,11-10 06:00:00+01:00,CC NG 15,0.0
2030,sc01,11-10 06:00:00+01:00,CC NG 14,0.0
2030,sc01,11-10 06:00:00+01:00,CT NG 42,0.0
2030,sc01,11-10 06:00:00+01:00,ST NG 07,0.0
2030,sc01,11-10 06:00:00+01:00,CC NG 36,0.0
2030,sc01,11-10 06:00:00+01:00,CT NG 15,0.0
2030,sc01,11-10 06:00:00+01:00,CT NG 41,0.0
2030,sc01,11-10 06:00:00+01:00,CC NG 23,0.0
2030,sc01,11-10 06:00:00+01:00,CT NG 49,0.0
2030,sc01,11-10 06:00:00+01:00,CC NG 26,0.0
2030,sc01,11-10 06:00:00+01:00,CC NG 12,0.0
2030,sc01,11-10 06:00:00+01:00,CT NG 05,0.0
2030,sc01,11-10 06:00:00+01:00,CC NG 40,0.772033336760406
2030,sc01,11-10 06:00:00+01:00,CT NG 50,0.0
2030,sc01,11-10 06:00:00+01:00,CT NG 68,0.0
2030,sc01,11-10 06:00:00+01:00,CC NG 17,0.0
2030,sc01,11-10 06:00:00+01:00,CC NG 10,0.0
2030,sc01,11-10 06:00:00+01:00,CC NG 33,0.0
2030,sc01,11-10 06:00:00+01:00,CC NG 06,0.0
2030,sc01,11-10 06:00:00+01:00,CT NG 10,0.0
2030,sc01,11-10 06:00:00+01:00,CT NG 01,0.0
2030,sc01,11-10 06:00:00+01:00,CC NG 29,0.0
2030,sc01,11-10 06:00:00+01:00,CC NG 05,0.0
2030,sc01,11-10 06:00:00+01:00,CT NG 06,0.0
2030,sc01,11-10 06:00:00+01:00,CT NG 24,0.0
2030,sc01,11-10 06:00:00+01:00,CT NG 22,0.0
2030,sc01,11-10 06:00:00+01:00,CT NG 21,0.0
2030,sc01,11-10 06:00:00+01:00,CC NG 28,0.0
2030,sc01,11-10 06:00:00+01:00,CC NG 35,0.0
2030,sc01,11-10 06:00:00+01:00,CC NG 24,0.0
2030,sc01,11-10 06:00:00+01:00,CC NG 08,0.0
2030,sc01,11-10 06:00:00+01:00,ST NG 02,0.0
2030,sc01,11-10 06:00:00+01:00,CT NG 52,0.0
2030,sc01,11-10 06:00:00+01:00,CT NG 46,0.0
2030,sc01,11-10 06:00:00+01:00,CT NG 36,0.0
2030,sc01,11-10 06:00:00+01:00,CC NG 21,0.0
2030,sc01,11-10 06:00:00+01:00,ST NG 09,0.0
2030,sc01,11-10 06:00:00+01:00,ST NG 04,0.0
2030,sc01,11-10 06:00:00+01:00,CT NG 23,0.0
2030,sc01,11-10 06:00:00+01:00,CT NG 13,0.0
2030,sc01,11-10 06:00:00+01:00,CC NG 11,0.0
2030,sc01,11-10 06:00:00+01:00,CT NG 04,0.0
2030,sc01,11-10 06:00:00+01:00,CC NG 18,0.0
2030,sc01,11-10 06:00:00+01:00,CC NG 34,0.0
2030,sc01,11-10 06:00:00+01:00,CT Oil 04,0.0
2030,sc01,11-10 06:00:00+01:00,CT NG 74,0.0
2030,sc01,11-10 06:00:00+01:00,CT NG 55,0.0
2030,sc01,11-10 06:00:00+01:00,CT NG 75,0.0
2030,sc01,11-10 06:00:00+01:00,CC NG 01,0.0
2030,sc01,11-10 06:00:00+01:00,CC NG 39,0.0
2030,sc01,11-10 06:00:00+01:00,CT NG 09,0.0
2030,sc01,11-10 06:00:00+01:00,CC NG 31,0.0
2030,sc01,11-10 06:00:00+01:00,CT NG 14,0.0
2030,sc01,11-10 07:00:00+01:00,ST NG 03,0.0
2030,sc01,11-10 07:00:00+01:00,CC NG 37,0.0
2030,sc01,11-10 07:00:00+01:00,CT NG 48,0.0
2030,sc01,11-10 07:00:00+01:00,CT NG 16,0.0
2030,sc01,11-10 07:00:00+01:00,CT NG 25,0.0
2030,sc01,11-10 07:00:00+01:00,CT NG 53,0.0
2030,sc01,11-10 07:00:00+01:00,ST NG 08,0.0
2030,sc01,11-10 07:00:00+01:00,CT Oil 03,0.0
2030,sc01,11-10 07:00:00+01:00,CT NG 43,0.0
2030,sc01,11-10 07:00:00+01:00,CC NG 04,0.0
2030,sc01,11-10 07:00:00+01:00,ST Other 02,0.0
2030,sc01,11-10 07:00:00+01:00,CT NG 30,0.0
2030,sc01,11-10 07:00:00+01:00,CC NG 27,0.0
2030,sc01,11-10 07:00:00+01:00,CC NG 38,0.0
2030,sc01,11-10 07:00:00+01:00,CC NG 20,0.0
2030,sc01,11-10 07:00:00+01:00,CC NG 19,1.0
2030,sc01,11-10 07:00:00+01:00,CT NG 12,0.0
2030,sc01,11-10 07:00:00+01:00,CT NG 70,0.0
2030,sc01,11-10 07:00:00+01:00,ST NG 10,0.0
2030,sc01,11-10 07:00:00+01:00,CT NG 02,0.0
2030,sc01,11-10 07:00:00+01:00,CT NG 26,0.0
2030,sc01,11-10 07:00:00+01:00,ST NG 01,0.0
2030,sc01,11-10 07:00:00+01:00,CC NG 32,0.0
2030,sc01,11-10 07:00:00+01:00,CT NG 35,0.0
2030,sc01,11-10 07:00:00+01:00,ST NG 06,0.0
2030,sc01,11-10 07:00:00+01:00,CT Oil 01,0.0
2030,sc01,11-10 07:00:00+01:00,CT NG 67,0.0
2030,sc01,11-10 07:00:00+01:00,CT NG 72,0.0
2030,sc01,11-10 07:00:00+01:00,CT NG 66,0.0
2030,sc01,11-10 07:00:00+01:00,CT NG 71,0.0
2030,sc01,11-10 07:00:00+01:00,CC NG 07,0.0
2030,sc01,11-10 07:00:00+01:00,CT NG 69,0.0
2030,sc01,11-10 07:00:00+01:00,CT NG 07,0.0
2030,sc01,11-10 07:00:00+01:00,CT NG 45,0.0
2030,sc01,11-10 07:00:00+01:00,CC NG 03,0.0
2030,sc01,11-10 07:00:00+01:00,CC NG 13,0.0
2030,sc01,11-10 07:00:00+01:00,CT Oil 05,0.0
2030,sc01,11-10 07:00:00+01:00,CT NG 54,0.0
2030,sc01,11-10 07:00:00+01:00,ST Coal 01,0.0
2030,sc01,11-10 07:00:00+01:00,CC NG 16,0.0
2030,sc01,11-10 07:00:00+01:00,CT NG 73,0.0
2030,sc01,11-10 07:00:00+01:00,CC NG 09,0.0
2030,sc01,11-10 07:00:00+01:00,CT NG 03,0.0
2030,sc01,11-10 07:00:00+01:00,CT NG 28,0.0
2030,sc01,11-10 07:00:00+01:00,CT NG 11,0.0
2030,sc01,11-10 07:00:00+01:00,CT NG 08,0.0
2030,sc01,11-10 07:00:00+01:00,CT Oil 02,0.0
2030,sc01,11-10 07:00:00+01:00,CC NG 25,0.0
2030,sc01,11-10 07:00:00+01:00,CC NG 22,0.0
2030,sc01,11-10 07:00:00+01:00,CT NG 56,0.0
2030,sc01,11-10 07:00:00+01:00,CT NG 34,0.0
2030,sc01,11-10 07:00:00+01:00,ST NG 05,0.0
2030,sc01,11-10 07:00:00+01:00,CT NG 44,0.0
2030,sc01,11-10 07:00:00+01:00,CT NG 47,0.0
2030,sc01,11-10 07:00:00+01:00,CC NG 15,0.0
2030,sc01,11-10 07:00:00+01:00,CC NG 14,0.0
2030,sc01,11-10 07:00:00+01:00,CT NG 42,0.0
2030,sc01,11-10 07:00:00+01:00,ST NG 07,0.0
2030,sc01,11-10 07:00:00+01:00,CC NG 36,0.0
2030,sc01,11-10 07:00:00+01:00,CT NG 15,0.0
2030,sc01,11-10 07:00:00+01:00,CT NG 41,0.0
2030,sc01,11-10 07:00:00+01:00,CC NG 23,0.0
2030,sc01,11-10 07:00:00+01:00,CT NG 49,0.0
2030,sc01,11-10 07:00:00+01:00,CC NG 26,0.0
2030,sc01,11-10 07:00:00+01:00,CC NG 12,0.0
2030,sc01,11-10 07:00:00+01:00,CT NG 05,0.0
2030,sc01,11-10 07:00:00+01:00,CC NG 40,0.0
2030,sc01,11-10 07:00:00+01:00,CT NG 50,0.0
2030,sc01,11-10 07:00:00+01:00,CT NG 68,0.0
2030,sc01,11-10 07:00:00+01:00,CC NG 17,0.0
2030,sc01,11-10 07:00:00+01:00,CC NG 10,0.0
2030,sc01,11-10 07:00:00+01:00,CC NG 33,0.0
2030,sc01,11-10 07:00:00+01:00,CC NG 06,0.0
2030,sc01,11-10 07:00:00+01:00,CT NG 10,0.0
2030,sc01,11-10 07:00:00+01:00,CT NG 01,0.0
2030,sc01,11-10 07:00:00+01:00,CC NG 29,0.0
2030,sc01,11-10 07:00:00+01:00,CC NG 05,0.0
2030,sc01,11-10 07:00:00+01:00,CT NG 06,0.0
2030,sc01,11-10 07:00:00+01:00,CT NG 24,0.0
2030,sc01,11-10 07:00:00+01:00,CT NG 22,0.0
2030,sc01,11-10 07:00:00+01:00,CT NG 21,0.0
2030,sc01,11-10 07:00:00+01:00,CC NG 28,0.0
2030,sc01,11-10 07:00:00+01:00,CC NG 35,0.0
2030,sc01,11-10 07:00:00+01:00,CC NG 24,0.0
2030,sc01,11-10 07:00:00+01:00,CC NG 08,0.0
2030,sc01,11-10 07:00:00+01:00,ST NG 02,0.0
2030,sc01,11-10 07:00:00+01:00,CT NG 52,0.0
2030,sc01,11-10 07:00:00+01:00,CT NG 46,0.0
2030,sc01,11-10 07:00:00+01:00,CT NG 36,0.0
2030,sc01,11-10 07:00:00+01:00,CC NG 21,0.0
2030,sc01,11-10 07:00:00+01:00,ST NG 09,0.0
2030,sc01,11-10 07:00:00+01:00,ST NG 04,0.0
2030,sc01,11-10 07:00:00+01:00,CT NG 23,0.0
2030,sc01,11-10 07:00:00+01:00,CT NG 13,0.0
2030,sc01,11-10 07:00:00+01:00,CC NG 11,0.0
2030,sc01,11-10 07:00:00+01:00,CT NG 04,0.0
2030,sc01,11-10 07:00:00+01:00,CC NG 18,0.0
2030,sc01,11-10 07:00:00+01:00,CC NG 34,0.0
2030,sc01,11-10 07:00:00+01:00,CT Oil 04,0.0
2030,sc01,11-10 07:00:00+01:00,CT NG 74,0.0
2030,sc01,11-10 07:00:00+01:00,CT NG 55,0.0
2030,sc01,11-10 07:00:00+01:00,CT NG 75,0.0
2030,sc01,11-10 07:00:00+01:00,CC NG 01,0.0
2030,sc01,11-10 07:00:00+01:00,CC NG 39,0.0
2030,sc01,11-10 07:00:00+01:00,CT NG 09,0.0
2030,sc01,11-10 07:00:00+01:00,CC NG 31,0.0
2030,sc01,11-10 07:00:00+01:00,CT NG 14,0.0
2030,sc01,11-13 13:00:00+01:00,ST NG 03,0.0
2030,sc01,11-13 13:00:00+01:00,CC NG 37,0.0
2030,sc01,11-13 13:00:00+01:00,CT NG 48,0.0
2030,sc01,11-13 13:00:00+01:00,CT NG 16,0.0
2030,sc01,11-13 13:00:00+01:00,CT NG 25,0.0
2030,sc01,11-13 13:00:00+01:00,CT NG 53,0.0
2030,sc01,11-13 13:00:00+01:00,ST NG 08,0.0
2030,sc01,11-13 13:00:00+01:00,CT Oil 03,0.0
2030,sc01,11-13 13:00:00+01:00,CT NG 43,0.0
2030,sc01,11-13 13:00:00+01:00,CC NG 04,0.0
2030,sc01,11-13 13:00:00+01:00,ST Other 02,0.0
2030,sc01,11-13 13:00:00+01:00,CT NG 30,0.0
2030,sc01,11-13 13:00:00+01:00,CC NG 27,0.0
2030,sc01,11-13 13:00:00+01:00,CC NG 38,0.0
2030,sc01,11-13 13:00:00+01:00,CC NG 20,0.0
2030,sc01,11-13 13:00:00+01:00,CC NG 19,0.18026016144250726
2030,sc01,11-13 13:00:00+01:00,CT NG 12,0.0
2030,sc01,11-13 13:00:00+01:00,CT NG 70,0.0
2030,sc01,11-13 13:00:00+01:00,ST NG 10,0.0
2030,sc01,11-13 13:00:00+01:00,CT NG 02,0.0
2030,sc01,11-13 13:00:00+01:00,CT NG 26,0.0
2030,sc01,11-13 13:00:00+01:00,ST NG 01,0.0
2030,sc01,11-13 13:00:00+01:00,CC NG 32,0.0
2030,sc01,11-13 13:00:00+01:00,CT NG 35,0.0
2030,sc01,11-13 13:00:00+01:00,ST NG 06,0.0
2030,sc01,11-13 13:00:00+01:00,CT Oil 01,0.0
2030,sc01,11-13 13:00:00+01:00,CT NG 67,0.0
2030,sc01,11-13 13:00:00+01:00,CT NG 72,0.0
2030,sc01,11-13 13:00:00+01:00,CT NG 66,0.0
2030,sc01,11-13 13:00:00+01:00,CT NG 71,0.0
2030,sc01,11-13 13:00:00+01:00,CC NG 07,0.0
2030,sc01,11-13 13:00:00+01:00,CT NG 69,0.0
2030,sc01,11-13 13:00:00+01:00,CT NG 07,0.0
2030,sc01,11-13 13:00:00+01:00,CT NG 45,0.0
2030,sc01,11-13 13:00:00+01:00,CC NG 03,0.0
2030,sc01,11-13 13:00:00+01:00,CC NG 13,0.0
2030,sc01,11-13 13:00:00+01:00,CT Oil 05,0.0
2030,sc01,11-13 13:00:00+01:00,CT NG 54,0.0
2030,sc01,11-13 13:00:00+01:00,ST Coal 01,0.0
2030,sc01,11-13 13:00:00+01:00,CC NG 16,0.0
2030,sc01,11-13 13:00:00+01:00,CT NG 73,0.0
2030,sc01,11-13 13:00:00+01:00,CC NG 09,0.0
2030,sc01,11-13 13:00:00+01:00,CT NG 03,0.0
2030,sc01,11-13 13:00:00+01:00,CT NG 28,0.0
2030,sc01,11-13 13:00:00+01:00,CT NG 11,0.0
2030,sc01,11-13 13:00:00+01:00,CT NG 08,0.0
2030,sc01,11-13 13:00:00+01:00,CT Oil 02,0.0
2030,sc01,11-13 13:00:00+01:00,CC NG 25,0.0
2030,sc01,11-13 13:00:00+01:00,CC NG 22,0.5624590280255805
2030,sc01,11-13 13:00:00+01:00,CT NG 56,0.0
2030,sc01,11-13 13:00:00+01:00,CT NG 34,0.0
2030,sc01,11-13 13:00:00+01:00,ST NG 05,0.0
2030,sc01,11-13 13:00:00+01:00,CT NG 44,0.0
2030,sc01,11-13 13:00:00+01:00,CT NG 47,0.0
2030,sc01,11-13 13:00:00+01:00,CC NG 15,0.0
2030,sc01,11-13 13:00:00+01:00,CC NG 14,0.126142787385082
2030,sc01,11-13 13:00:00+01:00,CT NG 42,0.0
2030,sc01,11-13 13:00:00+01:00,ST NG 07,0.0
2030,sc01,11-13 13:00:00+01:00,CC NG 36,0.0
2030,sc01,11-13 13:00:00+01:00,CT NG 15,0.0
2030,sc01,11-13 13:00:00+01:00,CT NG 41,0.0
2030,sc01,11-13 13:00:00+01:00,CC NG 23,0.0
2030,sc01,11-13 13:00:00+01:00,CT NG 49,0.0
2030,sc01,11-13 13:00:00+01:00,CC NG 26,0.0
2030,sc01,11-13 13:00:00+01:00,CC NG 12,0.0
2030,sc01,11-13 13:00:00+01:00,CT NG 05,0.0
2030,sc01,11-13 13:00:00+01:00,CC NG 40,0.0
2030,sc01,11-13 13:00:00+01:00,CT NG 50,0.0
2030,sc01,11-13 13:00:00+01:00,CT NG 68,0.0
2030,sc01,11-13 13:00:00+01:00,CC NG 17,0.0
2030,sc01,11-13 13:00:00+01:00,CC NG 10,0.0
2030,sc01,11-13 13:00:00+01:00,CC NG 33,0.0
2030,sc01,11-13 13:00:00+01:00,CC NG 06,0.0
2030,sc01,11-13 13:00:00+01:00,CT NG 10,0.0
2030,sc01,11-13 13:00:00+01:00,CT NG 01,0.0
2030,sc01,11-13 13:00:00+01:00,CC NG 29,0.0
2030,sc01,11-13 13:00:00+01:00,CC NG 05,0.0
2030,sc01,11-13 13:00:00+01:00,CT NG 06,0.0
2030,sc01,11-13 13:00:00+01:00,CT NG 24,0.0
2030,sc01,11-13 13:00:00+01:00,CT NG 22,0.0
2030,sc01,11-13 13:00:00+01:00,CT NG 21,0.0
2030,sc01,11-13 13:00:00+01:00,CC NG 28,0.0
2030,sc01,11-13 13:00:00+01:00,CC NG 35,0.0
2030,sc01,11-13 13:00:00+01:00,CC NG 24,0.0
2030,sc01,11-13 13:00:00+01:00,CC NG 08,0.0
2030,sc01,11-13 13:00:00+01:00,ST NG 02,0.0
2030,sc01,11-13 13:00:00+01:00,CT NG 52,0.0
2030,sc01,11-13 13:00:00+01:00,CT NG 46,0.0
2030,sc01,11-13 13:00:00+01:00,CT NG 36,0.0
2030,sc01,11-13 13:00:00+01:00,CC NG 21,0.0
2030,sc01,11-13 13:00:00+01:00,ST NG 09,0.0
2030,sc01,11-13 13:00:00+01:00,ST NG 04,0.0
2030,sc01,11-13 13:00:00+01:00,CT NG 23,0.0
2030,sc01,11-13 13:00:00+01:00,CT NG 13,0.0
2030,sc01,11-13 13:00:00+01:00,CC NG 11,0.0
2030,sc01,11-13 13:00:00+01:00,CT NG 04,0.0
2030,sc01,11-13 13:00:00+01:00,CC NG 18,0.0
2030,sc01,11-13 13:00:00+01:00,CC NG 34,0.7325216902125986
2030,sc01,11-13 13:00:00+01:00,CT Oil 04,0.0
2030,sc01,11-13 13:00:00+01:00,CT NG 74,0.0
2030,sc01,11-13 13:00:00+01:00,CT NG 55,0.0
2030,sc01,11-13 13:00:00+01:00,CT NG 75,0.0
2030,sc01,11-13 13:00:00+01:00,CC NG 01,0.0
2030,sc01,11-13 13:00:00+01:00,CC NG 39,0.0
2030,sc01,11-13 13:00:00+01:00,CT NG 09,0.0
2030,sc01,11-13 13:00:00+01:00,CC NG 31,0.0
2030,sc01,11-13 13:00:00+01:00,CT NG 14,0.0
2030,sc01,11-13 20:00:00+01:00,ST NG 03,0.0
2030,sc01,11-13 20:00:00+01:00,CC NG 37,0.0
2030,sc01,11-13 20:00:00+01:00,CT NG 48,0.0
2030,sc01,11-13 20:00:00+01:00,CT NG 16,0.0
2030,sc01,11-13 20:00:00+01:00,CT NG 25,1.0
2030,sc01,11-13 20:00:00+01:00,CT NG 53,0.0
2030,sc01,11-13 20:00:00+01:00,ST NG 08,0.0
2030,sc01,11-13 20:00:00+01:00,CT Oil 03,0.0
2030,sc01,11-13 20:00:00+01:00,CT NG 43,0.0
2030,sc01,11-13 20:00:00+01:00,CC NG 04,0.0
2030,sc01,11-13 20:00:00+01:00,ST Other 02,0.0
2030,sc01,11-13 20:00:00+01:00,CT NG 30,0.0
2030,sc01,11-13 20:00:00+01:00,CC NG 27,0.0
2030,sc01,11-13 20:00:00+01:00,CC NG 38,0.0
2030,sc01,11-13 20:00:00+01:00,CC NG 20,0.0
2030,sc01,11-13 20:00:00+01:00,CC NG 19,0.0
2030,sc01,11-13 20:00:00+01:00,CT NG 12,0.0
2030,sc01,11-13 20:00:00+01:00,CT NG 70,0.0
2030,sc01,11-13 20:00:00+01:00,ST NG 10,0.0
2030,sc01,11-13 20:00:00+01:00,CT NG 02,0.0
2030,sc01,11-13 20:00:00+01:00,CT NG 26,1.0
2030,sc01,11-13 20:00:00+01:00,ST NG 01,1.0
2030,sc01,11-13 20:00:00+01:00,CC NG 32,0.0
2030,sc01,11-13 20:00:00+01:00,CT NG 35,0.0
2030,sc01,11-13 20:00:00+01:00,ST NG 06,0.0
2030,sc01,11-13 20:00:00+01:00,CT Oil 01,0.0
2030,sc01,11-13 20:00:00+01:00,CT NG 67,0.0
2030,sc01,11-13 20:00:00+01:00,CT NG 72,0.0
2030,sc01,11-13 20:00:00+01:00,CT NG 66,0.0
2030,sc01,11-13 20:00:00+01:00,CT NG 71,0.0
2030,sc01,11-13 20:00:00+01:00,CC NG 07,0.0
2030,sc01,11-13 20:00:00+01:00,CT NG 69,0.0
2030,sc01,11-13 20:00:00+01:00,CT NG 07,0.0
2030,sc01,11-13 20:00:00+01:00,CT NG 45,0.0
2030,sc01,11-13 20:00:00+01:00,CC NG 03,0.0
2030,sc01,11-13 20:00:00+01:00,CC NG 13,0.0
2030,sc01,11-13 20:00:00+01:00,CT Oil 05,0.0
2030,sc01,11-13 20:00:00+01:00,CT NG 54,0.0
2030,sc01,11-13 20:00:00+01:00,ST Coal 01,0.0
2030,sc01,11-13 20:00:00+01:00,CC NG 16,0.0
2030,sc01,11-13 20:00:00+01:00,CT NG 73,0.0
2030,sc01,11-13 20:00:00+01:00,CC NG 09,1.0
2030,sc01,11-13 20:00:00+01:00,CT NG 03,0.0
2030,sc01,11-13 20:00:00+01:00,CT NG 28,0.0
2030,sc01,11-13 20:00:00+01:00,CT NG 11,0.0
2030,sc01,11-13 20:00:00+01:00,CT NG 08,0.0
2030,sc01,11-13 20:00:00+01:00,CT Oil 02,0.0
2030,sc01,11-13 20:00:00+01:00,CC NG 25,0.0
2030,sc01,11-13 20:00:00+01:00,CC NG 22,0.0
2030,sc01,11-13 20:00:00+01:00,CT NG 56,0.0
2030,sc01,11-13 20:00:00+01:00,CT NG 34,0.0
2030,sc01,11-13 20:00:00+01:00,ST NG 05,0.0
2030,sc01,11-13 20:00:00+01:00,CT NG 44,0.0
2030,sc01,11-13 20:00:00+01:00,CT NG 47,0.0
2030,sc01,11-13 20:00:00+01:00,CC NG 15,0.0
2030,sc01,11-13 20:00:00+01:00,CC NG 14,0.873857212614918
2030,sc01,11-13 20:00:00+01:00,CT NG 42,0.0
2030,sc01,11-13 20:00:00+01:00,ST NG 07,0.0
2030,sc01,11-13 20:00:00+01:00,CC NG 36,0.0
2030,sc01,11-13 20:00:00+01:00,CT NG 15,0.0
2030,sc01,11-13 20:00:00+01:00,CT NG 41,0.0
2030,sc01,11-13 20:00:00+01:00,CC NG 23,0.0
2030,sc01,11-13 20:00:00+01:00,CT NG 49,0.0
2030,sc01,11-13 20:00:00+01:00,CC NG 26,0.0
2030,sc01,11-13 20:00:00+01:00,CC NG 12,0.0
2030,sc01,11-13 20:00:00+01:00,CT NG 05,0.0
2030,sc01,11-13 20:00:00+01:00,CC NG 40,0.0
2030,sc01,11-13 20:00:00+01:00,CT NG 50,0.0
2030,sc01,11-13 20:00:00+01:00,CT NG 68,0.0
2030,sc01,11-13 20:00:00+01:00,CC NG 17,0.0
2030,sc01,11-13 20:00:00+01:00,CC NG 10,0.0
2030,sc01,11-13 20:00:00+01:00,CC NG 33,0.0
2030,sc01,11-13 20:00:00+01:00,CC NG 06,0.0
2030,sc01,11-13 20:00:00+01:00,CT NG 10,0.0
2030,sc01,11-13 20:00:00+01:00,CT NG 01,0.0
2030,sc01,11-13 20:00:00+01:00,CC NG 29,0.0
2030,sc01,11-13 20:00:00+01:00,CC NG 05,0.0
2030,sc01,11-13 20:00:00+01:00,CT NG 06,0.0
2030,sc01,11-13 20:00:00+01:00,CT NG 24,1.0
2030,sc01,11-13 20:00:00+01:00,CT NG 22,0.0
2030,sc01,11-13 20:00:00+01:00,CT NG 21,0.0
2030,sc01,11-13 20:00:00+01:00,CC NG 28,0.0
2030,sc01,11-13 20:00:00+01:00,CC NG 35,0.0
2030,sc01,11-13 20:00:00+01:00,CC NG 24,0.0
2030,sc01,11-13 20:00:00+01:00,CC NG 08,1.0
2030,sc01,11-13 20:00:00+01:00,ST NG 02,0.0
2030,sc01,11-13 20:00:00+01:00,CT NG 52,0.0
2030,sc01,11-13 20:00:00+01:00,CT NG 46,0.0
2030,sc01,11-13 20:00:00+01:00,CT NG 36,0.0
2030,sc01,11-13 20:00:00+01:00,CC NG 21,0.0
2030,sc01,11-13 20:00:00+01:00,ST NG 09,0.0
2030,sc01,11-13 20:00:00+01:00,ST NG 04,0.0
2030,sc01,11-13 20:00:00+01:00,CT NG 23,0.0
2030,sc01,11-13 20:00:00+01:00,CT NG 13,0.0
2030,sc01,11-13 20:00:00+01:00,CC NG 11,0.0
2030,sc01,11-13 20:00:00+01:00,CT NG 04,0.0
2030,sc01,11-13 20:00:00+01:00,CC NG 18,0.0
2030,sc01,11-13 20:00:00+01:00,CC NG 34,0.26747830978740134
2030,sc01,11-13 20:00:00+01:00,CT Oil 04,0.0
2030,sc01,11-13 20:00:00+01:00,CT NG 74,0.0
2030,sc01,11-13 20:00:00+01:00,CT NG 55,0.0
2030,sc01,11-13 20:00:00+01:00,CT NG 75,0.0
2030,sc01,11-13 20:00:00+01:00,CC NG 01,0.0
2030,sc01,11-13 20:00:00+01:00,CC NG 39,0.0
2030,sc01,11-13 20:00:00+01:00,CT NG 09,0.0
2030,sc01,11-13 20:00:00+01:00,CC NG 31,0.0
2030,sc01,11-13 20:00:00+01:00,CT NG 14,0.0
2030,sc01,11-13 21:00:00+01:00,ST NG 03,0.0
2030,sc01,11-13 21:00:00+01:00,CC NG 37,0.0
2030,sc01,11-13 21:00:00+01:00,CT NG 48,0.0
2030,sc01,11-13 21:00:00+01:00,CT NG 16,0.0
2030,sc01,11-13 21:00:00+01:00,CT NG 25,1.0
2030,sc01,11-13 21:00:00+01:00,CT NG 53,0.0
2030,sc01,11-13 21:00:00+01:00,ST NG 08,0.0
2030,sc01,11-13 21:00:00+01:00,CT Oil 03,0.0
2030,sc01,11-13 21:00:00+01:00,CT NG 43,0.0
2030,sc01,11-13 21:00:00+01:00,CC NG 04,0.0
2030,sc01,11-13 21:00:00+01:00,ST Other 02,0.0
2030,sc01,11-13 21:00:00+01:00,CT NG 30,0.0
2030,sc01,11-13 21:00:00+01:00,CC NG 27,0.0
2030,sc01,11-13 21:00:00+01:00,CC NG 38,0.0
2030,sc01,11-13 21:00:00+01:00,CC NG 20,0.0
2030,sc01,11-13 21:00:00+01:00,CC NG 19,0.0
2030,sc01,11-13 21:00:00+01:00,CT NG 12,0.0
2030,sc01,11-13 21:00:00+01:00,CT NG 70,0.0
2030,sc01,11-13 21:00:00+01:00,ST NG 10,0.0
2030,sc01,11-13 21:00:00+01:00,CT NG 02,0.0
2030,sc01,11-13 21:00:00+01:00,CT NG 26,0.0
2030,sc01,11-13 21:00:00+01:00,ST NG 01,0.44979118118249634
2030,sc01,11-13 21:00:00+01:00,CC NG 32,0.0
2030,sc01,11-13 21:00:00+01:00,CT NG 35,1.0
2030,sc01,11-13 21:00:00+01:00,ST NG 06,0.0
2030,sc01,11-13 21:00:00+01:00,CT Oil 01,0.0
2030,sc01,11-13 21:00:00+01:00,CT NG 67,0.0
2030,sc01,11-13 21:00:00+01:00,CT NG 72,0.0
2030,sc01,11-13 21:00:00+01:00,CT NG 66,0.0
2030,sc01,11-13 21:00:00+01:00,CT NG 71,0.0
2030,sc01,11-13 21:00:00+01:00,CC NG 07,0.0
2030,sc01,11-13 21:00:00+01:00,CT NG 69,0.0
2030,sc01,11-13 21:00:00+01:00,CT NG 07,0.0
2030,sc01,11-13 21:00:00+01:00,CT NG 45,0.0
2030,sc01,11-13 21:00:00+01:00,CC NG 03,0.0
2030,sc01,11-13 21:00:00+01:00,CC NG 13,0.0
2030,sc01,11-13 21:00:00+01:00,CT Oil 05,0.0
2030,sc01,11-13 21:00:00+01:00,CT NG 54,0.0
2030,sc01,11-13 21:00:00+01:00,ST Coal 01,0.0
2030,sc01,11-13 21:00:00+01:00,CC NG 16,0.0
2030,sc01,11-13 21:00:00+01:00,CT NG 73,0.0
2030,sc01,11-13 21:00:00+01:00,CC NG 09,0.0
2030,sc01,11-13 21:00:00+01:00,CT NG 03,0.0
2030,sc01,11-13 21:00:00+01:00,CT NG 28,0.0
2030,sc01,11-13 21:00:00+01:00,CT NG 11,0.0
2030,sc01,11-13 21:00:00+01:00,CT NG 08,0.0
2030,sc01,11-13 21:00:00+01:00,CT Oil 02,0.0
2030,sc01,11-13 21:00:00+01:00,CC NG 25,0.0
2030,sc01,11-13 21:00:00+01:00,CC NG 22,0.0
2030,sc01,11-13 21:00:00+01:00,CT NG 56,0.0
2030,sc01,11-13 21:00:00+01:00,CT NG 34,0.0
2030,sc01,11-13 21:00:00+01:00,ST NG 05,0.0
2030,sc01,11-13 21:00:00+01:00,CT NG 44,0.0
2030,sc01,11-13 21:00:00+01:00,CT NG 47,0.0
2030,sc01,11-13 21:00:00+01:00,CC NG 15,0.0
2030,sc01,11-13 21:00:00+01:00,CC NG 14,0.6415047032286952
2030,sc01,11-13 21:00:00+01:00,CT NG 42,0.0
2030,sc01,11-13 21:00:00+01:00,ST NG 07,0.0
2030,sc01,11-13 21:00:00+01:00,CC NG 36,0.0
2030,sc01,11-13 21:00:00+01:00,CT NG 15,0.0
2030,sc01,11-13 21:00:00+01:00,CT NG 41,0.0
2030,sc01,11-13 21:00:00+01:00,CC NG 23,0.0
2030,sc01,11-13 21:00:00+01:00,CT NG 49,0.0
2030,sc01,11-13 21:00:00+01:00,CC NG 26,0.0
2030,sc01,11-13 21:00:00+01:00,CC NG 12,0.0
2030,sc01,11-13 21:00:00+01:00,CT NG 05,0.0
2030,sc01,11-13 21:00:00+01:00,CC NG 40,0.0
2030,sc01,11-13 21:00:00+01:00,CT NG 50,0.0
2030,sc01,11-13 21:00:00+01:00,CT NG 68,0.0
2030,sc01,11-13 21:00:00+01:00,CC NG 17,0.0
2030,sc01,11-13 21:00:00+01:00,CC NG 10,0.0
2030,sc01,11-13 21:00:00+01:00,CC NG 33,0.0
2030,sc01,11-13 21:00:00+01:00,CC NG 06,0.0
2030,sc01,11-13 21:00:00+01:00,CT NG 10,0.0
2030,sc01,11-13 21:00:00+01:00,CT NG 01,0.0
2030,sc01,11-13 21:00:00+01:00,CC NG 29,0.0
2030,sc01,11-13 21:00:00+01:00,CC NG 05,0.0
2030,sc01,11-13 21:00:00+01:00,CT NG 06,0.0
2030,sc01,11-13 21:00:00+01:00,CT NG 24,0.0
2030,sc01,11-13 21:00:00+01:00,CT NG 22,0.0
2030,sc01,11-13 21:00:00+01:00,CT NG 21,0.0
2030,sc01,11-13 21:00:00+01:00,CC NG 28,0.0
2030,sc01,11-13 21:00:00+01:00,CC NG 35,0.0
2030,sc01,11-13 21:00:00+01:00,CC NG 24,0.0
2030,sc01,11-13 21:00:00+01:00,CC NG 08,0.0
2030,sc01,11-13 21:00:00+01:00,ST NG 02,1.0
2030,sc01,11-13 21:00:00+01:00,CT NG 52,0.0
2030,sc01,11-13 21:00:00+01:00,CT NG 46,0.0
2030,sc01,11-13 21:00:00+01:00,CT NG 36,1.0
2030,sc01,11-13 21:00:00+01:00,CC NG 21,1.0
2030,sc01,11-13 21:00:00+01:00,ST NG 09,0.0
2030,sc01,11-13 21:00:00+01:00,ST NG 04,0.0
2030,sc01,11-13 21:00:00+01:00,CT NG 23,0.0
2030,sc01,11-13 21:00:00+01:00,CT NG 13,0.0
2030,sc01,11-13 21:00:00+01:00,CC NG 11,0.0
2030,sc01,11-13 21:00:00+01:00,CT NG 04,0.0
2030,sc01,11-13 21:00:00+01:00,CC NG 18,0.9830067535127266
2030,sc01,11-13 21:00:00+01:00,CC NG 34,0.0
2030,sc01,11-13 21:00:00+01:00,CT Oil 04,0.0
2030,sc01,11-13 21:00:00+01:00,CT NG 74,0.0
2030,sc01,11-13 21:00:00+01:00,CT NG 55,0.0
2030,sc01,11-13 21:00:00+01:00,CT NG 75,0.0
2030,sc01,11-13 21:00:00+01:00,CC NG 01,0.0
2030,sc01,11-13 21:00:00+01:00,CC NG 39,0.0
2030,sc01,11-13 21:00:00+01:00,CT NG 09,0.0
2030,sc01,11-13 21:00:00+01:00,CC NG 31,0.0
2030,sc01,11-13 21:00:00+01:00,CT NG 14,0.0
2030,sc01,11-15 17:00:00+01:00,ST NG 03,0.0
2030,sc01,11-15 17:00:00+01:00,CC NG 37,0.0
2030,sc01,11-15 17:00:00+01:00,CT NG 48,0.0
2030,sc01,11-15 17:00:00+01:00,CT NG 16,0.0
2030,sc01,11-15 17:00:00+01:00,CT NG 25,0.0
2030,sc01,11-15 17:00:00+01:00,CT NG 53,0.0
2030,sc01,11-15 17:00:00+01:00,ST NG 08,0.0
2030,sc01,11-15 17:00:00+01:00,CT Oil 03,0.0
2030,sc01,11-15 17:00:00+01:00,CT NG 43,0.0
2030,sc01,11-15 17:00:00+01:00,CC NG 04,0.9999999999999999
2030,sc01,11-15 17:00:00+01:00,ST Other 02,0.0
2030,sc01,11-15 17:00:00+01:00,CT NG 30,0.0
2030,sc01,11-15 17:00:00+01:00,CC NG 27,0.0
2030,sc01,11-15 17:00:00+01:00,CC NG 38,0.0
2030,sc01,11-15 17:00:00+01:00,CC NG 20,0.0
2030,sc01,11-15 17:00:00+01:00,CC NG 19,0.0
2030,sc01,11-15 17:00:00+01:00,CT NG 12,0.0
2030,sc01,11-15 17:00:00+01:00,CT NG 70,0.0
2030,sc01,11-15 17:00:00+01:00,ST NG 10,0.0
2030,sc01,11-15 17:00:00+01:00,CT NG 02,0.0
2030,sc01,11-15 17:00:00+01:00,CT NG 26,0.0
2030,sc01,11-15 17:00:00+01:00,ST NG 01,0.0
2030,sc01,11-15 17:00:00+01:00,CC NG 32,0.0
2030,sc01,11-15 17:00:00+01:00,CT NG 35,0.0
2030,sc01,11-15 17:00:00+01:00,ST NG 06,0.0
2030,sc01,11-15 17:00:00+01:00,CT Oil 01,0.0
2030,sc01,11-15 17:00:00+01:00,CT NG 67,0.0
2030,sc01,11-15 17:00:00+01:00,CT NG 72,0.0
2030,sc01,11-15 17:00:00+01:00,CT NG 66,0.0
2030,sc01,11-15 17:00:00+01:00,CT NG 71,0.0
2030,sc01,11-15 17:00:00+01:00,CC NG 07,0.0
2030,sc01,11-15 17:00:00+01:00,CT NG 69,0.0
2030,sc01,11-15 17:00:00+01:00,CT NG 07,0.0
2030,sc01,11-15 17:00:00+01:00,CT NG 45,0.0
2030,sc01,11-15 17:00:00+01:00,CC NG 03,0.0
2030,sc01,11-15 17:00:00+01:00,CC NG 13,0.0
2030,sc01,11-15 17:00:00+01:00,CT Oil 05,0.0
2030,sc01,11-15 17:00:00+01:00,CT NG 54,0.0
2030,sc01,11-15 17:00:00+01:00,ST Coal 01,0.0
2030,sc01,11-15 17:00:00+01:00,CC NG 16,0.0
2030,sc01,11-15 17:00:00+01:00,CT NG 73,0.0
2030,sc01,11-15 17:00:00+01:00,CC NG 09,0.0
2030,sc01,11-15 17:00:00+01:00,CT NG 03,0.0
2030,sc01,11-15 17:00:00+01:00,CT NG 28,0.0
2030,sc01,11-15 17:00:00+01:00,CT NG 11,0.0
2030,sc01,11-15 17:00:00+01:00,CT NG 08,0.0
2030,sc01,11-15 17:00:00+01:00,CT Oil 02,0.0
2030,sc01,11-15 17:00:00+01:00,CC NG 25,0.0
2030,sc01,11-15 17:00:00+01:00,CC NG 22,0.0
2030,sc01,11-15 17:00:00+01:00,CT NG 56,0.0
2030,sc01,11-15 17:00:00+01:00,CT NG 34,0.0
2030,sc01,11-15 17:00:00+01:00,ST NG 05,0.0
2030,sc01,11-15 17:00:00+01:00,CT NG 44,0.0
2030,sc01,11-15 17:00:00+01:00,CT NG 47,1.0
2030,sc01,11-15 17:00:00+01:00,CC NG 15,0.0
2030,sc01,11-15 17:00:00+01:00,CC NG 14,0.35849529677130476
2030,sc01,11-15 17:00:00+01:00,CT NG 42,0.0
2030,sc01,11-15 17:00:00+01:00,ST NG 07,0.0
2030,sc01,11-15 17:00:00+01:00,CC NG 36,0.0
2030,sc01,11-15 17:00:00+01:00,CT NG 15,0.0
2030,sc01,11-15 17:00:00+01:00,CT NG 41,1.0
2030,sc01,11-15 17:00:00+01:00,CC NG 23,0.06076813645912604
2030,sc01,11-15 17:00:00+01:00,CT NG 49,0.1620047527361802
2030,sc01,11-15 17:00:00+01:00,CC NG 26,0.8272819848907064
2030,sc01,11-15 17:00:00+01:00,CC NG 12,0.0
2030,sc01,11-15 17:00:00+01:00,CT NG 05,0.0
2030,sc01,11-15 17:00:00+01:00,CC NG 40,0.0
2030,sc01,11-15 17:00:00+01:00,CT NG 50,0.0
2030,sc01,11-15 17:00:00+01:00,CT NG 68,0.0
2030,sc01,11-15 17:00:00+01:00,CC NG 17,0.0
2030,sc01,11-15 17:00:00+01:00,CC NG 10,0.0
2030,sc01,11-15 17:00:00+01:00,CC NG 33,0.0
2030,sc01,11-15 17:00:00+01:00,CC NG 06,0.0
2030,sc01,11-15 17:00:00+01:00,CT NG 10,0.0
2030,sc01,11-15 17:00:00+01:00,CT NG 01,0.0
2030,sc01,11-15 17:00:00+01:00,CC NG 29,0.0
2030,sc01,11-15 17:00:00+01:00,CC NG 05,1.0
2030,sc01,11-15 17:00:00+01:00,CT NG 06,0.0
2030,sc01,11-15 17:00:00+01:00,CT NG 24,0.0
2030,sc01,11-15 17:00:00+01:00,CT NG 22,0.0
2030,sc01,11-15 17:00:00+01:00,CT NG 21,0.0
2030,sc01,11-15 17:00:00+01:00,CC NG 28,0.0
2030,sc01,11-15 17:00:00+01:00,CC NG 35,0.0
2030,sc01,11-15 17:00:00+01:00,CC NG 24,0.0
2030,sc01,11-15 17:00:00+01:00,CC NG 08,0.0
2030,sc01,11-15 17:00:00+01:00,ST NG 02,0.0
2030,sc01,11-15 17:00:00+01:00,CT NG 52,0.0
2030,sc01,11-15 17:00:00+01:00,CT NG 46,0.0
2030,sc01,11-15 17:00:00+01:00,CT NG 36,0.7882640976584789
2030,sc01,11-15 17:00:00+01:00,CC NG 21,0.0
2030,sc01,11-15 17:00:00+01:00,ST NG 09,0.0
2030,sc01,11-15 17:00:00+01:00,ST NG 04,0.0
2030,sc01,11-15 17:00:00+01:00,CT NG 23,0.0
2030,sc01,11-15 17:00:00+01:00,CT NG 13,0.0
2030,sc01,11-15 17:00:00+01:00,CC NG 11,0.0
2030,sc01,11-15 17:00:00+01:00,CT NG 04,0.0
2030,sc01,11-15 17:00:00+01:00,CC NG 18,0.9074292637115344
2030,sc01,11-15 17:00:00+01:00,CC NG 34,0.0
2030,sc01,11-15 17:00:00+01:00,CT Oil 04,0.0
2030,sc01,11-15 17:00:00+01:00,CT NG 74,1.0
2030,sc01,11-15 17:00:00+01:00,CT NG 55,0.0
2030,sc01,11-15 17:00:00+01:00,CT NG 75,0.0
2030,sc01,11-15 17:00:00+01:00,CC NG 01,0.0
2030,sc01,11-15 17:00:00+01:00,CC NG 39,0.0
2030,sc01,11-15 17:00:00+01:00,CT NG 09,0.0
2030,sc01,11-15 17:00:00+01:00,CC NG 31,0.0
2030,sc01,11-15 17:00:00+01:00,CT NG 14,0.0
2030,sc01,11-15 19:00:00+01:00,ST NG 03,0.0
2030,sc01,11-15 19:00:00+01:00,CC NG 37,0.0
2030,sc01,11-15 19:00:00+01:00,CT NG 48,0.0
2030,sc01,11-15 19:00:00+01:00,CT NG 16,0.0
2030,sc01,11-15 19:00:00+01:00,CT NG 25,0.0
2030,sc01,11-15 19:00:00+01:00,CT NG 53,0.0
2030,sc01,11-15 19:00:00+01:00,ST NG 08,0.0
2030,sc01,11-15 19:00:00+01:00,CT Oil 03,0.0
2030,sc01,11-15 19:00:00+01:00,CT NG 43,0.0
2030,sc01,11-15 19:00:00+01:00,CC NG 04,0.0
2030,sc01,11-15 19:00:00+01:00,ST Other 02,0.0
2030,sc01,11-15 19:00:00+01:00,CT NG 30,0.0
2030,sc01,11-15 19:00:00+01:00,CC NG 27,0.0
2030,sc01,11-15 19:00:00+01:00,CC NG 38,0.0
2030,sc01,11-15 19:00:00+01:00,CC NG 20,0.0
2030,sc01,11-15 19:00:00+01:00,CC NG 19,0.0
2030,sc01,11-15 19:00:00+01:00,CT NG 12,0.0
2030,sc01,11-15 19:00:00+01:00,CT NG 70,0.0
2030,sc01,11-15 19:00:00+01:00,ST NG 10,0.0
2030,sc01,11-15 19:00:00+01:00,CT NG 02,0.0
2030,sc01,11-15 19:00:00+01:00,CT NG 26,0.0
2030,sc01,11-15 19:00:00+01:00,ST NG 01,0.0
2030,sc01,11-15 19:00:00+01:00,CC NG 32,0.0
2030,sc01,11-15 19:00:00+01:00,CT NG 35,0.0
2030,sc01,11-15 19:00:00+01:00,ST NG 06,0.0
2030,sc01,11-15 19:00:00+01:00,CT Oil 01,0.0
2030,sc01,11-15 19:00:00+01:00,CT NG 67,0.0
2030,sc01,11-15 19:00:00+01:00,CT NG 72,0.0
2030,sc01,11-15 19:00:00+01:00,CT NG 66,0.0
2030,sc01,11-15 19:00:00+01:00,CT NG 71,0.0
2030,sc01,11-15 19:00:00+01:00,CC NG 07,0.0
2030,sc01,11-15 19:00:00+01:00,CT NG 69,0.0
2030,sc01,11-15 19:00:00+01:00,CT NG 07,0.0
2030,sc01,11-15 19:00:00+01:00,CT NG 45,0.0
2030,sc01,11-15 19:00:00+01:00,CC NG 03,0.0
2030,sc01,11-15 19:00:00+01:00,CC NG 13,0.0
2030,sc01,11-15 19:00:00+01:00,CT Oil 05,0.0
2030,sc01,11-15 19:00:00+01:00,CT NG 54,0.0
2030,sc01,11-15 19:00:00+01:00,ST Coal 01,0.0
2030,sc01,11-15 19:00:00+01:00,CC NG 16,0.0
2030,sc01,11-15 19:00:00+01:00,CT NG 73,0.0
2030,sc01,11-15 19:00:00+01:00,CC NG 09,0.0
2030,sc01,11-15 19:00:00+01:00,CT NG 03,0.0
2030,sc01,11-15 19:00:00+01:00,CT NG 28,0.0
2030,sc01,11-15 19:00:00+01:00,CT NG 11,0.0
2030,sc01,11-15 19:00:00+01:00,CT NG 08,0.0
2030,sc01,11-15 19:00:00+01:00,CT Oil 02,0.0
2030,sc01,11-15 19:00:00+01:00,CC NG 25,0.0
2030,sc01,11-15 19:00:00+01:00,CC NG 22,0.0
2030,sc01,11-15 19:00:00+01:00,CT NG 56,0.0
2030,sc01,11-15 19:00:00+01:00,CT NG 34,0.0
2030,sc01,11-15 19:00:00+01:00,ST NG 05,0.0
2030,sc01,11-15 19:00:00+01:00,CT NG 44,0.0
2030,sc01,11-15 19:00:00+01:00,CT NG 47,0.0
2030,sc01,11-15 19:00:00+01:00,CC NG 15,0.0
2030,sc01,11-15 19:00:00+01:00,CC NG 14,0.0
2030,sc01,11-15 19:00:00+01:00,CT NG 42,0.0
2030,sc01,11-15 19:00:00+01:00,ST NG 07,0.0
2030,sc01,11-15 19:00:00+01:00,CC NG 36,0.0
2030,sc01,11-15 19:00:00+01:00,CT NG 15,0.0
2030,sc01,11-15 19:00:00+01:00,CT NG 41,0.0
2030,sc01,11-15 19:00:00+01:00,CC NG 23,0.939231863540874
2030,sc01,11-15 19:00:00+01:00,CT NG 49,0.8379952472638198
2030,sc01,11-15 19:00:00+01:00,CC NG 26,0.17271801510929363
2030,sc01,11-15 19:00:00+01:00,CC NG 12,0.0
2030,sc01,11-15 19:00:00+01:00,CT NG 05,0.0
2030,sc01,11-15 19:00:00+01:00,CC NG 40,0.0
2030,sc01,11-15 19:00:00+01:00,CT NG 50,0.0
2030,sc01,11-15 19:00:00+01:00,CT NG 68,0.0
2030,sc01,11-15 19:00:00+01:00,CC NG 17,0.0
2030,sc01,11-15 19:00:00+01:00,CC NG 10,0.0
2030,sc01,11-15 19:00:00+01:00,CC NG 33,0.0
2030,sc01,11-15 19:00:00+01:00,CC NG 06,0.0
2030,sc01,11-15 19:00:00+01:00,CT NG 10,0.0
2030,sc01,11-15 19:00:00+01:00,CT NG 01,0.0
2030,sc01,11-15 19:00:00+01:00,CC NG 29,0.0
2030,sc01,11-15 19:00:00+01:00,CC NG 05,0.0
2030,sc01,11-15 19:00:00+01:00,CT NG 06,0.0
2030,sc01,11-15 19:00:00+01:00,CT NG 24,0.0
2030,sc01,11-15 19:00:00+01:00,CT NG 22,0.0
2030,sc01,11-15 19:00:00+01:00,CT NG 21,0.0
2030,sc01,11-15 19:00:00+01:00,CC NG 28,0.0
2030,sc01,11-15 19:00:00+01:00,CC NG 35,0.0
2030,sc01,11-15 19:00:00+01:00,CC NG 24,0.0
2030,sc01,11-15 19:00:00+01:00,CC NG 08,0.0
2030,sc01,11-15 19:00:00+01:00,ST NG 02,0.0
2030,sc01,11-15 19:00:00+01:00,CT NG 52,0.0
2030,sc01,11-15 19:00:00+01:00,CT NG 46,0.0
2030,sc01,11-15 19:00:00+01:00,CT NG 36,0.0
2030,sc01,11-15 19:00:00+01:00,CC NG 21,0.8632841600912005
2030,sc01,11-15 19:00:00+01:00,ST NG 09,0.0
2030,sc01,11-15 19:00:00+01:00,ST NG 04,0.0
2030,sc01,11-15 19:00:00+01:00,CT NG 23,0.0
2030,sc01,11-15 19:00:00+01:00,CT NG 13,0.0
2030,sc01,11-15 19:00:00+01:00,CC NG 11,0.0
2030,sc01,11-15 19:00:00+01:00,CT NG 04,0.0
2030,sc01,11-15 19:00:00+01:00,CC NG 18,0.0449257424944669
2030,sc01,11-15 19:00:00+01:00,CC NG 34,0.0
2030,sc01,11-15 19:00:00+01:00,CT Oil 04,0.0
2030,sc01,11-15 19:00:00+01:00,CT NG 74,0.0
2030,sc01,11-15 19:00:00+01:00,CT NG 55,0.0
2030,sc01,11-15 19:00:00+01:00,CT NG 75,0.0
2030,sc01,11-15 19:00:00+01:00,CC NG 01,0.0
2030,sc01,11-15 19:00:00+01:00,CC NG 39,0.0
2030,sc01,11-15 19:00:00+01:00,CT NG 09,0.0
2030,sc01,11-15 19:00:00+01:00,CC NG 31,0.0
2030,sc01,11-15 19:00:00+01:00,CT NG 14,0.0
2030,sc01,11-16 18:00:00+01:00,ST NG 03,0.0
2030,sc01,11-16 18:00:00+01:00,CC NG 37,0.0
2030,sc01,11-16 18:00:00+01:00,CT NG 48,1.0
2030,sc01,11-16 18:00:00+01:00,CT NG 16,0.0
2030,sc01,11-16 18:00:00+01:00,CT NG 25,1.0
2030,sc01,11-16 18:00:00+01:00,CT NG 53,0.0
2030,sc01,11-16 18:00:00+01:00,ST NG 08,0.0
2030,sc01,11-16 18:00:00+01:00,CT Oil 03,0.0
2030,sc01,11-16 18:00:00+01:00,CT NG 43,0.0
2030,sc01,11-16 18:00:00+01:00,CC NG 04,0.9999999999999999
2030,sc01,11-16 18:00:00+01:00,ST Other 02,0.0
2030,sc01,11-16 18:00:00+01:00,CT NG 30,0.0
2030,sc01,11-16 18:00:00+01:00,CC NG 27,0.0
2030,sc01,11-16 18:00:00+01:00,CC NG 38,0.0
2030,sc01,11-16 18:00:00+01:00,CC NG 20,0.0
2030,sc01,11-16 18:00:00+01:00,CC NG 19,0.0
2030,sc01,11-16 18:00:00+01:00,CT NG 12,0.0
2030,sc01,11-16 18:00:00+01:00,CT NG 70,0.0
2030,sc01,11-16 18:00:00+01:00,ST NG 10,0.0
2030,sc01,11-16 18:00:00+01:00,CT NG 02,0.0
2030,sc01,11-16 18:00:00+01:00,CT NG 26,1.0
2030,sc01,11-16 18:00:00+01:00,ST NG 01,0.0
2030,sc01,11-16 18:00:00+01:00,CC NG 32,0.0
2030,sc01,11-16 18:00:00+01:00,CT NG 35,1.0
2030,sc01,11-16 18:00:00+01:00,ST NG 06,0.0
2030,sc01,11-16 18:00:00+01:00,CT Oil 01,0.0
2030,sc01,11-16 18:00:00+01:00,CT NG 67,0.0
2030,sc01,11-16 18:00:00+01:00,CT NG 72,0.0
2030,sc01,11-16 18:00:00+01:00,CT NG 66,0.0
2030,sc01,11-16 18:00:00+01:00,CT NG 71,0.0
2030,sc01,11-16 18:00:00+01:00,CC NG 07,0.0
2030,sc01,11-16 18:00:00+01:00,CT NG 69,0.0
2030,sc01,11-16 18:00:00+01:00,CT NG 07,0.0
2030,sc01,11-16 18:00:00+01:00,CT NG 45,0.0
2030,sc01,11-16 18:00:00+01:00,CC NG 03,1.0
2030,sc01,11-16 18:00:00+01:00,CC NG 13,0.0
2030,sc01,11-16 18:00:00+01:00,CT Oil 05,0.0
2030,sc01,11-16 18:00:00+01:00,CT NG 54,0.0
2030,sc01,11-16 18:00:00+01:00,ST Coal 01,0.0
2030,sc01,11-16 18:00:00+01:00,CC NG 16,0.0
2030,sc01,11-16 18:00:00+01:00,CT NG 73,0.0
2030,sc01,11-16 18:00:00+01:00,CC NG 09,0.0
2030,sc01,11-16 18:00:00+01:00,CT NG 03,0.0
2030,sc01,11-16 18:00:00+01:00,CT NG 28,0.0
2030,sc01,11-16 18:00:00+01:00,CT NG 11,0.0
2030,sc01,11-16 18:00:00+01:00,CT NG 08,0.0
2030,sc01,11-16 18:00:00+01:00,CT Oil 02,0.0
2030,sc01,11-16 18:00:00+01:00,CC NG 25,0.0
2030,sc01,11-16 18:00:00+01:00,CC NG 22,0.0
2030,sc01,11-16 18:00:00+01:00,CT NG 56,0.0
2030,sc01,11-16 18:00:00+01:00,CT NG 34,1.0
2030,sc01,11-16 18:00:00+01:00,ST NG 05,0.0
2030,sc01,11-16 18:00:00+01:00,CT NG 44,0.0
2030,sc01,11-16 18:00:00+01:00,CT NG 47,1.0
2030,sc01,11-16 18:00:00+01:00,CC NG 15,0.0
2030,sc01,11-16 18:00:00+01:00,CC NG 14,1.0
2030,sc01,11-16 18:00:00+01:00,CT NG 42,0.0
2030,sc01,11-16 18:00:00+01:00,ST NG 07,0.0
2030,sc01,11-16 18:00:00+01:00,CC NG 36,0.0
2030,sc01,11-16 18:00:00+01:00,CT NG 15,0.0
2030,sc01,11-16 18:00:00+01:00,CT NG 41,1.0
2030,sc01,11-16 18:00:00+01:00,CC NG 23,0.04056991142355448
2030,sc01,11-16 18:00:00+01:00,CT NG 49,1.0
2030,sc01,11-16 18:00:00+01:00,CC NG 26,0.8272819848907064
2030,sc01,11-16 18:00:00+01:00,CC NG 12,0.0
2030,sc01,11-16 18:00:00+01:00,CT NG 05,0.0
2030,sc01,11-16 18:00:00+01:00,CC NG 40,0.7569245066421879
2030,sc01,11-16 18:00:00+01:00,CT NG 50,0.0
2030,sc01,11-16 18:00:00+01:00,CT NG 68,0.0
2030,sc01,11-16 18:00:00+01:00,CC NG 17,1.0
2030,sc01,11-16 18:00:00+01:00,CC NG 10,0.0
2030,sc01,11-16 18:00:00+01:00,CC NG 33,0.0
2030,sc01,11-16 18:00:00+01:00,CC NG 06,0.0
2030,sc01,11-16 18:00:00+01:00,CT NG 10,0.0
2030,sc01,11-16 18:00:00+01:00,CT NG 01,0.0
2030,sc01,11-16 18:00:00+01:00,CC NG 29,0.0
2030,sc01,11-16 18:00:00+01:00,CC NG 05,1.0
2030,sc01,11-16 18:00:00+01:00,CT NG 06,0.0
2030,sc01,11-16 18:00:00+01:00,CT NG 24,1.0
2030,sc01,11-16 18:00:00+01:00,CT NG 22,0.0
2030,sc01,11-16 18:00:00+01:00,CT NG 21,0.0
2030,sc01,11-16 18:00:00+01:00,CC NG 28,1.0
2030,sc01,11-16 18:00:00+01:00,CC NG 35,0.0
2030,sc01,11-16 18:00:00+01:00,CC NG 24,0.9999999999999999
2030,sc01,11-16 18:00:00+01:00,CC NG 08,0.0
2030,sc01,11-16 18:00:00+01:00,ST NG 02,0.0
2030,sc01,11-16 18:00:00+01:00,CT NG 52,0.0
2030,sc01,11-16 18:00:00+01:00,CT NG 46,1.0
2030,sc01,11-16 18:00:00+01:00,CT NG 36,1.0
2030,sc01,11-16 18:00:00+01:00,CC NG 21,0.13671583990879949
2030,sc01,11-16 18:00:00+01:00,ST NG 09,0.0
2030,sc01,11-16 18:00:00+01:00,ST NG 04,0.0
2030,sc01,11-16 18:00:00+01:00,CT NG 23,0.0
2030,sc01,11-16 18:00:00+01:00,CT NG 13,0.0
2030,sc01,11-16 18:00:00+01:00,CC NG 11,1.0
2030,sc01,11-16 18:00:00+01:00,CT NG 04,0.0
2030,sc01,11-16 18:00:00+01:00,CC NG 18,0.9550742575055331
2030,sc01,11-16 18:00:00+01:00,CC NG 34,0.0
2030,sc01,11-16 18:00:00+01:00,CT Oil 04,0.0
2030,sc01,11-16 18:00:00+01:00,CT NG 74,1.0
2030,sc01,11-16 18:00:00+01:00,CT NG 55,0.0
2030,sc01,11-16 18:00:00+01:00,CT NG 75,0.0
2030,sc01,11-16 18:00:00+01:00,CC NG 01,0.0
2030,sc01,11-16 18:00:00+01:00,CC NG 39,0.0
2030,sc01,11-16 18:00:00+01:00,CT NG 09,0.0
2030,sc01,11-16 18:00:00+01:00,CC NG 31,0.0
2030,sc01,11-16 18:00:00+01:00,CT NG 14,0.0
2030,sc01,11-19 18:00:00+01:00,ST NG 03,0.10696052348545415
2030,sc01,11-19 18:00:00+01:00,CC NG 37,0.0
2030,sc01,11-19 18:00:00+01:00,CT NG 48,0.0
2030,sc01,11-19 18:00:00+01:00,CT NG 16,0.0
2030,sc01,11-19 18:00:00+01:00,CT NG 25,0.0
2030,sc01,11-19 18:00:00+01:00,CT NG 53,0.0
2030,sc01,11-19 18:00:00+01:00,ST NG 08,0.0
2030,sc01,11-19 18:00:00+01:00,CT Oil 03,0.0
2030,sc01,11-19 18:00:00+01:00,CT NG 43,0.0
2030,sc01,11-19 18:00:00+01:00,CC NG 04,0.0
2030,sc01,11-19 18:00:00+01:00,ST Other 02,0.0
2030,sc01,11-19 18:00:00+01:00,CT NG 30,0.0
2030,sc01,11-19 18:00:00+01:00,CC NG 27,0.0
2030,sc01,11-19 18:00:00+01:00,CC NG 38,0.0
2030,sc01,11-19 18:00:00+01:00,CC NG 20,0.0
2030,sc01,11-19 18:00:00+01:00,CC NG 19,0.0
2030,sc01,11-19 18:00:00+01:00,CT NG 12,0.0
2030,sc01,11-19 18:00:00+01:00,CT NG 70,0.0
2030,sc01,11-19 18:00:00+01:00,ST NG 10,0.0
2030,sc01,11-19 18:00:00+01:00,CT NG 02,0.0
2030,sc01,11-19 18:00:00+01:00,CT NG 26,0.0
2030,sc01,11-19 18:00:00+01:00,ST NG 01,0.0
2030,sc01,11-19 18:00:00+01:00,CC NG 32,0.0
2030,sc01,11-19 18:00:00+01:00,CT NG 35,0.0
2030,sc01,11-19 18:00:00+01:00,ST NG 06,0.0
2030,sc01,11-19 18:00:00+01:00,CT Oil 01,0.0
2030,sc01,11-19 18:00:00+01:00,CT NG 67,0.0
2030,sc01,11-19 18:00:00+01:00,CT NG 72,0.0
2030,sc01,11-19 18:00:00+01:00,CT NG 66,0.0
2030,sc01,11-19 18:00:00+01:00,CT NG 71,0.0
2030,sc01,11-19 18:00:00+01:00,CC NG 07,0.0
2030,sc01,11-19 18:00:00+01:00,CT NG 69,0.0
2030,sc01,11-19 18:00:00+01:00,CT NG 07,0.0
2030,sc01,11-19 18:00:00+01:00,CT NG 45,0.0
2030,sc01,11-19 18:00:00+01:00,CC NG 03,0.0
2030,sc01,11-19 18:00:00+01:00,CC NG 13,0.0
2030,sc01,11-19 18:00:00+01:00,CT Oil 05,0.0
2030,sc01,11-19 18:00:00+01:00,CT NG 54,0.0
2030,sc01,11-19 18:00:00+01:00,ST Coal 01,0.0
2030,sc01,11-19 18:00:00+01:00,CC NG 16,0.0
2030,sc01,11-19 18:00:00+01:00,CT NG 73,0.0
2030,sc01,11-19 18:00:00+01:00,CC NG 09,0.0
2030,sc01,11-19 18:00:00+01:00,CT NG 03,0.0
2030,sc01,11-19 18:00:00+01:00,CT NG 28,0.0
2030,sc01,11-19 18:00:00+01:00,CT NG 11,0.0
2030,sc01,11-19 18:00:00+01:00,CT NG 08,0.0
2030,sc01,11-19 18:00:00+01:00,CT Oil 02,0.0
2030,sc01,11-19 18:00:00+01:00,CC NG 25,0.0
2030,sc01,11-19 18:00:00+01:00,CC NG 22,0.0
2030,sc01,11-19 18:00:00+01:00,CT NG 56,0.0
2030,sc01,11-19 18:00:00+01:00,CT NG 34,0.0
2030,sc01,11-19 18:00:00+01:00,ST NG 05,0.0
2030,sc01,11-19 18:00:00+01:00,CT NG 44,0.0
2030,sc01,11-19 18:00:00+01:00,CT NG 47,0.0
2030,sc01,11-19 18:00:00+01:00,CC NG 15,0.0
2030,sc01,11-19 18:00:00+01:00,CC NG 14,0.0
2030,sc01,11-19 18:00:00+01:00,CT NG 42,0.0
2030,sc01,11-19 18:00:00+01:00,ST NG 07,0.0
2030,sc01,11-19 18:00:00+01:00,CC NG 36,0.0
2030,sc01,11-19 18:00:00+01:00,CT NG 15,0.0
2030,sc01,11-19 18:00:00+01:00,CT NG 41,0.0
2030,sc01,11-19 18:00:00+01:00,CC NG 23,0.9594300885764455
2030,sc01,11-19 18:00:00+01:00,CT NG 49,0.0
2030,sc01,11-19 18:00:00+01:00,CC NG 26,0.17271801510929363
2030,sc01,11-19 18:00:00+01:00,CC NG 12,0.0
2030,sc01,11-19 18:00:00+01:00,CT NG 05,0.0
2030,sc01,11-19 18:00:00+01:00,CC NG 40,0.24307549335781203
2030,sc01,11-19 18:00:00+01:00,CT NG 50,0.0
2030,sc01,11-19 18:00:00+01:00,CT NG 68,0.20542696438921715
2030,sc01,11-19 18:00:00+01:00,CC NG 17,0.0
2030,sc01,11-19 18:00:00+01:00,CC NG 10,0.0
2030,sc01,11-19 18:00:00+01:00,CC NG 33,0.0
2030,sc01,11-19 18:00:00+01:00,CC NG 06,0.0
2030,sc01,11-19 18:00:00+01:00,CT NG 10,0.0
2030,sc01,11-19 18:00:00+01:00,CT NG 01,0.0
2030,sc01,11-19 18:00:00+01:00,CC NG 29,0.0
2030,sc01,11-19 18:00:00+01:00,CC NG 05,0.0
2030,sc01,11-19 18:00:00+01:00,CT NG 06,0.0
2030,sc01,11-19 18:00:00+01:00,CT NG 24,0.0
2030,sc01,11-19 18:00:00+01:00,CT NG 22,0.0
2030,sc01,11-19 18:00:00+01:00,CT NG 21,0.0
2030,sc01,11-19 18:00:00+01:00,CC NG 28,0.0
2030,sc01,11-19 18:00:00+01:00,CC NG 35,0.0
2030,sc01,11-19 18:00:00+01:00,CC NG 24,0.0
2030,sc01,11-19 18:00:00+01:00,CC NG 08,0.0
2030,sc01,11-19 18:00:00+01:00,ST NG 02,0.0
2030,sc01,11-19 18:00:00+01:00,CT NG 52,0.0
2030,sc01,11-19 18:00:00+01:00,CT NG 46,0.0
2030,sc01,11-19 18:00:00+01:00,CT NG 36,0.0
2030,sc01,11-19 18:00:00+01:00,CC NG 21,0.0
2030,sc01,11-19 18:00:00+01:00,ST NG 09,0.0
2030,sc01,11-19 18:00:00+01:00,ST NG 04,0.0
2030,sc01,11-19 18:00:00+01:00,CT NG 23,0.0
2030,sc01,11-19 18:00:00+01:00,CT NG 13,0.0
2030,sc01,11-19 18:00:00+01:00,CC NG 11,0.0
2030,sc01,11-19 18:00:00+01:00,CT NG 04,0.0
2030,sc01,11-19 18:00:00+01:00,CC NG 18,0.12021786034434057
2030,sc01,11-19 18:00:00+01:00,CC NG 34,0.6052892762144252
2030,sc01,11-19 18:00:00+01:00,CT Oil 04,0.0
2030,sc01,11-19 18:00:00+01:00,CT NG 74,0.0
2030,sc01,11-19 18:00:00+01:00,CT NG 55,0.0
2030,sc01,11-19 18:00:00+01:00,CT NG 75,0.0
2030,sc01,11-19 18:00:00+01:00,CC NG 01,0.0
2030,sc01,11-19 18:00:00+01:00,CC NG 39,0.0
2030,sc01,11-19 18:00:00+01:00,CT NG 09,0.001861664322177492
2030,sc01,11-19 18:00:00+01:00,CC NG 31,0.0
2030,sc01,11-19 18:00:00+01:00,CT NG 14,0.0
2030,sc01,11-25 16:00:00+01:00,ST NG 03,0.8930394765145458
2030,sc01,11-25 16:00:00+01:00,CC NG 37,0.0
2030,sc01,11-25 16:00:00+01:00,CT NG 48,1.0
2030,sc01,11-25 16:00:00+01:00,CT NG 16,0.0
2030,sc01,11-25 16:00:00+01:00,CT NG 25,0.0
2030,sc01,11-25 16:00:00+01:00,CT NG 53,0.0
2030,sc01,11-25 16:00:00+01:00,ST NG 08,0.0
2030,sc01,11-25 16:00:00+01:00,CT Oil 03,0.0
2030,sc01,11-25 16:00:00+01:00,CT NG 43,0.0
2030,sc01,11-25 16:00:00+01:00,CC NG 04,1.0
2030,sc01,11-25 16:00:00+01:00,ST Other 02,0.0
2030,sc01,11-25 16:00:00+01:00,CT NG 30,0.0
2030,sc01,11-25 16:00:00+01:00,CC NG 27,1.0
2030,sc01,11-25 16:00:00+01:00,CC NG 38,0.0
2030,sc01,11-25 16:00:00+01:00,CC NG 20,0.0
2030,sc01,11-25 16:00:00+01:00,CC NG 19,0.0
2030,sc01,11-25 16:00:00+01:00,CT NG 12,0.0
2030,sc01,11-25 16:00:00+01:00,CT NG 70,1.0
2030,sc01,11-25 16:00:00+01:00,ST NG 10,1.0
2030,sc01,11-25 16:00:00+01:00,CT NG 02,0.0
2030,sc01,11-25 16:00:00+01:00,CT NG 26,0.0
2030,sc01,11-25 16:00:00+01:00,ST NG 01,0.0
2030,sc01,11-25 16:00:00+01:00,CC NG 32,0.0
2030,sc01,11-25 16:00:00+01:00,CT NG 35,0.0
2030,sc01,11-25 16:00:00+01:00,ST NG 06,0.0
2030,sc01,11-25 16:00:00+01:00,CT Oil 01,0.0
2030,sc01,11-25 16:00:00+01:00,CT NG 67,0.0
2030,sc01,11-25 16:00:00+01:00,CT NG 72,0.0
2030,sc01,11-25 16:00:00+01:00,CT NG 66,0.0
2030,sc01,11-25 16:00:00+01:00,CT NG 71,1.0
2030,sc01,11-25 16:00:00+01:00,CC NG 07,1.0
2030,sc01,11-25 16:00:00+01:00,CT NG 69,0.0
2030,sc01,11-25 16:00:00+01:00,CT NG 07,0.0
2030,sc01,11-25 16:00:00+01:00,CT NG 45,1.0
2030,sc01,11-25 16:00:00+01:00,CC NG 03,1.0
2030,sc01,11-25 16:00:00+01:00,CC NG 13,1.0
2030,sc01,11-25 16:00:00+01:00,CT Oil 05,0.0
2030,sc01,11-25 16:00:00+01:00,CT NG 54,0.0
2030,sc01,11-25 16:00:00+01:00,ST Coal 01,0.0
2030,sc01,11-25 16:00:00+01:00,CC NG 16,0.0
2030,sc01,11-25 16:00:00+01:00,CT NG 73,0.0
2030,sc01,11-25 16:00:00+01:00,CC NG 09,1.0
2030,sc01,11-25 16:00:00+01:00,CT NG 03,0.0
2030,sc01,11-25 16:00:00+01:00,CT NG 28,0.0
2030,sc01,11-25 16:00:00+01:00,CT NG 11,0.0
2030,sc01,11-25 16:00:00+01:00,CT NG 08,0.0
2030,sc01,11-25 16:00:00+01:00,CT Oil 02,0.0
2030,sc01,11-25 16:00:00+01:00,CC NG 25,0.0
2030,sc01,11-25 16:00:00+01:00,CC NG 22,0.0
2030,sc01,11-25 16:00:00+01:00,CT NG 56,1.0
2030,sc01,11-25 16:00:00+01:00,CT NG 34,0.0
2030,sc01,11-25 16:00:00+01:00,ST NG 05,0.0
2030,sc01,11-25 16:00:00+01:00,CT NG 44,1.0
2030,sc01,11-25 16:00:00+01:00,CT NG 47,1.0
2030,sc01,11-25 16:00:00+01:00,CC NG 15,0.0
2030,sc01,11-25 16:00:00+01:00,CC NG 14,0.0
2030,sc01,11-25 16:00:00+01:00,CT NG 42,0.0
2030,sc01,11-25 16:00:00+01:00,ST NG 07,0.0
2030,sc01,11-25 16:00:00+01:00,CC NG 36,0.0
2030,sc01,11-25 16:00:00+01:00,CT NG 15,0.0
2030,sc01,11-25 16:00:00+01:00,CT NG 41,0.0
2030,sc01,11-25 16:00:00+01:00,CC NG 23,0.390407766515125
2030,sc01,11-25 16:00:00+01:00,CT NG 49,1.0
2030,sc01,11-25 16:00:00+01:00,CC NG 26,0.8272819848907064
2030,sc01,11-25 16:00:00+01:00,CC NG 12,1.0
2030,sc01,11-25 16:00:00+01:00,CT NG 05,0.0
2030,sc01,11-25 16:00:00+01:00,CC NG 40,0.0
2030,sc01,11-25 16:00:00+01:00,CT NG 50,1.0
2030,sc01,11-25 16:00:00+01:00,CT NG 68,0.7945730356107829
2030,sc01,11-25 16:00:00+01:00,CC NG 17,0.7927652482749079
2030,sc01,11-25 16:00:00+01:00,CC NG 10,0.0
2030,sc01,11-25 16:00:00+01:00,CC NG 33,0.0
2030,sc01,11-25 16:00:00+01:00,CC NG 06,1.0
2030,sc01,11-25 16:00:00+01:00,CT NG 10,0.0
2030,sc01,11-25 16:00:00+01:00,CT NG 01,0.0
2030,sc01,11-25 16:00:00+01:00,CC NG 29,1.0
2030,sc01,11-25 16:00:00+01:00,CC NG 05,0.0
2030,sc01,11-25 16:00:00+01:00,CT NG 06,0.0
2030,sc01,11-25 16:00:00+01:00,CT NG 24,0.0
2030,sc01,11-25 16:00:00+01:00,CT NG 22,0.0
2030,sc01,11-25 16:00:00+01:00,CT NG 21,0.0
2030,sc01,11-25 16:00:00+01:00,CC NG 28,0.0
2030,sc01,11-25 16:00:00+01:00,CC NG 35,0.6743145591771093
2030,sc01,11-25 16:00:00+01:00,CC NG 24,0.0
2030,sc01,11-25 16:00:00+01:00,CC NG 08,0.17612967074290808
2030,sc01,11-25 16:00:00+01:00,ST NG 02,0.0
2030,sc01,11-25 16:00:00+01:00,CT NG 52,0.0
2030,sc01,11-25 16:00:00+01:00,CT NG 46,1.0
2030,sc01,11-25 16:00:00+01:00,CT NG 36,0.0
2030,sc01,11-25 16:00:00+01:00,CC NG 21,0.0
2030,sc01,11-25 16:00:00+01:00,ST NG 09,0.0
2030,sc01,11-25 16:00:00+01:00,ST NG 04,0.0
2030,sc01,11-25 16:00:00+01:00,CT NG 23,0.0
2030,sc01,11-25 16:00:00+01:00,CT NG 13,0.0
2030,sc01,11-25 16:00:00+01:00,CC NG 11,0.0
2030,sc01,11-25 16:00:00+01:00,CT NG 04,0.0
2030,sc01,11-25 16:00:00+01:00,CC NG 18,0.8797821396556594
2030,sc01,11-25 16:00:00+01:00,CC NG 34,0.9142282133992788
2030,sc01,11-25 16:00:00+01:00,CT Oil 04,0.0
2030,sc01,11-25 16:00:00+01:00,CT NG 74,0.0
2030,sc01,11-25 16:00:00+01:00,CT NG 55,0.0
2030,sc01,11-25 16:00:00+01:00,CT NG 75,0.0
2030,sc01,11-25 16:00:00+01:00,CC NG 01,1.0
2030,sc01,11-25 16:00:00+01:00,CC NG 39,1.0
2030,sc01,11-25 16:00:00+01:00,CT NG 09,0.9981383356778225
2030,sc01,11-25 16:00:00+01:00,CC NG 31,0.0
2030,sc01,11-25 16:00:00+01:00,CT NG 14,0.0
2030,sc01,11-26 12:00:00+01:00,ST NG 03,0.0
2030,sc01,11-26 12:00:00+01:00,CC NG 37,0.0
2030,sc01,11-26 12:00:00+01:00,CT NG 48,0.0
2030,sc01,11-26 12:00:00+01:00,CT NG 16,0.0
2030,sc01,11-26 12:00:00+01:00,CT NG 25,0.0
2030,sc01,11-26 12:00:00+01:00,CT NG 53,0.0
2030,sc01,11-26 12:00:00+01:00,ST NG 08,0.0
2030,sc01,11-26 12:00:00+01:00,CT Oil 03,0.0
2030,sc01,11-26 12:00:00+01:00,CT NG 43,0.0
2030,sc01,11-26 12:00:00+01:00,CC NG 04,0.0
2030,sc01,11-26 12:00:00+01:00,ST Other 02,0.0
2030,sc01,11-26 12:00:00+01:00,CT NG 30,0.0
2030,sc01,11-26 12:00:00+01:00,CC NG 27,0.0
2030,sc01,11-26 12:00:00+01:00,CC NG 38,0.0
2030,sc01,11-26 12:00:00+01:00,CC NG 20,0.0
2030,sc01,11-26 12:00:00+01:00,CC NG 19,1.0
2030,sc01,11-26 12:00:00+01:00,CT NG 12,0.0
2030,sc01,11-26 12:00:00+01:00,CT NG 70,0.0
2030,sc01,11-26 12:00:00+01:00,ST NG 10,0.0
2030,sc01,11-26 12:00:00+01:00,CT NG 02,0.0
2030,sc01,11-26 12:00:00+01:00,CT NG 26,0.0
2030,sc01,11-26 12:00:00+01:00,ST NG 01,0.0
2030,sc01,11-26 12:00:00+01:00,CC NG 32,0.0
2030,sc01,11-26 12:00:00+01:00,CT NG 35,0.0
2030,sc01,11-26 12:00:00+01:00,ST NG 06,0.0
2030,sc01,11-26 12:00:00+01:00,CT Oil 01,0.0
2030,sc01,11-26 12:00:00+01:00,CT NG 67,0.0
2030,sc01,11-26 12:00:00+01:00,CT NG 72,0.0
2030,sc01,11-26 12:00:00+01:00,CT NG 66,0.0
2030,sc01,11-26 12:00:00+01:00,CT NG 71,0.0
2030,sc01,11-26 12:00:00+01:00,CC NG 07,0.0
2030,sc01,11-26 12:00:00+01:00,CT NG 69,0.12402664415048303
2030,sc01,11-26 12:00:00+01:00,CT NG 07,0.0
2030,sc01,11-26 12:00:00+01:00,CT NG 45,0.0
2030,sc01,11-26 12:00:00+01:00,CC NG 03,0.0
2030,sc01,11-26 12:00:00+01:00,CC NG 13,0.0
2030,sc01,11-26 12:00:00+01:00,CT Oil 05,0.23724170526027766
2030,sc01,11-26 12:00:00+01:00,CT NG 54,0.0
2030,sc01,11-26 12:00:00+01:00,ST Coal 01,0.0
2030,sc01,11-26 12:00:00+01:00,CC NG 16,1.0
2030,sc01,11-26 12:00:00+01:00,CT NG 73,0.0
2030,sc01,11-26 12:00:00+01:00,CC NG 09,0.0
2030,sc01,11-26 12:00:00+01:00,CT NG 03,0.0
2030,sc01,11-26 12:00:00+01:00,CT NG 28,0.0
2030,sc01,11-26 12:00:00+01:00,CT NG 11,0.0
2030,sc01,11-26 12:00:00+01:00,CT NG 08,0.0
2030,sc01,11-26 12:00:00+01:00,CT Oil 02,0.0
2030,sc01,11-26 12:00:00+01:00,CC NG 25,0.0
2030,sc01,11-26 12:00:00+01:00,CC NG 22,1.0
2030,sc01,11-26 12:00:00+01:00,CT NG 56,0.0
2030,sc01,11-26 12:00:00+01:00,CT NG 34,0.0
2030,sc01,11-26 12:00:00+01:00,ST NG 05,0.0
2030,sc01,11-26 12:00:00+01:00,CT NG 44,0.0
2030,sc01,11-26 12:00:00+01:00,CT NG 47,0.0
2030,sc01,11-26 12:00:00+01:00,CC NG 15,0.0
2030,sc01,11-26 12:00:00+01:00,CC NG 14,0.0
2030,sc01,11-26 12:00:00+01:00,CT NG 42,0.0
2030,sc01,11-26 12:00:00+01:00,ST NG 07,0.0
2030,sc01,11-26 12:00:00+01:00,CC NG 36,0.0
2030,sc01,11-26 12:00:00+01:00,CT NG 15,0.0
2030,sc01,11-26 12:00:00+01:00,CT NG 41,0.0
2030,sc01,11-26 12:00:00+01:00,CC NG 23,0.609592233484875
2030,sc01,11-26 12:00:00+01:00,CT NG 49,0.0
2030,sc01,11-26 12:00:00+01:00,CC NG 26,0.0
2030,sc01,11-26 12:00:00+01:00,CC NG 12,0.0
2030,sc01,11-26 12:00:00+01:00,CT NG 05,0.0
2030,sc01,11-26 12:00:00+01:00,CC NG 40,0.0
2030,sc01,11-26 12:00:00+01:00,CT NG 50,0.0
2030,sc01,11-26 12:00:00+01:00,CT NG 68,0.0
2030,sc01,11-26 12:00:00+01:00,CC NG 17,0.402737178579386
2030,sc01,11-26 12:00:00+01:00,CC NG 10,0.0
2030,sc01,11-26 12:00:00+01:00,CC NG 33,0.0
2030,sc01,11-26 12:00:00+01:00,CC NG 06,0.0
2030,sc01,11-26 12:00:00+01:00,CT NG 10,0.0
2030,sc01,11-26 12:00:00+01:00,CT NG 01,0.0
2030,sc01,11-26 12:00:00+01:00,CC NG 29,0.0
2030,sc01,11-26 12:00:00+01:00,CC NG 05,0.0
2030,sc01,11-26 12:00:00+01:00,CT NG 06,0.0
2030,sc01,11-26 12:00:00+01:00,CT NG 24,0.0
2030,sc01,11-26 12:00:00+01:00,CT NG 22,0.0
2030,sc01,11-26 12:00:00+01:00,CT NG 21,0.0
2030,sc01,11-26 12:00:00+01:00,CC NG 28,0.0
2030,sc01,11-26 12:00:00+01:00,CC NG 35,0.32568544082289075
2030,sc01,11-26 12:00:00+01:00,CC NG 24,0.0
2030,sc01,11-26 12:00:00+01:00,CC NG 08,0.8238703292570919
2030,sc01,11-26 12:00:00+01:00,ST NG 02,0.0
2030,sc01,11-26 12:00:00+01:00,CT NG 52,0.0
2030,sc01,11-26 12:00:00+01:00,CT NG 46,0.0
2030,sc01,11-26 12:00:00+01:00,CT NG 36,0.0
2030,sc01,11-26 12:00:00+01:00,CC NG 21,0.0
2030,sc01,11-26 12:00:00+01:00,ST NG 09,0.17332354496451585
2030,sc01,11-26 12:00:00+01:00,ST NG 04,0.0
2030,sc01,11-26 12:00:00+01:00,CT NG 23,0.0
2030,sc01,11-26 12:00:00+01:00,CT NG 13,0.0
2030,sc01,11-26 12:00:00+01:00,CC NG 11,0.0
2030,sc01,11-26 12:00:00+01:00,CT NG 04,0.0
2030,sc01,11-26 12:00:00+01:00,CC NG 18,1.0
2030,sc01,11-26 12:00:00+01:00,CC NG 34,0.11454486928008134
2030,sc01,11-26 12:00:00+01:00,CT Oil 04,0.0
2030,sc01,11-26 12:00:00+01:00,CT NG 74,0.0
2030,sc01,11-26 12:00:00+01:00,CT NG 55,0.0
2030,sc01,11-26 12:00:00+01:00,CT NG 75,0.0
2030,sc01,11-26 12:00:00+01:00,CC NG 01,0.0
2030,sc01,11-26 12:00:00+01:00,CC NG 39,0.0
2030,sc01,11-26 12:00:00+01:00,CT NG 09,0.0
2030,sc01,11-26 12:00:00+01:00,CC NG 31,0.0
2030,sc01,11-26 12:00:00+01:00,CT NG 14,0.0
2030,sc01,11-26 16:00:00+01:00,ST NG 03,0.0
2030,sc01,11-26 16:00:00+01:00,CC NG 37,0.0
2030,sc01,11-26 16:00:00+01:00,CT NG 48,0.0
2030,sc01,11-26 16:00:00+01:00,CT NG 16,0.0
2030,sc01,11-26 16:00:00+01:00,CT NG 25,0.0
2030,sc01,11-26 16:00:00+01:00,CT NG 53,0.0
2030,sc01,11-26 16:00:00+01:00,ST NG 08,0.0
2030,sc01,11-26 16:00:00+01:00,CT Oil 03,0.0
2030,sc01,11-26 16:00:00+01:00,CT NG 43,0.0
2030,sc01,11-26 16:00:00+01:00,CC NG 04,0.0
2030,sc01,11-26 16:00:00+01:00,ST Other 02,0.0
2030,sc01,11-26 16:00:00+01:00,CT NG 30,0.0
2030,sc01,11-26 16:00:00+01:00,CC NG 27,0.0
2030,sc01,11-26 16:00:00+01:00,CC NG 38,0.0
2030,sc01,11-26 16:00:00+01:00,CC NG 20,0.0
2030,sc01,11-26 16:00:00+01:00,CC NG 19,0.0
2030,sc01,11-26 16:00:00+01:00,CT NG 12,0.0
2030,sc01,11-26 16:00:00+01:00,CT NG 70,0.0
2030,sc01,11-26 16:00:00+01:00,ST NG 10,0.0
2030,sc01,11-26 16:00:00+01:00,CT NG 02,0.0
2030,sc01,11-26 16:00:00+01:00,CT NG 26,0.0
2030,sc01,11-26 16:00:00+01:00,ST NG 01,0.0
2030,sc01,11-26 16:00:00+01:00,CC NG 32,0.0
2030,sc01,11-26 16:00:00+01:00,CT NG 35,0.0
2030,sc01,11-26 16:00:00+01:00,ST NG 06,0.0
2030,sc01,11-26 16:00:00+01:00,CT Oil 01,0.0
2030,sc01,11-26 16:00:00+01:00,CT NG 67,0.0
2030,sc01,11-26 16:00:00+01:00,CT NG 72,1.0
2030,sc01,11-26 16:00:00+01:00,CT NG 66,0.0
2030,sc01,11-26 16:00:00+01:00,CT NG 71,0.0
2030,sc01,11-26 16:00:00+01:00,CC NG 07,0.0
2030,sc01,11-26 16:00:00+01:00,CT NG 69,1.0
2030,sc01,11-26 16:00:00+01:00,CT NG 07,0.0
2030,sc01,11-26 16:00:00+01:00,CT NG 45,0.0
2030,sc01,11-26 16:00:00+01:00,CC NG 03,0.0
2030,sc01,11-26 16:00:00+01:00,CC NG 13,0.0
2030,sc01,11-26 16:00:00+01:00,CT Oil 05,0.7627582947397223
2030,sc01,11-26 16:00:00+01:00,CT NG 54,0.0
2030,sc01,11-26 16:00:00+01:00,ST Coal 01,0.0
2030,sc01,11-26 16:00:00+01:00,CC NG 16,0.0
2030,sc01,11-26 16:00:00+01:00,CT NG 73,1.0
2030,sc01,11-26 16:00:00+01:00,CC NG 09,0.0
2030,sc01,11-26 16:00:00+01:00,CT NG 03,0.0
2030,sc01,11-26 16:00:00+01:00,CT NG 28,0.0
2030,sc01,11-26 16:00:00+01:00,CT NG 11,0.0
2030,sc01,11-26 16:00:00+01:00,CT NG 08,0.0
2030,sc01,11-26 16:00:00+01:00,CT Oil 02,0.0
2030,sc01,11-26 16:00:00+01:00,CC NG 25,0.0
2030,sc01,11-26 16:00:00+01:00,CC NG 22,0.0
2030,sc01,11-26 16:00:00+01:00,CT NG 56,0.0
2030,sc01,11-26 16:00:00+01:00,CT NG 34,0.0
2030,sc01,11-26 16:00:00+01:00,ST NG 05,0.0
2030,sc01,11-26 16:00:00+01:00,CT NG 44,0.0
2030,sc01,11-26 16:00:00+01:00,CT NG 47,0.0
2030,sc01,11-26 16:00:00+01:00,CC NG 15,0.0
2030,sc01,11-26 16:00:00+01:00,CC NG 14,0.0
2030,sc01,11-26 16:00:00+01:00,CT NG 42,0.0
2030,sc01,11-26 16:00:00+01:00,ST NG 07,0.0
2030,sc01,11-26 16:00:00+01:00,CC NG 36,0.0
2030,sc01,11-26 16:00:00+01:00,CT NG 15,0.0
2030,sc01,11-26 16:00:00+01:00,CT NG 41,0.0
2030,sc01,11-26 16:00:00+01:00,CC NG 23,0.0
2030,sc01,11-26 16:00:00+01:00,CT NG 49,0.0
2030,sc01,11-26 16:00:00+01:00,CC NG 26,0.0
2030,sc01,11-26 16:00:00+01:00,CC NG 12,0.0
2030,sc01,11-26 16:00:00+01:00,CT NG 05,0.0
2030,sc01,11-26 16:00:00+01:00,CC NG 40,0.0
2030,sc01,11-26 16:00:00+01:00,CT NG 50,0.0
2030,sc01,11-26 16:00:00+01:00,CT NG 68,0.0
2030,sc01,11-26 16:00:00+01:00,CC NG 17,0.0
2030,sc01,11-26 16:00:00+01:00,CC NG 10,1.0
2030,sc01,11-26 16:00:00+01:00,CC NG 33,1.0
2030,sc01,11-26 16:00:00+01:00,CC NG 06,0.0
2030,sc01,11-26 16:00:00+01:00,CT NG 10,0.0
2030,sc01,11-26 16:00:00+01:00,CT NG 01,0.0
2030,sc01,11-26 16:00:00+01:00,CC NG 29,0.0
2030,sc01,11-26 16:00:00+01:00,CC NG 05,0.0
2030,sc01,11-26 16:00:00+01:00,CT NG 06,0.0
2030,sc01,11-26 16:00:00+01:00,CT NG 24,0.0
2030,sc01,11-26 16:00:00+01:00,CT NG 22,0.0
2030,sc01,11-26 16:00:00+01:00,CT NG 21,0.0
2030,sc01,11-26 16:00:00+01:00,CC NG 28,0.0
2030,sc01,11-26 16:00:00+01:00,CC NG 35,0.0
2030,sc01,11-26 16:00:00+01:00,CC NG 24,0.0
2030,sc01,11-26 16:00:00+01:00,CC NG 08,0.0
2030,sc01,11-26 16:00:00+01:00,ST NG 02,0.0
2030,sc01,11-26 16:00:00+01:00,CT NG 52,0.0
2030,sc01,11-26 16:00:00+01:00,CT NG 46,0.0
2030,sc01,11-26 16:00:00+01:00,CT NG 36,0.0
2030,sc01,11-26 16:00:00+01:00,CC NG 21,0.0
2030,sc01,11-26 16:00:00+01:00,ST NG 09,0.5531337600411104
2030,sc01,11-26 16:00:00+01:00,ST NG 04,0.0
2030,sc01,11-26 16:00:00+01:00,CT NG 23,0.0
2030,sc01,11-26 16:00:00+01:00,CT NG 13,0.0
2030,sc01,11-26 16:00:00+01:00,CC NG 11,0.0
2030,sc01,11-26 16:00:00+01:00,CT NG 04,0.0
2030,sc01,11-26 16:00:00+01:00,CC NG 18,0.0
2030,sc01,11-26 16:00:00+01:00,CC NG 34,1.0
2030,sc01,11-26 16:00:00+01:00,CT Oil 04,1.0
2030,sc01,11-26 16:00:00+01:00,CT NG 74,0.0
2030,sc01,11-26 16:00:00+01:00,CT NG 55,0.0
2030,sc01,11-26 16:00:00+01:00,CT NG 75,0.0
2030,sc01,11-26 16:00:00+01:00,CC NG 01,0.0
2030,sc01,11-26 16:00:00+01:00,CC NG 39,0.0
2030,sc01,11-26 16:00:00+01:00,CT NG 09,0.0
2030,sc01,11-26 16:00:00+01:00,CC NG 31,0.0
2030,sc01,11-26 16:00:00+01:00,CT NG 14,0.0
2030,sc01,11-27 08:00:00+01:00,ST NG 03,0.0
2030,sc01,11-27 08:00:00+01:00,CC NG 37,0.0
2030,sc01,11-27 08:00:00+01:00,CT NG 48,1.0
2030,sc01,11-27 08:00:00+01:00,CT NG 16,0.0
2030,sc01,11-27 08:00:00+01:00,CT NG 25,1.0
2030,sc01,11-27 08:00:00+01:00,CT NG 53,1.0
2030,sc01,11-27 08:00:00+01:00,ST NG 08,0.0
2030,sc01,11-27 08:00:00+01:00,CT Oil 03,0.0
2030,sc01,11-27 08:00:00+01:00,CT NG 43,1.0
2030,sc01,11-27 08:00:00+01:00,CC NG 04,0.0
2030,sc01,11-27 08:00:00+01:00,ST Other 02,0.0
2030,sc01,11-27 08:00:00+01:00,CT NG 30,0.0
2030,sc01,11-27 08:00:00+01:00,CC NG 27,0.0
2030,sc01,11-27 08:00:00+01:00,CC NG 38,0.0
2030,sc01,11-27 08:00:00+01:00,CC NG 20,0.0
2030,sc01,11-27 08:00:00+01:00,CC NG 19,0.0
2030,sc01,11-27 08:00:00+01:00,CT NG 12,0.0
2030,sc01,11-27 08:00:00+01:00,CT NG 70,1.0
2030,sc01,11-27 08:00:00+01:00,ST NG 10,1.0
2030,sc01,11-27 08:00:00+01:00,CT NG 02,0.0
2030,sc01,11-27 08:00:00+01:00,CT NG 26,1.0
2030,sc01,11-27 08:00:00+01:00,ST NG 01,1.0
2030,sc01,11-27 08:00:00+01:00,CC NG 32,0.0
2030,sc01,11-27 08:00:00+01:00,CT NG 35,1.0
2030,sc01,11-27 08:00:00+01:00,ST NG 06,0.0
2030,sc01,11-27 08:00:00+01:00,CT Oil 01,0.0
2030,sc01,11-27 08:00:00+01:00,CT NG 67,1.0
2030,sc01,11-27 08:00:00+01:00,CT NG 72,1.0
2030,sc01,11-27 08:00:00+01:00,CT NG 66,1.0
2030,sc01,11-27 08:00:00+01:00,CT NG 71,1.0
2030,sc01,11-27 08:00:00+01:00,CC NG 07,1.0
2030,sc01,11-27 08:00:00+01:00,CT NG 69,0.0
2030,sc01,11-27 08:00:00+01:00,CT NG 07,0.0
2030,sc01,11-27 08:00:00+01:00,CT NG 45,1.0
2030,sc01,11-27 08:00:00+01:00,CC NG 03,0.5213813767360165
2030,sc01,11-27 08:00:00+01:00,CC NG 13,0.0
2030,sc01,11-27 08:00:00+01:00,CT Oil 05,0.0
2030,sc01,11-27 08:00:00+01:00,CT NG 54,1.0
2030,sc01,11-27 08:00:00+01:00,ST Coal 01,1.0
2030,sc01,11-27 08:00:00+01:00,CC NG 16,0.0
2030,sc01,11-27 08:00:00+01:00,CT NG 73,0.0
2030,sc01,11-27 08:00:00+01:00,CC NG 09,1.0
2030,sc01,11-27 08:00:00+01:00,CT NG 03,0.0
2030,sc01,11-27 08:00:00+01:00,CT NG 28,1.0
2030,sc01,11-27 08:00:00+01:00,CT NG 11,0.0
2030,sc01,11-27 08:00:00+01:00,CT NG 08,0.0
2030,sc01,11-27 08:00:00+01:00,CT Oil 02,0.0
2030,sc01,11-27 08:00:00+01:00,CC NG 25,0.0
2030,sc01,11-27 08:00:00+01:00,CC NG 22,0.0
2030,sc01,11-27 08:00:00+01:00,CT NG 56,1.0
2030,sc01,11-27 08:00:00+01:00,CT NG 34,1.0
2030,sc01,11-27 08:00:00+01:00,ST NG 05,0.0
2030,sc01,11-27 08:00:00+01:00,CT NG 44,1.0
2030,sc01,11-27 08:00:00+01:00,CT NG 47,0.0
2030,sc01,11-27 08:00:00+01:00,CC NG 15,1.0
2030,sc01,11-27 08:00:00+01:00,CC NG 14,1.0
2030,sc01,11-27 08:00:00+01:00,CT NG 42,1.0
2030,sc01,11-27 08:00:00+01:00,ST NG 07,0.0
2030,sc01,11-27 08:00:00+01:00,CC NG 36,0.0
2030,sc01,11-27 08:00:00+01:00,CT NG 15,0.0
2030,sc01,11-27 08:00:00+01:00,CT NG 41,1.0
2030,sc01,11-27 08:00:00+01:00,CC NG 23,0.0
2030,sc01,11-27 08:00:00+01:00,CT NG 49,1.0
2030,sc01,11-27 08:00:00+01:00,CC NG 26,0.0
2030,sc01,11-27 08:00:00+01:00,CC NG 12,1.0
2030,sc01,11-27 08:00:00+01:00,CT NG 05,0.0
2030,sc01,11-27 08:00:00+01:00,CC NG 40,0.0
2030,sc01,11-27 08:00:00+01:00,CT NG 50,1.0
2030,sc01,11-27 08:00:00+01:00,CT NG 68,1.0
2030,sc01,11-27 08:00:00+01:00,CC NG 17,1.0
2030,sc01,11-27 08:00:00+01:00,CC NG 10,0.0
2030,sc01,11-27 08:00:00+01:00,CC NG 33,0.0
2030,sc01,11-27 08:00:00+01:00,CC NG 06,0.0
2030,sc01,11-27 08:00:00+01:00,CT NG 10,0.0
2030,sc01,11-27 08:00:00+01:00,CT NG 01,0.0
2030,sc01,11-27 08:00:00+01:00,CC NG 29,1.0
2030,sc01,11-27 08:00:00+01:00,CC NG 05,1.0
2030,sc01,11-27 08:00:00+01:00,CT NG 06,0.0
2030,sc01,11-27 08:00:00+01:00,CT NG 24,1.0
2030,sc01,11-27 08:00:00+01:00,CT NG 22,1.0
2030,sc01,11-27 08:00:00+01:00,CT NG 21,1.0
2030,sc01,11-27 08:00:00+01:00,CC NG 28,0.0
2030,sc01,11-27 08:00:00+01:00,CC NG 35,1.0
2030,sc01,11-27 08:00:00+01:00,CC NG 24,0.0
2030,sc01,11-27 08:00:00+01:00,CC NG 08,1.0
2030,sc01,11-27 08:00:00+01:00,ST NG 02,1.0
2030,sc01,11-27 08:00:00+01:00,CT NG 52,1.0
2030,sc01,11-27 08:00:00+01:00,CT NG 46,0.0
2030,sc01,11-27 08:00:00+01:00,CT NG 36,0.0
2030,sc01,11-27 08:00:00+01:00,CC NG 21,0.0
2030,sc01,11-27 08:00:00+01:00,ST NG 09,1.0
2030,sc01,11-27 08:00:00+01:00,ST NG 04,0.0
2030,sc01,11-27 08:00:00+01:00,CT NG 23,1.0
2030,sc01,11-27 08:00:00+01:00,CT NG 13,0.0
2030,sc01,11-27 08:00:00+01:00,CC NG 11,0.0
2030,sc01,11-27 08:00:00+01:00,CT NG 04,0.0
2030,sc01,11-27 08:00:00+01:00,CC NG 18,0.0
2030,sc01,11-27 08:00:00+01:00,CC NG 34,0.354514053318913
2030,sc01,11-27 08:00:00+01:00,CT Oil 04,0.0
2030,sc01,11-27 08:00:00+01:00,CT NG 74,1.0
2030,sc01,11-27 08:00:00+01:00,CT NG 55,0.0
2030,sc01,11-27 08:00:00+01:00,CT NG 75,1.0
2030,sc01,11-27 08:00:00+01:00,CC NG 01,0.0
2030,sc01,11-27 08:00:00+01:00,CC NG 39,0.0
2030,sc01,11-27 08:00:00+01:00,CT NG 09,0.0
2030,sc01,11-27 08:00:00+01:00,CC NG 31,1.0
2030,sc01,11-27 08:00:00+01:00,CT NG 14,0.0
2030,sc01,11-28 07:00:00+01:00,ST NG 03,0.0
2030,sc01,11-28 07:00:00+01:00,CC NG 37,0.0
2030,sc01,11-28 07:00:00+01:00,CT NG 48,0.0
2030,sc01,11-28 07:00:00+01:00,CT NG 16,0.0
2030,sc01,11-28 07:00:00+01:00,CT NG 25,0.0
2030,sc01,11-28 07:00:00+01:00,CT NG 53,0.0
2030,sc01,11-28 07:00:00+01:00,ST NG 08,0.0
2030,sc01,11-28 07:00:00+01:00,CT Oil 03,0.0
2030,sc01,11-28 07:00:00+01:00,CT NG 43,0.0
2030,sc01,11-28 07:00:00+01:00,CC NG 04,0.0
2030,sc01,11-28 07:00:00+01:00,ST Other 02,0.0
2030,sc01,11-28 07:00:00+01:00,CT NG 30,0.0
2030,sc01,11-28 07:00:00+01:00,CC NG 27,0.0
2030,sc01,11-28 07:00:00+01:00,CC NG 38,0.0
2030,sc01,11-28 07:00:00+01:00,CC NG 20,0.0
2030,sc01,11-28 07:00:00+01:00,CC NG 19,0.0
2030,sc01,11-28 07:00:00+01:00,CT NG 12,0.0
2030,sc01,11-28 07:00:00+01:00,CT NG 70,0.0
2030,sc01,11-28 07:00:00+01:00,ST NG 10,0.0
2030,sc01,11-28 07:00:00+01:00,CT NG 02,0.0
2030,sc01,11-28 07:00:00+01:00,CT NG 26,0.0
2030,sc01,11-28 07:00:00+01:00,ST NG 01,0.0
2030,sc01,11-28 07:00:00+01:00,CC NG 32,0.0
2030,sc01,11-28 07:00:00+01:00,CT NG 35,0.0
2030,sc01,11-28 07:00:00+01:00,ST NG 06,0.0
2030,sc01,11-28 07:00:00+01:00,CT Oil 01,0.0
2030,sc01,11-28 07:00:00+01:00,CT NG 67,0.0
2030,sc01,11-28 07:00:00+01:00,CT NG 72,0.0
2030,sc01,11-28 07:00:00+01:00,CT NG 66,0.0
2030,sc01,11-28 07:00:00+01:00,CT NG 71,0.0
2030,sc01,11-28 07:00:00+01:00,CC NG 07,0.0
2030,sc01,11-28 07:00:00+01:00,CT NG 69,0.0
2030,sc01,11-28 07:00:00+01:00,CT NG 07,0.0
2030,sc01,11-28 07:00:00+01:00,CT NG 45,0.0
2030,sc01,11-28 07:00:00+01:00,CC NG 03,0.47861862326398347
2030,sc01,11-28 07:00:00+01:00,CC NG 13,0.0
2030,sc01,11-28 07:00:00+01:00,CT Oil 05,0.0
2030,sc01,11-28 07:00:00+01:00,CT NG 54,0.0
2030,sc01,11-28 07:00:00+01:00,ST Coal 01,0.0
2030,sc01,11-28 07:00:00+01:00,CC NG 16,0.0
2030,sc01,11-28 07:00:00+01:00,CT NG 73,0.0
2030,sc01,11-28 07:00:00+01:00,CC NG 09,0.0
2030,sc01,11-28 07:00:00+01:00,CT NG 03,0.0
2030,sc01,11-28 07:00:00+01:00,CT NG 28,0.0
2030,sc01,11-28 07:00:00+01:00,CT NG 11,0.0
2030,sc01,11-28 07:00:00+01:00,CT NG 08,0.0
2030,sc01,11-28 07:00:00+01:00,CT Oil 02,0.0
2030,sc01,11-28 07:00:00+01:00,CC NG 25,0.0
2030,sc01,11-28 07:00:00+01:00,CC NG 22,0.0
2030,sc01,11-28 07:00:00+01:00,CT NG 56,0.0
2030,sc01,11-28 07:00:00+01:00,CT NG 34,0.646296263125809
2030,sc01,11-28 07:00:00+01:00,ST NG 05,0.0
2030,sc01,11-28 07:00:00+01:00,CT NG 44,0.0
2030,sc01,11-28 07:00:00+01:00,CT NG 47,0.0
2030,sc01,11-28 07:00:00+01:00,CC NG 15,0.0
2030,sc01,11-28 07:00:00+01:00,CC NG 14,0.0
2030,sc01,11-28 07:00:00+01:00,CT NG 42,0.0
2030,sc01,11-28 07:00:00+01:00,ST NG 07,0.0
2030,sc01,11-28 07:00:00+01:00,CC NG 36,0.0
2030,sc01,11-28 07:00:00+01:00,CT NG 15,0.0
2030,sc01,11-28 07:00:00+01:00,CT NG 41,0.0
2030,sc01,11-28 07:00:00+01:00,CC NG 23,0.45077269249388807
2030,sc01,11-28 07:00:00+01:00,CT NG 49,0.0
2030,sc01,11-28 07:00:00+01:00,CC NG 26,0.0
2030,sc01,11-28 07:00:00+01:00,CC NG 12,0.0
2030,sc01,11-28 07:00:00+01:00,CT NG 05,0.0
2030,sc01,11-28 07:00:00+01:00,CC NG 40,0.0
2030,sc01,11-28 07:00:00+01:00,CT NG 50,0.0
2030,sc01,11-28 07:00:00+01:00,CT NG 68,0.0
2030,sc01,11-28 07:00:00+01:00,CC NG 17,0.0
2030,sc01,11-28 07:00:00+01:00,CC NG 10,0.0
2030,sc01,11-28 07:00:00+01:00,CC NG 33,0.0
2030,sc01,11-28 07:00:00+01:00,CC NG 06,0.0
2030,sc01,11-28 07:00:00+01:00,CT NG 10,0.0
2030,sc01,11-28 07:00:00+01:00,CT NG 01,0.0
2030,sc01,11-28 07:00:00+01:00,CC NG 29,0.0
2030,sc01,11-28 07:00:00+01:00,CC NG 05,0.0
2030,sc01,11-28 07:00:00+01:00,CT NG 06,0.0
2030,sc01,11-28 07:00:00+01:00,CT NG 24,0.0
2030,sc01,11-28 07:00:00+01:00,CT NG 22,0.0
2030,sc01,11-28 07:00:00+01:00,CT NG 21,0.0
2030,sc01,11-28 07:00:00+01:00,CC NG 28,0.0
2030,sc01,11-28 07:00:00+01:00,CC NG 35,0.0
2030,sc01,11-28 07:00:00+01:00,CC NG 24,0.9999999999999999
2030,sc01,11-28 07:00:00+01:00,CC NG 08,0.0
2030,sc01,11-28 07:00:00+01:00,ST NG 02,0.0
2030,sc01,11-28 07:00:00+01:00,CT NG 52,0.0
2030,sc01,11-28 07:00:00+01:00,CT NG 46,0.0
2030,sc01,11-28 07:00:00+01:00,CT NG 36,1.0
2030,sc01,11-28 07:00:00+01:00,CC NG 21,0.0
2030,sc01,11-28 07:00:00+01:00,ST NG 09,0.0
2030,sc01,11-28 07:00:00+01:00,ST NG 04,0.0
2030,sc01,11-28 07:00:00+01:00,CT NG 23,0.0
2030,sc01,11-28 07:00:00+01:00,CT NG 13,0.0
2030,sc01,11-28 07:00:00+01:00,CC NG 11,1.0
2030,sc01,11-28 07:00:00+01:00,CT NG 04,0.0
2030,sc01,11-28 07:00:00+01:00,CC NG 18,0.0
2030,sc01,11-28 07:00:00+01:00,CC NG 34,0.0
2030,sc01,11-28 07:00:00+01:00,CT Oil 04,0.0
2030,sc01,11-28 07:00:00+01:00,CT NG 74,0.0
2030,sc01,11-28 07:00:00+01:00,CT NG 55,0.0
2030,sc01,11-28 07:00:00+01:00,CT NG 75,0.0
2030,sc01,11-28 07:00:00+01:00,CC NG 01,0.0
2030,sc01,11-28 07:00:00+01:00,CC NG 39,0.0
2030,sc01,11-28 07:00:00+01:00,CT NG 09,0.0
2030,sc01,11-28 07:00:00+01:00,CC NG 31,0.0
2030,sc01,11-28 07:00:00+01:00,CT NG 14,0.0
2030,sc01,11-28 19:00:00+01:00,ST NG 03,0.0
2030,sc01,11-28 19:00:00+01:00,CC NG 37,0.0
2030,sc01,11-28 19:00:00+01:00,CT NG 48,0.0
2030,sc01,11-28 19:00:00+01:00,CT NG 16,0.0
2030,sc01,11-28 19:00:00+01:00,CT NG 25,0.0
2030,sc01,11-28 19:00:00+01:00,CT NG 53,0.0
2030,sc01,11-28 19:00:00+01:00,ST NG 08,0.0
2030,sc01,11-28 19:00:00+01:00,CT Oil 03,0.0
2030,sc01,11-28 19:00:00+01:00,CT NG 43,0.0
2030,sc01,11-28 19:00:00+01:00,CC NG 04,0.0
2030,sc01,11-28 19:00:00+01:00,ST Other 02,0.0
2030,sc01,11-28 19:00:00+01:00,CT NG 30,0.0
2030,sc01,11-28 19:00:00+01:00,CC NG 27,0.0
2030,sc01,11-28 19:00:00+01:00,CC NG 38,1.0
2030,sc01,11-28 19:00:00+01:00,CC NG 20,0.0
2030,sc01,11-28 19:00:00+01:00,CC NG 19,0.0
2030,sc01,11-28 19:00:00+01:00,CT NG 12,0.0
2030,sc01,11-28 19:00:00+01:00,CT NG 70,0.0
2030,sc01,11-28 19:00:00+01:00,ST NG 10,0.0
2030,sc01,11-28 19:00:00+01:00,CT NG 02,0.0
2030,sc01,11-28 19:00:00+01:00,CT NG 26,0.0
2030,sc01,11-28 19:00:00+01:00,ST NG 01,0.0
2030,sc01,11-28 19:00:00+01:00,CC NG 32,0.0
2030,sc01,11-28 19:00:00+01:00,CT NG 35,0.0
2030,sc01,11-28 19:00:00+01:00,ST NG 06,0.0
2030,sc01,11-28 19:00:00+01:00,CT Oil 01,0.0
2030,sc01,11-28 19:00:00+01:00,CT NG 67,0.0
2030,sc01,11-28 19:00:00+01:00,CT NG 72,0.0
2030,sc01,11-28 19:00:00+01:00,CT NG 66,0.0
2030,sc01,11-28 19:00:00+01:00,CT NG 71,0.0
2030,sc01,11-28 19:00:00+01:00,CC NG 07,0.0
2030,sc01,11-28 19:00:00+01:00,CT NG 69,0.0
2030,sc01,11-28 19:00:00+01:00,CT NG 07,0.0
2030,sc01,11-28 19:00:00+01:00,CT NG 45,0.0
2030,sc01,11-28 19:00:00+01:00,CC NG 03,0.0
2030,sc01,11-28 19:00:00+01:00,CC NG 13,0.0
2030,sc01,11-28 19:00:00+01:00,CT Oil 05,0.0
2030,sc01,11-28 19:00:00+01:00,CT NG 54,0.0
2030,sc01,11-28 19:00:00+01:00,ST Coal 01,0.0
2030,sc01,11-28 19:00:00+01:00,CC NG 16,0.0
2030,sc01,11-28 19:00:00+01:00,CT NG 73,0.0
2030,sc01,11-28 19:00:00+01:00,CC NG 09,0.0
2030,sc01,11-28 19:00:00+01:00,CT NG 03,0.0
2030,sc01,11-28 19:00:00+01:00,CT NG 28,0.0
2030,sc01,11-28 19:00:00+01:00,CT NG 11,0.0
2030,sc01,11-28 19:00:00+01:00,CT NG 08,0.0
2030,sc01,11-28 19:00:00+01:00,CT Oil 02,0.0
2030,sc01,11-28 19:00:00+01:00,CC NG 25,0.0
2030,sc01,11-28 19:00:00+01:00,CC NG 22,0.0
2030,sc01,11-28 19:00:00+01:00,CT NG 56,0.0
2030,sc01,11-28 19:00:00+01:00,CT NG 34,0.45457476443418987
2030,sc01,11-28 19:00:00+01:00,ST NG 05,0.0
2030,sc01,11-28 19:00:00+01:00,CT NG 44,0.0
2030,sc01,11-28 19:00:00+01:00,CT NG 47,0.0
2030,sc01,11-28 19:00:00+01:00,CC NG 15,0.0
2030,sc01,11-28 19:00:00+01:00,CC NG 14,0.0
2030,sc01,11-28 19:00:00+01:00,CT NG 42,0.0
2030,sc01,11-28 19:00:00+01:00,ST NG 07,0.0
2030,sc01,11-28 19:00:00+01:00,CC NG 36,0.0
2030,sc01,11-28 19:00:00+01:00,CT NG 15,0.0
2030,sc01,11-28 19:00:00+01:00,CT NG 41,0.0
2030,sc01,11-28 19:00:00+01:00,CC NG 23,0.5492273075061119
2030,sc01,11-28 19:00:00+01:00,CT NG 49,0.0
2030,sc01,11-28 19:00:00+01:00,CC NG 26,0.17282685990155222
2030,sc01,11-28 19:00:00+01:00,CC NG 12,0.0
2030,sc01,11-28 19:00:00+01:00,CT NG 05,0.0
2030,sc01,11-28 19:00:00+01:00,CC NG 40,0.0
2030,sc01,11-28 19:00:00+01:00,CT NG 50,0.0
2030,sc01,11-28 19:00:00+01:00,CT NG 68,0.0
2030,sc01,11-28 19:00:00+01:00,CC NG 17,0.0
2030,sc01,11-28 19:00:00+01:00,CC NG 10,0.0
2030,sc01,11-28 19:00:00+01:00,CC NG 33,0.0
2030,sc01,11-28 19:00:00+01:00,CC NG 06,0.0
2030,sc01,11-28 19:00:00+01:00,CT NG 10,0.0
2030,sc01,11-28 19:00:00+01:00,CT NG 01,0.0
2030,sc01,11-28 19:00:00+01:00,CC NG 29,0.0
2030,sc01,11-28 19:00:00+01:00,CC NG 05,0.0
2030,sc01,11-28 19:00:00+01:00,CT NG 06,0.0
2030,sc01,11-28 19:00:00+01:00,CT NG 24,0.0
2030,sc01,11-28 19:00:00+01:00,CT NG 22,0.0
2030,sc01,11-28 19:00:00+01:00,CT NG 21,0.0
2030,sc01,11-28 19:00:00+01:00,CC NG 28,0.0
2030,sc01,11-28 19:00:00+01:00,CC NG 35,0.0
2030,sc01,11-28 19:00:00+01:00,CC NG 24,0.0
2030,sc01,11-28 19:00:00+01:00,CC NG 08,0.0
2030,sc01,11-28 19:00:00+01:00,ST NG 02,0.0
2030,sc01,11-28 19:00:00+01:00,CT NG 52,0.0
2030,sc01,11-28 19:00:00+01:00,CT NG 46,0.0
2030,sc01,11-28 19:00:00+01:00,CT NG 36,0.0
2030,sc01,11-28 19:00:00+01:00,CC NG 21,0.0
2030,sc01,11-28 19:00:00+01:00,ST NG 09,0.0
2030,sc01,11-28 19:00:00+01:00,ST NG 04,0.0
2030,sc01,11-28 19:00:00+01:00,CT NG 23,0.0
2030,sc01,11-28 19:00:00+01:00,CT NG 13,0.0
2030,sc01,11-28 19:00:00+01:00,CC NG 11,0.0
2030,sc01,11-28 19:00:00+01:00,CT NG 04,0.0
2030,sc01,11-28 19:00:00+01:00,CC NG 18,0.07001122094275813
2030,sc01,11-28 19:00:00+01:00,CC NG 34,0.0
2030,sc01,11-28 19:00:00+01:00,CT Oil 04,0.0
2030,sc01,11-28 19:00:00+01:00,CT NG 74,0.0
2030,sc01,11-28 19:00:00+01:00,CT NG 55,0.0
2030,sc01,11-28 19:00:00+01:00,CT NG 75,0.0
2030,sc01,11-28 19:00:00+01:00,CC NG 01,0.0
2030,sc01,11-28 19:00:00+01:00,CC NG 39,0.0
2030,sc01,11-28 19:00:00+01:00,CT NG 09,0.0
2030,sc01,11-28 19:00:00+01:00,CC NG 31,0.0
2030,sc01,11-28 19:00:00+01:00,CT NG 14,0.0
2030,sc01,12-02 19:00:00+01:00,ST NG 03,0.0
2030,sc01,12-02 19:00:00+01:00,CC NG 37,0.0
2030,sc01,12-02 19:00:00+01:00,CT NG 48,0.0
2030,sc01,12-02 19:00:00+01:00,CT NG 16,0.0
2030,sc01,12-02 19:00:00+01:00,CT NG 25,0.0
2030,sc01,12-02 19:00:00+01:00,CT NG 53,0.0
2030,sc01,12-02 19:00:00+01:00,ST NG 08,0.0
2030,sc01,12-02 19:00:00+01:00,CT Oil 03,0.0
2030,sc01,12-02 19:00:00+01:00,CT NG 43,0.0
2030,sc01,12-02 19:00:00+01:00,CC NG 04,0.0
2030,sc01,12-02 19:00:00+01:00,ST Other 02,0.0
2030,sc01,12-02 19:00:00+01:00,CT NG 30,0.0
2030,sc01,12-02 19:00:00+01:00,CC NG 27,0.0
2030,sc01,12-02 19:00:00+01:00,CC NG 38,0.0
2030,sc01,12-02 19:00:00+01:00,CC NG 20,0.0
2030,sc01,12-02 19:00:00+01:00,CC NG 19,0.0
2030,sc01,12-02 19:00:00+01:00,CT NG 12,0.0
2030,sc01,12-02 19:00:00+01:00,CT NG 70,0.0
2030,sc01,12-02 19:00:00+01:00,ST NG 10,0.0
2030,sc01,12-02 19:00:00+01:00,CT NG 02,0.0
2030,sc01,12-02 19:00:00+01:00,CT NG 26,0.0
2030,sc01,12-02 19:00:00+01:00,ST NG 01,0.9958560996072522
2030,sc01,12-02 19:00:00+01:00,CC NG 32,0.0
2030,sc01,12-02 19:00:00+01:00,CT NG 35,0.0
2030,sc01,12-02 19:00:00+01:00,ST NG 06,0.0
2030,sc01,12-02 19:00:00+01:00,CT Oil 01,0.0
2030,sc01,12-02 19:00:00+01:00,CT NG 67,0.0
2030,sc01,12-02 19:00:00+01:00,CT NG 72,0.0
2030,sc01,12-02 19:00:00+01:00,CT NG 66,0.0
2030,sc01,12-02 19:00:00+01:00,CT NG 71,0.0
2030,sc01,12-02 19:00:00+01:00,CC NG 07,0.0
2030,sc01,12-02 19:00:00+01:00,CT NG 69,0.0
2030,sc01,12-02 19:00:00+01:00,CT NG 07,0.0
2030,sc01,12-02 19:00:00+01:00,CT NG 45,0.0
2030,sc01,12-02 19:00:00+01:00,CC NG 03,0.0
2030,sc01,12-02 19:00:00+01:00,CC NG 13,0.0
2030,sc01,12-02 19:00:00+01:00,CT Oil 05,0.0
2030,sc01,12-02 19:00:00+01:00,CT NG 54,0.0
2030,sc01,12-02 19:00:00+01:00,ST Coal 01,0.0
2030,sc01,12-02 19:00:00+01:00,CC NG 16,0.0
2030,sc01,12-02 19:00:00+01:00,CT NG 73,0.0
2030,sc01,12-02 19:00:00+01:00,CC NG 09,0.0
2030,sc01,12-02 19:00:00+01:00,CT NG 03,0.0
2030,sc01,12-02 19:00:00+01:00,CT NG 28,0.0
2030,sc01,12-02 19:00:00+01:00,CT NG 11,0.0
2030,sc01,12-02 19:00:00+01:00,CT NG 08,0.0
2030,sc01,12-02 19:00:00+01:00,CT Oil 02,0.0
2030,sc01,12-02 19:00:00+01:00,CC NG 25,0.0
2030,sc01,12-02 19:00:00+01:00,CC NG 22,0.0
2030,sc01,12-02 19:00:00+01:00,CT NG 56,0.0
2030,sc01,12-02 19:00:00+01:00,CT NG 34,0.0
2030,sc01,12-02 19:00:00+01:00,ST NG 05,0.0
2030,sc01,12-02 19:00:00+01:00,CT NG 44,0.0
2030,sc01,12-02 19:00:00+01:00,CT NG 47,0.0
2030,sc01,12-02 19:00:00+01:00,CC NG 15,0.0
2030,sc01,12-02 19:00:00+01:00,CC NG 14,0.0
2030,sc01,12-02 19:00:00+01:00,CT NG 42,0.0
2030,sc01,12-02 19:00:00+01:00,ST NG 07,0.0
2030,sc01,12-02 19:00:00+01:00,CC NG 36,0.0
2030,sc01,12-02 19:00:00+01:00,CT NG 15,0.0
2030,sc01,12-02 19:00:00+01:00,CT NG 41,0.0
2030,sc01,12-02 19:00:00+01:00,CC NG 23,0.0
2030,sc01,12-02 19:00:00+01:00,CT NG 49,0.0
2030,sc01,12-02 19:00:00+01:00,CC NG 26,0.9998911552077413
2030,sc01,12-02 19:00:00+01:00,CC NG 12,0.0
2030,sc01,12-02 19:00:00+01:00,CT NG 05,0.0
2030,sc01,12-02 19:00:00+01:00,CC NG 40,0.0
2030,sc01,12-02 19:00:00+01:00,CT NG 50,0.0
2030,sc01,12-02 19:00:00+01:00,CT NG 68,0.0
2030,sc01,12-02 19:00:00+01:00,CC NG 17,0.0
2030,sc01,12-02 19:00:00+01:00,CC NG 10,0.0
2030,sc01,12-02 19:00:00+01:00,CC NG 33,0.0
2030,sc01,12-02 19:00:00+01:00,CC NG 06,0.0
2030,sc01,12-02 19:00:00+01:00,CT NG 10,0.0
2030,sc01,12-02 19:00:00+01:00,CT NG 01,0.0
2030,sc01,12-02 19:00:00+01:00,CC NG 29,0.0
2030,sc01,12-02 19:00:00+01:00,CC NG 05,0.0
2030,sc01,12-02 19:00:00+01:00,CT NG 06,0.0
2030,sc01,12-02 19:00:00+01:00,CT NG 24,0.0
2030,sc01,12-02 19:00:00+01:00,CT NG 22,0.0
2030,sc01,12-02 19:00:00+01:00,CT NG 21,0.0
2030,sc01,12-02 19:00:00+01:00,CC NG 28,0.0
2030,sc01,12-02 19:00:00+01:00,CC NG 35,0.0
2030,sc01,12-02 19:00:00+01:00,CC NG 24,0.0
2030,sc01,12-02 19:00:00+01:00,CC NG 08,0.0
2030,sc01,12-02 19:00:00+01:00,ST NG 02,0.0
2030,sc01,12-02 19:00:00+01:00,CT NG 52,0.0
2030,sc01,12-02 19:00:00+01:00,CT NG 46,0.0
2030,sc01,12-02 19:00:00+01:00,CT NG 36,0.0
2030,sc01,12-02 19:00:00+01:00,CC NG 21,0.0
2030,sc01,12-02 19:00:00+01:00,ST NG 09,0.0
2030,sc01,12-02 19:00:00+01:00,ST NG 04,0.0
2030,sc01,12-02 19:00:00+01:00,CT NG 23,0.0
2030,sc01,12-02 19:00:00+01:00,CT NG 13,0.0
2030,sc01,12-02 19:00:00+01:00,CC NG 11,0.0
2030,sc01,12-02 19:00:00+01:00,CT NG 04,0.0
2030,sc01,12-02 19:00:00+01:00,CC NG 18,1.0
2030,sc01,12-02 19:00:00+01:00,CC NG 34,0.4532646006768014
2030,sc01,12-02 19:00:00+01:00,CT Oil 04,0.0
2030,sc01,12-02 19:00:00+01:00,CT NG 74,0.0
2030,sc01,12-02 19:00:00+01:00,CT NG 55,0.0
2030,sc01,12-02 19:00:00+01:00,CT NG 75,0.0
2030,sc01,12-02 19:00:00+01:00,CC NG 01,0.0
2030,sc01,12-02 19:00:00+01:00,CC NG 39,0.0
2030,sc01,12-02 19:00:00+01:00,CT NG 09,0.0
2030,sc01,12-02 19:00:00+01:00,CC NG 31,0.0
2030,sc01,12-02 19:00:00+01:00,CT NG 14,0.0
2030,sc01,12-03 13:00:00+01:00,ST NG 03,0.0
2030,sc01,12-03 13:00:00+01:00,CC NG 37,0.0
2030,sc01,12-03 13:00:00+01:00,CT NG 48,1.0
2030,sc01,12-03 13:00:00+01:00,CT NG 16,0.0
2030,sc01,12-03 13:00:00+01:00,CT NG 25,1.0
2030,sc01,12-03 13:00:00+01:00,CT NG 53,0.0
2030,sc01,12-03 13:00:00+01:00,ST NG 08,0.0
2030,sc01,12-03 13:00:00+01:00,CT Oil 03,0.0
2030,sc01,12-03 13:00:00+01:00,CT NG 43,0.0
2030,sc01,12-03 13:00:00+01:00,CC NG 04,0.9999999999999999
2030,sc01,12-03 13:00:00+01:00,ST Other 02,0.0
2030,sc01,12-03 13:00:00+01:00,CT NG 30,0.0
2030,sc01,12-03 13:00:00+01:00,CC NG 27,0.0
2030,sc01,12-03 13:00:00+01:00,CC NG 38,0.0
2030,sc01,12-03 13:00:00+01:00,CC NG 20,0.0
2030,sc01,12-03 13:00:00+01:00,CC NG 19,1.0
2030,sc01,12-03 13:00:00+01:00,CT NG 12,0.0
2030,sc01,12-03 13:00:00+01:00,CT NG 70,0.0
2030,sc01,12-03 13:00:00+01:00,ST NG 10,0.0
2030,sc01,12-03 13:00:00+01:00,CT NG 02,0.0
2030,sc01,12-03 13:00:00+01:00,CT NG 26,1.0
2030,sc01,12-03 13:00:00+01:00,ST NG 01,0.00414390039274783
2030,sc01,12-03 13:00:00+01:00,CC NG 32,0.0
2030,sc01,12-03 13:00:00+01:00,CT NG 35,0.926212271084168
2030,sc01,12-03 13:00:00+01:00,ST NG 06,0.0
2030,sc01,12-03 13:00:00+01:00,CT Oil 01,0.0
2030,sc01,12-03 13:00:00+01:00,CT NG 67,0.0
2030,sc01,12-03 13:00:00+01:00,CT NG 72,0.0
2030,sc01,12-03 13:00:00+01:00,CT NG 66,0.0
2030,sc01,12-03 13:00:00+01:00,CT NG 71,0.0
2030,sc01,12-03 13:00:00+01:00,CC NG 07,0.0
2030,sc01,12-03 13:00:00+01:00,CT NG 69,0.0
2030,sc01,12-03 13:00:00+01:00,CT NG 07,0.0
2030,sc01,12-03 13:00:00+01:00,CT NG 45,0.0
2030,sc01,12-03 13:00:00+01:00,CC NG 03,1.0
2030,sc01,12-03 13:00:00+01:00,CC NG 13,0.0
2030,sc01,12-03 13:00:00+01:00,CT Oil 05,0.0
2030,sc01,12-03 13:00:00+01:00,CT NG 54,0.0
2030,sc01,12-03 13:00:00+01:00,ST Coal 01,0.0
2030,sc01,12-03 13:00:00+01:00,CC NG 16,1.0
2030,sc01,12-03 13:00:00+01:00,CT NG 73,0.0
2030,sc01,12-03 13:00:00+01:00,CC NG 09,1.0
2030,sc01,12-03 13:00:00+01:00,CT NG 03,0.0
2030,sc01,12-03 13:00:00+01:00,CT NG 28,0.0
2030,sc01,12-03 13:00:00+01:00,CT NG 11,0.0
2030,sc01,12-03 13:00:00+01:00,CT NG 08,0.0
2030,sc01,12-03 13:00:00+01:00,CT Oil 02,0.0
2030,sc01,12-03 13:00:00+01:00,CC NG 25,0.0
2030,sc01,12-03 13:00:00+01:00,CC NG 22,0.31948240631372027
2030,sc01,12-03 13:00:00+01:00,CT NG 56,0.0
2030,sc01,12-03 13:00:00+01:00,CT NG 34,0.0
2030,sc01,12-03 13:00:00+01:00,ST NG 05,0.0
2030,sc01,12-03 13:00:00+01:00,CT NG 44,0.0
2030,sc01,12-03 13:00:00+01:00,CT NG 47,1.0
2030,sc01,12-03 13:00:00+01:00,CC NG 15,0.0
2030,sc01,12-03 13:00:00+01:00,CC NG 14,1.0
2030,sc01,12-03 13:00:00+01:00,CT NG 42,0.0
2030,sc01,12-03 13:00:00+01:00,ST NG 07,0.0
2030,sc01,12-03 13:00:00+01:00,CC NG 36,0.0
2030,sc01,12-03 13:00:00+01:00,CT NG 15,0.0
2030,sc01,12-03 13:00:00+01:00,CT NG 41,1.0
2030,sc01,12-03 13:00:00+01:00,CC NG 23,1.0
2030,sc01,12-03 13:00:00+01:00,CT NG 49,1.0
2030,sc01,12-03 13:00:00+01:00,CC NG 26,0.8272819848907064
2030,sc01,12-03 13:00:00+01:00,CC NG 12,0.0
2030,sc01,12-03 13:00:00+01:00,CT NG 05,0.0
2030,sc01,12-03 13:00:00+01:00,CC NG 40,0.0
2030,sc01,12-03 13:00:00+01:00,CT NG 50,0.0
2030,sc01,12-03 13:00:00+01:00,CT NG 68,0.0
2030,sc01,12-03 13:00:00+01:00,CC NG 17,1.0
2030,sc01,12-03 13:00:00+01:00,CC NG 10,0.0
2030,sc01,12-03 13:00:00+01:00,CC NG 33,0.0
2030,sc01,12-03 13:00:00+01:00,CC NG 06,0.0
2030,sc01,12-03 13:00:00+01:00,CT NG 10,0.0
2030,sc01,12-03 13:00:00+01:00,CT NG 01,0.0
2030,sc01,12-03 13:00:00+01:00,CC NG 29,0.0
2030,sc01,12-03 13:00:00+01:00,CC NG 05,0.0
2030,sc01,12-03 13:00:00+01:00,CT NG 06,0.0
2030,sc01,12-03 13:00:00+01:00,CT NG 24,1.0
2030,sc01,12-03 13:00:00+01:00,CT NG 22,0.0
2030,sc01,12-03 13:00:00+01:00,CT NG 21,0.0
2030,sc01,12-03 13:00:00+01:00,CC NG 28,0.0
2030,sc01,12-03 13:00:00+01:00,CC NG 35,0.0
2030,sc01,12-03 13:00:00+01:00,CC NG 24,0.876329896374392
2030,sc01,12-03 13:00:00+01:00,CC NG 08,1.0
2030,sc01,12-03 13:00:00+01:00,ST NG 02,0.0
2030,sc01,12-03 13:00:00+01:00,CT NG 52,0.0
2030,sc01,12-03 13:00:00+01:00,CT NG 46,1.0
2030,sc01,12-03 13:00:00+01:00,CT NG 36,0.0
2030,sc01,12-03 13:00:00+01:00,CC NG 21,1.0
2030,sc01,12-03 13:00:00+01:00,ST NG 09,0.0
2030,sc01,12-03 13:00:00+01:00,ST NG 04,1.0
2030,sc01,12-03 13:00:00+01:00,CT NG 23,0.0
2030,sc01,12-03 13:00:00+01:00,CT NG 13,0.0
2030,sc01,12-03 13:00:00+01:00,CC NG 11,1.0
2030,sc01,12-03 13:00:00+01:00,CT NG 04,0.0
2030,sc01,12-03 13:00:00+01:00,CC NG 18,0.9130318940214608
2030,sc01,12-03 13:00:00+01:00,CC NG 34,0.20020536653690585
2030,sc01,12-03 13:00:00+01:00,CT Oil 04,0.0
2030,sc01,12-03 13:00:00+01:00,CT NG 74,1.0
2030,sc01,12-03 13:00:00+01:00,CT NG 55,0.0
2030,sc01,12-03 13:00:00+01:00,CT NG 75,0.0
2030,sc01,12-03 13:00:00+01:00,CC NG 01,0.0
2030,sc01,12-03 13:00:00+01:00,CC NG 39,0.0
2030,sc01,12-03 13:00:00+01:00,CT NG 09,0.0
2030,sc01,12-03 13:00:00+01:00,CC NG 31,0.0
2030,sc01,12-03 13:00:00+01:00,CT NG 14,0.0
2030,sc01,12-03 17:00:00+01:00,ST NG 03,0.0
2030,sc01,12-03 17:00:00+01:00,CC NG 37,0.0
2030,sc01,12-03 17:00:00+01:00,CT NG 48,0.11638636855029028
2030,sc01,12-03 17:00:00+01:00,CT NG 16,0.0
2030,sc01,12-03 17:00:00+01:00,CT NG 25,0.0
2030,sc01,12-03 17:00:00+01:00,CT NG 53,0.0
2030,sc01,12-03 17:00:00+01:00,ST NG 08,0.0
2030,sc01,12-03 17:00:00+01:00,CT Oil 03,0.0
2030,sc01,12-03 17:00:00+01:00,CT NG 43,0.0
2030,sc01,12-03 17:00:00+01:00,CC NG 04,0.0
2030,sc01,12-03 17:00:00+01:00,ST Other 02,0.0
2030,sc01,12-03 17:00:00+01:00,CT NG 30,0.0
2030,sc01,12-03 17:00:00+01:00,CC NG 27,0.0
2030,sc01,12-03 17:00:00+01:00,CC NG 38,0.0
2030,sc01,12-03 17:00:00+01:00,CC NG 20,0.0
2030,sc01,12-03 17:00:00+01:00,CC NG 19,0.0
2030,sc01,12-03 17:00:00+01:00,CT NG 12,0.0
2030,sc01,12-03 17:00:00+01:00,CT NG 70,0.0
2030,sc01,12-03 17:00:00+01:00,ST NG 10,0.0
2030,sc01,12-03 17:00:00+01:00,CT NG 02,0.0
2030,sc01,12-03 17:00:00+01:00,CT NG 26,0.0
2030,sc01,12-03 17:00:00+01:00,ST NG 01,0.5117929662462071
2030,sc01,12-03 17:00:00+01:00,CC NG 32,0.0
2030,sc01,12-03 17:00:00+01:00,CT NG 35,0.07378772891583199
2030,sc01,12-03 17:00:00+01:00,ST NG 06,0.0
2030,sc01,12-03 17:00:00+01:00,CT Oil 01,0.0
2030,sc01,12-03 17:00:00+01:00,CT NG 67,0.0
2030,sc01,12-03 17:00:00+01:00,CT NG 72,0.960142646026832
2030,sc01,12-03 17:00:00+01:00,CT NG 66,0.0
2030,sc01,12-03 17:00:00+01:00,CT NG 71,0.0
2030,sc01,12-03 17:00:00+01:00,CC NG 07,0.0
2030,sc01,12-03 17:00:00+01:00,CT NG 69,0.0
2030,sc01,12-03 17:00:00+01:00,CT NG 07,0.0
2030,sc01,12-03 17:00:00+01:00,CT NG 45,0.0
2030,sc01,12-03 17:00:00+01:00,CC NG 03,0.0
2030,sc01,12-03 17:00:00+01:00,CC NG 13,0.0
2030,sc01,12-03 17:00:00+01:00,CT Oil 05,0.0
2030,sc01,12-03 17:00:00+01:00,CT NG 54,0.0
2030,sc01,12-03 17:00:00+01:00,ST Coal 01,0.0
2030,sc01,12-03 17:00:00+01:00,CC NG 16,0.0
2030,sc01,12-03 17:00:00+01:00,CT NG 73,0.0
2030,sc01,12-03 17:00:00+01:00,CC NG 09,0.0
2030,sc01,12-03 17:00:00+01:00,CT NG 03,0.0
2030,sc01,12-03 17:00:00+01:00,CT NG 28,0.0
2030,sc01,12-03 17:00:00+01:00,CT NG 11,0.0
2030,sc01,12-03 17:00:00+01:00,CT NG 08,0.0
2030,sc01,12-03 17:00:00+01:00,CT Oil 02,0.0
2030,sc01,12-03 17:00:00+01:00,CC NG 25,0.0
2030,sc01,12-03 17:00:00+01:00,CC NG 22,0.0
2030,sc01,12-03 17:00:00+01:00,CT NG 56,0.0
2030,sc01,12-03 17:00:00+01:00,CT NG 34,0.0
2030,sc01,12-03 17:00:00+01:00,ST NG 05,0.0
2030,sc01,12-03 17:00:00+01:00,CT NG 44,0.0
2030,sc01,12-03 17:00:00+01:00,CT NG 47,0.0
2030,sc01,12-03 17:00:00+01:00,CC NG 15,0.0
2030,sc01,12-03 17:00:00+01:00,CC NG 14,0.9667712567131963
2030,sc01,12-03 17:00:00+01:00,CT NG 42,0.0
2030,sc01,12-03 17:00:00+01:00,ST NG 07,0.0
2030,sc01,12-03 17:00:00+01:00,CC NG 36,0.0
2030,sc01,12-03 17:00:00+01:00,CT NG 15,0.0
2030,sc01,12-03 17:00:00+01:00,CT NG 41,0.0
2030,sc01,12-03 17:00:00+01:00,CC NG 23,0.0
2030,sc01,12-03 17:00:00+01:00,CT NG 49,0.0
2030,sc01,12-03 17:00:00+01:00,CC NG 26,0.9227347503019488
2030,sc01,12-03 17:00:00+01:00,CC NG 12,0.0
2030,sc01,12-03 17:00:00+01:00,CT NG 05,0.0
2030,sc01,12-03 17:00:00+01:00,CC NG 40,0.0
2030,sc01,12-03 17:00:00+01:00,CT NG 50,0.0
2030,sc01,12-03 17:00:00+01:00,CT NG 68,0.0
2030,sc01,12-03 17:00:00+01:00,CC NG 17,0.0
2030,sc01,12-03 17:00:00+01:00,CC NG 10,0.0
2030,sc01,12-03 17:00:00+01:00,CC NG 33,0.0
2030,sc01,12-03 17:00:00+01:00,CC NG 06,0.0
2030,sc01,12-03 17:00:00+01:00,CT NG 10,0.0
2030,sc01,12-03 17:00:00+01:00,CT NG 01,0.0
2030,sc01,12-03 17:00:00+01:00,CC NG 29,0.0
2030,sc01,12-03 17:00:00+01:00,CC NG 05,0.0
2030,sc01,12-03 17:00:00+01:00,CT NG 06,0.0
2030,sc01,12-03 17:00:00+01:00,CT NG 24,0.0
2030,sc01,12-03 17:00:00+01:00,CT NG 22,0.0
2030,sc01,12-03 17:00:00+01:00,CT NG 21,0.0
2030,sc01,12-03 17:00:00+01:00,CC NG 28,0.0
2030,sc01,12-03 17:00:00+01:00,CC NG 35,0.0
2030,sc01,12-03 17:00:00+01:00,CC NG 24,0.1236701036256081
2030,sc01,12-03 17:00:00+01:00,CC NG 08,0.0
2030,sc01,12-03 17:00:00+01:00,ST NG 02,0.0
2030,sc01,12-03 17:00:00+01:00,CT NG 52,0.0
2030,sc01,12-03 17:00:00+01:00,CT NG 46,0.0
2030,sc01,12-03 17:00:00+01:00,CT NG 36,0.0
2030,sc01,12-03 17:00:00+01:00,CC NG 21,0.0
2030,sc01,12-03 17:00:00+01:00,ST NG 09,0.0
2030,sc01,12-03 17:00:00+01:00,ST NG 04,0.0
2030,sc01,12-03 17:00:00+01:00,CT NG 23,0.0
2030,sc01,12-03 17:00:00+01:00,CT NG 13,0.0
2030,sc01,12-03 17:00:00+01:00,CC NG 11,0.0
2030,sc01,12-03 17:00:00+01:00,CT NG 04,0.0
2030,sc01,12-03 17:00:00+01:00,CC NG 18,0.0
2030,sc01,12-03 17:00:00+01:00,CC NG 34,0.0
2030,sc01,12-03 17:00:00+01:00,CT Oil 04,0.0
2030,sc01,12-03 17:00:00+01:00,CT NG 74,0.0
2030,sc01,12-03 17:00:00+01:00,CT NG 55,0.0
2030,sc01,12-03 17:00:00+01:00,CT NG 75,0.0
2030,sc01,12-03 17:00:00+01:00,CC NG 01,0.0
2030,sc01,12-03 17:00:00+01:00,CC NG 39,0.0
2030,sc01,12-03 17:00:00+01:00,CT NG 09,0.0
2030,sc01,12-03 17:00:00+01:00,CC NG 31,0.0
2030,sc01,12-03 17:00:00+01:00,CT NG 14,0.0
2030,sc01,12-03 19:00:00+01:00,ST NG 03,0.0
2030,sc01,12-03 19:00:00+01:00,CC NG 37,0.0
2030,sc01,12-03 19:00:00+01:00,CT NG 48,0.0
2030,sc01,12-03 19:00:00+01:00,CT NG 16,0.0
2030,sc01,12-03 19:00:00+01:00,CT NG 25,0.0
2030,sc01,12-03 19:00:00+01:00,CT NG 53,0.0
2030,sc01,12-03 19:00:00+01:00,ST NG 08,0.0
2030,sc01,12-03 19:00:00+01:00,CT Oil 03,0.0
2030,sc01,12-03 19:00:00+01:00,CT NG 43,0.0
2030,sc01,12-03 19:00:00+01:00,CC NG 04,0.0
2030,sc01,12-03 19:00:00+01:00,ST Other 02,0.0
2030,sc01,12-03 19:00:00+01:00,CT NG 30,0.0
2030,sc01,12-03 19:00:00+01:00,CC NG 27,0.0
2030,sc01,12-03 19:00:00+01:00,CC NG 38,0.0
2030,sc01,12-03 19:00:00+01:00,CC NG 20,0.0
2030,sc01,12-03 19:00:00+01:00,CC NG 19,0.0
2030,sc01,12-03 19:00:00+01:00,CT NG 12,0.0
2030,sc01,12-03 19:00:00+01:00,CT NG 70,0.0
2030,sc01,12-03 19:00:00+01:00,ST NG 10,0.0
2030,sc01,12-03 19:00:00+01:00,CT NG 02,0.0
2030,sc01,12-03 19:00:00+01:00,CT NG 26,0.0
2030,sc01,12-03 19:00:00+01:00,ST NG 01,0.488207033753793
2030,sc01,12-03 19:00:00+01:00,CC NG 32,0.0
2030,sc01,12-03 19:00:00+01:00,CT NG 35,0.0
2030,sc01,12-03 19:00:00+01:00,ST NG 06,0.0
2030,sc01,12-03 19:00:00+01:00,CT Oil 01,0.0
2030,sc01,12-03 19:00:00+01:00,CT NG 67,0.0
2030,sc01,12-03 19:00:00+01:00,CT NG 72,0.039857353973168065
2030,sc01,12-03 19:00:00+01:00,CT NG 66,0.0
2030,sc01,12-03 19:00:00+01:00,CT NG 71,0.0
2030,sc01,12-03 19:00:00+01:00,CC NG 07,0.0
2030,sc01,12-03 19:00:00+01:00,CT NG 69,0.0
2030,sc01,12-03 19:00:00+01:00,CT NG 07,0.0
2030,sc01,12-03 19:00:00+01:00,CT NG 45,0.0
2030,sc01,12-03 19:00:00+01:00,CC NG 03,0.0
2030,sc01,12-03 19:00:00+01:00,CC NG 13,0.0
2030,sc01,12-03 19:00:00+01:00,CT Oil 05,0.0
2030,sc01,12-03 19:00:00+01:00,CT NG 54,0.0
2030,sc01,12-03 19:00:00+01:00,ST Coal 01,0.0
2030,sc01,12-03 19:00:00+01:00,CC NG 16,0.0
2030,sc01,12-03 19:00:00+01:00,CT NG 73,0.0
2030,sc01,12-03 19:00:00+01:00,CC NG 09,0.0
2030,sc01,12-03 19:00:00+01:00,CT NG 03,0.0
2030,sc01,12-03 19:00:00+01:00,CT NG 28,0.0
2030,sc01,12-03 19:00:00+01:00,CT NG 11,0.0
2030,sc01,12-03 19:00:00+01:00,CT NG 08,0.0
2030,sc01,12-03 19:00:00+01:00,CT Oil 02,0.0
2030,sc01,12-03 19:00:00+01:00,CC NG 25,0.0
2030,sc01,12-03 19:00:00+01:00,CC NG 22,0.0
2030,sc01,12-03 19:00:00+01:00,CT NG 56,0.0
2030,sc01,12-03 19:00:00+01:00,CT NG 34,0.0
2030,sc01,12-03 19:00:00+01:00,ST NG 05,0.0
2030,sc01,12-03 19:00:00+01:00,CT NG 44,0.0
2030,sc01,12-03 19:00:00+01:00,CT NG 47,0.0
2030,sc01,12-03 19:00:00+01:00,CC NG 15,0.0
2030,sc01,12-03 19:00:00+01:00,CC NG 14,0.03322874328680373
2030,sc01,12-03 19:00:00+01:00,CT NG 42,0.0
2030,sc01,12-03 19:00:00+01:00,ST NG 07,0.0
2030,sc01,12-03 19:00:00+01:00,CC NG 36,0.0
2030,sc01,12-03 19:00:00+01:00,CT NG 15,0.0
2030,sc01,12-03 19:00:00+01:00,CT NG 41,0.0
2030,sc01,12-03 19:00:00+01:00,CC NG 23,0.0
2030,sc01,12-03 19:00:00+01:00,CT NG 49,0.0
2030,sc01,12-03 19:00:00+01:00,CC NG 26,0.0
2030,sc01,12-03 19:00:00+01:00,CC NG 12,0.0
2030,sc01,12-03 19:00:00+01:00,CT NG 05,0.0
2030,sc01,12-03 19:00:00+01:00,CC NG 40,0.0
2030,sc01,12-03 19:00:00+01:00,CT NG 50,0.0
2030,sc01,12-03 19:00:00+01:00,CT NG 68,0.0
2030,sc01,12-03 19:00:00+01:00,CC NG 17,0.0
2030,sc01,12-03 19:00:00+01:00,CC NG 10,0.0
2030,sc01,12-03 19:00:00+01:00,CC NG 33,0.0
2030,sc01,12-03 19:00:00+01:00,CC NG 06,0.0
2030,sc01,12-03 19:00:00+01:00,CT NG 10,0.0
2030,sc01,12-03 19:00:00+01:00,CT NG 01,0.6427755291254948
2030,sc01,12-03 19:00:00+01:00,CC NG 29,0.0
2030,sc01,12-03 19:00:00+01:00,CC NG 05,0.0
2030,sc01,12-03 19:00:00+01:00,CT NG 06,0.0
2030,sc01,12-03 19:00:00+01:00,CT NG 24,0.0
2030,sc01,12-03 19:00:00+01:00,CT NG 22,0.0
2030,sc01,12-03 19:00:00+01:00,CT NG 21,0.0
2030,sc01,12-03 19:00:00+01:00,CC NG 28,0.0
2030,sc01,12-03 19:00:00+01:00,CC NG 35,0.0
2030,sc01,12-03 19:00:00+01:00,CC NG 24,0.0
2030,sc01,12-03 19:00:00+01:00,CC NG 08,1.0
2030,sc01,12-03 19:00:00+01:00,ST NG 02,0.0
2030,sc01,12-03 19:00:00+01:00,CT NG 52,0.0
2030,sc01,12-03 19:00:00+01:00,CT NG 46,0.0
2030,sc01,12-03 19:00:00+01:00,CT NG 36,0.0
2030,sc01,12-03 19:00:00+01:00,CC NG 21,0.0
2030,sc01,12-03 19:00:00+01:00,ST NG 09,0.0
2030,sc01,12-03 19:00:00+01:00,ST NG 04,0.0
2030,sc01,12-03 19:00:00+01:00,CT NG 23,0.0
2030,sc01,12-03 19:00:00+01:00,CT NG 13,0.0
2030,sc01,12-03 19:00:00+01:00,CC NG 11,0.0
2030,sc01,12-03 19:00:00+01:00,CT NG 04,0.0
2030,sc01,12-03 19:00:00+01:00,CC NG 18,1.0
2030,sc01,12-03 19:00:00+01:00,CC NG 34,0.27327616104843694
2030,sc01,12-03 19:00:00+01:00,CT Oil 04,0.0
2030,sc01,12-03 19:00:00+01:00,CT NG 74,1.0
2030,sc01,12-03 19:00:00+01:00,CT NG 55,0.0
2030,sc01,12-03 19:00:00+01:00,CT NG 75,0.0
2030,sc01,12-03 19:00:00+01:00,CC NG 01,0.0
2030,sc01,12-03 19:00:00+01:00,CC NG 39,0.0
2030,sc01,12-03 19:00:00+01:00,CT NG 09,0.0
2030,sc01,12-03 19:00:00+01:00,CC NG 31,0.0
2030,sc01,12-03 19:00:00+01:00,CT NG 14,0.0
2030,sc01,12-06 19:00:00+01:00,ST NG 03,0.0
2030,sc01,12-06 19:00:00+01:00,CC NG 37,0.0
2030,sc01,12-06 19:00:00+01:00,CT NG 48,0.0
2030,sc01,12-06 19:00:00+01:00,CT NG 16,0.0
2030,sc01,12-06 19:00:00+01:00,CT NG 25,0.0
2030,sc01,12-06 19:00:00+01:00,CT NG 53,0.0
2030,sc01,12-06 19:00:00+01:00,ST NG 08,0.0
2030,sc01,12-06 19:00:00+01:00,CT Oil 03,0.0
2030,sc01,12-06 19:00:00+01:00,CT NG 43,0.0
2030,sc01,12-06 19:00:00+01:00,CC NG 04,0.0
2030,sc01,12-06 19:00:00+01:00,ST Other 02,0.0
2030,sc01,12-06 19:00:00+01:00,CT NG 30,0.0
2030,sc01,12-06 19:00:00+01:00,CC NG 27,0.0
2030,sc01,12-06 19:00:00+01:00,CC NG 38,1.0
2030,sc01,12-06 19:00:00+01:00,CC NG 20,0.0
2030,sc01,12-06 19:00:00+01:00,CC NG 19,0.0
2030,sc01,12-06 19:00:00+01:00,CT NG 12,0.0
2030,sc01,12-06 19:00:00+01:00,CT NG 70,0.0
2030,sc01,12-06 19:00:00+01:00,ST NG 10,0.0
2030,sc01,12-06 19:00:00+01:00,CT NG 02,0.0
2030,sc01,12-06 19:00:00+01:00,CT NG 26,0.0
2030,sc01,12-06 19:00:00+01:00,ST NG 01,0.0
2030,sc01,12-06 19:00:00+01:00,CC NG 32,0.0
2030,sc01,12-06 19:00:00+01:00,CT NG 35,0.0
2030,sc01,12-06 19:00:00+01:00,ST NG 06,0.0
2030,sc01,12-06 19:00:00+01:00,CT Oil 01,0.0
2030,sc01,12-06 19:00:00+01:00,CT NG 67,0.0
2030,sc01,12-06 19:00:00+01:00,CT NG 72,0.0
2030,sc01,12-06 19:00:00+01:00,CT NG 66,0.0
2030,sc01,12-06 19:00:00+01:00,CT NG 71,0.0
2030,sc01,12-06 19:00:00+01:00,CC NG 07,0.0
2030,sc01,12-06 19:00:00+01:00,CT NG 69,0.0
2030,sc01,12-06 19:00:00+01:00,CT NG 07,0.0
2030,sc01,12-06 19:00:00+01:00,CT NG 45,0.0
2030,sc01,12-06 19:00:00+01:00,CC NG 03,0.0
2030,sc01,12-06 19:00:00+01:00,CC NG 13,0.0
2030,sc01,12-06 19:00:00+01:00,CT Oil 05,0.0
2030,sc01,12-06 19:00:00+01:00,CT NG 54,0.0
2030,sc01,12-06 19:00:00+01:00,ST Coal 01,0.0
2030,sc01,12-06 19:00:00+01:00,CC NG 16,0.0
2030,sc01,12-06 19:00:00+01:00,CT NG 73,0.0
2030,sc01,12-06 19:00:00+01:00,CC NG 09,0.0
2030,sc01,12-06 19:00:00+01:00,CT NG 03,0.0
2030,sc01,12-06 19:00:00+01:00,CT NG 28,0.0
2030,sc01,12-06 19:00:00+01:00,CT NG 11,0.0
2030,sc01,12-06 19:00:00+01:00,CT NG 08,0.0
2030,sc01,12-06 19:00:00+01:00,CT Oil 02,0.0
2030,sc01,12-06 19:00:00+01:00,CC NG 25,0.0
2030,sc01,12-06 19:00:00+01:00,CC NG 22,0.0
2030,sc01,12-06 19:00:00+01:00,CT NG 56,0.0
2030,sc01,12-06 19:00:00+01:00,CT NG 34,0.0
2030,sc01,12-06 19:00:00+01:00,ST NG 05,0.0
2030,sc01,12-06 19:00:00+01:00,CT NG 44,0.0
2030,sc01,12-06 19:00:00+01:00,CT NG 47,0.0
2030,sc01,12-06 19:00:00+01:00,CC NG 15,0.0
2030,sc01,12-06 19:00:00+01:00,CC NG 14,0.0
2030,sc01,12-06 19:00:00+01:00,CT NG 42,0.0
2030,sc01,12-06 19:00:00+01:00,ST NG 07,0.0
2030,sc01,12-06 19:00:00+01:00,CC NG 36,0.0
2030,sc01,12-06 19:00:00+01:00,CT NG 15,0.0
2030,sc01,12-06 19:00:00+01:00,CT NG 41,0.0
2030,sc01,12-06 19:00:00+01:00,CC NG 23,0.0
2030,sc01,12-06 19:00:00+01:00,CT NG 49,0.0
2030,sc01,12-06 19:00:00+01:00,CC NG 26,0.5925451338376976
2030,sc01,12-06 19:00:00+01:00,CC NG 12,0.0
2030,sc01,12-06 19:00:00+01:00,CT NG 05,0.0
2030,sc01,12-06 19:00:00+01:00,CC NG 40,0.0
2030,sc01,12-06 19:00:00+01:00,CT NG 50,0.0
2030,sc01,12-06 19:00:00+01:00,CT NG 68,0.0
2030,sc01,12-06 19:00:00+01:00,CC NG 17,0.0
2030,sc01,12-06 19:00:00+01:00,CC NG 10,0.0
2030,sc01,12-06 19:00:00+01:00,CC NG 33,0.0
2030,sc01,12-06 19:00:00+01:00,CC NG 06,0.0
2030,sc01,12-06 19:00:00+01:00,CT NG 10,0.0
2030,sc01,12-06 19:00:00+01:00,CT NG 01,0.35722447087450515
2030,sc01,12-06 19:00:00+01:00,CC NG 29,0.0
2030,sc01,12-06 19:00:00+01:00,CC NG 05,0.0
2030,sc01,12-06 19:00:00+01:00,CT NG 06,0.0
2030,sc01,12-06 19:00:00+01:00,CT NG 24,0.0
2030,sc01,12-06 19:00:00+01:00,CT NG 22,0.0
2030,sc01,12-06 19:00:00+01:00,CT NG 21,0.0
2030,sc01,12-06 19:00:00+01:00,CC NG 28,0.0
2030,sc01,12-06 19:00:00+01:00,CC NG 35,0.0
2030,sc01,12-06 19:00:00+01:00,CC NG 24,0.0
2030,sc01,12-06 19:00:00+01:00,CC NG 08,0.0
2030,sc01,12-06 19:00:00+01:00,ST NG 02,0.0
2030,sc01,12-06 19:00:00+01:00,CT NG 52,0.0
2030,sc01,12-06 19:00:00+01:00,CT NG 46,0.0
2030,sc01,12-06 19:00:00+01:00,CT NG 36,0.0
2030,sc01,12-06 19:00:00+01:00,CC NG 21,0.0
2030,sc01,12-06 19:00:00+01:00,ST NG 09,0.0
2030,sc01,12-06 19:00:00+01:00,ST NG 04,0.0
2030,sc01,12-06 19:00:00+01:00,CT NG 23,0.0
2030,sc01,12-06 19:00:00+01:00,CT NG 13,0.0
2030,sc01,12-06 19:00:00+01:00,CC NG 11,1.0
2030,sc01,12-06 19:00:00+01:00,CT NG 04,0.0
2030,sc01,12-06 19:00:00+01:00,CC NG 18,0.06279633172437804
2030,sc01,12-06 19:00:00+01:00,CC NG 34,0.32227046383661245
2030,sc01,12-06 19:00:00+01:00,CT Oil 04,0.0
2030,sc01,12-06 19:00:00+01:00,CT NG 74,0.0
2030,sc01,12-06 19:00:00+01:00,CT NG 55,0.0
2030,sc01,12-06 19:00:00+01:00,CT NG 75,0.0
2030,sc01,12-06 19:00:00+01:00,CC NG 01,0.0
2030,sc01,12-06 19:00:00+01:00,CC NG 39,0.0
2030,sc01,12-06 19:00:00+01:00,CT NG 09,0.0
2030,sc01,12-06 19:00:00+01:00,CC NG 31,0.0
2030,sc01,12-06 19:00:00+01:00,CT NG 14,0.0
2030,sc01,12-16 20:00:00+01:00,ST NG 03,0.0
2030,sc01,12-16 20:00:00+01:00,CC NG 37,0.0
2030,sc01,12-16 20:00:00+01:00,CT NG 48,0.3569153578941505
2030,sc01,12-16 20:00:00+01:00,CT NG 16,0.0
2030,sc01,12-16 20:00:00+01:00,CT NG 25,1.0
2030,sc01,12-16 20:00:00+01:00,CT NG 53,0.0
2030,sc01,12-16 20:00:00+01:00,ST NG 08,0.0
2030,sc01,12-16 20:00:00+01:00,CT Oil 03,0.0
2030,sc01,12-16 20:00:00+01:00,CT NG 43,0.0
2030,sc01,12-16 20:00:00+01:00,CC NG 04,0.0
2030,sc01,12-16 20:00:00+01:00,ST Other 02,0.0
2030,sc01,12-16 20:00:00+01:00,CT NG 30,0.0
2030,sc01,12-16 20:00:00+01:00,CC NG 27,0.0
2030,sc01,12-16 20:00:00+01:00,CC NG 38,0.0
2030,sc01,12-16 20:00:00+01:00,CC NG 20,0.0
2030,sc01,12-16 20:00:00+01:00,CC NG 19,0.0
2030,sc01,12-16 20:00:00+01:00,CT NG 12,0.0
2030,sc01,12-16 20:00:00+01:00,CT NG 70,0.0
2030,sc01,12-16 20:00:00+01:00,ST NG 10,0.0
2030,sc01,12-16 20:00:00+01:00,CT NG 02,0.0
2030,sc01,12-16 20:00:00+01:00,CT NG 26,0.0
2030,sc01,12-16 20:00:00+01:00,ST NG 01,0.0
2030,sc01,12-16 20:00:00+01:00,CC NG 32,0.0
2030,sc01,12-16 20:00:00+01:00,CT NG 35,0.0
2030,sc01,12-16 20:00:00+01:00,ST NG 06,0.0
2030,sc01,12-16 20:00:00+01:00,CT Oil 01,0.0
2030,sc01,12-16 20:00:00+01:00,CT NG 67,0.0
2030,sc01,12-16 20:00:00+01:00,CT NG 72,0.0
2030,sc01,12-16 20:00:00+01:00,CT NG 66,0.0
2030,sc01,12-16 20:00:00+01:00,CT NG 71,0.0
2030,sc01,12-16 20:00:00+01:00,CC NG 07,0.0
2030,sc01,12-16 20:00:00+01:00,CT NG 69,0.0
2030,sc01,12-16 20:00:00+01:00,CT NG 07,0.0
2030,sc01,12-16 20:00:00+01:00,CT NG 45,0.0
2030,sc01,12-16 20:00:00+01:00,CC NG 03,0.0
2030,sc01,12-16 20:00:00+01:00,CC NG 13,0.0
2030,sc01,12-16 20:00:00+01:00,CT Oil 05,0.0
2030,sc01,12-16 20:00:00+01:00,CT NG 54,0.0
2030,sc01,12-16 20:00:00+01:00,ST Coal 01,0.0
2030,sc01,12-16 20:00:00+01:00,CC NG 16,0.0
2030,sc01,12-16 20:00:00+01:00,CT NG 73,0.0
2030,sc01,12-16 20:00:00+01:00,CC NG 09,0.0
2030,sc01,12-16 20:00:00+01:00,CT NG 03,0.0
2030,sc01,12-16 20:00:00+01:00,CT NG 28,0.0
2030,sc01,12-16 20:00:00+01:00,CT NG 11,0.0
2030,sc01,12-16 20:00:00+01:00,CT NG 08,0.0
2030,sc01,12-16 20:00:00+01:00,CT Oil 02,0.0
2030,sc01,12-16 20:00:00+01:00,CC NG 25,0.0
2030,sc01,12-16 20:00:00+01:00,CC NG 22,0.0
2030,sc01,12-16 20:00:00+01:00,CT NG 56,0.0
2030,sc01,12-16 20:00:00+01:00,CT NG 34,0.0
2030,sc01,12-16 20:00:00+01:00,ST NG 05,0.0
2030,sc01,12-16 20:00:00+01:00,CT NG 44,0.0
2030,sc01,12-16 20:00:00+01:00,CT NG 47,0.0
2030,sc01,12-16 20:00:00+01:00,CC NG 15,0.0
2030,sc01,12-16 20:00:00+01:00,CC NG 14,0.0
2030,sc01,12-16 20:00:00+01:00,CT NG 42,0.0
2030,sc01,12-16 20:00:00+01:00,ST NG 07,0.0
2030,sc01,12-16 20:00:00+01:00,CC NG 36,0.0
2030,sc01,12-16 20:00:00+01:00,CT NG 15,0.0
2030,sc01,12-16 20:00:00+01:00,CT NG 41,0.0
2030,sc01,12-16 20:00:00+01:00,CC NG 23,0.0
2030,sc01,12-16 20:00:00+01:00,CT NG 49,0.0
2030,sc01,12-16 20:00:00+01:00,CC NG 26,0.23473685105300882
2030,sc01,12-16 20:00:00+01:00,CC NG 12,0.0
2030,sc01,12-16 20:00:00+01:00,CT NG 05,0.0
2030,sc01,12-16 20:00:00+01:00,CC NG 40,0.0
2030,sc01,12-16 20:00:00+01:00,CT NG 50,0.0
2030,sc01,12-16 20:00:00+01:00,CT NG 68,0.0
2030,sc01,12-16 20:00:00+01:00,CC NG 17,0.0
2030,sc01,12-16 20:00:00+01:00,CC NG 10,0.0
2030,sc01,12-16 20:00:00+01:00,CC NG 33,0.0
2030,sc01,12-16 20:00:00+01:00,CC NG 06,0.0
2030,sc01,12-16 20:00:00+01:00,CT NG 10,0.0
2030,sc01,12-16 20:00:00+01:00,CT NG 01,0.0
2030,sc01,12-16 20:00:00+01:00,CC NG 29,0.0
2030,sc01,12-16 20:00:00+01:00,CC NG 05,1.0
2030,sc01,12-16 20:00:00+01:00,CT NG 06,0.0
2030,sc01,12-16 20:00:00+01:00,CT NG 24,0.6970299882577571
2030,sc01,12-16 20:00:00+01:00,CT NG 22,0.0
2030,sc01,12-16 20:00:00+01:00,CT NG 21,0.0
2030,sc01,12-16 20:00:00+01:00,CC NG 28,0.0
2030,sc01,12-16 20:00:00+01:00,CC NG 35,0.0
2030,sc01,12-16 20:00:00+01:00,CC NG 24,0.0
2030,sc01,12-16 20:00:00+01:00,CC NG 08,0.0
2030,sc01,12-16 20:00:00+01:00,ST NG 02,0.0
2030,sc01,12-16 20:00:00+01:00,CT NG 52,0.0
2030,sc01,12-16 20:00:00+01:00,CT NG 46,0.0
2030,sc01,12-16 20:00:00+01:00,CT NG 36,0.0
2030,sc01,12-16 20:00:00+01:00,CC NG 21,0.0
2030,sc01,12-16 20:00:00+01:00,ST NG 09,0.0
2030,sc01,12-16 20:00:00+01:00,ST NG 04,0.0
2030,sc01,12-16 20:00:00+01:00,CT NG 23,0.0
2030,sc01,12-16 20:00:00+01:00,CT NG 13,0.0
2030,sc01,12-16 20:00:00+01:00,CC NG 11,0.0
2030,sc01,12-16 20:00:00+01:00,CT NG 04,0.0
2030,sc01,12-16 20:00:00+01:00,CC NG 18,0.04252364807829201
2030,sc01,12-16 20:00:00+01:00,CC NG 34,0.0
2030,sc01,12-16 20:00:00+01:00,CT Oil 04,0.0
2030,sc01,12-16 20:00:00+01:00,CT NG 74,0.0
2030,sc01,12-16 20:00:00+01:00,CT NG 55,0.0
2030,sc01,12-16 20:00:00+01:00,CT NG 75,0.0
2030,sc01,12-16 20:00:00+01:00,CC NG 01,0.0
2030,sc01,12-16 20:00:00+01:00,CC NG 39,0.0
2030,sc01,12-16 20:00:00+01:00,CT NG 09,0.0
2030,sc01,12-16 20:00:00+01:00,CC NG 31,0.0
2030,sc01,12-16 20:00:00+01:00,CT NG 14,0.0
2030,sc01,12-17 18:00:00+01:00,ST NG 03,0.16556856494413252
2030,sc01,12-17 18:00:00+01:00,CC NG 37,0.0
2030,sc01,12-17 18:00:00+01:00,CT NG 48,0.6430846421058495
2030,sc01,12-17 18:00:00+01:00,CT NG 16,0.0
2030,sc01,12-17 18:00:00+01:00,CT NG 25,0.0
2030,sc01,12-17 18:00:00+01:00,CT NG 53,0.0
2030,sc01,12-17 18:00:00+01:00,ST NG 08,0.0
2030,sc01,12-17 18:00:00+01:00,CT Oil 03,0.0
2030,sc01,12-17 18:00:00+01:00,CT NG 43,0.0
2030,sc01,12-17 18:00:00+01:00,CC NG 04,0.9999999999999999
2030,sc01,12-17 18:00:00+01:00,ST Other 02,0.0
2030,sc01,12-17 18:00:00+01:00,CT NG 30,0.0
2030,sc01,12-17 18:00:00+01:00,CC NG 27,0.0
2030,sc01,12-17 18:00:00+01:00,CC NG 38,0.0
2030,sc01,12-17 18:00:00+01:00,CC NG 20,0.0
2030,sc01,12-17 18:00:00+01:00,CC NG 19,0.0
2030,sc01,12-17 18:00:00+01:00,CT NG 12,0.0
2030,sc01,12-17 18:00:00+01:00,CT NG 70,0.0
2030,sc01,12-17 18:00:00+01:00,ST NG 10,0.0
2030,sc01,12-17 18:00:00+01:00,CT NG 02,0.0
2030,sc01,12-17 18:00:00+01:00,CT NG 26,0.0
2030,sc01,12-17 18:00:00+01:00,ST NG 01,0.0
2030,sc01,12-17 18:00:00+01:00,CC NG 32,0.0
2030,sc01,12-17 18:00:00+01:00,CT NG 35,0.0
2030,sc01,12-17 18:00:00+01:00,ST NG 06,0.0
2030,sc01,12-17 18:00:00+01:00,CT Oil 01,0.0
2030,sc01,12-17 18:00:00+01:00,CT NG 67,0.0
2030,sc01,12-17 18:00:00+01:00,CT NG 72,0.0
2030,sc01,12-17 18:00:00+01:00,CT NG 66,0.0
2030,sc01,12-17 18:00:00+01:00,CT NG 71,0.0
2030,sc01,12-17 18:00:00+01:00,CC NG 07,0.0
2030,sc01,12-17 18:00:00+01:00,CT NG 69,0.0
2030,sc01,12-17 18:00:00+01:00,CT NG 07,0.0
2030,sc01,12-17 18:00:00+01:00,CT NG 45,0.0
2030,sc01,12-17 18:00:00+01:00,CC NG 03,0.0
2030,sc01,12-17 18:00:00+01:00,CC NG 13,0.0
2030,sc01,12-17 18:00:00+01:00,CT Oil 05,0.0
2030,sc01,12-17 18:00:00+01:00,CT NG 54,0.0
2030,sc01,12-17 18:00:00+01:00,ST Coal 01,0.0
2030,sc01,12-17 18:00:00+01:00,CC NG 16,0.0
2030,sc01,12-17 18:00:00+01:00,CT NG 73,0.0
2030,sc01,12-17 18:00:00+01:00,CC NG 09,0.0
2030,sc01,12-17 18:00:00+01:00,CT NG 03,0.0
2030,sc01,12-17 18:00:00+01:00,CT NG 28,0.0
2030,sc01,12-17 18:00:00+01:00,CT NG 11,0.0
2030,sc01,12-17 18:00:00+01:00,CT NG 08,0.0
2030,sc01,12-17 18:00:00+01:00,CT Oil 02,0.0
2030,sc01,12-17 18:00:00+01:00,CC NG 25,0.0
2030,sc01,12-17 18:00:00+01:00,CC NG 22,0.0
2030,sc01,12-17 18:00:00+01:00,CT NG 56,0.0
2030,sc01,12-17 18:00:00+01:00,CT NG 34,0.0
2030,sc01,12-17 18:00:00+01:00,ST NG 05,0.0
2030,sc01,12-17 18:00:00+01:00,CT NG 44,0.0
2030,sc01,12-17 18:00:00+01:00,CT NG 47,0.0
2030,sc01,12-17 18:00:00+01:00,CC NG 15,0.0
2030,sc01,12-17 18:00:00+01:00,CC NG 14,0.0
2030,sc01,12-17 18:00:00+01:00,CT NG 42,0.0
2030,sc01,12-17 18:00:00+01:00,ST NG 07,0.0
2030,sc01,12-17 18:00:00+01:00,CC NG 36,0.0
2030,sc01,12-17 18:00:00+01:00,CT NG 15,0.0
2030,sc01,12-17 18:00:00+01:00,CT NG 41,0.0
2030,sc01,12-17 18:00:00+01:00,CC NG 23,0.0
2030,sc01,12-17 18:00:00+01:00,CT NG 49,0.0
2030,sc01,12-17 18:00:00+01:00,CC NG 26,0.17271801510929363
2030,sc01,12-17 18:00:00+01:00,CC NG 12,0.0
2030,sc01,12-17 18:00:00+01:00,CT NG 05,0.0
2030,sc01,12-17 18:00:00+01:00,CC NG 40,0.0
2030,sc01,12-17 18:00:00+01:00,CT NG 50,0.0
2030,sc01,12-17 18:00:00+01:00,CT NG 68,0.0
2030,sc01,12-17 18:00:00+01:00,CC NG 17,0.0
2030,sc01,12-17 18:00:00+01:00,CC NG 10,0.0
2030,sc01,12-17 18:00:00+01:00,CC NG 33,0.0
2030,sc01,12-17 18:00:00+01:00,CC NG 06,0.0
2030,sc01,12-17 18:00:00+01:00,CT NG 10,0.0
2030,sc01,12-17 18:00:00+01:00,CT NG 01,0.0
2030,sc01,12-17 18:00:00+01:00,CC NG 29,0.0
2030,sc01,12-17 18:00:00+01:00,CC NG 05,0.0
2030,sc01,12-17 18:00:00+01:00,CT NG 06,0.0
2030,sc01,12-17 18:00:00+01:00,CT NG 24,0.3029700117422429
2030,sc01,12-17 18:00:00+01:00,CT NG 22,0.0
2030,sc01,12-17 18:00:00+01:00,CT NG 21,0.0
2030,sc01,12-17 18:00:00+01:00,CC NG 28,0.0
2030,sc01,12-17 18:00:00+01:00,CC NG 35,0.713099194920696
2030,sc01,12-17 18:00:00+01:00,CC NG 24,0.0
2030,sc01,12-17 18:00:00+01:00,CC NG 08,0.0
2030,sc01,12-17 18:00:00+01:00,ST NG 02,0.0
2030,sc01,12-17 18:00:00+01:00,CT NG 52,0.0
2030,sc01,12-17 18:00:00+01:00,CT NG 46,0.0
2030,sc01,12-17 18:00:00+01:00,CT NG 36,0.0
2030,sc01,12-17 18:00:00+01:00,CC NG 21,0.0
2030,sc01,12-17 18:00:00+01:00,ST NG 09,0.0
2030,sc01,12-17 18:00:00+01:00,ST NG 04,0.0
2030,sc01,12-17 18:00:00+01:00,CT NG 23,0.0
2030,sc01,12-17 18:00:00+01:00,CT NG 13,0.0
2030,sc01,12-17 18:00:00+01:00,CC NG 11,0.0
2030,sc01,12-17 18:00:00+01:00,CT NG 04,0.0
2030,sc01,12-17 18:00:00+01:00,CC NG 18,0.04401705838045533
2030,sc01,12-17 18:00:00+01:00,CC NG 34,0.6026871199576032
2030,sc01,12-17 18:00:00+01:00,CT Oil 04,0.0
2030,sc01,12-17 18:00:00+01:00,CT NG 74,0.0
2030,sc01,12-17 18:00:00+01:00,CT NG 55,0.0
2030,sc01,12-17 18:00:00+01:00,CT NG 75,0.0
2030,sc01,12-17 18:00:00+01:00,CC NG 01,0.0
2030,sc01,12-17 18:00:00+01:00,CC NG 39,0.23050091486714308
2030,sc01,12-17 18:00:00+01:00,CT NG 09,0.0
2030,sc01,12-17 18:00:00+01:00,CC NG 31,0.0
2030,sc01,12-17 18:00:00+01:00,CT NG 14,0.0
2030,sc01,12-17 19:00:00+01:00,ST NG 03,0.5576630049833247
2030,sc01,12-17 19:00:00+01:00,CC NG 37,0.0
2030,sc01,12-17 19:00:00+01:00,CT NG 48,0.0
2030,sc01,12-17 19:00:00+01:00,CT NG 16,0.0
2030,sc01,12-17 19:00:00+01:00,CT NG 25,0.0
2030,sc01,12-17 19:00:00+01:00,CT NG 53,0.0
2030,sc01,12-17 19:00:00+01:00,ST NG 08,0.0
2030,sc01,12-17 19:00:00+01:00,CT Oil 03,0.0
2030,sc01,12-17 19:00:00+01:00,CT NG 43,0.0
2030,sc01,12-17 19:00:00+01:00,CC NG 04,0.0
2030,sc01,12-17 19:00:00+01:00,ST Other 02,0.0
2030,sc01,12-17 19:00:00+01:00,CT NG 30,0.0
2030,sc01,12-17 19:00:00+01:00,CC NG 27,1.0
2030,sc01,12-17 19:00:00+01:00,CC NG 38,0.0
2030,sc01,12-17 19:00:00+01:00,CC NG 20,0.0
2030,sc01,12-17 19:00:00+01:00,CC NG 19,0.0
2030,sc01,12-17 19:00:00+01:00,CT NG 12,0.0
2030,sc01,12-17 19:00:00+01:00,CT NG 70,0.0
2030,sc01,12-17 19:00:00+01:00,ST NG 10,1.0
2030,sc01,12-17 19:00:00+01:00,CT NG 02,0.0
2030,sc01,12-17 19:00:00+01:00,CT NG 26,0.0
2030,sc01,12-17 19:00:00+01:00,ST NG 01,0.0
2030,sc01,12-17 19:00:00+01:00,CC NG 32,0.0
2030,sc01,12-17 19:00:00+01:00,CT NG 35,0.0
2030,sc01,12-17 19:00:00+01:00,ST NG 06,0.0
2030,sc01,12-17 19:00:00+01:00,CT Oil 01,0.0
2030,sc01,12-17 19:00:00+01:00,CT NG 67,0.0
2030,sc01,12-17 19:00:00+01:00,CT NG 72,0.0
2030,sc01,12-17 19:00:00+01:00,CT NG 66,0.0
2030,sc01,12-17 19:00:00+01:00,CT NG 71,0.0
2030,sc01,12-17 19:00:00+01:00,CC NG 07,1.0
2030,sc01,12-17 19:00:00+01:00,CT NG 69,0.0
2030,sc01,12-17 19:00:00+01:00,CT NG 07,0.0
2030,sc01,12-17 19:00:00+01:00,CT NG 45,0.0
2030,sc01,12-17 19:00:00+01:00,CC NG 03,0.0
2030,sc01,12-17 19:00:00+01:00,CC NG 13,0.04996527613545598
2030,sc01,12-17 19:00:00+01:00,CT Oil 05,0.0
2030,sc01,12-17 19:00:00+01:00,CT NG 54,0.0
2030,sc01,12-17 19:00:00+01:00,ST Coal 01,0.0
2030,sc01,12-17 19:00:00+01:00,CC NG 16,0.0
2030,sc01,12-17 19:00:00+01:00,CT NG 73,0.0
2030,sc01,12-17 19:00:00+01:00,CC NG 09,0.0
2030,sc01,12-17 19:00:00+01:00,CT NG 03,0.0
2030,sc01,12-17 19:00:00+01:00,CT NG 28,0.0
2030,sc01,12-17 19:00:00+01:00,CT NG 11,0.0
2030,sc01,12-17 19:00:00+01:00,CT NG 08,0.0
2030,sc01,12-17 19:00:00+01:00,CT Oil 02,0.0
2030,sc01,12-17 19:00:00+01:00,CC NG 25,0.0
2030,sc01,12-17 19:00:00+01:00,CC NG 22,0.0
2030,sc01,12-17 19:00:00+01:00,CT NG 56,0.0
2030,sc01,12-17 19:00:00+01:00,CT NG 34,0.0
2030,sc01,12-17 19:00:00+01:00,ST NG 05,0.0
2030,sc01,12-17 19:00:00+01:00,CT NG 44,0.0
2030,sc01,12-17 19:00:00+01:00,CT NG 47,0.0
2030,sc01,12-17 19:00:00+01:00,CC NG 15,0.0
2030,sc01,12-17 19:00:00+01:00,CC NG 14,0.0
2030,sc01,12-17 19:00:00+01:00,CT NG 42,0.0
2030,sc01,12-17 19:00:00+01:00,ST NG 07,0.0
2030,sc01,12-17 19:00:00+01:00,CC NG 36,0.0
2030,sc01,12-17 19:00:00+01:00,CT NG 15,0.0
2030,sc01,12-17 19:00:00+01:00,CT NG 41,0.0
2030,sc01,12-17 19:00:00+01:00,CC NG 23,0.0
2030,sc01,12-17 19:00:00+01:00,CT NG 49,0.0
2030,sc01,12-17 19:00:00+01:00,CC NG 26,0.0
2030,sc01,12-17 19:00:00+01:00,CC NG 12,0.0
2030,sc01,12-17 19:00:00+01:00,CT NG 05,0.0
2030,sc01,12-17 19:00:00+01:00,CC NG 40,0.0
2030,sc01,12-17 19:00:00+01:00,CT NG 50,0.0
2030,sc01,12-17 19:00:00+01:00,CT NG 68,0.0
2030,sc01,12-17 19:00:00+01:00,CC NG 17,0.0
2030,sc01,12-17 19:00:00+01:00,CC NG 10,0.0
2030,sc01,12-17 19:00:00+01:00,CC NG 33,0.0
2030,sc01,12-17 19:00:00+01:00,CC NG 06,0.0
2030,sc01,12-17 19:00:00+01:00,CT NG 10,0.0
2030,sc01,12-17 19:00:00+01:00,CT NG 01,0.0
2030,sc01,12-17 19:00:00+01:00,CC NG 29,1.0
2030,sc01,12-17 19:00:00+01:00,CC NG 05,0.0
2030,sc01,12-17 19:00:00+01:00,CT NG 06,0.0
2030,sc01,12-17 19:00:00+01:00,CT NG 24,0.0
2030,sc01,12-17 19:00:00+01:00,CT NG 22,0.0
2030,sc01,12-17 19:00:00+01:00,CT NG 21,1.0
2030,sc01,12-17 19:00:00+01:00,CC NG 28,0.0
2030,sc01,12-17 19:00:00+01:00,CC NG 35,0.2869008050793041
2030,sc01,12-17 19:00:00+01:00,CC NG 24,0.0
2030,sc01,12-17 19:00:00+01:00,CC NG 08,0.0
2030,sc01,12-17 19:00:00+01:00,ST NG 02,0.0
2030,sc01,12-17 19:00:00+01:00,CT NG 52,0.0
2030,sc01,12-17 19:00:00+01:00,CT NG 46,0.0
2030,sc01,12-17 19:00:00+01:00,CT NG 36,0.0
2030,sc01,12-17 19:00:00+01:00,CC NG 21,0.0
2030,sc01,12-17 19:00:00+01:00,ST NG 09,0.0
2030,sc01,12-17 19:00:00+01:00,ST NG 04,0.0
2030,sc01,12-17 19:00:00+01:00,CT NG 23,0.0
2030,sc01,12-17 19:00:00+01:00,CT NG 13,0.0
2030,sc01,12-17 19:00:00+01:00,CC NG 11,0.0
2030,sc01,12-17 19:00:00+01:00,CT NG 04,0.0
2030,sc01,12-17 19:00:00+01:00,CC NG 18,0.9841815983825243
2030,sc01,12-17 19:00:00+01:00,CC NG 34,0.9735374605025842
2030,sc01,12-17 19:00:00+01:00,CT Oil 04,0.0
2030,sc01,12-17 19:00:00+01:00,CT NG 74,0.0
2030,sc01,12-17 19:00:00+01:00,CT NG 55,0.0
2030,sc01,12-17 19:00:00+01:00,CT NG 75,0.0
2030,sc01,12-17 19:00:00+01:00,CC NG 01,1.0
2030,sc01,12-17 19:00:00+01:00,CC NG 39,0.7694990851328569
2030,sc01,12-17 19:00:00+01:00,CT NG 09,0.0
2030,sc01,12-17 19:00:00+01:00,CC NG 31,0.0
2030,sc01,12-17 19:00:00+01:00,CT NG 14,0.0
2030,sc01,12-18 17:00:00+01:00,ST NG 03,0.2767684300725428
2030,sc01,12-18 17:00:00+01:00,CC NG 37,0.0
2030,sc01,12-18 17:00:00+01:00,CT NG 48,0.0
2030,sc01,12-18 17:00:00+01:00,CT NG 16,0.0
2030,sc01,12-18 17:00:00+01:00,CT NG 25,1.0
2030,sc01,12-18 17:00:00+01:00,CT NG 53,0.0
2030,sc01,12-18 17:00:00+01:00,ST NG 08,0.0
2030,sc01,12-18 17:00:00+01:00,CT Oil 03,0.0
2030,sc01,12-18 17:00:00+01:00,CT NG 43,0.0
2030,sc01,12-18 17:00:00+01:00,CC NG 04,0.0
2030,sc01,12-18 17:00:00+01:00,ST Other 02,0.0
2030,sc01,12-18 17:00:00+01:00,CT NG 30,0.0
2030,sc01,12-18 17:00:00+01:00,CC NG 27,0.0
2030,sc01,12-18 17:00:00+01:00,CC NG 38,0.0
2030,sc01,12-18 17:00:00+01:00,CC NG 20,0.0
2030,sc01,12-18 17:00:00+01:00,CC NG 19,0.0
2030,sc01,12-18 17:00:00+01:00,CT NG 12,0.0
2030,sc01,12-18 17:00:00+01:00,CT NG 70,0.0
2030,sc01,12-18 17:00:00+01:00,ST NG 10,0.0
2030,sc01,12-18 17:00:00+01:00,CT NG 02,0.0
2030,sc01,12-18 17:00:00+01:00,CT NG 26,0.0
2030,sc01,12-18 17:00:00+01:00,ST NG 01,0.16563013708378815
2030,sc01,12-18 17:00:00+01:00,CC NG 32,0.0
2030,sc01,12-18 17:00:00+01:00,CT NG 35,0.0
2030,sc01,12-18 17:00:00+01:00,ST NG 06,0.0
2030,sc01,12-18 17:00:00+01:00,CT Oil 01,0.0
2030,sc01,12-18 17:00:00+01:00,CT NG 67,0.0
2030,sc01,12-18 17:00:00+01:00,CT NG 72,0.0
2030,sc01,12-18 17:00:00+01:00,CT NG 66,0.0
2030,sc01,12-18 17:00:00+01:00,CT NG 71,0.0
2030,sc01,12-18 17:00:00+01:00,CC NG 07,0.0
2030,sc01,12-18 17:00:00+01:00,CT NG 69,0.0
2030,sc01,12-18 17:00:00+01:00,CT NG 07,0.0
2030,sc01,12-18 17:00:00+01:00,CT NG 45,0.0
2030,sc01,12-18 17:00:00+01:00,CC NG 03,0.0
2030,sc01,12-18 17:00:00+01:00,CC NG 13,0.950034723864544
2030,sc01,12-18 17:00:00+01:00,CT Oil 05,0.0
2030,sc01,12-18 17:00:00+01:00,CT NG 54,0.0
2030,sc01,12-18 17:00:00+01:00,ST Coal 01,0.0
2030,sc01,12-18 17:00:00+01:00,CC NG 16,0.0
2030,sc01,12-18 17:00:00+01:00,CT NG 73,0.0
2030,sc01,12-18 17:00:00+01:00,CC NG 09,1.0
2030,sc01,12-18 17:00:00+01:00,CT NG 03,0.0
2030,sc01,12-18 17:00:00+01:00,CT NG 28,0.0
2030,sc01,12-18 17:00:00+01:00,CT NG 11,0.0
2030,sc01,12-18 17:00:00+01:00,CT NG 08,0.0
2030,sc01,12-18 17:00:00+01:00,CT Oil 02,0.0
2030,sc01,12-18 17:00:00+01:00,CC NG 25,0.0
2030,sc01,12-18 17:00:00+01:00,CC NG 22,0.0
2030,sc01,12-18 17:00:00+01:00,CT NG 56,0.0
2030,sc01,12-18 17:00:00+01:00,CT NG 34,0.0
2030,sc01,12-18 17:00:00+01:00,ST NG 05,0.0
2030,sc01,12-18 17:00:00+01:00,CT NG 44,0.0
2030,sc01,12-18 17:00:00+01:00,CT NG 47,0.0
2030,sc01,12-18 17:00:00+01:00,CC NG 15,0.0
2030,sc01,12-18 17:00:00+01:00,CC NG 14,0.0
2030,sc01,12-18 17:00:00+01:00,CT NG 42,0.0
2030,sc01,12-18 17:00:00+01:00,ST NG 07,0.0
2030,sc01,12-18 17:00:00+01:00,CC NG 36,0.0
2030,sc01,12-18 17:00:00+01:00,CT NG 15,0.0
2030,sc01,12-18 17:00:00+01:00,CT NG 41,0.0
2030,sc01,12-18 17:00:00+01:00,CC NG 23,0.0
2030,sc01,12-18 17:00:00+01:00,CT NG 49,0.0
2030,sc01,12-18 17:00:00+01:00,CC NG 26,0.12253794547076402
2030,sc01,12-18 17:00:00+01:00,CC NG 12,0.0
2030,sc01,12-18 17:00:00+01:00,CT NG 05,0.0
2030,sc01,12-18 17:00:00+01:00,CC NG 40,0.0
2030,sc01,12-18 17:00:00+01:00,CT NG 50,0.0
2030,sc01,12-18 17:00:00+01:00,CT NG 68,0.0
2030,sc01,12-18 17:00:00+01:00,CC NG 17,0.0
2030,sc01,12-18 17:00:00+01:00,CC NG 10,0.0
2030,sc01,12-18 17:00:00+01:00,CC NG 33,0.0
2030,sc01,12-18 17:00:00+01:00,CC NG 06,0.0
2030,sc01,12-18 17:00:00+01:00,CT NG 10,0.0
2030,sc01,12-18 17:00:00+01:00,CT NG 01,0.0
2030,sc01,12-18 17:00:00+01:00,CC NG 29,0.0
2030,sc01,12-18 17:00:00+01:00,CC NG 05,0.0
2030,sc01,12-18 17:00:00+01:00,CT NG 06,0.0
2030,sc01,12-18 17:00:00+01:00,CT NG 24,0.18294131152555193
2030,sc01,12-18 17:00:00+01:00,CT NG 22,0.0
2030,sc01,12-18 17:00:00+01:00,CT NG 21,0.0
2030,sc01,12-18 17:00:00+01:00,CC NG 28,0.0
2030,sc01,12-18 17:00:00+01:00,CC NG 35,0.0
2030,sc01,12-18 17:00:00+01:00,CC NG 24,0.0
2030,sc01,12-18 17:00:00+01:00,CC NG 08,1.0
2030,sc01,12-18 17:00:00+01:00,ST NG 02,0.0
2030,sc01,12-18 17:00:00+01:00,CT NG 52,0.0
2030,sc01,12-18 17:00:00+01:00,CT NG 46,0.0
2030,sc01,12-18 17:00:00+01:00,CT NG 36,0.0
2030,sc01,12-18 17:00:00+01:00,CC NG 21,0.0
2030,sc01,12-18 17:00:00+01:00,ST NG 09,0.0
2030,sc01,12-18 17:00:00+01:00,ST NG 04,0.0
2030,sc01,12-18 17:00:00+01:00,CT NG 23,0.0
2030,sc01,12-18 17:00:00+01:00,CT NG 13,0.0
2030,sc01,12-18 17:00:00+01:00,CC NG 11,0.0
2030,sc01,12-18 17:00:00+01:00,CT NG 04,0.0
2030,sc01,12-18 17:00:00+01:00,CC NG 18,0.0
2030,sc01,12-18 17:00:00+01:00,CC NG 34,0.4237754195398126
2030,sc01,12-18 17:00:00+01:00,CT Oil 04,0.0
2030,sc01,12-18 17:00:00+01:00,CT NG 74,0.0
2030,sc01,12-18 17:00:00+01:00,CT NG 55,0.0
2030,sc01,12-18 17:00:00+01:00,CT NG 75,0.0
2030,sc01,12-18 17:00:00+01:00,CC NG 01,0.0
2030,sc01,12-18 17:00:00+01:00,CC NG 39,0.0
2030,sc01,12-18 17:00:00+01:00,CT NG 09,0.0
2030,sc01,12-18 17:00:00+01:00,CC NG 31,0.0
2030,sc01,12-18 17:00:00+01:00,CT NG 14,0.0
2030,sc01,12-18 18:00:00+01:00,ST NG 03,0.25324021529062124
2030,sc01,12-18 18:00:00+01:00,CC NG 37,0.0
2030,sc01,12-18 18:00:00+01:00,CT NG 48,0.0
2030,sc01,12-18 18:00:00+01:00,CT NG 16,0.0
2030,sc01,12-18 18:00:00+01:00,CT NG 25,0.0
2030,sc01,12-18 18:00:00+01:00,CT NG 53,0.0
2030,sc01,12-18 18:00:00+01:00,ST NG 08,0.0
2030,sc01,12-18 18:00:00+01:00,CT Oil 03,0.0
2030,sc01,12-18 18:00:00+01:00,CT NG 43,0.0
2030,sc01,12-18 18:00:00+01:00,CC NG 04,0.9999999999999999
2030,sc01,12-18 18:00:00+01:00,ST Other 02,0.0
2030,sc01,12-18 18:00:00+01:00,CT NG 30,0.0
2030,sc01,12-18 18:00:00+01:00,CC NG 27,0.0
2030,sc01,12-18 18:00:00+01:00,CC NG 38,0.0
2030,sc01,12-18 18:00:00+01:00,CC NG 20,0.0
2030,sc01,12-18 18:00:00+01:00,CC NG 19,0.0
2030,sc01,12-18 18:00:00+01:00,CT NG 12,0.0
2030,sc01,12-18 18:00:00+01:00,CT NG 70,0.0
2030,sc01,12-18 18:00:00+01:00,ST NG 10,0.0
2030,sc01,12-18 18:00:00+01:00,CT NG 02,0.0
2030,sc01,12-18 18:00:00+01:00,CT NG 26,1.0
2030,sc01,12-18 18:00:00+01:00,ST NG 01,0.8343698629162118
2030,sc01,12-18 18:00:00+01:00,CC NG 32,0.0
2030,sc01,12-18 18:00:00+01:00,CT NG 35,0.6132687589906162
2030,sc01,12-18 18:00:00+01:00,ST NG 06,0.0
2030,sc01,12-18 18:00:00+01:00,CT Oil 01,0.0
2030,sc01,12-18 18:00:00+01:00,CT NG 67,0.0
2030,sc01,12-18 18:00:00+01:00,CT NG 72,0.0
2030,sc01,12-18 18:00:00+01:00,CT NG 66,0.0
2030,sc01,12-18 18:00:00+01:00,CT NG 71,0.0
2030,sc01,12-18 18:00:00+01:00,CC NG 07,0.0
2030,sc01,12-18 18:00:00+01:00,CT NG 69,0.0
2030,sc01,12-18 18:00:00+01:00,CT NG 07,0.0
2030,sc01,12-18 18:00:00+01:00,CT NG 45,0.0
2030,sc01,12-18 18:00:00+01:00,CC NG 03,0.0
2030,sc01,12-18 18:00:00+01:00,CC NG 13,0.0
2030,sc01,12-18 18:00:00+01:00,CT Oil 05,0.0
2030,sc01,12-18 18:00:00+01:00,CT NG 54,0.0
2030,sc01,12-18 18:00:00+01:00,ST Coal 01,0.0
2030,sc01,12-18 18:00:00+01:00,CC NG 16,0.0
2030,sc01,12-18 18:00:00+01:00,CT NG 73,0.0
2030,sc01,12-18 18:00:00+01:00,CC NG 09,0.0
2030,sc01,12-18 18:00:00+01:00,CT NG 03,0.0
2030,sc01,12-18 18:00:00+01:00,CT NG 28,0.0
2030,sc01,12-18 18:00:00+01:00,CT NG 11,0.0
2030,sc01,12-18 18:00:00+01:00,CT NG 08,0.0
2030,sc01,12-18 18:00:00+01:00,CT Oil 02,0.0
2030,sc01,12-18 18:00:00+01:00,CC NG 25,0.0
2030,sc01,12-18 18:00:00+01:00,CC NG 22,0.0
2030,sc01,12-18 18:00:00+01:00,CT NG 56,0.0
2030,sc01,12-18 18:00:00+01:00,CT NG 34,0.0
2030,sc01,12-18 18:00:00+01:00,ST NG 05,0.0
2030,sc01,12-18 18:00:00+01:00,CT NG 44,0.0
2030,sc01,12-18 18:00:00+01:00,CT NG 47,0.0
2030,sc01,12-18 18:00:00+01:00,CC NG 15,0.0
2030,sc01,12-18 18:00:00+01:00,CC NG 14,0.0
2030,sc01,12-18 18:00:00+01:00,CT NG 42,0.0
2030,sc01,12-18 18:00:00+01:00,ST NG 07,0.0
2030,sc01,12-18 18:00:00+01:00,CC NG 36,0.0
2030,sc01,12-18 18:00:00+01:00,CT NG 15,0.0
2030,sc01,12-18 18:00:00+01:00,CT NG 41,0.0
2030,sc01,12-18 18:00:00+01:00,CC NG 23,0.0
2030,sc01,12-18 18:00:00+01:00,CT NG 49,0.0
2030,sc01,12-18 18:00:00+01:00,CC NG 26,0.877462054529236
2030,sc01,12-18 18:00:00+01:00,CC NG 12,0.0
2030,sc01,12-18 18:00:00+01:00,CT NG 05,0.0
2030,sc01,12-18 18:00:00+01:00,CC NG 40,0.0
2030,sc01,12-18 18:00:00+01:00,CT NG 50,0.0
2030,sc01,12-18 18:00:00+01:00,CT NG 68,0.0
2030,sc01,12-18 18:00:00+01:00,CC NG 17,0.0
2030,sc01,12-18 18:00:00+01:00,CC NG 10,0.0
2030,sc01,12-18 18:00:00+01:00,CC NG 33,0.0
2030,sc01,12-18 18:00:00+01:00,CC NG 06,0.0
2030,sc01,12-18 18:00:00+01:00,CT NG 10,0.0
2030,sc01,12-18 18:00:00+01:00,CT NG 01,0.0
2030,sc01,12-18 18:00:00+01:00,CC NG 29,0.0
2030,sc01,12-18 18:00:00+01:00,CC NG 05,0.0
2030,sc01,12-18 18:00:00+01:00,CT NG 06,0.0
2030,sc01,12-18 18:00:00+01:00,CT NG 24,0.8170586884744481
2030,sc01,12-18 18:00:00+01:00,CT NG 22,0.0
2030,sc01,12-18 18:00:00+01:00,CT NG 21,0.0
2030,sc01,12-18 18:00:00+01:00,CC NG 28,0.0
2030,sc01,12-18 18:00:00+01:00,CC NG 35,0.0
2030,sc01,12-18 18:00:00+01:00,CC NG 24,0.0
2030,sc01,12-18 18:00:00+01:00,CC NG 08,0.0
2030,sc01,12-18 18:00:00+01:00,ST NG 02,0.0
2030,sc01,12-18 18:00:00+01:00,CT NG 52,0.0
2030,sc01,12-18 18:00:00+01:00,CT NG 46,0.0
2030,sc01,12-18 18:00:00+01:00,CT NG 36,0.0
2030,sc01,12-18 18:00:00+01:00,CC NG 21,1.0
2030,sc01,12-18 18:00:00+01:00,ST NG 09,0.0
2030,sc01,12-18 18:00:00+01:00,ST NG 04,0.0
2030,sc01,12-18 18:00:00+01:00,CT NG 23,0.0
2030,sc01,12-18 18:00:00+01:00,CT NG 13,0.0
2030,sc01,12-18 18:00:00+01:00,CC NG 11,0.0
2030,sc01,12-18 18:00:00+01:00,CT NG 04,0.0
2030,sc01,12-18 18:00:00+01:00,CC NG 18,0.04425204766424207
2030,sc01,12-18 18:00:00+01:00,CC NG 34,0.0
2030,sc01,12-18 18:00:00+01:00,CT Oil 04,0.0
2030,sc01,12-18 18:00:00+01:00,CT NG 74,0.0
2030,sc01,12-18 18:00:00+01:00,CT NG 55,0.0
2030,sc01,12-18 18:00:00+01:00,CT NG 75,0.0
2030,sc01,12-18 18:00:00+01:00,CC NG 01,0.0
2030,sc01,12-18 18:00:00+01:00,CC NG 39,0.4354699549254961
2030,sc01,12-18 18:00:00+01:00,CT NG 09,0.0
2030,sc01,12-18 18:00:00+01:00,CC NG 31,0.0
2030,sc01,12-18 18:00:00+01:00,CT NG 14,0.0
