Period,Scenario,LoadLevel,Node,GWh
2030,sc01,01-03 16:00:00+01:00,bus093,0.0
2030,sc01,01-03 16:00:00+01:00,bus097,0.0
2030,sc01,01-03 16:00:00+01:00,bus110,0.0
2030,sc01,01-03 16:00:00+01:00,bus042,0.0
2030,sc01,01-03 16:00:00+01:00,bus066,0.0
2030,sc01,01-03 16:00:00+01:00,bus059,0.0
2030,sc01,01-03 16:00:00+01:00,bus057,0.0
2030,sc01,01-03 16:00:00+01:00,bus067,0.0
2030,sc01,01-03 16:00:00+01:00,bus069,0.0
2030,sc01,01-03 16:00:00+01:00,bus014,0.0
2030,sc01,01-03 16:00:00+01:00,bus090,0.0
2030,sc01,01-03 16:00:00+01:00,bus002,0.0
2030,sc01,01-03 16:00:00+01:00,bus005,0.0
2030,sc01,01-03 16:00:00+01:00,bus109,0.0
2030,sc01,01-03 16:00:00+01:00,bus020,0.0
2030,sc01,01-03 16:00:00+01:00,bus065,0.0
2030,sc01,01-03 16:00:00+01:00,bus001,0.0
2030,sc01,01-03 16:00:00+01:00,bus017,0.0
2030,sc01,01-03 16:00:00+01:00,bus015,0.0
2030,sc01,01-03 16:00:00+01:00,bus054,0.0
2030,sc01,01-03 16:00:00+01:00,bus086,0.0
2030,sc01,01-03 16:00:00+01:00,bus032,0.0
2030,sc01,01-03 16:00:00+01:00,bus038,0.0
2030,sc01,01-03 16:00:00+01:00,bus108,0.0
2030,sc01,01-03 16:00:00+01:00,bus087,0.0
2030,sc01,01-03 16:00:00+01:00,bus027,0.0
2030,sc01,01-03 16:00:00+01:00,bus111,0.0
2030,sc01,01-03 16:00:00+01:00,bus025,0.0
2030,sc01,01-03 16:00:00+01:00,bus029,0.0
2030,sc01,01-03 16:00:00+01:00,bus009,0.0
2030,sc01,01-03 16:00:00+01:00,bus043,0.0
2030,sc01,01-03 16:00:00+01:00,bus045,0.0
2030,sc01,01-03 16:00:00+01:00,bus084,0.0
2030,sc01,01-03 16:00:00+01:00,bus013,0.0
2030,sc01,01-03 16:00:00+01:00,bus063,0.0
2030,sc01,01-03 16:00:00+01:00,bus115,0.0
2030,sc01,01-03 16:00:00+01:00,bus010,0.0
2030,sc01,01-03 16:00:00+01:00,bus073,0.0
2030,sc01,01-03 16:00:00+01:00,bus052,0.0
2030,sc01,01-03 16:00:00+01:00,bus096,0.0
2030,sc01,01-03 16:00:00+01:00,bus050,0.0
2030,sc01,01-03 16:00:00+01:00,bus011,0.0
2030,sc01,01-03 16:00:00+01:00,bus055,0.0
2030,sc01,01-03 16:00:00+01:00,bus083,0.0
2030,sc01,01-03 16:00:00+01:00,bus081,0.0
2030,sc01,01-03 16:00:00+01:00,bus022,0.0
2030,sc01,01-03 16:00:00+01:00,bus071,0.0
2030,sc01,01-03 16:00:00+01:00,bus074,0.0
2030,sc01,01-03 16:00:00+01:00,bus040,0.0
2030,sc01,01-03 16:00:00+01:00,bus099,0.0
2030,sc01,01-03 16:00:00+01:00,bus030,0.0
2030,sc01,01-03 16:00:00+01:00,bus098,0.0
2030,sc01,01-03 16:00:00+01:00,bus053,0.0
2030,sc01,01-03 16:00:00+01:00,bus085,0.0
2030,sc01,01-03 16:00:00+01:00,bus101,0.0
2030,sc01,01-03 16:00:00+01:00,bus018,0.0
2030,sc01,01-03 16:00:00+01:00,bus023,0.0
2030,sc01,01-03 16:00:00+01:00,bus088,0.0
2030,sc01,01-03 16:00:00+01:00,bus116,0.0
2030,sc01,01-03 16:00:00+01:00,bus103,0.0
2030,sc01,01-03 16:00:00+01:00,bus008,0.0
2030,sc01,01-03 16:00:00+01:00,bus105,0.0
2030,sc01,01-03 16:00:00+01:00,bus060,0.0
2030,sc01,01-03 16:00:00+01:00,bus016,0.0
2030,sc01,01-03 16:00:00+01:00,bus082,0.0
2030,sc01,01-03 16:00:00+01:00,bus047,0.0
2030,sc01,01-03 16:00:00+01:00,bus019,0.0
2030,sc01,01-03 16:00:00+01:00,bus037,0.0
2030,sc01,01-03 16:00:00+01:00,bus006,0.0
2030,sc01,01-03 16:00:00+01:00,bus080,0.0
2030,sc01,01-03 16:00:00+01:00,bus031,0.0
2030,sc01,01-03 16:00:00+01:00,bus048,0.0
2030,sc01,01-03 16:00:00+01:00,bus107,0.0
2030,sc01,01-03 16:00:00+01:00,bus049,0.0
2030,sc01,01-03 16:00:00+01:00,bus104,0.0
2030,sc01,01-03 16:00:00+01:00,bus100,0.0
2030,sc01,01-03 16:00:00+01:00,bus072,0.0
2030,sc01,01-03 16:00:00+01:00,bus039,0.0
2030,sc01,01-03 16:00:00+01:00,bus012,0.0
2030,sc01,01-03 16:00:00+01:00,bus114,0.0
2030,sc01,01-03 16:00:00+01:00,bus112,0.0
2030,sc01,01-03 16:00:00+01:00,bus058,0.0
2030,sc01,01-03 16:00:00+01:00,bus089,0.0
2030,sc01,01-03 16:00:00+01:00,bus051,0.0
2030,sc01,01-03 16:00:00+01:00,bus056,0.0
2030,sc01,01-03 16:00:00+01:00,bus092,0.0
2030,sc01,01-03 16:00:00+01:00,bus036,0.0
2030,sc01,01-03 16:00:00+01:00,bus094,0.0
2030,sc01,01-03 16:00:00+01:00,bus095,0.0
2030,sc01,01-03 16:00:00+01:00,bus113,0.0
2030,sc01,01-03 16:00:00+01:00,bus024,0.0
2030,sc01,01-03 16:00:00+01:00,bus078,0.0
2030,sc01,01-03 16:00:00+01:00,bus033,0.0
2030,sc01,01-03 16:00:00+01:00,bus079,0.0
2030,sc01,01-03 16:00:00+01:00,bus061,0.0
2030,sc01,01-03 16:00:00+01:00,bus118,0.0
2030,sc01,01-03 16:00:00+01:00,bus003,0.0
2030,sc01,01-03 16:00:00+01:00,bus070,0.0
2030,sc01,01-03 16:00:00+01:00,bus004,0.0
2030,sc01,01-03 16:00:00+01:00,bus021,0.0
2030,sc01,01-03 16:00:00+01:00,bus068,0.0
2030,sc01,01-03 16:00:00+01:00,bus028,0.0
2030,sc01,01-03 16:00:00+01:00,bus034,0.0
2030,sc01,01-03 16:00:00+01:00,bus075,0.0
2030,sc01,01-03 16:00:00+01:00,bus064,0.0
2030,sc01,01-03 16:00:00+01:00,bus106,0.0
2030,sc01,01-03 16:00:00+01:00,bus076,0.0
2030,sc01,01-03 16:00:00+01:00,bus046,0.0
2030,sc01,01-03 16:00:00+01:00,bus007,0.0
2030,sc01,01-03 16:00:00+01:00,bus035,0.0
2030,sc01,01-03 16:00:00+01:00,bus117,0.0
2030,sc01,01-03 16:00:00+01:00,bus041,0.0
2030,sc01,01-03 16:00:00+01:00,bus102,0.0
2030,sc01,01-03 16:00:00+01:00,bus026,0.0
2030,sc01,01-03 16:00:00+01:00,bus077,0.0
2030,sc01,01-03 16:00:00+01:00,bus044,0.0
2030,sc01,01-03 16:00:00+01:00,bus091,0.0
2030,sc01,01-03 16:00:00+01:00,bus062,0.0
2030,sc01,01-03 23:00:00+01:00,bus093,0.0
2030,sc01,01-03 23:00:00+01:00,bus097,0.0
2030,sc01,01-03 23:00:00+01:00,bus110,0.0
2030,sc01,01-03 23:00:00+01:00,bus042,0.0
2030,sc01,01-03 23:00:00+01:00,bus066,0.0
2030,sc01,01-03 23:00:00+01:00,bus059,0.0
2030,sc01,01-03 23:00:00+01:00,bus057,0.0
2030,sc01,01-03 23:00:00+01:00,bus067,0.0
2030,sc01,01-03 23:00:00+01:00,bus069,0.0
2030,sc01,01-03 23:00:00+01:00,bus014,0.0
2030,sc01,01-03 23:00:00+01:00,bus090,0.0
2030,sc01,01-03 23:00:00+01:00,bus002,0.0
2030,sc01,01-03 23:00:00+01:00,bus005,0.0
2030,sc01,01-03 23:00:00+01:00,bus109,0.0
2030,sc01,01-03 23:00:00+01:00,bus020,0.0
2030,sc01,01-03 23:00:00+01:00,bus065,0.0
2030,sc01,01-03 23:00:00+01:00,bus001,0.0
2030,sc01,01-03 23:00:00+01:00,bus017,0.0
2030,sc01,01-03 23:00:00+01:00,bus015,0.0
2030,sc01,01-03 23:00:00+01:00,bus054,0.0
2030,sc01,01-03 23:00:00+01:00,bus086,0.0
2030,sc01,01-03 23:00:00+01:00,bus032,0.0
2030,sc01,01-03 23:00:00+01:00,bus038,0.0
2030,sc01,01-03 23:00:00+01:00,bus108,0.0
2030,sc01,01-03 23:00:00+01:00,bus087,0.0
2030,sc01,01-03 23:00:00+01:00,bus027,0.0
2030,sc01,01-03 23:00:00+01:00,bus111,0.0
2030,sc01,01-03 23:00:00+01:00,bus025,0.0
2030,sc01,01-03 23:00:00+01:00,bus029,0.0
2030,sc01,01-03 23:00:00+01:00,bus009,0.0
2030,sc01,01-03 23:00:00+01:00,bus043,0.0
2030,sc01,01-03 23:00:00+01:00,bus045,0.0
2030,sc01,01-03 23:00:00+01:00,bus084,0.0
2030,sc01,01-03 23:00:00+01:00,bus013,0.0
2030,sc01,01-03 23:00:00+01:00,bus063,0.0
2030,sc01,01-03 23:00:00+01:00,bus115,0.0
2030,sc01,01-03 23:00:00+01:00,bus010,0.0
2030,sc01,01-03 23:00:00+01:00,bus073,0.0
2030,sc01,01-03 23:00:00+01:00,bus052,0.0
2030,sc01,01-03 23:00:00+01:00,bus096,0.0
2030,sc01,01-03 23:00:00+01:00,bus050,0.0
2030,sc01,01-03 23:00:00+01:00,bus011,0.0
2030,sc01,01-03 23:00:00+01:00,bus055,0.0
2030,sc01,01-03 23:00:00+01:00,bus083,0.0
2030,sc01,01-03 23:00:00+01:00,bus081,0.0
2030,sc01,01-03 23:00:00+01:00,bus022,0.0
2030,sc01,01-03 23:00:00+01:00,bus071,0.0
2030,sc01,01-03 23:00:00+01:00,bus074,0.0
2030,sc01,01-03 23:00:00+01:00,bus040,0.0
2030,sc01,01-03 23:00:00+01:00,bus099,0.0
2030,sc01,01-03 23:00:00+01:00,bus030,0.0
2030,sc01,01-03 23:00:00+01:00,bus098,0.0
2030,sc01,01-03 23:00:00+01:00,bus053,0.0
2030,sc01,01-03 23:00:00+01:00,bus085,0.0
2030,sc01,01-03 23:00:00+01:00,bus101,0.0
2030,sc01,01-03 23:00:00+01:00,bus018,0.0
2030,sc01,01-03 23:00:00+01:00,bus023,0.0
2030,sc01,01-03 23:00:00+01:00,bus088,0.0
2030,sc01,01-03 23:00:00+01:00,bus116,0.0
2030,sc01,01-03 23:00:00+01:00,bus103,0.0
2030,sc01,01-03 23:00:00+01:00,bus008,0.0
2030,sc01,01-03 23:00:00+01:00,bus105,0.0
2030,sc01,01-03 23:00:00+01:00,bus060,0.0
2030,sc01,01-03 23:00:00+01:00,bus016,0.0
2030,sc01,01-03 23:00:00+01:00,bus082,0.0
2030,sc01,01-03 23:00:00+01:00,bus047,0.0
2030,sc01,01-03 23:00:00+01:00,bus019,0.0
2030,sc01,01-03 23:00:00+01:00,bus037,0.0
2030,sc01,01-03 23:00:00+01:00,bus006,0.0
2030,sc01,01-03 23:00:00+01:00,bus080,0.0
2030,sc01,01-03 23:00:00+01:00,bus031,0.0
2030,sc01,01-03 23:00:00+01:00,bus048,0.0
2030,sc01,01-03 23:00:00+01:00,bus107,0.0
2030,sc01,01-03 23:00:00+01:00,bus049,0.0
2030,sc01,01-03 23:00:00+01:00,bus104,0.0
2030,sc01,01-03 23:00:00+01:00,bus100,0.0
2030,sc01,01-03 23:00:00+01:00,bus072,0.0
2030,sc01,01-03 23:00:00+01:00,bus039,0.0
2030,sc01,01-03 23:00:00+01:00,bus012,0.0
2030,sc01,01-03 23:00:00+01:00,bus114,0.0
2030,sc01,01-03 23:00:00+01:00,bus112,0.0
2030,sc01,01-03 23:00:00+01:00,bus058,0.0
2030,sc01,01-03 23:00:00+01:00,bus089,0.0
2030,sc01,01-03 23:00:00+01:00,bus051,0.0
2030,sc01,01-03 23:00:00+01:00,bus056,0.0
2030,sc01,01-03 23:00:00+01:00,bus092,0.0
2030,sc01,01-03 23:00:00+01:00,bus036,0.0
2030,sc01,01-03 23:00:00+01:00,bus094,0.0
2030,sc01,01-03 23:00:00+01:00,bus095,0.0
2030,sc01,01-03 23:00:00+01:00,bus113,0.0
2030,sc01,01-03 23:00:00+01:00,bus024,0.0
2030,sc01,01-03 23:00:00+01:00,bus078,0.0
2030,sc01,01-03 23:00:00+01:00,bus033,0.0
2030,sc01,01-03 23:00:00+01:00,bus079,0.0
2030,sc01,01-03 23:00:00+01:00,bus061,0.0
2030,sc01,01-03 23:00:00+01:00,bus118,0.0
2030,sc01,01-03 23:00:00+01:00,bus003,0.0
2030,sc01,01-03 23:00:00+01:00,bus070,0.0
2030,sc01,01-03 23:00:00+01:00,bus004,0.0
2030,sc01,01-03 23:00:00+01:00,bus021,0.0
2030,sc01,01-03 23:00:00+01:00,bus068,0.0
2030,sc01,01-03 23:00:00+01:00,bus028,0.0
2030,sc01,01-03 23:00:00+01:00,bus034,0.0
2030,sc01,01-03 23:00:00+01:00,bus075,0.0
2030,sc01,01-03 23:00:00+01:00,bus064,0.0
2030,sc01,01-03 23:00:00+01:00,bus106,0.0
2030,sc01,01-03 23:00:00+01:00,bus076,0.0
2030,sc01,01-03 23:00:00+01:00,bus046,0.0
2030,sc01,01-03 23:00:00+01:00,bus007,0.0
2030,sc01,01-03 23:00:00+01:00,bus035,0.0
2030,sc01,01-03 23:00:00+01:00,bus117,0.0
2030,sc01,01-03 23:00:00+01:00,bus041,0.0
2030,sc01,01-03 23:00:00+01:00,bus102,0.0
2030,sc01,01-03 23:00:00+01:00,bus026,0.0
2030,sc01,01-03 23:00:00+01:00,bus077,0.0
2030,sc01,01-03 23:00:00+01:00,bus044,0.0
2030,sc01,01-03 23:00:00+01:00,bus091,0.0
2030,sc01,01-03 23:00:00+01:00,bus062,0.0
2030,sc01,01-05 01:00:00+01:00,bus093,0.0
2030,sc01,01-05 01:00:00+01:00,bus097,0.0
2030,sc01,01-05 01:00:00+01:00,bus110,0.0
2030,sc01,01-05 01:00:00+01:00,bus042,0.0
2030,sc01,01-05 01:00:00+01:00,bus066,0.0
2030,sc01,01-05 01:00:00+01:00,bus059,0.0
2030,sc01,01-05 01:00:00+01:00,bus057,0.0
2030,sc01,01-05 01:00:00+01:00,bus067,0.0
2030,sc01,01-05 01:00:00+01:00,bus069,0.0
2030,sc01,01-05 01:00:00+01:00,bus014,0.0
2030,sc01,01-05 01:00:00+01:00,bus090,0.0
2030,sc01,01-05 01:00:00+01:00,bus002,0.0
2030,sc01,01-05 01:00:00+01:00,bus005,0.0
2030,sc01,01-05 01:00:00+01:00,bus109,0.0
2030,sc01,01-05 01:00:00+01:00,bus020,0.0
2030,sc01,01-05 01:00:00+01:00,bus065,0.0
2030,sc01,01-05 01:00:00+01:00,bus001,0.0
2030,sc01,01-05 01:00:00+01:00,bus017,0.0
2030,sc01,01-05 01:00:00+01:00,bus015,0.0
2030,sc01,01-05 01:00:00+01:00,bus054,0.0
2030,sc01,01-05 01:00:00+01:00,bus086,0.0
2030,sc01,01-05 01:00:00+01:00,bus032,0.0
2030,sc01,01-05 01:00:00+01:00,bus038,0.0
2030,sc01,01-05 01:00:00+01:00,bus108,0.0
2030,sc01,01-05 01:00:00+01:00,bus087,0.0
2030,sc01,01-05 01:00:00+01:00,bus027,0.0
2030,sc01,01-05 01:00:00+01:00,bus111,0.0
2030,sc01,01-05 01:00:00+01:00,bus025,0.0
2030,sc01,01-05 01:00:00+01:00,bus029,0.0
2030,sc01,01-05 01:00:00+01:00,bus009,0.0
2030,sc01,01-05 01:00:00+01:00,bus043,0.0
2030,sc01,01-05 01:00:00+01:00,bus045,0.0
2030,sc01,01-05 01:00:00+01:00,bus084,0.0
2030,sc01,01-05 01:00:00+01:00,bus013,0.0
2030,sc01,01-05 01:00:00+01:00,bus063,0.0
2030,sc01,01-05 01:00:00+01:00,bus115,0.0
2030,sc01,01-05 01:00:00+01:00,bus010,0.0
2030,sc01,01-05 01:00:00+01:00,bus073,0.0
2030,sc01,01-05 01:00:00+01:00,bus052,0.0
2030,sc01,01-05 01:00:00+01:00,bus096,0.0
2030,sc01,01-05 01:00:00+01:00,bus050,0.0
2030,sc01,01-05 01:00:00+01:00,bus011,0.0
2030,sc01,01-05 01:00:00+01:00,bus055,0.0
2030,sc01,01-05 01:00:00+01:00,bus083,0.0
2030,sc01,01-05 01:00:00+01:00,bus081,0.0
2030,sc01,01-05 01:00:00+01:00,bus022,0.0
2030,sc01,01-05 01:00:00+01:00,bus071,0.0
2030,sc01,01-05 01:00:00+01:00,bus074,0.0
2030,sc01,01-05 01:00:00+01:00,bus040,0.0
2030,sc01,01-05 01:00:00+01:00,bus099,0.0
2030,sc01,01-05 01:00:00+01:00,bus030,0.0
2030,sc01,01-05 01:00:00+01:00,bus098,0.0
2030,sc01,01-05 01:00:00+01:00,bus053,0.0
2030,sc01,01-05 01:00:00+01:00,bus085,0.0
2030,sc01,01-05 01:00:00+01:00,bus101,0.0
2030,sc01,01-05 01:00:00+01:00,bus018,0.0
2030,sc01,01-05 01:00:00+01:00,bus023,0.0
2030,sc01,01-05 01:00:00+01:00,bus088,0.0
2030,sc01,01-05 01:00:00+01:00,bus116,0.0
2030,sc01,01-05 01:00:00+01:00,bus103,0.0
2030,sc01,01-05 01:00:00+01:00,bus008,0.0
2030,sc01,01-05 01:00:00+01:00,bus105,0.0
2030,sc01,01-05 01:00:00+01:00,bus060,0.0
2030,sc01,01-05 01:00:00+01:00,bus016,0.0
2030,sc01,01-05 01:00:00+01:00,bus082,0.0
2030,sc01,01-05 01:00:00+01:00,bus047,0.0
2030,sc01,01-05 01:00:00+01:00,bus019,0.0
2030,sc01,01-05 01:00:00+01:00,bus037,0.0
2030,sc01,01-05 01:00:00+01:00,bus006,0.0
2030,sc01,01-05 01:00:00+01:00,bus080,0.0
2030,sc01,01-05 01:00:00+01:00,bus031,0.0
2030,sc01,01-05 01:00:00+01:00,bus048,0.0
2030,sc01,01-05 01:00:00+01:00,bus107,0.0
2030,sc01,01-05 01:00:00+01:00,bus049,0.0
2030,sc01,01-05 01:00:00+01:00,bus104,0.0
2030,sc01,01-05 01:00:00+01:00,bus100,0.0
2030,sc01,01-05 01:00:00+01:00,bus072,0.0
2030,sc01,01-05 01:00:00+01:00,bus039,0.0
2030,sc01,01-05 01:00:00+01:00,bus012,0.0
2030,sc01,01-05 01:00:00+01:00,bus114,0.0
2030,sc01,01-05 01:00:00+01:00,bus112,0.0
2030,sc01,01-05 01:00:00+01:00,bus058,0.0
2030,sc01,01-05 01:00:00+01:00,bus089,0.0
2030,sc01,01-05 01:00:00+01:00,bus051,0.0
2030,sc01,01-05 01:00:00+01:00,bus056,0.0
2030,sc01,01-05 01:00:00+01:00,bus092,0.0
2030,sc01,01-05 01:00:00+01:00,bus036,0.0
2030,sc01,01-05 01:00:00+01:00,bus094,0.0
2030,sc01,01-05 01:00:00+01:00,bus095,0.0
2030,sc01,01-05 01:00:00+01:00,bus113,0.0
2030,sc01,01-05 01:00:00+01:00,bus024,0.0
2030,sc01,01-05 01:00:00+01:00,bus078,0.0
2030,sc01,01-05 01:00:00+01:00,bus033,0.0
2030,sc01,01-05 01:00:00+01:00,bus079,0.0
2030,sc01,01-05 01:00:00+01:00,bus061,0.0
2030,sc01,01-05 01:00:00+01:00,bus118,0.0
2030,sc01,01-05 01:00:00+01:00,bus003,0.0
2030,sc01,01-05 01:00:00+01:00,bus070,0.0
2030,sc01,01-05 01:00:00+01:00,bus004,0.0
2030,sc01,01-05 01:00:00+01:00,bus021,0.0
2030,sc01,01-05 01:00:00+01:00,bus068,0.0
2030,sc01,01-05 01:00:00+01:00,bus028,0.0
2030,sc01,01-05 01:00:00+01:00,bus034,0.0
2030,sc01,01-05 01:00:00+01:00,bus075,0.0
2030,sc01,01-05 01:00:00+01:00,bus064,0.0
2030,sc01,01-05 01:00:00+01:00,bus106,0.0
2030,sc01,01-05 01:00:00+01:00,bus076,0.0
2030,sc01,01-05 01:00:00+01:00,bus046,0.0
2030,sc01,01-05 01:00:00+01:00,bus007,0.0
2030,sc01,01-05 01:00:00+01:00,bus035,0.0
2030,sc01,01-05 01:00:00+01:00,bus117,0.0
2030,sc01,01-05 01:00:00+01:00,bus041,0.0
2030,sc01,01-05 01:00:00+01:00,bus102,0.0
2030,sc01,01-05 01:00:00+01:00,bus026,0.0
2030,sc01,01-05 01:00:00+01:00,bus077,0.0
2030,sc01,01-05 01:00:00+01:00,bus044,0.0
2030,sc01,01-05 01:00:00+01:00,bus091,0.0
2030,sc01,01-05 01:00:00+01:00,bus062,0.0
2030,sc01,01-05 16:00:00+01:00,bus093,0.0
2030,sc01,01-05 16:00:00+01:00,bus097,0.0
2030,sc01,01-05 16:00:00+01:00,bus110,0.0
2030,sc01,01-05 16:00:00+01:00,bus042,0.0
2030,sc01,01-05 16:00:00+01:00,bus066,0.0
2030,sc01,01-05 16:00:00+01:00,bus059,0.0
2030,sc01,01-05 16:00:00+01:00,bus057,0.0
2030,sc01,01-05 16:00:00+01:00,bus067,0.0
2030,sc01,01-05 16:00:00+01:00,bus069,0.0
2030,sc01,01-05 16:00:00+01:00,bus014,0.0
2030,sc01,01-05 16:00:00+01:00,bus090,0.0
2030,sc01,01-05 16:00:00+01:00,bus002,0.0
2030,sc01,01-05 16:00:00+01:00,bus005,0.0
2030,sc01,01-05 16:00:00+01:00,bus109,0.0
2030,sc01,01-05 16:00:00+01:00,bus020,0.0
2030,sc01,01-05 16:00:00+01:00,bus065,0.0
2030,sc01,01-05 16:00:00+01:00,bus001,0.0
2030,sc01,01-05 16:00:00+01:00,bus017,0.0
2030,sc01,01-05 16:00:00+01:00,bus015,0.0
2030,sc01,01-05 16:00:00+01:00,bus054,0.0
2030,sc01,01-05 16:00:00+01:00,bus086,0.0
2030,sc01,01-05 16:00:00+01:00,bus032,0.0
2030,sc01,01-05 16:00:00+01:00,bus038,0.0
2030,sc01,01-05 16:00:00+01:00,bus108,0.0
2030,sc01,01-05 16:00:00+01:00,bus087,0.0
2030,sc01,01-05 16:00:00+01:00,bus027,0.0
2030,sc01,01-05 16:00:00+01:00,bus111,0.0
2030,sc01,01-05 16:00:00+01:00,bus025,0.0
2030,sc01,01-05 16:00:00+01:00,bus029,0.0
2030,sc01,01-05 16:00:00+01:00,bus009,0.0
2030,sc01,01-05 16:00:00+01:00,bus043,0.0
2030,sc01,01-05 16:00:00+01:00,bus045,0.0
2030,sc01,01-05 16:00:00+01:00,bus084,0.0
2030,sc01,01-05 16:00:00+01:00,bus013,0.0
2030,sc01,01-05 16:00:00+01:00,bus063,0.0
2030,sc01,01-05 16:00:00+01:00,bus115,0.0
2030,sc01,01-05 16:00:00+01:00,bus010,0.0
2030,sc01,01-05 16:00:00+01:00,bus073,0.0
2030,sc01,01-05 16:00:00+01:00,bus052,0.0
2030,sc01,01-05 16:00:00+01:00,bus096,0.0
2030,sc01,01-05 16:00:00+01:00,bus050,0.0
2030,sc01,01-05 16:00:00+01:00,bus011,0.0
2030,sc01,01-05 16:00:00+01:00,bus055,0.0
2030,sc01,01-05 16:00:00+01:00,bus083,0.0
2030,sc01,01-05 16:00:00+01:00,bus081,0.0
2030,sc01,01-05 16:00:00+01:00,bus022,0.0
2030,sc01,01-05 16:00:00+01:00,bus071,0.0
2030,sc01,01-05 16:00:00+01:00,bus074,0.0
2030,sc01,01-05 16:00:00+01:00,bus040,0.0
2030,sc01,01-05 16:00:00+01:00,bus099,0.0
2030,sc01,01-05 16:00:00+01:00,bus030,0.0
2030,sc01,01-05 16:00:00+01:00,bus098,0.0
2030,sc01,01-05 16:00:00+01:00,bus053,0.0
2030,sc01,01-05 16:00:00+01:00,bus085,0.0
2030,sc01,01-05 16:00:00+01:00,bus101,0.0
2030,sc01,01-05 16:00:00+01:00,bus018,0.0
2030,sc01,01-05 16:00:00+01:00,bus023,0.0
2030,sc01,01-05 16:00:00+01:00,bus088,0.0
2030,sc01,01-05 16:00:00+01:00,bus116,0.0
2030,sc01,01-05 16:00:00+01:00,bus103,0.0
2030,sc01,01-05 16:00:00+01:00,bus008,0.0
2030,sc01,01-05 16:00:00+01:00,bus105,0.0
2030,sc01,01-05 16:00:00+01:00,bus060,0.0
2030,sc01,01-05 16:00:00+01:00,bus016,0.0
2030,sc01,01-05 16:00:00+01:00,bus082,0.0
2030,sc01,01-05 16:00:00+01:00,bus047,0.0
2030,sc01,01-05 16:00:00+01:00,bus019,0.0
2030,sc01,01-05 16:00:00+01:00,bus037,0.0
2030,sc01,01-05 16:00:00+01:00,bus006,0.0
2030,sc01,01-05 16:00:00+01:00,bus080,0.0
2030,sc01,01-05 16:00:00+01:00,bus031,0.0
2030,sc01,01-05 16:00:00+01:00,bus048,0.0
2030,sc01,01-05 16:00:00+01:00,bus107,0.0
2030,sc01,01-05 16:00:00+01:00,bus049,0.0
2030,sc01,01-05 16:00:00+01:00,bus104,0.0
2030,sc01,01-05 16:00:00+01:00,bus100,0.0
2030,sc01,01-05 16:00:00+01:00,bus072,0.0
2030,sc01,01-05 16:00:00+01:00,bus039,0.0
2030,sc01,01-05 16:00:00+01:00,bus012,0.0
2030,sc01,01-05 16:00:00+01:00,bus114,0.0
2030,sc01,01-05 16:00:00+01:00,bus112,0.0
2030,sc01,01-05 16:00:00+01:00,bus058,0.0
2030,sc01,01-05 16:00:00+01:00,bus089,0.0
2030,sc01,01-05 16:00:00+01:00,bus051,0.0
2030,sc01,01-05 16:00:00+01:00,bus056,0.0
2030,sc01,01-05 16:00:00+01:00,bus092,0.0
2030,sc01,01-05 16:00:00+01:00,bus036,0.0
2030,sc01,01-05 16:00:00+01:00,bus094,0.0
2030,sc01,01-05 16:00:00+01:00,bus095,0.0
2030,sc01,01-05 16:00:00+01:00,bus113,0.0
2030,sc01,01-05 16:00:00+01:00,bus024,0.0
2030,sc01,01-05 16:00:00+01:00,bus078,0.0
2030,sc01,01-05 16:00:00+01:00,bus033,0.0
2030,sc01,01-05 16:00:00+01:00,bus079,0.0
2030,sc01,01-05 16:00:00+01:00,bus061,0.0
2030,sc01,01-05 16:00:00+01:00,bus118,0.0
2030,sc01,01-05 16:00:00+01:00,bus003,0.0
2030,sc01,01-05 16:00:00+01:00,bus070,0.0
2030,sc01,01-05 16:00:00+01:00,bus004,0.0
2030,sc01,01-05 16:00:00+01:00,bus021,0.0
2030,sc01,01-05 16:00:00+01:00,bus068,0.0
2030,sc01,01-05 16:00:00+01:00,bus028,0.0
2030,sc01,01-05 16:00:00+01:00,bus034,0.0
2030,sc01,01-05 16:00:00+01:00,bus075,0.0
2030,sc01,01-05 16:00:00+01:00,bus064,0.0
2030,sc01,01-05 16:00:00+01:00,bus106,0.0
2030,sc01,01-05 16:00:00+01:00,bus076,0.0
2030,sc01,01-05 16:00:00+01:00,bus046,0.0
2030,sc01,01-05 16:00:00+01:00,bus007,0.0
2030,sc01,01-05 16:00:00+01:00,bus035,0.0
2030,sc01,01-05 16:00:00+01:00,bus117,0.0
2030,sc01,01-05 16:00:00+01:00,bus041,0.0
2030,sc01,01-05 16:00:00+01:00,bus102,0.0
2030,sc01,01-05 16:00:00+01:00,bus026,0.0
2030,sc01,01-05 16:00:00+01:00,bus077,0.0
2030,sc01,01-05 16:00:00+01:00,bus044,0.0
2030,sc01,01-05 16:00:00+01:00,bus091,0.0
2030,sc01,01-05 16:00:00+01:00,bus062,0.0
2030,sc01,01-06 18:00:00+01:00,bus093,0.0
2030,sc01,01-06 18:00:00+01:00,bus097,0.0
2030,sc01,01-06 18:00:00+01:00,bus110,0.0
2030,sc01,01-06 18:00:00+01:00,bus042,0.0
2030,sc01,01-06 18:00:00+01:00,bus066,0.0
2030,sc01,01-06 18:00:00+01:00,bus059,0.0
2030,sc01,01-06 18:00:00+01:00,bus057,0.0
2030,sc01,01-06 18:00:00+01:00,bus067,0.0
2030,sc01,01-06 18:00:00+01:00,bus069,0.0
2030,sc01,01-06 18:00:00+01:00,bus014,0.0
2030,sc01,01-06 18:00:00+01:00,bus090,0.0
2030,sc01,01-06 18:00:00+01:00,bus002,0.0
2030,sc01,01-06 18:00:00+01:00,bus005,0.0
2030,sc01,01-06 18:00:00+01:00,bus109,0.0
2030,sc01,01-06 18:00:00+01:00,bus020,0.0
2030,sc01,01-06 18:00:00+01:00,bus065,0.0
2030,sc01,01-06 18:00:00+01:00,bus001,0.0
2030,sc01,01-06 18:00:00+01:00,bus017,0.0
2030,sc01,01-06 18:00:00+01:00,bus015,0.0
2030,sc01,01-06 18:00:00+01:00,bus054,0.0
2030,sc01,01-06 18:00:00+01:00,bus086,0.0
2030,sc01,01-06 18:00:00+01:00,bus032,0.0
2030,sc01,01-06 18:00:00+01:00,bus038,0.0
2030,sc01,01-06 18:00:00+01:00,bus108,0.0
2030,sc01,01-06 18:00:00+01:00,bus087,0.0
2030,sc01,01-06 18:00:00+01:00,bus027,0.0
2030,sc01,01-06 18:00:00+01:00,bus111,0.0
2030,sc01,01-06 18:00:00+01:00,bus025,0.0
2030,sc01,01-06 18:00:00+01:00,bus029,0.0
2030,sc01,01-06 18:00:00+01:00,bus009,0.0
2030,sc01,01-06 18:00:00+01:00,bus043,0.0
2030,sc01,01-06 18:00:00+01:00,bus045,0.0
2030,sc01,01-06 18:00:00+01:00,bus084,0.0
2030,sc01,01-06 18:00:00+01:00,bus013,0.0
2030,sc01,01-06 18:00:00+01:00,bus063,0.0
2030,sc01,01-06 18:00:00+01:00,bus115,0.0
2030,sc01,01-06 18:00:00+01:00,bus010,0.0
2030,sc01,01-06 18:00:00+01:00,bus073,0.0
2030,sc01,01-06 18:00:00+01:00,bus052,0.0
2030,sc01,01-06 18:00:00+01:00,bus096,0.0
2030,sc01,01-06 18:00:00+01:00,bus050,0.0
2030,sc01,01-06 18:00:00+01:00,bus011,0.0
2030,sc01,01-06 18:00:00+01:00,bus055,0.0
2030,sc01,01-06 18:00:00+01:00,bus083,0.0
2030,sc01,01-06 18:00:00+01:00,bus081,0.0
2030,sc01,01-06 18:00:00+01:00,bus022,0.0
2030,sc01,01-06 18:00:00+01:00,bus071,0.0
2030,sc01,01-06 18:00:00+01:00,bus074,0.0
2030,sc01,01-06 18:00:00+01:00,bus040,0.0
2030,sc01,01-06 18:00:00+01:00,bus099,0.0
2030,sc01,01-06 18:00:00+01:00,bus030,0.0
2030,sc01,01-06 18:00:00+01:00,bus098,0.0
2030,sc01,01-06 18:00:00+01:00,bus053,0.0
2030,sc01,01-06 18:00:00+01:00,bus085,0.0
2030,sc01,01-06 18:00:00+01:00,bus101,0.0
2030,sc01,01-06 18:00:00+01:00,bus018,0.0
2030,sc01,01-06 18:00:00+01:00,bus023,0.0
2030,sc01,01-06 18:00:00+01:00,bus088,0.0
2030,sc01,01-06 18:00:00+01:00,bus116,0.0
2030,sc01,01-06 18:00:00+01:00,bus103,0.0
2030,sc01,01-06 18:00:00+01:00,bus008,0.0
2030,sc01,01-06 18:00:00+01:00,bus105,0.0
2030,sc01,01-06 18:00:00+01:00,bus060,0.0
2030,sc01,01-06 18:00:00+01:00,bus016,0.0
2030,sc01,01-06 18:00:00+01:00,bus082,0.0
2030,sc01,01-06 18:00:00+01:00,bus047,0.0
2030,sc01,01-06 18:00:00+01:00,bus019,0.0
2030,sc01,01-06 18:00:00+01:00,bus037,0.0
2030,sc01,01-06 18:00:00+01:00,bus006,0.0
2030,sc01,01-06 18:00:00+01:00,bus080,0.0
2030,sc01,01-06 18:00:00+01:00,bus031,0.0
2030,sc01,01-06 18:00:00+01:00,bus048,0.0
2030,sc01,01-06 18:00:00+01:00,bus107,0.0
2030,sc01,01-06 18:00:00+01:00,bus049,0.0
2030,sc01,01-06 18:00:00+01:00,bus104,0.0
2030,sc01,01-06 18:00:00+01:00,bus100,0.0
2030,sc01,01-06 18:00:00+01:00,bus072,0.0
2030,sc01,01-06 18:00:00+01:00,bus039,0.0
2030,sc01,01-06 18:00:00+01:00,bus012,0.0
2030,sc01,01-06 18:00:00+01:00,bus114,0.0
2030,sc01,01-06 18:00:00+01:00,bus112,0.0
2030,sc01,01-06 18:00:00+01:00,bus058,0.0
2030,sc01,01-06 18:00:00+01:00,bus089,0.0
2030,sc01,01-06 18:00:00+01:00,bus051,0.0
2030,sc01,01-06 18:00:00+01:00,bus056,0.0
2030,sc01,01-06 18:00:00+01:00,bus092,0.0
2030,sc01,01-06 18:00:00+01:00,bus036,0.0
2030,sc01,01-06 18:00:00+01:00,bus094,0.0
2030,sc01,01-06 18:00:00+01:00,bus095,0.0
2030,sc01,01-06 18:00:00+01:00,bus113,0.0
2030,sc01,01-06 18:00:00+01:00,bus024,0.0
2030,sc01,01-06 18:00:00+01:00,bus078,0.0
2030,sc01,01-06 18:00:00+01:00,bus033,0.0
2030,sc01,01-06 18:00:00+01:00,bus079,0.0
2030,sc01,01-06 18:00:00+01:00,bus061,0.0
2030,sc01,01-06 18:00:00+01:00,bus118,0.0
2030,sc01,01-06 18:00:00+01:00,bus003,0.0
2030,sc01,01-06 18:00:00+01:00,bus070,0.0
2030,sc01,01-06 18:00:00+01:00,bus004,0.0
2030,sc01,01-06 18:00:00+01:00,bus021,0.0
2030,sc01,01-06 18:00:00+01:00,bus068,0.0
2030,sc01,01-06 18:00:00+01:00,bus028,0.0
2030,sc01,01-06 18:00:00+01:00,bus034,0.0
2030,sc01,01-06 18:00:00+01:00,bus075,0.0
2030,sc01,01-06 18:00:00+01:00,bus064,0.0
2030,sc01,01-06 18:00:00+01:00,bus106,0.0
2030,sc01,01-06 18:00:00+01:00,bus076,0.0
2030,sc01,01-06 18:00:00+01:00,bus046,0.0
2030,sc01,01-06 18:00:00+01:00,bus007,0.0
2030,sc01,01-06 18:00:00+01:00,bus035,0.0
2030,sc01,01-06 18:00:00+01:00,bus117,0.0
2030,sc01,01-06 18:00:00+01:00,bus041,0.0
2030,sc01,01-06 18:00:00+01:00,bus102,0.0
2030,sc01,01-06 18:00:00+01:00,bus026,0.0
2030,sc01,01-06 18:00:00+01:00,bus077,0.0
2030,sc01,01-06 18:00:00+01:00,bus044,0.0
2030,sc01,01-06 18:00:00+01:00,bus091,0.0
2030,sc01,01-06 18:00:00+01:00,bus062,0.0
2030,sc01,01-07 14:00:00+01:00,bus093,0.0
2030,sc01,01-07 14:00:00+01:00,bus097,0.0
2030,sc01,01-07 14:00:00+01:00,bus110,0.0
2030,sc01,01-07 14:00:00+01:00,bus042,0.0
2030,sc01,01-07 14:00:00+01:00,bus066,0.0
2030,sc01,01-07 14:00:00+01:00,bus059,0.0
2030,sc01,01-07 14:00:00+01:00,bus057,0.0
2030,sc01,01-07 14:00:00+01:00,bus067,0.0
2030,sc01,01-07 14:00:00+01:00,bus069,0.0
2030,sc01,01-07 14:00:00+01:00,bus014,0.0
2030,sc01,01-07 14:00:00+01:00,bus090,0.0
2030,sc01,01-07 14:00:00+01:00,bus002,0.0
2030,sc01,01-07 14:00:00+01:00,bus005,0.0
2030,sc01,01-07 14:00:00+01:00,bus109,0.0
2030,sc01,01-07 14:00:00+01:00,bus020,0.0
2030,sc01,01-07 14:00:00+01:00,bus065,0.0
2030,sc01,01-07 14:00:00+01:00,bus001,0.0
2030,sc01,01-07 14:00:00+01:00,bus017,0.0
2030,sc01,01-07 14:00:00+01:00,bus015,0.0
2030,sc01,01-07 14:00:00+01:00,bus054,0.0
2030,sc01,01-07 14:00:00+01:00,bus086,0.0
2030,sc01,01-07 14:00:00+01:00,bus032,0.0
2030,sc01,01-07 14:00:00+01:00,bus038,0.0
2030,sc01,01-07 14:00:00+01:00,bus108,0.0
2030,sc01,01-07 14:00:00+01:00,bus087,0.0
2030,sc01,01-07 14:00:00+01:00,bus027,0.0
2030,sc01,01-07 14:00:00+01:00,bus111,0.0
2030,sc01,01-07 14:00:00+01:00,bus025,0.0
2030,sc01,01-07 14:00:00+01:00,bus029,0.0
2030,sc01,01-07 14:00:00+01:00,bus009,0.0
2030,sc01,01-07 14:00:00+01:00,bus043,0.0
2030,sc01,01-07 14:00:00+01:00,bus045,0.0
2030,sc01,01-07 14:00:00+01:00,bus084,0.0
2030,sc01,01-07 14:00:00+01:00,bus013,0.0
2030,sc01,01-07 14:00:00+01:00,bus063,0.0
2030,sc01,01-07 14:00:00+01:00,bus115,0.0
2030,sc01,01-07 14:00:00+01:00,bus010,0.0
2030,sc01,01-07 14:00:00+01:00,bus073,0.0
2030,sc01,01-07 14:00:00+01:00,bus052,0.0
2030,sc01,01-07 14:00:00+01:00,bus096,0.0
2030,sc01,01-07 14:00:00+01:00,bus050,0.0
2030,sc01,01-07 14:00:00+01:00,bus011,0.0
2030,sc01,01-07 14:00:00+01:00,bus055,0.0
2030,sc01,01-07 14:00:00+01:00,bus083,0.0
2030,sc01,01-07 14:00:00+01:00,bus081,0.0
2030,sc01,01-07 14:00:00+01:00,bus022,0.0
2030,sc01,01-07 14:00:00+01:00,bus071,0.0
2030,sc01,01-07 14:00:00+01:00,bus074,0.0
2030,sc01,01-07 14:00:00+01:00,bus040,0.0
2030,sc01,01-07 14:00:00+01:00,bus099,0.0
2030,sc01,01-07 14:00:00+01:00,bus030,0.0
2030,sc01,01-07 14:00:00+01:00,bus098,0.0
2030,sc01,01-07 14:00:00+01:00,bus053,0.0
2030,sc01,01-07 14:00:00+01:00,bus085,0.0
2030,sc01,01-07 14:00:00+01:00,bus101,0.0
2030,sc01,01-07 14:00:00+01:00,bus018,0.0
2030,sc01,01-07 14:00:00+01:00,bus023,0.0
2030,sc01,01-07 14:00:00+01:00,bus088,0.0
2030,sc01,01-07 14:00:00+01:00,bus116,0.0
2030,sc01,01-07 14:00:00+01:00,bus103,0.0
2030,sc01,01-07 14:00:00+01:00,bus008,0.0
2030,sc01,01-07 14:00:00+01:00,bus105,0.0
2030,sc01,01-07 14:00:00+01:00,bus060,0.0
2030,sc01,01-07 14:00:00+01:00,bus016,0.0
2030,sc01,01-07 14:00:00+01:00,bus082,0.0
2030,sc01,01-07 14:00:00+01:00,bus047,0.0
2030,sc01,01-07 14:00:00+01:00,bus019,0.0
2030,sc01,01-07 14:00:00+01:00,bus037,0.0
2030,sc01,01-07 14:00:00+01:00,bus006,0.0
2030,sc01,01-07 14:00:00+01:00,bus080,0.0
2030,sc01,01-07 14:00:00+01:00,bus031,0.0
2030,sc01,01-07 14:00:00+01:00,bus048,0.0
2030,sc01,01-07 14:00:00+01:00,bus107,0.0
2030,sc01,01-07 14:00:00+01:00,bus049,0.0
2030,sc01,01-07 14:00:00+01:00,bus104,0.0
2030,sc01,01-07 14:00:00+01:00,bus100,0.0
2030,sc01,01-07 14:00:00+01:00,bus072,0.0
2030,sc01,01-07 14:00:00+01:00,bus039,0.0
2030,sc01,01-07 14:00:00+01:00,bus012,0.0
2030,sc01,01-07 14:00:00+01:00,bus114,0.0
2030,sc01,01-07 14:00:00+01:00,bus112,0.0
2030,sc01,01-07 14:00:00+01:00,bus058,0.0
2030,sc01,01-07 14:00:00+01:00,bus089,0.0
2030,sc01,01-07 14:00:00+01:00,bus051,0.0
2030,sc01,01-07 14:00:00+01:00,bus056,0.0
2030,sc01,01-07 14:00:00+01:00,bus092,0.0
2030,sc01,01-07 14:00:00+01:00,bus036,0.0
2030,sc01,01-07 14:00:00+01:00,bus094,0.0
2030,sc01,01-07 14:00:00+01:00,bus095,0.0
2030,sc01,01-07 14:00:00+01:00,bus113,0.0
2030,sc01,01-07 14:00:00+01:00,bus024,0.0
2030,sc01,01-07 14:00:00+01:00,bus078,0.0
2030,sc01,01-07 14:00:00+01:00,bus033,0.0
2030,sc01,01-07 14:00:00+01:00,bus079,0.0
2030,sc01,01-07 14:00:00+01:00,bus061,0.0
2030,sc01,01-07 14:00:00+01:00,bus118,0.0
2030,sc01,01-07 14:00:00+01:00,bus003,0.0
2030,sc01,01-07 14:00:00+01:00,bus070,0.0
2030,sc01,01-07 14:00:00+01:00,bus004,0.0
2030,sc01,01-07 14:00:00+01:00,bus021,0.0
2030,sc01,01-07 14:00:00+01:00,bus068,0.0
2030,sc01,01-07 14:00:00+01:00,bus028,0.0
2030,sc01,01-07 14:00:00+01:00,bus034,0.0
2030,sc01,01-07 14:00:00+01:00,bus075,0.0
2030,sc01,01-07 14:00:00+01:00,bus064,0.0
2030,sc01,01-07 14:00:00+01:00,bus106,0.0
2030,sc01,01-07 14:00:00+01:00,bus076,0.0
2030,sc01,01-07 14:00:00+01:00,bus046,0.0
2030,sc01,01-07 14:00:00+01:00,bus007,0.0
2030,sc01,01-07 14:00:00+01:00,bus035,0.0
2030,sc01,01-07 14:00:00+01:00,bus117,0.0
2030,sc01,01-07 14:00:00+01:00,bus041,0.0
2030,sc01,01-07 14:00:00+01:00,bus102,0.0
2030,sc01,01-07 14:00:00+01:00,bus026,0.0
2030,sc01,01-07 14:00:00+01:00,bus077,0.0
2030,sc01,01-07 14:00:00+01:00,bus044,0.0
2030,sc01,01-07 14:00:00+01:00,bus091,0.0
2030,sc01,01-07 14:00:00+01:00,bus062,0.0
2030,sc01,01-07 16:00:00+01:00,bus093,0.0
2030,sc01,01-07 16:00:00+01:00,bus097,0.0
2030,sc01,01-07 16:00:00+01:00,bus110,0.0
2030,sc01,01-07 16:00:00+01:00,bus042,0.0
2030,sc01,01-07 16:00:00+01:00,bus066,0.0
2030,sc01,01-07 16:00:00+01:00,bus059,0.0
2030,sc01,01-07 16:00:00+01:00,bus057,0.0
2030,sc01,01-07 16:00:00+01:00,bus067,0.0
2030,sc01,01-07 16:00:00+01:00,bus069,0.0
2030,sc01,01-07 16:00:00+01:00,bus014,0.0
2030,sc01,01-07 16:00:00+01:00,bus090,0.0
2030,sc01,01-07 16:00:00+01:00,bus002,0.0
2030,sc01,01-07 16:00:00+01:00,bus005,0.0
2030,sc01,01-07 16:00:00+01:00,bus109,0.0
2030,sc01,01-07 16:00:00+01:00,bus020,0.0
2030,sc01,01-07 16:00:00+01:00,bus065,0.0
2030,sc01,01-07 16:00:00+01:00,bus001,0.0
2030,sc01,01-07 16:00:00+01:00,bus017,0.0
2030,sc01,01-07 16:00:00+01:00,bus015,0.0
2030,sc01,01-07 16:00:00+01:00,bus054,0.0
2030,sc01,01-07 16:00:00+01:00,bus086,0.0
2030,sc01,01-07 16:00:00+01:00,bus032,0.0
2030,sc01,01-07 16:00:00+01:00,bus038,0.0
2030,sc01,01-07 16:00:00+01:00,bus108,0.0
2030,sc01,01-07 16:00:00+01:00,bus087,0.0
2030,sc01,01-07 16:00:00+01:00,bus027,0.0
2030,sc01,01-07 16:00:00+01:00,bus111,0.0
2030,sc01,01-07 16:00:00+01:00,bus025,0.0
2030,sc01,01-07 16:00:00+01:00,bus029,0.0
2030,sc01,01-07 16:00:00+01:00,bus009,0.0
2030,sc01,01-07 16:00:00+01:00,bus043,0.0
2030,sc01,01-07 16:00:00+01:00,bus045,0.0
2030,sc01,01-07 16:00:00+01:00,bus084,0.0
2030,sc01,01-07 16:00:00+01:00,bus013,0.0
2030,sc01,01-07 16:00:00+01:00,bus063,0.0
2030,sc01,01-07 16:00:00+01:00,bus115,0.0
2030,sc01,01-07 16:00:00+01:00,bus010,0.0
2030,sc01,01-07 16:00:00+01:00,bus073,0.0
2030,sc01,01-07 16:00:00+01:00,bus052,0.0
2030,sc01,01-07 16:00:00+01:00,bus096,0.0
2030,sc01,01-07 16:00:00+01:00,bus050,0.0
2030,sc01,01-07 16:00:00+01:00,bus011,0.0
2030,sc01,01-07 16:00:00+01:00,bus055,0.0
2030,sc01,01-07 16:00:00+01:00,bus083,0.0
2030,sc01,01-07 16:00:00+01:00,bus081,0.0
2030,sc01,01-07 16:00:00+01:00,bus022,0.0
2030,sc01,01-07 16:00:00+01:00,bus071,0.0
2030,sc01,01-07 16:00:00+01:00,bus074,0.0
2030,sc01,01-07 16:00:00+01:00,bus040,0.0
2030,sc01,01-07 16:00:00+01:00,bus099,0.0
2030,sc01,01-07 16:00:00+01:00,bus030,0.0
2030,sc01,01-07 16:00:00+01:00,bus098,0.0
2030,sc01,01-07 16:00:00+01:00,bus053,0.0
2030,sc01,01-07 16:00:00+01:00,bus085,0.0
2030,sc01,01-07 16:00:00+01:00,bus101,0.0
2030,sc01,01-07 16:00:00+01:00,bus018,0.0
2030,sc01,01-07 16:00:00+01:00,bus023,0.0
2030,sc01,01-07 16:00:00+01:00,bus088,0.0
2030,sc01,01-07 16:00:00+01:00,bus116,0.0
2030,sc01,01-07 16:00:00+01:00,bus103,0.0
2030,sc01,01-07 16:00:00+01:00,bus008,0.0
2030,sc01,01-07 16:00:00+01:00,bus105,0.0
2030,sc01,01-07 16:00:00+01:00,bus060,0.0
2030,sc01,01-07 16:00:00+01:00,bus016,0.0
2030,sc01,01-07 16:00:00+01:00,bus082,0.0
2030,sc01,01-07 16:00:00+01:00,bus047,0.0
2030,sc01,01-07 16:00:00+01:00,bus019,0.0
2030,sc01,01-07 16:00:00+01:00,bus037,0.0
2030,sc01,01-07 16:00:00+01:00,bus006,0.0
2030,sc01,01-07 16:00:00+01:00,bus080,0.0
2030,sc01,01-07 16:00:00+01:00,bus031,0.0
2030,sc01,01-07 16:00:00+01:00,bus048,0.0
2030,sc01,01-07 16:00:00+01:00,bus107,0.0
2030,sc01,01-07 16:00:00+01:00,bus049,0.0
2030,sc01,01-07 16:00:00+01:00,bus104,0.0
2030,sc01,01-07 16:00:00+01:00,bus100,0.0
2030,sc01,01-07 16:00:00+01:00,bus072,0.0
2030,sc01,01-07 16:00:00+01:00,bus039,0.0
2030,sc01,01-07 16:00:00+01:00,bus012,0.0
2030,sc01,01-07 16:00:00+01:00,bus114,0.0
2030,sc01,01-07 16:00:00+01:00,bus112,0.0
2030,sc01,01-07 16:00:00+01:00,bus058,0.0
2030,sc01,01-07 16:00:00+01:00,bus089,0.0
2030,sc01,01-07 16:00:00+01:00,bus051,0.0
2030,sc01,01-07 16:00:00+01:00,bus056,0.0
2030,sc01,01-07 16:00:00+01:00,bus092,0.0
2030,sc01,01-07 16:00:00+01:00,bus036,0.0
2030,sc01,01-07 16:00:00+01:00,bus094,0.0
2030,sc01,01-07 16:00:00+01:00,bus095,0.0
2030,sc01,01-07 16:00:00+01:00,bus113,0.0
2030,sc01,01-07 16:00:00+01:00,bus024,0.0
2030,sc01,01-07 16:00:00+01:00,bus078,0.0
2030,sc01,01-07 16:00:00+01:00,bus033,0.0
2030,sc01,01-07 16:00:00+01:00,bus079,0.0
2030,sc01,01-07 16:00:00+01:00,bus061,0.0
2030,sc01,01-07 16:00:00+01:00,bus118,0.0
2030,sc01,01-07 16:00:00+01:00,bus003,0.0
2030,sc01,01-07 16:00:00+01:00,bus070,0.0
2030,sc01,01-07 16:00:00+01:00,bus004,0.0
2030,sc01,01-07 16:00:00+01:00,bus021,0.0
2030,sc01,01-07 16:00:00+01:00,bus068,0.0
2030,sc01,01-07 16:00:00+01:00,bus028,0.0
2030,sc01,01-07 16:00:00+01:00,bus034,0.0
2030,sc01,01-07 16:00:00+01:00,bus075,0.0
2030,sc01,01-07 16:00:00+01:00,bus064,0.0
2030,sc01,01-07 16:00:00+01:00,bus106,0.0
2030,sc01,01-07 16:00:00+01:00,bus076,0.0
2030,sc01,01-07 16:00:00+01:00,bus046,0.0
2030,sc01,01-07 16:00:00+01:00,bus007,0.0
2030,sc01,01-07 16:00:00+01:00,bus035,0.0
2030,sc01,01-07 16:00:00+01:00,bus117,0.0
2030,sc01,01-07 16:00:00+01:00,bus041,0.0
2030,sc01,01-07 16:00:00+01:00,bus102,0.0
2030,sc01,01-07 16:00:00+01:00,bus026,0.0
2030,sc01,01-07 16:00:00+01:00,bus077,0.0
2030,sc01,01-07 16:00:00+01:00,bus044,0.0
2030,sc01,01-07 16:00:00+01:00,bus091,0.0
2030,sc01,01-07 16:00:00+01:00,bus062,0.0
2030,sc01,01-08 01:00:00+01:00,bus093,0.0
2030,sc01,01-08 01:00:00+01:00,bus097,0.0
2030,sc01,01-08 01:00:00+01:00,bus110,0.0
2030,sc01,01-08 01:00:00+01:00,bus042,0.0
2030,sc01,01-08 01:00:00+01:00,bus066,0.0
2030,sc01,01-08 01:00:00+01:00,bus059,0.0
2030,sc01,01-08 01:00:00+01:00,bus057,0.0
2030,sc01,01-08 01:00:00+01:00,bus067,0.0
2030,sc01,01-08 01:00:00+01:00,bus069,0.0
2030,sc01,01-08 01:00:00+01:00,bus014,0.0
2030,sc01,01-08 01:00:00+01:00,bus090,0.0
2030,sc01,01-08 01:00:00+01:00,bus002,0.0
2030,sc01,01-08 01:00:00+01:00,bus005,0.0
2030,sc01,01-08 01:00:00+01:00,bus109,0.0
2030,sc01,01-08 01:00:00+01:00,bus020,0.0
2030,sc01,01-08 01:00:00+01:00,bus065,0.0
2030,sc01,01-08 01:00:00+01:00,bus001,0.0
2030,sc01,01-08 01:00:00+01:00,bus017,0.0
2030,sc01,01-08 01:00:00+01:00,bus015,0.0
2030,sc01,01-08 01:00:00+01:00,bus054,0.0
2030,sc01,01-08 01:00:00+01:00,bus086,0.0
2030,sc01,01-08 01:00:00+01:00,bus032,0.0
2030,sc01,01-08 01:00:00+01:00,bus038,0.0
2030,sc01,01-08 01:00:00+01:00,bus108,0.0
2030,sc01,01-08 01:00:00+01:00,bus087,0.0
2030,sc01,01-08 01:00:00+01:00,bus027,0.0
2030,sc01,01-08 01:00:00+01:00,bus111,0.0
2030,sc01,01-08 01:00:00+01:00,bus025,0.0
2030,sc01,01-08 01:00:00+01:00,bus029,0.0
2030,sc01,01-08 01:00:00+01:00,bus009,0.0
2030,sc01,01-08 01:00:00+01:00,bus043,0.0
2030,sc01,01-08 01:00:00+01:00,bus045,0.0
2030,sc01,01-08 01:00:00+01:00,bus084,0.0
2030,sc01,01-08 01:00:00+01:00,bus013,0.0
2030,sc01,01-08 01:00:00+01:00,bus063,0.0
2030,sc01,01-08 01:00:00+01:00,bus115,0.0
2030,sc01,01-08 01:00:00+01:00,bus010,0.0
2030,sc01,01-08 01:00:00+01:00,bus073,0.0
2030,sc01,01-08 01:00:00+01:00,bus052,0.0
2030,sc01,01-08 01:00:00+01:00,bus096,0.0
2030,sc01,01-08 01:00:00+01:00,bus050,0.0
2030,sc01,01-08 01:00:00+01:00,bus011,0.0
2030,sc01,01-08 01:00:00+01:00,bus055,0.0
2030,sc01,01-08 01:00:00+01:00,bus083,0.0
2030,sc01,01-08 01:00:00+01:00,bus081,0.0
2030,sc01,01-08 01:00:00+01:00,bus022,0.0
2030,sc01,01-08 01:00:00+01:00,bus071,0.0
2030,sc01,01-08 01:00:00+01:00,bus074,0.0
2030,sc01,01-08 01:00:00+01:00,bus040,0.0
2030,sc01,01-08 01:00:00+01:00,bus099,0.0
2030,sc01,01-08 01:00:00+01:00,bus030,0.0
2030,sc01,01-08 01:00:00+01:00,bus098,0.0
2030,sc01,01-08 01:00:00+01:00,bus053,0.0
2030,sc01,01-08 01:00:00+01:00,bus085,0.0
2030,sc01,01-08 01:00:00+01:00,bus101,0.0
2030,sc01,01-08 01:00:00+01:00,bus018,0.0
2030,sc01,01-08 01:00:00+01:00,bus023,0.0
2030,sc01,01-08 01:00:00+01:00,bus088,0.0
2030,sc01,01-08 01:00:00+01:00,bus116,0.0
2030,sc01,01-08 01:00:00+01:00,bus103,0.0
2030,sc01,01-08 01:00:00+01:00,bus008,0.0
2030,sc01,01-08 01:00:00+01:00,bus105,0.0
2030,sc01,01-08 01:00:00+01:00,bus060,0.0
2030,sc01,01-08 01:00:00+01:00,bus016,0.0
2030,sc01,01-08 01:00:00+01:00,bus082,0.0
2030,sc01,01-08 01:00:00+01:00,bus047,0.0
2030,sc01,01-08 01:00:00+01:00,bus019,0.0
2030,sc01,01-08 01:00:00+01:00,bus037,0.0
2030,sc01,01-08 01:00:00+01:00,bus006,0.0
2030,sc01,01-08 01:00:00+01:00,bus080,0.0
2030,sc01,01-08 01:00:00+01:00,bus031,0.0
2030,sc01,01-08 01:00:00+01:00,bus048,0.0
2030,sc01,01-08 01:00:00+01:00,bus107,0.0
2030,sc01,01-08 01:00:00+01:00,bus049,0.0
2030,sc01,01-08 01:00:00+01:00,bus104,0.0
2030,sc01,01-08 01:00:00+01:00,bus100,0.0
2030,sc01,01-08 01:00:00+01:00,bus072,0.0
2030,sc01,01-08 01:00:00+01:00,bus039,0.0
2030,sc01,01-08 01:00:00+01:00,bus012,0.0
2030,sc01,01-08 01:00:00+01:00,bus114,0.0
2030,sc01,01-08 01:00:00+01:00,bus112,0.0
2030,sc01,01-08 01:00:00+01:00,bus058,0.0
2030,sc01,01-08 01:00:00+01:00,bus089,0.0
2030,sc01,01-08 01:00:00+01:00,bus051,0.0
2030,sc01,01-08 01:00:00+01:00,bus056,0.0
2030,sc01,01-08 01:00:00+01:00,bus092,0.0
2030,sc01,01-08 01:00:00+01:00,bus036,0.0
2030,sc01,01-08 01:00:00+01:00,bus094,0.0
2030,sc01,01-08 01:00:00+01:00,bus095,0.0
2030,sc01,01-08 01:00:00+01:00,bus113,0.0
2030,sc01,01-08 01:00:00+01:00,bus024,0.0
2030,sc01,01-08 01:00:00+01:00,bus078,0.0
2030,sc01,01-08 01:00:00+01:00,bus033,0.0
2030,sc01,01-08 01:00:00+01:00,bus079,0.0
2030,sc01,01-08 01:00:00+01:00,bus061,0.0
2030,sc01,01-08 01:00:00+01:00,bus118,0.0
2030,sc01,01-08 01:00:00+01:00,bus003,0.0
2030,sc01,01-08 01:00:00+01:00,bus070,0.0
2030,sc01,01-08 01:00:00+01:00,bus004,0.0
2030,sc01,01-08 01:00:00+01:00,bus021,0.0
2030,sc01,01-08 01:00:00+01:00,bus068,0.0
2030,sc01,01-08 01:00:00+01:00,bus028,0.0
2030,sc01,01-08 01:00:00+01:00,bus034,0.0
2030,sc01,01-08 01:00:00+01:00,bus075,0.0
2030,sc01,01-08 01:00:00+01:00,bus064,0.0
2030,sc01,01-08 01:00:00+01:00,bus106,0.0
2030,sc01,01-08 01:00:00+01:00,bus076,0.0
2030,sc01,01-08 01:00:00+01:00,bus046,0.0
2030,sc01,01-08 01:00:00+01:00,bus007,0.0
2030,sc01,01-08 01:00:00+01:00,bus035,0.0
2030,sc01,01-08 01:00:00+01:00,bus117,0.0
2030,sc01,01-08 01:00:00+01:00,bus041,0.0
2030,sc01,01-08 01:00:00+01:00,bus102,0.0
2030,sc01,01-08 01:00:00+01:00,bus026,0.0
2030,sc01,01-08 01:00:00+01:00,bus077,0.0
2030,sc01,01-08 01:00:00+01:00,bus044,0.0
2030,sc01,01-08 01:00:00+01:00,bus091,0.0
2030,sc01,01-08 01:00:00+01:00,bus062,0.0
2030,sc01,01-08 02:00:00+01:00,bus093,0.0
2030,sc01,01-08 02:00:00+01:00,bus097,0.0
2030,sc01,01-08 02:00:00+01:00,bus110,0.0
2030,sc01,01-08 02:00:00+01:00,bus042,0.0
2030,sc01,01-08 02:00:00+01:00,bus066,0.0
2030,sc01,01-08 02:00:00+01:00,bus059,0.0
2030,sc01,01-08 02:00:00+01:00,bus057,0.0
2030,sc01,01-08 02:00:00+01:00,bus067,0.0
2030,sc01,01-08 02:00:00+01:00,bus069,0.0
2030,sc01,01-08 02:00:00+01:00,bus014,0.0
2030,sc01,01-08 02:00:00+01:00,bus090,0.0
2030,sc01,01-08 02:00:00+01:00,bus002,0.0
2030,sc01,01-08 02:00:00+01:00,bus005,0.0
2030,sc01,01-08 02:00:00+01:00,bus109,0.0
2030,sc01,01-08 02:00:00+01:00,bus020,0.0
2030,sc01,01-08 02:00:00+01:00,bus065,0.0
2030,sc01,01-08 02:00:00+01:00,bus001,0.0
2030,sc01,01-08 02:00:00+01:00,bus017,0.0
2030,sc01,01-08 02:00:00+01:00,bus015,0.0
2030,sc01,01-08 02:00:00+01:00,bus054,0.0
2030,sc01,01-08 02:00:00+01:00,bus086,0.0
2030,sc01,01-08 02:00:00+01:00,bus032,0.0
2030,sc01,01-08 02:00:00+01:00,bus038,0.0
2030,sc01,01-08 02:00:00+01:00,bus108,0.0
2030,sc01,01-08 02:00:00+01:00,bus087,0.0
2030,sc01,01-08 02:00:00+01:00,bus027,0.0
2030,sc01,01-08 02:00:00+01:00,bus111,0.0
2030,sc01,01-08 02:00:00+01:00,bus025,0.0
2030,sc01,01-08 02:00:00+01:00,bus029,0.0
2030,sc01,01-08 02:00:00+01:00,bus009,0.0
2030,sc01,01-08 02:00:00+01:00,bus043,0.0
2030,sc01,01-08 02:00:00+01:00,bus045,0.0
2030,sc01,01-08 02:00:00+01:00,bus084,0.0
2030,sc01,01-08 02:00:00+01:00,bus013,0.0
2030,sc01,01-08 02:00:00+01:00,bus063,0.0
2030,sc01,01-08 02:00:00+01:00,bus115,0.0
2030,sc01,01-08 02:00:00+01:00,bus010,0.0
2030,sc01,01-08 02:00:00+01:00,bus073,0.0
2030,sc01,01-08 02:00:00+01:00,bus052,0.0
2030,sc01,01-08 02:00:00+01:00,bus096,0.0
2030,sc01,01-08 02:00:00+01:00,bus050,0.0
2030,sc01,01-08 02:00:00+01:00,bus011,0.0
2030,sc01,01-08 02:00:00+01:00,bus055,0.0
2030,sc01,01-08 02:00:00+01:00,bus083,0.0
2030,sc01,01-08 02:00:00+01:00,bus081,0.0
2030,sc01,01-08 02:00:00+01:00,bus022,0.0
2030,sc01,01-08 02:00:00+01:00,bus071,0.0
2030,sc01,01-08 02:00:00+01:00,bus074,0.0
2030,sc01,01-08 02:00:00+01:00,bus040,0.0
2030,sc01,01-08 02:00:00+01:00,bus099,0.0
2030,sc01,01-08 02:00:00+01:00,bus030,0.0
2030,sc01,01-08 02:00:00+01:00,bus098,0.0
2030,sc01,01-08 02:00:00+01:00,bus053,0.0
2030,sc01,01-08 02:00:00+01:00,bus085,0.0
2030,sc01,01-08 02:00:00+01:00,bus101,0.0
2030,sc01,01-08 02:00:00+01:00,bus018,0.0
2030,sc01,01-08 02:00:00+01:00,bus023,0.0
2030,sc01,01-08 02:00:00+01:00,bus088,0.0
2030,sc01,01-08 02:00:00+01:00,bus116,0.0
2030,sc01,01-08 02:00:00+01:00,bus103,0.0
2030,sc01,01-08 02:00:00+01:00,bus008,0.0
2030,sc01,01-08 02:00:00+01:00,bus105,0.0
2030,sc01,01-08 02:00:00+01:00,bus060,0.0
2030,sc01,01-08 02:00:00+01:00,bus016,0.0
2030,sc01,01-08 02:00:00+01:00,bus082,0.0
2030,sc01,01-08 02:00:00+01:00,bus047,0.0
2030,sc01,01-08 02:00:00+01:00,bus019,0.0
2030,sc01,01-08 02:00:00+01:00,bus037,0.0
2030,sc01,01-08 02:00:00+01:00,bus006,0.0
2030,sc01,01-08 02:00:00+01:00,bus080,0.0
2030,sc01,01-08 02:00:00+01:00,bus031,0.0
2030,sc01,01-08 02:00:00+01:00,bus048,0.0
2030,sc01,01-08 02:00:00+01:00,bus107,0.0
2030,sc01,01-08 02:00:00+01:00,bus049,0.0
2030,sc01,01-08 02:00:00+01:00,bus104,0.0
2030,sc01,01-08 02:00:00+01:00,bus100,0.0
2030,sc01,01-08 02:00:00+01:00,bus072,0.0
2030,sc01,01-08 02:00:00+01:00,bus039,0.0
2030,sc01,01-08 02:00:00+01:00,bus012,0.0
2030,sc01,01-08 02:00:00+01:00,bus114,0.0
2030,sc01,01-08 02:00:00+01:00,bus112,0.0
2030,sc01,01-08 02:00:00+01:00,bus058,0.0
2030,sc01,01-08 02:00:00+01:00,bus089,0.0
2030,sc01,01-08 02:00:00+01:00,bus051,0.0
2030,sc01,01-08 02:00:00+01:00,bus056,0.0
2030,sc01,01-08 02:00:00+01:00,bus092,0.0
2030,sc01,01-08 02:00:00+01:00,bus036,0.0
2030,sc01,01-08 02:00:00+01:00,bus094,0.0
2030,sc01,01-08 02:00:00+01:00,bus095,0.0
2030,sc01,01-08 02:00:00+01:00,bus113,0.0
2030,sc01,01-08 02:00:00+01:00,bus024,0.0
2030,sc01,01-08 02:00:00+01:00,bus078,0.0
2030,sc01,01-08 02:00:00+01:00,bus033,0.0
2030,sc01,01-08 02:00:00+01:00,bus079,0.0
2030,sc01,01-08 02:00:00+01:00,bus061,0.0
2030,sc01,01-08 02:00:00+01:00,bus118,0.0
2030,sc01,01-08 02:00:00+01:00,bus003,0.0
2030,sc01,01-08 02:00:00+01:00,bus070,0.0
2030,sc01,01-08 02:00:00+01:00,bus004,0.0
2030,sc01,01-08 02:00:00+01:00,bus021,0.0
2030,sc01,01-08 02:00:00+01:00,bus068,0.0
2030,sc01,01-08 02:00:00+01:00,bus028,0.0
2030,sc01,01-08 02:00:00+01:00,bus034,0.0
2030,sc01,01-08 02:00:00+01:00,bus075,0.0
2030,sc01,01-08 02:00:00+01:00,bus064,0.0
2030,sc01,01-08 02:00:00+01:00,bus106,0.0
2030,sc01,01-08 02:00:00+01:00,bus076,0.0
2030,sc01,01-08 02:00:00+01:00,bus046,0.0
2030,sc01,01-08 02:00:00+01:00,bus007,0.0
2030,sc01,01-08 02:00:00+01:00,bus035,0.0
2030,sc01,01-08 02:00:00+01:00,bus117,0.0
2030,sc01,01-08 02:00:00+01:00,bus041,0.0
2030,sc01,01-08 02:00:00+01:00,bus102,0.0
2030,sc01,01-08 02:00:00+01:00,bus026,0.0
2030,sc01,01-08 02:00:00+01:00,bus077,0.0
2030,sc01,01-08 02:00:00+01:00,bus044,0.0
2030,sc01,01-08 02:00:00+01:00,bus091,0.0
2030,sc01,01-08 02:00:00+01:00,bus062,0.0
2030,sc01,01-08 06:00:00+01:00,bus093,0.0
2030,sc01,01-08 06:00:00+01:00,bus097,0.0
2030,sc01,01-08 06:00:00+01:00,bus110,0.0
2030,sc01,01-08 06:00:00+01:00,bus042,0.0
2030,sc01,01-08 06:00:00+01:00,bus066,0.0
2030,sc01,01-08 06:00:00+01:00,bus059,0.0
2030,sc01,01-08 06:00:00+01:00,bus057,0.0
2030,sc01,01-08 06:00:00+01:00,bus067,0.0
2030,sc01,01-08 06:00:00+01:00,bus069,0.0
2030,sc01,01-08 06:00:00+01:00,bus014,0.0
2030,sc01,01-08 06:00:00+01:00,bus090,0.0
2030,sc01,01-08 06:00:00+01:00,bus002,0.0
2030,sc01,01-08 06:00:00+01:00,bus005,0.0
2030,sc01,01-08 06:00:00+01:00,bus109,0.0
2030,sc01,01-08 06:00:00+01:00,bus020,0.0
2030,sc01,01-08 06:00:00+01:00,bus065,0.0
2030,sc01,01-08 06:00:00+01:00,bus001,0.0
2030,sc01,01-08 06:00:00+01:00,bus017,0.0
2030,sc01,01-08 06:00:00+01:00,bus015,0.0
2030,sc01,01-08 06:00:00+01:00,bus054,0.0
2030,sc01,01-08 06:00:00+01:00,bus086,0.0
2030,sc01,01-08 06:00:00+01:00,bus032,0.0
2030,sc01,01-08 06:00:00+01:00,bus038,0.0
2030,sc01,01-08 06:00:00+01:00,bus108,0.0
2030,sc01,01-08 06:00:00+01:00,bus087,0.0
2030,sc01,01-08 06:00:00+01:00,bus027,0.0
2030,sc01,01-08 06:00:00+01:00,bus111,0.0
2030,sc01,01-08 06:00:00+01:00,bus025,0.0
2030,sc01,01-08 06:00:00+01:00,bus029,0.0
2030,sc01,01-08 06:00:00+01:00,bus009,0.0
2030,sc01,01-08 06:00:00+01:00,bus043,0.0
2030,sc01,01-08 06:00:00+01:00,bus045,0.0
2030,sc01,01-08 06:00:00+01:00,bus084,0.0
2030,sc01,01-08 06:00:00+01:00,bus013,0.0
2030,sc01,01-08 06:00:00+01:00,bus063,0.0
2030,sc01,01-08 06:00:00+01:00,bus115,0.0
2030,sc01,01-08 06:00:00+01:00,bus010,0.0
2030,sc01,01-08 06:00:00+01:00,bus073,0.0
2030,sc01,01-08 06:00:00+01:00,bus052,0.0
2030,sc01,01-08 06:00:00+01:00,bus096,0.0
2030,sc01,01-08 06:00:00+01:00,bus050,0.0
2030,sc01,01-08 06:00:00+01:00,bus011,0.0
2030,sc01,01-08 06:00:00+01:00,bus055,0.0
2030,sc01,01-08 06:00:00+01:00,bus083,0.0
2030,sc01,01-08 06:00:00+01:00,bus081,0.0
2030,sc01,01-08 06:00:00+01:00,bus022,0.0
2030,sc01,01-08 06:00:00+01:00,bus071,0.0
2030,sc01,01-08 06:00:00+01:00,bus074,0.0
2030,sc01,01-08 06:00:00+01:00,bus040,0.0
2030,sc01,01-08 06:00:00+01:00,bus099,0.0
2030,sc01,01-08 06:00:00+01:00,bus030,0.0
2030,sc01,01-08 06:00:00+01:00,bus098,0.0
2030,sc01,01-08 06:00:00+01:00,bus053,0.0
2030,sc01,01-08 06:00:00+01:00,bus085,0.0
2030,sc01,01-08 06:00:00+01:00,bus101,0.0
2030,sc01,01-08 06:00:00+01:00,bus018,0.0
2030,sc01,01-08 06:00:00+01:00,bus023,0.0
2030,sc01,01-08 06:00:00+01:00,bus088,0.0
2030,sc01,01-08 06:00:00+01:00,bus116,0.0
2030,sc01,01-08 06:00:00+01:00,bus103,0.0
2030,sc01,01-08 06:00:00+01:00,bus008,0.0
2030,sc01,01-08 06:00:00+01:00,bus105,0.0
2030,sc01,01-08 06:00:00+01:00,bus060,0.0
2030,sc01,01-08 06:00:00+01:00,bus016,0.0
2030,sc01,01-08 06:00:00+01:00,bus082,0.0
2030,sc01,01-08 06:00:00+01:00,bus047,0.0
2030,sc01,01-08 06:00:00+01:00,bus019,0.0
2030,sc01,01-08 06:00:00+01:00,bus037,0.0
2030,sc01,01-08 06:00:00+01:00,bus006,0.0
2030,sc01,01-08 06:00:00+01:00,bus080,0.0
2030,sc01,01-08 06:00:00+01:00,bus031,0.0
2030,sc01,01-08 06:00:00+01:00,bus048,0.0
2030,sc01,01-08 06:00:00+01:00,bus107,0.0
2030,sc01,01-08 06:00:00+01:00,bus049,0.0
2030,sc01,01-08 06:00:00+01:00,bus104,0.0
2030,sc01,01-08 06:00:00+01:00,bus100,0.0
2030,sc01,01-08 06:00:00+01:00,bus072,0.0
2030,sc01,01-08 06:00:00+01:00,bus039,0.0
2030,sc01,01-08 06:00:00+01:00,bus012,0.0
2030,sc01,01-08 06:00:00+01:00,bus114,0.0
2030,sc01,01-08 06:00:00+01:00,bus112,0.0
2030,sc01,01-08 06:00:00+01:00,bus058,0.0
2030,sc01,01-08 06:00:00+01:00,bus089,0.0
2030,sc01,01-08 06:00:00+01:00,bus051,0.0
2030,sc01,01-08 06:00:00+01:00,bus056,0.0
2030,sc01,01-08 06:00:00+01:00,bus092,0.0
2030,sc01,01-08 06:00:00+01:00,bus036,0.0
2030,sc01,01-08 06:00:00+01:00,bus094,0.0
2030,sc01,01-08 06:00:00+01:00,bus095,0.0
2030,sc01,01-08 06:00:00+01:00,bus113,0.0
2030,sc01,01-08 06:00:00+01:00,bus024,0.0
2030,sc01,01-08 06:00:00+01:00,bus078,0.0
2030,sc01,01-08 06:00:00+01:00,bus033,0.0
2030,sc01,01-08 06:00:00+01:00,bus079,0.0
2030,sc01,01-08 06:00:00+01:00,bus061,0.0
2030,sc01,01-08 06:00:00+01:00,bus118,0.0
2030,sc01,01-08 06:00:00+01:00,bus003,0.0
2030,sc01,01-08 06:00:00+01:00,bus070,0.0
2030,sc01,01-08 06:00:00+01:00,bus004,0.0
2030,sc01,01-08 06:00:00+01:00,bus021,0.0
2030,sc01,01-08 06:00:00+01:00,bus068,0.0
2030,sc01,01-08 06:00:00+01:00,bus028,0.0
2030,sc01,01-08 06:00:00+01:00,bus034,0.0
2030,sc01,01-08 06:00:00+01:00,bus075,0.0
2030,sc01,01-08 06:00:00+01:00,bus064,0.0
2030,sc01,01-08 06:00:00+01:00,bus106,0.0
2030,sc01,01-08 06:00:00+01:00,bus076,0.0
2030,sc01,01-08 06:00:00+01:00,bus046,0.0
2030,sc01,01-08 06:00:00+01:00,bus007,0.0
2030,sc01,01-08 06:00:00+01:00,bus035,0.0
2030,sc01,01-08 06:00:00+01:00,bus117,0.0
2030,sc01,01-08 06:00:00+01:00,bus041,0.0
2030,sc01,01-08 06:00:00+01:00,bus102,0.0
2030,sc01,01-08 06:00:00+01:00,bus026,0.0
2030,sc01,01-08 06:00:00+01:00,bus077,0.0
2030,sc01,01-08 06:00:00+01:00,bus044,0.0
2030,sc01,01-08 06:00:00+01:00,bus091,0.0
2030,sc01,01-08 06:00:00+01:00,bus062,0.0
2030,sc01,01-10 18:00:00+01:00,bus093,0.0
2030,sc01,01-10 18:00:00+01:00,bus097,0.0
2030,sc01,01-10 18:00:00+01:00,bus110,0.0
2030,sc01,01-10 18:00:00+01:00,bus042,0.0
2030,sc01,01-10 18:00:00+01:00,bus066,0.0
2030,sc01,01-10 18:00:00+01:00,bus059,0.0
2030,sc01,01-10 18:00:00+01:00,bus057,0.0
2030,sc01,01-10 18:00:00+01:00,bus067,0.0
2030,sc01,01-10 18:00:00+01:00,bus069,0.0
2030,sc01,01-10 18:00:00+01:00,bus014,0.0
2030,sc01,01-10 18:00:00+01:00,bus090,0.0
2030,sc01,01-10 18:00:00+01:00,bus002,0.0
2030,sc01,01-10 18:00:00+01:00,bus005,0.0
2030,sc01,01-10 18:00:00+01:00,bus109,0.0
2030,sc01,01-10 18:00:00+01:00,bus020,0.0
2030,sc01,01-10 18:00:00+01:00,bus065,0.0
2030,sc01,01-10 18:00:00+01:00,bus001,0.0
2030,sc01,01-10 18:00:00+01:00,bus017,0.0
2030,sc01,01-10 18:00:00+01:00,bus015,0.0
2030,sc01,01-10 18:00:00+01:00,bus054,0.0
2030,sc01,01-10 18:00:00+01:00,bus086,0.0
2030,sc01,01-10 18:00:00+01:00,bus032,0.0
2030,sc01,01-10 18:00:00+01:00,bus038,0.0
2030,sc01,01-10 18:00:00+01:00,bus108,0.0
2030,sc01,01-10 18:00:00+01:00,bus087,0.0
2030,sc01,01-10 18:00:00+01:00,bus027,0.0
2030,sc01,01-10 18:00:00+01:00,bus111,0.0
2030,sc01,01-10 18:00:00+01:00,bus025,0.0
2030,sc01,01-10 18:00:00+01:00,bus029,0.0
2030,sc01,01-10 18:00:00+01:00,bus009,0.0
2030,sc01,01-10 18:00:00+01:00,bus043,0.0
2030,sc01,01-10 18:00:00+01:00,bus045,0.0
2030,sc01,01-10 18:00:00+01:00,bus084,0.0
2030,sc01,01-10 18:00:00+01:00,bus013,0.0
2030,sc01,01-10 18:00:00+01:00,bus063,0.0
2030,sc01,01-10 18:00:00+01:00,bus115,0.0
2030,sc01,01-10 18:00:00+01:00,bus010,0.0
2030,sc01,01-10 18:00:00+01:00,bus073,0.0
2030,sc01,01-10 18:00:00+01:00,bus052,0.0
2030,sc01,01-10 18:00:00+01:00,bus096,0.0
2030,sc01,01-10 18:00:00+01:00,bus050,0.0
2030,sc01,01-10 18:00:00+01:00,bus011,0.0
2030,sc01,01-10 18:00:00+01:00,bus055,0.0
2030,sc01,01-10 18:00:00+01:00,bus083,0.0
2030,sc01,01-10 18:00:00+01:00,bus081,0.0
2030,sc01,01-10 18:00:00+01:00,bus022,0.0
2030,sc01,01-10 18:00:00+01:00,bus071,0.0
2030,sc01,01-10 18:00:00+01:00,bus074,0.0
2030,sc01,01-10 18:00:00+01:00,bus040,0.0
2030,sc01,01-10 18:00:00+01:00,bus099,0.0
2030,sc01,01-10 18:00:00+01:00,bus030,0.0
2030,sc01,01-10 18:00:00+01:00,bus098,0.0
2030,sc01,01-10 18:00:00+01:00,bus053,0.0
2030,sc01,01-10 18:00:00+01:00,bus085,0.0
2030,sc01,01-10 18:00:00+01:00,bus101,0.0
2030,sc01,01-10 18:00:00+01:00,bus018,0.0
2030,sc01,01-10 18:00:00+01:00,bus023,0.0
2030,sc01,01-10 18:00:00+01:00,bus088,0.0
2030,sc01,01-10 18:00:00+01:00,bus116,0.0
2030,sc01,01-10 18:00:00+01:00,bus103,0.0
2030,sc01,01-10 18:00:00+01:00,bus008,0.0
2030,sc01,01-10 18:00:00+01:00,bus105,0.0
2030,sc01,01-10 18:00:00+01:00,bus060,0.0
2030,sc01,01-10 18:00:00+01:00,bus016,0.0
2030,sc01,01-10 18:00:00+01:00,bus082,0.0
2030,sc01,01-10 18:00:00+01:00,bus047,0.0
2030,sc01,01-10 18:00:00+01:00,bus019,0.0
2030,sc01,01-10 18:00:00+01:00,bus037,0.0
2030,sc01,01-10 18:00:00+01:00,bus006,0.0
2030,sc01,01-10 18:00:00+01:00,bus080,0.0
2030,sc01,01-10 18:00:00+01:00,bus031,0.0
2030,sc01,01-10 18:00:00+01:00,bus048,0.0
2030,sc01,01-10 18:00:00+01:00,bus107,0.0
2030,sc01,01-10 18:00:00+01:00,bus049,0.0
2030,sc01,01-10 18:00:00+01:00,bus104,0.0
2030,sc01,01-10 18:00:00+01:00,bus100,0.0
2030,sc01,01-10 18:00:00+01:00,bus072,0.0
2030,sc01,01-10 18:00:00+01:00,bus039,0.0
2030,sc01,01-10 18:00:00+01:00,bus012,0.0
2030,sc01,01-10 18:00:00+01:00,bus114,0.0
2030,sc01,01-10 18:00:00+01:00,bus112,0.0
2030,sc01,01-10 18:00:00+01:00,bus058,0.0
2030,sc01,01-10 18:00:00+01:00,bus089,0.0
2030,sc01,01-10 18:00:00+01:00,bus051,0.0
2030,sc01,01-10 18:00:00+01:00,bus056,0.0
2030,sc01,01-10 18:00:00+01:00,bus092,0.0
2030,sc01,01-10 18:00:00+01:00,bus036,0.0
2030,sc01,01-10 18:00:00+01:00,bus094,0.0
2030,sc01,01-10 18:00:00+01:00,bus095,0.0
2030,sc01,01-10 18:00:00+01:00,bus113,0.0
2030,sc01,01-10 18:00:00+01:00,bus024,0.0
2030,sc01,01-10 18:00:00+01:00,bus078,0.0
2030,sc01,01-10 18:00:00+01:00,bus033,0.0
2030,sc01,01-10 18:00:00+01:00,bus079,0.0
2030,sc01,01-10 18:00:00+01:00,bus061,0.0
2030,sc01,01-10 18:00:00+01:00,bus118,0.0
2030,sc01,01-10 18:00:00+01:00,bus003,0.0
2030,sc01,01-10 18:00:00+01:00,bus070,0.0
2030,sc01,01-10 18:00:00+01:00,bus004,0.0
2030,sc01,01-10 18:00:00+01:00,bus021,0.0
2030,sc01,01-10 18:00:00+01:00,bus068,0.0
2030,sc01,01-10 18:00:00+01:00,bus028,0.0
2030,sc01,01-10 18:00:00+01:00,bus034,0.0
2030,sc01,01-10 18:00:00+01:00,bus075,0.0
2030,sc01,01-10 18:00:00+01:00,bus064,0.0
2030,sc01,01-10 18:00:00+01:00,bus106,0.0
2030,sc01,01-10 18:00:00+01:00,bus076,0.0
2030,sc01,01-10 18:00:00+01:00,bus046,0.0
2030,sc01,01-10 18:00:00+01:00,bus007,0.0
2030,sc01,01-10 18:00:00+01:00,bus035,0.0
2030,sc01,01-10 18:00:00+01:00,bus117,0.0
2030,sc01,01-10 18:00:00+01:00,bus041,0.0
2030,sc01,01-10 18:00:00+01:00,bus102,0.0
2030,sc01,01-10 18:00:00+01:00,bus026,0.0
2030,sc01,01-10 18:00:00+01:00,bus077,0.0
2030,sc01,01-10 18:00:00+01:00,bus044,0.0
2030,sc01,01-10 18:00:00+01:00,bus091,0.0
2030,sc01,01-10 18:00:00+01:00,bus062,0.0
2030,sc01,01-10 22:00:00+01:00,bus093,0.0
2030,sc01,01-10 22:00:00+01:00,bus097,0.0
2030,sc01,01-10 22:00:00+01:00,bus110,0.0
2030,sc01,01-10 22:00:00+01:00,bus042,0.0
2030,sc01,01-10 22:00:00+01:00,bus066,0.0
2030,sc01,01-10 22:00:00+01:00,bus059,0.0
2030,sc01,01-10 22:00:00+01:00,bus057,0.0
2030,sc01,01-10 22:00:00+01:00,bus067,0.0
2030,sc01,01-10 22:00:00+01:00,bus069,0.0
2030,sc01,01-10 22:00:00+01:00,bus014,0.0
2030,sc01,01-10 22:00:00+01:00,bus090,0.0
2030,sc01,01-10 22:00:00+01:00,bus002,0.0
2030,sc01,01-10 22:00:00+01:00,bus005,0.0
2030,sc01,01-10 22:00:00+01:00,bus109,0.0
2030,sc01,01-10 22:00:00+01:00,bus020,0.0
2030,sc01,01-10 22:00:00+01:00,bus065,0.0
2030,sc01,01-10 22:00:00+01:00,bus001,0.0
2030,sc01,01-10 22:00:00+01:00,bus017,0.0
2030,sc01,01-10 22:00:00+01:00,bus015,0.0
2030,sc01,01-10 22:00:00+01:00,bus054,0.0
2030,sc01,01-10 22:00:00+01:00,bus086,0.0
2030,sc01,01-10 22:00:00+01:00,bus032,0.0
2030,sc01,01-10 22:00:00+01:00,bus038,0.0
2030,sc01,01-10 22:00:00+01:00,bus108,0.0
2030,sc01,01-10 22:00:00+01:00,bus087,0.0
2030,sc01,01-10 22:00:00+01:00,bus027,0.0
2030,sc01,01-10 22:00:00+01:00,bus111,0.0
2030,sc01,01-10 22:00:00+01:00,bus025,0.0
2030,sc01,01-10 22:00:00+01:00,bus029,0.0
2030,sc01,01-10 22:00:00+01:00,bus009,0.0
2030,sc01,01-10 22:00:00+01:00,bus043,0.0
2030,sc01,01-10 22:00:00+01:00,bus045,0.0
2030,sc01,01-10 22:00:00+01:00,bus084,0.0
2030,sc01,01-10 22:00:00+01:00,bus013,0.0
2030,sc01,01-10 22:00:00+01:00,bus063,0.0
2030,sc01,01-10 22:00:00+01:00,bus115,0.0
2030,sc01,01-10 22:00:00+01:00,bus010,0.0
2030,sc01,01-10 22:00:00+01:00,bus073,0.0
2030,sc01,01-10 22:00:00+01:00,bus052,0.0
2030,sc01,01-10 22:00:00+01:00,bus096,0.0
2030,sc01,01-10 22:00:00+01:00,bus050,0.0
2030,sc01,01-10 22:00:00+01:00,bus011,0.0
2030,sc01,01-10 22:00:00+01:00,bus055,0.0
2030,sc01,01-10 22:00:00+01:00,bus083,0.0
2030,sc01,01-10 22:00:00+01:00,bus081,0.0
2030,sc01,01-10 22:00:00+01:00,bus022,0.0
2030,sc01,01-10 22:00:00+01:00,bus071,0.0
2030,sc01,01-10 22:00:00+01:00,bus074,0.0
2030,sc01,01-10 22:00:00+01:00,bus040,0.0
2030,sc01,01-10 22:00:00+01:00,bus099,0.0
2030,sc01,01-10 22:00:00+01:00,bus030,0.0
2030,sc01,01-10 22:00:00+01:00,bus098,0.0
2030,sc01,01-10 22:00:00+01:00,bus053,0.0
2030,sc01,01-10 22:00:00+01:00,bus085,0.0
2030,sc01,01-10 22:00:00+01:00,bus101,0.0
2030,sc01,01-10 22:00:00+01:00,bus018,0.0
2030,sc01,01-10 22:00:00+01:00,bus023,0.0
2030,sc01,01-10 22:00:00+01:00,bus088,0.0
2030,sc01,01-10 22:00:00+01:00,bus116,0.0
2030,sc01,01-10 22:00:00+01:00,bus103,0.0
2030,sc01,01-10 22:00:00+01:00,bus008,0.0
2030,sc01,01-10 22:00:00+01:00,bus105,0.0
2030,sc01,01-10 22:00:00+01:00,bus060,0.0
2030,sc01,01-10 22:00:00+01:00,bus016,0.0
2030,sc01,01-10 22:00:00+01:00,bus082,0.0
2030,sc01,01-10 22:00:00+01:00,bus047,0.0
2030,sc01,01-10 22:00:00+01:00,bus019,0.0
2030,sc01,01-10 22:00:00+01:00,bus037,0.0
2030,sc01,01-10 22:00:00+01:00,bus006,0.0
2030,sc01,01-10 22:00:00+01:00,bus080,0.0
2030,sc01,01-10 22:00:00+01:00,bus031,0.0
2030,sc01,01-10 22:00:00+01:00,bus048,0.0
2030,sc01,01-10 22:00:00+01:00,bus107,0.0
2030,sc01,01-10 22:00:00+01:00,bus049,0.0
2030,sc01,01-10 22:00:00+01:00,bus104,0.0
2030,sc01,01-10 22:00:00+01:00,bus100,0.0
2030,sc01,01-10 22:00:00+01:00,bus072,0.0
2030,sc01,01-10 22:00:00+01:00,bus039,0.0
2030,sc01,01-10 22:00:00+01:00,bus012,0.0
2030,sc01,01-10 22:00:00+01:00,bus114,0.0
2030,sc01,01-10 22:00:00+01:00,bus112,0.0
2030,sc01,01-10 22:00:00+01:00,bus058,0.0
2030,sc01,01-10 22:00:00+01:00,bus089,0.0
2030,sc01,01-10 22:00:00+01:00,bus051,0.0
2030,sc01,01-10 22:00:00+01:00,bus056,0.0
2030,sc01,01-10 22:00:00+01:00,bus092,0.0
2030,sc01,01-10 22:00:00+01:00,bus036,0.0
2030,sc01,01-10 22:00:00+01:00,bus094,0.0
2030,sc01,01-10 22:00:00+01:00,bus095,0.0
2030,sc01,01-10 22:00:00+01:00,bus113,0.0
2030,sc01,01-10 22:00:00+01:00,bus024,0.0
2030,sc01,01-10 22:00:00+01:00,bus078,0.0
2030,sc01,01-10 22:00:00+01:00,bus033,0.0
2030,sc01,01-10 22:00:00+01:00,bus079,0.0
2030,sc01,01-10 22:00:00+01:00,bus061,0.0
2030,sc01,01-10 22:00:00+01:00,bus118,0.0
2030,sc01,01-10 22:00:00+01:00,bus003,0.0
2030,sc01,01-10 22:00:00+01:00,bus070,0.0
2030,sc01,01-10 22:00:00+01:00,bus004,0.0
2030,sc01,01-10 22:00:00+01:00,bus021,0.0
2030,sc01,01-10 22:00:00+01:00,bus068,0.0
2030,sc01,01-10 22:00:00+01:00,bus028,0.0
2030,sc01,01-10 22:00:00+01:00,bus034,0.0
2030,sc01,01-10 22:00:00+01:00,bus075,0.0
2030,sc01,01-10 22:00:00+01:00,bus064,0.0
2030,sc01,01-10 22:00:00+01:00,bus106,0.0
2030,sc01,01-10 22:00:00+01:00,bus076,0.0
2030,sc01,01-10 22:00:00+01:00,bus046,0.0
2030,sc01,01-10 22:00:00+01:00,bus007,0.0
2030,sc01,01-10 22:00:00+01:00,bus035,0.0
2030,sc01,01-10 22:00:00+01:00,bus117,0.0
2030,sc01,01-10 22:00:00+01:00,bus041,0.0
2030,sc01,01-10 22:00:00+01:00,bus102,0.0
2030,sc01,01-10 22:00:00+01:00,bus026,0.0
2030,sc01,01-10 22:00:00+01:00,bus077,0.0
2030,sc01,01-10 22:00:00+01:00,bus044,0.0
2030,sc01,01-10 22:00:00+01:00,bus091,0.0
2030,sc01,01-10 22:00:00+01:00,bus062,0.0
2030,sc01,01-12 03:00:00+01:00,bus093,0.0
2030,sc01,01-12 03:00:00+01:00,bus097,0.0
2030,sc01,01-12 03:00:00+01:00,bus110,0.0
2030,sc01,01-12 03:00:00+01:00,bus042,0.0
2030,sc01,01-12 03:00:00+01:00,bus066,0.0
2030,sc01,01-12 03:00:00+01:00,bus059,0.0
2030,sc01,01-12 03:00:00+01:00,bus057,0.0
2030,sc01,01-12 03:00:00+01:00,bus067,0.0
2030,sc01,01-12 03:00:00+01:00,bus069,0.0
2030,sc01,01-12 03:00:00+01:00,bus014,0.0
2030,sc01,01-12 03:00:00+01:00,bus090,0.0
2030,sc01,01-12 03:00:00+01:00,bus002,0.0
2030,sc01,01-12 03:00:00+01:00,bus005,0.0
2030,sc01,01-12 03:00:00+01:00,bus109,0.0
2030,sc01,01-12 03:00:00+01:00,bus020,0.0
2030,sc01,01-12 03:00:00+01:00,bus065,0.0
2030,sc01,01-12 03:00:00+01:00,bus001,0.0
2030,sc01,01-12 03:00:00+01:00,bus017,0.0
2030,sc01,01-12 03:00:00+01:00,bus015,0.0
2030,sc01,01-12 03:00:00+01:00,bus054,0.0
2030,sc01,01-12 03:00:00+01:00,bus086,0.0
2030,sc01,01-12 03:00:00+01:00,bus032,0.0
2030,sc01,01-12 03:00:00+01:00,bus038,0.0
2030,sc01,01-12 03:00:00+01:00,bus108,0.0
2030,sc01,01-12 03:00:00+01:00,bus087,0.0
2030,sc01,01-12 03:00:00+01:00,bus027,0.0
2030,sc01,01-12 03:00:00+01:00,bus111,0.0
2030,sc01,01-12 03:00:00+01:00,bus025,0.0
2030,sc01,01-12 03:00:00+01:00,bus029,0.0
2030,sc01,01-12 03:00:00+01:00,bus009,0.0
2030,sc01,01-12 03:00:00+01:00,bus043,0.0
2030,sc01,01-12 03:00:00+01:00,bus045,0.0
2030,sc01,01-12 03:00:00+01:00,bus084,0.0
2030,sc01,01-12 03:00:00+01:00,bus013,0.0
2030,sc01,01-12 03:00:00+01:00,bus063,0.0
2030,sc01,01-12 03:00:00+01:00,bus115,0.0
2030,sc01,01-12 03:00:00+01:00,bus010,0.0
2030,sc01,01-12 03:00:00+01:00,bus073,0.0
2030,sc01,01-12 03:00:00+01:00,bus052,0.0
2030,sc01,01-12 03:00:00+01:00,bus096,0.0
2030,sc01,01-12 03:00:00+01:00,bus050,0.0
2030,sc01,01-12 03:00:00+01:00,bus011,0.0
2030,sc01,01-12 03:00:00+01:00,bus055,0.0
2030,sc01,01-12 03:00:00+01:00,bus083,0.0
2030,sc01,01-12 03:00:00+01:00,bus081,0.0
2030,sc01,01-12 03:00:00+01:00,bus022,0.0
2030,sc01,01-12 03:00:00+01:00,bus071,0.0
2030,sc01,01-12 03:00:00+01:00,bus074,0.0
2030,sc01,01-12 03:00:00+01:00,bus040,0.0
2030,sc01,01-12 03:00:00+01:00,bus099,0.0
2030,sc01,01-12 03:00:00+01:00,bus030,0.0
2030,sc01,01-12 03:00:00+01:00,bus098,0.0
2030,sc01,01-12 03:00:00+01:00,bus053,0.0
2030,sc01,01-12 03:00:00+01:00,bus085,0.0
2030,sc01,01-12 03:00:00+01:00,bus101,0.0
2030,sc01,01-12 03:00:00+01:00,bus018,0.0
2030,sc01,01-12 03:00:00+01:00,bus023,0.0
2030,sc01,01-12 03:00:00+01:00,bus088,0.0
2030,sc01,01-12 03:00:00+01:00,bus116,0.0
2030,sc01,01-12 03:00:00+01:00,bus103,0.0
2030,sc01,01-12 03:00:00+01:00,bus008,0.0
2030,sc01,01-12 03:00:00+01:00,bus105,0.0
2030,sc01,01-12 03:00:00+01:00,bus060,0.0
2030,sc01,01-12 03:00:00+01:00,bus016,0.0
2030,sc01,01-12 03:00:00+01:00,bus082,0.0
2030,sc01,01-12 03:00:00+01:00,bus047,0.0
2030,sc01,01-12 03:00:00+01:00,bus019,0.0
2030,sc01,01-12 03:00:00+01:00,bus037,0.0
2030,sc01,01-12 03:00:00+01:00,bus006,0.0
2030,sc01,01-12 03:00:00+01:00,bus080,0.0
2030,sc01,01-12 03:00:00+01:00,bus031,0.0
2030,sc01,01-12 03:00:00+01:00,bus048,0.0
2030,sc01,01-12 03:00:00+01:00,bus107,0.0
2030,sc01,01-12 03:00:00+01:00,bus049,0.0
2030,sc01,01-12 03:00:00+01:00,bus104,0.0
2030,sc01,01-12 03:00:00+01:00,bus100,0.0
2030,sc01,01-12 03:00:00+01:00,bus072,0.0
2030,sc01,01-12 03:00:00+01:00,bus039,0.0
2030,sc01,01-12 03:00:00+01:00,bus012,0.0
2030,sc01,01-12 03:00:00+01:00,bus114,0.0
2030,sc01,01-12 03:00:00+01:00,bus112,0.0
2030,sc01,01-12 03:00:00+01:00,bus058,0.0
2030,sc01,01-12 03:00:00+01:00,bus089,0.0
2030,sc01,01-12 03:00:00+01:00,bus051,0.0
2030,sc01,01-12 03:00:00+01:00,bus056,0.0
2030,sc01,01-12 03:00:00+01:00,bus092,0.0
2030,sc01,01-12 03:00:00+01:00,bus036,0.0
2030,sc01,01-12 03:00:00+01:00,bus094,0.0
2030,sc01,01-12 03:00:00+01:00,bus095,0.0
2030,sc01,01-12 03:00:00+01:00,bus113,0.0
2030,sc01,01-12 03:00:00+01:00,bus024,0.0
2030,sc01,01-12 03:00:00+01:00,bus078,0.0
2030,sc01,01-12 03:00:00+01:00,bus033,0.0
2030,sc01,01-12 03:00:00+01:00,bus079,0.0
2030,sc01,01-12 03:00:00+01:00,bus061,0.0
2030,sc01,01-12 03:00:00+01:00,bus118,0.0
2030,sc01,01-12 03:00:00+01:00,bus003,0.0
2030,sc01,01-12 03:00:00+01:00,bus070,0.0
2030,sc01,01-12 03:00:00+01:00,bus004,0.0
2030,sc01,01-12 03:00:00+01:00,bus021,0.0
2030,sc01,01-12 03:00:00+01:00,bus068,0.0
2030,sc01,01-12 03:00:00+01:00,bus028,0.0
2030,sc01,01-12 03:00:00+01:00,bus034,0.0
2030,sc01,01-12 03:00:00+01:00,bus075,0.0
2030,sc01,01-12 03:00:00+01:00,bus064,0.0
2030,sc01,01-12 03:00:00+01:00,bus106,0.0
2030,sc01,01-12 03:00:00+01:00,bus076,0.0
2030,sc01,01-12 03:00:00+01:00,bus046,0.0
2030,sc01,01-12 03:00:00+01:00,bus007,0.0
2030,sc01,01-12 03:00:00+01:00,bus035,0.0
2030,sc01,01-12 03:00:00+01:00,bus117,0.0
2030,sc01,01-12 03:00:00+01:00,bus041,0.0
2030,sc01,01-12 03:00:00+01:00,bus102,0.0
2030,sc01,01-12 03:00:00+01:00,bus026,0.0
2030,sc01,01-12 03:00:00+01:00,bus077,0.0
2030,sc01,01-12 03:00:00+01:00,bus044,0.0
2030,sc01,01-12 03:00:00+01:00,bus091,0.0
2030,sc01,01-12 03:00:00+01:00,bus062,0.0
2030,sc01,01-12 06:00:00+01:00,bus093,0.0
2030,sc01,01-12 06:00:00+01:00,bus097,0.0
2030,sc01,01-12 06:00:00+01:00,bus110,0.0
2030,sc01,01-12 06:00:00+01:00,bus042,0.0
2030,sc01,01-12 06:00:00+01:00,bus066,0.0
2030,sc01,01-12 06:00:00+01:00,bus059,0.0
2030,sc01,01-12 06:00:00+01:00,bus057,0.0
2030,sc01,01-12 06:00:00+01:00,bus067,0.0
2030,sc01,01-12 06:00:00+01:00,bus069,0.0
2030,sc01,01-12 06:00:00+01:00,bus014,0.0
2030,sc01,01-12 06:00:00+01:00,bus090,0.0
2030,sc01,01-12 06:00:00+01:00,bus002,0.0
2030,sc01,01-12 06:00:00+01:00,bus005,0.0
2030,sc01,01-12 06:00:00+01:00,bus109,0.0
2030,sc01,01-12 06:00:00+01:00,bus020,0.0
2030,sc01,01-12 06:00:00+01:00,bus065,0.0
2030,sc01,01-12 06:00:00+01:00,bus001,0.0
2030,sc01,01-12 06:00:00+01:00,bus017,0.0
2030,sc01,01-12 06:00:00+01:00,bus015,0.0
2030,sc01,01-12 06:00:00+01:00,bus054,0.0
2030,sc01,01-12 06:00:00+01:00,bus086,0.0
2030,sc01,01-12 06:00:00+01:00,bus032,0.0
2030,sc01,01-12 06:00:00+01:00,bus038,0.0
2030,sc01,01-12 06:00:00+01:00,bus108,0.0
2030,sc01,01-12 06:00:00+01:00,bus087,0.0
2030,sc01,01-12 06:00:00+01:00,bus027,0.0
2030,sc01,01-12 06:00:00+01:00,bus111,0.0
2030,sc01,01-12 06:00:00+01:00,bus025,0.0
2030,sc01,01-12 06:00:00+01:00,bus029,0.0
2030,sc01,01-12 06:00:00+01:00,bus009,0.0
2030,sc01,01-12 06:00:00+01:00,bus043,0.0
2030,sc01,01-12 06:00:00+01:00,bus045,0.0
2030,sc01,01-12 06:00:00+01:00,bus084,0.0
2030,sc01,01-12 06:00:00+01:00,bus013,0.0
2030,sc01,01-12 06:00:00+01:00,bus063,0.0
2030,sc01,01-12 06:00:00+01:00,bus115,0.0
2030,sc01,01-12 06:00:00+01:00,bus010,0.0
2030,sc01,01-12 06:00:00+01:00,bus073,0.0
2030,sc01,01-12 06:00:00+01:00,bus052,0.0
2030,sc01,01-12 06:00:00+01:00,bus096,0.0
2030,sc01,01-12 06:00:00+01:00,bus050,0.0
2030,sc01,01-12 06:00:00+01:00,bus011,0.0
2030,sc01,01-12 06:00:00+01:00,bus055,0.0
2030,sc01,01-12 06:00:00+01:00,bus083,0.0
2030,sc01,01-12 06:00:00+01:00,bus081,0.0
2030,sc01,01-12 06:00:00+01:00,bus022,0.0
2030,sc01,01-12 06:00:00+01:00,bus071,0.0
2030,sc01,01-12 06:00:00+01:00,bus074,0.0
2030,sc01,01-12 06:00:00+01:00,bus040,0.0
2030,sc01,01-12 06:00:00+01:00,bus099,0.0
2030,sc01,01-12 06:00:00+01:00,bus030,0.0
2030,sc01,01-12 06:00:00+01:00,bus098,0.0
2030,sc01,01-12 06:00:00+01:00,bus053,0.0
2030,sc01,01-12 06:00:00+01:00,bus085,0.0
2030,sc01,01-12 06:00:00+01:00,bus101,0.0
2030,sc01,01-12 06:00:00+01:00,bus018,0.0
2030,sc01,01-12 06:00:00+01:00,bus023,0.0
2030,sc01,01-12 06:00:00+01:00,bus088,0.0
2030,sc01,01-12 06:00:00+01:00,bus116,0.0
2030,sc01,01-12 06:00:00+01:00,bus103,0.0
2030,sc01,01-12 06:00:00+01:00,bus008,0.0
2030,sc01,01-12 06:00:00+01:00,bus105,0.0
2030,sc01,01-12 06:00:00+01:00,bus060,0.0
2030,sc01,01-12 06:00:00+01:00,bus016,0.0
2030,sc01,01-12 06:00:00+01:00,bus082,0.0
2030,sc01,01-12 06:00:00+01:00,bus047,0.0
2030,sc01,01-12 06:00:00+01:00,bus019,0.0
2030,sc01,01-12 06:00:00+01:00,bus037,0.0
2030,sc01,01-12 06:00:00+01:00,bus006,0.0
2030,sc01,01-12 06:00:00+01:00,bus080,0.0
2030,sc01,01-12 06:00:00+01:00,bus031,0.0
2030,sc01,01-12 06:00:00+01:00,bus048,0.0
2030,sc01,01-12 06:00:00+01:00,bus107,0.0
2030,sc01,01-12 06:00:00+01:00,bus049,0.0
2030,sc01,01-12 06:00:00+01:00,bus104,0.0
2030,sc01,01-12 06:00:00+01:00,bus100,0.0
2030,sc01,01-12 06:00:00+01:00,bus072,0.0
2030,sc01,01-12 06:00:00+01:00,bus039,0.0
2030,sc01,01-12 06:00:00+01:00,bus012,0.0
2030,sc01,01-12 06:00:00+01:00,bus114,0.0
2030,sc01,01-12 06:00:00+01:00,bus112,0.0
2030,sc01,01-12 06:00:00+01:00,bus058,0.0
2030,sc01,01-12 06:00:00+01:00,bus089,0.0
2030,sc01,01-12 06:00:00+01:00,bus051,0.0
2030,sc01,01-12 06:00:00+01:00,bus056,0.0
2030,sc01,01-12 06:00:00+01:00,bus092,0.0
2030,sc01,01-12 06:00:00+01:00,bus036,0.0
2030,sc01,01-12 06:00:00+01:00,bus094,0.0
2030,sc01,01-12 06:00:00+01:00,bus095,0.0
2030,sc01,01-12 06:00:00+01:00,bus113,0.0
2030,sc01,01-12 06:00:00+01:00,bus024,0.0
2030,sc01,01-12 06:00:00+01:00,bus078,0.0
2030,sc01,01-12 06:00:00+01:00,bus033,0.0
2030,sc01,01-12 06:00:00+01:00,bus079,0.0
2030,sc01,01-12 06:00:00+01:00,bus061,0.0
2030,sc01,01-12 06:00:00+01:00,bus118,0.0
2030,sc01,01-12 06:00:00+01:00,bus003,0.0
2030,sc01,01-12 06:00:00+01:00,bus070,0.0
2030,sc01,01-12 06:00:00+01:00,bus004,0.0
2030,sc01,01-12 06:00:00+01:00,bus021,0.0
2030,sc01,01-12 06:00:00+01:00,bus068,0.0
2030,sc01,01-12 06:00:00+01:00,bus028,0.0
2030,sc01,01-12 06:00:00+01:00,bus034,0.0
2030,sc01,01-12 06:00:00+01:00,bus075,0.0
2030,sc01,01-12 06:00:00+01:00,bus064,0.0
2030,sc01,01-12 06:00:00+01:00,bus106,0.0
2030,sc01,01-12 06:00:00+01:00,bus076,0.0
2030,sc01,01-12 06:00:00+01:00,bus046,0.0
2030,sc01,01-12 06:00:00+01:00,bus007,0.0
2030,sc01,01-12 06:00:00+01:00,bus035,0.0
2030,sc01,01-12 06:00:00+01:00,bus117,0.0
2030,sc01,01-12 06:00:00+01:00,bus041,0.0
2030,sc01,01-12 06:00:00+01:00,bus102,0.0
2030,sc01,01-12 06:00:00+01:00,bus026,0.0
2030,sc01,01-12 06:00:00+01:00,bus077,0.0
2030,sc01,01-12 06:00:00+01:00,bus044,0.0
2030,sc01,01-12 06:00:00+01:00,bus091,0.0
2030,sc01,01-12 06:00:00+01:00,bus062,0.0
2030,sc01,01-14 08:00:00+01:00,bus093,0.0
2030,sc01,01-14 08:00:00+01:00,bus097,0.0
2030,sc01,01-14 08:00:00+01:00,bus110,0.0
2030,sc01,01-14 08:00:00+01:00,bus042,0.0
2030,sc01,01-14 08:00:00+01:00,bus066,0.0
2030,sc01,01-14 08:00:00+01:00,bus059,0.0
2030,sc01,01-14 08:00:00+01:00,bus057,0.0
2030,sc01,01-14 08:00:00+01:00,bus067,0.0
2030,sc01,01-14 08:00:00+01:00,bus069,0.0
2030,sc01,01-14 08:00:00+01:00,bus014,0.0
2030,sc01,01-14 08:00:00+01:00,bus090,0.0
2030,sc01,01-14 08:00:00+01:00,bus002,0.0
2030,sc01,01-14 08:00:00+01:00,bus005,0.0
2030,sc01,01-14 08:00:00+01:00,bus109,0.0
2030,sc01,01-14 08:00:00+01:00,bus020,0.0
2030,sc01,01-14 08:00:00+01:00,bus065,0.0
2030,sc01,01-14 08:00:00+01:00,bus001,0.0
2030,sc01,01-14 08:00:00+01:00,bus017,0.0
2030,sc01,01-14 08:00:00+01:00,bus015,0.0
2030,sc01,01-14 08:00:00+01:00,bus054,0.0
2030,sc01,01-14 08:00:00+01:00,bus086,0.0
2030,sc01,01-14 08:00:00+01:00,bus032,0.0
2030,sc01,01-14 08:00:00+01:00,bus038,0.0
2030,sc01,01-14 08:00:00+01:00,bus108,0.0
2030,sc01,01-14 08:00:00+01:00,bus087,0.0
2030,sc01,01-14 08:00:00+01:00,bus027,0.0
2030,sc01,01-14 08:00:00+01:00,bus111,0.0
2030,sc01,01-14 08:00:00+01:00,bus025,0.0
2030,sc01,01-14 08:00:00+01:00,bus029,0.0
2030,sc01,01-14 08:00:00+01:00,bus009,0.0
2030,sc01,01-14 08:00:00+01:00,bus043,0.0
2030,sc01,01-14 08:00:00+01:00,bus045,0.0
2030,sc01,01-14 08:00:00+01:00,bus084,0.0
2030,sc01,01-14 08:00:00+01:00,bus013,0.0
2030,sc01,01-14 08:00:00+01:00,bus063,0.0
2030,sc01,01-14 08:00:00+01:00,bus115,0.0
2030,sc01,01-14 08:00:00+01:00,bus010,0.0
2030,sc01,01-14 08:00:00+01:00,bus073,0.0
2030,sc01,01-14 08:00:00+01:00,bus052,0.0
2030,sc01,01-14 08:00:00+01:00,bus096,0.0
2030,sc01,01-14 08:00:00+01:00,bus050,0.0
2030,sc01,01-14 08:00:00+01:00,bus011,0.0
2030,sc01,01-14 08:00:00+01:00,bus055,0.0
2030,sc01,01-14 08:00:00+01:00,bus083,0.0
2030,sc01,01-14 08:00:00+01:00,bus081,0.0
2030,sc01,01-14 08:00:00+01:00,bus022,0.0
2030,sc01,01-14 08:00:00+01:00,bus071,0.0
2030,sc01,01-14 08:00:00+01:00,bus074,0.0
2030,sc01,01-14 08:00:00+01:00,bus040,0.0
2030,sc01,01-14 08:00:00+01:00,bus099,0.0
2030,sc01,01-14 08:00:00+01:00,bus030,0.0
2030,sc01,01-14 08:00:00+01:00,bus098,0.0
2030,sc01,01-14 08:00:00+01:00,bus053,0.0
2030,sc01,01-14 08:00:00+01:00,bus085,0.0
2030,sc01,01-14 08:00:00+01:00,bus101,0.0
2030,sc01,01-14 08:00:00+01:00,bus018,0.0
2030,sc01,01-14 08:00:00+01:00,bus023,0.0
2030,sc01,01-14 08:00:00+01:00,bus088,0.0
2030,sc01,01-14 08:00:00+01:00,bus116,0.0
2030,sc01,01-14 08:00:00+01:00,bus103,0.0
2030,sc01,01-14 08:00:00+01:00,bus008,0.0
2030,sc01,01-14 08:00:00+01:00,bus105,0.0
2030,sc01,01-14 08:00:00+01:00,bus060,0.0
2030,sc01,01-14 08:00:00+01:00,bus016,0.0
2030,sc01,01-14 08:00:00+01:00,bus082,0.0
2030,sc01,01-14 08:00:00+01:00,bus047,0.0
2030,sc01,01-14 08:00:00+01:00,bus019,0.0
2030,sc01,01-14 08:00:00+01:00,bus037,0.0
2030,sc01,01-14 08:00:00+01:00,bus006,0.0
2030,sc01,01-14 08:00:00+01:00,bus080,0.0
2030,sc01,01-14 08:00:00+01:00,bus031,0.0
2030,sc01,01-14 08:00:00+01:00,bus048,0.0
2030,sc01,01-14 08:00:00+01:00,bus107,0.0
2030,sc01,01-14 08:00:00+01:00,bus049,0.0
2030,sc01,01-14 08:00:00+01:00,bus104,0.0
2030,sc01,01-14 08:00:00+01:00,bus100,0.0
2030,sc01,01-14 08:00:00+01:00,bus072,0.0
2030,sc01,01-14 08:00:00+01:00,bus039,0.0
2030,sc01,01-14 08:00:00+01:00,bus012,0.0
2030,sc01,01-14 08:00:00+01:00,bus114,0.0
2030,sc01,01-14 08:00:00+01:00,bus112,0.0
2030,sc01,01-14 08:00:00+01:00,bus058,0.0
2030,sc01,01-14 08:00:00+01:00,bus089,0.0
2030,sc01,01-14 08:00:00+01:00,bus051,0.0
2030,sc01,01-14 08:00:00+01:00,bus056,0.0
2030,sc01,01-14 08:00:00+01:00,bus092,0.0
2030,sc01,01-14 08:00:00+01:00,bus036,0.0
2030,sc01,01-14 08:00:00+01:00,bus094,0.0
2030,sc01,01-14 08:00:00+01:00,bus095,0.0
2030,sc01,01-14 08:00:00+01:00,bus113,0.0
2030,sc01,01-14 08:00:00+01:00,bus024,0.0
2030,sc01,01-14 08:00:00+01:00,bus078,0.0
2030,sc01,01-14 08:00:00+01:00,bus033,0.0
2030,sc01,01-14 08:00:00+01:00,bus079,0.0
2030,sc01,01-14 08:00:00+01:00,bus061,0.0
2030,sc01,01-14 08:00:00+01:00,bus118,0.0
2030,sc01,01-14 08:00:00+01:00,bus003,0.0
2030,sc01,01-14 08:00:00+01:00,bus070,0.0
2030,sc01,01-14 08:00:00+01:00,bus004,0.0
2030,sc01,01-14 08:00:00+01:00,bus021,0.0
2030,sc01,01-14 08:00:00+01:00,bus068,0.0
2030,sc01,01-14 08:00:00+01:00,bus028,0.0
2030,sc01,01-14 08:00:00+01:00,bus034,0.0
2030,sc01,01-14 08:00:00+01:00,bus075,0.0
2030,sc01,01-14 08:00:00+01:00,bus064,0.0
2030,sc01,01-14 08:00:00+01:00,bus106,0.0
2030,sc01,01-14 08:00:00+01:00,bus076,0.0
2030,sc01,01-14 08:00:00+01:00,bus046,0.0
2030,sc01,01-14 08:00:00+01:00,bus007,0.0
2030,sc01,01-14 08:00:00+01:00,bus035,0.0
2030,sc01,01-14 08:00:00+01:00,bus117,0.0
2030,sc01,01-14 08:00:00+01:00,bus041,0.0
2030,sc01,01-14 08:00:00+01:00,bus102,0.0
2030,sc01,01-14 08:00:00+01:00,bus026,0.0
2030,sc01,01-14 08:00:00+01:00,bus077,0.0
2030,sc01,01-14 08:00:00+01:00,bus044,0.0
2030,sc01,01-14 08:00:00+01:00,bus091,0.0
2030,sc01,01-14 08:00:00+01:00,bus062,0.0
2030,sc01,01-14 15:00:00+01:00,bus093,0.0
2030,sc01,01-14 15:00:00+01:00,bus097,0.0
2030,sc01,01-14 15:00:00+01:00,bus110,0.0
2030,sc01,01-14 15:00:00+01:00,bus042,0.0
2030,sc01,01-14 15:00:00+01:00,bus066,0.0
2030,sc01,01-14 15:00:00+01:00,bus059,0.0
2030,sc01,01-14 15:00:00+01:00,bus057,0.0
2030,sc01,01-14 15:00:00+01:00,bus067,0.0
2030,sc01,01-14 15:00:00+01:00,bus069,0.0
2030,sc01,01-14 15:00:00+01:00,bus014,0.0
2030,sc01,01-14 15:00:00+01:00,bus090,0.0
2030,sc01,01-14 15:00:00+01:00,bus002,0.0
2030,sc01,01-14 15:00:00+01:00,bus005,0.0
2030,sc01,01-14 15:00:00+01:00,bus109,0.0
2030,sc01,01-14 15:00:00+01:00,bus020,0.0
2030,sc01,01-14 15:00:00+01:00,bus065,0.0
2030,sc01,01-14 15:00:00+01:00,bus001,0.0
2030,sc01,01-14 15:00:00+01:00,bus017,0.0
2030,sc01,01-14 15:00:00+01:00,bus015,0.0
2030,sc01,01-14 15:00:00+01:00,bus054,0.0
2030,sc01,01-14 15:00:00+01:00,bus086,0.0
2030,sc01,01-14 15:00:00+01:00,bus032,0.0
2030,sc01,01-14 15:00:00+01:00,bus038,0.0
2030,sc01,01-14 15:00:00+01:00,bus108,0.0
2030,sc01,01-14 15:00:00+01:00,bus087,0.0
2030,sc01,01-14 15:00:00+01:00,bus027,0.0
2030,sc01,01-14 15:00:00+01:00,bus111,0.0
2030,sc01,01-14 15:00:00+01:00,bus025,0.0
2030,sc01,01-14 15:00:00+01:00,bus029,0.0
2030,sc01,01-14 15:00:00+01:00,bus009,0.0
2030,sc01,01-14 15:00:00+01:00,bus043,0.0
2030,sc01,01-14 15:00:00+01:00,bus045,0.0
2030,sc01,01-14 15:00:00+01:00,bus084,0.0
2030,sc01,01-14 15:00:00+01:00,bus013,0.0
2030,sc01,01-14 15:00:00+01:00,bus063,0.0
2030,sc01,01-14 15:00:00+01:00,bus115,0.0
2030,sc01,01-14 15:00:00+01:00,bus010,0.0
2030,sc01,01-14 15:00:00+01:00,bus073,0.0
2030,sc01,01-14 15:00:00+01:00,bus052,0.0
2030,sc01,01-14 15:00:00+01:00,bus096,0.0
2030,sc01,01-14 15:00:00+01:00,bus050,0.0
2030,sc01,01-14 15:00:00+01:00,bus011,0.0
2030,sc01,01-14 15:00:00+01:00,bus055,0.0
2030,sc01,01-14 15:00:00+01:00,bus083,0.0
2030,sc01,01-14 15:00:00+01:00,bus081,0.0
2030,sc01,01-14 15:00:00+01:00,bus022,0.0
2030,sc01,01-14 15:00:00+01:00,bus071,0.0
2030,sc01,01-14 15:00:00+01:00,bus074,0.0
2030,sc01,01-14 15:00:00+01:00,bus040,0.0
2030,sc01,01-14 15:00:00+01:00,bus099,0.0
2030,sc01,01-14 15:00:00+01:00,bus030,0.0
2030,sc01,01-14 15:00:00+01:00,bus098,0.0
2030,sc01,01-14 15:00:00+01:00,bus053,0.0
2030,sc01,01-14 15:00:00+01:00,bus085,0.0
2030,sc01,01-14 15:00:00+01:00,bus101,0.0
2030,sc01,01-14 15:00:00+01:00,bus018,0.0
2030,sc01,01-14 15:00:00+01:00,bus023,0.0
2030,sc01,01-14 15:00:00+01:00,bus088,0.0
2030,sc01,01-14 15:00:00+01:00,bus116,0.0
2030,sc01,01-14 15:00:00+01:00,bus103,0.0
2030,sc01,01-14 15:00:00+01:00,bus008,0.0
2030,sc01,01-14 15:00:00+01:00,bus105,0.0
2030,sc01,01-14 15:00:00+01:00,bus060,0.0
2030,sc01,01-14 15:00:00+01:00,bus016,0.0
2030,sc01,01-14 15:00:00+01:00,bus082,0.0
2030,sc01,01-14 15:00:00+01:00,bus047,0.0
2030,sc01,01-14 15:00:00+01:00,bus019,0.0
2030,sc01,01-14 15:00:00+01:00,bus037,0.0
2030,sc01,01-14 15:00:00+01:00,bus006,0.0
2030,sc01,01-14 15:00:00+01:00,bus080,0.0
2030,sc01,01-14 15:00:00+01:00,bus031,0.0
2030,sc01,01-14 15:00:00+01:00,bus048,0.0
2030,sc01,01-14 15:00:00+01:00,bus107,0.0
2030,sc01,01-14 15:00:00+01:00,bus049,0.0
2030,sc01,01-14 15:00:00+01:00,bus104,0.0
2030,sc01,01-14 15:00:00+01:00,bus100,0.0
2030,sc01,01-14 15:00:00+01:00,bus072,0.0
2030,sc01,01-14 15:00:00+01:00,bus039,0.0
2030,sc01,01-14 15:00:00+01:00,bus012,0.0
2030,sc01,01-14 15:00:00+01:00,bus114,0.0
2030,sc01,01-14 15:00:00+01:00,bus112,0.0
2030,sc01,01-14 15:00:00+01:00,bus058,0.0
2030,sc01,01-14 15:00:00+01:00,bus089,0.0
2030,sc01,01-14 15:00:00+01:00,bus051,0.0
2030,sc01,01-14 15:00:00+01:00,bus056,0.0
2030,sc01,01-14 15:00:00+01:00,bus092,0.0
2030,sc01,01-14 15:00:00+01:00,bus036,0.0
2030,sc01,01-14 15:00:00+01:00,bus094,0.0
2030,sc01,01-14 15:00:00+01:00,bus095,0.0
2030,sc01,01-14 15:00:00+01:00,bus113,0.0
2030,sc01,01-14 15:00:00+01:00,bus024,0.0
2030,sc01,01-14 15:00:00+01:00,bus078,0.0
2030,sc01,01-14 15:00:00+01:00,bus033,0.0
2030,sc01,01-14 15:00:00+01:00,bus079,0.0
2030,sc01,01-14 15:00:00+01:00,bus061,0.0
2030,sc01,01-14 15:00:00+01:00,bus118,0.0
2030,sc01,01-14 15:00:00+01:00,bus003,0.0
2030,sc01,01-14 15:00:00+01:00,bus070,0.0
2030,sc01,01-14 15:00:00+01:00,bus004,0.0
2030,sc01,01-14 15:00:00+01:00,bus021,0.0
2030,sc01,01-14 15:00:00+01:00,bus068,0.0
2030,sc01,01-14 15:00:00+01:00,bus028,0.0
2030,sc01,01-14 15:00:00+01:00,bus034,0.0
2030,sc01,01-14 15:00:00+01:00,bus075,0.0
2030,sc01,01-14 15:00:00+01:00,bus064,0.0
2030,sc01,01-14 15:00:00+01:00,bus106,0.0
2030,sc01,01-14 15:00:00+01:00,bus076,0.0
2030,sc01,01-14 15:00:00+01:00,bus046,0.0
2030,sc01,01-14 15:00:00+01:00,bus007,0.0
2030,sc01,01-14 15:00:00+01:00,bus035,0.0
2030,sc01,01-14 15:00:00+01:00,bus117,0.0
2030,sc01,01-14 15:00:00+01:00,bus041,0.0
2030,sc01,01-14 15:00:00+01:00,bus102,0.0
2030,sc01,01-14 15:00:00+01:00,bus026,0.0
2030,sc01,01-14 15:00:00+01:00,bus077,0.0
2030,sc01,01-14 15:00:00+01:00,bus044,0.0
2030,sc01,01-14 15:00:00+01:00,bus091,0.0
2030,sc01,01-14 15:00:00+01:00,bus062,0.0
2030,sc01,01-16 05:00:00+01:00,bus093,0.0
2030,sc01,01-16 05:00:00+01:00,bus097,0.0
2030,sc01,01-16 05:00:00+01:00,bus110,0.0
2030,sc01,01-16 05:00:00+01:00,bus042,0.0
2030,sc01,01-16 05:00:00+01:00,bus066,0.0
2030,sc01,01-16 05:00:00+01:00,bus059,0.0
2030,sc01,01-16 05:00:00+01:00,bus057,0.0
2030,sc01,01-16 05:00:00+01:00,bus067,0.0
2030,sc01,01-16 05:00:00+01:00,bus069,0.0
2030,sc01,01-16 05:00:00+01:00,bus014,0.0
2030,sc01,01-16 05:00:00+01:00,bus090,0.0
2030,sc01,01-16 05:00:00+01:00,bus002,0.0
2030,sc01,01-16 05:00:00+01:00,bus005,0.0
2030,sc01,01-16 05:00:00+01:00,bus109,0.0
2030,sc01,01-16 05:00:00+01:00,bus020,0.0
2030,sc01,01-16 05:00:00+01:00,bus065,0.0
2030,sc01,01-16 05:00:00+01:00,bus001,0.0
2030,sc01,01-16 05:00:00+01:00,bus017,0.0
2030,sc01,01-16 05:00:00+01:00,bus015,0.0
2030,sc01,01-16 05:00:00+01:00,bus054,0.0
2030,sc01,01-16 05:00:00+01:00,bus086,0.0
2030,sc01,01-16 05:00:00+01:00,bus032,0.0
2030,sc01,01-16 05:00:00+01:00,bus038,0.0
2030,sc01,01-16 05:00:00+01:00,bus108,0.0
2030,sc01,01-16 05:00:00+01:00,bus087,0.0
2030,sc01,01-16 05:00:00+01:00,bus027,0.0
2030,sc01,01-16 05:00:00+01:00,bus111,0.0
2030,sc01,01-16 05:00:00+01:00,bus025,0.0
2030,sc01,01-16 05:00:00+01:00,bus029,0.0
2030,sc01,01-16 05:00:00+01:00,bus009,0.0
2030,sc01,01-16 05:00:00+01:00,bus043,0.0
2030,sc01,01-16 05:00:00+01:00,bus045,0.0
2030,sc01,01-16 05:00:00+01:00,bus084,0.0
2030,sc01,01-16 05:00:00+01:00,bus013,0.0
2030,sc01,01-16 05:00:00+01:00,bus063,0.0
2030,sc01,01-16 05:00:00+01:00,bus115,0.0
2030,sc01,01-16 05:00:00+01:00,bus010,0.0
2030,sc01,01-16 05:00:00+01:00,bus073,0.0
2030,sc01,01-16 05:00:00+01:00,bus052,0.0
2030,sc01,01-16 05:00:00+01:00,bus096,0.0
2030,sc01,01-16 05:00:00+01:00,bus050,0.0
2030,sc01,01-16 05:00:00+01:00,bus011,0.0
2030,sc01,01-16 05:00:00+01:00,bus055,0.0
2030,sc01,01-16 05:00:00+01:00,bus083,0.0
2030,sc01,01-16 05:00:00+01:00,bus081,0.0
2030,sc01,01-16 05:00:00+01:00,bus022,0.0
2030,sc01,01-16 05:00:00+01:00,bus071,0.0
2030,sc01,01-16 05:00:00+01:00,bus074,0.0
2030,sc01,01-16 05:00:00+01:00,bus040,0.0
2030,sc01,01-16 05:00:00+01:00,bus099,0.0
2030,sc01,01-16 05:00:00+01:00,bus030,0.0
2030,sc01,01-16 05:00:00+01:00,bus098,0.0
2030,sc01,01-16 05:00:00+01:00,bus053,0.0
2030,sc01,01-16 05:00:00+01:00,bus085,0.0
2030,sc01,01-16 05:00:00+01:00,bus101,0.0
2030,sc01,01-16 05:00:00+01:00,bus018,0.0
2030,sc01,01-16 05:00:00+01:00,bus023,0.0
2030,sc01,01-16 05:00:00+01:00,bus088,0.0
2030,sc01,01-16 05:00:00+01:00,bus116,0.0
2030,sc01,01-16 05:00:00+01:00,bus103,0.0
2030,sc01,01-16 05:00:00+01:00,bus008,0.0
2030,sc01,01-16 05:00:00+01:00,bus105,0.0
2030,sc01,01-16 05:00:00+01:00,bus060,0.0
2030,sc01,01-16 05:00:00+01:00,bus016,0.0
2030,sc01,01-16 05:00:00+01:00,bus082,0.0
2030,sc01,01-16 05:00:00+01:00,bus047,0.0
2030,sc01,01-16 05:00:00+01:00,bus019,0.0
2030,sc01,01-16 05:00:00+01:00,bus037,0.0
2030,sc01,01-16 05:00:00+01:00,bus006,0.0
2030,sc01,01-16 05:00:00+01:00,bus080,0.0
2030,sc01,01-16 05:00:00+01:00,bus031,0.0
2030,sc01,01-16 05:00:00+01:00,bus048,0.0
2030,sc01,01-16 05:00:00+01:00,bus107,0.0
2030,sc01,01-16 05:00:00+01:00,bus049,0.0
2030,sc01,01-16 05:00:00+01:00,bus104,0.0
2030,sc01,01-16 05:00:00+01:00,bus100,0.0
2030,sc01,01-16 05:00:00+01:00,bus072,0.0
2030,sc01,01-16 05:00:00+01:00,bus039,0.0
2030,sc01,01-16 05:00:00+01:00,bus012,0.0
2030,sc01,01-16 05:00:00+01:00,bus114,0.0
2030,sc01,01-16 05:00:00+01:00,bus112,0.0
2030,sc01,01-16 05:00:00+01:00,bus058,0.0
2030,sc01,01-16 05:00:00+01:00,bus089,0.0
2030,sc01,01-16 05:00:00+01:00,bus051,0.0
2030,sc01,01-16 05:00:00+01:00,bus056,0.0
2030,sc01,01-16 05:00:00+01:00,bus092,0.0
2030,sc01,01-16 05:00:00+01:00,bus036,0.0
2030,sc01,01-16 05:00:00+01:00,bus094,0.0
2030,sc01,01-16 05:00:00+01:00,bus095,0.0
2030,sc01,01-16 05:00:00+01:00,bus113,0.0
2030,sc01,01-16 05:00:00+01:00,bus024,0.0
2030,sc01,01-16 05:00:00+01:00,bus078,0.0
2030,sc01,01-16 05:00:00+01:00,bus033,0.0
2030,sc01,01-16 05:00:00+01:00,bus079,0.0
2030,sc01,01-16 05:00:00+01:00,bus061,0.0
2030,sc01,01-16 05:00:00+01:00,bus118,0.0
2030,sc01,01-16 05:00:00+01:00,bus003,0.0
2030,sc01,01-16 05:00:00+01:00,bus070,0.0
2030,sc01,01-16 05:00:00+01:00,bus004,0.0
2030,sc01,01-16 05:00:00+01:00,bus021,0.0
2030,sc01,01-16 05:00:00+01:00,bus068,0.0
2030,sc01,01-16 05:00:00+01:00,bus028,0.0
2030,sc01,01-16 05:00:00+01:00,bus034,0.0
2030,sc01,01-16 05:00:00+01:00,bus075,0.0
2030,sc01,01-16 05:00:00+01:00,bus064,0.0
2030,sc01,01-16 05:00:00+01:00,bus106,0.0
2030,sc01,01-16 05:00:00+01:00,bus076,0.0
2030,sc01,01-16 05:00:00+01:00,bus046,0.0
2030,sc01,01-16 05:00:00+01:00,bus007,0.0
2030,sc01,01-16 05:00:00+01:00,bus035,0.0
2030,sc01,01-16 05:00:00+01:00,bus117,0.0
2030,sc01,01-16 05:00:00+01:00,bus041,0.0
2030,sc01,01-16 05:00:00+01:00,bus102,0.0
2030,sc01,01-16 05:00:00+01:00,bus026,0.0
2030,sc01,01-16 05:00:00+01:00,bus077,0.0
2030,sc01,01-16 05:00:00+01:00,bus044,0.0
2030,sc01,01-16 05:00:00+01:00,bus091,0.0
2030,sc01,01-16 05:00:00+01:00,bus062,0.0
2030,sc01,01-16 11:00:00+01:00,bus093,0.0
2030,sc01,01-16 11:00:00+01:00,bus097,0.0
2030,sc01,01-16 11:00:00+01:00,bus110,0.0
2030,sc01,01-16 11:00:00+01:00,bus042,0.0
2030,sc01,01-16 11:00:00+01:00,bus066,0.0
2030,sc01,01-16 11:00:00+01:00,bus059,0.0
2030,sc01,01-16 11:00:00+01:00,bus057,0.0
2030,sc01,01-16 11:00:00+01:00,bus067,0.0
2030,sc01,01-16 11:00:00+01:00,bus069,0.0
2030,sc01,01-16 11:00:00+01:00,bus014,0.0
2030,sc01,01-16 11:00:00+01:00,bus090,0.0
2030,sc01,01-16 11:00:00+01:00,bus002,0.0
2030,sc01,01-16 11:00:00+01:00,bus005,0.0
2030,sc01,01-16 11:00:00+01:00,bus109,0.0
2030,sc01,01-16 11:00:00+01:00,bus020,0.0
2030,sc01,01-16 11:00:00+01:00,bus065,0.0
2030,sc01,01-16 11:00:00+01:00,bus001,0.0
2030,sc01,01-16 11:00:00+01:00,bus017,0.0
2030,sc01,01-16 11:00:00+01:00,bus015,0.0
2030,sc01,01-16 11:00:00+01:00,bus054,0.0
2030,sc01,01-16 11:00:00+01:00,bus086,0.0
2030,sc01,01-16 11:00:00+01:00,bus032,0.0
2030,sc01,01-16 11:00:00+01:00,bus038,0.0
2030,sc01,01-16 11:00:00+01:00,bus108,0.0
2030,sc01,01-16 11:00:00+01:00,bus087,0.0
2030,sc01,01-16 11:00:00+01:00,bus027,0.0
2030,sc01,01-16 11:00:00+01:00,bus111,0.0
2030,sc01,01-16 11:00:00+01:00,bus025,0.0
2030,sc01,01-16 11:00:00+01:00,bus029,0.0
2030,sc01,01-16 11:00:00+01:00,bus009,0.0
2030,sc01,01-16 11:00:00+01:00,bus043,0.0
2030,sc01,01-16 11:00:00+01:00,bus045,0.0
2030,sc01,01-16 11:00:00+01:00,bus084,0.0
2030,sc01,01-16 11:00:00+01:00,bus013,0.0
2030,sc01,01-16 11:00:00+01:00,bus063,0.0
2030,sc01,01-16 11:00:00+01:00,bus115,0.0
2030,sc01,01-16 11:00:00+01:00,bus010,0.0
2030,sc01,01-16 11:00:00+01:00,bus073,0.0
2030,sc01,01-16 11:00:00+01:00,bus052,0.0
2030,sc01,01-16 11:00:00+01:00,bus096,0.0
2030,sc01,01-16 11:00:00+01:00,bus050,0.0
2030,sc01,01-16 11:00:00+01:00,bus011,0.0
2030,sc01,01-16 11:00:00+01:00,bus055,0.0
2030,sc01,01-16 11:00:00+01:00,bus083,0.0
2030,sc01,01-16 11:00:00+01:00,bus081,0.0
2030,sc01,01-16 11:00:00+01:00,bus022,0.0
2030,sc01,01-16 11:00:00+01:00,bus071,0.0
2030,sc01,01-16 11:00:00+01:00,bus074,0.0
2030,sc01,01-16 11:00:00+01:00,bus040,0.0
2030,sc01,01-16 11:00:00+01:00,bus099,0.0
2030,sc01,01-16 11:00:00+01:00,bus030,0.0
2030,sc01,01-16 11:00:00+01:00,bus098,0.0
2030,sc01,01-16 11:00:00+01:00,bus053,0.0
2030,sc01,01-16 11:00:00+01:00,bus085,0.0
2030,sc01,01-16 11:00:00+01:00,bus101,0.0
2030,sc01,01-16 11:00:00+01:00,bus018,0.0
2030,sc01,01-16 11:00:00+01:00,bus023,0.0
2030,sc01,01-16 11:00:00+01:00,bus088,0.0
2030,sc01,01-16 11:00:00+01:00,bus116,0.0
2030,sc01,01-16 11:00:00+01:00,bus103,0.0
2030,sc01,01-16 11:00:00+01:00,bus008,0.0
2030,sc01,01-16 11:00:00+01:00,bus105,0.0
2030,sc01,01-16 11:00:00+01:00,bus060,0.0
2030,sc01,01-16 11:00:00+01:00,bus016,0.0
2030,sc01,01-16 11:00:00+01:00,bus082,0.0
2030,sc01,01-16 11:00:00+01:00,bus047,0.0
2030,sc01,01-16 11:00:00+01:00,bus019,0.0
2030,sc01,01-16 11:00:00+01:00,bus037,0.0
2030,sc01,01-16 11:00:00+01:00,bus006,0.0
2030,sc01,01-16 11:00:00+01:00,bus080,0.0
2030,sc01,01-16 11:00:00+01:00,bus031,0.0
2030,sc01,01-16 11:00:00+01:00,bus048,0.0
2030,sc01,01-16 11:00:00+01:00,bus107,0.0
2030,sc01,01-16 11:00:00+01:00,bus049,0.0
2030,sc01,01-16 11:00:00+01:00,bus104,0.0
2030,sc01,01-16 11:00:00+01:00,bus100,0.0
2030,sc01,01-16 11:00:00+01:00,bus072,0.0
2030,sc01,01-16 11:00:00+01:00,bus039,0.0
2030,sc01,01-16 11:00:00+01:00,bus012,0.0
2030,sc01,01-16 11:00:00+01:00,bus114,0.0
2030,sc01,01-16 11:00:00+01:00,bus112,0.0
2030,sc01,01-16 11:00:00+01:00,bus058,0.0
2030,sc01,01-16 11:00:00+01:00,bus089,0.0
2030,sc01,01-16 11:00:00+01:00,bus051,0.0
2030,sc01,01-16 11:00:00+01:00,bus056,0.0
2030,sc01,01-16 11:00:00+01:00,bus092,0.0
2030,sc01,01-16 11:00:00+01:00,bus036,0.0
2030,sc01,01-16 11:00:00+01:00,bus094,0.0
2030,sc01,01-16 11:00:00+01:00,bus095,0.0
2030,sc01,01-16 11:00:00+01:00,bus113,0.0
2030,sc01,01-16 11:00:00+01:00,bus024,0.0
2030,sc01,01-16 11:00:00+01:00,bus078,0.0
2030,sc01,01-16 11:00:00+01:00,bus033,0.0
2030,sc01,01-16 11:00:00+01:00,bus079,0.0
2030,sc01,01-16 11:00:00+01:00,bus061,0.0
2030,sc01,01-16 11:00:00+01:00,bus118,0.0
2030,sc01,01-16 11:00:00+01:00,bus003,0.0
2030,sc01,01-16 11:00:00+01:00,bus070,0.0
2030,sc01,01-16 11:00:00+01:00,bus004,0.0
2030,sc01,01-16 11:00:00+01:00,bus021,0.0
2030,sc01,01-16 11:00:00+01:00,bus068,0.0
2030,sc01,01-16 11:00:00+01:00,bus028,0.0
2030,sc01,01-16 11:00:00+01:00,bus034,0.0
2030,sc01,01-16 11:00:00+01:00,bus075,0.0
2030,sc01,01-16 11:00:00+01:00,bus064,0.0
2030,sc01,01-16 11:00:00+01:00,bus106,0.0
2030,sc01,01-16 11:00:00+01:00,bus076,0.0
2030,sc01,01-16 11:00:00+01:00,bus046,0.0
2030,sc01,01-16 11:00:00+01:00,bus007,0.0
2030,sc01,01-16 11:00:00+01:00,bus035,0.0
2030,sc01,01-16 11:00:00+01:00,bus117,0.0
2030,sc01,01-16 11:00:00+01:00,bus041,0.0
2030,sc01,01-16 11:00:00+01:00,bus102,0.0
2030,sc01,01-16 11:00:00+01:00,bus026,0.0
2030,sc01,01-16 11:00:00+01:00,bus077,0.0
2030,sc01,01-16 11:00:00+01:00,bus044,0.0
2030,sc01,01-16 11:00:00+01:00,bus091,0.0
2030,sc01,01-16 11:00:00+01:00,bus062,0.0
2030,sc01,01-16 15:00:00+01:00,bus093,0.0
2030,sc01,01-16 15:00:00+01:00,bus097,0.0
2030,sc01,01-16 15:00:00+01:00,bus110,0.0
2030,sc01,01-16 15:00:00+01:00,bus042,0.0
2030,sc01,01-16 15:00:00+01:00,bus066,0.0
2030,sc01,01-16 15:00:00+01:00,bus059,0.0
2030,sc01,01-16 15:00:00+01:00,bus057,0.0
2030,sc01,01-16 15:00:00+01:00,bus067,0.0
2030,sc01,01-16 15:00:00+01:00,bus069,0.0
2030,sc01,01-16 15:00:00+01:00,bus014,0.0
2030,sc01,01-16 15:00:00+01:00,bus090,0.0
2030,sc01,01-16 15:00:00+01:00,bus002,0.0
2030,sc01,01-16 15:00:00+01:00,bus005,0.0
2030,sc01,01-16 15:00:00+01:00,bus109,0.0
2030,sc01,01-16 15:00:00+01:00,bus020,0.0
2030,sc01,01-16 15:00:00+01:00,bus065,0.0
2030,sc01,01-16 15:00:00+01:00,bus001,0.0
2030,sc01,01-16 15:00:00+01:00,bus017,0.0
2030,sc01,01-16 15:00:00+01:00,bus015,0.0
2030,sc01,01-16 15:00:00+01:00,bus054,0.0
2030,sc01,01-16 15:00:00+01:00,bus086,0.0
2030,sc01,01-16 15:00:00+01:00,bus032,0.0
2030,sc01,01-16 15:00:00+01:00,bus038,0.0
2030,sc01,01-16 15:00:00+01:00,bus108,0.0
2030,sc01,01-16 15:00:00+01:00,bus087,0.0
2030,sc01,01-16 15:00:00+01:00,bus027,0.0
2030,sc01,01-16 15:00:00+01:00,bus111,0.0
2030,sc01,01-16 15:00:00+01:00,bus025,0.0
2030,sc01,01-16 15:00:00+01:00,bus029,0.0
2030,sc01,01-16 15:00:00+01:00,bus009,0.0
2030,sc01,01-16 15:00:00+01:00,bus043,0.0
2030,sc01,01-16 15:00:00+01:00,bus045,0.0
2030,sc01,01-16 15:00:00+01:00,bus084,0.0
2030,sc01,01-16 15:00:00+01:00,bus013,0.0
2030,sc01,01-16 15:00:00+01:00,bus063,0.0
2030,sc01,01-16 15:00:00+01:00,bus115,0.0
2030,sc01,01-16 15:00:00+01:00,bus010,0.0
2030,sc01,01-16 15:00:00+01:00,bus073,0.0
2030,sc01,01-16 15:00:00+01:00,bus052,0.0
2030,sc01,01-16 15:00:00+01:00,bus096,0.0
2030,sc01,01-16 15:00:00+01:00,bus050,0.0
2030,sc01,01-16 15:00:00+01:00,bus011,0.0
2030,sc01,01-16 15:00:00+01:00,bus055,0.0
2030,sc01,01-16 15:00:00+01:00,bus083,0.0
2030,sc01,01-16 15:00:00+01:00,bus081,0.0
2030,sc01,01-16 15:00:00+01:00,bus022,0.0
2030,sc01,01-16 15:00:00+01:00,bus071,0.0
2030,sc01,01-16 15:00:00+01:00,bus074,0.0
2030,sc01,01-16 15:00:00+01:00,bus040,0.0
2030,sc01,01-16 15:00:00+01:00,bus099,0.0
2030,sc01,01-16 15:00:00+01:00,bus030,0.0
2030,sc01,01-16 15:00:00+01:00,bus098,0.0
2030,sc01,01-16 15:00:00+01:00,bus053,0.0
2030,sc01,01-16 15:00:00+01:00,bus085,0.0
2030,sc01,01-16 15:00:00+01:00,bus101,0.0
2030,sc01,01-16 15:00:00+01:00,bus018,0.0
2030,sc01,01-16 15:00:00+01:00,bus023,0.0
2030,sc01,01-16 15:00:00+01:00,bus088,0.0
2030,sc01,01-16 15:00:00+01:00,bus116,0.0
2030,sc01,01-16 15:00:00+01:00,bus103,0.0
2030,sc01,01-16 15:00:00+01:00,bus008,0.0
2030,sc01,01-16 15:00:00+01:00,bus105,0.0
2030,sc01,01-16 15:00:00+01:00,bus060,0.0
2030,sc01,01-16 15:00:00+01:00,bus016,0.0
2030,sc01,01-16 15:00:00+01:00,bus082,0.0
2030,sc01,01-16 15:00:00+01:00,bus047,0.0
2030,sc01,01-16 15:00:00+01:00,bus019,0.0
2030,sc01,01-16 15:00:00+01:00,bus037,0.0
2030,sc01,01-16 15:00:00+01:00,bus006,0.0
2030,sc01,01-16 15:00:00+01:00,bus080,0.0
2030,sc01,01-16 15:00:00+01:00,bus031,0.0
2030,sc01,01-16 15:00:00+01:00,bus048,0.0
2030,sc01,01-16 15:00:00+01:00,bus107,0.0
2030,sc01,01-16 15:00:00+01:00,bus049,0.0
2030,sc01,01-16 15:00:00+01:00,bus104,0.0
2030,sc01,01-16 15:00:00+01:00,bus100,0.0
2030,sc01,01-16 15:00:00+01:00,bus072,0.0
2030,sc01,01-16 15:00:00+01:00,bus039,0.0
2030,sc01,01-16 15:00:00+01:00,bus012,0.0
2030,sc01,01-16 15:00:00+01:00,bus114,0.0
2030,sc01,01-16 15:00:00+01:00,bus112,0.0
2030,sc01,01-16 15:00:00+01:00,bus058,0.0
2030,sc01,01-16 15:00:00+01:00,bus089,0.0
2030,sc01,01-16 15:00:00+01:00,bus051,0.0
2030,sc01,01-16 15:00:00+01:00,bus056,0.0
2030,sc01,01-16 15:00:00+01:00,bus092,0.0
2030,sc01,01-16 15:00:00+01:00,bus036,0.0
2030,sc01,01-16 15:00:00+01:00,bus094,0.0
2030,sc01,01-16 15:00:00+01:00,bus095,0.0
2030,sc01,01-16 15:00:00+01:00,bus113,0.0
2030,sc01,01-16 15:00:00+01:00,bus024,0.0
2030,sc01,01-16 15:00:00+01:00,bus078,0.0
2030,sc01,01-16 15:00:00+01:00,bus033,0.0
2030,sc01,01-16 15:00:00+01:00,bus079,0.0
2030,sc01,01-16 15:00:00+01:00,bus061,0.0
2030,sc01,01-16 15:00:00+01:00,bus118,0.0
2030,sc01,01-16 15:00:00+01:00,bus003,0.0
2030,sc01,01-16 15:00:00+01:00,bus070,0.0
2030,sc01,01-16 15:00:00+01:00,bus004,0.0
2030,sc01,01-16 15:00:00+01:00,bus021,0.0
2030,sc01,01-16 15:00:00+01:00,bus068,0.0
2030,sc01,01-16 15:00:00+01:00,bus028,0.0
2030,sc01,01-16 15:00:00+01:00,bus034,0.0
2030,sc01,01-16 15:00:00+01:00,bus075,0.0
2030,sc01,01-16 15:00:00+01:00,bus064,0.0
2030,sc01,01-16 15:00:00+01:00,bus106,0.0
2030,sc01,01-16 15:00:00+01:00,bus076,0.0
2030,sc01,01-16 15:00:00+01:00,bus046,0.0
2030,sc01,01-16 15:00:00+01:00,bus007,0.0
2030,sc01,01-16 15:00:00+01:00,bus035,0.0
2030,sc01,01-16 15:00:00+01:00,bus117,0.0
2030,sc01,01-16 15:00:00+01:00,bus041,0.0
2030,sc01,01-16 15:00:00+01:00,bus102,0.0
2030,sc01,01-16 15:00:00+01:00,bus026,0.0
2030,sc01,01-16 15:00:00+01:00,bus077,0.0
2030,sc01,01-16 15:00:00+01:00,bus044,0.0
2030,sc01,01-16 15:00:00+01:00,bus091,0.0
2030,sc01,01-16 15:00:00+01:00,bus062,0.0
2030,sc01,01-16 18:00:00+01:00,bus093,0.0
2030,sc01,01-16 18:00:00+01:00,bus097,0.0
2030,sc01,01-16 18:00:00+01:00,bus110,0.0
2030,sc01,01-16 18:00:00+01:00,bus042,0.0
2030,sc01,01-16 18:00:00+01:00,bus066,0.0
2030,sc01,01-16 18:00:00+01:00,bus059,0.0
2030,sc01,01-16 18:00:00+01:00,bus057,0.0
2030,sc01,01-16 18:00:00+01:00,bus067,0.0
2030,sc01,01-16 18:00:00+01:00,bus069,0.0
2030,sc01,01-16 18:00:00+01:00,bus014,0.0
2030,sc01,01-16 18:00:00+01:00,bus090,0.0
2030,sc01,01-16 18:00:00+01:00,bus002,0.0
2030,sc01,01-16 18:00:00+01:00,bus005,0.0
2030,sc01,01-16 18:00:00+01:00,bus109,0.0
2030,sc01,01-16 18:00:00+01:00,bus020,0.0
2030,sc01,01-16 18:00:00+01:00,bus065,0.0
2030,sc01,01-16 18:00:00+01:00,bus001,0.0
2030,sc01,01-16 18:00:00+01:00,bus017,0.0
2030,sc01,01-16 18:00:00+01:00,bus015,0.0
2030,sc01,01-16 18:00:00+01:00,bus054,0.0
2030,sc01,01-16 18:00:00+01:00,bus086,0.0
2030,sc01,01-16 18:00:00+01:00,bus032,0.0
2030,sc01,01-16 18:00:00+01:00,bus038,0.0
2030,sc01,01-16 18:00:00+01:00,bus108,0.0
2030,sc01,01-16 18:00:00+01:00,bus087,0.0
2030,sc01,01-16 18:00:00+01:00,bus027,0.0
2030,sc01,01-16 18:00:00+01:00,bus111,0.0
2030,sc01,01-16 18:00:00+01:00,bus025,0.0
2030,sc01,01-16 18:00:00+01:00,bus029,0.0
2030,sc01,01-16 18:00:00+01:00,bus009,0.0
2030,sc01,01-16 18:00:00+01:00,bus043,0.0
2030,sc01,01-16 18:00:00+01:00,bus045,0.0
2030,sc01,01-16 18:00:00+01:00,bus084,0.0
2030,sc01,01-16 18:00:00+01:00,bus013,0.0
2030,sc01,01-16 18:00:00+01:00,bus063,0.0
2030,sc01,01-16 18:00:00+01:00,bus115,0.0
2030,sc01,01-16 18:00:00+01:00,bus010,0.0
2030,sc01,01-16 18:00:00+01:00,bus073,0.0
2030,sc01,01-16 18:00:00+01:00,bus052,0.0
2030,sc01,01-16 18:00:00+01:00,bus096,0.0
2030,sc01,01-16 18:00:00+01:00,bus050,0.0
2030,sc01,01-16 18:00:00+01:00,bus011,0.0
2030,sc01,01-16 18:00:00+01:00,bus055,0.0
2030,sc01,01-16 18:00:00+01:00,bus083,0.0
2030,sc01,01-16 18:00:00+01:00,bus081,0.0
2030,sc01,01-16 18:00:00+01:00,bus022,0.0
2030,sc01,01-16 18:00:00+01:00,bus071,0.0
2030,sc01,01-16 18:00:00+01:00,bus074,0.0
2030,sc01,01-16 18:00:00+01:00,bus040,0.0
2030,sc01,01-16 18:00:00+01:00,bus099,0.0
2030,sc01,01-16 18:00:00+01:00,bus030,0.0
2030,sc01,01-16 18:00:00+01:00,bus098,0.0
2030,sc01,01-16 18:00:00+01:00,bus053,0.0
2030,sc01,01-16 18:00:00+01:00,bus085,0.0
2030,sc01,01-16 18:00:00+01:00,bus101,0.0
2030,sc01,01-16 18:00:00+01:00,bus018,0.0
2030,sc01,01-16 18:00:00+01:00,bus023,0.0
2030,sc01,01-16 18:00:00+01:00,bus088,0.0
2030,sc01,01-16 18:00:00+01:00,bus116,0.0
2030,sc01,01-16 18:00:00+01:00,bus103,0.0
2030,sc01,01-16 18:00:00+01:00,bus008,0.0
2030,sc01,01-16 18:00:00+01:00,bus105,0.0
2030,sc01,01-16 18:00:00+01:00,bus060,0.0
2030,sc01,01-16 18:00:00+01:00,bus016,0.0
2030,sc01,01-16 18:00:00+01:00,bus082,0.0
2030,sc01,01-16 18:00:00+01:00,bus047,0.0
2030,sc01,01-16 18:00:00+01:00,bus019,0.0
2030,sc01,01-16 18:00:00+01:00,bus037,0.0
2030,sc01,01-16 18:00:00+01:00,bus006,0.0
2030,sc01,01-16 18:00:00+01:00,bus080,0.0
2030,sc01,01-16 18:00:00+01:00,bus031,0.0
2030,sc01,01-16 18:00:00+01:00,bus048,0.0
2030,sc01,01-16 18:00:00+01:00,bus107,0.0
2030,sc01,01-16 18:00:00+01:00,bus049,0.0
2030,sc01,01-16 18:00:00+01:00,bus104,0.0
2030,sc01,01-16 18:00:00+01:00,bus100,0.0
2030,sc01,01-16 18:00:00+01:00,bus072,0.0
2030,sc01,01-16 18:00:00+01:00,bus039,0.0
2030,sc01,01-16 18:00:00+01:00,bus012,0.0
2030,sc01,01-16 18:00:00+01:00,bus114,0.0
2030,sc01,01-16 18:00:00+01:00,bus112,0.0
2030,sc01,01-16 18:00:00+01:00,bus058,0.0
2030,sc01,01-16 18:00:00+01:00,bus089,0.0
2030,sc01,01-16 18:00:00+01:00,bus051,0.0
2030,sc01,01-16 18:00:00+01:00,bus056,0.0
2030,sc01,01-16 18:00:00+01:00,bus092,0.0
2030,sc01,01-16 18:00:00+01:00,bus036,0.0
2030,sc01,01-16 18:00:00+01:00,bus094,0.0
2030,sc01,01-16 18:00:00+01:00,bus095,0.0
2030,sc01,01-16 18:00:00+01:00,bus113,0.0
2030,sc01,01-16 18:00:00+01:00,bus024,0.0
2030,sc01,01-16 18:00:00+01:00,bus078,0.0
2030,sc01,01-16 18:00:00+01:00,bus033,0.0
2030,sc01,01-16 18:00:00+01:00,bus079,0.0
2030,sc01,01-16 18:00:00+01:00,bus061,0.0
2030,sc01,01-16 18:00:00+01:00,bus118,0.0
2030,sc01,01-16 18:00:00+01:00,bus003,0.0
2030,sc01,01-16 18:00:00+01:00,bus070,0.0
2030,sc01,01-16 18:00:00+01:00,bus004,0.0
2030,sc01,01-16 18:00:00+01:00,bus021,0.0
2030,sc01,01-16 18:00:00+01:00,bus068,0.0
2030,sc01,01-16 18:00:00+01:00,bus028,0.0
2030,sc01,01-16 18:00:00+01:00,bus034,0.0
2030,sc01,01-16 18:00:00+01:00,bus075,0.0
2030,sc01,01-16 18:00:00+01:00,bus064,0.0
2030,sc01,01-16 18:00:00+01:00,bus106,0.0
2030,sc01,01-16 18:00:00+01:00,bus076,0.0
2030,sc01,01-16 18:00:00+01:00,bus046,0.0
2030,sc01,01-16 18:00:00+01:00,bus007,0.0
2030,sc01,01-16 18:00:00+01:00,bus035,0.0
2030,sc01,01-16 18:00:00+01:00,bus117,0.0
2030,sc01,01-16 18:00:00+01:00,bus041,0.0
2030,sc01,01-16 18:00:00+01:00,bus102,0.0
2030,sc01,01-16 18:00:00+01:00,bus026,0.0
2030,sc01,01-16 18:00:00+01:00,bus077,0.0
2030,sc01,01-16 18:00:00+01:00,bus044,0.0
2030,sc01,01-16 18:00:00+01:00,bus091,0.0
2030,sc01,01-16 18:00:00+01:00,bus062,0.0
2030,sc01,01-18 08:00:00+01:00,bus093,0.0
2030,sc01,01-18 08:00:00+01:00,bus097,0.0
2030,sc01,01-18 08:00:00+01:00,bus110,0.0
2030,sc01,01-18 08:00:00+01:00,bus042,0.0
2030,sc01,01-18 08:00:00+01:00,bus066,0.0
2030,sc01,01-18 08:00:00+01:00,bus059,0.0
2030,sc01,01-18 08:00:00+01:00,bus057,0.0
2030,sc01,01-18 08:00:00+01:00,bus067,0.0
2030,sc01,01-18 08:00:00+01:00,bus069,0.0
2030,sc01,01-18 08:00:00+01:00,bus014,0.0
2030,sc01,01-18 08:00:00+01:00,bus090,0.0
2030,sc01,01-18 08:00:00+01:00,bus002,0.0
2030,sc01,01-18 08:00:00+01:00,bus005,0.0
2030,sc01,01-18 08:00:00+01:00,bus109,0.0
2030,sc01,01-18 08:00:00+01:00,bus020,0.0
2030,sc01,01-18 08:00:00+01:00,bus065,0.0
2030,sc01,01-18 08:00:00+01:00,bus001,0.0
2030,sc01,01-18 08:00:00+01:00,bus017,0.0
2030,sc01,01-18 08:00:00+01:00,bus015,0.0
2030,sc01,01-18 08:00:00+01:00,bus054,0.0
2030,sc01,01-18 08:00:00+01:00,bus086,0.0
2030,sc01,01-18 08:00:00+01:00,bus032,0.0
2030,sc01,01-18 08:00:00+01:00,bus038,0.0
2030,sc01,01-18 08:00:00+01:00,bus108,0.0
2030,sc01,01-18 08:00:00+01:00,bus087,0.0
2030,sc01,01-18 08:00:00+01:00,bus027,0.0
2030,sc01,01-18 08:00:00+01:00,bus111,0.0
2030,sc01,01-18 08:00:00+01:00,bus025,0.0
2030,sc01,01-18 08:00:00+01:00,bus029,0.0
2030,sc01,01-18 08:00:00+01:00,bus009,0.0
2030,sc01,01-18 08:00:00+01:00,bus043,0.0
2030,sc01,01-18 08:00:00+01:00,bus045,0.0
2030,sc01,01-18 08:00:00+01:00,bus084,0.0
2030,sc01,01-18 08:00:00+01:00,bus013,0.0
2030,sc01,01-18 08:00:00+01:00,bus063,0.0
2030,sc01,01-18 08:00:00+01:00,bus115,0.0
2030,sc01,01-18 08:00:00+01:00,bus010,0.0
2030,sc01,01-18 08:00:00+01:00,bus073,0.0
2030,sc01,01-18 08:00:00+01:00,bus052,0.0
2030,sc01,01-18 08:00:00+01:00,bus096,0.0
2030,sc01,01-18 08:00:00+01:00,bus050,0.0
2030,sc01,01-18 08:00:00+01:00,bus011,0.0
2030,sc01,01-18 08:00:00+01:00,bus055,0.0
2030,sc01,01-18 08:00:00+01:00,bus083,0.0
2030,sc01,01-18 08:00:00+01:00,bus081,0.0
2030,sc01,01-18 08:00:00+01:00,bus022,0.0
2030,sc01,01-18 08:00:00+01:00,bus071,0.0
2030,sc01,01-18 08:00:00+01:00,bus074,0.0
2030,sc01,01-18 08:00:00+01:00,bus040,0.0
2030,sc01,01-18 08:00:00+01:00,bus099,0.0
2030,sc01,01-18 08:00:00+01:00,bus030,0.0
2030,sc01,01-18 08:00:00+01:00,bus098,0.0
2030,sc01,01-18 08:00:00+01:00,bus053,0.0
2030,sc01,01-18 08:00:00+01:00,bus085,0.0
2030,sc01,01-18 08:00:00+01:00,bus101,0.0
2030,sc01,01-18 08:00:00+01:00,bus018,0.0
2030,sc01,01-18 08:00:00+01:00,bus023,0.0
2030,sc01,01-18 08:00:00+01:00,bus088,0.0
2030,sc01,01-18 08:00:00+01:00,bus116,0.0
2030,sc01,01-18 08:00:00+01:00,bus103,0.0
2030,sc01,01-18 08:00:00+01:00,bus008,0.0
2030,sc01,01-18 08:00:00+01:00,bus105,0.0
2030,sc01,01-18 08:00:00+01:00,bus060,0.0
2030,sc01,01-18 08:00:00+01:00,bus016,0.0
2030,sc01,01-18 08:00:00+01:00,bus082,0.0
2030,sc01,01-18 08:00:00+01:00,bus047,0.0
2030,sc01,01-18 08:00:00+01:00,bus019,0.0
2030,sc01,01-18 08:00:00+01:00,bus037,0.0
2030,sc01,01-18 08:00:00+01:00,bus006,0.0
2030,sc01,01-18 08:00:00+01:00,bus080,0.0
2030,sc01,01-18 08:00:00+01:00,bus031,0.0
2030,sc01,01-18 08:00:00+01:00,bus048,0.0
2030,sc01,01-18 08:00:00+01:00,bus107,0.0
2030,sc01,01-18 08:00:00+01:00,bus049,0.0
2030,sc01,01-18 08:00:00+01:00,bus104,0.0
2030,sc01,01-18 08:00:00+01:00,bus100,0.0
2030,sc01,01-18 08:00:00+01:00,bus072,0.0
2030,sc01,01-18 08:00:00+01:00,bus039,0.0
2030,sc01,01-18 08:00:00+01:00,bus012,0.0
2030,sc01,01-18 08:00:00+01:00,bus114,0.0
2030,sc01,01-18 08:00:00+01:00,bus112,0.0
2030,sc01,01-18 08:00:00+01:00,bus058,0.0
2030,sc01,01-18 08:00:00+01:00,bus089,0.0
2030,sc01,01-18 08:00:00+01:00,bus051,0.0
2030,sc01,01-18 08:00:00+01:00,bus056,0.0
2030,sc01,01-18 08:00:00+01:00,bus092,0.0
2030,sc01,01-18 08:00:00+01:00,bus036,0.0
2030,sc01,01-18 08:00:00+01:00,bus094,0.0
2030,sc01,01-18 08:00:00+01:00,bus095,0.0
2030,sc01,01-18 08:00:00+01:00,bus113,0.0
2030,sc01,01-18 08:00:00+01:00,bus024,0.0
2030,sc01,01-18 08:00:00+01:00,bus078,0.0
2030,sc01,01-18 08:00:00+01:00,bus033,0.0
2030,sc01,01-18 08:00:00+01:00,bus079,0.0
2030,sc01,01-18 08:00:00+01:00,bus061,0.0
2030,sc01,01-18 08:00:00+01:00,bus118,0.0
2030,sc01,01-18 08:00:00+01:00,bus003,0.0
2030,sc01,01-18 08:00:00+01:00,bus070,0.0
2030,sc01,01-18 08:00:00+01:00,bus004,0.0
2030,sc01,01-18 08:00:00+01:00,bus021,0.0
2030,sc01,01-18 08:00:00+01:00,bus068,0.0
2030,sc01,01-18 08:00:00+01:00,bus028,0.0
2030,sc01,01-18 08:00:00+01:00,bus034,0.0
2030,sc01,01-18 08:00:00+01:00,bus075,0.0
2030,sc01,01-18 08:00:00+01:00,bus064,0.0
2030,sc01,01-18 08:00:00+01:00,bus106,0.0
2030,sc01,01-18 08:00:00+01:00,bus076,0.0
2030,sc01,01-18 08:00:00+01:00,bus046,0.0
2030,sc01,01-18 08:00:00+01:00,bus007,0.0
2030,sc01,01-18 08:00:00+01:00,bus035,0.0
2030,sc01,01-18 08:00:00+01:00,bus117,0.0
2030,sc01,01-18 08:00:00+01:00,bus041,0.0
2030,sc01,01-18 08:00:00+01:00,bus102,0.0
2030,sc01,01-18 08:00:00+01:00,bus026,0.0
2030,sc01,01-18 08:00:00+01:00,bus077,0.0
2030,sc01,01-18 08:00:00+01:00,bus044,0.0
2030,sc01,01-18 08:00:00+01:00,bus091,0.0
2030,sc01,01-18 08:00:00+01:00,bus062,0.0
2030,sc01,01-18 12:00:00+01:00,bus093,0.0
2030,sc01,01-18 12:00:00+01:00,bus097,0.0
2030,sc01,01-18 12:00:00+01:00,bus110,0.0
2030,sc01,01-18 12:00:00+01:00,bus042,0.0
2030,sc01,01-18 12:00:00+01:00,bus066,0.0
2030,sc01,01-18 12:00:00+01:00,bus059,0.0
2030,sc01,01-18 12:00:00+01:00,bus057,0.0
2030,sc01,01-18 12:00:00+01:00,bus067,0.0
2030,sc01,01-18 12:00:00+01:00,bus069,0.0
2030,sc01,01-18 12:00:00+01:00,bus014,0.0
2030,sc01,01-18 12:00:00+01:00,bus090,0.0
2030,sc01,01-18 12:00:00+01:00,bus002,0.0
2030,sc01,01-18 12:00:00+01:00,bus005,0.0
2030,sc01,01-18 12:00:00+01:00,bus109,0.0
2030,sc01,01-18 12:00:00+01:00,bus020,0.0
2030,sc01,01-18 12:00:00+01:00,bus065,0.0
2030,sc01,01-18 12:00:00+01:00,bus001,0.0
2030,sc01,01-18 12:00:00+01:00,bus017,0.0
2030,sc01,01-18 12:00:00+01:00,bus015,0.0
2030,sc01,01-18 12:00:00+01:00,bus054,0.0
2030,sc01,01-18 12:00:00+01:00,bus086,0.0
2030,sc01,01-18 12:00:00+01:00,bus032,0.0
2030,sc01,01-18 12:00:00+01:00,bus038,0.0
2030,sc01,01-18 12:00:00+01:00,bus108,0.0
2030,sc01,01-18 12:00:00+01:00,bus087,0.0
2030,sc01,01-18 12:00:00+01:00,bus027,0.0
2030,sc01,01-18 12:00:00+01:00,bus111,0.0
2030,sc01,01-18 12:00:00+01:00,bus025,0.0
2030,sc01,01-18 12:00:00+01:00,bus029,0.0
2030,sc01,01-18 12:00:00+01:00,bus009,0.0
2030,sc01,01-18 12:00:00+01:00,bus043,0.0
2030,sc01,01-18 12:00:00+01:00,bus045,0.0
2030,sc01,01-18 12:00:00+01:00,bus084,0.0
2030,sc01,01-18 12:00:00+01:00,bus013,0.0
2030,sc01,01-18 12:00:00+01:00,bus063,0.0
2030,sc01,01-18 12:00:00+01:00,bus115,0.0
2030,sc01,01-18 12:00:00+01:00,bus010,0.0
2030,sc01,01-18 12:00:00+01:00,bus073,0.0
2030,sc01,01-18 12:00:00+01:00,bus052,0.0
2030,sc01,01-18 12:00:00+01:00,bus096,0.0
2030,sc01,01-18 12:00:00+01:00,bus050,0.0
2030,sc01,01-18 12:00:00+01:00,bus011,0.0
2030,sc01,01-18 12:00:00+01:00,bus055,0.0
2030,sc01,01-18 12:00:00+01:00,bus083,0.0
2030,sc01,01-18 12:00:00+01:00,bus081,0.0
2030,sc01,01-18 12:00:00+01:00,bus022,0.0
2030,sc01,01-18 12:00:00+01:00,bus071,0.0
2030,sc01,01-18 12:00:00+01:00,bus074,0.0
2030,sc01,01-18 12:00:00+01:00,bus040,0.0
2030,sc01,01-18 12:00:00+01:00,bus099,0.0
2030,sc01,01-18 12:00:00+01:00,bus030,0.0
2030,sc01,01-18 12:00:00+01:00,bus098,0.0
2030,sc01,01-18 12:00:00+01:00,bus053,0.0
2030,sc01,01-18 12:00:00+01:00,bus085,0.0
2030,sc01,01-18 12:00:00+01:00,bus101,0.0
2030,sc01,01-18 12:00:00+01:00,bus018,0.0
2030,sc01,01-18 12:00:00+01:00,bus023,0.0
2030,sc01,01-18 12:00:00+01:00,bus088,0.0
2030,sc01,01-18 12:00:00+01:00,bus116,0.0
2030,sc01,01-18 12:00:00+01:00,bus103,0.0
2030,sc01,01-18 12:00:00+01:00,bus008,0.0
2030,sc01,01-18 12:00:00+01:00,bus105,0.0
2030,sc01,01-18 12:00:00+01:00,bus060,0.0
2030,sc01,01-18 12:00:00+01:00,bus016,0.0
2030,sc01,01-18 12:00:00+01:00,bus082,0.0
2030,sc01,01-18 12:00:00+01:00,bus047,0.0
2030,sc01,01-18 12:00:00+01:00,bus019,0.0
2030,sc01,01-18 12:00:00+01:00,bus037,0.0
2030,sc01,01-18 12:00:00+01:00,bus006,0.0
2030,sc01,01-18 12:00:00+01:00,bus080,0.0
2030,sc01,01-18 12:00:00+01:00,bus031,0.0
2030,sc01,01-18 12:00:00+01:00,bus048,0.0
2030,sc01,01-18 12:00:00+01:00,bus107,0.0
2030,sc01,01-18 12:00:00+01:00,bus049,0.0
2030,sc01,01-18 12:00:00+01:00,bus104,0.0
2030,sc01,01-18 12:00:00+01:00,bus100,0.0
2030,sc01,01-18 12:00:00+01:00,bus072,0.0
2030,sc01,01-18 12:00:00+01:00,bus039,0.0
2030,sc01,01-18 12:00:00+01:00,bus012,0.0
2030,sc01,01-18 12:00:00+01:00,bus114,0.0
2030,sc01,01-18 12:00:00+01:00,bus112,0.0
2030,sc01,01-18 12:00:00+01:00,bus058,0.0
2030,sc01,01-18 12:00:00+01:00,bus089,0.0
2030,sc01,01-18 12:00:00+01:00,bus051,0.0
2030,sc01,01-18 12:00:00+01:00,bus056,0.0
2030,sc01,01-18 12:00:00+01:00,bus092,0.0
2030,sc01,01-18 12:00:00+01:00,bus036,0.0
2030,sc01,01-18 12:00:00+01:00,bus094,0.0
2030,sc01,01-18 12:00:00+01:00,bus095,0.0
2030,sc01,01-18 12:00:00+01:00,bus113,0.0
2030,sc01,01-18 12:00:00+01:00,bus024,0.0
2030,sc01,01-18 12:00:00+01:00,bus078,0.0
2030,sc01,01-18 12:00:00+01:00,bus033,0.0
2030,sc01,01-18 12:00:00+01:00,bus079,0.0
2030,sc01,01-18 12:00:00+01:00,bus061,0.0
2030,sc01,01-18 12:00:00+01:00,bus118,0.0
2030,sc01,01-18 12:00:00+01:00,bus003,0.0
2030,sc01,01-18 12:00:00+01:00,bus070,0.0
2030,sc01,01-18 12:00:00+01:00,bus004,0.0
2030,sc01,01-18 12:00:00+01:00,bus021,0.0
2030,sc01,01-18 12:00:00+01:00,bus068,0.0
2030,sc01,01-18 12:00:00+01:00,bus028,0.0
2030,sc01,01-18 12:00:00+01:00,bus034,0.0
2030,sc01,01-18 12:00:00+01:00,bus075,0.0
2030,sc01,01-18 12:00:00+01:00,bus064,0.0
2030,sc01,01-18 12:00:00+01:00,bus106,0.0
2030,sc01,01-18 12:00:00+01:00,bus076,0.0
2030,sc01,01-18 12:00:00+01:00,bus046,0.0
2030,sc01,01-18 12:00:00+01:00,bus007,0.0
2030,sc01,01-18 12:00:00+01:00,bus035,0.0
2030,sc01,01-18 12:00:00+01:00,bus117,0.0
2030,sc01,01-18 12:00:00+01:00,bus041,0.0
2030,sc01,01-18 12:00:00+01:00,bus102,0.0
2030,sc01,01-18 12:00:00+01:00,bus026,0.0
2030,sc01,01-18 12:00:00+01:00,bus077,0.0
2030,sc01,01-18 12:00:00+01:00,bus044,0.0
2030,sc01,01-18 12:00:00+01:00,bus091,0.0
2030,sc01,01-18 12:00:00+01:00,bus062,0.0
2030,sc01,01-18 20:00:00+01:00,bus093,0.0
2030,sc01,01-18 20:00:00+01:00,bus097,0.0
2030,sc01,01-18 20:00:00+01:00,bus110,0.0
2030,sc01,01-18 20:00:00+01:00,bus042,0.0
2030,sc01,01-18 20:00:00+01:00,bus066,0.0
2030,sc01,01-18 20:00:00+01:00,bus059,0.0
2030,sc01,01-18 20:00:00+01:00,bus057,0.0
2030,sc01,01-18 20:00:00+01:00,bus067,0.0
2030,sc01,01-18 20:00:00+01:00,bus069,0.0
2030,sc01,01-18 20:00:00+01:00,bus014,0.0
2030,sc01,01-18 20:00:00+01:00,bus090,0.0
2030,sc01,01-18 20:00:00+01:00,bus002,0.0
2030,sc01,01-18 20:00:00+01:00,bus005,0.0
2030,sc01,01-18 20:00:00+01:00,bus109,0.0
2030,sc01,01-18 20:00:00+01:00,bus020,0.0
2030,sc01,01-18 20:00:00+01:00,bus065,0.0
2030,sc01,01-18 20:00:00+01:00,bus001,0.0
2030,sc01,01-18 20:00:00+01:00,bus017,0.0
2030,sc01,01-18 20:00:00+01:00,bus015,0.0
2030,sc01,01-18 20:00:00+01:00,bus054,0.0
2030,sc01,01-18 20:00:00+01:00,bus086,0.0
2030,sc01,01-18 20:00:00+01:00,bus032,0.0
2030,sc01,01-18 20:00:00+01:00,bus038,0.0
2030,sc01,01-18 20:00:00+01:00,bus108,0.0
2030,sc01,01-18 20:00:00+01:00,bus087,0.0
2030,sc01,01-18 20:00:00+01:00,bus027,0.0
2030,sc01,01-18 20:00:00+01:00,bus111,0.0
2030,sc01,01-18 20:00:00+01:00,bus025,0.0
2030,sc01,01-18 20:00:00+01:00,bus029,0.0
2030,sc01,01-18 20:00:00+01:00,bus009,0.0
2030,sc01,01-18 20:00:00+01:00,bus043,0.0
2030,sc01,01-18 20:00:00+01:00,bus045,0.0
2030,sc01,01-18 20:00:00+01:00,bus084,0.0
2030,sc01,01-18 20:00:00+01:00,bus013,0.0
2030,sc01,01-18 20:00:00+01:00,bus063,0.0
2030,sc01,01-18 20:00:00+01:00,bus115,0.0
2030,sc01,01-18 20:00:00+01:00,bus010,0.0
2030,sc01,01-18 20:00:00+01:00,bus073,0.0
2030,sc01,01-18 20:00:00+01:00,bus052,0.0
2030,sc01,01-18 20:00:00+01:00,bus096,0.0
2030,sc01,01-18 20:00:00+01:00,bus050,0.0
2030,sc01,01-18 20:00:00+01:00,bus011,0.0
2030,sc01,01-18 20:00:00+01:00,bus055,0.0
2030,sc01,01-18 20:00:00+01:00,bus083,0.0
2030,sc01,01-18 20:00:00+01:00,bus081,0.0
2030,sc01,01-18 20:00:00+01:00,bus022,0.0
2030,sc01,01-18 20:00:00+01:00,bus071,0.0
2030,sc01,01-18 20:00:00+01:00,bus074,0.0
2030,sc01,01-18 20:00:00+01:00,bus040,0.0
2030,sc01,01-18 20:00:00+01:00,bus099,0.0
2030,sc01,01-18 20:00:00+01:00,bus030,0.0
2030,sc01,01-18 20:00:00+01:00,bus098,0.0
2030,sc01,01-18 20:00:00+01:00,bus053,0.0
2030,sc01,01-18 20:00:00+01:00,bus085,0.0
2030,sc01,01-18 20:00:00+01:00,bus101,0.0
2030,sc01,01-18 20:00:00+01:00,bus018,0.0
2030,sc01,01-18 20:00:00+01:00,bus023,0.0
2030,sc01,01-18 20:00:00+01:00,bus088,0.0
2030,sc01,01-18 20:00:00+01:00,bus116,0.0
2030,sc01,01-18 20:00:00+01:00,bus103,0.0
2030,sc01,01-18 20:00:00+01:00,bus008,0.0
2030,sc01,01-18 20:00:00+01:00,bus105,0.0
2030,sc01,01-18 20:00:00+01:00,bus060,0.0
2030,sc01,01-18 20:00:00+01:00,bus016,0.0
2030,sc01,01-18 20:00:00+01:00,bus082,0.0
2030,sc01,01-18 20:00:00+01:00,bus047,0.0
2030,sc01,01-18 20:00:00+01:00,bus019,0.0
2030,sc01,01-18 20:00:00+01:00,bus037,0.0
2030,sc01,01-18 20:00:00+01:00,bus006,0.0
2030,sc01,01-18 20:00:00+01:00,bus080,0.0
2030,sc01,01-18 20:00:00+01:00,bus031,0.0
2030,sc01,01-18 20:00:00+01:00,bus048,0.0
2030,sc01,01-18 20:00:00+01:00,bus107,0.0
2030,sc01,01-18 20:00:00+01:00,bus049,0.0
2030,sc01,01-18 20:00:00+01:00,bus104,0.0
2030,sc01,01-18 20:00:00+01:00,bus100,0.0
2030,sc01,01-18 20:00:00+01:00,bus072,0.0
2030,sc01,01-18 20:00:00+01:00,bus039,0.0
2030,sc01,01-18 20:00:00+01:00,bus012,0.0
2030,sc01,01-18 20:00:00+01:00,bus114,0.0
2030,sc01,01-18 20:00:00+01:00,bus112,0.0
2030,sc01,01-18 20:00:00+01:00,bus058,0.0
2030,sc01,01-18 20:00:00+01:00,bus089,0.0
2030,sc01,01-18 20:00:00+01:00,bus051,0.0
2030,sc01,01-18 20:00:00+01:00,bus056,0.0
2030,sc01,01-18 20:00:00+01:00,bus092,0.0
2030,sc01,01-18 20:00:00+01:00,bus036,0.0
2030,sc01,01-18 20:00:00+01:00,bus094,0.0
2030,sc01,01-18 20:00:00+01:00,bus095,0.0
2030,sc01,01-18 20:00:00+01:00,bus113,0.0
2030,sc01,01-18 20:00:00+01:00,bus024,0.0
2030,sc01,01-18 20:00:00+01:00,bus078,0.0
2030,sc01,01-18 20:00:00+01:00,bus033,0.0
2030,sc01,01-18 20:00:00+01:00,bus079,0.0
2030,sc01,01-18 20:00:00+01:00,bus061,0.0
2030,sc01,01-18 20:00:00+01:00,bus118,0.0
2030,sc01,01-18 20:00:00+01:00,bus003,0.0
2030,sc01,01-18 20:00:00+01:00,bus070,0.0
2030,sc01,01-18 20:00:00+01:00,bus004,0.0
2030,sc01,01-18 20:00:00+01:00,bus021,0.0
2030,sc01,01-18 20:00:00+01:00,bus068,0.0
2030,sc01,01-18 20:00:00+01:00,bus028,0.0
2030,sc01,01-18 20:00:00+01:00,bus034,0.0
2030,sc01,01-18 20:00:00+01:00,bus075,0.0
2030,sc01,01-18 20:00:00+01:00,bus064,0.0
2030,sc01,01-18 20:00:00+01:00,bus106,0.0
2030,sc01,01-18 20:00:00+01:00,bus076,0.0
2030,sc01,01-18 20:00:00+01:00,bus046,0.0
2030,sc01,01-18 20:00:00+01:00,bus007,0.0
2030,sc01,01-18 20:00:00+01:00,bus035,0.0
2030,sc01,01-18 20:00:00+01:00,bus117,0.0
2030,sc01,01-18 20:00:00+01:00,bus041,0.0
2030,sc01,01-18 20:00:00+01:00,bus102,0.0
2030,sc01,01-18 20:00:00+01:00,bus026,0.0
2030,sc01,01-18 20:00:00+01:00,bus077,0.0
2030,sc01,01-18 20:00:00+01:00,bus044,0.0
2030,sc01,01-18 20:00:00+01:00,bus091,0.0
2030,sc01,01-18 20:00:00+01:00,bus062,0.0
2030,sc01,01-19 02:00:00+01:00,bus093,0.0
2030,sc01,01-19 02:00:00+01:00,bus097,0.0
2030,sc01,01-19 02:00:00+01:00,bus110,0.0
2030,sc01,01-19 02:00:00+01:00,bus042,0.0
2030,sc01,01-19 02:00:00+01:00,bus066,0.0
2030,sc01,01-19 02:00:00+01:00,bus059,0.0
2030,sc01,01-19 02:00:00+01:00,bus057,0.0
2030,sc01,01-19 02:00:00+01:00,bus067,0.0
2030,sc01,01-19 02:00:00+01:00,bus069,0.0
2030,sc01,01-19 02:00:00+01:00,bus014,0.0
2030,sc01,01-19 02:00:00+01:00,bus090,0.0
2030,sc01,01-19 02:00:00+01:00,bus002,0.0
2030,sc01,01-19 02:00:00+01:00,bus005,0.0
2030,sc01,01-19 02:00:00+01:00,bus109,0.0
2030,sc01,01-19 02:00:00+01:00,bus020,0.0
2030,sc01,01-19 02:00:00+01:00,bus065,0.0
2030,sc01,01-19 02:00:00+01:00,bus001,0.0
2030,sc01,01-19 02:00:00+01:00,bus017,0.0
2030,sc01,01-19 02:00:00+01:00,bus015,0.0
2030,sc01,01-19 02:00:00+01:00,bus054,0.0
2030,sc01,01-19 02:00:00+01:00,bus086,0.0
2030,sc01,01-19 02:00:00+01:00,bus032,0.0
2030,sc01,01-19 02:00:00+01:00,bus038,0.0
2030,sc01,01-19 02:00:00+01:00,bus108,0.0
2030,sc01,01-19 02:00:00+01:00,bus087,0.0
2030,sc01,01-19 02:00:00+01:00,bus027,0.0
2030,sc01,01-19 02:00:00+01:00,bus111,0.0
2030,sc01,01-19 02:00:00+01:00,bus025,0.0
2030,sc01,01-19 02:00:00+01:00,bus029,0.0
2030,sc01,01-19 02:00:00+01:00,bus009,0.0
2030,sc01,01-19 02:00:00+01:00,bus043,0.0
2030,sc01,01-19 02:00:00+01:00,bus045,0.0
2030,sc01,01-19 02:00:00+01:00,bus084,0.0
2030,sc01,01-19 02:00:00+01:00,bus013,0.0
2030,sc01,01-19 02:00:00+01:00,bus063,0.0
2030,sc01,01-19 02:00:00+01:00,bus115,0.0
2030,sc01,01-19 02:00:00+01:00,bus010,0.0
2030,sc01,01-19 02:00:00+01:00,bus073,0.0
2030,sc01,01-19 02:00:00+01:00,bus052,0.0
2030,sc01,01-19 02:00:00+01:00,bus096,0.0
2030,sc01,01-19 02:00:00+01:00,bus050,0.0
2030,sc01,01-19 02:00:00+01:00,bus011,0.0
2030,sc01,01-19 02:00:00+01:00,bus055,0.0
2030,sc01,01-19 02:00:00+01:00,bus083,0.0
2030,sc01,01-19 02:00:00+01:00,bus081,0.0
2030,sc01,01-19 02:00:00+01:00,bus022,0.0
2030,sc01,01-19 02:00:00+01:00,bus071,0.0
2030,sc01,01-19 02:00:00+01:00,bus074,0.0
2030,sc01,01-19 02:00:00+01:00,bus040,0.0
2030,sc01,01-19 02:00:00+01:00,bus099,0.0
2030,sc01,01-19 02:00:00+01:00,bus030,0.0
2030,sc01,01-19 02:00:00+01:00,bus098,0.0
2030,sc01,01-19 02:00:00+01:00,bus053,0.0
2030,sc01,01-19 02:00:00+01:00,bus085,0.0
2030,sc01,01-19 02:00:00+01:00,bus101,0.0
2030,sc01,01-19 02:00:00+01:00,bus018,0.0
2030,sc01,01-19 02:00:00+01:00,bus023,0.0
2030,sc01,01-19 02:00:00+01:00,bus088,0.0
2030,sc01,01-19 02:00:00+01:00,bus116,0.0
2030,sc01,01-19 02:00:00+01:00,bus103,0.0
2030,sc01,01-19 02:00:00+01:00,bus008,0.0
2030,sc01,01-19 02:00:00+01:00,bus105,0.0
2030,sc01,01-19 02:00:00+01:00,bus060,0.0
2030,sc01,01-19 02:00:00+01:00,bus016,0.0
2030,sc01,01-19 02:00:00+01:00,bus082,0.0
2030,sc01,01-19 02:00:00+01:00,bus047,0.0
2030,sc01,01-19 02:00:00+01:00,bus019,0.0
2030,sc01,01-19 02:00:00+01:00,bus037,0.0
2030,sc01,01-19 02:00:00+01:00,bus006,0.0
2030,sc01,01-19 02:00:00+01:00,bus080,0.0
2030,sc01,01-19 02:00:00+01:00,bus031,0.0
2030,sc01,01-19 02:00:00+01:00,bus048,0.0
2030,sc01,01-19 02:00:00+01:00,bus107,0.0
2030,sc01,01-19 02:00:00+01:00,bus049,0.0
2030,sc01,01-19 02:00:00+01:00,bus104,0.0
2030,sc01,01-19 02:00:00+01:00,bus100,0.0
2030,sc01,01-19 02:00:00+01:00,bus072,0.0
2030,sc01,01-19 02:00:00+01:00,bus039,0.0
2030,sc01,01-19 02:00:00+01:00,bus012,0.0
2030,sc01,01-19 02:00:00+01:00,bus114,0.0
2030,sc01,01-19 02:00:00+01:00,bus112,0.0
2030,sc01,01-19 02:00:00+01:00,bus058,0.0
2030,sc01,01-19 02:00:00+01:00,bus089,0.0
2030,sc01,01-19 02:00:00+01:00,bus051,0.0
2030,sc01,01-19 02:00:00+01:00,bus056,0.0
2030,sc01,01-19 02:00:00+01:00,bus092,0.0
2030,sc01,01-19 02:00:00+01:00,bus036,0.0
2030,sc01,01-19 02:00:00+01:00,bus094,0.0
2030,sc01,01-19 02:00:00+01:00,bus095,0.0
2030,sc01,01-19 02:00:00+01:00,bus113,0.0
2030,sc01,01-19 02:00:00+01:00,bus024,0.0
2030,sc01,01-19 02:00:00+01:00,bus078,0.0
2030,sc01,01-19 02:00:00+01:00,bus033,0.0
2030,sc01,01-19 02:00:00+01:00,bus079,0.0
2030,sc01,01-19 02:00:00+01:00,bus061,0.0
2030,sc01,01-19 02:00:00+01:00,bus118,0.0
2030,sc01,01-19 02:00:00+01:00,bus003,0.0
2030,sc01,01-19 02:00:00+01:00,bus070,0.0
2030,sc01,01-19 02:00:00+01:00,bus004,0.0
2030,sc01,01-19 02:00:00+01:00,bus021,0.0
2030,sc01,01-19 02:00:00+01:00,bus068,0.0
2030,sc01,01-19 02:00:00+01:00,bus028,0.0
2030,sc01,01-19 02:00:00+01:00,bus034,0.0
2030,sc01,01-19 02:00:00+01:00,bus075,0.0
2030,sc01,01-19 02:00:00+01:00,bus064,0.0
2030,sc01,01-19 02:00:00+01:00,bus106,0.0
2030,sc01,01-19 02:00:00+01:00,bus076,0.0
2030,sc01,01-19 02:00:00+01:00,bus046,0.0
2030,sc01,01-19 02:00:00+01:00,bus007,0.0
2030,sc01,01-19 02:00:00+01:00,bus035,0.0
2030,sc01,01-19 02:00:00+01:00,bus117,0.0
2030,sc01,01-19 02:00:00+01:00,bus041,0.0
2030,sc01,01-19 02:00:00+01:00,bus102,0.0
2030,sc01,01-19 02:00:00+01:00,bus026,0.0
2030,sc01,01-19 02:00:00+01:00,bus077,0.0
2030,sc01,01-19 02:00:00+01:00,bus044,0.0
2030,sc01,01-19 02:00:00+01:00,bus091,0.0
2030,sc01,01-19 02:00:00+01:00,bus062,0.0
2030,sc01,01-19 13:00:00+01:00,bus093,0.0
2030,sc01,01-19 13:00:00+01:00,bus097,0.0
2030,sc01,01-19 13:00:00+01:00,bus110,0.0
2030,sc01,01-19 13:00:00+01:00,bus042,0.0
2030,sc01,01-19 13:00:00+01:00,bus066,0.0
2030,sc01,01-19 13:00:00+01:00,bus059,0.0
2030,sc01,01-19 13:00:00+01:00,bus057,0.0
2030,sc01,01-19 13:00:00+01:00,bus067,0.0
2030,sc01,01-19 13:00:00+01:00,bus069,0.0
2030,sc01,01-19 13:00:00+01:00,bus014,0.0
2030,sc01,01-19 13:00:00+01:00,bus090,0.0
2030,sc01,01-19 13:00:00+01:00,bus002,0.0
2030,sc01,01-19 13:00:00+01:00,bus005,0.0
2030,sc01,01-19 13:00:00+01:00,bus109,0.0
2030,sc01,01-19 13:00:00+01:00,bus020,0.0
2030,sc01,01-19 13:00:00+01:00,bus065,0.0
2030,sc01,01-19 13:00:00+01:00,bus001,0.0
2030,sc01,01-19 13:00:00+01:00,bus017,0.0
2030,sc01,01-19 13:00:00+01:00,bus015,0.0
2030,sc01,01-19 13:00:00+01:00,bus054,0.0
2030,sc01,01-19 13:00:00+01:00,bus086,0.0
2030,sc01,01-19 13:00:00+01:00,bus032,0.0
2030,sc01,01-19 13:00:00+01:00,bus038,0.0
2030,sc01,01-19 13:00:00+01:00,bus108,0.0
2030,sc01,01-19 13:00:00+01:00,bus087,0.0
2030,sc01,01-19 13:00:00+01:00,bus027,0.0
2030,sc01,01-19 13:00:00+01:00,bus111,0.0
2030,sc01,01-19 13:00:00+01:00,bus025,0.0
2030,sc01,01-19 13:00:00+01:00,bus029,0.0
2030,sc01,01-19 13:00:00+01:00,bus009,0.0
2030,sc01,01-19 13:00:00+01:00,bus043,0.0
2030,sc01,01-19 13:00:00+01:00,bus045,0.0
2030,sc01,01-19 13:00:00+01:00,bus084,0.0
2030,sc01,01-19 13:00:00+01:00,bus013,0.0
2030,sc01,01-19 13:00:00+01:00,bus063,0.0
2030,sc01,01-19 13:00:00+01:00,bus115,0.0
2030,sc01,01-19 13:00:00+01:00,bus010,0.0
2030,sc01,01-19 13:00:00+01:00,bus073,0.0
2030,sc01,01-19 13:00:00+01:00,bus052,0.0
2030,sc01,01-19 13:00:00+01:00,bus096,0.0
2030,sc01,01-19 13:00:00+01:00,bus050,0.0
2030,sc01,01-19 13:00:00+01:00,bus011,0.0
2030,sc01,01-19 13:00:00+01:00,bus055,0.0
2030,sc01,01-19 13:00:00+01:00,bus083,0.0
2030,sc01,01-19 13:00:00+01:00,bus081,0.0
2030,sc01,01-19 13:00:00+01:00,bus022,0.0
2030,sc01,01-19 13:00:00+01:00,bus071,0.0
2030,sc01,01-19 13:00:00+01:00,bus074,0.0
2030,sc01,01-19 13:00:00+01:00,bus040,0.0
2030,sc01,01-19 13:00:00+01:00,bus099,0.0
2030,sc01,01-19 13:00:00+01:00,bus030,0.0
2030,sc01,01-19 13:00:00+01:00,bus098,0.0
2030,sc01,01-19 13:00:00+01:00,bus053,0.0
2030,sc01,01-19 13:00:00+01:00,bus085,0.0
2030,sc01,01-19 13:00:00+01:00,bus101,0.0
2030,sc01,01-19 13:00:00+01:00,bus018,0.0
2030,sc01,01-19 13:00:00+01:00,bus023,0.0
2030,sc01,01-19 13:00:00+01:00,bus088,0.0
2030,sc01,01-19 13:00:00+01:00,bus116,0.0
2030,sc01,01-19 13:00:00+01:00,bus103,0.0
2030,sc01,01-19 13:00:00+01:00,bus008,0.0
2030,sc01,01-19 13:00:00+01:00,bus105,0.0
2030,sc01,01-19 13:00:00+01:00,bus060,0.0
2030,sc01,01-19 13:00:00+01:00,bus016,0.0
2030,sc01,01-19 13:00:00+01:00,bus082,0.0
2030,sc01,01-19 13:00:00+01:00,bus047,0.0
2030,sc01,01-19 13:00:00+01:00,bus019,0.0
2030,sc01,01-19 13:00:00+01:00,bus037,0.0
2030,sc01,01-19 13:00:00+01:00,bus006,0.0
2030,sc01,01-19 13:00:00+01:00,bus080,0.0
2030,sc01,01-19 13:00:00+01:00,bus031,0.0
2030,sc01,01-19 13:00:00+01:00,bus048,0.0
2030,sc01,01-19 13:00:00+01:00,bus107,0.0
2030,sc01,01-19 13:00:00+01:00,bus049,0.0
2030,sc01,01-19 13:00:00+01:00,bus104,0.0
2030,sc01,01-19 13:00:00+01:00,bus100,0.0
2030,sc01,01-19 13:00:00+01:00,bus072,0.0
2030,sc01,01-19 13:00:00+01:00,bus039,0.0
2030,sc01,01-19 13:00:00+01:00,bus012,0.0
2030,sc01,01-19 13:00:00+01:00,bus114,0.0
2030,sc01,01-19 13:00:00+01:00,bus112,0.0
2030,sc01,01-19 13:00:00+01:00,bus058,0.0
2030,sc01,01-19 13:00:00+01:00,bus089,0.0
2030,sc01,01-19 13:00:00+01:00,bus051,0.0
2030,sc01,01-19 13:00:00+01:00,bus056,0.0
2030,sc01,01-19 13:00:00+01:00,bus092,0.0
2030,sc01,01-19 13:00:00+01:00,bus036,0.0
2030,sc01,01-19 13:00:00+01:00,bus094,0.0
2030,sc01,01-19 13:00:00+01:00,bus095,0.0
2030,sc01,01-19 13:00:00+01:00,bus113,0.0
2030,sc01,01-19 13:00:00+01:00,bus024,0.0
2030,sc01,01-19 13:00:00+01:00,bus078,0.0
2030,sc01,01-19 13:00:00+01:00,bus033,0.0
2030,sc01,01-19 13:00:00+01:00,bus079,0.0
2030,sc01,01-19 13:00:00+01:00,bus061,0.0
2030,sc01,01-19 13:00:00+01:00,bus118,0.0
2030,sc01,01-19 13:00:00+01:00,bus003,0.0
2030,sc01,01-19 13:00:00+01:00,bus070,0.0
2030,sc01,01-19 13:00:00+01:00,bus004,0.0
2030,sc01,01-19 13:00:00+01:00,bus021,0.0
2030,sc01,01-19 13:00:00+01:00,bus068,0.0
2030,sc01,01-19 13:00:00+01:00,bus028,0.0
2030,sc01,01-19 13:00:00+01:00,bus034,0.0
2030,sc01,01-19 13:00:00+01:00,bus075,0.0
2030,sc01,01-19 13:00:00+01:00,bus064,0.0
2030,sc01,01-19 13:00:00+01:00,bus106,0.0
2030,sc01,01-19 13:00:00+01:00,bus076,0.0
2030,sc01,01-19 13:00:00+01:00,bus046,0.0
2030,sc01,01-19 13:00:00+01:00,bus007,0.0
2030,sc01,01-19 13:00:00+01:00,bus035,0.0
2030,sc01,01-19 13:00:00+01:00,bus117,0.0
2030,sc01,01-19 13:00:00+01:00,bus041,0.0
2030,sc01,01-19 13:00:00+01:00,bus102,0.0
2030,sc01,01-19 13:00:00+01:00,bus026,0.0
2030,sc01,01-19 13:00:00+01:00,bus077,0.0
2030,sc01,01-19 13:00:00+01:00,bus044,0.0
2030,sc01,01-19 13:00:00+01:00,bus091,0.0
2030,sc01,01-19 13:00:00+01:00,bus062,0.0
2030,sc01,01-20 02:00:00+01:00,bus093,0.0
2030,sc01,01-20 02:00:00+01:00,bus097,0.0
2030,sc01,01-20 02:00:00+01:00,bus110,0.0
2030,sc01,01-20 02:00:00+01:00,bus042,0.0
2030,sc01,01-20 02:00:00+01:00,bus066,0.0
2030,sc01,01-20 02:00:00+01:00,bus059,0.0
2030,sc01,01-20 02:00:00+01:00,bus057,0.0
2030,sc01,01-20 02:00:00+01:00,bus067,0.0
2030,sc01,01-20 02:00:00+01:00,bus069,0.0
2030,sc01,01-20 02:00:00+01:00,bus014,0.0
2030,sc01,01-20 02:00:00+01:00,bus090,0.0
2030,sc01,01-20 02:00:00+01:00,bus002,0.0
2030,sc01,01-20 02:00:00+01:00,bus005,0.0
2030,sc01,01-20 02:00:00+01:00,bus109,0.0
2030,sc01,01-20 02:00:00+01:00,bus020,0.0
2030,sc01,01-20 02:00:00+01:00,bus065,0.0
2030,sc01,01-20 02:00:00+01:00,bus001,0.0
2030,sc01,01-20 02:00:00+01:00,bus017,0.0
2030,sc01,01-20 02:00:00+01:00,bus015,0.0
2030,sc01,01-20 02:00:00+01:00,bus054,0.0
2030,sc01,01-20 02:00:00+01:00,bus086,0.0
2030,sc01,01-20 02:00:00+01:00,bus032,0.0
2030,sc01,01-20 02:00:00+01:00,bus038,0.0
2030,sc01,01-20 02:00:00+01:00,bus108,0.0
2030,sc01,01-20 02:00:00+01:00,bus087,0.0
2030,sc01,01-20 02:00:00+01:00,bus027,0.0
2030,sc01,01-20 02:00:00+01:00,bus111,0.0
2030,sc01,01-20 02:00:00+01:00,bus025,0.0
2030,sc01,01-20 02:00:00+01:00,bus029,0.0
2030,sc01,01-20 02:00:00+01:00,bus009,0.0
2030,sc01,01-20 02:00:00+01:00,bus043,0.0
2030,sc01,01-20 02:00:00+01:00,bus045,0.0
2030,sc01,01-20 02:00:00+01:00,bus084,0.0
2030,sc01,01-20 02:00:00+01:00,bus013,0.0
2030,sc01,01-20 02:00:00+01:00,bus063,0.0
2030,sc01,01-20 02:00:00+01:00,bus115,0.0
2030,sc01,01-20 02:00:00+01:00,bus010,0.0
2030,sc01,01-20 02:00:00+01:00,bus073,0.0
2030,sc01,01-20 02:00:00+01:00,bus052,0.0
2030,sc01,01-20 02:00:00+01:00,bus096,0.0
2030,sc01,01-20 02:00:00+01:00,bus050,0.0
2030,sc01,01-20 02:00:00+01:00,bus011,0.0
2030,sc01,01-20 02:00:00+01:00,bus055,0.0
2030,sc01,01-20 02:00:00+01:00,bus083,0.0
2030,sc01,01-20 02:00:00+01:00,bus081,0.0
2030,sc01,01-20 02:00:00+01:00,bus022,0.0
2030,sc01,01-20 02:00:00+01:00,bus071,0.0
2030,sc01,01-20 02:00:00+01:00,bus074,0.0
2030,sc01,01-20 02:00:00+01:00,bus040,0.0
2030,sc01,01-20 02:00:00+01:00,bus099,0.0
2030,sc01,01-20 02:00:00+01:00,bus030,0.0
2030,sc01,01-20 02:00:00+01:00,bus098,0.0
2030,sc01,01-20 02:00:00+01:00,bus053,0.0
2030,sc01,01-20 02:00:00+01:00,bus085,0.0
2030,sc01,01-20 02:00:00+01:00,bus101,0.0
2030,sc01,01-20 02:00:00+01:00,bus018,0.0
2030,sc01,01-20 02:00:00+01:00,bus023,0.0
2030,sc01,01-20 02:00:00+01:00,bus088,0.0
2030,sc01,01-20 02:00:00+01:00,bus116,0.0
2030,sc01,01-20 02:00:00+01:00,bus103,0.0
2030,sc01,01-20 02:00:00+01:00,bus008,0.0
2030,sc01,01-20 02:00:00+01:00,bus105,0.0
2030,sc01,01-20 02:00:00+01:00,bus060,0.0
2030,sc01,01-20 02:00:00+01:00,bus016,0.0
2030,sc01,01-20 02:00:00+01:00,bus082,0.0
2030,sc01,01-20 02:00:00+01:00,bus047,0.0
2030,sc01,01-20 02:00:00+01:00,bus019,0.0
2030,sc01,01-20 02:00:00+01:00,bus037,0.0
2030,sc01,01-20 02:00:00+01:00,bus006,0.0
2030,sc01,01-20 02:00:00+01:00,bus080,0.0
2030,sc01,01-20 02:00:00+01:00,bus031,0.0
2030,sc01,01-20 02:00:00+01:00,bus048,0.0
2030,sc01,01-20 02:00:00+01:00,bus107,0.0
2030,sc01,01-20 02:00:00+01:00,bus049,0.0
2030,sc01,01-20 02:00:00+01:00,bus104,0.0
2030,sc01,01-20 02:00:00+01:00,bus100,0.0
2030,sc01,01-20 02:00:00+01:00,bus072,0.0
2030,sc01,01-20 02:00:00+01:00,bus039,0.0
2030,sc01,01-20 02:00:00+01:00,bus012,0.0
2030,sc01,01-20 02:00:00+01:00,bus114,0.0
2030,sc01,01-20 02:00:00+01:00,bus112,0.0
2030,sc01,01-20 02:00:00+01:00,bus058,0.0
2030,sc01,01-20 02:00:00+01:00,bus089,0.0
2030,sc01,01-20 02:00:00+01:00,bus051,0.0
2030,sc01,01-20 02:00:00+01:00,bus056,0.0
2030,sc01,01-20 02:00:00+01:00,bus092,0.0
2030,sc01,01-20 02:00:00+01:00,bus036,0.0
2030,sc01,01-20 02:00:00+01:00,bus094,0.0
2030,sc01,01-20 02:00:00+01:00,bus095,0.0
2030,sc01,01-20 02:00:00+01:00,bus113,0.0
2030,sc01,01-20 02:00:00+01:00,bus024,0.0
2030,sc01,01-20 02:00:00+01:00,bus078,0.0
2030,sc01,01-20 02:00:00+01:00,bus033,0.0
2030,sc01,01-20 02:00:00+01:00,bus079,0.0
2030,sc01,01-20 02:00:00+01:00,bus061,0.0
2030,sc01,01-20 02:00:00+01:00,bus118,0.0
2030,sc01,01-20 02:00:00+01:00,bus003,0.0
2030,sc01,01-20 02:00:00+01:00,bus070,0.0
2030,sc01,01-20 02:00:00+01:00,bus004,0.0
2030,sc01,01-20 02:00:00+01:00,bus021,0.0
2030,sc01,01-20 02:00:00+01:00,bus068,0.0
2030,sc01,01-20 02:00:00+01:00,bus028,0.0
2030,sc01,01-20 02:00:00+01:00,bus034,0.0
2030,sc01,01-20 02:00:00+01:00,bus075,0.0
2030,sc01,01-20 02:00:00+01:00,bus064,0.0
2030,sc01,01-20 02:00:00+01:00,bus106,0.0
2030,sc01,01-20 02:00:00+01:00,bus076,0.0
2030,sc01,01-20 02:00:00+01:00,bus046,0.0
2030,sc01,01-20 02:00:00+01:00,bus007,0.0
2030,sc01,01-20 02:00:00+01:00,bus035,0.0
2030,sc01,01-20 02:00:00+01:00,bus117,0.0
2030,sc01,01-20 02:00:00+01:00,bus041,0.0
2030,sc01,01-20 02:00:00+01:00,bus102,0.0
2030,sc01,01-20 02:00:00+01:00,bus026,0.0
2030,sc01,01-20 02:00:00+01:00,bus077,0.0
2030,sc01,01-20 02:00:00+01:00,bus044,0.0
2030,sc01,01-20 02:00:00+01:00,bus091,0.0
2030,sc01,01-20 02:00:00+01:00,bus062,0.0
2030,sc01,01-21 11:00:00+01:00,bus093,0.0
2030,sc01,01-21 11:00:00+01:00,bus097,0.0
2030,sc01,01-21 11:00:00+01:00,bus110,0.0
2030,sc01,01-21 11:00:00+01:00,bus042,0.0
2030,sc01,01-21 11:00:00+01:00,bus066,0.0
2030,sc01,01-21 11:00:00+01:00,bus059,0.0
2030,sc01,01-21 11:00:00+01:00,bus057,0.0
2030,sc01,01-21 11:00:00+01:00,bus067,0.0
2030,sc01,01-21 11:00:00+01:00,bus069,0.0
2030,sc01,01-21 11:00:00+01:00,bus014,0.0
2030,sc01,01-21 11:00:00+01:00,bus090,0.0
2030,sc01,01-21 11:00:00+01:00,bus002,0.0
2030,sc01,01-21 11:00:00+01:00,bus005,0.0
2030,sc01,01-21 11:00:00+01:00,bus109,0.0
2030,sc01,01-21 11:00:00+01:00,bus020,0.0
2030,sc01,01-21 11:00:00+01:00,bus065,0.0
2030,sc01,01-21 11:00:00+01:00,bus001,0.0
2030,sc01,01-21 11:00:00+01:00,bus017,0.0
2030,sc01,01-21 11:00:00+01:00,bus015,0.0
2030,sc01,01-21 11:00:00+01:00,bus054,0.0
2030,sc01,01-21 11:00:00+01:00,bus086,0.0
2030,sc01,01-21 11:00:00+01:00,bus032,0.0
2030,sc01,01-21 11:00:00+01:00,bus038,0.0
2030,sc01,01-21 11:00:00+01:00,bus108,0.0
2030,sc01,01-21 11:00:00+01:00,bus087,0.0
2030,sc01,01-21 11:00:00+01:00,bus027,0.0
2030,sc01,01-21 11:00:00+01:00,bus111,0.0
2030,sc01,01-21 11:00:00+01:00,bus025,0.0
2030,sc01,01-21 11:00:00+01:00,bus029,0.0
2030,sc01,01-21 11:00:00+01:00,bus009,0.0
2030,sc01,01-21 11:00:00+01:00,bus043,0.0
2030,sc01,01-21 11:00:00+01:00,bus045,0.0
2030,sc01,01-21 11:00:00+01:00,bus084,0.0
2030,sc01,01-21 11:00:00+01:00,bus013,0.0
2030,sc01,01-21 11:00:00+01:00,bus063,0.0
2030,sc01,01-21 11:00:00+01:00,bus115,0.0
2030,sc01,01-21 11:00:00+01:00,bus010,0.0
2030,sc01,01-21 11:00:00+01:00,bus073,0.0
2030,sc01,01-21 11:00:00+01:00,bus052,0.0
2030,sc01,01-21 11:00:00+01:00,bus096,0.0
2030,sc01,01-21 11:00:00+01:00,bus050,0.0
2030,sc01,01-21 11:00:00+01:00,bus011,0.0
2030,sc01,01-21 11:00:00+01:00,bus055,0.0
2030,sc01,01-21 11:00:00+01:00,bus083,0.0
2030,sc01,01-21 11:00:00+01:00,bus081,0.0
2030,sc01,01-21 11:00:00+01:00,bus022,0.0
2030,sc01,01-21 11:00:00+01:00,bus071,0.0
2030,sc01,01-21 11:00:00+01:00,bus074,0.0
2030,sc01,01-21 11:00:00+01:00,bus040,0.0
2030,sc01,01-21 11:00:00+01:00,bus099,0.0
2030,sc01,01-21 11:00:00+01:00,bus030,0.0
2030,sc01,01-21 11:00:00+01:00,bus098,0.0
2030,sc01,01-21 11:00:00+01:00,bus053,0.0
2030,sc01,01-21 11:00:00+01:00,bus085,0.0
2030,sc01,01-21 11:00:00+01:00,bus101,0.0
2030,sc01,01-21 11:00:00+01:00,bus018,0.0
2030,sc01,01-21 11:00:00+01:00,bus023,0.0
2030,sc01,01-21 11:00:00+01:00,bus088,0.0
2030,sc01,01-21 11:00:00+01:00,bus116,0.0
2030,sc01,01-21 11:00:00+01:00,bus103,0.0
2030,sc01,01-21 11:00:00+01:00,bus008,0.0
2030,sc01,01-21 11:00:00+01:00,bus105,0.0
2030,sc01,01-21 11:00:00+01:00,bus060,0.0
2030,sc01,01-21 11:00:00+01:00,bus016,0.0
2030,sc01,01-21 11:00:00+01:00,bus082,0.0
2030,sc01,01-21 11:00:00+01:00,bus047,0.0
2030,sc01,01-21 11:00:00+01:00,bus019,0.0
2030,sc01,01-21 11:00:00+01:00,bus037,0.0
2030,sc01,01-21 11:00:00+01:00,bus006,0.0
2030,sc01,01-21 11:00:00+01:00,bus080,0.0
2030,sc01,01-21 11:00:00+01:00,bus031,0.0
2030,sc01,01-21 11:00:00+01:00,bus048,0.0
2030,sc01,01-21 11:00:00+01:00,bus107,0.0
2030,sc01,01-21 11:00:00+01:00,bus049,0.0
2030,sc01,01-21 11:00:00+01:00,bus104,0.0
2030,sc01,01-21 11:00:00+01:00,bus100,0.0
2030,sc01,01-21 11:00:00+01:00,bus072,0.0
2030,sc01,01-21 11:00:00+01:00,bus039,0.0
2030,sc01,01-21 11:00:00+01:00,bus012,0.0
2030,sc01,01-21 11:00:00+01:00,bus114,0.0
2030,sc01,01-21 11:00:00+01:00,bus112,0.0
2030,sc01,01-21 11:00:00+01:00,bus058,0.0
2030,sc01,01-21 11:00:00+01:00,bus089,0.0
2030,sc01,01-21 11:00:00+01:00,bus051,0.0
2030,sc01,01-21 11:00:00+01:00,bus056,0.0
2030,sc01,01-21 11:00:00+01:00,bus092,0.0
2030,sc01,01-21 11:00:00+01:00,bus036,0.0
2030,sc01,01-21 11:00:00+01:00,bus094,0.0
2030,sc01,01-21 11:00:00+01:00,bus095,0.0
2030,sc01,01-21 11:00:00+01:00,bus113,0.0
2030,sc01,01-21 11:00:00+01:00,bus024,0.0
2030,sc01,01-21 11:00:00+01:00,bus078,0.0
2030,sc01,01-21 11:00:00+01:00,bus033,0.0
2030,sc01,01-21 11:00:00+01:00,bus079,0.0
2030,sc01,01-21 11:00:00+01:00,bus061,0.0
2030,sc01,01-21 11:00:00+01:00,bus118,0.0
2030,sc01,01-21 11:00:00+01:00,bus003,0.0
2030,sc01,01-21 11:00:00+01:00,bus070,0.0
2030,sc01,01-21 11:00:00+01:00,bus004,0.0
2030,sc01,01-21 11:00:00+01:00,bus021,0.0
2030,sc01,01-21 11:00:00+01:00,bus068,0.0
2030,sc01,01-21 11:00:00+01:00,bus028,0.0
2030,sc01,01-21 11:00:00+01:00,bus034,0.0
2030,sc01,01-21 11:00:00+01:00,bus075,0.0
2030,sc01,01-21 11:00:00+01:00,bus064,0.0
2030,sc01,01-21 11:00:00+01:00,bus106,0.0
2030,sc01,01-21 11:00:00+01:00,bus076,0.0
2030,sc01,01-21 11:00:00+01:00,bus046,0.0
2030,sc01,01-21 11:00:00+01:00,bus007,0.0
2030,sc01,01-21 11:00:00+01:00,bus035,0.0
2030,sc01,01-21 11:00:00+01:00,bus117,0.0
2030,sc01,01-21 11:00:00+01:00,bus041,0.0
2030,sc01,01-21 11:00:00+01:00,bus102,0.0
2030,sc01,01-21 11:00:00+01:00,bus026,0.0
2030,sc01,01-21 11:00:00+01:00,bus077,0.0
2030,sc01,01-21 11:00:00+01:00,bus044,0.0
2030,sc01,01-21 11:00:00+01:00,bus091,0.0
2030,sc01,01-21 11:00:00+01:00,bus062,0.0
2030,sc01,01-21 19:00:00+01:00,bus093,0.0
2030,sc01,01-21 19:00:00+01:00,bus097,0.0
2030,sc01,01-21 19:00:00+01:00,bus110,0.0
2030,sc01,01-21 19:00:00+01:00,bus042,0.0
2030,sc01,01-21 19:00:00+01:00,bus066,0.0
2030,sc01,01-21 19:00:00+01:00,bus059,0.0
2030,sc01,01-21 19:00:00+01:00,bus057,0.0
2030,sc01,01-21 19:00:00+01:00,bus067,0.0
2030,sc01,01-21 19:00:00+01:00,bus069,0.0
2030,sc01,01-21 19:00:00+01:00,bus014,0.0
2030,sc01,01-21 19:00:00+01:00,bus090,0.0
2030,sc01,01-21 19:00:00+01:00,bus002,0.0
2030,sc01,01-21 19:00:00+01:00,bus005,0.0
2030,sc01,01-21 19:00:00+01:00,bus109,0.0
2030,sc01,01-21 19:00:00+01:00,bus020,0.0
2030,sc01,01-21 19:00:00+01:00,bus065,0.0
2030,sc01,01-21 19:00:00+01:00,bus001,0.0
2030,sc01,01-21 19:00:00+01:00,bus017,0.0
2030,sc01,01-21 19:00:00+01:00,bus015,0.0
2030,sc01,01-21 19:00:00+01:00,bus054,0.0
2030,sc01,01-21 19:00:00+01:00,bus086,0.0
2030,sc01,01-21 19:00:00+01:00,bus032,0.0
2030,sc01,01-21 19:00:00+01:00,bus038,0.0
2030,sc01,01-21 19:00:00+01:00,bus108,0.0
2030,sc01,01-21 19:00:00+01:00,bus087,0.0
2030,sc01,01-21 19:00:00+01:00,bus027,0.0
2030,sc01,01-21 19:00:00+01:00,bus111,0.0
2030,sc01,01-21 19:00:00+01:00,bus025,0.0
2030,sc01,01-21 19:00:00+01:00,bus029,0.0
2030,sc01,01-21 19:00:00+01:00,bus009,0.0
2030,sc01,01-21 19:00:00+01:00,bus043,0.0
2030,sc01,01-21 19:00:00+01:00,bus045,0.0
2030,sc01,01-21 19:00:00+01:00,bus084,0.0
2030,sc01,01-21 19:00:00+01:00,bus013,0.0
2030,sc01,01-21 19:00:00+01:00,bus063,0.0
2030,sc01,01-21 19:00:00+01:00,bus115,0.0
2030,sc01,01-21 19:00:00+01:00,bus010,0.0
2030,sc01,01-21 19:00:00+01:00,bus073,0.0
2030,sc01,01-21 19:00:00+01:00,bus052,0.0
2030,sc01,01-21 19:00:00+01:00,bus096,0.0
2030,sc01,01-21 19:00:00+01:00,bus050,0.0
2030,sc01,01-21 19:00:00+01:00,bus011,0.0
2030,sc01,01-21 19:00:00+01:00,bus055,0.0
2030,sc01,01-21 19:00:00+01:00,bus083,0.0
2030,sc01,01-21 19:00:00+01:00,bus081,0.0
2030,sc01,01-21 19:00:00+01:00,bus022,0.0
2030,sc01,01-21 19:00:00+01:00,bus071,0.0
2030,sc01,01-21 19:00:00+01:00,bus074,0.0
2030,sc01,01-21 19:00:00+01:00,bus040,0.0
2030,sc01,01-21 19:00:00+01:00,bus099,0.0
2030,sc01,01-21 19:00:00+01:00,bus030,0.0
2030,sc01,01-21 19:00:00+01:00,bus098,0.0
2030,sc01,01-21 19:00:00+01:00,bus053,0.0
2030,sc01,01-21 19:00:00+01:00,bus085,0.0
2030,sc01,01-21 19:00:00+01:00,bus101,0.0
2030,sc01,01-21 19:00:00+01:00,bus018,0.0
2030,sc01,01-21 19:00:00+01:00,bus023,0.0
2030,sc01,01-21 19:00:00+01:00,bus088,0.0
2030,sc01,01-21 19:00:00+01:00,bus116,0.0
2030,sc01,01-21 19:00:00+01:00,bus103,0.0
2030,sc01,01-21 19:00:00+01:00,bus008,0.0
2030,sc01,01-21 19:00:00+01:00,bus105,0.0
2030,sc01,01-21 19:00:00+01:00,bus060,0.0
2030,sc01,01-21 19:00:00+01:00,bus016,0.0
2030,sc01,01-21 19:00:00+01:00,bus082,0.0
2030,sc01,01-21 19:00:00+01:00,bus047,0.0
2030,sc01,01-21 19:00:00+01:00,bus019,0.0
2030,sc01,01-21 19:00:00+01:00,bus037,0.0
2030,sc01,01-21 19:00:00+01:00,bus006,0.0
2030,sc01,01-21 19:00:00+01:00,bus080,0.0
2030,sc01,01-21 19:00:00+01:00,bus031,0.0
2030,sc01,01-21 19:00:00+01:00,bus048,0.0
2030,sc01,01-21 19:00:00+01:00,bus107,0.0
2030,sc01,01-21 19:00:00+01:00,bus049,0.0
2030,sc01,01-21 19:00:00+01:00,bus104,0.0
2030,sc01,01-21 19:00:00+01:00,bus100,0.0
2030,sc01,01-21 19:00:00+01:00,bus072,0.0
2030,sc01,01-21 19:00:00+01:00,bus039,0.0
2030,sc01,01-21 19:00:00+01:00,bus012,0.0
2030,sc01,01-21 19:00:00+01:00,bus114,0.0
2030,sc01,01-21 19:00:00+01:00,bus112,0.0
2030,sc01,01-21 19:00:00+01:00,bus058,0.0
2030,sc01,01-21 19:00:00+01:00,bus089,0.0
2030,sc01,01-21 19:00:00+01:00,bus051,0.0
2030,sc01,01-21 19:00:00+01:00,bus056,0.0
2030,sc01,01-21 19:00:00+01:00,bus092,0.0
2030,sc01,01-21 19:00:00+01:00,bus036,0.0
2030,sc01,01-21 19:00:00+01:00,bus094,0.0
2030,sc01,01-21 19:00:00+01:00,bus095,0.0
2030,sc01,01-21 19:00:00+01:00,bus113,0.0
2030,sc01,01-21 19:00:00+01:00,bus024,0.0
2030,sc01,01-21 19:00:00+01:00,bus078,0.0
2030,sc01,01-21 19:00:00+01:00,bus033,0.0
2030,sc01,01-21 19:00:00+01:00,bus079,0.0
2030,sc01,01-21 19:00:00+01:00,bus061,0.0
2030,sc01,01-21 19:00:00+01:00,bus118,0.0
2030,sc01,01-21 19:00:00+01:00,bus003,0.0
2030,sc01,01-21 19:00:00+01:00,bus070,0.0
2030,sc01,01-21 19:00:00+01:00,bus004,0.0
2030,sc01,01-21 19:00:00+01:00,bus021,0.0
2030,sc01,01-21 19:00:00+01:00,bus068,0.0
2030,sc01,01-21 19:00:00+01:00,bus028,0.0
2030,sc01,01-21 19:00:00+01:00,bus034,0.0
2030,sc01,01-21 19:00:00+01:00,bus075,0.0
2030,sc01,01-21 19:00:00+01:00,bus064,0.0
2030,sc01,01-21 19:00:00+01:00,bus106,0.0
2030,sc01,01-21 19:00:00+01:00,bus076,0.0
2030,sc01,01-21 19:00:00+01:00,bus046,0.0
2030,sc01,01-21 19:00:00+01:00,bus007,0.0
2030,sc01,01-21 19:00:00+01:00,bus035,0.0
2030,sc01,01-21 19:00:00+01:00,bus117,0.0
2030,sc01,01-21 19:00:00+01:00,bus041,0.0
2030,sc01,01-21 19:00:00+01:00,bus102,0.0
2030,sc01,01-21 19:00:00+01:00,bus026,0.0
2030,sc01,01-21 19:00:00+01:00,bus077,0.0
2030,sc01,01-21 19:00:00+01:00,bus044,0.0
2030,sc01,01-21 19:00:00+01:00,bus091,0.0
2030,sc01,01-21 19:00:00+01:00,bus062,0.0
2030,sc01,01-21 23:00:00+01:00,bus093,0.0
2030,sc01,01-21 23:00:00+01:00,bus097,0.0
2030,sc01,01-21 23:00:00+01:00,bus110,0.0
2030,sc01,01-21 23:00:00+01:00,bus042,0.0
2030,sc01,01-21 23:00:00+01:00,bus066,0.0
2030,sc01,01-21 23:00:00+01:00,bus059,0.0
2030,sc01,01-21 23:00:00+01:00,bus057,0.0
2030,sc01,01-21 23:00:00+01:00,bus067,0.0
2030,sc01,01-21 23:00:00+01:00,bus069,0.0
2030,sc01,01-21 23:00:00+01:00,bus014,0.0
2030,sc01,01-21 23:00:00+01:00,bus090,0.0
2030,sc01,01-21 23:00:00+01:00,bus002,0.0
2030,sc01,01-21 23:00:00+01:00,bus005,0.0
2030,sc01,01-21 23:00:00+01:00,bus109,0.0
2030,sc01,01-21 23:00:00+01:00,bus020,0.0
2030,sc01,01-21 23:00:00+01:00,bus065,0.0
2030,sc01,01-21 23:00:00+01:00,bus001,0.0
2030,sc01,01-21 23:00:00+01:00,bus017,0.0
2030,sc01,01-21 23:00:00+01:00,bus015,0.0
2030,sc01,01-21 23:00:00+01:00,bus054,0.0
2030,sc01,01-21 23:00:00+01:00,bus086,0.0
2030,sc01,01-21 23:00:00+01:00,bus032,0.0
2030,sc01,01-21 23:00:00+01:00,bus038,0.0
2030,sc01,01-21 23:00:00+01:00,bus108,0.0
2030,sc01,01-21 23:00:00+01:00,bus087,0.0
2030,sc01,01-21 23:00:00+01:00,bus027,0.0
2030,sc01,01-21 23:00:00+01:00,bus111,0.0
2030,sc01,01-21 23:00:00+01:00,bus025,0.0
2030,sc01,01-21 23:00:00+01:00,bus029,0.0
2030,sc01,01-21 23:00:00+01:00,bus009,0.0
2030,sc01,01-21 23:00:00+01:00,bus043,0.0
2030,sc01,01-21 23:00:00+01:00,bus045,0.0
2030,sc01,01-21 23:00:00+01:00,bus084,0.0
2030,sc01,01-21 23:00:00+01:00,bus013,0.0
2030,sc01,01-21 23:00:00+01:00,bus063,0.0
2030,sc01,01-21 23:00:00+01:00,bus115,0.0
2030,sc01,01-21 23:00:00+01:00,bus010,0.0
2030,sc01,01-21 23:00:00+01:00,bus073,0.0
2030,sc01,01-21 23:00:00+01:00,bus052,0.0
2030,sc01,01-21 23:00:00+01:00,bus096,0.0
2030,sc01,01-21 23:00:00+01:00,bus050,0.0
2030,sc01,01-21 23:00:00+01:00,bus011,0.0
2030,sc01,01-21 23:00:00+01:00,bus055,0.0
2030,sc01,01-21 23:00:00+01:00,bus083,0.0
2030,sc01,01-21 23:00:00+01:00,bus081,0.0
2030,sc01,01-21 23:00:00+01:00,bus022,0.0
2030,sc01,01-21 23:00:00+01:00,bus071,0.0
2030,sc01,01-21 23:00:00+01:00,bus074,0.0
2030,sc01,01-21 23:00:00+01:00,bus040,0.0
2030,sc01,01-21 23:00:00+01:00,bus099,0.0
2030,sc01,01-21 23:00:00+01:00,bus030,0.0
2030,sc01,01-21 23:00:00+01:00,bus098,0.0
2030,sc01,01-21 23:00:00+01:00,bus053,0.0
2030,sc01,01-21 23:00:00+01:00,bus085,0.0
2030,sc01,01-21 23:00:00+01:00,bus101,0.0
2030,sc01,01-21 23:00:00+01:00,bus018,0.0
2030,sc01,01-21 23:00:00+01:00,bus023,0.0
2030,sc01,01-21 23:00:00+01:00,bus088,0.0
2030,sc01,01-21 23:00:00+01:00,bus116,0.0
2030,sc01,01-21 23:00:00+01:00,bus103,0.0
2030,sc01,01-21 23:00:00+01:00,bus008,0.0
2030,sc01,01-21 23:00:00+01:00,bus105,0.0
2030,sc01,01-21 23:00:00+01:00,bus060,0.0
2030,sc01,01-21 23:00:00+01:00,bus016,0.0
2030,sc01,01-21 23:00:00+01:00,bus082,0.0
2030,sc01,01-21 23:00:00+01:00,bus047,0.0
2030,sc01,01-21 23:00:00+01:00,bus019,0.0
2030,sc01,01-21 23:00:00+01:00,bus037,0.0
2030,sc01,01-21 23:00:00+01:00,bus006,0.0
2030,sc01,01-21 23:00:00+01:00,bus080,0.0
2030,sc01,01-21 23:00:00+01:00,bus031,0.0
2030,sc01,01-21 23:00:00+01:00,bus048,0.0
2030,sc01,01-21 23:00:00+01:00,bus107,0.0
2030,sc01,01-21 23:00:00+01:00,bus049,0.0
2030,sc01,01-21 23:00:00+01:00,bus104,0.0
2030,sc01,01-21 23:00:00+01:00,bus100,0.0
2030,sc01,01-21 23:00:00+01:00,bus072,0.0
2030,sc01,01-21 23:00:00+01:00,bus039,0.0
2030,sc01,01-21 23:00:00+01:00,bus012,0.0
2030,sc01,01-21 23:00:00+01:00,bus114,0.0
2030,sc01,01-21 23:00:00+01:00,bus112,0.0
2030,sc01,01-21 23:00:00+01:00,bus058,0.0
2030,sc01,01-21 23:00:00+01:00,bus089,0.0
2030,sc01,01-21 23:00:00+01:00,bus051,0.0
2030,sc01,01-21 23:00:00+01:00,bus056,0.0
2030,sc01,01-21 23:00:00+01:00,bus092,0.0
2030,sc01,01-21 23:00:00+01:00,bus036,0.0
2030,sc01,01-21 23:00:00+01:00,bus094,0.0
2030,sc01,01-21 23:00:00+01:00,bus095,0.0
2030,sc01,01-21 23:00:00+01:00,bus113,0.0
2030,sc01,01-21 23:00:00+01:00,bus024,0.0
2030,sc01,01-21 23:00:00+01:00,bus078,0.0
2030,sc01,01-21 23:00:00+01:00,bus033,0.0
2030,sc01,01-21 23:00:00+01:00,bus079,0.0
2030,sc01,01-21 23:00:00+01:00,bus061,0.0
2030,sc01,01-21 23:00:00+01:00,bus118,0.0
2030,sc01,01-21 23:00:00+01:00,bus003,0.0
2030,sc01,01-21 23:00:00+01:00,bus070,0.0
2030,sc01,01-21 23:00:00+01:00,bus004,0.0
2030,sc01,01-21 23:00:00+01:00,bus021,0.0
2030,sc01,01-21 23:00:00+01:00,bus068,0.0
2030,sc01,01-21 23:00:00+01:00,bus028,0.0
2030,sc01,01-21 23:00:00+01:00,bus034,0.0
2030,sc01,01-21 23:00:00+01:00,bus075,0.0
2030,sc01,01-21 23:00:00+01:00,bus064,0.0
2030,sc01,01-21 23:00:00+01:00,bus106,0.0
2030,sc01,01-21 23:00:00+01:00,bus076,0.0
2030,sc01,01-21 23:00:00+01:00,bus046,0.0
2030,sc01,01-21 23:00:00+01:00,bus007,0.0
2030,sc01,01-21 23:00:00+01:00,bus035,0.0
2030,sc01,01-21 23:00:00+01:00,bus117,0.0
2030,sc01,01-21 23:00:00+01:00,bus041,0.0
2030,sc01,01-21 23:00:00+01:00,bus102,0.0
2030,sc01,01-21 23:00:00+01:00,bus026,0.0
2030,sc01,01-21 23:00:00+01:00,bus077,0.0
2030,sc01,01-21 23:00:00+01:00,bus044,0.0
2030,sc01,01-21 23:00:00+01:00,bus091,0.0
2030,sc01,01-21 23:00:00+01:00,bus062,0.0
2030,sc01,01-22 11:00:00+01:00,bus093,0.0
2030,sc01,01-22 11:00:00+01:00,bus097,0.0
2030,sc01,01-22 11:00:00+01:00,bus110,0.0
2030,sc01,01-22 11:00:00+01:00,bus042,0.0
2030,sc01,01-22 11:00:00+01:00,bus066,0.0
2030,sc01,01-22 11:00:00+01:00,bus059,0.0
2030,sc01,01-22 11:00:00+01:00,bus057,0.0
2030,sc01,01-22 11:00:00+01:00,bus067,0.0
2030,sc01,01-22 11:00:00+01:00,bus069,0.0
2030,sc01,01-22 11:00:00+01:00,bus014,0.0
2030,sc01,01-22 11:00:00+01:00,bus090,0.0
2030,sc01,01-22 11:00:00+01:00,bus002,0.0
2030,sc01,01-22 11:00:00+01:00,bus005,0.0
2030,sc01,01-22 11:00:00+01:00,bus109,0.0
2030,sc01,01-22 11:00:00+01:00,bus020,0.0
2030,sc01,01-22 11:00:00+01:00,bus065,0.0
2030,sc01,01-22 11:00:00+01:00,bus001,0.0
2030,sc01,01-22 11:00:00+01:00,bus017,0.0
2030,sc01,01-22 11:00:00+01:00,bus015,0.0
2030,sc01,01-22 11:00:00+01:00,bus054,0.0
2030,sc01,01-22 11:00:00+01:00,bus086,0.0
2030,sc01,01-22 11:00:00+01:00,bus032,0.0
2030,sc01,01-22 11:00:00+01:00,bus038,0.0
2030,sc01,01-22 11:00:00+01:00,bus108,0.0
2030,sc01,01-22 11:00:00+01:00,bus087,0.0
2030,sc01,01-22 11:00:00+01:00,bus027,0.0
2030,sc01,01-22 11:00:00+01:00,bus111,0.0
2030,sc01,01-22 11:00:00+01:00,bus025,0.0
2030,sc01,01-22 11:00:00+01:00,bus029,0.0
2030,sc01,01-22 11:00:00+01:00,bus009,0.0
2030,sc01,01-22 11:00:00+01:00,bus043,0.0
2030,sc01,01-22 11:00:00+01:00,bus045,0.0
2030,sc01,01-22 11:00:00+01:00,bus084,0.0
2030,sc01,01-22 11:00:00+01:00,bus013,0.0
2030,sc01,01-22 11:00:00+01:00,bus063,0.0
2030,sc01,01-22 11:00:00+01:00,bus115,0.0
2030,sc01,01-22 11:00:00+01:00,bus010,0.0
2030,sc01,01-22 11:00:00+01:00,bus073,0.0
2030,sc01,01-22 11:00:00+01:00,bus052,0.0
2030,sc01,01-22 11:00:00+01:00,bus096,0.0
2030,sc01,01-22 11:00:00+01:00,bus050,0.0
2030,sc01,01-22 11:00:00+01:00,bus011,0.0
2030,sc01,01-22 11:00:00+01:00,bus055,0.0
2030,sc01,01-22 11:00:00+01:00,bus083,0.0
2030,sc01,01-22 11:00:00+01:00,bus081,0.0
2030,sc01,01-22 11:00:00+01:00,bus022,0.0
2030,sc01,01-22 11:00:00+01:00,bus071,0.0
2030,sc01,01-22 11:00:00+01:00,bus074,0.0
2030,sc01,01-22 11:00:00+01:00,bus040,0.0
2030,sc01,01-22 11:00:00+01:00,bus099,0.0
2030,sc01,01-22 11:00:00+01:00,bus030,0.0
2030,sc01,01-22 11:00:00+01:00,bus098,0.0
2030,sc01,01-22 11:00:00+01:00,bus053,0.0
2030,sc01,01-22 11:00:00+01:00,bus085,0.0
2030,sc01,01-22 11:00:00+01:00,bus101,0.0
2030,sc01,01-22 11:00:00+01:00,bus018,0.0
2030,sc01,01-22 11:00:00+01:00,bus023,0.0
2030,sc01,01-22 11:00:00+01:00,bus088,0.0
2030,sc01,01-22 11:00:00+01:00,bus116,0.0
2030,sc01,01-22 11:00:00+01:00,bus103,0.0
2030,sc01,01-22 11:00:00+01:00,bus008,0.0
2030,sc01,01-22 11:00:00+01:00,bus105,0.0
2030,sc01,01-22 11:00:00+01:00,bus060,0.0
2030,sc01,01-22 11:00:00+01:00,bus016,0.0
2030,sc01,01-22 11:00:00+01:00,bus082,0.0
2030,sc01,01-22 11:00:00+01:00,bus047,0.0
2030,sc01,01-22 11:00:00+01:00,bus019,0.0
2030,sc01,01-22 11:00:00+01:00,bus037,0.0
2030,sc01,01-22 11:00:00+01:00,bus006,0.0
2030,sc01,01-22 11:00:00+01:00,bus080,0.0
2030,sc01,01-22 11:00:00+01:00,bus031,0.0
2030,sc01,01-22 11:00:00+01:00,bus048,0.0
2030,sc01,01-22 11:00:00+01:00,bus107,0.0
2030,sc01,01-22 11:00:00+01:00,bus049,0.0
2030,sc01,01-22 11:00:00+01:00,bus104,0.0
2030,sc01,01-22 11:00:00+01:00,bus100,0.0
2030,sc01,01-22 11:00:00+01:00,bus072,0.0
2030,sc01,01-22 11:00:00+01:00,bus039,0.0
2030,sc01,01-22 11:00:00+01:00,bus012,0.0
2030,sc01,01-22 11:00:00+01:00,bus114,0.0
2030,sc01,01-22 11:00:00+01:00,bus112,0.0
2030,sc01,01-22 11:00:00+01:00,bus058,0.0
2030,sc01,01-22 11:00:00+01:00,bus089,0.0
2030,sc01,01-22 11:00:00+01:00,bus051,0.0
2030,sc01,01-22 11:00:00+01:00,bus056,0.0
2030,sc01,01-22 11:00:00+01:00,bus092,0.0
2030,sc01,01-22 11:00:00+01:00,bus036,0.0
2030,sc01,01-22 11:00:00+01:00,bus094,0.0
2030,sc01,01-22 11:00:00+01:00,bus095,0.0
2030,sc01,01-22 11:00:00+01:00,bus113,0.0
2030,sc01,01-22 11:00:00+01:00,bus024,0.0
2030,sc01,01-22 11:00:00+01:00,bus078,0.0
2030,sc01,01-22 11:00:00+01:00,bus033,0.0
2030,sc01,01-22 11:00:00+01:00,bus079,0.0
2030,sc01,01-22 11:00:00+01:00,bus061,0.0
2030,sc01,01-22 11:00:00+01:00,bus118,0.0
2030,sc01,01-22 11:00:00+01:00,bus003,0.0
2030,sc01,01-22 11:00:00+01:00,bus070,0.0
2030,sc01,01-22 11:00:00+01:00,bus004,0.0
2030,sc01,01-22 11:00:00+01:00,bus021,0.0
2030,sc01,01-22 11:00:00+01:00,bus068,0.0
2030,sc01,01-22 11:00:00+01:00,bus028,0.0
2030,sc01,01-22 11:00:00+01:00,bus034,0.0
2030,sc01,01-22 11:00:00+01:00,bus075,0.0
2030,sc01,01-22 11:00:00+01:00,bus064,0.0
2030,sc01,01-22 11:00:00+01:00,bus106,0.0
2030,sc01,01-22 11:00:00+01:00,bus076,0.0
2030,sc01,01-22 11:00:00+01:00,bus046,0.0
2030,sc01,01-22 11:00:00+01:00,bus007,0.0
2030,sc01,01-22 11:00:00+01:00,bus035,0.0
2030,sc01,01-22 11:00:00+01:00,bus117,0.0
2030,sc01,01-22 11:00:00+01:00,bus041,0.0
2030,sc01,01-22 11:00:00+01:00,bus102,0.0
2030,sc01,01-22 11:00:00+01:00,bus026,0.0
2030,sc01,01-22 11:00:00+01:00,bus077,0.0
2030,sc01,01-22 11:00:00+01:00,bus044,0.0
2030,sc01,01-22 11:00:00+01:00,bus091,0.0
2030,sc01,01-22 11:00:00+01:00,bus062,0.0
2030,sc01,01-23 15:00:00+01:00,bus093,0.0
2030,sc01,01-23 15:00:00+01:00,bus097,0.0
2030,sc01,01-23 15:00:00+01:00,bus110,0.0
2030,sc01,01-23 15:00:00+01:00,bus042,0.0
2030,sc01,01-23 15:00:00+01:00,bus066,0.0
2030,sc01,01-23 15:00:00+01:00,bus059,0.0
2030,sc01,01-23 15:00:00+01:00,bus057,0.0
2030,sc01,01-23 15:00:00+01:00,bus067,0.0
2030,sc01,01-23 15:00:00+01:00,bus069,0.0
2030,sc01,01-23 15:00:00+01:00,bus014,0.0
2030,sc01,01-23 15:00:00+01:00,bus090,0.0
2030,sc01,01-23 15:00:00+01:00,bus002,0.0
2030,sc01,01-23 15:00:00+01:00,bus005,0.0
2030,sc01,01-23 15:00:00+01:00,bus109,0.0
2030,sc01,01-23 15:00:00+01:00,bus020,0.0
2030,sc01,01-23 15:00:00+01:00,bus065,0.0
2030,sc01,01-23 15:00:00+01:00,bus001,0.0
2030,sc01,01-23 15:00:00+01:00,bus017,0.0
2030,sc01,01-23 15:00:00+01:00,bus015,0.0
2030,sc01,01-23 15:00:00+01:00,bus054,0.0
2030,sc01,01-23 15:00:00+01:00,bus086,0.0
2030,sc01,01-23 15:00:00+01:00,bus032,0.0
2030,sc01,01-23 15:00:00+01:00,bus038,0.0
2030,sc01,01-23 15:00:00+01:00,bus108,0.0
2030,sc01,01-23 15:00:00+01:00,bus087,0.0
2030,sc01,01-23 15:00:00+01:00,bus027,0.0
2030,sc01,01-23 15:00:00+01:00,bus111,0.0
2030,sc01,01-23 15:00:00+01:00,bus025,0.0
2030,sc01,01-23 15:00:00+01:00,bus029,0.0
2030,sc01,01-23 15:00:00+01:00,bus009,0.0
2030,sc01,01-23 15:00:00+01:00,bus043,0.0
2030,sc01,01-23 15:00:00+01:00,bus045,0.0
2030,sc01,01-23 15:00:00+01:00,bus084,0.0
2030,sc01,01-23 15:00:00+01:00,bus013,0.0
2030,sc01,01-23 15:00:00+01:00,bus063,0.0
2030,sc01,01-23 15:00:00+01:00,bus115,0.0
2030,sc01,01-23 15:00:00+01:00,bus010,0.0
2030,sc01,01-23 15:00:00+01:00,bus073,0.0
2030,sc01,01-23 15:00:00+01:00,bus052,0.0
2030,sc01,01-23 15:00:00+01:00,bus096,0.0
2030,sc01,01-23 15:00:00+01:00,bus050,0.0
2030,sc01,01-23 15:00:00+01:00,bus011,0.0
2030,sc01,01-23 15:00:00+01:00,bus055,0.0
2030,sc01,01-23 15:00:00+01:00,bus083,0.0
2030,sc01,01-23 15:00:00+01:00,bus081,0.0
2030,sc01,01-23 15:00:00+01:00,bus022,0.0
2030,sc01,01-23 15:00:00+01:00,bus071,0.0
2030,sc01,01-23 15:00:00+01:00,bus074,0.0
2030,sc01,01-23 15:00:00+01:00,bus040,0.0
2030,sc01,01-23 15:00:00+01:00,bus099,0.0
2030,sc01,01-23 15:00:00+01:00,bus030,0.0
2030,sc01,01-23 15:00:00+01:00,bus098,0.0
2030,sc01,01-23 15:00:00+01:00,bus053,0.0
2030,sc01,01-23 15:00:00+01:00,bus085,0.0
2030,sc01,01-23 15:00:00+01:00,bus101,0.0
2030,sc01,01-23 15:00:00+01:00,bus018,0.0
2030,sc01,01-23 15:00:00+01:00,bus023,0.0
2030,sc01,01-23 15:00:00+01:00,bus088,0.0
2030,sc01,01-23 15:00:00+01:00,bus116,0.0
2030,sc01,01-23 15:00:00+01:00,bus103,0.0
2030,sc01,01-23 15:00:00+01:00,bus008,0.0
2030,sc01,01-23 15:00:00+01:00,bus105,0.0
2030,sc01,01-23 15:00:00+01:00,bus060,0.0
2030,sc01,01-23 15:00:00+01:00,bus016,0.0
2030,sc01,01-23 15:00:00+01:00,bus082,0.0
2030,sc01,01-23 15:00:00+01:00,bus047,0.0
2030,sc01,01-23 15:00:00+01:00,bus019,0.0
2030,sc01,01-23 15:00:00+01:00,bus037,0.0
2030,sc01,01-23 15:00:00+01:00,bus006,0.0
2030,sc01,01-23 15:00:00+01:00,bus080,0.0
2030,sc01,01-23 15:00:00+01:00,bus031,0.0
2030,sc01,01-23 15:00:00+01:00,bus048,0.0
2030,sc01,01-23 15:00:00+01:00,bus107,0.0
2030,sc01,01-23 15:00:00+01:00,bus049,0.0
2030,sc01,01-23 15:00:00+01:00,bus104,0.0
2030,sc01,01-23 15:00:00+01:00,bus100,0.0
2030,sc01,01-23 15:00:00+01:00,bus072,0.0
2030,sc01,01-23 15:00:00+01:00,bus039,0.0
2030,sc01,01-23 15:00:00+01:00,bus012,0.0
2030,sc01,01-23 15:00:00+01:00,bus114,0.0
2030,sc01,01-23 15:00:00+01:00,bus112,0.0
2030,sc01,01-23 15:00:00+01:00,bus058,0.0
2030,sc01,01-23 15:00:00+01:00,bus089,0.0
2030,sc01,01-23 15:00:00+01:00,bus051,0.0
2030,sc01,01-23 15:00:00+01:00,bus056,0.0
2030,sc01,01-23 15:00:00+01:00,bus092,0.0
2030,sc01,01-23 15:00:00+01:00,bus036,0.0
2030,sc01,01-23 15:00:00+01:00,bus094,0.0
2030,sc01,01-23 15:00:00+01:00,bus095,0.0
2030,sc01,01-23 15:00:00+01:00,bus113,0.0
2030,sc01,01-23 15:00:00+01:00,bus024,0.0
2030,sc01,01-23 15:00:00+01:00,bus078,0.0
2030,sc01,01-23 15:00:00+01:00,bus033,0.0
2030,sc01,01-23 15:00:00+01:00,bus079,0.0
2030,sc01,01-23 15:00:00+01:00,bus061,0.0
2030,sc01,01-23 15:00:00+01:00,bus118,0.0
2030,sc01,01-23 15:00:00+01:00,bus003,0.0
2030,sc01,01-23 15:00:00+01:00,bus070,0.0
2030,sc01,01-23 15:00:00+01:00,bus004,0.0
2030,sc01,01-23 15:00:00+01:00,bus021,0.0
2030,sc01,01-23 15:00:00+01:00,bus068,0.0
2030,sc01,01-23 15:00:00+01:00,bus028,0.0
2030,sc01,01-23 15:00:00+01:00,bus034,0.0
2030,sc01,01-23 15:00:00+01:00,bus075,0.0
2030,sc01,01-23 15:00:00+01:00,bus064,0.0
2030,sc01,01-23 15:00:00+01:00,bus106,0.0
2030,sc01,01-23 15:00:00+01:00,bus076,0.0
2030,sc01,01-23 15:00:00+01:00,bus046,0.0
2030,sc01,01-23 15:00:00+01:00,bus007,0.0
2030,sc01,01-23 15:00:00+01:00,bus035,0.0
2030,sc01,01-23 15:00:00+01:00,bus117,0.0
2030,sc01,01-23 15:00:00+01:00,bus041,0.0
2030,sc01,01-23 15:00:00+01:00,bus102,0.0
2030,sc01,01-23 15:00:00+01:00,bus026,0.0
2030,sc01,01-23 15:00:00+01:00,bus077,0.0
2030,sc01,01-23 15:00:00+01:00,bus044,0.0
2030,sc01,01-23 15:00:00+01:00,bus091,0.0
2030,sc01,01-23 15:00:00+01:00,bus062,0.0
2030,sc01,01-24 10:00:00+01:00,bus093,0.0
2030,sc01,01-24 10:00:00+01:00,bus097,0.0
2030,sc01,01-24 10:00:00+01:00,bus110,0.0
2030,sc01,01-24 10:00:00+01:00,bus042,0.0
2030,sc01,01-24 10:00:00+01:00,bus066,0.0
2030,sc01,01-24 10:00:00+01:00,bus059,0.0
2030,sc01,01-24 10:00:00+01:00,bus057,0.0
2030,sc01,01-24 10:00:00+01:00,bus067,0.0
2030,sc01,01-24 10:00:00+01:00,bus069,0.0
2030,sc01,01-24 10:00:00+01:00,bus014,0.0
2030,sc01,01-24 10:00:00+01:00,bus090,0.0
2030,sc01,01-24 10:00:00+01:00,bus002,0.0
2030,sc01,01-24 10:00:00+01:00,bus005,0.0
2030,sc01,01-24 10:00:00+01:00,bus109,0.0
2030,sc01,01-24 10:00:00+01:00,bus020,0.0
2030,sc01,01-24 10:00:00+01:00,bus065,0.0
2030,sc01,01-24 10:00:00+01:00,bus001,0.0
2030,sc01,01-24 10:00:00+01:00,bus017,0.0
2030,sc01,01-24 10:00:00+01:00,bus015,0.0
2030,sc01,01-24 10:00:00+01:00,bus054,0.0
2030,sc01,01-24 10:00:00+01:00,bus086,0.0
2030,sc01,01-24 10:00:00+01:00,bus032,0.0
2030,sc01,01-24 10:00:00+01:00,bus038,0.0
2030,sc01,01-24 10:00:00+01:00,bus108,0.0
2030,sc01,01-24 10:00:00+01:00,bus087,0.0
2030,sc01,01-24 10:00:00+01:00,bus027,0.0
2030,sc01,01-24 10:00:00+01:00,bus111,0.0
2030,sc01,01-24 10:00:00+01:00,bus025,0.0
2030,sc01,01-24 10:00:00+01:00,bus029,0.0
2030,sc01,01-24 10:00:00+01:00,bus009,0.0
2030,sc01,01-24 10:00:00+01:00,bus043,0.0
2030,sc01,01-24 10:00:00+01:00,bus045,0.0
2030,sc01,01-24 10:00:00+01:00,bus084,0.0
2030,sc01,01-24 10:00:00+01:00,bus013,0.0
2030,sc01,01-24 10:00:00+01:00,bus063,0.0
2030,sc01,01-24 10:00:00+01:00,bus115,0.0
2030,sc01,01-24 10:00:00+01:00,bus010,0.0
2030,sc01,01-24 10:00:00+01:00,bus073,0.0
2030,sc01,01-24 10:00:00+01:00,bus052,0.0
2030,sc01,01-24 10:00:00+01:00,bus096,0.0
2030,sc01,01-24 10:00:00+01:00,bus050,0.0
2030,sc01,01-24 10:00:00+01:00,bus011,0.0
2030,sc01,01-24 10:00:00+01:00,bus055,0.0
2030,sc01,01-24 10:00:00+01:00,bus083,0.0
2030,sc01,01-24 10:00:00+01:00,bus081,0.0
2030,sc01,01-24 10:00:00+01:00,bus022,0.0
2030,sc01,01-24 10:00:00+01:00,bus071,0.0
2030,sc01,01-24 10:00:00+01:00,bus074,0.0
2030,sc01,01-24 10:00:00+01:00,bus040,0.0
2030,sc01,01-24 10:00:00+01:00,bus099,0.0
2030,sc01,01-24 10:00:00+01:00,bus030,0.0
2030,sc01,01-24 10:00:00+01:00,bus098,0.0
2030,sc01,01-24 10:00:00+01:00,bus053,0.0
2030,sc01,01-24 10:00:00+01:00,bus085,0.0
2030,sc01,01-24 10:00:00+01:00,bus101,0.0
2030,sc01,01-24 10:00:00+01:00,bus018,0.0
2030,sc01,01-24 10:00:00+01:00,bus023,0.0
2030,sc01,01-24 10:00:00+01:00,bus088,0.0
2030,sc01,01-24 10:00:00+01:00,bus116,0.0
2030,sc01,01-24 10:00:00+01:00,bus103,0.0
2030,sc01,01-24 10:00:00+01:00,bus008,0.0
2030,sc01,01-24 10:00:00+01:00,bus105,0.0
2030,sc01,01-24 10:00:00+01:00,bus060,0.0
2030,sc01,01-24 10:00:00+01:00,bus016,0.0
2030,sc01,01-24 10:00:00+01:00,bus082,0.0
2030,sc01,01-24 10:00:00+01:00,bus047,0.0
2030,sc01,01-24 10:00:00+01:00,bus019,0.0
2030,sc01,01-24 10:00:00+01:00,bus037,0.0
2030,sc01,01-24 10:00:00+01:00,bus006,0.0
2030,sc01,01-24 10:00:00+01:00,bus080,0.0
2030,sc01,01-24 10:00:00+01:00,bus031,0.0
2030,sc01,01-24 10:00:00+01:00,bus048,0.0
2030,sc01,01-24 10:00:00+01:00,bus107,0.0
2030,sc01,01-24 10:00:00+01:00,bus049,0.0
2030,sc01,01-24 10:00:00+01:00,bus104,0.0
2030,sc01,01-24 10:00:00+01:00,bus100,0.0
2030,sc01,01-24 10:00:00+01:00,bus072,0.0
2030,sc01,01-24 10:00:00+01:00,bus039,0.0
2030,sc01,01-24 10:00:00+01:00,bus012,0.0
2030,sc01,01-24 10:00:00+01:00,bus114,0.0
2030,sc01,01-24 10:00:00+01:00,bus112,0.0
2030,sc01,01-24 10:00:00+01:00,bus058,0.0
2030,sc01,01-24 10:00:00+01:00,bus089,0.0
2030,sc01,01-24 10:00:00+01:00,bus051,0.0
2030,sc01,01-24 10:00:00+01:00,bus056,0.0
2030,sc01,01-24 10:00:00+01:00,bus092,0.0
2030,sc01,01-24 10:00:00+01:00,bus036,0.0
2030,sc01,01-24 10:00:00+01:00,bus094,0.0
2030,sc01,01-24 10:00:00+01:00,bus095,0.0
2030,sc01,01-24 10:00:00+01:00,bus113,0.0
2030,sc01,01-24 10:00:00+01:00,bus024,0.0
2030,sc01,01-24 10:00:00+01:00,bus078,0.0
2030,sc01,01-24 10:00:00+01:00,bus033,0.0
2030,sc01,01-24 10:00:00+01:00,bus079,0.0
2030,sc01,01-24 10:00:00+01:00,bus061,0.0
2030,sc01,01-24 10:00:00+01:00,bus118,0.0
2030,sc01,01-24 10:00:00+01:00,bus003,0.0
2030,sc01,01-24 10:00:00+01:00,bus070,0.0
2030,sc01,01-24 10:00:00+01:00,bus004,0.0
2030,sc01,01-24 10:00:00+01:00,bus021,0.0
2030,sc01,01-24 10:00:00+01:00,bus068,0.0
2030,sc01,01-24 10:00:00+01:00,bus028,0.0
2030,sc01,01-24 10:00:00+01:00,bus034,0.0
2030,sc01,01-24 10:00:00+01:00,bus075,0.0
2030,sc01,01-24 10:00:00+01:00,bus064,0.0
2030,sc01,01-24 10:00:00+01:00,bus106,0.0
2030,sc01,01-24 10:00:00+01:00,bus076,0.0
2030,sc01,01-24 10:00:00+01:00,bus046,0.0
2030,sc01,01-24 10:00:00+01:00,bus007,0.0
2030,sc01,01-24 10:00:00+01:00,bus035,0.0
2030,sc01,01-24 10:00:00+01:00,bus117,0.0
2030,sc01,01-24 10:00:00+01:00,bus041,0.0
2030,sc01,01-24 10:00:00+01:00,bus102,0.0
2030,sc01,01-24 10:00:00+01:00,bus026,0.0
2030,sc01,01-24 10:00:00+01:00,bus077,0.0
2030,sc01,01-24 10:00:00+01:00,bus044,0.0
2030,sc01,01-24 10:00:00+01:00,bus091,0.0
2030,sc01,01-24 10:00:00+01:00,bus062,0.0
2030,sc01,01-24 14:00:00+01:00,bus093,0.0
2030,sc01,01-24 14:00:00+01:00,bus097,0.0
2030,sc01,01-24 14:00:00+01:00,bus110,0.0
2030,sc01,01-24 14:00:00+01:00,bus042,0.0
2030,sc01,01-24 14:00:00+01:00,bus066,0.0
2030,sc01,01-24 14:00:00+01:00,bus059,0.0
2030,sc01,01-24 14:00:00+01:00,bus057,0.0
2030,sc01,01-24 14:00:00+01:00,bus067,0.0
2030,sc01,01-24 14:00:00+01:00,bus069,0.0
2030,sc01,01-24 14:00:00+01:00,bus014,0.0
2030,sc01,01-24 14:00:00+01:00,bus090,0.0
2030,sc01,01-24 14:00:00+01:00,bus002,0.0
2030,sc01,01-24 14:00:00+01:00,bus005,0.0
2030,sc01,01-24 14:00:00+01:00,bus109,0.0
2030,sc01,01-24 14:00:00+01:00,bus020,0.0
2030,sc01,01-24 14:00:00+01:00,bus065,0.0
2030,sc01,01-24 14:00:00+01:00,bus001,0.0
2030,sc01,01-24 14:00:00+01:00,bus017,0.0
2030,sc01,01-24 14:00:00+01:00,bus015,0.0
2030,sc01,01-24 14:00:00+01:00,bus054,0.0
2030,sc01,01-24 14:00:00+01:00,bus086,0.0
2030,sc01,01-24 14:00:00+01:00,bus032,0.0
2030,sc01,01-24 14:00:00+01:00,bus038,0.0
2030,sc01,01-24 14:00:00+01:00,bus108,0.0
2030,sc01,01-24 14:00:00+01:00,bus087,0.0
2030,sc01,01-24 14:00:00+01:00,bus027,0.0
2030,sc01,01-24 14:00:00+01:00,bus111,0.0
2030,sc01,01-24 14:00:00+01:00,bus025,0.0
2030,sc01,01-24 14:00:00+01:00,bus029,0.0
2030,sc01,01-24 14:00:00+01:00,bus009,0.0
2030,sc01,01-24 14:00:00+01:00,bus043,0.0
2030,sc01,01-24 14:00:00+01:00,bus045,0.0
2030,sc01,01-24 14:00:00+01:00,bus084,0.0
2030,sc01,01-24 14:00:00+01:00,bus013,0.0
2030,sc01,01-24 14:00:00+01:00,bus063,0.0
2030,sc01,01-24 14:00:00+01:00,bus115,0.0
2030,sc01,01-24 14:00:00+01:00,bus010,0.0
2030,sc01,01-24 14:00:00+01:00,bus073,0.0
2030,sc01,01-24 14:00:00+01:00,bus052,0.0
2030,sc01,01-24 14:00:00+01:00,bus096,0.0
2030,sc01,01-24 14:00:00+01:00,bus050,0.0
2030,sc01,01-24 14:00:00+01:00,bus011,0.0
2030,sc01,01-24 14:00:00+01:00,bus055,0.0
2030,sc01,01-24 14:00:00+01:00,bus083,0.0
2030,sc01,01-24 14:00:00+01:00,bus081,0.0
2030,sc01,01-24 14:00:00+01:00,bus022,0.0
2030,sc01,01-24 14:00:00+01:00,bus071,0.0
2030,sc01,01-24 14:00:00+01:00,bus074,0.0
2030,sc01,01-24 14:00:00+01:00,bus040,0.0
2030,sc01,01-24 14:00:00+01:00,bus099,0.0
2030,sc01,01-24 14:00:00+01:00,bus030,0.0
2030,sc01,01-24 14:00:00+01:00,bus098,0.0
2030,sc01,01-24 14:00:00+01:00,bus053,0.0
2030,sc01,01-24 14:00:00+01:00,bus085,0.0
2030,sc01,01-24 14:00:00+01:00,bus101,0.0
2030,sc01,01-24 14:00:00+01:00,bus018,0.0
2030,sc01,01-24 14:00:00+01:00,bus023,0.0
2030,sc01,01-24 14:00:00+01:00,bus088,0.0
2030,sc01,01-24 14:00:00+01:00,bus116,0.0
2030,sc01,01-24 14:00:00+01:00,bus103,0.0
2030,sc01,01-24 14:00:00+01:00,bus008,0.0
2030,sc01,01-24 14:00:00+01:00,bus105,0.0
2030,sc01,01-24 14:00:00+01:00,bus060,0.0
2030,sc01,01-24 14:00:00+01:00,bus016,0.0
2030,sc01,01-24 14:00:00+01:00,bus082,0.0
2030,sc01,01-24 14:00:00+01:00,bus047,0.0
2030,sc01,01-24 14:00:00+01:00,bus019,0.0
2030,sc01,01-24 14:00:00+01:00,bus037,0.0
2030,sc01,01-24 14:00:00+01:00,bus006,0.0
2030,sc01,01-24 14:00:00+01:00,bus080,0.0
2030,sc01,01-24 14:00:00+01:00,bus031,0.0
2030,sc01,01-24 14:00:00+01:00,bus048,0.0
2030,sc01,01-24 14:00:00+01:00,bus107,0.0
2030,sc01,01-24 14:00:00+01:00,bus049,0.0
2030,sc01,01-24 14:00:00+01:00,bus104,0.0
2030,sc01,01-24 14:00:00+01:00,bus100,0.0
2030,sc01,01-24 14:00:00+01:00,bus072,0.0
2030,sc01,01-24 14:00:00+01:00,bus039,0.0
2030,sc01,01-24 14:00:00+01:00,bus012,0.0
2030,sc01,01-24 14:00:00+01:00,bus114,0.0
2030,sc01,01-24 14:00:00+01:00,bus112,0.0
2030,sc01,01-24 14:00:00+01:00,bus058,0.0
2030,sc01,01-24 14:00:00+01:00,bus089,0.0
2030,sc01,01-24 14:00:00+01:00,bus051,0.0
2030,sc01,01-24 14:00:00+01:00,bus056,0.0
2030,sc01,01-24 14:00:00+01:00,bus092,0.0
2030,sc01,01-24 14:00:00+01:00,bus036,0.0
2030,sc01,01-24 14:00:00+01:00,bus094,0.0
2030,sc01,01-24 14:00:00+01:00,bus095,0.0
2030,sc01,01-24 14:00:00+01:00,bus113,0.0
2030,sc01,01-24 14:00:00+01:00,bus024,0.0
2030,sc01,01-24 14:00:00+01:00,bus078,0.0
2030,sc01,01-24 14:00:00+01:00,bus033,0.0
2030,sc01,01-24 14:00:00+01:00,bus079,0.0
2030,sc01,01-24 14:00:00+01:00,bus061,0.0
2030,sc01,01-24 14:00:00+01:00,bus118,0.0
2030,sc01,01-24 14:00:00+01:00,bus003,0.0
2030,sc01,01-24 14:00:00+01:00,bus070,0.0
2030,sc01,01-24 14:00:00+01:00,bus004,0.0
2030,sc01,01-24 14:00:00+01:00,bus021,0.0
2030,sc01,01-24 14:00:00+01:00,bus068,0.0
2030,sc01,01-24 14:00:00+01:00,bus028,0.0
2030,sc01,01-24 14:00:00+01:00,bus034,0.0
2030,sc01,01-24 14:00:00+01:00,bus075,0.0
2030,sc01,01-24 14:00:00+01:00,bus064,0.0
2030,sc01,01-24 14:00:00+01:00,bus106,0.0
2030,sc01,01-24 14:00:00+01:00,bus076,0.0
2030,sc01,01-24 14:00:00+01:00,bus046,0.0
2030,sc01,01-24 14:00:00+01:00,bus007,0.0
2030,sc01,01-24 14:00:00+01:00,bus035,0.0
2030,sc01,01-24 14:00:00+01:00,bus117,0.0
2030,sc01,01-24 14:00:00+01:00,bus041,0.0
2030,sc01,01-24 14:00:00+01:00,bus102,0.0
2030,sc01,01-24 14:00:00+01:00,bus026,0.0
2030,sc01,01-24 14:00:00+01:00,bus077,0.0
2030,sc01,01-24 14:00:00+01:00,bus044,0.0
2030,sc01,01-24 14:00:00+01:00,bus091,0.0
2030,sc01,01-24 14:00:00+01:00,bus062,0.0
2030,sc01,01-25 03:00:00+01:00,bus093,0.0
2030,sc01,01-25 03:00:00+01:00,bus097,0.0
2030,sc01,01-25 03:00:00+01:00,bus110,0.0
2030,sc01,01-25 03:00:00+01:00,bus042,0.0
2030,sc01,01-25 03:00:00+01:00,bus066,0.0
2030,sc01,01-25 03:00:00+01:00,bus059,0.0
2030,sc01,01-25 03:00:00+01:00,bus057,0.0
2030,sc01,01-25 03:00:00+01:00,bus067,0.0
2030,sc01,01-25 03:00:00+01:00,bus069,0.0
2030,sc01,01-25 03:00:00+01:00,bus014,0.0
2030,sc01,01-25 03:00:00+01:00,bus090,0.0
2030,sc01,01-25 03:00:00+01:00,bus002,0.0
2030,sc01,01-25 03:00:00+01:00,bus005,0.0
2030,sc01,01-25 03:00:00+01:00,bus109,0.0
2030,sc01,01-25 03:00:00+01:00,bus020,0.0
2030,sc01,01-25 03:00:00+01:00,bus065,0.0
2030,sc01,01-25 03:00:00+01:00,bus001,0.0
2030,sc01,01-25 03:00:00+01:00,bus017,0.0
2030,sc01,01-25 03:00:00+01:00,bus015,0.0
2030,sc01,01-25 03:00:00+01:00,bus054,0.0
2030,sc01,01-25 03:00:00+01:00,bus086,0.0
2030,sc01,01-25 03:00:00+01:00,bus032,0.0
2030,sc01,01-25 03:00:00+01:00,bus038,0.0
2030,sc01,01-25 03:00:00+01:00,bus108,0.0
2030,sc01,01-25 03:00:00+01:00,bus087,0.0
2030,sc01,01-25 03:00:00+01:00,bus027,0.0
2030,sc01,01-25 03:00:00+01:00,bus111,0.0
2030,sc01,01-25 03:00:00+01:00,bus025,0.0
2030,sc01,01-25 03:00:00+01:00,bus029,0.0
2030,sc01,01-25 03:00:00+01:00,bus009,0.0
2030,sc01,01-25 03:00:00+01:00,bus043,0.0
2030,sc01,01-25 03:00:00+01:00,bus045,0.0
2030,sc01,01-25 03:00:00+01:00,bus084,0.0
2030,sc01,01-25 03:00:00+01:00,bus013,0.0
2030,sc01,01-25 03:00:00+01:00,bus063,0.0
2030,sc01,01-25 03:00:00+01:00,bus115,0.0
2030,sc01,01-25 03:00:00+01:00,bus010,0.0
2030,sc01,01-25 03:00:00+01:00,bus073,0.0
2030,sc01,01-25 03:00:00+01:00,bus052,0.0
2030,sc01,01-25 03:00:00+01:00,bus096,0.0
2030,sc01,01-25 03:00:00+01:00,bus050,0.0
2030,sc01,01-25 03:00:00+01:00,bus011,0.0
2030,sc01,01-25 03:00:00+01:00,bus055,0.0
2030,sc01,01-25 03:00:00+01:00,bus083,0.0
2030,sc01,01-25 03:00:00+01:00,bus081,0.0
2030,sc01,01-25 03:00:00+01:00,bus022,0.0
2030,sc01,01-25 03:00:00+01:00,bus071,0.0
2030,sc01,01-25 03:00:00+01:00,bus074,0.0
2030,sc01,01-25 03:00:00+01:00,bus040,0.0
2030,sc01,01-25 03:00:00+01:00,bus099,0.0
2030,sc01,01-25 03:00:00+01:00,bus030,0.0
2030,sc01,01-25 03:00:00+01:00,bus098,0.0
2030,sc01,01-25 03:00:00+01:00,bus053,0.0
2030,sc01,01-25 03:00:00+01:00,bus085,0.0
2030,sc01,01-25 03:00:00+01:00,bus101,0.0
2030,sc01,01-25 03:00:00+01:00,bus018,0.0
2030,sc01,01-25 03:00:00+01:00,bus023,0.0
2030,sc01,01-25 03:00:00+01:00,bus088,0.0
2030,sc01,01-25 03:00:00+01:00,bus116,0.0
2030,sc01,01-25 03:00:00+01:00,bus103,0.0
2030,sc01,01-25 03:00:00+01:00,bus008,0.0
2030,sc01,01-25 03:00:00+01:00,bus105,0.0
2030,sc01,01-25 03:00:00+01:00,bus060,0.0
2030,sc01,01-25 03:00:00+01:00,bus016,0.0
2030,sc01,01-25 03:00:00+01:00,bus082,0.0
2030,sc01,01-25 03:00:00+01:00,bus047,0.0
2030,sc01,01-25 03:00:00+01:00,bus019,0.0
2030,sc01,01-25 03:00:00+01:00,bus037,0.0
2030,sc01,01-25 03:00:00+01:00,bus006,0.0
2030,sc01,01-25 03:00:00+01:00,bus080,0.0
2030,sc01,01-25 03:00:00+01:00,bus031,0.0
2030,sc01,01-25 03:00:00+01:00,bus048,0.0
2030,sc01,01-25 03:00:00+01:00,bus107,0.0
2030,sc01,01-25 03:00:00+01:00,bus049,0.0
2030,sc01,01-25 03:00:00+01:00,bus104,0.0
2030,sc01,01-25 03:00:00+01:00,bus100,0.0
2030,sc01,01-25 03:00:00+01:00,bus072,0.0
2030,sc01,01-25 03:00:00+01:00,bus039,0.0
2030,sc01,01-25 03:00:00+01:00,bus012,0.0
2030,sc01,01-25 03:00:00+01:00,bus114,0.0
2030,sc01,01-25 03:00:00+01:00,bus112,0.0
2030,sc01,01-25 03:00:00+01:00,bus058,0.0
2030,sc01,01-25 03:00:00+01:00,bus089,0.0
2030,sc01,01-25 03:00:00+01:00,bus051,0.0
2030,sc01,01-25 03:00:00+01:00,bus056,0.0
2030,sc01,01-25 03:00:00+01:00,bus092,0.0
2030,sc01,01-25 03:00:00+01:00,bus036,0.0
2030,sc01,01-25 03:00:00+01:00,bus094,0.0
2030,sc01,01-25 03:00:00+01:00,bus095,0.0
2030,sc01,01-25 03:00:00+01:00,bus113,0.0
2030,sc01,01-25 03:00:00+01:00,bus024,0.0
2030,sc01,01-25 03:00:00+01:00,bus078,0.0
2030,sc01,01-25 03:00:00+01:00,bus033,0.0
2030,sc01,01-25 03:00:00+01:00,bus079,0.0
2030,sc01,01-25 03:00:00+01:00,bus061,0.0
2030,sc01,01-25 03:00:00+01:00,bus118,0.0
2030,sc01,01-25 03:00:00+01:00,bus003,0.0
2030,sc01,01-25 03:00:00+01:00,bus070,0.0
2030,sc01,01-25 03:00:00+01:00,bus004,0.0
2030,sc01,01-25 03:00:00+01:00,bus021,0.0
2030,sc01,01-25 03:00:00+01:00,bus068,0.0
2030,sc01,01-25 03:00:00+01:00,bus028,0.0
2030,sc01,01-25 03:00:00+01:00,bus034,0.0
2030,sc01,01-25 03:00:00+01:00,bus075,0.0
2030,sc01,01-25 03:00:00+01:00,bus064,0.0
2030,sc01,01-25 03:00:00+01:00,bus106,0.0
2030,sc01,01-25 03:00:00+01:00,bus076,0.0
2030,sc01,01-25 03:00:00+01:00,bus046,0.0
2030,sc01,01-25 03:00:00+01:00,bus007,0.0
2030,sc01,01-25 03:00:00+01:00,bus035,0.0
2030,sc01,01-25 03:00:00+01:00,bus117,0.0
2030,sc01,01-25 03:00:00+01:00,bus041,0.0
2030,sc01,01-25 03:00:00+01:00,bus102,0.0
2030,sc01,01-25 03:00:00+01:00,bus026,0.0
2030,sc01,01-25 03:00:00+01:00,bus077,0.0
2030,sc01,01-25 03:00:00+01:00,bus044,0.0
2030,sc01,01-25 03:00:00+01:00,bus091,0.0
2030,sc01,01-25 03:00:00+01:00,bus062,0.0
2030,sc01,01-25 07:00:00+01:00,bus093,0.0
2030,sc01,01-25 07:00:00+01:00,bus097,0.0
2030,sc01,01-25 07:00:00+01:00,bus110,0.0
2030,sc01,01-25 07:00:00+01:00,bus042,0.0
2030,sc01,01-25 07:00:00+01:00,bus066,0.0
2030,sc01,01-25 07:00:00+01:00,bus059,0.0
2030,sc01,01-25 07:00:00+01:00,bus057,0.0
2030,sc01,01-25 07:00:00+01:00,bus067,0.0
2030,sc01,01-25 07:00:00+01:00,bus069,0.0
2030,sc01,01-25 07:00:00+01:00,bus014,0.0
2030,sc01,01-25 07:00:00+01:00,bus090,0.0
2030,sc01,01-25 07:00:00+01:00,bus002,0.0
2030,sc01,01-25 07:00:00+01:00,bus005,0.0
2030,sc01,01-25 07:00:00+01:00,bus109,0.0
2030,sc01,01-25 07:00:00+01:00,bus020,0.0
2030,sc01,01-25 07:00:00+01:00,bus065,0.0
2030,sc01,01-25 07:00:00+01:00,bus001,0.0
2030,sc01,01-25 07:00:00+01:00,bus017,0.0
2030,sc01,01-25 07:00:00+01:00,bus015,0.0
2030,sc01,01-25 07:00:00+01:00,bus054,0.0
2030,sc01,01-25 07:00:00+01:00,bus086,0.0
2030,sc01,01-25 07:00:00+01:00,bus032,0.0
2030,sc01,01-25 07:00:00+01:00,bus038,0.0
2030,sc01,01-25 07:00:00+01:00,bus108,0.0
2030,sc01,01-25 07:00:00+01:00,bus087,0.0
2030,sc01,01-25 07:00:00+01:00,bus027,0.0
2030,sc01,01-25 07:00:00+01:00,bus111,0.0
2030,sc01,01-25 07:00:00+01:00,bus025,0.0
2030,sc01,01-25 07:00:00+01:00,bus029,0.0
2030,sc01,01-25 07:00:00+01:00,bus009,0.0
2030,sc01,01-25 07:00:00+01:00,bus043,0.0
2030,sc01,01-25 07:00:00+01:00,bus045,0.0
2030,sc01,01-25 07:00:00+01:00,bus084,0.0
2030,sc01,01-25 07:00:00+01:00,bus013,0.0
2030,sc01,01-25 07:00:00+01:00,bus063,0.0
2030,sc01,01-25 07:00:00+01:00,bus115,0.0
2030,sc01,01-25 07:00:00+01:00,bus010,0.0
2030,sc01,01-25 07:00:00+01:00,bus073,0.0
2030,sc01,01-25 07:00:00+01:00,bus052,0.0
2030,sc01,01-25 07:00:00+01:00,bus096,0.0
2030,sc01,01-25 07:00:00+01:00,bus050,0.0
2030,sc01,01-25 07:00:00+01:00,bus011,0.0
2030,sc01,01-25 07:00:00+01:00,bus055,0.0
2030,sc01,01-25 07:00:00+01:00,bus083,0.0
2030,sc01,01-25 07:00:00+01:00,bus081,0.0
2030,sc01,01-25 07:00:00+01:00,bus022,0.0
2030,sc01,01-25 07:00:00+01:00,bus071,0.0
2030,sc01,01-25 07:00:00+01:00,bus074,0.0
2030,sc01,01-25 07:00:00+01:00,bus040,0.0
2030,sc01,01-25 07:00:00+01:00,bus099,0.0
2030,sc01,01-25 07:00:00+01:00,bus030,0.0
2030,sc01,01-25 07:00:00+01:00,bus098,0.0
2030,sc01,01-25 07:00:00+01:00,bus053,0.0
2030,sc01,01-25 07:00:00+01:00,bus085,0.0
2030,sc01,01-25 07:00:00+01:00,bus101,0.0
2030,sc01,01-25 07:00:00+01:00,bus018,0.0
2030,sc01,01-25 07:00:00+01:00,bus023,0.0
2030,sc01,01-25 07:00:00+01:00,bus088,0.0
2030,sc01,01-25 07:00:00+01:00,bus116,0.0
2030,sc01,01-25 07:00:00+01:00,bus103,0.0
2030,sc01,01-25 07:00:00+01:00,bus008,0.0
2030,sc01,01-25 07:00:00+01:00,bus105,0.0
2030,sc01,01-25 07:00:00+01:00,bus060,0.0
2030,sc01,01-25 07:00:00+01:00,bus016,0.0
2030,sc01,01-25 07:00:00+01:00,bus082,0.0
2030,sc01,01-25 07:00:00+01:00,bus047,0.0
2030,sc01,01-25 07:00:00+01:00,bus019,0.0
2030,sc01,01-25 07:00:00+01:00,bus037,0.0
2030,sc01,01-25 07:00:00+01:00,bus006,0.0
2030,sc01,01-25 07:00:00+01:00,bus080,0.0
2030,sc01,01-25 07:00:00+01:00,bus031,0.0
2030,sc01,01-25 07:00:00+01:00,bus048,0.0
2030,sc01,01-25 07:00:00+01:00,bus107,0.0
2030,sc01,01-25 07:00:00+01:00,bus049,0.0
2030,sc01,01-25 07:00:00+01:00,bus104,0.0
2030,sc01,01-25 07:00:00+01:00,bus100,0.0
2030,sc01,01-25 07:00:00+01:00,bus072,0.0
2030,sc01,01-25 07:00:00+01:00,bus039,0.0
2030,sc01,01-25 07:00:00+01:00,bus012,0.0
2030,sc01,01-25 07:00:00+01:00,bus114,0.0
2030,sc01,01-25 07:00:00+01:00,bus112,0.0
2030,sc01,01-25 07:00:00+01:00,bus058,0.0
2030,sc01,01-25 07:00:00+01:00,bus089,0.0
2030,sc01,01-25 07:00:00+01:00,bus051,0.0
2030,sc01,01-25 07:00:00+01:00,bus056,0.0
2030,sc01,01-25 07:00:00+01:00,bus092,0.0
2030,sc01,01-25 07:00:00+01:00,bus036,0.0
2030,sc01,01-25 07:00:00+01:00,bus094,0.0
2030,sc01,01-25 07:00:00+01:00,bus095,0.0
2030,sc01,01-25 07:00:00+01:00,bus113,0.0
2030,sc01,01-25 07:00:00+01:00,bus024,0.0
2030,sc01,01-25 07:00:00+01:00,bus078,0.0
2030,sc01,01-25 07:00:00+01:00,bus033,0.0
2030,sc01,01-25 07:00:00+01:00,bus079,0.0
2030,sc01,01-25 07:00:00+01:00,bus061,0.0
2030,sc01,01-25 07:00:00+01:00,bus118,0.0
2030,sc01,01-25 07:00:00+01:00,bus003,0.0
2030,sc01,01-25 07:00:00+01:00,bus070,0.0
2030,sc01,01-25 07:00:00+01:00,bus004,0.0
2030,sc01,01-25 07:00:00+01:00,bus021,0.0
2030,sc01,01-25 07:00:00+01:00,bus068,0.0
2030,sc01,01-25 07:00:00+01:00,bus028,0.0
2030,sc01,01-25 07:00:00+01:00,bus034,0.0
2030,sc01,01-25 07:00:00+01:00,bus075,0.0
2030,sc01,01-25 07:00:00+01:00,bus064,0.0
2030,sc01,01-25 07:00:00+01:00,bus106,0.0
2030,sc01,01-25 07:00:00+01:00,bus076,0.0
2030,sc01,01-25 07:00:00+01:00,bus046,0.0
2030,sc01,01-25 07:00:00+01:00,bus007,0.0
2030,sc01,01-25 07:00:00+01:00,bus035,0.0
2030,sc01,01-25 07:00:00+01:00,bus117,0.0
2030,sc01,01-25 07:00:00+01:00,bus041,0.0
2030,sc01,01-25 07:00:00+01:00,bus102,0.0
2030,sc01,01-25 07:00:00+01:00,bus026,0.0
2030,sc01,01-25 07:00:00+01:00,bus077,0.0
2030,sc01,01-25 07:00:00+01:00,bus044,0.0
2030,sc01,01-25 07:00:00+01:00,bus091,0.0
2030,sc01,01-25 07:00:00+01:00,bus062,0.0
2030,sc01,01-25 17:00:00+01:00,bus093,0.0
2030,sc01,01-25 17:00:00+01:00,bus097,0.0
2030,sc01,01-25 17:00:00+01:00,bus110,0.0
2030,sc01,01-25 17:00:00+01:00,bus042,0.0
2030,sc01,01-25 17:00:00+01:00,bus066,0.0
2030,sc01,01-25 17:00:00+01:00,bus059,0.0
2030,sc01,01-25 17:00:00+01:00,bus057,0.0
2030,sc01,01-25 17:00:00+01:00,bus067,0.0
2030,sc01,01-25 17:00:00+01:00,bus069,0.0
2030,sc01,01-25 17:00:00+01:00,bus014,0.0
2030,sc01,01-25 17:00:00+01:00,bus090,0.0
2030,sc01,01-25 17:00:00+01:00,bus002,0.0
2030,sc01,01-25 17:00:00+01:00,bus005,0.0
2030,sc01,01-25 17:00:00+01:00,bus109,0.0
2030,sc01,01-25 17:00:00+01:00,bus020,0.0
2030,sc01,01-25 17:00:00+01:00,bus065,0.0
2030,sc01,01-25 17:00:00+01:00,bus001,0.0
2030,sc01,01-25 17:00:00+01:00,bus017,0.0
2030,sc01,01-25 17:00:00+01:00,bus015,0.0
2030,sc01,01-25 17:00:00+01:00,bus054,0.0
2030,sc01,01-25 17:00:00+01:00,bus086,0.0
2030,sc01,01-25 17:00:00+01:00,bus032,0.0
2030,sc01,01-25 17:00:00+01:00,bus038,0.0
2030,sc01,01-25 17:00:00+01:00,bus108,0.0
2030,sc01,01-25 17:00:00+01:00,bus087,0.0
2030,sc01,01-25 17:00:00+01:00,bus027,0.0
2030,sc01,01-25 17:00:00+01:00,bus111,0.0
2030,sc01,01-25 17:00:00+01:00,bus025,0.0
2030,sc01,01-25 17:00:00+01:00,bus029,0.0
2030,sc01,01-25 17:00:00+01:00,bus009,0.0
2030,sc01,01-25 17:00:00+01:00,bus043,0.0
2030,sc01,01-25 17:00:00+01:00,bus045,0.0
2030,sc01,01-25 17:00:00+01:00,bus084,0.0
2030,sc01,01-25 17:00:00+01:00,bus013,0.0
2030,sc01,01-25 17:00:00+01:00,bus063,0.0
2030,sc01,01-25 17:00:00+01:00,bus115,0.0
2030,sc01,01-25 17:00:00+01:00,bus010,0.0
2030,sc01,01-25 17:00:00+01:00,bus073,0.0
2030,sc01,01-25 17:00:00+01:00,bus052,0.0
2030,sc01,01-25 17:00:00+01:00,bus096,0.0
2030,sc01,01-25 17:00:00+01:00,bus050,0.0
2030,sc01,01-25 17:00:00+01:00,bus011,0.0
2030,sc01,01-25 17:00:00+01:00,bus055,0.0
2030,sc01,01-25 17:00:00+01:00,bus083,0.0
2030,sc01,01-25 17:00:00+01:00,bus081,0.0
2030,sc01,01-25 17:00:00+01:00,bus022,0.0
2030,sc01,01-25 17:00:00+01:00,bus071,0.0
2030,sc01,01-25 17:00:00+01:00,bus074,0.0
2030,sc01,01-25 17:00:00+01:00,bus040,0.0
2030,sc01,01-25 17:00:00+01:00,bus099,0.0
2030,sc01,01-25 17:00:00+01:00,bus030,0.0
2030,sc01,01-25 17:00:00+01:00,bus098,0.0
2030,sc01,01-25 17:00:00+01:00,bus053,0.0
2030,sc01,01-25 17:00:00+01:00,bus085,0.0
2030,sc01,01-25 17:00:00+01:00,bus101,0.0
2030,sc01,01-25 17:00:00+01:00,bus018,0.0
2030,sc01,01-25 17:00:00+01:00,bus023,0.0
2030,sc01,01-25 17:00:00+01:00,bus088,0.0
2030,sc01,01-25 17:00:00+01:00,bus116,0.0
2030,sc01,01-25 17:00:00+01:00,bus103,0.0
2030,sc01,01-25 17:00:00+01:00,bus008,0.0
2030,sc01,01-25 17:00:00+01:00,bus105,0.0
2030,sc01,01-25 17:00:00+01:00,bus060,0.0
2030,sc01,01-25 17:00:00+01:00,bus016,0.0
2030,sc01,01-25 17:00:00+01:00,bus082,0.0
2030,sc01,01-25 17:00:00+01:00,bus047,0.0
2030,sc01,01-25 17:00:00+01:00,bus019,0.0
2030,sc01,01-25 17:00:00+01:00,bus037,0.0
2030,sc01,01-25 17:00:00+01:00,bus006,0.0
2030,sc01,01-25 17:00:00+01:00,bus080,0.0
2030,sc01,01-25 17:00:00+01:00,bus031,0.0
2030,sc01,01-25 17:00:00+01:00,bus048,0.0
2030,sc01,01-25 17:00:00+01:00,bus107,0.0
2030,sc01,01-25 17:00:00+01:00,bus049,0.0
2030,sc01,01-25 17:00:00+01:00,bus104,0.0
2030,sc01,01-25 17:00:00+01:00,bus100,0.0
2030,sc01,01-25 17:00:00+01:00,bus072,0.0
2030,sc01,01-25 17:00:00+01:00,bus039,0.0
2030,sc01,01-25 17:00:00+01:00,bus012,0.0
2030,sc01,01-25 17:00:00+01:00,bus114,0.0
2030,sc01,01-25 17:00:00+01:00,bus112,0.0
2030,sc01,01-25 17:00:00+01:00,bus058,0.0
2030,sc01,01-25 17:00:00+01:00,bus089,0.0
2030,sc01,01-25 17:00:00+01:00,bus051,0.0
2030,sc01,01-25 17:00:00+01:00,bus056,0.0
2030,sc01,01-25 17:00:00+01:00,bus092,0.0
2030,sc01,01-25 17:00:00+01:00,bus036,0.0
2030,sc01,01-25 17:00:00+01:00,bus094,0.0
2030,sc01,01-25 17:00:00+01:00,bus095,0.0
2030,sc01,01-25 17:00:00+01:00,bus113,0.0
2030,sc01,01-25 17:00:00+01:00,bus024,0.0
2030,sc01,01-25 17:00:00+01:00,bus078,0.0
2030,sc01,01-25 17:00:00+01:00,bus033,0.0
2030,sc01,01-25 17:00:00+01:00,bus079,0.0
2030,sc01,01-25 17:00:00+01:00,bus061,0.0
2030,sc01,01-25 17:00:00+01:00,bus118,0.0
2030,sc01,01-25 17:00:00+01:00,bus003,0.0
2030,sc01,01-25 17:00:00+01:00,bus070,0.0
2030,sc01,01-25 17:00:00+01:00,bus004,0.0
2030,sc01,01-25 17:00:00+01:00,bus021,0.0
2030,sc01,01-25 17:00:00+01:00,bus068,0.0
2030,sc01,01-25 17:00:00+01:00,bus028,0.0
2030,sc01,01-25 17:00:00+01:00,bus034,0.0
2030,sc01,01-25 17:00:00+01:00,bus075,0.0
2030,sc01,01-25 17:00:00+01:00,bus064,0.0
2030,sc01,01-25 17:00:00+01:00,bus106,0.0
2030,sc01,01-25 17:00:00+01:00,bus076,0.0
2030,sc01,01-25 17:00:00+01:00,bus046,0.0
2030,sc01,01-25 17:00:00+01:00,bus007,0.0
2030,sc01,01-25 17:00:00+01:00,bus035,0.0
2030,sc01,01-25 17:00:00+01:00,bus117,0.0
2030,sc01,01-25 17:00:00+01:00,bus041,0.0
2030,sc01,01-25 17:00:00+01:00,bus102,0.0
2030,sc01,01-25 17:00:00+01:00,bus026,0.0
2030,sc01,01-25 17:00:00+01:00,bus077,0.0
2030,sc01,01-25 17:00:00+01:00,bus044,0.0
2030,sc01,01-25 17:00:00+01:00,bus091,0.0
2030,sc01,01-25 17:00:00+01:00,bus062,0.0
2030,sc01,01-25 22:00:00+01:00,bus093,0.0
2030,sc01,01-25 22:00:00+01:00,bus097,0.0
2030,sc01,01-25 22:00:00+01:00,bus110,0.0
2030,sc01,01-25 22:00:00+01:00,bus042,0.0
2030,sc01,01-25 22:00:00+01:00,bus066,0.0
2030,sc01,01-25 22:00:00+01:00,bus059,0.0
2030,sc01,01-25 22:00:00+01:00,bus057,0.0
2030,sc01,01-25 22:00:00+01:00,bus067,0.0
2030,sc01,01-25 22:00:00+01:00,bus069,0.0
2030,sc01,01-25 22:00:00+01:00,bus014,0.0
2030,sc01,01-25 22:00:00+01:00,bus090,0.0
2030,sc01,01-25 22:00:00+01:00,bus002,0.0
2030,sc01,01-25 22:00:00+01:00,bus005,0.0
2030,sc01,01-25 22:00:00+01:00,bus109,0.0
2030,sc01,01-25 22:00:00+01:00,bus020,0.0
2030,sc01,01-25 22:00:00+01:00,bus065,0.0
2030,sc01,01-25 22:00:00+01:00,bus001,0.0
2030,sc01,01-25 22:00:00+01:00,bus017,0.0
2030,sc01,01-25 22:00:00+01:00,bus015,0.0
2030,sc01,01-25 22:00:00+01:00,bus054,0.0
2030,sc01,01-25 22:00:00+01:00,bus086,0.0
2030,sc01,01-25 22:00:00+01:00,bus032,0.0
2030,sc01,01-25 22:00:00+01:00,bus038,0.0
2030,sc01,01-25 22:00:00+01:00,bus108,0.0
2030,sc01,01-25 22:00:00+01:00,bus087,0.0
2030,sc01,01-25 22:00:00+01:00,bus027,0.0
2030,sc01,01-25 22:00:00+01:00,bus111,0.0
2030,sc01,01-25 22:00:00+01:00,bus025,0.0
2030,sc01,01-25 22:00:00+01:00,bus029,0.0
2030,sc01,01-25 22:00:00+01:00,bus009,0.0
2030,sc01,01-25 22:00:00+01:00,bus043,0.0
2030,sc01,01-25 22:00:00+01:00,bus045,0.0
2030,sc01,01-25 22:00:00+01:00,bus084,0.0
2030,sc01,01-25 22:00:00+01:00,bus013,0.0
2030,sc01,01-25 22:00:00+01:00,bus063,0.0
2030,sc01,01-25 22:00:00+01:00,bus115,0.0
2030,sc01,01-25 22:00:00+01:00,bus010,0.0
2030,sc01,01-25 22:00:00+01:00,bus073,0.0
2030,sc01,01-25 22:00:00+01:00,bus052,0.0
2030,sc01,01-25 22:00:00+01:00,bus096,0.0
2030,sc01,01-25 22:00:00+01:00,bus050,0.0
2030,sc01,01-25 22:00:00+01:00,bus011,0.0
2030,sc01,01-25 22:00:00+01:00,bus055,0.0
2030,sc01,01-25 22:00:00+01:00,bus083,0.0
2030,sc01,01-25 22:00:00+01:00,bus081,0.0
2030,sc01,01-25 22:00:00+01:00,bus022,0.0
2030,sc01,01-25 22:00:00+01:00,bus071,0.0
2030,sc01,01-25 22:00:00+01:00,bus074,0.0
2030,sc01,01-25 22:00:00+01:00,bus040,0.0
2030,sc01,01-25 22:00:00+01:00,bus099,0.0
2030,sc01,01-25 22:00:00+01:00,bus030,0.0
2030,sc01,01-25 22:00:00+01:00,bus098,0.0
2030,sc01,01-25 22:00:00+01:00,bus053,0.0
2030,sc01,01-25 22:00:00+01:00,bus085,0.0
2030,sc01,01-25 22:00:00+01:00,bus101,0.0
2030,sc01,01-25 22:00:00+01:00,bus018,0.0
2030,sc01,01-25 22:00:00+01:00,bus023,0.0
2030,sc01,01-25 22:00:00+01:00,bus088,0.0
2030,sc01,01-25 22:00:00+01:00,bus116,0.0
2030,sc01,01-25 22:00:00+01:00,bus103,0.0
2030,sc01,01-25 22:00:00+01:00,bus008,0.0
2030,sc01,01-25 22:00:00+01:00,bus105,0.0
2030,sc01,01-25 22:00:00+01:00,bus060,0.0
2030,sc01,01-25 22:00:00+01:00,bus016,0.0
2030,sc01,01-25 22:00:00+01:00,bus082,0.0
2030,sc01,01-25 22:00:00+01:00,bus047,0.0
2030,sc01,01-25 22:00:00+01:00,bus019,0.0
2030,sc01,01-25 22:00:00+01:00,bus037,0.0
2030,sc01,01-25 22:00:00+01:00,bus006,0.0
2030,sc01,01-25 22:00:00+01:00,bus080,0.0
2030,sc01,01-25 22:00:00+01:00,bus031,0.0
2030,sc01,01-25 22:00:00+01:00,bus048,0.0
2030,sc01,01-25 22:00:00+01:00,bus107,0.0
2030,sc01,01-25 22:00:00+01:00,bus049,0.0
2030,sc01,01-25 22:00:00+01:00,bus104,0.0
2030,sc01,01-25 22:00:00+01:00,bus100,0.0
2030,sc01,01-25 22:00:00+01:00,bus072,0.0
2030,sc01,01-25 22:00:00+01:00,bus039,0.0
2030,sc01,01-25 22:00:00+01:00,bus012,0.0
2030,sc01,01-25 22:00:00+01:00,bus114,0.0
2030,sc01,01-25 22:00:00+01:00,bus112,0.0
2030,sc01,01-25 22:00:00+01:00,bus058,0.0
2030,sc01,01-25 22:00:00+01:00,bus089,0.0
2030,sc01,01-25 22:00:00+01:00,bus051,0.0
2030,sc01,01-25 22:00:00+01:00,bus056,0.0
2030,sc01,01-25 22:00:00+01:00,bus092,0.0
2030,sc01,01-25 22:00:00+01:00,bus036,0.0
2030,sc01,01-25 22:00:00+01:00,bus094,0.0
2030,sc01,01-25 22:00:00+01:00,bus095,0.0
2030,sc01,01-25 22:00:00+01:00,bus113,0.0
2030,sc01,01-25 22:00:00+01:00,bus024,0.0
2030,sc01,01-25 22:00:00+01:00,bus078,0.0
2030,sc01,01-25 22:00:00+01:00,bus033,0.0
2030,sc01,01-25 22:00:00+01:00,bus079,0.0
2030,sc01,01-25 22:00:00+01:00,bus061,0.0
2030,sc01,01-25 22:00:00+01:00,bus118,0.0
2030,sc01,01-25 22:00:00+01:00,bus003,0.0
2030,sc01,01-25 22:00:00+01:00,bus070,0.0
2030,sc01,01-25 22:00:00+01:00,bus004,0.0
2030,sc01,01-25 22:00:00+01:00,bus021,0.0
2030,sc01,01-25 22:00:00+01:00,bus068,0.0
2030,sc01,01-25 22:00:00+01:00,bus028,0.0
2030,sc01,01-25 22:00:00+01:00,bus034,0.0
2030,sc01,01-25 22:00:00+01:00,bus075,0.0
2030,sc01,01-25 22:00:00+01:00,bus064,0.0
2030,sc01,01-25 22:00:00+01:00,bus106,0.0
2030,sc01,01-25 22:00:00+01:00,bus076,0.0
2030,sc01,01-25 22:00:00+01:00,bus046,0.0
2030,sc01,01-25 22:00:00+01:00,bus007,0.0
2030,sc01,01-25 22:00:00+01:00,bus035,0.0
2030,sc01,01-25 22:00:00+01:00,bus117,0.0
2030,sc01,01-25 22:00:00+01:00,bus041,0.0
2030,sc01,01-25 22:00:00+01:00,bus102,0.0
2030,sc01,01-25 22:00:00+01:00,bus026,0.0
2030,sc01,01-25 22:00:00+01:00,bus077,0.0
2030,sc01,01-25 22:00:00+01:00,bus044,0.0
2030,sc01,01-25 22:00:00+01:00,bus091,0.0
2030,sc01,01-25 22:00:00+01:00,bus062,0.0
2030,sc01,01-26 04:00:00+01:00,bus093,0.0
2030,sc01,01-26 04:00:00+01:00,bus097,0.0
2030,sc01,01-26 04:00:00+01:00,bus110,0.0
2030,sc01,01-26 04:00:00+01:00,bus042,0.0
2030,sc01,01-26 04:00:00+01:00,bus066,0.0
2030,sc01,01-26 04:00:00+01:00,bus059,0.0
2030,sc01,01-26 04:00:00+01:00,bus057,0.0
2030,sc01,01-26 04:00:00+01:00,bus067,0.0
2030,sc01,01-26 04:00:00+01:00,bus069,0.0
2030,sc01,01-26 04:00:00+01:00,bus014,0.0
2030,sc01,01-26 04:00:00+01:00,bus090,0.0
2030,sc01,01-26 04:00:00+01:00,bus002,0.0
2030,sc01,01-26 04:00:00+01:00,bus005,0.0
2030,sc01,01-26 04:00:00+01:00,bus109,0.0
2030,sc01,01-26 04:00:00+01:00,bus020,0.0
2030,sc01,01-26 04:00:00+01:00,bus065,0.0
2030,sc01,01-26 04:00:00+01:00,bus001,0.0
2030,sc01,01-26 04:00:00+01:00,bus017,0.0
2030,sc01,01-26 04:00:00+01:00,bus015,0.0
2030,sc01,01-26 04:00:00+01:00,bus054,0.0
2030,sc01,01-26 04:00:00+01:00,bus086,0.0
2030,sc01,01-26 04:00:00+01:00,bus032,0.0
2030,sc01,01-26 04:00:00+01:00,bus038,0.0
2030,sc01,01-26 04:00:00+01:00,bus108,0.0
2030,sc01,01-26 04:00:00+01:00,bus087,0.0
2030,sc01,01-26 04:00:00+01:00,bus027,0.0
2030,sc01,01-26 04:00:00+01:00,bus111,0.0
2030,sc01,01-26 04:00:00+01:00,bus025,0.0
2030,sc01,01-26 04:00:00+01:00,bus029,0.0
2030,sc01,01-26 04:00:00+01:00,bus009,0.0
2030,sc01,01-26 04:00:00+01:00,bus043,0.0
2030,sc01,01-26 04:00:00+01:00,bus045,0.0
2030,sc01,01-26 04:00:00+01:00,bus084,0.0
2030,sc01,01-26 04:00:00+01:00,bus013,0.0
2030,sc01,01-26 04:00:00+01:00,bus063,0.0
2030,sc01,01-26 04:00:00+01:00,bus115,0.0
2030,sc01,01-26 04:00:00+01:00,bus010,0.0
2030,sc01,01-26 04:00:00+01:00,bus073,0.0
2030,sc01,01-26 04:00:00+01:00,bus052,0.0
2030,sc01,01-26 04:00:00+01:00,bus096,0.0
2030,sc01,01-26 04:00:00+01:00,bus050,0.0
2030,sc01,01-26 04:00:00+01:00,bus011,0.0
2030,sc01,01-26 04:00:00+01:00,bus055,0.0
2030,sc01,01-26 04:00:00+01:00,bus083,0.0
2030,sc01,01-26 04:00:00+01:00,bus081,0.0
2030,sc01,01-26 04:00:00+01:00,bus022,0.0
2030,sc01,01-26 04:00:00+01:00,bus071,0.0
2030,sc01,01-26 04:00:00+01:00,bus074,0.0
2030,sc01,01-26 04:00:00+01:00,bus040,0.0
2030,sc01,01-26 04:00:00+01:00,bus099,0.0
2030,sc01,01-26 04:00:00+01:00,bus030,0.0
2030,sc01,01-26 04:00:00+01:00,bus098,0.0
2030,sc01,01-26 04:00:00+01:00,bus053,0.0
2030,sc01,01-26 04:00:00+01:00,bus085,0.0
2030,sc01,01-26 04:00:00+01:00,bus101,0.0
2030,sc01,01-26 04:00:00+01:00,bus018,0.0
2030,sc01,01-26 04:00:00+01:00,bus023,0.0
2030,sc01,01-26 04:00:00+01:00,bus088,0.0
2030,sc01,01-26 04:00:00+01:00,bus116,0.0
2030,sc01,01-26 04:00:00+01:00,bus103,0.0
2030,sc01,01-26 04:00:00+01:00,bus008,0.0
2030,sc01,01-26 04:00:00+01:00,bus105,0.0
2030,sc01,01-26 04:00:00+01:00,bus060,0.0
2030,sc01,01-26 04:00:00+01:00,bus016,0.0
2030,sc01,01-26 04:00:00+01:00,bus082,0.0
2030,sc01,01-26 04:00:00+01:00,bus047,0.0
2030,sc01,01-26 04:00:00+01:00,bus019,0.0
2030,sc01,01-26 04:00:00+01:00,bus037,0.0
2030,sc01,01-26 04:00:00+01:00,bus006,0.0
2030,sc01,01-26 04:00:00+01:00,bus080,0.0
2030,sc01,01-26 04:00:00+01:00,bus031,0.0
2030,sc01,01-26 04:00:00+01:00,bus048,0.0
2030,sc01,01-26 04:00:00+01:00,bus107,0.0
2030,sc01,01-26 04:00:00+01:00,bus049,0.0
2030,sc01,01-26 04:00:00+01:00,bus104,0.0
2030,sc01,01-26 04:00:00+01:00,bus100,0.0
2030,sc01,01-26 04:00:00+01:00,bus072,0.0
2030,sc01,01-26 04:00:00+01:00,bus039,0.0
2030,sc01,01-26 04:00:00+01:00,bus012,0.0
2030,sc01,01-26 04:00:00+01:00,bus114,0.0
2030,sc01,01-26 04:00:00+01:00,bus112,0.0
2030,sc01,01-26 04:00:00+01:00,bus058,0.0
2030,sc01,01-26 04:00:00+01:00,bus089,0.0
2030,sc01,01-26 04:00:00+01:00,bus051,0.0
2030,sc01,01-26 04:00:00+01:00,bus056,0.0
2030,sc01,01-26 04:00:00+01:00,bus092,0.0
2030,sc01,01-26 04:00:00+01:00,bus036,0.0
2030,sc01,01-26 04:00:00+01:00,bus094,0.0
2030,sc01,01-26 04:00:00+01:00,bus095,0.0
2030,sc01,01-26 04:00:00+01:00,bus113,0.0
2030,sc01,01-26 04:00:00+01:00,bus024,0.0
2030,sc01,01-26 04:00:00+01:00,bus078,0.0
2030,sc01,01-26 04:00:00+01:00,bus033,0.0
2030,sc01,01-26 04:00:00+01:00,bus079,0.0
2030,sc01,01-26 04:00:00+01:00,bus061,0.0
2030,sc01,01-26 04:00:00+01:00,bus118,0.0
2030,sc01,01-26 04:00:00+01:00,bus003,0.0
2030,sc01,01-26 04:00:00+01:00,bus070,0.0
2030,sc01,01-26 04:00:00+01:00,bus004,0.0
2030,sc01,01-26 04:00:00+01:00,bus021,0.0
2030,sc01,01-26 04:00:00+01:00,bus068,0.0
2030,sc01,01-26 04:00:00+01:00,bus028,0.0
2030,sc01,01-26 04:00:00+01:00,bus034,0.0
2030,sc01,01-26 04:00:00+01:00,bus075,0.0
2030,sc01,01-26 04:00:00+01:00,bus064,0.0
2030,sc01,01-26 04:00:00+01:00,bus106,0.0
2030,sc01,01-26 04:00:00+01:00,bus076,0.0
2030,sc01,01-26 04:00:00+01:00,bus046,0.0
2030,sc01,01-26 04:00:00+01:00,bus007,0.0
2030,sc01,01-26 04:00:00+01:00,bus035,0.0
2030,sc01,01-26 04:00:00+01:00,bus117,0.0
2030,sc01,01-26 04:00:00+01:00,bus041,0.0
2030,sc01,01-26 04:00:00+01:00,bus102,0.0
2030,sc01,01-26 04:00:00+01:00,bus026,0.0
2030,sc01,01-26 04:00:00+01:00,bus077,0.0
2030,sc01,01-26 04:00:00+01:00,bus044,0.0
2030,sc01,01-26 04:00:00+01:00,bus091,0.0
2030,sc01,01-26 04:00:00+01:00,bus062,0.0
2030,sc01,01-26 11:00:00+01:00,bus093,0.0
2030,sc01,01-26 11:00:00+01:00,bus097,0.0
2030,sc01,01-26 11:00:00+01:00,bus110,0.0
2030,sc01,01-26 11:00:00+01:00,bus042,0.0
2030,sc01,01-26 11:00:00+01:00,bus066,0.0
2030,sc01,01-26 11:00:00+01:00,bus059,0.0
2030,sc01,01-26 11:00:00+01:00,bus057,0.0
2030,sc01,01-26 11:00:00+01:00,bus067,0.0
2030,sc01,01-26 11:00:00+01:00,bus069,0.0
2030,sc01,01-26 11:00:00+01:00,bus014,0.0
2030,sc01,01-26 11:00:00+01:00,bus090,0.0
2030,sc01,01-26 11:00:00+01:00,bus002,0.0
2030,sc01,01-26 11:00:00+01:00,bus005,0.0
2030,sc01,01-26 11:00:00+01:00,bus109,0.0
2030,sc01,01-26 11:00:00+01:00,bus020,0.0
2030,sc01,01-26 11:00:00+01:00,bus065,0.0
2030,sc01,01-26 11:00:00+01:00,bus001,0.0
2030,sc01,01-26 11:00:00+01:00,bus017,0.0
2030,sc01,01-26 11:00:00+01:00,bus015,0.0
2030,sc01,01-26 11:00:00+01:00,bus054,0.0
2030,sc01,01-26 11:00:00+01:00,bus086,0.0
2030,sc01,01-26 11:00:00+01:00,bus032,0.0
2030,sc01,01-26 11:00:00+01:00,bus038,0.0
2030,sc01,01-26 11:00:00+01:00,bus108,0.0
2030,sc01,01-26 11:00:00+01:00,bus087,0.0
2030,sc01,01-26 11:00:00+01:00,bus027,0.0
2030,sc01,01-26 11:00:00+01:00,bus111,0.0
2030,sc01,01-26 11:00:00+01:00,bus025,0.0
2030,sc01,01-26 11:00:00+01:00,bus029,0.0
2030,sc01,01-26 11:00:00+01:00,bus009,0.0
2030,sc01,01-26 11:00:00+01:00,bus043,0.0
2030,sc01,01-26 11:00:00+01:00,bus045,0.0
2030,sc01,01-26 11:00:00+01:00,bus084,0.0
2030,sc01,01-26 11:00:00+01:00,bus013,0.0
2030,sc01,01-26 11:00:00+01:00,bus063,0.0
2030,sc01,01-26 11:00:00+01:00,bus115,0.0
2030,sc01,01-26 11:00:00+01:00,bus010,0.0
2030,sc01,01-26 11:00:00+01:00,bus073,0.0
2030,sc01,01-26 11:00:00+01:00,bus052,0.0
2030,sc01,01-26 11:00:00+01:00,bus096,0.0
2030,sc01,01-26 11:00:00+01:00,bus050,0.0
2030,sc01,01-26 11:00:00+01:00,bus011,0.0
2030,sc01,01-26 11:00:00+01:00,bus055,0.0
2030,sc01,01-26 11:00:00+01:00,bus083,0.0
2030,sc01,01-26 11:00:00+01:00,bus081,0.0
2030,sc01,01-26 11:00:00+01:00,bus022,0.0
2030,sc01,01-26 11:00:00+01:00,bus071,0.0
2030,sc01,01-26 11:00:00+01:00,bus074,0.0
2030,sc01,01-26 11:00:00+01:00,bus040,0.0
2030,sc01,01-26 11:00:00+01:00,bus099,0.0
2030,sc01,01-26 11:00:00+01:00,bus030,0.0
2030,sc01,01-26 11:00:00+01:00,bus098,0.0
2030,sc01,01-26 11:00:00+01:00,bus053,0.0
2030,sc01,01-26 11:00:00+01:00,bus085,0.0
2030,sc01,01-26 11:00:00+01:00,bus101,0.0
2030,sc01,01-26 11:00:00+01:00,bus018,0.0
2030,sc01,01-26 11:00:00+01:00,bus023,0.0
2030,sc01,01-26 11:00:00+01:00,bus088,0.0
2030,sc01,01-26 11:00:00+01:00,bus116,0.0
2030,sc01,01-26 11:00:00+01:00,bus103,0.0
2030,sc01,01-26 11:00:00+01:00,bus008,0.0
2030,sc01,01-26 11:00:00+01:00,bus105,0.0
2030,sc01,01-26 11:00:00+01:00,bus060,0.0
2030,sc01,01-26 11:00:00+01:00,bus016,0.0
2030,sc01,01-26 11:00:00+01:00,bus082,0.0
2030,sc01,01-26 11:00:00+01:00,bus047,0.0
2030,sc01,01-26 11:00:00+01:00,bus019,0.0
2030,sc01,01-26 11:00:00+01:00,bus037,0.0
2030,sc01,01-26 11:00:00+01:00,bus006,0.0
2030,sc01,01-26 11:00:00+01:00,bus080,0.0
2030,sc01,01-26 11:00:00+01:00,bus031,0.0
2030,sc01,01-26 11:00:00+01:00,bus048,0.0
2030,sc01,01-26 11:00:00+01:00,bus107,0.0
2030,sc01,01-26 11:00:00+01:00,bus049,0.0
2030,sc01,01-26 11:00:00+01:00,bus104,0.0
2030,sc01,01-26 11:00:00+01:00,bus100,0.0
2030,sc01,01-26 11:00:00+01:00,bus072,0.0
2030,sc01,01-26 11:00:00+01:00,bus039,0.0
2030,sc01,01-26 11:00:00+01:00,bus012,0.0
2030,sc01,01-26 11:00:00+01:00,bus114,0.0
2030,sc01,01-26 11:00:00+01:00,bus112,0.0
2030,sc01,01-26 11:00:00+01:00,bus058,0.0
2030,sc01,01-26 11:00:00+01:00,bus089,0.0
2030,sc01,01-26 11:00:00+01:00,bus051,0.0
2030,sc01,01-26 11:00:00+01:00,bus056,0.0
2030,sc01,01-26 11:00:00+01:00,bus092,0.0
2030,sc01,01-26 11:00:00+01:00,bus036,0.0
2030,sc01,01-26 11:00:00+01:00,bus094,0.0
2030,sc01,01-26 11:00:00+01:00,bus095,0.0
2030,sc01,01-26 11:00:00+01:00,bus113,0.0
2030,sc01,01-26 11:00:00+01:00,bus024,0.0
2030,sc01,01-26 11:00:00+01:00,bus078,0.0
2030,sc01,01-26 11:00:00+01:00,bus033,0.0
2030,sc01,01-26 11:00:00+01:00,bus079,0.0
2030,sc01,01-26 11:00:00+01:00,bus061,0.0
2030,sc01,01-26 11:00:00+01:00,bus118,0.0
2030,sc01,01-26 11:00:00+01:00,bus003,0.0
2030,sc01,01-26 11:00:00+01:00,bus070,0.0
2030,sc01,01-26 11:00:00+01:00,bus004,0.0
2030,sc01,01-26 11:00:00+01:00,bus021,0.0
2030,sc01,01-26 11:00:00+01:00,bus068,0.0
2030,sc01,01-26 11:00:00+01:00,bus028,0.0
2030,sc01,01-26 11:00:00+01:00,bus034,0.0
2030,sc01,01-26 11:00:00+01:00,bus075,0.0
2030,sc01,01-26 11:00:00+01:00,bus064,0.0
2030,sc01,01-26 11:00:00+01:00,bus106,0.0
2030,sc01,01-26 11:00:00+01:00,bus076,0.0
2030,sc01,01-26 11:00:00+01:00,bus046,0.0
2030,sc01,01-26 11:00:00+01:00,bus007,0.0
2030,sc01,01-26 11:00:00+01:00,bus035,0.0
2030,sc01,01-26 11:00:00+01:00,bus117,0.0
2030,sc01,01-26 11:00:00+01:00,bus041,0.0
2030,sc01,01-26 11:00:00+01:00,bus102,0.0
2030,sc01,01-26 11:00:00+01:00,bus026,0.0
2030,sc01,01-26 11:00:00+01:00,bus077,0.0
2030,sc01,01-26 11:00:00+01:00,bus044,0.0
2030,sc01,01-26 11:00:00+01:00,bus091,0.0
2030,sc01,01-26 11:00:00+01:00,bus062,0.0
2030,sc01,01-28 08:00:00+01:00,bus093,0.0
2030,sc01,01-28 08:00:00+01:00,bus097,0.0
2030,sc01,01-28 08:00:00+01:00,bus110,0.0
2030,sc01,01-28 08:00:00+01:00,bus042,0.0
2030,sc01,01-28 08:00:00+01:00,bus066,0.0
2030,sc01,01-28 08:00:00+01:00,bus059,0.0
2030,sc01,01-28 08:00:00+01:00,bus057,0.0
2030,sc01,01-28 08:00:00+01:00,bus067,0.0
2030,sc01,01-28 08:00:00+01:00,bus069,0.0
2030,sc01,01-28 08:00:00+01:00,bus014,0.0
2030,sc01,01-28 08:00:00+01:00,bus090,0.0
2030,sc01,01-28 08:00:00+01:00,bus002,0.0
2030,sc01,01-28 08:00:00+01:00,bus005,0.0
2030,sc01,01-28 08:00:00+01:00,bus109,0.0
2030,sc01,01-28 08:00:00+01:00,bus020,0.0
2030,sc01,01-28 08:00:00+01:00,bus065,0.0
2030,sc01,01-28 08:00:00+01:00,bus001,0.0
2030,sc01,01-28 08:00:00+01:00,bus017,0.0
2030,sc01,01-28 08:00:00+01:00,bus015,0.0
2030,sc01,01-28 08:00:00+01:00,bus054,0.0
2030,sc01,01-28 08:00:00+01:00,bus086,0.0
2030,sc01,01-28 08:00:00+01:00,bus032,0.0
2030,sc01,01-28 08:00:00+01:00,bus038,0.0
2030,sc01,01-28 08:00:00+01:00,bus108,0.0
2030,sc01,01-28 08:00:00+01:00,bus087,0.0
2030,sc01,01-28 08:00:00+01:00,bus027,0.0
2030,sc01,01-28 08:00:00+01:00,bus111,0.0
2030,sc01,01-28 08:00:00+01:00,bus025,0.0
2030,sc01,01-28 08:00:00+01:00,bus029,0.0
2030,sc01,01-28 08:00:00+01:00,bus009,0.0
2030,sc01,01-28 08:00:00+01:00,bus043,0.0
2030,sc01,01-28 08:00:00+01:00,bus045,0.0
2030,sc01,01-28 08:00:00+01:00,bus084,0.0
2030,sc01,01-28 08:00:00+01:00,bus013,0.0
2030,sc01,01-28 08:00:00+01:00,bus063,0.0
2030,sc01,01-28 08:00:00+01:00,bus115,0.0
2030,sc01,01-28 08:00:00+01:00,bus010,0.0
2030,sc01,01-28 08:00:00+01:00,bus073,0.0
2030,sc01,01-28 08:00:00+01:00,bus052,0.0
2030,sc01,01-28 08:00:00+01:00,bus096,0.0
2030,sc01,01-28 08:00:00+01:00,bus050,0.0
2030,sc01,01-28 08:00:00+01:00,bus011,0.0
2030,sc01,01-28 08:00:00+01:00,bus055,0.0
2030,sc01,01-28 08:00:00+01:00,bus083,0.0
2030,sc01,01-28 08:00:00+01:00,bus081,0.0
2030,sc01,01-28 08:00:00+01:00,bus022,0.0
2030,sc01,01-28 08:00:00+01:00,bus071,0.0
2030,sc01,01-28 08:00:00+01:00,bus074,0.0
2030,sc01,01-28 08:00:00+01:00,bus040,0.0
2030,sc01,01-28 08:00:00+01:00,bus099,0.0
2030,sc01,01-28 08:00:00+01:00,bus030,0.0
2030,sc01,01-28 08:00:00+01:00,bus098,0.0
2030,sc01,01-28 08:00:00+01:00,bus053,0.0
2030,sc01,01-28 08:00:00+01:00,bus085,0.0
2030,sc01,01-28 08:00:00+01:00,bus101,0.0
2030,sc01,01-28 08:00:00+01:00,bus018,0.0
2030,sc01,01-28 08:00:00+01:00,bus023,0.0
2030,sc01,01-28 08:00:00+01:00,bus088,0.0
2030,sc01,01-28 08:00:00+01:00,bus116,0.0
2030,sc01,01-28 08:00:00+01:00,bus103,0.0
2030,sc01,01-28 08:00:00+01:00,bus008,0.0
2030,sc01,01-28 08:00:00+01:00,bus105,0.0
2030,sc01,01-28 08:00:00+01:00,bus060,0.0
2030,sc01,01-28 08:00:00+01:00,bus016,0.0
2030,sc01,01-28 08:00:00+01:00,bus082,0.0
2030,sc01,01-28 08:00:00+01:00,bus047,0.0
2030,sc01,01-28 08:00:00+01:00,bus019,0.0
2030,sc01,01-28 08:00:00+01:00,bus037,0.0
2030,sc01,01-28 08:00:00+01:00,bus006,0.0
2030,sc01,01-28 08:00:00+01:00,bus080,0.0
2030,sc01,01-28 08:00:00+01:00,bus031,0.0
2030,sc01,01-28 08:00:00+01:00,bus048,0.0
2030,sc01,01-28 08:00:00+01:00,bus107,0.0
2030,sc01,01-28 08:00:00+01:00,bus049,0.0
2030,sc01,01-28 08:00:00+01:00,bus104,0.0
2030,sc01,01-28 08:00:00+01:00,bus100,0.0
2030,sc01,01-28 08:00:00+01:00,bus072,0.0
2030,sc01,01-28 08:00:00+01:00,bus039,0.0
2030,sc01,01-28 08:00:00+01:00,bus012,0.0
2030,sc01,01-28 08:00:00+01:00,bus114,0.0
2030,sc01,01-28 08:00:00+01:00,bus112,0.0
2030,sc01,01-28 08:00:00+01:00,bus058,0.0
2030,sc01,01-28 08:00:00+01:00,bus089,0.0
2030,sc01,01-28 08:00:00+01:00,bus051,0.0
2030,sc01,01-28 08:00:00+01:00,bus056,0.0
2030,sc01,01-28 08:00:00+01:00,bus092,0.0
2030,sc01,01-28 08:00:00+01:00,bus036,0.0
2030,sc01,01-28 08:00:00+01:00,bus094,0.0
2030,sc01,01-28 08:00:00+01:00,bus095,0.0
2030,sc01,01-28 08:00:00+01:00,bus113,0.0
2030,sc01,01-28 08:00:00+01:00,bus024,0.0
2030,sc01,01-28 08:00:00+01:00,bus078,0.0
2030,sc01,01-28 08:00:00+01:00,bus033,0.0
2030,sc01,01-28 08:00:00+01:00,bus079,0.0
2030,sc01,01-28 08:00:00+01:00,bus061,0.0
2030,sc01,01-28 08:00:00+01:00,bus118,0.0
2030,sc01,01-28 08:00:00+01:00,bus003,0.0
2030,sc01,01-28 08:00:00+01:00,bus070,0.0
2030,sc01,01-28 08:00:00+01:00,bus004,0.0
2030,sc01,01-28 08:00:00+01:00,bus021,0.0
2030,sc01,01-28 08:00:00+01:00,bus068,0.0
2030,sc01,01-28 08:00:00+01:00,bus028,0.0
2030,sc01,01-28 08:00:00+01:00,bus034,0.0
2030,sc01,01-28 08:00:00+01:00,bus075,0.0
2030,sc01,01-28 08:00:00+01:00,bus064,0.0
2030,sc01,01-28 08:00:00+01:00,bus106,0.0
2030,sc01,01-28 08:00:00+01:00,bus076,0.0
2030,sc01,01-28 08:00:00+01:00,bus046,0.0
2030,sc01,01-28 08:00:00+01:00,bus007,0.0
2030,sc01,01-28 08:00:00+01:00,bus035,0.0
2030,sc01,01-28 08:00:00+01:00,bus117,0.0
2030,sc01,01-28 08:00:00+01:00,bus041,0.0
2030,sc01,01-28 08:00:00+01:00,bus102,0.0
2030,sc01,01-28 08:00:00+01:00,bus026,0.0
2030,sc01,01-28 08:00:00+01:00,bus077,0.0
2030,sc01,01-28 08:00:00+01:00,bus044,0.0
2030,sc01,01-28 08:00:00+01:00,bus091,0.0
2030,sc01,01-28 08:00:00+01:00,bus062,0.0
2030,sc01,01-28 12:00:00+01:00,bus093,0.0
2030,sc01,01-28 12:00:00+01:00,bus097,0.0
2030,sc01,01-28 12:00:00+01:00,bus110,0.0
2030,sc01,01-28 12:00:00+01:00,bus042,0.0
2030,sc01,01-28 12:00:00+01:00,bus066,0.0
2030,sc01,01-28 12:00:00+01:00,bus059,0.0
2030,sc01,01-28 12:00:00+01:00,bus057,0.0
2030,sc01,01-28 12:00:00+01:00,bus067,0.0
2030,sc01,01-28 12:00:00+01:00,bus069,0.0
2030,sc01,01-28 12:00:00+01:00,bus014,0.0
2030,sc01,01-28 12:00:00+01:00,bus090,0.0
2030,sc01,01-28 12:00:00+01:00,bus002,0.0
2030,sc01,01-28 12:00:00+01:00,bus005,0.0
2030,sc01,01-28 12:00:00+01:00,bus109,0.0
2030,sc01,01-28 12:00:00+01:00,bus020,0.0
2030,sc01,01-28 12:00:00+01:00,bus065,0.0
2030,sc01,01-28 12:00:00+01:00,bus001,0.0
2030,sc01,01-28 12:00:00+01:00,bus017,0.0
2030,sc01,01-28 12:00:00+01:00,bus015,0.0
2030,sc01,01-28 12:00:00+01:00,bus054,0.0
2030,sc01,01-28 12:00:00+01:00,bus086,0.0
2030,sc01,01-28 12:00:00+01:00,bus032,0.0
2030,sc01,01-28 12:00:00+01:00,bus038,0.0
2030,sc01,01-28 12:00:00+01:00,bus108,0.0
2030,sc01,01-28 12:00:00+01:00,bus087,0.0
2030,sc01,01-28 12:00:00+01:00,bus027,0.0
2030,sc01,01-28 12:00:00+01:00,bus111,0.0
2030,sc01,01-28 12:00:00+01:00,bus025,0.0
2030,sc01,01-28 12:00:00+01:00,bus029,0.0
2030,sc01,01-28 12:00:00+01:00,bus009,0.0
2030,sc01,01-28 12:00:00+01:00,bus043,0.0
2030,sc01,01-28 12:00:00+01:00,bus045,0.0
2030,sc01,01-28 12:00:00+01:00,bus084,0.0
2030,sc01,01-28 12:00:00+01:00,bus013,0.0
2030,sc01,01-28 12:00:00+01:00,bus063,0.0
2030,sc01,01-28 12:00:00+01:00,bus115,0.0
2030,sc01,01-28 12:00:00+01:00,bus010,0.0
2030,sc01,01-28 12:00:00+01:00,bus073,0.0
2030,sc01,01-28 12:00:00+01:00,bus052,0.0
2030,sc01,01-28 12:00:00+01:00,bus096,0.0
2030,sc01,01-28 12:00:00+01:00,bus050,0.0
2030,sc01,01-28 12:00:00+01:00,bus011,0.0
2030,sc01,01-28 12:00:00+01:00,bus055,0.0
2030,sc01,01-28 12:00:00+01:00,bus083,0.0
2030,sc01,01-28 12:00:00+01:00,bus081,0.0
2030,sc01,01-28 12:00:00+01:00,bus022,0.0
2030,sc01,01-28 12:00:00+01:00,bus071,0.0
2030,sc01,01-28 12:00:00+01:00,bus074,0.0
2030,sc01,01-28 12:00:00+01:00,bus040,0.0
2030,sc01,01-28 12:00:00+01:00,bus099,0.0
2030,sc01,01-28 12:00:00+01:00,bus030,0.0
2030,sc01,01-28 12:00:00+01:00,bus098,0.0
2030,sc01,01-28 12:00:00+01:00,bus053,0.0
2030,sc01,01-28 12:00:00+01:00,bus085,0.0
2030,sc01,01-28 12:00:00+01:00,bus101,0.0
2030,sc01,01-28 12:00:00+01:00,bus018,0.0
2030,sc01,01-28 12:00:00+01:00,bus023,0.0
2030,sc01,01-28 12:00:00+01:00,bus088,0.0
2030,sc01,01-28 12:00:00+01:00,bus116,0.0
2030,sc01,01-28 12:00:00+01:00,bus103,0.0
2030,sc01,01-28 12:00:00+01:00,bus008,0.0
2030,sc01,01-28 12:00:00+01:00,bus105,0.0
2030,sc01,01-28 12:00:00+01:00,bus060,0.0
2030,sc01,01-28 12:00:00+01:00,bus016,0.0
2030,sc01,01-28 12:00:00+01:00,bus082,0.0
2030,sc01,01-28 12:00:00+01:00,bus047,0.0
2030,sc01,01-28 12:00:00+01:00,bus019,0.0
2030,sc01,01-28 12:00:00+01:00,bus037,0.0
2030,sc01,01-28 12:00:00+01:00,bus006,0.0
2030,sc01,01-28 12:00:00+01:00,bus080,0.0
2030,sc01,01-28 12:00:00+01:00,bus031,0.0
2030,sc01,01-28 12:00:00+01:00,bus048,0.0
2030,sc01,01-28 12:00:00+01:00,bus107,0.0
2030,sc01,01-28 12:00:00+01:00,bus049,0.0
2030,sc01,01-28 12:00:00+01:00,bus104,0.0
2030,sc01,01-28 12:00:00+01:00,bus100,0.0
2030,sc01,01-28 12:00:00+01:00,bus072,0.0
2030,sc01,01-28 12:00:00+01:00,bus039,0.0
2030,sc01,01-28 12:00:00+01:00,bus012,0.0
2030,sc01,01-28 12:00:00+01:00,bus114,0.0
2030,sc01,01-28 12:00:00+01:00,bus112,0.0
2030,sc01,01-28 12:00:00+01:00,bus058,0.0
2030,sc01,01-28 12:00:00+01:00,bus089,0.0
2030,sc01,01-28 12:00:00+01:00,bus051,0.0
2030,sc01,01-28 12:00:00+01:00,bus056,0.0
2030,sc01,01-28 12:00:00+01:00,bus092,0.0
2030,sc01,01-28 12:00:00+01:00,bus036,0.0
2030,sc01,01-28 12:00:00+01:00,bus094,0.0
2030,sc01,01-28 12:00:00+01:00,bus095,0.0
2030,sc01,01-28 12:00:00+01:00,bus113,0.0
2030,sc01,01-28 12:00:00+01:00,bus024,0.0
2030,sc01,01-28 12:00:00+01:00,bus078,0.0
2030,sc01,01-28 12:00:00+01:00,bus033,0.0
2030,sc01,01-28 12:00:00+01:00,bus079,0.0
2030,sc01,01-28 12:00:00+01:00,bus061,0.0
2030,sc01,01-28 12:00:00+01:00,bus118,0.0
2030,sc01,01-28 12:00:00+01:00,bus003,0.0
2030,sc01,01-28 12:00:00+01:00,bus070,0.0
2030,sc01,01-28 12:00:00+01:00,bus004,0.0
2030,sc01,01-28 12:00:00+01:00,bus021,0.0
2030,sc01,01-28 12:00:00+01:00,bus068,0.0
2030,sc01,01-28 12:00:00+01:00,bus028,0.0
2030,sc01,01-28 12:00:00+01:00,bus034,0.0
2030,sc01,01-28 12:00:00+01:00,bus075,0.0
2030,sc01,01-28 12:00:00+01:00,bus064,0.0
2030,sc01,01-28 12:00:00+01:00,bus106,0.0
2030,sc01,01-28 12:00:00+01:00,bus076,0.0
2030,sc01,01-28 12:00:00+01:00,bus046,0.0
2030,sc01,01-28 12:00:00+01:00,bus007,0.0
2030,sc01,01-28 12:00:00+01:00,bus035,0.0
2030,sc01,01-28 12:00:00+01:00,bus117,0.0
2030,sc01,01-28 12:00:00+01:00,bus041,0.0
2030,sc01,01-28 12:00:00+01:00,bus102,0.0
2030,sc01,01-28 12:00:00+01:00,bus026,0.0
2030,sc01,01-28 12:00:00+01:00,bus077,0.0
2030,sc01,01-28 12:00:00+01:00,bus044,0.0
2030,sc01,01-28 12:00:00+01:00,bus091,0.0
2030,sc01,01-28 12:00:00+01:00,bus062,0.0
2030,sc01,01-29 02:00:00+01:00,bus093,0.0
2030,sc01,01-29 02:00:00+01:00,bus097,0.0
2030,sc01,01-29 02:00:00+01:00,bus110,0.0
2030,sc01,01-29 02:00:00+01:00,bus042,0.0
2030,sc01,01-29 02:00:00+01:00,bus066,0.0
2030,sc01,01-29 02:00:00+01:00,bus059,0.0
2030,sc01,01-29 02:00:00+01:00,bus057,0.0
2030,sc01,01-29 02:00:00+01:00,bus067,0.0
2030,sc01,01-29 02:00:00+01:00,bus069,0.0
2030,sc01,01-29 02:00:00+01:00,bus014,0.0
2030,sc01,01-29 02:00:00+01:00,bus090,0.0
2030,sc01,01-29 02:00:00+01:00,bus002,0.0
2030,sc01,01-29 02:00:00+01:00,bus005,0.0
2030,sc01,01-29 02:00:00+01:00,bus109,0.0
2030,sc01,01-29 02:00:00+01:00,bus020,0.0
2030,sc01,01-29 02:00:00+01:00,bus065,0.0
2030,sc01,01-29 02:00:00+01:00,bus001,0.0
2030,sc01,01-29 02:00:00+01:00,bus017,0.0
2030,sc01,01-29 02:00:00+01:00,bus015,0.0
2030,sc01,01-29 02:00:00+01:00,bus054,0.0
2030,sc01,01-29 02:00:00+01:00,bus086,0.0
2030,sc01,01-29 02:00:00+01:00,bus032,0.0
2030,sc01,01-29 02:00:00+01:00,bus038,0.0
2030,sc01,01-29 02:00:00+01:00,bus108,0.0
2030,sc01,01-29 02:00:00+01:00,bus087,0.0
2030,sc01,01-29 02:00:00+01:00,bus027,0.0
2030,sc01,01-29 02:00:00+01:00,bus111,0.0
2030,sc01,01-29 02:00:00+01:00,bus025,0.0
2030,sc01,01-29 02:00:00+01:00,bus029,0.0
2030,sc01,01-29 02:00:00+01:00,bus009,0.0
2030,sc01,01-29 02:00:00+01:00,bus043,0.0
2030,sc01,01-29 02:00:00+01:00,bus045,0.0
2030,sc01,01-29 02:00:00+01:00,bus084,0.0
2030,sc01,01-29 02:00:00+01:00,bus013,0.0
2030,sc01,01-29 02:00:00+01:00,bus063,0.0
2030,sc01,01-29 02:00:00+01:00,bus115,0.0
2030,sc01,01-29 02:00:00+01:00,bus010,0.0
2030,sc01,01-29 02:00:00+01:00,bus073,0.0
2030,sc01,01-29 02:00:00+01:00,bus052,0.0
2030,sc01,01-29 02:00:00+01:00,bus096,0.0
2030,sc01,01-29 02:00:00+01:00,bus050,0.0
2030,sc01,01-29 02:00:00+01:00,bus011,0.0
2030,sc01,01-29 02:00:00+01:00,bus055,0.0
2030,sc01,01-29 02:00:00+01:00,bus083,0.0
2030,sc01,01-29 02:00:00+01:00,bus081,0.0
2030,sc01,01-29 02:00:00+01:00,bus022,0.0
2030,sc01,01-29 02:00:00+01:00,bus071,0.0
2030,sc01,01-29 02:00:00+01:00,bus074,0.0
2030,sc01,01-29 02:00:00+01:00,bus040,0.0
2030,sc01,01-29 02:00:00+01:00,bus099,0.0
2030,sc01,01-29 02:00:00+01:00,bus030,0.0
2030,sc01,01-29 02:00:00+01:00,bus098,0.0
2030,sc01,01-29 02:00:00+01:00,bus053,0.0
2030,sc01,01-29 02:00:00+01:00,bus085,0.0
2030,sc01,01-29 02:00:00+01:00,bus101,0.0
2030,sc01,01-29 02:00:00+01:00,bus018,0.0
2030,sc01,01-29 02:00:00+01:00,bus023,0.0
2030,sc01,01-29 02:00:00+01:00,bus088,0.0
2030,sc01,01-29 02:00:00+01:00,bus116,0.0
2030,sc01,01-29 02:00:00+01:00,bus103,0.0
2030,sc01,01-29 02:00:00+01:00,bus008,0.0
2030,sc01,01-29 02:00:00+01:00,bus105,0.0
2030,sc01,01-29 02:00:00+01:00,bus060,0.0
2030,sc01,01-29 02:00:00+01:00,bus016,0.0
2030,sc01,01-29 02:00:00+01:00,bus082,0.0
2030,sc01,01-29 02:00:00+01:00,bus047,0.0
2030,sc01,01-29 02:00:00+01:00,bus019,0.0
2030,sc01,01-29 02:00:00+01:00,bus037,0.0
2030,sc01,01-29 02:00:00+01:00,bus006,0.0
2030,sc01,01-29 02:00:00+01:00,bus080,0.0
2030,sc01,01-29 02:00:00+01:00,bus031,0.0
2030,sc01,01-29 02:00:00+01:00,bus048,0.0
2030,sc01,01-29 02:00:00+01:00,bus107,0.0
2030,sc01,01-29 02:00:00+01:00,bus049,0.0
2030,sc01,01-29 02:00:00+01:00,bus104,0.0
2030,sc01,01-29 02:00:00+01:00,bus100,0.0
2030,sc01,01-29 02:00:00+01:00,bus072,0.0
2030,sc01,01-29 02:00:00+01:00,bus039,0.0
2030,sc01,01-29 02:00:00+01:00,bus012,0.0
2030,sc01,01-29 02:00:00+01:00,bus114,0.0
2030,sc01,01-29 02:00:00+01:00,bus112,0.0
2030,sc01,01-29 02:00:00+01:00,bus058,0.0
2030,sc01,01-29 02:00:00+01:00,bus089,0.0
2030,sc01,01-29 02:00:00+01:00,bus051,0.0
2030,sc01,01-29 02:00:00+01:00,bus056,0.0
2030,sc01,01-29 02:00:00+01:00,bus092,0.0
2030,sc01,01-29 02:00:00+01:00,bus036,0.0
2030,sc01,01-29 02:00:00+01:00,bus094,0.0
2030,sc01,01-29 02:00:00+01:00,bus095,0.0
2030,sc01,01-29 02:00:00+01:00,bus113,0.0
2030,sc01,01-29 02:00:00+01:00,bus024,0.0
2030,sc01,01-29 02:00:00+01:00,bus078,0.0
2030,sc01,01-29 02:00:00+01:00,bus033,0.0
2030,sc01,01-29 02:00:00+01:00,bus079,0.0
2030,sc01,01-29 02:00:00+01:00,bus061,0.0
2030,sc01,01-29 02:00:00+01:00,bus118,0.0
2030,sc01,01-29 02:00:00+01:00,bus003,0.0
2030,sc01,01-29 02:00:00+01:00,bus070,0.0
2030,sc01,01-29 02:00:00+01:00,bus004,0.0
2030,sc01,01-29 02:00:00+01:00,bus021,0.0
2030,sc01,01-29 02:00:00+01:00,bus068,0.0
2030,sc01,01-29 02:00:00+01:00,bus028,0.0
2030,sc01,01-29 02:00:00+01:00,bus034,0.0
2030,sc01,01-29 02:00:00+01:00,bus075,0.0
2030,sc01,01-29 02:00:00+01:00,bus064,0.0
2030,sc01,01-29 02:00:00+01:00,bus106,0.0
2030,sc01,01-29 02:00:00+01:00,bus076,0.0
2030,sc01,01-29 02:00:00+01:00,bus046,0.0
2030,sc01,01-29 02:00:00+01:00,bus007,0.0
2030,sc01,01-29 02:00:00+01:00,bus035,0.0
2030,sc01,01-29 02:00:00+01:00,bus117,0.0
2030,sc01,01-29 02:00:00+01:00,bus041,0.0
2030,sc01,01-29 02:00:00+01:00,bus102,0.0
2030,sc01,01-29 02:00:00+01:00,bus026,0.0
2030,sc01,01-29 02:00:00+01:00,bus077,0.0
2030,sc01,01-29 02:00:00+01:00,bus044,0.0
2030,sc01,01-29 02:00:00+01:00,bus091,0.0
2030,sc01,01-29 02:00:00+01:00,bus062,0.0
2030,sc01,01-29 16:00:00+01:00,bus093,0.0
2030,sc01,01-29 16:00:00+01:00,bus097,0.0
2030,sc01,01-29 16:00:00+01:00,bus110,0.0
2030,sc01,01-29 16:00:00+01:00,bus042,0.0
2030,sc01,01-29 16:00:00+01:00,bus066,0.0
2030,sc01,01-29 16:00:00+01:00,bus059,0.0
2030,sc01,01-29 16:00:00+01:00,bus057,0.0
2030,sc01,01-29 16:00:00+01:00,bus067,0.0
2030,sc01,01-29 16:00:00+01:00,bus069,0.0
2030,sc01,01-29 16:00:00+01:00,bus014,0.0
2030,sc01,01-29 16:00:00+01:00,bus090,0.0
2030,sc01,01-29 16:00:00+01:00,bus002,0.0
2030,sc01,01-29 16:00:00+01:00,bus005,0.0
2030,sc01,01-29 16:00:00+01:00,bus109,0.0
2030,sc01,01-29 16:00:00+01:00,bus020,0.0
2030,sc01,01-29 16:00:00+01:00,bus065,0.0
2030,sc01,01-29 16:00:00+01:00,bus001,0.0
2030,sc01,01-29 16:00:00+01:00,bus017,0.0
2030,sc01,01-29 16:00:00+01:00,bus015,0.0
2030,sc01,01-29 16:00:00+01:00,bus054,0.0
2030,sc01,01-29 16:00:00+01:00,bus086,0.0
2030,sc01,01-29 16:00:00+01:00,bus032,0.0
2030,sc01,01-29 16:00:00+01:00,bus038,0.0
2030,sc01,01-29 16:00:00+01:00,bus108,0.0
2030,sc01,01-29 16:00:00+01:00,bus087,0.0
2030,sc01,01-29 16:00:00+01:00,bus027,0.0
2030,sc01,01-29 16:00:00+01:00,bus111,0.0
2030,sc01,01-29 16:00:00+01:00,bus025,0.0
2030,sc01,01-29 16:00:00+01:00,bus029,0.0
2030,sc01,01-29 16:00:00+01:00,bus009,0.0
2030,sc01,01-29 16:00:00+01:00,bus043,0.0
2030,sc01,01-29 16:00:00+01:00,bus045,0.0
2030,sc01,01-29 16:00:00+01:00,bus084,0.0
2030,sc01,01-29 16:00:00+01:00,bus013,0.0
2030,sc01,01-29 16:00:00+01:00,bus063,0.0
2030,sc01,01-29 16:00:00+01:00,bus115,0.0
2030,sc01,01-29 16:00:00+01:00,bus010,0.0
2030,sc01,01-29 16:00:00+01:00,bus073,0.0
2030,sc01,01-29 16:00:00+01:00,bus052,0.0
2030,sc01,01-29 16:00:00+01:00,bus096,0.0
2030,sc01,01-29 16:00:00+01:00,bus050,0.0
2030,sc01,01-29 16:00:00+01:00,bus011,0.0
2030,sc01,01-29 16:00:00+01:00,bus055,0.0
2030,sc01,01-29 16:00:00+01:00,bus083,0.0
2030,sc01,01-29 16:00:00+01:00,bus081,0.0
2030,sc01,01-29 16:00:00+01:00,bus022,0.0
2030,sc01,01-29 16:00:00+01:00,bus071,0.0
2030,sc01,01-29 16:00:00+01:00,bus074,0.0
2030,sc01,01-29 16:00:00+01:00,bus040,0.0
2030,sc01,01-29 16:00:00+01:00,bus099,0.0
2030,sc01,01-29 16:00:00+01:00,bus030,0.0
2030,sc01,01-29 16:00:00+01:00,bus098,0.0
2030,sc01,01-29 16:00:00+01:00,bus053,0.0
2030,sc01,01-29 16:00:00+01:00,bus085,0.0
2030,sc01,01-29 16:00:00+01:00,bus101,0.0
2030,sc01,01-29 16:00:00+01:00,bus018,0.0
2030,sc01,01-29 16:00:00+01:00,bus023,0.0
2030,sc01,01-29 16:00:00+01:00,bus088,0.0
2030,sc01,01-29 16:00:00+01:00,bus116,0.0
2030,sc01,01-29 16:00:00+01:00,bus103,0.0
2030,sc01,01-29 16:00:00+01:00,bus008,0.0
2030,sc01,01-29 16:00:00+01:00,bus105,0.0
2030,sc01,01-29 16:00:00+01:00,bus060,0.0
2030,sc01,01-29 16:00:00+01:00,bus016,0.0
2030,sc01,01-29 16:00:00+01:00,bus082,0.0
2030,sc01,01-29 16:00:00+01:00,bus047,0.0
2030,sc01,01-29 16:00:00+01:00,bus019,0.0
2030,sc01,01-29 16:00:00+01:00,bus037,0.0
2030,sc01,01-29 16:00:00+01:00,bus006,0.0
2030,sc01,01-29 16:00:00+01:00,bus080,0.0
2030,sc01,01-29 16:00:00+01:00,bus031,0.0
2030,sc01,01-29 16:00:00+01:00,bus048,0.0
2030,sc01,01-29 16:00:00+01:00,bus107,0.0
2030,sc01,01-29 16:00:00+01:00,bus049,0.0
2030,sc01,01-29 16:00:00+01:00,bus104,0.0
2030,sc01,01-29 16:00:00+01:00,bus100,0.0
2030,sc01,01-29 16:00:00+01:00,bus072,0.0
2030,sc01,01-29 16:00:00+01:00,bus039,0.0
2030,sc01,01-29 16:00:00+01:00,bus012,0.0
2030,sc01,01-29 16:00:00+01:00,bus114,0.0
2030,sc01,01-29 16:00:00+01:00,bus112,0.0
2030,sc01,01-29 16:00:00+01:00,bus058,0.0
2030,sc01,01-29 16:00:00+01:00,bus089,0.0
2030,sc01,01-29 16:00:00+01:00,bus051,0.0
2030,sc01,01-29 16:00:00+01:00,bus056,0.0
2030,sc01,01-29 16:00:00+01:00,bus092,0.0
2030,sc01,01-29 16:00:00+01:00,bus036,0.0
2030,sc01,01-29 16:00:00+01:00,bus094,0.0
2030,sc01,01-29 16:00:00+01:00,bus095,0.0
2030,sc01,01-29 16:00:00+01:00,bus113,0.0
2030,sc01,01-29 16:00:00+01:00,bus024,0.0
2030,sc01,01-29 16:00:00+01:00,bus078,0.0
2030,sc01,01-29 16:00:00+01:00,bus033,0.0
2030,sc01,01-29 16:00:00+01:00,bus079,0.0
2030,sc01,01-29 16:00:00+01:00,bus061,0.0
2030,sc01,01-29 16:00:00+01:00,bus118,0.0
2030,sc01,01-29 16:00:00+01:00,bus003,0.0
2030,sc01,01-29 16:00:00+01:00,bus070,0.0
2030,sc01,01-29 16:00:00+01:00,bus004,0.0
2030,sc01,01-29 16:00:00+01:00,bus021,0.0
2030,sc01,01-29 16:00:00+01:00,bus068,0.0
2030,sc01,01-29 16:00:00+01:00,bus028,0.0
2030,sc01,01-29 16:00:00+01:00,bus034,0.0
2030,sc01,01-29 16:00:00+01:00,bus075,0.0
2030,sc01,01-29 16:00:00+01:00,bus064,0.0
2030,sc01,01-29 16:00:00+01:00,bus106,0.0
2030,sc01,01-29 16:00:00+01:00,bus076,0.0
2030,sc01,01-29 16:00:00+01:00,bus046,0.0
2030,sc01,01-29 16:00:00+01:00,bus007,0.0
2030,sc01,01-29 16:00:00+01:00,bus035,0.0
2030,sc01,01-29 16:00:00+01:00,bus117,0.0
2030,sc01,01-29 16:00:00+01:00,bus041,0.0
2030,sc01,01-29 16:00:00+01:00,bus102,0.0
2030,sc01,01-29 16:00:00+01:00,bus026,0.0
2030,sc01,01-29 16:00:00+01:00,bus077,0.0
2030,sc01,01-29 16:00:00+01:00,bus044,0.0
2030,sc01,01-29 16:00:00+01:00,bus091,0.0
2030,sc01,01-29 16:00:00+01:00,bus062,0.0
2030,sc01,01-29 19:00:00+01:00,bus093,0.0
2030,sc01,01-29 19:00:00+01:00,bus097,0.0
2030,sc01,01-29 19:00:00+01:00,bus110,0.0
2030,sc01,01-29 19:00:00+01:00,bus042,0.0
2030,sc01,01-29 19:00:00+01:00,bus066,0.0
2030,sc01,01-29 19:00:00+01:00,bus059,0.0
2030,sc01,01-29 19:00:00+01:00,bus057,0.0
2030,sc01,01-29 19:00:00+01:00,bus067,0.0
2030,sc01,01-29 19:00:00+01:00,bus069,0.0
2030,sc01,01-29 19:00:00+01:00,bus014,0.0
2030,sc01,01-29 19:00:00+01:00,bus090,0.0
2030,sc01,01-29 19:00:00+01:00,bus002,0.0
2030,sc01,01-29 19:00:00+01:00,bus005,0.0
2030,sc01,01-29 19:00:00+01:00,bus109,0.0
2030,sc01,01-29 19:00:00+01:00,bus020,0.0
2030,sc01,01-29 19:00:00+01:00,bus065,0.0
2030,sc01,01-29 19:00:00+01:00,bus001,0.0
2030,sc01,01-29 19:00:00+01:00,bus017,0.0
2030,sc01,01-29 19:00:00+01:00,bus015,0.0
2030,sc01,01-29 19:00:00+01:00,bus054,0.0
2030,sc01,01-29 19:00:00+01:00,bus086,0.0
2030,sc01,01-29 19:00:00+01:00,bus032,0.0
2030,sc01,01-29 19:00:00+01:00,bus038,0.0
2030,sc01,01-29 19:00:00+01:00,bus108,0.0
2030,sc01,01-29 19:00:00+01:00,bus087,0.0
2030,sc01,01-29 19:00:00+01:00,bus027,0.0
2030,sc01,01-29 19:00:00+01:00,bus111,0.0
2030,sc01,01-29 19:00:00+01:00,bus025,0.0
2030,sc01,01-29 19:00:00+01:00,bus029,0.0
2030,sc01,01-29 19:00:00+01:00,bus009,0.0
2030,sc01,01-29 19:00:00+01:00,bus043,0.0
2030,sc01,01-29 19:00:00+01:00,bus045,0.0
2030,sc01,01-29 19:00:00+01:00,bus084,0.0
2030,sc01,01-29 19:00:00+01:00,bus013,0.0
2030,sc01,01-29 19:00:00+01:00,bus063,0.0
2030,sc01,01-29 19:00:00+01:00,bus115,0.0
2030,sc01,01-29 19:00:00+01:00,bus010,0.0
2030,sc01,01-29 19:00:00+01:00,bus073,0.0
2030,sc01,01-29 19:00:00+01:00,bus052,0.0
2030,sc01,01-29 19:00:00+01:00,bus096,0.0
2030,sc01,01-29 19:00:00+01:00,bus050,0.0
2030,sc01,01-29 19:00:00+01:00,bus011,0.0
2030,sc01,01-29 19:00:00+01:00,bus055,0.0
2030,sc01,01-29 19:00:00+01:00,bus083,0.0
2030,sc01,01-29 19:00:00+01:00,bus081,0.0
2030,sc01,01-29 19:00:00+01:00,bus022,0.0
2030,sc01,01-29 19:00:00+01:00,bus071,0.0
2030,sc01,01-29 19:00:00+01:00,bus074,0.0
2030,sc01,01-29 19:00:00+01:00,bus040,0.0
2030,sc01,01-29 19:00:00+01:00,bus099,0.0
2030,sc01,01-29 19:00:00+01:00,bus030,0.0
2030,sc01,01-29 19:00:00+01:00,bus098,0.0
2030,sc01,01-29 19:00:00+01:00,bus053,0.0
2030,sc01,01-29 19:00:00+01:00,bus085,0.0
2030,sc01,01-29 19:00:00+01:00,bus101,0.0
2030,sc01,01-29 19:00:00+01:00,bus018,0.0
2030,sc01,01-29 19:00:00+01:00,bus023,0.0
2030,sc01,01-29 19:00:00+01:00,bus088,0.0
2030,sc01,01-29 19:00:00+01:00,bus116,0.0
2030,sc01,01-29 19:00:00+01:00,bus103,0.0
2030,sc01,01-29 19:00:00+01:00,bus008,0.0
2030,sc01,01-29 19:00:00+01:00,bus105,0.0
2030,sc01,01-29 19:00:00+01:00,bus060,0.0
2030,sc01,01-29 19:00:00+01:00,bus016,0.0
2030,sc01,01-29 19:00:00+01:00,bus082,0.0
2030,sc01,01-29 19:00:00+01:00,bus047,0.0
2030,sc01,01-29 19:00:00+01:00,bus019,0.0
2030,sc01,01-29 19:00:00+01:00,bus037,0.0
2030,sc01,01-29 19:00:00+01:00,bus006,0.0
2030,sc01,01-29 19:00:00+01:00,bus080,0.0
2030,sc01,01-29 19:00:00+01:00,bus031,0.0
2030,sc01,01-29 19:00:00+01:00,bus048,0.0
2030,sc01,01-29 19:00:00+01:00,bus107,0.0
2030,sc01,01-29 19:00:00+01:00,bus049,0.0
2030,sc01,01-29 19:00:00+01:00,bus104,0.0
2030,sc01,01-29 19:00:00+01:00,bus100,0.0
2030,sc01,01-29 19:00:00+01:00,bus072,0.0
2030,sc01,01-29 19:00:00+01:00,bus039,0.0
2030,sc01,01-29 19:00:00+01:00,bus012,0.0
2030,sc01,01-29 19:00:00+01:00,bus114,0.0
2030,sc01,01-29 19:00:00+01:00,bus112,0.0
2030,sc01,01-29 19:00:00+01:00,bus058,0.0
2030,sc01,01-29 19:00:00+01:00,bus089,0.0
2030,sc01,01-29 19:00:00+01:00,bus051,0.0
2030,sc01,01-29 19:00:00+01:00,bus056,0.0
2030,sc01,01-29 19:00:00+01:00,bus092,0.0
2030,sc01,01-29 19:00:00+01:00,bus036,0.0
2030,sc01,01-29 19:00:00+01:00,bus094,0.0
2030,sc01,01-29 19:00:00+01:00,bus095,0.0
2030,sc01,01-29 19:00:00+01:00,bus113,0.0
2030,sc01,01-29 19:00:00+01:00,bus024,0.0
2030,sc01,01-29 19:00:00+01:00,bus078,0.0
2030,sc01,01-29 19:00:00+01:00,bus033,0.0
2030,sc01,01-29 19:00:00+01:00,bus079,0.0
2030,sc01,01-29 19:00:00+01:00,bus061,0.0
2030,sc01,01-29 19:00:00+01:00,bus118,0.0
2030,sc01,01-29 19:00:00+01:00,bus003,0.0
2030,sc01,01-29 19:00:00+01:00,bus070,0.0
2030,sc01,01-29 19:00:00+01:00,bus004,0.0
2030,sc01,01-29 19:00:00+01:00,bus021,0.0
2030,sc01,01-29 19:00:00+01:00,bus068,0.0
2030,sc01,01-29 19:00:00+01:00,bus028,0.0
2030,sc01,01-29 19:00:00+01:00,bus034,0.0
2030,sc01,01-29 19:00:00+01:00,bus075,0.0
2030,sc01,01-29 19:00:00+01:00,bus064,0.0
2030,sc01,01-29 19:00:00+01:00,bus106,0.0
2030,sc01,01-29 19:00:00+01:00,bus076,0.0
2030,sc01,01-29 19:00:00+01:00,bus046,0.0
2030,sc01,01-29 19:00:00+01:00,bus007,0.0
2030,sc01,01-29 19:00:00+01:00,bus035,0.0
2030,sc01,01-29 19:00:00+01:00,bus117,0.0
2030,sc01,01-29 19:00:00+01:00,bus041,0.0
2030,sc01,01-29 19:00:00+01:00,bus102,0.0
2030,sc01,01-29 19:00:00+01:00,bus026,0.0
2030,sc01,01-29 19:00:00+01:00,bus077,0.0
2030,sc01,01-29 19:00:00+01:00,bus044,0.0
2030,sc01,01-29 19:00:00+01:00,bus091,0.0
2030,sc01,01-29 19:00:00+01:00,bus062,0.0
2030,sc01,01-30 13:00:00+01:00,bus093,0.0
2030,sc01,01-30 13:00:00+01:00,bus097,0.0
2030,sc01,01-30 13:00:00+01:00,bus110,0.0
2030,sc01,01-30 13:00:00+01:00,bus042,0.0
2030,sc01,01-30 13:00:00+01:00,bus066,0.0
2030,sc01,01-30 13:00:00+01:00,bus059,0.0
2030,sc01,01-30 13:00:00+01:00,bus057,0.0
2030,sc01,01-30 13:00:00+01:00,bus067,0.0
2030,sc01,01-30 13:00:00+01:00,bus069,0.0
2030,sc01,01-30 13:00:00+01:00,bus014,0.0
2030,sc01,01-30 13:00:00+01:00,bus090,0.0
2030,sc01,01-30 13:00:00+01:00,bus002,0.0
2030,sc01,01-30 13:00:00+01:00,bus005,0.0
2030,sc01,01-30 13:00:00+01:00,bus109,0.0
2030,sc01,01-30 13:00:00+01:00,bus020,0.0
2030,sc01,01-30 13:00:00+01:00,bus065,0.0
2030,sc01,01-30 13:00:00+01:00,bus001,0.0
2030,sc01,01-30 13:00:00+01:00,bus017,0.0
2030,sc01,01-30 13:00:00+01:00,bus015,0.0
2030,sc01,01-30 13:00:00+01:00,bus054,0.0
2030,sc01,01-30 13:00:00+01:00,bus086,0.0
2030,sc01,01-30 13:00:00+01:00,bus032,0.0
2030,sc01,01-30 13:00:00+01:00,bus038,0.0
2030,sc01,01-30 13:00:00+01:00,bus108,0.0
2030,sc01,01-30 13:00:00+01:00,bus087,0.0
2030,sc01,01-30 13:00:00+01:00,bus027,0.0
2030,sc01,01-30 13:00:00+01:00,bus111,0.0
2030,sc01,01-30 13:00:00+01:00,bus025,0.0
2030,sc01,01-30 13:00:00+01:00,bus029,0.0
2030,sc01,01-30 13:00:00+01:00,bus009,0.0
2030,sc01,01-30 13:00:00+01:00,bus043,0.0
2030,sc01,01-30 13:00:00+01:00,bus045,0.0
2030,sc01,01-30 13:00:00+01:00,bus084,0.0
2030,sc01,01-30 13:00:00+01:00,bus013,0.0
2030,sc01,01-30 13:00:00+01:00,bus063,0.0
2030,sc01,01-30 13:00:00+01:00,bus115,0.0
2030,sc01,01-30 13:00:00+01:00,bus010,0.0
2030,sc01,01-30 13:00:00+01:00,bus073,0.0
2030,sc01,01-30 13:00:00+01:00,bus052,0.0
2030,sc01,01-30 13:00:00+01:00,bus096,0.0
2030,sc01,01-30 13:00:00+01:00,bus050,0.0
2030,sc01,01-30 13:00:00+01:00,bus011,0.0
2030,sc01,01-30 13:00:00+01:00,bus055,0.0
2030,sc01,01-30 13:00:00+01:00,bus083,0.0
2030,sc01,01-30 13:00:00+01:00,bus081,0.0
2030,sc01,01-30 13:00:00+01:00,bus022,0.0
2030,sc01,01-30 13:00:00+01:00,bus071,0.0
2030,sc01,01-30 13:00:00+01:00,bus074,0.0
2030,sc01,01-30 13:00:00+01:00,bus040,0.0
2030,sc01,01-30 13:00:00+01:00,bus099,0.0
2030,sc01,01-30 13:00:00+01:00,bus030,0.0
2030,sc01,01-30 13:00:00+01:00,bus098,0.0
2030,sc01,01-30 13:00:00+01:00,bus053,0.0
2030,sc01,01-30 13:00:00+01:00,bus085,0.0
2030,sc01,01-30 13:00:00+01:00,bus101,0.0
2030,sc01,01-30 13:00:00+01:00,bus018,0.0
2030,sc01,01-30 13:00:00+01:00,bus023,0.0
2030,sc01,01-30 13:00:00+01:00,bus088,0.0
2030,sc01,01-30 13:00:00+01:00,bus116,0.0
2030,sc01,01-30 13:00:00+01:00,bus103,0.0
2030,sc01,01-30 13:00:00+01:00,bus008,0.0
2030,sc01,01-30 13:00:00+01:00,bus105,0.0
2030,sc01,01-30 13:00:00+01:00,bus060,0.0
2030,sc01,01-30 13:00:00+01:00,bus016,0.0
2030,sc01,01-30 13:00:00+01:00,bus082,0.0
2030,sc01,01-30 13:00:00+01:00,bus047,0.0
2030,sc01,01-30 13:00:00+01:00,bus019,0.0
2030,sc01,01-30 13:00:00+01:00,bus037,0.0
2030,sc01,01-30 13:00:00+01:00,bus006,0.0
2030,sc01,01-30 13:00:00+01:00,bus080,0.0
2030,sc01,01-30 13:00:00+01:00,bus031,0.0
2030,sc01,01-30 13:00:00+01:00,bus048,0.0
2030,sc01,01-30 13:00:00+01:00,bus107,0.0
2030,sc01,01-30 13:00:00+01:00,bus049,0.0
2030,sc01,01-30 13:00:00+01:00,bus104,0.0
2030,sc01,01-30 13:00:00+01:00,bus100,0.0
2030,sc01,01-30 13:00:00+01:00,bus072,0.0
2030,sc01,01-30 13:00:00+01:00,bus039,0.0
2030,sc01,01-30 13:00:00+01:00,bus012,0.0
2030,sc01,01-30 13:00:00+01:00,bus114,0.0
2030,sc01,01-30 13:00:00+01:00,bus112,0.0
2030,sc01,01-30 13:00:00+01:00,bus058,0.0
2030,sc01,01-30 13:00:00+01:00,bus089,0.0
2030,sc01,01-30 13:00:00+01:00,bus051,0.0
2030,sc01,01-30 13:00:00+01:00,bus056,0.0
2030,sc01,01-30 13:00:00+01:00,bus092,0.0
2030,sc01,01-30 13:00:00+01:00,bus036,0.0
2030,sc01,01-30 13:00:00+01:00,bus094,0.0
2030,sc01,01-30 13:00:00+01:00,bus095,0.0
2030,sc01,01-30 13:00:00+01:00,bus113,0.0
2030,sc01,01-30 13:00:00+01:00,bus024,0.0
2030,sc01,01-30 13:00:00+01:00,bus078,0.0
2030,sc01,01-30 13:00:00+01:00,bus033,0.0
2030,sc01,01-30 13:00:00+01:00,bus079,0.0
2030,sc01,01-30 13:00:00+01:00,bus061,0.0
2030,sc01,01-30 13:00:00+01:00,bus118,0.0
2030,sc01,01-30 13:00:00+01:00,bus003,0.0
2030,sc01,01-30 13:00:00+01:00,bus070,0.0
2030,sc01,01-30 13:00:00+01:00,bus004,0.0
2030,sc01,01-30 13:00:00+01:00,bus021,0.0
2030,sc01,01-30 13:00:00+01:00,bus068,0.0
2030,sc01,01-30 13:00:00+01:00,bus028,0.0
2030,sc01,01-30 13:00:00+01:00,bus034,0.0
2030,sc01,01-30 13:00:00+01:00,bus075,0.0
2030,sc01,01-30 13:00:00+01:00,bus064,0.0
2030,sc01,01-30 13:00:00+01:00,bus106,0.0
2030,sc01,01-30 13:00:00+01:00,bus076,0.0
2030,sc01,01-30 13:00:00+01:00,bus046,0.0
2030,sc01,01-30 13:00:00+01:00,bus007,0.0
2030,sc01,01-30 13:00:00+01:00,bus035,0.0
2030,sc01,01-30 13:00:00+01:00,bus117,0.0
2030,sc01,01-30 13:00:00+01:00,bus041,0.0
2030,sc01,01-30 13:00:00+01:00,bus102,0.0
2030,sc01,01-30 13:00:00+01:00,bus026,0.0
2030,sc01,01-30 13:00:00+01:00,bus077,0.0
2030,sc01,01-30 13:00:00+01:00,bus044,0.0
2030,sc01,01-30 13:00:00+01:00,bus091,0.0
2030,sc01,01-30 13:00:00+01:00,bus062,0.0
2030,sc01,02-01 13:00:00+01:00,bus093,0.0
2030,sc01,02-01 13:00:00+01:00,bus097,0.0
2030,sc01,02-01 13:00:00+01:00,bus110,0.0
2030,sc01,02-01 13:00:00+01:00,bus042,0.0
2030,sc01,02-01 13:00:00+01:00,bus066,0.0
2030,sc01,02-01 13:00:00+01:00,bus059,0.0
2030,sc01,02-01 13:00:00+01:00,bus057,0.0
2030,sc01,02-01 13:00:00+01:00,bus067,0.0
2030,sc01,02-01 13:00:00+01:00,bus069,0.0
2030,sc01,02-01 13:00:00+01:00,bus014,0.0
2030,sc01,02-01 13:00:00+01:00,bus090,0.0
2030,sc01,02-01 13:00:00+01:00,bus002,0.0
2030,sc01,02-01 13:00:00+01:00,bus005,0.0
2030,sc01,02-01 13:00:00+01:00,bus109,0.0
2030,sc01,02-01 13:00:00+01:00,bus020,0.0
2030,sc01,02-01 13:00:00+01:00,bus065,0.0
2030,sc01,02-01 13:00:00+01:00,bus001,0.0
2030,sc01,02-01 13:00:00+01:00,bus017,0.0
2030,sc01,02-01 13:00:00+01:00,bus015,0.0
2030,sc01,02-01 13:00:00+01:00,bus054,0.0
2030,sc01,02-01 13:00:00+01:00,bus086,0.0
2030,sc01,02-01 13:00:00+01:00,bus032,0.0
2030,sc01,02-01 13:00:00+01:00,bus038,0.0
2030,sc01,02-01 13:00:00+01:00,bus108,0.0
2030,sc01,02-01 13:00:00+01:00,bus087,0.0
2030,sc01,02-01 13:00:00+01:00,bus027,0.0
2030,sc01,02-01 13:00:00+01:00,bus111,0.0
2030,sc01,02-01 13:00:00+01:00,bus025,0.0
2030,sc01,02-01 13:00:00+01:00,bus029,0.0
2030,sc01,02-01 13:00:00+01:00,bus009,0.0
2030,sc01,02-01 13:00:00+01:00,bus043,0.0
2030,sc01,02-01 13:00:00+01:00,bus045,0.0
2030,sc01,02-01 13:00:00+01:00,bus084,0.0
2030,sc01,02-01 13:00:00+01:00,bus013,0.0
2030,sc01,02-01 13:00:00+01:00,bus063,0.0
2030,sc01,02-01 13:00:00+01:00,bus115,0.0
2030,sc01,02-01 13:00:00+01:00,bus010,0.0
2030,sc01,02-01 13:00:00+01:00,bus073,0.0
2030,sc01,02-01 13:00:00+01:00,bus052,0.0
2030,sc01,02-01 13:00:00+01:00,bus096,0.0
2030,sc01,02-01 13:00:00+01:00,bus050,0.0
2030,sc01,02-01 13:00:00+01:00,bus011,0.0
2030,sc01,02-01 13:00:00+01:00,bus055,0.0
2030,sc01,02-01 13:00:00+01:00,bus083,0.0
2030,sc01,02-01 13:00:00+01:00,bus081,0.0
2030,sc01,02-01 13:00:00+01:00,bus022,0.0
2030,sc01,02-01 13:00:00+01:00,bus071,0.0
2030,sc01,02-01 13:00:00+01:00,bus074,0.0
2030,sc01,02-01 13:00:00+01:00,bus040,0.0
2030,sc01,02-01 13:00:00+01:00,bus099,0.0
2030,sc01,02-01 13:00:00+01:00,bus030,0.0
2030,sc01,02-01 13:00:00+01:00,bus098,0.0
2030,sc01,02-01 13:00:00+01:00,bus053,0.0
2030,sc01,02-01 13:00:00+01:00,bus085,0.0
2030,sc01,02-01 13:00:00+01:00,bus101,0.0
2030,sc01,02-01 13:00:00+01:00,bus018,0.0
2030,sc01,02-01 13:00:00+01:00,bus023,0.0
2030,sc01,02-01 13:00:00+01:00,bus088,0.0
2030,sc01,02-01 13:00:00+01:00,bus116,0.0
2030,sc01,02-01 13:00:00+01:00,bus103,0.0
2030,sc01,02-01 13:00:00+01:00,bus008,0.0
2030,sc01,02-01 13:00:00+01:00,bus105,0.0
2030,sc01,02-01 13:00:00+01:00,bus060,0.0
2030,sc01,02-01 13:00:00+01:00,bus016,0.0
2030,sc01,02-01 13:00:00+01:00,bus082,0.0
2030,sc01,02-01 13:00:00+01:00,bus047,0.0
2030,sc01,02-01 13:00:00+01:00,bus019,0.0
2030,sc01,02-01 13:00:00+01:00,bus037,0.0
2030,sc01,02-01 13:00:00+01:00,bus006,0.0
2030,sc01,02-01 13:00:00+01:00,bus080,0.0
2030,sc01,02-01 13:00:00+01:00,bus031,0.0
2030,sc01,02-01 13:00:00+01:00,bus048,0.0
2030,sc01,02-01 13:00:00+01:00,bus107,0.0
2030,sc01,02-01 13:00:00+01:00,bus049,0.0
2030,sc01,02-01 13:00:00+01:00,bus104,0.0
2030,sc01,02-01 13:00:00+01:00,bus100,0.0
2030,sc01,02-01 13:00:00+01:00,bus072,0.0
2030,sc01,02-01 13:00:00+01:00,bus039,0.0
2030,sc01,02-01 13:00:00+01:00,bus012,0.0
2030,sc01,02-01 13:00:00+01:00,bus114,0.0
2030,sc01,02-01 13:00:00+01:00,bus112,0.0
2030,sc01,02-01 13:00:00+01:00,bus058,0.0
2030,sc01,02-01 13:00:00+01:00,bus089,0.0
2030,sc01,02-01 13:00:00+01:00,bus051,0.0
2030,sc01,02-01 13:00:00+01:00,bus056,0.0
2030,sc01,02-01 13:00:00+01:00,bus092,0.0
2030,sc01,02-01 13:00:00+01:00,bus036,0.0
2030,sc01,02-01 13:00:00+01:00,bus094,0.0
2030,sc01,02-01 13:00:00+01:00,bus095,0.0
2030,sc01,02-01 13:00:00+01:00,bus113,0.0
2030,sc01,02-01 13:00:00+01:00,bus024,0.0
2030,sc01,02-01 13:00:00+01:00,bus078,0.0
2030,sc01,02-01 13:00:00+01:00,bus033,0.0
2030,sc01,02-01 13:00:00+01:00,bus079,0.0
2030,sc01,02-01 13:00:00+01:00,bus061,0.0
2030,sc01,02-01 13:00:00+01:00,bus118,0.0
2030,sc01,02-01 13:00:00+01:00,bus003,0.0
2030,sc01,02-01 13:00:00+01:00,bus070,0.0
2030,sc01,02-01 13:00:00+01:00,bus004,0.0
2030,sc01,02-01 13:00:00+01:00,bus021,0.0
2030,sc01,02-01 13:00:00+01:00,bus068,0.0
2030,sc01,02-01 13:00:00+01:00,bus028,0.0
2030,sc01,02-01 13:00:00+01:00,bus034,0.0
2030,sc01,02-01 13:00:00+01:00,bus075,0.0
2030,sc01,02-01 13:00:00+01:00,bus064,0.0
2030,sc01,02-01 13:00:00+01:00,bus106,0.0
2030,sc01,02-01 13:00:00+01:00,bus076,0.0
2030,sc01,02-01 13:00:00+01:00,bus046,0.0
2030,sc01,02-01 13:00:00+01:00,bus007,0.0
2030,sc01,02-01 13:00:00+01:00,bus035,0.0
2030,sc01,02-01 13:00:00+01:00,bus117,0.0
2030,sc01,02-01 13:00:00+01:00,bus041,0.0
2030,sc01,02-01 13:00:00+01:00,bus102,0.0
2030,sc01,02-01 13:00:00+01:00,bus026,0.0
2030,sc01,02-01 13:00:00+01:00,bus077,0.0
2030,sc01,02-01 13:00:00+01:00,bus044,0.0
2030,sc01,02-01 13:00:00+01:00,bus091,0.0
2030,sc01,02-01 13:00:00+01:00,bus062,0.0
2030,sc01,02-01 15:00:00+01:00,bus093,0.0
2030,sc01,02-01 15:00:00+01:00,bus097,0.0
2030,sc01,02-01 15:00:00+01:00,bus110,0.0
2030,sc01,02-01 15:00:00+01:00,bus042,0.0
2030,sc01,02-01 15:00:00+01:00,bus066,0.0
2030,sc01,02-01 15:00:00+01:00,bus059,0.0
2030,sc01,02-01 15:00:00+01:00,bus057,0.0
2030,sc01,02-01 15:00:00+01:00,bus067,0.0
2030,sc01,02-01 15:00:00+01:00,bus069,0.0
2030,sc01,02-01 15:00:00+01:00,bus014,0.0
2030,sc01,02-01 15:00:00+01:00,bus090,0.0
2030,sc01,02-01 15:00:00+01:00,bus002,0.0
2030,sc01,02-01 15:00:00+01:00,bus005,0.0
2030,sc01,02-01 15:00:00+01:00,bus109,0.0
2030,sc01,02-01 15:00:00+01:00,bus020,0.0
2030,sc01,02-01 15:00:00+01:00,bus065,0.0
2030,sc01,02-01 15:00:00+01:00,bus001,0.0
2030,sc01,02-01 15:00:00+01:00,bus017,0.0
2030,sc01,02-01 15:00:00+01:00,bus015,0.0
2030,sc01,02-01 15:00:00+01:00,bus054,0.0
2030,sc01,02-01 15:00:00+01:00,bus086,0.0
2030,sc01,02-01 15:00:00+01:00,bus032,0.0
2030,sc01,02-01 15:00:00+01:00,bus038,0.0
2030,sc01,02-01 15:00:00+01:00,bus108,0.0
2030,sc01,02-01 15:00:00+01:00,bus087,0.0
2030,sc01,02-01 15:00:00+01:00,bus027,0.0
2030,sc01,02-01 15:00:00+01:00,bus111,0.0
2030,sc01,02-01 15:00:00+01:00,bus025,0.0
2030,sc01,02-01 15:00:00+01:00,bus029,0.0
2030,sc01,02-01 15:00:00+01:00,bus009,0.0
2030,sc01,02-01 15:00:00+01:00,bus043,0.0
2030,sc01,02-01 15:00:00+01:00,bus045,0.0
2030,sc01,02-01 15:00:00+01:00,bus084,0.0
2030,sc01,02-01 15:00:00+01:00,bus013,0.0
2030,sc01,02-01 15:00:00+01:00,bus063,0.0
2030,sc01,02-01 15:00:00+01:00,bus115,0.0
2030,sc01,02-01 15:00:00+01:00,bus010,0.0
2030,sc01,02-01 15:00:00+01:00,bus073,0.0
2030,sc01,02-01 15:00:00+01:00,bus052,0.0
2030,sc01,02-01 15:00:00+01:00,bus096,0.0
2030,sc01,02-01 15:00:00+01:00,bus050,0.0
2030,sc01,02-01 15:00:00+01:00,bus011,0.0
2030,sc01,02-01 15:00:00+01:00,bus055,0.0
2030,sc01,02-01 15:00:00+01:00,bus083,0.0
2030,sc01,02-01 15:00:00+01:00,bus081,0.0
2030,sc01,02-01 15:00:00+01:00,bus022,0.0
2030,sc01,02-01 15:00:00+01:00,bus071,0.0
2030,sc01,02-01 15:00:00+01:00,bus074,0.0
2030,sc01,02-01 15:00:00+01:00,bus040,0.0
2030,sc01,02-01 15:00:00+01:00,bus099,0.0
2030,sc01,02-01 15:00:00+01:00,bus030,0.0
2030,sc01,02-01 15:00:00+01:00,bus098,0.0
2030,sc01,02-01 15:00:00+01:00,bus053,0.0
2030,sc01,02-01 15:00:00+01:00,bus085,0.0
2030,sc01,02-01 15:00:00+01:00,bus101,0.0
2030,sc01,02-01 15:00:00+01:00,bus018,0.0
2030,sc01,02-01 15:00:00+01:00,bus023,0.0
2030,sc01,02-01 15:00:00+01:00,bus088,0.0
2030,sc01,02-01 15:00:00+01:00,bus116,0.0
2030,sc01,02-01 15:00:00+01:00,bus103,0.0
2030,sc01,02-01 15:00:00+01:00,bus008,0.0
2030,sc01,02-01 15:00:00+01:00,bus105,0.0
2030,sc01,02-01 15:00:00+01:00,bus060,0.0
2030,sc01,02-01 15:00:00+01:00,bus016,0.0
2030,sc01,02-01 15:00:00+01:00,bus082,0.0
2030,sc01,02-01 15:00:00+01:00,bus047,0.0
2030,sc01,02-01 15:00:00+01:00,bus019,0.0
2030,sc01,02-01 15:00:00+01:00,bus037,0.0
2030,sc01,02-01 15:00:00+01:00,bus006,0.0
2030,sc01,02-01 15:00:00+01:00,bus080,0.0
2030,sc01,02-01 15:00:00+01:00,bus031,0.0
2030,sc01,02-01 15:00:00+01:00,bus048,0.0
2030,sc01,02-01 15:00:00+01:00,bus107,0.0
2030,sc01,02-01 15:00:00+01:00,bus049,0.0
2030,sc01,02-01 15:00:00+01:00,bus104,0.0
2030,sc01,02-01 15:00:00+01:00,bus100,0.0
2030,sc01,02-01 15:00:00+01:00,bus072,0.0
2030,sc01,02-01 15:00:00+01:00,bus039,0.0
2030,sc01,02-01 15:00:00+01:00,bus012,0.0
2030,sc01,02-01 15:00:00+01:00,bus114,0.0
2030,sc01,02-01 15:00:00+01:00,bus112,0.0
2030,sc01,02-01 15:00:00+01:00,bus058,0.0
2030,sc01,02-01 15:00:00+01:00,bus089,0.0
2030,sc01,02-01 15:00:00+01:00,bus051,0.0
2030,sc01,02-01 15:00:00+01:00,bus056,0.0
2030,sc01,02-01 15:00:00+01:00,bus092,0.0
2030,sc01,02-01 15:00:00+01:00,bus036,0.0
2030,sc01,02-01 15:00:00+01:00,bus094,0.0
2030,sc01,02-01 15:00:00+01:00,bus095,0.0
2030,sc01,02-01 15:00:00+01:00,bus113,0.0
2030,sc01,02-01 15:00:00+01:00,bus024,0.0
2030,sc01,02-01 15:00:00+01:00,bus078,0.0
2030,sc01,02-01 15:00:00+01:00,bus033,0.0
2030,sc01,02-01 15:00:00+01:00,bus079,0.0
2030,sc01,02-01 15:00:00+01:00,bus061,0.0
2030,sc01,02-01 15:00:00+01:00,bus118,0.0
2030,sc01,02-01 15:00:00+01:00,bus003,0.0
2030,sc01,02-01 15:00:00+01:00,bus070,0.0
2030,sc01,02-01 15:00:00+01:00,bus004,0.0
2030,sc01,02-01 15:00:00+01:00,bus021,0.0
2030,sc01,02-01 15:00:00+01:00,bus068,0.0
2030,sc01,02-01 15:00:00+01:00,bus028,0.0
2030,sc01,02-01 15:00:00+01:00,bus034,0.0
2030,sc01,02-01 15:00:00+01:00,bus075,0.0
2030,sc01,02-01 15:00:00+01:00,bus064,0.0
2030,sc01,02-01 15:00:00+01:00,bus106,0.0
2030,sc01,02-01 15:00:00+01:00,bus076,0.0
2030,sc01,02-01 15:00:00+01:00,bus046,0.0
2030,sc01,02-01 15:00:00+01:00,bus007,0.0
2030,sc01,02-01 15:00:00+01:00,bus035,0.0
2030,sc01,02-01 15:00:00+01:00,bus117,0.0
2030,sc01,02-01 15:00:00+01:00,bus041,0.0
2030,sc01,02-01 15:00:00+01:00,bus102,0.0
2030,sc01,02-01 15:00:00+01:00,bus026,0.0
2030,sc01,02-01 15:00:00+01:00,bus077,0.0
2030,sc01,02-01 15:00:00+01:00,bus044,0.0
2030,sc01,02-01 15:00:00+01:00,bus091,0.0
2030,sc01,02-01 15:00:00+01:00,bus062,0.0
2030,sc01,02-01 18:00:00+01:00,bus093,0.0
2030,sc01,02-01 18:00:00+01:00,bus097,0.0
2030,sc01,02-01 18:00:00+01:00,bus110,0.0
2030,sc01,02-01 18:00:00+01:00,bus042,0.0
2030,sc01,02-01 18:00:00+01:00,bus066,0.0
2030,sc01,02-01 18:00:00+01:00,bus059,0.0
2030,sc01,02-01 18:00:00+01:00,bus057,0.0
2030,sc01,02-01 18:00:00+01:00,bus067,0.0
2030,sc01,02-01 18:00:00+01:00,bus069,0.0
2030,sc01,02-01 18:00:00+01:00,bus014,0.0
2030,sc01,02-01 18:00:00+01:00,bus090,0.0
2030,sc01,02-01 18:00:00+01:00,bus002,0.0
2030,sc01,02-01 18:00:00+01:00,bus005,0.0
2030,sc01,02-01 18:00:00+01:00,bus109,0.0
2030,sc01,02-01 18:00:00+01:00,bus020,0.0
2030,sc01,02-01 18:00:00+01:00,bus065,0.0
2030,sc01,02-01 18:00:00+01:00,bus001,0.0
2030,sc01,02-01 18:00:00+01:00,bus017,0.0
2030,sc01,02-01 18:00:00+01:00,bus015,0.0
2030,sc01,02-01 18:00:00+01:00,bus054,0.0
2030,sc01,02-01 18:00:00+01:00,bus086,0.0
2030,sc01,02-01 18:00:00+01:00,bus032,0.0
2030,sc01,02-01 18:00:00+01:00,bus038,0.0
2030,sc01,02-01 18:00:00+01:00,bus108,0.0
2030,sc01,02-01 18:00:00+01:00,bus087,0.0
2030,sc01,02-01 18:00:00+01:00,bus027,0.0
2030,sc01,02-01 18:00:00+01:00,bus111,0.0
2030,sc01,02-01 18:00:00+01:00,bus025,0.0
2030,sc01,02-01 18:00:00+01:00,bus029,0.0
2030,sc01,02-01 18:00:00+01:00,bus009,0.0
2030,sc01,02-01 18:00:00+01:00,bus043,0.0
2030,sc01,02-01 18:00:00+01:00,bus045,0.0
2030,sc01,02-01 18:00:00+01:00,bus084,0.0
2030,sc01,02-01 18:00:00+01:00,bus013,0.0
2030,sc01,02-01 18:00:00+01:00,bus063,0.0
2030,sc01,02-01 18:00:00+01:00,bus115,0.0
2030,sc01,02-01 18:00:00+01:00,bus010,0.0
2030,sc01,02-01 18:00:00+01:00,bus073,0.0
2030,sc01,02-01 18:00:00+01:00,bus052,0.0
2030,sc01,02-01 18:00:00+01:00,bus096,0.0
2030,sc01,02-01 18:00:00+01:00,bus050,0.0
2030,sc01,02-01 18:00:00+01:00,bus011,0.0
2030,sc01,02-01 18:00:00+01:00,bus055,0.0
2030,sc01,02-01 18:00:00+01:00,bus083,0.0
2030,sc01,02-01 18:00:00+01:00,bus081,0.0
2030,sc01,02-01 18:00:00+01:00,bus022,0.0
2030,sc01,02-01 18:00:00+01:00,bus071,0.0
2030,sc01,02-01 18:00:00+01:00,bus074,0.0
2030,sc01,02-01 18:00:00+01:00,bus040,0.0
2030,sc01,02-01 18:00:00+01:00,bus099,0.0
2030,sc01,02-01 18:00:00+01:00,bus030,0.0
2030,sc01,02-01 18:00:00+01:00,bus098,0.0
2030,sc01,02-01 18:00:00+01:00,bus053,0.0
2030,sc01,02-01 18:00:00+01:00,bus085,0.0
2030,sc01,02-01 18:00:00+01:00,bus101,0.0
2030,sc01,02-01 18:00:00+01:00,bus018,0.0
2030,sc01,02-01 18:00:00+01:00,bus023,0.0
2030,sc01,02-01 18:00:00+01:00,bus088,0.0
2030,sc01,02-01 18:00:00+01:00,bus116,0.0
2030,sc01,02-01 18:00:00+01:00,bus103,0.0
2030,sc01,02-01 18:00:00+01:00,bus008,0.0
2030,sc01,02-01 18:00:00+01:00,bus105,0.0
2030,sc01,02-01 18:00:00+01:00,bus060,0.0
2030,sc01,02-01 18:00:00+01:00,bus016,0.0
2030,sc01,02-01 18:00:00+01:00,bus082,0.0
2030,sc01,02-01 18:00:00+01:00,bus047,0.0
2030,sc01,02-01 18:00:00+01:00,bus019,0.0
2030,sc01,02-01 18:00:00+01:00,bus037,0.0
2030,sc01,02-01 18:00:00+01:00,bus006,0.0
2030,sc01,02-01 18:00:00+01:00,bus080,0.0
2030,sc01,02-01 18:00:00+01:00,bus031,0.0
2030,sc01,02-01 18:00:00+01:00,bus048,0.0
2030,sc01,02-01 18:00:00+01:00,bus107,0.0
2030,sc01,02-01 18:00:00+01:00,bus049,0.0
2030,sc01,02-01 18:00:00+01:00,bus104,0.0
2030,sc01,02-01 18:00:00+01:00,bus100,0.0
2030,sc01,02-01 18:00:00+01:00,bus072,0.0
2030,sc01,02-01 18:00:00+01:00,bus039,0.0
2030,sc01,02-01 18:00:00+01:00,bus012,0.0
2030,sc01,02-01 18:00:00+01:00,bus114,0.0
2030,sc01,02-01 18:00:00+01:00,bus112,0.0
2030,sc01,02-01 18:00:00+01:00,bus058,0.0
2030,sc01,02-01 18:00:00+01:00,bus089,0.0
2030,sc01,02-01 18:00:00+01:00,bus051,0.0
2030,sc01,02-01 18:00:00+01:00,bus056,0.0
2030,sc01,02-01 18:00:00+01:00,bus092,0.0
2030,sc01,02-01 18:00:00+01:00,bus036,0.0
2030,sc01,02-01 18:00:00+01:00,bus094,0.0
2030,sc01,02-01 18:00:00+01:00,bus095,0.0
2030,sc01,02-01 18:00:00+01:00,bus113,0.0
2030,sc01,02-01 18:00:00+01:00,bus024,0.0
2030,sc01,02-01 18:00:00+01:00,bus078,0.0
2030,sc01,02-01 18:00:00+01:00,bus033,0.0
2030,sc01,02-01 18:00:00+01:00,bus079,0.0
2030,sc01,02-01 18:00:00+01:00,bus061,0.0
2030,sc01,02-01 18:00:00+01:00,bus118,0.0
2030,sc01,02-01 18:00:00+01:00,bus003,0.0
2030,sc01,02-01 18:00:00+01:00,bus070,0.0
2030,sc01,02-01 18:00:00+01:00,bus004,0.0
2030,sc01,02-01 18:00:00+01:00,bus021,0.0
2030,sc01,02-01 18:00:00+01:00,bus068,0.0
2030,sc01,02-01 18:00:00+01:00,bus028,0.0
2030,sc01,02-01 18:00:00+01:00,bus034,0.0
2030,sc01,02-01 18:00:00+01:00,bus075,0.0
2030,sc01,02-01 18:00:00+01:00,bus064,0.0
2030,sc01,02-01 18:00:00+01:00,bus106,0.0
2030,sc01,02-01 18:00:00+01:00,bus076,0.0
2030,sc01,02-01 18:00:00+01:00,bus046,0.0
2030,sc01,02-01 18:00:00+01:00,bus007,0.0
2030,sc01,02-01 18:00:00+01:00,bus035,0.0
2030,sc01,02-01 18:00:00+01:00,bus117,0.0
2030,sc01,02-01 18:00:00+01:00,bus041,0.0
2030,sc01,02-01 18:00:00+01:00,bus102,0.0
2030,sc01,02-01 18:00:00+01:00,bus026,0.0
2030,sc01,02-01 18:00:00+01:00,bus077,0.0
2030,sc01,02-01 18:00:00+01:00,bus044,0.0
2030,sc01,02-01 18:00:00+01:00,bus091,0.0
2030,sc01,02-01 18:00:00+01:00,bus062,0.0
2030,sc01,02-02 19:00:00+01:00,bus093,0.0
2030,sc01,02-02 19:00:00+01:00,bus097,0.0
2030,sc01,02-02 19:00:00+01:00,bus110,0.0
2030,sc01,02-02 19:00:00+01:00,bus042,0.0
2030,sc01,02-02 19:00:00+01:00,bus066,0.0
2030,sc01,02-02 19:00:00+01:00,bus059,0.0
2030,sc01,02-02 19:00:00+01:00,bus057,0.0
2030,sc01,02-02 19:00:00+01:00,bus067,0.0
2030,sc01,02-02 19:00:00+01:00,bus069,0.0
2030,sc01,02-02 19:00:00+01:00,bus014,0.0
2030,sc01,02-02 19:00:00+01:00,bus090,0.0
2030,sc01,02-02 19:00:00+01:00,bus002,0.0
2030,sc01,02-02 19:00:00+01:00,bus005,0.0
2030,sc01,02-02 19:00:00+01:00,bus109,0.0
2030,sc01,02-02 19:00:00+01:00,bus020,0.0
2030,sc01,02-02 19:00:00+01:00,bus065,0.0
2030,sc01,02-02 19:00:00+01:00,bus001,0.0
2030,sc01,02-02 19:00:00+01:00,bus017,0.0
2030,sc01,02-02 19:00:00+01:00,bus015,0.0
2030,sc01,02-02 19:00:00+01:00,bus054,0.0
2030,sc01,02-02 19:00:00+01:00,bus086,0.0
2030,sc01,02-02 19:00:00+01:00,bus032,0.0
2030,sc01,02-02 19:00:00+01:00,bus038,0.0
2030,sc01,02-02 19:00:00+01:00,bus108,0.0
2030,sc01,02-02 19:00:00+01:00,bus087,0.0
2030,sc01,02-02 19:00:00+01:00,bus027,0.0
2030,sc01,02-02 19:00:00+01:00,bus111,0.0
2030,sc01,02-02 19:00:00+01:00,bus025,0.0
2030,sc01,02-02 19:00:00+01:00,bus029,0.0
2030,sc01,02-02 19:00:00+01:00,bus009,0.0
2030,sc01,02-02 19:00:00+01:00,bus043,0.0
2030,sc01,02-02 19:00:00+01:00,bus045,0.0
2030,sc01,02-02 19:00:00+01:00,bus084,0.0
2030,sc01,02-02 19:00:00+01:00,bus013,0.0
2030,sc01,02-02 19:00:00+01:00,bus063,0.0
2030,sc01,02-02 19:00:00+01:00,bus115,0.0
2030,sc01,02-02 19:00:00+01:00,bus010,0.0
2030,sc01,02-02 19:00:00+01:00,bus073,0.0
2030,sc01,02-02 19:00:00+01:00,bus052,0.0
2030,sc01,02-02 19:00:00+01:00,bus096,0.0
2030,sc01,02-02 19:00:00+01:00,bus050,0.0
2030,sc01,02-02 19:00:00+01:00,bus011,0.0
2030,sc01,02-02 19:00:00+01:00,bus055,0.0
2030,sc01,02-02 19:00:00+01:00,bus083,0.0
2030,sc01,02-02 19:00:00+01:00,bus081,0.0
2030,sc01,02-02 19:00:00+01:00,bus022,0.0
2030,sc01,02-02 19:00:00+01:00,bus071,0.0
2030,sc01,02-02 19:00:00+01:00,bus074,0.0
2030,sc01,02-02 19:00:00+01:00,bus040,0.0
2030,sc01,02-02 19:00:00+01:00,bus099,0.0
2030,sc01,02-02 19:00:00+01:00,bus030,0.0
2030,sc01,02-02 19:00:00+01:00,bus098,0.0
2030,sc01,02-02 19:00:00+01:00,bus053,0.0
2030,sc01,02-02 19:00:00+01:00,bus085,0.0
2030,sc01,02-02 19:00:00+01:00,bus101,0.0
2030,sc01,02-02 19:00:00+01:00,bus018,0.0
2030,sc01,02-02 19:00:00+01:00,bus023,0.0
2030,sc01,02-02 19:00:00+01:00,bus088,0.0
2030,sc01,02-02 19:00:00+01:00,bus116,0.0
2030,sc01,02-02 19:00:00+01:00,bus103,0.0
2030,sc01,02-02 19:00:00+01:00,bus008,0.0
2030,sc01,02-02 19:00:00+01:00,bus105,0.0
2030,sc01,02-02 19:00:00+01:00,bus060,0.0
2030,sc01,02-02 19:00:00+01:00,bus016,0.0
2030,sc01,02-02 19:00:00+01:00,bus082,0.0
2030,sc01,02-02 19:00:00+01:00,bus047,0.0
2030,sc01,02-02 19:00:00+01:00,bus019,0.0
2030,sc01,02-02 19:00:00+01:00,bus037,0.0
2030,sc01,02-02 19:00:00+01:00,bus006,0.0
2030,sc01,02-02 19:00:00+01:00,bus080,0.0
2030,sc01,02-02 19:00:00+01:00,bus031,0.0
2030,sc01,02-02 19:00:00+01:00,bus048,0.0
2030,sc01,02-02 19:00:00+01:00,bus107,0.0
2030,sc01,02-02 19:00:00+01:00,bus049,0.0
2030,sc01,02-02 19:00:00+01:00,bus104,0.0
2030,sc01,02-02 19:00:00+01:00,bus100,0.0
2030,sc01,02-02 19:00:00+01:00,bus072,0.0
2030,sc01,02-02 19:00:00+01:00,bus039,0.0
2030,sc01,02-02 19:00:00+01:00,bus012,0.0
2030,sc01,02-02 19:00:00+01:00,bus114,0.0
2030,sc01,02-02 19:00:00+01:00,bus112,0.0
2030,sc01,02-02 19:00:00+01:00,bus058,0.0
2030,sc01,02-02 19:00:00+01:00,bus089,0.0
2030,sc01,02-02 19:00:00+01:00,bus051,0.0
2030,sc01,02-02 19:00:00+01:00,bus056,0.0
2030,sc01,02-02 19:00:00+01:00,bus092,0.0
2030,sc01,02-02 19:00:00+01:00,bus036,0.0
2030,sc01,02-02 19:00:00+01:00,bus094,0.0
2030,sc01,02-02 19:00:00+01:00,bus095,0.0
2030,sc01,02-02 19:00:00+01:00,bus113,0.0
2030,sc01,02-02 19:00:00+01:00,bus024,0.0
2030,sc01,02-02 19:00:00+01:00,bus078,0.0
2030,sc01,02-02 19:00:00+01:00,bus033,0.0
2030,sc01,02-02 19:00:00+01:00,bus079,0.0
2030,sc01,02-02 19:00:00+01:00,bus061,0.0
2030,sc01,02-02 19:00:00+01:00,bus118,0.0
2030,sc01,02-02 19:00:00+01:00,bus003,0.0
2030,sc01,02-02 19:00:00+01:00,bus070,0.0
2030,sc01,02-02 19:00:00+01:00,bus004,0.0
2030,sc01,02-02 19:00:00+01:00,bus021,0.0
2030,sc01,02-02 19:00:00+01:00,bus068,0.0
2030,sc01,02-02 19:00:00+01:00,bus028,0.0
2030,sc01,02-02 19:00:00+01:00,bus034,0.0
2030,sc01,02-02 19:00:00+01:00,bus075,0.0
2030,sc01,02-02 19:00:00+01:00,bus064,0.0
2030,sc01,02-02 19:00:00+01:00,bus106,0.0
2030,sc01,02-02 19:00:00+01:00,bus076,0.0
2030,sc01,02-02 19:00:00+01:00,bus046,0.0
2030,sc01,02-02 19:00:00+01:00,bus007,0.0
2030,sc01,02-02 19:00:00+01:00,bus035,0.0
2030,sc01,02-02 19:00:00+01:00,bus117,0.0
2030,sc01,02-02 19:00:00+01:00,bus041,0.0
2030,sc01,02-02 19:00:00+01:00,bus102,0.0
2030,sc01,02-02 19:00:00+01:00,bus026,0.0
2030,sc01,02-02 19:00:00+01:00,bus077,0.0
2030,sc01,02-02 19:00:00+01:00,bus044,0.0
2030,sc01,02-02 19:00:00+01:00,bus091,0.0
2030,sc01,02-02 19:00:00+01:00,bus062,0.0
2030,sc01,02-04 14:00:00+01:00,bus093,0.0
2030,sc01,02-04 14:00:00+01:00,bus097,0.0
2030,sc01,02-04 14:00:00+01:00,bus110,0.0
2030,sc01,02-04 14:00:00+01:00,bus042,0.0
2030,sc01,02-04 14:00:00+01:00,bus066,0.0
2030,sc01,02-04 14:00:00+01:00,bus059,0.0
2030,sc01,02-04 14:00:00+01:00,bus057,0.0
2030,sc01,02-04 14:00:00+01:00,bus067,0.0
2030,sc01,02-04 14:00:00+01:00,bus069,0.0
2030,sc01,02-04 14:00:00+01:00,bus014,0.0
2030,sc01,02-04 14:00:00+01:00,bus090,0.0
2030,sc01,02-04 14:00:00+01:00,bus002,0.0
2030,sc01,02-04 14:00:00+01:00,bus005,0.0
2030,sc01,02-04 14:00:00+01:00,bus109,0.0
2030,sc01,02-04 14:00:00+01:00,bus020,0.0
2030,sc01,02-04 14:00:00+01:00,bus065,0.0
2030,sc01,02-04 14:00:00+01:00,bus001,0.0
2030,sc01,02-04 14:00:00+01:00,bus017,0.0
2030,sc01,02-04 14:00:00+01:00,bus015,0.0
2030,sc01,02-04 14:00:00+01:00,bus054,0.0
2030,sc01,02-04 14:00:00+01:00,bus086,0.0
2030,sc01,02-04 14:00:00+01:00,bus032,0.0
2030,sc01,02-04 14:00:00+01:00,bus038,0.0
2030,sc01,02-04 14:00:00+01:00,bus108,0.0
2030,sc01,02-04 14:00:00+01:00,bus087,0.0
2030,sc01,02-04 14:00:00+01:00,bus027,0.0
2030,sc01,02-04 14:00:00+01:00,bus111,0.0
2030,sc01,02-04 14:00:00+01:00,bus025,0.0
2030,sc01,02-04 14:00:00+01:00,bus029,0.0
2030,sc01,02-04 14:00:00+01:00,bus009,0.0
2030,sc01,02-04 14:00:00+01:00,bus043,0.0
2030,sc01,02-04 14:00:00+01:00,bus045,0.0
2030,sc01,02-04 14:00:00+01:00,bus084,0.0
2030,sc01,02-04 14:00:00+01:00,bus013,0.0
2030,sc01,02-04 14:00:00+01:00,bus063,0.0
2030,sc01,02-04 14:00:00+01:00,bus115,0.0
2030,sc01,02-04 14:00:00+01:00,bus010,0.0
2030,sc01,02-04 14:00:00+01:00,bus073,0.0
2030,sc01,02-04 14:00:00+01:00,bus052,0.0
2030,sc01,02-04 14:00:00+01:00,bus096,0.0
2030,sc01,02-04 14:00:00+01:00,bus050,0.0
2030,sc01,02-04 14:00:00+01:00,bus011,0.0
2030,sc01,02-04 14:00:00+01:00,bus055,0.0
2030,sc01,02-04 14:00:00+01:00,bus083,0.0
2030,sc01,02-04 14:00:00+01:00,bus081,0.0
2030,sc01,02-04 14:00:00+01:00,bus022,0.0
2030,sc01,02-04 14:00:00+01:00,bus071,0.0
2030,sc01,02-04 14:00:00+01:00,bus074,0.0
2030,sc01,02-04 14:00:00+01:00,bus040,0.0
2030,sc01,02-04 14:00:00+01:00,bus099,0.0
2030,sc01,02-04 14:00:00+01:00,bus030,0.0
2030,sc01,02-04 14:00:00+01:00,bus098,0.0
2030,sc01,02-04 14:00:00+01:00,bus053,0.0
2030,sc01,02-04 14:00:00+01:00,bus085,0.0
2030,sc01,02-04 14:00:00+01:00,bus101,0.0
2030,sc01,02-04 14:00:00+01:00,bus018,0.0
2030,sc01,02-04 14:00:00+01:00,bus023,0.0
2030,sc01,02-04 14:00:00+01:00,bus088,0.0
2030,sc01,02-04 14:00:00+01:00,bus116,0.0
2030,sc01,02-04 14:00:00+01:00,bus103,0.0
2030,sc01,02-04 14:00:00+01:00,bus008,0.0
2030,sc01,02-04 14:00:00+01:00,bus105,0.0
2030,sc01,02-04 14:00:00+01:00,bus060,0.0
2030,sc01,02-04 14:00:00+01:00,bus016,0.0
2030,sc01,02-04 14:00:00+01:00,bus082,0.0
2030,sc01,02-04 14:00:00+01:00,bus047,0.0
2030,sc01,02-04 14:00:00+01:00,bus019,0.0
2030,sc01,02-04 14:00:00+01:00,bus037,0.0
2030,sc01,02-04 14:00:00+01:00,bus006,0.0
2030,sc01,02-04 14:00:00+01:00,bus080,0.0
2030,sc01,02-04 14:00:00+01:00,bus031,0.0
2030,sc01,02-04 14:00:00+01:00,bus048,0.0
2030,sc01,02-04 14:00:00+01:00,bus107,0.0
2030,sc01,02-04 14:00:00+01:00,bus049,0.0
2030,sc01,02-04 14:00:00+01:00,bus104,0.0
2030,sc01,02-04 14:00:00+01:00,bus100,0.0
2030,sc01,02-04 14:00:00+01:00,bus072,0.0
2030,sc01,02-04 14:00:00+01:00,bus039,0.0
2030,sc01,02-04 14:00:00+01:00,bus012,0.0
2030,sc01,02-04 14:00:00+01:00,bus114,0.0
2030,sc01,02-04 14:00:00+01:00,bus112,0.0
2030,sc01,02-04 14:00:00+01:00,bus058,0.0
2030,sc01,02-04 14:00:00+01:00,bus089,0.0
2030,sc01,02-04 14:00:00+01:00,bus051,0.0
2030,sc01,02-04 14:00:00+01:00,bus056,0.0
2030,sc01,02-04 14:00:00+01:00,bus092,0.0
2030,sc01,02-04 14:00:00+01:00,bus036,0.0
2030,sc01,02-04 14:00:00+01:00,bus094,0.0
2030,sc01,02-04 14:00:00+01:00,bus095,0.0
2030,sc01,02-04 14:00:00+01:00,bus113,0.0
2030,sc01,02-04 14:00:00+01:00,bus024,0.0
2030,sc01,02-04 14:00:00+01:00,bus078,0.0
2030,sc01,02-04 14:00:00+01:00,bus033,0.0
2030,sc01,02-04 14:00:00+01:00,bus079,0.0
2030,sc01,02-04 14:00:00+01:00,bus061,0.0
2030,sc01,02-04 14:00:00+01:00,bus118,0.0
2030,sc01,02-04 14:00:00+01:00,bus003,0.0
2030,sc01,02-04 14:00:00+01:00,bus070,0.0
2030,sc01,02-04 14:00:00+01:00,bus004,0.0
2030,sc01,02-04 14:00:00+01:00,bus021,0.0
2030,sc01,02-04 14:00:00+01:00,bus068,0.0
2030,sc01,02-04 14:00:00+01:00,bus028,0.0
2030,sc01,02-04 14:00:00+01:00,bus034,0.0
2030,sc01,02-04 14:00:00+01:00,bus075,0.0
2030,sc01,02-04 14:00:00+01:00,bus064,0.0
2030,sc01,02-04 14:00:00+01:00,bus106,0.0
2030,sc01,02-04 14:00:00+01:00,bus076,0.0
2030,sc01,02-04 14:00:00+01:00,bus046,0.0
2030,sc01,02-04 14:00:00+01:00,bus007,0.0
2030,sc01,02-04 14:00:00+01:00,bus035,0.0
2030,sc01,02-04 14:00:00+01:00,bus117,0.0
2030,sc01,02-04 14:00:00+01:00,bus041,0.0
2030,sc01,02-04 14:00:00+01:00,bus102,0.0
2030,sc01,02-04 14:00:00+01:00,bus026,0.0
2030,sc01,02-04 14:00:00+01:00,bus077,0.0
2030,sc01,02-04 14:00:00+01:00,bus044,0.0
2030,sc01,02-04 14:00:00+01:00,bus091,0.0
2030,sc01,02-04 14:00:00+01:00,bus062,0.0
2030,sc01,02-04 16:00:00+01:00,bus093,0.0
2030,sc01,02-04 16:00:00+01:00,bus097,0.0
2030,sc01,02-04 16:00:00+01:00,bus110,0.0
2030,sc01,02-04 16:00:00+01:00,bus042,0.0
2030,sc01,02-04 16:00:00+01:00,bus066,0.0
2030,sc01,02-04 16:00:00+01:00,bus059,0.0
2030,sc01,02-04 16:00:00+01:00,bus057,0.0
2030,sc01,02-04 16:00:00+01:00,bus067,0.0
2030,sc01,02-04 16:00:00+01:00,bus069,0.0
2030,sc01,02-04 16:00:00+01:00,bus014,0.0
2030,sc01,02-04 16:00:00+01:00,bus090,0.0
2030,sc01,02-04 16:00:00+01:00,bus002,0.0
2030,sc01,02-04 16:00:00+01:00,bus005,0.0
2030,sc01,02-04 16:00:00+01:00,bus109,0.0
2030,sc01,02-04 16:00:00+01:00,bus020,0.0
2030,sc01,02-04 16:00:00+01:00,bus065,0.0
2030,sc01,02-04 16:00:00+01:00,bus001,0.0
2030,sc01,02-04 16:00:00+01:00,bus017,0.0
2030,sc01,02-04 16:00:00+01:00,bus015,0.0
2030,sc01,02-04 16:00:00+01:00,bus054,0.0
2030,sc01,02-04 16:00:00+01:00,bus086,0.0
2030,sc01,02-04 16:00:00+01:00,bus032,0.0
2030,sc01,02-04 16:00:00+01:00,bus038,0.0
2030,sc01,02-04 16:00:00+01:00,bus108,0.0
2030,sc01,02-04 16:00:00+01:00,bus087,0.0
2030,sc01,02-04 16:00:00+01:00,bus027,0.0
2030,sc01,02-04 16:00:00+01:00,bus111,0.0
2030,sc01,02-04 16:00:00+01:00,bus025,0.0
2030,sc01,02-04 16:00:00+01:00,bus029,0.0
2030,sc01,02-04 16:00:00+01:00,bus009,0.0
2030,sc01,02-04 16:00:00+01:00,bus043,0.0
2030,sc01,02-04 16:00:00+01:00,bus045,0.0
2030,sc01,02-04 16:00:00+01:00,bus084,0.0
2030,sc01,02-04 16:00:00+01:00,bus013,0.0
2030,sc01,02-04 16:00:00+01:00,bus063,0.0
2030,sc01,02-04 16:00:00+01:00,bus115,0.0
2030,sc01,02-04 16:00:00+01:00,bus010,0.0
2030,sc01,02-04 16:00:00+01:00,bus073,0.0
2030,sc01,02-04 16:00:00+01:00,bus052,0.0
2030,sc01,02-04 16:00:00+01:00,bus096,0.0
2030,sc01,02-04 16:00:00+01:00,bus050,0.0
2030,sc01,02-04 16:00:00+01:00,bus011,0.0
2030,sc01,02-04 16:00:00+01:00,bus055,0.0
2030,sc01,02-04 16:00:00+01:00,bus083,0.0
2030,sc01,02-04 16:00:00+01:00,bus081,0.0
2030,sc01,02-04 16:00:00+01:00,bus022,0.0
2030,sc01,02-04 16:00:00+01:00,bus071,0.0
2030,sc01,02-04 16:00:00+01:00,bus074,0.0
2030,sc01,02-04 16:00:00+01:00,bus040,0.0
2030,sc01,02-04 16:00:00+01:00,bus099,0.0
2030,sc01,02-04 16:00:00+01:00,bus030,0.0
2030,sc01,02-04 16:00:00+01:00,bus098,0.0
2030,sc01,02-04 16:00:00+01:00,bus053,0.0
2030,sc01,02-04 16:00:00+01:00,bus085,0.0
2030,sc01,02-04 16:00:00+01:00,bus101,0.0
2030,sc01,02-04 16:00:00+01:00,bus018,0.0
2030,sc01,02-04 16:00:00+01:00,bus023,0.0
2030,sc01,02-04 16:00:00+01:00,bus088,0.0
2030,sc01,02-04 16:00:00+01:00,bus116,0.0
2030,sc01,02-04 16:00:00+01:00,bus103,0.0
2030,sc01,02-04 16:00:00+01:00,bus008,0.0
2030,sc01,02-04 16:00:00+01:00,bus105,0.0
2030,sc01,02-04 16:00:00+01:00,bus060,0.0
2030,sc01,02-04 16:00:00+01:00,bus016,0.0
2030,sc01,02-04 16:00:00+01:00,bus082,0.0
2030,sc01,02-04 16:00:00+01:00,bus047,0.0
2030,sc01,02-04 16:00:00+01:00,bus019,0.0
2030,sc01,02-04 16:00:00+01:00,bus037,0.0
2030,sc01,02-04 16:00:00+01:00,bus006,0.0
2030,sc01,02-04 16:00:00+01:00,bus080,0.0
2030,sc01,02-04 16:00:00+01:00,bus031,0.0
2030,sc01,02-04 16:00:00+01:00,bus048,0.0
2030,sc01,02-04 16:00:00+01:00,bus107,0.0
2030,sc01,02-04 16:00:00+01:00,bus049,0.0
2030,sc01,02-04 16:00:00+01:00,bus104,0.0
2030,sc01,02-04 16:00:00+01:00,bus100,0.0
2030,sc01,02-04 16:00:00+01:00,bus072,0.0
2030,sc01,02-04 16:00:00+01:00,bus039,0.0
2030,sc01,02-04 16:00:00+01:00,bus012,0.0
2030,sc01,02-04 16:00:00+01:00,bus114,0.0
2030,sc01,02-04 16:00:00+01:00,bus112,0.0
2030,sc01,02-04 16:00:00+01:00,bus058,0.0
2030,sc01,02-04 16:00:00+01:00,bus089,0.0
2030,sc01,02-04 16:00:00+01:00,bus051,0.0
2030,sc01,02-04 16:00:00+01:00,bus056,0.0
2030,sc01,02-04 16:00:00+01:00,bus092,0.0
2030,sc01,02-04 16:00:00+01:00,bus036,0.0
2030,sc01,02-04 16:00:00+01:00,bus094,0.0
2030,sc01,02-04 16:00:00+01:00,bus095,0.0
2030,sc01,02-04 16:00:00+01:00,bus113,0.0
2030,sc01,02-04 16:00:00+01:00,bus024,0.0
2030,sc01,02-04 16:00:00+01:00,bus078,0.0
2030,sc01,02-04 16:00:00+01:00,bus033,0.0
2030,sc01,02-04 16:00:00+01:00,bus079,0.0
2030,sc01,02-04 16:00:00+01:00,bus061,0.0
2030,sc01,02-04 16:00:00+01:00,bus118,0.0
2030,sc01,02-04 16:00:00+01:00,bus003,0.0
2030,sc01,02-04 16:00:00+01:00,bus070,0.0
2030,sc01,02-04 16:00:00+01:00,bus004,0.0
2030,sc01,02-04 16:00:00+01:00,bus021,0.0
2030,sc01,02-04 16:00:00+01:00,bus068,0.0
2030,sc01,02-04 16:00:00+01:00,bus028,0.0
2030,sc01,02-04 16:00:00+01:00,bus034,0.0
2030,sc01,02-04 16:00:00+01:00,bus075,0.0
2030,sc01,02-04 16:00:00+01:00,bus064,0.0
2030,sc01,02-04 16:00:00+01:00,bus106,0.0
2030,sc01,02-04 16:00:00+01:00,bus076,0.0
2030,sc01,02-04 16:00:00+01:00,bus046,0.0
2030,sc01,02-04 16:00:00+01:00,bus007,0.0
2030,sc01,02-04 16:00:00+01:00,bus035,0.0
2030,sc01,02-04 16:00:00+01:00,bus117,0.0
2030,sc01,02-04 16:00:00+01:00,bus041,0.0
2030,sc01,02-04 16:00:00+01:00,bus102,0.0
2030,sc01,02-04 16:00:00+01:00,bus026,0.0
2030,sc01,02-04 16:00:00+01:00,bus077,0.0
2030,sc01,02-04 16:00:00+01:00,bus044,0.0
2030,sc01,02-04 16:00:00+01:00,bus091,0.0
2030,sc01,02-04 16:00:00+01:00,bus062,0.0
2030,sc01,02-04 17:00:00+01:00,bus093,0.0
2030,sc01,02-04 17:00:00+01:00,bus097,0.0
2030,sc01,02-04 17:00:00+01:00,bus110,0.0
2030,sc01,02-04 17:00:00+01:00,bus042,0.0
2030,sc01,02-04 17:00:00+01:00,bus066,0.0
2030,sc01,02-04 17:00:00+01:00,bus059,0.0
2030,sc01,02-04 17:00:00+01:00,bus057,0.0
2030,sc01,02-04 17:00:00+01:00,bus067,0.0
2030,sc01,02-04 17:00:00+01:00,bus069,0.0
2030,sc01,02-04 17:00:00+01:00,bus014,0.0
2030,sc01,02-04 17:00:00+01:00,bus090,0.0
2030,sc01,02-04 17:00:00+01:00,bus002,0.0
2030,sc01,02-04 17:00:00+01:00,bus005,0.0
2030,sc01,02-04 17:00:00+01:00,bus109,0.0
2030,sc01,02-04 17:00:00+01:00,bus020,0.0
2030,sc01,02-04 17:00:00+01:00,bus065,0.0
2030,sc01,02-04 17:00:00+01:00,bus001,0.0
2030,sc01,02-04 17:00:00+01:00,bus017,0.0
2030,sc01,02-04 17:00:00+01:00,bus015,0.0
2030,sc01,02-04 17:00:00+01:00,bus054,0.0
2030,sc01,02-04 17:00:00+01:00,bus086,0.0
2030,sc01,02-04 17:00:00+01:00,bus032,0.0
2030,sc01,02-04 17:00:00+01:00,bus038,0.0
2030,sc01,02-04 17:00:00+01:00,bus108,0.0
2030,sc01,02-04 17:00:00+01:00,bus087,0.0
2030,sc01,02-04 17:00:00+01:00,bus027,0.0
2030,sc01,02-04 17:00:00+01:00,bus111,0.0
2030,sc01,02-04 17:00:00+01:00,bus025,0.0
2030,sc01,02-04 17:00:00+01:00,bus029,0.0
2030,sc01,02-04 17:00:00+01:00,bus009,0.0
2030,sc01,02-04 17:00:00+01:00,bus043,0.0
2030,sc01,02-04 17:00:00+01:00,bus045,0.0
2030,sc01,02-04 17:00:00+01:00,bus084,0.0
2030,sc01,02-04 17:00:00+01:00,bus013,0.0
2030,sc01,02-04 17:00:00+01:00,bus063,0.0
2030,sc01,02-04 17:00:00+01:00,bus115,0.0
2030,sc01,02-04 17:00:00+01:00,bus010,0.0
2030,sc01,02-04 17:00:00+01:00,bus073,0.0
2030,sc01,02-04 17:00:00+01:00,bus052,0.0
2030,sc01,02-04 17:00:00+01:00,bus096,0.0
2030,sc01,02-04 17:00:00+01:00,bus050,0.0
2030,sc01,02-04 17:00:00+01:00,bus011,0.0
2030,sc01,02-04 17:00:00+01:00,bus055,0.0
2030,sc01,02-04 17:00:00+01:00,bus083,0.0
2030,sc01,02-04 17:00:00+01:00,bus081,0.0
2030,sc01,02-04 17:00:00+01:00,bus022,0.0
2030,sc01,02-04 17:00:00+01:00,bus071,0.0
2030,sc01,02-04 17:00:00+01:00,bus074,0.0
2030,sc01,02-04 17:00:00+01:00,bus040,0.0
2030,sc01,02-04 17:00:00+01:00,bus099,0.0
2030,sc01,02-04 17:00:00+01:00,bus030,0.0
2030,sc01,02-04 17:00:00+01:00,bus098,0.0
2030,sc01,02-04 17:00:00+01:00,bus053,0.0
2030,sc01,02-04 17:00:00+01:00,bus085,0.0
2030,sc01,02-04 17:00:00+01:00,bus101,0.0
2030,sc01,02-04 17:00:00+01:00,bus018,0.0
2030,sc01,02-04 17:00:00+01:00,bus023,0.0
2030,sc01,02-04 17:00:00+01:00,bus088,0.0
2030,sc01,02-04 17:00:00+01:00,bus116,0.0
2030,sc01,02-04 17:00:00+01:00,bus103,0.0
2030,sc01,02-04 17:00:00+01:00,bus008,0.0
2030,sc01,02-04 17:00:00+01:00,bus105,0.0
2030,sc01,02-04 17:00:00+01:00,bus060,0.0
2030,sc01,02-04 17:00:00+01:00,bus016,0.0
2030,sc01,02-04 17:00:00+01:00,bus082,0.0
2030,sc01,02-04 17:00:00+01:00,bus047,0.0
2030,sc01,02-04 17:00:00+01:00,bus019,0.0
2030,sc01,02-04 17:00:00+01:00,bus037,0.0
2030,sc01,02-04 17:00:00+01:00,bus006,0.0
2030,sc01,02-04 17:00:00+01:00,bus080,0.0
2030,sc01,02-04 17:00:00+01:00,bus031,0.0
2030,sc01,02-04 17:00:00+01:00,bus048,0.0
2030,sc01,02-04 17:00:00+01:00,bus107,0.0
2030,sc01,02-04 17:00:00+01:00,bus049,0.0
2030,sc01,02-04 17:00:00+01:00,bus104,0.0
2030,sc01,02-04 17:00:00+01:00,bus100,0.0
2030,sc01,02-04 17:00:00+01:00,bus072,0.0
2030,sc01,02-04 17:00:00+01:00,bus039,0.0
2030,sc01,02-04 17:00:00+01:00,bus012,0.0
2030,sc01,02-04 17:00:00+01:00,bus114,0.0
2030,sc01,02-04 17:00:00+01:00,bus112,0.0
2030,sc01,02-04 17:00:00+01:00,bus058,0.0
2030,sc01,02-04 17:00:00+01:00,bus089,0.0
2030,sc01,02-04 17:00:00+01:00,bus051,0.0
2030,sc01,02-04 17:00:00+01:00,bus056,0.0
2030,sc01,02-04 17:00:00+01:00,bus092,0.0
2030,sc01,02-04 17:00:00+01:00,bus036,0.0
2030,sc01,02-04 17:00:00+01:00,bus094,0.0
2030,sc01,02-04 17:00:00+01:00,bus095,0.0
2030,sc01,02-04 17:00:00+01:00,bus113,0.0
2030,sc01,02-04 17:00:00+01:00,bus024,0.0
2030,sc01,02-04 17:00:00+01:00,bus078,0.0
2030,sc01,02-04 17:00:00+01:00,bus033,0.0
2030,sc01,02-04 17:00:00+01:00,bus079,0.0
2030,sc01,02-04 17:00:00+01:00,bus061,0.0
2030,sc01,02-04 17:00:00+01:00,bus118,0.0
2030,sc01,02-04 17:00:00+01:00,bus003,0.0
2030,sc01,02-04 17:00:00+01:00,bus070,0.0
2030,sc01,02-04 17:00:00+01:00,bus004,0.0
2030,sc01,02-04 17:00:00+01:00,bus021,0.0
2030,sc01,02-04 17:00:00+01:00,bus068,0.0
2030,sc01,02-04 17:00:00+01:00,bus028,0.0
2030,sc01,02-04 17:00:00+01:00,bus034,0.0
2030,sc01,02-04 17:00:00+01:00,bus075,0.0
2030,sc01,02-04 17:00:00+01:00,bus064,0.0
2030,sc01,02-04 17:00:00+01:00,bus106,0.0
2030,sc01,02-04 17:00:00+01:00,bus076,0.0
2030,sc01,02-04 17:00:00+01:00,bus046,0.0
2030,sc01,02-04 17:00:00+01:00,bus007,0.0
2030,sc01,02-04 17:00:00+01:00,bus035,0.0
2030,sc01,02-04 17:00:00+01:00,bus117,0.0
2030,sc01,02-04 17:00:00+01:00,bus041,0.0
2030,sc01,02-04 17:00:00+01:00,bus102,0.0
2030,sc01,02-04 17:00:00+01:00,bus026,0.0
2030,sc01,02-04 17:00:00+01:00,bus077,0.0
2030,sc01,02-04 17:00:00+01:00,bus044,0.0
2030,sc01,02-04 17:00:00+01:00,bus091,0.0
2030,sc01,02-04 17:00:00+01:00,bus062,0.0
2030,sc01,02-04 19:00:00+01:00,bus093,0.0
2030,sc01,02-04 19:00:00+01:00,bus097,0.0
2030,sc01,02-04 19:00:00+01:00,bus110,0.0
2030,sc01,02-04 19:00:00+01:00,bus042,0.0
2030,sc01,02-04 19:00:00+01:00,bus066,0.0
2030,sc01,02-04 19:00:00+01:00,bus059,0.0
2030,sc01,02-04 19:00:00+01:00,bus057,0.0
2030,sc01,02-04 19:00:00+01:00,bus067,0.0
2030,sc01,02-04 19:00:00+01:00,bus069,0.0
2030,sc01,02-04 19:00:00+01:00,bus014,0.0
2030,sc01,02-04 19:00:00+01:00,bus090,0.0
2030,sc01,02-04 19:00:00+01:00,bus002,0.0
2030,sc01,02-04 19:00:00+01:00,bus005,0.0
2030,sc01,02-04 19:00:00+01:00,bus109,0.0
2030,sc01,02-04 19:00:00+01:00,bus020,0.0
2030,sc01,02-04 19:00:00+01:00,bus065,0.0
2030,sc01,02-04 19:00:00+01:00,bus001,0.0
2030,sc01,02-04 19:00:00+01:00,bus017,0.0
2030,sc01,02-04 19:00:00+01:00,bus015,0.0
2030,sc01,02-04 19:00:00+01:00,bus054,0.0
2030,sc01,02-04 19:00:00+01:00,bus086,0.0
2030,sc01,02-04 19:00:00+01:00,bus032,0.0
2030,sc01,02-04 19:00:00+01:00,bus038,0.0
2030,sc01,02-04 19:00:00+01:00,bus108,0.0
2030,sc01,02-04 19:00:00+01:00,bus087,0.0
2030,sc01,02-04 19:00:00+01:00,bus027,0.0
2030,sc01,02-04 19:00:00+01:00,bus111,0.0
2030,sc01,02-04 19:00:00+01:00,bus025,0.0
2030,sc01,02-04 19:00:00+01:00,bus029,0.0
2030,sc01,02-04 19:00:00+01:00,bus009,0.0
2030,sc01,02-04 19:00:00+01:00,bus043,0.0
2030,sc01,02-04 19:00:00+01:00,bus045,0.0
2030,sc01,02-04 19:00:00+01:00,bus084,0.0
2030,sc01,02-04 19:00:00+01:00,bus013,0.0
2030,sc01,02-04 19:00:00+01:00,bus063,0.0
2030,sc01,02-04 19:00:00+01:00,bus115,0.0
2030,sc01,02-04 19:00:00+01:00,bus010,0.0
2030,sc01,02-04 19:00:00+01:00,bus073,0.0
2030,sc01,02-04 19:00:00+01:00,bus052,0.0
2030,sc01,02-04 19:00:00+01:00,bus096,0.0
2030,sc01,02-04 19:00:00+01:00,bus050,0.0
2030,sc01,02-04 19:00:00+01:00,bus011,0.0
2030,sc01,02-04 19:00:00+01:00,bus055,0.0
2030,sc01,02-04 19:00:00+01:00,bus083,0.0
2030,sc01,02-04 19:00:00+01:00,bus081,0.0
2030,sc01,02-04 19:00:00+01:00,bus022,0.0
2030,sc01,02-04 19:00:00+01:00,bus071,0.0
2030,sc01,02-04 19:00:00+01:00,bus074,0.0
2030,sc01,02-04 19:00:00+01:00,bus040,0.0
2030,sc01,02-04 19:00:00+01:00,bus099,0.0
2030,sc01,02-04 19:00:00+01:00,bus030,0.0
2030,sc01,02-04 19:00:00+01:00,bus098,0.0
2030,sc01,02-04 19:00:00+01:00,bus053,0.0
2030,sc01,02-04 19:00:00+01:00,bus085,0.0
2030,sc01,02-04 19:00:00+01:00,bus101,0.0
2030,sc01,02-04 19:00:00+01:00,bus018,0.0
2030,sc01,02-04 19:00:00+01:00,bus023,0.0
2030,sc01,02-04 19:00:00+01:00,bus088,0.0
2030,sc01,02-04 19:00:00+01:00,bus116,0.0
2030,sc01,02-04 19:00:00+01:00,bus103,0.0
2030,sc01,02-04 19:00:00+01:00,bus008,0.0
2030,sc01,02-04 19:00:00+01:00,bus105,0.0
2030,sc01,02-04 19:00:00+01:00,bus060,0.0
2030,sc01,02-04 19:00:00+01:00,bus016,0.0
2030,sc01,02-04 19:00:00+01:00,bus082,0.0
2030,sc01,02-04 19:00:00+01:00,bus047,0.0
2030,sc01,02-04 19:00:00+01:00,bus019,0.0
2030,sc01,02-04 19:00:00+01:00,bus037,0.0
2030,sc01,02-04 19:00:00+01:00,bus006,0.0
2030,sc01,02-04 19:00:00+01:00,bus080,0.0
2030,sc01,02-04 19:00:00+01:00,bus031,0.0
2030,sc01,02-04 19:00:00+01:00,bus048,0.0
2030,sc01,02-04 19:00:00+01:00,bus107,0.0
2030,sc01,02-04 19:00:00+01:00,bus049,0.0
2030,sc01,02-04 19:00:00+01:00,bus104,0.0
2030,sc01,02-04 19:00:00+01:00,bus100,0.0
2030,sc01,02-04 19:00:00+01:00,bus072,0.0
2030,sc01,02-04 19:00:00+01:00,bus039,0.0
2030,sc01,02-04 19:00:00+01:00,bus012,0.0
2030,sc01,02-04 19:00:00+01:00,bus114,0.0
2030,sc01,02-04 19:00:00+01:00,bus112,0.0
2030,sc01,02-04 19:00:00+01:00,bus058,0.0
2030,sc01,02-04 19:00:00+01:00,bus089,0.0
2030,sc01,02-04 19:00:00+01:00,bus051,0.0
2030,sc01,02-04 19:00:00+01:00,bus056,0.0
2030,sc01,02-04 19:00:00+01:00,bus092,0.0
2030,sc01,02-04 19:00:00+01:00,bus036,0.0
2030,sc01,02-04 19:00:00+01:00,bus094,0.0
2030,sc01,02-04 19:00:00+01:00,bus095,0.0
2030,sc01,02-04 19:00:00+01:00,bus113,0.0
2030,sc01,02-04 19:00:00+01:00,bus024,0.0
2030,sc01,02-04 19:00:00+01:00,bus078,0.0
2030,sc01,02-04 19:00:00+01:00,bus033,0.0
2030,sc01,02-04 19:00:00+01:00,bus079,0.0
2030,sc01,02-04 19:00:00+01:00,bus061,0.0
2030,sc01,02-04 19:00:00+01:00,bus118,0.0
2030,sc01,02-04 19:00:00+01:00,bus003,0.0
2030,sc01,02-04 19:00:00+01:00,bus070,0.0
2030,sc01,02-04 19:00:00+01:00,bus004,0.0
2030,sc01,02-04 19:00:00+01:00,bus021,0.0
2030,sc01,02-04 19:00:00+01:00,bus068,0.0
2030,sc01,02-04 19:00:00+01:00,bus028,0.0
2030,sc01,02-04 19:00:00+01:00,bus034,0.0
2030,sc01,02-04 19:00:00+01:00,bus075,0.0
2030,sc01,02-04 19:00:00+01:00,bus064,0.0
2030,sc01,02-04 19:00:00+01:00,bus106,0.0
2030,sc01,02-04 19:00:00+01:00,bus076,0.0
2030,sc01,02-04 19:00:00+01:00,bus046,0.0
2030,sc01,02-04 19:00:00+01:00,bus007,0.0
2030,sc01,02-04 19:00:00+01:00,bus035,0.0
2030,sc01,02-04 19:00:00+01:00,bus117,0.0
2030,sc01,02-04 19:00:00+01:00,bus041,0.0
2030,sc01,02-04 19:00:00+01:00,bus102,0.0
2030,sc01,02-04 19:00:00+01:00,bus026,0.0
2030,sc01,02-04 19:00:00+01:00,bus077,0.0
2030,sc01,02-04 19:00:00+01:00,bus044,0.0
2030,sc01,02-04 19:00:00+01:00,bus091,0.0
2030,sc01,02-04 19:00:00+01:00,bus062,0.0
2030,sc01,02-05 01:00:00+01:00,bus093,0.0
2030,sc01,02-05 01:00:00+01:00,bus097,0.0
2030,sc01,02-05 01:00:00+01:00,bus110,0.0
2030,sc01,02-05 01:00:00+01:00,bus042,0.0
2030,sc01,02-05 01:00:00+01:00,bus066,0.0
2030,sc01,02-05 01:00:00+01:00,bus059,0.0
2030,sc01,02-05 01:00:00+01:00,bus057,0.0
2030,sc01,02-05 01:00:00+01:00,bus067,0.0
2030,sc01,02-05 01:00:00+01:00,bus069,0.0
2030,sc01,02-05 01:00:00+01:00,bus014,0.0
2030,sc01,02-05 01:00:00+01:00,bus090,0.0
2030,sc01,02-05 01:00:00+01:00,bus002,0.0
2030,sc01,02-05 01:00:00+01:00,bus005,0.0
2030,sc01,02-05 01:00:00+01:00,bus109,0.0
2030,sc01,02-05 01:00:00+01:00,bus020,0.0
2030,sc01,02-05 01:00:00+01:00,bus065,0.0
2030,sc01,02-05 01:00:00+01:00,bus001,0.0
2030,sc01,02-05 01:00:00+01:00,bus017,0.0
2030,sc01,02-05 01:00:00+01:00,bus015,0.0
2030,sc01,02-05 01:00:00+01:00,bus054,0.0
2030,sc01,02-05 01:00:00+01:00,bus086,0.0
2030,sc01,02-05 01:00:00+01:00,bus032,0.0
2030,sc01,02-05 01:00:00+01:00,bus038,0.0
2030,sc01,02-05 01:00:00+01:00,bus108,0.0
2030,sc01,02-05 01:00:00+01:00,bus087,0.0
2030,sc01,02-05 01:00:00+01:00,bus027,0.0
2030,sc01,02-05 01:00:00+01:00,bus111,0.0
2030,sc01,02-05 01:00:00+01:00,bus025,0.0
2030,sc01,02-05 01:00:00+01:00,bus029,0.0
2030,sc01,02-05 01:00:00+01:00,bus009,0.0
2030,sc01,02-05 01:00:00+01:00,bus043,0.0
2030,sc01,02-05 01:00:00+01:00,bus045,0.0
2030,sc01,02-05 01:00:00+01:00,bus084,0.0
2030,sc01,02-05 01:00:00+01:00,bus013,0.0
2030,sc01,02-05 01:00:00+01:00,bus063,0.0
2030,sc01,02-05 01:00:00+01:00,bus115,0.0
2030,sc01,02-05 01:00:00+01:00,bus010,0.0
2030,sc01,02-05 01:00:00+01:00,bus073,0.0
2030,sc01,02-05 01:00:00+01:00,bus052,0.0
2030,sc01,02-05 01:00:00+01:00,bus096,0.0
2030,sc01,02-05 01:00:00+01:00,bus050,0.0
2030,sc01,02-05 01:00:00+01:00,bus011,0.0
2030,sc01,02-05 01:00:00+01:00,bus055,0.0
2030,sc01,02-05 01:00:00+01:00,bus083,0.0
2030,sc01,02-05 01:00:00+01:00,bus081,0.0
2030,sc01,02-05 01:00:00+01:00,bus022,0.0
2030,sc01,02-05 01:00:00+01:00,bus071,0.0
2030,sc01,02-05 01:00:00+01:00,bus074,0.0
2030,sc01,02-05 01:00:00+01:00,bus040,0.0
2030,sc01,02-05 01:00:00+01:00,bus099,0.0
2030,sc01,02-05 01:00:00+01:00,bus030,0.0
2030,sc01,02-05 01:00:00+01:00,bus098,0.0
2030,sc01,02-05 01:00:00+01:00,bus053,0.0
2030,sc01,02-05 01:00:00+01:00,bus085,0.0
2030,sc01,02-05 01:00:00+01:00,bus101,0.0
2030,sc01,02-05 01:00:00+01:00,bus018,0.0
2030,sc01,02-05 01:00:00+01:00,bus023,0.0
2030,sc01,02-05 01:00:00+01:00,bus088,0.0
2030,sc01,02-05 01:00:00+01:00,bus116,0.0
2030,sc01,02-05 01:00:00+01:00,bus103,0.0
2030,sc01,02-05 01:00:00+01:00,bus008,0.0
2030,sc01,02-05 01:00:00+01:00,bus105,0.0
2030,sc01,02-05 01:00:00+01:00,bus060,0.0
2030,sc01,02-05 01:00:00+01:00,bus016,0.0
2030,sc01,02-05 01:00:00+01:00,bus082,0.0
2030,sc01,02-05 01:00:00+01:00,bus047,0.0
2030,sc01,02-05 01:00:00+01:00,bus019,0.0
2030,sc01,02-05 01:00:00+01:00,bus037,0.0
2030,sc01,02-05 01:00:00+01:00,bus006,0.0
2030,sc01,02-05 01:00:00+01:00,bus080,0.0
2030,sc01,02-05 01:00:00+01:00,bus031,0.0
2030,sc01,02-05 01:00:00+01:00,bus048,0.0
2030,sc01,02-05 01:00:00+01:00,bus107,0.0
2030,sc01,02-05 01:00:00+01:00,bus049,0.0
2030,sc01,02-05 01:00:00+01:00,bus104,0.0
2030,sc01,02-05 01:00:00+01:00,bus100,0.0
2030,sc01,02-05 01:00:00+01:00,bus072,0.0
2030,sc01,02-05 01:00:00+01:00,bus039,0.0
2030,sc01,02-05 01:00:00+01:00,bus012,0.0
2030,sc01,02-05 01:00:00+01:00,bus114,0.0
2030,sc01,02-05 01:00:00+01:00,bus112,0.0
2030,sc01,02-05 01:00:00+01:00,bus058,0.0
2030,sc01,02-05 01:00:00+01:00,bus089,0.0
2030,sc01,02-05 01:00:00+01:00,bus051,0.0
2030,sc01,02-05 01:00:00+01:00,bus056,0.0
2030,sc01,02-05 01:00:00+01:00,bus092,0.0
2030,sc01,02-05 01:00:00+01:00,bus036,0.0
2030,sc01,02-05 01:00:00+01:00,bus094,0.0
2030,sc01,02-05 01:00:00+01:00,bus095,0.0
2030,sc01,02-05 01:00:00+01:00,bus113,0.0
2030,sc01,02-05 01:00:00+01:00,bus024,0.0
2030,sc01,02-05 01:00:00+01:00,bus078,0.0
2030,sc01,02-05 01:00:00+01:00,bus033,0.0
2030,sc01,02-05 01:00:00+01:00,bus079,0.0
2030,sc01,02-05 01:00:00+01:00,bus061,0.0
2030,sc01,02-05 01:00:00+01:00,bus118,0.0
2030,sc01,02-05 01:00:00+01:00,bus003,0.0
2030,sc01,02-05 01:00:00+01:00,bus070,0.0
2030,sc01,02-05 01:00:00+01:00,bus004,0.0
2030,sc01,02-05 01:00:00+01:00,bus021,0.0
2030,sc01,02-05 01:00:00+01:00,bus068,0.0
2030,sc01,02-05 01:00:00+01:00,bus028,0.0
2030,sc01,02-05 01:00:00+01:00,bus034,0.0
2030,sc01,02-05 01:00:00+01:00,bus075,0.0
2030,sc01,02-05 01:00:00+01:00,bus064,0.0
2030,sc01,02-05 01:00:00+01:00,bus106,0.0
2030,sc01,02-05 01:00:00+01:00,bus076,0.0
2030,sc01,02-05 01:00:00+01:00,bus046,0.0
2030,sc01,02-05 01:00:00+01:00,bus007,0.0
2030,sc01,02-05 01:00:00+01:00,bus035,0.0
2030,sc01,02-05 01:00:00+01:00,bus117,0.0
2030,sc01,02-05 01:00:00+01:00,bus041,0.0
2030,sc01,02-05 01:00:00+01:00,bus102,0.0
2030,sc01,02-05 01:00:00+01:00,bus026,0.0
2030,sc01,02-05 01:00:00+01:00,bus077,0.0
2030,sc01,02-05 01:00:00+01:00,bus044,0.0
2030,sc01,02-05 01:00:00+01:00,bus091,0.0
2030,sc01,02-05 01:00:00+01:00,bus062,0.0
2030,sc01,02-06 04:00:00+01:00,bus093,0.0
2030,sc01,02-06 04:00:00+01:00,bus097,0.0
2030,sc01,02-06 04:00:00+01:00,bus110,0.0
2030,sc01,02-06 04:00:00+01:00,bus042,0.0
2030,sc01,02-06 04:00:00+01:00,bus066,0.0
2030,sc01,02-06 04:00:00+01:00,bus059,0.0
2030,sc01,02-06 04:00:00+01:00,bus057,0.0
2030,sc01,02-06 04:00:00+01:00,bus067,0.0
2030,sc01,02-06 04:00:00+01:00,bus069,0.0
2030,sc01,02-06 04:00:00+01:00,bus014,0.0
2030,sc01,02-06 04:00:00+01:00,bus090,0.0
2030,sc01,02-06 04:00:00+01:00,bus002,0.0
2030,sc01,02-06 04:00:00+01:00,bus005,0.0
2030,sc01,02-06 04:00:00+01:00,bus109,0.0
2030,sc01,02-06 04:00:00+01:00,bus020,0.0
2030,sc01,02-06 04:00:00+01:00,bus065,0.0
2030,sc01,02-06 04:00:00+01:00,bus001,0.0
2030,sc01,02-06 04:00:00+01:00,bus017,0.0
2030,sc01,02-06 04:00:00+01:00,bus015,0.0
2030,sc01,02-06 04:00:00+01:00,bus054,0.0
2030,sc01,02-06 04:00:00+01:00,bus086,0.0
2030,sc01,02-06 04:00:00+01:00,bus032,0.0
2030,sc01,02-06 04:00:00+01:00,bus038,0.0
2030,sc01,02-06 04:00:00+01:00,bus108,0.0
2030,sc01,02-06 04:00:00+01:00,bus087,0.0
2030,sc01,02-06 04:00:00+01:00,bus027,0.0
2030,sc01,02-06 04:00:00+01:00,bus111,0.0
2030,sc01,02-06 04:00:00+01:00,bus025,0.0
2030,sc01,02-06 04:00:00+01:00,bus029,0.0
2030,sc01,02-06 04:00:00+01:00,bus009,0.0
2030,sc01,02-06 04:00:00+01:00,bus043,0.0
2030,sc01,02-06 04:00:00+01:00,bus045,0.0
2030,sc01,02-06 04:00:00+01:00,bus084,0.0
2030,sc01,02-06 04:00:00+01:00,bus013,0.0
2030,sc01,02-06 04:00:00+01:00,bus063,0.0
2030,sc01,02-06 04:00:00+01:00,bus115,0.0
2030,sc01,02-06 04:00:00+01:00,bus010,0.0
2030,sc01,02-06 04:00:00+01:00,bus073,0.0
2030,sc01,02-06 04:00:00+01:00,bus052,0.0
2030,sc01,02-06 04:00:00+01:00,bus096,0.0
2030,sc01,02-06 04:00:00+01:00,bus050,0.0
2030,sc01,02-06 04:00:00+01:00,bus011,0.0
2030,sc01,02-06 04:00:00+01:00,bus055,0.0
2030,sc01,02-06 04:00:00+01:00,bus083,0.0
2030,sc01,02-06 04:00:00+01:00,bus081,0.0
2030,sc01,02-06 04:00:00+01:00,bus022,0.0
2030,sc01,02-06 04:00:00+01:00,bus071,0.0
2030,sc01,02-06 04:00:00+01:00,bus074,0.0
2030,sc01,02-06 04:00:00+01:00,bus040,0.0
2030,sc01,02-06 04:00:00+01:00,bus099,0.0
2030,sc01,02-06 04:00:00+01:00,bus030,0.0
2030,sc01,02-06 04:00:00+01:00,bus098,0.0
2030,sc01,02-06 04:00:00+01:00,bus053,0.0
2030,sc01,02-06 04:00:00+01:00,bus085,0.0
2030,sc01,02-06 04:00:00+01:00,bus101,0.0
2030,sc01,02-06 04:00:00+01:00,bus018,0.0
2030,sc01,02-06 04:00:00+01:00,bus023,0.0
2030,sc01,02-06 04:00:00+01:00,bus088,0.0
2030,sc01,02-06 04:00:00+01:00,bus116,0.0
2030,sc01,02-06 04:00:00+01:00,bus103,0.0
2030,sc01,02-06 04:00:00+01:00,bus008,0.0
2030,sc01,02-06 04:00:00+01:00,bus105,0.0
2030,sc01,02-06 04:00:00+01:00,bus060,0.0
2030,sc01,02-06 04:00:00+01:00,bus016,0.0
2030,sc01,02-06 04:00:00+01:00,bus082,0.0
2030,sc01,02-06 04:00:00+01:00,bus047,0.0
2030,sc01,02-06 04:00:00+01:00,bus019,0.0
2030,sc01,02-06 04:00:00+01:00,bus037,0.0
2030,sc01,02-06 04:00:00+01:00,bus006,0.0
2030,sc01,02-06 04:00:00+01:00,bus080,0.0
2030,sc01,02-06 04:00:00+01:00,bus031,0.0
2030,sc01,02-06 04:00:00+01:00,bus048,0.0
2030,sc01,02-06 04:00:00+01:00,bus107,0.0
2030,sc01,02-06 04:00:00+01:00,bus049,0.0
2030,sc01,02-06 04:00:00+01:00,bus104,0.0
2030,sc01,02-06 04:00:00+01:00,bus100,0.0
2030,sc01,02-06 04:00:00+01:00,bus072,0.0
2030,sc01,02-06 04:00:00+01:00,bus039,0.0
2030,sc01,02-06 04:00:00+01:00,bus012,0.0
2030,sc01,02-06 04:00:00+01:00,bus114,0.0
2030,sc01,02-06 04:00:00+01:00,bus112,0.0
2030,sc01,02-06 04:00:00+01:00,bus058,0.0
2030,sc01,02-06 04:00:00+01:00,bus089,0.0
2030,sc01,02-06 04:00:00+01:00,bus051,0.0
2030,sc01,02-06 04:00:00+01:00,bus056,0.0
2030,sc01,02-06 04:00:00+01:00,bus092,0.0
2030,sc01,02-06 04:00:00+01:00,bus036,0.0
2030,sc01,02-06 04:00:00+01:00,bus094,0.0
2030,sc01,02-06 04:00:00+01:00,bus095,0.0
2030,sc01,02-06 04:00:00+01:00,bus113,0.0
2030,sc01,02-06 04:00:00+01:00,bus024,0.0
2030,sc01,02-06 04:00:00+01:00,bus078,0.0
2030,sc01,02-06 04:00:00+01:00,bus033,0.0
2030,sc01,02-06 04:00:00+01:00,bus079,0.0
2030,sc01,02-06 04:00:00+01:00,bus061,0.0
2030,sc01,02-06 04:00:00+01:00,bus118,0.0
2030,sc01,02-06 04:00:00+01:00,bus003,0.0
2030,sc01,02-06 04:00:00+01:00,bus070,0.0
2030,sc01,02-06 04:00:00+01:00,bus004,0.0
2030,sc01,02-06 04:00:00+01:00,bus021,0.0
2030,sc01,02-06 04:00:00+01:00,bus068,0.0
2030,sc01,02-06 04:00:00+01:00,bus028,0.0
2030,sc01,02-06 04:00:00+01:00,bus034,0.0
2030,sc01,02-06 04:00:00+01:00,bus075,0.0
2030,sc01,02-06 04:00:00+01:00,bus064,0.0
2030,sc01,02-06 04:00:00+01:00,bus106,0.0
2030,sc01,02-06 04:00:00+01:00,bus076,0.0
2030,sc01,02-06 04:00:00+01:00,bus046,0.0
2030,sc01,02-06 04:00:00+01:00,bus007,0.0
2030,sc01,02-06 04:00:00+01:00,bus035,0.0
2030,sc01,02-06 04:00:00+01:00,bus117,0.0
2030,sc01,02-06 04:00:00+01:00,bus041,0.0
2030,sc01,02-06 04:00:00+01:00,bus102,0.0
2030,sc01,02-06 04:00:00+01:00,bus026,0.0
2030,sc01,02-06 04:00:00+01:00,bus077,0.0
2030,sc01,02-06 04:00:00+01:00,bus044,0.0
2030,sc01,02-06 04:00:00+01:00,bus091,0.0
2030,sc01,02-06 04:00:00+01:00,bus062,0.0
2030,sc01,02-06 13:00:00+01:00,bus093,0.0
2030,sc01,02-06 13:00:00+01:00,bus097,0.0
2030,sc01,02-06 13:00:00+01:00,bus110,0.0
2030,sc01,02-06 13:00:00+01:00,bus042,0.0
2030,sc01,02-06 13:00:00+01:00,bus066,0.0
2030,sc01,02-06 13:00:00+01:00,bus059,0.0
2030,sc01,02-06 13:00:00+01:00,bus057,0.0
2030,sc01,02-06 13:00:00+01:00,bus067,0.0
2030,sc01,02-06 13:00:00+01:00,bus069,0.0
2030,sc01,02-06 13:00:00+01:00,bus014,0.0
2030,sc01,02-06 13:00:00+01:00,bus090,0.0
2030,sc01,02-06 13:00:00+01:00,bus002,0.0
2030,sc01,02-06 13:00:00+01:00,bus005,0.0
2030,sc01,02-06 13:00:00+01:00,bus109,0.0
2030,sc01,02-06 13:00:00+01:00,bus020,0.0
2030,sc01,02-06 13:00:00+01:00,bus065,0.0
2030,sc01,02-06 13:00:00+01:00,bus001,0.0
2030,sc01,02-06 13:00:00+01:00,bus017,0.0
2030,sc01,02-06 13:00:00+01:00,bus015,0.0
2030,sc01,02-06 13:00:00+01:00,bus054,0.0
2030,sc01,02-06 13:00:00+01:00,bus086,0.0
2030,sc01,02-06 13:00:00+01:00,bus032,0.0
2030,sc01,02-06 13:00:00+01:00,bus038,0.0
2030,sc01,02-06 13:00:00+01:00,bus108,0.0
2030,sc01,02-06 13:00:00+01:00,bus087,0.0
2030,sc01,02-06 13:00:00+01:00,bus027,0.0
2030,sc01,02-06 13:00:00+01:00,bus111,0.0
2030,sc01,02-06 13:00:00+01:00,bus025,0.0
2030,sc01,02-06 13:00:00+01:00,bus029,0.0
2030,sc01,02-06 13:00:00+01:00,bus009,0.0
2030,sc01,02-06 13:00:00+01:00,bus043,0.0
2030,sc01,02-06 13:00:00+01:00,bus045,0.0
2030,sc01,02-06 13:00:00+01:00,bus084,0.0
2030,sc01,02-06 13:00:00+01:00,bus013,0.0
2030,sc01,02-06 13:00:00+01:00,bus063,0.0
2030,sc01,02-06 13:00:00+01:00,bus115,0.0
2030,sc01,02-06 13:00:00+01:00,bus010,0.0
2030,sc01,02-06 13:00:00+01:00,bus073,0.0
2030,sc01,02-06 13:00:00+01:00,bus052,0.0
2030,sc01,02-06 13:00:00+01:00,bus096,0.0
2030,sc01,02-06 13:00:00+01:00,bus050,0.0
2030,sc01,02-06 13:00:00+01:00,bus011,0.0
2030,sc01,02-06 13:00:00+01:00,bus055,0.0
2030,sc01,02-06 13:00:00+01:00,bus083,0.0
2030,sc01,02-06 13:00:00+01:00,bus081,0.0
2030,sc01,02-06 13:00:00+01:00,bus022,0.0
2030,sc01,02-06 13:00:00+01:00,bus071,0.0
2030,sc01,02-06 13:00:00+01:00,bus074,0.0
2030,sc01,02-06 13:00:00+01:00,bus040,0.0
2030,sc01,02-06 13:00:00+01:00,bus099,0.0
2030,sc01,02-06 13:00:00+01:00,bus030,0.0
2030,sc01,02-06 13:00:00+01:00,bus098,0.0
2030,sc01,02-06 13:00:00+01:00,bus053,0.0
2030,sc01,02-06 13:00:00+01:00,bus085,0.0
2030,sc01,02-06 13:00:00+01:00,bus101,0.0
2030,sc01,02-06 13:00:00+01:00,bus018,0.0
2030,sc01,02-06 13:00:00+01:00,bus023,0.0
2030,sc01,02-06 13:00:00+01:00,bus088,0.0
2030,sc01,02-06 13:00:00+01:00,bus116,0.0
2030,sc01,02-06 13:00:00+01:00,bus103,0.0
2030,sc01,02-06 13:00:00+01:00,bus008,0.0
2030,sc01,02-06 13:00:00+01:00,bus105,0.0
2030,sc01,02-06 13:00:00+01:00,bus060,0.0
2030,sc01,02-06 13:00:00+01:00,bus016,0.0
2030,sc01,02-06 13:00:00+01:00,bus082,0.0
2030,sc01,02-06 13:00:00+01:00,bus047,0.0
2030,sc01,02-06 13:00:00+01:00,bus019,0.0
2030,sc01,02-06 13:00:00+01:00,bus037,0.0
2030,sc01,02-06 13:00:00+01:00,bus006,0.0
2030,sc01,02-06 13:00:00+01:00,bus080,0.0
2030,sc01,02-06 13:00:00+01:00,bus031,0.0
2030,sc01,02-06 13:00:00+01:00,bus048,0.0
2030,sc01,02-06 13:00:00+01:00,bus107,0.0
2030,sc01,02-06 13:00:00+01:00,bus049,0.0
2030,sc01,02-06 13:00:00+01:00,bus104,0.0
2030,sc01,02-06 13:00:00+01:00,bus100,0.0
2030,sc01,02-06 13:00:00+01:00,bus072,0.0
2030,sc01,02-06 13:00:00+01:00,bus039,0.0
2030,sc01,02-06 13:00:00+01:00,bus012,0.0
2030,sc01,02-06 13:00:00+01:00,bus114,0.0
2030,sc01,02-06 13:00:00+01:00,bus112,0.0
2030,sc01,02-06 13:00:00+01:00,bus058,0.0
2030,sc01,02-06 13:00:00+01:00,bus089,0.0
2030,sc01,02-06 13:00:00+01:00,bus051,0.0
2030,sc01,02-06 13:00:00+01:00,bus056,0.0
2030,sc01,02-06 13:00:00+01:00,bus092,0.0
2030,sc01,02-06 13:00:00+01:00,bus036,0.0
2030,sc01,02-06 13:00:00+01:00,bus094,0.0
2030,sc01,02-06 13:00:00+01:00,bus095,0.0
2030,sc01,02-06 13:00:00+01:00,bus113,0.0
2030,sc01,02-06 13:00:00+01:00,bus024,0.0
2030,sc01,02-06 13:00:00+01:00,bus078,0.0
2030,sc01,02-06 13:00:00+01:00,bus033,0.0
2030,sc01,02-06 13:00:00+01:00,bus079,0.0
2030,sc01,02-06 13:00:00+01:00,bus061,0.0
2030,sc01,02-06 13:00:00+01:00,bus118,0.0
2030,sc01,02-06 13:00:00+01:00,bus003,0.0
2030,sc01,02-06 13:00:00+01:00,bus070,0.0
2030,sc01,02-06 13:00:00+01:00,bus004,0.0
2030,sc01,02-06 13:00:00+01:00,bus021,0.0
2030,sc01,02-06 13:00:00+01:00,bus068,0.0
2030,sc01,02-06 13:00:00+01:00,bus028,0.0
2030,sc01,02-06 13:00:00+01:00,bus034,0.0
2030,sc01,02-06 13:00:00+01:00,bus075,0.0
2030,sc01,02-06 13:00:00+01:00,bus064,0.0
2030,sc01,02-06 13:00:00+01:00,bus106,0.0
2030,sc01,02-06 13:00:00+01:00,bus076,0.0
2030,sc01,02-06 13:00:00+01:00,bus046,0.0
2030,sc01,02-06 13:00:00+01:00,bus007,0.0
2030,sc01,02-06 13:00:00+01:00,bus035,0.0
2030,sc01,02-06 13:00:00+01:00,bus117,0.0
2030,sc01,02-06 13:00:00+01:00,bus041,0.0
2030,sc01,02-06 13:00:00+01:00,bus102,0.0
2030,sc01,02-06 13:00:00+01:00,bus026,0.0
2030,sc01,02-06 13:00:00+01:00,bus077,0.0
2030,sc01,02-06 13:00:00+01:00,bus044,0.0
2030,sc01,02-06 13:00:00+01:00,bus091,0.0
2030,sc01,02-06 13:00:00+01:00,bus062,0.0
2030,sc01,02-06 23:00:00+01:00,bus093,0.0
2030,sc01,02-06 23:00:00+01:00,bus097,0.0
2030,sc01,02-06 23:00:00+01:00,bus110,0.0
2030,sc01,02-06 23:00:00+01:00,bus042,0.0
2030,sc01,02-06 23:00:00+01:00,bus066,0.0
2030,sc01,02-06 23:00:00+01:00,bus059,0.0
2030,sc01,02-06 23:00:00+01:00,bus057,0.0
2030,sc01,02-06 23:00:00+01:00,bus067,0.0
2030,sc01,02-06 23:00:00+01:00,bus069,0.0
2030,sc01,02-06 23:00:00+01:00,bus014,0.0
2030,sc01,02-06 23:00:00+01:00,bus090,0.0
2030,sc01,02-06 23:00:00+01:00,bus002,0.0
2030,sc01,02-06 23:00:00+01:00,bus005,0.0
2030,sc01,02-06 23:00:00+01:00,bus109,0.0
2030,sc01,02-06 23:00:00+01:00,bus020,0.0
2030,sc01,02-06 23:00:00+01:00,bus065,0.0
2030,sc01,02-06 23:00:00+01:00,bus001,0.0
2030,sc01,02-06 23:00:00+01:00,bus017,0.0
2030,sc01,02-06 23:00:00+01:00,bus015,0.0
2030,sc01,02-06 23:00:00+01:00,bus054,0.0
2030,sc01,02-06 23:00:00+01:00,bus086,0.0
2030,sc01,02-06 23:00:00+01:00,bus032,0.0
2030,sc01,02-06 23:00:00+01:00,bus038,0.0
2030,sc01,02-06 23:00:00+01:00,bus108,0.0
2030,sc01,02-06 23:00:00+01:00,bus087,0.0
2030,sc01,02-06 23:00:00+01:00,bus027,0.0
2030,sc01,02-06 23:00:00+01:00,bus111,0.0
2030,sc01,02-06 23:00:00+01:00,bus025,0.0
2030,sc01,02-06 23:00:00+01:00,bus029,0.0
2030,sc01,02-06 23:00:00+01:00,bus009,0.0
2030,sc01,02-06 23:00:00+01:00,bus043,0.0
2030,sc01,02-06 23:00:00+01:00,bus045,0.0
2030,sc01,02-06 23:00:00+01:00,bus084,0.0
2030,sc01,02-06 23:00:00+01:00,bus013,0.0
2030,sc01,02-06 23:00:00+01:00,bus063,0.0
2030,sc01,02-06 23:00:00+01:00,bus115,0.0
2030,sc01,02-06 23:00:00+01:00,bus010,0.0
2030,sc01,02-06 23:00:00+01:00,bus073,0.0
2030,sc01,02-06 23:00:00+01:00,bus052,0.0
2030,sc01,02-06 23:00:00+01:00,bus096,0.0
2030,sc01,02-06 23:00:00+01:00,bus050,0.0
2030,sc01,02-06 23:00:00+01:00,bus011,0.0
2030,sc01,02-06 23:00:00+01:00,bus055,0.0
2030,sc01,02-06 23:00:00+01:00,bus083,0.0
2030,sc01,02-06 23:00:00+01:00,bus081,0.0
2030,sc01,02-06 23:00:00+01:00,bus022,0.0
2030,sc01,02-06 23:00:00+01:00,bus071,0.0
2030,sc01,02-06 23:00:00+01:00,bus074,0.0
2030,sc01,02-06 23:00:00+01:00,bus040,0.0
2030,sc01,02-06 23:00:00+01:00,bus099,0.0
2030,sc01,02-06 23:00:00+01:00,bus030,0.0
2030,sc01,02-06 23:00:00+01:00,bus098,0.0
2030,sc01,02-06 23:00:00+01:00,bus053,0.0
2030,sc01,02-06 23:00:00+01:00,bus085,0.0
2030,sc01,02-06 23:00:00+01:00,bus101,0.0
2030,sc01,02-06 23:00:00+01:00,bus018,0.0
2030,sc01,02-06 23:00:00+01:00,bus023,0.0
2030,sc01,02-06 23:00:00+01:00,bus088,0.0
2030,sc01,02-06 23:00:00+01:00,bus116,0.0
2030,sc01,02-06 23:00:00+01:00,bus103,0.0
2030,sc01,02-06 23:00:00+01:00,bus008,0.0
2030,sc01,02-06 23:00:00+01:00,bus105,0.0
2030,sc01,02-06 23:00:00+01:00,bus060,0.0
2030,sc01,02-06 23:00:00+01:00,bus016,0.0
2030,sc01,02-06 23:00:00+01:00,bus082,0.0
2030,sc01,02-06 23:00:00+01:00,bus047,0.0
2030,sc01,02-06 23:00:00+01:00,bus019,0.0
2030,sc01,02-06 23:00:00+01:00,bus037,0.0
2030,sc01,02-06 23:00:00+01:00,bus006,0.0
2030,sc01,02-06 23:00:00+01:00,bus080,0.0
2030,sc01,02-06 23:00:00+01:00,bus031,0.0
2030,sc01,02-06 23:00:00+01:00,bus048,0.0
2030,sc01,02-06 23:00:00+01:00,bus107,0.0
2030,sc01,02-06 23:00:00+01:00,bus049,0.0
2030,sc01,02-06 23:00:00+01:00,bus104,0.0
2030,sc01,02-06 23:00:00+01:00,bus100,0.0
2030,sc01,02-06 23:00:00+01:00,bus072,0.0
2030,sc01,02-06 23:00:00+01:00,bus039,0.0
2030,sc01,02-06 23:00:00+01:00,bus012,0.0
2030,sc01,02-06 23:00:00+01:00,bus114,0.0
2030,sc01,02-06 23:00:00+01:00,bus112,0.0
2030,sc01,02-06 23:00:00+01:00,bus058,0.0
2030,sc01,02-06 23:00:00+01:00,bus089,0.0
2030,sc01,02-06 23:00:00+01:00,bus051,0.0
2030,sc01,02-06 23:00:00+01:00,bus056,0.0
2030,sc01,02-06 23:00:00+01:00,bus092,0.0
2030,sc01,02-06 23:00:00+01:00,bus036,0.0
2030,sc01,02-06 23:00:00+01:00,bus094,0.0
2030,sc01,02-06 23:00:00+01:00,bus095,0.0
2030,sc01,02-06 23:00:00+01:00,bus113,0.0
2030,sc01,02-06 23:00:00+01:00,bus024,0.0
2030,sc01,02-06 23:00:00+01:00,bus078,0.0
2030,sc01,02-06 23:00:00+01:00,bus033,0.0
2030,sc01,02-06 23:00:00+01:00,bus079,0.0
2030,sc01,02-06 23:00:00+01:00,bus061,0.0
2030,sc01,02-06 23:00:00+01:00,bus118,0.0
2030,sc01,02-06 23:00:00+01:00,bus003,0.0
2030,sc01,02-06 23:00:00+01:00,bus070,0.0
2030,sc01,02-06 23:00:00+01:00,bus004,0.0
2030,sc01,02-06 23:00:00+01:00,bus021,0.0
2030,sc01,02-06 23:00:00+01:00,bus068,0.0
2030,sc01,02-06 23:00:00+01:00,bus028,0.0
2030,sc01,02-06 23:00:00+01:00,bus034,0.0
2030,sc01,02-06 23:00:00+01:00,bus075,0.0
2030,sc01,02-06 23:00:00+01:00,bus064,0.0
2030,sc01,02-06 23:00:00+01:00,bus106,0.0
2030,sc01,02-06 23:00:00+01:00,bus076,0.0
2030,sc01,02-06 23:00:00+01:00,bus046,0.0
2030,sc01,02-06 23:00:00+01:00,bus007,0.0
2030,sc01,02-06 23:00:00+01:00,bus035,0.0
2030,sc01,02-06 23:00:00+01:00,bus117,0.0
2030,sc01,02-06 23:00:00+01:00,bus041,0.0
2030,sc01,02-06 23:00:00+01:00,bus102,0.0
2030,sc01,02-06 23:00:00+01:00,bus026,0.0
2030,sc01,02-06 23:00:00+01:00,bus077,0.0
2030,sc01,02-06 23:00:00+01:00,bus044,0.0
2030,sc01,02-06 23:00:00+01:00,bus091,0.0
2030,sc01,02-06 23:00:00+01:00,bus062,0.0
2030,sc01,02-07 08:00:00+01:00,bus093,0.0
2030,sc01,02-07 08:00:00+01:00,bus097,0.0
2030,sc01,02-07 08:00:00+01:00,bus110,0.0
2030,sc01,02-07 08:00:00+01:00,bus042,0.0
2030,sc01,02-07 08:00:00+01:00,bus066,0.0
2030,sc01,02-07 08:00:00+01:00,bus059,0.0
2030,sc01,02-07 08:00:00+01:00,bus057,0.0
2030,sc01,02-07 08:00:00+01:00,bus067,0.0
2030,sc01,02-07 08:00:00+01:00,bus069,0.0
2030,sc01,02-07 08:00:00+01:00,bus014,0.0
2030,sc01,02-07 08:00:00+01:00,bus090,0.0
2030,sc01,02-07 08:00:00+01:00,bus002,0.0
2030,sc01,02-07 08:00:00+01:00,bus005,0.0
2030,sc01,02-07 08:00:00+01:00,bus109,0.0
2030,sc01,02-07 08:00:00+01:00,bus020,0.0
2030,sc01,02-07 08:00:00+01:00,bus065,0.0
2030,sc01,02-07 08:00:00+01:00,bus001,0.0
2030,sc01,02-07 08:00:00+01:00,bus017,0.0
2030,sc01,02-07 08:00:00+01:00,bus015,0.0
2030,sc01,02-07 08:00:00+01:00,bus054,0.0
2030,sc01,02-07 08:00:00+01:00,bus086,0.0
2030,sc01,02-07 08:00:00+01:00,bus032,0.0
2030,sc01,02-07 08:00:00+01:00,bus038,0.0
2030,sc01,02-07 08:00:00+01:00,bus108,0.0
2030,sc01,02-07 08:00:00+01:00,bus087,0.0
2030,sc01,02-07 08:00:00+01:00,bus027,0.0
2030,sc01,02-07 08:00:00+01:00,bus111,0.0
2030,sc01,02-07 08:00:00+01:00,bus025,0.0
2030,sc01,02-07 08:00:00+01:00,bus029,0.0
2030,sc01,02-07 08:00:00+01:00,bus009,0.0
2030,sc01,02-07 08:00:00+01:00,bus043,0.0
2030,sc01,02-07 08:00:00+01:00,bus045,0.0
2030,sc01,02-07 08:00:00+01:00,bus084,0.0
2030,sc01,02-07 08:00:00+01:00,bus013,0.0
2030,sc01,02-07 08:00:00+01:00,bus063,0.0
2030,sc01,02-07 08:00:00+01:00,bus115,0.0
2030,sc01,02-07 08:00:00+01:00,bus010,0.0
2030,sc01,02-07 08:00:00+01:00,bus073,0.0
2030,sc01,02-07 08:00:00+01:00,bus052,0.0
2030,sc01,02-07 08:00:00+01:00,bus096,0.0
2030,sc01,02-07 08:00:00+01:00,bus050,0.0
2030,sc01,02-07 08:00:00+01:00,bus011,0.0
2030,sc01,02-07 08:00:00+01:00,bus055,0.0
2030,sc01,02-07 08:00:00+01:00,bus083,0.0
2030,sc01,02-07 08:00:00+01:00,bus081,0.0
2030,sc01,02-07 08:00:00+01:00,bus022,0.0
2030,sc01,02-07 08:00:00+01:00,bus071,0.0
2030,sc01,02-07 08:00:00+01:00,bus074,0.0
2030,sc01,02-07 08:00:00+01:00,bus040,0.0
2030,sc01,02-07 08:00:00+01:00,bus099,0.0
2030,sc01,02-07 08:00:00+01:00,bus030,0.0
2030,sc01,02-07 08:00:00+01:00,bus098,0.0
2030,sc01,02-07 08:00:00+01:00,bus053,0.0
2030,sc01,02-07 08:00:00+01:00,bus085,0.0
2030,sc01,02-07 08:00:00+01:00,bus101,0.0
2030,sc01,02-07 08:00:00+01:00,bus018,0.0
2030,sc01,02-07 08:00:00+01:00,bus023,0.0
2030,sc01,02-07 08:00:00+01:00,bus088,0.0
2030,sc01,02-07 08:00:00+01:00,bus116,0.0
2030,sc01,02-07 08:00:00+01:00,bus103,0.0
2030,sc01,02-07 08:00:00+01:00,bus008,0.0
2030,sc01,02-07 08:00:00+01:00,bus105,0.0
2030,sc01,02-07 08:00:00+01:00,bus060,0.0
2030,sc01,02-07 08:00:00+01:00,bus016,0.0
2030,sc01,02-07 08:00:00+01:00,bus082,0.0
2030,sc01,02-07 08:00:00+01:00,bus047,0.0
2030,sc01,02-07 08:00:00+01:00,bus019,0.0
2030,sc01,02-07 08:00:00+01:00,bus037,0.0
2030,sc01,02-07 08:00:00+01:00,bus006,0.0
2030,sc01,02-07 08:00:00+01:00,bus080,0.0
2030,sc01,02-07 08:00:00+01:00,bus031,0.0
2030,sc01,02-07 08:00:00+01:00,bus048,0.0
2030,sc01,02-07 08:00:00+01:00,bus107,0.0
2030,sc01,02-07 08:00:00+01:00,bus049,0.0
2030,sc01,02-07 08:00:00+01:00,bus104,0.0
2030,sc01,02-07 08:00:00+01:00,bus100,0.0
2030,sc01,02-07 08:00:00+01:00,bus072,0.0
2030,sc01,02-07 08:00:00+01:00,bus039,0.0
2030,sc01,02-07 08:00:00+01:00,bus012,0.0
2030,sc01,02-07 08:00:00+01:00,bus114,0.0
2030,sc01,02-07 08:00:00+01:00,bus112,0.0
2030,sc01,02-07 08:00:00+01:00,bus058,0.0
2030,sc01,02-07 08:00:00+01:00,bus089,0.0
2030,sc01,02-07 08:00:00+01:00,bus051,0.0
2030,sc01,02-07 08:00:00+01:00,bus056,0.0
2030,sc01,02-07 08:00:00+01:00,bus092,0.0
2030,sc01,02-07 08:00:00+01:00,bus036,0.0
2030,sc01,02-07 08:00:00+01:00,bus094,0.0
2030,sc01,02-07 08:00:00+01:00,bus095,0.0
2030,sc01,02-07 08:00:00+01:00,bus113,0.0
2030,sc01,02-07 08:00:00+01:00,bus024,0.0
2030,sc01,02-07 08:00:00+01:00,bus078,0.0
2030,sc01,02-07 08:00:00+01:00,bus033,0.0
2030,sc01,02-07 08:00:00+01:00,bus079,0.0
2030,sc01,02-07 08:00:00+01:00,bus061,0.0
2030,sc01,02-07 08:00:00+01:00,bus118,0.0
2030,sc01,02-07 08:00:00+01:00,bus003,0.0
2030,sc01,02-07 08:00:00+01:00,bus070,0.0
2030,sc01,02-07 08:00:00+01:00,bus004,0.0
2030,sc01,02-07 08:00:00+01:00,bus021,0.0
2030,sc01,02-07 08:00:00+01:00,bus068,0.0
2030,sc01,02-07 08:00:00+01:00,bus028,0.0
2030,sc01,02-07 08:00:00+01:00,bus034,0.0
2030,sc01,02-07 08:00:00+01:00,bus075,0.0
2030,sc01,02-07 08:00:00+01:00,bus064,0.0
2030,sc01,02-07 08:00:00+01:00,bus106,0.0
2030,sc01,02-07 08:00:00+01:00,bus076,0.0
2030,sc01,02-07 08:00:00+01:00,bus046,0.0
2030,sc01,02-07 08:00:00+01:00,bus007,0.0
2030,sc01,02-07 08:00:00+01:00,bus035,0.0
2030,sc01,02-07 08:00:00+01:00,bus117,0.0
2030,sc01,02-07 08:00:00+01:00,bus041,0.0
2030,sc01,02-07 08:00:00+01:00,bus102,0.0
2030,sc01,02-07 08:00:00+01:00,bus026,0.0
2030,sc01,02-07 08:00:00+01:00,bus077,0.0
2030,sc01,02-07 08:00:00+01:00,bus044,0.0
2030,sc01,02-07 08:00:00+01:00,bus091,0.0
2030,sc01,02-07 08:00:00+01:00,bus062,0.0
2030,sc01,02-07 22:00:00+01:00,bus093,0.0
2030,sc01,02-07 22:00:00+01:00,bus097,0.0
2030,sc01,02-07 22:00:00+01:00,bus110,0.0
2030,sc01,02-07 22:00:00+01:00,bus042,0.0
2030,sc01,02-07 22:00:00+01:00,bus066,0.0
2030,sc01,02-07 22:00:00+01:00,bus059,0.0
2030,sc01,02-07 22:00:00+01:00,bus057,0.0
2030,sc01,02-07 22:00:00+01:00,bus067,0.0
2030,sc01,02-07 22:00:00+01:00,bus069,0.0
2030,sc01,02-07 22:00:00+01:00,bus014,0.0
2030,sc01,02-07 22:00:00+01:00,bus090,0.0
2030,sc01,02-07 22:00:00+01:00,bus002,0.0
2030,sc01,02-07 22:00:00+01:00,bus005,0.0
2030,sc01,02-07 22:00:00+01:00,bus109,0.0
2030,sc01,02-07 22:00:00+01:00,bus020,0.0
2030,sc01,02-07 22:00:00+01:00,bus065,0.0
2030,sc01,02-07 22:00:00+01:00,bus001,0.0
2030,sc01,02-07 22:00:00+01:00,bus017,0.0
2030,sc01,02-07 22:00:00+01:00,bus015,0.0
2030,sc01,02-07 22:00:00+01:00,bus054,0.0
2030,sc01,02-07 22:00:00+01:00,bus086,0.0
2030,sc01,02-07 22:00:00+01:00,bus032,0.0
2030,sc01,02-07 22:00:00+01:00,bus038,0.0
2030,sc01,02-07 22:00:00+01:00,bus108,0.0
2030,sc01,02-07 22:00:00+01:00,bus087,0.0
2030,sc01,02-07 22:00:00+01:00,bus027,0.0
2030,sc01,02-07 22:00:00+01:00,bus111,0.0
2030,sc01,02-07 22:00:00+01:00,bus025,0.0
2030,sc01,02-07 22:00:00+01:00,bus029,0.0
2030,sc01,02-07 22:00:00+01:00,bus009,0.0
2030,sc01,02-07 22:00:00+01:00,bus043,0.0
2030,sc01,02-07 22:00:00+01:00,bus045,0.0
2030,sc01,02-07 22:00:00+01:00,bus084,0.0
2030,sc01,02-07 22:00:00+01:00,bus013,0.0
2030,sc01,02-07 22:00:00+01:00,bus063,0.0
2030,sc01,02-07 22:00:00+01:00,bus115,0.0
2030,sc01,02-07 22:00:00+01:00,bus010,0.0
2030,sc01,02-07 22:00:00+01:00,bus073,0.0
2030,sc01,02-07 22:00:00+01:00,bus052,0.0
2030,sc01,02-07 22:00:00+01:00,bus096,0.0
2030,sc01,02-07 22:00:00+01:00,bus050,0.0
2030,sc01,02-07 22:00:00+01:00,bus011,0.0
2030,sc01,02-07 22:00:00+01:00,bus055,0.0
2030,sc01,02-07 22:00:00+01:00,bus083,0.0
2030,sc01,02-07 22:00:00+01:00,bus081,0.0
2030,sc01,02-07 22:00:00+01:00,bus022,0.0
2030,sc01,02-07 22:00:00+01:00,bus071,0.0
2030,sc01,02-07 22:00:00+01:00,bus074,0.0
2030,sc01,02-07 22:00:00+01:00,bus040,0.0
2030,sc01,02-07 22:00:00+01:00,bus099,0.0
2030,sc01,02-07 22:00:00+01:00,bus030,0.0
2030,sc01,02-07 22:00:00+01:00,bus098,0.0
2030,sc01,02-07 22:00:00+01:00,bus053,0.0
2030,sc01,02-07 22:00:00+01:00,bus085,0.0
2030,sc01,02-07 22:00:00+01:00,bus101,0.0
2030,sc01,02-07 22:00:00+01:00,bus018,0.0
2030,sc01,02-07 22:00:00+01:00,bus023,0.0
2030,sc01,02-07 22:00:00+01:00,bus088,0.0
2030,sc01,02-07 22:00:00+01:00,bus116,0.0
2030,sc01,02-07 22:00:00+01:00,bus103,0.0
2030,sc01,02-07 22:00:00+01:00,bus008,0.0
2030,sc01,02-07 22:00:00+01:00,bus105,0.0
2030,sc01,02-07 22:00:00+01:00,bus060,0.0
2030,sc01,02-07 22:00:00+01:00,bus016,0.0
2030,sc01,02-07 22:00:00+01:00,bus082,0.0
2030,sc01,02-07 22:00:00+01:00,bus047,0.0
2030,sc01,02-07 22:00:00+01:00,bus019,0.0
2030,sc01,02-07 22:00:00+01:00,bus037,0.0
2030,sc01,02-07 22:00:00+01:00,bus006,0.0
2030,sc01,02-07 22:00:00+01:00,bus080,0.0
2030,sc01,02-07 22:00:00+01:00,bus031,0.0
2030,sc01,02-07 22:00:00+01:00,bus048,0.0
2030,sc01,02-07 22:00:00+01:00,bus107,0.0
2030,sc01,02-07 22:00:00+01:00,bus049,0.0
2030,sc01,02-07 22:00:00+01:00,bus104,0.0
2030,sc01,02-07 22:00:00+01:00,bus100,0.0
2030,sc01,02-07 22:00:00+01:00,bus072,0.0
2030,sc01,02-07 22:00:00+01:00,bus039,0.0
2030,sc01,02-07 22:00:00+01:00,bus012,0.0
2030,sc01,02-07 22:00:00+01:00,bus114,0.0
2030,sc01,02-07 22:00:00+01:00,bus112,0.0
2030,sc01,02-07 22:00:00+01:00,bus058,0.0
2030,sc01,02-07 22:00:00+01:00,bus089,0.0
2030,sc01,02-07 22:00:00+01:00,bus051,0.0
2030,sc01,02-07 22:00:00+01:00,bus056,0.0
2030,sc01,02-07 22:00:00+01:00,bus092,0.0
2030,sc01,02-07 22:00:00+01:00,bus036,0.0
2030,sc01,02-07 22:00:00+01:00,bus094,0.0
2030,sc01,02-07 22:00:00+01:00,bus095,0.0
2030,sc01,02-07 22:00:00+01:00,bus113,0.0
2030,sc01,02-07 22:00:00+01:00,bus024,0.0
2030,sc01,02-07 22:00:00+01:00,bus078,0.0
2030,sc01,02-07 22:00:00+01:00,bus033,0.0
2030,sc01,02-07 22:00:00+01:00,bus079,0.0
2030,sc01,02-07 22:00:00+01:00,bus061,0.0
2030,sc01,02-07 22:00:00+01:00,bus118,0.0
2030,sc01,02-07 22:00:00+01:00,bus003,0.0
2030,sc01,02-07 22:00:00+01:00,bus070,0.0
2030,sc01,02-07 22:00:00+01:00,bus004,0.0
2030,sc01,02-07 22:00:00+01:00,bus021,0.0
2030,sc01,02-07 22:00:00+01:00,bus068,0.0
2030,sc01,02-07 22:00:00+01:00,bus028,0.0
2030,sc01,02-07 22:00:00+01:00,bus034,0.0
2030,sc01,02-07 22:00:00+01:00,bus075,0.0
2030,sc01,02-07 22:00:00+01:00,bus064,0.0
2030,sc01,02-07 22:00:00+01:00,bus106,0.0
2030,sc01,02-07 22:00:00+01:00,bus076,0.0
2030,sc01,02-07 22:00:00+01:00,bus046,0.0
2030,sc01,02-07 22:00:00+01:00,bus007,0.0
2030,sc01,02-07 22:00:00+01:00,bus035,0.0
2030,sc01,02-07 22:00:00+01:00,bus117,0.0
2030,sc01,02-07 22:00:00+01:00,bus041,0.0
2030,sc01,02-07 22:00:00+01:00,bus102,0.0
2030,sc01,02-07 22:00:00+01:00,bus026,0.0
2030,sc01,02-07 22:00:00+01:00,bus077,0.0
2030,sc01,02-07 22:00:00+01:00,bus044,0.0
2030,sc01,02-07 22:00:00+01:00,bus091,0.0
2030,sc01,02-07 22:00:00+01:00,bus062,0.0
2030,sc01,02-08 04:00:00+01:00,bus093,0.0
2030,sc01,02-08 04:00:00+01:00,bus097,0.0
2030,sc01,02-08 04:00:00+01:00,bus110,0.0
2030,sc01,02-08 04:00:00+01:00,bus042,0.0
2030,sc01,02-08 04:00:00+01:00,bus066,0.0
2030,sc01,02-08 04:00:00+01:00,bus059,0.0
2030,sc01,02-08 04:00:00+01:00,bus057,0.0
2030,sc01,02-08 04:00:00+01:00,bus067,0.0
2030,sc01,02-08 04:00:00+01:00,bus069,0.0
2030,sc01,02-08 04:00:00+01:00,bus014,0.0
2030,sc01,02-08 04:00:00+01:00,bus090,0.0
2030,sc01,02-08 04:00:00+01:00,bus002,0.0
2030,sc01,02-08 04:00:00+01:00,bus005,0.0
2030,sc01,02-08 04:00:00+01:00,bus109,0.0
2030,sc01,02-08 04:00:00+01:00,bus020,0.0
2030,sc01,02-08 04:00:00+01:00,bus065,0.0
2030,sc01,02-08 04:00:00+01:00,bus001,0.0
2030,sc01,02-08 04:00:00+01:00,bus017,0.0
2030,sc01,02-08 04:00:00+01:00,bus015,0.0
2030,sc01,02-08 04:00:00+01:00,bus054,0.0
2030,sc01,02-08 04:00:00+01:00,bus086,0.0
2030,sc01,02-08 04:00:00+01:00,bus032,0.0
2030,sc01,02-08 04:00:00+01:00,bus038,0.0
2030,sc01,02-08 04:00:00+01:00,bus108,0.0
2030,sc01,02-08 04:00:00+01:00,bus087,0.0
2030,sc01,02-08 04:00:00+01:00,bus027,0.0
2030,sc01,02-08 04:00:00+01:00,bus111,0.0
2030,sc01,02-08 04:00:00+01:00,bus025,0.0
2030,sc01,02-08 04:00:00+01:00,bus029,0.0
2030,sc01,02-08 04:00:00+01:00,bus009,0.0
2030,sc01,02-08 04:00:00+01:00,bus043,0.0
2030,sc01,02-08 04:00:00+01:00,bus045,0.0
2030,sc01,02-08 04:00:00+01:00,bus084,0.0
2030,sc01,02-08 04:00:00+01:00,bus013,0.0
2030,sc01,02-08 04:00:00+01:00,bus063,0.0
2030,sc01,02-08 04:00:00+01:00,bus115,0.0
2030,sc01,02-08 04:00:00+01:00,bus010,0.0
2030,sc01,02-08 04:00:00+01:00,bus073,0.0
2030,sc01,02-08 04:00:00+01:00,bus052,0.0
2030,sc01,02-08 04:00:00+01:00,bus096,0.0
2030,sc01,02-08 04:00:00+01:00,bus050,0.0
2030,sc01,02-08 04:00:00+01:00,bus011,0.0
2030,sc01,02-08 04:00:00+01:00,bus055,0.0
2030,sc01,02-08 04:00:00+01:00,bus083,0.0
2030,sc01,02-08 04:00:00+01:00,bus081,0.0
2030,sc01,02-08 04:00:00+01:00,bus022,0.0
2030,sc01,02-08 04:00:00+01:00,bus071,0.0
2030,sc01,02-08 04:00:00+01:00,bus074,0.0
2030,sc01,02-08 04:00:00+01:00,bus040,0.0
2030,sc01,02-08 04:00:00+01:00,bus099,0.0
2030,sc01,02-08 04:00:00+01:00,bus030,0.0
2030,sc01,02-08 04:00:00+01:00,bus098,0.0
2030,sc01,02-08 04:00:00+01:00,bus053,0.0
2030,sc01,02-08 04:00:00+01:00,bus085,0.0
2030,sc01,02-08 04:00:00+01:00,bus101,0.0
2030,sc01,02-08 04:00:00+01:00,bus018,0.0
2030,sc01,02-08 04:00:00+01:00,bus023,0.0
2030,sc01,02-08 04:00:00+01:00,bus088,0.0
2030,sc01,02-08 04:00:00+01:00,bus116,0.0
2030,sc01,02-08 04:00:00+01:00,bus103,0.0
2030,sc01,02-08 04:00:00+01:00,bus008,0.0
2030,sc01,02-08 04:00:00+01:00,bus105,0.0
2030,sc01,02-08 04:00:00+01:00,bus060,0.0
2030,sc01,02-08 04:00:00+01:00,bus016,0.0
2030,sc01,02-08 04:00:00+01:00,bus082,0.0
2030,sc01,02-08 04:00:00+01:00,bus047,0.0
2030,sc01,02-08 04:00:00+01:00,bus019,0.0
2030,sc01,02-08 04:00:00+01:00,bus037,0.0
2030,sc01,02-08 04:00:00+01:00,bus006,0.0
2030,sc01,02-08 04:00:00+01:00,bus080,0.0
2030,sc01,02-08 04:00:00+01:00,bus031,0.0
2030,sc01,02-08 04:00:00+01:00,bus048,0.0
2030,sc01,02-08 04:00:00+01:00,bus107,0.0
2030,sc01,02-08 04:00:00+01:00,bus049,0.0
2030,sc01,02-08 04:00:00+01:00,bus104,0.0
2030,sc01,02-08 04:00:00+01:00,bus100,0.0
2030,sc01,02-08 04:00:00+01:00,bus072,0.0
2030,sc01,02-08 04:00:00+01:00,bus039,0.0
2030,sc01,02-08 04:00:00+01:00,bus012,0.0
2030,sc01,02-08 04:00:00+01:00,bus114,0.0
2030,sc01,02-08 04:00:00+01:00,bus112,0.0
2030,sc01,02-08 04:00:00+01:00,bus058,0.0
2030,sc01,02-08 04:00:00+01:00,bus089,0.0
2030,sc01,02-08 04:00:00+01:00,bus051,0.0
2030,sc01,02-08 04:00:00+01:00,bus056,0.0
2030,sc01,02-08 04:00:00+01:00,bus092,0.0
2030,sc01,02-08 04:00:00+01:00,bus036,0.0
2030,sc01,02-08 04:00:00+01:00,bus094,0.0
2030,sc01,02-08 04:00:00+01:00,bus095,0.0
2030,sc01,02-08 04:00:00+01:00,bus113,0.0
2030,sc01,02-08 04:00:00+01:00,bus024,0.0
2030,sc01,02-08 04:00:00+01:00,bus078,0.0
2030,sc01,02-08 04:00:00+01:00,bus033,0.0
2030,sc01,02-08 04:00:00+01:00,bus079,0.0
2030,sc01,02-08 04:00:00+01:00,bus061,0.0
2030,sc01,02-08 04:00:00+01:00,bus118,0.0
2030,sc01,02-08 04:00:00+01:00,bus003,0.0
2030,sc01,02-08 04:00:00+01:00,bus070,0.0
2030,sc01,02-08 04:00:00+01:00,bus004,0.0
2030,sc01,02-08 04:00:00+01:00,bus021,0.0
2030,sc01,02-08 04:00:00+01:00,bus068,0.0
2030,sc01,02-08 04:00:00+01:00,bus028,0.0
2030,sc01,02-08 04:00:00+01:00,bus034,0.0
2030,sc01,02-08 04:00:00+01:00,bus075,0.0
2030,sc01,02-08 04:00:00+01:00,bus064,0.0
2030,sc01,02-08 04:00:00+01:00,bus106,0.0
2030,sc01,02-08 04:00:00+01:00,bus076,0.0
2030,sc01,02-08 04:00:00+01:00,bus046,0.0
2030,sc01,02-08 04:00:00+01:00,bus007,0.0
2030,sc01,02-08 04:00:00+01:00,bus035,0.0
2030,sc01,02-08 04:00:00+01:00,bus117,0.0
2030,sc01,02-08 04:00:00+01:00,bus041,0.0
2030,sc01,02-08 04:00:00+01:00,bus102,0.0
2030,sc01,02-08 04:00:00+01:00,bus026,0.0
2030,sc01,02-08 04:00:00+01:00,bus077,0.0
2030,sc01,02-08 04:00:00+01:00,bus044,0.0
2030,sc01,02-08 04:00:00+01:00,bus091,0.0
2030,sc01,02-08 04:00:00+01:00,bus062,0.0
2030,sc01,02-08 16:00:00+01:00,bus093,0.0
2030,sc01,02-08 16:00:00+01:00,bus097,0.0
2030,sc01,02-08 16:00:00+01:00,bus110,0.0
2030,sc01,02-08 16:00:00+01:00,bus042,0.0
2030,sc01,02-08 16:00:00+01:00,bus066,0.0
2030,sc01,02-08 16:00:00+01:00,bus059,0.0
2030,sc01,02-08 16:00:00+01:00,bus057,0.0
2030,sc01,02-08 16:00:00+01:00,bus067,0.0
2030,sc01,02-08 16:00:00+01:00,bus069,0.0
2030,sc01,02-08 16:00:00+01:00,bus014,0.0
2030,sc01,02-08 16:00:00+01:00,bus090,0.0
2030,sc01,02-08 16:00:00+01:00,bus002,0.0
2030,sc01,02-08 16:00:00+01:00,bus005,0.0
2030,sc01,02-08 16:00:00+01:00,bus109,0.0
2030,sc01,02-08 16:00:00+01:00,bus020,0.0
2030,sc01,02-08 16:00:00+01:00,bus065,0.0
2030,sc01,02-08 16:00:00+01:00,bus001,0.0
2030,sc01,02-08 16:00:00+01:00,bus017,0.0
2030,sc01,02-08 16:00:00+01:00,bus015,0.0
2030,sc01,02-08 16:00:00+01:00,bus054,0.0
2030,sc01,02-08 16:00:00+01:00,bus086,0.0
2030,sc01,02-08 16:00:00+01:00,bus032,0.0
2030,sc01,02-08 16:00:00+01:00,bus038,0.0
2030,sc01,02-08 16:00:00+01:00,bus108,0.0
2030,sc01,02-08 16:00:00+01:00,bus087,0.0
2030,sc01,02-08 16:00:00+01:00,bus027,0.0
2030,sc01,02-08 16:00:00+01:00,bus111,0.0
2030,sc01,02-08 16:00:00+01:00,bus025,0.0
2030,sc01,02-08 16:00:00+01:00,bus029,0.0
2030,sc01,02-08 16:00:00+01:00,bus009,0.0
2030,sc01,02-08 16:00:00+01:00,bus043,0.0
2030,sc01,02-08 16:00:00+01:00,bus045,0.0
2030,sc01,02-08 16:00:00+01:00,bus084,0.0
2030,sc01,02-08 16:00:00+01:00,bus013,0.0
2030,sc01,02-08 16:00:00+01:00,bus063,0.0
2030,sc01,02-08 16:00:00+01:00,bus115,0.0
2030,sc01,02-08 16:00:00+01:00,bus010,0.0
2030,sc01,02-08 16:00:00+01:00,bus073,0.0
2030,sc01,02-08 16:00:00+01:00,bus052,0.0
2030,sc01,02-08 16:00:00+01:00,bus096,0.0
2030,sc01,02-08 16:00:00+01:00,bus050,0.0
2030,sc01,02-08 16:00:00+01:00,bus011,0.0
2030,sc01,02-08 16:00:00+01:00,bus055,0.0
2030,sc01,02-08 16:00:00+01:00,bus083,0.0
2030,sc01,02-08 16:00:00+01:00,bus081,0.0
2030,sc01,02-08 16:00:00+01:00,bus022,0.0
2030,sc01,02-08 16:00:00+01:00,bus071,0.0
2030,sc01,02-08 16:00:00+01:00,bus074,0.0
2030,sc01,02-08 16:00:00+01:00,bus040,0.0
2030,sc01,02-08 16:00:00+01:00,bus099,0.0
2030,sc01,02-08 16:00:00+01:00,bus030,0.0
2030,sc01,02-08 16:00:00+01:00,bus098,0.0
2030,sc01,02-08 16:00:00+01:00,bus053,0.0
2030,sc01,02-08 16:00:00+01:00,bus085,0.0
2030,sc01,02-08 16:00:00+01:00,bus101,0.0
2030,sc01,02-08 16:00:00+01:00,bus018,0.0
2030,sc01,02-08 16:00:00+01:00,bus023,0.0
2030,sc01,02-08 16:00:00+01:00,bus088,0.0
2030,sc01,02-08 16:00:00+01:00,bus116,0.0
2030,sc01,02-08 16:00:00+01:00,bus103,0.0
2030,sc01,02-08 16:00:00+01:00,bus008,0.0
2030,sc01,02-08 16:00:00+01:00,bus105,0.0
2030,sc01,02-08 16:00:00+01:00,bus060,0.0
2030,sc01,02-08 16:00:00+01:00,bus016,0.0
2030,sc01,02-08 16:00:00+01:00,bus082,0.0
2030,sc01,02-08 16:00:00+01:00,bus047,0.0
2030,sc01,02-08 16:00:00+01:00,bus019,0.0
2030,sc01,02-08 16:00:00+01:00,bus037,0.0
2030,sc01,02-08 16:00:00+01:00,bus006,0.0
2030,sc01,02-08 16:00:00+01:00,bus080,0.0
2030,sc01,02-08 16:00:00+01:00,bus031,0.0
2030,sc01,02-08 16:00:00+01:00,bus048,0.0
2030,sc01,02-08 16:00:00+01:00,bus107,0.0
2030,sc01,02-08 16:00:00+01:00,bus049,0.0
2030,sc01,02-08 16:00:00+01:00,bus104,0.0
2030,sc01,02-08 16:00:00+01:00,bus100,0.0
2030,sc01,02-08 16:00:00+01:00,bus072,0.0
2030,sc01,02-08 16:00:00+01:00,bus039,0.0
2030,sc01,02-08 16:00:00+01:00,bus012,0.0
2030,sc01,02-08 16:00:00+01:00,bus114,0.0
2030,sc01,02-08 16:00:00+01:00,bus112,0.0
2030,sc01,02-08 16:00:00+01:00,bus058,0.0
2030,sc01,02-08 16:00:00+01:00,bus089,0.0
2030,sc01,02-08 16:00:00+01:00,bus051,0.0
2030,sc01,02-08 16:00:00+01:00,bus056,0.0
2030,sc01,02-08 16:00:00+01:00,bus092,0.0
2030,sc01,02-08 16:00:00+01:00,bus036,0.0
2030,sc01,02-08 16:00:00+01:00,bus094,0.0
2030,sc01,02-08 16:00:00+01:00,bus095,0.0
2030,sc01,02-08 16:00:00+01:00,bus113,0.0
2030,sc01,02-08 16:00:00+01:00,bus024,0.0
2030,sc01,02-08 16:00:00+01:00,bus078,0.0
2030,sc01,02-08 16:00:00+01:00,bus033,0.0
2030,sc01,02-08 16:00:00+01:00,bus079,0.0
2030,sc01,02-08 16:00:00+01:00,bus061,0.0
2030,sc01,02-08 16:00:00+01:00,bus118,0.0
2030,sc01,02-08 16:00:00+01:00,bus003,0.0
2030,sc01,02-08 16:00:00+01:00,bus070,0.0
2030,sc01,02-08 16:00:00+01:00,bus004,0.0
2030,sc01,02-08 16:00:00+01:00,bus021,0.0
2030,sc01,02-08 16:00:00+01:00,bus068,0.0
2030,sc01,02-08 16:00:00+01:00,bus028,0.0
2030,sc01,02-08 16:00:00+01:00,bus034,0.0
2030,sc01,02-08 16:00:00+01:00,bus075,0.0
2030,sc01,02-08 16:00:00+01:00,bus064,0.0
2030,sc01,02-08 16:00:00+01:00,bus106,0.0
2030,sc01,02-08 16:00:00+01:00,bus076,0.0
2030,sc01,02-08 16:00:00+01:00,bus046,0.0
2030,sc01,02-08 16:00:00+01:00,bus007,0.0
2030,sc01,02-08 16:00:00+01:00,bus035,0.0
2030,sc01,02-08 16:00:00+01:00,bus117,0.0
2030,sc01,02-08 16:00:00+01:00,bus041,0.0
2030,sc01,02-08 16:00:00+01:00,bus102,0.0
2030,sc01,02-08 16:00:00+01:00,bus026,0.0
2030,sc01,02-08 16:00:00+01:00,bus077,0.0
2030,sc01,02-08 16:00:00+01:00,bus044,0.0
2030,sc01,02-08 16:00:00+01:00,bus091,0.0
2030,sc01,02-08 16:00:00+01:00,bus062,0.0
2030,sc01,02-08 20:00:00+01:00,bus093,0.0
2030,sc01,02-08 20:00:00+01:00,bus097,0.0
2030,sc01,02-08 20:00:00+01:00,bus110,0.0
2030,sc01,02-08 20:00:00+01:00,bus042,0.0
2030,sc01,02-08 20:00:00+01:00,bus066,0.0
2030,sc01,02-08 20:00:00+01:00,bus059,0.0
2030,sc01,02-08 20:00:00+01:00,bus057,0.0
2030,sc01,02-08 20:00:00+01:00,bus067,0.0
2030,sc01,02-08 20:00:00+01:00,bus069,0.0
2030,sc01,02-08 20:00:00+01:00,bus014,0.0
2030,sc01,02-08 20:00:00+01:00,bus090,0.0
2030,sc01,02-08 20:00:00+01:00,bus002,0.0
2030,sc01,02-08 20:00:00+01:00,bus005,0.0
2030,sc01,02-08 20:00:00+01:00,bus109,0.0
2030,sc01,02-08 20:00:00+01:00,bus020,0.0
2030,sc01,02-08 20:00:00+01:00,bus065,0.0
2030,sc01,02-08 20:00:00+01:00,bus001,0.0
2030,sc01,02-08 20:00:00+01:00,bus017,0.0
2030,sc01,02-08 20:00:00+01:00,bus015,0.0
2030,sc01,02-08 20:00:00+01:00,bus054,0.0
2030,sc01,02-08 20:00:00+01:00,bus086,0.0
2030,sc01,02-08 20:00:00+01:00,bus032,0.0
2030,sc01,02-08 20:00:00+01:00,bus038,0.0
2030,sc01,02-08 20:00:00+01:00,bus108,0.0
2030,sc01,02-08 20:00:00+01:00,bus087,0.0
2030,sc01,02-08 20:00:00+01:00,bus027,0.0
2030,sc01,02-08 20:00:00+01:00,bus111,0.0
2030,sc01,02-08 20:00:00+01:00,bus025,0.0
2030,sc01,02-08 20:00:00+01:00,bus029,0.0
2030,sc01,02-08 20:00:00+01:00,bus009,0.0
2030,sc01,02-08 20:00:00+01:00,bus043,0.0
2030,sc01,02-08 20:00:00+01:00,bus045,0.0
2030,sc01,02-08 20:00:00+01:00,bus084,0.0
2030,sc01,02-08 20:00:00+01:00,bus013,0.0
2030,sc01,02-08 20:00:00+01:00,bus063,0.0
2030,sc01,02-08 20:00:00+01:00,bus115,0.0
2030,sc01,02-08 20:00:00+01:00,bus010,0.0
2030,sc01,02-08 20:00:00+01:00,bus073,0.0
2030,sc01,02-08 20:00:00+01:00,bus052,0.0
2030,sc01,02-08 20:00:00+01:00,bus096,0.0
2030,sc01,02-08 20:00:00+01:00,bus050,0.0
2030,sc01,02-08 20:00:00+01:00,bus011,0.0
2030,sc01,02-08 20:00:00+01:00,bus055,0.0
2030,sc01,02-08 20:00:00+01:00,bus083,0.0
2030,sc01,02-08 20:00:00+01:00,bus081,0.0
2030,sc01,02-08 20:00:00+01:00,bus022,0.0
2030,sc01,02-08 20:00:00+01:00,bus071,0.0
2030,sc01,02-08 20:00:00+01:00,bus074,0.0
2030,sc01,02-08 20:00:00+01:00,bus040,0.0
2030,sc01,02-08 20:00:00+01:00,bus099,0.0
2030,sc01,02-08 20:00:00+01:00,bus030,0.0
2030,sc01,02-08 20:00:00+01:00,bus098,0.0
2030,sc01,02-08 20:00:00+01:00,bus053,0.0
2030,sc01,02-08 20:00:00+01:00,bus085,0.0
2030,sc01,02-08 20:00:00+01:00,bus101,0.0
2030,sc01,02-08 20:00:00+01:00,bus018,0.0
2030,sc01,02-08 20:00:00+01:00,bus023,0.0
2030,sc01,02-08 20:00:00+01:00,bus088,0.0
2030,sc01,02-08 20:00:00+01:00,bus116,0.0
2030,sc01,02-08 20:00:00+01:00,bus103,0.0
2030,sc01,02-08 20:00:00+01:00,bus008,0.0
2030,sc01,02-08 20:00:00+01:00,bus105,0.0
2030,sc01,02-08 20:00:00+01:00,bus060,0.0
2030,sc01,02-08 20:00:00+01:00,bus016,0.0
2030,sc01,02-08 20:00:00+01:00,bus082,0.0
2030,sc01,02-08 20:00:00+01:00,bus047,0.0
2030,sc01,02-08 20:00:00+01:00,bus019,0.0
2030,sc01,02-08 20:00:00+01:00,bus037,0.0
2030,sc01,02-08 20:00:00+01:00,bus006,0.0
2030,sc01,02-08 20:00:00+01:00,bus080,0.0
2030,sc01,02-08 20:00:00+01:00,bus031,0.0
2030,sc01,02-08 20:00:00+01:00,bus048,0.0
2030,sc01,02-08 20:00:00+01:00,bus107,0.0
2030,sc01,02-08 20:00:00+01:00,bus049,0.0
2030,sc01,02-08 20:00:00+01:00,bus104,0.0
2030,sc01,02-08 20:00:00+01:00,bus100,0.0
2030,sc01,02-08 20:00:00+01:00,bus072,0.0
2030,sc01,02-08 20:00:00+01:00,bus039,0.0
2030,sc01,02-08 20:00:00+01:00,bus012,0.0
2030,sc01,02-08 20:00:00+01:00,bus114,0.0
2030,sc01,02-08 20:00:00+01:00,bus112,0.0
2030,sc01,02-08 20:00:00+01:00,bus058,0.0
2030,sc01,02-08 20:00:00+01:00,bus089,0.0
2030,sc01,02-08 20:00:00+01:00,bus051,0.0
2030,sc01,02-08 20:00:00+01:00,bus056,0.0
2030,sc01,02-08 20:00:00+01:00,bus092,0.0
2030,sc01,02-08 20:00:00+01:00,bus036,0.0
2030,sc01,02-08 20:00:00+01:00,bus094,0.0
2030,sc01,02-08 20:00:00+01:00,bus095,0.0
2030,sc01,02-08 20:00:00+01:00,bus113,0.0
2030,sc01,02-08 20:00:00+01:00,bus024,0.0
2030,sc01,02-08 20:00:00+01:00,bus078,0.0
2030,sc01,02-08 20:00:00+01:00,bus033,0.0
2030,sc01,02-08 20:00:00+01:00,bus079,0.0
2030,sc01,02-08 20:00:00+01:00,bus061,0.0
2030,sc01,02-08 20:00:00+01:00,bus118,0.0
2030,sc01,02-08 20:00:00+01:00,bus003,0.0
2030,sc01,02-08 20:00:00+01:00,bus070,0.0
2030,sc01,02-08 20:00:00+01:00,bus004,0.0
2030,sc01,02-08 20:00:00+01:00,bus021,0.0
2030,sc01,02-08 20:00:00+01:00,bus068,0.0
2030,sc01,02-08 20:00:00+01:00,bus028,0.0
2030,sc01,02-08 20:00:00+01:00,bus034,0.0
2030,sc01,02-08 20:00:00+01:00,bus075,0.0
2030,sc01,02-08 20:00:00+01:00,bus064,0.0
2030,sc01,02-08 20:00:00+01:00,bus106,0.0
2030,sc01,02-08 20:00:00+01:00,bus076,0.0
2030,sc01,02-08 20:00:00+01:00,bus046,0.0
2030,sc01,02-08 20:00:00+01:00,bus007,0.0
2030,sc01,02-08 20:00:00+01:00,bus035,0.0
2030,sc01,02-08 20:00:00+01:00,bus117,0.0
2030,sc01,02-08 20:00:00+01:00,bus041,0.0
2030,sc01,02-08 20:00:00+01:00,bus102,0.0
2030,sc01,02-08 20:00:00+01:00,bus026,0.0
2030,sc01,02-08 20:00:00+01:00,bus077,0.0
2030,sc01,02-08 20:00:00+01:00,bus044,0.0
2030,sc01,02-08 20:00:00+01:00,bus091,0.0
2030,sc01,02-08 20:00:00+01:00,bus062,0.0
2030,sc01,02-09 20:00:00+01:00,bus093,0.0
2030,sc01,02-09 20:00:00+01:00,bus097,0.0
2030,sc01,02-09 20:00:00+01:00,bus110,0.0
2030,sc01,02-09 20:00:00+01:00,bus042,0.0
2030,sc01,02-09 20:00:00+01:00,bus066,0.0
2030,sc01,02-09 20:00:00+01:00,bus059,0.0
2030,sc01,02-09 20:00:00+01:00,bus057,0.0
2030,sc01,02-09 20:00:00+01:00,bus067,0.0
2030,sc01,02-09 20:00:00+01:00,bus069,0.0
2030,sc01,02-09 20:00:00+01:00,bus014,0.0
2030,sc01,02-09 20:00:00+01:00,bus090,0.0
2030,sc01,02-09 20:00:00+01:00,bus002,0.0
2030,sc01,02-09 20:00:00+01:00,bus005,0.0
2030,sc01,02-09 20:00:00+01:00,bus109,0.0
2030,sc01,02-09 20:00:00+01:00,bus020,0.0
2030,sc01,02-09 20:00:00+01:00,bus065,0.0
2030,sc01,02-09 20:00:00+01:00,bus001,0.0
2030,sc01,02-09 20:00:00+01:00,bus017,0.0
2030,sc01,02-09 20:00:00+01:00,bus015,0.0
2030,sc01,02-09 20:00:00+01:00,bus054,0.0
2030,sc01,02-09 20:00:00+01:00,bus086,0.0
2030,sc01,02-09 20:00:00+01:00,bus032,0.0
2030,sc01,02-09 20:00:00+01:00,bus038,0.0
2030,sc01,02-09 20:00:00+01:00,bus108,0.0
2030,sc01,02-09 20:00:00+01:00,bus087,0.0
2030,sc01,02-09 20:00:00+01:00,bus027,0.0
2030,sc01,02-09 20:00:00+01:00,bus111,0.0
2030,sc01,02-09 20:00:00+01:00,bus025,0.0
2030,sc01,02-09 20:00:00+01:00,bus029,0.0
2030,sc01,02-09 20:00:00+01:00,bus009,0.0
2030,sc01,02-09 20:00:00+01:00,bus043,0.0
2030,sc01,02-09 20:00:00+01:00,bus045,0.0
2030,sc01,02-09 20:00:00+01:00,bus084,0.0
2030,sc01,02-09 20:00:00+01:00,bus013,0.0
2030,sc01,02-09 20:00:00+01:00,bus063,0.0
2030,sc01,02-09 20:00:00+01:00,bus115,0.0
2030,sc01,02-09 20:00:00+01:00,bus010,0.0
2030,sc01,02-09 20:00:00+01:00,bus073,0.0
2030,sc01,02-09 20:00:00+01:00,bus052,0.0
2030,sc01,02-09 20:00:00+01:00,bus096,0.0
2030,sc01,02-09 20:00:00+01:00,bus050,0.0
2030,sc01,02-09 20:00:00+01:00,bus011,0.0
2030,sc01,02-09 20:00:00+01:00,bus055,0.0
2030,sc01,02-09 20:00:00+01:00,bus083,0.0
2030,sc01,02-09 20:00:00+01:00,bus081,0.0
2030,sc01,02-09 20:00:00+01:00,bus022,0.0
2030,sc01,02-09 20:00:00+01:00,bus071,0.0
2030,sc01,02-09 20:00:00+01:00,bus074,0.0
2030,sc01,02-09 20:00:00+01:00,bus040,0.0
2030,sc01,02-09 20:00:00+01:00,bus099,0.0
2030,sc01,02-09 20:00:00+01:00,bus030,0.0
2030,sc01,02-09 20:00:00+01:00,bus098,0.0
2030,sc01,02-09 20:00:00+01:00,bus053,0.0
2030,sc01,02-09 20:00:00+01:00,bus085,0.0
2030,sc01,02-09 20:00:00+01:00,bus101,0.0
2030,sc01,02-09 20:00:00+01:00,bus018,0.0
2030,sc01,02-09 20:00:00+01:00,bus023,0.0
2030,sc01,02-09 20:00:00+01:00,bus088,0.0
2030,sc01,02-09 20:00:00+01:00,bus116,0.0
2030,sc01,02-09 20:00:00+01:00,bus103,0.0
2030,sc01,02-09 20:00:00+01:00,bus008,0.0
2030,sc01,02-09 20:00:00+01:00,bus105,0.0
2030,sc01,02-09 20:00:00+01:00,bus060,0.0
2030,sc01,02-09 20:00:00+01:00,bus016,0.0
2030,sc01,02-09 20:00:00+01:00,bus082,0.0
2030,sc01,02-09 20:00:00+01:00,bus047,0.0
2030,sc01,02-09 20:00:00+01:00,bus019,0.0
2030,sc01,02-09 20:00:00+01:00,bus037,0.0
2030,sc01,02-09 20:00:00+01:00,bus006,0.0
2030,sc01,02-09 20:00:00+01:00,bus080,0.0
2030,sc01,02-09 20:00:00+01:00,bus031,0.0
2030,sc01,02-09 20:00:00+01:00,bus048,0.0
2030,sc01,02-09 20:00:00+01:00,bus107,0.0
2030,sc01,02-09 20:00:00+01:00,bus049,0.0
2030,sc01,02-09 20:00:00+01:00,bus104,0.0
2030,sc01,02-09 20:00:00+01:00,bus100,0.0
2030,sc01,02-09 20:00:00+01:00,bus072,0.0
2030,sc01,02-09 20:00:00+01:00,bus039,0.0
2030,sc01,02-09 20:00:00+01:00,bus012,0.0
2030,sc01,02-09 20:00:00+01:00,bus114,0.0
2030,sc01,02-09 20:00:00+01:00,bus112,0.0
2030,sc01,02-09 20:00:00+01:00,bus058,0.0
2030,sc01,02-09 20:00:00+01:00,bus089,0.0
2030,sc01,02-09 20:00:00+01:00,bus051,0.0
2030,sc01,02-09 20:00:00+01:00,bus056,0.0
2030,sc01,02-09 20:00:00+01:00,bus092,0.0
2030,sc01,02-09 20:00:00+01:00,bus036,0.0
2030,sc01,02-09 20:00:00+01:00,bus094,0.0
2030,sc01,02-09 20:00:00+01:00,bus095,0.0
2030,sc01,02-09 20:00:00+01:00,bus113,0.0
2030,sc01,02-09 20:00:00+01:00,bus024,0.0
2030,sc01,02-09 20:00:00+01:00,bus078,0.0
2030,sc01,02-09 20:00:00+01:00,bus033,0.0
2030,sc01,02-09 20:00:00+01:00,bus079,0.0
2030,sc01,02-09 20:00:00+01:00,bus061,0.0
2030,sc01,02-09 20:00:00+01:00,bus118,0.0
2030,sc01,02-09 20:00:00+01:00,bus003,0.0
2030,sc01,02-09 20:00:00+01:00,bus070,0.0
2030,sc01,02-09 20:00:00+01:00,bus004,0.0
2030,sc01,02-09 20:00:00+01:00,bus021,0.0
2030,sc01,02-09 20:00:00+01:00,bus068,0.0
2030,sc01,02-09 20:00:00+01:00,bus028,0.0
2030,sc01,02-09 20:00:00+01:00,bus034,0.0
2030,sc01,02-09 20:00:00+01:00,bus075,0.0
2030,sc01,02-09 20:00:00+01:00,bus064,0.0
2030,sc01,02-09 20:00:00+01:00,bus106,0.0
2030,sc01,02-09 20:00:00+01:00,bus076,0.0
2030,sc01,02-09 20:00:00+01:00,bus046,0.0
2030,sc01,02-09 20:00:00+01:00,bus007,0.0
2030,sc01,02-09 20:00:00+01:00,bus035,0.0
2030,sc01,02-09 20:00:00+01:00,bus117,0.0
2030,sc01,02-09 20:00:00+01:00,bus041,0.0
2030,sc01,02-09 20:00:00+01:00,bus102,0.0
2030,sc01,02-09 20:00:00+01:00,bus026,0.0
2030,sc01,02-09 20:00:00+01:00,bus077,0.0
2030,sc01,02-09 20:00:00+01:00,bus044,0.0
2030,sc01,02-09 20:00:00+01:00,bus091,0.0
2030,sc01,02-09 20:00:00+01:00,bus062,0.0
2030,sc01,02-09 23:00:00+01:00,bus093,0.0
2030,sc01,02-09 23:00:00+01:00,bus097,0.0
2030,sc01,02-09 23:00:00+01:00,bus110,0.0
2030,sc01,02-09 23:00:00+01:00,bus042,0.0
2030,sc01,02-09 23:00:00+01:00,bus066,0.0
2030,sc01,02-09 23:00:00+01:00,bus059,0.0
2030,sc01,02-09 23:00:00+01:00,bus057,0.0
2030,sc01,02-09 23:00:00+01:00,bus067,0.0
2030,sc01,02-09 23:00:00+01:00,bus069,0.0
2030,sc01,02-09 23:00:00+01:00,bus014,0.0
2030,sc01,02-09 23:00:00+01:00,bus090,0.0
2030,sc01,02-09 23:00:00+01:00,bus002,0.0
2030,sc01,02-09 23:00:00+01:00,bus005,0.0
2030,sc01,02-09 23:00:00+01:00,bus109,0.0
2030,sc01,02-09 23:00:00+01:00,bus020,0.0
2030,sc01,02-09 23:00:00+01:00,bus065,0.0
2030,sc01,02-09 23:00:00+01:00,bus001,0.0
2030,sc01,02-09 23:00:00+01:00,bus017,0.0
2030,sc01,02-09 23:00:00+01:00,bus015,0.0
2030,sc01,02-09 23:00:00+01:00,bus054,0.0
2030,sc01,02-09 23:00:00+01:00,bus086,0.0
2030,sc01,02-09 23:00:00+01:00,bus032,0.0
2030,sc01,02-09 23:00:00+01:00,bus038,0.0
2030,sc01,02-09 23:00:00+01:00,bus108,0.0
2030,sc01,02-09 23:00:00+01:00,bus087,0.0
2030,sc01,02-09 23:00:00+01:00,bus027,0.0
2030,sc01,02-09 23:00:00+01:00,bus111,0.0
2030,sc01,02-09 23:00:00+01:00,bus025,0.0
2030,sc01,02-09 23:00:00+01:00,bus029,0.0
2030,sc01,02-09 23:00:00+01:00,bus009,0.0
2030,sc01,02-09 23:00:00+01:00,bus043,0.0
2030,sc01,02-09 23:00:00+01:00,bus045,0.0
2030,sc01,02-09 23:00:00+01:00,bus084,0.0
2030,sc01,02-09 23:00:00+01:00,bus013,0.0
2030,sc01,02-09 23:00:00+01:00,bus063,0.0
2030,sc01,02-09 23:00:00+01:00,bus115,0.0
2030,sc01,02-09 23:00:00+01:00,bus010,0.0
2030,sc01,02-09 23:00:00+01:00,bus073,0.0
2030,sc01,02-09 23:00:00+01:00,bus052,0.0
2030,sc01,02-09 23:00:00+01:00,bus096,0.0
2030,sc01,02-09 23:00:00+01:00,bus050,0.0
2030,sc01,02-09 23:00:00+01:00,bus011,0.0
2030,sc01,02-09 23:00:00+01:00,bus055,0.0
2030,sc01,02-09 23:00:00+01:00,bus083,0.0
2030,sc01,02-09 23:00:00+01:00,bus081,0.0
2030,sc01,02-09 23:00:00+01:00,bus022,0.0
2030,sc01,02-09 23:00:00+01:00,bus071,0.0
2030,sc01,02-09 23:00:00+01:00,bus074,0.0
2030,sc01,02-09 23:00:00+01:00,bus040,0.0
2030,sc01,02-09 23:00:00+01:00,bus099,0.0
2030,sc01,02-09 23:00:00+01:00,bus030,0.0
2030,sc01,02-09 23:00:00+01:00,bus098,0.0
2030,sc01,02-09 23:00:00+01:00,bus053,0.0
2030,sc01,02-09 23:00:00+01:00,bus085,0.0
2030,sc01,02-09 23:00:00+01:00,bus101,0.0
2030,sc01,02-09 23:00:00+01:00,bus018,0.0
2030,sc01,02-09 23:00:00+01:00,bus023,0.0
2030,sc01,02-09 23:00:00+01:00,bus088,0.0
2030,sc01,02-09 23:00:00+01:00,bus116,0.0
2030,sc01,02-09 23:00:00+01:00,bus103,0.0
2030,sc01,02-09 23:00:00+01:00,bus008,0.0
2030,sc01,02-09 23:00:00+01:00,bus105,0.0
2030,sc01,02-09 23:00:00+01:00,bus060,0.0
2030,sc01,02-09 23:00:00+01:00,bus016,0.0
2030,sc01,02-09 23:00:00+01:00,bus082,0.0
2030,sc01,02-09 23:00:00+01:00,bus047,0.0
2030,sc01,02-09 23:00:00+01:00,bus019,0.0
2030,sc01,02-09 23:00:00+01:00,bus037,0.0
2030,sc01,02-09 23:00:00+01:00,bus006,0.0
2030,sc01,02-09 23:00:00+01:00,bus080,0.0
2030,sc01,02-09 23:00:00+01:00,bus031,0.0
2030,sc01,02-09 23:00:00+01:00,bus048,0.0
2030,sc01,02-09 23:00:00+01:00,bus107,0.0
2030,sc01,02-09 23:00:00+01:00,bus049,0.0
2030,sc01,02-09 23:00:00+01:00,bus104,0.0
2030,sc01,02-09 23:00:00+01:00,bus100,0.0
2030,sc01,02-09 23:00:00+01:00,bus072,0.0
2030,sc01,02-09 23:00:00+01:00,bus039,0.0
2030,sc01,02-09 23:00:00+01:00,bus012,0.0
2030,sc01,02-09 23:00:00+01:00,bus114,0.0
2030,sc01,02-09 23:00:00+01:00,bus112,0.0
2030,sc01,02-09 23:00:00+01:00,bus058,0.0
2030,sc01,02-09 23:00:00+01:00,bus089,0.0
2030,sc01,02-09 23:00:00+01:00,bus051,0.0
2030,sc01,02-09 23:00:00+01:00,bus056,0.0
2030,sc01,02-09 23:00:00+01:00,bus092,0.0
2030,sc01,02-09 23:00:00+01:00,bus036,0.0
2030,sc01,02-09 23:00:00+01:00,bus094,0.0
2030,sc01,02-09 23:00:00+01:00,bus095,0.0
2030,sc01,02-09 23:00:00+01:00,bus113,0.0
2030,sc01,02-09 23:00:00+01:00,bus024,0.0
2030,sc01,02-09 23:00:00+01:00,bus078,0.0
2030,sc01,02-09 23:00:00+01:00,bus033,0.0
2030,sc01,02-09 23:00:00+01:00,bus079,0.0
2030,sc01,02-09 23:00:00+01:00,bus061,0.0
2030,sc01,02-09 23:00:00+01:00,bus118,0.0
2030,sc01,02-09 23:00:00+01:00,bus003,0.0
2030,sc01,02-09 23:00:00+01:00,bus070,0.0
2030,sc01,02-09 23:00:00+01:00,bus004,0.0
2030,sc01,02-09 23:00:00+01:00,bus021,0.0
2030,sc01,02-09 23:00:00+01:00,bus068,0.0
2030,sc01,02-09 23:00:00+01:00,bus028,0.0
2030,sc01,02-09 23:00:00+01:00,bus034,0.0
2030,sc01,02-09 23:00:00+01:00,bus075,0.0
2030,sc01,02-09 23:00:00+01:00,bus064,0.0
2030,sc01,02-09 23:00:00+01:00,bus106,0.0
2030,sc01,02-09 23:00:00+01:00,bus076,0.0
2030,sc01,02-09 23:00:00+01:00,bus046,0.0
2030,sc01,02-09 23:00:00+01:00,bus007,0.0
2030,sc01,02-09 23:00:00+01:00,bus035,0.0
2030,sc01,02-09 23:00:00+01:00,bus117,0.0
2030,sc01,02-09 23:00:00+01:00,bus041,0.0
2030,sc01,02-09 23:00:00+01:00,bus102,0.0
2030,sc01,02-09 23:00:00+01:00,bus026,0.0
2030,sc01,02-09 23:00:00+01:00,bus077,0.0
2030,sc01,02-09 23:00:00+01:00,bus044,0.0
2030,sc01,02-09 23:00:00+01:00,bus091,0.0
2030,sc01,02-09 23:00:00+01:00,bus062,0.0
2030,sc01,02-11 17:00:00+01:00,bus093,0.0
2030,sc01,02-11 17:00:00+01:00,bus097,0.0
2030,sc01,02-11 17:00:00+01:00,bus110,0.0
2030,sc01,02-11 17:00:00+01:00,bus042,0.0
2030,sc01,02-11 17:00:00+01:00,bus066,0.0
2030,sc01,02-11 17:00:00+01:00,bus059,0.0
2030,sc01,02-11 17:00:00+01:00,bus057,0.0
2030,sc01,02-11 17:00:00+01:00,bus067,0.0
2030,sc01,02-11 17:00:00+01:00,bus069,0.0
2030,sc01,02-11 17:00:00+01:00,bus014,0.0
2030,sc01,02-11 17:00:00+01:00,bus090,0.0
2030,sc01,02-11 17:00:00+01:00,bus002,0.0
2030,sc01,02-11 17:00:00+01:00,bus005,0.0
2030,sc01,02-11 17:00:00+01:00,bus109,0.0
2030,sc01,02-11 17:00:00+01:00,bus020,0.0
2030,sc01,02-11 17:00:00+01:00,bus065,0.0
2030,sc01,02-11 17:00:00+01:00,bus001,0.0
2030,sc01,02-11 17:00:00+01:00,bus017,0.0
2030,sc01,02-11 17:00:00+01:00,bus015,0.0
2030,sc01,02-11 17:00:00+01:00,bus054,0.0
2030,sc01,02-11 17:00:00+01:00,bus086,0.0
2030,sc01,02-11 17:00:00+01:00,bus032,0.0
2030,sc01,02-11 17:00:00+01:00,bus038,0.0
2030,sc01,02-11 17:00:00+01:00,bus108,0.0
2030,sc01,02-11 17:00:00+01:00,bus087,0.0
2030,sc01,02-11 17:00:00+01:00,bus027,0.0
2030,sc01,02-11 17:00:00+01:00,bus111,0.0
2030,sc01,02-11 17:00:00+01:00,bus025,0.0
2030,sc01,02-11 17:00:00+01:00,bus029,0.0
2030,sc01,02-11 17:00:00+01:00,bus009,0.0
2030,sc01,02-11 17:00:00+01:00,bus043,0.0
2030,sc01,02-11 17:00:00+01:00,bus045,0.0
2030,sc01,02-11 17:00:00+01:00,bus084,0.0
2030,sc01,02-11 17:00:00+01:00,bus013,0.0
2030,sc01,02-11 17:00:00+01:00,bus063,0.0
2030,sc01,02-11 17:00:00+01:00,bus115,0.0
2030,sc01,02-11 17:00:00+01:00,bus010,0.0
2030,sc01,02-11 17:00:00+01:00,bus073,0.0
2030,sc01,02-11 17:00:00+01:00,bus052,0.0
2030,sc01,02-11 17:00:00+01:00,bus096,0.0
2030,sc01,02-11 17:00:00+01:00,bus050,0.0
2030,sc01,02-11 17:00:00+01:00,bus011,0.0
2030,sc01,02-11 17:00:00+01:00,bus055,0.0
2030,sc01,02-11 17:00:00+01:00,bus083,0.0
2030,sc01,02-11 17:00:00+01:00,bus081,0.0
2030,sc01,02-11 17:00:00+01:00,bus022,0.0
2030,sc01,02-11 17:00:00+01:00,bus071,0.0
2030,sc01,02-11 17:00:00+01:00,bus074,0.0
2030,sc01,02-11 17:00:00+01:00,bus040,0.0
2030,sc01,02-11 17:00:00+01:00,bus099,0.0
2030,sc01,02-11 17:00:00+01:00,bus030,0.0
2030,sc01,02-11 17:00:00+01:00,bus098,0.0
2030,sc01,02-11 17:00:00+01:00,bus053,0.0
2030,sc01,02-11 17:00:00+01:00,bus085,0.0
2030,sc01,02-11 17:00:00+01:00,bus101,0.0
2030,sc01,02-11 17:00:00+01:00,bus018,0.0
2030,sc01,02-11 17:00:00+01:00,bus023,0.0
2030,sc01,02-11 17:00:00+01:00,bus088,0.0
2030,sc01,02-11 17:00:00+01:00,bus116,0.0
2030,sc01,02-11 17:00:00+01:00,bus103,0.0
2030,sc01,02-11 17:00:00+01:00,bus008,0.0
2030,sc01,02-11 17:00:00+01:00,bus105,0.0
2030,sc01,02-11 17:00:00+01:00,bus060,0.0
2030,sc01,02-11 17:00:00+01:00,bus016,0.0
2030,sc01,02-11 17:00:00+01:00,bus082,0.0
2030,sc01,02-11 17:00:00+01:00,bus047,0.0
2030,sc01,02-11 17:00:00+01:00,bus019,0.0
2030,sc01,02-11 17:00:00+01:00,bus037,0.0
2030,sc01,02-11 17:00:00+01:00,bus006,0.0
2030,sc01,02-11 17:00:00+01:00,bus080,0.0
2030,sc01,02-11 17:00:00+01:00,bus031,0.0
2030,sc01,02-11 17:00:00+01:00,bus048,0.0
2030,sc01,02-11 17:00:00+01:00,bus107,0.0
2030,sc01,02-11 17:00:00+01:00,bus049,0.0
2030,sc01,02-11 17:00:00+01:00,bus104,0.0
2030,sc01,02-11 17:00:00+01:00,bus100,0.0
2030,sc01,02-11 17:00:00+01:00,bus072,0.0
2030,sc01,02-11 17:00:00+01:00,bus039,0.0
2030,sc01,02-11 17:00:00+01:00,bus012,0.0
2030,sc01,02-11 17:00:00+01:00,bus114,0.0
2030,sc01,02-11 17:00:00+01:00,bus112,0.0
2030,sc01,02-11 17:00:00+01:00,bus058,0.0
2030,sc01,02-11 17:00:00+01:00,bus089,0.0
2030,sc01,02-11 17:00:00+01:00,bus051,0.0
2030,sc01,02-11 17:00:00+01:00,bus056,0.0
2030,sc01,02-11 17:00:00+01:00,bus092,0.0
2030,sc01,02-11 17:00:00+01:00,bus036,0.0
2030,sc01,02-11 17:00:00+01:00,bus094,0.0
2030,sc01,02-11 17:00:00+01:00,bus095,0.0
2030,sc01,02-11 17:00:00+01:00,bus113,0.0
2030,sc01,02-11 17:00:00+01:00,bus024,0.0
2030,sc01,02-11 17:00:00+01:00,bus078,0.0
2030,sc01,02-11 17:00:00+01:00,bus033,0.0
2030,sc01,02-11 17:00:00+01:00,bus079,0.0
2030,sc01,02-11 17:00:00+01:00,bus061,0.0
2030,sc01,02-11 17:00:00+01:00,bus118,0.0
2030,sc01,02-11 17:00:00+01:00,bus003,0.0
2030,sc01,02-11 17:00:00+01:00,bus070,0.0
2030,sc01,02-11 17:00:00+01:00,bus004,0.0
2030,sc01,02-11 17:00:00+01:00,bus021,0.0
2030,sc01,02-11 17:00:00+01:00,bus068,0.0
2030,sc01,02-11 17:00:00+01:00,bus028,0.0
2030,sc01,02-11 17:00:00+01:00,bus034,0.0
2030,sc01,02-11 17:00:00+01:00,bus075,0.0
2030,sc01,02-11 17:00:00+01:00,bus064,0.0
2030,sc01,02-11 17:00:00+01:00,bus106,0.0
2030,sc01,02-11 17:00:00+01:00,bus076,0.0
2030,sc01,02-11 17:00:00+01:00,bus046,0.0
2030,sc01,02-11 17:00:00+01:00,bus007,0.0
2030,sc01,02-11 17:00:00+01:00,bus035,0.0
2030,sc01,02-11 17:00:00+01:00,bus117,0.0
2030,sc01,02-11 17:00:00+01:00,bus041,0.0
2030,sc01,02-11 17:00:00+01:00,bus102,0.0
2030,sc01,02-11 17:00:00+01:00,bus026,0.0
2030,sc01,02-11 17:00:00+01:00,bus077,0.0
2030,sc01,02-11 17:00:00+01:00,bus044,0.0
2030,sc01,02-11 17:00:00+01:00,bus091,0.0
2030,sc01,02-11 17:00:00+01:00,bus062,0.0
2030,sc01,02-11 18:00:00+01:00,bus093,0.0
2030,sc01,02-11 18:00:00+01:00,bus097,0.0
2030,sc01,02-11 18:00:00+01:00,bus110,0.0
2030,sc01,02-11 18:00:00+01:00,bus042,0.0
2030,sc01,02-11 18:00:00+01:00,bus066,0.0
2030,sc01,02-11 18:00:00+01:00,bus059,0.0
2030,sc01,02-11 18:00:00+01:00,bus057,0.0
2030,sc01,02-11 18:00:00+01:00,bus067,0.0
2030,sc01,02-11 18:00:00+01:00,bus069,0.0
2030,sc01,02-11 18:00:00+01:00,bus014,0.0
2030,sc01,02-11 18:00:00+01:00,bus090,0.0
2030,sc01,02-11 18:00:00+01:00,bus002,0.0
2030,sc01,02-11 18:00:00+01:00,bus005,0.0
2030,sc01,02-11 18:00:00+01:00,bus109,0.0
2030,sc01,02-11 18:00:00+01:00,bus020,0.0
2030,sc01,02-11 18:00:00+01:00,bus065,0.0
2030,sc01,02-11 18:00:00+01:00,bus001,0.0
2030,sc01,02-11 18:00:00+01:00,bus017,0.0
2030,sc01,02-11 18:00:00+01:00,bus015,0.0
2030,sc01,02-11 18:00:00+01:00,bus054,0.0
2030,sc01,02-11 18:00:00+01:00,bus086,0.0
2030,sc01,02-11 18:00:00+01:00,bus032,0.0
2030,sc01,02-11 18:00:00+01:00,bus038,0.0
2030,sc01,02-11 18:00:00+01:00,bus108,0.0
2030,sc01,02-11 18:00:00+01:00,bus087,0.0
2030,sc01,02-11 18:00:00+01:00,bus027,0.0
2030,sc01,02-11 18:00:00+01:00,bus111,0.0
2030,sc01,02-11 18:00:00+01:00,bus025,0.0
2030,sc01,02-11 18:00:00+01:00,bus029,0.0
2030,sc01,02-11 18:00:00+01:00,bus009,0.0
2030,sc01,02-11 18:00:00+01:00,bus043,0.0
2030,sc01,02-11 18:00:00+01:00,bus045,0.0
2030,sc01,02-11 18:00:00+01:00,bus084,0.0
2030,sc01,02-11 18:00:00+01:00,bus013,0.0
2030,sc01,02-11 18:00:00+01:00,bus063,0.0
2030,sc01,02-11 18:00:00+01:00,bus115,0.0
2030,sc01,02-11 18:00:00+01:00,bus010,0.0
2030,sc01,02-11 18:00:00+01:00,bus073,0.0
2030,sc01,02-11 18:00:00+01:00,bus052,0.0
2030,sc01,02-11 18:00:00+01:00,bus096,0.0
2030,sc01,02-11 18:00:00+01:00,bus050,0.0
2030,sc01,02-11 18:00:00+01:00,bus011,0.0
2030,sc01,02-11 18:00:00+01:00,bus055,0.0
2030,sc01,02-11 18:00:00+01:00,bus083,0.0
2030,sc01,02-11 18:00:00+01:00,bus081,0.0
2030,sc01,02-11 18:00:00+01:00,bus022,0.0
2030,sc01,02-11 18:00:00+01:00,bus071,0.0
2030,sc01,02-11 18:00:00+01:00,bus074,0.0
2030,sc01,02-11 18:00:00+01:00,bus040,0.0
2030,sc01,02-11 18:00:00+01:00,bus099,0.0
2030,sc01,02-11 18:00:00+01:00,bus030,0.0
2030,sc01,02-11 18:00:00+01:00,bus098,0.0
2030,sc01,02-11 18:00:00+01:00,bus053,0.0
2030,sc01,02-11 18:00:00+01:00,bus085,0.0
2030,sc01,02-11 18:00:00+01:00,bus101,0.0
2030,sc01,02-11 18:00:00+01:00,bus018,0.0
2030,sc01,02-11 18:00:00+01:00,bus023,0.0
2030,sc01,02-11 18:00:00+01:00,bus088,0.0
2030,sc01,02-11 18:00:00+01:00,bus116,0.0
2030,sc01,02-11 18:00:00+01:00,bus103,0.0
2030,sc01,02-11 18:00:00+01:00,bus008,0.0
2030,sc01,02-11 18:00:00+01:00,bus105,0.0
2030,sc01,02-11 18:00:00+01:00,bus060,0.0
2030,sc01,02-11 18:00:00+01:00,bus016,0.0
2030,sc01,02-11 18:00:00+01:00,bus082,0.0
2030,sc01,02-11 18:00:00+01:00,bus047,0.0
2030,sc01,02-11 18:00:00+01:00,bus019,0.0
2030,sc01,02-11 18:00:00+01:00,bus037,0.0
2030,sc01,02-11 18:00:00+01:00,bus006,0.0
2030,sc01,02-11 18:00:00+01:00,bus080,0.0
2030,sc01,02-11 18:00:00+01:00,bus031,0.0
2030,sc01,02-11 18:00:00+01:00,bus048,0.0
2030,sc01,02-11 18:00:00+01:00,bus107,0.0
2030,sc01,02-11 18:00:00+01:00,bus049,0.0
2030,sc01,02-11 18:00:00+01:00,bus104,0.0
2030,sc01,02-11 18:00:00+01:00,bus100,0.0
2030,sc01,02-11 18:00:00+01:00,bus072,0.0
2030,sc01,02-11 18:00:00+01:00,bus039,0.0
2030,sc01,02-11 18:00:00+01:00,bus012,0.0
2030,sc01,02-11 18:00:00+01:00,bus114,0.0
2030,sc01,02-11 18:00:00+01:00,bus112,0.0
2030,sc01,02-11 18:00:00+01:00,bus058,0.0
2030,sc01,02-11 18:00:00+01:00,bus089,0.0
2030,sc01,02-11 18:00:00+01:00,bus051,0.0
2030,sc01,02-11 18:00:00+01:00,bus056,0.0
2030,sc01,02-11 18:00:00+01:00,bus092,0.0
2030,sc01,02-11 18:00:00+01:00,bus036,0.0
2030,sc01,02-11 18:00:00+01:00,bus094,0.0
2030,sc01,02-11 18:00:00+01:00,bus095,0.0
2030,sc01,02-11 18:00:00+01:00,bus113,0.0
2030,sc01,02-11 18:00:00+01:00,bus024,0.0
2030,sc01,02-11 18:00:00+01:00,bus078,0.0
2030,sc01,02-11 18:00:00+01:00,bus033,0.0
2030,sc01,02-11 18:00:00+01:00,bus079,0.0
2030,sc01,02-11 18:00:00+01:00,bus061,0.0
2030,sc01,02-11 18:00:00+01:00,bus118,0.0
2030,sc01,02-11 18:00:00+01:00,bus003,0.0
2030,sc01,02-11 18:00:00+01:00,bus070,0.0
2030,sc01,02-11 18:00:00+01:00,bus004,0.0
2030,sc01,02-11 18:00:00+01:00,bus021,0.0
2030,sc01,02-11 18:00:00+01:00,bus068,0.0
2030,sc01,02-11 18:00:00+01:00,bus028,0.0
2030,sc01,02-11 18:00:00+01:00,bus034,0.0
2030,sc01,02-11 18:00:00+01:00,bus075,0.0
2030,sc01,02-11 18:00:00+01:00,bus064,0.0
2030,sc01,02-11 18:00:00+01:00,bus106,0.0
2030,sc01,02-11 18:00:00+01:00,bus076,0.0
2030,sc01,02-11 18:00:00+01:00,bus046,0.0
2030,sc01,02-11 18:00:00+01:00,bus007,0.0
2030,sc01,02-11 18:00:00+01:00,bus035,0.0
2030,sc01,02-11 18:00:00+01:00,bus117,0.0
2030,sc01,02-11 18:00:00+01:00,bus041,0.0
2030,sc01,02-11 18:00:00+01:00,bus102,0.0
2030,sc01,02-11 18:00:00+01:00,bus026,0.0
2030,sc01,02-11 18:00:00+01:00,bus077,0.0
2030,sc01,02-11 18:00:00+01:00,bus044,0.0
2030,sc01,02-11 18:00:00+01:00,bus091,0.0
2030,sc01,02-11 18:00:00+01:00,bus062,0.0
2030,sc01,02-13 15:00:00+01:00,bus093,0.0
2030,sc01,02-13 15:00:00+01:00,bus097,0.0
2030,sc01,02-13 15:00:00+01:00,bus110,0.0
2030,sc01,02-13 15:00:00+01:00,bus042,0.0
2030,sc01,02-13 15:00:00+01:00,bus066,0.0
2030,sc01,02-13 15:00:00+01:00,bus059,0.0
2030,sc01,02-13 15:00:00+01:00,bus057,0.0
2030,sc01,02-13 15:00:00+01:00,bus067,0.0
2030,sc01,02-13 15:00:00+01:00,bus069,0.0
2030,sc01,02-13 15:00:00+01:00,bus014,0.0
2030,sc01,02-13 15:00:00+01:00,bus090,0.0
2030,sc01,02-13 15:00:00+01:00,bus002,0.0
2030,sc01,02-13 15:00:00+01:00,bus005,0.0
2030,sc01,02-13 15:00:00+01:00,bus109,0.0
2030,sc01,02-13 15:00:00+01:00,bus020,0.0
2030,sc01,02-13 15:00:00+01:00,bus065,0.0
2030,sc01,02-13 15:00:00+01:00,bus001,0.0
2030,sc01,02-13 15:00:00+01:00,bus017,0.0
2030,sc01,02-13 15:00:00+01:00,bus015,0.0
2030,sc01,02-13 15:00:00+01:00,bus054,0.0
2030,sc01,02-13 15:00:00+01:00,bus086,0.0
2030,sc01,02-13 15:00:00+01:00,bus032,0.0
2030,sc01,02-13 15:00:00+01:00,bus038,0.0
2030,sc01,02-13 15:00:00+01:00,bus108,0.0
2030,sc01,02-13 15:00:00+01:00,bus087,0.0
2030,sc01,02-13 15:00:00+01:00,bus027,0.0
2030,sc01,02-13 15:00:00+01:00,bus111,0.0
2030,sc01,02-13 15:00:00+01:00,bus025,0.0
2030,sc01,02-13 15:00:00+01:00,bus029,0.0
2030,sc01,02-13 15:00:00+01:00,bus009,0.0
2030,sc01,02-13 15:00:00+01:00,bus043,0.0
2030,sc01,02-13 15:00:00+01:00,bus045,0.0
2030,sc01,02-13 15:00:00+01:00,bus084,0.0
2030,sc01,02-13 15:00:00+01:00,bus013,0.0
2030,sc01,02-13 15:00:00+01:00,bus063,0.0
2030,sc01,02-13 15:00:00+01:00,bus115,0.0
2030,sc01,02-13 15:00:00+01:00,bus010,0.0
2030,sc01,02-13 15:00:00+01:00,bus073,0.0
2030,sc01,02-13 15:00:00+01:00,bus052,0.0
2030,sc01,02-13 15:00:00+01:00,bus096,0.0
2030,sc01,02-13 15:00:00+01:00,bus050,0.0
2030,sc01,02-13 15:00:00+01:00,bus011,0.0
2030,sc01,02-13 15:00:00+01:00,bus055,0.0
2030,sc01,02-13 15:00:00+01:00,bus083,0.0
2030,sc01,02-13 15:00:00+01:00,bus081,0.0
2030,sc01,02-13 15:00:00+01:00,bus022,0.0
2030,sc01,02-13 15:00:00+01:00,bus071,0.0
2030,sc01,02-13 15:00:00+01:00,bus074,0.0
2030,sc01,02-13 15:00:00+01:00,bus040,0.0
2030,sc01,02-13 15:00:00+01:00,bus099,0.0
2030,sc01,02-13 15:00:00+01:00,bus030,0.0
2030,sc01,02-13 15:00:00+01:00,bus098,0.0
2030,sc01,02-13 15:00:00+01:00,bus053,0.0
2030,sc01,02-13 15:00:00+01:00,bus085,0.0
2030,sc01,02-13 15:00:00+01:00,bus101,0.0
2030,sc01,02-13 15:00:00+01:00,bus018,0.0
2030,sc01,02-13 15:00:00+01:00,bus023,0.0
2030,sc01,02-13 15:00:00+01:00,bus088,0.0
2030,sc01,02-13 15:00:00+01:00,bus116,0.0
2030,sc01,02-13 15:00:00+01:00,bus103,0.0
2030,sc01,02-13 15:00:00+01:00,bus008,0.0
2030,sc01,02-13 15:00:00+01:00,bus105,0.0
2030,sc01,02-13 15:00:00+01:00,bus060,0.0
2030,sc01,02-13 15:00:00+01:00,bus016,0.0
2030,sc01,02-13 15:00:00+01:00,bus082,0.0
2030,sc01,02-13 15:00:00+01:00,bus047,0.0
2030,sc01,02-13 15:00:00+01:00,bus019,0.0
2030,sc01,02-13 15:00:00+01:00,bus037,0.0
2030,sc01,02-13 15:00:00+01:00,bus006,0.0
2030,sc01,02-13 15:00:00+01:00,bus080,0.0
2030,sc01,02-13 15:00:00+01:00,bus031,0.0
2030,sc01,02-13 15:00:00+01:00,bus048,0.0
2030,sc01,02-13 15:00:00+01:00,bus107,0.0
2030,sc01,02-13 15:00:00+01:00,bus049,0.0
2030,sc01,02-13 15:00:00+01:00,bus104,0.0
2030,sc01,02-13 15:00:00+01:00,bus100,0.0
2030,sc01,02-13 15:00:00+01:00,bus072,0.0
2030,sc01,02-13 15:00:00+01:00,bus039,0.0
2030,sc01,02-13 15:00:00+01:00,bus012,0.0
2030,sc01,02-13 15:00:00+01:00,bus114,0.0
2030,sc01,02-13 15:00:00+01:00,bus112,0.0
2030,sc01,02-13 15:00:00+01:00,bus058,0.0
2030,sc01,02-13 15:00:00+01:00,bus089,0.0
2030,sc01,02-13 15:00:00+01:00,bus051,0.0
2030,sc01,02-13 15:00:00+01:00,bus056,0.0
2030,sc01,02-13 15:00:00+01:00,bus092,0.0
2030,sc01,02-13 15:00:00+01:00,bus036,0.0
2030,sc01,02-13 15:00:00+01:00,bus094,0.0
2030,sc01,02-13 15:00:00+01:00,bus095,0.0
2030,sc01,02-13 15:00:00+01:00,bus113,0.0
2030,sc01,02-13 15:00:00+01:00,bus024,0.0
2030,sc01,02-13 15:00:00+01:00,bus078,0.0
2030,sc01,02-13 15:00:00+01:00,bus033,0.0
2030,sc01,02-13 15:00:00+01:00,bus079,0.0
2030,sc01,02-13 15:00:00+01:00,bus061,0.0
2030,sc01,02-13 15:00:00+01:00,bus118,0.0
2030,sc01,02-13 15:00:00+01:00,bus003,0.0
2030,sc01,02-13 15:00:00+01:00,bus070,0.0
2030,sc01,02-13 15:00:00+01:00,bus004,0.0
2030,sc01,02-13 15:00:00+01:00,bus021,0.0
2030,sc01,02-13 15:00:00+01:00,bus068,0.0
2030,sc01,02-13 15:00:00+01:00,bus028,0.0
2030,sc01,02-13 15:00:00+01:00,bus034,0.0
2030,sc01,02-13 15:00:00+01:00,bus075,0.0
2030,sc01,02-13 15:00:00+01:00,bus064,0.0
2030,sc01,02-13 15:00:00+01:00,bus106,0.0
2030,sc01,02-13 15:00:00+01:00,bus076,0.0
2030,sc01,02-13 15:00:00+01:00,bus046,0.0
2030,sc01,02-13 15:00:00+01:00,bus007,0.0
2030,sc01,02-13 15:00:00+01:00,bus035,0.0
2030,sc01,02-13 15:00:00+01:00,bus117,0.0
2030,sc01,02-13 15:00:00+01:00,bus041,0.0
2030,sc01,02-13 15:00:00+01:00,bus102,0.0
2030,sc01,02-13 15:00:00+01:00,bus026,0.0
2030,sc01,02-13 15:00:00+01:00,bus077,0.0
2030,sc01,02-13 15:00:00+01:00,bus044,0.0
2030,sc01,02-13 15:00:00+01:00,bus091,0.0
2030,sc01,02-13 15:00:00+01:00,bus062,0.0
2030,sc01,02-15 20:00:00+01:00,bus093,0.0
2030,sc01,02-15 20:00:00+01:00,bus097,0.0
2030,sc01,02-15 20:00:00+01:00,bus110,0.0
2030,sc01,02-15 20:00:00+01:00,bus042,0.0
2030,sc01,02-15 20:00:00+01:00,bus066,0.0
2030,sc01,02-15 20:00:00+01:00,bus059,0.0
2030,sc01,02-15 20:00:00+01:00,bus057,0.0
2030,sc01,02-15 20:00:00+01:00,bus067,0.0
2030,sc01,02-15 20:00:00+01:00,bus069,0.0
2030,sc01,02-15 20:00:00+01:00,bus014,0.0
2030,sc01,02-15 20:00:00+01:00,bus090,0.0
2030,sc01,02-15 20:00:00+01:00,bus002,0.0
2030,sc01,02-15 20:00:00+01:00,bus005,0.0
2030,sc01,02-15 20:00:00+01:00,bus109,0.0
2030,sc01,02-15 20:00:00+01:00,bus020,0.0
2030,sc01,02-15 20:00:00+01:00,bus065,0.0
2030,sc01,02-15 20:00:00+01:00,bus001,0.0
2030,sc01,02-15 20:00:00+01:00,bus017,0.0
2030,sc01,02-15 20:00:00+01:00,bus015,0.0
2030,sc01,02-15 20:00:00+01:00,bus054,0.0
2030,sc01,02-15 20:00:00+01:00,bus086,0.0
2030,sc01,02-15 20:00:00+01:00,bus032,0.0
2030,sc01,02-15 20:00:00+01:00,bus038,0.0
2030,sc01,02-15 20:00:00+01:00,bus108,0.0
2030,sc01,02-15 20:00:00+01:00,bus087,0.0
2030,sc01,02-15 20:00:00+01:00,bus027,0.0
2030,sc01,02-15 20:00:00+01:00,bus111,0.0
2030,sc01,02-15 20:00:00+01:00,bus025,0.0
2030,sc01,02-15 20:00:00+01:00,bus029,0.0
2030,sc01,02-15 20:00:00+01:00,bus009,0.0
2030,sc01,02-15 20:00:00+01:00,bus043,0.0
2030,sc01,02-15 20:00:00+01:00,bus045,0.0
2030,sc01,02-15 20:00:00+01:00,bus084,0.0
2030,sc01,02-15 20:00:00+01:00,bus013,0.0
2030,sc01,02-15 20:00:00+01:00,bus063,0.0
2030,sc01,02-15 20:00:00+01:00,bus115,0.0
2030,sc01,02-15 20:00:00+01:00,bus010,0.0
2030,sc01,02-15 20:00:00+01:00,bus073,0.0
2030,sc01,02-15 20:00:00+01:00,bus052,0.0
2030,sc01,02-15 20:00:00+01:00,bus096,0.0
2030,sc01,02-15 20:00:00+01:00,bus050,0.0
2030,sc01,02-15 20:00:00+01:00,bus011,0.0
2030,sc01,02-15 20:00:00+01:00,bus055,0.0
2030,sc01,02-15 20:00:00+01:00,bus083,0.0
2030,sc01,02-15 20:00:00+01:00,bus081,0.0
2030,sc01,02-15 20:00:00+01:00,bus022,0.0
2030,sc01,02-15 20:00:00+01:00,bus071,0.0
2030,sc01,02-15 20:00:00+01:00,bus074,0.0
2030,sc01,02-15 20:00:00+01:00,bus040,0.0
2030,sc01,02-15 20:00:00+01:00,bus099,0.0
2030,sc01,02-15 20:00:00+01:00,bus030,0.0
2030,sc01,02-15 20:00:00+01:00,bus098,0.0
2030,sc01,02-15 20:00:00+01:00,bus053,0.0
2030,sc01,02-15 20:00:00+01:00,bus085,0.0
2030,sc01,02-15 20:00:00+01:00,bus101,0.0
2030,sc01,02-15 20:00:00+01:00,bus018,0.0
2030,sc01,02-15 20:00:00+01:00,bus023,0.0
2030,sc01,02-15 20:00:00+01:00,bus088,0.0
2030,sc01,02-15 20:00:00+01:00,bus116,0.0
2030,sc01,02-15 20:00:00+01:00,bus103,0.0
2030,sc01,02-15 20:00:00+01:00,bus008,0.0
2030,sc01,02-15 20:00:00+01:00,bus105,0.0
2030,sc01,02-15 20:00:00+01:00,bus060,0.0
2030,sc01,02-15 20:00:00+01:00,bus016,0.0
2030,sc01,02-15 20:00:00+01:00,bus082,0.0
2030,sc01,02-15 20:00:00+01:00,bus047,0.0
2030,sc01,02-15 20:00:00+01:00,bus019,0.0
2030,sc01,02-15 20:00:00+01:00,bus037,0.0
2030,sc01,02-15 20:00:00+01:00,bus006,0.0
2030,sc01,02-15 20:00:00+01:00,bus080,0.0
2030,sc01,02-15 20:00:00+01:00,bus031,0.0
2030,sc01,02-15 20:00:00+01:00,bus048,0.0
2030,sc01,02-15 20:00:00+01:00,bus107,0.0
2030,sc01,02-15 20:00:00+01:00,bus049,0.0
2030,sc01,02-15 20:00:00+01:00,bus104,0.0
2030,sc01,02-15 20:00:00+01:00,bus100,0.0
2030,sc01,02-15 20:00:00+01:00,bus072,0.0
2030,sc01,02-15 20:00:00+01:00,bus039,0.0
2030,sc01,02-15 20:00:00+01:00,bus012,0.0
2030,sc01,02-15 20:00:00+01:00,bus114,0.0
2030,sc01,02-15 20:00:00+01:00,bus112,0.0
2030,sc01,02-15 20:00:00+01:00,bus058,0.0
2030,sc01,02-15 20:00:00+01:00,bus089,0.0
2030,sc01,02-15 20:00:00+01:00,bus051,0.0
2030,sc01,02-15 20:00:00+01:00,bus056,0.0
2030,sc01,02-15 20:00:00+01:00,bus092,0.0
2030,sc01,02-15 20:00:00+01:00,bus036,0.0
2030,sc01,02-15 20:00:00+01:00,bus094,0.0
2030,sc01,02-15 20:00:00+01:00,bus095,0.0
2030,sc01,02-15 20:00:00+01:00,bus113,0.0
2030,sc01,02-15 20:00:00+01:00,bus024,0.0
2030,sc01,02-15 20:00:00+01:00,bus078,0.0
2030,sc01,02-15 20:00:00+01:00,bus033,0.0
2030,sc01,02-15 20:00:00+01:00,bus079,0.0
2030,sc01,02-15 20:00:00+01:00,bus061,0.0
2030,sc01,02-15 20:00:00+01:00,bus118,0.0
2030,sc01,02-15 20:00:00+01:00,bus003,0.0
2030,sc01,02-15 20:00:00+01:00,bus070,0.0
2030,sc01,02-15 20:00:00+01:00,bus004,0.0
2030,sc01,02-15 20:00:00+01:00,bus021,0.0
2030,sc01,02-15 20:00:00+01:00,bus068,0.0
2030,sc01,02-15 20:00:00+01:00,bus028,0.0
2030,sc01,02-15 20:00:00+01:00,bus034,0.0
2030,sc01,02-15 20:00:00+01:00,bus075,0.0
2030,sc01,02-15 20:00:00+01:00,bus064,0.0
2030,sc01,02-15 20:00:00+01:00,bus106,0.0
2030,sc01,02-15 20:00:00+01:00,bus076,0.0
2030,sc01,02-15 20:00:00+01:00,bus046,0.0
2030,sc01,02-15 20:00:00+01:00,bus007,0.0
2030,sc01,02-15 20:00:00+01:00,bus035,0.0
2030,sc01,02-15 20:00:00+01:00,bus117,0.0
2030,sc01,02-15 20:00:00+01:00,bus041,0.0
2030,sc01,02-15 20:00:00+01:00,bus102,0.0
2030,sc01,02-15 20:00:00+01:00,bus026,0.0
2030,sc01,02-15 20:00:00+01:00,bus077,0.0
2030,sc01,02-15 20:00:00+01:00,bus044,0.0
2030,sc01,02-15 20:00:00+01:00,bus091,0.0
2030,sc01,02-15 20:00:00+01:00,bus062,0.0
2030,sc01,02-18 10:00:00+01:00,bus093,0.0
2030,sc01,02-18 10:00:00+01:00,bus097,0.0
2030,sc01,02-18 10:00:00+01:00,bus110,0.0
2030,sc01,02-18 10:00:00+01:00,bus042,0.0
2030,sc01,02-18 10:00:00+01:00,bus066,0.0
2030,sc01,02-18 10:00:00+01:00,bus059,0.0
2030,sc01,02-18 10:00:00+01:00,bus057,0.0
2030,sc01,02-18 10:00:00+01:00,bus067,0.0
2030,sc01,02-18 10:00:00+01:00,bus069,0.0
2030,sc01,02-18 10:00:00+01:00,bus014,0.0
2030,sc01,02-18 10:00:00+01:00,bus090,0.0
2030,sc01,02-18 10:00:00+01:00,bus002,0.0
2030,sc01,02-18 10:00:00+01:00,bus005,0.0
2030,sc01,02-18 10:00:00+01:00,bus109,0.0
2030,sc01,02-18 10:00:00+01:00,bus020,0.0
2030,sc01,02-18 10:00:00+01:00,bus065,0.0
2030,sc01,02-18 10:00:00+01:00,bus001,0.0
2030,sc01,02-18 10:00:00+01:00,bus017,0.0
2030,sc01,02-18 10:00:00+01:00,bus015,0.0
2030,sc01,02-18 10:00:00+01:00,bus054,0.0
2030,sc01,02-18 10:00:00+01:00,bus086,0.0
2030,sc01,02-18 10:00:00+01:00,bus032,0.0
2030,sc01,02-18 10:00:00+01:00,bus038,0.0
2030,sc01,02-18 10:00:00+01:00,bus108,0.0
2030,sc01,02-18 10:00:00+01:00,bus087,0.0
2030,sc01,02-18 10:00:00+01:00,bus027,0.0
2030,sc01,02-18 10:00:00+01:00,bus111,0.0
2030,sc01,02-18 10:00:00+01:00,bus025,0.0
2030,sc01,02-18 10:00:00+01:00,bus029,0.0
2030,sc01,02-18 10:00:00+01:00,bus009,0.0
2030,sc01,02-18 10:00:00+01:00,bus043,0.0
2030,sc01,02-18 10:00:00+01:00,bus045,0.0
2030,sc01,02-18 10:00:00+01:00,bus084,0.0
2030,sc01,02-18 10:00:00+01:00,bus013,0.0
2030,sc01,02-18 10:00:00+01:00,bus063,0.0
2030,sc01,02-18 10:00:00+01:00,bus115,0.0
2030,sc01,02-18 10:00:00+01:00,bus010,0.0
2030,sc01,02-18 10:00:00+01:00,bus073,0.0
2030,sc01,02-18 10:00:00+01:00,bus052,0.0
2030,sc01,02-18 10:00:00+01:00,bus096,0.0
2030,sc01,02-18 10:00:00+01:00,bus050,0.0
2030,sc01,02-18 10:00:00+01:00,bus011,0.0
2030,sc01,02-18 10:00:00+01:00,bus055,0.0
2030,sc01,02-18 10:00:00+01:00,bus083,0.0
2030,sc01,02-18 10:00:00+01:00,bus081,0.0
2030,sc01,02-18 10:00:00+01:00,bus022,0.0
2030,sc01,02-18 10:00:00+01:00,bus071,0.0
2030,sc01,02-18 10:00:00+01:00,bus074,0.0
2030,sc01,02-18 10:00:00+01:00,bus040,0.0
2030,sc01,02-18 10:00:00+01:00,bus099,0.0
2030,sc01,02-18 10:00:00+01:00,bus030,0.0
2030,sc01,02-18 10:00:00+01:00,bus098,0.0
2030,sc01,02-18 10:00:00+01:00,bus053,0.0
2030,sc01,02-18 10:00:00+01:00,bus085,0.0
2030,sc01,02-18 10:00:00+01:00,bus101,0.0
2030,sc01,02-18 10:00:00+01:00,bus018,0.0
2030,sc01,02-18 10:00:00+01:00,bus023,0.0
2030,sc01,02-18 10:00:00+01:00,bus088,0.0
2030,sc01,02-18 10:00:00+01:00,bus116,0.0
2030,sc01,02-18 10:00:00+01:00,bus103,0.0
2030,sc01,02-18 10:00:00+01:00,bus008,0.0
2030,sc01,02-18 10:00:00+01:00,bus105,0.0
2030,sc01,02-18 10:00:00+01:00,bus060,0.0
2030,sc01,02-18 10:00:00+01:00,bus016,0.0
2030,sc01,02-18 10:00:00+01:00,bus082,0.0
2030,sc01,02-18 10:00:00+01:00,bus047,0.0
2030,sc01,02-18 10:00:00+01:00,bus019,0.0
2030,sc01,02-18 10:00:00+01:00,bus037,0.0
2030,sc01,02-18 10:00:00+01:00,bus006,0.0
2030,sc01,02-18 10:00:00+01:00,bus080,0.0
2030,sc01,02-18 10:00:00+01:00,bus031,0.0
2030,sc01,02-18 10:00:00+01:00,bus048,0.0
2030,sc01,02-18 10:00:00+01:00,bus107,0.0
2030,sc01,02-18 10:00:00+01:00,bus049,0.0
2030,sc01,02-18 10:00:00+01:00,bus104,0.0
2030,sc01,02-18 10:00:00+01:00,bus100,0.0
2030,sc01,02-18 10:00:00+01:00,bus072,0.0
2030,sc01,02-18 10:00:00+01:00,bus039,0.0
2030,sc01,02-18 10:00:00+01:00,bus012,0.0
2030,sc01,02-18 10:00:00+01:00,bus114,0.0
2030,sc01,02-18 10:00:00+01:00,bus112,0.0
2030,sc01,02-18 10:00:00+01:00,bus058,0.0
2030,sc01,02-18 10:00:00+01:00,bus089,0.0
2030,sc01,02-18 10:00:00+01:00,bus051,0.0
2030,sc01,02-18 10:00:00+01:00,bus056,0.0
2030,sc01,02-18 10:00:00+01:00,bus092,0.0
2030,sc01,02-18 10:00:00+01:00,bus036,0.0
2030,sc01,02-18 10:00:00+01:00,bus094,0.0
2030,sc01,02-18 10:00:00+01:00,bus095,0.0
2030,sc01,02-18 10:00:00+01:00,bus113,0.0
2030,sc01,02-18 10:00:00+01:00,bus024,0.0
2030,sc01,02-18 10:00:00+01:00,bus078,0.0
2030,sc01,02-18 10:00:00+01:00,bus033,0.0
2030,sc01,02-18 10:00:00+01:00,bus079,0.0
2030,sc01,02-18 10:00:00+01:00,bus061,0.0
2030,sc01,02-18 10:00:00+01:00,bus118,0.0
2030,sc01,02-18 10:00:00+01:00,bus003,0.0
2030,sc01,02-18 10:00:00+01:00,bus070,0.0
2030,sc01,02-18 10:00:00+01:00,bus004,0.0
2030,sc01,02-18 10:00:00+01:00,bus021,0.0
2030,sc01,02-18 10:00:00+01:00,bus068,0.0
2030,sc01,02-18 10:00:00+01:00,bus028,0.0
2030,sc01,02-18 10:00:00+01:00,bus034,0.0
2030,sc01,02-18 10:00:00+01:00,bus075,0.0
2030,sc01,02-18 10:00:00+01:00,bus064,0.0
2030,sc01,02-18 10:00:00+01:00,bus106,0.0
2030,sc01,02-18 10:00:00+01:00,bus076,0.0
2030,sc01,02-18 10:00:00+01:00,bus046,0.0
2030,sc01,02-18 10:00:00+01:00,bus007,0.0
2030,sc01,02-18 10:00:00+01:00,bus035,0.0
2030,sc01,02-18 10:00:00+01:00,bus117,0.0
2030,sc01,02-18 10:00:00+01:00,bus041,0.0
2030,sc01,02-18 10:00:00+01:00,bus102,0.0
2030,sc01,02-18 10:00:00+01:00,bus026,0.0
2030,sc01,02-18 10:00:00+01:00,bus077,0.0
2030,sc01,02-18 10:00:00+01:00,bus044,0.0
2030,sc01,02-18 10:00:00+01:00,bus091,0.0
2030,sc01,02-18 10:00:00+01:00,bus062,0.0
2030,sc01,02-19 06:00:00+01:00,bus093,0.0
2030,sc01,02-19 06:00:00+01:00,bus097,0.0
2030,sc01,02-19 06:00:00+01:00,bus110,0.0
2030,sc01,02-19 06:00:00+01:00,bus042,0.0
2030,sc01,02-19 06:00:00+01:00,bus066,0.0
2030,sc01,02-19 06:00:00+01:00,bus059,0.0
2030,sc01,02-19 06:00:00+01:00,bus057,0.0
2030,sc01,02-19 06:00:00+01:00,bus067,0.0
2030,sc01,02-19 06:00:00+01:00,bus069,0.0
2030,sc01,02-19 06:00:00+01:00,bus014,0.0
2030,sc01,02-19 06:00:00+01:00,bus090,0.0
2030,sc01,02-19 06:00:00+01:00,bus002,0.0
2030,sc01,02-19 06:00:00+01:00,bus005,0.0
2030,sc01,02-19 06:00:00+01:00,bus109,0.0
2030,sc01,02-19 06:00:00+01:00,bus020,0.0
2030,sc01,02-19 06:00:00+01:00,bus065,0.0
2030,sc01,02-19 06:00:00+01:00,bus001,0.0
2030,sc01,02-19 06:00:00+01:00,bus017,0.0
2030,sc01,02-19 06:00:00+01:00,bus015,0.0
2030,sc01,02-19 06:00:00+01:00,bus054,0.0
2030,sc01,02-19 06:00:00+01:00,bus086,0.0
2030,sc01,02-19 06:00:00+01:00,bus032,0.0
2030,sc01,02-19 06:00:00+01:00,bus038,0.0
2030,sc01,02-19 06:00:00+01:00,bus108,0.0
2030,sc01,02-19 06:00:00+01:00,bus087,0.0
2030,sc01,02-19 06:00:00+01:00,bus027,0.0
2030,sc01,02-19 06:00:00+01:00,bus111,0.0
2030,sc01,02-19 06:00:00+01:00,bus025,0.0
2030,sc01,02-19 06:00:00+01:00,bus029,0.0
2030,sc01,02-19 06:00:00+01:00,bus009,0.0
2030,sc01,02-19 06:00:00+01:00,bus043,0.0
2030,sc01,02-19 06:00:00+01:00,bus045,0.0
2030,sc01,02-19 06:00:00+01:00,bus084,0.0
2030,sc01,02-19 06:00:00+01:00,bus013,0.0
2030,sc01,02-19 06:00:00+01:00,bus063,0.0
2030,sc01,02-19 06:00:00+01:00,bus115,0.0
2030,sc01,02-19 06:00:00+01:00,bus010,0.0
2030,sc01,02-19 06:00:00+01:00,bus073,0.0
2030,sc01,02-19 06:00:00+01:00,bus052,0.0
2030,sc01,02-19 06:00:00+01:00,bus096,0.0
2030,sc01,02-19 06:00:00+01:00,bus050,0.0
2030,sc01,02-19 06:00:00+01:00,bus011,0.0
2030,sc01,02-19 06:00:00+01:00,bus055,0.0
2030,sc01,02-19 06:00:00+01:00,bus083,0.0
2030,sc01,02-19 06:00:00+01:00,bus081,0.0
2030,sc01,02-19 06:00:00+01:00,bus022,0.0
2030,sc01,02-19 06:00:00+01:00,bus071,0.0
2030,sc01,02-19 06:00:00+01:00,bus074,0.0
2030,sc01,02-19 06:00:00+01:00,bus040,0.0
2030,sc01,02-19 06:00:00+01:00,bus099,0.0
2030,sc01,02-19 06:00:00+01:00,bus030,0.0
2030,sc01,02-19 06:00:00+01:00,bus098,0.0
2030,sc01,02-19 06:00:00+01:00,bus053,0.0
2030,sc01,02-19 06:00:00+01:00,bus085,0.0
2030,sc01,02-19 06:00:00+01:00,bus101,0.0
2030,sc01,02-19 06:00:00+01:00,bus018,0.0
2030,sc01,02-19 06:00:00+01:00,bus023,0.0
2030,sc01,02-19 06:00:00+01:00,bus088,0.0
2030,sc01,02-19 06:00:00+01:00,bus116,0.0
2030,sc01,02-19 06:00:00+01:00,bus103,0.0
2030,sc01,02-19 06:00:00+01:00,bus008,0.0
2030,sc01,02-19 06:00:00+01:00,bus105,0.0
2030,sc01,02-19 06:00:00+01:00,bus060,0.0
2030,sc01,02-19 06:00:00+01:00,bus016,0.0
2030,sc01,02-19 06:00:00+01:00,bus082,0.0
2030,sc01,02-19 06:00:00+01:00,bus047,0.0
2030,sc01,02-19 06:00:00+01:00,bus019,0.0
2030,sc01,02-19 06:00:00+01:00,bus037,0.0
2030,sc01,02-19 06:00:00+01:00,bus006,0.0
2030,sc01,02-19 06:00:00+01:00,bus080,0.0
2030,sc01,02-19 06:00:00+01:00,bus031,0.0
2030,sc01,02-19 06:00:00+01:00,bus048,0.0
2030,sc01,02-19 06:00:00+01:00,bus107,0.0
2030,sc01,02-19 06:00:00+01:00,bus049,0.0
2030,sc01,02-19 06:00:00+01:00,bus104,0.0
2030,sc01,02-19 06:00:00+01:00,bus100,0.0
2030,sc01,02-19 06:00:00+01:00,bus072,0.0
2030,sc01,02-19 06:00:00+01:00,bus039,0.0
2030,sc01,02-19 06:00:00+01:00,bus012,0.0
2030,sc01,02-19 06:00:00+01:00,bus114,0.0
2030,sc01,02-19 06:00:00+01:00,bus112,0.0
2030,sc01,02-19 06:00:00+01:00,bus058,0.0
2030,sc01,02-19 06:00:00+01:00,bus089,0.0
2030,sc01,02-19 06:00:00+01:00,bus051,0.0
2030,sc01,02-19 06:00:00+01:00,bus056,0.0
2030,sc01,02-19 06:00:00+01:00,bus092,0.0
2030,sc01,02-19 06:00:00+01:00,bus036,0.0
2030,sc01,02-19 06:00:00+01:00,bus094,0.0
2030,sc01,02-19 06:00:00+01:00,bus095,0.0
2030,sc01,02-19 06:00:00+01:00,bus113,0.0
2030,sc01,02-19 06:00:00+01:00,bus024,0.0
2030,sc01,02-19 06:00:00+01:00,bus078,0.0
2030,sc01,02-19 06:00:00+01:00,bus033,0.0
2030,sc01,02-19 06:00:00+01:00,bus079,0.0
2030,sc01,02-19 06:00:00+01:00,bus061,0.0
2030,sc01,02-19 06:00:00+01:00,bus118,0.0
2030,sc01,02-19 06:00:00+01:00,bus003,0.0
2030,sc01,02-19 06:00:00+01:00,bus070,0.0
2030,sc01,02-19 06:00:00+01:00,bus004,0.0
2030,sc01,02-19 06:00:00+01:00,bus021,0.0
2030,sc01,02-19 06:00:00+01:00,bus068,0.0
2030,sc01,02-19 06:00:00+01:00,bus028,0.0
2030,sc01,02-19 06:00:00+01:00,bus034,0.0
2030,sc01,02-19 06:00:00+01:00,bus075,0.0
2030,sc01,02-19 06:00:00+01:00,bus064,0.0
2030,sc01,02-19 06:00:00+01:00,bus106,0.0
2030,sc01,02-19 06:00:00+01:00,bus076,0.0
2030,sc01,02-19 06:00:00+01:00,bus046,0.0
2030,sc01,02-19 06:00:00+01:00,bus007,0.0
2030,sc01,02-19 06:00:00+01:00,bus035,0.0
2030,sc01,02-19 06:00:00+01:00,bus117,0.0
2030,sc01,02-19 06:00:00+01:00,bus041,0.0
2030,sc01,02-19 06:00:00+01:00,bus102,0.0
2030,sc01,02-19 06:00:00+01:00,bus026,0.0
2030,sc01,02-19 06:00:00+01:00,bus077,0.0
2030,sc01,02-19 06:00:00+01:00,bus044,0.0
2030,sc01,02-19 06:00:00+01:00,bus091,0.0
2030,sc01,02-19 06:00:00+01:00,bus062,0.0
2030,sc01,02-19 17:00:00+01:00,bus093,0.0
2030,sc01,02-19 17:00:00+01:00,bus097,0.0
2030,sc01,02-19 17:00:00+01:00,bus110,0.0
2030,sc01,02-19 17:00:00+01:00,bus042,0.0
2030,sc01,02-19 17:00:00+01:00,bus066,0.0
2030,sc01,02-19 17:00:00+01:00,bus059,0.0
2030,sc01,02-19 17:00:00+01:00,bus057,0.0
2030,sc01,02-19 17:00:00+01:00,bus067,0.0
2030,sc01,02-19 17:00:00+01:00,bus069,0.0
2030,sc01,02-19 17:00:00+01:00,bus014,0.0
2030,sc01,02-19 17:00:00+01:00,bus090,0.0
2030,sc01,02-19 17:00:00+01:00,bus002,0.0
2030,sc01,02-19 17:00:00+01:00,bus005,0.0
2030,sc01,02-19 17:00:00+01:00,bus109,0.0
2030,sc01,02-19 17:00:00+01:00,bus020,0.0
2030,sc01,02-19 17:00:00+01:00,bus065,0.0
2030,sc01,02-19 17:00:00+01:00,bus001,0.0
2030,sc01,02-19 17:00:00+01:00,bus017,0.0
2030,sc01,02-19 17:00:00+01:00,bus015,0.0
2030,sc01,02-19 17:00:00+01:00,bus054,0.0
2030,sc01,02-19 17:00:00+01:00,bus086,0.0
2030,sc01,02-19 17:00:00+01:00,bus032,0.0
2030,sc01,02-19 17:00:00+01:00,bus038,0.0
2030,sc01,02-19 17:00:00+01:00,bus108,0.0
2030,sc01,02-19 17:00:00+01:00,bus087,0.0
2030,sc01,02-19 17:00:00+01:00,bus027,0.0
2030,sc01,02-19 17:00:00+01:00,bus111,0.0
2030,sc01,02-19 17:00:00+01:00,bus025,0.0
2030,sc01,02-19 17:00:00+01:00,bus029,0.0
2030,sc01,02-19 17:00:00+01:00,bus009,0.0
2030,sc01,02-19 17:00:00+01:00,bus043,0.0
2030,sc01,02-19 17:00:00+01:00,bus045,0.0
2030,sc01,02-19 17:00:00+01:00,bus084,0.0
2030,sc01,02-19 17:00:00+01:00,bus013,0.0
2030,sc01,02-19 17:00:00+01:00,bus063,0.0
2030,sc01,02-19 17:00:00+01:00,bus115,0.0
2030,sc01,02-19 17:00:00+01:00,bus010,0.0
2030,sc01,02-19 17:00:00+01:00,bus073,0.0
2030,sc01,02-19 17:00:00+01:00,bus052,0.0
2030,sc01,02-19 17:00:00+01:00,bus096,0.0
2030,sc01,02-19 17:00:00+01:00,bus050,0.0
2030,sc01,02-19 17:00:00+01:00,bus011,0.0
2030,sc01,02-19 17:00:00+01:00,bus055,0.0
2030,sc01,02-19 17:00:00+01:00,bus083,0.0
2030,sc01,02-19 17:00:00+01:00,bus081,0.0
2030,sc01,02-19 17:00:00+01:00,bus022,0.0
2030,sc01,02-19 17:00:00+01:00,bus071,0.0
2030,sc01,02-19 17:00:00+01:00,bus074,0.0
2030,sc01,02-19 17:00:00+01:00,bus040,0.0
2030,sc01,02-19 17:00:00+01:00,bus099,0.0
2030,sc01,02-19 17:00:00+01:00,bus030,0.0
2030,sc01,02-19 17:00:00+01:00,bus098,0.0
2030,sc01,02-19 17:00:00+01:00,bus053,0.0
2030,sc01,02-19 17:00:00+01:00,bus085,0.0
2030,sc01,02-19 17:00:00+01:00,bus101,0.0
2030,sc01,02-19 17:00:00+01:00,bus018,0.0
2030,sc01,02-19 17:00:00+01:00,bus023,0.0
2030,sc01,02-19 17:00:00+01:00,bus088,0.0
2030,sc01,02-19 17:00:00+01:00,bus116,0.0
2030,sc01,02-19 17:00:00+01:00,bus103,0.0
2030,sc01,02-19 17:00:00+01:00,bus008,0.0
2030,sc01,02-19 17:00:00+01:00,bus105,0.0
2030,sc01,02-19 17:00:00+01:00,bus060,0.0
2030,sc01,02-19 17:00:00+01:00,bus016,0.0
2030,sc01,02-19 17:00:00+01:00,bus082,0.0
2030,sc01,02-19 17:00:00+01:00,bus047,0.0
2030,sc01,02-19 17:00:00+01:00,bus019,0.0
2030,sc01,02-19 17:00:00+01:00,bus037,0.0
2030,sc01,02-19 17:00:00+01:00,bus006,0.0
2030,sc01,02-19 17:00:00+01:00,bus080,0.0
2030,sc01,02-19 17:00:00+01:00,bus031,0.0
2030,sc01,02-19 17:00:00+01:00,bus048,0.0
2030,sc01,02-19 17:00:00+01:00,bus107,0.0
2030,sc01,02-19 17:00:00+01:00,bus049,0.0
2030,sc01,02-19 17:00:00+01:00,bus104,0.0
2030,sc01,02-19 17:00:00+01:00,bus100,0.0
2030,sc01,02-19 17:00:00+01:00,bus072,0.0
2030,sc01,02-19 17:00:00+01:00,bus039,0.0
2030,sc01,02-19 17:00:00+01:00,bus012,0.0
2030,sc01,02-19 17:00:00+01:00,bus114,0.0
2030,sc01,02-19 17:00:00+01:00,bus112,0.0
2030,sc01,02-19 17:00:00+01:00,bus058,0.0
2030,sc01,02-19 17:00:00+01:00,bus089,0.0
2030,sc01,02-19 17:00:00+01:00,bus051,0.0
2030,sc01,02-19 17:00:00+01:00,bus056,0.0
2030,sc01,02-19 17:00:00+01:00,bus092,0.0
2030,sc01,02-19 17:00:00+01:00,bus036,0.0
2030,sc01,02-19 17:00:00+01:00,bus094,0.0
2030,sc01,02-19 17:00:00+01:00,bus095,0.0
2030,sc01,02-19 17:00:00+01:00,bus113,0.0
2030,sc01,02-19 17:00:00+01:00,bus024,0.0
2030,sc01,02-19 17:00:00+01:00,bus078,0.0
2030,sc01,02-19 17:00:00+01:00,bus033,0.0
2030,sc01,02-19 17:00:00+01:00,bus079,0.0
2030,sc01,02-19 17:00:00+01:00,bus061,0.0
2030,sc01,02-19 17:00:00+01:00,bus118,0.0
2030,sc01,02-19 17:00:00+01:00,bus003,0.0
2030,sc01,02-19 17:00:00+01:00,bus070,0.0
2030,sc01,02-19 17:00:00+01:00,bus004,0.0
2030,sc01,02-19 17:00:00+01:00,bus021,0.0
2030,sc01,02-19 17:00:00+01:00,bus068,0.0
2030,sc01,02-19 17:00:00+01:00,bus028,0.0
2030,sc01,02-19 17:00:00+01:00,bus034,0.0
2030,sc01,02-19 17:00:00+01:00,bus075,0.0
2030,sc01,02-19 17:00:00+01:00,bus064,0.0
2030,sc01,02-19 17:00:00+01:00,bus106,0.0
2030,sc01,02-19 17:00:00+01:00,bus076,0.0
2030,sc01,02-19 17:00:00+01:00,bus046,0.0
2030,sc01,02-19 17:00:00+01:00,bus007,0.0
2030,sc01,02-19 17:00:00+01:00,bus035,0.0
2030,sc01,02-19 17:00:00+01:00,bus117,0.0
2030,sc01,02-19 17:00:00+01:00,bus041,0.0
2030,sc01,02-19 17:00:00+01:00,bus102,0.0
2030,sc01,02-19 17:00:00+01:00,bus026,0.0
2030,sc01,02-19 17:00:00+01:00,bus077,0.0
2030,sc01,02-19 17:00:00+01:00,bus044,0.0
2030,sc01,02-19 17:00:00+01:00,bus091,0.0
2030,sc01,02-19 17:00:00+01:00,bus062,0.0
2030,sc01,02-21 21:00:00+01:00,bus093,0.0
2030,sc01,02-21 21:00:00+01:00,bus097,0.0
2030,sc01,02-21 21:00:00+01:00,bus110,0.0
2030,sc01,02-21 21:00:00+01:00,bus042,0.0
2030,sc01,02-21 21:00:00+01:00,bus066,0.0
2030,sc01,02-21 21:00:00+01:00,bus059,0.0
2030,sc01,02-21 21:00:00+01:00,bus057,0.0
2030,sc01,02-21 21:00:00+01:00,bus067,0.0
2030,sc01,02-21 21:00:00+01:00,bus069,0.0
2030,sc01,02-21 21:00:00+01:00,bus014,0.0
2030,sc01,02-21 21:00:00+01:00,bus090,0.0
2030,sc01,02-21 21:00:00+01:00,bus002,0.0
2030,sc01,02-21 21:00:00+01:00,bus005,0.0
2030,sc01,02-21 21:00:00+01:00,bus109,0.0
2030,sc01,02-21 21:00:00+01:00,bus020,0.0
2030,sc01,02-21 21:00:00+01:00,bus065,0.0
2030,sc01,02-21 21:00:00+01:00,bus001,0.0
2030,sc01,02-21 21:00:00+01:00,bus017,0.0
2030,sc01,02-21 21:00:00+01:00,bus015,0.0
2030,sc01,02-21 21:00:00+01:00,bus054,0.0
2030,sc01,02-21 21:00:00+01:00,bus086,0.0
2030,sc01,02-21 21:00:00+01:00,bus032,0.0
2030,sc01,02-21 21:00:00+01:00,bus038,0.0
2030,sc01,02-21 21:00:00+01:00,bus108,0.0
2030,sc01,02-21 21:00:00+01:00,bus087,0.0
2030,sc01,02-21 21:00:00+01:00,bus027,0.0
2030,sc01,02-21 21:00:00+01:00,bus111,0.0
2030,sc01,02-21 21:00:00+01:00,bus025,0.0
2030,sc01,02-21 21:00:00+01:00,bus029,0.0
2030,sc01,02-21 21:00:00+01:00,bus009,0.0
2030,sc01,02-21 21:00:00+01:00,bus043,0.0
2030,sc01,02-21 21:00:00+01:00,bus045,0.0
2030,sc01,02-21 21:00:00+01:00,bus084,0.0
2030,sc01,02-21 21:00:00+01:00,bus013,0.0
2030,sc01,02-21 21:00:00+01:00,bus063,0.0
2030,sc01,02-21 21:00:00+01:00,bus115,0.0
2030,sc01,02-21 21:00:00+01:00,bus010,0.0
2030,sc01,02-21 21:00:00+01:00,bus073,0.0
2030,sc01,02-21 21:00:00+01:00,bus052,0.0
2030,sc01,02-21 21:00:00+01:00,bus096,0.0
2030,sc01,02-21 21:00:00+01:00,bus050,0.0
2030,sc01,02-21 21:00:00+01:00,bus011,0.0
2030,sc01,02-21 21:00:00+01:00,bus055,0.0
2030,sc01,02-21 21:00:00+01:00,bus083,0.0
2030,sc01,02-21 21:00:00+01:00,bus081,0.0
2030,sc01,02-21 21:00:00+01:00,bus022,0.0
2030,sc01,02-21 21:00:00+01:00,bus071,0.0
2030,sc01,02-21 21:00:00+01:00,bus074,0.0
2030,sc01,02-21 21:00:00+01:00,bus040,0.0
2030,sc01,02-21 21:00:00+01:00,bus099,0.0
2030,sc01,02-21 21:00:00+01:00,bus030,0.0
2030,sc01,02-21 21:00:00+01:00,bus098,0.0
2030,sc01,02-21 21:00:00+01:00,bus053,0.0
2030,sc01,02-21 21:00:00+01:00,bus085,0.0
2030,sc01,02-21 21:00:00+01:00,bus101,0.0
2030,sc01,02-21 21:00:00+01:00,bus018,0.0
2030,sc01,02-21 21:00:00+01:00,bus023,0.0
2030,sc01,02-21 21:00:00+01:00,bus088,0.0
2030,sc01,02-21 21:00:00+01:00,bus116,0.0
2030,sc01,02-21 21:00:00+01:00,bus103,0.0
2030,sc01,02-21 21:00:00+01:00,bus008,0.0
2030,sc01,02-21 21:00:00+01:00,bus105,0.0
2030,sc01,02-21 21:00:00+01:00,bus060,0.0
2030,sc01,02-21 21:00:00+01:00,bus016,0.0
2030,sc01,02-21 21:00:00+01:00,bus082,0.0
2030,sc01,02-21 21:00:00+01:00,bus047,0.0
2030,sc01,02-21 21:00:00+01:00,bus019,0.0
2030,sc01,02-21 21:00:00+01:00,bus037,0.0
2030,sc01,02-21 21:00:00+01:00,bus006,0.0
2030,sc01,02-21 21:00:00+01:00,bus080,0.0
2030,sc01,02-21 21:00:00+01:00,bus031,0.0
2030,sc01,02-21 21:00:00+01:00,bus048,0.0
2030,sc01,02-21 21:00:00+01:00,bus107,0.0
2030,sc01,02-21 21:00:00+01:00,bus049,0.0
2030,sc01,02-21 21:00:00+01:00,bus104,0.0
2030,sc01,02-21 21:00:00+01:00,bus100,0.0
2030,sc01,02-21 21:00:00+01:00,bus072,0.0
2030,sc01,02-21 21:00:00+01:00,bus039,0.0
2030,sc01,02-21 21:00:00+01:00,bus012,0.0
2030,sc01,02-21 21:00:00+01:00,bus114,0.0
2030,sc01,02-21 21:00:00+01:00,bus112,0.0
2030,sc01,02-21 21:00:00+01:00,bus058,0.0
2030,sc01,02-21 21:00:00+01:00,bus089,0.0
2030,sc01,02-21 21:00:00+01:00,bus051,0.0
2030,sc01,02-21 21:00:00+01:00,bus056,0.0
2030,sc01,02-21 21:00:00+01:00,bus092,0.0
2030,sc01,02-21 21:00:00+01:00,bus036,0.0
2030,sc01,02-21 21:00:00+01:00,bus094,0.0
2030,sc01,02-21 21:00:00+01:00,bus095,0.0
2030,sc01,02-21 21:00:00+01:00,bus113,0.0
2030,sc01,02-21 21:00:00+01:00,bus024,0.0
2030,sc01,02-21 21:00:00+01:00,bus078,0.0
2030,sc01,02-21 21:00:00+01:00,bus033,0.0
2030,sc01,02-21 21:00:00+01:00,bus079,0.0
2030,sc01,02-21 21:00:00+01:00,bus061,0.0
2030,sc01,02-21 21:00:00+01:00,bus118,0.0
2030,sc01,02-21 21:00:00+01:00,bus003,0.0
2030,sc01,02-21 21:00:00+01:00,bus070,0.0
2030,sc01,02-21 21:00:00+01:00,bus004,0.0
2030,sc01,02-21 21:00:00+01:00,bus021,0.0
2030,sc01,02-21 21:00:00+01:00,bus068,0.0
2030,sc01,02-21 21:00:00+01:00,bus028,0.0
2030,sc01,02-21 21:00:00+01:00,bus034,0.0
2030,sc01,02-21 21:00:00+01:00,bus075,0.0
2030,sc01,02-21 21:00:00+01:00,bus064,0.0
2030,sc01,02-21 21:00:00+01:00,bus106,0.0
2030,sc01,02-21 21:00:00+01:00,bus076,0.0
2030,sc01,02-21 21:00:00+01:00,bus046,0.0
2030,sc01,02-21 21:00:00+01:00,bus007,0.0
2030,sc01,02-21 21:00:00+01:00,bus035,0.0
2030,sc01,02-21 21:00:00+01:00,bus117,0.0
2030,sc01,02-21 21:00:00+01:00,bus041,0.0
2030,sc01,02-21 21:00:00+01:00,bus102,0.0
2030,sc01,02-21 21:00:00+01:00,bus026,0.0
2030,sc01,02-21 21:00:00+01:00,bus077,0.0
2030,sc01,02-21 21:00:00+01:00,bus044,0.0
2030,sc01,02-21 21:00:00+01:00,bus091,0.0
2030,sc01,02-21 21:00:00+01:00,bus062,0.0
2030,sc01,02-23 20:00:00+01:00,bus093,0.0
2030,sc01,02-23 20:00:00+01:00,bus097,0.0
2030,sc01,02-23 20:00:00+01:00,bus110,0.0
2030,sc01,02-23 20:00:00+01:00,bus042,0.0
2030,sc01,02-23 20:00:00+01:00,bus066,0.0
2030,sc01,02-23 20:00:00+01:00,bus059,0.0
2030,sc01,02-23 20:00:00+01:00,bus057,0.0
2030,sc01,02-23 20:00:00+01:00,bus067,0.0
2030,sc01,02-23 20:00:00+01:00,bus069,0.0
2030,sc01,02-23 20:00:00+01:00,bus014,0.0
2030,sc01,02-23 20:00:00+01:00,bus090,0.0
2030,sc01,02-23 20:00:00+01:00,bus002,0.0
2030,sc01,02-23 20:00:00+01:00,bus005,0.0
2030,sc01,02-23 20:00:00+01:00,bus109,0.0
2030,sc01,02-23 20:00:00+01:00,bus020,0.0
2030,sc01,02-23 20:00:00+01:00,bus065,0.0
2030,sc01,02-23 20:00:00+01:00,bus001,0.0
2030,sc01,02-23 20:00:00+01:00,bus017,0.0
2030,sc01,02-23 20:00:00+01:00,bus015,0.0
2030,sc01,02-23 20:00:00+01:00,bus054,0.0
2030,sc01,02-23 20:00:00+01:00,bus086,0.0
2030,sc01,02-23 20:00:00+01:00,bus032,0.0
2030,sc01,02-23 20:00:00+01:00,bus038,0.0
2030,sc01,02-23 20:00:00+01:00,bus108,0.0
2030,sc01,02-23 20:00:00+01:00,bus087,0.0
2030,sc01,02-23 20:00:00+01:00,bus027,0.0
2030,sc01,02-23 20:00:00+01:00,bus111,0.0
2030,sc01,02-23 20:00:00+01:00,bus025,0.0
2030,sc01,02-23 20:00:00+01:00,bus029,0.0
2030,sc01,02-23 20:00:00+01:00,bus009,0.0
2030,sc01,02-23 20:00:00+01:00,bus043,0.0
2030,sc01,02-23 20:00:00+01:00,bus045,0.0
2030,sc01,02-23 20:00:00+01:00,bus084,0.0
2030,sc01,02-23 20:00:00+01:00,bus013,0.0
2030,sc01,02-23 20:00:00+01:00,bus063,0.0
2030,sc01,02-23 20:00:00+01:00,bus115,0.0
2030,sc01,02-23 20:00:00+01:00,bus010,0.0
2030,sc01,02-23 20:00:00+01:00,bus073,0.0
2030,sc01,02-23 20:00:00+01:00,bus052,0.0
2030,sc01,02-23 20:00:00+01:00,bus096,0.0
2030,sc01,02-23 20:00:00+01:00,bus050,0.0
2030,sc01,02-23 20:00:00+01:00,bus011,0.0
2030,sc01,02-23 20:00:00+01:00,bus055,0.0
2030,sc01,02-23 20:00:00+01:00,bus083,0.0
2030,sc01,02-23 20:00:00+01:00,bus081,0.0
2030,sc01,02-23 20:00:00+01:00,bus022,0.0
2030,sc01,02-23 20:00:00+01:00,bus071,0.0
2030,sc01,02-23 20:00:00+01:00,bus074,0.0
2030,sc01,02-23 20:00:00+01:00,bus040,0.0
2030,sc01,02-23 20:00:00+01:00,bus099,0.0
2030,sc01,02-23 20:00:00+01:00,bus030,0.0
2030,sc01,02-23 20:00:00+01:00,bus098,0.0
2030,sc01,02-23 20:00:00+01:00,bus053,0.0
2030,sc01,02-23 20:00:00+01:00,bus085,0.0
2030,sc01,02-23 20:00:00+01:00,bus101,0.0
2030,sc01,02-23 20:00:00+01:00,bus018,0.0
2030,sc01,02-23 20:00:00+01:00,bus023,0.0
2030,sc01,02-23 20:00:00+01:00,bus088,0.0
2030,sc01,02-23 20:00:00+01:00,bus116,0.0
2030,sc01,02-23 20:00:00+01:00,bus103,0.0
2030,sc01,02-23 20:00:00+01:00,bus008,0.0
2030,sc01,02-23 20:00:00+01:00,bus105,0.0
2030,sc01,02-23 20:00:00+01:00,bus060,0.0
2030,sc01,02-23 20:00:00+01:00,bus016,0.0
2030,sc01,02-23 20:00:00+01:00,bus082,0.0
2030,sc01,02-23 20:00:00+01:00,bus047,0.0
2030,sc01,02-23 20:00:00+01:00,bus019,0.0
2030,sc01,02-23 20:00:00+01:00,bus037,0.0
2030,sc01,02-23 20:00:00+01:00,bus006,0.0
2030,sc01,02-23 20:00:00+01:00,bus080,0.0
2030,sc01,02-23 20:00:00+01:00,bus031,0.0
2030,sc01,02-23 20:00:00+01:00,bus048,0.0
2030,sc01,02-23 20:00:00+01:00,bus107,0.0
2030,sc01,02-23 20:00:00+01:00,bus049,0.0
2030,sc01,02-23 20:00:00+01:00,bus104,0.0
2030,sc01,02-23 20:00:00+01:00,bus100,0.0
2030,sc01,02-23 20:00:00+01:00,bus072,0.0
2030,sc01,02-23 20:00:00+01:00,bus039,0.0
2030,sc01,02-23 20:00:00+01:00,bus012,0.0
2030,sc01,02-23 20:00:00+01:00,bus114,0.0
2030,sc01,02-23 20:00:00+01:00,bus112,0.0
2030,sc01,02-23 20:00:00+01:00,bus058,0.0
2030,sc01,02-23 20:00:00+01:00,bus089,0.0
2030,sc01,02-23 20:00:00+01:00,bus051,0.0
2030,sc01,02-23 20:00:00+01:00,bus056,0.0
2030,sc01,02-23 20:00:00+01:00,bus092,0.0
2030,sc01,02-23 20:00:00+01:00,bus036,0.0
2030,sc01,02-23 20:00:00+01:00,bus094,0.0
2030,sc01,02-23 20:00:00+01:00,bus095,0.0
2030,sc01,02-23 20:00:00+01:00,bus113,0.0
2030,sc01,02-23 20:00:00+01:00,bus024,0.0
2030,sc01,02-23 20:00:00+01:00,bus078,0.0
2030,sc01,02-23 20:00:00+01:00,bus033,0.0
2030,sc01,02-23 20:00:00+01:00,bus079,0.0
2030,sc01,02-23 20:00:00+01:00,bus061,0.0
2030,sc01,02-23 20:00:00+01:00,bus118,0.0
2030,sc01,02-23 20:00:00+01:00,bus003,0.0
2030,sc01,02-23 20:00:00+01:00,bus070,0.0
2030,sc01,02-23 20:00:00+01:00,bus004,0.0
2030,sc01,02-23 20:00:00+01:00,bus021,0.0
2030,sc01,02-23 20:00:00+01:00,bus068,0.0
2030,sc01,02-23 20:00:00+01:00,bus028,0.0
2030,sc01,02-23 20:00:00+01:00,bus034,0.0
2030,sc01,02-23 20:00:00+01:00,bus075,0.0
2030,sc01,02-23 20:00:00+01:00,bus064,0.0
2030,sc01,02-23 20:00:00+01:00,bus106,0.0
2030,sc01,02-23 20:00:00+01:00,bus076,0.0
2030,sc01,02-23 20:00:00+01:00,bus046,0.0
2030,sc01,02-23 20:00:00+01:00,bus007,0.0
2030,sc01,02-23 20:00:00+01:00,bus035,0.0
2030,sc01,02-23 20:00:00+01:00,bus117,0.0
2030,sc01,02-23 20:00:00+01:00,bus041,0.0
2030,sc01,02-23 20:00:00+01:00,bus102,0.0
2030,sc01,02-23 20:00:00+01:00,bus026,0.0
2030,sc01,02-23 20:00:00+01:00,bus077,0.0
2030,sc01,02-23 20:00:00+01:00,bus044,0.0
2030,sc01,02-23 20:00:00+01:00,bus091,0.0
2030,sc01,02-23 20:00:00+01:00,bus062,0.0
2030,sc01,02-23 23:00:00+01:00,bus093,0.0
2030,sc01,02-23 23:00:00+01:00,bus097,0.0
2030,sc01,02-23 23:00:00+01:00,bus110,0.0
2030,sc01,02-23 23:00:00+01:00,bus042,0.0
2030,sc01,02-23 23:00:00+01:00,bus066,0.0
2030,sc01,02-23 23:00:00+01:00,bus059,0.0
2030,sc01,02-23 23:00:00+01:00,bus057,0.0
2030,sc01,02-23 23:00:00+01:00,bus067,0.0
2030,sc01,02-23 23:00:00+01:00,bus069,0.0
2030,sc01,02-23 23:00:00+01:00,bus014,0.0
2030,sc01,02-23 23:00:00+01:00,bus090,0.0
2030,sc01,02-23 23:00:00+01:00,bus002,0.0
2030,sc01,02-23 23:00:00+01:00,bus005,0.0
2030,sc01,02-23 23:00:00+01:00,bus109,0.0
2030,sc01,02-23 23:00:00+01:00,bus020,0.0
2030,sc01,02-23 23:00:00+01:00,bus065,0.0
2030,sc01,02-23 23:00:00+01:00,bus001,0.0
2030,sc01,02-23 23:00:00+01:00,bus017,0.0
2030,sc01,02-23 23:00:00+01:00,bus015,0.0
2030,sc01,02-23 23:00:00+01:00,bus054,0.0
2030,sc01,02-23 23:00:00+01:00,bus086,0.0
2030,sc01,02-23 23:00:00+01:00,bus032,0.0
2030,sc01,02-23 23:00:00+01:00,bus038,0.0
2030,sc01,02-23 23:00:00+01:00,bus108,0.0
2030,sc01,02-23 23:00:00+01:00,bus087,0.0
2030,sc01,02-23 23:00:00+01:00,bus027,0.0
2030,sc01,02-23 23:00:00+01:00,bus111,0.0
2030,sc01,02-23 23:00:00+01:00,bus025,0.0
2030,sc01,02-23 23:00:00+01:00,bus029,0.0
2030,sc01,02-23 23:00:00+01:00,bus009,0.0
2030,sc01,02-23 23:00:00+01:00,bus043,0.0
2030,sc01,02-23 23:00:00+01:00,bus045,0.0
2030,sc01,02-23 23:00:00+01:00,bus084,0.0
2030,sc01,02-23 23:00:00+01:00,bus013,0.0
2030,sc01,02-23 23:00:00+01:00,bus063,0.0
2030,sc01,02-23 23:00:00+01:00,bus115,0.0
2030,sc01,02-23 23:00:00+01:00,bus010,0.0
2030,sc01,02-23 23:00:00+01:00,bus073,0.0
2030,sc01,02-23 23:00:00+01:00,bus052,0.0
2030,sc01,02-23 23:00:00+01:00,bus096,0.0
2030,sc01,02-23 23:00:00+01:00,bus050,0.0
2030,sc01,02-23 23:00:00+01:00,bus011,0.0
2030,sc01,02-23 23:00:00+01:00,bus055,0.0
2030,sc01,02-23 23:00:00+01:00,bus083,0.0
2030,sc01,02-23 23:00:00+01:00,bus081,0.0
2030,sc01,02-23 23:00:00+01:00,bus022,0.0
2030,sc01,02-23 23:00:00+01:00,bus071,0.0
2030,sc01,02-23 23:00:00+01:00,bus074,0.0
2030,sc01,02-23 23:00:00+01:00,bus040,0.0
2030,sc01,02-23 23:00:00+01:00,bus099,0.0
2030,sc01,02-23 23:00:00+01:00,bus030,0.0
2030,sc01,02-23 23:00:00+01:00,bus098,0.0
2030,sc01,02-23 23:00:00+01:00,bus053,0.0
2030,sc01,02-23 23:00:00+01:00,bus085,0.0
2030,sc01,02-23 23:00:00+01:00,bus101,0.0
2030,sc01,02-23 23:00:00+01:00,bus018,0.0
2030,sc01,02-23 23:00:00+01:00,bus023,0.0
2030,sc01,02-23 23:00:00+01:00,bus088,0.0
2030,sc01,02-23 23:00:00+01:00,bus116,0.0
2030,sc01,02-23 23:00:00+01:00,bus103,0.0
2030,sc01,02-23 23:00:00+01:00,bus008,0.0
2030,sc01,02-23 23:00:00+01:00,bus105,0.0
2030,sc01,02-23 23:00:00+01:00,bus060,0.0
2030,sc01,02-23 23:00:00+01:00,bus016,0.0
2030,sc01,02-23 23:00:00+01:00,bus082,0.0
2030,sc01,02-23 23:00:00+01:00,bus047,0.0
2030,sc01,02-23 23:00:00+01:00,bus019,0.0
2030,sc01,02-23 23:00:00+01:00,bus037,0.0
2030,sc01,02-23 23:00:00+01:00,bus006,0.0
2030,sc01,02-23 23:00:00+01:00,bus080,0.0
2030,sc01,02-23 23:00:00+01:00,bus031,0.0
2030,sc01,02-23 23:00:00+01:00,bus048,0.0
2030,sc01,02-23 23:00:00+01:00,bus107,0.0
2030,sc01,02-23 23:00:00+01:00,bus049,0.0
2030,sc01,02-23 23:00:00+01:00,bus104,0.0
2030,sc01,02-23 23:00:00+01:00,bus100,0.0
2030,sc01,02-23 23:00:00+01:00,bus072,0.0
2030,sc01,02-23 23:00:00+01:00,bus039,0.0
2030,sc01,02-23 23:00:00+01:00,bus012,0.0
2030,sc01,02-23 23:00:00+01:00,bus114,0.0
2030,sc01,02-23 23:00:00+01:00,bus112,0.0
2030,sc01,02-23 23:00:00+01:00,bus058,0.0
2030,sc01,02-23 23:00:00+01:00,bus089,0.0
2030,sc01,02-23 23:00:00+01:00,bus051,0.0
2030,sc01,02-23 23:00:00+01:00,bus056,0.0
2030,sc01,02-23 23:00:00+01:00,bus092,0.0
2030,sc01,02-23 23:00:00+01:00,bus036,0.0
2030,sc01,02-23 23:00:00+01:00,bus094,0.0
2030,sc01,02-23 23:00:00+01:00,bus095,0.0
2030,sc01,02-23 23:00:00+01:00,bus113,0.0
2030,sc01,02-23 23:00:00+01:00,bus024,0.0
2030,sc01,02-23 23:00:00+01:00,bus078,0.0
2030,sc01,02-23 23:00:00+01:00,bus033,0.0
2030,sc01,02-23 23:00:00+01:00,bus079,0.0
2030,sc01,02-23 23:00:00+01:00,bus061,0.0
2030,sc01,02-23 23:00:00+01:00,bus118,0.0
2030,sc01,02-23 23:00:00+01:00,bus003,0.0
2030,sc01,02-23 23:00:00+01:00,bus070,0.0
2030,sc01,02-23 23:00:00+01:00,bus004,0.0
2030,sc01,02-23 23:00:00+01:00,bus021,0.0
2030,sc01,02-23 23:00:00+01:00,bus068,0.0
2030,sc01,02-23 23:00:00+01:00,bus028,0.0
2030,sc01,02-23 23:00:00+01:00,bus034,0.0
2030,sc01,02-23 23:00:00+01:00,bus075,0.0
2030,sc01,02-23 23:00:00+01:00,bus064,0.0
2030,sc01,02-23 23:00:00+01:00,bus106,0.0
2030,sc01,02-23 23:00:00+01:00,bus076,0.0
2030,sc01,02-23 23:00:00+01:00,bus046,0.0
2030,sc01,02-23 23:00:00+01:00,bus007,0.0
2030,sc01,02-23 23:00:00+01:00,bus035,0.0
2030,sc01,02-23 23:00:00+01:00,bus117,0.0
2030,sc01,02-23 23:00:00+01:00,bus041,0.0
2030,sc01,02-23 23:00:00+01:00,bus102,0.0
2030,sc01,02-23 23:00:00+01:00,bus026,0.0
2030,sc01,02-23 23:00:00+01:00,bus077,0.0
2030,sc01,02-23 23:00:00+01:00,bus044,0.0
2030,sc01,02-23 23:00:00+01:00,bus091,0.0
2030,sc01,02-23 23:00:00+01:00,bus062,0.0
2030,sc01,02-25 09:00:00+01:00,bus093,0.0
2030,sc01,02-25 09:00:00+01:00,bus097,0.0
2030,sc01,02-25 09:00:00+01:00,bus110,0.0
2030,sc01,02-25 09:00:00+01:00,bus042,0.0
2030,sc01,02-25 09:00:00+01:00,bus066,0.0
2030,sc01,02-25 09:00:00+01:00,bus059,0.0
2030,sc01,02-25 09:00:00+01:00,bus057,0.0
2030,sc01,02-25 09:00:00+01:00,bus067,0.0
2030,sc01,02-25 09:00:00+01:00,bus069,0.0
2030,sc01,02-25 09:00:00+01:00,bus014,0.0
2030,sc01,02-25 09:00:00+01:00,bus090,0.0
2030,sc01,02-25 09:00:00+01:00,bus002,0.0
2030,sc01,02-25 09:00:00+01:00,bus005,0.0
2030,sc01,02-25 09:00:00+01:00,bus109,0.0
2030,sc01,02-25 09:00:00+01:00,bus020,0.0
2030,sc01,02-25 09:00:00+01:00,bus065,0.0
2030,sc01,02-25 09:00:00+01:00,bus001,0.0
2030,sc01,02-25 09:00:00+01:00,bus017,0.0
2030,sc01,02-25 09:00:00+01:00,bus015,0.0
2030,sc01,02-25 09:00:00+01:00,bus054,0.0
2030,sc01,02-25 09:00:00+01:00,bus086,0.0
2030,sc01,02-25 09:00:00+01:00,bus032,0.0
2030,sc01,02-25 09:00:00+01:00,bus038,0.0
2030,sc01,02-25 09:00:00+01:00,bus108,0.0
2030,sc01,02-25 09:00:00+01:00,bus087,0.0
2030,sc01,02-25 09:00:00+01:00,bus027,0.0
2030,sc01,02-25 09:00:00+01:00,bus111,0.0
2030,sc01,02-25 09:00:00+01:00,bus025,0.0
2030,sc01,02-25 09:00:00+01:00,bus029,0.0
2030,sc01,02-25 09:00:00+01:00,bus009,0.0
2030,sc01,02-25 09:00:00+01:00,bus043,0.0
2030,sc01,02-25 09:00:00+01:00,bus045,0.0
2030,sc01,02-25 09:00:00+01:00,bus084,0.0
2030,sc01,02-25 09:00:00+01:00,bus013,0.0
2030,sc01,02-25 09:00:00+01:00,bus063,0.0
2030,sc01,02-25 09:00:00+01:00,bus115,0.0
2030,sc01,02-25 09:00:00+01:00,bus010,0.0
2030,sc01,02-25 09:00:00+01:00,bus073,0.0
2030,sc01,02-25 09:00:00+01:00,bus052,0.0
2030,sc01,02-25 09:00:00+01:00,bus096,0.0
2030,sc01,02-25 09:00:00+01:00,bus050,0.0
2030,sc01,02-25 09:00:00+01:00,bus011,0.0
2030,sc01,02-25 09:00:00+01:00,bus055,0.0
2030,sc01,02-25 09:00:00+01:00,bus083,0.0
2030,sc01,02-25 09:00:00+01:00,bus081,0.0
2030,sc01,02-25 09:00:00+01:00,bus022,0.0
2030,sc01,02-25 09:00:00+01:00,bus071,0.0
2030,sc01,02-25 09:00:00+01:00,bus074,0.0
2030,sc01,02-25 09:00:00+01:00,bus040,0.0
2030,sc01,02-25 09:00:00+01:00,bus099,0.0
2030,sc01,02-25 09:00:00+01:00,bus030,0.0
2030,sc01,02-25 09:00:00+01:00,bus098,0.0
2030,sc01,02-25 09:00:00+01:00,bus053,0.0
2030,sc01,02-25 09:00:00+01:00,bus085,0.0
2030,sc01,02-25 09:00:00+01:00,bus101,0.0
2030,sc01,02-25 09:00:00+01:00,bus018,0.0
2030,sc01,02-25 09:00:00+01:00,bus023,0.0
2030,sc01,02-25 09:00:00+01:00,bus088,0.0
2030,sc01,02-25 09:00:00+01:00,bus116,0.0
2030,sc01,02-25 09:00:00+01:00,bus103,0.0
2030,sc01,02-25 09:00:00+01:00,bus008,0.0
2030,sc01,02-25 09:00:00+01:00,bus105,0.0
2030,sc01,02-25 09:00:00+01:00,bus060,0.0
2030,sc01,02-25 09:00:00+01:00,bus016,0.0
2030,sc01,02-25 09:00:00+01:00,bus082,0.0
2030,sc01,02-25 09:00:00+01:00,bus047,0.0
2030,sc01,02-25 09:00:00+01:00,bus019,0.0
2030,sc01,02-25 09:00:00+01:00,bus037,0.0
2030,sc01,02-25 09:00:00+01:00,bus006,0.0
2030,sc01,02-25 09:00:00+01:00,bus080,0.0
2030,sc01,02-25 09:00:00+01:00,bus031,0.0
2030,sc01,02-25 09:00:00+01:00,bus048,0.0
2030,sc01,02-25 09:00:00+01:00,bus107,0.0
2030,sc01,02-25 09:00:00+01:00,bus049,0.0
2030,sc01,02-25 09:00:00+01:00,bus104,0.0
2030,sc01,02-25 09:00:00+01:00,bus100,0.0
2030,sc01,02-25 09:00:00+01:00,bus072,0.0
2030,sc01,02-25 09:00:00+01:00,bus039,0.0
2030,sc01,02-25 09:00:00+01:00,bus012,0.0
2030,sc01,02-25 09:00:00+01:00,bus114,0.0
2030,sc01,02-25 09:00:00+01:00,bus112,0.0
2030,sc01,02-25 09:00:00+01:00,bus058,0.0
2030,sc01,02-25 09:00:00+01:00,bus089,0.0
2030,sc01,02-25 09:00:00+01:00,bus051,0.0
2030,sc01,02-25 09:00:00+01:00,bus056,0.0
2030,sc01,02-25 09:00:00+01:00,bus092,0.0
2030,sc01,02-25 09:00:00+01:00,bus036,0.0
2030,sc01,02-25 09:00:00+01:00,bus094,0.0
2030,sc01,02-25 09:00:00+01:00,bus095,0.0
2030,sc01,02-25 09:00:00+01:00,bus113,0.0
2030,sc01,02-25 09:00:00+01:00,bus024,0.0
2030,sc01,02-25 09:00:00+01:00,bus078,0.0
2030,sc01,02-25 09:00:00+01:00,bus033,0.0
2030,sc01,02-25 09:00:00+01:00,bus079,0.0
2030,sc01,02-25 09:00:00+01:00,bus061,0.0
2030,sc01,02-25 09:00:00+01:00,bus118,0.0
2030,sc01,02-25 09:00:00+01:00,bus003,0.0
2030,sc01,02-25 09:00:00+01:00,bus070,0.0
2030,sc01,02-25 09:00:00+01:00,bus004,0.0
2030,sc01,02-25 09:00:00+01:00,bus021,0.0
2030,sc01,02-25 09:00:00+01:00,bus068,0.0
2030,sc01,02-25 09:00:00+01:00,bus028,0.0
2030,sc01,02-25 09:00:00+01:00,bus034,0.0
2030,sc01,02-25 09:00:00+01:00,bus075,0.0
2030,sc01,02-25 09:00:00+01:00,bus064,0.0
2030,sc01,02-25 09:00:00+01:00,bus106,0.0
2030,sc01,02-25 09:00:00+01:00,bus076,0.0
2030,sc01,02-25 09:00:00+01:00,bus046,0.0
2030,sc01,02-25 09:00:00+01:00,bus007,0.0
2030,sc01,02-25 09:00:00+01:00,bus035,0.0
2030,sc01,02-25 09:00:00+01:00,bus117,0.0
2030,sc01,02-25 09:00:00+01:00,bus041,0.0
2030,sc01,02-25 09:00:00+01:00,bus102,0.0
2030,sc01,02-25 09:00:00+01:00,bus026,0.0
2030,sc01,02-25 09:00:00+01:00,bus077,0.0
2030,sc01,02-25 09:00:00+01:00,bus044,0.0
2030,sc01,02-25 09:00:00+01:00,bus091,0.0
2030,sc01,02-25 09:00:00+01:00,bus062,0.0
2030,sc01,02-27 01:00:00+01:00,bus093,0.0
2030,sc01,02-27 01:00:00+01:00,bus097,0.0
2030,sc01,02-27 01:00:00+01:00,bus110,0.0
2030,sc01,02-27 01:00:00+01:00,bus042,0.0
2030,sc01,02-27 01:00:00+01:00,bus066,0.0
2030,sc01,02-27 01:00:00+01:00,bus059,0.0
2030,sc01,02-27 01:00:00+01:00,bus057,0.0
2030,sc01,02-27 01:00:00+01:00,bus067,0.0
2030,sc01,02-27 01:00:00+01:00,bus069,0.0
2030,sc01,02-27 01:00:00+01:00,bus014,0.0
2030,sc01,02-27 01:00:00+01:00,bus090,0.0
2030,sc01,02-27 01:00:00+01:00,bus002,0.0
2030,sc01,02-27 01:00:00+01:00,bus005,0.0
2030,sc01,02-27 01:00:00+01:00,bus109,0.0
2030,sc01,02-27 01:00:00+01:00,bus020,0.0
2030,sc01,02-27 01:00:00+01:00,bus065,0.0
2030,sc01,02-27 01:00:00+01:00,bus001,0.0
2030,sc01,02-27 01:00:00+01:00,bus017,0.0
2030,sc01,02-27 01:00:00+01:00,bus015,0.0
2030,sc01,02-27 01:00:00+01:00,bus054,0.0
2030,sc01,02-27 01:00:00+01:00,bus086,0.0
2030,sc01,02-27 01:00:00+01:00,bus032,0.0
2030,sc01,02-27 01:00:00+01:00,bus038,0.0
2030,sc01,02-27 01:00:00+01:00,bus108,0.0
2030,sc01,02-27 01:00:00+01:00,bus087,0.0
2030,sc01,02-27 01:00:00+01:00,bus027,0.0
2030,sc01,02-27 01:00:00+01:00,bus111,0.0
2030,sc01,02-27 01:00:00+01:00,bus025,0.0
2030,sc01,02-27 01:00:00+01:00,bus029,0.0
2030,sc01,02-27 01:00:00+01:00,bus009,0.0
2030,sc01,02-27 01:00:00+01:00,bus043,0.0
2030,sc01,02-27 01:00:00+01:00,bus045,0.0
2030,sc01,02-27 01:00:00+01:00,bus084,0.0
2030,sc01,02-27 01:00:00+01:00,bus013,0.0
2030,sc01,02-27 01:00:00+01:00,bus063,0.0
2030,sc01,02-27 01:00:00+01:00,bus115,0.0
2030,sc01,02-27 01:00:00+01:00,bus010,0.0
2030,sc01,02-27 01:00:00+01:00,bus073,0.0
2030,sc01,02-27 01:00:00+01:00,bus052,0.0
2030,sc01,02-27 01:00:00+01:00,bus096,0.0
2030,sc01,02-27 01:00:00+01:00,bus050,0.0
2030,sc01,02-27 01:00:00+01:00,bus011,0.0
2030,sc01,02-27 01:00:00+01:00,bus055,0.0
2030,sc01,02-27 01:00:00+01:00,bus083,0.0
2030,sc01,02-27 01:00:00+01:00,bus081,0.0
2030,sc01,02-27 01:00:00+01:00,bus022,0.0
2030,sc01,02-27 01:00:00+01:00,bus071,0.0
2030,sc01,02-27 01:00:00+01:00,bus074,0.0
2030,sc01,02-27 01:00:00+01:00,bus040,0.0
2030,sc01,02-27 01:00:00+01:00,bus099,0.0
2030,sc01,02-27 01:00:00+01:00,bus030,0.0
2030,sc01,02-27 01:00:00+01:00,bus098,0.0
2030,sc01,02-27 01:00:00+01:00,bus053,0.0
2030,sc01,02-27 01:00:00+01:00,bus085,0.0
2030,sc01,02-27 01:00:00+01:00,bus101,0.0
2030,sc01,02-27 01:00:00+01:00,bus018,0.0
2030,sc01,02-27 01:00:00+01:00,bus023,0.0
2030,sc01,02-27 01:00:00+01:00,bus088,0.0
2030,sc01,02-27 01:00:00+01:00,bus116,0.0
2030,sc01,02-27 01:00:00+01:00,bus103,0.0
2030,sc01,02-27 01:00:00+01:00,bus008,0.0
2030,sc01,02-27 01:00:00+01:00,bus105,0.0
2030,sc01,02-27 01:00:00+01:00,bus060,0.0
2030,sc01,02-27 01:00:00+01:00,bus016,0.0
2030,sc01,02-27 01:00:00+01:00,bus082,0.0
2030,sc01,02-27 01:00:00+01:00,bus047,0.0
2030,sc01,02-27 01:00:00+01:00,bus019,0.0
2030,sc01,02-27 01:00:00+01:00,bus037,0.0
2030,sc01,02-27 01:00:00+01:00,bus006,0.0
2030,sc01,02-27 01:00:00+01:00,bus080,0.0
2030,sc01,02-27 01:00:00+01:00,bus031,0.0
2030,sc01,02-27 01:00:00+01:00,bus048,0.0
2030,sc01,02-27 01:00:00+01:00,bus107,0.0
2030,sc01,02-27 01:00:00+01:00,bus049,0.0
2030,sc01,02-27 01:00:00+01:00,bus104,0.0
2030,sc01,02-27 01:00:00+01:00,bus100,0.0
2030,sc01,02-27 01:00:00+01:00,bus072,0.0
2030,sc01,02-27 01:00:00+01:00,bus039,0.0
2030,sc01,02-27 01:00:00+01:00,bus012,0.0
2030,sc01,02-27 01:00:00+01:00,bus114,0.0
2030,sc01,02-27 01:00:00+01:00,bus112,0.0
2030,sc01,02-27 01:00:00+01:00,bus058,0.0
2030,sc01,02-27 01:00:00+01:00,bus089,0.0
2030,sc01,02-27 01:00:00+01:00,bus051,0.0
2030,sc01,02-27 01:00:00+01:00,bus056,0.0
2030,sc01,02-27 01:00:00+01:00,bus092,0.0
2030,sc01,02-27 01:00:00+01:00,bus036,0.0
2030,sc01,02-27 01:00:00+01:00,bus094,0.0
2030,sc01,02-27 01:00:00+01:00,bus095,0.0
2030,sc01,02-27 01:00:00+01:00,bus113,0.0
2030,sc01,02-27 01:00:00+01:00,bus024,0.0
2030,sc01,02-27 01:00:00+01:00,bus078,0.0
2030,sc01,02-27 01:00:00+01:00,bus033,0.0
2030,sc01,02-27 01:00:00+01:00,bus079,0.0
2030,sc01,02-27 01:00:00+01:00,bus061,0.0
2030,sc01,02-27 01:00:00+01:00,bus118,0.0
2030,sc01,02-27 01:00:00+01:00,bus003,0.0
2030,sc01,02-27 01:00:00+01:00,bus070,0.0
2030,sc01,02-27 01:00:00+01:00,bus004,0.0
2030,sc01,02-27 01:00:00+01:00,bus021,0.0
2030,sc01,02-27 01:00:00+01:00,bus068,0.0
2030,sc01,02-27 01:00:00+01:00,bus028,0.0
2030,sc01,02-27 01:00:00+01:00,bus034,0.0
2030,sc01,02-27 01:00:00+01:00,bus075,0.0
2030,sc01,02-27 01:00:00+01:00,bus064,0.0
2030,sc01,02-27 01:00:00+01:00,bus106,0.0
2030,sc01,02-27 01:00:00+01:00,bus076,0.0
2030,sc01,02-27 01:00:00+01:00,bus046,0.0
2030,sc01,02-27 01:00:00+01:00,bus007,0.0
2030,sc01,02-27 01:00:00+01:00,bus035,0.0
2030,sc01,02-27 01:00:00+01:00,bus117,0.0
2030,sc01,02-27 01:00:00+01:00,bus041,0.0
2030,sc01,02-27 01:00:00+01:00,bus102,0.0
2030,sc01,02-27 01:00:00+01:00,bus026,0.0
2030,sc01,02-27 01:00:00+01:00,bus077,0.0
2030,sc01,02-27 01:00:00+01:00,bus044,0.0
2030,sc01,02-27 01:00:00+01:00,bus091,0.0
2030,sc01,02-27 01:00:00+01:00,bus062,0.0
2030,sc01,02-27 07:00:00+01:00,bus093,0.0
2030,sc01,02-27 07:00:00+01:00,bus097,0.0
2030,sc01,02-27 07:00:00+01:00,bus110,0.0
2030,sc01,02-27 07:00:00+01:00,bus042,0.0
2030,sc01,02-27 07:00:00+01:00,bus066,0.0
2030,sc01,02-27 07:00:00+01:00,bus059,0.0
2030,sc01,02-27 07:00:00+01:00,bus057,0.0
2030,sc01,02-27 07:00:00+01:00,bus067,0.0
2030,sc01,02-27 07:00:00+01:00,bus069,0.0
2030,sc01,02-27 07:00:00+01:00,bus014,0.0
2030,sc01,02-27 07:00:00+01:00,bus090,0.0
2030,sc01,02-27 07:00:00+01:00,bus002,0.0
2030,sc01,02-27 07:00:00+01:00,bus005,0.0
2030,sc01,02-27 07:00:00+01:00,bus109,0.0
2030,sc01,02-27 07:00:00+01:00,bus020,0.0
2030,sc01,02-27 07:00:00+01:00,bus065,0.0
2030,sc01,02-27 07:00:00+01:00,bus001,0.0
2030,sc01,02-27 07:00:00+01:00,bus017,0.0
2030,sc01,02-27 07:00:00+01:00,bus015,0.0
2030,sc01,02-27 07:00:00+01:00,bus054,0.0
2030,sc01,02-27 07:00:00+01:00,bus086,0.0
2030,sc01,02-27 07:00:00+01:00,bus032,0.0
2030,sc01,02-27 07:00:00+01:00,bus038,0.0
2030,sc01,02-27 07:00:00+01:00,bus108,0.0
2030,sc01,02-27 07:00:00+01:00,bus087,0.0
2030,sc01,02-27 07:00:00+01:00,bus027,0.0
2030,sc01,02-27 07:00:00+01:00,bus111,0.0
2030,sc01,02-27 07:00:00+01:00,bus025,0.0
2030,sc01,02-27 07:00:00+01:00,bus029,0.0
2030,sc01,02-27 07:00:00+01:00,bus009,0.0
2030,sc01,02-27 07:00:00+01:00,bus043,0.0
2030,sc01,02-27 07:00:00+01:00,bus045,0.0
2030,sc01,02-27 07:00:00+01:00,bus084,0.0
2030,sc01,02-27 07:00:00+01:00,bus013,0.0
2030,sc01,02-27 07:00:00+01:00,bus063,0.0
2030,sc01,02-27 07:00:00+01:00,bus115,0.0
2030,sc01,02-27 07:00:00+01:00,bus010,0.0
2030,sc01,02-27 07:00:00+01:00,bus073,0.0
2030,sc01,02-27 07:00:00+01:00,bus052,0.0
2030,sc01,02-27 07:00:00+01:00,bus096,0.0
2030,sc01,02-27 07:00:00+01:00,bus050,0.0
2030,sc01,02-27 07:00:00+01:00,bus011,0.0
2030,sc01,02-27 07:00:00+01:00,bus055,0.0
2030,sc01,02-27 07:00:00+01:00,bus083,0.0
2030,sc01,02-27 07:00:00+01:00,bus081,0.0
2030,sc01,02-27 07:00:00+01:00,bus022,0.0
2030,sc01,02-27 07:00:00+01:00,bus071,0.0
2030,sc01,02-27 07:00:00+01:00,bus074,0.0
2030,sc01,02-27 07:00:00+01:00,bus040,0.0
2030,sc01,02-27 07:00:00+01:00,bus099,0.0
2030,sc01,02-27 07:00:00+01:00,bus030,0.0
2030,sc01,02-27 07:00:00+01:00,bus098,0.0
2030,sc01,02-27 07:00:00+01:00,bus053,0.0
2030,sc01,02-27 07:00:00+01:00,bus085,0.0
2030,sc01,02-27 07:00:00+01:00,bus101,0.0
2030,sc01,02-27 07:00:00+01:00,bus018,0.0
2030,sc01,02-27 07:00:00+01:00,bus023,0.0
2030,sc01,02-27 07:00:00+01:00,bus088,0.0
2030,sc01,02-27 07:00:00+01:00,bus116,0.0
2030,sc01,02-27 07:00:00+01:00,bus103,0.0
2030,sc01,02-27 07:00:00+01:00,bus008,0.0
2030,sc01,02-27 07:00:00+01:00,bus105,0.0
2030,sc01,02-27 07:00:00+01:00,bus060,0.0
2030,sc01,02-27 07:00:00+01:00,bus016,0.0
2030,sc01,02-27 07:00:00+01:00,bus082,0.0
2030,sc01,02-27 07:00:00+01:00,bus047,0.0
2030,sc01,02-27 07:00:00+01:00,bus019,0.0
2030,sc01,02-27 07:00:00+01:00,bus037,0.0
2030,sc01,02-27 07:00:00+01:00,bus006,0.0
2030,sc01,02-27 07:00:00+01:00,bus080,0.0
2030,sc01,02-27 07:00:00+01:00,bus031,0.0
2030,sc01,02-27 07:00:00+01:00,bus048,0.0
2030,sc01,02-27 07:00:00+01:00,bus107,0.0
2030,sc01,02-27 07:00:00+01:00,bus049,0.0
2030,sc01,02-27 07:00:00+01:00,bus104,0.0
2030,sc01,02-27 07:00:00+01:00,bus100,0.0
2030,sc01,02-27 07:00:00+01:00,bus072,0.0
2030,sc01,02-27 07:00:00+01:00,bus039,0.0
2030,sc01,02-27 07:00:00+01:00,bus012,0.0
2030,sc01,02-27 07:00:00+01:00,bus114,0.0
2030,sc01,02-27 07:00:00+01:00,bus112,0.0
2030,sc01,02-27 07:00:00+01:00,bus058,0.0
2030,sc01,02-27 07:00:00+01:00,bus089,0.0
2030,sc01,02-27 07:00:00+01:00,bus051,0.0
2030,sc01,02-27 07:00:00+01:00,bus056,0.0
2030,sc01,02-27 07:00:00+01:00,bus092,0.0
2030,sc01,02-27 07:00:00+01:00,bus036,0.0
2030,sc01,02-27 07:00:00+01:00,bus094,0.0
2030,sc01,02-27 07:00:00+01:00,bus095,0.0
2030,sc01,02-27 07:00:00+01:00,bus113,0.0
2030,sc01,02-27 07:00:00+01:00,bus024,0.0
2030,sc01,02-27 07:00:00+01:00,bus078,0.0
2030,sc01,02-27 07:00:00+01:00,bus033,0.0
2030,sc01,02-27 07:00:00+01:00,bus079,0.0
2030,sc01,02-27 07:00:00+01:00,bus061,0.0
2030,sc01,02-27 07:00:00+01:00,bus118,0.0
2030,sc01,02-27 07:00:00+01:00,bus003,0.0
2030,sc01,02-27 07:00:00+01:00,bus070,0.0
2030,sc01,02-27 07:00:00+01:00,bus004,0.0
2030,sc01,02-27 07:00:00+01:00,bus021,0.0
2030,sc01,02-27 07:00:00+01:00,bus068,0.0
2030,sc01,02-27 07:00:00+01:00,bus028,0.0
2030,sc01,02-27 07:00:00+01:00,bus034,0.0
2030,sc01,02-27 07:00:00+01:00,bus075,0.0
2030,sc01,02-27 07:00:00+01:00,bus064,0.0
2030,sc01,02-27 07:00:00+01:00,bus106,0.0
2030,sc01,02-27 07:00:00+01:00,bus076,0.0
2030,sc01,02-27 07:00:00+01:00,bus046,0.0
2030,sc01,02-27 07:00:00+01:00,bus007,0.0
2030,sc01,02-27 07:00:00+01:00,bus035,0.0
2030,sc01,02-27 07:00:00+01:00,bus117,0.0
2030,sc01,02-27 07:00:00+01:00,bus041,0.0
2030,sc01,02-27 07:00:00+01:00,bus102,0.0
2030,sc01,02-27 07:00:00+01:00,bus026,0.0
2030,sc01,02-27 07:00:00+01:00,bus077,0.0
2030,sc01,02-27 07:00:00+01:00,bus044,0.0
2030,sc01,02-27 07:00:00+01:00,bus091,0.0
2030,sc01,02-27 07:00:00+01:00,bus062,0.0
2030,sc01,02-27 21:00:00+01:00,bus093,0.0
2030,sc01,02-27 21:00:00+01:00,bus097,0.0
2030,sc01,02-27 21:00:00+01:00,bus110,0.0
2030,sc01,02-27 21:00:00+01:00,bus042,0.0
2030,sc01,02-27 21:00:00+01:00,bus066,0.0
2030,sc01,02-27 21:00:00+01:00,bus059,0.0
2030,sc01,02-27 21:00:00+01:00,bus057,0.0
2030,sc01,02-27 21:00:00+01:00,bus067,0.0
2030,sc01,02-27 21:00:00+01:00,bus069,0.0
2030,sc01,02-27 21:00:00+01:00,bus014,0.0
2030,sc01,02-27 21:00:00+01:00,bus090,0.0
2030,sc01,02-27 21:00:00+01:00,bus002,0.0
2030,sc01,02-27 21:00:00+01:00,bus005,0.0
2030,sc01,02-27 21:00:00+01:00,bus109,0.0
2030,sc01,02-27 21:00:00+01:00,bus020,0.0
2030,sc01,02-27 21:00:00+01:00,bus065,0.0
2030,sc01,02-27 21:00:00+01:00,bus001,0.0
2030,sc01,02-27 21:00:00+01:00,bus017,0.0
2030,sc01,02-27 21:00:00+01:00,bus015,0.0
2030,sc01,02-27 21:00:00+01:00,bus054,0.0
2030,sc01,02-27 21:00:00+01:00,bus086,0.0
2030,sc01,02-27 21:00:00+01:00,bus032,0.0
2030,sc01,02-27 21:00:00+01:00,bus038,0.0
2030,sc01,02-27 21:00:00+01:00,bus108,0.0
2030,sc01,02-27 21:00:00+01:00,bus087,0.0
2030,sc01,02-27 21:00:00+01:00,bus027,0.0
2030,sc01,02-27 21:00:00+01:00,bus111,0.0
2030,sc01,02-27 21:00:00+01:00,bus025,0.0
2030,sc01,02-27 21:00:00+01:00,bus029,0.0
2030,sc01,02-27 21:00:00+01:00,bus009,0.0
2030,sc01,02-27 21:00:00+01:00,bus043,0.0
2030,sc01,02-27 21:00:00+01:00,bus045,0.0
2030,sc01,02-27 21:00:00+01:00,bus084,0.0
2030,sc01,02-27 21:00:00+01:00,bus013,0.0
2030,sc01,02-27 21:00:00+01:00,bus063,0.0
2030,sc01,02-27 21:00:00+01:00,bus115,0.0
2030,sc01,02-27 21:00:00+01:00,bus010,0.0
2030,sc01,02-27 21:00:00+01:00,bus073,0.0
2030,sc01,02-27 21:00:00+01:00,bus052,0.0
2030,sc01,02-27 21:00:00+01:00,bus096,0.0
2030,sc01,02-27 21:00:00+01:00,bus050,0.0
2030,sc01,02-27 21:00:00+01:00,bus011,0.0
2030,sc01,02-27 21:00:00+01:00,bus055,0.0
2030,sc01,02-27 21:00:00+01:00,bus083,0.0
2030,sc01,02-27 21:00:00+01:00,bus081,0.0
2030,sc01,02-27 21:00:00+01:00,bus022,0.0
2030,sc01,02-27 21:00:00+01:00,bus071,0.0
2030,sc01,02-27 21:00:00+01:00,bus074,0.0
2030,sc01,02-27 21:00:00+01:00,bus040,0.0
2030,sc01,02-27 21:00:00+01:00,bus099,0.0
2030,sc01,02-27 21:00:00+01:00,bus030,0.0
2030,sc01,02-27 21:00:00+01:00,bus098,0.0
2030,sc01,02-27 21:00:00+01:00,bus053,0.0
2030,sc01,02-27 21:00:00+01:00,bus085,0.0
2030,sc01,02-27 21:00:00+01:00,bus101,0.0
2030,sc01,02-27 21:00:00+01:00,bus018,0.0
2030,sc01,02-27 21:00:00+01:00,bus023,0.0
2030,sc01,02-27 21:00:00+01:00,bus088,0.0
2030,sc01,02-27 21:00:00+01:00,bus116,0.0
2030,sc01,02-27 21:00:00+01:00,bus103,0.0
2030,sc01,02-27 21:00:00+01:00,bus008,0.0
2030,sc01,02-27 21:00:00+01:00,bus105,0.0
2030,sc01,02-27 21:00:00+01:00,bus060,0.0
2030,sc01,02-27 21:00:00+01:00,bus016,0.0
2030,sc01,02-27 21:00:00+01:00,bus082,0.0
2030,sc01,02-27 21:00:00+01:00,bus047,0.0
2030,sc01,02-27 21:00:00+01:00,bus019,0.0
2030,sc01,02-27 21:00:00+01:00,bus037,0.0
2030,sc01,02-27 21:00:00+01:00,bus006,0.0
2030,sc01,02-27 21:00:00+01:00,bus080,0.0
2030,sc01,02-27 21:00:00+01:00,bus031,0.0
2030,sc01,02-27 21:00:00+01:00,bus048,0.0
2030,sc01,02-27 21:00:00+01:00,bus107,0.0
2030,sc01,02-27 21:00:00+01:00,bus049,0.0
2030,sc01,02-27 21:00:00+01:00,bus104,0.0
2030,sc01,02-27 21:00:00+01:00,bus100,0.0
2030,sc01,02-27 21:00:00+01:00,bus072,0.0
2030,sc01,02-27 21:00:00+01:00,bus039,0.0
2030,sc01,02-27 21:00:00+01:00,bus012,0.0
2030,sc01,02-27 21:00:00+01:00,bus114,0.0
2030,sc01,02-27 21:00:00+01:00,bus112,0.0
2030,sc01,02-27 21:00:00+01:00,bus058,0.0
2030,sc01,02-27 21:00:00+01:00,bus089,0.0
2030,sc01,02-27 21:00:00+01:00,bus051,0.0
2030,sc01,02-27 21:00:00+01:00,bus056,0.0
2030,sc01,02-27 21:00:00+01:00,bus092,0.0
2030,sc01,02-27 21:00:00+01:00,bus036,0.0
2030,sc01,02-27 21:00:00+01:00,bus094,0.0
2030,sc01,02-27 21:00:00+01:00,bus095,0.0
2030,sc01,02-27 21:00:00+01:00,bus113,0.0
2030,sc01,02-27 21:00:00+01:00,bus024,0.0
2030,sc01,02-27 21:00:00+01:00,bus078,0.0
2030,sc01,02-27 21:00:00+01:00,bus033,0.0
2030,sc01,02-27 21:00:00+01:00,bus079,0.0
2030,sc01,02-27 21:00:00+01:00,bus061,0.0
2030,sc01,02-27 21:00:00+01:00,bus118,0.0
2030,sc01,02-27 21:00:00+01:00,bus003,0.0
2030,sc01,02-27 21:00:00+01:00,bus070,0.0
2030,sc01,02-27 21:00:00+01:00,bus004,0.0
2030,sc01,02-27 21:00:00+01:00,bus021,0.0
2030,sc01,02-27 21:00:00+01:00,bus068,0.0
2030,sc01,02-27 21:00:00+01:00,bus028,0.0
2030,sc01,02-27 21:00:00+01:00,bus034,0.0
2030,sc01,02-27 21:00:00+01:00,bus075,0.0
2030,sc01,02-27 21:00:00+01:00,bus064,0.0
2030,sc01,02-27 21:00:00+01:00,bus106,0.0
2030,sc01,02-27 21:00:00+01:00,bus076,0.0
2030,sc01,02-27 21:00:00+01:00,bus046,0.0
2030,sc01,02-27 21:00:00+01:00,bus007,0.0
2030,sc01,02-27 21:00:00+01:00,bus035,0.0
2030,sc01,02-27 21:00:00+01:00,bus117,0.0
2030,sc01,02-27 21:00:00+01:00,bus041,0.0
2030,sc01,02-27 21:00:00+01:00,bus102,0.0
2030,sc01,02-27 21:00:00+01:00,bus026,0.0
2030,sc01,02-27 21:00:00+01:00,bus077,0.0
2030,sc01,02-27 21:00:00+01:00,bus044,0.0
2030,sc01,02-27 21:00:00+01:00,bus091,0.0
2030,sc01,02-27 21:00:00+01:00,bus062,0.0
2030,sc01,02-28 00:00:00+01:00,bus093,0.0
2030,sc01,02-28 00:00:00+01:00,bus097,0.0
2030,sc01,02-28 00:00:00+01:00,bus110,0.0
2030,sc01,02-28 00:00:00+01:00,bus042,0.0
2030,sc01,02-28 00:00:00+01:00,bus066,0.0
2030,sc01,02-28 00:00:00+01:00,bus059,0.0
2030,sc01,02-28 00:00:00+01:00,bus057,0.0
2030,sc01,02-28 00:00:00+01:00,bus067,0.0
2030,sc01,02-28 00:00:00+01:00,bus069,0.0
2030,sc01,02-28 00:00:00+01:00,bus014,0.0
2030,sc01,02-28 00:00:00+01:00,bus090,0.0
2030,sc01,02-28 00:00:00+01:00,bus002,0.0
2030,sc01,02-28 00:00:00+01:00,bus005,0.0
2030,sc01,02-28 00:00:00+01:00,bus109,0.0
2030,sc01,02-28 00:00:00+01:00,bus020,0.0
2030,sc01,02-28 00:00:00+01:00,bus065,0.0
2030,sc01,02-28 00:00:00+01:00,bus001,0.0
2030,sc01,02-28 00:00:00+01:00,bus017,0.0
2030,sc01,02-28 00:00:00+01:00,bus015,0.0
2030,sc01,02-28 00:00:00+01:00,bus054,0.0
2030,sc01,02-28 00:00:00+01:00,bus086,0.0
2030,sc01,02-28 00:00:00+01:00,bus032,0.0
2030,sc01,02-28 00:00:00+01:00,bus038,0.0
2030,sc01,02-28 00:00:00+01:00,bus108,0.0
2030,sc01,02-28 00:00:00+01:00,bus087,0.0
2030,sc01,02-28 00:00:00+01:00,bus027,0.0
2030,sc01,02-28 00:00:00+01:00,bus111,0.0
2030,sc01,02-28 00:00:00+01:00,bus025,0.0
2030,sc01,02-28 00:00:00+01:00,bus029,0.0
2030,sc01,02-28 00:00:00+01:00,bus009,0.0
2030,sc01,02-28 00:00:00+01:00,bus043,0.0
2030,sc01,02-28 00:00:00+01:00,bus045,0.0
2030,sc01,02-28 00:00:00+01:00,bus084,0.0
2030,sc01,02-28 00:00:00+01:00,bus013,0.0
2030,sc01,02-28 00:00:00+01:00,bus063,0.0
2030,sc01,02-28 00:00:00+01:00,bus115,0.0
2030,sc01,02-28 00:00:00+01:00,bus010,0.0
2030,sc01,02-28 00:00:00+01:00,bus073,0.0
2030,sc01,02-28 00:00:00+01:00,bus052,0.0
2030,sc01,02-28 00:00:00+01:00,bus096,0.0
2030,sc01,02-28 00:00:00+01:00,bus050,0.0
2030,sc01,02-28 00:00:00+01:00,bus011,0.0
2030,sc01,02-28 00:00:00+01:00,bus055,0.0
2030,sc01,02-28 00:00:00+01:00,bus083,0.0
2030,sc01,02-28 00:00:00+01:00,bus081,0.0
2030,sc01,02-28 00:00:00+01:00,bus022,0.0
2030,sc01,02-28 00:00:00+01:00,bus071,0.0
2030,sc01,02-28 00:00:00+01:00,bus074,0.0
2030,sc01,02-28 00:00:00+01:00,bus040,0.0
2030,sc01,02-28 00:00:00+01:00,bus099,0.0
2030,sc01,02-28 00:00:00+01:00,bus030,0.0
2030,sc01,02-28 00:00:00+01:00,bus098,0.0
2030,sc01,02-28 00:00:00+01:00,bus053,0.0
2030,sc01,02-28 00:00:00+01:00,bus085,0.0
2030,sc01,02-28 00:00:00+01:00,bus101,0.0
2030,sc01,02-28 00:00:00+01:00,bus018,0.0
2030,sc01,02-28 00:00:00+01:00,bus023,0.0
2030,sc01,02-28 00:00:00+01:00,bus088,0.0
2030,sc01,02-28 00:00:00+01:00,bus116,0.0
2030,sc01,02-28 00:00:00+01:00,bus103,0.0
2030,sc01,02-28 00:00:00+01:00,bus008,0.0
2030,sc01,02-28 00:00:00+01:00,bus105,0.0
2030,sc01,02-28 00:00:00+01:00,bus060,0.0
2030,sc01,02-28 00:00:00+01:00,bus016,0.0
2030,sc01,02-28 00:00:00+01:00,bus082,0.0
2030,sc01,02-28 00:00:00+01:00,bus047,0.0
2030,sc01,02-28 00:00:00+01:00,bus019,0.0
2030,sc01,02-28 00:00:00+01:00,bus037,0.0
2030,sc01,02-28 00:00:00+01:00,bus006,0.0
2030,sc01,02-28 00:00:00+01:00,bus080,0.0
2030,sc01,02-28 00:00:00+01:00,bus031,0.0
2030,sc01,02-28 00:00:00+01:00,bus048,0.0
2030,sc01,02-28 00:00:00+01:00,bus107,0.0
2030,sc01,02-28 00:00:00+01:00,bus049,0.0
2030,sc01,02-28 00:00:00+01:00,bus104,0.0
2030,sc01,02-28 00:00:00+01:00,bus100,0.0
2030,sc01,02-28 00:00:00+01:00,bus072,0.0
2030,sc01,02-28 00:00:00+01:00,bus039,0.0
2030,sc01,02-28 00:00:00+01:00,bus012,0.0
2030,sc01,02-28 00:00:00+01:00,bus114,0.0
2030,sc01,02-28 00:00:00+01:00,bus112,0.0
2030,sc01,02-28 00:00:00+01:00,bus058,0.0
2030,sc01,02-28 00:00:00+01:00,bus089,0.0
2030,sc01,02-28 00:00:00+01:00,bus051,0.0
2030,sc01,02-28 00:00:00+01:00,bus056,0.0
2030,sc01,02-28 00:00:00+01:00,bus092,0.0
2030,sc01,02-28 00:00:00+01:00,bus036,0.0
2030,sc01,02-28 00:00:00+01:00,bus094,0.0
2030,sc01,02-28 00:00:00+01:00,bus095,0.0
2030,sc01,02-28 00:00:00+01:00,bus113,0.0
2030,sc01,02-28 00:00:00+01:00,bus024,0.0
2030,sc01,02-28 00:00:00+01:00,bus078,0.0
2030,sc01,02-28 00:00:00+01:00,bus033,0.0
2030,sc01,02-28 00:00:00+01:00,bus079,0.0
2030,sc01,02-28 00:00:00+01:00,bus061,0.0
2030,sc01,02-28 00:00:00+01:00,bus118,0.0
2030,sc01,02-28 00:00:00+01:00,bus003,0.0
2030,sc01,02-28 00:00:00+01:00,bus070,0.0
2030,sc01,02-28 00:00:00+01:00,bus004,0.0
2030,sc01,02-28 00:00:00+01:00,bus021,0.0
2030,sc01,02-28 00:00:00+01:00,bus068,0.0
2030,sc01,02-28 00:00:00+01:00,bus028,0.0
2030,sc01,02-28 00:00:00+01:00,bus034,0.0
2030,sc01,02-28 00:00:00+01:00,bus075,0.0
2030,sc01,02-28 00:00:00+01:00,bus064,0.0
2030,sc01,02-28 00:00:00+01:00,bus106,0.0
2030,sc01,02-28 00:00:00+01:00,bus076,0.0
2030,sc01,02-28 00:00:00+01:00,bus046,0.0
2030,sc01,02-28 00:00:00+01:00,bus007,0.0
2030,sc01,02-28 00:00:00+01:00,bus035,0.0
2030,sc01,02-28 00:00:00+01:00,bus117,0.0
2030,sc01,02-28 00:00:00+01:00,bus041,0.0
2030,sc01,02-28 00:00:00+01:00,bus102,0.0
2030,sc01,02-28 00:00:00+01:00,bus026,0.0
2030,sc01,02-28 00:00:00+01:00,bus077,0.0
2030,sc01,02-28 00:00:00+01:00,bus044,0.0
2030,sc01,02-28 00:00:00+01:00,bus091,0.0
2030,sc01,02-28 00:00:00+01:00,bus062,0.0
2030,sc01,02-28 09:00:00+01:00,bus093,0.0
2030,sc01,02-28 09:00:00+01:00,bus097,0.0
2030,sc01,02-28 09:00:00+01:00,bus110,0.0
2030,sc01,02-28 09:00:00+01:00,bus042,0.0
2030,sc01,02-28 09:00:00+01:00,bus066,0.0
2030,sc01,02-28 09:00:00+01:00,bus059,0.0
2030,sc01,02-28 09:00:00+01:00,bus057,0.0
2030,sc01,02-28 09:00:00+01:00,bus067,0.0
2030,sc01,02-28 09:00:00+01:00,bus069,0.0
2030,sc01,02-28 09:00:00+01:00,bus014,0.0
2030,sc01,02-28 09:00:00+01:00,bus090,0.0
2030,sc01,02-28 09:00:00+01:00,bus002,0.0
2030,sc01,02-28 09:00:00+01:00,bus005,0.0
2030,sc01,02-28 09:00:00+01:00,bus109,0.0
2030,sc01,02-28 09:00:00+01:00,bus020,0.0
2030,sc01,02-28 09:00:00+01:00,bus065,0.0
2030,sc01,02-28 09:00:00+01:00,bus001,0.0
2030,sc01,02-28 09:00:00+01:00,bus017,0.0
2030,sc01,02-28 09:00:00+01:00,bus015,0.0
2030,sc01,02-28 09:00:00+01:00,bus054,0.0
2030,sc01,02-28 09:00:00+01:00,bus086,0.0
2030,sc01,02-28 09:00:00+01:00,bus032,0.0
2030,sc01,02-28 09:00:00+01:00,bus038,0.0
2030,sc01,02-28 09:00:00+01:00,bus108,0.0
2030,sc01,02-28 09:00:00+01:00,bus087,0.0
2030,sc01,02-28 09:00:00+01:00,bus027,0.0
2030,sc01,02-28 09:00:00+01:00,bus111,0.0
2030,sc01,02-28 09:00:00+01:00,bus025,0.0
2030,sc01,02-28 09:00:00+01:00,bus029,0.0
2030,sc01,02-28 09:00:00+01:00,bus009,0.0
2030,sc01,02-28 09:00:00+01:00,bus043,0.0
2030,sc01,02-28 09:00:00+01:00,bus045,0.0
2030,sc01,02-28 09:00:00+01:00,bus084,0.0
2030,sc01,02-28 09:00:00+01:00,bus013,0.0
2030,sc01,02-28 09:00:00+01:00,bus063,0.0
2030,sc01,02-28 09:00:00+01:00,bus115,0.0
2030,sc01,02-28 09:00:00+01:00,bus010,0.0
2030,sc01,02-28 09:00:00+01:00,bus073,0.0
2030,sc01,02-28 09:00:00+01:00,bus052,0.0
2030,sc01,02-28 09:00:00+01:00,bus096,0.0
2030,sc01,02-28 09:00:00+01:00,bus050,0.0
2030,sc01,02-28 09:00:00+01:00,bus011,0.0
2030,sc01,02-28 09:00:00+01:00,bus055,0.0
2030,sc01,02-28 09:00:00+01:00,bus083,0.0
2030,sc01,02-28 09:00:00+01:00,bus081,0.0
2030,sc01,02-28 09:00:00+01:00,bus022,0.0
2030,sc01,02-28 09:00:00+01:00,bus071,0.0
2030,sc01,02-28 09:00:00+01:00,bus074,0.0
2030,sc01,02-28 09:00:00+01:00,bus040,0.0
2030,sc01,02-28 09:00:00+01:00,bus099,0.0
2030,sc01,02-28 09:00:00+01:00,bus030,0.0
2030,sc01,02-28 09:00:00+01:00,bus098,0.0
2030,sc01,02-28 09:00:00+01:00,bus053,0.0
2030,sc01,02-28 09:00:00+01:00,bus085,0.0
2030,sc01,02-28 09:00:00+01:00,bus101,0.0
2030,sc01,02-28 09:00:00+01:00,bus018,0.0
2030,sc01,02-28 09:00:00+01:00,bus023,0.0
2030,sc01,02-28 09:00:00+01:00,bus088,0.0
2030,sc01,02-28 09:00:00+01:00,bus116,0.0
2030,sc01,02-28 09:00:00+01:00,bus103,0.0
2030,sc01,02-28 09:00:00+01:00,bus008,0.0
2030,sc01,02-28 09:00:00+01:00,bus105,0.0
2030,sc01,02-28 09:00:00+01:00,bus060,0.0
2030,sc01,02-28 09:00:00+01:00,bus016,0.0
2030,sc01,02-28 09:00:00+01:00,bus082,0.0
2030,sc01,02-28 09:00:00+01:00,bus047,0.0
2030,sc01,02-28 09:00:00+01:00,bus019,0.0
2030,sc01,02-28 09:00:00+01:00,bus037,0.0
2030,sc01,02-28 09:00:00+01:00,bus006,0.0
2030,sc01,02-28 09:00:00+01:00,bus080,0.0
2030,sc01,02-28 09:00:00+01:00,bus031,0.0
2030,sc01,02-28 09:00:00+01:00,bus048,0.0
2030,sc01,02-28 09:00:00+01:00,bus107,0.0
2030,sc01,02-28 09:00:00+01:00,bus049,0.0
2030,sc01,02-28 09:00:00+01:00,bus104,0.0
2030,sc01,02-28 09:00:00+01:00,bus100,0.0
2030,sc01,02-28 09:00:00+01:00,bus072,0.0
2030,sc01,02-28 09:00:00+01:00,bus039,0.0
2030,sc01,02-28 09:00:00+01:00,bus012,0.0
2030,sc01,02-28 09:00:00+01:00,bus114,0.0
2030,sc01,02-28 09:00:00+01:00,bus112,0.0
2030,sc01,02-28 09:00:00+01:00,bus058,0.0
2030,sc01,02-28 09:00:00+01:00,bus089,0.0
2030,sc01,02-28 09:00:00+01:00,bus051,0.0
2030,sc01,02-28 09:00:00+01:00,bus056,0.0
2030,sc01,02-28 09:00:00+01:00,bus092,0.0
2030,sc01,02-28 09:00:00+01:00,bus036,0.0
2030,sc01,02-28 09:00:00+01:00,bus094,0.0
2030,sc01,02-28 09:00:00+01:00,bus095,0.0
2030,sc01,02-28 09:00:00+01:00,bus113,0.0
2030,sc01,02-28 09:00:00+01:00,bus024,0.0
2030,sc01,02-28 09:00:00+01:00,bus078,0.0
2030,sc01,02-28 09:00:00+01:00,bus033,0.0
2030,sc01,02-28 09:00:00+01:00,bus079,0.0
2030,sc01,02-28 09:00:00+01:00,bus061,0.0
2030,sc01,02-28 09:00:00+01:00,bus118,0.0
2030,sc01,02-28 09:00:00+01:00,bus003,0.0
2030,sc01,02-28 09:00:00+01:00,bus070,0.0
2030,sc01,02-28 09:00:00+01:00,bus004,0.0
2030,sc01,02-28 09:00:00+01:00,bus021,0.0
2030,sc01,02-28 09:00:00+01:00,bus068,0.0
2030,sc01,02-28 09:00:00+01:00,bus028,0.0
2030,sc01,02-28 09:00:00+01:00,bus034,0.0
2030,sc01,02-28 09:00:00+01:00,bus075,0.0
2030,sc01,02-28 09:00:00+01:00,bus064,0.0
2030,sc01,02-28 09:00:00+01:00,bus106,0.0
2030,sc01,02-28 09:00:00+01:00,bus076,0.0
2030,sc01,02-28 09:00:00+01:00,bus046,0.0
2030,sc01,02-28 09:00:00+01:00,bus007,0.0
2030,sc01,02-28 09:00:00+01:00,bus035,0.0
2030,sc01,02-28 09:00:00+01:00,bus117,0.0
2030,sc01,02-28 09:00:00+01:00,bus041,0.0
2030,sc01,02-28 09:00:00+01:00,bus102,0.0
2030,sc01,02-28 09:00:00+01:00,bus026,0.0
2030,sc01,02-28 09:00:00+01:00,bus077,0.0
2030,sc01,02-28 09:00:00+01:00,bus044,0.0
2030,sc01,02-28 09:00:00+01:00,bus091,0.0
2030,sc01,02-28 09:00:00+01:00,bus062,0.0
2030,sc01,02-28 15:00:00+01:00,bus093,0.0
2030,sc01,02-28 15:00:00+01:00,bus097,0.0
2030,sc01,02-28 15:00:00+01:00,bus110,0.0
2030,sc01,02-28 15:00:00+01:00,bus042,0.0
2030,sc01,02-28 15:00:00+01:00,bus066,0.0
2030,sc01,02-28 15:00:00+01:00,bus059,0.0
2030,sc01,02-28 15:00:00+01:00,bus057,0.0
2030,sc01,02-28 15:00:00+01:00,bus067,0.0
2030,sc01,02-28 15:00:00+01:00,bus069,0.0
2030,sc01,02-28 15:00:00+01:00,bus014,0.0
2030,sc01,02-28 15:00:00+01:00,bus090,0.0
2030,sc01,02-28 15:00:00+01:00,bus002,0.0
2030,sc01,02-28 15:00:00+01:00,bus005,0.0
2030,sc01,02-28 15:00:00+01:00,bus109,0.0
2030,sc01,02-28 15:00:00+01:00,bus020,0.0
2030,sc01,02-28 15:00:00+01:00,bus065,0.0
2030,sc01,02-28 15:00:00+01:00,bus001,0.0
2030,sc01,02-28 15:00:00+01:00,bus017,0.0
2030,sc01,02-28 15:00:00+01:00,bus015,0.0
2030,sc01,02-28 15:00:00+01:00,bus054,0.0
2030,sc01,02-28 15:00:00+01:00,bus086,0.0
2030,sc01,02-28 15:00:00+01:00,bus032,0.0
2030,sc01,02-28 15:00:00+01:00,bus038,0.0
2030,sc01,02-28 15:00:00+01:00,bus108,0.0
2030,sc01,02-28 15:00:00+01:00,bus087,0.0
2030,sc01,02-28 15:00:00+01:00,bus027,0.0
2030,sc01,02-28 15:00:00+01:00,bus111,0.0
2030,sc01,02-28 15:00:00+01:00,bus025,0.0
2030,sc01,02-28 15:00:00+01:00,bus029,0.0
2030,sc01,02-28 15:00:00+01:00,bus009,0.0
2030,sc01,02-28 15:00:00+01:00,bus043,0.0
2030,sc01,02-28 15:00:00+01:00,bus045,0.0
2030,sc01,02-28 15:00:00+01:00,bus084,0.0
2030,sc01,02-28 15:00:00+01:00,bus013,0.0
2030,sc01,02-28 15:00:00+01:00,bus063,0.0
2030,sc01,02-28 15:00:00+01:00,bus115,0.0
2030,sc01,02-28 15:00:00+01:00,bus010,0.0
2030,sc01,02-28 15:00:00+01:00,bus073,0.0
2030,sc01,02-28 15:00:00+01:00,bus052,0.0
2030,sc01,02-28 15:00:00+01:00,bus096,0.0
2030,sc01,02-28 15:00:00+01:00,bus050,0.0
2030,sc01,02-28 15:00:00+01:00,bus011,0.0
2030,sc01,02-28 15:00:00+01:00,bus055,0.0
2030,sc01,02-28 15:00:00+01:00,bus083,0.0
2030,sc01,02-28 15:00:00+01:00,bus081,0.0
2030,sc01,02-28 15:00:00+01:00,bus022,0.0
2030,sc01,02-28 15:00:00+01:00,bus071,0.0
2030,sc01,02-28 15:00:00+01:00,bus074,0.0
2030,sc01,02-28 15:00:00+01:00,bus040,0.0
2030,sc01,02-28 15:00:00+01:00,bus099,0.0
2030,sc01,02-28 15:00:00+01:00,bus030,0.0
2030,sc01,02-28 15:00:00+01:00,bus098,0.0
2030,sc01,02-28 15:00:00+01:00,bus053,0.0
2030,sc01,02-28 15:00:00+01:00,bus085,0.0
2030,sc01,02-28 15:00:00+01:00,bus101,0.0
2030,sc01,02-28 15:00:00+01:00,bus018,0.0
2030,sc01,02-28 15:00:00+01:00,bus023,0.0
2030,sc01,02-28 15:00:00+01:00,bus088,0.0
2030,sc01,02-28 15:00:00+01:00,bus116,0.0
2030,sc01,02-28 15:00:00+01:00,bus103,0.0
2030,sc01,02-28 15:00:00+01:00,bus008,0.0
2030,sc01,02-28 15:00:00+01:00,bus105,0.0
2030,sc01,02-28 15:00:00+01:00,bus060,0.0
2030,sc01,02-28 15:00:00+01:00,bus016,0.0
2030,sc01,02-28 15:00:00+01:00,bus082,0.0
2030,sc01,02-28 15:00:00+01:00,bus047,0.0
2030,sc01,02-28 15:00:00+01:00,bus019,0.0
2030,sc01,02-28 15:00:00+01:00,bus037,0.0
2030,sc01,02-28 15:00:00+01:00,bus006,0.0
2030,sc01,02-28 15:00:00+01:00,bus080,0.0
2030,sc01,02-28 15:00:00+01:00,bus031,0.0
2030,sc01,02-28 15:00:00+01:00,bus048,0.0
2030,sc01,02-28 15:00:00+01:00,bus107,0.0
2030,sc01,02-28 15:00:00+01:00,bus049,0.0
2030,sc01,02-28 15:00:00+01:00,bus104,0.0
2030,sc01,02-28 15:00:00+01:00,bus100,0.0
2030,sc01,02-28 15:00:00+01:00,bus072,0.0
2030,sc01,02-28 15:00:00+01:00,bus039,0.0
2030,sc01,02-28 15:00:00+01:00,bus012,0.0
2030,sc01,02-28 15:00:00+01:00,bus114,0.0
2030,sc01,02-28 15:00:00+01:00,bus112,0.0
2030,sc01,02-28 15:00:00+01:00,bus058,0.0
2030,sc01,02-28 15:00:00+01:00,bus089,0.0
2030,sc01,02-28 15:00:00+01:00,bus051,0.0
2030,sc01,02-28 15:00:00+01:00,bus056,0.0
2030,sc01,02-28 15:00:00+01:00,bus092,0.0
2030,sc01,02-28 15:00:00+01:00,bus036,0.0
2030,sc01,02-28 15:00:00+01:00,bus094,0.0
2030,sc01,02-28 15:00:00+01:00,bus095,0.0
2030,sc01,02-28 15:00:00+01:00,bus113,0.0
2030,sc01,02-28 15:00:00+01:00,bus024,0.0
2030,sc01,02-28 15:00:00+01:00,bus078,0.0
2030,sc01,02-28 15:00:00+01:00,bus033,0.0
2030,sc01,02-28 15:00:00+01:00,bus079,0.0
2030,sc01,02-28 15:00:00+01:00,bus061,0.0
2030,sc01,02-28 15:00:00+01:00,bus118,0.0
2030,sc01,02-28 15:00:00+01:00,bus003,0.0
2030,sc01,02-28 15:00:00+01:00,bus070,0.0
2030,sc01,02-28 15:00:00+01:00,bus004,0.0
2030,sc01,02-28 15:00:00+01:00,bus021,0.0
2030,sc01,02-28 15:00:00+01:00,bus068,0.0
2030,sc01,02-28 15:00:00+01:00,bus028,0.0
2030,sc01,02-28 15:00:00+01:00,bus034,0.0
2030,sc01,02-28 15:00:00+01:00,bus075,0.0
2030,sc01,02-28 15:00:00+01:00,bus064,0.0
2030,sc01,02-28 15:00:00+01:00,bus106,0.0
2030,sc01,02-28 15:00:00+01:00,bus076,0.0
2030,sc01,02-28 15:00:00+01:00,bus046,0.0
2030,sc01,02-28 15:00:00+01:00,bus007,0.0
2030,sc01,02-28 15:00:00+01:00,bus035,0.0
2030,sc01,02-28 15:00:00+01:00,bus117,0.0
2030,sc01,02-28 15:00:00+01:00,bus041,0.0
2030,sc01,02-28 15:00:00+01:00,bus102,0.0
2030,sc01,02-28 15:00:00+01:00,bus026,0.0
2030,sc01,02-28 15:00:00+01:00,bus077,0.0
2030,sc01,02-28 15:00:00+01:00,bus044,0.0
2030,sc01,02-28 15:00:00+01:00,bus091,0.0
2030,sc01,02-28 15:00:00+01:00,bus062,0.0
2030,sc01,02-28 17:00:00+01:00,bus093,0.0
2030,sc01,02-28 17:00:00+01:00,bus097,0.0
2030,sc01,02-28 17:00:00+01:00,bus110,0.0
2030,sc01,02-28 17:00:00+01:00,bus042,0.0
2030,sc01,02-28 17:00:00+01:00,bus066,0.0
2030,sc01,02-28 17:00:00+01:00,bus059,0.0
2030,sc01,02-28 17:00:00+01:00,bus057,0.0
2030,sc01,02-28 17:00:00+01:00,bus067,0.0
2030,sc01,02-28 17:00:00+01:00,bus069,0.0
2030,sc01,02-28 17:00:00+01:00,bus014,0.0
2030,sc01,02-28 17:00:00+01:00,bus090,0.0
2030,sc01,02-28 17:00:00+01:00,bus002,0.0
2030,sc01,02-28 17:00:00+01:00,bus005,0.0
2030,sc01,02-28 17:00:00+01:00,bus109,0.0
2030,sc01,02-28 17:00:00+01:00,bus020,0.0
2030,sc01,02-28 17:00:00+01:00,bus065,0.0
2030,sc01,02-28 17:00:00+01:00,bus001,0.0
2030,sc01,02-28 17:00:00+01:00,bus017,0.0
2030,sc01,02-28 17:00:00+01:00,bus015,0.0
2030,sc01,02-28 17:00:00+01:00,bus054,0.0
2030,sc01,02-28 17:00:00+01:00,bus086,0.0
2030,sc01,02-28 17:00:00+01:00,bus032,0.0
2030,sc01,02-28 17:00:00+01:00,bus038,0.0
2030,sc01,02-28 17:00:00+01:00,bus108,0.0
2030,sc01,02-28 17:00:00+01:00,bus087,0.0
2030,sc01,02-28 17:00:00+01:00,bus027,0.0
2030,sc01,02-28 17:00:00+01:00,bus111,0.0
2030,sc01,02-28 17:00:00+01:00,bus025,0.0
2030,sc01,02-28 17:00:00+01:00,bus029,0.0
2030,sc01,02-28 17:00:00+01:00,bus009,0.0
2030,sc01,02-28 17:00:00+01:00,bus043,0.0
2030,sc01,02-28 17:00:00+01:00,bus045,0.0
2030,sc01,02-28 17:00:00+01:00,bus084,0.0
2030,sc01,02-28 17:00:00+01:00,bus013,0.0
2030,sc01,02-28 17:00:00+01:00,bus063,0.0
2030,sc01,02-28 17:00:00+01:00,bus115,0.0
2030,sc01,02-28 17:00:00+01:00,bus010,0.0
2030,sc01,02-28 17:00:00+01:00,bus073,0.0
2030,sc01,02-28 17:00:00+01:00,bus052,0.0
2030,sc01,02-28 17:00:00+01:00,bus096,0.0
2030,sc01,02-28 17:00:00+01:00,bus050,0.0
2030,sc01,02-28 17:00:00+01:00,bus011,0.0
2030,sc01,02-28 17:00:00+01:00,bus055,0.0
2030,sc01,02-28 17:00:00+01:00,bus083,0.0
2030,sc01,02-28 17:00:00+01:00,bus081,0.0
2030,sc01,02-28 17:00:00+01:00,bus022,0.0
2030,sc01,02-28 17:00:00+01:00,bus071,0.0
2030,sc01,02-28 17:00:00+01:00,bus074,0.0
2030,sc01,02-28 17:00:00+01:00,bus040,0.0
2030,sc01,02-28 17:00:00+01:00,bus099,0.0
2030,sc01,02-28 17:00:00+01:00,bus030,0.0
2030,sc01,02-28 17:00:00+01:00,bus098,0.0
2030,sc01,02-28 17:00:00+01:00,bus053,0.0
2030,sc01,02-28 17:00:00+01:00,bus085,0.0
2030,sc01,02-28 17:00:00+01:00,bus101,0.0
2030,sc01,02-28 17:00:00+01:00,bus018,0.0
2030,sc01,02-28 17:00:00+01:00,bus023,0.0
2030,sc01,02-28 17:00:00+01:00,bus088,0.0
2030,sc01,02-28 17:00:00+01:00,bus116,0.0
2030,sc01,02-28 17:00:00+01:00,bus103,0.0
2030,sc01,02-28 17:00:00+01:00,bus008,0.0
2030,sc01,02-28 17:00:00+01:00,bus105,0.0
2030,sc01,02-28 17:00:00+01:00,bus060,0.0
2030,sc01,02-28 17:00:00+01:00,bus016,0.0
2030,sc01,02-28 17:00:00+01:00,bus082,0.0
2030,sc01,02-28 17:00:00+01:00,bus047,0.0
2030,sc01,02-28 17:00:00+01:00,bus019,0.0
2030,sc01,02-28 17:00:00+01:00,bus037,0.0
2030,sc01,02-28 17:00:00+01:00,bus006,0.0
2030,sc01,02-28 17:00:00+01:00,bus080,0.0
2030,sc01,02-28 17:00:00+01:00,bus031,0.0
2030,sc01,02-28 17:00:00+01:00,bus048,0.0
2030,sc01,02-28 17:00:00+01:00,bus107,0.0
2030,sc01,02-28 17:00:00+01:00,bus049,0.0
2030,sc01,02-28 17:00:00+01:00,bus104,0.0
2030,sc01,02-28 17:00:00+01:00,bus100,0.0
2030,sc01,02-28 17:00:00+01:00,bus072,0.0
2030,sc01,02-28 17:00:00+01:00,bus039,0.0
2030,sc01,02-28 17:00:00+01:00,bus012,0.0
2030,sc01,02-28 17:00:00+01:00,bus114,0.0
2030,sc01,02-28 17:00:00+01:00,bus112,0.0
2030,sc01,02-28 17:00:00+01:00,bus058,0.0
2030,sc01,02-28 17:00:00+01:00,bus089,0.0
2030,sc01,02-28 17:00:00+01:00,bus051,0.0
2030,sc01,02-28 17:00:00+01:00,bus056,0.0
2030,sc01,02-28 17:00:00+01:00,bus092,0.0
2030,sc01,02-28 17:00:00+01:00,bus036,0.0
2030,sc01,02-28 17:00:00+01:00,bus094,0.0
2030,sc01,02-28 17:00:00+01:00,bus095,0.0
2030,sc01,02-28 17:00:00+01:00,bus113,0.0
2030,sc01,02-28 17:00:00+01:00,bus024,0.0
2030,sc01,02-28 17:00:00+01:00,bus078,0.0
2030,sc01,02-28 17:00:00+01:00,bus033,0.0
2030,sc01,02-28 17:00:00+01:00,bus079,0.0
2030,sc01,02-28 17:00:00+01:00,bus061,0.0
2030,sc01,02-28 17:00:00+01:00,bus118,0.0
2030,sc01,02-28 17:00:00+01:00,bus003,0.0
2030,sc01,02-28 17:00:00+01:00,bus070,0.0
2030,sc01,02-28 17:00:00+01:00,bus004,0.0
2030,sc01,02-28 17:00:00+01:00,bus021,0.0
2030,sc01,02-28 17:00:00+01:00,bus068,0.0
2030,sc01,02-28 17:00:00+01:00,bus028,0.0
2030,sc01,02-28 17:00:00+01:00,bus034,0.0
2030,sc01,02-28 17:00:00+01:00,bus075,0.0
2030,sc01,02-28 17:00:00+01:00,bus064,0.0
2030,sc01,02-28 17:00:00+01:00,bus106,0.0
2030,sc01,02-28 17:00:00+01:00,bus076,0.0
2030,sc01,02-28 17:00:00+01:00,bus046,0.0
2030,sc01,02-28 17:00:00+01:00,bus007,0.0
2030,sc01,02-28 17:00:00+01:00,bus035,0.0
2030,sc01,02-28 17:00:00+01:00,bus117,0.0
2030,sc01,02-28 17:00:00+01:00,bus041,0.0
2030,sc01,02-28 17:00:00+01:00,bus102,0.0
2030,sc01,02-28 17:00:00+01:00,bus026,0.0
2030,sc01,02-28 17:00:00+01:00,bus077,0.0
2030,sc01,02-28 17:00:00+01:00,bus044,0.0
2030,sc01,02-28 17:00:00+01:00,bus091,0.0
2030,sc01,02-28 17:00:00+01:00,bus062,0.0
2030,sc01,02-28 19:00:00+01:00,bus093,0.0
2030,sc01,02-28 19:00:00+01:00,bus097,0.0
2030,sc01,02-28 19:00:00+01:00,bus110,0.0
2030,sc01,02-28 19:00:00+01:00,bus042,0.0
2030,sc01,02-28 19:00:00+01:00,bus066,0.0
2030,sc01,02-28 19:00:00+01:00,bus059,0.0
2030,sc01,02-28 19:00:00+01:00,bus057,0.0
2030,sc01,02-28 19:00:00+01:00,bus067,0.0
2030,sc01,02-28 19:00:00+01:00,bus069,0.0
2030,sc01,02-28 19:00:00+01:00,bus014,0.0
2030,sc01,02-28 19:00:00+01:00,bus090,0.0
2030,sc01,02-28 19:00:00+01:00,bus002,0.0
2030,sc01,02-28 19:00:00+01:00,bus005,0.0
2030,sc01,02-28 19:00:00+01:00,bus109,0.0
2030,sc01,02-28 19:00:00+01:00,bus020,0.0
2030,sc01,02-28 19:00:00+01:00,bus065,0.0
2030,sc01,02-28 19:00:00+01:00,bus001,0.0
2030,sc01,02-28 19:00:00+01:00,bus017,0.0
2030,sc01,02-28 19:00:00+01:00,bus015,0.0
2030,sc01,02-28 19:00:00+01:00,bus054,0.0
2030,sc01,02-28 19:00:00+01:00,bus086,0.0
2030,sc01,02-28 19:00:00+01:00,bus032,0.0
2030,sc01,02-28 19:00:00+01:00,bus038,0.0
2030,sc01,02-28 19:00:00+01:00,bus108,0.0
2030,sc01,02-28 19:00:00+01:00,bus087,0.0
2030,sc01,02-28 19:00:00+01:00,bus027,0.0
2030,sc01,02-28 19:00:00+01:00,bus111,0.0
2030,sc01,02-28 19:00:00+01:00,bus025,0.0
2030,sc01,02-28 19:00:00+01:00,bus029,0.0
2030,sc01,02-28 19:00:00+01:00,bus009,0.0
2030,sc01,02-28 19:00:00+01:00,bus043,0.0
2030,sc01,02-28 19:00:00+01:00,bus045,0.0
2030,sc01,02-28 19:00:00+01:00,bus084,0.0
2030,sc01,02-28 19:00:00+01:00,bus013,0.0
2030,sc01,02-28 19:00:00+01:00,bus063,0.0
2030,sc01,02-28 19:00:00+01:00,bus115,0.0
2030,sc01,02-28 19:00:00+01:00,bus010,0.0
2030,sc01,02-28 19:00:00+01:00,bus073,0.0
2030,sc01,02-28 19:00:00+01:00,bus052,0.0
2030,sc01,02-28 19:00:00+01:00,bus096,0.0
2030,sc01,02-28 19:00:00+01:00,bus050,0.0
2030,sc01,02-28 19:00:00+01:00,bus011,0.0
2030,sc01,02-28 19:00:00+01:00,bus055,0.0
2030,sc01,02-28 19:00:00+01:00,bus083,0.0
2030,sc01,02-28 19:00:00+01:00,bus081,0.0
2030,sc01,02-28 19:00:00+01:00,bus022,0.0
2030,sc01,02-28 19:00:00+01:00,bus071,0.0
2030,sc01,02-28 19:00:00+01:00,bus074,0.0
2030,sc01,02-28 19:00:00+01:00,bus040,0.0
2030,sc01,02-28 19:00:00+01:00,bus099,0.0
2030,sc01,02-28 19:00:00+01:00,bus030,0.0
2030,sc01,02-28 19:00:00+01:00,bus098,0.0
2030,sc01,02-28 19:00:00+01:00,bus053,0.0
2030,sc01,02-28 19:00:00+01:00,bus085,0.0
2030,sc01,02-28 19:00:00+01:00,bus101,0.0
2030,sc01,02-28 19:00:00+01:00,bus018,0.0
2030,sc01,02-28 19:00:00+01:00,bus023,0.0
2030,sc01,02-28 19:00:00+01:00,bus088,0.0
2030,sc01,02-28 19:00:00+01:00,bus116,0.0
2030,sc01,02-28 19:00:00+01:00,bus103,0.0
2030,sc01,02-28 19:00:00+01:00,bus008,0.0
2030,sc01,02-28 19:00:00+01:00,bus105,0.0
2030,sc01,02-28 19:00:00+01:00,bus060,0.0
2030,sc01,02-28 19:00:00+01:00,bus016,0.0
2030,sc01,02-28 19:00:00+01:00,bus082,0.0
2030,sc01,02-28 19:00:00+01:00,bus047,0.0
2030,sc01,02-28 19:00:00+01:00,bus019,0.0
2030,sc01,02-28 19:00:00+01:00,bus037,0.0
2030,sc01,02-28 19:00:00+01:00,bus006,0.0
2030,sc01,02-28 19:00:00+01:00,bus080,0.0
2030,sc01,02-28 19:00:00+01:00,bus031,0.0
2030,sc01,02-28 19:00:00+01:00,bus048,0.0
2030,sc01,02-28 19:00:00+01:00,bus107,0.0
2030,sc01,02-28 19:00:00+01:00,bus049,0.0
2030,sc01,02-28 19:00:00+01:00,bus104,0.0
2030,sc01,02-28 19:00:00+01:00,bus100,0.0
2030,sc01,02-28 19:00:00+01:00,bus072,0.0
2030,sc01,02-28 19:00:00+01:00,bus039,0.0
2030,sc01,02-28 19:00:00+01:00,bus012,0.0
2030,sc01,02-28 19:00:00+01:00,bus114,0.0
2030,sc01,02-28 19:00:00+01:00,bus112,0.0
2030,sc01,02-28 19:00:00+01:00,bus058,0.0
2030,sc01,02-28 19:00:00+01:00,bus089,0.0
2030,sc01,02-28 19:00:00+01:00,bus051,0.0
2030,sc01,02-28 19:00:00+01:00,bus056,0.0
2030,sc01,02-28 19:00:00+01:00,bus092,0.0
2030,sc01,02-28 19:00:00+01:00,bus036,0.0
2030,sc01,02-28 19:00:00+01:00,bus094,0.0
2030,sc01,02-28 19:00:00+01:00,bus095,0.0
2030,sc01,02-28 19:00:00+01:00,bus113,0.0
2030,sc01,02-28 19:00:00+01:00,bus024,0.0
2030,sc01,02-28 19:00:00+01:00,bus078,0.0
2030,sc01,02-28 19:00:00+01:00,bus033,0.0
2030,sc01,02-28 19:00:00+01:00,bus079,0.0
2030,sc01,02-28 19:00:00+01:00,bus061,0.0
2030,sc01,02-28 19:00:00+01:00,bus118,0.0
2030,sc01,02-28 19:00:00+01:00,bus003,0.0
2030,sc01,02-28 19:00:00+01:00,bus070,0.0
2030,sc01,02-28 19:00:00+01:00,bus004,0.0
2030,sc01,02-28 19:00:00+01:00,bus021,0.0
2030,sc01,02-28 19:00:00+01:00,bus068,0.0
2030,sc01,02-28 19:00:00+01:00,bus028,0.0
2030,sc01,02-28 19:00:00+01:00,bus034,0.0
2030,sc01,02-28 19:00:00+01:00,bus075,0.0
2030,sc01,02-28 19:00:00+01:00,bus064,0.0
2030,sc01,02-28 19:00:00+01:00,bus106,0.0
2030,sc01,02-28 19:00:00+01:00,bus076,0.0
2030,sc01,02-28 19:00:00+01:00,bus046,0.0
2030,sc01,02-28 19:00:00+01:00,bus007,0.0
2030,sc01,02-28 19:00:00+01:00,bus035,0.0
2030,sc01,02-28 19:00:00+01:00,bus117,0.0
2030,sc01,02-28 19:00:00+01:00,bus041,0.0
2030,sc01,02-28 19:00:00+01:00,bus102,0.0
2030,sc01,02-28 19:00:00+01:00,bus026,0.0
2030,sc01,02-28 19:00:00+01:00,bus077,0.0
2030,sc01,02-28 19:00:00+01:00,bus044,0.0
2030,sc01,02-28 19:00:00+01:00,bus091,0.0
2030,sc01,02-28 19:00:00+01:00,bus062,0.0
2030,sc01,03-01 19:00:00+01:00,bus093,0.0
2030,sc01,03-01 19:00:00+01:00,bus097,0.0
2030,sc01,03-01 19:00:00+01:00,bus110,0.0
2030,sc01,03-01 19:00:00+01:00,bus042,0.0
2030,sc01,03-01 19:00:00+01:00,bus066,0.0
2030,sc01,03-01 19:00:00+01:00,bus059,0.0
2030,sc01,03-01 19:00:00+01:00,bus057,0.0
2030,sc01,03-01 19:00:00+01:00,bus067,0.0
2030,sc01,03-01 19:00:00+01:00,bus069,0.0
2030,sc01,03-01 19:00:00+01:00,bus014,0.0
2030,sc01,03-01 19:00:00+01:00,bus090,0.0
2030,sc01,03-01 19:00:00+01:00,bus002,0.0
2030,sc01,03-01 19:00:00+01:00,bus005,0.0
2030,sc01,03-01 19:00:00+01:00,bus109,0.0
2030,sc01,03-01 19:00:00+01:00,bus020,0.0
2030,sc01,03-01 19:00:00+01:00,bus065,0.0
2030,sc01,03-01 19:00:00+01:00,bus001,0.0
2030,sc01,03-01 19:00:00+01:00,bus017,0.0
2030,sc01,03-01 19:00:00+01:00,bus015,0.0
2030,sc01,03-01 19:00:00+01:00,bus054,0.0
2030,sc01,03-01 19:00:00+01:00,bus086,0.0
2030,sc01,03-01 19:00:00+01:00,bus032,0.0
2030,sc01,03-01 19:00:00+01:00,bus038,0.0
2030,sc01,03-01 19:00:00+01:00,bus108,0.0
2030,sc01,03-01 19:00:00+01:00,bus087,0.0
2030,sc01,03-01 19:00:00+01:00,bus027,0.0
2030,sc01,03-01 19:00:00+01:00,bus111,0.0
2030,sc01,03-01 19:00:00+01:00,bus025,0.0
2030,sc01,03-01 19:00:00+01:00,bus029,0.0
2030,sc01,03-01 19:00:00+01:00,bus009,0.0
2030,sc01,03-01 19:00:00+01:00,bus043,0.0
2030,sc01,03-01 19:00:00+01:00,bus045,0.0
2030,sc01,03-01 19:00:00+01:00,bus084,0.0
2030,sc01,03-01 19:00:00+01:00,bus013,0.0
2030,sc01,03-01 19:00:00+01:00,bus063,0.0
2030,sc01,03-01 19:00:00+01:00,bus115,0.0
2030,sc01,03-01 19:00:00+01:00,bus010,0.0
2030,sc01,03-01 19:00:00+01:00,bus073,0.0
2030,sc01,03-01 19:00:00+01:00,bus052,0.0
2030,sc01,03-01 19:00:00+01:00,bus096,0.0
2030,sc01,03-01 19:00:00+01:00,bus050,0.0
2030,sc01,03-01 19:00:00+01:00,bus011,0.0
2030,sc01,03-01 19:00:00+01:00,bus055,0.0
2030,sc01,03-01 19:00:00+01:00,bus083,0.0
2030,sc01,03-01 19:00:00+01:00,bus081,0.0
2030,sc01,03-01 19:00:00+01:00,bus022,0.0
2030,sc01,03-01 19:00:00+01:00,bus071,0.0
2030,sc01,03-01 19:00:00+01:00,bus074,0.0
2030,sc01,03-01 19:00:00+01:00,bus040,0.0
2030,sc01,03-01 19:00:00+01:00,bus099,0.0
2030,sc01,03-01 19:00:00+01:00,bus030,0.0
2030,sc01,03-01 19:00:00+01:00,bus098,0.0
2030,sc01,03-01 19:00:00+01:00,bus053,0.0
2030,sc01,03-01 19:00:00+01:00,bus085,0.0
2030,sc01,03-01 19:00:00+01:00,bus101,0.0
2030,sc01,03-01 19:00:00+01:00,bus018,0.0
2030,sc01,03-01 19:00:00+01:00,bus023,0.0
2030,sc01,03-01 19:00:00+01:00,bus088,0.0
2030,sc01,03-01 19:00:00+01:00,bus116,0.0
2030,sc01,03-01 19:00:00+01:00,bus103,0.0
2030,sc01,03-01 19:00:00+01:00,bus008,0.0
2030,sc01,03-01 19:00:00+01:00,bus105,0.0
2030,sc01,03-01 19:00:00+01:00,bus060,0.0
2030,sc01,03-01 19:00:00+01:00,bus016,0.0
2030,sc01,03-01 19:00:00+01:00,bus082,0.0
2030,sc01,03-01 19:00:00+01:00,bus047,0.0
2030,sc01,03-01 19:00:00+01:00,bus019,0.0
2030,sc01,03-01 19:00:00+01:00,bus037,0.0
2030,sc01,03-01 19:00:00+01:00,bus006,0.0
2030,sc01,03-01 19:00:00+01:00,bus080,0.0
2030,sc01,03-01 19:00:00+01:00,bus031,0.0
2030,sc01,03-01 19:00:00+01:00,bus048,0.0
2030,sc01,03-01 19:00:00+01:00,bus107,0.0
2030,sc01,03-01 19:00:00+01:00,bus049,0.0
2030,sc01,03-01 19:00:00+01:00,bus104,0.0
2030,sc01,03-01 19:00:00+01:00,bus100,0.0
2030,sc01,03-01 19:00:00+01:00,bus072,0.0
2030,sc01,03-01 19:00:00+01:00,bus039,0.0
2030,sc01,03-01 19:00:00+01:00,bus012,0.0
2030,sc01,03-01 19:00:00+01:00,bus114,0.0
2030,sc01,03-01 19:00:00+01:00,bus112,0.0
2030,sc01,03-01 19:00:00+01:00,bus058,0.0
2030,sc01,03-01 19:00:00+01:00,bus089,0.0
2030,sc01,03-01 19:00:00+01:00,bus051,0.0
2030,sc01,03-01 19:00:00+01:00,bus056,0.0
2030,sc01,03-01 19:00:00+01:00,bus092,0.0
2030,sc01,03-01 19:00:00+01:00,bus036,0.0
2030,sc01,03-01 19:00:00+01:00,bus094,0.0
2030,sc01,03-01 19:00:00+01:00,bus095,0.0
2030,sc01,03-01 19:00:00+01:00,bus113,0.0
2030,sc01,03-01 19:00:00+01:00,bus024,0.0
2030,sc01,03-01 19:00:00+01:00,bus078,0.0
2030,sc01,03-01 19:00:00+01:00,bus033,0.0
2030,sc01,03-01 19:00:00+01:00,bus079,0.0
2030,sc01,03-01 19:00:00+01:00,bus061,0.0
2030,sc01,03-01 19:00:00+01:00,bus118,0.0
2030,sc01,03-01 19:00:00+01:00,bus003,0.0
2030,sc01,03-01 19:00:00+01:00,bus070,0.0
2030,sc01,03-01 19:00:00+01:00,bus004,0.0
2030,sc01,03-01 19:00:00+01:00,bus021,0.0
2030,sc01,03-01 19:00:00+01:00,bus068,0.0
2030,sc01,03-01 19:00:00+01:00,bus028,0.0
2030,sc01,03-01 19:00:00+01:00,bus034,0.0
2030,sc01,03-01 19:00:00+01:00,bus075,0.0
2030,sc01,03-01 19:00:00+01:00,bus064,0.0
2030,sc01,03-01 19:00:00+01:00,bus106,0.0
2030,sc01,03-01 19:00:00+01:00,bus076,0.0
2030,sc01,03-01 19:00:00+01:00,bus046,0.0
2030,sc01,03-01 19:00:00+01:00,bus007,0.0
2030,sc01,03-01 19:00:00+01:00,bus035,0.0
2030,sc01,03-01 19:00:00+01:00,bus117,0.0
2030,sc01,03-01 19:00:00+01:00,bus041,0.0
2030,sc01,03-01 19:00:00+01:00,bus102,0.0
2030,sc01,03-01 19:00:00+01:00,bus026,0.0
2030,sc01,03-01 19:00:00+01:00,bus077,0.0
2030,sc01,03-01 19:00:00+01:00,bus044,0.0
2030,sc01,03-01 19:00:00+01:00,bus091,0.0
2030,sc01,03-01 19:00:00+01:00,bus062,0.0
2030,sc01,03-02 20:00:00+01:00,bus093,0.0
2030,sc01,03-02 20:00:00+01:00,bus097,0.0
2030,sc01,03-02 20:00:00+01:00,bus110,0.0
2030,sc01,03-02 20:00:00+01:00,bus042,0.0
2030,sc01,03-02 20:00:00+01:00,bus066,0.0
2030,sc01,03-02 20:00:00+01:00,bus059,0.0
2030,sc01,03-02 20:00:00+01:00,bus057,0.0
2030,sc01,03-02 20:00:00+01:00,bus067,0.0
2030,sc01,03-02 20:00:00+01:00,bus069,0.0
2030,sc01,03-02 20:00:00+01:00,bus014,0.0
2030,sc01,03-02 20:00:00+01:00,bus090,0.0
2030,sc01,03-02 20:00:00+01:00,bus002,0.0
2030,sc01,03-02 20:00:00+01:00,bus005,0.0
2030,sc01,03-02 20:00:00+01:00,bus109,0.0
2030,sc01,03-02 20:00:00+01:00,bus020,0.0
2030,sc01,03-02 20:00:00+01:00,bus065,0.0
2030,sc01,03-02 20:00:00+01:00,bus001,0.0
2030,sc01,03-02 20:00:00+01:00,bus017,0.0
2030,sc01,03-02 20:00:00+01:00,bus015,0.0
2030,sc01,03-02 20:00:00+01:00,bus054,0.0
2030,sc01,03-02 20:00:00+01:00,bus086,0.0
2030,sc01,03-02 20:00:00+01:00,bus032,0.0
2030,sc01,03-02 20:00:00+01:00,bus038,0.0
2030,sc01,03-02 20:00:00+01:00,bus108,0.0
2030,sc01,03-02 20:00:00+01:00,bus087,0.0
2030,sc01,03-02 20:00:00+01:00,bus027,0.0
2030,sc01,03-02 20:00:00+01:00,bus111,0.0
2030,sc01,03-02 20:00:00+01:00,bus025,0.0
2030,sc01,03-02 20:00:00+01:00,bus029,0.0
2030,sc01,03-02 20:00:00+01:00,bus009,0.0
2030,sc01,03-02 20:00:00+01:00,bus043,0.0
2030,sc01,03-02 20:00:00+01:00,bus045,0.0
2030,sc01,03-02 20:00:00+01:00,bus084,0.0
2030,sc01,03-02 20:00:00+01:00,bus013,0.0
2030,sc01,03-02 20:00:00+01:00,bus063,0.0
2030,sc01,03-02 20:00:00+01:00,bus115,0.0
2030,sc01,03-02 20:00:00+01:00,bus010,0.0
2030,sc01,03-02 20:00:00+01:00,bus073,0.0
2030,sc01,03-02 20:00:00+01:00,bus052,0.0
2030,sc01,03-02 20:00:00+01:00,bus096,0.0
2030,sc01,03-02 20:00:00+01:00,bus050,0.0
2030,sc01,03-02 20:00:00+01:00,bus011,0.0
2030,sc01,03-02 20:00:00+01:00,bus055,0.0
2030,sc01,03-02 20:00:00+01:00,bus083,0.0
2030,sc01,03-02 20:00:00+01:00,bus081,0.0
2030,sc01,03-02 20:00:00+01:00,bus022,0.0
2030,sc01,03-02 20:00:00+01:00,bus071,0.0
2030,sc01,03-02 20:00:00+01:00,bus074,0.0
2030,sc01,03-02 20:00:00+01:00,bus040,0.0
2030,sc01,03-02 20:00:00+01:00,bus099,0.0
2030,sc01,03-02 20:00:00+01:00,bus030,0.0
2030,sc01,03-02 20:00:00+01:00,bus098,0.0
2030,sc01,03-02 20:00:00+01:00,bus053,0.0
2030,sc01,03-02 20:00:00+01:00,bus085,0.0
2030,sc01,03-02 20:00:00+01:00,bus101,0.0
2030,sc01,03-02 20:00:00+01:00,bus018,0.0
2030,sc01,03-02 20:00:00+01:00,bus023,0.0
2030,sc01,03-02 20:00:00+01:00,bus088,0.0
2030,sc01,03-02 20:00:00+01:00,bus116,0.0
2030,sc01,03-02 20:00:00+01:00,bus103,0.0
2030,sc01,03-02 20:00:00+01:00,bus008,0.0
2030,sc01,03-02 20:00:00+01:00,bus105,0.0
2030,sc01,03-02 20:00:00+01:00,bus060,0.0
2030,sc01,03-02 20:00:00+01:00,bus016,0.0
2030,sc01,03-02 20:00:00+01:00,bus082,0.0
2030,sc01,03-02 20:00:00+01:00,bus047,0.0
2030,sc01,03-02 20:00:00+01:00,bus019,0.0
2030,sc01,03-02 20:00:00+01:00,bus037,0.0
2030,sc01,03-02 20:00:00+01:00,bus006,0.0
2030,sc01,03-02 20:00:00+01:00,bus080,0.0
2030,sc01,03-02 20:00:00+01:00,bus031,0.0
2030,sc01,03-02 20:00:00+01:00,bus048,0.0
2030,sc01,03-02 20:00:00+01:00,bus107,0.0
2030,sc01,03-02 20:00:00+01:00,bus049,0.0
2030,sc01,03-02 20:00:00+01:00,bus104,0.0
2030,sc01,03-02 20:00:00+01:00,bus100,0.0
2030,sc01,03-02 20:00:00+01:00,bus072,0.0
2030,sc01,03-02 20:00:00+01:00,bus039,0.0
2030,sc01,03-02 20:00:00+01:00,bus012,0.0
2030,sc01,03-02 20:00:00+01:00,bus114,0.0
2030,sc01,03-02 20:00:00+01:00,bus112,0.0
2030,sc01,03-02 20:00:00+01:00,bus058,0.0
2030,sc01,03-02 20:00:00+01:00,bus089,0.0
2030,sc01,03-02 20:00:00+01:00,bus051,0.0
2030,sc01,03-02 20:00:00+01:00,bus056,0.0
2030,sc01,03-02 20:00:00+01:00,bus092,0.0
2030,sc01,03-02 20:00:00+01:00,bus036,0.0
2030,sc01,03-02 20:00:00+01:00,bus094,0.0
2030,sc01,03-02 20:00:00+01:00,bus095,0.0
2030,sc01,03-02 20:00:00+01:00,bus113,0.0
2030,sc01,03-02 20:00:00+01:00,bus024,0.0
2030,sc01,03-02 20:00:00+01:00,bus078,0.0
2030,sc01,03-02 20:00:00+01:00,bus033,0.0
2030,sc01,03-02 20:00:00+01:00,bus079,0.0
2030,sc01,03-02 20:00:00+01:00,bus061,0.0
2030,sc01,03-02 20:00:00+01:00,bus118,0.0
2030,sc01,03-02 20:00:00+01:00,bus003,0.0
2030,sc01,03-02 20:00:00+01:00,bus070,0.0
2030,sc01,03-02 20:00:00+01:00,bus004,0.0
2030,sc01,03-02 20:00:00+01:00,bus021,0.0
2030,sc01,03-02 20:00:00+01:00,bus068,0.0
2030,sc01,03-02 20:00:00+01:00,bus028,0.0
2030,sc01,03-02 20:00:00+01:00,bus034,0.0
2030,sc01,03-02 20:00:00+01:00,bus075,0.0
2030,sc01,03-02 20:00:00+01:00,bus064,0.0
2030,sc01,03-02 20:00:00+01:00,bus106,0.0
2030,sc01,03-02 20:00:00+01:00,bus076,0.0
2030,sc01,03-02 20:00:00+01:00,bus046,0.0
2030,sc01,03-02 20:00:00+01:00,bus007,0.0
2030,sc01,03-02 20:00:00+01:00,bus035,0.0
2030,sc01,03-02 20:00:00+01:00,bus117,0.0
2030,sc01,03-02 20:00:00+01:00,bus041,0.0
2030,sc01,03-02 20:00:00+01:00,bus102,0.0
2030,sc01,03-02 20:00:00+01:00,bus026,0.0
2030,sc01,03-02 20:00:00+01:00,bus077,0.0
2030,sc01,03-02 20:00:00+01:00,bus044,0.0
2030,sc01,03-02 20:00:00+01:00,bus091,0.0
2030,sc01,03-02 20:00:00+01:00,bus062,0.0
2030,sc01,03-05 18:00:00+01:00,bus093,0.0
2030,sc01,03-05 18:00:00+01:00,bus097,0.0
2030,sc01,03-05 18:00:00+01:00,bus110,0.0
2030,sc01,03-05 18:00:00+01:00,bus042,0.0
2030,sc01,03-05 18:00:00+01:00,bus066,0.0
2030,sc01,03-05 18:00:00+01:00,bus059,0.0
2030,sc01,03-05 18:00:00+01:00,bus057,0.0
2030,sc01,03-05 18:00:00+01:00,bus067,0.0
2030,sc01,03-05 18:00:00+01:00,bus069,0.0
2030,sc01,03-05 18:00:00+01:00,bus014,0.0
2030,sc01,03-05 18:00:00+01:00,bus090,0.0
2030,sc01,03-05 18:00:00+01:00,bus002,0.0
2030,sc01,03-05 18:00:00+01:00,bus005,0.0
2030,sc01,03-05 18:00:00+01:00,bus109,0.0
2030,sc01,03-05 18:00:00+01:00,bus020,0.0
2030,sc01,03-05 18:00:00+01:00,bus065,0.0
2030,sc01,03-05 18:00:00+01:00,bus001,0.0
2030,sc01,03-05 18:00:00+01:00,bus017,0.0
2030,sc01,03-05 18:00:00+01:00,bus015,0.0
2030,sc01,03-05 18:00:00+01:00,bus054,0.0
2030,sc01,03-05 18:00:00+01:00,bus086,0.0
2030,sc01,03-05 18:00:00+01:00,bus032,0.0
2030,sc01,03-05 18:00:00+01:00,bus038,0.0
2030,sc01,03-05 18:00:00+01:00,bus108,0.0
2030,sc01,03-05 18:00:00+01:00,bus087,0.0
2030,sc01,03-05 18:00:00+01:00,bus027,0.0
2030,sc01,03-05 18:00:00+01:00,bus111,0.0
2030,sc01,03-05 18:00:00+01:00,bus025,0.0
2030,sc01,03-05 18:00:00+01:00,bus029,0.0
2030,sc01,03-05 18:00:00+01:00,bus009,0.0
2030,sc01,03-05 18:00:00+01:00,bus043,0.0
2030,sc01,03-05 18:00:00+01:00,bus045,0.0
2030,sc01,03-05 18:00:00+01:00,bus084,0.0
2030,sc01,03-05 18:00:00+01:00,bus013,0.0
2030,sc01,03-05 18:00:00+01:00,bus063,0.0
2030,sc01,03-05 18:00:00+01:00,bus115,0.0
2030,sc01,03-05 18:00:00+01:00,bus010,0.0
2030,sc01,03-05 18:00:00+01:00,bus073,0.0
2030,sc01,03-05 18:00:00+01:00,bus052,0.0
2030,sc01,03-05 18:00:00+01:00,bus096,0.0
2030,sc01,03-05 18:00:00+01:00,bus050,0.0
2030,sc01,03-05 18:00:00+01:00,bus011,0.0
2030,sc01,03-05 18:00:00+01:00,bus055,0.0
2030,sc01,03-05 18:00:00+01:00,bus083,0.0
2030,sc01,03-05 18:00:00+01:00,bus081,0.0
2030,sc01,03-05 18:00:00+01:00,bus022,0.0
2030,sc01,03-05 18:00:00+01:00,bus071,0.0
2030,sc01,03-05 18:00:00+01:00,bus074,0.0
2030,sc01,03-05 18:00:00+01:00,bus040,0.0
2030,sc01,03-05 18:00:00+01:00,bus099,0.0
2030,sc01,03-05 18:00:00+01:00,bus030,0.0
2030,sc01,03-05 18:00:00+01:00,bus098,0.0
2030,sc01,03-05 18:00:00+01:00,bus053,0.0
2030,sc01,03-05 18:00:00+01:00,bus085,0.0
2030,sc01,03-05 18:00:00+01:00,bus101,0.0
2030,sc01,03-05 18:00:00+01:00,bus018,0.0
2030,sc01,03-05 18:00:00+01:00,bus023,0.0
2030,sc01,03-05 18:00:00+01:00,bus088,0.0
2030,sc01,03-05 18:00:00+01:00,bus116,0.0
2030,sc01,03-05 18:00:00+01:00,bus103,0.0
2030,sc01,03-05 18:00:00+01:00,bus008,0.0
2030,sc01,03-05 18:00:00+01:00,bus105,0.0
2030,sc01,03-05 18:00:00+01:00,bus060,0.0
2030,sc01,03-05 18:00:00+01:00,bus016,0.0
2030,sc01,03-05 18:00:00+01:00,bus082,0.0
2030,sc01,03-05 18:00:00+01:00,bus047,0.0
2030,sc01,03-05 18:00:00+01:00,bus019,0.0
2030,sc01,03-05 18:00:00+01:00,bus037,0.0
2030,sc01,03-05 18:00:00+01:00,bus006,0.0
2030,sc01,03-05 18:00:00+01:00,bus080,0.0
2030,sc01,03-05 18:00:00+01:00,bus031,0.0
2030,sc01,03-05 18:00:00+01:00,bus048,0.0
2030,sc01,03-05 18:00:00+01:00,bus107,0.0
2030,sc01,03-05 18:00:00+01:00,bus049,0.0
2030,sc01,03-05 18:00:00+01:00,bus104,0.0
2030,sc01,03-05 18:00:00+01:00,bus100,0.0
2030,sc01,03-05 18:00:00+01:00,bus072,0.0
2030,sc01,03-05 18:00:00+01:00,bus039,0.0
2030,sc01,03-05 18:00:00+01:00,bus012,0.0
2030,sc01,03-05 18:00:00+01:00,bus114,0.0
2030,sc01,03-05 18:00:00+01:00,bus112,0.0
2030,sc01,03-05 18:00:00+01:00,bus058,0.0
2030,sc01,03-05 18:00:00+01:00,bus089,0.0
2030,sc01,03-05 18:00:00+01:00,bus051,0.0
2030,sc01,03-05 18:00:00+01:00,bus056,0.0
2030,sc01,03-05 18:00:00+01:00,bus092,0.0
2030,sc01,03-05 18:00:00+01:00,bus036,0.0
2030,sc01,03-05 18:00:00+01:00,bus094,0.0
2030,sc01,03-05 18:00:00+01:00,bus095,0.0
2030,sc01,03-05 18:00:00+01:00,bus113,0.0
2030,sc01,03-05 18:00:00+01:00,bus024,0.0
2030,sc01,03-05 18:00:00+01:00,bus078,0.0
2030,sc01,03-05 18:00:00+01:00,bus033,0.0
2030,sc01,03-05 18:00:00+01:00,bus079,0.0
2030,sc01,03-05 18:00:00+01:00,bus061,0.0
2030,sc01,03-05 18:00:00+01:00,bus118,0.0
2030,sc01,03-05 18:00:00+01:00,bus003,0.0
2030,sc01,03-05 18:00:00+01:00,bus070,0.0
2030,sc01,03-05 18:00:00+01:00,bus004,0.0
2030,sc01,03-05 18:00:00+01:00,bus021,0.0
2030,sc01,03-05 18:00:00+01:00,bus068,0.0
2030,sc01,03-05 18:00:00+01:00,bus028,0.0
2030,sc01,03-05 18:00:00+01:00,bus034,0.0
2030,sc01,03-05 18:00:00+01:00,bus075,0.0
2030,sc01,03-05 18:00:00+01:00,bus064,0.0
2030,sc01,03-05 18:00:00+01:00,bus106,0.0
2030,sc01,03-05 18:00:00+01:00,bus076,0.0
2030,sc01,03-05 18:00:00+01:00,bus046,0.0
2030,sc01,03-05 18:00:00+01:00,bus007,0.0
2030,sc01,03-05 18:00:00+01:00,bus035,0.0
2030,sc01,03-05 18:00:00+01:00,bus117,0.0
2030,sc01,03-05 18:00:00+01:00,bus041,0.0
2030,sc01,03-05 18:00:00+01:00,bus102,0.0
2030,sc01,03-05 18:00:00+01:00,bus026,0.0
2030,sc01,03-05 18:00:00+01:00,bus077,0.0
2030,sc01,03-05 18:00:00+01:00,bus044,0.0
2030,sc01,03-05 18:00:00+01:00,bus091,0.0
2030,sc01,03-05 18:00:00+01:00,bus062,0.0
2030,sc01,03-05 20:00:00+01:00,bus093,0.0
2030,sc01,03-05 20:00:00+01:00,bus097,0.0
2030,sc01,03-05 20:00:00+01:00,bus110,0.0
2030,sc01,03-05 20:00:00+01:00,bus042,0.0
2030,sc01,03-05 20:00:00+01:00,bus066,0.0
2030,sc01,03-05 20:00:00+01:00,bus059,0.0
2030,sc01,03-05 20:00:00+01:00,bus057,0.0
2030,sc01,03-05 20:00:00+01:00,bus067,0.0
2030,sc01,03-05 20:00:00+01:00,bus069,0.0
2030,sc01,03-05 20:00:00+01:00,bus014,0.0
2030,sc01,03-05 20:00:00+01:00,bus090,0.0
2030,sc01,03-05 20:00:00+01:00,bus002,0.0
2030,sc01,03-05 20:00:00+01:00,bus005,0.0
2030,sc01,03-05 20:00:00+01:00,bus109,0.0
2030,sc01,03-05 20:00:00+01:00,bus020,0.0
2030,sc01,03-05 20:00:00+01:00,bus065,0.0
2030,sc01,03-05 20:00:00+01:00,bus001,0.0
2030,sc01,03-05 20:00:00+01:00,bus017,0.0
2030,sc01,03-05 20:00:00+01:00,bus015,0.0
2030,sc01,03-05 20:00:00+01:00,bus054,0.0
2030,sc01,03-05 20:00:00+01:00,bus086,0.0
2030,sc01,03-05 20:00:00+01:00,bus032,0.0
2030,sc01,03-05 20:00:00+01:00,bus038,0.0
2030,sc01,03-05 20:00:00+01:00,bus108,0.0
2030,sc01,03-05 20:00:00+01:00,bus087,0.0
2030,sc01,03-05 20:00:00+01:00,bus027,0.0
2030,sc01,03-05 20:00:00+01:00,bus111,0.0
2030,sc01,03-05 20:00:00+01:00,bus025,0.0
2030,sc01,03-05 20:00:00+01:00,bus029,0.0
2030,sc01,03-05 20:00:00+01:00,bus009,0.0
2030,sc01,03-05 20:00:00+01:00,bus043,0.0
2030,sc01,03-05 20:00:00+01:00,bus045,0.0
2030,sc01,03-05 20:00:00+01:00,bus084,0.0
2030,sc01,03-05 20:00:00+01:00,bus013,0.0
2030,sc01,03-05 20:00:00+01:00,bus063,0.0
2030,sc01,03-05 20:00:00+01:00,bus115,0.0
2030,sc01,03-05 20:00:00+01:00,bus010,0.0
2030,sc01,03-05 20:00:00+01:00,bus073,0.0
2030,sc01,03-05 20:00:00+01:00,bus052,0.0
2030,sc01,03-05 20:00:00+01:00,bus096,0.0
2030,sc01,03-05 20:00:00+01:00,bus050,0.0
2030,sc01,03-05 20:00:00+01:00,bus011,0.0
2030,sc01,03-05 20:00:00+01:00,bus055,0.0
2030,sc01,03-05 20:00:00+01:00,bus083,0.0
2030,sc01,03-05 20:00:00+01:00,bus081,0.0
2030,sc01,03-05 20:00:00+01:00,bus022,0.0
2030,sc01,03-05 20:00:00+01:00,bus071,0.0
2030,sc01,03-05 20:00:00+01:00,bus074,0.0
2030,sc01,03-05 20:00:00+01:00,bus040,0.0
2030,sc01,03-05 20:00:00+01:00,bus099,0.0
2030,sc01,03-05 20:00:00+01:00,bus030,0.0
2030,sc01,03-05 20:00:00+01:00,bus098,0.0
2030,sc01,03-05 20:00:00+01:00,bus053,0.0
2030,sc01,03-05 20:00:00+01:00,bus085,0.0
2030,sc01,03-05 20:00:00+01:00,bus101,0.0
2030,sc01,03-05 20:00:00+01:00,bus018,0.0
2030,sc01,03-05 20:00:00+01:00,bus023,0.0
2030,sc01,03-05 20:00:00+01:00,bus088,0.0
2030,sc01,03-05 20:00:00+01:00,bus116,0.0
2030,sc01,03-05 20:00:00+01:00,bus103,0.0
2030,sc01,03-05 20:00:00+01:00,bus008,0.0
2030,sc01,03-05 20:00:00+01:00,bus105,0.0
2030,sc01,03-05 20:00:00+01:00,bus060,0.0
2030,sc01,03-05 20:00:00+01:00,bus016,0.0
2030,sc01,03-05 20:00:00+01:00,bus082,0.0
2030,sc01,03-05 20:00:00+01:00,bus047,0.0
2030,sc01,03-05 20:00:00+01:00,bus019,0.0
2030,sc01,03-05 20:00:00+01:00,bus037,0.0
2030,sc01,03-05 20:00:00+01:00,bus006,0.0
2030,sc01,03-05 20:00:00+01:00,bus080,0.0
2030,sc01,03-05 20:00:00+01:00,bus031,0.0
2030,sc01,03-05 20:00:00+01:00,bus048,0.0
2030,sc01,03-05 20:00:00+01:00,bus107,0.0
2030,sc01,03-05 20:00:00+01:00,bus049,0.0
2030,sc01,03-05 20:00:00+01:00,bus104,0.0
2030,sc01,03-05 20:00:00+01:00,bus100,0.0
2030,sc01,03-05 20:00:00+01:00,bus072,0.0
2030,sc01,03-05 20:00:00+01:00,bus039,0.0
2030,sc01,03-05 20:00:00+01:00,bus012,0.0
2030,sc01,03-05 20:00:00+01:00,bus114,0.0
2030,sc01,03-05 20:00:00+01:00,bus112,0.0
2030,sc01,03-05 20:00:00+01:00,bus058,0.0
2030,sc01,03-05 20:00:00+01:00,bus089,0.0
2030,sc01,03-05 20:00:00+01:00,bus051,0.0
2030,sc01,03-05 20:00:00+01:00,bus056,0.0
2030,sc01,03-05 20:00:00+01:00,bus092,0.0
2030,sc01,03-05 20:00:00+01:00,bus036,0.0
2030,sc01,03-05 20:00:00+01:00,bus094,0.0
2030,sc01,03-05 20:00:00+01:00,bus095,0.0
2030,sc01,03-05 20:00:00+01:00,bus113,0.0
2030,sc01,03-05 20:00:00+01:00,bus024,0.0
2030,sc01,03-05 20:00:00+01:00,bus078,0.0
2030,sc01,03-05 20:00:00+01:00,bus033,0.0
2030,sc01,03-05 20:00:00+01:00,bus079,0.0
2030,sc01,03-05 20:00:00+01:00,bus061,0.0
2030,sc01,03-05 20:00:00+01:00,bus118,0.0
2030,sc01,03-05 20:00:00+01:00,bus003,0.0
2030,sc01,03-05 20:00:00+01:00,bus070,0.0
2030,sc01,03-05 20:00:00+01:00,bus004,0.0
2030,sc01,03-05 20:00:00+01:00,bus021,0.0
2030,sc01,03-05 20:00:00+01:00,bus068,0.0
2030,sc01,03-05 20:00:00+01:00,bus028,0.0
2030,sc01,03-05 20:00:00+01:00,bus034,0.0
2030,sc01,03-05 20:00:00+01:00,bus075,0.0
2030,sc01,03-05 20:00:00+01:00,bus064,0.0
2030,sc01,03-05 20:00:00+01:00,bus106,0.0
2030,sc01,03-05 20:00:00+01:00,bus076,0.0
2030,sc01,03-05 20:00:00+01:00,bus046,0.0
2030,sc01,03-05 20:00:00+01:00,bus007,0.0
2030,sc01,03-05 20:00:00+01:00,bus035,0.0
2030,sc01,03-05 20:00:00+01:00,bus117,0.0
2030,sc01,03-05 20:00:00+01:00,bus041,0.0
2030,sc01,03-05 20:00:00+01:00,bus102,0.0
2030,sc01,03-05 20:00:00+01:00,bus026,0.0
2030,sc01,03-05 20:00:00+01:00,bus077,0.0
2030,sc01,03-05 20:00:00+01:00,bus044,0.0
2030,sc01,03-05 20:00:00+01:00,bus091,0.0
2030,sc01,03-05 20:00:00+01:00,bus062,0.0
2030,sc01,03-06 21:00:00+01:00,bus093,0.0
2030,sc01,03-06 21:00:00+01:00,bus097,0.0
2030,sc01,03-06 21:00:00+01:00,bus110,0.0
2030,sc01,03-06 21:00:00+01:00,bus042,0.0
2030,sc01,03-06 21:00:00+01:00,bus066,0.0
2030,sc01,03-06 21:00:00+01:00,bus059,0.0
2030,sc01,03-06 21:00:00+01:00,bus057,0.0
2030,sc01,03-06 21:00:00+01:00,bus067,0.0
2030,sc01,03-06 21:00:00+01:00,bus069,0.0
2030,sc01,03-06 21:00:00+01:00,bus014,0.0
2030,sc01,03-06 21:00:00+01:00,bus090,0.0
2030,sc01,03-06 21:00:00+01:00,bus002,0.0
2030,sc01,03-06 21:00:00+01:00,bus005,0.0
2030,sc01,03-06 21:00:00+01:00,bus109,0.0
2030,sc01,03-06 21:00:00+01:00,bus020,0.0
2030,sc01,03-06 21:00:00+01:00,bus065,0.0
2030,sc01,03-06 21:00:00+01:00,bus001,0.0
2030,sc01,03-06 21:00:00+01:00,bus017,0.0
2030,sc01,03-06 21:00:00+01:00,bus015,0.0
2030,sc01,03-06 21:00:00+01:00,bus054,0.0
2030,sc01,03-06 21:00:00+01:00,bus086,0.0
2030,sc01,03-06 21:00:00+01:00,bus032,0.0
2030,sc01,03-06 21:00:00+01:00,bus038,0.0
2030,sc01,03-06 21:00:00+01:00,bus108,0.0
2030,sc01,03-06 21:00:00+01:00,bus087,0.0
2030,sc01,03-06 21:00:00+01:00,bus027,0.0
2030,sc01,03-06 21:00:00+01:00,bus111,0.0
2030,sc01,03-06 21:00:00+01:00,bus025,0.0
2030,sc01,03-06 21:00:00+01:00,bus029,0.0
2030,sc01,03-06 21:00:00+01:00,bus009,0.0
2030,sc01,03-06 21:00:00+01:00,bus043,0.0
2030,sc01,03-06 21:00:00+01:00,bus045,0.0
2030,sc01,03-06 21:00:00+01:00,bus084,0.0
2030,sc01,03-06 21:00:00+01:00,bus013,0.0
2030,sc01,03-06 21:00:00+01:00,bus063,0.0
2030,sc01,03-06 21:00:00+01:00,bus115,0.0
2030,sc01,03-06 21:00:00+01:00,bus010,0.0
2030,sc01,03-06 21:00:00+01:00,bus073,0.0
2030,sc01,03-06 21:00:00+01:00,bus052,0.0
2030,sc01,03-06 21:00:00+01:00,bus096,0.0
2030,sc01,03-06 21:00:00+01:00,bus050,0.0
2030,sc01,03-06 21:00:00+01:00,bus011,0.0
2030,sc01,03-06 21:00:00+01:00,bus055,0.0
2030,sc01,03-06 21:00:00+01:00,bus083,0.0
2030,sc01,03-06 21:00:00+01:00,bus081,0.0
2030,sc01,03-06 21:00:00+01:00,bus022,0.0
2030,sc01,03-06 21:00:00+01:00,bus071,0.0
2030,sc01,03-06 21:00:00+01:00,bus074,0.0
2030,sc01,03-06 21:00:00+01:00,bus040,0.0
2030,sc01,03-06 21:00:00+01:00,bus099,0.0
2030,sc01,03-06 21:00:00+01:00,bus030,0.0
2030,sc01,03-06 21:00:00+01:00,bus098,0.0
2030,sc01,03-06 21:00:00+01:00,bus053,0.0
2030,sc01,03-06 21:00:00+01:00,bus085,0.0
2030,sc01,03-06 21:00:00+01:00,bus101,0.0
2030,sc01,03-06 21:00:00+01:00,bus018,0.0
2030,sc01,03-06 21:00:00+01:00,bus023,0.0
2030,sc01,03-06 21:00:00+01:00,bus088,0.0
2030,sc01,03-06 21:00:00+01:00,bus116,0.0
2030,sc01,03-06 21:00:00+01:00,bus103,0.0
2030,sc01,03-06 21:00:00+01:00,bus008,0.0
2030,sc01,03-06 21:00:00+01:00,bus105,0.0
2030,sc01,03-06 21:00:00+01:00,bus060,0.0
2030,sc01,03-06 21:00:00+01:00,bus016,0.0
2030,sc01,03-06 21:00:00+01:00,bus082,0.0
2030,sc01,03-06 21:00:00+01:00,bus047,0.0
2030,sc01,03-06 21:00:00+01:00,bus019,0.0
2030,sc01,03-06 21:00:00+01:00,bus037,0.0
2030,sc01,03-06 21:00:00+01:00,bus006,0.0
2030,sc01,03-06 21:00:00+01:00,bus080,0.0
2030,sc01,03-06 21:00:00+01:00,bus031,0.0
2030,sc01,03-06 21:00:00+01:00,bus048,0.0
2030,sc01,03-06 21:00:00+01:00,bus107,0.0
2030,sc01,03-06 21:00:00+01:00,bus049,0.0
2030,sc01,03-06 21:00:00+01:00,bus104,0.0
2030,sc01,03-06 21:00:00+01:00,bus100,0.0
2030,sc01,03-06 21:00:00+01:00,bus072,0.0
2030,sc01,03-06 21:00:00+01:00,bus039,0.0
2030,sc01,03-06 21:00:00+01:00,bus012,0.0
2030,sc01,03-06 21:00:00+01:00,bus114,0.0
2030,sc01,03-06 21:00:00+01:00,bus112,0.0
2030,sc01,03-06 21:00:00+01:00,bus058,0.0
2030,sc01,03-06 21:00:00+01:00,bus089,0.0
2030,sc01,03-06 21:00:00+01:00,bus051,0.0
2030,sc01,03-06 21:00:00+01:00,bus056,0.0
2030,sc01,03-06 21:00:00+01:00,bus092,0.0
2030,sc01,03-06 21:00:00+01:00,bus036,0.0
2030,sc01,03-06 21:00:00+01:00,bus094,0.0
2030,sc01,03-06 21:00:00+01:00,bus095,0.0
2030,sc01,03-06 21:00:00+01:00,bus113,0.0
2030,sc01,03-06 21:00:00+01:00,bus024,0.0
2030,sc01,03-06 21:00:00+01:00,bus078,0.0
2030,sc01,03-06 21:00:00+01:00,bus033,0.0
2030,sc01,03-06 21:00:00+01:00,bus079,0.0
2030,sc01,03-06 21:00:00+01:00,bus061,0.0
2030,sc01,03-06 21:00:00+01:00,bus118,0.0
2030,sc01,03-06 21:00:00+01:00,bus003,0.0
2030,sc01,03-06 21:00:00+01:00,bus070,0.0
2030,sc01,03-06 21:00:00+01:00,bus004,0.0
2030,sc01,03-06 21:00:00+01:00,bus021,0.0
2030,sc01,03-06 21:00:00+01:00,bus068,0.0
2030,sc01,03-06 21:00:00+01:00,bus028,0.0
2030,sc01,03-06 21:00:00+01:00,bus034,0.0
2030,sc01,03-06 21:00:00+01:00,bus075,0.0
2030,sc01,03-06 21:00:00+01:00,bus064,0.0
2030,sc01,03-06 21:00:00+01:00,bus106,0.0
2030,sc01,03-06 21:00:00+01:00,bus076,0.0
2030,sc01,03-06 21:00:00+01:00,bus046,0.0
2030,sc01,03-06 21:00:00+01:00,bus007,0.0
2030,sc01,03-06 21:00:00+01:00,bus035,0.0
2030,sc01,03-06 21:00:00+01:00,bus117,0.0
2030,sc01,03-06 21:00:00+01:00,bus041,0.0
2030,sc01,03-06 21:00:00+01:00,bus102,0.0
2030,sc01,03-06 21:00:00+01:00,bus026,0.0
2030,sc01,03-06 21:00:00+01:00,bus077,0.0
2030,sc01,03-06 21:00:00+01:00,bus044,0.0
2030,sc01,03-06 21:00:00+01:00,bus091,0.0
2030,sc01,03-06 21:00:00+01:00,bus062,0.0
2030,sc01,03-09 15:00:00+01:00,bus093,0.0
2030,sc01,03-09 15:00:00+01:00,bus097,0.0
2030,sc01,03-09 15:00:00+01:00,bus110,0.0
2030,sc01,03-09 15:00:00+01:00,bus042,0.0
2030,sc01,03-09 15:00:00+01:00,bus066,0.0
2030,sc01,03-09 15:00:00+01:00,bus059,0.0
2030,sc01,03-09 15:00:00+01:00,bus057,0.0
2030,sc01,03-09 15:00:00+01:00,bus067,0.0
2030,sc01,03-09 15:00:00+01:00,bus069,0.0
2030,sc01,03-09 15:00:00+01:00,bus014,0.0
2030,sc01,03-09 15:00:00+01:00,bus090,0.0
2030,sc01,03-09 15:00:00+01:00,bus002,0.0
2030,sc01,03-09 15:00:00+01:00,bus005,0.0
2030,sc01,03-09 15:00:00+01:00,bus109,0.0
2030,sc01,03-09 15:00:00+01:00,bus020,0.0
2030,sc01,03-09 15:00:00+01:00,bus065,0.0
2030,sc01,03-09 15:00:00+01:00,bus001,0.0
2030,sc01,03-09 15:00:00+01:00,bus017,0.0
2030,sc01,03-09 15:00:00+01:00,bus015,0.0
2030,sc01,03-09 15:00:00+01:00,bus054,0.0
2030,sc01,03-09 15:00:00+01:00,bus086,0.0
2030,sc01,03-09 15:00:00+01:00,bus032,0.0
2030,sc01,03-09 15:00:00+01:00,bus038,0.0
2030,sc01,03-09 15:00:00+01:00,bus108,0.0
2030,sc01,03-09 15:00:00+01:00,bus087,0.0
2030,sc01,03-09 15:00:00+01:00,bus027,0.0
2030,sc01,03-09 15:00:00+01:00,bus111,0.0
2030,sc01,03-09 15:00:00+01:00,bus025,0.0
2030,sc01,03-09 15:00:00+01:00,bus029,0.0
2030,sc01,03-09 15:00:00+01:00,bus009,0.0
2030,sc01,03-09 15:00:00+01:00,bus043,0.0
2030,sc01,03-09 15:00:00+01:00,bus045,0.0
2030,sc01,03-09 15:00:00+01:00,bus084,0.0
2030,sc01,03-09 15:00:00+01:00,bus013,0.0
2030,sc01,03-09 15:00:00+01:00,bus063,0.0
2030,sc01,03-09 15:00:00+01:00,bus115,0.0
2030,sc01,03-09 15:00:00+01:00,bus010,0.0
2030,sc01,03-09 15:00:00+01:00,bus073,0.0
2030,sc01,03-09 15:00:00+01:00,bus052,0.0
2030,sc01,03-09 15:00:00+01:00,bus096,0.0
2030,sc01,03-09 15:00:00+01:00,bus050,0.0
2030,sc01,03-09 15:00:00+01:00,bus011,0.0
2030,sc01,03-09 15:00:00+01:00,bus055,0.0
2030,sc01,03-09 15:00:00+01:00,bus083,0.0
2030,sc01,03-09 15:00:00+01:00,bus081,0.0
2030,sc01,03-09 15:00:00+01:00,bus022,0.0
2030,sc01,03-09 15:00:00+01:00,bus071,0.0
2030,sc01,03-09 15:00:00+01:00,bus074,0.0
2030,sc01,03-09 15:00:00+01:00,bus040,0.0
2030,sc01,03-09 15:00:00+01:00,bus099,0.0
2030,sc01,03-09 15:00:00+01:00,bus030,0.0
2030,sc01,03-09 15:00:00+01:00,bus098,0.0
2030,sc01,03-09 15:00:00+01:00,bus053,0.0
2030,sc01,03-09 15:00:00+01:00,bus085,0.0
2030,sc01,03-09 15:00:00+01:00,bus101,0.0
2030,sc01,03-09 15:00:00+01:00,bus018,0.0
2030,sc01,03-09 15:00:00+01:00,bus023,0.0
2030,sc01,03-09 15:00:00+01:00,bus088,0.0
2030,sc01,03-09 15:00:00+01:00,bus116,0.0
2030,sc01,03-09 15:00:00+01:00,bus103,0.0
2030,sc01,03-09 15:00:00+01:00,bus008,0.0
2030,sc01,03-09 15:00:00+01:00,bus105,0.0
2030,sc01,03-09 15:00:00+01:00,bus060,0.0
2030,sc01,03-09 15:00:00+01:00,bus016,0.0
2030,sc01,03-09 15:00:00+01:00,bus082,0.0
2030,sc01,03-09 15:00:00+01:00,bus047,0.0
2030,sc01,03-09 15:00:00+01:00,bus019,0.0
2030,sc01,03-09 15:00:00+01:00,bus037,0.0
2030,sc01,03-09 15:00:00+01:00,bus006,0.0
2030,sc01,03-09 15:00:00+01:00,bus080,0.0
2030,sc01,03-09 15:00:00+01:00,bus031,0.0
2030,sc01,03-09 15:00:00+01:00,bus048,0.0
2030,sc01,03-09 15:00:00+01:00,bus107,0.0
2030,sc01,03-09 15:00:00+01:00,bus049,0.0
2030,sc01,03-09 15:00:00+01:00,bus104,0.0
2030,sc01,03-09 15:00:00+01:00,bus100,0.0
2030,sc01,03-09 15:00:00+01:00,bus072,0.0
2030,sc01,03-09 15:00:00+01:00,bus039,0.0
2030,sc01,03-09 15:00:00+01:00,bus012,0.0
2030,sc01,03-09 15:00:00+01:00,bus114,0.0
2030,sc01,03-09 15:00:00+01:00,bus112,0.0
2030,sc01,03-09 15:00:00+01:00,bus058,0.0
2030,sc01,03-09 15:00:00+01:00,bus089,0.0
2030,sc01,03-09 15:00:00+01:00,bus051,0.0
2030,sc01,03-09 15:00:00+01:00,bus056,0.0
2030,sc01,03-09 15:00:00+01:00,bus092,0.0
2030,sc01,03-09 15:00:00+01:00,bus036,0.0
2030,sc01,03-09 15:00:00+01:00,bus094,0.0
2030,sc01,03-09 15:00:00+01:00,bus095,0.0
2030,sc01,03-09 15:00:00+01:00,bus113,0.0
2030,sc01,03-09 15:00:00+01:00,bus024,0.0
2030,sc01,03-09 15:00:00+01:00,bus078,0.0
2030,sc01,03-09 15:00:00+01:00,bus033,0.0
2030,sc01,03-09 15:00:00+01:00,bus079,0.0
2030,sc01,03-09 15:00:00+01:00,bus061,0.0
2030,sc01,03-09 15:00:00+01:00,bus118,0.0
2030,sc01,03-09 15:00:00+01:00,bus003,0.0
2030,sc01,03-09 15:00:00+01:00,bus070,0.0
2030,sc01,03-09 15:00:00+01:00,bus004,0.0
2030,sc01,03-09 15:00:00+01:00,bus021,0.0
2030,sc01,03-09 15:00:00+01:00,bus068,0.0
2030,sc01,03-09 15:00:00+01:00,bus028,0.0
2030,sc01,03-09 15:00:00+01:00,bus034,0.0
2030,sc01,03-09 15:00:00+01:00,bus075,0.0
2030,sc01,03-09 15:00:00+01:00,bus064,0.0
2030,sc01,03-09 15:00:00+01:00,bus106,0.0
2030,sc01,03-09 15:00:00+01:00,bus076,0.0
2030,sc01,03-09 15:00:00+01:00,bus046,0.0
2030,sc01,03-09 15:00:00+01:00,bus007,0.0
2030,sc01,03-09 15:00:00+01:00,bus035,0.0
2030,sc01,03-09 15:00:00+01:00,bus117,0.0
2030,sc01,03-09 15:00:00+01:00,bus041,0.0
2030,sc01,03-09 15:00:00+01:00,bus102,0.0
2030,sc01,03-09 15:00:00+01:00,bus026,0.0
2030,sc01,03-09 15:00:00+01:00,bus077,0.0
2030,sc01,03-09 15:00:00+01:00,bus044,0.0
2030,sc01,03-09 15:00:00+01:00,bus091,0.0
2030,sc01,03-09 15:00:00+01:00,bus062,0.0
2030,sc01,03-12 03:00:00+01:00,bus093,0.0
2030,sc01,03-12 03:00:00+01:00,bus097,0.0
2030,sc01,03-12 03:00:00+01:00,bus110,0.0
2030,sc01,03-12 03:00:00+01:00,bus042,0.0
2030,sc01,03-12 03:00:00+01:00,bus066,0.0
2030,sc01,03-12 03:00:00+01:00,bus059,0.0
2030,sc01,03-12 03:00:00+01:00,bus057,0.0
2030,sc01,03-12 03:00:00+01:00,bus067,0.0
2030,sc01,03-12 03:00:00+01:00,bus069,0.0
2030,sc01,03-12 03:00:00+01:00,bus014,0.0
2030,sc01,03-12 03:00:00+01:00,bus090,0.0
2030,sc01,03-12 03:00:00+01:00,bus002,0.0
2030,sc01,03-12 03:00:00+01:00,bus005,0.0
2030,sc01,03-12 03:00:00+01:00,bus109,0.0
2030,sc01,03-12 03:00:00+01:00,bus020,0.0
2030,sc01,03-12 03:00:00+01:00,bus065,0.0
2030,sc01,03-12 03:00:00+01:00,bus001,0.0
2030,sc01,03-12 03:00:00+01:00,bus017,0.0
2030,sc01,03-12 03:00:00+01:00,bus015,0.0
2030,sc01,03-12 03:00:00+01:00,bus054,0.0
2030,sc01,03-12 03:00:00+01:00,bus086,0.0
2030,sc01,03-12 03:00:00+01:00,bus032,0.0
2030,sc01,03-12 03:00:00+01:00,bus038,0.0
2030,sc01,03-12 03:00:00+01:00,bus108,0.0
2030,sc01,03-12 03:00:00+01:00,bus087,0.0
2030,sc01,03-12 03:00:00+01:00,bus027,0.0
2030,sc01,03-12 03:00:00+01:00,bus111,0.0
2030,sc01,03-12 03:00:00+01:00,bus025,0.0
2030,sc01,03-12 03:00:00+01:00,bus029,0.0
2030,sc01,03-12 03:00:00+01:00,bus009,0.0
2030,sc01,03-12 03:00:00+01:00,bus043,0.0
2030,sc01,03-12 03:00:00+01:00,bus045,0.0
2030,sc01,03-12 03:00:00+01:00,bus084,0.0
2030,sc01,03-12 03:00:00+01:00,bus013,0.0
2030,sc01,03-12 03:00:00+01:00,bus063,0.0
2030,sc01,03-12 03:00:00+01:00,bus115,0.0
2030,sc01,03-12 03:00:00+01:00,bus010,0.0
2030,sc01,03-12 03:00:00+01:00,bus073,0.0
2030,sc01,03-12 03:00:00+01:00,bus052,0.0
2030,sc01,03-12 03:00:00+01:00,bus096,0.0
2030,sc01,03-12 03:00:00+01:00,bus050,0.0
2030,sc01,03-12 03:00:00+01:00,bus011,0.0
2030,sc01,03-12 03:00:00+01:00,bus055,0.0
2030,sc01,03-12 03:00:00+01:00,bus083,0.0
2030,sc01,03-12 03:00:00+01:00,bus081,0.0
2030,sc01,03-12 03:00:00+01:00,bus022,0.0
2030,sc01,03-12 03:00:00+01:00,bus071,0.0
2030,sc01,03-12 03:00:00+01:00,bus074,0.0
2030,sc01,03-12 03:00:00+01:00,bus040,0.0
2030,sc01,03-12 03:00:00+01:00,bus099,0.0
2030,sc01,03-12 03:00:00+01:00,bus030,0.0
2030,sc01,03-12 03:00:00+01:00,bus098,0.0
2030,sc01,03-12 03:00:00+01:00,bus053,0.0
2030,sc01,03-12 03:00:00+01:00,bus085,0.0
2030,sc01,03-12 03:00:00+01:00,bus101,0.0
2030,sc01,03-12 03:00:00+01:00,bus018,0.0
2030,sc01,03-12 03:00:00+01:00,bus023,0.0
2030,sc01,03-12 03:00:00+01:00,bus088,0.0
2030,sc01,03-12 03:00:00+01:00,bus116,0.0
2030,sc01,03-12 03:00:00+01:00,bus103,0.0
2030,sc01,03-12 03:00:00+01:00,bus008,0.0
2030,sc01,03-12 03:00:00+01:00,bus105,0.0
2030,sc01,03-12 03:00:00+01:00,bus060,0.0
2030,sc01,03-12 03:00:00+01:00,bus016,0.0
2030,sc01,03-12 03:00:00+01:00,bus082,0.0
2030,sc01,03-12 03:00:00+01:00,bus047,0.0
2030,sc01,03-12 03:00:00+01:00,bus019,0.0
2030,sc01,03-12 03:00:00+01:00,bus037,0.0
2030,sc01,03-12 03:00:00+01:00,bus006,0.0
2030,sc01,03-12 03:00:00+01:00,bus080,0.0
2030,sc01,03-12 03:00:00+01:00,bus031,0.0
2030,sc01,03-12 03:00:00+01:00,bus048,0.0
2030,sc01,03-12 03:00:00+01:00,bus107,0.0
2030,sc01,03-12 03:00:00+01:00,bus049,0.0
2030,sc01,03-12 03:00:00+01:00,bus104,0.0
2030,sc01,03-12 03:00:00+01:00,bus100,0.0
2030,sc01,03-12 03:00:00+01:00,bus072,0.0
2030,sc01,03-12 03:00:00+01:00,bus039,0.0
2030,sc01,03-12 03:00:00+01:00,bus012,0.0
2030,sc01,03-12 03:00:00+01:00,bus114,0.0
2030,sc01,03-12 03:00:00+01:00,bus112,0.0
2030,sc01,03-12 03:00:00+01:00,bus058,0.0
2030,sc01,03-12 03:00:00+01:00,bus089,0.0
2030,sc01,03-12 03:00:00+01:00,bus051,0.0
2030,sc01,03-12 03:00:00+01:00,bus056,0.0
2030,sc01,03-12 03:00:00+01:00,bus092,0.0
2030,sc01,03-12 03:00:00+01:00,bus036,0.0
2030,sc01,03-12 03:00:00+01:00,bus094,0.0
2030,sc01,03-12 03:00:00+01:00,bus095,0.0
2030,sc01,03-12 03:00:00+01:00,bus113,0.0
2030,sc01,03-12 03:00:00+01:00,bus024,0.0
2030,sc01,03-12 03:00:00+01:00,bus078,0.0
2030,sc01,03-12 03:00:00+01:00,bus033,0.0
2030,sc01,03-12 03:00:00+01:00,bus079,0.0
2030,sc01,03-12 03:00:00+01:00,bus061,0.0
2030,sc01,03-12 03:00:00+01:00,bus118,0.0
2030,sc01,03-12 03:00:00+01:00,bus003,0.0
2030,sc01,03-12 03:00:00+01:00,bus070,0.0
2030,sc01,03-12 03:00:00+01:00,bus004,0.0
2030,sc01,03-12 03:00:00+01:00,bus021,0.0
2030,sc01,03-12 03:00:00+01:00,bus068,0.0
2030,sc01,03-12 03:00:00+01:00,bus028,0.0
2030,sc01,03-12 03:00:00+01:00,bus034,0.0
2030,sc01,03-12 03:00:00+01:00,bus075,0.0
2030,sc01,03-12 03:00:00+01:00,bus064,0.0
2030,sc01,03-12 03:00:00+01:00,bus106,0.0
2030,sc01,03-12 03:00:00+01:00,bus076,0.0
2030,sc01,03-12 03:00:00+01:00,bus046,0.0
2030,sc01,03-12 03:00:00+01:00,bus007,0.0
2030,sc01,03-12 03:00:00+01:00,bus035,0.0
2030,sc01,03-12 03:00:00+01:00,bus117,0.0
2030,sc01,03-12 03:00:00+01:00,bus041,0.0
2030,sc01,03-12 03:00:00+01:00,bus102,0.0
2030,sc01,03-12 03:00:00+01:00,bus026,0.0
2030,sc01,03-12 03:00:00+01:00,bus077,0.0
2030,sc01,03-12 03:00:00+01:00,bus044,0.0
2030,sc01,03-12 03:00:00+01:00,bus091,0.0
2030,sc01,03-12 03:00:00+01:00,bus062,0.0
2030,sc01,03-12 14:00:00+01:00,bus093,0.0
2030,sc01,03-12 14:00:00+01:00,bus097,0.0
2030,sc01,03-12 14:00:00+01:00,bus110,0.0
2030,sc01,03-12 14:00:00+01:00,bus042,0.0
2030,sc01,03-12 14:00:00+01:00,bus066,0.0
2030,sc01,03-12 14:00:00+01:00,bus059,0.0
2030,sc01,03-12 14:00:00+01:00,bus057,0.0
2030,sc01,03-12 14:00:00+01:00,bus067,0.0
2030,sc01,03-12 14:00:00+01:00,bus069,0.0
2030,sc01,03-12 14:00:00+01:00,bus014,0.0
2030,sc01,03-12 14:00:00+01:00,bus090,0.0
2030,sc01,03-12 14:00:00+01:00,bus002,0.0
2030,sc01,03-12 14:00:00+01:00,bus005,0.0
2030,sc01,03-12 14:00:00+01:00,bus109,0.0
2030,sc01,03-12 14:00:00+01:00,bus020,0.0
2030,sc01,03-12 14:00:00+01:00,bus065,0.0
2030,sc01,03-12 14:00:00+01:00,bus001,0.0
2030,sc01,03-12 14:00:00+01:00,bus017,0.0
2030,sc01,03-12 14:00:00+01:00,bus015,0.0
2030,sc01,03-12 14:00:00+01:00,bus054,0.0
2030,sc01,03-12 14:00:00+01:00,bus086,0.0
2030,sc01,03-12 14:00:00+01:00,bus032,0.0
2030,sc01,03-12 14:00:00+01:00,bus038,0.0
2030,sc01,03-12 14:00:00+01:00,bus108,0.0
2030,sc01,03-12 14:00:00+01:00,bus087,0.0
2030,sc01,03-12 14:00:00+01:00,bus027,0.0
2030,sc01,03-12 14:00:00+01:00,bus111,0.0
2030,sc01,03-12 14:00:00+01:00,bus025,0.0
2030,sc01,03-12 14:00:00+01:00,bus029,0.0
2030,sc01,03-12 14:00:00+01:00,bus009,0.0
2030,sc01,03-12 14:00:00+01:00,bus043,0.0
2030,sc01,03-12 14:00:00+01:00,bus045,0.0
2030,sc01,03-12 14:00:00+01:00,bus084,0.0
2030,sc01,03-12 14:00:00+01:00,bus013,0.0
2030,sc01,03-12 14:00:00+01:00,bus063,0.0
2030,sc01,03-12 14:00:00+01:00,bus115,0.0
2030,sc01,03-12 14:00:00+01:00,bus010,0.0
2030,sc01,03-12 14:00:00+01:00,bus073,0.0
2030,sc01,03-12 14:00:00+01:00,bus052,0.0
2030,sc01,03-12 14:00:00+01:00,bus096,0.0
2030,sc01,03-12 14:00:00+01:00,bus050,0.0
2030,sc01,03-12 14:00:00+01:00,bus011,0.0
2030,sc01,03-12 14:00:00+01:00,bus055,0.0
2030,sc01,03-12 14:00:00+01:00,bus083,0.0
2030,sc01,03-12 14:00:00+01:00,bus081,0.0
2030,sc01,03-12 14:00:00+01:00,bus022,0.0
2030,sc01,03-12 14:00:00+01:00,bus071,0.0
2030,sc01,03-12 14:00:00+01:00,bus074,0.0
2030,sc01,03-12 14:00:00+01:00,bus040,0.0
2030,sc01,03-12 14:00:00+01:00,bus099,0.0
2030,sc01,03-12 14:00:00+01:00,bus030,0.0
2030,sc01,03-12 14:00:00+01:00,bus098,0.0
2030,sc01,03-12 14:00:00+01:00,bus053,0.0
2030,sc01,03-12 14:00:00+01:00,bus085,0.0
2030,sc01,03-12 14:00:00+01:00,bus101,0.0
2030,sc01,03-12 14:00:00+01:00,bus018,0.0
2030,sc01,03-12 14:00:00+01:00,bus023,0.0
2030,sc01,03-12 14:00:00+01:00,bus088,0.0
2030,sc01,03-12 14:00:00+01:00,bus116,0.0
2030,sc01,03-12 14:00:00+01:00,bus103,0.0
2030,sc01,03-12 14:00:00+01:00,bus008,0.0
2030,sc01,03-12 14:00:00+01:00,bus105,0.0
2030,sc01,03-12 14:00:00+01:00,bus060,0.0
2030,sc01,03-12 14:00:00+01:00,bus016,0.0
2030,sc01,03-12 14:00:00+01:00,bus082,0.0
2030,sc01,03-12 14:00:00+01:00,bus047,0.0
2030,sc01,03-12 14:00:00+01:00,bus019,0.0
2030,sc01,03-12 14:00:00+01:00,bus037,0.0
2030,sc01,03-12 14:00:00+01:00,bus006,0.0
2030,sc01,03-12 14:00:00+01:00,bus080,0.0
2030,sc01,03-12 14:00:00+01:00,bus031,0.0
2030,sc01,03-12 14:00:00+01:00,bus048,0.0
2030,sc01,03-12 14:00:00+01:00,bus107,0.0
2030,sc01,03-12 14:00:00+01:00,bus049,0.0
2030,sc01,03-12 14:00:00+01:00,bus104,0.0
2030,sc01,03-12 14:00:00+01:00,bus100,0.0
2030,sc01,03-12 14:00:00+01:00,bus072,0.0
2030,sc01,03-12 14:00:00+01:00,bus039,0.0
2030,sc01,03-12 14:00:00+01:00,bus012,0.0
2030,sc01,03-12 14:00:00+01:00,bus114,0.0
2030,sc01,03-12 14:00:00+01:00,bus112,0.0
2030,sc01,03-12 14:00:00+01:00,bus058,0.0
2030,sc01,03-12 14:00:00+01:00,bus089,0.0
2030,sc01,03-12 14:00:00+01:00,bus051,0.0
2030,sc01,03-12 14:00:00+01:00,bus056,0.0
2030,sc01,03-12 14:00:00+01:00,bus092,0.0
2030,sc01,03-12 14:00:00+01:00,bus036,0.0
2030,sc01,03-12 14:00:00+01:00,bus094,0.0
2030,sc01,03-12 14:00:00+01:00,bus095,0.0
2030,sc01,03-12 14:00:00+01:00,bus113,0.0
2030,sc01,03-12 14:00:00+01:00,bus024,0.0
2030,sc01,03-12 14:00:00+01:00,bus078,0.0
2030,sc01,03-12 14:00:00+01:00,bus033,0.0
2030,sc01,03-12 14:00:00+01:00,bus079,0.0
2030,sc01,03-12 14:00:00+01:00,bus061,0.0
2030,sc01,03-12 14:00:00+01:00,bus118,0.0
2030,sc01,03-12 14:00:00+01:00,bus003,0.0
2030,sc01,03-12 14:00:00+01:00,bus070,0.0
2030,sc01,03-12 14:00:00+01:00,bus004,0.0
2030,sc01,03-12 14:00:00+01:00,bus021,0.0
2030,sc01,03-12 14:00:00+01:00,bus068,0.0
2030,sc01,03-12 14:00:00+01:00,bus028,0.0
2030,sc01,03-12 14:00:00+01:00,bus034,0.0
2030,sc01,03-12 14:00:00+01:00,bus075,0.0
2030,sc01,03-12 14:00:00+01:00,bus064,0.0
2030,sc01,03-12 14:00:00+01:00,bus106,0.0
2030,sc01,03-12 14:00:00+01:00,bus076,0.0
2030,sc01,03-12 14:00:00+01:00,bus046,0.0
2030,sc01,03-12 14:00:00+01:00,bus007,0.0
2030,sc01,03-12 14:00:00+01:00,bus035,0.0
2030,sc01,03-12 14:00:00+01:00,bus117,0.0
2030,sc01,03-12 14:00:00+01:00,bus041,0.0
2030,sc01,03-12 14:00:00+01:00,bus102,0.0
2030,sc01,03-12 14:00:00+01:00,bus026,0.0
2030,sc01,03-12 14:00:00+01:00,bus077,0.0
2030,sc01,03-12 14:00:00+01:00,bus044,0.0
2030,sc01,03-12 14:00:00+01:00,bus091,0.0
2030,sc01,03-12 14:00:00+01:00,bus062,0.0
2030,sc01,03-14 08:00:00+01:00,bus093,0.0
2030,sc01,03-14 08:00:00+01:00,bus097,0.0
2030,sc01,03-14 08:00:00+01:00,bus110,0.0
2030,sc01,03-14 08:00:00+01:00,bus042,0.0
2030,sc01,03-14 08:00:00+01:00,bus066,0.0
2030,sc01,03-14 08:00:00+01:00,bus059,0.0
2030,sc01,03-14 08:00:00+01:00,bus057,0.0
2030,sc01,03-14 08:00:00+01:00,bus067,0.0
2030,sc01,03-14 08:00:00+01:00,bus069,0.0
2030,sc01,03-14 08:00:00+01:00,bus014,0.0
2030,sc01,03-14 08:00:00+01:00,bus090,0.0
2030,sc01,03-14 08:00:00+01:00,bus002,0.0
2030,sc01,03-14 08:00:00+01:00,bus005,0.0
2030,sc01,03-14 08:00:00+01:00,bus109,0.0
2030,sc01,03-14 08:00:00+01:00,bus020,0.0
2030,sc01,03-14 08:00:00+01:00,bus065,0.0
2030,sc01,03-14 08:00:00+01:00,bus001,0.0
2030,sc01,03-14 08:00:00+01:00,bus017,0.0
2030,sc01,03-14 08:00:00+01:00,bus015,0.0
2030,sc01,03-14 08:00:00+01:00,bus054,0.0
2030,sc01,03-14 08:00:00+01:00,bus086,0.0
2030,sc01,03-14 08:00:00+01:00,bus032,0.0
2030,sc01,03-14 08:00:00+01:00,bus038,0.0
2030,sc01,03-14 08:00:00+01:00,bus108,0.0
2030,sc01,03-14 08:00:00+01:00,bus087,0.0
2030,sc01,03-14 08:00:00+01:00,bus027,0.0
2030,sc01,03-14 08:00:00+01:00,bus111,0.0
2030,sc01,03-14 08:00:00+01:00,bus025,0.0
2030,sc01,03-14 08:00:00+01:00,bus029,0.0
2030,sc01,03-14 08:00:00+01:00,bus009,0.0
2030,sc01,03-14 08:00:00+01:00,bus043,0.0
2030,sc01,03-14 08:00:00+01:00,bus045,0.0
2030,sc01,03-14 08:00:00+01:00,bus084,0.0
2030,sc01,03-14 08:00:00+01:00,bus013,0.0
2030,sc01,03-14 08:00:00+01:00,bus063,0.0
2030,sc01,03-14 08:00:00+01:00,bus115,0.0
2030,sc01,03-14 08:00:00+01:00,bus010,0.0
2030,sc01,03-14 08:00:00+01:00,bus073,0.0
2030,sc01,03-14 08:00:00+01:00,bus052,0.0
2030,sc01,03-14 08:00:00+01:00,bus096,0.0
2030,sc01,03-14 08:00:00+01:00,bus050,0.0
2030,sc01,03-14 08:00:00+01:00,bus011,0.0
2030,sc01,03-14 08:00:00+01:00,bus055,0.0
2030,sc01,03-14 08:00:00+01:00,bus083,0.0
2030,sc01,03-14 08:00:00+01:00,bus081,0.0
2030,sc01,03-14 08:00:00+01:00,bus022,0.0
2030,sc01,03-14 08:00:00+01:00,bus071,0.0
2030,sc01,03-14 08:00:00+01:00,bus074,0.0
2030,sc01,03-14 08:00:00+01:00,bus040,0.0
2030,sc01,03-14 08:00:00+01:00,bus099,0.0
2030,sc01,03-14 08:00:00+01:00,bus030,0.0
2030,sc01,03-14 08:00:00+01:00,bus098,0.0
2030,sc01,03-14 08:00:00+01:00,bus053,0.0
2030,sc01,03-14 08:00:00+01:00,bus085,0.0
2030,sc01,03-14 08:00:00+01:00,bus101,0.0
2030,sc01,03-14 08:00:00+01:00,bus018,0.0
2030,sc01,03-14 08:00:00+01:00,bus023,0.0
2030,sc01,03-14 08:00:00+01:00,bus088,0.0
2030,sc01,03-14 08:00:00+01:00,bus116,0.0
2030,sc01,03-14 08:00:00+01:00,bus103,0.0
2030,sc01,03-14 08:00:00+01:00,bus008,0.0
2030,sc01,03-14 08:00:00+01:00,bus105,0.0
2030,sc01,03-14 08:00:00+01:00,bus060,0.0
2030,sc01,03-14 08:00:00+01:00,bus016,0.0
2030,sc01,03-14 08:00:00+01:00,bus082,0.0
2030,sc01,03-14 08:00:00+01:00,bus047,0.0
2030,sc01,03-14 08:00:00+01:00,bus019,0.0
2030,sc01,03-14 08:00:00+01:00,bus037,0.0
2030,sc01,03-14 08:00:00+01:00,bus006,0.0
2030,sc01,03-14 08:00:00+01:00,bus080,0.0
2030,sc01,03-14 08:00:00+01:00,bus031,0.0
2030,sc01,03-14 08:00:00+01:00,bus048,0.0
2030,sc01,03-14 08:00:00+01:00,bus107,0.0
2030,sc01,03-14 08:00:00+01:00,bus049,0.0
2030,sc01,03-14 08:00:00+01:00,bus104,0.0
2030,sc01,03-14 08:00:00+01:00,bus100,0.0
2030,sc01,03-14 08:00:00+01:00,bus072,0.0
2030,sc01,03-14 08:00:00+01:00,bus039,0.0
2030,sc01,03-14 08:00:00+01:00,bus012,0.0
2030,sc01,03-14 08:00:00+01:00,bus114,0.0
2030,sc01,03-14 08:00:00+01:00,bus112,0.0
2030,sc01,03-14 08:00:00+01:00,bus058,0.0
2030,sc01,03-14 08:00:00+01:00,bus089,0.0
2030,sc01,03-14 08:00:00+01:00,bus051,0.0
2030,sc01,03-14 08:00:00+01:00,bus056,0.0
2030,sc01,03-14 08:00:00+01:00,bus092,0.0
2030,sc01,03-14 08:00:00+01:00,bus036,0.0
2030,sc01,03-14 08:00:00+01:00,bus094,0.0
2030,sc01,03-14 08:00:00+01:00,bus095,0.0
2030,sc01,03-14 08:00:00+01:00,bus113,0.0
2030,sc01,03-14 08:00:00+01:00,bus024,0.0
2030,sc01,03-14 08:00:00+01:00,bus078,0.0
2030,sc01,03-14 08:00:00+01:00,bus033,0.0
2030,sc01,03-14 08:00:00+01:00,bus079,0.0
2030,sc01,03-14 08:00:00+01:00,bus061,0.0
2030,sc01,03-14 08:00:00+01:00,bus118,0.0
2030,sc01,03-14 08:00:00+01:00,bus003,0.0
2030,sc01,03-14 08:00:00+01:00,bus070,0.0
2030,sc01,03-14 08:00:00+01:00,bus004,0.0
2030,sc01,03-14 08:00:00+01:00,bus021,0.0
2030,sc01,03-14 08:00:00+01:00,bus068,0.0
2030,sc01,03-14 08:00:00+01:00,bus028,0.0
2030,sc01,03-14 08:00:00+01:00,bus034,0.0
2030,sc01,03-14 08:00:00+01:00,bus075,0.0
2030,sc01,03-14 08:00:00+01:00,bus064,0.0
2030,sc01,03-14 08:00:00+01:00,bus106,0.0
2030,sc01,03-14 08:00:00+01:00,bus076,0.0
2030,sc01,03-14 08:00:00+01:00,bus046,0.0
2030,sc01,03-14 08:00:00+01:00,bus007,0.0
2030,sc01,03-14 08:00:00+01:00,bus035,0.0
2030,sc01,03-14 08:00:00+01:00,bus117,0.0
2030,sc01,03-14 08:00:00+01:00,bus041,0.0
2030,sc01,03-14 08:00:00+01:00,bus102,0.0
2030,sc01,03-14 08:00:00+01:00,bus026,0.0
2030,sc01,03-14 08:00:00+01:00,bus077,0.0
2030,sc01,03-14 08:00:00+01:00,bus044,0.0
2030,sc01,03-14 08:00:00+01:00,bus091,0.0
2030,sc01,03-14 08:00:00+01:00,bus062,0.0
2030,sc01,03-14 18:00:00+01:00,bus093,0.0
2030,sc01,03-14 18:00:00+01:00,bus097,0.0
2030,sc01,03-14 18:00:00+01:00,bus110,0.0
2030,sc01,03-14 18:00:00+01:00,bus042,0.0
2030,sc01,03-14 18:00:00+01:00,bus066,0.0
2030,sc01,03-14 18:00:00+01:00,bus059,0.0
2030,sc01,03-14 18:00:00+01:00,bus057,0.0
2030,sc01,03-14 18:00:00+01:00,bus067,0.0
2030,sc01,03-14 18:00:00+01:00,bus069,0.0
2030,sc01,03-14 18:00:00+01:00,bus014,0.0
2030,sc01,03-14 18:00:00+01:00,bus090,0.0
2030,sc01,03-14 18:00:00+01:00,bus002,0.0
2030,sc01,03-14 18:00:00+01:00,bus005,0.0
2030,sc01,03-14 18:00:00+01:00,bus109,0.0
2030,sc01,03-14 18:00:00+01:00,bus020,0.0
2030,sc01,03-14 18:00:00+01:00,bus065,0.0
2030,sc01,03-14 18:00:00+01:00,bus001,0.0
2030,sc01,03-14 18:00:00+01:00,bus017,0.0
2030,sc01,03-14 18:00:00+01:00,bus015,0.0
2030,sc01,03-14 18:00:00+01:00,bus054,0.0
2030,sc01,03-14 18:00:00+01:00,bus086,0.0
2030,sc01,03-14 18:00:00+01:00,bus032,0.0
2030,sc01,03-14 18:00:00+01:00,bus038,0.0
2030,sc01,03-14 18:00:00+01:00,bus108,0.0
2030,sc01,03-14 18:00:00+01:00,bus087,0.0
2030,sc01,03-14 18:00:00+01:00,bus027,0.0
2030,sc01,03-14 18:00:00+01:00,bus111,0.0
2030,sc01,03-14 18:00:00+01:00,bus025,0.0
2030,sc01,03-14 18:00:00+01:00,bus029,0.0
2030,sc01,03-14 18:00:00+01:00,bus009,0.0
2030,sc01,03-14 18:00:00+01:00,bus043,0.0
2030,sc01,03-14 18:00:00+01:00,bus045,0.0
2030,sc01,03-14 18:00:00+01:00,bus084,0.0
2030,sc01,03-14 18:00:00+01:00,bus013,0.0
2030,sc01,03-14 18:00:00+01:00,bus063,0.0
2030,sc01,03-14 18:00:00+01:00,bus115,0.0
2030,sc01,03-14 18:00:00+01:00,bus010,0.0
2030,sc01,03-14 18:00:00+01:00,bus073,0.0
2030,sc01,03-14 18:00:00+01:00,bus052,0.0
2030,sc01,03-14 18:00:00+01:00,bus096,0.0
2030,sc01,03-14 18:00:00+01:00,bus050,0.0
2030,sc01,03-14 18:00:00+01:00,bus011,0.0
2030,sc01,03-14 18:00:00+01:00,bus055,0.0
2030,sc01,03-14 18:00:00+01:00,bus083,0.0
2030,sc01,03-14 18:00:00+01:00,bus081,0.0
2030,sc01,03-14 18:00:00+01:00,bus022,0.0
2030,sc01,03-14 18:00:00+01:00,bus071,0.0
2030,sc01,03-14 18:00:00+01:00,bus074,0.0
2030,sc01,03-14 18:00:00+01:00,bus040,0.0
2030,sc01,03-14 18:00:00+01:00,bus099,0.0
2030,sc01,03-14 18:00:00+01:00,bus030,0.0
2030,sc01,03-14 18:00:00+01:00,bus098,0.0
2030,sc01,03-14 18:00:00+01:00,bus053,0.0
2030,sc01,03-14 18:00:00+01:00,bus085,0.0
2030,sc01,03-14 18:00:00+01:00,bus101,0.0
2030,sc01,03-14 18:00:00+01:00,bus018,0.0
2030,sc01,03-14 18:00:00+01:00,bus023,0.0
2030,sc01,03-14 18:00:00+01:00,bus088,0.0
2030,sc01,03-14 18:00:00+01:00,bus116,0.0
2030,sc01,03-14 18:00:00+01:00,bus103,0.0
2030,sc01,03-14 18:00:00+01:00,bus008,0.0
2030,sc01,03-14 18:00:00+01:00,bus105,0.0
2030,sc01,03-14 18:00:00+01:00,bus060,0.0
2030,sc01,03-14 18:00:00+01:00,bus016,0.0
2030,sc01,03-14 18:00:00+01:00,bus082,0.0
2030,sc01,03-14 18:00:00+01:00,bus047,0.0
2030,sc01,03-14 18:00:00+01:00,bus019,0.0
2030,sc01,03-14 18:00:00+01:00,bus037,0.0
2030,sc01,03-14 18:00:00+01:00,bus006,0.0
2030,sc01,03-14 18:00:00+01:00,bus080,0.0
2030,sc01,03-14 18:00:00+01:00,bus031,0.0
2030,sc01,03-14 18:00:00+01:00,bus048,0.0
2030,sc01,03-14 18:00:00+01:00,bus107,0.0
2030,sc01,03-14 18:00:00+01:00,bus049,0.0
2030,sc01,03-14 18:00:00+01:00,bus104,0.0
2030,sc01,03-14 18:00:00+01:00,bus100,0.0
2030,sc01,03-14 18:00:00+01:00,bus072,0.0
2030,sc01,03-14 18:00:00+01:00,bus039,0.0
2030,sc01,03-14 18:00:00+01:00,bus012,0.0
2030,sc01,03-14 18:00:00+01:00,bus114,0.0
2030,sc01,03-14 18:00:00+01:00,bus112,0.0
2030,sc01,03-14 18:00:00+01:00,bus058,0.0
2030,sc01,03-14 18:00:00+01:00,bus089,0.0
2030,sc01,03-14 18:00:00+01:00,bus051,0.0
2030,sc01,03-14 18:00:00+01:00,bus056,0.0
2030,sc01,03-14 18:00:00+01:00,bus092,0.0
2030,sc01,03-14 18:00:00+01:00,bus036,0.0
2030,sc01,03-14 18:00:00+01:00,bus094,0.0
2030,sc01,03-14 18:00:00+01:00,bus095,0.0
2030,sc01,03-14 18:00:00+01:00,bus113,0.0
2030,sc01,03-14 18:00:00+01:00,bus024,0.0
2030,sc01,03-14 18:00:00+01:00,bus078,0.0
2030,sc01,03-14 18:00:00+01:00,bus033,0.0
2030,sc01,03-14 18:00:00+01:00,bus079,0.0
2030,sc01,03-14 18:00:00+01:00,bus061,0.0
2030,sc01,03-14 18:00:00+01:00,bus118,0.0
2030,sc01,03-14 18:00:00+01:00,bus003,0.0
2030,sc01,03-14 18:00:00+01:00,bus070,0.0
2030,sc01,03-14 18:00:00+01:00,bus004,0.0
2030,sc01,03-14 18:00:00+01:00,bus021,0.0
2030,sc01,03-14 18:00:00+01:00,bus068,0.0
2030,sc01,03-14 18:00:00+01:00,bus028,0.0
2030,sc01,03-14 18:00:00+01:00,bus034,0.0
2030,sc01,03-14 18:00:00+01:00,bus075,0.0
2030,sc01,03-14 18:00:00+01:00,bus064,0.0
2030,sc01,03-14 18:00:00+01:00,bus106,0.0
2030,sc01,03-14 18:00:00+01:00,bus076,0.0
2030,sc01,03-14 18:00:00+01:00,bus046,0.0
2030,sc01,03-14 18:00:00+01:00,bus007,0.0
2030,sc01,03-14 18:00:00+01:00,bus035,0.0
2030,sc01,03-14 18:00:00+01:00,bus117,0.0
2030,sc01,03-14 18:00:00+01:00,bus041,0.0
2030,sc01,03-14 18:00:00+01:00,bus102,0.0
2030,sc01,03-14 18:00:00+01:00,bus026,0.0
2030,sc01,03-14 18:00:00+01:00,bus077,0.0
2030,sc01,03-14 18:00:00+01:00,bus044,0.0
2030,sc01,03-14 18:00:00+01:00,bus091,0.0
2030,sc01,03-14 18:00:00+01:00,bus062,0.0
2030,sc01,03-15 21:00:00+01:00,bus093,0.0
2030,sc01,03-15 21:00:00+01:00,bus097,0.0
2030,sc01,03-15 21:00:00+01:00,bus110,0.0
2030,sc01,03-15 21:00:00+01:00,bus042,0.0
2030,sc01,03-15 21:00:00+01:00,bus066,0.0
2030,sc01,03-15 21:00:00+01:00,bus059,0.0
2030,sc01,03-15 21:00:00+01:00,bus057,0.0
2030,sc01,03-15 21:00:00+01:00,bus067,0.0
2030,sc01,03-15 21:00:00+01:00,bus069,0.0
2030,sc01,03-15 21:00:00+01:00,bus014,0.0
2030,sc01,03-15 21:00:00+01:00,bus090,0.0
2030,sc01,03-15 21:00:00+01:00,bus002,0.0
2030,sc01,03-15 21:00:00+01:00,bus005,0.0
2030,sc01,03-15 21:00:00+01:00,bus109,0.0
2030,sc01,03-15 21:00:00+01:00,bus020,0.0
2030,sc01,03-15 21:00:00+01:00,bus065,0.0
2030,sc01,03-15 21:00:00+01:00,bus001,0.0
2030,sc01,03-15 21:00:00+01:00,bus017,0.0
2030,sc01,03-15 21:00:00+01:00,bus015,0.0
2030,sc01,03-15 21:00:00+01:00,bus054,0.0
2030,sc01,03-15 21:00:00+01:00,bus086,0.0
2030,sc01,03-15 21:00:00+01:00,bus032,0.0
2030,sc01,03-15 21:00:00+01:00,bus038,0.0
2030,sc01,03-15 21:00:00+01:00,bus108,0.0
2030,sc01,03-15 21:00:00+01:00,bus087,0.0
2030,sc01,03-15 21:00:00+01:00,bus027,0.0
2030,sc01,03-15 21:00:00+01:00,bus111,0.0
2030,sc01,03-15 21:00:00+01:00,bus025,0.0
2030,sc01,03-15 21:00:00+01:00,bus029,0.0
2030,sc01,03-15 21:00:00+01:00,bus009,0.0
2030,sc01,03-15 21:00:00+01:00,bus043,0.0
2030,sc01,03-15 21:00:00+01:00,bus045,0.0
2030,sc01,03-15 21:00:00+01:00,bus084,0.0
2030,sc01,03-15 21:00:00+01:00,bus013,0.0
2030,sc01,03-15 21:00:00+01:00,bus063,0.0
2030,sc01,03-15 21:00:00+01:00,bus115,0.0
2030,sc01,03-15 21:00:00+01:00,bus010,0.0
2030,sc01,03-15 21:00:00+01:00,bus073,0.0
2030,sc01,03-15 21:00:00+01:00,bus052,0.0
2030,sc01,03-15 21:00:00+01:00,bus096,0.0
2030,sc01,03-15 21:00:00+01:00,bus050,0.0
2030,sc01,03-15 21:00:00+01:00,bus011,0.0
2030,sc01,03-15 21:00:00+01:00,bus055,0.0
2030,sc01,03-15 21:00:00+01:00,bus083,0.0
2030,sc01,03-15 21:00:00+01:00,bus081,0.0
2030,sc01,03-15 21:00:00+01:00,bus022,0.0
2030,sc01,03-15 21:00:00+01:00,bus071,0.0
2030,sc01,03-15 21:00:00+01:00,bus074,0.0
2030,sc01,03-15 21:00:00+01:00,bus040,0.0
2030,sc01,03-15 21:00:00+01:00,bus099,0.0
2030,sc01,03-15 21:00:00+01:00,bus030,0.0
2030,sc01,03-15 21:00:00+01:00,bus098,0.0
2030,sc01,03-15 21:00:00+01:00,bus053,0.0
2030,sc01,03-15 21:00:00+01:00,bus085,0.0
2030,sc01,03-15 21:00:00+01:00,bus101,0.0
2030,sc01,03-15 21:00:00+01:00,bus018,0.0
2030,sc01,03-15 21:00:00+01:00,bus023,0.0
2030,sc01,03-15 21:00:00+01:00,bus088,0.0
2030,sc01,03-15 21:00:00+01:00,bus116,0.0
2030,sc01,03-15 21:00:00+01:00,bus103,0.0
2030,sc01,03-15 21:00:00+01:00,bus008,0.0
2030,sc01,03-15 21:00:00+01:00,bus105,0.0
2030,sc01,03-15 21:00:00+01:00,bus060,0.0
2030,sc01,03-15 21:00:00+01:00,bus016,0.0
2030,sc01,03-15 21:00:00+01:00,bus082,0.0
2030,sc01,03-15 21:00:00+01:00,bus047,0.0
2030,sc01,03-15 21:00:00+01:00,bus019,0.0
2030,sc01,03-15 21:00:00+01:00,bus037,0.0
2030,sc01,03-15 21:00:00+01:00,bus006,0.0
2030,sc01,03-15 21:00:00+01:00,bus080,0.0
2030,sc01,03-15 21:00:00+01:00,bus031,0.0
2030,sc01,03-15 21:00:00+01:00,bus048,0.0
2030,sc01,03-15 21:00:00+01:00,bus107,0.0
2030,sc01,03-15 21:00:00+01:00,bus049,0.0
2030,sc01,03-15 21:00:00+01:00,bus104,0.0
2030,sc01,03-15 21:00:00+01:00,bus100,0.0
2030,sc01,03-15 21:00:00+01:00,bus072,0.0
2030,sc01,03-15 21:00:00+01:00,bus039,0.0
2030,sc01,03-15 21:00:00+01:00,bus012,0.0
2030,sc01,03-15 21:00:00+01:00,bus114,0.0
2030,sc01,03-15 21:00:00+01:00,bus112,0.0
2030,sc01,03-15 21:00:00+01:00,bus058,0.0
2030,sc01,03-15 21:00:00+01:00,bus089,0.0
2030,sc01,03-15 21:00:00+01:00,bus051,0.0
2030,sc01,03-15 21:00:00+01:00,bus056,0.0
2030,sc01,03-15 21:00:00+01:00,bus092,0.0
2030,sc01,03-15 21:00:00+01:00,bus036,0.0
2030,sc01,03-15 21:00:00+01:00,bus094,0.0
2030,sc01,03-15 21:00:00+01:00,bus095,0.0
2030,sc01,03-15 21:00:00+01:00,bus113,0.0
2030,sc01,03-15 21:00:00+01:00,bus024,0.0
2030,sc01,03-15 21:00:00+01:00,bus078,0.0
2030,sc01,03-15 21:00:00+01:00,bus033,0.0
2030,sc01,03-15 21:00:00+01:00,bus079,0.0
2030,sc01,03-15 21:00:00+01:00,bus061,0.0
2030,sc01,03-15 21:00:00+01:00,bus118,0.0
2030,sc01,03-15 21:00:00+01:00,bus003,0.0
2030,sc01,03-15 21:00:00+01:00,bus070,0.0
2030,sc01,03-15 21:00:00+01:00,bus004,0.0
2030,sc01,03-15 21:00:00+01:00,bus021,0.0
2030,sc01,03-15 21:00:00+01:00,bus068,0.0
2030,sc01,03-15 21:00:00+01:00,bus028,0.0
2030,sc01,03-15 21:00:00+01:00,bus034,0.0
2030,sc01,03-15 21:00:00+01:00,bus075,0.0
2030,sc01,03-15 21:00:00+01:00,bus064,0.0
2030,sc01,03-15 21:00:00+01:00,bus106,0.0
2030,sc01,03-15 21:00:00+01:00,bus076,0.0
2030,sc01,03-15 21:00:00+01:00,bus046,0.0
2030,sc01,03-15 21:00:00+01:00,bus007,0.0
2030,sc01,03-15 21:00:00+01:00,bus035,0.0
2030,sc01,03-15 21:00:00+01:00,bus117,0.0
2030,sc01,03-15 21:00:00+01:00,bus041,0.0
2030,sc01,03-15 21:00:00+01:00,bus102,0.0
2030,sc01,03-15 21:00:00+01:00,bus026,0.0
2030,sc01,03-15 21:00:00+01:00,bus077,0.0
2030,sc01,03-15 21:00:00+01:00,bus044,0.0
2030,sc01,03-15 21:00:00+01:00,bus091,0.0
2030,sc01,03-15 21:00:00+01:00,bus062,0.0
2030,sc01,03-18 18:00:00+01:00,bus093,0.0
2030,sc01,03-18 18:00:00+01:00,bus097,0.0
2030,sc01,03-18 18:00:00+01:00,bus110,0.0
2030,sc01,03-18 18:00:00+01:00,bus042,0.0
2030,sc01,03-18 18:00:00+01:00,bus066,0.0
2030,sc01,03-18 18:00:00+01:00,bus059,0.0
2030,sc01,03-18 18:00:00+01:00,bus057,0.0
2030,sc01,03-18 18:00:00+01:00,bus067,0.0
2030,sc01,03-18 18:00:00+01:00,bus069,0.0
2030,sc01,03-18 18:00:00+01:00,bus014,0.0
2030,sc01,03-18 18:00:00+01:00,bus090,0.0
2030,sc01,03-18 18:00:00+01:00,bus002,0.0
2030,sc01,03-18 18:00:00+01:00,bus005,0.0
2030,sc01,03-18 18:00:00+01:00,bus109,0.0
2030,sc01,03-18 18:00:00+01:00,bus020,0.0
2030,sc01,03-18 18:00:00+01:00,bus065,0.0
2030,sc01,03-18 18:00:00+01:00,bus001,0.0
2030,sc01,03-18 18:00:00+01:00,bus017,0.0
2030,sc01,03-18 18:00:00+01:00,bus015,0.0
2030,sc01,03-18 18:00:00+01:00,bus054,0.0
2030,sc01,03-18 18:00:00+01:00,bus086,0.0
2030,sc01,03-18 18:00:00+01:00,bus032,0.0
2030,sc01,03-18 18:00:00+01:00,bus038,0.0
2030,sc01,03-18 18:00:00+01:00,bus108,0.0
2030,sc01,03-18 18:00:00+01:00,bus087,0.0
2030,sc01,03-18 18:00:00+01:00,bus027,0.0
2030,sc01,03-18 18:00:00+01:00,bus111,0.0
2030,sc01,03-18 18:00:00+01:00,bus025,0.0
2030,sc01,03-18 18:00:00+01:00,bus029,0.0
2030,sc01,03-18 18:00:00+01:00,bus009,0.0
2030,sc01,03-18 18:00:00+01:00,bus043,0.0
2030,sc01,03-18 18:00:00+01:00,bus045,0.0
2030,sc01,03-18 18:00:00+01:00,bus084,0.0
2030,sc01,03-18 18:00:00+01:00,bus013,0.0
2030,sc01,03-18 18:00:00+01:00,bus063,0.0
2030,sc01,03-18 18:00:00+01:00,bus115,0.0
2030,sc01,03-18 18:00:00+01:00,bus010,0.0
2030,sc01,03-18 18:00:00+01:00,bus073,0.0
2030,sc01,03-18 18:00:00+01:00,bus052,0.0
2030,sc01,03-18 18:00:00+01:00,bus096,0.0
2030,sc01,03-18 18:00:00+01:00,bus050,0.0
2030,sc01,03-18 18:00:00+01:00,bus011,0.0
2030,sc01,03-18 18:00:00+01:00,bus055,0.0
2030,sc01,03-18 18:00:00+01:00,bus083,0.0
2030,sc01,03-18 18:00:00+01:00,bus081,0.0
2030,sc01,03-18 18:00:00+01:00,bus022,0.0
2030,sc01,03-18 18:00:00+01:00,bus071,0.0
2030,sc01,03-18 18:00:00+01:00,bus074,0.0
2030,sc01,03-18 18:00:00+01:00,bus040,0.0
2030,sc01,03-18 18:00:00+01:00,bus099,0.0
2030,sc01,03-18 18:00:00+01:00,bus030,0.0
2030,sc01,03-18 18:00:00+01:00,bus098,0.0
2030,sc01,03-18 18:00:00+01:00,bus053,0.0
2030,sc01,03-18 18:00:00+01:00,bus085,0.0
2030,sc01,03-18 18:00:00+01:00,bus101,0.0
2030,sc01,03-18 18:00:00+01:00,bus018,0.0
2030,sc01,03-18 18:00:00+01:00,bus023,0.0
2030,sc01,03-18 18:00:00+01:00,bus088,0.0
2030,sc01,03-18 18:00:00+01:00,bus116,0.0
2030,sc01,03-18 18:00:00+01:00,bus103,0.0
2030,sc01,03-18 18:00:00+01:00,bus008,0.0
2030,sc01,03-18 18:00:00+01:00,bus105,0.0
2030,sc01,03-18 18:00:00+01:00,bus060,0.0
2030,sc01,03-18 18:00:00+01:00,bus016,0.0
2030,sc01,03-18 18:00:00+01:00,bus082,0.0
2030,sc01,03-18 18:00:00+01:00,bus047,0.0
2030,sc01,03-18 18:00:00+01:00,bus019,0.0
2030,sc01,03-18 18:00:00+01:00,bus037,0.0
2030,sc01,03-18 18:00:00+01:00,bus006,0.0
2030,sc01,03-18 18:00:00+01:00,bus080,0.0
2030,sc01,03-18 18:00:00+01:00,bus031,0.0
2030,sc01,03-18 18:00:00+01:00,bus048,0.0
2030,sc01,03-18 18:00:00+01:00,bus107,0.0
2030,sc01,03-18 18:00:00+01:00,bus049,0.0
2030,sc01,03-18 18:00:00+01:00,bus104,0.0
2030,sc01,03-18 18:00:00+01:00,bus100,0.0
2030,sc01,03-18 18:00:00+01:00,bus072,0.0
2030,sc01,03-18 18:00:00+01:00,bus039,0.0
2030,sc01,03-18 18:00:00+01:00,bus012,0.0
2030,sc01,03-18 18:00:00+01:00,bus114,0.0
2030,sc01,03-18 18:00:00+01:00,bus112,0.0
2030,sc01,03-18 18:00:00+01:00,bus058,0.0
2030,sc01,03-18 18:00:00+01:00,bus089,0.0
2030,sc01,03-18 18:00:00+01:00,bus051,0.0
2030,sc01,03-18 18:00:00+01:00,bus056,0.0
2030,sc01,03-18 18:00:00+01:00,bus092,0.0
2030,sc01,03-18 18:00:00+01:00,bus036,0.0
2030,sc01,03-18 18:00:00+01:00,bus094,0.0
2030,sc01,03-18 18:00:00+01:00,bus095,0.0
2030,sc01,03-18 18:00:00+01:00,bus113,0.0
2030,sc01,03-18 18:00:00+01:00,bus024,0.0
2030,sc01,03-18 18:00:00+01:00,bus078,0.0
2030,sc01,03-18 18:00:00+01:00,bus033,0.0
2030,sc01,03-18 18:00:00+01:00,bus079,0.0
2030,sc01,03-18 18:00:00+01:00,bus061,0.0
2030,sc01,03-18 18:00:00+01:00,bus118,0.0
2030,sc01,03-18 18:00:00+01:00,bus003,0.0
2030,sc01,03-18 18:00:00+01:00,bus070,0.0
2030,sc01,03-18 18:00:00+01:00,bus004,0.0
2030,sc01,03-18 18:00:00+01:00,bus021,0.0
2030,sc01,03-18 18:00:00+01:00,bus068,0.0
2030,sc01,03-18 18:00:00+01:00,bus028,0.0
2030,sc01,03-18 18:00:00+01:00,bus034,0.0
2030,sc01,03-18 18:00:00+01:00,bus075,0.0
2030,sc01,03-18 18:00:00+01:00,bus064,0.0
2030,sc01,03-18 18:00:00+01:00,bus106,0.0
2030,sc01,03-18 18:00:00+01:00,bus076,0.0
2030,sc01,03-18 18:00:00+01:00,bus046,0.0
2030,sc01,03-18 18:00:00+01:00,bus007,0.0
2030,sc01,03-18 18:00:00+01:00,bus035,0.0
2030,sc01,03-18 18:00:00+01:00,bus117,0.0
2030,sc01,03-18 18:00:00+01:00,bus041,0.0
2030,sc01,03-18 18:00:00+01:00,bus102,0.0
2030,sc01,03-18 18:00:00+01:00,bus026,0.0
2030,sc01,03-18 18:00:00+01:00,bus077,0.0
2030,sc01,03-18 18:00:00+01:00,bus044,0.0
2030,sc01,03-18 18:00:00+01:00,bus091,0.0
2030,sc01,03-18 18:00:00+01:00,bus062,0.0
2030,sc01,03-20 21:00:00+01:00,bus093,0.0
2030,sc01,03-20 21:00:00+01:00,bus097,0.0
2030,sc01,03-20 21:00:00+01:00,bus110,0.0
2030,sc01,03-20 21:00:00+01:00,bus042,0.0
2030,sc01,03-20 21:00:00+01:00,bus066,0.0
2030,sc01,03-20 21:00:00+01:00,bus059,0.0
2030,sc01,03-20 21:00:00+01:00,bus057,0.0
2030,sc01,03-20 21:00:00+01:00,bus067,0.0
2030,sc01,03-20 21:00:00+01:00,bus069,0.0
2030,sc01,03-20 21:00:00+01:00,bus014,0.0
2030,sc01,03-20 21:00:00+01:00,bus090,0.0
2030,sc01,03-20 21:00:00+01:00,bus002,0.0
2030,sc01,03-20 21:00:00+01:00,bus005,0.0
2030,sc01,03-20 21:00:00+01:00,bus109,0.0
2030,sc01,03-20 21:00:00+01:00,bus020,0.0
2030,sc01,03-20 21:00:00+01:00,bus065,0.0
2030,sc01,03-20 21:00:00+01:00,bus001,0.0
2030,sc01,03-20 21:00:00+01:00,bus017,0.0
2030,sc01,03-20 21:00:00+01:00,bus015,0.0
2030,sc01,03-20 21:00:00+01:00,bus054,0.0
2030,sc01,03-20 21:00:00+01:00,bus086,0.0
2030,sc01,03-20 21:00:00+01:00,bus032,0.0
2030,sc01,03-20 21:00:00+01:00,bus038,0.0
2030,sc01,03-20 21:00:00+01:00,bus108,0.0
2030,sc01,03-20 21:00:00+01:00,bus087,0.0
2030,sc01,03-20 21:00:00+01:00,bus027,0.0
2030,sc01,03-20 21:00:00+01:00,bus111,0.0
2030,sc01,03-20 21:00:00+01:00,bus025,0.0
2030,sc01,03-20 21:00:00+01:00,bus029,0.0
2030,sc01,03-20 21:00:00+01:00,bus009,0.0
2030,sc01,03-20 21:00:00+01:00,bus043,0.0
2030,sc01,03-20 21:00:00+01:00,bus045,0.0
2030,sc01,03-20 21:00:00+01:00,bus084,0.0
2030,sc01,03-20 21:00:00+01:00,bus013,0.0
2030,sc01,03-20 21:00:00+01:00,bus063,0.0
2030,sc01,03-20 21:00:00+01:00,bus115,0.0
2030,sc01,03-20 21:00:00+01:00,bus010,0.0
2030,sc01,03-20 21:00:00+01:00,bus073,0.0
2030,sc01,03-20 21:00:00+01:00,bus052,0.0
2030,sc01,03-20 21:00:00+01:00,bus096,0.0
2030,sc01,03-20 21:00:00+01:00,bus050,0.0
2030,sc01,03-20 21:00:00+01:00,bus011,0.0
2030,sc01,03-20 21:00:00+01:00,bus055,0.0
2030,sc01,03-20 21:00:00+01:00,bus083,0.0
2030,sc01,03-20 21:00:00+01:00,bus081,0.0
2030,sc01,03-20 21:00:00+01:00,bus022,0.0
2030,sc01,03-20 21:00:00+01:00,bus071,0.0
2030,sc01,03-20 21:00:00+01:00,bus074,0.0
2030,sc01,03-20 21:00:00+01:00,bus040,0.0
2030,sc01,03-20 21:00:00+01:00,bus099,0.0
2030,sc01,03-20 21:00:00+01:00,bus030,0.0
2030,sc01,03-20 21:00:00+01:00,bus098,0.0
2030,sc01,03-20 21:00:00+01:00,bus053,0.0
2030,sc01,03-20 21:00:00+01:00,bus085,0.0
2030,sc01,03-20 21:00:00+01:00,bus101,0.0
2030,sc01,03-20 21:00:00+01:00,bus018,0.0
2030,sc01,03-20 21:00:00+01:00,bus023,0.0
2030,sc01,03-20 21:00:00+01:00,bus088,0.0
2030,sc01,03-20 21:00:00+01:00,bus116,0.0
2030,sc01,03-20 21:00:00+01:00,bus103,0.0
2030,sc01,03-20 21:00:00+01:00,bus008,0.0
2030,sc01,03-20 21:00:00+01:00,bus105,0.0
2030,sc01,03-20 21:00:00+01:00,bus060,0.0
2030,sc01,03-20 21:00:00+01:00,bus016,0.0
2030,sc01,03-20 21:00:00+01:00,bus082,0.0
2030,sc01,03-20 21:00:00+01:00,bus047,0.0
2030,sc01,03-20 21:00:00+01:00,bus019,0.0
2030,sc01,03-20 21:00:00+01:00,bus037,0.0
2030,sc01,03-20 21:00:00+01:00,bus006,0.0
2030,sc01,03-20 21:00:00+01:00,bus080,0.0
2030,sc01,03-20 21:00:00+01:00,bus031,0.0
2030,sc01,03-20 21:00:00+01:00,bus048,0.0
2030,sc01,03-20 21:00:00+01:00,bus107,0.0
2030,sc01,03-20 21:00:00+01:00,bus049,0.0
2030,sc01,03-20 21:00:00+01:00,bus104,0.0
2030,sc01,03-20 21:00:00+01:00,bus100,0.0
2030,sc01,03-20 21:00:00+01:00,bus072,0.0
2030,sc01,03-20 21:00:00+01:00,bus039,0.0
2030,sc01,03-20 21:00:00+01:00,bus012,0.0
2030,sc01,03-20 21:00:00+01:00,bus114,0.0
2030,sc01,03-20 21:00:00+01:00,bus112,0.0
2030,sc01,03-20 21:00:00+01:00,bus058,0.0
2030,sc01,03-20 21:00:00+01:00,bus089,0.0
2030,sc01,03-20 21:00:00+01:00,bus051,0.0
2030,sc01,03-20 21:00:00+01:00,bus056,0.0
2030,sc01,03-20 21:00:00+01:00,bus092,0.0
2030,sc01,03-20 21:00:00+01:00,bus036,0.0
2030,sc01,03-20 21:00:00+01:00,bus094,0.0
2030,sc01,03-20 21:00:00+01:00,bus095,0.0
2030,sc01,03-20 21:00:00+01:00,bus113,0.0
2030,sc01,03-20 21:00:00+01:00,bus024,0.0
2030,sc01,03-20 21:00:00+01:00,bus078,0.0
2030,sc01,03-20 21:00:00+01:00,bus033,0.0
2030,sc01,03-20 21:00:00+01:00,bus079,0.0
2030,sc01,03-20 21:00:00+01:00,bus061,0.0
2030,sc01,03-20 21:00:00+01:00,bus118,0.0
2030,sc01,03-20 21:00:00+01:00,bus003,0.0
2030,sc01,03-20 21:00:00+01:00,bus070,0.0
2030,sc01,03-20 21:00:00+01:00,bus004,0.0
2030,sc01,03-20 21:00:00+01:00,bus021,0.0
2030,sc01,03-20 21:00:00+01:00,bus068,0.0
2030,sc01,03-20 21:00:00+01:00,bus028,0.0
2030,sc01,03-20 21:00:00+01:00,bus034,0.0
2030,sc01,03-20 21:00:00+01:00,bus075,0.0
2030,sc01,03-20 21:00:00+01:00,bus064,0.0
2030,sc01,03-20 21:00:00+01:00,bus106,0.0
2030,sc01,03-20 21:00:00+01:00,bus076,0.0
2030,sc01,03-20 21:00:00+01:00,bus046,0.0
2030,sc01,03-20 21:00:00+01:00,bus007,0.0
2030,sc01,03-20 21:00:00+01:00,bus035,0.0
2030,sc01,03-20 21:00:00+01:00,bus117,0.0
2030,sc01,03-20 21:00:00+01:00,bus041,0.0
2030,sc01,03-20 21:00:00+01:00,bus102,0.0
2030,sc01,03-20 21:00:00+01:00,bus026,0.0
2030,sc01,03-20 21:00:00+01:00,bus077,0.0
2030,sc01,03-20 21:00:00+01:00,bus044,0.0
2030,sc01,03-20 21:00:00+01:00,bus091,0.0
2030,sc01,03-20 21:00:00+01:00,bus062,0.0
2030,sc01,03-21 11:00:00+01:00,bus093,0.0
2030,sc01,03-21 11:00:00+01:00,bus097,0.0
2030,sc01,03-21 11:00:00+01:00,bus110,0.0
2030,sc01,03-21 11:00:00+01:00,bus042,0.0
2030,sc01,03-21 11:00:00+01:00,bus066,0.0
2030,sc01,03-21 11:00:00+01:00,bus059,0.0
2030,sc01,03-21 11:00:00+01:00,bus057,0.0
2030,sc01,03-21 11:00:00+01:00,bus067,0.0
2030,sc01,03-21 11:00:00+01:00,bus069,0.0
2030,sc01,03-21 11:00:00+01:00,bus014,0.0
2030,sc01,03-21 11:00:00+01:00,bus090,0.0
2030,sc01,03-21 11:00:00+01:00,bus002,0.0
2030,sc01,03-21 11:00:00+01:00,bus005,0.0
2030,sc01,03-21 11:00:00+01:00,bus109,0.0
2030,sc01,03-21 11:00:00+01:00,bus020,0.0
2030,sc01,03-21 11:00:00+01:00,bus065,0.0
2030,sc01,03-21 11:00:00+01:00,bus001,0.0
2030,sc01,03-21 11:00:00+01:00,bus017,0.0
2030,sc01,03-21 11:00:00+01:00,bus015,0.0
2030,sc01,03-21 11:00:00+01:00,bus054,0.0
2030,sc01,03-21 11:00:00+01:00,bus086,0.0
2030,sc01,03-21 11:00:00+01:00,bus032,0.0
2030,sc01,03-21 11:00:00+01:00,bus038,0.0
2030,sc01,03-21 11:00:00+01:00,bus108,0.0
2030,sc01,03-21 11:00:00+01:00,bus087,0.0
2030,sc01,03-21 11:00:00+01:00,bus027,0.0
2030,sc01,03-21 11:00:00+01:00,bus111,0.0
2030,sc01,03-21 11:00:00+01:00,bus025,0.0
2030,sc01,03-21 11:00:00+01:00,bus029,0.0
2030,sc01,03-21 11:00:00+01:00,bus009,0.0
2030,sc01,03-21 11:00:00+01:00,bus043,0.0
2030,sc01,03-21 11:00:00+01:00,bus045,0.0
2030,sc01,03-21 11:00:00+01:00,bus084,0.0
2030,sc01,03-21 11:00:00+01:00,bus013,0.0
2030,sc01,03-21 11:00:00+01:00,bus063,0.0
2030,sc01,03-21 11:00:00+01:00,bus115,0.0
2030,sc01,03-21 11:00:00+01:00,bus010,0.0
2030,sc01,03-21 11:00:00+01:00,bus073,0.0
2030,sc01,03-21 11:00:00+01:00,bus052,0.0
2030,sc01,03-21 11:00:00+01:00,bus096,0.0
2030,sc01,03-21 11:00:00+01:00,bus050,0.0
2030,sc01,03-21 11:00:00+01:00,bus011,0.0
2030,sc01,03-21 11:00:00+01:00,bus055,0.0
2030,sc01,03-21 11:00:00+01:00,bus083,0.0
2030,sc01,03-21 11:00:00+01:00,bus081,0.0
2030,sc01,03-21 11:00:00+01:00,bus022,0.0
2030,sc01,03-21 11:00:00+01:00,bus071,0.0
2030,sc01,03-21 11:00:00+01:00,bus074,0.0
2030,sc01,03-21 11:00:00+01:00,bus040,0.0
2030,sc01,03-21 11:00:00+01:00,bus099,0.0
2030,sc01,03-21 11:00:00+01:00,bus030,0.0
2030,sc01,03-21 11:00:00+01:00,bus098,0.0
2030,sc01,03-21 11:00:00+01:00,bus053,0.0
2030,sc01,03-21 11:00:00+01:00,bus085,0.0
2030,sc01,03-21 11:00:00+01:00,bus101,0.0
2030,sc01,03-21 11:00:00+01:00,bus018,0.0
2030,sc01,03-21 11:00:00+01:00,bus023,0.0
2030,sc01,03-21 11:00:00+01:00,bus088,0.0
2030,sc01,03-21 11:00:00+01:00,bus116,0.0
2030,sc01,03-21 11:00:00+01:00,bus103,0.0
2030,sc01,03-21 11:00:00+01:00,bus008,0.0
2030,sc01,03-21 11:00:00+01:00,bus105,0.0
2030,sc01,03-21 11:00:00+01:00,bus060,0.0
2030,sc01,03-21 11:00:00+01:00,bus016,0.0
2030,sc01,03-21 11:00:00+01:00,bus082,0.0
2030,sc01,03-21 11:00:00+01:00,bus047,0.0
2030,sc01,03-21 11:00:00+01:00,bus019,0.0
2030,sc01,03-21 11:00:00+01:00,bus037,0.0
2030,sc01,03-21 11:00:00+01:00,bus006,0.0
2030,sc01,03-21 11:00:00+01:00,bus080,0.0
2030,sc01,03-21 11:00:00+01:00,bus031,0.0
2030,sc01,03-21 11:00:00+01:00,bus048,0.0
2030,sc01,03-21 11:00:00+01:00,bus107,0.0
2030,sc01,03-21 11:00:00+01:00,bus049,0.0
2030,sc01,03-21 11:00:00+01:00,bus104,0.0
2030,sc01,03-21 11:00:00+01:00,bus100,0.0
2030,sc01,03-21 11:00:00+01:00,bus072,0.0
2030,sc01,03-21 11:00:00+01:00,bus039,0.0
2030,sc01,03-21 11:00:00+01:00,bus012,0.0
2030,sc01,03-21 11:00:00+01:00,bus114,0.0
2030,sc01,03-21 11:00:00+01:00,bus112,0.0
2030,sc01,03-21 11:00:00+01:00,bus058,0.0
2030,sc01,03-21 11:00:00+01:00,bus089,0.0
2030,sc01,03-21 11:00:00+01:00,bus051,0.0
2030,sc01,03-21 11:00:00+01:00,bus056,0.0
2030,sc01,03-21 11:00:00+01:00,bus092,0.0
2030,sc01,03-21 11:00:00+01:00,bus036,0.0
2030,sc01,03-21 11:00:00+01:00,bus094,0.0
2030,sc01,03-21 11:00:00+01:00,bus095,0.0
2030,sc01,03-21 11:00:00+01:00,bus113,0.0
2030,sc01,03-21 11:00:00+01:00,bus024,0.0
2030,sc01,03-21 11:00:00+01:00,bus078,0.0
2030,sc01,03-21 11:00:00+01:00,bus033,0.0
2030,sc01,03-21 11:00:00+01:00,bus079,0.0
2030,sc01,03-21 11:00:00+01:00,bus061,0.0
2030,sc01,03-21 11:00:00+01:00,bus118,0.0
2030,sc01,03-21 11:00:00+01:00,bus003,0.0
2030,sc01,03-21 11:00:00+01:00,bus070,0.0
2030,sc01,03-21 11:00:00+01:00,bus004,0.0
2030,sc01,03-21 11:00:00+01:00,bus021,0.0
2030,sc01,03-21 11:00:00+01:00,bus068,0.0
2030,sc01,03-21 11:00:00+01:00,bus028,0.0
2030,sc01,03-21 11:00:00+01:00,bus034,0.0
2030,sc01,03-21 11:00:00+01:00,bus075,0.0
2030,sc01,03-21 11:00:00+01:00,bus064,0.0
2030,sc01,03-21 11:00:00+01:00,bus106,0.0
2030,sc01,03-21 11:00:00+01:00,bus076,0.0
2030,sc01,03-21 11:00:00+01:00,bus046,0.0
2030,sc01,03-21 11:00:00+01:00,bus007,0.0
2030,sc01,03-21 11:00:00+01:00,bus035,0.0
2030,sc01,03-21 11:00:00+01:00,bus117,0.0
2030,sc01,03-21 11:00:00+01:00,bus041,0.0
2030,sc01,03-21 11:00:00+01:00,bus102,0.0
2030,sc01,03-21 11:00:00+01:00,bus026,0.0
2030,sc01,03-21 11:00:00+01:00,bus077,0.0
2030,sc01,03-21 11:00:00+01:00,bus044,0.0
2030,sc01,03-21 11:00:00+01:00,bus091,0.0
2030,sc01,03-21 11:00:00+01:00,bus062,0.0
2030,sc01,03-25 05:00:00+01:00,bus093,0.0
2030,sc01,03-25 05:00:00+01:00,bus097,0.0
2030,sc01,03-25 05:00:00+01:00,bus110,0.0
2030,sc01,03-25 05:00:00+01:00,bus042,0.0
2030,sc01,03-25 05:00:00+01:00,bus066,0.0
2030,sc01,03-25 05:00:00+01:00,bus059,0.0
2030,sc01,03-25 05:00:00+01:00,bus057,0.0
2030,sc01,03-25 05:00:00+01:00,bus067,0.0
2030,sc01,03-25 05:00:00+01:00,bus069,0.0
2030,sc01,03-25 05:00:00+01:00,bus014,0.0
2030,sc01,03-25 05:00:00+01:00,bus090,0.0
2030,sc01,03-25 05:00:00+01:00,bus002,0.0
2030,sc01,03-25 05:00:00+01:00,bus005,0.0
2030,sc01,03-25 05:00:00+01:00,bus109,0.0
2030,sc01,03-25 05:00:00+01:00,bus020,0.0
2030,sc01,03-25 05:00:00+01:00,bus065,0.0
2030,sc01,03-25 05:00:00+01:00,bus001,0.0
2030,sc01,03-25 05:00:00+01:00,bus017,0.0
2030,sc01,03-25 05:00:00+01:00,bus015,0.0
2030,sc01,03-25 05:00:00+01:00,bus054,0.0
2030,sc01,03-25 05:00:00+01:00,bus086,0.0
2030,sc01,03-25 05:00:00+01:00,bus032,0.0
2030,sc01,03-25 05:00:00+01:00,bus038,0.0
2030,sc01,03-25 05:00:00+01:00,bus108,0.0
2030,sc01,03-25 05:00:00+01:00,bus087,0.0
2030,sc01,03-25 05:00:00+01:00,bus027,0.0
2030,sc01,03-25 05:00:00+01:00,bus111,0.0
2030,sc01,03-25 05:00:00+01:00,bus025,0.0
2030,sc01,03-25 05:00:00+01:00,bus029,0.0
2030,sc01,03-25 05:00:00+01:00,bus009,0.0
2030,sc01,03-25 05:00:00+01:00,bus043,0.0
2030,sc01,03-25 05:00:00+01:00,bus045,0.0
2030,sc01,03-25 05:00:00+01:00,bus084,0.0
2030,sc01,03-25 05:00:00+01:00,bus013,0.0
2030,sc01,03-25 05:00:00+01:00,bus063,0.0
2030,sc01,03-25 05:00:00+01:00,bus115,0.0
2030,sc01,03-25 05:00:00+01:00,bus010,0.0
2030,sc01,03-25 05:00:00+01:00,bus073,0.0
2030,sc01,03-25 05:00:00+01:00,bus052,0.0
2030,sc01,03-25 05:00:00+01:00,bus096,0.0
2030,sc01,03-25 05:00:00+01:00,bus050,0.0
2030,sc01,03-25 05:00:00+01:00,bus011,0.0
2030,sc01,03-25 05:00:00+01:00,bus055,0.0
2030,sc01,03-25 05:00:00+01:00,bus083,0.0
2030,sc01,03-25 05:00:00+01:00,bus081,0.0
2030,sc01,03-25 05:00:00+01:00,bus022,0.0
2030,sc01,03-25 05:00:00+01:00,bus071,0.0
2030,sc01,03-25 05:00:00+01:00,bus074,0.0
2030,sc01,03-25 05:00:00+01:00,bus040,0.0
2030,sc01,03-25 05:00:00+01:00,bus099,0.0
2030,sc01,03-25 05:00:00+01:00,bus030,0.0
2030,sc01,03-25 05:00:00+01:00,bus098,0.0
2030,sc01,03-25 05:00:00+01:00,bus053,0.0
2030,sc01,03-25 05:00:00+01:00,bus085,0.0
2030,sc01,03-25 05:00:00+01:00,bus101,0.0
2030,sc01,03-25 05:00:00+01:00,bus018,0.0
2030,sc01,03-25 05:00:00+01:00,bus023,0.0
2030,sc01,03-25 05:00:00+01:00,bus088,0.0
2030,sc01,03-25 05:00:00+01:00,bus116,0.0
2030,sc01,03-25 05:00:00+01:00,bus103,0.0
2030,sc01,03-25 05:00:00+01:00,bus008,0.0
2030,sc01,03-25 05:00:00+01:00,bus105,0.0
2030,sc01,03-25 05:00:00+01:00,bus060,0.0
2030,sc01,03-25 05:00:00+01:00,bus016,0.0
2030,sc01,03-25 05:00:00+01:00,bus082,0.0
2030,sc01,03-25 05:00:00+01:00,bus047,0.0
2030,sc01,03-25 05:00:00+01:00,bus019,0.0
2030,sc01,03-25 05:00:00+01:00,bus037,0.0
2030,sc01,03-25 05:00:00+01:00,bus006,0.0
2030,sc01,03-25 05:00:00+01:00,bus080,0.0
2030,sc01,03-25 05:00:00+01:00,bus031,0.0
2030,sc01,03-25 05:00:00+01:00,bus048,0.0
2030,sc01,03-25 05:00:00+01:00,bus107,0.0
2030,sc01,03-25 05:00:00+01:00,bus049,0.0
2030,sc01,03-25 05:00:00+01:00,bus104,0.0
2030,sc01,03-25 05:00:00+01:00,bus100,0.0
2030,sc01,03-25 05:00:00+01:00,bus072,0.0
2030,sc01,03-25 05:00:00+01:00,bus039,0.0
2030,sc01,03-25 05:00:00+01:00,bus012,0.0
2030,sc01,03-25 05:00:00+01:00,bus114,0.0
2030,sc01,03-25 05:00:00+01:00,bus112,0.0
2030,sc01,03-25 05:00:00+01:00,bus058,0.0
2030,sc01,03-25 05:00:00+01:00,bus089,0.0
2030,sc01,03-25 05:00:00+01:00,bus051,0.0
2030,sc01,03-25 05:00:00+01:00,bus056,0.0
2030,sc01,03-25 05:00:00+01:00,bus092,0.0
2030,sc01,03-25 05:00:00+01:00,bus036,0.0
2030,sc01,03-25 05:00:00+01:00,bus094,0.0
2030,sc01,03-25 05:00:00+01:00,bus095,0.0
2030,sc01,03-25 05:00:00+01:00,bus113,0.0
2030,sc01,03-25 05:00:00+01:00,bus024,0.0
2030,sc01,03-25 05:00:00+01:00,bus078,0.0
2030,sc01,03-25 05:00:00+01:00,bus033,0.0
2030,sc01,03-25 05:00:00+01:00,bus079,0.0
2030,sc01,03-25 05:00:00+01:00,bus061,0.0
2030,sc01,03-25 05:00:00+01:00,bus118,0.0
2030,sc01,03-25 05:00:00+01:00,bus003,0.0
2030,sc01,03-25 05:00:00+01:00,bus070,0.0
2030,sc01,03-25 05:00:00+01:00,bus004,0.0
2030,sc01,03-25 05:00:00+01:00,bus021,0.0
2030,sc01,03-25 05:00:00+01:00,bus068,0.0
2030,sc01,03-25 05:00:00+01:00,bus028,0.0
2030,sc01,03-25 05:00:00+01:00,bus034,0.0
2030,sc01,03-25 05:00:00+01:00,bus075,0.0
2030,sc01,03-25 05:00:00+01:00,bus064,0.0
2030,sc01,03-25 05:00:00+01:00,bus106,0.0
2030,sc01,03-25 05:00:00+01:00,bus076,0.0
2030,sc01,03-25 05:00:00+01:00,bus046,0.0
2030,sc01,03-25 05:00:00+01:00,bus007,0.0
2030,sc01,03-25 05:00:00+01:00,bus035,0.0
2030,sc01,03-25 05:00:00+01:00,bus117,0.0
2030,sc01,03-25 05:00:00+01:00,bus041,0.0
2030,sc01,03-25 05:00:00+01:00,bus102,0.0
2030,sc01,03-25 05:00:00+01:00,bus026,0.0
2030,sc01,03-25 05:00:00+01:00,bus077,0.0
2030,sc01,03-25 05:00:00+01:00,bus044,0.0
2030,sc01,03-25 05:00:00+01:00,bus091,0.0
2030,sc01,03-25 05:00:00+01:00,bus062,0.0
2030,sc01,03-25 19:00:00+01:00,bus093,0.0
2030,sc01,03-25 19:00:00+01:00,bus097,0.0
2030,sc01,03-25 19:00:00+01:00,bus110,0.0
2030,sc01,03-25 19:00:00+01:00,bus042,0.0
2030,sc01,03-25 19:00:00+01:00,bus066,0.0
2030,sc01,03-25 19:00:00+01:00,bus059,0.0
2030,sc01,03-25 19:00:00+01:00,bus057,0.0
2030,sc01,03-25 19:00:00+01:00,bus067,0.0
2030,sc01,03-25 19:00:00+01:00,bus069,0.0
2030,sc01,03-25 19:00:00+01:00,bus014,0.0
2030,sc01,03-25 19:00:00+01:00,bus090,0.0
2030,sc01,03-25 19:00:00+01:00,bus002,0.0
2030,sc01,03-25 19:00:00+01:00,bus005,0.0
2030,sc01,03-25 19:00:00+01:00,bus109,0.0
2030,sc01,03-25 19:00:00+01:00,bus020,0.0
2030,sc01,03-25 19:00:00+01:00,bus065,0.0
2030,sc01,03-25 19:00:00+01:00,bus001,0.0
2030,sc01,03-25 19:00:00+01:00,bus017,0.0
2030,sc01,03-25 19:00:00+01:00,bus015,0.0
2030,sc01,03-25 19:00:00+01:00,bus054,0.0
2030,sc01,03-25 19:00:00+01:00,bus086,0.0
2030,sc01,03-25 19:00:00+01:00,bus032,0.0
2030,sc01,03-25 19:00:00+01:00,bus038,0.0
2030,sc01,03-25 19:00:00+01:00,bus108,0.0
2030,sc01,03-25 19:00:00+01:00,bus087,0.0
2030,sc01,03-25 19:00:00+01:00,bus027,0.0
2030,sc01,03-25 19:00:00+01:00,bus111,0.0
2030,sc01,03-25 19:00:00+01:00,bus025,0.0
2030,sc01,03-25 19:00:00+01:00,bus029,0.0
2030,sc01,03-25 19:00:00+01:00,bus009,0.0
2030,sc01,03-25 19:00:00+01:00,bus043,0.0
2030,sc01,03-25 19:00:00+01:00,bus045,0.0
2030,sc01,03-25 19:00:00+01:00,bus084,0.0
2030,sc01,03-25 19:00:00+01:00,bus013,0.0
2030,sc01,03-25 19:00:00+01:00,bus063,0.0
2030,sc01,03-25 19:00:00+01:00,bus115,0.0
2030,sc01,03-25 19:00:00+01:00,bus010,0.0
2030,sc01,03-25 19:00:00+01:00,bus073,0.0
2030,sc01,03-25 19:00:00+01:00,bus052,0.0
2030,sc01,03-25 19:00:00+01:00,bus096,0.0
2030,sc01,03-25 19:00:00+01:00,bus050,0.0
2030,sc01,03-25 19:00:00+01:00,bus011,0.0
2030,sc01,03-25 19:00:00+01:00,bus055,0.0
2030,sc01,03-25 19:00:00+01:00,bus083,0.0
2030,sc01,03-25 19:00:00+01:00,bus081,0.0
2030,sc01,03-25 19:00:00+01:00,bus022,0.0
2030,sc01,03-25 19:00:00+01:00,bus071,0.0
2030,sc01,03-25 19:00:00+01:00,bus074,0.0
2030,sc01,03-25 19:00:00+01:00,bus040,0.0
2030,sc01,03-25 19:00:00+01:00,bus099,0.0
2030,sc01,03-25 19:00:00+01:00,bus030,0.0
2030,sc01,03-25 19:00:00+01:00,bus098,0.0
2030,sc01,03-25 19:00:00+01:00,bus053,0.0
2030,sc01,03-25 19:00:00+01:00,bus085,0.0
2030,sc01,03-25 19:00:00+01:00,bus101,0.0
2030,sc01,03-25 19:00:00+01:00,bus018,0.0
2030,sc01,03-25 19:00:00+01:00,bus023,0.0
2030,sc01,03-25 19:00:00+01:00,bus088,0.0
2030,sc01,03-25 19:00:00+01:00,bus116,0.0
2030,sc01,03-25 19:00:00+01:00,bus103,0.0
2030,sc01,03-25 19:00:00+01:00,bus008,0.0
2030,sc01,03-25 19:00:00+01:00,bus105,0.0
2030,sc01,03-25 19:00:00+01:00,bus060,0.0
2030,sc01,03-25 19:00:00+01:00,bus016,0.0
2030,sc01,03-25 19:00:00+01:00,bus082,0.0
2030,sc01,03-25 19:00:00+01:00,bus047,0.0
2030,sc01,03-25 19:00:00+01:00,bus019,0.0
2030,sc01,03-25 19:00:00+01:00,bus037,0.0
2030,sc01,03-25 19:00:00+01:00,bus006,0.0
2030,sc01,03-25 19:00:00+01:00,bus080,0.0
2030,sc01,03-25 19:00:00+01:00,bus031,0.0
2030,sc01,03-25 19:00:00+01:00,bus048,0.0
2030,sc01,03-25 19:00:00+01:00,bus107,0.0
2030,sc01,03-25 19:00:00+01:00,bus049,0.0
2030,sc01,03-25 19:00:00+01:00,bus104,0.0
2030,sc01,03-25 19:00:00+01:00,bus100,0.0
2030,sc01,03-25 19:00:00+01:00,bus072,0.0
2030,sc01,03-25 19:00:00+01:00,bus039,0.0
2030,sc01,03-25 19:00:00+01:00,bus012,0.0
2030,sc01,03-25 19:00:00+01:00,bus114,0.0
2030,sc01,03-25 19:00:00+01:00,bus112,0.0
2030,sc01,03-25 19:00:00+01:00,bus058,0.0
2030,sc01,03-25 19:00:00+01:00,bus089,0.0
2030,sc01,03-25 19:00:00+01:00,bus051,0.0
2030,sc01,03-25 19:00:00+01:00,bus056,0.0
2030,sc01,03-25 19:00:00+01:00,bus092,0.0
2030,sc01,03-25 19:00:00+01:00,bus036,0.0
2030,sc01,03-25 19:00:00+01:00,bus094,0.0
2030,sc01,03-25 19:00:00+01:00,bus095,0.0
2030,sc01,03-25 19:00:00+01:00,bus113,0.0
2030,sc01,03-25 19:00:00+01:00,bus024,0.0
2030,sc01,03-25 19:00:00+01:00,bus078,0.0
2030,sc01,03-25 19:00:00+01:00,bus033,0.0
2030,sc01,03-25 19:00:00+01:00,bus079,0.0
2030,sc01,03-25 19:00:00+01:00,bus061,0.0
2030,sc01,03-25 19:00:00+01:00,bus118,0.0
2030,sc01,03-25 19:00:00+01:00,bus003,0.0
2030,sc01,03-25 19:00:00+01:00,bus070,0.0
2030,sc01,03-25 19:00:00+01:00,bus004,0.0
2030,sc01,03-25 19:00:00+01:00,bus021,0.0
2030,sc01,03-25 19:00:00+01:00,bus068,0.0
2030,sc01,03-25 19:00:00+01:00,bus028,0.0
2030,sc01,03-25 19:00:00+01:00,bus034,0.0
2030,sc01,03-25 19:00:00+01:00,bus075,0.0
2030,sc01,03-25 19:00:00+01:00,bus064,0.0
2030,sc01,03-25 19:00:00+01:00,bus106,0.0
2030,sc01,03-25 19:00:00+01:00,bus076,0.0
2030,sc01,03-25 19:00:00+01:00,bus046,0.0
2030,sc01,03-25 19:00:00+01:00,bus007,0.0
2030,sc01,03-25 19:00:00+01:00,bus035,0.0
2030,sc01,03-25 19:00:00+01:00,bus117,0.0
2030,sc01,03-25 19:00:00+01:00,bus041,0.0
2030,sc01,03-25 19:00:00+01:00,bus102,0.0
2030,sc01,03-25 19:00:00+01:00,bus026,0.0
2030,sc01,03-25 19:00:00+01:00,bus077,0.0
2030,sc01,03-25 19:00:00+01:00,bus044,0.0
2030,sc01,03-25 19:00:00+01:00,bus091,0.0
2030,sc01,03-25 19:00:00+01:00,bus062,0.0
2030,sc01,03-26 18:00:00+01:00,bus093,0.0
2030,sc01,03-26 18:00:00+01:00,bus097,0.0
2030,sc01,03-26 18:00:00+01:00,bus110,0.0
2030,sc01,03-26 18:00:00+01:00,bus042,0.0
2030,sc01,03-26 18:00:00+01:00,bus066,0.0
2030,sc01,03-26 18:00:00+01:00,bus059,0.0
2030,sc01,03-26 18:00:00+01:00,bus057,0.0
2030,sc01,03-26 18:00:00+01:00,bus067,0.0
2030,sc01,03-26 18:00:00+01:00,bus069,0.0
2030,sc01,03-26 18:00:00+01:00,bus014,0.0
2030,sc01,03-26 18:00:00+01:00,bus090,0.0
2030,sc01,03-26 18:00:00+01:00,bus002,0.0
2030,sc01,03-26 18:00:00+01:00,bus005,0.0
2030,sc01,03-26 18:00:00+01:00,bus109,0.0
2030,sc01,03-26 18:00:00+01:00,bus020,0.0
2030,sc01,03-26 18:00:00+01:00,bus065,0.0
2030,sc01,03-26 18:00:00+01:00,bus001,0.0
2030,sc01,03-26 18:00:00+01:00,bus017,0.0
2030,sc01,03-26 18:00:00+01:00,bus015,0.0
2030,sc01,03-26 18:00:00+01:00,bus054,0.0
2030,sc01,03-26 18:00:00+01:00,bus086,0.0
2030,sc01,03-26 18:00:00+01:00,bus032,0.0
2030,sc01,03-26 18:00:00+01:00,bus038,0.0
2030,sc01,03-26 18:00:00+01:00,bus108,0.0
2030,sc01,03-26 18:00:00+01:00,bus087,0.0
2030,sc01,03-26 18:00:00+01:00,bus027,0.0
2030,sc01,03-26 18:00:00+01:00,bus111,0.0
2030,sc01,03-26 18:00:00+01:00,bus025,0.0
2030,sc01,03-26 18:00:00+01:00,bus029,0.0
2030,sc01,03-26 18:00:00+01:00,bus009,0.0
2030,sc01,03-26 18:00:00+01:00,bus043,0.0
2030,sc01,03-26 18:00:00+01:00,bus045,0.0
2030,sc01,03-26 18:00:00+01:00,bus084,0.0
2030,sc01,03-26 18:00:00+01:00,bus013,0.0
2030,sc01,03-26 18:00:00+01:00,bus063,0.0
2030,sc01,03-26 18:00:00+01:00,bus115,0.0
2030,sc01,03-26 18:00:00+01:00,bus010,0.0
2030,sc01,03-26 18:00:00+01:00,bus073,0.0
2030,sc01,03-26 18:00:00+01:00,bus052,0.0
2030,sc01,03-26 18:00:00+01:00,bus096,0.0
2030,sc01,03-26 18:00:00+01:00,bus050,0.0
2030,sc01,03-26 18:00:00+01:00,bus011,0.0
2030,sc01,03-26 18:00:00+01:00,bus055,0.0
2030,sc01,03-26 18:00:00+01:00,bus083,0.0
2030,sc01,03-26 18:00:00+01:00,bus081,0.0
2030,sc01,03-26 18:00:00+01:00,bus022,0.0
2030,sc01,03-26 18:00:00+01:00,bus071,0.0
2030,sc01,03-26 18:00:00+01:00,bus074,0.0
2030,sc01,03-26 18:00:00+01:00,bus040,0.0
2030,sc01,03-26 18:00:00+01:00,bus099,0.0
2030,sc01,03-26 18:00:00+01:00,bus030,0.0
2030,sc01,03-26 18:00:00+01:00,bus098,0.0
2030,sc01,03-26 18:00:00+01:00,bus053,0.0
2030,sc01,03-26 18:00:00+01:00,bus085,0.0
2030,sc01,03-26 18:00:00+01:00,bus101,0.0
2030,sc01,03-26 18:00:00+01:00,bus018,0.0
2030,sc01,03-26 18:00:00+01:00,bus023,0.0
2030,sc01,03-26 18:00:00+01:00,bus088,0.0
2030,sc01,03-26 18:00:00+01:00,bus116,0.0
2030,sc01,03-26 18:00:00+01:00,bus103,0.0
2030,sc01,03-26 18:00:00+01:00,bus008,0.0
2030,sc01,03-26 18:00:00+01:00,bus105,0.0
2030,sc01,03-26 18:00:00+01:00,bus060,0.0
2030,sc01,03-26 18:00:00+01:00,bus016,0.0
2030,sc01,03-26 18:00:00+01:00,bus082,0.0
2030,sc01,03-26 18:00:00+01:00,bus047,0.0
2030,sc01,03-26 18:00:00+01:00,bus019,0.0
2030,sc01,03-26 18:00:00+01:00,bus037,0.0
2030,sc01,03-26 18:00:00+01:00,bus006,0.0
2030,sc01,03-26 18:00:00+01:00,bus080,0.0
2030,sc01,03-26 18:00:00+01:00,bus031,0.0
2030,sc01,03-26 18:00:00+01:00,bus048,0.0
2030,sc01,03-26 18:00:00+01:00,bus107,0.0
2030,sc01,03-26 18:00:00+01:00,bus049,0.0
2030,sc01,03-26 18:00:00+01:00,bus104,0.0
2030,sc01,03-26 18:00:00+01:00,bus100,0.0
2030,sc01,03-26 18:00:00+01:00,bus072,0.0
2030,sc01,03-26 18:00:00+01:00,bus039,0.0
2030,sc01,03-26 18:00:00+01:00,bus012,0.0
2030,sc01,03-26 18:00:00+01:00,bus114,0.0
2030,sc01,03-26 18:00:00+01:00,bus112,0.0
2030,sc01,03-26 18:00:00+01:00,bus058,0.0
2030,sc01,03-26 18:00:00+01:00,bus089,0.0
2030,sc01,03-26 18:00:00+01:00,bus051,0.0
2030,sc01,03-26 18:00:00+01:00,bus056,0.0
2030,sc01,03-26 18:00:00+01:00,bus092,0.0
2030,sc01,03-26 18:00:00+01:00,bus036,0.0
2030,sc01,03-26 18:00:00+01:00,bus094,0.0
2030,sc01,03-26 18:00:00+01:00,bus095,0.0
2030,sc01,03-26 18:00:00+01:00,bus113,0.0
2030,sc01,03-26 18:00:00+01:00,bus024,0.0
2030,sc01,03-26 18:00:00+01:00,bus078,0.0
2030,sc01,03-26 18:00:00+01:00,bus033,0.0
2030,sc01,03-26 18:00:00+01:00,bus079,0.0
2030,sc01,03-26 18:00:00+01:00,bus061,0.0
2030,sc01,03-26 18:00:00+01:00,bus118,0.0
2030,sc01,03-26 18:00:00+01:00,bus003,0.0
2030,sc01,03-26 18:00:00+01:00,bus070,0.0
2030,sc01,03-26 18:00:00+01:00,bus004,0.0
2030,sc01,03-26 18:00:00+01:00,bus021,0.0
2030,sc01,03-26 18:00:00+01:00,bus068,0.0
2030,sc01,03-26 18:00:00+01:00,bus028,0.0
2030,sc01,03-26 18:00:00+01:00,bus034,0.0
2030,sc01,03-26 18:00:00+01:00,bus075,0.0
2030,sc01,03-26 18:00:00+01:00,bus064,0.0
2030,sc01,03-26 18:00:00+01:00,bus106,0.0
2030,sc01,03-26 18:00:00+01:00,bus076,0.0
2030,sc01,03-26 18:00:00+01:00,bus046,0.0
2030,sc01,03-26 18:00:00+01:00,bus007,0.0
2030,sc01,03-26 18:00:00+01:00,bus035,0.0
2030,sc01,03-26 18:00:00+01:00,bus117,0.0
2030,sc01,03-26 18:00:00+01:00,bus041,0.0
2030,sc01,03-26 18:00:00+01:00,bus102,0.0
2030,sc01,03-26 18:00:00+01:00,bus026,0.0
2030,sc01,03-26 18:00:00+01:00,bus077,0.0
2030,sc01,03-26 18:00:00+01:00,bus044,0.0
2030,sc01,03-26 18:00:00+01:00,bus091,0.0
2030,sc01,03-26 18:00:00+01:00,bus062,0.0
2030,sc01,03-27 03:00:00+01:00,bus093,0.0
2030,sc01,03-27 03:00:00+01:00,bus097,0.0
2030,sc01,03-27 03:00:00+01:00,bus110,0.0
2030,sc01,03-27 03:00:00+01:00,bus042,0.0
2030,sc01,03-27 03:00:00+01:00,bus066,0.0
2030,sc01,03-27 03:00:00+01:00,bus059,0.0
2030,sc01,03-27 03:00:00+01:00,bus057,0.0
2030,sc01,03-27 03:00:00+01:00,bus067,0.0
2030,sc01,03-27 03:00:00+01:00,bus069,0.0
2030,sc01,03-27 03:00:00+01:00,bus014,0.0
2030,sc01,03-27 03:00:00+01:00,bus090,0.0
2030,sc01,03-27 03:00:00+01:00,bus002,0.0
2030,sc01,03-27 03:00:00+01:00,bus005,0.0
2030,sc01,03-27 03:00:00+01:00,bus109,0.0
2030,sc01,03-27 03:00:00+01:00,bus020,0.0
2030,sc01,03-27 03:00:00+01:00,bus065,0.0
2030,sc01,03-27 03:00:00+01:00,bus001,0.0
2030,sc01,03-27 03:00:00+01:00,bus017,0.0
2030,sc01,03-27 03:00:00+01:00,bus015,0.0
2030,sc01,03-27 03:00:00+01:00,bus054,0.0
2030,sc01,03-27 03:00:00+01:00,bus086,0.0
2030,sc01,03-27 03:00:00+01:00,bus032,0.0
2030,sc01,03-27 03:00:00+01:00,bus038,0.0
2030,sc01,03-27 03:00:00+01:00,bus108,0.0
2030,sc01,03-27 03:00:00+01:00,bus087,0.0
2030,sc01,03-27 03:00:00+01:00,bus027,0.0
2030,sc01,03-27 03:00:00+01:00,bus111,0.0
2030,sc01,03-27 03:00:00+01:00,bus025,0.0
2030,sc01,03-27 03:00:00+01:00,bus029,0.0
2030,sc01,03-27 03:00:00+01:00,bus009,0.0
2030,sc01,03-27 03:00:00+01:00,bus043,0.0
2030,sc01,03-27 03:00:00+01:00,bus045,0.0
2030,sc01,03-27 03:00:00+01:00,bus084,0.0
2030,sc01,03-27 03:00:00+01:00,bus013,0.0
2030,sc01,03-27 03:00:00+01:00,bus063,0.0
2030,sc01,03-27 03:00:00+01:00,bus115,0.0
2030,sc01,03-27 03:00:00+01:00,bus010,0.0
2030,sc01,03-27 03:00:00+01:00,bus073,0.0
2030,sc01,03-27 03:00:00+01:00,bus052,0.0
2030,sc01,03-27 03:00:00+01:00,bus096,0.0
2030,sc01,03-27 03:00:00+01:00,bus050,0.0
2030,sc01,03-27 03:00:00+01:00,bus011,0.0
2030,sc01,03-27 03:00:00+01:00,bus055,0.0
2030,sc01,03-27 03:00:00+01:00,bus083,0.0
2030,sc01,03-27 03:00:00+01:00,bus081,0.0
2030,sc01,03-27 03:00:00+01:00,bus022,0.0
2030,sc01,03-27 03:00:00+01:00,bus071,0.0
2030,sc01,03-27 03:00:00+01:00,bus074,0.0
2030,sc01,03-27 03:00:00+01:00,bus040,0.0
2030,sc01,03-27 03:00:00+01:00,bus099,0.0
2030,sc01,03-27 03:00:00+01:00,bus030,0.0
2030,sc01,03-27 03:00:00+01:00,bus098,0.0
2030,sc01,03-27 03:00:00+01:00,bus053,0.0
2030,sc01,03-27 03:00:00+01:00,bus085,0.0
2030,sc01,03-27 03:00:00+01:00,bus101,0.0
2030,sc01,03-27 03:00:00+01:00,bus018,0.0
2030,sc01,03-27 03:00:00+01:00,bus023,0.0
2030,sc01,03-27 03:00:00+01:00,bus088,0.0
2030,sc01,03-27 03:00:00+01:00,bus116,0.0
2030,sc01,03-27 03:00:00+01:00,bus103,0.0
2030,sc01,03-27 03:00:00+01:00,bus008,0.0
2030,sc01,03-27 03:00:00+01:00,bus105,0.0
2030,sc01,03-27 03:00:00+01:00,bus060,0.0
2030,sc01,03-27 03:00:00+01:00,bus016,0.0
2030,sc01,03-27 03:00:00+01:00,bus082,0.0
2030,sc01,03-27 03:00:00+01:00,bus047,0.0
2030,sc01,03-27 03:00:00+01:00,bus019,0.0
2030,sc01,03-27 03:00:00+01:00,bus037,0.0
2030,sc01,03-27 03:00:00+01:00,bus006,0.0
2030,sc01,03-27 03:00:00+01:00,bus080,0.0
2030,sc01,03-27 03:00:00+01:00,bus031,0.0
2030,sc01,03-27 03:00:00+01:00,bus048,0.0
2030,sc01,03-27 03:00:00+01:00,bus107,0.0
2030,sc01,03-27 03:00:00+01:00,bus049,0.0
2030,sc01,03-27 03:00:00+01:00,bus104,0.0
2030,sc01,03-27 03:00:00+01:00,bus100,0.0
2030,sc01,03-27 03:00:00+01:00,bus072,0.0
2030,sc01,03-27 03:00:00+01:00,bus039,0.0
2030,sc01,03-27 03:00:00+01:00,bus012,0.0
2030,sc01,03-27 03:00:00+01:00,bus114,0.0
2030,sc01,03-27 03:00:00+01:00,bus112,0.0
2030,sc01,03-27 03:00:00+01:00,bus058,0.0
2030,sc01,03-27 03:00:00+01:00,bus089,0.0
2030,sc01,03-27 03:00:00+01:00,bus051,0.0
2030,sc01,03-27 03:00:00+01:00,bus056,0.0
2030,sc01,03-27 03:00:00+01:00,bus092,0.0
2030,sc01,03-27 03:00:00+01:00,bus036,0.0
2030,sc01,03-27 03:00:00+01:00,bus094,0.0
2030,sc01,03-27 03:00:00+01:00,bus095,0.0
2030,sc01,03-27 03:00:00+01:00,bus113,0.0
2030,sc01,03-27 03:00:00+01:00,bus024,0.0
2030,sc01,03-27 03:00:00+01:00,bus078,0.0
2030,sc01,03-27 03:00:00+01:00,bus033,0.0
2030,sc01,03-27 03:00:00+01:00,bus079,0.0
2030,sc01,03-27 03:00:00+01:00,bus061,0.0
2030,sc01,03-27 03:00:00+01:00,bus118,0.0
2030,sc01,03-27 03:00:00+01:00,bus003,0.0
2030,sc01,03-27 03:00:00+01:00,bus070,0.0
2030,sc01,03-27 03:00:00+01:00,bus004,0.0
2030,sc01,03-27 03:00:00+01:00,bus021,0.0
2030,sc01,03-27 03:00:00+01:00,bus068,0.0
2030,sc01,03-27 03:00:00+01:00,bus028,0.0
2030,sc01,03-27 03:00:00+01:00,bus034,0.0
2030,sc01,03-27 03:00:00+01:00,bus075,0.0
2030,sc01,03-27 03:00:00+01:00,bus064,0.0
2030,sc01,03-27 03:00:00+01:00,bus106,0.0
2030,sc01,03-27 03:00:00+01:00,bus076,0.0
2030,sc01,03-27 03:00:00+01:00,bus046,0.0
2030,sc01,03-27 03:00:00+01:00,bus007,0.0
2030,sc01,03-27 03:00:00+01:00,bus035,0.0
2030,sc01,03-27 03:00:00+01:00,bus117,0.0
2030,sc01,03-27 03:00:00+01:00,bus041,0.0
2030,sc01,03-27 03:00:00+01:00,bus102,0.0
2030,sc01,03-27 03:00:00+01:00,bus026,0.0
2030,sc01,03-27 03:00:00+01:00,bus077,0.0
2030,sc01,03-27 03:00:00+01:00,bus044,0.0
2030,sc01,03-27 03:00:00+01:00,bus091,0.0
2030,sc01,03-27 03:00:00+01:00,bus062,0.0
2030,sc01,03-29 03:00:00+01:00,bus093,0.0
2030,sc01,03-29 03:00:00+01:00,bus097,0.0
2030,sc01,03-29 03:00:00+01:00,bus110,0.0
2030,sc01,03-29 03:00:00+01:00,bus042,0.0
2030,sc01,03-29 03:00:00+01:00,bus066,0.0
2030,sc01,03-29 03:00:00+01:00,bus059,0.0
2030,sc01,03-29 03:00:00+01:00,bus057,0.0
2030,sc01,03-29 03:00:00+01:00,bus067,0.0
2030,sc01,03-29 03:00:00+01:00,bus069,0.0
2030,sc01,03-29 03:00:00+01:00,bus014,0.0
2030,sc01,03-29 03:00:00+01:00,bus090,0.0
2030,sc01,03-29 03:00:00+01:00,bus002,0.0
2030,sc01,03-29 03:00:00+01:00,bus005,0.0
2030,sc01,03-29 03:00:00+01:00,bus109,0.0
2030,sc01,03-29 03:00:00+01:00,bus020,0.0
2030,sc01,03-29 03:00:00+01:00,bus065,0.0
2030,sc01,03-29 03:00:00+01:00,bus001,0.0
2030,sc01,03-29 03:00:00+01:00,bus017,0.0
2030,sc01,03-29 03:00:00+01:00,bus015,0.0
2030,sc01,03-29 03:00:00+01:00,bus054,0.0
2030,sc01,03-29 03:00:00+01:00,bus086,0.0
2030,sc01,03-29 03:00:00+01:00,bus032,0.0
2030,sc01,03-29 03:00:00+01:00,bus038,0.0
2030,sc01,03-29 03:00:00+01:00,bus108,0.0
2030,sc01,03-29 03:00:00+01:00,bus087,0.0
2030,sc01,03-29 03:00:00+01:00,bus027,0.0
2030,sc01,03-29 03:00:00+01:00,bus111,0.0
2030,sc01,03-29 03:00:00+01:00,bus025,0.0
2030,sc01,03-29 03:00:00+01:00,bus029,0.0
2030,sc01,03-29 03:00:00+01:00,bus009,0.0
2030,sc01,03-29 03:00:00+01:00,bus043,0.0
2030,sc01,03-29 03:00:00+01:00,bus045,0.0
2030,sc01,03-29 03:00:00+01:00,bus084,0.0
2030,sc01,03-29 03:00:00+01:00,bus013,0.0
2030,sc01,03-29 03:00:00+01:00,bus063,0.0
2030,sc01,03-29 03:00:00+01:00,bus115,0.0
2030,sc01,03-29 03:00:00+01:00,bus010,0.0
2030,sc01,03-29 03:00:00+01:00,bus073,0.0
2030,sc01,03-29 03:00:00+01:00,bus052,0.0
2030,sc01,03-29 03:00:00+01:00,bus096,0.0
2030,sc01,03-29 03:00:00+01:00,bus050,0.0
2030,sc01,03-29 03:00:00+01:00,bus011,0.0
2030,sc01,03-29 03:00:00+01:00,bus055,0.0
2030,sc01,03-29 03:00:00+01:00,bus083,0.0
2030,sc01,03-29 03:00:00+01:00,bus081,0.0
2030,sc01,03-29 03:00:00+01:00,bus022,0.0
2030,sc01,03-29 03:00:00+01:00,bus071,0.0
2030,sc01,03-29 03:00:00+01:00,bus074,0.0
2030,sc01,03-29 03:00:00+01:00,bus040,0.0
2030,sc01,03-29 03:00:00+01:00,bus099,0.0
2030,sc01,03-29 03:00:00+01:00,bus030,0.0
2030,sc01,03-29 03:00:00+01:00,bus098,0.0
2030,sc01,03-29 03:00:00+01:00,bus053,0.0
2030,sc01,03-29 03:00:00+01:00,bus085,0.0
2030,sc01,03-29 03:00:00+01:00,bus101,0.0
2030,sc01,03-29 03:00:00+01:00,bus018,0.0
2030,sc01,03-29 03:00:00+01:00,bus023,0.0
2030,sc01,03-29 03:00:00+01:00,bus088,0.0
2030,sc01,03-29 03:00:00+01:00,bus116,0.0
2030,sc01,03-29 03:00:00+01:00,bus103,0.0
2030,sc01,03-29 03:00:00+01:00,bus008,0.0
2030,sc01,03-29 03:00:00+01:00,bus105,0.0
2030,sc01,03-29 03:00:00+01:00,bus060,0.0
2030,sc01,03-29 03:00:00+01:00,bus016,0.0
2030,sc01,03-29 03:00:00+01:00,bus082,0.0
2030,sc01,03-29 03:00:00+01:00,bus047,0.0
2030,sc01,03-29 03:00:00+01:00,bus019,0.0
2030,sc01,03-29 03:00:00+01:00,bus037,0.0
2030,sc01,03-29 03:00:00+01:00,bus006,0.0
2030,sc01,03-29 03:00:00+01:00,bus080,0.0
2030,sc01,03-29 03:00:00+01:00,bus031,0.0
2030,sc01,03-29 03:00:00+01:00,bus048,0.0
2030,sc01,03-29 03:00:00+01:00,bus107,0.0
2030,sc01,03-29 03:00:00+01:00,bus049,0.0
2030,sc01,03-29 03:00:00+01:00,bus104,0.0
2030,sc01,03-29 03:00:00+01:00,bus100,0.0
2030,sc01,03-29 03:00:00+01:00,bus072,0.0
2030,sc01,03-29 03:00:00+01:00,bus039,0.0
2030,sc01,03-29 03:00:00+01:00,bus012,0.0
2030,sc01,03-29 03:00:00+01:00,bus114,0.0
2030,sc01,03-29 03:00:00+01:00,bus112,0.0
2030,sc01,03-29 03:00:00+01:00,bus058,0.0
2030,sc01,03-29 03:00:00+01:00,bus089,0.0
2030,sc01,03-29 03:00:00+01:00,bus051,0.0
2030,sc01,03-29 03:00:00+01:00,bus056,0.0
2030,sc01,03-29 03:00:00+01:00,bus092,0.0
2030,sc01,03-29 03:00:00+01:00,bus036,0.0
2030,sc01,03-29 03:00:00+01:00,bus094,0.0
2030,sc01,03-29 03:00:00+01:00,bus095,0.0
2030,sc01,03-29 03:00:00+01:00,bus113,0.0
2030,sc01,03-29 03:00:00+01:00,bus024,0.0
2030,sc01,03-29 03:00:00+01:00,bus078,0.0
2030,sc01,03-29 03:00:00+01:00,bus033,0.0
2030,sc01,03-29 03:00:00+01:00,bus079,0.0
2030,sc01,03-29 03:00:00+01:00,bus061,0.0
2030,sc01,03-29 03:00:00+01:00,bus118,0.0
2030,sc01,03-29 03:00:00+01:00,bus003,0.0
2030,sc01,03-29 03:00:00+01:00,bus070,0.0
2030,sc01,03-29 03:00:00+01:00,bus004,0.0
2030,sc01,03-29 03:00:00+01:00,bus021,0.0
2030,sc01,03-29 03:00:00+01:00,bus068,0.0
2030,sc01,03-29 03:00:00+01:00,bus028,0.0
2030,sc01,03-29 03:00:00+01:00,bus034,0.0
2030,sc01,03-29 03:00:00+01:00,bus075,0.0
2030,sc01,03-29 03:00:00+01:00,bus064,0.0
2030,sc01,03-29 03:00:00+01:00,bus106,0.0
2030,sc01,03-29 03:00:00+01:00,bus076,0.0
2030,sc01,03-29 03:00:00+01:00,bus046,0.0
2030,sc01,03-29 03:00:00+01:00,bus007,0.0
2030,sc01,03-29 03:00:00+01:00,bus035,0.0
2030,sc01,03-29 03:00:00+01:00,bus117,0.0
2030,sc01,03-29 03:00:00+01:00,bus041,0.0
2030,sc01,03-29 03:00:00+01:00,bus102,0.0
2030,sc01,03-29 03:00:00+01:00,bus026,0.0
2030,sc01,03-29 03:00:00+01:00,bus077,0.0
2030,sc01,03-29 03:00:00+01:00,bus044,0.0
2030,sc01,03-29 03:00:00+01:00,bus091,0.0
2030,sc01,03-29 03:00:00+01:00,bus062,0.0
2030,sc01,04-02 13:00:00+02:00,bus093,0.0
2030,sc01,04-02 13:00:00+02:00,bus097,0.0
2030,sc01,04-02 13:00:00+02:00,bus110,0.0
2030,sc01,04-02 13:00:00+02:00,bus042,0.0
2030,sc01,04-02 13:00:00+02:00,bus066,0.0
2030,sc01,04-02 13:00:00+02:00,bus059,0.0
2030,sc01,04-02 13:00:00+02:00,bus057,0.0
2030,sc01,04-02 13:00:00+02:00,bus067,0.0
2030,sc01,04-02 13:00:00+02:00,bus069,0.0
2030,sc01,04-02 13:00:00+02:00,bus014,0.0
2030,sc01,04-02 13:00:00+02:00,bus090,0.0
2030,sc01,04-02 13:00:00+02:00,bus002,0.0
2030,sc01,04-02 13:00:00+02:00,bus005,0.0
2030,sc01,04-02 13:00:00+02:00,bus109,0.0
2030,sc01,04-02 13:00:00+02:00,bus020,0.0
2030,sc01,04-02 13:00:00+02:00,bus065,0.0
2030,sc01,04-02 13:00:00+02:00,bus001,0.0
2030,sc01,04-02 13:00:00+02:00,bus017,0.0
2030,sc01,04-02 13:00:00+02:00,bus015,0.0
2030,sc01,04-02 13:00:00+02:00,bus054,0.0
2030,sc01,04-02 13:00:00+02:00,bus086,0.0
2030,sc01,04-02 13:00:00+02:00,bus032,0.0
2030,sc01,04-02 13:00:00+02:00,bus038,0.0
2030,sc01,04-02 13:00:00+02:00,bus108,0.0
2030,sc01,04-02 13:00:00+02:00,bus087,0.0
2030,sc01,04-02 13:00:00+02:00,bus027,0.0
2030,sc01,04-02 13:00:00+02:00,bus111,0.0
2030,sc01,04-02 13:00:00+02:00,bus025,0.0
2030,sc01,04-02 13:00:00+02:00,bus029,0.0
2030,sc01,04-02 13:00:00+02:00,bus009,0.0
2030,sc01,04-02 13:00:00+02:00,bus043,0.0
2030,sc01,04-02 13:00:00+02:00,bus045,0.0
2030,sc01,04-02 13:00:00+02:00,bus084,0.0
2030,sc01,04-02 13:00:00+02:00,bus013,0.0
2030,sc01,04-02 13:00:00+02:00,bus063,0.0
2030,sc01,04-02 13:00:00+02:00,bus115,0.0
2030,sc01,04-02 13:00:00+02:00,bus010,0.0
2030,sc01,04-02 13:00:00+02:00,bus073,0.0
2030,sc01,04-02 13:00:00+02:00,bus052,0.0
2030,sc01,04-02 13:00:00+02:00,bus096,0.0
2030,sc01,04-02 13:00:00+02:00,bus050,0.0
2030,sc01,04-02 13:00:00+02:00,bus011,0.0
2030,sc01,04-02 13:00:00+02:00,bus055,0.0
2030,sc01,04-02 13:00:00+02:00,bus083,0.0
2030,sc01,04-02 13:00:00+02:00,bus081,0.0
2030,sc01,04-02 13:00:00+02:00,bus022,0.0
2030,sc01,04-02 13:00:00+02:00,bus071,0.0
2030,sc01,04-02 13:00:00+02:00,bus074,0.0
2030,sc01,04-02 13:00:00+02:00,bus040,0.0
2030,sc01,04-02 13:00:00+02:00,bus099,0.0
2030,sc01,04-02 13:00:00+02:00,bus030,0.0
2030,sc01,04-02 13:00:00+02:00,bus098,0.0
2030,sc01,04-02 13:00:00+02:00,bus053,0.0
2030,sc01,04-02 13:00:00+02:00,bus085,0.0
2030,sc01,04-02 13:00:00+02:00,bus101,0.0
2030,sc01,04-02 13:00:00+02:00,bus018,0.0
2030,sc01,04-02 13:00:00+02:00,bus023,0.0
2030,sc01,04-02 13:00:00+02:00,bus088,0.0
2030,sc01,04-02 13:00:00+02:00,bus116,0.0
2030,sc01,04-02 13:00:00+02:00,bus103,0.0
2030,sc01,04-02 13:00:00+02:00,bus008,0.0
2030,sc01,04-02 13:00:00+02:00,bus105,0.0
2030,sc01,04-02 13:00:00+02:00,bus060,0.0
2030,sc01,04-02 13:00:00+02:00,bus016,0.0
2030,sc01,04-02 13:00:00+02:00,bus082,0.0
2030,sc01,04-02 13:00:00+02:00,bus047,0.0
2030,sc01,04-02 13:00:00+02:00,bus019,0.0
2030,sc01,04-02 13:00:00+02:00,bus037,0.0
2030,sc01,04-02 13:00:00+02:00,bus006,0.0
2030,sc01,04-02 13:00:00+02:00,bus080,0.0
2030,sc01,04-02 13:00:00+02:00,bus031,0.0
2030,sc01,04-02 13:00:00+02:00,bus048,0.0
2030,sc01,04-02 13:00:00+02:00,bus107,0.0
2030,sc01,04-02 13:00:00+02:00,bus049,0.0
2030,sc01,04-02 13:00:00+02:00,bus104,0.0
2030,sc01,04-02 13:00:00+02:00,bus100,0.0
2030,sc01,04-02 13:00:00+02:00,bus072,0.0
2030,sc01,04-02 13:00:00+02:00,bus039,0.0
2030,sc01,04-02 13:00:00+02:00,bus012,0.0
2030,sc01,04-02 13:00:00+02:00,bus114,0.0
2030,sc01,04-02 13:00:00+02:00,bus112,0.0
2030,sc01,04-02 13:00:00+02:00,bus058,0.0
2030,sc01,04-02 13:00:00+02:00,bus089,0.0
2030,sc01,04-02 13:00:00+02:00,bus051,0.0
2030,sc01,04-02 13:00:00+02:00,bus056,0.0
2030,sc01,04-02 13:00:00+02:00,bus092,0.0
2030,sc01,04-02 13:00:00+02:00,bus036,0.0
2030,sc01,04-02 13:00:00+02:00,bus094,0.0
2030,sc01,04-02 13:00:00+02:00,bus095,0.0
2030,sc01,04-02 13:00:00+02:00,bus113,0.0
2030,sc01,04-02 13:00:00+02:00,bus024,0.0
2030,sc01,04-02 13:00:00+02:00,bus078,0.0
2030,sc01,04-02 13:00:00+02:00,bus033,0.0
2030,sc01,04-02 13:00:00+02:00,bus079,0.0
2030,sc01,04-02 13:00:00+02:00,bus061,0.0
2030,sc01,04-02 13:00:00+02:00,bus118,0.0
2030,sc01,04-02 13:00:00+02:00,bus003,0.0
2030,sc01,04-02 13:00:00+02:00,bus070,0.0
2030,sc01,04-02 13:00:00+02:00,bus004,0.0
2030,sc01,04-02 13:00:00+02:00,bus021,0.0
2030,sc01,04-02 13:00:00+02:00,bus068,0.0
2030,sc01,04-02 13:00:00+02:00,bus028,0.0
2030,sc01,04-02 13:00:00+02:00,bus034,0.0
2030,sc01,04-02 13:00:00+02:00,bus075,0.0
2030,sc01,04-02 13:00:00+02:00,bus064,0.0
2030,sc01,04-02 13:00:00+02:00,bus106,0.0
2030,sc01,04-02 13:00:00+02:00,bus076,0.0
2030,sc01,04-02 13:00:00+02:00,bus046,0.0
2030,sc01,04-02 13:00:00+02:00,bus007,0.0
2030,sc01,04-02 13:00:00+02:00,bus035,0.0
2030,sc01,04-02 13:00:00+02:00,bus117,0.0
2030,sc01,04-02 13:00:00+02:00,bus041,0.0
2030,sc01,04-02 13:00:00+02:00,bus102,0.0
2030,sc01,04-02 13:00:00+02:00,bus026,0.0
2030,sc01,04-02 13:00:00+02:00,bus077,0.0
2030,sc01,04-02 13:00:00+02:00,bus044,0.0
2030,sc01,04-02 13:00:00+02:00,bus091,0.0
2030,sc01,04-02 13:00:00+02:00,bus062,0.0
2030,sc01,04-04 00:00:00+02:00,bus093,0.0
2030,sc01,04-04 00:00:00+02:00,bus097,0.0
2030,sc01,04-04 00:00:00+02:00,bus110,0.0
2030,sc01,04-04 00:00:00+02:00,bus042,0.0
2030,sc01,04-04 00:00:00+02:00,bus066,0.0
2030,sc01,04-04 00:00:00+02:00,bus059,0.0
2030,sc01,04-04 00:00:00+02:00,bus057,0.0
2030,sc01,04-04 00:00:00+02:00,bus067,0.0
2030,sc01,04-04 00:00:00+02:00,bus069,0.0
2030,sc01,04-04 00:00:00+02:00,bus014,0.0
2030,sc01,04-04 00:00:00+02:00,bus090,0.0
2030,sc01,04-04 00:00:00+02:00,bus002,0.0
2030,sc01,04-04 00:00:00+02:00,bus005,0.0
2030,sc01,04-04 00:00:00+02:00,bus109,0.0
2030,sc01,04-04 00:00:00+02:00,bus020,0.0
2030,sc01,04-04 00:00:00+02:00,bus065,0.0
2030,sc01,04-04 00:00:00+02:00,bus001,0.0
2030,sc01,04-04 00:00:00+02:00,bus017,0.0
2030,sc01,04-04 00:00:00+02:00,bus015,0.0
2030,sc01,04-04 00:00:00+02:00,bus054,0.0
2030,sc01,04-04 00:00:00+02:00,bus086,0.0
2030,sc01,04-04 00:00:00+02:00,bus032,0.0
2030,sc01,04-04 00:00:00+02:00,bus038,0.0
2030,sc01,04-04 00:00:00+02:00,bus108,0.0
2030,sc01,04-04 00:00:00+02:00,bus087,0.0
2030,sc01,04-04 00:00:00+02:00,bus027,0.0
2030,sc01,04-04 00:00:00+02:00,bus111,0.0
2030,sc01,04-04 00:00:00+02:00,bus025,0.0
2030,sc01,04-04 00:00:00+02:00,bus029,0.0
2030,sc01,04-04 00:00:00+02:00,bus009,0.0
2030,sc01,04-04 00:00:00+02:00,bus043,0.0
2030,sc01,04-04 00:00:00+02:00,bus045,0.0
2030,sc01,04-04 00:00:00+02:00,bus084,0.0
2030,sc01,04-04 00:00:00+02:00,bus013,0.0
2030,sc01,04-04 00:00:00+02:00,bus063,0.0
2030,sc01,04-04 00:00:00+02:00,bus115,0.0
2030,sc01,04-04 00:00:00+02:00,bus010,0.0
2030,sc01,04-04 00:00:00+02:00,bus073,0.0
2030,sc01,04-04 00:00:00+02:00,bus052,0.0
2030,sc01,04-04 00:00:00+02:00,bus096,0.0
2030,sc01,04-04 00:00:00+02:00,bus050,0.0
2030,sc01,04-04 00:00:00+02:00,bus011,0.0
2030,sc01,04-04 00:00:00+02:00,bus055,0.0
2030,sc01,04-04 00:00:00+02:00,bus083,0.0
2030,sc01,04-04 00:00:00+02:00,bus081,0.0
2030,sc01,04-04 00:00:00+02:00,bus022,0.0
2030,sc01,04-04 00:00:00+02:00,bus071,0.0
2030,sc01,04-04 00:00:00+02:00,bus074,0.0
2030,sc01,04-04 00:00:00+02:00,bus040,0.0
2030,sc01,04-04 00:00:00+02:00,bus099,0.0
2030,sc01,04-04 00:00:00+02:00,bus030,0.0
2030,sc01,04-04 00:00:00+02:00,bus098,0.0
2030,sc01,04-04 00:00:00+02:00,bus053,0.0
2030,sc01,04-04 00:00:00+02:00,bus085,0.0
2030,sc01,04-04 00:00:00+02:00,bus101,0.0
2030,sc01,04-04 00:00:00+02:00,bus018,0.0
2030,sc01,04-04 00:00:00+02:00,bus023,0.0
2030,sc01,04-04 00:00:00+02:00,bus088,0.0
2030,sc01,04-04 00:00:00+02:00,bus116,0.0
2030,sc01,04-04 00:00:00+02:00,bus103,0.0
2030,sc01,04-04 00:00:00+02:00,bus008,0.0
2030,sc01,04-04 00:00:00+02:00,bus105,0.0
2030,sc01,04-04 00:00:00+02:00,bus060,0.0
2030,sc01,04-04 00:00:00+02:00,bus016,0.0
2030,sc01,04-04 00:00:00+02:00,bus082,0.0
2030,sc01,04-04 00:00:00+02:00,bus047,0.0
2030,sc01,04-04 00:00:00+02:00,bus019,0.0
2030,sc01,04-04 00:00:00+02:00,bus037,0.0
2030,sc01,04-04 00:00:00+02:00,bus006,0.0
2030,sc01,04-04 00:00:00+02:00,bus080,0.0
2030,sc01,04-04 00:00:00+02:00,bus031,0.0
2030,sc01,04-04 00:00:00+02:00,bus048,0.0
2030,sc01,04-04 00:00:00+02:00,bus107,0.0
2030,sc01,04-04 00:00:00+02:00,bus049,0.0
2030,sc01,04-04 00:00:00+02:00,bus104,0.0
2030,sc01,04-04 00:00:00+02:00,bus100,0.0
2030,sc01,04-04 00:00:00+02:00,bus072,0.0
2030,sc01,04-04 00:00:00+02:00,bus039,0.0
2030,sc01,04-04 00:00:00+02:00,bus012,0.0
2030,sc01,04-04 00:00:00+02:00,bus114,0.0
2030,sc01,04-04 00:00:00+02:00,bus112,0.0
2030,sc01,04-04 00:00:00+02:00,bus058,0.0
2030,sc01,04-04 00:00:00+02:00,bus089,0.0
2030,sc01,04-04 00:00:00+02:00,bus051,0.0
2030,sc01,04-04 00:00:00+02:00,bus056,0.0
2030,sc01,04-04 00:00:00+02:00,bus092,0.0
2030,sc01,04-04 00:00:00+02:00,bus036,0.0
2030,sc01,04-04 00:00:00+02:00,bus094,0.0
2030,sc01,04-04 00:00:00+02:00,bus095,0.0
2030,sc01,04-04 00:00:00+02:00,bus113,0.0
2030,sc01,04-04 00:00:00+02:00,bus024,0.0
2030,sc01,04-04 00:00:00+02:00,bus078,0.0
2030,sc01,04-04 00:00:00+02:00,bus033,0.0
2030,sc01,04-04 00:00:00+02:00,bus079,0.0
2030,sc01,04-04 00:00:00+02:00,bus061,0.0
2030,sc01,04-04 00:00:00+02:00,bus118,0.0
2030,sc01,04-04 00:00:00+02:00,bus003,0.0
2030,sc01,04-04 00:00:00+02:00,bus070,0.0
2030,sc01,04-04 00:00:00+02:00,bus004,0.0
2030,sc01,04-04 00:00:00+02:00,bus021,0.0
2030,sc01,04-04 00:00:00+02:00,bus068,0.0
2030,sc01,04-04 00:00:00+02:00,bus028,0.0
2030,sc01,04-04 00:00:00+02:00,bus034,0.0
2030,sc01,04-04 00:00:00+02:00,bus075,0.0
2030,sc01,04-04 00:00:00+02:00,bus064,0.0
2030,sc01,04-04 00:00:00+02:00,bus106,0.0
2030,sc01,04-04 00:00:00+02:00,bus076,0.0
2030,sc01,04-04 00:00:00+02:00,bus046,0.0
2030,sc01,04-04 00:00:00+02:00,bus007,0.0
2030,sc01,04-04 00:00:00+02:00,bus035,0.0
2030,sc01,04-04 00:00:00+02:00,bus117,0.0
2030,sc01,04-04 00:00:00+02:00,bus041,0.0
2030,sc01,04-04 00:00:00+02:00,bus102,0.0
2030,sc01,04-04 00:00:00+02:00,bus026,0.0
2030,sc01,04-04 00:00:00+02:00,bus077,0.0
2030,sc01,04-04 00:00:00+02:00,bus044,0.0
2030,sc01,04-04 00:00:00+02:00,bus091,0.0
2030,sc01,04-04 00:00:00+02:00,bus062,0.0
2030,sc01,04-08 22:00:00+02:00,bus093,0.0
2030,sc01,04-08 22:00:00+02:00,bus097,0.0
2030,sc01,04-08 22:00:00+02:00,bus110,0.0
2030,sc01,04-08 22:00:00+02:00,bus042,0.0
2030,sc01,04-08 22:00:00+02:00,bus066,0.0
2030,sc01,04-08 22:00:00+02:00,bus059,0.0
2030,sc01,04-08 22:00:00+02:00,bus057,0.0
2030,sc01,04-08 22:00:00+02:00,bus067,0.0
2030,sc01,04-08 22:00:00+02:00,bus069,0.0
2030,sc01,04-08 22:00:00+02:00,bus014,0.0
2030,sc01,04-08 22:00:00+02:00,bus090,0.0
2030,sc01,04-08 22:00:00+02:00,bus002,0.0
2030,sc01,04-08 22:00:00+02:00,bus005,0.0
2030,sc01,04-08 22:00:00+02:00,bus109,0.0
2030,sc01,04-08 22:00:00+02:00,bus020,0.0
2030,sc01,04-08 22:00:00+02:00,bus065,0.0
2030,sc01,04-08 22:00:00+02:00,bus001,0.0
2030,sc01,04-08 22:00:00+02:00,bus017,0.0
2030,sc01,04-08 22:00:00+02:00,bus015,0.0
2030,sc01,04-08 22:00:00+02:00,bus054,0.0
2030,sc01,04-08 22:00:00+02:00,bus086,0.0
2030,sc01,04-08 22:00:00+02:00,bus032,0.0
2030,sc01,04-08 22:00:00+02:00,bus038,0.0
2030,sc01,04-08 22:00:00+02:00,bus108,0.0
2030,sc01,04-08 22:00:00+02:00,bus087,0.0
2030,sc01,04-08 22:00:00+02:00,bus027,0.0
2030,sc01,04-08 22:00:00+02:00,bus111,0.0
2030,sc01,04-08 22:00:00+02:00,bus025,0.0
2030,sc01,04-08 22:00:00+02:00,bus029,0.0
2030,sc01,04-08 22:00:00+02:00,bus009,0.0
2030,sc01,04-08 22:00:00+02:00,bus043,0.0
2030,sc01,04-08 22:00:00+02:00,bus045,0.0
2030,sc01,04-08 22:00:00+02:00,bus084,0.0
2030,sc01,04-08 22:00:00+02:00,bus013,0.0
2030,sc01,04-08 22:00:00+02:00,bus063,0.0
2030,sc01,04-08 22:00:00+02:00,bus115,0.0
2030,sc01,04-08 22:00:00+02:00,bus010,0.0
2030,sc01,04-08 22:00:00+02:00,bus073,0.0
2030,sc01,04-08 22:00:00+02:00,bus052,0.0
2030,sc01,04-08 22:00:00+02:00,bus096,0.0
2030,sc01,04-08 22:00:00+02:00,bus050,0.0
2030,sc01,04-08 22:00:00+02:00,bus011,0.0
2030,sc01,04-08 22:00:00+02:00,bus055,0.0
2030,sc01,04-08 22:00:00+02:00,bus083,0.0
2030,sc01,04-08 22:00:00+02:00,bus081,0.0
2030,sc01,04-08 22:00:00+02:00,bus022,0.0
2030,sc01,04-08 22:00:00+02:00,bus071,0.0
2030,sc01,04-08 22:00:00+02:00,bus074,0.0
2030,sc01,04-08 22:00:00+02:00,bus040,0.0
2030,sc01,04-08 22:00:00+02:00,bus099,0.0
2030,sc01,04-08 22:00:00+02:00,bus030,0.0
2030,sc01,04-08 22:00:00+02:00,bus098,0.0
2030,sc01,04-08 22:00:00+02:00,bus053,0.0
2030,sc01,04-08 22:00:00+02:00,bus085,0.0
2030,sc01,04-08 22:00:00+02:00,bus101,0.0
2030,sc01,04-08 22:00:00+02:00,bus018,0.0
2030,sc01,04-08 22:00:00+02:00,bus023,0.0
2030,sc01,04-08 22:00:00+02:00,bus088,0.0
2030,sc01,04-08 22:00:00+02:00,bus116,0.0
2030,sc01,04-08 22:00:00+02:00,bus103,0.0
2030,sc01,04-08 22:00:00+02:00,bus008,0.0
2030,sc01,04-08 22:00:00+02:00,bus105,0.0
2030,sc01,04-08 22:00:00+02:00,bus060,0.0
2030,sc01,04-08 22:00:00+02:00,bus016,0.0
2030,sc01,04-08 22:00:00+02:00,bus082,0.0
2030,sc01,04-08 22:00:00+02:00,bus047,0.0
2030,sc01,04-08 22:00:00+02:00,bus019,0.0
2030,sc01,04-08 22:00:00+02:00,bus037,0.0
2030,sc01,04-08 22:00:00+02:00,bus006,0.0
2030,sc01,04-08 22:00:00+02:00,bus080,0.0
2030,sc01,04-08 22:00:00+02:00,bus031,0.0
2030,sc01,04-08 22:00:00+02:00,bus048,0.0
2030,sc01,04-08 22:00:00+02:00,bus107,0.0
2030,sc01,04-08 22:00:00+02:00,bus049,0.0
2030,sc01,04-08 22:00:00+02:00,bus104,0.0
2030,sc01,04-08 22:00:00+02:00,bus100,0.0
2030,sc01,04-08 22:00:00+02:00,bus072,0.0
2030,sc01,04-08 22:00:00+02:00,bus039,0.0
2030,sc01,04-08 22:00:00+02:00,bus012,0.0
2030,sc01,04-08 22:00:00+02:00,bus114,0.0
2030,sc01,04-08 22:00:00+02:00,bus112,0.0
2030,sc01,04-08 22:00:00+02:00,bus058,0.0
2030,sc01,04-08 22:00:00+02:00,bus089,0.0
2030,sc01,04-08 22:00:00+02:00,bus051,0.0
2030,sc01,04-08 22:00:00+02:00,bus056,0.0
2030,sc01,04-08 22:00:00+02:00,bus092,0.0
2030,sc01,04-08 22:00:00+02:00,bus036,0.0
2030,sc01,04-08 22:00:00+02:00,bus094,0.0
2030,sc01,04-08 22:00:00+02:00,bus095,0.0
2030,sc01,04-08 22:00:00+02:00,bus113,0.0
2030,sc01,04-08 22:00:00+02:00,bus024,0.0
2030,sc01,04-08 22:00:00+02:00,bus078,0.0
2030,sc01,04-08 22:00:00+02:00,bus033,0.0
2030,sc01,04-08 22:00:00+02:00,bus079,0.0
2030,sc01,04-08 22:00:00+02:00,bus061,0.0
2030,sc01,04-08 22:00:00+02:00,bus118,0.0
2030,sc01,04-08 22:00:00+02:00,bus003,0.0
2030,sc01,04-08 22:00:00+02:00,bus070,0.0
2030,sc01,04-08 22:00:00+02:00,bus004,0.0
2030,sc01,04-08 22:00:00+02:00,bus021,0.0
2030,sc01,04-08 22:00:00+02:00,bus068,0.0
2030,sc01,04-08 22:00:00+02:00,bus028,0.0
2030,sc01,04-08 22:00:00+02:00,bus034,0.0
2030,sc01,04-08 22:00:00+02:00,bus075,0.0
2030,sc01,04-08 22:00:00+02:00,bus064,0.0
2030,sc01,04-08 22:00:00+02:00,bus106,0.0
2030,sc01,04-08 22:00:00+02:00,bus076,0.0
2030,sc01,04-08 22:00:00+02:00,bus046,0.0
2030,sc01,04-08 22:00:00+02:00,bus007,0.0
2030,sc01,04-08 22:00:00+02:00,bus035,0.0
2030,sc01,04-08 22:00:00+02:00,bus117,0.0
2030,sc01,04-08 22:00:00+02:00,bus041,0.0
2030,sc01,04-08 22:00:00+02:00,bus102,0.0
2030,sc01,04-08 22:00:00+02:00,bus026,0.0
2030,sc01,04-08 22:00:00+02:00,bus077,0.0
2030,sc01,04-08 22:00:00+02:00,bus044,0.0
2030,sc01,04-08 22:00:00+02:00,bus091,0.0
2030,sc01,04-08 22:00:00+02:00,bus062,0.0
2030,sc01,04-09 20:00:00+02:00,bus093,0.0
2030,sc01,04-09 20:00:00+02:00,bus097,0.0
2030,sc01,04-09 20:00:00+02:00,bus110,0.0
2030,sc01,04-09 20:00:00+02:00,bus042,0.0
2030,sc01,04-09 20:00:00+02:00,bus066,0.0
2030,sc01,04-09 20:00:00+02:00,bus059,0.0
2030,sc01,04-09 20:00:00+02:00,bus057,0.0
2030,sc01,04-09 20:00:00+02:00,bus067,0.0
2030,sc01,04-09 20:00:00+02:00,bus069,0.0
2030,sc01,04-09 20:00:00+02:00,bus014,0.0
2030,sc01,04-09 20:00:00+02:00,bus090,0.0
2030,sc01,04-09 20:00:00+02:00,bus002,0.0
2030,sc01,04-09 20:00:00+02:00,bus005,0.0
2030,sc01,04-09 20:00:00+02:00,bus109,0.0
2030,sc01,04-09 20:00:00+02:00,bus020,0.0
2030,sc01,04-09 20:00:00+02:00,bus065,0.0
2030,sc01,04-09 20:00:00+02:00,bus001,0.0
2030,sc01,04-09 20:00:00+02:00,bus017,0.0
2030,sc01,04-09 20:00:00+02:00,bus015,0.0
2030,sc01,04-09 20:00:00+02:00,bus054,0.0
2030,sc01,04-09 20:00:00+02:00,bus086,0.0
2030,sc01,04-09 20:00:00+02:00,bus032,0.0
2030,sc01,04-09 20:00:00+02:00,bus038,0.0
2030,sc01,04-09 20:00:00+02:00,bus108,0.0
2030,sc01,04-09 20:00:00+02:00,bus087,0.0
2030,sc01,04-09 20:00:00+02:00,bus027,0.0
2030,sc01,04-09 20:00:00+02:00,bus111,0.0
2030,sc01,04-09 20:00:00+02:00,bus025,0.0
2030,sc01,04-09 20:00:00+02:00,bus029,0.0
2030,sc01,04-09 20:00:00+02:00,bus009,0.0
2030,sc01,04-09 20:00:00+02:00,bus043,0.0
2030,sc01,04-09 20:00:00+02:00,bus045,0.0
2030,sc01,04-09 20:00:00+02:00,bus084,0.0
2030,sc01,04-09 20:00:00+02:00,bus013,0.0
2030,sc01,04-09 20:00:00+02:00,bus063,0.0
2030,sc01,04-09 20:00:00+02:00,bus115,0.0
2030,sc01,04-09 20:00:00+02:00,bus010,0.0
2030,sc01,04-09 20:00:00+02:00,bus073,0.0
2030,sc01,04-09 20:00:00+02:00,bus052,0.0
2030,sc01,04-09 20:00:00+02:00,bus096,0.0
2030,sc01,04-09 20:00:00+02:00,bus050,0.0
2030,sc01,04-09 20:00:00+02:00,bus011,0.0
2030,sc01,04-09 20:00:00+02:00,bus055,0.0
2030,sc01,04-09 20:00:00+02:00,bus083,0.0
2030,sc01,04-09 20:00:00+02:00,bus081,0.0
2030,sc01,04-09 20:00:00+02:00,bus022,0.0
2030,sc01,04-09 20:00:00+02:00,bus071,0.0
2030,sc01,04-09 20:00:00+02:00,bus074,0.0
2030,sc01,04-09 20:00:00+02:00,bus040,0.0
2030,sc01,04-09 20:00:00+02:00,bus099,0.0
2030,sc01,04-09 20:00:00+02:00,bus030,0.0
2030,sc01,04-09 20:00:00+02:00,bus098,0.0
2030,sc01,04-09 20:00:00+02:00,bus053,0.0
2030,sc01,04-09 20:00:00+02:00,bus085,0.0
2030,sc01,04-09 20:00:00+02:00,bus101,0.0
2030,sc01,04-09 20:00:00+02:00,bus018,0.0
2030,sc01,04-09 20:00:00+02:00,bus023,0.0
2030,sc01,04-09 20:00:00+02:00,bus088,0.0
2030,sc01,04-09 20:00:00+02:00,bus116,0.0
2030,sc01,04-09 20:00:00+02:00,bus103,0.0
2030,sc01,04-09 20:00:00+02:00,bus008,0.0
2030,sc01,04-09 20:00:00+02:00,bus105,0.0
2030,sc01,04-09 20:00:00+02:00,bus060,0.0
2030,sc01,04-09 20:00:00+02:00,bus016,0.0
2030,sc01,04-09 20:00:00+02:00,bus082,0.0
2030,sc01,04-09 20:00:00+02:00,bus047,0.0
2030,sc01,04-09 20:00:00+02:00,bus019,0.0
2030,sc01,04-09 20:00:00+02:00,bus037,0.0
2030,sc01,04-09 20:00:00+02:00,bus006,0.0
2030,sc01,04-09 20:00:00+02:00,bus080,0.0
2030,sc01,04-09 20:00:00+02:00,bus031,0.0
2030,sc01,04-09 20:00:00+02:00,bus048,0.0
2030,sc01,04-09 20:00:00+02:00,bus107,0.0
2030,sc01,04-09 20:00:00+02:00,bus049,0.0
2030,sc01,04-09 20:00:00+02:00,bus104,0.0
2030,sc01,04-09 20:00:00+02:00,bus100,0.0
2030,sc01,04-09 20:00:00+02:00,bus072,0.0
2030,sc01,04-09 20:00:00+02:00,bus039,0.0
2030,sc01,04-09 20:00:00+02:00,bus012,0.0
2030,sc01,04-09 20:00:00+02:00,bus114,0.0
2030,sc01,04-09 20:00:00+02:00,bus112,0.0
2030,sc01,04-09 20:00:00+02:00,bus058,0.0
2030,sc01,04-09 20:00:00+02:00,bus089,0.0
2030,sc01,04-09 20:00:00+02:00,bus051,0.0
2030,sc01,04-09 20:00:00+02:00,bus056,0.0
2030,sc01,04-09 20:00:00+02:00,bus092,0.0
2030,sc01,04-09 20:00:00+02:00,bus036,0.0
2030,sc01,04-09 20:00:00+02:00,bus094,0.0
2030,sc01,04-09 20:00:00+02:00,bus095,0.0
2030,sc01,04-09 20:00:00+02:00,bus113,0.0
2030,sc01,04-09 20:00:00+02:00,bus024,0.0
2030,sc01,04-09 20:00:00+02:00,bus078,0.0
2030,sc01,04-09 20:00:00+02:00,bus033,0.0
2030,sc01,04-09 20:00:00+02:00,bus079,0.0
2030,sc01,04-09 20:00:00+02:00,bus061,0.0
2030,sc01,04-09 20:00:00+02:00,bus118,0.0
2030,sc01,04-09 20:00:00+02:00,bus003,0.0
2030,sc01,04-09 20:00:00+02:00,bus070,0.0
2030,sc01,04-09 20:00:00+02:00,bus004,0.0
2030,sc01,04-09 20:00:00+02:00,bus021,0.0
2030,sc01,04-09 20:00:00+02:00,bus068,0.0
2030,sc01,04-09 20:00:00+02:00,bus028,0.0
2030,sc01,04-09 20:00:00+02:00,bus034,0.0
2030,sc01,04-09 20:00:00+02:00,bus075,0.0
2030,sc01,04-09 20:00:00+02:00,bus064,0.0
2030,sc01,04-09 20:00:00+02:00,bus106,0.0
2030,sc01,04-09 20:00:00+02:00,bus076,0.0
2030,sc01,04-09 20:00:00+02:00,bus046,0.0
2030,sc01,04-09 20:00:00+02:00,bus007,0.0
2030,sc01,04-09 20:00:00+02:00,bus035,0.0
2030,sc01,04-09 20:00:00+02:00,bus117,0.0
2030,sc01,04-09 20:00:00+02:00,bus041,0.0
2030,sc01,04-09 20:00:00+02:00,bus102,0.0
2030,sc01,04-09 20:00:00+02:00,bus026,0.0
2030,sc01,04-09 20:00:00+02:00,bus077,0.0
2030,sc01,04-09 20:00:00+02:00,bus044,0.0
2030,sc01,04-09 20:00:00+02:00,bus091,0.0
2030,sc01,04-09 20:00:00+02:00,bus062,0.0
2030,sc01,04-10 05:00:00+02:00,bus093,0.0
2030,sc01,04-10 05:00:00+02:00,bus097,0.0
2030,sc01,04-10 05:00:00+02:00,bus110,0.0
2030,sc01,04-10 05:00:00+02:00,bus042,0.0
2030,sc01,04-10 05:00:00+02:00,bus066,0.0
2030,sc01,04-10 05:00:00+02:00,bus059,0.0
2030,sc01,04-10 05:00:00+02:00,bus057,0.0
2030,sc01,04-10 05:00:00+02:00,bus067,0.0
2030,sc01,04-10 05:00:00+02:00,bus069,0.0
2030,sc01,04-10 05:00:00+02:00,bus014,0.0
2030,sc01,04-10 05:00:00+02:00,bus090,0.0
2030,sc01,04-10 05:00:00+02:00,bus002,0.0
2030,sc01,04-10 05:00:00+02:00,bus005,0.0
2030,sc01,04-10 05:00:00+02:00,bus109,0.0
2030,sc01,04-10 05:00:00+02:00,bus020,0.0
2030,sc01,04-10 05:00:00+02:00,bus065,0.0
2030,sc01,04-10 05:00:00+02:00,bus001,0.0
2030,sc01,04-10 05:00:00+02:00,bus017,0.0
2030,sc01,04-10 05:00:00+02:00,bus015,0.0
2030,sc01,04-10 05:00:00+02:00,bus054,0.0
2030,sc01,04-10 05:00:00+02:00,bus086,0.0
2030,sc01,04-10 05:00:00+02:00,bus032,0.0
2030,sc01,04-10 05:00:00+02:00,bus038,0.0
2030,sc01,04-10 05:00:00+02:00,bus108,0.0
2030,sc01,04-10 05:00:00+02:00,bus087,0.0
2030,sc01,04-10 05:00:00+02:00,bus027,0.0
2030,sc01,04-10 05:00:00+02:00,bus111,0.0
2030,sc01,04-10 05:00:00+02:00,bus025,0.0
2030,sc01,04-10 05:00:00+02:00,bus029,0.0
2030,sc01,04-10 05:00:00+02:00,bus009,0.0
2030,sc01,04-10 05:00:00+02:00,bus043,0.0
2030,sc01,04-10 05:00:00+02:00,bus045,0.0
2030,sc01,04-10 05:00:00+02:00,bus084,0.0
2030,sc01,04-10 05:00:00+02:00,bus013,0.0
2030,sc01,04-10 05:00:00+02:00,bus063,0.0
2030,sc01,04-10 05:00:00+02:00,bus115,0.0
2030,sc01,04-10 05:00:00+02:00,bus010,0.0
2030,sc01,04-10 05:00:00+02:00,bus073,0.0
2030,sc01,04-10 05:00:00+02:00,bus052,0.0
2030,sc01,04-10 05:00:00+02:00,bus096,0.0
2030,sc01,04-10 05:00:00+02:00,bus050,0.0
2030,sc01,04-10 05:00:00+02:00,bus011,0.0
2030,sc01,04-10 05:00:00+02:00,bus055,0.0
2030,sc01,04-10 05:00:00+02:00,bus083,0.0
2030,sc01,04-10 05:00:00+02:00,bus081,0.0
2030,sc01,04-10 05:00:00+02:00,bus022,0.0
2030,sc01,04-10 05:00:00+02:00,bus071,0.0
2030,sc01,04-10 05:00:00+02:00,bus074,0.0
2030,sc01,04-10 05:00:00+02:00,bus040,0.0
2030,sc01,04-10 05:00:00+02:00,bus099,0.0
2030,sc01,04-10 05:00:00+02:00,bus030,0.0
2030,sc01,04-10 05:00:00+02:00,bus098,0.0
2030,sc01,04-10 05:00:00+02:00,bus053,0.0
2030,sc01,04-10 05:00:00+02:00,bus085,0.0
2030,sc01,04-10 05:00:00+02:00,bus101,0.0
2030,sc01,04-10 05:00:00+02:00,bus018,0.0
2030,sc01,04-10 05:00:00+02:00,bus023,0.0
2030,sc01,04-10 05:00:00+02:00,bus088,0.0
2030,sc01,04-10 05:00:00+02:00,bus116,0.0
2030,sc01,04-10 05:00:00+02:00,bus103,0.0
2030,sc01,04-10 05:00:00+02:00,bus008,0.0
2030,sc01,04-10 05:00:00+02:00,bus105,0.0
2030,sc01,04-10 05:00:00+02:00,bus060,0.0
2030,sc01,04-10 05:00:00+02:00,bus016,0.0
2030,sc01,04-10 05:00:00+02:00,bus082,0.0
2030,sc01,04-10 05:00:00+02:00,bus047,0.0
2030,sc01,04-10 05:00:00+02:00,bus019,0.0
2030,sc01,04-10 05:00:00+02:00,bus037,0.0
2030,sc01,04-10 05:00:00+02:00,bus006,0.0
2030,sc01,04-10 05:00:00+02:00,bus080,0.0
2030,sc01,04-10 05:00:00+02:00,bus031,0.0
2030,sc01,04-10 05:00:00+02:00,bus048,0.0
2030,sc01,04-10 05:00:00+02:00,bus107,0.0
2030,sc01,04-10 05:00:00+02:00,bus049,0.0
2030,sc01,04-10 05:00:00+02:00,bus104,0.0
2030,sc01,04-10 05:00:00+02:00,bus100,0.0
2030,sc01,04-10 05:00:00+02:00,bus072,0.0
2030,sc01,04-10 05:00:00+02:00,bus039,0.0
2030,sc01,04-10 05:00:00+02:00,bus012,0.0
2030,sc01,04-10 05:00:00+02:00,bus114,0.0
2030,sc01,04-10 05:00:00+02:00,bus112,0.0
2030,sc01,04-10 05:00:00+02:00,bus058,0.0
2030,sc01,04-10 05:00:00+02:00,bus089,0.0
2030,sc01,04-10 05:00:00+02:00,bus051,0.0
2030,sc01,04-10 05:00:00+02:00,bus056,0.0
2030,sc01,04-10 05:00:00+02:00,bus092,0.0
2030,sc01,04-10 05:00:00+02:00,bus036,0.0
2030,sc01,04-10 05:00:00+02:00,bus094,0.0
2030,sc01,04-10 05:00:00+02:00,bus095,0.0
2030,sc01,04-10 05:00:00+02:00,bus113,0.0
2030,sc01,04-10 05:00:00+02:00,bus024,0.0
2030,sc01,04-10 05:00:00+02:00,bus078,0.0
2030,sc01,04-10 05:00:00+02:00,bus033,0.0
2030,sc01,04-10 05:00:00+02:00,bus079,0.0
2030,sc01,04-10 05:00:00+02:00,bus061,0.0
2030,sc01,04-10 05:00:00+02:00,bus118,0.0
2030,sc01,04-10 05:00:00+02:00,bus003,0.0
2030,sc01,04-10 05:00:00+02:00,bus070,0.0
2030,sc01,04-10 05:00:00+02:00,bus004,0.0
2030,sc01,04-10 05:00:00+02:00,bus021,0.0
2030,sc01,04-10 05:00:00+02:00,bus068,0.0
2030,sc01,04-10 05:00:00+02:00,bus028,0.0
2030,sc01,04-10 05:00:00+02:00,bus034,0.0
2030,sc01,04-10 05:00:00+02:00,bus075,0.0
2030,sc01,04-10 05:00:00+02:00,bus064,0.0
2030,sc01,04-10 05:00:00+02:00,bus106,0.0
2030,sc01,04-10 05:00:00+02:00,bus076,0.0
2030,sc01,04-10 05:00:00+02:00,bus046,0.0
2030,sc01,04-10 05:00:00+02:00,bus007,0.0
2030,sc01,04-10 05:00:00+02:00,bus035,0.0
2030,sc01,04-10 05:00:00+02:00,bus117,0.0
2030,sc01,04-10 05:00:00+02:00,bus041,0.0
2030,sc01,04-10 05:00:00+02:00,bus102,0.0
2030,sc01,04-10 05:00:00+02:00,bus026,0.0
2030,sc01,04-10 05:00:00+02:00,bus077,0.0
2030,sc01,04-10 05:00:00+02:00,bus044,0.0
2030,sc01,04-10 05:00:00+02:00,bus091,0.0
2030,sc01,04-10 05:00:00+02:00,bus062,0.0
2030,sc01,04-10 12:00:00+02:00,bus093,0.0
2030,sc01,04-10 12:00:00+02:00,bus097,0.0
2030,sc01,04-10 12:00:00+02:00,bus110,0.0
2030,sc01,04-10 12:00:00+02:00,bus042,0.0
2030,sc01,04-10 12:00:00+02:00,bus066,0.0
2030,sc01,04-10 12:00:00+02:00,bus059,0.0
2030,sc01,04-10 12:00:00+02:00,bus057,0.0
2030,sc01,04-10 12:00:00+02:00,bus067,0.0
2030,sc01,04-10 12:00:00+02:00,bus069,0.0
2030,sc01,04-10 12:00:00+02:00,bus014,0.0
2030,sc01,04-10 12:00:00+02:00,bus090,0.0
2030,sc01,04-10 12:00:00+02:00,bus002,0.0
2030,sc01,04-10 12:00:00+02:00,bus005,0.0
2030,sc01,04-10 12:00:00+02:00,bus109,0.0
2030,sc01,04-10 12:00:00+02:00,bus020,0.0
2030,sc01,04-10 12:00:00+02:00,bus065,0.0
2030,sc01,04-10 12:00:00+02:00,bus001,0.0
2030,sc01,04-10 12:00:00+02:00,bus017,0.0
2030,sc01,04-10 12:00:00+02:00,bus015,0.0
2030,sc01,04-10 12:00:00+02:00,bus054,0.0
2030,sc01,04-10 12:00:00+02:00,bus086,0.0
2030,sc01,04-10 12:00:00+02:00,bus032,0.0
2030,sc01,04-10 12:00:00+02:00,bus038,0.0
2030,sc01,04-10 12:00:00+02:00,bus108,0.0
2030,sc01,04-10 12:00:00+02:00,bus087,0.0
2030,sc01,04-10 12:00:00+02:00,bus027,0.0
2030,sc01,04-10 12:00:00+02:00,bus111,0.0
2030,sc01,04-10 12:00:00+02:00,bus025,0.0
2030,sc01,04-10 12:00:00+02:00,bus029,0.0
2030,sc01,04-10 12:00:00+02:00,bus009,0.0
2030,sc01,04-10 12:00:00+02:00,bus043,0.0
2030,sc01,04-10 12:00:00+02:00,bus045,0.0
2030,sc01,04-10 12:00:00+02:00,bus084,0.0
2030,sc01,04-10 12:00:00+02:00,bus013,0.0
2030,sc01,04-10 12:00:00+02:00,bus063,0.0
2030,sc01,04-10 12:00:00+02:00,bus115,0.0
2030,sc01,04-10 12:00:00+02:00,bus010,0.0
2030,sc01,04-10 12:00:00+02:00,bus073,0.0
2030,sc01,04-10 12:00:00+02:00,bus052,0.0
2030,sc01,04-10 12:00:00+02:00,bus096,0.0
2030,sc01,04-10 12:00:00+02:00,bus050,0.0
2030,sc01,04-10 12:00:00+02:00,bus011,0.0
2030,sc01,04-10 12:00:00+02:00,bus055,0.0
2030,sc01,04-10 12:00:00+02:00,bus083,0.0
2030,sc01,04-10 12:00:00+02:00,bus081,0.0
2030,sc01,04-10 12:00:00+02:00,bus022,0.0
2030,sc01,04-10 12:00:00+02:00,bus071,0.0
2030,sc01,04-10 12:00:00+02:00,bus074,0.0
2030,sc01,04-10 12:00:00+02:00,bus040,0.0
2030,sc01,04-10 12:00:00+02:00,bus099,0.0
2030,sc01,04-10 12:00:00+02:00,bus030,0.0
2030,sc01,04-10 12:00:00+02:00,bus098,0.0
2030,sc01,04-10 12:00:00+02:00,bus053,0.0
2030,sc01,04-10 12:00:00+02:00,bus085,0.0
2030,sc01,04-10 12:00:00+02:00,bus101,0.0
2030,sc01,04-10 12:00:00+02:00,bus018,0.0
2030,sc01,04-10 12:00:00+02:00,bus023,0.0
2030,sc01,04-10 12:00:00+02:00,bus088,0.0
2030,sc01,04-10 12:00:00+02:00,bus116,0.0
2030,sc01,04-10 12:00:00+02:00,bus103,0.0
2030,sc01,04-10 12:00:00+02:00,bus008,0.0
2030,sc01,04-10 12:00:00+02:00,bus105,0.0
2030,sc01,04-10 12:00:00+02:00,bus060,0.0
2030,sc01,04-10 12:00:00+02:00,bus016,0.0
2030,sc01,04-10 12:00:00+02:00,bus082,0.0
2030,sc01,04-10 12:00:00+02:00,bus047,0.0
2030,sc01,04-10 12:00:00+02:00,bus019,0.0
2030,sc01,04-10 12:00:00+02:00,bus037,0.0
2030,sc01,04-10 12:00:00+02:00,bus006,0.0
2030,sc01,04-10 12:00:00+02:00,bus080,0.0
2030,sc01,04-10 12:00:00+02:00,bus031,0.0
2030,sc01,04-10 12:00:00+02:00,bus048,0.0
2030,sc01,04-10 12:00:00+02:00,bus107,0.0
2030,sc01,04-10 12:00:00+02:00,bus049,0.0
2030,sc01,04-10 12:00:00+02:00,bus104,0.0
2030,sc01,04-10 12:00:00+02:00,bus100,0.0
2030,sc01,04-10 12:00:00+02:00,bus072,0.0
2030,sc01,04-10 12:00:00+02:00,bus039,0.0
2030,sc01,04-10 12:00:00+02:00,bus012,0.0
2030,sc01,04-10 12:00:00+02:00,bus114,0.0
2030,sc01,04-10 12:00:00+02:00,bus112,0.0
2030,sc01,04-10 12:00:00+02:00,bus058,0.0
2030,sc01,04-10 12:00:00+02:00,bus089,0.0
2030,sc01,04-10 12:00:00+02:00,bus051,0.0
2030,sc01,04-10 12:00:00+02:00,bus056,0.0
2030,sc01,04-10 12:00:00+02:00,bus092,0.0
2030,sc01,04-10 12:00:00+02:00,bus036,0.0
2030,sc01,04-10 12:00:00+02:00,bus094,0.0
2030,sc01,04-10 12:00:00+02:00,bus095,0.0
2030,sc01,04-10 12:00:00+02:00,bus113,0.0
2030,sc01,04-10 12:00:00+02:00,bus024,0.0
2030,sc01,04-10 12:00:00+02:00,bus078,0.0
2030,sc01,04-10 12:00:00+02:00,bus033,0.0
2030,sc01,04-10 12:00:00+02:00,bus079,0.0
2030,sc01,04-10 12:00:00+02:00,bus061,0.0
2030,sc01,04-10 12:00:00+02:00,bus118,0.0
2030,sc01,04-10 12:00:00+02:00,bus003,0.0
2030,sc01,04-10 12:00:00+02:00,bus070,0.0
2030,sc01,04-10 12:00:00+02:00,bus004,0.0
2030,sc01,04-10 12:00:00+02:00,bus021,0.0
2030,sc01,04-10 12:00:00+02:00,bus068,0.0
2030,sc01,04-10 12:00:00+02:00,bus028,0.0
2030,sc01,04-10 12:00:00+02:00,bus034,0.0
2030,sc01,04-10 12:00:00+02:00,bus075,0.0
2030,sc01,04-10 12:00:00+02:00,bus064,0.0
2030,sc01,04-10 12:00:00+02:00,bus106,0.0
2030,sc01,04-10 12:00:00+02:00,bus076,0.0
2030,sc01,04-10 12:00:00+02:00,bus046,0.0
2030,sc01,04-10 12:00:00+02:00,bus007,0.0
2030,sc01,04-10 12:00:00+02:00,bus035,0.0
2030,sc01,04-10 12:00:00+02:00,bus117,0.0
2030,sc01,04-10 12:00:00+02:00,bus041,0.0
2030,sc01,04-10 12:00:00+02:00,bus102,0.0
2030,sc01,04-10 12:00:00+02:00,bus026,0.0
2030,sc01,04-10 12:00:00+02:00,bus077,0.0
2030,sc01,04-10 12:00:00+02:00,bus044,0.0
2030,sc01,04-10 12:00:00+02:00,bus091,0.0
2030,sc01,04-10 12:00:00+02:00,bus062,0.0
2030,sc01,04-10 13:00:00+02:00,bus093,0.0
2030,sc01,04-10 13:00:00+02:00,bus097,0.0
2030,sc01,04-10 13:00:00+02:00,bus110,0.0
2030,sc01,04-10 13:00:00+02:00,bus042,0.0
2030,sc01,04-10 13:00:00+02:00,bus066,0.0
2030,sc01,04-10 13:00:00+02:00,bus059,0.0
2030,sc01,04-10 13:00:00+02:00,bus057,0.0
2030,sc01,04-10 13:00:00+02:00,bus067,0.0
2030,sc01,04-10 13:00:00+02:00,bus069,0.0
2030,sc01,04-10 13:00:00+02:00,bus014,0.0
2030,sc01,04-10 13:00:00+02:00,bus090,0.0
2030,sc01,04-10 13:00:00+02:00,bus002,0.0
2030,sc01,04-10 13:00:00+02:00,bus005,0.0
2030,sc01,04-10 13:00:00+02:00,bus109,0.0
2030,sc01,04-10 13:00:00+02:00,bus020,0.0
2030,sc01,04-10 13:00:00+02:00,bus065,0.0
2030,sc01,04-10 13:00:00+02:00,bus001,0.0
2030,sc01,04-10 13:00:00+02:00,bus017,0.0
2030,sc01,04-10 13:00:00+02:00,bus015,0.0
2030,sc01,04-10 13:00:00+02:00,bus054,0.0
2030,sc01,04-10 13:00:00+02:00,bus086,0.0
2030,sc01,04-10 13:00:00+02:00,bus032,0.0
2030,sc01,04-10 13:00:00+02:00,bus038,0.0
2030,sc01,04-10 13:00:00+02:00,bus108,0.0
2030,sc01,04-10 13:00:00+02:00,bus087,0.0
2030,sc01,04-10 13:00:00+02:00,bus027,0.0
2030,sc01,04-10 13:00:00+02:00,bus111,0.0
2030,sc01,04-10 13:00:00+02:00,bus025,0.0
2030,sc01,04-10 13:00:00+02:00,bus029,0.0
2030,sc01,04-10 13:00:00+02:00,bus009,0.0
2030,sc01,04-10 13:00:00+02:00,bus043,0.0
2030,sc01,04-10 13:00:00+02:00,bus045,0.0
2030,sc01,04-10 13:00:00+02:00,bus084,0.0
2030,sc01,04-10 13:00:00+02:00,bus013,0.0
2030,sc01,04-10 13:00:00+02:00,bus063,0.0
2030,sc01,04-10 13:00:00+02:00,bus115,0.0
2030,sc01,04-10 13:00:00+02:00,bus010,0.0
2030,sc01,04-10 13:00:00+02:00,bus073,0.0
2030,sc01,04-10 13:00:00+02:00,bus052,0.0
2030,sc01,04-10 13:00:00+02:00,bus096,0.0
2030,sc01,04-10 13:00:00+02:00,bus050,0.0
2030,sc01,04-10 13:00:00+02:00,bus011,0.0
2030,sc01,04-10 13:00:00+02:00,bus055,0.0
2030,sc01,04-10 13:00:00+02:00,bus083,0.0
2030,sc01,04-10 13:00:00+02:00,bus081,0.0
2030,sc01,04-10 13:00:00+02:00,bus022,0.0
2030,sc01,04-10 13:00:00+02:00,bus071,0.0
2030,sc01,04-10 13:00:00+02:00,bus074,0.0
2030,sc01,04-10 13:00:00+02:00,bus040,0.0
2030,sc01,04-10 13:00:00+02:00,bus099,0.0
2030,sc01,04-10 13:00:00+02:00,bus030,0.0
2030,sc01,04-10 13:00:00+02:00,bus098,0.0
2030,sc01,04-10 13:00:00+02:00,bus053,0.0
2030,sc01,04-10 13:00:00+02:00,bus085,0.0
2030,sc01,04-10 13:00:00+02:00,bus101,0.0
2030,sc01,04-10 13:00:00+02:00,bus018,0.0
2030,sc01,04-10 13:00:00+02:00,bus023,0.0
2030,sc01,04-10 13:00:00+02:00,bus088,0.0
2030,sc01,04-10 13:00:00+02:00,bus116,0.0
2030,sc01,04-10 13:00:00+02:00,bus103,0.0
2030,sc01,04-10 13:00:00+02:00,bus008,0.0
2030,sc01,04-10 13:00:00+02:00,bus105,0.0
2030,sc01,04-10 13:00:00+02:00,bus060,0.0
2030,sc01,04-10 13:00:00+02:00,bus016,0.0
2030,sc01,04-10 13:00:00+02:00,bus082,0.0
2030,sc01,04-10 13:00:00+02:00,bus047,0.0
2030,sc01,04-10 13:00:00+02:00,bus019,0.0
2030,sc01,04-10 13:00:00+02:00,bus037,0.0
2030,sc01,04-10 13:00:00+02:00,bus006,0.0
2030,sc01,04-10 13:00:00+02:00,bus080,0.0
2030,sc01,04-10 13:00:00+02:00,bus031,0.0
2030,sc01,04-10 13:00:00+02:00,bus048,0.0
2030,sc01,04-10 13:00:00+02:00,bus107,0.0
2030,sc01,04-10 13:00:00+02:00,bus049,0.0
2030,sc01,04-10 13:00:00+02:00,bus104,0.0
2030,sc01,04-10 13:00:00+02:00,bus100,0.0
2030,sc01,04-10 13:00:00+02:00,bus072,0.0
2030,sc01,04-10 13:00:00+02:00,bus039,0.0
2030,sc01,04-10 13:00:00+02:00,bus012,0.0
2030,sc01,04-10 13:00:00+02:00,bus114,0.0
2030,sc01,04-10 13:00:00+02:00,bus112,0.0
2030,sc01,04-10 13:00:00+02:00,bus058,0.0
2030,sc01,04-10 13:00:00+02:00,bus089,0.0
2030,sc01,04-10 13:00:00+02:00,bus051,0.0
2030,sc01,04-10 13:00:00+02:00,bus056,0.0
2030,sc01,04-10 13:00:00+02:00,bus092,0.0
2030,sc01,04-10 13:00:00+02:00,bus036,0.0
2030,sc01,04-10 13:00:00+02:00,bus094,0.0
2030,sc01,04-10 13:00:00+02:00,bus095,0.0
2030,sc01,04-10 13:00:00+02:00,bus113,0.0
2030,sc01,04-10 13:00:00+02:00,bus024,0.0
2030,sc01,04-10 13:00:00+02:00,bus078,0.0
2030,sc01,04-10 13:00:00+02:00,bus033,0.0
2030,sc01,04-10 13:00:00+02:00,bus079,0.0
2030,sc01,04-10 13:00:00+02:00,bus061,0.0
2030,sc01,04-10 13:00:00+02:00,bus118,0.0
2030,sc01,04-10 13:00:00+02:00,bus003,0.0
2030,sc01,04-10 13:00:00+02:00,bus070,0.0
2030,sc01,04-10 13:00:00+02:00,bus004,0.0
2030,sc01,04-10 13:00:00+02:00,bus021,0.0
2030,sc01,04-10 13:00:00+02:00,bus068,0.0
2030,sc01,04-10 13:00:00+02:00,bus028,0.0
2030,sc01,04-10 13:00:00+02:00,bus034,0.0
2030,sc01,04-10 13:00:00+02:00,bus075,0.0
2030,sc01,04-10 13:00:00+02:00,bus064,0.0
2030,sc01,04-10 13:00:00+02:00,bus106,0.0
2030,sc01,04-10 13:00:00+02:00,bus076,0.0
2030,sc01,04-10 13:00:00+02:00,bus046,0.0
2030,sc01,04-10 13:00:00+02:00,bus007,0.0
2030,sc01,04-10 13:00:00+02:00,bus035,0.0
2030,sc01,04-10 13:00:00+02:00,bus117,0.0
2030,sc01,04-10 13:00:00+02:00,bus041,0.0
2030,sc01,04-10 13:00:00+02:00,bus102,0.0
2030,sc01,04-10 13:00:00+02:00,bus026,0.0
2030,sc01,04-10 13:00:00+02:00,bus077,0.0
2030,sc01,04-10 13:00:00+02:00,bus044,0.0
2030,sc01,04-10 13:00:00+02:00,bus091,0.0
2030,sc01,04-10 13:00:00+02:00,bus062,0.0
2030,sc01,04-14 18:00:00+02:00,bus093,0.0
2030,sc01,04-14 18:00:00+02:00,bus097,0.0
2030,sc01,04-14 18:00:00+02:00,bus110,0.0
2030,sc01,04-14 18:00:00+02:00,bus042,0.0
2030,sc01,04-14 18:00:00+02:00,bus066,0.0
2030,sc01,04-14 18:00:00+02:00,bus059,0.0
2030,sc01,04-14 18:00:00+02:00,bus057,0.0
2030,sc01,04-14 18:00:00+02:00,bus067,0.0
2030,sc01,04-14 18:00:00+02:00,bus069,0.0
2030,sc01,04-14 18:00:00+02:00,bus014,0.0
2030,sc01,04-14 18:00:00+02:00,bus090,0.0
2030,sc01,04-14 18:00:00+02:00,bus002,0.0
2030,sc01,04-14 18:00:00+02:00,bus005,0.0
2030,sc01,04-14 18:00:00+02:00,bus109,0.0
2030,sc01,04-14 18:00:00+02:00,bus020,0.0
2030,sc01,04-14 18:00:00+02:00,bus065,0.0
2030,sc01,04-14 18:00:00+02:00,bus001,0.0
2030,sc01,04-14 18:00:00+02:00,bus017,0.0
2030,sc01,04-14 18:00:00+02:00,bus015,0.0
2030,sc01,04-14 18:00:00+02:00,bus054,0.0
2030,sc01,04-14 18:00:00+02:00,bus086,0.0
2030,sc01,04-14 18:00:00+02:00,bus032,0.0
2030,sc01,04-14 18:00:00+02:00,bus038,0.0
2030,sc01,04-14 18:00:00+02:00,bus108,0.0
2030,sc01,04-14 18:00:00+02:00,bus087,0.0
2030,sc01,04-14 18:00:00+02:00,bus027,0.0
2030,sc01,04-14 18:00:00+02:00,bus111,0.0
2030,sc01,04-14 18:00:00+02:00,bus025,0.0
2030,sc01,04-14 18:00:00+02:00,bus029,0.0
2030,sc01,04-14 18:00:00+02:00,bus009,0.0
2030,sc01,04-14 18:00:00+02:00,bus043,0.0
2030,sc01,04-14 18:00:00+02:00,bus045,0.0
2030,sc01,04-14 18:00:00+02:00,bus084,0.0
2030,sc01,04-14 18:00:00+02:00,bus013,0.0
2030,sc01,04-14 18:00:00+02:00,bus063,0.0
2030,sc01,04-14 18:00:00+02:00,bus115,0.0
2030,sc01,04-14 18:00:00+02:00,bus010,0.0
2030,sc01,04-14 18:00:00+02:00,bus073,0.0
2030,sc01,04-14 18:00:00+02:00,bus052,0.0
2030,sc01,04-14 18:00:00+02:00,bus096,0.0
2030,sc01,04-14 18:00:00+02:00,bus050,0.0
2030,sc01,04-14 18:00:00+02:00,bus011,0.0
2030,sc01,04-14 18:00:00+02:00,bus055,0.0
2030,sc01,04-14 18:00:00+02:00,bus083,0.0
2030,sc01,04-14 18:00:00+02:00,bus081,0.0
2030,sc01,04-14 18:00:00+02:00,bus022,0.0
2030,sc01,04-14 18:00:00+02:00,bus071,0.0
2030,sc01,04-14 18:00:00+02:00,bus074,0.0
2030,sc01,04-14 18:00:00+02:00,bus040,0.0
2030,sc01,04-14 18:00:00+02:00,bus099,0.0
2030,sc01,04-14 18:00:00+02:00,bus030,0.0
2030,sc01,04-14 18:00:00+02:00,bus098,0.0
2030,sc01,04-14 18:00:00+02:00,bus053,0.0
2030,sc01,04-14 18:00:00+02:00,bus085,0.0
2030,sc01,04-14 18:00:00+02:00,bus101,0.0
2030,sc01,04-14 18:00:00+02:00,bus018,0.0
2030,sc01,04-14 18:00:00+02:00,bus023,0.0
2030,sc01,04-14 18:00:00+02:00,bus088,0.0
2030,sc01,04-14 18:00:00+02:00,bus116,0.0
2030,sc01,04-14 18:00:00+02:00,bus103,0.0
2030,sc01,04-14 18:00:00+02:00,bus008,0.0
2030,sc01,04-14 18:00:00+02:00,bus105,0.0
2030,sc01,04-14 18:00:00+02:00,bus060,0.0
2030,sc01,04-14 18:00:00+02:00,bus016,0.0
2030,sc01,04-14 18:00:00+02:00,bus082,0.0
2030,sc01,04-14 18:00:00+02:00,bus047,0.0
2030,sc01,04-14 18:00:00+02:00,bus019,0.0
2030,sc01,04-14 18:00:00+02:00,bus037,0.0
2030,sc01,04-14 18:00:00+02:00,bus006,0.0
2030,sc01,04-14 18:00:00+02:00,bus080,0.0
2030,sc01,04-14 18:00:00+02:00,bus031,0.0
2030,sc01,04-14 18:00:00+02:00,bus048,0.0
2030,sc01,04-14 18:00:00+02:00,bus107,0.0
2030,sc01,04-14 18:00:00+02:00,bus049,0.0
2030,sc01,04-14 18:00:00+02:00,bus104,0.0
2030,sc01,04-14 18:00:00+02:00,bus100,0.0
2030,sc01,04-14 18:00:00+02:00,bus072,0.0
2030,sc01,04-14 18:00:00+02:00,bus039,0.0
2030,sc01,04-14 18:00:00+02:00,bus012,0.0
2030,sc01,04-14 18:00:00+02:00,bus114,0.0
2030,sc01,04-14 18:00:00+02:00,bus112,0.0
2030,sc01,04-14 18:00:00+02:00,bus058,0.0
2030,sc01,04-14 18:00:00+02:00,bus089,0.0
2030,sc01,04-14 18:00:00+02:00,bus051,0.0
2030,sc01,04-14 18:00:00+02:00,bus056,0.0
2030,sc01,04-14 18:00:00+02:00,bus092,0.0
2030,sc01,04-14 18:00:00+02:00,bus036,0.0
2030,sc01,04-14 18:00:00+02:00,bus094,0.0
2030,sc01,04-14 18:00:00+02:00,bus095,0.0
2030,sc01,04-14 18:00:00+02:00,bus113,0.0
2030,sc01,04-14 18:00:00+02:00,bus024,0.0
2030,sc01,04-14 18:00:00+02:00,bus078,0.0
2030,sc01,04-14 18:00:00+02:00,bus033,0.0
2030,sc01,04-14 18:00:00+02:00,bus079,0.0
2030,sc01,04-14 18:00:00+02:00,bus061,0.0
2030,sc01,04-14 18:00:00+02:00,bus118,0.0
2030,sc01,04-14 18:00:00+02:00,bus003,0.0
2030,sc01,04-14 18:00:00+02:00,bus070,0.0
2030,sc01,04-14 18:00:00+02:00,bus004,0.0
2030,sc01,04-14 18:00:00+02:00,bus021,0.0
2030,sc01,04-14 18:00:00+02:00,bus068,0.0
2030,sc01,04-14 18:00:00+02:00,bus028,0.0
2030,sc01,04-14 18:00:00+02:00,bus034,0.0
2030,sc01,04-14 18:00:00+02:00,bus075,0.0
2030,sc01,04-14 18:00:00+02:00,bus064,0.0
2030,sc01,04-14 18:00:00+02:00,bus106,0.0
2030,sc01,04-14 18:00:00+02:00,bus076,0.0
2030,sc01,04-14 18:00:00+02:00,bus046,0.0
2030,sc01,04-14 18:00:00+02:00,bus007,0.0
2030,sc01,04-14 18:00:00+02:00,bus035,0.0
2030,sc01,04-14 18:00:00+02:00,bus117,0.0
2030,sc01,04-14 18:00:00+02:00,bus041,0.0
2030,sc01,04-14 18:00:00+02:00,bus102,0.0
2030,sc01,04-14 18:00:00+02:00,bus026,0.0
2030,sc01,04-14 18:00:00+02:00,bus077,0.0
2030,sc01,04-14 18:00:00+02:00,bus044,0.0
2030,sc01,04-14 18:00:00+02:00,bus091,0.0
2030,sc01,04-14 18:00:00+02:00,bus062,0.0
2030,sc01,04-15 05:00:00+02:00,bus093,0.0
2030,sc01,04-15 05:00:00+02:00,bus097,0.0
2030,sc01,04-15 05:00:00+02:00,bus110,0.0
2030,sc01,04-15 05:00:00+02:00,bus042,0.0
2030,sc01,04-15 05:00:00+02:00,bus066,0.0
2030,sc01,04-15 05:00:00+02:00,bus059,0.0
2030,sc01,04-15 05:00:00+02:00,bus057,0.0
2030,sc01,04-15 05:00:00+02:00,bus067,0.0
2030,sc01,04-15 05:00:00+02:00,bus069,0.0
2030,sc01,04-15 05:00:00+02:00,bus014,0.0
2030,sc01,04-15 05:00:00+02:00,bus090,0.0
2030,sc01,04-15 05:00:00+02:00,bus002,0.0
2030,sc01,04-15 05:00:00+02:00,bus005,0.0
2030,sc01,04-15 05:00:00+02:00,bus109,0.0
2030,sc01,04-15 05:00:00+02:00,bus020,0.0
2030,sc01,04-15 05:00:00+02:00,bus065,0.0
2030,sc01,04-15 05:00:00+02:00,bus001,0.0
2030,sc01,04-15 05:00:00+02:00,bus017,0.0
2030,sc01,04-15 05:00:00+02:00,bus015,0.0
2030,sc01,04-15 05:00:00+02:00,bus054,0.0
2030,sc01,04-15 05:00:00+02:00,bus086,0.0
2030,sc01,04-15 05:00:00+02:00,bus032,0.0
2030,sc01,04-15 05:00:00+02:00,bus038,0.0
2030,sc01,04-15 05:00:00+02:00,bus108,0.0
2030,sc01,04-15 05:00:00+02:00,bus087,0.0
2030,sc01,04-15 05:00:00+02:00,bus027,0.0
2030,sc01,04-15 05:00:00+02:00,bus111,0.0
2030,sc01,04-15 05:00:00+02:00,bus025,0.0
2030,sc01,04-15 05:00:00+02:00,bus029,0.0
2030,sc01,04-15 05:00:00+02:00,bus009,0.0
2030,sc01,04-15 05:00:00+02:00,bus043,0.0
2030,sc01,04-15 05:00:00+02:00,bus045,0.0
2030,sc01,04-15 05:00:00+02:00,bus084,0.0
2030,sc01,04-15 05:00:00+02:00,bus013,0.0
2030,sc01,04-15 05:00:00+02:00,bus063,0.0
2030,sc01,04-15 05:00:00+02:00,bus115,0.0
2030,sc01,04-15 05:00:00+02:00,bus010,0.0
2030,sc01,04-15 05:00:00+02:00,bus073,0.0
2030,sc01,04-15 05:00:00+02:00,bus052,0.0
2030,sc01,04-15 05:00:00+02:00,bus096,0.0
2030,sc01,04-15 05:00:00+02:00,bus050,0.0
2030,sc01,04-15 05:00:00+02:00,bus011,0.0
2030,sc01,04-15 05:00:00+02:00,bus055,0.0
2030,sc01,04-15 05:00:00+02:00,bus083,0.0
2030,sc01,04-15 05:00:00+02:00,bus081,0.0
2030,sc01,04-15 05:00:00+02:00,bus022,0.0
2030,sc01,04-15 05:00:00+02:00,bus071,0.0
2030,sc01,04-15 05:00:00+02:00,bus074,0.0
2030,sc01,04-15 05:00:00+02:00,bus040,0.0
2030,sc01,04-15 05:00:00+02:00,bus099,0.0
2030,sc01,04-15 05:00:00+02:00,bus030,0.0
2030,sc01,04-15 05:00:00+02:00,bus098,0.0
2030,sc01,04-15 05:00:00+02:00,bus053,0.0
2030,sc01,04-15 05:00:00+02:00,bus085,0.0
2030,sc01,04-15 05:00:00+02:00,bus101,0.0
2030,sc01,04-15 05:00:00+02:00,bus018,0.0
2030,sc01,04-15 05:00:00+02:00,bus023,0.0
2030,sc01,04-15 05:00:00+02:00,bus088,0.0
2030,sc01,04-15 05:00:00+02:00,bus116,0.0
2030,sc01,04-15 05:00:00+02:00,bus103,0.0
2030,sc01,04-15 05:00:00+02:00,bus008,0.0
2030,sc01,04-15 05:00:00+02:00,bus105,0.0
2030,sc01,04-15 05:00:00+02:00,bus060,0.0
2030,sc01,04-15 05:00:00+02:00,bus016,0.0
2030,sc01,04-15 05:00:00+02:00,bus082,0.0
2030,sc01,04-15 05:00:00+02:00,bus047,0.0
2030,sc01,04-15 05:00:00+02:00,bus019,0.0
2030,sc01,04-15 05:00:00+02:00,bus037,0.0
2030,sc01,04-15 05:00:00+02:00,bus006,0.0
2030,sc01,04-15 05:00:00+02:00,bus080,0.0
2030,sc01,04-15 05:00:00+02:00,bus031,0.0
2030,sc01,04-15 05:00:00+02:00,bus048,0.0
2030,sc01,04-15 05:00:00+02:00,bus107,0.0
2030,sc01,04-15 05:00:00+02:00,bus049,0.0
2030,sc01,04-15 05:00:00+02:00,bus104,0.0
2030,sc01,04-15 05:00:00+02:00,bus100,0.0
2030,sc01,04-15 05:00:00+02:00,bus072,0.0
2030,sc01,04-15 05:00:00+02:00,bus039,0.0
2030,sc01,04-15 05:00:00+02:00,bus012,0.0
2030,sc01,04-15 05:00:00+02:00,bus114,0.0
2030,sc01,04-15 05:00:00+02:00,bus112,0.0
2030,sc01,04-15 05:00:00+02:00,bus058,0.0
2030,sc01,04-15 05:00:00+02:00,bus089,0.0
2030,sc01,04-15 05:00:00+02:00,bus051,0.0
2030,sc01,04-15 05:00:00+02:00,bus056,0.0
2030,sc01,04-15 05:00:00+02:00,bus092,0.0
2030,sc01,04-15 05:00:00+02:00,bus036,0.0
2030,sc01,04-15 05:00:00+02:00,bus094,0.0
2030,sc01,04-15 05:00:00+02:00,bus095,0.0
2030,sc01,04-15 05:00:00+02:00,bus113,0.0
2030,sc01,04-15 05:00:00+02:00,bus024,0.0
2030,sc01,04-15 05:00:00+02:00,bus078,0.0
2030,sc01,04-15 05:00:00+02:00,bus033,0.0
2030,sc01,04-15 05:00:00+02:00,bus079,0.0
2030,sc01,04-15 05:00:00+02:00,bus061,0.0
2030,sc01,04-15 05:00:00+02:00,bus118,0.0
2030,sc01,04-15 05:00:00+02:00,bus003,0.0
2030,sc01,04-15 05:00:00+02:00,bus070,0.0
2030,sc01,04-15 05:00:00+02:00,bus004,0.0
2030,sc01,04-15 05:00:00+02:00,bus021,0.0
2030,sc01,04-15 05:00:00+02:00,bus068,0.0
2030,sc01,04-15 05:00:00+02:00,bus028,0.0
2030,sc01,04-15 05:00:00+02:00,bus034,0.0
2030,sc01,04-15 05:00:00+02:00,bus075,0.0
2030,sc01,04-15 05:00:00+02:00,bus064,0.0
2030,sc01,04-15 05:00:00+02:00,bus106,0.0
2030,sc01,04-15 05:00:00+02:00,bus076,0.0
2030,sc01,04-15 05:00:00+02:00,bus046,0.0
2030,sc01,04-15 05:00:00+02:00,bus007,0.0
2030,sc01,04-15 05:00:00+02:00,bus035,0.0
2030,sc01,04-15 05:00:00+02:00,bus117,0.0
2030,sc01,04-15 05:00:00+02:00,bus041,0.0
2030,sc01,04-15 05:00:00+02:00,bus102,0.0
2030,sc01,04-15 05:00:00+02:00,bus026,0.0
2030,sc01,04-15 05:00:00+02:00,bus077,0.0
2030,sc01,04-15 05:00:00+02:00,bus044,0.0
2030,sc01,04-15 05:00:00+02:00,bus091,0.0
2030,sc01,04-15 05:00:00+02:00,bus062,0.0
2030,sc01,04-16 13:00:00+02:00,bus093,0.0
2030,sc01,04-16 13:00:00+02:00,bus097,0.0
2030,sc01,04-16 13:00:00+02:00,bus110,0.0
2030,sc01,04-16 13:00:00+02:00,bus042,0.0
2030,sc01,04-16 13:00:00+02:00,bus066,0.0
2030,sc01,04-16 13:00:00+02:00,bus059,0.0
2030,sc01,04-16 13:00:00+02:00,bus057,0.0
2030,sc01,04-16 13:00:00+02:00,bus067,0.0
2030,sc01,04-16 13:00:00+02:00,bus069,0.0
2030,sc01,04-16 13:00:00+02:00,bus014,0.0
2030,sc01,04-16 13:00:00+02:00,bus090,0.0
2030,sc01,04-16 13:00:00+02:00,bus002,0.0
2030,sc01,04-16 13:00:00+02:00,bus005,0.0
2030,sc01,04-16 13:00:00+02:00,bus109,0.0
2030,sc01,04-16 13:00:00+02:00,bus020,0.0
2030,sc01,04-16 13:00:00+02:00,bus065,0.0
2030,sc01,04-16 13:00:00+02:00,bus001,0.0
2030,sc01,04-16 13:00:00+02:00,bus017,0.0
2030,sc01,04-16 13:00:00+02:00,bus015,0.0
2030,sc01,04-16 13:00:00+02:00,bus054,0.0
2030,sc01,04-16 13:00:00+02:00,bus086,0.0
2030,sc01,04-16 13:00:00+02:00,bus032,0.0
2030,sc01,04-16 13:00:00+02:00,bus038,0.0
2030,sc01,04-16 13:00:00+02:00,bus108,0.0
2030,sc01,04-16 13:00:00+02:00,bus087,0.0
2030,sc01,04-16 13:00:00+02:00,bus027,0.0
2030,sc01,04-16 13:00:00+02:00,bus111,0.0
2030,sc01,04-16 13:00:00+02:00,bus025,0.0
2030,sc01,04-16 13:00:00+02:00,bus029,0.0
2030,sc01,04-16 13:00:00+02:00,bus009,0.0
2030,sc01,04-16 13:00:00+02:00,bus043,0.0
2030,sc01,04-16 13:00:00+02:00,bus045,0.0
2030,sc01,04-16 13:00:00+02:00,bus084,0.0
2030,sc01,04-16 13:00:00+02:00,bus013,0.0
2030,sc01,04-16 13:00:00+02:00,bus063,0.0
2030,sc01,04-16 13:00:00+02:00,bus115,0.0
2030,sc01,04-16 13:00:00+02:00,bus010,0.0
2030,sc01,04-16 13:00:00+02:00,bus073,0.0
2030,sc01,04-16 13:00:00+02:00,bus052,0.0
2030,sc01,04-16 13:00:00+02:00,bus096,0.0
2030,sc01,04-16 13:00:00+02:00,bus050,0.0
2030,sc01,04-16 13:00:00+02:00,bus011,0.0
2030,sc01,04-16 13:00:00+02:00,bus055,0.0
2030,sc01,04-16 13:00:00+02:00,bus083,0.0
2030,sc01,04-16 13:00:00+02:00,bus081,0.0
2030,sc01,04-16 13:00:00+02:00,bus022,0.0
2030,sc01,04-16 13:00:00+02:00,bus071,0.0
2030,sc01,04-16 13:00:00+02:00,bus074,0.0
2030,sc01,04-16 13:00:00+02:00,bus040,0.0
2030,sc01,04-16 13:00:00+02:00,bus099,0.0
2030,sc01,04-16 13:00:00+02:00,bus030,0.0
2030,sc01,04-16 13:00:00+02:00,bus098,0.0
2030,sc01,04-16 13:00:00+02:00,bus053,0.0
2030,sc01,04-16 13:00:00+02:00,bus085,0.0
2030,sc01,04-16 13:00:00+02:00,bus101,0.0
2030,sc01,04-16 13:00:00+02:00,bus018,0.0
2030,sc01,04-16 13:00:00+02:00,bus023,0.0
2030,sc01,04-16 13:00:00+02:00,bus088,0.0
2030,sc01,04-16 13:00:00+02:00,bus116,0.0
2030,sc01,04-16 13:00:00+02:00,bus103,0.0
2030,sc01,04-16 13:00:00+02:00,bus008,0.0
2030,sc01,04-16 13:00:00+02:00,bus105,0.0
2030,sc01,04-16 13:00:00+02:00,bus060,0.0
2030,sc01,04-16 13:00:00+02:00,bus016,0.0
2030,sc01,04-16 13:00:00+02:00,bus082,0.0
2030,sc01,04-16 13:00:00+02:00,bus047,0.0
2030,sc01,04-16 13:00:00+02:00,bus019,0.0
2030,sc01,04-16 13:00:00+02:00,bus037,0.0
2030,sc01,04-16 13:00:00+02:00,bus006,0.0
2030,sc01,04-16 13:00:00+02:00,bus080,0.0
2030,sc01,04-16 13:00:00+02:00,bus031,0.0
2030,sc01,04-16 13:00:00+02:00,bus048,0.0
2030,sc01,04-16 13:00:00+02:00,bus107,0.0
2030,sc01,04-16 13:00:00+02:00,bus049,0.0
2030,sc01,04-16 13:00:00+02:00,bus104,0.0
2030,sc01,04-16 13:00:00+02:00,bus100,0.0
2030,sc01,04-16 13:00:00+02:00,bus072,0.0
2030,sc01,04-16 13:00:00+02:00,bus039,0.0
2030,sc01,04-16 13:00:00+02:00,bus012,0.0
2030,sc01,04-16 13:00:00+02:00,bus114,0.0
2030,sc01,04-16 13:00:00+02:00,bus112,0.0
2030,sc01,04-16 13:00:00+02:00,bus058,0.0
2030,sc01,04-16 13:00:00+02:00,bus089,0.0
2030,sc01,04-16 13:00:00+02:00,bus051,0.0
2030,sc01,04-16 13:00:00+02:00,bus056,0.0
2030,sc01,04-16 13:00:00+02:00,bus092,0.0
2030,sc01,04-16 13:00:00+02:00,bus036,0.0
2030,sc01,04-16 13:00:00+02:00,bus094,0.0
2030,sc01,04-16 13:00:00+02:00,bus095,0.0
2030,sc01,04-16 13:00:00+02:00,bus113,0.0
2030,sc01,04-16 13:00:00+02:00,bus024,0.0
2030,sc01,04-16 13:00:00+02:00,bus078,0.0
2030,sc01,04-16 13:00:00+02:00,bus033,0.0
2030,sc01,04-16 13:00:00+02:00,bus079,0.0
2030,sc01,04-16 13:00:00+02:00,bus061,0.0
2030,sc01,04-16 13:00:00+02:00,bus118,0.0
2030,sc01,04-16 13:00:00+02:00,bus003,0.0
2030,sc01,04-16 13:00:00+02:00,bus070,0.0
2030,sc01,04-16 13:00:00+02:00,bus004,0.0
2030,sc01,04-16 13:00:00+02:00,bus021,0.0
2030,sc01,04-16 13:00:00+02:00,bus068,0.0
2030,sc01,04-16 13:00:00+02:00,bus028,0.0
2030,sc01,04-16 13:00:00+02:00,bus034,0.0
2030,sc01,04-16 13:00:00+02:00,bus075,0.0
2030,sc01,04-16 13:00:00+02:00,bus064,0.0
2030,sc01,04-16 13:00:00+02:00,bus106,0.0
2030,sc01,04-16 13:00:00+02:00,bus076,0.0
2030,sc01,04-16 13:00:00+02:00,bus046,0.0
2030,sc01,04-16 13:00:00+02:00,bus007,0.0
2030,sc01,04-16 13:00:00+02:00,bus035,0.0
2030,sc01,04-16 13:00:00+02:00,bus117,0.0
2030,sc01,04-16 13:00:00+02:00,bus041,0.0
2030,sc01,04-16 13:00:00+02:00,bus102,0.0
2030,sc01,04-16 13:00:00+02:00,bus026,0.0
2030,sc01,04-16 13:00:00+02:00,bus077,0.0
2030,sc01,04-16 13:00:00+02:00,bus044,0.0
2030,sc01,04-16 13:00:00+02:00,bus091,0.0
2030,sc01,04-16 13:00:00+02:00,bus062,0.0
2030,sc01,04-16 14:00:00+02:00,bus093,0.0
2030,sc01,04-16 14:00:00+02:00,bus097,0.0
2030,sc01,04-16 14:00:00+02:00,bus110,0.0
2030,sc01,04-16 14:00:00+02:00,bus042,0.0
2030,sc01,04-16 14:00:00+02:00,bus066,0.0
2030,sc01,04-16 14:00:00+02:00,bus059,0.0
2030,sc01,04-16 14:00:00+02:00,bus057,0.0
2030,sc01,04-16 14:00:00+02:00,bus067,0.0
2030,sc01,04-16 14:00:00+02:00,bus069,0.0
2030,sc01,04-16 14:00:00+02:00,bus014,0.0
2030,sc01,04-16 14:00:00+02:00,bus090,0.0
2030,sc01,04-16 14:00:00+02:00,bus002,0.0
2030,sc01,04-16 14:00:00+02:00,bus005,0.0
2030,sc01,04-16 14:00:00+02:00,bus109,0.0
2030,sc01,04-16 14:00:00+02:00,bus020,0.0
2030,sc01,04-16 14:00:00+02:00,bus065,0.0
2030,sc01,04-16 14:00:00+02:00,bus001,0.0
2030,sc01,04-16 14:00:00+02:00,bus017,0.0
2030,sc01,04-16 14:00:00+02:00,bus015,0.0
2030,sc01,04-16 14:00:00+02:00,bus054,0.0
2030,sc01,04-16 14:00:00+02:00,bus086,0.0
2030,sc01,04-16 14:00:00+02:00,bus032,0.0
2030,sc01,04-16 14:00:00+02:00,bus038,0.0
2030,sc01,04-16 14:00:00+02:00,bus108,0.0
2030,sc01,04-16 14:00:00+02:00,bus087,0.0
2030,sc01,04-16 14:00:00+02:00,bus027,0.0
2030,sc01,04-16 14:00:00+02:00,bus111,0.0
2030,sc01,04-16 14:00:00+02:00,bus025,0.0
2030,sc01,04-16 14:00:00+02:00,bus029,0.0
2030,sc01,04-16 14:00:00+02:00,bus009,0.0
2030,sc01,04-16 14:00:00+02:00,bus043,0.0
2030,sc01,04-16 14:00:00+02:00,bus045,0.0
2030,sc01,04-16 14:00:00+02:00,bus084,0.0
2030,sc01,04-16 14:00:00+02:00,bus013,0.0
2030,sc01,04-16 14:00:00+02:00,bus063,0.0
2030,sc01,04-16 14:00:00+02:00,bus115,0.0
2030,sc01,04-16 14:00:00+02:00,bus010,0.0
2030,sc01,04-16 14:00:00+02:00,bus073,0.0
2030,sc01,04-16 14:00:00+02:00,bus052,0.0
2030,sc01,04-16 14:00:00+02:00,bus096,0.0
2030,sc01,04-16 14:00:00+02:00,bus050,0.0
2030,sc01,04-16 14:00:00+02:00,bus011,0.0
2030,sc01,04-16 14:00:00+02:00,bus055,0.0
2030,sc01,04-16 14:00:00+02:00,bus083,0.0
2030,sc01,04-16 14:00:00+02:00,bus081,0.0
2030,sc01,04-16 14:00:00+02:00,bus022,0.0
2030,sc01,04-16 14:00:00+02:00,bus071,0.0
2030,sc01,04-16 14:00:00+02:00,bus074,0.0
2030,sc01,04-16 14:00:00+02:00,bus040,0.0
2030,sc01,04-16 14:00:00+02:00,bus099,0.0
2030,sc01,04-16 14:00:00+02:00,bus030,0.0
2030,sc01,04-16 14:00:00+02:00,bus098,0.0
2030,sc01,04-16 14:00:00+02:00,bus053,0.0
2030,sc01,04-16 14:00:00+02:00,bus085,0.0
2030,sc01,04-16 14:00:00+02:00,bus101,0.0
2030,sc01,04-16 14:00:00+02:00,bus018,0.0
2030,sc01,04-16 14:00:00+02:00,bus023,0.0
2030,sc01,04-16 14:00:00+02:00,bus088,0.0
2030,sc01,04-16 14:00:00+02:00,bus116,0.0
2030,sc01,04-16 14:00:00+02:00,bus103,0.0
2030,sc01,04-16 14:00:00+02:00,bus008,0.0
2030,sc01,04-16 14:00:00+02:00,bus105,0.0
2030,sc01,04-16 14:00:00+02:00,bus060,0.0
2030,sc01,04-16 14:00:00+02:00,bus016,0.0
2030,sc01,04-16 14:00:00+02:00,bus082,0.0
2030,sc01,04-16 14:00:00+02:00,bus047,0.0
2030,sc01,04-16 14:00:00+02:00,bus019,0.0
2030,sc01,04-16 14:00:00+02:00,bus037,0.0
2030,sc01,04-16 14:00:00+02:00,bus006,0.0
2030,sc01,04-16 14:00:00+02:00,bus080,0.0
2030,sc01,04-16 14:00:00+02:00,bus031,0.0
2030,sc01,04-16 14:00:00+02:00,bus048,0.0
2030,sc01,04-16 14:00:00+02:00,bus107,0.0
2030,sc01,04-16 14:00:00+02:00,bus049,0.0
2030,sc01,04-16 14:00:00+02:00,bus104,0.0
2030,sc01,04-16 14:00:00+02:00,bus100,0.0
2030,sc01,04-16 14:00:00+02:00,bus072,0.0
2030,sc01,04-16 14:00:00+02:00,bus039,0.0
2030,sc01,04-16 14:00:00+02:00,bus012,0.0
2030,sc01,04-16 14:00:00+02:00,bus114,0.0
2030,sc01,04-16 14:00:00+02:00,bus112,0.0
2030,sc01,04-16 14:00:00+02:00,bus058,0.0
2030,sc01,04-16 14:00:00+02:00,bus089,0.0
2030,sc01,04-16 14:00:00+02:00,bus051,0.0
2030,sc01,04-16 14:00:00+02:00,bus056,0.0
2030,sc01,04-16 14:00:00+02:00,bus092,0.0
2030,sc01,04-16 14:00:00+02:00,bus036,0.0
2030,sc01,04-16 14:00:00+02:00,bus094,0.0
2030,sc01,04-16 14:00:00+02:00,bus095,0.0
2030,sc01,04-16 14:00:00+02:00,bus113,0.0
2030,sc01,04-16 14:00:00+02:00,bus024,0.0
2030,sc01,04-16 14:00:00+02:00,bus078,0.0
2030,sc01,04-16 14:00:00+02:00,bus033,0.0
2030,sc01,04-16 14:00:00+02:00,bus079,0.0
2030,sc01,04-16 14:00:00+02:00,bus061,0.0
2030,sc01,04-16 14:00:00+02:00,bus118,0.0
2030,sc01,04-16 14:00:00+02:00,bus003,0.0
2030,sc01,04-16 14:00:00+02:00,bus070,0.0
2030,sc01,04-16 14:00:00+02:00,bus004,0.0
2030,sc01,04-16 14:00:00+02:00,bus021,0.0
2030,sc01,04-16 14:00:00+02:00,bus068,0.0
2030,sc01,04-16 14:00:00+02:00,bus028,0.0
2030,sc01,04-16 14:00:00+02:00,bus034,0.0
2030,sc01,04-16 14:00:00+02:00,bus075,0.0
2030,sc01,04-16 14:00:00+02:00,bus064,0.0
2030,sc01,04-16 14:00:00+02:00,bus106,0.0
2030,sc01,04-16 14:00:00+02:00,bus076,0.0
2030,sc01,04-16 14:00:00+02:00,bus046,0.0
2030,sc01,04-16 14:00:00+02:00,bus007,0.0
2030,sc01,04-16 14:00:00+02:00,bus035,0.0
2030,sc01,04-16 14:00:00+02:00,bus117,0.0
2030,sc01,04-16 14:00:00+02:00,bus041,0.0
2030,sc01,04-16 14:00:00+02:00,bus102,0.0
2030,sc01,04-16 14:00:00+02:00,bus026,0.0
2030,sc01,04-16 14:00:00+02:00,bus077,0.0
2030,sc01,04-16 14:00:00+02:00,bus044,0.0
2030,sc01,04-16 14:00:00+02:00,bus091,0.0
2030,sc01,04-16 14:00:00+02:00,bus062,0.0
2030,sc01,04-20 09:00:00+02:00,bus093,0.0
2030,sc01,04-20 09:00:00+02:00,bus097,0.0
2030,sc01,04-20 09:00:00+02:00,bus110,0.0
2030,sc01,04-20 09:00:00+02:00,bus042,0.0
2030,sc01,04-20 09:00:00+02:00,bus066,0.0
2030,sc01,04-20 09:00:00+02:00,bus059,0.0
2030,sc01,04-20 09:00:00+02:00,bus057,0.0
2030,sc01,04-20 09:00:00+02:00,bus067,0.0
2030,sc01,04-20 09:00:00+02:00,bus069,0.0
2030,sc01,04-20 09:00:00+02:00,bus014,0.0
2030,sc01,04-20 09:00:00+02:00,bus090,0.0
2030,sc01,04-20 09:00:00+02:00,bus002,0.0
2030,sc01,04-20 09:00:00+02:00,bus005,0.0
2030,sc01,04-20 09:00:00+02:00,bus109,0.0
2030,sc01,04-20 09:00:00+02:00,bus020,0.0
2030,sc01,04-20 09:00:00+02:00,bus065,0.0
2030,sc01,04-20 09:00:00+02:00,bus001,0.0
2030,sc01,04-20 09:00:00+02:00,bus017,0.0
2030,sc01,04-20 09:00:00+02:00,bus015,0.0
2030,sc01,04-20 09:00:00+02:00,bus054,0.0
2030,sc01,04-20 09:00:00+02:00,bus086,0.0
2030,sc01,04-20 09:00:00+02:00,bus032,0.0
2030,sc01,04-20 09:00:00+02:00,bus038,0.0
2030,sc01,04-20 09:00:00+02:00,bus108,0.0
2030,sc01,04-20 09:00:00+02:00,bus087,0.0
2030,sc01,04-20 09:00:00+02:00,bus027,0.0
2030,sc01,04-20 09:00:00+02:00,bus111,0.0
2030,sc01,04-20 09:00:00+02:00,bus025,0.0
2030,sc01,04-20 09:00:00+02:00,bus029,0.0
2030,sc01,04-20 09:00:00+02:00,bus009,0.0
2030,sc01,04-20 09:00:00+02:00,bus043,0.0
2030,sc01,04-20 09:00:00+02:00,bus045,0.0
2030,sc01,04-20 09:00:00+02:00,bus084,0.0
2030,sc01,04-20 09:00:00+02:00,bus013,0.0
2030,sc01,04-20 09:00:00+02:00,bus063,0.0
2030,sc01,04-20 09:00:00+02:00,bus115,0.0
2030,sc01,04-20 09:00:00+02:00,bus010,0.0
2030,sc01,04-20 09:00:00+02:00,bus073,0.0
2030,sc01,04-20 09:00:00+02:00,bus052,0.0
2030,sc01,04-20 09:00:00+02:00,bus096,0.0
2030,sc01,04-20 09:00:00+02:00,bus050,0.0
2030,sc01,04-20 09:00:00+02:00,bus011,0.0
2030,sc01,04-20 09:00:00+02:00,bus055,0.0
2030,sc01,04-20 09:00:00+02:00,bus083,0.0
2030,sc01,04-20 09:00:00+02:00,bus081,0.0
2030,sc01,04-20 09:00:00+02:00,bus022,0.0
2030,sc01,04-20 09:00:00+02:00,bus071,0.0
2030,sc01,04-20 09:00:00+02:00,bus074,0.0
2030,sc01,04-20 09:00:00+02:00,bus040,0.0
2030,sc01,04-20 09:00:00+02:00,bus099,0.0
2030,sc01,04-20 09:00:00+02:00,bus030,0.0
2030,sc01,04-20 09:00:00+02:00,bus098,0.0
2030,sc01,04-20 09:00:00+02:00,bus053,0.0
2030,sc01,04-20 09:00:00+02:00,bus085,0.0
2030,sc01,04-20 09:00:00+02:00,bus101,0.0
2030,sc01,04-20 09:00:00+02:00,bus018,0.0
2030,sc01,04-20 09:00:00+02:00,bus023,0.0
2030,sc01,04-20 09:00:00+02:00,bus088,0.0
2030,sc01,04-20 09:00:00+02:00,bus116,0.0
2030,sc01,04-20 09:00:00+02:00,bus103,0.0
2030,sc01,04-20 09:00:00+02:00,bus008,0.0
2030,sc01,04-20 09:00:00+02:00,bus105,0.0
2030,sc01,04-20 09:00:00+02:00,bus060,0.0
2030,sc01,04-20 09:00:00+02:00,bus016,0.0
2030,sc01,04-20 09:00:00+02:00,bus082,0.0
2030,sc01,04-20 09:00:00+02:00,bus047,0.0
2030,sc01,04-20 09:00:00+02:00,bus019,0.0
2030,sc01,04-20 09:00:00+02:00,bus037,0.0
2030,sc01,04-20 09:00:00+02:00,bus006,0.0
2030,sc01,04-20 09:00:00+02:00,bus080,0.0
2030,sc01,04-20 09:00:00+02:00,bus031,0.0
2030,sc01,04-20 09:00:00+02:00,bus048,0.0
2030,sc01,04-20 09:00:00+02:00,bus107,0.0
2030,sc01,04-20 09:00:00+02:00,bus049,0.0
2030,sc01,04-20 09:00:00+02:00,bus104,0.0
2030,sc01,04-20 09:00:00+02:00,bus100,0.0
2030,sc01,04-20 09:00:00+02:00,bus072,0.0
2030,sc01,04-20 09:00:00+02:00,bus039,0.0
2030,sc01,04-20 09:00:00+02:00,bus012,0.0
2030,sc01,04-20 09:00:00+02:00,bus114,0.0
2030,sc01,04-20 09:00:00+02:00,bus112,0.0
2030,sc01,04-20 09:00:00+02:00,bus058,0.0
2030,sc01,04-20 09:00:00+02:00,bus089,0.0
2030,sc01,04-20 09:00:00+02:00,bus051,0.0
2030,sc01,04-20 09:00:00+02:00,bus056,0.0
2030,sc01,04-20 09:00:00+02:00,bus092,0.0
2030,sc01,04-20 09:00:00+02:00,bus036,0.0
2030,sc01,04-20 09:00:00+02:00,bus094,0.0
2030,sc01,04-20 09:00:00+02:00,bus095,0.0
2030,sc01,04-20 09:00:00+02:00,bus113,0.0
2030,sc01,04-20 09:00:00+02:00,bus024,0.0
2030,sc01,04-20 09:00:00+02:00,bus078,0.0
2030,sc01,04-20 09:00:00+02:00,bus033,0.0
2030,sc01,04-20 09:00:00+02:00,bus079,0.0
2030,sc01,04-20 09:00:00+02:00,bus061,0.0
2030,sc01,04-20 09:00:00+02:00,bus118,0.0
2030,sc01,04-20 09:00:00+02:00,bus003,0.0
2030,sc01,04-20 09:00:00+02:00,bus070,0.0
2030,sc01,04-20 09:00:00+02:00,bus004,0.0
2030,sc01,04-20 09:00:00+02:00,bus021,0.0
2030,sc01,04-20 09:00:00+02:00,bus068,0.0
2030,sc01,04-20 09:00:00+02:00,bus028,0.0
2030,sc01,04-20 09:00:00+02:00,bus034,0.0
2030,sc01,04-20 09:00:00+02:00,bus075,0.0
2030,sc01,04-20 09:00:00+02:00,bus064,0.0
2030,sc01,04-20 09:00:00+02:00,bus106,0.0
2030,sc01,04-20 09:00:00+02:00,bus076,0.0
2030,sc01,04-20 09:00:00+02:00,bus046,0.0
2030,sc01,04-20 09:00:00+02:00,bus007,0.0
2030,sc01,04-20 09:00:00+02:00,bus035,0.0
2030,sc01,04-20 09:00:00+02:00,bus117,0.0
2030,sc01,04-20 09:00:00+02:00,bus041,0.0
2030,sc01,04-20 09:00:00+02:00,bus102,0.0
2030,sc01,04-20 09:00:00+02:00,bus026,0.0
2030,sc01,04-20 09:00:00+02:00,bus077,0.0
2030,sc01,04-20 09:00:00+02:00,bus044,0.0
2030,sc01,04-20 09:00:00+02:00,bus091,0.0
2030,sc01,04-20 09:00:00+02:00,bus062,0.0
2030,sc01,04-20 19:00:00+02:00,bus093,0.0
2030,sc01,04-20 19:00:00+02:00,bus097,0.0
2030,sc01,04-20 19:00:00+02:00,bus110,0.0
2030,sc01,04-20 19:00:00+02:00,bus042,0.0
2030,sc01,04-20 19:00:00+02:00,bus066,0.0
2030,sc01,04-20 19:00:00+02:00,bus059,0.0
2030,sc01,04-20 19:00:00+02:00,bus057,0.0
2030,sc01,04-20 19:00:00+02:00,bus067,0.0
2030,sc01,04-20 19:00:00+02:00,bus069,0.0
2030,sc01,04-20 19:00:00+02:00,bus014,0.0
2030,sc01,04-20 19:00:00+02:00,bus090,0.0
2030,sc01,04-20 19:00:00+02:00,bus002,0.0
2030,sc01,04-20 19:00:00+02:00,bus005,0.0
2030,sc01,04-20 19:00:00+02:00,bus109,0.0
2030,sc01,04-20 19:00:00+02:00,bus020,0.0
2030,sc01,04-20 19:00:00+02:00,bus065,0.0
2030,sc01,04-20 19:00:00+02:00,bus001,0.0
2030,sc01,04-20 19:00:00+02:00,bus017,0.0
2030,sc01,04-20 19:00:00+02:00,bus015,0.0
2030,sc01,04-20 19:00:00+02:00,bus054,0.0
2030,sc01,04-20 19:00:00+02:00,bus086,0.0
2030,sc01,04-20 19:00:00+02:00,bus032,0.0
2030,sc01,04-20 19:00:00+02:00,bus038,0.0
2030,sc01,04-20 19:00:00+02:00,bus108,0.0
2030,sc01,04-20 19:00:00+02:00,bus087,0.0
2030,sc01,04-20 19:00:00+02:00,bus027,0.0
2030,sc01,04-20 19:00:00+02:00,bus111,0.0
2030,sc01,04-20 19:00:00+02:00,bus025,0.0
2030,sc01,04-20 19:00:00+02:00,bus029,0.0
2030,sc01,04-20 19:00:00+02:00,bus009,0.0
2030,sc01,04-20 19:00:00+02:00,bus043,0.0
2030,sc01,04-20 19:00:00+02:00,bus045,0.0
2030,sc01,04-20 19:00:00+02:00,bus084,0.0
2030,sc01,04-20 19:00:00+02:00,bus013,0.0
2030,sc01,04-20 19:00:00+02:00,bus063,0.0
2030,sc01,04-20 19:00:00+02:00,bus115,0.0
2030,sc01,04-20 19:00:00+02:00,bus010,0.0
2030,sc01,04-20 19:00:00+02:00,bus073,0.0
2030,sc01,04-20 19:00:00+02:00,bus052,0.0
2030,sc01,04-20 19:00:00+02:00,bus096,0.0
2030,sc01,04-20 19:00:00+02:00,bus050,0.0
2030,sc01,04-20 19:00:00+02:00,bus011,0.0
2030,sc01,04-20 19:00:00+02:00,bus055,0.0
2030,sc01,04-20 19:00:00+02:00,bus083,0.0
2030,sc01,04-20 19:00:00+02:00,bus081,0.0
2030,sc01,04-20 19:00:00+02:00,bus022,0.0
2030,sc01,04-20 19:00:00+02:00,bus071,0.0
2030,sc01,04-20 19:00:00+02:00,bus074,0.0
2030,sc01,04-20 19:00:00+02:00,bus040,0.0
2030,sc01,04-20 19:00:00+02:00,bus099,0.0
2030,sc01,04-20 19:00:00+02:00,bus030,0.0
2030,sc01,04-20 19:00:00+02:00,bus098,0.0
2030,sc01,04-20 19:00:00+02:00,bus053,0.0
2030,sc01,04-20 19:00:00+02:00,bus085,0.0
2030,sc01,04-20 19:00:00+02:00,bus101,0.0
2030,sc01,04-20 19:00:00+02:00,bus018,0.0
2030,sc01,04-20 19:00:00+02:00,bus023,0.0
2030,sc01,04-20 19:00:00+02:00,bus088,0.0
2030,sc01,04-20 19:00:00+02:00,bus116,0.0
2030,sc01,04-20 19:00:00+02:00,bus103,0.0
2030,sc01,04-20 19:00:00+02:00,bus008,0.0
2030,sc01,04-20 19:00:00+02:00,bus105,0.0
2030,sc01,04-20 19:00:00+02:00,bus060,0.0
2030,sc01,04-20 19:00:00+02:00,bus016,0.0
2030,sc01,04-20 19:00:00+02:00,bus082,0.0
2030,sc01,04-20 19:00:00+02:00,bus047,0.0
2030,sc01,04-20 19:00:00+02:00,bus019,0.0
2030,sc01,04-20 19:00:00+02:00,bus037,0.0
2030,sc01,04-20 19:00:00+02:00,bus006,0.0
2030,sc01,04-20 19:00:00+02:00,bus080,0.0
2030,sc01,04-20 19:00:00+02:00,bus031,0.0
2030,sc01,04-20 19:00:00+02:00,bus048,0.0
2030,sc01,04-20 19:00:00+02:00,bus107,0.0
2030,sc01,04-20 19:00:00+02:00,bus049,0.0
2030,sc01,04-20 19:00:00+02:00,bus104,0.0
2030,sc01,04-20 19:00:00+02:00,bus100,0.0
2030,sc01,04-20 19:00:00+02:00,bus072,0.0
2030,sc01,04-20 19:00:00+02:00,bus039,0.0
2030,sc01,04-20 19:00:00+02:00,bus012,0.0
2030,sc01,04-20 19:00:00+02:00,bus114,0.0
2030,sc01,04-20 19:00:00+02:00,bus112,0.0
2030,sc01,04-20 19:00:00+02:00,bus058,0.0
2030,sc01,04-20 19:00:00+02:00,bus089,0.0
2030,sc01,04-20 19:00:00+02:00,bus051,0.0
2030,sc01,04-20 19:00:00+02:00,bus056,0.0
2030,sc01,04-20 19:00:00+02:00,bus092,0.0
2030,sc01,04-20 19:00:00+02:00,bus036,0.0
2030,sc01,04-20 19:00:00+02:00,bus094,0.0
2030,sc01,04-20 19:00:00+02:00,bus095,0.0
2030,sc01,04-20 19:00:00+02:00,bus113,0.0
2030,sc01,04-20 19:00:00+02:00,bus024,0.0
2030,sc01,04-20 19:00:00+02:00,bus078,0.0
2030,sc01,04-20 19:00:00+02:00,bus033,0.0
2030,sc01,04-20 19:00:00+02:00,bus079,0.0
2030,sc01,04-20 19:00:00+02:00,bus061,0.0
2030,sc01,04-20 19:00:00+02:00,bus118,0.0
2030,sc01,04-20 19:00:00+02:00,bus003,0.0
2030,sc01,04-20 19:00:00+02:00,bus070,0.0
2030,sc01,04-20 19:00:00+02:00,bus004,0.0
2030,sc01,04-20 19:00:00+02:00,bus021,0.0
2030,sc01,04-20 19:00:00+02:00,bus068,0.0
2030,sc01,04-20 19:00:00+02:00,bus028,0.0
2030,sc01,04-20 19:00:00+02:00,bus034,0.0
2030,sc01,04-20 19:00:00+02:00,bus075,0.0
2030,sc01,04-20 19:00:00+02:00,bus064,0.0
2030,sc01,04-20 19:00:00+02:00,bus106,0.0
2030,sc01,04-20 19:00:00+02:00,bus076,0.0
2030,sc01,04-20 19:00:00+02:00,bus046,0.0
2030,sc01,04-20 19:00:00+02:00,bus007,0.0
2030,sc01,04-20 19:00:00+02:00,bus035,0.0
2030,sc01,04-20 19:00:00+02:00,bus117,0.0
2030,sc01,04-20 19:00:00+02:00,bus041,0.0
2030,sc01,04-20 19:00:00+02:00,bus102,0.0
2030,sc01,04-20 19:00:00+02:00,bus026,0.0
2030,sc01,04-20 19:00:00+02:00,bus077,0.0
2030,sc01,04-20 19:00:00+02:00,bus044,0.0
2030,sc01,04-20 19:00:00+02:00,bus091,0.0
2030,sc01,04-20 19:00:00+02:00,bus062,0.0
2030,sc01,04-23 19:00:00+02:00,bus093,0.0
2030,sc01,04-23 19:00:00+02:00,bus097,0.0
2030,sc01,04-23 19:00:00+02:00,bus110,0.0
2030,sc01,04-23 19:00:00+02:00,bus042,0.0
2030,sc01,04-23 19:00:00+02:00,bus066,0.0
2030,sc01,04-23 19:00:00+02:00,bus059,0.0
2030,sc01,04-23 19:00:00+02:00,bus057,0.0
2030,sc01,04-23 19:00:00+02:00,bus067,0.0
2030,sc01,04-23 19:00:00+02:00,bus069,0.0
2030,sc01,04-23 19:00:00+02:00,bus014,0.0
2030,sc01,04-23 19:00:00+02:00,bus090,0.0
2030,sc01,04-23 19:00:00+02:00,bus002,0.0
2030,sc01,04-23 19:00:00+02:00,bus005,0.0
2030,sc01,04-23 19:00:00+02:00,bus109,0.0
2030,sc01,04-23 19:00:00+02:00,bus020,0.0
2030,sc01,04-23 19:00:00+02:00,bus065,0.0
2030,sc01,04-23 19:00:00+02:00,bus001,0.0
2030,sc01,04-23 19:00:00+02:00,bus017,0.0
2030,sc01,04-23 19:00:00+02:00,bus015,0.0
2030,sc01,04-23 19:00:00+02:00,bus054,0.0
2030,sc01,04-23 19:00:00+02:00,bus086,0.0
2030,sc01,04-23 19:00:00+02:00,bus032,0.0
2030,sc01,04-23 19:00:00+02:00,bus038,0.0
2030,sc01,04-23 19:00:00+02:00,bus108,0.0
2030,sc01,04-23 19:00:00+02:00,bus087,0.0
2030,sc01,04-23 19:00:00+02:00,bus027,0.0
2030,sc01,04-23 19:00:00+02:00,bus111,0.0
2030,sc01,04-23 19:00:00+02:00,bus025,0.0
2030,sc01,04-23 19:00:00+02:00,bus029,0.0
2030,sc01,04-23 19:00:00+02:00,bus009,0.0
2030,sc01,04-23 19:00:00+02:00,bus043,0.0
2030,sc01,04-23 19:00:00+02:00,bus045,0.0
2030,sc01,04-23 19:00:00+02:00,bus084,0.0
2030,sc01,04-23 19:00:00+02:00,bus013,0.0
2030,sc01,04-23 19:00:00+02:00,bus063,0.0
2030,sc01,04-23 19:00:00+02:00,bus115,0.0
2030,sc01,04-23 19:00:00+02:00,bus010,0.0
2030,sc01,04-23 19:00:00+02:00,bus073,0.0
2030,sc01,04-23 19:00:00+02:00,bus052,0.0
2030,sc01,04-23 19:00:00+02:00,bus096,0.0
2030,sc01,04-23 19:00:00+02:00,bus050,0.0
2030,sc01,04-23 19:00:00+02:00,bus011,0.0
2030,sc01,04-23 19:00:00+02:00,bus055,0.0
2030,sc01,04-23 19:00:00+02:00,bus083,0.0
2030,sc01,04-23 19:00:00+02:00,bus081,0.0
2030,sc01,04-23 19:00:00+02:00,bus022,0.0
2030,sc01,04-23 19:00:00+02:00,bus071,0.0
2030,sc01,04-23 19:00:00+02:00,bus074,0.0
2030,sc01,04-23 19:00:00+02:00,bus040,0.0
2030,sc01,04-23 19:00:00+02:00,bus099,0.0
2030,sc01,04-23 19:00:00+02:00,bus030,0.0
2030,sc01,04-23 19:00:00+02:00,bus098,0.0
2030,sc01,04-23 19:00:00+02:00,bus053,0.0
2030,sc01,04-23 19:00:00+02:00,bus085,0.0
2030,sc01,04-23 19:00:00+02:00,bus101,0.0
2030,sc01,04-23 19:00:00+02:00,bus018,0.0
2030,sc01,04-23 19:00:00+02:00,bus023,0.0
2030,sc01,04-23 19:00:00+02:00,bus088,0.0
2030,sc01,04-23 19:00:00+02:00,bus116,0.0
2030,sc01,04-23 19:00:00+02:00,bus103,0.0
2030,sc01,04-23 19:00:00+02:00,bus008,0.0
2030,sc01,04-23 19:00:00+02:00,bus105,0.0
2030,sc01,04-23 19:00:00+02:00,bus060,0.0
2030,sc01,04-23 19:00:00+02:00,bus016,0.0
2030,sc01,04-23 19:00:00+02:00,bus082,0.0
2030,sc01,04-23 19:00:00+02:00,bus047,0.0
2030,sc01,04-23 19:00:00+02:00,bus019,0.0
2030,sc01,04-23 19:00:00+02:00,bus037,0.0
2030,sc01,04-23 19:00:00+02:00,bus006,0.0
2030,sc01,04-23 19:00:00+02:00,bus080,0.0
2030,sc01,04-23 19:00:00+02:00,bus031,0.0
2030,sc01,04-23 19:00:00+02:00,bus048,0.0
2030,sc01,04-23 19:00:00+02:00,bus107,0.0
2030,sc01,04-23 19:00:00+02:00,bus049,0.0
2030,sc01,04-23 19:00:00+02:00,bus104,0.0
2030,sc01,04-23 19:00:00+02:00,bus100,0.0
2030,sc01,04-23 19:00:00+02:00,bus072,0.0
2030,sc01,04-23 19:00:00+02:00,bus039,0.0
2030,sc01,04-23 19:00:00+02:00,bus012,0.0
2030,sc01,04-23 19:00:00+02:00,bus114,0.0
2030,sc01,04-23 19:00:00+02:00,bus112,0.0
2030,sc01,04-23 19:00:00+02:00,bus058,0.0
2030,sc01,04-23 19:00:00+02:00,bus089,0.0
2030,sc01,04-23 19:00:00+02:00,bus051,0.0
2030,sc01,04-23 19:00:00+02:00,bus056,0.0
2030,sc01,04-23 19:00:00+02:00,bus092,0.0
2030,sc01,04-23 19:00:00+02:00,bus036,0.0
2030,sc01,04-23 19:00:00+02:00,bus094,0.0
2030,sc01,04-23 19:00:00+02:00,bus095,0.0
2030,sc01,04-23 19:00:00+02:00,bus113,0.0
2030,sc01,04-23 19:00:00+02:00,bus024,0.0
2030,sc01,04-23 19:00:00+02:00,bus078,0.0
2030,sc01,04-23 19:00:00+02:00,bus033,0.0
2030,sc01,04-23 19:00:00+02:00,bus079,0.0
2030,sc01,04-23 19:00:00+02:00,bus061,0.0
2030,sc01,04-23 19:00:00+02:00,bus118,0.0
2030,sc01,04-23 19:00:00+02:00,bus003,0.0
2030,sc01,04-23 19:00:00+02:00,bus070,0.0
2030,sc01,04-23 19:00:00+02:00,bus004,0.0
2030,sc01,04-23 19:00:00+02:00,bus021,0.0
2030,sc01,04-23 19:00:00+02:00,bus068,0.0
2030,sc01,04-23 19:00:00+02:00,bus028,0.0
2030,sc01,04-23 19:00:00+02:00,bus034,0.0
2030,sc01,04-23 19:00:00+02:00,bus075,0.0
2030,sc01,04-23 19:00:00+02:00,bus064,0.0
2030,sc01,04-23 19:00:00+02:00,bus106,0.0
2030,sc01,04-23 19:00:00+02:00,bus076,0.0
2030,sc01,04-23 19:00:00+02:00,bus046,0.0
2030,sc01,04-23 19:00:00+02:00,bus007,0.0
2030,sc01,04-23 19:00:00+02:00,bus035,0.0
2030,sc01,04-23 19:00:00+02:00,bus117,0.0
2030,sc01,04-23 19:00:00+02:00,bus041,0.0
2030,sc01,04-23 19:00:00+02:00,bus102,0.0
2030,sc01,04-23 19:00:00+02:00,bus026,0.0
2030,sc01,04-23 19:00:00+02:00,bus077,0.0
2030,sc01,04-23 19:00:00+02:00,bus044,0.0
2030,sc01,04-23 19:00:00+02:00,bus091,0.0
2030,sc01,04-23 19:00:00+02:00,bus062,0.0
2030,sc01,04-24 19:00:00+02:00,bus093,0.0
2030,sc01,04-24 19:00:00+02:00,bus097,0.0
2030,sc01,04-24 19:00:00+02:00,bus110,0.0
2030,sc01,04-24 19:00:00+02:00,bus042,0.0
2030,sc01,04-24 19:00:00+02:00,bus066,0.0
2030,sc01,04-24 19:00:00+02:00,bus059,0.0
2030,sc01,04-24 19:00:00+02:00,bus057,0.0
2030,sc01,04-24 19:00:00+02:00,bus067,0.0
2030,sc01,04-24 19:00:00+02:00,bus069,0.0
2030,sc01,04-24 19:00:00+02:00,bus014,0.0
2030,sc01,04-24 19:00:00+02:00,bus090,0.0
2030,sc01,04-24 19:00:00+02:00,bus002,0.0
2030,sc01,04-24 19:00:00+02:00,bus005,0.0
2030,sc01,04-24 19:00:00+02:00,bus109,0.0
2030,sc01,04-24 19:00:00+02:00,bus020,0.0
2030,sc01,04-24 19:00:00+02:00,bus065,0.0
2030,sc01,04-24 19:00:00+02:00,bus001,0.0
2030,sc01,04-24 19:00:00+02:00,bus017,0.0
2030,sc01,04-24 19:00:00+02:00,bus015,0.0
2030,sc01,04-24 19:00:00+02:00,bus054,0.0
2030,sc01,04-24 19:00:00+02:00,bus086,0.0
2030,sc01,04-24 19:00:00+02:00,bus032,0.0
2030,sc01,04-24 19:00:00+02:00,bus038,0.0
2030,sc01,04-24 19:00:00+02:00,bus108,0.0
2030,sc01,04-24 19:00:00+02:00,bus087,0.0
2030,sc01,04-24 19:00:00+02:00,bus027,0.0
2030,sc01,04-24 19:00:00+02:00,bus111,0.0
2030,sc01,04-24 19:00:00+02:00,bus025,0.0
2030,sc01,04-24 19:00:00+02:00,bus029,0.0
2030,sc01,04-24 19:00:00+02:00,bus009,0.0
2030,sc01,04-24 19:00:00+02:00,bus043,0.0
2030,sc01,04-24 19:00:00+02:00,bus045,0.0
2030,sc01,04-24 19:00:00+02:00,bus084,0.0
2030,sc01,04-24 19:00:00+02:00,bus013,0.0
2030,sc01,04-24 19:00:00+02:00,bus063,0.0
2030,sc01,04-24 19:00:00+02:00,bus115,0.0
2030,sc01,04-24 19:00:00+02:00,bus010,0.0
2030,sc01,04-24 19:00:00+02:00,bus073,0.0
2030,sc01,04-24 19:00:00+02:00,bus052,0.0
2030,sc01,04-24 19:00:00+02:00,bus096,0.0
2030,sc01,04-24 19:00:00+02:00,bus050,0.0
2030,sc01,04-24 19:00:00+02:00,bus011,0.0
2030,sc01,04-24 19:00:00+02:00,bus055,0.0
2030,sc01,04-24 19:00:00+02:00,bus083,0.0
2030,sc01,04-24 19:00:00+02:00,bus081,0.0
2030,sc01,04-24 19:00:00+02:00,bus022,0.0
2030,sc01,04-24 19:00:00+02:00,bus071,0.0
2030,sc01,04-24 19:00:00+02:00,bus074,0.0
2030,sc01,04-24 19:00:00+02:00,bus040,0.0
2030,sc01,04-24 19:00:00+02:00,bus099,0.0
2030,sc01,04-24 19:00:00+02:00,bus030,0.0
2030,sc01,04-24 19:00:00+02:00,bus098,0.0
2030,sc01,04-24 19:00:00+02:00,bus053,0.0
2030,sc01,04-24 19:00:00+02:00,bus085,0.0
2030,sc01,04-24 19:00:00+02:00,bus101,0.0
2030,sc01,04-24 19:00:00+02:00,bus018,0.0
2030,sc01,04-24 19:00:00+02:00,bus023,0.0
2030,sc01,04-24 19:00:00+02:00,bus088,0.0
2030,sc01,04-24 19:00:00+02:00,bus116,0.0
2030,sc01,04-24 19:00:00+02:00,bus103,0.0
2030,sc01,04-24 19:00:00+02:00,bus008,0.0
2030,sc01,04-24 19:00:00+02:00,bus105,0.0
2030,sc01,04-24 19:00:00+02:00,bus060,0.0
2030,sc01,04-24 19:00:00+02:00,bus016,0.0
2030,sc01,04-24 19:00:00+02:00,bus082,0.0
2030,sc01,04-24 19:00:00+02:00,bus047,0.0
2030,sc01,04-24 19:00:00+02:00,bus019,0.0
2030,sc01,04-24 19:00:00+02:00,bus037,0.0
2030,sc01,04-24 19:00:00+02:00,bus006,0.0
2030,sc01,04-24 19:00:00+02:00,bus080,0.0
2030,sc01,04-24 19:00:00+02:00,bus031,0.0
2030,sc01,04-24 19:00:00+02:00,bus048,0.0
2030,sc01,04-24 19:00:00+02:00,bus107,0.0
2030,sc01,04-24 19:00:00+02:00,bus049,0.0
2030,sc01,04-24 19:00:00+02:00,bus104,0.0
2030,sc01,04-24 19:00:00+02:00,bus100,0.0
2030,sc01,04-24 19:00:00+02:00,bus072,0.0
2030,sc01,04-24 19:00:00+02:00,bus039,0.0
2030,sc01,04-24 19:00:00+02:00,bus012,0.0
2030,sc01,04-24 19:00:00+02:00,bus114,0.0
2030,sc01,04-24 19:00:00+02:00,bus112,0.0
2030,sc01,04-24 19:00:00+02:00,bus058,0.0
2030,sc01,04-24 19:00:00+02:00,bus089,0.0
2030,sc01,04-24 19:00:00+02:00,bus051,0.0
2030,sc01,04-24 19:00:00+02:00,bus056,0.0
2030,sc01,04-24 19:00:00+02:00,bus092,0.0
2030,sc01,04-24 19:00:00+02:00,bus036,0.0
2030,sc01,04-24 19:00:00+02:00,bus094,0.0
2030,sc01,04-24 19:00:00+02:00,bus095,0.0
2030,sc01,04-24 19:00:00+02:00,bus113,0.0
2030,sc01,04-24 19:00:00+02:00,bus024,0.0
2030,sc01,04-24 19:00:00+02:00,bus078,0.0
2030,sc01,04-24 19:00:00+02:00,bus033,0.0
2030,sc01,04-24 19:00:00+02:00,bus079,0.0
2030,sc01,04-24 19:00:00+02:00,bus061,0.0
2030,sc01,04-24 19:00:00+02:00,bus118,0.0
2030,sc01,04-24 19:00:00+02:00,bus003,0.0
2030,sc01,04-24 19:00:00+02:00,bus070,0.0
2030,sc01,04-24 19:00:00+02:00,bus004,0.0
2030,sc01,04-24 19:00:00+02:00,bus021,0.0
2030,sc01,04-24 19:00:00+02:00,bus068,0.0
2030,sc01,04-24 19:00:00+02:00,bus028,0.0
2030,sc01,04-24 19:00:00+02:00,bus034,0.0
2030,sc01,04-24 19:00:00+02:00,bus075,0.0
2030,sc01,04-24 19:00:00+02:00,bus064,0.0
2030,sc01,04-24 19:00:00+02:00,bus106,0.0
2030,sc01,04-24 19:00:00+02:00,bus076,0.0
2030,sc01,04-24 19:00:00+02:00,bus046,0.0
2030,sc01,04-24 19:00:00+02:00,bus007,0.0
2030,sc01,04-24 19:00:00+02:00,bus035,0.0
2030,sc01,04-24 19:00:00+02:00,bus117,0.0
2030,sc01,04-24 19:00:00+02:00,bus041,0.0
2030,sc01,04-24 19:00:00+02:00,bus102,0.0
2030,sc01,04-24 19:00:00+02:00,bus026,0.0
2030,sc01,04-24 19:00:00+02:00,bus077,0.0
2030,sc01,04-24 19:00:00+02:00,bus044,0.0
2030,sc01,04-24 19:00:00+02:00,bus091,0.0
2030,sc01,04-24 19:00:00+02:00,bus062,0.0
2030,sc01,04-29 14:00:00+02:00,bus093,0.0
2030,sc01,04-29 14:00:00+02:00,bus097,0.0
2030,sc01,04-29 14:00:00+02:00,bus110,0.0
2030,sc01,04-29 14:00:00+02:00,bus042,0.0
2030,sc01,04-29 14:00:00+02:00,bus066,0.0
2030,sc01,04-29 14:00:00+02:00,bus059,0.0
2030,sc01,04-29 14:00:00+02:00,bus057,0.0
2030,sc01,04-29 14:00:00+02:00,bus067,0.0
2030,sc01,04-29 14:00:00+02:00,bus069,0.0
2030,sc01,04-29 14:00:00+02:00,bus014,0.0
2030,sc01,04-29 14:00:00+02:00,bus090,0.0
2030,sc01,04-29 14:00:00+02:00,bus002,0.0
2030,sc01,04-29 14:00:00+02:00,bus005,0.0
2030,sc01,04-29 14:00:00+02:00,bus109,0.0
2030,sc01,04-29 14:00:00+02:00,bus020,0.0
2030,sc01,04-29 14:00:00+02:00,bus065,0.0
2030,sc01,04-29 14:00:00+02:00,bus001,0.0
2030,sc01,04-29 14:00:00+02:00,bus017,0.0
2030,sc01,04-29 14:00:00+02:00,bus015,0.0
2030,sc01,04-29 14:00:00+02:00,bus054,0.0
2030,sc01,04-29 14:00:00+02:00,bus086,0.0
2030,sc01,04-29 14:00:00+02:00,bus032,0.0
2030,sc01,04-29 14:00:00+02:00,bus038,0.0
2030,sc01,04-29 14:00:00+02:00,bus108,0.0
2030,sc01,04-29 14:00:00+02:00,bus087,0.0
2030,sc01,04-29 14:00:00+02:00,bus027,0.0
2030,sc01,04-29 14:00:00+02:00,bus111,0.0
2030,sc01,04-29 14:00:00+02:00,bus025,0.0
2030,sc01,04-29 14:00:00+02:00,bus029,0.0
2030,sc01,04-29 14:00:00+02:00,bus009,0.0
2030,sc01,04-29 14:00:00+02:00,bus043,0.0
2030,sc01,04-29 14:00:00+02:00,bus045,0.0
2030,sc01,04-29 14:00:00+02:00,bus084,0.0
2030,sc01,04-29 14:00:00+02:00,bus013,0.0
2030,sc01,04-29 14:00:00+02:00,bus063,0.0
2030,sc01,04-29 14:00:00+02:00,bus115,0.0
2030,sc01,04-29 14:00:00+02:00,bus010,0.0
2030,sc01,04-29 14:00:00+02:00,bus073,0.0
2030,sc01,04-29 14:00:00+02:00,bus052,0.0
2030,sc01,04-29 14:00:00+02:00,bus096,0.0
2030,sc01,04-29 14:00:00+02:00,bus050,0.0
2030,sc01,04-29 14:00:00+02:00,bus011,0.0
2030,sc01,04-29 14:00:00+02:00,bus055,0.0
2030,sc01,04-29 14:00:00+02:00,bus083,0.0
2030,sc01,04-29 14:00:00+02:00,bus081,0.0
2030,sc01,04-29 14:00:00+02:00,bus022,0.0
2030,sc01,04-29 14:00:00+02:00,bus071,0.0
2030,sc01,04-29 14:00:00+02:00,bus074,0.0
2030,sc01,04-29 14:00:00+02:00,bus040,0.0
2030,sc01,04-29 14:00:00+02:00,bus099,0.0
2030,sc01,04-29 14:00:00+02:00,bus030,0.0
2030,sc01,04-29 14:00:00+02:00,bus098,0.0
2030,sc01,04-29 14:00:00+02:00,bus053,0.0
2030,sc01,04-29 14:00:00+02:00,bus085,0.0
2030,sc01,04-29 14:00:00+02:00,bus101,0.0
2030,sc01,04-29 14:00:00+02:00,bus018,0.0
2030,sc01,04-29 14:00:00+02:00,bus023,0.0
2030,sc01,04-29 14:00:00+02:00,bus088,0.0
2030,sc01,04-29 14:00:00+02:00,bus116,0.0
2030,sc01,04-29 14:00:00+02:00,bus103,0.0
2030,sc01,04-29 14:00:00+02:00,bus008,0.0
2030,sc01,04-29 14:00:00+02:00,bus105,0.0
2030,sc01,04-29 14:00:00+02:00,bus060,0.0
2030,sc01,04-29 14:00:00+02:00,bus016,0.0
2030,sc01,04-29 14:00:00+02:00,bus082,0.0
2030,sc01,04-29 14:00:00+02:00,bus047,0.0
2030,sc01,04-29 14:00:00+02:00,bus019,0.0
2030,sc01,04-29 14:00:00+02:00,bus037,0.0
2030,sc01,04-29 14:00:00+02:00,bus006,0.0
2030,sc01,04-29 14:00:00+02:00,bus080,0.0
2030,sc01,04-29 14:00:00+02:00,bus031,0.0
2030,sc01,04-29 14:00:00+02:00,bus048,0.0
2030,sc01,04-29 14:00:00+02:00,bus107,0.0
2030,sc01,04-29 14:00:00+02:00,bus049,0.0
2030,sc01,04-29 14:00:00+02:00,bus104,0.0
2030,sc01,04-29 14:00:00+02:00,bus100,0.0
2030,sc01,04-29 14:00:00+02:00,bus072,0.0
2030,sc01,04-29 14:00:00+02:00,bus039,0.0
2030,sc01,04-29 14:00:00+02:00,bus012,0.0
2030,sc01,04-29 14:00:00+02:00,bus114,0.0
2030,sc01,04-29 14:00:00+02:00,bus112,0.0
2030,sc01,04-29 14:00:00+02:00,bus058,0.0
2030,sc01,04-29 14:00:00+02:00,bus089,0.0
2030,sc01,04-29 14:00:00+02:00,bus051,0.0
2030,sc01,04-29 14:00:00+02:00,bus056,0.0
2030,sc01,04-29 14:00:00+02:00,bus092,0.0
2030,sc01,04-29 14:00:00+02:00,bus036,0.0
2030,sc01,04-29 14:00:00+02:00,bus094,0.0
2030,sc01,04-29 14:00:00+02:00,bus095,0.0
2030,sc01,04-29 14:00:00+02:00,bus113,0.0
2030,sc01,04-29 14:00:00+02:00,bus024,0.0
2030,sc01,04-29 14:00:00+02:00,bus078,0.0
2030,sc01,04-29 14:00:00+02:00,bus033,0.0
2030,sc01,04-29 14:00:00+02:00,bus079,0.0
2030,sc01,04-29 14:00:00+02:00,bus061,0.0
2030,sc01,04-29 14:00:00+02:00,bus118,0.0
2030,sc01,04-29 14:00:00+02:00,bus003,0.0
2030,sc01,04-29 14:00:00+02:00,bus070,0.0
2030,sc01,04-29 14:00:00+02:00,bus004,0.0
2030,sc01,04-29 14:00:00+02:00,bus021,0.0
2030,sc01,04-29 14:00:00+02:00,bus068,0.0
2030,sc01,04-29 14:00:00+02:00,bus028,0.0
2030,sc01,04-29 14:00:00+02:00,bus034,0.0
2030,sc01,04-29 14:00:00+02:00,bus075,0.0
2030,sc01,04-29 14:00:00+02:00,bus064,0.0
2030,sc01,04-29 14:00:00+02:00,bus106,0.0
2030,sc01,04-29 14:00:00+02:00,bus076,0.0
2030,sc01,04-29 14:00:00+02:00,bus046,0.0
2030,sc01,04-29 14:00:00+02:00,bus007,0.0
2030,sc01,04-29 14:00:00+02:00,bus035,0.0
2030,sc01,04-29 14:00:00+02:00,bus117,0.0
2030,sc01,04-29 14:00:00+02:00,bus041,0.0
2030,sc01,04-29 14:00:00+02:00,bus102,0.0
2030,sc01,04-29 14:00:00+02:00,bus026,0.0
2030,sc01,04-29 14:00:00+02:00,bus077,0.0
2030,sc01,04-29 14:00:00+02:00,bus044,0.0
2030,sc01,04-29 14:00:00+02:00,bus091,0.0
2030,sc01,04-29 14:00:00+02:00,bus062,0.0
2030,sc01,05-01 01:00:00+02:00,bus093,0.0
2030,sc01,05-01 01:00:00+02:00,bus097,0.0
2030,sc01,05-01 01:00:00+02:00,bus110,0.0
2030,sc01,05-01 01:00:00+02:00,bus042,0.0
2030,sc01,05-01 01:00:00+02:00,bus066,0.0
2030,sc01,05-01 01:00:00+02:00,bus059,0.0
2030,sc01,05-01 01:00:00+02:00,bus057,0.0
2030,sc01,05-01 01:00:00+02:00,bus067,0.0
2030,sc01,05-01 01:00:00+02:00,bus069,0.0
2030,sc01,05-01 01:00:00+02:00,bus014,0.0
2030,sc01,05-01 01:00:00+02:00,bus090,0.0
2030,sc01,05-01 01:00:00+02:00,bus002,0.0
2030,sc01,05-01 01:00:00+02:00,bus005,0.0
2030,sc01,05-01 01:00:00+02:00,bus109,0.0
2030,sc01,05-01 01:00:00+02:00,bus020,0.0
2030,sc01,05-01 01:00:00+02:00,bus065,0.0
2030,sc01,05-01 01:00:00+02:00,bus001,0.0
2030,sc01,05-01 01:00:00+02:00,bus017,0.0
2030,sc01,05-01 01:00:00+02:00,bus015,0.0
2030,sc01,05-01 01:00:00+02:00,bus054,0.0
2030,sc01,05-01 01:00:00+02:00,bus086,0.0
2030,sc01,05-01 01:00:00+02:00,bus032,0.0
2030,sc01,05-01 01:00:00+02:00,bus038,0.0
2030,sc01,05-01 01:00:00+02:00,bus108,0.0
2030,sc01,05-01 01:00:00+02:00,bus087,0.0
2030,sc01,05-01 01:00:00+02:00,bus027,0.0
2030,sc01,05-01 01:00:00+02:00,bus111,0.0
2030,sc01,05-01 01:00:00+02:00,bus025,0.0
2030,sc01,05-01 01:00:00+02:00,bus029,0.0
2030,sc01,05-01 01:00:00+02:00,bus009,0.0
2030,sc01,05-01 01:00:00+02:00,bus043,0.0
2030,sc01,05-01 01:00:00+02:00,bus045,0.0
2030,sc01,05-01 01:00:00+02:00,bus084,0.0
2030,sc01,05-01 01:00:00+02:00,bus013,0.0
2030,sc01,05-01 01:00:00+02:00,bus063,0.0
2030,sc01,05-01 01:00:00+02:00,bus115,0.0
2030,sc01,05-01 01:00:00+02:00,bus010,0.0
2030,sc01,05-01 01:00:00+02:00,bus073,0.0
2030,sc01,05-01 01:00:00+02:00,bus052,0.0
2030,sc01,05-01 01:00:00+02:00,bus096,0.0
2030,sc01,05-01 01:00:00+02:00,bus050,0.0
2030,sc01,05-01 01:00:00+02:00,bus011,0.0
2030,sc01,05-01 01:00:00+02:00,bus055,0.0
2030,sc01,05-01 01:00:00+02:00,bus083,0.0
2030,sc01,05-01 01:00:00+02:00,bus081,0.0
2030,sc01,05-01 01:00:00+02:00,bus022,0.0
2030,sc01,05-01 01:00:00+02:00,bus071,0.0
2030,sc01,05-01 01:00:00+02:00,bus074,0.0
2030,sc01,05-01 01:00:00+02:00,bus040,0.0
2030,sc01,05-01 01:00:00+02:00,bus099,0.0
2030,sc01,05-01 01:00:00+02:00,bus030,0.0
2030,sc01,05-01 01:00:00+02:00,bus098,0.0
2030,sc01,05-01 01:00:00+02:00,bus053,0.0
2030,sc01,05-01 01:00:00+02:00,bus085,0.0
2030,sc01,05-01 01:00:00+02:00,bus101,0.0
2030,sc01,05-01 01:00:00+02:00,bus018,0.0
2030,sc01,05-01 01:00:00+02:00,bus023,0.0
2030,sc01,05-01 01:00:00+02:00,bus088,0.0
2030,sc01,05-01 01:00:00+02:00,bus116,0.0
2030,sc01,05-01 01:00:00+02:00,bus103,0.0
2030,sc01,05-01 01:00:00+02:00,bus008,0.0
2030,sc01,05-01 01:00:00+02:00,bus105,0.0
2030,sc01,05-01 01:00:00+02:00,bus060,0.0
2030,sc01,05-01 01:00:00+02:00,bus016,0.0
2030,sc01,05-01 01:00:00+02:00,bus082,0.0
2030,sc01,05-01 01:00:00+02:00,bus047,0.0
2030,sc01,05-01 01:00:00+02:00,bus019,0.0
2030,sc01,05-01 01:00:00+02:00,bus037,0.0
2030,sc01,05-01 01:00:00+02:00,bus006,0.0
2030,sc01,05-01 01:00:00+02:00,bus080,0.0
2030,sc01,05-01 01:00:00+02:00,bus031,0.0
2030,sc01,05-01 01:00:00+02:00,bus048,0.0
2030,sc01,05-01 01:00:00+02:00,bus107,0.0
2030,sc01,05-01 01:00:00+02:00,bus049,0.0
2030,sc01,05-01 01:00:00+02:00,bus104,0.0
2030,sc01,05-01 01:00:00+02:00,bus100,0.0
2030,sc01,05-01 01:00:00+02:00,bus072,0.0
2030,sc01,05-01 01:00:00+02:00,bus039,0.0
2030,sc01,05-01 01:00:00+02:00,bus012,0.0
2030,sc01,05-01 01:00:00+02:00,bus114,0.0
2030,sc01,05-01 01:00:00+02:00,bus112,0.0
2030,sc01,05-01 01:00:00+02:00,bus058,0.0
2030,sc01,05-01 01:00:00+02:00,bus089,0.0
2030,sc01,05-01 01:00:00+02:00,bus051,0.0
2030,sc01,05-01 01:00:00+02:00,bus056,0.0
2030,sc01,05-01 01:00:00+02:00,bus092,0.0
2030,sc01,05-01 01:00:00+02:00,bus036,0.0
2030,sc01,05-01 01:00:00+02:00,bus094,0.0
2030,sc01,05-01 01:00:00+02:00,bus095,0.0
2030,sc01,05-01 01:00:00+02:00,bus113,0.0
2030,sc01,05-01 01:00:00+02:00,bus024,0.0
2030,sc01,05-01 01:00:00+02:00,bus078,0.0
2030,sc01,05-01 01:00:00+02:00,bus033,0.0
2030,sc01,05-01 01:00:00+02:00,bus079,0.0
2030,sc01,05-01 01:00:00+02:00,bus061,0.0
2030,sc01,05-01 01:00:00+02:00,bus118,0.0
2030,sc01,05-01 01:00:00+02:00,bus003,0.0
2030,sc01,05-01 01:00:00+02:00,bus070,0.0
2030,sc01,05-01 01:00:00+02:00,bus004,0.0
2030,sc01,05-01 01:00:00+02:00,bus021,0.0
2030,sc01,05-01 01:00:00+02:00,bus068,0.0
2030,sc01,05-01 01:00:00+02:00,bus028,0.0
2030,sc01,05-01 01:00:00+02:00,bus034,0.0
2030,sc01,05-01 01:00:00+02:00,bus075,0.0
2030,sc01,05-01 01:00:00+02:00,bus064,0.0
2030,sc01,05-01 01:00:00+02:00,bus106,0.0
2030,sc01,05-01 01:00:00+02:00,bus076,0.0
2030,sc01,05-01 01:00:00+02:00,bus046,0.0
2030,sc01,05-01 01:00:00+02:00,bus007,0.0
2030,sc01,05-01 01:00:00+02:00,bus035,0.0
2030,sc01,05-01 01:00:00+02:00,bus117,0.0
2030,sc01,05-01 01:00:00+02:00,bus041,0.0
2030,sc01,05-01 01:00:00+02:00,bus102,0.0
2030,sc01,05-01 01:00:00+02:00,bus026,0.0
2030,sc01,05-01 01:00:00+02:00,bus077,0.0
2030,sc01,05-01 01:00:00+02:00,bus044,0.0
2030,sc01,05-01 01:00:00+02:00,bus091,0.0
2030,sc01,05-01 01:00:00+02:00,bus062,0.0
2030,sc01,05-02 16:00:00+02:00,bus093,0.0
2030,sc01,05-02 16:00:00+02:00,bus097,0.0
2030,sc01,05-02 16:00:00+02:00,bus110,0.0
2030,sc01,05-02 16:00:00+02:00,bus042,0.0
2030,sc01,05-02 16:00:00+02:00,bus066,0.0
2030,sc01,05-02 16:00:00+02:00,bus059,0.0
2030,sc01,05-02 16:00:00+02:00,bus057,0.0
2030,sc01,05-02 16:00:00+02:00,bus067,0.0
2030,sc01,05-02 16:00:00+02:00,bus069,0.0
2030,sc01,05-02 16:00:00+02:00,bus014,0.0
2030,sc01,05-02 16:00:00+02:00,bus090,0.0
2030,sc01,05-02 16:00:00+02:00,bus002,0.0
2030,sc01,05-02 16:00:00+02:00,bus005,0.0
2030,sc01,05-02 16:00:00+02:00,bus109,0.0
2030,sc01,05-02 16:00:00+02:00,bus020,0.0
2030,sc01,05-02 16:00:00+02:00,bus065,0.0
2030,sc01,05-02 16:00:00+02:00,bus001,0.0
2030,sc01,05-02 16:00:00+02:00,bus017,0.0
2030,sc01,05-02 16:00:00+02:00,bus015,0.0
2030,sc01,05-02 16:00:00+02:00,bus054,0.0
2030,sc01,05-02 16:00:00+02:00,bus086,0.0
2030,sc01,05-02 16:00:00+02:00,bus032,0.0
2030,sc01,05-02 16:00:00+02:00,bus038,0.0
2030,sc01,05-02 16:00:00+02:00,bus108,0.0
2030,sc01,05-02 16:00:00+02:00,bus087,0.0
2030,sc01,05-02 16:00:00+02:00,bus027,0.0
2030,sc01,05-02 16:00:00+02:00,bus111,0.0
2030,sc01,05-02 16:00:00+02:00,bus025,0.0
2030,sc01,05-02 16:00:00+02:00,bus029,0.0
2030,sc01,05-02 16:00:00+02:00,bus009,0.0
2030,sc01,05-02 16:00:00+02:00,bus043,0.0
2030,sc01,05-02 16:00:00+02:00,bus045,0.0
2030,sc01,05-02 16:00:00+02:00,bus084,0.0
2030,sc01,05-02 16:00:00+02:00,bus013,0.0
2030,sc01,05-02 16:00:00+02:00,bus063,0.0
2030,sc01,05-02 16:00:00+02:00,bus115,0.0
2030,sc01,05-02 16:00:00+02:00,bus010,0.0
2030,sc01,05-02 16:00:00+02:00,bus073,0.0
2030,sc01,05-02 16:00:00+02:00,bus052,0.0
2030,sc01,05-02 16:00:00+02:00,bus096,0.0
2030,sc01,05-02 16:00:00+02:00,bus050,0.0
2030,sc01,05-02 16:00:00+02:00,bus011,0.0
2030,sc01,05-02 16:00:00+02:00,bus055,0.0
2030,sc01,05-02 16:00:00+02:00,bus083,0.0
2030,sc01,05-02 16:00:00+02:00,bus081,0.0
2030,sc01,05-02 16:00:00+02:00,bus022,0.0
2030,sc01,05-02 16:00:00+02:00,bus071,0.0
2030,sc01,05-02 16:00:00+02:00,bus074,0.0
2030,sc01,05-02 16:00:00+02:00,bus040,0.0
2030,sc01,05-02 16:00:00+02:00,bus099,0.0
2030,sc01,05-02 16:00:00+02:00,bus030,0.0
2030,sc01,05-02 16:00:00+02:00,bus098,0.0
2030,sc01,05-02 16:00:00+02:00,bus053,0.0
2030,sc01,05-02 16:00:00+02:00,bus085,0.0
2030,sc01,05-02 16:00:00+02:00,bus101,0.0
2030,sc01,05-02 16:00:00+02:00,bus018,0.0
2030,sc01,05-02 16:00:00+02:00,bus023,0.0
2030,sc01,05-02 16:00:00+02:00,bus088,0.0
2030,sc01,05-02 16:00:00+02:00,bus116,0.0
2030,sc01,05-02 16:00:00+02:00,bus103,0.0
2030,sc01,05-02 16:00:00+02:00,bus008,0.0
2030,sc01,05-02 16:00:00+02:00,bus105,0.0
2030,sc01,05-02 16:00:00+02:00,bus060,0.0
2030,sc01,05-02 16:00:00+02:00,bus016,0.0
2030,sc01,05-02 16:00:00+02:00,bus082,0.0
2030,sc01,05-02 16:00:00+02:00,bus047,0.0
2030,sc01,05-02 16:00:00+02:00,bus019,0.0
2030,sc01,05-02 16:00:00+02:00,bus037,0.0
2030,sc01,05-02 16:00:00+02:00,bus006,0.0
2030,sc01,05-02 16:00:00+02:00,bus080,0.0
2030,sc01,05-02 16:00:00+02:00,bus031,0.0
2030,sc01,05-02 16:00:00+02:00,bus048,0.0
2030,sc01,05-02 16:00:00+02:00,bus107,0.0
2030,sc01,05-02 16:00:00+02:00,bus049,0.0
2030,sc01,05-02 16:00:00+02:00,bus104,0.0
2030,sc01,05-02 16:00:00+02:00,bus100,0.0
2030,sc01,05-02 16:00:00+02:00,bus072,0.0
2030,sc01,05-02 16:00:00+02:00,bus039,0.0
2030,sc01,05-02 16:00:00+02:00,bus012,0.0
2030,sc01,05-02 16:00:00+02:00,bus114,0.0
2030,sc01,05-02 16:00:00+02:00,bus112,0.0
2030,sc01,05-02 16:00:00+02:00,bus058,0.0
2030,sc01,05-02 16:00:00+02:00,bus089,0.0
2030,sc01,05-02 16:00:00+02:00,bus051,0.0
2030,sc01,05-02 16:00:00+02:00,bus056,0.0
2030,sc01,05-02 16:00:00+02:00,bus092,0.0
2030,sc01,05-02 16:00:00+02:00,bus036,0.0
2030,sc01,05-02 16:00:00+02:00,bus094,0.0
2030,sc01,05-02 16:00:00+02:00,bus095,0.0
2030,sc01,05-02 16:00:00+02:00,bus113,0.0
2030,sc01,05-02 16:00:00+02:00,bus024,0.0
2030,sc01,05-02 16:00:00+02:00,bus078,0.0
2030,sc01,05-02 16:00:00+02:00,bus033,0.0
2030,sc01,05-02 16:00:00+02:00,bus079,0.0
2030,sc01,05-02 16:00:00+02:00,bus061,0.0
2030,sc01,05-02 16:00:00+02:00,bus118,0.0
2030,sc01,05-02 16:00:00+02:00,bus003,0.0
2030,sc01,05-02 16:00:00+02:00,bus070,0.0
2030,sc01,05-02 16:00:00+02:00,bus004,0.0
2030,sc01,05-02 16:00:00+02:00,bus021,0.0
2030,sc01,05-02 16:00:00+02:00,bus068,0.0
2030,sc01,05-02 16:00:00+02:00,bus028,0.0
2030,sc01,05-02 16:00:00+02:00,bus034,0.0
2030,sc01,05-02 16:00:00+02:00,bus075,0.0
2030,sc01,05-02 16:00:00+02:00,bus064,0.0
2030,sc01,05-02 16:00:00+02:00,bus106,0.0
2030,sc01,05-02 16:00:00+02:00,bus076,0.0
2030,sc01,05-02 16:00:00+02:00,bus046,0.0
2030,sc01,05-02 16:00:00+02:00,bus007,0.0
2030,sc01,05-02 16:00:00+02:00,bus035,0.0
2030,sc01,05-02 16:00:00+02:00,bus117,0.0
2030,sc01,05-02 16:00:00+02:00,bus041,0.0
2030,sc01,05-02 16:00:00+02:00,bus102,0.0
2030,sc01,05-02 16:00:00+02:00,bus026,0.0
2030,sc01,05-02 16:00:00+02:00,bus077,0.0
2030,sc01,05-02 16:00:00+02:00,bus044,0.0
2030,sc01,05-02 16:00:00+02:00,bus091,0.0
2030,sc01,05-02 16:00:00+02:00,bus062,0.0
2030,sc01,05-04 19:00:00+02:00,bus093,0.0
2030,sc01,05-04 19:00:00+02:00,bus097,0.0
2030,sc01,05-04 19:00:00+02:00,bus110,0.0
2030,sc01,05-04 19:00:00+02:00,bus042,0.0
2030,sc01,05-04 19:00:00+02:00,bus066,0.0
2030,sc01,05-04 19:00:00+02:00,bus059,0.0
2030,sc01,05-04 19:00:00+02:00,bus057,0.0
2030,sc01,05-04 19:00:00+02:00,bus067,0.0
2030,sc01,05-04 19:00:00+02:00,bus069,0.0
2030,sc01,05-04 19:00:00+02:00,bus014,0.0
2030,sc01,05-04 19:00:00+02:00,bus090,0.0
2030,sc01,05-04 19:00:00+02:00,bus002,0.0
2030,sc01,05-04 19:00:00+02:00,bus005,0.0
2030,sc01,05-04 19:00:00+02:00,bus109,0.0
2030,sc01,05-04 19:00:00+02:00,bus020,0.0
2030,sc01,05-04 19:00:00+02:00,bus065,0.0
2030,sc01,05-04 19:00:00+02:00,bus001,0.0
2030,sc01,05-04 19:00:00+02:00,bus017,0.0
2030,sc01,05-04 19:00:00+02:00,bus015,0.0
2030,sc01,05-04 19:00:00+02:00,bus054,0.0
2030,sc01,05-04 19:00:00+02:00,bus086,0.0
2030,sc01,05-04 19:00:00+02:00,bus032,0.0
2030,sc01,05-04 19:00:00+02:00,bus038,0.0
2030,sc01,05-04 19:00:00+02:00,bus108,0.0
2030,sc01,05-04 19:00:00+02:00,bus087,0.0
2030,sc01,05-04 19:00:00+02:00,bus027,0.0
2030,sc01,05-04 19:00:00+02:00,bus111,0.0
2030,sc01,05-04 19:00:00+02:00,bus025,0.0
2030,sc01,05-04 19:00:00+02:00,bus029,0.0
2030,sc01,05-04 19:00:00+02:00,bus009,0.0
2030,sc01,05-04 19:00:00+02:00,bus043,0.0
2030,sc01,05-04 19:00:00+02:00,bus045,0.0
2030,sc01,05-04 19:00:00+02:00,bus084,0.0
2030,sc01,05-04 19:00:00+02:00,bus013,0.0
2030,sc01,05-04 19:00:00+02:00,bus063,0.0
2030,sc01,05-04 19:00:00+02:00,bus115,0.0
2030,sc01,05-04 19:00:00+02:00,bus010,0.0
2030,sc01,05-04 19:00:00+02:00,bus073,0.0
2030,sc01,05-04 19:00:00+02:00,bus052,0.0
2030,sc01,05-04 19:00:00+02:00,bus096,0.0
2030,sc01,05-04 19:00:00+02:00,bus050,0.0
2030,sc01,05-04 19:00:00+02:00,bus011,0.0
2030,sc01,05-04 19:00:00+02:00,bus055,0.0
2030,sc01,05-04 19:00:00+02:00,bus083,0.0
2030,sc01,05-04 19:00:00+02:00,bus081,0.0
2030,sc01,05-04 19:00:00+02:00,bus022,0.0
2030,sc01,05-04 19:00:00+02:00,bus071,0.0
2030,sc01,05-04 19:00:00+02:00,bus074,0.0
2030,sc01,05-04 19:00:00+02:00,bus040,0.0
2030,sc01,05-04 19:00:00+02:00,bus099,0.0
2030,sc01,05-04 19:00:00+02:00,bus030,0.0
2030,sc01,05-04 19:00:00+02:00,bus098,0.0
2030,sc01,05-04 19:00:00+02:00,bus053,0.0
2030,sc01,05-04 19:00:00+02:00,bus085,0.0
2030,sc01,05-04 19:00:00+02:00,bus101,0.0
2030,sc01,05-04 19:00:00+02:00,bus018,0.0
2030,sc01,05-04 19:00:00+02:00,bus023,0.0
2030,sc01,05-04 19:00:00+02:00,bus088,0.0
2030,sc01,05-04 19:00:00+02:00,bus116,0.0
2030,sc01,05-04 19:00:00+02:00,bus103,0.0
2030,sc01,05-04 19:00:00+02:00,bus008,0.0
2030,sc01,05-04 19:00:00+02:00,bus105,0.0
2030,sc01,05-04 19:00:00+02:00,bus060,0.0
2030,sc01,05-04 19:00:00+02:00,bus016,0.0
2030,sc01,05-04 19:00:00+02:00,bus082,0.0
2030,sc01,05-04 19:00:00+02:00,bus047,0.0
2030,sc01,05-04 19:00:00+02:00,bus019,0.0
2030,sc01,05-04 19:00:00+02:00,bus037,0.0
2030,sc01,05-04 19:00:00+02:00,bus006,0.0
2030,sc01,05-04 19:00:00+02:00,bus080,0.0
2030,sc01,05-04 19:00:00+02:00,bus031,0.0
2030,sc01,05-04 19:00:00+02:00,bus048,0.0
2030,sc01,05-04 19:00:00+02:00,bus107,0.0
2030,sc01,05-04 19:00:00+02:00,bus049,0.0
2030,sc01,05-04 19:00:00+02:00,bus104,0.0
2030,sc01,05-04 19:00:00+02:00,bus100,0.0
2030,sc01,05-04 19:00:00+02:00,bus072,0.0
2030,sc01,05-04 19:00:00+02:00,bus039,0.0
2030,sc01,05-04 19:00:00+02:00,bus012,0.0
2030,sc01,05-04 19:00:00+02:00,bus114,0.0
2030,sc01,05-04 19:00:00+02:00,bus112,0.0
2030,sc01,05-04 19:00:00+02:00,bus058,0.0
2030,sc01,05-04 19:00:00+02:00,bus089,0.0
2030,sc01,05-04 19:00:00+02:00,bus051,0.0
2030,sc01,05-04 19:00:00+02:00,bus056,0.0
2030,sc01,05-04 19:00:00+02:00,bus092,0.0
2030,sc01,05-04 19:00:00+02:00,bus036,0.0
2030,sc01,05-04 19:00:00+02:00,bus094,0.0
2030,sc01,05-04 19:00:00+02:00,bus095,0.0
2030,sc01,05-04 19:00:00+02:00,bus113,0.0
2030,sc01,05-04 19:00:00+02:00,bus024,0.0
2030,sc01,05-04 19:00:00+02:00,bus078,0.0
2030,sc01,05-04 19:00:00+02:00,bus033,0.0
2030,sc01,05-04 19:00:00+02:00,bus079,0.0
2030,sc01,05-04 19:00:00+02:00,bus061,0.0
2030,sc01,05-04 19:00:00+02:00,bus118,0.0
2030,sc01,05-04 19:00:00+02:00,bus003,0.0
2030,sc01,05-04 19:00:00+02:00,bus070,0.0
2030,sc01,05-04 19:00:00+02:00,bus004,0.0
2030,sc01,05-04 19:00:00+02:00,bus021,0.0
2030,sc01,05-04 19:00:00+02:00,bus068,0.0
2030,sc01,05-04 19:00:00+02:00,bus028,0.0
2030,sc01,05-04 19:00:00+02:00,bus034,0.0
2030,sc01,05-04 19:00:00+02:00,bus075,0.0
2030,sc01,05-04 19:00:00+02:00,bus064,0.0
2030,sc01,05-04 19:00:00+02:00,bus106,0.0
2030,sc01,05-04 19:00:00+02:00,bus076,0.0
2030,sc01,05-04 19:00:00+02:00,bus046,0.0
2030,sc01,05-04 19:00:00+02:00,bus007,0.0
2030,sc01,05-04 19:00:00+02:00,bus035,0.0
2030,sc01,05-04 19:00:00+02:00,bus117,0.0
2030,sc01,05-04 19:00:00+02:00,bus041,0.0
2030,sc01,05-04 19:00:00+02:00,bus102,0.0
2030,sc01,05-04 19:00:00+02:00,bus026,0.0
2030,sc01,05-04 19:00:00+02:00,bus077,0.0
2030,sc01,05-04 19:00:00+02:00,bus044,0.0
2030,sc01,05-04 19:00:00+02:00,bus091,0.0
2030,sc01,05-04 19:00:00+02:00,bus062,0.0
2030,sc01,05-06 08:00:00+02:00,bus093,0.0
2030,sc01,05-06 08:00:00+02:00,bus097,0.0
2030,sc01,05-06 08:00:00+02:00,bus110,0.0
2030,sc01,05-06 08:00:00+02:00,bus042,0.0
2030,sc01,05-06 08:00:00+02:00,bus066,0.0
2030,sc01,05-06 08:00:00+02:00,bus059,0.0
2030,sc01,05-06 08:00:00+02:00,bus057,0.0
2030,sc01,05-06 08:00:00+02:00,bus067,0.0
2030,sc01,05-06 08:00:00+02:00,bus069,0.0
2030,sc01,05-06 08:00:00+02:00,bus014,0.0
2030,sc01,05-06 08:00:00+02:00,bus090,0.0
2030,sc01,05-06 08:00:00+02:00,bus002,0.0
2030,sc01,05-06 08:00:00+02:00,bus005,0.0
2030,sc01,05-06 08:00:00+02:00,bus109,0.0
2030,sc01,05-06 08:00:00+02:00,bus020,0.0
2030,sc01,05-06 08:00:00+02:00,bus065,0.0
2030,sc01,05-06 08:00:00+02:00,bus001,0.0
2030,sc01,05-06 08:00:00+02:00,bus017,0.0
2030,sc01,05-06 08:00:00+02:00,bus015,0.0
2030,sc01,05-06 08:00:00+02:00,bus054,0.0
2030,sc01,05-06 08:00:00+02:00,bus086,0.0
2030,sc01,05-06 08:00:00+02:00,bus032,0.0
2030,sc01,05-06 08:00:00+02:00,bus038,0.0
2030,sc01,05-06 08:00:00+02:00,bus108,0.0
2030,sc01,05-06 08:00:00+02:00,bus087,0.0
2030,sc01,05-06 08:00:00+02:00,bus027,0.0
2030,sc01,05-06 08:00:00+02:00,bus111,0.0
2030,sc01,05-06 08:00:00+02:00,bus025,0.0
2030,sc01,05-06 08:00:00+02:00,bus029,0.0
2030,sc01,05-06 08:00:00+02:00,bus009,0.0
2030,sc01,05-06 08:00:00+02:00,bus043,0.0
2030,sc01,05-06 08:00:00+02:00,bus045,0.0
2030,sc01,05-06 08:00:00+02:00,bus084,0.0
2030,sc01,05-06 08:00:00+02:00,bus013,0.0
2030,sc01,05-06 08:00:00+02:00,bus063,0.0
2030,sc01,05-06 08:00:00+02:00,bus115,0.0
2030,sc01,05-06 08:00:00+02:00,bus010,0.0
2030,sc01,05-06 08:00:00+02:00,bus073,0.0
2030,sc01,05-06 08:00:00+02:00,bus052,0.0
2030,sc01,05-06 08:00:00+02:00,bus096,0.0
2030,sc01,05-06 08:00:00+02:00,bus050,0.0
2030,sc01,05-06 08:00:00+02:00,bus011,0.0
2030,sc01,05-06 08:00:00+02:00,bus055,0.0
2030,sc01,05-06 08:00:00+02:00,bus083,0.0
2030,sc01,05-06 08:00:00+02:00,bus081,0.0
2030,sc01,05-06 08:00:00+02:00,bus022,0.0
2030,sc01,05-06 08:00:00+02:00,bus071,0.0
2030,sc01,05-06 08:00:00+02:00,bus074,0.0
2030,sc01,05-06 08:00:00+02:00,bus040,0.0
2030,sc01,05-06 08:00:00+02:00,bus099,0.0
2030,sc01,05-06 08:00:00+02:00,bus030,0.0
2030,sc01,05-06 08:00:00+02:00,bus098,0.0
2030,sc01,05-06 08:00:00+02:00,bus053,0.0
2030,sc01,05-06 08:00:00+02:00,bus085,0.0
2030,sc01,05-06 08:00:00+02:00,bus101,0.0
2030,sc01,05-06 08:00:00+02:00,bus018,0.0
2030,sc01,05-06 08:00:00+02:00,bus023,0.0
2030,sc01,05-06 08:00:00+02:00,bus088,0.0
2030,sc01,05-06 08:00:00+02:00,bus116,0.0
2030,sc01,05-06 08:00:00+02:00,bus103,0.0
2030,sc01,05-06 08:00:00+02:00,bus008,0.0
2030,sc01,05-06 08:00:00+02:00,bus105,0.0
2030,sc01,05-06 08:00:00+02:00,bus060,0.0
2030,sc01,05-06 08:00:00+02:00,bus016,0.0
2030,sc01,05-06 08:00:00+02:00,bus082,0.0
2030,sc01,05-06 08:00:00+02:00,bus047,0.0
2030,sc01,05-06 08:00:00+02:00,bus019,0.0
2030,sc01,05-06 08:00:00+02:00,bus037,0.0
2030,sc01,05-06 08:00:00+02:00,bus006,0.0
2030,sc01,05-06 08:00:00+02:00,bus080,0.0
2030,sc01,05-06 08:00:00+02:00,bus031,0.0
2030,sc01,05-06 08:00:00+02:00,bus048,0.0
2030,sc01,05-06 08:00:00+02:00,bus107,0.0
2030,sc01,05-06 08:00:00+02:00,bus049,0.0
2030,sc01,05-06 08:00:00+02:00,bus104,0.0
2030,sc01,05-06 08:00:00+02:00,bus100,0.0
2030,sc01,05-06 08:00:00+02:00,bus072,0.0
2030,sc01,05-06 08:00:00+02:00,bus039,0.0
2030,sc01,05-06 08:00:00+02:00,bus012,0.0
2030,sc01,05-06 08:00:00+02:00,bus114,0.0
2030,sc01,05-06 08:00:00+02:00,bus112,0.0
2030,sc01,05-06 08:00:00+02:00,bus058,0.0
2030,sc01,05-06 08:00:00+02:00,bus089,0.0
2030,sc01,05-06 08:00:00+02:00,bus051,0.0
2030,sc01,05-06 08:00:00+02:00,bus056,0.0
2030,sc01,05-06 08:00:00+02:00,bus092,0.0
2030,sc01,05-06 08:00:00+02:00,bus036,0.0
2030,sc01,05-06 08:00:00+02:00,bus094,0.0
2030,sc01,05-06 08:00:00+02:00,bus095,0.0
2030,sc01,05-06 08:00:00+02:00,bus113,0.0
2030,sc01,05-06 08:00:00+02:00,bus024,0.0
2030,sc01,05-06 08:00:00+02:00,bus078,0.0
2030,sc01,05-06 08:00:00+02:00,bus033,0.0
2030,sc01,05-06 08:00:00+02:00,bus079,0.0
2030,sc01,05-06 08:00:00+02:00,bus061,0.0
2030,sc01,05-06 08:00:00+02:00,bus118,0.0
2030,sc01,05-06 08:00:00+02:00,bus003,0.0
2030,sc01,05-06 08:00:00+02:00,bus070,0.0
2030,sc01,05-06 08:00:00+02:00,bus004,0.0
2030,sc01,05-06 08:00:00+02:00,bus021,0.0
2030,sc01,05-06 08:00:00+02:00,bus068,0.0
2030,sc01,05-06 08:00:00+02:00,bus028,0.0
2030,sc01,05-06 08:00:00+02:00,bus034,0.0
2030,sc01,05-06 08:00:00+02:00,bus075,0.0
2030,sc01,05-06 08:00:00+02:00,bus064,0.0
2030,sc01,05-06 08:00:00+02:00,bus106,0.0
2030,sc01,05-06 08:00:00+02:00,bus076,0.0
2030,sc01,05-06 08:00:00+02:00,bus046,0.0
2030,sc01,05-06 08:00:00+02:00,bus007,0.0
2030,sc01,05-06 08:00:00+02:00,bus035,0.0
2030,sc01,05-06 08:00:00+02:00,bus117,0.0
2030,sc01,05-06 08:00:00+02:00,bus041,0.0
2030,sc01,05-06 08:00:00+02:00,bus102,0.0
2030,sc01,05-06 08:00:00+02:00,bus026,0.0
2030,sc01,05-06 08:00:00+02:00,bus077,0.0
2030,sc01,05-06 08:00:00+02:00,bus044,0.0
2030,sc01,05-06 08:00:00+02:00,bus091,0.0
2030,sc01,05-06 08:00:00+02:00,bus062,0.0
2030,sc01,05-07 12:00:00+02:00,bus093,0.0
2030,sc01,05-07 12:00:00+02:00,bus097,0.0
2030,sc01,05-07 12:00:00+02:00,bus110,0.0
2030,sc01,05-07 12:00:00+02:00,bus042,0.0
2030,sc01,05-07 12:00:00+02:00,bus066,0.0
2030,sc01,05-07 12:00:00+02:00,bus059,0.0
2030,sc01,05-07 12:00:00+02:00,bus057,0.0
2030,sc01,05-07 12:00:00+02:00,bus067,0.0
2030,sc01,05-07 12:00:00+02:00,bus069,0.0
2030,sc01,05-07 12:00:00+02:00,bus014,0.0
2030,sc01,05-07 12:00:00+02:00,bus090,0.0
2030,sc01,05-07 12:00:00+02:00,bus002,0.0
2030,sc01,05-07 12:00:00+02:00,bus005,0.0
2030,sc01,05-07 12:00:00+02:00,bus109,0.0
2030,sc01,05-07 12:00:00+02:00,bus020,0.0
2030,sc01,05-07 12:00:00+02:00,bus065,0.0
2030,sc01,05-07 12:00:00+02:00,bus001,0.0
2030,sc01,05-07 12:00:00+02:00,bus017,0.0
2030,sc01,05-07 12:00:00+02:00,bus015,0.0
2030,sc01,05-07 12:00:00+02:00,bus054,0.0
2030,sc01,05-07 12:00:00+02:00,bus086,0.0
2030,sc01,05-07 12:00:00+02:00,bus032,0.0
2030,sc01,05-07 12:00:00+02:00,bus038,0.0
2030,sc01,05-07 12:00:00+02:00,bus108,0.0
2030,sc01,05-07 12:00:00+02:00,bus087,0.0
2030,sc01,05-07 12:00:00+02:00,bus027,0.0
2030,sc01,05-07 12:00:00+02:00,bus111,0.0
2030,sc01,05-07 12:00:00+02:00,bus025,0.0
2030,sc01,05-07 12:00:00+02:00,bus029,0.0
2030,sc01,05-07 12:00:00+02:00,bus009,0.0
2030,sc01,05-07 12:00:00+02:00,bus043,0.0
2030,sc01,05-07 12:00:00+02:00,bus045,0.0
2030,sc01,05-07 12:00:00+02:00,bus084,0.0
2030,sc01,05-07 12:00:00+02:00,bus013,0.0
2030,sc01,05-07 12:00:00+02:00,bus063,0.0
2030,sc01,05-07 12:00:00+02:00,bus115,0.0
2030,sc01,05-07 12:00:00+02:00,bus010,0.0
2030,sc01,05-07 12:00:00+02:00,bus073,0.0
2030,sc01,05-07 12:00:00+02:00,bus052,0.0
2030,sc01,05-07 12:00:00+02:00,bus096,0.0
2030,sc01,05-07 12:00:00+02:00,bus050,0.0
2030,sc01,05-07 12:00:00+02:00,bus011,0.0
2030,sc01,05-07 12:00:00+02:00,bus055,0.0
2030,sc01,05-07 12:00:00+02:00,bus083,0.0
2030,sc01,05-07 12:00:00+02:00,bus081,0.0
2030,sc01,05-07 12:00:00+02:00,bus022,0.0
2030,sc01,05-07 12:00:00+02:00,bus071,0.0
2030,sc01,05-07 12:00:00+02:00,bus074,0.0
2030,sc01,05-07 12:00:00+02:00,bus040,0.0
2030,sc01,05-07 12:00:00+02:00,bus099,0.0
2030,sc01,05-07 12:00:00+02:00,bus030,0.0
2030,sc01,05-07 12:00:00+02:00,bus098,0.0
2030,sc01,05-07 12:00:00+02:00,bus053,0.0
2030,sc01,05-07 12:00:00+02:00,bus085,0.0
2030,sc01,05-07 12:00:00+02:00,bus101,0.0
2030,sc01,05-07 12:00:00+02:00,bus018,0.0
2030,sc01,05-07 12:00:00+02:00,bus023,0.0
2030,sc01,05-07 12:00:00+02:00,bus088,0.0
2030,sc01,05-07 12:00:00+02:00,bus116,0.0
2030,sc01,05-07 12:00:00+02:00,bus103,0.0
2030,sc01,05-07 12:00:00+02:00,bus008,0.0
2030,sc01,05-07 12:00:00+02:00,bus105,0.0
2030,sc01,05-07 12:00:00+02:00,bus060,0.0
2030,sc01,05-07 12:00:00+02:00,bus016,0.0
2030,sc01,05-07 12:00:00+02:00,bus082,0.0
2030,sc01,05-07 12:00:00+02:00,bus047,0.0
2030,sc01,05-07 12:00:00+02:00,bus019,0.0
2030,sc01,05-07 12:00:00+02:00,bus037,0.0
2030,sc01,05-07 12:00:00+02:00,bus006,0.0
2030,sc01,05-07 12:00:00+02:00,bus080,0.0
2030,sc01,05-07 12:00:00+02:00,bus031,0.0
2030,sc01,05-07 12:00:00+02:00,bus048,0.0
2030,sc01,05-07 12:00:00+02:00,bus107,0.0
2030,sc01,05-07 12:00:00+02:00,bus049,0.0
2030,sc01,05-07 12:00:00+02:00,bus104,0.0
2030,sc01,05-07 12:00:00+02:00,bus100,0.0
2030,sc01,05-07 12:00:00+02:00,bus072,0.0
2030,sc01,05-07 12:00:00+02:00,bus039,0.0
2030,sc01,05-07 12:00:00+02:00,bus012,0.0
2030,sc01,05-07 12:00:00+02:00,bus114,0.0
2030,sc01,05-07 12:00:00+02:00,bus112,0.0
2030,sc01,05-07 12:00:00+02:00,bus058,0.0
2030,sc01,05-07 12:00:00+02:00,bus089,0.0
2030,sc01,05-07 12:00:00+02:00,bus051,0.0
2030,sc01,05-07 12:00:00+02:00,bus056,0.0
2030,sc01,05-07 12:00:00+02:00,bus092,0.0
2030,sc01,05-07 12:00:00+02:00,bus036,0.0
2030,sc01,05-07 12:00:00+02:00,bus094,0.0
2030,sc01,05-07 12:00:00+02:00,bus095,0.0
2030,sc01,05-07 12:00:00+02:00,bus113,0.0
2030,sc01,05-07 12:00:00+02:00,bus024,0.0
2030,sc01,05-07 12:00:00+02:00,bus078,0.0
2030,sc01,05-07 12:00:00+02:00,bus033,0.0
2030,sc01,05-07 12:00:00+02:00,bus079,0.0
2030,sc01,05-07 12:00:00+02:00,bus061,0.0
2030,sc01,05-07 12:00:00+02:00,bus118,0.0
2030,sc01,05-07 12:00:00+02:00,bus003,0.0
2030,sc01,05-07 12:00:00+02:00,bus070,0.0
2030,sc01,05-07 12:00:00+02:00,bus004,0.0
2030,sc01,05-07 12:00:00+02:00,bus021,0.0
2030,sc01,05-07 12:00:00+02:00,bus068,0.0
2030,sc01,05-07 12:00:00+02:00,bus028,0.0
2030,sc01,05-07 12:00:00+02:00,bus034,0.0
2030,sc01,05-07 12:00:00+02:00,bus075,0.0
2030,sc01,05-07 12:00:00+02:00,bus064,0.0
2030,sc01,05-07 12:00:00+02:00,bus106,0.0
2030,sc01,05-07 12:00:00+02:00,bus076,0.0
2030,sc01,05-07 12:00:00+02:00,bus046,0.0
2030,sc01,05-07 12:00:00+02:00,bus007,0.0
2030,sc01,05-07 12:00:00+02:00,bus035,0.0
2030,sc01,05-07 12:00:00+02:00,bus117,0.0
2030,sc01,05-07 12:00:00+02:00,bus041,0.0
2030,sc01,05-07 12:00:00+02:00,bus102,0.0
2030,sc01,05-07 12:00:00+02:00,bus026,0.0
2030,sc01,05-07 12:00:00+02:00,bus077,0.0
2030,sc01,05-07 12:00:00+02:00,bus044,0.0
2030,sc01,05-07 12:00:00+02:00,bus091,0.0
2030,sc01,05-07 12:00:00+02:00,bus062,0.0
2030,sc01,05-08 19:00:00+02:00,bus093,0.0
2030,sc01,05-08 19:00:00+02:00,bus097,0.0
2030,sc01,05-08 19:00:00+02:00,bus110,0.0
2030,sc01,05-08 19:00:00+02:00,bus042,0.0
2030,sc01,05-08 19:00:00+02:00,bus066,0.0
2030,sc01,05-08 19:00:00+02:00,bus059,0.0
2030,sc01,05-08 19:00:00+02:00,bus057,0.0
2030,sc01,05-08 19:00:00+02:00,bus067,0.0
2030,sc01,05-08 19:00:00+02:00,bus069,0.0
2030,sc01,05-08 19:00:00+02:00,bus014,0.0
2030,sc01,05-08 19:00:00+02:00,bus090,0.0
2030,sc01,05-08 19:00:00+02:00,bus002,0.0
2030,sc01,05-08 19:00:00+02:00,bus005,0.0
2030,sc01,05-08 19:00:00+02:00,bus109,0.0
2030,sc01,05-08 19:00:00+02:00,bus020,0.0
2030,sc01,05-08 19:00:00+02:00,bus065,0.0
2030,sc01,05-08 19:00:00+02:00,bus001,0.0
2030,sc01,05-08 19:00:00+02:00,bus017,0.0
2030,sc01,05-08 19:00:00+02:00,bus015,0.0
2030,sc01,05-08 19:00:00+02:00,bus054,0.0
2030,sc01,05-08 19:00:00+02:00,bus086,0.0
2030,sc01,05-08 19:00:00+02:00,bus032,0.0
2030,sc01,05-08 19:00:00+02:00,bus038,0.0
2030,sc01,05-08 19:00:00+02:00,bus108,0.0
2030,sc01,05-08 19:00:00+02:00,bus087,0.0
2030,sc01,05-08 19:00:00+02:00,bus027,0.0
2030,sc01,05-08 19:00:00+02:00,bus111,0.0
2030,sc01,05-08 19:00:00+02:00,bus025,0.0
2030,sc01,05-08 19:00:00+02:00,bus029,0.0
2030,sc01,05-08 19:00:00+02:00,bus009,0.0
2030,sc01,05-08 19:00:00+02:00,bus043,0.0
2030,sc01,05-08 19:00:00+02:00,bus045,0.0
2030,sc01,05-08 19:00:00+02:00,bus084,0.0
2030,sc01,05-08 19:00:00+02:00,bus013,0.0
2030,sc01,05-08 19:00:00+02:00,bus063,0.0
2030,sc01,05-08 19:00:00+02:00,bus115,0.0
2030,sc01,05-08 19:00:00+02:00,bus010,0.0
2030,sc01,05-08 19:00:00+02:00,bus073,0.0
2030,sc01,05-08 19:00:00+02:00,bus052,0.0
2030,sc01,05-08 19:00:00+02:00,bus096,0.0
2030,sc01,05-08 19:00:00+02:00,bus050,0.0
2030,sc01,05-08 19:00:00+02:00,bus011,0.0
2030,sc01,05-08 19:00:00+02:00,bus055,0.0
2030,sc01,05-08 19:00:00+02:00,bus083,0.0
2030,sc01,05-08 19:00:00+02:00,bus081,0.0
2030,sc01,05-08 19:00:00+02:00,bus022,0.0
2030,sc01,05-08 19:00:00+02:00,bus071,0.0
2030,sc01,05-08 19:00:00+02:00,bus074,0.0
2030,sc01,05-08 19:00:00+02:00,bus040,0.0
2030,sc01,05-08 19:00:00+02:00,bus099,0.0
2030,sc01,05-08 19:00:00+02:00,bus030,0.0
2030,sc01,05-08 19:00:00+02:00,bus098,0.0
2030,sc01,05-08 19:00:00+02:00,bus053,0.0
2030,sc01,05-08 19:00:00+02:00,bus085,0.0
2030,sc01,05-08 19:00:00+02:00,bus101,0.0
2030,sc01,05-08 19:00:00+02:00,bus018,0.0
2030,sc01,05-08 19:00:00+02:00,bus023,0.0
2030,sc01,05-08 19:00:00+02:00,bus088,0.0
2030,sc01,05-08 19:00:00+02:00,bus116,0.0
2030,sc01,05-08 19:00:00+02:00,bus103,0.0
2030,sc01,05-08 19:00:00+02:00,bus008,0.0
2030,sc01,05-08 19:00:00+02:00,bus105,0.0
2030,sc01,05-08 19:00:00+02:00,bus060,0.0
2030,sc01,05-08 19:00:00+02:00,bus016,0.0
2030,sc01,05-08 19:00:00+02:00,bus082,0.0
2030,sc01,05-08 19:00:00+02:00,bus047,0.0
2030,sc01,05-08 19:00:00+02:00,bus019,0.0
2030,sc01,05-08 19:00:00+02:00,bus037,0.0
2030,sc01,05-08 19:00:00+02:00,bus006,0.0
2030,sc01,05-08 19:00:00+02:00,bus080,0.0
2030,sc01,05-08 19:00:00+02:00,bus031,0.0
2030,sc01,05-08 19:00:00+02:00,bus048,0.0
2030,sc01,05-08 19:00:00+02:00,bus107,0.0
2030,sc01,05-08 19:00:00+02:00,bus049,0.0
2030,sc01,05-08 19:00:00+02:00,bus104,0.0
2030,sc01,05-08 19:00:00+02:00,bus100,0.0
2030,sc01,05-08 19:00:00+02:00,bus072,0.0
2030,sc01,05-08 19:00:00+02:00,bus039,0.0
2030,sc01,05-08 19:00:00+02:00,bus012,0.0
2030,sc01,05-08 19:00:00+02:00,bus114,0.0
2030,sc01,05-08 19:00:00+02:00,bus112,0.0
2030,sc01,05-08 19:00:00+02:00,bus058,0.0
2030,sc01,05-08 19:00:00+02:00,bus089,0.0
2030,sc01,05-08 19:00:00+02:00,bus051,0.0
2030,sc01,05-08 19:00:00+02:00,bus056,0.0
2030,sc01,05-08 19:00:00+02:00,bus092,0.0
2030,sc01,05-08 19:00:00+02:00,bus036,0.0
2030,sc01,05-08 19:00:00+02:00,bus094,0.0
2030,sc01,05-08 19:00:00+02:00,bus095,0.0
2030,sc01,05-08 19:00:00+02:00,bus113,0.0
2030,sc01,05-08 19:00:00+02:00,bus024,0.0
2030,sc01,05-08 19:00:00+02:00,bus078,0.0
2030,sc01,05-08 19:00:00+02:00,bus033,0.0
2030,sc01,05-08 19:00:00+02:00,bus079,0.0
2030,sc01,05-08 19:00:00+02:00,bus061,0.0
2030,sc01,05-08 19:00:00+02:00,bus118,0.0
2030,sc01,05-08 19:00:00+02:00,bus003,0.0
2030,sc01,05-08 19:00:00+02:00,bus070,0.0
2030,sc01,05-08 19:00:00+02:00,bus004,0.0
2030,sc01,05-08 19:00:00+02:00,bus021,0.0
2030,sc01,05-08 19:00:00+02:00,bus068,0.0
2030,sc01,05-08 19:00:00+02:00,bus028,0.0
2030,sc01,05-08 19:00:00+02:00,bus034,0.0
2030,sc01,05-08 19:00:00+02:00,bus075,0.0
2030,sc01,05-08 19:00:00+02:00,bus064,0.0
2030,sc01,05-08 19:00:00+02:00,bus106,0.0
2030,sc01,05-08 19:00:00+02:00,bus076,0.0
2030,sc01,05-08 19:00:00+02:00,bus046,0.0
2030,sc01,05-08 19:00:00+02:00,bus007,0.0
2030,sc01,05-08 19:00:00+02:00,bus035,0.0
2030,sc01,05-08 19:00:00+02:00,bus117,0.0
2030,sc01,05-08 19:00:00+02:00,bus041,0.0
2030,sc01,05-08 19:00:00+02:00,bus102,0.0
2030,sc01,05-08 19:00:00+02:00,bus026,0.0
2030,sc01,05-08 19:00:00+02:00,bus077,0.0
2030,sc01,05-08 19:00:00+02:00,bus044,0.0
2030,sc01,05-08 19:00:00+02:00,bus091,0.0
2030,sc01,05-08 19:00:00+02:00,bus062,0.0
2030,sc01,05-09 19:00:00+02:00,bus093,0.0
2030,sc01,05-09 19:00:00+02:00,bus097,0.0
2030,sc01,05-09 19:00:00+02:00,bus110,0.0
2030,sc01,05-09 19:00:00+02:00,bus042,0.0
2030,sc01,05-09 19:00:00+02:00,bus066,0.0
2030,sc01,05-09 19:00:00+02:00,bus059,0.0
2030,sc01,05-09 19:00:00+02:00,bus057,0.0
2030,sc01,05-09 19:00:00+02:00,bus067,0.0
2030,sc01,05-09 19:00:00+02:00,bus069,0.0
2030,sc01,05-09 19:00:00+02:00,bus014,0.0
2030,sc01,05-09 19:00:00+02:00,bus090,0.0
2030,sc01,05-09 19:00:00+02:00,bus002,0.0
2030,sc01,05-09 19:00:00+02:00,bus005,0.0
2030,sc01,05-09 19:00:00+02:00,bus109,0.0
2030,sc01,05-09 19:00:00+02:00,bus020,0.0
2030,sc01,05-09 19:00:00+02:00,bus065,0.0
2030,sc01,05-09 19:00:00+02:00,bus001,0.0
2030,sc01,05-09 19:00:00+02:00,bus017,0.0
2030,sc01,05-09 19:00:00+02:00,bus015,0.0
2030,sc01,05-09 19:00:00+02:00,bus054,0.0
2030,sc01,05-09 19:00:00+02:00,bus086,0.0
2030,sc01,05-09 19:00:00+02:00,bus032,0.0
2030,sc01,05-09 19:00:00+02:00,bus038,0.0
2030,sc01,05-09 19:00:00+02:00,bus108,0.0
2030,sc01,05-09 19:00:00+02:00,bus087,0.0
2030,sc01,05-09 19:00:00+02:00,bus027,0.0
2030,sc01,05-09 19:00:00+02:00,bus111,0.0
2030,sc01,05-09 19:00:00+02:00,bus025,0.0
2030,sc01,05-09 19:00:00+02:00,bus029,0.0
2030,sc01,05-09 19:00:00+02:00,bus009,0.0
2030,sc01,05-09 19:00:00+02:00,bus043,0.0
2030,sc01,05-09 19:00:00+02:00,bus045,0.0
2030,sc01,05-09 19:00:00+02:00,bus084,0.0
2030,sc01,05-09 19:00:00+02:00,bus013,0.0
2030,sc01,05-09 19:00:00+02:00,bus063,0.0
2030,sc01,05-09 19:00:00+02:00,bus115,0.0
2030,sc01,05-09 19:00:00+02:00,bus010,0.0
2030,sc01,05-09 19:00:00+02:00,bus073,0.0
2030,sc01,05-09 19:00:00+02:00,bus052,0.0
2030,sc01,05-09 19:00:00+02:00,bus096,0.0
2030,sc01,05-09 19:00:00+02:00,bus050,0.0
2030,sc01,05-09 19:00:00+02:00,bus011,0.0
2030,sc01,05-09 19:00:00+02:00,bus055,0.0
2030,sc01,05-09 19:00:00+02:00,bus083,0.0
2030,sc01,05-09 19:00:00+02:00,bus081,0.0
2030,sc01,05-09 19:00:00+02:00,bus022,0.0
2030,sc01,05-09 19:00:00+02:00,bus071,0.0
2030,sc01,05-09 19:00:00+02:00,bus074,0.0
2030,sc01,05-09 19:00:00+02:00,bus040,0.0
2030,sc01,05-09 19:00:00+02:00,bus099,0.0
2030,sc01,05-09 19:00:00+02:00,bus030,0.0
2030,sc01,05-09 19:00:00+02:00,bus098,0.0
2030,sc01,05-09 19:00:00+02:00,bus053,0.0
2030,sc01,05-09 19:00:00+02:00,bus085,0.0
2030,sc01,05-09 19:00:00+02:00,bus101,0.0
2030,sc01,05-09 19:00:00+02:00,bus018,0.0
2030,sc01,05-09 19:00:00+02:00,bus023,0.0
2030,sc01,05-09 19:00:00+02:00,bus088,0.0
2030,sc01,05-09 19:00:00+02:00,bus116,0.0
2030,sc01,05-09 19:00:00+02:00,bus103,0.0
2030,sc01,05-09 19:00:00+02:00,bus008,0.0
2030,sc01,05-09 19:00:00+02:00,bus105,0.0
2030,sc01,05-09 19:00:00+02:00,bus060,0.0
2030,sc01,05-09 19:00:00+02:00,bus016,0.0
2030,sc01,05-09 19:00:00+02:00,bus082,0.0
2030,sc01,05-09 19:00:00+02:00,bus047,0.0
2030,sc01,05-09 19:00:00+02:00,bus019,0.0
2030,sc01,05-09 19:00:00+02:00,bus037,0.0
2030,sc01,05-09 19:00:00+02:00,bus006,0.0
2030,sc01,05-09 19:00:00+02:00,bus080,0.0
2030,sc01,05-09 19:00:00+02:00,bus031,0.0
2030,sc01,05-09 19:00:00+02:00,bus048,0.0
2030,sc01,05-09 19:00:00+02:00,bus107,0.0
2030,sc01,05-09 19:00:00+02:00,bus049,0.0
2030,sc01,05-09 19:00:00+02:00,bus104,0.0
2030,sc01,05-09 19:00:00+02:00,bus100,0.0
2030,sc01,05-09 19:00:00+02:00,bus072,0.0
2030,sc01,05-09 19:00:00+02:00,bus039,0.0
2030,sc01,05-09 19:00:00+02:00,bus012,0.0
2030,sc01,05-09 19:00:00+02:00,bus114,0.0
2030,sc01,05-09 19:00:00+02:00,bus112,0.0
2030,sc01,05-09 19:00:00+02:00,bus058,0.0
2030,sc01,05-09 19:00:00+02:00,bus089,0.0
2030,sc01,05-09 19:00:00+02:00,bus051,0.0
2030,sc01,05-09 19:00:00+02:00,bus056,0.0
2030,sc01,05-09 19:00:00+02:00,bus092,0.0
2030,sc01,05-09 19:00:00+02:00,bus036,0.0
2030,sc01,05-09 19:00:00+02:00,bus094,0.0
2030,sc01,05-09 19:00:00+02:00,bus095,0.0
2030,sc01,05-09 19:00:00+02:00,bus113,0.0
2030,sc01,05-09 19:00:00+02:00,bus024,0.0
2030,sc01,05-09 19:00:00+02:00,bus078,0.0
2030,sc01,05-09 19:00:00+02:00,bus033,0.0
2030,sc01,05-09 19:00:00+02:00,bus079,0.0
2030,sc01,05-09 19:00:00+02:00,bus061,0.0
2030,sc01,05-09 19:00:00+02:00,bus118,0.0
2030,sc01,05-09 19:00:00+02:00,bus003,0.0
2030,sc01,05-09 19:00:00+02:00,bus070,0.0
2030,sc01,05-09 19:00:00+02:00,bus004,0.0
2030,sc01,05-09 19:00:00+02:00,bus021,0.0
2030,sc01,05-09 19:00:00+02:00,bus068,0.0
2030,sc01,05-09 19:00:00+02:00,bus028,0.0
2030,sc01,05-09 19:00:00+02:00,bus034,0.0
2030,sc01,05-09 19:00:00+02:00,bus075,0.0
2030,sc01,05-09 19:00:00+02:00,bus064,0.0
2030,sc01,05-09 19:00:00+02:00,bus106,0.0
2030,sc01,05-09 19:00:00+02:00,bus076,0.0
2030,sc01,05-09 19:00:00+02:00,bus046,0.0
2030,sc01,05-09 19:00:00+02:00,bus007,0.0
2030,sc01,05-09 19:00:00+02:00,bus035,0.0
2030,sc01,05-09 19:00:00+02:00,bus117,0.0
2030,sc01,05-09 19:00:00+02:00,bus041,0.0
2030,sc01,05-09 19:00:00+02:00,bus102,0.0
2030,sc01,05-09 19:00:00+02:00,bus026,0.0
2030,sc01,05-09 19:00:00+02:00,bus077,0.0
2030,sc01,05-09 19:00:00+02:00,bus044,0.0
2030,sc01,05-09 19:00:00+02:00,bus091,0.0
2030,sc01,05-09 19:00:00+02:00,bus062,0.0
2030,sc01,05-10 13:00:00+02:00,bus093,0.0
2030,sc01,05-10 13:00:00+02:00,bus097,0.0
2030,sc01,05-10 13:00:00+02:00,bus110,0.0
2030,sc01,05-10 13:00:00+02:00,bus042,0.0
2030,sc01,05-10 13:00:00+02:00,bus066,0.0
2030,sc01,05-10 13:00:00+02:00,bus059,0.0
2030,sc01,05-10 13:00:00+02:00,bus057,0.0
2030,sc01,05-10 13:00:00+02:00,bus067,0.0
2030,sc01,05-10 13:00:00+02:00,bus069,0.0
2030,sc01,05-10 13:00:00+02:00,bus014,0.0
2030,sc01,05-10 13:00:00+02:00,bus090,0.0
2030,sc01,05-10 13:00:00+02:00,bus002,0.0
2030,sc01,05-10 13:00:00+02:00,bus005,0.0
2030,sc01,05-10 13:00:00+02:00,bus109,0.0
2030,sc01,05-10 13:00:00+02:00,bus020,0.0
2030,sc01,05-10 13:00:00+02:00,bus065,0.0
2030,sc01,05-10 13:00:00+02:00,bus001,0.0
2030,sc01,05-10 13:00:00+02:00,bus017,0.0
2030,sc01,05-10 13:00:00+02:00,bus015,0.0
2030,sc01,05-10 13:00:00+02:00,bus054,0.0
2030,sc01,05-10 13:00:00+02:00,bus086,0.0
2030,sc01,05-10 13:00:00+02:00,bus032,0.0
2030,sc01,05-10 13:00:00+02:00,bus038,0.0
2030,sc01,05-10 13:00:00+02:00,bus108,0.0
2030,sc01,05-10 13:00:00+02:00,bus087,0.0
2030,sc01,05-10 13:00:00+02:00,bus027,0.0
2030,sc01,05-10 13:00:00+02:00,bus111,0.0
2030,sc01,05-10 13:00:00+02:00,bus025,0.0
2030,sc01,05-10 13:00:00+02:00,bus029,0.0
2030,sc01,05-10 13:00:00+02:00,bus009,0.0
2030,sc01,05-10 13:00:00+02:00,bus043,0.0
2030,sc01,05-10 13:00:00+02:00,bus045,0.0
2030,sc01,05-10 13:00:00+02:00,bus084,0.0
2030,sc01,05-10 13:00:00+02:00,bus013,0.0
2030,sc01,05-10 13:00:00+02:00,bus063,0.0
2030,sc01,05-10 13:00:00+02:00,bus115,0.0
2030,sc01,05-10 13:00:00+02:00,bus010,0.0
2030,sc01,05-10 13:00:00+02:00,bus073,0.0
2030,sc01,05-10 13:00:00+02:00,bus052,0.0
2030,sc01,05-10 13:00:00+02:00,bus096,0.0
2030,sc01,05-10 13:00:00+02:00,bus050,0.0
2030,sc01,05-10 13:00:00+02:00,bus011,0.0
2030,sc01,05-10 13:00:00+02:00,bus055,0.0
2030,sc01,05-10 13:00:00+02:00,bus083,0.0
2030,sc01,05-10 13:00:00+02:00,bus081,0.0
2030,sc01,05-10 13:00:00+02:00,bus022,0.0
2030,sc01,05-10 13:00:00+02:00,bus071,0.0
2030,sc01,05-10 13:00:00+02:00,bus074,0.0
2030,sc01,05-10 13:00:00+02:00,bus040,0.0
2030,sc01,05-10 13:00:00+02:00,bus099,0.0
2030,sc01,05-10 13:00:00+02:00,bus030,0.0
2030,sc01,05-10 13:00:00+02:00,bus098,0.0
2030,sc01,05-10 13:00:00+02:00,bus053,0.0
2030,sc01,05-10 13:00:00+02:00,bus085,0.0
2030,sc01,05-10 13:00:00+02:00,bus101,0.0
2030,sc01,05-10 13:00:00+02:00,bus018,0.0
2030,sc01,05-10 13:00:00+02:00,bus023,0.0
2030,sc01,05-10 13:00:00+02:00,bus088,0.0
2030,sc01,05-10 13:00:00+02:00,bus116,0.0
2030,sc01,05-10 13:00:00+02:00,bus103,0.0
2030,sc01,05-10 13:00:00+02:00,bus008,0.0
2030,sc01,05-10 13:00:00+02:00,bus105,0.0
2030,sc01,05-10 13:00:00+02:00,bus060,0.0
2030,sc01,05-10 13:00:00+02:00,bus016,0.0
2030,sc01,05-10 13:00:00+02:00,bus082,0.0
2030,sc01,05-10 13:00:00+02:00,bus047,0.0
2030,sc01,05-10 13:00:00+02:00,bus019,0.0
2030,sc01,05-10 13:00:00+02:00,bus037,0.0
2030,sc01,05-10 13:00:00+02:00,bus006,0.0
2030,sc01,05-10 13:00:00+02:00,bus080,0.0
2030,sc01,05-10 13:00:00+02:00,bus031,0.0
2030,sc01,05-10 13:00:00+02:00,bus048,0.0
2030,sc01,05-10 13:00:00+02:00,bus107,0.0
2030,sc01,05-10 13:00:00+02:00,bus049,0.0
2030,sc01,05-10 13:00:00+02:00,bus104,0.0
2030,sc01,05-10 13:00:00+02:00,bus100,0.0
2030,sc01,05-10 13:00:00+02:00,bus072,0.0
2030,sc01,05-10 13:00:00+02:00,bus039,0.0
2030,sc01,05-10 13:00:00+02:00,bus012,0.0
2030,sc01,05-10 13:00:00+02:00,bus114,0.0
2030,sc01,05-10 13:00:00+02:00,bus112,0.0
2030,sc01,05-10 13:00:00+02:00,bus058,0.0
2030,sc01,05-10 13:00:00+02:00,bus089,0.0
2030,sc01,05-10 13:00:00+02:00,bus051,0.0
2030,sc01,05-10 13:00:00+02:00,bus056,0.0
2030,sc01,05-10 13:00:00+02:00,bus092,0.0
2030,sc01,05-10 13:00:00+02:00,bus036,0.0
2030,sc01,05-10 13:00:00+02:00,bus094,0.0
2030,sc01,05-10 13:00:00+02:00,bus095,0.0
2030,sc01,05-10 13:00:00+02:00,bus113,0.0
2030,sc01,05-10 13:00:00+02:00,bus024,0.0
2030,sc01,05-10 13:00:00+02:00,bus078,0.0
2030,sc01,05-10 13:00:00+02:00,bus033,0.0
2030,sc01,05-10 13:00:00+02:00,bus079,0.0
2030,sc01,05-10 13:00:00+02:00,bus061,0.0
2030,sc01,05-10 13:00:00+02:00,bus118,0.0
2030,sc01,05-10 13:00:00+02:00,bus003,0.0
2030,sc01,05-10 13:00:00+02:00,bus070,0.0
2030,sc01,05-10 13:00:00+02:00,bus004,0.0
2030,sc01,05-10 13:00:00+02:00,bus021,0.0
2030,sc01,05-10 13:00:00+02:00,bus068,0.0
2030,sc01,05-10 13:00:00+02:00,bus028,0.0
2030,sc01,05-10 13:00:00+02:00,bus034,0.0
2030,sc01,05-10 13:00:00+02:00,bus075,0.0
2030,sc01,05-10 13:00:00+02:00,bus064,0.0
2030,sc01,05-10 13:00:00+02:00,bus106,0.0
2030,sc01,05-10 13:00:00+02:00,bus076,0.0
2030,sc01,05-10 13:00:00+02:00,bus046,0.0
2030,sc01,05-10 13:00:00+02:00,bus007,0.0
2030,sc01,05-10 13:00:00+02:00,bus035,0.0
2030,sc01,05-10 13:00:00+02:00,bus117,0.0
2030,sc01,05-10 13:00:00+02:00,bus041,0.0
2030,sc01,05-10 13:00:00+02:00,bus102,0.0
2030,sc01,05-10 13:00:00+02:00,bus026,0.0
2030,sc01,05-10 13:00:00+02:00,bus077,0.0
2030,sc01,05-10 13:00:00+02:00,bus044,0.0
2030,sc01,05-10 13:00:00+02:00,bus091,0.0
2030,sc01,05-10 13:00:00+02:00,bus062,0.0
2030,sc01,05-11 12:00:00+02:00,bus093,0.0
2030,sc01,05-11 12:00:00+02:00,bus097,0.0
2030,sc01,05-11 12:00:00+02:00,bus110,0.0
2030,sc01,05-11 12:00:00+02:00,bus042,0.0
2030,sc01,05-11 12:00:00+02:00,bus066,0.0
2030,sc01,05-11 12:00:00+02:00,bus059,0.0
2030,sc01,05-11 12:00:00+02:00,bus057,0.0
2030,sc01,05-11 12:00:00+02:00,bus067,0.0
2030,sc01,05-11 12:00:00+02:00,bus069,0.0
2030,sc01,05-11 12:00:00+02:00,bus014,0.0
2030,sc01,05-11 12:00:00+02:00,bus090,0.0
2030,sc01,05-11 12:00:00+02:00,bus002,0.0
2030,sc01,05-11 12:00:00+02:00,bus005,0.0
2030,sc01,05-11 12:00:00+02:00,bus109,0.0
2030,sc01,05-11 12:00:00+02:00,bus020,0.0
2030,sc01,05-11 12:00:00+02:00,bus065,0.0
2030,sc01,05-11 12:00:00+02:00,bus001,0.0
2030,sc01,05-11 12:00:00+02:00,bus017,0.0
2030,sc01,05-11 12:00:00+02:00,bus015,0.0
2030,sc01,05-11 12:00:00+02:00,bus054,0.0
2030,sc01,05-11 12:00:00+02:00,bus086,0.0
2030,sc01,05-11 12:00:00+02:00,bus032,0.0
2030,sc01,05-11 12:00:00+02:00,bus038,0.0
2030,sc01,05-11 12:00:00+02:00,bus108,0.0
2030,sc01,05-11 12:00:00+02:00,bus087,0.0
2030,sc01,05-11 12:00:00+02:00,bus027,0.0
2030,sc01,05-11 12:00:00+02:00,bus111,0.0
2030,sc01,05-11 12:00:00+02:00,bus025,0.0
2030,sc01,05-11 12:00:00+02:00,bus029,0.0
2030,sc01,05-11 12:00:00+02:00,bus009,0.0
2030,sc01,05-11 12:00:00+02:00,bus043,0.0
2030,sc01,05-11 12:00:00+02:00,bus045,0.0
2030,sc01,05-11 12:00:00+02:00,bus084,0.0
2030,sc01,05-11 12:00:00+02:00,bus013,0.0
2030,sc01,05-11 12:00:00+02:00,bus063,0.0
2030,sc01,05-11 12:00:00+02:00,bus115,0.0
2030,sc01,05-11 12:00:00+02:00,bus010,0.0
2030,sc01,05-11 12:00:00+02:00,bus073,0.0
2030,sc01,05-11 12:00:00+02:00,bus052,0.0
2030,sc01,05-11 12:00:00+02:00,bus096,0.0
2030,sc01,05-11 12:00:00+02:00,bus050,0.0
2030,sc01,05-11 12:00:00+02:00,bus011,0.0
2030,sc01,05-11 12:00:00+02:00,bus055,0.0
2030,sc01,05-11 12:00:00+02:00,bus083,0.0
2030,sc01,05-11 12:00:00+02:00,bus081,0.0
2030,sc01,05-11 12:00:00+02:00,bus022,0.0
2030,sc01,05-11 12:00:00+02:00,bus071,0.0
2030,sc01,05-11 12:00:00+02:00,bus074,0.0
2030,sc01,05-11 12:00:00+02:00,bus040,0.0
2030,sc01,05-11 12:00:00+02:00,bus099,0.0
2030,sc01,05-11 12:00:00+02:00,bus030,0.0
2030,sc01,05-11 12:00:00+02:00,bus098,0.0
2030,sc01,05-11 12:00:00+02:00,bus053,0.0
2030,sc01,05-11 12:00:00+02:00,bus085,0.0
2030,sc01,05-11 12:00:00+02:00,bus101,0.0
2030,sc01,05-11 12:00:00+02:00,bus018,0.0
2030,sc01,05-11 12:00:00+02:00,bus023,0.0
2030,sc01,05-11 12:00:00+02:00,bus088,0.0
2030,sc01,05-11 12:00:00+02:00,bus116,0.0
2030,sc01,05-11 12:00:00+02:00,bus103,0.0
2030,sc01,05-11 12:00:00+02:00,bus008,0.0
2030,sc01,05-11 12:00:00+02:00,bus105,0.0
2030,sc01,05-11 12:00:00+02:00,bus060,0.0
2030,sc01,05-11 12:00:00+02:00,bus016,0.0
2030,sc01,05-11 12:00:00+02:00,bus082,0.0
2030,sc01,05-11 12:00:00+02:00,bus047,0.0
2030,sc01,05-11 12:00:00+02:00,bus019,0.0
2030,sc01,05-11 12:00:00+02:00,bus037,0.0
2030,sc01,05-11 12:00:00+02:00,bus006,0.0
2030,sc01,05-11 12:00:00+02:00,bus080,0.0
2030,sc01,05-11 12:00:00+02:00,bus031,0.0
2030,sc01,05-11 12:00:00+02:00,bus048,0.0
2030,sc01,05-11 12:00:00+02:00,bus107,0.0
2030,sc01,05-11 12:00:00+02:00,bus049,0.0
2030,sc01,05-11 12:00:00+02:00,bus104,0.0
2030,sc01,05-11 12:00:00+02:00,bus100,0.0
2030,sc01,05-11 12:00:00+02:00,bus072,0.0
2030,sc01,05-11 12:00:00+02:00,bus039,0.0
2030,sc01,05-11 12:00:00+02:00,bus012,0.0
2030,sc01,05-11 12:00:00+02:00,bus114,0.0
2030,sc01,05-11 12:00:00+02:00,bus112,0.0
2030,sc01,05-11 12:00:00+02:00,bus058,0.0
2030,sc01,05-11 12:00:00+02:00,bus089,0.0
2030,sc01,05-11 12:00:00+02:00,bus051,0.0
2030,sc01,05-11 12:00:00+02:00,bus056,0.0
2030,sc01,05-11 12:00:00+02:00,bus092,0.0
2030,sc01,05-11 12:00:00+02:00,bus036,0.0
2030,sc01,05-11 12:00:00+02:00,bus094,0.0
2030,sc01,05-11 12:00:00+02:00,bus095,0.0
2030,sc01,05-11 12:00:00+02:00,bus113,0.0
2030,sc01,05-11 12:00:00+02:00,bus024,0.0
2030,sc01,05-11 12:00:00+02:00,bus078,0.0
2030,sc01,05-11 12:00:00+02:00,bus033,0.0
2030,sc01,05-11 12:00:00+02:00,bus079,0.0
2030,sc01,05-11 12:00:00+02:00,bus061,0.0
2030,sc01,05-11 12:00:00+02:00,bus118,0.0
2030,sc01,05-11 12:00:00+02:00,bus003,0.0
2030,sc01,05-11 12:00:00+02:00,bus070,0.0
2030,sc01,05-11 12:00:00+02:00,bus004,0.0
2030,sc01,05-11 12:00:00+02:00,bus021,0.0
2030,sc01,05-11 12:00:00+02:00,bus068,0.0
2030,sc01,05-11 12:00:00+02:00,bus028,0.0
2030,sc01,05-11 12:00:00+02:00,bus034,0.0
2030,sc01,05-11 12:00:00+02:00,bus075,0.0
2030,sc01,05-11 12:00:00+02:00,bus064,0.0
2030,sc01,05-11 12:00:00+02:00,bus106,0.0
2030,sc01,05-11 12:00:00+02:00,bus076,0.0
2030,sc01,05-11 12:00:00+02:00,bus046,0.0
2030,sc01,05-11 12:00:00+02:00,bus007,0.0
2030,sc01,05-11 12:00:00+02:00,bus035,0.0
2030,sc01,05-11 12:00:00+02:00,bus117,0.0
2030,sc01,05-11 12:00:00+02:00,bus041,0.0
2030,sc01,05-11 12:00:00+02:00,bus102,0.0
2030,sc01,05-11 12:00:00+02:00,bus026,0.0
2030,sc01,05-11 12:00:00+02:00,bus077,0.0
2030,sc01,05-11 12:00:00+02:00,bus044,0.0
2030,sc01,05-11 12:00:00+02:00,bus091,0.0
2030,sc01,05-11 12:00:00+02:00,bus062,0.0
2030,sc01,05-14 06:00:00+02:00,bus093,0.0
2030,sc01,05-14 06:00:00+02:00,bus097,0.0
2030,sc01,05-14 06:00:00+02:00,bus110,0.0
2030,sc01,05-14 06:00:00+02:00,bus042,0.0
2030,sc01,05-14 06:00:00+02:00,bus066,0.0
2030,sc01,05-14 06:00:00+02:00,bus059,0.0
2030,sc01,05-14 06:00:00+02:00,bus057,0.0
2030,sc01,05-14 06:00:00+02:00,bus067,0.0
2030,sc01,05-14 06:00:00+02:00,bus069,0.0
2030,sc01,05-14 06:00:00+02:00,bus014,0.0
2030,sc01,05-14 06:00:00+02:00,bus090,0.0
2030,sc01,05-14 06:00:00+02:00,bus002,0.0
2030,sc01,05-14 06:00:00+02:00,bus005,0.0
2030,sc01,05-14 06:00:00+02:00,bus109,0.0
2030,sc01,05-14 06:00:00+02:00,bus020,0.0
2030,sc01,05-14 06:00:00+02:00,bus065,0.0
2030,sc01,05-14 06:00:00+02:00,bus001,0.0
2030,sc01,05-14 06:00:00+02:00,bus017,0.0
2030,sc01,05-14 06:00:00+02:00,bus015,0.0
2030,sc01,05-14 06:00:00+02:00,bus054,0.0
2030,sc01,05-14 06:00:00+02:00,bus086,0.0
2030,sc01,05-14 06:00:00+02:00,bus032,0.0
2030,sc01,05-14 06:00:00+02:00,bus038,0.0
2030,sc01,05-14 06:00:00+02:00,bus108,0.0
2030,sc01,05-14 06:00:00+02:00,bus087,0.0
2030,sc01,05-14 06:00:00+02:00,bus027,0.0
2030,sc01,05-14 06:00:00+02:00,bus111,0.0
2030,sc01,05-14 06:00:00+02:00,bus025,0.0
2030,sc01,05-14 06:00:00+02:00,bus029,0.0
2030,sc01,05-14 06:00:00+02:00,bus009,0.0
2030,sc01,05-14 06:00:00+02:00,bus043,0.0
2030,sc01,05-14 06:00:00+02:00,bus045,0.0
2030,sc01,05-14 06:00:00+02:00,bus084,0.0
2030,sc01,05-14 06:00:00+02:00,bus013,0.0
2030,sc01,05-14 06:00:00+02:00,bus063,0.0
2030,sc01,05-14 06:00:00+02:00,bus115,0.0
2030,sc01,05-14 06:00:00+02:00,bus010,0.0
2030,sc01,05-14 06:00:00+02:00,bus073,0.0
2030,sc01,05-14 06:00:00+02:00,bus052,0.0
2030,sc01,05-14 06:00:00+02:00,bus096,0.0
2030,sc01,05-14 06:00:00+02:00,bus050,0.0
2030,sc01,05-14 06:00:00+02:00,bus011,0.0
2030,sc01,05-14 06:00:00+02:00,bus055,0.0
2030,sc01,05-14 06:00:00+02:00,bus083,0.0
2030,sc01,05-14 06:00:00+02:00,bus081,0.0
2030,sc01,05-14 06:00:00+02:00,bus022,0.0
2030,sc01,05-14 06:00:00+02:00,bus071,0.0
2030,sc01,05-14 06:00:00+02:00,bus074,0.0
2030,sc01,05-14 06:00:00+02:00,bus040,0.0
2030,sc01,05-14 06:00:00+02:00,bus099,0.0
2030,sc01,05-14 06:00:00+02:00,bus030,0.0
2030,sc01,05-14 06:00:00+02:00,bus098,0.0
2030,sc01,05-14 06:00:00+02:00,bus053,0.0
2030,sc01,05-14 06:00:00+02:00,bus085,0.0
2030,sc01,05-14 06:00:00+02:00,bus101,0.0
2030,sc01,05-14 06:00:00+02:00,bus018,0.0
2030,sc01,05-14 06:00:00+02:00,bus023,0.0
2030,sc01,05-14 06:00:00+02:00,bus088,0.0
2030,sc01,05-14 06:00:00+02:00,bus116,0.0
2030,sc01,05-14 06:00:00+02:00,bus103,0.0
2030,sc01,05-14 06:00:00+02:00,bus008,0.0
2030,sc01,05-14 06:00:00+02:00,bus105,0.0
2030,sc01,05-14 06:00:00+02:00,bus060,0.0
2030,sc01,05-14 06:00:00+02:00,bus016,0.0
2030,sc01,05-14 06:00:00+02:00,bus082,0.0
2030,sc01,05-14 06:00:00+02:00,bus047,0.0
2030,sc01,05-14 06:00:00+02:00,bus019,0.0
2030,sc01,05-14 06:00:00+02:00,bus037,0.0
2030,sc01,05-14 06:00:00+02:00,bus006,0.0
2030,sc01,05-14 06:00:00+02:00,bus080,0.0
2030,sc01,05-14 06:00:00+02:00,bus031,0.0
2030,sc01,05-14 06:00:00+02:00,bus048,0.0
2030,sc01,05-14 06:00:00+02:00,bus107,0.0
2030,sc01,05-14 06:00:00+02:00,bus049,0.0
2030,sc01,05-14 06:00:00+02:00,bus104,0.0
2030,sc01,05-14 06:00:00+02:00,bus100,0.0
2030,sc01,05-14 06:00:00+02:00,bus072,0.0
2030,sc01,05-14 06:00:00+02:00,bus039,0.0
2030,sc01,05-14 06:00:00+02:00,bus012,0.0
2030,sc01,05-14 06:00:00+02:00,bus114,0.0
2030,sc01,05-14 06:00:00+02:00,bus112,0.0
2030,sc01,05-14 06:00:00+02:00,bus058,0.0
2030,sc01,05-14 06:00:00+02:00,bus089,0.0
2030,sc01,05-14 06:00:00+02:00,bus051,0.0
2030,sc01,05-14 06:00:00+02:00,bus056,0.0
2030,sc01,05-14 06:00:00+02:00,bus092,0.0
2030,sc01,05-14 06:00:00+02:00,bus036,0.0
2030,sc01,05-14 06:00:00+02:00,bus094,0.0
2030,sc01,05-14 06:00:00+02:00,bus095,0.0
2030,sc01,05-14 06:00:00+02:00,bus113,0.0
2030,sc01,05-14 06:00:00+02:00,bus024,0.0
2030,sc01,05-14 06:00:00+02:00,bus078,0.0
2030,sc01,05-14 06:00:00+02:00,bus033,0.0
2030,sc01,05-14 06:00:00+02:00,bus079,0.0
2030,sc01,05-14 06:00:00+02:00,bus061,0.0
2030,sc01,05-14 06:00:00+02:00,bus118,0.0
2030,sc01,05-14 06:00:00+02:00,bus003,0.0
2030,sc01,05-14 06:00:00+02:00,bus070,0.0
2030,sc01,05-14 06:00:00+02:00,bus004,0.0
2030,sc01,05-14 06:00:00+02:00,bus021,0.0
2030,sc01,05-14 06:00:00+02:00,bus068,0.0
2030,sc01,05-14 06:00:00+02:00,bus028,0.0
2030,sc01,05-14 06:00:00+02:00,bus034,0.0
2030,sc01,05-14 06:00:00+02:00,bus075,0.0
2030,sc01,05-14 06:00:00+02:00,bus064,0.0
2030,sc01,05-14 06:00:00+02:00,bus106,0.0
2030,sc01,05-14 06:00:00+02:00,bus076,0.0
2030,sc01,05-14 06:00:00+02:00,bus046,0.0
2030,sc01,05-14 06:00:00+02:00,bus007,0.0
2030,sc01,05-14 06:00:00+02:00,bus035,0.0
2030,sc01,05-14 06:00:00+02:00,bus117,0.0
2030,sc01,05-14 06:00:00+02:00,bus041,0.0
2030,sc01,05-14 06:00:00+02:00,bus102,0.0
2030,sc01,05-14 06:00:00+02:00,bus026,0.0
2030,sc01,05-14 06:00:00+02:00,bus077,0.0
2030,sc01,05-14 06:00:00+02:00,bus044,0.0
2030,sc01,05-14 06:00:00+02:00,bus091,0.0
2030,sc01,05-14 06:00:00+02:00,bus062,0.0
2030,sc01,05-14 12:00:00+02:00,bus093,0.0
2030,sc01,05-14 12:00:00+02:00,bus097,0.0
2030,sc01,05-14 12:00:00+02:00,bus110,0.0
2030,sc01,05-14 12:00:00+02:00,bus042,0.0
2030,sc01,05-14 12:00:00+02:00,bus066,0.0
2030,sc01,05-14 12:00:00+02:00,bus059,0.0
2030,sc01,05-14 12:00:00+02:00,bus057,0.0
2030,sc01,05-14 12:00:00+02:00,bus067,0.0
2030,sc01,05-14 12:00:00+02:00,bus069,0.0
2030,sc01,05-14 12:00:00+02:00,bus014,0.0
2030,sc01,05-14 12:00:00+02:00,bus090,0.0
2030,sc01,05-14 12:00:00+02:00,bus002,0.0
2030,sc01,05-14 12:00:00+02:00,bus005,0.0
2030,sc01,05-14 12:00:00+02:00,bus109,0.0
2030,sc01,05-14 12:00:00+02:00,bus020,0.0
2030,sc01,05-14 12:00:00+02:00,bus065,0.0
2030,sc01,05-14 12:00:00+02:00,bus001,0.0
2030,sc01,05-14 12:00:00+02:00,bus017,0.0
2030,sc01,05-14 12:00:00+02:00,bus015,0.0
2030,sc01,05-14 12:00:00+02:00,bus054,0.0
2030,sc01,05-14 12:00:00+02:00,bus086,0.0
2030,sc01,05-14 12:00:00+02:00,bus032,0.0
2030,sc01,05-14 12:00:00+02:00,bus038,0.0
2030,sc01,05-14 12:00:00+02:00,bus108,0.0
2030,sc01,05-14 12:00:00+02:00,bus087,0.0
2030,sc01,05-14 12:00:00+02:00,bus027,0.0
2030,sc01,05-14 12:00:00+02:00,bus111,0.0
2030,sc01,05-14 12:00:00+02:00,bus025,0.0
2030,sc01,05-14 12:00:00+02:00,bus029,0.0
2030,sc01,05-14 12:00:00+02:00,bus009,0.0
2030,sc01,05-14 12:00:00+02:00,bus043,0.0
2030,sc01,05-14 12:00:00+02:00,bus045,0.0
2030,sc01,05-14 12:00:00+02:00,bus084,0.0
2030,sc01,05-14 12:00:00+02:00,bus013,0.0
2030,sc01,05-14 12:00:00+02:00,bus063,0.0
2030,sc01,05-14 12:00:00+02:00,bus115,0.0
2030,sc01,05-14 12:00:00+02:00,bus010,0.0
2030,sc01,05-14 12:00:00+02:00,bus073,0.0
2030,sc01,05-14 12:00:00+02:00,bus052,0.0
2030,sc01,05-14 12:00:00+02:00,bus096,0.0
2030,sc01,05-14 12:00:00+02:00,bus050,0.0
2030,sc01,05-14 12:00:00+02:00,bus011,0.0
2030,sc01,05-14 12:00:00+02:00,bus055,0.0
2030,sc01,05-14 12:00:00+02:00,bus083,0.0
2030,sc01,05-14 12:00:00+02:00,bus081,0.0
2030,sc01,05-14 12:00:00+02:00,bus022,0.0
2030,sc01,05-14 12:00:00+02:00,bus071,0.0
2030,sc01,05-14 12:00:00+02:00,bus074,0.0
2030,sc01,05-14 12:00:00+02:00,bus040,0.0
2030,sc01,05-14 12:00:00+02:00,bus099,0.0
2030,sc01,05-14 12:00:00+02:00,bus030,0.0
2030,sc01,05-14 12:00:00+02:00,bus098,0.0
2030,sc01,05-14 12:00:00+02:00,bus053,0.0
2030,sc01,05-14 12:00:00+02:00,bus085,0.0
2030,sc01,05-14 12:00:00+02:00,bus101,0.0
2030,sc01,05-14 12:00:00+02:00,bus018,0.0
2030,sc01,05-14 12:00:00+02:00,bus023,0.0
2030,sc01,05-14 12:00:00+02:00,bus088,0.0
2030,sc01,05-14 12:00:00+02:00,bus116,0.0
2030,sc01,05-14 12:00:00+02:00,bus103,0.0
2030,sc01,05-14 12:00:00+02:00,bus008,0.0
2030,sc01,05-14 12:00:00+02:00,bus105,0.0
2030,sc01,05-14 12:00:00+02:00,bus060,0.0
2030,sc01,05-14 12:00:00+02:00,bus016,0.0
2030,sc01,05-14 12:00:00+02:00,bus082,0.0
2030,sc01,05-14 12:00:00+02:00,bus047,0.0
2030,sc01,05-14 12:00:00+02:00,bus019,0.0
2030,sc01,05-14 12:00:00+02:00,bus037,0.0
2030,sc01,05-14 12:00:00+02:00,bus006,0.0
2030,sc01,05-14 12:00:00+02:00,bus080,0.0
2030,sc01,05-14 12:00:00+02:00,bus031,0.0
2030,sc01,05-14 12:00:00+02:00,bus048,0.0
2030,sc01,05-14 12:00:00+02:00,bus107,0.0
2030,sc01,05-14 12:00:00+02:00,bus049,0.0
2030,sc01,05-14 12:00:00+02:00,bus104,0.0
2030,sc01,05-14 12:00:00+02:00,bus100,0.0
2030,sc01,05-14 12:00:00+02:00,bus072,0.0
2030,sc01,05-14 12:00:00+02:00,bus039,0.0
2030,sc01,05-14 12:00:00+02:00,bus012,0.0
2030,sc01,05-14 12:00:00+02:00,bus114,0.0
2030,sc01,05-14 12:00:00+02:00,bus112,0.0
2030,sc01,05-14 12:00:00+02:00,bus058,0.0
2030,sc01,05-14 12:00:00+02:00,bus089,0.0
2030,sc01,05-14 12:00:00+02:00,bus051,0.0
2030,sc01,05-14 12:00:00+02:00,bus056,0.0
2030,sc01,05-14 12:00:00+02:00,bus092,0.0
2030,sc01,05-14 12:00:00+02:00,bus036,0.0
2030,sc01,05-14 12:00:00+02:00,bus094,0.0
2030,sc01,05-14 12:00:00+02:00,bus095,0.0
2030,sc01,05-14 12:00:00+02:00,bus113,0.0
2030,sc01,05-14 12:00:00+02:00,bus024,0.0
2030,sc01,05-14 12:00:00+02:00,bus078,0.0
2030,sc01,05-14 12:00:00+02:00,bus033,0.0
2030,sc01,05-14 12:00:00+02:00,bus079,0.0
2030,sc01,05-14 12:00:00+02:00,bus061,0.0
2030,sc01,05-14 12:00:00+02:00,bus118,0.0
2030,sc01,05-14 12:00:00+02:00,bus003,0.0
2030,sc01,05-14 12:00:00+02:00,bus070,0.0
2030,sc01,05-14 12:00:00+02:00,bus004,0.0
2030,sc01,05-14 12:00:00+02:00,bus021,0.0
2030,sc01,05-14 12:00:00+02:00,bus068,0.0
2030,sc01,05-14 12:00:00+02:00,bus028,0.0
2030,sc01,05-14 12:00:00+02:00,bus034,0.0
2030,sc01,05-14 12:00:00+02:00,bus075,0.0
2030,sc01,05-14 12:00:00+02:00,bus064,0.0
2030,sc01,05-14 12:00:00+02:00,bus106,0.0
2030,sc01,05-14 12:00:00+02:00,bus076,0.0
2030,sc01,05-14 12:00:00+02:00,bus046,0.0
2030,sc01,05-14 12:00:00+02:00,bus007,0.0
2030,sc01,05-14 12:00:00+02:00,bus035,0.0
2030,sc01,05-14 12:00:00+02:00,bus117,0.0
2030,sc01,05-14 12:00:00+02:00,bus041,0.0
2030,sc01,05-14 12:00:00+02:00,bus102,0.0
2030,sc01,05-14 12:00:00+02:00,bus026,0.0
2030,sc01,05-14 12:00:00+02:00,bus077,0.0
2030,sc01,05-14 12:00:00+02:00,bus044,0.0
2030,sc01,05-14 12:00:00+02:00,bus091,0.0
2030,sc01,05-14 12:00:00+02:00,bus062,0.0
2030,sc01,05-15 12:00:00+02:00,bus093,0.0
2030,sc01,05-15 12:00:00+02:00,bus097,0.0
2030,sc01,05-15 12:00:00+02:00,bus110,0.0
2030,sc01,05-15 12:00:00+02:00,bus042,0.0
2030,sc01,05-15 12:00:00+02:00,bus066,0.0
2030,sc01,05-15 12:00:00+02:00,bus059,0.0
2030,sc01,05-15 12:00:00+02:00,bus057,0.0
2030,sc01,05-15 12:00:00+02:00,bus067,0.0
2030,sc01,05-15 12:00:00+02:00,bus069,0.0
2030,sc01,05-15 12:00:00+02:00,bus014,0.0
2030,sc01,05-15 12:00:00+02:00,bus090,0.0
2030,sc01,05-15 12:00:00+02:00,bus002,0.0
2030,sc01,05-15 12:00:00+02:00,bus005,0.0
2030,sc01,05-15 12:00:00+02:00,bus109,0.0
2030,sc01,05-15 12:00:00+02:00,bus020,0.0
2030,sc01,05-15 12:00:00+02:00,bus065,0.0
2030,sc01,05-15 12:00:00+02:00,bus001,0.0
2030,sc01,05-15 12:00:00+02:00,bus017,0.0
2030,sc01,05-15 12:00:00+02:00,bus015,0.0
2030,sc01,05-15 12:00:00+02:00,bus054,0.0
2030,sc01,05-15 12:00:00+02:00,bus086,0.0
2030,sc01,05-15 12:00:00+02:00,bus032,0.0
2030,sc01,05-15 12:00:00+02:00,bus038,0.0
2030,sc01,05-15 12:00:00+02:00,bus108,0.0
2030,sc01,05-15 12:00:00+02:00,bus087,0.0
2030,sc01,05-15 12:00:00+02:00,bus027,0.0
2030,sc01,05-15 12:00:00+02:00,bus111,0.0
2030,sc01,05-15 12:00:00+02:00,bus025,0.0
2030,sc01,05-15 12:00:00+02:00,bus029,0.0
2030,sc01,05-15 12:00:00+02:00,bus009,0.0
2030,sc01,05-15 12:00:00+02:00,bus043,0.0
2030,sc01,05-15 12:00:00+02:00,bus045,0.0
2030,sc01,05-15 12:00:00+02:00,bus084,0.0
2030,sc01,05-15 12:00:00+02:00,bus013,0.0
2030,sc01,05-15 12:00:00+02:00,bus063,0.0
2030,sc01,05-15 12:00:00+02:00,bus115,0.0
2030,sc01,05-15 12:00:00+02:00,bus010,0.0
2030,sc01,05-15 12:00:00+02:00,bus073,0.0
2030,sc01,05-15 12:00:00+02:00,bus052,0.0
2030,sc01,05-15 12:00:00+02:00,bus096,0.0
2030,sc01,05-15 12:00:00+02:00,bus050,0.0
2030,sc01,05-15 12:00:00+02:00,bus011,0.0
2030,sc01,05-15 12:00:00+02:00,bus055,0.0
2030,sc01,05-15 12:00:00+02:00,bus083,0.0
2030,sc01,05-15 12:00:00+02:00,bus081,0.0
2030,sc01,05-15 12:00:00+02:00,bus022,0.0
2030,sc01,05-15 12:00:00+02:00,bus071,0.0
2030,sc01,05-15 12:00:00+02:00,bus074,0.0
2030,sc01,05-15 12:00:00+02:00,bus040,0.0
2030,sc01,05-15 12:00:00+02:00,bus099,0.0
2030,sc01,05-15 12:00:00+02:00,bus030,0.0
2030,sc01,05-15 12:00:00+02:00,bus098,0.0
2030,sc01,05-15 12:00:00+02:00,bus053,0.0
2030,sc01,05-15 12:00:00+02:00,bus085,0.0
2030,sc01,05-15 12:00:00+02:00,bus101,0.0
2030,sc01,05-15 12:00:00+02:00,bus018,0.0
2030,sc01,05-15 12:00:00+02:00,bus023,0.0
2030,sc01,05-15 12:00:00+02:00,bus088,0.0
2030,sc01,05-15 12:00:00+02:00,bus116,0.0
2030,sc01,05-15 12:00:00+02:00,bus103,0.0
2030,sc01,05-15 12:00:00+02:00,bus008,0.0
2030,sc01,05-15 12:00:00+02:00,bus105,0.0
2030,sc01,05-15 12:00:00+02:00,bus060,0.0
2030,sc01,05-15 12:00:00+02:00,bus016,0.0
2030,sc01,05-15 12:00:00+02:00,bus082,0.0
2030,sc01,05-15 12:00:00+02:00,bus047,0.0
2030,sc01,05-15 12:00:00+02:00,bus019,0.0
2030,sc01,05-15 12:00:00+02:00,bus037,0.0
2030,sc01,05-15 12:00:00+02:00,bus006,0.0
2030,sc01,05-15 12:00:00+02:00,bus080,0.0
2030,sc01,05-15 12:00:00+02:00,bus031,0.0
2030,sc01,05-15 12:00:00+02:00,bus048,0.0
2030,sc01,05-15 12:00:00+02:00,bus107,0.0
2030,sc01,05-15 12:00:00+02:00,bus049,0.0
2030,sc01,05-15 12:00:00+02:00,bus104,0.0
2030,sc01,05-15 12:00:00+02:00,bus100,0.0
2030,sc01,05-15 12:00:00+02:00,bus072,0.0
2030,sc01,05-15 12:00:00+02:00,bus039,0.0
2030,sc01,05-15 12:00:00+02:00,bus012,0.0
2030,sc01,05-15 12:00:00+02:00,bus114,0.0
2030,sc01,05-15 12:00:00+02:00,bus112,0.0
2030,sc01,05-15 12:00:00+02:00,bus058,0.0
2030,sc01,05-15 12:00:00+02:00,bus089,0.0
2030,sc01,05-15 12:00:00+02:00,bus051,0.0
2030,sc01,05-15 12:00:00+02:00,bus056,0.0
2030,sc01,05-15 12:00:00+02:00,bus092,0.0
2030,sc01,05-15 12:00:00+02:00,bus036,0.0
2030,sc01,05-15 12:00:00+02:00,bus094,0.0
2030,sc01,05-15 12:00:00+02:00,bus095,0.0
2030,sc01,05-15 12:00:00+02:00,bus113,0.0
2030,sc01,05-15 12:00:00+02:00,bus024,0.0
2030,sc01,05-15 12:00:00+02:00,bus078,0.0
2030,sc01,05-15 12:00:00+02:00,bus033,0.0
2030,sc01,05-15 12:00:00+02:00,bus079,0.0
2030,sc01,05-15 12:00:00+02:00,bus061,0.0
2030,sc01,05-15 12:00:00+02:00,bus118,0.0
2030,sc01,05-15 12:00:00+02:00,bus003,0.0
2030,sc01,05-15 12:00:00+02:00,bus070,0.0
2030,sc01,05-15 12:00:00+02:00,bus004,0.0
2030,sc01,05-15 12:00:00+02:00,bus021,0.0
2030,sc01,05-15 12:00:00+02:00,bus068,0.0
2030,sc01,05-15 12:00:00+02:00,bus028,0.0
2030,sc01,05-15 12:00:00+02:00,bus034,0.0
2030,sc01,05-15 12:00:00+02:00,bus075,0.0
2030,sc01,05-15 12:00:00+02:00,bus064,0.0
2030,sc01,05-15 12:00:00+02:00,bus106,0.0
2030,sc01,05-15 12:00:00+02:00,bus076,0.0
2030,sc01,05-15 12:00:00+02:00,bus046,0.0
2030,sc01,05-15 12:00:00+02:00,bus007,0.0
2030,sc01,05-15 12:00:00+02:00,bus035,0.0
2030,sc01,05-15 12:00:00+02:00,bus117,0.0
2030,sc01,05-15 12:00:00+02:00,bus041,0.0
2030,sc01,05-15 12:00:00+02:00,bus102,0.0
2030,sc01,05-15 12:00:00+02:00,bus026,0.0
2030,sc01,05-15 12:00:00+02:00,bus077,0.0
2030,sc01,05-15 12:00:00+02:00,bus044,0.0
2030,sc01,05-15 12:00:00+02:00,bus091,0.0
2030,sc01,05-15 12:00:00+02:00,bus062,0.0
2030,sc01,05-15 14:00:00+02:00,bus093,0.0
2030,sc01,05-15 14:00:00+02:00,bus097,0.0
2030,sc01,05-15 14:00:00+02:00,bus110,0.0
2030,sc01,05-15 14:00:00+02:00,bus042,0.0
2030,sc01,05-15 14:00:00+02:00,bus066,0.0
2030,sc01,05-15 14:00:00+02:00,bus059,0.0
2030,sc01,05-15 14:00:00+02:00,bus057,0.0
2030,sc01,05-15 14:00:00+02:00,bus067,0.0
2030,sc01,05-15 14:00:00+02:00,bus069,0.0
2030,sc01,05-15 14:00:00+02:00,bus014,0.0
2030,sc01,05-15 14:00:00+02:00,bus090,0.0
2030,sc01,05-15 14:00:00+02:00,bus002,0.0
2030,sc01,05-15 14:00:00+02:00,bus005,0.0
2030,sc01,05-15 14:00:00+02:00,bus109,0.0
2030,sc01,05-15 14:00:00+02:00,bus020,0.0
2030,sc01,05-15 14:00:00+02:00,bus065,0.0
2030,sc01,05-15 14:00:00+02:00,bus001,0.0
2030,sc01,05-15 14:00:00+02:00,bus017,0.0
2030,sc01,05-15 14:00:00+02:00,bus015,0.0
2030,sc01,05-15 14:00:00+02:00,bus054,0.0
2030,sc01,05-15 14:00:00+02:00,bus086,0.0
2030,sc01,05-15 14:00:00+02:00,bus032,0.0
2030,sc01,05-15 14:00:00+02:00,bus038,0.0
2030,sc01,05-15 14:00:00+02:00,bus108,0.0
2030,sc01,05-15 14:00:00+02:00,bus087,0.0
2030,sc01,05-15 14:00:00+02:00,bus027,0.0
2030,sc01,05-15 14:00:00+02:00,bus111,0.0
2030,sc01,05-15 14:00:00+02:00,bus025,0.0
2030,sc01,05-15 14:00:00+02:00,bus029,0.0
2030,sc01,05-15 14:00:00+02:00,bus009,0.0
2030,sc01,05-15 14:00:00+02:00,bus043,0.0
2030,sc01,05-15 14:00:00+02:00,bus045,0.0
2030,sc01,05-15 14:00:00+02:00,bus084,0.0
2030,sc01,05-15 14:00:00+02:00,bus013,0.0
2030,sc01,05-15 14:00:00+02:00,bus063,0.0
2030,sc01,05-15 14:00:00+02:00,bus115,0.0
2030,sc01,05-15 14:00:00+02:00,bus010,0.0
2030,sc01,05-15 14:00:00+02:00,bus073,0.0
2030,sc01,05-15 14:00:00+02:00,bus052,0.0
2030,sc01,05-15 14:00:00+02:00,bus096,0.0
2030,sc01,05-15 14:00:00+02:00,bus050,0.0
2030,sc01,05-15 14:00:00+02:00,bus011,0.0
2030,sc01,05-15 14:00:00+02:00,bus055,0.0
2030,sc01,05-15 14:00:00+02:00,bus083,0.0
2030,sc01,05-15 14:00:00+02:00,bus081,0.0
2030,sc01,05-15 14:00:00+02:00,bus022,0.0
2030,sc01,05-15 14:00:00+02:00,bus071,0.0
2030,sc01,05-15 14:00:00+02:00,bus074,0.0
2030,sc01,05-15 14:00:00+02:00,bus040,0.0
2030,sc01,05-15 14:00:00+02:00,bus099,0.0
2030,sc01,05-15 14:00:00+02:00,bus030,0.0
2030,sc01,05-15 14:00:00+02:00,bus098,0.0
2030,sc01,05-15 14:00:00+02:00,bus053,0.0
2030,sc01,05-15 14:00:00+02:00,bus085,0.0
2030,sc01,05-15 14:00:00+02:00,bus101,0.0
2030,sc01,05-15 14:00:00+02:00,bus018,0.0
2030,sc01,05-15 14:00:00+02:00,bus023,0.0
2030,sc01,05-15 14:00:00+02:00,bus088,0.0
2030,sc01,05-15 14:00:00+02:00,bus116,0.0
2030,sc01,05-15 14:00:00+02:00,bus103,0.0
2030,sc01,05-15 14:00:00+02:00,bus008,0.0
2030,sc01,05-15 14:00:00+02:00,bus105,0.0
2030,sc01,05-15 14:00:00+02:00,bus060,0.0
2030,sc01,05-15 14:00:00+02:00,bus016,0.0
2030,sc01,05-15 14:00:00+02:00,bus082,0.0
2030,sc01,05-15 14:00:00+02:00,bus047,0.0
2030,sc01,05-15 14:00:00+02:00,bus019,0.0
2030,sc01,05-15 14:00:00+02:00,bus037,0.0
2030,sc01,05-15 14:00:00+02:00,bus006,0.0
2030,sc01,05-15 14:00:00+02:00,bus080,0.0
2030,sc01,05-15 14:00:00+02:00,bus031,0.0
2030,sc01,05-15 14:00:00+02:00,bus048,0.0
2030,sc01,05-15 14:00:00+02:00,bus107,0.0
2030,sc01,05-15 14:00:00+02:00,bus049,0.0
2030,sc01,05-15 14:00:00+02:00,bus104,0.0
2030,sc01,05-15 14:00:00+02:00,bus100,0.0
2030,sc01,05-15 14:00:00+02:00,bus072,0.0
2030,sc01,05-15 14:00:00+02:00,bus039,0.0
2030,sc01,05-15 14:00:00+02:00,bus012,0.0
2030,sc01,05-15 14:00:00+02:00,bus114,0.0
2030,sc01,05-15 14:00:00+02:00,bus112,0.0
2030,sc01,05-15 14:00:00+02:00,bus058,0.0
2030,sc01,05-15 14:00:00+02:00,bus089,0.0
2030,sc01,05-15 14:00:00+02:00,bus051,0.0
2030,sc01,05-15 14:00:00+02:00,bus056,0.0
2030,sc01,05-15 14:00:00+02:00,bus092,0.0
2030,sc01,05-15 14:00:00+02:00,bus036,0.0
2030,sc01,05-15 14:00:00+02:00,bus094,0.0
2030,sc01,05-15 14:00:00+02:00,bus095,0.0
2030,sc01,05-15 14:00:00+02:00,bus113,0.0
2030,sc01,05-15 14:00:00+02:00,bus024,0.0
2030,sc01,05-15 14:00:00+02:00,bus078,0.0
2030,sc01,05-15 14:00:00+02:00,bus033,0.0
2030,sc01,05-15 14:00:00+02:00,bus079,0.0
2030,sc01,05-15 14:00:00+02:00,bus061,0.0
2030,sc01,05-15 14:00:00+02:00,bus118,0.0
2030,sc01,05-15 14:00:00+02:00,bus003,0.0
2030,sc01,05-15 14:00:00+02:00,bus070,0.0
2030,sc01,05-15 14:00:00+02:00,bus004,0.0
2030,sc01,05-15 14:00:00+02:00,bus021,0.0
2030,sc01,05-15 14:00:00+02:00,bus068,0.0
2030,sc01,05-15 14:00:00+02:00,bus028,0.0
2030,sc01,05-15 14:00:00+02:00,bus034,0.0
2030,sc01,05-15 14:00:00+02:00,bus075,0.0
2030,sc01,05-15 14:00:00+02:00,bus064,0.0
2030,sc01,05-15 14:00:00+02:00,bus106,0.0
2030,sc01,05-15 14:00:00+02:00,bus076,0.0
2030,sc01,05-15 14:00:00+02:00,bus046,0.0
2030,sc01,05-15 14:00:00+02:00,bus007,0.0
2030,sc01,05-15 14:00:00+02:00,bus035,0.0
2030,sc01,05-15 14:00:00+02:00,bus117,0.0
2030,sc01,05-15 14:00:00+02:00,bus041,0.0
2030,sc01,05-15 14:00:00+02:00,bus102,0.0
2030,sc01,05-15 14:00:00+02:00,bus026,0.0
2030,sc01,05-15 14:00:00+02:00,bus077,0.0
2030,sc01,05-15 14:00:00+02:00,bus044,0.0
2030,sc01,05-15 14:00:00+02:00,bus091,0.0
2030,sc01,05-15 14:00:00+02:00,bus062,0.0
2030,sc01,05-15 17:00:00+02:00,bus093,0.0
2030,sc01,05-15 17:00:00+02:00,bus097,0.0
2030,sc01,05-15 17:00:00+02:00,bus110,0.0
2030,sc01,05-15 17:00:00+02:00,bus042,0.0
2030,sc01,05-15 17:00:00+02:00,bus066,0.0
2030,sc01,05-15 17:00:00+02:00,bus059,0.0
2030,sc01,05-15 17:00:00+02:00,bus057,0.0
2030,sc01,05-15 17:00:00+02:00,bus067,0.0
2030,sc01,05-15 17:00:00+02:00,bus069,0.0
2030,sc01,05-15 17:00:00+02:00,bus014,0.0
2030,sc01,05-15 17:00:00+02:00,bus090,0.0
2030,sc01,05-15 17:00:00+02:00,bus002,0.0
2030,sc01,05-15 17:00:00+02:00,bus005,0.0
2030,sc01,05-15 17:00:00+02:00,bus109,0.0
2030,sc01,05-15 17:00:00+02:00,bus020,0.0
2030,sc01,05-15 17:00:00+02:00,bus065,0.0
2030,sc01,05-15 17:00:00+02:00,bus001,0.0
2030,sc01,05-15 17:00:00+02:00,bus017,0.0
2030,sc01,05-15 17:00:00+02:00,bus015,0.0
2030,sc01,05-15 17:00:00+02:00,bus054,0.0
2030,sc01,05-15 17:00:00+02:00,bus086,0.0
2030,sc01,05-15 17:00:00+02:00,bus032,0.0
2030,sc01,05-15 17:00:00+02:00,bus038,0.0
2030,sc01,05-15 17:00:00+02:00,bus108,0.0
2030,sc01,05-15 17:00:00+02:00,bus087,0.0
2030,sc01,05-15 17:00:00+02:00,bus027,0.0
2030,sc01,05-15 17:00:00+02:00,bus111,0.0
2030,sc01,05-15 17:00:00+02:00,bus025,0.0
2030,sc01,05-15 17:00:00+02:00,bus029,0.0
2030,sc01,05-15 17:00:00+02:00,bus009,0.0
2030,sc01,05-15 17:00:00+02:00,bus043,0.0
2030,sc01,05-15 17:00:00+02:00,bus045,0.0
2030,sc01,05-15 17:00:00+02:00,bus084,0.0
2030,sc01,05-15 17:00:00+02:00,bus013,0.0
2030,sc01,05-15 17:00:00+02:00,bus063,0.0
2030,sc01,05-15 17:00:00+02:00,bus115,0.0
2030,sc01,05-15 17:00:00+02:00,bus010,0.0
2030,sc01,05-15 17:00:00+02:00,bus073,0.0
2030,sc01,05-15 17:00:00+02:00,bus052,0.0
2030,sc01,05-15 17:00:00+02:00,bus096,0.0
2030,sc01,05-15 17:00:00+02:00,bus050,0.0
2030,sc01,05-15 17:00:00+02:00,bus011,0.0
2030,sc01,05-15 17:00:00+02:00,bus055,0.0
2030,sc01,05-15 17:00:00+02:00,bus083,0.0
2030,sc01,05-15 17:00:00+02:00,bus081,0.0
2030,sc01,05-15 17:00:00+02:00,bus022,0.0
2030,sc01,05-15 17:00:00+02:00,bus071,0.0
2030,sc01,05-15 17:00:00+02:00,bus074,0.0
2030,sc01,05-15 17:00:00+02:00,bus040,0.0
2030,sc01,05-15 17:00:00+02:00,bus099,0.0
2030,sc01,05-15 17:00:00+02:00,bus030,0.0
2030,sc01,05-15 17:00:00+02:00,bus098,0.0
2030,sc01,05-15 17:00:00+02:00,bus053,0.0
2030,sc01,05-15 17:00:00+02:00,bus085,0.0
2030,sc01,05-15 17:00:00+02:00,bus101,0.0
2030,sc01,05-15 17:00:00+02:00,bus018,0.0
2030,sc01,05-15 17:00:00+02:00,bus023,0.0
2030,sc01,05-15 17:00:00+02:00,bus088,0.0
2030,sc01,05-15 17:00:00+02:00,bus116,0.0
2030,sc01,05-15 17:00:00+02:00,bus103,0.0
2030,sc01,05-15 17:00:00+02:00,bus008,0.0
2030,sc01,05-15 17:00:00+02:00,bus105,0.0
2030,sc01,05-15 17:00:00+02:00,bus060,0.0
2030,sc01,05-15 17:00:00+02:00,bus016,0.0
2030,sc01,05-15 17:00:00+02:00,bus082,0.0
2030,sc01,05-15 17:00:00+02:00,bus047,0.0
2030,sc01,05-15 17:00:00+02:00,bus019,0.0
2030,sc01,05-15 17:00:00+02:00,bus037,0.0
2030,sc01,05-15 17:00:00+02:00,bus006,0.0
2030,sc01,05-15 17:00:00+02:00,bus080,0.0
2030,sc01,05-15 17:00:00+02:00,bus031,0.0
2030,sc01,05-15 17:00:00+02:00,bus048,0.0
2030,sc01,05-15 17:00:00+02:00,bus107,0.0
2030,sc01,05-15 17:00:00+02:00,bus049,0.0
2030,sc01,05-15 17:00:00+02:00,bus104,0.0
2030,sc01,05-15 17:00:00+02:00,bus100,0.0
2030,sc01,05-15 17:00:00+02:00,bus072,0.0
2030,sc01,05-15 17:00:00+02:00,bus039,0.0
2030,sc01,05-15 17:00:00+02:00,bus012,0.0
2030,sc01,05-15 17:00:00+02:00,bus114,0.0
2030,sc01,05-15 17:00:00+02:00,bus112,0.0
2030,sc01,05-15 17:00:00+02:00,bus058,0.0
2030,sc01,05-15 17:00:00+02:00,bus089,0.0
2030,sc01,05-15 17:00:00+02:00,bus051,0.0
2030,sc01,05-15 17:00:00+02:00,bus056,0.0
2030,sc01,05-15 17:00:00+02:00,bus092,0.0
2030,sc01,05-15 17:00:00+02:00,bus036,0.0
2030,sc01,05-15 17:00:00+02:00,bus094,0.0
2030,sc01,05-15 17:00:00+02:00,bus095,0.0
2030,sc01,05-15 17:00:00+02:00,bus113,0.0
2030,sc01,05-15 17:00:00+02:00,bus024,0.0
2030,sc01,05-15 17:00:00+02:00,bus078,0.0
2030,sc01,05-15 17:00:00+02:00,bus033,0.0
2030,sc01,05-15 17:00:00+02:00,bus079,0.0
2030,sc01,05-15 17:00:00+02:00,bus061,0.0
2030,sc01,05-15 17:00:00+02:00,bus118,0.0
2030,sc01,05-15 17:00:00+02:00,bus003,0.0
2030,sc01,05-15 17:00:00+02:00,bus070,0.0
2030,sc01,05-15 17:00:00+02:00,bus004,0.0
2030,sc01,05-15 17:00:00+02:00,bus021,0.0
2030,sc01,05-15 17:00:00+02:00,bus068,0.0
2030,sc01,05-15 17:00:00+02:00,bus028,0.0
2030,sc01,05-15 17:00:00+02:00,bus034,0.0
2030,sc01,05-15 17:00:00+02:00,bus075,0.0
2030,sc01,05-15 17:00:00+02:00,bus064,0.0
2030,sc01,05-15 17:00:00+02:00,bus106,0.0
2030,sc01,05-15 17:00:00+02:00,bus076,0.0
2030,sc01,05-15 17:00:00+02:00,bus046,0.0
2030,sc01,05-15 17:00:00+02:00,bus007,0.0
2030,sc01,05-15 17:00:00+02:00,bus035,0.0
2030,sc01,05-15 17:00:00+02:00,bus117,0.0
2030,sc01,05-15 17:00:00+02:00,bus041,0.0
2030,sc01,05-15 17:00:00+02:00,bus102,0.0
2030,sc01,05-15 17:00:00+02:00,bus026,0.0
2030,sc01,05-15 17:00:00+02:00,bus077,0.0
2030,sc01,05-15 17:00:00+02:00,bus044,0.0
2030,sc01,05-15 17:00:00+02:00,bus091,0.0
2030,sc01,05-15 17:00:00+02:00,bus062,0.0
2030,sc01,05-15 23:00:00+02:00,bus093,0.0
2030,sc01,05-15 23:00:00+02:00,bus097,0.0
2030,sc01,05-15 23:00:00+02:00,bus110,0.0
2030,sc01,05-15 23:00:00+02:00,bus042,0.0
2030,sc01,05-15 23:00:00+02:00,bus066,0.0
2030,sc01,05-15 23:00:00+02:00,bus059,0.0
2030,sc01,05-15 23:00:00+02:00,bus057,0.0
2030,sc01,05-15 23:00:00+02:00,bus067,0.0
2030,sc01,05-15 23:00:00+02:00,bus069,0.0
2030,sc01,05-15 23:00:00+02:00,bus014,0.0
2030,sc01,05-15 23:00:00+02:00,bus090,0.0
2030,sc01,05-15 23:00:00+02:00,bus002,0.0
2030,sc01,05-15 23:00:00+02:00,bus005,0.0
2030,sc01,05-15 23:00:00+02:00,bus109,0.0
2030,sc01,05-15 23:00:00+02:00,bus020,0.0
2030,sc01,05-15 23:00:00+02:00,bus065,0.0
2030,sc01,05-15 23:00:00+02:00,bus001,0.0
2030,sc01,05-15 23:00:00+02:00,bus017,0.0
2030,sc01,05-15 23:00:00+02:00,bus015,0.0
2030,sc01,05-15 23:00:00+02:00,bus054,0.0
2030,sc01,05-15 23:00:00+02:00,bus086,0.0
2030,sc01,05-15 23:00:00+02:00,bus032,0.0
2030,sc01,05-15 23:00:00+02:00,bus038,0.0
2030,sc01,05-15 23:00:00+02:00,bus108,0.0
2030,sc01,05-15 23:00:00+02:00,bus087,0.0
2030,sc01,05-15 23:00:00+02:00,bus027,0.0
2030,sc01,05-15 23:00:00+02:00,bus111,0.0
2030,sc01,05-15 23:00:00+02:00,bus025,0.0
2030,sc01,05-15 23:00:00+02:00,bus029,0.0
2030,sc01,05-15 23:00:00+02:00,bus009,0.0
2030,sc01,05-15 23:00:00+02:00,bus043,0.0
2030,sc01,05-15 23:00:00+02:00,bus045,0.0
2030,sc01,05-15 23:00:00+02:00,bus084,0.0
2030,sc01,05-15 23:00:00+02:00,bus013,0.0
2030,sc01,05-15 23:00:00+02:00,bus063,0.0
2030,sc01,05-15 23:00:00+02:00,bus115,0.0
2030,sc01,05-15 23:00:00+02:00,bus010,0.0
2030,sc01,05-15 23:00:00+02:00,bus073,0.0
2030,sc01,05-15 23:00:00+02:00,bus052,0.0
2030,sc01,05-15 23:00:00+02:00,bus096,0.0
2030,sc01,05-15 23:00:00+02:00,bus050,0.0
2030,sc01,05-15 23:00:00+02:00,bus011,0.0
2030,sc01,05-15 23:00:00+02:00,bus055,0.0
2030,sc01,05-15 23:00:00+02:00,bus083,0.0
2030,sc01,05-15 23:00:00+02:00,bus081,0.0
2030,sc01,05-15 23:00:00+02:00,bus022,0.0
2030,sc01,05-15 23:00:00+02:00,bus071,0.0
2030,sc01,05-15 23:00:00+02:00,bus074,0.0
2030,sc01,05-15 23:00:00+02:00,bus040,0.0
2030,sc01,05-15 23:00:00+02:00,bus099,0.0
2030,sc01,05-15 23:00:00+02:00,bus030,0.0
2030,sc01,05-15 23:00:00+02:00,bus098,0.0
2030,sc01,05-15 23:00:00+02:00,bus053,0.0
2030,sc01,05-15 23:00:00+02:00,bus085,0.0
2030,sc01,05-15 23:00:00+02:00,bus101,0.0
2030,sc01,05-15 23:00:00+02:00,bus018,0.0
2030,sc01,05-15 23:00:00+02:00,bus023,0.0
2030,sc01,05-15 23:00:00+02:00,bus088,0.0
2030,sc01,05-15 23:00:00+02:00,bus116,0.0
2030,sc01,05-15 23:00:00+02:00,bus103,0.0
2030,sc01,05-15 23:00:00+02:00,bus008,0.0
2030,sc01,05-15 23:00:00+02:00,bus105,0.0
2030,sc01,05-15 23:00:00+02:00,bus060,0.0
2030,sc01,05-15 23:00:00+02:00,bus016,0.0
2030,sc01,05-15 23:00:00+02:00,bus082,0.0
2030,sc01,05-15 23:00:00+02:00,bus047,0.0
2030,sc01,05-15 23:00:00+02:00,bus019,0.0
2030,sc01,05-15 23:00:00+02:00,bus037,0.0
2030,sc01,05-15 23:00:00+02:00,bus006,0.0
2030,sc01,05-15 23:00:00+02:00,bus080,0.0
2030,sc01,05-15 23:00:00+02:00,bus031,0.0
2030,sc01,05-15 23:00:00+02:00,bus048,0.0
2030,sc01,05-15 23:00:00+02:00,bus107,0.0
2030,sc01,05-15 23:00:00+02:00,bus049,0.0
2030,sc01,05-15 23:00:00+02:00,bus104,0.0
2030,sc01,05-15 23:00:00+02:00,bus100,0.0
2030,sc01,05-15 23:00:00+02:00,bus072,0.0
2030,sc01,05-15 23:00:00+02:00,bus039,0.0
2030,sc01,05-15 23:00:00+02:00,bus012,0.0
2030,sc01,05-15 23:00:00+02:00,bus114,0.0
2030,sc01,05-15 23:00:00+02:00,bus112,0.0
2030,sc01,05-15 23:00:00+02:00,bus058,0.0
2030,sc01,05-15 23:00:00+02:00,bus089,0.0
2030,sc01,05-15 23:00:00+02:00,bus051,0.0
2030,sc01,05-15 23:00:00+02:00,bus056,0.0
2030,sc01,05-15 23:00:00+02:00,bus092,0.0
2030,sc01,05-15 23:00:00+02:00,bus036,0.0
2030,sc01,05-15 23:00:00+02:00,bus094,0.0
2030,sc01,05-15 23:00:00+02:00,bus095,0.0
2030,sc01,05-15 23:00:00+02:00,bus113,0.0
2030,sc01,05-15 23:00:00+02:00,bus024,0.0
2030,sc01,05-15 23:00:00+02:00,bus078,0.0
2030,sc01,05-15 23:00:00+02:00,bus033,0.0
2030,sc01,05-15 23:00:00+02:00,bus079,0.0
2030,sc01,05-15 23:00:00+02:00,bus061,0.0
2030,sc01,05-15 23:00:00+02:00,bus118,0.0
2030,sc01,05-15 23:00:00+02:00,bus003,0.0
2030,sc01,05-15 23:00:00+02:00,bus070,0.0
2030,sc01,05-15 23:00:00+02:00,bus004,0.0
2030,sc01,05-15 23:00:00+02:00,bus021,0.0
2030,sc01,05-15 23:00:00+02:00,bus068,0.0
2030,sc01,05-15 23:00:00+02:00,bus028,0.0
2030,sc01,05-15 23:00:00+02:00,bus034,0.0
2030,sc01,05-15 23:00:00+02:00,bus075,0.0
2030,sc01,05-15 23:00:00+02:00,bus064,0.0
2030,sc01,05-15 23:00:00+02:00,bus106,0.0
2030,sc01,05-15 23:00:00+02:00,bus076,0.0
2030,sc01,05-15 23:00:00+02:00,bus046,0.0
2030,sc01,05-15 23:00:00+02:00,bus007,0.0
2030,sc01,05-15 23:00:00+02:00,bus035,0.0
2030,sc01,05-15 23:00:00+02:00,bus117,0.0
2030,sc01,05-15 23:00:00+02:00,bus041,0.0
2030,sc01,05-15 23:00:00+02:00,bus102,0.0
2030,sc01,05-15 23:00:00+02:00,bus026,0.0
2030,sc01,05-15 23:00:00+02:00,bus077,0.0
2030,sc01,05-15 23:00:00+02:00,bus044,0.0
2030,sc01,05-15 23:00:00+02:00,bus091,0.0
2030,sc01,05-15 23:00:00+02:00,bus062,0.0
2030,sc01,05-23 18:00:00+02:00,bus093,0.0
2030,sc01,05-23 18:00:00+02:00,bus097,0.0
2030,sc01,05-23 18:00:00+02:00,bus110,0.0
2030,sc01,05-23 18:00:00+02:00,bus042,0.0
2030,sc01,05-23 18:00:00+02:00,bus066,0.0
2030,sc01,05-23 18:00:00+02:00,bus059,0.0
2030,sc01,05-23 18:00:00+02:00,bus057,0.0
2030,sc01,05-23 18:00:00+02:00,bus067,0.0
2030,sc01,05-23 18:00:00+02:00,bus069,0.0
2030,sc01,05-23 18:00:00+02:00,bus014,0.0
2030,sc01,05-23 18:00:00+02:00,bus090,0.0
2030,sc01,05-23 18:00:00+02:00,bus002,0.0
2030,sc01,05-23 18:00:00+02:00,bus005,0.0
2030,sc01,05-23 18:00:00+02:00,bus109,0.0
2030,sc01,05-23 18:00:00+02:00,bus020,0.0
2030,sc01,05-23 18:00:00+02:00,bus065,0.0
2030,sc01,05-23 18:00:00+02:00,bus001,0.0
2030,sc01,05-23 18:00:00+02:00,bus017,0.0
2030,sc01,05-23 18:00:00+02:00,bus015,0.0
2030,sc01,05-23 18:00:00+02:00,bus054,0.0
2030,sc01,05-23 18:00:00+02:00,bus086,0.0
2030,sc01,05-23 18:00:00+02:00,bus032,0.0
2030,sc01,05-23 18:00:00+02:00,bus038,0.0
2030,sc01,05-23 18:00:00+02:00,bus108,0.0
2030,sc01,05-23 18:00:00+02:00,bus087,0.0
2030,sc01,05-23 18:00:00+02:00,bus027,0.0
2030,sc01,05-23 18:00:00+02:00,bus111,0.0
2030,sc01,05-23 18:00:00+02:00,bus025,0.0
2030,sc01,05-23 18:00:00+02:00,bus029,0.0
2030,sc01,05-23 18:00:00+02:00,bus009,0.0
2030,sc01,05-23 18:00:00+02:00,bus043,0.0
2030,sc01,05-23 18:00:00+02:00,bus045,0.0
2030,sc01,05-23 18:00:00+02:00,bus084,0.0
2030,sc01,05-23 18:00:00+02:00,bus013,0.0
2030,sc01,05-23 18:00:00+02:00,bus063,0.0
2030,sc01,05-23 18:00:00+02:00,bus115,0.0
2030,sc01,05-23 18:00:00+02:00,bus010,0.0
2030,sc01,05-23 18:00:00+02:00,bus073,0.0
2030,sc01,05-23 18:00:00+02:00,bus052,0.0
2030,sc01,05-23 18:00:00+02:00,bus096,0.0
2030,sc01,05-23 18:00:00+02:00,bus050,0.0
2030,sc01,05-23 18:00:00+02:00,bus011,0.0
2030,sc01,05-23 18:00:00+02:00,bus055,0.0
2030,sc01,05-23 18:00:00+02:00,bus083,0.0
2030,sc01,05-23 18:00:00+02:00,bus081,0.0
2030,sc01,05-23 18:00:00+02:00,bus022,0.0
2030,sc01,05-23 18:00:00+02:00,bus071,0.0
2030,sc01,05-23 18:00:00+02:00,bus074,0.0
2030,sc01,05-23 18:00:00+02:00,bus040,0.0
2030,sc01,05-23 18:00:00+02:00,bus099,0.0
2030,sc01,05-23 18:00:00+02:00,bus030,0.0
2030,sc01,05-23 18:00:00+02:00,bus098,0.0
2030,sc01,05-23 18:00:00+02:00,bus053,0.0
2030,sc01,05-23 18:00:00+02:00,bus085,0.0
2030,sc01,05-23 18:00:00+02:00,bus101,0.0
2030,sc01,05-23 18:00:00+02:00,bus018,0.0
2030,sc01,05-23 18:00:00+02:00,bus023,0.0
2030,sc01,05-23 18:00:00+02:00,bus088,0.0
2030,sc01,05-23 18:00:00+02:00,bus116,0.0
2030,sc01,05-23 18:00:00+02:00,bus103,0.0
2030,sc01,05-23 18:00:00+02:00,bus008,0.0
2030,sc01,05-23 18:00:00+02:00,bus105,0.0
2030,sc01,05-23 18:00:00+02:00,bus060,0.0
2030,sc01,05-23 18:00:00+02:00,bus016,0.0
2030,sc01,05-23 18:00:00+02:00,bus082,0.0
2030,sc01,05-23 18:00:00+02:00,bus047,0.0
2030,sc01,05-23 18:00:00+02:00,bus019,0.0
2030,sc01,05-23 18:00:00+02:00,bus037,0.0
2030,sc01,05-23 18:00:00+02:00,bus006,0.0
2030,sc01,05-23 18:00:00+02:00,bus080,0.0
2030,sc01,05-23 18:00:00+02:00,bus031,0.0
2030,sc01,05-23 18:00:00+02:00,bus048,0.0
2030,sc01,05-23 18:00:00+02:00,bus107,0.0
2030,sc01,05-23 18:00:00+02:00,bus049,0.0
2030,sc01,05-23 18:00:00+02:00,bus104,0.0
2030,sc01,05-23 18:00:00+02:00,bus100,0.0
2030,sc01,05-23 18:00:00+02:00,bus072,0.0
2030,sc01,05-23 18:00:00+02:00,bus039,0.0
2030,sc01,05-23 18:00:00+02:00,bus012,0.0
2030,sc01,05-23 18:00:00+02:00,bus114,0.0
2030,sc01,05-23 18:00:00+02:00,bus112,0.0
2030,sc01,05-23 18:00:00+02:00,bus058,0.0
2030,sc01,05-23 18:00:00+02:00,bus089,0.0
2030,sc01,05-23 18:00:00+02:00,bus051,0.0
2030,sc01,05-23 18:00:00+02:00,bus056,0.0
2030,sc01,05-23 18:00:00+02:00,bus092,0.0
2030,sc01,05-23 18:00:00+02:00,bus036,0.0
2030,sc01,05-23 18:00:00+02:00,bus094,0.0
2030,sc01,05-23 18:00:00+02:00,bus095,0.0
2030,sc01,05-23 18:00:00+02:00,bus113,0.0
2030,sc01,05-23 18:00:00+02:00,bus024,0.0
2030,sc01,05-23 18:00:00+02:00,bus078,0.0
2030,sc01,05-23 18:00:00+02:00,bus033,0.0
2030,sc01,05-23 18:00:00+02:00,bus079,0.0
2030,sc01,05-23 18:00:00+02:00,bus061,0.0
2030,sc01,05-23 18:00:00+02:00,bus118,0.0
2030,sc01,05-23 18:00:00+02:00,bus003,0.0
2030,sc01,05-23 18:00:00+02:00,bus070,0.0
2030,sc01,05-23 18:00:00+02:00,bus004,0.0
2030,sc01,05-23 18:00:00+02:00,bus021,0.0
2030,sc01,05-23 18:00:00+02:00,bus068,0.0
2030,sc01,05-23 18:00:00+02:00,bus028,0.0
2030,sc01,05-23 18:00:00+02:00,bus034,0.0
2030,sc01,05-23 18:00:00+02:00,bus075,0.0
2030,sc01,05-23 18:00:00+02:00,bus064,0.0
2030,sc01,05-23 18:00:00+02:00,bus106,0.0
2030,sc01,05-23 18:00:00+02:00,bus076,0.0
2030,sc01,05-23 18:00:00+02:00,bus046,0.0
2030,sc01,05-23 18:00:00+02:00,bus007,0.0
2030,sc01,05-23 18:00:00+02:00,bus035,0.0
2030,sc01,05-23 18:00:00+02:00,bus117,0.0
2030,sc01,05-23 18:00:00+02:00,bus041,0.0
2030,sc01,05-23 18:00:00+02:00,bus102,0.0
2030,sc01,05-23 18:00:00+02:00,bus026,0.0
2030,sc01,05-23 18:00:00+02:00,bus077,0.0
2030,sc01,05-23 18:00:00+02:00,bus044,0.0
2030,sc01,05-23 18:00:00+02:00,bus091,0.0
2030,sc01,05-23 18:00:00+02:00,bus062,0.0
2030,sc01,05-31 10:00:00+02:00,bus093,0.0
2030,sc01,05-31 10:00:00+02:00,bus097,0.0
2030,sc01,05-31 10:00:00+02:00,bus110,0.0
2030,sc01,05-31 10:00:00+02:00,bus042,0.0
2030,sc01,05-31 10:00:00+02:00,bus066,0.0
2030,sc01,05-31 10:00:00+02:00,bus059,0.0
2030,sc01,05-31 10:00:00+02:00,bus057,0.0
2030,sc01,05-31 10:00:00+02:00,bus067,0.0
2030,sc01,05-31 10:00:00+02:00,bus069,0.0
2030,sc01,05-31 10:00:00+02:00,bus014,0.0
2030,sc01,05-31 10:00:00+02:00,bus090,0.0
2030,sc01,05-31 10:00:00+02:00,bus002,0.0
2030,sc01,05-31 10:00:00+02:00,bus005,0.0
2030,sc01,05-31 10:00:00+02:00,bus109,0.0
2030,sc01,05-31 10:00:00+02:00,bus020,0.0
2030,sc01,05-31 10:00:00+02:00,bus065,0.0
2030,sc01,05-31 10:00:00+02:00,bus001,0.0
2030,sc01,05-31 10:00:00+02:00,bus017,0.0
2030,sc01,05-31 10:00:00+02:00,bus015,0.0
2030,sc01,05-31 10:00:00+02:00,bus054,0.0
2030,sc01,05-31 10:00:00+02:00,bus086,0.0
2030,sc01,05-31 10:00:00+02:00,bus032,0.0
2030,sc01,05-31 10:00:00+02:00,bus038,0.0
2030,sc01,05-31 10:00:00+02:00,bus108,0.0
2030,sc01,05-31 10:00:00+02:00,bus087,0.0
2030,sc01,05-31 10:00:00+02:00,bus027,0.0
2030,sc01,05-31 10:00:00+02:00,bus111,0.0
2030,sc01,05-31 10:00:00+02:00,bus025,0.0
2030,sc01,05-31 10:00:00+02:00,bus029,0.0
2030,sc01,05-31 10:00:00+02:00,bus009,0.0
2030,sc01,05-31 10:00:00+02:00,bus043,0.0
2030,sc01,05-31 10:00:00+02:00,bus045,0.0
2030,sc01,05-31 10:00:00+02:00,bus084,0.0
2030,sc01,05-31 10:00:00+02:00,bus013,0.0
2030,sc01,05-31 10:00:00+02:00,bus063,0.0
2030,sc01,05-31 10:00:00+02:00,bus115,0.0
2030,sc01,05-31 10:00:00+02:00,bus010,0.0
2030,sc01,05-31 10:00:00+02:00,bus073,0.0
2030,sc01,05-31 10:00:00+02:00,bus052,0.0
2030,sc01,05-31 10:00:00+02:00,bus096,0.0
2030,sc01,05-31 10:00:00+02:00,bus050,0.0
2030,sc01,05-31 10:00:00+02:00,bus011,0.0
2030,sc01,05-31 10:00:00+02:00,bus055,0.0
2030,sc01,05-31 10:00:00+02:00,bus083,0.0
2030,sc01,05-31 10:00:00+02:00,bus081,0.0
2030,sc01,05-31 10:00:00+02:00,bus022,0.0
2030,sc01,05-31 10:00:00+02:00,bus071,0.0
2030,sc01,05-31 10:00:00+02:00,bus074,0.0
2030,sc01,05-31 10:00:00+02:00,bus040,0.0
2030,sc01,05-31 10:00:00+02:00,bus099,0.0
2030,sc01,05-31 10:00:00+02:00,bus030,0.0
2030,sc01,05-31 10:00:00+02:00,bus098,0.0
2030,sc01,05-31 10:00:00+02:00,bus053,0.0
2030,sc01,05-31 10:00:00+02:00,bus085,0.0
2030,sc01,05-31 10:00:00+02:00,bus101,0.0
2030,sc01,05-31 10:00:00+02:00,bus018,0.0
2030,sc01,05-31 10:00:00+02:00,bus023,0.0
2030,sc01,05-31 10:00:00+02:00,bus088,0.0
2030,sc01,05-31 10:00:00+02:00,bus116,0.0
2030,sc01,05-31 10:00:00+02:00,bus103,0.0
2030,sc01,05-31 10:00:00+02:00,bus008,0.0
2030,sc01,05-31 10:00:00+02:00,bus105,0.0
2030,sc01,05-31 10:00:00+02:00,bus060,0.0
2030,sc01,05-31 10:00:00+02:00,bus016,0.0
2030,sc01,05-31 10:00:00+02:00,bus082,0.0
2030,sc01,05-31 10:00:00+02:00,bus047,0.0
2030,sc01,05-31 10:00:00+02:00,bus019,0.0
2030,sc01,05-31 10:00:00+02:00,bus037,0.0
2030,sc01,05-31 10:00:00+02:00,bus006,0.0
2030,sc01,05-31 10:00:00+02:00,bus080,0.0
2030,sc01,05-31 10:00:00+02:00,bus031,0.0
2030,sc01,05-31 10:00:00+02:00,bus048,0.0
2030,sc01,05-31 10:00:00+02:00,bus107,0.0
2030,sc01,05-31 10:00:00+02:00,bus049,0.0
2030,sc01,05-31 10:00:00+02:00,bus104,0.0
2030,sc01,05-31 10:00:00+02:00,bus100,0.0
2030,sc01,05-31 10:00:00+02:00,bus072,0.0
2030,sc01,05-31 10:00:00+02:00,bus039,0.0
2030,sc01,05-31 10:00:00+02:00,bus012,0.0
2030,sc01,05-31 10:00:00+02:00,bus114,0.0
2030,sc01,05-31 10:00:00+02:00,bus112,0.0
2030,sc01,05-31 10:00:00+02:00,bus058,0.0
2030,sc01,05-31 10:00:00+02:00,bus089,0.0
2030,sc01,05-31 10:00:00+02:00,bus051,0.0
2030,sc01,05-31 10:00:00+02:00,bus056,0.0
2030,sc01,05-31 10:00:00+02:00,bus092,0.0
2030,sc01,05-31 10:00:00+02:00,bus036,0.0
2030,sc01,05-31 10:00:00+02:00,bus094,0.0
2030,sc01,05-31 10:00:00+02:00,bus095,0.0
2030,sc01,05-31 10:00:00+02:00,bus113,0.0
2030,sc01,05-31 10:00:00+02:00,bus024,0.0
2030,sc01,05-31 10:00:00+02:00,bus078,0.0
2030,sc01,05-31 10:00:00+02:00,bus033,0.0
2030,sc01,05-31 10:00:00+02:00,bus079,0.0
2030,sc01,05-31 10:00:00+02:00,bus061,0.0
2030,sc01,05-31 10:00:00+02:00,bus118,0.0
2030,sc01,05-31 10:00:00+02:00,bus003,0.0
2030,sc01,05-31 10:00:00+02:00,bus070,0.0
2030,sc01,05-31 10:00:00+02:00,bus004,0.0
2030,sc01,05-31 10:00:00+02:00,bus021,0.0
2030,sc01,05-31 10:00:00+02:00,bus068,0.0
2030,sc01,05-31 10:00:00+02:00,bus028,0.0
2030,sc01,05-31 10:00:00+02:00,bus034,0.0
2030,sc01,05-31 10:00:00+02:00,bus075,0.0
2030,sc01,05-31 10:00:00+02:00,bus064,0.0
2030,sc01,05-31 10:00:00+02:00,bus106,0.0
2030,sc01,05-31 10:00:00+02:00,bus076,0.0
2030,sc01,05-31 10:00:00+02:00,bus046,0.0
2030,sc01,05-31 10:00:00+02:00,bus007,0.0
2030,sc01,05-31 10:00:00+02:00,bus035,0.0
2030,sc01,05-31 10:00:00+02:00,bus117,0.0
2030,sc01,05-31 10:00:00+02:00,bus041,0.0
2030,sc01,05-31 10:00:00+02:00,bus102,0.0
2030,sc01,05-31 10:00:00+02:00,bus026,0.0
2030,sc01,05-31 10:00:00+02:00,bus077,0.0
2030,sc01,05-31 10:00:00+02:00,bus044,0.0
2030,sc01,05-31 10:00:00+02:00,bus091,0.0
2030,sc01,05-31 10:00:00+02:00,bus062,0.0
2030,sc01,05-31 19:00:00+02:00,bus093,0.0
2030,sc01,05-31 19:00:00+02:00,bus097,0.0
2030,sc01,05-31 19:00:00+02:00,bus110,0.0
2030,sc01,05-31 19:00:00+02:00,bus042,0.0
2030,sc01,05-31 19:00:00+02:00,bus066,0.0
2030,sc01,05-31 19:00:00+02:00,bus059,0.0
2030,sc01,05-31 19:00:00+02:00,bus057,0.0
2030,sc01,05-31 19:00:00+02:00,bus067,0.0
2030,sc01,05-31 19:00:00+02:00,bus069,0.0
2030,sc01,05-31 19:00:00+02:00,bus014,0.0
2030,sc01,05-31 19:00:00+02:00,bus090,0.0
2030,sc01,05-31 19:00:00+02:00,bus002,0.0
2030,sc01,05-31 19:00:00+02:00,bus005,0.0
2030,sc01,05-31 19:00:00+02:00,bus109,0.0
2030,sc01,05-31 19:00:00+02:00,bus020,0.0
2030,sc01,05-31 19:00:00+02:00,bus065,0.0
2030,sc01,05-31 19:00:00+02:00,bus001,0.0
2030,sc01,05-31 19:00:00+02:00,bus017,0.0
2030,sc01,05-31 19:00:00+02:00,bus015,0.0
2030,sc01,05-31 19:00:00+02:00,bus054,0.0
2030,sc01,05-31 19:00:00+02:00,bus086,0.0
2030,sc01,05-31 19:00:00+02:00,bus032,0.0
2030,sc01,05-31 19:00:00+02:00,bus038,0.0
2030,sc01,05-31 19:00:00+02:00,bus108,0.0
2030,sc01,05-31 19:00:00+02:00,bus087,0.0
2030,sc01,05-31 19:00:00+02:00,bus027,0.0
2030,sc01,05-31 19:00:00+02:00,bus111,0.0
2030,sc01,05-31 19:00:00+02:00,bus025,0.0
2030,sc01,05-31 19:00:00+02:00,bus029,0.0
2030,sc01,05-31 19:00:00+02:00,bus009,0.0
2030,sc01,05-31 19:00:00+02:00,bus043,0.0
2030,sc01,05-31 19:00:00+02:00,bus045,0.0
2030,sc01,05-31 19:00:00+02:00,bus084,0.0
2030,sc01,05-31 19:00:00+02:00,bus013,0.0
2030,sc01,05-31 19:00:00+02:00,bus063,0.0
2030,sc01,05-31 19:00:00+02:00,bus115,0.0
2030,sc01,05-31 19:00:00+02:00,bus010,0.0
2030,sc01,05-31 19:00:00+02:00,bus073,0.0
2030,sc01,05-31 19:00:00+02:00,bus052,0.0
2030,sc01,05-31 19:00:00+02:00,bus096,0.0
2030,sc01,05-31 19:00:00+02:00,bus050,0.0
2030,sc01,05-31 19:00:00+02:00,bus011,0.0
2030,sc01,05-31 19:00:00+02:00,bus055,0.0
2030,sc01,05-31 19:00:00+02:00,bus083,0.0
2030,sc01,05-31 19:00:00+02:00,bus081,0.0
2030,sc01,05-31 19:00:00+02:00,bus022,0.0
2030,sc01,05-31 19:00:00+02:00,bus071,0.0
2030,sc01,05-31 19:00:00+02:00,bus074,0.0
2030,sc01,05-31 19:00:00+02:00,bus040,0.0
2030,sc01,05-31 19:00:00+02:00,bus099,0.0
2030,sc01,05-31 19:00:00+02:00,bus030,0.0
2030,sc01,05-31 19:00:00+02:00,bus098,0.0
2030,sc01,05-31 19:00:00+02:00,bus053,0.0
2030,sc01,05-31 19:00:00+02:00,bus085,0.0
2030,sc01,05-31 19:00:00+02:00,bus101,0.0
2030,sc01,05-31 19:00:00+02:00,bus018,0.0
2030,sc01,05-31 19:00:00+02:00,bus023,0.0
2030,sc01,05-31 19:00:00+02:00,bus088,0.0
2030,sc01,05-31 19:00:00+02:00,bus116,0.0
2030,sc01,05-31 19:00:00+02:00,bus103,0.0
2030,sc01,05-31 19:00:00+02:00,bus008,0.0
2030,sc01,05-31 19:00:00+02:00,bus105,0.0
2030,sc01,05-31 19:00:00+02:00,bus060,0.0
2030,sc01,05-31 19:00:00+02:00,bus016,0.0
2030,sc01,05-31 19:00:00+02:00,bus082,0.0
2030,sc01,05-31 19:00:00+02:00,bus047,0.0
2030,sc01,05-31 19:00:00+02:00,bus019,0.0
2030,sc01,05-31 19:00:00+02:00,bus037,0.0
2030,sc01,05-31 19:00:00+02:00,bus006,0.0
2030,sc01,05-31 19:00:00+02:00,bus080,0.0
2030,sc01,05-31 19:00:00+02:00,bus031,0.0
2030,sc01,05-31 19:00:00+02:00,bus048,0.0
2030,sc01,05-31 19:00:00+02:00,bus107,0.0
2030,sc01,05-31 19:00:00+02:00,bus049,0.0
2030,sc01,05-31 19:00:00+02:00,bus104,0.0
2030,sc01,05-31 19:00:00+02:00,bus100,0.0
2030,sc01,05-31 19:00:00+02:00,bus072,0.0
2030,sc01,05-31 19:00:00+02:00,bus039,0.0
2030,sc01,05-31 19:00:00+02:00,bus012,0.0
2030,sc01,05-31 19:00:00+02:00,bus114,0.0
2030,sc01,05-31 19:00:00+02:00,bus112,0.0
2030,sc01,05-31 19:00:00+02:00,bus058,0.0
2030,sc01,05-31 19:00:00+02:00,bus089,0.0
2030,sc01,05-31 19:00:00+02:00,bus051,0.0
2030,sc01,05-31 19:00:00+02:00,bus056,0.0
2030,sc01,05-31 19:00:00+02:00,bus092,0.0
2030,sc01,05-31 19:00:00+02:00,bus036,0.0
2030,sc01,05-31 19:00:00+02:00,bus094,0.0
2030,sc01,05-31 19:00:00+02:00,bus095,0.0
2030,sc01,05-31 19:00:00+02:00,bus113,0.0
2030,sc01,05-31 19:00:00+02:00,bus024,0.0
2030,sc01,05-31 19:00:00+02:00,bus078,0.0
2030,sc01,05-31 19:00:00+02:00,bus033,0.0
2030,sc01,05-31 19:00:00+02:00,bus079,0.0
2030,sc01,05-31 19:00:00+02:00,bus061,0.0
2030,sc01,05-31 19:00:00+02:00,bus118,0.0
2030,sc01,05-31 19:00:00+02:00,bus003,0.0
2030,sc01,05-31 19:00:00+02:00,bus070,0.0
2030,sc01,05-31 19:00:00+02:00,bus004,0.0
2030,sc01,05-31 19:00:00+02:00,bus021,0.0
2030,sc01,05-31 19:00:00+02:00,bus068,0.0
2030,sc01,05-31 19:00:00+02:00,bus028,0.0
2030,sc01,05-31 19:00:00+02:00,bus034,0.0
2030,sc01,05-31 19:00:00+02:00,bus075,0.0
2030,sc01,05-31 19:00:00+02:00,bus064,0.0
2030,sc01,05-31 19:00:00+02:00,bus106,0.0
2030,sc01,05-31 19:00:00+02:00,bus076,0.0
2030,sc01,05-31 19:00:00+02:00,bus046,0.0
2030,sc01,05-31 19:00:00+02:00,bus007,0.0
2030,sc01,05-31 19:00:00+02:00,bus035,0.0
2030,sc01,05-31 19:00:00+02:00,bus117,0.0
2030,sc01,05-31 19:00:00+02:00,bus041,0.0
2030,sc01,05-31 19:00:00+02:00,bus102,0.0
2030,sc01,05-31 19:00:00+02:00,bus026,0.0
2030,sc01,05-31 19:00:00+02:00,bus077,0.0
2030,sc01,05-31 19:00:00+02:00,bus044,0.0
2030,sc01,05-31 19:00:00+02:00,bus091,0.0
2030,sc01,05-31 19:00:00+02:00,bus062,0.0
2030,sc01,06-03 18:00:00+02:00,bus093,0.0
2030,sc01,06-03 18:00:00+02:00,bus097,0.0
2030,sc01,06-03 18:00:00+02:00,bus110,0.0
2030,sc01,06-03 18:00:00+02:00,bus042,0.0
2030,sc01,06-03 18:00:00+02:00,bus066,0.0
2030,sc01,06-03 18:00:00+02:00,bus059,0.0
2030,sc01,06-03 18:00:00+02:00,bus057,0.0
2030,sc01,06-03 18:00:00+02:00,bus067,0.0
2030,sc01,06-03 18:00:00+02:00,bus069,0.0
2030,sc01,06-03 18:00:00+02:00,bus014,0.0
2030,sc01,06-03 18:00:00+02:00,bus090,0.0
2030,sc01,06-03 18:00:00+02:00,bus002,0.0
2030,sc01,06-03 18:00:00+02:00,bus005,0.0
2030,sc01,06-03 18:00:00+02:00,bus109,0.0
2030,sc01,06-03 18:00:00+02:00,bus020,0.0
2030,sc01,06-03 18:00:00+02:00,bus065,0.0
2030,sc01,06-03 18:00:00+02:00,bus001,0.0
2030,sc01,06-03 18:00:00+02:00,bus017,0.0
2030,sc01,06-03 18:00:00+02:00,bus015,0.0
2030,sc01,06-03 18:00:00+02:00,bus054,0.0
2030,sc01,06-03 18:00:00+02:00,bus086,0.0
2030,sc01,06-03 18:00:00+02:00,bus032,0.0
2030,sc01,06-03 18:00:00+02:00,bus038,0.0
2030,sc01,06-03 18:00:00+02:00,bus108,0.0
2030,sc01,06-03 18:00:00+02:00,bus087,0.0
2030,sc01,06-03 18:00:00+02:00,bus027,0.0
2030,sc01,06-03 18:00:00+02:00,bus111,0.0
2030,sc01,06-03 18:00:00+02:00,bus025,0.0
2030,sc01,06-03 18:00:00+02:00,bus029,0.0
2030,sc01,06-03 18:00:00+02:00,bus009,0.0
2030,sc01,06-03 18:00:00+02:00,bus043,0.0
2030,sc01,06-03 18:00:00+02:00,bus045,0.0
2030,sc01,06-03 18:00:00+02:00,bus084,0.0
2030,sc01,06-03 18:00:00+02:00,bus013,0.0
2030,sc01,06-03 18:00:00+02:00,bus063,0.0
2030,sc01,06-03 18:00:00+02:00,bus115,0.0
2030,sc01,06-03 18:00:00+02:00,bus010,0.0
2030,sc01,06-03 18:00:00+02:00,bus073,0.0
2030,sc01,06-03 18:00:00+02:00,bus052,0.0
2030,sc01,06-03 18:00:00+02:00,bus096,0.0
2030,sc01,06-03 18:00:00+02:00,bus050,0.0
2030,sc01,06-03 18:00:00+02:00,bus011,0.0
2030,sc01,06-03 18:00:00+02:00,bus055,0.0
2030,sc01,06-03 18:00:00+02:00,bus083,0.0
2030,sc01,06-03 18:00:00+02:00,bus081,0.0
2030,sc01,06-03 18:00:00+02:00,bus022,0.0
2030,sc01,06-03 18:00:00+02:00,bus071,0.0
2030,sc01,06-03 18:00:00+02:00,bus074,0.0
2030,sc01,06-03 18:00:00+02:00,bus040,0.0
2030,sc01,06-03 18:00:00+02:00,bus099,0.0
2030,sc01,06-03 18:00:00+02:00,bus030,0.0
2030,sc01,06-03 18:00:00+02:00,bus098,0.0
2030,sc01,06-03 18:00:00+02:00,bus053,0.0
2030,sc01,06-03 18:00:00+02:00,bus085,0.0
2030,sc01,06-03 18:00:00+02:00,bus101,0.0
2030,sc01,06-03 18:00:00+02:00,bus018,0.0
2030,sc01,06-03 18:00:00+02:00,bus023,0.0
2030,sc01,06-03 18:00:00+02:00,bus088,0.0
2030,sc01,06-03 18:00:00+02:00,bus116,0.0
2030,sc01,06-03 18:00:00+02:00,bus103,0.0
2030,sc01,06-03 18:00:00+02:00,bus008,0.0
2030,sc01,06-03 18:00:00+02:00,bus105,0.0
2030,sc01,06-03 18:00:00+02:00,bus060,0.0
2030,sc01,06-03 18:00:00+02:00,bus016,0.0
2030,sc01,06-03 18:00:00+02:00,bus082,0.0
2030,sc01,06-03 18:00:00+02:00,bus047,0.0
2030,sc01,06-03 18:00:00+02:00,bus019,0.0
2030,sc01,06-03 18:00:00+02:00,bus037,0.0
2030,sc01,06-03 18:00:00+02:00,bus006,0.0
2030,sc01,06-03 18:00:00+02:00,bus080,0.0
2030,sc01,06-03 18:00:00+02:00,bus031,0.0
2030,sc01,06-03 18:00:00+02:00,bus048,0.0
2030,sc01,06-03 18:00:00+02:00,bus107,0.0
2030,sc01,06-03 18:00:00+02:00,bus049,0.0
2030,sc01,06-03 18:00:00+02:00,bus104,0.0
2030,sc01,06-03 18:00:00+02:00,bus100,0.0
2030,sc01,06-03 18:00:00+02:00,bus072,0.0
2030,sc01,06-03 18:00:00+02:00,bus039,0.0
2030,sc01,06-03 18:00:00+02:00,bus012,0.0
2030,sc01,06-03 18:00:00+02:00,bus114,0.0
2030,sc01,06-03 18:00:00+02:00,bus112,0.0
2030,sc01,06-03 18:00:00+02:00,bus058,0.0
2030,sc01,06-03 18:00:00+02:00,bus089,0.0
2030,sc01,06-03 18:00:00+02:00,bus051,0.0
2030,sc01,06-03 18:00:00+02:00,bus056,0.0
2030,sc01,06-03 18:00:00+02:00,bus092,0.0
2030,sc01,06-03 18:00:00+02:00,bus036,0.0
2030,sc01,06-03 18:00:00+02:00,bus094,0.0
2030,sc01,06-03 18:00:00+02:00,bus095,0.0
2030,sc01,06-03 18:00:00+02:00,bus113,0.0
2030,sc01,06-03 18:00:00+02:00,bus024,0.0
2030,sc01,06-03 18:00:00+02:00,bus078,0.0
2030,sc01,06-03 18:00:00+02:00,bus033,0.0
2030,sc01,06-03 18:00:00+02:00,bus079,0.0
2030,sc01,06-03 18:00:00+02:00,bus061,0.0
2030,sc01,06-03 18:00:00+02:00,bus118,0.0
2030,sc01,06-03 18:00:00+02:00,bus003,0.0
2030,sc01,06-03 18:00:00+02:00,bus070,0.0
2030,sc01,06-03 18:00:00+02:00,bus004,0.0
2030,sc01,06-03 18:00:00+02:00,bus021,0.0
2030,sc01,06-03 18:00:00+02:00,bus068,0.0
2030,sc01,06-03 18:00:00+02:00,bus028,0.0
2030,sc01,06-03 18:00:00+02:00,bus034,0.0
2030,sc01,06-03 18:00:00+02:00,bus075,0.0
2030,sc01,06-03 18:00:00+02:00,bus064,0.0
2030,sc01,06-03 18:00:00+02:00,bus106,0.0
2030,sc01,06-03 18:00:00+02:00,bus076,0.0
2030,sc01,06-03 18:00:00+02:00,bus046,0.0
2030,sc01,06-03 18:00:00+02:00,bus007,0.0
2030,sc01,06-03 18:00:00+02:00,bus035,0.0
2030,sc01,06-03 18:00:00+02:00,bus117,0.0
2030,sc01,06-03 18:00:00+02:00,bus041,0.0
2030,sc01,06-03 18:00:00+02:00,bus102,0.0
2030,sc01,06-03 18:00:00+02:00,bus026,0.0
2030,sc01,06-03 18:00:00+02:00,bus077,0.0
2030,sc01,06-03 18:00:00+02:00,bus044,0.0
2030,sc01,06-03 18:00:00+02:00,bus091,0.0
2030,sc01,06-03 18:00:00+02:00,bus062,0.0
2030,sc01,06-04 15:00:00+02:00,bus093,0.0
2030,sc01,06-04 15:00:00+02:00,bus097,0.0
2030,sc01,06-04 15:00:00+02:00,bus110,0.0
2030,sc01,06-04 15:00:00+02:00,bus042,0.0
2030,sc01,06-04 15:00:00+02:00,bus066,0.0
2030,sc01,06-04 15:00:00+02:00,bus059,0.0
2030,sc01,06-04 15:00:00+02:00,bus057,0.0
2030,sc01,06-04 15:00:00+02:00,bus067,0.0
2030,sc01,06-04 15:00:00+02:00,bus069,0.0
2030,sc01,06-04 15:00:00+02:00,bus014,0.0
2030,sc01,06-04 15:00:00+02:00,bus090,0.0
2030,sc01,06-04 15:00:00+02:00,bus002,0.0
2030,sc01,06-04 15:00:00+02:00,bus005,0.0
2030,sc01,06-04 15:00:00+02:00,bus109,0.0
2030,sc01,06-04 15:00:00+02:00,bus020,0.0
2030,sc01,06-04 15:00:00+02:00,bus065,0.0
2030,sc01,06-04 15:00:00+02:00,bus001,0.0
2030,sc01,06-04 15:00:00+02:00,bus017,0.0
2030,sc01,06-04 15:00:00+02:00,bus015,0.0
2030,sc01,06-04 15:00:00+02:00,bus054,0.0
2030,sc01,06-04 15:00:00+02:00,bus086,0.0
2030,sc01,06-04 15:00:00+02:00,bus032,0.0
2030,sc01,06-04 15:00:00+02:00,bus038,0.0
2030,sc01,06-04 15:00:00+02:00,bus108,0.0
2030,sc01,06-04 15:00:00+02:00,bus087,0.0
2030,sc01,06-04 15:00:00+02:00,bus027,0.0
2030,sc01,06-04 15:00:00+02:00,bus111,0.0
2030,sc01,06-04 15:00:00+02:00,bus025,0.0
2030,sc01,06-04 15:00:00+02:00,bus029,0.0
2030,sc01,06-04 15:00:00+02:00,bus009,0.0
2030,sc01,06-04 15:00:00+02:00,bus043,0.0
2030,sc01,06-04 15:00:00+02:00,bus045,0.0
2030,sc01,06-04 15:00:00+02:00,bus084,0.0
2030,sc01,06-04 15:00:00+02:00,bus013,0.0
2030,sc01,06-04 15:00:00+02:00,bus063,0.0
2030,sc01,06-04 15:00:00+02:00,bus115,0.0
2030,sc01,06-04 15:00:00+02:00,bus010,0.0
2030,sc01,06-04 15:00:00+02:00,bus073,0.0
2030,sc01,06-04 15:00:00+02:00,bus052,0.0
2030,sc01,06-04 15:00:00+02:00,bus096,0.0
2030,sc01,06-04 15:00:00+02:00,bus050,0.0
2030,sc01,06-04 15:00:00+02:00,bus011,0.0
2030,sc01,06-04 15:00:00+02:00,bus055,0.0
2030,sc01,06-04 15:00:00+02:00,bus083,0.0
2030,sc01,06-04 15:00:00+02:00,bus081,0.0
2030,sc01,06-04 15:00:00+02:00,bus022,0.0
2030,sc01,06-04 15:00:00+02:00,bus071,0.0
2030,sc01,06-04 15:00:00+02:00,bus074,0.0
2030,sc01,06-04 15:00:00+02:00,bus040,0.0
2030,sc01,06-04 15:00:00+02:00,bus099,0.0
2030,sc01,06-04 15:00:00+02:00,bus030,0.0
2030,sc01,06-04 15:00:00+02:00,bus098,0.0
2030,sc01,06-04 15:00:00+02:00,bus053,0.0
2030,sc01,06-04 15:00:00+02:00,bus085,0.0
2030,sc01,06-04 15:00:00+02:00,bus101,0.0
2030,sc01,06-04 15:00:00+02:00,bus018,0.0
2030,sc01,06-04 15:00:00+02:00,bus023,0.0
2030,sc01,06-04 15:00:00+02:00,bus088,0.0
2030,sc01,06-04 15:00:00+02:00,bus116,0.0
2030,sc01,06-04 15:00:00+02:00,bus103,0.0
2030,sc01,06-04 15:00:00+02:00,bus008,0.0
2030,sc01,06-04 15:00:00+02:00,bus105,0.0
2030,sc01,06-04 15:00:00+02:00,bus060,0.0
2030,sc01,06-04 15:00:00+02:00,bus016,0.0
2030,sc01,06-04 15:00:00+02:00,bus082,0.0
2030,sc01,06-04 15:00:00+02:00,bus047,0.0
2030,sc01,06-04 15:00:00+02:00,bus019,0.0
2030,sc01,06-04 15:00:00+02:00,bus037,0.0
2030,sc01,06-04 15:00:00+02:00,bus006,0.0
2030,sc01,06-04 15:00:00+02:00,bus080,0.0
2030,sc01,06-04 15:00:00+02:00,bus031,0.0
2030,sc01,06-04 15:00:00+02:00,bus048,0.0
2030,sc01,06-04 15:00:00+02:00,bus107,0.0
2030,sc01,06-04 15:00:00+02:00,bus049,0.0
2030,sc01,06-04 15:00:00+02:00,bus104,0.0
2030,sc01,06-04 15:00:00+02:00,bus100,0.0
2030,sc01,06-04 15:00:00+02:00,bus072,0.0
2030,sc01,06-04 15:00:00+02:00,bus039,0.0
2030,sc01,06-04 15:00:00+02:00,bus012,0.0
2030,sc01,06-04 15:00:00+02:00,bus114,0.0
2030,sc01,06-04 15:00:00+02:00,bus112,0.0
2030,sc01,06-04 15:00:00+02:00,bus058,0.0
2030,sc01,06-04 15:00:00+02:00,bus089,0.0
2030,sc01,06-04 15:00:00+02:00,bus051,0.0
2030,sc01,06-04 15:00:00+02:00,bus056,0.0
2030,sc01,06-04 15:00:00+02:00,bus092,0.0
2030,sc01,06-04 15:00:00+02:00,bus036,0.0
2030,sc01,06-04 15:00:00+02:00,bus094,0.0
2030,sc01,06-04 15:00:00+02:00,bus095,0.0
2030,sc01,06-04 15:00:00+02:00,bus113,0.0
2030,sc01,06-04 15:00:00+02:00,bus024,0.0
2030,sc01,06-04 15:00:00+02:00,bus078,0.0
2030,sc01,06-04 15:00:00+02:00,bus033,0.0
2030,sc01,06-04 15:00:00+02:00,bus079,0.0
2030,sc01,06-04 15:00:00+02:00,bus061,0.0
2030,sc01,06-04 15:00:00+02:00,bus118,0.0
2030,sc01,06-04 15:00:00+02:00,bus003,0.0
2030,sc01,06-04 15:00:00+02:00,bus070,0.0
2030,sc01,06-04 15:00:00+02:00,bus004,0.0
2030,sc01,06-04 15:00:00+02:00,bus021,0.0
2030,sc01,06-04 15:00:00+02:00,bus068,0.0
2030,sc01,06-04 15:00:00+02:00,bus028,0.0
2030,sc01,06-04 15:00:00+02:00,bus034,0.0
2030,sc01,06-04 15:00:00+02:00,bus075,0.0
2030,sc01,06-04 15:00:00+02:00,bus064,0.0
2030,sc01,06-04 15:00:00+02:00,bus106,0.0
2030,sc01,06-04 15:00:00+02:00,bus076,0.0
2030,sc01,06-04 15:00:00+02:00,bus046,0.0
2030,sc01,06-04 15:00:00+02:00,bus007,0.0
2030,sc01,06-04 15:00:00+02:00,bus035,0.0
2030,sc01,06-04 15:00:00+02:00,bus117,0.0
2030,sc01,06-04 15:00:00+02:00,bus041,0.0
2030,sc01,06-04 15:00:00+02:00,bus102,0.0
2030,sc01,06-04 15:00:00+02:00,bus026,0.0
2030,sc01,06-04 15:00:00+02:00,bus077,0.0
2030,sc01,06-04 15:00:00+02:00,bus044,0.0
2030,sc01,06-04 15:00:00+02:00,bus091,0.0
2030,sc01,06-04 15:00:00+02:00,bus062,0.0
2030,sc01,06-04 19:00:00+02:00,bus093,0.0
2030,sc01,06-04 19:00:00+02:00,bus097,0.0
2030,sc01,06-04 19:00:00+02:00,bus110,0.0
2030,sc01,06-04 19:00:00+02:00,bus042,0.0
2030,sc01,06-04 19:00:00+02:00,bus066,0.0
2030,sc01,06-04 19:00:00+02:00,bus059,0.0
2030,sc01,06-04 19:00:00+02:00,bus057,0.0
2030,sc01,06-04 19:00:00+02:00,bus067,0.0
2030,sc01,06-04 19:00:00+02:00,bus069,0.0
2030,sc01,06-04 19:00:00+02:00,bus014,0.0
2030,sc01,06-04 19:00:00+02:00,bus090,0.0
2030,sc01,06-04 19:00:00+02:00,bus002,0.0
2030,sc01,06-04 19:00:00+02:00,bus005,0.0
2030,sc01,06-04 19:00:00+02:00,bus109,0.0
2030,sc01,06-04 19:00:00+02:00,bus020,0.0
2030,sc01,06-04 19:00:00+02:00,bus065,0.0
2030,sc01,06-04 19:00:00+02:00,bus001,0.0
2030,sc01,06-04 19:00:00+02:00,bus017,0.0
2030,sc01,06-04 19:00:00+02:00,bus015,0.0
2030,sc01,06-04 19:00:00+02:00,bus054,0.0
2030,sc01,06-04 19:00:00+02:00,bus086,0.0
2030,sc01,06-04 19:00:00+02:00,bus032,0.0
2030,sc01,06-04 19:00:00+02:00,bus038,0.0
2030,sc01,06-04 19:00:00+02:00,bus108,0.0
2030,sc01,06-04 19:00:00+02:00,bus087,0.0
2030,sc01,06-04 19:00:00+02:00,bus027,0.0
2030,sc01,06-04 19:00:00+02:00,bus111,0.0
2030,sc01,06-04 19:00:00+02:00,bus025,0.0
2030,sc01,06-04 19:00:00+02:00,bus029,0.0
2030,sc01,06-04 19:00:00+02:00,bus009,0.0
2030,sc01,06-04 19:00:00+02:00,bus043,0.0
2030,sc01,06-04 19:00:00+02:00,bus045,0.0
2030,sc01,06-04 19:00:00+02:00,bus084,0.0
2030,sc01,06-04 19:00:00+02:00,bus013,0.0
2030,sc01,06-04 19:00:00+02:00,bus063,0.0
2030,sc01,06-04 19:00:00+02:00,bus115,0.0
2030,sc01,06-04 19:00:00+02:00,bus010,0.0
2030,sc01,06-04 19:00:00+02:00,bus073,0.0
2030,sc01,06-04 19:00:00+02:00,bus052,0.0
2030,sc01,06-04 19:00:00+02:00,bus096,0.0
2030,sc01,06-04 19:00:00+02:00,bus050,0.0
2030,sc01,06-04 19:00:00+02:00,bus011,0.0
2030,sc01,06-04 19:00:00+02:00,bus055,0.0
2030,sc01,06-04 19:00:00+02:00,bus083,0.0
2030,sc01,06-04 19:00:00+02:00,bus081,0.0
2030,sc01,06-04 19:00:00+02:00,bus022,0.0
2030,sc01,06-04 19:00:00+02:00,bus071,0.0
2030,sc01,06-04 19:00:00+02:00,bus074,0.0
2030,sc01,06-04 19:00:00+02:00,bus040,0.0
2030,sc01,06-04 19:00:00+02:00,bus099,0.0
2030,sc01,06-04 19:00:00+02:00,bus030,0.0
2030,sc01,06-04 19:00:00+02:00,bus098,0.0
2030,sc01,06-04 19:00:00+02:00,bus053,0.0
2030,sc01,06-04 19:00:00+02:00,bus085,0.0
2030,sc01,06-04 19:00:00+02:00,bus101,0.0
2030,sc01,06-04 19:00:00+02:00,bus018,0.0
2030,sc01,06-04 19:00:00+02:00,bus023,0.0
2030,sc01,06-04 19:00:00+02:00,bus088,0.0
2030,sc01,06-04 19:00:00+02:00,bus116,0.0
2030,sc01,06-04 19:00:00+02:00,bus103,0.0
2030,sc01,06-04 19:00:00+02:00,bus008,0.0
2030,sc01,06-04 19:00:00+02:00,bus105,0.0
2030,sc01,06-04 19:00:00+02:00,bus060,0.0
2030,sc01,06-04 19:00:00+02:00,bus016,0.0
2030,sc01,06-04 19:00:00+02:00,bus082,0.0
2030,sc01,06-04 19:00:00+02:00,bus047,0.0
2030,sc01,06-04 19:00:00+02:00,bus019,0.0
2030,sc01,06-04 19:00:00+02:00,bus037,0.0
2030,sc01,06-04 19:00:00+02:00,bus006,0.0
2030,sc01,06-04 19:00:00+02:00,bus080,0.0
2030,sc01,06-04 19:00:00+02:00,bus031,0.0
2030,sc01,06-04 19:00:00+02:00,bus048,0.0
2030,sc01,06-04 19:00:00+02:00,bus107,0.0
2030,sc01,06-04 19:00:00+02:00,bus049,0.0
2030,sc01,06-04 19:00:00+02:00,bus104,0.0
2030,sc01,06-04 19:00:00+02:00,bus100,0.0
2030,sc01,06-04 19:00:00+02:00,bus072,0.0
2030,sc01,06-04 19:00:00+02:00,bus039,0.0
2030,sc01,06-04 19:00:00+02:00,bus012,0.0
2030,sc01,06-04 19:00:00+02:00,bus114,0.0
2030,sc01,06-04 19:00:00+02:00,bus112,0.0
2030,sc01,06-04 19:00:00+02:00,bus058,0.0
2030,sc01,06-04 19:00:00+02:00,bus089,0.0
2030,sc01,06-04 19:00:00+02:00,bus051,0.0
2030,sc01,06-04 19:00:00+02:00,bus056,0.0
2030,sc01,06-04 19:00:00+02:00,bus092,0.0
2030,sc01,06-04 19:00:00+02:00,bus036,0.0
2030,sc01,06-04 19:00:00+02:00,bus094,0.0
2030,sc01,06-04 19:00:00+02:00,bus095,0.0
2030,sc01,06-04 19:00:00+02:00,bus113,0.0
2030,sc01,06-04 19:00:00+02:00,bus024,0.0
2030,sc01,06-04 19:00:00+02:00,bus078,0.0
2030,sc01,06-04 19:00:00+02:00,bus033,0.0
2030,sc01,06-04 19:00:00+02:00,bus079,0.0
2030,sc01,06-04 19:00:00+02:00,bus061,0.0
2030,sc01,06-04 19:00:00+02:00,bus118,0.0
2030,sc01,06-04 19:00:00+02:00,bus003,0.0
2030,sc01,06-04 19:00:00+02:00,bus070,0.0
2030,sc01,06-04 19:00:00+02:00,bus004,0.0
2030,sc01,06-04 19:00:00+02:00,bus021,0.0
2030,sc01,06-04 19:00:00+02:00,bus068,0.0
2030,sc01,06-04 19:00:00+02:00,bus028,0.0
2030,sc01,06-04 19:00:00+02:00,bus034,0.0
2030,sc01,06-04 19:00:00+02:00,bus075,0.0
2030,sc01,06-04 19:00:00+02:00,bus064,0.0
2030,sc01,06-04 19:00:00+02:00,bus106,0.0
2030,sc01,06-04 19:00:00+02:00,bus076,0.0
2030,sc01,06-04 19:00:00+02:00,bus046,0.0
2030,sc01,06-04 19:00:00+02:00,bus007,0.0
2030,sc01,06-04 19:00:00+02:00,bus035,0.0
2030,sc01,06-04 19:00:00+02:00,bus117,0.0
2030,sc01,06-04 19:00:00+02:00,bus041,0.0
2030,sc01,06-04 19:00:00+02:00,bus102,0.0
2030,sc01,06-04 19:00:00+02:00,bus026,0.0
2030,sc01,06-04 19:00:00+02:00,bus077,0.0
2030,sc01,06-04 19:00:00+02:00,bus044,0.0
2030,sc01,06-04 19:00:00+02:00,bus091,0.0
2030,sc01,06-04 19:00:00+02:00,bus062,0.0
2030,sc01,06-06 08:00:00+02:00,bus093,0.0
2030,sc01,06-06 08:00:00+02:00,bus097,0.0
2030,sc01,06-06 08:00:00+02:00,bus110,0.0
2030,sc01,06-06 08:00:00+02:00,bus042,0.0
2030,sc01,06-06 08:00:00+02:00,bus066,0.0
2030,sc01,06-06 08:00:00+02:00,bus059,0.0
2030,sc01,06-06 08:00:00+02:00,bus057,0.0
2030,sc01,06-06 08:00:00+02:00,bus067,0.0
2030,sc01,06-06 08:00:00+02:00,bus069,0.0
2030,sc01,06-06 08:00:00+02:00,bus014,0.0
2030,sc01,06-06 08:00:00+02:00,bus090,0.0
2030,sc01,06-06 08:00:00+02:00,bus002,0.0
2030,sc01,06-06 08:00:00+02:00,bus005,0.0
2030,sc01,06-06 08:00:00+02:00,bus109,0.0
2030,sc01,06-06 08:00:00+02:00,bus020,0.0
2030,sc01,06-06 08:00:00+02:00,bus065,0.0
2030,sc01,06-06 08:00:00+02:00,bus001,0.0
2030,sc01,06-06 08:00:00+02:00,bus017,0.0
2030,sc01,06-06 08:00:00+02:00,bus015,0.0
2030,sc01,06-06 08:00:00+02:00,bus054,0.0
2030,sc01,06-06 08:00:00+02:00,bus086,0.0
2030,sc01,06-06 08:00:00+02:00,bus032,0.0
2030,sc01,06-06 08:00:00+02:00,bus038,0.0
2030,sc01,06-06 08:00:00+02:00,bus108,0.0
2030,sc01,06-06 08:00:00+02:00,bus087,0.0
2030,sc01,06-06 08:00:00+02:00,bus027,0.0
2030,sc01,06-06 08:00:00+02:00,bus111,0.0
2030,sc01,06-06 08:00:00+02:00,bus025,0.0
2030,sc01,06-06 08:00:00+02:00,bus029,0.0
2030,sc01,06-06 08:00:00+02:00,bus009,0.0
2030,sc01,06-06 08:00:00+02:00,bus043,0.0
2030,sc01,06-06 08:00:00+02:00,bus045,0.0
2030,sc01,06-06 08:00:00+02:00,bus084,0.0
2030,sc01,06-06 08:00:00+02:00,bus013,0.0
2030,sc01,06-06 08:00:00+02:00,bus063,0.0
2030,sc01,06-06 08:00:00+02:00,bus115,0.0
2030,sc01,06-06 08:00:00+02:00,bus010,0.0
2030,sc01,06-06 08:00:00+02:00,bus073,0.0
2030,sc01,06-06 08:00:00+02:00,bus052,0.0
2030,sc01,06-06 08:00:00+02:00,bus096,0.0
2030,sc01,06-06 08:00:00+02:00,bus050,0.0
2030,sc01,06-06 08:00:00+02:00,bus011,0.0
2030,sc01,06-06 08:00:00+02:00,bus055,0.0
2030,sc01,06-06 08:00:00+02:00,bus083,0.0
2030,sc01,06-06 08:00:00+02:00,bus081,0.0
2030,sc01,06-06 08:00:00+02:00,bus022,0.0
2030,sc01,06-06 08:00:00+02:00,bus071,0.0
2030,sc01,06-06 08:00:00+02:00,bus074,0.0
2030,sc01,06-06 08:00:00+02:00,bus040,0.0
2030,sc01,06-06 08:00:00+02:00,bus099,0.0
2030,sc01,06-06 08:00:00+02:00,bus030,0.0
2030,sc01,06-06 08:00:00+02:00,bus098,0.0
2030,sc01,06-06 08:00:00+02:00,bus053,0.0
2030,sc01,06-06 08:00:00+02:00,bus085,0.0
2030,sc01,06-06 08:00:00+02:00,bus101,0.0
2030,sc01,06-06 08:00:00+02:00,bus018,0.0
2030,sc01,06-06 08:00:00+02:00,bus023,0.0
2030,sc01,06-06 08:00:00+02:00,bus088,0.0
2030,sc01,06-06 08:00:00+02:00,bus116,0.0
2030,sc01,06-06 08:00:00+02:00,bus103,0.0
2030,sc01,06-06 08:00:00+02:00,bus008,0.0
2030,sc01,06-06 08:00:00+02:00,bus105,0.0
2030,sc01,06-06 08:00:00+02:00,bus060,0.0
2030,sc01,06-06 08:00:00+02:00,bus016,0.0
2030,sc01,06-06 08:00:00+02:00,bus082,0.0
2030,sc01,06-06 08:00:00+02:00,bus047,0.0
2030,sc01,06-06 08:00:00+02:00,bus019,0.0
2030,sc01,06-06 08:00:00+02:00,bus037,0.0
2030,sc01,06-06 08:00:00+02:00,bus006,0.0
2030,sc01,06-06 08:00:00+02:00,bus080,0.0
2030,sc01,06-06 08:00:00+02:00,bus031,0.0
2030,sc01,06-06 08:00:00+02:00,bus048,0.0
2030,sc01,06-06 08:00:00+02:00,bus107,0.0
2030,sc01,06-06 08:00:00+02:00,bus049,0.0
2030,sc01,06-06 08:00:00+02:00,bus104,0.0
2030,sc01,06-06 08:00:00+02:00,bus100,0.0
2030,sc01,06-06 08:00:00+02:00,bus072,0.0
2030,sc01,06-06 08:00:00+02:00,bus039,0.0
2030,sc01,06-06 08:00:00+02:00,bus012,0.0
2030,sc01,06-06 08:00:00+02:00,bus114,0.0
2030,sc01,06-06 08:00:00+02:00,bus112,0.0
2030,sc01,06-06 08:00:00+02:00,bus058,0.0
2030,sc01,06-06 08:00:00+02:00,bus089,0.0
2030,sc01,06-06 08:00:00+02:00,bus051,0.0
2030,sc01,06-06 08:00:00+02:00,bus056,0.0
2030,sc01,06-06 08:00:00+02:00,bus092,0.0
2030,sc01,06-06 08:00:00+02:00,bus036,0.0
2030,sc01,06-06 08:00:00+02:00,bus094,0.0
2030,sc01,06-06 08:00:00+02:00,bus095,0.0
2030,sc01,06-06 08:00:00+02:00,bus113,0.0
2030,sc01,06-06 08:00:00+02:00,bus024,0.0
2030,sc01,06-06 08:00:00+02:00,bus078,0.0
2030,sc01,06-06 08:00:00+02:00,bus033,0.0
2030,sc01,06-06 08:00:00+02:00,bus079,0.0
2030,sc01,06-06 08:00:00+02:00,bus061,0.0
2030,sc01,06-06 08:00:00+02:00,bus118,0.0
2030,sc01,06-06 08:00:00+02:00,bus003,0.0
2030,sc01,06-06 08:00:00+02:00,bus070,0.0
2030,sc01,06-06 08:00:00+02:00,bus004,0.0
2030,sc01,06-06 08:00:00+02:00,bus021,0.0
2030,sc01,06-06 08:00:00+02:00,bus068,0.0
2030,sc01,06-06 08:00:00+02:00,bus028,0.0
2030,sc01,06-06 08:00:00+02:00,bus034,0.0
2030,sc01,06-06 08:00:00+02:00,bus075,0.0
2030,sc01,06-06 08:00:00+02:00,bus064,0.0
2030,sc01,06-06 08:00:00+02:00,bus106,0.0
2030,sc01,06-06 08:00:00+02:00,bus076,0.0
2030,sc01,06-06 08:00:00+02:00,bus046,0.0
2030,sc01,06-06 08:00:00+02:00,bus007,0.0
2030,sc01,06-06 08:00:00+02:00,bus035,0.0
2030,sc01,06-06 08:00:00+02:00,bus117,0.0
2030,sc01,06-06 08:00:00+02:00,bus041,0.0
2030,sc01,06-06 08:00:00+02:00,bus102,0.0
2030,sc01,06-06 08:00:00+02:00,bus026,0.0
2030,sc01,06-06 08:00:00+02:00,bus077,0.0
2030,sc01,06-06 08:00:00+02:00,bus044,0.0
2030,sc01,06-06 08:00:00+02:00,bus091,0.0
2030,sc01,06-06 08:00:00+02:00,bus062,0.0
2030,sc01,06-10 13:00:00+02:00,bus093,0.0
2030,sc01,06-10 13:00:00+02:00,bus097,0.0
2030,sc01,06-10 13:00:00+02:00,bus110,0.0
2030,sc01,06-10 13:00:00+02:00,bus042,0.0
2030,sc01,06-10 13:00:00+02:00,bus066,0.0
2030,sc01,06-10 13:00:00+02:00,bus059,0.0
2030,sc01,06-10 13:00:00+02:00,bus057,0.0
2030,sc01,06-10 13:00:00+02:00,bus067,0.0
2030,sc01,06-10 13:00:00+02:00,bus069,0.0
2030,sc01,06-10 13:00:00+02:00,bus014,0.0
2030,sc01,06-10 13:00:00+02:00,bus090,0.0
2030,sc01,06-10 13:00:00+02:00,bus002,0.0
2030,sc01,06-10 13:00:00+02:00,bus005,0.0
2030,sc01,06-10 13:00:00+02:00,bus109,0.0
2030,sc01,06-10 13:00:00+02:00,bus020,0.0
2030,sc01,06-10 13:00:00+02:00,bus065,0.0
2030,sc01,06-10 13:00:00+02:00,bus001,0.0
2030,sc01,06-10 13:00:00+02:00,bus017,0.0
2030,sc01,06-10 13:00:00+02:00,bus015,0.0
2030,sc01,06-10 13:00:00+02:00,bus054,0.0
2030,sc01,06-10 13:00:00+02:00,bus086,0.0
2030,sc01,06-10 13:00:00+02:00,bus032,0.0
2030,sc01,06-10 13:00:00+02:00,bus038,0.0
2030,sc01,06-10 13:00:00+02:00,bus108,0.0
2030,sc01,06-10 13:00:00+02:00,bus087,0.0
2030,sc01,06-10 13:00:00+02:00,bus027,0.0
2030,sc01,06-10 13:00:00+02:00,bus111,0.0
2030,sc01,06-10 13:00:00+02:00,bus025,0.0
2030,sc01,06-10 13:00:00+02:00,bus029,0.0
2030,sc01,06-10 13:00:00+02:00,bus009,0.0
2030,sc01,06-10 13:00:00+02:00,bus043,0.0
2030,sc01,06-10 13:00:00+02:00,bus045,0.0
2030,sc01,06-10 13:00:00+02:00,bus084,0.0
2030,sc01,06-10 13:00:00+02:00,bus013,0.0
2030,sc01,06-10 13:00:00+02:00,bus063,0.0
2030,sc01,06-10 13:00:00+02:00,bus115,0.0
2030,sc01,06-10 13:00:00+02:00,bus010,0.0
2030,sc01,06-10 13:00:00+02:00,bus073,0.0
2030,sc01,06-10 13:00:00+02:00,bus052,0.0
2030,sc01,06-10 13:00:00+02:00,bus096,0.0
2030,sc01,06-10 13:00:00+02:00,bus050,0.0
2030,sc01,06-10 13:00:00+02:00,bus011,0.0
2030,sc01,06-10 13:00:00+02:00,bus055,0.0
2030,sc01,06-10 13:00:00+02:00,bus083,0.0
2030,sc01,06-10 13:00:00+02:00,bus081,0.0
2030,sc01,06-10 13:00:00+02:00,bus022,0.0
2030,sc01,06-10 13:00:00+02:00,bus071,0.0
2030,sc01,06-10 13:00:00+02:00,bus074,0.0
2030,sc01,06-10 13:00:00+02:00,bus040,0.0
2030,sc01,06-10 13:00:00+02:00,bus099,0.0
2030,sc01,06-10 13:00:00+02:00,bus030,0.0
2030,sc01,06-10 13:00:00+02:00,bus098,0.0
2030,sc01,06-10 13:00:00+02:00,bus053,0.0
2030,sc01,06-10 13:00:00+02:00,bus085,0.0
2030,sc01,06-10 13:00:00+02:00,bus101,0.0
2030,sc01,06-10 13:00:00+02:00,bus018,0.0
2030,sc01,06-10 13:00:00+02:00,bus023,0.0
2030,sc01,06-10 13:00:00+02:00,bus088,0.0
2030,sc01,06-10 13:00:00+02:00,bus116,0.0
2030,sc01,06-10 13:00:00+02:00,bus103,0.0
2030,sc01,06-10 13:00:00+02:00,bus008,0.0
2030,sc01,06-10 13:00:00+02:00,bus105,0.0
2030,sc01,06-10 13:00:00+02:00,bus060,0.0
2030,sc01,06-10 13:00:00+02:00,bus016,0.0
2030,sc01,06-10 13:00:00+02:00,bus082,0.0
2030,sc01,06-10 13:00:00+02:00,bus047,0.0
2030,sc01,06-10 13:00:00+02:00,bus019,0.0
2030,sc01,06-10 13:00:00+02:00,bus037,0.0
2030,sc01,06-10 13:00:00+02:00,bus006,0.0
2030,sc01,06-10 13:00:00+02:00,bus080,0.0
2030,sc01,06-10 13:00:00+02:00,bus031,0.0
2030,sc01,06-10 13:00:00+02:00,bus048,0.0
2030,sc01,06-10 13:00:00+02:00,bus107,0.0
2030,sc01,06-10 13:00:00+02:00,bus049,0.0
2030,sc01,06-10 13:00:00+02:00,bus104,0.0
2030,sc01,06-10 13:00:00+02:00,bus100,0.0
2030,sc01,06-10 13:00:00+02:00,bus072,0.0
2030,sc01,06-10 13:00:00+02:00,bus039,0.0
2030,sc01,06-10 13:00:00+02:00,bus012,0.0
2030,sc01,06-10 13:00:00+02:00,bus114,0.0
2030,sc01,06-10 13:00:00+02:00,bus112,0.0
2030,sc01,06-10 13:00:00+02:00,bus058,0.0
2030,sc01,06-10 13:00:00+02:00,bus089,0.0
2030,sc01,06-10 13:00:00+02:00,bus051,0.0
2030,sc01,06-10 13:00:00+02:00,bus056,0.0
2030,sc01,06-10 13:00:00+02:00,bus092,0.0
2030,sc01,06-10 13:00:00+02:00,bus036,0.0
2030,sc01,06-10 13:00:00+02:00,bus094,0.0
2030,sc01,06-10 13:00:00+02:00,bus095,0.0
2030,sc01,06-10 13:00:00+02:00,bus113,0.0
2030,sc01,06-10 13:00:00+02:00,bus024,0.0
2030,sc01,06-10 13:00:00+02:00,bus078,0.0
2030,sc01,06-10 13:00:00+02:00,bus033,0.0
2030,sc01,06-10 13:00:00+02:00,bus079,0.0
2030,sc01,06-10 13:00:00+02:00,bus061,0.0
2030,sc01,06-10 13:00:00+02:00,bus118,0.0
2030,sc01,06-10 13:00:00+02:00,bus003,0.0
2030,sc01,06-10 13:00:00+02:00,bus070,0.0
2030,sc01,06-10 13:00:00+02:00,bus004,0.0
2030,sc01,06-10 13:00:00+02:00,bus021,0.0
2030,sc01,06-10 13:00:00+02:00,bus068,0.0
2030,sc01,06-10 13:00:00+02:00,bus028,0.0
2030,sc01,06-10 13:00:00+02:00,bus034,0.0
2030,sc01,06-10 13:00:00+02:00,bus075,0.0
2030,sc01,06-10 13:00:00+02:00,bus064,0.0
2030,sc01,06-10 13:00:00+02:00,bus106,0.0
2030,sc01,06-10 13:00:00+02:00,bus076,0.0
2030,sc01,06-10 13:00:00+02:00,bus046,0.0
2030,sc01,06-10 13:00:00+02:00,bus007,0.0
2030,sc01,06-10 13:00:00+02:00,bus035,0.0
2030,sc01,06-10 13:00:00+02:00,bus117,0.0
2030,sc01,06-10 13:00:00+02:00,bus041,0.0
2030,sc01,06-10 13:00:00+02:00,bus102,0.0
2030,sc01,06-10 13:00:00+02:00,bus026,0.0
2030,sc01,06-10 13:00:00+02:00,bus077,0.0
2030,sc01,06-10 13:00:00+02:00,bus044,0.0
2030,sc01,06-10 13:00:00+02:00,bus091,0.0
2030,sc01,06-10 13:00:00+02:00,bus062,0.0
2030,sc01,06-11 21:00:00+02:00,bus093,0.0
2030,sc01,06-11 21:00:00+02:00,bus097,0.0
2030,sc01,06-11 21:00:00+02:00,bus110,0.0
2030,sc01,06-11 21:00:00+02:00,bus042,0.0
2030,sc01,06-11 21:00:00+02:00,bus066,0.0
2030,sc01,06-11 21:00:00+02:00,bus059,0.0
2030,sc01,06-11 21:00:00+02:00,bus057,0.0
2030,sc01,06-11 21:00:00+02:00,bus067,0.0
2030,sc01,06-11 21:00:00+02:00,bus069,0.0
2030,sc01,06-11 21:00:00+02:00,bus014,0.0
2030,sc01,06-11 21:00:00+02:00,bus090,0.0
2030,sc01,06-11 21:00:00+02:00,bus002,0.0
2030,sc01,06-11 21:00:00+02:00,bus005,0.0
2030,sc01,06-11 21:00:00+02:00,bus109,0.0
2030,sc01,06-11 21:00:00+02:00,bus020,0.0
2030,sc01,06-11 21:00:00+02:00,bus065,0.0
2030,sc01,06-11 21:00:00+02:00,bus001,0.0
2030,sc01,06-11 21:00:00+02:00,bus017,0.0
2030,sc01,06-11 21:00:00+02:00,bus015,0.0
2030,sc01,06-11 21:00:00+02:00,bus054,0.0
2030,sc01,06-11 21:00:00+02:00,bus086,0.0
2030,sc01,06-11 21:00:00+02:00,bus032,0.0
2030,sc01,06-11 21:00:00+02:00,bus038,0.0
2030,sc01,06-11 21:00:00+02:00,bus108,0.0
2030,sc01,06-11 21:00:00+02:00,bus087,0.0
2030,sc01,06-11 21:00:00+02:00,bus027,0.0
2030,sc01,06-11 21:00:00+02:00,bus111,0.0
2030,sc01,06-11 21:00:00+02:00,bus025,0.0
2030,sc01,06-11 21:00:00+02:00,bus029,0.0
2030,sc01,06-11 21:00:00+02:00,bus009,0.0
2030,sc01,06-11 21:00:00+02:00,bus043,0.0
2030,sc01,06-11 21:00:00+02:00,bus045,0.0
2030,sc01,06-11 21:00:00+02:00,bus084,0.0
2030,sc01,06-11 21:00:00+02:00,bus013,0.0
2030,sc01,06-11 21:00:00+02:00,bus063,0.0
2030,sc01,06-11 21:00:00+02:00,bus115,0.0
2030,sc01,06-11 21:00:00+02:00,bus010,0.0
2030,sc01,06-11 21:00:00+02:00,bus073,0.0
2030,sc01,06-11 21:00:00+02:00,bus052,0.0
2030,sc01,06-11 21:00:00+02:00,bus096,0.0
2030,sc01,06-11 21:00:00+02:00,bus050,0.0
2030,sc01,06-11 21:00:00+02:00,bus011,0.0
2030,sc01,06-11 21:00:00+02:00,bus055,0.0
2030,sc01,06-11 21:00:00+02:00,bus083,0.0
2030,sc01,06-11 21:00:00+02:00,bus081,0.0
2030,sc01,06-11 21:00:00+02:00,bus022,0.0
2030,sc01,06-11 21:00:00+02:00,bus071,0.0
2030,sc01,06-11 21:00:00+02:00,bus074,0.0
2030,sc01,06-11 21:00:00+02:00,bus040,0.0
2030,sc01,06-11 21:00:00+02:00,bus099,0.0
2030,sc01,06-11 21:00:00+02:00,bus030,0.0
2030,sc01,06-11 21:00:00+02:00,bus098,0.0
2030,sc01,06-11 21:00:00+02:00,bus053,0.0
2030,sc01,06-11 21:00:00+02:00,bus085,0.0
2030,sc01,06-11 21:00:00+02:00,bus101,0.0
2030,sc01,06-11 21:00:00+02:00,bus018,0.0
2030,sc01,06-11 21:00:00+02:00,bus023,0.0
2030,sc01,06-11 21:00:00+02:00,bus088,0.0
2030,sc01,06-11 21:00:00+02:00,bus116,0.0
2030,sc01,06-11 21:00:00+02:00,bus103,0.0
2030,sc01,06-11 21:00:00+02:00,bus008,0.0
2030,sc01,06-11 21:00:00+02:00,bus105,0.0
2030,sc01,06-11 21:00:00+02:00,bus060,0.0
2030,sc01,06-11 21:00:00+02:00,bus016,0.0
2030,sc01,06-11 21:00:00+02:00,bus082,0.0
2030,sc01,06-11 21:00:00+02:00,bus047,0.0
2030,sc01,06-11 21:00:00+02:00,bus019,0.0
2030,sc01,06-11 21:00:00+02:00,bus037,0.0
2030,sc01,06-11 21:00:00+02:00,bus006,0.0
2030,sc01,06-11 21:00:00+02:00,bus080,0.0
2030,sc01,06-11 21:00:00+02:00,bus031,0.0
2030,sc01,06-11 21:00:00+02:00,bus048,0.0
2030,sc01,06-11 21:00:00+02:00,bus107,0.0
2030,sc01,06-11 21:00:00+02:00,bus049,0.0
2030,sc01,06-11 21:00:00+02:00,bus104,0.0
2030,sc01,06-11 21:00:00+02:00,bus100,0.0
2030,sc01,06-11 21:00:00+02:00,bus072,0.0
2030,sc01,06-11 21:00:00+02:00,bus039,0.0
2030,sc01,06-11 21:00:00+02:00,bus012,0.0
2030,sc01,06-11 21:00:00+02:00,bus114,0.0
2030,sc01,06-11 21:00:00+02:00,bus112,0.0
2030,sc01,06-11 21:00:00+02:00,bus058,0.0
2030,sc01,06-11 21:00:00+02:00,bus089,0.0
2030,sc01,06-11 21:00:00+02:00,bus051,0.0
2030,sc01,06-11 21:00:00+02:00,bus056,0.0
2030,sc01,06-11 21:00:00+02:00,bus092,0.0
2030,sc01,06-11 21:00:00+02:00,bus036,0.0
2030,sc01,06-11 21:00:00+02:00,bus094,0.0
2030,sc01,06-11 21:00:00+02:00,bus095,0.0
2030,sc01,06-11 21:00:00+02:00,bus113,0.0
2030,sc01,06-11 21:00:00+02:00,bus024,0.0
2030,sc01,06-11 21:00:00+02:00,bus078,0.0
2030,sc01,06-11 21:00:00+02:00,bus033,0.0
2030,sc01,06-11 21:00:00+02:00,bus079,0.0
2030,sc01,06-11 21:00:00+02:00,bus061,0.0
2030,sc01,06-11 21:00:00+02:00,bus118,0.0
2030,sc01,06-11 21:00:00+02:00,bus003,0.0
2030,sc01,06-11 21:00:00+02:00,bus070,0.0
2030,sc01,06-11 21:00:00+02:00,bus004,0.0
2030,sc01,06-11 21:00:00+02:00,bus021,0.0
2030,sc01,06-11 21:00:00+02:00,bus068,0.0
2030,sc01,06-11 21:00:00+02:00,bus028,0.0
2030,sc01,06-11 21:00:00+02:00,bus034,0.0
2030,sc01,06-11 21:00:00+02:00,bus075,0.0
2030,sc01,06-11 21:00:00+02:00,bus064,0.0
2030,sc01,06-11 21:00:00+02:00,bus106,0.0
2030,sc01,06-11 21:00:00+02:00,bus076,0.0
2030,sc01,06-11 21:00:00+02:00,bus046,0.0
2030,sc01,06-11 21:00:00+02:00,bus007,0.0
2030,sc01,06-11 21:00:00+02:00,bus035,0.0
2030,sc01,06-11 21:00:00+02:00,bus117,0.0
2030,sc01,06-11 21:00:00+02:00,bus041,0.0
2030,sc01,06-11 21:00:00+02:00,bus102,0.0
2030,sc01,06-11 21:00:00+02:00,bus026,0.0
2030,sc01,06-11 21:00:00+02:00,bus077,0.0
2030,sc01,06-11 21:00:00+02:00,bus044,0.0
2030,sc01,06-11 21:00:00+02:00,bus091,0.0
2030,sc01,06-11 21:00:00+02:00,bus062,0.0
2030,sc01,06-14 13:00:00+02:00,bus093,0.0
2030,sc01,06-14 13:00:00+02:00,bus097,0.0
2030,sc01,06-14 13:00:00+02:00,bus110,0.0
2030,sc01,06-14 13:00:00+02:00,bus042,0.0
2030,sc01,06-14 13:00:00+02:00,bus066,0.0
2030,sc01,06-14 13:00:00+02:00,bus059,0.0
2030,sc01,06-14 13:00:00+02:00,bus057,0.0
2030,sc01,06-14 13:00:00+02:00,bus067,0.0
2030,sc01,06-14 13:00:00+02:00,bus069,0.0
2030,sc01,06-14 13:00:00+02:00,bus014,0.0
2030,sc01,06-14 13:00:00+02:00,bus090,0.0
2030,sc01,06-14 13:00:00+02:00,bus002,0.0
2030,sc01,06-14 13:00:00+02:00,bus005,0.0
2030,sc01,06-14 13:00:00+02:00,bus109,0.0
2030,sc01,06-14 13:00:00+02:00,bus020,0.0
2030,sc01,06-14 13:00:00+02:00,bus065,0.0
2030,sc01,06-14 13:00:00+02:00,bus001,0.0
2030,sc01,06-14 13:00:00+02:00,bus017,0.0
2030,sc01,06-14 13:00:00+02:00,bus015,0.0
2030,sc01,06-14 13:00:00+02:00,bus054,0.0
2030,sc01,06-14 13:00:00+02:00,bus086,0.0
2030,sc01,06-14 13:00:00+02:00,bus032,0.0
2030,sc01,06-14 13:00:00+02:00,bus038,0.0
2030,sc01,06-14 13:00:00+02:00,bus108,0.0
2030,sc01,06-14 13:00:00+02:00,bus087,0.0
2030,sc01,06-14 13:00:00+02:00,bus027,0.0
2030,sc01,06-14 13:00:00+02:00,bus111,0.0
2030,sc01,06-14 13:00:00+02:00,bus025,0.0
2030,sc01,06-14 13:00:00+02:00,bus029,0.0
2030,sc01,06-14 13:00:00+02:00,bus009,0.0
2030,sc01,06-14 13:00:00+02:00,bus043,0.0
2030,sc01,06-14 13:00:00+02:00,bus045,0.0
2030,sc01,06-14 13:00:00+02:00,bus084,0.0
2030,sc01,06-14 13:00:00+02:00,bus013,0.0
2030,sc01,06-14 13:00:00+02:00,bus063,0.0
2030,sc01,06-14 13:00:00+02:00,bus115,0.0
2030,sc01,06-14 13:00:00+02:00,bus010,0.0
2030,sc01,06-14 13:00:00+02:00,bus073,0.0
2030,sc01,06-14 13:00:00+02:00,bus052,0.0
2030,sc01,06-14 13:00:00+02:00,bus096,0.0
2030,sc01,06-14 13:00:00+02:00,bus050,0.0
2030,sc01,06-14 13:00:00+02:00,bus011,0.0
2030,sc01,06-14 13:00:00+02:00,bus055,0.0
2030,sc01,06-14 13:00:00+02:00,bus083,0.0
2030,sc01,06-14 13:00:00+02:00,bus081,0.0
2030,sc01,06-14 13:00:00+02:00,bus022,0.0
2030,sc01,06-14 13:00:00+02:00,bus071,0.0
2030,sc01,06-14 13:00:00+02:00,bus074,0.0
2030,sc01,06-14 13:00:00+02:00,bus040,0.0
2030,sc01,06-14 13:00:00+02:00,bus099,0.0
2030,sc01,06-14 13:00:00+02:00,bus030,0.0
2030,sc01,06-14 13:00:00+02:00,bus098,0.0
2030,sc01,06-14 13:00:00+02:00,bus053,0.0
2030,sc01,06-14 13:00:00+02:00,bus085,0.0
2030,sc01,06-14 13:00:00+02:00,bus101,0.0
2030,sc01,06-14 13:00:00+02:00,bus018,0.0
2030,sc01,06-14 13:00:00+02:00,bus023,0.0
2030,sc01,06-14 13:00:00+02:00,bus088,0.0
2030,sc01,06-14 13:00:00+02:00,bus116,0.0
2030,sc01,06-14 13:00:00+02:00,bus103,0.0
2030,sc01,06-14 13:00:00+02:00,bus008,0.0
2030,sc01,06-14 13:00:00+02:00,bus105,0.0
2030,sc01,06-14 13:00:00+02:00,bus060,0.0
2030,sc01,06-14 13:00:00+02:00,bus016,0.0
2030,sc01,06-14 13:00:00+02:00,bus082,0.0
2030,sc01,06-14 13:00:00+02:00,bus047,0.0
2030,sc01,06-14 13:00:00+02:00,bus019,0.0
2030,sc01,06-14 13:00:00+02:00,bus037,0.0
2030,sc01,06-14 13:00:00+02:00,bus006,0.0
2030,sc01,06-14 13:00:00+02:00,bus080,0.0
2030,sc01,06-14 13:00:00+02:00,bus031,0.0
2030,sc01,06-14 13:00:00+02:00,bus048,0.0
2030,sc01,06-14 13:00:00+02:00,bus107,0.0
2030,sc01,06-14 13:00:00+02:00,bus049,0.0
2030,sc01,06-14 13:00:00+02:00,bus104,0.0
2030,sc01,06-14 13:00:00+02:00,bus100,0.0
2030,sc01,06-14 13:00:00+02:00,bus072,0.0
2030,sc01,06-14 13:00:00+02:00,bus039,0.0
2030,sc01,06-14 13:00:00+02:00,bus012,0.0
2030,sc01,06-14 13:00:00+02:00,bus114,0.0
2030,sc01,06-14 13:00:00+02:00,bus112,0.0
2030,sc01,06-14 13:00:00+02:00,bus058,0.0
2030,sc01,06-14 13:00:00+02:00,bus089,0.0
2030,sc01,06-14 13:00:00+02:00,bus051,0.0
2030,sc01,06-14 13:00:00+02:00,bus056,0.0
2030,sc01,06-14 13:00:00+02:00,bus092,0.0
2030,sc01,06-14 13:00:00+02:00,bus036,0.0
2030,sc01,06-14 13:00:00+02:00,bus094,0.0
2030,sc01,06-14 13:00:00+02:00,bus095,0.0
2030,sc01,06-14 13:00:00+02:00,bus113,0.0
2030,sc01,06-14 13:00:00+02:00,bus024,0.0
2030,sc01,06-14 13:00:00+02:00,bus078,0.0
2030,sc01,06-14 13:00:00+02:00,bus033,0.0
2030,sc01,06-14 13:00:00+02:00,bus079,0.0
2030,sc01,06-14 13:00:00+02:00,bus061,0.0
2030,sc01,06-14 13:00:00+02:00,bus118,0.0
2030,sc01,06-14 13:00:00+02:00,bus003,0.0
2030,sc01,06-14 13:00:00+02:00,bus070,0.0
2030,sc01,06-14 13:00:00+02:00,bus004,0.0
2030,sc01,06-14 13:00:00+02:00,bus021,0.0
2030,sc01,06-14 13:00:00+02:00,bus068,0.0
2030,sc01,06-14 13:00:00+02:00,bus028,0.0
2030,sc01,06-14 13:00:00+02:00,bus034,0.0
2030,sc01,06-14 13:00:00+02:00,bus075,0.0
2030,sc01,06-14 13:00:00+02:00,bus064,0.0
2030,sc01,06-14 13:00:00+02:00,bus106,0.0
2030,sc01,06-14 13:00:00+02:00,bus076,0.0
2030,sc01,06-14 13:00:00+02:00,bus046,0.0
2030,sc01,06-14 13:00:00+02:00,bus007,0.0
2030,sc01,06-14 13:00:00+02:00,bus035,0.0
2030,sc01,06-14 13:00:00+02:00,bus117,0.0
2030,sc01,06-14 13:00:00+02:00,bus041,0.0
2030,sc01,06-14 13:00:00+02:00,bus102,0.0
2030,sc01,06-14 13:00:00+02:00,bus026,0.0
2030,sc01,06-14 13:00:00+02:00,bus077,0.0
2030,sc01,06-14 13:00:00+02:00,bus044,0.0
2030,sc01,06-14 13:00:00+02:00,bus091,0.0
2030,sc01,06-14 13:00:00+02:00,bus062,0.0
2030,sc01,06-17 08:00:00+02:00,bus093,0.0
2030,sc01,06-17 08:00:00+02:00,bus097,0.0
2030,sc01,06-17 08:00:00+02:00,bus110,0.0
2030,sc01,06-17 08:00:00+02:00,bus042,0.0
2030,sc01,06-17 08:00:00+02:00,bus066,0.0
2030,sc01,06-17 08:00:00+02:00,bus059,0.0
2030,sc01,06-17 08:00:00+02:00,bus057,0.0
2030,sc01,06-17 08:00:00+02:00,bus067,0.0
2030,sc01,06-17 08:00:00+02:00,bus069,0.0
2030,sc01,06-17 08:00:00+02:00,bus014,0.0
2030,sc01,06-17 08:00:00+02:00,bus090,0.0
2030,sc01,06-17 08:00:00+02:00,bus002,0.0
2030,sc01,06-17 08:00:00+02:00,bus005,0.0
2030,sc01,06-17 08:00:00+02:00,bus109,0.0
2030,sc01,06-17 08:00:00+02:00,bus020,0.0
2030,sc01,06-17 08:00:00+02:00,bus065,0.0
2030,sc01,06-17 08:00:00+02:00,bus001,0.0
2030,sc01,06-17 08:00:00+02:00,bus017,0.0
2030,sc01,06-17 08:00:00+02:00,bus015,0.0
2030,sc01,06-17 08:00:00+02:00,bus054,0.0
2030,sc01,06-17 08:00:00+02:00,bus086,0.0
2030,sc01,06-17 08:00:00+02:00,bus032,0.0
2030,sc01,06-17 08:00:00+02:00,bus038,0.0
2030,sc01,06-17 08:00:00+02:00,bus108,0.0
2030,sc01,06-17 08:00:00+02:00,bus087,0.0
2030,sc01,06-17 08:00:00+02:00,bus027,0.0
2030,sc01,06-17 08:00:00+02:00,bus111,0.0
2030,sc01,06-17 08:00:00+02:00,bus025,0.0
2030,sc01,06-17 08:00:00+02:00,bus029,0.0
2030,sc01,06-17 08:00:00+02:00,bus009,0.0
2030,sc01,06-17 08:00:00+02:00,bus043,0.0
2030,sc01,06-17 08:00:00+02:00,bus045,0.0
2030,sc01,06-17 08:00:00+02:00,bus084,0.0
2030,sc01,06-17 08:00:00+02:00,bus013,0.0
2030,sc01,06-17 08:00:00+02:00,bus063,0.0
2030,sc01,06-17 08:00:00+02:00,bus115,0.0
2030,sc01,06-17 08:00:00+02:00,bus010,0.0
2030,sc01,06-17 08:00:00+02:00,bus073,0.0
2030,sc01,06-17 08:00:00+02:00,bus052,0.0
2030,sc01,06-17 08:00:00+02:00,bus096,0.0
2030,sc01,06-17 08:00:00+02:00,bus050,0.0
2030,sc01,06-17 08:00:00+02:00,bus011,0.0
2030,sc01,06-17 08:00:00+02:00,bus055,0.0
2030,sc01,06-17 08:00:00+02:00,bus083,0.0
2030,sc01,06-17 08:00:00+02:00,bus081,0.0
2030,sc01,06-17 08:00:00+02:00,bus022,0.0
2030,sc01,06-17 08:00:00+02:00,bus071,0.0
2030,sc01,06-17 08:00:00+02:00,bus074,0.0
2030,sc01,06-17 08:00:00+02:00,bus040,0.0
2030,sc01,06-17 08:00:00+02:00,bus099,0.0
2030,sc01,06-17 08:00:00+02:00,bus030,0.0
2030,sc01,06-17 08:00:00+02:00,bus098,0.0
2030,sc01,06-17 08:00:00+02:00,bus053,0.0
2030,sc01,06-17 08:00:00+02:00,bus085,0.0
2030,sc01,06-17 08:00:00+02:00,bus101,0.0
2030,sc01,06-17 08:00:00+02:00,bus018,0.0
2030,sc01,06-17 08:00:00+02:00,bus023,0.0
2030,sc01,06-17 08:00:00+02:00,bus088,0.0
2030,sc01,06-17 08:00:00+02:00,bus116,0.0
2030,sc01,06-17 08:00:00+02:00,bus103,0.0
2030,sc01,06-17 08:00:00+02:00,bus008,0.0
2030,sc01,06-17 08:00:00+02:00,bus105,0.0
2030,sc01,06-17 08:00:00+02:00,bus060,0.0
2030,sc01,06-17 08:00:00+02:00,bus016,0.0
2030,sc01,06-17 08:00:00+02:00,bus082,0.0
2030,sc01,06-17 08:00:00+02:00,bus047,0.0
2030,sc01,06-17 08:00:00+02:00,bus019,0.0
2030,sc01,06-17 08:00:00+02:00,bus037,0.0
2030,sc01,06-17 08:00:00+02:00,bus006,0.0
2030,sc01,06-17 08:00:00+02:00,bus080,0.0
2030,sc01,06-17 08:00:00+02:00,bus031,0.0
2030,sc01,06-17 08:00:00+02:00,bus048,0.0
2030,sc01,06-17 08:00:00+02:00,bus107,0.0
2030,sc01,06-17 08:00:00+02:00,bus049,0.0
2030,sc01,06-17 08:00:00+02:00,bus104,0.0
2030,sc01,06-17 08:00:00+02:00,bus100,0.0
2030,sc01,06-17 08:00:00+02:00,bus072,0.0
2030,sc01,06-17 08:00:00+02:00,bus039,0.0
2030,sc01,06-17 08:00:00+02:00,bus012,0.0
2030,sc01,06-17 08:00:00+02:00,bus114,0.0
2030,sc01,06-17 08:00:00+02:00,bus112,0.0
2030,sc01,06-17 08:00:00+02:00,bus058,0.0
2030,sc01,06-17 08:00:00+02:00,bus089,0.0
2030,sc01,06-17 08:00:00+02:00,bus051,0.0
2030,sc01,06-17 08:00:00+02:00,bus056,0.0
2030,sc01,06-17 08:00:00+02:00,bus092,0.0
2030,sc01,06-17 08:00:00+02:00,bus036,0.0
2030,sc01,06-17 08:00:00+02:00,bus094,0.0
2030,sc01,06-17 08:00:00+02:00,bus095,0.0
2030,sc01,06-17 08:00:00+02:00,bus113,0.0
2030,sc01,06-17 08:00:00+02:00,bus024,0.0
2030,sc01,06-17 08:00:00+02:00,bus078,0.0
2030,sc01,06-17 08:00:00+02:00,bus033,0.0
2030,sc01,06-17 08:00:00+02:00,bus079,0.0
2030,sc01,06-17 08:00:00+02:00,bus061,0.0
2030,sc01,06-17 08:00:00+02:00,bus118,0.0
2030,sc01,06-17 08:00:00+02:00,bus003,0.0
2030,sc01,06-17 08:00:00+02:00,bus070,0.0
2030,sc01,06-17 08:00:00+02:00,bus004,0.0
2030,sc01,06-17 08:00:00+02:00,bus021,0.0
2030,sc01,06-17 08:00:00+02:00,bus068,0.0
2030,sc01,06-17 08:00:00+02:00,bus028,0.0
2030,sc01,06-17 08:00:00+02:00,bus034,0.0
2030,sc01,06-17 08:00:00+02:00,bus075,0.0
2030,sc01,06-17 08:00:00+02:00,bus064,0.0
2030,sc01,06-17 08:00:00+02:00,bus106,0.0
2030,sc01,06-17 08:00:00+02:00,bus076,0.0
2030,sc01,06-17 08:00:00+02:00,bus046,0.0
2030,sc01,06-17 08:00:00+02:00,bus007,0.0
2030,sc01,06-17 08:00:00+02:00,bus035,0.0
2030,sc01,06-17 08:00:00+02:00,bus117,0.0
2030,sc01,06-17 08:00:00+02:00,bus041,0.0
2030,sc01,06-17 08:00:00+02:00,bus102,0.0
2030,sc01,06-17 08:00:00+02:00,bus026,0.0
2030,sc01,06-17 08:00:00+02:00,bus077,0.0
2030,sc01,06-17 08:00:00+02:00,bus044,0.0
2030,sc01,06-17 08:00:00+02:00,bus091,0.0
2030,sc01,06-17 08:00:00+02:00,bus062,0.0
2030,sc01,06-18 05:00:00+02:00,bus093,0.0
2030,sc01,06-18 05:00:00+02:00,bus097,0.0
2030,sc01,06-18 05:00:00+02:00,bus110,0.0
2030,sc01,06-18 05:00:00+02:00,bus042,0.0
2030,sc01,06-18 05:00:00+02:00,bus066,0.0
2030,sc01,06-18 05:00:00+02:00,bus059,0.0
2030,sc01,06-18 05:00:00+02:00,bus057,0.0
2030,sc01,06-18 05:00:00+02:00,bus067,0.0
2030,sc01,06-18 05:00:00+02:00,bus069,0.0
2030,sc01,06-18 05:00:00+02:00,bus014,0.0
2030,sc01,06-18 05:00:00+02:00,bus090,0.0
2030,sc01,06-18 05:00:00+02:00,bus002,0.0
2030,sc01,06-18 05:00:00+02:00,bus005,0.0
2030,sc01,06-18 05:00:00+02:00,bus109,0.0
2030,sc01,06-18 05:00:00+02:00,bus020,0.0
2030,sc01,06-18 05:00:00+02:00,bus065,0.0
2030,sc01,06-18 05:00:00+02:00,bus001,0.0
2030,sc01,06-18 05:00:00+02:00,bus017,0.0
2030,sc01,06-18 05:00:00+02:00,bus015,0.0
2030,sc01,06-18 05:00:00+02:00,bus054,0.0
2030,sc01,06-18 05:00:00+02:00,bus086,0.0
2030,sc01,06-18 05:00:00+02:00,bus032,0.0
2030,sc01,06-18 05:00:00+02:00,bus038,0.0
2030,sc01,06-18 05:00:00+02:00,bus108,0.0
2030,sc01,06-18 05:00:00+02:00,bus087,0.0
2030,sc01,06-18 05:00:00+02:00,bus027,0.0
2030,sc01,06-18 05:00:00+02:00,bus111,0.0
2030,sc01,06-18 05:00:00+02:00,bus025,0.0
2030,sc01,06-18 05:00:00+02:00,bus029,0.0
2030,sc01,06-18 05:00:00+02:00,bus009,0.0
2030,sc01,06-18 05:00:00+02:00,bus043,0.0
2030,sc01,06-18 05:00:00+02:00,bus045,0.0
2030,sc01,06-18 05:00:00+02:00,bus084,0.0
2030,sc01,06-18 05:00:00+02:00,bus013,0.0
2030,sc01,06-18 05:00:00+02:00,bus063,0.0
2030,sc01,06-18 05:00:00+02:00,bus115,0.0
2030,sc01,06-18 05:00:00+02:00,bus010,0.0
2030,sc01,06-18 05:00:00+02:00,bus073,0.0
2030,sc01,06-18 05:00:00+02:00,bus052,0.0
2030,sc01,06-18 05:00:00+02:00,bus096,0.0
2030,sc01,06-18 05:00:00+02:00,bus050,0.0
2030,sc01,06-18 05:00:00+02:00,bus011,0.0
2030,sc01,06-18 05:00:00+02:00,bus055,0.0
2030,sc01,06-18 05:00:00+02:00,bus083,0.0
2030,sc01,06-18 05:00:00+02:00,bus081,0.0
2030,sc01,06-18 05:00:00+02:00,bus022,0.0
2030,sc01,06-18 05:00:00+02:00,bus071,0.0
2030,sc01,06-18 05:00:00+02:00,bus074,0.0
2030,sc01,06-18 05:00:00+02:00,bus040,0.0
2030,sc01,06-18 05:00:00+02:00,bus099,0.0
2030,sc01,06-18 05:00:00+02:00,bus030,0.0
2030,sc01,06-18 05:00:00+02:00,bus098,0.0
2030,sc01,06-18 05:00:00+02:00,bus053,0.0
2030,sc01,06-18 05:00:00+02:00,bus085,0.0
2030,sc01,06-18 05:00:00+02:00,bus101,0.0
2030,sc01,06-18 05:00:00+02:00,bus018,0.0
2030,sc01,06-18 05:00:00+02:00,bus023,0.0
2030,sc01,06-18 05:00:00+02:00,bus088,0.0
2030,sc01,06-18 05:00:00+02:00,bus116,0.0
2030,sc01,06-18 05:00:00+02:00,bus103,0.0
2030,sc01,06-18 05:00:00+02:00,bus008,0.0
2030,sc01,06-18 05:00:00+02:00,bus105,0.0
2030,sc01,06-18 05:00:00+02:00,bus060,0.0
2030,sc01,06-18 05:00:00+02:00,bus016,0.0
2030,sc01,06-18 05:00:00+02:00,bus082,0.0
2030,sc01,06-18 05:00:00+02:00,bus047,0.0
2030,sc01,06-18 05:00:00+02:00,bus019,0.0
2030,sc01,06-18 05:00:00+02:00,bus037,0.0
2030,sc01,06-18 05:00:00+02:00,bus006,0.0
2030,sc01,06-18 05:00:00+02:00,bus080,0.0
2030,sc01,06-18 05:00:00+02:00,bus031,0.0
2030,sc01,06-18 05:00:00+02:00,bus048,0.0
2030,sc01,06-18 05:00:00+02:00,bus107,0.0
2030,sc01,06-18 05:00:00+02:00,bus049,0.0
2030,sc01,06-18 05:00:00+02:00,bus104,0.0
2030,sc01,06-18 05:00:00+02:00,bus100,0.0
2030,sc01,06-18 05:00:00+02:00,bus072,0.0
2030,sc01,06-18 05:00:00+02:00,bus039,0.0
2030,sc01,06-18 05:00:00+02:00,bus012,0.0
2030,sc01,06-18 05:00:00+02:00,bus114,0.0
2030,sc01,06-18 05:00:00+02:00,bus112,0.0
2030,sc01,06-18 05:00:00+02:00,bus058,0.0
2030,sc01,06-18 05:00:00+02:00,bus089,0.0
2030,sc01,06-18 05:00:00+02:00,bus051,0.0
2030,sc01,06-18 05:00:00+02:00,bus056,0.0
2030,sc01,06-18 05:00:00+02:00,bus092,0.0
2030,sc01,06-18 05:00:00+02:00,bus036,0.0
2030,sc01,06-18 05:00:00+02:00,bus094,0.0
2030,sc01,06-18 05:00:00+02:00,bus095,0.0
2030,sc01,06-18 05:00:00+02:00,bus113,0.0
2030,sc01,06-18 05:00:00+02:00,bus024,0.0
2030,sc01,06-18 05:00:00+02:00,bus078,0.0
2030,sc01,06-18 05:00:00+02:00,bus033,0.0
2030,sc01,06-18 05:00:00+02:00,bus079,0.0
2030,sc01,06-18 05:00:00+02:00,bus061,0.0
2030,sc01,06-18 05:00:00+02:00,bus118,0.0
2030,sc01,06-18 05:00:00+02:00,bus003,0.0
2030,sc01,06-18 05:00:00+02:00,bus070,0.0
2030,sc01,06-18 05:00:00+02:00,bus004,0.0
2030,sc01,06-18 05:00:00+02:00,bus021,0.0
2030,sc01,06-18 05:00:00+02:00,bus068,0.0
2030,sc01,06-18 05:00:00+02:00,bus028,0.0
2030,sc01,06-18 05:00:00+02:00,bus034,0.0
2030,sc01,06-18 05:00:00+02:00,bus075,0.0
2030,sc01,06-18 05:00:00+02:00,bus064,0.0
2030,sc01,06-18 05:00:00+02:00,bus106,0.0
2030,sc01,06-18 05:00:00+02:00,bus076,0.0
2030,sc01,06-18 05:00:00+02:00,bus046,0.0
2030,sc01,06-18 05:00:00+02:00,bus007,0.0
2030,sc01,06-18 05:00:00+02:00,bus035,0.0
2030,sc01,06-18 05:00:00+02:00,bus117,0.0
2030,sc01,06-18 05:00:00+02:00,bus041,0.0
2030,sc01,06-18 05:00:00+02:00,bus102,0.0
2030,sc01,06-18 05:00:00+02:00,bus026,0.0
2030,sc01,06-18 05:00:00+02:00,bus077,0.0
2030,sc01,06-18 05:00:00+02:00,bus044,0.0
2030,sc01,06-18 05:00:00+02:00,bus091,0.0
2030,sc01,06-18 05:00:00+02:00,bus062,0.0
2030,sc01,06-19 13:00:00+02:00,bus093,0.0
2030,sc01,06-19 13:00:00+02:00,bus097,0.0
2030,sc01,06-19 13:00:00+02:00,bus110,0.0
2030,sc01,06-19 13:00:00+02:00,bus042,0.0
2030,sc01,06-19 13:00:00+02:00,bus066,0.0
2030,sc01,06-19 13:00:00+02:00,bus059,0.0
2030,sc01,06-19 13:00:00+02:00,bus057,0.0
2030,sc01,06-19 13:00:00+02:00,bus067,0.0
2030,sc01,06-19 13:00:00+02:00,bus069,0.0
2030,sc01,06-19 13:00:00+02:00,bus014,0.0
2030,sc01,06-19 13:00:00+02:00,bus090,0.0
2030,sc01,06-19 13:00:00+02:00,bus002,0.0
2030,sc01,06-19 13:00:00+02:00,bus005,0.0
2030,sc01,06-19 13:00:00+02:00,bus109,0.0
2030,sc01,06-19 13:00:00+02:00,bus020,0.0
2030,sc01,06-19 13:00:00+02:00,bus065,0.0
2030,sc01,06-19 13:00:00+02:00,bus001,0.0
2030,sc01,06-19 13:00:00+02:00,bus017,0.0
2030,sc01,06-19 13:00:00+02:00,bus015,0.0
2030,sc01,06-19 13:00:00+02:00,bus054,0.0
2030,sc01,06-19 13:00:00+02:00,bus086,0.0
2030,sc01,06-19 13:00:00+02:00,bus032,0.0
2030,sc01,06-19 13:00:00+02:00,bus038,0.0
2030,sc01,06-19 13:00:00+02:00,bus108,0.0
2030,sc01,06-19 13:00:00+02:00,bus087,0.0
2030,sc01,06-19 13:00:00+02:00,bus027,0.0
2030,sc01,06-19 13:00:00+02:00,bus111,0.0
2030,sc01,06-19 13:00:00+02:00,bus025,0.0
2030,sc01,06-19 13:00:00+02:00,bus029,0.0
2030,sc01,06-19 13:00:00+02:00,bus009,0.0
2030,sc01,06-19 13:00:00+02:00,bus043,0.0
2030,sc01,06-19 13:00:00+02:00,bus045,0.0
2030,sc01,06-19 13:00:00+02:00,bus084,0.0
2030,sc01,06-19 13:00:00+02:00,bus013,0.0
2030,sc01,06-19 13:00:00+02:00,bus063,0.0
2030,sc01,06-19 13:00:00+02:00,bus115,0.0
2030,sc01,06-19 13:00:00+02:00,bus010,0.0
2030,sc01,06-19 13:00:00+02:00,bus073,0.0
2030,sc01,06-19 13:00:00+02:00,bus052,0.0
2030,sc01,06-19 13:00:00+02:00,bus096,0.0
2030,sc01,06-19 13:00:00+02:00,bus050,0.0
2030,sc01,06-19 13:00:00+02:00,bus011,0.0
2030,sc01,06-19 13:00:00+02:00,bus055,0.0
2030,sc01,06-19 13:00:00+02:00,bus083,0.0
2030,sc01,06-19 13:00:00+02:00,bus081,0.0
2030,sc01,06-19 13:00:00+02:00,bus022,0.0
2030,sc01,06-19 13:00:00+02:00,bus071,0.0
2030,sc01,06-19 13:00:00+02:00,bus074,0.0
2030,sc01,06-19 13:00:00+02:00,bus040,0.0
2030,sc01,06-19 13:00:00+02:00,bus099,0.0
2030,sc01,06-19 13:00:00+02:00,bus030,0.0
2030,sc01,06-19 13:00:00+02:00,bus098,0.0
2030,sc01,06-19 13:00:00+02:00,bus053,0.0
2030,sc01,06-19 13:00:00+02:00,bus085,0.0
2030,sc01,06-19 13:00:00+02:00,bus101,0.0
2030,sc01,06-19 13:00:00+02:00,bus018,0.0
2030,sc01,06-19 13:00:00+02:00,bus023,0.0
2030,sc01,06-19 13:00:00+02:00,bus088,0.0
2030,sc01,06-19 13:00:00+02:00,bus116,0.0
2030,sc01,06-19 13:00:00+02:00,bus103,0.0
2030,sc01,06-19 13:00:00+02:00,bus008,0.0
2030,sc01,06-19 13:00:00+02:00,bus105,0.0
2030,sc01,06-19 13:00:00+02:00,bus060,0.0
2030,sc01,06-19 13:00:00+02:00,bus016,0.0
2030,sc01,06-19 13:00:00+02:00,bus082,0.0
2030,sc01,06-19 13:00:00+02:00,bus047,0.0
2030,sc01,06-19 13:00:00+02:00,bus019,0.0
2030,sc01,06-19 13:00:00+02:00,bus037,0.0
2030,sc01,06-19 13:00:00+02:00,bus006,0.0
2030,sc01,06-19 13:00:00+02:00,bus080,0.0
2030,sc01,06-19 13:00:00+02:00,bus031,0.0
2030,sc01,06-19 13:00:00+02:00,bus048,0.0
2030,sc01,06-19 13:00:00+02:00,bus107,0.0
2030,sc01,06-19 13:00:00+02:00,bus049,0.0
2030,sc01,06-19 13:00:00+02:00,bus104,0.0
2030,sc01,06-19 13:00:00+02:00,bus100,0.0
2030,sc01,06-19 13:00:00+02:00,bus072,0.0
2030,sc01,06-19 13:00:00+02:00,bus039,0.0
2030,sc01,06-19 13:00:00+02:00,bus012,0.0
2030,sc01,06-19 13:00:00+02:00,bus114,0.0
2030,sc01,06-19 13:00:00+02:00,bus112,0.0
2030,sc01,06-19 13:00:00+02:00,bus058,0.0
2030,sc01,06-19 13:00:00+02:00,bus089,0.0
2030,sc01,06-19 13:00:00+02:00,bus051,0.0
2030,sc01,06-19 13:00:00+02:00,bus056,0.0
2030,sc01,06-19 13:00:00+02:00,bus092,0.0
2030,sc01,06-19 13:00:00+02:00,bus036,0.0
2030,sc01,06-19 13:00:00+02:00,bus094,0.0
2030,sc01,06-19 13:00:00+02:00,bus095,0.0
2030,sc01,06-19 13:00:00+02:00,bus113,0.0
2030,sc01,06-19 13:00:00+02:00,bus024,0.0
2030,sc01,06-19 13:00:00+02:00,bus078,0.0
2030,sc01,06-19 13:00:00+02:00,bus033,0.0
2030,sc01,06-19 13:00:00+02:00,bus079,0.0
2030,sc01,06-19 13:00:00+02:00,bus061,0.0
2030,sc01,06-19 13:00:00+02:00,bus118,0.0
2030,sc01,06-19 13:00:00+02:00,bus003,0.0
2030,sc01,06-19 13:00:00+02:00,bus070,0.0
2030,sc01,06-19 13:00:00+02:00,bus004,0.0
2030,sc01,06-19 13:00:00+02:00,bus021,0.0
2030,sc01,06-19 13:00:00+02:00,bus068,0.0
2030,sc01,06-19 13:00:00+02:00,bus028,0.0
2030,sc01,06-19 13:00:00+02:00,bus034,0.0
2030,sc01,06-19 13:00:00+02:00,bus075,0.0
2030,sc01,06-19 13:00:00+02:00,bus064,0.0
2030,sc01,06-19 13:00:00+02:00,bus106,0.0
2030,sc01,06-19 13:00:00+02:00,bus076,0.0
2030,sc01,06-19 13:00:00+02:00,bus046,0.0
2030,sc01,06-19 13:00:00+02:00,bus007,0.0
2030,sc01,06-19 13:00:00+02:00,bus035,0.0
2030,sc01,06-19 13:00:00+02:00,bus117,0.0
2030,sc01,06-19 13:00:00+02:00,bus041,0.0
2030,sc01,06-19 13:00:00+02:00,bus102,0.0
2030,sc01,06-19 13:00:00+02:00,bus026,0.0
2030,sc01,06-19 13:00:00+02:00,bus077,0.0
2030,sc01,06-19 13:00:00+02:00,bus044,0.0
2030,sc01,06-19 13:00:00+02:00,bus091,0.0
2030,sc01,06-19 13:00:00+02:00,bus062,0.0
2030,sc01,06-23 23:00:00+02:00,bus093,0.0
2030,sc01,06-23 23:00:00+02:00,bus097,0.0
2030,sc01,06-23 23:00:00+02:00,bus110,0.0
2030,sc01,06-23 23:00:00+02:00,bus042,0.0
2030,sc01,06-23 23:00:00+02:00,bus066,0.0
2030,sc01,06-23 23:00:00+02:00,bus059,0.0
2030,sc01,06-23 23:00:00+02:00,bus057,0.0
2030,sc01,06-23 23:00:00+02:00,bus067,0.0
2030,sc01,06-23 23:00:00+02:00,bus069,0.0
2030,sc01,06-23 23:00:00+02:00,bus014,0.0
2030,sc01,06-23 23:00:00+02:00,bus090,0.0
2030,sc01,06-23 23:00:00+02:00,bus002,0.0
2030,sc01,06-23 23:00:00+02:00,bus005,0.0
2030,sc01,06-23 23:00:00+02:00,bus109,0.0
2030,sc01,06-23 23:00:00+02:00,bus020,0.0
2030,sc01,06-23 23:00:00+02:00,bus065,0.0
2030,sc01,06-23 23:00:00+02:00,bus001,0.0
2030,sc01,06-23 23:00:00+02:00,bus017,0.0
2030,sc01,06-23 23:00:00+02:00,bus015,0.0
2030,sc01,06-23 23:00:00+02:00,bus054,0.0
2030,sc01,06-23 23:00:00+02:00,bus086,0.0
2030,sc01,06-23 23:00:00+02:00,bus032,0.0
2030,sc01,06-23 23:00:00+02:00,bus038,0.0
2030,sc01,06-23 23:00:00+02:00,bus108,0.0
2030,sc01,06-23 23:00:00+02:00,bus087,0.0
2030,sc01,06-23 23:00:00+02:00,bus027,0.0
2030,sc01,06-23 23:00:00+02:00,bus111,0.0
2030,sc01,06-23 23:00:00+02:00,bus025,0.0
2030,sc01,06-23 23:00:00+02:00,bus029,0.0
2030,sc01,06-23 23:00:00+02:00,bus009,0.0
2030,sc01,06-23 23:00:00+02:00,bus043,0.0
2030,sc01,06-23 23:00:00+02:00,bus045,0.0
2030,sc01,06-23 23:00:00+02:00,bus084,0.0
2030,sc01,06-23 23:00:00+02:00,bus013,0.0
2030,sc01,06-23 23:00:00+02:00,bus063,0.0
2030,sc01,06-23 23:00:00+02:00,bus115,0.0
2030,sc01,06-23 23:00:00+02:00,bus010,0.0
2030,sc01,06-23 23:00:00+02:00,bus073,0.0
2030,sc01,06-23 23:00:00+02:00,bus052,0.0
2030,sc01,06-23 23:00:00+02:00,bus096,0.0
2030,sc01,06-23 23:00:00+02:00,bus050,0.0
2030,sc01,06-23 23:00:00+02:00,bus011,0.0
2030,sc01,06-23 23:00:00+02:00,bus055,0.0
2030,sc01,06-23 23:00:00+02:00,bus083,0.0
2030,sc01,06-23 23:00:00+02:00,bus081,0.0
2030,sc01,06-23 23:00:00+02:00,bus022,0.0
2030,sc01,06-23 23:00:00+02:00,bus071,0.0
2030,sc01,06-23 23:00:00+02:00,bus074,0.0
2030,sc01,06-23 23:00:00+02:00,bus040,0.0
2030,sc01,06-23 23:00:00+02:00,bus099,0.0
2030,sc01,06-23 23:00:00+02:00,bus030,0.0
2030,sc01,06-23 23:00:00+02:00,bus098,0.0
2030,sc01,06-23 23:00:00+02:00,bus053,0.0
2030,sc01,06-23 23:00:00+02:00,bus085,0.0
2030,sc01,06-23 23:00:00+02:00,bus101,0.0
2030,sc01,06-23 23:00:00+02:00,bus018,0.0
2030,sc01,06-23 23:00:00+02:00,bus023,0.0
2030,sc01,06-23 23:00:00+02:00,bus088,0.0
2030,sc01,06-23 23:00:00+02:00,bus116,0.0
2030,sc01,06-23 23:00:00+02:00,bus103,0.0
2030,sc01,06-23 23:00:00+02:00,bus008,0.0
2030,sc01,06-23 23:00:00+02:00,bus105,0.0
2030,sc01,06-23 23:00:00+02:00,bus060,0.0
2030,sc01,06-23 23:00:00+02:00,bus016,0.0
2030,sc01,06-23 23:00:00+02:00,bus082,0.0
2030,sc01,06-23 23:00:00+02:00,bus047,0.0
2030,sc01,06-23 23:00:00+02:00,bus019,0.0
2030,sc01,06-23 23:00:00+02:00,bus037,0.0
2030,sc01,06-23 23:00:00+02:00,bus006,0.0
2030,sc01,06-23 23:00:00+02:00,bus080,0.0
2030,sc01,06-23 23:00:00+02:00,bus031,0.0
2030,sc01,06-23 23:00:00+02:00,bus048,0.0
2030,sc01,06-23 23:00:00+02:00,bus107,0.0
2030,sc01,06-23 23:00:00+02:00,bus049,0.0
2030,sc01,06-23 23:00:00+02:00,bus104,0.0
2030,sc01,06-23 23:00:00+02:00,bus100,0.0
2030,sc01,06-23 23:00:00+02:00,bus072,0.0
2030,sc01,06-23 23:00:00+02:00,bus039,0.0
2030,sc01,06-23 23:00:00+02:00,bus012,0.0
2030,sc01,06-23 23:00:00+02:00,bus114,0.0
2030,sc01,06-23 23:00:00+02:00,bus112,0.0
2030,sc01,06-23 23:00:00+02:00,bus058,0.0
2030,sc01,06-23 23:00:00+02:00,bus089,0.0
2030,sc01,06-23 23:00:00+02:00,bus051,0.0
2030,sc01,06-23 23:00:00+02:00,bus056,0.0
2030,sc01,06-23 23:00:00+02:00,bus092,0.0
2030,sc01,06-23 23:00:00+02:00,bus036,0.0
2030,sc01,06-23 23:00:00+02:00,bus094,0.0
2030,sc01,06-23 23:00:00+02:00,bus095,0.0
2030,sc01,06-23 23:00:00+02:00,bus113,0.0
2030,sc01,06-23 23:00:00+02:00,bus024,0.0
2030,sc01,06-23 23:00:00+02:00,bus078,0.0
2030,sc01,06-23 23:00:00+02:00,bus033,0.0
2030,sc01,06-23 23:00:00+02:00,bus079,0.0
2030,sc01,06-23 23:00:00+02:00,bus061,0.0
2030,sc01,06-23 23:00:00+02:00,bus118,0.0
2030,sc01,06-23 23:00:00+02:00,bus003,0.0
2030,sc01,06-23 23:00:00+02:00,bus070,0.0
2030,sc01,06-23 23:00:00+02:00,bus004,0.0
2030,sc01,06-23 23:00:00+02:00,bus021,0.0
2030,sc01,06-23 23:00:00+02:00,bus068,0.0
2030,sc01,06-23 23:00:00+02:00,bus028,0.0
2030,sc01,06-23 23:00:00+02:00,bus034,0.0
2030,sc01,06-23 23:00:00+02:00,bus075,0.0
2030,sc01,06-23 23:00:00+02:00,bus064,0.0
2030,sc01,06-23 23:00:00+02:00,bus106,0.0
2030,sc01,06-23 23:00:00+02:00,bus076,0.0
2030,sc01,06-23 23:00:00+02:00,bus046,0.0
2030,sc01,06-23 23:00:00+02:00,bus007,0.0
2030,sc01,06-23 23:00:00+02:00,bus035,0.0
2030,sc01,06-23 23:00:00+02:00,bus117,0.0
2030,sc01,06-23 23:00:00+02:00,bus041,0.0
2030,sc01,06-23 23:00:00+02:00,bus102,0.0
2030,sc01,06-23 23:00:00+02:00,bus026,0.0
2030,sc01,06-23 23:00:00+02:00,bus077,0.0
2030,sc01,06-23 23:00:00+02:00,bus044,0.0
2030,sc01,06-23 23:00:00+02:00,bus091,0.0
2030,sc01,06-23 23:00:00+02:00,bus062,0.0
2030,sc01,06-24 06:00:00+02:00,bus093,0.0
2030,sc01,06-24 06:00:00+02:00,bus097,0.0
2030,sc01,06-24 06:00:00+02:00,bus110,0.0
2030,sc01,06-24 06:00:00+02:00,bus042,0.0
2030,sc01,06-24 06:00:00+02:00,bus066,0.0
2030,sc01,06-24 06:00:00+02:00,bus059,0.0
2030,sc01,06-24 06:00:00+02:00,bus057,0.0
2030,sc01,06-24 06:00:00+02:00,bus067,0.0
2030,sc01,06-24 06:00:00+02:00,bus069,0.0
2030,sc01,06-24 06:00:00+02:00,bus014,0.0
2030,sc01,06-24 06:00:00+02:00,bus090,0.0
2030,sc01,06-24 06:00:00+02:00,bus002,0.0
2030,sc01,06-24 06:00:00+02:00,bus005,0.0
2030,sc01,06-24 06:00:00+02:00,bus109,0.0
2030,sc01,06-24 06:00:00+02:00,bus020,0.0
2030,sc01,06-24 06:00:00+02:00,bus065,0.0
2030,sc01,06-24 06:00:00+02:00,bus001,0.0
2030,sc01,06-24 06:00:00+02:00,bus017,0.0
2030,sc01,06-24 06:00:00+02:00,bus015,0.0
2030,sc01,06-24 06:00:00+02:00,bus054,0.0
2030,sc01,06-24 06:00:00+02:00,bus086,0.0
2030,sc01,06-24 06:00:00+02:00,bus032,0.0
2030,sc01,06-24 06:00:00+02:00,bus038,0.0
2030,sc01,06-24 06:00:00+02:00,bus108,0.0
2030,sc01,06-24 06:00:00+02:00,bus087,0.0
2030,sc01,06-24 06:00:00+02:00,bus027,0.0
2030,sc01,06-24 06:00:00+02:00,bus111,0.0
2030,sc01,06-24 06:00:00+02:00,bus025,0.0
2030,sc01,06-24 06:00:00+02:00,bus029,0.0
2030,sc01,06-24 06:00:00+02:00,bus009,0.0
2030,sc01,06-24 06:00:00+02:00,bus043,0.0
2030,sc01,06-24 06:00:00+02:00,bus045,0.0
2030,sc01,06-24 06:00:00+02:00,bus084,0.0
2030,sc01,06-24 06:00:00+02:00,bus013,0.0
2030,sc01,06-24 06:00:00+02:00,bus063,0.0
2030,sc01,06-24 06:00:00+02:00,bus115,0.0
2030,sc01,06-24 06:00:00+02:00,bus010,0.0
2030,sc01,06-24 06:00:00+02:00,bus073,0.0
2030,sc01,06-24 06:00:00+02:00,bus052,0.0
2030,sc01,06-24 06:00:00+02:00,bus096,0.0
2030,sc01,06-24 06:00:00+02:00,bus050,0.0
2030,sc01,06-24 06:00:00+02:00,bus011,0.0
2030,sc01,06-24 06:00:00+02:00,bus055,0.0
2030,sc01,06-24 06:00:00+02:00,bus083,0.0
2030,sc01,06-24 06:00:00+02:00,bus081,0.0
2030,sc01,06-24 06:00:00+02:00,bus022,0.0
2030,sc01,06-24 06:00:00+02:00,bus071,0.0
2030,sc01,06-24 06:00:00+02:00,bus074,0.0
2030,sc01,06-24 06:00:00+02:00,bus040,0.0
2030,sc01,06-24 06:00:00+02:00,bus099,0.0
2030,sc01,06-24 06:00:00+02:00,bus030,0.0
2030,sc01,06-24 06:00:00+02:00,bus098,0.0
2030,sc01,06-24 06:00:00+02:00,bus053,0.0
2030,sc01,06-24 06:00:00+02:00,bus085,0.0
2030,sc01,06-24 06:00:00+02:00,bus101,0.0
2030,sc01,06-24 06:00:00+02:00,bus018,0.0
2030,sc01,06-24 06:00:00+02:00,bus023,0.0
2030,sc01,06-24 06:00:00+02:00,bus088,0.0
2030,sc01,06-24 06:00:00+02:00,bus116,0.0
2030,sc01,06-24 06:00:00+02:00,bus103,0.0
2030,sc01,06-24 06:00:00+02:00,bus008,0.0
2030,sc01,06-24 06:00:00+02:00,bus105,0.0
2030,sc01,06-24 06:00:00+02:00,bus060,0.0
2030,sc01,06-24 06:00:00+02:00,bus016,0.0
2030,sc01,06-24 06:00:00+02:00,bus082,0.0
2030,sc01,06-24 06:00:00+02:00,bus047,0.0
2030,sc01,06-24 06:00:00+02:00,bus019,0.0
2030,sc01,06-24 06:00:00+02:00,bus037,0.0
2030,sc01,06-24 06:00:00+02:00,bus006,0.0
2030,sc01,06-24 06:00:00+02:00,bus080,0.0
2030,sc01,06-24 06:00:00+02:00,bus031,0.0
2030,sc01,06-24 06:00:00+02:00,bus048,0.0
2030,sc01,06-24 06:00:00+02:00,bus107,0.0
2030,sc01,06-24 06:00:00+02:00,bus049,0.0
2030,sc01,06-24 06:00:00+02:00,bus104,0.0
2030,sc01,06-24 06:00:00+02:00,bus100,0.0
2030,sc01,06-24 06:00:00+02:00,bus072,0.0
2030,sc01,06-24 06:00:00+02:00,bus039,0.0
2030,sc01,06-24 06:00:00+02:00,bus012,0.0
2030,sc01,06-24 06:00:00+02:00,bus114,0.0
2030,sc01,06-24 06:00:00+02:00,bus112,0.0
2030,sc01,06-24 06:00:00+02:00,bus058,0.0
2030,sc01,06-24 06:00:00+02:00,bus089,0.0
2030,sc01,06-24 06:00:00+02:00,bus051,0.0
2030,sc01,06-24 06:00:00+02:00,bus056,0.0
2030,sc01,06-24 06:00:00+02:00,bus092,0.0
2030,sc01,06-24 06:00:00+02:00,bus036,0.0
2030,sc01,06-24 06:00:00+02:00,bus094,0.0
2030,sc01,06-24 06:00:00+02:00,bus095,0.0
2030,sc01,06-24 06:00:00+02:00,bus113,0.0
2030,sc01,06-24 06:00:00+02:00,bus024,0.0
2030,sc01,06-24 06:00:00+02:00,bus078,0.0
2030,sc01,06-24 06:00:00+02:00,bus033,0.0
2030,sc01,06-24 06:00:00+02:00,bus079,0.0
2030,sc01,06-24 06:00:00+02:00,bus061,0.0
2030,sc01,06-24 06:00:00+02:00,bus118,0.0
2030,sc01,06-24 06:00:00+02:00,bus003,0.0
2030,sc01,06-24 06:00:00+02:00,bus070,0.0
2030,sc01,06-24 06:00:00+02:00,bus004,0.0
2030,sc01,06-24 06:00:00+02:00,bus021,0.0
2030,sc01,06-24 06:00:00+02:00,bus068,0.0
2030,sc01,06-24 06:00:00+02:00,bus028,0.0
2030,sc01,06-24 06:00:00+02:00,bus034,0.0
2030,sc01,06-24 06:00:00+02:00,bus075,0.0
2030,sc01,06-24 06:00:00+02:00,bus064,0.0
2030,sc01,06-24 06:00:00+02:00,bus106,0.0
2030,sc01,06-24 06:00:00+02:00,bus076,0.0
2030,sc01,06-24 06:00:00+02:00,bus046,0.0
2030,sc01,06-24 06:00:00+02:00,bus007,0.0
2030,sc01,06-24 06:00:00+02:00,bus035,0.0
2030,sc01,06-24 06:00:00+02:00,bus117,0.0
2030,sc01,06-24 06:00:00+02:00,bus041,0.0
2030,sc01,06-24 06:00:00+02:00,bus102,0.0
2030,sc01,06-24 06:00:00+02:00,bus026,0.0
2030,sc01,06-24 06:00:00+02:00,bus077,0.0
2030,sc01,06-24 06:00:00+02:00,bus044,0.0
2030,sc01,06-24 06:00:00+02:00,bus091,0.0
2030,sc01,06-24 06:00:00+02:00,bus062,0.0
2030,sc01,06-28 00:00:00+02:00,bus093,0.0
2030,sc01,06-28 00:00:00+02:00,bus097,0.0
2030,sc01,06-28 00:00:00+02:00,bus110,0.0
2030,sc01,06-28 00:00:00+02:00,bus042,0.0
2030,sc01,06-28 00:00:00+02:00,bus066,0.0
2030,sc01,06-28 00:00:00+02:00,bus059,0.0
2030,sc01,06-28 00:00:00+02:00,bus057,0.0
2030,sc01,06-28 00:00:00+02:00,bus067,0.0
2030,sc01,06-28 00:00:00+02:00,bus069,0.0
2030,sc01,06-28 00:00:00+02:00,bus014,0.0
2030,sc01,06-28 00:00:00+02:00,bus090,0.0
2030,sc01,06-28 00:00:00+02:00,bus002,0.0
2030,sc01,06-28 00:00:00+02:00,bus005,0.0
2030,sc01,06-28 00:00:00+02:00,bus109,0.0
2030,sc01,06-28 00:00:00+02:00,bus020,0.0
2030,sc01,06-28 00:00:00+02:00,bus065,0.0
2030,sc01,06-28 00:00:00+02:00,bus001,0.0
2030,sc01,06-28 00:00:00+02:00,bus017,0.0
2030,sc01,06-28 00:00:00+02:00,bus015,0.0
2030,sc01,06-28 00:00:00+02:00,bus054,0.0
2030,sc01,06-28 00:00:00+02:00,bus086,0.0
2030,sc01,06-28 00:00:00+02:00,bus032,0.0
2030,sc01,06-28 00:00:00+02:00,bus038,0.0
2030,sc01,06-28 00:00:00+02:00,bus108,0.0
2030,sc01,06-28 00:00:00+02:00,bus087,0.0
2030,sc01,06-28 00:00:00+02:00,bus027,0.0
2030,sc01,06-28 00:00:00+02:00,bus111,0.0
2030,sc01,06-28 00:00:00+02:00,bus025,0.0
2030,sc01,06-28 00:00:00+02:00,bus029,0.0
2030,sc01,06-28 00:00:00+02:00,bus009,0.0
2030,sc01,06-28 00:00:00+02:00,bus043,0.0
2030,sc01,06-28 00:00:00+02:00,bus045,0.0
2030,sc01,06-28 00:00:00+02:00,bus084,0.0
2030,sc01,06-28 00:00:00+02:00,bus013,0.0
2030,sc01,06-28 00:00:00+02:00,bus063,0.0
2030,sc01,06-28 00:00:00+02:00,bus115,0.0
2030,sc01,06-28 00:00:00+02:00,bus010,0.0
2030,sc01,06-28 00:00:00+02:00,bus073,0.0
2030,sc01,06-28 00:00:00+02:00,bus052,0.0
2030,sc01,06-28 00:00:00+02:00,bus096,0.0
2030,sc01,06-28 00:00:00+02:00,bus050,0.0
2030,sc01,06-28 00:00:00+02:00,bus011,0.0
2030,sc01,06-28 00:00:00+02:00,bus055,0.0
2030,sc01,06-28 00:00:00+02:00,bus083,0.0
2030,sc01,06-28 00:00:00+02:00,bus081,0.0
2030,sc01,06-28 00:00:00+02:00,bus022,0.0
2030,sc01,06-28 00:00:00+02:00,bus071,0.0
2030,sc01,06-28 00:00:00+02:00,bus074,0.0
2030,sc01,06-28 00:00:00+02:00,bus040,0.0
2030,sc01,06-28 00:00:00+02:00,bus099,0.0
2030,sc01,06-28 00:00:00+02:00,bus030,0.0
2030,sc01,06-28 00:00:00+02:00,bus098,0.0
2030,sc01,06-28 00:00:00+02:00,bus053,0.0
2030,sc01,06-28 00:00:00+02:00,bus085,0.0
2030,sc01,06-28 00:00:00+02:00,bus101,0.0
2030,sc01,06-28 00:00:00+02:00,bus018,0.0
2030,sc01,06-28 00:00:00+02:00,bus023,0.0
2030,sc01,06-28 00:00:00+02:00,bus088,0.0
2030,sc01,06-28 00:00:00+02:00,bus116,0.0
2030,sc01,06-28 00:00:00+02:00,bus103,0.0
2030,sc01,06-28 00:00:00+02:00,bus008,0.0
2030,sc01,06-28 00:00:00+02:00,bus105,0.0
2030,sc01,06-28 00:00:00+02:00,bus060,0.0
2030,sc01,06-28 00:00:00+02:00,bus016,0.0
2030,sc01,06-28 00:00:00+02:00,bus082,0.0
2030,sc01,06-28 00:00:00+02:00,bus047,0.0
2030,sc01,06-28 00:00:00+02:00,bus019,0.0
2030,sc01,06-28 00:00:00+02:00,bus037,0.0
2030,sc01,06-28 00:00:00+02:00,bus006,0.0
2030,sc01,06-28 00:00:00+02:00,bus080,0.0
2030,sc01,06-28 00:00:00+02:00,bus031,0.0
2030,sc01,06-28 00:00:00+02:00,bus048,0.0
2030,sc01,06-28 00:00:00+02:00,bus107,0.0
2030,sc01,06-28 00:00:00+02:00,bus049,0.0
2030,sc01,06-28 00:00:00+02:00,bus104,0.0
2030,sc01,06-28 00:00:00+02:00,bus100,0.0
2030,sc01,06-28 00:00:00+02:00,bus072,0.0
2030,sc01,06-28 00:00:00+02:00,bus039,0.0
2030,sc01,06-28 00:00:00+02:00,bus012,0.0
2030,sc01,06-28 00:00:00+02:00,bus114,0.0
2030,sc01,06-28 00:00:00+02:00,bus112,0.0
2030,sc01,06-28 00:00:00+02:00,bus058,0.0
2030,sc01,06-28 00:00:00+02:00,bus089,0.0
2030,sc01,06-28 00:00:00+02:00,bus051,0.0
2030,sc01,06-28 00:00:00+02:00,bus056,0.0
2030,sc01,06-28 00:00:00+02:00,bus092,0.0
2030,sc01,06-28 00:00:00+02:00,bus036,0.0
2030,sc01,06-28 00:00:00+02:00,bus094,0.0
2030,sc01,06-28 00:00:00+02:00,bus095,0.0
2030,sc01,06-28 00:00:00+02:00,bus113,0.0
2030,sc01,06-28 00:00:00+02:00,bus024,0.0
2030,sc01,06-28 00:00:00+02:00,bus078,0.0
2030,sc01,06-28 00:00:00+02:00,bus033,0.0
2030,sc01,06-28 00:00:00+02:00,bus079,0.0
2030,sc01,06-28 00:00:00+02:00,bus061,0.0
2030,sc01,06-28 00:00:00+02:00,bus118,0.0
2030,sc01,06-28 00:00:00+02:00,bus003,0.0
2030,sc01,06-28 00:00:00+02:00,bus070,0.0
2030,sc01,06-28 00:00:00+02:00,bus004,0.0
2030,sc01,06-28 00:00:00+02:00,bus021,0.0
2030,sc01,06-28 00:00:00+02:00,bus068,0.0
2030,sc01,06-28 00:00:00+02:00,bus028,0.0
2030,sc01,06-28 00:00:00+02:00,bus034,0.0
2030,sc01,06-28 00:00:00+02:00,bus075,0.0
2030,sc01,06-28 00:00:00+02:00,bus064,0.0
2030,sc01,06-28 00:00:00+02:00,bus106,0.0
2030,sc01,06-28 00:00:00+02:00,bus076,0.0
2030,sc01,06-28 00:00:00+02:00,bus046,0.0
2030,sc01,06-28 00:00:00+02:00,bus007,0.0
2030,sc01,06-28 00:00:00+02:00,bus035,0.0
2030,sc01,06-28 00:00:00+02:00,bus117,0.0
2030,sc01,06-28 00:00:00+02:00,bus041,0.0
2030,sc01,06-28 00:00:00+02:00,bus102,0.0
2030,sc01,06-28 00:00:00+02:00,bus026,0.0
2030,sc01,06-28 00:00:00+02:00,bus077,0.0
2030,sc01,06-28 00:00:00+02:00,bus044,0.0
2030,sc01,06-28 00:00:00+02:00,bus091,0.0
2030,sc01,06-28 00:00:00+02:00,bus062,0.0
2030,sc01,06-30 05:00:00+02:00,bus093,0.0
2030,sc01,06-30 05:00:00+02:00,bus097,0.0
2030,sc01,06-30 05:00:00+02:00,bus110,0.0
2030,sc01,06-30 05:00:00+02:00,bus042,0.0
2030,sc01,06-30 05:00:00+02:00,bus066,0.0
2030,sc01,06-30 05:00:00+02:00,bus059,0.0
2030,sc01,06-30 05:00:00+02:00,bus057,0.0
2030,sc01,06-30 05:00:00+02:00,bus067,0.0
2030,sc01,06-30 05:00:00+02:00,bus069,0.0
2030,sc01,06-30 05:00:00+02:00,bus014,0.0
2030,sc01,06-30 05:00:00+02:00,bus090,0.0
2030,sc01,06-30 05:00:00+02:00,bus002,0.0
2030,sc01,06-30 05:00:00+02:00,bus005,0.0
2030,sc01,06-30 05:00:00+02:00,bus109,0.0
2030,sc01,06-30 05:00:00+02:00,bus020,0.0
2030,sc01,06-30 05:00:00+02:00,bus065,0.0
2030,sc01,06-30 05:00:00+02:00,bus001,0.0
2030,sc01,06-30 05:00:00+02:00,bus017,0.0
2030,sc01,06-30 05:00:00+02:00,bus015,0.0
2030,sc01,06-30 05:00:00+02:00,bus054,0.0
2030,sc01,06-30 05:00:00+02:00,bus086,0.0
2030,sc01,06-30 05:00:00+02:00,bus032,0.0
2030,sc01,06-30 05:00:00+02:00,bus038,0.0
2030,sc01,06-30 05:00:00+02:00,bus108,0.0
2030,sc01,06-30 05:00:00+02:00,bus087,0.0
2030,sc01,06-30 05:00:00+02:00,bus027,0.0
2030,sc01,06-30 05:00:00+02:00,bus111,0.0
2030,sc01,06-30 05:00:00+02:00,bus025,0.0
2030,sc01,06-30 05:00:00+02:00,bus029,0.0
2030,sc01,06-30 05:00:00+02:00,bus009,0.0
2030,sc01,06-30 05:00:00+02:00,bus043,0.0
2030,sc01,06-30 05:00:00+02:00,bus045,0.0
2030,sc01,06-30 05:00:00+02:00,bus084,0.0
2030,sc01,06-30 05:00:00+02:00,bus013,0.0
2030,sc01,06-30 05:00:00+02:00,bus063,0.0
2030,sc01,06-30 05:00:00+02:00,bus115,0.0
2030,sc01,06-30 05:00:00+02:00,bus010,0.0
2030,sc01,06-30 05:00:00+02:00,bus073,0.0
2030,sc01,06-30 05:00:00+02:00,bus052,0.0
2030,sc01,06-30 05:00:00+02:00,bus096,0.0
2030,sc01,06-30 05:00:00+02:00,bus050,0.0
2030,sc01,06-30 05:00:00+02:00,bus011,0.0
2030,sc01,06-30 05:00:00+02:00,bus055,0.0
2030,sc01,06-30 05:00:00+02:00,bus083,0.0
2030,sc01,06-30 05:00:00+02:00,bus081,0.0
2030,sc01,06-30 05:00:00+02:00,bus022,0.0
2030,sc01,06-30 05:00:00+02:00,bus071,0.0
2030,sc01,06-30 05:00:00+02:00,bus074,0.0
2030,sc01,06-30 05:00:00+02:00,bus040,0.0
2030,sc01,06-30 05:00:00+02:00,bus099,0.0
2030,sc01,06-30 05:00:00+02:00,bus030,0.0
2030,sc01,06-30 05:00:00+02:00,bus098,0.0
2030,sc01,06-30 05:00:00+02:00,bus053,0.0
2030,sc01,06-30 05:00:00+02:00,bus085,0.0
2030,sc01,06-30 05:00:00+02:00,bus101,0.0
2030,sc01,06-30 05:00:00+02:00,bus018,0.0
2030,sc01,06-30 05:00:00+02:00,bus023,0.0
2030,sc01,06-30 05:00:00+02:00,bus088,0.0
2030,sc01,06-30 05:00:00+02:00,bus116,0.0
2030,sc01,06-30 05:00:00+02:00,bus103,0.0
2030,sc01,06-30 05:00:00+02:00,bus008,0.0
2030,sc01,06-30 05:00:00+02:00,bus105,0.0
2030,sc01,06-30 05:00:00+02:00,bus060,0.0
2030,sc01,06-30 05:00:00+02:00,bus016,0.0
2030,sc01,06-30 05:00:00+02:00,bus082,0.0
2030,sc01,06-30 05:00:00+02:00,bus047,0.0
2030,sc01,06-30 05:00:00+02:00,bus019,0.0
2030,sc01,06-30 05:00:00+02:00,bus037,0.0
2030,sc01,06-30 05:00:00+02:00,bus006,0.0
2030,sc01,06-30 05:00:00+02:00,bus080,0.0
2030,sc01,06-30 05:00:00+02:00,bus031,0.0
2030,sc01,06-30 05:00:00+02:00,bus048,0.0
2030,sc01,06-30 05:00:00+02:00,bus107,0.0
2030,sc01,06-30 05:00:00+02:00,bus049,0.0
2030,sc01,06-30 05:00:00+02:00,bus104,0.0
2030,sc01,06-30 05:00:00+02:00,bus100,0.0
2030,sc01,06-30 05:00:00+02:00,bus072,0.0
2030,sc01,06-30 05:00:00+02:00,bus039,0.0
2030,sc01,06-30 05:00:00+02:00,bus012,0.0
2030,sc01,06-30 05:00:00+02:00,bus114,0.0
2030,sc01,06-30 05:00:00+02:00,bus112,0.0
2030,sc01,06-30 05:00:00+02:00,bus058,0.0
2030,sc01,06-30 05:00:00+02:00,bus089,0.0
2030,sc01,06-30 05:00:00+02:00,bus051,0.0
2030,sc01,06-30 05:00:00+02:00,bus056,0.0
2030,sc01,06-30 05:00:00+02:00,bus092,0.0
2030,sc01,06-30 05:00:00+02:00,bus036,0.0
2030,sc01,06-30 05:00:00+02:00,bus094,0.0
2030,sc01,06-30 05:00:00+02:00,bus095,0.0
2030,sc01,06-30 05:00:00+02:00,bus113,0.0
2030,sc01,06-30 05:00:00+02:00,bus024,0.0
2030,sc01,06-30 05:00:00+02:00,bus078,0.0
2030,sc01,06-30 05:00:00+02:00,bus033,0.0
2030,sc01,06-30 05:00:00+02:00,bus079,0.0
2030,sc01,06-30 05:00:00+02:00,bus061,0.0
2030,sc01,06-30 05:00:00+02:00,bus118,0.0
2030,sc01,06-30 05:00:00+02:00,bus003,0.0
2030,sc01,06-30 05:00:00+02:00,bus070,0.0
2030,sc01,06-30 05:00:00+02:00,bus004,0.0
2030,sc01,06-30 05:00:00+02:00,bus021,0.0
2030,sc01,06-30 05:00:00+02:00,bus068,0.0
2030,sc01,06-30 05:00:00+02:00,bus028,0.0
2030,sc01,06-30 05:00:00+02:00,bus034,0.0
2030,sc01,06-30 05:00:00+02:00,bus075,0.0
2030,sc01,06-30 05:00:00+02:00,bus064,0.0
2030,sc01,06-30 05:00:00+02:00,bus106,0.0
2030,sc01,06-30 05:00:00+02:00,bus076,0.0
2030,sc01,06-30 05:00:00+02:00,bus046,0.0
2030,sc01,06-30 05:00:00+02:00,bus007,0.0
2030,sc01,06-30 05:00:00+02:00,bus035,0.0
2030,sc01,06-30 05:00:00+02:00,bus117,0.0
2030,sc01,06-30 05:00:00+02:00,bus041,0.0
2030,sc01,06-30 05:00:00+02:00,bus102,0.0
2030,sc01,06-30 05:00:00+02:00,bus026,0.0
2030,sc01,06-30 05:00:00+02:00,bus077,0.0
2030,sc01,06-30 05:00:00+02:00,bus044,0.0
2030,sc01,06-30 05:00:00+02:00,bus091,0.0
2030,sc01,06-30 05:00:00+02:00,bus062,0.0
2030,sc01,07-01 06:00:00+02:00,bus093,0.0
2030,sc01,07-01 06:00:00+02:00,bus097,0.0
2030,sc01,07-01 06:00:00+02:00,bus110,0.0
2030,sc01,07-01 06:00:00+02:00,bus042,0.0
2030,sc01,07-01 06:00:00+02:00,bus066,0.0
2030,sc01,07-01 06:00:00+02:00,bus059,0.0
2030,sc01,07-01 06:00:00+02:00,bus057,0.0
2030,sc01,07-01 06:00:00+02:00,bus067,0.0
2030,sc01,07-01 06:00:00+02:00,bus069,0.0
2030,sc01,07-01 06:00:00+02:00,bus014,0.0
2030,sc01,07-01 06:00:00+02:00,bus090,0.0
2030,sc01,07-01 06:00:00+02:00,bus002,0.0
2030,sc01,07-01 06:00:00+02:00,bus005,0.0
2030,sc01,07-01 06:00:00+02:00,bus109,0.0
2030,sc01,07-01 06:00:00+02:00,bus020,0.0
2030,sc01,07-01 06:00:00+02:00,bus065,0.0
2030,sc01,07-01 06:00:00+02:00,bus001,0.0
2030,sc01,07-01 06:00:00+02:00,bus017,0.0
2030,sc01,07-01 06:00:00+02:00,bus015,0.0
2030,sc01,07-01 06:00:00+02:00,bus054,0.0
2030,sc01,07-01 06:00:00+02:00,bus086,0.0
2030,sc01,07-01 06:00:00+02:00,bus032,0.0
2030,sc01,07-01 06:00:00+02:00,bus038,0.0
2030,sc01,07-01 06:00:00+02:00,bus108,0.0
2030,sc01,07-01 06:00:00+02:00,bus087,0.0
2030,sc01,07-01 06:00:00+02:00,bus027,0.0
2030,sc01,07-01 06:00:00+02:00,bus111,0.0
2030,sc01,07-01 06:00:00+02:00,bus025,0.0
2030,sc01,07-01 06:00:00+02:00,bus029,0.0
2030,sc01,07-01 06:00:00+02:00,bus009,0.0
2030,sc01,07-01 06:00:00+02:00,bus043,0.0
2030,sc01,07-01 06:00:00+02:00,bus045,0.0
2030,sc01,07-01 06:00:00+02:00,bus084,0.0
2030,sc01,07-01 06:00:00+02:00,bus013,0.0
2030,sc01,07-01 06:00:00+02:00,bus063,0.0
2030,sc01,07-01 06:00:00+02:00,bus115,0.0
2030,sc01,07-01 06:00:00+02:00,bus010,0.0
2030,sc01,07-01 06:00:00+02:00,bus073,0.0
2030,sc01,07-01 06:00:00+02:00,bus052,0.0
2030,sc01,07-01 06:00:00+02:00,bus096,0.0
2030,sc01,07-01 06:00:00+02:00,bus050,0.0
2030,sc01,07-01 06:00:00+02:00,bus011,0.0
2030,sc01,07-01 06:00:00+02:00,bus055,0.0
2030,sc01,07-01 06:00:00+02:00,bus083,0.0
2030,sc01,07-01 06:00:00+02:00,bus081,0.0
2030,sc01,07-01 06:00:00+02:00,bus022,0.0
2030,sc01,07-01 06:00:00+02:00,bus071,0.0
2030,sc01,07-01 06:00:00+02:00,bus074,0.0
2030,sc01,07-01 06:00:00+02:00,bus040,0.0
2030,sc01,07-01 06:00:00+02:00,bus099,0.0
2030,sc01,07-01 06:00:00+02:00,bus030,0.0
2030,sc01,07-01 06:00:00+02:00,bus098,0.0
2030,sc01,07-01 06:00:00+02:00,bus053,0.0
2030,sc01,07-01 06:00:00+02:00,bus085,0.0
2030,sc01,07-01 06:00:00+02:00,bus101,0.0
2030,sc01,07-01 06:00:00+02:00,bus018,0.0
2030,sc01,07-01 06:00:00+02:00,bus023,0.0
2030,sc01,07-01 06:00:00+02:00,bus088,0.0
2030,sc01,07-01 06:00:00+02:00,bus116,0.0
2030,sc01,07-01 06:00:00+02:00,bus103,0.0
2030,sc01,07-01 06:00:00+02:00,bus008,0.0
2030,sc01,07-01 06:00:00+02:00,bus105,0.0
2030,sc01,07-01 06:00:00+02:00,bus060,0.0
2030,sc01,07-01 06:00:00+02:00,bus016,0.0
2030,sc01,07-01 06:00:00+02:00,bus082,0.0
2030,sc01,07-01 06:00:00+02:00,bus047,0.0
2030,sc01,07-01 06:00:00+02:00,bus019,0.0
2030,sc01,07-01 06:00:00+02:00,bus037,0.0
2030,sc01,07-01 06:00:00+02:00,bus006,0.0
2030,sc01,07-01 06:00:00+02:00,bus080,0.0
2030,sc01,07-01 06:00:00+02:00,bus031,0.0
2030,sc01,07-01 06:00:00+02:00,bus048,0.0
2030,sc01,07-01 06:00:00+02:00,bus107,0.0
2030,sc01,07-01 06:00:00+02:00,bus049,0.0
2030,sc01,07-01 06:00:00+02:00,bus104,0.0
2030,sc01,07-01 06:00:00+02:00,bus100,0.0
2030,sc01,07-01 06:00:00+02:00,bus072,0.0
2030,sc01,07-01 06:00:00+02:00,bus039,0.0
2030,sc01,07-01 06:00:00+02:00,bus012,0.0
2030,sc01,07-01 06:00:00+02:00,bus114,0.0
2030,sc01,07-01 06:00:00+02:00,bus112,0.0
2030,sc01,07-01 06:00:00+02:00,bus058,0.0
2030,sc01,07-01 06:00:00+02:00,bus089,0.0
2030,sc01,07-01 06:00:00+02:00,bus051,0.0
2030,sc01,07-01 06:00:00+02:00,bus056,0.0
2030,sc01,07-01 06:00:00+02:00,bus092,0.0
2030,sc01,07-01 06:00:00+02:00,bus036,0.0
2030,sc01,07-01 06:00:00+02:00,bus094,0.0
2030,sc01,07-01 06:00:00+02:00,bus095,0.0
2030,sc01,07-01 06:00:00+02:00,bus113,0.0
2030,sc01,07-01 06:00:00+02:00,bus024,0.0
2030,sc01,07-01 06:00:00+02:00,bus078,0.0
2030,sc01,07-01 06:00:00+02:00,bus033,0.0
2030,sc01,07-01 06:00:00+02:00,bus079,0.0
2030,sc01,07-01 06:00:00+02:00,bus061,0.0
2030,sc01,07-01 06:00:00+02:00,bus118,0.0
2030,sc01,07-01 06:00:00+02:00,bus003,0.0
2030,sc01,07-01 06:00:00+02:00,bus070,0.0
2030,sc01,07-01 06:00:00+02:00,bus004,0.0
2030,sc01,07-01 06:00:00+02:00,bus021,0.0
2030,sc01,07-01 06:00:00+02:00,bus068,0.0
2030,sc01,07-01 06:00:00+02:00,bus028,0.0
2030,sc01,07-01 06:00:00+02:00,bus034,0.0
2030,sc01,07-01 06:00:00+02:00,bus075,0.0
2030,sc01,07-01 06:00:00+02:00,bus064,0.0
2030,sc01,07-01 06:00:00+02:00,bus106,0.0
2030,sc01,07-01 06:00:00+02:00,bus076,0.0
2030,sc01,07-01 06:00:00+02:00,bus046,0.0
2030,sc01,07-01 06:00:00+02:00,bus007,0.0
2030,sc01,07-01 06:00:00+02:00,bus035,0.0
2030,sc01,07-01 06:00:00+02:00,bus117,0.0
2030,sc01,07-01 06:00:00+02:00,bus041,0.0
2030,sc01,07-01 06:00:00+02:00,bus102,0.0
2030,sc01,07-01 06:00:00+02:00,bus026,0.0
2030,sc01,07-01 06:00:00+02:00,bus077,0.0
2030,sc01,07-01 06:00:00+02:00,bus044,0.0
2030,sc01,07-01 06:00:00+02:00,bus091,0.0
2030,sc01,07-01 06:00:00+02:00,bus062,0.0
2030,sc01,07-04 22:00:00+02:00,bus093,0.0
2030,sc01,07-04 22:00:00+02:00,bus097,0.0
2030,sc01,07-04 22:00:00+02:00,bus110,0.0
2030,sc01,07-04 22:00:00+02:00,bus042,0.0
2030,sc01,07-04 22:00:00+02:00,bus066,0.0
2030,sc01,07-04 22:00:00+02:00,bus059,0.0
2030,sc01,07-04 22:00:00+02:00,bus057,0.0
2030,sc01,07-04 22:00:00+02:00,bus067,0.0
2030,sc01,07-04 22:00:00+02:00,bus069,0.0
2030,sc01,07-04 22:00:00+02:00,bus014,0.0
2030,sc01,07-04 22:00:00+02:00,bus090,0.0
2030,sc01,07-04 22:00:00+02:00,bus002,0.0
2030,sc01,07-04 22:00:00+02:00,bus005,0.0
2030,sc01,07-04 22:00:00+02:00,bus109,0.0
2030,sc01,07-04 22:00:00+02:00,bus020,0.0
2030,sc01,07-04 22:00:00+02:00,bus065,0.0
2030,sc01,07-04 22:00:00+02:00,bus001,0.0
2030,sc01,07-04 22:00:00+02:00,bus017,0.0
2030,sc01,07-04 22:00:00+02:00,bus015,0.0
2030,sc01,07-04 22:00:00+02:00,bus054,0.0
2030,sc01,07-04 22:00:00+02:00,bus086,0.0
2030,sc01,07-04 22:00:00+02:00,bus032,0.0
2030,sc01,07-04 22:00:00+02:00,bus038,0.0
2030,sc01,07-04 22:00:00+02:00,bus108,0.0
2030,sc01,07-04 22:00:00+02:00,bus087,0.0
2030,sc01,07-04 22:00:00+02:00,bus027,0.0
2030,sc01,07-04 22:00:00+02:00,bus111,0.0
2030,sc01,07-04 22:00:00+02:00,bus025,0.0
2030,sc01,07-04 22:00:00+02:00,bus029,0.0
2030,sc01,07-04 22:00:00+02:00,bus009,0.0
2030,sc01,07-04 22:00:00+02:00,bus043,0.0
2030,sc01,07-04 22:00:00+02:00,bus045,0.0
2030,sc01,07-04 22:00:00+02:00,bus084,0.0
2030,sc01,07-04 22:00:00+02:00,bus013,0.0
2030,sc01,07-04 22:00:00+02:00,bus063,0.0
2030,sc01,07-04 22:00:00+02:00,bus115,0.0
2030,sc01,07-04 22:00:00+02:00,bus010,0.0
2030,sc01,07-04 22:00:00+02:00,bus073,0.0
2030,sc01,07-04 22:00:00+02:00,bus052,0.0
2030,sc01,07-04 22:00:00+02:00,bus096,0.0
2030,sc01,07-04 22:00:00+02:00,bus050,0.0
2030,sc01,07-04 22:00:00+02:00,bus011,0.0
2030,sc01,07-04 22:00:00+02:00,bus055,0.0
2030,sc01,07-04 22:00:00+02:00,bus083,0.0
2030,sc01,07-04 22:00:00+02:00,bus081,0.0
2030,sc01,07-04 22:00:00+02:00,bus022,0.0
2030,sc01,07-04 22:00:00+02:00,bus071,0.0
2030,sc01,07-04 22:00:00+02:00,bus074,0.0
2030,sc01,07-04 22:00:00+02:00,bus040,0.0
2030,sc01,07-04 22:00:00+02:00,bus099,0.0
2030,sc01,07-04 22:00:00+02:00,bus030,0.0
2030,sc01,07-04 22:00:00+02:00,bus098,0.0
2030,sc01,07-04 22:00:00+02:00,bus053,0.0
2030,sc01,07-04 22:00:00+02:00,bus085,0.0
2030,sc01,07-04 22:00:00+02:00,bus101,0.0
2030,sc01,07-04 22:00:00+02:00,bus018,0.0
2030,sc01,07-04 22:00:00+02:00,bus023,0.0
2030,sc01,07-04 22:00:00+02:00,bus088,0.0
2030,sc01,07-04 22:00:00+02:00,bus116,0.0
2030,sc01,07-04 22:00:00+02:00,bus103,0.0
2030,sc01,07-04 22:00:00+02:00,bus008,0.0
2030,sc01,07-04 22:00:00+02:00,bus105,0.0
2030,sc01,07-04 22:00:00+02:00,bus060,0.0
2030,sc01,07-04 22:00:00+02:00,bus016,0.0
2030,sc01,07-04 22:00:00+02:00,bus082,0.0
2030,sc01,07-04 22:00:00+02:00,bus047,0.0
2030,sc01,07-04 22:00:00+02:00,bus019,0.0
2030,sc01,07-04 22:00:00+02:00,bus037,0.0
2030,sc01,07-04 22:00:00+02:00,bus006,0.0
2030,sc01,07-04 22:00:00+02:00,bus080,0.0
2030,sc01,07-04 22:00:00+02:00,bus031,0.0
2030,sc01,07-04 22:00:00+02:00,bus048,0.0
2030,sc01,07-04 22:00:00+02:00,bus107,0.0
2030,sc01,07-04 22:00:00+02:00,bus049,0.0
2030,sc01,07-04 22:00:00+02:00,bus104,0.0
2030,sc01,07-04 22:00:00+02:00,bus100,0.0
2030,sc01,07-04 22:00:00+02:00,bus072,0.0
2030,sc01,07-04 22:00:00+02:00,bus039,0.0
2030,sc01,07-04 22:00:00+02:00,bus012,0.0
2030,sc01,07-04 22:00:00+02:00,bus114,0.0
2030,sc01,07-04 22:00:00+02:00,bus112,0.0
2030,sc01,07-04 22:00:00+02:00,bus058,0.0
2030,sc01,07-04 22:00:00+02:00,bus089,0.0
2030,sc01,07-04 22:00:00+02:00,bus051,0.0
2030,sc01,07-04 22:00:00+02:00,bus056,0.0
2030,sc01,07-04 22:00:00+02:00,bus092,0.0
2030,sc01,07-04 22:00:00+02:00,bus036,0.0
2030,sc01,07-04 22:00:00+02:00,bus094,0.0
2030,sc01,07-04 22:00:00+02:00,bus095,0.0
2030,sc01,07-04 22:00:00+02:00,bus113,0.0
2030,sc01,07-04 22:00:00+02:00,bus024,0.0
2030,sc01,07-04 22:00:00+02:00,bus078,0.0
2030,sc01,07-04 22:00:00+02:00,bus033,0.0
2030,sc01,07-04 22:00:00+02:00,bus079,0.0
2030,sc01,07-04 22:00:00+02:00,bus061,0.0
2030,sc01,07-04 22:00:00+02:00,bus118,0.0
2030,sc01,07-04 22:00:00+02:00,bus003,0.0
2030,sc01,07-04 22:00:00+02:00,bus070,0.0
2030,sc01,07-04 22:00:00+02:00,bus004,0.0
2030,sc01,07-04 22:00:00+02:00,bus021,0.0
2030,sc01,07-04 22:00:00+02:00,bus068,0.0
2030,sc01,07-04 22:00:00+02:00,bus028,0.0
2030,sc01,07-04 22:00:00+02:00,bus034,0.0
2030,sc01,07-04 22:00:00+02:00,bus075,0.0
2030,sc01,07-04 22:00:00+02:00,bus064,0.0
2030,sc01,07-04 22:00:00+02:00,bus106,0.0
2030,sc01,07-04 22:00:00+02:00,bus076,0.0
2030,sc01,07-04 22:00:00+02:00,bus046,0.0
2030,sc01,07-04 22:00:00+02:00,bus007,0.0
2030,sc01,07-04 22:00:00+02:00,bus035,0.0
2030,sc01,07-04 22:00:00+02:00,bus117,0.0
2030,sc01,07-04 22:00:00+02:00,bus041,0.0
2030,sc01,07-04 22:00:00+02:00,bus102,0.0
2030,sc01,07-04 22:00:00+02:00,bus026,0.0
2030,sc01,07-04 22:00:00+02:00,bus077,0.0
2030,sc01,07-04 22:00:00+02:00,bus044,0.0
2030,sc01,07-04 22:00:00+02:00,bus091,0.0
2030,sc01,07-04 22:00:00+02:00,bus062,0.0
2030,sc01,07-05 07:00:00+02:00,bus093,0.0
2030,sc01,07-05 07:00:00+02:00,bus097,0.0
2030,sc01,07-05 07:00:00+02:00,bus110,0.0
2030,sc01,07-05 07:00:00+02:00,bus042,0.0
2030,sc01,07-05 07:00:00+02:00,bus066,0.0
2030,sc01,07-05 07:00:00+02:00,bus059,0.0
2030,sc01,07-05 07:00:00+02:00,bus057,0.0
2030,sc01,07-05 07:00:00+02:00,bus067,0.0
2030,sc01,07-05 07:00:00+02:00,bus069,0.0
2030,sc01,07-05 07:00:00+02:00,bus014,0.0
2030,sc01,07-05 07:00:00+02:00,bus090,0.0
2030,sc01,07-05 07:00:00+02:00,bus002,0.0
2030,sc01,07-05 07:00:00+02:00,bus005,0.0
2030,sc01,07-05 07:00:00+02:00,bus109,0.0
2030,sc01,07-05 07:00:00+02:00,bus020,0.0
2030,sc01,07-05 07:00:00+02:00,bus065,0.0
2030,sc01,07-05 07:00:00+02:00,bus001,0.0
2030,sc01,07-05 07:00:00+02:00,bus017,0.0
2030,sc01,07-05 07:00:00+02:00,bus015,0.0
2030,sc01,07-05 07:00:00+02:00,bus054,0.0
2030,sc01,07-05 07:00:00+02:00,bus086,0.0
2030,sc01,07-05 07:00:00+02:00,bus032,0.0
2030,sc01,07-05 07:00:00+02:00,bus038,0.0
2030,sc01,07-05 07:00:00+02:00,bus108,0.0
2030,sc01,07-05 07:00:00+02:00,bus087,0.0
2030,sc01,07-05 07:00:00+02:00,bus027,0.0
2030,sc01,07-05 07:00:00+02:00,bus111,0.0
2030,sc01,07-05 07:00:00+02:00,bus025,0.0
2030,sc01,07-05 07:00:00+02:00,bus029,0.0
2030,sc01,07-05 07:00:00+02:00,bus009,0.0
2030,sc01,07-05 07:00:00+02:00,bus043,0.0
2030,sc01,07-05 07:00:00+02:00,bus045,0.0
2030,sc01,07-05 07:00:00+02:00,bus084,0.0
2030,sc01,07-05 07:00:00+02:00,bus013,0.0
2030,sc01,07-05 07:00:00+02:00,bus063,0.0
2030,sc01,07-05 07:00:00+02:00,bus115,0.0
2030,sc01,07-05 07:00:00+02:00,bus010,0.0
2030,sc01,07-05 07:00:00+02:00,bus073,0.0
2030,sc01,07-05 07:00:00+02:00,bus052,0.0
2030,sc01,07-05 07:00:00+02:00,bus096,0.0
2030,sc01,07-05 07:00:00+02:00,bus050,0.0
2030,sc01,07-05 07:00:00+02:00,bus011,0.0
2030,sc01,07-05 07:00:00+02:00,bus055,0.0
2030,sc01,07-05 07:00:00+02:00,bus083,0.0
2030,sc01,07-05 07:00:00+02:00,bus081,0.0
2030,sc01,07-05 07:00:00+02:00,bus022,0.0
2030,sc01,07-05 07:00:00+02:00,bus071,0.0
2030,sc01,07-05 07:00:00+02:00,bus074,0.0
2030,sc01,07-05 07:00:00+02:00,bus040,0.0
2030,sc01,07-05 07:00:00+02:00,bus099,0.0
2030,sc01,07-05 07:00:00+02:00,bus030,0.0
2030,sc01,07-05 07:00:00+02:00,bus098,0.0
2030,sc01,07-05 07:00:00+02:00,bus053,0.0
2030,sc01,07-05 07:00:00+02:00,bus085,0.0
2030,sc01,07-05 07:00:00+02:00,bus101,0.0
2030,sc01,07-05 07:00:00+02:00,bus018,0.0
2030,sc01,07-05 07:00:00+02:00,bus023,0.0
2030,sc01,07-05 07:00:00+02:00,bus088,0.0
2030,sc01,07-05 07:00:00+02:00,bus116,0.0
2030,sc01,07-05 07:00:00+02:00,bus103,0.0
2030,sc01,07-05 07:00:00+02:00,bus008,0.0
2030,sc01,07-05 07:00:00+02:00,bus105,0.0
2030,sc01,07-05 07:00:00+02:00,bus060,0.0
2030,sc01,07-05 07:00:00+02:00,bus016,0.0
2030,sc01,07-05 07:00:00+02:00,bus082,0.0
2030,sc01,07-05 07:00:00+02:00,bus047,0.0
2030,sc01,07-05 07:00:00+02:00,bus019,0.0
2030,sc01,07-05 07:00:00+02:00,bus037,0.0
2030,sc01,07-05 07:00:00+02:00,bus006,0.0
2030,sc01,07-05 07:00:00+02:00,bus080,0.0
2030,sc01,07-05 07:00:00+02:00,bus031,0.0
2030,sc01,07-05 07:00:00+02:00,bus048,0.0
2030,sc01,07-05 07:00:00+02:00,bus107,0.0
2030,sc01,07-05 07:00:00+02:00,bus049,0.0
2030,sc01,07-05 07:00:00+02:00,bus104,0.0
2030,sc01,07-05 07:00:00+02:00,bus100,0.0
2030,sc01,07-05 07:00:00+02:00,bus072,0.0
2030,sc01,07-05 07:00:00+02:00,bus039,0.0
2030,sc01,07-05 07:00:00+02:00,bus012,0.0
2030,sc01,07-05 07:00:00+02:00,bus114,0.0
2030,sc01,07-05 07:00:00+02:00,bus112,0.0
2030,sc01,07-05 07:00:00+02:00,bus058,0.0
2030,sc01,07-05 07:00:00+02:00,bus089,0.0
2030,sc01,07-05 07:00:00+02:00,bus051,0.0
2030,sc01,07-05 07:00:00+02:00,bus056,0.0
2030,sc01,07-05 07:00:00+02:00,bus092,0.0
2030,sc01,07-05 07:00:00+02:00,bus036,0.0
2030,sc01,07-05 07:00:00+02:00,bus094,0.0
2030,sc01,07-05 07:00:00+02:00,bus095,0.0
2030,sc01,07-05 07:00:00+02:00,bus113,0.0
2030,sc01,07-05 07:00:00+02:00,bus024,0.0
2030,sc01,07-05 07:00:00+02:00,bus078,0.0
2030,sc01,07-05 07:00:00+02:00,bus033,0.0
2030,sc01,07-05 07:00:00+02:00,bus079,0.0
2030,sc01,07-05 07:00:00+02:00,bus061,0.0
2030,sc01,07-05 07:00:00+02:00,bus118,0.0
2030,sc01,07-05 07:00:00+02:00,bus003,0.0
2030,sc01,07-05 07:00:00+02:00,bus070,0.0
2030,sc01,07-05 07:00:00+02:00,bus004,0.0
2030,sc01,07-05 07:00:00+02:00,bus021,0.0
2030,sc01,07-05 07:00:00+02:00,bus068,0.0
2030,sc01,07-05 07:00:00+02:00,bus028,0.0
2030,sc01,07-05 07:00:00+02:00,bus034,0.0
2030,sc01,07-05 07:00:00+02:00,bus075,0.0
2030,sc01,07-05 07:00:00+02:00,bus064,0.0
2030,sc01,07-05 07:00:00+02:00,bus106,0.0
2030,sc01,07-05 07:00:00+02:00,bus076,0.0
2030,sc01,07-05 07:00:00+02:00,bus046,0.0
2030,sc01,07-05 07:00:00+02:00,bus007,0.0
2030,sc01,07-05 07:00:00+02:00,bus035,0.0
2030,sc01,07-05 07:00:00+02:00,bus117,0.0
2030,sc01,07-05 07:00:00+02:00,bus041,0.0
2030,sc01,07-05 07:00:00+02:00,bus102,0.0
2030,sc01,07-05 07:00:00+02:00,bus026,0.0
2030,sc01,07-05 07:00:00+02:00,bus077,0.0
2030,sc01,07-05 07:00:00+02:00,bus044,0.0
2030,sc01,07-05 07:00:00+02:00,bus091,0.0
2030,sc01,07-05 07:00:00+02:00,bus062,0.0
2030,sc01,07-05 11:00:00+02:00,bus093,0.0
2030,sc01,07-05 11:00:00+02:00,bus097,0.0
2030,sc01,07-05 11:00:00+02:00,bus110,0.0
2030,sc01,07-05 11:00:00+02:00,bus042,0.0
2030,sc01,07-05 11:00:00+02:00,bus066,0.0
2030,sc01,07-05 11:00:00+02:00,bus059,0.0
2030,sc01,07-05 11:00:00+02:00,bus057,0.0
2030,sc01,07-05 11:00:00+02:00,bus067,0.0
2030,sc01,07-05 11:00:00+02:00,bus069,0.0
2030,sc01,07-05 11:00:00+02:00,bus014,0.0
2030,sc01,07-05 11:00:00+02:00,bus090,0.0
2030,sc01,07-05 11:00:00+02:00,bus002,0.0
2030,sc01,07-05 11:00:00+02:00,bus005,0.0
2030,sc01,07-05 11:00:00+02:00,bus109,0.0
2030,sc01,07-05 11:00:00+02:00,bus020,0.0
2030,sc01,07-05 11:00:00+02:00,bus065,0.0
2030,sc01,07-05 11:00:00+02:00,bus001,0.0
2030,sc01,07-05 11:00:00+02:00,bus017,0.0
2030,sc01,07-05 11:00:00+02:00,bus015,0.0
2030,sc01,07-05 11:00:00+02:00,bus054,0.0
2030,sc01,07-05 11:00:00+02:00,bus086,0.0
2030,sc01,07-05 11:00:00+02:00,bus032,0.0
2030,sc01,07-05 11:00:00+02:00,bus038,0.0
2030,sc01,07-05 11:00:00+02:00,bus108,0.0
2030,sc01,07-05 11:00:00+02:00,bus087,0.0
2030,sc01,07-05 11:00:00+02:00,bus027,0.0
2030,sc01,07-05 11:00:00+02:00,bus111,0.0
2030,sc01,07-05 11:00:00+02:00,bus025,0.0
2030,sc01,07-05 11:00:00+02:00,bus029,0.0
2030,sc01,07-05 11:00:00+02:00,bus009,0.0
2030,sc01,07-05 11:00:00+02:00,bus043,0.0
2030,sc01,07-05 11:00:00+02:00,bus045,0.0
2030,sc01,07-05 11:00:00+02:00,bus084,0.0
2030,sc01,07-05 11:00:00+02:00,bus013,0.0
2030,sc01,07-05 11:00:00+02:00,bus063,0.0
2030,sc01,07-05 11:00:00+02:00,bus115,0.0
2030,sc01,07-05 11:00:00+02:00,bus010,0.0
2030,sc01,07-05 11:00:00+02:00,bus073,0.0
2030,sc01,07-05 11:00:00+02:00,bus052,0.0
2030,sc01,07-05 11:00:00+02:00,bus096,0.0
2030,sc01,07-05 11:00:00+02:00,bus050,0.0
2030,sc01,07-05 11:00:00+02:00,bus011,0.0
2030,sc01,07-05 11:00:00+02:00,bus055,0.0
2030,sc01,07-05 11:00:00+02:00,bus083,0.0
2030,sc01,07-05 11:00:00+02:00,bus081,0.0
2030,sc01,07-05 11:00:00+02:00,bus022,0.0
2030,sc01,07-05 11:00:00+02:00,bus071,0.0
2030,sc01,07-05 11:00:00+02:00,bus074,0.0
2030,sc01,07-05 11:00:00+02:00,bus040,0.0
2030,sc01,07-05 11:00:00+02:00,bus099,0.0
2030,sc01,07-05 11:00:00+02:00,bus030,0.0
2030,sc01,07-05 11:00:00+02:00,bus098,0.0
2030,sc01,07-05 11:00:00+02:00,bus053,0.0
2030,sc01,07-05 11:00:00+02:00,bus085,0.0
2030,sc01,07-05 11:00:00+02:00,bus101,0.0
2030,sc01,07-05 11:00:00+02:00,bus018,0.0
2030,sc01,07-05 11:00:00+02:00,bus023,0.0
2030,sc01,07-05 11:00:00+02:00,bus088,0.0
2030,sc01,07-05 11:00:00+02:00,bus116,0.0
2030,sc01,07-05 11:00:00+02:00,bus103,0.0
2030,sc01,07-05 11:00:00+02:00,bus008,0.0
2030,sc01,07-05 11:00:00+02:00,bus105,0.0
2030,sc01,07-05 11:00:00+02:00,bus060,0.0
2030,sc01,07-05 11:00:00+02:00,bus016,0.0
2030,sc01,07-05 11:00:00+02:00,bus082,0.0
2030,sc01,07-05 11:00:00+02:00,bus047,0.0
2030,sc01,07-05 11:00:00+02:00,bus019,0.0
2030,sc01,07-05 11:00:00+02:00,bus037,0.0
2030,sc01,07-05 11:00:00+02:00,bus006,0.0
2030,sc01,07-05 11:00:00+02:00,bus080,0.0
2030,sc01,07-05 11:00:00+02:00,bus031,0.0
2030,sc01,07-05 11:00:00+02:00,bus048,0.0
2030,sc01,07-05 11:00:00+02:00,bus107,0.0
2030,sc01,07-05 11:00:00+02:00,bus049,0.0
2030,sc01,07-05 11:00:00+02:00,bus104,0.0
2030,sc01,07-05 11:00:00+02:00,bus100,0.0
2030,sc01,07-05 11:00:00+02:00,bus072,0.0
2030,sc01,07-05 11:00:00+02:00,bus039,0.0
2030,sc01,07-05 11:00:00+02:00,bus012,0.0
2030,sc01,07-05 11:00:00+02:00,bus114,0.0
2030,sc01,07-05 11:00:00+02:00,bus112,0.0
2030,sc01,07-05 11:00:00+02:00,bus058,0.0
2030,sc01,07-05 11:00:00+02:00,bus089,0.0
2030,sc01,07-05 11:00:00+02:00,bus051,0.0
2030,sc01,07-05 11:00:00+02:00,bus056,0.0
2030,sc01,07-05 11:00:00+02:00,bus092,0.0
2030,sc01,07-05 11:00:00+02:00,bus036,0.0
2030,sc01,07-05 11:00:00+02:00,bus094,0.0
2030,sc01,07-05 11:00:00+02:00,bus095,0.0
2030,sc01,07-05 11:00:00+02:00,bus113,0.0
2030,sc01,07-05 11:00:00+02:00,bus024,0.0
2030,sc01,07-05 11:00:00+02:00,bus078,0.0
2030,sc01,07-05 11:00:00+02:00,bus033,0.0
2030,sc01,07-05 11:00:00+02:00,bus079,0.0
2030,sc01,07-05 11:00:00+02:00,bus061,0.0
2030,sc01,07-05 11:00:00+02:00,bus118,0.0
2030,sc01,07-05 11:00:00+02:00,bus003,0.0
2030,sc01,07-05 11:00:00+02:00,bus070,0.0
2030,sc01,07-05 11:00:00+02:00,bus004,0.0
2030,sc01,07-05 11:00:00+02:00,bus021,0.0
2030,sc01,07-05 11:00:00+02:00,bus068,0.0
2030,sc01,07-05 11:00:00+02:00,bus028,0.0
2030,sc01,07-05 11:00:00+02:00,bus034,0.0
2030,sc01,07-05 11:00:00+02:00,bus075,0.0
2030,sc01,07-05 11:00:00+02:00,bus064,0.0
2030,sc01,07-05 11:00:00+02:00,bus106,0.0
2030,sc01,07-05 11:00:00+02:00,bus076,0.0
2030,sc01,07-05 11:00:00+02:00,bus046,0.0
2030,sc01,07-05 11:00:00+02:00,bus007,0.0
2030,sc01,07-05 11:00:00+02:00,bus035,0.0
2030,sc01,07-05 11:00:00+02:00,bus117,0.0
2030,sc01,07-05 11:00:00+02:00,bus041,0.0
2030,sc01,07-05 11:00:00+02:00,bus102,0.0
2030,sc01,07-05 11:00:00+02:00,bus026,0.0
2030,sc01,07-05 11:00:00+02:00,bus077,0.0
2030,sc01,07-05 11:00:00+02:00,bus044,0.0
2030,sc01,07-05 11:00:00+02:00,bus091,0.0
2030,sc01,07-05 11:00:00+02:00,bus062,0.0
2030,sc01,07-05 15:00:00+02:00,bus093,0.0
2030,sc01,07-05 15:00:00+02:00,bus097,0.0
2030,sc01,07-05 15:00:00+02:00,bus110,0.0
2030,sc01,07-05 15:00:00+02:00,bus042,0.0
2030,sc01,07-05 15:00:00+02:00,bus066,0.0
2030,sc01,07-05 15:00:00+02:00,bus059,0.0
2030,sc01,07-05 15:00:00+02:00,bus057,0.0
2030,sc01,07-05 15:00:00+02:00,bus067,0.0
2030,sc01,07-05 15:00:00+02:00,bus069,0.0
2030,sc01,07-05 15:00:00+02:00,bus014,0.0
2030,sc01,07-05 15:00:00+02:00,bus090,0.0
2030,sc01,07-05 15:00:00+02:00,bus002,0.0
2030,sc01,07-05 15:00:00+02:00,bus005,0.0
2030,sc01,07-05 15:00:00+02:00,bus109,0.0
2030,sc01,07-05 15:00:00+02:00,bus020,0.0
2030,sc01,07-05 15:00:00+02:00,bus065,0.0
2030,sc01,07-05 15:00:00+02:00,bus001,0.0
2030,sc01,07-05 15:00:00+02:00,bus017,0.0
2030,sc01,07-05 15:00:00+02:00,bus015,0.0
2030,sc01,07-05 15:00:00+02:00,bus054,0.0
2030,sc01,07-05 15:00:00+02:00,bus086,0.0
2030,sc01,07-05 15:00:00+02:00,bus032,0.0
2030,sc01,07-05 15:00:00+02:00,bus038,0.0
2030,sc01,07-05 15:00:00+02:00,bus108,0.0
2030,sc01,07-05 15:00:00+02:00,bus087,0.0
2030,sc01,07-05 15:00:00+02:00,bus027,0.0
2030,sc01,07-05 15:00:00+02:00,bus111,0.0
2030,sc01,07-05 15:00:00+02:00,bus025,0.0
2030,sc01,07-05 15:00:00+02:00,bus029,0.0
2030,sc01,07-05 15:00:00+02:00,bus009,0.0
2030,sc01,07-05 15:00:00+02:00,bus043,0.0
2030,sc01,07-05 15:00:00+02:00,bus045,0.0
2030,sc01,07-05 15:00:00+02:00,bus084,0.0
2030,sc01,07-05 15:00:00+02:00,bus013,0.0
2030,sc01,07-05 15:00:00+02:00,bus063,0.0
2030,sc01,07-05 15:00:00+02:00,bus115,0.0
2030,sc01,07-05 15:00:00+02:00,bus010,0.0
2030,sc01,07-05 15:00:00+02:00,bus073,0.0
2030,sc01,07-05 15:00:00+02:00,bus052,0.0
2030,sc01,07-05 15:00:00+02:00,bus096,0.0
2030,sc01,07-05 15:00:00+02:00,bus050,0.0
2030,sc01,07-05 15:00:00+02:00,bus011,0.0
2030,sc01,07-05 15:00:00+02:00,bus055,0.0
2030,sc01,07-05 15:00:00+02:00,bus083,0.0
2030,sc01,07-05 15:00:00+02:00,bus081,0.0
2030,sc01,07-05 15:00:00+02:00,bus022,0.0
2030,sc01,07-05 15:00:00+02:00,bus071,0.0
2030,sc01,07-05 15:00:00+02:00,bus074,0.0
2030,sc01,07-05 15:00:00+02:00,bus040,0.0
2030,sc01,07-05 15:00:00+02:00,bus099,0.0
2030,sc01,07-05 15:00:00+02:00,bus030,0.0
2030,sc01,07-05 15:00:00+02:00,bus098,0.0
2030,sc01,07-05 15:00:00+02:00,bus053,0.0
2030,sc01,07-05 15:00:00+02:00,bus085,0.0
2030,sc01,07-05 15:00:00+02:00,bus101,0.0
2030,sc01,07-05 15:00:00+02:00,bus018,0.0
2030,sc01,07-05 15:00:00+02:00,bus023,0.0
2030,sc01,07-05 15:00:00+02:00,bus088,0.0
2030,sc01,07-05 15:00:00+02:00,bus116,0.0
2030,sc01,07-05 15:00:00+02:00,bus103,0.0
2030,sc01,07-05 15:00:00+02:00,bus008,0.0
2030,sc01,07-05 15:00:00+02:00,bus105,0.0
2030,sc01,07-05 15:00:00+02:00,bus060,0.0
2030,sc01,07-05 15:00:00+02:00,bus016,0.0
2030,sc01,07-05 15:00:00+02:00,bus082,0.0
2030,sc01,07-05 15:00:00+02:00,bus047,0.0
2030,sc01,07-05 15:00:00+02:00,bus019,0.0
2030,sc01,07-05 15:00:00+02:00,bus037,0.0
2030,sc01,07-05 15:00:00+02:00,bus006,0.0
2030,sc01,07-05 15:00:00+02:00,bus080,0.0
2030,sc01,07-05 15:00:00+02:00,bus031,0.0
2030,sc01,07-05 15:00:00+02:00,bus048,0.0
2030,sc01,07-05 15:00:00+02:00,bus107,0.0
2030,sc01,07-05 15:00:00+02:00,bus049,0.0
2030,sc01,07-05 15:00:00+02:00,bus104,0.0
2030,sc01,07-05 15:00:00+02:00,bus100,0.0
2030,sc01,07-05 15:00:00+02:00,bus072,0.0
2030,sc01,07-05 15:00:00+02:00,bus039,0.0
2030,sc01,07-05 15:00:00+02:00,bus012,0.0
2030,sc01,07-05 15:00:00+02:00,bus114,0.0
2030,sc01,07-05 15:00:00+02:00,bus112,0.0
2030,sc01,07-05 15:00:00+02:00,bus058,0.0
2030,sc01,07-05 15:00:00+02:00,bus089,0.0
2030,sc01,07-05 15:00:00+02:00,bus051,0.0
2030,sc01,07-05 15:00:00+02:00,bus056,0.0
2030,sc01,07-05 15:00:00+02:00,bus092,0.0
2030,sc01,07-05 15:00:00+02:00,bus036,0.0
2030,sc01,07-05 15:00:00+02:00,bus094,0.0
2030,sc01,07-05 15:00:00+02:00,bus095,0.0
2030,sc01,07-05 15:00:00+02:00,bus113,0.0
2030,sc01,07-05 15:00:00+02:00,bus024,0.0
2030,sc01,07-05 15:00:00+02:00,bus078,0.0
2030,sc01,07-05 15:00:00+02:00,bus033,0.0
2030,sc01,07-05 15:00:00+02:00,bus079,0.0
2030,sc01,07-05 15:00:00+02:00,bus061,0.0
2030,sc01,07-05 15:00:00+02:00,bus118,0.0
2030,sc01,07-05 15:00:00+02:00,bus003,0.0
2030,sc01,07-05 15:00:00+02:00,bus070,0.0
2030,sc01,07-05 15:00:00+02:00,bus004,0.0
2030,sc01,07-05 15:00:00+02:00,bus021,0.0
2030,sc01,07-05 15:00:00+02:00,bus068,0.0
2030,sc01,07-05 15:00:00+02:00,bus028,0.0
2030,sc01,07-05 15:00:00+02:00,bus034,0.0
2030,sc01,07-05 15:00:00+02:00,bus075,0.0
2030,sc01,07-05 15:00:00+02:00,bus064,0.0
2030,sc01,07-05 15:00:00+02:00,bus106,0.0
2030,sc01,07-05 15:00:00+02:00,bus076,0.0
2030,sc01,07-05 15:00:00+02:00,bus046,0.0
2030,sc01,07-05 15:00:00+02:00,bus007,0.0
2030,sc01,07-05 15:00:00+02:00,bus035,0.0
2030,sc01,07-05 15:00:00+02:00,bus117,0.0
2030,sc01,07-05 15:00:00+02:00,bus041,0.0
2030,sc01,07-05 15:00:00+02:00,bus102,0.0
2030,sc01,07-05 15:00:00+02:00,bus026,0.0
2030,sc01,07-05 15:00:00+02:00,bus077,0.0
2030,sc01,07-05 15:00:00+02:00,bus044,0.0
2030,sc01,07-05 15:00:00+02:00,bus091,0.0
2030,sc01,07-05 15:00:00+02:00,bus062,0.0
2030,sc01,07-12 00:00:00+02:00,bus093,0.0
2030,sc01,07-12 00:00:00+02:00,bus097,0.0
2030,sc01,07-12 00:00:00+02:00,bus110,0.0
2030,sc01,07-12 00:00:00+02:00,bus042,0.0
2030,sc01,07-12 00:00:00+02:00,bus066,0.0
2030,sc01,07-12 00:00:00+02:00,bus059,0.0
2030,sc01,07-12 00:00:00+02:00,bus057,0.0
2030,sc01,07-12 00:00:00+02:00,bus067,0.0
2030,sc01,07-12 00:00:00+02:00,bus069,0.0
2030,sc01,07-12 00:00:00+02:00,bus014,0.0
2030,sc01,07-12 00:00:00+02:00,bus090,0.0
2030,sc01,07-12 00:00:00+02:00,bus002,0.0
2030,sc01,07-12 00:00:00+02:00,bus005,0.0
2030,sc01,07-12 00:00:00+02:00,bus109,0.0
2030,sc01,07-12 00:00:00+02:00,bus020,0.0
2030,sc01,07-12 00:00:00+02:00,bus065,0.0
2030,sc01,07-12 00:00:00+02:00,bus001,0.0
2030,sc01,07-12 00:00:00+02:00,bus017,0.0
2030,sc01,07-12 00:00:00+02:00,bus015,0.0
2030,sc01,07-12 00:00:00+02:00,bus054,0.0
2030,sc01,07-12 00:00:00+02:00,bus086,0.0
2030,sc01,07-12 00:00:00+02:00,bus032,0.0
2030,sc01,07-12 00:00:00+02:00,bus038,0.0
2030,sc01,07-12 00:00:00+02:00,bus108,0.0
2030,sc01,07-12 00:00:00+02:00,bus087,0.0
2030,sc01,07-12 00:00:00+02:00,bus027,0.0
2030,sc01,07-12 00:00:00+02:00,bus111,0.0
2030,sc01,07-12 00:00:00+02:00,bus025,0.0
2030,sc01,07-12 00:00:00+02:00,bus029,0.0
2030,sc01,07-12 00:00:00+02:00,bus009,0.0
2030,sc01,07-12 00:00:00+02:00,bus043,0.0
2030,sc01,07-12 00:00:00+02:00,bus045,0.0
2030,sc01,07-12 00:00:00+02:00,bus084,0.0
2030,sc01,07-12 00:00:00+02:00,bus013,0.0
2030,sc01,07-12 00:00:00+02:00,bus063,0.0
2030,sc01,07-12 00:00:00+02:00,bus115,0.0
2030,sc01,07-12 00:00:00+02:00,bus010,0.0
2030,sc01,07-12 00:00:00+02:00,bus073,0.0
2030,sc01,07-12 00:00:00+02:00,bus052,0.0
2030,sc01,07-12 00:00:00+02:00,bus096,0.0
2030,sc01,07-12 00:00:00+02:00,bus050,0.0
2030,sc01,07-12 00:00:00+02:00,bus011,0.0
2030,sc01,07-12 00:00:00+02:00,bus055,0.0
2030,sc01,07-12 00:00:00+02:00,bus083,0.0
2030,sc01,07-12 00:00:00+02:00,bus081,0.0
2030,sc01,07-12 00:00:00+02:00,bus022,0.0
2030,sc01,07-12 00:00:00+02:00,bus071,0.0
2030,sc01,07-12 00:00:00+02:00,bus074,0.0
2030,sc01,07-12 00:00:00+02:00,bus040,0.0
2030,sc01,07-12 00:00:00+02:00,bus099,0.0
2030,sc01,07-12 00:00:00+02:00,bus030,0.0
2030,sc01,07-12 00:00:00+02:00,bus098,0.0
2030,sc01,07-12 00:00:00+02:00,bus053,0.0
2030,sc01,07-12 00:00:00+02:00,bus085,0.0
2030,sc01,07-12 00:00:00+02:00,bus101,0.0
2030,sc01,07-12 00:00:00+02:00,bus018,0.0
2030,sc01,07-12 00:00:00+02:00,bus023,0.0
2030,sc01,07-12 00:00:00+02:00,bus088,0.0
2030,sc01,07-12 00:00:00+02:00,bus116,0.0
2030,sc01,07-12 00:00:00+02:00,bus103,0.0
2030,sc01,07-12 00:00:00+02:00,bus008,0.0
2030,sc01,07-12 00:00:00+02:00,bus105,0.0
2030,sc01,07-12 00:00:00+02:00,bus060,0.0
2030,sc01,07-12 00:00:00+02:00,bus016,0.0
2030,sc01,07-12 00:00:00+02:00,bus082,0.0
2030,sc01,07-12 00:00:00+02:00,bus047,0.0
2030,sc01,07-12 00:00:00+02:00,bus019,0.0
2030,sc01,07-12 00:00:00+02:00,bus037,0.0
2030,sc01,07-12 00:00:00+02:00,bus006,0.0
2030,sc01,07-12 00:00:00+02:00,bus080,0.0
2030,sc01,07-12 00:00:00+02:00,bus031,0.0
2030,sc01,07-12 00:00:00+02:00,bus048,0.0
2030,sc01,07-12 00:00:00+02:00,bus107,0.0
2030,sc01,07-12 00:00:00+02:00,bus049,0.0
2030,sc01,07-12 00:00:00+02:00,bus104,0.0
2030,sc01,07-12 00:00:00+02:00,bus100,0.0
2030,sc01,07-12 00:00:00+02:00,bus072,0.0
2030,sc01,07-12 00:00:00+02:00,bus039,0.0
2030,sc01,07-12 00:00:00+02:00,bus012,0.0
2030,sc01,07-12 00:00:00+02:00,bus114,0.0
2030,sc01,07-12 00:00:00+02:00,bus112,0.0
2030,sc01,07-12 00:00:00+02:00,bus058,0.0
2030,sc01,07-12 00:00:00+02:00,bus089,0.0
2030,sc01,07-12 00:00:00+02:00,bus051,0.0
2030,sc01,07-12 00:00:00+02:00,bus056,0.0
2030,sc01,07-12 00:00:00+02:00,bus092,0.0
2030,sc01,07-12 00:00:00+02:00,bus036,0.0
2030,sc01,07-12 00:00:00+02:00,bus094,0.0
2030,sc01,07-12 00:00:00+02:00,bus095,0.0
2030,sc01,07-12 00:00:00+02:00,bus113,0.0
2030,sc01,07-12 00:00:00+02:00,bus024,0.0
2030,sc01,07-12 00:00:00+02:00,bus078,0.0
2030,sc01,07-12 00:00:00+02:00,bus033,0.0
2030,sc01,07-12 00:00:00+02:00,bus079,0.0
2030,sc01,07-12 00:00:00+02:00,bus061,0.0
2030,sc01,07-12 00:00:00+02:00,bus118,0.0
2030,sc01,07-12 00:00:00+02:00,bus003,0.0
2030,sc01,07-12 00:00:00+02:00,bus070,0.0
2030,sc01,07-12 00:00:00+02:00,bus004,0.0
2030,sc01,07-12 00:00:00+02:00,bus021,0.0
2030,sc01,07-12 00:00:00+02:00,bus068,0.0
2030,sc01,07-12 00:00:00+02:00,bus028,0.0
2030,sc01,07-12 00:00:00+02:00,bus034,0.0
2030,sc01,07-12 00:00:00+02:00,bus075,0.0
2030,sc01,07-12 00:00:00+02:00,bus064,0.0
2030,sc01,07-12 00:00:00+02:00,bus106,0.0
2030,sc01,07-12 00:00:00+02:00,bus076,0.0
2030,sc01,07-12 00:00:00+02:00,bus046,0.0
2030,sc01,07-12 00:00:00+02:00,bus007,0.0
2030,sc01,07-12 00:00:00+02:00,bus035,0.0
2030,sc01,07-12 00:00:00+02:00,bus117,0.0
2030,sc01,07-12 00:00:00+02:00,bus041,0.0
2030,sc01,07-12 00:00:00+02:00,bus102,0.0
2030,sc01,07-12 00:00:00+02:00,bus026,0.0
2030,sc01,07-12 00:00:00+02:00,bus077,0.0
2030,sc01,07-12 00:00:00+02:00,bus044,0.0
2030,sc01,07-12 00:00:00+02:00,bus091,0.0
2030,sc01,07-12 00:00:00+02:00,bus062,0.0
2030,sc01,07-13 13:00:00+02:00,bus093,0.0
2030,sc01,07-13 13:00:00+02:00,bus097,0.0
2030,sc01,07-13 13:00:00+02:00,bus110,0.0
2030,sc01,07-13 13:00:00+02:00,bus042,0.0
2030,sc01,07-13 13:00:00+02:00,bus066,0.0
2030,sc01,07-13 13:00:00+02:00,bus059,0.0
2030,sc01,07-13 13:00:00+02:00,bus057,0.0
2030,sc01,07-13 13:00:00+02:00,bus067,0.0
2030,sc01,07-13 13:00:00+02:00,bus069,0.0
2030,sc01,07-13 13:00:00+02:00,bus014,0.0
2030,sc01,07-13 13:00:00+02:00,bus090,0.0
2030,sc01,07-13 13:00:00+02:00,bus002,0.0
2030,sc01,07-13 13:00:00+02:00,bus005,0.0
2030,sc01,07-13 13:00:00+02:00,bus109,0.0
2030,sc01,07-13 13:00:00+02:00,bus020,0.0
2030,sc01,07-13 13:00:00+02:00,bus065,0.0
2030,sc01,07-13 13:00:00+02:00,bus001,0.0
2030,sc01,07-13 13:00:00+02:00,bus017,0.0
2030,sc01,07-13 13:00:00+02:00,bus015,0.0
2030,sc01,07-13 13:00:00+02:00,bus054,0.0
2030,sc01,07-13 13:00:00+02:00,bus086,0.0
2030,sc01,07-13 13:00:00+02:00,bus032,0.0
2030,sc01,07-13 13:00:00+02:00,bus038,0.0
2030,sc01,07-13 13:00:00+02:00,bus108,0.0
2030,sc01,07-13 13:00:00+02:00,bus087,0.0
2030,sc01,07-13 13:00:00+02:00,bus027,0.0
2030,sc01,07-13 13:00:00+02:00,bus111,0.0
2030,sc01,07-13 13:00:00+02:00,bus025,0.0
2030,sc01,07-13 13:00:00+02:00,bus029,0.0
2030,sc01,07-13 13:00:00+02:00,bus009,0.0
2030,sc01,07-13 13:00:00+02:00,bus043,0.0
2030,sc01,07-13 13:00:00+02:00,bus045,0.0
2030,sc01,07-13 13:00:00+02:00,bus084,0.0
2030,sc01,07-13 13:00:00+02:00,bus013,0.0
2030,sc01,07-13 13:00:00+02:00,bus063,0.0
2030,sc01,07-13 13:00:00+02:00,bus115,0.0
2030,sc01,07-13 13:00:00+02:00,bus010,0.0
2030,sc01,07-13 13:00:00+02:00,bus073,0.0
2030,sc01,07-13 13:00:00+02:00,bus052,0.0
2030,sc01,07-13 13:00:00+02:00,bus096,0.0
2030,sc01,07-13 13:00:00+02:00,bus050,0.0
2030,sc01,07-13 13:00:00+02:00,bus011,0.0
2030,sc01,07-13 13:00:00+02:00,bus055,0.0
2030,sc01,07-13 13:00:00+02:00,bus083,0.0
2030,sc01,07-13 13:00:00+02:00,bus081,0.0
2030,sc01,07-13 13:00:00+02:00,bus022,0.0
2030,sc01,07-13 13:00:00+02:00,bus071,0.0
2030,sc01,07-13 13:00:00+02:00,bus074,0.0
2030,sc01,07-13 13:00:00+02:00,bus040,0.0
2030,sc01,07-13 13:00:00+02:00,bus099,0.0
2030,sc01,07-13 13:00:00+02:00,bus030,0.0
2030,sc01,07-13 13:00:00+02:00,bus098,0.0
2030,sc01,07-13 13:00:00+02:00,bus053,0.0
2030,sc01,07-13 13:00:00+02:00,bus085,0.0
2030,sc01,07-13 13:00:00+02:00,bus101,0.0
2030,sc01,07-13 13:00:00+02:00,bus018,0.0
2030,sc01,07-13 13:00:00+02:00,bus023,0.0
2030,sc01,07-13 13:00:00+02:00,bus088,0.0
2030,sc01,07-13 13:00:00+02:00,bus116,0.0
2030,sc01,07-13 13:00:00+02:00,bus103,0.0
2030,sc01,07-13 13:00:00+02:00,bus008,0.0
2030,sc01,07-13 13:00:00+02:00,bus105,0.0
2030,sc01,07-13 13:00:00+02:00,bus060,0.0
2030,sc01,07-13 13:00:00+02:00,bus016,0.0
2030,sc01,07-13 13:00:00+02:00,bus082,0.0
2030,sc01,07-13 13:00:00+02:00,bus047,0.0
2030,sc01,07-13 13:00:00+02:00,bus019,0.0
2030,sc01,07-13 13:00:00+02:00,bus037,0.0
2030,sc01,07-13 13:00:00+02:00,bus006,0.0
2030,sc01,07-13 13:00:00+02:00,bus080,0.0
2030,sc01,07-13 13:00:00+02:00,bus031,0.0
2030,sc01,07-13 13:00:00+02:00,bus048,0.0
2030,sc01,07-13 13:00:00+02:00,bus107,0.0
2030,sc01,07-13 13:00:00+02:00,bus049,0.0
2030,sc01,07-13 13:00:00+02:00,bus104,0.0
2030,sc01,07-13 13:00:00+02:00,bus100,0.0
2030,sc01,07-13 13:00:00+02:00,bus072,0.0
2030,sc01,07-13 13:00:00+02:00,bus039,0.0
2030,sc01,07-13 13:00:00+02:00,bus012,0.0
2030,sc01,07-13 13:00:00+02:00,bus114,0.0
2030,sc01,07-13 13:00:00+02:00,bus112,0.0
2030,sc01,07-13 13:00:00+02:00,bus058,0.0
2030,sc01,07-13 13:00:00+02:00,bus089,0.0
2030,sc01,07-13 13:00:00+02:00,bus051,0.0
2030,sc01,07-13 13:00:00+02:00,bus056,0.0
2030,sc01,07-13 13:00:00+02:00,bus092,0.0
2030,sc01,07-13 13:00:00+02:00,bus036,0.0
2030,sc01,07-13 13:00:00+02:00,bus094,0.0
2030,sc01,07-13 13:00:00+02:00,bus095,0.0
2030,sc01,07-13 13:00:00+02:00,bus113,0.0
2030,sc01,07-13 13:00:00+02:00,bus024,0.0
2030,sc01,07-13 13:00:00+02:00,bus078,0.0
2030,sc01,07-13 13:00:00+02:00,bus033,0.0
2030,sc01,07-13 13:00:00+02:00,bus079,0.0
2030,sc01,07-13 13:00:00+02:00,bus061,0.0
2030,sc01,07-13 13:00:00+02:00,bus118,0.0
2030,sc01,07-13 13:00:00+02:00,bus003,0.0
2030,sc01,07-13 13:00:00+02:00,bus070,0.0
2030,sc01,07-13 13:00:00+02:00,bus004,0.0
2030,sc01,07-13 13:00:00+02:00,bus021,0.0
2030,sc01,07-13 13:00:00+02:00,bus068,0.0
2030,sc01,07-13 13:00:00+02:00,bus028,0.0
2030,sc01,07-13 13:00:00+02:00,bus034,0.0
2030,sc01,07-13 13:00:00+02:00,bus075,0.0
2030,sc01,07-13 13:00:00+02:00,bus064,0.0
2030,sc01,07-13 13:00:00+02:00,bus106,0.0
2030,sc01,07-13 13:00:00+02:00,bus076,0.0
2030,sc01,07-13 13:00:00+02:00,bus046,0.0
2030,sc01,07-13 13:00:00+02:00,bus007,0.0
2030,sc01,07-13 13:00:00+02:00,bus035,0.0
2030,sc01,07-13 13:00:00+02:00,bus117,0.0
2030,sc01,07-13 13:00:00+02:00,bus041,0.0
2030,sc01,07-13 13:00:00+02:00,bus102,0.0
2030,sc01,07-13 13:00:00+02:00,bus026,0.0
2030,sc01,07-13 13:00:00+02:00,bus077,0.0
2030,sc01,07-13 13:00:00+02:00,bus044,0.0
2030,sc01,07-13 13:00:00+02:00,bus091,0.0
2030,sc01,07-13 13:00:00+02:00,bus062,0.0
2030,sc01,07-15 17:00:00+02:00,bus093,0.0
2030,sc01,07-15 17:00:00+02:00,bus097,0.0
2030,sc01,07-15 17:00:00+02:00,bus110,0.0
2030,sc01,07-15 17:00:00+02:00,bus042,0.0
2030,sc01,07-15 17:00:00+02:00,bus066,0.0
2030,sc01,07-15 17:00:00+02:00,bus059,0.0
2030,sc01,07-15 17:00:00+02:00,bus057,0.0
2030,sc01,07-15 17:00:00+02:00,bus067,0.0
2030,sc01,07-15 17:00:00+02:00,bus069,0.0
2030,sc01,07-15 17:00:00+02:00,bus014,0.0
2030,sc01,07-15 17:00:00+02:00,bus090,0.0
2030,sc01,07-15 17:00:00+02:00,bus002,0.0
2030,sc01,07-15 17:00:00+02:00,bus005,0.0
2030,sc01,07-15 17:00:00+02:00,bus109,0.0
2030,sc01,07-15 17:00:00+02:00,bus020,0.0
2030,sc01,07-15 17:00:00+02:00,bus065,0.0
2030,sc01,07-15 17:00:00+02:00,bus001,0.0
2030,sc01,07-15 17:00:00+02:00,bus017,0.0
2030,sc01,07-15 17:00:00+02:00,bus015,0.0
2030,sc01,07-15 17:00:00+02:00,bus054,0.0
2030,sc01,07-15 17:00:00+02:00,bus086,0.0
2030,sc01,07-15 17:00:00+02:00,bus032,0.0
2030,sc01,07-15 17:00:00+02:00,bus038,0.0
2030,sc01,07-15 17:00:00+02:00,bus108,0.0
2030,sc01,07-15 17:00:00+02:00,bus087,0.0
2030,sc01,07-15 17:00:00+02:00,bus027,0.0
2030,sc01,07-15 17:00:00+02:00,bus111,0.0
2030,sc01,07-15 17:00:00+02:00,bus025,0.0
2030,sc01,07-15 17:00:00+02:00,bus029,0.0
2030,sc01,07-15 17:00:00+02:00,bus009,0.0
2030,sc01,07-15 17:00:00+02:00,bus043,0.0
2030,sc01,07-15 17:00:00+02:00,bus045,0.0
2030,sc01,07-15 17:00:00+02:00,bus084,0.0
2030,sc01,07-15 17:00:00+02:00,bus013,0.0
2030,sc01,07-15 17:00:00+02:00,bus063,0.0
2030,sc01,07-15 17:00:00+02:00,bus115,0.0
2030,sc01,07-15 17:00:00+02:00,bus010,0.0
2030,sc01,07-15 17:00:00+02:00,bus073,0.0
2030,sc01,07-15 17:00:00+02:00,bus052,0.0
2030,sc01,07-15 17:00:00+02:00,bus096,0.0
2030,sc01,07-15 17:00:00+02:00,bus050,0.0
2030,sc01,07-15 17:00:00+02:00,bus011,0.0
2030,sc01,07-15 17:00:00+02:00,bus055,0.0
2030,sc01,07-15 17:00:00+02:00,bus083,0.0
2030,sc01,07-15 17:00:00+02:00,bus081,0.0
2030,sc01,07-15 17:00:00+02:00,bus022,0.0
2030,sc01,07-15 17:00:00+02:00,bus071,0.0
2030,sc01,07-15 17:00:00+02:00,bus074,0.0
2030,sc01,07-15 17:00:00+02:00,bus040,0.0
2030,sc01,07-15 17:00:00+02:00,bus099,0.0
2030,sc01,07-15 17:00:00+02:00,bus030,0.0
2030,sc01,07-15 17:00:00+02:00,bus098,0.0
2030,sc01,07-15 17:00:00+02:00,bus053,0.0
2030,sc01,07-15 17:00:00+02:00,bus085,0.0
2030,sc01,07-15 17:00:00+02:00,bus101,0.0
2030,sc01,07-15 17:00:00+02:00,bus018,0.0
2030,sc01,07-15 17:00:00+02:00,bus023,0.0
2030,sc01,07-15 17:00:00+02:00,bus088,0.0
2030,sc01,07-15 17:00:00+02:00,bus116,0.0
2030,sc01,07-15 17:00:00+02:00,bus103,0.0
2030,sc01,07-15 17:00:00+02:00,bus008,0.0
2030,sc01,07-15 17:00:00+02:00,bus105,0.0
2030,sc01,07-15 17:00:00+02:00,bus060,0.0
2030,sc01,07-15 17:00:00+02:00,bus016,0.0
2030,sc01,07-15 17:00:00+02:00,bus082,0.0
2030,sc01,07-15 17:00:00+02:00,bus047,0.0
2030,sc01,07-15 17:00:00+02:00,bus019,0.0
2030,sc01,07-15 17:00:00+02:00,bus037,0.0
2030,sc01,07-15 17:00:00+02:00,bus006,0.0
2030,sc01,07-15 17:00:00+02:00,bus080,0.0
2030,sc01,07-15 17:00:00+02:00,bus031,0.0
2030,sc01,07-15 17:00:00+02:00,bus048,0.0
2030,sc01,07-15 17:00:00+02:00,bus107,0.0
2030,sc01,07-15 17:00:00+02:00,bus049,0.0
2030,sc01,07-15 17:00:00+02:00,bus104,0.0
2030,sc01,07-15 17:00:00+02:00,bus100,0.0
2030,sc01,07-15 17:00:00+02:00,bus072,0.0
2030,sc01,07-15 17:00:00+02:00,bus039,0.0
2030,sc01,07-15 17:00:00+02:00,bus012,0.0
2030,sc01,07-15 17:00:00+02:00,bus114,0.0
2030,sc01,07-15 17:00:00+02:00,bus112,0.0
2030,sc01,07-15 17:00:00+02:00,bus058,0.0
2030,sc01,07-15 17:00:00+02:00,bus089,0.0
2030,sc01,07-15 17:00:00+02:00,bus051,0.0
2030,sc01,07-15 17:00:00+02:00,bus056,0.0
2030,sc01,07-15 17:00:00+02:00,bus092,0.0
2030,sc01,07-15 17:00:00+02:00,bus036,0.0
2030,sc01,07-15 17:00:00+02:00,bus094,0.0
2030,sc01,07-15 17:00:00+02:00,bus095,0.0
2030,sc01,07-15 17:00:00+02:00,bus113,0.0
2030,sc01,07-15 17:00:00+02:00,bus024,0.0
2030,sc01,07-15 17:00:00+02:00,bus078,0.0
2030,sc01,07-15 17:00:00+02:00,bus033,0.0
2030,sc01,07-15 17:00:00+02:00,bus079,0.0
2030,sc01,07-15 17:00:00+02:00,bus061,0.0
2030,sc01,07-15 17:00:00+02:00,bus118,0.0
2030,sc01,07-15 17:00:00+02:00,bus003,0.0
2030,sc01,07-15 17:00:00+02:00,bus070,0.0
2030,sc01,07-15 17:00:00+02:00,bus004,0.0
2030,sc01,07-15 17:00:00+02:00,bus021,0.0
2030,sc01,07-15 17:00:00+02:00,bus068,0.0
2030,sc01,07-15 17:00:00+02:00,bus028,0.0
2030,sc01,07-15 17:00:00+02:00,bus034,0.0
2030,sc01,07-15 17:00:00+02:00,bus075,0.0
2030,sc01,07-15 17:00:00+02:00,bus064,0.0
2030,sc01,07-15 17:00:00+02:00,bus106,0.0
2030,sc01,07-15 17:00:00+02:00,bus076,0.0
2030,sc01,07-15 17:00:00+02:00,bus046,0.0
2030,sc01,07-15 17:00:00+02:00,bus007,0.0
2030,sc01,07-15 17:00:00+02:00,bus035,0.0
2030,sc01,07-15 17:00:00+02:00,bus117,0.0
2030,sc01,07-15 17:00:00+02:00,bus041,0.0
2030,sc01,07-15 17:00:00+02:00,bus102,0.0
2030,sc01,07-15 17:00:00+02:00,bus026,0.0
2030,sc01,07-15 17:00:00+02:00,bus077,0.0
2030,sc01,07-15 17:00:00+02:00,bus044,0.0
2030,sc01,07-15 17:00:00+02:00,bus091,0.0
2030,sc01,07-15 17:00:00+02:00,bus062,0.0
2030,sc01,07-16 00:00:00+02:00,bus093,0.0
2030,sc01,07-16 00:00:00+02:00,bus097,0.0
2030,sc01,07-16 00:00:00+02:00,bus110,0.0
2030,sc01,07-16 00:00:00+02:00,bus042,0.0
2030,sc01,07-16 00:00:00+02:00,bus066,0.0
2030,sc01,07-16 00:00:00+02:00,bus059,0.0
2030,sc01,07-16 00:00:00+02:00,bus057,0.0
2030,sc01,07-16 00:00:00+02:00,bus067,0.0
2030,sc01,07-16 00:00:00+02:00,bus069,0.0
2030,sc01,07-16 00:00:00+02:00,bus014,0.0
2030,sc01,07-16 00:00:00+02:00,bus090,0.0
2030,sc01,07-16 00:00:00+02:00,bus002,0.0
2030,sc01,07-16 00:00:00+02:00,bus005,0.0
2030,sc01,07-16 00:00:00+02:00,bus109,0.0
2030,sc01,07-16 00:00:00+02:00,bus020,0.0
2030,sc01,07-16 00:00:00+02:00,bus065,0.0
2030,sc01,07-16 00:00:00+02:00,bus001,0.0
2030,sc01,07-16 00:00:00+02:00,bus017,0.0
2030,sc01,07-16 00:00:00+02:00,bus015,0.0
2030,sc01,07-16 00:00:00+02:00,bus054,0.0
2030,sc01,07-16 00:00:00+02:00,bus086,0.0
2030,sc01,07-16 00:00:00+02:00,bus032,0.0
2030,sc01,07-16 00:00:00+02:00,bus038,0.0
2030,sc01,07-16 00:00:00+02:00,bus108,0.0
2030,sc01,07-16 00:00:00+02:00,bus087,0.0
2030,sc01,07-16 00:00:00+02:00,bus027,0.0
2030,sc01,07-16 00:00:00+02:00,bus111,0.0
2030,sc01,07-16 00:00:00+02:00,bus025,0.0
2030,sc01,07-16 00:00:00+02:00,bus029,0.0
2030,sc01,07-16 00:00:00+02:00,bus009,0.0
2030,sc01,07-16 00:00:00+02:00,bus043,0.0
2030,sc01,07-16 00:00:00+02:00,bus045,0.0
2030,sc01,07-16 00:00:00+02:00,bus084,0.0
2030,sc01,07-16 00:00:00+02:00,bus013,0.0
2030,sc01,07-16 00:00:00+02:00,bus063,0.0
2030,sc01,07-16 00:00:00+02:00,bus115,0.0
2030,sc01,07-16 00:00:00+02:00,bus010,0.0
2030,sc01,07-16 00:00:00+02:00,bus073,0.0
2030,sc01,07-16 00:00:00+02:00,bus052,0.0
2030,sc01,07-16 00:00:00+02:00,bus096,0.0
2030,sc01,07-16 00:00:00+02:00,bus050,0.0
2030,sc01,07-16 00:00:00+02:00,bus011,0.0
2030,sc01,07-16 00:00:00+02:00,bus055,0.0
2030,sc01,07-16 00:00:00+02:00,bus083,0.0
2030,sc01,07-16 00:00:00+02:00,bus081,0.0
2030,sc01,07-16 00:00:00+02:00,bus022,0.0
2030,sc01,07-16 00:00:00+02:00,bus071,0.0
2030,sc01,07-16 00:00:00+02:00,bus074,0.0
2030,sc01,07-16 00:00:00+02:00,bus040,0.0
2030,sc01,07-16 00:00:00+02:00,bus099,0.0
2030,sc01,07-16 00:00:00+02:00,bus030,0.0
2030,sc01,07-16 00:00:00+02:00,bus098,0.0
2030,sc01,07-16 00:00:00+02:00,bus053,0.0
2030,sc01,07-16 00:00:00+02:00,bus085,0.0
2030,sc01,07-16 00:00:00+02:00,bus101,0.0
2030,sc01,07-16 00:00:00+02:00,bus018,0.0
2030,sc01,07-16 00:00:00+02:00,bus023,0.0
2030,sc01,07-16 00:00:00+02:00,bus088,0.0
2030,sc01,07-16 00:00:00+02:00,bus116,0.0
2030,sc01,07-16 00:00:00+02:00,bus103,0.0
2030,sc01,07-16 00:00:00+02:00,bus008,0.0
2030,sc01,07-16 00:00:00+02:00,bus105,0.0
2030,sc01,07-16 00:00:00+02:00,bus060,0.0
2030,sc01,07-16 00:00:00+02:00,bus016,0.0
2030,sc01,07-16 00:00:00+02:00,bus082,0.0
2030,sc01,07-16 00:00:00+02:00,bus047,0.0
2030,sc01,07-16 00:00:00+02:00,bus019,0.0
2030,sc01,07-16 00:00:00+02:00,bus037,0.0
2030,sc01,07-16 00:00:00+02:00,bus006,0.0
2030,sc01,07-16 00:00:00+02:00,bus080,0.0
2030,sc01,07-16 00:00:00+02:00,bus031,0.0
2030,sc01,07-16 00:00:00+02:00,bus048,0.0
2030,sc01,07-16 00:00:00+02:00,bus107,0.0
2030,sc01,07-16 00:00:00+02:00,bus049,0.0
2030,sc01,07-16 00:00:00+02:00,bus104,0.0
2030,sc01,07-16 00:00:00+02:00,bus100,0.0
2030,sc01,07-16 00:00:00+02:00,bus072,0.0
2030,sc01,07-16 00:00:00+02:00,bus039,0.0
2030,sc01,07-16 00:00:00+02:00,bus012,0.0
2030,sc01,07-16 00:00:00+02:00,bus114,0.0
2030,sc01,07-16 00:00:00+02:00,bus112,0.0
2030,sc01,07-16 00:00:00+02:00,bus058,0.0
2030,sc01,07-16 00:00:00+02:00,bus089,0.0
2030,sc01,07-16 00:00:00+02:00,bus051,0.0
2030,sc01,07-16 00:00:00+02:00,bus056,0.0
2030,sc01,07-16 00:00:00+02:00,bus092,0.0
2030,sc01,07-16 00:00:00+02:00,bus036,0.0
2030,sc01,07-16 00:00:00+02:00,bus094,0.0
2030,sc01,07-16 00:00:00+02:00,bus095,0.0
2030,sc01,07-16 00:00:00+02:00,bus113,0.0
2030,sc01,07-16 00:00:00+02:00,bus024,0.0
2030,sc01,07-16 00:00:00+02:00,bus078,0.0
2030,sc01,07-16 00:00:00+02:00,bus033,0.0
2030,sc01,07-16 00:00:00+02:00,bus079,0.0
2030,sc01,07-16 00:00:00+02:00,bus061,0.0
2030,sc01,07-16 00:00:00+02:00,bus118,0.0
2030,sc01,07-16 00:00:00+02:00,bus003,0.0
2030,sc01,07-16 00:00:00+02:00,bus070,0.0
2030,sc01,07-16 00:00:00+02:00,bus004,0.0
2030,sc01,07-16 00:00:00+02:00,bus021,0.0
2030,sc01,07-16 00:00:00+02:00,bus068,0.0
2030,sc01,07-16 00:00:00+02:00,bus028,0.0
2030,sc01,07-16 00:00:00+02:00,bus034,0.0
2030,sc01,07-16 00:00:00+02:00,bus075,0.0
2030,sc01,07-16 00:00:00+02:00,bus064,0.0
2030,sc01,07-16 00:00:00+02:00,bus106,0.0
2030,sc01,07-16 00:00:00+02:00,bus076,0.0
2030,sc01,07-16 00:00:00+02:00,bus046,0.0
2030,sc01,07-16 00:00:00+02:00,bus007,0.0
2030,sc01,07-16 00:00:00+02:00,bus035,0.0
2030,sc01,07-16 00:00:00+02:00,bus117,0.0
2030,sc01,07-16 00:00:00+02:00,bus041,0.0
2030,sc01,07-16 00:00:00+02:00,bus102,0.0
2030,sc01,07-16 00:00:00+02:00,bus026,0.0
2030,sc01,07-16 00:00:00+02:00,bus077,0.0
2030,sc01,07-16 00:00:00+02:00,bus044,0.0
2030,sc01,07-16 00:00:00+02:00,bus091,0.0
2030,sc01,07-16 00:00:00+02:00,bus062,0.0
2030,sc01,07-16 13:00:00+02:00,bus093,0.0
2030,sc01,07-16 13:00:00+02:00,bus097,0.0
2030,sc01,07-16 13:00:00+02:00,bus110,0.0
2030,sc01,07-16 13:00:00+02:00,bus042,0.0
2030,sc01,07-16 13:00:00+02:00,bus066,0.0
2030,sc01,07-16 13:00:00+02:00,bus059,0.0
2030,sc01,07-16 13:00:00+02:00,bus057,0.0
2030,sc01,07-16 13:00:00+02:00,bus067,0.0
2030,sc01,07-16 13:00:00+02:00,bus069,0.0
2030,sc01,07-16 13:00:00+02:00,bus014,0.0
2030,sc01,07-16 13:00:00+02:00,bus090,0.0
2030,sc01,07-16 13:00:00+02:00,bus002,0.0
2030,sc01,07-16 13:00:00+02:00,bus005,0.0
2030,sc01,07-16 13:00:00+02:00,bus109,0.0
2030,sc01,07-16 13:00:00+02:00,bus020,0.0
2030,sc01,07-16 13:00:00+02:00,bus065,0.0
2030,sc01,07-16 13:00:00+02:00,bus001,0.0
2030,sc01,07-16 13:00:00+02:00,bus017,0.0
2030,sc01,07-16 13:00:00+02:00,bus015,0.0
2030,sc01,07-16 13:00:00+02:00,bus054,0.0
2030,sc01,07-16 13:00:00+02:00,bus086,0.0
2030,sc01,07-16 13:00:00+02:00,bus032,0.0
2030,sc01,07-16 13:00:00+02:00,bus038,0.0
2030,sc01,07-16 13:00:00+02:00,bus108,0.0
2030,sc01,07-16 13:00:00+02:00,bus087,0.0
2030,sc01,07-16 13:00:00+02:00,bus027,0.0
2030,sc01,07-16 13:00:00+02:00,bus111,0.0
2030,sc01,07-16 13:00:00+02:00,bus025,0.0
2030,sc01,07-16 13:00:00+02:00,bus029,0.0
2030,sc01,07-16 13:00:00+02:00,bus009,0.0
2030,sc01,07-16 13:00:00+02:00,bus043,0.0
2030,sc01,07-16 13:00:00+02:00,bus045,0.0
2030,sc01,07-16 13:00:00+02:00,bus084,0.0
2030,sc01,07-16 13:00:00+02:00,bus013,0.0
2030,sc01,07-16 13:00:00+02:00,bus063,0.0
2030,sc01,07-16 13:00:00+02:00,bus115,0.0
2030,sc01,07-16 13:00:00+02:00,bus010,0.0
2030,sc01,07-16 13:00:00+02:00,bus073,0.0
2030,sc01,07-16 13:00:00+02:00,bus052,0.0
2030,sc01,07-16 13:00:00+02:00,bus096,0.0
2030,sc01,07-16 13:00:00+02:00,bus050,0.0
2030,sc01,07-16 13:00:00+02:00,bus011,0.0
2030,sc01,07-16 13:00:00+02:00,bus055,0.0
2030,sc01,07-16 13:00:00+02:00,bus083,0.0
2030,sc01,07-16 13:00:00+02:00,bus081,0.0
2030,sc01,07-16 13:00:00+02:00,bus022,0.0
2030,sc01,07-16 13:00:00+02:00,bus071,0.0
2030,sc01,07-16 13:00:00+02:00,bus074,0.0
2030,sc01,07-16 13:00:00+02:00,bus040,0.0
2030,sc01,07-16 13:00:00+02:00,bus099,0.0
2030,sc01,07-16 13:00:00+02:00,bus030,0.0
2030,sc01,07-16 13:00:00+02:00,bus098,0.0
2030,sc01,07-16 13:00:00+02:00,bus053,0.0
2030,sc01,07-16 13:00:00+02:00,bus085,0.0
2030,sc01,07-16 13:00:00+02:00,bus101,0.0
2030,sc01,07-16 13:00:00+02:00,bus018,0.0
2030,sc01,07-16 13:00:00+02:00,bus023,0.0
2030,sc01,07-16 13:00:00+02:00,bus088,0.0
2030,sc01,07-16 13:00:00+02:00,bus116,0.0
2030,sc01,07-16 13:00:00+02:00,bus103,0.0
2030,sc01,07-16 13:00:00+02:00,bus008,0.0
2030,sc01,07-16 13:00:00+02:00,bus105,0.0
2030,sc01,07-16 13:00:00+02:00,bus060,0.0
2030,sc01,07-16 13:00:00+02:00,bus016,0.0
2030,sc01,07-16 13:00:00+02:00,bus082,0.0
2030,sc01,07-16 13:00:00+02:00,bus047,0.0
2030,sc01,07-16 13:00:00+02:00,bus019,0.0
2030,sc01,07-16 13:00:00+02:00,bus037,0.0
2030,sc01,07-16 13:00:00+02:00,bus006,0.0
2030,sc01,07-16 13:00:00+02:00,bus080,0.0
2030,sc01,07-16 13:00:00+02:00,bus031,0.0
2030,sc01,07-16 13:00:00+02:00,bus048,0.0
2030,sc01,07-16 13:00:00+02:00,bus107,0.0
2030,sc01,07-16 13:00:00+02:00,bus049,0.0
2030,sc01,07-16 13:00:00+02:00,bus104,0.0
2030,sc01,07-16 13:00:00+02:00,bus100,0.0
2030,sc01,07-16 13:00:00+02:00,bus072,0.0
2030,sc01,07-16 13:00:00+02:00,bus039,0.0
2030,sc01,07-16 13:00:00+02:00,bus012,0.0
2030,sc01,07-16 13:00:00+02:00,bus114,0.0
2030,sc01,07-16 13:00:00+02:00,bus112,0.0
2030,sc01,07-16 13:00:00+02:00,bus058,0.0
2030,sc01,07-16 13:00:00+02:00,bus089,0.0
2030,sc01,07-16 13:00:00+02:00,bus051,0.0
2030,sc01,07-16 13:00:00+02:00,bus056,0.0
2030,sc01,07-16 13:00:00+02:00,bus092,0.0
2030,sc01,07-16 13:00:00+02:00,bus036,0.0
2030,sc01,07-16 13:00:00+02:00,bus094,0.0
2030,sc01,07-16 13:00:00+02:00,bus095,0.0
2030,sc01,07-16 13:00:00+02:00,bus113,0.0
2030,sc01,07-16 13:00:00+02:00,bus024,0.0
2030,sc01,07-16 13:00:00+02:00,bus078,0.0
2030,sc01,07-16 13:00:00+02:00,bus033,0.0
2030,sc01,07-16 13:00:00+02:00,bus079,0.0
2030,sc01,07-16 13:00:00+02:00,bus061,0.0
2030,sc01,07-16 13:00:00+02:00,bus118,0.0
2030,sc01,07-16 13:00:00+02:00,bus003,0.0
2030,sc01,07-16 13:00:00+02:00,bus070,0.0
2030,sc01,07-16 13:00:00+02:00,bus004,0.0
2030,sc01,07-16 13:00:00+02:00,bus021,0.0
2030,sc01,07-16 13:00:00+02:00,bus068,0.0
2030,sc01,07-16 13:00:00+02:00,bus028,0.0
2030,sc01,07-16 13:00:00+02:00,bus034,0.0
2030,sc01,07-16 13:00:00+02:00,bus075,0.0
2030,sc01,07-16 13:00:00+02:00,bus064,0.0
2030,sc01,07-16 13:00:00+02:00,bus106,0.0
2030,sc01,07-16 13:00:00+02:00,bus076,0.0
2030,sc01,07-16 13:00:00+02:00,bus046,0.0
2030,sc01,07-16 13:00:00+02:00,bus007,0.0
2030,sc01,07-16 13:00:00+02:00,bus035,0.0
2030,sc01,07-16 13:00:00+02:00,bus117,0.0
2030,sc01,07-16 13:00:00+02:00,bus041,0.0
2030,sc01,07-16 13:00:00+02:00,bus102,0.0
2030,sc01,07-16 13:00:00+02:00,bus026,0.0
2030,sc01,07-16 13:00:00+02:00,bus077,0.0
2030,sc01,07-16 13:00:00+02:00,bus044,0.0
2030,sc01,07-16 13:00:00+02:00,bus091,0.0
2030,sc01,07-16 13:00:00+02:00,bus062,0.0
2030,sc01,07-16 19:00:00+02:00,bus093,0.0
2030,sc01,07-16 19:00:00+02:00,bus097,0.0
2030,sc01,07-16 19:00:00+02:00,bus110,0.0
2030,sc01,07-16 19:00:00+02:00,bus042,0.0
2030,sc01,07-16 19:00:00+02:00,bus066,0.0
2030,sc01,07-16 19:00:00+02:00,bus059,0.0
2030,sc01,07-16 19:00:00+02:00,bus057,0.0
2030,sc01,07-16 19:00:00+02:00,bus067,0.0
2030,sc01,07-16 19:00:00+02:00,bus069,0.0
2030,sc01,07-16 19:00:00+02:00,bus014,0.0
2030,sc01,07-16 19:00:00+02:00,bus090,0.0
2030,sc01,07-16 19:00:00+02:00,bus002,0.0
2030,sc01,07-16 19:00:00+02:00,bus005,0.0
2030,sc01,07-16 19:00:00+02:00,bus109,0.0
2030,sc01,07-16 19:00:00+02:00,bus020,0.0
2030,sc01,07-16 19:00:00+02:00,bus065,0.0
2030,sc01,07-16 19:00:00+02:00,bus001,0.0
2030,sc01,07-16 19:00:00+02:00,bus017,0.0
2030,sc01,07-16 19:00:00+02:00,bus015,0.0
2030,sc01,07-16 19:00:00+02:00,bus054,0.0
2030,sc01,07-16 19:00:00+02:00,bus086,0.0
2030,sc01,07-16 19:00:00+02:00,bus032,0.0
2030,sc01,07-16 19:00:00+02:00,bus038,0.0
2030,sc01,07-16 19:00:00+02:00,bus108,0.0
2030,sc01,07-16 19:00:00+02:00,bus087,0.0
2030,sc01,07-16 19:00:00+02:00,bus027,0.0
2030,sc01,07-16 19:00:00+02:00,bus111,0.0
2030,sc01,07-16 19:00:00+02:00,bus025,0.0
2030,sc01,07-16 19:00:00+02:00,bus029,0.0
2030,sc01,07-16 19:00:00+02:00,bus009,0.0
2030,sc01,07-16 19:00:00+02:00,bus043,0.0
2030,sc01,07-16 19:00:00+02:00,bus045,0.0
2030,sc01,07-16 19:00:00+02:00,bus084,0.0
2030,sc01,07-16 19:00:00+02:00,bus013,0.0
2030,sc01,07-16 19:00:00+02:00,bus063,0.0
2030,sc01,07-16 19:00:00+02:00,bus115,0.0
2030,sc01,07-16 19:00:00+02:00,bus010,0.0
2030,sc01,07-16 19:00:00+02:00,bus073,0.0
2030,sc01,07-16 19:00:00+02:00,bus052,0.0
2030,sc01,07-16 19:00:00+02:00,bus096,0.0
2030,sc01,07-16 19:00:00+02:00,bus050,0.0
2030,sc01,07-16 19:00:00+02:00,bus011,0.0
2030,sc01,07-16 19:00:00+02:00,bus055,0.0
2030,sc01,07-16 19:00:00+02:00,bus083,0.0
2030,sc01,07-16 19:00:00+02:00,bus081,0.0
2030,sc01,07-16 19:00:00+02:00,bus022,0.0
2030,sc01,07-16 19:00:00+02:00,bus071,0.0
2030,sc01,07-16 19:00:00+02:00,bus074,0.0
2030,sc01,07-16 19:00:00+02:00,bus040,0.0
2030,sc01,07-16 19:00:00+02:00,bus099,0.0
2030,sc01,07-16 19:00:00+02:00,bus030,0.0
2030,sc01,07-16 19:00:00+02:00,bus098,0.0
2030,sc01,07-16 19:00:00+02:00,bus053,0.0
2030,sc01,07-16 19:00:00+02:00,bus085,0.0
2030,sc01,07-16 19:00:00+02:00,bus101,0.0
2030,sc01,07-16 19:00:00+02:00,bus018,0.0
2030,sc01,07-16 19:00:00+02:00,bus023,0.0
2030,sc01,07-16 19:00:00+02:00,bus088,0.0
2030,sc01,07-16 19:00:00+02:00,bus116,0.0
2030,sc01,07-16 19:00:00+02:00,bus103,0.0
2030,sc01,07-16 19:00:00+02:00,bus008,0.0
2030,sc01,07-16 19:00:00+02:00,bus105,0.0
2030,sc01,07-16 19:00:00+02:00,bus060,0.0
2030,sc01,07-16 19:00:00+02:00,bus016,0.0
2030,sc01,07-16 19:00:00+02:00,bus082,0.0
2030,sc01,07-16 19:00:00+02:00,bus047,0.0
2030,sc01,07-16 19:00:00+02:00,bus019,0.0
2030,sc01,07-16 19:00:00+02:00,bus037,0.0
2030,sc01,07-16 19:00:00+02:00,bus006,0.0
2030,sc01,07-16 19:00:00+02:00,bus080,0.0
2030,sc01,07-16 19:00:00+02:00,bus031,0.0
2030,sc01,07-16 19:00:00+02:00,bus048,0.0
2030,sc01,07-16 19:00:00+02:00,bus107,0.0
2030,sc01,07-16 19:00:00+02:00,bus049,0.0
2030,sc01,07-16 19:00:00+02:00,bus104,0.0
2030,sc01,07-16 19:00:00+02:00,bus100,0.0
2030,sc01,07-16 19:00:00+02:00,bus072,0.0
2030,sc01,07-16 19:00:00+02:00,bus039,0.0
2030,sc01,07-16 19:00:00+02:00,bus012,0.0
2030,sc01,07-16 19:00:00+02:00,bus114,0.0
2030,sc01,07-16 19:00:00+02:00,bus112,0.0
2030,sc01,07-16 19:00:00+02:00,bus058,0.0
2030,sc01,07-16 19:00:00+02:00,bus089,0.0
2030,sc01,07-16 19:00:00+02:00,bus051,0.0
2030,sc01,07-16 19:00:00+02:00,bus056,0.0
2030,sc01,07-16 19:00:00+02:00,bus092,0.0
2030,sc01,07-16 19:00:00+02:00,bus036,0.0
2030,sc01,07-16 19:00:00+02:00,bus094,0.0
2030,sc01,07-16 19:00:00+02:00,bus095,0.0
2030,sc01,07-16 19:00:00+02:00,bus113,0.0
2030,sc01,07-16 19:00:00+02:00,bus024,0.0
2030,sc01,07-16 19:00:00+02:00,bus078,0.0
2030,sc01,07-16 19:00:00+02:00,bus033,0.0
2030,sc01,07-16 19:00:00+02:00,bus079,0.0
2030,sc01,07-16 19:00:00+02:00,bus061,0.0
2030,sc01,07-16 19:00:00+02:00,bus118,0.0
2030,sc01,07-16 19:00:00+02:00,bus003,0.0
2030,sc01,07-16 19:00:00+02:00,bus070,0.0
2030,sc01,07-16 19:00:00+02:00,bus004,0.0
2030,sc01,07-16 19:00:00+02:00,bus021,0.0
2030,sc01,07-16 19:00:00+02:00,bus068,0.0
2030,sc01,07-16 19:00:00+02:00,bus028,0.0
2030,sc01,07-16 19:00:00+02:00,bus034,0.0
2030,sc01,07-16 19:00:00+02:00,bus075,0.0
2030,sc01,07-16 19:00:00+02:00,bus064,0.0
2030,sc01,07-16 19:00:00+02:00,bus106,0.0
2030,sc01,07-16 19:00:00+02:00,bus076,0.0
2030,sc01,07-16 19:00:00+02:00,bus046,0.0
2030,sc01,07-16 19:00:00+02:00,bus007,0.0
2030,sc01,07-16 19:00:00+02:00,bus035,0.0
2030,sc01,07-16 19:00:00+02:00,bus117,0.0
2030,sc01,07-16 19:00:00+02:00,bus041,0.0
2030,sc01,07-16 19:00:00+02:00,bus102,0.0
2030,sc01,07-16 19:00:00+02:00,bus026,0.0
2030,sc01,07-16 19:00:00+02:00,bus077,0.0
2030,sc01,07-16 19:00:00+02:00,bus044,0.0
2030,sc01,07-16 19:00:00+02:00,bus091,0.0
2030,sc01,07-16 19:00:00+02:00,bus062,0.0
2030,sc01,07-18 17:00:00+02:00,bus093,0.0
2030,sc01,07-18 17:00:00+02:00,bus097,0.0
2030,sc01,07-18 17:00:00+02:00,bus110,0.0
2030,sc01,07-18 17:00:00+02:00,bus042,0.0
2030,sc01,07-18 17:00:00+02:00,bus066,0.0
2030,sc01,07-18 17:00:00+02:00,bus059,0.0
2030,sc01,07-18 17:00:00+02:00,bus057,0.0
2030,sc01,07-18 17:00:00+02:00,bus067,0.0
2030,sc01,07-18 17:00:00+02:00,bus069,0.0
2030,sc01,07-18 17:00:00+02:00,bus014,0.0
2030,sc01,07-18 17:00:00+02:00,bus090,0.0
2030,sc01,07-18 17:00:00+02:00,bus002,0.0
2030,sc01,07-18 17:00:00+02:00,bus005,0.0
2030,sc01,07-18 17:00:00+02:00,bus109,0.0
2030,sc01,07-18 17:00:00+02:00,bus020,0.0
2030,sc01,07-18 17:00:00+02:00,bus065,0.0
2030,sc01,07-18 17:00:00+02:00,bus001,0.0
2030,sc01,07-18 17:00:00+02:00,bus017,0.0
2030,sc01,07-18 17:00:00+02:00,bus015,0.0
2030,sc01,07-18 17:00:00+02:00,bus054,0.0
2030,sc01,07-18 17:00:00+02:00,bus086,0.0
2030,sc01,07-18 17:00:00+02:00,bus032,0.0
2030,sc01,07-18 17:00:00+02:00,bus038,0.0
2030,sc01,07-18 17:00:00+02:00,bus108,0.0
2030,sc01,07-18 17:00:00+02:00,bus087,0.0
2030,sc01,07-18 17:00:00+02:00,bus027,0.0
2030,sc01,07-18 17:00:00+02:00,bus111,0.0
2030,sc01,07-18 17:00:00+02:00,bus025,0.0
2030,sc01,07-18 17:00:00+02:00,bus029,0.0
2030,sc01,07-18 17:00:00+02:00,bus009,0.0
2030,sc01,07-18 17:00:00+02:00,bus043,0.0
2030,sc01,07-18 17:00:00+02:00,bus045,0.0
2030,sc01,07-18 17:00:00+02:00,bus084,0.0
2030,sc01,07-18 17:00:00+02:00,bus013,0.0
2030,sc01,07-18 17:00:00+02:00,bus063,0.0
2030,sc01,07-18 17:00:00+02:00,bus115,0.0
2030,sc01,07-18 17:00:00+02:00,bus010,0.0
2030,sc01,07-18 17:00:00+02:00,bus073,0.0
2030,sc01,07-18 17:00:00+02:00,bus052,0.0
2030,sc01,07-18 17:00:00+02:00,bus096,0.0
2030,sc01,07-18 17:00:00+02:00,bus050,0.0
2030,sc01,07-18 17:00:00+02:00,bus011,0.0
2030,sc01,07-18 17:00:00+02:00,bus055,0.0
2030,sc01,07-18 17:00:00+02:00,bus083,0.0
2030,sc01,07-18 17:00:00+02:00,bus081,0.0
2030,sc01,07-18 17:00:00+02:00,bus022,0.0
2030,sc01,07-18 17:00:00+02:00,bus071,0.0
2030,sc01,07-18 17:00:00+02:00,bus074,0.0
2030,sc01,07-18 17:00:00+02:00,bus040,0.0
2030,sc01,07-18 17:00:00+02:00,bus099,0.0
2030,sc01,07-18 17:00:00+02:00,bus030,0.0
2030,sc01,07-18 17:00:00+02:00,bus098,0.0
2030,sc01,07-18 17:00:00+02:00,bus053,0.0
2030,sc01,07-18 17:00:00+02:00,bus085,0.0
2030,sc01,07-18 17:00:00+02:00,bus101,0.0
2030,sc01,07-18 17:00:00+02:00,bus018,0.0
2030,sc01,07-18 17:00:00+02:00,bus023,0.0
2030,sc01,07-18 17:00:00+02:00,bus088,0.0
2030,sc01,07-18 17:00:00+02:00,bus116,0.0
2030,sc01,07-18 17:00:00+02:00,bus103,0.0
2030,sc01,07-18 17:00:00+02:00,bus008,0.0
2030,sc01,07-18 17:00:00+02:00,bus105,0.0
2030,sc01,07-18 17:00:00+02:00,bus060,0.0
2030,sc01,07-18 17:00:00+02:00,bus016,0.0
2030,sc01,07-18 17:00:00+02:00,bus082,0.0
2030,sc01,07-18 17:00:00+02:00,bus047,0.0
2030,sc01,07-18 17:00:00+02:00,bus019,0.0
2030,sc01,07-18 17:00:00+02:00,bus037,0.0
2030,sc01,07-18 17:00:00+02:00,bus006,0.0
2030,sc01,07-18 17:00:00+02:00,bus080,0.0
2030,sc01,07-18 17:00:00+02:00,bus031,0.0
2030,sc01,07-18 17:00:00+02:00,bus048,0.0
2030,sc01,07-18 17:00:00+02:00,bus107,0.0
2030,sc01,07-18 17:00:00+02:00,bus049,0.0
2030,sc01,07-18 17:00:00+02:00,bus104,0.0
2030,sc01,07-18 17:00:00+02:00,bus100,0.0
2030,sc01,07-18 17:00:00+02:00,bus072,0.0
2030,sc01,07-18 17:00:00+02:00,bus039,0.0
2030,sc01,07-18 17:00:00+02:00,bus012,0.0
2030,sc01,07-18 17:00:00+02:00,bus114,0.0
2030,sc01,07-18 17:00:00+02:00,bus112,0.0
2030,sc01,07-18 17:00:00+02:00,bus058,0.0
2030,sc01,07-18 17:00:00+02:00,bus089,0.0
2030,sc01,07-18 17:00:00+02:00,bus051,0.0
2030,sc01,07-18 17:00:00+02:00,bus056,0.0
2030,sc01,07-18 17:00:00+02:00,bus092,0.0
2030,sc01,07-18 17:00:00+02:00,bus036,0.0
2030,sc01,07-18 17:00:00+02:00,bus094,0.0
2030,sc01,07-18 17:00:00+02:00,bus095,0.0
2030,sc01,07-18 17:00:00+02:00,bus113,0.0
2030,sc01,07-18 17:00:00+02:00,bus024,0.0
2030,sc01,07-18 17:00:00+02:00,bus078,0.0
2030,sc01,07-18 17:00:00+02:00,bus033,0.0
2030,sc01,07-18 17:00:00+02:00,bus079,0.0
2030,sc01,07-18 17:00:00+02:00,bus061,0.0
2030,sc01,07-18 17:00:00+02:00,bus118,0.0
2030,sc01,07-18 17:00:00+02:00,bus003,0.0
2030,sc01,07-18 17:00:00+02:00,bus070,0.0
2030,sc01,07-18 17:00:00+02:00,bus004,0.0
2030,sc01,07-18 17:00:00+02:00,bus021,0.0
2030,sc01,07-18 17:00:00+02:00,bus068,0.0
2030,sc01,07-18 17:00:00+02:00,bus028,0.0
2030,sc01,07-18 17:00:00+02:00,bus034,0.0
2030,sc01,07-18 17:00:00+02:00,bus075,0.0
2030,sc01,07-18 17:00:00+02:00,bus064,0.0
2030,sc01,07-18 17:00:00+02:00,bus106,0.0
2030,sc01,07-18 17:00:00+02:00,bus076,0.0
2030,sc01,07-18 17:00:00+02:00,bus046,0.0
2030,sc01,07-18 17:00:00+02:00,bus007,0.0
2030,sc01,07-18 17:00:00+02:00,bus035,0.0
2030,sc01,07-18 17:00:00+02:00,bus117,0.0
2030,sc01,07-18 17:00:00+02:00,bus041,0.0
2030,sc01,07-18 17:00:00+02:00,bus102,0.0
2030,sc01,07-18 17:00:00+02:00,bus026,0.0
2030,sc01,07-18 17:00:00+02:00,bus077,0.0
2030,sc01,07-18 17:00:00+02:00,bus044,0.0
2030,sc01,07-18 17:00:00+02:00,bus091,0.0
2030,sc01,07-18 17:00:00+02:00,bus062,0.0
2030,sc01,07-19 00:00:00+02:00,bus093,0.0
2030,sc01,07-19 00:00:00+02:00,bus097,0.0
2030,sc01,07-19 00:00:00+02:00,bus110,0.0
2030,sc01,07-19 00:00:00+02:00,bus042,0.0
2030,sc01,07-19 00:00:00+02:00,bus066,0.0
2030,sc01,07-19 00:00:00+02:00,bus059,0.0
2030,sc01,07-19 00:00:00+02:00,bus057,0.0
2030,sc01,07-19 00:00:00+02:00,bus067,0.0
2030,sc01,07-19 00:00:00+02:00,bus069,0.0
2030,sc01,07-19 00:00:00+02:00,bus014,0.0
2030,sc01,07-19 00:00:00+02:00,bus090,0.0
2030,sc01,07-19 00:00:00+02:00,bus002,0.0
2030,sc01,07-19 00:00:00+02:00,bus005,0.0
2030,sc01,07-19 00:00:00+02:00,bus109,0.0
2030,sc01,07-19 00:00:00+02:00,bus020,0.0
2030,sc01,07-19 00:00:00+02:00,bus065,0.0
2030,sc01,07-19 00:00:00+02:00,bus001,0.0
2030,sc01,07-19 00:00:00+02:00,bus017,0.0
2030,sc01,07-19 00:00:00+02:00,bus015,0.0
2030,sc01,07-19 00:00:00+02:00,bus054,0.0
2030,sc01,07-19 00:00:00+02:00,bus086,0.0
2030,sc01,07-19 00:00:00+02:00,bus032,0.0
2030,sc01,07-19 00:00:00+02:00,bus038,0.0
2030,sc01,07-19 00:00:00+02:00,bus108,0.0
2030,sc01,07-19 00:00:00+02:00,bus087,0.0
2030,sc01,07-19 00:00:00+02:00,bus027,0.0
2030,sc01,07-19 00:00:00+02:00,bus111,0.0
2030,sc01,07-19 00:00:00+02:00,bus025,0.0
2030,sc01,07-19 00:00:00+02:00,bus029,0.0
2030,sc01,07-19 00:00:00+02:00,bus009,0.0
2030,sc01,07-19 00:00:00+02:00,bus043,0.0
2030,sc01,07-19 00:00:00+02:00,bus045,0.0
2030,sc01,07-19 00:00:00+02:00,bus084,0.0
2030,sc01,07-19 00:00:00+02:00,bus013,0.0
2030,sc01,07-19 00:00:00+02:00,bus063,0.0
2030,sc01,07-19 00:00:00+02:00,bus115,0.0
2030,sc01,07-19 00:00:00+02:00,bus010,0.0
2030,sc01,07-19 00:00:00+02:00,bus073,0.0
2030,sc01,07-19 00:00:00+02:00,bus052,0.0
2030,sc01,07-19 00:00:00+02:00,bus096,0.0
2030,sc01,07-19 00:00:00+02:00,bus050,0.0
2030,sc01,07-19 00:00:00+02:00,bus011,0.0
2030,sc01,07-19 00:00:00+02:00,bus055,0.0
2030,sc01,07-19 00:00:00+02:00,bus083,0.0
2030,sc01,07-19 00:00:00+02:00,bus081,0.0
2030,sc01,07-19 00:00:00+02:00,bus022,0.0
2030,sc01,07-19 00:00:00+02:00,bus071,0.0
2030,sc01,07-19 00:00:00+02:00,bus074,0.0
2030,sc01,07-19 00:00:00+02:00,bus040,0.0
2030,sc01,07-19 00:00:00+02:00,bus099,0.0
2030,sc01,07-19 00:00:00+02:00,bus030,0.0
2030,sc01,07-19 00:00:00+02:00,bus098,0.0
2030,sc01,07-19 00:00:00+02:00,bus053,0.0
2030,sc01,07-19 00:00:00+02:00,bus085,0.0
2030,sc01,07-19 00:00:00+02:00,bus101,0.0
2030,sc01,07-19 00:00:00+02:00,bus018,0.0
2030,sc01,07-19 00:00:00+02:00,bus023,0.0
2030,sc01,07-19 00:00:00+02:00,bus088,0.0
2030,sc01,07-19 00:00:00+02:00,bus116,0.0
2030,sc01,07-19 00:00:00+02:00,bus103,0.0
2030,sc01,07-19 00:00:00+02:00,bus008,0.0
2030,sc01,07-19 00:00:00+02:00,bus105,0.0
2030,sc01,07-19 00:00:00+02:00,bus060,0.0
2030,sc01,07-19 00:00:00+02:00,bus016,0.0
2030,sc01,07-19 00:00:00+02:00,bus082,0.0
2030,sc01,07-19 00:00:00+02:00,bus047,0.0
2030,sc01,07-19 00:00:00+02:00,bus019,0.0
2030,sc01,07-19 00:00:00+02:00,bus037,0.0
2030,sc01,07-19 00:00:00+02:00,bus006,0.0
2030,sc01,07-19 00:00:00+02:00,bus080,0.0
2030,sc01,07-19 00:00:00+02:00,bus031,0.0
2030,sc01,07-19 00:00:00+02:00,bus048,0.0
2030,sc01,07-19 00:00:00+02:00,bus107,0.0
2030,sc01,07-19 00:00:00+02:00,bus049,0.0
2030,sc01,07-19 00:00:00+02:00,bus104,0.0
2030,sc01,07-19 00:00:00+02:00,bus100,0.0
2030,sc01,07-19 00:00:00+02:00,bus072,0.0
2030,sc01,07-19 00:00:00+02:00,bus039,0.0
2030,sc01,07-19 00:00:00+02:00,bus012,0.0
2030,sc01,07-19 00:00:00+02:00,bus114,0.0
2030,sc01,07-19 00:00:00+02:00,bus112,0.0
2030,sc01,07-19 00:00:00+02:00,bus058,0.0
2030,sc01,07-19 00:00:00+02:00,bus089,0.0
2030,sc01,07-19 00:00:00+02:00,bus051,0.0
2030,sc01,07-19 00:00:00+02:00,bus056,0.0
2030,sc01,07-19 00:00:00+02:00,bus092,0.0
2030,sc01,07-19 00:00:00+02:00,bus036,0.0
2030,sc01,07-19 00:00:00+02:00,bus094,0.0
2030,sc01,07-19 00:00:00+02:00,bus095,0.0
2030,sc01,07-19 00:00:00+02:00,bus113,0.0
2030,sc01,07-19 00:00:00+02:00,bus024,0.0
2030,sc01,07-19 00:00:00+02:00,bus078,0.0
2030,sc01,07-19 00:00:00+02:00,bus033,0.0
2030,sc01,07-19 00:00:00+02:00,bus079,0.0
2030,sc01,07-19 00:00:00+02:00,bus061,0.0
2030,sc01,07-19 00:00:00+02:00,bus118,0.0
2030,sc01,07-19 00:00:00+02:00,bus003,0.0
2030,sc01,07-19 00:00:00+02:00,bus070,0.0
2030,sc01,07-19 00:00:00+02:00,bus004,0.0
2030,sc01,07-19 00:00:00+02:00,bus021,0.0
2030,sc01,07-19 00:00:00+02:00,bus068,0.0
2030,sc01,07-19 00:00:00+02:00,bus028,0.0
2030,sc01,07-19 00:00:00+02:00,bus034,0.0
2030,sc01,07-19 00:00:00+02:00,bus075,0.0
2030,sc01,07-19 00:00:00+02:00,bus064,0.0
2030,sc01,07-19 00:00:00+02:00,bus106,0.0
2030,sc01,07-19 00:00:00+02:00,bus076,0.0
2030,sc01,07-19 00:00:00+02:00,bus046,0.0
2030,sc01,07-19 00:00:00+02:00,bus007,0.0
2030,sc01,07-19 00:00:00+02:00,bus035,0.0
2030,sc01,07-19 00:00:00+02:00,bus117,0.0
2030,sc01,07-19 00:00:00+02:00,bus041,0.0
2030,sc01,07-19 00:00:00+02:00,bus102,0.0
2030,sc01,07-19 00:00:00+02:00,bus026,0.0
2030,sc01,07-19 00:00:00+02:00,bus077,0.0
2030,sc01,07-19 00:00:00+02:00,bus044,0.0
2030,sc01,07-19 00:00:00+02:00,bus091,0.0
2030,sc01,07-19 00:00:00+02:00,bus062,0.0
2030,sc01,07-19 06:00:00+02:00,bus093,0.0
2030,sc01,07-19 06:00:00+02:00,bus097,0.0
2030,sc01,07-19 06:00:00+02:00,bus110,0.0
2030,sc01,07-19 06:00:00+02:00,bus042,0.0
2030,sc01,07-19 06:00:00+02:00,bus066,0.0
2030,sc01,07-19 06:00:00+02:00,bus059,0.0
2030,sc01,07-19 06:00:00+02:00,bus057,0.0
2030,sc01,07-19 06:00:00+02:00,bus067,0.0
2030,sc01,07-19 06:00:00+02:00,bus069,0.0
2030,sc01,07-19 06:00:00+02:00,bus014,0.0
2030,sc01,07-19 06:00:00+02:00,bus090,0.0
2030,sc01,07-19 06:00:00+02:00,bus002,0.0
2030,sc01,07-19 06:00:00+02:00,bus005,0.0
2030,sc01,07-19 06:00:00+02:00,bus109,0.0
2030,sc01,07-19 06:00:00+02:00,bus020,0.0
2030,sc01,07-19 06:00:00+02:00,bus065,0.0
2030,sc01,07-19 06:00:00+02:00,bus001,0.0
2030,sc01,07-19 06:00:00+02:00,bus017,0.0
2030,sc01,07-19 06:00:00+02:00,bus015,0.0
2030,sc01,07-19 06:00:00+02:00,bus054,0.0
2030,sc01,07-19 06:00:00+02:00,bus086,0.0
2030,sc01,07-19 06:00:00+02:00,bus032,0.0
2030,sc01,07-19 06:00:00+02:00,bus038,0.0
2030,sc01,07-19 06:00:00+02:00,bus108,0.0
2030,sc01,07-19 06:00:00+02:00,bus087,0.0
2030,sc01,07-19 06:00:00+02:00,bus027,0.0
2030,sc01,07-19 06:00:00+02:00,bus111,0.0
2030,sc01,07-19 06:00:00+02:00,bus025,0.0
2030,sc01,07-19 06:00:00+02:00,bus029,0.0
2030,sc01,07-19 06:00:00+02:00,bus009,0.0
2030,sc01,07-19 06:00:00+02:00,bus043,0.0
2030,sc01,07-19 06:00:00+02:00,bus045,0.0
2030,sc01,07-19 06:00:00+02:00,bus084,0.0
2030,sc01,07-19 06:00:00+02:00,bus013,0.0
2030,sc01,07-19 06:00:00+02:00,bus063,0.0
2030,sc01,07-19 06:00:00+02:00,bus115,0.0
2030,sc01,07-19 06:00:00+02:00,bus010,0.0
2030,sc01,07-19 06:00:00+02:00,bus073,0.0
2030,sc01,07-19 06:00:00+02:00,bus052,0.0
2030,sc01,07-19 06:00:00+02:00,bus096,0.0
2030,sc01,07-19 06:00:00+02:00,bus050,0.0
2030,sc01,07-19 06:00:00+02:00,bus011,0.0
2030,sc01,07-19 06:00:00+02:00,bus055,0.0
2030,sc01,07-19 06:00:00+02:00,bus083,0.0
2030,sc01,07-19 06:00:00+02:00,bus081,0.0
2030,sc01,07-19 06:00:00+02:00,bus022,0.0
2030,sc01,07-19 06:00:00+02:00,bus071,0.0
2030,sc01,07-19 06:00:00+02:00,bus074,0.0
2030,sc01,07-19 06:00:00+02:00,bus040,0.0
2030,sc01,07-19 06:00:00+02:00,bus099,0.0
2030,sc01,07-19 06:00:00+02:00,bus030,0.0
2030,sc01,07-19 06:00:00+02:00,bus098,0.0
2030,sc01,07-19 06:00:00+02:00,bus053,0.0
2030,sc01,07-19 06:00:00+02:00,bus085,0.0
2030,sc01,07-19 06:00:00+02:00,bus101,0.0
2030,sc01,07-19 06:00:00+02:00,bus018,0.0
2030,sc01,07-19 06:00:00+02:00,bus023,0.0
2030,sc01,07-19 06:00:00+02:00,bus088,0.0
2030,sc01,07-19 06:00:00+02:00,bus116,0.0
2030,sc01,07-19 06:00:00+02:00,bus103,0.0
2030,sc01,07-19 06:00:00+02:00,bus008,0.0
2030,sc01,07-19 06:00:00+02:00,bus105,0.0
2030,sc01,07-19 06:00:00+02:00,bus060,0.0
2030,sc01,07-19 06:00:00+02:00,bus016,0.0
2030,sc01,07-19 06:00:00+02:00,bus082,0.0
2030,sc01,07-19 06:00:00+02:00,bus047,0.0
2030,sc01,07-19 06:00:00+02:00,bus019,0.0
2030,sc01,07-19 06:00:00+02:00,bus037,0.0
2030,sc01,07-19 06:00:00+02:00,bus006,0.0
2030,sc01,07-19 06:00:00+02:00,bus080,0.0
2030,sc01,07-19 06:00:00+02:00,bus031,0.0
2030,sc01,07-19 06:00:00+02:00,bus048,0.0
2030,sc01,07-19 06:00:00+02:00,bus107,0.0
2030,sc01,07-19 06:00:00+02:00,bus049,0.0
2030,sc01,07-19 06:00:00+02:00,bus104,0.0
2030,sc01,07-19 06:00:00+02:00,bus100,0.0
2030,sc01,07-19 06:00:00+02:00,bus072,0.0
2030,sc01,07-19 06:00:00+02:00,bus039,0.0
2030,sc01,07-19 06:00:00+02:00,bus012,0.0
2030,sc01,07-19 06:00:00+02:00,bus114,0.0
2030,sc01,07-19 06:00:00+02:00,bus112,0.0
2030,sc01,07-19 06:00:00+02:00,bus058,0.0
2030,sc01,07-19 06:00:00+02:00,bus089,0.0
2030,sc01,07-19 06:00:00+02:00,bus051,0.0
2030,sc01,07-19 06:00:00+02:00,bus056,0.0
2030,sc01,07-19 06:00:00+02:00,bus092,0.0
2030,sc01,07-19 06:00:00+02:00,bus036,0.0
2030,sc01,07-19 06:00:00+02:00,bus094,0.0
2030,sc01,07-19 06:00:00+02:00,bus095,0.0
2030,sc01,07-19 06:00:00+02:00,bus113,0.0
2030,sc01,07-19 06:00:00+02:00,bus024,0.0
2030,sc01,07-19 06:00:00+02:00,bus078,0.0
2030,sc01,07-19 06:00:00+02:00,bus033,0.0
2030,sc01,07-19 06:00:00+02:00,bus079,0.0
2030,sc01,07-19 06:00:00+02:00,bus061,0.0
2030,sc01,07-19 06:00:00+02:00,bus118,0.0
2030,sc01,07-19 06:00:00+02:00,bus003,0.0
2030,sc01,07-19 06:00:00+02:00,bus070,0.0
2030,sc01,07-19 06:00:00+02:00,bus004,0.0
2030,sc01,07-19 06:00:00+02:00,bus021,0.0
2030,sc01,07-19 06:00:00+02:00,bus068,0.0
2030,sc01,07-19 06:00:00+02:00,bus028,0.0
2030,sc01,07-19 06:00:00+02:00,bus034,0.0
2030,sc01,07-19 06:00:00+02:00,bus075,0.0
2030,sc01,07-19 06:00:00+02:00,bus064,0.0
2030,sc01,07-19 06:00:00+02:00,bus106,0.0
2030,sc01,07-19 06:00:00+02:00,bus076,0.0
2030,sc01,07-19 06:00:00+02:00,bus046,0.0
2030,sc01,07-19 06:00:00+02:00,bus007,0.0
2030,sc01,07-19 06:00:00+02:00,bus035,0.0
2030,sc01,07-19 06:00:00+02:00,bus117,0.0
2030,sc01,07-19 06:00:00+02:00,bus041,0.0
2030,sc01,07-19 06:00:00+02:00,bus102,0.0
2030,sc01,07-19 06:00:00+02:00,bus026,0.0
2030,sc01,07-19 06:00:00+02:00,bus077,0.0
2030,sc01,07-19 06:00:00+02:00,bus044,0.0
2030,sc01,07-19 06:00:00+02:00,bus091,0.0
2030,sc01,07-19 06:00:00+02:00,bus062,0.0
2030,sc01,07-19 08:00:00+02:00,bus093,0.0
2030,sc01,07-19 08:00:00+02:00,bus097,0.0
2030,sc01,07-19 08:00:00+02:00,bus110,0.0
2030,sc01,07-19 08:00:00+02:00,bus042,0.0
2030,sc01,07-19 08:00:00+02:00,bus066,0.0
2030,sc01,07-19 08:00:00+02:00,bus059,0.0
2030,sc01,07-19 08:00:00+02:00,bus057,0.0
2030,sc01,07-19 08:00:00+02:00,bus067,0.0
2030,sc01,07-19 08:00:00+02:00,bus069,0.0
2030,sc01,07-19 08:00:00+02:00,bus014,0.0
2030,sc01,07-19 08:00:00+02:00,bus090,0.0
2030,sc01,07-19 08:00:00+02:00,bus002,0.0
2030,sc01,07-19 08:00:00+02:00,bus005,0.0
2030,sc01,07-19 08:00:00+02:00,bus109,0.0
2030,sc01,07-19 08:00:00+02:00,bus020,0.0
2030,sc01,07-19 08:00:00+02:00,bus065,0.0
2030,sc01,07-19 08:00:00+02:00,bus001,0.0
2030,sc01,07-19 08:00:00+02:00,bus017,0.0
2030,sc01,07-19 08:00:00+02:00,bus015,0.0
2030,sc01,07-19 08:00:00+02:00,bus054,0.0
2030,sc01,07-19 08:00:00+02:00,bus086,0.0
2030,sc01,07-19 08:00:00+02:00,bus032,0.0
2030,sc01,07-19 08:00:00+02:00,bus038,0.0
2030,sc01,07-19 08:00:00+02:00,bus108,0.0
2030,sc01,07-19 08:00:00+02:00,bus087,0.0
2030,sc01,07-19 08:00:00+02:00,bus027,0.0
2030,sc01,07-19 08:00:00+02:00,bus111,0.0
2030,sc01,07-19 08:00:00+02:00,bus025,0.0
2030,sc01,07-19 08:00:00+02:00,bus029,0.0
2030,sc01,07-19 08:00:00+02:00,bus009,0.0
2030,sc01,07-19 08:00:00+02:00,bus043,0.0
2030,sc01,07-19 08:00:00+02:00,bus045,0.0
2030,sc01,07-19 08:00:00+02:00,bus084,0.0
2030,sc01,07-19 08:00:00+02:00,bus013,0.0
2030,sc01,07-19 08:00:00+02:00,bus063,0.0
2030,sc01,07-19 08:00:00+02:00,bus115,0.0
2030,sc01,07-19 08:00:00+02:00,bus010,0.0
2030,sc01,07-19 08:00:00+02:00,bus073,0.0
2030,sc01,07-19 08:00:00+02:00,bus052,0.0
2030,sc01,07-19 08:00:00+02:00,bus096,0.0
2030,sc01,07-19 08:00:00+02:00,bus050,0.0
2030,sc01,07-19 08:00:00+02:00,bus011,0.0
2030,sc01,07-19 08:00:00+02:00,bus055,0.0
2030,sc01,07-19 08:00:00+02:00,bus083,0.0
2030,sc01,07-19 08:00:00+02:00,bus081,0.0
2030,sc01,07-19 08:00:00+02:00,bus022,0.0
2030,sc01,07-19 08:00:00+02:00,bus071,0.0
2030,sc01,07-19 08:00:00+02:00,bus074,0.0
2030,sc01,07-19 08:00:00+02:00,bus040,0.0
2030,sc01,07-19 08:00:00+02:00,bus099,0.0
2030,sc01,07-19 08:00:00+02:00,bus030,0.0
2030,sc01,07-19 08:00:00+02:00,bus098,0.0
2030,sc01,07-19 08:00:00+02:00,bus053,0.0
2030,sc01,07-19 08:00:00+02:00,bus085,0.0
2030,sc01,07-19 08:00:00+02:00,bus101,0.0
2030,sc01,07-19 08:00:00+02:00,bus018,0.0
2030,sc01,07-19 08:00:00+02:00,bus023,0.0
2030,sc01,07-19 08:00:00+02:00,bus088,0.0
2030,sc01,07-19 08:00:00+02:00,bus116,0.0
2030,sc01,07-19 08:00:00+02:00,bus103,0.0
2030,sc01,07-19 08:00:00+02:00,bus008,0.0
2030,sc01,07-19 08:00:00+02:00,bus105,0.0
2030,sc01,07-19 08:00:00+02:00,bus060,0.0
2030,sc01,07-19 08:00:00+02:00,bus016,0.0
2030,sc01,07-19 08:00:00+02:00,bus082,0.0
2030,sc01,07-19 08:00:00+02:00,bus047,0.0
2030,sc01,07-19 08:00:00+02:00,bus019,0.0
2030,sc01,07-19 08:00:00+02:00,bus037,0.0
2030,sc01,07-19 08:00:00+02:00,bus006,0.0
2030,sc01,07-19 08:00:00+02:00,bus080,0.0
2030,sc01,07-19 08:00:00+02:00,bus031,0.0
2030,sc01,07-19 08:00:00+02:00,bus048,0.0
2030,sc01,07-19 08:00:00+02:00,bus107,0.0
2030,sc01,07-19 08:00:00+02:00,bus049,0.0
2030,sc01,07-19 08:00:00+02:00,bus104,0.0
2030,sc01,07-19 08:00:00+02:00,bus100,0.0
2030,sc01,07-19 08:00:00+02:00,bus072,0.0
2030,sc01,07-19 08:00:00+02:00,bus039,0.0
2030,sc01,07-19 08:00:00+02:00,bus012,0.0
2030,sc01,07-19 08:00:00+02:00,bus114,0.0
2030,sc01,07-19 08:00:00+02:00,bus112,0.0
2030,sc01,07-19 08:00:00+02:00,bus058,0.0
2030,sc01,07-19 08:00:00+02:00,bus089,0.0
2030,sc01,07-19 08:00:00+02:00,bus051,0.0
2030,sc01,07-19 08:00:00+02:00,bus056,0.0
2030,sc01,07-19 08:00:00+02:00,bus092,0.0
2030,sc01,07-19 08:00:00+02:00,bus036,0.0
2030,sc01,07-19 08:00:00+02:00,bus094,0.0
2030,sc01,07-19 08:00:00+02:00,bus095,0.0
2030,sc01,07-19 08:00:00+02:00,bus113,0.0
2030,sc01,07-19 08:00:00+02:00,bus024,0.0
2030,sc01,07-19 08:00:00+02:00,bus078,0.0
2030,sc01,07-19 08:00:00+02:00,bus033,0.0
2030,sc01,07-19 08:00:00+02:00,bus079,0.0
2030,sc01,07-19 08:00:00+02:00,bus061,0.0
2030,sc01,07-19 08:00:00+02:00,bus118,0.0
2030,sc01,07-19 08:00:00+02:00,bus003,0.0
2030,sc01,07-19 08:00:00+02:00,bus070,0.0
2030,sc01,07-19 08:00:00+02:00,bus004,0.0
2030,sc01,07-19 08:00:00+02:00,bus021,0.0
2030,sc01,07-19 08:00:00+02:00,bus068,0.0
2030,sc01,07-19 08:00:00+02:00,bus028,0.0
2030,sc01,07-19 08:00:00+02:00,bus034,0.0
2030,sc01,07-19 08:00:00+02:00,bus075,0.0
2030,sc01,07-19 08:00:00+02:00,bus064,0.0
2030,sc01,07-19 08:00:00+02:00,bus106,0.0
2030,sc01,07-19 08:00:00+02:00,bus076,0.0
2030,sc01,07-19 08:00:00+02:00,bus046,0.0
2030,sc01,07-19 08:00:00+02:00,bus007,0.0
2030,sc01,07-19 08:00:00+02:00,bus035,0.0
2030,sc01,07-19 08:00:00+02:00,bus117,0.0
2030,sc01,07-19 08:00:00+02:00,bus041,0.0
2030,sc01,07-19 08:00:00+02:00,bus102,0.0
2030,sc01,07-19 08:00:00+02:00,bus026,0.0
2030,sc01,07-19 08:00:00+02:00,bus077,0.0
2030,sc01,07-19 08:00:00+02:00,bus044,0.0
2030,sc01,07-19 08:00:00+02:00,bus091,0.0
2030,sc01,07-19 08:00:00+02:00,bus062,0.0
2030,sc01,07-19 14:00:00+02:00,bus093,0.0
2030,sc01,07-19 14:00:00+02:00,bus097,0.0
2030,sc01,07-19 14:00:00+02:00,bus110,0.0
2030,sc01,07-19 14:00:00+02:00,bus042,0.0
2030,sc01,07-19 14:00:00+02:00,bus066,0.0
2030,sc01,07-19 14:00:00+02:00,bus059,0.0
2030,sc01,07-19 14:00:00+02:00,bus057,0.0
2030,sc01,07-19 14:00:00+02:00,bus067,0.0
2030,sc01,07-19 14:00:00+02:00,bus069,0.0
2030,sc01,07-19 14:00:00+02:00,bus014,0.0
2030,sc01,07-19 14:00:00+02:00,bus090,0.0
2030,sc01,07-19 14:00:00+02:00,bus002,0.0
2030,sc01,07-19 14:00:00+02:00,bus005,0.0
2030,sc01,07-19 14:00:00+02:00,bus109,0.0
2030,sc01,07-19 14:00:00+02:00,bus020,0.0
2030,sc01,07-19 14:00:00+02:00,bus065,0.0
2030,sc01,07-19 14:00:00+02:00,bus001,0.0
2030,sc01,07-19 14:00:00+02:00,bus017,0.0
2030,sc01,07-19 14:00:00+02:00,bus015,0.0
2030,sc01,07-19 14:00:00+02:00,bus054,0.0
2030,sc01,07-19 14:00:00+02:00,bus086,0.0
2030,sc01,07-19 14:00:00+02:00,bus032,0.0
2030,sc01,07-19 14:00:00+02:00,bus038,0.0
2030,sc01,07-19 14:00:00+02:00,bus108,0.0
2030,sc01,07-19 14:00:00+02:00,bus087,0.0
2030,sc01,07-19 14:00:00+02:00,bus027,0.0
2030,sc01,07-19 14:00:00+02:00,bus111,0.0
2030,sc01,07-19 14:00:00+02:00,bus025,0.0
2030,sc01,07-19 14:00:00+02:00,bus029,0.0
2030,sc01,07-19 14:00:00+02:00,bus009,0.0
2030,sc01,07-19 14:00:00+02:00,bus043,0.0
2030,sc01,07-19 14:00:00+02:00,bus045,0.0
2030,sc01,07-19 14:00:00+02:00,bus084,0.0
2030,sc01,07-19 14:00:00+02:00,bus013,0.0
2030,sc01,07-19 14:00:00+02:00,bus063,0.0
2030,sc01,07-19 14:00:00+02:00,bus115,0.0
2030,sc01,07-19 14:00:00+02:00,bus010,0.0
2030,sc01,07-19 14:00:00+02:00,bus073,0.0
2030,sc01,07-19 14:00:00+02:00,bus052,0.0
2030,sc01,07-19 14:00:00+02:00,bus096,0.0
2030,sc01,07-19 14:00:00+02:00,bus050,0.0
2030,sc01,07-19 14:00:00+02:00,bus011,0.0
2030,sc01,07-19 14:00:00+02:00,bus055,0.0
2030,sc01,07-19 14:00:00+02:00,bus083,0.0
2030,sc01,07-19 14:00:00+02:00,bus081,0.0
2030,sc01,07-19 14:00:00+02:00,bus022,0.0
2030,sc01,07-19 14:00:00+02:00,bus071,0.0
2030,sc01,07-19 14:00:00+02:00,bus074,0.0
2030,sc01,07-19 14:00:00+02:00,bus040,0.0
2030,sc01,07-19 14:00:00+02:00,bus099,0.0
2030,sc01,07-19 14:00:00+02:00,bus030,0.0
2030,sc01,07-19 14:00:00+02:00,bus098,0.0
2030,sc01,07-19 14:00:00+02:00,bus053,0.0
2030,sc01,07-19 14:00:00+02:00,bus085,0.0
2030,sc01,07-19 14:00:00+02:00,bus101,0.0
2030,sc01,07-19 14:00:00+02:00,bus018,0.0
2030,sc01,07-19 14:00:00+02:00,bus023,0.0
2030,sc01,07-19 14:00:00+02:00,bus088,0.0
2030,sc01,07-19 14:00:00+02:00,bus116,0.0
2030,sc01,07-19 14:00:00+02:00,bus103,0.0
2030,sc01,07-19 14:00:00+02:00,bus008,0.0
2030,sc01,07-19 14:00:00+02:00,bus105,0.0
2030,sc01,07-19 14:00:00+02:00,bus060,0.0
2030,sc01,07-19 14:00:00+02:00,bus016,0.0
2030,sc01,07-19 14:00:00+02:00,bus082,0.0
2030,sc01,07-19 14:00:00+02:00,bus047,0.0
2030,sc01,07-19 14:00:00+02:00,bus019,0.0
2030,sc01,07-19 14:00:00+02:00,bus037,0.0
2030,sc01,07-19 14:00:00+02:00,bus006,0.0
2030,sc01,07-19 14:00:00+02:00,bus080,0.0
2030,sc01,07-19 14:00:00+02:00,bus031,0.0
2030,sc01,07-19 14:00:00+02:00,bus048,0.0
2030,sc01,07-19 14:00:00+02:00,bus107,0.0
2030,sc01,07-19 14:00:00+02:00,bus049,0.0
2030,sc01,07-19 14:00:00+02:00,bus104,0.0
2030,sc01,07-19 14:00:00+02:00,bus100,0.0
2030,sc01,07-19 14:00:00+02:00,bus072,0.0
2030,sc01,07-19 14:00:00+02:00,bus039,0.0
2030,sc01,07-19 14:00:00+02:00,bus012,0.0
2030,sc01,07-19 14:00:00+02:00,bus114,0.0
2030,sc01,07-19 14:00:00+02:00,bus112,0.0
2030,sc01,07-19 14:00:00+02:00,bus058,0.0
2030,sc01,07-19 14:00:00+02:00,bus089,0.0
2030,sc01,07-19 14:00:00+02:00,bus051,0.0
2030,sc01,07-19 14:00:00+02:00,bus056,0.0
2030,sc01,07-19 14:00:00+02:00,bus092,0.0
2030,sc01,07-19 14:00:00+02:00,bus036,0.0
2030,sc01,07-19 14:00:00+02:00,bus094,0.0
2030,sc01,07-19 14:00:00+02:00,bus095,0.0
2030,sc01,07-19 14:00:00+02:00,bus113,0.0
2030,sc01,07-19 14:00:00+02:00,bus024,0.0
2030,sc01,07-19 14:00:00+02:00,bus078,0.0
2030,sc01,07-19 14:00:00+02:00,bus033,0.0
2030,sc01,07-19 14:00:00+02:00,bus079,0.0
2030,sc01,07-19 14:00:00+02:00,bus061,0.0
2030,sc01,07-19 14:00:00+02:00,bus118,0.0
2030,sc01,07-19 14:00:00+02:00,bus003,0.0
2030,sc01,07-19 14:00:00+02:00,bus070,0.0
2030,sc01,07-19 14:00:00+02:00,bus004,0.0
2030,sc01,07-19 14:00:00+02:00,bus021,0.0
2030,sc01,07-19 14:00:00+02:00,bus068,0.0
2030,sc01,07-19 14:00:00+02:00,bus028,0.0
2030,sc01,07-19 14:00:00+02:00,bus034,0.0
2030,sc01,07-19 14:00:00+02:00,bus075,0.0
2030,sc01,07-19 14:00:00+02:00,bus064,0.0
2030,sc01,07-19 14:00:00+02:00,bus106,0.0
2030,sc01,07-19 14:00:00+02:00,bus076,0.0
2030,sc01,07-19 14:00:00+02:00,bus046,0.0
2030,sc01,07-19 14:00:00+02:00,bus007,0.0
2030,sc01,07-19 14:00:00+02:00,bus035,0.0
2030,sc01,07-19 14:00:00+02:00,bus117,0.0
2030,sc01,07-19 14:00:00+02:00,bus041,0.0
2030,sc01,07-19 14:00:00+02:00,bus102,0.0
2030,sc01,07-19 14:00:00+02:00,bus026,0.0
2030,sc01,07-19 14:00:00+02:00,bus077,0.0
2030,sc01,07-19 14:00:00+02:00,bus044,0.0
2030,sc01,07-19 14:00:00+02:00,bus091,0.0
2030,sc01,07-19 14:00:00+02:00,bus062,0.0
2030,sc01,07-19 18:00:00+02:00,bus093,0.0
2030,sc01,07-19 18:00:00+02:00,bus097,0.0
2030,sc01,07-19 18:00:00+02:00,bus110,0.0
2030,sc01,07-19 18:00:00+02:00,bus042,0.0
2030,sc01,07-19 18:00:00+02:00,bus066,0.0
2030,sc01,07-19 18:00:00+02:00,bus059,0.0
2030,sc01,07-19 18:00:00+02:00,bus057,0.0
2030,sc01,07-19 18:00:00+02:00,bus067,0.0
2030,sc01,07-19 18:00:00+02:00,bus069,0.0
2030,sc01,07-19 18:00:00+02:00,bus014,0.0
2030,sc01,07-19 18:00:00+02:00,bus090,0.0
2030,sc01,07-19 18:00:00+02:00,bus002,0.0
2030,sc01,07-19 18:00:00+02:00,bus005,0.0
2030,sc01,07-19 18:00:00+02:00,bus109,0.0
2030,sc01,07-19 18:00:00+02:00,bus020,0.0
2030,sc01,07-19 18:00:00+02:00,bus065,0.0
2030,sc01,07-19 18:00:00+02:00,bus001,0.0
2030,sc01,07-19 18:00:00+02:00,bus017,0.0
2030,sc01,07-19 18:00:00+02:00,bus015,0.0
2030,sc01,07-19 18:00:00+02:00,bus054,0.0
2030,sc01,07-19 18:00:00+02:00,bus086,0.0
2030,sc01,07-19 18:00:00+02:00,bus032,0.0
2030,sc01,07-19 18:00:00+02:00,bus038,0.0
2030,sc01,07-19 18:00:00+02:00,bus108,0.0
2030,sc01,07-19 18:00:00+02:00,bus087,0.0
2030,sc01,07-19 18:00:00+02:00,bus027,0.0
2030,sc01,07-19 18:00:00+02:00,bus111,0.0
2030,sc01,07-19 18:00:00+02:00,bus025,0.0
2030,sc01,07-19 18:00:00+02:00,bus029,0.0
2030,sc01,07-19 18:00:00+02:00,bus009,0.0
2030,sc01,07-19 18:00:00+02:00,bus043,0.0
2030,sc01,07-19 18:00:00+02:00,bus045,0.0
2030,sc01,07-19 18:00:00+02:00,bus084,0.0
2030,sc01,07-19 18:00:00+02:00,bus013,0.0
2030,sc01,07-19 18:00:00+02:00,bus063,0.0
2030,sc01,07-19 18:00:00+02:00,bus115,0.0
2030,sc01,07-19 18:00:00+02:00,bus010,0.0
2030,sc01,07-19 18:00:00+02:00,bus073,0.0
2030,sc01,07-19 18:00:00+02:00,bus052,0.0
2030,sc01,07-19 18:00:00+02:00,bus096,0.0
2030,sc01,07-19 18:00:00+02:00,bus050,0.0
2030,sc01,07-19 18:00:00+02:00,bus011,0.0
2030,sc01,07-19 18:00:00+02:00,bus055,0.0
2030,sc01,07-19 18:00:00+02:00,bus083,0.0
2030,sc01,07-19 18:00:00+02:00,bus081,0.0
2030,sc01,07-19 18:00:00+02:00,bus022,0.0
2030,sc01,07-19 18:00:00+02:00,bus071,0.0
2030,sc01,07-19 18:00:00+02:00,bus074,0.0
2030,sc01,07-19 18:00:00+02:00,bus040,0.0
2030,sc01,07-19 18:00:00+02:00,bus099,0.0
2030,sc01,07-19 18:00:00+02:00,bus030,0.0
2030,sc01,07-19 18:00:00+02:00,bus098,0.0
2030,sc01,07-19 18:00:00+02:00,bus053,0.0
2030,sc01,07-19 18:00:00+02:00,bus085,0.0
2030,sc01,07-19 18:00:00+02:00,bus101,0.0
2030,sc01,07-19 18:00:00+02:00,bus018,0.0
2030,sc01,07-19 18:00:00+02:00,bus023,0.0
2030,sc01,07-19 18:00:00+02:00,bus088,0.0
2030,sc01,07-19 18:00:00+02:00,bus116,0.0
2030,sc01,07-19 18:00:00+02:00,bus103,0.0
2030,sc01,07-19 18:00:00+02:00,bus008,0.0
2030,sc01,07-19 18:00:00+02:00,bus105,0.0
2030,sc01,07-19 18:00:00+02:00,bus060,0.0
2030,sc01,07-19 18:00:00+02:00,bus016,0.0
2030,sc01,07-19 18:00:00+02:00,bus082,0.0
2030,sc01,07-19 18:00:00+02:00,bus047,0.0
2030,sc01,07-19 18:00:00+02:00,bus019,0.0
2030,sc01,07-19 18:00:00+02:00,bus037,0.0
2030,sc01,07-19 18:00:00+02:00,bus006,0.0
2030,sc01,07-19 18:00:00+02:00,bus080,0.0
2030,sc01,07-19 18:00:00+02:00,bus031,0.0
2030,sc01,07-19 18:00:00+02:00,bus048,0.0
2030,sc01,07-19 18:00:00+02:00,bus107,0.0
2030,sc01,07-19 18:00:00+02:00,bus049,0.0
2030,sc01,07-19 18:00:00+02:00,bus104,0.0
2030,sc01,07-19 18:00:00+02:00,bus100,0.0
2030,sc01,07-19 18:00:00+02:00,bus072,0.0
2030,sc01,07-19 18:00:00+02:00,bus039,0.0
2030,sc01,07-19 18:00:00+02:00,bus012,0.0
2030,sc01,07-19 18:00:00+02:00,bus114,0.0
2030,sc01,07-19 18:00:00+02:00,bus112,0.0
2030,sc01,07-19 18:00:00+02:00,bus058,0.0
2030,sc01,07-19 18:00:00+02:00,bus089,0.0
2030,sc01,07-19 18:00:00+02:00,bus051,0.0
2030,sc01,07-19 18:00:00+02:00,bus056,0.0
2030,sc01,07-19 18:00:00+02:00,bus092,0.0
2030,sc01,07-19 18:00:00+02:00,bus036,0.0
2030,sc01,07-19 18:00:00+02:00,bus094,0.0
2030,sc01,07-19 18:00:00+02:00,bus095,0.0
2030,sc01,07-19 18:00:00+02:00,bus113,0.0
2030,sc01,07-19 18:00:00+02:00,bus024,0.0
2030,sc01,07-19 18:00:00+02:00,bus078,0.0
2030,sc01,07-19 18:00:00+02:00,bus033,0.0
2030,sc01,07-19 18:00:00+02:00,bus079,0.0
2030,sc01,07-19 18:00:00+02:00,bus061,0.0
2030,sc01,07-19 18:00:00+02:00,bus118,0.0
2030,sc01,07-19 18:00:00+02:00,bus003,0.0
2030,sc01,07-19 18:00:00+02:00,bus070,0.0
2030,sc01,07-19 18:00:00+02:00,bus004,0.0
2030,sc01,07-19 18:00:00+02:00,bus021,0.0
2030,sc01,07-19 18:00:00+02:00,bus068,0.0
2030,sc01,07-19 18:00:00+02:00,bus028,0.0
2030,sc01,07-19 18:00:00+02:00,bus034,0.0
2030,sc01,07-19 18:00:00+02:00,bus075,0.0
2030,sc01,07-19 18:00:00+02:00,bus064,0.0
2030,sc01,07-19 18:00:00+02:00,bus106,0.0
2030,sc01,07-19 18:00:00+02:00,bus076,0.0
2030,sc01,07-19 18:00:00+02:00,bus046,0.0
2030,sc01,07-19 18:00:00+02:00,bus007,0.0
2030,sc01,07-19 18:00:00+02:00,bus035,0.0
2030,sc01,07-19 18:00:00+02:00,bus117,0.0
2030,sc01,07-19 18:00:00+02:00,bus041,0.0
2030,sc01,07-19 18:00:00+02:00,bus102,0.0
2030,sc01,07-19 18:00:00+02:00,bus026,0.0
2030,sc01,07-19 18:00:00+02:00,bus077,0.0
2030,sc01,07-19 18:00:00+02:00,bus044,0.0
2030,sc01,07-19 18:00:00+02:00,bus091,0.0
2030,sc01,07-19 18:00:00+02:00,bus062,0.0
2030,sc01,07-19 19:00:00+02:00,bus093,0.0
2030,sc01,07-19 19:00:00+02:00,bus097,0.0
2030,sc01,07-19 19:00:00+02:00,bus110,0.0
2030,sc01,07-19 19:00:00+02:00,bus042,0.0
2030,sc01,07-19 19:00:00+02:00,bus066,0.0
2030,sc01,07-19 19:00:00+02:00,bus059,0.0
2030,sc01,07-19 19:00:00+02:00,bus057,0.0
2030,sc01,07-19 19:00:00+02:00,bus067,0.0
2030,sc01,07-19 19:00:00+02:00,bus069,0.0
2030,sc01,07-19 19:00:00+02:00,bus014,0.0
2030,sc01,07-19 19:00:00+02:00,bus090,0.0
2030,sc01,07-19 19:00:00+02:00,bus002,0.0
2030,sc01,07-19 19:00:00+02:00,bus005,0.0
2030,sc01,07-19 19:00:00+02:00,bus109,0.0
2030,sc01,07-19 19:00:00+02:00,bus020,0.0
2030,sc01,07-19 19:00:00+02:00,bus065,0.0
2030,sc01,07-19 19:00:00+02:00,bus001,0.0
2030,sc01,07-19 19:00:00+02:00,bus017,0.0
2030,sc01,07-19 19:00:00+02:00,bus015,0.0
2030,sc01,07-19 19:00:00+02:00,bus054,0.0
2030,sc01,07-19 19:00:00+02:00,bus086,0.0
2030,sc01,07-19 19:00:00+02:00,bus032,0.0
2030,sc01,07-19 19:00:00+02:00,bus038,0.0
2030,sc01,07-19 19:00:00+02:00,bus108,0.0
2030,sc01,07-19 19:00:00+02:00,bus087,0.0
2030,sc01,07-19 19:00:00+02:00,bus027,0.0
2030,sc01,07-19 19:00:00+02:00,bus111,0.0
2030,sc01,07-19 19:00:00+02:00,bus025,0.0
2030,sc01,07-19 19:00:00+02:00,bus029,0.0
2030,sc01,07-19 19:00:00+02:00,bus009,0.0
2030,sc01,07-19 19:00:00+02:00,bus043,0.0
2030,sc01,07-19 19:00:00+02:00,bus045,0.0
2030,sc01,07-19 19:00:00+02:00,bus084,0.0
2030,sc01,07-19 19:00:00+02:00,bus013,0.0
2030,sc01,07-19 19:00:00+02:00,bus063,0.0
2030,sc01,07-19 19:00:00+02:00,bus115,0.0
2030,sc01,07-19 19:00:00+02:00,bus010,0.0
2030,sc01,07-19 19:00:00+02:00,bus073,0.0
2030,sc01,07-19 19:00:00+02:00,bus052,0.0
2030,sc01,07-19 19:00:00+02:00,bus096,0.0
2030,sc01,07-19 19:00:00+02:00,bus050,0.0
2030,sc01,07-19 19:00:00+02:00,bus011,0.0
2030,sc01,07-19 19:00:00+02:00,bus055,0.0
2030,sc01,07-19 19:00:00+02:00,bus083,0.0
2030,sc01,07-19 19:00:00+02:00,bus081,0.0
2030,sc01,07-19 19:00:00+02:00,bus022,0.0
2030,sc01,07-19 19:00:00+02:00,bus071,0.0
2030,sc01,07-19 19:00:00+02:00,bus074,0.0
2030,sc01,07-19 19:00:00+02:00,bus040,0.0
2030,sc01,07-19 19:00:00+02:00,bus099,0.0
2030,sc01,07-19 19:00:00+02:00,bus030,0.0
2030,sc01,07-19 19:00:00+02:00,bus098,0.0
2030,sc01,07-19 19:00:00+02:00,bus053,0.0
2030,sc01,07-19 19:00:00+02:00,bus085,0.0
2030,sc01,07-19 19:00:00+02:00,bus101,0.0
2030,sc01,07-19 19:00:00+02:00,bus018,0.0
2030,sc01,07-19 19:00:00+02:00,bus023,0.0
2030,sc01,07-19 19:00:00+02:00,bus088,0.0
2030,sc01,07-19 19:00:00+02:00,bus116,0.0
2030,sc01,07-19 19:00:00+02:00,bus103,0.0
2030,sc01,07-19 19:00:00+02:00,bus008,0.0
2030,sc01,07-19 19:00:00+02:00,bus105,0.0
2030,sc01,07-19 19:00:00+02:00,bus060,0.0
2030,sc01,07-19 19:00:00+02:00,bus016,0.0
2030,sc01,07-19 19:00:00+02:00,bus082,0.0
2030,sc01,07-19 19:00:00+02:00,bus047,0.0
2030,sc01,07-19 19:00:00+02:00,bus019,0.0
2030,sc01,07-19 19:00:00+02:00,bus037,0.0
2030,sc01,07-19 19:00:00+02:00,bus006,0.0
2030,sc01,07-19 19:00:00+02:00,bus080,0.0
2030,sc01,07-19 19:00:00+02:00,bus031,0.0
2030,sc01,07-19 19:00:00+02:00,bus048,0.0
2030,sc01,07-19 19:00:00+02:00,bus107,0.0
2030,sc01,07-19 19:00:00+02:00,bus049,0.0
2030,sc01,07-19 19:00:00+02:00,bus104,0.0
2030,sc01,07-19 19:00:00+02:00,bus100,0.0
2030,sc01,07-19 19:00:00+02:00,bus072,0.0
2030,sc01,07-19 19:00:00+02:00,bus039,0.0
2030,sc01,07-19 19:00:00+02:00,bus012,0.0
2030,sc01,07-19 19:00:00+02:00,bus114,0.0
2030,sc01,07-19 19:00:00+02:00,bus112,0.0
2030,sc01,07-19 19:00:00+02:00,bus058,0.0
2030,sc01,07-19 19:00:00+02:00,bus089,0.0
2030,sc01,07-19 19:00:00+02:00,bus051,0.0
2030,sc01,07-19 19:00:00+02:00,bus056,0.0
2030,sc01,07-19 19:00:00+02:00,bus092,0.0
2030,sc01,07-19 19:00:00+02:00,bus036,0.0
2030,sc01,07-19 19:00:00+02:00,bus094,0.0
2030,sc01,07-19 19:00:00+02:00,bus095,0.0
2030,sc01,07-19 19:00:00+02:00,bus113,0.0
2030,sc01,07-19 19:00:00+02:00,bus024,0.0
2030,sc01,07-19 19:00:00+02:00,bus078,0.0
2030,sc01,07-19 19:00:00+02:00,bus033,0.0
2030,sc01,07-19 19:00:00+02:00,bus079,0.0
2030,sc01,07-19 19:00:00+02:00,bus061,0.0
2030,sc01,07-19 19:00:00+02:00,bus118,0.0
2030,sc01,07-19 19:00:00+02:00,bus003,0.0
2030,sc01,07-19 19:00:00+02:00,bus070,0.0
2030,sc01,07-19 19:00:00+02:00,bus004,0.0
2030,sc01,07-19 19:00:00+02:00,bus021,0.0
2030,sc01,07-19 19:00:00+02:00,bus068,0.0
2030,sc01,07-19 19:00:00+02:00,bus028,0.0
2030,sc01,07-19 19:00:00+02:00,bus034,0.0
2030,sc01,07-19 19:00:00+02:00,bus075,0.0
2030,sc01,07-19 19:00:00+02:00,bus064,0.0
2030,sc01,07-19 19:00:00+02:00,bus106,0.0
2030,sc01,07-19 19:00:00+02:00,bus076,0.0
2030,sc01,07-19 19:00:00+02:00,bus046,0.0
2030,sc01,07-19 19:00:00+02:00,bus007,0.0
2030,sc01,07-19 19:00:00+02:00,bus035,0.0
2030,sc01,07-19 19:00:00+02:00,bus117,0.0
2030,sc01,07-19 19:00:00+02:00,bus041,0.0
2030,sc01,07-19 19:00:00+02:00,bus102,0.0
2030,sc01,07-19 19:00:00+02:00,bus026,0.0
2030,sc01,07-19 19:00:00+02:00,bus077,0.0
2030,sc01,07-19 19:00:00+02:00,bus044,0.0
2030,sc01,07-19 19:00:00+02:00,bus091,0.0
2030,sc01,07-19 19:00:00+02:00,bus062,0.0
2030,sc01,07-20 12:00:00+02:00,bus093,0.0
2030,sc01,07-20 12:00:00+02:00,bus097,0.0
2030,sc01,07-20 12:00:00+02:00,bus110,0.0
2030,sc01,07-20 12:00:00+02:00,bus042,0.0
2030,sc01,07-20 12:00:00+02:00,bus066,0.0
2030,sc01,07-20 12:00:00+02:00,bus059,0.0
2030,sc01,07-20 12:00:00+02:00,bus057,0.0
2030,sc01,07-20 12:00:00+02:00,bus067,0.0
2030,sc01,07-20 12:00:00+02:00,bus069,0.0
2030,sc01,07-20 12:00:00+02:00,bus014,0.0
2030,sc01,07-20 12:00:00+02:00,bus090,0.0
2030,sc01,07-20 12:00:00+02:00,bus002,0.0
2030,sc01,07-20 12:00:00+02:00,bus005,0.0
2030,sc01,07-20 12:00:00+02:00,bus109,0.0
2030,sc01,07-20 12:00:00+02:00,bus020,0.0
2030,sc01,07-20 12:00:00+02:00,bus065,0.0
2030,sc01,07-20 12:00:00+02:00,bus001,0.0
2030,sc01,07-20 12:00:00+02:00,bus017,0.0
2030,sc01,07-20 12:00:00+02:00,bus015,0.0
2030,sc01,07-20 12:00:00+02:00,bus054,0.0
2030,sc01,07-20 12:00:00+02:00,bus086,0.0
2030,sc01,07-20 12:00:00+02:00,bus032,0.0
2030,sc01,07-20 12:00:00+02:00,bus038,0.0
2030,sc01,07-20 12:00:00+02:00,bus108,0.0
2030,sc01,07-20 12:00:00+02:00,bus087,0.0
2030,sc01,07-20 12:00:00+02:00,bus027,0.0
2030,sc01,07-20 12:00:00+02:00,bus111,0.0
2030,sc01,07-20 12:00:00+02:00,bus025,0.0
2030,sc01,07-20 12:00:00+02:00,bus029,0.0
2030,sc01,07-20 12:00:00+02:00,bus009,0.0
2030,sc01,07-20 12:00:00+02:00,bus043,0.0
2030,sc01,07-20 12:00:00+02:00,bus045,0.0
2030,sc01,07-20 12:00:00+02:00,bus084,0.0
2030,sc01,07-20 12:00:00+02:00,bus013,0.0
2030,sc01,07-20 12:00:00+02:00,bus063,0.0
2030,sc01,07-20 12:00:00+02:00,bus115,0.0
2030,sc01,07-20 12:00:00+02:00,bus010,0.0
2030,sc01,07-20 12:00:00+02:00,bus073,0.0
2030,sc01,07-20 12:00:00+02:00,bus052,0.0
2030,sc01,07-20 12:00:00+02:00,bus096,0.0
2030,sc01,07-20 12:00:00+02:00,bus050,0.0
2030,sc01,07-20 12:00:00+02:00,bus011,0.0
2030,sc01,07-20 12:00:00+02:00,bus055,0.0
2030,sc01,07-20 12:00:00+02:00,bus083,0.0
2030,sc01,07-20 12:00:00+02:00,bus081,0.0
2030,sc01,07-20 12:00:00+02:00,bus022,0.0
2030,sc01,07-20 12:00:00+02:00,bus071,0.0
2030,sc01,07-20 12:00:00+02:00,bus074,0.0
2030,sc01,07-20 12:00:00+02:00,bus040,0.0
2030,sc01,07-20 12:00:00+02:00,bus099,0.0
2030,sc01,07-20 12:00:00+02:00,bus030,0.0
2030,sc01,07-20 12:00:00+02:00,bus098,0.0
2030,sc01,07-20 12:00:00+02:00,bus053,0.0
2030,sc01,07-20 12:00:00+02:00,bus085,0.0
2030,sc01,07-20 12:00:00+02:00,bus101,0.0
2030,sc01,07-20 12:00:00+02:00,bus018,0.0
2030,sc01,07-20 12:00:00+02:00,bus023,0.0
2030,sc01,07-20 12:00:00+02:00,bus088,0.0
2030,sc01,07-20 12:00:00+02:00,bus116,0.0
2030,sc01,07-20 12:00:00+02:00,bus103,0.0
2030,sc01,07-20 12:00:00+02:00,bus008,0.0
2030,sc01,07-20 12:00:00+02:00,bus105,0.0
2030,sc01,07-20 12:00:00+02:00,bus060,0.0
2030,sc01,07-20 12:00:00+02:00,bus016,0.0
2030,sc01,07-20 12:00:00+02:00,bus082,0.0
2030,sc01,07-20 12:00:00+02:00,bus047,0.0
2030,sc01,07-20 12:00:00+02:00,bus019,0.0
2030,sc01,07-20 12:00:00+02:00,bus037,0.0
2030,sc01,07-20 12:00:00+02:00,bus006,0.0
2030,sc01,07-20 12:00:00+02:00,bus080,0.0
2030,sc01,07-20 12:00:00+02:00,bus031,0.0
2030,sc01,07-20 12:00:00+02:00,bus048,0.0
2030,sc01,07-20 12:00:00+02:00,bus107,0.0
2030,sc01,07-20 12:00:00+02:00,bus049,0.0
2030,sc01,07-20 12:00:00+02:00,bus104,0.0
2030,sc01,07-20 12:00:00+02:00,bus100,0.0
2030,sc01,07-20 12:00:00+02:00,bus072,0.0
2030,sc01,07-20 12:00:00+02:00,bus039,0.0
2030,sc01,07-20 12:00:00+02:00,bus012,0.0
2030,sc01,07-20 12:00:00+02:00,bus114,0.0
2030,sc01,07-20 12:00:00+02:00,bus112,0.0
2030,sc01,07-20 12:00:00+02:00,bus058,0.0
2030,sc01,07-20 12:00:00+02:00,bus089,0.0
2030,sc01,07-20 12:00:00+02:00,bus051,0.0
2030,sc01,07-20 12:00:00+02:00,bus056,0.0
2030,sc01,07-20 12:00:00+02:00,bus092,0.0
2030,sc01,07-20 12:00:00+02:00,bus036,0.0
2030,sc01,07-20 12:00:00+02:00,bus094,0.0
2030,sc01,07-20 12:00:00+02:00,bus095,0.0
2030,sc01,07-20 12:00:00+02:00,bus113,0.0
2030,sc01,07-20 12:00:00+02:00,bus024,0.0
2030,sc01,07-20 12:00:00+02:00,bus078,0.0
2030,sc01,07-20 12:00:00+02:00,bus033,0.0
2030,sc01,07-20 12:00:00+02:00,bus079,0.0
2030,sc01,07-20 12:00:00+02:00,bus061,0.0
2030,sc01,07-20 12:00:00+02:00,bus118,0.0
2030,sc01,07-20 12:00:00+02:00,bus003,0.0
2030,sc01,07-20 12:00:00+02:00,bus070,0.0
2030,sc01,07-20 12:00:00+02:00,bus004,0.0
2030,sc01,07-20 12:00:00+02:00,bus021,0.0
2030,sc01,07-20 12:00:00+02:00,bus068,0.0
2030,sc01,07-20 12:00:00+02:00,bus028,0.0
2030,sc01,07-20 12:00:00+02:00,bus034,0.0
2030,sc01,07-20 12:00:00+02:00,bus075,0.0
2030,sc01,07-20 12:00:00+02:00,bus064,0.0
2030,sc01,07-20 12:00:00+02:00,bus106,0.0
2030,sc01,07-20 12:00:00+02:00,bus076,0.0
2030,sc01,07-20 12:00:00+02:00,bus046,0.0
2030,sc01,07-20 12:00:00+02:00,bus007,0.0
2030,sc01,07-20 12:00:00+02:00,bus035,0.0
2030,sc01,07-20 12:00:00+02:00,bus117,0.0
2030,sc01,07-20 12:00:00+02:00,bus041,0.0
2030,sc01,07-20 12:00:00+02:00,bus102,0.0
2030,sc01,07-20 12:00:00+02:00,bus026,0.0
2030,sc01,07-20 12:00:00+02:00,bus077,0.0
2030,sc01,07-20 12:00:00+02:00,bus044,0.0
2030,sc01,07-20 12:00:00+02:00,bus091,0.0
2030,sc01,07-20 12:00:00+02:00,bus062,0.0
2030,sc01,07-23 14:00:00+02:00,bus093,0.0
2030,sc01,07-23 14:00:00+02:00,bus097,0.0
2030,sc01,07-23 14:00:00+02:00,bus110,0.0
2030,sc01,07-23 14:00:00+02:00,bus042,0.0
2030,sc01,07-23 14:00:00+02:00,bus066,0.0
2030,sc01,07-23 14:00:00+02:00,bus059,0.0
2030,sc01,07-23 14:00:00+02:00,bus057,0.0
2030,sc01,07-23 14:00:00+02:00,bus067,0.0
2030,sc01,07-23 14:00:00+02:00,bus069,0.0
2030,sc01,07-23 14:00:00+02:00,bus014,0.0
2030,sc01,07-23 14:00:00+02:00,bus090,0.0
2030,sc01,07-23 14:00:00+02:00,bus002,0.0
2030,sc01,07-23 14:00:00+02:00,bus005,0.0
2030,sc01,07-23 14:00:00+02:00,bus109,0.0
2030,sc01,07-23 14:00:00+02:00,bus020,0.0
2030,sc01,07-23 14:00:00+02:00,bus065,0.0
2030,sc01,07-23 14:00:00+02:00,bus001,0.0
2030,sc01,07-23 14:00:00+02:00,bus017,0.0
2030,sc01,07-23 14:00:00+02:00,bus015,0.0
2030,sc01,07-23 14:00:00+02:00,bus054,0.0
2030,sc01,07-23 14:00:00+02:00,bus086,0.0
2030,sc01,07-23 14:00:00+02:00,bus032,0.0
2030,sc01,07-23 14:00:00+02:00,bus038,0.0
2030,sc01,07-23 14:00:00+02:00,bus108,0.0
2030,sc01,07-23 14:00:00+02:00,bus087,0.0
2030,sc01,07-23 14:00:00+02:00,bus027,0.0
2030,sc01,07-23 14:00:00+02:00,bus111,0.0
2030,sc01,07-23 14:00:00+02:00,bus025,0.0
2030,sc01,07-23 14:00:00+02:00,bus029,0.0
2030,sc01,07-23 14:00:00+02:00,bus009,0.0
2030,sc01,07-23 14:00:00+02:00,bus043,0.0
2030,sc01,07-23 14:00:00+02:00,bus045,0.0
2030,sc01,07-23 14:00:00+02:00,bus084,0.0
2030,sc01,07-23 14:00:00+02:00,bus013,0.0
2030,sc01,07-23 14:00:00+02:00,bus063,0.0
2030,sc01,07-23 14:00:00+02:00,bus115,0.0
2030,sc01,07-23 14:00:00+02:00,bus010,0.0
2030,sc01,07-23 14:00:00+02:00,bus073,0.0
2030,sc01,07-23 14:00:00+02:00,bus052,0.0
2030,sc01,07-23 14:00:00+02:00,bus096,0.0
2030,sc01,07-23 14:00:00+02:00,bus050,0.0
2030,sc01,07-23 14:00:00+02:00,bus011,0.0
2030,sc01,07-23 14:00:00+02:00,bus055,0.0
2030,sc01,07-23 14:00:00+02:00,bus083,0.0
2030,sc01,07-23 14:00:00+02:00,bus081,0.0
2030,sc01,07-23 14:00:00+02:00,bus022,0.0
2030,sc01,07-23 14:00:00+02:00,bus071,0.0
2030,sc01,07-23 14:00:00+02:00,bus074,0.0
2030,sc01,07-23 14:00:00+02:00,bus040,0.0
2030,sc01,07-23 14:00:00+02:00,bus099,0.0
2030,sc01,07-23 14:00:00+02:00,bus030,0.0
2030,sc01,07-23 14:00:00+02:00,bus098,0.0
2030,sc01,07-23 14:00:00+02:00,bus053,0.0
2030,sc01,07-23 14:00:00+02:00,bus085,0.0
2030,sc01,07-23 14:00:00+02:00,bus101,0.0
2030,sc01,07-23 14:00:00+02:00,bus018,0.0
2030,sc01,07-23 14:00:00+02:00,bus023,0.0
2030,sc01,07-23 14:00:00+02:00,bus088,0.0
2030,sc01,07-23 14:00:00+02:00,bus116,0.0
2030,sc01,07-23 14:00:00+02:00,bus103,0.0
2030,sc01,07-23 14:00:00+02:00,bus008,0.0
2030,sc01,07-23 14:00:00+02:00,bus105,0.0
2030,sc01,07-23 14:00:00+02:00,bus060,0.0
2030,sc01,07-23 14:00:00+02:00,bus016,0.0
2030,sc01,07-23 14:00:00+02:00,bus082,0.0
2030,sc01,07-23 14:00:00+02:00,bus047,0.0
2030,sc01,07-23 14:00:00+02:00,bus019,0.0
2030,sc01,07-23 14:00:00+02:00,bus037,0.0
2030,sc01,07-23 14:00:00+02:00,bus006,0.0
2030,sc01,07-23 14:00:00+02:00,bus080,0.0
2030,sc01,07-23 14:00:00+02:00,bus031,0.0
2030,sc01,07-23 14:00:00+02:00,bus048,0.0
2030,sc01,07-23 14:00:00+02:00,bus107,0.0
2030,sc01,07-23 14:00:00+02:00,bus049,0.0
2030,sc01,07-23 14:00:00+02:00,bus104,0.0
2030,sc01,07-23 14:00:00+02:00,bus100,0.0
2030,sc01,07-23 14:00:00+02:00,bus072,0.0
2030,sc01,07-23 14:00:00+02:00,bus039,0.0
2030,sc01,07-23 14:00:00+02:00,bus012,0.0
2030,sc01,07-23 14:00:00+02:00,bus114,0.0
2030,sc01,07-23 14:00:00+02:00,bus112,0.0
2030,sc01,07-23 14:00:00+02:00,bus058,0.0
2030,sc01,07-23 14:00:00+02:00,bus089,0.0
2030,sc01,07-23 14:00:00+02:00,bus051,0.0
2030,sc01,07-23 14:00:00+02:00,bus056,0.0
2030,sc01,07-23 14:00:00+02:00,bus092,0.0
2030,sc01,07-23 14:00:00+02:00,bus036,0.0
2030,sc01,07-23 14:00:00+02:00,bus094,0.0
2030,sc01,07-23 14:00:00+02:00,bus095,0.0
2030,sc01,07-23 14:00:00+02:00,bus113,0.0
2030,sc01,07-23 14:00:00+02:00,bus024,0.0
2030,sc01,07-23 14:00:00+02:00,bus078,0.0
2030,sc01,07-23 14:00:00+02:00,bus033,0.0
2030,sc01,07-23 14:00:00+02:00,bus079,0.0
2030,sc01,07-23 14:00:00+02:00,bus061,0.0
2030,sc01,07-23 14:00:00+02:00,bus118,0.0
2030,sc01,07-23 14:00:00+02:00,bus003,0.0
2030,sc01,07-23 14:00:00+02:00,bus070,0.0
2030,sc01,07-23 14:00:00+02:00,bus004,0.0
2030,sc01,07-23 14:00:00+02:00,bus021,0.0
2030,sc01,07-23 14:00:00+02:00,bus068,0.0
2030,sc01,07-23 14:00:00+02:00,bus028,0.0
2030,sc01,07-23 14:00:00+02:00,bus034,0.0
2030,sc01,07-23 14:00:00+02:00,bus075,0.0
2030,sc01,07-23 14:00:00+02:00,bus064,0.0
2030,sc01,07-23 14:00:00+02:00,bus106,0.0
2030,sc01,07-23 14:00:00+02:00,bus076,0.0
2030,sc01,07-23 14:00:00+02:00,bus046,0.0
2030,sc01,07-23 14:00:00+02:00,bus007,0.0
2030,sc01,07-23 14:00:00+02:00,bus035,0.0
2030,sc01,07-23 14:00:00+02:00,bus117,0.0
2030,sc01,07-23 14:00:00+02:00,bus041,0.0
2030,sc01,07-23 14:00:00+02:00,bus102,0.0
2030,sc01,07-23 14:00:00+02:00,bus026,0.0
2030,sc01,07-23 14:00:00+02:00,bus077,0.0
2030,sc01,07-23 14:00:00+02:00,bus044,0.0
2030,sc01,07-23 14:00:00+02:00,bus091,0.0
2030,sc01,07-23 14:00:00+02:00,bus062,0.0
2030,sc01,07-24 04:00:00+02:00,bus093,0.0
2030,sc01,07-24 04:00:00+02:00,bus097,0.0
2030,sc01,07-24 04:00:00+02:00,bus110,0.0
2030,sc01,07-24 04:00:00+02:00,bus042,0.0
2030,sc01,07-24 04:00:00+02:00,bus066,0.0
2030,sc01,07-24 04:00:00+02:00,bus059,0.0
2030,sc01,07-24 04:00:00+02:00,bus057,0.0
2030,sc01,07-24 04:00:00+02:00,bus067,0.0
2030,sc01,07-24 04:00:00+02:00,bus069,0.0
2030,sc01,07-24 04:00:00+02:00,bus014,0.0
2030,sc01,07-24 04:00:00+02:00,bus090,0.0
2030,sc01,07-24 04:00:00+02:00,bus002,0.0
2030,sc01,07-24 04:00:00+02:00,bus005,0.0
2030,sc01,07-24 04:00:00+02:00,bus109,0.0
2030,sc01,07-24 04:00:00+02:00,bus020,0.0
2030,sc01,07-24 04:00:00+02:00,bus065,0.0
2030,sc01,07-24 04:00:00+02:00,bus001,0.0
2030,sc01,07-24 04:00:00+02:00,bus017,0.0
2030,sc01,07-24 04:00:00+02:00,bus015,0.0
2030,sc01,07-24 04:00:00+02:00,bus054,0.0
2030,sc01,07-24 04:00:00+02:00,bus086,0.0
2030,sc01,07-24 04:00:00+02:00,bus032,0.0
2030,sc01,07-24 04:00:00+02:00,bus038,0.0
2030,sc01,07-24 04:00:00+02:00,bus108,0.0
2030,sc01,07-24 04:00:00+02:00,bus087,0.0
2030,sc01,07-24 04:00:00+02:00,bus027,0.0
2030,sc01,07-24 04:00:00+02:00,bus111,0.0
2030,sc01,07-24 04:00:00+02:00,bus025,0.0
2030,sc01,07-24 04:00:00+02:00,bus029,0.0
2030,sc01,07-24 04:00:00+02:00,bus009,0.0
2030,sc01,07-24 04:00:00+02:00,bus043,0.0
2030,sc01,07-24 04:00:00+02:00,bus045,0.0
2030,sc01,07-24 04:00:00+02:00,bus084,0.0
2030,sc01,07-24 04:00:00+02:00,bus013,0.0
2030,sc01,07-24 04:00:00+02:00,bus063,0.0
2030,sc01,07-24 04:00:00+02:00,bus115,0.0
2030,sc01,07-24 04:00:00+02:00,bus010,0.0
2030,sc01,07-24 04:00:00+02:00,bus073,0.0
2030,sc01,07-24 04:00:00+02:00,bus052,0.0
2030,sc01,07-24 04:00:00+02:00,bus096,0.0
2030,sc01,07-24 04:00:00+02:00,bus050,0.0
2030,sc01,07-24 04:00:00+02:00,bus011,0.0
2030,sc01,07-24 04:00:00+02:00,bus055,0.0
2030,sc01,07-24 04:00:00+02:00,bus083,0.0
2030,sc01,07-24 04:00:00+02:00,bus081,0.0
2030,sc01,07-24 04:00:00+02:00,bus022,0.0
2030,sc01,07-24 04:00:00+02:00,bus071,0.0
2030,sc01,07-24 04:00:00+02:00,bus074,0.0
2030,sc01,07-24 04:00:00+02:00,bus040,0.0
2030,sc01,07-24 04:00:00+02:00,bus099,0.0
2030,sc01,07-24 04:00:00+02:00,bus030,0.0
2030,sc01,07-24 04:00:00+02:00,bus098,0.0
2030,sc01,07-24 04:00:00+02:00,bus053,0.0
2030,sc01,07-24 04:00:00+02:00,bus085,0.0
2030,sc01,07-24 04:00:00+02:00,bus101,0.0
2030,sc01,07-24 04:00:00+02:00,bus018,0.0
2030,sc01,07-24 04:00:00+02:00,bus023,0.0
2030,sc01,07-24 04:00:00+02:00,bus088,0.0
2030,sc01,07-24 04:00:00+02:00,bus116,0.0
2030,sc01,07-24 04:00:00+02:00,bus103,0.0
2030,sc01,07-24 04:00:00+02:00,bus008,0.0
2030,sc01,07-24 04:00:00+02:00,bus105,0.0
2030,sc01,07-24 04:00:00+02:00,bus060,0.0
2030,sc01,07-24 04:00:00+02:00,bus016,0.0
2030,sc01,07-24 04:00:00+02:00,bus082,0.0
2030,sc01,07-24 04:00:00+02:00,bus047,0.0
2030,sc01,07-24 04:00:00+02:00,bus019,0.0
2030,sc01,07-24 04:00:00+02:00,bus037,0.0
2030,sc01,07-24 04:00:00+02:00,bus006,0.0
2030,sc01,07-24 04:00:00+02:00,bus080,0.0
2030,sc01,07-24 04:00:00+02:00,bus031,0.0
2030,sc01,07-24 04:00:00+02:00,bus048,0.0
2030,sc01,07-24 04:00:00+02:00,bus107,0.0
2030,sc01,07-24 04:00:00+02:00,bus049,0.0
2030,sc01,07-24 04:00:00+02:00,bus104,0.0
2030,sc01,07-24 04:00:00+02:00,bus100,0.0
2030,sc01,07-24 04:00:00+02:00,bus072,0.0
2030,sc01,07-24 04:00:00+02:00,bus039,0.0
2030,sc01,07-24 04:00:00+02:00,bus012,0.0
2030,sc01,07-24 04:00:00+02:00,bus114,0.0
2030,sc01,07-24 04:00:00+02:00,bus112,0.0
2030,sc01,07-24 04:00:00+02:00,bus058,0.0
2030,sc01,07-24 04:00:00+02:00,bus089,0.0
2030,sc01,07-24 04:00:00+02:00,bus051,0.0
2030,sc01,07-24 04:00:00+02:00,bus056,0.0
2030,sc01,07-24 04:00:00+02:00,bus092,0.0
2030,sc01,07-24 04:00:00+02:00,bus036,0.0
2030,sc01,07-24 04:00:00+02:00,bus094,0.0
2030,sc01,07-24 04:00:00+02:00,bus095,0.0
2030,sc01,07-24 04:00:00+02:00,bus113,0.0
2030,sc01,07-24 04:00:00+02:00,bus024,0.0
2030,sc01,07-24 04:00:00+02:00,bus078,0.0
2030,sc01,07-24 04:00:00+02:00,bus033,0.0
2030,sc01,07-24 04:00:00+02:00,bus079,0.0
2030,sc01,07-24 04:00:00+02:00,bus061,0.0
2030,sc01,07-24 04:00:00+02:00,bus118,0.0
2030,sc01,07-24 04:00:00+02:00,bus003,0.0
2030,sc01,07-24 04:00:00+02:00,bus070,0.0
2030,sc01,07-24 04:00:00+02:00,bus004,0.0
2030,sc01,07-24 04:00:00+02:00,bus021,0.0
2030,sc01,07-24 04:00:00+02:00,bus068,0.0
2030,sc01,07-24 04:00:00+02:00,bus028,0.0
2030,sc01,07-24 04:00:00+02:00,bus034,0.0
2030,sc01,07-24 04:00:00+02:00,bus075,0.0
2030,sc01,07-24 04:00:00+02:00,bus064,0.0
2030,sc01,07-24 04:00:00+02:00,bus106,0.0
2030,sc01,07-24 04:00:00+02:00,bus076,0.0
2030,sc01,07-24 04:00:00+02:00,bus046,0.0
2030,sc01,07-24 04:00:00+02:00,bus007,0.0
2030,sc01,07-24 04:00:00+02:00,bus035,0.0
2030,sc01,07-24 04:00:00+02:00,bus117,0.0
2030,sc01,07-24 04:00:00+02:00,bus041,0.0
2030,sc01,07-24 04:00:00+02:00,bus102,0.0
2030,sc01,07-24 04:00:00+02:00,bus026,0.0
2030,sc01,07-24 04:00:00+02:00,bus077,0.0
2030,sc01,07-24 04:00:00+02:00,bus044,0.0
2030,sc01,07-24 04:00:00+02:00,bus091,0.0
2030,sc01,07-24 04:00:00+02:00,bus062,0.0
2030,sc01,07-24 09:00:00+02:00,bus093,0.0
2030,sc01,07-24 09:00:00+02:00,bus097,0.0
2030,sc01,07-24 09:00:00+02:00,bus110,0.0
2030,sc01,07-24 09:00:00+02:00,bus042,0.0
2030,sc01,07-24 09:00:00+02:00,bus066,0.0
2030,sc01,07-24 09:00:00+02:00,bus059,0.0
2030,sc01,07-24 09:00:00+02:00,bus057,0.0
2030,sc01,07-24 09:00:00+02:00,bus067,0.0
2030,sc01,07-24 09:00:00+02:00,bus069,0.0
2030,sc01,07-24 09:00:00+02:00,bus014,0.0
2030,sc01,07-24 09:00:00+02:00,bus090,0.0
2030,sc01,07-24 09:00:00+02:00,bus002,0.0
2030,sc01,07-24 09:00:00+02:00,bus005,0.0
2030,sc01,07-24 09:00:00+02:00,bus109,0.0
2030,sc01,07-24 09:00:00+02:00,bus020,0.0
2030,sc01,07-24 09:00:00+02:00,bus065,0.0
2030,sc01,07-24 09:00:00+02:00,bus001,0.0
2030,sc01,07-24 09:00:00+02:00,bus017,0.0
2030,sc01,07-24 09:00:00+02:00,bus015,0.0
2030,sc01,07-24 09:00:00+02:00,bus054,0.0
2030,sc01,07-24 09:00:00+02:00,bus086,0.0
2030,sc01,07-24 09:00:00+02:00,bus032,0.0
2030,sc01,07-24 09:00:00+02:00,bus038,0.0
2030,sc01,07-24 09:00:00+02:00,bus108,0.0
2030,sc01,07-24 09:00:00+02:00,bus087,0.0
2030,sc01,07-24 09:00:00+02:00,bus027,0.0
2030,sc01,07-24 09:00:00+02:00,bus111,0.0
2030,sc01,07-24 09:00:00+02:00,bus025,0.0
2030,sc01,07-24 09:00:00+02:00,bus029,0.0
2030,sc01,07-24 09:00:00+02:00,bus009,0.0
2030,sc01,07-24 09:00:00+02:00,bus043,0.0
2030,sc01,07-24 09:00:00+02:00,bus045,0.0
2030,sc01,07-24 09:00:00+02:00,bus084,0.0
2030,sc01,07-24 09:00:00+02:00,bus013,0.0
2030,sc01,07-24 09:00:00+02:00,bus063,0.0
2030,sc01,07-24 09:00:00+02:00,bus115,0.0
2030,sc01,07-24 09:00:00+02:00,bus010,0.0
2030,sc01,07-24 09:00:00+02:00,bus073,0.0
2030,sc01,07-24 09:00:00+02:00,bus052,0.0
2030,sc01,07-24 09:00:00+02:00,bus096,0.0
2030,sc01,07-24 09:00:00+02:00,bus050,0.0
2030,sc01,07-24 09:00:00+02:00,bus011,0.0
2030,sc01,07-24 09:00:00+02:00,bus055,0.0
2030,sc01,07-24 09:00:00+02:00,bus083,0.0
2030,sc01,07-24 09:00:00+02:00,bus081,0.0
2030,sc01,07-24 09:00:00+02:00,bus022,0.0
2030,sc01,07-24 09:00:00+02:00,bus071,0.0
2030,sc01,07-24 09:00:00+02:00,bus074,0.0
2030,sc01,07-24 09:00:00+02:00,bus040,0.0
2030,sc01,07-24 09:00:00+02:00,bus099,0.0
2030,sc01,07-24 09:00:00+02:00,bus030,0.0
2030,sc01,07-24 09:00:00+02:00,bus098,0.0
2030,sc01,07-24 09:00:00+02:00,bus053,0.0
2030,sc01,07-24 09:00:00+02:00,bus085,0.0
2030,sc01,07-24 09:00:00+02:00,bus101,0.0
2030,sc01,07-24 09:00:00+02:00,bus018,0.0
2030,sc01,07-24 09:00:00+02:00,bus023,0.0
2030,sc01,07-24 09:00:00+02:00,bus088,0.0
2030,sc01,07-24 09:00:00+02:00,bus116,0.0
2030,sc01,07-24 09:00:00+02:00,bus103,0.0
2030,sc01,07-24 09:00:00+02:00,bus008,0.0
2030,sc01,07-24 09:00:00+02:00,bus105,0.0
2030,sc01,07-24 09:00:00+02:00,bus060,0.0
2030,sc01,07-24 09:00:00+02:00,bus016,0.0
2030,sc01,07-24 09:00:00+02:00,bus082,0.0
2030,sc01,07-24 09:00:00+02:00,bus047,0.0
2030,sc01,07-24 09:00:00+02:00,bus019,0.0
2030,sc01,07-24 09:00:00+02:00,bus037,0.0
2030,sc01,07-24 09:00:00+02:00,bus006,0.0
2030,sc01,07-24 09:00:00+02:00,bus080,0.0
2030,sc01,07-24 09:00:00+02:00,bus031,0.0
2030,sc01,07-24 09:00:00+02:00,bus048,0.0
2030,sc01,07-24 09:00:00+02:00,bus107,0.0
2030,sc01,07-24 09:00:00+02:00,bus049,0.0
2030,sc01,07-24 09:00:00+02:00,bus104,0.0
2030,sc01,07-24 09:00:00+02:00,bus100,0.0
2030,sc01,07-24 09:00:00+02:00,bus072,0.0
2030,sc01,07-24 09:00:00+02:00,bus039,0.0
2030,sc01,07-24 09:00:00+02:00,bus012,0.0
2030,sc01,07-24 09:00:00+02:00,bus114,0.0
2030,sc01,07-24 09:00:00+02:00,bus112,0.0
2030,sc01,07-24 09:00:00+02:00,bus058,0.0
2030,sc01,07-24 09:00:00+02:00,bus089,0.0
2030,sc01,07-24 09:00:00+02:00,bus051,0.0
2030,sc01,07-24 09:00:00+02:00,bus056,0.0
2030,sc01,07-24 09:00:00+02:00,bus092,0.0
2030,sc01,07-24 09:00:00+02:00,bus036,0.0
2030,sc01,07-24 09:00:00+02:00,bus094,0.0
2030,sc01,07-24 09:00:00+02:00,bus095,0.0
2030,sc01,07-24 09:00:00+02:00,bus113,0.0
2030,sc01,07-24 09:00:00+02:00,bus024,0.0
2030,sc01,07-24 09:00:00+02:00,bus078,0.0
2030,sc01,07-24 09:00:00+02:00,bus033,0.0
2030,sc01,07-24 09:00:00+02:00,bus079,0.0
2030,sc01,07-24 09:00:00+02:00,bus061,0.0
2030,sc01,07-24 09:00:00+02:00,bus118,0.0
2030,sc01,07-24 09:00:00+02:00,bus003,0.0
2030,sc01,07-24 09:00:00+02:00,bus070,0.0
2030,sc01,07-24 09:00:00+02:00,bus004,0.0
2030,sc01,07-24 09:00:00+02:00,bus021,0.0
2030,sc01,07-24 09:00:00+02:00,bus068,0.0
2030,sc01,07-24 09:00:00+02:00,bus028,0.0
2030,sc01,07-24 09:00:00+02:00,bus034,0.0
2030,sc01,07-24 09:00:00+02:00,bus075,0.0
2030,sc01,07-24 09:00:00+02:00,bus064,0.0
2030,sc01,07-24 09:00:00+02:00,bus106,0.0
2030,sc01,07-24 09:00:00+02:00,bus076,0.0
2030,sc01,07-24 09:00:00+02:00,bus046,0.0
2030,sc01,07-24 09:00:00+02:00,bus007,0.0
2030,sc01,07-24 09:00:00+02:00,bus035,0.0
2030,sc01,07-24 09:00:00+02:00,bus117,0.0
2030,sc01,07-24 09:00:00+02:00,bus041,0.0
2030,sc01,07-24 09:00:00+02:00,bus102,0.0
2030,sc01,07-24 09:00:00+02:00,bus026,0.0
2030,sc01,07-24 09:00:00+02:00,bus077,0.0
2030,sc01,07-24 09:00:00+02:00,bus044,0.0
2030,sc01,07-24 09:00:00+02:00,bus091,0.0
2030,sc01,07-24 09:00:00+02:00,bus062,0.0
2030,sc01,07-26 07:00:00+02:00,bus093,0.0
2030,sc01,07-26 07:00:00+02:00,bus097,0.0
2030,sc01,07-26 07:00:00+02:00,bus110,0.0
2030,sc01,07-26 07:00:00+02:00,bus042,0.0
2030,sc01,07-26 07:00:00+02:00,bus066,0.0
2030,sc01,07-26 07:00:00+02:00,bus059,0.0
2030,sc01,07-26 07:00:00+02:00,bus057,0.0
2030,sc01,07-26 07:00:00+02:00,bus067,0.0
2030,sc01,07-26 07:00:00+02:00,bus069,0.0
2030,sc01,07-26 07:00:00+02:00,bus014,0.0
2030,sc01,07-26 07:00:00+02:00,bus090,0.0
2030,sc01,07-26 07:00:00+02:00,bus002,0.0
2030,sc01,07-26 07:00:00+02:00,bus005,0.0
2030,sc01,07-26 07:00:00+02:00,bus109,0.0
2030,sc01,07-26 07:00:00+02:00,bus020,0.0
2030,sc01,07-26 07:00:00+02:00,bus065,0.0
2030,sc01,07-26 07:00:00+02:00,bus001,0.0
2030,sc01,07-26 07:00:00+02:00,bus017,0.0
2030,sc01,07-26 07:00:00+02:00,bus015,0.0
2030,sc01,07-26 07:00:00+02:00,bus054,0.0
2030,sc01,07-26 07:00:00+02:00,bus086,0.0
2030,sc01,07-26 07:00:00+02:00,bus032,0.0
2030,sc01,07-26 07:00:00+02:00,bus038,0.0
2030,sc01,07-26 07:00:00+02:00,bus108,0.0
2030,sc01,07-26 07:00:00+02:00,bus087,0.0
2030,sc01,07-26 07:00:00+02:00,bus027,0.0
2030,sc01,07-26 07:00:00+02:00,bus111,0.0
2030,sc01,07-26 07:00:00+02:00,bus025,0.0
2030,sc01,07-26 07:00:00+02:00,bus029,0.0
2030,sc01,07-26 07:00:00+02:00,bus009,0.0
2030,sc01,07-26 07:00:00+02:00,bus043,0.0
2030,sc01,07-26 07:00:00+02:00,bus045,0.0
2030,sc01,07-26 07:00:00+02:00,bus084,0.0
2030,sc01,07-26 07:00:00+02:00,bus013,0.0
2030,sc01,07-26 07:00:00+02:00,bus063,0.0
2030,sc01,07-26 07:00:00+02:00,bus115,0.0
2030,sc01,07-26 07:00:00+02:00,bus010,0.0
2030,sc01,07-26 07:00:00+02:00,bus073,0.0
2030,sc01,07-26 07:00:00+02:00,bus052,0.0
2030,sc01,07-26 07:00:00+02:00,bus096,0.0
2030,sc01,07-26 07:00:00+02:00,bus050,0.0
2030,sc01,07-26 07:00:00+02:00,bus011,0.0
2030,sc01,07-26 07:00:00+02:00,bus055,0.0
2030,sc01,07-26 07:00:00+02:00,bus083,0.0
2030,sc01,07-26 07:00:00+02:00,bus081,0.0
2030,sc01,07-26 07:00:00+02:00,bus022,0.0
2030,sc01,07-26 07:00:00+02:00,bus071,0.0
2030,sc01,07-26 07:00:00+02:00,bus074,0.0
2030,sc01,07-26 07:00:00+02:00,bus040,0.0
2030,sc01,07-26 07:00:00+02:00,bus099,0.0
2030,sc01,07-26 07:00:00+02:00,bus030,0.0
2030,sc01,07-26 07:00:00+02:00,bus098,0.0
2030,sc01,07-26 07:00:00+02:00,bus053,0.0
2030,sc01,07-26 07:00:00+02:00,bus085,0.0
2030,sc01,07-26 07:00:00+02:00,bus101,0.0
2030,sc01,07-26 07:00:00+02:00,bus018,0.0
2030,sc01,07-26 07:00:00+02:00,bus023,0.0
2030,sc01,07-26 07:00:00+02:00,bus088,0.0
2030,sc01,07-26 07:00:00+02:00,bus116,0.0
2030,sc01,07-26 07:00:00+02:00,bus103,0.0
2030,sc01,07-26 07:00:00+02:00,bus008,0.0
2030,sc01,07-26 07:00:00+02:00,bus105,0.0
2030,sc01,07-26 07:00:00+02:00,bus060,0.0
2030,sc01,07-26 07:00:00+02:00,bus016,0.0
2030,sc01,07-26 07:00:00+02:00,bus082,0.0
2030,sc01,07-26 07:00:00+02:00,bus047,0.0
2030,sc01,07-26 07:00:00+02:00,bus019,0.0
2030,sc01,07-26 07:00:00+02:00,bus037,0.0
2030,sc01,07-26 07:00:00+02:00,bus006,0.0
2030,sc01,07-26 07:00:00+02:00,bus080,0.0
2030,sc01,07-26 07:00:00+02:00,bus031,0.0
2030,sc01,07-26 07:00:00+02:00,bus048,0.0
2030,sc01,07-26 07:00:00+02:00,bus107,0.0
2030,sc01,07-26 07:00:00+02:00,bus049,0.0
2030,sc01,07-26 07:00:00+02:00,bus104,0.0
2030,sc01,07-26 07:00:00+02:00,bus100,0.0
2030,sc01,07-26 07:00:00+02:00,bus072,0.0
2030,sc01,07-26 07:00:00+02:00,bus039,0.0
2030,sc01,07-26 07:00:00+02:00,bus012,0.0
2030,sc01,07-26 07:00:00+02:00,bus114,0.0
2030,sc01,07-26 07:00:00+02:00,bus112,0.0
2030,sc01,07-26 07:00:00+02:00,bus058,0.0
2030,sc01,07-26 07:00:00+02:00,bus089,0.0
2030,sc01,07-26 07:00:00+02:00,bus051,0.0
2030,sc01,07-26 07:00:00+02:00,bus056,0.0
2030,sc01,07-26 07:00:00+02:00,bus092,0.0
2030,sc01,07-26 07:00:00+02:00,bus036,0.0
2030,sc01,07-26 07:00:00+02:00,bus094,0.0
2030,sc01,07-26 07:00:00+02:00,bus095,0.0
2030,sc01,07-26 07:00:00+02:00,bus113,0.0
2030,sc01,07-26 07:00:00+02:00,bus024,0.0
2030,sc01,07-26 07:00:00+02:00,bus078,0.0
2030,sc01,07-26 07:00:00+02:00,bus033,0.0
2030,sc01,07-26 07:00:00+02:00,bus079,0.0
2030,sc01,07-26 07:00:00+02:00,bus061,0.0
2030,sc01,07-26 07:00:00+02:00,bus118,0.0
2030,sc01,07-26 07:00:00+02:00,bus003,0.0
2030,sc01,07-26 07:00:00+02:00,bus070,0.0
2030,sc01,07-26 07:00:00+02:00,bus004,0.0
2030,sc01,07-26 07:00:00+02:00,bus021,0.0
2030,sc01,07-26 07:00:00+02:00,bus068,0.0
2030,sc01,07-26 07:00:00+02:00,bus028,0.0
2030,sc01,07-26 07:00:00+02:00,bus034,0.0
2030,sc01,07-26 07:00:00+02:00,bus075,0.0
2030,sc01,07-26 07:00:00+02:00,bus064,0.0
2030,sc01,07-26 07:00:00+02:00,bus106,0.0
2030,sc01,07-26 07:00:00+02:00,bus076,0.0
2030,sc01,07-26 07:00:00+02:00,bus046,0.0
2030,sc01,07-26 07:00:00+02:00,bus007,0.0
2030,sc01,07-26 07:00:00+02:00,bus035,0.0
2030,sc01,07-26 07:00:00+02:00,bus117,0.0
2030,sc01,07-26 07:00:00+02:00,bus041,0.0
2030,sc01,07-26 07:00:00+02:00,bus102,0.0
2030,sc01,07-26 07:00:00+02:00,bus026,0.0
2030,sc01,07-26 07:00:00+02:00,bus077,0.0
2030,sc01,07-26 07:00:00+02:00,bus044,0.0
2030,sc01,07-26 07:00:00+02:00,bus091,0.0
2030,sc01,07-26 07:00:00+02:00,bus062,0.0
2030,sc01,07-27 11:00:00+02:00,bus093,0.0
2030,sc01,07-27 11:00:00+02:00,bus097,0.0
2030,sc01,07-27 11:00:00+02:00,bus110,0.0
2030,sc01,07-27 11:00:00+02:00,bus042,0.0
2030,sc01,07-27 11:00:00+02:00,bus066,0.0
2030,sc01,07-27 11:00:00+02:00,bus059,0.0
2030,sc01,07-27 11:00:00+02:00,bus057,0.0
2030,sc01,07-27 11:00:00+02:00,bus067,0.0
2030,sc01,07-27 11:00:00+02:00,bus069,0.0
2030,sc01,07-27 11:00:00+02:00,bus014,0.0
2030,sc01,07-27 11:00:00+02:00,bus090,0.0
2030,sc01,07-27 11:00:00+02:00,bus002,0.0
2030,sc01,07-27 11:00:00+02:00,bus005,0.0
2030,sc01,07-27 11:00:00+02:00,bus109,0.0
2030,sc01,07-27 11:00:00+02:00,bus020,0.0
2030,sc01,07-27 11:00:00+02:00,bus065,0.0
2030,sc01,07-27 11:00:00+02:00,bus001,0.0
2030,sc01,07-27 11:00:00+02:00,bus017,0.0
2030,sc01,07-27 11:00:00+02:00,bus015,0.0
2030,sc01,07-27 11:00:00+02:00,bus054,0.0
2030,sc01,07-27 11:00:00+02:00,bus086,0.0
2030,sc01,07-27 11:00:00+02:00,bus032,0.0
2030,sc01,07-27 11:00:00+02:00,bus038,0.0
2030,sc01,07-27 11:00:00+02:00,bus108,0.0
2030,sc01,07-27 11:00:00+02:00,bus087,0.0
2030,sc01,07-27 11:00:00+02:00,bus027,0.0
2030,sc01,07-27 11:00:00+02:00,bus111,0.0
2030,sc01,07-27 11:00:00+02:00,bus025,0.0
2030,sc01,07-27 11:00:00+02:00,bus029,0.0
2030,sc01,07-27 11:00:00+02:00,bus009,0.0
2030,sc01,07-27 11:00:00+02:00,bus043,0.0
2030,sc01,07-27 11:00:00+02:00,bus045,0.0
2030,sc01,07-27 11:00:00+02:00,bus084,0.0
2030,sc01,07-27 11:00:00+02:00,bus013,0.0
2030,sc01,07-27 11:00:00+02:00,bus063,0.0
2030,sc01,07-27 11:00:00+02:00,bus115,0.0
2030,sc01,07-27 11:00:00+02:00,bus010,0.0
2030,sc01,07-27 11:00:00+02:00,bus073,0.0
2030,sc01,07-27 11:00:00+02:00,bus052,0.0
2030,sc01,07-27 11:00:00+02:00,bus096,0.0
2030,sc01,07-27 11:00:00+02:00,bus050,0.0
2030,sc01,07-27 11:00:00+02:00,bus011,0.0
2030,sc01,07-27 11:00:00+02:00,bus055,0.0
2030,sc01,07-27 11:00:00+02:00,bus083,0.0
2030,sc01,07-27 11:00:00+02:00,bus081,0.0
2030,sc01,07-27 11:00:00+02:00,bus022,0.0
2030,sc01,07-27 11:00:00+02:00,bus071,0.0
2030,sc01,07-27 11:00:00+02:00,bus074,0.0
2030,sc01,07-27 11:00:00+02:00,bus040,0.0
2030,sc01,07-27 11:00:00+02:00,bus099,0.0
2030,sc01,07-27 11:00:00+02:00,bus030,0.0
2030,sc01,07-27 11:00:00+02:00,bus098,0.0
2030,sc01,07-27 11:00:00+02:00,bus053,0.0
2030,sc01,07-27 11:00:00+02:00,bus085,0.0
2030,sc01,07-27 11:00:00+02:00,bus101,0.0
2030,sc01,07-27 11:00:00+02:00,bus018,0.0
2030,sc01,07-27 11:00:00+02:00,bus023,0.0
2030,sc01,07-27 11:00:00+02:00,bus088,0.0
2030,sc01,07-27 11:00:00+02:00,bus116,0.0
2030,sc01,07-27 11:00:00+02:00,bus103,0.0
2030,sc01,07-27 11:00:00+02:00,bus008,0.0
2030,sc01,07-27 11:00:00+02:00,bus105,0.0
2030,sc01,07-27 11:00:00+02:00,bus060,0.0
2030,sc01,07-27 11:00:00+02:00,bus016,0.0
2030,sc01,07-27 11:00:00+02:00,bus082,0.0
2030,sc01,07-27 11:00:00+02:00,bus047,0.0
2030,sc01,07-27 11:00:00+02:00,bus019,0.0
2030,sc01,07-27 11:00:00+02:00,bus037,0.0
2030,sc01,07-27 11:00:00+02:00,bus006,0.0
2030,sc01,07-27 11:00:00+02:00,bus080,0.0
2030,sc01,07-27 11:00:00+02:00,bus031,0.0
2030,sc01,07-27 11:00:00+02:00,bus048,0.0
2030,sc01,07-27 11:00:00+02:00,bus107,0.0
2030,sc01,07-27 11:00:00+02:00,bus049,0.0
2030,sc01,07-27 11:00:00+02:00,bus104,0.0
2030,sc01,07-27 11:00:00+02:00,bus100,0.0
2030,sc01,07-27 11:00:00+02:00,bus072,0.0
2030,sc01,07-27 11:00:00+02:00,bus039,0.0
2030,sc01,07-27 11:00:00+02:00,bus012,0.0
2030,sc01,07-27 11:00:00+02:00,bus114,0.0
2030,sc01,07-27 11:00:00+02:00,bus112,0.0
2030,sc01,07-27 11:00:00+02:00,bus058,0.0
2030,sc01,07-27 11:00:00+02:00,bus089,0.0
2030,sc01,07-27 11:00:00+02:00,bus051,0.0
2030,sc01,07-27 11:00:00+02:00,bus056,0.0
2030,sc01,07-27 11:00:00+02:00,bus092,0.0
2030,sc01,07-27 11:00:00+02:00,bus036,0.0
2030,sc01,07-27 11:00:00+02:00,bus094,0.0
2030,sc01,07-27 11:00:00+02:00,bus095,0.0
2030,sc01,07-27 11:00:00+02:00,bus113,0.0
2030,sc01,07-27 11:00:00+02:00,bus024,0.0
2030,sc01,07-27 11:00:00+02:00,bus078,0.0
2030,sc01,07-27 11:00:00+02:00,bus033,0.0
2030,sc01,07-27 11:00:00+02:00,bus079,0.0
2030,sc01,07-27 11:00:00+02:00,bus061,0.0
2030,sc01,07-27 11:00:00+02:00,bus118,0.0
2030,sc01,07-27 11:00:00+02:00,bus003,0.0
2030,sc01,07-27 11:00:00+02:00,bus070,0.0
2030,sc01,07-27 11:00:00+02:00,bus004,0.0
2030,sc01,07-27 11:00:00+02:00,bus021,0.0
2030,sc01,07-27 11:00:00+02:00,bus068,0.0
2030,sc01,07-27 11:00:00+02:00,bus028,0.0
2030,sc01,07-27 11:00:00+02:00,bus034,0.0
2030,sc01,07-27 11:00:00+02:00,bus075,0.0
2030,sc01,07-27 11:00:00+02:00,bus064,0.0
2030,sc01,07-27 11:00:00+02:00,bus106,0.0
2030,sc01,07-27 11:00:00+02:00,bus076,0.0
2030,sc01,07-27 11:00:00+02:00,bus046,0.0
2030,sc01,07-27 11:00:00+02:00,bus007,0.0
2030,sc01,07-27 11:00:00+02:00,bus035,0.0
2030,sc01,07-27 11:00:00+02:00,bus117,0.0
2030,sc01,07-27 11:00:00+02:00,bus041,0.0
2030,sc01,07-27 11:00:00+02:00,bus102,0.0
2030,sc01,07-27 11:00:00+02:00,bus026,0.0
2030,sc01,07-27 11:00:00+02:00,bus077,0.0
2030,sc01,07-27 11:00:00+02:00,bus044,0.0
2030,sc01,07-27 11:00:00+02:00,bus091,0.0
2030,sc01,07-27 11:00:00+02:00,bus062,0.0
2030,sc01,07-28 12:00:00+02:00,bus093,0.0
2030,sc01,07-28 12:00:00+02:00,bus097,0.0
2030,sc01,07-28 12:00:00+02:00,bus110,0.0
2030,sc01,07-28 12:00:00+02:00,bus042,0.0
2030,sc01,07-28 12:00:00+02:00,bus066,0.0
2030,sc01,07-28 12:00:00+02:00,bus059,0.0
2030,sc01,07-28 12:00:00+02:00,bus057,0.0
2030,sc01,07-28 12:00:00+02:00,bus067,0.0
2030,sc01,07-28 12:00:00+02:00,bus069,0.0
2030,sc01,07-28 12:00:00+02:00,bus014,0.0
2030,sc01,07-28 12:00:00+02:00,bus090,0.0
2030,sc01,07-28 12:00:00+02:00,bus002,0.0
2030,sc01,07-28 12:00:00+02:00,bus005,0.0
2030,sc01,07-28 12:00:00+02:00,bus109,0.0
2030,sc01,07-28 12:00:00+02:00,bus020,0.0
2030,sc01,07-28 12:00:00+02:00,bus065,0.0
2030,sc01,07-28 12:00:00+02:00,bus001,0.0
2030,sc01,07-28 12:00:00+02:00,bus017,0.0
2030,sc01,07-28 12:00:00+02:00,bus015,0.0
2030,sc01,07-28 12:00:00+02:00,bus054,0.0
2030,sc01,07-28 12:00:00+02:00,bus086,0.0
2030,sc01,07-28 12:00:00+02:00,bus032,0.0
2030,sc01,07-28 12:00:00+02:00,bus038,0.0
2030,sc01,07-28 12:00:00+02:00,bus108,0.0
2030,sc01,07-28 12:00:00+02:00,bus087,0.0
2030,sc01,07-28 12:00:00+02:00,bus027,0.0
2030,sc01,07-28 12:00:00+02:00,bus111,0.0
2030,sc01,07-28 12:00:00+02:00,bus025,0.0
2030,sc01,07-28 12:00:00+02:00,bus029,0.0
2030,sc01,07-28 12:00:00+02:00,bus009,0.0
2030,sc01,07-28 12:00:00+02:00,bus043,0.0
2030,sc01,07-28 12:00:00+02:00,bus045,0.0
2030,sc01,07-28 12:00:00+02:00,bus084,0.0
2030,sc01,07-28 12:00:00+02:00,bus013,0.0
2030,sc01,07-28 12:00:00+02:00,bus063,0.0
2030,sc01,07-28 12:00:00+02:00,bus115,0.0
2030,sc01,07-28 12:00:00+02:00,bus010,0.0
2030,sc01,07-28 12:00:00+02:00,bus073,0.0
2030,sc01,07-28 12:00:00+02:00,bus052,0.0
2030,sc01,07-28 12:00:00+02:00,bus096,0.0
2030,sc01,07-28 12:00:00+02:00,bus050,0.0
2030,sc01,07-28 12:00:00+02:00,bus011,0.0
2030,sc01,07-28 12:00:00+02:00,bus055,0.0
2030,sc01,07-28 12:00:00+02:00,bus083,0.0
2030,sc01,07-28 12:00:00+02:00,bus081,0.0
2030,sc01,07-28 12:00:00+02:00,bus022,0.0
2030,sc01,07-28 12:00:00+02:00,bus071,0.0
2030,sc01,07-28 12:00:00+02:00,bus074,0.0
2030,sc01,07-28 12:00:00+02:00,bus040,0.0
2030,sc01,07-28 12:00:00+02:00,bus099,0.0
2030,sc01,07-28 12:00:00+02:00,bus030,0.0
2030,sc01,07-28 12:00:00+02:00,bus098,0.0
2030,sc01,07-28 12:00:00+02:00,bus053,0.0
2030,sc01,07-28 12:00:00+02:00,bus085,0.0
2030,sc01,07-28 12:00:00+02:00,bus101,0.0
2030,sc01,07-28 12:00:00+02:00,bus018,0.0
2030,sc01,07-28 12:00:00+02:00,bus023,0.0
2030,sc01,07-28 12:00:00+02:00,bus088,0.0
2030,sc01,07-28 12:00:00+02:00,bus116,0.0
2030,sc01,07-28 12:00:00+02:00,bus103,0.0
2030,sc01,07-28 12:00:00+02:00,bus008,0.0
2030,sc01,07-28 12:00:00+02:00,bus105,0.0
2030,sc01,07-28 12:00:00+02:00,bus060,0.0
2030,sc01,07-28 12:00:00+02:00,bus016,0.0
2030,sc01,07-28 12:00:00+02:00,bus082,0.0
2030,sc01,07-28 12:00:00+02:00,bus047,0.0
2030,sc01,07-28 12:00:00+02:00,bus019,0.0
2030,sc01,07-28 12:00:00+02:00,bus037,0.0
2030,sc01,07-28 12:00:00+02:00,bus006,0.0
2030,sc01,07-28 12:00:00+02:00,bus080,0.0
2030,sc01,07-28 12:00:00+02:00,bus031,0.0
2030,sc01,07-28 12:00:00+02:00,bus048,0.0
2030,sc01,07-28 12:00:00+02:00,bus107,0.0
2030,sc01,07-28 12:00:00+02:00,bus049,0.0
2030,sc01,07-28 12:00:00+02:00,bus104,0.0
2030,sc01,07-28 12:00:00+02:00,bus100,0.0
2030,sc01,07-28 12:00:00+02:00,bus072,0.0
2030,sc01,07-28 12:00:00+02:00,bus039,0.0
2030,sc01,07-28 12:00:00+02:00,bus012,0.0
2030,sc01,07-28 12:00:00+02:00,bus114,0.0
2030,sc01,07-28 12:00:00+02:00,bus112,0.0
2030,sc01,07-28 12:00:00+02:00,bus058,0.0
2030,sc01,07-28 12:00:00+02:00,bus089,0.0
2030,sc01,07-28 12:00:00+02:00,bus051,0.0
2030,sc01,07-28 12:00:00+02:00,bus056,0.0
2030,sc01,07-28 12:00:00+02:00,bus092,0.0
2030,sc01,07-28 12:00:00+02:00,bus036,0.0
2030,sc01,07-28 12:00:00+02:00,bus094,0.0
2030,sc01,07-28 12:00:00+02:00,bus095,0.0
2030,sc01,07-28 12:00:00+02:00,bus113,0.0
2030,sc01,07-28 12:00:00+02:00,bus024,0.0
2030,sc01,07-28 12:00:00+02:00,bus078,0.0
2030,sc01,07-28 12:00:00+02:00,bus033,0.0
2030,sc01,07-28 12:00:00+02:00,bus079,0.0
2030,sc01,07-28 12:00:00+02:00,bus061,0.0
2030,sc01,07-28 12:00:00+02:00,bus118,0.0
2030,sc01,07-28 12:00:00+02:00,bus003,0.0
2030,sc01,07-28 12:00:00+02:00,bus070,0.0
2030,sc01,07-28 12:00:00+02:00,bus004,0.0
2030,sc01,07-28 12:00:00+02:00,bus021,0.0
2030,sc01,07-28 12:00:00+02:00,bus068,0.0
2030,sc01,07-28 12:00:00+02:00,bus028,0.0
2030,sc01,07-28 12:00:00+02:00,bus034,0.0
2030,sc01,07-28 12:00:00+02:00,bus075,0.0
2030,sc01,07-28 12:00:00+02:00,bus064,0.0
2030,sc01,07-28 12:00:00+02:00,bus106,0.0
2030,sc01,07-28 12:00:00+02:00,bus076,0.0
2030,sc01,07-28 12:00:00+02:00,bus046,0.0
2030,sc01,07-28 12:00:00+02:00,bus007,0.0
2030,sc01,07-28 12:00:00+02:00,bus035,0.0
2030,sc01,07-28 12:00:00+02:00,bus117,0.0
2030,sc01,07-28 12:00:00+02:00,bus041,0.0
2030,sc01,07-28 12:00:00+02:00,bus102,0.0
2030,sc01,07-28 12:00:00+02:00,bus026,0.0
2030,sc01,07-28 12:00:00+02:00,bus077,0.0
2030,sc01,07-28 12:00:00+02:00,bus044,0.0
2030,sc01,07-28 12:00:00+02:00,bus091,0.0
2030,sc01,07-28 12:00:00+02:00,bus062,0.0
2030,sc01,07-29 08:00:00+02:00,bus093,0.0
2030,sc01,07-29 08:00:00+02:00,bus097,0.0
2030,sc01,07-29 08:00:00+02:00,bus110,0.0
2030,sc01,07-29 08:00:00+02:00,bus042,0.0
2030,sc01,07-29 08:00:00+02:00,bus066,0.0
2030,sc01,07-29 08:00:00+02:00,bus059,0.0
2030,sc01,07-29 08:00:00+02:00,bus057,0.0
2030,sc01,07-29 08:00:00+02:00,bus067,0.0
2030,sc01,07-29 08:00:00+02:00,bus069,0.0
2030,sc01,07-29 08:00:00+02:00,bus014,0.0
2030,sc01,07-29 08:00:00+02:00,bus090,0.0
2030,sc01,07-29 08:00:00+02:00,bus002,0.0
2030,sc01,07-29 08:00:00+02:00,bus005,0.0
2030,sc01,07-29 08:00:00+02:00,bus109,0.0
2030,sc01,07-29 08:00:00+02:00,bus020,0.0
2030,sc01,07-29 08:00:00+02:00,bus065,0.0
2030,sc01,07-29 08:00:00+02:00,bus001,0.0
2030,sc01,07-29 08:00:00+02:00,bus017,0.0
2030,sc01,07-29 08:00:00+02:00,bus015,0.0
2030,sc01,07-29 08:00:00+02:00,bus054,0.0
2030,sc01,07-29 08:00:00+02:00,bus086,0.0
2030,sc01,07-29 08:00:00+02:00,bus032,0.0
2030,sc01,07-29 08:00:00+02:00,bus038,0.0
2030,sc01,07-29 08:00:00+02:00,bus108,0.0
2030,sc01,07-29 08:00:00+02:00,bus087,0.0
2030,sc01,07-29 08:00:00+02:00,bus027,0.0
2030,sc01,07-29 08:00:00+02:00,bus111,0.0
2030,sc01,07-29 08:00:00+02:00,bus025,0.0
2030,sc01,07-29 08:00:00+02:00,bus029,0.0
2030,sc01,07-29 08:00:00+02:00,bus009,0.0
2030,sc01,07-29 08:00:00+02:00,bus043,0.0
2030,sc01,07-29 08:00:00+02:00,bus045,0.0
2030,sc01,07-29 08:00:00+02:00,bus084,0.0
2030,sc01,07-29 08:00:00+02:00,bus013,0.0
2030,sc01,07-29 08:00:00+02:00,bus063,0.0
2030,sc01,07-29 08:00:00+02:00,bus115,0.0
2030,sc01,07-29 08:00:00+02:00,bus010,0.0
2030,sc01,07-29 08:00:00+02:00,bus073,0.0
2030,sc01,07-29 08:00:00+02:00,bus052,0.0
2030,sc01,07-29 08:00:00+02:00,bus096,0.0
2030,sc01,07-29 08:00:00+02:00,bus050,0.0
2030,sc01,07-29 08:00:00+02:00,bus011,0.0
2030,sc01,07-29 08:00:00+02:00,bus055,0.0
2030,sc01,07-29 08:00:00+02:00,bus083,0.0
2030,sc01,07-29 08:00:00+02:00,bus081,0.0
2030,sc01,07-29 08:00:00+02:00,bus022,0.0
2030,sc01,07-29 08:00:00+02:00,bus071,0.0
2030,sc01,07-29 08:00:00+02:00,bus074,0.0
2030,sc01,07-29 08:00:00+02:00,bus040,0.0
2030,sc01,07-29 08:00:00+02:00,bus099,0.0
2030,sc01,07-29 08:00:00+02:00,bus030,0.0
2030,sc01,07-29 08:00:00+02:00,bus098,0.0
2030,sc01,07-29 08:00:00+02:00,bus053,0.0
2030,sc01,07-29 08:00:00+02:00,bus085,0.0
2030,sc01,07-29 08:00:00+02:00,bus101,0.0
2030,sc01,07-29 08:00:00+02:00,bus018,0.0
2030,sc01,07-29 08:00:00+02:00,bus023,0.0
2030,sc01,07-29 08:00:00+02:00,bus088,0.0
2030,sc01,07-29 08:00:00+02:00,bus116,0.0
2030,sc01,07-29 08:00:00+02:00,bus103,0.0
2030,sc01,07-29 08:00:00+02:00,bus008,0.0
2030,sc01,07-29 08:00:00+02:00,bus105,0.0
2030,sc01,07-29 08:00:00+02:00,bus060,0.0
2030,sc01,07-29 08:00:00+02:00,bus016,0.0
2030,sc01,07-29 08:00:00+02:00,bus082,0.0
2030,sc01,07-29 08:00:00+02:00,bus047,0.0
2030,sc01,07-29 08:00:00+02:00,bus019,0.0
2030,sc01,07-29 08:00:00+02:00,bus037,0.0
2030,sc01,07-29 08:00:00+02:00,bus006,0.0
2030,sc01,07-29 08:00:00+02:00,bus080,0.0
2030,sc01,07-29 08:00:00+02:00,bus031,0.0
2030,sc01,07-29 08:00:00+02:00,bus048,0.0
2030,sc01,07-29 08:00:00+02:00,bus107,0.0
2030,sc01,07-29 08:00:00+02:00,bus049,0.0
2030,sc01,07-29 08:00:00+02:00,bus104,0.0
2030,sc01,07-29 08:00:00+02:00,bus100,0.0
2030,sc01,07-29 08:00:00+02:00,bus072,0.0
2030,sc01,07-29 08:00:00+02:00,bus039,0.0
2030,sc01,07-29 08:00:00+02:00,bus012,0.0
2030,sc01,07-29 08:00:00+02:00,bus114,0.0
2030,sc01,07-29 08:00:00+02:00,bus112,0.0
2030,sc01,07-29 08:00:00+02:00,bus058,0.0
2030,sc01,07-29 08:00:00+02:00,bus089,0.0
2030,sc01,07-29 08:00:00+02:00,bus051,0.0
2030,sc01,07-29 08:00:00+02:00,bus056,0.0
2030,sc01,07-29 08:00:00+02:00,bus092,0.0
2030,sc01,07-29 08:00:00+02:00,bus036,0.0
2030,sc01,07-29 08:00:00+02:00,bus094,0.0
2030,sc01,07-29 08:00:00+02:00,bus095,0.0
2030,sc01,07-29 08:00:00+02:00,bus113,0.0
2030,sc01,07-29 08:00:00+02:00,bus024,0.0
2030,sc01,07-29 08:00:00+02:00,bus078,0.0
2030,sc01,07-29 08:00:00+02:00,bus033,0.0
2030,sc01,07-29 08:00:00+02:00,bus079,0.0
2030,sc01,07-29 08:00:00+02:00,bus061,0.0
2030,sc01,07-29 08:00:00+02:00,bus118,0.0
2030,sc01,07-29 08:00:00+02:00,bus003,0.0
2030,sc01,07-29 08:00:00+02:00,bus070,0.0
2030,sc01,07-29 08:00:00+02:00,bus004,0.0
2030,sc01,07-29 08:00:00+02:00,bus021,0.0
2030,sc01,07-29 08:00:00+02:00,bus068,0.0
2030,sc01,07-29 08:00:00+02:00,bus028,0.0
2030,sc01,07-29 08:00:00+02:00,bus034,0.0
2030,sc01,07-29 08:00:00+02:00,bus075,0.0
2030,sc01,07-29 08:00:00+02:00,bus064,0.0
2030,sc01,07-29 08:00:00+02:00,bus106,0.0
2030,sc01,07-29 08:00:00+02:00,bus076,0.0
2030,sc01,07-29 08:00:00+02:00,bus046,0.0
2030,sc01,07-29 08:00:00+02:00,bus007,0.0
2030,sc01,07-29 08:00:00+02:00,bus035,0.0
2030,sc01,07-29 08:00:00+02:00,bus117,0.0
2030,sc01,07-29 08:00:00+02:00,bus041,0.0
2030,sc01,07-29 08:00:00+02:00,bus102,0.0
2030,sc01,07-29 08:00:00+02:00,bus026,0.0
2030,sc01,07-29 08:00:00+02:00,bus077,0.0
2030,sc01,07-29 08:00:00+02:00,bus044,0.0
2030,sc01,07-29 08:00:00+02:00,bus091,0.0
2030,sc01,07-29 08:00:00+02:00,bus062,0.0
2030,sc01,07-29 16:00:00+02:00,bus093,0.0
2030,sc01,07-29 16:00:00+02:00,bus097,0.0
2030,sc01,07-29 16:00:00+02:00,bus110,0.0
2030,sc01,07-29 16:00:00+02:00,bus042,0.0
2030,sc01,07-29 16:00:00+02:00,bus066,0.0
2030,sc01,07-29 16:00:00+02:00,bus059,0.0
2030,sc01,07-29 16:00:00+02:00,bus057,0.0
2030,sc01,07-29 16:00:00+02:00,bus067,0.0
2030,sc01,07-29 16:00:00+02:00,bus069,0.0
2030,sc01,07-29 16:00:00+02:00,bus014,0.0
2030,sc01,07-29 16:00:00+02:00,bus090,0.0
2030,sc01,07-29 16:00:00+02:00,bus002,0.0
2030,sc01,07-29 16:00:00+02:00,bus005,0.0
2030,sc01,07-29 16:00:00+02:00,bus109,0.0
2030,sc01,07-29 16:00:00+02:00,bus020,0.0
2030,sc01,07-29 16:00:00+02:00,bus065,0.0
2030,sc01,07-29 16:00:00+02:00,bus001,0.0
2030,sc01,07-29 16:00:00+02:00,bus017,0.0
2030,sc01,07-29 16:00:00+02:00,bus015,0.0
2030,sc01,07-29 16:00:00+02:00,bus054,0.0
2030,sc01,07-29 16:00:00+02:00,bus086,0.0
2030,sc01,07-29 16:00:00+02:00,bus032,0.0
2030,sc01,07-29 16:00:00+02:00,bus038,0.0
2030,sc01,07-29 16:00:00+02:00,bus108,0.0
2030,sc01,07-29 16:00:00+02:00,bus087,0.0
2030,sc01,07-29 16:00:00+02:00,bus027,0.0
2030,sc01,07-29 16:00:00+02:00,bus111,0.0
2030,sc01,07-29 16:00:00+02:00,bus025,0.0
2030,sc01,07-29 16:00:00+02:00,bus029,0.0
2030,sc01,07-29 16:00:00+02:00,bus009,0.0
2030,sc01,07-29 16:00:00+02:00,bus043,0.0
2030,sc01,07-29 16:00:00+02:00,bus045,0.0
2030,sc01,07-29 16:00:00+02:00,bus084,0.0
2030,sc01,07-29 16:00:00+02:00,bus013,0.0
2030,sc01,07-29 16:00:00+02:00,bus063,0.0
2030,sc01,07-29 16:00:00+02:00,bus115,0.0
2030,sc01,07-29 16:00:00+02:00,bus010,0.0
2030,sc01,07-29 16:00:00+02:00,bus073,0.0
2030,sc01,07-29 16:00:00+02:00,bus052,0.0
2030,sc01,07-29 16:00:00+02:00,bus096,0.0
2030,sc01,07-29 16:00:00+02:00,bus050,0.0
2030,sc01,07-29 16:00:00+02:00,bus011,0.0
2030,sc01,07-29 16:00:00+02:00,bus055,0.0
2030,sc01,07-29 16:00:00+02:00,bus083,0.0
2030,sc01,07-29 16:00:00+02:00,bus081,0.0
2030,sc01,07-29 16:00:00+02:00,bus022,0.0
2030,sc01,07-29 16:00:00+02:00,bus071,0.0
2030,sc01,07-29 16:00:00+02:00,bus074,0.0
2030,sc01,07-29 16:00:00+02:00,bus040,0.0
2030,sc01,07-29 16:00:00+02:00,bus099,0.0
2030,sc01,07-29 16:00:00+02:00,bus030,0.0
2030,sc01,07-29 16:00:00+02:00,bus098,0.0
2030,sc01,07-29 16:00:00+02:00,bus053,0.0
2030,sc01,07-29 16:00:00+02:00,bus085,0.0
2030,sc01,07-29 16:00:00+02:00,bus101,0.0
2030,sc01,07-29 16:00:00+02:00,bus018,0.0
2030,sc01,07-29 16:00:00+02:00,bus023,0.0
2030,sc01,07-29 16:00:00+02:00,bus088,0.0
2030,sc01,07-29 16:00:00+02:00,bus116,0.0
2030,sc01,07-29 16:00:00+02:00,bus103,0.0
2030,sc01,07-29 16:00:00+02:00,bus008,0.0
2030,sc01,07-29 16:00:00+02:00,bus105,0.0
2030,sc01,07-29 16:00:00+02:00,bus060,0.0
2030,sc01,07-29 16:00:00+02:00,bus016,0.0
2030,sc01,07-29 16:00:00+02:00,bus082,0.0
2030,sc01,07-29 16:00:00+02:00,bus047,0.0
2030,sc01,07-29 16:00:00+02:00,bus019,0.0
2030,sc01,07-29 16:00:00+02:00,bus037,0.0
2030,sc01,07-29 16:00:00+02:00,bus006,0.0
2030,sc01,07-29 16:00:00+02:00,bus080,0.0
2030,sc01,07-29 16:00:00+02:00,bus031,0.0
2030,sc01,07-29 16:00:00+02:00,bus048,0.0
2030,sc01,07-29 16:00:00+02:00,bus107,0.0
2030,sc01,07-29 16:00:00+02:00,bus049,0.0
2030,sc01,07-29 16:00:00+02:00,bus104,0.0
2030,sc01,07-29 16:00:00+02:00,bus100,0.0
2030,sc01,07-29 16:00:00+02:00,bus072,0.0
2030,sc01,07-29 16:00:00+02:00,bus039,0.0
2030,sc01,07-29 16:00:00+02:00,bus012,0.0
2030,sc01,07-29 16:00:00+02:00,bus114,0.0
2030,sc01,07-29 16:00:00+02:00,bus112,0.0
2030,sc01,07-29 16:00:00+02:00,bus058,0.0
2030,sc01,07-29 16:00:00+02:00,bus089,0.0
2030,sc01,07-29 16:00:00+02:00,bus051,0.0
2030,sc01,07-29 16:00:00+02:00,bus056,0.0
2030,sc01,07-29 16:00:00+02:00,bus092,0.0
2030,sc01,07-29 16:00:00+02:00,bus036,0.0
2030,sc01,07-29 16:00:00+02:00,bus094,0.0
2030,sc01,07-29 16:00:00+02:00,bus095,0.0
2030,sc01,07-29 16:00:00+02:00,bus113,0.0
2030,sc01,07-29 16:00:00+02:00,bus024,0.0
2030,sc01,07-29 16:00:00+02:00,bus078,0.0
2030,sc01,07-29 16:00:00+02:00,bus033,0.0
2030,sc01,07-29 16:00:00+02:00,bus079,0.0
2030,sc01,07-29 16:00:00+02:00,bus061,0.0
2030,sc01,07-29 16:00:00+02:00,bus118,0.0
2030,sc01,07-29 16:00:00+02:00,bus003,0.0
2030,sc01,07-29 16:00:00+02:00,bus070,0.0
2030,sc01,07-29 16:00:00+02:00,bus004,0.0
2030,sc01,07-29 16:00:00+02:00,bus021,0.0
2030,sc01,07-29 16:00:00+02:00,bus068,0.0
2030,sc01,07-29 16:00:00+02:00,bus028,0.0
2030,sc01,07-29 16:00:00+02:00,bus034,0.0
2030,sc01,07-29 16:00:00+02:00,bus075,0.0
2030,sc01,07-29 16:00:00+02:00,bus064,0.0
2030,sc01,07-29 16:00:00+02:00,bus106,0.0
2030,sc01,07-29 16:00:00+02:00,bus076,0.0
2030,sc01,07-29 16:00:00+02:00,bus046,0.0
2030,sc01,07-29 16:00:00+02:00,bus007,0.0
2030,sc01,07-29 16:00:00+02:00,bus035,0.0
2030,sc01,07-29 16:00:00+02:00,bus117,0.0
2030,sc01,07-29 16:00:00+02:00,bus041,0.0
2030,sc01,07-29 16:00:00+02:00,bus102,0.0
2030,sc01,07-29 16:00:00+02:00,bus026,0.0
2030,sc01,07-29 16:00:00+02:00,bus077,0.0
2030,sc01,07-29 16:00:00+02:00,bus044,0.0
2030,sc01,07-29 16:00:00+02:00,bus091,0.0
2030,sc01,07-29 16:00:00+02:00,bus062,0.0
2030,sc01,07-31 08:00:00+02:00,bus093,0.0
2030,sc01,07-31 08:00:00+02:00,bus097,0.0
2030,sc01,07-31 08:00:00+02:00,bus110,0.0
2030,sc01,07-31 08:00:00+02:00,bus042,0.0
2030,sc01,07-31 08:00:00+02:00,bus066,0.0
2030,sc01,07-31 08:00:00+02:00,bus059,0.0
2030,sc01,07-31 08:00:00+02:00,bus057,0.0
2030,sc01,07-31 08:00:00+02:00,bus067,0.0
2030,sc01,07-31 08:00:00+02:00,bus069,0.0
2030,sc01,07-31 08:00:00+02:00,bus014,0.0
2030,sc01,07-31 08:00:00+02:00,bus090,0.0
2030,sc01,07-31 08:00:00+02:00,bus002,0.0
2030,sc01,07-31 08:00:00+02:00,bus005,0.0
2030,sc01,07-31 08:00:00+02:00,bus109,0.0
2030,sc01,07-31 08:00:00+02:00,bus020,0.0
2030,sc01,07-31 08:00:00+02:00,bus065,0.0
2030,sc01,07-31 08:00:00+02:00,bus001,0.0
2030,sc01,07-31 08:00:00+02:00,bus017,0.0
2030,sc01,07-31 08:00:00+02:00,bus015,0.0
2030,sc01,07-31 08:00:00+02:00,bus054,0.0
2030,sc01,07-31 08:00:00+02:00,bus086,0.0
2030,sc01,07-31 08:00:00+02:00,bus032,0.0
2030,sc01,07-31 08:00:00+02:00,bus038,0.0
2030,sc01,07-31 08:00:00+02:00,bus108,0.0
2030,sc01,07-31 08:00:00+02:00,bus087,0.0
2030,sc01,07-31 08:00:00+02:00,bus027,0.0
2030,sc01,07-31 08:00:00+02:00,bus111,0.0
2030,sc01,07-31 08:00:00+02:00,bus025,0.0
2030,sc01,07-31 08:00:00+02:00,bus029,0.0
2030,sc01,07-31 08:00:00+02:00,bus009,0.0
2030,sc01,07-31 08:00:00+02:00,bus043,0.0
2030,sc01,07-31 08:00:00+02:00,bus045,0.0
2030,sc01,07-31 08:00:00+02:00,bus084,0.0
2030,sc01,07-31 08:00:00+02:00,bus013,0.0
2030,sc01,07-31 08:00:00+02:00,bus063,0.0
2030,sc01,07-31 08:00:00+02:00,bus115,0.0
2030,sc01,07-31 08:00:00+02:00,bus010,0.0
2030,sc01,07-31 08:00:00+02:00,bus073,0.0
2030,sc01,07-31 08:00:00+02:00,bus052,0.0
2030,sc01,07-31 08:00:00+02:00,bus096,0.0
2030,sc01,07-31 08:00:00+02:00,bus050,0.0
2030,sc01,07-31 08:00:00+02:00,bus011,0.0
2030,sc01,07-31 08:00:00+02:00,bus055,0.0
2030,sc01,07-31 08:00:00+02:00,bus083,0.0
2030,sc01,07-31 08:00:00+02:00,bus081,0.0
2030,sc01,07-31 08:00:00+02:00,bus022,0.0
2030,sc01,07-31 08:00:00+02:00,bus071,0.0
2030,sc01,07-31 08:00:00+02:00,bus074,0.0
2030,sc01,07-31 08:00:00+02:00,bus040,0.0
2030,sc01,07-31 08:00:00+02:00,bus099,0.0
2030,sc01,07-31 08:00:00+02:00,bus030,0.0
2030,sc01,07-31 08:00:00+02:00,bus098,0.0
2030,sc01,07-31 08:00:00+02:00,bus053,0.0
2030,sc01,07-31 08:00:00+02:00,bus085,0.0
2030,sc01,07-31 08:00:00+02:00,bus101,0.0
2030,sc01,07-31 08:00:00+02:00,bus018,0.0
2030,sc01,07-31 08:00:00+02:00,bus023,0.0
2030,sc01,07-31 08:00:00+02:00,bus088,0.0
2030,sc01,07-31 08:00:00+02:00,bus116,0.0
2030,sc01,07-31 08:00:00+02:00,bus103,0.0
2030,sc01,07-31 08:00:00+02:00,bus008,0.0
2030,sc01,07-31 08:00:00+02:00,bus105,0.0
2030,sc01,07-31 08:00:00+02:00,bus060,0.0
2030,sc01,07-31 08:00:00+02:00,bus016,0.0
2030,sc01,07-31 08:00:00+02:00,bus082,0.0
2030,sc01,07-31 08:00:00+02:00,bus047,0.0
2030,sc01,07-31 08:00:00+02:00,bus019,0.0
2030,sc01,07-31 08:00:00+02:00,bus037,0.0
2030,sc01,07-31 08:00:00+02:00,bus006,0.0
2030,sc01,07-31 08:00:00+02:00,bus080,0.0
2030,sc01,07-31 08:00:00+02:00,bus031,0.0
2030,sc01,07-31 08:00:00+02:00,bus048,0.0
2030,sc01,07-31 08:00:00+02:00,bus107,0.0
2030,sc01,07-31 08:00:00+02:00,bus049,0.0
2030,sc01,07-31 08:00:00+02:00,bus104,0.0
2030,sc01,07-31 08:00:00+02:00,bus100,0.0
2030,sc01,07-31 08:00:00+02:00,bus072,0.0
2030,sc01,07-31 08:00:00+02:00,bus039,0.0
2030,sc01,07-31 08:00:00+02:00,bus012,0.0
2030,sc01,07-31 08:00:00+02:00,bus114,0.0
2030,sc01,07-31 08:00:00+02:00,bus112,0.0
2030,sc01,07-31 08:00:00+02:00,bus058,0.0
2030,sc01,07-31 08:00:00+02:00,bus089,0.0
2030,sc01,07-31 08:00:00+02:00,bus051,0.0
2030,sc01,07-31 08:00:00+02:00,bus056,0.0
2030,sc01,07-31 08:00:00+02:00,bus092,0.0
2030,sc01,07-31 08:00:00+02:00,bus036,0.0
2030,sc01,07-31 08:00:00+02:00,bus094,0.0
2030,sc01,07-31 08:00:00+02:00,bus095,0.0
2030,sc01,07-31 08:00:00+02:00,bus113,0.0
2030,sc01,07-31 08:00:00+02:00,bus024,0.0
2030,sc01,07-31 08:00:00+02:00,bus078,0.0
2030,sc01,07-31 08:00:00+02:00,bus033,0.0
2030,sc01,07-31 08:00:00+02:00,bus079,0.0
2030,sc01,07-31 08:00:00+02:00,bus061,0.0
2030,sc01,07-31 08:00:00+02:00,bus118,0.0
2030,sc01,07-31 08:00:00+02:00,bus003,0.0
2030,sc01,07-31 08:00:00+02:00,bus070,0.0
2030,sc01,07-31 08:00:00+02:00,bus004,0.0
2030,sc01,07-31 08:00:00+02:00,bus021,0.0
2030,sc01,07-31 08:00:00+02:00,bus068,0.0
2030,sc01,07-31 08:00:00+02:00,bus028,0.0
2030,sc01,07-31 08:00:00+02:00,bus034,0.0
2030,sc01,07-31 08:00:00+02:00,bus075,0.0
2030,sc01,07-31 08:00:00+02:00,bus064,0.0
2030,sc01,07-31 08:00:00+02:00,bus106,0.0
2030,sc01,07-31 08:00:00+02:00,bus076,0.0
2030,sc01,07-31 08:00:00+02:00,bus046,0.0
2030,sc01,07-31 08:00:00+02:00,bus007,0.0
2030,sc01,07-31 08:00:00+02:00,bus035,0.0
2030,sc01,07-31 08:00:00+02:00,bus117,0.0
2030,sc01,07-31 08:00:00+02:00,bus041,0.0
2030,sc01,07-31 08:00:00+02:00,bus102,0.0
2030,sc01,07-31 08:00:00+02:00,bus026,0.0
2030,sc01,07-31 08:00:00+02:00,bus077,0.0
2030,sc01,07-31 08:00:00+02:00,bus044,0.0
2030,sc01,07-31 08:00:00+02:00,bus091,0.0
2030,sc01,07-31 08:00:00+02:00,bus062,0.0
2030,sc01,07-31 18:00:00+02:00,bus093,0.0
2030,sc01,07-31 18:00:00+02:00,bus097,0.0
2030,sc01,07-31 18:00:00+02:00,bus110,0.0
2030,sc01,07-31 18:00:00+02:00,bus042,0.0
2030,sc01,07-31 18:00:00+02:00,bus066,0.0
2030,sc01,07-31 18:00:00+02:00,bus059,0.0
2030,sc01,07-31 18:00:00+02:00,bus057,0.0
2030,sc01,07-31 18:00:00+02:00,bus067,0.0
2030,sc01,07-31 18:00:00+02:00,bus069,0.0
2030,sc01,07-31 18:00:00+02:00,bus014,0.0
2030,sc01,07-31 18:00:00+02:00,bus090,0.0
2030,sc01,07-31 18:00:00+02:00,bus002,0.0
2030,sc01,07-31 18:00:00+02:00,bus005,0.0
2030,sc01,07-31 18:00:00+02:00,bus109,0.0
2030,sc01,07-31 18:00:00+02:00,bus020,0.0
2030,sc01,07-31 18:00:00+02:00,bus065,0.0
2030,sc01,07-31 18:00:00+02:00,bus001,0.0
2030,sc01,07-31 18:00:00+02:00,bus017,0.0
2030,sc01,07-31 18:00:00+02:00,bus015,0.0
2030,sc01,07-31 18:00:00+02:00,bus054,0.0
2030,sc01,07-31 18:00:00+02:00,bus086,0.0
2030,sc01,07-31 18:00:00+02:00,bus032,0.0
2030,sc01,07-31 18:00:00+02:00,bus038,0.0
2030,sc01,07-31 18:00:00+02:00,bus108,0.0
2030,sc01,07-31 18:00:00+02:00,bus087,0.0
2030,sc01,07-31 18:00:00+02:00,bus027,0.0
2030,sc01,07-31 18:00:00+02:00,bus111,0.0
2030,sc01,07-31 18:00:00+02:00,bus025,0.0
2030,sc01,07-31 18:00:00+02:00,bus029,0.0
2030,sc01,07-31 18:00:00+02:00,bus009,0.0
2030,sc01,07-31 18:00:00+02:00,bus043,0.0
2030,sc01,07-31 18:00:00+02:00,bus045,0.0
2030,sc01,07-31 18:00:00+02:00,bus084,0.0
2030,sc01,07-31 18:00:00+02:00,bus013,0.0
2030,sc01,07-31 18:00:00+02:00,bus063,0.0
2030,sc01,07-31 18:00:00+02:00,bus115,0.0
2030,sc01,07-31 18:00:00+02:00,bus010,0.0
2030,sc01,07-31 18:00:00+02:00,bus073,0.0
2030,sc01,07-31 18:00:00+02:00,bus052,0.0
2030,sc01,07-31 18:00:00+02:00,bus096,0.0
2030,sc01,07-31 18:00:00+02:00,bus050,0.0
2030,sc01,07-31 18:00:00+02:00,bus011,0.0
2030,sc01,07-31 18:00:00+02:00,bus055,0.0
2030,sc01,07-31 18:00:00+02:00,bus083,0.0
2030,sc01,07-31 18:00:00+02:00,bus081,0.0
2030,sc01,07-31 18:00:00+02:00,bus022,0.0
2030,sc01,07-31 18:00:00+02:00,bus071,0.0
2030,sc01,07-31 18:00:00+02:00,bus074,0.0
2030,sc01,07-31 18:00:00+02:00,bus040,0.0
2030,sc01,07-31 18:00:00+02:00,bus099,0.0
2030,sc01,07-31 18:00:00+02:00,bus030,0.0
2030,sc01,07-31 18:00:00+02:00,bus098,0.0
2030,sc01,07-31 18:00:00+02:00,bus053,0.0
2030,sc01,07-31 18:00:00+02:00,bus085,0.0
2030,sc01,07-31 18:00:00+02:00,bus101,0.0
2030,sc01,07-31 18:00:00+02:00,bus018,0.0
2030,sc01,07-31 18:00:00+02:00,bus023,0.0
2030,sc01,07-31 18:00:00+02:00,bus088,0.0
2030,sc01,07-31 18:00:00+02:00,bus116,0.0
2030,sc01,07-31 18:00:00+02:00,bus103,0.0
2030,sc01,07-31 18:00:00+02:00,bus008,0.0
2030,sc01,07-31 18:00:00+02:00,bus105,0.0
2030,sc01,07-31 18:00:00+02:00,bus060,0.0
2030,sc01,07-31 18:00:00+02:00,bus016,0.0
2030,sc01,07-31 18:00:00+02:00,bus082,0.0
2030,sc01,07-31 18:00:00+02:00,bus047,0.0
2030,sc01,07-31 18:00:00+02:00,bus019,0.0
2030,sc01,07-31 18:00:00+02:00,bus037,0.0
2030,sc01,07-31 18:00:00+02:00,bus006,0.0
2030,sc01,07-31 18:00:00+02:00,bus080,0.0
2030,sc01,07-31 18:00:00+02:00,bus031,0.0
2030,sc01,07-31 18:00:00+02:00,bus048,0.0
2030,sc01,07-31 18:00:00+02:00,bus107,0.0
2030,sc01,07-31 18:00:00+02:00,bus049,0.0
2030,sc01,07-31 18:00:00+02:00,bus104,0.0
2030,sc01,07-31 18:00:00+02:00,bus100,0.0
2030,sc01,07-31 18:00:00+02:00,bus072,0.0
2030,sc01,07-31 18:00:00+02:00,bus039,0.0
2030,sc01,07-31 18:00:00+02:00,bus012,0.0
2030,sc01,07-31 18:00:00+02:00,bus114,0.0
2030,sc01,07-31 18:00:00+02:00,bus112,0.0
2030,sc01,07-31 18:00:00+02:00,bus058,0.0
2030,sc01,07-31 18:00:00+02:00,bus089,0.0
2030,sc01,07-31 18:00:00+02:00,bus051,0.0
2030,sc01,07-31 18:00:00+02:00,bus056,0.0
2030,sc01,07-31 18:00:00+02:00,bus092,0.0
2030,sc01,07-31 18:00:00+02:00,bus036,0.0
2030,sc01,07-31 18:00:00+02:00,bus094,0.0
2030,sc01,07-31 18:00:00+02:00,bus095,0.0
2030,sc01,07-31 18:00:00+02:00,bus113,0.0
2030,sc01,07-31 18:00:00+02:00,bus024,0.0
2030,sc01,07-31 18:00:00+02:00,bus078,0.0
2030,sc01,07-31 18:00:00+02:00,bus033,0.0
2030,sc01,07-31 18:00:00+02:00,bus079,0.0
2030,sc01,07-31 18:00:00+02:00,bus061,0.0
2030,sc01,07-31 18:00:00+02:00,bus118,0.0
2030,sc01,07-31 18:00:00+02:00,bus003,0.0
2030,sc01,07-31 18:00:00+02:00,bus070,0.0
2030,sc01,07-31 18:00:00+02:00,bus004,0.0
2030,sc01,07-31 18:00:00+02:00,bus021,0.0
2030,sc01,07-31 18:00:00+02:00,bus068,0.0
2030,sc01,07-31 18:00:00+02:00,bus028,0.0
2030,sc01,07-31 18:00:00+02:00,bus034,0.0
2030,sc01,07-31 18:00:00+02:00,bus075,0.0
2030,sc01,07-31 18:00:00+02:00,bus064,0.0
2030,sc01,07-31 18:00:00+02:00,bus106,0.0
2030,sc01,07-31 18:00:00+02:00,bus076,0.0
2030,sc01,07-31 18:00:00+02:00,bus046,0.0
2030,sc01,07-31 18:00:00+02:00,bus007,0.0
2030,sc01,07-31 18:00:00+02:00,bus035,0.0
2030,sc01,07-31 18:00:00+02:00,bus117,0.0
2030,sc01,07-31 18:00:00+02:00,bus041,0.0
2030,sc01,07-31 18:00:00+02:00,bus102,0.0
2030,sc01,07-31 18:00:00+02:00,bus026,0.0
2030,sc01,07-31 18:00:00+02:00,bus077,0.0
2030,sc01,07-31 18:00:00+02:00,bus044,0.0
2030,sc01,07-31 18:00:00+02:00,bus091,0.0
2030,sc01,07-31 18:00:00+02:00,bus062,0.0
2030,sc01,08-01 16:00:00+02:00,bus093,0.0
2030,sc01,08-01 16:00:00+02:00,bus097,0.0
2030,sc01,08-01 16:00:00+02:00,bus110,0.0
2030,sc01,08-01 16:00:00+02:00,bus042,0.0
2030,sc01,08-01 16:00:00+02:00,bus066,0.0
2030,sc01,08-01 16:00:00+02:00,bus059,0.0
2030,sc01,08-01 16:00:00+02:00,bus057,0.0
2030,sc01,08-01 16:00:00+02:00,bus067,0.0
2030,sc01,08-01 16:00:00+02:00,bus069,0.0
2030,sc01,08-01 16:00:00+02:00,bus014,0.0
2030,sc01,08-01 16:00:00+02:00,bus090,0.0
2030,sc01,08-01 16:00:00+02:00,bus002,0.0
2030,sc01,08-01 16:00:00+02:00,bus005,0.0
2030,sc01,08-01 16:00:00+02:00,bus109,0.0
2030,sc01,08-01 16:00:00+02:00,bus020,0.0
2030,sc01,08-01 16:00:00+02:00,bus065,0.0
2030,sc01,08-01 16:00:00+02:00,bus001,0.0
2030,sc01,08-01 16:00:00+02:00,bus017,0.0
2030,sc01,08-01 16:00:00+02:00,bus015,0.0
2030,sc01,08-01 16:00:00+02:00,bus054,0.0
2030,sc01,08-01 16:00:00+02:00,bus086,0.0
2030,sc01,08-01 16:00:00+02:00,bus032,0.0
2030,sc01,08-01 16:00:00+02:00,bus038,0.0
2030,sc01,08-01 16:00:00+02:00,bus108,0.0
2030,sc01,08-01 16:00:00+02:00,bus087,0.0
2030,sc01,08-01 16:00:00+02:00,bus027,0.0
2030,sc01,08-01 16:00:00+02:00,bus111,0.0
2030,sc01,08-01 16:00:00+02:00,bus025,0.0
2030,sc01,08-01 16:00:00+02:00,bus029,0.0
2030,sc01,08-01 16:00:00+02:00,bus009,0.0
2030,sc01,08-01 16:00:00+02:00,bus043,0.0
2030,sc01,08-01 16:00:00+02:00,bus045,0.0
2030,sc01,08-01 16:00:00+02:00,bus084,0.0
2030,sc01,08-01 16:00:00+02:00,bus013,0.0
2030,sc01,08-01 16:00:00+02:00,bus063,0.0
2030,sc01,08-01 16:00:00+02:00,bus115,0.0
2030,sc01,08-01 16:00:00+02:00,bus010,0.0
2030,sc01,08-01 16:00:00+02:00,bus073,0.0
2030,sc01,08-01 16:00:00+02:00,bus052,0.0
2030,sc01,08-01 16:00:00+02:00,bus096,0.0
2030,sc01,08-01 16:00:00+02:00,bus050,0.0
2030,sc01,08-01 16:00:00+02:00,bus011,0.0
2030,sc01,08-01 16:00:00+02:00,bus055,0.0
2030,sc01,08-01 16:00:00+02:00,bus083,0.0
2030,sc01,08-01 16:00:00+02:00,bus081,0.0
2030,sc01,08-01 16:00:00+02:00,bus022,0.0
2030,sc01,08-01 16:00:00+02:00,bus071,0.0
2030,sc01,08-01 16:00:00+02:00,bus074,0.0
2030,sc01,08-01 16:00:00+02:00,bus040,0.0
2030,sc01,08-01 16:00:00+02:00,bus099,0.0
2030,sc01,08-01 16:00:00+02:00,bus030,0.0
2030,sc01,08-01 16:00:00+02:00,bus098,0.0
2030,sc01,08-01 16:00:00+02:00,bus053,0.0
2030,sc01,08-01 16:00:00+02:00,bus085,0.0
2030,sc01,08-01 16:00:00+02:00,bus101,0.0
2030,sc01,08-01 16:00:00+02:00,bus018,0.0
2030,sc01,08-01 16:00:00+02:00,bus023,0.0
2030,sc01,08-01 16:00:00+02:00,bus088,0.0
2030,sc01,08-01 16:00:00+02:00,bus116,0.0
2030,sc01,08-01 16:00:00+02:00,bus103,0.0
2030,sc01,08-01 16:00:00+02:00,bus008,0.0
2030,sc01,08-01 16:00:00+02:00,bus105,0.0
2030,sc01,08-01 16:00:00+02:00,bus060,0.0
2030,sc01,08-01 16:00:00+02:00,bus016,0.0
2030,sc01,08-01 16:00:00+02:00,bus082,0.0
2030,sc01,08-01 16:00:00+02:00,bus047,0.0
2030,sc01,08-01 16:00:00+02:00,bus019,0.0
2030,sc01,08-01 16:00:00+02:00,bus037,0.0
2030,sc01,08-01 16:00:00+02:00,bus006,0.0
2030,sc01,08-01 16:00:00+02:00,bus080,0.0
2030,sc01,08-01 16:00:00+02:00,bus031,0.0
2030,sc01,08-01 16:00:00+02:00,bus048,0.0
2030,sc01,08-01 16:00:00+02:00,bus107,0.0
2030,sc01,08-01 16:00:00+02:00,bus049,0.0
2030,sc01,08-01 16:00:00+02:00,bus104,0.0
2030,sc01,08-01 16:00:00+02:00,bus100,0.0
2030,sc01,08-01 16:00:00+02:00,bus072,0.0
2030,sc01,08-01 16:00:00+02:00,bus039,0.0
2030,sc01,08-01 16:00:00+02:00,bus012,0.0
2030,sc01,08-01 16:00:00+02:00,bus114,0.0
2030,sc01,08-01 16:00:00+02:00,bus112,0.0
2030,sc01,08-01 16:00:00+02:00,bus058,0.0
2030,sc01,08-01 16:00:00+02:00,bus089,0.0
2030,sc01,08-01 16:00:00+02:00,bus051,0.0
2030,sc01,08-01 16:00:00+02:00,bus056,0.0
2030,sc01,08-01 16:00:00+02:00,bus092,0.0
2030,sc01,08-01 16:00:00+02:00,bus036,0.0
2030,sc01,08-01 16:00:00+02:00,bus094,0.0
2030,sc01,08-01 16:00:00+02:00,bus095,0.0
2030,sc01,08-01 16:00:00+02:00,bus113,0.0
2030,sc01,08-01 16:00:00+02:00,bus024,0.0
2030,sc01,08-01 16:00:00+02:00,bus078,0.0
2030,sc01,08-01 16:00:00+02:00,bus033,0.0
2030,sc01,08-01 16:00:00+02:00,bus079,0.0
2030,sc01,08-01 16:00:00+02:00,bus061,0.0
2030,sc01,08-01 16:00:00+02:00,bus118,0.0
2030,sc01,08-01 16:00:00+02:00,bus003,0.0
2030,sc01,08-01 16:00:00+02:00,bus070,0.0
2030,sc01,08-01 16:00:00+02:00,bus004,0.0
2030,sc01,08-01 16:00:00+02:00,bus021,0.0
2030,sc01,08-01 16:00:00+02:00,bus068,0.0
2030,sc01,08-01 16:00:00+02:00,bus028,0.0
2030,sc01,08-01 16:00:00+02:00,bus034,0.0
2030,sc01,08-01 16:00:00+02:00,bus075,0.0
2030,sc01,08-01 16:00:00+02:00,bus064,0.0
2030,sc01,08-01 16:00:00+02:00,bus106,0.0
2030,sc01,08-01 16:00:00+02:00,bus076,0.0
2030,sc01,08-01 16:00:00+02:00,bus046,0.0
2030,sc01,08-01 16:00:00+02:00,bus007,0.0
2030,sc01,08-01 16:00:00+02:00,bus035,0.0
2030,sc01,08-01 16:00:00+02:00,bus117,0.0
2030,sc01,08-01 16:00:00+02:00,bus041,0.0
2030,sc01,08-01 16:00:00+02:00,bus102,0.0
2030,sc01,08-01 16:00:00+02:00,bus026,0.0
2030,sc01,08-01 16:00:00+02:00,bus077,0.0
2030,sc01,08-01 16:00:00+02:00,bus044,0.0
2030,sc01,08-01 16:00:00+02:00,bus091,0.0
2030,sc01,08-01 16:00:00+02:00,bus062,0.0
2030,sc01,08-01 17:00:00+02:00,bus093,0.0
2030,sc01,08-01 17:00:00+02:00,bus097,0.0
2030,sc01,08-01 17:00:00+02:00,bus110,0.0
2030,sc01,08-01 17:00:00+02:00,bus042,0.0
2030,sc01,08-01 17:00:00+02:00,bus066,0.0
2030,sc01,08-01 17:00:00+02:00,bus059,0.0
2030,sc01,08-01 17:00:00+02:00,bus057,0.0
2030,sc01,08-01 17:00:00+02:00,bus067,0.0
2030,sc01,08-01 17:00:00+02:00,bus069,0.0
2030,sc01,08-01 17:00:00+02:00,bus014,0.0
2030,sc01,08-01 17:00:00+02:00,bus090,0.0
2030,sc01,08-01 17:00:00+02:00,bus002,0.0
2030,sc01,08-01 17:00:00+02:00,bus005,0.0
2030,sc01,08-01 17:00:00+02:00,bus109,0.0
2030,sc01,08-01 17:00:00+02:00,bus020,0.0
2030,sc01,08-01 17:00:00+02:00,bus065,0.0
2030,sc01,08-01 17:00:00+02:00,bus001,0.0
2030,sc01,08-01 17:00:00+02:00,bus017,0.0
2030,sc01,08-01 17:00:00+02:00,bus015,0.0
2030,sc01,08-01 17:00:00+02:00,bus054,0.0
2030,sc01,08-01 17:00:00+02:00,bus086,0.0
2030,sc01,08-01 17:00:00+02:00,bus032,0.0
2030,sc01,08-01 17:00:00+02:00,bus038,0.0
2030,sc01,08-01 17:00:00+02:00,bus108,0.0
2030,sc01,08-01 17:00:00+02:00,bus087,0.0
2030,sc01,08-01 17:00:00+02:00,bus027,0.0
2030,sc01,08-01 17:00:00+02:00,bus111,0.0
2030,sc01,08-01 17:00:00+02:00,bus025,0.0
2030,sc01,08-01 17:00:00+02:00,bus029,0.0
2030,sc01,08-01 17:00:00+02:00,bus009,0.0
2030,sc01,08-01 17:00:00+02:00,bus043,0.0
2030,sc01,08-01 17:00:00+02:00,bus045,0.0
2030,sc01,08-01 17:00:00+02:00,bus084,0.0
2030,sc01,08-01 17:00:00+02:00,bus013,0.0
2030,sc01,08-01 17:00:00+02:00,bus063,0.0
2030,sc01,08-01 17:00:00+02:00,bus115,0.0
2030,sc01,08-01 17:00:00+02:00,bus010,0.0
2030,sc01,08-01 17:00:00+02:00,bus073,0.0
2030,sc01,08-01 17:00:00+02:00,bus052,0.0
2030,sc01,08-01 17:00:00+02:00,bus096,0.0
2030,sc01,08-01 17:00:00+02:00,bus050,0.0
2030,sc01,08-01 17:00:00+02:00,bus011,0.0
2030,sc01,08-01 17:00:00+02:00,bus055,0.0
2030,sc01,08-01 17:00:00+02:00,bus083,0.0
2030,sc01,08-01 17:00:00+02:00,bus081,0.0
2030,sc01,08-01 17:00:00+02:00,bus022,0.0
2030,sc01,08-01 17:00:00+02:00,bus071,0.0
2030,sc01,08-01 17:00:00+02:00,bus074,0.0
2030,sc01,08-01 17:00:00+02:00,bus040,0.0
2030,sc01,08-01 17:00:00+02:00,bus099,0.0
2030,sc01,08-01 17:00:00+02:00,bus030,0.0
2030,sc01,08-01 17:00:00+02:00,bus098,0.0
2030,sc01,08-01 17:00:00+02:00,bus053,0.0
2030,sc01,08-01 17:00:00+02:00,bus085,0.0
2030,sc01,08-01 17:00:00+02:00,bus101,0.0
2030,sc01,08-01 17:00:00+02:00,bus018,0.0
2030,sc01,08-01 17:00:00+02:00,bus023,0.0
2030,sc01,08-01 17:00:00+02:00,bus088,0.0
2030,sc01,08-01 17:00:00+02:00,bus116,0.0
2030,sc01,08-01 17:00:00+02:00,bus103,0.0
2030,sc01,08-01 17:00:00+02:00,bus008,0.0
2030,sc01,08-01 17:00:00+02:00,bus105,0.0
2030,sc01,08-01 17:00:00+02:00,bus060,0.0
2030,sc01,08-01 17:00:00+02:00,bus016,0.0
2030,sc01,08-01 17:00:00+02:00,bus082,0.0
2030,sc01,08-01 17:00:00+02:00,bus047,0.0
2030,sc01,08-01 17:00:00+02:00,bus019,0.0
2030,sc01,08-01 17:00:00+02:00,bus037,0.0
2030,sc01,08-01 17:00:00+02:00,bus006,0.0
2030,sc01,08-01 17:00:00+02:00,bus080,0.0
2030,sc01,08-01 17:00:00+02:00,bus031,0.0
2030,sc01,08-01 17:00:00+02:00,bus048,0.0
2030,sc01,08-01 17:00:00+02:00,bus107,0.0
2030,sc01,08-01 17:00:00+02:00,bus049,0.0
2030,sc01,08-01 17:00:00+02:00,bus104,0.0
2030,sc01,08-01 17:00:00+02:00,bus100,0.0
2030,sc01,08-01 17:00:00+02:00,bus072,0.0
2030,sc01,08-01 17:00:00+02:00,bus039,0.0
2030,sc01,08-01 17:00:00+02:00,bus012,0.0
2030,sc01,08-01 17:00:00+02:00,bus114,0.0
2030,sc01,08-01 17:00:00+02:00,bus112,0.0
2030,sc01,08-01 17:00:00+02:00,bus058,0.0
2030,sc01,08-01 17:00:00+02:00,bus089,0.0
2030,sc01,08-01 17:00:00+02:00,bus051,0.0
2030,sc01,08-01 17:00:00+02:00,bus056,0.0
2030,sc01,08-01 17:00:00+02:00,bus092,0.0
2030,sc01,08-01 17:00:00+02:00,bus036,0.0
2030,sc01,08-01 17:00:00+02:00,bus094,0.0
2030,sc01,08-01 17:00:00+02:00,bus095,0.0
2030,sc01,08-01 17:00:00+02:00,bus113,0.0
2030,sc01,08-01 17:00:00+02:00,bus024,0.0
2030,sc01,08-01 17:00:00+02:00,bus078,0.0
2030,sc01,08-01 17:00:00+02:00,bus033,0.0
2030,sc01,08-01 17:00:00+02:00,bus079,0.0
2030,sc01,08-01 17:00:00+02:00,bus061,0.0
2030,sc01,08-01 17:00:00+02:00,bus118,0.0
2030,sc01,08-01 17:00:00+02:00,bus003,0.0
2030,sc01,08-01 17:00:00+02:00,bus070,0.0
2030,sc01,08-01 17:00:00+02:00,bus004,0.0
2030,sc01,08-01 17:00:00+02:00,bus021,0.0
2030,sc01,08-01 17:00:00+02:00,bus068,0.0
2030,sc01,08-01 17:00:00+02:00,bus028,0.0
2030,sc01,08-01 17:00:00+02:00,bus034,0.0
2030,sc01,08-01 17:00:00+02:00,bus075,0.0
2030,sc01,08-01 17:00:00+02:00,bus064,0.0
2030,sc01,08-01 17:00:00+02:00,bus106,0.0
2030,sc01,08-01 17:00:00+02:00,bus076,0.0
2030,sc01,08-01 17:00:00+02:00,bus046,0.0
2030,sc01,08-01 17:00:00+02:00,bus007,0.0
2030,sc01,08-01 17:00:00+02:00,bus035,0.0
2030,sc01,08-01 17:00:00+02:00,bus117,0.0
2030,sc01,08-01 17:00:00+02:00,bus041,0.0
2030,sc01,08-01 17:00:00+02:00,bus102,0.0
2030,sc01,08-01 17:00:00+02:00,bus026,0.0
2030,sc01,08-01 17:00:00+02:00,bus077,0.0
2030,sc01,08-01 17:00:00+02:00,bus044,0.0
2030,sc01,08-01 17:00:00+02:00,bus091,0.0
2030,sc01,08-01 17:00:00+02:00,bus062,0.0
2030,sc01,08-02 11:00:00+02:00,bus093,0.0
2030,sc01,08-02 11:00:00+02:00,bus097,0.0
2030,sc01,08-02 11:00:00+02:00,bus110,0.0
2030,sc01,08-02 11:00:00+02:00,bus042,0.0
2030,sc01,08-02 11:00:00+02:00,bus066,0.0
2030,sc01,08-02 11:00:00+02:00,bus059,0.0
2030,sc01,08-02 11:00:00+02:00,bus057,0.0
2030,sc01,08-02 11:00:00+02:00,bus067,0.0
2030,sc01,08-02 11:00:00+02:00,bus069,0.0
2030,sc01,08-02 11:00:00+02:00,bus014,0.0
2030,sc01,08-02 11:00:00+02:00,bus090,0.0
2030,sc01,08-02 11:00:00+02:00,bus002,0.0
2030,sc01,08-02 11:00:00+02:00,bus005,0.0
2030,sc01,08-02 11:00:00+02:00,bus109,0.0
2030,sc01,08-02 11:00:00+02:00,bus020,0.0
2030,sc01,08-02 11:00:00+02:00,bus065,0.0
2030,sc01,08-02 11:00:00+02:00,bus001,0.0
2030,sc01,08-02 11:00:00+02:00,bus017,0.0
2030,sc01,08-02 11:00:00+02:00,bus015,0.0
2030,sc01,08-02 11:00:00+02:00,bus054,0.0
2030,sc01,08-02 11:00:00+02:00,bus086,0.0
2030,sc01,08-02 11:00:00+02:00,bus032,0.0
2030,sc01,08-02 11:00:00+02:00,bus038,0.0
2030,sc01,08-02 11:00:00+02:00,bus108,0.0
2030,sc01,08-02 11:00:00+02:00,bus087,0.0
2030,sc01,08-02 11:00:00+02:00,bus027,0.0
2030,sc01,08-02 11:00:00+02:00,bus111,0.0
2030,sc01,08-02 11:00:00+02:00,bus025,0.0
2030,sc01,08-02 11:00:00+02:00,bus029,0.0
2030,sc01,08-02 11:00:00+02:00,bus009,0.0
2030,sc01,08-02 11:00:00+02:00,bus043,0.0
2030,sc01,08-02 11:00:00+02:00,bus045,0.0
2030,sc01,08-02 11:00:00+02:00,bus084,0.0
2030,sc01,08-02 11:00:00+02:00,bus013,0.0
2030,sc01,08-02 11:00:00+02:00,bus063,0.0
2030,sc01,08-02 11:00:00+02:00,bus115,0.0
2030,sc01,08-02 11:00:00+02:00,bus010,0.0
2030,sc01,08-02 11:00:00+02:00,bus073,0.0
2030,sc01,08-02 11:00:00+02:00,bus052,0.0
2030,sc01,08-02 11:00:00+02:00,bus096,0.0
2030,sc01,08-02 11:00:00+02:00,bus050,0.0
2030,sc01,08-02 11:00:00+02:00,bus011,0.0
2030,sc01,08-02 11:00:00+02:00,bus055,0.0
2030,sc01,08-02 11:00:00+02:00,bus083,0.0
2030,sc01,08-02 11:00:00+02:00,bus081,0.0
2030,sc01,08-02 11:00:00+02:00,bus022,0.0
2030,sc01,08-02 11:00:00+02:00,bus071,0.0
2030,sc01,08-02 11:00:00+02:00,bus074,0.0
2030,sc01,08-02 11:00:00+02:00,bus040,0.0
2030,sc01,08-02 11:00:00+02:00,bus099,0.0
2030,sc01,08-02 11:00:00+02:00,bus030,0.0
2030,sc01,08-02 11:00:00+02:00,bus098,0.0
2030,sc01,08-02 11:00:00+02:00,bus053,0.0
2030,sc01,08-02 11:00:00+02:00,bus085,0.0
2030,sc01,08-02 11:00:00+02:00,bus101,0.0
2030,sc01,08-02 11:00:00+02:00,bus018,0.0
2030,sc01,08-02 11:00:00+02:00,bus023,0.0
2030,sc01,08-02 11:00:00+02:00,bus088,0.0
2030,sc01,08-02 11:00:00+02:00,bus116,0.0
2030,sc01,08-02 11:00:00+02:00,bus103,0.0
2030,sc01,08-02 11:00:00+02:00,bus008,0.0
2030,sc01,08-02 11:00:00+02:00,bus105,0.0
2030,sc01,08-02 11:00:00+02:00,bus060,0.0
2030,sc01,08-02 11:00:00+02:00,bus016,0.0
2030,sc01,08-02 11:00:00+02:00,bus082,0.0
2030,sc01,08-02 11:00:00+02:00,bus047,0.0
2030,sc01,08-02 11:00:00+02:00,bus019,0.0
2030,sc01,08-02 11:00:00+02:00,bus037,0.0
2030,sc01,08-02 11:00:00+02:00,bus006,0.0
2030,sc01,08-02 11:00:00+02:00,bus080,0.0
2030,sc01,08-02 11:00:00+02:00,bus031,0.0
2030,sc01,08-02 11:00:00+02:00,bus048,0.0
2030,sc01,08-02 11:00:00+02:00,bus107,0.0
2030,sc01,08-02 11:00:00+02:00,bus049,0.0
2030,sc01,08-02 11:00:00+02:00,bus104,0.0
2030,sc01,08-02 11:00:00+02:00,bus100,0.0
2030,sc01,08-02 11:00:00+02:00,bus072,0.0
2030,sc01,08-02 11:00:00+02:00,bus039,0.0
2030,sc01,08-02 11:00:00+02:00,bus012,0.0
2030,sc01,08-02 11:00:00+02:00,bus114,0.0
2030,sc01,08-02 11:00:00+02:00,bus112,0.0
2030,sc01,08-02 11:00:00+02:00,bus058,0.0
2030,sc01,08-02 11:00:00+02:00,bus089,0.0
2030,sc01,08-02 11:00:00+02:00,bus051,0.0
2030,sc01,08-02 11:00:00+02:00,bus056,0.0
2030,sc01,08-02 11:00:00+02:00,bus092,0.0
2030,sc01,08-02 11:00:00+02:00,bus036,0.0
2030,sc01,08-02 11:00:00+02:00,bus094,0.0
2030,sc01,08-02 11:00:00+02:00,bus095,0.0
2030,sc01,08-02 11:00:00+02:00,bus113,0.0
2030,sc01,08-02 11:00:00+02:00,bus024,0.0
2030,sc01,08-02 11:00:00+02:00,bus078,0.0
2030,sc01,08-02 11:00:00+02:00,bus033,0.0
2030,sc01,08-02 11:00:00+02:00,bus079,0.0
2030,sc01,08-02 11:00:00+02:00,bus061,0.0
2030,sc01,08-02 11:00:00+02:00,bus118,0.0
2030,sc01,08-02 11:00:00+02:00,bus003,0.0
2030,sc01,08-02 11:00:00+02:00,bus070,0.0
2030,sc01,08-02 11:00:00+02:00,bus004,0.0
2030,sc01,08-02 11:00:00+02:00,bus021,0.0
2030,sc01,08-02 11:00:00+02:00,bus068,0.0
2030,sc01,08-02 11:00:00+02:00,bus028,0.0
2030,sc01,08-02 11:00:00+02:00,bus034,0.0
2030,sc01,08-02 11:00:00+02:00,bus075,0.0
2030,sc01,08-02 11:00:00+02:00,bus064,0.0
2030,sc01,08-02 11:00:00+02:00,bus106,0.0
2030,sc01,08-02 11:00:00+02:00,bus076,0.0
2030,sc01,08-02 11:00:00+02:00,bus046,0.0
2030,sc01,08-02 11:00:00+02:00,bus007,0.0
2030,sc01,08-02 11:00:00+02:00,bus035,0.0
2030,sc01,08-02 11:00:00+02:00,bus117,0.0
2030,sc01,08-02 11:00:00+02:00,bus041,0.0
2030,sc01,08-02 11:00:00+02:00,bus102,0.0
2030,sc01,08-02 11:00:00+02:00,bus026,0.0
2030,sc01,08-02 11:00:00+02:00,bus077,0.0
2030,sc01,08-02 11:00:00+02:00,bus044,0.0
2030,sc01,08-02 11:00:00+02:00,bus091,0.0
2030,sc01,08-02 11:00:00+02:00,bus062,0.0
2030,sc01,08-05 22:00:00+02:00,bus093,0.0
2030,sc01,08-05 22:00:00+02:00,bus097,0.0
2030,sc01,08-05 22:00:00+02:00,bus110,0.0
2030,sc01,08-05 22:00:00+02:00,bus042,0.0
2030,sc01,08-05 22:00:00+02:00,bus066,0.0
2030,sc01,08-05 22:00:00+02:00,bus059,0.0
2030,sc01,08-05 22:00:00+02:00,bus057,0.0
2030,sc01,08-05 22:00:00+02:00,bus067,0.0
2030,sc01,08-05 22:00:00+02:00,bus069,0.0
2030,sc01,08-05 22:00:00+02:00,bus014,0.0
2030,sc01,08-05 22:00:00+02:00,bus090,0.0
2030,sc01,08-05 22:00:00+02:00,bus002,0.0
2030,sc01,08-05 22:00:00+02:00,bus005,0.0
2030,sc01,08-05 22:00:00+02:00,bus109,0.0
2030,sc01,08-05 22:00:00+02:00,bus020,0.0
2030,sc01,08-05 22:00:00+02:00,bus065,0.0
2030,sc01,08-05 22:00:00+02:00,bus001,0.0
2030,sc01,08-05 22:00:00+02:00,bus017,0.0
2030,sc01,08-05 22:00:00+02:00,bus015,0.0
2030,sc01,08-05 22:00:00+02:00,bus054,0.0
2030,sc01,08-05 22:00:00+02:00,bus086,0.0
2030,sc01,08-05 22:00:00+02:00,bus032,0.0
2030,sc01,08-05 22:00:00+02:00,bus038,0.0
2030,sc01,08-05 22:00:00+02:00,bus108,0.0
2030,sc01,08-05 22:00:00+02:00,bus087,0.0
2030,sc01,08-05 22:00:00+02:00,bus027,0.0
2030,sc01,08-05 22:00:00+02:00,bus111,0.0
2030,sc01,08-05 22:00:00+02:00,bus025,0.0
2030,sc01,08-05 22:00:00+02:00,bus029,0.0
2030,sc01,08-05 22:00:00+02:00,bus009,0.0
2030,sc01,08-05 22:00:00+02:00,bus043,0.0
2030,sc01,08-05 22:00:00+02:00,bus045,0.0
2030,sc01,08-05 22:00:00+02:00,bus084,0.0
2030,sc01,08-05 22:00:00+02:00,bus013,0.0
2030,sc01,08-05 22:00:00+02:00,bus063,0.0
2030,sc01,08-05 22:00:00+02:00,bus115,0.0
2030,sc01,08-05 22:00:00+02:00,bus010,0.0
2030,sc01,08-05 22:00:00+02:00,bus073,0.0
2030,sc01,08-05 22:00:00+02:00,bus052,0.0
2030,sc01,08-05 22:00:00+02:00,bus096,0.0
2030,sc01,08-05 22:00:00+02:00,bus050,0.0
2030,sc01,08-05 22:00:00+02:00,bus011,0.0
2030,sc01,08-05 22:00:00+02:00,bus055,0.0
2030,sc01,08-05 22:00:00+02:00,bus083,0.0
2030,sc01,08-05 22:00:00+02:00,bus081,0.0
2030,sc01,08-05 22:00:00+02:00,bus022,0.0
2030,sc01,08-05 22:00:00+02:00,bus071,0.0
2030,sc01,08-05 22:00:00+02:00,bus074,0.0
2030,sc01,08-05 22:00:00+02:00,bus040,0.0
2030,sc01,08-05 22:00:00+02:00,bus099,0.0
2030,sc01,08-05 22:00:00+02:00,bus030,0.0
2030,sc01,08-05 22:00:00+02:00,bus098,0.0
2030,sc01,08-05 22:00:00+02:00,bus053,0.0
2030,sc01,08-05 22:00:00+02:00,bus085,0.0
2030,sc01,08-05 22:00:00+02:00,bus101,0.0
2030,sc01,08-05 22:00:00+02:00,bus018,0.0
2030,sc01,08-05 22:00:00+02:00,bus023,0.0
2030,sc01,08-05 22:00:00+02:00,bus088,0.0
2030,sc01,08-05 22:00:00+02:00,bus116,0.0
2030,sc01,08-05 22:00:00+02:00,bus103,0.0
2030,sc01,08-05 22:00:00+02:00,bus008,0.0
2030,sc01,08-05 22:00:00+02:00,bus105,0.0
2030,sc01,08-05 22:00:00+02:00,bus060,0.0
2030,sc01,08-05 22:00:00+02:00,bus016,0.0
2030,sc01,08-05 22:00:00+02:00,bus082,0.0
2030,sc01,08-05 22:00:00+02:00,bus047,0.0
2030,sc01,08-05 22:00:00+02:00,bus019,0.0
2030,sc01,08-05 22:00:00+02:00,bus037,0.0
2030,sc01,08-05 22:00:00+02:00,bus006,0.0
2030,sc01,08-05 22:00:00+02:00,bus080,0.0
2030,sc01,08-05 22:00:00+02:00,bus031,0.0
2030,sc01,08-05 22:00:00+02:00,bus048,0.0
2030,sc01,08-05 22:00:00+02:00,bus107,0.0
2030,sc01,08-05 22:00:00+02:00,bus049,0.0
2030,sc01,08-05 22:00:00+02:00,bus104,0.0
2030,sc01,08-05 22:00:00+02:00,bus100,0.0
2030,sc01,08-05 22:00:00+02:00,bus072,0.0
2030,sc01,08-05 22:00:00+02:00,bus039,0.0
2030,sc01,08-05 22:00:00+02:00,bus012,0.0
2030,sc01,08-05 22:00:00+02:00,bus114,0.0
2030,sc01,08-05 22:00:00+02:00,bus112,0.0
2030,sc01,08-05 22:00:00+02:00,bus058,0.0
2030,sc01,08-05 22:00:00+02:00,bus089,0.0
2030,sc01,08-05 22:00:00+02:00,bus051,0.0
2030,sc01,08-05 22:00:00+02:00,bus056,0.0
2030,sc01,08-05 22:00:00+02:00,bus092,0.0
2030,sc01,08-05 22:00:00+02:00,bus036,0.0
2030,sc01,08-05 22:00:00+02:00,bus094,0.0
2030,sc01,08-05 22:00:00+02:00,bus095,0.0
2030,sc01,08-05 22:00:00+02:00,bus113,0.0
2030,sc01,08-05 22:00:00+02:00,bus024,0.0
2030,sc01,08-05 22:00:00+02:00,bus078,0.0
2030,sc01,08-05 22:00:00+02:00,bus033,0.0
2030,sc01,08-05 22:00:00+02:00,bus079,0.0
2030,sc01,08-05 22:00:00+02:00,bus061,0.0
2030,sc01,08-05 22:00:00+02:00,bus118,0.0
2030,sc01,08-05 22:00:00+02:00,bus003,0.0
2030,sc01,08-05 22:00:00+02:00,bus070,0.0
2030,sc01,08-05 22:00:00+02:00,bus004,0.0
2030,sc01,08-05 22:00:00+02:00,bus021,0.0
2030,sc01,08-05 22:00:00+02:00,bus068,0.0
2030,sc01,08-05 22:00:00+02:00,bus028,0.0
2030,sc01,08-05 22:00:00+02:00,bus034,0.0
2030,sc01,08-05 22:00:00+02:00,bus075,0.0
2030,sc01,08-05 22:00:00+02:00,bus064,0.0
2030,sc01,08-05 22:00:00+02:00,bus106,0.0
2030,sc01,08-05 22:00:00+02:00,bus076,0.0
2030,sc01,08-05 22:00:00+02:00,bus046,0.0
2030,sc01,08-05 22:00:00+02:00,bus007,0.0
2030,sc01,08-05 22:00:00+02:00,bus035,0.0
2030,sc01,08-05 22:00:00+02:00,bus117,0.0
2030,sc01,08-05 22:00:00+02:00,bus041,0.0
2030,sc01,08-05 22:00:00+02:00,bus102,0.0
2030,sc01,08-05 22:00:00+02:00,bus026,0.0
2030,sc01,08-05 22:00:00+02:00,bus077,0.0
2030,sc01,08-05 22:00:00+02:00,bus044,0.0
2030,sc01,08-05 22:00:00+02:00,bus091,0.0
2030,sc01,08-05 22:00:00+02:00,bus062,0.0
2030,sc01,08-07 10:00:00+02:00,bus093,0.0
2030,sc01,08-07 10:00:00+02:00,bus097,0.0
2030,sc01,08-07 10:00:00+02:00,bus110,0.0
2030,sc01,08-07 10:00:00+02:00,bus042,0.0
2030,sc01,08-07 10:00:00+02:00,bus066,0.0
2030,sc01,08-07 10:00:00+02:00,bus059,0.0
2030,sc01,08-07 10:00:00+02:00,bus057,0.0
2030,sc01,08-07 10:00:00+02:00,bus067,0.0
2030,sc01,08-07 10:00:00+02:00,bus069,0.0
2030,sc01,08-07 10:00:00+02:00,bus014,0.0
2030,sc01,08-07 10:00:00+02:00,bus090,0.0
2030,sc01,08-07 10:00:00+02:00,bus002,0.0
2030,sc01,08-07 10:00:00+02:00,bus005,0.0
2030,sc01,08-07 10:00:00+02:00,bus109,0.0
2030,sc01,08-07 10:00:00+02:00,bus020,0.0
2030,sc01,08-07 10:00:00+02:00,bus065,0.0
2030,sc01,08-07 10:00:00+02:00,bus001,0.0
2030,sc01,08-07 10:00:00+02:00,bus017,0.0
2030,sc01,08-07 10:00:00+02:00,bus015,0.0
2030,sc01,08-07 10:00:00+02:00,bus054,0.0
2030,sc01,08-07 10:00:00+02:00,bus086,0.0
2030,sc01,08-07 10:00:00+02:00,bus032,0.0
2030,sc01,08-07 10:00:00+02:00,bus038,0.0
2030,sc01,08-07 10:00:00+02:00,bus108,0.0
2030,sc01,08-07 10:00:00+02:00,bus087,0.0
2030,sc01,08-07 10:00:00+02:00,bus027,0.0
2030,sc01,08-07 10:00:00+02:00,bus111,0.0
2030,sc01,08-07 10:00:00+02:00,bus025,0.0
2030,sc01,08-07 10:00:00+02:00,bus029,0.0
2030,sc01,08-07 10:00:00+02:00,bus009,0.0
2030,sc01,08-07 10:00:00+02:00,bus043,0.0
2030,sc01,08-07 10:00:00+02:00,bus045,0.0
2030,sc01,08-07 10:00:00+02:00,bus084,0.0
2030,sc01,08-07 10:00:00+02:00,bus013,0.0
2030,sc01,08-07 10:00:00+02:00,bus063,0.0
2030,sc01,08-07 10:00:00+02:00,bus115,0.0
2030,sc01,08-07 10:00:00+02:00,bus010,0.0
2030,sc01,08-07 10:00:00+02:00,bus073,0.0
2030,sc01,08-07 10:00:00+02:00,bus052,0.0
2030,sc01,08-07 10:00:00+02:00,bus096,0.0
2030,sc01,08-07 10:00:00+02:00,bus050,0.0
2030,sc01,08-07 10:00:00+02:00,bus011,0.0
2030,sc01,08-07 10:00:00+02:00,bus055,0.0
2030,sc01,08-07 10:00:00+02:00,bus083,0.0
2030,sc01,08-07 10:00:00+02:00,bus081,0.0
2030,sc01,08-07 10:00:00+02:00,bus022,0.0
2030,sc01,08-07 10:00:00+02:00,bus071,0.0
2030,sc01,08-07 10:00:00+02:00,bus074,0.0
2030,sc01,08-07 10:00:00+02:00,bus040,0.0
2030,sc01,08-07 10:00:00+02:00,bus099,0.0
2030,sc01,08-07 10:00:00+02:00,bus030,0.0
2030,sc01,08-07 10:00:00+02:00,bus098,0.0
2030,sc01,08-07 10:00:00+02:00,bus053,0.0
2030,sc01,08-07 10:00:00+02:00,bus085,0.0
2030,sc01,08-07 10:00:00+02:00,bus101,0.0
2030,sc01,08-07 10:00:00+02:00,bus018,0.0
2030,sc01,08-07 10:00:00+02:00,bus023,0.0
2030,sc01,08-07 10:00:00+02:00,bus088,0.0
2030,sc01,08-07 10:00:00+02:00,bus116,0.0
2030,sc01,08-07 10:00:00+02:00,bus103,0.0
2030,sc01,08-07 10:00:00+02:00,bus008,0.0
2030,sc01,08-07 10:00:00+02:00,bus105,0.0
2030,sc01,08-07 10:00:00+02:00,bus060,0.0
2030,sc01,08-07 10:00:00+02:00,bus016,0.0
2030,sc01,08-07 10:00:00+02:00,bus082,0.0
2030,sc01,08-07 10:00:00+02:00,bus047,0.0
2030,sc01,08-07 10:00:00+02:00,bus019,0.0
2030,sc01,08-07 10:00:00+02:00,bus037,0.0
2030,sc01,08-07 10:00:00+02:00,bus006,0.0
2030,sc01,08-07 10:00:00+02:00,bus080,0.0
2030,sc01,08-07 10:00:00+02:00,bus031,0.0
2030,sc01,08-07 10:00:00+02:00,bus048,0.0
2030,sc01,08-07 10:00:00+02:00,bus107,0.0
2030,sc01,08-07 10:00:00+02:00,bus049,0.0
2030,sc01,08-07 10:00:00+02:00,bus104,0.0
2030,sc01,08-07 10:00:00+02:00,bus100,0.0
2030,sc01,08-07 10:00:00+02:00,bus072,0.0
2030,sc01,08-07 10:00:00+02:00,bus039,0.0
2030,sc01,08-07 10:00:00+02:00,bus012,0.0
2030,sc01,08-07 10:00:00+02:00,bus114,0.0
2030,sc01,08-07 10:00:00+02:00,bus112,0.0
2030,sc01,08-07 10:00:00+02:00,bus058,0.0
2030,sc01,08-07 10:00:00+02:00,bus089,0.0
2030,sc01,08-07 10:00:00+02:00,bus051,0.0
2030,sc01,08-07 10:00:00+02:00,bus056,0.0
2030,sc01,08-07 10:00:00+02:00,bus092,0.0
2030,sc01,08-07 10:00:00+02:00,bus036,0.0
2030,sc01,08-07 10:00:00+02:00,bus094,0.0
2030,sc01,08-07 10:00:00+02:00,bus095,0.0
2030,sc01,08-07 10:00:00+02:00,bus113,0.0
2030,sc01,08-07 10:00:00+02:00,bus024,0.0
2030,sc01,08-07 10:00:00+02:00,bus078,0.0
2030,sc01,08-07 10:00:00+02:00,bus033,0.0
2030,sc01,08-07 10:00:00+02:00,bus079,0.0
2030,sc01,08-07 10:00:00+02:00,bus061,0.0
2030,sc01,08-07 10:00:00+02:00,bus118,0.0
2030,sc01,08-07 10:00:00+02:00,bus003,0.0
2030,sc01,08-07 10:00:00+02:00,bus070,0.0
2030,sc01,08-07 10:00:00+02:00,bus004,0.0
2030,sc01,08-07 10:00:00+02:00,bus021,0.0
2030,sc01,08-07 10:00:00+02:00,bus068,0.0
2030,sc01,08-07 10:00:00+02:00,bus028,0.0
2030,sc01,08-07 10:00:00+02:00,bus034,0.0
2030,sc01,08-07 10:00:00+02:00,bus075,0.0
2030,sc01,08-07 10:00:00+02:00,bus064,0.0
2030,sc01,08-07 10:00:00+02:00,bus106,0.0
2030,sc01,08-07 10:00:00+02:00,bus076,0.0
2030,sc01,08-07 10:00:00+02:00,bus046,0.0
2030,sc01,08-07 10:00:00+02:00,bus007,0.0
2030,sc01,08-07 10:00:00+02:00,bus035,0.0
2030,sc01,08-07 10:00:00+02:00,bus117,0.0
2030,sc01,08-07 10:00:00+02:00,bus041,0.0
2030,sc01,08-07 10:00:00+02:00,bus102,0.0
2030,sc01,08-07 10:00:00+02:00,bus026,0.0
2030,sc01,08-07 10:00:00+02:00,bus077,0.0
2030,sc01,08-07 10:00:00+02:00,bus044,0.0
2030,sc01,08-07 10:00:00+02:00,bus091,0.0
2030,sc01,08-07 10:00:00+02:00,bus062,0.0
2030,sc01,08-08 14:00:00+02:00,bus093,0.0
2030,sc01,08-08 14:00:00+02:00,bus097,0.0
2030,sc01,08-08 14:00:00+02:00,bus110,0.0
2030,sc01,08-08 14:00:00+02:00,bus042,0.0
2030,sc01,08-08 14:00:00+02:00,bus066,0.0
2030,sc01,08-08 14:00:00+02:00,bus059,0.0
2030,sc01,08-08 14:00:00+02:00,bus057,0.0
2030,sc01,08-08 14:00:00+02:00,bus067,0.0
2030,sc01,08-08 14:00:00+02:00,bus069,0.0
2030,sc01,08-08 14:00:00+02:00,bus014,0.0
2030,sc01,08-08 14:00:00+02:00,bus090,0.0
2030,sc01,08-08 14:00:00+02:00,bus002,0.0
2030,sc01,08-08 14:00:00+02:00,bus005,0.0
2030,sc01,08-08 14:00:00+02:00,bus109,0.0
2030,sc01,08-08 14:00:00+02:00,bus020,0.0
2030,sc01,08-08 14:00:00+02:00,bus065,0.0
2030,sc01,08-08 14:00:00+02:00,bus001,0.0
2030,sc01,08-08 14:00:00+02:00,bus017,0.0
2030,sc01,08-08 14:00:00+02:00,bus015,0.0
2030,sc01,08-08 14:00:00+02:00,bus054,0.0
2030,sc01,08-08 14:00:00+02:00,bus086,0.0
2030,sc01,08-08 14:00:00+02:00,bus032,0.0
2030,sc01,08-08 14:00:00+02:00,bus038,0.0
2030,sc01,08-08 14:00:00+02:00,bus108,0.0
2030,sc01,08-08 14:00:00+02:00,bus087,0.0
2030,sc01,08-08 14:00:00+02:00,bus027,0.0
2030,sc01,08-08 14:00:00+02:00,bus111,0.0
2030,sc01,08-08 14:00:00+02:00,bus025,0.0
2030,sc01,08-08 14:00:00+02:00,bus029,0.0
2030,sc01,08-08 14:00:00+02:00,bus009,0.0
2030,sc01,08-08 14:00:00+02:00,bus043,0.0
2030,sc01,08-08 14:00:00+02:00,bus045,0.0
2030,sc01,08-08 14:00:00+02:00,bus084,0.0
2030,sc01,08-08 14:00:00+02:00,bus013,0.0
2030,sc01,08-08 14:00:00+02:00,bus063,0.0
2030,sc01,08-08 14:00:00+02:00,bus115,0.0
2030,sc01,08-08 14:00:00+02:00,bus010,0.0
2030,sc01,08-08 14:00:00+02:00,bus073,0.0
2030,sc01,08-08 14:00:00+02:00,bus052,0.0
2030,sc01,08-08 14:00:00+02:00,bus096,0.0
2030,sc01,08-08 14:00:00+02:00,bus050,0.0
2030,sc01,08-08 14:00:00+02:00,bus011,0.0
2030,sc01,08-08 14:00:00+02:00,bus055,0.0
2030,sc01,08-08 14:00:00+02:00,bus083,0.0
2030,sc01,08-08 14:00:00+02:00,bus081,0.0
2030,sc01,08-08 14:00:00+02:00,bus022,0.0
2030,sc01,08-08 14:00:00+02:00,bus071,0.0
2030,sc01,08-08 14:00:00+02:00,bus074,0.0
2030,sc01,08-08 14:00:00+02:00,bus040,0.0
2030,sc01,08-08 14:00:00+02:00,bus099,0.0
2030,sc01,08-08 14:00:00+02:00,bus030,0.0
2030,sc01,08-08 14:00:00+02:00,bus098,0.0
2030,sc01,08-08 14:00:00+02:00,bus053,0.0
2030,sc01,08-08 14:00:00+02:00,bus085,0.0
2030,sc01,08-08 14:00:00+02:00,bus101,0.0
2030,sc01,08-08 14:00:00+02:00,bus018,0.0
2030,sc01,08-08 14:00:00+02:00,bus023,0.0
2030,sc01,08-08 14:00:00+02:00,bus088,0.0
2030,sc01,08-08 14:00:00+02:00,bus116,0.0
2030,sc01,08-08 14:00:00+02:00,bus103,0.0
2030,sc01,08-08 14:00:00+02:00,bus008,0.0
2030,sc01,08-08 14:00:00+02:00,bus105,0.0
2030,sc01,08-08 14:00:00+02:00,bus060,0.0
2030,sc01,08-08 14:00:00+02:00,bus016,0.0
2030,sc01,08-08 14:00:00+02:00,bus082,0.0
2030,sc01,08-08 14:00:00+02:00,bus047,0.0
2030,sc01,08-08 14:00:00+02:00,bus019,0.0
2030,sc01,08-08 14:00:00+02:00,bus037,0.0
2030,sc01,08-08 14:00:00+02:00,bus006,0.0
2030,sc01,08-08 14:00:00+02:00,bus080,0.0
2030,sc01,08-08 14:00:00+02:00,bus031,0.0
2030,sc01,08-08 14:00:00+02:00,bus048,0.0
2030,sc01,08-08 14:00:00+02:00,bus107,0.0
2030,sc01,08-08 14:00:00+02:00,bus049,0.0
2030,sc01,08-08 14:00:00+02:00,bus104,0.0
2030,sc01,08-08 14:00:00+02:00,bus100,0.0
2030,sc01,08-08 14:00:00+02:00,bus072,0.0
2030,sc01,08-08 14:00:00+02:00,bus039,0.0
2030,sc01,08-08 14:00:00+02:00,bus012,0.0
2030,sc01,08-08 14:00:00+02:00,bus114,0.0
2030,sc01,08-08 14:00:00+02:00,bus112,0.0
2030,sc01,08-08 14:00:00+02:00,bus058,0.0
2030,sc01,08-08 14:00:00+02:00,bus089,0.0
2030,sc01,08-08 14:00:00+02:00,bus051,0.0
2030,sc01,08-08 14:00:00+02:00,bus056,0.0
2030,sc01,08-08 14:00:00+02:00,bus092,0.0
2030,sc01,08-08 14:00:00+02:00,bus036,0.0
2030,sc01,08-08 14:00:00+02:00,bus094,0.0
2030,sc01,08-08 14:00:00+02:00,bus095,0.0
2030,sc01,08-08 14:00:00+02:00,bus113,0.0
2030,sc01,08-08 14:00:00+02:00,bus024,0.0
2030,sc01,08-08 14:00:00+02:00,bus078,0.0
2030,sc01,08-08 14:00:00+02:00,bus033,0.0
2030,sc01,08-08 14:00:00+02:00,bus079,0.0
2030,sc01,08-08 14:00:00+02:00,bus061,0.0
2030,sc01,08-08 14:00:00+02:00,bus118,0.0
2030,sc01,08-08 14:00:00+02:00,bus003,0.0
2030,sc01,08-08 14:00:00+02:00,bus070,0.0
2030,sc01,08-08 14:00:00+02:00,bus004,0.0
2030,sc01,08-08 14:00:00+02:00,bus021,0.0
2030,sc01,08-08 14:00:00+02:00,bus068,0.0
2030,sc01,08-08 14:00:00+02:00,bus028,0.0
2030,sc01,08-08 14:00:00+02:00,bus034,0.0
2030,sc01,08-08 14:00:00+02:00,bus075,0.0
2030,sc01,08-08 14:00:00+02:00,bus064,0.0
2030,sc01,08-08 14:00:00+02:00,bus106,0.0
2030,sc01,08-08 14:00:00+02:00,bus076,0.0
2030,sc01,08-08 14:00:00+02:00,bus046,0.0
2030,sc01,08-08 14:00:00+02:00,bus007,0.0
2030,sc01,08-08 14:00:00+02:00,bus035,0.0
2030,sc01,08-08 14:00:00+02:00,bus117,0.0
2030,sc01,08-08 14:00:00+02:00,bus041,0.0
2030,sc01,08-08 14:00:00+02:00,bus102,0.0
2030,sc01,08-08 14:00:00+02:00,bus026,0.0
2030,sc01,08-08 14:00:00+02:00,bus077,0.0
2030,sc01,08-08 14:00:00+02:00,bus044,0.0
2030,sc01,08-08 14:00:00+02:00,bus091,0.0
2030,sc01,08-08 14:00:00+02:00,bus062,0.0
2030,sc01,08-08 17:00:00+02:00,bus093,0.0
2030,sc01,08-08 17:00:00+02:00,bus097,0.0
2030,sc01,08-08 17:00:00+02:00,bus110,0.0
2030,sc01,08-08 17:00:00+02:00,bus042,0.0
2030,sc01,08-08 17:00:00+02:00,bus066,0.0
2030,sc01,08-08 17:00:00+02:00,bus059,0.0
2030,sc01,08-08 17:00:00+02:00,bus057,0.0
2030,sc01,08-08 17:00:00+02:00,bus067,0.0
2030,sc01,08-08 17:00:00+02:00,bus069,0.0
2030,sc01,08-08 17:00:00+02:00,bus014,0.0
2030,sc01,08-08 17:00:00+02:00,bus090,0.0
2030,sc01,08-08 17:00:00+02:00,bus002,0.0
2030,sc01,08-08 17:00:00+02:00,bus005,0.0
2030,sc01,08-08 17:00:00+02:00,bus109,0.0
2030,sc01,08-08 17:00:00+02:00,bus020,0.0
2030,sc01,08-08 17:00:00+02:00,bus065,0.0
2030,sc01,08-08 17:00:00+02:00,bus001,0.0
2030,sc01,08-08 17:00:00+02:00,bus017,0.0
2030,sc01,08-08 17:00:00+02:00,bus015,0.0
2030,sc01,08-08 17:00:00+02:00,bus054,0.0
2030,sc01,08-08 17:00:00+02:00,bus086,0.0
2030,sc01,08-08 17:00:00+02:00,bus032,0.0
2030,sc01,08-08 17:00:00+02:00,bus038,0.0
2030,sc01,08-08 17:00:00+02:00,bus108,0.0
2030,sc01,08-08 17:00:00+02:00,bus087,0.0
2030,sc01,08-08 17:00:00+02:00,bus027,0.0
2030,sc01,08-08 17:00:00+02:00,bus111,0.0
2030,sc01,08-08 17:00:00+02:00,bus025,0.0
2030,sc01,08-08 17:00:00+02:00,bus029,0.0
2030,sc01,08-08 17:00:00+02:00,bus009,0.0
2030,sc01,08-08 17:00:00+02:00,bus043,0.0
2030,sc01,08-08 17:00:00+02:00,bus045,0.0
2030,sc01,08-08 17:00:00+02:00,bus084,0.0
2030,sc01,08-08 17:00:00+02:00,bus013,0.0
2030,sc01,08-08 17:00:00+02:00,bus063,0.0
2030,sc01,08-08 17:00:00+02:00,bus115,0.0
2030,sc01,08-08 17:00:00+02:00,bus010,0.0
2030,sc01,08-08 17:00:00+02:00,bus073,0.0
2030,sc01,08-08 17:00:00+02:00,bus052,0.0
2030,sc01,08-08 17:00:00+02:00,bus096,0.0
2030,sc01,08-08 17:00:00+02:00,bus050,0.0
2030,sc01,08-08 17:00:00+02:00,bus011,0.0
2030,sc01,08-08 17:00:00+02:00,bus055,0.0
2030,sc01,08-08 17:00:00+02:00,bus083,0.0
2030,sc01,08-08 17:00:00+02:00,bus081,0.0
2030,sc01,08-08 17:00:00+02:00,bus022,0.0
2030,sc01,08-08 17:00:00+02:00,bus071,0.0
2030,sc01,08-08 17:00:00+02:00,bus074,0.0
2030,sc01,08-08 17:00:00+02:00,bus040,0.0
2030,sc01,08-08 17:00:00+02:00,bus099,0.0
2030,sc01,08-08 17:00:00+02:00,bus030,0.0
2030,sc01,08-08 17:00:00+02:00,bus098,0.0
2030,sc01,08-08 17:00:00+02:00,bus053,0.0
2030,sc01,08-08 17:00:00+02:00,bus085,0.0
2030,sc01,08-08 17:00:00+02:00,bus101,0.0
2030,sc01,08-08 17:00:00+02:00,bus018,0.0
2030,sc01,08-08 17:00:00+02:00,bus023,0.0
2030,sc01,08-08 17:00:00+02:00,bus088,0.0
2030,sc01,08-08 17:00:00+02:00,bus116,0.0
2030,sc01,08-08 17:00:00+02:00,bus103,0.0
2030,sc01,08-08 17:00:00+02:00,bus008,0.0
2030,sc01,08-08 17:00:00+02:00,bus105,0.0
2030,sc01,08-08 17:00:00+02:00,bus060,0.0
2030,sc01,08-08 17:00:00+02:00,bus016,0.0
2030,sc01,08-08 17:00:00+02:00,bus082,0.0
2030,sc01,08-08 17:00:00+02:00,bus047,0.0
2030,sc01,08-08 17:00:00+02:00,bus019,0.0
2030,sc01,08-08 17:00:00+02:00,bus037,0.0
2030,sc01,08-08 17:00:00+02:00,bus006,0.0
2030,sc01,08-08 17:00:00+02:00,bus080,0.0
2030,sc01,08-08 17:00:00+02:00,bus031,0.0
2030,sc01,08-08 17:00:00+02:00,bus048,0.0
2030,sc01,08-08 17:00:00+02:00,bus107,0.0
2030,sc01,08-08 17:00:00+02:00,bus049,0.0
2030,sc01,08-08 17:00:00+02:00,bus104,0.0
2030,sc01,08-08 17:00:00+02:00,bus100,0.0
2030,sc01,08-08 17:00:00+02:00,bus072,0.0
2030,sc01,08-08 17:00:00+02:00,bus039,0.0
2030,sc01,08-08 17:00:00+02:00,bus012,0.0
2030,sc01,08-08 17:00:00+02:00,bus114,0.0
2030,sc01,08-08 17:00:00+02:00,bus112,0.0
2030,sc01,08-08 17:00:00+02:00,bus058,0.0
2030,sc01,08-08 17:00:00+02:00,bus089,0.0
2030,sc01,08-08 17:00:00+02:00,bus051,0.0
2030,sc01,08-08 17:00:00+02:00,bus056,0.0
2030,sc01,08-08 17:00:00+02:00,bus092,0.0
2030,sc01,08-08 17:00:00+02:00,bus036,0.0
2030,sc01,08-08 17:00:00+02:00,bus094,0.0
2030,sc01,08-08 17:00:00+02:00,bus095,0.0
2030,sc01,08-08 17:00:00+02:00,bus113,0.0
2030,sc01,08-08 17:00:00+02:00,bus024,0.0
2030,sc01,08-08 17:00:00+02:00,bus078,0.0
2030,sc01,08-08 17:00:00+02:00,bus033,0.0
2030,sc01,08-08 17:00:00+02:00,bus079,0.0
2030,sc01,08-08 17:00:00+02:00,bus061,0.0
2030,sc01,08-08 17:00:00+02:00,bus118,0.0
2030,sc01,08-08 17:00:00+02:00,bus003,0.0
2030,sc01,08-08 17:00:00+02:00,bus070,0.0
2030,sc01,08-08 17:00:00+02:00,bus004,0.0
2030,sc01,08-08 17:00:00+02:00,bus021,0.0
2030,sc01,08-08 17:00:00+02:00,bus068,0.0
2030,sc01,08-08 17:00:00+02:00,bus028,0.0
2030,sc01,08-08 17:00:00+02:00,bus034,0.0
2030,sc01,08-08 17:00:00+02:00,bus075,0.0
2030,sc01,08-08 17:00:00+02:00,bus064,0.0
2030,sc01,08-08 17:00:00+02:00,bus106,0.0
2030,sc01,08-08 17:00:00+02:00,bus076,0.0
2030,sc01,08-08 17:00:00+02:00,bus046,0.0
2030,sc01,08-08 17:00:00+02:00,bus007,0.0
2030,sc01,08-08 17:00:00+02:00,bus035,0.0
2030,sc01,08-08 17:00:00+02:00,bus117,0.0
2030,sc01,08-08 17:00:00+02:00,bus041,0.0
2030,sc01,08-08 17:00:00+02:00,bus102,0.0
2030,sc01,08-08 17:00:00+02:00,bus026,0.0
2030,sc01,08-08 17:00:00+02:00,bus077,0.0
2030,sc01,08-08 17:00:00+02:00,bus044,0.0
2030,sc01,08-08 17:00:00+02:00,bus091,0.0
2030,sc01,08-08 17:00:00+02:00,bus062,0.0
2030,sc01,08-08 23:00:00+02:00,bus093,0.0
2030,sc01,08-08 23:00:00+02:00,bus097,0.0
2030,sc01,08-08 23:00:00+02:00,bus110,0.0
2030,sc01,08-08 23:00:00+02:00,bus042,0.0
2030,sc01,08-08 23:00:00+02:00,bus066,0.0
2030,sc01,08-08 23:00:00+02:00,bus059,0.0
2030,sc01,08-08 23:00:00+02:00,bus057,0.0
2030,sc01,08-08 23:00:00+02:00,bus067,0.0
2030,sc01,08-08 23:00:00+02:00,bus069,0.0
2030,sc01,08-08 23:00:00+02:00,bus014,0.0
2030,sc01,08-08 23:00:00+02:00,bus090,0.0
2030,sc01,08-08 23:00:00+02:00,bus002,0.0
2030,sc01,08-08 23:00:00+02:00,bus005,0.0
2030,sc01,08-08 23:00:00+02:00,bus109,0.0
2030,sc01,08-08 23:00:00+02:00,bus020,0.0
2030,sc01,08-08 23:00:00+02:00,bus065,0.0
2030,sc01,08-08 23:00:00+02:00,bus001,0.0
2030,sc01,08-08 23:00:00+02:00,bus017,0.0
2030,sc01,08-08 23:00:00+02:00,bus015,0.0
2030,sc01,08-08 23:00:00+02:00,bus054,0.0
2030,sc01,08-08 23:00:00+02:00,bus086,0.0
2030,sc01,08-08 23:00:00+02:00,bus032,0.0
2030,sc01,08-08 23:00:00+02:00,bus038,0.0
2030,sc01,08-08 23:00:00+02:00,bus108,0.0
2030,sc01,08-08 23:00:00+02:00,bus087,0.0
2030,sc01,08-08 23:00:00+02:00,bus027,0.0
2030,sc01,08-08 23:00:00+02:00,bus111,0.0
2030,sc01,08-08 23:00:00+02:00,bus025,0.0
2030,sc01,08-08 23:00:00+02:00,bus029,0.0
2030,sc01,08-08 23:00:00+02:00,bus009,0.0
2030,sc01,08-08 23:00:00+02:00,bus043,0.0
2030,sc01,08-08 23:00:00+02:00,bus045,0.0
2030,sc01,08-08 23:00:00+02:00,bus084,0.0
2030,sc01,08-08 23:00:00+02:00,bus013,0.0
2030,sc01,08-08 23:00:00+02:00,bus063,0.0
2030,sc01,08-08 23:00:00+02:00,bus115,0.0
2030,sc01,08-08 23:00:00+02:00,bus010,0.0
2030,sc01,08-08 23:00:00+02:00,bus073,0.0
2030,sc01,08-08 23:00:00+02:00,bus052,0.0
2030,sc01,08-08 23:00:00+02:00,bus096,0.0
2030,sc01,08-08 23:00:00+02:00,bus050,0.0
2030,sc01,08-08 23:00:00+02:00,bus011,0.0
2030,sc01,08-08 23:00:00+02:00,bus055,0.0
2030,sc01,08-08 23:00:00+02:00,bus083,0.0
2030,sc01,08-08 23:00:00+02:00,bus081,0.0
2030,sc01,08-08 23:00:00+02:00,bus022,0.0
2030,sc01,08-08 23:00:00+02:00,bus071,0.0
2030,sc01,08-08 23:00:00+02:00,bus074,0.0
2030,sc01,08-08 23:00:00+02:00,bus040,0.0
2030,sc01,08-08 23:00:00+02:00,bus099,0.0
2030,sc01,08-08 23:00:00+02:00,bus030,0.0
2030,sc01,08-08 23:00:00+02:00,bus098,0.0
2030,sc01,08-08 23:00:00+02:00,bus053,0.0
2030,sc01,08-08 23:00:00+02:00,bus085,0.0
2030,sc01,08-08 23:00:00+02:00,bus101,0.0
2030,sc01,08-08 23:00:00+02:00,bus018,0.0
2030,sc01,08-08 23:00:00+02:00,bus023,0.0
2030,sc01,08-08 23:00:00+02:00,bus088,0.0
2030,sc01,08-08 23:00:00+02:00,bus116,0.0
2030,sc01,08-08 23:00:00+02:00,bus103,0.0
2030,sc01,08-08 23:00:00+02:00,bus008,0.0
2030,sc01,08-08 23:00:00+02:00,bus105,0.0
2030,sc01,08-08 23:00:00+02:00,bus060,0.0
2030,sc01,08-08 23:00:00+02:00,bus016,0.0
2030,sc01,08-08 23:00:00+02:00,bus082,0.0
2030,sc01,08-08 23:00:00+02:00,bus047,0.0
2030,sc01,08-08 23:00:00+02:00,bus019,0.0
2030,sc01,08-08 23:00:00+02:00,bus037,0.0
2030,sc01,08-08 23:00:00+02:00,bus006,0.0
2030,sc01,08-08 23:00:00+02:00,bus080,0.0
2030,sc01,08-08 23:00:00+02:00,bus031,0.0
2030,sc01,08-08 23:00:00+02:00,bus048,0.0
2030,sc01,08-08 23:00:00+02:00,bus107,0.0
2030,sc01,08-08 23:00:00+02:00,bus049,0.0
2030,sc01,08-08 23:00:00+02:00,bus104,0.0
2030,sc01,08-08 23:00:00+02:00,bus100,0.0
2030,sc01,08-08 23:00:00+02:00,bus072,0.0
2030,sc01,08-08 23:00:00+02:00,bus039,0.0
2030,sc01,08-08 23:00:00+02:00,bus012,0.0
2030,sc01,08-08 23:00:00+02:00,bus114,0.0
2030,sc01,08-08 23:00:00+02:00,bus112,0.0
2030,sc01,08-08 23:00:00+02:00,bus058,0.0
2030,sc01,08-08 23:00:00+02:00,bus089,0.0
2030,sc01,08-08 23:00:00+02:00,bus051,0.0
2030,sc01,08-08 23:00:00+02:00,bus056,0.0
2030,sc01,08-08 23:00:00+02:00,bus092,0.0
2030,sc01,08-08 23:00:00+02:00,bus036,0.0
2030,sc01,08-08 23:00:00+02:00,bus094,0.0
2030,sc01,08-08 23:00:00+02:00,bus095,0.0
2030,sc01,08-08 23:00:00+02:00,bus113,0.0
2030,sc01,08-08 23:00:00+02:00,bus024,0.0
2030,sc01,08-08 23:00:00+02:00,bus078,0.0
2030,sc01,08-08 23:00:00+02:00,bus033,0.0
2030,sc01,08-08 23:00:00+02:00,bus079,0.0
2030,sc01,08-08 23:00:00+02:00,bus061,0.0
2030,sc01,08-08 23:00:00+02:00,bus118,0.0
2030,sc01,08-08 23:00:00+02:00,bus003,0.0
2030,sc01,08-08 23:00:00+02:00,bus070,0.0
2030,sc01,08-08 23:00:00+02:00,bus004,0.0
2030,sc01,08-08 23:00:00+02:00,bus021,0.0
2030,sc01,08-08 23:00:00+02:00,bus068,0.0
2030,sc01,08-08 23:00:00+02:00,bus028,0.0
2030,sc01,08-08 23:00:00+02:00,bus034,0.0
2030,sc01,08-08 23:00:00+02:00,bus075,0.0
2030,sc01,08-08 23:00:00+02:00,bus064,0.0
2030,sc01,08-08 23:00:00+02:00,bus106,0.0
2030,sc01,08-08 23:00:00+02:00,bus076,0.0
2030,sc01,08-08 23:00:00+02:00,bus046,0.0
2030,sc01,08-08 23:00:00+02:00,bus007,0.0
2030,sc01,08-08 23:00:00+02:00,bus035,0.0
2030,sc01,08-08 23:00:00+02:00,bus117,0.0
2030,sc01,08-08 23:00:00+02:00,bus041,0.0
2030,sc01,08-08 23:00:00+02:00,bus102,0.0
2030,sc01,08-08 23:00:00+02:00,bus026,0.0
2030,sc01,08-08 23:00:00+02:00,bus077,0.0
2030,sc01,08-08 23:00:00+02:00,bus044,0.0
2030,sc01,08-08 23:00:00+02:00,bus091,0.0
2030,sc01,08-08 23:00:00+02:00,bus062,0.0
2030,sc01,08-09 04:00:00+02:00,bus093,0.0
2030,sc01,08-09 04:00:00+02:00,bus097,0.0
2030,sc01,08-09 04:00:00+02:00,bus110,0.0
2030,sc01,08-09 04:00:00+02:00,bus042,0.0
2030,sc01,08-09 04:00:00+02:00,bus066,0.0
2030,sc01,08-09 04:00:00+02:00,bus059,0.0
2030,sc01,08-09 04:00:00+02:00,bus057,0.0
2030,sc01,08-09 04:00:00+02:00,bus067,0.0
2030,sc01,08-09 04:00:00+02:00,bus069,0.0
2030,sc01,08-09 04:00:00+02:00,bus014,0.0
2030,sc01,08-09 04:00:00+02:00,bus090,0.0
2030,sc01,08-09 04:00:00+02:00,bus002,0.0
2030,sc01,08-09 04:00:00+02:00,bus005,0.0
2030,sc01,08-09 04:00:00+02:00,bus109,0.0
2030,sc01,08-09 04:00:00+02:00,bus020,0.0
2030,sc01,08-09 04:00:00+02:00,bus065,0.0
2030,sc01,08-09 04:00:00+02:00,bus001,0.0
2030,sc01,08-09 04:00:00+02:00,bus017,0.0
2030,sc01,08-09 04:00:00+02:00,bus015,0.0
2030,sc01,08-09 04:00:00+02:00,bus054,0.0
2030,sc01,08-09 04:00:00+02:00,bus086,0.0
2030,sc01,08-09 04:00:00+02:00,bus032,0.0
2030,sc01,08-09 04:00:00+02:00,bus038,0.0
2030,sc01,08-09 04:00:00+02:00,bus108,0.0
2030,sc01,08-09 04:00:00+02:00,bus087,0.0
2030,sc01,08-09 04:00:00+02:00,bus027,0.0
2030,sc01,08-09 04:00:00+02:00,bus111,0.0
2030,sc01,08-09 04:00:00+02:00,bus025,0.0
2030,sc01,08-09 04:00:00+02:00,bus029,0.0
2030,sc01,08-09 04:00:00+02:00,bus009,0.0
2030,sc01,08-09 04:00:00+02:00,bus043,0.0
2030,sc01,08-09 04:00:00+02:00,bus045,0.0
2030,sc01,08-09 04:00:00+02:00,bus084,0.0
2030,sc01,08-09 04:00:00+02:00,bus013,0.0
2030,sc01,08-09 04:00:00+02:00,bus063,0.0
2030,sc01,08-09 04:00:00+02:00,bus115,0.0
2030,sc01,08-09 04:00:00+02:00,bus010,0.0
2030,sc01,08-09 04:00:00+02:00,bus073,0.0
2030,sc01,08-09 04:00:00+02:00,bus052,0.0
2030,sc01,08-09 04:00:00+02:00,bus096,0.0
2030,sc01,08-09 04:00:00+02:00,bus050,0.0
2030,sc01,08-09 04:00:00+02:00,bus011,0.0
2030,sc01,08-09 04:00:00+02:00,bus055,0.0
2030,sc01,08-09 04:00:00+02:00,bus083,0.0
2030,sc01,08-09 04:00:00+02:00,bus081,0.0
2030,sc01,08-09 04:00:00+02:00,bus022,0.0
2030,sc01,08-09 04:00:00+02:00,bus071,0.0
2030,sc01,08-09 04:00:00+02:00,bus074,0.0
2030,sc01,08-09 04:00:00+02:00,bus040,0.0
2030,sc01,08-09 04:00:00+02:00,bus099,0.0
2030,sc01,08-09 04:00:00+02:00,bus030,0.0
2030,sc01,08-09 04:00:00+02:00,bus098,0.0
2030,sc01,08-09 04:00:00+02:00,bus053,0.0
2030,sc01,08-09 04:00:00+02:00,bus085,0.0
2030,sc01,08-09 04:00:00+02:00,bus101,0.0
2030,sc01,08-09 04:00:00+02:00,bus018,0.0
2030,sc01,08-09 04:00:00+02:00,bus023,0.0
2030,sc01,08-09 04:00:00+02:00,bus088,0.0
2030,sc01,08-09 04:00:00+02:00,bus116,0.0
2030,sc01,08-09 04:00:00+02:00,bus103,0.0
2030,sc01,08-09 04:00:00+02:00,bus008,0.0
2030,sc01,08-09 04:00:00+02:00,bus105,0.0
2030,sc01,08-09 04:00:00+02:00,bus060,0.0
2030,sc01,08-09 04:00:00+02:00,bus016,0.0
2030,sc01,08-09 04:00:00+02:00,bus082,0.0
2030,sc01,08-09 04:00:00+02:00,bus047,0.0
2030,sc01,08-09 04:00:00+02:00,bus019,0.0
2030,sc01,08-09 04:00:00+02:00,bus037,0.0
2030,sc01,08-09 04:00:00+02:00,bus006,0.0
2030,sc01,08-09 04:00:00+02:00,bus080,0.0
2030,sc01,08-09 04:00:00+02:00,bus031,0.0
2030,sc01,08-09 04:00:00+02:00,bus048,0.0
2030,sc01,08-09 04:00:00+02:00,bus107,0.0
2030,sc01,08-09 04:00:00+02:00,bus049,0.0
2030,sc01,08-09 04:00:00+02:00,bus104,0.0
2030,sc01,08-09 04:00:00+02:00,bus100,0.0
2030,sc01,08-09 04:00:00+02:00,bus072,0.0
2030,sc01,08-09 04:00:00+02:00,bus039,0.0
2030,sc01,08-09 04:00:00+02:00,bus012,0.0
2030,sc01,08-09 04:00:00+02:00,bus114,0.0
2030,sc01,08-09 04:00:00+02:00,bus112,0.0
2030,sc01,08-09 04:00:00+02:00,bus058,0.0
2030,sc01,08-09 04:00:00+02:00,bus089,0.0
2030,sc01,08-09 04:00:00+02:00,bus051,0.0
2030,sc01,08-09 04:00:00+02:00,bus056,0.0
2030,sc01,08-09 04:00:00+02:00,bus092,0.0
2030,sc01,08-09 04:00:00+02:00,bus036,0.0
2030,sc01,08-09 04:00:00+02:00,bus094,0.0
2030,sc01,08-09 04:00:00+02:00,bus095,0.0
2030,sc01,08-09 04:00:00+02:00,bus113,0.0
2030,sc01,08-09 04:00:00+02:00,bus024,0.0
2030,sc01,08-09 04:00:00+02:00,bus078,0.0
2030,sc01,08-09 04:00:00+02:00,bus033,0.0
2030,sc01,08-09 04:00:00+02:00,bus079,0.0
2030,sc01,08-09 04:00:00+02:00,bus061,0.0
2030,sc01,08-09 04:00:00+02:00,bus118,0.0
2030,sc01,08-09 04:00:00+02:00,bus003,0.0
2030,sc01,08-09 04:00:00+02:00,bus070,0.0
2030,sc01,08-09 04:00:00+02:00,bus004,0.0
2030,sc01,08-09 04:00:00+02:00,bus021,0.0
2030,sc01,08-09 04:00:00+02:00,bus068,0.0
2030,sc01,08-09 04:00:00+02:00,bus028,0.0
2030,sc01,08-09 04:00:00+02:00,bus034,0.0
2030,sc01,08-09 04:00:00+02:00,bus075,0.0
2030,sc01,08-09 04:00:00+02:00,bus064,0.0
2030,sc01,08-09 04:00:00+02:00,bus106,0.0
2030,sc01,08-09 04:00:00+02:00,bus076,0.0
2030,sc01,08-09 04:00:00+02:00,bus046,0.0
2030,sc01,08-09 04:00:00+02:00,bus007,0.0
2030,sc01,08-09 04:00:00+02:00,bus035,0.0
2030,sc01,08-09 04:00:00+02:00,bus117,0.0
2030,sc01,08-09 04:00:00+02:00,bus041,0.0
2030,sc01,08-09 04:00:00+02:00,bus102,0.0
2030,sc01,08-09 04:00:00+02:00,bus026,0.0
2030,sc01,08-09 04:00:00+02:00,bus077,0.0
2030,sc01,08-09 04:00:00+02:00,bus044,0.0
2030,sc01,08-09 04:00:00+02:00,bus091,0.0
2030,sc01,08-09 04:00:00+02:00,bus062,0.0
2030,sc01,08-10 18:00:00+02:00,bus093,0.0
2030,sc01,08-10 18:00:00+02:00,bus097,0.0
2030,sc01,08-10 18:00:00+02:00,bus110,0.0
2030,sc01,08-10 18:00:00+02:00,bus042,0.0
2030,sc01,08-10 18:00:00+02:00,bus066,0.0
2030,sc01,08-10 18:00:00+02:00,bus059,0.0
2030,sc01,08-10 18:00:00+02:00,bus057,0.0
2030,sc01,08-10 18:00:00+02:00,bus067,0.0
2030,sc01,08-10 18:00:00+02:00,bus069,0.0
2030,sc01,08-10 18:00:00+02:00,bus014,0.0
2030,sc01,08-10 18:00:00+02:00,bus090,0.0
2030,sc01,08-10 18:00:00+02:00,bus002,0.0
2030,sc01,08-10 18:00:00+02:00,bus005,0.0
2030,sc01,08-10 18:00:00+02:00,bus109,0.0
2030,sc01,08-10 18:00:00+02:00,bus020,0.0
2030,sc01,08-10 18:00:00+02:00,bus065,0.0
2030,sc01,08-10 18:00:00+02:00,bus001,0.0
2030,sc01,08-10 18:00:00+02:00,bus017,0.0
2030,sc01,08-10 18:00:00+02:00,bus015,0.0
2030,sc01,08-10 18:00:00+02:00,bus054,0.0
2030,sc01,08-10 18:00:00+02:00,bus086,0.0
2030,sc01,08-10 18:00:00+02:00,bus032,0.0
2030,sc01,08-10 18:00:00+02:00,bus038,0.0
2030,sc01,08-10 18:00:00+02:00,bus108,0.0
2030,sc01,08-10 18:00:00+02:00,bus087,0.0
2030,sc01,08-10 18:00:00+02:00,bus027,0.0
2030,sc01,08-10 18:00:00+02:00,bus111,0.0
2030,sc01,08-10 18:00:00+02:00,bus025,0.0
2030,sc01,08-10 18:00:00+02:00,bus029,0.0
2030,sc01,08-10 18:00:00+02:00,bus009,0.0
2030,sc01,08-10 18:00:00+02:00,bus043,0.0
2030,sc01,08-10 18:00:00+02:00,bus045,0.0
2030,sc01,08-10 18:00:00+02:00,bus084,0.0
2030,sc01,08-10 18:00:00+02:00,bus013,0.0
2030,sc01,08-10 18:00:00+02:00,bus063,0.0
2030,sc01,08-10 18:00:00+02:00,bus115,0.0
2030,sc01,08-10 18:00:00+02:00,bus010,0.0
2030,sc01,08-10 18:00:00+02:00,bus073,0.0
2030,sc01,08-10 18:00:00+02:00,bus052,0.0
2030,sc01,08-10 18:00:00+02:00,bus096,0.0
2030,sc01,08-10 18:00:00+02:00,bus050,0.0
2030,sc01,08-10 18:00:00+02:00,bus011,0.0
2030,sc01,08-10 18:00:00+02:00,bus055,0.0
2030,sc01,08-10 18:00:00+02:00,bus083,0.0
2030,sc01,08-10 18:00:00+02:00,bus081,0.0
2030,sc01,08-10 18:00:00+02:00,bus022,0.0
2030,sc01,08-10 18:00:00+02:00,bus071,0.0
2030,sc01,08-10 18:00:00+02:00,bus074,0.0
2030,sc01,08-10 18:00:00+02:00,bus040,0.0
2030,sc01,08-10 18:00:00+02:00,bus099,0.0
2030,sc01,08-10 18:00:00+02:00,bus030,0.0
2030,sc01,08-10 18:00:00+02:00,bus098,0.0
2030,sc01,08-10 18:00:00+02:00,bus053,0.0
2030,sc01,08-10 18:00:00+02:00,bus085,0.0
2030,sc01,08-10 18:00:00+02:00,bus101,0.0
2030,sc01,08-10 18:00:00+02:00,bus018,0.0
2030,sc01,08-10 18:00:00+02:00,bus023,0.0
2030,sc01,08-10 18:00:00+02:00,bus088,0.0
2030,sc01,08-10 18:00:00+02:00,bus116,0.0
2030,sc01,08-10 18:00:00+02:00,bus103,0.0
2030,sc01,08-10 18:00:00+02:00,bus008,0.0
2030,sc01,08-10 18:00:00+02:00,bus105,0.0
2030,sc01,08-10 18:00:00+02:00,bus060,0.0
2030,sc01,08-10 18:00:00+02:00,bus016,0.0
2030,sc01,08-10 18:00:00+02:00,bus082,0.0
2030,sc01,08-10 18:00:00+02:00,bus047,0.0
2030,sc01,08-10 18:00:00+02:00,bus019,0.0
2030,sc01,08-10 18:00:00+02:00,bus037,0.0
2030,sc01,08-10 18:00:00+02:00,bus006,0.0
2030,sc01,08-10 18:00:00+02:00,bus080,0.0
2030,sc01,08-10 18:00:00+02:00,bus031,0.0
2030,sc01,08-10 18:00:00+02:00,bus048,0.0
2030,sc01,08-10 18:00:00+02:00,bus107,0.0
2030,sc01,08-10 18:00:00+02:00,bus049,0.0
2030,sc01,08-10 18:00:00+02:00,bus104,0.0
2030,sc01,08-10 18:00:00+02:00,bus100,0.0
2030,sc01,08-10 18:00:00+02:00,bus072,0.0
2030,sc01,08-10 18:00:00+02:00,bus039,0.0
2030,sc01,08-10 18:00:00+02:00,bus012,0.0
2030,sc01,08-10 18:00:00+02:00,bus114,0.0
2030,sc01,08-10 18:00:00+02:00,bus112,0.0
2030,sc01,08-10 18:00:00+02:00,bus058,0.0
2030,sc01,08-10 18:00:00+02:00,bus089,0.0
2030,sc01,08-10 18:00:00+02:00,bus051,0.0
2030,sc01,08-10 18:00:00+02:00,bus056,0.0
2030,sc01,08-10 18:00:00+02:00,bus092,0.0
2030,sc01,08-10 18:00:00+02:00,bus036,0.0
2030,sc01,08-10 18:00:00+02:00,bus094,0.0
2030,sc01,08-10 18:00:00+02:00,bus095,0.0
2030,sc01,08-10 18:00:00+02:00,bus113,0.0
2030,sc01,08-10 18:00:00+02:00,bus024,0.0
2030,sc01,08-10 18:00:00+02:00,bus078,0.0
2030,sc01,08-10 18:00:00+02:00,bus033,0.0
2030,sc01,08-10 18:00:00+02:00,bus079,0.0
2030,sc01,08-10 18:00:00+02:00,bus061,0.0
2030,sc01,08-10 18:00:00+02:00,bus118,0.0
2030,sc01,08-10 18:00:00+02:00,bus003,0.0
2030,sc01,08-10 18:00:00+02:00,bus070,0.0
2030,sc01,08-10 18:00:00+02:00,bus004,0.0
2030,sc01,08-10 18:00:00+02:00,bus021,0.0
2030,sc01,08-10 18:00:00+02:00,bus068,0.0
2030,sc01,08-10 18:00:00+02:00,bus028,0.0
2030,sc01,08-10 18:00:00+02:00,bus034,0.0
2030,sc01,08-10 18:00:00+02:00,bus075,0.0
2030,sc01,08-10 18:00:00+02:00,bus064,0.0
2030,sc01,08-10 18:00:00+02:00,bus106,0.0
2030,sc01,08-10 18:00:00+02:00,bus076,0.0
2030,sc01,08-10 18:00:00+02:00,bus046,0.0
2030,sc01,08-10 18:00:00+02:00,bus007,0.0
2030,sc01,08-10 18:00:00+02:00,bus035,0.0
2030,sc01,08-10 18:00:00+02:00,bus117,0.0
2030,sc01,08-10 18:00:00+02:00,bus041,0.0
2030,sc01,08-10 18:00:00+02:00,bus102,0.0
2030,sc01,08-10 18:00:00+02:00,bus026,0.0
2030,sc01,08-10 18:00:00+02:00,bus077,0.0
2030,sc01,08-10 18:00:00+02:00,bus044,0.0
2030,sc01,08-10 18:00:00+02:00,bus091,0.0
2030,sc01,08-10 18:00:00+02:00,bus062,0.0
2030,sc01,08-12 15:00:00+02:00,bus093,0.0
2030,sc01,08-12 15:00:00+02:00,bus097,0.0
2030,sc01,08-12 15:00:00+02:00,bus110,0.0
2030,sc01,08-12 15:00:00+02:00,bus042,0.0
2030,sc01,08-12 15:00:00+02:00,bus066,0.0
2030,sc01,08-12 15:00:00+02:00,bus059,0.0
2030,sc01,08-12 15:00:00+02:00,bus057,0.0
2030,sc01,08-12 15:00:00+02:00,bus067,0.0
2030,sc01,08-12 15:00:00+02:00,bus069,0.0
2030,sc01,08-12 15:00:00+02:00,bus014,0.0
2030,sc01,08-12 15:00:00+02:00,bus090,0.0
2030,sc01,08-12 15:00:00+02:00,bus002,0.0
2030,sc01,08-12 15:00:00+02:00,bus005,0.0
2030,sc01,08-12 15:00:00+02:00,bus109,0.0
2030,sc01,08-12 15:00:00+02:00,bus020,0.0
2030,sc01,08-12 15:00:00+02:00,bus065,0.0
2030,sc01,08-12 15:00:00+02:00,bus001,0.0
2030,sc01,08-12 15:00:00+02:00,bus017,0.0
2030,sc01,08-12 15:00:00+02:00,bus015,0.0
2030,sc01,08-12 15:00:00+02:00,bus054,0.0
2030,sc01,08-12 15:00:00+02:00,bus086,0.0
2030,sc01,08-12 15:00:00+02:00,bus032,0.0
2030,sc01,08-12 15:00:00+02:00,bus038,0.0
2030,sc01,08-12 15:00:00+02:00,bus108,0.0
2030,sc01,08-12 15:00:00+02:00,bus087,0.0
2030,sc01,08-12 15:00:00+02:00,bus027,0.0
2030,sc01,08-12 15:00:00+02:00,bus111,0.0
2030,sc01,08-12 15:00:00+02:00,bus025,0.0
2030,sc01,08-12 15:00:00+02:00,bus029,0.0
2030,sc01,08-12 15:00:00+02:00,bus009,0.0
2030,sc01,08-12 15:00:00+02:00,bus043,0.0
2030,sc01,08-12 15:00:00+02:00,bus045,0.0
2030,sc01,08-12 15:00:00+02:00,bus084,0.0
2030,sc01,08-12 15:00:00+02:00,bus013,0.0
2030,sc01,08-12 15:00:00+02:00,bus063,0.0
2030,sc01,08-12 15:00:00+02:00,bus115,0.0
2030,sc01,08-12 15:00:00+02:00,bus010,0.0
2030,sc01,08-12 15:00:00+02:00,bus073,0.0
2030,sc01,08-12 15:00:00+02:00,bus052,0.0
2030,sc01,08-12 15:00:00+02:00,bus096,0.0
2030,sc01,08-12 15:00:00+02:00,bus050,0.0
2030,sc01,08-12 15:00:00+02:00,bus011,0.0
2030,sc01,08-12 15:00:00+02:00,bus055,0.0
2030,sc01,08-12 15:00:00+02:00,bus083,0.0
2030,sc01,08-12 15:00:00+02:00,bus081,0.0
2030,sc01,08-12 15:00:00+02:00,bus022,0.0
2030,sc01,08-12 15:00:00+02:00,bus071,0.0
2030,sc01,08-12 15:00:00+02:00,bus074,0.0
2030,sc01,08-12 15:00:00+02:00,bus040,0.0
2030,sc01,08-12 15:00:00+02:00,bus099,0.0
2030,sc01,08-12 15:00:00+02:00,bus030,0.0
2030,sc01,08-12 15:00:00+02:00,bus098,0.0
2030,sc01,08-12 15:00:00+02:00,bus053,0.0
2030,sc01,08-12 15:00:00+02:00,bus085,0.0
2030,sc01,08-12 15:00:00+02:00,bus101,0.0
2030,sc01,08-12 15:00:00+02:00,bus018,0.0
2030,sc01,08-12 15:00:00+02:00,bus023,0.0
2030,sc01,08-12 15:00:00+02:00,bus088,0.0
2030,sc01,08-12 15:00:00+02:00,bus116,0.0
2030,sc01,08-12 15:00:00+02:00,bus103,0.0
2030,sc01,08-12 15:00:00+02:00,bus008,0.0
2030,sc01,08-12 15:00:00+02:00,bus105,0.0
2030,sc01,08-12 15:00:00+02:00,bus060,0.0
2030,sc01,08-12 15:00:00+02:00,bus016,0.0
2030,sc01,08-12 15:00:00+02:00,bus082,0.0
2030,sc01,08-12 15:00:00+02:00,bus047,0.0
2030,sc01,08-12 15:00:00+02:00,bus019,0.0
2030,sc01,08-12 15:00:00+02:00,bus037,0.0
2030,sc01,08-12 15:00:00+02:00,bus006,0.0
2030,sc01,08-12 15:00:00+02:00,bus080,0.0
2030,sc01,08-12 15:00:00+02:00,bus031,0.0
2030,sc01,08-12 15:00:00+02:00,bus048,0.0
2030,sc01,08-12 15:00:00+02:00,bus107,0.0
2030,sc01,08-12 15:00:00+02:00,bus049,0.0
2030,sc01,08-12 15:00:00+02:00,bus104,0.0
2030,sc01,08-12 15:00:00+02:00,bus100,0.0
2030,sc01,08-12 15:00:00+02:00,bus072,0.0
2030,sc01,08-12 15:00:00+02:00,bus039,0.0
2030,sc01,08-12 15:00:00+02:00,bus012,0.0
2030,sc01,08-12 15:00:00+02:00,bus114,0.0
2030,sc01,08-12 15:00:00+02:00,bus112,0.0
2030,sc01,08-12 15:00:00+02:00,bus058,0.0
2030,sc01,08-12 15:00:00+02:00,bus089,0.0
2030,sc01,08-12 15:00:00+02:00,bus051,0.0
2030,sc01,08-12 15:00:00+02:00,bus056,0.0
2030,sc01,08-12 15:00:00+02:00,bus092,0.0
2030,sc01,08-12 15:00:00+02:00,bus036,0.0
2030,sc01,08-12 15:00:00+02:00,bus094,0.0
2030,sc01,08-12 15:00:00+02:00,bus095,0.0
2030,sc01,08-12 15:00:00+02:00,bus113,0.0
2030,sc01,08-12 15:00:00+02:00,bus024,0.0
2030,sc01,08-12 15:00:00+02:00,bus078,0.0
2030,sc01,08-12 15:00:00+02:00,bus033,0.0
2030,sc01,08-12 15:00:00+02:00,bus079,0.0
2030,sc01,08-12 15:00:00+02:00,bus061,0.0
2030,sc01,08-12 15:00:00+02:00,bus118,0.0
2030,sc01,08-12 15:00:00+02:00,bus003,0.0
2030,sc01,08-12 15:00:00+02:00,bus070,0.0
2030,sc01,08-12 15:00:00+02:00,bus004,0.0
2030,sc01,08-12 15:00:00+02:00,bus021,0.0
2030,sc01,08-12 15:00:00+02:00,bus068,0.0
2030,sc01,08-12 15:00:00+02:00,bus028,0.0
2030,sc01,08-12 15:00:00+02:00,bus034,0.0
2030,sc01,08-12 15:00:00+02:00,bus075,0.0
2030,sc01,08-12 15:00:00+02:00,bus064,0.0
2030,sc01,08-12 15:00:00+02:00,bus106,0.0
2030,sc01,08-12 15:00:00+02:00,bus076,0.0
2030,sc01,08-12 15:00:00+02:00,bus046,0.0
2030,sc01,08-12 15:00:00+02:00,bus007,0.0
2030,sc01,08-12 15:00:00+02:00,bus035,0.0
2030,sc01,08-12 15:00:00+02:00,bus117,0.0
2030,sc01,08-12 15:00:00+02:00,bus041,0.0
2030,sc01,08-12 15:00:00+02:00,bus102,0.0
2030,sc01,08-12 15:00:00+02:00,bus026,0.0
2030,sc01,08-12 15:00:00+02:00,bus077,0.0
2030,sc01,08-12 15:00:00+02:00,bus044,0.0
2030,sc01,08-12 15:00:00+02:00,bus091,0.0
2030,sc01,08-12 15:00:00+02:00,bus062,0.0
2030,sc01,08-13 17:00:00+02:00,bus093,0.0
2030,sc01,08-13 17:00:00+02:00,bus097,0.0
2030,sc01,08-13 17:00:00+02:00,bus110,0.0
2030,sc01,08-13 17:00:00+02:00,bus042,0.0
2030,sc01,08-13 17:00:00+02:00,bus066,0.0
2030,sc01,08-13 17:00:00+02:00,bus059,0.0
2030,sc01,08-13 17:00:00+02:00,bus057,0.0
2030,sc01,08-13 17:00:00+02:00,bus067,0.0
2030,sc01,08-13 17:00:00+02:00,bus069,0.0
2030,sc01,08-13 17:00:00+02:00,bus014,0.0
2030,sc01,08-13 17:00:00+02:00,bus090,0.0
2030,sc01,08-13 17:00:00+02:00,bus002,0.0
2030,sc01,08-13 17:00:00+02:00,bus005,0.0
2030,sc01,08-13 17:00:00+02:00,bus109,0.0
2030,sc01,08-13 17:00:00+02:00,bus020,0.0
2030,sc01,08-13 17:00:00+02:00,bus065,0.0
2030,sc01,08-13 17:00:00+02:00,bus001,0.0
2030,sc01,08-13 17:00:00+02:00,bus017,0.0
2030,sc01,08-13 17:00:00+02:00,bus015,0.0
2030,sc01,08-13 17:00:00+02:00,bus054,0.0
2030,sc01,08-13 17:00:00+02:00,bus086,0.0
2030,sc01,08-13 17:00:00+02:00,bus032,0.0
2030,sc01,08-13 17:00:00+02:00,bus038,0.0
2030,sc01,08-13 17:00:00+02:00,bus108,0.0
2030,sc01,08-13 17:00:00+02:00,bus087,0.0
2030,sc01,08-13 17:00:00+02:00,bus027,0.0
2030,sc01,08-13 17:00:00+02:00,bus111,0.0
2030,sc01,08-13 17:00:00+02:00,bus025,0.0
2030,sc01,08-13 17:00:00+02:00,bus029,0.0
2030,sc01,08-13 17:00:00+02:00,bus009,0.0
2030,sc01,08-13 17:00:00+02:00,bus043,0.0
2030,sc01,08-13 17:00:00+02:00,bus045,0.0
2030,sc01,08-13 17:00:00+02:00,bus084,0.0
2030,sc01,08-13 17:00:00+02:00,bus013,0.0
2030,sc01,08-13 17:00:00+02:00,bus063,0.0
2030,sc01,08-13 17:00:00+02:00,bus115,0.0
2030,sc01,08-13 17:00:00+02:00,bus010,0.0
2030,sc01,08-13 17:00:00+02:00,bus073,0.0
2030,sc01,08-13 17:00:00+02:00,bus052,0.0
2030,sc01,08-13 17:00:00+02:00,bus096,0.0
2030,sc01,08-13 17:00:00+02:00,bus050,0.0
2030,sc01,08-13 17:00:00+02:00,bus011,0.0
2030,sc01,08-13 17:00:00+02:00,bus055,0.0
2030,sc01,08-13 17:00:00+02:00,bus083,0.0
2030,sc01,08-13 17:00:00+02:00,bus081,0.0
2030,sc01,08-13 17:00:00+02:00,bus022,0.0
2030,sc01,08-13 17:00:00+02:00,bus071,0.0
2030,sc01,08-13 17:00:00+02:00,bus074,0.0
2030,sc01,08-13 17:00:00+02:00,bus040,0.0
2030,sc01,08-13 17:00:00+02:00,bus099,0.0
2030,sc01,08-13 17:00:00+02:00,bus030,0.0
2030,sc01,08-13 17:00:00+02:00,bus098,0.0
2030,sc01,08-13 17:00:00+02:00,bus053,0.0
2030,sc01,08-13 17:00:00+02:00,bus085,0.0
2030,sc01,08-13 17:00:00+02:00,bus101,0.0
2030,sc01,08-13 17:00:00+02:00,bus018,0.0
2030,sc01,08-13 17:00:00+02:00,bus023,0.0
2030,sc01,08-13 17:00:00+02:00,bus088,0.0
2030,sc01,08-13 17:00:00+02:00,bus116,0.0
2030,sc01,08-13 17:00:00+02:00,bus103,0.0
2030,sc01,08-13 17:00:00+02:00,bus008,0.0
2030,sc01,08-13 17:00:00+02:00,bus105,0.0
2030,sc01,08-13 17:00:00+02:00,bus060,0.0
2030,sc01,08-13 17:00:00+02:00,bus016,0.0
2030,sc01,08-13 17:00:00+02:00,bus082,0.0
2030,sc01,08-13 17:00:00+02:00,bus047,0.0
2030,sc01,08-13 17:00:00+02:00,bus019,0.0
2030,sc01,08-13 17:00:00+02:00,bus037,0.0
2030,sc01,08-13 17:00:00+02:00,bus006,0.0
2030,sc01,08-13 17:00:00+02:00,bus080,0.0
2030,sc01,08-13 17:00:00+02:00,bus031,0.0
2030,sc01,08-13 17:00:00+02:00,bus048,0.0
2030,sc01,08-13 17:00:00+02:00,bus107,0.0
2030,sc01,08-13 17:00:00+02:00,bus049,0.0
2030,sc01,08-13 17:00:00+02:00,bus104,0.0
2030,sc01,08-13 17:00:00+02:00,bus100,0.0
2030,sc01,08-13 17:00:00+02:00,bus072,0.0
2030,sc01,08-13 17:00:00+02:00,bus039,0.0
2030,sc01,08-13 17:00:00+02:00,bus012,0.0
2030,sc01,08-13 17:00:00+02:00,bus114,0.0
2030,sc01,08-13 17:00:00+02:00,bus112,0.0
2030,sc01,08-13 17:00:00+02:00,bus058,0.0
2030,sc01,08-13 17:00:00+02:00,bus089,0.0
2030,sc01,08-13 17:00:00+02:00,bus051,0.0
2030,sc01,08-13 17:00:00+02:00,bus056,0.0
2030,sc01,08-13 17:00:00+02:00,bus092,0.0
2030,sc01,08-13 17:00:00+02:00,bus036,0.0
2030,sc01,08-13 17:00:00+02:00,bus094,0.0
2030,sc01,08-13 17:00:00+02:00,bus095,0.0
2030,sc01,08-13 17:00:00+02:00,bus113,0.0
2030,sc01,08-13 17:00:00+02:00,bus024,0.0
2030,sc01,08-13 17:00:00+02:00,bus078,0.0
2030,sc01,08-13 17:00:00+02:00,bus033,0.0
2030,sc01,08-13 17:00:00+02:00,bus079,0.0
2030,sc01,08-13 17:00:00+02:00,bus061,0.0
2030,sc01,08-13 17:00:00+02:00,bus118,0.0
2030,sc01,08-13 17:00:00+02:00,bus003,0.0
2030,sc01,08-13 17:00:00+02:00,bus070,0.0
2030,sc01,08-13 17:00:00+02:00,bus004,0.0
2030,sc01,08-13 17:00:00+02:00,bus021,0.0
2030,sc01,08-13 17:00:00+02:00,bus068,0.0
2030,sc01,08-13 17:00:00+02:00,bus028,0.0
2030,sc01,08-13 17:00:00+02:00,bus034,0.0
2030,sc01,08-13 17:00:00+02:00,bus075,0.0
2030,sc01,08-13 17:00:00+02:00,bus064,0.0
2030,sc01,08-13 17:00:00+02:00,bus106,0.0
2030,sc01,08-13 17:00:00+02:00,bus076,0.0
2030,sc01,08-13 17:00:00+02:00,bus046,0.0
2030,sc01,08-13 17:00:00+02:00,bus007,0.0
2030,sc01,08-13 17:00:00+02:00,bus035,0.0
2030,sc01,08-13 17:00:00+02:00,bus117,0.0
2030,sc01,08-13 17:00:00+02:00,bus041,0.0
2030,sc01,08-13 17:00:00+02:00,bus102,0.0
2030,sc01,08-13 17:00:00+02:00,bus026,0.0
2030,sc01,08-13 17:00:00+02:00,bus077,0.0
2030,sc01,08-13 17:00:00+02:00,bus044,0.0
2030,sc01,08-13 17:00:00+02:00,bus091,0.0
2030,sc01,08-13 17:00:00+02:00,bus062,0.0
2030,sc01,08-13 18:00:00+02:00,bus093,0.0
2030,sc01,08-13 18:00:00+02:00,bus097,0.0
2030,sc01,08-13 18:00:00+02:00,bus110,0.0
2030,sc01,08-13 18:00:00+02:00,bus042,0.0
2030,sc01,08-13 18:00:00+02:00,bus066,0.0
2030,sc01,08-13 18:00:00+02:00,bus059,0.0
2030,sc01,08-13 18:00:00+02:00,bus057,0.0
2030,sc01,08-13 18:00:00+02:00,bus067,0.0
2030,sc01,08-13 18:00:00+02:00,bus069,0.0
2030,sc01,08-13 18:00:00+02:00,bus014,0.0
2030,sc01,08-13 18:00:00+02:00,bus090,0.0
2030,sc01,08-13 18:00:00+02:00,bus002,0.0
2030,sc01,08-13 18:00:00+02:00,bus005,0.0
2030,sc01,08-13 18:00:00+02:00,bus109,0.0
2030,sc01,08-13 18:00:00+02:00,bus020,0.0
2030,sc01,08-13 18:00:00+02:00,bus065,0.0
2030,sc01,08-13 18:00:00+02:00,bus001,0.0
2030,sc01,08-13 18:00:00+02:00,bus017,0.0
2030,sc01,08-13 18:00:00+02:00,bus015,0.0
2030,sc01,08-13 18:00:00+02:00,bus054,0.0
2030,sc01,08-13 18:00:00+02:00,bus086,0.0
2030,sc01,08-13 18:00:00+02:00,bus032,0.0
2030,sc01,08-13 18:00:00+02:00,bus038,0.0
2030,sc01,08-13 18:00:00+02:00,bus108,0.0
2030,sc01,08-13 18:00:00+02:00,bus087,0.0
2030,sc01,08-13 18:00:00+02:00,bus027,0.0
2030,sc01,08-13 18:00:00+02:00,bus111,0.0
2030,sc01,08-13 18:00:00+02:00,bus025,0.0
2030,sc01,08-13 18:00:00+02:00,bus029,0.0
2030,sc01,08-13 18:00:00+02:00,bus009,0.0
2030,sc01,08-13 18:00:00+02:00,bus043,0.0
2030,sc01,08-13 18:00:00+02:00,bus045,0.0
2030,sc01,08-13 18:00:00+02:00,bus084,0.0
2030,sc01,08-13 18:00:00+02:00,bus013,0.0
2030,sc01,08-13 18:00:00+02:00,bus063,0.0
2030,sc01,08-13 18:00:00+02:00,bus115,0.0
2030,sc01,08-13 18:00:00+02:00,bus010,0.0
2030,sc01,08-13 18:00:00+02:00,bus073,0.0
2030,sc01,08-13 18:00:00+02:00,bus052,0.0
2030,sc01,08-13 18:00:00+02:00,bus096,0.0
2030,sc01,08-13 18:00:00+02:00,bus050,0.0
2030,sc01,08-13 18:00:00+02:00,bus011,0.0
2030,sc01,08-13 18:00:00+02:00,bus055,0.0
2030,sc01,08-13 18:00:00+02:00,bus083,0.0
2030,sc01,08-13 18:00:00+02:00,bus081,0.0
2030,sc01,08-13 18:00:00+02:00,bus022,0.0
2030,sc01,08-13 18:00:00+02:00,bus071,0.0
2030,sc01,08-13 18:00:00+02:00,bus074,0.0
2030,sc01,08-13 18:00:00+02:00,bus040,0.0
2030,sc01,08-13 18:00:00+02:00,bus099,0.0
2030,sc01,08-13 18:00:00+02:00,bus030,0.0
2030,sc01,08-13 18:00:00+02:00,bus098,0.0
2030,sc01,08-13 18:00:00+02:00,bus053,0.0
2030,sc01,08-13 18:00:00+02:00,bus085,0.0
2030,sc01,08-13 18:00:00+02:00,bus101,0.0
2030,sc01,08-13 18:00:00+02:00,bus018,0.0
2030,sc01,08-13 18:00:00+02:00,bus023,0.0
2030,sc01,08-13 18:00:00+02:00,bus088,0.0
2030,sc01,08-13 18:00:00+02:00,bus116,0.0
2030,sc01,08-13 18:00:00+02:00,bus103,0.0
2030,sc01,08-13 18:00:00+02:00,bus008,0.0
2030,sc01,08-13 18:00:00+02:00,bus105,0.0
2030,sc01,08-13 18:00:00+02:00,bus060,0.0
2030,sc01,08-13 18:00:00+02:00,bus016,0.0
2030,sc01,08-13 18:00:00+02:00,bus082,0.0
2030,sc01,08-13 18:00:00+02:00,bus047,0.0
2030,sc01,08-13 18:00:00+02:00,bus019,0.0
2030,sc01,08-13 18:00:00+02:00,bus037,0.0
2030,sc01,08-13 18:00:00+02:00,bus006,0.0
2030,sc01,08-13 18:00:00+02:00,bus080,0.0
2030,sc01,08-13 18:00:00+02:00,bus031,0.0
2030,sc01,08-13 18:00:00+02:00,bus048,0.0
2030,sc01,08-13 18:00:00+02:00,bus107,0.0
2030,sc01,08-13 18:00:00+02:00,bus049,0.0
2030,sc01,08-13 18:00:00+02:00,bus104,0.0
2030,sc01,08-13 18:00:00+02:00,bus100,0.0
2030,sc01,08-13 18:00:00+02:00,bus072,0.0
2030,sc01,08-13 18:00:00+02:00,bus039,0.0
2030,sc01,08-13 18:00:00+02:00,bus012,0.0
2030,sc01,08-13 18:00:00+02:00,bus114,0.0
2030,sc01,08-13 18:00:00+02:00,bus112,0.0
2030,sc01,08-13 18:00:00+02:00,bus058,0.0
2030,sc01,08-13 18:00:00+02:00,bus089,0.0
2030,sc01,08-13 18:00:00+02:00,bus051,0.0
2030,sc01,08-13 18:00:00+02:00,bus056,0.0
2030,sc01,08-13 18:00:00+02:00,bus092,0.0
2030,sc01,08-13 18:00:00+02:00,bus036,0.0
2030,sc01,08-13 18:00:00+02:00,bus094,0.0
2030,sc01,08-13 18:00:00+02:00,bus095,0.0
2030,sc01,08-13 18:00:00+02:00,bus113,0.0
2030,sc01,08-13 18:00:00+02:00,bus024,0.0
2030,sc01,08-13 18:00:00+02:00,bus078,0.0
2030,sc01,08-13 18:00:00+02:00,bus033,0.0
2030,sc01,08-13 18:00:00+02:00,bus079,0.0
2030,sc01,08-13 18:00:00+02:00,bus061,0.0
2030,sc01,08-13 18:00:00+02:00,bus118,0.0
2030,sc01,08-13 18:00:00+02:00,bus003,0.0
2030,sc01,08-13 18:00:00+02:00,bus070,0.0
2030,sc01,08-13 18:00:00+02:00,bus004,0.0
2030,sc01,08-13 18:00:00+02:00,bus021,0.0
2030,sc01,08-13 18:00:00+02:00,bus068,0.0
2030,sc01,08-13 18:00:00+02:00,bus028,0.0
2030,sc01,08-13 18:00:00+02:00,bus034,0.0
2030,sc01,08-13 18:00:00+02:00,bus075,0.0
2030,sc01,08-13 18:00:00+02:00,bus064,0.0
2030,sc01,08-13 18:00:00+02:00,bus106,0.0
2030,sc01,08-13 18:00:00+02:00,bus076,0.0
2030,sc01,08-13 18:00:00+02:00,bus046,0.0
2030,sc01,08-13 18:00:00+02:00,bus007,0.0
2030,sc01,08-13 18:00:00+02:00,bus035,0.0
2030,sc01,08-13 18:00:00+02:00,bus117,0.0
2030,sc01,08-13 18:00:00+02:00,bus041,0.0
2030,sc01,08-13 18:00:00+02:00,bus102,0.0
2030,sc01,08-13 18:00:00+02:00,bus026,0.0
2030,sc01,08-13 18:00:00+02:00,bus077,0.0
2030,sc01,08-13 18:00:00+02:00,bus044,0.0
2030,sc01,08-13 18:00:00+02:00,bus091,0.0
2030,sc01,08-13 18:00:00+02:00,bus062,0.0
2030,sc01,08-14 14:00:00+02:00,bus093,0.0
2030,sc01,08-14 14:00:00+02:00,bus097,0.0
2030,sc01,08-14 14:00:00+02:00,bus110,0.0
2030,sc01,08-14 14:00:00+02:00,bus042,0.0
2030,sc01,08-14 14:00:00+02:00,bus066,0.0
2030,sc01,08-14 14:00:00+02:00,bus059,0.0
2030,sc01,08-14 14:00:00+02:00,bus057,0.0
2030,sc01,08-14 14:00:00+02:00,bus067,0.0
2030,sc01,08-14 14:00:00+02:00,bus069,0.0
2030,sc01,08-14 14:00:00+02:00,bus014,0.0
2030,sc01,08-14 14:00:00+02:00,bus090,0.0
2030,sc01,08-14 14:00:00+02:00,bus002,0.0
2030,sc01,08-14 14:00:00+02:00,bus005,0.0
2030,sc01,08-14 14:00:00+02:00,bus109,0.0
2030,sc01,08-14 14:00:00+02:00,bus020,0.0
2030,sc01,08-14 14:00:00+02:00,bus065,0.0
2030,sc01,08-14 14:00:00+02:00,bus001,0.0
2030,sc01,08-14 14:00:00+02:00,bus017,0.0
2030,sc01,08-14 14:00:00+02:00,bus015,0.0
2030,sc01,08-14 14:00:00+02:00,bus054,0.0
2030,sc01,08-14 14:00:00+02:00,bus086,0.0
2030,sc01,08-14 14:00:00+02:00,bus032,0.0
2030,sc01,08-14 14:00:00+02:00,bus038,0.0
2030,sc01,08-14 14:00:00+02:00,bus108,0.0
2030,sc01,08-14 14:00:00+02:00,bus087,0.0
2030,sc01,08-14 14:00:00+02:00,bus027,0.0
2030,sc01,08-14 14:00:00+02:00,bus111,0.0
2030,sc01,08-14 14:00:00+02:00,bus025,0.0
2030,sc01,08-14 14:00:00+02:00,bus029,0.0
2030,sc01,08-14 14:00:00+02:00,bus009,0.0
2030,sc01,08-14 14:00:00+02:00,bus043,0.0
2030,sc01,08-14 14:00:00+02:00,bus045,0.0
2030,sc01,08-14 14:00:00+02:00,bus084,0.0
2030,sc01,08-14 14:00:00+02:00,bus013,0.0
2030,sc01,08-14 14:00:00+02:00,bus063,0.0
2030,sc01,08-14 14:00:00+02:00,bus115,0.0
2030,sc01,08-14 14:00:00+02:00,bus010,0.0
2030,sc01,08-14 14:00:00+02:00,bus073,0.0
2030,sc01,08-14 14:00:00+02:00,bus052,0.0
2030,sc01,08-14 14:00:00+02:00,bus096,0.0
2030,sc01,08-14 14:00:00+02:00,bus050,0.0
2030,sc01,08-14 14:00:00+02:00,bus011,0.0
2030,sc01,08-14 14:00:00+02:00,bus055,0.0
2030,sc01,08-14 14:00:00+02:00,bus083,0.0
2030,sc01,08-14 14:00:00+02:00,bus081,0.0
2030,sc01,08-14 14:00:00+02:00,bus022,0.0
2030,sc01,08-14 14:00:00+02:00,bus071,0.0
2030,sc01,08-14 14:00:00+02:00,bus074,0.0
2030,sc01,08-14 14:00:00+02:00,bus040,0.0
2030,sc01,08-14 14:00:00+02:00,bus099,0.0
2030,sc01,08-14 14:00:00+02:00,bus030,0.0
2030,sc01,08-14 14:00:00+02:00,bus098,0.0
2030,sc01,08-14 14:00:00+02:00,bus053,0.0
2030,sc01,08-14 14:00:00+02:00,bus085,0.0
2030,sc01,08-14 14:00:00+02:00,bus101,0.0
2030,sc01,08-14 14:00:00+02:00,bus018,0.0
2030,sc01,08-14 14:00:00+02:00,bus023,0.0
2030,sc01,08-14 14:00:00+02:00,bus088,0.0
2030,sc01,08-14 14:00:00+02:00,bus116,0.0
2030,sc01,08-14 14:00:00+02:00,bus103,0.0
2030,sc01,08-14 14:00:00+02:00,bus008,0.0
2030,sc01,08-14 14:00:00+02:00,bus105,0.0
2030,sc01,08-14 14:00:00+02:00,bus060,0.0
2030,sc01,08-14 14:00:00+02:00,bus016,0.0
2030,sc01,08-14 14:00:00+02:00,bus082,0.0
2030,sc01,08-14 14:00:00+02:00,bus047,0.0
2030,sc01,08-14 14:00:00+02:00,bus019,0.0
2030,sc01,08-14 14:00:00+02:00,bus037,0.0
2030,sc01,08-14 14:00:00+02:00,bus006,0.0
2030,sc01,08-14 14:00:00+02:00,bus080,0.0
2030,sc01,08-14 14:00:00+02:00,bus031,0.0
2030,sc01,08-14 14:00:00+02:00,bus048,0.0
2030,sc01,08-14 14:00:00+02:00,bus107,0.0
2030,sc01,08-14 14:00:00+02:00,bus049,0.0
2030,sc01,08-14 14:00:00+02:00,bus104,0.0
2030,sc01,08-14 14:00:00+02:00,bus100,0.0
2030,sc01,08-14 14:00:00+02:00,bus072,0.0
2030,sc01,08-14 14:00:00+02:00,bus039,0.0
2030,sc01,08-14 14:00:00+02:00,bus012,0.0
2030,sc01,08-14 14:00:00+02:00,bus114,0.0
2030,sc01,08-14 14:00:00+02:00,bus112,0.0
2030,sc01,08-14 14:00:00+02:00,bus058,0.0
2030,sc01,08-14 14:00:00+02:00,bus089,0.0
2030,sc01,08-14 14:00:00+02:00,bus051,0.0
2030,sc01,08-14 14:00:00+02:00,bus056,0.0
2030,sc01,08-14 14:00:00+02:00,bus092,0.0
2030,sc01,08-14 14:00:00+02:00,bus036,0.0
2030,sc01,08-14 14:00:00+02:00,bus094,0.0
2030,sc01,08-14 14:00:00+02:00,bus095,0.0
2030,sc01,08-14 14:00:00+02:00,bus113,0.0
2030,sc01,08-14 14:00:00+02:00,bus024,0.0
2030,sc01,08-14 14:00:00+02:00,bus078,0.0
2030,sc01,08-14 14:00:00+02:00,bus033,0.0
2030,sc01,08-14 14:00:00+02:00,bus079,0.0
2030,sc01,08-14 14:00:00+02:00,bus061,0.0
2030,sc01,08-14 14:00:00+02:00,bus118,0.0
2030,sc01,08-14 14:00:00+02:00,bus003,0.0
2030,sc01,08-14 14:00:00+02:00,bus070,0.0
2030,sc01,08-14 14:00:00+02:00,bus004,0.0
2030,sc01,08-14 14:00:00+02:00,bus021,0.0
2030,sc01,08-14 14:00:00+02:00,bus068,0.0
2030,sc01,08-14 14:00:00+02:00,bus028,0.0
2030,sc01,08-14 14:00:00+02:00,bus034,0.0
2030,sc01,08-14 14:00:00+02:00,bus075,0.0
2030,sc01,08-14 14:00:00+02:00,bus064,0.0
2030,sc01,08-14 14:00:00+02:00,bus106,0.0
2030,sc01,08-14 14:00:00+02:00,bus076,0.0
2030,sc01,08-14 14:00:00+02:00,bus046,0.0
2030,sc01,08-14 14:00:00+02:00,bus007,0.0
2030,sc01,08-14 14:00:00+02:00,bus035,0.0
2030,sc01,08-14 14:00:00+02:00,bus117,0.0
2030,sc01,08-14 14:00:00+02:00,bus041,0.0
2030,sc01,08-14 14:00:00+02:00,bus102,0.0
2030,sc01,08-14 14:00:00+02:00,bus026,0.0
2030,sc01,08-14 14:00:00+02:00,bus077,0.0
2030,sc01,08-14 14:00:00+02:00,bus044,0.0
2030,sc01,08-14 14:00:00+02:00,bus091,0.0
2030,sc01,08-14 14:00:00+02:00,bus062,0.0
2030,sc01,08-22 14:00:00+02:00,bus093,0.0
2030,sc01,08-22 14:00:00+02:00,bus097,0.0
2030,sc01,08-22 14:00:00+02:00,bus110,0.0
2030,sc01,08-22 14:00:00+02:00,bus042,0.0
2030,sc01,08-22 14:00:00+02:00,bus066,0.0
2030,sc01,08-22 14:00:00+02:00,bus059,0.0
2030,sc01,08-22 14:00:00+02:00,bus057,0.0
2030,sc01,08-22 14:00:00+02:00,bus067,0.0
2030,sc01,08-22 14:00:00+02:00,bus069,0.0
2030,sc01,08-22 14:00:00+02:00,bus014,0.0
2030,sc01,08-22 14:00:00+02:00,bus090,0.0
2030,sc01,08-22 14:00:00+02:00,bus002,0.0
2030,sc01,08-22 14:00:00+02:00,bus005,0.0
2030,sc01,08-22 14:00:00+02:00,bus109,0.0
2030,sc01,08-22 14:00:00+02:00,bus020,0.0
2030,sc01,08-22 14:00:00+02:00,bus065,0.0
2030,sc01,08-22 14:00:00+02:00,bus001,0.0
2030,sc01,08-22 14:00:00+02:00,bus017,0.0
2030,sc01,08-22 14:00:00+02:00,bus015,0.0
2030,sc01,08-22 14:00:00+02:00,bus054,0.0
2030,sc01,08-22 14:00:00+02:00,bus086,0.0
2030,sc01,08-22 14:00:00+02:00,bus032,0.0
2030,sc01,08-22 14:00:00+02:00,bus038,0.0
2030,sc01,08-22 14:00:00+02:00,bus108,0.0
2030,sc01,08-22 14:00:00+02:00,bus087,0.0
2030,sc01,08-22 14:00:00+02:00,bus027,0.0
2030,sc01,08-22 14:00:00+02:00,bus111,0.0
2030,sc01,08-22 14:00:00+02:00,bus025,0.0
2030,sc01,08-22 14:00:00+02:00,bus029,0.0
2030,sc01,08-22 14:00:00+02:00,bus009,0.0
2030,sc01,08-22 14:00:00+02:00,bus043,0.0
2030,sc01,08-22 14:00:00+02:00,bus045,0.0
2030,sc01,08-22 14:00:00+02:00,bus084,0.0
2030,sc01,08-22 14:00:00+02:00,bus013,0.0
2030,sc01,08-22 14:00:00+02:00,bus063,0.0
2030,sc01,08-22 14:00:00+02:00,bus115,0.0
2030,sc01,08-22 14:00:00+02:00,bus010,0.0
2030,sc01,08-22 14:00:00+02:00,bus073,0.0
2030,sc01,08-22 14:00:00+02:00,bus052,0.0
2030,sc01,08-22 14:00:00+02:00,bus096,0.0
2030,sc01,08-22 14:00:00+02:00,bus050,0.0
2030,sc01,08-22 14:00:00+02:00,bus011,0.0
2030,sc01,08-22 14:00:00+02:00,bus055,0.0
2030,sc01,08-22 14:00:00+02:00,bus083,0.0
2030,sc01,08-22 14:00:00+02:00,bus081,0.0
2030,sc01,08-22 14:00:00+02:00,bus022,0.0
2030,sc01,08-22 14:00:00+02:00,bus071,0.0
2030,sc01,08-22 14:00:00+02:00,bus074,0.0
2030,sc01,08-22 14:00:00+02:00,bus040,0.0
2030,sc01,08-22 14:00:00+02:00,bus099,0.0
2030,sc01,08-22 14:00:00+02:00,bus030,0.0
2030,sc01,08-22 14:00:00+02:00,bus098,0.0
2030,sc01,08-22 14:00:00+02:00,bus053,0.0
2030,sc01,08-22 14:00:00+02:00,bus085,0.0
2030,sc01,08-22 14:00:00+02:00,bus101,0.0
2030,sc01,08-22 14:00:00+02:00,bus018,0.0
2030,sc01,08-22 14:00:00+02:00,bus023,0.0
2030,sc01,08-22 14:00:00+02:00,bus088,0.0
2030,sc01,08-22 14:00:00+02:00,bus116,0.0
2030,sc01,08-22 14:00:00+02:00,bus103,0.0
2030,sc01,08-22 14:00:00+02:00,bus008,0.0
2030,sc01,08-22 14:00:00+02:00,bus105,0.0
2030,sc01,08-22 14:00:00+02:00,bus060,0.0
2030,sc01,08-22 14:00:00+02:00,bus016,0.0
2030,sc01,08-22 14:00:00+02:00,bus082,0.0
2030,sc01,08-22 14:00:00+02:00,bus047,0.0
2030,sc01,08-22 14:00:00+02:00,bus019,0.0
2030,sc01,08-22 14:00:00+02:00,bus037,0.0
2030,sc01,08-22 14:00:00+02:00,bus006,0.0
2030,sc01,08-22 14:00:00+02:00,bus080,0.0
2030,sc01,08-22 14:00:00+02:00,bus031,0.0
2030,sc01,08-22 14:00:00+02:00,bus048,0.0
2030,sc01,08-22 14:00:00+02:00,bus107,0.0
2030,sc01,08-22 14:00:00+02:00,bus049,0.0
2030,sc01,08-22 14:00:00+02:00,bus104,0.0
2030,sc01,08-22 14:00:00+02:00,bus100,0.0
2030,sc01,08-22 14:00:00+02:00,bus072,0.0
2030,sc01,08-22 14:00:00+02:00,bus039,0.0
2030,sc01,08-22 14:00:00+02:00,bus012,0.0
2030,sc01,08-22 14:00:00+02:00,bus114,0.0
2030,sc01,08-22 14:00:00+02:00,bus112,0.0
2030,sc01,08-22 14:00:00+02:00,bus058,0.0
2030,sc01,08-22 14:00:00+02:00,bus089,0.0
2030,sc01,08-22 14:00:00+02:00,bus051,0.0
2030,sc01,08-22 14:00:00+02:00,bus056,0.0
2030,sc01,08-22 14:00:00+02:00,bus092,0.0
2030,sc01,08-22 14:00:00+02:00,bus036,0.0
2030,sc01,08-22 14:00:00+02:00,bus094,0.0
2030,sc01,08-22 14:00:00+02:00,bus095,0.0
2030,sc01,08-22 14:00:00+02:00,bus113,0.0
2030,sc01,08-22 14:00:00+02:00,bus024,0.0
2030,sc01,08-22 14:00:00+02:00,bus078,0.0
2030,sc01,08-22 14:00:00+02:00,bus033,0.0
2030,sc01,08-22 14:00:00+02:00,bus079,0.0
2030,sc01,08-22 14:00:00+02:00,bus061,0.0
2030,sc01,08-22 14:00:00+02:00,bus118,0.0
2030,sc01,08-22 14:00:00+02:00,bus003,0.0
2030,sc01,08-22 14:00:00+02:00,bus070,0.0
2030,sc01,08-22 14:00:00+02:00,bus004,0.0
2030,sc01,08-22 14:00:00+02:00,bus021,0.0
2030,sc01,08-22 14:00:00+02:00,bus068,0.0
2030,sc01,08-22 14:00:00+02:00,bus028,0.0
2030,sc01,08-22 14:00:00+02:00,bus034,0.0
2030,sc01,08-22 14:00:00+02:00,bus075,0.0
2030,sc01,08-22 14:00:00+02:00,bus064,0.0
2030,sc01,08-22 14:00:00+02:00,bus106,0.0
2030,sc01,08-22 14:00:00+02:00,bus076,0.0
2030,sc01,08-22 14:00:00+02:00,bus046,0.0
2030,sc01,08-22 14:00:00+02:00,bus007,0.0
2030,sc01,08-22 14:00:00+02:00,bus035,0.0
2030,sc01,08-22 14:00:00+02:00,bus117,0.0
2030,sc01,08-22 14:00:00+02:00,bus041,0.0
2030,sc01,08-22 14:00:00+02:00,bus102,0.0
2030,sc01,08-22 14:00:00+02:00,bus026,0.0
2030,sc01,08-22 14:00:00+02:00,bus077,0.0
2030,sc01,08-22 14:00:00+02:00,bus044,0.0
2030,sc01,08-22 14:00:00+02:00,bus091,0.0
2030,sc01,08-22 14:00:00+02:00,bus062,0.0
2030,sc01,08-22 20:00:00+02:00,bus093,0.0
2030,sc01,08-22 20:00:00+02:00,bus097,0.0
2030,sc01,08-22 20:00:00+02:00,bus110,0.0
2030,sc01,08-22 20:00:00+02:00,bus042,0.0
2030,sc01,08-22 20:00:00+02:00,bus066,0.0
2030,sc01,08-22 20:00:00+02:00,bus059,0.0
2030,sc01,08-22 20:00:00+02:00,bus057,0.0
2030,sc01,08-22 20:00:00+02:00,bus067,0.0
2030,sc01,08-22 20:00:00+02:00,bus069,0.0
2030,sc01,08-22 20:00:00+02:00,bus014,0.0
2030,sc01,08-22 20:00:00+02:00,bus090,0.0
2030,sc01,08-22 20:00:00+02:00,bus002,0.0
2030,sc01,08-22 20:00:00+02:00,bus005,0.0
2030,sc01,08-22 20:00:00+02:00,bus109,0.0
2030,sc01,08-22 20:00:00+02:00,bus020,0.0
2030,sc01,08-22 20:00:00+02:00,bus065,0.0
2030,sc01,08-22 20:00:00+02:00,bus001,0.0
2030,sc01,08-22 20:00:00+02:00,bus017,0.0
2030,sc01,08-22 20:00:00+02:00,bus015,0.0
2030,sc01,08-22 20:00:00+02:00,bus054,0.0
2030,sc01,08-22 20:00:00+02:00,bus086,0.0
2030,sc01,08-22 20:00:00+02:00,bus032,0.0
2030,sc01,08-22 20:00:00+02:00,bus038,0.0
2030,sc01,08-22 20:00:00+02:00,bus108,0.0
2030,sc01,08-22 20:00:00+02:00,bus087,0.0
2030,sc01,08-22 20:00:00+02:00,bus027,0.0
2030,sc01,08-22 20:00:00+02:00,bus111,0.0
2030,sc01,08-22 20:00:00+02:00,bus025,0.0
2030,sc01,08-22 20:00:00+02:00,bus029,0.0
2030,sc01,08-22 20:00:00+02:00,bus009,0.0
2030,sc01,08-22 20:00:00+02:00,bus043,0.0
2030,sc01,08-22 20:00:00+02:00,bus045,0.0
2030,sc01,08-22 20:00:00+02:00,bus084,0.0
2030,sc01,08-22 20:00:00+02:00,bus013,0.0
2030,sc01,08-22 20:00:00+02:00,bus063,0.0
2030,sc01,08-22 20:00:00+02:00,bus115,0.0
2030,sc01,08-22 20:00:00+02:00,bus010,0.0
2030,sc01,08-22 20:00:00+02:00,bus073,0.0
2030,sc01,08-22 20:00:00+02:00,bus052,0.0
2030,sc01,08-22 20:00:00+02:00,bus096,0.0
2030,sc01,08-22 20:00:00+02:00,bus050,0.0
2030,sc01,08-22 20:00:00+02:00,bus011,0.0
2030,sc01,08-22 20:00:00+02:00,bus055,0.0
2030,sc01,08-22 20:00:00+02:00,bus083,0.0
2030,sc01,08-22 20:00:00+02:00,bus081,0.0
2030,sc01,08-22 20:00:00+02:00,bus022,0.0
2030,sc01,08-22 20:00:00+02:00,bus071,0.0
2030,sc01,08-22 20:00:00+02:00,bus074,0.0
2030,sc01,08-22 20:00:00+02:00,bus040,0.0
2030,sc01,08-22 20:00:00+02:00,bus099,0.0
2030,sc01,08-22 20:00:00+02:00,bus030,0.0
2030,sc01,08-22 20:00:00+02:00,bus098,0.0
2030,sc01,08-22 20:00:00+02:00,bus053,0.0
2030,sc01,08-22 20:00:00+02:00,bus085,0.0
2030,sc01,08-22 20:00:00+02:00,bus101,0.0
2030,sc01,08-22 20:00:00+02:00,bus018,0.0
2030,sc01,08-22 20:00:00+02:00,bus023,0.0
2030,sc01,08-22 20:00:00+02:00,bus088,0.0
2030,sc01,08-22 20:00:00+02:00,bus116,0.0
2030,sc01,08-22 20:00:00+02:00,bus103,0.0
2030,sc01,08-22 20:00:00+02:00,bus008,0.0
2030,sc01,08-22 20:00:00+02:00,bus105,0.0
2030,sc01,08-22 20:00:00+02:00,bus060,0.0
2030,sc01,08-22 20:00:00+02:00,bus016,0.0
2030,sc01,08-22 20:00:00+02:00,bus082,0.0
2030,sc01,08-22 20:00:00+02:00,bus047,0.0
2030,sc01,08-22 20:00:00+02:00,bus019,0.0
2030,sc01,08-22 20:00:00+02:00,bus037,0.0
2030,sc01,08-22 20:00:00+02:00,bus006,0.0
2030,sc01,08-22 20:00:00+02:00,bus080,0.0
2030,sc01,08-22 20:00:00+02:00,bus031,0.0
2030,sc01,08-22 20:00:00+02:00,bus048,0.0
2030,sc01,08-22 20:00:00+02:00,bus107,0.0
2030,sc01,08-22 20:00:00+02:00,bus049,0.0
2030,sc01,08-22 20:00:00+02:00,bus104,0.0
2030,sc01,08-22 20:00:00+02:00,bus100,0.0
2030,sc01,08-22 20:00:00+02:00,bus072,0.0
2030,sc01,08-22 20:00:00+02:00,bus039,0.0
2030,sc01,08-22 20:00:00+02:00,bus012,0.0
2030,sc01,08-22 20:00:00+02:00,bus114,0.0
2030,sc01,08-22 20:00:00+02:00,bus112,0.0
2030,sc01,08-22 20:00:00+02:00,bus058,0.0
2030,sc01,08-22 20:00:00+02:00,bus089,0.0
2030,sc01,08-22 20:00:00+02:00,bus051,0.0
2030,sc01,08-22 20:00:00+02:00,bus056,0.0
2030,sc01,08-22 20:00:00+02:00,bus092,0.0
2030,sc01,08-22 20:00:00+02:00,bus036,0.0
2030,sc01,08-22 20:00:00+02:00,bus094,0.0
2030,sc01,08-22 20:00:00+02:00,bus095,0.0
2030,sc01,08-22 20:00:00+02:00,bus113,0.0
2030,sc01,08-22 20:00:00+02:00,bus024,0.0
2030,sc01,08-22 20:00:00+02:00,bus078,0.0
2030,sc01,08-22 20:00:00+02:00,bus033,0.0
2030,sc01,08-22 20:00:00+02:00,bus079,0.0
2030,sc01,08-22 20:00:00+02:00,bus061,0.0
2030,sc01,08-22 20:00:00+02:00,bus118,0.0
2030,sc01,08-22 20:00:00+02:00,bus003,0.0
2030,sc01,08-22 20:00:00+02:00,bus070,0.0
2030,sc01,08-22 20:00:00+02:00,bus004,0.0
2030,sc01,08-22 20:00:00+02:00,bus021,0.0
2030,sc01,08-22 20:00:00+02:00,bus068,0.0
2030,sc01,08-22 20:00:00+02:00,bus028,0.0
2030,sc01,08-22 20:00:00+02:00,bus034,0.0
2030,sc01,08-22 20:00:00+02:00,bus075,0.0
2030,sc01,08-22 20:00:00+02:00,bus064,0.0
2030,sc01,08-22 20:00:00+02:00,bus106,0.0
2030,sc01,08-22 20:00:00+02:00,bus076,0.0
2030,sc01,08-22 20:00:00+02:00,bus046,0.0
2030,sc01,08-22 20:00:00+02:00,bus007,0.0
2030,sc01,08-22 20:00:00+02:00,bus035,0.0
2030,sc01,08-22 20:00:00+02:00,bus117,0.0
2030,sc01,08-22 20:00:00+02:00,bus041,0.0
2030,sc01,08-22 20:00:00+02:00,bus102,0.0
2030,sc01,08-22 20:00:00+02:00,bus026,0.0
2030,sc01,08-22 20:00:00+02:00,bus077,0.0
2030,sc01,08-22 20:00:00+02:00,bus044,0.0
2030,sc01,08-22 20:00:00+02:00,bus091,0.0
2030,sc01,08-22 20:00:00+02:00,bus062,0.0
2030,sc01,08-24 21:00:00+02:00,bus093,0.0
2030,sc01,08-24 21:00:00+02:00,bus097,0.0
2030,sc01,08-24 21:00:00+02:00,bus110,0.0
2030,sc01,08-24 21:00:00+02:00,bus042,0.0
2030,sc01,08-24 21:00:00+02:00,bus066,0.0
2030,sc01,08-24 21:00:00+02:00,bus059,0.0
2030,sc01,08-24 21:00:00+02:00,bus057,0.0
2030,sc01,08-24 21:00:00+02:00,bus067,0.0
2030,sc01,08-24 21:00:00+02:00,bus069,0.0
2030,sc01,08-24 21:00:00+02:00,bus014,0.0
2030,sc01,08-24 21:00:00+02:00,bus090,0.0
2030,sc01,08-24 21:00:00+02:00,bus002,0.0
2030,sc01,08-24 21:00:00+02:00,bus005,0.0
2030,sc01,08-24 21:00:00+02:00,bus109,0.0
2030,sc01,08-24 21:00:00+02:00,bus020,0.0
2030,sc01,08-24 21:00:00+02:00,bus065,0.0
2030,sc01,08-24 21:00:00+02:00,bus001,0.0
2030,sc01,08-24 21:00:00+02:00,bus017,0.0
2030,sc01,08-24 21:00:00+02:00,bus015,0.0
2030,sc01,08-24 21:00:00+02:00,bus054,0.0
2030,sc01,08-24 21:00:00+02:00,bus086,0.0
2030,sc01,08-24 21:00:00+02:00,bus032,0.0
2030,sc01,08-24 21:00:00+02:00,bus038,0.0
2030,sc01,08-24 21:00:00+02:00,bus108,0.0
2030,sc01,08-24 21:00:00+02:00,bus087,0.0
2030,sc01,08-24 21:00:00+02:00,bus027,0.0
2030,sc01,08-24 21:00:00+02:00,bus111,0.0
2030,sc01,08-24 21:00:00+02:00,bus025,0.0
2030,sc01,08-24 21:00:00+02:00,bus029,0.0
2030,sc01,08-24 21:00:00+02:00,bus009,0.0
2030,sc01,08-24 21:00:00+02:00,bus043,0.0
2030,sc01,08-24 21:00:00+02:00,bus045,0.0
2030,sc01,08-24 21:00:00+02:00,bus084,0.0
2030,sc01,08-24 21:00:00+02:00,bus013,0.0
2030,sc01,08-24 21:00:00+02:00,bus063,0.0
2030,sc01,08-24 21:00:00+02:00,bus115,0.0
2030,sc01,08-24 21:00:00+02:00,bus010,0.0
2030,sc01,08-24 21:00:00+02:00,bus073,0.0
2030,sc01,08-24 21:00:00+02:00,bus052,0.0
2030,sc01,08-24 21:00:00+02:00,bus096,0.0
2030,sc01,08-24 21:00:00+02:00,bus050,0.0
2030,sc01,08-24 21:00:00+02:00,bus011,0.0
2030,sc01,08-24 21:00:00+02:00,bus055,0.0
2030,sc01,08-24 21:00:00+02:00,bus083,0.0
2030,sc01,08-24 21:00:00+02:00,bus081,0.0
2030,sc01,08-24 21:00:00+02:00,bus022,0.0
2030,sc01,08-24 21:00:00+02:00,bus071,0.0
2030,sc01,08-24 21:00:00+02:00,bus074,0.0
2030,sc01,08-24 21:00:00+02:00,bus040,0.0
2030,sc01,08-24 21:00:00+02:00,bus099,0.0
2030,sc01,08-24 21:00:00+02:00,bus030,0.0
2030,sc01,08-24 21:00:00+02:00,bus098,0.0
2030,sc01,08-24 21:00:00+02:00,bus053,0.0
2030,sc01,08-24 21:00:00+02:00,bus085,0.0
2030,sc01,08-24 21:00:00+02:00,bus101,0.0
2030,sc01,08-24 21:00:00+02:00,bus018,0.0
2030,sc01,08-24 21:00:00+02:00,bus023,0.0
2030,sc01,08-24 21:00:00+02:00,bus088,0.0
2030,sc01,08-24 21:00:00+02:00,bus116,0.0
2030,sc01,08-24 21:00:00+02:00,bus103,0.0
2030,sc01,08-24 21:00:00+02:00,bus008,0.0
2030,sc01,08-24 21:00:00+02:00,bus105,0.0
2030,sc01,08-24 21:00:00+02:00,bus060,0.0
2030,sc01,08-24 21:00:00+02:00,bus016,0.0
2030,sc01,08-24 21:00:00+02:00,bus082,0.0
2030,sc01,08-24 21:00:00+02:00,bus047,0.0
2030,sc01,08-24 21:00:00+02:00,bus019,0.0
2030,sc01,08-24 21:00:00+02:00,bus037,0.0
2030,sc01,08-24 21:00:00+02:00,bus006,0.0
2030,sc01,08-24 21:00:00+02:00,bus080,0.0
2030,sc01,08-24 21:00:00+02:00,bus031,0.0
2030,sc01,08-24 21:00:00+02:00,bus048,0.0
2030,sc01,08-24 21:00:00+02:00,bus107,0.0
2030,sc01,08-24 21:00:00+02:00,bus049,0.0
2030,sc01,08-24 21:00:00+02:00,bus104,0.0
2030,sc01,08-24 21:00:00+02:00,bus100,0.0
2030,sc01,08-24 21:00:00+02:00,bus072,0.0
2030,sc01,08-24 21:00:00+02:00,bus039,0.0
2030,sc01,08-24 21:00:00+02:00,bus012,0.0
2030,sc01,08-24 21:00:00+02:00,bus114,0.0
2030,sc01,08-24 21:00:00+02:00,bus112,0.0
2030,sc01,08-24 21:00:00+02:00,bus058,0.0
2030,sc01,08-24 21:00:00+02:00,bus089,0.0
2030,sc01,08-24 21:00:00+02:00,bus051,0.0
2030,sc01,08-24 21:00:00+02:00,bus056,0.0
2030,sc01,08-24 21:00:00+02:00,bus092,0.0
2030,sc01,08-24 21:00:00+02:00,bus036,0.0
2030,sc01,08-24 21:00:00+02:00,bus094,0.0
2030,sc01,08-24 21:00:00+02:00,bus095,0.0
2030,sc01,08-24 21:00:00+02:00,bus113,0.0
2030,sc01,08-24 21:00:00+02:00,bus024,0.0
2030,sc01,08-24 21:00:00+02:00,bus078,0.0
2030,sc01,08-24 21:00:00+02:00,bus033,0.0
2030,sc01,08-24 21:00:00+02:00,bus079,0.0
2030,sc01,08-24 21:00:00+02:00,bus061,0.0
2030,sc01,08-24 21:00:00+02:00,bus118,0.0
2030,sc01,08-24 21:00:00+02:00,bus003,0.0
2030,sc01,08-24 21:00:00+02:00,bus070,0.0
2030,sc01,08-24 21:00:00+02:00,bus004,0.0
2030,sc01,08-24 21:00:00+02:00,bus021,0.0
2030,sc01,08-24 21:00:00+02:00,bus068,0.0
2030,sc01,08-24 21:00:00+02:00,bus028,0.0
2030,sc01,08-24 21:00:00+02:00,bus034,0.0
2030,sc01,08-24 21:00:00+02:00,bus075,0.0
2030,sc01,08-24 21:00:00+02:00,bus064,0.0
2030,sc01,08-24 21:00:00+02:00,bus106,0.0
2030,sc01,08-24 21:00:00+02:00,bus076,0.0
2030,sc01,08-24 21:00:00+02:00,bus046,0.0
2030,sc01,08-24 21:00:00+02:00,bus007,0.0
2030,sc01,08-24 21:00:00+02:00,bus035,0.0
2030,sc01,08-24 21:00:00+02:00,bus117,0.0
2030,sc01,08-24 21:00:00+02:00,bus041,0.0
2030,sc01,08-24 21:00:00+02:00,bus102,0.0
2030,sc01,08-24 21:00:00+02:00,bus026,0.0
2030,sc01,08-24 21:00:00+02:00,bus077,0.0
2030,sc01,08-24 21:00:00+02:00,bus044,0.0
2030,sc01,08-24 21:00:00+02:00,bus091,0.0
2030,sc01,08-24 21:00:00+02:00,bus062,0.0
2030,sc01,08-26 10:00:00+02:00,bus093,0.0
2030,sc01,08-26 10:00:00+02:00,bus097,0.0
2030,sc01,08-26 10:00:00+02:00,bus110,0.0
2030,sc01,08-26 10:00:00+02:00,bus042,0.0
2030,sc01,08-26 10:00:00+02:00,bus066,0.0
2030,sc01,08-26 10:00:00+02:00,bus059,0.0
2030,sc01,08-26 10:00:00+02:00,bus057,0.0
2030,sc01,08-26 10:00:00+02:00,bus067,0.0
2030,sc01,08-26 10:00:00+02:00,bus069,0.0
2030,sc01,08-26 10:00:00+02:00,bus014,0.0
2030,sc01,08-26 10:00:00+02:00,bus090,0.0
2030,sc01,08-26 10:00:00+02:00,bus002,0.0
2030,sc01,08-26 10:00:00+02:00,bus005,0.0
2030,sc01,08-26 10:00:00+02:00,bus109,0.0
2030,sc01,08-26 10:00:00+02:00,bus020,0.0
2030,sc01,08-26 10:00:00+02:00,bus065,0.0
2030,sc01,08-26 10:00:00+02:00,bus001,0.0
2030,sc01,08-26 10:00:00+02:00,bus017,0.0
2030,sc01,08-26 10:00:00+02:00,bus015,0.0
2030,sc01,08-26 10:00:00+02:00,bus054,0.0
2030,sc01,08-26 10:00:00+02:00,bus086,0.0
2030,sc01,08-26 10:00:00+02:00,bus032,0.0
2030,sc01,08-26 10:00:00+02:00,bus038,0.0
2030,sc01,08-26 10:00:00+02:00,bus108,0.0
2030,sc01,08-26 10:00:00+02:00,bus087,0.0
2030,sc01,08-26 10:00:00+02:00,bus027,0.0
2030,sc01,08-26 10:00:00+02:00,bus111,0.0
2030,sc01,08-26 10:00:00+02:00,bus025,0.0
2030,sc01,08-26 10:00:00+02:00,bus029,0.0
2030,sc01,08-26 10:00:00+02:00,bus009,0.0
2030,sc01,08-26 10:00:00+02:00,bus043,0.0
2030,sc01,08-26 10:00:00+02:00,bus045,0.0
2030,sc01,08-26 10:00:00+02:00,bus084,0.0
2030,sc01,08-26 10:00:00+02:00,bus013,0.0
2030,sc01,08-26 10:00:00+02:00,bus063,0.0
2030,sc01,08-26 10:00:00+02:00,bus115,0.0
2030,sc01,08-26 10:00:00+02:00,bus010,0.0
2030,sc01,08-26 10:00:00+02:00,bus073,0.0
2030,sc01,08-26 10:00:00+02:00,bus052,0.0
2030,sc01,08-26 10:00:00+02:00,bus096,0.0
2030,sc01,08-26 10:00:00+02:00,bus050,0.0
2030,sc01,08-26 10:00:00+02:00,bus011,0.0
2030,sc01,08-26 10:00:00+02:00,bus055,0.0
2030,sc01,08-26 10:00:00+02:00,bus083,0.0
2030,sc01,08-26 10:00:00+02:00,bus081,0.0
2030,sc01,08-26 10:00:00+02:00,bus022,0.0
2030,sc01,08-26 10:00:00+02:00,bus071,0.0
2030,sc01,08-26 10:00:00+02:00,bus074,0.0
2030,sc01,08-26 10:00:00+02:00,bus040,0.0
2030,sc01,08-26 10:00:00+02:00,bus099,0.0
2030,sc01,08-26 10:00:00+02:00,bus030,0.0
2030,sc01,08-26 10:00:00+02:00,bus098,0.0
2030,sc01,08-26 10:00:00+02:00,bus053,0.0
2030,sc01,08-26 10:00:00+02:00,bus085,0.0
2030,sc01,08-26 10:00:00+02:00,bus101,0.0
2030,sc01,08-26 10:00:00+02:00,bus018,0.0
2030,sc01,08-26 10:00:00+02:00,bus023,0.0
2030,sc01,08-26 10:00:00+02:00,bus088,0.0
2030,sc01,08-26 10:00:00+02:00,bus116,0.0
2030,sc01,08-26 10:00:00+02:00,bus103,0.0
2030,sc01,08-26 10:00:00+02:00,bus008,0.0
2030,sc01,08-26 10:00:00+02:00,bus105,0.0
2030,sc01,08-26 10:00:00+02:00,bus060,0.0
2030,sc01,08-26 10:00:00+02:00,bus016,0.0
2030,sc01,08-26 10:00:00+02:00,bus082,0.0
2030,sc01,08-26 10:00:00+02:00,bus047,0.0
2030,sc01,08-26 10:00:00+02:00,bus019,0.0
2030,sc01,08-26 10:00:00+02:00,bus037,0.0
2030,sc01,08-26 10:00:00+02:00,bus006,0.0
2030,sc01,08-26 10:00:00+02:00,bus080,0.0
2030,sc01,08-26 10:00:00+02:00,bus031,0.0
2030,sc01,08-26 10:00:00+02:00,bus048,0.0
2030,sc01,08-26 10:00:00+02:00,bus107,0.0
2030,sc01,08-26 10:00:00+02:00,bus049,0.0
2030,sc01,08-26 10:00:00+02:00,bus104,0.0
2030,sc01,08-26 10:00:00+02:00,bus100,0.0
2030,sc01,08-26 10:00:00+02:00,bus072,0.0
2030,sc01,08-26 10:00:00+02:00,bus039,0.0
2030,sc01,08-26 10:00:00+02:00,bus012,0.0
2030,sc01,08-26 10:00:00+02:00,bus114,0.0
2030,sc01,08-26 10:00:00+02:00,bus112,0.0
2030,sc01,08-26 10:00:00+02:00,bus058,0.0
2030,sc01,08-26 10:00:00+02:00,bus089,0.0
2030,sc01,08-26 10:00:00+02:00,bus051,0.0
2030,sc01,08-26 10:00:00+02:00,bus056,0.0
2030,sc01,08-26 10:00:00+02:00,bus092,0.0
2030,sc01,08-26 10:00:00+02:00,bus036,0.0
2030,sc01,08-26 10:00:00+02:00,bus094,0.0
2030,sc01,08-26 10:00:00+02:00,bus095,0.0
2030,sc01,08-26 10:00:00+02:00,bus113,0.0
2030,sc01,08-26 10:00:00+02:00,bus024,0.0
2030,sc01,08-26 10:00:00+02:00,bus078,0.0
2030,sc01,08-26 10:00:00+02:00,bus033,0.0
2030,sc01,08-26 10:00:00+02:00,bus079,0.0
2030,sc01,08-26 10:00:00+02:00,bus061,0.0
2030,sc01,08-26 10:00:00+02:00,bus118,0.0
2030,sc01,08-26 10:00:00+02:00,bus003,0.0
2030,sc01,08-26 10:00:00+02:00,bus070,0.0
2030,sc01,08-26 10:00:00+02:00,bus004,0.0
2030,sc01,08-26 10:00:00+02:00,bus021,0.0
2030,sc01,08-26 10:00:00+02:00,bus068,0.0
2030,sc01,08-26 10:00:00+02:00,bus028,0.0
2030,sc01,08-26 10:00:00+02:00,bus034,0.0
2030,sc01,08-26 10:00:00+02:00,bus075,0.0
2030,sc01,08-26 10:00:00+02:00,bus064,0.0
2030,sc01,08-26 10:00:00+02:00,bus106,0.0
2030,sc01,08-26 10:00:00+02:00,bus076,0.0
2030,sc01,08-26 10:00:00+02:00,bus046,0.0
2030,sc01,08-26 10:00:00+02:00,bus007,0.0
2030,sc01,08-26 10:00:00+02:00,bus035,0.0
2030,sc01,08-26 10:00:00+02:00,bus117,0.0
2030,sc01,08-26 10:00:00+02:00,bus041,0.0
2030,sc01,08-26 10:00:00+02:00,bus102,0.0
2030,sc01,08-26 10:00:00+02:00,bus026,0.0
2030,sc01,08-26 10:00:00+02:00,bus077,0.0
2030,sc01,08-26 10:00:00+02:00,bus044,0.0
2030,sc01,08-26 10:00:00+02:00,bus091,0.0
2030,sc01,08-26 10:00:00+02:00,bus062,0.0
2030,sc01,08-26 18:00:00+02:00,bus093,0.0
2030,sc01,08-26 18:00:00+02:00,bus097,0.0
2030,sc01,08-26 18:00:00+02:00,bus110,0.0
2030,sc01,08-26 18:00:00+02:00,bus042,0.0
2030,sc01,08-26 18:00:00+02:00,bus066,0.0
2030,sc01,08-26 18:00:00+02:00,bus059,0.0
2030,sc01,08-26 18:00:00+02:00,bus057,0.0
2030,sc01,08-26 18:00:00+02:00,bus067,0.0
2030,sc01,08-26 18:00:00+02:00,bus069,0.0
2030,sc01,08-26 18:00:00+02:00,bus014,0.0
2030,sc01,08-26 18:00:00+02:00,bus090,0.0
2030,sc01,08-26 18:00:00+02:00,bus002,0.0
2030,sc01,08-26 18:00:00+02:00,bus005,0.0
2030,sc01,08-26 18:00:00+02:00,bus109,0.0
2030,sc01,08-26 18:00:00+02:00,bus020,0.0
2030,sc01,08-26 18:00:00+02:00,bus065,0.0
2030,sc01,08-26 18:00:00+02:00,bus001,0.0
2030,sc01,08-26 18:00:00+02:00,bus017,0.0
2030,sc01,08-26 18:00:00+02:00,bus015,0.0
2030,sc01,08-26 18:00:00+02:00,bus054,0.0
2030,sc01,08-26 18:00:00+02:00,bus086,0.0
2030,sc01,08-26 18:00:00+02:00,bus032,0.0
2030,sc01,08-26 18:00:00+02:00,bus038,0.0
2030,sc01,08-26 18:00:00+02:00,bus108,0.0
2030,sc01,08-26 18:00:00+02:00,bus087,0.0
2030,sc01,08-26 18:00:00+02:00,bus027,0.0
2030,sc01,08-26 18:00:00+02:00,bus111,0.0
2030,sc01,08-26 18:00:00+02:00,bus025,0.0
2030,sc01,08-26 18:00:00+02:00,bus029,0.0
2030,sc01,08-26 18:00:00+02:00,bus009,0.0
2030,sc01,08-26 18:00:00+02:00,bus043,0.0
2030,sc01,08-26 18:00:00+02:00,bus045,0.0
2030,sc01,08-26 18:00:00+02:00,bus084,0.0
2030,sc01,08-26 18:00:00+02:00,bus013,0.0
2030,sc01,08-26 18:00:00+02:00,bus063,0.0
2030,sc01,08-26 18:00:00+02:00,bus115,0.0
2030,sc01,08-26 18:00:00+02:00,bus010,0.0
2030,sc01,08-26 18:00:00+02:00,bus073,0.0
2030,sc01,08-26 18:00:00+02:00,bus052,0.0
2030,sc01,08-26 18:00:00+02:00,bus096,0.0
2030,sc01,08-26 18:00:00+02:00,bus050,0.0
2030,sc01,08-26 18:00:00+02:00,bus011,0.0
2030,sc01,08-26 18:00:00+02:00,bus055,0.0
2030,sc01,08-26 18:00:00+02:00,bus083,0.0
2030,sc01,08-26 18:00:00+02:00,bus081,0.0
2030,sc01,08-26 18:00:00+02:00,bus022,0.0
2030,sc01,08-26 18:00:00+02:00,bus071,0.0
2030,sc01,08-26 18:00:00+02:00,bus074,0.0
2030,sc01,08-26 18:00:00+02:00,bus040,0.0
2030,sc01,08-26 18:00:00+02:00,bus099,0.0
2030,sc01,08-26 18:00:00+02:00,bus030,0.0
2030,sc01,08-26 18:00:00+02:00,bus098,0.0
2030,sc01,08-26 18:00:00+02:00,bus053,0.0
2030,sc01,08-26 18:00:00+02:00,bus085,0.0
2030,sc01,08-26 18:00:00+02:00,bus101,0.0
2030,sc01,08-26 18:00:00+02:00,bus018,0.0
2030,sc01,08-26 18:00:00+02:00,bus023,0.0
2030,sc01,08-26 18:00:00+02:00,bus088,0.0
2030,sc01,08-26 18:00:00+02:00,bus116,0.0
2030,sc01,08-26 18:00:00+02:00,bus103,0.0
2030,sc01,08-26 18:00:00+02:00,bus008,0.0
2030,sc01,08-26 18:00:00+02:00,bus105,0.0
2030,sc01,08-26 18:00:00+02:00,bus060,0.0
2030,sc01,08-26 18:00:00+02:00,bus016,0.0
2030,sc01,08-26 18:00:00+02:00,bus082,0.0
2030,sc01,08-26 18:00:00+02:00,bus047,0.0
2030,sc01,08-26 18:00:00+02:00,bus019,0.0
2030,sc01,08-26 18:00:00+02:00,bus037,0.0
2030,sc01,08-26 18:00:00+02:00,bus006,0.0
2030,sc01,08-26 18:00:00+02:00,bus080,0.0
2030,sc01,08-26 18:00:00+02:00,bus031,0.0
2030,sc01,08-26 18:00:00+02:00,bus048,0.0
2030,sc01,08-26 18:00:00+02:00,bus107,0.0
2030,sc01,08-26 18:00:00+02:00,bus049,0.0
2030,sc01,08-26 18:00:00+02:00,bus104,0.0
2030,sc01,08-26 18:00:00+02:00,bus100,0.0
2030,sc01,08-26 18:00:00+02:00,bus072,0.0
2030,sc01,08-26 18:00:00+02:00,bus039,0.0
2030,sc01,08-26 18:00:00+02:00,bus012,0.0
2030,sc01,08-26 18:00:00+02:00,bus114,0.0
2030,sc01,08-26 18:00:00+02:00,bus112,0.0
2030,sc01,08-26 18:00:00+02:00,bus058,0.0
2030,sc01,08-26 18:00:00+02:00,bus089,0.0
2030,sc01,08-26 18:00:00+02:00,bus051,0.0
2030,sc01,08-26 18:00:00+02:00,bus056,0.0
2030,sc01,08-26 18:00:00+02:00,bus092,0.0
2030,sc01,08-26 18:00:00+02:00,bus036,0.0
2030,sc01,08-26 18:00:00+02:00,bus094,0.0
2030,sc01,08-26 18:00:00+02:00,bus095,0.0
2030,sc01,08-26 18:00:00+02:00,bus113,0.0
2030,sc01,08-26 18:00:00+02:00,bus024,0.0
2030,sc01,08-26 18:00:00+02:00,bus078,0.0
2030,sc01,08-26 18:00:00+02:00,bus033,0.0
2030,sc01,08-26 18:00:00+02:00,bus079,0.0
2030,sc01,08-26 18:00:00+02:00,bus061,0.0
2030,sc01,08-26 18:00:00+02:00,bus118,0.0
2030,sc01,08-26 18:00:00+02:00,bus003,0.0
2030,sc01,08-26 18:00:00+02:00,bus070,0.0
2030,sc01,08-26 18:00:00+02:00,bus004,0.0
2030,sc01,08-26 18:00:00+02:00,bus021,0.0
2030,sc01,08-26 18:00:00+02:00,bus068,0.0
2030,sc01,08-26 18:00:00+02:00,bus028,0.0
2030,sc01,08-26 18:00:00+02:00,bus034,0.0
2030,sc01,08-26 18:00:00+02:00,bus075,0.0
2030,sc01,08-26 18:00:00+02:00,bus064,0.0
2030,sc01,08-26 18:00:00+02:00,bus106,0.0
2030,sc01,08-26 18:00:00+02:00,bus076,0.0
2030,sc01,08-26 18:00:00+02:00,bus046,0.0
2030,sc01,08-26 18:00:00+02:00,bus007,0.0
2030,sc01,08-26 18:00:00+02:00,bus035,0.0
2030,sc01,08-26 18:00:00+02:00,bus117,0.0
2030,sc01,08-26 18:00:00+02:00,bus041,0.0
2030,sc01,08-26 18:00:00+02:00,bus102,0.0
2030,sc01,08-26 18:00:00+02:00,bus026,0.0
2030,sc01,08-26 18:00:00+02:00,bus077,0.0
2030,sc01,08-26 18:00:00+02:00,bus044,0.0
2030,sc01,08-26 18:00:00+02:00,bus091,0.0
2030,sc01,08-26 18:00:00+02:00,bus062,0.0
2030,sc01,08-27 23:00:00+02:00,bus093,0.0
2030,sc01,08-27 23:00:00+02:00,bus097,0.0
2030,sc01,08-27 23:00:00+02:00,bus110,0.0
2030,sc01,08-27 23:00:00+02:00,bus042,0.0
2030,sc01,08-27 23:00:00+02:00,bus066,0.0
2030,sc01,08-27 23:00:00+02:00,bus059,0.0
2030,sc01,08-27 23:00:00+02:00,bus057,0.0
2030,sc01,08-27 23:00:00+02:00,bus067,0.0
2030,sc01,08-27 23:00:00+02:00,bus069,0.0
2030,sc01,08-27 23:00:00+02:00,bus014,0.0
2030,sc01,08-27 23:00:00+02:00,bus090,0.0
2030,sc01,08-27 23:00:00+02:00,bus002,0.0
2030,sc01,08-27 23:00:00+02:00,bus005,0.0
2030,sc01,08-27 23:00:00+02:00,bus109,0.0
2030,sc01,08-27 23:00:00+02:00,bus020,0.0
2030,sc01,08-27 23:00:00+02:00,bus065,0.0
2030,sc01,08-27 23:00:00+02:00,bus001,0.0
2030,sc01,08-27 23:00:00+02:00,bus017,0.0
2030,sc01,08-27 23:00:00+02:00,bus015,0.0
2030,sc01,08-27 23:00:00+02:00,bus054,0.0
2030,sc01,08-27 23:00:00+02:00,bus086,0.0
2030,sc01,08-27 23:00:00+02:00,bus032,0.0
2030,sc01,08-27 23:00:00+02:00,bus038,0.0
2030,sc01,08-27 23:00:00+02:00,bus108,0.0
2030,sc01,08-27 23:00:00+02:00,bus087,0.0
2030,sc01,08-27 23:00:00+02:00,bus027,0.0
2030,sc01,08-27 23:00:00+02:00,bus111,0.0
2030,sc01,08-27 23:00:00+02:00,bus025,0.0
2030,sc01,08-27 23:00:00+02:00,bus029,0.0
2030,sc01,08-27 23:00:00+02:00,bus009,0.0
2030,sc01,08-27 23:00:00+02:00,bus043,0.0
2030,sc01,08-27 23:00:00+02:00,bus045,0.0
2030,sc01,08-27 23:00:00+02:00,bus084,0.0
2030,sc01,08-27 23:00:00+02:00,bus013,0.0
2030,sc01,08-27 23:00:00+02:00,bus063,0.0
2030,sc01,08-27 23:00:00+02:00,bus115,0.0
2030,sc01,08-27 23:00:00+02:00,bus010,0.0
2030,sc01,08-27 23:00:00+02:00,bus073,0.0
2030,sc01,08-27 23:00:00+02:00,bus052,0.0
2030,sc01,08-27 23:00:00+02:00,bus096,0.0
2030,sc01,08-27 23:00:00+02:00,bus050,0.0
2030,sc01,08-27 23:00:00+02:00,bus011,0.0
2030,sc01,08-27 23:00:00+02:00,bus055,0.0
2030,sc01,08-27 23:00:00+02:00,bus083,0.0
2030,sc01,08-27 23:00:00+02:00,bus081,0.0
2030,sc01,08-27 23:00:00+02:00,bus022,0.0
2030,sc01,08-27 23:00:00+02:00,bus071,0.0
2030,sc01,08-27 23:00:00+02:00,bus074,0.0
2030,sc01,08-27 23:00:00+02:00,bus040,0.0
2030,sc01,08-27 23:00:00+02:00,bus099,0.0
2030,sc01,08-27 23:00:00+02:00,bus030,0.0
2030,sc01,08-27 23:00:00+02:00,bus098,0.0
2030,sc01,08-27 23:00:00+02:00,bus053,0.0
2030,sc01,08-27 23:00:00+02:00,bus085,0.0
2030,sc01,08-27 23:00:00+02:00,bus101,0.0
2030,sc01,08-27 23:00:00+02:00,bus018,0.0
2030,sc01,08-27 23:00:00+02:00,bus023,0.0
2030,sc01,08-27 23:00:00+02:00,bus088,0.0
2030,sc01,08-27 23:00:00+02:00,bus116,0.0
2030,sc01,08-27 23:00:00+02:00,bus103,0.0
2030,sc01,08-27 23:00:00+02:00,bus008,0.0
2030,sc01,08-27 23:00:00+02:00,bus105,0.0
2030,sc01,08-27 23:00:00+02:00,bus060,0.0
2030,sc01,08-27 23:00:00+02:00,bus016,0.0
2030,sc01,08-27 23:00:00+02:00,bus082,0.0
2030,sc01,08-27 23:00:00+02:00,bus047,0.0
2030,sc01,08-27 23:00:00+02:00,bus019,0.0
2030,sc01,08-27 23:00:00+02:00,bus037,0.0
2030,sc01,08-27 23:00:00+02:00,bus006,0.0
2030,sc01,08-27 23:00:00+02:00,bus080,0.0
2030,sc01,08-27 23:00:00+02:00,bus031,0.0
2030,sc01,08-27 23:00:00+02:00,bus048,0.0
2030,sc01,08-27 23:00:00+02:00,bus107,0.0
2030,sc01,08-27 23:00:00+02:00,bus049,0.0
2030,sc01,08-27 23:00:00+02:00,bus104,0.0
2030,sc01,08-27 23:00:00+02:00,bus100,0.0
2030,sc01,08-27 23:00:00+02:00,bus072,0.0
2030,sc01,08-27 23:00:00+02:00,bus039,0.0
2030,sc01,08-27 23:00:00+02:00,bus012,0.0
2030,sc01,08-27 23:00:00+02:00,bus114,0.0
2030,sc01,08-27 23:00:00+02:00,bus112,0.0
2030,sc01,08-27 23:00:00+02:00,bus058,0.0
2030,sc01,08-27 23:00:00+02:00,bus089,0.0
2030,sc01,08-27 23:00:00+02:00,bus051,0.0
2030,sc01,08-27 23:00:00+02:00,bus056,0.0
2030,sc01,08-27 23:00:00+02:00,bus092,0.0
2030,sc01,08-27 23:00:00+02:00,bus036,0.0
2030,sc01,08-27 23:00:00+02:00,bus094,0.0
2030,sc01,08-27 23:00:00+02:00,bus095,0.0
2030,sc01,08-27 23:00:00+02:00,bus113,0.0
2030,sc01,08-27 23:00:00+02:00,bus024,0.0
2030,sc01,08-27 23:00:00+02:00,bus078,0.0
2030,sc01,08-27 23:00:00+02:00,bus033,0.0
2030,sc01,08-27 23:00:00+02:00,bus079,0.0
2030,sc01,08-27 23:00:00+02:00,bus061,0.0
2030,sc01,08-27 23:00:00+02:00,bus118,0.0
2030,sc01,08-27 23:00:00+02:00,bus003,0.0
2030,sc01,08-27 23:00:00+02:00,bus070,0.0
2030,sc01,08-27 23:00:00+02:00,bus004,0.0
2030,sc01,08-27 23:00:00+02:00,bus021,0.0
2030,sc01,08-27 23:00:00+02:00,bus068,0.0
2030,sc01,08-27 23:00:00+02:00,bus028,0.0
2030,sc01,08-27 23:00:00+02:00,bus034,0.0
2030,sc01,08-27 23:00:00+02:00,bus075,0.0
2030,sc01,08-27 23:00:00+02:00,bus064,0.0
2030,sc01,08-27 23:00:00+02:00,bus106,0.0
2030,sc01,08-27 23:00:00+02:00,bus076,0.0
2030,sc01,08-27 23:00:00+02:00,bus046,0.0
2030,sc01,08-27 23:00:00+02:00,bus007,0.0
2030,sc01,08-27 23:00:00+02:00,bus035,0.0
2030,sc01,08-27 23:00:00+02:00,bus117,0.0
2030,sc01,08-27 23:00:00+02:00,bus041,0.0
2030,sc01,08-27 23:00:00+02:00,bus102,0.0
2030,sc01,08-27 23:00:00+02:00,bus026,0.0
2030,sc01,08-27 23:00:00+02:00,bus077,0.0
2030,sc01,08-27 23:00:00+02:00,bus044,0.0
2030,sc01,08-27 23:00:00+02:00,bus091,0.0
2030,sc01,08-27 23:00:00+02:00,bus062,0.0
2030,sc01,08-28 06:00:00+02:00,bus093,0.0
2030,sc01,08-28 06:00:00+02:00,bus097,0.0
2030,sc01,08-28 06:00:00+02:00,bus110,0.0
2030,sc01,08-28 06:00:00+02:00,bus042,0.0
2030,sc01,08-28 06:00:00+02:00,bus066,0.0
2030,sc01,08-28 06:00:00+02:00,bus059,0.0
2030,sc01,08-28 06:00:00+02:00,bus057,0.0
2030,sc01,08-28 06:00:00+02:00,bus067,0.0
2030,sc01,08-28 06:00:00+02:00,bus069,0.0
2030,sc01,08-28 06:00:00+02:00,bus014,0.0
2030,sc01,08-28 06:00:00+02:00,bus090,0.0
2030,sc01,08-28 06:00:00+02:00,bus002,0.0
2030,sc01,08-28 06:00:00+02:00,bus005,0.0
2030,sc01,08-28 06:00:00+02:00,bus109,0.0
2030,sc01,08-28 06:00:00+02:00,bus020,0.0
2030,sc01,08-28 06:00:00+02:00,bus065,0.0
2030,sc01,08-28 06:00:00+02:00,bus001,0.0
2030,sc01,08-28 06:00:00+02:00,bus017,0.0
2030,sc01,08-28 06:00:00+02:00,bus015,0.0
2030,sc01,08-28 06:00:00+02:00,bus054,0.0
2030,sc01,08-28 06:00:00+02:00,bus086,0.0
2030,sc01,08-28 06:00:00+02:00,bus032,0.0
2030,sc01,08-28 06:00:00+02:00,bus038,0.0
2030,sc01,08-28 06:00:00+02:00,bus108,0.0
2030,sc01,08-28 06:00:00+02:00,bus087,0.0
2030,sc01,08-28 06:00:00+02:00,bus027,0.0
2030,sc01,08-28 06:00:00+02:00,bus111,0.0
2030,sc01,08-28 06:00:00+02:00,bus025,0.0
2030,sc01,08-28 06:00:00+02:00,bus029,0.0
2030,sc01,08-28 06:00:00+02:00,bus009,0.0
2030,sc01,08-28 06:00:00+02:00,bus043,0.0
2030,sc01,08-28 06:00:00+02:00,bus045,0.0
2030,sc01,08-28 06:00:00+02:00,bus084,0.0
2030,sc01,08-28 06:00:00+02:00,bus013,0.0
2030,sc01,08-28 06:00:00+02:00,bus063,0.0
2030,sc01,08-28 06:00:00+02:00,bus115,0.0
2030,sc01,08-28 06:00:00+02:00,bus010,0.0
2030,sc01,08-28 06:00:00+02:00,bus073,0.0
2030,sc01,08-28 06:00:00+02:00,bus052,0.0
2030,sc01,08-28 06:00:00+02:00,bus096,0.0
2030,sc01,08-28 06:00:00+02:00,bus050,0.0
2030,sc01,08-28 06:00:00+02:00,bus011,0.0
2030,sc01,08-28 06:00:00+02:00,bus055,0.0
2030,sc01,08-28 06:00:00+02:00,bus083,0.0
2030,sc01,08-28 06:00:00+02:00,bus081,0.0
2030,sc01,08-28 06:00:00+02:00,bus022,0.0
2030,sc01,08-28 06:00:00+02:00,bus071,0.0
2030,sc01,08-28 06:00:00+02:00,bus074,0.0
2030,sc01,08-28 06:00:00+02:00,bus040,0.0
2030,sc01,08-28 06:00:00+02:00,bus099,0.0
2030,sc01,08-28 06:00:00+02:00,bus030,0.0
2030,sc01,08-28 06:00:00+02:00,bus098,0.0
2030,sc01,08-28 06:00:00+02:00,bus053,0.0
2030,sc01,08-28 06:00:00+02:00,bus085,0.0
2030,sc01,08-28 06:00:00+02:00,bus101,0.0
2030,sc01,08-28 06:00:00+02:00,bus018,0.0
2030,sc01,08-28 06:00:00+02:00,bus023,0.0
2030,sc01,08-28 06:00:00+02:00,bus088,0.0
2030,sc01,08-28 06:00:00+02:00,bus116,0.0
2030,sc01,08-28 06:00:00+02:00,bus103,0.0
2030,sc01,08-28 06:00:00+02:00,bus008,0.0
2030,sc01,08-28 06:00:00+02:00,bus105,0.0
2030,sc01,08-28 06:00:00+02:00,bus060,0.0
2030,sc01,08-28 06:00:00+02:00,bus016,0.0
2030,sc01,08-28 06:00:00+02:00,bus082,0.0
2030,sc01,08-28 06:00:00+02:00,bus047,0.0
2030,sc01,08-28 06:00:00+02:00,bus019,0.0
2030,sc01,08-28 06:00:00+02:00,bus037,0.0
2030,sc01,08-28 06:00:00+02:00,bus006,0.0
2030,sc01,08-28 06:00:00+02:00,bus080,0.0
2030,sc01,08-28 06:00:00+02:00,bus031,0.0
2030,sc01,08-28 06:00:00+02:00,bus048,0.0
2030,sc01,08-28 06:00:00+02:00,bus107,0.0
2030,sc01,08-28 06:00:00+02:00,bus049,0.0
2030,sc01,08-28 06:00:00+02:00,bus104,0.0
2030,sc01,08-28 06:00:00+02:00,bus100,0.0
2030,sc01,08-28 06:00:00+02:00,bus072,0.0
2030,sc01,08-28 06:00:00+02:00,bus039,0.0
2030,sc01,08-28 06:00:00+02:00,bus012,0.0
2030,sc01,08-28 06:00:00+02:00,bus114,0.0
2030,sc01,08-28 06:00:00+02:00,bus112,0.0
2030,sc01,08-28 06:00:00+02:00,bus058,0.0
2030,sc01,08-28 06:00:00+02:00,bus089,0.0
2030,sc01,08-28 06:00:00+02:00,bus051,0.0
2030,sc01,08-28 06:00:00+02:00,bus056,0.0
2030,sc01,08-28 06:00:00+02:00,bus092,0.0
2030,sc01,08-28 06:00:00+02:00,bus036,0.0
2030,sc01,08-28 06:00:00+02:00,bus094,0.0
2030,sc01,08-28 06:00:00+02:00,bus095,0.0
2030,sc01,08-28 06:00:00+02:00,bus113,0.0
2030,sc01,08-28 06:00:00+02:00,bus024,0.0
2030,sc01,08-28 06:00:00+02:00,bus078,0.0
2030,sc01,08-28 06:00:00+02:00,bus033,0.0
2030,sc01,08-28 06:00:00+02:00,bus079,0.0
2030,sc01,08-28 06:00:00+02:00,bus061,0.0
2030,sc01,08-28 06:00:00+02:00,bus118,0.0
2030,sc01,08-28 06:00:00+02:00,bus003,0.0
2030,sc01,08-28 06:00:00+02:00,bus070,0.0
2030,sc01,08-28 06:00:00+02:00,bus004,0.0
2030,sc01,08-28 06:00:00+02:00,bus021,0.0
2030,sc01,08-28 06:00:00+02:00,bus068,0.0
2030,sc01,08-28 06:00:00+02:00,bus028,0.0
2030,sc01,08-28 06:00:00+02:00,bus034,0.0
2030,sc01,08-28 06:00:00+02:00,bus075,0.0
2030,sc01,08-28 06:00:00+02:00,bus064,0.0
2030,sc01,08-28 06:00:00+02:00,bus106,0.0
2030,sc01,08-28 06:00:00+02:00,bus076,0.0
2030,sc01,08-28 06:00:00+02:00,bus046,0.0
2030,sc01,08-28 06:00:00+02:00,bus007,0.0
2030,sc01,08-28 06:00:00+02:00,bus035,0.0
2030,sc01,08-28 06:00:00+02:00,bus117,0.0
2030,sc01,08-28 06:00:00+02:00,bus041,0.0
2030,sc01,08-28 06:00:00+02:00,bus102,0.0
2030,sc01,08-28 06:00:00+02:00,bus026,0.0
2030,sc01,08-28 06:00:00+02:00,bus077,0.0
2030,sc01,08-28 06:00:00+02:00,bus044,0.0
2030,sc01,08-28 06:00:00+02:00,bus091,0.0
2030,sc01,08-28 06:00:00+02:00,bus062,0.0
2030,sc01,08-30 15:00:00+02:00,bus093,0.0
2030,sc01,08-30 15:00:00+02:00,bus097,0.0
2030,sc01,08-30 15:00:00+02:00,bus110,0.0
2030,sc01,08-30 15:00:00+02:00,bus042,0.0
2030,sc01,08-30 15:00:00+02:00,bus066,0.0
2030,sc01,08-30 15:00:00+02:00,bus059,0.0
2030,sc01,08-30 15:00:00+02:00,bus057,0.0
2030,sc01,08-30 15:00:00+02:00,bus067,0.0
2030,sc01,08-30 15:00:00+02:00,bus069,0.0
2030,sc01,08-30 15:00:00+02:00,bus014,0.0
2030,sc01,08-30 15:00:00+02:00,bus090,0.0
2030,sc01,08-30 15:00:00+02:00,bus002,0.0
2030,sc01,08-30 15:00:00+02:00,bus005,0.0
2030,sc01,08-30 15:00:00+02:00,bus109,0.0
2030,sc01,08-30 15:00:00+02:00,bus020,0.0
2030,sc01,08-30 15:00:00+02:00,bus065,0.0
2030,sc01,08-30 15:00:00+02:00,bus001,0.0
2030,sc01,08-30 15:00:00+02:00,bus017,0.0
2030,sc01,08-30 15:00:00+02:00,bus015,0.0
2030,sc01,08-30 15:00:00+02:00,bus054,0.0
2030,sc01,08-30 15:00:00+02:00,bus086,0.0
2030,sc01,08-30 15:00:00+02:00,bus032,0.0
2030,sc01,08-30 15:00:00+02:00,bus038,0.0
2030,sc01,08-30 15:00:00+02:00,bus108,0.0
2030,sc01,08-30 15:00:00+02:00,bus087,0.0
2030,sc01,08-30 15:00:00+02:00,bus027,0.0
2030,sc01,08-30 15:00:00+02:00,bus111,0.0
2030,sc01,08-30 15:00:00+02:00,bus025,0.0
2030,sc01,08-30 15:00:00+02:00,bus029,0.0
2030,sc01,08-30 15:00:00+02:00,bus009,0.0
2030,sc01,08-30 15:00:00+02:00,bus043,0.0
2030,sc01,08-30 15:00:00+02:00,bus045,0.0
2030,sc01,08-30 15:00:00+02:00,bus084,0.0
2030,sc01,08-30 15:00:00+02:00,bus013,0.0
2030,sc01,08-30 15:00:00+02:00,bus063,0.0
2030,sc01,08-30 15:00:00+02:00,bus115,0.0
2030,sc01,08-30 15:00:00+02:00,bus010,0.0
2030,sc01,08-30 15:00:00+02:00,bus073,0.0
2030,sc01,08-30 15:00:00+02:00,bus052,0.0
2030,sc01,08-30 15:00:00+02:00,bus096,0.0
2030,sc01,08-30 15:00:00+02:00,bus050,0.0
2030,sc01,08-30 15:00:00+02:00,bus011,0.0
2030,sc01,08-30 15:00:00+02:00,bus055,0.0
2030,sc01,08-30 15:00:00+02:00,bus083,0.0
2030,sc01,08-30 15:00:00+02:00,bus081,0.0
2030,sc01,08-30 15:00:00+02:00,bus022,0.0
2030,sc01,08-30 15:00:00+02:00,bus071,0.0
2030,sc01,08-30 15:00:00+02:00,bus074,0.0
2030,sc01,08-30 15:00:00+02:00,bus040,0.0
2030,sc01,08-30 15:00:00+02:00,bus099,0.0
2030,sc01,08-30 15:00:00+02:00,bus030,0.0
2030,sc01,08-30 15:00:00+02:00,bus098,0.0
2030,sc01,08-30 15:00:00+02:00,bus053,0.0
2030,sc01,08-30 15:00:00+02:00,bus085,0.0
2030,sc01,08-30 15:00:00+02:00,bus101,0.0
2030,sc01,08-30 15:00:00+02:00,bus018,0.0
2030,sc01,08-30 15:00:00+02:00,bus023,0.0
2030,sc01,08-30 15:00:00+02:00,bus088,0.0
2030,sc01,08-30 15:00:00+02:00,bus116,0.0
2030,sc01,08-30 15:00:00+02:00,bus103,0.0
2030,sc01,08-30 15:00:00+02:00,bus008,0.0
2030,sc01,08-30 15:00:00+02:00,bus105,0.0
2030,sc01,08-30 15:00:00+02:00,bus060,0.0
2030,sc01,08-30 15:00:00+02:00,bus016,0.0
2030,sc01,08-30 15:00:00+02:00,bus082,0.0
2030,sc01,08-30 15:00:00+02:00,bus047,0.0
2030,sc01,08-30 15:00:00+02:00,bus019,0.0
2030,sc01,08-30 15:00:00+02:00,bus037,0.0
2030,sc01,08-30 15:00:00+02:00,bus006,0.0
2030,sc01,08-30 15:00:00+02:00,bus080,0.0
2030,sc01,08-30 15:00:00+02:00,bus031,0.0
2030,sc01,08-30 15:00:00+02:00,bus048,0.0
2030,sc01,08-30 15:00:00+02:00,bus107,0.0
2030,sc01,08-30 15:00:00+02:00,bus049,0.0
2030,sc01,08-30 15:00:00+02:00,bus104,0.0
2030,sc01,08-30 15:00:00+02:00,bus100,0.0
2030,sc01,08-30 15:00:00+02:00,bus072,0.0
2030,sc01,08-30 15:00:00+02:00,bus039,0.0
2030,sc01,08-30 15:00:00+02:00,bus012,0.0
2030,sc01,08-30 15:00:00+02:00,bus114,0.0
2030,sc01,08-30 15:00:00+02:00,bus112,0.0
2030,sc01,08-30 15:00:00+02:00,bus058,0.0
2030,sc01,08-30 15:00:00+02:00,bus089,0.0
2030,sc01,08-30 15:00:00+02:00,bus051,0.0
2030,sc01,08-30 15:00:00+02:00,bus056,0.0
2030,sc01,08-30 15:00:00+02:00,bus092,0.0
2030,sc01,08-30 15:00:00+02:00,bus036,0.0
2030,sc01,08-30 15:00:00+02:00,bus094,0.0
2030,sc01,08-30 15:00:00+02:00,bus095,0.0
2030,sc01,08-30 15:00:00+02:00,bus113,0.0
2030,sc01,08-30 15:00:00+02:00,bus024,0.0
2030,sc01,08-30 15:00:00+02:00,bus078,0.0
2030,sc01,08-30 15:00:00+02:00,bus033,0.0
2030,sc01,08-30 15:00:00+02:00,bus079,0.0
2030,sc01,08-30 15:00:00+02:00,bus061,0.0
2030,sc01,08-30 15:00:00+02:00,bus118,0.0
2030,sc01,08-30 15:00:00+02:00,bus003,0.0
2030,sc01,08-30 15:00:00+02:00,bus070,0.0
2030,sc01,08-30 15:00:00+02:00,bus004,0.0
2030,sc01,08-30 15:00:00+02:00,bus021,0.0
2030,sc01,08-30 15:00:00+02:00,bus068,0.0
2030,sc01,08-30 15:00:00+02:00,bus028,0.0
2030,sc01,08-30 15:00:00+02:00,bus034,0.0
2030,sc01,08-30 15:00:00+02:00,bus075,0.0
2030,sc01,08-30 15:00:00+02:00,bus064,0.0
2030,sc01,08-30 15:00:00+02:00,bus106,0.0
2030,sc01,08-30 15:00:00+02:00,bus076,0.0
2030,sc01,08-30 15:00:00+02:00,bus046,0.0
2030,sc01,08-30 15:00:00+02:00,bus007,0.0
2030,sc01,08-30 15:00:00+02:00,bus035,0.0
2030,sc01,08-30 15:00:00+02:00,bus117,0.0
2030,sc01,08-30 15:00:00+02:00,bus041,0.0
2030,sc01,08-30 15:00:00+02:00,bus102,0.0
2030,sc01,08-30 15:00:00+02:00,bus026,0.0
2030,sc01,08-30 15:00:00+02:00,bus077,0.0
2030,sc01,08-30 15:00:00+02:00,bus044,0.0
2030,sc01,08-30 15:00:00+02:00,bus091,0.0
2030,sc01,08-30 15:00:00+02:00,bus062,0.0
2030,sc01,08-31 09:00:00+02:00,bus093,0.0
2030,sc01,08-31 09:00:00+02:00,bus097,0.0
2030,sc01,08-31 09:00:00+02:00,bus110,0.0
2030,sc01,08-31 09:00:00+02:00,bus042,0.0
2030,sc01,08-31 09:00:00+02:00,bus066,0.0
2030,sc01,08-31 09:00:00+02:00,bus059,0.0
2030,sc01,08-31 09:00:00+02:00,bus057,0.0
2030,sc01,08-31 09:00:00+02:00,bus067,0.0
2030,sc01,08-31 09:00:00+02:00,bus069,0.0
2030,sc01,08-31 09:00:00+02:00,bus014,0.0
2030,sc01,08-31 09:00:00+02:00,bus090,0.0
2030,sc01,08-31 09:00:00+02:00,bus002,0.0
2030,sc01,08-31 09:00:00+02:00,bus005,0.0
2030,sc01,08-31 09:00:00+02:00,bus109,0.0
2030,sc01,08-31 09:00:00+02:00,bus020,0.0
2030,sc01,08-31 09:00:00+02:00,bus065,0.0
2030,sc01,08-31 09:00:00+02:00,bus001,0.0
2030,sc01,08-31 09:00:00+02:00,bus017,0.0
2030,sc01,08-31 09:00:00+02:00,bus015,0.0
2030,sc01,08-31 09:00:00+02:00,bus054,0.0
2030,sc01,08-31 09:00:00+02:00,bus086,0.0
2030,sc01,08-31 09:00:00+02:00,bus032,0.0
2030,sc01,08-31 09:00:00+02:00,bus038,0.0
2030,sc01,08-31 09:00:00+02:00,bus108,0.0
2030,sc01,08-31 09:00:00+02:00,bus087,0.0
2030,sc01,08-31 09:00:00+02:00,bus027,0.0
2030,sc01,08-31 09:00:00+02:00,bus111,0.0
2030,sc01,08-31 09:00:00+02:00,bus025,0.0
2030,sc01,08-31 09:00:00+02:00,bus029,0.0
2030,sc01,08-31 09:00:00+02:00,bus009,0.0
2030,sc01,08-31 09:00:00+02:00,bus043,0.0
2030,sc01,08-31 09:00:00+02:00,bus045,0.0
2030,sc01,08-31 09:00:00+02:00,bus084,0.0
2030,sc01,08-31 09:00:00+02:00,bus013,0.0
2030,sc01,08-31 09:00:00+02:00,bus063,0.0
2030,sc01,08-31 09:00:00+02:00,bus115,0.0
2030,sc01,08-31 09:00:00+02:00,bus010,0.0
2030,sc01,08-31 09:00:00+02:00,bus073,0.0
2030,sc01,08-31 09:00:00+02:00,bus052,0.0
2030,sc01,08-31 09:00:00+02:00,bus096,0.0
2030,sc01,08-31 09:00:00+02:00,bus050,0.0
2030,sc01,08-31 09:00:00+02:00,bus011,0.0
2030,sc01,08-31 09:00:00+02:00,bus055,0.0
2030,sc01,08-31 09:00:00+02:00,bus083,0.0
2030,sc01,08-31 09:00:00+02:00,bus081,0.0
2030,sc01,08-31 09:00:00+02:00,bus022,0.0
2030,sc01,08-31 09:00:00+02:00,bus071,0.0
2030,sc01,08-31 09:00:00+02:00,bus074,0.0
2030,sc01,08-31 09:00:00+02:00,bus040,0.0
2030,sc01,08-31 09:00:00+02:00,bus099,0.0
2030,sc01,08-31 09:00:00+02:00,bus030,0.0
2030,sc01,08-31 09:00:00+02:00,bus098,0.0
2030,sc01,08-31 09:00:00+02:00,bus053,0.0
2030,sc01,08-31 09:00:00+02:00,bus085,0.0
2030,sc01,08-31 09:00:00+02:00,bus101,0.0
2030,sc01,08-31 09:00:00+02:00,bus018,0.0
2030,sc01,08-31 09:00:00+02:00,bus023,0.0
2030,sc01,08-31 09:00:00+02:00,bus088,0.0
2030,sc01,08-31 09:00:00+02:00,bus116,0.0
2030,sc01,08-31 09:00:00+02:00,bus103,0.0
2030,sc01,08-31 09:00:00+02:00,bus008,0.0
2030,sc01,08-31 09:00:00+02:00,bus105,0.0
2030,sc01,08-31 09:00:00+02:00,bus060,0.0
2030,sc01,08-31 09:00:00+02:00,bus016,0.0
2030,sc01,08-31 09:00:00+02:00,bus082,0.0
2030,sc01,08-31 09:00:00+02:00,bus047,0.0
2030,sc01,08-31 09:00:00+02:00,bus019,0.0
2030,sc01,08-31 09:00:00+02:00,bus037,0.0
2030,sc01,08-31 09:00:00+02:00,bus006,0.0
2030,sc01,08-31 09:00:00+02:00,bus080,0.0
2030,sc01,08-31 09:00:00+02:00,bus031,0.0
2030,sc01,08-31 09:00:00+02:00,bus048,0.0
2030,sc01,08-31 09:00:00+02:00,bus107,0.0
2030,sc01,08-31 09:00:00+02:00,bus049,0.0
2030,sc01,08-31 09:00:00+02:00,bus104,0.0
2030,sc01,08-31 09:00:00+02:00,bus100,0.0
2030,sc01,08-31 09:00:00+02:00,bus072,0.0
2030,sc01,08-31 09:00:00+02:00,bus039,0.0
2030,sc01,08-31 09:00:00+02:00,bus012,0.0
2030,sc01,08-31 09:00:00+02:00,bus114,0.0
2030,sc01,08-31 09:00:00+02:00,bus112,0.0
2030,sc01,08-31 09:00:00+02:00,bus058,0.0
2030,sc01,08-31 09:00:00+02:00,bus089,0.0
2030,sc01,08-31 09:00:00+02:00,bus051,0.0
2030,sc01,08-31 09:00:00+02:00,bus056,0.0
2030,sc01,08-31 09:00:00+02:00,bus092,0.0
2030,sc01,08-31 09:00:00+02:00,bus036,0.0
2030,sc01,08-31 09:00:00+02:00,bus094,0.0
2030,sc01,08-31 09:00:00+02:00,bus095,0.0
2030,sc01,08-31 09:00:00+02:00,bus113,0.0
2030,sc01,08-31 09:00:00+02:00,bus024,0.0
2030,sc01,08-31 09:00:00+02:00,bus078,0.0
2030,sc01,08-31 09:00:00+02:00,bus033,0.0
2030,sc01,08-31 09:00:00+02:00,bus079,0.0
2030,sc01,08-31 09:00:00+02:00,bus061,0.0
2030,sc01,08-31 09:00:00+02:00,bus118,0.0
2030,sc01,08-31 09:00:00+02:00,bus003,0.0
2030,sc01,08-31 09:00:00+02:00,bus070,0.0
2030,sc01,08-31 09:00:00+02:00,bus004,0.0
2030,sc01,08-31 09:00:00+02:00,bus021,0.0
2030,sc01,08-31 09:00:00+02:00,bus068,0.0
2030,sc01,08-31 09:00:00+02:00,bus028,0.0
2030,sc01,08-31 09:00:00+02:00,bus034,0.0
2030,sc01,08-31 09:00:00+02:00,bus075,0.0
2030,sc01,08-31 09:00:00+02:00,bus064,0.0
2030,sc01,08-31 09:00:00+02:00,bus106,0.0
2030,sc01,08-31 09:00:00+02:00,bus076,0.0
2030,sc01,08-31 09:00:00+02:00,bus046,0.0
2030,sc01,08-31 09:00:00+02:00,bus007,0.0
2030,sc01,08-31 09:00:00+02:00,bus035,0.0
2030,sc01,08-31 09:00:00+02:00,bus117,0.0
2030,sc01,08-31 09:00:00+02:00,bus041,0.0
2030,sc01,08-31 09:00:00+02:00,bus102,0.0
2030,sc01,08-31 09:00:00+02:00,bus026,0.0
2030,sc01,08-31 09:00:00+02:00,bus077,0.0
2030,sc01,08-31 09:00:00+02:00,bus044,0.0
2030,sc01,08-31 09:00:00+02:00,bus091,0.0
2030,sc01,08-31 09:00:00+02:00,bus062,0.0
2030,sc01,08-31 16:00:00+02:00,bus093,0.0
2030,sc01,08-31 16:00:00+02:00,bus097,0.0
2030,sc01,08-31 16:00:00+02:00,bus110,0.0
2030,sc01,08-31 16:00:00+02:00,bus042,0.0
2030,sc01,08-31 16:00:00+02:00,bus066,0.0
2030,sc01,08-31 16:00:00+02:00,bus059,0.0
2030,sc01,08-31 16:00:00+02:00,bus057,0.0
2030,sc01,08-31 16:00:00+02:00,bus067,0.0
2030,sc01,08-31 16:00:00+02:00,bus069,0.0
2030,sc01,08-31 16:00:00+02:00,bus014,0.0
2030,sc01,08-31 16:00:00+02:00,bus090,0.0
2030,sc01,08-31 16:00:00+02:00,bus002,0.0
2030,sc01,08-31 16:00:00+02:00,bus005,0.0
2030,sc01,08-31 16:00:00+02:00,bus109,0.0
2030,sc01,08-31 16:00:00+02:00,bus020,0.0
2030,sc01,08-31 16:00:00+02:00,bus065,0.0
2030,sc01,08-31 16:00:00+02:00,bus001,0.0
2030,sc01,08-31 16:00:00+02:00,bus017,0.0
2030,sc01,08-31 16:00:00+02:00,bus015,0.0
2030,sc01,08-31 16:00:00+02:00,bus054,0.0
2030,sc01,08-31 16:00:00+02:00,bus086,0.0
2030,sc01,08-31 16:00:00+02:00,bus032,0.0
2030,sc01,08-31 16:00:00+02:00,bus038,0.0
2030,sc01,08-31 16:00:00+02:00,bus108,0.0
2030,sc01,08-31 16:00:00+02:00,bus087,0.0
2030,sc01,08-31 16:00:00+02:00,bus027,0.0
2030,sc01,08-31 16:00:00+02:00,bus111,0.0
2030,sc01,08-31 16:00:00+02:00,bus025,0.0
2030,sc01,08-31 16:00:00+02:00,bus029,0.0
2030,sc01,08-31 16:00:00+02:00,bus009,0.0
2030,sc01,08-31 16:00:00+02:00,bus043,0.0
2030,sc01,08-31 16:00:00+02:00,bus045,0.0
2030,sc01,08-31 16:00:00+02:00,bus084,0.0
2030,sc01,08-31 16:00:00+02:00,bus013,0.0
2030,sc01,08-31 16:00:00+02:00,bus063,0.0
2030,sc01,08-31 16:00:00+02:00,bus115,0.0
2030,sc01,08-31 16:00:00+02:00,bus010,0.0
2030,sc01,08-31 16:00:00+02:00,bus073,0.0
2030,sc01,08-31 16:00:00+02:00,bus052,0.0
2030,sc01,08-31 16:00:00+02:00,bus096,0.0
2030,sc01,08-31 16:00:00+02:00,bus050,0.0
2030,sc01,08-31 16:00:00+02:00,bus011,0.0
2030,sc01,08-31 16:00:00+02:00,bus055,0.0
2030,sc01,08-31 16:00:00+02:00,bus083,0.0
2030,sc01,08-31 16:00:00+02:00,bus081,0.0
2030,sc01,08-31 16:00:00+02:00,bus022,0.0
2030,sc01,08-31 16:00:00+02:00,bus071,0.0
2030,sc01,08-31 16:00:00+02:00,bus074,0.0
2030,sc01,08-31 16:00:00+02:00,bus040,0.0
2030,sc01,08-31 16:00:00+02:00,bus099,0.0
2030,sc01,08-31 16:00:00+02:00,bus030,0.0
2030,sc01,08-31 16:00:00+02:00,bus098,0.0
2030,sc01,08-31 16:00:00+02:00,bus053,0.0
2030,sc01,08-31 16:00:00+02:00,bus085,0.0
2030,sc01,08-31 16:00:00+02:00,bus101,0.0
2030,sc01,08-31 16:00:00+02:00,bus018,0.0
2030,sc01,08-31 16:00:00+02:00,bus023,0.0
2030,sc01,08-31 16:00:00+02:00,bus088,0.0
2030,sc01,08-31 16:00:00+02:00,bus116,0.0
2030,sc01,08-31 16:00:00+02:00,bus103,0.0
2030,sc01,08-31 16:00:00+02:00,bus008,0.0
2030,sc01,08-31 16:00:00+02:00,bus105,0.0
2030,sc01,08-31 16:00:00+02:00,bus060,0.0
2030,sc01,08-31 16:00:00+02:00,bus016,0.0
2030,sc01,08-31 16:00:00+02:00,bus082,0.0
2030,sc01,08-31 16:00:00+02:00,bus047,0.0
2030,sc01,08-31 16:00:00+02:00,bus019,0.0
2030,sc01,08-31 16:00:00+02:00,bus037,0.0
2030,sc01,08-31 16:00:00+02:00,bus006,0.0
2030,sc01,08-31 16:00:00+02:00,bus080,0.0
2030,sc01,08-31 16:00:00+02:00,bus031,0.0
2030,sc01,08-31 16:00:00+02:00,bus048,0.0
2030,sc01,08-31 16:00:00+02:00,bus107,0.0
2030,sc01,08-31 16:00:00+02:00,bus049,0.0
2030,sc01,08-31 16:00:00+02:00,bus104,0.0
2030,sc01,08-31 16:00:00+02:00,bus100,0.0
2030,sc01,08-31 16:00:00+02:00,bus072,0.0
2030,sc01,08-31 16:00:00+02:00,bus039,0.0
2030,sc01,08-31 16:00:00+02:00,bus012,0.0
2030,sc01,08-31 16:00:00+02:00,bus114,0.0
2030,sc01,08-31 16:00:00+02:00,bus112,0.0
2030,sc01,08-31 16:00:00+02:00,bus058,0.0
2030,sc01,08-31 16:00:00+02:00,bus089,0.0
2030,sc01,08-31 16:00:00+02:00,bus051,0.0
2030,sc01,08-31 16:00:00+02:00,bus056,0.0
2030,sc01,08-31 16:00:00+02:00,bus092,0.0
2030,sc01,08-31 16:00:00+02:00,bus036,0.0
2030,sc01,08-31 16:00:00+02:00,bus094,0.0
2030,sc01,08-31 16:00:00+02:00,bus095,0.0
2030,sc01,08-31 16:00:00+02:00,bus113,0.0
2030,sc01,08-31 16:00:00+02:00,bus024,0.0
2030,sc01,08-31 16:00:00+02:00,bus078,0.0
2030,sc01,08-31 16:00:00+02:00,bus033,0.0
2030,sc01,08-31 16:00:00+02:00,bus079,0.0
2030,sc01,08-31 16:00:00+02:00,bus061,0.0
2030,sc01,08-31 16:00:00+02:00,bus118,0.0
2030,sc01,08-31 16:00:00+02:00,bus003,0.0
2030,sc01,08-31 16:00:00+02:00,bus070,0.0
2030,sc01,08-31 16:00:00+02:00,bus004,0.0
2030,sc01,08-31 16:00:00+02:00,bus021,0.0
2030,sc01,08-31 16:00:00+02:00,bus068,0.0
2030,sc01,08-31 16:00:00+02:00,bus028,0.0
2030,sc01,08-31 16:00:00+02:00,bus034,0.0
2030,sc01,08-31 16:00:00+02:00,bus075,0.0
2030,sc01,08-31 16:00:00+02:00,bus064,0.0
2030,sc01,08-31 16:00:00+02:00,bus106,0.0
2030,sc01,08-31 16:00:00+02:00,bus076,0.0
2030,sc01,08-31 16:00:00+02:00,bus046,0.0
2030,sc01,08-31 16:00:00+02:00,bus007,0.0
2030,sc01,08-31 16:00:00+02:00,bus035,0.0
2030,sc01,08-31 16:00:00+02:00,bus117,0.0
2030,sc01,08-31 16:00:00+02:00,bus041,0.0
2030,sc01,08-31 16:00:00+02:00,bus102,0.0
2030,sc01,08-31 16:00:00+02:00,bus026,0.0
2030,sc01,08-31 16:00:00+02:00,bus077,0.0
2030,sc01,08-31 16:00:00+02:00,bus044,0.0
2030,sc01,08-31 16:00:00+02:00,bus091,0.0
2030,sc01,08-31 16:00:00+02:00,bus062,0.0
2030,sc01,09-02 15:00:00+02:00,bus093,0.0
2030,sc01,09-02 15:00:00+02:00,bus097,0.0
2030,sc01,09-02 15:00:00+02:00,bus110,0.0
2030,sc01,09-02 15:00:00+02:00,bus042,0.0
2030,sc01,09-02 15:00:00+02:00,bus066,0.0
2030,sc01,09-02 15:00:00+02:00,bus059,0.0
2030,sc01,09-02 15:00:00+02:00,bus057,0.0
2030,sc01,09-02 15:00:00+02:00,bus067,0.0
2030,sc01,09-02 15:00:00+02:00,bus069,0.0
2030,sc01,09-02 15:00:00+02:00,bus014,0.0
2030,sc01,09-02 15:00:00+02:00,bus090,0.0
2030,sc01,09-02 15:00:00+02:00,bus002,0.0
2030,sc01,09-02 15:00:00+02:00,bus005,0.0
2030,sc01,09-02 15:00:00+02:00,bus109,0.0
2030,sc01,09-02 15:00:00+02:00,bus020,0.0
2030,sc01,09-02 15:00:00+02:00,bus065,0.0
2030,sc01,09-02 15:00:00+02:00,bus001,0.0
2030,sc01,09-02 15:00:00+02:00,bus017,0.0
2030,sc01,09-02 15:00:00+02:00,bus015,0.0
2030,sc01,09-02 15:00:00+02:00,bus054,0.0
2030,sc01,09-02 15:00:00+02:00,bus086,0.0
2030,sc01,09-02 15:00:00+02:00,bus032,0.0
2030,sc01,09-02 15:00:00+02:00,bus038,0.0
2030,sc01,09-02 15:00:00+02:00,bus108,0.0
2030,sc01,09-02 15:00:00+02:00,bus087,0.0
2030,sc01,09-02 15:00:00+02:00,bus027,0.0
2030,sc01,09-02 15:00:00+02:00,bus111,0.0
2030,sc01,09-02 15:00:00+02:00,bus025,0.0
2030,sc01,09-02 15:00:00+02:00,bus029,0.0
2030,sc01,09-02 15:00:00+02:00,bus009,0.0
2030,sc01,09-02 15:00:00+02:00,bus043,0.0
2030,sc01,09-02 15:00:00+02:00,bus045,0.0
2030,sc01,09-02 15:00:00+02:00,bus084,0.0
2030,sc01,09-02 15:00:00+02:00,bus013,0.0
2030,sc01,09-02 15:00:00+02:00,bus063,0.0
2030,sc01,09-02 15:00:00+02:00,bus115,0.0
2030,sc01,09-02 15:00:00+02:00,bus010,0.0
2030,sc01,09-02 15:00:00+02:00,bus073,0.0
2030,sc01,09-02 15:00:00+02:00,bus052,0.0
2030,sc01,09-02 15:00:00+02:00,bus096,0.0
2030,sc01,09-02 15:00:00+02:00,bus050,0.0
2030,sc01,09-02 15:00:00+02:00,bus011,0.0
2030,sc01,09-02 15:00:00+02:00,bus055,0.0
2030,sc01,09-02 15:00:00+02:00,bus083,0.0
2030,sc01,09-02 15:00:00+02:00,bus081,0.0
2030,sc01,09-02 15:00:00+02:00,bus022,0.0
2030,sc01,09-02 15:00:00+02:00,bus071,0.0
2030,sc01,09-02 15:00:00+02:00,bus074,0.0
2030,sc01,09-02 15:00:00+02:00,bus040,0.0
2030,sc01,09-02 15:00:00+02:00,bus099,0.0
2030,sc01,09-02 15:00:00+02:00,bus030,0.0
2030,sc01,09-02 15:00:00+02:00,bus098,0.0
2030,sc01,09-02 15:00:00+02:00,bus053,0.0
2030,sc01,09-02 15:00:00+02:00,bus085,0.0
2030,sc01,09-02 15:00:00+02:00,bus101,0.0
2030,sc01,09-02 15:00:00+02:00,bus018,0.0
2030,sc01,09-02 15:00:00+02:00,bus023,0.0
2030,sc01,09-02 15:00:00+02:00,bus088,0.0
2030,sc01,09-02 15:00:00+02:00,bus116,0.0
2030,sc01,09-02 15:00:00+02:00,bus103,0.0
2030,sc01,09-02 15:00:00+02:00,bus008,0.0
2030,sc01,09-02 15:00:00+02:00,bus105,0.0
2030,sc01,09-02 15:00:00+02:00,bus060,0.0
2030,sc01,09-02 15:00:00+02:00,bus016,0.0
2030,sc01,09-02 15:00:00+02:00,bus082,0.0
2030,sc01,09-02 15:00:00+02:00,bus047,0.0
2030,sc01,09-02 15:00:00+02:00,bus019,0.0
2030,sc01,09-02 15:00:00+02:00,bus037,0.0
2030,sc01,09-02 15:00:00+02:00,bus006,0.0
2030,sc01,09-02 15:00:00+02:00,bus080,0.0
2030,sc01,09-02 15:00:00+02:00,bus031,0.0
2030,sc01,09-02 15:00:00+02:00,bus048,0.0
2030,sc01,09-02 15:00:00+02:00,bus107,0.0
2030,sc01,09-02 15:00:00+02:00,bus049,0.0
2030,sc01,09-02 15:00:00+02:00,bus104,0.0
2030,sc01,09-02 15:00:00+02:00,bus100,0.0
2030,sc01,09-02 15:00:00+02:00,bus072,0.0
2030,sc01,09-02 15:00:00+02:00,bus039,0.0
2030,sc01,09-02 15:00:00+02:00,bus012,0.0
2030,sc01,09-02 15:00:00+02:00,bus114,0.0
2030,sc01,09-02 15:00:00+02:00,bus112,0.0
2030,sc01,09-02 15:00:00+02:00,bus058,0.0
2030,sc01,09-02 15:00:00+02:00,bus089,0.0
2030,sc01,09-02 15:00:00+02:00,bus051,0.0
2030,sc01,09-02 15:00:00+02:00,bus056,0.0
2030,sc01,09-02 15:00:00+02:00,bus092,0.0
2030,sc01,09-02 15:00:00+02:00,bus036,0.0
2030,sc01,09-02 15:00:00+02:00,bus094,0.0
2030,sc01,09-02 15:00:00+02:00,bus095,0.0
2030,sc01,09-02 15:00:00+02:00,bus113,0.0
2030,sc01,09-02 15:00:00+02:00,bus024,0.0
2030,sc01,09-02 15:00:00+02:00,bus078,0.0
2030,sc01,09-02 15:00:00+02:00,bus033,0.0
2030,sc01,09-02 15:00:00+02:00,bus079,0.0
2030,sc01,09-02 15:00:00+02:00,bus061,0.0
2030,sc01,09-02 15:00:00+02:00,bus118,0.0
2030,sc01,09-02 15:00:00+02:00,bus003,0.0
2030,sc01,09-02 15:00:00+02:00,bus070,0.0
2030,sc01,09-02 15:00:00+02:00,bus004,0.0
2030,sc01,09-02 15:00:00+02:00,bus021,0.0
2030,sc01,09-02 15:00:00+02:00,bus068,0.0
2030,sc01,09-02 15:00:00+02:00,bus028,0.0
2030,sc01,09-02 15:00:00+02:00,bus034,0.0
2030,sc01,09-02 15:00:00+02:00,bus075,0.0
2030,sc01,09-02 15:00:00+02:00,bus064,0.0
2030,sc01,09-02 15:00:00+02:00,bus106,0.0
2030,sc01,09-02 15:00:00+02:00,bus076,0.0
2030,sc01,09-02 15:00:00+02:00,bus046,0.0
2030,sc01,09-02 15:00:00+02:00,bus007,0.0
2030,sc01,09-02 15:00:00+02:00,bus035,0.0
2030,sc01,09-02 15:00:00+02:00,bus117,0.0
2030,sc01,09-02 15:00:00+02:00,bus041,0.0
2030,sc01,09-02 15:00:00+02:00,bus102,0.0
2030,sc01,09-02 15:00:00+02:00,bus026,0.0
2030,sc01,09-02 15:00:00+02:00,bus077,0.0
2030,sc01,09-02 15:00:00+02:00,bus044,0.0
2030,sc01,09-02 15:00:00+02:00,bus091,0.0
2030,sc01,09-02 15:00:00+02:00,bus062,0.0
2030,sc01,09-02 21:00:00+02:00,bus093,0.0
2030,sc01,09-02 21:00:00+02:00,bus097,0.0
2030,sc01,09-02 21:00:00+02:00,bus110,0.0
2030,sc01,09-02 21:00:00+02:00,bus042,0.0
2030,sc01,09-02 21:00:00+02:00,bus066,0.0
2030,sc01,09-02 21:00:00+02:00,bus059,0.0
2030,sc01,09-02 21:00:00+02:00,bus057,0.0
2030,sc01,09-02 21:00:00+02:00,bus067,0.0
2030,sc01,09-02 21:00:00+02:00,bus069,0.0
2030,sc01,09-02 21:00:00+02:00,bus014,0.0
2030,sc01,09-02 21:00:00+02:00,bus090,0.0
2030,sc01,09-02 21:00:00+02:00,bus002,0.0
2030,sc01,09-02 21:00:00+02:00,bus005,0.0
2030,sc01,09-02 21:00:00+02:00,bus109,0.0
2030,sc01,09-02 21:00:00+02:00,bus020,0.0
2030,sc01,09-02 21:00:00+02:00,bus065,0.0
2030,sc01,09-02 21:00:00+02:00,bus001,0.0
2030,sc01,09-02 21:00:00+02:00,bus017,0.0
2030,sc01,09-02 21:00:00+02:00,bus015,0.0
2030,sc01,09-02 21:00:00+02:00,bus054,0.0
2030,sc01,09-02 21:00:00+02:00,bus086,0.0
2030,sc01,09-02 21:00:00+02:00,bus032,0.0
2030,sc01,09-02 21:00:00+02:00,bus038,0.0
2030,sc01,09-02 21:00:00+02:00,bus108,0.0
2030,sc01,09-02 21:00:00+02:00,bus087,0.0
2030,sc01,09-02 21:00:00+02:00,bus027,0.0
2030,sc01,09-02 21:00:00+02:00,bus111,0.0
2030,sc01,09-02 21:00:00+02:00,bus025,0.0
2030,sc01,09-02 21:00:00+02:00,bus029,0.0
2030,sc01,09-02 21:00:00+02:00,bus009,0.0
2030,sc01,09-02 21:00:00+02:00,bus043,0.0
2030,sc01,09-02 21:00:00+02:00,bus045,0.0
2030,sc01,09-02 21:00:00+02:00,bus084,0.0
2030,sc01,09-02 21:00:00+02:00,bus013,0.0
2030,sc01,09-02 21:00:00+02:00,bus063,0.0
2030,sc01,09-02 21:00:00+02:00,bus115,0.0
2030,sc01,09-02 21:00:00+02:00,bus010,0.0
2030,sc01,09-02 21:00:00+02:00,bus073,0.0
2030,sc01,09-02 21:00:00+02:00,bus052,0.0
2030,sc01,09-02 21:00:00+02:00,bus096,0.0
2030,sc01,09-02 21:00:00+02:00,bus050,0.0
2030,sc01,09-02 21:00:00+02:00,bus011,0.0
2030,sc01,09-02 21:00:00+02:00,bus055,0.0
2030,sc01,09-02 21:00:00+02:00,bus083,0.0
2030,sc01,09-02 21:00:00+02:00,bus081,0.0
2030,sc01,09-02 21:00:00+02:00,bus022,0.0
2030,sc01,09-02 21:00:00+02:00,bus071,0.0
2030,sc01,09-02 21:00:00+02:00,bus074,0.0
2030,sc01,09-02 21:00:00+02:00,bus040,0.0
2030,sc01,09-02 21:00:00+02:00,bus099,0.0
2030,sc01,09-02 21:00:00+02:00,bus030,0.0
2030,sc01,09-02 21:00:00+02:00,bus098,0.0
2030,sc01,09-02 21:00:00+02:00,bus053,0.0
2030,sc01,09-02 21:00:00+02:00,bus085,0.0
2030,sc01,09-02 21:00:00+02:00,bus101,0.0
2030,sc01,09-02 21:00:00+02:00,bus018,0.0
2030,sc01,09-02 21:00:00+02:00,bus023,0.0
2030,sc01,09-02 21:00:00+02:00,bus088,0.0
2030,sc01,09-02 21:00:00+02:00,bus116,0.0
2030,sc01,09-02 21:00:00+02:00,bus103,0.0
2030,sc01,09-02 21:00:00+02:00,bus008,0.0
2030,sc01,09-02 21:00:00+02:00,bus105,0.0
2030,sc01,09-02 21:00:00+02:00,bus060,0.0
2030,sc01,09-02 21:00:00+02:00,bus016,0.0
2030,sc01,09-02 21:00:00+02:00,bus082,0.0
2030,sc01,09-02 21:00:00+02:00,bus047,0.0
2030,sc01,09-02 21:00:00+02:00,bus019,0.0
2030,sc01,09-02 21:00:00+02:00,bus037,0.0
2030,sc01,09-02 21:00:00+02:00,bus006,0.0
2030,sc01,09-02 21:00:00+02:00,bus080,0.0
2030,sc01,09-02 21:00:00+02:00,bus031,0.0
2030,sc01,09-02 21:00:00+02:00,bus048,0.0
2030,sc01,09-02 21:00:00+02:00,bus107,0.0
2030,sc01,09-02 21:00:00+02:00,bus049,0.0
2030,sc01,09-02 21:00:00+02:00,bus104,0.0
2030,sc01,09-02 21:00:00+02:00,bus100,0.0
2030,sc01,09-02 21:00:00+02:00,bus072,0.0
2030,sc01,09-02 21:00:00+02:00,bus039,0.0
2030,sc01,09-02 21:00:00+02:00,bus012,0.0
2030,sc01,09-02 21:00:00+02:00,bus114,0.0
2030,sc01,09-02 21:00:00+02:00,bus112,0.0
2030,sc01,09-02 21:00:00+02:00,bus058,0.0
2030,sc01,09-02 21:00:00+02:00,bus089,0.0
2030,sc01,09-02 21:00:00+02:00,bus051,0.0
2030,sc01,09-02 21:00:00+02:00,bus056,0.0
2030,sc01,09-02 21:00:00+02:00,bus092,0.0
2030,sc01,09-02 21:00:00+02:00,bus036,0.0
2030,sc01,09-02 21:00:00+02:00,bus094,0.0
2030,sc01,09-02 21:00:00+02:00,bus095,0.0
2030,sc01,09-02 21:00:00+02:00,bus113,0.0
2030,sc01,09-02 21:00:00+02:00,bus024,0.0
2030,sc01,09-02 21:00:00+02:00,bus078,0.0
2030,sc01,09-02 21:00:00+02:00,bus033,0.0
2030,sc01,09-02 21:00:00+02:00,bus079,0.0
2030,sc01,09-02 21:00:00+02:00,bus061,0.0
2030,sc01,09-02 21:00:00+02:00,bus118,0.0
2030,sc01,09-02 21:00:00+02:00,bus003,0.0
2030,sc01,09-02 21:00:00+02:00,bus070,0.0
2030,sc01,09-02 21:00:00+02:00,bus004,0.0
2030,sc01,09-02 21:00:00+02:00,bus021,0.0
2030,sc01,09-02 21:00:00+02:00,bus068,0.0
2030,sc01,09-02 21:00:00+02:00,bus028,0.0
2030,sc01,09-02 21:00:00+02:00,bus034,0.0
2030,sc01,09-02 21:00:00+02:00,bus075,0.0
2030,sc01,09-02 21:00:00+02:00,bus064,0.0
2030,sc01,09-02 21:00:00+02:00,bus106,0.0
2030,sc01,09-02 21:00:00+02:00,bus076,0.0
2030,sc01,09-02 21:00:00+02:00,bus046,0.0
2030,sc01,09-02 21:00:00+02:00,bus007,0.0
2030,sc01,09-02 21:00:00+02:00,bus035,0.0
2030,sc01,09-02 21:00:00+02:00,bus117,0.0
2030,sc01,09-02 21:00:00+02:00,bus041,0.0
2030,sc01,09-02 21:00:00+02:00,bus102,0.0
2030,sc01,09-02 21:00:00+02:00,bus026,0.0
2030,sc01,09-02 21:00:00+02:00,bus077,0.0
2030,sc01,09-02 21:00:00+02:00,bus044,0.0
2030,sc01,09-02 21:00:00+02:00,bus091,0.0
2030,sc01,09-02 21:00:00+02:00,bus062,0.0
2030,sc01,09-06 20:00:00+02:00,bus093,0.0
2030,sc01,09-06 20:00:00+02:00,bus097,0.0
2030,sc01,09-06 20:00:00+02:00,bus110,0.0
2030,sc01,09-06 20:00:00+02:00,bus042,0.0
2030,sc01,09-06 20:00:00+02:00,bus066,0.0
2030,sc01,09-06 20:00:00+02:00,bus059,0.0
2030,sc01,09-06 20:00:00+02:00,bus057,0.0
2030,sc01,09-06 20:00:00+02:00,bus067,0.0
2030,sc01,09-06 20:00:00+02:00,bus069,0.0
2030,sc01,09-06 20:00:00+02:00,bus014,0.0
2030,sc01,09-06 20:00:00+02:00,bus090,0.0
2030,sc01,09-06 20:00:00+02:00,bus002,0.0
2030,sc01,09-06 20:00:00+02:00,bus005,0.0
2030,sc01,09-06 20:00:00+02:00,bus109,0.0
2030,sc01,09-06 20:00:00+02:00,bus020,0.0
2030,sc01,09-06 20:00:00+02:00,bus065,0.0
2030,sc01,09-06 20:00:00+02:00,bus001,0.0
2030,sc01,09-06 20:00:00+02:00,bus017,0.0
2030,sc01,09-06 20:00:00+02:00,bus015,0.0
2030,sc01,09-06 20:00:00+02:00,bus054,0.0
2030,sc01,09-06 20:00:00+02:00,bus086,0.0
2030,sc01,09-06 20:00:00+02:00,bus032,0.0
2030,sc01,09-06 20:00:00+02:00,bus038,0.0
2030,sc01,09-06 20:00:00+02:00,bus108,0.0
2030,sc01,09-06 20:00:00+02:00,bus087,0.0
2030,sc01,09-06 20:00:00+02:00,bus027,0.0
2030,sc01,09-06 20:00:00+02:00,bus111,0.0
2030,sc01,09-06 20:00:00+02:00,bus025,0.0
2030,sc01,09-06 20:00:00+02:00,bus029,0.0
2030,sc01,09-06 20:00:00+02:00,bus009,0.0
2030,sc01,09-06 20:00:00+02:00,bus043,0.0
2030,sc01,09-06 20:00:00+02:00,bus045,0.0
2030,sc01,09-06 20:00:00+02:00,bus084,0.0
2030,sc01,09-06 20:00:00+02:00,bus013,0.0
2030,sc01,09-06 20:00:00+02:00,bus063,0.0
2030,sc01,09-06 20:00:00+02:00,bus115,0.0
2030,sc01,09-06 20:00:00+02:00,bus010,0.0
2030,sc01,09-06 20:00:00+02:00,bus073,0.0
2030,sc01,09-06 20:00:00+02:00,bus052,0.0
2030,sc01,09-06 20:00:00+02:00,bus096,0.0
2030,sc01,09-06 20:00:00+02:00,bus050,0.0
2030,sc01,09-06 20:00:00+02:00,bus011,0.0
2030,sc01,09-06 20:00:00+02:00,bus055,0.0
2030,sc01,09-06 20:00:00+02:00,bus083,0.0
2030,sc01,09-06 20:00:00+02:00,bus081,0.0
2030,sc01,09-06 20:00:00+02:00,bus022,0.0
2030,sc01,09-06 20:00:00+02:00,bus071,0.0
2030,sc01,09-06 20:00:00+02:00,bus074,0.0
2030,sc01,09-06 20:00:00+02:00,bus040,0.0
2030,sc01,09-06 20:00:00+02:00,bus099,0.0
2030,sc01,09-06 20:00:00+02:00,bus030,0.0
2030,sc01,09-06 20:00:00+02:00,bus098,0.0
2030,sc01,09-06 20:00:00+02:00,bus053,0.0
2030,sc01,09-06 20:00:00+02:00,bus085,0.0
2030,sc01,09-06 20:00:00+02:00,bus101,0.0
2030,sc01,09-06 20:00:00+02:00,bus018,0.0
2030,sc01,09-06 20:00:00+02:00,bus023,0.0
2030,sc01,09-06 20:00:00+02:00,bus088,0.0
2030,sc01,09-06 20:00:00+02:00,bus116,0.0
2030,sc01,09-06 20:00:00+02:00,bus103,0.0
2030,sc01,09-06 20:00:00+02:00,bus008,0.0
2030,sc01,09-06 20:00:00+02:00,bus105,0.0
2030,sc01,09-06 20:00:00+02:00,bus060,0.0
2030,sc01,09-06 20:00:00+02:00,bus016,0.0
2030,sc01,09-06 20:00:00+02:00,bus082,0.0
2030,sc01,09-06 20:00:00+02:00,bus047,0.0
2030,sc01,09-06 20:00:00+02:00,bus019,0.0
2030,sc01,09-06 20:00:00+02:00,bus037,0.0
2030,sc01,09-06 20:00:00+02:00,bus006,0.0
2030,sc01,09-06 20:00:00+02:00,bus080,0.0
2030,sc01,09-06 20:00:00+02:00,bus031,0.0
2030,sc01,09-06 20:00:00+02:00,bus048,0.0
2030,sc01,09-06 20:00:00+02:00,bus107,0.0
2030,sc01,09-06 20:00:00+02:00,bus049,0.0
2030,sc01,09-06 20:00:00+02:00,bus104,0.0
2030,sc01,09-06 20:00:00+02:00,bus100,0.0
2030,sc01,09-06 20:00:00+02:00,bus072,0.0
2030,sc01,09-06 20:00:00+02:00,bus039,0.0
2030,sc01,09-06 20:00:00+02:00,bus012,0.0
2030,sc01,09-06 20:00:00+02:00,bus114,0.0
2030,sc01,09-06 20:00:00+02:00,bus112,0.0
2030,sc01,09-06 20:00:00+02:00,bus058,0.0
2030,sc01,09-06 20:00:00+02:00,bus089,0.0
2030,sc01,09-06 20:00:00+02:00,bus051,0.0
2030,sc01,09-06 20:00:00+02:00,bus056,0.0
2030,sc01,09-06 20:00:00+02:00,bus092,0.0
2030,sc01,09-06 20:00:00+02:00,bus036,0.0
2030,sc01,09-06 20:00:00+02:00,bus094,0.0
2030,sc01,09-06 20:00:00+02:00,bus095,0.0
2030,sc01,09-06 20:00:00+02:00,bus113,0.0
2030,sc01,09-06 20:00:00+02:00,bus024,0.0
2030,sc01,09-06 20:00:00+02:00,bus078,0.0
2030,sc01,09-06 20:00:00+02:00,bus033,0.0
2030,sc01,09-06 20:00:00+02:00,bus079,0.0
2030,sc01,09-06 20:00:00+02:00,bus061,0.0
2030,sc01,09-06 20:00:00+02:00,bus118,0.0
2030,sc01,09-06 20:00:00+02:00,bus003,0.0
2030,sc01,09-06 20:00:00+02:00,bus070,0.0
2030,sc01,09-06 20:00:00+02:00,bus004,0.0
2030,sc01,09-06 20:00:00+02:00,bus021,0.0
2030,sc01,09-06 20:00:00+02:00,bus068,0.0
2030,sc01,09-06 20:00:00+02:00,bus028,0.0
2030,sc01,09-06 20:00:00+02:00,bus034,0.0
2030,sc01,09-06 20:00:00+02:00,bus075,0.0
2030,sc01,09-06 20:00:00+02:00,bus064,0.0
2030,sc01,09-06 20:00:00+02:00,bus106,0.0
2030,sc01,09-06 20:00:00+02:00,bus076,0.0
2030,sc01,09-06 20:00:00+02:00,bus046,0.0
2030,sc01,09-06 20:00:00+02:00,bus007,0.0
2030,sc01,09-06 20:00:00+02:00,bus035,0.0
2030,sc01,09-06 20:00:00+02:00,bus117,0.0
2030,sc01,09-06 20:00:00+02:00,bus041,0.0
2030,sc01,09-06 20:00:00+02:00,bus102,0.0
2030,sc01,09-06 20:00:00+02:00,bus026,0.0
2030,sc01,09-06 20:00:00+02:00,bus077,0.0
2030,sc01,09-06 20:00:00+02:00,bus044,0.0
2030,sc01,09-06 20:00:00+02:00,bus091,0.0
2030,sc01,09-06 20:00:00+02:00,bus062,0.0
2030,sc01,09-08 13:00:00+02:00,bus093,0.0
2030,sc01,09-08 13:00:00+02:00,bus097,0.0
2030,sc01,09-08 13:00:00+02:00,bus110,0.0
2030,sc01,09-08 13:00:00+02:00,bus042,0.0
2030,sc01,09-08 13:00:00+02:00,bus066,0.0
2030,sc01,09-08 13:00:00+02:00,bus059,0.0
2030,sc01,09-08 13:00:00+02:00,bus057,0.0
2030,sc01,09-08 13:00:00+02:00,bus067,0.0
2030,sc01,09-08 13:00:00+02:00,bus069,0.0
2030,sc01,09-08 13:00:00+02:00,bus014,0.0
2030,sc01,09-08 13:00:00+02:00,bus090,0.0
2030,sc01,09-08 13:00:00+02:00,bus002,0.0
2030,sc01,09-08 13:00:00+02:00,bus005,0.0
2030,sc01,09-08 13:00:00+02:00,bus109,0.0
2030,sc01,09-08 13:00:00+02:00,bus020,0.0
2030,sc01,09-08 13:00:00+02:00,bus065,0.0
2030,sc01,09-08 13:00:00+02:00,bus001,0.0
2030,sc01,09-08 13:00:00+02:00,bus017,0.0
2030,sc01,09-08 13:00:00+02:00,bus015,0.0
2030,sc01,09-08 13:00:00+02:00,bus054,0.0
2030,sc01,09-08 13:00:00+02:00,bus086,0.0
2030,sc01,09-08 13:00:00+02:00,bus032,0.0
2030,sc01,09-08 13:00:00+02:00,bus038,0.0
2030,sc01,09-08 13:00:00+02:00,bus108,0.0
2030,sc01,09-08 13:00:00+02:00,bus087,0.0
2030,sc01,09-08 13:00:00+02:00,bus027,0.0
2030,sc01,09-08 13:00:00+02:00,bus111,0.0
2030,sc01,09-08 13:00:00+02:00,bus025,0.0
2030,sc01,09-08 13:00:00+02:00,bus029,0.0
2030,sc01,09-08 13:00:00+02:00,bus009,0.0
2030,sc01,09-08 13:00:00+02:00,bus043,0.0
2030,sc01,09-08 13:00:00+02:00,bus045,0.0
2030,sc01,09-08 13:00:00+02:00,bus084,0.0
2030,sc01,09-08 13:00:00+02:00,bus013,0.0
2030,sc01,09-08 13:00:00+02:00,bus063,0.0
2030,sc01,09-08 13:00:00+02:00,bus115,0.0
2030,sc01,09-08 13:00:00+02:00,bus010,0.0
2030,sc01,09-08 13:00:00+02:00,bus073,0.0
2030,sc01,09-08 13:00:00+02:00,bus052,0.0
2030,sc01,09-08 13:00:00+02:00,bus096,0.0
2030,sc01,09-08 13:00:00+02:00,bus050,0.0
2030,sc01,09-08 13:00:00+02:00,bus011,0.0
2030,sc01,09-08 13:00:00+02:00,bus055,0.0
2030,sc01,09-08 13:00:00+02:00,bus083,0.0
2030,sc01,09-08 13:00:00+02:00,bus081,0.0
2030,sc01,09-08 13:00:00+02:00,bus022,0.0
2030,sc01,09-08 13:00:00+02:00,bus071,0.0
2030,sc01,09-08 13:00:00+02:00,bus074,0.0
2030,sc01,09-08 13:00:00+02:00,bus040,0.0
2030,sc01,09-08 13:00:00+02:00,bus099,0.0
2030,sc01,09-08 13:00:00+02:00,bus030,0.0
2030,sc01,09-08 13:00:00+02:00,bus098,0.0
2030,sc01,09-08 13:00:00+02:00,bus053,0.0
2030,sc01,09-08 13:00:00+02:00,bus085,0.0
2030,sc01,09-08 13:00:00+02:00,bus101,0.0
2030,sc01,09-08 13:00:00+02:00,bus018,0.0
2030,sc01,09-08 13:00:00+02:00,bus023,0.0
2030,sc01,09-08 13:00:00+02:00,bus088,0.0
2030,sc01,09-08 13:00:00+02:00,bus116,0.0
2030,sc01,09-08 13:00:00+02:00,bus103,0.0
2030,sc01,09-08 13:00:00+02:00,bus008,0.0
2030,sc01,09-08 13:00:00+02:00,bus105,0.0
2030,sc01,09-08 13:00:00+02:00,bus060,0.0
2030,sc01,09-08 13:00:00+02:00,bus016,0.0
2030,sc01,09-08 13:00:00+02:00,bus082,0.0
2030,sc01,09-08 13:00:00+02:00,bus047,0.0
2030,sc01,09-08 13:00:00+02:00,bus019,0.0
2030,sc01,09-08 13:00:00+02:00,bus037,0.0
2030,sc01,09-08 13:00:00+02:00,bus006,0.0
2030,sc01,09-08 13:00:00+02:00,bus080,0.0
2030,sc01,09-08 13:00:00+02:00,bus031,0.0
2030,sc01,09-08 13:00:00+02:00,bus048,0.0
2030,sc01,09-08 13:00:00+02:00,bus107,0.0
2030,sc01,09-08 13:00:00+02:00,bus049,0.0
2030,sc01,09-08 13:00:00+02:00,bus104,0.0
2030,sc01,09-08 13:00:00+02:00,bus100,0.0
2030,sc01,09-08 13:00:00+02:00,bus072,0.0
2030,sc01,09-08 13:00:00+02:00,bus039,0.0
2030,sc01,09-08 13:00:00+02:00,bus012,0.0
2030,sc01,09-08 13:00:00+02:00,bus114,0.0
2030,sc01,09-08 13:00:00+02:00,bus112,0.0
2030,sc01,09-08 13:00:00+02:00,bus058,0.0
2030,sc01,09-08 13:00:00+02:00,bus089,0.0
2030,sc01,09-08 13:00:00+02:00,bus051,0.0
2030,sc01,09-08 13:00:00+02:00,bus056,0.0
2030,sc01,09-08 13:00:00+02:00,bus092,0.0
2030,sc01,09-08 13:00:00+02:00,bus036,0.0
2030,sc01,09-08 13:00:00+02:00,bus094,0.0
2030,sc01,09-08 13:00:00+02:00,bus095,0.0
2030,sc01,09-08 13:00:00+02:00,bus113,0.0
2030,sc01,09-08 13:00:00+02:00,bus024,0.0
2030,sc01,09-08 13:00:00+02:00,bus078,0.0
2030,sc01,09-08 13:00:00+02:00,bus033,0.0
2030,sc01,09-08 13:00:00+02:00,bus079,0.0
2030,sc01,09-08 13:00:00+02:00,bus061,0.0
2030,sc01,09-08 13:00:00+02:00,bus118,0.0
2030,sc01,09-08 13:00:00+02:00,bus003,0.0
2030,sc01,09-08 13:00:00+02:00,bus070,0.0
2030,sc01,09-08 13:00:00+02:00,bus004,0.0
2030,sc01,09-08 13:00:00+02:00,bus021,0.0
2030,sc01,09-08 13:00:00+02:00,bus068,0.0
2030,sc01,09-08 13:00:00+02:00,bus028,0.0
2030,sc01,09-08 13:00:00+02:00,bus034,0.0
2030,sc01,09-08 13:00:00+02:00,bus075,0.0
2030,sc01,09-08 13:00:00+02:00,bus064,0.0
2030,sc01,09-08 13:00:00+02:00,bus106,0.0
2030,sc01,09-08 13:00:00+02:00,bus076,0.0
2030,sc01,09-08 13:00:00+02:00,bus046,0.0
2030,sc01,09-08 13:00:00+02:00,bus007,0.0
2030,sc01,09-08 13:00:00+02:00,bus035,0.0
2030,sc01,09-08 13:00:00+02:00,bus117,0.0
2030,sc01,09-08 13:00:00+02:00,bus041,0.0
2030,sc01,09-08 13:00:00+02:00,bus102,0.0
2030,sc01,09-08 13:00:00+02:00,bus026,0.0
2030,sc01,09-08 13:00:00+02:00,bus077,0.0
2030,sc01,09-08 13:00:00+02:00,bus044,0.0
2030,sc01,09-08 13:00:00+02:00,bus091,0.0
2030,sc01,09-08 13:00:00+02:00,bus062,0.0
2030,sc01,09-09 16:00:00+02:00,bus093,0.0
2030,sc01,09-09 16:00:00+02:00,bus097,0.0
2030,sc01,09-09 16:00:00+02:00,bus110,0.0
2030,sc01,09-09 16:00:00+02:00,bus042,0.0
2030,sc01,09-09 16:00:00+02:00,bus066,0.0
2030,sc01,09-09 16:00:00+02:00,bus059,0.0
2030,sc01,09-09 16:00:00+02:00,bus057,0.0
2030,sc01,09-09 16:00:00+02:00,bus067,0.0
2030,sc01,09-09 16:00:00+02:00,bus069,0.0
2030,sc01,09-09 16:00:00+02:00,bus014,0.0
2030,sc01,09-09 16:00:00+02:00,bus090,0.0
2030,sc01,09-09 16:00:00+02:00,bus002,0.0
2030,sc01,09-09 16:00:00+02:00,bus005,0.0
2030,sc01,09-09 16:00:00+02:00,bus109,0.0
2030,sc01,09-09 16:00:00+02:00,bus020,0.0
2030,sc01,09-09 16:00:00+02:00,bus065,0.0
2030,sc01,09-09 16:00:00+02:00,bus001,0.0
2030,sc01,09-09 16:00:00+02:00,bus017,0.0
2030,sc01,09-09 16:00:00+02:00,bus015,0.0
2030,sc01,09-09 16:00:00+02:00,bus054,0.0
2030,sc01,09-09 16:00:00+02:00,bus086,0.0
2030,sc01,09-09 16:00:00+02:00,bus032,0.0
2030,sc01,09-09 16:00:00+02:00,bus038,0.0
2030,sc01,09-09 16:00:00+02:00,bus108,0.0
2030,sc01,09-09 16:00:00+02:00,bus087,0.0
2030,sc01,09-09 16:00:00+02:00,bus027,0.0
2030,sc01,09-09 16:00:00+02:00,bus111,0.0
2030,sc01,09-09 16:00:00+02:00,bus025,0.0
2030,sc01,09-09 16:00:00+02:00,bus029,0.0
2030,sc01,09-09 16:00:00+02:00,bus009,0.0
2030,sc01,09-09 16:00:00+02:00,bus043,0.0
2030,sc01,09-09 16:00:00+02:00,bus045,0.0
2030,sc01,09-09 16:00:00+02:00,bus084,0.0
2030,sc01,09-09 16:00:00+02:00,bus013,0.0
2030,sc01,09-09 16:00:00+02:00,bus063,0.0
2030,sc01,09-09 16:00:00+02:00,bus115,0.0
2030,sc01,09-09 16:00:00+02:00,bus010,0.0
2030,sc01,09-09 16:00:00+02:00,bus073,0.0
2030,sc01,09-09 16:00:00+02:00,bus052,0.0
2030,sc01,09-09 16:00:00+02:00,bus096,0.0
2030,sc01,09-09 16:00:00+02:00,bus050,0.0
2030,sc01,09-09 16:00:00+02:00,bus011,0.0
2030,sc01,09-09 16:00:00+02:00,bus055,0.0
2030,sc01,09-09 16:00:00+02:00,bus083,0.0
2030,sc01,09-09 16:00:00+02:00,bus081,0.0
2030,sc01,09-09 16:00:00+02:00,bus022,0.0
2030,sc01,09-09 16:00:00+02:00,bus071,0.0
2030,sc01,09-09 16:00:00+02:00,bus074,0.0
2030,sc01,09-09 16:00:00+02:00,bus040,0.0
2030,sc01,09-09 16:00:00+02:00,bus099,0.0
2030,sc01,09-09 16:00:00+02:00,bus030,0.0
2030,sc01,09-09 16:00:00+02:00,bus098,0.0
2030,sc01,09-09 16:00:00+02:00,bus053,0.0
2030,sc01,09-09 16:00:00+02:00,bus085,0.0
2030,sc01,09-09 16:00:00+02:00,bus101,0.0
2030,sc01,09-09 16:00:00+02:00,bus018,0.0
2030,sc01,09-09 16:00:00+02:00,bus023,0.0
2030,sc01,09-09 16:00:00+02:00,bus088,0.0
2030,sc01,09-09 16:00:00+02:00,bus116,0.0
2030,sc01,09-09 16:00:00+02:00,bus103,0.0
2030,sc01,09-09 16:00:00+02:00,bus008,0.0
2030,sc01,09-09 16:00:00+02:00,bus105,0.0
2030,sc01,09-09 16:00:00+02:00,bus060,0.0
2030,sc01,09-09 16:00:00+02:00,bus016,0.0
2030,sc01,09-09 16:00:00+02:00,bus082,0.0
2030,sc01,09-09 16:00:00+02:00,bus047,0.0
2030,sc01,09-09 16:00:00+02:00,bus019,0.0
2030,sc01,09-09 16:00:00+02:00,bus037,0.0
2030,sc01,09-09 16:00:00+02:00,bus006,0.0
2030,sc01,09-09 16:00:00+02:00,bus080,0.0
2030,sc01,09-09 16:00:00+02:00,bus031,0.0
2030,sc01,09-09 16:00:00+02:00,bus048,0.0
2030,sc01,09-09 16:00:00+02:00,bus107,0.0
2030,sc01,09-09 16:00:00+02:00,bus049,0.0
2030,sc01,09-09 16:00:00+02:00,bus104,0.0
2030,sc01,09-09 16:00:00+02:00,bus100,0.0
2030,sc01,09-09 16:00:00+02:00,bus072,0.0
2030,sc01,09-09 16:00:00+02:00,bus039,0.0
2030,sc01,09-09 16:00:00+02:00,bus012,0.0
2030,sc01,09-09 16:00:00+02:00,bus114,0.0
2030,sc01,09-09 16:00:00+02:00,bus112,0.0
2030,sc01,09-09 16:00:00+02:00,bus058,0.0
2030,sc01,09-09 16:00:00+02:00,bus089,0.0
2030,sc01,09-09 16:00:00+02:00,bus051,0.0
2030,sc01,09-09 16:00:00+02:00,bus056,0.0
2030,sc01,09-09 16:00:00+02:00,bus092,0.0
2030,sc01,09-09 16:00:00+02:00,bus036,0.0
2030,sc01,09-09 16:00:00+02:00,bus094,0.0
2030,sc01,09-09 16:00:00+02:00,bus095,0.0
2030,sc01,09-09 16:00:00+02:00,bus113,0.0
2030,sc01,09-09 16:00:00+02:00,bus024,0.0
2030,sc01,09-09 16:00:00+02:00,bus078,0.0
2030,sc01,09-09 16:00:00+02:00,bus033,0.0
2030,sc01,09-09 16:00:00+02:00,bus079,0.0
2030,sc01,09-09 16:00:00+02:00,bus061,0.0
2030,sc01,09-09 16:00:00+02:00,bus118,0.0
2030,sc01,09-09 16:00:00+02:00,bus003,0.0
2030,sc01,09-09 16:00:00+02:00,bus070,0.0
2030,sc01,09-09 16:00:00+02:00,bus004,0.0
2030,sc01,09-09 16:00:00+02:00,bus021,0.0
2030,sc01,09-09 16:00:00+02:00,bus068,0.0
2030,sc01,09-09 16:00:00+02:00,bus028,0.0
2030,sc01,09-09 16:00:00+02:00,bus034,0.0
2030,sc01,09-09 16:00:00+02:00,bus075,0.0
2030,sc01,09-09 16:00:00+02:00,bus064,0.0
2030,sc01,09-09 16:00:00+02:00,bus106,0.0
2030,sc01,09-09 16:00:00+02:00,bus076,0.0
2030,sc01,09-09 16:00:00+02:00,bus046,0.0
2030,sc01,09-09 16:00:00+02:00,bus007,0.0
2030,sc01,09-09 16:00:00+02:00,bus035,0.0
2030,sc01,09-09 16:00:00+02:00,bus117,0.0
2030,sc01,09-09 16:00:00+02:00,bus041,0.0
2030,sc01,09-09 16:00:00+02:00,bus102,0.0
2030,sc01,09-09 16:00:00+02:00,bus026,0.0
2030,sc01,09-09 16:00:00+02:00,bus077,0.0
2030,sc01,09-09 16:00:00+02:00,bus044,0.0
2030,sc01,09-09 16:00:00+02:00,bus091,0.0
2030,sc01,09-09 16:00:00+02:00,bus062,0.0
2030,sc01,09-10 18:00:00+02:00,bus093,0.0
2030,sc01,09-10 18:00:00+02:00,bus097,0.0
2030,sc01,09-10 18:00:00+02:00,bus110,0.0
2030,sc01,09-10 18:00:00+02:00,bus042,0.0
2030,sc01,09-10 18:00:00+02:00,bus066,0.0
2030,sc01,09-10 18:00:00+02:00,bus059,0.0
2030,sc01,09-10 18:00:00+02:00,bus057,0.0
2030,sc01,09-10 18:00:00+02:00,bus067,0.0
2030,sc01,09-10 18:00:00+02:00,bus069,0.0
2030,sc01,09-10 18:00:00+02:00,bus014,0.0
2030,sc01,09-10 18:00:00+02:00,bus090,0.0
2030,sc01,09-10 18:00:00+02:00,bus002,0.0
2030,sc01,09-10 18:00:00+02:00,bus005,0.0
2030,sc01,09-10 18:00:00+02:00,bus109,0.0
2030,sc01,09-10 18:00:00+02:00,bus020,0.0
2030,sc01,09-10 18:00:00+02:00,bus065,0.0
2030,sc01,09-10 18:00:00+02:00,bus001,0.0
2030,sc01,09-10 18:00:00+02:00,bus017,0.0
2030,sc01,09-10 18:00:00+02:00,bus015,0.0
2030,sc01,09-10 18:00:00+02:00,bus054,0.0
2030,sc01,09-10 18:00:00+02:00,bus086,0.0
2030,sc01,09-10 18:00:00+02:00,bus032,0.0
2030,sc01,09-10 18:00:00+02:00,bus038,0.0
2030,sc01,09-10 18:00:00+02:00,bus108,0.0
2030,sc01,09-10 18:00:00+02:00,bus087,0.0
2030,sc01,09-10 18:00:00+02:00,bus027,0.0
2030,sc01,09-10 18:00:00+02:00,bus111,0.0
2030,sc01,09-10 18:00:00+02:00,bus025,0.0
2030,sc01,09-10 18:00:00+02:00,bus029,0.0
2030,sc01,09-10 18:00:00+02:00,bus009,0.0
2030,sc01,09-10 18:00:00+02:00,bus043,0.0
2030,sc01,09-10 18:00:00+02:00,bus045,0.0
2030,sc01,09-10 18:00:00+02:00,bus084,0.0
2030,sc01,09-10 18:00:00+02:00,bus013,0.0
2030,sc01,09-10 18:00:00+02:00,bus063,0.0
2030,sc01,09-10 18:00:00+02:00,bus115,0.0
2030,sc01,09-10 18:00:00+02:00,bus010,0.0
2030,sc01,09-10 18:00:00+02:00,bus073,0.0
2030,sc01,09-10 18:00:00+02:00,bus052,0.0
2030,sc01,09-10 18:00:00+02:00,bus096,0.0
2030,sc01,09-10 18:00:00+02:00,bus050,0.0
2030,sc01,09-10 18:00:00+02:00,bus011,0.0
2030,sc01,09-10 18:00:00+02:00,bus055,0.0
2030,sc01,09-10 18:00:00+02:00,bus083,0.0
2030,sc01,09-10 18:00:00+02:00,bus081,0.0
2030,sc01,09-10 18:00:00+02:00,bus022,0.0
2030,sc01,09-10 18:00:00+02:00,bus071,0.0
2030,sc01,09-10 18:00:00+02:00,bus074,0.0
2030,sc01,09-10 18:00:00+02:00,bus040,0.0
2030,sc01,09-10 18:00:00+02:00,bus099,0.0
2030,sc01,09-10 18:00:00+02:00,bus030,0.0
2030,sc01,09-10 18:00:00+02:00,bus098,0.0
2030,sc01,09-10 18:00:00+02:00,bus053,0.0
2030,sc01,09-10 18:00:00+02:00,bus085,0.0
2030,sc01,09-10 18:00:00+02:00,bus101,0.0
2030,sc01,09-10 18:00:00+02:00,bus018,0.0
2030,sc01,09-10 18:00:00+02:00,bus023,0.0
2030,sc01,09-10 18:00:00+02:00,bus088,0.0
2030,sc01,09-10 18:00:00+02:00,bus116,0.0
2030,sc01,09-10 18:00:00+02:00,bus103,0.0
2030,sc01,09-10 18:00:00+02:00,bus008,0.0
2030,sc01,09-10 18:00:00+02:00,bus105,0.0
2030,sc01,09-10 18:00:00+02:00,bus060,0.0
2030,sc01,09-10 18:00:00+02:00,bus016,0.0
2030,sc01,09-10 18:00:00+02:00,bus082,0.0
2030,sc01,09-10 18:00:00+02:00,bus047,0.0
2030,sc01,09-10 18:00:00+02:00,bus019,0.0
2030,sc01,09-10 18:00:00+02:00,bus037,0.0
2030,sc01,09-10 18:00:00+02:00,bus006,0.0
2030,sc01,09-10 18:00:00+02:00,bus080,0.0
2030,sc01,09-10 18:00:00+02:00,bus031,0.0
2030,sc01,09-10 18:00:00+02:00,bus048,0.0
2030,sc01,09-10 18:00:00+02:00,bus107,0.0
2030,sc01,09-10 18:00:00+02:00,bus049,0.0
2030,sc01,09-10 18:00:00+02:00,bus104,0.0
2030,sc01,09-10 18:00:00+02:00,bus100,0.0
2030,sc01,09-10 18:00:00+02:00,bus072,0.0
2030,sc01,09-10 18:00:00+02:00,bus039,0.0
2030,sc01,09-10 18:00:00+02:00,bus012,0.0
2030,sc01,09-10 18:00:00+02:00,bus114,0.0
2030,sc01,09-10 18:00:00+02:00,bus112,0.0
2030,sc01,09-10 18:00:00+02:00,bus058,0.0
2030,sc01,09-10 18:00:00+02:00,bus089,0.0
2030,sc01,09-10 18:00:00+02:00,bus051,0.0
2030,sc01,09-10 18:00:00+02:00,bus056,0.0
2030,sc01,09-10 18:00:00+02:00,bus092,0.0
2030,sc01,09-10 18:00:00+02:00,bus036,0.0
2030,sc01,09-10 18:00:00+02:00,bus094,0.0
2030,sc01,09-10 18:00:00+02:00,bus095,0.0
2030,sc01,09-10 18:00:00+02:00,bus113,0.0
2030,sc01,09-10 18:00:00+02:00,bus024,0.0
2030,sc01,09-10 18:00:00+02:00,bus078,0.0
2030,sc01,09-10 18:00:00+02:00,bus033,0.0
2030,sc01,09-10 18:00:00+02:00,bus079,0.0
2030,sc01,09-10 18:00:00+02:00,bus061,0.0
2030,sc01,09-10 18:00:00+02:00,bus118,0.0
2030,sc01,09-10 18:00:00+02:00,bus003,0.0
2030,sc01,09-10 18:00:00+02:00,bus070,0.0
2030,sc01,09-10 18:00:00+02:00,bus004,0.0
2030,sc01,09-10 18:00:00+02:00,bus021,0.0
2030,sc01,09-10 18:00:00+02:00,bus068,0.0
2030,sc01,09-10 18:00:00+02:00,bus028,0.0
2030,sc01,09-10 18:00:00+02:00,bus034,0.0
2030,sc01,09-10 18:00:00+02:00,bus075,0.0
2030,sc01,09-10 18:00:00+02:00,bus064,0.0
2030,sc01,09-10 18:00:00+02:00,bus106,0.0
2030,sc01,09-10 18:00:00+02:00,bus076,0.0
2030,sc01,09-10 18:00:00+02:00,bus046,0.0
2030,sc01,09-10 18:00:00+02:00,bus007,0.0
2030,sc01,09-10 18:00:00+02:00,bus035,0.0
2030,sc01,09-10 18:00:00+02:00,bus117,0.0
2030,sc01,09-10 18:00:00+02:00,bus041,0.0
2030,sc01,09-10 18:00:00+02:00,bus102,0.0
2030,sc01,09-10 18:00:00+02:00,bus026,0.0
2030,sc01,09-10 18:00:00+02:00,bus077,0.0
2030,sc01,09-10 18:00:00+02:00,bus044,0.0
2030,sc01,09-10 18:00:00+02:00,bus091,0.0
2030,sc01,09-10 18:00:00+02:00,bus062,0.0
2030,sc01,09-11 19:00:00+02:00,bus093,0.0
2030,sc01,09-11 19:00:00+02:00,bus097,0.0
2030,sc01,09-11 19:00:00+02:00,bus110,0.0
2030,sc01,09-11 19:00:00+02:00,bus042,0.0
2030,sc01,09-11 19:00:00+02:00,bus066,0.0
2030,sc01,09-11 19:00:00+02:00,bus059,0.0
2030,sc01,09-11 19:00:00+02:00,bus057,0.0
2030,sc01,09-11 19:00:00+02:00,bus067,0.0
2030,sc01,09-11 19:00:00+02:00,bus069,0.0
2030,sc01,09-11 19:00:00+02:00,bus014,0.0
2030,sc01,09-11 19:00:00+02:00,bus090,0.0
2030,sc01,09-11 19:00:00+02:00,bus002,0.0
2030,sc01,09-11 19:00:00+02:00,bus005,0.0
2030,sc01,09-11 19:00:00+02:00,bus109,0.0
2030,sc01,09-11 19:00:00+02:00,bus020,0.0
2030,sc01,09-11 19:00:00+02:00,bus065,0.0
2030,sc01,09-11 19:00:00+02:00,bus001,0.0
2030,sc01,09-11 19:00:00+02:00,bus017,0.0
2030,sc01,09-11 19:00:00+02:00,bus015,0.0
2030,sc01,09-11 19:00:00+02:00,bus054,0.0
2030,sc01,09-11 19:00:00+02:00,bus086,0.0
2030,sc01,09-11 19:00:00+02:00,bus032,0.0
2030,sc01,09-11 19:00:00+02:00,bus038,0.0
2030,sc01,09-11 19:00:00+02:00,bus108,0.0
2030,sc01,09-11 19:00:00+02:00,bus087,0.0
2030,sc01,09-11 19:00:00+02:00,bus027,0.0
2030,sc01,09-11 19:00:00+02:00,bus111,0.0
2030,sc01,09-11 19:00:00+02:00,bus025,0.0
2030,sc01,09-11 19:00:00+02:00,bus029,0.0
2030,sc01,09-11 19:00:00+02:00,bus009,0.0
2030,sc01,09-11 19:00:00+02:00,bus043,0.0
2030,sc01,09-11 19:00:00+02:00,bus045,0.0
2030,sc01,09-11 19:00:00+02:00,bus084,0.0
2030,sc01,09-11 19:00:00+02:00,bus013,0.0
2030,sc01,09-11 19:00:00+02:00,bus063,0.0
2030,sc01,09-11 19:00:00+02:00,bus115,0.0
2030,sc01,09-11 19:00:00+02:00,bus010,0.0
2030,sc01,09-11 19:00:00+02:00,bus073,0.0
2030,sc01,09-11 19:00:00+02:00,bus052,0.0
2030,sc01,09-11 19:00:00+02:00,bus096,0.0
2030,sc01,09-11 19:00:00+02:00,bus050,0.0
2030,sc01,09-11 19:00:00+02:00,bus011,0.0
2030,sc01,09-11 19:00:00+02:00,bus055,0.0
2030,sc01,09-11 19:00:00+02:00,bus083,0.0
2030,sc01,09-11 19:00:00+02:00,bus081,0.0
2030,sc01,09-11 19:00:00+02:00,bus022,0.0
2030,sc01,09-11 19:00:00+02:00,bus071,0.0
2030,sc01,09-11 19:00:00+02:00,bus074,0.0
2030,sc01,09-11 19:00:00+02:00,bus040,0.0
2030,sc01,09-11 19:00:00+02:00,bus099,0.0
2030,sc01,09-11 19:00:00+02:00,bus030,0.0
2030,sc01,09-11 19:00:00+02:00,bus098,0.0
2030,sc01,09-11 19:00:00+02:00,bus053,0.0
2030,sc01,09-11 19:00:00+02:00,bus085,0.0
2030,sc01,09-11 19:00:00+02:00,bus101,0.0
2030,sc01,09-11 19:00:00+02:00,bus018,0.0
2030,sc01,09-11 19:00:00+02:00,bus023,0.0
2030,sc01,09-11 19:00:00+02:00,bus088,0.0
2030,sc01,09-11 19:00:00+02:00,bus116,0.0
2030,sc01,09-11 19:00:00+02:00,bus103,0.0
2030,sc01,09-11 19:00:00+02:00,bus008,0.0
2030,sc01,09-11 19:00:00+02:00,bus105,0.0
2030,sc01,09-11 19:00:00+02:00,bus060,0.0
2030,sc01,09-11 19:00:00+02:00,bus016,0.0
2030,sc01,09-11 19:00:00+02:00,bus082,0.0
2030,sc01,09-11 19:00:00+02:00,bus047,0.0
2030,sc01,09-11 19:00:00+02:00,bus019,0.0
2030,sc01,09-11 19:00:00+02:00,bus037,0.0
2030,sc01,09-11 19:00:00+02:00,bus006,0.0
2030,sc01,09-11 19:00:00+02:00,bus080,0.0
2030,sc01,09-11 19:00:00+02:00,bus031,0.0
2030,sc01,09-11 19:00:00+02:00,bus048,0.0
2030,sc01,09-11 19:00:00+02:00,bus107,0.0
2030,sc01,09-11 19:00:00+02:00,bus049,0.0
2030,sc01,09-11 19:00:00+02:00,bus104,0.0
2030,sc01,09-11 19:00:00+02:00,bus100,0.0
2030,sc01,09-11 19:00:00+02:00,bus072,0.0
2030,sc01,09-11 19:00:00+02:00,bus039,0.0
2030,sc01,09-11 19:00:00+02:00,bus012,0.0
2030,sc01,09-11 19:00:00+02:00,bus114,0.0
2030,sc01,09-11 19:00:00+02:00,bus112,0.0
2030,sc01,09-11 19:00:00+02:00,bus058,0.0
2030,sc01,09-11 19:00:00+02:00,bus089,0.0
2030,sc01,09-11 19:00:00+02:00,bus051,0.0
2030,sc01,09-11 19:00:00+02:00,bus056,0.0
2030,sc01,09-11 19:00:00+02:00,bus092,0.0
2030,sc01,09-11 19:00:00+02:00,bus036,0.0
2030,sc01,09-11 19:00:00+02:00,bus094,0.0
2030,sc01,09-11 19:00:00+02:00,bus095,0.0
2030,sc01,09-11 19:00:00+02:00,bus113,0.0
2030,sc01,09-11 19:00:00+02:00,bus024,0.0
2030,sc01,09-11 19:00:00+02:00,bus078,0.0
2030,sc01,09-11 19:00:00+02:00,bus033,0.0
2030,sc01,09-11 19:00:00+02:00,bus079,0.0
2030,sc01,09-11 19:00:00+02:00,bus061,0.0
2030,sc01,09-11 19:00:00+02:00,bus118,0.0
2030,sc01,09-11 19:00:00+02:00,bus003,0.0
2030,sc01,09-11 19:00:00+02:00,bus070,0.0
2030,sc01,09-11 19:00:00+02:00,bus004,0.0
2030,sc01,09-11 19:00:00+02:00,bus021,0.0
2030,sc01,09-11 19:00:00+02:00,bus068,0.0
2030,sc01,09-11 19:00:00+02:00,bus028,0.0
2030,sc01,09-11 19:00:00+02:00,bus034,0.0
2030,sc01,09-11 19:00:00+02:00,bus075,0.0
2030,sc01,09-11 19:00:00+02:00,bus064,0.0
2030,sc01,09-11 19:00:00+02:00,bus106,0.0
2030,sc01,09-11 19:00:00+02:00,bus076,0.0
2030,sc01,09-11 19:00:00+02:00,bus046,0.0
2030,sc01,09-11 19:00:00+02:00,bus007,0.0
2030,sc01,09-11 19:00:00+02:00,bus035,0.0
2030,sc01,09-11 19:00:00+02:00,bus117,0.0
2030,sc01,09-11 19:00:00+02:00,bus041,0.0
2030,sc01,09-11 19:00:00+02:00,bus102,0.0
2030,sc01,09-11 19:00:00+02:00,bus026,0.0
2030,sc01,09-11 19:00:00+02:00,bus077,0.0
2030,sc01,09-11 19:00:00+02:00,bus044,0.0
2030,sc01,09-11 19:00:00+02:00,bus091,0.0
2030,sc01,09-11 19:00:00+02:00,bus062,0.0
2030,sc01,09-12 22:00:00+02:00,bus093,0.0
2030,sc01,09-12 22:00:00+02:00,bus097,0.0
2030,sc01,09-12 22:00:00+02:00,bus110,0.0
2030,sc01,09-12 22:00:00+02:00,bus042,0.0
2030,sc01,09-12 22:00:00+02:00,bus066,0.0
2030,sc01,09-12 22:00:00+02:00,bus059,0.0
2030,sc01,09-12 22:00:00+02:00,bus057,0.0
2030,sc01,09-12 22:00:00+02:00,bus067,0.0
2030,sc01,09-12 22:00:00+02:00,bus069,0.0
2030,sc01,09-12 22:00:00+02:00,bus014,0.0
2030,sc01,09-12 22:00:00+02:00,bus090,0.0
2030,sc01,09-12 22:00:00+02:00,bus002,0.0
2030,sc01,09-12 22:00:00+02:00,bus005,0.0
2030,sc01,09-12 22:00:00+02:00,bus109,0.0
2030,sc01,09-12 22:00:00+02:00,bus020,0.0
2030,sc01,09-12 22:00:00+02:00,bus065,0.0
2030,sc01,09-12 22:00:00+02:00,bus001,0.0
2030,sc01,09-12 22:00:00+02:00,bus017,0.0
2030,sc01,09-12 22:00:00+02:00,bus015,0.0
2030,sc01,09-12 22:00:00+02:00,bus054,0.0
2030,sc01,09-12 22:00:00+02:00,bus086,0.0
2030,sc01,09-12 22:00:00+02:00,bus032,0.0
2030,sc01,09-12 22:00:00+02:00,bus038,0.0
2030,sc01,09-12 22:00:00+02:00,bus108,0.0
2030,sc01,09-12 22:00:00+02:00,bus087,0.0
2030,sc01,09-12 22:00:00+02:00,bus027,0.0
2030,sc01,09-12 22:00:00+02:00,bus111,0.0
2030,sc01,09-12 22:00:00+02:00,bus025,0.0
2030,sc01,09-12 22:00:00+02:00,bus029,0.0
2030,sc01,09-12 22:00:00+02:00,bus009,0.0
2030,sc01,09-12 22:00:00+02:00,bus043,0.0
2030,sc01,09-12 22:00:00+02:00,bus045,0.0
2030,sc01,09-12 22:00:00+02:00,bus084,0.0
2030,sc01,09-12 22:00:00+02:00,bus013,0.0
2030,sc01,09-12 22:00:00+02:00,bus063,0.0
2030,sc01,09-12 22:00:00+02:00,bus115,0.0
2030,sc01,09-12 22:00:00+02:00,bus010,0.0
2030,sc01,09-12 22:00:00+02:00,bus073,0.0
2030,sc01,09-12 22:00:00+02:00,bus052,0.0
2030,sc01,09-12 22:00:00+02:00,bus096,0.0
2030,sc01,09-12 22:00:00+02:00,bus050,0.0
2030,sc01,09-12 22:00:00+02:00,bus011,0.0
2030,sc01,09-12 22:00:00+02:00,bus055,0.0
2030,sc01,09-12 22:00:00+02:00,bus083,0.0
2030,sc01,09-12 22:00:00+02:00,bus081,0.0
2030,sc01,09-12 22:00:00+02:00,bus022,0.0
2030,sc01,09-12 22:00:00+02:00,bus071,0.0
2030,sc01,09-12 22:00:00+02:00,bus074,0.0
2030,sc01,09-12 22:00:00+02:00,bus040,0.0
2030,sc01,09-12 22:00:00+02:00,bus099,0.0
2030,sc01,09-12 22:00:00+02:00,bus030,0.0
2030,sc01,09-12 22:00:00+02:00,bus098,0.0
2030,sc01,09-12 22:00:00+02:00,bus053,0.0
2030,sc01,09-12 22:00:00+02:00,bus085,0.0
2030,sc01,09-12 22:00:00+02:00,bus101,0.0
2030,sc01,09-12 22:00:00+02:00,bus018,0.0
2030,sc01,09-12 22:00:00+02:00,bus023,0.0
2030,sc01,09-12 22:00:00+02:00,bus088,0.0
2030,sc01,09-12 22:00:00+02:00,bus116,0.0
2030,sc01,09-12 22:00:00+02:00,bus103,0.0
2030,sc01,09-12 22:00:00+02:00,bus008,0.0
2030,sc01,09-12 22:00:00+02:00,bus105,0.0
2030,sc01,09-12 22:00:00+02:00,bus060,0.0
2030,sc01,09-12 22:00:00+02:00,bus016,0.0
2030,sc01,09-12 22:00:00+02:00,bus082,0.0
2030,sc01,09-12 22:00:00+02:00,bus047,0.0
2030,sc01,09-12 22:00:00+02:00,bus019,0.0
2030,sc01,09-12 22:00:00+02:00,bus037,0.0
2030,sc01,09-12 22:00:00+02:00,bus006,0.0
2030,sc01,09-12 22:00:00+02:00,bus080,0.0
2030,sc01,09-12 22:00:00+02:00,bus031,0.0
2030,sc01,09-12 22:00:00+02:00,bus048,0.0
2030,sc01,09-12 22:00:00+02:00,bus107,0.0
2030,sc01,09-12 22:00:00+02:00,bus049,0.0
2030,sc01,09-12 22:00:00+02:00,bus104,0.0
2030,sc01,09-12 22:00:00+02:00,bus100,0.0
2030,sc01,09-12 22:00:00+02:00,bus072,0.0
2030,sc01,09-12 22:00:00+02:00,bus039,0.0
2030,sc01,09-12 22:00:00+02:00,bus012,0.0
2030,sc01,09-12 22:00:00+02:00,bus114,0.0
2030,sc01,09-12 22:00:00+02:00,bus112,0.0
2030,sc01,09-12 22:00:00+02:00,bus058,0.0
2030,sc01,09-12 22:00:00+02:00,bus089,0.0
2030,sc01,09-12 22:00:00+02:00,bus051,0.0
2030,sc01,09-12 22:00:00+02:00,bus056,0.0
2030,sc01,09-12 22:00:00+02:00,bus092,0.0
2030,sc01,09-12 22:00:00+02:00,bus036,0.0
2030,sc01,09-12 22:00:00+02:00,bus094,0.0
2030,sc01,09-12 22:00:00+02:00,bus095,0.0
2030,sc01,09-12 22:00:00+02:00,bus113,0.0
2030,sc01,09-12 22:00:00+02:00,bus024,0.0
2030,sc01,09-12 22:00:00+02:00,bus078,0.0
2030,sc01,09-12 22:00:00+02:00,bus033,0.0
2030,sc01,09-12 22:00:00+02:00,bus079,0.0
2030,sc01,09-12 22:00:00+02:00,bus061,0.0
2030,sc01,09-12 22:00:00+02:00,bus118,0.0
2030,sc01,09-12 22:00:00+02:00,bus003,0.0
2030,sc01,09-12 22:00:00+02:00,bus070,0.0
2030,sc01,09-12 22:00:00+02:00,bus004,0.0
2030,sc01,09-12 22:00:00+02:00,bus021,0.0
2030,sc01,09-12 22:00:00+02:00,bus068,0.0
2030,sc01,09-12 22:00:00+02:00,bus028,0.0
2030,sc01,09-12 22:00:00+02:00,bus034,0.0
2030,sc01,09-12 22:00:00+02:00,bus075,0.0
2030,sc01,09-12 22:00:00+02:00,bus064,0.0
2030,sc01,09-12 22:00:00+02:00,bus106,0.0
2030,sc01,09-12 22:00:00+02:00,bus076,0.0
2030,sc01,09-12 22:00:00+02:00,bus046,0.0
2030,sc01,09-12 22:00:00+02:00,bus007,0.0
2030,sc01,09-12 22:00:00+02:00,bus035,0.0
2030,sc01,09-12 22:00:00+02:00,bus117,0.0
2030,sc01,09-12 22:00:00+02:00,bus041,0.0
2030,sc01,09-12 22:00:00+02:00,bus102,0.0
2030,sc01,09-12 22:00:00+02:00,bus026,0.0
2030,sc01,09-12 22:00:00+02:00,bus077,0.0
2030,sc01,09-12 22:00:00+02:00,bus044,0.0
2030,sc01,09-12 22:00:00+02:00,bus091,0.0
2030,sc01,09-12 22:00:00+02:00,bus062,0.0
2030,sc01,09-13 13:00:00+02:00,bus093,0.0
2030,sc01,09-13 13:00:00+02:00,bus097,0.0
2030,sc01,09-13 13:00:00+02:00,bus110,0.0
2030,sc01,09-13 13:00:00+02:00,bus042,0.0
2030,sc01,09-13 13:00:00+02:00,bus066,0.0
2030,sc01,09-13 13:00:00+02:00,bus059,0.0
2030,sc01,09-13 13:00:00+02:00,bus057,0.0
2030,sc01,09-13 13:00:00+02:00,bus067,0.0
2030,sc01,09-13 13:00:00+02:00,bus069,0.0
2030,sc01,09-13 13:00:00+02:00,bus014,0.0
2030,sc01,09-13 13:00:00+02:00,bus090,0.0
2030,sc01,09-13 13:00:00+02:00,bus002,0.0
2030,sc01,09-13 13:00:00+02:00,bus005,0.0
2030,sc01,09-13 13:00:00+02:00,bus109,0.0
2030,sc01,09-13 13:00:00+02:00,bus020,0.0
2030,sc01,09-13 13:00:00+02:00,bus065,0.0
2030,sc01,09-13 13:00:00+02:00,bus001,0.0
2030,sc01,09-13 13:00:00+02:00,bus017,0.0
2030,sc01,09-13 13:00:00+02:00,bus015,0.0
2030,sc01,09-13 13:00:00+02:00,bus054,0.0
2030,sc01,09-13 13:00:00+02:00,bus086,0.0
2030,sc01,09-13 13:00:00+02:00,bus032,0.0
2030,sc01,09-13 13:00:00+02:00,bus038,0.0
2030,sc01,09-13 13:00:00+02:00,bus108,0.0
2030,sc01,09-13 13:00:00+02:00,bus087,0.0
2030,sc01,09-13 13:00:00+02:00,bus027,0.0
2030,sc01,09-13 13:00:00+02:00,bus111,0.0
2030,sc01,09-13 13:00:00+02:00,bus025,0.0
2030,sc01,09-13 13:00:00+02:00,bus029,0.0
2030,sc01,09-13 13:00:00+02:00,bus009,0.0
2030,sc01,09-13 13:00:00+02:00,bus043,0.0
2030,sc01,09-13 13:00:00+02:00,bus045,0.0
2030,sc01,09-13 13:00:00+02:00,bus084,0.0
2030,sc01,09-13 13:00:00+02:00,bus013,0.0
2030,sc01,09-13 13:00:00+02:00,bus063,0.0
2030,sc01,09-13 13:00:00+02:00,bus115,0.0
2030,sc01,09-13 13:00:00+02:00,bus010,0.0
2030,sc01,09-13 13:00:00+02:00,bus073,0.0
2030,sc01,09-13 13:00:00+02:00,bus052,0.0
2030,sc01,09-13 13:00:00+02:00,bus096,0.0
2030,sc01,09-13 13:00:00+02:00,bus050,0.0
2030,sc01,09-13 13:00:00+02:00,bus011,0.0
2030,sc01,09-13 13:00:00+02:00,bus055,0.0
2030,sc01,09-13 13:00:00+02:00,bus083,0.0
2030,sc01,09-13 13:00:00+02:00,bus081,0.0
2030,sc01,09-13 13:00:00+02:00,bus022,0.0
2030,sc01,09-13 13:00:00+02:00,bus071,0.0
2030,sc01,09-13 13:00:00+02:00,bus074,0.0
2030,sc01,09-13 13:00:00+02:00,bus040,0.0
2030,sc01,09-13 13:00:00+02:00,bus099,0.0
2030,sc01,09-13 13:00:00+02:00,bus030,0.0
2030,sc01,09-13 13:00:00+02:00,bus098,0.0
2030,sc01,09-13 13:00:00+02:00,bus053,0.0
2030,sc01,09-13 13:00:00+02:00,bus085,0.0
2030,sc01,09-13 13:00:00+02:00,bus101,0.0
2030,sc01,09-13 13:00:00+02:00,bus018,0.0
2030,sc01,09-13 13:00:00+02:00,bus023,0.0
2030,sc01,09-13 13:00:00+02:00,bus088,0.0
2030,sc01,09-13 13:00:00+02:00,bus116,0.0
2030,sc01,09-13 13:00:00+02:00,bus103,0.0
2030,sc01,09-13 13:00:00+02:00,bus008,0.0
2030,sc01,09-13 13:00:00+02:00,bus105,0.0
2030,sc01,09-13 13:00:00+02:00,bus060,0.0
2030,sc01,09-13 13:00:00+02:00,bus016,0.0
2030,sc01,09-13 13:00:00+02:00,bus082,0.0
2030,sc01,09-13 13:00:00+02:00,bus047,0.0
2030,sc01,09-13 13:00:00+02:00,bus019,0.0
2030,sc01,09-13 13:00:00+02:00,bus037,0.0
2030,sc01,09-13 13:00:00+02:00,bus006,0.0
2030,sc01,09-13 13:00:00+02:00,bus080,0.0
2030,sc01,09-13 13:00:00+02:00,bus031,0.0
2030,sc01,09-13 13:00:00+02:00,bus048,0.0
2030,sc01,09-13 13:00:00+02:00,bus107,0.0
2030,sc01,09-13 13:00:00+02:00,bus049,0.0
2030,sc01,09-13 13:00:00+02:00,bus104,0.0
2030,sc01,09-13 13:00:00+02:00,bus100,0.0
2030,sc01,09-13 13:00:00+02:00,bus072,0.0
2030,sc01,09-13 13:00:00+02:00,bus039,0.0
2030,sc01,09-13 13:00:00+02:00,bus012,0.0
2030,sc01,09-13 13:00:00+02:00,bus114,0.0
2030,sc01,09-13 13:00:00+02:00,bus112,0.0
2030,sc01,09-13 13:00:00+02:00,bus058,0.0
2030,sc01,09-13 13:00:00+02:00,bus089,0.0
2030,sc01,09-13 13:00:00+02:00,bus051,0.0
2030,sc01,09-13 13:00:00+02:00,bus056,0.0
2030,sc01,09-13 13:00:00+02:00,bus092,0.0
2030,sc01,09-13 13:00:00+02:00,bus036,0.0
2030,sc01,09-13 13:00:00+02:00,bus094,0.0
2030,sc01,09-13 13:00:00+02:00,bus095,0.0
2030,sc01,09-13 13:00:00+02:00,bus113,0.0
2030,sc01,09-13 13:00:00+02:00,bus024,0.0
2030,sc01,09-13 13:00:00+02:00,bus078,0.0
2030,sc01,09-13 13:00:00+02:00,bus033,0.0
2030,sc01,09-13 13:00:00+02:00,bus079,0.0
2030,sc01,09-13 13:00:00+02:00,bus061,0.0
2030,sc01,09-13 13:00:00+02:00,bus118,0.0
2030,sc01,09-13 13:00:00+02:00,bus003,0.0
2030,sc01,09-13 13:00:00+02:00,bus070,0.0
2030,sc01,09-13 13:00:00+02:00,bus004,0.0
2030,sc01,09-13 13:00:00+02:00,bus021,0.0
2030,sc01,09-13 13:00:00+02:00,bus068,0.0
2030,sc01,09-13 13:00:00+02:00,bus028,0.0
2030,sc01,09-13 13:00:00+02:00,bus034,0.0
2030,sc01,09-13 13:00:00+02:00,bus075,0.0
2030,sc01,09-13 13:00:00+02:00,bus064,0.0
2030,sc01,09-13 13:00:00+02:00,bus106,0.0
2030,sc01,09-13 13:00:00+02:00,bus076,0.0
2030,sc01,09-13 13:00:00+02:00,bus046,0.0
2030,sc01,09-13 13:00:00+02:00,bus007,0.0
2030,sc01,09-13 13:00:00+02:00,bus035,0.0
2030,sc01,09-13 13:00:00+02:00,bus117,0.0
2030,sc01,09-13 13:00:00+02:00,bus041,0.0
2030,sc01,09-13 13:00:00+02:00,bus102,0.0
2030,sc01,09-13 13:00:00+02:00,bus026,0.0
2030,sc01,09-13 13:00:00+02:00,bus077,0.0
2030,sc01,09-13 13:00:00+02:00,bus044,0.0
2030,sc01,09-13 13:00:00+02:00,bus091,0.0
2030,sc01,09-13 13:00:00+02:00,bus062,0.0
2030,sc01,09-14 19:00:00+02:00,bus093,0.0
2030,sc01,09-14 19:00:00+02:00,bus097,0.0
2030,sc01,09-14 19:00:00+02:00,bus110,0.0
2030,sc01,09-14 19:00:00+02:00,bus042,0.0
2030,sc01,09-14 19:00:00+02:00,bus066,0.0
2030,sc01,09-14 19:00:00+02:00,bus059,0.0
2030,sc01,09-14 19:00:00+02:00,bus057,0.0
2030,sc01,09-14 19:00:00+02:00,bus067,0.0
2030,sc01,09-14 19:00:00+02:00,bus069,0.0
2030,sc01,09-14 19:00:00+02:00,bus014,0.0
2030,sc01,09-14 19:00:00+02:00,bus090,0.0
2030,sc01,09-14 19:00:00+02:00,bus002,0.0
2030,sc01,09-14 19:00:00+02:00,bus005,0.0
2030,sc01,09-14 19:00:00+02:00,bus109,0.0
2030,sc01,09-14 19:00:00+02:00,bus020,0.0
2030,sc01,09-14 19:00:00+02:00,bus065,0.0
2030,sc01,09-14 19:00:00+02:00,bus001,0.0
2030,sc01,09-14 19:00:00+02:00,bus017,0.0
2030,sc01,09-14 19:00:00+02:00,bus015,0.0
2030,sc01,09-14 19:00:00+02:00,bus054,0.0
2030,sc01,09-14 19:00:00+02:00,bus086,0.0
2030,sc01,09-14 19:00:00+02:00,bus032,0.0
2030,sc01,09-14 19:00:00+02:00,bus038,0.0
2030,sc01,09-14 19:00:00+02:00,bus108,0.0
2030,sc01,09-14 19:00:00+02:00,bus087,0.0
2030,sc01,09-14 19:00:00+02:00,bus027,0.0
2030,sc01,09-14 19:00:00+02:00,bus111,0.0
2030,sc01,09-14 19:00:00+02:00,bus025,0.0
2030,sc01,09-14 19:00:00+02:00,bus029,0.0
2030,sc01,09-14 19:00:00+02:00,bus009,0.0
2030,sc01,09-14 19:00:00+02:00,bus043,0.0
2030,sc01,09-14 19:00:00+02:00,bus045,0.0
2030,sc01,09-14 19:00:00+02:00,bus084,0.0
2030,sc01,09-14 19:00:00+02:00,bus013,0.0
2030,sc01,09-14 19:00:00+02:00,bus063,0.0
2030,sc01,09-14 19:00:00+02:00,bus115,0.0
2030,sc01,09-14 19:00:00+02:00,bus010,0.0
2030,sc01,09-14 19:00:00+02:00,bus073,0.0
2030,sc01,09-14 19:00:00+02:00,bus052,0.0
2030,sc01,09-14 19:00:00+02:00,bus096,0.0
2030,sc01,09-14 19:00:00+02:00,bus050,0.0
2030,sc01,09-14 19:00:00+02:00,bus011,0.0
2030,sc01,09-14 19:00:00+02:00,bus055,0.0
2030,sc01,09-14 19:00:00+02:00,bus083,0.0
2030,sc01,09-14 19:00:00+02:00,bus081,0.0
2030,sc01,09-14 19:00:00+02:00,bus022,0.0
2030,sc01,09-14 19:00:00+02:00,bus071,0.0
2030,sc01,09-14 19:00:00+02:00,bus074,0.0
2030,sc01,09-14 19:00:00+02:00,bus040,0.0
2030,sc01,09-14 19:00:00+02:00,bus099,0.0
2030,sc01,09-14 19:00:00+02:00,bus030,0.0
2030,sc01,09-14 19:00:00+02:00,bus098,0.0
2030,sc01,09-14 19:00:00+02:00,bus053,0.0
2030,sc01,09-14 19:00:00+02:00,bus085,0.0
2030,sc01,09-14 19:00:00+02:00,bus101,0.0
2030,sc01,09-14 19:00:00+02:00,bus018,0.0
2030,sc01,09-14 19:00:00+02:00,bus023,0.0
2030,sc01,09-14 19:00:00+02:00,bus088,0.0
2030,sc01,09-14 19:00:00+02:00,bus116,0.0
2030,sc01,09-14 19:00:00+02:00,bus103,0.0
2030,sc01,09-14 19:00:00+02:00,bus008,0.0
2030,sc01,09-14 19:00:00+02:00,bus105,0.0
2030,sc01,09-14 19:00:00+02:00,bus060,0.0
2030,sc01,09-14 19:00:00+02:00,bus016,0.0
2030,sc01,09-14 19:00:00+02:00,bus082,0.0
2030,sc01,09-14 19:00:00+02:00,bus047,0.0
2030,sc01,09-14 19:00:00+02:00,bus019,0.0
2030,sc01,09-14 19:00:00+02:00,bus037,0.0
2030,sc01,09-14 19:00:00+02:00,bus006,0.0
2030,sc01,09-14 19:00:00+02:00,bus080,0.0
2030,sc01,09-14 19:00:00+02:00,bus031,0.0
2030,sc01,09-14 19:00:00+02:00,bus048,0.0
2030,sc01,09-14 19:00:00+02:00,bus107,0.0
2030,sc01,09-14 19:00:00+02:00,bus049,0.0
2030,sc01,09-14 19:00:00+02:00,bus104,0.0
2030,sc01,09-14 19:00:00+02:00,bus100,0.0
2030,sc01,09-14 19:00:00+02:00,bus072,0.0
2030,sc01,09-14 19:00:00+02:00,bus039,0.0
2030,sc01,09-14 19:00:00+02:00,bus012,0.0
2030,sc01,09-14 19:00:00+02:00,bus114,0.0
2030,sc01,09-14 19:00:00+02:00,bus112,0.0
2030,sc01,09-14 19:00:00+02:00,bus058,0.0
2030,sc01,09-14 19:00:00+02:00,bus089,0.0
2030,sc01,09-14 19:00:00+02:00,bus051,0.0
2030,sc01,09-14 19:00:00+02:00,bus056,0.0
2030,sc01,09-14 19:00:00+02:00,bus092,0.0
2030,sc01,09-14 19:00:00+02:00,bus036,0.0
2030,sc01,09-14 19:00:00+02:00,bus094,0.0
2030,sc01,09-14 19:00:00+02:00,bus095,0.0
2030,sc01,09-14 19:00:00+02:00,bus113,0.0
2030,sc01,09-14 19:00:00+02:00,bus024,0.0
2030,sc01,09-14 19:00:00+02:00,bus078,0.0
2030,sc01,09-14 19:00:00+02:00,bus033,0.0
2030,sc01,09-14 19:00:00+02:00,bus079,0.0
2030,sc01,09-14 19:00:00+02:00,bus061,0.0
2030,sc01,09-14 19:00:00+02:00,bus118,0.0
2030,sc01,09-14 19:00:00+02:00,bus003,0.0
2030,sc01,09-14 19:00:00+02:00,bus070,0.0
2030,sc01,09-14 19:00:00+02:00,bus004,0.0
2030,sc01,09-14 19:00:00+02:00,bus021,0.0
2030,sc01,09-14 19:00:00+02:00,bus068,0.0
2030,sc01,09-14 19:00:00+02:00,bus028,0.0
2030,sc01,09-14 19:00:00+02:00,bus034,0.0
2030,sc01,09-14 19:00:00+02:00,bus075,0.0
2030,sc01,09-14 19:00:00+02:00,bus064,0.0
2030,sc01,09-14 19:00:00+02:00,bus106,0.0
2030,sc01,09-14 19:00:00+02:00,bus076,0.0
2030,sc01,09-14 19:00:00+02:00,bus046,0.0
2030,sc01,09-14 19:00:00+02:00,bus007,0.0
2030,sc01,09-14 19:00:00+02:00,bus035,0.0
2030,sc01,09-14 19:00:00+02:00,bus117,0.0
2030,sc01,09-14 19:00:00+02:00,bus041,0.0
2030,sc01,09-14 19:00:00+02:00,bus102,0.0
2030,sc01,09-14 19:00:00+02:00,bus026,0.0
2030,sc01,09-14 19:00:00+02:00,bus077,0.0
2030,sc01,09-14 19:00:00+02:00,bus044,0.0
2030,sc01,09-14 19:00:00+02:00,bus091,0.0
2030,sc01,09-14 19:00:00+02:00,bus062,0.0
2030,sc01,09-17 13:00:00+02:00,bus093,0.0
2030,sc01,09-17 13:00:00+02:00,bus097,0.0
2030,sc01,09-17 13:00:00+02:00,bus110,0.0
2030,sc01,09-17 13:00:00+02:00,bus042,0.0
2030,sc01,09-17 13:00:00+02:00,bus066,0.0
2030,sc01,09-17 13:00:00+02:00,bus059,0.0
2030,sc01,09-17 13:00:00+02:00,bus057,0.0
2030,sc01,09-17 13:00:00+02:00,bus067,0.0
2030,sc01,09-17 13:00:00+02:00,bus069,0.0
2030,sc01,09-17 13:00:00+02:00,bus014,0.0
2030,sc01,09-17 13:00:00+02:00,bus090,0.0
2030,sc01,09-17 13:00:00+02:00,bus002,0.0
2030,sc01,09-17 13:00:00+02:00,bus005,0.0
2030,sc01,09-17 13:00:00+02:00,bus109,0.0
2030,sc01,09-17 13:00:00+02:00,bus020,0.0
2030,sc01,09-17 13:00:00+02:00,bus065,0.0
2030,sc01,09-17 13:00:00+02:00,bus001,0.0
2030,sc01,09-17 13:00:00+02:00,bus017,0.0
2030,sc01,09-17 13:00:00+02:00,bus015,0.0
2030,sc01,09-17 13:00:00+02:00,bus054,0.0
2030,sc01,09-17 13:00:00+02:00,bus086,0.0
2030,sc01,09-17 13:00:00+02:00,bus032,0.0
2030,sc01,09-17 13:00:00+02:00,bus038,0.0
2030,sc01,09-17 13:00:00+02:00,bus108,0.0
2030,sc01,09-17 13:00:00+02:00,bus087,0.0
2030,sc01,09-17 13:00:00+02:00,bus027,0.0
2030,sc01,09-17 13:00:00+02:00,bus111,0.0
2030,sc01,09-17 13:00:00+02:00,bus025,0.0
2030,sc01,09-17 13:00:00+02:00,bus029,0.0
2030,sc01,09-17 13:00:00+02:00,bus009,0.0
2030,sc01,09-17 13:00:00+02:00,bus043,0.0
2030,sc01,09-17 13:00:00+02:00,bus045,0.0
2030,sc01,09-17 13:00:00+02:00,bus084,0.0
2030,sc01,09-17 13:00:00+02:00,bus013,0.0
2030,sc01,09-17 13:00:00+02:00,bus063,0.0
2030,sc01,09-17 13:00:00+02:00,bus115,0.0
2030,sc01,09-17 13:00:00+02:00,bus010,0.0
2030,sc01,09-17 13:00:00+02:00,bus073,0.0
2030,sc01,09-17 13:00:00+02:00,bus052,0.0
2030,sc01,09-17 13:00:00+02:00,bus096,0.0
2030,sc01,09-17 13:00:00+02:00,bus050,0.0
2030,sc01,09-17 13:00:00+02:00,bus011,0.0
2030,sc01,09-17 13:00:00+02:00,bus055,0.0
2030,sc01,09-17 13:00:00+02:00,bus083,0.0
2030,sc01,09-17 13:00:00+02:00,bus081,0.0
2030,sc01,09-17 13:00:00+02:00,bus022,0.0
2030,sc01,09-17 13:00:00+02:00,bus071,0.0
2030,sc01,09-17 13:00:00+02:00,bus074,0.0
2030,sc01,09-17 13:00:00+02:00,bus040,0.0
2030,sc01,09-17 13:00:00+02:00,bus099,0.0
2030,sc01,09-17 13:00:00+02:00,bus030,0.0
2030,sc01,09-17 13:00:00+02:00,bus098,0.0
2030,sc01,09-17 13:00:00+02:00,bus053,0.0
2030,sc01,09-17 13:00:00+02:00,bus085,0.0
2030,sc01,09-17 13:00:00+02:00,bus101,0.0
2030,sc01,09-17 13:00:00+02:00,bus018,0.0
2030,sc01,09-17 13:00:00+02:00,bus023,0.0
2030,sc01,09-17 13:00:00+02:00,bus088,0.0
2030,sc01,09-17 13:00:00+02:00,bus116,0.0
2030,sc01,09-17 13:00:00+02:00,bus103,0.0
2030,sc01,09-17 13:00:00+02:00,bus008,0.0
2030,sc01,09-17 13:00:00+02:00,bus105,0.0
2030,sc01,09-17 13:00:00+02:00,bus060,0.0
2030,sc01,09-17 13:00:00+02:00,bus016,0.0
2030,sc01,09-17 13:00:00+02:00,bus082,0.0
2030,sc01,09-17 13:00:00+02:00,bus047,0.0
2030,sc01,09-17 13:00:00+02:00,bus019,0.0
2030,sc01,09-17 13:00:00+02:00,bus037,0.0
2030,sc01,09-17 13:00:00+02:00,bus006,0.0
2030,sc01,09-17 13:00:00+02:00,bus080,0.0
2030,sc01,09-17 13:00:00+02:00,bus031,0.0
2030,sc01,09-17 13:00:00+02:00,bus048,0.0
2030,sc01,09-17 13:00:00+02:00,bus107,0.0
2030,sc01,09-17 13:00:00+02:00,bus049,0.0
2030,sc01,09-17 13:00:00+02:00,bus104,0.0
2030,sc01,09-17 13:00:00+02:00,bus100,0.0
2030,sc01,09-17 13:00:00+02:00,bus072,0.0
2030,sc01,09-17 13:00:00+02:00,bus039,0.0
2030,sc01,09-17 13:00:00+02:00,bus012,0.0
2030,sc01,09-17 13:00:00+02:00,bus114,0.0
2030,sc01,09-17 13:00:00+02:00,bus112,0.0
2030,sc01,09-17 13:00:00+02:00,bus058,0.0
2030,sc01,09-17 13:00:00+02:00,bus089,0.0
2030,sc01,09-17 13:00:00+02:00,bus051,0.0
2030,sc01,09-17 13:00:00+02:00,bus056,0.0
2030,sc01,09-17 13:00:00+02:00,bus092,0.0
2030,sc01,09-17 13:00:00+02:00,bus036,0.0
2030,sc01,09-17 13:00:00+02:00,bus094,0.0
2030,sc01,09-17 13:00:00+02:00,bus095,0.0
2030,sc01,09-17 13:00:00+02:00,bus113,0.0
2030,sc01,09-17 13:00:00+02:00,bus024,0.0
2030,sc01,09-17 13:00:00+02:00,bus078,0.0
2030,sc01,09-17 13:00:00+02:00,bus033,0.0
2030,sc01,09-17 13:00:00+02:00,bus079,0.0
2030,sc01,09-17 13:00:00+02:00,bus061,0.0
2030,sc01,09-17 13:00:00+02:00,bus118,0.0
2030,sc01,09-17 13:00:00+02:00,bus003,0.0
2030,sc01,09-17 13:00:00+02:00,bus070,0.0
2030,sc01,09-17 13:00:00+02:00,bus004,0.0
2030,sc01,09-17 13:00:00+02:00,bus021,0.0
2030,sc01,09-17 13:00:00+02:00,bus068,0.0
2030,sc01,09-17 13:00:00+02:00,bus028,0.0
2030,sc01,09-17 13:00:00+02:00,bus034,0.0
2030,sc01,09-17 13:00:00+02:00,bus075,0.0
2030,sc01,09-17 13:00:00+02:00,bus064,0.0
2030,sc01,09-17 13:00:00+02:00,bus106,0.0
2030,sc01,09-17 13:00:00+02:00,bus076,0.0
2030,sc01,09-17 13:00:00+02:00,bus046,0.0
2030,sc01,09-17 13:00:00+02:00,bus007,0.0
2030,sc01,09-17 13:00:00+02:00,bus035,0.0
2030,sc01,09-17 13:00:00+02:00,bus117,0.0
2030,sc01,09-17 13:00:00+02:00,bus041,0.0
2030,sc01,09-17 13:00:00+02:00,bus102,0.0
2030,sc01,09-17 13:00:00+02:00,bus026,0.0
2030,sc01,09-17 13:00:00+02:00,bus077,0.0
2030,sc01,09-17 13:00:00+02:00,bus044,0.0
2030,sc01,09-17 13:00:00+02:00,bus091,0.0
2030,sc01,09-17 13:00:00+02:00,bus062,0.0
2030,sc01,09-18 16:00:00+02:00,bus093,0.0
2030,sc01,09-18 16:00:00+02:00,bus097,0.0
2030,sc01,09-18 16:00:00+02:00,bus110,0.0
2030,sc01,09-18 16:00:00+02:00,bus042,0.0
2030,sc01,09-18 16:00:00+02:00,bus066,0.0
2030,sc01,09-18 16:00:00+02:00,bus059,0.0
2030,sc01,09-18 16:00:00+02:00,bus057,0.0
2030,sc01,09-18 16:00:00+02:00,bus067,0.0
2030,sc01,09-18 16:00:00+02:00,bus069,0.0
2030,sc01,09-18 16:00:00+02:00,bus014,0.0
2030,sc01,09-18 16:00:00+02:00,bus090,0.0
2030,sc01,09-18 16:00:00+02:00,bus002,0.0
2030,sc01,09-18 16:00:00+02:00,bus005,0.0
2030,sc01,09-18 16:00:00+02:00,bus109,0.0
2030,sc01,09-18 16:00:00+02:00,bus020,0.0
2030,sc01,09-18 16:00:00+02:00,bus065,0.0
2030,sc01,09-18 16:00:00+02:00,bus001,0.0
2030,sc01,09-18 16:00:00+02:00,bus017,0.0
2030,sc01,09-18 16:00:00+02:00,bus015,0.0
2030,sc01,09-18 16:00:00+02:00,bus054,0.0
2030,sc01,09-18 16:00:00+02:00,bus086,0.0
2030,sc01,09-18 16:00:00+02:00,bus032,0.0
2030,sc01,09-18 16:00:00+02:00,bus038,0.0
2030,sc01,09-18 16:00:00+02:00,bus108,0.0
2030,sc01,09-18 16:00:00+02:00,bus087,0.0
2030,sc01,09-18 16:00:00+02:00,bus027,0.0
2030,sc01,09-18 16:00:00+02:00,bus111,0.0
2030,sc01,09-18 16:00:00+02:00,bus025,0.0
2030,sc01,09-18 16:00:00+02:00,bus029,0.0
2030,sc01,09-18 16:00:00+02:00,bus009,0.0
2030,sc01,09-18 16:00:00+02:00,bus043,0.0
2030,sc01,09-18 16:00:00+02:00,bus045,0.0
2030,sc01,09-18 16:00:00+02:00,bus084,0.0
2030,sc01,09-18 16:00:00+02:00,bus013,0.0
2030,sc01,09-18 16:00:00+02:00,bus063,0.0
2030,sc01,09-18 16:00:00+02:00,bus115,0.0
2030,sc01,09-18 16:00:00+02:00,bus010,0.0
2030,sc01,09-18 16:00:00+02:00,bus073,0.0
2030,sc01,09-18 16:00:00+02:00,bus052,0.0
2030,sc01,09-18 16:00:00+02:00,bus096,0.0
2030,sc01,09-18 16:00:00+02:00,bus050,0.0
2030,sc01,09-18 16:00:00+02:00,bus011,0.0
2030,sc01,09-18 16:00:00+02:00,bus055,0.0
2030,sc01,09-18 16:00:00+02:00,bus083,0.0
2030,sc01,09-18 16:00:00+02:00,bus081,0.0
2030,sc01,09-18 16:00:00+02:00,bus022,0.0
2030,sc01,09-18 16:00:00+02:00,bus071,0.0
2030,sc01,09-18 16:00:00+02:00,bus074,0.0
2030,sc01,09-18 16:00:00+02:00,bus040,0.0
2030,sc01,09-18 16:00:00+02:00,bus099,0.0
2030,sc01,09-18 16:00:00+02:00,bus030,0.0
2030,sc01,09-18 16:00:00+02:00,bus098,0.0
2030,sc01,09-18 16:00:00+02:00,bus053,0.0
2030,sc01,09-18 16:00:00+02:00,bus085,0.0
2030,sc01,09-18 16:00:00+02:00,bus101,0.0
2030,sc01,09-18 16:00:00+02:00,bus018,0.0
2030,sc01,09-18 16:00:00+02:00,bus023,0.0
2030,sc01,09-18 16:00:00+02:00,bus088,0.0
2030,sc01,09-18 16:00:00+02:00,bus116,0.0
2030,sc01,09-18 16:00:00+02:00,bus103,0.0
2030,sc01,09-18 16:00:00+02:00,bus008,0.0
2030,sc01,09-18 16:00:00+02:00,bus105,0.0
2030,sc01,09-18 16:00:00+02:00,bus060,0.0
2030,sc01,09-18 16:00:00+02:00,bus016,0.0
2030,sc01,09-18 16:00:00+02:00,bus082,0.0
2030,sc01,09-18 16:00:00+02:00,bus047,0.0
2030,sc01,09-18 16:00:00+02:00,bus019,0.0
2030,sc01,09-18 16:00:00+02:00,bus037,0.0
2030,sc01,09-18 16:00:00+02:00,bus006,0.0
2030,sc01,09-18 16:00:00+02:00,bus080,0.0
2030,sc01,09-18 16:00:00+02:00,bus031,0.0
2030,sc01,09-18 16:00:00+02:00,bus048,0.0
2030,sc01,09-18 16:00:00+02:00,bus107,0.0
2030,sc01,09-18 16:00:00+02:00,bus049,0.0
2030,sc01,09-18 16:00:00+02:00,bus104,0.0
2030,sc01,09-18 16:00:00+02:00,bus100,0.0
2030,sc01,09-18 16:00:00+02:00,bus072,0.0
2030,sc01,09-18 16:00:00+02:00,bus039,0.0
2030,sc01,09-18 16:00:00+02:00,bus012,0.0
2030,sc01,09-18 16:00:00+02:00,bus114,0.0
2030,sc01,09-18 16:00:00+02:00,bus112,0.0
2030,sc01,09-18 16:00:00+02:00,bus058,0.0
2030,sc01,09-18 16:00:00+02:00,bus089,0.0
2030,sc01,09-18 16:00:00+02:00,bus051,0.0
2030,sc01,09-18 16:00:00+02:00,bus056,0.0
2030,sc01,09-18 16:00:00+02:00,bus092,0.0
2030,sc01,09-18 16:00:00+02:00,bus036,0.0
2030,sc01,09-18 16:00:00+02:00,bus094,0.0
2030,sc01,09-18 16:00:00+02:00,bus095,0.0
2030,sc01,09-18 16:00:00+02:00,bus113,0.0
2030,sc01,09-18 16:00:00+02:00,bus024,0.0
2030,sc01,09-18 16:00:00+02:00,bus078,0.0
2030,sc01,09-18 16:00:00+02:00,bus033,0.0
2030,sc01,09-18 16:00:00+02:00,bus079,0.0
2030,sc01,09-18 16:00:00+02:00,bus061,0.0
2030,sc01,09-18 16:00:00+02:00,bus118,0.0
2030,sc01,09-18 16:00:00+02:00,bus003,0.0
2030,sc01,09-18 16:00:00+02:00,bus070,0.0
2030,sc01,09-18 16:00:00+02:00,bus004,0.0
2030,sc01,09-18 16:00:00+02:00,bus021,0.0
2030,sc01,09-18 16:00:00+02:00,bus068,0.0
2030,sc01,09-18 16:00:00+02:00,bus028,0.0
2030,sc01,09-18 16:00:00+02:00,bus034,0.0
2030,sc01,09-18 16:00:00+02:00,bus075,0.0
2030,sc01,09-18 16:00:00+02:00,bus064,0.0
2030,sc01,09-18 16:00:00+02:00,bus106,0.0
2030,sc01,09-18 16:00:00+02:00,bus076,0.0
2030,sc01,09-18 16:00:00+02:00,bus046,0.0
2030,sc01,09-18 16:00:00+02:00,bus007,0.0
2030,sc01,09-18 16:00:00+02:00,bus035,0.0
2030,sc01,09-18 16:00:00+02:00,bus117,0.0
2030,sc01,09-18 16:00:00+02:00,bus041,0.0
2030,sc01,09-18 16:00:00+02:00,bus102,0.0
2030,sc01,09-18 16:00:00+02:00,bus026,0.0
2030,sc01,09-18 16:00:00+02:00,bus077,0.0
2030,sc01,09-18 16:00:00+02:00,bus044,0.0
2030,sc01,09-18 16:00:00+02:00,bus091,0.0
2030,sc01,09-18 16:00:00+02:00,bus062,0.0
2030,sc01,09-19 16:00:00+02:00,bus093,0.0
2030,sc01,09-19 16:00:00+02:00,bus097,0.0
2030,sc01,09-19 16:00:00+02:00,bus110,0.0
2030,sc01,09-19 16:00:00+02:00,bus042,0.0
2030,sc01,09-19 16:00:00+02:00,bus066,0.0
2030,sc01,09-19 16:00:00+02:00,bus059,0.0
2030,sc01,09-19 16:00:00+02:00,bus057,0.0
2030,sc01,09-19 16:00:00+02:00,bus067,0.0
2030,sc01,09-19 16:00:00+02:00,bus069,0.0
2030,sc01,09-19 16:00:00+02:00,bus014,0.0
2030,sc01,09-19 16:00:00+02:00,bus090,0.0
2030,sc01,09-19 16:00:00+02:00,bus002,0.0
2030,sc01,09-19 16:00:00+02:00,bus005,0.0
2030,sc01,09-19 16:00:00+02:00,bus109,0.0
2030,sc01,09-19 16:00:00+02:00,bus020,0.0
2030,sc01,09-19 16:00:00+02:00,bus065,0.0
2030,sc01,09-19 16:00:00+02:00,bus001,0.0
2030,sc01,09-19 16:00:00+02:00,bus017,0.0
2030,sc01,09-19 16:00:00+02:00,bus015,0.0
2030,sc01,09-19 16:00:00+02:00,bus054,0.0
2030,sc01,09-19 16:00:00+02:00,bus086,0.0
2030,sc01,09-19 16:00:00+02:00,bus032,0.0
2030,sc01,09-19 16:00:00+02:00,bus038,0.0
2030,sc01,09-19 16:00:00+02:00,bus108,0.0
2030,sc01,09-19 16:00:00+02:00,bus087,0.0
2030,sc01,09-19 16:00:00+02:00,bus027,0.0
2030,sc01,09-19 16:00:00+02:00,bus111,0.0
2030,sc01,09-19 16:00:00+02:00,bus025,0.0
2030,sc01,09-19 16:00:00+02:00,bus029,0.0
2030,sc01,09-19 16:00:00+02:00,bus009,0.0
2030,sc01,09-19 16:00:00+02:00,bus043,0.0
2030,sc01,09-19 16:00:00+02:00,bus045,0.0
2030,sc01,09-19 16:00:00+02:00,bus084,0.0
2030,sc01,09-19 16:00:00+02:00,bus013,0.0
2030,sc01,09-19 16:00:00+02:00,bus063,0.0
2030,sc01,09-19 16:00:00+02:00,bus115,0.0
2030,sc01,09-19 16:00:00+02:00,bus010,0.0
2030,sc01,09-19 16:00:00+02:00,bus073,0.0
2030,sc01,09-19 16:00:00+02:00,bus052,0.0
2030,sc01,09-19 16:00:00+02:00,bus096,0.0
2030,sc01,09-19 16:00:00+02:00,bus050,0.0
2030,sc01,09-19 16:00:00+02:00,bus011,0.0
2030,sc01,09-19 16:00:00+02:00,bus055,0.0
2030,sc01,09-19 16:00:00+02:00,bus083,0.0
2030,sc01,09-19 16:00:00+02:00,bus081,0.0
2030,sc01,09-19 16:00:00+02:00,bus022,0.0
2030,sc01,09-19 16:00:00+02:00,bus071,0.0
2030,sc01,09-19 16:00:00+02:00,bus074,0.0
2030,sc01,09-19 16:00:00+02:00,bus040,0.0
2030,sc01,09-19 16:00:00+02:00,bus099,0.0
2030,sc01,09-19 16:00:00+02:00,bus030,0.0
2030,sc01,09-19 16:00:00+02:00,bus098,0.0
2030,sc01,09-19 16:00:00+02:00,bus053,0.0
2030,sc01,09-19 16:00:00+02:00,bus085,0.0
2030,sc01,09-19 16:00:00+02:00,bus101,0.0
2030,sc01,09-19 16:00:00+02:00,bus018,0.0
2030,sc01,09-19 16:00:00+02:00,bus023,0.0
2030,sc01,09-19 16:00:00+02:00,bus088,0.0
2030,sc01,09-19 16:00:00+02:00,bus116,0.0
2030,sc01,09-19 16:00:00+02:00,bus103,0.0
2030,sc01,09-19 16:00:00+02:00,bus008,0.0
2030,sc01,09-19 16:00:00+02:00,bus105,0.0
2030,sc01,09-19 16:00:00+02:00,bus060,0.0
2030,sc01,09-19 16:00:00+02:00,bus016,0.0
2030,sc01,09-19 16:00:00+02:00,bus082,0.0
2030,sc01,09-19 16:00:00+02:00,bus047,0.0
2030,sc01,09-19 16:00:00+02:00,bus019,0.0
2030,sc01,09-19 16:00:00+02:00,bus037,0.0
2030,sc01,09-19 16:00:00+02:00,bus006,0.0
2030,sc01,09-19 16:00:00+02:00,bus080,0.0
2030,sc01,09-19 16:00:00+02:00,bus031,0.0
2030,sc01,09-19 16:00:00+02:00,bus048,0.0
2030,sc01,09-19 16:00:00+02:00,bus107,0.0
2030,sc01,09-19 16:00:00+02:00,bus049,0.0
2030,sc01,09-19 16:00:00+02:00,bus104,0.0
2030,sc01,09-19 16:00:00+02:00,bus100,0.0
2030,sc01,09-19 16:00:00+02:00,bus072,0.0
2030,sc01,09-19 16:00:00+02:00,bus039,0.0
2030,sc01,09-19 16:00:00+02:00,bus012,0.0
2030,sc01,09-19 16:00:00+02:00,bus114,0.0
2030,sc01,09-19 16:00:00+02:00,bus112,0.0
2030,sc01,09-19 16:00:00+02:00,bus058,0.0
2030,sc01,09-19 16:00:00+02:00,bus089,0.0
2030,sc01,09-19 16:00:00+02:00,bus051,0.0
2030,sc01,09-19 16:00:00+02:00,bus056,0.0
2030,sc01,09-19 16:00:00+02:00,bus092,0.0
2030,sc01,09-19 16:00:00+02:00,bus036,0.0
2030,sc01,09-19 16:00:00+02:00,bus094,0.0
2030,sc01,09-19 16:00:00+02:00,bus095,0.0
2030,sc01,09-19 16:00:00+02:00,bus113,0.0
2030,sc01,09-19 16:00:00+02:00,bus024,0.0
2030,sc01,09-19 16:00:00+02:00,bus078,0.0
2030,sc01,09-19 16:00:00+02:00,bus033,0.0
2030,sc01,09-19 16:00:00+02:00,bus079,0.0
2030,sc01,09-19 16:00:00+02:00,bus061,0.0
2030,sc01,09-19 16:00:00+02:00,bus118,0.0
2030,sc01,09-19 16:00:00+02:00,bus003,0.0
2030,sc01,09-19 16:00:00+02:00,bus070,0.0
2030,sc01,09-19 16:00:00+02:00,bus004,0.0
2030,sc01,09-19 16:00:00+02:00,bus021,0.0
2030,sc01,09-19 16:00:00+02:00,bus068,0.0
2030,sc01,09-19 16:00:00+02:00,bus028,0.0
2030,sc01,09-19 16:00:00+02:00,bus034,0.0
2030,sc01,09-19 16:00:00+02:00,bus075,0.0
2030,sc01,09-19 16:00:00+02:00,bus064,0.0
2030,sc01,09-19 16:00:00+02:00,bus106,0.0
2030,sc01,09-19 16:00:00+02:00,bus076,0.0
2030,sc01,09-19 16:00:00+02:00,bus046,0.0
2030,sc01,09-19 16:00:00+02:00,bus007,0.0
2030,sc01,09-19 16:00:00+02:00,bus035,0.0
2030,sc01,09-19 16:00:00+02:00,bus117,0.0
2030,sc01,09-19 16:00:00+02:00,bus041,0.0
2030,sc01,09-19 16:00:00+02:00,bus102,0.0
2030,sc01,09-19 16:00:00+02:00,bus026,0.0
2030,sc01,09-19 16:00:00+02:00,bus077,0.0
2030,sc01,09-19 16:00:00+02:00,bus044,0.0
2030,sc01,09-19 16:00:00+02:00,bus091,0.0
2030,sc01,09-19 16:00:00+02:00,bus062,0.0
2030,sc01,09-20 04:00:00+02:00,bus093,0.0
2030,sc01,09-20 04:00:00+02:00,bus097,0.0
2030,sc01,09-20 04:00:00+02:00,bus110,0.0
2030,sc01,09-20 04:00:00+02:00,bus042,0.0
2030,sc01,09-20 04:00:00+02:00,bus066,0.0
2030,sc01,09-20 04:00:00+02:00,bus059,0.0
2030,sc01,09-20 04:00:00+02:00,bus057,0.0
2030,sc01,09-20 04:00:00+02:00,bus067,0.0
2030,sc01,09-20 04:00:00+02:00,bus069,0.0
2030,sc01,09-20 04:00:00+02:00,bus014,0.0
2030,sc01,09-20 04:00:00+02:00,bus090,0.0
2030,sc01,09-20 04:00:00+02:00,bus002,0.0
2030,sc01,09-20 04:00:00+02:00,bus005,0.0
2030,sc01,09-20 04:00:00+02:00,bus109,0.0
2030,sc01,09-20 04:00:00+02:00,bus020,0.0
2030,sc01,09-20 04:00:00+02:00,bus065,0.0
2030,sc01,09-20 04:00:00+02:00,bus001,0.0
2030,sc01,09-20 04:00:00+02:00,bus017,0.0
2030,sc01,09-20 04:00:00+02:00,bus015,0.0
2030,sc01,09-20 04:00:00+02:00,bus054,0.0
2030,sc01,09-20 04:00:00+02:00,bus086,0.0
2030,sc01,09-20 04:00:00+02:00,bus032,0.0
2030,sc01,09-20 04:00:00+02:00,bus038,0.0
2030,sc01,09-20 04:00:00+02:00,bus108,0.0
2030,sc01,09-20 04:00:00+02:00,bus087,0.0
2030,sc01,09-20 04:00:00+02:00,bus027,0.0
2030,sc01,09-20 04:00:00+02:00,bus111,0.0
2030,sc01,09-20 04:00:00+02:00,bus025,0.0
2030,sc01,09-20 04:00:00+02:00,bus029,0.0
2030,sc01,09-20 04:00:00+02:00,bus009,0.0
2030,sc01,09-20 04:00:00+02:00,bus043,0.0
2030,sc01,09-20 04:00:00+02:00,bus045,0.0
2030,sc01,09-20 04:00:00+02:00,bus084,0.0
2030,sc01,09-20 04:00:00+02:00,bus013,0.0
2030,sc01,09-20 04:00:00+02:00,bus063,0.0
2030,sc01,09-20 04:00:00+02:00,bus115,0.0
2030,sc01,09-20 04:00:00+02:00,bus010,0.0
2030,sc01,09-20 04:00:00+02:00,bus073,0.0
2030,sc01,09-20 04:00:00+02:00,bus052,0.0
2030,sc01,09-20 04:00:00+02:00,bus096,0.0
2030,sc01,09-20 04:00:00+02:00,bus050,0.0
2030,sc01,09-20 04:00:00+02:00,bus011,0.0
2030,sc01,09-20 04:00:00+02:00,bus055,0.0
2030,sc01,09-20 04:00:00+02:00,bus083,0.0
2030,sc01,09-20 04:00:00+02:00,bus081,0.0
2030,sc01,09-20 04:00:00+02:00,bus022,0.0
2030,sc01,09-20 04:00:00+02:00,bus071,0.0
2030,sc01,09-20 04:00:00+02:00,bus074,0.0
2030,sc01,09-20 04:00:00+02:00,bus040,0.0
2030,sc01,09-20 04:00:00+02:00,bus099,0.0
2030,sc01,09-20 04:00:00+02:00,bus030,0.0
2030,sc01,09-20 04:00:00+02:00,bus098,0.0
2030,sc01,09-20 04:00:00+02:00,bus053,0.0
2030,sc01,09-20 04:00:00+02:00,bus085,0.0
2030,sc01,09-20 04:00:00+02:00,bus101,0.0
2030,sc01,09-20 04:00:00+02:00,bus018,0.0
2030,sc01,09-20 04:00:00+02:00,bus023,0.0
2030,sc01,09-20 04:00:00+02:00,bus088,0.0
2030,sc01,09-20 04:00:00+02:00,bus116,0.0
2030,sc01,09-20 04:00:00+02:00,bus103,0.0
2030,sc01,09-20 04:00:00+02:00,bus008,0.0
2030,sc01,09-20 04:00:00+02:00,bus105,0.0
2030,sc01,09-20 04:00:00+02:00,bus060,0.0
2030,sc01,09-20 04:00:00+02:00,bus016,0.0
2030,sc01,09-20 04:00:00+02:00,bus082,0.0
2030,sc01,09-20 04:00:00+02:00,bus047,0.0
2030,sc01,09-20 04:00:00+02:00,bus019,0.0
2030,sc01,09-20 04:00:00+02:00,bus037,0.0
2030,sc01,09-20 04:00:00+02:00,bus006,0.0
2030,sc01,09-20 04:00:00+02:00,bus080,0.0
2030,sc01,09-20 04:00:00+02:00,bus031,0.0
2030,sc01,09-20 04:00:00+02:00,bus048,0.0
2030,sc01,09-20 04:00:00+02:00,bus107,0.0
2030,sc01,09-20 04:00:00+02:00,bus049,0.0
2030,sc01,09-20 04:00:00+02:00,bus104,0.0
2030,sc01,09-20 04:00:00+02:00,bus100,0.0
2030,sc01,09-20 04:00:00+02:00,bus072,0.0
2030,sc01,09-20 04:00:00+02:00,bus039,0.0
2030,sc01,09-20 04:00:00+02:00,bus012,0.0
2030,sc01,09-20 04:00:00+02:00,bus114,0.0
2030,sc01,09-20 04:00:00+02:00,bus112,0.0
2030,sc01,09-20 04:00:00+02:00,bus058,0.0
2030,sc01,09-20 04:00:00+02:00,bus089,0.0
2030,sc01,09-20 04:00:00+02:00,bus051,0.0
2030,sc01,09-20 04:00:00+02:00,bus056,0.0
2030,sc01,09-20 04:00:00+02:00,bus092,0.0
2030,sc01,09-20 04:00:00+02:00,bus036,0.0
2030,sc01,09-20 04:00:00+02:00,bus094,0.0
2030,sc01,09-20 04:00:00+02:00,bus095,0.0
2030,sc01,09-20 04:00:00+02:00,bus113,0.0
2030,sc01,09-20 04:00:00+02:00,bus024,0.0
2030,sc01,09-20 04:00:00+02:00,bus078,0.0
2030,sc01,09-20 04:00:00+02:00,bus033,0.0
2030,sc01,09-20 04:00:00+02:00,bus079,0.0
2030,sc01,09-20 04:00:00+02:00,bus061,0.0
2030,sc01,09-20 04:00:00+02:00,bus118,0.0
2030,sc01,09-20 04:00:00+02:00,bus003,0.0
2030,sc01,09-20 04:00:00+02:00,bus070,0.0
2030,sc01,09-20 04:00:00+02:00,bus004,0.0
2030,sc01,09-20 04:00:00+02:00,bus021,0.0
2030,sc01,09-20 04:00:00+02:00,bus068,0.0
2030,sc01,09-20 04:00:00+02:00,bus028,0.0
2030,sc01,09-20 04:00:00+02:00,bus034,0.0
2030,sc01,09-20 04:00:00+02:00,bus075,0.0
2030,sc01,09-20 04:00:00+02:00,bus064,0.0
2030,sc01,09-20 04:00:00+02:00,bus106,0.0
2030,sc01,09-20 04:00:00+02:00,bus076,0.0
2030,sc01,09-20 04:00:00+02:00,bus046,0.0
2030,sc01,09-20 04:00:00+02:00,bus007,0.0
2030,sc01,09-20 04:00:00+02:00,bus035,0.0
2030,sc01,09-20 04:00:00+02:00,bus117,0.0
2030,sc01,09-20 04:00:00+02:00,bus041,0.0
2030,sc01,09-20 04:00:00+02:00,bus102,0.0
2030,sc01,09-20 04:00:00+02:00,bus026,0.0
2030,sc01,09-20 04:00:00+02:00,bus077,0.0
2030,sc01,09-20 04:00:00+02:00,bus044,0.0
2030,sc01,09-20 04:00:00+02:00,bus091,0.0
2030,sc01,09-20 04:00:00+02:00,bus062,0.0
2030,sc01,09-20 05:00:00+02:00,bus093,0.0
2030,sc01,09-20 05:00:00+02:00,bus097,0.0
2030,sc01,09-20 05:00:00+02:00,bus110,0.0
2030,sc01,09-20 05:00:00+02:00,bus042,0.0
2030,sc01,09-20 05:00:00+02:00,bus066,0.0
2030,sc01,09-20 05:00:00+02:00,bus059,0.0
2030,sc01,09-20 05:00:00+02:00,bus057,0.0
2030,sc01,09-20 05:00:00+02:00,bus067,0.0
2030,sc01,09-20 05:00:00+02:00,bus069,0.0
2030,sc01,09-20 05:00:00+02:00,bus014,0.0
2030,sc01,09-20 05:00:00+02:00,bus090,0.0
2030,sc01,09-20 05:00:00+02:00,bus002,0.0
2030,sc01,09-20 05:00:00+02:00,bus005,0.0
2030,sc01,09-20 05:00:00+02:00,bus109,0.0
2030,sc01,09-20 05:00:00+02:00,bus020,0.0
2030,sc01,09-20 05:00:00+02:00,bus065,0.0
2030,sc01,09-20 05:00:00+02:00,bus001,0.0
2030,sc01,09-20 05:00:00+02:00,bus017,0.0
2030,sc01,09-20 05:00:00+02:00,bus015,0.0
2030,sc01,09-20 05:00:00+02:00,bus054,0.0
2030,sc01,09-20 05:00:00+02:00,bus086,0.0
2030,sc01,09-20 05:00:00+02:00,bus032,0.0
2030,sc01,09-20 05:00:00+02:00,bus038,0.0
2030,sc01,09-20 05:00:00+02:00,bus108,0.0
2030,sc01,09-20 05:00:00+02:00,bus087,0.0
2030,sc01,09-20 05:00:00+02:00,bus027,0.0
2030,sc01,09-20 05:00:00+02:00,bus111,0.0
2030,sc01,09-20 05:00:00+02:00,bus025,0.0
2030,sc01,09-20 05:00:00+02:00,bus029,0.0
2030,sc01,09-20 05:00:00+02:00,bus009,0.0
2030,sc01,09-20 05:00:00+02:00,bus043,0.0
2030,sc01,09-20 05:00:00+02:00,bus045,0.0
2030,sc01,09-20 05:00:00+02:00,bus084,0.0
2030,sc01,09-20 05:00:00+02:00,bus013,0.0
2030,sc01,09-20 05:00:00+02:00,bus063,0.0
2030,sc01,09-20 05:00:00+02:00,bus115,0.0
2030,sc01,09-20 05:00:00+02:00,bus010,0.0
2030,sc01,09-20 05:00:00+02:00,bus073,0.0
2030,sc01,09-20 05:00:00+02:00,bus052,0.0
2030,sc01,09-20 05:00:00+02:00,bus096,0.0
2030,sc01,09-20 05:00:00+02:00,bus050,0.0
2030,sc01,09-20 05:00:00+02:00,bus011,0.0
2030,sc01,09-20 05:00:00+02:00,bus055,0.0
2030,sc01,09-20 05:00:00+02:00,bus083,0.0
2030,sc01,09-20 05:00:00+02:00,bus081,0.0
2030,sc01,09-20 05:00:00+02:00,bus022,0.0
2030,sc01,09-20 05:00:00+02:00,bus071,0.0
2030,sc01,09-20 05:00:00+02:00,bus074,0.0
2030,sc01,09-20 05:00:00+02:00,bus040,0.0
2030,sc01,09-20 05:00:00+02:00,bus099,0.0
2030,sc01,09-20 05:00:00+02:00,bus030,0.0
2030,sc01,09-20 05:00:00+02:00,bus098,0.0
2030,sc01,09-20 05:00:00+02:00,bus053,0.0
2030,sc01,09-20 05:00:00+02:00,bus085,0.0
2030,sc01,09-20 05:00:00+02:00,bus101,0.0
2030,sc01,09-20 05:00:00+02:00,bus018,0.0
2030,sc01,09-20 05:00:00+02:00,bus023,0.0
2030,sc01,09-20 05:00:00+02:00,bus088,0.0
2030,sc01,09-20 05:00:00+02:00,bus116,0.0
2030,sc01,09-20 05:00:00+02:00,bus103,0.0
2030,sc01,09-20 05:00:00+02:00,bus008,0.0
2030,sc01,09-20 05:00:00+02:00,bus105,0.0
2030,sc01,09-20 05:00:00+02:00,bus060,0.0
2030,sc01,09-20 05:00:00+02:00,bus016,0.0
2030,sc01,09-20 05:00:00+02:00,bus082,0.0
2030,sc01,09-20 05:00:00+02:00,bus047,0.0
2030,sc01,09-20 05:00:00+02:00,bus019,0.0
2030,sc01,09-20 05:00:00+02:00,bus037,0.0
2030,sc01,09-20 05:00:00+02:00,bus006,0.0
2030,sc01,09-20 05:00:00+02:00,bus080,0.0
2030,sc01,09-20 05:00:00+02:00,bus031,0.0
2030,sc01,09-20 05:00:00+02:00,bus048,0.0
2030,sc01,09-20 05:00:00+02:00,bus107,0.0
2030,sc01,09-20 05:00:00+02:00,bus049,0.0
2030,sc01,09-20 05:00:00+02:00,bus104,0.0
2030,sc01,09-20 05:00:00+02:00,bus100,0.0
2030,sc01,09-20 05:00:00+02:00,bus072,0.0
2030,sc01,09-20 05:00:00+02:00,bus039,0.0
2030,sc01,09-20 05:00:00+02:00,bus012,0.0
2030,sc01,09-20 05:00:00+02:00,bus114,0.0
2030,sc01,09-20 05:00:00+02:00,bus112,0.0
2030,sc01,09-20 05:00:00+02:00,bus058,0.0
2030,sc01,09-20 05:00:00+02:00,bus089,0.0
2030,sc01,09-20 05:00:00+02:00,bus051,0.0
2030,sc01,09-20 05:00:00+02:00,bus056,0.0
2030,sc01,09-20 05:00:00+02:00,bus092,0.0
2030,sc01,09-20 05:00:00+02:00,bus036,0.0
2030,sc01,09-20 05:00:00+02:00,bus094,0.0
2030,sc01,09-20 05:00:00+02:00,bus095,0.0
2030,sc01,09-20 05:00:00+02:00,bus113,0.0
2030,sc01,09-20 05:00:00+02:00,bus024,0.0
2030,sc01,09-20 05:00:00+02:00,bus078,0.0
2030,sc01,09-20 05:00:00+02:00,bus033,0.0
2030,sc01,09-20 05:00:00+02:00,bus079,0.0
2030,sc01,09-20 05:00:00+02:00,bus061,0.0
2030,sc01,09-20 05:00:00+02:00,bus118,0.0
2030,sc01,09-20 05:00:00+02:00,bus003,0.0
2030,sc01,09-20 05:00:00+02:00,bus070,0.0
2030,sc01,09-20 05:00:00+02:00,bus004,0.0
2030,sc01,09-20 05:00:00+02:00,bus021,0.0
2030,sc01,09-20 05:00:00+02:00,bus068,0.0
2030,sc01,09-20 05:00:00+02:00,bus028,0.0
2030,sc01,09-20 05:00:00+02:00,bus034,0.0
2030,sc01,09-20 05:00:00+02:00,bus075,0.0
2030,sc01,09-20 05:00:00+02:00,bus064,0.0
2030,sc01,09-20 05:00:00+02:00,bus106,0.0
2030,sc01,09-20 05:00:00+02:00,bus076,0.0
2030,sc01,09-20 05:00:00+02:00,bus046,0.0
2030,sc01,09-20 05:00:00+02:00,bus007,0.0
2030,sc01,09-20 05:00:00+02:00,bus035,0.0
2030,sc01,09-20 05:00:00+02:00,bus117,0.0
2030,sc01,09-20 05:00:00+02:00,bus041,0.0
2030,sc01,09-20 05:00:00+02:00,bus102,0.0
2030,sc01,09-20 05:00:00+02:00,bus026,0.0
2030,sc01,09-20 05:00:00+02:00,bus077,0.0
2030,sc01,09-20 05:00:00+02:00,bus044,0.0
2030,sc01,09-20 05:00:00+02:00,bus091,0.0
2030,sc01,09-20 05:00:00+02:00,bus062,0.0
2030,sc01,09-20 14:00:00+02:00,bus093,0.0
2030,sc01,09-20 14:00:00+02:00,bus097,0.0
2030,sc01,09-20 14:00:00+02:00,bus110,0.0
2030,sc01,09-20 14:00:00+02:00,bus042,0.0
2030,sc01,09-20 14:00:00+02:00,bus066,0.0
2030,sc01,09-20 14:00:00+02:00,bus059,0.0
2030,sc01,09-20 14:00:00+02:00,bus057,0.0
2030,sc01,09-20 14:00:00+02:00,bus067,0.0
2030,sc01,09-20 14:00:00+02:00,bus069,0.0
2030,sc01,09-20 14:00:00+02:00,bus014,0.0
2030,sc01,09-20 14:00:00+02:00,bus090,0.0
2030,sc01,09-20 14:00:00+02:00,bus002,0.0
2030,sc01,09-20 14:00:00+02:00,bus005,0.0
2030,sc01,09-20 14:00:00+02:00,bus109,0.0
2030,sc01,09-20 14:00:00+02:00,bus020,0.0
2030,sc01,09-20 14:00:00+02:00,bus065,0.0
2030,sc01,09-20 14:00:00+02:00,bus001,0.0
2030,sc01,09-20 14:00:00+02:00,bus017,0.0
2030,sc01,09-20 14:00:00+02:00,bus015,0.0
2030,sc01,09-20 14:00:00+02:00,bus054,0.0
2030,sc01,09-20 14:00:00+02:00,bus086,0.0
2030,sc01,09-20 14:00:00+02:00,bus032,0.0
2030,sc01,09-20 14:00:00+02:00,bus038,0.0
2030,sc01,09-20 14:00:00+02:00,bus108,0.0
2030,sc01,09-20 14:00:00+02:00,bus087,0.0
2030,sc01,09-20 14:00:00+02:00,bus027,0.0
2030,sc01,09-20 14:00:00+02:00,bus111,0.0
2030,sc01,09-20 14:00:00+02:00,bus025,0.0
2030,sc01,09-20 14:00:00+02:00,bus029,0.0
2030,sc01,09-20 14:00:00+02:00,bus009,0.0
2030,sc01,09-20 14:00:00+02:00,bus043,0.0
2030,sc01,09-20 14:00:00+02:00,bus045,0.0
2030,sc01,09-20 14:00:00+02:00,bus084,0.0
2030,sc01,09-20 14:00:00+02:00,bus013,0.0
2030,sc01,09-20 14:00:00+02:00,bus063,0.0
2030,sc01,09-20 14:00:00+02:00,bus115,0.0
2030,sc01,09-20 14:00:00+02:00,bus010,0.0
2030,sc01,09-20 14:00:00+02:00,bus073,0.0
2030,sc01,09-20 14:00:00+02:00,bus052,0.0
2030,sc01,09-20 14:00:00+02:00,bus096,0.0
2030,sc01,09-20 14:00:00+02:00,bus050,0.0
2030,sc01,09-20 14:00:00+02:00,bus011,0.0
2030,sc01,09-20 14:00:00+02:00,bus055,0.0
2030,sc01,09-20 14:00:00+02:00,bus083,0.0
2030,sc01,09-20 14:00:00+02:00,bus081,0.0
2030,sc01,09-20 14:00:00+02:00,bus022,0.0
2030,sc01,09-20 14:00:00+02:00,bus071,0.0
2030,sc01,09-20 14:00:00+02:00,bus074,0.0
2030,sc01,09-20 14:00:00+02:00,bus040,0.0
2030,sc01,09-20 14:00:00+02:00,bus099,0.0
2030,sc01,09-20 14:00:00+02:00,bus030,0.0
2030,sc01,09-20 14:00:00+02:00,bus098,0.0
2030,sc01,09-20 14:00:00+02:00,bus053,0.0
2030,sc01,09-20 14:00:00+02:00,bus085,0.0
2030,sc01,09-20 14:00:00+02:00,bus101,0.0
2030,sc01,09-20 14:00:00+02:00,bus018,0.0
2030,sc01,09-20 14:00:00+02:00,bus023,0.0
2030,sc01,09-20 14:00:00+02:00,bus088,0.0
2030,sc01,09-20 14:00:00+02:00,bus116,0.0
2030,sc01,09-20 14:00:00+02:00,bus103,0.0
2030,sc01,09-20 14:00:00+02:00,bus008,0.0
2030,sc01,09-20 14:00:00+02:00,bus105,0.0
2030,sc01,09-20 14:00:00+02:00,bus060,0.0
2030,sc01,09-20 14:00:00+02:00,bus016,0.0
2030,sc01,09-20 14:00:00+02:00,bus082,0.0
2030,sc01,09-20 14:00:00+02:00,bus047,0.0
2030,sc01,09-20 14:00:00+02:00,bus019,0.0
2030,sc01,09-20 14:00:00+02:00,bus037,0.0
2030,sc01,09-20 14:00:00+02:00,bus006,0.0
2030,sc01,09-20 14:00:00+02:00,bus080,0.0
2030,sc01,09-20 14:00:00+02:00,bus031,0.0
2030,sc01,09-20 14:00:00+02:00,bus048,0.0
2030,sc01,09-20 14:00:00+02:00,bus107,0.0
2030,sc01,09-20 14:00:00+02:00,bus049,0.0
2030,sc01,09-20 14:00:00+02:00,bus104,0.0
2030,sc01,09-20 14:00:00+02:00,bus100,0.0
2030,sc01,09-20 14:00:00+02:00,bus072,0.0
2030,sc01,09-20 14:00:00+02:00,bus039,0.0
2030,sc01,09-20 14:00:00+02:00,bus012,0.0
2030,sc01,09-20 14:00:00+02:00,bus114,0.0
2030,sc01,09-20 14:00:00+02:00,bus112,0.0
2030,sc01,09-20 14:00:00+02:00,bus058,0.0
2030,sc01,09-20 14:00:00+02:00,bus089,0.0
2030,sc01,09-20 14:00:00+02:00,bus051,0.0
2030,sc01,09-20 14:00:00+02:00,bus056,0.0
2030,sc01,09-20 14:00:00+02:00,bus092,0.0
2030,sc01,09-20 14:00:00+02:00,bus036,0.0
2030,sc01,09-20 14:00:00+02:00,bus094,0.0
2030,sc01,09-20 14:00:00+02:00,bus095,0.0
2030,sc01,09-20 14:00:00+02:00,bus113,0.0
2030,sc01,09-20 14:00:00+02:00,bus024,0.0
2030,sc01,09-20 14:00:00+02:00,bus078,0.0
2030,sc01,09-20 14:00:00+02:00,bus033,0.0
2030,sc01,09-20 14:00:00+02:00,bus079,0.0
2030,sc01,09-20 14:00:00+02:00,bus061,0.0
2030,sc01,09-20 14:00:00+02:00,bus118,0.0
2030,sc01,09-20 14:00:00+02:00,bus003,0.0
2030,sc01,09-20 14:00:00+02:00,bus070,0.0
2030,sc01,09-20 14:00:00+02:00,bus004,0.0
2030,sc01,09-20 14:00:00+02:00,bus021,0.0
2030,sc01,09-20 14:00:00+02:00,bus068,0.0
2030,sc01,09-20 14:00:00+02:00,bus028,0.0
2030,sc01,09-20 14:00:00+02:00,bus034,0.0
2030,sc01,09-20 14:00:00+02:00,bus075,0.0
2030,sc01,09-20 14:00:00+02:00,bus064,0.0
2030,sc01,09-20 14:00:00+02:00,bus106,0.0
2030,sc01,09-20 14:00:00+02:00,bus076,0.0
2030,sc01,09-20 14:00:00+02:00,bus046,0.0
2030,sc01,09-20 14:00:00+02:00,bus007,0.0
2030,sc01,09-20 14:00:00+02:00,bus035,0.0
2030,sc01,09-20 14:00:00+02:00,bus117,0.0
2030,sc01,09-20 14:00:00+02:00,bus041,0.0
2030,sc01,09-20 14:00:00+02:00,bus102,0.0
2030,sc01,09-20 14:00:00+02:00,bus026,0.0
2030,sc01,09-20 14:00:00+02:00,bus077,0.0
2030,sc01,09-20 14:00:00+02:00,bus044,0.0
2030,sc01,09-20 14:00:00+02:00,bus091,0.0
2030,sc01,09-20 14:00:00+02:00,bus062,0.0
2030,sc01,09-23 07:00:00+02:00,bus093,0.0
2030,sc01,09-23 07:00:00+02:00,bus097,0.0
2030,sc01,09-23 07:00:00+02:00,bus110,0.0
2030,sc01,09-23 07:00:00+02:00,bus042,0.0
2030,sc01,09-23 07:00:00+02:00,bus066,0.0
2030,sc01,09-23 07:00:00+02:00,bus059,0.0
2030,sc01,09-23 07:00:00+02:00,bus057,0.0
2030,sc01,09-23 07:00:00+02:00,bus067,0.0
2030,sc01,09-23 07:00:00+02:00,bus069,0.0
2030,sc01,09-23 07:00:00+02:00,bus014,0.0
2030,sc01,09-23 07:00:00+02:00,bus090,0.0
2030,sc01,09-23 07:00:00+02:00,bus002,0.0
2030,sc01,09-23 07:00:00+02:00,bus005,0.0
2030,sc01,09-23 07:00:00+02:00,bus109,0.0
2030,sc01,09-23 07:00:00+02:00,bus020,0.0
2030,sc01,09-23 07:00:00+02:00,bus065,0.0
2030,sc01,09-23 07:00:00+02:00,bus001,0.0
2030,sc01,09-23 07:00:00+02:00,bus017,0.0
2030,sc01,09-23 07:00:00+02:00,bus015,0.0
2030,sc01,09-23 07:00:00+02:00,bus054,0.0
2030,sc01,09-23 07:00:00+02:00,bus086,0.0
2030,sc01,09-23 07:00:00+02:00,bus032,0.0
2030,sc01,09-23 07:00:00+02:00,bus038,0.0
2030,sc01,09-23 07:00:00+02:00,bus108,0.0
2030,sc01,09-23 07:00:00+02:00,bus087,0.0
2030,sc01,09-23 07:00:00+02:00,bus027,0.0
2030,sc01,09-23 07:00:00+02:00,bus111,0.0
2030,sc01,09-23 07:00:00+02:00,bus025,0.0
2030,sc01,09-23 07:00:00+02:00,bus029,0.0
2030,sc01,09-23 07:00:00+02:00,bus009,0.0
2030,sc01,09-23 07:00:00+02:00,bus043,0.0
2030,sc01,09-23 07:00:00+02:00,bus045,0.0
2030,sc01,09-23 07:00:00+02:00,bus084,0.0
2030,sc01,09-23 07:00:00+02:00,bus013,0.0
2030,sc01,09-23 07:00:00+02:00,bus063,0.0
2030,sc01,09-23 07:00:00+02:00,bus115,0.0
2030,sc01,09-23 07:00:00+02:00,bus010,0.0
2030,sc01,09-23 07:00:00+02:00,bus073,0.0
2030,sc01,09-23 07:00:00+02:00,bus052,0.0
2030,sc01,09-23 07:00:00+02:00,bus096,0.0
2030,sc01,09-23 07:00:00+02:00,bus050,0.0
2030,sc01,09-23 07:00:00+02:00,bus011,0.0
2030,sc01,09-23 07:00:00+02:00,bus055,0.0
2030,sc01,09-23 07:00:00+02:00,bus083,0.0
2030,sc01,09-23 07:00:00+02:00,bus081,0.0
2030,sc01,09-23 07:00:00+02:00,bus022,0.0
2030,sc01,09-23 07:00:00+02:00,bus071,0.0
2030,sc01,09-23 07:00:00+02:00,bus074,0.0
2030,sc01,09-23 07:00:00+02:00,bus040,0.0
2030,sc01,09-23 07:00:00+02:00,bus099,0.0
2030,sc01,09-23 07:00:00+02:00,bus030,0.0
2030,sc01,09-23 07:00:00+02:00,bus098,0.0
2030,sc01,09-23 07:00:00+02:00,bus053,0.0
2030,sc01,09-23 07:00:00+02:00,bus085,0.0
2030,sc01,09-23 07:00:00+02:00,bus101,0.0
2030,sc01,09-23 07:00:00+02:00,bus018,0.0
2030,sc01,09-23 07:00:00+02:00,bus023,0.0
2030,sc01,09-23 07:00:00+02:00,bus088,0.0
2030,sc01,09-23 07:00:00+02:00,bus116,0.0
2030,sc01,09-23 07:00:00+02:00,bus103,0.0
2030,sc01,09-23 07:00:00+02:00,bus008,0.0
2030,sc01,09-23 07:00:00+02:00,bus105,0.0
2030,sc01,09-23 07:00:00+02:00,bus060,0.0
2030,sc01,09-23 07:00:00+02:00,bus016,0.0
2030,sc01,09-23 07:00:00+02:00,bus082,0.0
2030,sc01,09-23 07:00:00+02:00,bus047,0.0
2030,sc01,09-23 07:00:00+02:00,bus019,0.0
2030,sc01,09-23 07:00:00+02:00,bus037,0.0
2030,sc01,09-23 07:00:00+02:00,bus006,0.0
2030,sc01,09-23 07:00:00+02:00,bus080,0.0
2030,sc01,09-23 07:00:00+02:00,bus031,0.0
2030,sc01,09-23 07:00:00+02:00,bus048,0.0
2030,sc01,09-23 07:00:00+02:00,bus107,0.0
2030,sc01,09-23 07:00:00+02:00,bus049,0.0
2030,sc01,09-23 07:00:00+02:00,bus104,0.0
2030,sc01,09-23 07:00:00+02:00,bus100,0.0
2030,sc01,09-23 07:00:00+02:00,bus072,0.0
2030,sc01,09-23 07:00:00+02:00,bus039,0.0
2030,sc01,09-23 07:00:00+02:00,bus012,0.0
2030,sc01,09-23 07:00:00+02:00,bus114,0.0
2030,sc01,09-23 07:00:00+02:00,bus112,0.0
2030,sc01,09-23 07:00:00+02:00,bus058,0.0
2030,sc01,09-23 07:00:00+02:00,bus089,0.0
2030,sc01,09-23 07:00:00+02:00,bus051,0.0
2030,sc01,09-23 07:00:00+02:00,bus056,0.0
2030,sc01,09-23 07:00:00+02:00,bus092,0.0
2030,sc01,09-23 07:00:00+02:00,bus036,0.0
2030,sc01,09-23 07:00:00+02:00,bus094,0.0
2030,sc01,09-23 07:00:00+02:00,bus095,0.0
2030,sc01,09-23 07:00:00+02:00,bus113,0.0
2030,sc01,09-23 07:00:00+02:00,bus024,0.0
2030,sc01,09-23 07:00:00+02:00,bus078,0.0
2030,sc01,09-23 07:00:00+02:00,bus033,0.0
2030,sc01,09-23 07:00:00+02:00,bus079,0.0
2030,sc01,09-23 07:00:00+02:00,bus061,0.0
2030,sc01,09-23 07:00:00+02:00,bus118,0.0
2030,sc01,09-23 07:00:00+02:00,bus003,0.0
2030,sc01,09-23 07:00:00+02:00,bus070,0.0
2030,sc01,09-23 07:00:00+02:00,bus004,0.0
2030,sc01,09-23 07:00:00+02:00,bus021,0.0
2030,sc01,09-23 07:00:00+02:00,bus068,0.0
2030,sc01,09-23 07:00:00+02:00,bus028,0.0
2030,sc01,09-23 07:00:00+02:00,bus034,0.0
2030,sc01,09-23 07:00:00+02:00,bus075,0.0
2030,sc01,09-23 07:00:00+02:00,bus064,0.0
2030,sc01,09-23 07:00:00+02:00,bus106,0.0
2030,sc01,09-23 07:00:00+02:00,bus076,0.0
2030,sc01,09-23 07:00:00+02:00,bus046,0.0
2030,sc01,09-23 07:00:00+02:00,bus007,0.0
2030,sc01,09-23 07:00:00+02:00,bus035,0.0
2030,sc01,09-23 07:00:00+02:00,bus117,0.0
2030,sc01,09-23 07:00:00+02:00,bus041,0.0
2030,sc01,09-23 07:00:00+02:00,bus102,0.0
2030,sc01,09-23 07:00:00+02:00,bus026,0.0
2030,sc01,09-23 07:00:00+02:00,bus077,0.0
2030,sc01,09-23 07:00:00+02:00,bus044,0.0
2030,sc01,09-23 07:00:00+02:00,bus091,0.0
2030,sc01,09-23 07:00:00+02:00,bus062,0.0
2030,sc01,09-27 18:00:00+02:00,bus093,0.0
2030,sc01,09-27 18:00:00+02:00,bus097,0.0
2030,sc01,09-27 18:00:00+02:00,bus110,0.0
2030,sc01,09-27 18:00:00+02:00,bus042,0.0
2030,sc01,09-27 18:00:00+02:00,bus066,0.0
2030,sc01,09-27 18:00:00+02:00,bus059,0.0
2030,sc01,09-27 18:00:00+02:00,bus057,0.0
2030,sc01,09-27 18:00:00+02:00,bus067,0.0
2030,sc01,09-27 18:00:00+02:00,bus069,0.0
2030,sc01,09-27 18:00:00+02:00,bus014,0.0
2030,sc01,09-27 18:00:00+02:00,bus090,0.0
2030,sc01,09-27 18:00:00+02:00,bus002,0.0
2030,sc01,09-27 18:00:00+02:00,bus005,0.0
2030,sc01,09-27 18:00:00+02:00,bus109,0.0
2030,sc01,09-27 18:00:00+02:00,bus020,0.0
2030,sc01,09-27 18:00:00+02:00,bus065,0.0
2030,sc01,09-27 18:00:00+02:00,bus001,0.0
2030,sc01,09-27 18:00:00+02:00,bus017,0.0
2030,sc01,09-27 18:00:00+02:00,bus015,0.0
2030,sc01,09-27 18:00:00+02:00,bus054,0.0
2030,sc01,09-27 18:00:00+02:00,bus086,0.0
2030,sc01,09-27 18:00:00+02:00,bus032,0.0
2030,sc01,09-27 18:00:00+02:00,bus038,0.0
2030,sc01,09-27 18:00:00+02:00,bus108,0.0
2030,sc01,09-27 18:00:00+02:00,bus087,0.0
2030,sc01,09-27 18:00:00+02:00,bus027,0.0
2030,sc01,09-27 18:00:00+02:00,bus111,0.0
2030,sc01,09-27 18:00:00+02:00,bus025,0.0
2030,sc01,09-27 18:00:00+02:00,bus029,0.0
2030,sc01,09-27 18:00:00+02:00,bus009,0.0
2030,sc01,09-27 18:00:00+02:00,bus043,0.0
2030,sc01,09-27 18:00:00+02:00,bus045,0.0
2030,sc01,09-27 18:00:00+02:00,bus084,0.0
2030,sc01,09-27 18:00:00+02:00,bus013,0.0
2030,sc01,09-27 18:00:00+02:00,bus063,0.0
2030,sc01,09-27 18:00:00+02:00,bus115,0.0
2030,sc01,09-27 18:00:00+02:00,bus010,0.0
2030,sc01,09-27 18:00:00+02:00,bus073,0.0
2030,sc01,09-27 18:00:00+02:00,bus052,0.0
2030,sc01,09-27 18:00:00+02:00,bus096,0.0
2030,sc01,09-27 18:00:00+02:00,bus050,0.0
2030,sc01,09-27 18:00:00+02:00,bus011,0.0
2030,sc01,09-27 18:00:00+02:00,bus055,0.0
2030,sc01,09-27 18:00:00+02:00,bus083,0.0
2030,sc01,09-27 18:00:00+02:00,bus081,0.0
2030,sc01,09-27 18:00:00+02:00,bus022,0.0
2030,sc01,09-27 18:00:00+02:00,bus071,0.0
2030,sc01,09-27 18:00:00+02:00,bus074,0.0
2030,sc01,09-27 18:00:00+02:00,bus040,0.0
2030,sc01,09-27 18:00:00+02:00,bus099,0.0
2030,sc01,09-27 18:00:00+02:00,bus030,0.0
2030,sc01,09-27 18:00:00+02:00,bus098,0.0
2030,sc01,09-27 18:00:00+02:00,bus053,0.0
2030,sc01,09-27 18:00:00+02:00,bus085,0.0
2030,sc01,09-27 18:00:00+02:00,bus101,0.0
2030,sc01,09-27 18:00:00+02:00,bus018,0.0
2030,sc01,09-27 18:00:00+02:00,bus023,0.0
2030,sc01,09-27 18:00:00+02:00,bus088,0.0
2030,sc01,09-27 18:00:00+02:00,bus116,0.0
2030,sc01,09-27 18:00:00+02:00,bus103,0.0
2030,sc01,09-27 18:00:00+02:00,bus008,0.0
2030,sc01,09-27 18:00:00+02:00,bus105,0.0
2030,sc01,09-27 18:00:00+02:00,bus060,0.0
2030,sc01,09-27 18:00:00+02:00,bus016,0.0
2030,sc01,09-27 18:00:00+02:00,bus082,0.0
2030,sc01,09-27 18:00:00+02:00,bus047,0.0
2030,sc01,09-27 18:00:00+02:00,bus019,0.0
2030,sc01,09-27 18:00:00+02:00,bus037,0.0
2030,sc01,09-27 18:00:00+02:00,bus006,0.0
2030,sc01,09-27 18:00:00+02:00,bus080,0.0
2030,sc01,09-27 18:00:00+02:00,bus031,0.0
2030,sc01,09-27 18:00:00+02:00,bus048,0.0
2030,sc01,09-27 18:00:00+02:00,bus107,0.0
2030,sc01,09-27 18:00:00+02:00,bus049,0.0
2030,sc01,09-27 18:00:00+02:00,bus104,0.0
2030,sc01,09-27 18:00:00+02:00,bus100,0.0
2030,sc01,09-27 18:00:00+02:00,bus072,0.0
2030,sc01,09-27 18:00:00+02:00,bus039,0.0
2030,sc01,09-27 18:00:00+02:00,bus012,0.0
2030,sc01,09-27 18:00:00+02:00,bus114,0.0
2030,sc01,09-27 18:00:00+02:00,bus112,0.0
2030,sc01,09-27 18:00:00+02:00,bus058,0.0
2030,sc01,09-27 18:00:00+02:00,bus089,0.0
2030,sc01,09-27 18:00:00+02:00,bus051,0.0
2030,sc01,09-27 18:00:00+02:00,bus056,0.0
2030,sc01,09-27 18:00:00+02:00,bus092,0.0
2030,sc01,09-27 18:00:00+02:00,bus036,0.0
2030,sc01,09-27 18:00:00+02:00,bus094,0.0
2030,sc01,09-27 18:00:00+02:00,bus095,0.0
2030,sc01,09-27 18:00:00+02:00,bus113,0.0
2030,sc01,09-27 18:00:00+02:00,bus024,0.0
2030,sc01,09-27 18:00:00+02:00,bus078,0.0
2030,sc01,09-27 18:00:00+02:00,bus033,0.0
2030,sc01,09-27 18:00:00+02:00,bus079,0.0
2030,sc01,09-27 18:00:00+02:00,bus061,0.0
2030,sc01,09-27 18:00:00+02:00,bus118,0.0
2030,sc01,09-27 18:00:00+02:00,bus003,0.0
2030,sc01,09-27 18:00:00+02:00,bus070,0.0
2030,sc01,09-27 18:00:00+02:00,bus004,0.0
2030,sc01,09-27 18:00:00+02:00,bus021,0.0
2030,sc01,09-27 18:00:00+02:00,bus068,0.0
2030,sc01,09-27 18:00:00+02:00,bus028,0.0
2030,sc01,09-27 18:00:00+02:00,bus034,0.0
2030,sc01,09-27 18:00:00+02:00,bus075,0.0
2030,sc01,09-27 18:00:00+02:00,bus064,0.0
2030,sc01,09-27 18:00:00+02:00,bus106,0.0
2030,sc01,09-27 18:00:00+02:00,bus076,0.0
2030,sc01,09-27 18:00:00+02:00,bus046,0.0
2030,sc01,09-27 18:00:00+02:00,bus007,0.0
2030,sc01,09-27 18:00:00+02:00,bus035,0.0
2030,sc01,09-27 18:00:00+02:00,bus117,0.0
2030,sc01,09-27 18:00:00+02:00,bus041,0.0
2030,sc01,09-27 18:00:00+02:00,bus102,0.0
2030,sc01,09-27 18:00:00+02:00,bus026,0.0
2030,sc01,09-27 18:00:00+02:00,bus077,0.0
2030,sc01,09-27 18:00:00+02:00,bus044,0.0
2030,sc01,09-27 18:00:00+02:00,bus091,0.0
2030,sc01,09-27 18:00:00+02:00,bus062,0.0
2030,sc01,09-28 11:00:00+02:00,bus093,0.0
2030,sc01,09-28 11:00:00+02:00,bus097,0.0
2030,sc01,09-28 11:00:00+02:00,bus110,0.0
2030,sc01,09-28 11:00:00+02:00,bus042,0.0
2030,sc01,09-28 11:00:00+02:00,bus066,0.0
2030,sc01,09-28 11:00:00+02:00,bus059,0.0
2030,sc01,09-28 11:00:00+02:00,bus057,0.0
2030,sc01,09-28 11:00:00+02:00,bus067,0.0
2030,sc01,09-28 11:00:00+02:00,bus069,0.0
2030,sc01,09-28 11:00:00+02:00,bus014,0.0
2030,sc01,09-28 11:00:00+02:00,bus090,0.0
2030,sc01,09-28 11:00:00+02:00,bus002,0.0
2030,sc01,09-28 11:00:00+02:00,bus005,0.0
2030,sc01,09-28 11:00:00+02:00,bus109,0.0
2030,sc01,09-28 11:00:00+02:00,bus020,0.0
2030,sc01,09-28 11:00:00+02:00,bus065,0.0
2030,sc01,09-28 11:00:00+02:00,bus001,0.0
2030,sc01,09-28 11:00:00+02:00,bus017,0.0
2030,sc01,09-28 11:00:00+02:00,bus015,0.0
2030,sc01,09-28 11:00:00+02:00,bus054,0.0
2030,sc01,09-28 11:00:00+02:00,bus086,0.0
2030,sc01,09-28 11:00:00+02:00,bus032,0.0
2030,sc01,09-28 11:00:00+02:00,bus038,0.0
2030,sc01,09-28 11:00:00+02:00,bus108,0.0
2030,sc01,09-28 11:00:00+02:00,bus087,0.0
2030,sc01,09-28 11:00:00+02:00,bus027,0.0
2030,sc01,09-28 11:00:00+02:00,bus111,0.0
2030,sc01,09-28 11:00:00+02:00,bus025,0.0
2030,sc01,09-28 11:00:00+02:00,bus029,0.0
2030,sc01,09-28 11:00:00+02:00,bus009,0.0
2030,sc01,09-28 11:00:00+02:00,bus043,0.0
2030,sc01,09-28 11:00:00+02:00,bus045,0.0
2030,sc01,09-28 11:00:00+02:00,bus084,0.0
2030,sc01,09-28 11:00:00+02:00,bus013,0.0
2030,sc01,09-28 11:00:00+02:00,bus063,0.0
2030,sc01,09-28 11:00:00+02:00,bus115,0.0
2030,sc01,09-28 11:00:00+02:00,bus010,0.0
2030,sc01,09-28 11:00:00+02:00,bus073,0.0
2030,sc01,09-28 11:00:00+02:00,bus052,0.0
2030,sc01,09-28 11:00:00+02:00,bus096,0.0
2030,sc01,09-28 11:00:00+02:00,bus050,0.0
2030,sc01,09-28 11:00:00+02:00,bus011,0.0
2030,sc01,09-28 11:00:00+02:00,bus055,0.0
2030,sc01,09-28 11:00:00+02:00,bus083,0.0
2030,sc01,09-28 11:00:00+02:00,bus081,0.0
2030,sc01,09-28 11:00:00+02:00,bus022,0.0
2030,sc01,09-28 11:00:00+02:00,bus071,0.0
2030,sc01,09-28 11:00:00+02:00,bus074,0.0
2030,sc01,09-28 11:00:00+02:00,bus040,0.0
2030,sc01,09-28 11:00:00+02:00,bus099,0.0
2030,sc01,09-28 11:00:00+02:00,bus030,0.0
2030,sc01,09-28 11:00:00+02:00,bus098,0.0
2030,sc01,09-28 11:00:00+02:00,bus053,0.0
2030,sc01,09-28 11:00:00+02:00,bus085,0.0
2030,sc01,09-28 11:00:00+02:00,bus101,0.0
2030,sc01,09-28 11:00:00+02:00,bus018,0.0
2030,sc01,09-28 11:00:00+02:00,bus023,0.0
2030,sc01,09-28 11:00:00+02:00,bus088,0.0
2030,sc01,09-28 11:00:00+02:00,bus116,0.0
2030,sc01,09-28 11:00:00+02:00,bus103,0.0
2030,sc01,09-28 11:00:00+02:00,bus008,0.0
2030,sc01,09-28 11:00:00+02:00,bus105,0.0
2030,sc01,09-28 11:00:00+02:00,bus060,0.0
2030,sc01,09-28 11:00:00+02:00,bus016,0.0
2030,sc01,09-28 11:00:00+02:00,bus082,0.0
2030,sc01,09-28 11:00:00+02:00,bus047,0.0
2030,sc01,09-28 11:00:00+02:00,bus019,0.0
2030,sc01,09-28 11:00:00+02:00,bus037,0.0
2030,sc01,09-28 11:00:00+02:00,bus006,0.0
2030,sc01,09-28 11:00:00+02:00,bus080,0.0
2030,sc01,09-28 11:00:00+02:00,bus031,0.0
2030,sc01,09-28 11:00:00+02:00,bus048,0.0
2030,sc01,09-28 11:00:00+02:00,bus107,0.0
2030,sc01,09-28 11:00:00+02:00,bus049,0.0
2030,sc01,09-28 11:00:00+02:00,bus104,0.0
2030,sc01,09-28 11:00:00+02:00,bus100,0.0
2030,sc01,09-28 11:00:00+02:00,bus072,0.0
2030,sc01,09-28 11:00:00+02:00,bus039,0.0
2030,sc01,09-28 11:00:00+02:00,bus012,0.0
2030,sc01,09-28 11:00:00+02:00,bus114,0.0
2030,sc01,09-28 11:00:00+02:00,bus112,0.0
2030,sc01,09-28 11:00:00+02:00,bus058,0.0
2030,sc01,09-28 11:00:00+02:00,bus089,0.0
2030,sc01,09-28 11:00:00+02:00,bus051,0.0
2030,sc01,09-28 11:00:00+02:00,bus056,0.0
2030,sc01,09-28 11:00:00+02:00,bus092,0.0
2030,sc01,09-28 11:00:00+02:00,bus036,0.0
2030,sc01,09-28 11:00:00+02:00,bus094,0.0
2030,sc01,09-28 11:00:00+02:00,bus095,0.0
2030,sc01,09-28 11:00:00+02:00,bus113,0.0
2030,sc01,09-28 11:00:00+02:00,bus024,0.0
2030,sc01,09-28 11:00:00+02:00,bus078,0.0
2030,sc01,09-28 11:00:00+02:00,bus033,0.0
2030,sc01,09-28 11:00:00+02:00,bus079,0.0
2030,sc01,09-28 11:00:00+02:00,bus061,0.0
2030,sc01,09-28 11:00:00+02:00,bus118,0.0
2030,sc01,09-28 11:00:00+02:00,bus003,0.0
2030,sc01,09-28 11:00:00+02:00,bus070,0.0
2030,sc01,09-28 11:00:00+02:00,bus004,0.0
2030,sc01,09-28 11:00:00+02:00,bus021,0.0
2030,sc01,09-28 11:00:00+02:00,bus068,0.0
2030,sc01,09-28 11:00:00+02:00,bus028,0.0
2030,sc01,09-28 11:00:00+02:00,bus034,0.0
2030,sc01,09-28 11:00:00+02:00,bus075,0.0
2030,sc01,09-28 11:00:00+02:00,bus064,0.0
2030,sc01,09-28 11:00:00+02:00,bus106,0.0
2030,sc01,09-28 11:00:00+02:00,bus076,0.0
2030,sc01,09-28 11:00:00+02:00,bus046,0.0
2030,sc01,09-28 11:00:00+02:00,bus007,0.0
2030,sc01,09-28 11:00:00+02:00,bus035,0.0
2030,sc01,09-28 11:00:00+02:00,bus117,0.0
2030,sc01,09-28 11:00:00+02:00,bus041,0.0
2030,sc01,09-28 11:00:00+02:00,bus102,0.0
2030,sc01,09-28 11:00:00+02:00,bus026,0.0
2030,sc01,09-28 11:00:00+02:00,bus077,0.0
2030,sc01,09-28 11:00:00+02:00,bus044,0.0
2030,sc01,09-28 11:00:00+02:00,bus091,0.0
2030,sc01,09-28 11:00:00+02:00,bus062,0.0
2030,sc01,09-28 21:00:00+02:00,bus093,0.0
2030,sc01,09-28 21:00:00+02:00,bus097,0.0
2030,sc01,09-28 21:00:00+02:00,bus110,0.0
2030,sc01,09-28 21:00:00+02:00,bus042,0.0
2030,sc01,09-28 21:00:00+02:00,bus066,0.0
2030,sc01,09-28 21:00:00+02:00,bus059,0.0
2030,sc01,09-28 21:00:00+02:00,bus057,0.0
2030,sc01,09-28 21:00:00+02:00,bus067,0.0
2030,sc01,09-28 21:00:00+02:00,bus069,0.0
2030,sc01,09-28 21:00:00+02:00,bus014,0.0
2030,sc01,09-28 21:00:00+02:00,bus090,0.0
2030,sc01,09-28 21:00:00+02:00,bus002,0.0
2030,sc01,09-28 21:00:00+02:00,bus005,0.0
2030,sc01,09-28 21:00:00+02:00,bus109,0.0
2030,sc01,09-28 21:00:00+02:00,bus020,0.0
2030,sc01,09-28 21:00:00+02:00,bus065,0.0
2030,sc01,09-28 21:00:00+02:00,bus001,0.0
2030,sc01,09-28 21:00:00+02:00,bus017,0.0
2030,sc01,09-28 21:00:00+02:00,bus015,0.0
2030,sc01,09-28 21:00:00+02:00,bus054,0.0
2030,sc01,09-28 21:00:00+02:00,bus086,0.0
2030,sc01,09-28 21:00:00+02:00,bus032,0.0
2030,sc01,09-28 21:00:00+02:00,bus038,0.0
2030,sc01,09-28 21:00:00+02:00,bus108,0.0
2030,sc01,09-28 21:00:00+02:00,bus087,0.0
2030,sc01,09-28 21:00:00+02:00,bus027,0.0
2030,sc01,09-28 21:00:00+02:00,bus111,0.0
2030,sc01,09-28 21:00:00+02:00,bus025,0.0
2030,sc01,09-28 21:00:00+02:00,bus029,0.0
2030,sc01,09-28 21:00:00+02:00,bus009,0.0
2030,sc01,09-28 21:00:00+02:00,bus043,0.0
2030,sc01,09-28 21:00:00+02:00,bus045,0.0
2030,sc01,09-28 21:00:00+02:00,bus084,0.0
2030,sc01,09-28 21:00:00+02:00,bus013,0.0
2030,sc01,09-28 21:00:00+02:00,bus063,0.0
2030,sc01,09-28 21:00:00+02:00,bus115,0.0
2030,sc01,09-28 21:00:00+02:00,bus010,0.0
2030,sc01,09-28 21:00:00+02:00,bus073,0.0
2030,sc01,09-28 21:00:00+02:00,bus052,0.0
2030,sc01,09-28 21:00:00+02:00,bus096,0.0
2030,sc01,09-28 21:00:00+02:00,bus050,0.0
2030,sc01,09-28 21:00:00+02:00,bus011,0.0
2030,sc01,09-28 21:00:00+02:00,bus055,0.0
2030,sc01,09-28 21:00:00+02:00,bus083,0.0
2030,sc01,09-28 21:00:00+02:00,bus081,0.0
2030,sc01,09-28 21:00:00+02:00,bus022,0.0
2030,sc01,09-28 21:00:00+02:00,bus071,0.0
2030,sc01,09-28 21:00:00+02:00,bus074,0.0
2030,sc01,09-28 21:00:00+02:00,bus040,0.0
2030,sc01,09-28 21:00:00+02:00,bus099,0.0
2030,sc01,09-28 21:00:00+02:00,bus030,0.0
2030,sc01,09-28 21:00:00+02:00,bus098,0.0
2030,sc01,09-28 21:00:00+02:00,bus053,0.0
2030,sc01,09-28 21:00:00+02:00,bus085,0.0
2030,sc01,09-28 21:00:00+02:00,bus101,0.0
2030,sc01,09-28 21:00:00+02:00,bus018,0.0
2030,sc01,09-28 21:00:00+02:00,bus023,0.0
2030,sc01,09-28 21:00:00+02:00,bus088,0.0
2030,sc01,09-28 21:00:00+02:00,bus116,0.0
2030,sc01,09-28 21:00:00+02:00,bus103,0.0
2030,sc01,09-28 21:00:00+02:00,bus008,0.0
2030,sc01,09-28 21:00:00+02:00,bus105,0.0
2030,sc01,09-28 21:00:00+02:00,bus060,0.0
2030,sc01,09-28 21:00:00+02:00,bus016,0.0
2030,sc01,09-28 21:00:00+02:00,bus082,0.0
2030,sc01,09-28 21:00:00+02:00,bus047,0.0
2030,sc01,09-28 21:00:00+02:00,bus019,0.0
2030,sc01,09-28 21:00:00+02:00,bus037,0.0
2030,sc01,09-28 21:00:00+02:00,bus006,0.0
2030,sc01,09-28 21:00:00+02:00,bus080,0.0
2030,sc01,09-28 21:00:00+02:00,bus031,0.0
2030,sc01,09-28 21:00:00+02:00,bus048,0.0
2030,sc01,09-28 21:00:00+02:00,bus107,0.0
2030,sc01,09-28 21:00:00+02:00,bus049,0.0
2030,sc01,09-28 21:00:00+02:00,bus104,0.0
2030,sc01,09-28 21:00:00+02:00,bus100,0.0
2030,sc01,09-28 21:00:00+02:00,bus072,0.0
2030,sc01,09-28 21:00:00+02:00,bus039,0.0
2030,sc01,09-28 21:00:00+02:00,bus012,0.0
2030,sc01,09-28 21:00:00+02:00,bus114,0.0
2030,sc01,09-28 21:00:00+02:00,bus112,0.0
2030,sc01,09-28 21:00:00+02:00,bus058,0.0
2030,sc01,09-28 21:00:00+02:00,bus089,0.0
2030,sc01,09-28 21:00:00+02:00,bus051,0.0
2030,sc01,09-28 21:00:00+02:00,bus056,0.0
2030,sc01,09-28 21:00:00+02:00,bus092,0.0
2030,sc01,09-28 21:00:00+02:00,bus036,0.0
2030,sc01,09-28 21:00:00+02:00,bus094,0.0
2030,sc01,09-28 21:00:00+02:00,bus095,0.0
2030,sc01,09-28 21:00:00+02:00,bus113,0.0
2030,sc01,09-28 21:00:00+02:00,bus024,0.0
2030,sc01,09-28 21:00:00+02:00,bus078,0.0
2030,sc01,09-28 21:00:00+02:00,bus033,0.0
2030,sc01,09-28 21:00:00+02:00,bus079,0.0
2030,sc01,09-28 21:00:00+02:00,bus061,0.0
2030,sc01,09-28 21:00:00+02:00,bus118,0.0
2030,sc01,09-28 21:00:00+02:00,bus003,0.0
2030,sc01,09-28 21:00:00+02:00,bus070,0.0
2030,sc01,09-28 21:00:00+02:00,bus004,0.0
2030,sc01,09-28 21:00:00+02:00,bus021,0.0
2030,sc01,09-28 21:00:00+02:00,bus068,0.0
2030,sc01,09-28 21:00:00+02:00,bus028,0.0
2030,sc01,09-28 21:00:00+02:00,bus034,0.0
2030,sc01,09-28 21:00:00+02:00,bus075,0.0
2030,sc01,09-28 21:00:00+02:00,bus064,0.0
2030,sc01,09-28 21:00:00+02:00,bus106,0.0
2030,sc01,09-28 21:00:00+02:00,bus076,0.0
2030,sc01,09-28 21:00:00+02:00,bus046,0.0
2030,sc01,09-28 21:00:00+02:00,bus007,0.0
2030,sc01,09-28 21:00:00+02:00,bus035,0.0
2030,sc01,09-28 21:00:00+02:00,bus117,0.0
2030,sc01,09-28 21:00:00+02:00,bus041,0.0
2030,sc01,09-28 21:00:00+02:00,bus102,0.0
2030,sc01,09-28 21:00:00+02:00,bus026,0.0
2030,sc01,09-28 21:00:00+02:00,bus077,0.0
2030,sc01,09-28 21:00:00+02:00,bus044,0.0
2030,sc01,09-28 21:00:00+02:00,bus091,0.0
2030,sc01,09-28 21:00:00+02:00,bus062,0.0
2030,sc01,10-01 21:00:00+02:00,bus093,0.0
2030,sc01,10-01 21:00:00+02:00,bus097,0.0
2030,sc01,10-01 21:00:00+02:00,bus110,0.0
2030,sc01,10-01 21:00:00+02:00,bus042,0.0
2030,sc01,10-01 21:00:00+02:00,bus066,0.0
2030,sc01,10-01 21:00:00+02:00,bus059,0.0
2030,sc01,10-01 21:00:00+02:00,bus057,0.0
2030,sc01,10-01 21:00:00+02:00,bus067,0.0
2030,sc01,10-01 21:00:00+02:00,bus069,0.0
2030,sc01,10-01 21:00:00+02:00,bus014,0.0
2030,sc01,10-01 21:00:00+02:00,bus090,0.0
2030,sc01,10-01 21:00:00+02:00,bus002,0.0
2030,sc01,10-01 21:00:00+02:00,bus005,0.0
2030,sc01,10-01 21:00:00+02:00,bus109,0.0
2030,sc01,10-01 21:00:00+02:00,bus020,0.0
2030,sc01,10-01 21:00:00+02:00,bus065,0.0
2030,sc01,10-01 21:00:00+02:00,bus001,0.0
2030,sc01,10-01 21:00:00+02:00,bus017,0.0
2030,sc01,10-01 21:00:00+02:00,bus015,0.0
2030,sc01,10-01 21:00:00+02:00,bus054,0.0
2030,sc01,10-01 21:00:00+02:00,bus086,0.0
2030,sc01,10-01 21:00:00+02:00,bus032,0.0
2030,sc01,10-01 21:00:00+02:00,bus038,0.0
2030,sc01,10-01 21:00:00+02:00,bus108,0.0
2030,sc01,10-01 21:00:00+02:00,bus087,0.0
2030,sc01,10-01 21:00:00+02:00,bus027,0.0
2030,sc01,10-01 21:00:00+02:00,bus111,0.0
2030,sc01,10-01 21:00:00+02:00,bus025,0.0
2030,sc01,10-01 21:00:00+02:00,bus029,0.0
2030,sc01,10-01 21:00:00+02:00,bus009,0.0
2030,sc01,10-01 21:00:00+02:00,bus043,0.0
2030,sc01,10-01 21:00:00+02:00,bus045,0.0
2030,sc01,10-01 21:00:00+02:00,bus084,0.0
2030,sc01,10-01 21:00:00+02:00,bus013,0.0
2030,sc01,10-01 21:00:00+02:00,bus063,0.0
2030,sc01,10-01 21:00:00+02:00,bus115,0.0
2030,sc01,10-01 21:00:00+02:00,bus010,0.0
2030,sc01,10-01 21:00:00+02:00,bus073,0.0
2030,sc01,10-01 21:00:00+02:00,bus052,0.0
2030,sc01,10-01 21:00:00+02:00,bus096,0.0
2030,sc01,10-01 21:00:00+02:00,bus050,0.0
2030,sc01,10-01 21:00:00+02:00,bus011,0.0
2030,sc01,10-01 21:00:00+02:00,bus055,0.0
2030,sc01,10-01 21:00:00+02:00,bus083,0.0
2030,sc01,10-01 21:00:00+02:00,bus081,0.0
2030,sc01,10-01 21:00:00+02:00,bus022,0.0
2030,sc01,10-01 21:00:00+02:00,bus071,0.0
2030,sc01,10-01 21:00:00+02:00,bus074,0.0
2030,sc01,10-01 21:00:00+02:00,bus040,0.0
2030,sc01,10-01 21:00:00+02:00,bus099,0.0
2030,sc01,10-01 21:00:00+02:00,bus030,0.0
2030,sc01,10-01 21:00:00+02:00,bus098,0.0
2030,sc01,10-01 21:00:00+02:00,bus053,0.0
2030,sc01,10-01 21:00:00+02:00,bus085,0.0
2030,sc01,10-01 21:00:00+02:00,bus101,0.0
2030,sc01,10-01 21:00:00+02:00,bus018,0.0
2030,sc01,10-01 21:00:00+02:00,bus023,0.0
2030,sc01,10-01 21:00:00+02:00,bus088,0.0
2030,sc01,10-01 21:00:00+02:00,bus116,0.0
2030,sc01,10-01 21:00:00+02:00,bus103,0.0
2030,sc01,10-01 21:00:00+02:00,bus008,0.0
2030,sc01,10-01 21:00:00+02:00,bus105,0.0
2030,sc01,10-01 21:00:00+02:00,bus060,0.0
2030,sc01,10-01 21:00:00+02:00,bus016,0.0
2030,sc01,10-01 21:00:00+02:00,bus082,0.0
2030,sc01,10-01 21:00:00+02:00,bus047,0.0
2030,sc01,10-01 21:00:00+02:00,bus019,0.0
2030,sc01,10-01 21:00:00+02:00,bus037,0.0
2030,sc01,10-01 21:00:00+02:00,bus006,0.0
2030,sc01,10-01 21:00:00+02:00,bus080,0.0
2030,sc01,10-01 21:00:00+02:00,bus031,0.0
2030,sc01,10-01 21:00:00+02:00,bus048,0.0
2030,sc01,10-01 21:00:00+02:00,bus107,0.0
2030,sc01,10-01 21:00:00+02:00,bus049,0.0
2030,sc01,10-01 21:00:00+02:00,bus104,0.0
2030,sc01,10-01 21:00:00+02:00,bus100,0.0
2030,sc01,10-01 21:00:00+02:00,bus072,0.0
2030,sc01,10-01 21:00:00+02:00,bus039,0.0
2030,sc01,10-01 21:00:00+02:00,bus012,0.0
2030,sc01,10-01 21:00:00+02:00,bus114,0.0
2030,sc01,10-01 21:00:00+02:00,bus112,0.0
2030,sc01,10-01 21:00:00+02:00,bus058,0.0
2030,sc01,10-01 21:00:00+02:00,bus089,0.0
2030,sc01,10-01 21:00:00+02:00,bus051,0.0
2030,sc01,10-01 21:00:00+02:00,bus056,0.0
2030,sc01,10-01 21:00:00+02:00,bus092,0.0
2030,sc01,10-01 21:00:00+02:00,bus036,0.0
2030,sc01,10-01 21:00:00+02:00,bus094,0.0
2030,sc01,10-01 21:00:00+02:00,bus095,0.0
2030,sc01,10-01 21:00:00+02:00,bus113,0.0
2030,sc01,10-01 21:00:00+02:00,bus024,0.0
2030,sc01,10-01 21:00:00+02:00,bus078,0.0
2030,sc01,10-01 21:00:00+02:00,bus033,0.0
2030,sc01,10-01 21:00:00+02:00,bus079,0.0
2030,sc01,10-01 21:00:00+02:00,bus061,0.0
2030,sc01,10-01 21:00:00+02:00,bus118,0.0
2030,sc01,10-01 21:00:00+02:00,bus003,0.0
2030,sc01,10-01 21:00:00+02:00,bus070,0.0
2030,sc01,10-01 21:00:00+02:00,bus004,0.0
2030,sc01,10-01 21:00:00+02:00,bus021,0.0
2030,sc01,10-01 21:00:00+02:00,bus068,0.0
2030,sc01,10-01 21:00:00+02:00,bus028,0.0
2030,sc01,10-01 21:00:00+02:00,bus034,0.0
2030,sc01,10-01 21:00:00+02:00,bus075,0.0
2030,sc01,10-01 21:00:00+02:00,bus064,0.0
2030,sc01,10-01 21:00:00+02:00,bus106,0.0
2030,sc01,10-01 21:00:00+02:00,bus076,0.0
2030,sc01,10-01 21:00:00+02:00,bus046,0.0
2030,sc01,10-01 21:00:00+02:00,bus007,0.0
2030,sc01,10-01 21:00:00+02:00,bus035,0.0
2030,sc01,10-01 21:00:00+02:00,bus117,0.0
2030,sc01,10-01 21:00:00+02:00,bus041,0.0
2030,sc01,10-01 21:00:00+02:00,bus102,0.0
2030,sc01,10-01 21:00:00+02:00,bus026,0.0
2030,sc01,10-01 21:00:00+02:00,bus077,0.0
2030,sc01,10-01 21:00:00+02:00,bus044,0.0
2030,sc01,10-01 21:00:00+02:00,bus091,0.0
2030,sc01,10-01 21:00:00+02:00,bus062,0.0
2030,sc01,10-02 01:00:00+02:00,bus093,0.0
2030,sc01,10-02 01:00:00+02:00,bus097,0.0
2030,sc01,10-02 01:00:00+02:00,bus110,0.0
2030,sc01,10-02 01:00:00+02:00,bus042,0.0
2030,sc01,10-02 01:00:00+02:00,bus066,0.0
2030,sc01,10-02 01:00:00+02:00,bus059,0.0
2030,sc01,10-02 01:00:00+02:00,bus057,0.0
2030,sc01,10-02 01:00:00+02:00,bus067,0.0
2030,sc01,10-02 01:00:00+02:00,bus069,0.0
2030,sc01,10-02 01:00:00+02:00,bus014,0.0
2030,sc01,10-02 01:00:00+02:00,bus090,0.0
2030,sc01,10-02 01:00:00+02:00,bus002,0.0
2030,sc01,10-02 01:00:00+02:00,bus005,0.0
2030,sc01,10-02 01:00:00+02:00,bus109,0.0
2030,sc01,10-02 01:00:00+02:00,bus020,0.0
2030,sc01,10-02 01:00:00+02:00,bus065,0.0
2030,sc01,10-02 01:00:00+02:00,bus001,0.0
2030,sc01,10-02 01:00:00+02:00,bus017,0.0
2030,sc01,10-02 01:00:00+02:00,bus015,0.0
2030,sc01,10-02 01:00:00+02:00,bus054,0.0
2030,sc01,10-02 01:00:00+02:00,bus086,0.0
2030,sc01,10-02 01:00:00+02:00,bus032,0.0
2030,sc01,10-02 01:00:00+02:00,bus038,0.0
2030,sc01,10-02 01:00:00+02:00,bus108,0.0
2030,sc01,10-02 01:00:00+02:00,bus087,0.0
2030,sc01,10-02 01:00:00+02:00,bus027,0.0
2030,sc01,10-02 01:00:00+02:00,bus111,0.0
2030,sc01,10-02 01:00:00+02:00,bus025,0.0
2030,sc01,10-02 01:00:00+02:00,bus029,0.0
2030,sc01,10-02 01:00:00+02:00,bus009,0.0
2030,sc01,10-02 01:00:00+02:00,bus043,0.0
2030,sc01,10-02 01:00:00+02:00,bus045,0.0
2030,sc01,10-02 01:00:00+02:00,bus084,0.0
2030,sc01,10-02 01:00:00+02:00,bus013,0.0
2030,sc01,10-02 01:00:00+02:00,bus063,0.0
2030,sc01,10-02 01:00:00+02:00,bus115,0.0
2030,sc01,10-02 01:00:00+02:00,bus010,0.0
2030,sc01,10-02 01:00:00+02:00,bus073,0.0
2030,sc01,10-02 01:00:00+02:00,bus052,0.0
2030,sc01,10-02 01:00:00+02:00,bus096,0.0
2030,sc01,10-02 01:00:00+02:00,bus050,0.0
2030,sc01,10-02 01:00:00+02:00,bus011,0.0
2030,sc01,10-02 01:00:00+02:00,bus055,0.0
2030,sc01,10-02 01:00:00+02:00,bus083,0.0
2030,sc01,10-02 01:00:00+02:00,bus081,0.0
2030,sc01,10-02 01:00:00+02:00,bus022,0.0
2030,sc01,10-02 01:00:00+02:00,bus071,0.0
2030,sc01,10-02 01:00:00+02:00,bus074,0.0
2030,sc01,10-02 01:00:00+02:00,bus040,0.0
2030,sc01,10-02 01:00:00+02:00,bus099,0.0
2030,sc01,10-02 01:00:00+02:00,bus030,0.0
2030,sc01,10-02 01:00:00+02:00,bus098,0.0
2030,sc01,10-02 01:00:00+02:00,bus053,0.0
2030,sc01,10-02 01:00:00+02:00,bus085,0.0
2030,sc01,10-02 01:00:00+02:00,bus101,0.0
2030,sc01,10-02 01:00:00+02:00,bus018,0.0
2030,sc01,10-02 01:00:00+02:00,bus023,0.0
2030,sc01,10-02 01:00:00+02:00,bus088,0.0
2030,sc01,10-02 01:00:00+02:00,bus116,0.0
2030,sc01,10-02 01:00:00+02:00,bus103,0.0
2030,sc01,10-02 01:00:00+02:00,bus008,0.0
2030,sc01,10-02 01:00:00+02:00,bus105,0.0
2030,sc01,10-02 01:00:00+02:00,bus060,0.0
2030,sc01,10-02 01:00:00+02:00,bus016,0.0
2030,sc01,10-02 01:00:00+02:00,bus082,0.0
2030,sc01,10-02 01:00:00+02:00,bus047,0.0
2030,sc01,10-02 01:00:00+02:00,bus019,0.0
2030,sc01,10-02 01:00:00+02:00,bus037,0.0
2030,sc01,10-02 01:00:00+02:00,bus006,0.0
2030,sc01,10-02 01:00:00+02:00,bus080,0.0
2030,sc01,10-02 01:00:00+02:00,bus031,0.0
2030,sc01,10-02 01:00:00+02:00,bus048,0.0
2030,sc01,10-02 01:00:00+02:00,bus107,0.0
2030,sc01,10-02 01:00:00+02:00,bus049,0.0
2030,sc01,10-02 01:00:00+02:00,bus104,0.0
2030,sc01,10-02 01:00:00+02:00,bus100,0.0
2030,sc01,10-02 01:00:00+02:00,bus072,0.0
2030,sc01,10-02 01:00:00+02:00,bus039,0.0
2030,sc01,10-02 01:00:00+02:00,bus012,0.0
2030,sc01,10-02 01:00:00+02:00,bus114,0.0
2030,sc01,10-02 01:00:00+02:00,bus112,0.0
2030,sc01,10-02 01:00:00+02:00,bus058,0.0
2030,sc01,10-02 01:00:00+02:00,bus089,0.0
2030,sc01,10-02 01:00:00+02:00,bus051,0.0
2030,sc01,10-02 01:00:00+02:00,bus056,0.0
2030,sc01,10-02 01:00:00+02:00,bus092,0.0
2030,sc01,10-02 01:00:00+02:00,bus036,0.0
2030,sc01,10-02 01:00:00+02:00,bus094,0.0
2030,sc01,10-02 01:00:00+02:00,bus095,0.0
2030,sc01,10-02 01:00:00+02:00,bus113,0.0
2030,sc01,10-02 01:00:00+02:00,bus024,0.0
2030,sc01,10-02 01:00:00+02:00,bus078,0.0
2030,sc01,10-02 01:00:00+02:00,bus033,0.0
2030,sc01,10-02 01:00:00+02:00,bus079,0.0
2030,sc01,10-02 01:00:00+02:00,bus061,0.0
2030,sc01,10-02 01:00:00+02:00,bus118,0.0
2030,sc01,10-02 01:00:00+02:00,bus003,0.0
2030,sc01,10-02 01:00:00+02:00,bus070,0.0
2030,sc01,10-02 01:00:00+02:00,bus004,0.0
2030,sc01,10-02 01:00:00+02:00,bus021,0.0
2030,sc01,10-02 01:00:00+02:00,bus068,0.0
2030,sc01,10-02 01:00:00+02:00,bus028,0.0
2030,sc01,10-02 01:00:00+02:00,bus034,0.0
2030,sc01,10-02 01:00:00+02:00,bus075,0.0
2030,sc01,10-02 01:00:00+02:00,bus064,0.0
2030,sc01,10-02 01:00:00+02:00,bus106,0.0
2030,sc01,10-02 01:00:00+02:00,bus076,0.0
2030,sc01,10-02 01:00:00+02:00,bus046,0.0
2030,sc01,10-02 01:00:00+02:00,bus007,0.0
2030,sc01,10-02 01:00:00+02:00,bus035,0.0
2030,sc01,10-02 01:00:00+02:00,bus117,0.0
2030,sc01,10-02 01:00:00+02:00,bus041,0.0
2030,sc01,10-02 01:00:00+02:00,bus102,0.0
2030,sc01,10-02 01:00:00+02:00,bus026,0.0
2030,sc01,10-02 01:00:00+02:00,bus077,0.0
2030,sc01,10-02 01:00:00+02:00,bus044,0.0
2030,sc01,10-02 01:00:00+02:00,bus091,0.0
2030,sc01,10-02 01:00:00+02:00,bus062,0.0
2030,sc01,10-02 06:00:00+02:00,bus093,0.0
2030,sc01,10-02 06:00:00+02:00,bus097,0.0
2030,sc01,10-02 06:00:00+02:00,bus110,0.0
2030,sc01,10-02 06:00:00+02:00,bus042,0.0
2030,sc01,10-02 06:00:00+02:00,bus066,0.0
2030,sc01,10-02 06:00:00+02:00,bus059,0.0
2030,sc01,10-02 06:00:00+02:00,bus057,0.0
2030,sc01,10-02 06:00:00+02:00,bus067,0.0
2030,sc01,10-02 06:00:00+02:00,bus069,0.0
2030,sc01,10-02 06:00:00+02:00,bus014,0.0
2030,sc01,10-02 06:00:00+02:00,bus090,0.0
2030,sc01,10-02 06:00:00+02:00,bus002,0.0
2030,sc01,10-02 06:00:00+02:00,bus005,0.0
2030,sc01,10-02 06:00:00+02:00,bus109,0.0
2030,sc01,10-02 06:00:00+02:00,bus020,0.0
2030,sc01,10-02 06:00:00+02:00,bus065,0.0
2030,sc01,10-02 06:00:00+02:00,bus001,0.0
2030,sc01,10-02 06:00:00+02:00,bus017,0.0
2030,sc01,10-02 06:00:00+02:00,bus015,0.0
2030,sc01,10-02 06:00:00+02:00,bus054,0.0
2030,sc01,10-02 06:00:00+02:00,bus086,0.0
2030,sc01,10-02 06:00:00+02:00,bus032,0.0
2030,sc01,10-02 06:00:00+02:00,bus038,0.0
2030,sc01,10-02 06:00:00+02:00,bus108,0.0
2030,sc01,10-02 06:00:00+02:00,bus087,0.0
2030,sc01,10-02 06:00:00+02:00,bus027,0.0
2030,sc01,10-02 06:00:00+02:00,bus111,0.0
2030,sc01,10-02 06:00:00+02:00,bus025,0.0
2030,sc01,10-02 06:00:00+02:00,bus029,0.0
2030,sc01,10-02 06:00:00+02:00,bus009,0.0
2030,sc01,10-02 06:00:00+02:00,bus043,0.0
2030,sc01,10-02 06:00:00+02:00,bus045,0.0
2030,sc01,10-02 06:00:00+02:00,bus084,0.0
2030,sc01,10-02 06:00:00+02:00,bus013,0.0
2030,sc01,10-02 06:00:00+02:00,bus063,0.0
2030,sc01,10-02 06:00:00+02:00,bus115,0.0
2030,sc01,10-02 06:00:00+02:00,bus010,0.0
2030,sc01,10-02 06:00:00+02:00,bus073,0.0
2030,sc01,10-02 06:00:00+02:00,bus052,0.0
2030,sc01,10-02 06:00:00+02:00,bus096,0.0
2030,sc01,10-02 06:00:00+02:00,bus050,0.0
2030,sc01,10-02 06:00:00+02:00,bus011,0.0
2030,sc01,10-02 06:00:00+02:00,bus055,0.0
2030,sc01,10-02 06:00:00+02:00,bus083,0.0
2030,sc01,10-02 06:00:00+02:00,bus081,0.0
2030,sc01,10-02 06:00:00+02:00,bus022,0.0
2030,sc01,10-02 06:00:00+02:00,bus071,0.0
2030,sc01,10-02 06:00:00+02:00,bus074,0.0
2030,sc01,10-02 06:00:00+02:00,bus040,0.0
2030,sc01,10-02 06:00:00+02:00,bus099,0.0
2030,sc01,10-02 06:00:00+02:00,bus030,0.0
2030,sc01,10-02 06:00:00+02:00,bus098,0.0
2030,sc01,10-02 06:00:00+02:00,bus053,0.0
2030,sc01,10-02 06:00:00+02:00,bus085,0.0
2030,sc01,10-02 06:00:00+02:00,bus101,0.0
2030,sc01,10-02 06:00:00+02:00,bus018,0.0
2030,sc01,10-02 06:00:00+02:00,bus023,0.0
2030,sc01,10-02 06:00:00+02:00,bus088,0.0
2030,sc01,10-02 06:00:00+02:00,bus116,0.0
2030,sc01,10-02 06:00:00+02:00,bus103,0.0
2030,sc01,10-02 06:00:00+02:00,bus008,0.0
2030,sc01,10-02 06:00:00+02:00,bus105,0.0
2030,sc01,10-02 06:00:00+02:00,bus060,0.0
2030,sc01,10-02 06:00:00+02:00,bus016,0.0
2030,sc01,10-02 06:00:00+02:00,bus082,0.0
2030,sc01,10-02 06:00:00+02:00,bus047,0.0
2030,sc01,10-02 06:00:00+02:00,bus019,0.0
2030,sc01,10-02 06:00:00+02:00,bus037,0.0
2030,sc01,10-02 06:00:00+02:00,bus006,0.0
2030,sc01,10-02 06:00:00+02:00,bus080,0.0
2030,sc01,10-02 06:00:00+02:00,bus031,0.0
2030,sc01,10-02 06:00:00+02:00,bus048,0.0
2030,sc01,10-02 06:00:00+02:00,bus107,0.0
2030,sc01,10-02 06:00:00+02:00,bus049,0.0
2030,sc01,10-02 06:00:00+02:00,bus104,0.0
2030,sc01,10-02 06:00:00+02:00,bus100,0.0
2030,sc01,10-02 06:00:00+02:00,bus072,0.0
2030,sc01,10-02 06:00:00+02:00,bus039,0.0
2030,sc01,10-02 06:00:00+02:00,bus012,0.0
2030,sc01,10-02 06:00:00+02:00,bus114,0.0
2030,sc01,10-02 06:00:00+02:00,bus112,0.0
2030,sc01,10-02 06:00:00+02:00,bus058,0.0
2030,sc01,10-02 06:00:00+02:00,bus089,0.0
2030,sc01,10-02 06:00:00+02:00,bus051,0.0
2030,sc01,10-02 06:00:00+02:00,bus056,0.0
2030,sc01,10-02 06:00:00+02:00,bus092,0.0
2030,sc01,10-02 06:00:00+02:00,bus036,0.0
2030,sc01,10-02 06:00:00+02:00,bus094,0.0
2030,sc01,10-02 06:00:00+02:00,bus095,0.0
2030,sc01,10-02 06:00:00+02:00,bus113,0.0
2030,sc01,10-02 06:00:00+02:00,bus024,0.0
2030,sc01,10-02 06:00:00+02:00,bus078,0.0
2030,sc01,10-02 06:00:00+02:00,bus033,0.0
2030,sc01,10-02 06:00:00+02:00,bus079,0.0
2030,sc01,10-02 06:00:00+02:00,bus061,0.0
2030,sc01,10-02 06:00:00+02:00,bus118,0.0
2030,sc01,10-02 06:00:00+02:00,bus003,0.0
2030,sc01,10-02 06:00:00+02:00,bus070,0.0
2030,sc01,10-02 06:00:00+02:00,bus004,0.0
2030,sc01,10-02 06:00:00+02:00,bus021,0.0
2030,sc01,10-02 06:00:00+02:00,bus068,0.0
2030,sc01,10-02 06:00:00+02:00,bus028,0.0
2030,sc01,10-02 06:00:00+02:00,bus034,0.0
2030,sc01,10-02 06:00:00+02:00,bus075,0.0
2030,sc01,10-02 06:00:00+02:00,bus064,0.0
2030,sc01,10-02 06:00:00+02:00,bus106,0.0
2030,sc01,10-02 06:00:00+02:00,bus076,0.0
2030,sc01,10-02 06:00:00+02:00,bus046,0.0
2030,sc01,10-02 06:00:00+02:00,bus007,0.0
2030,sc01,10-02 06:00:00+02:00,bus035,0.0
2030,sc01,10-02 06:00:00+02:00,bus117,0.0
2030,sc01,10-02 06:00:00+02:00,bus041,0.0
2030,sc01,10-02 06:00:00+02:00,bus102,0.0
2030,sc01,10-02 06:00:00+02:00,bus026,0.0
2030,sc01,10-02 06:00:00+02:00,bus077,0.0
2030,sc01,10-02 06:00:00+02:00,bus044,0.0
2030,sc01,10-02 06:00:00+02:00,bus091,0.0
2030,sc01,10-02 06:00:00+02:00,bus062,0.0
2030,sc01,10-03 07:00:00+02:00,bus093,0.0
2030,sc01,10-03 07:00:00+02:00,bus097,0.0
2030,sc01,10-03 07:00:00+02:00,bus110,0.0
2030,sc01,10-03 07:00:00+02:00,bus042,0.0
2030,sc01,10-03 07:00:00+02:00,bus066,0.0
2030,sc01,10-03 07:00:00+02:00,bus059,0.0
2030,sc01,10-03 07:00:00+02:00,bus057,0.0
2030,sc01,10-03 07:00:00+02:00,bus067,0.0
2030,sc01,10-03 07:00:00+02:00,bus069,0.0
2030,sc01,10-03 07:00:00+02:00,bus014,0.0
2030,sc01,10-03 07:00:00+02:00,bus090,0.0
2030,sc01,10-03 07:00:00+02:00,bus002,0.0
2030,sc01,10-03 07:00:00+02:00,bus005,0.0
2030,sc01,10-03 07:00:00+02:00,bus109,0.0
2030,sc01,10-03 07:00:00+02:00,bus020,0.0
2030,sc01,10-03 07:00:00+02:00,bus065,0.0
2030,sc01,10-03 07:00:00+02:00,bus001,0.0
2030,sc01,10-03 07:00:00+02:00,bus017,0.0
2030,sc01,10-03 07:00:00+02:00,bus015,0.0
2030,sc01,10-03 07:00:00+02:00,bus054,0.0
2030,sc01,10-03 07:00:00+02:00,bus086,0.0
2030,sc01,10-03 07:00:00+02:00,bus032,0.0
2030,sc01,10-03 07:00:00+02:00,bus038,0.0
2030,sc01,10-03 07:00:00+02:00,bus108,0.0
2030,sc01,10-03 07:00:00+02:00,bus087,0.0
2030,sc01,10-03 07:00:00+02:00,bus027,0.0
2030,sc01,10-03 07:00:00+02:00,bus111,0.0
2030,sc01,10-03 07:00:00+02:00,bus025,0.0
2030,sc01,10-03 07:00:00+02:00,bus029,0.0
2030,sc01,10-03 07:00:00+02:00,bus009,0.0
2030,sc01,10-03 07:00:00+02:00,bus043,0.0
2030,sc01,10-03 07:00:00+02:00,bus045,0.0
2030,sc01,10-03 07:00:00+02:00,bus084,0.0
2030,sc01,10-03 07:00:00+02:00,bus013,0.0
2030,sc01,10-03 07:00:00+02:00,bus063,0.0
2030,sc01,10-03 07:00:00+02:00,bus115,0.0
2030,sc01,10-03 07:00:00+02:00,bus010,0.0
2030,sc01,10-03 07:00:00+02:00,bus073,0.0
2030,sc01,10-03 07:00:00+02:00,bus052,0.0
2030,sc01,10-03 07:00:00+02:00,bus096,0.0
2030,sc01,10-03 07:00:00+02:00,bus050,0.0
2030,sc01,10-03 07:00:00+02:00,bus011,0.0
2030,sc01,10-03 07:00:00+02:00,bus055,0.0
2030,sc01,10-03 07:00:00+02:00,bus083,0.0
2030,sc01,10-03 07:00:00+02:00,bus081,0.0
2030,sc01,10-03 07:00:00+02:00,bus022,0.0
2030,sc01,10-03 07:00:00+02:00,bus071,0.0
2030,sc01,10-03 07:00:00+02:00,bus074,0.0
2030,sc01,10-03 07:00:00+02:00,bus040,0.0
2030,sc01,10-03 07:00:00+02:00,bus099,0.0
2030,sc01,10-03 07:00:00+02:00,bus030,0.0
2030,sc01,10-03 07:00:00+02:00,bus098,0.0
2030,sc01,10-03 07:00:00+02:00,bus053,0.0
2030,sc01,10-03 07:00:00+02:00,bus085,0.0
2030,sc01,10-03 07:00:00+02:00,bus101,0.0
2030,sc01,10-03 07:00:00+02:00,bus018,0.0
2030,sc01,10-03 07:00:00+02:00,bus023,0.0
2030,sc01,10-03 07:00:00+02:00,bus088,0.0
2030,sc01,10-03 07:00:00+02:00,bus116,0.0
2030,sc01,10-03 07:00:00+02:00,bus103,0.0
2030,sc01,10-03 07:00:00+02:00,bus008,0.0
2030,sc01,10-03 07:00:00+02:00,bus105,0.0
2030,sc01,10-03 07:00:00+02:00,bus060,0.0
2030,sc01,10-03 07:00:00+02:00,bus016,0.0
2030,sc01,10-03 07:00:00+02:00,bus082,0.0
2030,sc01,10-03 07:00:00+02:00,bus047,0.0
2030,sc01,10-03 07:00:00+02:00,bus019,0.0
2030,sc01,10-03 07:00:00+02:00,bus037,0.0
2030,sc01,10-03 07:00:00+02:00,bus006,0.0
2030,sc01,10-03 07:00:00+02:00,bus080,0.0
2030,sc01,10-03 07:00:00+02:00,bus031,0.0
2030,sc01,10-03 07:00:00+02:00,bus048,0.0
2030,sc01,10-03 07:00:00+02:00,bus107,0.0
2030,sc01,10-03 07:00:00+02:00,bus049,0.0
2030,sc01,10-03 07:00:00+02:00,bus104,0.0
2030,sc01,10-03 07:00:00+02:00,bus100,0.0
2030,sc01,10-03 07:00:00+02:00,bus072,0.0
2030,sc01,10-03 07:00:00+02:00,bus039,0.0
2030,sc01,10-03 07:00:00+02:00,bus012,0.0
2030,sc01,10-03 07:00:00+02:00,bus114,0.0
2030,sc01,10-03 07:00:00+02:00,bus112,0.0
2030,sc01,10-03 07:00:00+02:00,bus058,0.0
2030,sc01,10-03 07:00:00+02:00,bus089,0.0
2030,sc01,10-03 07:00:00+02:00,bus051,0.0
2030,sc01,10-03 07:00:00+02:00,bus056,0.0
2030,sc01,10-03 07:00:00+02:00,bus092,0.0
2030,sc01,10-03 07:00:00+02:00,bus036,0.0
2030,sc01,10-03 07:00:00+02:00,bus094,0.0
2030,sc01,10-03 07:00:00+02:00,bus095,0.0
2030,sc01,10-03 07:00:00+02:00,bus113,0.0
2030,sc01,10-03 07:00:00+02:00,bus024,0.0
2030,sc01,10-03 07:00:00+02:00,bus078,0.0
2030,sc01,10-03 07:00:00+02:00,bus033,0.0
2030,sc01,10-03 07:00:00+02:00,bus079,0.0
2030,sc01,10-03 07:00:00+02:00,bus061,0.0
2030,sc01,10-03 07:00:00+02:00,bus118,0.0
2030,sc01,10-03 07:00:00+02:00,bus003,0.0
2030,sc01,10-03 07:00:00+02:00,bus070,0.0
2030,sc01,10-03 07:00:00+02:00,bus004,0.0
2030,sc01,10-03 07:00:00+02:00,bus021,0.0
2030,sc01,10-03 07:00:00+02:00,bus068,0.0
2030,sc01,10-03 07:00:00+02:00,bus028,0.0
2030,sc01,10-03 07:00:00+02:00,bus034,0.0
2030,sc01,10-03 07:00:00+02:00,bus075,0.0
2030,sc01,10-03 07:00:00+02:00,bus064,0.0
2030,sc01,10-03 07:00:00+02:00,bus106,0.0
2030,sc01,10-03 07:00:00+02:00,bus076,0.0
2030,sc01,10-03 07:00:00+02:00,bus046,0.0
2030,sc01,10-03 07:00:00+02:00,bus007,0.0
2030,sc01,10-03 07:00:00+02:00,bus035,0.0
2030,sc01,10-03 07:00:00+02:00,bus117,0.0
2030,sc01,10-03 07:00:00+02:00,bus041,0.0
2030,sc01,10-03 07:00:00+02:00,bus102,0.0
2030,sc01,10-03 07:00:00+02:00,bus026,0.0
2030,sc01,10-03 07:00:00+02:00,bus077,0.0
2030,sc01,10-03 07:00:00+02:00,bus044,0.0
2030,sc01,10-03 07:00:00+02:00,bus091,0.0
2030,sc01,10-03 07:00:00+02:00,bus062,0.0
2030,sc01,10-05 16:00:00+02:00,bus093,0.0
2030,sc01,10-05 16:00:00+02:00,bus097,0.0
2030,sc01,10-05 16:00:00+02:00,bus110,0.0
2030,sc01,10-05 16:00:00+02:00,bus042,0.0
2030,sc01,10-05 16:00:00+02:00,bus066,0.0
2030,sc01,10-05 16:00:00+02:00,bus059,0.0
2030,sc01,10-05 16:00:00+02:00,bus057,0.0
2030,sc01,10-05 16:00:00+02:00,bus067,0.0
2030,sc01,10-05 16:00:00+02:00,bus069,0.0
2030,sc01,10-05 16:00:00+02:00,bus014,0.0
2030,sc01,10-05 16:00:00+02:00,bus090,0.0
2030,sc01,10-05 16:00:00+02:00,bus002,0.0
2030,sc01,10-05 16:00:00+02:00,bus005,0.0
2030,sc01,10-05 16:00:00+02:00,bus109,0.0
2030,sc01,10-05 16:00:00+02:00,bus020,0.0
2030,sc01,10-05 16:00:00+02:00,bus065,0.0
2030,sc01,10-05 16:00:00+02:00,bus001,0.0
2030,sc01,10-05 16:00:00+02:00,bus017,0.0
2030,sc01,10-05 16:00:00+02:00,bus015,0.0
2030,sc01,10-05 16:00:00+02:00,bus054,0.0
2030,sc01,10-05 16:00:00+02:00,bus086,0.0
2030,sc01,10-05 16:00:00+02:00,bus032,0.0
2030,sc01,10-05 16:00:00+02:00,bus038,0.0
2030,sc01,10-05 16:00:00+02:00,bus108,0.0
2030,sc01,10-05 16:00:00+02:00,bus087,0.0
2030,sc01,10-05 16:00:00+02:00,bus027,0.0
2030,sc01,10-05 16:00:00+02:00,bus111,0.0
2030,sc01,10-05 16:00:00+02:00,bus025,0.0
2030,sc01,10-05 16:00:00+02:00,bus029,0.0
2030,sc01,10-05 16:00:00+02:00,bus009,0.0
2030,sc01,10-05 16:00:00+02:00,bus043,0.0
2030,sc01,10-05 16:00:00+02:00,bus045,0.0
2030,sc01,10-05 16:00:00+02:00,bus084,0.0
2030,sc01,10-05 16:00:00+02:00,bus013,0.0
2030,sc01,10-05 16:00:00+02:00,bus063,0.0
2030,sc01,10-05 16:00:00+02:00,bus115,0.0
2030,sc01,10-05 16:00:00+02:00,bus010,0.0
2030,sc01,10-05 16:00:00+02:00,bus073,0.0
2030,sc01,10-05 16:00:00+02:00,bus052,0.0
2030,sc01,10-05 16:00:00+02:00,bus096,0.0
2030,sc01,10-05 16:00:00+02:00,bus050,0.0
2030,sc01,10-05 16:00:00+02:00,bus011,0.0
2030,sc01,10-05 16:00:00+02:00,bus055,0.0
2030,sc01,10-05 16:00:00+02:00,bus083,0.0
2030,sc01,10-05 16:00:00+02:00,bus081,0.0
2030,sc01,10-05 16:00:00+02:00,bus022,0.0
2030,sc01,10-05 16:00:00+02:00,bus071,0.0
2030,sc01,10-05 16:00:00+02:00,bus074,0.0
2030,sc01,10-05 16:00:00+02:00,bus040,0.0
2030,sc01,10-05 16:00:00+02:00,bus099,0.0
2030,sc01,10-05 16:00:00+02:00,bus030,0.0
2030,sc01,10-05 16:00:00+02:00,bus098,0.0
2030,sc01,10-05 16:00:00+02:00,bus053,0.0
2030,sc01,10-05 16:00:00+02:00,bus085,0.0
2030,sc01,10-05 16:00:00+02:00,bus101,0.0
2030,sc01,10-05 16:00:00+02:00,bus018,0.0
2030,sc01,10-05 16:00:00+02:00,bus023,0.0
2030,sc01,10-05 16:00:00+02:00,bus088,0.0
2030,sc01,10-05 16:00:00+02:00,bus116,0.0
2030,sc01,10-05 16:00:00+02:00,bus103,0.0
2030,sc01,10-05 16:00:00+02:00,bus008,0.0
2030,sc01,10-05 16:00:00+02:00,bus105,0.0
2030,sc01,10-05 16:00:00+02:00,bus060,0.0
2030,sc01,10-05 16:00:00+02:00,bus016,0.0
2030,sc01,10-05 16:00:00+02:00,bus082,0.0
2030,sc01,10-05 16:00:00+02:00,bus047,0.0
2030,sc01,10-05 16:00:00+02:00,bus019,0.0
2030,sc01,10-05 16:00:00+02:00,bus037,0.0
2030,sc01,10-05 16:00:00+02:00,bus006,0.0
2030,sc01,10-05 16:00:00+02:00,bus080,0.0
2030,sc01,10-05 16:00:00+02:00,bus031,0.0
2030,sc01,10-05 16:00:00+02:00,bus048,0.0
2030,sc01,10-05 16:00:00+02:00,bus107,0.0
2030,sc01,10-05 16:00:00+02:00,bus049,0.0
2030,sc01,10-05 16:00:00+02:00,bus104,0.0
2030,sc01,10-05 16:00:00+02:00,bus100,0.0
2030,sc01,10-05 16:00:00+02:00,bus072,0.0
2030,sc01,10-05 16:00:00+02:00,bus039,0.0
2030,sc01,10-05 16:00:00+02:00,bus012,0.0
2030,sc01,10-05 16:00:00+02:00,bus114,0.0
2030,sc01,10-05 16:00:00+02:00,bus112,0.0
2030,sc01,10-05 16:00:00+02:00,bus058,0.0
2030,sc01,10-05 16:00:00+02:00,bus089,0.0
2030,sc01,10-05 16:00:00+02:00,bus051,0.0
2030,sc01,10-05 16:00:00+02:00,bus056,0.0
2030,sc01,10-05 16:00:00+02:00,bus092,0.0
2030,sc01,10-05 16:00:00+02:00,bus036,0.0
2030,sc01,10-05 16:00:00+02:00,bus094,0.0
2030,sc01,10-05 16:00:00+02:00,bus095,0.0
2030,sc01,10-05 16:00:00+02:00,bus113,0.0
2030,sc01,10-05 16:00:00+02:00,bus024,0.0
2030,sc01,10-05 16:00:00+02:00,bus078,0.0
2030,sc01,10-05 16:00:00+02:00,bus033,0.0
2030,sc01,10-05 16:00:00+02:00,bus079,0.0
2030,sc01,10-05 16:00:00+02:00,bus061,0.0
2030,sc01,10-05 16:00:00+02:00,bus118,0.0
2030,sc01,10-05 16:00:00+02:00,bus003,0.0
2030,sc01,10-05 16:00:00+02:00,bus070,0.0
2030,sc01,10-05 16:00:00+02:00,bus004,0.0
2030,sc01,10-05 16:00:00+02:00,bus021,0.0
2030,sc01,10-05 16:00:00+02:00,bus068,0.0
2030,sc01,10-05 16:00:00+02:00,bus028,0.0
2030,sc01,10-05 16:00:00+02:00,bus034,0.0
2030,sc01,10-05 16:00:00+02:00,bus075,0.0
2030,sc01,10-05 16:00:00+02:00,bus064,0.0
2030,sc01,10-05 16:00:00+02:00,bus106,0.0
2030,sc01,10-05 16:00:00+02:00,bus076,0.0
2030,sc01,10-05 16:00:00+02:00,bus046,0.0
2030,sc01,10-05 16:00:00+02:00,bus007,0.0
2030,sc01,10-05 16:00:00+02:00,bus035,0.0
2030,sc01,10-05 16:00:00+02:00,bus117,0.0
2030,sc01,10-05 16:00:00+02:00,bus041,0.0
2030,sc01,10-05 16:00:00+02:00,bus102,0.0
2030,sc01,10-05 16:00:00+02:00,bus026,0.0
2030,sc01,10-05 16:00:00+02:00,bus077,0.0
2030,sc01,10-05 16:00:00+02:00,bus044,0.0
2030,sc01,10-05 16:00:00+02:00,bus091,0.0
2030,sc01,10-05 16:00:00+02:00,bus062,0.0
2030,sc01,10-07 10:00:00+02:00,bus093,0.0
2030,sc01,10-07 10:00:00+02:00,bus097,0.0
2030,sc01,10-07 10:00:00+02:00,bus110,0.0
2030,sc01,10-07 10:00:00+02:00,bus042,0.0
2030,sc01,10-07 10:00:00+02:00,bus066,0.0
2030,sc01,10-07 10:00:00+02:00,bus059,0.0
2030,sc01,10-07 10:00:00+02:00,bus057,0.0
2030,sc01,10-07 10:00:00+02:00,bus067,0.0
2030,sc01,10-07 10:00:00+02:00,bus069,0.0
2030,sc01,10-07 10:00:00+02:00,bus014,0.0
2030,sc01,10-07 10:00:00+02:00,bus090,0.0
2030,sc01,10-07 10:00:00+02:00,bus002,0.0
2030,sc01,10-07 10:00:00+02:00,bus005,0.0
2030,sc01,10-07 10:00:00+02:00,bus109,0.0
2030,sc01,10-07 10:00:00+02:00,bus020,0.0
2030,sc01,10-07 10:00:00+02:00,bus065,0.0
2030,sc01,10-07 10:00:00+02:00,bus001,0.0
2030,sc01,10-07 10:00:00+02:00,bus017,0.0
2030,sc01,10-07 10:00:00+02:00,bus015,0.0
2030,sc01,10-07 10:00:00+02:00,bus054,0.0
2030,sc01,10-07 10:00:00+02:00,bus086,0.0
2030,sc01,10-07 10:00:00+02:00,bus032,0.0
2030,sc01,10-07 10:00:00+02:00,bus038,0.0
2030,sc01,10-07 10:00:00+02:00,bus108,0.0
2030,sc01,10-07 10:00:00+02:00,bus087,0.0
2030,sc01,10-07 10:00:00+02:00,bus027,0.0
2030,sc01,10-07 10:00:00+02:00,bus111,0.0
2030,sc01,10-07 10:00:00+02:00,bus025,0.0
2030,sc01,10-07 10:00:00+02:00,bus029,0.0
2030,sc01,10-07 10:00:00+02:00,bus009,0.0
2030,sc01,10-07 10:00:00+02:00,bus043,0.0
2030,sc01,10-07 10:00:00+02:00,bus045,0.0
2030,sc01,10-07 10:00:00+02:00,bus084,0.0
2030,sc01,10-07 10:00:00+02:00,bus013,0.0
2030,sc01,10-07 10:00:00+02:00,bus063,0.0
2030,sc01,10-07 10:00:00+02:00,bus115,0.0
2030,sc01,10-07 10:00:00+02:00,bus010,0.0
2030,sc01,10-07 10:00:00+02:00,bus073,0.0
2030,sc01,10-07 10:00:00+02:00,bus052,0.0
2030,sc01,10-07 10:00:00+02:00,bus096,0.0
2030,sc01,10-07 10:00:00+02:00,bus050,0.0
2030,sc01,10-07 10:00:00+02:00,bus011,0.0
2030,sc01,10-07 10:00:00+02:00,bus055,0.0
2030,sc01,10-07 10:00:00+02:00,bus083,0.0
2030,sc01,10-07 10:00:00+02:00,bus081,0.0
2030,sc01,10-07 10:00:00+02:00,bus022,0.0
2030,sc01,10-07 10:00:00+02:00,bus071,0.0
2030,sc01,10-07 10:00:00+02:00,bus074,0.0
2030,sc01,10-07 10:00:00+02:00,bus040,0.0
2030,sc01,10-07 10:00:00+02:00,bus099,0.0
2030,sc01,10-07 10:00:00+02:00,bus030,0.0
2030,sc01,10-07 10:00:00+02:00,bus098,0.0
2030,sc01,10-07 10:00:00+02:00,bus053,0.0
2030,sc01,10-07 10:00:00+02:00,bus085,0.0
2030,sc01,10-07 10:00:00+02:00,bus101,0.0
2030,sc01,10-07 10:00:00+02:00,bus018,0.0
2030,sc01,10-07 10:00:00+02:00,bus023,0.0
2030,sc01,10-07 10:00:00+02:00,bus088,0.0
2030,sc01,10-07 10:00:00+02:00,bus116,0.0
2030,sc01,10-07 10:00:00+02:00,bus103,0.0
2030,sc01,10-07 10:00:00+02:00,bus008,0.0
2030,sc01,10-07 10:00:00+02:00,bus105,0.0
2030,sc01,10-07 10:00:00+02:00,bus060,0.0
2030,sc01,10-07 10:00:00+02:00,bus016,0.0
2030,sc01,10-07 10:00:00+02:00,bus082,0.0
2030,sc01,10-07 10:00:00+02:00,bus047,0.0
2030,sc01,10-07 10:00:00+02:00,bus019,0.0
2030,sc01,10-07 10:00:00+02:00,bus037,0.0
2030,sc01,10-07 10:00:00+02:00,bus006,0.0
2030,sc01,10-07 10:00:00+02:00,bus080,0.0
2030,sc01,10-07 10:00:00+02:00,bus031,0.0
2030,sc01,10-07 10:00:00+02:00,bus048,0.0
2030,sc01,10-07 10:00:00+02:00,bus107,0.0
2030,sc01,10-07 10:00:00+02:00,bus049,0.0
2030,sc01,10-07 10:00:00+02:00,bus104,0.0
2030,sc01,10-07 10:00:00+02:00,bus100,0.0
2030,sc01,10-07 10:00:00+02:00,bus072,0.0
2030,sc01,10-07 10:00:00+02:00,bus039,0.0
2030,sc01,10-07 10:00:00+02:00,bus012,0.0
2030,sc01,10-07 10:00:00+02:00,bus114,0.0
2030,sc01,10-07 10:00:00+02:00,bus112,0.0
2030,sc01,10-07 10:00:00+02:00,bus058,0.0
2030,sc01,10-07 10:00:00+02:00,bus089,0.0
2030,sc01,10-07 10:00:00+02:00,bus051,0.0
2030,sc01,10-07 10:00:00+02:00,bus056,0.0
2030,sc01,10-07 10:00:00+02:00,bus092,0.0
2030,sc01,10-07 10:00:00+02:00,bus036,0.0
2030,sc01,10-07 10:00:00+02:00,bus094,0.0
2030,sc01,10-07 10:00:00+02:00,bus095,0.0
2030,sc01,10-07 10:00:00+02:00,bus113,0.0
2030,sc01,10-07 10:00:00+02:00,bus024,0.0
2030,sc01,10-07 10:00:00+02:00,bus078,0.0
2030,sc01,10-07 10:00:00+02:00,bus033,0.0
2030,sc01,10-07 10:00:00+02:00,bus079,0.0
2030,sc01,10-07 10:00:00+02:00,bus061,0.0
2030,sc01,10-07 10:00:00+02:00,bus118,0.0
2030,sc01,10-07 10:00:00+02:00,bus003,0.0
2030,sc01,10-07 10:00:00+02:00,bus070,0.0
2030,sc01,10-07 10:00:00+02:00,bus004,0.0
2030,sc01,10-07 10:00:00+02:00,bus021,0.0
2030,sc01,10-07 10:00:00+02:00,bus068,0.0
2030,sc01,10-07 10:00:00+02:00,bus028,0.0
2030,sc01,10-07 10:00:00+02:00,bus034,0.0
2030,sc01,10-07 10:00:00+02:00,bus075,0.0
2030,sc01,10-07 10:00:00+02:00,bus064,0.0
2030,sc01,10-07 10:00:00+02:00,bus106,0.0
2030,sc01,10-07 10:00:00+02:00,bus076,0.0
2030,sc01,10-07 10:00:00+02:00,bus046,0.0
2030,sc01,10-07 10:00:00+02:00,bus007,0.0
2030,sc01,10-07 10:00:00+02:00,bus035,0.0
2030,sc01,10-07 10:00:00+02:00,bus117,0.0
2030,sc01,10-07 10:00:00+02:00,bus041,0.0
2030,sc01,10-07 10:00:00+02:00,bus102,0.0
2030,sc01,10-07 10:00:00+02:00,bus026,0.0
2030,sc01,10-07 10:00:00+02:00,bus077,0.0
2030,sc01,10-07 10:00:00+02:00,bus044,0.0
2030,sc01,10-07 10:00:00+02:00,bus091,0.0
2030,sc01,10-07 10:00:00+02:00,bus062,0.0
2030,sc01,10-08 10:00:00+02:00,bus093,0.0
2030,sc01,10-08 10:00:00+02:00,bus097,0.0
2030,sc01,10-08 10:00:00+02:00,bus110,0.0
2030,sc01,10-08 10:00:00+02:00,bus042,0.0
2030,sc01,10-08 10:00:00+02:00,bus066,0.0
2030,sc01,10-08 10:00:00+02:00,bus059,0.0
2030,sc01,10-08 10:00:00+02:00,bus057,0.0
2030,sc01,10-08 10:00:00+02:00,bus067,0.0
2030,sc01,10-08 10:00:00+02:00,bus069,0.0
2030,sc01,10-08 10:00:00+02:00,bus014,0.0
2030,sc01,10-08 10:00:00+02:00,bus090,0.0
2030,sc01,10-08 10:00:00+02:00,bus002,0.0
2030,sc01,10-08 10:00:00+02:00,bus005,0.0
2030,sc01,10-08 10:00:00+02:00,bus109,0.0
2030,sc01,10-08 10:00:00+02:00,bus020,0.0
2030,sc01,10-08 10:00:00+02:00,bus065,0.0
2030,sc01,10-08 10:00:00+02:00,bus001,0.0
2030,sc01,10-08 10:00:00+02:00,bus017,0.0
2030,sc01,10-08 10:00:00+02:00,bus015,0.0
2030,sc01,10-08 10:00:00+02:00,bus054,0.0
2030,sc01,10-08 10:00:00+02:00,bus086,0.0
2030,sc01,10-08 10:00:00+02:00,bus032,0.0
2030,sc01,10-08 10:00:00+02:00,bus038,0.0
2030,sc01,10-08 10:00:00+02:00,bus108,0.0
2030,sc01,10-08 10:00:00+02:00,bus087,0.0
2030,sc01,10-08 10:00:00+02:00,bus027,0.0
2030,sc01,10-08 10:00:00+02:00,bus111,0.0
2030,sc01,10-08 10:00:00+02:00,bus025,0.0
2030,sc01,10-08 10:00:00+02:00,bus029,0.0
2030,sc01,10-08 10:00:00+02:00,bus009,0.0
2030,sc01,10-08 10:00:00+02:00,bus043,0.0
2030,sc01,10-08 10:00:00+02:00,bus045,0.0
2030,sc01,10-08 10:00:00+02:00,bus084,0.0
2030,sc01,10-08 10:00:00+02:00,bus013,0.0
2030,sc01,10-08 10:00:00+02:00,bus063,0.0
2030,sc01,10-08 10:00:00+02:00,bus115,0.0
2030,sc01,10-08 10:00:00+02:00,bus010,0.0
2030,sc01,10-08 10:00:00+02:00,bus073,0.0
2030,sc01,10-08 10:00:00+02:00,bus052,0.0
2030,sc01,10-08 10:00:00+02:00,bus096,0.0
2030,sc01,10-08 10:00:00+02:00,bus050,0.0
2030,sc01,10-08 10:00:00+02:00,bus011,0.0
2030,sc01,10-08 10:00:00+02:00,bus055,0.0
2030,sc01,10-08 10:00:00+02:00,bus083,0.0
2030,sc01,10-08 10:00:00+02:00,bus081,0.0
2030,sc01,10-08 10:00:00+02:00,bus022,0.0
2030,sc01,10-08 10:00:00+02:00,bus071,0.0
2030,sc01,10-08 10:00:00+02:00,bus074,0.0
2030,sc01,10-08 10:00:00+02:00,bus040,0.0
2030,sc01,10-08 10:00:00+02:00,bus099,0.0
2030,sc01,10-08 10:00:00+02:00,bus030,0.0
2030,sc01,10-08 10:00:00+02:00,bus098,0.0
2030,sc01,10-08 10:00:00+02:00,bus053,0.0
2030,sc01,10-08 10:00:00+02:00,bus085,0.0
2030,sc01,10-08 10:00:00+02:00,bus101,0.0
2030,sc01,10-08 10:00:00+02:00,bus018,0.0
2030,sc01,10-08 10:00:00+02:00,bus023,0.0
2030,sc01,10-08 10:00:00+02:00,bus088,0.0
2030,sc01,10-08 10:00:00+02:00,bus116,0.0
2030,sc01,10-08 10:00:00+02:00,bus103,0.0
2030,sc01,10-08 10:00:00+02:00,bus008,0.0
2030,sc01,10-08 10:00:00+02:00,bus105,0.0
2030,sc01,10-08 10:00:00+02:00,bus060,0.0
2030,sc01,10-08 10:00:00+02:00,bus016,0.0
2030,sc01,10-08 10:00:00+02:00,bus082,0.0
2030,sc01,10-08 10:00:00+02:00,bus047,0.0
2030,sc01,10-08 10:00:00+02:00,bus019,0.0
2030,sc01,10-08 10:00:00+02:00,bus037,0.0
2030,sc01,10-08 10:00:00+02:00,bus006,0.0
2030,sc01,10-08 10:00:00+02:00,bus080,0.0
2030,sc01,10-08 10:00:00+02:00,bus031,0.0
2030,sc01,10-08 10:00:00+02:00,bus048,0.0
2030,sc01,10-08 10:00:00+02:00,bus107,0.0
2030,sc01,10-08 10:00:00+02:00,bus049,0.0
2030,sc01,10-08 10:00:00+02:00,bus104,0.0
2030,sc01,10-08 10:00:00+02:00,bus100,0.0
2030,sc01,10-08 10:00:00+02:00,bus072,0.0
2030,sc01,10-08 10:00:00+02:00,bus039,0.0
2030,sc01,10-08 10:00:00+02:00,bus012,0.0
2030,sc01,10-08 10:00:00+02:00,bus114,0.0
2030,sc01,10-08 10:00:00+02:00,bus112,0.0
2030,sc01,10-08 10:00:00+02:00,bus058,0.0
2030,sc01,10-08 10:00:00+02:00,bus089,0.0
2030,sc01,10-08 10:00:00+02:00,bus051,0.0
2030,sc01,10-08 10:00:00+02:00,bus056,0.0
2030,sc01,10-08 10:00:00+02:00,bus092,0.0
2030,sc01,10-08 10:00:00+02:00,bus036,0.0
2030,sc01,10-08 10:00:00+02:00,bus094,0.0
2030,sc01,10-08 10:00:00+02:00,bus095,0.0
2030,sc01,10-08 10:00:00+02:00,bus113,0.0
2030,sc01,10-08 10:00:00+02:00,bus024,0.0
2030,sc01,10-08 10:00:00+02:00,bus078,0.0
2030,sc01,10-08 10:00:00+02:00,bus033,0.0
2030,sc01,10-08 10:00:00+02:00,bus079,0.0
2030,sc01,10-08 10:00:00+02:00,bus061,0.0
2030,sc01,10-08 10:00:00+02:00,bus118,0.0
2030,sc01,10-08 10:00:00+02:00,bus003,0.0
2030,sc01,10-08 10:00:00+02:00,bus070,0.0
2030,sc01,10-08 10:00:00+02:00,bus004,0.0
2030,sc01,10-08 10:00:00+02:00,bus021,0.0
2030,sc01,10-08 10:00:00+02:00,bus068,0.0
2030,sc01,10-08 10:00:00+02:00,bus028,0.0
2030,sc01,10-08 10:00:00+02:00,bus034,0.0
2030,sc01,10-08 10:00:00+02:00,bus075,0.0
2030,sc01,10-08 10:00:00+02:00,bus064,0.0
2030,sc01,10-08 10:00:00+02:00,bus106,0.0
2030,sc01,10-08 10:00:00+02:00,bus076,0.0
2030,sc01,10-08 10:00:00+02:00,bus046,0.0
2030,sc01,10-08 10:00:00+02:00,bus007,0.0
2030,sc01,10-08 10:00:00+02:00,bus035,0.0
2030,sc01,10-08 10:00:00+02:00,bus117,0.0
2030,sc01,10-08 10:00:00+02:00,bus041,0.0
2030,sc01,10-08 10:00:00+02:00,bus102,0.0
2030,sc01,10-08 10:00:00+02:00,bus026,0.0
2030,sc01,10-08 10:00:00+02:00,bus077,0.0
2030,sc01,10-08 10:00:00+02:00,bus044,0.0
2030,sc01,10-08 10:00:00+02:00,bus091,0.0
2030,sc01,10-08 10:00:00+02:00,bus062,0.0
2030,sc01,10-09 05:00:00+02:00,bus093,0.0
2030,sc01,10-09 05:00:00+02:00,bus097,0.0
2030,sc01,10-09 05:00:00+02:00,bus110,0.0
2030,sc01,10-09 05:00:00+02:00,bus042,0.0
2030,sc01,10-09 05:00:00+02:00,bus066,0.0
2030,sc01,10-09 05:00:00+02:00,bus059,0.0
2030,sc01,10-09 05:00:00+02:00,bus057,0.0
2030,sc01,10-09 05:00:00+02:00,bus067,0.0
2030,sc01,10-09 05:00:00+02:00,bus069,0.0
2030,sc01,10-09 05:00:00+02:00,bus014,0.0
2030,sc01,10-09 05:00:00+02:00,bus090,0.0
2030,sc01,10-09 05:00:00+02:00,bus002,0.0
2030,sc01,10-09 05:00:00+02:00,bus005,0.0
2030,sc01,10-09 05:00:00+02:00,bus109,0.0
2030,sc01,10-09 05:00:00+02:00,bus020,0.0
2030,sc01,10-09 05:00:00+02:00,bus065,0.0
2030,sc01,10-09 05:00:00+02:00,bus001,0.0
2030,sc01,10-09 05:00:00+02:00,bus017,0.0
2030,sc01,10-09 05:00:00+02:00,bus015,0.0
2030,sc01,10-09 05:00:00+02:00,bus054,0.0
2030,sc01,10-09 05:00:00+02:00,bus086,0.0
2030,sc01,10-09 05:00:00+02:00,bus032,0.0
2030,sc01,10-09 05:00:00+02:00,bus038,0.0
2030,sc01,10-09 05:00:00+02:00,bus108,0.0
2030,sc01,10-09 05:00:00+02:00,bus087,0.0
2030,sc01,10-09 05:00:00+02:00,bus027,0.0
2030,sc01,10-09 05:00:00+02:00,bus111,0.0
2030,sc01,10-09 05:00:00+02:00,bus025,0.0
2030,sc01,10-09 05:00:00+02:00,bus029,0.0
2030,sc01,10-09 05:00:00+02:00,bus009,0.0
2030,sc01,10-09 05:00:00+02:00,bus043,0.0
2030,sc01,10-09 05:00:00+02:00,bus045,0.0
2030,sc01,10-09 05:00:00+02:00,bus084,0.0
2030,sc01,10-09 05:00:00+02:00,bus013,0.0
2030,sc01,10-09 05:00:00+02:00,bus063,0.0
2030,sc01,10-09 05:00:00+02:00,bus115,0.0
2030,sc01,10-09 05:00:00+02:00,bus010,0.0
2030,sc01,10-09 05:00:00+02:00,bus073,0.0
2030,sc01,10-09 05:00:00+02:00,bus052,0.0
2030,sc01,10-09 05:00:00+02:00,bus096,0.0
2030,sc01,10-09 05:00:00+02:00,bus050,0.0
2030,sc01,10-09 05:00:00+02:00,bus011,0.0
2030,sc01,10-09 05:00:00+02:00,bus055,0.0
2030,sc01,10-09 05:00:00+02:00,bus083,0.0
2030,sc01,10-09 05:00:00+02:00,bus081,0.0
2030,sc01,10-09 05:00:00+02:00,bus022,0.0
2030,sc01,10-09 05:00:00+02:00,bus071,0.0
2030,sc01,10-09 05:00:00+02:00,bus074,0.0
2030,sc01,10-09 05:00:00+02:00,bus040,0.0
2030,sc01,10-09 05:00:00+02:00,bus099,0.0
2030,sc01,10-09 05:00:00+02:00,bus030,0.0
2030,sc01,10-09 05:00:00+02:00,bus098,0.0
2030,sc01,10-09 05:00:00+02:00,bus053,0.0
2030,sc01,10-09 05:00:00+02:00,bus085,0.0
2030,sc01,10-09 05:00:00+02:00,bus101,0.0
2030,sc01,10-09 05:00:00+02:00,bus018,0.0
2030,sc01,10-09 05:00:00+02:00,bus023,0.0
2030,sc01,10-09 05:00:00+02:00,bus088,0.0
2030,sc01,10-09 05:00:00+02:00,bus116,0.0
2030,sc01,10-09 05:00:00+02:00,bus103,0.0
2030,sc01,10-09 05:00:00+02:00,bus008,0.0
2030,sc01,10-09 05:00:00+02:00,bus105,0.0
2030,sc01,10-09 05:00:00+02:00,bus060,0.0
2030,sc01,10-09 05:00:00+02:00,bus016,0.0
2030,sc01,10-09 05:00:00+02:00,bus082,0.0
2030,sc01,10-09 05:00:00+02:00,bus047,0.0
2030,sc01,10-09 05:00:00+02:00,bus019,0.0
2030,sc01,10-09 05:00:00+02:00,bus037,0.0
2030,sc01,10-09 05:00:00+02:00,bus006,0.0
2030,sc01,10-09 05:00:00+02:00,bus080,0.0
2030,sc01,10-09 05:00:00+02:00,bus031,0.0
2030,sc01,10-09 05:00:00+02:00,bus048,0.0
2030,sc01,10-09 05:00:00+02:00,bus107,0.0
2030,sc01,10-09 05:00:00+02:00,bus049,0.0
2030,sc01,10-09 05:00:00+02:00,bus104,0.0
2030,sc01,10-09 05:00:00+02:00,bus100,0.0
2030,sc01,10-09 05:00:00+02:00,bus072,0.0
2030,sc01,10-09 05:00:00+02:00,bus039,0.0
2030,sc01,10-09 05:00:00+02:00,bus012,0.0
2030,sc01,10-09 05:00:00+02:00,bus114,0.0
2030,sc01,10-09 05:00:00+02:00,bus112,0.0
2030,sc01,10-09 05:00:00+02:00,bus058,0.0
2030,sc01,10-09 05:00:00+02:00,bus089,0.0
2030,sc01,10-09 05:00:00+02:00,bus051,0.0
2030,sc01,10-09 05:00:00+02:00,bus056,0.0
2030,sc01,10-09 05:00:00+02:00,bus092,0.0
2030,sc01,10-09 05:00:00+02:00,bus036,0.0
2030,sc01,10-09 05:00:00+02:00,bus094,0.0
2030,sc01,10-09 05:00:00+02:00,bus095,0.0
2030,sc01,10-09 05:00:00+02:00,bus113,0.0
2030,sc01,10-09 05:00:00+02:00,bus024,0.0
2030,sc01,10-09 05:00:00+02:00,bus078,0.0
2030,sc01,10-09 05:00:00+02:00,bus033,0.0
2030,sc01,10-09 05:00:00+02:00,bus079,0.0
2030,sc01,10-09 05:00:00+02:00,bus061,0.0
2030,sc01,10-09 05:00:00+02:00,bus118,0.0
2030,sc01,10-09 05:00:00+02:00,bus003,0.0
2030,sc01,10-09 05:00:00+02:00,bus070,0.0
2030,sc01,10-09 05:00:00+02:00,bus004,0.0
2030,sc01,10-09 05:00:00+02:00,bus021,0.0
2030,sc01,10-09 05:00:00+02:00,bus068,0.0
2030,sc01,10-09 05:00:00+02:00,bus028,0.0
2030,sc01,10-09 05:00:00+02:00,bus034,0.0
2030,sc01,10-09 05:00:00+02:00,bus075,0.0
2030,sc01,10-09 05:00:00+02:00,bus064,0.0
2030,sc01,10-09 05:00:00+02:00,bus106,0.0
2030,sc01,10-09 05:00:00+02:00,bus076,0.0
2030,sc01,10-09 05:00:00+02:00,bus046,0.0
2030,sc01,10-09 05:00:00+02:00,bus007,0.0
2030,sc01,10-09 05:00:00+02:00,bus035,0.0
2030,sc01,10-09 05:00:00+02:00,bus117,0.0
2030,sc01,10-09 05:00:00+02:00,bus041,0.0
2030,sc01,10-09 05:00:00+02:00,bus102,0.0
2030,sc01,10-09 05:00:00+02:00,bus026,0.0
2030,sc01,10-09 05:00:00+02:00,bus077,0.0
2030,sc01,10-09 05:00:00+02:00,bus044,0.0
2030,sc01,10-09 05:00:00+02:00,bus091,0.0
2030,sc01,10-09 05:00:00+02:00,bus062,0.0
2030,sc01,10-09 17:00:00+02:00,bus093,0.0
2030,sc01,10-09 17:00:00+02:00,bus097,0.0
2030,sc01,10-09 17:00:00+02:00,bus110,0.0
2030,sc01,10-09 17:00:00+02:00,bus042,0.0
2030,sc01,10-09 17:00:00+02:00,bus066,0.0
2030,sc01,10-09 17:00:00+02:00,bus059,0.0
2030,sc01,10-09 17:00:00+02:00,bus057,0.0
2030,sc01,10-09 17:00:00+02:00,bus067,0.0
2030,sc01,10-09 17:00:00+02:00,bus069,0.0
2030,sc01,10-09 17:00:00+02:00,bus014,0.0
2030,sc01,10-09 17:00:00+02:00,bus090,0.0
2030,sc01,10-09 17:00:00+02:00,bus002,0.0
2030,sc01,10-09 17:00:00+02:00,bus005,0.0
2030,sc01,10-09 17:00:00+02:00,bus109,0.0
2030,sc01,10-09 17:00:00+02:00,bus020,0.0
2030,sc01,10-09 17:00:00+02:00,bus065,0.0
2030,sc01,10-09 17:00:00+02:00,bus001,0.0
2030,sc01,10-09 17:00:00+02:00,bus017,0.0
2030,sc01,10-09 17:00:00+02:00,bus015,0.0
2030,sc01,10-09 17:00:00+02:00,bus054,0.0
2030,sc01,10-09 17:00:00+02:00,bus086,0.0
2030,sc01,10-09 17:00:00+02:00,bus032,0.0
2030,sc01,10-09 17:00:00+02:00,bus038,0.0
2030,sc01,10-09 17:00:00+02:00,bus108,0.0
2030,sc01,10-09 17:00:00+02:00,bus087,0.0
2030,sc01,10-09 17:00:00+02:00,bus027,0.0
2030,sc01,10-09 17:00:00+02:00,bus111,0.0
2030,sc01,10-09 17:00:00+02:00,bus025,0.0
2030,sc01,10-09 17:00:00+02:00,bus029,0.0
2030,sc01,10-09 17:00:00+02:00,bus009,0.0
2030,sc01,10-09 17:00:00+02:00,bus043,0.0
2030,sc01,10-09 17:00:00+02:00,bus045,0.0
2030,sc01,10-09 17:00:00+02:00,bus084,0.0
2030,sc01,10-09 17:00:00+02:00,bus013,0.0
2030,sc01,10-09 17:00:00+02:00,bus063,0.0
2030,sc01,10-09 17:00:00+02:00,bus115,0.0
2030,sc01,10-09 17:00:00+02:00,bus010,0.0
2030,sc01,10-09 17:00:00+02:00,bus073,0.0
2030,sc01,10-09 17:00:00+02:00,bus052,0.0
2030,sc01,10-09 17:00:00+02:00,bus096,0.0
2030,sc01,10-09 17:00:00+02:00,bus050,0.0
2030,sc01,10-09 17:00:00+02:00,bus011,0.0
2030,sc01,10-09 17:00:00+02:00,bus055,0.0
2030,sc01,10-09 17:00:00+02:00,bus083,0.0
2030,sc01,10-09 17:00:00+02:00,bus081,0.0
2030,sc01,10-09 17:00:00+02:00,bus022,0.0
2030,sc01,10-09 17:00:00+02:00,bus071,0.0
2030,sc01,10-09 17:00:00+02:00,bus074,0.0
2030,sc01,10-09 17:00:00+02:00,bus040,0.0
2030,sc01,10-09 17:00:00+02:00,bus099,0.0
2030,sc01,10-09 17:00:00+02:00,bus030,0.0
2030,sc01,10-09 17:00:00+02:00,bus098,0.0
2030,sc01,10-09 17:00:00+02:00,bus053,0.0
2030,sc01,10-09 17:00:00+02:00,bus085,0.0
2030,sc01,10-09 17:00:00+02:00,bus101,0.0
2030,sc01,10-09 17:00:00+02:00,bus018,0.0
2030,sc01,10-09 17:00:00+02:00,bus023,0.0
2030,sc01,10-09 17:00:00+02:00,bus088,0.0
2030,sc01,10-09 17:00:00+02:00,bus116,0.0
2030,sc01,10-09 17:00:00+02:00,bus103,0.0
2030,sc01,10-09 17:00:00+02:00,bus008,0.0
2030,sc01,10-09 17:00:00+02:00,bus105,0.0
2030,sc01,10-09 17:00:00+02:00,bus060,0.0
2030,sc01,10-09 17:00:00+02:00,bus016,0.0
2030,sc01,10-09 17:00:00+02:00,bus082,0.0
2030,sc01,10-09 17:00:00+02:00,bus047,0.0
2030,sc01,10-09 17:00:00+02:00,bus019,0.0
2030,sc01,10-09 17:00:00+02:00,bus037,0.0
2030,sc01,10-09 17:00:00+02:00,bus006,0.0
2030,sc01,10-09 17:00:00+02:00,bus080,0.0
2030,sc01,10-09 17:00:00+02:00,bus031,0.0
2030,sc01,10-09 17:00:00+02:00,bus048,0.0
2030,sc01,10-09 17:00:00+02:00,bus107,0.0
2030,sc01,10-09 17:00:00+02:00,bus049,0.0
2030,sc01,10-09 17:00:00+02:00,bus104,0.0
2030,sc01,10-09 17:00:00+02:00,bus100,0.0
2030,sc01,10-09 17:00:00+02:00,bus072,0.0
2030,sc01,10-09 17:00:00+02:00,bus039,0.0
2030,sc01,10-09 17:00:00+02:00,bus012,0.0
2030,sc01,10-09 17:00:00+02:00,bus114,0.0
2030,sc01,10-09 17:00:00+02:00,bus112,0.0
2030,sc01,10-09 17:00:00+02:00,bus058,0.0
2030,sc01,10-09 17:00:00+02:00,bus089,0.0
2030,sc01,10-09 17:00:00+02:00,bus051,0.0
2030,sc01,10-09 17:00:00+02:00,bus056,0.0
2030,sc01,10-09 17:00:00+02:00,bus092,0.0
2030,sc01,10-09 17:00:00+02:00,bus036,0.0
2030,sc01,10-09 17:00:00+02:00,bus094,0.0
2030,sc01,10-09 17:00:00+02:00,bus095,0.0
2030,sc01,10-09 17:00:00+02:00,bus113,0.0
2030,sc01,10-09 17:00:00+02:00,bus024,0.0
2030,sc01,10-09 17:00:00+02:00,bus078,0.0
2030,sc01,10-09 17:00:00+02:00,bus033,0.0
2030,sc01,10-09 17:00:00+02:00,bus079,0.0
2030,sc01,10-09 17:00:00+02:00,bus061,0.0
2030,sc01,10-09 17:00:00+02:00,bus118,0.0
2030,sc01,10-09 17:00:00+02:00,bus003,0.0
2030,sc01,10-09 17:00:00+02:00,bus070,0.0
2030,sc01,10-09 17:00:00+02:00,bus004,0.0
2030,sc01,10-09 17:00:00+02:00,bus021,0.0
2030,sc01,10-09 17:00:00+02:00,bus068,0.0
2030,sc01,10-09 17:00:00+02:00,bus028,0.0
2030,sc01,10-09 17:00:00+02:00,bus034,0.0
2030,sc01,10-09 17:00:00+02:00,bus075,0.0
2030,sc01,10-09 17:00:00+02:00,bus064,0.0
2030,sc01,10-09 17:00:00+02:00,bus106,0.0
2030,sc01,10-09 17:00:00+02:00,bus076,0.0
2030,sc01,10-09 17:00:00+02:00,bus046,0.0
2030,sc01,10-09 17:00:00+02:00,bus007,0.0
2030,sc01,10-09 17:00:00+02:00,bus035,0.0
2030,sc01,10-09 17:00:00+02:00,bus117,0.0
2030,sc01,10-09 17:00:00+02:00,bus041,0.0
2030,sc01,10-09 17:00:00+02:00,bus102,0.0
2030,sc01,10-09 17:00:00+02:00,bus026,0.0
2030,sc01,10-09 17:00:00+02:00,bus077,0.0
2030,sc01,10-09 17:00:00+02:00,bus044,0.0
2030,sc01,10-09 17:00:00+02:00,bus091,0.0
2030,sc01,10-09 17:00:00+02:00,bus062,0.0
2030,sc01,10-10 07:00:00+02:00,bus093,0.0
2030,sc01,10-10 07:00:00+02:00,bus097,0.0
2030,sc01,10-10 07:00:00+02:00,bus110,0.0
2030,sc01,10-10 07:00:00+02:00,bus042,0.0
2030,sc01,10-10 07:00:00+02:00,bus066,0.0
2030,sc01,10-10 07:00:00+02:00,bus059,0.0
2030,sc01,10-10 07:00:00+02:00,bus057,0.0
2030,sc01,10-10 07:00:00+02:00,bus067,0.0
2030,sc01,10-10 07:00:00+02:00,bus069,0.0
2030,sc01,10-10 07:00:00+02:00,bus014,0.0
2030,sc01,10-10 07:00:00+02:00,bus090,0.0
2030,sc01,10-10 07:00:00+02:00,bus002,0.0
2030,sc01,10-10 07:00:00+02:00,bus005,0.0
2030,sc01,10-10 07:00:00+02:00,bus109,0.0
2030,sc01,10-10 07:00:00+02:00,bus020,0.0
2030,sc01,10-10 07:00:00+02:00,bus065,0.0
2030,sc01,10-10 07:00:00+02:00,bus001,0.0
2030,sc01,10-10 07:00:00+02:00,bus017,0.0
2030,sc01,10-10 07:00:00+02:00,bus015,0.0
2030,sc01,10-10 07:00:00+02:00,bus054,0.0
2030,sc01,10-10 07:00:00+02:00,bus086,0.0
2030,sc01,10-10 07:00:00+02:00,bus032,0.0
2030,sc01,10-10 07:00:00+02:00,bus038,0.0
2030,sc01,10-10 07:00:00+02:00,bus108,0.0
2030,sc01,10-10 07:00:00+02:00,bus087,0.0
2030,sc01,10-10 07:00:00+02:00,bus027,0.0
2030,sc01,10-10 07:00:00+02:00,bus111,0.0
2030,sc01,10-10 07:00:00+02:00,bus025,0.0
2030,sc01,10-10 07:00:00+02:00,bus029,0.0
2030,sc01,10-10 07:00:00+02:00,bus009,0.0
2030,sc01,10-10 07:00:00+02:00,bus043,0.0
2030,sc01,10-10 07:00:00+02:00,bus045,0.0
2030,sc01,10-10 07:00:00+02:00,bus084,0.0
2030,sc01,10-10 07:00:00+02:00,bus013,0.0
2030,sc01,10-10 07:00:00+02:00,bus063,0.0
2030,sc01,10-10 07:00:00+02:00,bus115,0.0
2030,sc01,10-10 07:00:00+02:00,bus010,0.0
2030,sc01,10-10 07:00:00+02:00,bus073,0.0
2030,sc01,10-10 07:00:00+02:00,bus052,0.0
2030,sc01,10-10 07:00:00+02:00,bus096,0.0
2030,sc01,10-10 07:00:00+02:00,bus050,0.0
2030,sc01,10-10 07:00:00+02:00,bus011,0.0
2030,sc01,10-10 07:00:00+02:00,bus055,0.0
2030,sc01,10-10 07:00:00+02:00,bus083,0.0
2030,sc01,10-10 07:00:00+02:00,bus081,0.0
2030,sc01,10-10 07:00:00+02:00,bus022,0.0
2030,sc01,10-10 07:00:00+02:00,bus071,0.0
2030,sc01,10-10 07:00:00+02:00,bus074,0.0
2030,sc01,10-10 07:00:00+02:00,bus040,0.0
2030,sc01,10-10 07:00:00+02:00,bus099,0.0
2030,sc01,10-10 07:00:00+02:00,bus030,0.0
2030,sc01,10-10 07:00:00+02:00,bus098,0.0
2030,sc01,10-10 07:00:00+02:00,bus053,0.0
2030,sc01,10-10 07:00:00+02:00,bus085,0.0
2030,sc01,10-10 07:00:00+02:00,bus101,0.0
2030,sc01,10-10 07:00:00+02:00,bus018,0.0
2030,sc01,10-10 07:00:00+02:00,bus023,0.0
2030,sc01,10-10 07:00:00+02:00,bus088,0.0
2030,sc01,10-10 07:00:00+02:00,bus116,0.0
2030,sc01,10-10 07:00:00+02:00,bus103,0.0
2030,sc01,10-10 07:00:00+02:00,bus008,0.0
2030,sc01,10-10 07:00:00+02:00,bus105,0.0
2030,sc01,10-10 07:00:00+02:00,bus060,0.0
2030,sc01,10-10 07:00:00+02:00,bus016,0.0
2030,sc01,10-10 07:00:00+02:00,bus082,0.0
2030,sc01,10-10 07:00:00+02:00,bus047,0.0
2030,sc01,10-10 07:00:00+02:00,bus019,0.0
2030,sc01,10-10 07:00:00+02:00,bus037,0.0
2030,sc01,10-10 07:00:00+02:00,bus006,0.0
2030,sc01,10-10 07:00:00+02:00,bus080,0.0
2030,sc01,10-10 07:00:00+02:00,bus031,0.0
2030,sc01,10-10 07:00:00+02:00,bus048,0.0
2030,sc01,10-10 07:00:00+02:00,bus107,0.0
2030,sc01,10-10 07:00:00+02:00,bus049,0.0
2030,sc01,10-10 07:00:00+02:00,bus104,0.0
2030,sc01,10-10 07:00:00+02:00,bus100,0.0
2030,sc01,10-10 07:00:00+02:00,bus072,0.0
2030,sc01,10-10 07:00:00+02:00,bus039,0.0
2030,sc01,10-10 07:00:00+02:00,bus012,0.0
2030,sc01,10-10 07:00:00+02:00,bus114,0.0
2030,sc01,10-10 07:00:00+02:00,bus112,0.0
2030,sc01,10-10 07:00:00+02:00,bus058,0.0
2030,sc01,10-10 07:00:00+02:00,bus089,0.0
2030,sc01,10-10 07:00:00+02:00,bus051,0.0
2030,sc01,10-10 07:00:00+02:00,bus056,0.0
2030,sc01,10-10 07:00:00+02:00,bus092,0.0
2030,sc01,10-10 07:00:00+02:00,bus036,0.0
2030,sc01,10-10 07:00:00+02:00,bus094,0.0
2030,sc01,10-10 07:00:00+02:00,bus095,0.0
2030,sc01,10-10 07:00:00+02:00,bus113,0.0
2030,sc01,10-10 07:00:00+02:00,bus024,0.0
2030,sc01,10-10 07:00:00+02:00,bus078,0.0
2030,sc01,10-10 07:00:00+02:00,bus033,0.0
2030,sc01,10-10 07:00:00+02:00,bus079,0.0
2030,sc01,10-10 07:00:00+02:00,bus061,0.0
2030,sc01,10-10 07:00:00+02:00,bus118,0.0
2030,sc01,10-10 07:00:00+02:00,bus003,0.0
2030,sc01,10-10 07:00:00+02:00,bus070,0.0
2030,sc01,10-10 07:00:00+02:00,bus004,0.0
2030,sc01,10-10 07:00:00+02:00,bus021,0.0
2030,sc01,10-10 07:00:00+02:00,bus068,0.0
2030,sc01,10-10 07:00:00+02:00,bus028,0.0
2030,sc01,10-10 07:00:00+02:00,bus034,0.0
2030,sc01,10-10 07:00:00+02:00,bus075,0.0
2030,sc01,10-10 07:00:00+02:00,bus064,0.0
2030,sc01,10-10 07:00:00+02:00,bus106,0.0
2030,sc01,10-10 07:00:00+02:00,bus076,0.0
2030,sc01,10-10 07:00:00+02:00,bus046,0.0
2030,sc01,10-10 07:00:00+02:00,bus007,0.0
2030,sc01,10-10 07:00:00+02:00,bus035,0.0
2030,sc01,10-10 07:00:00+02:00,bus117,0.0
2030,sc01,10-10 07:00:00+02:00,bus041,0.0
2030,sc01,10-10 07:00:00+02:00,bus102,0.0
2030,sc01,10-10 07:00:00+02:00,bus026,0.0
2030,sc01,10-10 07:00:00+02:00,bus077,0.0
2030,sc01,10-10 07:00:00+02:00,bus044,0.0
2030,sc01,10-10 07:00:00+02:00,bus091,0.0
2030,sc01,10-10 07:00:00+02:00,bus062,0.0
2030,sc01,10-11 14:00:00+02:00,bus093,0.0
2030,sc01,10-11 14:00:00+02:00,bus097,0.0
2030,sc01,10-11 14:00:00+02:00,bus110,0.0
2030,sc01,10-11 14:00:00+02:00,bus042,0.0
2030,sc01,10-11 14:00:00+02:00,bus066,0.0
2030,sc01,10-11 14:00:00+02:00,bus059,0.0
2030,sc01,10-11 14:00:00+02:00,bus057,0.0
2030,sc01,10-11 14:00:00+02:00,bus067,0.0
2030,sc01,10-11 14:00:00+02:00,bus069,0.0
2030,sc01,10-11 14:00:00+02:00,bus014,0.0
2030,sc01,10-11 14:00:00+02:00,bus090,0.0
2030,sc01,10-11 14:00:00+02:00,bus002,0.0
2030,sc01,10-11 14:00:00+02:00,bus005,0.0
2030,sc01,10-11 14:00:00+02:00,bus109,0.0
2030,sc01,10-11 14:00:00+02:00,bus020,0.0
2030,sc01,10-11 14:00:00+02:00,bus065,0.0
2030,sc01,10-11 14:00:00+02:00,bus001,0.0
2030,sc01,10-11 14:00:00+02:00,bus017,0.0
2030,sc01,10-11 14:00:00+02:00,bus015,0.0
2030,sc01,10-11 14:00:00+02:00,bus054,0.0
2030,sc01,10-11 14:00:00+02:00,bus086,0.0
2030,sc01,10-11 14:00:00+02:00,bus032,0.0
2030,sc01,10-11 14:00:00+02:00,bus038,0.0
2030,sc01,10-11 14:00:00+02:00,bus108,0.0
2030,sc01,10-11 14:00:00+02:00,bus087,0.0
2030,sc01,10-11 14:00:00+02:00,bus027,0.0
2030,sc01,10-11 14:00:00+02:00,bus111,0.0
2030,sc01,10-11 14:00:00+02:00,bus025,0.0
2030,sc01,10-11 14:00:00+02:00,bus029,0.0
2030,sc01,10-11 14:00:00+02:00,bus009,0.0
2030,sc01,10-11 14:00:00+02:00,bus043,0.0
2030,sc01,10-11 14:00:00+02:00,bus045,0.0
2030,sc01,10-11 14:00:00+02:00,bus084,0.0
2030,sc01,10-11 14:00:00+02:00,bus013,0.0
2030,sc01,10-11 14:00:00+02:00,bus063,0.0
2030,sc01,10-11 14:00:00+02:00,bus115,0.0
2030,sc01,10-11 14:00:00+02:00,bus010,0.0
2030,sc01,10-11 14:00:00+02:00,bus073,0.0
2030,sc01,10-11 14:00:00+02:00,bus052,0.0
2030,sc01,10-11 14:00:00+02:00,bus096,0.0
2030,sc01,10-11 14:00:00+02:00,bus050,0.0
2030,sc01,10-11 14:00:00+02:00,bus011,0.0
2030,sc01,10-11 14:00:00+02:00,bus055,0.0
2030,sc01,10-11 14:00:00+02:00,bus083,0.0
2030,sc01,10-11 14:00:00+02:00,bus081,0.0
2030,sc01,10-11 14:00:00+02:00,bus022,0.0
2030,sc01,10-11 14:00:00+02:00,bus071,0.0
2030,sc01,10-11 14:00:00+02:00,bus074,0.0
2030,sc01,10-11 14:00:00+02:00,bus040,0.0
2030,sc01,10-11 14:00:00+02:00,bus099,0.0
2030,sc01,10-11 14:00:00+02:00,bus030,0.0
2030,sc01,10-11 14:00:00+02:00,bus098,0.0
2030,sc01,10-11 14:00:00+02:00,bus053,0.0
2030,sc01,10-11 14:00:00+02:00,bus085,0.0
2030,sc01,10-11 14:00:00+02:00,bus101,0.0
2030,sc01,10-11 14:00:00+02:00,bus018,0.0
2030,sc01,10-11 14:00:00+02:00,bus023,0.0
2030,sc01,10-11 14:00:00+02:00,bus088,0.0
2030,sc01,10-11 14:00:00+02:00,bus116,0.0
2030,sc01,10-11 14:00:00+02:00,bus103,0.0
2030,sc01,10-11 14:00:00+02:00,bus008,0.0
2030,sc01,10-11 14:00:00+02:00,bus105,0.0
2030,sc01,10-11 14:00:00+02:00,bus060,0.0
2030,sc01,10-11 14:00:00+02:00,bus016,0.0
2030,sc01,10-11 14:00:00+02:00,bus082,0.0
2030,sc01,10-11 14:00:00+02:00,bus047,0.0
2030,sc01,10-11 14:00:00+02:00,bus019,0.0
2030,sc01,10-11 14:00:00+02:00,bus037,0.0
2030,sc01,10-11 14:00:00+02:00,bus006,0.0
2030,sc01,10-11 14:00:00+02:00,bus080,0.0
2030,sc01,10-11 14:00:00+02:00,bus031,0.0
2030,sc01,10-11 14:00:00+02:00,bus048,0.0
2030,sc01,10-11 14:00:00+02:00,bus107,0.0
2030,sc01,10-11 14:00:00+02:00,bus049,0.0
2030,sc01,10-11 14:00:00+02:00,bus104,0.0
2030,sc01,10-11 14:00:00+02:00,bus100,0.0
2030,sc01,10-11 14:00:00+02:00,bus072,0.0
2030,sc01,10-11 14:00:00+02:00,bus039,0.0
2030,sc01,10-11 14:00:00+02:00,bus012,0.0
2030,sc01,10-11 14:00:00+02:00,bus114,0.0
2030,sc01,10-11 14:00:00+02:00,bus112,0.0
2030,sc01,10-11 14:00:00+02:00,bus058,0.0
2030,sc01,10-11 14:00:00+02:00,bus089,0.0
2030,sc01,10-11 14:00:00+02:00,bus051,0.0
2030,sc01,10-11 14:00:00+02:00,bus056,0.0
2030,sc01,10-11 14:00:00+02:00,bus092,0.0
2030,sc01,10-11 14:00:00+02:00,bus036,0.0
2030,sc01,10-11 14:00:00+02:00,bus094,0.0
2030,sc01,10-11 14:00:00+02:00,bus095,0.0
2030,sc01,10-11 14:00:00+02:00,bus113,0.0
2030,sc01,10-11 14:00:00+02:00,bus024,0.0
2030,sc01,10-11 14:00:00+02:00,bus078,0.0
2030,sc01,10-11 14:00:00+02:00,bus033,0.0
2030,sc01,10-11 14:00:00+02:00,bus079,0.0
2030,sc01,10-11 14:00:00+02:00,bus061,0.0
2030,sc01,10-11 14:00:00+02:00,bus118,0.0
2030,sc01,10-11 14:00:00+02:00,bus003,0.0
2030,sc01,10-11 14:00:00+02:00,bus070,0.0
2030,sc01,10-11 14:00:00+02:00,bus004,0.0
2030,sc01,10-11 14:00:00+02:00,bus021,0.0
2030,sc01,10-11 14:00:00+02:00,bus068,0.0
2030,sc01,10-11 14:00:00+02:00,bus028,0.0
2030,sc01,10-11 14:00:00+02:00,bus034,0.0
2030,sc01,10-11 14:00:00+02:00,bus075,0.0
2030,sc01,10-11 14:00:00+02:00,bus064,0.0
2030,sc01,10-11 14:00:00+02:00,bus106,0.0
2030,sc01,10-11 14:00:00+02:00,bus076,0.0
2030,sc01,10-11 14:00:00+02:00,bus046,0.0
2030,sc01,10-11 14:00:00+02:00,bus007,0.0
2030,sc01,10-11 14:00:00+02:00,bus035,0.0
2030,sc01,10-11 14:00:00+02:00,bus117,0.0
2030,sc01,10-11 14:00:00+02:00,bus041,0.0
2030,sc01,10-11 14:00:00+02:00,bus102,0.0
2030,sc01,10-11 14:00:00+02:00,bus026,0.0
2030,sc01,10-11 14:00:00+02:00,bus077,0.0
2030,sc01,10-11 14:00:00+02:00,bus044,0.0
2030,sc01,10-11 14:00:00+02:00,bus091,0.0
2030,sc01,10-11 14:00:00+02:00,bus062,0.0
2030,sc01,10-11 15:00:00+02:00,bus093,0.0
2030,sc01,10-11 15:00:00+02:00,bus097,0.0
2030,sc01,10-11 15:00:00+02:00,bus110,0.0
2030,sc01,10-11 15:00:00+02:00,bus042,0.0
2030,sc01,10-11 15:00:00+02:00,bus066,0.0
2030,sc01,10-11 15:00:00+02:00,bus059,0.0
2030,sc01,10-11 15:00:00+02:00,bus057,0.0
2030,sc01,10-11 15:00:00+02:00,bus067,0.0
2030,sc01,10-11 15:00:00+02:00,bus069,0.0
2030,sc01,10-11 15:00:00+02:00,bus014,0.0
2030,sc01,10-11 15:00:00+02:00,bus090,0.0
2030,sc01,10-11 15:00:00+02:00,bus002,0.0
2030,sc01,10-11 15:00:00+02:00,bus005,0.0
2030,sc01,10-11 15:00:00+02:00,bus109,0.0
2030,sc01,10-11 15:00:00+02:00,bus020,0.0
2030,sc01,10-11 15:00:00+02:00,bus065,0.0
2030,sc01,10-11 15:00:00+02:00,bus001,0.0
2030,sc01,10-11 15:00:00+02:00,bus017,0.0
2030,sc01,10-11 15:00:00+02:00,bus015,0.0
2030,sc01,10-11 15:00:00+02:00,bus054,0.0
2030,sc01,10-11 15:00:00+02:00,bus086,0.0
2030,sc01,10-11 15:00:00+02:00,bus032,0.0
2030,sc01,10-11 15:00:00+02:00,bus038,0.0
2030,sc01,10-11 15:00:00+02:00,bus108,0.0
2030,sc01,10-11 15:00:00+02:00,bus087,0.0
2030,sc01,10-11 15:00:00+02:00,bus027,0.0
2030,sc01,10-11 15:00:00+02:00,bus111,0.0
2030,sc01,10-11 15:00:00+02:00,bus025,0.0
2030,sc01,10-11 15:00:00+02:00,bus029,0.0
2030,sc01,10-11 15:00:00+02:00,bus009,0.0
2030,sc01,10-11 15:00:00+02:00,bus043,0.0
2030,sc01,10-11 15:00:00+02:00,bus045,0.0
2030,sc01,10-11 15:00:00+02:00,bus084,0.0
2030,sc01,10-11 15:00:00+02:00,bus013,0.0
2030,sc01,10-11 15:00:00+02:00,bus063,0.0
2030,sc01,10-11 15:00:00+02:00,bus115,0.0
2030,sc01,10-11 15:00:00+02:00,bus010,0.0
2030,sc01,10-11 15:00:00+02:00,bus073,0.0
2030,sc01,10-11 15:00:00+02:00,bus052,0.0
2030,sc01,10-11 15:00:00+02:00,bus096,0.0
2030,sc01,10-11 15:00:00+02:00,bus050,0.0
2030,sc01,10-11 15:00:00+02:00,bus011,0.0
2030,sc01,10-11 15:00:00+02:00,bus055,0.0
2030,sc01,10-11 15:00:00+02:00,bus083,0.0
2030,sc01,10-11 15:00:00+02:00,bus081,0.0
2030,sc01,10-11 15:00:00+02:00,bus022,0.0
2030,sc01,10-11 15:00:00+02:00,bus071,0.0
2030,sc01,10-11 15:00:00+02:00,bus074,0.0
2030,sc01,10-11 15:00:00+02:00,bus040,0.0
2030,sc01,10-11 15:00:00+02:00,bus099,0.0
2030,sc01,10-11 15:00:00+02:00,bus030,0.0
2030,sc01,10-11 15:00:00+02:00,bus098,0.0
2030,sc01,10-11 15:00:00+02:00,bus053,0.0
2030,sc01,10-11 15:00:00+02:00,bus085,0.0
2030,sc01,10-11 15:00:00+02:00,bus101,0.0
2030,sc01,10-11 15:00:00+02:00,bus018,0.0
2030,sc01,10-11 15:00:00+02:00,bus023,0.0
2030,sc01,10-11 15:00:00+02:00,bus088,0.0
2030,sc01,10-11 15:00:00+02:00,bus116,0.0
2030,sc01,10-11 15:00:00+02:00,bus103,0.0
2030,sc01,10-11 15:00:00+02:00,bus008,0.0
2030,sc01,10-11 15:00:00+02:00,bus105,0.0
2030,sc01,10-11 15:00:00+02:00,bus060,0.0
2030,sc01,10-11 15:00:00+02:00,bus016,0.0
2030,sc01,10-11 15:00:00+02:00,bus082,0.0
2030,sc01,10-11 15:00:00+02:00,bus047,0.0
2030,sc01,10-11 15:00:00+02:00,bus019,0.0
2030,sc01,10-11 15:00:00+02:00,bus037,0.0
2030,sc01,10-11 15:00:00+02:00,bus006,0.0
2030,sc01,10-11 15:00:00+02:00,bus080,0.0
2030,sc01,10-11 15:00:00+02:00,bus031,0.0
2030,sc01,10-11 15:00:00+02:00,bus048,0.0
2030,sc01,10-11 15:00:00+02:00,bus107,0.0
2030,sc01,10-11 15:00:00+02:00,bus049,0.0
2030,sc01,10-11 15:00:00+02:00,bus104,0.0
2030,sc01,10-11 15:00:00+02:00,bus100,0.0
2030,sc01,10-11 15:00:00+02:00,bus072,0.0
2030,sc01,10-11 15:00:00+02:00,bus039,0.0
2030,sc01,10-11 15:00:00+02:00,bus012,0.0
2030,sc01,10-11 15:00:00+02:00,bus114,0.0
2030,sc01,10-11 15:00:00+02:00,bus112,0.0
2030,sc01,10-11 15:00:00+02:00,bus058,0.0
2030,sc01,10-11 15:00:00+02:00,bus089,0.0
2030,sc01,10-11 15:00:00+02:00,bus051,0.0
2030,sc01,10-11 15:00:00+02:00,bus056,0.0
2030,sc01,10-11 15:00:00+02:00,bus092,0.0
2030,sc01,10-11 15:00:00+02:00,bus036,0.0
2030,sc01,10-11 15:00:00+02:00,bus094,0.0
2030,sc01,10-11 15:00:00+02:00,bus095,0.0
2030,sc01,10-11 15:00:00+02:00,bus113,0.0
2030,sc01,10-11 15:00:00+02:00,bus024,0.0
2030,sc01,10-11 15:00:00+02:00,bus078,0.0
2030,sc01,10-11 15:00:00+02:00,bus033,0.0
2030,sc01,10-11 15:00:00+02:00,bus079,0.0
2030,sc01,10-11 15:00:00+02:00,bus061,0.0
2030,sc01,10-11 15:00:00+02:00,bus118,0.0
2030,sc01,10-11 15:00:00+02:00,bus003,0.0
2030,sc01,10-11 15:00:00+02:00,bus070,0.0
2030,sc01,10-11 15:00:00+02:00,bus004,0.0
2030,sc01,10-11 15:00:00+02:00,bus021,0.0
2030,sc01,10-11 15:00:00+02:00,bus068,0.0
2030,sc01,10-11 15:00:00+02:00,bus028,0.0
2030,sc01,10-11 15:00:00+02:00,bus034,0.0
2030,sc01,10-11 15:00:00+02:00,bus075,0.0
2030,sc01,10-11 15:00:00+02:00,bus064,0.0
2030,sc01,10-11 15:00:00+02:00,bus106,0.0
2030,sc01,10-11 15:00:00+02:00,bus076,0.0
2030,sc01,10-11 15:00:00+02:00,bus046,0.0
2030,sc01,10-11 15:00:00+02:00,bus007,0.0
2030,sc01,10-11 15:00:00+02:00,bus035,0.0
2030,sc01,10-11 15:00:00+02:00,bus117,0.0
2030,sc01,10-11 15:00:00+02:00,bus041,0.0
2030,sc01,10-11 15:00:00+02:00,bus102,0.0
2030,sc01,10-11 15:00:00+02:00,bus026,0.0
2030,sc01,10-11 15:00:00+02:00,bus077,0.0
2030,sc01,10-11 15:00:00+02:00,bus044,0.0
2030,sc01,10-11 15:00:00+02:00,bus091,0.0
2030,sc01,10-11 15:00:00+02:00,bus062,0.0
2030,sc01,10-12 04:00:00+02:00,bus093,0.0
2030,sc01,10-12 04:00:00+02:00,bus097,0.0
2030,sc01,10-12 04:00:00+02:00,bus110,0.0
2030,sc01,10-12 04:00:00+02:00,bus042,0.0
2030,sc01,10-12 04:00:00+02:00,bus066,0.0
2030,sc01,10-12 04:00:00+02:00,bus059,0.0
2030,sc01,10-12 04:00:00+02:00,bus057,0.0
2030,sc01,10-12 04:00:00+02:00,bus067,0.0
2030,sc01,10-12 04:00:00+02:00,bus069,0.0
2030,sc01,10-12 04:00:00+02:00,bus014,0.0
2030,sc01,10-12 04:00:00+02:00,bus090,0.0
2030,sc01,10-12 04:00:00+02:00,bus002,0.0
2030,sc01,10-12 04:00:00+02:00,bus005,0.0
2030,sc01,10-12 04:00:00+02:00,bus109,0.0
2030,sc01,10-12 04:00:00+02:00,bus020,0.0
2030,sc01,10-12 04:00:00+02:00,bus065,0.0
2030,sc01,10-12 04:00:00+02:00,bus001,0.0
2030,sc01,10-12 04:00:00+02:00,bus017,0.0
2030,sc01,10-12 04:00:00+02:00,bus015,0.0
2030,sc01,10-12 04:00:00+02:00,bus054,0.0
2030,sc01,10-12 04:00:00+02:00,bus086,0.0
2030,sc01,10-12 04:00:00+02:00,bus032,0.0
2030,sc01,10-12 04:00:00+02:00,bus038,0.0
2030,sc01,10-12 04:00:00+02:00,bus108,0.0
2030,sc01,10-12 04:00:00+02:00,bus087,0.0
2030,sc01,10-12 04:00:00+02:00,bus027,0.0
2030,sc01,10-12 04:00:00+02:00,bus111,0.0
2030,sc01,10-12 04:00:00+02:00,bus025,0.0
2030,sc01,10-12 04:00:00+02:00,bus029,0.0
2030,sc01,10-12 04:00:00+02:00,bus009,0.0
2030,sc01,10-12 04:00:00+02:00,bus043,0.0
2030,sc01,10-12 04:00:00+02:00,bus045,0.0
2030,sc01,10-12 04:00:00+02:00,bus084,0.0
2030,sc01,10-12 04:00:00+02:00,bus013,0.0
2030,sc01,10-12 04:00:00+02:00,bus063,0.0
2030,sc01,10-12 04:00:00+02:00,bus115,0.0
2030,sc01,10-12 04:00:00+02:00,bus010,0.0
2030,sc01,10-12 04:00:00+02:00,bus073,0.0
2030,sc01,10-12 04:00:00+02:00,bus052,0.0
2030,sc01,10-12 04:00:00+02:00,bus096,0.0
2030,sc01,10-12 04:00:00+02:00,bus050,0.0
2030,sc01,10-12 04:00:00+02:00,bus011,0.0
2030,sc01,10-12 04:00:00+02:00,bus055,0.0
2030,sc01,10-12 04:00:00+02:00,bus083,0.0
2030,sc01,10-12 04:00:00+02:00,bus081,0.0
2030,sc01,10-12 04:00:00+02:00,bus022,0.0
2030,sc01,10-12 04:00:00+02:00,bus071,0.0
2030,sc01,10-12 04:00:00+02:00,bus074,0.0
2030,sc01,10-12 04:00:00+02:00,bus040,0.0
2030,sc01,10-12 04:00:00+02:00,bus099,0.0
2030,sc01,10-12 04:00:00+02:00,bus030,0.0
2030,sc01,10-12 04:00:00+02:00,bus098,0.0
2030,sc01,10-12 04:00:00+02:00,bus053,0.0
2030,sc01,10-12 04:00:00+02:00,bus085,0.0
2030,sc01,10-12 04:00:00+02:00,bus101,0.0
2030,sc01,10-12 04:00:00+02:00,bus018,0.0
2030,sc01,10-12 04:00:00+02:00,bus023,0.0
2030,sc01,10-12 04:00:00+02:00,bus088,0.0
2030,sc01,10-12 04:00:00+02:00,bus116,0.0
2030,sc01,10-12 04:00:00+02:00,bus103,0.0
2030,sc01,10-12 04:00:00+02:00,bus008,0.0
2030,sc01,10-12 04:00:00+02:00,bus105,0.0
2030,sc01,10-12 04:00:00+02:00,bus060,0.0
2030,sc01,10-12 04:00:00+02:00,bus016,0.0
2030,sc01,10-12 04:00:00+02:00,bus082,0.0
2030,sc01,10-12 04:00:00+02:00,bus047,0.0
2030,sc01,10-12 04:00:00+02:00,bus019,0.0
2030,sc01,10-12 04:00:00+02:00,bus037,0.0
2030,sc01,10-12 04:00:00+02:00,bus006,0.0
2030,sc01,10-12 04:00:00+02:00,bus080,0.0
2030,sc01,10-12 04:00:00+02:00,bus031,0.0
2030,sc01,10-12 04:00:00+02:00,bus048,0.0
2030,sc01,10-12 04:00:00+02:00,bus107,0.0
2030,sc01,10-12 04:00:00+02:00,bus049,0.0
2030,sc01,10-12 04:00:00+02:00,bus104,0.0
2030,sc01,10-12 04:00:00+02:00,bus100,0.0
2030,sc01,10-12 04:00:00+02:00,bus072,0.0
2030,sc01,10-12 04:00:00+02:00,bus039,0.0
2030,sc01,10-12 04:00:00+02:00,bus012,0.0
2030,sc01,10-12 04:00:00+02:00,bus114,0.0
2030,sc01,10-12 04:00:00+02:00,bus112,0.0
2030,sc01,10-12 04:00:00+02:00,bus058,0.0
2030,sc01,10-12 04:00:00+02:00,bus089,0.0
2030,sc01,10-12 04:00:00+02:00,bus051,0.0
2030,sc01,10-12 04:00:00+02:00,bus056,0.0
2030,sc01,10-12 04:00:00+02:00,bus092,0.0
2030,sc01,10-12 04:00:00+02:00,bus036,0.0
2030,sc01,10-12 04:00:00+02:00,bus094,0.0
2030,sc01,10-12 04:00:00+02:00,bus095,0.0
2030,sc01,10-12 04:00:00+02:00,bus113,0.0
2030,sc01,10-12 04:00:00+02:00,bus024,0.0
2030,sc01,10-12 04:00:00+02:00,bus078,0.0
2030,sc01,10-12 04:00:00+02:00,bus033,0.0
2030,sc01,10-12 04:00:00+02:00,bus079,0.0
2030,sc01,10-12 04:00:00+02:00,bus061,0.0
2030,sc01,10-12 04:00:00+02:00,bus118,0.0
2030,sc01,10-12 04:00:00+02:00,bus003,0.0
2030,sc01,10-12 04:00:00+02:00,bus070,0.0
2030,sc01,10-12 04:00:00+02:00,bus004,0.0
2030,sc01,10-12 04:00:00+02:00,bus021,0.0
2030,sc01,10-12 04:00:00+02:00,bus068,0.0
2030,sc01,10-12 04:00:00+02:00,bus028,0.0
2030,sc01,10-12 04:00:00+02:00,bus034,0.0
2030,sc01,10-12 04:00:00+02:00,bus075,0.0
2030,sc01,10-12 04:00:00+02:00,bus064,0.0
2030,sc01,10-12 04:00:00+02:00,bus106,0.0
2030,sc01,10-12 04:00:00+02:00,bus076,0.0
2030,sc01,10-12 04:00:00+02:00,bus046,0.0
2030,sc01,10-12 04:00:00+02:00,bus007,0.0
2030,sc01,10-12 04:00:00+02:00,bus035,0.0
2030,sc01,10-12 04:00:00+02:00,bus117,0.0
2030,sc01,10-12 04:00:00+02:00,bus041,0.0
2030,sc01,10-12 04:00:00+02:00,bus102,0.0
2030,sc01,10-12 04:00:00+02:00,bus026,0.0
2030,sc01,10-12 04:00:00+02:00,bus077,0.0
2030,sc01,10-12 04:00:00+02:00,bus044,0.0
2030,sc01,10-12 04:00:00+02:00,bus091,0.0
2030,sc01,10-12 04:00:00+02:00,bus062,0.0
2030,sc01,10-14 10:00:00+02:00,bus093,0.0
2030,sc01,10-14 10:00:00+02:00,bus097,0.0
2030,sc01,10-14 10:00:00+02:00,bus110,0.0
2030,sc01,10-14 10:00:00+02:00,bus042,0.0
2030,sc01,10-14 10:00:00+02:00,bus066,0.0
2030,sc01,10-14 10:00:00+02:00,bus059,0.0
2030,sc01,10-14 10:00:00+02:00,bus057,0.0
2030,sc01,10-14 10:00:00+02:00,bus067,0.0
2030,sc01,10-14 10:00:00+02:00,bus069,0.0
2030,sc01,10-14 10:00:00+02:00,bus014,0.0
2030,sc01,10-14 10:00:00+02:00,bus090,0.0
2030,sc01,10-14 10:00:00+02:00,bus002,0.0
2030,sc01,10-14 10:00:00+02:00,bus005,0.0
2030,sc01,10-14 10:00:00+02:00,bus109,0.0
2030,sc01,10-14 10:00:00+02:00,bus020,0.0
2030,sc01,10-14 10:00:00+02:00,bus065,0.0
2030,sc01,10-14 10:00:00+02:00,bus001,0.0
2030,sc01,10-14 10:00:00+02:00,bus017,0.0
2030,sc01,10-14 10:00:00+02:00,bus015,0.0
2030,sc01,10-14 10:00:00+02:00,bus054,0.0
2030,sc01,10-14 10:00:00+02:00,bus086,0.0
2030,sc01,10-14 10:00:00+02:00,bus032,0.0
2030,sc01,10-14 10:00:00+02:00,bus038,0.0
2030,sc01,10-14 10:00:00+02:00,bus108,0.0
2030,sc01,10-14 10:00:00+02:00,bus087,0.0
2030,sc01,10-14 10:00:00+02:00,bus027,0.0
2030,sc01,10-14 10:00:00+02:00,bus111,0.0
2030,sc01,10-14 10:00:00+02:00,bus025,0.0
2030,sc01,10-14 10:00:00+02:00,bus029,0.0
2030,sc01,10-14 10:00:00+02:00,bus009,0.0
2030,sc01,10-14 10:00:00+02:00,bus043,0.0
2030,sc01,10-14 10:00:00+02:00,bus045,0.0
2030,sc01,10-14 10:00:00+02:00,bus084,0.0
2030,sc01,10-14 10:00:00+02:00,bus013,0.0
2030,sc01,10-14 10:00:00+02:00,bus063,0.0
2030,sc01,10-14 10:00:00+02:00,bus115,0.0
2030,sc01,10-14 10:00:00+02:00,bus010,0.0
2030,sc01,10-14 10:00:00+02:00,bus073,0.0
2030,sc01,10-14 10:00:00+02:00,bus052,0.0
2030,sc01,10-14 10:00:00+02:00,bus096,0.0
2030,sc01,10-14 10:00:00+02:00,bus050,0.0
2030,sc01,10-14 10:00:00+02:00,bus011,0.0
2030,sc01,10-14 10:00:00+02:00,bus055,0.0
2030,sc01,10-14 10:00:00+02:00,bus083,0.0
2030,sc01,10-14 10:00:00+02:00,bus081,0.0
2030,sc01,10-14 10:00:00+02:00,bus022,0.0
2030,sc01,10-14 10:00:00+02:00,bus071,0.0
2030,sc01,10-14 10:00:00+02:00,bus074,0.0
2030,sc01,10-14 10:00:00+02:00,bus040,0.0
2030,sc01,10-14 10:00:00+02:00,bus099,0.0
2030,sc01,10-14 10:00:00+02:00,bus030,0.0
2030,sc01,10-14 10:00:00+02:00,bus098,0.0
2030,sc01,10-14 10:00:00+02:00,bus053,0.0
2030,sc01,10-14 10:00:00+02:00,bus085,0.0
2030,sc01,10-14 10:00:00+02:00,bus101,0.0
2030,sc01,10-14 10:00:00+02:00,bus018,0.0
2030,sc01,10-14 10:00:00+02:00,bus023,0.0
2030,sc01,10-14 10:00:00+02:00,bus088,0.0
2030,sc01,10-14 10:00:00+02:00,bus116,0.0
2030,sc01,10-14 10:00:00+02:00,bus103,0.0
2030,sc01,10-14 10:00:00+02:00,bus008,0.0
2030,sc01,10-14 10:00:00+02:00,bus105,0.0
2030,sc01,10-14 10:00:00+02:00,bus060,0.0
2030,sc01,10-14 10:00:00+02:00,bus016,0.0
2030,sc01,10-14 10:00:00+02:00,bus082,0.0
2030,sc01,10-14 10:00:00+02:00,bus047,0.0
2030,sc01,10-14 10:00:00+02:00,bus019,0.0
2030,sc01,10-14 10:00:00+02:00,bus037,0.0
2030,sc01,10-14 10:00:00+02:00,bus006,0.0
2030,sc01,10-14 10:00:00+02:00,bus080,0.0
2030,sc01,10-14 10:00:00+02:00,bus031,0.0
2030,sc01,10-14 10:00:00+02:00,bus048,0.0
2030,sc01,10-14 10:00:00+02:00,bus107,0.0
2030,sc01,10-14 10:00:00+02:00,bus049,0.0
2030,sc01,10-14 10:00:00+02:00,bus104,0.0
2030,sc01,10-14 10:00:00+02:00,bus100,0.0
2030,sc01,10-14 10:00:00+02:00,bus072,0.0
2030,sc01,10-14 10:00:00+02:00,bus039,0.0
2030,sc01,10-14 10:00:00+02:00,bus012,0.0
2030,sc01,10-14 10:00:00+02:00,bus114,0.0
2030,sc01,10-14 10:00:00+02:00,bus112,0.0
2030,sc01,10-14 10:00:00+02:00,bus058,0.0
2030,sc01,10-14 10:00:00+02:00,bus089,0.0
2030,sc01,10-14 10:00:00+02:00,bus051,0.0
2030,sc01,10-14 10:00:00+02:00,bus056,0.0
2030,sc01,10-14 10:00:00+02:00,bus092,0.0
2030,sc01,10-14 10:00:00+02:00,bus036,0.0
2030,sc01,10-14 10:00:00+02:00,bus094,0.0
2030,sc01,10-14 10:00:00+02:00,bus095,0.0
2030,sc01,10-14 10:00:00+02:00,bus113,0.0
2030,sc01,10-14 10:00:00+02:00,bus024,0.0
2030,sc01,10-14 10:00:00+02:00,bus078,0.0
2030,sc01,10-14 10:00:00+02:00,bus033,0.0
2030,sc01,10-14 10:00:00+02:00,bus079,0.0
2030,sc01,10-14 10:00:00+02:00,bus061,0.0
2030,sc01,10-14 10:00:00+02:00,bus118,0.0
2030,sc01,10-14 10:00:00+02:00,bus003,0.0
2030,sc01,10-14 10:00:00+02:00,bus070,0.0
2030,sc01,10-14 10:00:00+02:00,bus004,0.0
2030,sc01,10-14 10:00:00+02:00,bus021,0.0
2030,sc01,10-14 10:00:00+02:00,bus068,0.0
2030,sc01,10-14 10:00:00+02:00,bus028,0.0
2030,sc01,10-14 10:00:00+02:00,bus034,0.0
2030,sc01,10-14 10:00:00+02:00,bus075,0.0
2030,sc01,10-14 10:00:00+02:00,bus064,0.0
2030,sc01,10-14 10:00:00+02:00,bus106,0.0
2030,sc01,10-14 10:00:00+02:00,bus076,0.0
2030,sc01,10-14 10:00:00+02:00,bus046,0.0
2030,sc01,10-14 10:00:00+02:00,bus007,0.0
2030,sc01,10-14 10:00:00+02:00,bus035,0.0
2030,sc01,10-14 10:00:00+02:00,bus117,0.0
2030,sc01,10-14 10:00:00+02:00,bus041,0.0
2030,sc01,10-14 10:00:00+02:00,bus102,0.0
2030,sc01,10-14 10:00:00+02:00,bus026,0.0
2030,sc01,10-14 10:00:00+02:00,bus077,0.0
2030,sc01,10-14 10:00:00+02:00,bus044,0.0
2030,sc01,10-14 10:00:00+02:00,bus091,0.0
2030,sc01,10-14 10:00:00+02:00,bus062,0.0
2030,sc01,10-17 07:00:00+02:00,bus093,0.0
2030,sc01,10-17 07:00:00+02:00,bus097,0.0
2030,sc01,10-17 07:00:00+02:00,bus110,0.0
2030,sc01,10-17 07:00:00+02:00,bus042,0.0
2030,sc01,10-17 07:00:00+02:00,bus066,0.0
2030,sc01,10-17 07:00:00+02:00,bus059,0.0
2030,sc01,10-17 07:00:00+02:00,bus057,0.0
2030,sc01,10-17 07:00:00+02:00,bus067,0.0
2030,sc01,10-17 07:00:00+02:00,bus069,0.0
2030,sc01,10-17 07:00:00+02:00,bus014,0.0
2030,sc01,10-17 07:00:00+02:00,bus090,0.0
2030,sc01,10-17 07:00:00+02:00,bus002,0.0
2030,sc01,10-17 07:00:00+02:00,bus005,0.0
2030,sc01,10-17 07:00:00+02:00,bus109,0.0
2030,sc01,10-17 07:00:00+02:00,bus020,0.0
2030,sc01,10-17 07:00:00+02:00,bus065,0.0
2030,sc01,10-17 07:00:00+02:00,bus001,0.0
2030,sc01,10-17 07:00:00+02:00,bus017,0.0
2030,sc01,10-17 07:00:00+02:00,bus015,0.0
2030,sc01,10-17 07:00:00+02:00,bus054,0.0
2030,sc01,10-17 07:00:00+02:00,bus086,0.0
2030,sc01,10-17 07:00:00+02:00,bus032,0.0
2030,sc01,10-17 07:00:00+02:00,bus038,0.0
2030,sc01,10-17 07:00:00+02:00,bus108,0.0
2030,sc01,10-17 07:00:00+02:00,bus087,0.0
2030,sc01,10-17 07:00:00+02:00,bus027,0.0
2030,sc01,10-17 07:00:00+02:00,bus111,0.0
2030,sc01,10-17 07:00:00+02:00,bus025,0.0
2030,sc01,10-17 07:00:00+02:00,bus029,0.0
2030,sc01,10-17 07:00:00+02:00,bus009,0.0
2030,sc01,10-17 07:00:00+02:00,bus043,0.0
2030,sc01,10-17 07:00:00+02:00,bus045,0.0
2030,sc01,10-17 07:00:00+02:00,bus084,0.0
2030,sc01,10-17 07:00:00+02:00,bus013,0.0
2030,sc01,10-17 07:00:00+02:00,bus063,0.0
2030,sc01,10-17 07:00:00+02:00,bus115,0.0
2030,sc01,10-17 07:00:00+02:00,bus010,0.0
2030,sc01,10-17 07:00:00+02:00,bus073,0.0
2030,sc01,10-17 07:00:00+02:00,bus052,0.0
2030,sc01,10-17 07:00:00+02:00,bus096,0.0
2030,sc01,10-17 07:00:00+02:00,bus050,0.0
2030,sc01,10-17 07:00:00+02:00,bus011,0.0
2030,sc01,10-17 07:00:00+02:00,bus055,0.0
2030,sc01,10-17 07:00:00+02:00,bus083,0.0
2030,sc01,10-17 07:00:00+02:00,bus081,0.0
2030,sc01,10-17 07:00:00+02:00,bus022,0.0
2030,sc01,10-17 07:00:00+02:00,bus071,0.0
2030,sc01,10-17 07:00:00+02:00,bus074,0.0
2030,sc01,10-17 07:00:00+02:00,bus040,0.0
2030,sc01,10-17 07:00:00+02:00,bus099,0.0
2030,sc01,10-17 07:00:00+02:00,bus030,0.0
2030,sc01,10-17 07:00:00+02:00,bus098,0.0
2030,sc01,10-17 07:00:00+02:00,bus053,0.0
2030,sc01,10-17 07:00:00+02:00,bus085,0.0
2030,sc01,10-17 07:00:00+02:00,bus101,0.0
2030,sc01,10-17 07:00:00+02:00,bus018,0.0
2030,sc01,10-17 07:00:00+02:00,bus023,0.0
2030,sc01,10-17 07:00:00+02:00,bus088,0.0
2030,sc01,10-17 07:00:00+02:00,bus116,0.0
2030,sc01,10-17 07:00:00+02:00,bus103,0.0
2030,sc01,10-17 07:00:00+02:00,bus008,0.0
2030,sc01,10-17 07:00:00+02:00,bus105,0.0
2030,sc01,10-17 07:00:00+02:00,bus060,0.0
2030,sc01,10-17 07:00:00+02:00,bus016,0.0
2030,sc01,10-17 07:00:00+02:00,bus082,0.0
2030,sc01,10-17 07:00:00+02:00,bus047,0.0
2030,sc01,10-17 07:00:00+02:00,bus019,0.0
2030,sc01,10-17 07:00:00+02:00,bus037,0.0
2030,sc01,10-17 07:00:00+02:00,bus006,0.0
2030,sc01,10-17 07:00:00+02:00,bus080,0.0
2030,sc01,10-17 07:00:00+02:00,bus031,0.0
2030,sc01,10-17 07:00:00+02:00,bus048,0.0
2030,sc01,10-17 07:00:00+02:00,bus107,0.0
2030,sc01,10-17 07:00:00+02:00,bus049,0.0
2030,sc01,10-17 07:00:00+02:00,bus104,0.0
2030,sc01,10-17 07:00:00+02:00,bus100,0.0
2030,sc01,10-17 07:00:00+02:00,bus072,0.0
2030,sc01,10-17 07:00:00+02:00,bus039,0.0
2030,sc01,10-17 07:00:00+02:00,bus012,0.0
2030,sc01,10-17 07:00:00+02:00,bus114,0.0
2030,sc01,10-17 07:00:00+02:00,bus112,0.0
2030,sc01,10-17 07:00:00+02:00,bus058,0.0
2030,sc01,10-17 07:00:00+02:00,bus089,0.0
2030,sc01,10-17 07:00:00+02:00,bus051,0.0
2030,sc01,10-17 07:00:00+02:00,bus056,0.0
2030,sc01,10-17 07:00:00+02:00,bus092,0.0
2030,sc01,10-17 07:00:00+02:00,bus036,0.0
2030,sc01,10-17 07:00:00+02:00,bus094,0.0
2030,sc01,10-17 07:00:00+02:00,bus095,0.0
2030,sc01,10-17 07:00:00+02:00,bus113,0.0
2030,sc01,10-17 07:00:00+02:00,bus024,0.0
2030,sc01,10-17 07:00:00+02:00,bus078,0.0
2030,sc01,10-17 07:00:00+02:00,bus033,0.0
2030,sc01,10-17 07:00:00+02:00,bus079,0.0
2030,sc01,10-17 07:00:00+02:00,bus061,0.0
2030,sc01,10-17 07:00:00+02:00,bus118,0.0
2030,sc01,10-17 07:00:00+02:00,bus003,0.0
2030,sc01,10-17 07:00:00+02:00,bus070,0.0
2030,sc01,10-17 07:00:00+02:00,bus004,0.0
2030,sc01,10-17 07:00:00+02:00,bus021,0.0
2030,sc01,10-17 07:00:00+02:00,bus068,0.0
2030,sc01,10-17 07:00:00+02:00,bus028,0.0
2030,sc01,10-17 07:00:00+02:00,bus034,0.0
2030,sc01,10-17 07:00:00+02:00,bus075,0.0
2030,sc01,10-17 07:00:00+02:00,bus064,0.0
2030,sc01,10-17 07:00:00+02:00,bus106,0.0
2030,sc01,10-17 07:00:00+02:00,bus076,0.0
2030,sc01,10-17 07:00:00+02:00,bus046,0.0
2030,sc01,10-17 07:00:00+02:00,bus007,0.0
2030,sc01,10-17 07:00:00+02:00,bus035,0.0
2030,sc01,10-17 07:00:00+02:00,bus117,0.0
2030,sc01,10-17 07:00:00+02:00,bus041,0.0
2030,sc01,10-17 07:00:00+02:00,bus102,0.0
2030,sc01,10-17 07:00:00+02:00,bus026,0.0
2030,sc01,10-17 07:00:00+02:00,bus077,0.0
2030,sc01,10-17 07:00:00+02:00,bus044,0.0
2030,sc01,10-17 07:00:00+02:00,bus091,0.0
2030,sc01,10-17 07:00:00+02:00,bus062,0.0
2030,sc01,10-23 22:00:00+02:00,bus093,0.0
2030,sc01,10-23 22:00:00+02:00,bus097,0.0
2030,sc01,10-23 22:00:00+02:00,bus110,0.0
2030,sc01,10-23 22:00:00+02:00,bus042,0.0
2030,sc01,10-23 22:00:00+02:00,bus066,0.0
2030,sc01,10-23 22:00:00+02:00,bus059,0.0
2030,sc01,10-23 22:00:00+02:00,bus057,0.0
2030,sc01,10-23 22:00:00+02:00,bus067,0.0
2030,sc01,10-23 22:00:00+02:00,bus069,0.0
2030,sc01,10-23 22:00:00+02:00,bus014,0.0
2030,sc01,10-23 22:00:00+02:00,bus090,0.0
2030,sc01,10-23 22:00:00+02:00,bus002,0.0
2030,sc01,10-23 22:00:00+02:00,bus005,0.0
2030,sc01,10-23 22:00:00+02:00,bus109,0.0
2030,sc01,10-23 22:00:00+02:00,bus020,0.0
2030,sc01,10-23 22:00:00+02:00,bus065,0.0
2030,sc01,10-23 22:00:00+02:00,bus001,0.0
2030,sc01,10-23 22:00:00+02:00,bus017,0.0
2030,sc01,10-23 22:00:00+02:00,bus015,0.0
2030,sc01,10-23 22:00:00+02:00,bus054,0.0
2030,sc01,10-23 22:00:00+02:00,bus086,0.0
2030,sc01,10-23 22:00:00+02:00,bus032,0.0
2030,sc01,10-23 22:00:00+02:00,bus038,0.0
2030,sc01,10-23 22:00:00+02:00,bus108,0.0
2030,sc01,10-23 22:00:00+02:00,bus087,0.0
2030,sc01,10-23 22:00:00+02:00,bus027,0.0
2030,sc01,10-23 22:00:00+02:00,bus111,0.0
2030,sc01,10-23 22:00:00+02:00,bus025,0.0
2030,sc01,10-23 22:00:00+02:00,bus029,0.0
2030,sc01,10-23 22:00:00+02:00,bus009,0.0
2030,sc01,10-23 22:00:00+02:00,bus043,0.0
2030,sc01,10-23 22:00:00+02:00,bus045,0.0
2030,sc01,10-23 22:00:00+02:00,bus084,0.0
2030,sc01,10-23 22:00:00+02:00,bus013,0.0
2030,sc01,10-23 22:00:00+02:00,bus063,0.0
2030,sc01,10-23 22:00:00+02:00,bus115,0.0
2030,sc01,10-23 22:00:00+02:00,bus010,0.0
2030,sc01,10-23 22:00:00+02:00,bus073,0.0
2030,sc01,10-23 22:00:00+02:00,bus052,0.0
2030,sc01,10-23 22:00:00+02:00,bus096,0.0
2030,sc01,10-23 22:00:00+02:00,bus050,0.0
2030,sc01,10-23 22:00:00+02:00,bus011,0.0
2030,sc01,10-23 22:00:00+02:00,bus055,0.0
2030,sc01,10-23 22:00:00+02:00,bus083,0.0
2030,sc01,10-23 22:00:00+02:00,bus081,0.0
2030,sc01,10-23 22:00:00+02:00,bus022,0.0
2030,sc01,10-23 22:00:00+02:00,bus071,0.0
2030,sc01,10-23 22:00:00+02:00,bus074,0.0
2030,sc01,10-23 22:00:00+02:00,bus040,0.0
2030,sc01,10-23 22:00:00+02:00,bus099,0.0
2030,sc01,10-23 22:00:00+02:00,bus030,0.0
2030,sc01,10-23 22:00:00+02:00,bus098,0.0
2030,sc01,10-23 22:00:00+02:00,bus053,0.0
2030,sc01,10-23 22:00:00+02:00,bus085,0.0
2030,sc01,10-23 22:00:00+02:00,bus101,0.0
2030,sc01,10-23 22:00:00+02:00,bus018,0.0
2030,sc01,10-23 22:00:00+02:00,bus023,0.0
2030,sc01,10-23 22:00:00+02:00,bus088,0.0
2030,sc01,10-23 22:00:00+02:00,bus116,0.0
2030,sc01,10-23 22:00:00+02:00,bus103,0.0
2030,sc01,10-23 22:00:00+02:00,bus008,0.0
2030,sc01,10-23 22:00:00+02:00,bus105,0.0
2030,sc01,10-23 22:00:00+02:00,bus060,0.0
2030,sc01,10-23 22:00:00+02:00,bus016,0.0
2030,sc01,10-23 22:00:00+02:00,bus082,0.0
2030,sc01,10-23 22:00:00+02:00,bus047,0.0
2030,sc01,10-23 22:00:00+02:00,bus019,0.0
2030,sc01,10-23 22:00:00+02:00,bus037,0.0
2030,sc01,10-23 22:00:00+02:00,bus006,0.0
2030,sc01,10-23 22:00:00+02:00,bus080,0.0
2030,sc01,10-23 22:00:00+02:00,bus031,0.0
2030,sc01,10-23 22:00:00+02:00,bus048,0.0
2030,sc01,10-23 22:00:00+02:00,bus107,0.0
2030,sc01,10-23 22:00:00+02:00,bus049,0.0
2030,sc01,10-23 22:00:00+02:00,bus104,0.0
2030,sc01,10-23 22:00:00+02:00,bus100,0.0
2030,sc01,10-23 22:00:00+02:00,bus072,0.0
2030,sc01,10-23 22:00:00+02:00,bus039,0.0
2030,sc01,10-23 22:00:00+02:00,bus012,0.0
2030,sc01,10-23 22:00:00+02:00,bus114,0.0
2030,sc01,10-23 22:00:00+02:00,bus112,0.0
2030,sc01,10-23 22:00:00+02:00,bus058,0.0
2030,sc01,10-23 22:00:00+02:00,bus089,0.0
2030,sc01,10-23 22:00:00+02:00,bus051,0.0
2030,sc01,10-23 22:00:00+02:00,bus056,0.0
2030,sc01,10-23 22:00:00+02:00,bus092,0.0
2030,sc01,10-23 22:00:00+02:00,bus036,0.0
2030,sc01,10-23 22:00:00+02:00,bus094,0.0
2030,sc01,10-23 22:00:00+02:00,bus095,0.0
2030,sc01,10-23 22:00:00+02:00,bus113,0.0
2030,sc01,10-23 22:00:00+02:00,bus024,0.0
2030,sc01,10-23 22:00:00+02:00,bus078,0.0
2030,sc01,10-23 22:00:00+02:00,bus033,0.0
2030,sc01,10-23 22:00:00+02:00,bus079,0.0
2030,sc01,10-23 22:00:00+02:00,bus061,0.0
2030,sc01,10-23 22:00:00+02:00,bus118,0.0
2030,sc01,10-23 22:00:00+02:00,bus003,0.0
2030,sc01,10-23 22:00:00+02:00,bus070,0.0
2030,sc01,10-23 22:00:00+02:00,bus004,0.0
2030,sc01,10-23 22:00:00+02:00,bus021,0.0
2030,sc01,10-23 22:00:00+02:00,bus068,0.0
2030,sc01,10-23 22:00:00+02:00,bus028,0.0
2030,sc01,10-23 22:00:00+02:00,bus034,0.0
2030,sc01,10-23 22:00:00+02:00,bus075,0.0
2030,sc01,10-23 22:00:00+02:00,bus064,0.0
2030,sc01,10-23 22:00:00+02:00,bus106,0.0
2030,sc01,10-23 22:00:00+02:00,bus076,0.0
2030,sc01,10-23 22:00:00+02:00,bus046,0.0
2030,sc01,10-23 22:00:00+02:00,bus007,0.0
2030,sc01,10-23 22:00:00+02:00,bus035,0.0
2030,sc01,10-23 22:00:00+02:00,bus117,0.0
2030,sc01,10-23 22:00:00+02:00,bus041,0.0
2030,sc01,10-23 22:00:00+02:00,bus102,0.0
2030,sc01,10-23 22:00:00+02:00,bus026,0.0
2030,sc01,10-23 22:00:00+02:00,bus077,0.0
2030,sc01,10-23 22:00:00+02:00,bus044,0.0
2030,sc01,10-23 22:00:00+02:00,bus091,0.0
2030,sc01,10-23 22:00:00+02:00,bus062,0.0
2030,sc01,10-29 15:00:00+01:00,bus093,0.0
2030,sc01,10-29 15:00:00+01:00,bus097,0.0
2030,sc01,10-29 15:00:00+01:00,bus110,0.0
2030,sc01,10-29 15:00:00+01:00,bus042,0.0
2030,sc01,10-29 15:00:00+01:00,bus066,0.0
2030,sc01,10-29 15:00:00+01:00,bus059,0.0
2030,sc01,10-29 15:00:00+01:00,bus057,0.0
2030,sc01,10-29 15:00:00+01:00,bus067,0.0
2030,sc01,10-29 15:00:00+01:00,bus069,0.0
2030,sc01,10-29 15:00:00+01:00,bus014,0.0
2030,sc01,10-29 15:00:00+01:00,bus090,0.0
2030,sc01,10-29 15:00:00+01:00,bus002,0.0
2030,sc01,10-29 15:00:00+01:00,bus005,0.0
2030,sc01,10-29 15:00:00+01:00,bus109,0.0
2030,sc01,10-29 15:00:00+01:00,bus020,0.0
2030,sc01,10-29 15:00:00+01:00,bus065,0.0
2030,sc01,10-29 15:00:00+01:00,bus001,0.0
2030,sc01,10-29 15:00:00+01:00,bus017,0.0
2030,sc01,10-29 15:00:00+01:00,bus015,0.0
2030,sc01,10-29 15:00:00+01:00,bus054,0.0
2030,sc01,10-29 15:00:00+01:00,bus086,0.0
2030,sc01,10-29 15:00:00+01:00,bus032,0.0
2030,sc01,10-29 15:00:00+01:00,bus038,0.0
2030,sc01,10-29 15:00:00+01:00,bus108,0.0
2030,sc01,10-29 15:00:00+01:00,bus087,0.0
2030,sc01,10-29 15:00:00+01:00,bus027,0.0
2030,sc01,10-29 15:00:00+01:00,bus111,0.0
2030,sc01,10-29 15:00:00+01:00,bus025,0.0
2030,sc01,10-29 15:00:00+01:00,bus029,0.0
2030,sc01,10-29 15:00:00+01:00,bus009,0.0
2030,sc01,10-29 15:00:00+01:00,bus043,0.0
2030,sc01,10-29 15:00:00+01:00,bus045,0.0
2030,sc01,10-29 15:00:00+01:00,bus084,0.0
2030,sc01,10-29 15:00:00+01:00,bus013,0.0
2030,sc01,10-29 15:00:00+01:00,bus063,0.0
2030,sc01,10-29 15:00:00+01:00,bus115,0.0
2030,sc01,10-29 15:00:00+01:00,bus010,0.0
2030,sc01,10-29 15:00:00+01:00,bus073,0.0
2030,sc01,10-29 15:00:00+01:00,bus052,0.0
2030,sc01,10-29 15:00:00+01:00,bus096,0.0
2030,sc01,10-29 15:00:00+01:00,bus050,0.0
2030,sc01,10-29 15:00:00+01:00,bus011,0.0
2030,sc01,10-29 15:00:00+01:00,bus055,0.0
2030,sc01,10-29 15:00:00+01:00,bus083,0.0
2030,sc01,10-29 15:00:00+01:00,bus081,0.0
2030,sc01,10-29 15:00:00+01:00,bus022,0.0
2030,sc01,10-29 15:00:00+01:00,bus071,0.0
2030,sc01,10-29 15:00:00+01:00,bus074,0.0
2030,sc01,10-29 15:00:00+01:00,bus040,0.0
2030,sc01,10-29 15:00:00+01:00,bus099,0.0
2030,sc01,10-29 15:00:00+01:00,bus030,0.0
2030,sc01,10-29 15:00:00+01:00,bus098,0.0
2030,sc01,10-29 15:00:00+01:00,bus053,0.0
2030,sc01,10-29 15:00:00+01:00,bus085,0.0
2030,sc01,10-29 15:00:00+01:00,bus101,0.0
2030,sc01,10-29 15:00:00+01:00,bus018,0.0
2030,sc01,10-29 15:00:00+01:00,bus023,0.0
2030,sc01,10-29 15:00:00+01:00,bus088,0.0
2030,sc01,10-29 15:00:00+01:00,bus116,0.0
2030,sc01,10-29 15:00:00+01:00,bus103,0.0
2030,sc01,10-29 15:00:00+01:00,bus008,0.0
2030,sc01,10-29 15:00:00+01:00,bus105,0.0
2030,sc01,10-29 15:00:00+01:00,bus060,0.0
2030,sc01,10-29 15:00:00+01:00,bus016,0.0
2030,sc01,10-29 15:00:00+01:00,bus082,0.0
2030,sc01,10-29 15:00:00+01:00,bus047,0.0
2030,sc01,10-29 15:00:00+01:00,bus019,0.0
2030,sc01,10-29 15:00:00+01:00,bus037,0.0
2030,sc01,10-29 15:00:00+01:00,bus006,0.0
2030,sc01,10-29 15:00:00+01:00,bus080,0.0
2030,sc01,10-29 15:00:00+01:00,bus031,0.0
2030,sc01,10-29 15:00:00+01:00,bus048,0.0
2030,sc01,10-29 15:00:00+01:00,bus107,0.0
2030,sc01,10-29 15:00:00+01:00,bus049,0.0
2030,sc01,10-29 15:00:00+01:00,bus104,0.0
2030,sc01,10-29 15:00:00+01:00,bus100,0.0
2030,sc01,10-29 15:00:00+01:00,bus072,0.0
2030,sc01,10-29 15:00:00+01:00,bus039,0.0
2030,sc01,10-29 15:00:00+01:00,bus012,0.0
2030,sc01,10-29 15:00:00+01:00,bus114,0.0
2030,sc01,10-29 15:00:00+01:00,bus112,0.0
2030,sc01,10-29 15:00:00+01:00,bus058,0.0
2030,sc01,10-29 15:00:00+01:00,bus089,0.0
2030,sc01,10-29 15:00:00+01:00,bus051,0.0
2030,sc01,10-29 15:00:00+01:00,bus056,0.0
2030,sc01,10-29 15:00:00+01:00,bus092,0.0
2030,sc01,10-29 15:00:00+01:00,bus036,0.0
2030,sc01,10-29 15:00:00+01:00,bus094,0.0
2030,sc01,10-29 15:00:00+01:00,bus095,0.0
2030,sc01,10-29 15:00:00+01:00,bus113,0.0
2030,sc01,10-29 15:00:00+01:00,bus024,0.0
2030,sc01,10-29 15:00:00+01:00,bus078,0.0
2030,sc01,10-29 15:00:00+01:00,bus033,0.0
2030,sc01,10-29 15:00:00+01:00,bus079,0.0
2030,sc01,10-29 15:00:00+01:00,bus061,0.0
2030,sc01,10-29 15:00:00+01:00,bus118,0.0
2030,sc01,10-29 15:00:00+01:00,bus003,0.0
2030,sc01,10-29 15:00:00+01:00,bus070,0.0
2030,sc01,10-29 15:00:00+01:00,bus004,0.0
2030,sc01,10-29 15:00:00+01:00,bus021,0.0
2030,sc01,10-29 15:00:00+01:00,bus068,0.0
2030,sc01,10-29 15:00:00+01:00,bus028,0.0
2030,sc01,10-29 15:00:00+01:00,bus034,0.0
2030,sc01,10-29 15:00:00+01:00,bus075,0.0
2030,sc01,10-29 15:00:00+01:00,bus064,0.0
2030,sc01,10-29 15:00:00+01:00,bus106,0.0
2030,sc01,10-29 15:00:00+01:00,bus076,0.0
2030,sc01,10-29 15:00:00+01:00,bus046,0.0
2030,sc01,10-29 15:00:00+01:00,bus007,0.0
2030,sc01,10-29 15:00:00+01:00,bus035,0.0
2030,sc01,10-29 15:00:00+01:00,bus117,0.0
2030,sc01,10-29 15:00:00+01:00,bus041,0.0
2030,sc01,10-29 15:00:00+01:00,bus102,0.0
2030,sc01,10-29 15:00:00+01:00,bus026,0.0
2030,sc01,10-29 15:00:00+01:00,bus077,0.0
2030,sc01,10-29 15:00:00+01:00,bus044,0.0
2030,sc01,10-29 15:00:00+01:00,bus091,0.0
2030,sc01,10-29 15:00:00+01:00,bus062,0.0
2030,sc01,10-30 09:00:00+01:00,bus093,0.0
2030,sc01,10-30 09:00:00+01:00,bus097,0.0
2030,sc01,10-30 09:00:00+01:00,bus110,0.0
2030,sc01,10-30 09:00:00+01:00,bus042,0.0
2030,sc01,10-30 09:00:00+01:00,bus066,0.0
2030,sc01,10-30 09:00:00+01:00,bus059,0.0
2030,sc01,10-30 09:00:00+01:00,bus057,0.0
2030,sc01,10-30 09:00:00+01:00,bus067,0.0
2030,sc01,10-30 09:00:00+01:00,bus069,0.0
2030,sc01,10-30 09:00:00+01:00,bus014,0.0
2030,sc01,10-30 09:00:00+01:00,bus090,0.0
2030,sc01,10-30 09:00:00+01:00,bus002,0.0
2030,sc01,10-30 09:00:00+01:00,bus005,0.0
2030,sc01,10-30 09:00:00+01:00,bus109,0.0
2030,sc01,10-30 09:00:00+01:00,bus020,0.0
2030,sc01,10-30 09:00:00+01:00,bus065,0.0
2030,sc01,10-30 09:00:00+01:00,bus001,0.0
2030,sc01,10-30 09:00:00+01:00,bus017,0.0
2030,sc01,10-30 09:00:00+01:00,bus015,0.0
2030,sc01,10-30 09:00:00+01:00,bus054,0.0
2030,sc01,10-30 09:00:00+01:00,bus086,0.0
2030,sc01,10-30 09:00:00+01:00,bus032,0.0
2030,sc01,10-30 09:00:00+01:00,bus038,0.0
2030,sc01,10-30 09:00:00+01:00,bus108,0.0
2030,sc01,10-30 09:00:00+01:00,bus087,0.0
2030,sc01,10-30 09:00:00+01:00,bus027,0.0
2030,sc01,10-30 09:00:00+01:00,bus111,0.0
2030,sc01,10-30 09:00:00+01:00,bus025,0.0
2030,sc01,10-30 09:00:00+01:00,bus029,0.0
2030,sc01,10-30 09:00:00+01:00,bus009,0.0
2030,sc01,10-30 09:00:00+01:00,bus043,0.0
2030,sc01,10-30 09:00:00+01:00,bus045,0.0
2030,sc01,10-30 09:00:00+01:00,bus084,0.0
2030,sc01,10-30 09:00:00+01:00,bus013,0.0
2030,sc01,10-30 09:00:00+01:00,bus063,0.0
2030,sc01,10-30 09:00:00+01:00,bus115,0.0
2030,sc01,10-30 09:00:00+01:00,bus010,0.0
2030,sc01,10-30 09:00:00+01:00,bus073,0.0
2030,sc01,10-30 09:00:00+01:00,bus052,0.0
2030,sc01,10-30 09:00:00+01:00,bus096,0.0
2030,sc01,10-30 09:00:00+01:00,bus050,0.0
2030,sc01,10-30 09:00:00+01:00,bus011,0.0
2030,sc01,10-30 09:00:00+01:00,bus055,0.0
2030,sc01,10-30 09:00:00+01:00,bus083,0.0
2030,sc01,10-30 09:00:00+01:00,bus081,0.0
2030,sc01,10-30 09:00:00+01:00,bus022,0.0
2030,sc01,10-30 09:00:00+01:00,bus071,0.0
2030,sc01,10-30 09:00:00+01:00,bus074,0.0
2030,sc01,10-30 09:00:00+01:00,bus040,0.0
2030,sc01,10-30 09:00:00+01:00,bus099,0.0
2030,sc01,10-30 09:00:00+01:00,bus030,0.0
2030,sc01,10-30 09:00:00+01:00,bus098,0.0
2030,sc01,10-30 09:00:00+01:00,bus053,0.0
2030,sc01,10-30 09:00:00+01:00,bus085,0.0
2030,sc01,10-30 09:00:00+01:00,bus101,0.0
2030,sc01,10-30 09:00:00+01:00,bus018,0.0
2030,sc01,10-30 09:00:00+01:00,bus023,0.0
2030,sc01,10-30 09:00:00+01:00,bus088,0.0
2030,sc01,10-30 09:00:00+01:00,bus116,0.0
2030,sc01,10-30 09:00:00+01:00,bus103,0.0
2030,sc01,10-30 09:00:00+01:00,bus008,0.0
2030,sc01,10-30 09:00:00+01:00,bus105,0.0
2030,sc01,10-30 09:00:00+01:00,bus060,0.0
2030,sc01,10-30 09:00:00+01:00,bus016,0.0
2030,sc01,10-30 09:00:00+01:00,bus082,0.0
2030,sc01,10-30 09:00:00+01:00,bus047,0.0
2030,sc01,10-30 09:00:00+01:00,bus019,0.0
2030,sc01,10-30 09:00:00+01:00,bus037,0.0
2030,sc01,10-30 09:00:00+01:00,bus006,0.0
2030,sc01,10-30 09:00:00+01:00,bus080,0.0
2030,sc01,10-30 09:00:00+01:00,bus031,0.0
2030,sc01,10-30 09:00:00+01:00,bus048,0.0
2030,sc01,10-30 09:00:00+01:00,bus107,0.0
2030,sc01,10-30 09:00:00+01:00,bus049,0.0
2030,sc01,10-30 09:00:00+01:00,bus104,0.0
2030,sc01,10-30 09:00:00+01:00,bus100,0.0
2030,sc01,10-30 09:00:00+01:00,bus072,0.0
2030,sc01,10-30 09:00:00+01:00,bus039,0.0
2030,sc01,10-30 09:00:00+01:00,bus012,0.0
2030,sc01,10-30 09:00:00+01:00,bus114,0.0
2030,sc01,10-30 09:00:00+01:00,bus112,0.0
2030,sc01,10-30 09:00:00+01:00,bus058,0.0
2030,sc01,10-30 09:00:00+01:00,bus089,0.0
2030,sc01,10-30 09:00:00+01:00,bus051,0.0
2030,sc01,10-30 09:00:00+01:00,bus056,0.0
2030,sc01,10-30 09:00:00+01:00,bus092,0.0
2030,sc01,10-30 09:00:00+01:00,bus036,0.0
2030,sc01,10-30 09:00:00+01:00,bus094,0.0
2030,sc01,10-30 09:00:00+01:00,bus095,0.0
2030,sc01,10-30 09:00:00+01:00,bus113,0.0
2030,sc01,10-30 09:00:00+01:00,bus024,0.0
2030,sc01,10-30 09:00:00+01:00,bus078,0.0
2030,sc01,10-30 09:00:00+01:00,bus033,0.0
2030,sc01,10-30 09:00:00+01:00,bus079,0.0
2030,sc01,10-30 09:00:00+01:00,bus061,0.0
2030,sc01,10-30 09:00:00+01:00,bus118,0.0
2030,sc01,10-30 09:00:00+01:00,bus003,0.0
2030,sc01,10-30 09:00:00+01:00,bus070,0.0
2030,sc01,10-30 09:00:00+01:00,bus004,0.0
2030,sc01,10-30 09:00:00+01:00,bus021,0.0
2030,sc01,10-30 09:00:00+01:00,bus068,0.0
2030,sc01,10-30 09:00:00+01:00,bus028,0.0
2030,sc01,10-30 09:00:00+01:00,bus034,0.0
2030,sc01,10-30 09:00:00+01:00,bus075,0.0
2030,sc01,10-30 09:00:00+01:00,bus064,0.0
2030,sc01,10-30 09:00:00+01:00,bus106,0.0
2030,sc01,10-30 09:00:00+01:00,bus076,0.0
2030,sc01,10-30 09:00:00+01:00,bus046,0.0
2030,sc01,10-30 09:00:00+01:00,bus007,0.0
2030,sc01,10-30 09:00:00+01:00,bus035,0.0
2030,sc01,10-30 09:00:00+01:00,bus117,0.0
2030,sc01,10-30 09:00:00+01:00,bus041,0.0
2030,sc01,10-30 09:00:00+01:00,bus102,0.0
2030,sc01,10-30 09:00:00+01:00,bus026,0.0
2030,sc01,10-30 09:00:00+01:00,bus077,0.0
2030,sc01,10-30 09:00:00+01:00,bus044,0.0
2030,sc01,10-30 09:00:00+01:00,bus091,0.0
2030,sc01,10-30 09:00:00+01:00,bus062,0.0
2030,sc01,10-30 12:00:00+01:00,bus093,0.0
2030,sc01,10-30 12:00:00+01:00,bus097,0.0
2030,sc01,10-30 12:00:00+01:00,bus110,0.0
2030,sc01,10-30 12:00:00+01:00,bus042,0.0
2030,sc01,10-30 12:00:00+01:00,bus066,0.0
2030,sc01,10-30 12:00:00+01:00,bus059,0.0
2030,sc01,10-30 12:00:00+01:00,bus057,0.0
2030,sc01,10-30 12:00:00+01:00,bus067,0.0
2030,sc01,10-30 12:00:00+01:00,bus069,0.0
2030,sc01,10-30 12:00:00+01:00,bus014,0.0
2030,sc01,10-30 12:00:00+01:00,bus090,0.0
2030,sc01,10-30 12:00:00+01:00,bus002,0.0
2030,sc01,10-30 12:00:00+01:00,bus005,0.0
2030,sc01,10-30 12:00:00+01:00,bus109,0.0
2030,sc01,10-30 12:00:00+01:00,bus020,0.0
2030,sc01,10-30 12:00:00+01:00,bus065,0.0
2030,sc01,10-30 12:00:00+01:00,bus001,0.0
2030,sc01,10-30 12:00:00+01:00,bus017,0.0
2030,sc01,10-30 12:00:00+01:00,bus015,0.0
2030,sc01,10-30 12:00:00+01:00,bus054,0.0
2030,sc01,10-30 12:00:00+01:00,bus086,0.0
2030,sc01,10-30 12:00:00+01:00,bus032,0.0
2030,sc01,10-30 12:00:00+01:00,bus038,0.0
2030,sc01,10-30 12:00:00+01:00,bus108,0.0
2030,sc01,10-30 12:00:00+01:00,bus087,0.0
2030,sc01,10-30 12:00:00+01:00,bus027,0.0
2030,sc01,10-30 12:00:00+01:00,bus111,0.0
2030,sc01,10-30 12:00:00+01:00,bus025,0.0
2030,sc01,10-30 12:00:00+01:00,bus029,0.0
2030,sc01,10-30 12:00:00+01:00,bus009,0.0
2030,sc01,10-30 12:00:00+01:00,bus043,0.0
2030,sc01,10-30 12:00:00+01:00,bus045,0.0
2030,sc01,10-30 12:00:00+01:00,bus084,0.0
2030,sc01,10-30 12:00:00+01:00,bus013,0.0
2030,sc01,10-30 12:00:00+01:00,bus063,0.0
2030,sc01,10-30 12:00:00+01:00,bus115,0.0
2030,sc01,10-30 12:00:00+01:00,bus010,0.0
2030,sc01,10-30 12:00:00+01:00,bus073,0.0
2030,sc01,10-30 12:00:00+01:00,bus052,0.0
2030,sc01,10-30 12:00:00+01:00,bus096,0.0
2030,sc01,10-30 12:00:00+01:00,bus050,0.0
2030,sc01,10-30 12:00:00+01:00,bus011,0.0
2030,sc01,10-30 12:00:00+01:00,bus055,0.0
2030,sc01,10-30 12:00:00+01:00,bus083,0.0
2030,sc01,10-30 12:00:00+01:00,bus081,0.0
2030,sc01,10-30 12:00:00+01:00,bus022,0.0
2030,sc01,10-30 12:00:00+01:00,bus071,0.0
2030,sc01,10-30 12:00:00+01:00,bus074,0.0
2030,sc01,10-30 12:00:00+01:00,bus040,0.0
2030,sc01,10-30 12:00:00+01:00,bus099,0.0
2030,sc01,10-30 12:00:00+01:00,bus030,0.0
2030,sc01,10-30 12:00:00+01:00,bus098,0.0
2030,sc01,10-30 12:00:00+01:00,bus053,0.0
2030,sc01,10-30 12:00:00+01:00,bus085,0.0
2030,sc01,10-30 12:00:00+01:00,bus101,0.0
2030,sc01,10-30 12:00:00+01:00,bus018,0.0
2030,sc01,10-30 12:00:00+01:00,bus023,0.0
2030,sc01,10-30 12:00:00+01:00,bus088,0.0
2030,sc01,10-30 12:00:00+01:00,bus116,0.0
2030,sc01,10-30 12:00:00+01:00,bus103,0.0
2030,sc01,10-30 12:00:00+01:00,bus008,0.0
2030,sc01,10-30 12:00:00+01:00,bus105,0.0
2030,sc01,10-30 12:00:00+01:00,bus060,0.0
2030,sc01,10-30 12:00:00+01:00,bus016,0.0
2030,sc01,10-30 12:00:00+01:00,bus082,0.0
2030,sc01,10-30 12:00:00+01:00,bus047,0.0
2030,sc01,10-30 12:00:00+01:00,bus019,0.0
2030,sc01,10-30 12:00:00+01:00,bus037,0.0
2030,sc01,10-30 12:00:00+01:00,bus006,0.0
2030,sc01,10-30 12:00:00+01:00,bus080,0.0
2030,sc01,10-30 12:00:00+01:00,bus031,0.0
2030,sc01,10-30 12:00:00+01:00,bus048,0.0
2030,sc01,10-30 12:00:00+01:00,bus107,0.0
2030,sc01,10-30 12:00:00+01:00,bus049,0.0
2030,sc01,10-30 12:00:00+01:00,bus104,0.0
2030,sc01,10-30 12:00:00+01:00,bus100,0.0
2030,sc01,10-30 12:00:00+01:00,bus072,0.0
2030,sc01,10-30 12:00:00+01:00,bus039,0.0
2030,sc01,10-30 12:00:00+01:00,bus012,0.0
2030,sc01,10-30 12:00:00+01:00,bus114,0.0
2030,sc01,10-30 12:00:00+01:00,bus112,0.0
2030,sc01,10-30 12:00:00+01:00,bus058,0.0
2030,sc01,10-30 12:00:00+01:00,bus089,0.0
2030,sc01,10-30 12:00:00+01:00,bus051,0.0
2030,sc01,10-30 12:00:00+01:00,bus056,0.0
2030,sc01,10-30 12:00:00+01:00,bus092,0.0
2030,sc01,10-30 12:00:00+01:00,bus036,0.0
2030,sc01,10-30 12:00:00+01:00,bus094,0.0
2030,sc01,10-30 12:00:00+01:00,bus095,0.0
2030,sc01,10-30 12:00:00+01:00,bus113,0.0
2030,sc01,10-30 12:00:00+01:00,bus024,0.0
2030,sc01,10-30 12:00:00+01:00,bus078,0.0
2030,sc01,10-30 12:00:00+01:00,bus033,0.0
2030,sc01,10-30 12:00:00+01:00,bus079,0.0
2030,sc01,10-30 12:00:00+01:00,bus061,0.0
2030,sc01,10-30 12:00:00+01:00,bus118,0.0
2030,sc01,10-30 12:00:00+01:00,bus003,0.0
2030,sc01,10-30 12:00:00+01:00,bus070,0.0
2030,sc01,10-30 12:00:00+01:00,bus004,0.0
2030,sc01,10-30 12:00:00+01:00,bus021,0.0
2030,sc01,10-30 12:00:00+01:00,bus068,0.0
2030,sc01,10-30 12:00:00+01:00,bus028,0.0
2030,sc01,10-30 12:00:00+01:00,bus034,0.0
2030,sc01,10-30 12:00:00+01:00,bus075,0.0
2030,sc01,10-30 12:00:00+01:00,bus064,0.0
2030,sc01,10-30 12:00:00+01:00,bus106,0.0
2030,sc01,10-30 12:00:00+01:00,bus076,0.0
2030,sc01,10-30 12:00:00+01:00,bus046,0.0
2030,sc01,10-30 12:00:00+01:00,bus007,0.0
2030,sc01,10-30 12:00:00+01:00,bus035,0.0
2030,sc01,10-30 12:00:00+01:00,bus117,0.0
2030,sc01,10-30 12:00:00+01:00,bus041,0.0
2030,sc01,10-30 12:00:00+01:00,bus102,0.0
2030,sc01,10-30 12:00:00+01:00,bus026,0.0
2030,sc01,10-30 12:00:00+01:00,bus077,0.0
2030,sc01,10-30 12:00:00+01:00,bus044,0.0
2030,sc01,10-30 12:00:00+01:00,bus091,0.0
2030,sc01,10-30 12:00:00+01:00,bus062,0.0
2030,sc01,10-31 06:00:00+01:00,bus093,0.0
2030,sc01,10-31 06:00:00+01:00,bus097,0.0
2030,sc01,10-31 06:00:00+01:00,bus110,0.0
2030,sc01,10-31 06:00:00+01:00,bus042,0.0
2030,sc01,10-31 06:00:00+01:00,bus066,0.0
2030,sc01,10-31 06:00:00+01:00,bus059,0.0
2030,sc01,10-31 06:00:00+01:00,bus057,0.0
2030,sc01,10-31 06:00:00+01:00,bus067,0.0
2030,sc01,10-31 06:00:00+01:00,bus069,0.0
2030,sc01,10-31 06:00:00+01:00,bus014,0.0
2030,sc01,10-31 06:00:00+01:00,bus090,0.0
2030,sc01,10-31 06:00:00+01:00,bus002,0.0
2030,sc01,10-31 06:00:00+01:00,bus005,0.0
2030,sc01,10-31 06:00:00+01:00,bus109,0.0
2030,sc01,10-31 06:00:00+01:00,bus020,0.0
2030,sc01,10-31 06:00:00+01:00,bus065,0.0
2030,sc01,10-31 06:00:00+01:00,bus001,0.0
2030,sc01,10-31 06:00:00+01:00,bus017,0.0
2030,sc01,10-31 06:00:00+01:00,bus015,0.0
2030,sc01,10-31 06:00:00+01:00,bus054,0.0
2030,sc01,10-31 06:00:00+01:00,bus086,0.0
2030,sc01,10-31 06:00:00+01:00,bus032,0.0
2030,sc01,10-31 06:00:00+01:00,bus038,0.0
2030,sc01,10-31 06:00:00+01:00,bus108,0.0
2030,sc01,10-31 06:00:00+01:00,bus087,0.0
2030,sc01,10-31 06:00:00+01:00,bus027,0.0
2030,sc01,10-31 06:00:00+01:00,bus111,0.0
2030,sc01,10-31 06:00:00+01:00,bus025,0.0
2030,sc01,10-31 06:00:00+01:00,bus029,0.0
2030,sc01,10-31 06:00:00+01:00,bus009,0.0
2030,sc01,10-31 06:00:00+01:00,bus043,0.0
2030,sc01,10-31 06:00:00+01:00,bus045,0.0
2030,sc01,10-31 06:00:00+01:00,bus084,0.0
2030,sc01,10-31 06:00:00+01:00,bus013,0.0
2030,sc01,10-31 06:00:00+01:00,bus063,0.0
2030,sc01,10-31 06:00:00+01:00,bus115,0.0
2030,sc01,10-31 06:00:00+01:00,bus010,0.0
2030,sc01,10-31 06:00:00+01:00,bus073,0.0
2030,sc01,10-31 06:00:00+01:00,bus052,0.0
2030,sc01,10-31 06:00:00+01:00,bus096,0.0
2030,sc01,10-31 06:00:00+01:00,bus050,0.0
2030,sc01,10-31 06:00:00+01:00,bus011,0.0
2030,sc01,10-31 06:00:00+01:00,bus055,0.0
2030,sc01,10-31 06:00:00+01:00,bus083,0.0
2030,sc01,10-31 06:00:00+01:00,bus081,0.0
2030,sc01,10-31 06:00:00+01:00,bus022,0.0
2030,sc01,10-31 06:00:00+01:00,bus071,0.0
2030,sc01,10-31 06:00:00+01:00,bus074,0.0
2030,sc01,10-31 06:00:00+01:00,bus040,0.0
2030,sc01,10-31 06:00:00+01:00,bus099,0.0
2030,sc01,10-31 06:00:00+01:00,bus030,0.0
2030,sc01,10-31 06:00:00+01:00,bus098,0.0
2030,sc01,10-31 06:00:00+01:00,bus053,0.0
2030,sc01,10-31 06:00:00+01:00,bus085,0.0
2030,sc01,10-31 06:00:00+01:00,bus101,0.0
2030,sc01,10-31 06:00:00+01:00,bus018,0.0
2030,sc01,10-31 06:00:00+01:00,bus023,0.0
2030,sc01,10-31 06:00:00+01:00,bus088,0.0
2030,sc01,10-31 06:00:00+01:00,bus116,0.0
2030,sc01,10-31 06:00:00+01:00,bus103,0.0
2030,sc01,10-31 06:00:00+01:00,bus008,0.0
2030,sc01,10-31 06:00:00+01:00,bus105,0.0
2030,sc01,10-31 06:00:00+01:00,bus060,0.0
2030,sc01,10-31 06:00:00+01:00,bus016,0.0
2030,sc01,10-31 06:00:00+01:00,bus082,0.0
2030,sc01,10-31 06:00:00+01:00,bus047,0.0
2030,sc01,10-31 06:00:00+01:00,bus019,0.0
2030,sc01,10-31 06:00:00+01:00,bus037,0.0
2030,sc01,10-31 06:00:00+01:00,bus006,0.0
2030,sc01,10-31 06:00:00+01:00,bus080,0.0
2030,sc01,10-31 06:00:00+01:00,bus031,0.0
2030,sc01,10-31 06:00:00+01:00,bus048,0.0
2030,sc01,10-31 06:00:00+01:00,bus107,0.0
2030,sc01,10-31 06:00:00+01:00,bus049,0.0
2030,sc01,10-31 06:00:00+01:00,bus104,0.0
2030,sc01,10-31 06:00:00+01:00,bus100,0.0
2030,sc01,10-31 06:00:00+01:00,bus072,0.0
2030,sc01,10-31 06:00:00+01:00,bus039,0.0
2030,sc01,10-31 06:00:00+01:00,bus012,0.0
2030,sc01,10-31 06:00:00+01:00,bus114,0.0
2030,sc01,10-31 06:00:00+01:00,bus112,0.0
2030,sc01,10-31 06:00:00+01:00,bus058,0.0
2030,sc01,10-31 06:00:00+01:00,bus089,0.0
2030,sc01,10-31 06:00:00+01:00,bus051,0.0
2030,sc01,10-31 06:00:00+01:00,bus056,0.0
2030,sc01,10-31 06:00:00+01:00,bus092,0.0
2030,sc01,10-31 06:00:00+01:00,bus036,0.0
2030,sc01,10-31 06:00:00+01:00,bus094,0.0
2030,sc01,10-31 06:00:00+01:00,bus095,0.0
2030,sc01,10-31 06:00:00+01:00,bus113,0.0
2030,sc01,10-31 06:00:00+01:00,bus024,0.0
2030,sc01,10-31 06:00:00+01:00,bus078,0.0
2030,sc01,10-31 06:00:00+01:00,bus033,0.0
2030,sc01,10-31 06:00:00+01:00,bus079,0.0
2030,sc01,10-31 06:00:00+01:00,bus061,0.0
2030,sc01,10-31 06:00:00+01:00,bus118,0.0
2030,sc01,10-31 06:00:00+01:00,bus003,0.0
2030,sc01,10-31 06:00:00+01:00,bus070,0.0
2030,sc01,10-31 06:00:00+01:00,bus004,0.0
2030,sc01,10-31 06:00:00+01:00,bus021,0.0
2030,sc01,10-31 06:00:00+01:00,bus068,0.0
2030,sc01,10-31 06:00:00+01:00,bus028,0.0
2030,sc01,10-31 06:00:00+01:00,bus034,0.0
2030,sc01,10-31 06:00:00+01:00,bus075,0.0
2030,sc01,10-31 06:00:00+01:00,bus064,0.0
2030,sc01,10-31 06:00:00+01:00,bus106,0.0
2030,sc01,10-31 06:00:00+01:00,bus076,0.0
2030,sc01,10-31 06:00:00+01:00,bus046,0.0
2030,sc01,10-31 06:00:00+01:00,bus007,0.0
2030,sc01,10-31 06:00:00+01:00,bus035,0.0
2030,sc01,10-31 06:00:00+01:00,bus117,0.0
2030,sc01,10-31 06:00:00+01:00,bus041,0.0
2030,sc01,10-31 06:00:00+01:00,bus102,0.0
2030,sc01,10-31 06:00:00+01:00,bus026,0.0
2030,sc01,10-31 06:00:00+01:00,bus077,0.0
2030,sc01,10-31 06:00:00+01:00,bus044,0.0
2030,sc01,10-31 06:00:00+01:00,bus091,0.0
2030,sc01,10-31 06:00:00+01:00,bus062,0.0
2030,sc01,10-31 07:00:00+01:00,bus093,0.0
2030,sc01,10-31 07:00:00+01:00,bus097,0.0
2030,sc01,10-31 07:00:00+01:00,bus110,0.0
2030,sc01,10-31 07:00:00+01:00,bus042,0.0
2030,sc01,10-31 07:00:00+01:00,bus066,0.0
2030,sc01,10-31 07:00:00+01:00,bus059,0.0
2030,sc01,10-31 07:00:00+01:00,bus057,0.0
2030,sc01,10-31 07:00:00+01:00,bus067,0.0
2030,sc01,10-31 07:00:00+01:00,bus069,0.0
2030,sc01,10-31 07:00:00+01:00,bus014,0.0
2030,sc01,10-31 07:00:00+01:00,bus090,0.0
2030,sc01,10-31 07:00:00+01:00,bus002,0.0
2030,sc01,10-31 07:00:00+01:00,bus005,0.0
2030,sc01,10-31 07:00:00+01:00,bus109,0.0
2030,sc01,10-31 07:00:00+01:00,bus020,0.0
2030,sc01,10-31 07:00:00+01:00,bus065,0.0
2030,sc01,10-31 07:00:00+01:00,bus001,0.0
2030,sc01,10-31 07:00:00+01:00,bus017,0.0
2030,sc01,10-31 07:00:00+01:00,bus015,0.0
2030,sc01,10-31 07:00:00+01:00,bus054,0.0
2030,sc01,10-31 07:00:00+01:00,bus086,0.0
2030,sc01,10-31 07:00:00+01:00,bus032,0.0
2030,sc01,10-31 07:00:00+01:00,bus038,0.0
2030,sc01,10-31 07:00:00+01:00,bus108,0.0
2030,sc01,10-31 07:00:00+01:00,bus087,0.0
2030,sc01,10-31 07:00:00+01:00,bus027,0.0
2030,sc01,10-31 07:00:00+01:00,bus111,0.0
2030,sc01,10-31 07:00:00+01:00,bus025,0.0
2030,sc01,10-31 07:00:00+01:00,bus029,0.0
2030,sc01,10-31 07:00:00+01:00,bus009,0.0
2030,sc01,10-31 07:00:00+01:00,bus043,0.0
2030,sc01,10-31 07:00:00+01:00,bus045,0.0
2030,sc01,10-31 07:00:00+01:00,bus084,0.0
2030,sc01,10-31 07:00:00+01:00,bus013,0.0
2030,sc01,10-31 07:00:00+01:00,bus063,0.0
2030,sc01,10-31 07:00:00+01:00,bus115,0.0
2030,sc01,10-31 07:00:00+01:00,bus010,0.0
2030,sc01,10-31 07:00:00+01:00,bus073,0.0
2030,sc01,10-31 07:00:00+01:00,bus052,0.0
2030,sc01,10-31 07:00:00+01:00,bus096,0.0
2030,sc01,10-31 07:00:00+01:00,bus050,0.0
2030,sc01,10-31 07:00:00+01:00,bus011,0.0
2030,sc01,10-31 07:00:00+01:00,bus055,0.0
2030,sc01,10-31 07:00:00+01:00,bus083,0.0
2030,sc01,10-31 07:00:00+01:00,bus081,0.0
2030,sc01,10-31 07:00:00+01:00,bus022,0.0
2030,sc01,10-31 07:00:00+01:00,bus071,0.0
2030,sc01,10-31 07:00:00+01:00,bus074,0.0
2030,sc01,10-31 07:00:00+01:00,bus040,0.0
2030,sc01,10-31 07:00:00+01:00,bus099,0.0
2030,sc01,10-31 07:00:00+01:00,bus030,0.0
2030,sc01,10-31 07:00:00+01:00,bus098,0.0
2030,sc01,10-31 07:00:00+01:00,bus053,0.0
2030,sc01,10-31 07:00:00+01:00,bus085,0.0
2030,sc01,10-31 07:00:00+01:00,bus101,0.0
2030,sc01,10-31 07:00:00+01:00,bus018,0.0
2030,sc01,10-31 07:00:00+01:00,bus023,0.0
2030,sc01,10-31 07:00:00+01:00,bus088,0.0
2030,sc01,10-31 07:00:00+01:00,bus116,0.0
2030,sc01,10-31 07:00:00+01:00,bus103,0.0
2030,sc01,10-31 07:00:00+01:00,bus008,0.0
2030,sc01,10-31 07:00:00+01:00,bus105,0.0
2030,sc01,10-31 07:00:00+01:00,bus060,0.0
2030,sc01,10-31 07:00:00+01:00,bus016,0.0
2030,sc01,10-31 07:00:00+01:00,bus082,0.0
2030,sc01,10-31 07:00:00+01:00,bus047,0.0
2030,sc01,10-31 07:00:00+01:00,bus019,0.0
2030,sc01,10-31 07:00:00+01:00,bus037,0.0
2030,sc01,10-31 07:00:00+01:00,bus006,0.0
2030,sc01,10-31 07:00:00+01:00,bus080,0.0
2030,sc01,10-31 07:00:00+01:00,bus031,0.0
2030,sc01,10-31 07:00:00+01:00,bus048,0.0
2030,sc01,10-31 07:00:00+01:00,bus107,0.0
2030,sc01,10-31 07:00:00+01:00,bus049,0.0
2030,sc01,10-31 07:00:00+01:00,bus104,0.0
2030,sc01,10-31 07:00:00+01:00,bus100,0.0
2030,sc01,10-31 07:00:00+01:00,bus072,0.0
2030,sc01,10-31 07:00:00+01:00,bus039,0.0
2030,sc01,10-31 07:00:00+01:00,bus012,0.0
2030,sc01,10-31 07:00:00+01:00,bus114,0.0
2030,sc01,10-31 07:00:00+01:00,bus112,0.0
2030,sc01,10-31 07:00:00+01:00,bus058,0.0
2030,sc01,10-31 07:00:00+01:00,bus089,0.0
2030,sc01,10-31 07:00:00+01:00,bus051,0.0
2030,sc01,10-31 07:00:00+01:00,bus056,0.0
2030,sc01,10-31 07:00:00+01:00,bus092,0.0
2030,sc01,10-31 07:00:00+01:00,bus036,0.0
2030,sc01,10-31 07:00:00+01:00,bus094,0.0
2030,sc01,10-31 07:00:00+01:00,bus095,0.0
2030,sc01,10-31 07:00:00+01:00,bus113,0.0
2030,sc01,10-31 07:00:00+01:00,bus024,0.0
2030,sc01,10-31 07:00:00+01:00,bus078,0.0
2030,sc01,10-31 07:00:00+01:00,bus033,0.0
2030,sc01,10-31 07:00:00+01:00,bus079,0.0
2030,sc01,10-31 07:00:00+01:00,bus061,0.0
2030,sc01,10-31 07:00:00+01:00,bus118,0.0
2030,sc01,10-31 07:00:00+01:00,bus003,0.0
2030,sc01,10-31 07:00:00+01:00,bus070,0.0
2030,sc01,10-31 07:00:00+01:00,bus004,0.0
2030,sc01,10-31 07:00:00+01:00,bus021,0.0
2030,sc01,10-31 07:00:00+01:00,bus068,0.0
2030,sc01,10-31 07:00:00+01:00,bus028,0.0
2030,sc01,10-31 07:00:00+01:00,bus034,0.0
2030,sc01,10-31 07:00:00+01:00,bus075,0.0
2030,sc01,10-31 07:00:00+01:00,bus064,0.0
2030,sc01,10-31 07:00:00+01:00,bus106,0.0
2030,sc01,10-31 07:00:00+01:00,bus076,0.0
2030,sc01,10-31 07:00:00+01:00,bus046,0.0
2030,sc01,10-31 07:00:00+01:00,bus007,0.0
2030,sc01,10-31 07:00:00+01:00,bus035,0.0
2030,sc01,10-31 07:00:00+01:00,bus117,0.0
2030,sc01,10-31 07:00:00+01:00,bus041,0.0
2030,sc01,10-31 07:00:00+01:00,bus102,0.0
2030,sc01,10-31 07:00:00+01:00,bus026,0.0
2030,sc01,10-31 07:00:00+01:00,bus077,0.0
2030,sc01,10-31 07:00:00+01:00,bus044,0.0
2030,sc01,10-31 07:00:00+01:00,bus091,0.0
2030,sc01,10-31 07:00:00+01:00,bus062,0.0
2030,sc01,10-31 13:00:00+01:00,bus093,0.0
2030,sc01,10-31 13:00:00+01:00,bus097,0.0
2030,sc01,10-31 13:00:00+01:00,bus110,0.0
2030,sc01,10-31 13:00:00+01:00,bus042,0.0
2030,sc01,10-31 13:00:00+01:00,bus066,0.0
2030,sc01,10-31 13:00:00+01:00,bus059,0.0
2030,sc01,10-31 13:00:00+01:00,bus057,0.0
2030,sc01,10-31 13:00:00+01:00,bus067,0.0
2030,sc01,10-31 13:00:00+01:00,bus069,0.0
2030,sc01,10-31 13:00:00+01:00,bus014,0.0
2030,sc01,10-31 13:00:00+01:00,bus090,0.0
2030,sc01,10-31 13:00:00+01:00,bus002,0.0
2030,sc01,10-31 13:00:00+01:00,bus005,0.0
2030,sc01,10-31 13:00:00+01:00,bus109,0.0
2030,sc01,10-31 13:00:00+01:00,bus020,0.0
2030,sc01,10-31 13:00:00+01:00,bus065,0.0
2030,sc01,10-31 13:00:00+01:00,bus001,0.0
2030,sc01,10-31 13:00:00+01:00,bus017,0.0
2030,sc01,10-31 13:00:00+01:00,bus015,0.0
2030,sc01,10-31 13:00:00+01:00,bus054,0.0
2030,sc01,10-31 13:00:00+01:00,bus086,0.0
2030,sc01,10-31 13:00:00+01:00,bus032,0.0
2030,sc01,10-31 13:00:00+01:00,bus038,0.0
2030,sc01,10-31 13:00:00+01:00,bus108,0.0
2030,sc01,10-31 13:00:00+01:00,bus087,0.0
2030,sc01,10-31 13:00:00+01:00,bus027,0.0
2030,sc01,10-31 13:00:00+01:00,bus111,0.0
2030,sc01,10-31 13:00:00+01:00,bus025,0.0
2030,sc01,10-31 13:00:00+01:00,bus029,0.0
2030,sc01,10-31 13:00:00+01:00,bus009,0.0
2030,sc01,10-31 13:00:00+01:00,bus043,0.0
2030,sc01,10-31 13:00:00+01:00,bus045,0.0
2030,sc01,10-31 13:00:00+01:00,bus084,0.0
2030,sc01,10-31 13:00:00+01:00,bus013,0.0
2030,sc01,10-31 13:00:00+01:00,bus063,0.0
2030,sc01,10-31 13:00:00+01:00,bus115,0.0
2030,sc01,10-31 13:00:00+01:00,bus010,0.0
2030,sc01,10-31 13:00:00+01:00,bus073,0.0
2030,sc01,10-31 13:00:00+01:00,bus052,0.0
2030,sc01,10-31 13:00:00+01:00,bus096,0.0
2030,sc01,10-31 13:00:00+01:00,bus050,0.0
2030,sc01,10-31 13:00:00+01:00,bus011,0.0
2030,sc01,10-31 13:00:00+01:00,bus055,0.0
2030,sc01,10-31 13:00:00+01:00,bus083,0.0
2030,sc01,10-31 13:00:00+01:00,bus081,0.0
2030,sc01,10-31 13:00:00+01:00,bus022,0.0
2030,sc01,10-31 13:00:00+01:00,bus071,0.0
2030,sc01,10-31 13:00:00+01:00,bus074,0.0
2030,sc01,10-31 13:00:00+01:00,bus040,0.0
2030,sc01,10-31 13:00:00+01:00,bus099,0.0
2030,sc01,10-31 13:00:00+01:00,bus030,0.0
2030,sc01,10-31 13:00:00+01:00,bus098,0.0
2030,sc01,10-31 13:00:00+01:00,bus053,0.0
2030,sc01,10-31 13:00:00+01:00,bus085,0.0
2030,sc01,10-31 13:00:00+01:00,bus101,0.0
2030,sc01,10-31 13:00:00+01:00,bus018,0.0
2030,sc01,10-31 13:00:00+01:00,bus023,0.0
2030,sc01,10-31 13:00:00+01:00,bus088,0.0
2030,sc01,10-31 13:00:00+01:00,bus116,0.0
2030,sc01,10-31 13:00:00+01:00,bus103,0.0
2030,sc01,10-31 13:00:00+01:00,bus008,0.0
2030,sc01,10-31 13:00:00+01:00,bus105,0.0
2030,sc01,10-31 13:00:00+01:00,bus060,0.0
2030,sc01,10-31 13:00:00+01:00,bus016,0.0
2030,sc01,10-31 13:00:00+01:00,bus082,0.0
2030,sc01,10-31 13:00:00+01:00,bus047,0.0
2030,sc01,10-31 13:00:00+01:00,bus019,0.0
2030,sc01,10-31 13:00:00+01:00,bus037,0.0
2030,sc01,10-31 13:00:00+01:00,bus006,0.0
2030,sc01,10-31 13:00:00+01:00,bus080,0.0
2030,sc01,10-31 13:00:00+01:00,bus031,0.0
2030,sc01,10-31 13:00:00+01:00,bus048,0.0
2030,sc01,10-31 13:00:00+01:00,bus107,0.0
2030,sc01,10-31 13:00:00+01:00,bus049,0.0
2030,sc01,10-31 13:00:00+01:00,bus104,0.0
2030,sc01,10-31 13:00:00+01:00,bus100,0.0
2030,sc01,10-31 13:00:00+01:00,bus072,0.0
2030,sc01,10-31 13:00:00+01:00,bus039,0.0
2030,sc01,10-31 13:00:00+01:00,bus012,0.0
2030,sc01,10-31 13:00:00+01:00,bus114,0.0
2030,sc01,10-31 13:00:00+01:00,bus112,0.0
2030,sc01,10-31 13:00:00+01:00,bus058,0.0
2030,sc01,10-31 13:00:00+01:00,bus089,0.0
2030,sc01,10-31 13:00:00+01:00,bus051,0.0
2030,sc01,10-31 13:00:00+01:00,bus056,0.0
2030,sc01,10-31 13:00:00+01:00,bus092,0.0
2030,sc01,10-31 13:00:00+01:00,bus036,0.0
2030,sc01,10-31 13:00:00+01:00,bus094,0.0
2030,sc01,10-31 13:00:00+01:00,bus095,0.0
2030,sc01,10-31 13:00:00+01:00,bus113,0.0
2030,sc01,10-31 13:00:00+01:00,bus024,0.0
2030,sc01,10-31 13:00:00+01:00,bus078,0.0
2030,sc01,10-31 13:00:00+01:00,bus033,0.0
2030,sc01,10-31 13:00:00+01:00,bus079,0.0
2030,sc01,10-31 13:00:00+01:00,bus061,0.0
2030,sc01,10-31 13:00:00+01:00,bus118,0.0
2030,sc01,10-31 13:00:00+01:00,bus003,0.0
2030,sc01,10-31 13:00:00+01:00,bus070,0.0
2030,sc01,10-31 13:00:00+01:00,bus004,0.0
2030,sc01,10-31 13:00:00+01:00,bus021,0.0
2030,sc01,10-31 13:00:00+01:00,bus068,0.0
2030,sc01,10-31 13:00:00+01:00,bus028,0.0
2030,sc01,10-31 13:00:00+01:00,bus034,0.0
2030,sc01,10-31 13:00:00+01:00,bus075,0.0
2030,sc01,10-31 13:00:00+01:00,bus064,0.0
2030,sc01,10-31 13:00:00+01:00,bus106,0.0
2030,sc01,10-31 13:00:00+01:00,bus076,0.0
2030,sc01,10-31 13:00:00+01:00,bus046,0.0
2030,sc01,10-31 13:00:00+01:00,bus007,0.0
2030,sc01,10-31 13:00:00+01:00,bus035,0.0
2030,sc01,10-31 13:00:00+01:00,bus117,0.0
2030,sc01,10-31 13:00:00+01:00,bus041,0.0
2030,sc01,10-31 13:00:00+01:00,bus102,0.0
2030,sc01,10-31 13:00:00+01:00,bus026,0.0
2030,sc01,10-31 13:00:00+01:00,bus077,0.0
2030,sc01,10-31 13:00:00+01:00,bus044,0.0
2030,sc01,10-31 13:00:00+01:00,bus091,0.0
2030,sc01,10-31 13:00:00+01:00,bus062,0.0
2030,sc01,10-31 17:00:00+01:00,bus093,0.0
2030,sc01,10-31 17:00:00+01:00,bus097,0.0
2030,sc01,10-31 17:00:00+01:00,bus110,0.0
2030,sc01,10-31 17:00:00+01:00,bus042,0.0
2030,sc01,10-31 17:00:00+01:00,bus066,0.0
2030,sc01,10-31 17:00:00+01:00,bus059,0.0
2030,sc01,10-31 17:00:00+01:00,bus057,0.0
2030,sc01,10-31 17:00:00+01:00,bus067,0.0
2030,sc01,10-31 17:00:00+01:00,bus069,0.0
2030,sc01,10-31 17:00:00+01:00,bus014,0.0
2030,sc01,10-31 17:00:00+01:00,bus090,0.0
2030,sc01,10-31 17:00:00+01:00,bus002,0.0
2030,sc01,10-31 17:00:00+01:00,bus005,0.0
2030,sc01,10-31 17:00:00+01:00,bus109,0.0
2030,sc01,10-31 17:00:00+01:00,bus020,0.0
2030,sc01,10-31 17:00:00+01:00,bus065,0.0
2030,sc01,10-31 17:00:00+01:00,bus001,0.0
2030,sc01,10-31 17:00:00+01:00,bus017,0.0
2030,sc01,10-31 17:00:00+01:00,bus015,0.0
2030,sc01,10-31 17:00:00+01:00,bus054,0.0
2030,sc01,10-31 17:00:00+01:00,bus086,0.0
2030,sc01,10-31 17:00:00+01:00,bus032,0.0
2030,sc01,10-31 17:00:00+01:00,bus038,0.0
2030,sc01,10-31 17:00:00+01:00,bus108,0.0
2030,sc01,10-31 17:00:00+01:00,bus087,0.0
2030,sc01,10-31 17:00:00+01:00,bus027,0.0
2030,sc01,10-31 17:00:00+01:00,bus111,0.0
2030,sc01,10-31 17:00:00+01:00,bus025,0.0
2030,sc01,10-31 17:00:00+01:00,bus029,0.0
2030,sc01,10-31 17:00:00+01:00,bus009,0.0
2030,sc01,10-31 17:00:00+01:00,bus043,0.0
2030,sc01,10-31 17:00:00+01:00,bus045,0.0
2030,sc01,10-31 17:00:00+01:00,bus084,0.0
2030,sc01,10-31 17:00:00+01:00,bus013,0.0
2030,sc01,10-31 17:00:00+01:00,bus063,0.0
2030,sc01,10-31 17:00:00+01:00,bus115,0.0
2030,sc01,10-31 17:00:00+01:00,bus010,0.0
2030,sc01,10-31 17:00:00+01:00,bus073,0.0
2030,sc01,10-31 17:00:00+01:00,bus052,0.0
2030,sc01,10-31 17:00:00+01:00,bus096,0.0
2030,sc01,10-31 17:00:00+01:00,bus050,0.0
2030,sc01,10-31 17:00:00+01:00,bus011,0.0
2030,sc01,10-31 17:00:00+01:00,bus055,0.0
2030,sc01,10-31 17:00:00+01:00,bus083,0.0
2030,sc01,10-31 17:00:00+01:00,bus081,0.0
2030,sc01,10-31 17:00:00+01:00,bus022,0.0
2030,sc01,10-31 17:00:00+01:00,bus071,0.0
2030,sc01,10-31 17:00:00+01:00,bus074,0.0
2030,sc01,10-31 17:00:00+01:00,bus040,0.0
2030,sc01,10-31 17:00:00+01:00,bus099,0.0
2030,sc01,10-31 17:00:00+01:00,bus030,0.0
2030,sc01,10-31 17:00:00+01:00,bus098,0.0
2030,sc01,10-31 17:00:00+01:00,bus053,0.0
2030,sc01,10-31 17:00:00+01:00,bus085,0.0
2030,sc01,10-31 17:00:00+01:00,bus101,0.0
2030,sc01,10-31 17:00:00+01:00,bus018,0.0
2030,sc01,10-31 17:00:00+01:00,bus023,0.0
2030,sc01,10-31 17:00:00+01:00,bus088,0.0
2030,sc01,10-31 17:00:00+01:00,bus116,0.0
2030,sc01,10-31 17:00:00+01:00,bus103,0.0
2030,sc01,10-31 17:00:00+01:00,bus008,0.0
2030,sc01,10-31 17:00:00+01:00,bus105,0.0
2030,sc01,10-31 17:00:00+01:00,bus060,0.0
2030,sc01,10-31 17:00:00+01:00,bus016,0.0
2030,sc01,10-31 17:00:00+01:00,bus082,0.0
2030,sc01,10-31 17:00:00+01:00,bus047,0.0
2030,sc01,10-31 17:00:00+01:00,bus019,0.0
2030,sc01,10-31 17:00:00+01:00,bus037,0.0
2030,sc01,10-31 17:00:00+01:00,bus006,0.0
2030,sc01,10-31 17:00:00+01:00,bus080,0.0
2030,sc01,10-31 17:00:00+01:00,bus031,0.0
2030,sc01,10-31 17:00:00+01:00,bus048,0.0
2030,sc01,10-31 17:00:00+01:00,bus107,0.0
2030,sc01,10-31 17:00:00+01:00,bus049,0.0
2030,sc01,10-31 17:00:00+01:00,bus104,0.0
2030,sc01,10-31 17:00:00+01:00,bus100,0.0
2030,sc01,10-31 17:00:00+01:00,bus072,0.0
2030,sc01,10-31 17:00:00+01:00,bus039,0.0
2030,sc01,10-31 17:00:00+01:00,bus012,0.0
2030,sc01,10-31 17:00:00+01:00,bus114,0.0
2030,sc01,10-31 17:00:00+01:00,bus112,0.0
2030,sc01,10-31 17:00:00+01:00,bus058,0.0
2030,sc01,10-31 17:00:00+01:00,bus089,0.0
2030,sc01,10-31 17:00:00+01:00,bus051,0.0
2030,sc01,10-31 17:00:00+01:00,bus056,0.0
2030,sc01,10-31 17:00:00+01:00,bus092,0.0
2030,sc01,10-31 17:00:00+01:00,bus036,0.0
2030,sc01,10-31 17:00:00+01:00,bus094,0.0
2030,sc01,10-31 17:00:00+01:00,bus095,0.0
2030,sc01,10-31 17:00:00+01:00,bus113,0.0
2030,sc01,10-31 17:00:00+01:00,bus024,0.0
2030,sc01,10-31 17:00:00+01:00,bus078,0.0
2030,sc01,10-31 17:00:00+01:00,bus033,0.0
2030,sc01,10-31 17:00:00+01:00,bus079,0.0
2030,sc01,10-31 17:00:00+01:00,bus061,0.0
2030,sc01,10-31 17:00:00+01:00,bus118,0.0
2030,sc01,10-31 17:00:00+01:00,bus003,0.0
2030,sc01,10-31 17:00:00+01:00,bus070,0.0
2030,sc01,10-31 17:00:00+01:00,bus004,0.0
2030,sc01,10-31 17:00:00+01:00,bus021,0.0
2030,sc01,10-31 17:00:00+01:00,bus068,0.0
2030,sc01,10-31 17:00:00+01:00,bus028,0.0
2030,sc01,10-31 17:00:00+01:00,bus034,0.0
2030,sc01,10-31 17:00:00+01:00,bus075,0.0
2030,sc01,10-31 17:00:00+01:00,bus064,0.0
2030,sc01,10-31 17:00:00+01:00,bus106,0.0
2030,sc01,10-31 17:00:00+01:00,bus076,0.0
2030,sc01,10-31 17:00:00+01:00,bus046,0.0
2030,sc01,10-31 17:00:00+01:00,bus007,0.0
2030,sc01,10-31 17:00:00+01:00,bus035,0.0
2030,sc01,10-31 17:00:00+01:00,bus117,0.0
2030,sc01,10-31 17:00:00+01:00,bus041,0.0
2030,sc01,10-31 17:00:00+01:00,bus102,0.0
2030,sc01,10-31 17:00:00+01:00,bus026,0.0
2030,sc01,10-31 17:00:00+01:00,bus077,0.0
2030,sc01,10-31 17:00:00+01:00,bus044,0.0
2030,sc01,10-31 17:00:00+01:00,bus091,0.0
2030,sc01,10-31 17:00:00+01:00,bus062,0.0
2030,sc01,10-31 20:00:00+01:00,bus093,0.0
2030,sc01,10-31 20:00:00+01:00,bus097,0.0
2030,sc01,10-31 20:00:00+01:00,bus110,0.0
2030,sc01,10-31 20:00:00+01:00,bus042,0.0
2030,sc01,10-31 20:00:00+01:00,bus066,0.0
2030,sc01,10-31 20:00:00+01:00,bus059,0.0
2030,sc01,10-31 20:00:00+01:00,bus057,0.0
2030,sc01,10-31 20:00:00+01:00,bus067,0.0
2030,sc01,10-31 20:00:00+01:00,bus069,0.0
2030,sc01,10-31 20:00:00+01:00,bus014,0.0
2030,sc01,10-31 20:00:00+01:00,bus090,0.0
2030,sc01,10-31 20:00:00+01:00,bus002,0.0
2030,sc01,10-31 20:00:00+01:00,bus005,0.0
2030,sc01,10-31 20:00:00+01:00,bus109,0.0
2030,sc01,10-31 20:00:00+01:00,bus020,0.0
2030,sc01,10-31 20:00:00+01:00,bus065,0.0
2030,sc01,10-31 20:00:00+01:00,bus001,0.0
2030,sc01,10-31 20:00:00+01:00,bus017,0.0
2030,sc01,10-31 20:00:00+01:00,bus015,0.0
2030,sc01,10-31 20:00:00+01:00,bus054,0.0
2030,sc01,10-31 20:00:00+01:00,bus086,0.0
2030,sc01,10-31 20:00:00+01:00,bus032,0.0
2030,sc01,10-31 20:00:00+01:00,bus038,0.0
2030,sc01,10-31 20:00:00+01:00,bus108,0.0
2030,sc01,10-31 20:00:00+01:00,bus087,0.0
2030,sc01,10-31 20:00:00+01:00,bus027,0.0
2030,sc01,10-31 20:00:00+01:00,bus111,0.0
2030,sc01,10-31 20:00:00+01:00,bus025,0.0
2030,sc01,10-31 20:00:00+01:00,bus029,0.0
2030,sc01,10-31 20:00:00+01:00,bus009,0.0
2030,sc01,10-31 20:00:00+01:00,bus043,0.0
2030,sc01,10-31 20:00:00+01:00,bus045,0.0
2030,sc01,10-31 20:00:00+01:00,bus084,0.0
2030,sc01,10-31 20:00:00+01:00,bus013,0.0
2030,sc01,10-31 20:00:00+01:00,bus063,0.0
2030,sc01,10-31 20:00:00+01:00,bus115,0.0
2030,sc01,10-31 20:00:00+01:00,bus010,0.0
2030,sc01,10-31 20:00:00+01:00,bus073,0.0
2030,sc01,10-31 20:00:00+01:00,bus052,0.0
2030,sc01,10-31 20:00:00+01:00,bus096,0.0
2030,sc01,10-31 20:00:00+01:00,bus050,0.0
2030,sc01,10-31 20:00:00+01:00,bus011,0.0
2030,sc01,10-31 20:00:00+01:00,bus055,0.0
2030,sc01,10-31 20:00:00+01:00,bus083,0.0
2030,sc01,10-31 20:00:00+01:00,bus081,0.0
2030,sc01,10-31 20:00:00+01:00,bus022,0.0
2030,sc01,10-31 20:00:00+01:00,bus071,0.0
2030,sc01,10-31 20:00:00+01:00,bus074,0.0
2030,sc01,10-31 20:00:00+01:00,bus040,0.0
2030,sc01,10-31 20:00:00+01:00,bus099,0.0
2030,sc01,10-31 20:00:00+01:00,bus030,0.0
2030,sc01,10-31 20:00:00+01:00,bus098,0.0
2030,sc01,10-31 20:00:00+01:00,bus053,0.0
2030,sc01,10-31 20:00:00+01:00,bus085,0.0
2030,sc01,10-31 20:00:00+01:00,bus101,0.0
2030,sc01,10-31 20:00:00+01:00,bus018,0.0
2030,sc01,10-31 20:00:00+01:00,bus023,0.0
2030,sc01,10-31 20:00:00+01:00,bus088,0.0
2030,sc01,10-31 20:00:00+01:00,bus116,0.0
2030,sc01,10-31 20:00:00+01:00,bus103,0.0
2030,sc01,10-31 20:00:00+01:00,bus008,0.0
2030,sc01,10-31 20:00:00+01:00,bus105,0.0
2030,sc01,10-31 20:00:00+01:00,bus060,0.0
2030,sc01,10-31 20:00:00+01:00,bus016,0.0
2030,sc01,10-31 20:00:00+01:00,bus082,0.0
2030,sc01,10-31 20:00:00+01:00,bus047,0.0
2030,sc01,10-31 20:00:00+01:00,bus019,0.0
2030,sc01,10-31 20:00:00+01:00,bus037,0.0
2030,sc01,10-31 20:00:00+01:00,bus006,0.0
2030,sc01,10-31 20:00:00+01:00,bus080,0.0
2030,sc01,10-31 20:00:00+01:00,bus031,0.0
2030,sc01,10-31 20:00:00+01:00,bus048,0.0
2030,sc01,10-31 20:00:00+01:00,bus107,0.0
2030,sc01,10-31 20:00:00+01:00,bus049,0.0
2030,sc01,10-31 20:00:00+01:00,bus104,0.0
2030,sc01,10-31 20:00:00+01:00,bus100,0.0
2030,sc01,10-31 20:00:00+01:00,bus072,0.0
2030,sc01,10-31 20:00:00+01:00,bus039,0.0
2030,sc01,10-31 20:00:00+01:00,bus012,0.0
2030,sc01,10-31 20:00:00+01:00,bus114,0.0
2030,sc01,10-31 20:00:00+01:00,bus112,0.0
2030,sc01,10-31 20:00:00+01:00,bus058,0.0
2030,sc01,10-31 20:00:00+01:00,bus089,0.0
2030,sc01,10-31 20:00:00+01:00,bus051,0.0
2030,sc01,10-31 20:00:00+01:00,bus056,0.0
2030,sc01,10-31 20:00:00+01:00,bus092,0.0
2030,sc01,10-31 20:00:00+01:00,bus036,0.0
2030,sc01,10-31 20:00:00+01:00,bus094,0.0
2030,sc01,10-31 20:00:00+01:00,bus095,0.0
2030,sc01,10-31 20:00:00+01:00,bus113,0.0
2030,sc01,10-31 20:00:00+01:00,bus024,0.0
2030,sc01,10-31 20:00:00+01:00,bus078,0.0
2030,sc01,10-31 20:00:00+01:00,bus033,0.0
2030,sc01,10-31 20:00:00+01:00,bus079,0.0
2030,sc01,10-31 20:00:00+01:00,bus061,0.0
2030,sc01,10-31 20:00:00+01:00,bus118,0.0
2030,sc01,10-31 20:00:00+01:00,bus003,0.0
2030,sc01,10-31 20:00:00+01:00,bus070,0.0
2030,sc01,10-31 20:00:00+01:00,bus004,0.0
2030,sc01,10-31 20:00:00+01:00,bus021,0.0
2030,sc01,10-31 20:00:00+01:00,bus068,0.0
2030,sc01,10-31 20:00:00+01:00,bus028,0.0
2030,sc01,10-31 20:00:00+01:00,bus034,0.0
2030,sc01,10-31 20:00:00+01:00,bus075,0.0
2030,sc01,10-31 20:00:00+01:00,bus064,0.0
2030,sc01,10-31 20:00:00+01:00,bus106,0.0
2030,sc01,10-31 20:00:00+01:00,bus076,0.0
2030,sc01,10-31 20:00:00+01:00,bus046,0.0
2030,sc01,10-31 20:00:00+01:00,bus007,0.0
2030,sc01,10-31 20:00:00+01:00,bus035,0.0
2030,sc01,10-31 20:00:00+01:00,bus117,0.0
2030,sc01,10-31 20:00:00+01:00,bus041,0.0
2030,sc01,10-31 20:00:00+01:00,bus102,0.0
2030,sc01,10-31 20:00:00+01:00,bus026,0.0
2030,sc01,10-31 20:00:00+01:00,bus077,0.0
2030,sc01,10-31 20:00:00+01:00,bus044,0.0
2030,sc01,10-31 20:00:00+01:00,bus091,0.0
2030,sc01,10-31 20:00:00+01:00,bus062,0.0
2030,sc01,11-02 18:00:00+01:00,bus093,0.0
2030,sc01,11-02 18:00:00+01:00,bus097,0.0
2030,sc01,11-02 18:00:00+01:00,bus110,0.0
2030,sc01,11-02 18:00:00+01:00,bus042,0.0
2030,sc01,11-02 18:00:00+01:00,bus066,0.0
2030,sc01,11-02 18:00:00+01:00,bus059,0.0
2030,sc01,11-02 18:00:00+01:00,bus057,0.0
2030,sc01,11-02 18:00:00+01:00,bus067,0.0
2030,sc01,11-02 18:00:00+01:00,bus069,0.0
2030,sc01,11-02 18:00:00+01:00,bus014,0.0
2030,sc01,11-02 18:00:00+01:00,bus090,0.0
2030,sc01,11-02 18:00:00+01:00,bus002,0.0
2030,sc01,11-02 18:00:00+01:00,bus005,0.0
2030,sc01,11-02 18:00:00+01:00,bus109,0.0
2030,sc01,11-02 18:00:00+01:00,bus020,0.0
2030,sc01,11-02 18:00:00+01:00,bus065,0.0
2030,sc01,11-02 18:00:00+01:00,bus001,0.0
2030,sc01,11-02 18:00:00+01:00,bus017,0.0
2030,sc01,11-02 18:00:00+01:00,bus015,0.0
2030,sc01,11-02 18:00:00+01:00,bus054,0.0
2030,sc01,11-02 18:00:00+01:00,bus086,0.0
2030,sc01,11-02 18:00:00+01:00,bus032,0.0
2030,sc01,11-02 18:00:00+01:00,bus038,0.0
2030,sc01,11-02 18:00:00+01:00,bus108,0.0
2030,sc01,11-02 18:00:00+01:00,bus087,0.0
2030,sc01,11-02 18:00:00+01:00,bus027,0.0
2030,sc01,11-02 18:00:00+01:00,bus111,0.0
2030,sc01,11-02 18:00:00+01:00,bus025,0.0
2030,sc01,11-02 18:00:00+01:00,bus029,0.0
2030,sc01,11-02 18:00:00+01:00,bus009,0.0
2030,sc01,11-02 18:00:00+01:00,bus043,0.0
2030,sc01,11-02 18:00:00+01:00,bus045,0.0
2030,sc01,11-02 18:00:00+01:00,bus084,0.0
2030,sc01,11-02 18:00:00+01:00,bus013,0.0
2030,sc01,11-02 18:00:00+01:00,bus063,0.0
2030,sc01,11-02 18:00:00+01:00,bus115,0.0
2030,sc01,11-02 18:00:00+01:00,bus010,0.0
2030,sc01,11-02 18:00:00+01:00,bus073,0.0
2030,sc01,11-02 18:00:00+01:00,bus052,0.0
2030,sc01,11-02 18:00:00+01:00,bus096,0.0
2030,sc01,11-02 18:00:00+01:00,bus050,0.0
2030,sc01,11-02 18:00:00+01:00,bus011,0.0
2030,sc01,11-02 18:00:00+01:00,bus055,0.0
2030,sc01,11-02 18:00:00+01:00,bus083,0.0
2030,sc01,11-02 18:00:00+01:00,bus081,0.0
2030,sc01,11-02 18:00:00+01:00,bus022,0.0
2030,sc01,11-02 18:00:00+01:00,bus071,0.0
2030,sc01,11-02 18:00:00+01:00,bus074,0.0
2030,sc01,11-02 18:00:00+01:00,bus040,0.0
2030,sc01,11-02 18:00:00+01:00,bus099,0.0
2030,sc01,11-02 18:00:00+01:00,bus030,0.0
2030,sc01,11-02 18:00:00+01:00,bus098,0.0
2030,sc01,11-02 18:00:00+01:00,bus053,0.0
2030,sc01,11-02 18:00:00+01:00,bus085,0.0
2030,sc01,11-02 18:00:00+01:00,bus101,0.0
2030,sc01,11-02 18:00:00+01:00,bus018,0.0
2030,sc01,11-02 18:00:00+01:00,bus023,0.0
2030,sc01,11-02 18:00:00+01:00,bus088,0.0
2030,sc01,11-02 18:00:00+01:00,bus116,0.0
2030,sc01,11-02 18:00:00+01:00,bus103,0.0
2030,sc01,11-02 18:00:00+01:00,bus008,0.0
2030,sc01,11-02 18:00:00+01:00,bus105,0.0
2030,sc01,11-02 18:00:00+01:00,bus060,0.0
2030,sc01,11-02 18:00:00+01:00,bus016,0.0
2030,sc01,11-02 18:00:00+01:00,bus082,0.0
2030,sc01,11-02 18:00:00+01:00,bus047,0.0
2030,sc01,11-02 18:00:00+01:00,bus019,0.0
2030,sc01,11-02 18:00:00+01:00,bus037,0.0
2030,sc01,11-02 18:00:00+01:00,bus006,0.0
2030,sc01,11-02 18:00:00+01:00,bus080,0.0
2030,sc01,11-02 18:00:00+01:00,bus031,0.0
2030,sc01,11-02 18:00:00+01:00,bus048,0.0
2030,sc01,11-02 18:00:00+01:00,bus107,0.0
2030,sc01,11-02 18:00:00+01:00,bus049,0.0
2030,sc01,11-02 18:00:00+01:00,bus104,0.0
2030,sc01,11-02 18:00:00+01:00,bus100,0.0
2030,sc01,11-02 18:00:00+01:00,bus072,0.0
2030,sc01,11-02 18:00:00+01:00,bus039,0.0
2030,sc01,11-02 18:00:00+01:00,bus012,0.0
2030,sc01,11-02 18:00:00+01:00,bus114,0.0
2030,sc01,11-02 18:00:00+01:00,bus112,0.0
2030,sc01,11-02 18:00:00+01:00,bus058,0.0
2030,sc01,11-02 18:00:00+01:00,bus089,0.0
2030,sc01,11-02 18:00:00+01:00,bus051,0.0
2030,sc01,11-02 18:00:00+01:00,bus056,0.0
2030,sc01,11-02 18:00:00+01:00,bus092,0.0
2030,sc01,11-02 18:00:00+01:00,bus036,0.0
2030,sc01,11-02 18:00:00+01:00,bus094,0.0
2030,sc01,11-02 18:00:00+01:00,bus095,0.0
2030,sc01,11-02 18:00:00+01:00,bus113,0.0
2030,sc01,11-02 18:00:00+01:00,bus024,0.0
2030,sc01,11-02 18:00:00+01:00,bus078,0.0
2030,sc01,11-02 18:00:00+01:00,bus033,0.0
2030,sc01,11-02 18:00:00+01:00,bus079,0.0
2030,sc01,11-02 18:00:00+01:00,bus061,0.0
2030,sc01,11-02 18:00:00+01:00,bus118,0.0
2030,sc01,11-02 18:00:00+01:00,bus003,0.0
2030,sc01,11-02 18:00:00+01:00,bus070,0.0
2030,sc01,11-02 18:00:00+01:00,bus004,0.0
2030,sc01,11-02 18:00:00+01:00,bus021,0.0
2030,sc01,11-02 18:00:00+01:00,bus068,0.0
2030,sc01,11-02 18:00:00+01:00,bus028,0.0
2030,sc01,11-02 18:00:00+01:00,bus034,0.0
2030,sc01,11-02 18:00:00+01:00,bus075,0.0
2030,sc01,11-02 18:00:00+01:00,bus064,0.0
2030,sc01,11-02 18:00:00+01:00,bus106,0.0
2030,sc01,11-02 18:00:00+01:00,bus076,0.0
2030,sc01,11-02 18:00:00+01:00,bus046,0.0
2030,sc01,11-02 18:00:00+01:00,bus007,0.0
2030,sc01,11-02 18:00:00+01:00,bus035,0.0
2030,sc01,11-02 18:00:00+01:00,bus117,0.0
2030,sc01,11-02 18:00:00+01:00,bus041,0.0
2030,sc01,11-02 18:00:00+01:00,bus102,0.0
2030,sc01,11-02 18:00:00+01:00,bus026,0.0
2030,sc01,11-02 18:00:00+01:00,bus077,0.0
2030,sc01,11-02 18:00:00+01:00,bus044,0.0
2030,sc01,11-02 18:00:00+01:00,bus091,0.0
2030,sc01,11-02 18:00:00+01:00,bus062,0.0
2030,sc01,11-03 20:00:00+01:00,bus093,0.0
2030,sc01,11-03 20:00:00+01:00,bus097,0.0
2030,sc01,11-03 20:00:00+01:00,bus110,0.0
2030,sc01,11-03 20:00:00+01:00,bus042,0.0
2030,sc01,11-03 20:00:00+01:00,bus066,0.0
2030,sc01,11-03 20:00:00+01:00,bus059,0.0
2030,sc01,11-03 20:00:00+01:00,bus057,0.0
2030,sc01,11-03 20:00:00+01:00,bus067,0.0
2030,sc01,11-03 20:00:00+01:00,bus069,0.0
2030,sc01,11-03 20:00:00+01:00,bus014,0.0
2030,sc01,11-03 20:00:00+01:00,bus090,0.0
2030,sc01,11-03 20:00:00+01:00,bus002,0.0
2030,sc01,11-03 20:00:00+01:00,bus005,0.0
2030,sc01,11-03 20:00:00+01:00,bus109,0.0
2030,sc01,11-03 20:00:00+01:00,bus020,0.0
2030,sc01,11-03 20:00:00+01:00,bus065,0.0
2030,sc01,11-03 20:00:00+01:00,bus001,0.0
2030,sc01,11-03 20:00:00+01:00,bus017,0.0
2030,sc01,11-03 20:00:00+01:00,bus015,0.0
2030,sc01,11-03 20:00:00+01:00,bus054,0.0
2030,sc01,11-03 20:00:00+01:00,bus086,0.0
2030,sc01,11-03 20:00:00+01:00,bus032,0.0
2030,sc01,11-03 20:00:00+01:00,bus038,0.0
2030,sc01,11-03 20:00:00+01:00,bus108,0.0
2030,sc01,11-03 20:00:00+01:00,bus087,0.0
2030,sc01,11-03 20:00:00+01:00,bus027,0.0
2030,sc01,11-03 20:00:00+01:00,bus111,0.0
2030,sc01,11-03 20:00:00+01:00,bus025,0.0
2030,sc01,11-03 20:00:00+01:00,bus029,0.0
2030,sc01,11-03 20:00:00+01:00,bus009,0.0
2030,sc01,11-03 20:00:00+01:00,bus043,0.0
2030,sc01,11-03 20:00:00+01:00,bus045,0.0
2030,sc01,11-03 20:00:00+01:00,bus084,0.0
2030,sc01,11-03 20:00:00+01:00,bus013,0.0
2030,sc01,11-03 20:00:00+01:00,bus063,0.0
2030,sc01,11-03 20:00:00+01:00,bus115,0.0
2030,sc01,11-03 20:00:00+01:00,bus010,0.0
2030,sc01,11-03 20:00:00+01:00,bus073,0.0
2030,sc01,11-03 20:00:00+01:00,bus052,0.0
2030,sc01,11-03 20:00:00+01:00,bus096,0.0
2030,sc01,11-03 20:00:00+01:00,bus050,0.0
2030,sc01,11-03 20:00:00+01:00,bus011,0.0
2030,sc01,11-03 20:00:00+01:00,bus055,0.0
2030,sc01,11-03 20:00:00+01:00,bus083,0.0
2030,sc01,11-03 20:00:00+01:00,bus081,0.0
2030,sc01,11-03 20:00:00+01:00,bus022,0.0
2030,sc01,11-03 20:00:00+01:00,bus071,0.0
2030,sc01,11-03 20:00:00+01:00,bus074,0.0
2030,sc01,11-03 20:00:00+01:00,bus040,0.0
2030,sc01,11-03 20:00:00+01:00,bus099,0.0
2030,sc01,11-03 20:00:00+01:00,bus030,0.0
2030,sc01,11-03 20:00:00+01:00,bus098,0.0
2030,sc01,11-03 20:00:00+01:00,bus053,0.0
2030,sc01,11-03 20:00:00+01:00,bus085,0.0
2030,sc01,11-03 20:00:00+01:00,bus101,0.0
2030,sc01,11-03 20:00:00+01:00,bus018,0.0
2030,sc01,11-03 20:00:00+01:00,bus023,0.0
2030,sc01,11-03 20:00:00+01:00,bus088,0.0
2030,sc01,11-03 20:00:00+01:00,bus116,0.0
2030,sc01,11-03 20:00:00+01:00,bus103,0.0
2030,sc01,11-03 20:00:00+01:00,bus008,0.0
2030,sc01,11-03 20:00:00+01:00,bus105,0.0
2030,sc01,11-03 20:00:00+01:00,bus060,0.0
2030,sc01,11-03 20:00:00+01:00,bus016,0.0
2030,sc01,11-03 20:00:00+01:00,bus082,0.0
2030,sc01,11-03 20:00:00+01:00,bus047,0.0
2030,sc01,11-03 20:00:00+01:00,bus019,0.0
2030,sc01,11-03 20:00:00+01:00,bus037,0.0
2030,sc01,11-03 20:00:00+01:00,bus006,0.0
2030,sc01,11-03 20:00:00+01:00,bus080,0.0
2030,sc01,11-03 20:00:00+01:00,bus031,0.0
2030,sc01,11-03 20:00:00+01:00,bus048,0.0
2030,sc01,11-03 20:00:00+01:00,bus107,0.0
2030,sc01,11-03 20:00:00+01:00,bus049,0.0
2030,sc01,11-03 20:00:00+01:00,bus104,0.0
2030,sc01,11-03 20:00:00+01:00,bus100,0.0
2030,sc01,11-03 20:00:00+01:00,bus072,0.0
2030,sc01,11-03 20:00:00+01:00,bus039,0.0
2030,sc01,11-03 20:00:00+01:00,bus012,0.0
2030,sc01,11-03 20:00:00+01:00,bus114,0.0
2030,sc01,11-03 20:00:00+01:00,bus112,0.0
2030,sc01,11-03 20:00:00+01:00,bus058,0.0
2030,sc01,11-03 20:00:00+01:00,bus089,0.0
2030,sc01,11-03 20:00:00+01:00,bus051,0.0
2030,sc01,11-03 20:00:00+01:00,bus056,0.0
2030,sc01,11-03 20:00:00+01:00,bus092,0.0
2030,sc01,11-03 20:00:00+01:00,bus036,0.0
2030,sc01,11-03 20:00:00+01:00,bus094,0.0
2030,sc01,11-03 20:00:00+01:00,bus095,0.0
2030,sc01,11-03 20:00:00+01:00,bus113,0.0
2030,sc01,11-03 20:00:00+01:00,bus024,0.0
2030,sc01,11-03 20:00:00+01:00,bus078,0.0
2030,sc01,11-03 20:00:00+01:00,bus033,0.0
2030,sc01,11-03 20:00:00+01:00,bus079,0.0
2030,sc01,11-03 20:00:00+01:00,bus061,0.0
2030,sc01,11-03 20:00:00+01:00,bus118,0.0
2030,sc01,11-03 20:00:00+01:00,bus003,0.0
2030,sc01,11-03 20:00:00+01:00,bus070,0.0
2030,sc01,11-03 20:00:00+01:00,bus004,0.0
2030,sc01,11-03 20:00:00+01:00,bus021,0.0
2030,sc01,11-03 20:00:00+01:00,bus068,0.0
2030,sc01,11-03 20:00:00+01:00,bus028,0.0
2030,sc01,11-03 20:00:00+01:00,bus034,0.0
2030,sc01,11-03 20:00:00+01:00,bus075,0.0
2030,sc01,11-03 20:00:00+01:00,bus064,0.0
2030,sc01,11-03 20:00:00+01:00,bus106,0.0
2030,sc01,11-03 20:00:00+01:00,bus076,0.0
2030,sc01,11-03 20:00:00+01:00,bus046,0.0
2030,sc01,11-03 20:00:00+01:00,bus007,0.0
2030,sc01,11-03 20:00:00+01:00,bus035,0.0
2030,sc01,11-03 20:00:00+01:00,bus117,0.0
2030,sc01,11-03 20:00:00+01:00,bus041,0.0
2030,sc01,11-03 20:00:00+01:00,bus102,0.0
2030,sc01,11-03 20:00:00+01:00,bus026,0.0
2030,sc01,11-03 20:00:00+01:00,bus077,0.0
2030,sc01,11-03 20:00:00+01:00,bus044,0.0
2030,sc01,11-03 20:00:00+01:00,bus091,0.0
2030,sc01,11-03 20:00:00+01:00,bus062,0.0
2030,sc01,11-05 00:00:00+01:00,bus093,0.0
2030,sc01,11-05 00:00:00+01:00,bus097,0.0
2030,sc01,11-05 00:00:00+01:00,bus110,0.0
2030,sc01,11-05 00:00:00+01:00,bus042,0.0
2030,sc01,11-05 00:00:00+01:00,bus066,0.0
2030,sc01,11-05 00:00:00+01:00,bus059,0.0
2030,sc01,11-05 00:00:00+01:00,bus057,0.0
2030,sc01,11-05 00:00:00+01:00,bus067,0.0
2030,sc01,11-05 00:00:00+01:00,bus069,0.0
2030,sc01,11-05 00:00:00+01:00,bus014,0.0
2030,sc01,11-05 00:00:00+01:00,bus090,0.0
2030,sc01,11-05 00:00:00+01:00,bus002,0.0
2030,sc01,11-05 00:00:00+01:00,bus005,0.0
2030,sc01,11-05 00:00:00+01:00,bus109,0.0
2030,sc01,11-05 00:00:00+01:00,bus020,0.0
2030,sc01,11-05 00:00:00+01:00,bus065,0.0
2030,sc01,11-05 00:00:00+01:00,bus001,0.0
2030,sc01,11-05 00:00:00+01:00,bus017,0.0
2030,sc01,11-05 00:00:00+01:00,bus015,0.0
2030,sc01,11-05 00:00:00+01:00,bus054,0.0
2030,sc01,11-05 00:00:00+01:00,bus086,0.0
2030,sc01,11-05 00:00:00+01:00,bus032,0.0
2030,sc01,11-05 00:00:00+01:00,bus038,0.0
2030,sc01,11-05 00:00:00+01:00,bus108,0.0
2030,sc01,11-05 00:00:00+01:00,bus087,0.0
2030,sc01,11-05 00:00:00+01:00,bus027,0.0
2030,sc01,11-05 00:00:00+01:00,bus111,0.0
2030,sc01,11-05 00:00:00+01:00,bus025,0.0
2030,sc01,11-05 00:00:00+01:00,bus029,0.0
2030,sc01,11-05 00:00:00+01:00,bus009,0.0
2030,sc01,11-05 00:00:00+01:00,bus043,0.0
2030,sc01,11-05 00:00:00+01:00,bus045,0.0
2030,sc01,11-05 00:00:00+01:00,bus084,0.0
2030,sc01,11-05 00:00:00+01:00,bus013,0.0
2030,sc01,11-05 00:00:00+01:00,bus063,0.0
2030,sc01,11-05 00:00:00+01:00,bus115,0.0
2030,sc01,11-05 00:00:00+01:00,bus010,0.0
2030,sc01,11-05 00:00:00+01:00,bus073,0.0
2030,sc01,11-05 00:00:00+01:00,bus052,0.0
2030,sc01,11-05 00:00:00+01:00,bus096,0.0
2030,sc01,11-05 00:00:00+01:00,bus050,0.0
2030,sc01,11-05 00:00:00+01:00,bus011,0.0
2030,sc01,11-05 00:00:00+01:00,bus055,0.0
2030,sc01,11-05 00:00:00+01:00,bus083,0.0
2030,sc01,11-05 00:00:00+01:00,bus081,0.0
2030,sc01,11-05 00:00:00+01:00,bus022,0.0
2030,sc01,11-05 00:00:00+01:00,bus071,0.0
2030,sc01,11-05 00:00:00+01:00,bus074,0.0
2030,sc01,11-05 00:00:00+01:00,bus040,0.0
2030,sc01,11-05 00:00:00+01:00,bus099,0.0
2030,sc01,11-05 00:00:00+01:00,bus030,0.0
2030,sc01,11-05 00:00:00+01:00,bus098,0.0
2030,sc01,11-05 00:00:00+01:00,bus053,0.0
2030,sc01,11-05 00:00:00+01:00,bus085,0.0
2030,sc01,11-05 00:00:00+01:00,bus101,0.0
2030,sc01,11-05 00:00:00+01:00,bus018,0.0
2030,sc01,11-05 00:00:00+01:00,bus023,0.0
2030,sc01,11-05 00:00:00+01:00,bus088,0.0
2030,sc01,11-05 00:00:00+01:00,bus116,0.0
2030,sc01,11-05 00:00:00+01:00,bus103,0.0
2030,sc01,11-05 00:00:00+01:00,bus008,0.0
2030,sc01,11-05 00:00:00+01:00,bus105,0.0
2030,sc01,11-05 00:00:00+01:00,bus060,0.0
2030,sc01,11-05 00:00:00+01:00,bus016,0.0
2030,sc01,11-05 00:00:00+01:00,bus082,0.0
2030,sc01,11-05 00:00:00+01:00,bus047,0.0
2030,sc01,11-05 00:00:00+01:00,bus019,0.0
2030,sc01,11-05 00:00:00+01:00,bus037,0.0
2030,sc01,11-05 00:00:00+01:00,bus006,0.0
2030,sc01,11-05 00:00:00+01:00,bus080,0.0
2030,sc01,11-05 00:00:00+01:00,bus031,0.0
2030,sc01,11-05 00:00:00+01:00,bus048,0.0
2030,sc01,11-05 00:00:00+01:00,bus107,0.0
2030,sc01,11-05 00:00:00+01:00,bus049,0.0
2030,sc01,11-05 00:00:00+01:00,bus104,0.0
2030,sc01,11-05 00:00:00+01:00,bus100,0.0
2030,sc01,11-05 00:00:00+01:00,bus072,0.0
2030,sc01,11-05 00:00:00+01:00,bus039,0.0
2030,sc01,11-05 00:00:00+01:00,bus012,0.0
2030,sc01,11-05 00:00:00+01:00,bus114,0.0
2030,sc01,11-05 00:00:00+01:00,bus112,0.0
2030,sc01,11-05 00:00:00+01:00,bus058,0.0
2030,sc01,11-05 00:00:00+01:00,bus089,0.0
2030,sc01,11-05 00:00:00+01:00,bus051,0.0
2030,sc01,11-05 00:00:00+01:00,bus056,0.0
2030,sc01,11-05 00:00:00+01:00,bus092,0.0
2030,sc01,11-05 00:00:00+01:00,bus036,0.0
2030,sc01,11-05 00:00:00+01:00,bus094,0.0
2030,sc01,11-05 00:00:00+01:00,bus095,0.0
2030,sc01,11-05 00:00:00+01:00,bus113,0.0
2030,sc01,11-05 00:00:00+01:00,bus024,0.0
2030,sc01,11-05 00:00:00+01:00,bus078,0.0
2030,sc01,11-05 00:00:00+01:00,bus033,0.0
2030,sc01,11-05 00:00:00+01:00,bus079,0.0
2030,sc01,11-05 00:00:00+01:00,bus061,0.0
2030,sc01,11-05 00:00:00+01:00,bus118,0.0
2030,sc01,11-05 00:00:00+01:00,bus003,0.0
2030,sc01,11-05 00:00:00+01:00,bus070,0.0
2030,sc01,11-05 00:00:00+01:00,bus004,0.0
2030,sc01,11-05 00:00:00+01:00,bus021,0.0
2030,sc01,11-05 00:00:00+01:00,bus068,0.0
2030,sc01,11-05 00:00:00+01:00,bus028,0.0
2030,sc01,11-05 00:00:00+01:00,bus034,0.0
2030,sc01,11-05 00:00:00+01:00,bus075,0.0
2030,sc01,11-05 00:00:00+01:00,bus064,0.0
2030,sc01,11-05 00:00:00+01:00,bus106,0.0
2030,sc01,11-05 00:00:00+01:00,bus076,0.0
2030,sc01,11-05 00:00:00+01:00,bus046,0.0
2030,sc01,11-05 00:00:00+01:00,bus007,0.0
2030,sc01,11-05 00:00:00+01:00,bus035,0.0
2030,sc01,11-05 00:00:00+01:00,bus117,0.0
2030,sc01,11-05 00:00:00+01:00,bus041,0.0
2030,sc01,11-05 00:00:00+01:00,bus102,0.0
2030,sc01,11-05 00:00:00+01:00,bus026,0.0
2030,sc01,11-05 00:00:00+01:00,bus077,0.0
2030,sc01,11-05 00:00:00+01:00,bus044,0.0
2030,sc01,11-05 00:00:00+01:00,bus091,0.0
2030,sc01,11-05 00:00:00+01:00,bus062,0.0
2030,sc01,11-06 19:00:00+01:00,bus093,0.0
2030,sc01,11-06 19:00:00+01:00,bus097,0.0
2030,sc01,11-06 19:00:00+01:00,bus110,0.0
2030,sc01,11-06 19:00:00+01:00,bus042,0.0
2030,sc01,11-06 19:00:00+01:00,bus066,0.0
2030,sc01,11-06 19:00:00+01:00,bus059,0.0
2030,sc01,11-06 19:00:00+01:00,bus057,0.0
2030,sc01,11-06 19:00:00+01:00,bus067,0.0
2030,sc01,11-06 19:00:00+01:00,bus069,0.0
2030,sc01,11-06 19:00:00+01:00,bus014,0.0
2030,sc01,11-06 19:00:00+01:00,bus090,0.0
2030,sc01,11-06 19:00:00+01:00,bus002,0.0
2030,sc01,11-06 19:00:00+01:00,bus005,0.0
2030,sc01,11-06 19:00:00+01:00,bus109,0.0
2030,sc01,11-06 19:00:00+01:00,bus020,0.0
2030,sc01,11-06 19:00:00+01:00,bus065,0.0
2030,sc01,11-06 19:00:00+01:00,bus001,0.0
2030,sc01,11-06 19:00:00+01:00,bus017,0.0
2030,sc01,11-06 19:00:00+01:00,bus015,0.0
2030,sc01,11-06 19:00:00+01:00,bus054,0.0
2030,sc01,11-06 19:00:00+01:00,bus086,0.0
2030,sc01,11-06 19:00:00+01:00,bus032,0.0
2030,sc01,11-06 19:00:00+01:00,bus038,0.0
2030,sc01,11-06 19:00:00+01:00,bus108,0.0
2030,sc01,11-06 19:00:00+01:00,bus087,0.0
2030,sc01,11-06 19:00:00+01:00,bus027,0.0
2030,sc01,11-06 19:00:00+01:00,bus111,0.0
2030,sc01,11-06 19:00:00+01:00,bus025,0.0
2030,sc01,11-06 19:00:00+01:00,bus029,0.0
2030,sc01,11-06 19:00:00+01:00,bus009,0.0
2030,sc01,11-06 19:00:00+01:00,bus043,0.0
2030,sc01,11-06 19:00:00+01:00,bus045,0.0
2030,sc01,11-06 19:00:00+01:00,bus084,0.0
2030,sc01,11-06 19:00:00+01:00,bus013,0.0
2030,sc01,11-06 19:00:00+01:00,bus063,0.0
2030,sc01,11-06 19:00:00+01:00,bus115,0.0
2030,sc01,11-06 19:00:00+01:00,bus010,0.0
2030,sc01,11-06 19:00:00+01:00,bus073,0.0
2030,sc01,11-06 19:00:00+01:00,bus052,0.0
2030,sc01,11-06 19:00:00+01:00,bus096,0.0
2030,sc01,11-06 19:00:00+01:00,bus050,0.0
2030,sc01,11-06 19:00:00+01:00,bus011,0.0
2030,sc01,11-06 19:00:00+01:00,bus055,0.0
2030,sc01,11-06 19:00:00+01:00,bus083,0.0
2030,sc01,11-06 19:00:00+01:00,bus081,0.0
2030,sc01,11-06 19:00:00+01:00,bus022,0.0
2030,sc01,11-06 19:00:00+01:00,bus071,0.0
2030,sc01,11-06 19:00:00+01:00,bus074,0.0
2030,sc01,11-06 19:00:00+01:00,bus040,0.0
2030,sc01,11-06 19:00:00+01:00,bus099,0.0
2030,sc01,11-06 19:00:00+01:00,bus030,0.0
2030,sc01,11-06 19:00:00+01:00,bus098,0.0
2030,sc01,11-06 19:00:00+01:00,bus053,0.0
2030,sc01,11-06 19:00:00+01:00,bus085,0.0
2030,sc01,11-06 19:00:00+01:00,bus101,0.0
2030,sc01,11-06 19:00:00+01:00,bus018,0.0
2030,sc01,11-06 19:00:00+01:00,bus023,0.0
2030,sc01,11-06 19:00:00+01:00,bus088,0.0
2030,sc01,11-06 19:00:00+01:00,bus116,0.0
2030,sc01,11-06 19:00:00+01:00,bus103,0.0
2030,sc01,11-06 19:00:00+01:00,bus008,0.0
2030,sc01,11-06 19:00:00+01:00,bus105,0.0
2030,sc01,11-06 19:00:00+01:00,bus060,0.0
2030,sc01,11-06 19:00:00+01:00,bus016,0.0
2030,sc01,11-06 19:00:00+01:00,bus082,0.0
2030,sc01,11-06 19:00:00+01:00,bus047,0.0
2030,sc01,11-06 19:00:00+01:00,bus019,0.0
2030,sc01,11-06 19:00:00+01:00,bus037,0.0
2030,sc01,11-06 19:00:00+01:00,bus006,0.0
2030,sc01,11-06 19:00:00+01:00,bus080,0.0
2030,sc01,11-06 19:00:00+01:00,bus031,0.0
2030,sc01,11-06 19:00:00+01:00,bus048,0.0
2030,sc01,11-06 19:00:00+01:00,bus107,0.0
2030,sc01,11-06 19:00:00+01:00,bus049,0.0
2030,sc01,11-06 19:00:00+01:00,bus104,0.0
2030,sc01,11-06 19:00:00+01:00,bus100,0.0
2030,sc01,11-06 19:00:00+01:00,bus072,0.0
2030,sc01,11-06 19:00:00+01:00,bus039,0.0
2030,sc01,11-06 19:00:00+01:00,bus012,0.0
2030,sc01,11-06 19:00:00+01:00,bus114,0.0
2030,sc01,11-06 19:00:00+01:00,bus112,0.0
2030,sc01,11-06 19:00:00+01:00,bus058,0.0
2030,sc01,11-06 19:00:00+01:00,bus089,0.0
2030,sc01,11-06 19:00:00+01:00,bus051,0.0
2030,sc01,11-06 19:00:00+01:00,bus056,0.0
2030,sc01,11-06 19:00:00+01:00,bus092,0.0
2030,sc01,11-06 19:00:00+01:00,bus036,0.0
2030,sc01,11-06 19:00:00+01:00,bus094,0.0
2030,sc01,11-06 19:00:00+01:00,bus095,0.0
2030,sc01,11-06 19:00:00+01:00,bus113,0.0
2030,sc01,11-06 19:00:00+01:00,bus024,0.0
2030,sc01,11-06 19:00:00+01:00,bus078,0.0
2030,sc01,11-06 19:00:00+01:00,bus033,0.0
2030,sc01,11-06 19:00:00+01:00,bus079,0.0
2030,sc01,11-06 19:00:00+01:00,bus061,0.0
2030,sc01,11-06 19:00:00+01:00,bus118,0.0
2030,sc01,11-06 19:00:00+01:00,bus003,0.0
2030,sc01,11-06 19:00:00+01:00,bus070,0.0
2030,sc01,11-06 19:00:00+01:00,bus004,0.0
2030,sc01,11-06 19:00:00+01:00,bus021,0.0
2030,sc01,11-06 19:00:00+01:00,bus068,0.0
2030,sc01,11-06 19:00:00+01:00,bus028,0.0
2030,sc01,11-06 19:00:00+01:00,bus034,0.0
2030,sc01,11-06 19:00:00+01:00,bus075,0.0
2030,sc01,11-06 19:00:00+01:00,bus064,0.0
2030,sc01,11-06 19:00:00+01:00,bus106,0.0
2030,sc01,11-06 19:00:00+01:00,bus076,0.0
2030,sc01,11-06 19:00:00+01:00,bus046,0.0
2030,sc01,11-06 19:00:00+01:00,bus007,0.0
2030,sc01,11-06 19:00:00+01:00,bus035,0.0
2030,sc01,11-06 19:00:00+01:00,bus117,0.0
2030,sc01,11-06 19:00:00+01:00,bus041,0.0
2030,sc01,11-06 19:00:00+01:00,bus102,0.0
2030,sc01,11-06 19:00:00+01:00,bus026,0.0
2030,sc01,11-06 19:00:00+01:00,bus077,0.0
2030,sc01,11-06 19:00:00+01:00,bus044,0.0
2030,sc01,11-06 19:00:00+01:00,bus091,0.0
2030,sc01,11-06 19:00:00+01:00,bus062,0.0
2030,sc01,11-07 13:00:00+01:00,bus093,0.0
2030,sc01,11-07 13:00:00+01:00,bus097,0.0
2030,sc01,11-07 13:00:00+01:00,bus110,0.0
2030,sc01,11-07 13:00:00+01:00,bus042,0.0
2030,sc01,11-07 13:00:00+01:00,bus066,0.0
2030,sc01,11-07 13:00:00+01:00,bus059,0.0
2030,sc01,11-07 13:00:00+01:00,bus057,0.0
2030,sc01,11-07 13:00:00+01:00,bus067,0.0
2030,sc01,11-07 13:00:00+01:00,bus069,0.0
2030,sc01,11-07 13:00:00+01:00,bus014,0.0
2030,sc01,11-07 13:00:00+01:00,bus090,0.0
2030,sc01,11-07 13:00:00+01:00,bus002,0.0
2030,sc01,11-07 13:00:00+01:00,bus005,0.0
2030,sc01,11-07 13:00:00+01:00,bus109,0.0
2030,sc01,11-07 13:00:00+01:00,bus020,0.0
2030,sc01,11-07 13:00:00+01:00,bus065,0.0
2030,sc01,11-07 13:00:00+01:00,bus001,0.0
2030,sc01,11-07 13:00:00+01:00,bus017,0.0
2030,sc01,11-07 13:00:00+01:00,bus015,0.0
2030,sc01,11-07 13:00:00+01:00,bus054,0.0
2030,sc01,11-07 13:00:00+01:00,bus086,0.0
2030,sc01,11-07 13:00:00+01:00,bus032,0.0
2030,sc01,11-07 13:00:00+01:00,bus038,0.0
2030,sc01,11-07 13:00:00+01:00,bus108,0.0
2030,sc01,11-07 13:00:00+01:00,bus087,0.0
2030,sc01,11-07 13:00:00+01:00,bus027,0.0
2030,sc01,11-07 13:00:00+01:00,bus111,0.0
2030,sc01,11-07 13:00:00+01:00,bus025,0.0
2030,sc01,11-07 13:00:00+01:00,bus029,0.0
2030,sc01,11-07 13:00:00+01:00,bus009,0.0
2030,sc01,11-07 13:00:00+01:00,bus043,0.0
2030,sc01,11-07 13:00:00+01:00,bus045,0.0
2030,sc01,11-07 13:00:00+01:00,bus084,0.0
2030,sc01,11-07 13:00:00+01:00,bus013,0.0
2030,sc01,11-07 13:00:00+01:00,bus063,0.0
2030,sc01,11-07 13:00:00+01:00,bus115,0.0
2030,sc01,11-07 13:00:00+01:00,bus010,0.0
2030,sc01,11-07 13:00:00+01:00,bus073,0.0
2030,sc01,11-07 13:00:00+01:00,bus052,0.0
2030,sc01,11-07 13:00:00+01:00,bus096,0.0
2030,sc01,11-07 13:00:00+01:00,bus050,0.0
2030,sc01,11-07 13:00:00+01:00,bus011,0.0
2030,sc01,11-07 13:00:00+01:00,bus055,0.0
2030,sc01,11-07 13:00:00+01:00,bus083,0.0
2030,sc01,11-07 13:00:00+01:00,bus081,0.0
2030,sc01,11-07 13:00:00+01:00,bus022,0.0
2030,sc01,11-07 13:00:00+01:00,bus071,0.0
2030,sc01,11-07 13:00:00+01:00,bus074,0.0
2030,sc01,11-07 13:00:00+01:00,bus040,0.0
2030,sc01,11-07 13:00:00+01:00,bus099,0.0
2030,sc01,11-07 13:00:00+01:00,bus030,0.0
2030,sc01,11-07 13:00:00+01:00,bus098,0.0
2030,sc01,11-07 13:00:00+01:00,bus053,0.0
2030,sc01,11-07 13:00:00+01:00,bus085,0.0
2030,sc01,11-07 13:00:00+01:00,bus101,0.0
2030,sc01,11-07 13:00:00+01:00,bus018,0.0
2030,sc01,11-07 13:00:00+01:00,bus023,0.0
2030,sc01,11-07 13:00:00+01:00,bus088,0.0
2030,sc01,11-07 13:00:00+01:00,bus116,0.0
2030,sc01,11-07 13:00:00+01:00,bus103,0.0
2030,sc01,11-07 13:00:00+01:00,bus008,0.0
2030,sc01,11-07 13:00:00+01:00,bus105,0.0
2030,sc01,11-07 13:00:00+01:00,bus060,0.0
2030,sc01,11-07 13:00:00+01:00,bus016,0.0
2030,sc01,11-07 13:00:00+01:00,bus082,0.0
2030,sc01,11-07 13:00:00+01:00,bus047,0.0
2030,sc01,11-07 13:00:00+01:00,bus019,0.0
2030,sc01,11-07 13:00:00+01:00,bus037,0.0
2030,sc01,11-07 13:00:00+01:00,bus006,0.0
2030,sc01,11-07 13:00:00+01:00,bus080,0.0
2030,sc01,11-07 13:00:00+01:00,bus031,0.0
2030,sc01,11-07 13:00:00+01:00,bus048,0.0
2030,sc01,11-07 13:00:00+01:00,bus107,0.0
2030,sc01,11-07 13:00:00+01:00,bus049,0.0
2030,sc01,11-07 13:00:00+01:00,bus104,0.0
2030,sc01,11-07 13:00:00+01:00,bus100,0.0
2030,sc01,11-07 13:00:00+01:00,bus072,0.0
2030,sc01,11-07 13:00:00+01:00,bus039,0.0
2030,sc01,11-07 13:00:00+01:00,bus012,0.0
2030,sc01,11-07 13:00:00+01:00,bus114,0.0
2030,sc01,11-07 13:00:00+01:00,bus112,0.0
2030,sc01,11-07 13:00:00+01:00,bus058,0.0
2030,sc01,11-07 13:00:00+01:00,bus089,0.0
2030,sc01,11-07 13:00:00+01:00,bus051,0.0
2030,sc01,11-07 13:00:00+01:00,bus056,0.0
2030,sc01,11-07 13:00:00+01:00,bus092,0.0
2030,sc01,11-07 13:00:00+01:00,bus036,0.0
2030,sc01,11-07 13:00:00+01:00,bus094,0.0
2030,sc01,11-07 13:00:00+01:00,bus095,0.0
2030,sc01,11-07 13:00:00+01:00,bus113,0.0
2030,sc01,11-07 13:00:00+01:00,bus024,0.0
2030,sc01,11-07 13:00:00+01:00,bus078,0.0
2030,sc01,11-07 13:00:00+01:00,bus033,0.0
2030,sc01,11-07 13:00:00+01:00,bus079,0.0
2030,sc01,11-07 13:00:00+01:00,bus061,0.0
2030,sc01,11-07 13:00:00+01:00,bus118,0.0
2030,sc01,11-07 13:00:00+01:00,bus003,0.0
2030,sc01,11-07 13:00:00+01:00,bus070,0.0
2030,sc01,11-07 13:00:00+01:00,bus004,0.0
2030,sc01,11-07 13:00:00+01:00,bus021,0.0
2030,sc01,11-07 13:00:00+01:00,bus068,0.0
2030,sc01,11-07 13:00:00+01:00,bus028,0.0
2030,sc01,11-07 13:00:00+01:00,bus034,0.0
2030,sc01,11-07 13:00:00+01:00,bus075,0.0
2030,sc01,11-07 13:00:00+01:00,bus064,0.0
2030,sc01,11-07 13:00:00+01:00,bus106,0.0
2030,sc01,11-07 13:00:00+01:00,bus076,0.0
2030,sc01,11-07 13:00:00+01:00,bus046,0.0
2030,sc01,11-07 13:00:00+01:00,bus007,0.0
2030,sc01,11-07 13:00:00+01:00,bus035,0.0
2030,sc01,11-07 13:00:00+01:00,bus117,0.0
2030,sc01,11-07 13:00:00+01:00,bus041,0.0
2030,sc01,11-07 13:00:00+01:00,bus102,0.0
2030,sc01,11-07 13:00:00+01:00,bus026,0.0
2030,sc01,11-07 13:00:00+01:00,bus077,0.0
2030,sc01,11-07 13:00:00+01:00,bus044,0.0
2030,sc01,11-07 13:00:00+01:00,bus091,0.0
2030,sc01,11-07 13:00:00+01:00,bus062,0.0
2030,sc01,11-11 15:00:00+01:00,bus093,0.0
2030,sc01,11-11 15:00:00+01:00,bus097,0.0
2030,sc01,11-11 15:00:00+01:00,bus110,0.0
2030,sc01,11-11 15:00:00+01:00,bus042,0.0
2030,sc01,11-11 15:00:00+01:00,bus066,0.0
2030,sc01,11-11 15:00:00+01:00,bus059,0.0
2030,sc01,11-11 15:00:00+01:00,bus057,0.0
2030,sc01,11-11 15:00:00+01:00,bus067,0.0
2030,sc01,11-11 15:00:00+01:00,bus069,0.0
2030,sc01,11-11 15:00:00+01:00,bus014,0.0
2030,sc01,11-11 15:00:00+01:00,bus090,0.0
2030,sc01,11-11 15:00:00+01:00,bus002,0.0
2030,sc01,11-11 15:00:00+01:00,bus005,0.0
2030,sc01,11-11 15:00:00+01:00,bus109,0.0
2030,sc01,11-11 15:00:00+01:00,bus020,0.0
2030,sc01,11-11 15:00:00+01:00,bus065,0.0
2030,sc01,11-11 15:00:00+01:00,bus001,0.0
2030,sc01,11-11 15:00:00+01:00,bus017,0.0
2030,sc01,11-11 15:00:00+01:00,bus015,0.0
2030,sc01,11-11 15:00:00+01:00,bus054,0.0
2030,sc01,11-11 15:00:00+01:00,bus086,0.0
2030,sc01,11-11 15:00:00+01:00,bus032,0.0
2030,sc01,11-11 15:00:00+01:00,bus038,0.0
2030,sc01,11-11 15:00:00+01:00,bus108,0.0
2030,sc01,11-11 15:00:00+01:00,bus087,0.0
2030,sc01,11-11 15:00:00+01:00,bus027,0.0
2030,sc01,11-11 15:00:00+01:00,bus111,0.0
2030,sc01,11-11 15:00:00+01:00,bus025,0.0
2030,sc01,11-11 15:00:00+01:00,bus029,0.0
2030,sc01,11-11 15:00:00+01:00,bus009,0.0
2030,sc01,11-11 15:00:00+01:00,bus043,0.0
2030,sc01,11-11 15:00:00+01:00,bus045,0.0
2030,sc01,11-11 15:00:00+01:00,bus084,0.0
2030,sc01,11-11 15:00:00+01:00,bus013,0.0
2030,sc01,11-11 15:00:00+01:00,bus063,0.0
2030,sc01,11-11 15:00:00+01:00,bus115,0.0
2030,sc01,11-11 15:00:00+01:00,bus010,0.0
2030,sc01,11-11 15:00:00+01:00,bus073,0.0
2030,sc01,11-11 15:00:00+01:00,bus052,0.0
2030,sc01,11-11 15:00:00+01:00,bus096,0.0
2030,sc01,11-11 15:00:00+01:00,bus050,0.0
2030,sc01,11-11 15:00:00+01:00,bus011,0.0
2030,sc01,11-11 15:00:00+01:00,bus055,0.0
2030,sc01,11-11 15:00:00+01:00,bus083,0.0
2030,sc01,11-11 15:00:00+01:00,bus081,0.0
2030,sc01,11-11 15:00:00+01:00,bus022,0.0
2030,sc01,11-11 15:00:00+01:00,bus071,0.0
2030,sc01,11-11 15:00:00+01:00,bus074,0.0
2030,sc01,11-11 15:00:00+01:00,bus040,0.0
2030,sc01,11-11 15:00:00+01:00,bus099,0.0
2030,sc01,11-11 15:00:00+01:00,bus030,0.0
2030,sc01,11-11 15:00:00+01:00,bus098,0.0
2030,sc01,11-11 15:00:00+01:00,bus053,0.0
2030,sc01,11-11 15:00:00+01:00,bus085,0.0
2030,sc01,11-11 15:00:00+01:00,bus101,0.0
2030,sc01,11-11 15:00:00+01:00,bus018,0.0
2030,sc01,11-11 15:00:00+01:00,bus023,0.0
2030,sc01,11-11 15:00:00+01:00,bus088,0.0
2030,sc01,11-11 15:00:00+01:00,bus116,0.0
2030,sc01,11-11 15:00:00+01:00,bus103,0.0
2030,sc01,11-11 15:00:00+01:00,bus008,0.0
2030,sc01,11-11 15:00:00+01:00,bus105,0.0
2030,sc01,11-11 15:00:00+01:00,bus060,0.0
2030,sc01,11-11 15:00:00+01:00,bus016,0.0
2030,sc01,11-11 15:00:00+01:00,bus082,0.0
2030,sc01,11-11 15:00:00+01:00,bus047,0.0
2030,sc01,11-11 15:00:00+01:00,bus019,0.0
2030,sc01,11-11 15:00:00+01:00,bus037,0.0
2030,sc01,11-11 15:00:00+01:00,bus006,0.0
2030,sc01,11-11 15:00:00+01:00,bus080,0.0
2030,sc01,11-11 15:00:00+01:00,bus031,0.0
2030,sc01,11-11 15:00:00+01:00,bus048,0.0
2030,sc01,11-11 15:00:00+01:00,bus107,0.0
2030,sc01,11-11 15:00:00+01:00,bus049,0.0
2030,sc01,11-11 15:00:00+01:00,bus104,0.0
2030,sc01,11-11 15:00:00+01:00,bus100,0.0
2030,sc01,11-11 15:00:00+01:00,bus072,0.0
2030,sc01,11-11 15:00:00+01:00,bus039,0.0
2030,sc01,11-11 15:00:00+01:00,bus012,0.0
2030,sc01,11-11 15:00:00+01:00,bus114,0.0
2030,sc01,11-11 15:00:00+01:00,bus112,0.0
2030,sc01,11-11 15:00:00+01:00,bus058,0.0
2030,sc01,11-11 15:00:00+01:00,bus089,0.0
2030,sc01,11-11 15:00:00+01:00,bus051,0.0
2030,sc01,11-11 15:00:00+01:00,bus056,0.0
2030,sc01,11-11 15:00:00+01:00,bus092,0.0
2030,sc01,11-11 15:00:00+01:00,bus036,0.0
2030,sc01,11-11 15:00:00+01:00,bus094,0.0
2030,sc01,11-11 15:00:00+01:00,bus095,0.0
2030,sc01,11-11 15:00:00+01:00,bus113,0.0
2030,sc01,11-11 15:00:00+01:00,bus024,0.0
2030,sc01,11-11 15:00:00+01:00,bus078,0.0
2030,sc01,11-11 15:00:00+01:00,bus033,0.0
2030,sc01,11-11 15:00:00+01:00,bus079,0.0
2030,sc01,11-11 15:00:00+01:00,bus061,0.0
2030,sc01,11-11 15:00:00+01:00,bus118,0.0
2030,sc01,11-11 15:00:00+01:00,bus003,0.0
2030,sc01,11-11 15:00:00+01:00,bus070,0.0
2030,sc01,11-11 15:00:00+01:00,bus004,0.0
2030,sc01,11-11 15:00:00+01:00,bus021,0.0
2030,sc01,11-11 15:00:00+01:00,bus068,0.0
2030,sc01,11-11 15:00:00+01:00,bus028,0.0
2030,sc01,11-11 15:00:00+01:00,bus034,0.0
2030,sc01,11-11 15:00:00+01:00,bus075,0.0
2030,sc01,11-11 15:00:00+01:00,bus064,0.0
2030,sc01,11-11 15:00:00+01:00,bus106,0.0
2030,sc01,11-11 15:00:00+01:00,bus076,0.0
2030,sc01,11-11 15:00:00+01:00,bus046,0.0
2030,sc01,11-11 15:00:00+01:00,bus007,0.0
2030,sc01,11-11 15:00:00+01:00,bus035,0.0
2030,sc01,11-11 15:00:00+01:00,bus117,0.0
2030,sc01,11-11 15:00:00+01:00,bus041,0.0
2030,sc01,11-11 15:00:00+01:00,bus102,0.0
2030,sc01,11-11 15:00:00+01:00,bus026,0.0
2030,sc01,11-11 15:00:00+01:00,bus077,0.0
2030,sc01,11-11 15:00:00+01:00,bus044,0.0
2030,sc01,11-11 15:00:00+01:00,bus091,0.0
2030,sc01,11-11 15:00:00+01:00,bus062,0.0
2030,sc01,11-11 23:00:00+01:00,bus093,0.0
2030,sc01,11-11 23:00:00+01:00,bus097,0.0
2030,sc01,11-11 23:00:00+01:00,bus110,0.0
2030,sc01,11-11 23:00:00+01:00,bus042,0.0
2030,sc01,11-11 23:00:00+01:00,bus066,0.0
2030,sc01,11-11 23:00:00+01:00,bus059,0.0
2030,sc01,11-11 23:00:00+01:00,bus057,0.0
2030,sc01,11-11 23:00:00+01:00,bus067,0.0
2030,sc01,11-11 23:00:00+01:00,bus069,0.0
2030,sc01,11-11 23:00:00+01:00,bus014,0.0
2030,sc01,11-11 23:00:00+01:00,bus090,0.0
2030,sc01,11-11 23:00:00+01:00,bus002,0.0
2030,sc01,11-11 23:00:00+01:00,bus005,0.0
2030,sc01,11-11 23:00:00+01:00,bus109,0.0
2030,sc01,11-11 23:00:00+01:00,bus020,0.0
2030,sc01,11-11 23:00:00+01:00,bus065,0.0
2030,sc01,11-11 23:00:00+01:00,bus001,0.0
2030,sc01,11-11 23:00:00+01:00,bus017,0.0
2030,sc01,11-11 23:00:00+01:00,bus015,0.0
2030,sc01,11-11 23:00:00+01:00,bus054,0.0
2030,sc01,11-11 23:00:00+01:00,bus086,0.0
2030,sc01,11-11 23:00:00+01:00,bus032,0.0
2030,sc01,11-11 23:00:00+01:00,bus038,0.0
2030,sc01,11-11 23:00:00+01:00,bus108,0.0
2030,sc01,11-11 23:00:00+01:00,bus087,0.0
2030,sc01,11-11 23:00:00+01:00,bus027,0.0
2030,sc01,11-11 23:00:00+01:00,bus111,0.0
2030,sc01,11-11 23:00:00+01:00,bus025,0.0
2030,sc01,11-11 23:00:00+01:00,bus029,0.0
2030,sc01,11-11 23:00:00+01:00,bus009,0.0
2030,sc01,11-11 23:00:00+01:00,bus043,0.0
2030,sc01,11-11 23:00:00+01:00,bus045,0.0
2030,sc01,11-11 23:00:00+01:00,bus084,0.0
2030,sc01,11-11 23:00:00+01:00,bus013,0.0
2030,sc01,11-11 23:00:00+01:00,bus063,0.0
2030,sc01,11-11 23:00:00+01:00,bus115,0.0
2030,sc01,11-11 23:00:00+01:00,bus010,0.0
2030,sc01,11-11 23:00:00+01:00,bus073,0.0
2030,sc01,11-11 23:00:00+01:00,bus052,0.0
2030,sc01,11-11 23:00:00+01:00,bus096,0.0
2030,sc01,11-11 23:00:00+01:00,bus050,0.0
2030,sc01,11-11 23:00:00+01:00,bus011,0.0
2030,sc01,11-11 23:00:00+01:00,bus055,0.0
2030,sc01,11-11 23:00:00+01:00,bus083,0.0
2030,sc01,11-11 23:00:00+01:00,bus081,0.0
2030,sc01,11-11 23:00:00+01:00,bus022,0.0
2030,sc01,11-11 23:00:00+01:00,bus071,0.0
2030,sc01,11-11 23:00:00+01:00,bus074,0.0
2030,sc01,11-11 23:00:00+01:00,bus040,0.0
2030,sc01,11-11 23:00:00+01:00,bus099,0.0
2030,sc01,11-11 23:00:00+01:00,bus030,0.0
2030,sc01,11-11 23:00:00+01:00,bus098,0.0
2030,sc01,11-11 23:00:00+01:00,bus053,0.0
2030,sc01,11-11 23:00:00+01:00,bus085,0.0
2030,sc01,11-11 23:00:00+01:00,bus101,0.0
2030,sc01,11-11 23:00:00+01:00,bus018,0.0
2030,sc01,11-11 23:00:00+01:00,bus023,0.0
2030,sc01,11-11 23:00:00+01:00,bus088,0.0
2030,sc01,11-11 23:00:00+01:00,bus116,0.0
2030,sc01,11-11 23:00:00+01:00,bus103,0.0
2030,sc01,11-11 23:00:00+01:00,bus008,0.0
2030,sc01,11-11 23:00:00+01:00,bus105,0.0
2030,sc01,11-11 23:00:00+01:00,bus060,0.0
2030,sc01,11-11 23:00:00+01:00,bus016,0.0
2030,sc01,11-11 23:00:00+01:00,bus082,0.0
2030,sc01,11-11 23:00:00+01:00,bus047,0.0
2030,sc01,11-11 23:00:00+01:00,bus019,0.0
2030,sc01,11-11 23:00:00+01:00,bus037,0.0
2030,sc01,11-11 23:00:00+01:00,bus006,0.0
2030,sc01,11-11 23:00:00+01:00,bus080,0.0
2030,sc01,11-11 23:00:00+01:00,bus031,0.0
2030,sc01,11-11 23:00:00+01:00,bus048,0.0
2030,sc01,11-11 23:00:00+01:00,bus107,0.0
2030,sc01,11-11 23:00:00+01:00,bus049,0.0
2030,sc01,11-11 23:00:00+01:00,bus104,0.0
2030,sc01,11-11 23:00:00+01:00,bus100,0.0
2030,sc01,11-11 23:00:00+01:00,bus072,0.0
2030,sc01,11-11 23:00:00+01:00,bus039,0.0
2030,sc01,11-11 23:00:00+01:00,bus012,0.0
2030,sc01,11-11 23:00:00+01:00,bus114,0.0
2030,sc01,11-11 23:00:00+01:00,bus112,0.0
2030,sc01,11-11 23:00:00+01:00,bus058,0.0
2030,sc01,11-11 23:00:00+01:00,bus089,0.0
2030,sc01,11-11 23:00:00+01:00,bus051,0.0
2030,sc01,11-11 23:00:00+01:00,bus056,0.0
2030,sc01,11-11 23:00:00+01:00,bus092,0.0
2030,sc01,11-11 23:00:00+01:00,bus036,0.0
2030,sc01,11-11 23:00:00+01:00,bus094,0.0
2030,sc01,11-11 23:00:00+01:00,bus095,0.0
2030,sc01,11-11 23:00:00+01:00,bus113,0.0
2030,sc01,11-11 23:00:00+01:00,bus024,0.0
2030,sc01,11-11 23:00:00+01:00,bus078,0.0
2030,sc01,11-11 23:00:00+01:00,bus033,0.0
2030,sc01,11-11 23:00:00+01:00,bus079,0.0
2030,sc01,11-11 23:00:00+01:00,bus061,0.0
2030,sc01,11-11 23:00:00+01:00,bus118,0.0
2030,sc01,11-11 23:00:00+01:00,bus003,0.0
2030,sc01,11-11 23:00:00+01:00,bus070,0.0
2030,sc01,11-11 23:00:00+01:00,bus004,0.0
2030,sc01,11-11 23:00:00+01:00,bus021,0.0
2030,sc01,11-11 23:00:00+01:00,bus068,0.0
2030,sc01,11-11 23:00:00+01:00,bus028,0.0
2030,sc01,11-11 23:00:00+01:00,bus034,0.0
2030,sc01,11-11 23:00:00+01:00,bus075,0.0
2030,sc01,11-11 23:00:00+01:00,bus064,0.0
2030,sc01,11-11 23:00:00+01:00,bus106,0.0
2030,sc01,11-11 23:00:00+01:00,bus076,0.0
2030,sc01,11-11 23:00:00+01:00,bus046,0.0
2030,sc01,11-11 23:00:00+01:00,bus007,0.0
2030,sc01,11-11 23:00:00+01:00,bus035,0.0
2030,sc01,11-11 23:00:00+01:00,bus117,0.0
2030,sc01,11-11 23:00:00+01:00,bus041,0.0
2030,sc01,11-11 23:00:00+01:00,bus102,0.0
2030,sc01,11-11 23:00:00+01:00,bus026,0.0
2030,sc01,11-11 23:00:00+01:00,bus077,0.0
2030,sc01,11-11 23:00:00+01:00,bus044,0.0
2030,sc01,11-11 23:00:00+01:00,bus091,0.0
2030,sc01,11-11 23:00:00+01:00,bus062,0.0
2030,sc01,11-12 09:00:00+01:00,bus093,0.0
2030,sc01,11-12 09:00:00+01:00,bus097,0.0
2030,sc01,11-12 09:00:00+01:00,bus110,0.0
2030,sc01,11-12 09:00:00+01:00,bus042,0.0
2030,sc01,11-12 09:00:00+01:00,bus066,0.0
2030,sc01,11-12 09:00:00+01:00,bus059,0.0
2030,sc01,11-12 09:00:00+01:00,bus057,0.0
2030,sc01,11-12 09:00:00+01:00,bus067,0.0
2030,sc01,11-12 09:00:00+01:00,bus069,0.0
2030,sc01,11-12 09:00:00+01:00,bus014,0.0
2030,sc01,11-12 09:00:00+01:00,bus090,0.0
2030,sc01,11-12 09:00:00+01:00,bus002,0.0
2030,sc01,11-12 09:00:00+01:00,bus005,0.0
2030,sc01,11-12 09:00:00+01:00,bus109,0.0
2030,sc01,11-12 09:00:00+01:00,bus020,0.0
2030,sc01,11-12 09:00:00+01:00,bus065,0.0
2030,sc01,11-12 09:00:00+01:00,bus001,0.0
2030,sc01,11-12 09:00:00+01:00,bus017,0.0
2030,sc01,11-12 09:00:00+01:00,bus015,0.0
2030,sc01,11-12 09:00:00+01:00,bus054,0.0
2030,sc01,11-12 09:00:00+01:00,bus086,0.0
2030,sc01,11-12 09:00:00+01:00,bus032,0.0
2030,sc01,11-12 09:00:00+01:00,bus038,0.0
2030,sc01,11-12 09:00:00+01:00,bus108,0.0
2030,sc01,11-12 09:00:00+01:00,bus087,0.0
2030,sc01,11-12 09:00:00+01:00,bus027,0.0
2030,sc01,11-12 09:00:00+01:00,bus111,0.0
2030,sc01,11-12 09:00:00+01:00,bus025,0.0
2030,sc01,11-12 09:00:00+01:00,bus029,0.0
2030,sc01,11-12 09:00:00+01:00,bus009,0.0
2030,sc01,11-12 09:00:00+01:00,bus043,0.0
2030,sc01,11-12 09:00:00+01:00,bus045,0.0
2030,sc01,11-12 09:00:00+01:00,bus084,0.0
2030,sc01,11-12 09:00:00+01:00,bus013,0.0
2030,sc01,11-12 09:00:00+01:00,bus063,0.0
2030,sc01,11-12 09:00:00+01:00,bus115,0.0
2030,sc01,11-12 09:00:00+01:00,bus010,0.0
2030,sc01,11-12 09:00:00+01:00,bus073,0.0
2030,sc01,11-12 09:00:00+01:00,bus052,0.0
2030,sc01,11-12 09:00:00+01:00,bus096,0.0
2030,sc01,11-12 09:00:00+01:00,bus050,0.0
2030,sc01,11-12 09:00:00+01:00,bus011,0.0
2030,sc01,11-12 09:00:00+01:00,bus055,0.0
2030,sc01,11-12 09:00:00+01:00,bus083,0.0
2030,sc01,11-12 09:00:00+01:00,bus081,0.0
2030,sc01,11-12 09:00:00+01:00,bus022,0.0
2030,sc01,11-12 09:00:00+01:00,bus071,0.0
2030,sc01,11-12 09:00:00+01:00,bus074,0.0
2030,sc01,11-12 09:00:00+01:00,bus040,0.0
2030,sc01,11-12 09:00:00+01:00,bus099,0.0
2030,sc01,11-12 09:00:00+01:00,bus030,0.0
2030,sc01,11-12 09:00:00+01:00,bus098,0.0
2030,sc01,11-12 09:00:00+01:00,bus053,0.0
2030,sc01,11-12 09:00:00+01:00,bus085,0.0
2030,sc01,11-12 09:00:00+01:00,bus101,0.0
2030,sc01,11-12 09:00:00+01:00,bus018,0.0
2030,sc01,11-12 09:00:00+01:00,bus023,0.0
2030,sc01,11-12 09:00:00+01:00,bus088,0.0
2030,sc01,11-12 09:00:00+01:00,bus116,0.0
2030,sc01,11-12 09:00:00+01:00,bus103,0.0
2030,sc01,11-12 09:00:00+01:00,bus008,0.0
2030,sc01,11-12 09:00:00+01:00,bus105,0.0
2030,sc01,11-12 09:00:00+01:00,bus060,0.0
2030,sc01,11-12 09:00:00+01:00,bus016,0.0
2030,sc01,11-12 09:00:00+01:00,bus082,0.0
2030,sc01,11-12 09:00:00+01:00,bus047,0.0
2030,sc01,11-12 09:00:00+01:00,bus019,0.0
2030,sc01,11-12 09:00:00+01:00,bus037,0.0
2030,sc01,11-12 09:00:00+01:00,bus006,0.0
2030,sc01,11-12 09:00:00+01:00,bus080,0.0
2030,sc01,11-12 09:00:00+01:00,bus031,0.0
2030,sc01,11-12 09:00:00+01:00,bus048,0.0
2030,sc01,11-12 09:00:00+01:00,bus107,0.0
2030,sc01,11-12 09:00:00+01:00,bus049,0.0
2030,sc01,11-12 09:00:00+01:00,bus104,0.0
2030,sc01,11-12 09:00:00+01:00,bus100,0.0
2030,sc01,11-12 09:00:00+01:00,bus072,0.0
2030,sc01,11-12 09:00:00+01:00,bus039,0.0
2030,sc01,11-12 09:00:00+01:00,bus012,0.0
2030,sc01,11-12 09:00:00+01:00,bus114,0.0
2030,sc01,11-12 09:00:00+01:00,bus112,0.0
2030,sc01,11-12 09:00:00+01:00,bus058,0.0
2030,sc01,11-12 09:00:00+01:00,bus089,0.0
2030,sc01,11-12 09:00:00+01:00,bus051,0.0
2030,sc01,11-12 09:00:00+01:00,bus056,0.0
2030,sc01,11-12 09:00:00+01:00,bus092,0.0
2030,sc01,11-12 09:00:00+01:00,bus036,0.0
2030,sc01,11-12 09:00:00+01:00,bus094,0.0
2030,sc01,11-12 09:00:00+01:00,bus095,0.0
2030,sc01,11-12 09:00:00+01:00,bus113,0.0
2030,sc01,11-12 09:00:00+01:00,bus024,0.0
2030,sc01,11-12 09:00:00+01:00,bus078,0.0
2030,sc01,11-12 09:00:00+01:00,bus033,0.0
2030,sc01,11-12 09:00:00+01:00,bus079,0.0
2030,sc01,11-12 09:00:00+01:00,bus061,0.0
2030,sc01,11-12 09:00:00+01:00,bus118,0.0
2030,sc01,11-12 09:00:00+01:00,bus003,0.0
2030,sc01,11-12 09:00:00+01:00,bus070,0.0
2030,sc01,11-12 09:00:00+01:00,bus004,0.0
2030,sc01,11-12 09:00:00+01:00,bus021,0.0
2030,sc01,11-12 09:00:00+01:00,bus068,0.0
2030,sc01,11-12 09:00:00+01:00,bus028,0.0
2030,sc01,11-12 09:00:00+01:00,bus034,0.0
2030,sc01,11-12 09:00:00+01:00,bus075,0.0
2030,sc01,11-12 09:00:00+01:00,bus064,0.0
2030,sc01,11-12 09:00:00+01:00,bus106,0.0
2030,sc01,11-12 09:00:00+01:00,bus076,0.0
2030,sc01,11-12 09:00:00+01:00,bus046,0.0
2030,sc01,11-12 09:00:00+01:00,bus007,0.0
2030,sc01,11-12 09:00:00+01:00,bus035,0.0
2030,sc01,11-12 09:00:00+01:00,bus117,0.0
2030,sc01,11-12 09:00:00+01:00,bus041,0.0
2030,sc01,11-12 09:00:00+01:00,bus102,0.0
2030,sc01,11-12 09:00:00+01:00,bus026,0.0
2030,sc01,11-12 09:00:00+01:00,bus077,0.0
2030,sc01,11-12 09:00:00+01:00,bus044,0.0
2030,sc01,11-12 09:00:00+01:00,bus091,0.0
2030,sc01,11-12 09:00:00+01:00,bus062,0.0
2030,sc01,11-13 05:00:00+01:00,bus093,0.0
2030,sc01,11-13 05:00:00+01:00,bus097,0.0
2030,sc01,11-13 05:00:00+01:00,bus110,0.0
2030,sc01,11-13 05:00:00+01:00,bus042,0.0
2030,sc01,11-13 05:00:00+01:00,bus066,0.0
2030,sc01,11-13 05:00:00+01:00,bus059,0.0
2030,sc01,11-13 05:00:00+01:00,bus057,0.0
2030,sc01,11-13 05:00:00+01:00,bus067,0.0
2030,sc01,11-13 05:00:00+01:00,bus069,0.0
2030,sc01,11-13 05:00:00+01:00,bus014,0.0
2030,sc01,11-13 05:00:00+01:00,bus090,0.0
2030,sc01,11-13 05:00:00+01:00,bus002,0.0
2030,sc01,11-13 05:00:00+01:00,bus005,0.0
2030,sc01,11-13 05:00:00+01:00,bus109,0.0
2030,sc01,11-13 05:00:00+01:00,bus020,0.0
2030,sc01,11-13 05:00:00+01:00,bus065,0.0
2030,sc01,11-13 05:00:00+01:00,bus001,0.0
2030,sc01,11-13 05:00:00+01:00,bus017,0.0
2030,sc01,11-13 05:00:00+01:00,bus015,0.0
2030,sc01,11-13 05:00:00+01:00,bus054,0.0
2030,sc01,11-13 05:00:00+01:00,bus086,0.0
2030,sc01,11-13 05:00:00+01:00,bus032,0.0
2030,sc01,11-13 05:00:00+01:00,bus038,0.0
2030,sc01,11-13 05:00:00+01:00,bus108,0.0
2030,sc01,11-13 05:00:00+01:00,bus087,0.0
2030,sc01,11-13 05:00:00+01:00,bus027,0.0
2030,sc01,11-13 05:00:00+01:00,bus111,0.0
2030,sc01,11-13 05:00:00+01:00,bus025,0.0
2030,sc01,11-13 05:00:00+01:00,bus029,0.0
2030,sc01,11-13 05:00:00+01:00,bus009,0.0
2030,sc01,11-13 05:00:00+01:00,bus043,0.0
2030,sc01,11-13 05:00:00+01:00,bus045,0.0
2030,sc01,11-13 05:00:00+01:00,bus084,0.0
2030,sc01,11-13 05:00:00+01:00,bus013,0.0
2030,sc01,11-13 05:00:00+01:00,bus063,0.0
2030,sc01,11-13 05:00:00+01:00,bus115,0.0
2030,sc01,11-13 05:00:00+01:00,bus010,0.0
2030,sc01,11-13 05:00:00+01:00,bus073,0.0
2030,sc01,11-13 05:00:00+01:00,bus052,0.0
2030,sc01,11-13 05:00:00+01:00,bus096,0.0
2030,sc01,11-13 05:00:00+01:00,bus050,0.0
2030,sc01,11-13 05:00:00+01:00,bus011,0.0
2030,sc01,11-13 05:00:00+01:00,bus055,0.0
2030,sc01,11-13 05:00:00+01:00,bus083,0.0
2030,sc01,11-13 05:00:00+01:00,bus081,0.0
2030,sc01,11-13 05:00:00+01:00,bus022,0.0
2030,sc01,11-13 05:00:00+01:00,bus071,0.0
2030,sc01,11-13 05:00:00+01:00,bus074,0.0
2030,sc01,11-13 05:00:00+01:00,bus040,0.0
2030,sc01,11-13 05:00:00+01:00,bus099,0.0
2030,sc01,11-13 05:00:00+01:00,bus030,0.0
2030,sc01,11-13 05:00:00+01:00,bus098,0.0
2030,sc01,11-13 05:00:00+01:00,bus053,0.0
2030,sc01,11-13 05:00:00+01:00,bus085,0.0
2030,sc01,11-13 05:00:00+01:00,bus101,0.0
2030,sc01,11-13 05:00:00+01:00,bus018,0.0
2030,sc01,11-13 05:00:00+01:00,bus023,0.0
2030,sc01,11-13 05:00:00+01:00,bus088,0.0
2030,sc01,11-13 05:00:00+01:00,bus116,0.0
2030,sc01,11-13 05:00:00+01:00,bus103,0.0
2030,sc01,11-13 05:00:00+01:00,bus008,0.0
2030,sc01,11-13 05:00:00+01:00,bus105,0.0
2030,sc01,11-13 05:00:00+01:00,bus060,0.0
2030,sc01,11-13 05:00:00+01:00,bus016,0.0
2030,sc01,11-13 05:00:00+01:00,bus082,0.0
2030,sc01,11-13 05:00:00+01:00,bus047,0.0
2030,sc01,11-13 05:00:00+01:00,bus019,0.0
2030,sc01,11-13 05:00:00+01:00,bus037,0.0
2030,sc01,11-13 05:00:00+01:00,bus006,0.0
2030,sc01,11-13 05:00:00+01:00,bus080,0.0
2030,sc01,11-13 05:00:00+01:00,bus031,0.0
2030,sc01,11-13 05:00:00+01:00,bus048,0.0
2030,sc01,11-13 05:00:00+01:00,bus107,0.0
2030,sc01,11-13 05:00:00+01:00,bus049,0.0
2030,sc01,11-13 05:00:00+01:00,bus104,0.0
2030,sc01,11-13 05:00:00+01:00,bus100,0.0
2030,sc01,11-13 05:00:00+01:00,bus072,0.0
2030,sc01,11-13 05:00:00+01:00,bus039,0.0
2030,sc01,11-13 05:00:00+01:00,bus012,0.0
2030,sc01,11-13 05:00:00+01:00,bus114,0.0
2030,sc01,11-13 05:00:00+01:00,bus112,0.0
2030,sc01,11-13 05:00:00+01:00,bus058,0.0
2030,sc01,11-13 05:00:00+01:00,bus089,0.0
2030,sc01,11-13 05:00:00+01:00,bus051,0.0
2030,sc01,11-13 05:00:00+01:00,bus056,0.0
2030,sc01,11-13 05:00:00+01:00,bus092,0.0
2030,sc01,11-13 05:00:00+01:00,bus036,0.0
2030,sc01,11-13 05:00:00+01:00,bus094,0.0
2030,sc01,11-13 05:00:00+01:00,bus095,0.0
2030,sc01,11-13 05:00:00+01:00,bus113,0.0
2030,sc01,11-13 05:00:00+01:00,bus024,0.0
2030,sc01,11-13 05:00:00+01:00,bus078,0.0
2030,sc01,11-13 05:00:00+01:00,bus033,0.0
2030,sc01,11-13 05:00:00+01:00,bus079,0.0
2030,sc01,11-13 05:00:00+01:00,bus061,0.0
2030,sc01,11-13 05:00:00+01:00,bus118,0.0
2030,sc01,11-13 05:00:00+01:00,bus003,0.0
2030,sc01,11-13 05:00:00+01:00,bus070,0.0
2030,sc01,11-13 05:00:00+01:00,bus004,0.0
2030,sc01,11-13 05:00:00+01:00,bus021,0.0
2030,sc01,11-13 05:00:00+01:00,bus068,0.0
2030,sc01,11-13 05:00:00+01:00,bus028,0.0
2030,sc01,11-13 05:00:00+01:00,bus034,0.0
2030,sc01,11-13 05:00:00+01:00,bus075,0.0
2030,sc01,11-13 05:00:00+01:00,bus064,0.0
2030,sc01,11-13 05:00:00+01:00,bus106,0.0
2030,sc01,11-13 05:00:00+01:00,bus076,0.0
2030,sc01,11-13 05:00:00+01:00,bus046,0.0
2030,sc01,11-13 05:00:00+01:00,bus007,0.0
2030,sc01,11-13 05:00:00+01:00,bus035,0.0
2030,sc01,11-13 05:00:00+01:00,bus117,0.0
2030,sc01,11-13 05:00:00+01:00,bus041,0.0
2030,sc01,11-13 05:00:00+01:00,bus102,0.0
2030,sc01,11-13 05:00:00+01:00,bus026,0.0
2030,sc01,11-13 05:00:00+01:00,bus077,0.0
2030,sc01,11-13 05:00:00+01:00,bus044,0.0
2030,sc01,11-13 05:00:00+01:00,bus091,0.0
2030,sc01,11-13 05:00:00+01:00,bus062,0.0
2030,sc01,11-14 03:00:00+01:00,bus093,0.0
2030,sc01,11-14 03:00:00+01:00,bus097,0.0
2030,sc01,11-14 03:00:00+01:00,bus110,0.0
2030,sc01,11-14 03:00:00+01:00,bus042,0.0
2030,sc01,11-14 03:00:00+01:00,bus066,0.0
2030,sc01,11-14 03:00:00+01:00,bus059,0.0
2030,sc01,11-14 03:00:00+01:00,bus057,0.0
2030,sc01,11-14 03:00:00+01:00,bus067,0.0
2030,sc01,11-14 03:00:00+01:00,bus069,0.0
2030,sc01,11-14 03:00:00+01:00,bus014,0.0
2030,sc01,11-14 03:00:00+01:00,bus090,0.0
2030,sc01,11-14 03:00:00+01:00,bus002,0.0
2030,sc01,11-14 03:00:00+01:00,bus005,0.0
2030,sc01,11-14 03:00:00+01:00,bus109,0.0
2030,sc01,11-14 03:00:00+01:00,bus020,0.0
2030,sc01,11-14 03:00:00+01:00,bus065,0.0
2030,sc01,11-14 03:00:00+01:00,bus001,0.0
2030,sc01,11-14 03:00:00+01:00,bus017,0.0
2030,sc01,11-14 03:00:00+01:00,bus015,0.0
2030,sc01,11-14 03:00:00+01:00,bus054,0.0
2030,sc01,11-14 03:00:00+01:00,bus086,0.0
2030,sc01,11-14 03:00:00+01:00,bus032,0.0
2030,sc01,11-14 03:00:00+01:00,bus038,0.0
2030,sc01,11-14 03:00:00+01:00,bus108,0.0
2030,sc01,11-14 03:00:00+01:00,bus087,0.0
2030,sc01,11-14 03:00:00+01:00,bus027,0.0
2030,sc01,11-14 03:00:00+01:00,bus111,0.0
2030,sc01,11-14 03:00:00+01:00,bus025,0.0
2030,sc01,11-14 03:00:00+01:00,bus029,0.0
2030,sc01,11-14 03:00:00+01:00,bus009,0.0
2030,sc01,11-14 03:00:00+01:00,bus043,0.0
2030,sc01,11-14 03:00:00+01:00,bus045,0.0
2030,sc01,11-14 03:00:00+01:00,bus084,0.0
2030,sc01,11-14 03:00:00+01:00,bus013,0.0
2030,sc01,11-14 03:00:00+01:00,bus063,0.0
2030,sc01,11-14 03:00:00+01:00,bus115,0.0
2030,sc01,11-14 03:00:00+01:00,bus010,0.0
2030,sc01,11-14 03:00:00+01:00,bus073,0.0
2030,sc01,11-14 03:00:00+01:00,bus052,0.0
2030,sc01,11-14 03:00:00+01:00,bus096,0.0
2030,sc01,11-14 03:00:00+01:00,bus050,0.0
2030,sc01,11-14 03:00:00+01:00,bus011,0.0
2030,sc01,11-14 03:00:00+01:00,bus055,0.0
2030,sc01,11-14 03:00:00+01:00,bus083,0.0
2030,sc01,11-14 03:00:00+01:00,bus081,0.0
2030,sc01,11-14 03:00:00+01:00,bus022,0.0
2030,sc01,11-14 03:00:00+01:00,bus071,0.0
2030,sc01,11-14 03:00:00+01:00,bus074,0.0
2030,sc01,11-14 03:00:00+01:00,bus040,0.0
2030,sc01,11-14 03:00:00+01:00,bus099,0.0
2030,sc01,11-14 03:00:00+01:00,bus030,0.0
2030,sc01,11-14 03:00:00+01:00,bus098,0.0
2030,sc01,11-14 03:00:00+01:00,bus053,0.0
2030,sc01,11-14 03:00:00+01:00,bus085,0.0
2030,sc01,11-14 03:00:00+01:00,bus101,0.0
2030,sc01,11-14 03:00:00+01:00,bus018,0.0
2030,sc01,11-14 03:00:00+01:00,bus023,0.0
2030,sc01,11-14 03:00:00+01:00,bus088,0.0
2030,sc01,11-14 03:00:00+01:00,bus116,0.0
2030,sc01,11-14 03:00:00+01:00,bus103,0.0
2030,sc01,11-14 03:00:00+01:00,bus008,0.0
2030,sc01,11-14 03:00:00+01:00,bus105,0.0
2030,sc01,11-14 03:00:00+01:00,bus060,0.0
2030,sc01,11-14 03:00:00+01:00,bus016,0.0
2030,sc01,11-14 03:00:00+01:00,bus082,0.0
2030,sc01,11-14 03:00:00+01:00,bus047,0.0
2030,sc01,11-14 03:00:00+01:00,bus019,0.0
2030,sc01,11-14 03:00:00+01:00,bus037,0.0
2030,sc01,11-14 03:00:00+01:00,bus006,0.0
2030,sc01,11-14 03:00:00+01:00,bus080,0.0
2030,sc01,11-14 03:00:00+01:00,bus031,0.0
2030,sc01,11-14 03:00:00+01:00,bus048,0.0
2030,sc01,11-14 03:00:00+01:00,bus107,0.0
2030,sc01,11-14 03:00:00+01:00,bus049,0.0
2030,sc01,11-14 03:00:00+01:00,bus104,0.0
2030,sc01,11-14 03:00:00+01:00,bus100,0.0
2030,sc01,11-14 03:00:00+01:00,bus072,0.0
2030,sc01,11-14 03:00:00+01:00,bus039,0.0
2030,sc01,11-14 03:00:00+01:00,bus012,0.0
2030,sc01,11-14 03:00:00+01:00,bus114,0.0
2030,sc01,11-14 03:00:00+01:00,bus112,0.0
2030,sc01,11-14 03:00:00+01:00,bus058,0.0
2030,sc01,11-14 03:00:00+01:00,bus089,0.0
2030,sc01,11-14 03:00:00+01:00,bus051,0.0
2030,sc01,11-14 03:00:00+01:00,bus056,0.0
2030,sc01,11-14 03:00:00+01:00,bus092,0.0
2030,sc01,11-14 03:00:00+01:00,bus036,0.0
2030,sc01,11-14 03:00:00+01:00,bus094,0.0
2030,sc01,11-14 03:00:00+01:00,bus095,0.0
2030,sc01,11-14 03:00:00+01:00,bus113,0.0
2030,sc01,11-14 03:00:00+01:00,bus024,0.0
2030,sc01,11-14 03:00:00+01:00,bus078,0.0
2030,sc01,11-14 03:00:00+01:00,bus033,0.0
2030,sc01,11-14 03:00:00+01:00,bus079,0.0
2030,sc01,11-14 03:00:00+01:00,bus061,0.0
2030,sc01,11-14 03:00:00+01:00,bus118,0.0
2030,sc01,11-14 03:00:00+01:00,bus003,0.0
2030,sc01,11-14 03:00:00+01:00,bus070,0.0
2030,sc01,11-14 03:00:00+01:00,bus004,0.0
2030,sc01,11-14 03:00:00+01:00,bus021,0.0
2030,sc01,11-14 03:00:00+01:00,bus068,0.0
2030,sc01,11-14 03:00:00+01:00,bus028,0.0
2030,sc01,11-14 03:00:00+01:00,bus034,0.0
2030,sc01,11-14 03:00:00+01:00,bus075,0.0
2030,sc01,11-14 03:00:00+01:00,bus064,0.0
2030,sc01,11-14 03:00:00+01:00,bus106,0.0
2030,sc01,11-14 03:00:00+01:00,bus076,0.0
2030,sc01,11-14 03:00:00+01:00,bus046,0.0
2030,sc01,11-14 03:00:00+01:00,bus007,0.0
2030,sc01,11-14 03:00:00+01:00,bus035,0.0
2030,sc01,11-14 03:00:00+01:00,bus117,0.0
2030,sc01,11-14 03:00:00+01:00,bus041,0.0
2030,sc01,11-14 03:00:00+01:00,bus102,0.0
2030,sc01,11-14 03:00:00+01:00,bus026,0.0
2030,sc01,11-14 03:00:00+01:00,bus077,0.0
2030,sc01,11-14 03:00:00+01:00,bus044,0.0
2030,sc01,11-14 03:00:00+01:00,bus091,0.0
2030,sc01,11-14 03:00:00+01:00,bus062,0.0
2030,sc01,11-15 08:00:00+01:00,bus093,0.0
2030,sc01,11-15 08:00:00+01:00,bus097,0.0
2030,sc01,11-15 08:00:00+01:00,bus110,0.0
2030,sc01,11-15 08:00:00+01:00,bus042,0.0
2030,sc01,11-15 08:00:00+01:00,bus066,0.0
2030,sc01,11-15 08:00:00+01:00,bus059,0.0
2030,sc01,11-15 08:00:00+01:00,bus057,0.0
2030,sc01,11-15 08:00:00+01:00,bus067,0.0
2030,sc01,11-15 08:00:00+01:00,bus069,0.0
2030,sc01,11-15 08:00:00+01:00,bus014,0.0
2030,sc01,11-15 08:00:00+01:00,bus090,0.0
2030,sc01,11-15 08:00:00+01:00,bus002,0.0
2030,sc01,11-15 08:00:00+01:00,bus005,0.0
2030,sc01,11-15 08:00:00+01:00,bus109,0.0
2030,sc01,11-15 08:00:00+01:00,bus020,0.0
2030,sc01,11-15 08:00:00+01:00,bus065,0.0
2030,sc01,11-15 08:00:00+01:00,bus001,0.0
2030,sc01,11-15 08:00:00+01:00,bus017,0.0
2030,sc01,11-15 08:00:00+01:00,bus015,0.0
2030,sc01,11-15 08:00:00+01:00,bus054,0.0
2030,sc01,11-15 08:00:00+01:00,bus086,0.0
2030,sc01,11-15 08:00:00+01:00,bus032,0.0
2030,sc01,11-15 08:00:00+01:00,bus038,0.0
2030,sc01,11-15 08:00:00+01:00,bus108,0.0
2030,sc01,11-15 08:00:00+01:00,bus087,0.0
2030,sc01,11-15 08:00:00+01:00,bus027,0.0
2030,sc01,11-15 08:00:00+01:00,bus111,0.0
2030,sc01,11-15 08:00:00+01:00,bus025,0.0
2030,sc01,11-15 08:00:00+01:00,bus029,0.0
2030,sc01,11-15 08:00:00+01:00,bus009,0.0
2030,sc01,11-15 08:00:00+01:00,bus043,0.0
2030,sc01,11-15 08:00:00+01:00,bus045,0.0
2030,sc01,11-15 08:00:00+01:00,bus084,0.0
2030,sc01,11-15 08:00:00+01:00,bus013,0.0
2030,sc01,11-15 08:00:00+01:00,bus063,0.0
2030,sc01,11-15 08:00:00+01:00,bus115,0.0
2030,sc01,11-15 08:00:00+01:00,bus010,0.0
2030,sc01,11-15 08:00:00+01:00,bus073,0.0
2030,sc01,11-15 08:00:00+01:00,bus052,0.0
2030,sc01,11-15 08:00:00+01:00,bus096,0.0
2030,sc01,11-15 08:00:00+01:00,bus050,0.0
2030,sc01,11-15 08:00:00+01:00,bus011,0.0
2030,sc01,11-15 08:00:00+01:00,bus055,0.0
2030,sc01,11-15 08:00:00+01:00,bus083,0.0
2030,sc01,11-15 08:00:00+01:00,bus081,0.0
2030,sc01,11-15 08:00:00+01:00,bus022,0.0
2030,sc01,11-15 08:00:00+01:00,bus071,0.0
2030,sc01,11-15 08:00:00+01:00,bus074,0.0
2030,sc01,11-15 08:00:00+01:00,bus040,0.0
2030,sc01,11-15 08:00:00+01:00,bus099,0.0
2030,sc01,11-15 08:00:00+01:00,bus030,0.0
2030,sc01,11-15 08:00:00+01:00,bus098,0.0
2030,sc01,11-15 08:00:00+01:00,bus053,0.0
2030,sc01,11-15 08:00:00+01:00,bus085,0.0
2030,sc01,11-15 08:00:00+01:00,bus101,0.0
2030,sc01,11-15 08:00:00+01:00,bus018,0.0
2030,sc01,11-15 08:00:00+01:00,bus023,0.0
2030,sc01,11-15 08:00:00+01:00,bus088,0.0
2030,sc01,11-15 08:00:00+01:00,bus116,0.0
2030,sc01,11-15 08:00:00+01:00,bus103,0.0
2030,sc01,11-15 08:00:00+01:00,bus008,0.0
2030,sc01,11-15 08:00:00+01:00,bus105,0.0
2030,sc01,11-15 08:00:00+01:00,bus060,0.0
2030,sc01,11-15 08:00:00+01:00,bus016,0.0
2030,sc01,11-15 08:00:00+01:00,bus082,0.0
2030,sc01,11-15 08:00:00+01:00,bus047,0.0
2030,sc01,11-15 08:00:00+01:00,bus019,0.0
2030,sc01,11-15 08:00:00+01:00,bus037,0.0
2030,sc01,11-15 08:00:00+01:00,bus006,0.0
2030,sc01,11-15 08:00:00+01:00,bus080,0.0
2030,sc01,11-15 08:00:00+01:00,bus031,0.0
2030,sc01,11-15 08:00:00+01:00,bus048,0.0
2030,sc01,11-15 08:00:00+01:00,bus107,0.0
2030,sc01,11-15 08:00:00+01:00,bus049,0.0
2030,sc01,11-15 08:00:00+01:00,bus104,0.0
2030,sc01,11-15 08:00:00+01:00,bus100,0.0
2030,sc01,11-15 08:00:00+01:00,bus072,0.0
2030,sc01,11-15 08:00:00+01:00,bus039,0.0
2030,sc01,11-15 08:00:00+01:00,bus012,0.0
2030,sc01,11-15 08:00:00+01:00,bus114,0.0
2030,sc01,11-15 08:00:00+01:00,bus112,0.0
2030,sc01,11-15 08:00:00+01:00,bus058,0.0
2030,sc01,11-15 08:00:00+01:00,bus089,0.0
2030,sc01,11-15 08:00:00+01:00,bus051,0.0
2030,sc01,11-15 08:00:00+01:00,bus056,0.0
2030,sc01,11-15 08:00:00+01:00,bus092,0.0
2030,sc01,11-15 08:00:00+01:00,bus036,0.0
2030,sc01,11-15 08:00:00+01:00,bus094,0.0
2030,sc01,11-15 08:00:00+01:00,bus095,0.0
2030,sc01,11-15 08:00:00+01:00,bus113,0.0
2030,sc01,11-15 08:00:00+01:00,bus024,0.0
2030,sc01,11-15 08:00:00+01:00,bus078,0.0
2030,sc01,11-15 08:00:00+01:00,bus033,0.0
2030,sc01,11-15 08:00:00+01:00,bus079,0.0
2030,sc01,11-15 08:00:00+01:00,bus061,0.0
2030,sc01,11-15 08:00:00+01:00,bus118,0.0
2030,sc01,11-15 08:00:00+01:00,bus003,0.0
2030,sc01,11-15 08:00:00+01:00,bus070,0.0
2030,sc01,11-15 08:00:00+01:00,bus004,0.0
2030,sc01,11-15 08:00:00+01:00,bus021,0.0
2030,sc01,11-15 08:00:00+01:00,bus068,0.0
2030,sc01,11-15 08:00:00+01:00,bus028,0.0
2030,sc01,11-15 08:00:00+01:00,bus034,0.0
2030,sc01,11-15 08:00:00+01:00,bus075,0.0
2030,sc01,11-15 08:00:00+01:00,bus064,0.0
2030,sc01,11-15 08:00:00+01:00,bus106,0.0
2030,sc01,11-15 08:00:00+01:00,bus076,0.0
2030,sc01,11-15 08:00:00+01:00,bus046,0.0
2030,sc01,11-15 08:00:00+01:00,bus007,0.0
2030,sc01,11-15 08:00:00+01:00,bus035,0.0
2030,sc01,11-15 08:00:00+01:00,bus117,0.0
2030,sc01,11-15 08:00:00+01:00,bus041,0.0
2030,sc01,11-15 08:00:00+01:00,bus102,0.0
2030,sc01,11-15 08:00:00+01:00,bus026,0.0
2030,sc01,11-15 08:00:00+01:00,bus077,0.0
2030,sc01,11-15 08:00:00+01:00,bus044,0.0
2030,sc01,11-15 08:00:00+01:00,bus091,0.0
2030,sc01,11-15 08:00:00+01:00,bus062,0.0
2030,sc01,11-15 15:00:00+01:00,bus093,0.0
2030,sc01,11-15 15:00:00+01:00,bus097,0.0
2030,sc01,11-15 15:00:00+01:00,bus110,0.0
2030,sc01,11-15 15:00:00+01:00,bus042,0.0
2030,sc01,11-15 15:00:00+01:00,bus066,0.0
2030,sc01,11-15 15:00:00+01:00,bus059,0.0
2030,sc01,11-15 15:00:00+01:00,bus057,0.0
2030,sc01,11-15 15:00:00+01:00,bus067,0.0
2030,sc01,11-15 15:00:00+01:00,bus069,0.0
2030,sc01,11-15 15:00:00+01:00,bus014,0.0
2030,sc01,11-15 15:00:00+01:00,bus090,0.0
2030,sc01,11-15 15:00:00+01:00,bus002,0.0
2030,sc01,11-15 15:00:00+01:00,bus005,0.0
2030,sc01,11-15 15:00:00+01:00,bus109,0.0
2030,sc01,11-15 15:00:00+01:00,bus020,0.0
2030,sc01,11-15 15:00:00+01:00,bus065,0.0
2030,sc01,11-15 15:00:00+01:00,bus001,0.0
2030,sc01,11-15 15:00:00+01:00,bus017,0.0
2030,sc01,11-15 15:00:00+01:00,bus015,0.0
2030,sc01,11-15 15:00:00+01:00,bus054,0.0
2030,sc01,11-15 15:00:00+01:00,bus086,0.0
2030,sc01,11-15 15:00:00+01:00,bus032,0.0
2030,sc01,11-15 15:00:00+01:00,bus038,0.0
2030,sc01,11-15 15:00:00+01:00,bus108,0.0
2030,sc01,11-15 15:00:00+01:00,bus087,0.0
2030,sc01,11-15 15:00:00+01:00,bus027,0.0
2030,sc01,11-15 15:00:00+01:00,bus111,0.0
2030,sc01,11-15 15:00:00+01:00,bus025,0.0
2030,sc01,11-15 15:00:00+01:00,bus029,0.0
2030,sc01,11-15 15:00:00+01:00,bus009,0.0
2030,sc01,11-15 15:00:00+01:00,bus043,0.0
2030,sc01,11-15 15:00:00+01:00,bus045,0.0
2030,sc01,11-15 15:00:00+01:00,bus084,0.0
2030,sc01,11-15 15:00:00+01:00,bus013,0.0
2030,sc01,11-15 15:00:00+01:00,bus063,0.0
2030,sc01,11-15 15:00:00+01:00,bus115,0.0
2030,sc01,11-15 15:00:00+01:00,bus010,0.0
2030,sc01,11-15 15:00:00+01:00,bus073,0.0
2030,sc01,11-15 15:00:00+01:00,bus052,0.0
2030,sc01,11-15 15:00:00+01:00,bus096,0.0
2030,sc01,11-15 15:00:00+01:00,bus050,0.0
2030,sc01,11-15 15:00:00+01:00,bus011,0.0
2030,sc01,11-15 15:00:00+01:00,bus055,0.0
2030,sc01,11-15 15:00:00+01:00,bus083,0.0
2030,sc01,11-15 15:00:00+01:00,bus081,0.0
2030,sc01,11-15 15:00:00+01:00,bus022,0.0
2030,sc01,11-15 15:00:00+01:00,bus071,0.0
2030,sc01,11-15 15:00:00+01:00,bus074,0.0
2030,sc01,11-15 15:00:00+01:00,bus040,0.0
2030,sc01,11-15 15:00:00+01:00,bus099,0.0
2030,sc01,11-15 15:00:00+01:00,bus030,0.0
2030,sc01,11-15 15:00:00+01:00,bus098,0.0
2030,sc01,11-15 15:00:00+01:00,bus053,0.0
2030,sc01,11-15 15:00:00+01:00,bus085,0.0
2030,sc01,11-15 15:00:00+01:00,bus101,0.0
2030,sc01,11-15 15:00:00+01:00,bus018,0.0
2030,sc01,11-15 15:00:00+01:00,bus023,0.0
2030,sc01,11-15 15:00:00+01:00,bus088,0.0
2030,sc01,11-15 15:00:00+01:00,bus116,0.0
2030,sc01,11-15 15:00:00+01:00,bus103,0.0
2030,sc01,11-15 15:00:00+01:00,bus008,0.0
2030,sc01,11-15 15:00:00+01:00,bus105,0.0
2030,sc01,11-15 15:00:00+01:00,bus060,0.0
2030,sc01,11-15 15:00:00+01:00,bus016,0.0
2030,sc01,11-15 15:00:00+01:00,bus082,0.0
2030,sc01,11-15 15:00:00+01:00,bus047,0.0
2030,sc01,11-15 15:00:00+01:00,bus019,0.0
2030,sc01,11-15 15:00:00+01:00,bus037,0.0
2030,sc01,11-15 15:00:00+01:00,bus006,0.0
2030,sc01,11-15 15:00:00+01:00,bus080,0.0
2030,sc01,11-15 15:00:00+01:00,bus031,0.0
2030,sc01,11-15 15:00:00+01:00,bus048,0.0
2030,sc01,11-15 15:00:00+01:00,bus107,0.0
2030,sc01,11-15 15:00:00+01:00,bus049,0.0
2030,sc01,11-15 15:00:00+01:00,bus104,0.0
2030,sc01,11-15 15:00:00+01:00,bus100,0.0
2030,sc01,11-15 15:00:00+01:00,bus072,0.0
2030,sc01,11-15 15:00:00+01:00,bus039,0.0
2030,sc01,11-15 15:00:00+01:00,bus012,0.0
2030,sc01,11-15 15:00:00+01:00,bus114,0.0
2030,sc01,11-15 15:00:00+01:00,bus112,0.0
2030,sc01,11-15 15:00:00+01:00,bus058,0.0
2030,sc01,11-15 15:00:00+01:00,bus089,0.0
2030,sc01,11-15 15:00:00+01:00,bus051,0.0
2030,sc01,11-15 15:00:00+01:00,bus056,0.0
2030,sc01,11-15 15:00:00+01:00,bus092,0.0
2030,sc01,11-15 15:00:00+01:00,bus036,0.0
2030,sc01,11-15 15:00:00+01:00,bus094,0.0
2030,sc01,11-15 15:00:00+01:00,bus095,0.0
2030,sc01,11-15 15:00:00+01:00,bus113,0.0
2030,sc01,11-15 15:00:00+01:00,bus024,0.0
2030,sc01,11-15 15:00:00+01:00,bus078,0.0
2030,sc01,11-15 15:00:00+01:00,bus033,0.0
2030,sc01,11-15 15:00:00+01:00,bus079,0.0
2030,sc01,11-15 15:00:00+01:00,bus061,0.0
2030,sc01,11-15 15:00:00+01:00,bus118,0.0
2030,sc01,11-15 15:00:00+01:00,bus003,0.0
2030,sc01,11-15 15:00:00+01:00,bus070,0.0
2030,sc01,11-15 15:00:00+01:00,bus004,0.0
2030,sc01,11-15 15:00:00+01:00,bus021,0.0
2030,sc01,11-15 15:00:00+01:00,bus068,0.0
2030,sc01,11-15 15:00:00+01:00,bus028,0.0
2030,sc01,11-15 15:00:00+01:00,bus034,0.0
2030,sc01,11-15 15:00:00+01:00,bus075,0.0
2030,sc01,11-15 15:00:00+01:00,bus064,0.0
2030,sc01,11-15 15:00:00+01:00,bus106,0.0
2030,sc01,11-15 15:00:00+01:00,bus076,0.0
2030,sc01,11-15 15:00:00+01:00,bus046,0.0
2030,sc01,11-15 15:00:00+01:00,bus007,0.0
2030,sc01,11-15 15:00:00+01:00,bus035,0.0
2030,sc01,11-15 15:00:00+01:00,bus117,0.0
2030,sc01,11-15 15:00:00+01:00,bus041,0.0
2030,sc01,11-15 15:00:00+01:00,bus102,0.0
2030,sc01,11-15 15:00:00+01:00,bus026,0.0
2030,sc01,11-15 15:00:00+01:00,bus077,0.0
2030,sc01,11-15 15:00:00+01:00,bus044,0.0
2030,sc01,11-15 15:00:00+01:00,bus091,0.0
2030,sc01,11-15 15:00:00+01:00,bus062,0.0
2030,sc01,11-15 18:00:00+01:00,bus093,0.0
2030,sc01,11-15 18:00:00+01:00,bus097,0.0
2030,sc01,11-15 18:00:00+01:00,bus110,0.0
2030,sc01,11-15 18:00:00+01:00,bus042,0.0
2030,sc01,11-15 18:00:00+01:00,bus066,0.0
2030,sc01,11-15 18:00:00+01:00,bus059,0.0
2030,sc01,11-15 18:00:00+01:00,bus057,0.0
2030,sc01,11-15 18:00:00+01:00,bus067,0.0
2030,sc01,11-15 18:00:00+01:00,bus069,0.0
2030,sc01,11-15 18:00:00+01:00,bus014,0.0
2030,sc01,11-15 18:00:00+01:00,bus090,0.0
2030,sc01,11-15 18:00:00+01:00,bus002,0.0
2030,sc01,11-15 18:00:00+01:00,bus005,0.0
2030,sc01,11-15 18:00:00+01:00,bus109,0.0
2030,sc01,11-15 18:00:00+01:00,bus020,0.0
2030,sc01,11-15 18:00:00+01:00,bus065,0.0
2030,sc01,11-15 18:00:00+01:00,bus001,0.0
2030,sc01,11-15 18:00:00+01:00,bus017,0.0
2030,sc01,11-15 18:00:00+01:00,bus015,0.0
2030,sc01,11-15 18:00:00+01:00,bus054,0.0
2030,sc01,11-15 18:00:00+01:00,bus086,0.0
2030,sc01,11-15 18:00:00+01:00,bus032,0.0
2030,sc01,11-15 18:00:00+01:00,bus038,0.0
2030,sc01,11-15 18:00:00+01:00,bus108,0.0
2030,sc01,11-15 18:00:00+01:00,bus087,0.0
2030,sc01,11-15 18:00:00+01:00,bus027,0.0
2030,sc01,11-15 18:00:00+01:00,bus111,0.0
2030,sc01,11-15 18:00:00+01:00,bus025,0.0
2030,sc01,11-15 18:00:00+01:00,bus029,0.0
2030,sc01,11-15 18:00:00+01:00,bus009,0.0
2030,sc01,11-15 18:00:00+01:00,bus043,0.0
2030,sc01,11-15 18:00:00+01:00,bus045,0.0
2030,sc01,11-15 18:00:00+01:00,bus084,0.0
2030,sc01,11-15 18:00:00+01:00,bus013,0.0
2030,sc01,11-15 18:00:00+01:00,bus063,0.0
2030,sc01,11-15 18:00:00+01:00,bus115,0.0
2030,sc01,11-15 18:00:00+01:00,bus010,0.0
2030,sc01,11-15 18:00:00+01:00,bus073,0.0
2030,sc01,11-15 18:00:00+01:00,bus052,0.0
2030,sc01,11-15 18:00:00+01:00,bus096,0.0
2030,sc01,11-15 18:00:00+01:00,bus050,0.0
2030,sc01,11-15 18:00:00+01:00,bus011,0.0
2030,sc01,11-15 18:00:00+01:00,bus055,0.0
2030,sc01,11-15 18:00:00+01:00,bus083,0.0
2030,sc01,11-15 18:00:00+01:00,bus081,0.0
2030,sc01,11-15 18:00:00+01:00,bus022,0.0
2030,sc01,11-15 18:00:00+01:00,bus071,0.0
2030,sc01,11-15 18:00:00+01:00,bus074,0.0
2030,sc01,11-15 18:00:00+01:00,bus040,0.0
2030,sc01,11-15 18:00:00+01:00,bus099,0.0
2030,sc01,11-15 18:00:00+01:00,bus030,0.0
2030,sc01,11-15 18:00:00+01:00,bus098,0.0
2030,sc01,11-15 18:00:00+01:00,bus053,0.0
2030,sc01,11-15 18:00:00+01:00,bus085,0.0
2030,sc01,11-15 18:00:00+01:00,bus101,0.0
2030,sc01,11-15 18:00:00+01:00,bus018,0.0
2030,sc01,11-15 18:00:00+01:00,bus023,0.0
2030,sc01,11-15 18:00:00+01:00,bus088,0.0
2030,sc01,11-15 18:00:00+01:00,bus116,0.0
2030,sc01,11-15 18:00:00+01:00,bus103,0.0
2030,sc01,11-15 18:00:00+01:00,bus008,0.0
2030,sc01,11-15 18:00:00+01:00,bus105,0.0
2030,sc01,11-15 18:00:00+01:00,bus060,0.0
2030,sc01,11-15 18:00:00+01:00,bus016,0.0
2030,sc01,11-15 18:00:00+01:00,bus082,0.0
2030,sc01,11-15 18:00:00+01:00,bus047,0.0
2030,sc01,11-15 18:00:00+01:00,bus019,0.0
2030,sc01,11-15 18:00:00+01:00,bus037,0.0
2030,sc01,11-15 18:00:00+01:00,bus006,0.0
2030,sc01,11-15 18:00:00+01:00,bus080,0.0
2030,sc01,11-15 18:00:00+01:00,bus031,0.0
2030,sc01,11-15 18:00:00+01:00,bus048,0.0
2030,sc01,11-15 18:00:00+01:00,bus107,0.0
2030,sc01,11-15 18:00:00+01:00,bus049,0.0
2030,sc01,11-15 18:00:00+01:00,bus104,0.0
2030,sc01,11-15 18:00:00+01:00,bus100,0.0
2030,sc01,11-15 18:00:00+01:00,bus072,0.0
2030,sc01,11-15 18:00:00+01:00,bus039,0.0
2030,sc01,11-15 18:00:00+01:00,bus012,0.0
2030,sc01,11-15 18:00:00+01:00,bus114,0.0
2030,sc01,11-15 18:00:00+01:00,bus112,0.0
2030,sc01,11-15 18:00:00+01:00,bus058,0.0
2030,sc01,11-15 18:00:00+01:00,bus089,0.0
2030,sc01,11-15 18:00:00+01:00,bus051,0.0
2030,sc01,11-15 18:00:00+01:00,bus056,0.0
2030,sc01,11-15 18:00:00+01:00,bus092,0.0
2030,sc01,11-15 18:00:00+01:00,bus036,0.0
2030,sc01,11-15 18:00:00+01:00,bus094,0.0
2030,sc01,11-15 18:00:00+01:00,bus095,0.0
2030,sc01,11-15 18:00:00+01:00,bus113,0.0
2030,sc01,11-15 18:00:00+01:00,bus024,0.0
2030,sc01,11-15 18:00:00+01:00,bus078,0.0
2030,sc01,11-15 18:00:00+01:00,bus033,0.0
2030,sc01,11-15 18:00:00+01:00,bus079,0.0
2030,sc01,11-15 18:00:00+01:00,bus061,0.0
2030,sc01,11-15 18:00:00+01:00,bus118,0.0
2030,sc01,11-15 18:00:00+01:00,bus003,0.0
2030,sc01,11-15 18:00:00+01:00,bus070,0.0
2030,sc01,11-15 18:00:00+01:00,bus004,0.0
2030,sc01,11-15 18:00:00+01:00,bus021,0.0
2030,sc01,11-15 18:00:00+01:00,bus068,0.0
2030,sc01,11-15 18:00:00+01:00,bus028,0.0
2030,sc01,11-15 18:00:00+01:00,bus034,0.0
2030,sc01,11-15 18:00:00+01:00,bus075,0.0
2030,sc01,11-15 18:00:00+01:00,bus064,0.0
2030,sc01,11-15 18:00:00+01:00,bus106,0.0
2030,sc01,11-15 18:00:00+01:00,bus076,0.0
2030,sc01,11-15 18:00:00+01:00,bus046,0.0
2030,sc01,11-15 18:00:00+01:00,bus007,0.0
2030,sc01,11-15 18:00:00+01:00,bus035,0.0
2030,sc01,11-15 18:00:00+01:00,bus117,0.0
2030,sc01,11-15 18:00:00+01:00,bus041,0.0
2030,sc01,11-15 18:00:00+01:00,bus102,0.0
2030,sc01,11-15 18:00:00+01:00,bus026,0.0
2030,sc01,11-15 18:00:00+01:00,bus077,0.0
2030,sc01,11-15 18:00:00+01:00,bus044,0.0
2030,sc01,11-15 18:00:00+01:00,bus091,0.0
2030,sc01,11-15 18:00:00+01:00,bus062,0.0
2030,sc01,11-18 17:00:00+01:00,bus093,0.0
2030,sc01,11-18 17:00:00+01:00,bus097,0.0
2030,sc01,11-18 17:00:00+01:00,bus110,0.0
2030,sc01,11-18 17:00:00+01:00,bus042,0.0
2030,sc01,11-18 17:00:00+01:00,bus066,0.0
2030,sc01,11-18 17:00:00+01:00,bus059,0.0
2030,sc01,11-18 17:00:00+01:00,bus057,0.0
2030,sc01,11-18 17:00:00+01:00,bus067,0.0
2030,sc01,11-18 17:00:00+01:00,bus069,0.0
2030,sc01,11-18 17:00:00+01:00,bus014,0.0
2030,sc01,11-18 17:00:00+01:00,bus090,0.0
2030,sc01,11-18 17:00:00+01:00,bus002,0.0
2030,sc01,11-18 17:00:00+01:00,bus005,0.0
2030,sc01,11-18 17:00:00+01:00,bus109,0.0
2030,sc01,11-18 17:00:00+01:00,bus020,0.0
2030,sc01,11-18 17:00:00+01:00,bus065,0.0
2030,sc01,11-18 17:00:00+01:00,bus001,0.0
2030,sc01,11-18 17:00:00+01:00,bus017,0.0
2030,sc01,11-18 17:00:00+01:00,bus015,0.0
2030,sc01,11-18 17:00:00+01:00,bus054,0.0
2030,sc01,11-18 17:00:00+01:00,bus086,0.0
2030,sc01,11-18 17:00:00+01:00,bus032,0.0
2030,sc01,11-18 17:00:00+01:00,bus038,0.0
2030,sc01,11-18 17:00:00+01:00,bus108,0.0
2030,sc01,11-18 17:00:00+01:00,bus087,0.0
2030,sc01,11-18 17:00:00+01:00,bus027,0.0
2030,sc01,11-18 17:00:00+01:00,bus111,0.0
2030,sc01,11-18 17:00:00+01:00,bus025,0.0
2030,sc01,11-18 17:00:00+01:00,bus029,0.0
2030,sc01,11-18 17:00:00+01:00,bus009,0.0
2030,sc01,11-18 17:00:00+01:00,bus043,0.0
2030,sc01,11-18 17:00:00+01:00,bus045,0.0
2030,sc01,11-18 17:00:00+01:00,bus084,0.0
2030,sc01,11-18 17:00:00+01:00,bus013,0.0
2030,sc01,11-18 17:00:00+01:00,bus063,0.0
2030,sc01,11-18 17:00:00+01:00,bus115,0.0
2030,sc01,11-18 17:00:00+01:00,bus010,0.0
2030,sc01,11-18 17:00:00+01:00,bus073,0.0
2030,sc01,11-18 17:00:00+01:00,bus052,0.0
2030,sc01,11-18 17:00:00+01:00,bus096,0.0
2030,sc01,11-18 17:00:00+01:00,bus050,0.0
2030,sc01,11-18 17:00:00+01:00,bus011,0.0
2030,sc01,11-18 17:00:00+01:00,bus055,0.0
2030,sc01,11-18 17:00:00+01:00,bus083,0.0
2030,sc01,11-18 17:00:00+01:00,bus081,0.0
2030,sc01,11-18 17:00:00+01:00,bus022,0.0
2030,sc01,11-18 17:00:00+01:00,bus071,0.0
2030,sc01,11-18 17:00:00+01:00,bus074,0.0
2030,sc01,11-18 17:00:00+01:00,bus040,0.0
2030,sc01,11-18 17:00:00+01:00,bus099,0.0
2030,sc01,11-18 17:00:00+01:00,bus030,0.0
2030,sc01,11-18 17:00:00+01:00,bus098,0.0
2030,sc01,11-18 17:00:00+01:00,bus053,0.0
2030,sc01,11-18 17:00:00+01:00,bus085,0.0
2030,sc01,11-18 17:00:00+01:00,bus101,0.0
2030,sc01,11-18 17:00:00+01:00,bus018,0.0
2030,sc01,11-18 17:00:00+01:00,bus023,0.0
2030,sc01,11-18 17:00:00+01:00,bus088,0.0
2030,sc01,11-18 17:00:00+01:00,bus116,0.0
2030,sc01,11-18 17:00:00+01:00,bus103,0.0
2030,sc01,11-18 17:00:00+01:00,bus008,0.0
2030,sc01,11-18 17:00:00+01:00,bus105,0.0
2030,sc01,11-18 17:00:00+01:00,bus060,0.0
2030,sc01,11-18 17:00:00+01:00,bus016,0.0
2030,sc01,11-18 17:00:00+01:00,bus082,0.0
2030,sc01,11-18 17:00:00+01:00,bus047,0.0
2030,sc01,11-18 17:00:00+01:00,bus019,0.0
2030,sc01,11-18 17:00:00+01:00,bus037,0.0
2030,sc01,11-18 17:00:00+01:00,bus006,0.0
2030,sc01,11-18 17:00:00+01:00,bus080,0.0
2030,sc01,11-18 17:00:00+01:00,bus031,0.0
2030,sc01,11-18 17:00:00+01:00,bus048,0.0
2030,sc01,11-18 17:00:00+01:00,bus107,0.0
2030,sc01,11-18 17:00:00+01:00,bus049,0.0
2030,sc01,11-18 17:00:00+01:00,bus104,0.0
2030,sc01,11-18 17:00:00+01:00,bus100,0.0
2030,sc01,11-18 17:00:00+01:00,bus072,0.0
2030,sc01,11-18 17:00:00+01:00,bus039,0.0
2030,sc01,11-18 17:00:00+01:00,bus012,0.0
2030,sc01,11-18 17:00:00+01:00,bus114,0.0
2030,sc01,11-18 17:00:00+01:00,bus112,0.0
2030,sc01,11-18 17:00:00+01:00,bus058,0.0
2030,sc01,11-18 17:00:00+01:00,bus089,0.0
2030,sc01,11-18 17:00:00+01:00,bus051,0.0
2030,sc01,11-18 17:00:00+01:00,bus056,0.0
2030,sc01,11-18 17:00:00+01:00,bus092,0.0
2030,sc01,11-18 17:00:00+01:00,bus036,0.0
2030,sc01,11-18 17:00:00+01:00,bus094,0.0
2030,sc01,11-18 17:00:00+01:00,bus095,0.0
2030,sc01,11-18 17:00:00+01:00,bus113,0.0
2030,sc01,11-18 17:00:00+01:00,bus024,0.0
2030,sc01,11-18 17:00:00+01:00,bus078,0.0
2030,sc01,11-18 17:00:00+01:00,bus033,0.0
2030,sc01,11-18 17:00:00+01:00,bus079,0.0
2030,sc01,11-18 17:00:00+01:00,bus061,0.0
2030,sc01,11-18 17:00:00+01:00,bus118,0.0
2030,sc01,11-18 17:00:00+01:00,bus003,0.0
2030,sc01,11-18 17:00:00+01:00,bus070,0.0
2030,sc01,11-18 17:00:00+01:00,bus004,0.0
2030,sc01,11-18 17:00:00+01:00,bus021,0.0
2030,sc01,11-18 17:00:00+01:00,bus068,0.0
2030,sc01,11-18 17:00:00+01:00,bus028,0.0
2030,sc01,11-18 17:00:00+01:00,bus034,0.0
2030,sc01,11-18 17:00:00+01:00,bus075,0.0
2030,sc01,11-18 17:00:00+01:00,bus064,0.0
2030,sc01,11-18 17:00:00+01:00,bus106,0.0
2030,sc01,11-18 17:00:00+01:00,bus076,0.0
2030,sc01,11-18 17:00:00+01:00,bus046,0.0
2030,sc01,11-18 17:00:00+01:00,bus007,0.0
2030,sc01,11-18 17:00:00+01:00,bus035,0.0
2030,sc01,11-18 17:00:00+01:00,bus117,0.0
2030,sc01,11-18 17:00:00+01:00,bus041,0.0
2030,sc01,11-18 17:00:00+01:00,bus102,0.0
2030,sc01,11-18 17:00:00+01:00,bus026,0.0
2030,sc01,11-18 17:00:00+01:00,bus077,0.0
2030,sc01,11-18 17:00:00+01:00,bus044,0.0
2030,sc01,11-18 17:00:00+01:00,bus091,0.0
2030,sc01,11-18 17:00:00+01:00,bus062,0.0
2030,sc01,11-19 04:00:00+01:00,bus093,0.0
2030,sc01,11-19 04:00:00+01:00,bus097,0.0
2030,sc01,11-19 04:00:00+01:00,bus110,0.0
2030,sc01,11-19 04:00:00+01:00,bus042,0.0
2030,sc01,11-19 04:00:00+01:00,bus066,0.0
2030,sc01,11-19 04:00:00+01:00,bus059,0.0
2030,sc01,11-19 04:00:00+01:00,bus057,0.0
2030,sc01,11-19 04:00:00+01:00,bus067,0.0
2030,sc01,11-19 04:00:00+01:00,bus069,0.0
2030,sc01,11-19 04:00:00+01:00,bus014,0.0
2030,sc01,11-19 04:00:00+01:00,bus090,0.0
2030,sc01,11-19 04:00:00+01:00,bus002,0.0
2030,sc01,11-19 04:00:00+01:00,bus005,0.0
2030,sc01,11-19 04:00:00+01:00,bus109,0.0
2030,sc01,11-19 04:00:00+01:00,bus020,0.0
2030,sc01,11-19 04:00:00+01:00,bus065,0.0
2030,sc01,11-19 04:00:00+01:00,bus001,0.0
2030,sc01,11-19 04:00:00+01:00,bus017,0.0
2030,sc01,11-19 04:00:00+01:00,bus015,0.0
2030,sc01,11-19 04:00:00+01:00,bus054,0.0
2030,sc01,11-19 04:00:00+01:00,bus086,0.0
2030,sc01,11-19 04:00:00+01:00,bus032,0.0
2030,sc01,11-19 04:00:00+01:00,bus038,0.0
2030,sc01,11-19 04:00:00+01:00,bus108,0.0
2030,sc01,11-19 04:00:00+01:00,bus087,0.0
2030,sc01,11-19 04:00:00+01:00,bus027,0.0
2030,sc01,11-19 04:00:00+01:00,bus111,0.0
2030,sc01,11-19 04:00:00+01:00,bus025,0.0
2030,sc01,11-19 04:00:00+01:00,bus029,0.0
2030,sc01,11-19 04:00:00+01:00,bus009,0.0
2030,sc01,11-19 04:00:00+01:00,bus043,0.0
2030,sc01,11-19 04:00:00+01:00,bus045,0.0
2030,sc01,11-19 04:00:00+01:00,bus084,0.0
2030,sc01,11-19 04:00:00+01:00,bus013,0.0
2030,sc01,11-19 04:00:00+01:00,bus063,0.0
2030,sc01,11-19 04:00:00+01:00,bus115,0.0
2030,sc01,11-19 04:00:00+01:00,bus010,0.0
2030,sc01,11-19 04:00:00+01:00,bus073,0.0
2030,sc01,11-19 04:00:00+01:00,bus052,0.0
2030,sc01,11-19 04:00:00+01:00,bus096,0.0
2030,sc01,11-19 04:00:00+01:00,bus050,0.0
2030,sc01,11-19 04:00:00+01:00,bus011,0.0
2030,sc01,11-19 04:00:00+01:00,bus055,0.0
2030,sc01,11-19 04:00:00+01:00,bus083,0.0
2030,sc01,11-19 04:00:00+01:00,bus081,0.0
2030,sc01,11-19 04:00:00+01:00,bus022,0.0
2030,sc01,11-19 04:00:00+01:00,bus071,0.0
2030,sc01,11-19 04:00:00+01:00,bus074,0.0
2030,sc01,11-19 04:00:00+01:00,bus040,0.0
2030,sc01,11-19 04:00:00+01:00,bus099,0.0
2030,sc01,11-19 04:00:00+01:00,bus030,0.0
2030,sc01,11-19 04:00:00+01:00,bus098,0.0
2030,sc01,11-19 04:00:00+01:00,bus053,0.0
2030,sc01,11-19 04:00:00+01:00,bus085,0.0
2030,sc01,11-19 04:00:00+01:00,bus101,0.0
2030,sc01,11-19 04:00:00+01:00,bus018,0.0
2030,sc01,11-19 04:00:00+01:00,bus023,0.0
2030,sc01,11-19 04:00:00+01:00,bus088,0.0
2030,sc01,11-19 04:00:00+01:00,bus116,0.0
2030,sc01,11-19 04:00:00+01:00,bus103,0.0
2030,sc01,11-19 04:00:00+01:00,bus008,0.0
2030,sc01,11-19 04:00:00+01:00,bus105,0.0
2030,sc01,11-19 04:00:00+01:00,bus060,0.0
2030,sc01,11-19 04:00:00+01:00,bus016,0.0
2030,sc01,11-19 04:00:00+01:00,bus082,0.0
2030,sc01,11-19 04:00:00+01:00,bus047,0.0
2030,sc01,11-19 04:00:00+01:00,bus019,0.0
2030,sc01,11-19 04:00:00+01:00,bus037,0.0
2030,sc01,11-19 04:00:00+01:00,bus006,0.0
2030,sc01,11-19 04:00:00+01:00,bus080,0.0
2030,sc01,11-19 04:00:00+01:00,bus031,0.0
2030,sc01,11-19 04:00:00+01:00,bus048,0.0
2030,sc01,11-19 04:00:00+01:00,bus107,0.0
2030,sc01,11-19 04:00:00+01:00,bus049,0.0
2030,sc01,11-19 04:00:00+01:00,bus104,0.0
2030,sc01,11-19 04:00:00+01:00,bus100,0.0
2030,sc01,11-19 04:00:00+01:00,bus072,0.0
2030,sc01,11-19 04:00:00+01:00,bus039,0.0
2030,sc01,11-19 04:00:00+01:00,bus012,0.0
2030,sc01,11-19 04:00:00+01:00,bus114,0.0
2030,sc01,11-19 04:00:00+01:00,bus112,0.0
2030,sc01,11-19 04:00:00+01:00,bus058,0.0
2030,sc01,11-19 04:00:00+01:00,bus089,0.0
2030,sc01,11-19 04:00:00+01:00,bus051,0.0
2030,sc01,11-19 04:00:00+01:00,bus056,0.0
2030,sc01,11-19 04:00:00+01:00,bus092,0.0
2030,sc01,11-19 04:00:00+01:00,bus036,0.0
2030,sc01,11-19 04:00:00+01:00,bus094,0.0
2030,sc01,11-19 04:00:00+01:00,bus095,0.0
2030,sc01,11-19 04:00:00+01:00,bus113,0.0
2030,sc01,11-19 04:00:00+01:00,bus024,0.0
2030,sc01,11-19 04:00:00+01:00,bus078,0.0
2030,sc01,11-19 04:00:00+01:00,bus033,0.0
2030,sc01,11-19 04:00:00+01:00,bus079,0.0
2030,sc01,11-19 04:00:00+01:00,bus061,0.0
2030,sc01,11-19 04:00:00+01:00,bus118,0.0
2030,sc01,11-19 04:00:00+01:00,bus003,0.0
2030,sc01,11-19 04:00:00+01:00,bus070,0.0
2030,sc01,11-19 04:00:00+01:00,bus004,0.0
2030,sc01,11-19 04:00:00+01:00,bus021,0.0
2030,sc01,11-19 04:00:00+01:00,bus068,0.0
2030,sc01,11-19 04:00:00+01:00,bus028,0.0
2030,sc01,11-19 04:00:00+01:00,bus034,0.0
2030,sc01,11-19 04:00:00+01:00,bus075,0.0
2030,sc01,11-19 04:00:00+01:00,bus064,0.0
2030,sc01,11-19 04:00:00+01:00,bus106,0.0
2030,sc01,11-19 04:00:00+01:00,bus076,0.0
2030,sc01,11-19 04:00:00+01:00,bus046,0.0
2030,sc01,11-19 04:00:00+01:00,bus007,0.0
2030,sc01,11-19 04:00:00+01:00,bus035,0.0
2030,sc01,11-19 04:00:00+01:00,bus117,0.0
2030,sc01,11-19 04:00:00+01:00,bus041,0.0
2030,sc01,11-19 04:00:00+01:00,bus102,0.0
2030,sc01,11-19 04:00:00+01:00,bus026,0.0
2030,sc01,11-19 04:00:00+01:00,bus077,0.0
2030,sc01,11-19 04:00:00+01:00,bus044,0.0
2030,sc01,11-19 04:00:00+01:00,bus091,0.0
2030,sc01,11-19 04:00:00+01:00,bus062,0.0
2030,sc01,11-19 08:00:00+01:00,bus093,0.0
2030,sc01,11-19 08:00:00+01:00,bus097,0.0
2030,sc01,11-19 08:00:00+01:00,bus110,0.0
2030,sc01,11-19 08:00:00+01:00,bus042,0.0
2030,sc01,11-19 08:00:00+01:00,bus066,0.0
2030,sc01,11-19 08:00:00+01:00,bus059,0.0
2030,sc01,11-19 08:00:00+01:00,bus057,0.0
2030,sc01,11-19 08:00:00+01:00,bus067,0.0
2030,sc01,11-19 08:00:00+01:00,bus069,0.0
2030,sc01,11-19 08:00:00+01:00,bus014,0.0
2030,sc01,11-19 08:00:00+01:00,bus090,0.0
2030,sc01,11-19 08:00:00+01:00,bus002,0.0
2030,sc01,11-19 08:00:00+01:00,bus005,0.0
2030,sc01,11-19 08:00:00+01:00,bus109,0.0
2030,sc01,11-19 08:00:00+01:00,bus020,0.0
2030,sc01,11-19 08:00:00+01:00,bus065,0.0
2030,sc01,11-19 08:00:00+01:00,bus001,0.0
2030,sc01,11-19 08:00:00+01:00,bus017,0.0
2030,sc01,11-19 08:00:00+01:00,bus015,0.0
2030,sc01,11-19 08:00:00+01:00,bus054,0.0
2030,sc01,11-19 08:00:00+01:00,bus086,0.0
2030,sc01,11-19 08:00:00+01:00,bus032,0.0
2030,sc01,11-19 08:00:00+01:00,bus038,0.0
2030,sc01,11-19 08:00:00+01:00,bus108,0.0
2030,sc01,11-19 08:00:00+01:00,bus087,0.0
2030,sc01,11-19 08:00:00+01:00,bus027,0.0
2030,sc01,11-19 08:00:00+01:00,bus111,0.0
2030,sc01,11-19 08:00:00+01:00,bus025,0.0
2030,sc01,11-19 08:00:00+01:00,bus029,0.0
2030,sc01,11-19 08:00:00+01:00,bus009,0.0
2030,sc01,11-19 08:00:00+01:00,bus043,0.0
2030,sc01,11-19 08:00:00+01:00,bus045,0.0
2030,sc01,11-19 08:00:00+01:00,bus084,0.0
2030,sc01,11-19 08:00:00+01:00,bus013,0.0
2030,sc01,11-19 08:00:00+01:00,bus063,0.0
2030,sc01,11-19 08:00:00+01:00,bus115,0.0
2030,sc01,11-19 08:00:00+01:00,bus010,0.0
2030,sc01,11-19 08:00:00+01:00,bus073,0.0
2030,sc01,11-19 08:00:00+01:00,bus052,0.0
2030,sc01,11-19 08:00:00+01:00,bus096,0.0
2030,sc01,11-19 08:00:00+01:00,bus050,0.0
2030,sc01,11-19 08:00:00+01:00,bus011,0.0
2030,sc01,11-19 08:00:00+01:00,bus055,0.0
2030,sc01,11-19 08:00:00+01:00,bus083,0.0
2030,sc01,11-19 08:00:00+01:00,bus081,0.0
2030,sc01,11-19 08:00:00+01:00,bus022,0.0
2030,sc01,11-19 08:00:00+01:00,bus071,0.0
2030,sc01,11-19 08:00:00+01:00,bus074,0.0
2030,sc01,11-19 08:00:00+01:00,bus040,0.0
2030,sc01,11-19 08:00:00+01:00,bus099,0.0
2030,sc01,11-19 08:00:00+01:00,bus030,0.0
2030,sc01,11-19 08:00:00+01:00,bus098,0.0
2030,sc01,11-19 08:00:00+01:00,bus053,0.0
2030,sc01,11-19 08:00:00+01:00,bus085,0.0
2030,sc01,11-19 08:00:00+01:00,bus101,0.0
2030,sc01,11-19 08:00:00+01:00,bus018,0.0
2030,sc01,11-19 08:00:00+01:00,bus023,0.0
2030,sc01,11-19 08:00:00+01:00,bus088,0.0
2030,sc01,11-19 08:00:00+01:00,bus116,0.0
2030,sc01,11-19 08:00:00+01:00,bus103,0.0
2030,sc01,11-19 08:00:00+01:00,bus008,0.0
2030,sc01,11-19 08:00:00+01:00,bus105,0.0
2030,sc01,11-19 08:00:00+01:00,bus060,0.0
2030,sc01,11-19 08:00:00+01:00,bus016,0.0
2030,sc01,11-19 08:00:00+01:00,bus082,0.0
2030,sc01,11-19 08:00:00+01:00,bus047,0.0
2030,sc01,11-19 08:00:00+01:00,bus019,0.0
2030,sc01,11-19 08:00:00+01:00,bus037,0.0
2030,sc01,11-19 08:00:00+01:00,bus006,0.0
2030,sc01,11-19 08:00:00+01:00,bus080,0.0
2030,sc01,11-19 08:00:00+01:00,bus031,0.0
2030,sc01,11-19 08:00:00+01:00,bus048,0.0
2030,sc01,11-19 08:00:00+01:00,bus107,0.0
2030,sc01,11-19 08:00:00+01:00,bus049,0.0
2030,sc01,11-19 08:00:00+01:00,bus104,0.0
2030,sc01,11-19 08:00:00+01:00,bus100,0.0
2030,sc01,11-19 08:00:00+01:00,bus072,0.0
2030,sc01,11-19 08:00:00+01:00,bus039,0.0
2030,sc01,11-19 08:00:00+01:00,bus012,0.0
2030,sc01,11-19 08:00:00+01:00,bus114,0.0
2030,sc01,11-19 08:00:00+01:00,bus112,0.0
2030,sc01,11-19 08:00:00+01:00,bus058,0.0
2030,sc01,11-19 08:00:00+01:00,bus089,0.0
2030,sc01,11-19 08:00:00+01:00,bus051,0.0
2030,sc01,11-19 08:00:00+01:00,bus056,0.0
2030,sc01,11-19 08:00:00+01:00,bus092,0.0
2030,sc01,11-19 08:00:00+01:00,bus036,0.0
2030,sc01,11-19 08:00:00+01:00,bus094,0.0
2030,sc01,11-19 08:00:00+01:00,bus095,0.0
2030,sc01,11-19 08:00:00+01:00,bus113,0.0
2030,sc01,11-19 08:00:00+01:00,bus024,0.0
2030,sc01,11-19 08:00:00+01:00,bus078,0.0
2030,sc01,11-19 08:00:00+01:00,bus033,0.0
2030,sc01,11-19 08:00:00+01:00,bus079,0.0
2030,sc01,11-19 08:00:00+01:00,bus061,0.0
2030,sc01,11-19 08:00:00+01:00,bus118,0.0
2030,sc01,11-19 08:00:00+01:00,bus003,0.0
2030,sc01,11-19 08:00:00+01:00,bus070,0.0
2030,sc01,11-19 08:00:00+01:00,bus004,0.0
2030,sc01,11-19 08:00:00+01:00,bus021,0.0
2030,sc01,11-19 08:00:00+01:00,bus068,0.0
2030,sc01,11-19 08:00:00+01:00,bus028,0.0
2030,sc01,11-19 08:00:00+01:00,bus034,0.0
2030,sc01,11-19 08:00:00+01:00,bus075,0.0
2030,sc01,11-19 08:00:00+01:00,bus064,0.0
2030,sc01,11-19 08:00:00+01:00,bus106,0.0
2030,sc01,11-19 08:00:00+01:00,bus076,0.0
2030,sc01,11-19 08:00:00+01:00,bus046,0.0
2030,sc01,11-19 08:00:00+01:00,bus007,0.0
2030,sc01,11-19 08:00:00+01:00,bus035,0.0
2030,sc01,11-19 08:00:00+01:00,bus117,0.0
2030,sc01,11-19 08:00:00+01:00,bus041,0.0
2030,sc01,11-19 08:00:00+01:00,bus102,0.0
2030,sc01,11-19 08:00:00+01:00,bus026,0.0
2030,sc01,11-19 08:00:00+01:00,bus077,0.0
2030,sc01,11-19 08:00:00+01:00,bus044,0.0
2030,sc01,11-19 08:00:00+01:00,bus091,0.0
2030,sc01,11-19 08:00:00+01:00,bus062,0.0
2030,sc01,11-20 13:00:00+01:00,bus093,0.0
2030,sc01,11-20 13:00:00+01:00,bus097,0.0
2030,sc01,11-20 13:00:00+01:00,bus110,0.0
2030,sc01,11-20 13:00:00+01:00,bus042,0.0
2030,sc01,11-20 13:00:00+01:00,bus066,0.0
2030,sc01,11-20 13:00:00+01:00,bus059,0.0
2030,sc01,11-20 13:00:00+01:00,bus057,0.0
2030,sc01,11-20 13:00:00+01:00,bus067,0.0
2030,sc01,11-20 13:00:00+01:00,bus069,0.0
2030,sc01,11-20 13:00:00+01:00,bus014,0.0
2030,sc01,11-20 13:00:00+01:00,bus090,0.0
2030,sc01,11-20 13:00:00+01:00,bus002,0.0
2030,sc01,11-20 13:00:00+01:00,bus005,0.0
2030,sc01,11-20 13:00:00+01:00,bus109,0.0
2030,sc01,11-20 13:00:00+01:00,bus020,0.0
2030,sc01,11-20 13:00:00+01:00,bus065,0.0
2030,sc01,11-20 13:00:00+01:00,bus001,0.0
2030,sc01,11-20 13:00:00+01:00,bus017,0.0
2030,sc01,11-20 13:00:00+01:00,bus015,0.0
2030,sc01,11-20 13:00:00+01:00,bus054,0.0
2030,sc01,11-20 13:00:00+01:00,bus086,0.0
2030,sc01,11-20 13:00:00+01:00,bus032,0.0
2030,sc01,11-20 13:00:00+01:00,bus038,0.0
2030,sc01,11-20 13:00:00+01:00,bus108,0.0
2030,sc01,11-20 13:00:00+01:00,bus087,0.0
2030,sc01,11-20 13:00:00+01:00,bus027,0.0
2030,sc01,11-20 13:00:00+01:00,bus111,0.0
2030,sc01,11-20 13:00:00+01:00,bus025,0.0
2030,sc01,11-20 13:00:00+01:00,bus029,0.0
2030,sc01,11-20 13:00:00+01:00,bus009,0.0
2030,sc01,11-20 13:00:00+01:00,bus043,0.0
2030,sc01,11-20 13:00:00+01:00,bus045,0.0
2030,sc01,11-20 13:00:00+01:00,bus084,0.0
2030,sc01,11-20 13:00:00+01:00,bus013,0.0
2030,sc01,11-20 13:00:00+01:00,bus063,0.0
2030,sc01,11-20 13:00:00+01:00,bus115,0.0
2030,sc01,11-20 13:00:00+01:00,bus010,0.0
2030,sc01,11-20 13:00:00+01:00,bus073,0.0
2030,sc01,11-20 13:00:00+01:00,bus052,0.0
2030,sc01,11-20 13:00:00+01:00,bus096,0.0
2030,sc01,11-20 13:00:00+01:00,bus050,0.0
2030,sc01,11-20 13:00:00+01:00,bus011,0.0
2030,sc01,11-20 13:00:00+01:00,bus055,0.0
2030,sc01,11-20 13:00:00+01:00,bus083,0.0
2030,sc01,11-20 13:00:00+01:00,bus081,0.0
2030,sc01,11-20 13:00:00+01:00,bus022,0.0
2030,sc01,11-20 13:00:00+01:00,bus071,0.0
2030,sc01,11-20 13:00:00+01:00,bus074,0.0
2030,sc01,11-20 13:00:00+01:00,bus040,0.0
2030,sc01,11-20 13:00:00+01:00,bus099,0.0
2030,sc01,11-20 13:00:00+01:00,bus030,0.0
2030,sc01,11-20 13:00:00+01:00,bus098,0.0
2030,sc01,11-20 13:00:00+01:00,bus053,0.0
2030,sc01,11-20 13:00:00+01:00,bus085,0.0
2030,sc01,11-20 13:00:00+01:00,bus101,0.0
2030,sc01,11-20 13:00:00+01:00,bus018,0.0
2030,sc01,11-20 13:00:00+01:00,bus023,0.0
2030,sc01,11-20 13:00:00+01:00,bus088,0.0
2030,sc01,11-20 13:00:00+01:00,bus116,0.0
2030,sc01,11-20 13:00:00+01:00,bus103,0.0
2030,sc01,11-20 13:00:00+01:00,bus008,0.0
2030,sc01,11-20 13:00:00+01:00,bus105,0.0
2030,sc01,11-20 13:00:00+01:00,bus060,0.0
2030,sc01,11-20 13:00:00+01:00,bus016,0.0
2030,sc01,11-20 13:00:00+01:00,bus082,0.0
2030,sc01,11-20 13:00:00+01:00,bus047,0.0
2030,sc01,11-20 13:00:00+01:00,bus019,0.0
2030,sc01,11-20 13:00:00+01:00,bus037,0.0
2030,sc01,11-20 13:00:00+01:00,bus006,0.0
2030,sc01,11-20 13:00:00+01:00,bus080,0.0
2030,sc01,11-20 13:00:00+01:00,bus031,0.0
2030,sc01,11-20 13:00:00+01:00,bus048,0.0
2030,sc01,11-20 13:00:00+01:00,bus107,0.0
2030,sc01,11-20 13:00:00+01:00,bus049,0.0
2030,sc01,11-20 13:00:00+01:00,bus104,0.0
2030,sc01,11-20 13:00:00+01:00,bus100,0.0
2030,sc01,11-20 13:00:00+01:00,bus072,0.0
2030,sc01,11-20 13:00:00+01:00,bus039,0.0
2030,sc01,11-20 13:00:00+01:00,bus012,0.0
2030,sc01,11-20 13:00:00+01:00,bus114,0.0
2030,sc01,11-20 13:00:00+01:00,bus112,0.0
2030,sc01,11-20 13:00:00+01:00,bus058,0.0
2030,sc01,11-20 13:00:00+01:00,bus089,0.0
2030,sc01,11-20 13:00:00+01:00,bus051,0.0
2030,sc01,11-20 13:00:00+01:00,bus056,0.0
2030,sc01,11-20 13:00:00+01:00,bus092,0.0
2030,sc01,11-20 13:00:00+01:00,bus036,0.0
2030,sc01,11-20 13:00:00+01:00,bus094,0.0
2030,sc01,11-20 13:00:00+01:00,bus095,0.0
2030,sc01,11-20 13:00:00+01:00,bus113,0.0
2030,sc01,11-20 13:00:00+01:00,bus024,0.0
2030,sc01,11-20 13:00:00+01:00,bus078,0.0
2030,sc01,11-20 13:00:00+01:00,bus033,0.0
2030,sc01,11-20 13:00:00+01:00,bus079,0.0
2030,sc01,11-20 13:00:00+01:00,bus061,0.0
2030,sc01,11-20 13:00:00+01:00,bus118,0.0
2030,sc01,11-20 13:00:00+01:00,bus003,0.0
2030,sc01,11-20 13:00:00+01:00,bus070,0.0
2030,sc01,11-20 13:00:00+01:00,bus004,0.0
2030,sc01,11-20 13:00:00+01:00,bus021,0.0
2030,sc01,11-20 13:00:00+01:00,bus068,0.0
2030,sc01,11-20 13:00:00+01:00,bus028,0.0
2030,sc01,11-20 13:00:00+01:00,bus034,0.0
2030,sc01,11-20 13:00:00+01:00,bus075,0.0
2030,sc01,11-20 13:00:00+01:00,bus064,0.0
2030,sc01,11-20 13:00:00+01:00,bus106,0.0
2030,sc01,11-20 13:00:00+01:00,bus076,0.0
2030,sc01,11-20 13:00:00+01:00,bus046,0.0
2030,sc01,11-20 13:00:00+01:00,bus007,0.0
2030,sc01,11-20 13:00:00+01:00,bus035,0.0
2030,sc01,11-20 13:00:00+01:00,bus117,0.0
2030,sc01,11-20 13:00:00+01:00,bus041,0.0
2030,sc01,11-20 13:00:00+01:00,bus102,0.0
2030,sc01,11-20 13:00:00+01:00,bus026,0.0
2030,sc01,11-20 13:00:00+01:00,bus077,0.0
2030,sc01,11-20 13:00:00+01:00,bus044,0.0
2030,sc01,11-20 13:00:00+01:00,bus091,0.0
2030,sc01,11-20 13:00:00+01:00,bus062,0.0
2030,sc01,11-21 11:00:00+01:00,bus093,0.0
2030,sc01,11-21 11:00:00+01:00,bus097,0.0
2030,sc01,11-21 11:00:00+01:00,bus110,0.0
2030,sc01,11-21 11:00:00+01:00,bus042,0.0
2030,sc01,11-21 11:00:00+01:00,bus066,0.0
2030,sc01,11-21 11:00:00+01:00,bus059,0.0
2030,sc01,11-21 11:00:00+01:00,bus057,0.0
2030,sc01,11-21 11:00:00+01:00,bus067,0.0
2030,sc01,11-21 11:00:00+01:00,bus069,0.0
2030,sc01,11-21 11:00:00+01:00,bus014,0.0
2030,sc01,11-21 11:00:00+01:00,bus090,0.0
2030,sc01,11-21 11:00:00+01:00,bus002,0.0
2030,sc01,11-21 11:00:00+01:00,bus005,0.0
2030,sc01,11-21 11:00:00+01:00,bus109,0.0
2030,sc01,11-21 11:00:00+01:00,bus020,0.0
2030,sc01,11-21 11:00:00+01:00,bus065,0.0
2030,sc01,11-21 11:00:00+01:00,bus001,0.0
2030,sc01,11-21 11:00:00+01:00,bus017,0.0
2030,sc01,11-21 11:00:00+01:00,bus015,0.0
2030,sc01,11-21 11:00:00+01:00,bus054,0.0
2030,sc01,11-21 11:00:00+01:00,bus086,0.0
2030,sc01,11-21 11:00:00+01:00,bus032,0.0
2030,sc01,11-21 11:00:00+01:00,bus038,0.0
2030,sc01,11-21 11:00:00+01:00,bus108,0.0
2030,sc01,11-21 11:00:00+01:00,bus087,0.0
2030,sc01,11-21 11:00:00+01:00,bus027,0.0
2030,sc01,11-21 11:00:00+01:00,bus111,0.0
2030,sc01,11-21 11:00:00+01:00,bus025,0.0
2030,sc01,11-21 11:00:00+01:00,bus029,0.0
2030,sc01,11-21 11:00:00+01:00,bus009,0.0
2030,sc01,11-21 11:00:00+01:00,bus043,0.0
2030,sc01,11-21 11:00:00+01:00,bus045,0.0
2030,sc01,11-21 11:00:00+01:00,bus084,0.0
2030,sc01,11-21 11:00:00+01:00,bus013,0.0
2030,sc01,11-21 11:00:00+01:00,bus063,0.0
2030,sc01,11-21 11:00:00+01:00,bus115,0.0
2030,sc01,11-21 11:00:00+01:00,bus010,0.0
2030,sc01,11-21 11:00:00+01:00,bus073,0.0
2030,sc01,11-21 11:00:00+01:00,bus052,0.0
2030,sc01,11-21 11:00:00+01:00,bus096,0.0
2030,sc01,11-21 11:00:00+01:00,bus050,0.0
2030,sc01,11-21 11:00:00+01:00,bus011,0.0
2030,sc01,11-21 11:00:00+01:00,bus055,0.0
2030,sc01,11-21 11:00:00+01:00,bus083,0.0
2030,sc01,11-21 11:00:00+01:00,bus081,0.0
2030,sc01,11-21 11:00:00+01:00,bus022,0.0
2030,sc01,11-21 11:00:00+01:00,bus071,0.0
2030,sc01,11-21 11:00:00+01:00,bus074,0.0
2030,sc01,11-21 11:00:00+01:00,bus040,0.0
2030,sc01,11-21 11:00:00+01:00,bus099,0.0
2030,sc01,11-21 11:00:00+01:00,bus030,0.0
2030,sc01,11-21 11:00:00+01:00,bus098,0.0
2030,sc01,11-21 11:00:00+01:00,bus053,0.0
2030,sc01,11-21 11:00:00+01:00,bus085,0.0
2030,sc01,11-21 11:00:00+01:00,bus101,0.0
2030,sc01,11-21 11:00:00+01:00,bus018,0.0
2030,sc01,11-21 11:00:00+01:00,bus023,0.0
2030,sc01,11-21 11:00:00+01:00,bus088,0.0
2030,sc01,11-21 11:00:00+01:00,bus116,0.0
2030,sc01,11-21 11:00:00+01:00,bus103,0.0
2030,sc01,11-21 11:00:00+01:00,bus008,0.0
2030,sc01,11-21 11:00:00+01:00,bus105,0.0
2030,sc01,11-21 11:00:00+01:00,bus060,0.0
2030,sc01,11-21 11:00:00+01:00,bus016,0.0
2030,sc01,11-21 11:00:00+01:00,bus082,0.0
2030,sc01,11-21 11:00:00+01:00,bus047,0.0
2030,sc01,11-21 11:00:00+01:00,bus019,0.0
2030,sc01,11-21 11:00:00+01:00,bus037,0.0
2030,sc01,11-21 11:00:00+01:00,bus006,0.0
2030,sc01,11-21 11:00:00+01:00,bus080,0.0
2030,sc01,11-21 11:00:00+01:00,bus031,0.0
2030,sc01,11-21 11:00:00+01:00,bus048,0.0
2030,sc01,11-21 11:00:00+01:00,bus107,0.0
2030,sc01,11-21 11:00:00+01:00,bus049,0.0
2030,sc01,11-21 11:00:00+01:00,bus104,0.0
2030,sc01,11-21 11:00:00+01:00,bus100,0.0
2030,sc01,11-21 11:00:00+01:00,bus072,0.0
2030,sc01,11-21 11:00:00+01:00,bus039,0.0
2030,sc01,11-21 11:00:00+01:00,bus012,0.0
2030,sc01,11-21 11:00:00+01:00,bus114,0.0
2030,sc01,11-21 11:00:00+01:00,bus112,0.0
2030,sc01,11-21 11:00:00+01:00,bus058,0.0
2030,sc01,11-21 11:00:00+01:00,bus089,0.0
2030,sc01,11-21 11:00:00+01:00,bus051,0.0
2030,sc01,11-21 11:00:00+01:00,bus056,0.0
2030,sc01,11-21 11:00:00+01:00,bus092,0.0
2030,sc01,11-21 11:00:00+01:00,bus036,0.0
2030,sc01,11-21 11:00:00+01:00,bus094,0.0
2030,sc01,11-21 11:00:00+01:00,bus095,0.0
2030,sc01,11-21 11:00:00+01:00,bus113,0.0
2030,sc01,11-21 11:00:00+01:00,bus024,0.0
2030,sc01,11-21 11:00:00+01:00,bus078,0.0
2030,sc01,11-21 11:00:00+01:00,bus033,0.0
2030,sc01,11-21 11:00:00+01:00,bus079,0.0
2030,sc01,11-21 11:00:00+01:00,bus061,0.0
2030,sc01,11-21 11:00:00+01:00,bus118,0.0
2030,sc01,11-21 11:00:00+01:00,bus003,0.0
2030,sc01,11-21 11:00:00+01:00,bus070,0.0
2030,sc01,11-21 11:00:00+01:00,bus004,0.0
2030,sc01,11-21 11:00:00+01:00,bus021,0.0
2030,sc01,11-21 11:00:00+01:00,bus068,0.0
2030,sc01,11-21 11:00:00+01:00,bus028,0.0
2030,sc01,11-21 11:00:00+01:00,bus034,0.0
2030,sc01,11-21 11:00:00+01:00,bus075,0.0
2030,sc01,11-21 11:00:00+01:00,bus064,0.0
2030,sc01,11-21 11:00:00+01:00,bus106,0.0
2030,sc01,11-21 11:00:00+01:00,bus076,0.0
2030,sc01,11-21 11:00:00+01:00,bus046,0.0
2030,sc01,11-21 11:00:00+01:00,bus007,0.0
2030,sc01,11-21 11:00:00+01:00,bus035,0.0
2030,sc01,11-21 11:00:00+01:00,bus117,0.0
2030,sc01,11-21 11:00:00+01:00,bus041,0.0
2030,sc01,11-21 11:00:00+01:00,bus102,0.0
2030,sc01,11-21 11:00:00+01:00,bus026,0.0
2030,sc01,11-21 11:00:00+01:00,bus077,0.0
2030,sc01,11-21 11:00:00+01:00,bus044,0.0
2030,sc01,11-21 11:00:00+01:00,bus091,0.0
2030,sc01,11-21 11:00:00+01:00,bus062,0.0
2030,sc01,11-21 15:00:00+01:00,bus093,0.0
2030,sc01,11-21 15:00:00+01:00,bus097,0.0
2030,sc01,11-21 15:00:00+01:00,bus110,0.0
2030,sc01,11-21 15:00:00+01:00,bus042,0.0
2030,sc01,11-21 15:00:00+01:00,bus066,0.0
2030,sc01,11-21 15:00:00+01:00,bus059,0.0
2030,sc01,11-21 15:00:00+01:00,bus057,0.0
2030,sc01,11-21 15:00:00+01:00,bus067,0.0
2030,sc01,11-21 15:00:00+01:00,bus069,0.0
2030,sc01,11-21 15:00:00+01:00,bus014,0.0
2030,sc01,11-21 15:00:00+01:00,bus090,0.0
2030,sc01,11-21 15:00:00+01:00,bus002,0.0
2030,sc01,11-21 15:00:00+01:00,bus005,0.0
2030,sc01,11-21 15:00:00+01:00,bus109,0.0
2030,sc01,11-21 15:00:00+01:00,bus020,0.0
2030,sc01,11-21 15:00:00+01:00,bus065,0.0
2030,sc01,11-21 15:00:00+01:00,bus001,0.0
2030,sc01,11-21 15:00:00+01:00,bus017,0.0
2030,sc01,11-21 15:00:00+01:00,bus015,0.0
2030,sc01,11-21 15:00:00+01:00,bus054,0.0
2030,sc01,11-21 15:00:00+01:00,bus086,0.0
2030,sc01,11-21 15:00:00+01:00,bus032,0.0
2030,sc01,11-21 15:00:00+01:00,bus038,0.0
2030,sc01,11-21 15:00:00+01:00,bus108,0.0
2030,sc01,11-21 15:00:00+01:00,bus087,0.0
2030,sc01,11-21 15:00:00+01:00,bus027,0.0
2030,sc01,11-21 15:00:00+01:00,bus111,0.0
2030,sc01,11-21 15:00:00+01:00,bus025,0.0
2030,sc01,11-21 15:00:00+01:00,bus029,0.0
2030,sc01,11-21 15:00:00+01:00,bus009,0.0
2030,sc01,11-21 15:00:00+01:00,bus043,0.0
2030,sc01,11-21 15:00:00+01:00,bus045,0.0
2030,sc01,11-21 15:00:00+01:00,bus084,0.0
2030,sc01,11-21 15:00:00+01:00,bus013,0.0
2030,sc01,11-21 15:00:00+01:00,bus063,0.0
2030,sc01,11-21 15:00:00+01:00,bus115,0.0
2030,sc01,11-21 15:00:00+01:00,bus010,0.0
2030,sc01,11-21 15:00:00+01:00,bus073,0.0
2030,sc01,11-21 15:00:00+01:00,bus052,0.0
2030,sc01,11-21 15:00:00+01:00,bus096,0.0
2030,sc01,11-21 15:00:00+01:00,bus050,0.0
2030,sc01,11-21 15:00:00+01:00,bus011,0.0
2030,sc01,11-21 15:00:00+01:00,bus055,0.0
2030,sc01,11-21 15:00:00+01:00,bus083,0.0
2030,sc01,11-21 15:00:00+01:00,bus081,0.0
2030,sc01,11-21 15:00:00+01:00,bus022,0.0
2030,sc01,11-21 15:00:00+01:00,bus071,0.0
2030,sc01,11-21 15:00:00+01:00,bus074,0.0
2030,sc01,11-21 15:00:00+01:00,bus040,0.0
2030,sc01,11-21 15:00:00+01:00,bus099,0.0
2030,sc01,11-21 15:00:00+01:00,bus030,0.0
2030,sc01,11-21 15:00:00+01:00,bus098,0.0
2030,sc01,11-21 15:00:00+01:00,bus053,0.0
2030,sc01,11-21 15:00:00+01:00,bus085,0.0
2030,sc01,11-21 15:00:00+01:00,bus101,0.0
2030,sc01,11-21 15:00:00+01:00,bus018,0.0
2030,sc01,11-21 15:00:00+01:00,bus023,0.0
2030,sc01,11-21 15:00:00+01:00,bus088,0.0
2030,sc01,11-21 15:00:00+01:00,bus116,0.0
2030,sc01,11-21 15:00:00+01:00,bus103,0.0
2030,sc01,11-21 15:00:00+01:00,bus008,0.0
2030,sc01,11-21 15:00:00+01:00,bus105,0.0
2030,sc01,11-21 15:00:00+01:00,bus060,0.0
2030,sc01,11-21 15:00:00+01:00,bus016,0.0
2030,sc01,11-21 15:00:00+01:00,bus082,0.0
2030,sc01,11-21 15:00:00+01:00,bus047,0.0
2030,sc01,11-21 15:00:00+01:00,bus019,0.0
2030,sc01,11-21 15:00:00+01:00,bus037,0.0
2030,sc01,11-21 15:00:00+01:00,bus006,0.0
2030,sc01,11-21 15:00:00+01:00,bus080,0.0
2030,sc01,11-21 15:00:00+01:00,bus031,0.0
2030,sc01,11-21 15:00:00+01:00,bus048,0.0
2030,sc01,11-21 15:00:00+01:00,bus107,0.0
2030,sc01,11-21 15:00:00+01:00,bus049,0.0
2030,sc01,11-21 15:00:00+01:00,bus104,0.0
2030,sc01,11-21 15:00:00+01:00,bus100,0.0
2030,sc01,11-21 15:00:00+01:00,bus072,0.0
2030,sc01,11-21 15:00:00+01:00,bus039,0.0
2030,sc01,11-21 15:00:00+01:00,bus012,0.0
2030,sc01,11-21 15:00:00+01:00,bus114,0.0
2030,sc01,11-21 15:00:00+01:00,bus112,0.0
2030,sc01,11-21 15:00:00+01:00,bus058,0.0
2030,sc01,11-21 15:00:00+01:00,bus089,0.0
2030,sc01,11-21 15:00:00+01:00,bus051,0.0
2030,sc01,11-21 15:00:00+01:00,bus056,0.0
2030,sc01,11-21 15:00:00+01:00,bus092,0.0
2030,sc01,11-21 15:00:00+01:00,bus036,0.0
2030,sc01,11-21 15:00:00+01:00,bus094,0.0
2030,sc01,11-21 15:00:00+01:00,bus095,0.0
2030,sc01,11-21 15:00:00+01:00,bus113,0.0
2030,sc01,11-21 15:00:00+01:00,bus024,0.0
2030,sc01,11-21 15:00:00+01:00,bus078,0.0
2030,sc01,11-21 15:00:00+01:00,bus033,0.0
2030,sc01,11-21 15:00:00+01:00,bus079,0.0
2030,sc01,11-21 15:00:00+01:00,bus061,0.0
2030,sc01,11-21 15:00:00+01:00,bus118,0.0
2030,sc01,11-21 15:00:00+01:00,bus003,0.0
2030,sc01,11-21 15:00:00+01:00,bus070,0.0
2030,sc01,11-21 15:00:00+01:00,bus004,0.0
2030,sc01,11-21 15:00:00+01:00,bus021,0.0
2030,sc01,11-21 15:00:00+01:00,bus068,0.0
2030,sc01,11-21 15:00:00+01:00,bus028,0.0
2030,sc01,11-21 15:00:00+01:00,bus034,0.0
2030,sc01,11-21 15:00:00+01:00,bus075,0.0
2030,sc01,11-21 15:00:00+01:00,bus064,0.0
2030,sc01,11-21 15:00:00+01:00,bus106,0.0
2030,sc01,11-21 15:00:00+01:00,bus076,0.0
2030,sc01,11-21 15:00:00+01:00,bus046,0.0
2030,sc01,11-21 15:00:00+01:00,bus007,0.0
2030,sc01,11-21 15:00:00+01:00,bus035,0.0
2030,sc01,11-21 15:00:00+01:00,bus117,0.0
2030,sc01,11-21 15:00:00+01:00,bus041,0.0
2030,sc01,11-21 15:00:00+01:00,bus102,0.0
2030,sc01,11-21 15:00:00+01:00,bus026,0.0
2030,sc01,11-21 15:00:00+01:00,bus077,0.0
2030,sc01,11-21 15:00:00+01:00,bus044,0.0
2030,sc01,11-21 15:00:00+01:00,bus091,0.0
2030,sc01,11-21 15:00:00+01:00,bus062,0.0
2030,sc01,11-22 01:00:00+01:00,bus093,0.0
2030,sc01,11-22 01:00:00+01:00,bus097,0.0
2030,sc01,11-22 01:00:00+01:00,bus110,0.0
2030,sc01,11-22 01:00:00+01:00,bus042,0.0
2030,sc01,11-22 01:00:00+01:00,bus066,0.0
2030,sc01,11-22 01:00:00+01:00,bus059,0.0
2030,sc01,11-22 01:00:00+01:00,bus057,0.0
2030,sc01,11-22 01:00:00+01:00,bus067,0.0
2030,sc01,11-22 01:00:00+01:00,bus069,0.0
2030,sc01,11-22 01:00:00+01:00,bus014,0.0
2030,sc01,11-22 01:00:00+01:00,bus090,0.0
2030,sc01,11-22 01:00:00+01:00,bus002,0.0
2030,sc01,11-22 01:00:00+01:00,bus005,0.0
2030,sc01,11-22 01:00:00+01:00,bus109,0.0
2030,sc01,11-22 01:00:00+01:00,bus020,0.0
2030,sc01,11-22 01:00:00+01:00,bus065,0.0
2030,sc01,11-22 01:00:00+01:00,bus001,0.0
2030,sc01,11-22 01:00:00+01:00,bus017,0.0
2030,sc01,11-22 01:00:00+01:00,bus015,0.0
2030,sc01,11-22 01:00:00+01:00,bus054,0.0
2030,sc01,11-22 01:00:00+01:00,bus086,0.0
2030,sc01,11-22 01:00:00+01:00,bus032,0.0
2030,sc01,11-22 01:00:00+01:00,bus038,0.0
2030,sc01,11-22 01:00:00+01:00,bus108,0.0
2030,sc01,11-22 01:00:00+01:00,bus087,0.0
2030,sc01,11-22 01:00:00+01:00,bus027,0.0
2030,sc01,11-22 01:00:00+01:00,bus111,0.0
2030,sc01,11-22 01:00:00+01:00,bus025,0.0
2030,sc01,11-22 01:00:00+01:00,bus029,0.0
2030,sc01,11-22 01:00:00+01:00,bus009,0.0
2030,sc01,11-22 01:00:00+01:00,bus043,0.0
2030,sc01,11-22 01:00:00+01:00,bus045,0.0
2030,sc01,11-22 01:00:00+01:00,bus084,0.0
2030,sc01,11-22 01:00:00+01:00,bus013,0.0
2030,sc01,11-22 01:00:00+01:00,bus063,0.0
2030,sc01,11-22 01:00:00+01:00,bus115,0.0
2030,sc01,11-22 01:00:00+01:00,bus010,0.0
2030,sc01,11-22 01:00:00+01:00,bus073,0.0
2030,sc01,11-22 01:00:00+01:00,bus052,0.0
2030,sc01,11-22 01:00:00+01:00,bus096,0.0
2030,sc01,11-22 01:00:00+01:00,bus050,0.0
2030,sc01,11-22 01:00:00+01:00,bus011,0.0
2030,sc01,11-22 01:00:00+01:00,bus055,0.0
2030,sc01,11-22 01:00:00+01:00,bus083,0.0
2030,sc01,11-22 01:00:00+01:00,bus081,0.0
2030,sc01,11-22 01:00:00+01:00,bus022,0.0
2030,sc01,11-22 01:00:00+01:00,bus071,0.0
2030,sc01,11-22 01:00:00+01:00,bus074,0.0
2030,sc01,11-22 01:00:00+01:00,bus040,0.0
2030,sc01,11-22 01:00:00+01:00,bus099,0.0
2030,sc01,11-22 01:00:00+01:00,bus030,0.0
2030,sc01,11-22 01:00:00+01:00,bus098,0.0
2030,sc01,11-22 01:00:00+01:00,bus053,0.0
2030,sc01,11-22 01:00:00+01:00,bus085,0.0
2030,sc01,11-22 01:00:00+01:00,bus101,0.0
2030,sc01,11-22 01:00:00+01:00,bus018,0.0
2030,sc01,11-22 01:00:00+01:00,bus023,0.0
2030,sc01,11-22 01:00:00+01:00,bus088,0.0
2030,sc01,11-22 01:00:00+01:00,bus116,0.0
2030,sc01,11-22 01:00:00+01:00,bus103,0.0
2030,sc01,11-22 01:00:00+01:00,bus008,0.0
2030,sc01,11-22 01:00:00+01:00,bus105,0.0
2030,sc01,11-22 01:00:00+01:00,bus060,0.0
2030,sc01,11-22 01:00:00+01:00,bus016,0.0
2030,sc01,11-22 01:00:00+01:00,bus082,0.0
2030,sc01,11-22 01:00:00+01:00,bus047,0.0
2030,sc01,11-22 01:00:00+01:00,bus019,0.0
2030,sc01,11-22 01:00:00+01:00,bus037,0.0
2030,sc01,11-22 01:00:00+01:00,bus006,0.0
2030,sc01,11-22 01:00:00+01:00,bus080,0.0
2030,sc01,11-22 01:00:00+01:00,bus031,0.0
2030,sc01,11-22 01:00:00+01:00,bus048,0.0
2030,sc01,11-22 01:00:00+01:00,bus107,0.0
2030,sc01,11-22 01:00:00+01:00,bus049,0.0
2030,sc01,11-22 01:00:00+01:00,bus104,0.0
2030,sc01,11-22 01:00:00+01:00,bus100,0.0
2030,sc01,11-22 01:00:00+01:00,bus072,0.0
2030,sc01,11-22 01:00:00+01:00,bus039,0.0
2030,sc01,11-22 01:00:00+01:00,bus012,0.0
2030,sc01,11-22 01:00:00+01:00,bus114,0.0
2030,sc01,11-22 01:00:00+01:00,bus112,0.0
2030,sc01,11-22 01:00:00+01:00,bus058,0.0
2030,sc01,11-22 01:00:00+01:00,bus089,0.0
2030,sc01,11-22 01:00:00+01:00,bus051,0.0
2030,sc01,11-22 01:00:00+01:00,bus056,0.0
2030,sc01,11-22 01:00:00+01:00,bus092,0.0
2030,sc01,11-22 01:00:00+01:00,bus036,0.0
2030,sc01,11-22 01:00:00+01:00,bus094,0.0
2030,sc01,11-22 01:00:00+01:00,bus095,0.0
2030,sc01,11-22 01:00:00+01:00,bus113,0.0
2030,sc01,11-22 01:00:00+01:00,bus024,0.0
2030,sc01,11-22 01:00:00+01:00,bus078,0.0
2030,sc01,11-22 01:00:00+01:00,bus033,0.0
2030,sc01,11-22 01:00:00+01:00,bus079,0.0
2030,sc01,11-22 01:00:00+01:00,bus061,0.0
2030,sc01,11-22 01:00:00+01:00,bus118,0.0
2030,sc01,11-22 01:00:00+01:00,bus003,0.0
2030,sc01,11-22 01:00:00+01:00,bus070,0.0
2030,sc01,11-22 01:00:00+01:00,bus004,0.0
2030,sc01,11-22 01:00:00+01:00,bus021,0.0
2030,sc01,11-22 01:00:00+01:00,bus068,0.0
2030,sc01,11-22 01:00:00+01:00,bus028,0.0
2030,sc01,11-22 01:00:00+01:00,bus034,0.0
2030,sc01,11-22 01:00:00+01:00,bus075,0.0
2030,sc01,11-22 01:00:00+01:00,bus064,0.0
2030,sc01,11-22 01:00:00+01:00,bus106,0.0
2030,sc01,11-22 01:00:00+01:00,bus076,0.0
2030,sc01,11-22 01:00:00+01:00,bus046,0.0
2030,sc01,11-22 01:00:00+01:00,bus007,0.0
2030,sc01,11-22 01:00:00+01:00,bus035,0.0
2030,sc01,11-22 01:00:00+01:00,bus117,0.0
2030,sc01,11-22 01:00:00+01:00,bus041,0.0
2030,sc01,11-22 01:00:00+01:00,bus102,0.0
2030,sc01,11-22 01:00:00+01:00,bus026,0.0
2030,sc01,11-22 01:00:00+01:00,bus077,0.0
2030,sc01,11-22 01:00:00+01:00,bus044,0.0
2030,sc01,11-22 01:00:00+01:00,bus091,0.0
2030,sc01,11-22 01:00:00+01:00,bus062,0.0
2030,sc01,11-22 09:00:00+01:00,bus093,0.0
2030,sc01,11-22 09:00:00+01:00,bus097,0.0
2030,sc01,11-22 09:00:00+01:00,bus110,0.0
2030,sc01,11-22 09:00:00+01:00,bus042,0.0
2030,sc01,11-22 09:00:00+01:00,bus066,0.0
2030,sc01,11-22 09:00:00+01:00,bus059,0.0
2030,sc01,11-22 09:00:00+01:00,bus057,0.0
2030,sc01,11-22 09:00:00+01:00,bus067,0.0
2030,sc01,11-22 09:00:00+01:00,bus069,0.0
2030,sc01,11-22 09:00:00+01:00,bus014,0.0
2030,sc01,11-22 09:00:00+01:00,bus090,0.0
2030,sc01,11-22 09:00:00+01:00,bus002,0.0
2030,sc01,11-22 09:00:00+01:00,bus005,0.0
2030,sc01,11-22 09:00:00+01:00,bus109,0.0
2030,sc01,11-22 09:00:00+01:00,bus020,0.0
2030,sc01,11-22 09:00:00+01:00,bus065,0.0
2030,sc01,11-22 09:00:00+01:00,bus001,0.0
2030,sc01,11-22 09:00:00+01:00,bus017,0.0
2030,sc01,11-22 09:00:00+01:00,bus015,0.0
2030,sc01,11-22 09:00:00+01:00,bus054,0.0
2030,sc01,11-22 09:00:00+01:00,bus086,0.0
2030,sc01,11-22 09:00:00+01:00,bus032,0.0
2030,sc01,11-22 09:00:00+01:00,bus038,0.0
2030,sc01,11-22 09:00:00+01:00,bus108,0.0
2030,sc01,11-22 09:00:00+01:00,bus087,0.0
2030,sc01,11-22 09:00:00+01:00,bus027,0.0
2030,sc01,11-22 09:00:00+01:00,bus111,0.0
2030,sc01,11-22 09:00:00+01:00,bus025,0.0
2030,sc01,11-22 09:00:00+01:00,bus029,0.0
2030,sc01,11-22 09:00:00+01:00,bus009,0.0
2030,sc01,11-22 09:00:00+01:00,bus043,0.0
2030,sc01,11-22 09:00:00+01:00,bus045,0.0
2030,sc01,11-22 09:00:00+01:00,bus084,0.0
2030,sc01,11-22 09:00:00+01:00,bus013,0.0
2030,sc01,11-22 09:00:00+01:00,bus063,0.0
2030,sc01,11-22 09:00:00+01:00,bus115,0.0
2030,sc01,11-22 09:00:00+01:00,bus010,0.0
2030,sc01,11-22 09:00:00+01:00,bus073,0.0
2030,sc01,11-22 09:00:00+01:00,bus052,0.0
2030,sc01,11-22 09:00:00+01:00,bus096,0.0
2030,sc01,11-22 09:00:00+01:00,bus050,0.0
2030,sc01,11-22 09:00:00+01:00,bus011,0.0
2030,sc01,11-22 09:00:00+01:00,bus055,0.0
2030,sc01,11-22 09:00:00+01:00,bus083,0.0
2030,sc01,11-22 09:00:00+01:00,bus081,0.0
2030,sc01,11-22 09:00:00+01:00,bus022,0.0
2030,sc01,11-22 09:00:00+01:00,bus071,0.0
2030,sc01,11-22 09:00:00+01:00,bus074,0.0
2030,sc01,11-22 09:00:00+01:00,bus040,0.0
2030,sc01,11-22 09:00:00+01:00,bus099,0.0
2030,sc01,11-22 09:00:00+01:00,bus030,0.0
2030,sc01,11-22 09:00:00+01:00,bus098,0.0
2030,sc01,11-22 09:00:00+01:00,bus053,0.0
2030,sc01,11-22 09:00:00+01:00,bus085,0.0
2030,sc01,11-22 09:00:00+01:00,bus101,0.0
2030,sc01,11-22 09:00:00+01:00,bus018,0.0
2030,sc01,11-22 09:00:00+01:00,bus023,0.0
2030,sc01,11-22 09:00:00+01:00,bus088,0.0
2030,sc01,11-22 09:00:00+01:00,bus116,0.0
2030,sc01,11-22 09:00:00+01:00,bus103,0.0
2030,sc01,11-22 09:00:00+01:00,bus008,0.0
2030,sc01,11-22 09:00:00+01:00,bus105,0.0
2030,sc01,11-22 09:00:00+01:00,bus060,0.0
2030,sc01,11-22 09:00:00+01:00,bus016,0.0
2030,sc01,11-22 09:00:00+01:00,bus082,0.0
2030,sc01,11-22 09:00:00+01:00,bus047,0.0
2030,sc01,11-22 09:00:00+01:00,bus019,0.0
2030,sc01,11-22 09:00:00+01:00,bus037,0.0
2030,sc01,11-22 09:00:00+01:00,bus006,0.0
2030,sc01,11-22 09:00:00+01:00,bus080,0.0
2030,sc01,11-22 09:00:00+01:00,bus031,0.0
2030,sc01,11-22 09:00:00+01:00,bus048,0.0
2030,sc01,11-22 09:00:00+01:00,bus107,0.0
2030,sc01,11-22 09:00:00+01:00,bus049,0.0
2030,sc01,11-22 09:00:00+01:00,bus104,0.0
2030,sc01,11-22 09:00:00+01:00,bus100,0.0
2030,sc01,11-22 09:00:00+01:00,bus072,0.0
2030,sc01,11-22 09:00:00+01:00,bus039,0.0
2030,sc01,11-22 09:00:00+01:00,bus012,0.0
2030,sc01,11-22 09:00:00+01:00,bus114,0.0
2030,sc01,11-22 09:00:00+01:00,bus112,0.0
2030,sc01,11-22 09:00:00+01:00,bus058,0.0
2030,sc01,11-22 09:00:00+01:00,bus089,0.0
2030,sc01,11-22 09:00:00+01:00,bus051,0.0
2030,sc01,11-22 09:00:00+01:00,bus056,0.0
2030,sc01,11-22 09:00:00+01:00,bus092,0.0
2030,sc01,11-22 09:00:00+01:00,bus036,0.0
2030,sc01,11-22 09:00:00+01:00,bus094,0.0
2030,sc01,11-22 09:00:00+01:00,bus095,0.0
2030,sc01,11-22 09:00:00+01:00,bus113,0.0
2030,sc01,11-22 09:00:00+01:00,bus024,0.0
2030,sc01,11-22 09:00:00+01:00,bus078,0.0
2030,sc01,11-22 09:00:00+01:00,bus033,0.0
2030,sc01,11-22 09:00:00+01:00,bus079,0.0
2030,sc01,11-22 09:00:00+01:00,bus061,0.0
2030,sc01,11-22 09:00:00+01:00,bus118,0.0
2030,sc01,11-22 09:00:00+01:00,bus003,0.0
2030,sc01,11-22 09:00:00+01:00,bus070,0.0
2030,sc01,11-22 09:00:00+01:00,bus004,0.0
2030,sc01,11-22 09:00:00+01:00,bus021,0.0
2030,sc01,11-22 09:00:00+01:00,bus068,0.0
2030,sc01,11-22 09:00:00+01:00,bus028,0.0
2030,sc01,11-22 09:00:00+01:00,bus034,0.0
2030,sc01,11-22 09:00:00+01:00,bus075,0.0
2030,sc01,11-22 09:00:00+01:00,bus064,0.0
2030,sc01,11-22 09:00:00+01:00,bus106,0.0
2030,sc01,11-22 09:00:00+01:00,bus076,0.0
2030,sc01,11-22 09:00:00+01:00,bus046,0.0
2030,sc01,11-22 09:00:00+01:00,bus007,0.0
2030,sc01,11-22 09:00:00+01:00,bus035,0.0
2030,sc01,11-22 09:00:00+01:00,bus117,0.0
2030,sc01,11-22 09:00:00+01:00,bus041,0.0
2030,sc01,11-22 09:00:00+01:00,bus102,0.0
2030,sc01,11-22 09:00:00+01:00,bus026,0.0
2030,sc01,11-22 09:00:00+01:00,bus077,0.0
2030,sc01,11-22 09:00:00+01:00,bus044,0.0
2030,sc01,11-22 09:00:00+01:00,bus091,0.0
2030,sc01,11-22 09:00:00+01:00,bus062,0.0
2030,sc01,11-22 13:00:00+01:00,bus093,0.0
2030,sc01,11-22 13:00:00+01:00,bus097,0.0
2030,sc01,11-22 13:00:00+01:00,bus110,0.0
2030,sc01,11-22 13:00:00+01:00,bus042,0.0
2030,sc01,11-22 13:00:00+01:00,bus066,0.0
2030,sc01,11-22 13:00:00+01:00,bus059,0.0
2030,sc01,11-22 13:00:00+01:00,bus057,0.0
2030,sc01,11-22 13:00:00+01:00,bus067,0.0
2030,sc01,11-22 13:00:00+01:00,bus069,0.0
2030,sc01,11-22 13:00:00+01:00,bus014,0.0
2030,sc01,11-22 13:00:00+01:00,bus090,0.0
2030,sc01,11-22 13:00:00+01:00,bus002,0.0
2030,sc01,11-22 13:00:00+01:00,bus005,0.0
2030,sc01,11-22 13:00:00+01:00,bus109,0.0
2030,sc01,11-22 13:00:00+01:00,bus020,0.0
2030,sc01,11-22 13:00:00+01:00,bus065,0.0
2030,sc01,11-22 13:00:00+01:00,bus001,0.0
2030,sc01,11-22 13:00:00+01:00,bus017,0.0
2030,sc01,11-22 13:00:00+01:00,bus015,0.0
2030,sc01,11-22 13:00:00+01:00,bus054,0.0
2030,sc01,11-22 13:00:00+01:00,bus086,0.0
2030,sc01,11-22 13:00:00+01:00,bus032,0.0
2030,sc01,11-22 13:00:00+01:00,bus038,0.0
2030,sc01,11-22 13:00:00+01:00,bus108,0.0
2030,sc01,11-22 13:00:00+01:00,bus087,0.0
2030,sc01,11-22 13:00:00+01:00,bus027,0.0
2030,sc01,11-22 13:00:00+01:00,bus111,0.0
2030,sc01,11-22 13:00:00+01:00,bus025,0.0
2030,sc01,11-22 13:00:00+01:00,bus029,0.0
2030,sc01,11-22 13:00:00+01:00,bus009,0.0
2030,sc01,11-22 13:00:00+01:00,bus043,0.0
2030,sc01,11-22 13:00:00+01:00,bus045,0.0
2030,sc01,11-22 13:00:00+01:00,bus084,0.0
2030,sc01,11-22 13:00:00+01:00,bus013,0.0
2030,sc01,11-22 13:00:00+01:00,bus063,0.0
2030,sc01,11-22 13:00:00+01:00,bus115,0.0
2030,sc01,11-22 13:00:00+01:00,bus010,0.0
2030,sc01,11-22 13:00:00+01:00,bus073,0.0
2030,sc01,11-22 13:00:00+01:00,bus052,0.0
2030,sc01,11-22 13:00:00+01:00,bus096,0.0
2030,sc01,11-22 13:00:00+01:00,bus050,0.0
2030,sc01,11-22 13:00:00+01:00,bus011,0.0
2030,sc01,11-22 13:00:00+01:00,bus055,0.0
2030,sc01,11-22 13:00:00+01:00,bus083,0.0
2030,sc01,11-22 13:00:00+01:00,bus081,0.0
2030,sc01,11-22 13:00:00+01:00,bus022,0.0
2030,sc01,11-22 13:00:00+01:00,bus071,0.0
2030,sc01,11-22 13:00:00+01:00,bus074,0.0
2030,sc01,11-22 13:00:00+01:00,bus040,0.0
2030,sc01,11-22 13:00:00+01:00,bus099,0.0
2030,sc01,11-22 13:00:00+01:00,bus030,0.0
2030,sc01,11-22 13:00:00+01:00,bus098,0.0
2030,sc01,11-22 13:00:00+01:00,bus053,0.0
2030,sc01,11-22 13:00:00+01:00,bus085,0.0
2030,sc01,11-22 13:00:00+01:00,bus101,0.0
2030,sc01,11-22 13:00:00+01:00,bus018,0.0
2030,sc01,11-22 13:00:00+01:00,bus023,0.0
2030,sc01,11-22 13:00:00+01:00,bus088,0.0
2030,sc01,11-22 13:00:00+01:00,bus116,0.0
2030,sc01,11-22 13:00:00+01:00,bus103,0.0
2030,sc01,11-22 13:00:00+01:00,bus008,0.0
2030,sc01,11-22 13:00:00+01:00,bus105,0.0
2030,sc01,11-22 13:00:00+01:00,bus060,0.0
2030,sc01,11-22 13:00:00+01:00,bus016,0.0
2030,sc01,11-22 13:00:00+01:00,bus082,0.0
2030,sc01,11-22 13:00:00+01:00,bus047,0.0
2030,sc01,11-22 13:00:00+01:00,bus019,0.0
2030,sc01,11-22 13:00:00+01:00,bus037,0.0
2030,sc01,11-22 13:00:00+01:00,bus006,0.0
2030,sc01,11-22 13:00:00+01:00,bus080,0.0
2030,sc01,11-22 13:00:00+01:00,bus031,0.0
2030,sc01,11-22 13:00:00+01:00,bus048,0.0
2030,sc01,11-22 13:00:00+01:00,bus107,0.0
2030,sc01,11-22 13:00:00+01:00,bus049,0.0
2030,sc01,11-22 13:00:00+01:00,bus104,0.0
2030,sc01,11-22 13:00:00+01:00,bus100,0.0
2030,sc01,11-22 13:00:00+01:00,bus072,0.0
2030,sc01,11-22 13:00:00+01:00,bus039,0.0
2030,sc01,11-22 13:00:00+01:00,bus012,0.0
2030,sc01,11-22 13:00:00+01:00,bus114,0.0
2030,sc01,11-22 13:00:00+01:00,bus112,0.0
2030,sc01,11-22 13:00:00+01:00,bus058,0.0
2030,sc01,11-22 13:00:00+01:00,bus089,0.0
2030,sc01,11-22 13:00:00+01:00,bus051,0.0
2030,sc01,11-22 13:00:00+01:00,bus056,0.0
2030,sc01,11-22 13:00:00+01:00,bus092,0.0
2030,sc01,11-22 13:00:00+01:00,bus036,0.0
2030,sc01,11-22 13:00:00+01:00,bus094,0.0
2030,sc01,11-22 13:00:00+01:00,bus095,0.0
2030,sc01,11-22 13:00:00+01:00,bus113,0.0
2030,sc01,11-22 13:00:00+01:00,bus024,0.0
2030,sc01,11-22 13:00:00+01:00,bus078,0.0
2030,sc01,11-22 13:00:00+01:00,bus033,0.0
2030,sc01,11-22 13:00:00+01:00,bus079,0.0
2030,sc01,11-22 13:00:00+01:00,bus061,0.0
2030,sc01,11-22 13:00:00+01:00,bus118,0.0
2030,sc01,11-22 13:00:00+01:00,bus003,0.0
2030,sc01,11-22 13:00:00+01:00,bus070,0.0
2030,sc01,11-22 13:00:00+01:00,bus004,0.0
2030,sc01,11-22 13:00:00+01:00,bus021,0.0
2030,sc01,11-22 13:00:00+01:00,bus068,0.0
2030,sc01,11-22 13:00:00+01:00,bus028,0.0
2030,sc01,11-22 13:00:00+01:00,bus034,0.0
2030,sc01,11-22 13:00:00+01:00,bus075,0.0
2030,sc01,11-22 13:00:00+01:00,bus064,0.0
2030,sc01,11-22 13:00:00+01:00,bus106,0.0
2030,sc01,11-22 13:00:00+01:00,bus076,0.0
2030,sc01,11-22 13:00:00+01:00,bus046,0.0
2030,sc01,11-22 13:00:00+01:00,bus007,0.0
2030,sc01,11-22 13:00:00+01:00,bus035,0.0
2030,sc01,11-22 13:00:00+01:00,bus117,0.0
2030,sc01,11-22 13:00:00+01:00,bus041,0.0
2030,sc01,11-22 13:00:00+01:00,bus102,0.0
2030,sc01,11-22 13:00:00+01:00,bus026,0.0
2030,sc01,11-22 13:00:00+01:00,bus077,0.0
2030,sc01,11-22 13:00:00+01:00,bus044,0.0
2030,sc01,11-22 13:00:00+01:00,bus091,0.0
2030,sc01,11-22 13:00:00+01:00,bus062,0.0
2030,sc01,11-25 14:00:00+01:00,bus093,0.0
2030,sc01,11-25 14:00:00+01:00,bus097,0.0
2030,sc01,11-25 14:00:00+01:00,bus110,0.0
2030,sc01,11-25 14:00:00+01:00,bus042,0.0
2030,sc01,11-25 14:00:00+01:00,bus066,0.0
2030,sc01,11-25 14:00:00+01:00,bus059,0.0
2030,sc01,11-25 14:00:00+01:00,bus057,0.0
2030,sc01,11-25 14:00:00+01:00,bus067,0.0
2030,sc01,11-25 14:00:00+01:00,bus069,0.0
2030,sc01,11-25 14:00:00+01:00,bus014,0.0
2030,sc01,11-25 14:00:00+01:00,bus090,0.0
2030,sc01,11-25 14:00:00+01:00,bus002,0.0
2030,sc01,11-25 14:00:00+01:00,bus005,0.0
2030,sc01,11-25 14:00:00+01:00,bus109,0.0
2030,sc01,11-25 14:00:00+01:00,bus020,0.0
2030,sc01,11-25 14:00:00+01:00,bus065,0.0
2030,sc01,11-25 14:00:00+01:00,bus001,0.0
2030,sc01,11-25 14:00:00+01:00,bus017,0.0
2030,sc01,11-25 14:00:00+01:00,bus015,0.0
2030,sc01,11-25 14:00:00+01:00,bus054,0.0
2030,sc01,11-25 14:00:00+01:00,bus086,0.0
2030,sc01,11-25 14:00:00+01:00,bus032,0.0
2030,sc01,11-25 14:00:00+01:00,bus038,0.0
2030,sc01,11-25 14:00:00+01:00,bus108,0.0
2030,sc01,11-25 14:00:00+01:00,bus087,0.0
2030,sc01,11-25 14:00:00+01:00,bus027,0.0
2030,sc01,11-25 14:00:00+01:00,bus111,0.0
2030,sc01,11-25 14:00:00+01:00,bus025,0.0
2030,sc01,11-25 14:00:00+01:00,bus029,0.0
2030,sc01,11-25 14:00:00+01:00,bus009,0.0
2030,sc01,11-25 14:00:00+01:00,bus043,0.0
2030,sc01,11-25 14:00:00+01:00,bus045,0.0
2030,sc01,11-25 14:00:00+01:00,bus084,0.0
2030,sc01,11-25 14:00:00+01:00,bus013,0.0
2030,sc01,11-25 14:00:00+01:00,bus063,0.0
2030,sc01,11-25 14:00:00+01:00,bus115,0.0
2030,sc01,11-25 14:00:00+01:00,bus010,0.0
2030,sc01,11-25 14:00:00+01:00,bus073,0.0
2030,sc01,11-25 14:00:00+01:00,bus052,0.0
2030,sc01,11-25 14:00:00+01:00,bus096,0.0
2030,sc01,11-25 14:00:00+01:00,bus050,0.0
2030,sc01,11-25 14:00:00+01:00,bus011,0.0
2030,sc01,11-25 14:00:00+01:00,bus055,0.0
2030,sc01,11-25 14:00:00+01:00,bus083,0.0
2030,sc01,11-25 14:00:00+01:00,bus081,0.0
2030,sc01,11-25 14:00:00+01:00,bus022,0.0
2030,sc01,11-25 14:00:00+01:00,bus071,0.0
2030,sc01,11-25 14:00:00+01:00,bus074,0.0
2030,sc01,11-25 14:00:00+01:00,bus040,0.0
2030,sc01,11-25 14:00:00+01:00,bus099,0.0
2030,sc01,11-25 14:00:00+01:00,bus030,0.0
2030,sc01,11-25 14:00:00+01:00,bus098,0.0
2030,sc01,11-25 14:00:00+01:00,bus053,0.0
2030,sc01,11-25 14:00:00+01:00,bus085,0.0
2030,sc01,11-25 14:00:00+01:00,bus101,0.0
2030,sc01,11-25 14:00:00+01:00,bus018,0.0
2030,sc01,11-25 14:00:00+01:00,bus023,0.0
2030,sc01,11-25 14:00:00+01:00,bus088,0.0
2030,sc01,11-25 14:00:00+01:00,bus116,0.0
2030,sc01,11-25 14:00:00+01:00,bus103,0.0
2030,sc01,11-25 14:00:00+01:00,bus008,0.0
2030,sc01,11-25 14:00:00+01:00,bus105,0.0
2030,sc01,11-25 14:00:00+01:00,bus060,0.0
2030,sc01,11-25 14:00:00+01:00,bus016,0.0
2030,sc01,11-25 14:00:00+01:00,bus082,0.0
2030,sc01,11-25 14:00:00+01:00,bus047,0.0
2030,sc01,11-25 14:00:00+01:00,bus019,0.0
2030,sc01,11-25 14:00:00+01:00,bus037,0.0
2030,sc01,11-25 14:00:00+01:00,bus006,0.0
2030,sc01,11-25 14:00:00+01:00,bus080,0.0
2030,sc01,11-25 14:00:00+01:00,bus031,0.0
2030,sc01,11-25 14:00:00+01:00,bus048,0.0
2030,sc01,11-25 14:00:00+01:00,bus107,0.0
2030,sc01,11-25 14:00:00+01:00,bus049,0.0
2030,sc01,11-25 14:00:00+01:00,bus104,0.0
2030,sc01,11-25 14:00:00+01:00,bus100,0.0
2030,sc01,11-25 14:00:00+01:00,bus072,0.0
2030,sc01,11-25 14:00:00+01:00,bus039,0.0
2030,sc01,11-25 14:00:00+01:00,bus012,0.0
2030,sc01,11-25 14:00:00+01:00,bus114,0.0
2030,sc01,11-25 14:00:00+01:00,bus112,0.0
2030,sc01,11-25 14:00:00+01:00,bus058,0.0
2030,sc01,11-25 14:00:00+01:00,bus089,0.0
2030,sc01,11-25 14:00:00+01:00,bus051,0.0
2030,sc01,11-25 14:00:00+01:00,bus056,0.0
2030,sc01,11-25 14:00:00+01:00,bus092,0.0
2030,sc01,11-25 14:00:00+01:00,bus036,0.0
2030,sc01,11-25 14:00:00+01:00,bus094,0.0
2030,sc01,11-25 14:00:00+01:00,bus095,0.0
2030,sc01,11-25 14:00:00+01:00,bus113,0.0
2030,sc01,11-25 14:00:00+01:00,bus024,0.0
2030,sc01,11-25 14:00:00+01:00,bus078,0.0
2030,sc01,11-25 14:00:00+01:00,bus033,0.0
2030,sc01,11-25 14:00:00+01:00,bus079,0.0
2030,sc01,11-25 14:00:00+01:00,bus061,0.0
2030,sc01,11-25 14:00:00+01:00,bus118,0.0
2030,sc01,11-25 14:00:00+01:00,bus003,0.0
2030,sc01,11-25 14:00:00+01:00,bus070,0.0
2030,sc01,11-25 14:00:00+01:00,bus004,0.0
2030,sc01,11-25 14:00:00+01:00,bus021,0.0
2030,sc01,11-25 14:00:00+01:00,bus068,0.0
2030,sc01,11-25 14:00:00+01:00,bus028,0.0
2030,sc01,11-25 14:00:00+01:00,bus034,0.0
2030,sc01,11-25 14:00:00+01:00,bus075,0.0
2030,sc01,11-25 14:00:00+01:00,bus064,0.0
2030,sc01,11-25 14:00:00+01:00,bus106,0.0
2030,sc01,11-25 14:00:00+01:00,bus076,0.0
2030,sc01,11-25 14:00:00+01:00,bus046,0.0
2030,sc01,11-25 14:00:00+01:00,bus007,0.0
2030,sc01,11-25 14:00:00+01:00,bus035,0.0
2030,sc01,11-25 14:00:00+01:00,bus117,0.0
2030,sc01,11-25 14:00:00+01:00,bus041,0.0
2030,sc01,11-25 14:00:00+01:00,bus102,0.0
2030,sc01,11-25 14:00:00+01:00,bus026,0.0
2030,sc01,11-25 14:00:00+01:00,bus077,0.0
2030,sc01,11-25 14:00:00+01:00,bus044,0.0
2030,sc01,11-25 14:00:00+01:00,bus091,0.0
2030,sc01,11-25 14:00:00+01:00,bus062,0.0
2030,sc01,11-26 10:00:00+01:00,bus093,0.0
2030,sc01,11-26 10:00:00+01:00,bus097,0.0
2030,sc01,11-26 10:00:00+01:00,bus110,0.0
2030,sc01,11-26 10:00:00+01:00,bus042,0.0
2030,sc01,11-26 10:00:00+01:00,bus066,0.0
2030,sc01,11-26 10:00:00+01:00,bus059,0.0
2030,sc01,11-26 10:00:00+01:00,bus057,0.0
2030,sc01,11-26 10:00:00+01:00,bus067,0.0
2030,sc01,11-26 10:00:00+01:00,bus069,0.0
2030,sc01,11-26 10:00:00+01:00,bus014,0.0
2030,sc01,11-26 10:00:00+01:00,bus090,0.0
2030,sc01,11-26 10:00:00+01:00,bus002,0.0
2030,sc01,11-26 10:00:00+01:00,bus005,0.0
2030,sc01,11-26 10:00:00+01:00,bus109,0.0
2030,sc01,11-26 10:00:00+01:00,bus020,0.0
2030,sc01,11-26 10:00:00+01:00,bus065,0.0
2030,sc01,11-26 10:00:00+01:00,bus001,0.0
2030,sc01,11-26 10:00:00+01:00,bus017,0.0
2030,sc01,11-26 10:00:00+01:00,bus015,0.0
2030,sc01,11-26 10:00:00+01:00,bus054,0.0
2030,sc01,11-26 10:00:00+01:00,bus086,0.0
2030,sc01,11-26 10:00:00+01:00,bus032,0.0
2030,sc01,11-26 10:00:00+01:00,bus038,0.0
2030,sc01,11-26 10:00:00+01:00,bus108,0.0
2030,sc01,11-26 10:00:00+01:00,bus087,0.0
2030,sc01,11-26 10:00:00+01:00,bus027,0.0
2030,sc01,11-26 10:00:00+01:00,bus111,0.0
2030,sc01,11-26 10:00:00+01:00,bus025,0.0
2030,sc01,11-26 10:00:00+01:00,bus029,0.0
2030,sc01,11-26 10:00:00+01:00,bus009,0.0
2030,sc01,11-26 10:00:00+01:00,bus043,0.0
2030,sc01,11-26 10:00:00+01:00,bus045,0.0
2030,sc01,11-26 10:00:00+01:00,bus084,0.0
2030,sc01,11-26 10:00:00+01:00,bus013,0.0
2030,sc01,11-26 10:00:00+01:00,bus063,0.0
2030,sc01,11-26 10:00:00+01:00,bus115,0.0
2030,sc01,11-26 10:00:00+01:00,bus010,0.0
2030,sc01,11-26 10:00:00+01:00,bus073,0.0
2030,sc01,11-26 10:00:00+01:00,bus052,0.0
2030,sc01,11-26 10:00:00+01:00,bus096,0.0
2030,sc01,11-26 10:00:00+01:00,bus050,0.0
2030,sc01,11-26 10:00:00+01:00,bus011,0.0
2030,sc01,11-26 10:00:00+01:00,bus055,0.0
2030,sc01,11-26 10:00:00+01:00,bus083,0.0
2030,sc01,11-26 10:00:00+01:00,bus081,0.0
2030,sc01,11-26 10:00:00+01:00,bus022,0.0
2030,sc01,11-26 10:00:00+01:00,bus071,0.0
2030,sc01,11-26 10:00:00+01:00,bus074,0.0
2030,sc01,11-26 10:00:00+01:00,bus040,0.0
2030,sc01,11-26 10:00:00+01:00,bus099,0.0
2030,sc01,11-26 10:00:00+01:00,bus030,0.0
2030,sc01,11-26 10:00:00+01:00,bus098,0.0
2030,sc01,11-26 10:00:00+01:00,bus053,0.0
2030,sc01,11-26 10:00:00+01:00,bus085,0.0
2030,sc01,11-26 10:00:00+01:00,bus101,0.0
2030,sc01,11-26 10:00:00+01:00,bus018,0.0
2030,sc01,11-26 10:00:00+01:00,bus023,0.0
2030,sc01,11-26 10:00:00+01:00,bus088,0.0
2030,sc01,11-26 10:00:00+01:00,bus116,0.0
2030,sc01,11-26 10:00:00+01:00,bus103,0.0
2030,sc01,11-26 10:00:00+01:00,bus008,0.0
2030,sc01,11-26 10:00:00+01:00,bus105,0.0
2030,sc01,11-26 10:00:00+01:00,bus060,0.0
2030,sc01,11-26 10:00:00+01:00,bus016,0.0
2030,sc01,11-26 10:00:00+01:00,bus082,0.0
2030,sc01,11-26 10:00:00+01:00,bus047,0.0
2030,sc01,11-26 10:00:00+01:00,bus019,0.0
2030,sc01,11-26 10:00:00+01:00,bus037,0.0
2030,sc01,11-26 10:00:00+01:00,bus006,0.0
2030,sc01,11-26 10:00:00+01:00,bus080,0.0
2030,sc01,11-26 10:00:00+01:00,bus031,0.0
2030,sc01,11-26 10:00:00+01:00,bus048,0.0
2030,sc01,11-26 10:00:00+01:00,bus107,0.0
2030,sc01,11-26 10:00:00+01:00,bus049,0.0
2030,sc01,11-26 10:00:00+01:00,bus104,0.0
2030,sc01,11-26 10:00:00+01:00,bus100,0.0
2030,sc01,11-26 10:00:00+01:00,bus072,0.0
2030,sc01,11-26 10:00:00+01:00,bus039,0.0
2030,sc01,11-26 10:00:00+01:00,bus012,0.0
2030,sc01,11-26 10:00:00+01:00,bus114,0.0
2030,sc01,11-26 10:00:00+01:00,bus112,0.0
2030,sc01,11-26 10:00:00+01:00,bus058,0.0
2030,sc01,11-26 10:00:00+01:00,bus089,0.0
2030,sc01,11-26 10:00:00+01:00,bus051,0.0
2030,sc01,11-26 10:00:00+01:00,bus056,0.0
2030,sc01,11-26 10:00:00+01:00,bus092,0.0
2030,sc01,11-26 10:00:00+01:00,bus036,0.0
2030,sc01,11-26 10:00:00+01:00,bus094,0.0
2030,sc01,11-26 10:00:00+01:00,bus095,0.0
2030,sc01,11-26 10:00:00+01:00,bus113,0.0
2030,sc01,11-26 10:00:00+01:00,bus024,0.0
2030,sc01,11-26 10:00:00+01:00,bus078,0.0
2030,sc01,11-26 10:00:00+01:00,bus033,0.0
2030,sc01,11-26 10:00:00+01:00,bus079,0.0
2030,sc01,11-26 10:00:00+01:00,bus061,0.0
2030,sc01,11-26 10:00:00+01:00,bus118,0.0
2030,sc01,11-26 10:00:00+01:00,bus003,0.0
2030,sc01,11-26 10:00:00+01:00,bus070,0.0
2030,sc01,11-26 10:00:00+01:00,bus004,0.0
2030,sc01,11-26 10:00:00+01:00,bus021,0.0
2030,sc01,11-26 10:00:00+01:00,bus068,0.0
2030,sc01,11-26 10:00:00+01:00,bus028,0.0
2030,sc01,11-26 10:00:00+01:00,bus034,0.0
2030,sc01,11-26 10:00:00+01:00,bus075,0.0
2030,sc01,11-26 10:00:00+01:00,bus064,0.0
2030,sc01,11-26 10:00:00+01:00,bus106,0.0
2030,sc01,11-26 10:00:00+01:00,bus076,0.0
2030,sc01,11-26 10:00:00+01:00,bus046,0.0
2030,sc01,11-26 10:00:00+01:00,bus007,0.0
2030,sc01,11-26 10:00:00+01:00,bus035,0.0
2030,sc01,11-26 10:00:00+01:00,bus117,0.0
2030,sc01,11-26 10:00:00+01:00,bus041,0.0
2030,sc01,11-26 10:00:00+01:00,bus102,0.0
2030,sc01,11-26 10:00:00+01:00,bus026,0.0
2030,sc01,11-26 10:00:00+01:00,bus077,0.0
2030,sc01,11-26 10:00:00+01:00,bus044,0.0
2030,sc01,11-26 10:00:00+01:00,bus091,0.0
2030,sc01,11-26 10:00:00+01:00,bus062,0.0
2030,sc01,11-26 11:00:00+01:00,bus093,0.0
2030,sc01,11-26 11:00:00+01:00,bus097,0.0
2030,sc01,11-26 11:00:00+01:00,bus110,0.0
2030,sc01,11-26 11:00:00+01:00,bus042,0.0
2030,sc01,11-26 11:00:00+01:00,bus066,0.0
2030,sc01,11-26 11:00:00+01:00,bus059,0.0
2030,sc01,11-26 11:00:00+01:00,bus057,0.0
2030,sc01,11-26 11:00:00+01:00,bus067,0.0
2030,sc01,11-26 11:00:00+01:00,bus069,0.0
2030,sc01,11-26 11:00:00+01:00,bus014,0.0
2030,sc01,11-26 11:00:00+01:00,bus090,0.0
2030,sc01,11-26 11:00:00+01:00,bus002,0.0
2030,sc01,11-26 11:00:00+01:00,bus005,0.0
2030,sc01,11-26 11:00:00+01:00,bus109,0.0
2030,sc01,11-26 11:00:00+01:00,bus020,0.0
2030,sc01,11-26 11:00:00+01:00,bus065,0.0
2030,sc01,11-26 11:00:00+01:00,bus001,0.0
2030,sc01,11-26 11:00:00+01:00,bus017,0.0
2030,sc01,11-26 11:00:00+01:00,bus015,0.0
2030,sc01,11-26 11:00:00+01:00,bus054,0.0
2030,sc01,11-26 11:00:00+01:00,bus086,0.0
2030,sc01,11-26 11:00:00+01:00,bus032,0.0
2030,sc01,11-26 11:00:00+01:00,bus038,0.0
2030,sc01,11-26 11:00:00+01:00,bus108,0.0
2030,sc01,11-26 11:00:00+01:00,bus087,0.0
2030,sc01,11-26 11:00:00+01:00,bus027,0.0
2030,sc01,11-26 11:00:00+01:00,bus111,0.0
2030,sc01,11-26 11:00:00+01:00,bus025,0.0
2030,sc01,11-26 11:00:00+01:00,bus029,0.0
2030,sc01,11-26 11:00:00+01:00,bus009,0.0
2030,sc01,11-26 11:00:00+01:00,bus043,0.0
2030,sc01,11-26 11:00:00+01:00,bus045,0.0
2030,sc01,11-26 11:00:00+01:00,bus084,0.0
2030,sc01,11-26 11:00:00+01:00,bus013,0.0
2030,sc01,11-26 11:00:00+01:00,bus063,0.0
2030,sc01,11-26 11:00:00+01:00,bus115,0.0
2030,sc01,11-26 11:00:00+01:00,bus010,0.0
2030,sc01,11-26 11:00:00+01:00,bus073,0.0
2030,sc01,11-26 11:00:00+01:00,bus052,0.0
2030,sc01,11-26 11:00:00+01:00,bus096,0.0
2030,sc01,11-26 11:00:00+01:00,bus050,0.0
2030,sc01,11-26 11:00:00+01:00,bus011,0.0
2030,sc01,11-26 11:00:00+01:00,bus055,0.0
2030,sc01,11-26 11:00:00+01:00,bus083,0.0
2030,sc01,11-26 11:00:00+01:00,bus081,0.0
2030,sc01,11-26 11:00:00+01:00,bus022,0.0
2030,sc01,11-26 11:00:00+01:00,bus071,0.0
2030,sc01,11-26 11:00:00+01:00,bus074,0.0
2030,sc01,11-26 11:00:00+01:00,bus040,0.0
2030,sc01,11-26 11:00:00+01:00,bus099,0.0
2030,sc01,11-26 11:00:00+01:00,bus030,0.0
2030,sc01,11-26 11:00:00+01:00,bus098,0.0
2030,sc01,11-26 11:00:00+01:00,bus053,0.0
2030,sc01,11-26 11:00:00+01:00,bus085,0.0
2030,sc01,11-26 11:00:00+01:00,bus101,0.0
2030,sc01,11-26 11:00:00+01:00,bus018,0.0
2030,sc01,11-26 11:00:00+01:00,bus023,0.0
2030,sc01,11-26 11:00:00+01:00,bus088,0.0
2030,sc01,11-26 11:00:00+01:00,bus116,0.0
2030,sc01,11-26 11:00:00+01:00,bus103,0.0
2030,sc01,11-26 11:00:00+01:00,bus008,0.0
2030,sc01,11-26 11:00:00+01:00,bus105,0.0
2030,sc01,11-26 11:00:00+01:00,bus060,0.0
2030,sc01,11-26 11:00:00+01:00,bus016,0.0
2030,sc01,11-26 11:00:00+01:00,bus082,0.0
2030,sc01,11-26 11:00:00+01:00,bus047,0.0
2030,sc01,11-26 11:00:00+01:00,bus019,0.0
2030,sc01,11-26 11:00:00+01:00,bus037,0.0
2030,sc01,11-26 11:00:00+01:00,bus006,0.0
2030,sc01,11-26 11:00:00+01:00,bus080,0.0
2030,sc01,11-26 11:00:00+01:00,bus031,0.0
2030,sc01,11-26 11:00:00+01:00,bus048,0.0
2030,sc01,11-26 11:00:00+01:00,bus107,0.0
2030,sc01,11-26 11:00:00+01:00,bus049,0.0
2030,sc01,11-26 11:00:00+01:00,bus104,0.0
2030,sc01,11-26 11:00:00+01:00,bus100,0.0
2030,sc01,11-26 11:00:00+01:00,bus072,0.0
2030,sc01,11-26 11:00:00+01:00,bus039,0.0
2030,sc01,11-26 11:00:00+01:00,bus012,0.0
2030,sc01,11-26 11:00:00+01:00,bus114,0.0
2030,sc01,11-26 11:00:00+01:00,bus112,0.0
2030,sc01,11-26 11:00:00+01:00,bus058,0.0
2030,sc01,11-26 11:00:00+01:00,bus089,0.0
2030,sc01,11-26 11:00:00+01:00,bus051,0.0
2030,sc01,11-26 11:00:00+01:00,bus056,0.0
2030,sc01,11-26 11:00:00+01:00,bus092,0.0
2030,sc01,11-26 11:00:00+01:00,bus036,0.0
2030,sc01,11-26 11:00:00+01:00,bus094,0.0
2030,sc01,11-26 11:00:00+01:00,bus095,0.0
2030,sc01,11-26 11:00:00+01:00,bus113,0.0
2030,sc01,11-26 11:00:00+01:00,bus024,0.0
2030,sc01,11-26 11:00:00+01:00,bus078,0.0
2030,sc01,11-26 11:00:00+01:00,bus033,0.0
2030,sc01,11-26 11:00:00+01:00,bus079,0.0
2030,sc01,11-26 11:00:00+01:00,bus061,0.0
2030,sc01,11-26 11:00:00+01:00,bus118,0.0
2030,sc01,11-26 11:00:00+01:00,bus003,0.0
2030,sc01,11-26 11:00:00+01:00,bus070,0.0
2030,sc01,11-26 11:00:00+01:00,bus004,0.0
2030,sc01,11-26 11:00:00+01:00,bus021,0.0
2030,sc01,11-26 11:00:00+01:00,bus068,0.0
2030,sc01,11-26 11:00:00+01:00,bus028,0.0
2030,sc01,11-26 11:00:00+01:00,bus034,0.0
2030,sc01,11-26 11:00:00+01:00,bus075,0.0
2030,sc01,11-26 11:00:00+01:00,bus064,0.0
2030,sc01,11-26 11:00:00+01:00,bus106,0.0
2030,sc01,11-26 11:00:00+01:00,bus076,0.0
2030,sc01,11-26 11:00:00+01:00,bus046,0.0
2030,sc01,11-26 11:00:00+01:00,bus007,0.0
2030,sc01,11-26 11:00:00+01:00,bus035,0.0
2030,sc01,11-26 11:00:00+01:00,bus117,0.0
2030,sc01,11-26 11:00:00+01:00,bus041,0.0
2030,sc01,11-26 11:00:00+01:00,bus102,0.0
2030,sc01,11-26 11:00:00+01:00,bus026,0.0
2030,sc01,11-26 11:00:00+01:00,bus077,0.0
2030,sc01,11-26 11:00:00+01:00,bus044,0.0
2030,sc01,11-26 11:00:00+01:00,bus091,0.0
2030,sc01,11-26 11:00:00+01:00,bus062,0.0
2030,sc01,11-27 20:00:00+01:00,bus093,0.0
2030,sc01,11-27 20:00:00+01:00,bus097,0.0
2030,sc01,11-27 20:00:00+01:00,bus110,0.0
2030,sc01,11-27 20:00:00+01:00,bus042,0.0
2030,sc01,11-27 20:00:00+01:00,bus066,0.0
2030,sc01,11-27 20:00:00+01:00,bus059,0.0
2030,sc01,11-27 20:00:00+01:00,bus057,0.0
2030,sc01,11-27 20:00:00+01:00,bus067,0.0
2030,sc01,11-27 20:00:00+01:00,bus069,0.0
2030,sc01,11-27 20:00:00+01:00,bus014,0.0
2030,sc01,11-27 20:00:00+01:00,bus090,0.0
2030,sc01,11-27 20:00:00+01:00,bus002,0.0
2030,sc01,11-27 20:00:00+01:00,bus005,0.0
2030,sc01,11-27 20:00:00+01:00,bus109,0.0
2030,sc01,11-27 20:00:00+01:00,bus020,0.0
2030,sc01,11-27 20:00:00+01:00,bus065,0.0
2030,sc01,11-27 20:00:00+01:00,bus001,0.0
2030,sc01,11-27 20:00:00+01:00,bus017,0.0
2030,sc01,11-27 20:00:00+01:00,bus015,0.0
2030,sc01,11-27 20:00:00+01:00,bus054,0.0
2030,sc01,11-27 20:00:00+01:00,bus086,0.0
2030,sc01,11-27 20:00:00+01:00,bus032,0.0
2030,sc01,11-27 20:00:00+01:00,bus038,0.0
2030,sc01,11-27 20:00:00+01:00,bus108,0.0
2030,sc01,11-27 20:00:00+01:00,bus087,0.0
2030,sc01,11-27 20:00:00+01:00,bus027,0.0
2030,sc01,11-27 20:00:00+01:00,bus111,0.0
2030,sc01,11-27 20:00:00+01:00,bus025,0.0
2030,sc01,11-27 20:00:00+01:00,bus029,0.0
2030,sc01,11-27 20:00:00+01:00,bus009,0.0
2030,sc01,11-27 20:00:00+01:00,bus043,0.0
2030,sc01,11-27 20:00:00+01:00,bus045,0.0
2030,sc01,11-27 20:00:00+01:00,bus084,0.0
2030,sc01,11-27 20:00:00+01:00,bus013,0.0
2030,sc01,11-27 20:00:00+01:00,bus063,0.0
2030,sc01,11-27 20:00:00+01:00,bus115,0.0
2030,sc01,11-27 20:00:00+01:00,bus010,0.0
2030,sc01,11-27 20:00:00+01:00,bus073,0.0
2030,sc01,11-27 20:00:00+01:00,bus052,0.0
2030,sc01,11-27 20:00:00+01:00,bus096,0.0
2030,sc01,11-27 20:00:00+01:00,bus050,0.0
2030,sc01,11-27 20:00:00+01:00,bus011,0.0
2030,sc01,11-27 20:00:00+01:00,bus055,0.0
2030,sc01,11-27 20:00:00+01:00,bus083,0.0
2030,sc01,11-27 20:00:00+01:00,bus081,0.0
2030,sc01,11-27 20:00:00+01:00,bus022,0.0
2030,sc01,11-27 20:00:00+01:00,bus071,0.0
2030,sc01,11-27 20:00:00+01:00,bus074,0.0
2030,sc01,11-27 20:00:00+01:00,bus040,0.0
2030,sc01,11-27 20:00:00+01:00,bus099,0.0
2030,sc01,11-27 20:00:00+01:00,bus030,0.0
2030,sc01,11-27 20:00:00+01:00,bus098,0.0
2030,sc01,11-27 20:00:00+01:00,bus053,0.0
2030,sc01,11-27 20:00:00+01:00,bus085,0.0
2030,sc01,11-27 20:00:00+01:00,bus101,0.0
2030,sc01,11-27 20:00:00+01:00,bus018,0.0
2030,sc01,11-27 20:00:00+01:00,bus023,0.0
2030,sc01,11-27 20:00:00+01:00,bus088,0.0
2030,sc01,11-27 20:00:00+01:00,bus116,0.0
2030,sc01,11-27 20:00:00+01:00,bus103,0.0
2030,sc01,11-27 20:00:00+01:00,bus008,0.0
2030,sc01,11-27 20:00:00+01:00,bus105,0.0
2030,sc01,11-27 20:00:00+01:00,bus060,0.0
2030,sc01,11-27 20:00:00+01:00,bus016,0.0
2030,sc01,11-27 20:00:00+01:00,bus082,0.0
2030,sc01,11-27 20:00:00+01:00,bus047,0.0
2030,sc01,11-27 20:00:00+01:00,bus019,0.0
2030,sc01,11-27 20:00:00+01:00,bus037,0.0
2030,sc01,11-27 20:00:00+01:00,bus006,0.0
2030,sc01,11-27 20:00:00+01:00,bus080,0.0
2030,sc01,11-27 20:00:00+01:00,bus031,0.0
2030,sc01,11-27 20:00:00+01:00,bus048,0.0
2030,sc01,11-27 20:00:00+01:00,bus107,0.0
2030,sc01,11-27 20:00:00+01:00,bus049,0.0
2030,sc01,11-27 20:00:00+01:00,bus104,0.0
2030,sc01,11-27 20:00:00+01:00,bus100,0.0
2030,sc01,11-27 20:00:00+01:00,bus072,0.0
2030,sc01,11-27 20:00:00+01:00,bus039,0.0
2030,sc01,11-27 20:00:00+01:00,bus012,0.0
2030,sc01,11-27 20:00:00+01:00,bus114,0.0
2030,sc01,11-27 20:00:00+01:00,bus112,0.0
2030,sc01,11-27 20:00:00+01:00,bus058,0.0
2030,sc01,11-27 20:00:00+01:00,bus089,0.0
2030,sc01,11-27 20:00:00+01:00,bus051,0.0
2030,sc01,11-27 20:00:00+01:00,bus056,0.0
2030,sc01,11-27 20:00:00+01:00,bus092,0.0
2030,sc01,11-27 20:00:00+01:00,bus036,0.0
2030,sc01,11-27 20:00:00+01:00,bus094,0.0
2030,sc01,11-27 20:00:00+01:00,bus095,0.0
2030,sc01,11-27 20:00:00+01:00,bus113,0.0
2030,sc01,11-27 20:00:00+01:00,bus024,0.0
2030,sc01,11-27 20:00:00+01:00,bus078,0.0
2030,sc01,11-27 20:00:00+01:00,bus033,0.0
2030,sc01,11-27 20:00:00+01:00,bus079,0.0
2030,sc01,11-27 20:00:00+01:00,bus061,0.0
2030,sc01,11-27 20:00:00+01:00,bus118,0.0
2030,sc01,11-27 20:00:00+01:00,bus003,0.0
2030,sc01,11-27 20:00:00+01:00,bus070,0.0
2030,sc01,11-27 20:00:00+01:00,bus004,0.0
2030,sc01,11-27 20:00:00+01:00,bus021,0.0
2030,sc01,11-27 20:00:00+01:00,bus068,0.0
2030,sc01,11-27 20:00:00+01:00,bus028,0.0
2030,sc01,11-27 20:00:00+01:00,bus034,0.0
2030,sc01,11-27 20:00:00+01:00,bus075,0.0
2030,sc01,11-27 20:00:00+01:00,bus064,0.0
2030,sc01,11-27 20:00:00+01:00,bus106,0.0
2030,sc01,11-27 20:00:00+01:00,bus076,0.0
2030,sc01,11-27 20:00:00+01:00,bus046,0.0
2030,sc01,11-27 20:00:00+01:00,bus007,0.0
2030,sc01,11-27 20:00:00+01:00,bus035,0.0
2030,sc01,11-27 20:00:00+01:00,bus117,0.0
2030,sc01,11-27 20:00:00+01:00,bus041,0.0
2030,sc01,11-27 20:00:00+01:00,bus102,0.0
2030,sc01,11-27 20:00:00+01:00,bus026,0.0
2030,sc01,11-27 20:00:00+01:00,bus077,0.0
2030,sc01,11-27 20:00:00+01:00,bus044,0.0
2030,sc01,11-27 20:00:00+01:00,bus091,0.0
2030,sc01,11-27 20:00:00+01:00,bus062,0.0
2030,sc01,11-29 00:00:00+01:00,bus093,0.0
2030,sc01,11-29 00:00:00+01:00,bus097,0.0
2030,sc01,11-29 00:00:00+01:00,bus110,0.0
2030,sc01,11-29 00:00:00+01:00,bus042,0.0
2030,sc01,11-29 00:00:00+01:00,bus066,0.0
2030,sc01,11-29 00:00:00+01:00,bus059,0.0
2030,sc01,11-29 00:00:00+01:00,bus057,0.0
2030,sc01,11-29 00:00:00+01:00,bus067,0.0
2030,sc01,11-29 00:00:00+01:00,bus069,0.0
2030,sc01,11-29 00:00:00+01:00,bus014,0.0
2030,sc01,11-29 00:00:00+01:00,bus090,0.0
2030,sc01,11-29 00:00:00+01:00,bus002,0.0
2030,sc01,11-29 00:00:00+01:00,bus005,0.0
2030,sc01,11-29 00:00:00+01:00,bus109,0.0
2030,sc01,11-29 00:00:00+01:00,bus020,0.0
2030,sc01,11-29 00:00:00+01:00,bus065,0.0
2030,sc01,11-29 00:00:00+01:00,bus001,0.0
2030,sc01,11-29 00:00:00+01:00,bus017,0.0
2030,sc01,11-29 00:00:00+01:00,bus015,0.0
2030,sc01,11-29 00:00:00+01:00,bus054,0.0
2030,sc01,11-29 00:00:00+01:00,bus086,0.0
2030,sc01,11-29 00:00:00+01:00,bus032,0.0
2030,sc01,11-29 00:00:00+01:00,bus038,0.0
2030,sc01,11-29 00:00:00+01:00,bus108,0.0
2030,sc01,11-29 00:00:00+01:00,bus087,0.0
2030,sc01,11-29 00:00:00+01:00,bus027,0.0
2030,sc01,11-29 00:00:00+01:00,bus111,0.0
2030,sc01,11-29 00:00:00+01:00,bus025,0.0
2030,sc01,11-29 00:00:00+01:00,bus029,0.0
2030,sc01,11-29 00:00:00+01:00,bus009,0.0
2030,sc01,11-29 00:00:00+01:00,bus043,0.0
2030,sc01,11-29 00:00:00+01:00,bus045,0.0
2030,sc01,11-29 00:00:00+01:00,bus084,0.0
2030,sc01,11-29 00:00:00+01:00,bus013,0.0
2030,sc01,11-29 00:00:00+01:00,bus063,0.0
2030,sc01,11-29 00:00:00+01:00,bus115,0.0
2030,sc01,11-29 00:00:00+01:00,bus010,0.0
2030,sc01,11-29 00:00:00+01:00,bus073,0.0
2030,sc01,11-29 00:00:00+01:00,bus052,0.0
2030,sc01,11-29 00:00:00+01:00,bus096,0.0
2030,sc01,11-29 00:00:00+01:00,bus050,0.0
2030,sc01,11-29 00:00:00+01:00,bus011,0.0
2030,sc01,11-29 00:00:00+01:00,bus055,0.0
2030,sc01,11-29 00:00:00+01:00,bus083,0.0
2030,sc01,11-29 00:00:00+01:00,bus081,0.0
2030,sc01,11-29 00:00:00+01:00,bus022,0.0
2030,sc01,11-29 00:00:00+01:00,bus071,0.0
2030,sc01,11-29 00:00:00+01:00,bus074,0.0
2030,sc01,11-29 00:00:00+01:00,bus040,0.0
2030,sc01,11-29 00:00:00+01:00,bus099,0.0
2030,sc01,11-29 00:00:00+01:00,bus030,0.0
2030,sc01,11-29 00:00:00+01:00,bus098,0.0
2030,sc01,11-29 00:00:00+01:00,bus053,0.0
2030,sc01,11-29 00:00:00+01:00,bus085,0.0
2030,sc01,11-29 00:00:00+01:00,bus101,0.0
2030,sc01,11-29 00:00:00+01:00,bus018,0.0
2030,sc01,11-29 00:00:00+01:00,bus023,0.0
2030,sc01,11-29 00:00:00+01:00,bus088,0.0
2030,sc01,11-29 00:00:00+01:00,bus116,0.0
2030,sc01,11-29 00:00:00+01:00,bus103,0.0
2030,sc01,11-29 00:00:00+01:00,bus008,0.0
2030,sc01,11-29 00:00:00+01:00,bus105,0.0
2030,sc01,11-29 00:00:00+01:00,bus060,0.0
2030,sc01,11-29 00:00:00+01:00,bus016,0.0
2030,sc01,11-29 00:00:00+01:00,bus082,0.0
2030,sc01,11-29 00:00:00+01:00,bus047,0.0
2030,sc01,11-29 00:00:00+01:00,bus019,0.0
2030,sc01,11-29 00:00:00+01:00,bus037,0.0
2030,sc01,11-29 00:00:00+01:00,bus006,0.0
2030,sc01,11-29 00:00:00+01:00,bus080,0.0
2030,sc01,11-29 00:00:00+01:00,bus031,0.0
2030,sc01,11-29 00:00:00+01:00,bus048,0.0
2030,sc01,11-29 00:00:00+01:00,bus107,0.0
2030,sc01,11-29 00:00:00+01:00,bus049,0.0
2030,sc01,11-29 00:00:00+01:00,bus104,0.0
2030,sc01,11-29 00:00:00+01:00,bus100,0.0
2030,sc01,11-29 00:00:00+01:00,bus072,0.0
2030,sc01,11-29 00:00:00+01:00,bus039,0.0
2030,sc01,11-29 00:00:00+01:00,bus012,0.0
2030,sc01,11-29 00:00:00+01:00,bus114,0.0
2030,sc01,11-29 00:00:00+01:00,bus112,0.0
2030,sc01,11-29 00:00:00+01:00,bus058,0.0
2030,sc01,11-29 00:00:00+01:00,bus089,0.0
2030,sc01,11-29 00:00:00+01:00,bus051,0.0
2030,sc01,11-29 00:00:00+01:00,bus056,0.0
2030,sc01,11-29 00:00:00+01:00,bus092,0.0
2030,sc01,11-29 00:00:00+01:00,bus036,0.0
2030,sc01,11-29 00:00:00+01:00,bus094,0.0
2030,sc01,11-29 00:00:00+01:00,bus095,0.0
2030,sc01,11-29 00:00:00+01:00,bus113,0.0
2030,sc01,11-29 00:00:00+01:00,bus024,0.0
2030,sc01,11-29 00:00:00+01:00,bus078,0.0
2030,sc01,11-29 00:00:00+01:00,bus033,0.0
2030,sc01,11-29 00:00:00+01:00,bus079,0.0
2030,sc01,11-29 00:00:00+01:00,bus061,0.0
2030,sc01,11-29 00:00:00+01:00,bus118,0.0
2030,sc01,11-29 00:00:00+01:00,bus003,0.0
2030,sc01,11-29 00:00:00+01:00,bus070,0.0
2030,sc01,11-29 00:00:00+01:00,bus004,0.0
2030,sc01,11-29 00:00:00+01:00,bus021,0.0
2030,sc01,11-29 00:00:00+01:00,bus068,0.0
2030,sc01,11-29 00:00:00+01:00,bus028,0.0
2030,sc01,11-29 00:00:00+01:00,bus034,0.0
2030,sc01,11-29 00:00:00+01:00,bus075,0.0
2030,sc01,11-29 00:00:00+01:00,bus064,0.0
2030,sc01,11-29 00:00:00+01:00,bus106,0.0
2030,sc01,11-29 00:00:00+01:00,bus076,0.0
2030,sc01,11-29 00:00:00+01:00,bus046,0.0
2030,sc01,11-29 00:00:00+01:00,bus007,0.0
2030,sc01,11-29 00:00:00+01:00,bus035,0.0
2030,sc01,11-29 00:00:00+01:00,bus117,0.0
2030,sc01,11-29 00:00:00+01:00,bus041,0.0
2030,sc01,11-29 00:00:00+01:00,bus102,0.0
2030,sc01,11-29 00:00:00+01:00,bus026,0.0
2030,sc01,11-29 00:00:00+01:00,bus077,0.0
2030,sc01,11-29 00:00:00+01:00,bus044,0.0
2030,sc01,11-29 00:00:00+01:00,bus091,0.0
2030,sc01,11-29 00:00:00+01:00,bus062,0.0
2030,sc01,11-30 03:00:00+01:00,bus093,0.0
2030,sc01,11-30 03:00:00+01:00,bus097,0.0
2030,sc01,11-30 03:00:00+01:00,bus110,0.0
2030,sc01,11-30 03:00:00+01:00,bus042,0.0
2030,sc01,11-30 03:00:00+01:00,bus066,0.0
2030,sc01,11-30 03:00:00+01:00,bus059,0.0
2030,sc01,11-30 03:00:00+01:00,bus057,0.0
2030,sc01,11-30 03:00:00+01:00,bus067,0.0
2030,sc01,11-30 03:00:00+01:00,bus069,0.0
2030,sc01,11-30 03:00:00+01:00,bus014,0.0
2030,sc01,11-30 03:00:00+01:00,bus090,0.0
2030,sc01,11-30 03:00:00+01:00,bus002,0.0
2030,sc01,11-30 03:00:00+01:00,bus005,0.0
2030,sc01,11-30 03:00:00+01:00,bus109,0.0
2030,sc01,11-30 03:00:00+01:00,bus020,0.0
2030,sc01,11-30 03:00:00+01:00,bus065,0.0
2030,sc01,11-30 03:00:00+01:00,bus001,0.0
2030,sc01,11-30 03:00:00+01:00,bus017,0.0
2030,sc01,11-30 03:00:00+01:00,bus015,0.0
2030,sc01,11-30 03:00:00+01:00,bus054,0.0
2030,sc01,11-30 03:00:00+01:00,bus086,0.0
2030,sc01,11-30 03:00:00+01:00,bus032,0.0
2030,sc01,11-30 03:00:00+01:00,bus038,0.0
2030,sc01,11-30 03:00:00+01:00,bus108,0.0
2030,sc01,11-30 03:00:00+01:00,bus087,0.0
2030,sc01,11-30 03:00:00+01:00,bus027,0.0
2030,sc01,11-30 03:00:00+01:00,bus111,0.0
2030,sc01,11-30 03:00:00+01:00,bus025,0.0
2030,sc01,11-30 03:00:00+01:00,bus029,0.0
2030,sc01,11-30 03:00:00+01:00,bus009,0.0
2030,sc01,11-30 03:00:00+01:00,bus043,0.0
2030,sc01,11-30 03:00:00+01:00,bus045,0.0
2030,sc01,11-30 03:00:00+01:00,bus084,0.0
2030,sc01,11-30 03:00:00+01:00,bus013,0.0
2030,sc01,11-30 03:00:00+01:00,bus063,0.0
2030,sc01,11-30 03:00:00+01:00,bus115,0.0
2030,sc01,11-30 03:00:00+01:00,bus010,0.0
2030,sc01,11-30 03:00:00+01:00,bus073,0.0
2030,sc01,11-30 03:00:00+01:00,bus052,0.0
2030,sc01,11-30 03:00:00+01:00,bus096,0.0
2030,sc01,11-30 03:00:00+01:00,bus050,0.0
2030,sc01,11-30 03:00:00+01:00,bus011,0.0
2030,sc01,11-30 03:00:00+01:00,bus055,0.0
2030,sc01,11-30 03:00:00+01:00,bus083,0.0
2030,sc01,11-30 03:00:00+01:00,bus081,0.0
2030,sc01,11-30 03:00:00+01:00,bus022,0.0
2030,sc01,11-30 03:00:00+01:00,bus071,0.0
2030,sc01,11-30 03:00:00+01:00,bus074,0.0
2030,sc01,11-30 03:00:00+01:00,bus040,0.0
2030,sc01,11-30 03:00:00+01:00,bus099,0.0
2030,sc01,11-30 03:00:00+01:00,bus030,0.0
2030,sc01,11-30 03:00:00+01:00,bus098,0.0
2030,sc01,11-30 03:00:00+01:00,bus053,0.0
2030,sc01,11-30 03:00:00+01:00,bus085,0.0
2030,sc01,11-30 03:00:00+01:00,bus101,0.0
2030,sc01,11-30 03:00:00+01:00,bus018,0.0
2030,sc01,11-30 03:00:00+01:00,bus023,0.0
2030,sc01,11-30 03:00:00+01:00,bus088,0.0
2030,sc01,11-30 03:00:00+01:00,bus116,0.0
2030,sc01,11-30 03:00:00+01:00,bus103,0.0
2030,sc01,11-30 03:00:00+01:00,bus008,0.0
2030,sc01,11-30 03:00:00+01:00,bus105,0.0
2030,sc01,11-30 03:00:00+01:00,bus060,0.0
2030,sc01,11-30 03:00:00+01:00,bus016,0.0
2030,sc01,11-30 03:00:00+01:00,bus082,0.0
2030,sc01,11-30 03:00:00+01:00,bus047,0.0
2030,sc01,11-30 03:00:00+01:00,bus019,0.0
2030,sc01,11-30 03:00:00+01:00,bus037,0.0
2030,sc01,11-30 03:00:00+01:00,bus006,0.0
2030,sc01,11-30 03:00:00+01:00,bus080,0.0
2030,sc01,11-30 03:00:00+01:00,bus031,0.0
2030,sc01,11-30 03:00:00+01:00,bus048,0.0
2030,sc01,11-30 03:00:00+01:00,bus107,0.0
2030,sc01,11-30 03:00:00+01:00,bus049,0.0
2030,sc01,11-30 03:00:00+01:00,bus104,0.0
2030,sc01,11-30 03:00:00+01:00,bus100,0.0
2030,sc01,11-30 03:00:00+01:00,bus072,0.0
2030,sc01,11-30 03:00:00+01:00,bus039,0.0
2030,sc01,11-30 03:00:00+01:00,bus012,0.0
2030,sc01,11-30 03:00:00+01:00,bus114,0.0
2030,sc01,11-30 03:00:00+01:00,bus112,0.0
2030,sc01,11-30 03:00:00+01:00,bus058,0.0
2030,sc01,11-30 03:00:00+01:00,bus089,0.0
2030,sc01,11-30 03:00:00+01:00,bus051,0.0
2030,sc01,11-30 03:00:00+01:00,bus056,0.0
2030,sc01,11-30 03:00:00+01:00,bus092,0.0
2030,sc01,11-30 03:00:00+01:00,bus036,0.0
2030,sc01,11-30 03:00:00+01:00,bus094,0.0
2030,sc01,11-30 03:00:00+01:00,bus095,0.0
2030,sc01,11-30 03:00:00+01:00,bus113,0.0
2030,sc01,11-30 03:00:00+01:00,bus024,0.0
2030,sc01,11-30 03:00:00+01:00,bus078,0.0
2030,sc01,11-30 03:00:00+01:00,bus033,0.0
2030,sc01,11-30 03:00:00+01:00,bus079,0.0
2030,sc01,11-30 03:00:00+01:00,bus061,0.0
2030,sc01,11-30 03:00:00+01:00,bus118,0.0
2030,sc01,11-30 03:00:00+01:00,bus003,0.0
2030,sc01,11-30 03:00:00+01:00,bus070,0.0
2030,sc01,11-30 03:00:00+01:00,bus004,0.0
2030,sc01,11-30 03:00:00+01:00,bus021,0.0
2030,sc01,11-30 03:00:00+01:00,bus068,0.0
2030,sc01,11-30 03:00:00+01:00,bus028,0.0
2030,sc01,11-30 03:00:00+01:00,bus034,0.0
2030,sc01,11-30 03:00:00+01:00,bus075,0.0
2030,sc01,11-30 03:00:00+01:00,bus064,0.0
2030,sc01,11-30 03:00:00+01:00,bus106,0.0
2030,sc01,11-30 03:00:00+01:00,bus076,0.0
2030,sc01,11-30 03:00:00+01:00,bus046,0.0
2030,sc01,11-30 03:00:00+01:00,bus007,0.0
2030,sc01,11-30 03:00:00+01:00,bus035,0.0
2030,sc01,11-30 03:00:00+01:00,bus117,0.0
2030,sc01,11-30 03:00:00+01:00,bus041,0.0
2030,sc01,11-30 03:00:00+01:00,bus102,0.0
2030,sc01,11-30 03:00:00+01:00,bus026,0.0
2030,sc01,11-30 03:00:00+01:00,bus077,0.0
2030,sc01,11-30 03:00:00+01:00,bus044,0.0
2030,sc01,11-30 03:00:00+01:00,bus091,0.0
2030,sc01,11-30 03:00:00+01:00,bus062,0.0
2030,sc01,11-30 19:00:00+01:00,bus093,0.0
2030,sc01,11-30 19:00:00+01:00,bus097,0.0
2030,sc01,11-30 19:00:00+01:00,bus110,0.0
2030,sc01,11-30 19:00:00+01:00,bus042,0.0
2030,sc01,11-30 19:00:00+01:00,bus066,0.0
2030,sc01,11-30 19:00:00+01:00,bus059,0.0
2030,sc01,11-30 19:00:00+01:00,bus057,0.0
2030,sc01,11-30 19:00:00+01:00,bus067,0.0
2030,sc01,11-30 19:00:00+01:00,bus069,0.0
2030,sc01,11-30 19:00:00+01:00,bus014,0.0
2030,sc01,11-30 19:00:00+01:00,bus090,0.0
2030,sc01,11-30 19:00:00+01:00,bus002,0.0
2030,sc01,11-30 19:00:00+01:00,bus005,0.0
2030,sc01,11-30 19:00:00+01:00,bus109,0.0
2030,sc01,11-30 19:00:00+01:00,bus020,0.0
2030,sc01,11-30 19:00:00+01:00,bus065,0.0
2030,sc01,11-30 19:00:00+01:00,bus001,0.0
2030,sc01,11-30 19:00:00+01:00,bus017,0.0
2030,sc01,11-30 19:00:00+01:00,bus015,0.0
2030,sc01,11-30 19:00:00+01:00,bus054,0.0
2030,sc01,11-30 19:00:00+01:00,bus086,0.0
2030,sc01,11-30 19:00:00+01:00,bus032,0.0
2030,sc01,11-30 19:00:00+01:00,bus038,0.0
2030,sc01,11-30 19:00:00+01:00,bus108,0.0
2030,sc01,11-30 19:00:00+01:00,bus087,0.0
2030,sc01,11-30 19:00:00+01:00,bus027,0.0
2030,sc01,11-30 19:00:00+01:00,bus111,0.0
2030,sc01,11-30 19:00:00+01:00,bus025,0.0
2030,sc01,11-30 19:00:00+01:00,bus029,0.0
2030,sc01,11-30 19:00:00+01:00,bus009,0.0
2030,sc01,11-30 19:00:00+01:00,bus043,0.0
2030,sc01,11-30 19:00:00+01:00,bus045,0.0
2030,sc01,11-30 19:00:00+01:00,bus084,0.0
2030,sc01,11-30 19:00:00+01:00,bus013,0.0
2030,sc01,11-30 19:00:00+01:00,bus063,0.0
2030,sc01,11-30 19:00:00+01:00,bus115,0.0
2030,sc01,11-30 19:00:00+01:00,bus010,0.0
2030,sc01,11-30 19:00:00+01:00,bus073,0.0
2030,sc01,11-30 19:00:00+01:00,bus052,0.0
2030,sc01,11-30 19:00:00+01:00,bus096,0.0
2030,sc01,11-30 19:00:00+01:00,bus050,0.0
2030,sc01,11-30 19:00:00+01:00,bus011,0.0
2030,sc01,11-30 19:00:00+01:00,bus055,0.0
2030,sc01,11-30 19:00:00+01:00,bus083,0.0
2030,sc01,11-30 19:00:00+01:00,bus081,0.0
2030,sc01,11-30 19:00:00+01:00,bus022,0.0
2030,sc01,11-30 19:00:00+01:00,bus071,0.0
2030,sc01,11-30 19:00:00+01:00,bus074,0.0
2030,sc01,11-30 19:00:00+01:00,bus040,0.0
2030,sc01,11-30 19:00:00+01:00,bus099,0.0
2030,sc01,11-30 19:00:00+01:00,bus030,0.0
2030,sc01,11-30 19:00:00+01:00,bus098,0.0
2030,sc01,11-30 19:00:00+01:00,bus053,0.0
2030,sc01,11-30 19:00:00+01:00,bus085,0.0
2030,sc01,11-30 19:00:00+01:00,bus101,0.0
2030,sc01,11-30 19:00:00+01:00,bus018,0.0
2030,sc01,11-30 19:00:00+01:00,bus023,0.0
2030,sc01,11-30 19:00:00+01:00,bus088,0.0
2030,sc01,11-30 19:00:00+01:00,bus116,0.0
2030,sc01,11-30 19:00:00+01:00,bus103,0.0
2030,sc01,11-30 19:00:00+01:00,bus008,0.0
2030,sc01,11-30 19:00:00+01:00,bus105,0.0
2030,sc01,11-30 19:00:00+01:00,bus060,0.0
2030,sc01,11-30 19:00:00+01:00,bus016,0.0
2030,sc01,11-30 19:00:00+01:00,bus082,0.0
2030,sc01,11-30 19:00:00+01:00,bus047,0.0
2030,sc01,11-30 19:00:00+01:00,bus019,0.0
2030,sc01,11-30 19:00:00+01:00,bus037,0.0
2030,sc01,11-30 19:00:00+01:00,bus006,0.0
2030,sc01,11-30 19:00:00+01:00,bus080,0.0
2030,sc01,11-30 19:00:00+01:00,bus031,0.0
2030,sc01,11-30 19:00:00+01:00,bus048,0.0
2030,sc01,11-30 19:00:00+01:00,bus107,0.0
2030,sc01,11-30 19:00:00+01:00,bus049,0.0
2030,sc01,11-30 19:00:00+01:00,bus104,0.0
2030,sc01,11-30 19:00:00+01:00,bus100,0.0
2030,sc01,11-30 19:00:00+01:00,bus072,0.0
2030,sc01,11-30 19:00:00+01:00,bus039,0.0
2030,sc01,11-30 19:00:00+01:00,bus012,0.0
2030,sc01,11-30 19:00:00+01:00,bus114,0.0
2030,sc01,11-30 19:00:00+01:00,bus112,0.0
2030,sc01,11-30 19:00:00+01:00,bus058,0.0
2030,sc01,11-30 19:00:00+01:00,bus089,0.0
2030,sc01,11-30 19:00:00+01:00,bus051,0.0
2030,sc01,11-30 19:00:00+01:00,bus056,0.0
2030,sc01,11-30 19:00:00+01:00,bus092,0.0
2030,sc01,11-30 19:00:00+01:00,bus036,0.0
2030,sc01,11-30 19:00:00+01:00,bus094,0.0
2030,sc01,11-30 19:00:00+01:00,bus095,0.0
2030,sc01,11-30 19:00:00+01:00,bus113,0.0
2030,sc01,11-30 19:00:00+01:00,bus024,0.0
2030,sc01,11-30 19:00:00+01:00,bus078,0.0
2030,sc01,11-30 19:00:00+01:00,bus033,0.0
2030,sc01,11-30 19:00:00+01:00,bus079,0.0
2030,sc01,11-30 19:00:00+01:00,bus061,0.0
2030,sc01,11-30 19:00:00+01:00,bus118,0.0
2030,sc01,11-30 19:00:00+01:00,bus003,0.0
2030,sc01,11-30 19:00:00+01:00,bus070,0.0
2030,sc01,11-30 19:00:00+01:00,bus004,0.0
2030,sc01,11-30 19:00:00+01:00,bus021,0.0
2030,sc01,11-30 19:00:00+01:00,bus068,0.0
2030,sc01,11-30 19:00:00+01:00,bus028,0.0
2030,sc01,11-30 19:00:00+01:00,bus034,0.0
2030,sc01,11-30 19:00:00+01:00,bus075,0.0
2030,sc01,11-30 19:00:00+01:00,bus064,0.0
2030,sc01,11-30 19:00:00+01:00,bus106,0.0
2030,sc01,11-30 19:00:00+01:00,bus076,0.0
2030,sc01,11-30 19:00:00+01:00,bus046,0.0
2030,sc01,11-30 19:00:00+01:00,bus007,0.0
2030,sc01,11-30 19:00:00+01:00,bus035,0.0
2030,sc01,11-30 19:00:00+01:00,bus117,0.0
2030,sc01,11-30 19:00:00+01:00,bus041,0.0
2030,sc01,11-30 19:00:00+01:00,bus102,0.0
2030,sc01,11-30 19:00:00+01:00,bus026,0.0
2030,sc01,11-30 19:00:00+01:00,bus077,0.0
2030,sc01,11-30 19:00:00+01:00,bus044,0.0
2030,sc01,11-30 19:00:00+01:00,bus091,0.0
2030,sc01,11-30 19:00:00+01:00,bus062,0.0
2030,sc01,11-30 22:00:00+01:00,bus093,0.0
2030,sc01,11-30 22:00:00+01:00,bus097,0.0
2030,sc01,11-30 22:00:00+01:00,bus110,0.0
2030,sc01,11-30 22:00:00+01:00,bus042,0.0
2030,sc01,11-30 22:00:00+01:00,bus066,0.0
2030,sc01,11-30 22:00:00+01:00,bus059,0.0
2030,sc01,11-30 22:00:00+01:00,bus057,0.0
2030,sc01,11-30 22:00:00+01:00,bus067,0.0
2030,sc01,11-30 22:00:00+01:00,bus069,0.0
2030,sc01,11-30 22:00:00+01:00,bus014,0.0
2030,sc01,11-30 22:00:00+01:00,bus090,0.0
2030,sc01,11-30 22:00:00+01:00,bus002,0.0
2030,sc01,11-30 22:00:00+01:00,bus005,0.0
2030,sc01,11-30 22:00:00+01:00,bus109,0.0
2030,sc01,11-30 22:00:00+01:00,bus020,0.0
2030,sc01,11-30 22:00:00+01:00,bus065,0.0
2030,sc01,11-30 22:00:00+01:00,bus001,0.0
2030,sc01,11-30 22:00:00+01:00,bus017,0.0
2030,sc01,11-30 22:00:00+01:00,bus015,0.0
2030,sc01,11-30 22:00:00+01:00,bus054,0.0
2030,sc01,11-30 22:00:00+01:00,bus086,0.0
2030,sc01,11-30 22:00:00+01:00,bus032,0.0
2030,sc01,11-30 22:00:00+01:00,bus038,0.0
2030,sc01,11-30 22:00:00+01:00,bus108,0.0
2030,sc01,11-30 22:00:00+01:00,bus087,0.0
2030,sc01,11-30 22:00:00+01:00,bus027,0.0
2030,sc01,11-30 22:00:00+01:00,bus111,0.0
2030,sc01,11-30 22:00:00+01:00,bus025,0.0
2030,sc01,11-30 22:00:00+01:00,bus029,0.0
2030,sc01,11-30 22:00:00+01:00,bus009,0.0
2030,sc01,11-30 22:00:00+01:00,bus043,0.0
2030,sc01,11-30 22:00:00+01:00,bus045,0.0
2030,sc01,11-30 22:00:00+01:00,bus084,0.0
2030,sc01,11-30 22:00:00+01:00,bus013,0.0
2030,sc01,11-30 22:00:00+01:00,bus063,0.0
2030,sc01,11-30 22:00:00+01:00,bus115,0.0
2030,sc01,11-30 22:00:00+01:00,bus010,0.0
2030,sc01,11-30 22:00:00+01:00,bus073,0.0
2030,sc01,11-30 22:00:00+01:00,bus052,0.0
2030,sc01,11-30 22:00:00+01:00,bus096,0.0
2030,sc01,11-30 22:00:00+01:00,bus050,0.0
2030,sc01,11-30 22:00:00+01:00,bus011,0.0
2030,sc01,11-30 22:00:00+01:00,bus055,0.0
2030,sc01,11-30 22:00:00+01:00,bus083,0.0
2030,sc01,11-30 22:00:00+01:00,bus081,0.0
2030,sc01,11-30 22:00:00+01:00,bus022,0.0
2030,sc01,11-30 22:00:00+01:00,bus071,0.0
2030,sc01,11-30 22:00:00+01:00,bus074,0.0
2030,sc01,11-30 22:00:00+01:00,bus040,0.0
2030,sc01,11-30 22:00:00+01:00,bus099,0.0
2030,sc01,11-30 22:00:00+01:00,bus030,0.0
2030,sc01,11-30 22:00:00+01:00,bus098,0.0
2030,sc01,11-30 22:00:00+01:00,bus053,0.0
2030,sc01,11-30 22:00:00+01:00,bus085,0.0
2030,sc01,11-30 22:00:00+01:00,bus101,0.0
2030,sc01,11-30 22:00:00+01:00,bus018,0.0
2030,sc01,11-30 22:00:00+01:00,bus023,0.0
2030,sc01,11-30 22:00:00+01:00,bus088,0.0
2030,sc01,11-30 22:00:00+01:00,bus116,0.0
2030,sc01,11-30 22:00:00+01:00,bus103,0.0
2030,sc01,11-30 22:00:00+01:00,bus008,0.0
2030,sc01,11-30 22:00:00+01:00,bus105,0.0
2030,sc01,11-30 22:00:00+01:00,bus060,0.0
2030,sc01,11-30 22:00:00+01:00,bus016,0.0
2030,sc01,11-30 22:00:00+01:00,bus082,0.0
2030,sc01,11-30 22:00:00+01:00,bus047,0.0
2030,sc01,11-30 22:00:00+01:00,bus019,0.0
2030,sc01,11-30 22:00:00+01:00,bus037,0.0
2030,sc01,11-30 22:00:00+01:00,bus006,0.0
2030,sc01,11-30 22:00:00+01:00,bus080,0.0
2030,sc01,11-30 22:00:00+01:00,bus031,0.0
2030,sc01,11-30 22:00:00+01:00,bus048,0.0
2030,sc01,11-30 22:00:00+01:00,bus107,0.0
2030,sc01,11-30 22:00:00+01:00,bus049,0.0
2030,sc01,11-30 22:00:00+01:00,bus104,0.0
2030,sc01,11-30 22:00:00+01:00,bus100,0.0
2030,sc01,11-30 22:00:00+01:00,bus072,0.0
2030,sc01,11-30 22:00:00+01:00,bus039,0.0
2030,sc01,11-30 22:00:00+01:00,bus012,0.0
2030,sc01,11-30 22:00:00+01:00,bus114,0.0
2030,sc01,11-30 22:00:00+01:00,bus112,0.0
2030,sc01,11-30 22:00:00+01:00,bus058,0.0
2030,sc01,11-30 22:00:00+01:00,bus089,0.0
2030,sc01,11-30 22:00:00+01:00,bus051,0.0
2030,sc01,11-30 22:00:00+01:00,bus056,0.0
2030,sc01,11-30 22:00:00+01:00,bus092,0.0
2030,sc01,11-30 22:00:00+01:00,bus036,0.0
2030,sc01,11-30 22:00:00+01:00,bus094,0.0
2030,sc01,11-30 22:00:00+01:00,bus095,0.0
2030,sc01,11-30 22:00:00+01:00,bus113,0.0
2030,sc01,11-30 22:00:00+01:00,bus024,0.0
2030,sc01,11-30 22:00:00+01:00,bus078,0.0
2030,sc01,11-30 22:00:00+01:00,bus033,0.0
2030,sc01,11-30 22:00:00+01:00,bus079,0.0
2030,sc01,11-30 22:00:00+01:00,bus061,0.0
2030,sc01,11-30 22:00:00+01:00,bus118,0.0
2030,sc01,11-30 22:00:00+01:00,bus003,0.0
2030,sc01,11-30 22:00:00+01:00,bus070,0.0
2030,sc01,11-30 22:00:00+01:00,bus004,0.0
2030,sc01,11-30 22:00:00+01:00,bus021,0.0
2030,sc01,11-30 22:00:00+01:00,bus068,0.0
2030,sc01,11-30 22:00:00+01:00,bus028,0.0
2030,sc01,11-30 22:00:00+01:00,bus034,0.0
2030,sc01,11-30 22:00:00+01:00,bus075,0.0
2030,sc01,11-30 22:00:00+01:00,bus064,0.0
2030,sc01,11-30 22:00:00+01:00,bus106,0.0
2030,sc01,11-30 22:00:00+01:00,bus076,0.0
2030,sc01,11-30 22:00:00+01:00,bus046,0.0
2030,sc01,11-30 22:00:00+01:00,bus007,0.0
2030,sc01,11-30 22:00:00+01:00,bus035,0.0
2030,sc01,11-30 22:00:00+01:00,bus117,0.0
2030,sc01,11-30 22:00:00+01:00,bus041,0.0
2030,sc01,11-30 22:00:00+01:00,bus102,0.0
2030,sc01,11-30 22:00:00+01:00,bus026,0.0
2030,sc01,11-30 22:00:00+01:00,bus077,0.0
2030,sc01,11-30 22:00:00+01:00,bus044,0.0
2030,sc01,11-30 22:00:00+01:00,bus091,0.0
2030,sc01,11-30 22:00:00+01:00,bus062,0.0
2030,sc01,12-01 21:00:00+01:00,bus093,0.0
2030,sc01,12-01 21:00:00+01:00,bus097,0.0
2030,sc01,12-01 21:00:00+01:00,bus110,0.0
2030,sc01,12-01 21:00:00+01:00,bus042,0.0
2030,sc01,12-01 21:00:00+01:00,bus066,0.0
2030,sc01,12-01 21:00:00+01:00,bus059,0.0
2030,sc01,12-01 21:00:00+01:00,bus057,0.0
2030,sc01,12-01 21:00:00+01:00,bus067,0.0
2030,sc01,12-01 21:00:00+01:00,bus069,0.0
2030,sc01,12-01 21:00:00+01:00,bus014,0.0
2030,sc01,12-01 21:00:00+01:00,bus090,0.0
2030,sc01,12-01 21:00:00+01:00,bus002,0.0
2030,sc01,12-01 21:00:00+01:00,bus005,0.0
2030,sc01,12-01 21:00:00+01:00,bus109,0.0
2030,sc01,12-01 21:00:00+01:00,bus020,0.0
2030,sc01,12-01 21:00:00+01:00,bus065,0.0
2030,sc01,12-01 21:00:00+01:00,bus001,0.0
2030,sc01,12-01 21:00:00+01:00,bus017,0.0
2030,sc01,12-01 21:00:00+01:00,bus015,0.0
2030,sc01,12-01 21:00:00+01:00,bus054,0.0
2030,sc01,12-01 21:00:00+01:00,bus086,0.0
2030,sc01,12-01 21:00:00+01:00,bus032,0.0
2030,sc01,12-01 21:00:00+01:00,bus038,0.0
2030,sc01,12-01 21:00:00+01:00,bus108,0.0
2030,sc01,12-01 21:00:00+01:00,bus087,0.0
2030,sc01,12-01 21:00:00+01:00,bus027,0.0
2030,sc01,12-01 21:00:00+01:00,bus111,0.0
2030,sc01,12-01 21:00:00+01:00,bus025,0.0
2030,sc01,12-01 21:00:00+01:00,bus029,0.0
2030,sc01,12-01 21:00:00+01:00,bus009,0.0
2030,sc01,12-01 21:00:00+01:00,bus043,0.0
2030,sc01,12-01 21:00:00+01:00,bus045,0.0
2030,sc01,12-01 21:00:00+01:00,bus084,0.0
2030,sc01,12-01 21:00:00+01:00,bus013,0.0
2030,sc01,12-01 21:00:00+01:00,bus063,0.0
2030,sc01,12-01 21:00:00+01:00,bus115,0.0
2030,sc01,12-01 21:00:00+01:00,bus010,0.0
2030,sc01,12-01 21:00:00+01:00,bus073,0.0
2030,sc01,12-01 21:00:00+01:00,bus052,0.0
2030,sc01,12-01 21:00:00+01:00,bus096,0.0
2030,sc01,12-01 21:00:00+01:00,bus050,0.0
2030,sc01,12-01 21:00:00+01:00,bus011,0.0
2030,sc01,12-01 21:00:00+01:00,bus055,0.0
2030,sc01,12-01 21:00:00+01:00,bus083,0.0
2030,sc01,12-01 21:00:00+01:00,bus081,0.0
2030,sc01,12-01 21:00:00+01:00,bus022,0.0
2030,sc01,12-01 21:00:00+01:00,bus071,0.0
2030,sc01,12-01 21:00:00+01:00,bus074,0.0
2030,sc01,12-01 21:00:00+01:00,bus040,0.0
2030,sc01,12-01 21:00:00+01:00,bus099,0.0
2030,sc01,12-01 21:00:00+01:00,bus030,0.0
2030,sc01,12-01 21:00:00+01:00,bus098,0.0
2030,sc01,12-01 21:00:00+01:00,bus053,0.0
2030,sc01,12-01 21:00:00+01:00,bus085,0.0
2030,sc01,12-01 21:00:00+01:00,bus101,0.0
2030,sc01,12-01 21:00:00+01:00,bus018,0.0
2030,sc01,12-01 21:00:00+01:00,bus023,0.0
2030,sc01,12-01 21:00:00+01:00,bus088,0.0
2030,sc01,12-01 21:00:00+01:00,bus116,0.0
2030,sc01,12-01 21:00:00+01:00,bus103,0.0
2030,sc01,12-01 21:00:00+01:00,bus008,0.0
2030,sc01,12-01 21:00:00+01:00,bus105,0.0
2030,sc01,12-01 21:00:00+01:00,bus060,0.0
2030,sc01,12-01 21:00:00+01:00,bus016,0.0
2030,sc01,12-01 21:00:00+01:00,bus082,0.0
2030,sc01,12-01 21:00:00+01:00,bus047,0.0
2030,sc01,12-01 21:00:00+01:00,bus019,0.0
2030,sc01,12-01 21:00:00+01:00,bus037,0.0
2030,sc01,12-01 21:00:00+01:00,bus006,0.0
2030,sc01,12-01 21:00:00+01:00,bus080,0.0
2030,sc01,12-01 21:00:00+01:00,bus031,0.0
2030,sc01,12-01 21:00:00+01:00,bus048,0.0
2030,sc01,12-01 21:00:00+01:00,bus107,0.0
2030,sc01,12-01 21:00:00+01:00,bus049,0.0
2030,sc01,12-01 21:00:00+01:00,bus104,0.0
2030,sc01,12-01 21:00:00+01:00,bus100,0.0
2030,sc01,12-01 21:00:00+01:00,bus072,0.0
2030,sc01,12-01 21:00:00+01:00,bus039,0.0
2030,sc01,12-01 21:00:00+01:00,bus012,0.0
2030,sc01,12-01 21:00:00+01:00,bus114,0.0
2030,sc01,12-01 21:00:00+01:00,bus112,0.0
2030,sc01,12-01 21:00:00+01:00,bus058,0.0
2030,sc01,12-01 21:00:00+01:00,bus089,0.0
2030,sc01,12-01 21:00:00+01:00,bus051,0.0
2030,sc01,12-01 21:00:00+01:00,bus056,0.0
2030,sc01,12-01 21:00:00+01:00,bus092,0.0
2030,sc01,12-01 21:00:00+01:00,bus036,0.0
2030,sc01,12-01 21:00:00+01:00,bus094,0.0
2030,sc01,12-01 21:00:00+01:00,bus095,0.0
2030,sc01,12-01 21:00:00+01:00,bus113,0.0
2030,sc01,12-01 21:00:00+01:00,bus024,0.0
2030,sc01,12-01 21:00:00+01:00,bus078,0.0
2030,sc01,12-01 21:00:00+01:00,bus033,0.0
2030,sc01,12-01 21:00:00+01:00,bus079,0.0
2030,sc01,12-01 21:00:00+01:00,bus061,0.0
2030,sc01,12-01 21:00:00+01:00,bus118,0.0
2030,sc01,12-01 21:00:00+01:00,bus003,0.0
2030,sc01,12-01 21:00:00+01:00,bus070,0.0
2030,sc01,12-01 21:00:00+01:00,bus004,0.0
2030,sc01,12-01 21:00:00+01:00,bus021,0.0
2030,sc01,12-01 21:00:00+01:00,bus068,0.0
2030,sc01,12-01 21:00:00+01:00,bus028,0.0
2030,sc01,12-01 21:00:00+01:00,bus034,0.0
2030,sc01,12-01 21:00:00+01:00,bus075,0.0
2030,sc01,12-01 21:00:00+01:00,bus064,0.0
2030,sc01,12-01 21:00:00+01:00,bus106,0.0
2030,sc01,12-01 21:00:00+01:00,bus076,0.0
2030,sc01,12-01 21:00:00+01:00,bus046,0.0
2030,sc01,12-01 21:00:00+01:00,bus007,0.0
2030,sc01,12-01 21:00:00+01:00,bus035,0.0
2030,sc01,12-01 21:00:00+01:00,bus117,0.0
2030,sc01,12-01 21:00:00+01:00,bus041,0.0
2030,sc01,12-01 21:00:00+01:00,bus102,0.0
2030,sc01,12-01 21:00:00+01:00,bus026,0.0
2030,sc01,12-01 21:00:00+01:00,bus077,0.0
2030,sc01,12-01 21:00:00+01:00,bus044,0.0
2030,sc01,12-01 21:00:00+01:00,bus091,0.0
2030,sc01,12-01 21:00:00+01:00,bus062,0.0
2030,sc01,12-03 15:00:00+01:00,bus093,0.0
2030,sc01,12-03 15:00:00+01:00,bus097,0.0
2030,sc01,12-03 15:00:00+01:00,bus110,0.0
2030,sc01,12-03 15:00:00+01:00,bus042,0.0
2030,sc01,12-03 15:00:00+01:00,bus066,0.0
2030,sc01,12-03 15:00:00+01:00,bus059,0.0
2030,sc01,12-03 15:00:00+01:00,bus057,0.0
2030,sc01,12-03 15:00:00+01:00,bus067,0.0
2030,sc01,12-03 15:00:00+01:00,bus069,0.0
2030,sc01,12-03 15:00:00+01:00,bus014,0.0
2030,sc01,12-03 15:00:00+01:00,bus090,0.0
2030,sc01,12-03 15:00:00+01:00,bus002,0.0
2030,sc01,12-03 15:00:00+01:00,bus005,0.0
2030,sc01,12-03 15:00:00+01:00,bus109,0.0
2030,sc01,12-03 15:00:00+01:00,bus020,0.0
2030,sc01,12-03 15:00:00+01:00,bus065,0.0
2030,sc01,12-03 15:00:00+01:00,bus001,0.0
2030,sc01,12-03 15:00:00+01:00,bus017,0.0
2030,sc01,12-03 15:00:00+01:00,bus015,0.0
2030,sc01,12-03 15:00:00+01:00,bus054,0.0
2030,sc01,12-03 15:00:00+01:00,bus086,0.0
2030,sc01,12-03 15:00:00+01:00,bus032,0.0
2030,sc01,12-03 15:00:00+01:00,bus038,0.0
2030,sc01,12-03 15:00:00+01:00,bus108,0.0
2030,sc01,12-03 15:00:00+01:00,bus087,0.0
2030,sc01,12-03 15:00:00+01:00,bus027,0.0
2030,sc01,12-03 15:00:00+01:00,bus111,0.0
2030,sc01,12-03 15:00:00+01:00,bus025,0.0
2030,sc01,12-03 15:00:00+01:00,bus029,0.0
2030,sc01,12-03 15:00:00+01:00,bus009,0.0
2030,sc01,12-03 15:00:00+01:00,bus043,0.0
2030,sc01,12-03 15:00:00+01:00,bus045,0.0
2030,sc01,12-03 15:00:00+01:00,bus084,0.0
2030,sc01,12-03 15:00:00+01:00,bus013,0.0
2030,sc01,12-03 15:00:00+01:00,bus063,0.0
2030,sc01,12-03 15:00:00+01:00,bus115,0.0
2030,sc01,12-03 15:00:00+01:00,bus010,0.0
2030,sc01,12-03 15:00:00+01:00,bus073,0.0
2030,sc01,12-03 15:00:00+01:00,bus052,0.0
2030,sc01,12-03 15:00:00+01:00,bus096,0.0
2030,sc01,12-03 15:00:00+01:00,bus050,0.0
2030,sc01,12-03 15:00:00+01:00,bus011,0.0
2030,sc01,12-03 15:00:00+01:00,bus055,0.0
2030,sc01,12-03 15:00:00+01:00,bus083,0.0
2030,sc01,12-03 15:00:00+01:00,bus081,0.0
2030,sc01,12-03 15:00:00+01:00,bus022,0.0
2030,sc01,12-03 15:00:00+01:00,bus071,0.0
2030,sc01,12-03 15:00:00+01:00,bus074,0.0
2030,sc01,12-03 15:00:00+01:00,bus040,0.0
2030,sc01,12-03 15:00:00+01:00,bus099,0.0
2030,sc01,12-03 15:00:00+01:00,bus030,0.0
2030,sc01,12-03 15:00:00+01:00,bus098,0.0
2030,sc01,12-03 15:00:00+01:00,bus053,0.0
2030,sc01,12-03 15:00:00+01:00,bus085,0.0
2030,sc01,12-03 15:00:00+01:00,bus101,0.0
2030,sc01,12-03 15:00:00+01:00,bus018,0.0
2030,sc01,12-03 15:00:00+01:00,bus023,0.0
2030,sc01,12-03 15:00:00+01:00,bus088,0.0
2030,sc01,12-03 15:00:00+01:00,bus116,0.0
2030,sc01,12-03 15:00:00+01:00,bus103,0.0
2030,sc01,12-03 15:00:00+01:00,bus008,0.0
2030,sc01,12-03 15:00:00+01:00,bus105,0.0
2030,sc01,12-03 15:00:00+01:00,bus060,0.0
2030,sc01,12-03 15:00:00+01:00,bus016,0.0
2030,sc01,12-03 15:00:00+01:00,bus082,0.0
2030,sc01,12-03 15:00:00+01:00,bus047,0.0
2030,sc01,12-03 15:00:00+01:00,bus019,0.0
2030,sc01,12-03 15:00:00+01:00,bus037,0.0
2030,sc01,12-03 15:00:00+01:00,bus006,0.0
2030,sc01,12-03 15:00:00+01:00,bus080,0.0
2030,sc01,12-03 15:00:00+01:00,bus031,0.0
2030,sc01,12-03 15:00:00+01:00,bus048,0.0
2030,sc01,12-03 15:00:00+01:00,bus107,0.0
2030,sc01,12-03 15:00:00+01:00,bus049,0.0
2030,sc01,12-03 15:00:00+01:00,bus104,0.0
2030,sc01,12-03 15:00:00+01:00,bus100,0.0
2030,sc01,12-03 15:00:00+01:00,bus072,0.0
2030,sc01,12-03 15:00:00+01:00,bus039,0.0
2030,sc01,12-03 15:00:00+01:00,bus012,0.0
2030,sc01,12-03 15:00:00+01:00,bus114,0.0
2030,sc01,12-03 15:00:00+01:00,bus112,0.0
2030,sc01,12-03 15:00:00+01:00,bus058,0.0
2030,sc01,12-03 15:00:00+01:00,bus089,0.0
2030,sc01,12-03 15:00:00+01:00,bus051,0.0
2030,sc01,12-03 15:00:00+01:00,bus056,0.0
2030,sc01,12-03 15:00:00+01:00,bus092,0.0
2030,sc01,12-03 15:00:00+01:00,bus036,0.0
2030,sc01,12-03 15:00:00+01:00,bus094,0.0
2030,sc01,12-03 15:00:00+01:00,bus095,0.0
2030,sc01,12-03 15:00:00+01:00,bus113,0.0
2030,sc01,12-03 15:00:00+01:00,bus024,0.0
2030,sc01,12-03 15:00:00+01:00,bus078,0.0
2030,sc01,12-03 15:00:00+01:00,bus033,0.0
2030,sc01,12-03 15:00:00+01:00,bus079,0.0
2030,sc01,12-03 15:00:00+01:00,bus061,0.0
2030,sc01,12-03 15:00:00+01:00,bus118,0.0
2030,sc01,12-03 15:00:00+01:00,bus003,0.0
2030,sc01,12-03 15:00:00+01:00,bus070,0.0
2030,sc01,12-03 15:00:00+01:00,bus004,0.0
2030,sc01,12-03 15:00:00+01:00,bus021,0.0
2030,sc01,12-03 15:00:00+01:00,bus068,0.0
2030,sc01,12-03 15:00:00+01:00,bus028,0.0
2030,sc01,12-03 15:00:00+01:00,bus034,0.0
2030,sc01,12-03 15:00:00+01:00,bus075,0.0
2030,sc01,12-03 15:00:00+01:00,bus064,0.0
2030,sc01,12-03 15:00:00+01:00,bus106,0.0
2030,sc01,12-03 15:00:00+01:00,bus076,0.0
2030,sc01,12-03 15:00:00+01:00,bus046,0.0
2030,sc01,12-03 15:00:00+01:00,bus007,0.0
2030,sc01,12-03 15:00:00+01:00,bus035,0.0
2030,sc01,12-03 15:00:00+01:00,bus117,0.0
2030,sc01,12-03 15:00:00+01:00,bus041,0.0
2030,sc01,12-03 15:00:00+01:00,bus102,0.0
2030,sc01,12-03 15:00:00+01:00,bus026,0.0
2030,sc01,12-03 15:00:00+01:00,bus077,0.0
2030,sc01,12-03 15:00:00+01:00,bus044,0.0
2030,sc01,12-03 15:00:00+01:00,bus091,0.0
2030,sc01,12-03 15:00:00+01:00,bus062,0.0
2030,sc01,12-06 14:00:00+01:00,bus093,0.0
2030,sc01,12-06 14:00:00+01:00,bus097,0.0
2030,sc01,12-06 14:00:00+01:00,bus110,0.0
2030,sc01,12-06 14:00:00+01:00,bus042,0.0
2030,sc01,12-06 14:00:00+01:00,bus066,0.0
2030,sc01,12-06 14:00:00+01:00,bus059,0.0
2030,sc01,12-06 14:00:00+01:00,bus057,0.0
2030,sc01,12-06 14:00:00+01:00,bus067,0.0
2030,sc01,12-06 14:00:00+01:00,bus069,0.0
2030,sc01,12-06 14:00:00+01:00,bus014,0.0
2030,sc01,12-06 14:00:00+01:00,bus090,0.0
2030,sc01,12-06 14:00:00+01:00,bus002,0.0
2030,sc01,12-06 14:00:00+01:00,bus005,0.0
2030,sc01,12-06 14:00:00+01:00,bus109,0.0
2030,sc01,12-06 14:00:00+01:00,bus020,0.0
2030,sc01,12-06 14:00:00+01:00,bus065,0.0
2030,sc01,12-06 14:00:00+01:00,bus001,0.0
2030,sc01,12-06 14:00:00+01:00,bus017,0.0
2030,sc01,12-06 14:00:00+01:00,bus015,0.0
2030,sc01,12-06 14:00:00+01:00,bus054,0.0
2030,sc01,12-06 14:00:00+01:00,bus086,0.0
2030,sc01,12-06 14:00:00+01:00,bus032,0.0
2030,sc01,12-06 14:00:00+01:00,bus038,0.0
2030,sc01,12-06 14:00:00+01:00,bus108,0.0
2030,sc01,12-06 14:00:00+01:00,bus087,0.0
2030,sc01,12-06 14:00:00+01:00,bus027,0.0
2030,sc01,12-06 14:00:00+01:00,bus111,0.0
2030,sc01,12-06 14:00:00+01:00,bus025,0.0
2030,sc01,12-06 14:00:00+01:00,bus029,0.0
2030,sc01,12-06 14:00:00+01:00,bus009,0.0
2030,sc01,12-06 14:00:00+01:00,bus043,0.0
2030,sc01,12-06 14:00:00+01:00,bus045,0.0
2030,sc01,12-06 14:00:00+01:00,bus084,0.0
2030,sc01,12-06 14:00:00+01:00,bus013,0.0
2030,sc01,12-06 14:00:00+01:00,bus063,0.0
2030,sc01,12-06 14:00:00+01:00,bus115,0.0
2030,sc01,12-06 14:00:00+01:00,bus010,0.0
2030,sc01,12-06 14:00:00+01:00,bus073,0.0
2030,sc01,12-06 14:00:00+01:00,bus052,0.0
2030,sc01,12-06 14:00:00+01:00,bus096,0.0
2030,sc01,12-06 14:00:00+01:00,bus050,0.0
2030,sc01,12-06 14:00:00+01:00,bus011,0.0
2030,sc01,12-06 14:00:00+01:00,bus055,0.0
2030,sc01,12-06 14:00:00+01:00,bus083,0.0
2030,sc01,12-06 14:00:00+01:00,bus081,0.0
2030,sc01,12-06 14:00:00+01:00,bus022,0.0
2030,sc01,12-06 14:00:00+01:00,bus071,0.0
2030,sc01,12-06 14:00:00+01:00,bus074,0.0
2030,sc01,12-06 14:00:00+01:00,bus040,0.0
2030,sc01,12-06 14:00:00+01:00,bus099,0.0
2030,sc01,12-06 14:00:00+01:00,bus030,0.0
2030,sc01,12-06 14:00:00+01:00,bus098,0.0
2030,sc01,12-06 14:00:00+01:00,bus053,0.0
2030,sc01,12-06 14:00:00+01:00,bus085,0.0
2030,sc01,12-06 14:00:00+01:00,bus101,0.0
2030,sc01,12-06 14:00:00+01:00,bus018,0.0
2030,sc01,12-06 14:00:00+01:00,bus023,0.0
2030,sc01,12-06 14:00:00+01:00,bus088,0.0
2030,sc01,12-06 14:00:00+01:00,bus116,0.0
2030,sc01,12-06 14:00:00+01:00,bus103,0.0
2030,sc01,12-06 14:00:00+01:00,bus008,0.0
2030,sc01,12-06 14:00:00+01:00,bus105,0.0
2030,sc01,12-06 14:00:00+01:00,bus060,0.0
2030,sc01,12-06 14:00:00+01:00,bus016,0.0
2030,sc01,12-06 14:00:00+01:00,bus082,0.0
2030,sc01,12-06 14:00:00+01:00,bus047,0.0
2030,sc01,12-06 14:00:00+01:00,bus019,0.0
2030,sc01,12-06 14:00:00+01:00,bus037,0.0
2030,sc01,12-06 14:00:00+01:00,bus006,0.0
2030,sc01,12-06 14:00:00+01:00,bus080,0.0
2030,sc01,12-06 14:00:00+01:00,bus031,0.0
2030,sc01,12-06 14:00:00+01:00,bus048,0.0
2030,sc01,12-06 14:00:00+01:00,bus107,0.0
2030,sc01,12-06 14:00:00+01:00,bus049,0.0
2030,sc01,12-06 14:00:00+01:00,bus104,0.0
2030,sc01,12-06 14:00:00+01:00,bus100,0.0
2030,sc01,12-06 14:00:00+01:00,bus072,0.0
2030,sc01,12-06 14:00:00+01:00,bus039,0.0
2030,sc01,12-06 14:00:00+01:00,bus012,0.0
2030,sc01,12-06 14:00:00+01:00,bus114,0.0
2030,sc01,12-06 14:00:00+01:00,bus112,0.0
2030,sc01,12-06 14:00:00+01:00,bus058,0.0
2030,sc01,12-06 14:00:00+01:00,bus089,0.0
2030,sc01,12-06 14:00:00+01:00,bus051,0.0
2030,sc01,12-06 14:00:00+01:00,bus056,0.0
2030,sc01,12-06 14:00:00+01:00,bus092,0.0
2030,sc01,12-06 14:00:00+01:00,bus036,0.0
2030,sc01,12-06 14:00:00+01:00,bus094,0.0
2030,sc01,12-06 14:00:00+01:00,bus095,0.0
2030,sc01,12-06 14:00:00+01:00,bus113,0.0
2030,sc01,12-06 14:00:00+01:00,bus024,0.0
2030,sc01,12-06 14:00:00+01:00,bus078,0.0
2030,sc01,12-06 14:00:00+01:00,bus033,0.0
2030,sc01,12-06 14:00:00+01:00,bus079,0.0
2030,sc01,12-06 14:00:00+01:00,bus061,0.0
2030,sc01,12-06 14:00:00+01:00,bus118,0.0
2030,sc01,12-06 14:00:00+01:00,bus003,0.0
2030,sc01,12-06 14:00:00+01:00,bus070,0.0
2030,sc01,12-06 14:00:00+01:00,bus004,0.0
2030,sc01,12-06 14:00:00+01:00,bus021,0.0
2030,sc01,12-06 14:00:00+01:00,bus068,0.0
2030,sc01,12-06 14:00:00+01:00,bus028,0.0
2030,sc01,12-06 14:00:00+01:00,bus034,0.0
2030,sc01,12-06 14:00:00+01:00,bus075,0.0
2030,sc01,12-06 14:00:00+01:00,bus064,0.0
2030,sc01,12-06 14:00:00+01:00,bus106,0.0
2030,sc01,12-06 14:00:00+01:00,bus076,0.0
2030,sc01,12-06 14:00:00+01:00,bus046,0.0
2030,sc01,12-06 14:00:00+01:00,bus007,0.0
2030,sc01,12-06 14:00:00+01:00,bus035,0.0
2030,sc01,12-06 14:00:00+01:00,bus117,0.0
2030,sc01,12-06 14:00:00+01:00,bus041,0.0
2030,sc01,12-06 14:00:00+01:00,bus102,0.0
2030,sc01,12-06 14:00:00+01:00,bus026,0.0
2030,sc01,12-06 14:00:00+01:00,bus077,0.0
2030,sc01,12-06 14:00:00+01:00,bus044,0.0
2030,sc01,12-06 14:00:00+01:00,bus091,0.0
2030,sc01,12-06 14:00:00+01:00,bus062,0.0
2030,sc01,12-06 16:00:00+01:00,bus093,0.0
2030,sc01,12-06 16:00:00+01:00,bus097,0.0
2030,sc01,12-06 16:00:00+01:00,bus110,0.0
2030,sc01,12-06 16:00:00+01:00,bus042,0.0
2030,sc01,12-06 16:00:00+01:00,bus066,0.0
2030,sc01,12-06 16:00:00+01:00,bus059,0.0
2030,sc01,12-06 16:00:00+01:00,bus057,0.0
2030,sc01,12-06 16:00:00+01:00,bus067,0.0
2030,sc01,12-06 16:00:00+01:00,bus069,0.0
2030,sc01,12-06 16:00:00+01:00,bus014,0.0
2030,sc01,12-06 16:00:00+01:00,bus090,0.0
2030,sc01,12-06 16:00:00+01:00,bus002,0.0
2030,sc01,12-06 16:00:00+01:00,bus005,0.0
2030,sc01,12-06 16:00:00+01:00,bus109,0.0
2030,sc01,12-06 16:00:00+01:00,bus020,0.0
2030,sc01,12-06 16:00:00+01:00,bus065,0.0
2030,sc01,12-06 16:00:00+01:00,bus001,0.0
2030,sc01,12-06 16:00:00+01:00,bus017,0.0
2030,sc01,12-06 16:00:00+01:00,bus015,0.0
2030,sc01,12-06 16:00:00+01:00,bus054,0.0
2030,sc01,12-06 16:00:00+01:00,bus086,0.0
2030,sc01,12-06 16:00:00+01:00,bus032,0.0
2030,sc01,12-06 16:00:00+01:00,bus038,0.0
2030,sc01,12-06 16:00:00+01:00,bus108,0.0
2030,sc01,12-06 16:00:00+01:00,bus087,0.0
2030,sc01,12-06 16:00:00+01:00,bus027,0.0
2030,sc01,12-06 16:00:00+01:00,bus111,0.0
2030,sc01,12-06 16:00:00+01:00,bus025,0.0
2030,sc01,12-06 16:00:00+01:00,bus029,0.0
2030,sc01,12-06 16:00:00+01:00,bus009,0.0
2030,sc01,12-06 16:00:00+01:00,bus043,0.0
2030,sc01,12-06 16:00:00+01:00,bus045,0.0
2030,sc01,12-06 16:00:00+01:00,bus084,0.0
2030,sc01,12-06 16:00:00+01:00,bus013,0.0
2030,sc01,12-06 16:00:00+01:00,bus063,0.0
2030,sc01,12-06 16:00:00+01:00,bus115,0.0
2030,sc01,12-06 16:00:00+01:00,bus010,0.0
2030,sc01,12-06 16:00:00+01:00,bus073,0.0
2030,sc01,12-06 16:00:00+01:00,bus052,0.0
2030,sc01,12-06 16:00:00+01:00,bus096,0.0
2030,sc01,12-06 16:00:00+01:00,bus050,0.0
2030,sc01,12-06 16:00:00+01:00,bus011,0.0
2030,sc01,12-06 16:00:00+01:00,bus055,0.0
2030,sc01,12-06 16:00:00+01:00,bus083,0.0
2030,sc01,12-06 16:00:00+01:00,bus081,0.0
2030,sc01,12-06 16:00:00+01:00,bus022,0.0
2030,sc01,12-06 16:00:00+01:00,bus071,0.0
2030,sc01,12-06 16:00:00+01:00,bus074,0.0
2030,sc01,12-06 16:00:00+01:00,bus040,0.0
2030,sc01,12-06 16:00:00+01:00,bus099,0.0
2030,sc01,12-06 16:00:00+01:00,bus030,0.0
2030,sc01,12-06 16:00:00+01:00,bus098,0.0
2030,sc01,12-06 16:00:00+01:00,bus053,0.0
2030,sc01,12-06 16:00:00+01:00,bus085,0.0
2030,sc01,12-06 16:00:00+01:00,bus101,0.0
2030,sc01,12-06 16:00:00+01:00,bus018,0.0
2030,sc01,12-06 16:00:00+01:00,bus023,0.0
2030,sc01,12-06 16:00:00+01:00,bus088,0.0
2030,sc01,12-06 16:00:00+01:00,bus116,0.0
2030,sc01,12-06 16:00:00+01:00,bus103,0.0
2030,sc01,12-06 16:00:00+01:00,bus008,0.0
2030,sc01,12-06 16:00:00+01:00,bus105,0.0
2030,sc01,12-06 16:00:00+01:00,bus060,0.0
2030,sc01,12-06 16:00:00+01:00,bus016,0.0
2030,sc01,12-06 16:00:00+01:00,bus082,0.0
2030,sc01,12-06 16:00:00+01:00,bus047,0.0
2030,sc01,12-06 16:00:00+01:00,bus019,0.0
2030,sc01,12-06 16:00:00+01:00,bus037,0.0
2030,sc01,12-06 16:00:00+01:00,bus006,0.0
2030,sc01,12-06 16:00:00+01:00,bus080,0.0
2030,sc01,12-06 16:00:00+01:00,bus031,0.0
2030,sc01,12-06 16:00:00+01:00,bus048,0.0
2030,sc01,12-06 16:00:00+01:00,bus107,0.0
2030,sc01,12-06 16:00:00+01:00,bus049,0.0
2030,sc01,12-06 16:00:00+01:00,bus104,0.0
2030,sc01,12-06 16:00:00+01:00,bus100,0.0
2030,sc01,12-06 16:00:00+01:00,bus072,0.0
2030,sc01,12-06 16:00:00+01:00,bus039,0.0
2030,sc01,12-06 16:00:00+01:00,bus012,0.0
2030,sc01,12-06 16:00:00+01:00,bus114,0.0
2030,sc01,12-06 16:00:00+01:00,bus112,0.0
2030,sc01,12-06 16:00:00+01:00,bus058,0.0
2030,sc01,12-06 16:00:00+01:00,bus089,0.0
2030,sc01,12-06 16:00:00+01:00,bus051,0.0
2030,sc01,12-06 16:00:00+01:00,bus056,0.0
2030,sc01,12-06 16:00:00+01:00,bus092,0.0
2030,sc01,12-06 16:00:00+01:00,bus036,0.0
2030,sc01,12-06 16:00:00+01:00,bus094,0.0
2030,sc01,12-06 16:00:00+01:00,bus095,0.0
2030,sc01,12-06 16:00:00+01:00,bus113,0.0
2030,sc01,12-06 16:00:00+01:00,bus024,0.0
2030,sc01,12-06 16:00:00+01:00,bus078,0.0
2030,sc01,12-06 16:00:00+01:00,bus033,0.0
2030,sc01,12-06 16:00:00+01:00,bus079,0.0
2030,sc01,12-06 16:00:00+01:00,bus061,0.0
2030,sc01,12-06 16:00:00+01:00,bus118,0.0
2030,sc01,12-06 16:00:00+01:00,bus003,0.0
2030,sc01,12-06 16:00:00+01:00,bus070,0.0
2030,sc01,12-06 16:00:00+01:00,bus004,0.0
2030,sc01,12-06 16:00:00+01:00,bus021,0.0
2030,sc01,12-06 16:00:00+01:00,bus068,0.0
2030,sc01,12-06 16:00:00+01:00,bus028,0.0
2030,sc01,12-06 16:00:00+01:00,bus034,0.0
2030,sc01,12-06 16:00:00+01:00,bus075,0.0
2030,sc01,12-06 16:00:00+01:00,bus064,0.0
2030,sc01,12-06 16:00:00+01:00,bus106,0.0
2030,sc01,12-06 16:00:00+01:00,bus076,0.0
2030,sc01,12-06 16:00:00+01:00,bus046,0.0
2030,sc01,12-06 16:00:00+01:00,bus007,0.0
2030,sc01,12-06 16:00:00+01:00,bus035,0.0
2030,sc01,12-06 16:00:00+01:00,bus117,0.0
2030,sc01,12-06 16:00:00+01:00,bus041,0.0
2030,sc01,12-06 16:00:00+01:00,bus102,0.0
2030,sc01,12-06 16:00:00+01:00,bus026,0.0
2030,sc01,12-06 16:00:00+01:00,bus077,0.0
2030,sc01,12-06 16:00:00+01:00,bus044,0.0
2030,sc01,12-06 16:00:00+01:00,bus091,0.0
2030,sc01,12-06 16:00:00+01:00,bus062,0.0
2030,sc01,12-06 19:00:00+01:00,bus093,0.0
2030,sc01,12-06 19:00:00+01:00,bus097,0.0
2030,sc01,12-06 19:00:00+01:00,bus110,0.0
2030,sc01,12-06 19:00:00+01:00,bus042,0.0
2030,sc01,12-06 19:00:00+01:00,bus066,0.0
2030,sc01,12-06 19:00:00+01:00,bus059,0.0
2030,sc01,12-06 19:00:00+01:00,bus057,0.0
2030,sc01,12-06 19:00:00+01:00,bus067,0.0
2030,sc01,12-06 19:00:00+01:00,bus069,0.0
2030,sc01,12-06 19:00:00+01:00,bus014,0.0
2030,sc01,12-06 19:00:00+01:00,bus090,0.0
2030,sc01,12-06 19:00:00+01:00,bus002,0.0
2030,sc01,12-06 19:00:00+01:00,bus005,0.0
2030,sc01,12-06 19:00:00+01:00,bus109,0.0
2030,sc01,12-06 19:00:00+01:00,bus020,0.0
2030,sc01,12-06 19:00:00+01:00,bus065,0.0
2030,sc01,12-06 19:00:00+01:00,bus001,0.0
2030,sc01,12-06 19:00:00+01:00,bus017,0.0
2030,sc01,12-06 19:00:00+01:00,bus015,0.0
2030,sc01,12-06 19:00:00+01:00,bus054,0.0
2030,sc01,12-06 19:00:00+01:00,bus086,0.0
2030,sc01,12-06 19:00:00+01:00,bus032,0.0
2030,sc01,12-06 19:00:00+01:00,bus038,0.0
2030,sc01,12-06 19:00:00+01:00,bus108,0.0
2030,sc01,12-06 19:00:00+01:00,bus087,0.0
2030,sc01,12-06 19:00:00+01:00,bus027,0.0
2030,sc01,12-06 19:00:00+01:00,bus111,0.0
2030,sc01,12-06 19:00:00+01:00,bus025,0.0
2030,sc01,12-06 19:00:00+01:00,bus029,0.0
2030,sc01,12-06 19:00:00+01:00,bus009,0.0
2030,sc01,12-06 19:00:00+01:00,bus043,0.0
2030,sc01,12-06 19:00:00+01:00,bus045,0.0
2030,sc01,12-06 19:00:00+01:00,bus084,0.0
2030,sc01,12-06 19:00:00+01:00,bus013,0.0
2030,sc01,12-06 19:00:00+01:00,bus063,0.0
2030,sc01,12-06 19:00:00+01:00,bus115,0.0
2030,sc01,12-06 19:00:00+01:00,bus010,0.0
2030,sc01,12-06 19:00:00+01:00,bus073,0.0
2030,sc01,12-06 19:00:00+01:00,bus052,0.0
2030,sc01,12-06 19:00:00+01:00,bus096,0.0
2030,sc01,12-06 19:00:00+01:00,bus050,0.0
2030,sc01,12-06 19:00:00+01:00,bus011,0.0
2030,sc01,12-06 19:00:00+01:00,bus055,0.0
2030,sc01,12-06 19:00:00+01:00,bus083,0.0
2030,sc01,12-06 19:00:00+01:00,bus081,0.0
2030,sc01,12-06 19:00:00+01:00,bus022,0.0
2030,sc01,12-06 19:00:00+01:00,bus071,0.0
2030,sc01,12-06 19:00:00+01:00,bus074,0.0
2030,sc01,12-06 19:00:00+01:00,bus040,0.0
2030,sc01,12-06 19:00:00+01:00,bus099,0.0
2030,sc01,12-06 19:00:00+01:00,bus030,0.0
2030,sc01,12-06 19:00:00+01:00,bus098,0.0
2030,sc01,12-06 19:00:00+01:00,bus053,0.0
2030,sc01,12-06 19:00:00+01:00,bus085,0.0
2030,sc01,12-06 19:00:00+01:00,bus101,0.0
2030,sc01,12-06 19:00:00+01:00,bus018,0.0
2030,sc01,12-06 19:00:00+01:00,bus023,0.0
2030,sc01,12-06 19:00:00+01:00,bus088,0.0
2030,sc01,12-06 19:00:00+01:00,bus116,0.0
2030,sc01,12-06 19:00:00+01:00,bus103,0.0
2030,sc01,12-06 19:00:00+01:00,bus008,0.0
2030,sc01,12-06 19:00:00+01:00,bus105,0.0
2030,sc01,12-06 19:00:00+01:00,bus060,0.0
2030,sc01,12-06 19:00:00+01:00,bus016,0.0
2030,sc01,12-06 19:00:00+01:00,bus082,0.0
2030,sc01,12-06 19:00:00+01:00,bus047,0.0
2030,sc01,12-06 19:00:00+01:00,bus019,0.0
2030,sc01,12-06 19:00:00+01:00,bus037,0.0
2030,sc01,12-06 19:00:00+01:00,bus006,0.0
2030,sc01,12-06 19:00:00+01:00,bus080,0.0
2030,sc01,12-06 19:00:00+01:00,bus031,0.0
2030,sc01,12-06 19:00:00+01:00,bus048,0.0
2030,sc01,12-06 19:00:00+01:00,bus107,0.0
2030,sc01,12-06 19:00:00+01:00,bus049,0.0
2030,sc01,12-06 19:00:00+01:00,bus104,0.0
2030,sc01,12-06 19:00:00+01:00,bus100,0.0
2030,sc01,12-06 19:00:00+01:00,bus072,0.0
2030,sc01,12-06 19:00:00+01:00,bus039,0.0
2030,sc01,12-06 19:00:00+01:00,bus012,0.0
2030,sc01,12-06 19:00:00+01:00,bus114,0.0
2030,sc01,12-06 19:00:00+01:00,bus112,0.0
2030,sc01,12-06 19:00:00+01:00,bus058,0.0
2030,sc01,12-06 19:00:00+01:00,bus089,0.0
2030,sc01,12-06 19:00:00+01:00,bus051,0.0
2030,sc01,12-06 19:00:00+01:00,bus056,0.0
2030,sc01,12-06 19:00:00+01:00,bus092,0.0
2030,sc01,12-06 19:00:00+01:00,bus036,0.0
2030,sc01,12-06 19:00:00+01:00,bus094,0.0
2030,sc01,12-06 19:00:00+01:00,bus095,0.0
2030,sc01,12-06 19:00:00+01:00,bus113,0.0
2030,sc01,12-06 19:00:00+01:00,bus024,0.0
2030,sc01,12-06 19:00:00+01:00,bus078,0.0
2030,sc01,12-06 19:00:00+01:00,bus033,0.0
2030,sc01,12-06 19:00:00+01:00,bus079,0.0
2030,sc01,12-06 19:00:00+01:00,bus061,0.0
2030,sc01,12-06 19:00:00+01:00,bus118,0.0
2030,sc01,12-06 19:00:00+01:00,bus003,0.0
2030,sc01,12-06 19:00:00+01:00,bus070,0.0
2030,sc01,12-06 19:00:00+01:00,bus004,0.0
2030,sc01,12-06 19:00:00+01:00,bus021,0.0
2030,sc01,12-06 19:00:00+01:00,bus068,0.0
2030,sc01,12-06 19:00:00+01:00,bus028,0.0
2030,sc01,12-06 19:00:00+01:00,bus034,0.0
2030,sc01,12-06 19:00:00+01:00,bus075,0.0
2030,sc01,12-06 19:00:00+01:00,bus064,0.0
2030,sc01,12-06 19:00:00+01:00,bus106,0.0
2030,sc01,12-06 19:00:00+01:00,bus076,0.0
2030,sc01,12-06 19:00:00+01:00,bus046,0.0
2030,sc01,12-06 19:00:00+01:00,bus007,0.0
2030,sc01,12-06 19:00:00+01:00,bus035,0.0
2030,sc01,12-06 19:00:00+01:00,bus117,0.0
2030,sc01,12-06 19:00:00+01:00,bus041,0.0
2030,sc01,12-06 19:00:00+01:00,bus102,0.0
2030,sc01,12-06 19:00:00+01:00,bus026,0.0
2030,sc01,12-06 19:00:00+01:00,bus077,0.0
2030,sc01,12-06 19:00:00+01:00,bus044,0.0
2030,sc01,12-06 19:00:00+01:00,bus091,0.0
2030,sc01,12-06 19:00:00+01:00,bus062,0.0
2030,sc01,12-08 00:00:00+01:00,bus093,0.0
2030,sc01,12-08 00:00:00+01:00,bus097,0.0
2030,sc01,12-08 00:00:00+01:00,bus110,0.0
2030,sc01,12-08 00:00:00+01:00,bus042,0.0
2030,sc01,12-08 00:00:00+01:00,bus066,0.0
2030,sc01,12-08 00:00:00+01:00,bus059,0.0
2030,sc01,12-08 00:00:00+01:00,bus057,0.0
2030,sc01,12-08 00:00:00+01:00,bus067,0.0
2030,sc01,12-08 00:00:00+01:00,bus069,0.0
2030,sc01,12-08 00:00:00+01:00,bus014,0.0
2030,sc01,12-08 00:00:00+01:00,bus090,0.0
2030,sc01,12-08 00:00:00+01:00,bus002,0.0
2030,sc01,12-08 00:00:00+01:00,bus005,0.0
2030,sc01,12-08 00:00:00+01:00,bus109,0.0
2030,sc01,12-08 00:00:00+01:00,bus020,0.0
2030,sc01,12-08 00:00:00+01:00,bus065,0.0
2030,sc01,12-08 00:00:00+01:00,bus001,0.0
2030,sc01,12-08 00:00:00+01:00,bus017,0.0
2030,sc01,12-08 00:00:00+01:00,bus015,0.0
2030,sc01,12-08 00:00:00+01:00,bus054,0.0
2030,sc01,12-08 00:00:00+01:00,bus086,0.0
2030,sc01,12-08 00:00:00+01:00,bus032,0.0
2030,sc01,12-08 00:00:00+01:00,bus038,0.0
2030,sc01,12-08 00:00:00+01:00,bus108,0.0
2030,sc01,12-08 00:00:00+01:00,bus087,0.0
2030,sc01,12-08 00:00:00+01:00,bus027,0.0
2030,sc01,12-08 00:00:00+01:00,bus111,0.0
2030,sc01,12-08 00:00:00+01:00,bus025,0.0
2030,sc01,12-08 00:00:00+01:00,bus029,0.0
2030,sc01,12-08 00:00:00+01:00,bus009,0.0
2030,sc01,12-08 00:00:00+01:00,bus043,0.0
2030,sc01,12-08 00:00:00+01:00,bus045,0.0
2030,sc01,12-08 00:00:00+01:00,bus084,0.0
2030,sc01,12-08 00:00:00+01:00,bus013,0.0
2030,sc01,12-08 00:00:00+01:00,bus063,0.0
2030,sc01,12-08 00:00:00+01:00,bus115,0.0
2030,sc01,12-08 00:00:00+01:00,bus010,0.0
2030,sc01,12-08 00:00:00+01:00,bus073,0.0
2030,sc01,12-08 00:00:00+01:00,bus052,0.0
2030,sc01,12-08 00:00:00+01:00,bus096,0.0
2030,sc01,12-08 00:00:00+01:00,bus050,0.0
2030,sc01,12-08 00:00:00+01:00,bus011,0.0
2030,sc01,12-08 00:00:00+01:00,bus055,0.0
2030,sc01,12-08 00:00:00+01:00,bus083,0.0
2030,sc01,12-08 00:00:00+01:00,bus081,0.0
2030,sc01,12-08 00:00:00+01:00,bus022,0.0
2030,sc01,12-08 00:00:00+01:00,bus071,0.0
2030,sc01,12-08 00:00:00+01:00,bus074,0.0
2030,sc01,12-08 00:00:00+01:00,bus040,0.0
2030,sc01,12-08 00:00:00+01:00,bus099,0.0
2030,sc01,12-08 00:00:00+01:00,bus030,0.0
2030,sc01,12-08 00:00:00+01:00,bus098,0.0
2030,sc01,12-08 00:00:00+01:00,bus053,0.0
2030,sc01,12-08 00:00:00+01:00,bus085,0.0
2030,sc01,12-08 00:00:00+01:00,bus101,0.0
2030,sc01,12-08 00:00:00+01:00,bus018,0.0
2030,sc01,12-08 00:00:00+01:00,bus023,0.0
2030,sc01,12-08 00:00:00+01:00,bus088,0.0
2030,sc01,12-08 00:00:00+01:00,bus116,0.0
2030,sc01,12-08 00:00:00+01:00,bus103,0.0
2030,sc01,12-08 00:00:00+01:00,bus008,0.0
2030,sc01,12-08 00:00:00+01:00,bus105,0.0
2030,sc01,12-08 00:00:00+01:00,bus060,0.0
2030,sc01,12-08 00:00:00+01:00,bus016,0.0
2030,sc01,12-08 00:00:00+01:00,bus082,0.0
2030,sc01,12-08 00:00:00+01:00,bus047,0.0
2030,sc01,12-08 00:00:00+01:00,bus019,0.0
2030,sc01,12-08 00:00:00+01:00,bus037,0.0
2030,sc01,12-08 00:00:00+01:00,bus006,0.0
2030,sc01,12-08 00:00:00+01:00,bus080,0.0
2030,sc01,12-08 00:00:00+01:00,bus031,0.0
2030,sc01,12-08 00:00:00+01:00,bus048,0.0
2030,sc01,12-08 00:00:00+01:00,bus107,0.0
2030,sc01,12-08 00:00:00+01:00,bus049,0.0
2030,sc01,12-08 00:00:00+01:00,bus104,0.0
2030,sc01,12-08 00:00:00+01:00,bus100,0.0
2030,sc01,12-08 00:00:00+01:00,bus072,0.0
2030,sc01,12-08 00:00:00+01:00,bus039,0.0
2030,sc01,12-08 00:00:00+01:00,bus012,0.0
2030,sc01,12-08 00:00:00+01:00,bus114,0.0
2030,sc01,12-08 00:00:00+01:00,bus112,0.0
2030,sc01,12-08 00:00:00+01:00,bus058,0.0
2030,sc01,12-08 00:00:00+01:00,bus089,0.0
2030,sc01,12-08 00:00:00+01:00,bus051,0.0
2030,sc01,12-08 00:00:00+01:00,bus056,0.0
2030,sc01,12-08 00:00:00+01:00,bus092,0.0
2030,sc01,12-08 00:00:00+01:00,bus036,0.0
2030,sc01,12-08 00:00:00+01:00,bus094,0.0
2030,sc01,12-08 00:00:00+01:00,bus095,0.0
2030,sc01,12-08 00:00:00+01:00,bus113,0.0
2030,sc01,12-08 00:00:00+01:00,bus024,0.0
2030,sc01,12-08 00:00:00+01:00,bus078,0.0
2030,sc01,12-08 00:00:00+01:00,bus033,0.0
2030,sc01,12-08 00:00:00+01:00,bus079,0.0
2030,sc01,12-08 00:00:00+01:00,bus061,0.0
2030,sc01,12-08 00:00:00+01:00,bus118,0.0
2030,sc01,12-08 00:00:00+01:00,bus003,0.0
2030,sc01,12-08 00:00:00+01:00,bus070,0.0
2030,sc01,12-08 00:00:00+01:00,bus004,0.0
2030,sc01,12-08 00:00:00+01:00,bus021,0.0
2030,sc01,12-08 00:00:00+01:00,bus068,0.0
2030,sc01,12-08 00:00:00+01:00,bus028,0.0
2030,sc01,12-08 00:00:00+01:00,bus034,0.0
2030,sc01,12-08 00:00:00+01:00,bus075,0.0
2030,sc01,12-08 00:00:00+01:00,bus064,0.0
2030,sc01,12-08 00:00:00+01:00,bus106,0.0
2030,sc01,12-08 00:00:00+01:00,bus076,0.0
2030,sc01,12-08 00:00:00+01:00,bus046,0.0
2030,sc01,12-08 00:00:00+01:00,bus007,0.0
2030,sc01,12-08 00:00:00+01:00,bus035,0.0
2030,sc01,12-08 00:00:00+01:00,bus117,0.0
2030,sc01,12-08 00:00:00+01:00,bus041,0.0
2030,sc01,12-08 00:00:00+01:00,bus102,0.0
2030,sc01,12-08 00:00:00+01:00,bus026,0.0
2030,sc01,12-08 00:00:00+01:00,bus077,0.0
2030,sc01,12-08 00:00:00+01:00,bus044,0.0
2030,sc01,12-08 00:00:00+01:00,bus091,0.0
2030,sc01,12-08 00:00:00+01:00,bus062,0.0
2030,sc01,12-08 18:00:00+01:00,bus093,0.0
2030,sc01,12-08 18:00:00+01:00,bus097,0.0
2030,sc01,12-08 18:00:00+01:00,bus110,0.0
2030,sc01,12-08 18:00:00+01:00,bus042,0.0
2030,sc01,12-08 18:00:00+01:00,bus066,0.0
2030,sc01,12-08 18:00:00+01:00,bus059,0.0
2030,sc01,12-08 18:00:00+01:00,bus057,0.0
2030,sc01,12-08 18:00:00+01:00,bus067,0.0
2030,sc01,12-08 18:00:00+01:00,bus069,0.0
2030,sc01,12-08 18:00:00+01:00,bus014,0.0
2030,sc01,12-08 18:00:00+01:00,bus090,0.0
2030,sc01,12-08 18:00:00+01:00,bus002,0.0
2030,sc01,12-08 18:00:00+01:00,bus005,0.0
2030,sc01,12-08 18:00:00+01:00,bus109,0.0
2030,sc01,12-08 18:00:00+01:00,bus020,0.0
2030,sc01,12-08 18:00:00+01:00,bus065,0.0
2030,sc01,12-08 18:00:00+01:00,bus001,0.0
2030,sc01,12-08 18:00:00+01:00,bus017,0.0
2030,sc01,12-08 18:00:00+01:00,bus015,0.0
2030,sc01,12-08 18:00:00+01:00,bus054,0.0
2030,sc01,12-08 18:00:00+01:00,bus086,0.0
2030,sc01,12-08 18:00:00+01:00,bus032,0.0
2030,sc01,12-08 18:00:00+01:00,bus038,0.0
2030,sc01,12-08 18:00:00+01:00,bus108,0.0
2030,sc01,12-08 18:00:00+01:00,bus087,0.0
2030,sc01,12-08 18:00:00+01:00,bus027,0.0
2030,sc01,12-08 18:00:00+01:00,bus111,0.0
2030,sc01,12-08 18:00:00+01:00,bus025,0.0
2030,sc01,12-08 18:00:00+01:00,bus029,0.0
2030,sc01,12-08 18:00:00+01:00,bus009,0.0
2030,sc01,12-08 18:00:00+01:00,bus043,0.0
2030,sc01,12-08 18:00:00+01:00,bus045,0.0
2030,sc01,12-08 18:00:00+01:00,bus084,0.0
2030,sc01,12-08 18:00:00+01:00,bus013,0.0
2030,sc01,12-08 18:00:00+01:00,bus063,0.0
2030,sc01,12-08 18:00:00+01:00,bus115,0.0
2030,sc01,12-08 18:00:00+01:00,bus010,0.0
2030,sc01,12-08 18:00:00+01:00,bus073,0.0
2030,sc01,12-08 18:00:00+01:00,bus052,0.0
2030,sc01,12-08 18:00:00+01:00,bus096,0.0
2030,sc01,12-08 18:00:00+01:00,bus050,0.0
2030,sc01,12-08 18:00:00+01:00,bus011,0.0
2030,sc01,12-08 18:00:00+01:00,bus055,0.0
2030,sc01,12-08 18:00:00+01:00,bus083,0.0
2030,sc01,12-08 18:00:00+01:00,bus081,0.0
2030,sc01,12-08 18:00:00+01:00,bus022,0.0
2030,sc01,12-08 18:00:00+01:00,bus071,0.0
2030,sc01,12-08 18:00:00+01:00,bus074,0.0
2030,sc01,12-08 18:00:00+01:00,bus040,0.0
2030,sc01,12-08 18:00:00+01:00,bus099,0.0
2030,sc01,12-08 18:00:00+01:00,bus030,0.0
2030,sc01,12-08 18:00:00+01:00,bus098,0.0
2030,sc01,12-08 18:00:00+01:00,bus053,0.0
2030,sc01,12-08 18:00:00+01:00,bus085,0.0
2030,sc01,12-08 18:00:00+01:00,bus101,0.0
2030,sc01,12-08 18:00:00+01:00,bus018,0.0
2030,sc01,12-08 18:00:00+01:00,bus023,0.0
2030,sc01,12-08 18:00:00+01:00,bus088,0.0
2030,sc01,12-08 18:00:00+01:00,bus116,0.0
2030,sc01,12-08 18:00:00+01:00,bus103,0.0
2030,sc01,12-08 18:00:00+01:00,bus008,0.0
2030,sc01,12-08 18:00:00+01:00,bus105,0.0
2030,sc01,12-08 18:00:00+01:00,bus060,0.0
2030,sc01,12-08 18:00:00+01:00,bus016,0.0
2030,sc01,12-08 18:00:00+01:00,bus082,0.0
2030,sc01,12-08 18:00:00+01:00,bus047,0.0
2030,sc01,12-08 18:00:00+01:00,bus019,0.0
2030,sc01,12-08 18:00:00+01:00,bus037,0.0
2030,sc01,12-08 18:00:00+01:00,bus006,0.0
2030,sc01,12-08 18:00:00+01:00,bus080,0.0
2030,sc01,12-08 18:00:00+01:00,bus031,0.0
2030,sc01,12-08 18:00:00+01:00,bus048,0.0
2030,sc01,12-08 18:00:00+01:00,bus107,0.0
2030,sc01,12-08 18:00:00+01:00,bus049,0.0
2030,sc01,12-08 18:00:00+01:00,bus104,0.0
2030,sc01,12-08 18:00:00+01:00,bus100,0.0
2030,sc01,12-08 18:00:00+01:00,bus072,0.0
2030,sc01,12-08 18:00:00+01:00,bus039,0.0
2030,sc01,12-08 18:00:00+01:00,bus012,0.0
2030,sc01,12-08 18:00:00+01:00,bus114,0.0
2030,sc01,12-08 18:00:00+01:00,bus112,0.0
2030,sc01,12-08 18:00:00+01:00,bus058,0.0
2030,sc01,12-08 18:00:00+01:00,bus089,0.0
2030,sc01,12-08 18:00:00+01:00,bus051,0.0
2030,sc01,12-08 18:00:00+01:00,bus056,0.0
2030,sc01,12-08 18:00:00+01:00,bus092,0.0
2030,sc01,12-08 18:00:00+01:00,bus036,0.0
2030,sc01,12-08 18:00:00+01:00,bus094,0.0
2030,sc01,12-08 18:00:00+01:00,bus095,0.0
2030,sc01,12-08 18:00:00+01:00,bus113,0.0
2030,sc01,12-08 18:00:00+01:00,bus024,0.0
2030,sc01,12-08 18:00:00+01:00,bus078,0.0
2030,sc01,12-08 18:00:00+01:00,bus033,0.0
2030,sc01,12-08 18:00:00+01:00,bus079,0.0
2030,sc01,12-08 18:00:00+01:00,bus061,0.0
2030,sc01,12-08 18:00:00+01:00,bus118,0.0
2030,sc01,12-08 18:00:00+01:00,bus003,0.0
2030,sc01,12-08 18:00:00+01:00,bus070,0.0
2030,sc01,12-08 18:00:00+01:00,bus004,0.0
2030,sc01,12-08 18:00:00+01:00,bus021,0.0
2030,sc01,12-08 18:00:00+01:00,bus068,0.0
2030,sc01,12-08 18:00:00+01:00,bus028,0.0
2030,sc01,12-08 18:00:00+01:00,bus034,0.0
2030,sc01,12-08 18:00:00+01:00,bus075,0.0
2030,sc01,12-08 18:00:00+01:00,bus064,0.0
2030,sc01,12-08 18:00:00+01:00,bus106,0.0
2030,sc01,12-08 18:00:00+01:00,bus076,0.0
2030,sc01,12-08 18:00:00+01:00,bus046,0.0
2030,sc01,12-08 18:00:00+01:00,bus007,0.0
2030,sc01,12-08 18:00:00+01:00,bus035,0.0
2030,sc01,12-08 18:00:00+01:00,bus117,0.0
2030,sc01,12-08 18:00:00+01:00,bus041,0.0
2030,sc01,12-08 18:00:00+01:00,bus102,0.0
2030,sc01,12-08 18:00:00+01:00,bus026,0.0
2030,sc01,12-08 18:00:00+01:00,bus077,0.0
2030,sc01,12-08 18:00:00+01:00,bus044,0.0
2030,sc01,12-08 18:00:00+01:00,bus091,0.0
2030,sc01,12-08 18:00:00+01:00,bus062,0.0
2030,sc01,12-10 00:00:00+01:00,bus093,0.0
2030,sc01,12-10 00:00:00+01:00,bus097,0.0
2030,sc01,12-10 00:00:00+01:00,bus110,0.0
2030,sc01,12-10 00:00:00+01:00,bus042,0.0
2030,sc01,12-10 00:00:00+01:00,bus066,0.0
2030,sc01,12-10 00:00:00+01:00,bus059,0.0
2030,sc01,12-10 00:00:00+01:00,bus057,0.0
2030,sc01,12-10 00:00:00+01:00,bus067,0.0
2030,sc01,12-10 00:00:00+01:00,bus069,0.0
2030,sc01,12-10 00:00:00+01:00,bus014,0.0
2030,sc01,12-10 00:00:00+01:00,bus090,0.0
2030,sc01,12-10 00:00:00+01:00,bus002,0.0
2030,sc01,12-10 00:00:00+01:00,bus005,0.0
2030,sc01,12-10 00:00:00+01:00,bus109,0.0
2030,sc01,12-10 00:00:00+01:00,bus020,0.0
2030,sc01,12-10 00:00:00+01:00,bus065,0.0
2030,sc01,12-10 00:00:00+01:00,bus001,0.0
2030,sc01,12-10 00:00:00+01:00,bus017,0.0
2030,sc01,12-10 00:00:00+01:00,bus015,0.0
2030,sc01,12-10 00:00:00+01:00,bus054,0.0
2030,sc01,12-10 00:00:00+01:00,bus086,0.0
2030,sc01,12-10 00:00:00+01:00,bus032,0.0
2030,sc01,12-10 00:00:00+01:00,bus038,0.0
2030,sc01,12-10 00:00:00+01:00,bus108,0.0
2030,sc01,12-10 00:00:00+01:00,bus087,0.0
2030,sc01,12-10 00:00:00+01:00,bus027,0.0
2030,sc01,12-10 00:00:00+01:00,bus111,0.0
2030,sc01,12-10 00:00:00+01:00,bus025,0.0
2030,sc01,12-10 00:00:00+01:00,bus029,0.0
2030,sc01,12-10 00:00:00+01:00,bus009,0.0
2030,sc01,12-10 00:00:00+01:00,bus043,0.0
2030,sc01,12-10 00:00:00+01:00,bus045,0.0
2030,sc01,12-10 00:00:00+01:00,bus084,0.0
2030,sc01,12-10 00:00:00+01:00,bus013,0.0
2030,sc01,12-10 00:00:00+01:00,bus063,0.0
2030,sc01,12-10 00:00:00+01:00,bus115,0.0
2030,sc01,12-10 00:00:00+01:00,bus010,0.0
2030,sc01,12-10 00:00:00+01:00,bus073,0.0
2030,sc01,12-10 00:00:00+01:00,bus052,0.0
2030,sc01,12-10 00:00:00+01:00,bus096,0.0
2030,sc01,12-10 00:00:00+01:00,bus050,0.0
2030,sc01,12-10 00:00:00+01:00,bus011,0.0
2030,sc01,12-10 00:00:00+01:00,bus055,0.0
2030,sc01,12-10 00:00:00+01:00,bus083,0.0
2030,sc01,12-10 00:00:00+01:00,bus081,0.0
2030,sc01,12-10 00:00:00+01:00,bus022,0.0
2030,sc01,12-10 00:00:00+01:00,bus071,0.0
2030,sc01,12-10 00:00:00+01:00,bus074,0.0
2030,sc01,12-10 00:00:00+01:00,bus040,0.0
2030,sc01,12-10 00:00:00+01:00,bus099,0.0
2030,sc01,12-10 00:00:00+01:00,bus030,0.0
2030,sc01,12-10 00:00:00+01:00,bus098,0.0
2030,sc01,12-10 00:00:00+01:00,bus053,0.0
2030,sc01,12-10 00:00:00+01:00,bus085,0.0
2030,sc01,12-10 00:00:00+01:00,bus101,0.0
2030,sc01,12-10 00:00:00+01:00,bus018,0.0
2030,sc01,12-10 00:00:00+01:00,bus023,0.0
2030,sc01,12-10 00:00:00+01:00,bus088,0.0
2030,sc01,12-10 00:00:00+01:00,bus116,0.0
2030,sc01,12-10 00:00:00+01:00,bus103,0.0
2030,sc01,12-10 00:00:00+01:00,bus008,0.0
2030,sc01,12-10 00:00:00+01:00,bus105,0.0
2030,sc01,12-10 00:00:00+01:00,bus060,0.0
2030,sc01,12-10 00:00:00+01:00,bus016,0.0
2030,sc01,12-10 00:00:00+01:00,bus082,0.0
2030,sc01,12-10 00:00:00+01:00,bus047,0.0
2030,sc01,12-10 00:00:00+01:00,bus019,0.0
2030,sc01,12-10 00:00:00+01:00,bus037,0.0
2030,sc01,12-10 00:00:00+01:00,bus006,0.0
2030,sc01,12-10 00:00:00+01:00,bus080,0.0
2030,sc01,12-10 00:00:00+01:00,bus031,0.0
2030,sc01,12-10 00:00:00+01:00,bus048,0.0
2030,sc01,12-10 00:00:00+01:00,bus107,0.0
2030,sc01,12-10 00:00:00+01:00,bus049,0.0
2030,sc01,12-10 00:00:00+01:00,bus104,0.0
2030,sc01,12-10 00:00:00+01:00,bus100,0.0
2030,sc01,12-10 00:00:00+01:00,bus072,0.0
2030,sc01,12-10 00:00:00+01:00,bus039,0.0
2030,sc01,12-10 00:00:00+01:00,bus012,0.0
2030,sc01,12-10 00:00:00+01:00,bus114,0.0
2030,sc01,12-10 00:00:00+01:00,bus112,0.0
2030,sc01,12-10 00:00:00+01:00,bus058,0.0
2030,sc01,12-10 00:00:00+01:00,bus089,0.0
2030,sc01,12-10 00:00:00+01:00,bus051,0.0
2030,sc01,12-10 00:00:00+01:00,bus056,0.0
2030,sc01,12-10 00:00:00+01:00,bus092,0.0
2030,sc01,12-10 00:00:00+01:00,bus036,0.0
2030,sc01,12-10 00:00:00+01:00,bus094,0.0
2030,sc01,12-10 00:00:00+01:00,bus095,0.0
2030,sc01,12-10 00:00:00+01:00,bus113,0.0
2030,sc01,12-10 00:00:00+01:00,bus024,0.0
2030,sc01,12-10 00:00:00+01:00,bus078,0.0
2030,sc01,12-10 00:00:00+01:00,bus033,0.0
2030,sc01,12-10 00:00:00+01:00,bus079,0.0
2030,sc01,12-10 00:00:00+01:00,bus061,0.0
2030,sc01,12-10 00:00:00+01:00,bus118,0.0
2030,sc01,12-10 00:00:00+01:00,bus003,0.0
2030,sc01,12-10 00:00:00+01:00,bus070,0.0
2030,sc01,12-10 00:00:00+01:00,bus004,0.0
2030,sc01,12-10 00:00:00+01:00,bus021,0.0
2030,sc01,12-10 00:00:00+01:00,bus068,0.0
2030,sc01,12-10 00:00:00+01:00,bus028,0.0
2030,sc01,12-10 00:00:00+01:00,bus034,0.0
2030,sc01,12-10 00:00:00+01:00,bus075,0.0
2030,sc01,12-10 00:00:00+01:00,bus064,0.0
2030,sc01,12-10 00:00:00+01:00,bus106,0.0
2030,sc01,12-10 00:00:00+01:00,bus076,0.0
2030,sc01,12-10 00:00:00+01:00,bus046,0.0
2030,sc01,12-10 00:00:00+01:00,bus007,0.0
2030,sc01,12-10 00:00:00+01:00,bus035,0.0
2030,sc01,12-10 00:00:00+01:00,bus117,0.0
2030,sc01,12-10 00:00:00+01:00,bus041,0.0
2030,sc01,12-10 00:00:00+01:00,bus102,0.0
2030,sc01,12-10 00:00:00+01:00,bus026,0.0
2030,sc01,12-10 00:00:00+01:00,bus077,0.0
2030,sc01,12-10 00:00:00+01:00,bus044,0.0
2030,sc01,12-10 00:00:00+01:00,bus091,0.0
2030,sc01,12-10 00:00:00+01:00,bus062,0.0
2030,sc01,12-11 07:00:00+01:00,bus093,0.0
2030,sc01,12-11 07:00:00+01:00,bus097,0.0
2030,sc01,12-11 07:00:00+01:00,bus110,0.0
2030,sc01,12-11 07:00:00+01:00,bus042,0.0
2030,sc01,12-11 07:00:00+01:00,bus066,0.0
2030,sc01,12-11 07:00:00+01:00,bus059,0.0
2030,sc01,12-11 07:00:00+01:00,bus057,0.0
2030,sc01,12-11 07:00:00+01:00,bus067,0.0
2030,sc01,12-11 07:00:00+01:00,bus069,0.0
2030,sc01,12-11 07:00:00+01:00,bus014,0.0
2030,sc01,12-11 07:00:00+01:00,bus090,0.0
2030,sc01,12-11 07:00:00+01:00,bus002,0.0
2030,sc01,12-11 07:00:00+01:00,bus005,0.0
2030,sc01,12-11 07:00:00+01:00,bus109,0.0
2030,sc01,12-11 07:00:00+01:00,bus020,0.0
2030,sc01,12-11 07:00:00+01:00,bus065,0.0
2030,sc01,12-11 07:00:00+01:00,bus001,0.0
2030,sc01,12-11 07:00:00+01:00,bus017,0.0
2030,sc01,12-11 07:00:00+01:00,bus015,0.0
2030,sc01,12-11 07:00:00+01:00,bus054,0.0
2030,sc01,12-11 07:00:00+01:00,bus086,0.0
2030,sc01,12-11 07:00:00+01:00,bus032,0.0
2030,sc01,12-11 07:00:00+01:00,bus038,0.0
2030,sc01,12-11 07:00:00+01:00,bus108,0.0
2030,sc01,12-11 07:00:00+01:00,bus087,0.0
2030,sc01,12-11 07:00:00+01:00,bus027,0.0
2030,sc01,12-11 07:00:00+01:00,bus111,0.0
2030,sc01,12-11 07:00:00+01:00,bus025,0.0
2030,sc01,12-11 07:00:00+01:00,bus029,0.0
2030,sc01,12-11 07:00:00+01:00,bus009,0.0
2030,sc01,12-11 07:00:00+01:00,bus043,0.0
2030,sc01,12-11 07:00:00+01:00,bus045,0.0
2030,sc01,12-11 07:00:00+01:00,bus084,0.0
2030,sc01,12-11 07:00:00+01:00,bus013,0.0
2030,sc01,12-11 07:00:00+01:00,bus063,0.0
2030,sc01,12-11 07:00:00+01:00,bus115,0.0
2030,sc01,12-11 07:00:00+01:00,bus010,0.0
2030,sc01,12-11 07:00:00+01:00,bus073,0.0
2030,sc01,12-11 07:00:00+01:00,bus052,0.0
2030,sc01,12-11 07:00:00+01:00,bus096,0.0
2030,sc01,12-11 07:00:00+01:00,bus050,0.0
2030,sc01,12-11 07:00:00+01:00,bus011,0.0
2030,sc01,12-11 07:00:00+01:00,bus055,0.0
2030,sc01,12-11 07:00:00+01:00,bus083,0.0
2030,sc01,12-11 07:00:00+01:00,bus081,0.0
2030,sc01,12-11 07:00:00+01:00,bus022,0.0
2030,sc01,12-11 07:00:00+01:00,bus071,0.0
2030,sc01,12-11 07:00:00+01:00,bus074,0.0
2030,sc01,12-11 07:00:00+01:00,bus040,0.0
2030,sc01,12-11 07:00:00+01:00,bus099,0.0
2030,sc01,12-11 07:00:00+01:00,bus030,0.0
2030,sc01,12-11 07:00:00+01:00,bus098,0.0
2030,sc01,12-11 07:00:00+01:00,bus053,0.0
2030,sc01,12-11 07:00:00+01:00,bus085,0.0
2030,sc01,12-11 07:00:00+01:00,bus101,0.0
2030,sc01,12-11 07:00:00+01:00,bus018,0.0
2030,sc01,12-11 07:00:00+01:00,bus023,0.0
2030,sc01,12-11 07:00:00+01:00,bus088,0.0
2030,sc01,12-11 07:00:00+01:00,bus116,0.0
2030,sc01,12-11 07:00:00+01:00,bus103,0.0
2030,sc01,12-11 07:00:00+01:00,bus008,0.0
2030,sc01,12-11 07:00:00+01:00,bus105,0.0
2030,sc01,12-11 07:00:00+01:00,bus060,0.0
2030,sc01,12-11 07:00:00+01:00,bus016,0.0
2030,sc01,12-11 07:00:00+01:00,bus082,0.0
2030,sc01,12-11 07:00:00+01:00,bus047,0.0
2030,sc01,12-11 07:00:00+01:00,bus019,0.0
2030,sc01,12-11 07:00:00+01:00,bus037,0.0
2030,sc01,12-11 07:00:00+01:00,bus006,0.0
2030,sc01,12-11 07:00:00+01:00,bus080,0.0
2030,sc01,12-11 07:00:00+01:00,bus031,0.0
2030,sc01,12-11 07:00:00+01:00,bus048,0.0
2030,sc01,12-11 07:00:00+01:00,bus107,0.0
2030,sc01,12-11 07:00:00+01:00,bus049,0.0
2030,sc01,12-11 07:00:00+01:00,bus104,0.0
2030,sc01,12-11 07:00:00+01:00,bus100,0.0
2030,sc01,12-11 07:00:00+01:00,bus072,0.0
2030,sc01,12-11 07:00:00+01:00,bus039,0.0
2030,sc01,12-11 07:00:00+01:00,bus012,0.0
2030,sc01,12-11 07:00:00+01:00,bus114,0.0
2030,sc01,12-11 07:00:00+01:00,bus112,0.0
2030,sc01,12-11 07:00:00+01:00,bus058,0.0
2030,sc01,12-11 07:00:00+01:00,bus089,0.0
2030,sc01,12-11 07:00:00+01:00,bus051,0.0
2030,sc01,12-11 07:00:00+01:00,bus056,0.0
2030,sc01,12-11 07:00:00+01:00,bus092,0.0
2030,sc01,12-11 07:00:00+01:00,bus036,0.0
2030,sc01,12-11 07:00:00+01:00,bus094,0.0
2030,sc01,12-11 07:00:00+01:00,bus095,0.0
2030,sc01,12-11 07:00:00+01:00,bus113,0.0
2030,sc01,12-11 07:00:00+01:00,bus024,0.0
2030,sc01,12-11 07:00:00+01:00,bus078,0.0
2030,sc01,12-11 07:00:00+01:00,bus033,0.0
2030,sc01,12-11 07:00:00+01:00,bus079,0.0
2030,sc01,12-11 07:00:00+01:00,bus061,0.0
2030,sc01,12-11 07:00:00+01:00,bus118,0.0
2030,sc01,12-11 07:00:00+01:00,bus003,0.0
2030,sc01,12-11 07:00:00+01:00,bus070,0.0
2030,sc01,12-11 07:00:00+01:00,bus004,0.0
2030,sc01,12-11 07:00:00+01:00,bus021,0.0
2030,sc01,12-11 07:00:00+01:00,bus068,0.0
2030,sc01,12-11 07:00:00+01:00,bus028,0.0
2030,sc01,12-11 07:00:00+01:00,bus034,0.0
2030,sc01,12-11 07:00:00+01:00,bus075,0.0
2030,sc01,12-11 07:00:00+01:00,bus064,0.0
2030,sc01,12-11 07:00:00+01:00,bus106,0.0
2030,sc01,12-11 07:00:00+01:00,bus076,0.0
2030,sc01,12-11 07:00:00+01:00,bus046,0.0
2030,sc01,12-11 07:00:00+01:00,bus007,0.0
2030,sc01,12-11 07:00:00+01:00,bus035,0.0
2030,sc01,12-11 07:00:00+01:00,bus117,0.0
2030,sc01,12-11 07:00:00+01:00,bus041,0.0
2030,sc01,12-11 07:00:00+01:00,bus102,0.0
2030,sc01,12-11 07:00:00+01:00,bus026,0.0
2030,sc01,12-11 07:00:00+01:00,bus077,0.0
2030,sc01,12-11 07:00:00+01:00,bus044,0.0
2030,sc01,12-11 07:00:00+01:00,bus091,0.0
2030,sc01,12-11 07:00:00+01:00,bus062,0.0
2030,sc01,12-11 14:00:00+01:00,bus093,0.0
2030,sc01,12-11 14:00:00+01:00,bus097,0.0
2030,sc01,12-11 14:00:00+01:00,bus110,0.0
2030,sc01,12-11 14:00:00+01:00,bus042,0.0
2030,sc01,12-11 14:00:00+01:00,bus066,0.0
2030,sc01,12-11 14:00:00+01:00,bus059,0.0
2030,sc01,12-11 14:00:00+01:00,bus057,0.0
2030,sc01,12-11 14:00:00+01:00,bus067,0.0
2030,sc01,12-11 14:00:00+01:00,bus069,0.0
2030,sc01,12-11 14:00:00+01:00,bus014,0.0
2030,sc01,12-11 14:00:00+01:00,bus090,0.0
2030,sc01,12-11 14:00:00+01:00,bus002,0.0
2030,sc01,12-11 14:00:00+01:00,bus005,0.0
2030,sc01,12-11 14:00:00+01:00,bus109,0.0
2030,sc01,12-11 14:00:00+01:00,bus020,0.0
2030,sc01,12-11 14:00:00+01:00,bus065,0.0
2030,sc01,12-11 14:00:00+01:00,bus001,0.0
2030,sc01,12-11 14:00:00+01:00,bus017,0.0
2030,sc01,12-11 14:00:00+01:00,bus015,0.0
2030,sc01,12-11 14:00:00+01:00,bus054,0.0
2030,sc01,12-11 14:00:00+01:00,bus086,0.0
2030,sc01,12-11 14:00:00+01:00,bus032,0.0
2030,sc01,12-11 14:00:00+01:00,bus038,0.0
2030,sc01,12-11 14:00:00+01:00,bus108,0.0
2030,sc01,12-11 14:00:00+01:00,bus087,0.0
2030,sc01,12-11 14:00:00+01:00,bus027,0.0
2030,sc01,12-11 14:00:00+01:00,bus111,0.0
2030,sc01,12-11 14:00:00+01:00,bus025,0.0
2030,sc01,12-11 14:00:00+01:00,bus029,0.0
2030,sc01,12-11 14:00:00+01:00,bus009,0.0
2030,sc01,12-11 14:00:00+01:00,bus043,0.0
2030,sc01,12-11 14:00:00+01:00,bus045,0.0
2030,sc01,12-11 14:00:00+01:00,bus084,0.0
2030,sc01,12-11 14:00:00+01:00,bus013,0.0
2030,sc01,12-11 14:00:00+01:00,bus063,0.0
2030,sc01,12-11 14:00:00+01:00,bus115,0.0
2030,sc01,12-11 14:00:00+01:00,bus010,0.0
2030,sc01,12-11 14:00:00+01:00,bus073,0.0
2030,sc01,12-11 14:00:00+01:00,bus052,0.0
2030,sc01,12-11 14:00:00+01:00,bus096,0.0
2030,sc01,12-11 14:00:00+01:00,bus050,0.0
2030,sc01,12-11 14:00:00+01:00,bus011,0.0
2030,sc01,12-11 14:00:00+01:00,bus055,0.0
2030,sc01,12-11 14:00:00+01:00,bus083,0.0
2030,sc01,12-11 14:00:00+01:00,bus081,0.0
2030,sc01,12-11 14:00:00+01:00,bus022,0.0
2030,sc01,12-11 14:00:00+01:00,bus071,0.0
2030,sc01,12-11 14:00:00+01:00,bus074,0.0
2030,sc01,12-11 14:00:00+01:00,bus040,0.0
2030,sc01,12-11 14:00:00+01:00,bus099,0.0
2030,sc01,12-11 14:00:00+01:00,bus030,0.0
2030,sc01,12-11 14:00:00+01:00,bus098,0.0
2030,sc01,12-11 14:00:00+01:00,bus053,0.0
2030,sc01,12-11 14:00:00+01:00,bus085,0.0
2030,sc01,12-11 14:00:00+01:00,bus101,0.0
2030,sc01,12-11 14:00:00+01:00,bus018,0.0
2030,sc01,12-11 14:00:00+01:00,bus023,0.0
2030,sc01,12-11 14:00:00+01:00,bus088,0.0
2030,sc01,12-11 14:00:00+01:00,bus116,0.0
2030,sc01,12-11 14:00:00+01:00,bus103,0.0
2030,sc01,12-11 14:00:00+01:00,bus008,0.0
2030,sc01,12-11 14:00:00+01:00,bus105,0.0
2030,sc01,12-11 14:00:00+01:00,bus060,0.0
2030,sc01,12-11 14:00:00+01:00,bus016,0.0
2030,sc01,12-11 14:00:00+01:00,bus082,0.0
2030,sc01,12-11 14:00:00+01:00,bus047,0.0
2030,sc01,12-11 14:00:00+01:00,bus019,0.0
2030,sc01,12-11 14:00:00+01:00,bus037,0.0
2030,sc01,12-11 14:00:00+01:00,bus006,0.0
2030,sc01,12-11 14:00:00+01:00,bus080,0.0
2030,sc01,12-11 14:00:00+01:00,bus031,0.0
2030,sc01,12-11 14:00:00+01:00,bus048,0.0
2030,sc01,12-11 14:00:00+01:00,bus107,0.0
2030,sc01,12-11 14:00:00+01:00,bus049,0.0
2030,sc01,12-11 14:00:00+01:00,bus104,0.0
2030,sc01,12-11 14:00:00+01:00,bus100,0.0
2030,sc01,12-11 14:00:00+01:00,bus072,0.0
2030,sc01,12-11 14:00:00+01:00,bus039,0.0
2030,sc01,12-11 14:00:00+01:00,bus012,0.0
2030,sc01,12-11 14:00:00+01:00,bus114,0.0
2030,sc01,12-11 14:00:00+01:00,bus112,0.0
2030,sc01,12-11 14:00:00+01:00,bus058,0.0
2030,sc01,12-11 14:00:00+01:00,bus089,0.0
2030,sc01,12-11 14:00:00+01:00,bus051,0.0
2030,sc01,12-11 14:00:00+01:00,bus056,0.0
2030,sc01,12-11 14:00:00+01:00,bus092,0.0
2030,sc01,12-11 14:00:00+01:00,bus036,0.0
2030,sc01,12-11 14:00:00+01:00,bus094,0.0
2030,sc01,12-11 14:00:00+01:00,bus095,0.0
2030,sc01,12-11 14:00:00+01:00,bus113,0.0
2030,sc01,12-11 14:00:00+01:00,bus024,0.0
2030,sc01,12-11 14:00:00+01:00,bus078,0.0
2030,sc01,12-11 14:00:00+01:00,bus033,0.0
2030,sc01,12-11 14:00:00+01:00,bus079,0.0
2030,sc01,12-11 14:00:00+01:00,bus061,0.0
2030,sc01,12-11 14:00:00+01:00,bus118,0.0
2030,sc01,12-11 14:00:00+01:00,bus003,0.0
2030,sc01,12-11 14:00:00+01:00,bus070,0.0
2030,sc01,12-11 14:00:00+01:00,bus004,0.0
2030,sc01,12-11 14:00:00+01:00,bus021,0.0
2030,sc01,12-11 14:00:00+01:00,bus068,0.0
2030,sc01,12-11 14:00:00+01:00,bus028,0.0
2030,sc01,12-11 14:00:00+01:00,bus034,0.0
2030,sc01,12-11 14:00:00+01:00,bus075,0.0
2030,sc01,12-11 14:00:00+01:00,bus064,0.0
2030,sc01,12-11 14:00:00+01:00,bus106,0.0
2030,sc01,12-11 14:00:00+01:00,bus076,0.0
2030,sc01,12-11 14:00:00+01:00,bus046,0.0
2030,sc01,12-11 14:00:00+01:00,bus007,0.0
2030,sc01,12-11 14:00:00+01:00,bus035,0.0
2030,sc01,12-11 14:00:00+01:00,bus117,0.0
2030,sc01,12-11 14:00:00+01:00,bus041,0.0
2030,sc01,12-11 14:00:00+01:00,bus102,0.0
2030,sc01,12-11 14:00:00+01:00,bus026,0.0
2030,sc01,12-11 14:00:00+01:00,bus077,0.0
2030,sc01,12-11 14:00:00+01:00,bus044,0.0
2030,sc01,12-11 14:00:00+01:00,bus091,0.0
2030,sc01,12-11 14:00:00+01:00,bus062,0.0
2030,sc01,12-11 20:00:00+01:00,bus093,0.0
2030,sc01,12-11 20:00:00+01:00,bus097,0.0
2030,sc01,12-11 20:00:00+01:00,bus110,0.0
2030,sc01,12-11 20:00:00+01:00,bus042,0.0
2030,sc01,12-11 20:00:00+01:00,bus066,0.0
2030,sc01,12-11 20:00:00+01:00,bus059,0.0
2030,sc01,12-11 20:00:00+01:00,bus057,0.0
2030,sc01,12-11 20:00:00+01:00,bus067,0.0
2030,sc01,12-11 20:00:00+01:00,bus069,0.0
2030,sc01,12-11 20:00:00+01:00,bus014,0.0
2030,sc01,12-11 20:00:00+01:00,bus090,0.0
2030,sc01,12-11 20:00:00+01:00,bus002,0.0
2030,sc01,12-11 20:00:00+01:00,bus005,0.0
2030,sc01,12-11 20:00:00+01:00,bus109,0.0
2030,sc01,12-11 20:00:00+01:00,bus020,0.0
2030,sc01,12-11 20:00:00+01:00,bus065,0.0
2030,sc01,12-11 20:00:00+01:00,bus001,0.0
2030,sc01,12-11 20:00:00+01:00,bus017,0.0
2030,sc01,12-11 20:00:00+01:00,bus015,0.0
2030,sc01,12-11 20:00:00+01:00,bus054,0.0
2030,sc01,12-11 20:00:00+01:00,bus086,0.0
2030,sc01,12-11 20:00:00+01:00,bus032,0.0
2030,sc01,12-11 20:00:00+01:00,bus038,0.0
2030,sc01,12-11 20:00:00+01:00,bus108,0.0
2030,sc01,12-11 20:00:00+01:00,bus087,0.0
2030,sc01,12-11 20:00:00+01:00,bus027,0.0
2030,sc01,12-11 20:00:00+01:00,bus111,0.0
2030,sc01,12-11 20:00:00+01:00,bus025,0.0
2030,sc01,12-11 20:00:00+01:00,bus029,0.0
2030,sc01,12-11 20:00:00+01:00,bus009,0.0
2030,sc01,12-11 20:00:00+01:00,bus043,0.0
2030,sc01,12-11 20:00:00+01:00,bus045,0.0
2030,sc01,12-11 20:00:00+01:00,bus084,0.0
2030,sc01,12-11 20:00:00+01:00,bus013,0.0
2030,sc01,12-11 20:00:00+01:00,bus063,0.0
2030,sc01,12-11 20:00:00+01:00,bus115,0.0
2030,sc01,12-11 20:00:00+01:00,bus010,0.0
2030,sc01,12-11 20:00:00+01:00,bus073,0.0
2030,sc01,12-11 20:00:00+01:00,bus052,0.0
2030,sc01,12-11 20:00:00+01:00,bus096,0.0
2030,sc01,12-11 20:00:00+01:00,bus050,0.0
2030,sc01,12-11 20:00:00+01:00,bus011,0.0
2030,sc01,12-11 20:00:00+01:00,bus055,0.0
2030,sc01,12-11 20:00:00+01:00,bus083,0.0
2030,sc01,12-11 20:00:00+01:00,bus081,0.0
2030,sc01,12-11 20:00:00+01:00,bus022,0.0
2030,sc01,12-11 20:00:00+01:00,bus071,0.0
2030,sc01,12-11 20:00:00+01:00,bus074,0.0
2030,sc01,12-11 20:00:00+01:00,bus040,0.0
2030,sc01,12-11 20:00:00+01:00,bus099,0.0
2030,sc01,12-11 20:00:00+01:00,bus030,0.0
2030,sc01,12-11 20:00:00+01:00,bus098,0.0
2030,sc01,12-11 20:00:00+01:00,bus053,0.0
2030,sc01,12-11 20:00:00+01:00,bus085,0.0
2030,sc01,12-11 20:00:00+01:00,bus101,0.0
2030,sc01,12-11 20:00:00+01:00,bus018,0.0
2030,sc01,12-11 20:00:00+01:00,bus023,0.0
2030,sc01,12-11 20:00:00+01:00,bus088,0.0
2030,sc01,12-11 20:00:00+01:00,bus116,0.0
2030,sc01,12-11 20:00:00+01:00,bus103,0.0
2030,sc01,12-11 20:00:00+01:00,bus008,0.0
2030,sc01,12-11 20:00:00+01:00,bus105,0.0
2030,sc01,12-11 20:00:00+01:00,bus060,0.0
2030,sc01,12-11 20:00:00+01:00,bus016,0.0
2030,sc01,12-11 20:00:00+01:00,bus082,0.0
2030,sc01,12-11 20:00:00+01:00,bus047,0.0
2030,sc01,12-11 20:00:00+01:00,bus019,0.0
2030,sc01,12-11 20:00:00+01:00,bus037,0.0
2030,sc01,12-11 20:00:00+01:00,bus006,0.0
2030,sc01,12-11 20:00:00+01:00,bus080,0.0
2030,sc01,12-11 20:00:00+01:00,bus031,0.0
2030,sc01,12-11 20:00:00+01:00,bus048,0.0
2030,sc01,12-11 20:00:00+01:00,bus107,0.0
2030,sc01,12-11 20:00:00+01:00,bus049,0.0
2030,sc01,12-11 20:00:00+01:00,bus104,0.0
2030,sc01,12-11 20:00:00+01:00,bus100,0.0
2030,sc01,12-11 20:00:00+01:00,bus072,0.0
2030,sc01,12-11 20:00:00+01:00,bus039,0.0
2030,sc01,12-11 20:00:00+01:00,bus012,0.0
2030,sc01,12-11 20:00:00+01:00,bus114,0.0
2030,sc01,12-11 20:00:00+01:00,bus112,0.0
2030,sc01,12-11 20:00:00+01:00,bus058,0.0
2030,sc01,12-11 20:00:00+01:00,bus089,0.0
2030,sc01,12-11 20:00:00+01:00,bus051,0.0
2030,sc01,12-11 20:00:00+01:00,bus056,0.0
2030,sc01,12-11 20:00:00+01:00,bus092,0.0
2030,sc01,12-11 20:00:00+01:00,bus036,0.0
2030,sc01,12-11 20:00:00+01:00,bus094,0.0
2030,sc01,12-11 20:00:00+01:00,bus095,0.0
2030,sc01,12-11 20:00:00+01:00,bus113,0.0
2030,sc01,12-11 20:00:00+01:00,bus024,0.0
2030,sc01,12-11 20:00:00+01:00,bus078,0.0
2030,sc01,12-11 20:00:00+01:00,bus033,0.0
2030,sc01,12-11 20:00:00+01:00,bus079,0.0
2030,sc01,12-11 20:00:00+01:00,bus061,0.0
2030,sc01,12-11 20:00:00+01:00,bus118,0.0
2030,sc01,12-11 20:00:00+01:00,bus003,0.0
2030,sc01,12-11 20:00:00+01:00,bus070,0.0
2030,sc01,12-11 20:00:00+01:00,bus004,0.0
2030,sc01,12-11 20:00:00+01:00,bus021,0.0
2030,sc01,12-11 20:00:00+01:00,bus068,0.0
2030,sc01,12-11 20:00:00+01:00,bus028,0.0
2030,sc01,12-11 20:00:00+01:00,bus034,0.0
2030,sc01,12-11 20:00:00+01:00,bus075,0.0
2030,sc01,12-11 20:00:00+01:00,bus064,0.0
2030,sc01,12-11 20:00:00+01:00,bus106,0.0
2030,sc01,12-11 20:00:00+01:00,bus076,0.0
2030,sc01,12-11 20:00:00+01:00,bus046,0.0
2030,sc01,12-11 20:00:00+01:00,bus007,0.0
2030,sc01,12-11 20:00:00+01:00,bus035,0.0
2030,sc01,12-11 20:00:00+01:00,bus117,0.0
2030,sc01,12-11 20:00:00+01:00,bus041,0.0
2030,sc01,12-11 20:00:00+01:00,bus102,0.0
2030,sc01,12-11 20:00:00+01:00,bus026,0.0
2030,sc01,12-11 20:00:00+01:00,bus077,0.0
2030,sc01,12-11 20:00:00+01:00,bus044,0.0
2030,sc01,12-11 20:00:00+01:00,bus091,0.0
2030,sc01,12-11 20:00:00+01:00,bus062,0.0
2030,sc01,12-11 22:00:00+01:00,bus093,0.0
2030,sc01,12-11 22:00:00+01:00,bus097,0.0
2030,sc01,12-11 22:00:00+01:00,bus110,0.0
2030,sc01,12-11 22:00:00+01:00,bus042,0.0
2030,sc01,12-11 22:00:00+01:00,bus066,0.0
2030,sc01,12-11 22:00:00+01:00,bus059,0.0
2030,sc01,12-11 22:00:00+01:00,bus057,0.0
2030,sc01,12-11 22:00:00+01:00,bus067,0.0
2030,sc01,12-11 22:00:00+01:00,bus069,0.0
2030,sc01,12-11 22:00:00+01:00,bus014,0.0
2030,sc01,12-11 22:00:00+01:00,bus090,0.0
2030,sc01,12-11 22:00:00+01:00,bus002,0.0
2030,sc01,12-11 22:00:00+01:00,bus005,0.0
2030,sc01,12-11 22:00:00+01:00,bus109,0.0
2030,sc01,12-11 22:00:00+01:00,bus020,0.0
2030,sc01,12-11 22:00:00+01:00,bus065,0.0
2030,sc01,12-11 22:00:00+01:00,bus001,0.0
2030,sc01,12-11 22:00:00+01:00,bus017,0.0
2030,sc01,12-11 22:00:00+01:00,bus015,0.0
2030,sc01,12-11 22:00:00+01:00,bus054,0.0
2030,sc01,12-11 22:00:00+01:00,bus086,0.0
2030,sc01,12-11 22:00:00+01:00,bus032,0.0
2030,sc01,12-11 22:00:00+01:00,bus038,0.0
2030,sc01,12-11 22:00:00+01:00,bus108,0.0
2030,sc01,12-11 22:00:00+01:00,bus087,0.0
2030,sc01,12-11 22:00:00+01:00,bus027,0.0
2030,sc01,12-11 22:00:00+01:00,bus111,0.0
2030,sc01,12-11 22:00:00+01:00,bus025,0.0
2030,sc01,12-11 22:00:00+01:00,bus029,0.0
2030,sc01,12-11 22:00:00+01:00,bus009,0.0
2030,sc01,12-11 22:00:00+01:00,bus043,0.0
2030,sc01,12-11 22:00:00+01:00,bus045,0.0
2030,sc01,12-11 22:00:00+01:00,bus084,0.0
2030,sc01,12-11 22:00:00+01:00,bus013,0.0
2030,sc01,12-11 22:00:00+01:00,bus063,0.0
2030,sc01,12-11 22:00:00+01:00,bus115,0.0
2030,sc01,12-11 22:00:00+01:00,bus010,0.0
2030,sc01,12-11 22:00:00+01:00,bus073,0.0
2030,sc01,12-11 22:00:00+01:00,bus052,0.0
2030,sc01,12-11 22:00:00+01:00,bus096,0.0
2030,sc01,12-11 22:00:00+01:00,bus050,0.0
2030,sc01,12-11 22:00:00+01:00,bus011,0.0
2030,sc01,12-11 22:00:00+01:00,bus055,0.0
2030,sc01,12-11 22:00:00+01:00,bus083,0.0
2030,sc01,12-11 22:00:00+01:00,bus081,0.0
2030,sc01,12-11 22:00:00+01:00,bus022,0.0
2030,sc01,12-11 22:00:00+01:00,bus071,0.0
2030,sc01,12-11 22:00:00+01:00,bus074,0.0
2030,sc01,12-11 22:00:00+01:00,bus040,0.0
2030,sc01,12-11 22:00:00+01:00,bus099,0.0
2030,sc01,12-11 22:00:00+01:00,bus030,0.0
2030,sc01,12-11 22:00:00+01:00,bus098,0.0
2030,sc01,12-11 22:00:00+01:00,bus053,0.0
2030,sc01,12-11 22:00:00+01:00,bus085,0.0
2030,sc01,12-11 22:00:00+01:00,bus101,0.0
2030,sc01,12-11 22:00:00+01:00,bus018,0.0
2030,sc01,12-11 22:00:00+01:00,bus023,0.0
2030,sc01,12-11 22:00:00+01:00,bus088,0.0
2030,sc01,12-11 22:00:00+01:00,bus116,0.0
2030,sc01,12-11 22:00:00+01:00,bus103,0.0
2030,sc01,12-11 22:00:00+01:00,bus008,0.0
2030,sc01,12-11 22:00:00+01:00,bus105,0.0
2030,sc01,12-11 22:00:00+01:00,bus060,0.0
2030,sc01,12-11 22:00:00+01:00,bus016,0.0
2030,sc01,12-11 22:00:00+01:00,bus082,0.0
2030,sc01,12-11 22:00:00+01:00,bus047,0.0
2030,sc01,12-11 22:00:00+01:00,bus019,0.0
2030,sc01,12-11 22:00:00+01:00,bus037,0.0
2030,sc01,12-11 22:00:00+01:00,bus006,0.0
2030,sc01,12-11 22:00:00+01:00,bus080,0.0
2030,sc01,12-11 22:00:00+01:00,bus031,0.0
2030,sc01,12-11 22:00:00+01:00,bus048,0.0
2030,sc01,12-11 22:00:00+01:00,bus107,0.0
2030,sc01,12-11 22:00:00+01:00,bus049,0.0
2030,sc01,12-11 22:00:00+01:00,bus104,0.0
2030,sc01,12-11 22:00:00+01:00,bus100,0.0
2030,sc01,12-11 22:00:00+01:00,bus072,0.0
2030,sc01,12-11 22:00:00+01:00,bus039,0.0
2030,sc01,12-11 22:00:00+01:00,bus012,0.0
2030,sc01,12-11 22:00:00+01:00,bus114,0.0
2030,sc01,12-11 22:00:00+01:00,bus112,0.0
2030,sc01,12-11 22:00:00+01:00,bus058,0.0
2030,sc01,12-11 22:00:00+01:00,bus089,0.0
2030,sc01,12-11 22:00:00+01:00,bus051,0.0
2030,sc01,12-11 22:00:00+01:00,bus056,0.0
2030,sc01,12-11 22:00:00+01:00,bus092,0.0
2030,sc01,12-11 22:00:00+01:00,bus036,0.0
2030,sc01,12-11 22:00:00+01:00,bus094,0.0
2030,sc01,12-11 22:00:00+01:00,bus095,0.0
2030,sc01,12-11 22:00:00+01:00,bus113,0.0
2030,sc01,12-11 22:00:00+01:00,bus024,0.0
2030,sc01,12-11 22:00:00+01:00,bus078,0.0
2030,sc01,12-11 22:00:00+01:00,bus033,0.0
2030,sc01,12-11 22:00:00+01:00,bus079,0.0
2030,sc01,12-11 22:00:00+01:00,bus061,0.0
2030,sc01,12-11 22:00:00+01:00,bus118,0.0
2030,sc01,12-11 22:00:00+01:00,bus003,0.0
2030,sc01,12-11 22:00:00+01:00,bus070,0.0
2030,sc01,12-11 22:00:00+01:00,bus004,0.0
2030,sc01,12-11 22:00:00+01:00,bus021,0.0
2030,sc01,12-11 22:00:00+01:00,bus068,0.0
2030,sc01,12-11 22:00:00+01:00,bus028,0.0
2030,sc01,12-11 22:00:00+01:00,bus034,0.0
2030,sc01,12-11 22:00:00+01:00,bus075,0.0
2030,sc01,12-11 22:00:00+01:00,bus064,0.0
2030,sc01,12-11 22:00:00+01:00,bus106,0.0
2030,sc01,12-11 22:00:00+01:00,bus076,0.0
2030,sc01,12-11 22:00:00+01:00,bus046,0.0
2030,sc01,12-11 22:00:00+01:00,bus007,0.0
2030,sc01,12-11 22:00:00+01:00,bus035,0.0
2030,sc01,12-11 22:00:00+01:00,bus117,0.0
2030,sc01,12-11 22:00:00+01:00,bus041,0.0
2030,sc01,12-11 22:00:00+01:00,bus102,0.0
2030,sc01,12-11 22:00:00+01:00,bus026,0.0
2030,sc01,12-11 22:00:00+01:00,bus077,0.0
2030,sc01,12-11 22:00:00+01:00,bus044,0.0
2030,sc01,12-11 22:00:00+01:00,bus091,0.0
2030,sc01,12-11 22:00:00+01:00,bus062,0.0
2030,sc01,12-12 10:00:00+01:00,bus093,0.0
2030,sc01,12-12 10:00:00+01:00,bus097,0.0
2030,sc01,12-12 10:00:00+01:00,bus110,0.0
2030,sc01,12-12 10:00:00+01:00,bus042,0.0
2030,sc01,12-12 10:00:00+01:00,bus066,0.0
2030,sc01,12-12 10:00:00+01:00,bus059,0.0
2030,sc01,12-12 10:00:00+01:00,bus057,0.0
2030,sc01,12-12 10:00:00+01:00,bus067,0.0
2030,sc01,12-12 10:00:00+01:00,bus069,0.0
2030,sc01,12-12 10:00:00+01:00,bus014,0.0
2030,sc01,12-12 10:00:00+01:00,bus090,0.0
2030,sc01,12-12 10:00:00+01:00,bus002,0.0
2030,sc01,12-12 10:00:00+01:00,bus005,0.0
2030,sc01,12-12 10:00:00+01:00,bus109,0.0
2030,sc01,12-12 10:00:00+01:00,bus020,0.0
2030,sc01,12-12 10:00:00+01:00,bus065,0.0
2030,sc01,12-12 10:00:00+01:00,bus001,0.0
2030,sc01,12-12 10:00:00+01:00,bus017,0.0
2030,sc01,12-12 10:00:00+01:00,bus015,0.0
2030,sc01,12-12 10:00:00+01:00,bus054,0.0
2030,sc01,12-12 10:00:00+01:00,bus086,0.0
2030,sc01,12-12 10:00:00+01:00,bus032,0.0
2030,sc01,12-12 10:00:00+01:00,bus038,0.0
2030,sc01,12-12 10:00:00+01:00,bus108,0.0
2030,sc01,12-12 10:00:00+01:00,bus087,0.0
2030,sc01,12-12 10:00:00+01:00,bus027,0.0
2030,sc01,12-12 10:00:00+01:00,bus111,0.0
2030,sc01,12-12 10:00:00+01:00,bus025,0.0
2030,sc01,12-12 10:00:00+01:00,bus029,0.0
2030,sc01,12-12 10:00:00+01:00,bus009,0.0
2030,sc01,12-12 10:00:00+01:00,bus043,0.0
2030,sc01,12-12 10:00:00+01:00,bus045,0.0
2030,sc01,12-12 10:00:00+01:00,bus084,0.0
2030,sc01,12-12 10:00:00+01:00,bus013,0.0
2030,sc01,12-12 10:00:00+01:00,bus063,0.0
2030,sc01,12-12 10:00:00+01:00,bus115,0.0
2030,sc01,12-12 10:00:00+01:00,bus010,0.0
2030,sc01,12-12 10:00:00+01:00,bus073,0.0
2030,sc01,12-12 10:00:00+01:00,bus052,0.0
2030,sc01,12-12 10:00:00+01:00,bus096,0.0
2030,sc01,12-12 10:00:00+01:00,bus050,0.0
2030,sc01,12-12 10:00:00+01:00,bus011,0.0
2030,sc01,12-12 10:00:00+01:00,bus055,0.0
2030,sc01,12-12 10:00:00+01:00,bus083,0.0
2030,sc01,12-12 10:00:00+01:00,bus081,0.0
2030,sc01,12-12 10:00:00+01:00,bus022,0.0
2030,sc01,12-12 10:00:00+01:00,bus071,0.0
2030,sc01,12-12 10:00:00+01:00,bus074,0.0
2030,sc01,12-12 10:00:00+01:00,bus040,0.0
2030,sc01,12-12 10:00:00+01:00,bus099,0.0
2030,sc01,12-12 10:00:00+01:00,bus030,0.0
2030,sc01,12-12 10:00:00+01:00,bus098,0.0
2030,sc01,12-12 10:00:00+01:00,bus053,0.0
2030,sc01,12-12 10:00:00+01:00,bus085,0.0
2030,sc01,12-12 10:00:00+01:00,bus101,0.0
2030,sc01,12-12 10:00:00+01:00,bus018,0.0
2030,sc01,12-12 10:00:00+01:00,bus023,0.0
2030,sc01,12-12 10:00:00+01:00,bus088,0.0
2030,sc01,12-12 10:00:00+01:00,bus116,0.0
2030,sc01,12-12 10:00:00+01:00,bus103,0.0
2030,sc01,12-12 10:00:00+01:00,bus008,0.0
2030,sc01,12-12 10:00:00+01:00,bus105,0.0
2030,sc01,12-12 10:00:00+01:00,bus060,0.0
2030,sc01,12-12 10:00:00+01:00,bus016,0.0
2030,sc01,12-12 10:00:00+01:00,bus082,0.0
2030,sc01,12-12 10:00:00+01:00,bus047,0.0
2030,sc01,12-12 10:00:00+01:00,bus019,0.0
2030,sc01,12-12 10:00:00+01:00,bus037,0.0
2030,sc01,12-12 10:00:00+01:00,bus006,0.0
2030,sc01,12-12 10:00:00+01:00,bus080,0.0
2030,sc01,12-12 10:00:00+01:00,bus031,0.0
2030,sc01,12-12 10:00:00+01:00,bus048,0.0
2030,sc01,12-12 10:00:00+01:00,bus107,0.0
2030,sc01,12-12 10:00:00+01:00,bus049,0.0
2030,sc01,12-12 10:00:00+01:00,bus104,0.0
2030,sc01,12-12 10:00:00+01:00,bus100,0.0
2030,sc01,12-12 10:00:00+01:00,bus072,0.0
2030,sc01,12-12 10:00:00+01:00,bus039,0.0
2030,sc01,12-12 10:00:00+01:00,bus012,0.0
2030,sc01,12-12 10:00:00+01:00,bus114,0.0
2030,sc01,12-12 10:00:00+01:00,bus112,0.0
2030,sc01,12-12 10:00:00+01:00,bus058,0.0
2030,sc01,12-12 10:00:00+01:00,bus089,0.0
2030,sc01,12-12 10:00:00+01:00,bus051,0.0
2030,sc01,12-12 10:00:00+01:00,bus056,0.0
2030,sc01,12-12 10:00:00+01:00,bus092,0.0
2030,sc01,12-12 10:00:00+01:00,bus036,0.0
2030,sc01,12-12 10:00:00+01:00,bus094,0.0
2030,sc01,12-12 10:00:00+01:00,bus095,0.0
2030,sc01,12-12 10:00:00+01:00,bus113,0.0
2030,sc01,12-12 10:00:00+01:00,bus024,0.0
2030,sc01,12-12 10:00:00+01:00,bus078,0.0
2030,sc01,12-12 10:00:00+01:00,bus033,0.0
2030,sc01,12-12 10:00:00+01:00,bus079,0.0
2030,sc01,12-12 10:00:00+01:00,bus061,0.0
2030,sc01,12-12 10:00:00+01:00,bus118,0.0
2030,sc01,12-12 10:00:00+01:00,bus003,0.0
2030,sc01,12-12 10:00:00+01:00,bus070,0.0
2030,sc01,12-12 10:00:00+01:00,bus004,0.0
2030,sc01,12-12 10:00:00+01:00,bus021,0.0
2030,sc01,12-12 10:00:00+01:00,bus068,0.0
2030,sc01,12-12 10:00:00+01:00,bus028,0.0
2030,sc01,12-12 10:00:00+01:00,bus034,0.0
2030,sc01,12-12 10:00:00+01:00,bus075,0.0
2030,sc01,12-12 10:00:00+01:00,bus064,0.0
2030,sc01,12-12 10:00:00+01:00,bus106,0.0
2030,sc01,12-12 10:00:00+01:00,bus076,0.0
2030,sc01,12-12 10:00:00+01:00,bus046,0.0
2030,sc01,12-12 10:00:00+01:00,bus007,0.0
2030,sc01,12-12 10:00:00+01:00,bus035,0.0
2030,sc01,12-12 10:00:00+01:00,bus117,0.0
2030,sc01,12-12 10:00:00+01:00,bus041,0.0
2030,sc01,12-12 10:00:00+01:00,bus102,0.0
2030,sc01,12-12 10:00:00+01:00,bus026,0.0
2030,sc01,12-12 10:00:00+01:00,bus077,0.0
2030,sc01,12-12 10:00:00+01:00,bus044,0.0
2030,sc01,12-12 10:00:00+01:00,bus091,0.0
2030,sc01,12-12 10:00:00+01:00,bus062,0.0
2030,sc01,12-12 13:00:00+01:00,bus093,0.0
2030,sc01,12-12 13:00:00+01:00,bus097,0.0
2030,sc01,12-12 13:00:00+01:00,bus110,0.0
2030,sc01,12-12 13:00:00+01:00,bus042,0.0
2030,sc01,12-12 13:00:00+01:00,bus066,0.0
2030,sc01,12-12 13:00:00+01:00,bus059,0.0
2030,sc01,12-12 13:00:00+01:00,bus057,0.0
2030,sc01,12-12 13:00:00+01:00,bus067,0.0
2030,sc01,12-12 13:00:00+01:00,bus069,0.0
2030,sc01,12-12 13:00:00+01:00,bus014,0.0
2030,sc01,12-12 13:00:00+01:00,bus090,0.0
2030,sc01,12-12 13:00:00+01:00,bus002,0.0
2030,sc01,12-12 13:00:00+01:00,bus005,0.0
2030,sc01,12-12 13:00:00+01:00,bus109,0.0
2030,sc01,12-12 13:00:00+01:00,bus020,0.0
2030,sc01,12-12 13:00:00+01:00,bus065,0.0
2030,sc01,12-12 13:00:00+01:00,bus001,0.0
2030,sc01,12-12 13:00:00+01:00,bus017,0.0
2030,sc01,12-12 13:00:00+01:00,bus015,0.0
2030,sc01,12-12 13:00:00+01:00,bus054,0.0
2030,sc01,12-12 13:00:00+01:00,bus086,0.0
2030,sc01,12-12 13:00:00+01:00,bus032,0.0
2030,sc01,12-12 13:00:00+01:00,bus038,0.0
2030,sc01,12-12 13:00:00+01:00,bus108,0.0
2030,sc01,12-12 13:00:00+01:00,bus087,0.0
2030,sc01,12-12 13:00:00+01:00,bus027,0.0
2030,sc01,12-12 13:00:00+01:00,bus111,0.0
2030,sc01,12-12 13:00:00+01:00,bus025,0.0
2030,sc01,12-12 13:00:00+01:00,bus029,0.0
2030,sc01,12-12 13:00:00+01:00,bus009,0.0
2030,sc01,12-12 13:00:00+01:00,bus043,0.0
2030,sc01,12-12 13:00:00+01:00,bus045,0.0
2030,sc01,12-12 13:00:00+01:00,bus084,0.0
2030,sc01,12-12 13:00:00+01:00,bus013,0.0
2030,sc01,12-12 13:00:00+01:00,bus063,0.0
2030,sc01,12-12 13:00:00+01:00,bus115,0.0
2030,sc01,12-12 13:00:00+01:00,bus010,0.0
2030,sc01,12-12 13:00:00+01:00,bus073,0.0
2030,sc01,12-12 13:00:00+01:00,bus052,0.0
2030,sc01,12-12 13:00:00+01:00,bus096,0.0
2030,sc01,12-12 13:00:00+01:00,bus050,0.0
2030,sc01,12-12 13:00:00+01:00,bus011,0.0
2030,sc01,12-12 13:00:00+01:00,bus055,0.0
2030,sc01,12-12 13:00:00+01:00,bus083,0.0
2030,sc01,12-12 13:00:00+01:00,bus081,0.0
2030,sc01,12-12 13:00:00+01:00,bus022,0.0
2030,sc01,12-12 13:00:00+01:00,bus071,0.0
2030,sc01,12-12 13:00:00+01:00,bus074,0.0
2030,sc01,12-12 13:00:00+01:00,bus040,0.0
2030,sc01,12-12 13:00:00+01:00,bus099,0.0
2030,sc01,12-12 13:00:00+01:00,bus030,0.0
2030,sc01,12-12 13:00:00+01:00,bus098,0.0
2030,sc01,12-12 13:00:00+01:00,bus053,0.0
2030,sc01,12-12 13:00:00+01:00,bus085,0.0
2030,sc01,12-12 13:00:00+01:00,bus101,0.0
2030,sc01,12-12 13:00:00+01:00,bus018,0.0
2030,sc01,12-12 13:00:00+01:00,bus023,0.0
2030,sc01,12-12 13:00:00+01:00,bus088,0.0
2030,sc01,12-12 13:00:00+01:00,bus116,0.0
2030,sc01,12-12 13:00:00+01:00,bus103,0.0
2030,sc01,12-12 13:00:00+01:00,bus008,0.0
2030,sc01,12-12 13:00:00+01:00,bus105,0.0
2030,sc01,12-12 13:00:00+01:00,bus060,0.0
2030,sc01,12-12 13:00:00+01:00,bus016,0.0
2030,sc01,12-12 13:00:00+01:00,bus082,0.0
2030,sc01,12-12 13:00:00+01:00,bus047,0.0
2030,sc01,12-12 13:00:00+01:00,bus019,0.0
2030,sc01,12-12 13:00:00+01:00,bus037,0.0
2030,sc01,12-12 13:00:00+01:00,bus006,0.0
2030,sc01,12-12 13:00:00+01:00,bus080,0.0
2030,sc01,12-12 13:00:00+01:00,bus031,0.0
2030,sc01,12-12 13:00:00+01:00,bus048,0.0
2030,sc01,12-12 13:00:00+01:00,bus107,0.0
2030,sc01,12-12 13:00:00+01:00,bus049,0.0
2030,sc01,12-12 13:00:00+01:00,bus104,0.0
2030,sc01,12-12 13:00:00+01:00,bus100,0.0
2030,sc01,12-12 13:00:00+01:00,bus072,0.0
2030,sc01,12-12 13:00:00+01:00,bus039,0.0
2030,sc01,12-12 13:00:00+01:00,bus012,0.0
2030,sc01,12-12 13:00:00+01:00,bus114,0.0
2030,sc01,12-12 13:00:00+01:00,bus112,0.0
2030,sc01,12-12 13:00:00+01:00,bus058,0.0
2030,sc01,12-12 13:00:00+01:00,bus089,0.0
2030,sc01,12-12 13:00:00+01:00,bus051,0.0
2030,sc01,12-12 13:00:00+01:00,bus056,0.0
2030,sc01,12-12 13:00:00+01:00,bus092,0.0
2030,sc01,12-12 13:00:00+01:00,bus036,0.0
2030,sc01,12-12 13:00:00+01:00,bus094,0.0
2030,sc01,12-12 13:00:00+01:00,bus095,0.0
2030,sc01,12-12 13:00:00+01:00,bus113,0.0
2030,sc01,12-12 13:00:00+01:00,bus024,0.0
2030,sc01,12-12 13:00:00+01:00,bus078,0.0
2030,sc01,12-12 13:00:00+01:00,bus033,0.0
2030,sc01,12-12 13:00:00+01:00,bus079,0.0
2030,sc01,12-12 13:00:00+01:00,bus061,0.0
2030,sc01,12-12 13:00:00+01:00,bus118,0.0
2030,sc01,12-12 13:00:00+01:00,bus003,0.0
2030,sc01,12-12 13:00:00+01:00,bus070,0.0
2030,sc01,12-12 13:00:00+01:00,bus004,0.0
2030,sc01,12-12 13:00:00+01:00,bus021,0.0
2030,sc01,12-12 13:00:00+01:00,bus068,0.0
2030,sc01,12-12 13:00:00+01:00,bus028,0.0
2030,sc01,12-12 13:00:00+01:00,bus034,0.0
2030,sc01,12-12 13:00:00+01:00,bus075,0.0
2030,sc01,12-12 13:00:00+01:00,bus064,0.0
2030,sc01,12-12 13:00:00+01:00,bus106,0.0
2030,sc01,12-12 13:00:00+01:00,bus076,0.0
2030,sc01,12-12 13:00:00+01:00,bus046,0.0
2030,sc01,12-12 13:00:00+01:00,bus007,0.0
2030,sc01,12-12 13:00:00+01:00,bus035,0.0
2030,sc01,12-12 13:00:00+01:00,bus117,0.0
2030,sc01,12-12 13:00:00+01:00,bus041,0.0
2030,sc01,12-12 13:00:00+01:00,bus102,0.0
2030,sc01,12-12 13:00:00+01:00,bus026,0.0
2030,sc01,12-12 13:00:00+01:00,bus077,0.0
2030,sc01,12-12 13:00:00+01:00,bus044,0.0
2030,sc01,12-12 13:00:00+01:00,bus091,0.0
2030,sc01,12-12 13:00:00+01:00,bus062,0.0
2030,sc01,12-12 19:00:00+01:00,bus093,0.0
2030,sc01,12-12 19:00:00+01:00,bus097,0.0
2030,sc01,12-12 19:00:00+01:00,bus110,0.0
2030,sc01,12-12 19:00:00+01:00,bus042,0.0
2030,sc01,12-12 19:00:00+01:00,bus066,0.0
2030,sc01,12-12 19:00:00+01:00,bus059,0.0
2030,sc01,12-12 19:00:00+01:00,bus057,0.0
2030,sc01,12-12 19:00:00+01:00,bus067,0.0
2030,sc01,12-12 19:00:00+01:00,bus069,0.0
2030,sc01,12-12 19:00:00+01:00,bus014,0.0
2030,sc01,12-12 19:00:00+01:00,bus090,0.0
2030,sc01,12-12 19:00:00+01:00,bus002,0.0
2030,sc01,12-12 19:00:00+01:00,bus005,0.0
2030,sc01,12-12 19:00:00+01:00,bus109,0.0
2030,sc01,12-12 19:00:00+01:00,bus020,0.0
2030,sc01,12-12 19:00:00+01:00,bus065,0.0
2030,sc01,12-12 19:00:00+01:00,bus001,0.0
2030,sc01,12-12 19:00:00+01:00,bus017,0.0
2030,sc01,12-12 19:00:00+01:00,bus015,0.0
2030,sc01,12-12 19:00:00+01:00,bus054,0.0
2030,sc01,12-12 19:00:00+01:00,bus086,0.0
2030,sc01,12-12 19:00:00+01:00,bus032,0.0
2030,sc01,12-12 19:00:00+01:00,bus038,0.0
2030,sc01,12-12 19:00:00+01:00,bus108,0.0
2030,sc01,12-12 19:00:00+01:00,bus087,0.0
2030,sc01,12-12 19:00:00+01:00,bus027,0.0
2030,sc01,12-12 19:00:00+01:00,bus111,0.0
2030,sc01,12-12 19:00:00+01:00,bus025,0.0
2030,sc01,12-12 19:00:00+01:00,bus029,0.0
2030,sc01,12-12 19:00:00+01:00,bus009,0.0
2030,sc01,12-12 19:00:00+01:00,bus043,0.0
2030,sc01,12-12 19:00:00+01:00,bus045,0.0
2030,sc01,12-12 19:00:00+01:00,bus084,0.0
2030,sc01,12-12 19:00:00+01:00,bus013,0.0
2030,sc01,12-12 19:00:00+01:00,bus063,0.0
2030,sc01,12-12 19:00:00+01:00,bus115,0.0
2030,sc01,12-12 19:00:00+01:00,bus010,0.0
2030,sc01,12-12 19:00:00+01:00,bus073,0.0
2030,sc01,12-12 19:00:00+01:00,bus052,0.0
2030,sc01,12-12 19:00:00+01:00,bus096,0.0
2030,sc01,12-12 19:00:00+01:00,bus050,0.0
2030,sc01,12-12 19:00:00+01:00,bus011,0.0
2030,sc01,12-12 19:00:00+01:00,bus055,0.0
2030,sc01,12-12 19:00:00+01:00,bus083,0.0
2030,sc01,12-12 19:00:00+01:00,bus081,0.0
2030,sc01,12-12 19:00:00+01:00,bus022,0.0
2030,sc01,12-12 19:00:00+01:00,bus071,0.0
2030,sc01,12-12 19:00:00+01:00,bus074,0.0
2030,sc01,12-12 19:00:00+01:00,bus040,0.0
2030,sc01,12-12 19:00:00+01:00,bus099,0.0
2030,sc01,12-12 19:00:00+01:00,bus030,0.0
2030,sc01,12-12 19:00:00+01:00,bus098,0.0
2030,sc01,12-12 19:00:00+01:00,bus053,0.0
2030,sc01,12-12 19:00:00+01:00,bus085,0.0
2030,sc01,12-12 19:00:00+01:00,bus101,0.0
2030,sc01,12-12 19:00:00+01:00,bus018,0.0
2030,sc01,12-12 19:00:00+01:00,bus023,0.0
2030,sc01,12-12 19:00:00+01:00,bus088,0.0
2030,sc01,12-12 19:00:00+01:00,bus116,0.0
2030,sc01,12-12 19:00:00+01:00,bus103,0.0
2030,sc01,12-12 19:00:00+01:00,bus008,0.0
2030,sc01,12-12 19:00:00+01:00,bus105,0.0
2030,sc01,12-12 19:00:00+01:00,bus060,0.0
2030,sc01,12-12 19:00:00+01:00,bus016,0.0
2030,sc01,12-12 19:00:00+01:00,bus082,0.0
2030,sc01,12-12 19:00:00+01:00,bus047,0.0
2030,sc01,12-12 19:00:00+01:00,bus019,0.0
2030,sc01,12-12 19:00:00+01:00,bus037,0.0
2030,sc01,12-12 19:00:00+01:00,bus006,0.0
2030,sc01,12-12 19:00:00+01:00,bus080,0.0
2030,sc01,12-12 19:00:00+01:00,bus031,0.0
2030,sc01,12-12 19:00:00+01:00,bus048,0.0
2030,sc01,12-12 19:00:00+01:00,bus107,0.0
2030,sc01,12-12 19:00:00+01:00,bus049,0.0
2030,sc01,12-12 19:00:00+01:00,bus104,0.0
2030,sc01,12-12 19:00:00+01:00,bus100,0.0
2030,sc01,12-12 19:00:00+01:00,bus072,0.0
2030,sc01,12-12 19:00:00+01:00,bus039,0.0
2030,sc01,12-12 19:00:00+01:00,bus012,0.0
2030,sc01,12-12 19:00:00+01:00,bus114,0.0
2030,sc01,12-12 19:00:00+01:00,bus112,0.0
2030,sc01,12-12 19:00:00+01:00,bus058,0.0
2030,sc01,12-12 19:00:00+01:00,bus089,0.0
2030,sc01,12-12 19:00:00+01:00,bus051,0.0
2030,sc01,12-12 19:00:00+01:00,bus056,0.0
2030,sc01,12-12 19:00:00+01:00,bus092,0.0
2030,sc01,12-12 19:00:00+01:00,bus036,0.0
2030,sc01,12-12 19:00:00+01:00,bus094,0.0
2030,sc01,12-12 19:00:00+01:00,bus095,0.0
2030,sc01,12-12 19:00:00+01:00,bus113,0.0
2030,sc01,12-12 19:00:00+01:00,bus024,0.0
2030,sc01,12-12 19:00:00+01:00,bus078,0.0
2030,sc01,12-12 19:00:00+01:00,bus033,0.0
2030,sc01,12-12 19:00:00+01:00,bus079,0.0
2030,sc01,12-12 19:00:00+01:00,bus061,0.0
2030,sc01,12-12 19:00:00+01:00,bus118,0.0
2030,sc01,12-12 19:00:00+01:00,bus003,0.0
2030,sc01,12-12 19:00:00+01:00,bus070,0.0
2030,sc01,12-12 19:00:00+01:00,bus004,0.0
2030,sc01,12-12 19:00:00+01:00,bus021,0.0
2030,sc01,12-12 19:00:00+01:00,bus068,0.0
2030,sc01,12-12 19:00:00+01:00,bus028,0.0
2030,sc01,12-12 19:00:00+01:00,bus034,0.0
2030,sc01,12-12 19:00:00+01:00,bus075,0.0
2030,sc01,12-12 19:00:00+01:00,bus064,0.0
2030,sc01,12-12 19:00:00+01:00,bus106,0.0
2030,sc01,12-12 19:00:00+01:00,bus076,0.0
2030,sc01,12-12 19:00:00+01:00,bus046,0.0
2030,sc01,12-12 19:00:00+01:00,bus007,0.0
2030,sc01,12-12 19:00:00+01:00,bus035,0.0
2030,sc01,12-12 19:00:00+01:00,bus117,0.0
2030,sc01,12-12 19:00:00+01:00,bus041,0.0
2030,sc01,12-12 19:00:00+01:00,bus102,0.0
2030,sc01,12-12 19:00:00+01:00,bus026,0.0
2030,sc01,12-12 19:00:00+01:00,bus077,0.0
2030,sc01,12-12 19:00:00+01:00,bus044,0.0
2030,sc01,12-12 19:00:00+01:00,bus091,0.0
2030,sc01,12-12 19:00:00+01:00,bus062,0.0
2030,sc01,12-13 00:00:00+01:00,bus093,0.0
2030,sc01,12-13 00:00:00+01:00,bus097,0.0
2030,sc01,12-13 00:00:00+01:00,bus110,0.0
2030,sc01,12-13 00:00:00+01:00,bus042,0.0
2030,sc01,12-13 00:00:00+01:00,bus066,0.0
2030,sc01,12-13 00:00:00+01:00,bus059,0.0
2030,sc01,12-13 00:00:00+01:00,bus057,0.0
2030,sc01,12-13 00:00:00+01:00,bus067,0.0
2030,sc01,12-13 00:00:00+01:00,bus069,0.0
2030,sc01,12-13 00:00:00+01:00,bus014,0.0
2030,sc01,12-13 00:00:00+01:00,bus090,0.0
2030,sc01,12-13 00:00:00+01:00,bus002,0.0
2030,sc01,12-13 00:00:00+01:00,bus005,0.0
2030,sc01,12-13 00:00:00+01:00,bus109,0.0
2030,sc01,12-13 00:00:00+01:00,bus020,0.0
2030,sc01,12-13 00:00:00+01:00,bus065,0.0
2030,sc01,12-13 00:00:00+01:00,bus001,0.0
2030,sc01,12-13 00:00:00+01:00,bus017,0.0
2030,sc01,12-13 00:00:00+01:00,bus015,0.0
2030,sc01,12-13 00:00:00+01:00,bus054,0.0
2030,sc01,12-13 00:00:00+01:00,bus086,0.0
2030,sc01,12-13 00:00:00+01:00,bus032,0.0
2030,sc01,12-13 00:00:00+01:00,bus038,0.0
2030,sc01,12-13 00:00:00+01:00,bus108,0.0
2030,sc01,12-13 00:00:00+01:00,bus087,0.0
2030,sc01,12-13 00:00:00+01:00,bus027,0.0
2030,sc01,12-13 00:00:00+01:00,bus111,0.0
2030,sc01,12-13 00:00:00+01:00,bus025,0.0
2030,sc01,12-13 00:00:00+01:00,bus029,0.0
2030,sc01,12-13 00:00:00+01:00,bus009,0.0
2030,sc01,12-13 00:00:00+01:00,bus043,0.0
2030,sc01,12-13 00:00:00+01:00,bus045,0.0
2030,sc01,12-13 00:00:00+01:00,bus084,0.0
2030,sc01,12-13 00:00:00+01:00,bus013,0.0
2030,sc01,12-13 00:00:00+01:00,bus063,0.0
2030,sc01,12-13 00:00:00+01:00,bus115,0.0
2030,sc01,12-13 00:00:00+01:00,bus010,0.0
2030,sc01,12-13 00:00:00+01:00,bus073,0.0
2030,sc01,12-13 00:00:00+01:00,bus052,0.0
2030,sc01,12-13 00:00:00+01:00,bus096,0.0
2030,sc01,12-13 00:00:00+01:00,bus050,0.0
2030,sc01,12-13 00:00:00+01:00,bus011,0.0
2030,sc01,12-13 00:00:00+01:00,bus055,0.0
2030,sc01,12-13 00:00:00+01:00,bus083,0.0
2030,sc01,12-13 00:00:00+01:00,bus081,0.0
2030,sc01,12-13 00:00:00+01:00,bus022,0.0
2030,sc01,12-13 00:00:00+01:00,bus071,0.0
2030,sc01,12-13 00:00:00+01:00,bus074,0.0
2030,sc01,12-13 00:00:00+01:00,bus040,0.0
2030,sc01,12-13 00:00:00+01:00,bus099,0.0
2030,sc01,12-13 00:00:00+01:00,bus030,0.0
2030,sc01,12-13 00:00:00+01:00,bus098,0.0
2030,sc01,12-13 00:00:00+01:00,bus053,0.0
2030,sc01,12-13 00:00:00+01:00,bus085,0.0
2030,sc01,12-13 00:00:00+01:00,bus101,0.0
2030,sc01,12-13 00:00:00+01:00,bus018,0.0
2030,sc01,12-13 00:00:00+01:00,bus023,0.0
2030,sc01,12-13 00:00:00+01:00,bus088,0.0
2030,sc01,12-13 00:00:00+01:00,bus116,0.0
2030,sc01,12-13 00:00:00+01:00,bus103,0.0
2030,sc01,12-13 00:00:00+01:00,bus008,0.0
2030,sc01,12-13 00:00:00+01:00,bus105,0.0
2030,sc01,12-13 00:00:00+01:00,bus060,0.0
2030,sc01,12-13 00:00:00+01:00,bus016,0.0
2030,sc01,12-13 00:00:00+01:00,bus082,0.0
2030,sc01,12-13 00:00:00+01:00,bus047,0.0
2030,sc01,12-13 00:00:00+01:00,bus019,0.0
2030,sc01,12-13 00:00:00+01:00,bus037,0.0
2030,sc01,12-13 00:00:00+01:00,bus006,0.0
2030,sc01,12-13 00:00:00+01:00,bus080,0.0
2030,sc01,12-13 00:00:00+01:00,bus031,0.0
2030,sc01,12-13 00:00:00+01:00,bus048,0.0
2030,sc01,12-13 00:00:00+01:00,bus107,0.0
2030,sc01,12-13 00:00:00+01:00,bus049,0.0
2030,sc01,12-13 00:00:00+01:00,bus104,0.0
2030,sc01,12-13 00:00:00+01:00,bus100,0.0
2030,sc01,12-13 00:00:00+01:00,bus072,0.0
2030,sc01,12-13 00:00:00+01:00,bus039,0.0
2030,sc01,12-13 00:00:00+01:00,bus012,0.0
2030,sc01,12-13 00:00:00+01:00,bus114,0.0
2030,sc01,12-13 00:00:00+01:00,bus112,0.0
2030,sc01,12-13 00:00:00+01:00,bus058,0.0
2030,sc01,12-13 00:00:00+01:00,bus089,0.0
2030,sc01,12-13 00:00:00+01:00,bus051,0.0
2030,sc01,12-13 00:00:00+01:00,bus056,0.0
2030,sc01,12-13 00:00:00+01:00,bus092,0.0
2030,sc01,12-13 00:00:00+01:00,bus036,0.0
2030,sc01,12-13 00:00:00+01:00,bus094,0.0
2030,sc01,12-13 00:00:00+01:00,bus095,0.0
2030,sc01,12-13 00:00:00+01:00,bus113,0.0
2030,sc01,12-13 00:00:00+01:00,bus024,0.0
2030,sc01,12-13 00:00:00+01:00,bus078,0.0
2030,sc01,12-13 00:00:00+01:00,bus033,0.0
2030,sc01,12-13 00:00:00+01:00,bus079,0.0
2030,sc01,12-13 00:00:00+01:00,bus061,0.0
2030,sc01,12-13 00:00:00+01:00,bus118,0.0
2030,sc01,12-13 00:00:00+01:00,bus003,0.0
2030,sc01,12-13 00:00:00+01:00,bus070,0.0
2030,sc01,12-13 00:00:00+01:00,bus004,0.0
2030,sc01,12-13 00:00:00+01:00,bus021,0.0
2030,sc01,12-13 00:00:00+01:00,bus068,0.0
2030,sc01,12-13 00:00:00+01:00,bus028,0.0
2030,sc01,12-13 00:00:00+01:00,bus034,0.0
2030,sc01,12-13 00:00:00+01:00,bus075,0.0
2030,sc01,12-13 00:00:00+01:00,bus064,0.0
2030,sc01,12-13 00:00:00+01:00,bus106,0.0
2030,sc01,12-13 00:00:00+01:00,bus076,0.0
2030,sc01,12-13 00:00:00+01:00,bus046,0.0
2030,sc01,12-13 00:00:00+01:00,bus007,0.0
2030,sc01,12-13 00:00:00+01:00,bus035,0.0
2030,sc01,12-13 00:00:00+01:00,bus117,0.0
2030,sc01,12-13 00:00:00+01:00,bus041,0.0
2030,sc01,12-13 00:00:00+01:00,bus102,0.0
2030,sc01,12-13 00:00:00+01:00,bus026,0.0
2030,sc01,12-13 00:00:00+01:00,bus077,0.0
2030,sc01,12-13 00:00:00+01:00,bus044,0.0
2030,sc01,12-13 00:00:00+01:00,bus091,0.0
2030,sc01,12-13 00:00:00+01:00,bus062,0.0
2030,sc01,12-13 15:00:00+01:00,bus093,0.0
2030,sc01,12-13 15:00:00+01:00,bus097,0.0
2030,sc01,12-13 15:00:00+01:00,bus110,0.0
2030,sc01,12-13 15:00:00+01:00,bus042,0.0
2030,sc01,12-13 15:00:00+01:00,bus066,0.0
2030,sc01,12-13 15:00:00+01:00,bus059,0.0
2030,sc01,12-13 15:00:00+01:00,bus057,0.0
2030,sc01,12-13 15:00:00+01:00,bus067,0.0
2030,sc01,12-13 15:00:00+01:00,bus069,0.0
2030,sc01,12-13 15:00:00+01:00,bus014,0.0
2030,sc01,12-13 15:00:00+01:00,bus090,0.0
2030,sc01,12-13 15:00:00+01:00,bus002,0.0
2030,sc01,12-13 15:00:00+01:00,bus005,0.0
2030,sc01,12-13 15:00:00+01:00,bus109,0.0
2030,sc01,12-13 15:00:00+01:00,bus020,0.0
2030,sc01,12-13 15:00:00+01:00,bus065,0.0
2030,sc01,12-13 15:00:00+01:00,bus001,0.0
2030,sc01,12-13 15:00:00+01:00,bus017,0.0
2030,sc01,12-13 15:00:00+01:00,bus015,0.0
2030,sc01,12-13 15:00:00+01:00,bus054,0.0
2030,sc01,12-13 15:00:00+01:00,bus086,0.0
2030,sc01,12-13 15:00:00+01:00,bus032,0.0
2030,sc01,12-13 15:00:00+01:00,bus038,0.0
2030,sc01,12-13 15:00:00+01:00,bus108,0.0
2030,sc01,12-13 15:00:00+01:00,bus087,0.0
2030,sc01,12-13 15:00:00+01:00,bus027,0.0
2030,sc01,12-13 15:00:00+01:00,bus111,0.0
2030,sc01,12-13 15:00:00+01:00,bus025,0.0
2030,sc01,12-13 15:00:00+01:00,bus029,0.0
2030,sc01,12-13 15:00:00+01:00,bus009,0.0
2030,sc01,12-13 15:00:00+01:00,bus043,0.0
2030,sc01,12-13 15:00:00+01:00,bus045,0.0
2030,sc01,12-13 15:00:00+01:00,bus084,0.0
2030,sc01,12-13 15:00:00+01:00,bus013,0.0
2030,sc01,12-13 15:00:00+01:00,bus063,0.0
2030,sc01,12-13 15:00:00+01:00,bus115,0.0
2030,sc01,12-13 15:00:00+01:00,bus010,0.0
2030,sc01,12-13 15:00:00+01:00,bus073,0.0
2030,sc01,12-13 15:00:00+01:00,bus052,0.0
2030,sc01,12-13 15:00:00+01:00,bus096,0.0
2030,sc01,12-13 15:00:00+01:00,bus050,0.0
2030,sc01,12-13 15:00:00+01:00,bus011,0.0
2030,sc01,12-13 15:00:00+01:00,bus055,0.0
2030,sc01,12-13 15:00:00+01:00,bus083,0.0
2030,sc01,12-13 15:00:00+01:00,bus081,0.0
2030,sc01,12-13 15:00:00+01:00,bus022,0.0
2030,sc01,12-13 15:00:00+01:00,bus071,0.0
2030,sc01,12-13 15:00:00+01:00,bus074,0.0
2030,sc01,12-13 15:00:00+01:00,bus040,0.0
2030,sc01,12-13 15:00:00+01:00,bus099,0.0
2030,sc01,12-13 15:00:00+01:00,bus030,0.0
2030,sc01,12-13 15:00:00+01:00,bus098,0.0
2030,sc01,12-13 15:00:00+01:00,bus053,0.0
2030,sc01,12-13 15:00:00+01:00,bus085,0.0
2030,sc01,12-13 15:00:00+01:00,bus101,0.0
2030,sc01,12-13 15:00:00+01:00,bus018,0.0
2030,sc01,12-13 15:00:00+01:00,bus023,0.0
2030,sc01,12-13 15:00:00+01:00,bus088,0.0
2030,sc01,12-13 15:00:00+01:00,bus116,0.0
2030,sc01,12-13 15:00:00+01:00,bus103,0.0
2030,sc01,12-13 15:00:00+01:00,bus008,0.0
2030,sc01,12-13 15:00:00+01:00,bus105,0.0
2030,sc01,12-13 15:00:00+01:00,bus060,0.0
2030,sc01,12-13 15:00:00+01:00,bus016,0.0
2030,sc01,12-13 15:00:00+01:00,bus082,0.0
2030,sc01,12-13 15:00:00+01:00,bus047,0.0
2030,sc01,12-13 15:00:00+01:00,bus019,0.0
2030,sc01,12-13 15:00:00+01:00,bus037,0.0
2030,sc01,12-13 15:00:00+01:00,bus006,0.0
2030,sc01,12-13 15:00:00+01:00,bus080,0.0
2030,sc01,12-13 15:00:00+01:00,bus031,0.0
2030,sc01,12-13 15:00:00+01:00,bus048,0.0
2030,sc01,12-13 15:00:00+01:00,bus107,0.0
2030,sc01,12-13 15:00:00+01:00,bus049,0.0
2030,sc01,12-13 15:00:00+01:00,bus104,0.0
2030,sc01,12-13 15:00:00+01:00,bus100,0.0
2030,sc01,12-13 15:00:00+01:00,bus072,0.0
2030,sc01,12-13 15:00:00+01:00,bus039,0.0
2030,sc01,12-13 15:00:00+01:00,bus012,0.0
2030,sc01,12-13 15:00:00+01:00,bus114,0.0
2030,sc01,12-13 15:00:00+01:00,bus112,0.0
2030,sc01,12-13 15:00:00+01:00,bus058,0.0
2030,sc01,12-13 15:00:00+01:00,bus089,0.0
2030,sc01,12-13 15:00:00+01:00,bus051,0.0
2030,sc01,12-13 15:00:00+01:00,bus056,0.0
2030,sc01,12-13 15:00:00+01:00,bus092,0.0
2030,sc01,12-13 15:00:00+01:00,bus036,0.0
2030,sc01,12-13 15:00:00+01:00,bus094,0.0
2030,sc01,12-13 15:00:00+01:00,bus095,0.0
2030,sc01,12-13 15:00:00+01:00,bus113,0.0
2030,sc01,12-13 15:00:00+01:00,bus024,0.0
2030,sc01,12-13 15:00:00+01:00,bus078,0.0
2030,sc01,12-13 15:00:00+01:00,bus033,0.0
2030,sc01,12-13 15:00:00+01:00,bus079,0.0
2030,sc01,12-13 15:00:00+01:00,bus061,0.0
2030,sc01,12-13 15:00:00+01:00,bus118,0.0
2030,sc01,12-13 15:00:00+01:00,bus003,0.0
2030,sc01,12-13 15:00:00+01:00,bus070,0.0
2030,sc01,12-13 15:00:00+01:00,bus004,0.0
2030,sc01,12-13 15:00:00+01:00,bus021,0.0
2030,sc01,12-13 15:00:00+01:00,bus068,0.0
2030,sc01,12-13 15:00:00+01:00,bus028,0.0
2030,sc01,12-13 15:00:00+01:00,bus034,0.0
2030,sc01,12-13 15:00:00+01:00,bus075,0.0
2030,sc01,12-13 15:00:00+01:00,bus064,0.0
2030,sc01,12-13 15:00:00+01:00,bus106,0.0
2030,sc01,12-13 15:00:00+01:00,bus076,0.0
2030,sc01,12-13 15:00:00+01:00,bus046,0.0
2030,sc01,12-13 15:00:00+01:00,bus007,0.0
2030,sc01,12-13 15:00:00+01:00,bus035,0.0
2030,sc01,12-13 15:00:00+01:00,bus117,0.0
2030,sc01,12-13 15:00:00+01:00,bus041,0.0
2030,sc01,12-13 15:00:00+01:00,bus102,0.0
2030,sc01,12-13 15:00:00+01:00,bus026,0.0
2030,sc01,12-13 15:00:00+01:00,bus077,0.0
2030,sc01,12-13 15:00:00+01:00,bus044,0.0
2030,sc01,12-13 15:00:00+01:00,bus091,0.0
2030,sc01,12-13 15:00:00+01:00,bus062,0.0
2030,sc01,12-16 16:00:00+01:00,bus093,0.0
2030,sc01,12-16 16:00:00+01:00,bus097,0.0
2030,sc01,12-16 16:00:00+01:00,bus110,0.0
2030,sc01,12-16 16:00:00+01:00,bus042,0.0
2030,sc01,12-16 16:00:00+01:00,bus066,0.0
2030,sc01,12-16 16:00:00+01:00,bus059,0.0
2030,sc01,12-16 16:00:00+01:00,bus057,0.0
2030,sc01,12-16 16:00:00+01:00,bus067,0.0
2030,sc01,12-16 16:00:00+01:00,bus069,0.0
2030,sc01,12-16 16:00:00+01:00,bus014,0.0
2030,sc01,12-16 16:00:00+01:00,bus090,0.0
2030,sc01,12-16 16:00:00+01:00,bus002,0.0
2030,sc01,12-16 16:00:00+01:00,bus005,0.0
2030,sc01,12-16 16:00:00+01:00,bus109,0.0
2030,sc01,12-16 16:00:00+01:00,bus020,0.0
2030,sc01,12-16 16:00:00+01:00,bus065,0.0
2030,sc01,12-16 16:00:00+01:00,bus001,0.0
2030,sc01,12-16 16:00:00+01:00,bus017,0.0
2030,sc01,12-16 16:00:00+01:00,bus015,0.0
2030,sc01,12-16 16:00:00+01:00,bus054,0.0
2030,sc01,12-16 16:00:00+01:00,bus086,0.0
2030,sc01,12-16 16:00:00+01:00,bus032,0.0
2030,sc01,12-16 16:00:00+01:00,bus038,0.0
2030,sc01,12-16 16:00:00+01:00,bus108,0.0
2030,sc01,12-16 16:00:00+01:00,bus087,0.0
2030,sc01,12-16 16:00:00+01:00,bus027,0.0
2030,sc01,12-16 16:00:00+01:00,bus111,0.0
2030,sc01,12-16 16:00:00+01:00,bus025,0.0
2030,sc01,12-16 16:00:00+01:00,bus029,0.0
2030,sc01,12-16 16:00:00+01:00,bus009,0.0
2030,sc01,12-16 16:00:00+01:00,bus043,0.0
2030,sc01,12-16 16:00:00+01:00,bus045,0.0
2030,sc01,12-16 16:00:00+01:00,bus084,0.0
2030,sc01,12-16 16:00:00+01:00,bus013,0.0
2030,sc01,12-16 16:00:00+01:00,bus063,0.0
2030,sc01,12-16 16:00:00+01:00,bus115,0.0
2030,sc01,12-16 16:00:00+01:00,bus010,0.0
2030,sc01,12-16 16:00:00+01:00,bus073,0.0
2030,sc01,12-16 16:00:00+01:00,bus052,0.0
2030,sc01,12-16 16:00:00+01:00,bus096,0.0
2030,sc01,12-16 16:00:00+01:00,bus050,0.0
2030,sc01,12-16 16:00:00+01:00,bus011,0.0
2030,sc01,12-16 16:00:00+01:00,bus055,0.0
2030,sc01,12-16 16:00:00+01:00,bus083,0.0
2030,sc01,12-16 16:00:00+01:00,bus081,0.0
2030,sc01,12-16 16:00:00+01:00,bus022,0.0
2030,sc01,12-16 16:00:00+01:00,bus071,0.0
2030,sc01,12-16 16:00:00+01:00,bus074,0.0
2030,sc01,12-16 16:00:00+01:00,bus040,0.0
2030,sc01,12-16 16:00:00+01:00,bus099,0.0
2030,sc01,12-16 16:00:00+01:00,bus030,0.0
2030,sc01,12-16 16:00:00+01:00,bus098,0.0
2030,sc01,12-16 16:00:00+01:00,bus053,0.0
2030,sc01,12-16 16:00:00+01:00,bus085,0.0
2030,sc01,12-16 16:00:00+01:00,bus101,0.0
2030,sc01,12-16 16:00:00+01:00,bus018,0.0
2030,sc01,12-16 16:00:00+01:00,bus023,0.0
2030,sc01,12-16 16:00:00+01:00,bus088,0.0
2030,sc01,12-16 16:00:00+01:00,bus116,0.0
2030,sc01,12-16 16:00:00+01:00,bus103,0.0
2030,sc01,12-16 16:00:00+01:00,bus008,0.0
2030,sc01,12-16 16:00:00+01:00,bus105,0.0
2030,sc01,12-16 16:00:00+01:00,bus060,0.0
2030,sc01,12-16 16:00:00+01:00,bus016,0.0
2030,sc01,12-16 16:00:00+01:00,bus082,0.0
2030,sc01,12-16 16:00:00+01:00,bus047,0.0
2030,sc01,12-16 16:00:00+01:00,bus019,0.0
2030,sc01,12-16 16:00:00+01:00,bus037,0.0
2030,sc01,12-16 16:00:00+01:00,bus006,0.0
2030,sc01,12-16 16:00:00+01:00,bus080,0.0
2030,sc01,12-16 16:00:00+01:00,bus031,0.0
2030,sc01,12-16 16:00:00+01:00,bus048,0.0
2030,sc01,12-16 16:00:00+01:00,bus107,0.0
2030,sc01,12-16 16:00:00+01:00,bus049,0.0
2030,sc01,12-16 16:00:00+01:00,bus104,0.0
2030,sc01,12-16 16:00:00+01:00,bus100,0.0
2030,sc01,12-16 16:00:00+01:00,bus072,0.0
2030,sc01,12-16 16:00:00+01:00,bus039,0.0
2030,sc01,12-16 16:00:00+01:00,bus012,0.0
2030,sc01,12-16 16:00:00+01:00,bus114,0.0
2030,sc01,12-16 16:00:00+01:00,bus112,0.0
2030,sc01,12-16 16:00:00+01:00,bus058,0.0
2030,sc01,12-16 16:00:00+01:00,bus089,0.0
2030,sc01,12-16 16:00:00+01:00,bus051,0.0
2030,sc01,12-16 16:00:00+01:00,bus056,0.0
2030,sc01,12-16 16:00:00+01:00,bus092,0.0
2030,sc01,12-16 16:00:00+01:00,bus036,0.0
2030,sc01,12-16 16:00:00+01:00,bus094,0.0
2030,sc01,12-16 16:00:00+01:00,bus095,0.0
2030,sc01,12-16 16:00:00+01:00,bus113,0.0
2030,sc01,12-16 16:00:00+01:00,bus024,0.0
2030,sc01,12-16 16:00:00+01:00,bus078,0.0
2030,sc01,12-16 16:00:00+01:00,bus033,0.0
2030,sc01,12-16 16:00:00+01:00,bus079,0.0
2030,sc01,12-16 16:00:00+01:00,bus061,0.0
2030,sc01,12-16 16:00:00+01:00,bus118,0.0
2030,sc01,12-16 16:00:00+01:00,bus003,0.0
2030,sc01,12-16 16:00:00+01:00,bus070,0.0
2030,sc01,12-16 16:00:00+01:00,bus004,0.0
2030,sc01,12-16 16:00:00+01:00,bus021,0.0
2030,sc01,12-16 16:00:00+01:00,bus068,0.0
2030,sc01,12-16 16:00:00+01:00,bus028,0.0
2030,sc01,12-16 16:00:00+01:00,bus034,0.0
2030,sc01,12-16 16:00:00+01:00,bus075,0.0
2030,sc01,12-16 16:00:00+01:00,bus064,0.0
2030,sc01,12-16 16:00:00+01:00,bus106,0.0
2030,sc01,12-16 16:00:00+01:00,bus076,0.0
2030,sc01,12-16 16:00:00+01:00,bus046,0.0
2030,sc01,12-16 16:00:00+01:00,bus007,0.0
2030,sc01,12-16 16:00:00+01:00,bus035,0.0
2030,sc01,12-16 16:00:00+01:00,bus117,0.0
2030,sc01,12-16 16:00:00+01:00,bus041,0.0
2030,sc01,12-16 16:00:00+01:00,bus102,0.0
2030,sc01,12-16 16:00:00+01:00,bus026,0.0
2030,sc01,12-16 16:00:00+01:00,bus077,0.0
2030,sc01,12-16 16:00:00+01:00,bus044,0.0
2030,sc01,12-16 16:00:00+01:00,bus091,0.0
2030,sc01,12-16 16:00:00+01:00,bus062,0.0
2030,sc01,12-17 17:00:00+01:00,bus093,0.0
2030,sc01,12-17 17:00:00+01:00,bus097,0.0
2030,sc01,12-17 17:00:00+01:00,bus110,0.0
2030,sc01,12-17 17:00:00+01:00,bus042,0.0
2030,sc01,12-17 17:00:00+01:00,bus066,0.0
2030,sc01,12-17 17:00:00+01:00,bus059,0.0
2030,sc01,12-17 17:00:00+01:00,bus057,0.0
2030,sc01,12-17 17:00:00+01:00,bus067,0.0
2030,sc01,12-17 17:00:00+01:00,bus069,0.0
2030,sc01,12-17 17:00:00+01:00,bus014,0.0
2030,sc01,12-17 17:00:00+01:00,bus090,0.0
2030,sc01,12-17 17:00:00+01:00,bus002,0.0
2030,sc01,12-17 17:00:00+01:00,bus005,0.0
2030,sc01,12-17 17:00:00+01:00,bus109,0.0
2030,sc01,12-17 17:00:00+01:00,bus020,0.0
2030,sc01,12-17 17:00:00+01:00,bus065,0.0
2030,sc01,12-17 17:00:00+01:00,bus001,0.0
2030,sc01,12-17 17:00:00+01:00,bus017,0.0
2030,sc01,12-17 17:00:00+01:00,bus015,0.0
2030,sc01,12-17 17:00:00+01:00,bus054,0.0
2030,sc01,12-17 17:00:00+01:00,bus086,0.0
2030,sc01,12-17 17:00:00+01:00,bus032,0.0
2030,sc01,12-17 17:00:00+01:00,bus038,0.0
2030,sc01,12-17 17:00:00+01:00,bus108,0.0
2030,sc01,12-17 17:00:00+01:00,bus087,0.0
2030,sc01,12-17 17:00:00+01:00,bus027,0.0
2030,sc01,12-17 17:00:00+01:00,bus111,0.0
2030,sc01,12-17 17:00:00+01:00,bus025,0.0
2030,sc01,12-17 17:00:00+01:00,bus029,0.0
2030,sc01,12-17 17:00:00+01:00,bus009,0.0
2030,sc01,12-17 17:00:00+01:00,bus043,0.0
2030,sc01,12-17 17:00:00+01:00,bus045,0.0
2030,sc01,12-17 17:00:00+01:00,bus084,0.0
2030,sc01,12-17 17:00:00+01:00,bus013,0.0
2030,sc01,12-17 17:00:00+01:00,bus063,0.0
2030,sc01,12-17 17:00:00+01:00,bus115,0.0
2030,sc01,12-17 17:00:00+01:00,bus010,0.0
2030,sc01,12-17 17:00:00+01:00,bus073,0.0
2030,sc01,12-17 17:00:00+01:00,bus052,0.0
2030,sc01,12-17 17:00:00+01:00,bus096,0.0
2030,sc01,12-17 17:00:00+01:00,bus050,0.0
2030,sc01,12-17 17:00:00+01:00,bus011,0.0
2030,sc01,12-17 17:00:00+01:00,bus055,0.0
2030,sc01,12-17 17:00:00+01:00,bus083,0.0
2030,sc01,12-17 17:00:00+01:00,bus081,0.0
2030,sc01,12-17 17:00:00+01:00,bus022,0.0
2030,sc01,12-17 17:00:00+01:00,bus071,0.0
2030,sc01,12-17 17:00:00+01:00,bus074,0.0
2030,sc01,12-17 17:00:00+01:00,bus040,0.0
2030,sc01,12-17 17:00:00+01:00,bus099,0.0
2030,sc01,12-17 17:00:00+01:00,bus030,0.0
2030,sc01,12-17 17:00:00+01:00,bus098,0.0
2030,sc01,12-17 17:00:00+01:00,bus053,0.0
2030,sc01,12-17 17:00:00+01:00,bus085,0.0
2030,sc01,12-17 17:00:00+01:00,bus101,0.0
2030,sc01,12-17 17:00:00+01:00,bus018,0.0
2030,sc01,12-17 17:00:00+01:00,bus023,0.0
2030,sc01,12-17 17:00:00+01:00,bus088,0.0
2030,sc01,12-17 17:00:00+01:00,bus116,0.0
2030,sc01,12-17 17:00:00+01:00,bus103,0.0
2030,sc01,12-17 17:00:00+01:00,bus008,0.0
2030,sc01,12-17 17:00:00+01:00,bus105,0.0
2030,sc01,12-17 17:00:00+01:00,bus060,0.0
2030,sc01,12-17 17:00:00+01:00,bus016,0.0
2030,sc01,12-17 17:00:00+01:00,bus082,0.0
2030,sc01,12-17 17:00:00+01:00,bus047,0.0
2030,sc01,12-17 17:00:00+01:00,bus019,0.0
2030,sc01,12-17 17:00:00+01:00,bus037,0.0
2030,sc01,12-17 17:00:00+01:00,bus006,0.0
2030,sc01,12-17 17:00:00+01:00,bus080,0.0
2030,sc01,12-17 17:00:00+01:00,bus031,0.0
2030,sc01,12-17 17:00:00+01:00,bus048,0.0
2030,sc01,12-17 17:00:00+01:00,bus107,0.0
2030,sc01,12-17 17:00:00+01:00,bus049,0.0
2030,sc01,12-17 17:00:00+01:00,bus104,0.0
2030,sc01,12-17 17:00:00+01:00,bus100,0.0
2030,sc01,12-17 17:00:00+01:00,bus072,0.0
2030,sc01,12-17 17:00:00+01:00,bus039,0.0
2030,sc01,12-17 17:00:00+01:00,bus012,0.0
2030,sc01,12-17 17:00:00+01:00,bus114,0.0
2030,sc01,12-17 17:00:00+01:00,bus112,0.0
2030,sc01,12-17 17:00:00+01:00,bus058,0.0
2030,sc01,12-17 17:00:00+01:00,bus089,0.0
2030,sc01,12-17 17:00:00+01:00,bus051,0.0
2030,sc01,12-17 17:00:00+01:00,bus056,0.0
2030,sc01,12-17 17:00:00+01:00,bus092,0.0
2030,sc01,12-17 17:00:00+01:00,bus036,0.0
2030,sc01,12-17 17:00:00+01:00,bus094,0.0
2030,sc01,12-17 17:00:00+01:00,bus095,0.0
2030,sc01,12-17 17:00:00+01:00,bus113,0.0
2030,sc01,12-17 17:00:00+01:00,bus024,0.0
2030,sc01,12-17 17:00:00+01:00,bus078,0.0
2030,sc01,12-17 17:00:00+01:00,bus033,0.0
2030,sc01,12-17 17:00:00+01:00,bus079,0.0
2030,sc01,12-17 17:00:00+01:00,bus061,0.0
2030,sc01,12-17 17:00:00+01:00,bus118,0.0
2030,sc01,12-17 17:00:00+01:00,bus003,0.0
2030,sc01,12-17 17:00:00+01:00,bus070,0.0
2030,sc01,12-17 17:00:00+01:00,bus004,0.0
2030,sc01,12-17 17:00:00+01:00,bus021,0.0
2030,sc01,12-17 17:00:00+01:00,bus068,0.0
2030,sc01,12-17 17:00:00+01:00,bus028,0.0
2030,sc01,12-17 17:00:00+01:00,bus034,0.0
2030,sc01,12-17 17:00:00+01:00,bus075,0.0
2030,sc01,12-17 17:00:00+01:00,bus064,0.0
2030,sc01,12-17 17:00:00+01:00,bus106,0.0
2030,sc01,12-17 17:00:00+01:00,bus076,0.0
2030,sc01,12-17 17:00:00+01:00,bus046,0.0
2030,sc01,12-17 17:00:00+01:00,bus007,0.0
2030,sc01,12-17 17:00:00+01:00,bus035,0.0
2030,sc01,12-17 17:00:00+01:00,bus117,0.0
2030,sc01,12-17 17:00:00+01:00,bus041,0.0
2030,sc01,12-17 17:00:00+01:00,bus102,0.0
2030,sc01,12-17 17:00:00+01:00,bus026,0.0
2030,sc01,12-17 17:00:00+01:00,bus077,0.0
2030,sc01,12-17 17:00:00+01:00,bus044,0.0
2030,sc01,12-17 17:00:00+01:00,bus091,0.0
2030,sc01,12-17 17:00:00+01:00,bus062,0.0
2030,sc01,12-18 12:00:00+01:00,bus093,0.0
2030,sc01,12-18 12:00:00+01:00,bus097,0.0
2030,sc01,12-18 12:00:00+01:00,bus110,0.0
2030,sc01,12-18 12:00:00+01:00,bus042,0.0
2030,sc01,12-18 12:00:00+01:00,bus066,0.0
2030,sc01,12-18 12:00:00+01:00,bus059,0.0
2030,sc01,12-18 12:00:00+01:00,bus057,0.0
2030,sc01,12-18 12:00:00+01:00,bus067,0.0
2030,sc01,12-18 12:00:00+01:00,bus069,0.0
2030,sc01,12-18 12:00:00+01:00,bus014,0.0
2030,sc01,12-18 12:00:00+01:00,bus090,0.0
2030,sc01,12-18 12:00:00+01:00,bus002,0.0
2030,sc01,12-18 12:00:00+01:00,bus005,0.0
2030,sc01,12-18 12:00:00+01:00,bus109,0.0
2030,sc01,12-18 12:00:00+01:00,bus020,0.0
2030,sc01,12-18 12:00:00+01:00,bus065,0.0
2030,sc01,12-18 12:00:00+01:00,bus001,0.0
2030,sc01,12-18 12:00:00+01:00,bus017,0.0
2030,sc01,12-18 12:00:00+01:00,bus015,0.0
2030,sc01,12-18 12:00:00+01:00,bus054,0.0
2030,sc01,12-18 12:00:00+01:00,bus086,0.0
2030,sc01,12-18 12:00:00+01:00,bus032,0.0
2030,sc01,12-18 12:00:00+01:00,bus038,0.0
2030,sc01,12-18 12:00:00+01:00,bus108,0.0
2030,sc01,12-18 12:00:00+01:00,bus087,0.0
2030,sc01,12-18 12:00:00+01:00,bus027,0.0
2030,sc01,12-18 12:00:00+01:00,bus111,0.0
2030,sc01,12-18 12:00:00+01:00,bus025,0.0
2030,sc01,12-18 12:00:00+01:00,bus029,0.0
2030,sc01,12-18 12:00:00+01:00,bus009,0.0
2030,sc01,12-18 12:00:00+01:00,bus043,0.0
2030,sc01,12-18 12:00:00+01:00,bus045,0.0
2030,sc01,12-18 12:00:00+01:00,bus084,0.0
2030,sc01,12-18 12:00:00+01:00,bus013,0.0
2030,sc01,12-18 12:00:00+01:00,bus063,0.0
2030,sc01,12-18 12:00:00+01:00,bus115,0.0
2030,sc01,12-18 12:00:00+01:00,bus010,0.0
2030,sc01,12-18 12:00:00+01:00,bus073,0.0
2030,sc01,12-18 12:00:00+01:00,bus052,0.0
2030,sc01,12-18 12:00:00+01:00,bus096,0.0
2030,sc01,12-18 12:00:00+01:00,bus050,0.0
2030,sc01,12-18 12:00:00+01:00,bus011,0.0
2030,sc01,12-18 12:00:00+01:00,bus055,0.0
2030,sc01,12-18 12:00:00+01:00,bus083,0.0
2030,sc01,12-18 12:00:00+01:00,bus081,0.0
2030,sc01,12-18 12:00:00+01:00,bus022,0.0
2030,sc01,12-18 12:00:00+01:00,bus071,0.0
2030,sc01,12-18 12:00:00+01:00,bus074,0.0
2030,sc01,12-18 12:00:00+01:00,bus040,0.0
2030,sc01,12-18 12:00:00+01:00,bus099,0.0
2030,sc01,12-18 12:00:00+01:00,bus030,0.0
2030,sc01,12-18 12:00:00+01:00,bus098,0.0
2030,sc01,12-18 12:00:00+01:00,bus053,0.0
2030,sc01,12-18 12:00:00+01:00,bus085,0.0
2030,sc01,12-18 12:00:00+01:00,bus101,0.0
2030,sc01,12-18 12:00:00+01:00,bus018,0.0
2030,sc01,12-18 12:00:00+01:00,bus023,0.0
2030,sc01,12-18 12:00:00+01:00,bus088,0.0
2030,sc01,12-18 12:00:00+01:00,bus116,0.0
2030,sc01,12-18 12:00:00+01:00,bus103,0.0
2030,sc01,12-18 12:00:00+01:00,bus008,0.0
2030,sc01,12-18 12:00:00+01:00,bus105,0.0
2030,sc01,12-18 12:00:00+01:00,bus060,0.0
2030,sc01,12-18 12:00:00+01:00,bus016,0.0
2030,sc01,12-18 12:00:00+01:00,bus082,0.0
2030,sc01,12-18 12:00:00+01:00,bus047,0.0
2030,sc01,12-18 12:00:00+01:00,bus019,0.0
2030,sc01,12-18 12:00:00+01:00,bus037,0.0
2030,sc01,12-18 12:00:00+01:00,bus006,0.0
2030,sc01,12-18 12:00:00+01:00,bus080,0.0
2030,sc01,12-18 12:00:00+01:00,bus031,0.0
2030,sc01,12-18 12:00:00+01:00,bus048,0.0
2030,sc01,12-18 12:00:00+01:00,bus107,0.0
2030,sc01,12-18 12:00:00+01:00,bus049,0.0
2030,sc01,12-18 12:00:00+01:00,bus104,0.0
2030,sc01,12-18 12:00:00+01:00,bus100,0.0
2030,sc01,12-18 12:00:00+01:00,bus072,0.0
2030,sc01,12-18 12:00:00+01:00,bus039,0.0
2030,sc01,12-18 12:00:00+01:00,bus012,0.0
2030,sc01,12-18 12:00:00+01:00,bus114,0.0
2030,sc01,12-18 12:00:00+01:00,bus112,0.0
2030,sc01,12-18 12:00:00+01:00,bus058,0.0
2030,sc01,12-18 12:00:00+01:00,bus089,0.0
2030,sc01,12-18 12:00:00+01:00,bus051,0.0
2030,sc01,12-18 12:00:00+01:00,bus056,0.0
2030,sc01,12-18 12:00:00+01:00,bus092,0.0
2030,sc01,12-18 12:00:00+01:00,bus036,0.0
2030,sc01,12-18 12:00:00+01:00,bus094,0.0
2030,sc01,12-18 12:00:00+01:00,bus095,0.0
2030,sc01,12-18 12:00:00+01:00,bus113,0.0
2030,sc01,12-18 12:00:00+01:00,bus024,0.0
2030,sc01,12-18 12:00:00+01:00,bus078,0.0
2030,sc01,12-18 12:00:00+01:00,bus033,0.0
2030,sc01,12-18 12:00:00+01:00,bus079,0.0
2030,sc01,12-18 12:00:00+01:00,bus061,0.0
2030,sc01,12-18 12:00:00+01:00,bus118,0.0
2030,sc01,12-18 12:00:00+01:00,bus003,0.0
2030,sc01,12-18 12:00:00+01:00,bus070,0.0
2030,sc01,12-18 12:00:00+01:00,bus004,0.0
2030,sc01,12-18 12:00:00+01:00,bus021,0.0
2030,sc01,12-18 12:00:00+01:00,bus068,0.0
2030,sc01,12-18 12:00:00+01:00,bus028,0.0
2030,sc01,12-18 12:00:00+01:00,bus034,0.0
2030,sc01,12-18 12:00:00+01:00,bus075,0.0
2030,sc01,12-18 12:00:00+01:00,bus064,0.0
2030,sc01,12-18 12:00:00+01:00,bus106,0.0
2030,sc01,12-18 12:00:00+01:00,bus076,0.0
2030,sc01,12-18 12:00:00+01:00,bus046,0.0
2030,sc01,12-18 12:00:00+01:00,bus007,0.0
2030,sc01,12-18 12:00:00+01:00,bus035,0.0
2030,sc01,12-18 12:00:00+01:00,bus117,0.0
2030,sc01,12-18 12:00:00+01:00,bus041,0.0
2030,sc01,12-18 12:00:00+01:00,bus102,0.0
2030,sc01,12-18 12:00:00+01:00,bus026,0.0
2030,sc01,12-18 12:00:00+01:00,bus077,0.0
2030,sc01,12-18 12:00:00+01:00,bus044,0.0
2030,sc01,12-18 12:00:00+01:00,bus091,0.0
2030,sc01,12-18 12:00:00+01:00,bus062,0.0
2030,sc01,12-19 10:00:00+01:00,bus093,0.0
2030,sc01,12-19 10:00:00+01:00,bus097,0.0
2030,sc01,12-19 10:00:00+01:00,bus110,0.0
2030,sc01,12-19 10:00:00+01:00,bus042,0.0
2030,sc01,12-19 10:00:00+01:00,bus066,0.0
2030,sc01,12-19 10:00:00+01:00,bus059,0.0
2030,sc01,12-19 10:00:00+01:00,bus057,0.0
2030,sc01,12-19 10:00:00+01:00,bus067,0.0
2030,sc01,12-19 10:00:00+01:00,bus069,0.0
2030,sc01,12-19 10:00:00+01:00,bus014,0.0
2030,sc01,12-19 10:00:00+01:00,bus090,0.0
2030,sc01,12-19 10:00:00+01:00,bus002,0.0
2030,sc01,12-19 10:00:00+01:00,bus005,0.0
2030,sc01,12-19 10:00:00+01:00,bus109,0.0
2030,sc01,12-19 10:00:00+01:00,bus020,0.0
2030,sc01,12-19 10:00:00+01:00,bus065,0.0
2030,sc01,12-19 10:00:00+01:00,bus001,0.0
2030,sc01,12-19 10:00:00+01:00,bus017,0.0
2030,sc01,12-19 10:00:00+01:00,bus015,0.0
2030,sc01,12-19 10:00:00+01:00,bus054,0.0
2030,sc01,12-19 10:00:00+01:00,bus086,0.0
2030,sc01,12-19 10:00:00+01:00,bus032,0.0
2030,sc01,12-19 10:00:00+01:00,bus038,0.0
2030,sc01,12-19 10:00:00+01:00,bus108,0.0
2030,sc01,12-19 10:00:00+01:00,bus087,0.0
2030,sc01,12-19 10:00:00+01:00,bus027,0.0
2030,sc01,12-19 10:00:00+01:00,bus111,0.0
2030,sc01,12-19 10:00:00+01:00,bus025,0.0
2030,sc01,12-19 10:00:00+01:00,bus029,0.0
2030,sc01,12-19 10:00:00+01:00,bus009,0.0
2030,sc01,12-19 10:00:00+01:00,bus043,0.0
2030,sc01,12-19 10:00:00+01:00,bus045,0.0
2030,sc01,12-19 10:00:00+01:00,bus084,0.0
2030,sc01,12-19 10:00:00+01:00,bus013,0.0
2030,sc01,12-19 10:00:00+01:00,bus063,0.0
2030,sc01,12-19 10:00:00+01:00,bus115,0.0
2030,sc01,12-19 10:00:00+01:00,bus010,0.0
2030,sc01,12-19 10:00:00+01:00,bus073,0.0
2030,sc01,12-19 10:00:00+01:00,bus052,0.0
2030,sc01,12-19 10:00:00+01:00,bus096,0.0
2030,sc01,12-19 10:00:00+01:00,bus050,0.0
2030,sc01,12-19 10:00:00+01:00,bus011,0.0
2030,sc01,12-19 10:00:00+01:00,bus055,0.0
2030,sc01,12-19 10:00:00+01:00,bus083,0.0
2030,sc01,12-19 10:00:00+01:00,bus081,0.0
2030,sc01,12-19 10:00:00+01:00,bus022,0.0
2030,sc01,12-19 10:00:00+01:00,bus071,0.0
2030,sc01,12-19 10:00:00+01:00,bus074,0.0
2030,sc01,12-19 10:00:00+01:00,bus040,0.0
2030,sc01,12-19 10:00:00+01:00,bus099,0.0
2030,sc01,12-19 10:00:00+01:00,bus030,0.0
2030,sc01,12-19 10:00:00+01:00,bus098,0.0
2030,sc01,12-19 10:00:00+01:00,bus053,0.0
2030,sc01,12-19 10:00:00+01:00,bus085,0.0
2030,sc01,12-19 10:00:00+01:00,bus101,0.0
2030,sc01,12-19 10:00:00+01:00,bus018,0.0
2030,sc01,12-19 10:00:00+01:00,bus023,0.0
2030,sc01,12-19 10:00:00+01:00,bus088,0.0
2030,sc01,12-19 10:00:00+01:00,bus116,0.0
2030,sc01,12-19 10:00:00+01:00,bus103,0.0
2030,sc01,12-19 10:00:00+01:00,bus008,0.0
2030,sc01,12-19 10:00:00+01:00,bus105,0.0
2030,sc01,12-19 10:00:00+01:00,bus060,0.0
2030,sc01,12-19 10:00:00+01:00,bus016,0.0
2030,sc01,12-19 10:00:00+01:00,bus082,0.0
2030,sc01,12-19 10:00:00+01:00,bus047,0.0
2030,sc01,12-19 10:00:00+01:00,bus019,0.0
2030,sc01,12-19 10:00:00+01:00,bus037,0.0
2030,sc01,12-19 10:00:00+01:00,bus006,0.0
2030,sc01,12-19 10:00:00+01:00,bus080,0.0
2030,sc01,12-19 10:00:00+01:00,bus031,0.0
2030,sc01,12-19 10:00:00+01:00,bus048,0.0
2030,sc01,12-19 10:00:00+01:00,bus107,0.0
2030,sc01,12-19 10:00:00+01:00,bus049,0.0
2030,sc01,12-19 10:00:00+01:00,bus104,0.0
2030,sc01,12-19 10:00:00+01:00,bus100,0.0
2030,sc01,12-19 10:00:00+01:00,bus072,0.0
2030,sc01,12-19 10:00:00+01:00,bus039,0.0
2030,sc01,12-19 10:00:00+01:00,bus012,0.0
2030,sc01,12-19 10:00:00+01:00,bus114,0.0
2030,sc01,12-19 10:00:00+01:00,bus112,0.0
2030,sc01,12-19 10:00:00+01:00,bus058,0.0
2030,sc01,12-19 10:00:00+01:00,bus089,0.0
2030,sc01,12-19 10:00:00+01:00,bus051,0.0
2030,sc01,12-19 10:00:00+01:00,bus056,0.0
2030,sc01,12-19 10:00:00+01:00,bus092,0.0
2030,sc01,12-19 10:00:00+01:00,bus036,0.0
2030,sc01,12-19 10:00:00+01:00,bus094,0.0
2030,sc01,12-19 10:00:00+01:00,bus095,0.0
2030,sc01,12-19 10:00:00+01:00,bus113,0.0
2030,sc01,12-19 10:00:00+01:00,bus024,0.0
2030,sc01,12-19 10:00:00+01:00,bus078,0.0
2030,sc01,12-19 10:00:00+01:00,bus033,0.0
2030,sc01,12-19 10:00:00+01:00,bus079,0.0
2030,sc01,12-19 10:00:00+01:00,bus061,0.0
2030,sc01,12-19 10:00:00+01:00,bus118,0.0
2030,sc01,12-19 10:00:00+01:00,bus003,0.0
2030,sc01,12-19 10:00:00+01:00,bus070,0.0
2030,sc01,12-19 10:00:00+01:00,bus004,0.0
2030,sc01,12-19 10:00:00+01:00,bus021,0.0
2030,sc01,12-19 10:00:00+01:00,bus068,0.0
2030,sc01,12-19 10:00:00+01:00,bus028,0.0
2030,sc01,12-19 10:00:00+01:00,bus034,0.0
2030,sc01,12-19 10:00:00+01:00,bus075,0.0
2030,sc01,12-19 10:00:00+01:00,bus064,0.0
2030,sc01,12-19 10:00:00+01:00,bus106,0.0
2030,sc01,12-19 10:00:00+01:00,bus076,0.0
2030,sc01,12-19 10:00:00+01:00,bus046,0.0
2030,sc01,12-19 10:00:00+01:00,bus007,0.0
2030,sc01,12-19 10:00:00+01:00,bus035,0.0
2030,sc01,12-19 10:00:00+01:00,bus117,0.0
2030,sc01,12-19 10:00:00+01:00,bus041,0.0
2030,sc01,12-19 10:00:00+01:00,bus102,0.0
2030,sc01,12-19 10:00:00+01:00,bus026,0.0
2030,sc01,12-19 10:00:00+01:00,bus077,0.0
2030,sc01,12-19 10:00:00+01:00,bus044,0.0
2030,sc01,12-19 10:00:00+01:00,bus091,0.0
2030,sc01,12-19 10:00:00+01:00,bus062,0.0
2030,sc01,12-30 18:00:00+01:00,bus093,0.0
2030,sc01,12-30 18:00:00+01:00,bus097,0.0
2030,sc01,12-30 18:00:00+01:00,bus110,0.0
2030,sc01,12-30 18:00:00+01:00,bus042,0.0
2030,sc01,12-30 18:00:00+01:00,bus066,0.0
2030,sc01,12-30 18:00:00+01:00,bus059,0.0
2030,sc01,12-30 18:00:00+01:00,bus057,0.0
2030,sc01,12-30 18:00:00+01:00,bus067,0.0
2030,sc01,12-30 18:00:00+01:00,bus069,0.0
2030,sc01,12-30 18:00:00+01:00,bus014,0.0
2030,sc01,12-30 18:00:00+01:00,bus090,0.0
2030,sc01,12-30 18:00:00+01:00,bus002,0.0
2030,sc01,12-30 18:00:00+01:00,bus005,0.0
2030,sc01,12-30 18:00:00+01:00,bus109,0.0
2030,sc01,12-30 18:00:00+01:00,bus020,0.0
2030,sc01,12-30 18:00:00+01:00,bus065,0.0
2030,sc01,12-30 18:00:00+01:00,bus001,0.0
2030,sc01,12-30 18:00:00+01:00,bus017,0.0
2030,sc01,12-30 18:00:00+01:00,bus015,0.0
2030,sc01,12-30 18:00:00+01:00,bus054,0.0
2030,sc01,12-30 18:00:00+01:00,bus086,0.0
2030,sc01,12-30 18:00:00+01:00,bus032,0.0
2030,sc01,12-30 18:00:00+01:00,bus038,0.0
2030,sc01,12-30 18:00:00+01:00,bus108,0.0
2030,sc01,12-30 18:00:00+01:00,bus087,0.0
2030,sc01,12-30 18:00:00+01:00,bus027,0.0
2030,sc01,12-30 18:00:00+01:00,bus111,0.0
2030,sc01,12-30 18:00:00+01:00,bus025,0.0
2030,sc01,12-30 18:00:00+01:00,bus029,0.0
2030,sc01,12-30 18:00:00+01:00,bus009,0.0
2030,sc01,12-30 18:00:00+01:00,bus043,0.0
2030,sc01,12-30 18:00:00+01:00,bus045,0.0
2030,sc01,12-30 18:00:00+01:00,bus084,0.0
2030,sc01,12-30 18:00:00+01:00,bus013,0.0
2030,sc01,12-30 18:00:00+01:00,bus063,0.0
2030,sc01,12-30 18:00:00+01:00,bus115,0.0
2030,sc01,12-30 18:00:00+01:00,bus010,0.0
2030,sc01,12-30 18:00:00+01:00,bus073,0.0
2030,sc01,12-30 18:00:00+01:00,bus052,0.0
2030,sc01,12-30 18:00:00+01:00,bus096,0.0
2030,sc01,12-30 18:00:00+01:00,bus050,0.0
2030,sc01,12-30 18:00:00+01:00,bus011,0.0
2030,sc01,12-30 18:00:00+01:00,bus055,0.0
2030,sc01,12-30 18:00:00+01:00,bus083,0.0
2030,sc01,12-30 18:00:00+01:00,bus081,0.0
2030,sc01,12-30 18:00:00+01:00,bus022,0.0
2030,sc01,12-30 18:00:00+01:00,bus071,0.0
2030,sc01,12-30 18:00:00+01:00,bus074,0.0
2030,sc01,12-30 18:00:00+01:00,bus040,0.0
2030,sc01,12-30 18:00:00+01:00,bus099,0.0
2030,sc01,12-30 18:00:00+01:00,bus030,0.0
2030,sc01,12-30 18:00:00+01:00,bus098,0.0
2030,sc01,12-30 18:00:00+01:00,bus053,0.0
2030,sc01,12-30 18:00:00+01:00,bus085,0.0
2030,sc01,12-30 18:00:00+01:00,bus101,0.0
2030,sc01,12-30 18:00:00+01:00,bus018,0.0
2030,sc01,12-30 18:00:00+01:00,bus023,0.0
2030,sc01,12-30 18:00:00+01:00,bus088,0.0
2030,sc01,12-30 18:00:00+01:00,bus116,0.0
2030,sc01,12-30 18:00:00+01:00,bus103,0.0
2030,sc01,12-30 18:00:00+01:00,bus008,0.0
2030,sc01,12-30 18:00:00+01:00,bus105,0.0
2030,sc01,12-30 18:00:00+01:00,bus060,0.0
2030,sc01,12-30 18:00:00+01:00,bus016,0.0
2030,sc01,12-30 18:00:00+01:00,bus082,0.0
2030,sc01,12-30 18:00:00+01:00,bus047,0.0
2030,sc01,12-30 18:00:00+01:00,bus019,0.0
2030,sc01,12-30 18:00:00+01:00,bus037,0.0
2030,sc01,12-30 18:00:00+01:00,bus006,0.0
2030,sc01,12-30 18:00:00+01:00,bus080,0.0
2030,sc01,12-30 18:00:00+01:00,bus031,0.0
2030,sc01,12-30 18:00:00+01:00,bus048,0.0
2030,sc01,12-30 18:00:00+01:00,bus107,0.0
2030,sc01,12-30 18:00:00+01:00,bus049,0.0
2030,sc01,12-30 18:00:00+01:00,bus104,0.0
2030,sc01,12-30 18:00:00+01:00,bus100,0.0
2030,sc01,12-30 18:00:00+01:00,bus072,0.0
2030,sc01,12-30 18:00:00+01:00,bus039,0.0
2030,sc01,12-30 18:00:00+01:00,bus012,0.0
2030,sc01,12-30 18:00:00+01:00,bus114,0.0
2030,sc01,12-30 18:00:00+01:00,bus112,0.0
2030,sc01,12-30 18:00:00+01:00,bus058,0.0
2030,sc01,12-30 18:00:00+01:00,bus089,0.0
2030,sc01,12-30 18:00:00+01:00,bus051,0.0
2030,sc01,12-30 18:00:00+01:00,bus056,0.0
2030,sc01,12-30 18:00:00+01:00,bus092,0.0
2030,sc01,12-30 18:00:00+01:00,bus036,0.0
2030,sc01,12-30 18:00:00+01:00,bus094,0.0
2030,sc01,12-30 18:00:00+01:00,bus095,0.0
2030,sc01,12-30 18:00:00+01:00,bus113,0.0
2030,sc01,12-30 18:00:00+01:00,bus024,0.0
2030,sc01,12-30 18:00:00+01:00,bus078,0.0
2030,sc01,12-30 18:00:00+01:00,bus033,0.0
2030,sc01,12-30 18:00:00+01:00,bus079,0.0
2030,sc01,12-30 18:00:00+01:00,bus061,0.0
2030,sc01,12-30 18:00:00+01:00,bus118,0.0
2030,sc01,12-30 18:00:00+01:00,bus003,0.0
2030,sc01,12-30 18:00:00+01:00,bus070,0.0
2030,sc01,12-30 18:00:00+01:00,bus004,0.0
2030,sc01,12-30 18:00:00+01:00,bus021,0.0
2030,sc01,12-30 18:00:00+01:00,bus068,0.0
2030,sc01,12-30 18:00:00+01:00,bus028,0.0
2030,sc01,12-30 18:00:00+01:00,bus034,0.0
2030,sc01,12-30 18:00:00+01:00,bus075,0.0
2030,sc01,12-30 18:00:00+01:00,bus064,0.0
2030,sc01,12-30 18:00:00+01:00,bus106,0.0
2030,sc01,12-30 18:00:00+01:00,bus076,0.0
2030,sc01,12-30 18:00:00+01:00,bus046,0.0
2030,sc01,12-30 18:00:00+01:00,bus007,0.0
2030,sc01,12-30 18:00:00+01:00,bus035,0.0
2030,sc01,12-30 18:00:00+01:00,bus117,0.0
2030,sc01,12-30 18:00:00+01:00,bus041,0.0
2030,sc01,12-30 18:00:00+01:00,bus102,0.0
2030,sc01,12-30 18:00:00+01:00,bus026,0.0
2030,sc01,12-30 18:00:00+01:00,bus077,0.0
2030,sc01,12-30 18:00:00+01:00,bus044,0.0
2030,sc01,12-30 18:00:00+01:00,bus091,0.0
2030,sc01,12-30 18:00:00+01:00,bus062,0.0
2030,sc01,12-30 20:00:00+01:00,bus093,0.0
2030,sc01,12-30 20:00:00+01:00,bus097,0.0
2030,sc01,12-30 20:00:00+01:00,bus110,0.0
2030,sc01,12-30 20:00:00+01:00,bus042,0.0
2030,sc01,12-30 20:00:00+01:00,bus066,0.0
2030,sc01,12-30 20:00:00+01:00,bus059,0.0
2030,sc01,12-30 20:00:00+01:00,bus057,0.0
2030,sc01,12-30 20:00:00+01:00,bus067,0.0
2030,sc01,12-30 20:00:00+01:00,bus069,0.0
2030,sc01,12-30 20:00:00+01:00,bus014,0.0
2030,sc01,12-30 20:00:00+01:00,bus090,0.0
2030,sc01,12-30 20:00:00+01:00,bus002,0.0
2030,sc01,12-30 20:00:00+01:00,bus005,0.0
2030,sc01,12-30 20:00:00+01:00,bus109,0.0
2030,sc01,12-30 20:00:00+01:00,bus020,0.0
2030,sc01,12-30 20:00:00+01:00,bus065,0.0
2030,sc01,12-30 20:00:00+01:00,bus001,0.0
2030,sc01,12-30 20:00:00+01:00,bus017,0.0
2030,sc01,12-30 20:00:00+01:00,bus015,0.0
2030,sc01,12-30 20:00:00+01:00,bus054,0.0
2030,sc01,12-30 20:00:00+01:00,bus086,0.0
2030,sc01,12-30 20:00:00+01:00,bus032,0.0
2030,sc01,12-30 20:00:00+01:00,bus038,0.0
2030,sc01,12-30 20:00:00+01:00,bus108,0.0
2030,sc01,12-30 20:00:00+01:00,bus087,0.0
2030,sc01,12-30 20:00:00+01:00,bus027,0.0
2030,sc01,12-30 20:00:00+01:00,bus111,0.0
2030,sc01,12-30 20:00:00+01:00,bus025,0.0
2030,sc01,12-30 20:00:00+01:00,bus029,0.0
2030,sc01,12-30 20:00:00+01:00,bus009,0.0
2030,sc01,12-30 20:00:00+01:00,bus043,0.0
2030,sc01,12-30 20:00:00+01:00,bus045,0.0
2030,sc01,12-30 20:00:00+01:00,bus084,0.0
2030,sc01,12-30 20:00:00+01:00,bus013,0.0
2030,sc01,12-30 20:00:00+01:00,bus063,0.0
2030,sc01,12-30 20:00:00+01:00,bus115,0.0
2030,sc01,12-30 20:00:00+01:00,bus010,0.0
2030,sc01,12-30 20:00:00+01:00,bus073,0.0
2030,sc01,12-30 20:00:00+01:00,bus052,0.0
2030,sc01,12-30 20:00:00+01:00,bus096,0.0
2030,sc01,12-30 20:00:00+01:00,bus050,0.0
2030,sc01,12-30 20:00:00+01:00,bus011,0.0
2030,sc01,12-30 20:00:00+01:00,bus055,0.0
2030,sc01,12-30 20:00:00+01:00,bus083,0.0
2030,sc01,12-30 20:00:00+01:00,bus081,0.0
2030,sc01,12-30 20:00:00+01:00,bus022,0.0
2030,sc01,12-30 20:00:00+01:00,bus071,0.0
2030,sc01,12-30 20:00:00+01:00,bus074,0.0
2030,sc01,12-30 20:00:00+01:00,bus040,0.0
2030,sc01,12-30 20:00:00+01:00,bus099,0.0
2030,sc01,12-30 20:00:00+01:00,bus030,0.0
2030,sc01,12-30 20:00:00+01:00,bus098,0.0
2030,sc01,12-30 20:00:00+01:00,bus053,0.0
2030,sc01,12-30 20:00:00+01:00,bus085,0.0
2030,sc01,12-30 20:00:00+01:00,bus101,0.0
2030,sc01,12-30 20:00:00+01:00,bus018,0.0
2030,sc01,12-30 20:00:00+01:00,bus023,0.0
2030,sc01,12-30 20:00:00+01:00,bus088,0.0
2030,sc01,12-30 20:00:00+01:00,bus116,0.0
2030,sc01,12-30 20:00:00+01:00,bus103,0.0
2030,sc01,12-30 20:00:00+01:00,bus008,0.0
2030,sc01,12-30 20:00:00+01:00,bus105,0.0
2030,sc01,12-30 20:00:00+01:00,bus060,0.0
2030,sc01,12-30 20:00:00+01:00,bus016,0.0
2030,sc01,12-30 20:00:00+01:00,bus082,0.0
2030,sc01,12-30 20:00:00+01:00,bus047,0.0
2030,sc01,12-30 20:00:00+01:00,bus019,0.0
2030,sc01,12-30 20:00:00+01:00,bus037,0.0
2030,sc01,12-30 20:00:00+01:00,bus006,0.0
2030,sc01,12-30 20:00:00+01:00,bus080,0.0
2030,sc01,12-30 20:00:00+01:00,bus031,0.0
2030,sc01,12-30 20:00:00+01:00,bus048,0.0
2030,sc01,12-30 20:00:00+01:00,bus107,0.0
2030,sc01,12-30 20:00:00+01:00,bus049,0.0
2030,sc01,12-30 20:00:00+01:00,bus104,0.0
2030,sc01,12-30 20:00:00+01:00,bus100,0.0
2030,sc01,12-30 20:00:00+01:00,bus072,0.0
2030,sc01,12-30 20:00:00+01:00,bus039,0.0
2030,sc01,12-30 20:00:00+01:00,bus012,0.0
2030,sc01,12-30 20:00:00+01:00,bus114,0.0
2030,sc01,12-30 20:00:00+01:00,bus112,0.0
2030,sc01,12-30 20:00:00+01:00,bus058,0.0
2030,sc01,12-30 20:00:00+01:00,bus089,0.0
2030,sc01,12-30 20:00:00+01:00,bus051,0.0
2030,sc01,12-30 20:00:00+01:00,bus056,0.0
2030,sc01,12-30 20:00:00+01:00,bus092,0.0
2030,sc01,12-30 20:00:00+01:00,bus036,0.0
2030,sc01,12-30 20:00:00+01:00,bus094,0.0
2030,sc01,12-30 20:00:00+01:00,bus095,0.0
2030,sc01,12-30 20:00:00+01:00,bus113,0.0
2030,sc01,12-30 20:00:00+01:00,bus024,0.0
2030,sc01,12-30 20:00:00+01:00,bus078,0.0
2030,sc01,12-30 20:00:00+01:00,bus033,0.0
2030,sc01,12-30 20:00:00+01:00,bus079,0.0
2030,sc01,12-30 20:00:00+01:00,bus061,0.0
2030,sc01,12-30 20:00:00+01:00,bus118,0.0
2030,sc01,12-30 20:00:00+01:00,bus003,0.0
2030,sc01,12-30 20:00:00+01:00,bus070,0.0
2030,sc01,12-30 20:00:00+01:00,bus004,0.0
2030,sc01,12-30 20:00:00+01:00,bus021,0.0
2030,sc01,12-30 20:00:00+01:00,bus068,0.0
2030,sc01,12-30 20:00:00+01:00,bus028,0.0
2030,sc01,12-30 20:00:00+01:00,bus034,0.0
2030,sc01,12-30 20:00:00+01:00,bus075,0.0
2030,sc01,12-30 20:00:00+01:00,bus064,0.0
2030,sc01,12-30 20:00:00+01:00,bus106,0.0
2030,sc01,12-30 20:00:00+01:00,bus076,0.0
2030,sc01,12-30 20:00:00+01:00,bus046,0.0
2030,sc01,12-30 20:00:00+01:00,bus007,0.0
2030,sc01,12-30 20:00:00+01:00,bus035,0.0
2030,sc01,12-30 20:00:00+01:00,bus117,0.0
2030,sc01,12-30 20:00:00+01:00,bus041,0.0
2030,sc01,12-30 20:00:00+01:00,bus102,0.0
2030,sc01,12-30 20:00:00+01:00,bus026,0.0
2030,sc01,12-30 20:00:00+01:00,bus077,0.0
2030,sc01,12-30 20:00:00+01:00,bus044,0.0
2030,sc01,12-30 20:00:00+01:00,bus091,0.0
2030,sc01,12-30 20:00:00+01:00,bus062,0.0
