Period,Scenario,LoadLevel,InitialNode,FinalNode,Circuit,p.u.
2030,sc01,01-02 00:00:00+01:00,Node_1,Node_3,cac1,0.0
2030,sc01,01-02 00:00:00+01:00,Node_1,Node_2,cac1,0.0
2030,sc01,01-02 00:00:00+01:00,Node_2,Node_3,cac3,0.0
2030,sc01,01-02 00:00:00+01:00,Node_2,Node_3,cac2,-0.037499999999994316
2030,sc01,01-02 00:00:00+01:00,Node_1,Node_3,cac3,0.0
2030,sc01,01-02 00:00:00+01:00,Node_1,Node_3,cac2,0.0
2030,sc01,01-02 00:00:00+01:00,Node_1,Node_2,cac3,0.0
2030,sc01,01-02 00:00:00+01:00,Node_1,Node_3,eac1,-0.075
2030,sc01,01-02 00:00:00+01:00,Node_1,Node_2,cac2,0.0
2030,sc01,01-02 00:00:00+01:00,Node_2,Node_3,eac1,-0.075
2030,sc01,01-02 00:00:00+01:00,Node_2,Node_3,cac1,-0.018749999999997158
2030,sc01,01-02 00:00:00+01:00,Node_1,Node_2,eac1,-0.065625
2030,sc01,01-02 01:00:00+01:00,Node_1,Node_3,cac1,0.0
2030,sc01,01-02 01:00:00+01:00,Node_1,Node_2,cac1,0.0
2030,sc01,01-02 01:00:00+01:00,Node_2,Node_3,cac3,0.0
2030,sc01,01-02 01:00:00+01:00,Node_2,Node_3,cac2,-0.037499999999994316
2030,sc01,01-02 01:00:00+01:00,Node_1,Node_3,cac3,0.0
2030,sc01,01-02 01:00:00+01:00,Node_1,Node_3,cac2,0.0
2030,sc01,01-02 01:00:00+01:00,Node_1,Node_2,cac3,0.0
2030,sc01,01-02 01:00:00+01:00,Node_1,Node_3,eac1,-0.075
2030,sc01,01-02 01:00:00+01:00,Node_1,Node_2,cac2,0.0
2030,sc01,01-02 01:00:00+01:00,Node_2,Node_3,eac1,-0.075
2030,sc01,01-02 01:00:00+01:00,Node_2,Node_3,cac1,-0.018749999999997158
2030,sc01,01-02 01:00:00+01:00,Node_1,Node_2,eac1,-0.065625
2030,sc01,01-02 02:00:00+01:00,Node_1,Node_3,cac1,0.0
2030,sc01,01-02 02:00:00+01:00,Node_1,Node_2,cac1,0.0
2030,sc01,01-02 02:00:00+01:00,Node_2,Node_3,cac3,0.0
2030,sc01,01-02 02:00:00+01:00,Node_2,Node_3,cac2,-0.037499999999994316
2030,sc01,01-02 02:00:00+01:00,Node_1,Node_3,cac3,0.0
2030,sc01,01-02 02:00:00+01:00,Node_1,Node_3,cac2,0.0
2030,sc01,01-02 02:00:00+01:00,Node_1,Node_2,cac3,0.0
2030,sc01,01-02 02:00:00+01:00,Node_1,Node_3,eac1,-0.075
2030,sc01,01-02 02:00:00+01:00,Node_1,Node_2,cac2,0.0
2030,sc01,01-02 02:00:00+01:00,Node_2,Node_3,eac1,-0.075
2030,sc01,01-02 02:00:00+01:00,Node_2,Node_3,cac1,-0.018749999999997158
2030,sc01,01-02 02:00:00+01:00,Node_1,Node_2,eac1,-0.065625
2030,sc01,01-02 03:00:00+01:00,Node_1,Node_3,cac1,0.0
2030,sc01,01-02 03:00:00+01:00,Node_1,Node_2,cac1,0.0
2030,sc01,01-02 03:00:00+01:00,Node_2,Node_3,cac3,0.0
2030,sc01,01-02 03:00:00+01:00,Node_2,Node_3,cac2,-0.037499999999994316
2030,sc01,01-02 03:00:00+01:00,Node_1,Node_3,cac3,0.0
2030,sc01,01-02 03:00:00+01:00,Node_1,Node_3,cac2,0.0
2030,sc01,01-02 03:00:00+01:00,Node_1,Node_2,cac3,0.0
2030,sc01,01-02 03:00:00+01:00,Node_1,Node_3,eac1,-0.075
2030,sc01,01-02 03:00:00+01:00,Node_1,Node_2,cac2,0.0
2030,sc01,01-02 03:00:00+01:00,Node_2,Node_3,eac1,-0.075
2030,sc01,01-02 03:00:00+01:00,Node_2,Node_3,cac1,-0.018749999999997158
2030,sc01,01-02 03:00:00+01:00,Node_1,Node_2,eac1,-0.065625
2030,sc01,01-02 04:00:00+01:00,Node_1,Node_3,cac1,0.0
2030,sc01,01-02 04:00:00+01:00,Node_1,Node_2,cac1,0.0
2030,sc01,01-02 04:00:00+01:00,Node_2,Node_3,cac3,0.0
2030,sc01,01-02 04:00:00+01:00,Node_2,Node_3,cac2,-0.037499999999994316
2030,sc01,01-02 04:00:00+01:00,Node_1,Node_3,cac3,0.0
2030,sc01,01-02 04:00:00+01:00,Node_1,Node_3,cac2,0.0
2030,sc01,01-02 04:00:00+01:00,Node_1,Node_2,cac3,0.0
2030,sc01,01-02 04:00:00+01:00,Node_1,Node_3,eac1,-0.075
2030,sc01,01-02 04:00:00+01:00,Node_1,Node_2,cac2,0.0
2030,sc01,01-02 04:00:00+01:00,Node_2,Node_3,eac1,-0.075
2030,sc01,01-02 04:00:00+01:00,Node_2,Node_3,cac1,-0.018749999999997158
2030,sc01,01-02 04:00:00+01:00,Node_1,Node_2,eac1,-0.065625
2030,sc01,01-02 05:00:00+01:00,Node_1,Node_3,cac1,0.0
2030,sc01,01-02 05:00:00+01:00,Node_1,Node_2,cac1,0.0
2030,sc01,01-02 05:00:00+01:00,Node_2,Node_3,cac3,0.0
2030,sc01,01-02 05:00:00+01:00,Node_2,Node_3,cac2,-0.037499999999994316
2030,sc01,01-02 05:00:00+01:00,Node_1,Node_3,cac3,0.0
2030,sc01,01-02 05:00:00+01:00,Node_1,Node_3,cac2,0.0
2030,sc01,01-02 05:00:00+01:00,Node_1,Node_2,cac3,0.0
2030,sc01,01-02 05:00:00+01:00,Node_1,Node_3,eac1,-0.075
2030,sc01,01-02 05:00:00+01:00,Node_1,Node_2,cac2,0.0
2030,sc01,01-02 05:00:00+01:00,Node_2,Node_3,eac1,-0.075
2030,sc01,01-02 05:00:00+01:00,Node_2,Node_3,cac1,-0.018749999999997158
2030,sc01,01-02 05:00:00+01:00,Node_1,Node_2,eac1,-0.065625
2030,sc01,01-02 06:00:00+01:00,Node_1,Node_3,cac1,0.0
2030,sc01,01-02 06:00:00+01:00,Node_1,Node_2,cac1,0.0
2030,sc01,01-02 06:00:00+01:00,Node_2,Node_3,cac3,0.0
2030,sc01,01-02 06:00:00+01:00,Node_2,Node_3,cac2,-0.037499999999994316
2030,sc01,01-02 06:00:00+01:00,Node_1,Node_3,cac3,0.0
2030,sc01,01-02 06:00:00+01:00,Node_1,Node_3,cac2,0.0
2030,sc01,01-02 06:00:00+01:00,Node_1,Node_2,cac3,0.0
2030,sc01,01-02 06:00:00+01:00,Node_1,Node_3,eac1,-0.075
2030,sc01,01-02 06:00:00+01:00,Node_1,Node_2,cac2,0.0
2030,sc01,01-02 06:00:00+01:00,Node_2,Node_3,eac1,-0.075
2030,sc01,01-02 06:00:00+01:00,Node_2,Node_3,cac1,-0.018749999999997158
2030,sc01,01-02 06:00:00+01:00,Node_1,Node_2,eac1,-0.065625
2030,sc01,01-02 07:00:00+01:00,Node_1,Node_3,cac1,0.0
2030,sc01,01-02 07:00:00+01:00,Node_1,Node_2,cac1,0.0
2030,sc01,01-02 07:00:00+01:00,Node_2,Node_3,cac3,0.0
2030,sc01,01-02 07:00:00+01:00,Node_2,Node_3,cac2,-0.037499999999994316
2030,sc01,01-02 07:00:00+01:00,Node_1,Node_3,cac3,0.0
2030,sc01,01-02 07:00:00+01:00,Node_1,Node_3,cac2,0.0
2030,sc01,01-02 07:00:00+01:00,Node_1,Node_2,cac3,0.0
2030,sc01,01-02 07:00:00+01:00,Node_1,Node_3,eac1,-0.075
2030,sc01,01-02 07:00:00+01:00,Node_1,Node_2,cac2,0.0
2030,sc01,01-02 07:00:00+01:00,Node_2,Node_3,eac1,-0.075
2030,sc01,01-02 07:00:00+01:00,Node_2,Node_3,cac1,-0.018749999999997158
2030,sc01,01-02 07:00:00+01:00,Node_1,Node_2,eac1,-0.065625
2030,sc01,01-02 08:00:00+01:00,Node_1,Node_3,cac1,0.0
2030,sc01,01-02 08:00:00+01:00,Node_1,Node_2,cac1,0.0
2030,sc01,01-02 08:00:00+01:00,Node_2,Node_3,cac3,0.0
2030,sc01,01-02 08:00:00+01:00,Node_2,Node_3,cac2,-0.037499999999994316
2030,sc01,01-02 08:00:00+01:00,Node_1,Node_3,cac3,0.0
2030,sc01,01-02 08:00:00+01:00,Node_1,Node_3,cac2,0.0
2030,sc01,01-02 08:00:00+01:00,Node_1,Node_2,cac3,0.0
2030,sc01,01-02 08:00:00+01:00,Node_1,Node_3,eac1,-0.075
2030,sc01,01-02 08:00:00+01:00,Node_1,Node_2,cac2,0.0
2030,sc01,01-02 08:00:00+01:00,Node_2,Node_3,eac1,-0.075
2030,sc01,01-02 08:00:00+01:00,Node_2,Node_3,cac1,-0.018749999999997158
2030,sc01,01-02 08:00:00+01:00,Node_1,Node_2,eac1,-0.065625
2030,sc01,01-02 09:00:00+01:00,Node_1,Node_3,cac1,0.0
2030,sc01,01-02 09:00:00+01:00,Node_1,Node_2,cac1,0.0
2030,sc01,01-02 09:00:00+01:00,Node_2,Node_3,cac3,0.0
2030,sc01,01-02 09:00:00+01:00,Node_2,Node_3,cac2,-0.037499999999994316
2030,sc01,01-02 09:00:00+01:00,Node_1,Node_3,cac3,0.0
2030,sc01,01-02 09:00:00+01:00,Node_1,Node_3,cac2,0.0
2030,sc01,01-02 09:00:00+01:00,Node_1,Node_2,cac3,0.0
2030,sc01,01-02 09:00:00+01:00,Node_1,Node_3,eac1,-0.075
2030,sc01,01-02 09:00:00+01:00,Node_1,Node_2,cac2,0.0
2030,sc01,01-02 09:00:00+01:00,Node_2,Node_3,eac1,-0.075
2030,sc01,01-02 09:00:00+01:00,Node_2,Node_3,cac1,-0.018749999999997158
2030,sc01,01-02 09:00:00+01:00,Node_1,Node_2,eac1,-0.065625
2030,sc01,01-02 10:00:00+01:00,Node_1,Node_3,cac1,0.0
2030,sc01,01-02 10:00:00+01:00,Node_1,Node_2,cac1,0.0
2030,sc01,01-02 10:00:00+01:00,Node_2,Node_3,cac3,0.0
2030,sc01,01-02 10:00:00+01:00,Node_2,Node_3,cac2,-0.037499999999994316
2030,sc01,01-02 10:00:00+01:00,Node_1,Node_3,cac3,0.0
2030,sc01,01-02 10:00:00+01:00,Node_1,Node_3,cac2,0.0
2030,sc01,01-02 10:00:00+01:00,Node_1,Node_2,cac3,0.0
2030,sc01,01-02 10:00:00+01:00,Node_1,Node_3,eac1,-0.075
2030,sc01,01-02 10:00:00+01:00,Node_1,Node_2,cac2,0.0
2030,sc01,01-02 10:00:00+01:00,Node_2,Node_3,eac1,-0.075
2030,sc01,01-02 10:00:00+01:00,Node_2,Node_3,cac1,-0.018749999999997158
2030,sc01,01-02 10:00:00+01:00,Node_1,Node_2,eac1,-0.065625
2030,sc01,01-02 11:00:00+01:00,Node_1,Node_3,cac1,0.0
2030,sc01,01-02 11:00:00+01:00,Node_1,Node_2,cac1,0.0
2030,sc01,01-02 11:00:00+01:00,Node_2,Node_3,cac3,0.0
2030,sc01,01-02 11:00:00+01:00,Node_2,Node_3,cac2,-0.037499999999994316
2030,sc01,01-02 11:00:00+01:00,Node_1,Node_3,cac3,0.0
2030,sc01,01-02 11:00:00+01:00,Node_1,Node_3,cac2,0.0
2030,sc01,01-02 11:00:00+01:00,Node_1,Node_2,cac3,0.0
2030,sc01,01-02 11:00:00+01:00,Node_1,Node_3,eac1,-0.075
2030,sc01,01-02 11:00:00+01:00,Node_1,Node_2,cac2,0.0
2030,sc01,01-02 11:00:00+01:00,Node_2,Node_3,eac1,-0.075
2030,sc01,01-02 11:00:00+01:00,Node_2,Node_3,cac1,-0.018749999999997158
2030,sc01,01-02 11:00:00+01:00,Node_1,Node_2,eac1,-0.065625
2030,sc01,01-02 12:00:00+01:00,Node_1,Node_3,cac1,0.0
2030,sc01,01-02 12:00:00+01:00,Node_1,Node_2,cac1,0.0
2030,sc01,01-02 12:00:00+01:00,Node_2,Node_3,cac3,0.0
2030,sc01,01-02 12:00:00+01:00,Node_2,Node_3,cac2,-0.037499999999994316
2030,sc01,01-02 12:00:00+01:00,Node_1,Node_3,cac3,0.0
2030,sc01,01-02 12:00:00+01:00,Node_1,Node_3,cac2,0.0
2030,sc01,01-02 12:00:00+01:00,Node_1,Node_2,cac3,0.0
2030,sc01,01-02 12:00:00+01:00,Node_1,Node_3,eac1,-0.075
2030,sc01,01-02 12:00:00+01:00,Node_1,Node_2,cac2,0.0
2030,sc01,01-02 12:00:00+01:00,Node_2,Node_3,eac1,-0.075
2030,sc01,01-02 12:00:00+01:00,Node_2,Node_3,cac1,-0.018749999999997158
2030,sc01,01-02 12:00:00+01:00,Node_1,Node_2,eac1,-0.065625
2030,sc01,01-02 13:00:00+01:00,Node_1,Node_3,cac1,0.0
2030,sc01,01-02 13:00:00+01:00,Node_1,Node_2,cac1,0.0
2030,sc01,01-02 13:00:00+01:00,Node_2,Node_3,cac3,0.0
2030,sc01,01-02 13:00:00+01:00,Node_2,Node_3,cac2,-0.037499999999994316
2030,sc01,01-02 13:00:00+01:00,Node_1,Node_3,cac3,0.0
2030,sc01,01-02 13:00:00+01:00,Node_1,Node_3,cac2,0.0
2030,sc01,01-02 13:00:00+01:00,Node_1,Node_2,cac3,0.0
2030,sc01,01-02 13:00:00+01:00,Node_1,Node_3,eac1,-0.075
2030,sc01,01-02 13:00:00+01:00,Node_1,Node_2,cac2,0.0
2030,sc01,01-02 13:00:00+01:00,Node_2,Node_3,eac1,-0.075
2030,sc01,01-02 13:00:00+01:00,Node_2,Node_3,cac1,-0.018749999999997158
2030,sc01,01-02 13:00:00+01:00,Node_1,Node_2,eac1,-0.065625
2030,sc01,01-02 14:00:00+01:00,Node_1,Node_3,cac1,0.0
2030,sc01,01-02 14:00:00+01:00,Node_1,Node_2,cac1,0.0
2030,sc01,01-02 14:00:00+01:00,Node_2,Node_3,cac3,0.0
2030,sc01,01-02 14:00:00+01:00,Node_2,Node_3,cac2,-0.037499999999994316
2030,sc01,01-02 14:00:00+01:00,Node_1,Node_3,cac3,0.0
2030,sc01,01-02 14:00:00+01:00,Node_1,Node_3,cac2,0.0
2030,sc01,01-02 14:00:00+01:00,Node_1,Node_2,cac3,0.0
2030,sc01,01-02 14:00:00+01:00,Node_1,Node_3,eac1,-0.075
2030,sc01,01-02 14:00:00+01:00,Node_1,Node_2,cac2,0.0
2030,sc01,01-02 14:00:00+01:00,Node_2,Node_3,eac1,-0.075
2030,sc01,01-02 14:00:00+01:00,Node_2,Node_3,cac1,-0.018749999999997158
2030,sc01,01-02 14:00:00+01:00,Node_1,Node_2,eac1,-0.065625
2030,sc01,01-02 15:00:00+01:00,Node_1,Node_3,cac1,0.0
2030,sc01,01-02 15:00:00+01:00,Node_1,Node_2,cac1,0.0
2030,sc01,01-02 15:00:00+01:00,Node_2,Node_3,cac3,0.0
2030,sc01,01-02 15:00:00+01:00,Node_2,Node_3,cac2,-0.037499999999994316
2030,sc01,01-02 15:00:00+01:00,Node_1,Node_3,cac3,0.0
2030,sc01,01-02 15:00:00+01:00,Node_1,Node_3,cac2,0.0
2030,sc01,01-02 15:00:00+01:00,Node_1,Node_2,cac3,0.0
2030,sc01,01-02 15:00:00+01:00,Node_1,Node_3,eac1,-0.075
2030,sc01,01-02 15:00:00+01:00,Node_1,Node_2,cac2,0.0
2030,sc01,01-02 15:00:00+01:00,Node_2,Node_3,eac1,-0.075
2030,sc01,01-02 15:00:00+01:00,Node_2,Node_3,cac1,-0.018749999999997158
2030,sc01,01-02 15:00:00+01:00,Node_1,Node_2,eac1,-0.065625
2030,sc01,01-02 16:00:00+01:00,Node_1,Node_3,cac1,0.0
2030,sc01,01-02 16:00:00+01:00,Node_1,Node_2,cac1,0.0
2030,sc01,01-02 16:00:00+01:00,Node_2,Node_3,cac3,0.0
2030,sc01,01-02 16:00:00+01:00,Node_2,Node_3,cac2,-0.037499999999994316
2030,sc01,01-02 16:00:00+01:00,Node_1,Node_3,cac3,0.0
2030,sc01,01-02 16:00:00+01:00,Node_1,Node_3,cac2,0.0
2030,sc01,01-02 16:00:00+01:00,Node_1,Node_2,cac3,0.0
2030,sc01,01-02 16:00:00+01:00,Node_1,Node_3,eac1,-0.075
2030,sc01,01-02 16:00:00+01:00,Node_1,Node_2,cac2,0.0
2030,sc01,01-02 16:00:00+01:00,Node_2,Node_3,eac1,-0.075
2030,sc01,01-02 16:00:00+01:00,Node_2,Node_3,cac1,-0.018749999999997158
2030,sc01,01-02 16:00:00+01:00,Node_1,Node_2,eac1,-0.065625
2030,sc01,01-02 17:00:00+01:00,Node_1,Node_3,cac1,0.0
2030,sc01,01-02 17:00:00+01:00,Node_1,Node_2,cac1,0.0
2030,sc01,01-02 17:00:00+01:00,Node_2,Node_3,cac3,0.0
2030,sc01,01-02 17:00:00+01:00,Node_2,Node_3,cac2,-0.037499999999994316
2030,sc01,01-02 17:00:00+01:00,Node_1,Node_3,cac3,0.0
2030,sc01,01-02 17:00:00+01:00,Node_1,Node_3,cac2,0.0
2030,sc01,01-02 17:00:00+01:00,Node_1,Node_2,cac3,0.0
2030,sc01,01-02 17:00:00+01:00,Node_1,Node_3,eac1,-0.075
2030,sc01,01-02 17:00:00+01:00,Node_1,Node_2,cac2,0.0
2030,sc01,01-02 17:00:00+01:00,Node_2,Node_3,eac1,-0.075
2030,sc01,01-02 17:00:00+01:00,Node_2,Node_3,cac1,-0.018749999999997158
2030,sc01,01-02 17:00:00+01:00,Node_1,Node_2,eac1,-0.065625
2030,sc01,01-02 18:00:00+01:00,Node_1,Node_3,cac1,0.0
2030,sc01,01-02 18:00:00+01:00,Node_1,Node_2,cac1,0.0
2030,sc01,01-02 18:00:00+01:00,Node_2,Node_3,cac3,0.0
2030,sc01,01-02 18:00:00+01:00,Node_2,Node_3,cac2,-0.037499999999994316
2030,sc01,01-02 18:00:00+01:00,Node_1,Node_3,cac3,0.0
2030,sc01,01-02 18:00:00+01:00,Node_1,Node_3,cac2,0.0
2030,sc01,01-02 18:00:00+01:00,Node_1,Node_2,cac3,0.0
2030,sc01,01-02 18:00:00+01:00,Node_1,Node_3,eac1,-0.075
2030,sc01,01-02 18:00:00+01:00,Node_1,Node_2,cac2,0.0
2030,sc01,01-02 18:00:00+01:00,Node_2,Node_3,eac1,-0.075
2030,sc01,01-02 18:00:00+01:00,Node_2,Node_3,cac1,-0.018749999999997158
2030,sc01,01-02 18:00:00+01:00,Node_1,Node_2,eac1,-0.065625
2030,sc01,01-02 19:00:00+01:00,Node_1,Node_3,cac1,0.0
2030,sc01,01-02 19:00:00+01:00,Node_1,Node_2,cac1,0.0
2030,sc01,01-02 19:00:00+01:00,Node_2,Node_3,cac3,0.0
2030,sc01,01-02 19:00:00+01:00,Node_2,Node_3,cac2,-0.037499999999994316
2030,sc01,01-02 19:00:00+01:00,Node_1,Node_3,cac3,0.0
2030,sc01,01-02 19:00:00+01:00,Node_1,Node_3,cac2,0.0
2030,sc01,01-02 19:00:00+01:00,Node_1,Node_2,cac3,0.0
2030,sc01,01-02 19:00:00+01:00,Node_1,Node_3,eac1,-0.075
2030,sc01,01-02 19:00:00+01:00,Node_1,Node_2,cac2,0.0
2030,sc01,01-02 19:00:00+01:00,Node_2,Node_3,eac1,-0.075
2030,sc01,01-02 19:00:00+01:00,Node_2,Node_3,cac1,-0.018749999999997158
2030,sc01,01-02 19:00:00+01:00,Node_1,Node_2,eac1,-0.065625
2030,sc01,01-02 20:00:00+01:00,Node_1,Node_3,cac1,0.0
2030,sc01,01-02 20:00:00+01:00,Node_1,Node_2,cac1,0.0
2030,sc01,01-02 20:00:00+01:00,Node_2,Node_3,cac3,0.0
2030,sc01,01-02 20:00:00+01:00,Node_2,Node_3,cac2,-0.037499999999994316
2030,sc01,01-02 20:00:00+01:00,Node_1,Node_3,cac3,0.0
2030,sc01,01-02 20:00:00+01:00,Node_1,Node_3,cac2,0.0
2030,sc01,01-02 20:00:00+01:00,Node_1,Node_2,cac3,0.0
2030,sc01,01-02 20:00:00+01:00,Node_1,Node_3,eac1,-0.075
2030,sc01,01-02 20:00:00+01:00,Node_1,Node_2,cac2,0.0
2030,sc01,01-02 20:00:00+01:00,Node_2,Node_3,eac1,-0.075
2030,sc01,01-02 20:00:00+01:00,Node_2,Node_3,cac1,-0.018749999999997158
2030,sc01,01-02 20:00:00+01:00,Node_1,Node_2,eac1,-0.065625
2030,sc01,01-02 21:00:00+01:00,Node_1,Node_3,cac1,0.0
2030,sc01,01-02 21:00:00+01:00,Node_1,Node_2,cac1,0.0
2030,sc01,01-02 21:00:00+01:00,Node_2,Node_3,cac3,0.0
2030,sc01,01-02 21:00:00+01:00,Node_2,Node_3,cac2,-0.037499999999994316
2030,sc01,01-02 21:00:00+01:00,Node_1,Node_3,cac3,0.0
2030,sc01,01-02 21:00:00+01:00,Node_1,Node_3,cac2,0.0
2030,sc01,01-02 21:00:00+01:00,Node_1,Node_2,cac3,0.0
2030,sc01,01-02 21:00:00+01:00,Node_1,Node_3,eac1,-0.075
2030,sc01,01-02 21:00:00+01:00,Node_1,Node_2,cac2,0.0
2030,sc01,01-02 21:00:00+01:00,Node_2,Node_3,eac1,-0.075
2030,sc01,01-02 21:00:00+01:00,Node_2,Node_3,cac1,-0.018749999999997158
2030,sc01,01-02 21:00:00+01:00,Node_1,Node_2,eac1,-0.065625
2030,sc01,01-02 22:00:00+01:00,Node_1,Node_3,cac1,0.0
2030,sc01,01-02 22:00:00+01:00,Node_1,Node_2,cac1,0.0
2030,sc01,01-02 22:00:00+01:00,Node_2,Node_3,cac3,0.0
2030,sc01,01-02 22:00:00+01:00,Node_2,Node_3,cac2,-0.037499999999994316
2030,sc01,01-02 22:00:00+01:00,Node_1,Node_3,cac3,0.0
2030,sc01,01-02 22:00:00+01:00,Node_1,Node_3,cac2,0.0
2030,sc01,01-02 22:00:00+01:00,Node_1,Node_2,cac3,0.0
2030,sc01,01-02 22:00:00+01:00,Node_1,Node_3,eac1,-0.075
2030,sc01,01-02 22:00:00+01:00,Node_1,Node_2,cac2,0.0
2030,sc01,01-02 22:00:00+01:00,Node_2,Node_3,eac1,-0.075
2030,sc01,01-02 22:00:00+01:00,Node_2,Node_3,cac1,-0.018749999999997158
2030,sc01,01-02 22:00:00+01:00,Node_1,Node_2,eac1,-0.065625
2030,sc01,01-02 23:00:00+01:00,Node_1,Node_3,cac1,0.0
2030,sc01,01-02 23:00:00+01:00,Node_1,Node_2,cac1,0.0
2030,sc01,01-02 23:00:00+01:00,Node_2,Node_3,cac3,0.0
2030,sc01,01-02 23:00:00+01:00,Node_2,Node_3,cac2,-0.037499999999994316
2030,sc01,01-02 23:00:00+01:00,Node_1,Node_3,cac3,0.0
2030,sc01,01-02 23:00:00+01:00,Node_1,Node_3,cac2,0.0
2030,sc01,01-02 23:00:00+01:00,Node_1,Node_2,cac3,0.0
2030,sc01,01-02 23:00:00+01:00,Node_1,Node_3,eac1,-0.075
2030,sc01,01-02 23:00:00+01:00,Node_1,Node_2,cac2,0.0
2030,sc01,01-02 23:00:00+01:00,Node_2,Node_3,eac1,-0.075
2030,sc01,01-02 23:00:00+01:00,Node_2,Node_3,cac1,-0.018749999999997158
2030,sc01,01-02 23:00:00+01:00,Node_1,Node_2,eac1,-0.065625
2030,sc01,01-03 00:00:00+01:00,Node_1,Node_3,cac1,0.0
2030,sc01,01-03 00:00:00+01:00,Node_1,Node_2,cac1,0.0
2030,sc01,01-03 00:00:00+01:00,Node_2,Node_3,cac3,0.0
2030,sc01,01-03 00:00:00+01:00,Node_2,Node_3,cac2,-0.037499999999994316
2030,sc01,01-03 00:00:00+01:00,Node_1,Node_3,cac3,0.0
2030,sc01,01-03 00:00:00+01:00,Node_1,Node_3,cac2,0.0
2030,sc01,01-03 00:00:00+01:00,Node_1,Node_2,cac3,0.0
2030,sc01,01-03 00:00:00+01:00,Node_1,Node_3,eac1,-0.075
2030,sc01,01-03 00:00:00+01:00,Node_1,Node_2,cac2,0.0
2030,sc01,01-03 00:00:00+01:00,Node_2,Node_3,eac1,-0.075
2030,sc01,01-03 00:00:00+01:00,Node_2,Node_3,cac1,-0.018749999999997158
2030,sc01,01-03 00:00:00+01:00,Node_1,Node_2,eac1,-0.065625
2030,sc01,01-03 01:00:00+01:00,Node_1,Node_3,cac1,0.0
2030,sc01,01-03 01:00:00+01:00,Node_1,Node_2,cac1,0.0
2030,sc01,01-03 01:00:00+01:00,Node_2,Node_3,cac3,0.0
2030,sc01,01-03 01:00:00+01:00,Node_2,Node_3,cac2,-0.037499999999994316
2030,sc01,01-03 01:00:00+01:00,Node_1,Node_3,cac3,0.0
2030,sc01,01-03 01:00:00+01:00,Node_1,Node_3,cac2,0.0
2030,sc01,01-03 01:00:00+01:00,Node_1,Node_2,cac3,0.0
2030,sc01,01-03 01:00:00+01:00,Node_1,Node_3,eac1,-0.075
2030,sc01,01-03 01:00:00+01:00,Node_1,Node_2,cac2,0.0
2030,sc01,01-03 01:00:00+01:00,Node_2,Node_3,eac1,-0.075
2030,sc01,01-03 01:00:00+01:00,Node_2,Node_3,cac1,-0.018749999999997158
2030,sc01,01-03 01:00:00+01:00,Node_1,Node_2,eac1,-0.065625
2030,sc01,01-03 02:00:00+01:00,Node_1,Node_3,cac1,0.0
2030,sc01,01-03 02:00:00+01:00,Node_1,Node_2,cac1,0.0
2030,sc01,01-03 02:00:00+01:00,Node_2,Node_3,cac3,0.0
2030,sc01,01-03 02:00:00+01:00,Node_2,Node_3,cac2,-0.037499999999994316
2030,sc01,01-03 02:00:00+01:00,Node_1,Node_3,cac3,0.0
2030,sc01,01-03 02:00:00+01:00,Node_1,Node_3,cac2,0.0
2030,sc01,01-03 02:00:00+01:00,Node_1,Node_2,cac3,0.0
2030,sc01,01-03 02:00:00+01:00,Node_1,Node_3,eac1,-0.075
2030,sc01,01-03 02:00:00+01:00,Node_1,Node_2,cac2,0.0
2030,sc01,01-03 02:00:00+01:00,Node_2,Node_3,eac1,-0.075
2030,sc01,01-03 02:00:00+01:00,Node_2,Node_3,cac1,-0.018749999999997158
2030,sc01,01-03 02:00:00+01:00,Node_1,Node_2,eac1,-0.065625
2030,sc01,01-03 03:00:00+01:00,Node_1,Node_3,cac1,0.0
2030,sc01,01-03 03:00:00+01:00,Node_1,Node_2,cac1,0.0
2030,sc01,01-03 03:00:00+01:00,Node_2,Node_3,cac3,0.0
2030,sc01,01-03 03:00:00+01:00,Node_2,Node_3,cac2,-0.037499999999994316
2030,sc01,01-03 03:00:00+01:00,Node_1,Node_3,cac3,0.0
2030,sc01,01-03 03:00:00+01:00,Node_1,Node_3,cac2,0.0
2030,sc01,01-03 03:00:00+01:00,Node_1,Node_2,cac3,0.0
2030,sc01,01-03 03:00:00+01:00,Node_1,Node_3,eac1,-0.075
2030,sc01,01-03 03:00:00+01:00,Node_1,Node_2,cac2,0.0
2030,sc01,01-03 03:00:00+01:00,Node_2,Node_3,eac1,-0.075
2030,sc01,01-03 03:00:00+01:00,Node_2,Node_3,cac1,-0.018749999999997158
2030,sc01,01-03 03:00:00+01:00,Node_1,Node_2,eac1,-0.065625
2030,sc01,01-03 04:00:00+01:00,Node_1,Node_3,cac1,0.0
2030,sc01,01-03 04:00:00+01:00,Node_1,Node_2,cac1,0.0
2030,sc01,01-03 04:00:00+01:00,Node_2,Node_3,cac3,0.0
2030,sc01,01-03 04:00:00+01:00,Node_2,Node_3,cac2,-0.037499999999994316
2030,sc01,01-03 04:00:00+01:00,Node_1,Node_3,cac3,0.0
2030,sc01,01-03 04:00:00+01:00,Node_1,Node_3,cac2,0.0
2030,sc01,01-03 04:00:00+01:00,Node_1,Node_2,cac3,0.0
2030,sc01,01-03 04:00:00+01:00,Node_1,Node_3,eac1,-0.075
2030,sc01,01-03 04:00:00+01:00,Node_1,Node_2,cac2,0.0
2030,sc01,01-03 04:00:00+01:00,Node_2,Node_3,eac1,-0.075
2030,sc01,01-03 04:00:00+01:00,Node_2,Node_3,cac1,-0.018749999999997158
2030,sc01,01-03 04:00:00+01:00,Node_1,Node_2,eac1,-0.065625
2030,sc01,01-03 05:00:00+01:00,Node_1,Node_3,cac1,0.0
2030,sc01,01-03 05:00:00+01:00,Node_1,Node_2,cac1,0.0
2030,sc01,01-03 05:00:00+01:00,Node_2,Node_3,cac3,0.0
2030,sc01,01-03 05:00:00+01:00,Node_2,Node_3,cac2,-0.037499999999994316
2030,sc01,01-03 05:00:00+01:00,Node_1,Node_3,cac3,0.0
2030,sc01,01-03 05:00:00+01:00,Node_1,Node_3,cac2,0.0
2030,sc01,01-03 05:00:00+01:00,Node_1,Node_2,cac3,0.0
2030,sc01,01-03 05:00:00+01:00,Node_1,Node_3,eac1,-0.075
2030,sc01,01-03 05:00:00+01:00,Node_1,Node_2,cac2,0.0
2030,sc01,01-03 05:00:00+01:00,Node_2,Node_3,eac1,-0.075
2030,sc01,01-03 05:00:00+01:00,Node_2,Node_3,cac1,-0.018749999999997158
2030,sc01,01-03 05:00:00+01:00,Node_1,Node_2,eac1,-0.065625
2030,sc01,01-03 06:00:00+01:00,Node_1,Node_3,cac1,0.0
2030,sc01,01-03 06:00:00+01:00,Node_1,Node_2,cac1,0.0
2030,sc01,01-03 06:00:00+01:00,Node_2,Node_3,cac3,0.0
2030,sc01,01-03 06:00:00+01:00,Node_2,Node_3,cac2,-0.037499999999994316
2030,sc01,01-03 06:00:00+01:00,Node_1,Node_3,cac3,0.0
2030,sc01,01-03 06:00:00+01:00,Node_1,Node_3,cac2,0.0
2030,sc01,01-03 06:00:00+01:00,Node_1,Node_2,cac3,0.0
2030,sc01,01-03 06:00:00+01:00,Node_1,Node_3,eac1,-0.075
2030,sc01,01-03 06:00:00+01:00,Node_1,Node_2,cac2,0.0
2030,sc01,01-03 06:00:00+01:00,Node_2,Node_3,eac1,-0.075
2030,sc01,01-03 06:00:00+01:00,Node_2,Node_3,cac1,-0.018749999999997158
2030,sc01,01-03 06:00:00+01:00,Node_1,Node_2,eac1,-0.065625
2030,sc01,01-03 07:00:00+01:00,Node_1,Node_3,cac1,0.0
2030,sc01,01-03 07:00:00+01:00,Node_1,Node_2,cac1,0.0
2030,sc01,01-03 07:00:00+01:00,Node_2,Node_3,cac3,0.0
2030,sc01,01-03 07:00:00+01:00,Node_2,Node_3,cac2,-0.037499999999994316
2030,sc01,01-03 07:00:00+01:00,Node_1,Node_3,cac3,0.0
2030,sc01,01-03 07:00:00+01:00,Node_1,Node_3,cac2,0.0
2030,sc01,01-03 07:00:00+01:00,Node_1,Node_2,cac3,0.0
2030,sc01,01-03 07:00:00+01:00,Node_1,Node_3,eac1,-0.075
2030,sc01,01-03 07:00:00+01:00,Node_1,Node_2,cac2,0.0
2030,sc01,01-03 07:00:00+01:00,Node_2,Node_3,eac1,-0.075
2030,sc01,01-03 07:00:00+01:00,Node_2,Node_3,cac1,-0.018749999999997158
2030,sc01,01-03 07:00:00+01:00,Node_1,Node_2,eac1,-0.065625
2030,sc01,01-03 08:00:00+01:00,Node_1,Node_3,cac1,0.0
2030,sc01,01-03 08:00:00+01:00,Node_1,Node_2,cac1,0.0
2030,sc01,01-03 08:00:00+01:00,Node_2,Node_3,cac3,0.0
2030,sc01,01-03 08:00:00+01:00,Node_2,Node_3,cac2,-0.037499999999994316
2030,sc01,01-03 08:00:00+01:00,Node_1,Node_3,cac3,0.0
2030,sc01,01-03 08:00:00+01:00,Node_1,Node_3,cac2,0.0
2030,sc01,01-03 08:00:00+01:00,Node_1,Node_2,cac3,0.0
2030,sc01,01-03 08:00:00+01:00,Node_1,Node_3,eac1,-0.075
2030,sc01,01-03 08:00:00+01:00,Node_1,Node_2,cac2,0.0
2030,sc01,01-03 08:00:00+01:00,Node_2,Node_3,eac1,-0.075
2030,sc01,01-03 08:00:00+01:00,Node_2,Node_3,cac1,-0.018749999999997158
2030,sc01,01-03 08:00:00+01:00,Node_1,Node_2,eac1,-0.065625
2030,sc01,01-03 09:00:00+01:00,Node_1,Node_3,cac1,0.0
2030,sc01,01-03 09:00:00+01:00,Node_1,Node_2,cac1,0.0
2030,sc01,01-03 09:00:00+01:00,Node_2,Node_3,cac3,0.0
2030,sc01,01-03 09:00:00+01:00,Node_2,Node_3,cac2,-0.037499999999994316
2030,sc01,01-03 09:00:00+01:00,Node_1,Node_3,cac3,0.0
2030,sc01,01-03 09:00:00+01:00,Node_1,Node_3,cac2,0.0
2030,sc01,01-03 09:00:00+01:00,Node_1,Node_2,cac3,0.0
2030,sc01,01-03 09:00:00+01:00,Node_1,Node_3,eac1,-0.075
2030,sc01,01-03 09:00:00+01:00,Node_1,Node_2,cac2,0.0
2030,sc01,01-03 09:00:00+01:00,Node_2,Node_3,eac1,-0.075
2030,sc01,01-03 09:00:00+01:00,Node_2,Node_3,cac1,-0.018749999999997158
2030,sc01,01-03 09:00:00+01:00,Node_1,Node_2,eac1,-0.065625
2030,sc01,01-03 10:00:00+01:00,Node_1,Node_3,cac1,0.0
2030,sc01,01-03 10:00:00+01:00,Node_1,Node_2,cac1,0.0
2030,sc01,01-03 10:00:00+01:00,Node_2,Node_3,cac3,0.0
2030,sc01,01-03 10:00:00+01:00,Node_2,Node_3,cac2,-0.037499999999994316
2030,sc01,01-03 10:00:00+01:00,Node_1,Node_3,cac3,0.0
2030,sc01,01-03 10:00:00+01:00,Node_1,Node_3,cac2,0.0
2030,sc01,01-03 10:00:00+01:00,Node_1,Node_2,cac3,0.0
2030,sc01,01-03 10:00:00+01:00,Node_1,Node_3,eac1,-0.075
2030,sc01,01-03 10:00:00+01:00,Node_1,Node_2,cac2,0.0
2030,sc01,01-03 10:00:00+01:00,Node_2,Node_3,eac1,-0.075
2030,sc01,01-03 10:00:00+01:00,Node_2,Node_3,cac1,-0.018749999999997158
2030,sc01,01-03 10:00:00+01:00,Node_1,Node_2,eac1,-0.065625
2030,sc01,01-03 11:00:00+01:00,Node_1,Node_3,cac1,0.0
2030,sc01,01-03 11:00:00+01:00,Node_1,Node_2,cac1,0.0
2030,sc01,01-03 11:00:00+01:00,Node_2,Node_3,cac3,0.0
2030,sc01,01-03 11:00:00+01:00,Node_2,Node_3,cac2,-0.037499999999994316
2030,sc01,01-03 11:00:00+01:00,Node_1,Node_3,cac3,0.0
2030,sc01,01-03 11:00:00+01:00,Node_1,Node_3,cac2,0.0
2030,sc01,01-03 11:00:00+01:00,Node_1,Node_2,cac3,0.0
2030,sc01,01-03 11:00:00+01:00,Node_1,Node_3,eac1,-0.075
2030,sc01,01-03 11:00:00+01:00,Node_1,Node_2,cac2,0.0
2030,sc01,01-03 11:00:00+01:00,Node_2,Node_3,eac1,-0.075
2030,sc01,01-03 11:00:00+01:00,Node_2,Node_3,cac1,-0.018749999999997158
2030,sc01,01-03 11:00:00+01:00,Node_1,Node_2,eac1,-0.065625
2030,sc01,01-03 12:00:00+01:00,Node_1,Node_3,cac1,0.0
2030,sc01,01-03 12:00:00+01:00,Node_1,Node_2,cac1,0.0
2030,sc01,01-03 12:00:00+01:00,Node_2,Node_3,cac3,0.0
2030,sc01,01-03 12:00:00+01:00,Node_2,Node_3,cac2,-0.037499999999994316
2030,sc01,01-03 12:00:00+01:00,Node_1,Node_3,cac3,0.0
2030,sc01,01-03 12:00:00+01:00,Node_1,Node_3,cac2,0.0
2030,sc01,01-03 12:00:00+01:00,Node_1,Node_2,cac3,0.0
2030,sc01,01-03 12:00:00+01:00,Node_1,Node_3,eac1,-0.075
2030,sc01,01-03 12:00:00+01:00,Node_1,Node_2,cac2,0.0
2030,sc01,01-03 12:00:00+01:00,Node_2,Node_3,eac1,-0.075
2030,sc01,01-03 12:00:00+01:00,Node_2,Node_3,cac1,-0.018749999999997158
2030,sc01,01-03 12:00:00+01:00,Node_1,Node_2,eac1,-0.065625
2030,sc01,01-03 13:00:00+01:00,Node_1,Node_3,cac1,0.0
2030,sc01,01-03 13:00:00+01:00,Node_1,Node_2,cac1,0.0
2030,sc01,01-03 13:00:00+01:00,Node_2,Node_3,cac3,0.0
2030,sc01,01-03 13:00:00+01:00,Node_2,Node_3,cac2,-0.037499999999994316
2030,sc01,01-03 13:00:00+01:00,Node_1,Node_3,cac3,0.0
2030,sc01,01-03 13:00:00+01:00,Node_1,Node_3,cac2,0.0
2030,sc01,01-03 13:00:00+01:00,Node_1,Node_2,cac3,0.0
2030,sc01,01-03 13:00:00+01:00,Node_1,Node_3,eac1,-0.075
2030,sc01,01-03 13:00:00+01:00,Node_1,Node_2,cac2,0.0
2030,sc01,01-03 13:00:00+01:00,Node_2,Node_3,eac1,-0.075
2030,sc01,01-03 13:00:00+01:00,Node_2,Node_3,cac1,-0.018749999999997158
2030,sc01,01-03 13:00:00+01:00,Node_1,Node_2,eac1,-0.065625
2030,sc01,01-03 14:00:00+01:00,Node_1,Node_3,cac1,0.0
2030,sc01,01-03 14:00:00+01:00,Node_1,Node_2,cac1,0.0
2030,sc01,01-03 14:00:00+01:00,Node_2,Node_3,cac3,0.0
2030,sc01,01-03 14:00:00+01:00,Node_2,Node_3,cac2,-0.037499999999994316
2030,sc01,01-03 14:00:00+01:00,Node_1,Node_3,cac3,0.0
2030,sc01,01-03 14:00:00+01:00,Node_1,Node_3,cac2,0.0
2030,sc01,01-03 14:00:00+01:00,Node_1,Node_2,cac3,0.0
2030,sc01,01-03 14:00:00+01:00,Node_1,Node_3,eac1,-0.075
2030,sc01,01-03 14:00:00+01:00,Node_1,Node_2,cac2,0.0
2030,sc01,01-03 14:00:00+01:00,Node_2,Node_3,eac1,-0.075
2030,sc01,01-03 14:00:00+01:00,Node_2,Node_3,cac1,-0.018749999999997158
2030,sc01,01-03 14:00:00+01:00,Node_1,Node_2,eac1,-0.065625
2030,sc01,01-03 15:00:00+01:00,Node_1,Node_3,cac1,0.0
2030,sc01,01-03 15:00:00+01:00,Node_1,Node_2,cac1,0.0
2030,sc01,01-03 15:00:00+01:00,Node_2,Node_3,cac3,0.0
2030,sc01,01-03 15:00:00+01:00,Node_2,Node_3,cac2,-0.037499999999994316
2030,sc01,01-03 15:00:00+01:00,Node_1,Node_3,cac3,0.0
2030,sc01,01-03 15:00:00+01:00,Node_1,Node_3,cac2,0.0
2030,sc01,01-03 15:00:00+01:00,Node_1,Node_2,cac3,0.0
2030,sc01,01-03 15:00:00+01:00,Node_1,Node_3,eac1,-0.075
2030,sc01,01-03 15:00:00+01:00,Node_1,Node_2,cac2,0.0
2030,sc01,01-03 15:00:00+01:00,Node_2,Node_3,eac1,-0.075
2030,sc01,01-03 15:00:00+01:00,Node_2,Node_3,cac1,-0.018749999999997158
2030,sc01,01-03 15:00:00+01:00,Node_1,Node_2,eac1,-0.065625
2030,sc01,01-03 16:00:00+01:00,Node_1,Node_3,cac1,0.0
2030,sc01,01-03 16:00:00+01:00,Node_1,Node_2,cac1,0.0
2030,sc01,01-03 16:00:00+01:00,Node_2,Node_3,cac3,0.0
2030,sc01,01-03 16:00:00+01:00,Node_2,Node_3,cac2,-0.037499999999994316
2030,sc01,01-03 16:00:00+01:00,Node_1,Node_3,cac3,0.0
2030,sc01,01-03 16:00:00+01:00,Node_1,Node_3,cac2,0.0
2030,sc01,01-03 16:00:00+01:00,Node_1,Node_2,cac3,0.0
2030,sc01,01-03 16:00:00+01:00,Node_1,Node_3,eac1,-0.075
2030,sc01,01-03 16:00:00+01:00,Node_1,Node_2,cac2,0.0
2030,sc01,01-03 16:00:00+01:00,Node_2,Node_3,eac1,-0.075
2030,sc01,01-03 16:00:00+01:00,Node_2,Node_3,cac1,-0.018749999999997158
2030,sc01,01-03 16:00:00+01:00,Node_1,Node_2,eac1,-0.065625
2030,sc01,01-03 17:00:00+01:00,Node_1,Node_3,cac1,0.0
2030,sc01,01-03 17:00:00+01:00,Node_1,Node_2,cac1,0.0
2030,sc01,01-03 17:00:00+01:00,Node_2,Node_3,cac3,0.0
2030,sc01,01-03 17:00:00+01:00,Node_2,Node_3,cac2,-0.037499999999994316
2030,sc01,01-03 17:00:00+01:00,Node_1,Node_3,cac3,0.0
2030,sc01,01-03 17:00:00+01:00,Node_1,Node_3,cac2,0.0
2030,sc01,01-03 17:00:00+01:00,Node_1,Node_2,cac3,0.0
2030,sc01,01-03 17:00:00+01:00,Node_1,Node_3,eac1,-0.075
2030,sc01,01-03 17:00:00+01:00,Node_1,Node_2,cac2,0.0
2030,sc01,01-03 17:00:00+01:00,Node_2,Node_3,eac1,-0.075
2030,sc01,01-03 17:00:00+01:00,Node_2,Node_3,cac1,-0.018749999999997158
2030,sc01,01-03 17:00:00+01:00,Node_1,Node_2,eac1,-0.065625
2030,sc01,01-03 18:00:00+01:00,Node_1,Node_3,cac1,0.0
2030,sc01,01-03 18:00:00+01:00,Node_1,Node_2,cac1,0.0
2030,sc01,01-03 18:00:00+01:00,Node_2,Node_3,cac3,0.0
2030,sc01,01-03 18:00:00+01:00,Node_2,Node_3,cac2,-0.037499999999994316
2030,sc01,01-03 18:00:00+01:00,Node_1,Node_3,cac3,0.0
2030,sc01,01-03 18:00:00+01:00,Node_1,Node_3,cac2,0.0
2030,sc01,01-03 18:00:00+01:00,Node_1,Node_2,cac3,0.0
2030,sc01,01-03 18:00:00+01:00,Node_1,Node_3,eac1,-0.075
2030,sc01,01-03 18:00:00+01:00,Node_1,Node_2,cac2,0.0
2030,sc01,01-03 18:00:00+01:00,Node_2,Node_3,eac1,-0.075
2030,sc01,01-03 18:00:00+01:00,Node_2,Node_3,cac1,-0.018749999999997158
2030,sc01,01-03 18:00:00+01:00,Node_1,Node_2,eac1,-0.065625
2030,sc01,01-03 19:00:00+01:00,Node_1,Node_3,cac1,0.0
2030,sc01,01-03 19:00:00+01:00,Node_1,Node_2,cac1,0.0
2030,sc01,01-03 19:00:00+01:00,Node_2,Node_3,cac3,0.0
2030,sc01,01-03 19:00:00+01:00,Node_2,Node_3,cac2,-0.037499999999994316
2030,sc01,01-03 19:00:00+01:00,Node_1,Node_3,cac3,0.0
2030,sc01,01-03 19:00:00+01:00,Node_1,Node_3,cac2,0.0
2030,sc01,01-03 19:00:00+01:00,Node_1,Node_2,cac3,0.0
2030,sc01,01-03 19:00:00+01:00,Node_1,Node_3,eac1,-0.075
2030,sc01,01-03 19:00:00+01:00,Node_1,Node_2,cac2,0.0
2030,sc01,01-03 19:00:00+01:00,Node_2,Node_3,eac1,-0.075
2030,sc01,01-03 19:00:00+01:00,Node_2,Node_3,cac1,-0.018749999999997158
2030,sc01,01-03 19:00:00+01:00,Node_1,Node_2,eac1,-0.065625
2030,sc01,01-03 20:00:00+01:00,Node_1,Node_3,cac1,0.0
2030,sc01,01-03 20:00:00+01:00,Node_1,Node_2,cac1,0.0
2030,sc01,01-03 20:00:00+01:00,Node_2,Node_3,cac3,0.0
2030,sc01,01-03 20:00:00+01:00,Node_2,Node_3,cac2,-0.037499999999994316
2030,sc01,01-03 20:00:00+01:00,Node_1,Node_3,cac3,0.0
2030,sc01,01-03 20:00:00+01:00,Node_1,Node_3,cac2,0.0
2030,sc01,01-03 20:00:00+01:00,Node_1,Node_2,cac3,0.0
2030,sc01,01-03 20:00:00+01:00,Node_1,Node_3,eac1,-0.075
2030,sc01,01-03 20:00:00+01:00,Node_1,Node_2,cac2,0.0
2030,sc01,01-03 20:00:00+01:00,Node_2,Node_3,eac1,-0.075
2030,sc01,01-03 20:00:00+01:00,Node_2,Node_3,cac1,-0.018749999999997158
2030,sc01,01-03 20:00:00+01:00,Node_1,Node_2,eac1,-0.065625
2030,sc01,01-03 21:00:00+01:00,Node_1,Node_3,cac1,0.0
2030,sc01,01-03 21:00:00+01:00,Node_1,Node_2,cac1,0.0
2030,sc01,01-03 21:00:00+01:00,Node_2,Node_3,cac3,0.0
2030,sc01,01-03 21:00:00+01:00,Node_2,Node_3,cac2,-0.037499999999994316
2030,sc01,01-03 21:00:00+01:00,Node_1,Node_3,cac3,0.0
2030,sc01,01-03 21:00:00+01:00,Node_1,Node_3,cac2,0.0
2030,sc01,01-03 21:00:00+01:00,Node_1,Node_2,cac3,0.0
2030,sc01,01-03 21:00:00+01:00,Node_1,Node_3,eac1,-0.075
2030,sc01,01-03 21:00:00+01:00,Node_1,Node_2,cac2,0.0
2030,sc01,01-03 21:00:00+01:00,Node_2,Node_3,eac1,-0.075
2030,sc01,01-03 21:00:00+01:00,Node_2,Node_3,cac1,-0.018749999999997158
2030,sc01,01-03 21:00:00+01:00,Node_1,Node_2,eac1,-0.065625
2030,sc01,01-03 22:00:00+01:00,Node_1,Node_3,cac1,0.0
2030,sc01,01-03 22:00:00+01:00,Node_1,Node_2,cac1,0.0
2030,sc01,01-03 22:00:00+01:00,Node_2,Node_3,cac3,0.0
2030,sc01,01-03 22:00:00+01:00,Node_2,Node_3,cac2,-0.037499999999994316
2030,sc01,01-03 22:00:00+01:00,Node_1,Node_3,cac3,0.0
2030,sc01,01-03 22:00:00+01:00,Node_1,Node_3,cac2,0.0
2030,sc01,01-03 22:00:00+01:00,Node_1,Node_2,cac3,0.0
2030,sc01,01-03 22:00:00+01:00,Node_1,Node_3,eac1,-0.075
2030,sc01,01-03 22:00:00+01:00,Node_1,Node_2,cac2,0.0
2030,sc01,01-03 22:00:00+01:00,Node_2,Node_3,eac1,-0.075
2030,sc01,01-03 22:00:00+01:00,Node_2,Node_3,cac1,-0.018749999999997158
2030,sc01,01-03 22:00:00+01:00,Node_1,Node_2,eac1,-0.065625
2030,sc01,01-03 23:00:00+01:00,Node_1,Node_3,cac1,0.0
2030,sc01,01-03 23:00:00+01:00,Node_1,Node_2,cac1,0.0
2030,sc01,01-03 23:00:00+01:00,Node_2,Node_3,cac3,0.0
2030,sc01,01-03 23:00:00+01:00,Node_2,Node_3,cac2,-0.037499999999994316
2030,sc01,01-03 23:00:00+01:00,Node_1,Node_3,cac3,0.0
2030,sc01,01-03 23:00:00+01:00,Node_1,Node_3,cac2,0.0
2030,sc01,01-03 23:00:00+01:00,Node_1,Node_2,cac3,0.0
2030,sc01,01-03 23:00:00+01:00,Node_1,Node_3,eac1,-0.075
2030,sc01,01-03 23:00:00+01:00,Node_1,Node_2,cac2,0.0
2030,sc01,01-03 23:00:00+01:00,Node_2,Node_3,eac1,-0.075
2030,sc01,01-03 23:00:00+01:00,Node_2,Node_3,cac1,-0.018749999999997158
2030,sc01,01-03 23:00:00+01:00,Node_1,Node_2,eac1,-0.065625
2030,sc01,01-18 00:00:00+01:00,Node_1,Node_3,cac1,0.0
2030,sc01,01-18 00:00:00+01:00,Node_1,Node_2,cac1,0.0
2030,sc01,01-18 00:00:00+01:00,Node_2,Node_3,cac3,0.0
2030,sc01,01-18 00:00:00+01:00,Node_2,Node_3,cac2,-0.037499999999994316
2030,sc01,01-18 00:00:00+01:00,Node_1,Node_3,cac3,0.0
2030,sc01,01-18 00:00:00+01:00,Node_1,Node_3,cac2,0.0
2030,sc01,01-18 00:00:00+01:00,Node_1,Node_2,cac3,0.0
2030,sc01,01-18 00:00:00+01:00,Node_1,Node_3,eac1,-0.075
2030,sc01,01-18 00:00:00+01:00,Node_1,Node_2,cac2,0.0
2030,sc01,01-18 00:00:00+01:00,Node_2,Node_3,eac1,-0.075
2030,sc01,01-18 00:00:00+01:00,Node_2,Node_3,cac1,-0.018749999999997158
2030,sc01,01-18 00:00:00+01:00,Node_1,Node_2,eac1,-0.065625
2030,sc01,01-18 01:00:00+01:00,Node_1,Node_3,cac1,0.0
2030,sc01,01-18 01:00:00+01:00,Node_1,Node_2,cac1,0.0
2030,sc01,01-18 01:00:00+01:00,Node_2,Node_3,cac3,0.0
2030,sc01,01-18 01:00:00+01:00,Node_2,Node_3,cac2,-0.037499999999994316
2030,sc01,01-18 01:00:00+01:00,Node_1,Node_3,cac3,0.0
2030,sc01,01-18 01:00:00+01:00,Node_1,Node_3,cac2,0.0
2030,sc01,01-18 01:00:00+01:00,Node_1,Node_2,cac3,0.0
2030,sc01,01-18 01:00:00+01:00,Node_1,Node_3,eac1,-0.075
2030,sc01,01-18 01:00:00+01:00,Node_1,Node_2,cac2,0.0
2030,sc01,01-18 01:00:00+01:00,Node_2,Node_3,eac1,-0.075
2030,sc01,01-18 01:00:00+01:00,Node_2,Node_3,cac1,-0.018749999999997158
2030,sc01,01-18 01:00:00+01:00,Node_1,Node_2,eac1,-0.065625
2030,sc01,01-18 02:00:00+01:00,Node_1,Node_3,cac1,0.0
2030,sc01,01-18 02:00:00+01:00,Node_1,Node_2,cac1,0.0
2030,sc01,01-18 02:00:00+01:00,Node_2,Node_3,cac3,0.0
2030,sc01,01-18 02:00:00+01:00,Node_2,Node_3,cac2,-0.037499999999994316
2030,sc01,01-18 02:00:00+01:00,Node_1,Node_3,cac3,0.0
2030,sc01,01-18 02:00:00+01:00,Node_1,Node_3,cac2,0.0
2030,sc01,01-18 02:00:00+01:00,Node_1,Node_2,cac3,0.0
2030,sc01,01-18 02:00:00+01:00,Node_1,Node_3,eac1,-0.075
2030,sc01,01-18 02:00:00+01:00,Node_1,Node_2,cac2,0.0
2030,sc01,01-18 02:00:00+01:00,Node_2,Node_3,eac1,-0.075
2030,sc01,01-18 02:00:00+01:00,Node_2,Node_3,cac1,-0.018749999999997158
2030,sc01,01-18 02:00:00+01:00,Node_1,Node_2,eac1,-0.065625
2030,sc01,01-18 03:00:00+01:00,Node_1,Node_3,cac1,0.0
2030,sc01,01-18 03:00:00+01:00,Node_1,Node_2,cac1,0.0
2030,sc01,01-18 03:00:00+01:00,Node_2,Node_3,cac3,0.0
2030,sc01,01-18 03:00:00+01:00,Node_2,Node_3,cac2,-0.037499999999994316
2030,sc01,01-18 03:00:00+01:00,Node_1,Node_3,cac3,0.0
2030,sc01,01-18 03:00:00+01:00,Node_1,Node_3,cac2,0.0
2030,sc01,01-18 03:00:00+01:00,Node_1,Node_2,cac3,0.0
2030,sc01,01-18 03:00:00+01:00,Node_1,Node_3,eac1,-0.075
2030,sc01,01-18 03:00:00+01:00,Node_1,Node_2,cac2,0.0
2030,sc01,01-18 03:00:00+01:00,Node_2,Node_3,eac1,-0.075
2030,sc01,01-18 03:00:00+01:00,Node_2,Node_3,cac1,-0.018749999999997158
2030,sc01,01-18 03:00:00+01:00,Node_1,Node_2,eac1,-0.065625
2030,sc01,01-18 04:00:00+01:00,Node_1,Node_3,cac1,0.0
2030,sc01,01-18 04:00:00+01:00,Node_1,Node_2,cac1,0.0
2030,sc01,01-18 04:00:00+01:00,Node_2,Node_3,cac3,0.0
2030,sc01,01-18 04:00:00+01:00,Node_2,Node_3,cac2,-0.037499999999994316
2030,sc01,01-18 04:00:00+01:00,Node_1,Node_3,cac3,0.0
2030,sc01,01-18 04:00:00+01:00,Node_1,Node_3,cac2,0.0
2030,sc01,01-18 04:00:00+01:00,Node_1,Node_2,cac3,0.0
2030,sc01,01-18 04:00:00+01:00,Node_1,Node_3,eac1,-0.075
2030,sc01,01-18 04:00:00+01:00,Node_1,Node_2,cac2,0.0
2030,sc01,01-18 04:00:00+01:00,Node_2,Node_3,eac1,-0.075
2030,sc01,01-18 04:00:00+01:00,Node_2,Node_3,cac1,-0.018749999999997158
2030,sc01,01-18 04:00:00+01:00,Node_1,Node_2,eac1,-0.065625
2030,sc01,01-18 05:00:00+01:00,Node_1,Node_3,cac1,0.0
2030,sc01,01-18 05:00:00+01:00,Node_1,Node_2,cac1,0.0
2030,sc01,01-18 05:00:00+01:00,Node_2,Node_3,cac3,0.0
2030,sc01,01-18 05:00:00+01:00,Node_2,Node_3,cac2,-0.037499999999994316
2030,sc01,01-18 05:00:00+01:00,Node_1,Node_3,cac3,0.0
2030,sc01,01-18 05:00:00+01:00,Node_1,Node_3,cac2,0.0
2030,sc01,01-18 05:00:00+01:00,Node_1,Node_2,cac3,0.0
2030,sc01,01-18 05:00:00+01:00,Node_1,Node_3,eac1,-0.075
2030,sc01,01-18 05:00:00+01:00,Node_1,Node_2,cac2,0.0
2030,sc01,01-18 05:00:00+01:00,Node_2,Node_3,eac1,-0.075
2030,sc01,01-18 05:00:00+01:00,Node_2,Node_3,cac1,-0.018749999999997158
2030,sc01,01-18 05:00:00+01:00,Node_1,Node_2,eac1,-0.065625
2030,sc01,01-18 06:00:00+01:00,Node_1,Node_3,cac1,0.0
2030,sc01,01-18 06:00:00+01:00,Node_1,Node_2,cac1,0.0
2030,sc01,01-18 06:00:00+01:00,Node_2,Node_3,cac3,0.0
2030,sc01,01-18 06:00:00+01:00,Node_2,Node_3,cac2,-0.037499999999994316
2030,sc01,01-18 06:00:00+01:00,Node_1,Node_3,cac3,0.0
2030,sc01,01-18 06:00:00+01:00,Node_1,Node_3,cac2,0.0
2030,sc01,01-18 06:00:00+01:00,Node_1,Node_2,cac3,0.0
2030,sc01,01-18 06:00:00+01:00,Node_1,Node_3,eac1,-0.075
2030,sc01,01-18 06:00:00+01:00,Node_1,Node_2,cac2,0.0
2030,sc01,01-18 06:00:00+01:00,Node_2,Node_3,eac1,-0.075
2030,sc01,01-18 06:00:00+01:00,Node_2,Node_3,cac1,-0.018749999999997158
2030,sc01,01-18 06:00:00+01:00,Node_1,Node_2,eac1,-0.065625
2030,sc01,01-18 07:00:00+01:00,Node_1,Node_3,cac1,0.0
2030,sc01,01-18 07:00:00+01:00,Node_1,Node_2,cac1,0.0
2030,sc01,01-18 07:00:00+01:00,Node_2,Node_3,cac3,0.0
2030,sc01,01-18 07:00:00+01:00,Node_2,Node_3,cac2,-0.037499999999994316
2030,sc01,01-18 07:00:00+01:00,Node_1,Node_3,cac3,0.0
2030,sc01,01-18 07:00:00+01:00,Node_1,Node_3,cac2,0.0
2030,sc01,01-18 07:00:00+01:00,Node_1,Node_2,cac3,0.0
2030,sc01,01-18 07:00:00+01:00,Node_1,Node_3,eac1,-0.075
2030,sc01,01-18 07:00:00+01:00,Node_1,Node_2,cac2,0.0
2030,sc01,01-18 07:00:00+01:00,Node_2,Node_3,eac1,-0.075
2030,sc01,01-18 07:00:00+01:00,Node_2,Node_3,cac1,-0.018749999999997158
2030,sc01,01-18 07:00:00+01:00,Node_1,Node_2,eac1,-0.065625
2030,sc01,01-18 08:00:00+01:00,Node_1,Node_3,cac1,0.0
2030,sc01,01-18 08:00:00+01:00,Node_1,Node_2,cac1,0.0
2030,sc01,01-18 08:00:00+01:00,Node_2,Node_3,cac3,0.0
2030,sc01,01-18 08:00:00+01:00,Node_2,Node_3,cac2,-0.037499999999994316
2030,sc01,01-18 08:00:00+01:00,Node_1,Node_3,cac3,0.0
2030,sc01,01-18 08:00:00+01:00,Node_1,Node_3,cac2,0.0
2030,sc01,01-18 08:00:00+01:00,Node_1,Node_2,cac3,0.0
2030,sc01,01-18 08:00:00+01:00,Node_1,Node_3,eac1,-0.075
2030,sc01,01-18 08:00:00+01:00,Node_1,Node_2,cac2,0.0
2030,sc01,01-18 08:00:00+01:00,Node_2,Node_3,eac1,-0.075
2030,sc01,01-18 08:00:00+01:00,Node_2,Node_3,cac1,-0.018749999999997158
2030,sc01,01-18 08:00:00+01:00,Node_1,Node_2,eac1,-0.065625
2030,sc01,01-18 09:00:00+01:00,Node_1,Node_3,cac1,0.0
2030,sc01,01-18 09:00:00+01:00,Node_1,Node_2,cac1,0.0
2030,sc01,01-18 09:00:00+01:00,Node_2,Node_3,cac3,0.0
2030,sc01,01-18 09:00:00+01:00,Node_2,Node_3,cac2,-0.037499999999994316
2030,sc01,01-18 09:00:00+01:00,Node_1,Node_3,cac3,0.0
2030,sc01,01-18 09:00:00+01:00,Node_1,Node_3,cac2,0.0
2030,sc01,01-18 09:00:00+01:00,Node_1,Node_2,cac3,0.0
2030,sc01,01-18 09:00:00+01:00,Node_1,Node_3,eac1,-0.075
2030,sc01,01-18 09:00:00+01:00,Node_1,Node_2,cac2,0.0
2030,sc01,01-18 09:00:00+01:00,Node_2,Node_3,eac1,-0.075
2030,sc01,01-18 09:00:00+01:00,Node_2,Node_3,cac1,-0.018749999999997158
2030,sc01,01-18 09:00:00+01:00,Node_1,Node_2,eac1,-0.065625
2030,sc01,01-18 10:00:00+01:00,Node_1,Node_3,cac1,0.0
2030,sc01,01-18 10:00:00+01:00,Node_1,Node_2,cac1,0.0
2030,sc01,01-18 10:00:00+01:00,Node_2,Node_3,cac3,0.0
2030,sc01,01-18 10:00:00+01:00,Node_2,Node_3,cac2,-0.037499999999994316
2030,sc01,01-18 10:00:00+01:00,Node_1,Node_3,cac3,0.0
2030,sc01,01-18 10:00:00+01:00,Node_1,Node_3,cac2,0.0
2030,sc01,01-18 10:00:00+01:00,Node_1,Node_2,cac3,0.0
2030,sc01,01-18 10:00:00+01:00,Node_1,Node_3,eac1,-0.075
2030,sc01,01-18 10:00:00+01:00,Node_1,Node_2,cac2,0.0
2030,sc01,01-18 10:00:00+01:00,Node_2,Node_3,eac1,-0.075
2030,sc01,01-18 10:00:00+01:00,Node_2,Node_3,cac1,-0.018749999999997158
2030,sc01,01-18 10:00:00+01:00,Node_1,Node_2,eac1,-0.065625
2030,sc01,01-18 11:00:00+01:00,Node_1,Node_3,cac1,0.0
2030,sc01,01-18 11:00:00+01:00,Node_1,Node_2,cac1,0.0
2030,sc01,01-18 11:00:00+01:00,Node_2,Node_3,cac3,0.0
2030,sc01,01-18 11:00:00+01:00,Node_2,Node_3,cac2,-0.037499999999994316
2030,sc01,01-18 11:00:00+01:00,Node_1,Node_3,cac3,0.0
2030,sc01,01-18 11:00:00+01:00,Node_1,Node_3,cac2,0.0
2030,sc01,01-18 11:00:00+01:00,Node_1,Node_2,cac3,0.0
2030,sc01,01-18 11:00:00+01:00,Node_1,Node_3,eac1,-0.075
2030,sc01,01-18 11:00:00+01:00,Node_1,Node_2,cac2,0.0
2030,sc01,01-18 11:00:00+01:00,Node_2,Node_3,eac1,-0.075
2030,sc01,01-18 11:00:00+01:00,Node_2,Node_3,cac1,-0.018749999999997158
2030,sc01,01-18 11:00:00+01:00,Node_1,Node_2,eac1,-0.065625
2030,sc01,01-18 12:00:00+01:00,Node_1,Node_3,cac1,0.0
2030,sc01,01-18 12:00:00+01:00,Node_1,Node_2,cac1,0.0
2030,sc01,01-18 12:00:00+01:00,Node_2,Node_3,cac3,0.0
2030,sc01,01-18 12:00:00+01:00,Node_2,Node_3,cac2,-0.037499999999994316
2030,sc01,01-18 12:00:00+01:00,Node_1,Node_3,cac3,0.0
2030,sc01,01-18 12:00:00+01:00,Node_1,Node_3,cac2,0.0
2030,sc01,01-18 12:00:00+01:00,Node_1,Node_2,cac3,0.0
2030,sc01,01-18 12:00:00+01:00,Node_1,Node_3,eac1,-0.075
2030,sc01,01-18 12:00:00+01:00,Node_1,Node_2,cac2,0.0
2030,sc01,01-18 12:00:00+01:00,Node_2,Node_3,eac1,-0.075
2030,sc01,01-18 12:00:00+01:00,Node_2,Node_3,cac1,-0.018749999999997158
2030,sc01,01-18 12:00:00+01:00,Node_1,Node_2,eac1,-0.065625
2030,sc01,01-18 13:00:00+01:00,Node_1,Node_3,cac1,0.0
2030,sc01,01-18 13:00:00+01:00,Node_1,Node_2,cac1,0.0
2030,sc01,01-18 13:00:00+01:00,Node_2,Node_3,cac3,0.0
2030,sc01,01-18 13:00:00+01:00,Node_2,Node_3,cac2,-0.037499999999994316
2030,sc01,01-18 13:00:00+01:00,Node_1,Node_3,cac3,0.0
2030,sc01,01-18 13:00:00+01:00,Node_1,Node_3,cac2,0.0
2030,sc01,01-18 13:00:00+01:00,Node_1,Node_2,cac3,0.0
2030,sc01,01-18 13:00:00+01:00,Node_1,Node_3,eac1,-0.075
2030,sc01,01-18 13:00:00+01:00,Node_1,Node_2,cac2,0.0
2030,sc01,01-18 13:00:00+01:00,Node_2,Node_3,eac1,-0.075
2030,sc01,01-18 13:00:00+01:00,Node_2,Node_3,cac1,-0.018749999999997158
2030,sc01,01-18 13:00:00+01:00,Node_1,Node_2,eac1,-0.065625
2030,sc01,01-18 14:00:00+01:00,Node_1,Node_3,cac1,0.0
2030,sc01,01-18 14:00:00+01:00,Node_1,Node_2,cac1,0.0
2030,sc01,01-18 14:00:00+01:00,Node_2,Node_3,cac3,0.0
2030,sc01,01-18 14:00:00+01:00,Node_2,Node_3,cac2,-0.037499999999994316
2030,sc01,01-18 14:00:00+01:00,Node_1,Node_3,cac3,0.0
2030,sc01,01-18 14:00:00+01:00,Node_1,Node_3,cac2,0.0
2030,sc01,01-18 14:00:00+01:00,Node_1,Node_2,cac3,0.0
2030,sc01,01-18 14:00:00+01:00,Node_1,Node_3,eac1,-0.075
2030,sc01,01-18 14:00:00+01:00,Node_1,Node_2,cac2,0.0
2030,sc01,01-18 14:00:00+01:00,Node_2,Node_3,eac1,-0.075
2030,sc01,01-18 14:00:00+01:00,Node_2,Node_3,cac1,-0.018749999999997158
2030,sc01,01-18 14:00:00+01:00,Node_1,Node_2,eac1,-0.065625
2030,sc01,01-18 15:00:00+01:00,Node_1,Node_3,cac1,0.0
2030,sc01,01-18 15:00:00+01:00,Node_1,Node_2,cac1,0.0
2030,sc01,01-18 15:00:00+01:00,Node_2,Node_3,cac3,0.0
2030,sc01,01-18 15:00:00+01:00,Node_2,Node_3,cac2,-0.037499999999994316
2030,sc01,01-18 15:00:00+01:00,Node_1,Node_3,cac3,0.0
2030,sc01,01-18 15:00:00+01:00,Node_1,Node_3,cac2,0.0
2030,sc01,01-18 15:00:00+01:00,Node_1,Node_2,cac3,0.0
2030,sc01,01-18 15:00:00+01:00,Node_1,Node_3,eac1,-0.075
2030,sc01,01-18 15:00:00+01:00,Node_1,Node_2,cac2,0.0
2030,sc01,01-18 15:00:00+01:00,Node_2,Node_3,eac1,-0.075
2030,sc01,01-18 15:00:00+01:00,Node_2,Node_3,cac1,-0.018749999999997158
2030,sc01,01-18 15:00:00+01:00,Node_1,Node_2,eac1,-0.065625
2030,sc01,01-18 16:00:00+01:00,Node_1,Node_3,cac1,0.0
2030,sc01,01-18 16:00:00+01:00,Node_1,Node_2,cac1,0.0
2030,sc01,01-18 16:00:00+01:00,Node_2,Node_3,cac3,0.0
2030,sc01,01-18 16:00:00+01:00,Node_2,Node_3,cac2,-0.037499999999994316
2030,sc01,01-18 16:00:00+01:00,Node_1,Node_3,cac3,0.0
2030,sc01,01-18 16:00:00+01:00,Node_1,Node_3,cac2,0.0
2030,sc01,01-18 16:00:00+01:00,Node_1,Node_2,cac3,0.0
2030,sc01,01-18 16:00:00+01:00,Node_1,Node_3,eac1,-0.075
2030,sc01,01-18 16:00:00+01:00,Node_1,Node_2,cac2,0.0
2030,sc01,01-18 16:00:00+01:00,Node_2,Node_3,eac1,-0.075
2030,sc01,01-18 16:00:00+01:00,Node_2,Node_3,cac1,-0.018749999999997158
2030,sc01,01-18 16:00:00+01:00,Node_1,Node_2,eac1,-0.065625
2030,sc01,01-18 17:00:00+01:00,Node_1,Node_3,cac1,0.0
2030,sc01,01-18 17:00:00+01:00,Node_1,Node_2,cac1,0.0
2030,sc01,01-18 17:00:00+01:00,Node_2,Node_3,cac3,0.0
2030,sc01,01-18 17:00:00+01:00,Node_2,Node_3,cac2,-0.037499999999994316
2030,sc01,01-18 17:00:00+01:00,Node_1,Node_3,cac3,0.0
2030,sc01,01-18 17:00:00+01:00,Node_1,Node_3,cac2,0.0
2030,sc01,01-18 17:00:00+01:00,Node_1,Node_2,cac3,0.0
2030,sc01,01-18 17:00:00+01:00,Node_1,Node_3,eac1,-0.075
2030,sc01,01-18 17:00:00+01:00,Node_1,Node_2,cac2,0.0
2030,sc01,01-18 17:00:00+01:00,Node_2,Node_3,eac1,-0.075
2030,sc01,01-18 17:00:00+01:00,Node_2,Node_3,cac1,-0.018749999999997158
2030,sc01,01-18 17:00:00+01:00,Node_1,Node_2,eac1,-0.065625
2030,sc01,01-18 18:00:00+01:00,Node_1,Node_3,cac1,0.0
2030,sc01,01-18 18:00:00+01:00,Node_1,Node_2,cac1,0.0
2030,sc01,01-18 18:00:00+01:00,Node_2,Node_3,cac3,0.0
2030,sc01,01-18 18:00:00+01:00,Node_2,Node_3,cac2,-0.037499999999994316
2030,sc01,01-18 18:00:00+01:00,Node_1,Node_3,cac3,0.0
2030,sc01,01-18 18:00:00+01:00,Node_1,Node_3,cac2,0.0
2030,sc01,01-18 18:00:00+01:00,Node_1,Node_2,cac3,0.0
2030,sc01,01-18 18:00:00+01:00,Node_1,Node_3,eac1,-0.075
2030,sc01,01-18 18:00:00+01:00,Node_1,Node_2,cac2,0.0
2030,sc01,01-18 18:00:00+01:00,Node_2,Node_3,eac1,-0.075
2030,sc01,01-18 18:00:00+01:00,Node_2,Node_3,cac1,-0.018749999999997158
2030,sc01,01-18 18:00:00+01:00,Node_1,Node_2,eac1,-0.065625
2030,sc01,01-18 19:00:00+01:00,Node_1,Node_3,cac1,0.0
2030,sc01,01-18 19:00:00+01:00,Node_1,Node_2,cac1,0.0
2030,sc01,01-18 19:00:00+01:00,Node_2,Node_3,cac3,0.0
2030,sc01,01-18 19:00:00+01:00,Node_2,Node_3,cac2,-0.037499999999994316
2030,sc01,01-18 19:00:00+01:00,Node_1,Node_3,cac3,0.0
2030,sc01,01-18 19:00:00+01:00,Node_1,Node_3,cac2,0.0
2030,sc01,01-18 19:00:00+01:00,Node_1,Node_2,cac3,0.0
2030,sc01,01-18 19:00:00+01:00,Node_1,Node_3,eac1,-0.075
2030,sc01,01-18 19:00:00+01:00,Node_1,Node_2,cac2,0.0
2030,sc01,01-18 19:00:00+01:00,Node_2,Node_3,eac1,-0.075
2030,sc01,01-18 19:00:00+01:00,Node_2,Node_3,cac1,-0.018749999999997158
2030,sc01,01-18 19:00:00+01:00,Node_1,Node_2,eac1,-0.065625
2030,sc01,01-18 20:00:00+01:00,Node_1,Node_3,cac1,0.0
2030,sc01,01-18 20:00:00+01:00,Node_1,Node_2,cac1,0.0
2030,sc01,01-18 20:00:00+01:00,Node_2,Node_3,cac3,0.0
2030,sc01,01-18 20:00:00+01:00,Node_2,Node_3,cac2,-0.037499999999994316
2030,sc01,01-18 20:00:00+01:00,Node_1,Node_3,cac3,0.0
2030,sc01,01-18 20:00:00+01:00,Node_1,Node_3,cac2,0.0
2030,sc01,01-18 20:00:00+01:00,Node_1,Node_2,cac3,0.0
2030,sc01,01-18 20:00:00+01:00,Node_1,Node_3,eac1,-0.075
2030,sc01,01-18 20:00:00+01:00,Node_1,Node_2,cac2,0.0
2030,sc01,01-18 20:00:00+01:00,Node_2,Node_3,eac1,-0.075
2030,sc01,01-18 20:00:00+01:00,Node_2,Node_3,cac1,-0.018749999999997158
2030,sc01,01-18 20:00:00+01:00,Node_1,Node_2,eac1,-0.065625
2030,sc01,01-18 21:00:00+01:00,Node_1,Node_3,cac1,0.0
2030,sc01,01-18 21:00:00+01:00,Node_1,Node_2,cac1,0.0
2030,sc01,01-18 21:00:00+01:00,Node_2,Node_3,cac3,0.0
2030,sc01,01-18 21:00:00+01:00,Node_2,Node_3,cac2,-0.037499999999994316
2030,sc01,01-18 21:00:00+01:00,Node_1,Node_3,cac3,0.0
2030,sc01,01-18 21:00:00+01:00,Node_1,Node_3,cac2,0.0
2030,sc01,01-18 21:00:00+01:00,Node_1,Node_2,cac3,0.0
2030,sc01,01-18 21:00:00+01:00,Node_1,Node_3,eac1,-0.075
2030,sc01,01-18 21:00:00+01:00,Node_1,Node_2,cac2,0.0
2030,sc01,01-18 21:00:00+01:00,Node_2,Node_3,eac1,-0.075
2030,sc01,01-18 21:00:00+01:00,Node_2,Node_3,cac1,-0.018749999999997158
2030,sc01,01-18 21:00:00+01:00,Node_1,Node_2,eac1,-0.065625
2030,sc01,01-18 22:00:00+01:00,Node_1,Node_3,cac1,0.0
2030,sc01,01-18 22:00:00+01:00,Node_1,Node_2,cac1,0.0
2030,sc01,01-18 22:00:00+01:00,Node_2,Node_3,cac3,0.0
2030,sc01,01-18 22:00:00+01:00,Node_2,Node_3,cac2,-0.037499999999994316
2030,sc01,01-18 22:00:00+01:00,Node_1,Node_3,cac3,0.0
2030,sc01,01-18 22:00:00+01:00,Node_1,Node_3,cac2,0.0
2030,sc01,01-18 22:00:00+01:00,Node_1,Node_2,cac3,0.0
2030,sc01,01-18 22:00:00+01:00,Node_1,Node_3,eac1,-0.075
2030,sc01,01-18 22:00:00+01:00,Node_1,Node_2,cac2,0.0
2030,sc01,01-18 22:00:00+01:00,Node_2,Node_3,eac1,-0.075
2030,sc01,01-18 22:00:00+01:00,Node_2,Node_3,cac1,-0.018749999999997158
2030,sc01,01-18 22:00:00+01:00,Node_1,Node_2,eac1,-0.065625
2030,sc01,01-18 23:00:00+01:00,Node_1,Node_3,cac1,0.0
2030,sc01,01-18 23:00:00+01:00,Node_1,Node_2,cac1,0.0
2030,sc01,01-18 23:00:00+01:00,Node_2,Node_3,cac3,0.0
2030,sc01,01-18 23:00:00+01:00,Node_2,Node_3,cac2,-0.037499999999994316
2030,sc01,01-18 23:00:00+01:00,Node_1,Node_3,cac3,0.0
2030,sc01,01-18 23:00:00+01:00,Node_1,Node_3,cac2,0.0
2030,sc01,01-18 23:00:00+01:00,Node_1,Node_2,cac3,0.0
2030,sc01,01-18 23:00:00+01:00,Node_1,Node_3,eac1,-0.075
2030,sc01,01-18 23:00:00+01:00,Node_1,Node_2,cac2,0.0
2030,sc01,01-18 23:00:00+01:00,Node_2,Node_3,eac1,-0.075
2030,sc01,01-18 23:00:00+01:00,Node_2,Node_3,cac1,-0.018749999999997158
2030,sc01,01-18 23:00:00+01:00,Node_1,Node_2,eac1,-0.065625
2030,sc01,01-20 00:00:00+01:00,Node_1,Node_3,cac1,0.0
2030,sc01,01-20 00:00:00+01:00,Node_1,Node_2,cac1,0.0
2030,sc01,01-20 00:00:00+01:00,Node_2,Node_3,cac3,0.0
2030,sc01,01-20 00:00:00+01:00,Node_2,Node_3,cac2,-0.037499999999994316
2030,sc01,01-20 00:00:00+01:00,Node_1,Node_3,cac3,0.0
2030,sc01,01-20 00:00:00+01:00,Node_1,Node_3,cac2,0.0
2030,sc01,01-20 00:00:00+01:00,Node_1,Node_2,cac3,0.0
2030,sc01,01-20 00:00:00+01:00,Node_1,Node_3,eac1,-0.075
2030,sc01,01-20 00:00:00+01:00,Node_1,Node_2,cac2,0.0
2030,sc01,01-20 00:00:00+01:00,Node_2,Node_3,eac1,-0.075
2030,sc01,01-20 00:00:00+01:00,Node_2,Node_3,cac1,-0.018749999999997158
2030,sc01,01-20 00:00:00+01:00,Node_1,Node_2,eac1,-0.065625
2030,sc01,01-20 01:00:00+01:00,Node_1,Node_3,cac1,0.0
2030,sc01,01-20 01:00:00+01:00,Node_1,Node_2,cac1,0.0
2030,sc01,01-20 01:00:00+01:00,Node_2,Node_3,cac3,0.0
2030,sc01,01-20 01:00:00+01:00,Node_2,Node_3,cac2,-0.037499999999994316
2030,sc01,01-20 01:00:00+01:00,Node_1,Node_3,cac3,0.0
2030,sc01,01-20 01:00:00+01:00,Node_1,Node_3,cac2,0.0
2030,sc01,01-20 01:00:00+01:00,Node_1,Node_2,cac3,0.0
2030,sc01,01-20 01:00:00+01:00,Node_1,Node_3,eac1,-0.075
2030,sc01,01-20 01:00:00+01:00,Node_1,Node_2,cac2,0.0
2030,sc01,01-20 01:00:00+01:00,Node_2,Node_3,eac1,-0.075
2030,sc01,01-20 01:00:00+01:00,Node_2,Node_3,cac1,-0.018749999999997158
2030,sc01,01-20 01:00:00+01:00,Node_1,Node_2,eac1,-0.065625
2030,sc01,01-20 02:00:00+01:00,Node_1,Node_3,cac1,0.0
2030,sc01,01-20 02:00:00+01:00,Node_1,Node_2,cac1,0.0
2030,sc01,01-20 02:00:00+01:00,Node_2,Node_3,cac3,0.0
2030,sc01,01-20 02:00:00+01:00,Node_2,Node_3,cac2,-0.037499999999994316
2030,sc01,01-20 02:00:00+01:00,Node_1,Node_3,cac3,0.0
2030,sc01,01-20 02:00:00+01:00,Node_1,Node_3,cac2,0.0
2030,sc01,01-20 02:00:00+01:00,Node_1,Node_2,cac3,0.0
2030,sc01,01-20 02:00:00+01:00,Node_1,Node_3,eac1,-0.075
2030,sc01,01-20 02:00:00+01:00,Node_1,Node_2,cac2,0.0
2030,sc01,01-20 02:00:00+01:00,Node_2,Node_3,eac1,-0.075
2030,sc01,01-20 02:00:00+01:00,Node_2,Node_3,cac1,-0.018749999999997158
2030,sc01,01-20 02:00:00+01:00,Node_1,Node_2,eac1,-0.065625
2030,sc01,01-20 03:00:00+01:00,Node_1,Node_3,cac1,0.0
2030,sc01,01-20 03:00:00+01:00,Node_1,Node_2,cac1,0.0
2030,sc01,01-20 03:00:00+01:00,Node_2,Node_3,cac3,0.0
2030,sc01,01-20 03:00:00+01:00,Node_2,Node_3,cac2,-0.037499999999994316
2030,sc01,01-20 03:00:00+01:00,Node_1,Node_3,cac3,0.0
2030,sc01,01-20 03:00:00+01:00,Node_1,Node_3,cac2,0.0
2030,sc01,01-20 03:00:00+01:00,Node_1,Node_2,cac3,0.0
2030,sc01,01-20 03:00:00+01:00,Node_1,Node_3,eac1,-0.075
2030,sc01,01-20 03:00:00+01:00,Node_1,Node_2,cac2,0.0
2030,sc01,01-20 03:00:00+01:00,Node_2,Node_3,eac1,-0.075
2030,sc01,01-20 03:00:00+01:00,Node_2,Node_3,cac1,-0.018749999999997158
2030,sc01,01-20 03:00:00+01:00,Node_1,Node_2,eac1,-0.065625
2030,sc01,01-20 04:00:00+01:00,Node_1,Node_3,cac1,0.0
2030,sc01,01-20 04:00:00+01:00,Node_1,Node_2,cac1,0.0
2030,sc01,01-20 04:00:00+01:00,Node_2,Node_3,cac3,0.0
2030,sc01,01-20 04:00:00+01:00,Node_2,Node_3,cac2,-0.037499999999994316
2030,sc01,01-20 04:00:00+01:00,Node_1,Node_3,cac3,0.0
2030,sc01,01-20 04:00:00+01:00,Node_1,Node_3,cac2,0.0
2030,sc01,01-20 04:00:00+01:00,Node_1,Node_2,cac3,0.0
2030,sc01,01-20 04:00:00+01:00,Node_1,Node_3,eac1,-0.075
2030,sc01,01-20 04:00:00+01:00,Node_1,Node_2,cac2,0.0
2030,sc01,01-20 04:00:00+01:00,Node_2,Node_3,eac1,-0.075
2030,sc01,01-20 04:00:00+01:00,Node_2,Node_3,cac1,-0.018749999999997158
2030,sc01,01-20 04:00:00+01:00,Node_1,Node_2,eac1,-0.065625
2030,sc01,01-20 05:00:00+01:00,Node_1,Node_3,cac1,0.0
2030,sc01,01-20 05:00:00+01:00,Node_1,Node_2,cac1,0.0
2030,sc01,01-20 05:00:00+01:00,Node_2,Node_3,cac3,0.0
2030,sc01,01-20 05:00:00+01:00,Node_2,Node_3,cac2,-0.037499999999994316
2030,sc01,01-20 05:00:00+01:00,Node_1,Node_3,cac3,0.0
2030,sc01,01-20 05:00:00+01:00,Node_1,Node_3,cac2,0.0
2030,sc01,01-20 05:00:00+01:00,Node_1,Node_2,cac3,0.0
2030,sc01,01-20 05:00:00+01:00,Node_1,Node_3,eac1,-0.075
2030,sc01,01-20 05:00:00+01:00,Node_1,Node_2,cac2,0.0
2030,sc01,01-20 05:00:00+01:00,Node_2,Node_3,eac1,-0.075
2030,sc01,01-20 05:00:00+01:00,Node_2,Node_3,cac1,-0.018749999999997158
2030,sc01,01-20 05:00:00+01:00,Node_1,Node_2,eac1,-0.065625
2030,sc01,01-20 06:00:00+01:00,Node_1,Node_3,cac1,0.0
2030,sc01,01-20 06:00:00+01:00,Node_1,Node_2,cac1,0.0
2030,sc01,01-20 06:00:00+01:00,Node_2,Node_3,cac3,0.0
2030,sc01,01-20 06:00:00+01:00,Node_2,Node_3,cac2,-0.037499999999994316
2030,sc01,01-20 06:00:00+01:00,Node_1,Node_3,cac3,0.0
2030,sc01,01-20 06:00:00+01:00,Node_1,Node_3,cac2,0.0
2030,sc01,01-20 06:00:00+01:00,Node_1,Node_2,cac3,0.0
2030,sc01,01-20 06:00:00+01:00,Node_1,Node_3,eac1,-0.075
2030,sc01,01-20 06:00:00+01:00,Node_1,Node_2,cac2,0.0
2030,sc01,01-20 06:00:00+01:00,Node_2,Node_3,eac1,-0.075
2030,sc01,01-20 06:00:00+01:00,Node_2,Node_3,cac1,-0.018749999999997158
2030,sc01,01-20 06:00:00+01:00,Node_1,Node_2,eac1,-0.065625
2030,sc01,01-20 07:00:00+01:00,Node_1,Node_3,cac1,0.0
2030,sc01,01-20 07:00:00+01:00,Node_1,Node_2,cac1,0.0
2030,sc01,01-20 07:00:00+01:00,Node_2,Node_3,cac3,0.0
2030,sc01,01-20 07:00:00+01:00,Node_2,Node_3,cac2,-0.037499999999994316
2030,sc01,01-20 07:00:00+01:00,Node_1,Node_3,cac3,0.0
2030,sc01,01-20 07:00:00+01:00,Node_1,Node_3,cac2,0.0
2030,sc01,01-20 07:00:00+01:00,Node_1,Node_2,cac3,0.0
2030,sc01,01-20 07:00:00+01:00,Node_1,Node_3,eac1,-0.075
2030,sc01,01-20 07:00:00+01:00,Node_1,Node_2,cac2,0.0
2030,sc01,01-20 07:00:00+01:00,Node_2,Node_3,eac1,-0.075
2030,sc01,01-20 07:00:00+01:00,Node_2,Node_3,cac1,-0.018749999999997158
2030,sc01,01-20 07:00:00+01:00,Node_1,Node_2,eac1,-0.065625
2030,sc01,01-20 08:00:00+01:00,Node_1,Node_3,cac1,0.0
2030,sc01,01-20 08:00:00+01:00,Node_1,Node_2,cac1,0.0
2030,sc01,01-20 08:00:00+01:00,Node_2,Node_3,cac3,0.0
2030,sc01,01-20 08:00:00+01:00,Node_2,Node_3,cac2,-0.037499999999994316
2030,sc01,01-20 08:00:00+01:00,Node_1,Node_3,cac3,0.0
2030,sc01,01-20 08:00:00+01:00,Node_1,Node_3,cac2,0.0
2030,sc01,01-20 08:00:00+01:00,Node_1,Node_2,cac3,0.0
2030,sc01,01-20 08:00:00+01:00,Node_1,Node_3,eac1,-0.075
2030,sc01,01-20 08:00:00+01:00,Node_1,Node_2,cac2,0.0
2030,sc01,01-20 08:00:00+01:00,Node_2,Node_3,eac1,-0.075
2030,sc01,01-20 08:00:00+01:00,Node_2,Node_3,cac1,-0.018749999999997158
2030,sc01,01-20 08:00:00+01:00,Node_1,Node_2,eac1,-0.065625
2030,sc01,01-20 09:00:00+01:00,Node_1,Node_3,cac1,0.0
2030,sc01,01-20 09:00:00+01:00,Node_1,Node_2,cac1,0.0
2030,sc01,01-20 09:00:00+01:00,Node_2,Node_3,cac3,0.0
2030,sc01,01-20 09:00:00+01:00,Node_2,Node_3,cac2,-0.037499999999994316
2030,sc01,01-20 09:00:00+01:00,Node_1,Node_3,cac3,0.0
2030,sc01,01-20 09:00:00+01:00,Node_1,Node_3,cac2,0.0
2030,sc01,01-20 09:00:00+01:00,Node_1,Node_2,cac3,0.0
2030,sc01,01-20 09:00:00+01:00,Node_1,Node_3,eac1,-0.075
2030,sc01,01-20 09:00:00+01:00,Node_1,Node_2,cac2,0.0
2030,sc01,01-20 09:00:00+01:00,Node_2,Node_3,eac1,-0.075
2030,sc01,01-20 09:00:00+01:00,Node_2,Node_3,cac1,-0.018749999999997158
2030,sc01,01-20 09:00:00+01:00,Node_1,Node_2,eac1,-0.065625
2030,sc01,01-20 10:00:00+01:00,Node_1,Node_3,cac1,0.0
2030,sc01,01-20 10:00:00+01:00,Node_1,Node_2,cac1,0.0
2030,sc01,01-20 10:00:00+01:00,Node_2,Node_3,cac3,0.0
2030,sc01,01-20 10:00:00+01:00,Node_2,Node_3,cac2,-0.037499999999994316
2030,sc01,01-20 10:00:00+01:00,Node_1,Node_3,cac3,0.0
2030,sc01,01-20 10:00:00+01:00,Node_1,Node_3,cac2,0.0
2030,sc01,01-20 10:00:00+01:00,Node_1,Node_2,cac3,0.0
2030,sc01,01-20 10:00:00+01:00,Node_1,Node_3,eac1,-0.075
2030,sc01,01-20 10:00:00+01:00,Node_1,Node_2,cac2,0.0
2030,sc01,01-20 10:00:00+01:00,Node_2,Node_3,eac1,-0.075
2030,sc01,01-20 10:00:00+01:00,Node_2,Node_3,cac1,-0.018749999999997158
2030,sc01,01-20 10:00:00+01:00,Node_1,Node_2,eac1,-0.065625
2030,sc01,01-20 11:00:00+01:00,Node_1,Node_3,cac1,0.0
2030,sc01,01-20 11:00:00+01:00,Node_1,Node_2,cac1,0.0
2030,sc01,01-20 11:00:00+01:00,Node_2,Node_3,cac3,0.0
2030,sc01,01-20 11:00:00+01:00,Node_2,Node_3,cac2,-0.037499999999994316
2030,sc01,01-20 11:00:00+01:00,Node_1,Node_3,cac3,0.0
2030,sc01,01-20 11:00:00+01:00,Node_1,Node_3,cac2,0.0
2030,sc01,01-20 11:00:00+01:00,Node_1,Node_2,cac3,0.0
2030,sc01,01-20 11:00:00+01:00,Node_1,Node_3,eac1,-0.075
2030,sc01,01-20 11:00:00+01:00,Node_1,Node_2,cac2,0.0
2030,sc01,01-20 11:00:00+01:00,Node_2,Node_3,eac1,-0.075
2030,sc01,01-20 11:00:00+01:00,Node_2,Node_3,cac1,-0.018749999999997158
2030,sc01,01-20 11:00:00+01:00,Node_1,Node_2,eac1,-0.065625
2030,sc01,01-20 12:00:00+01:00,Node_1,Node_3,cac1,0.0
2030,sc01,01-20 12:00:00+01:00,Node_1,Node_2,cac1,0.0
2030,sc01,01-20 12:00:00+01:00,Node_2,Node_3,cac3,0.0
2030,sc01,01-20 12:00:00+01:00,Node_2,Node_3,cac2,-0.037499999999994316
2030,sc01,01-20 12:00:00+01:00,Node_1,Node_3,cac3,0.0
2030,sc01,01-20 12:00:00+01:00,Node_1,Node_3,cac2,0.0
2030,sc01,01-20 12:00:00+01:00,Node_1,Node_2,cac3,0.0
2030,sc01,01-20 12:00:00+01:00,Node_1,Node_3,eac1,-0.075
2030,sc01,01-20 12:00:00+01:00,Node_1,Node_2,cac2,0.0
2030,sc01,01-20 12:00:00+01:00,Node_2,Node_3,eac1,-0.075
2030,sc01,01-20 12:00:00+01:00,Node_2,Node_3,cac1,-0.018749999999997158
2030,sc01,01-20 12:00:00+01:00,Node_1,Node_2,eac1,-0.065625
2030,sc01,01-20 13:00:00+01:00,Node_1,Node_3,cac1,0.0
2030,sc01,01-20 13:00:00+01:00,Node_1,Node_2,cac1,0.0
2030,sc01,01-20 13:00:00+01:00,Node_2,Node_3,cac3,0.0
2030,sc01,01-20 13:00:00+01:00,Node_2,Node_3,cac2,-0.037499999999994316
2030,sc01,01-20 13:00:00+01:00,Node_1,Node_3,cac3,0.0
2030,sc01,01-20 13:00:00+01:00,Node_1,Node_3,cac2,0.0
2030,sc01,01-20 13:00:00+01:00,Node_1,Node_2,cac3,0.0
2030,sc01,01-20 13:00:00+01:00,Node_1,Node_3,eac1,-0.075
2030,sc01,01-20 13:00:00+01:00,Node_1,Node_2,cac2,0.0
2030,sc01,01-20 13:00:00+01:00,Node_2,Node_3,eac1,-0.075
2030,sc01,01-20 13:00:00+01:00,Node_2,Node_3,cac1,-0.018749999999997158
2030,sc01,01-20 13:00:00+01:00,Node_1,Node_2,eac1,-0.065625
2030,sc01,01-20 14:00:00+01:00,Node_1,Node_3,cac1,0.0
2030,sc01,01-20 14:00:00+01:00,Node_1,Node_2,cac1,0.0
2030,sc01,01-20 14:00:00+01:00,Node_2,Node_3,cac3,0.0
2030,sc01,01-20 14:00:00+01:00,Node_2,Node_3,cac2,-0.037499999999994316
2030,sc01,01-20 14:00:00+01:00,Node_1,Node_3,cac3,0.0
2030,sc01,01-20 14:00:00+01:00,Node_1,Node_3,cac2,0.0
2030,sc01,01-20 14:00:00+01:00,Node_1,Node_2,cac3,0.0
2030,sc01,01-20 14:00:00+01:00,Node_1,Node_3,eac1,-0.075
2030,sc01,01-20 14:00:00+01:00,Node_1,Node_2,cac2,0.0
2030,sc01,01-20 14:00:00+01:00,Node_2,Node_3,eac1,-0.075
2030,sc01,01-20 14:00:00+01:00,Node_2,Node_3,cac1,-0.018749999999997158
2030,sc01,01-20 14:00:00+01:00,Node_1,Node_2,eac1,-0.065625
2030,sc01,01-20 15:00:00+01:00,Node_1,Node_3,cac1,0.0
2030,sc01,01-20 15:00:00+01:00,Node_1,Node_2,cac1,0.0
2030,sc01,01-20 15:00:00+01:00,Node_2,Node_3,cac3,0.0
2030,sc01,01-20 15:00:00+01:00,Node_2,Node_3,cac2,-0.037499999999994316
2030,sc01,01-20 15:00:00+01:00,Node_1,Node_3,cac3,0.0
2030,sc01,01-20 15:00:00+01:00,Node_1,Node_3,cac2,0.0
2030,sc01,01-20 15:00:00+01:00,Node_1,Node_2,cac3,0.0
2030,sc01,01-20 15:00:00+01:00,Node_1,Node_3,eac1,-0.075
2030,sc01,01-20 15:00:00+01:00,Node_1,Node_2,cac2,0.0
2030,sc01,01-20 15:00:00+01:00,Node_2,Node_3,eac1,-0.075
2030,sc01,01-20 15:00:00+01:00,Node_2,Node_3,cac1,-0.018749999999997158
2030,sc01,01-20 15:00:00+01:00,Node_1,Node_2,eac1,-0.065625
2030,sc01,01-20 16:00:00+01:00,Node_1,Node_3,cac1,0.0
2030,sc01,01-20 16:00:00+01:00,Node_1,Node_2,cac1,0.0
2030,sc01,01-20 16:00:00+01:00,Node_2,Node_3,cac3,0.0
2030,sc01,01-20 16:00:00+01:00,Node_2,Node_3,cac2,-0.037499999999994316
2030,sc01,01-20 16:00:00+01:00,Node_1,Node_3,cac3,0.0
2030,sc01,01-20 16:00:00+01:00,Node_1,Node_3,cac2,0.0
2030,sc01,01-20 16:00:00+01:00,Node_1,Node_2,cac3,0.0
2030,sc01,01-20 16:00:00+01:00,Node_1,Node_3,eac1,-0.075
2030,sc01,01-20 16:00:00+01:00,Node_1,Node_2,cac2,0.0
2030,sc01,01-20 16:00:00+01:00,Node_2,Node_3,eac1,-0.075
2030,sc01,01-20 16:00:00+01:00,Node_2,Node_3,cac1,-0.018749999999997158
2030,sc01,01-20 16:00:00+01:00,Node_1,Node_2,eac1,-0.065625
2030,sc01,01-20 17:00:00+01:00,Node_1,Node_3,cac1,0.0
2030,sc01,01-20 17:00:00+01:00,Node_1,Node_2,cac1,0.0
2030,sc01,01-20 17:00:00+01:00,Node_2,Node_3,cac3,0.0
2030,sc01,01-20 17:00:00+01:00,Node_2,Node_3,cac2,-0.037499999999994316
2030,sc01,01-20 17:00:00+01:00,Node_1,Node_3,cac3,0.0
2030,sc01,01-20 17:00:00+01:00,Node_1,Node_3,cac2,0.0
2030,sc01,01-20 17:00:00+01:00,Node_1,Node_2,cac3,0.0
2030,sc01,01-20 17:00:00+01:00,Node_1,Node_3,eac1,-0.075
2030,sc01,01-20 17:00:00+01:00,Node_1,Node_2,cac2,0.0
2030,sc01,01-20 17:00:00+01:00,Node_2,Node_3,eac1,-0.075
2030,sc01,01-20 17:00:00+01:00,Node_2,Node_3,cac1,-0.018749999999997158
2030,sc01,01-20 17:00:00+01:00,Node_1,Node_2,eac1,-0.065625
2030,sc01,01-20 18:00:00+01:00,Node_1,Node_3,cac1,0.0
2030,sc01,01-20 18:00:00+01:00,Node_1,Node_2,cac1,0.0
2030,sc01,01-20 18:00:00+01:00,Node_2,Node_3,cac3,0.0
2030,sc01,01-20 18:00:00+01:00,Node_2,Node_3,cac2,-0.037499999999994316
2030,sc01,01-20 18:00:00+01:00,Node_1,Node_3,cac3,0.0
2030,sc01,01-20 18:00:00+01:00,Node_1,Node_3,cac2,0.0
2030,sc01,01-20 18:00:00+01:00,Node_1,Node_2,cac3,0.0
2030,sc01,01-20 18:00:00+01:00,Node_1,Node_3,eac1,-0.075
2030,sc01,01-20 18:00:00+01:00,Node_1,Node_2,cac2,0.0
2030,sc01,01-20 18:00:00+01:00,Node_2,Node_3,eac1,-0.075
2030,sc01,01-20 18:00:00+01:00,Node_2,Node_3,cac1,-0.018749999999997158
2030,sc01,01-20 18:00:00+01:00,Node_1,Node_2,eac1,-0.065625
2030,sc01,01-20 19:00:00+01:00,Node_1,Node_3,cac1,0.0
2030,sc01,01-20 19:00:00+01:00,Node_1,Node_2,cac1,0.0
2030,sc01,01-20 19:00:00+01:00,Node_2,Node_3,cac3,0.0
2030,sc01,01-20 19:00:00+01:00,Node_2,Node_3,cac2,-0.037499999999994316
2030,sc01,01-20 19:00:00+01:00,Node_1,Node_3,cac3,0.0
2030,sc01,01-20 19:00:00+01:00,Node_1,Node_3,cac2,0.0
2030,sc01,01-20 19:00:00+01:00,Node_1,Node_2,cac3,0.0
2030,sc01,01-20 19:00:00+01:00,Node_1,Node_3,eac1,-0.075
2030,sc01,01-20 19:00:00+01:00,Node_1,Node_2,cac2,0.0
2030,sc01,01-20 19:00:00+01:00,Node_2,Node_3,eac1,-0.075
2030,sc01,01-20 19:00:00+01:00,Node_2,Node_3,cac1,-0.018749999999997158
2030,sc01,01-20 19:00:00+01:00,Node_1,Node_2,eac1,-0.065625
2030,sc01,01-20 20:00:00+01:00,Node_1,Node_3,cac1,0.0
2030,sc01,01-20 20:00:00+01:00,Node_1,Node_2,cac1,0.0
2030,sc01,01-20 20:00:00+01:00,Node_2,Node_3,cac3,0.0
2030,sc01,01-20 20:00:00+01:00,Node_2,Node_3,cac2,-0.037499999999994316
2030,sc01,01-20 20:00:00+01:00,Node_1,Node_3,cac3,0.0
2030,sc01,01-20 20:00:00+01:00,Node_1,Node_3,cac2,0.0
2030,sc01,01-20 20:00:00+01:00,Node_1,Node_2,cac3,0.0
2030,sc01,01-20 20:00:00+01:00,Node_1,Node_3,eac1,-0.075
2030,sc01,01-20 20:00:00+01:00,Node_1,Node_2,cac2,0.0
2030,sc01,01-20 20:00:00+01:00,Node_2,Node_3,eac1,-0.075
2030,sc01,01-20 20:00:00+01:00,Node_2,Node_3,cac1,-0.018749999999997158
2030,sc01,01-20 20:00:00+01:00,Node_1,Node_2,eac1,-0.065625
2030,sc01,01-20 21:00:00+01:00,Node_1,Node_3,cac1,0.0
2030,sc01,01-20 21:00:00+01:00,Node_1,Node_2,cac1,0.0
2030,sc01,01-20 21:00:00+01:00,Node_2,Node_3,cac3,0.0
2030,sc01,01-20 21:00:00+01:00,Node_2,Node_3,cac2,-0.037499999999994316
2030,sc01,01-20 21:00:00+01:00,Node_1,Node_3,cac3,0.0
2030,sc01,01-20 21:00:00+01:00,Node_1,Node_3,cac2,0.0
2030,sc01,01-20 21:00:00+01:00,Node_1,Node_2,cac3,0.0
2030,sc01,01-20 21:00:00+01:00,Node_1,Node_3,eac1,-0.075
2030,sc01,01-20 21:00:00+01:00,Node_1,Node_2,cac2,0.0
2030,sc01,01-20 21:00:00+01:00,Node_2,Node_3,eac1,-0.075
2030,sc01,01-20 21:00:00+01:00,Node_2,Node_3,cac1,-0.018749999999997158
2030,sc01,01-20 21:00:00+01:00,Node_1,Node_2,eac1,-0.065625
2030,sc01,01-20 22:00:00+01:00,Node_1,Node_3,cac1,0.0
2030,sc01,01-20 22:00:00+01:00,Node_1,Node_2,cac1,0.0
2030,sc01,01-20 22:00:00+01:00,Node_2,Node_3,cac3,0.0
2030,sc01,01-20 22:00:00+01:00,Node_2,Node_3,cac2,-0.037499999999994316
2030,sc01,01-20 22:00:00+01:00,Node_1,Node_3,cac3,0.0
2030,sc01,01-20 22:00:00+01:00,Node_1,Node_3,cac2,0.0
2030,sc01,01-20 22:00:00+01:00,Node_1,Node_2,cac3,0.0
2030,sc01,01-20 22:00:00+01:00,Node_1,Node_3,eac1,-0.075
2030,sc01,01-20 22:00:00+01:00,Node_1,Node_2,cac2,0.0
2030,sc01,01-20 22:00:00+01:00,Node_2,Node_3,eac1,-0.075
2030,sc01,01-20 22:00:00+01:00,Node_2,Node_3,cac1,-0.018749999999997158
2030,sc01,01-20 22:00:00+01:00,Node_1,Node_2,eac1,-0.065625
2030,sc01,01-20 23:00:00+01:00,Node_1,Node_3,cac1,0.0
2030,sc01,01-20 23:00:00+01:00,Node_1,Node_2,cac1,0.0
2030,sc01,01-20 23:00:00+01:00,Node_2,Node_3,cac3,0.0
2030,sc01,01-20 23:00:00+01:00,Node_2,Node_3,cac2,-0.037499999999994316
2030,sc01,01-20 23:00:00+01:00,Node_1,Node_3,cac3,0.0
2030,sc01,01-20 23:00:00+01:00,Node_1,Node_3,cac2,0.0
2030,sc01,01-20 23:00:00+01:00,Node_1,Node_2,cac3,0.0
2030,sc01,01-20 23:00:00+01:00,Node_1,Node_3,eac1,-0.075
2030,sc01,01-20 23:00:00+01:00,Node_1,Node_2,cac2,0.0
2030,sc01,01-20 23:00:00+01:00,Node_2,Node_3,eac1,-0.075
2030,sc01,01-20 23:00:00+01:00,Node_2,Node_3,cac1,-0.018749999999997158
2030,sc01,01-20 23:00:00+01:00,Node_1,Node_2,eac1,-0.065625
2030,sc01,02-06 00:00:00+01:00,Node_1,Node_3,cac1,0.0
2030,sc01,02-06 00:00:00+01:00,Node_1,Node_2,cac1,0.0
2030,sc01,02-06 00:00:00+01:00,Node_2,Node_3,cac3,0.0
2030,sc01,02-06 00:00:00+01:00,Node_2,Node_3,cac2,-0.037499999999994316
2030,sc01,02-06 00:00:00+01:00,Node_1,Node_3,cac3,0.0
2030,sc01,02-06 00:00:00+01:00,Node_1,Node_3,cac2,0.0
2030,sc01,02-06 00:00:00+01:00,Node_1,Node_2,cac3,0.0
2030,sc01,02-06 00:00:00+01:00,Node_1,Node_3,eac1,-0.075
2030,sc01,02-06 00:00:00+01:00,Node_1,Node_2,cac2,0.0
2030,sc01,02-06 00:00:00+01:00,Node_2,Node_3,eac1,-0.075
2030,sc01,02-06 00:00:00+01:00,Node_2,Node_3,cac1,-0.018749999999997158
2030,sc01,02-06 00:00:00+01:00,Node_1,Node_2,eac1,-0.059948809176489704
2030,sc01,02-06 01:00:00+01:00,Node_1,Node_3,cac1,0.0
2030,sc01,02-06 01:00:00+01:00,Node_1,Node_2,cac1,0.0
2030,sc01,02-06 01:00:00+01:00,Node_2,Node_3,cac3,0.0
2030,sc01,02-06 01:00:00+01:00,Node_2,Node_3,cac2,-0.037499999999994316
2030,sc01,02-06 01:00:00+01:00,Node_1,Node_3,cac3,0.0
2030,sc01,02-06 01:00:00+01:00,Node_1,Node_3,cac2,0.0
2030,sc01,02-06 01:00:00+01:00,Node_1,Node_2,cac3,0.0
2030,sc01,02-06 01:00:00+01:00,Node_1,Node_3,eac1,-0.075
2030,sc01,02-06 01:00:00+01:00,Node_1,Node_2,cac2,0.0
2030,sc01,02-06 01:00:00+01:00,Node_2,Node_3,eac1,-0.075
2030,sc01,02-06 01:00:00+01:00,Node_2,Node_3,cac1,-0.018749999999997158
2030,sc01,02-06 01:00:00+01:00,Node_1,Node_2,eac1,-0.05402768334658958
2030,sc01,02-06 02:00:00+01:00,Node_1,Node_3,cac1,0.0
2030,sc01,02-06 02:00:00+01:00,Node_1,Node_2,cac1,0.0
2030,sc01,02-06 02:00:00+01:00,Node_2,Node_3,cac3,0.0
2030,sc01,02-06 02:00:00+01:00,Node_2,Node_3,cac2,-0.037499999999994316
2030,sc01,02-06 02:00:00+01:00,Node_1,Node_3,cac3,0.0
2030,sc01,02-06 02:00:00+01:00,Node_1,Node_3,cac2,0.0
2030,sc01,02-06 02:00:00+01:00,Node_1,Node_2,cac3,0.0
2030,sc01,02-06 02:00:00+01:00,Node_1,Node_3,eac1,-0.075
2030,sc01,02-06 02:00:00+01:00,Node_1,Node_2,cac2,0.0
2030,sc01,02-06 02:00:00+01:00,Node_2,Node_3,eac1,-0.075
2030,sc01,02-06 02:00:00+01:00,Node_2,Node_3,cac1,-0.018749999999997158
2030,sc01,02-06 02:00:00+01:00,Node_1,Node_2,eac1,-0.051900068080840356
2030,sc01,02-06 03:00:00+01:00,Node_1,Node_3,cac1,0.0
2030,sc01,02-06 03:00:00+01:00,Node_1,Node_2,cac1,0.0
2030,sc01,02-06 03:00:00+01:00,Node_2,Node_3,cac3,0.0
2030,sc01,02-06 03:00:00+01:00,Node_2,Node_3,cac2,-0.037499999999994316
2030,sc01,02-06 03:00:00+01:00,Node_1,Node_3,cac3,0.0
2030,sc01,02-06 03:00:00+01:00,Node_1,Node_3,cac2,0.0
2030,sc01,02-06 03:00:00+01:00,Node_1,Node_2,cac3,0.0
2030,sc01,02-06 03:00:00+01:00,Node_1,Node_3,eac1,-0.075
2030,sc01,02-06 03:00:00+01:00,Node_1,Node_2,cac2,0.0
2030,sc01,02-06 03:00:00+01:00,Node_2,Node_3,eac1,-0.075
2030,sc01,02-06 03:00:00+01:00,Node_2,Node_3,cac1,-0.018749999999997158
2030,sc01,02-06 03:00:00+01:00,Node_1,Node_2,eac1,-0.053579313718273625
2030,sc01,02-06 04:00:00+01:00,Node_1,Node_3,cac1,0.0
2030,sc01,02-06 04:00:00+01:00,Node_1,Node_2,cac1,0.0
2030,sc01,02-06 04:00:00+01:00,Node_2,Node_3,cac3,0.0
2030,sc01,02-06 04:00:00+01:00,Node_2,Node_3,cac2,-0.037499999999994316
2030,sc01,02-06 04:00:00+01:00,Node_1,Node_3,cac3,0.0
2030,sc01,02-06 04:00:00+01:00,Node_1,Node_3,cac2,0.0
2030,sc01,02-06 04:00:00+01:00,Node_1,Node_2,cac3,0.0
2030,sc01,02-06 04:00:00+01:00,Node_1,Node_3,eac1,-0.075
2030,sc01,02-06 04:00:00+01:00,Node_1,Node_2,cac2,0.0
2030,sc01,02-06 04:00:00+01:00,Node_2,Node_3,eac1,-0.075
2030,sc01,02-06 04:00:00+01:00,Node_2,Node_3,cac1,-0.018749999999997158
2030,sc01,02-06 04:00:00+01:00,Node_1,Node_2,eac1,-0.059183155949995125
2030,sc01,02-06 05:00:00+01:00,Node_1,Node_3,cac1,0.0
2030,sc01,02-06 05:00:00+01:00,Node_1,Node_2,cac1,0.0
2030,sc01,02-06 05:00:00+01:00,Node_2,Node_3,cac3,0.0
2030,sc01,02-06 05:00:00+01:00,Node_2,Node_3,cac2,-0.037499999999994316
2030,sc01,02-06 05:00:00+01:00,Node_1,Node_3,cac3,0.0
2030,sc01,02-06 05:00:00+01:00,Node_1,Node_3,cac2,0.0
2030,sc01,02-06 05:00:00+01:00,Node_1,Node_2,cac3,0.0
2030,sc01,02-06 05:00:00+01:00,Node_1,Node_3,eac1,-0.075
2030,sc01,02-06 05:00:00+01:00,Node_1,Node_2,cac2,0.0
2030,sc01,02-06 05:00:00+01:00,Node_2,Node_3,eac1,-0.075
2030,sc01,02-06 05:00:00+01:00,Node_2,Node_3,cac1,-0.018749999999997158
2030,sc01,02-06 05:00:00+01:00,Node_1,Node_2,eac1,-0.065625
2030,sc01,02-06 06:00:00+01:00,Node_1,Node_3,cac1,0.0
2030,sc01,02-06 06:00:00+01:00,Node_1,Node_2,cac1,0.0
2030,sc01,02-06 06:00:00+01:00,Node_2,Node_3,cac3,0.0
2030,sc01,02-06 06:00:00+01:00,Node_2,Node_3,cac2,-0.037499999999994316
2030,sc01,02-06 06:00:00+01:00,Node_1,Node_3,cac3,0.0
2030,sc01,02-06 06:00:00+01:00,Node_1,Node_3,cac2,0.0
2030,sc01,02-06 06:00:00+01:00,Node_1,Node_2,cac3,0.0
2030,sc01,02-06 06:00:00+01:00,Node_1,Node_3,eac1,-0.075
2030,sc01,02-06 06:00:00+01:00,Node_1,Node_2,cac2,0.0
2030,sc01,02-06 06:00:00+01:00,Node_2,Node_3,eac1,-0.075
2030,sc01,02-06 06:00:00+01:00,Node_2,Node_3,cac1,-0.018749999999997158
2030,sc01,02-06 06:00:00+01:00,Node_1,Node_2,eac1,-0.065625
2030,sc01,02-06 07:00:00+01:00,Node_1,Node_3,cac1,0.0
2030,sc01,02-06 07:00:00+01:00,Node_1,Node_2,cac1,0.0
2030,sc01,02-06 07:00:00+01:00,Node_2,Node_3,cac3,0.0
2030,sc01,02-06 07:00:00+01:00,Node_2,Node_3,cac2,-0.037499999999994316
2030,sc01,02-06 07:00:00+01:00,Node_1,Node_3,cac3,0.0
2030,sc01,02-06 07:00:00+01:00,Node_1,Node_3,cac2,0.0
2030,sc01,02-06 07:00:00+01:00,Node_1,Node_2,cac3,0.0
2030,sc01,02-06 07:00:00+01:00,Node_1,Node_3,eac1,-0.075
2030,sc01,02-06 07:00:00+01:00,Node_1,Node_2,cac2,0.0
2030,sc01,02-06 07:00:00+01:00,Node_2,Node_3,eac1,-0.075
2030,sc01,02-06 07:00:00+01:00,Node_2,Node_3,cac1,-0.018749999999997158
2030,sc01,02-06 07:00:00+01:00,Node_1,Node_2,eac1,-0.065625
2030,sc01,02-06 08:00:00+01:00,Node_1,Node_3,cac1,0.0
2030,sc01,02-06 08:00:00+01:00,Node_1,Node_2,cac1,0.0
2030,sc01,02-06 08:00:00+01:00,Node_2,Node_3,cac3,0.0
2030,sc01,02-06 08:00:00+01:00,Node_2,Node_3,cac2,-0.037499999999994316
2030,sc01,02-06 08:00:00+01:00,Node_1,Node_3,cac3,0.0
2030,sc01,02-06 08:00:00+01:00,Node_1,Node_3,cac2,0.0
2030,sc01,02-06 08:00:00+01:00,Node_1,Node_2,cac3,0.0
2030,sc01,02-06 08:00:00+01:00,Node_1,Node_3,eac1,-0.075
2030,sc01,02-06 08:00:00+01:00,Node_1,Node_2,cac2,0.0
2030,sc01,02-06 08:00:00+01:00,Node_2,Node_3,eac1,-0.075
2030,sc01,02-06 08:00:00+01:00,Node_2,Node_3,cac1,-0.018749999999997158
2030,sc01,02-06 08:00:00+01:00,Node_1,Node_2,eac1,-0.065625
2030,sc01,02-06 09:00:00+01:00,Node_1,Node_3,cac1,0.0
2030,sc01,02-06 09:00:00+01:00,Node_1,Node_2,cac1,0.0
2030,sc01,02-06 09:00:00+01:00,Node_2,Node_3,cac3,0.0
2030,sc01,02-06 09:00:00+01:00,Node_2,Node_3,cac2,-0.037499999999994316
2030,sc01,02-06 09:00:00+01:00,Node_1,Node_3,cac3,0.0
2030,sc01,02-06 09:00:00+01:00,Node_1,Node_3,cac2,0.0
2030,sc01,02-06 09:00:00+01:00,Node_1,Node_2,cac3,0.0
2030,sc01,02-06 09:00:00+01:00,Node_1,Node_3,eac1,-0.075
2030,sc01,02-06 09:00:00+01:00,Node_1,Node_2,cac2,0.0
2030,sc01,02-06 09:00:00+01:00,Node_2,Node_3,eac1,-0.075
2030,sc01,02-06 09:00:00+01:00,Node_2,Node_3,cac1,-0.018749999999997158
2030,sc01,02-06 09:00:00+01:00,Node_1,Node_2,eac1,-0.065625
2030,sc01,02-06 10:00:00+01:00,Node_1,Node_3,cac1,0.0
2030,sc01,02-06 10:00:00+01:00,Node_1,Node_2,cac1,0.0
2030,sc01,02-06 10:00:00+01:00,Node_2,Node_3,cac3,0.0
2030,sc01,02-06 10:00:00+01:00,Node_2,Node_3,cac2,-0.037499999999994316
2030,sc01,02-06 10:00:00+01:00,Node_1,Node_3,cac3,0.0
2030,sc01,02-06 10:00:00+01:00,Node_1,Node_3,cac2,0.0
2030,sc01,02-06 10:00:00+01:00,Node_1,Node_2,cac3,0.0
2030,sc01,02-06 10:00:00+01:00,Node_1,Node_3,eac1,-0.075
2030,sc01,02-06 10:00:00+01:00,Node_1,Node_2,cac2,0.0
2030,sc01,02-06 10:00:00+01:00,Node_2,Node_3,eac1,-0.075
2030,sc01,02-06 10:00:00+01:00,Node_2,Node_3,cac1,-0.018749999999997158
2030,sc01,02-06 10:00:00+01:00,Node_1,Node_2,eac1,-0.065625
2030,sc01,02-06 11:00:00+01:00,Node_1,Node_3,cac1,0.0
2030,sc01,02-06 11:00:00+01:00,Node_1,Node_2,cac1,0.0
2030,sc01,02-06 11:00:00+01:00,Node_2,Node_3,cac3,0.0
2030,sc01,02-06 11:00:00+01:00,Node_2,Node_3,cac2,-0.037499999999994316
2030,sc01,02-06 11:00:00+01:00,Node_1,Node_3,cac3,0.0
2030,sc01,02-06 11:00:00+01:00,Node_1,Node_3,cac2,0.0
2030,sc01,02-06 11:00:00+01:00,Node_1,Node_2,cac3,0.0
2030,sc01,02-06 11:00:00+01:00,Node_1,Node_3,eac1,-0.075
2030,sc01,02-06 11:00:00+01:00,Node_1,Node_2,cac2,0.0
2030,sc01,02-06 11:00:00+01:00,Node_2,Node_3,eac1,-0.075
2030,sc01,02-06 11:00:00+01:00,Node_2,Node_3,cac1,-0.018749999999997158
2030,sc01,02-06 11:00:00+01:00,Node_1,Node_2,eac1,-0.061805477900747974
2030,sc01,02-06 12:00:00+01:00,Node_1,Node_3,cac1,0.0
2030,sc01,02-06 12:00:00+01:00,Node_1,Node_2,cac1,0.0
2030,sc01,02-06 12:00:00+01:00,Node_2,Node_3,cac3,0.0
2030,sc01,02-06 12:00:00+01:00,Node_2,Node_3,cac2,-0.037499999999994316
2030,sc01,02-06 12:00:00+01:00,Node_1,Node_3,cac3,0.0
2030,sc01,02-06 12:00:00+01:00,Node_1,Node_3,cac2,0.0
2030,sc01,02-06 12:00:00+01:00,Node_1,Node_2,cac3,0.0
2030,sc01,02-06 12:00:00+01:00,Node_1,Node_3,eac1,-0.075
2030,sc01,02-06 12:00:00+01:00,Node_1,Node_2,cac2,0.0
2030,sc01,02-06 12:00:00+01:00,Node_2,Node_3,eac1,-0.075
2030,sc01,02-06 12:00:00+01:00,Node_2,Node_3,cac1,-0.018749999999997158
2030,sc01,02-06 12:00:00+01:00,Node_1,Node_2,eac1,-0.05693464269711512
2030,sc01,02-06 13:00:00+01:00,Node_1,Node_3,cac1,0.0
2030,sc01,02-06 13:00:00+01:00,Node_1,Node_2,cac1,0.0
2030,sc01,02-06 13:00:00+01:00,Node_2,Node_3,cac3,0.0
2030,sc01,02-06 13:00:00+01:00,Node_2,Node_3,cac2,-0.037499999999994316
2030,sc01,02-06 13:00:00+01:00,Node_1,Node_3,cac3,0.0
2030,sc01,02-06 13:00:00+01:00,Node_1,Node_3,cac2,0.0
2030,sc01,02-06 13:00:00+01:00,Node_1,Node_2,cac3,0.0
2030,sc01,02-06 13:00:00+01:00,Node_1,Node_3,eac1,-0.075
2030,sc01,02-06 13:00:00+01:00,Node_1,Node_2,cac2,0.0
2030,sc01,02-06 13:00:00+01:00,Node_2,Node_3,eac1,-0.075
2030,sc01,02-06 13:00:00+01:00,Node_2,Node_3,cac1,-0.018749999999997158
2030,sc01,02-06 13:00:00+01:00,Node_1,Node_2,eac1,-0.0564519264804062
2030,sc01,02-06 14:00:00+01:00,Node_1,Node_3,cac1,0.0
2030,sc01,02-06 14:00:00+01:00,Node_1,Node_2,cac1,0.0
2030,sc01,02-06 14:00:00+01:00,Node_2,Node_3,cac3,0.0
2030,sc01,02-06 14:00:00+01:00,Node_2,Node_3,cac2,-0.037499999999994316
2030,sc01,02-06 14:00:00+01:00,Node_1,Node_3,cac3,0.0
2030,sc01,02-06 14:00:00+01:00,Node_1,Node_3,cac2,0.0
2030,sc01,02-06 14:00:00+01:00,Node_1,Node_2,cac3,0.0
2030,sc01,02-06 14:00:00+01:00,Node_1,Node_3,eac1,-0.075
2030,sc01,02-06 14:00:00+01:00,Node_1,Node_2,cac2,0.0
2030,sc01,02-06 14:00:00+01:00,Node_2,Node_3,eac1,-0.075
2030,sc01,02-06 14:00:00+01:00,Node_2,Node_3,cac1,-0.018749999999997158
2030,sc01,02-06 14:00:00+01:00,Node_1,Node_2,eac1,-0.055207170103869885
2030,sc01,02-06 15:00:00+01:00,Node_1,Node_3,cac1,0.0
2030,sc01,02-06 15:00:00+01:00,Node_1,Node_2,cac1,0.0
2030,sc01,02-06 15:00:00+01:00,Node_2,Node_3,cac3,0.0
2030,sc01,02-06 15:00:00+01:00,Node_2,Node_3,cac2,-0.037499999999994316
2030,sc01,02-06 15:00:00+01:00,Node_1,Node_3,cac3,0.0
2030,sc01,02-06 15:00:00+01:00,Node_1,Node_3,cac2,0.0
2030,sc01,02-06 15:00:00+01:00,Node_1,Node_2,cac3,0.0
2030,sc01,02-06 15:00:00+01:00,Node_1,Node_3,eac1,-0.075
2030,sc01,02-06 15:00:00+01:00,Node_1,Node_2,cac2,0.0
2030,sc01,02-06 15:00:00+01:00,Node_2,Node_3,eac1,-0.075
2030,sc01,02-06 15:00:00+01:00,Node_2,Node_3,cac1,-0.018749999999997158
2030,sc01,02-06 15:00:00+01:00,Node_1,Node_2,eac1,-0.059876863028620164
2030,sc01,02-06 16:00:00+01:00,Node_1,Node_3,cac1,0.0
2030,sc01,02-06 16:00:00+01:00,Node_1,Node_2,cac1,0.0
2030,sc01,02-06 16:00:00+01:00,Node_2,Node_3,cac3,0.0
2030,sc01,02-06 16:00:00+01:00,Node_2,Node_3,cac2,-0.037499999999994316
2030,sc01,02-06 16:00:00+01:00,Node_1,Node_3,cac3,0.0
2030,sc01,02-06 16:00:00+01:00,Node_1,Node_3,cac2,0.0
2030,sc01,02-06 16:00:00+01:00,Node_1,Node_2,cac3,0.0
2030,sc01,02-06 16:00:00+01:00,Node_1,Node_3,eac1,-0.075
2030,sc01,02-06 16:00:00+01:00,Node_1,Node_2,cac2,0.0
2030,sc01,02-06 16:00:00+01:00,Node_2,Node_3,eac1,-0.075
2030,sc01,02-06 16:00:00+01:00,Node_2,Node_3,cac1,-0.018749999999997158
2030,sc01,02-06 16:00:00+01:00,Node_1,Node_2,eac1,-0.065625
2030,sc01,02-06 17:00:00+01:00,Node_1,Node_3,cac1,0.0
2030,sc01,02-06 17:00:00+01:00,Node_1,Node_2,cac1,0.0
2030,sc01,02-06 17:00:00+01:00,Node_2,Node_3,cac3,0.0
2030,sc01,02-06 17:00:00+01:00,Node_2,Node_3,cac2,-0.037499999999994316
2030,sc01,02-06 17:00:00+01:00,Node_1,Node_3,cac3,0.0
2030,sc01,02-06 17:00:00+01:00,Node_1,Node_3,cac2,0.0
2030,sc01,02-06 17:00:00+01:00,Node_1,Node_2,cac3,0.0
2030,sc01,02-06 17:00:00+01:00,Node_1,Node_3,eac1,-0.075
2030,sc01,02-06 17:00:00+01:00,Node_1,Node_2,cac2,0.0
2030,sc01,02-06 17:00:00+01:00,Node_2,Node_3,eac1,-0.075
2030,sc01,02-06 17:00:00+01:00,Node_2,Node_3,cac1,-0.018749999999997158
2030,sc01,02-06 17:00:00+01:00,Node_1,Node_2,eac1,-0.065625
2030,sc01,02-06 18:00:00+01:00,Node_1,Node_3,cac1,0.0
2030,sc01,02-06 18:00:00+01:00,Node_1,Node_2,cac1,0.0
2030,sc01,02-06 18:00:00+01:00,Node_2,Node_3,cac3,0.0
2030,sc01,02-06 18:00:00+01:00,Node_2,Node_3,cac2,-0.037499999999994316
2030,sc01,02-06 18:00:00+01:00,Node_1,Node_3,cac3,0.0
2030,sc01,02-06 18:00:00+01:00,Node_1,Node_3,cac2,0.0
2030,sc01,02-06 18:00:00+01:00,Node_1,Node_2,cac3,0.0
2030,sc01,02-06 18:00:00+01:00,Node_1,Node_3,eac1,-0.075
2030,sc01,02-06 18:00:00+01:00,Node_1,Node_2,cac2,0.0
2030,sc01,02-06 18:00:00+01:00,Node_2,Node_3,eac1,-0.075
2030,sc01,02-06 18:00:00+01:00,Node_2,Node_3,cac1,-0.018749999999997158
2030,sc01,02-06 18:00:00+01:00,Node_1,Node_2,eac1,-0.065625
2030,sc01,02-06 19:00:00+01:00,Node_1,Node_3,cac1,0.0
2030,sc01,02-06 19:00:00+01:00,Node_1,Node_2,cac1,0.0
2030,sc01,02-06 19:00:00+01:00,Node_2,Node_3,cac3,0.0
2030,sc01,02-06 19:00:00+01:00,Node_2,Node_3,cac2,-0.037499999999994316
2030,sc01,02-06 19:00:00+01:00,Node_1,Node_3,cac3,0.0
2030,sc01,02-06 19:00:00+01:00,Node_1,Node_3,cac2,0.0
2030,sc01,02-06 19:00:00+01:00,Node_1,Node_2,cac3,0.0
2030,sc01,02-06 19:00:00+01:00,Node_1,Node_3,eac1,-0.075
2030,sc01,02-06 19:00:00+01:00,Node_1,Node_2,cac2,0.0
2030,sc01,02-06 19:00:00+01:00,Node_2,Node_3,eac1,-0.075
2030,sc01,02-06 19:00:00+01:00,Node_2,Node_3,cac1,-0.018749999999997158
2030,sc01,02-06 19:00:00+01:00,Node_1,Node_2,eac1,-0.065625
2030,sc01,02-06 20:00:00+01:00,Node_1,Node_3,cac1,0.0
2030,sc01,02-06 20:00:00+01:00,Node_1,Node_2,cac1,0.0
2030,sc01,02-06 20:00:00+01:00,Node_2,Node_3,cac3,0.0
2030,sc01,02-06 20:00:00+01:00,Node_2,Node_3,cac2,-0.037499999999994316
2030,sc01,02-06 20:00:00+01:00,Node_1,Node_3,cac3,0.0
2030,sc01,02-06 20:00:00+01:00,Node_1,Node_3,cac2,0.0
2030,sc01,02-06 20:00:00+01:00,Node_1,Node_2,cac3,0.0
2030,sc01,02-06 20:00:00+01:00,Node_1,Node_3,eac1,-0.075
2030,sc01,02-06 20:00:00+01:00,Node_1,Node_2,cac2,0.0
2030,sc01,02-06 20:00:00+01:00,Node_2,Node_3,eac1,-0.075
2030,sc01,02-06 20:00:00+01:00,Node_2,Node_3,cac1,-0.018749999999997158
2030,sc01,02-06 20:00:00+01:00,Node_1,Node_2,eac1,-0.065625
2030,sc01,02-06 21:00:00+01:00,Node_1,Node_3,cac1,0.0
2030,sc01,02-06 21:00:00+01:00,Node_1,Node_2,cac1,0.0
2030,sc01,02-06 21:00:00+01:00,Node_2,Node_3,cac3,0.0
2030,sc01,02-06 21:00:00+01:00,Node_2,Node_3,cac2,-0.037499999999994316
2030,sc01,02-06 21:00:00+01:00,Node_1,Node_3,cac3,0.0
2030,sc01,02-06 21:00:00+01:00,Node_1,Node_3,cac2,0.0
2030,sc01,02-06 21:00:00+01:00,Node_1,Node_2,cac3,0.0
2030,sc01,02-06 21:00:00+01:00,Node_1,Node_3,eac1,-0.075
2030,sc01,02-06 21:00:00+01:00,Node_1,Node_2,cac2,0.0
2030,sc01,02-06 21:00:00+01:00,Node_2,Node_3,eac1,-0.075
2030,sc01,02-06 21:00:00+01:00,Node_2,Node_3,cac1,-0.018749999999997158
2030,sc01,02-06 21:00:00+01:00,Node_1,Node_2,eac1,-0.065625
2030,sc01,02-06 22:00:00+01:00,Node_1,Node_3,cac1,0.0
2030,sc01,02-06 22:00:00+01:00,Node_1,Node_2,cac1,0.0
2030,sc01,02-06 22:00:00+01:00,Node_2,Node_3,cac3,0.0
2030,sc01,02-06 22:00:00+01:00,Node_2,Node_3,cac2,-0.037499999999994316
2030,sc01,02-06 22:00:00+01:00,Node_1,Node_3,cac3,0.0
2030,sc01,02-06 22:00:00+01:00,Node_1,Node_3,cac2,0.0
2030,sc01,02-06 22:00:00+01:00,Node_1,Node_2,cac3,0.0
2030,sc01,02-06 22:00:00+01:00,Node_1,Node_3,eac1,-0.075
2030,sc01,02-06 22:00:00+01:00,Node_1,Node_2,cac2,0.0
2030,sc01,02-06 22:00:00+01:00,Node_2,Node_3,eac1,-0.075
2030,sc01,02-06 22:00:00+01:00,Node_2,Node_3,cac1,-0.018749999999997158
2030,sc01,02-06 22:00:00+01:00,Node_1,Node_2,eac1,-0.065625
2030,sc01,02-06 23:00:00+01:00,Node_1,Node_3,cac1,0.0
2030,sc01,02-06 23:00:00+01:00,Node_1,Node_2,cac1,0.0
2030,sc01,02-06 23:00:00+01:00,Node_2,Node_3,cac3,0.0
2030,sc01,02-06 23:00:00+01:00,Node_2,Node_3,cac2,-0.037499999999994316
2030,sc01,02-06 23:00:00+01:00,Node_1,Node_3,cac3,0.0
2030,sc01,02-06 23:00:00+01:00,Node_1,Node_3,cac2,0.0
2030,sc01,02-06 23:00:00+01:00,Node_1,Node_2,cac3,0.0
2030,sc01,02-06 23:00:00+01:00,Node_1,Node_3,eac1,-0.075
2030,sc01,02-06 23:00:00+01:00,Node_1,Node_2,cac2,0.0
2030,sc01,02-06 23:00:00+01:00,Node_2,Node_3,eac1,-0.075
2030,sc01,02-06 23:00:00+01:00,Node_2,Node_3,cac1,-0.018749999999997158
2030,sc01,02-06 23:00:00+01:00,Node_1,Node_2,eac1,-0.065625
2030,sc01,03-09 00:00:00+01:00,Node_1,Node_3,cac1,0.0
2030,sc01,03-09 00:00:00+01:00,Node_1,Node_2,cac1,0.0
2030,sc01,03-09 00:00:00+01:00,Node_2,Node_3,cac3,0.0
2030,sc01,03-09 00:00:00+01:00,Node_2,Node_3,cac2,-0.037499999999994316
2030,sc01,03-09 00:00:00+01:00,Node_1,Node_3,cac3,0.0
2030,sc01,03-09 00:00:00+01:00,Node_1,Node_3,cac2,0.0
2030,sc01,03-09 00:00:00+01:00,Node_1,Node_2,cac3,0.0
2030,sc01,03-09 00:00:00+01:00,Node_1,Node_3,eac1,-0.075
2030,sc01,03-09 00:00:00+01:00,Node_1,Node_2,cac2,0.0
2030,sc01,03-09 00:00:00+01:00,Node_2,Node_3,eac1,-0.075
2030,sc01,03-09 00:00:00+01:00,Node_2,Node_3,cac1,-0.018749999999997158
2030,sc01,03-09 00:00:00+01:00,Node_1,Node_2,eac1,-0.064305204443599
2030,sc01,03-09 01:00:00+01:00,Node_1,Node_3,cac1,0.0
2030,sc01,03-09 01:00:00+01:00,Node_1,Node_2,cac1,0.0
2030,sc01,03-09 01:00:00+01:00,Node_2,Node_3,cac3,0.0
2030,sc01,03-09 01:00:00+01:00,Node_2,Node_3,cac2,-0.037499999999994316
2030,sc01,03-09 01:00:00+01:00,Node_1,Node_3,cac3,0.0
2030,sc01,03-09 01:00:00+01:00,Node_1,Node_3,cac2,0.0
2030,sc01,03-09 01:00:00+01:00,Node_1,Node_2,cac3,0.0
2030,sc01,03-09 01:00:00+01:00,Node_1,Node_3,eac1,-0.075
2030,sc01,03-09 01:00:00+01:00,Node_1,Node_2,cac2,0.0
2030,sc01,03-09 01:00:00+01:00,Node_2,Node_3,eac1,-0.075
2030,sc01,03-09 01:00:00+01:00,Node_2,Node_3,cac1,-0.018749999999997158
2030,sc01,03-09 01:00:00+01:00,Node_1,Node_2,eac1,-0.06306947625205961
2030,sc01,03-09 02:00:00+01:00,Node_1,Node_3,cac1,0.0
2030,sc01,03-09 02:00:00+01:00,Node_1,Node_2,cac1,0.0
2030,sc01,03-09 02:00:00+01:00,Node_2,Node_3,cac3,0.0
2030,sc01,03-09 02:00:00+01:00,Node_2,Node_3,cac2,-0.037499999999994316
2030,sc01,03-09 02:00:00+01:00,Node_1,Node_3,cac3,0.0
2030,sc01,03-09 02:00:00+01:00,Node_1,Node_3,cac2,0.0
2030,sc01,03-09 02:00:00+01:00,Node_1,Node_2,cac3,0.0
2030,sc01,03-09 02:00:00+01:00,Node_1,Node_3,eac1,-0.075
2030,sc01,03-09 02:00:00+01:00,Node_1,Node_2,cac2,0.0
2030,sc01,03-09 02:00:00+01:00,Node_2,Node_3,eac1,-0.075
2030,sc01,03-09 02:00:00+01:00,Node_2,Node_3,cac1,-0.018749999999997158
2030,sc01,03-09 02:00:00+01:00,Node_1,Node_2,eac1,-0.06285512856626951
2030,sc01,03-09 03:00:00+01:00,Node_1,Node_3,cac1,0.0
2030,sc01,03-09 03:00:00+01:00,Node_1,Node_2,cac1,0.0
2030,sc01,03-09 03:00:00+01:00,Node_2,Node_3,cac3,0.0
2030,sc01,03-09 03:00:00+01:00,Node_2,Node_3,cac2,-0.037499999999994316
2030,sc01,03-09 03:00:00+01:00,Node_1,Node_3,cac3,0.0
2030,sc01,03-09 03:00:00+01:00,Node_1,Node_3,cac2,0.0
2030,sc01,03-09 03:00:00+01:00,Node_1,Node_2,cac3,0.0
2030,sc01,03-09 03:00:00+01:00,Node_1,Node_3,eac1,-0.075
2030,sc01,03-09 03:00:00+01:00,Node_1,Node_2,cac2,0.0
2030,sc01,03-09 03:00:00+01:00,Node_2,Node_3,eac1,-0.075
2030,sc01,03-09 03:00:00+01:00,Node_2,Node_3,cac1,-0.018749999999997158
2030,sc01,03-09 03:00:00+01:00,Node_1,Node_2,eac1,-0.06422911664702724
2030,sc01,03-09 04:00:00+01:00,Node_1,Node_3,cac1,0.0
2030,sc01,03-09 04:00:00+01:00,Node_1,Node_2,cac1,0.0
2030,sc01,03-09 04:00:00+01:00,Node_2,Node_3,cac3,0.0
2030,sc01,03-09 04:00:00+01:00,Node_2,Node_3,cac2,-0.037499999999994316
2030,sc01,03-09 04:00:00+01:00,Node_1,Node_3,cac3,0.0
2030,sc01,03-09 04:00:00+01:00,Node_1,Node_3,cac2,0.0
2030,sc01,03-09 04:00:00+01:00,Node_1,Node_2,cac3,0.0
2030,sc01,03-09 04:00:00+01:00,Node_1,Node_3,eac1,-0.075
2030,sc01,03-09 04:00:00+01:00,Node_1,Node_2,cac2,0.0
2030,sc01,03-09 04:00:00+01:00,Node_2,Node_3,eac1,-0.075
2030,sc01,03-09 04:00:00+01:00,Node_2,Node_3,cac1,-0.018749999999997158
2030,sc01,03-09 04:00:00+01:00,Node_1,Node_2,eac1,-0.065625
2030,sc01,03-09 05:00:00+01:00,Node_1,Node_3,cac1,0.0
2030,sc01,03-09 05:00:00+01:00,Node_1,Node_2,cac1,0.0
2030,sc01,03-09 05:00:00+01:00,Node_2,Node_3,cac3,0.0
2030,sc01,03-09 05:00:00+01:00,Node_2,Node_3,cac2,-0.037499999999994316
2030,sc01,03-09 05:00:00+01:00,Node_1,Node_3,cac3,0.0
2030,sc01,03-09 05:00:00+01:00,Node_1,Node_3,cac2,0.0
2030,sc01,03-09 05:00:00+01:00,Node_1,Node_2,cac3,0.0
2030,sc01,03-09 05:00:00+01:00,Node_1,Node_3,eac1,-0.075
2030,sc01,03-09 05:00:00+01:00,Node_1,Node_2,cac2,0.0
2030,sc01,03-09 05:00:00+01:00,Node_2,Node_3,eac1,-0.075
2030,sc01,03-09 05:00:00+01:00,Node_2,Node_3,cac1,-0.018749999999997158
2030,sc01,03-09 05:00:00+01:00,Node_1,Node_2,eac1,-0.065625
2030,sc01,03-09 06:00:00+01:00,Node_1,Node_3,cac1,0.0
2030,sc01,03-09 06:00:00+01:00,Node_1,Node_2,cac1,0.0
2030,sc01,03-09 06:00:00+01:00,Node_2,Node_3,cac3,0.0
2030,sc01,03-09 06:00:00+01:00,Node_2,Node_3,cac2,-0.037499999999994316
2030,sc01,03-09 06:00:00+01:00,Node_1,Node_3,cac3,0.0
2030,sc01,03-09 06:00:00+01:00,Node_1,Node_3,cac2,0.0
2030,sc01,03-09 06:00:00+01:00,Node_1,Node_2,cac3,0.0
2030,sc01,03-09 06:00:00+01:00,Node_1,Node_3,eac1,-0.075
2030,sc01,03-09 06:00:00+01:00,Node_1,Node_2,cac2,0.0
2030,sc01,03-09 06:00:00+01:00,Node_2,Node_3,eac1,-0.075
2030,sc01,03-09 06:00:00+01:00,Node_2,Node_3,cac1,-0.018749999999997158
2030,sc01,03-09 06:00:00+01:00,Node_1,Node_2,eac1,-0.065625
2030,sc01,03-09 07:00:00+01:00,Node_1,Node_3,cac1,0.0
2030,sc01,03-09 07:00:00+01:00,Node_1,Node_2,cac1,0.0
2030,sc01,03-09 07:00:00+01:00,Node_2,Node_3,cac3,0.0
2030,sc01,03-09 07:00:00+01:00,Node_2,Node_3,cac2,-0.037499999999994316
2030,sc01,03-09 07:00:00+01:00,Node_1,Node_3,cac3,0.0
2030,sc01,03-09 07:00:00+01:00,Node_1,Node_3,cac2,0.0
2030,sc01,03-09 07:00:00+01:00,Node_1,Node_2,cac3,0.0
2030,sc01,03-09 07:00:00+01:00,Node_1,Node_3,eac1,-0.075
2030,sc01,03-09 07:00:00+01:00,Node_1,Node_2,cac2,0.0
2030,sc01,03-09 07:00:00+01:00,Node_2,Node_3,eac1,-0.075
2030,sc01,03-09 07:00:00+01:00,Node_2,Node_3,cac1,-0.018749999999997158
2030,sc01,03-09 07:00:00+01:00,Node_1,Node_2,eac1,-0.065625
2030,sc01,03-09 08:00:00+01:00,Node_1,Node_3,cac1,0.0
2030,sc01,03-09 08:00:00+01:00,Node_1,Node_2,cac1,0.0
2030,sc01,03-09 08:00:00+01:00,Node_2,Node_3,cac3,0.0
2030,sc01,03-09 08:00:00+01:00,Node_2,Node_3,cac2,-0.037499999999994316
2030,sc01,03-09 08:00:00+01:00,Node_1,Node_3,cac3,0.0
2030,sc01,03-09 08:00:00+01:00,Node_1,Node_3,cac2,0.0
2030,sc01,03-09 08:00:00+01:00,Node_1,Node_2,cac3,0.0
2030,sc01,03-09 08:00:00+01:00,Node_1,Node_3,eac1,-0.075
2030,sc01,03-09 08:00:00+01:00,Node_1,Node_2,cac2,0.0
2030,sc01,03-09 08:00:00+01:00,Node_2,Node_3,eac1,-0.075
2030,sc01,03-09 08:00:00+01:00,Node_2,Node_3,cac1,-0.018749999999997158
2030,sc01,03-09 08:00:00+01:00,Node_1,Node_2,eac1,-0.065625
2030,sc01,03-09 09:00:00+01:00,Node_1,Node_3,cac1,0.0
2030,sc01,03-09 09:00:00+01:00,Node_1,Node_2,cac1,0.0
2030,sc01,03-09 09:00:00+01:00,Node_2,Node_3,cac3,0.0
2030,sc01,03-09 09:00:00+01:00,Node_2,Node_3,cac2,-0.037499999999994316
2030,sc01,03-09 09:00:00+01:00,Node_1,Node_3,cac3,0.0
2030,sc01,03-09 09:00:00+01:00,Node_1,Node_3,cac2,0.0
2030,sc01,03-09 09:00:00+01:00,Node_1,Node_2,cac3,0.0
2030,sc01,03-09 09:00:00+01:00,Node_1,Node_3,eac1,-0.075
2030,sc01,03-09 09:00:00+01:00,Node_1,Node_2,cac2,0.0
2030,sc01,03-09 09:00:00+01:00,Node_2,Node_3,eac1,-0.075
2030,sc01,03-09 09:00:00+01:00,Node_2,Node_3,cac1,-0.018749999999997158
2030,sc01,03-09 09:00:00+01:00,Node_1,Node_2,eac1,-0.065625
2030,sc01,03-09 10:00:00+01:00,Node_1,Node_3,cac1,0.0
2030,sc01,03-09 10:00:00+01:00,Node_1,Node_2,cac1,0.0
2030,sc01,03-09 10:00:00+01:00,Node_2,Node_3,cac3,0.0
2030,sc01,03-09 10:00:00+01:00,Node_2,Node_3,cac2,-0.037499999999994316
2030,sc01,03-09 10:00:00+01:00,Node_1,Node_3,cac3,0.0
2030,sc01,03-09 10:00:00+01:00,Node_1,Node_3,cac2,0.0
2030,sc01,03-09 10:00:00+01:00,Node_1,Node_2,cac3,0.0
2030,sc01,03-09 10:00:00+01:00,Node_1,Node_3,eac1,-0.075
2030,sc01,03-09 10:00:00+01:00,Node_1,Node_2,cac2,0.0
2030,sc01,03-09 10:00:00+01:00,Node_2,Node_3,eac1,-0.075
2030,sc01,03-09 10:00:00+01:00,Node_2,Node_3,cac1,-0.018749999999997158
2030,sc01,03-09 10:00:00+01:00,Node_1,Node_2,eac1,-0.065625
2030,sc01,03-09 11:00:00+01:00,Node_1,Node_3,cac1,0.0
2030,sc01,03-09 11:00:00+01:00,Node_1,Node_2,cac1,0.0
2030,sc01,03-09 11:00:00+01:00,Node_2,Node_3,cac3,0.0
2030,sc01,03-09 11:00:00+01:00,Node_2,Node_3,cac2,-0.037499999999994316
2030,sc01,03-09 11:00:00+01:00,Node_1,Node_3,cac3,0.0
2030,sc01,03-09 11:00:00+01:00,Node_1,Node_3,cac2,0.0
2030,sc01,03-09 11:00:00+01:00,Node_1,Node_2,cac3,0.0
2030,sc01,03-09 11:00:00+01:00,Node_1,Node_3,eac1,-0.075
2030,sc01,03-09 11:00:00+01:00,Node_1,Node_2,cac2,0.0
2030,sc01,03-09 11:00:00+01:00,Node_2,Node_3,eac1,-0.075
2030,sc01,03-09 11:00:00+01:00,Node_2,Node_3,cac1,-0.018749999999997158
2030,sc01,03-09 11:00:00+01:00,Node_1,Node_2,eac1,-0.065625
2030,sc01,03-09 12:00:00+01:00,Node_1,Node_3,cac1,0.0
2030,sc01,03-09 12:00:00+01:00,Node_1,Node_2,cac1,0.0
2030,sc01,03-09 12:00:00+01:00,Node_2,Node_3,cac3,0.0
2030,sc01,03-09 12:00:00+01:00,Node_2,Node_3,cac2,-0.037499999999994316
2030,sc01,03-09 12:00:00+01:00,Node_1,Node_3,cac3,0.0
2030,sc01,03-09 12:00:00+01:00,Node_1,Node_3,cac2,0.0
2030,sc01,03-09 12:00:00+01:00,Node_1,Node_2,cac3,0.0
2030,sc01,03-09 12:00:00+01:00,Node_1,Node_3,eac1,-0.075
2030,sc01,03-09 12:00:00+01:00,Node_1,Node_2,cac2,0.0
2030,sc01,03-09 12:00:00+01:00,Node_2,Node_3,eac1,-0.075
2030,sc01,03-09 12:00:00+01:00,Node_2,Node_3,cac1,-0.018749999999997158
2030,sc01,03-09 12:00:00+01:00,Node_1,Node_2,eac1,-0.065625
2030,sc01,03-09 13:00:00+01:00,Node_1,Node_3,cac1,0.0
2030,sc01,03-09 13:00:00+01:00,Node_1,Node_2,cac1,0.0
2030,sc01,03-09 13:00:00+01:00,Node_2,Node_3,cac3,0.0
2030,sc01,03-09 13:00:00+01:00,Node_2,Node_3,cac2,-0.037499999999994316
2030,sc01,03-09 13:00:00+01:00,Node_1,Node_3,cac3,0.0
2030,sc01,03-09 13:00:00+01:00,Node_1,Node_3,cac2,0.0
2030,sc01,03-09 13:00:00+01:00,Node_1,Node_2,cac3,0.0
2030,sc01,03-09 13:00:00+01:00,Node_1,Node_3,eac1,-0.075
2030,sc01,03-09 13:00:00+01:00,Node_1,Node_2,cac2,0.0
2030,sc01,03-09 13:00:00+01:00,Node_2,Node_3,eac1,-0.075
2030,sc01,03-09 13:00:00+01:00,Node_2,Node_3,cac1,-0.018749999999997158
2030,sc01,03-09 13:00:00+01:00,Node_1,Node_2,eac1,-0.065625
2030,sc01,03-09 14:00:00+01:00,Node_1,Node_3,cac1,0.0
2030,sc01,03-09 14:00:00+01:00,Node_1,Node_2,cac1,0.0
2030,sc01,03-09 14:00:00+01:00,Node_2,Node_3,cac3,0.0
2030,sc01,03-09 14:00:00+01:00,Node_2,Node_3,cac2,-0.037499999999994316
2030,sc01,03-09 14:00:00+01:00,Node_1,Node_3,cac3,0.0
2030,sc01,03-09 14:00:00+01:00,Node_1,Node_3,cac2,0.0
2030,sc01,03-09 14:00:00+01:00,Node_1,Node_2,cac3,0.0
2030,sc01,03-09 14:00:00+01:00,Node_1,Node_3,eac1,-0.075
2030,sc01,03-09 14:00:00+01:00,Node_1,Node_2,cac2,0.0
2030,sc01,03-09 14:00:00+01:00,Node_2,Node_3,eac1,-0.075
2030,sc01,03-09 14:00:00+01:00,Node_2,Node_3,cac1,-0.018749999999997158
2030,sc01,03-09 14:00:00+01:00,Node_1,Node_2,eac1,-0.065625
2030,sc01,03-09 15:00:00+01:00,Node_1,Node_3,cac1,0.0
2030,sc01,03-09 15:00:00+01:00,Node_1,Node_2,cac1,0.0
2030,sc01,03-09 15:00:00+01:00,Node_2,Node_3,cac3,0.0
2030,sc01,03-09 15:00:00+01:00,Node_2,Node_3,cac2,-0.037499999999994316
2030,sc01,03-09 15:00:00+01:00,Node_1,Node_3,cac3,0.0
2030,sc01,03-09 15:00:00+01:00,Node_1,Node_3,cac2,0.0
2030,sc01,03-09 15:00:00+01:00,Node_1,Node_2,cac3,0.0
2030,sc01,03-09 15:00:00+01:00,Node_1,Node_3,eac1,-0.075
2030,sc01,03-09 15:00:00+01:00,Node_1,Node_2,cac2,0.0
2030,sc01,03-09 15:00:00+01:00,Node_2,Node_3,eac1,-0.075
2030,sc01,03-09 15:00:00+01:00,Node_2,Node_3,cac1,-0.018749999999997158
2030,sc01,03-09 15:00:00+01:00,Node_1,Node_2,eac1,-0.065625
2030,sc01,03-09 16:00:00+01:00,Node_1,Node_3,cac1,0.0
2030,sc01,03-09 16:00:00+01:00,Node_1,Node_2,cac1,0.0
2030,sc01,03-09 16:00:00+01:00,Node_2,Node_3,cac3,0.0
2030,sc01,03-09 16:00:00+01:00,Node_2,Node_3,cac2,-0.037499999999994316
2030,sc01,03-09 16:00:00+01:00,Node_1,Node_3,cac3,0.0
2030,sc01,03-09 16:00:00+01:00,Node_1,Node_3,cac2,0.0
2030,sc01,03-09 16:00:00+01:00,Node_1,Node_2,cac3,0.0
2030,sc01,03-09 16:00:00+01:00,Node_1,Node_3,eac1,-0.075
2030,sc01,03-09 16:00:00+01:00,Node_1,Node_2,cac2,0.0
2030,sc01,03-09 16:00:00+01:00,Node_2,Node_3,eac1,-0.075
2030,sc01,03-09 16:00:00+01:00,Node_2,Node_3,cac1,-0.018749999999997158
2030,sc01,03-09 16:00:00+01:00,Node_1,Node_2,eac1,-0.065625
2030,sc01,03-09 17:00:00+01:00,Node_1,Node_3,cac1,0.0
2030,sc01,03-09 17:00:00+01:00,Node_1,Node_2,cac1,0.0
2030,sc01,03-09 17:00:00+01:00,Node_2,Node_3,cac3,0.0
2030,sc01,03-09 17:00:00+01:00,Node_2,Node_3,cac2,-0.037499999999994316
2030,sc01,03-09 17:00:00+01:00,Node_1,Node_3,cac3,0.0
2030,sc01,03-09 17:00:00+01:00,Node_1,Node_3,cac2,0.0
2030,sc01,03-09 17:00:00+01:00,Node_1,Node_2,cac3,0.0
2030,sc01,03-09 17:00:00+01:00,Node_1,Node_3,eac1,-0.075
2030,sc01,03-09 17:00:00+01:00,Node_1,Node_2,cac2,0.0
2030,sc01,03-09 17:00:00+01:00,Node_2,Node_3,eac1,-0.075
2030,sc01,03-09 17:00:00+01:00,Node_2,Node_3,cac1,-0.018749999999997158
2030,sc01,03-09 17:00:00+01:00,Node_1,Node_2,eac1,-0.065625
2030,sc01,03-09 18:00:00+01:00,Node_1,Node_3,cac1,0.0
2030,sc01,03-09 18:00:00+01:00,Node_1,Node_2,cac1,0.0
2030,sc01,03-09 18:00:00+01:00,Node_2,Node_3,cac3,0.0
2030,sc01,03-09 18:00:00+01:00,Node_2,Node_3,cac2,-0.037499999999994316
2030,sc01,03-09 18:00:00+01:00,Node_1,Node_3,cac3,0.0
2030,sc01,03-09 18:00:00+01:00,Node_1,Node_3,cac2,0.0
2030,sc01,03-09 18:00:00+01:00,Node_1,Node_2,cac3,0.0
2030,sc01,03-09 18:00:00+01:00,Node_1,Node_3,eac1,-0.075
2030,sc01,03-09 18:00:00+01:00,Node_1,Node_2,cac2,0.0
2030,sc01,03-09 18:00:00+01:00,Node_2,Node_3,eac1,-0.075
2030,sc01,03-09 18:00:00+01:00,Node_2,Node_3,cac1,-0.018749999999997158
2030,sc01,03-09 18:00:00+01:00,Node_1,Node_2,eac1,-0.065625
2030,sc01,03-09 19:00:00+01:00,Node_1,Node_3,cac1,0.0
2030,sc01,03-09 19:00:00+01:00,Node_1,Node_2,cac1,0.0
2030,sc01,03-09 19:00:00+01:00,Node_2,Node_3,cac3,0.0
2030,sc01,03-09 19:00:00+01:00,Node_2,Node_3,cac2,-0.037499999999994316
2030,sc01,03-09 19:00:00+01:00,Node_1,Node_3,cac3,0.0
2030,sc01,03-09 19:00:00+01:00,Node_1,Node_3,cac2,0.0
2030,sc01,03-09 19:00:00+01:00,Node_1,Node_2,cac3,0.0
2030,sc01,03-09 19:00:00+01:00,Node_1,Node_3,eac1,-0.075
2030,sc01,03-09 19:00:00+01:00,Node_1,Node_2,cac2,0.0
2030,sc01,03-09 19:00:00+01:00,Node_2,Node_3,eac1,-0.075
2030,sc01,03-09 19:00:00+01:00,Node_2,Node_3,cac1,-0.018749999999997158
2030,sc01,03-09 19:00:00+01:00,Node_1,Node_2,eac1,-0.065625
2030,sc01,03-09 20:00:00+01:00,Node_1,Node_3,cac1,0.0
2030,sc01,03-09 20:00:00+01:00,Node_1,Node_2,cac1,0.0
2030,sc01,03-09 20:00:00+01:00,Node_2,Node_3,cac3,0.0
2030,sc01,03-09 20:00:00+01:00,Node_2,Node_3,cac2,-0.037499999999994316
2030,sc01,03-09 20:00:00+01:00,Node_1,Node_3,cac3,0.0
2030,sc01,03-09 20:00:00+01:00,Node_1,Node_3,cac2,0.0
2030,sc01,03-09 20:00:00+01:00,Node_1,Node_2,cac3,0.0
2030,sc01,03-09 20:00:00+01:00,Node_1,Node_3,eac1,-0.075
2030,sc01,03-09 20:00:00+01:00,Node_1,Node_2,cac2,0.0
2030,sc01,03-09 20:00:00+01:00,Node_2,Node_3,eac1,-0.075
2030,sc01,03-09 20:00:00+01:00,Node_2,Node_3,cac1,-0.018749999999997158
2030,sc01,03-09 20:00:00+01:00,Node_1,Node_2,eac1,-0.065625
2030,sc01,03-09 21:00:00+01:00,Node_1,Node_3,cac1,0.0
2030,sc01,03-09 21:00:00+01:00,Node_1,Node_2,cac1,0.0
2030,sc01,03-09 21:00:00+01:00,Node_2,Node_3,cac3,0.0
2030,sc01,03-09 21:00:00+01:00,Node_2,Node_3,cac2,-0.037499999999994316
2030,sc01,03-09 21:00:00+01:00,Node_1,Node_3,cac3,0.0
2030,sc01,03-09 21:00:00+01:00,Node_1,Node_3,cac2,0.0
2030,sc01,03-09 21:00:00+01:00,Node_1,Node_2,cac3,0.0
2030,sc01,03-09 21:00:00+01:00,Node_1,Node_3,eac1,-0.075
2030,sc01,03-09 21:00:00+01:00,Node_1,Node_2,cac2,0.0
2030,sc01,03-09 21:00:00+01:00,Node_2,Node_3,eac1,-0.075
2030,sc01,03-09 21:00:00+01:00,Node_2,Node_3,cac1,-0.018749999999997158
2030,sc01,03-09 21:00:00+01:00,Node_1,Node_2,eac1,-0.065625
2030,sc01,03-09 22:00:00+01:00,Node_1,Node_3,cac1,0.0
2030,sc01,03-09 22:00:00+01:00,Node_1,Node_2,cac1,0.0
2030,sc01,03-09 22:00:00+01:00,Node_2,Node_3,cac3,0.0
2030,sc01,03-09 22:00:00+01:00,Node_2,Node_3,cac2,-0.037499999999994316
2030,sc01,03-09 22:00:00+01:00,Node_1,Node_3,cac3,0.0
2030,sc01,03-09 22:00:00+01:00,Node_1,Node_3,cac2,0.0
2030,sc01,03-09 22:00:00+01:00,Node_1,Node_2,cac3,0.0
2030,sc01,03-09 22:00:00+01:00,Node_1,Node_3,eac1,-0.075
2030,sc01,03-09 22:00:00+01:00,Node_1,Node_2,cac2,0.0
2030,sc01,03-09 22:00:00+01:00,Node_2,Node_3,eac1,-0.075
2030,sc01,03-09 22:00:00+01:00,Node_2,Node_3,cac1,-0.018749999999997158
2030,sc01,03-09 22:00:00+01:00,Node_1,Node_2,eac1,-0.065625
2030,sc01,03-09 23:00:00+01:00,Node_1,Node_3,cac1,0.0
2030,sc01,03-09 23:00:00+01:00,Node_1,Node_2,cac1,0.0
2030,sc01,03-09 23:00:00+01:00,Node_2,Node_3,cac3,0.0
2030,sc01,03-09 23:00:00+01:00,Node_2,Node_3,cac2,-0.037499999999994316
2030,sc01,03-09 23:00:00+01:00,Node_1,Node_3,cac3,0.0
2030,sc01,03-09 23:00:00+01:00,Node_1,Node_3,cac2,0.0
2030,sc01,03-09 23:00:00+01:00,Node_1,Node_2,cac3,0.0
2030,sc01,03-09 23:00:00+01:00,Node_1,Node_3,eac1,-0.075
2030,sc01,03-09 23:00:00+01:00,Node_1,Node_2,cac2,0.0
2030,sc01,03-09 23:00:00+01:00,Node_2,Node_3,eac1,-0.075
2030,sc01,03-09 23:00:00+01:00,Node_2,Node_3,cac1,-0.018749999999997158
2030,sc01,03-09 23:00:00+01:00,Node_1,Node_2,eac1,-0.065625
2030,sc01,03-10 00:00:00+01:00,Node_1,Node_3,cac1,0.0
2030,sc01,03-10 00:00:00+01:00,Node_1,Node_2,cac1,0.0
2030,sc01,03-10 00:00:00+01:00,Node_2,Node_3,cac3,0.0
2030,sc01,03-10 00:00:00+01:00,Node_2,Node_3,cac2,-0.037499999999994316
2030,sc01,03-10 00:00:00+01:00,Node_1,Node_3,cac3,0.0
2030,sc01,03-10 00:00:00+01:00,Node_1,Node_3,cac2,0.0
2030,sc01,03-10 00:00:00+01:00,Node_1,Node_2,cac3,0.0
2030,sc01,03-10 00:00:00+01:00,Node_1,Node_3,eac1,-0.075
2030,sc01,03-10 00:00:00+01:00,Node_1,Node_2,cac2,0.0
2030,sc01,03-10 00:00:00+01:00,Node_2,Node_3,eac1,-0.075
2030,sc01,03-10 00:00:00+01:00,Node_2,Node_3,cac1,-0.018749999999997158
2030,sc01,03-10 00:00:00+01:00,Node_1,Node_2,eac1,-0.065625
2030,sc01,03-10 01:00:00+01:00,Node_1,Node_3,cac1,0.0
2030,sc01,03-10 01:00:00+01:00,Node_1,Node_2,cac1,0.0
2030,sc01,03-10 01:00:00+01:00,Node_2,Node_3,cac3,0.0
2030,sc01,03-10 01:00:00+01:00,Node_2,Node_3,cac2,-0.037499999999994316
2030,sc01,03-10 01:00:00+01:00,Node_1,Node_3,cac3,0.0
2030,sc01,03-10 01:00:00+01:00,Node_1,Node_3,cac2,0.0
2030,sc01,03-10 01:00:00+01:00,Node_1,Node_2,cac3,0.0
2030,sc01,03-10 01:00:00+01:00,Node_1,Node_3,eac1,-0.075
2030,sc01,03-10 01:00:00+01:00,Node_1,Node_2,cac2,0.0
2030,sc01,03-10 01:00:00+01:00,Node_2,Node_3,eac1,-0.075
2030,sc01,03-10 01:00:00+01:00,Node_2,Node_3,cac1,-0.018749999999997158
2030,sc01,03-10 01:00:00+01:00,Node_1,Node_2,eac1,-0.065625
2030,sc01,03-10 02:00:00+01:00,Node_1,Node_3,cac1,0.0
2030,sc01,03-10 02:00:00+01:00,Node_1,Node_2,cac1,0.0
2030,sc01,03-10 02:00:00+01:00,Node_2,Node_3,cac3,0.0
2030,sc01,03-10 02:00:00+01:00,Node_2,Node_3,cac2,-0.037499999999994316
2030,sc01,03-10 02:00:00+01:00,Node_1,Node_3,cac3,0.0
2030,sc01,03-10 02:00:00+01:00,Node_1,Node_3,cac2,0.0
2030,sc01,03-10 02:00:00+01:00,Node_1,Node_2,cac3,0.0
2030,sc01,03-10 02:00:00+01:00,Node_1,Node_3,eac1,-0.075
2030,sc01,03-10 02:00:00+01:00,Node_1,Node_2,cac2,0.0
2030,sc01,03-10 02:00:00+01:00,Node_2,Node_3,eac1,-0.075
2030,sc01,03-10 02:00:00+01:00,Node_2,Node_3,cac1,-0.018749999999997158
2030,sc01,03-10 02:00:00+01:00,Node_1,Node_2,eac1,-0.065625
2030,sc01,03-10 03:00:00+01:00,Node_1,Node_3,cac1,0.0
2030,sc01,03-10 03:00:00+01:00,Node_1,Node_2,cac1,0.0
2030,sc01,03-10 03:00:00+01:00,Node_2,Node_3,cac3,0.0
2030,sc01,03-10 03:00:00+01:00,Node_2,Node_3,cac2,-0.037499999999994316
2030,sc01,03-10 03:00:00+01:00,Node_1,Node_3,cac3,0.0
2030,sc01,03-10 03:00:00+01:00,Node_1,Node_3,cac2,0.0
2030,sc01,03-10 03:00:00+01:00,Node_1,Node_2,cac3,0.0
2030,sc01,03-10 03:00:00+01:00,Node_1,Node_3,eac1,-0.075
2030,sc01,03-10 03:00:00+01:00,Node_1,Node_2,cac2,0.0
2030,sc01,03-10 03:00:00+01:00,Node_2,Node_3,eac1,-0.075
2030,sc01,03-10 03:00:00+01:00,Node_2,Node_3,cac1,-0.018749999999997158
2030,sc01,03-10 03:00:00+01:00,Node_1,Node_2,eac1,-0.065625
2030,sc01,03-10 04:00:00+01:00,Node_1,Node_3,cac1,0.0
2030,sc01,03-10 04:00:00+01:00,Node_1,Node_2,cac1,0.0
2030,sc01,03-10 04:00:00+01:00,Node_2,Node_3,cac3,0.0
2030,sc01,03-10 04:00:00+01:00,Node_2,Node_3,cac2,-0.037499999999994316
2030,sc01,03-10 04:00:00+01:00,Node_1,Node_3,cac3,0.0
2030,sc01,03-10 04:00:00+01:00,Node_1,Node_3,cac2,0.0
2030,sc01,03-10 04:00:00+01:00,Node_1,Node_2,cac3,0.0
2030,sc01,03-10 04:00:00+01:00,Node_1,Node_3,eac1,-0.075
2030,sc01,03-10 04:00:00+01:00,Node_1,Node_2,cac2,0.0
2030,sc01,03-10 04:00:00+01:00,Node_2,Node_3,eac1,-0.075
2030,sc01,03-10 04:00:00+01:00,Node_2,Node_3,cac1,-0.018749999999997158
2030,sc01,03-10 04:00:00+01:00,Node_1,Node_2,eac1,-0.065625
2030,sc01,03-10 05:00:00+01:00,Node_1,Node_3,cac1,0.0
2030,sc01,03-10 05:00:00+01:00,Node_1,Node_2,cac1,0.0
2030,sc01,03-10 05:00:00+01:00,Node_2,Node_3,cac3,0.0
2030,sc01,03-10 05:00:00+01:00,Node_2,Node_3,cac2,-0.037499999999994316
2030,sc01,03-10 05:00:00+01:00,Node_1,Node_3,cac3,0.0
2030,sc01,03-10 05:00:00+01:00,Node_1,Node_3,cac2,0.0
2030,sc01,03-10 05:00:00+01:00,Node_1,Node_2,cac3,0.0
2030,sc01,03-10 05:00:00+01:00,Node_1,Node_3,eac1,-0.075
2030,sc01,03-10 05:00:00+01:00,Node_1,Node_2,cac2,0.0
2030,sc01,03-10 05:00:00+01:00,Node_2,Node_3,eac1,-0.075
2030,sc01,03-10 05:00:00+01:00,Node_2,Node_3,cac1,-0.018749999999997158
2030,sc01,03-10 05:00:00+01:00,Node_1,Node_2,eac1,-0.065625
2030,sc01,03-10 06:00:00+01:00,Node_1,Node_3,cac1,0.0
2030,sc01,03-10 06:00:00+01:00,Node_1,Node_2,cac1,0.0
2030,sc01,03-10 06:00:00+01:00,Node_2,Node_3,cac3,0.0
2030,sc01,03-10 06:00:00+01:00,Node_2,Node_3,cac2,-0.037499999999994316
2030,sc01,03-10 06:00:00+01:00,Node_1,Node_3,cac3,0.0
2030,sc01,03-10 06:00:00+01:00,Node_1,Node_3,cac2,0.0
2030,sc01,03-10 06:00:00+01:00,Node_1,Node_2,cac3,0.0
2030,sc01,03-10 06:00:00+01:00,Node_1,Node_3,eac1,-0.075
2030,sc01,03-10 06:00:00+01:00,Node_1,Node_2,cac2,0.0
2030,sc01,03-10 06:00:00+01:00,Node_2,Node_3,eac1,-0.075
2030,sc01,03-10 06:00:00+01:00,Node_2,Node_3,cac1,-0.018749999999997158
2030,sc01,03-10 06:00:00+01:00,Node_1,Node_2,eac1,-0.065625
2030,sc01,03-10 07:00:00+01:00,Node_1,Node_3,cac1,0.0
2030,sc01,03-10 07:00:00+01:00,Node_1,Node_2,cac1,0.0
2030,sc01,03-10 07:00:00+01:00,Node_2,Node_3,cac3,0.0
2030,sc01,03-10 07:00:00+01:00,Node_2,Node_3,cac2,-0.037499999999994316
2030,sc01,03-10 07:00:00+01:00,Node_1,Node_3,cac3,0.0
2030,sc01,03-10 07:00:00+01:00,Node_1,Node_3,cac2,0.0
2030,sc01,03-10 07:00:00+01:00,Node_1,Node_2,cac3,0.0
2030,sc01,03-10 07:00:00+01:00,Node_1,Node_3,eac1,-0.075
2030,sc01,03-10 07:00:00+01:00,Node_1,Node_2,cac2,0.0
2030,sc01,03-10 07:00:00+01:00,Node_2,Node_3,eac1,-0.075
2030,sc01,03-10 07:00:00+01:00,Node_2,Node_3,cac1,-0.018749999999997158
2030,sc01,03-10 07:00:00+01:00,Node_1,Node_2,eac1,-0.065625
2030,sc01,03-10 08:00:00+01:00,Node_1,Node_3,cac1,0.0
2030,sc01,03-10 08:00:00+01:00,Node_1,Node_2,cac1,0.0
2030,sc01,03-10 08:00:00+01:00,Node_2,Node_3,cac3,0.0
2030,sc01,03-10 08:00:00+01:00,Node_2,Node_3,cac2,-0.037499999999994316
2030,sc01,03-10 08:00:00+01:00,Node_1,Node_3,cac3,0.0
2030,sc01,03-10 08:00:00+01:00,Node_1,Node_3,cac2,0.0
2030,sc01,03-10 08:00:00+01:00,Node_1,Node_2,cac3,0.0
2030,sc01,03-10 08:00:00+01:00,Node_1,Node_3,eac1,-0.075
2030,sc01,03-10 08:00:00+01:00,Node_1,Node_2,cac2,0.0
2030,sc01,03-10 08:00:00+01:00,Node_2,Node_3,eac1,-0.075
2030,sc01,03-10 08:00:00+01:00,Node_2,Node_3,cac1,-0.018749999999997158
2030,sc01,03-10 08:00:00+01:00,Node_1,Node_2,eac1,-0.065625
2030,sc01,03-10 09:00:00+01:00,Node_1,Node_3,cac1,0.0
2030,sc01,03-10 09:00:00+01:00,Node_1,Node_2,cac1,0.0
2030,sc01,03-10 09:00:00+01:00,Node_2,Node_3,cac3,0.0
2030,sc01,03-10 09:00:00+01:00,Node_2,Node_3,cac2,-0.037499999999994316
2030,sc01,03-10 09:00:00+01:00,Node_1,Node_3,cac3,0.0
2030,sc01,03-10 09:00:00+01:00,Node_1,Node_3,cac2,0.0
2030,sc01,03-10 09:00:00+01:00,Node_1,Node_2,cac3,0.0
2030,sc01,03-10 09:00:00+01:00,Node_1,Node_3,eac1,-0.075
2030,sc01,03-10 09:00:00+01:00,Node_1,Node_2,cac2,0.0
2030,sc01,03-10 09:00:00+01:00,Node_2,Node_3,eac1,-0.075
2030,sc01,03-10 09:00:00+01:00,Node_2,Node_3,cac1,-0.018749999999997158
2030,sc01,03-10 09:00:00+01:00,Node_1,Node_2,eac1,-0.065625
2030,sc01,03-10 10:00:00+01:00,Node_1,Node_3,cac1,0.0
2030,sc01,03-10 10:00:00+01:00,Node_1,Node_2,cac1,0.0
2030,sc01,03-10 10:00:00+01:00,Node_2,Node_3,cac3,0.0
2030,sc01,03-10 10:00:00+01:00,Node_2,Node_3,cac2,-0.037499999999994316
2030,sc01,03-10 10:00:00+01:00,Node_1,Node_3,cac3,0.0
2030,sc01,03-10 10:00:00+01:00,Node_1,Node_3,cac2,0.0
2030,sc01,03-10 10:00:00+01:00,Node_1,Node_2,cac3,0.0
2030,sc01,03-10 10:00:00+01:00,Node_1,Node_3,eac1,-0.075
2030,sc01,03-10 10:00:00+01:00,Node_1,Node_2,cac2,0.0
2030,sc01,03-10 10:00:00+01:00,Node_2,Node_3,eac1,-0.075
2030,sc01,03-10 10:00:00+01:00,Node_2,Node_3,cac1,-0.018749999999997158
2030,sc01,03-10 10:00:00+01:00,Node_1,Node_2,eac1,-0.065625
2030,sc01,03-10 11:00:00+01:00,Node_1,Node_3,cac1,0.0
2030,sc01,03-10 11:00:00+01:00,Node_1,Node_2,cac1,0.0
2030,sc01,03-10 11:00:00+01:00,Node_2,Node_3,cac3,0.0
2030,sc01,03-10 11:00:00+01:00,Node_2,Node_3,cac2,-0.037499999999994316
2030,sc01,03-10 11:00:00+01:00,Node_1,Node_3,cac3,0.0
2030,sc01,03-10 11:00:00+01:00,Node_1,Node_3,cac2,0.0
2030,sc01,03-10 11:00:00+01:00,Node_1,Node_2,cac3,0.0
2030,sc01,03-10 11:00:00+01:00,Node_1,Node_3,eac1,-0.075
2030,sc01,03-10 11:00:00+01:00,Node_1,Node_2,cac2,0.0
2030,sc01,03-10 11:00:00+01:00,Node_2,Node_3,eac1,-0.075
2030,sc01,03-10 11:00:00+01:00,Node_2,Node_3,cac1,-0.018749999999997158
2030,sc01,03-10 11:00:00+01:00,Node_1,Node_2,eac1,-0.065625
2030,sc01,03-10 12:00:00+01:00,Node_1,Node_3,cac1,0.0
2030,sc01,03-10 12:00:00+01:00,Node_1,Node_2,cac1,0.0
2030,sc01,03-10 12:00:00+01:00,Node_2,Node_3,cac3,0.0
2030,sc01,03-10 12:00:00+01:00,Node_2,Node_3,cac2,-0.037499999999994316
2030,sc01,03-10 12:00:00+01:00,Node_1,Node_3,cac3,0.0
2030,sc01,03-10 12:00:00+01:00,Node_1,Node_3,cac2,0.0
2030,sc01,03-10 12:00:00+01:00,Node_1,Node_2,cac3,0.0
2030,sc01,03-10 12:00:00+01:00,Node_1,Node_3,eac1,-0.075
2030,sc01,03-10 12:00:00+01:00,Node_1,Node_2,cac2,0.0
2030,sc01,03-10 12:00:00+01:00,Node_2,Node_3,eac1,-0.075
2030,sc01,03-10 12:00:00+01:00,Node_2,Node_3,cac1,-0.018749999999997158
2030,sc01,03-10 12:00:00+01:00,Node_1,Node_2,eac1,-0.065625
2030,sc01,03-10 13:00:00+01:00,Node_1,Node_3,cac1,0.0
2030,sc01,03-10 13:00:00+01:00,Node_1,Node_2,cac1,0.0
2030,sc01,03-10 13:00:00+01:00,Node_2,Node_3,cac3,0.0
2030,sc01,03-10 13:00:00+01:00,Node_2,Node_3,cac2,-0.037499999999994316
2030,sc01,03-10 13:00:00+01:00,Node_1,Node_3,cac3,0.0
2030,sc01,03-10 13:00:00+01:00,Node_1,Node_3,cac2,0.0
2030,sc01,03-10 13:00:00+01:00,Node_1,Node_2,cac3,0.0
2030,sc01,03-10 13:00:00+01:00,Node_1,Node_3,eac1,-0.075
2030,sc01,03-10 13:00:00+01:00,Node_1,Node_2,cac2,0.0
2030,sc01,03-10 13:00:00+01:00,Node_2,Node_3,eac1,-0.075
2030,sc01,03-10 13:00:00+01:00,Node_2,Node_3,cac1,-0.018749999999997158
2030,sc01,03-10 13:00:00+01:00,Node_1,Node_2,eac1,-0.065625
2030,sc01,03-10 14:00:00+01:00,Node_1,Node_3,cac1,0.0
2030,sc01,03-10 14:00:00+01:00,Node_1,Node_2,cac1,0.0
2030,sc01,03-10 14:00:00+01:00,Node_2,Node_3,cac3,0.0
2030,sc01,03-10 14:00:00+01:00,Node_2,Node_3,cac2,-0.037499999999994316
2030,sc01,03-10 14:00:00+01:00,Node_1,Node_3,cac3,0.0
2030,sc01,03-10 14:00:00+01:00,Node_1,Node_3,cac2,0.0
2030,sc01,03-10 14:00:00+01:00,Node_1,Node_2,cac3,0.0
2030,sc01,03-10 14:00:00+01:00,Node_1,Node_3,eac1,-0.075
2030,sc01,03-10 14:00:00+01:00,Node_1,Node_2,cac2,0.0
2030,sc01,03-10 14:00:00+01:00,Node_2,Node_3,eac1,-0.075
2030,sc01,03-10 14:00:00+01:00,Node_2,Node_3,cac1,-0.018749999999997158
2030,sc01,03-10 14:00:00+01:00,Node_1,Node_2,eac1,-0.065625
2030,sc01,03-10 15:00:00+01:00,Node_1,Node_3,cac1,0.0
2030,sc01,03-10 15:00:00+01:00,Node_1,Node_2,cac1,0.0
2030,sc01,03-10 15:00:00+01:00,Node_2,Node_3,cac3,0.0
2030,sc01,03-10 15:00:00+01:00,Node_2,Node_3,cac2,-0.037499999999994316
2030,sc01,03-10 15:00:00+01:00,Node_1,Node_3,cac3,0.0
2030,sc01,03-10 15:00:00+01:00,Node_1,Node_3,cac2,0.0
2030,sc01,03-10 15:00:00+01:00,Node_1,Node_2,cac3,0.0
2030,sc01,03-10 15:00:00+01:00,Node_1,Node_3,eac1,-0.075
2030,sc01,03-10 15:00:00+01:00,Node_1,Node_2,cac2,0.0
2030,sc01,03-10 15:00:00+01:00,Node_2,Node_3,eac1,-0.075
2030,sc01,03-10 15:00:00+01:00,Node_2,Node_3,cac1,-0.018749999999997158
2030,sc01,03-10 15:00:00+01:00,Node_1,Node_2,eac1,-0.065625
2030,sc01,03-10 16:00:00+01:00,Node_1,Node_3,cac1,0.0
2030,sc01,03-10 16:00:00+01:00,Node_1,Node_2,cac1,0.0
2030,sc01,03-10 16:00:00+01:00,Node_2,Node_3,cac3,0.0
2030,sc01,03-10 16:00:00+01:00,Node_2,Node_3,cac2,-0.037499999999994316
2030,sc01,03-10 16:00:00+01:00,Node_1,Node_3,cac3,0.0
2030,sc01,03-10 16:00:00+01:00,Node_1,Node_3,cac2,0.0
2030,sc01,03-10 16:00:00+01:00,Node_1,Node_2,cac3,0.0
2030,sc01,03-10 16:00:00+01:00,Node_1,Node_3,eac1,-0.075
2030,sc01,03-10 16:00:00+01:00,Node_1,Node_2,cac2,0.0
2030,sc01,03-10 16:00:00+01:00,Node_2,Node_3,eac1,-0.075
2030,sc01,03-10 16:00:00+01:00,Node_2,Node_3,cac1,-0.018749999999997158
2030,sc01,03-10 16:00:00+01:00,Node_1,Node_2,eac1,-0.065625
2030,sc01,03-10 17:00:00+01:00,Node_1,Node_3,cac1,0.0
2030,sc01,03-10 17:00:00+01:00,Node_1,Node_2,cac1,0.0
2030,sc01,03-10 17:00:00+01:00,Node_2,Node_3,cac3,0.0
2030,sc01,03-10 17:00:00+01:00,Node_2,Node_3,cac2,-0.037499999999994316
2030,sc01,03-10 17:00:00+01:00,Node_1,Node_3,cac3,0.0
2030,sc01,03-10 17:00:00+01:00,Node_1,Node_3,cac2,0.0
2030,sc01,03-10 17:00:00+01:00,Node_1,Node_2,cac3,0.0
2030,sc01,03-10 17:00:00+01:00,Node_1,Node_3,eac1,-0.075
2030,sc01,03-10 17:00:00+01:00,Node_1,Node_2,cac2,0.0
2030,sc01,03-10 17:00:00+01:00,Node_2,Node_3,eac1,-0.075
2030,sc01,03-10 17:00:00+01:00,Node_2,Node_3,cac1,-0.018749999999997158
2030,sc01,03-10 17:00:00+01:00,Node_1,Node_2,eac1,-0.065625
2030,sc01,03-10 18:00:00+01:00,Node_1,Node_3,cac1,0.0
2030,sc01,03-10 18:00:00+01:00,Node_1,Node_2,cac1,0.0
2030,sc01,03-10 18:00:00+01:00,Node_2,Node_3,cac3,0.0
2030,sc01,03-10 18:00:00+01:00,Node_2,Node_3,cac2,-0.037499999999994316
2030,sc01,03-10 18:00:00+01:00,Node_1,Node_3,cac3,0.0
2030,sc01,03-10 18:00:00+01:00,Node_1,Node_3,cac2,0.0
2030,sc01,03-10 18:00:00+01:00,Node_1,Node_2,cac3,0.0
2030,sc01,03-10 18:00:00+01:00,Node_1,Node_3,eac1,-0.075
2030,sc01,03-10 18:00:00+01:00,Node_1,Node_2,cac2,0.0
2030,sc01,03-10 18:00:00+01:00,Node_2,Node_3,eac1,-0.075
2030,sc01,03-10 18:00:00+01:00,Node_2,Node_3,cac1,-0.018749999999997158
2030,sc01,03-10 18:00:00+01:00,Node_1,Node_2,eac1,-0.065625
2030,sc01,03-10 19:00:00+01:00,Node_1,Node_3,cac1,0.0
2030,sc01,03-10 19:00:00+01:00,Node_1,Node_2,cac1,0.0
2030,sc01,03-10 19:00:00+01:00,Node_2,Node_3,cac3,0.0
2030,sc01,03-10 19:00:00+01:00,Node_2,Node_3,cac2,-0.037499999999994316
2030,sc01,03-10 19:00:00+01:00,Node_1,Node_3,cac3,0.0
2030,sc01,03-10 19:00:00+01:00,Node_1,Node_3,cac2,0.0
2030,sc01,03-10 19:00:00+01:00,Node_1,Node_2,cac3,0.0
2030,sc01,03-10 19:00:00+01:00,Node_1,Node_3,eac1,-0.075
2030,sc01,03-10 19:00:00+01:00,Node_1,Node_2,cac2,0.0
2030,sc01,03-10 19:00:00+01:00,Node_2,Node_3,eac1,-0.075
2030,sc01,03-10 19:00:00+01:00,Node_2,Node_3,cac1,-0.018749999999997158
2030,sc01,03-10 19:00:00+01:00,Node_1,Node_2,eac1,-0.065625
2030,sc01,03-10 20:00:00+01:00,Node_1,Node_3,cac1,0.0
2030,sc01,03-10 20:00:00+01:00,Node_1,Node_2,cac1,0.0
2030,sc01,03-10 20:00:00+01:00,Node_2,Node_3,cac3,0.0
2030,sc01,03-10 20:00:00+01:00,Node_2,Node_3,cac2,-0.037499999999994316
2030,sc01,03-10 20:00:00+01:00,Node_1,Node_3,cac3,0.0
2030,sc01,03-10 20:00:00+01:00,Node_1,Node_3,cac2,0.0
2030,sc01,03-10 20:00:00+01:00,Node_1,Node_2,cac3,0.0
2030,sc01,03-10 20:00:00+01:00,Node_1,Node_3,eac1,-0.075
2030,sc01,03-10 20:00:00+01:00,Node_1,Node_2,cac2,0.0
2030,sc01,03-10 20:00:00+01:00,Node_2,Node_3,eac1,-0.075
2030,sc01,03-10 20:00:00+01:00,Node_2,Node_3,cac1,-0.018749999999997158
2030,sc01,03-10 20:00:00+01:00,Node_1,Node_2,eac1,-0.065625
2030,sc01,03-10 21:00:00+01:00,Node_1,Node_3,cac1,0.0
2030,sc01,03-10 21:00:00+01:00,Node_1,Node_2,cac1,0.0
2030,sc01,03-10 21:00:00+01:00,Node_2,Node_3,cac3,0.0
2030,sc01,03-10 21:00:00+01:00,Node_2,Node_3,cac2,-0.037499999999994316
2030,sc01,03-10 21:00:00+01:00,Node_1,Node_3,cac3,0.0
2030,sc01,03-10 21:00:00+01:00,Node_1,Node_3,cac2,0.0
2030,sc01,03-10 21:00:00+01:00,Node_1,Node_2,cac3,0.0
2030,sc01,03-10 21:00:00+01:00,Node_1,Node_3,eac1,-0.075
2030,sc01,03-10 21:00:00+01:00,Node_1,Node_2,cac2,0.0
2030,sc01,03-10 21:00:00+01:00,Node_2,Node_3,eac1,-0.075
2030,sc01,03-10 21:00:00+01:00,Node_2,Node_3,cac1,-0.018749999999997158
2030,sc01,03-10 21:00:00+01:00,Node_1,Node_2,eac1,-0.065625
2030,sc01,03-10 22:00:00+01:00,Node_1,Node_3,cac1,0.0
2030,sc01,03-10 22:00:00+01:00,Node_1,Node_2,cac1,0.0
2030,sc01,03-10 22:00:00+01:00,Node_2,Node_3,cac3,0.0
2030,sc01,03-10 22:00:00+01:00,Node_2,Node_3,cac2,-0.037499999999994316
2030,sc01,03-10 22:00:00+01:00,Node_1,Node_3,cac3,0.0
2030,sc01,03-10 22:00:00+01:00,Node_1,Node_3,cac2,0.0
2030,sc01,03-10 22:00:00+01:00,Node_1,Node_2,cac3,0.0
2030,sc01,03-10 22:00:00+01:00,Node_1,Node_3,eac1,-0.075
2030,sc01,03-10 22:00:00+01:00,Node_1,Node_2,cac2,0.0
2030,sc01,03-10 22:00:00+01:00,Node_2,Node_3,eac1,-0.075
2030,sc01,03-10 22:00:00+01:00,Node_2,Node_3,cac1,-0.018749999999997158
2030,sc01,03-10 22:00:00+01:00,Node_1,Node_2,eac1,-0.065625
2030,sc01,03-10 23:00:00+01:00,Node_1,Node_3,cac1,0.0
2030,sc01,03-10 23:00:00+01:00,Node_1,Node_2,cac1,0.0
2030,sc01,03-10 23:00:00+01:00,Node_2,Node_3,cac3,0.0
2030,sc01,03-10 23:00:00+01:00,Node_2,Node_3,cac2,-0.037499999999994316
2030,sc01,03-10 23:00:00+01:00,Node_1,Node_3,cac3,0.0
2030,sc01,03-10 23:00:00+01:00,Node_1,Node_3,cac2,0.0
2030,sc01,03-10 23:00:00+01:00,Node_1,Node_2,cac3,0.0
2030,sc01,03-10 23:00:00+01:00,Node_1,Node_3,eac1,-0.075
2030,sc01,03-10 23:00:00+01:00,Node_1,Node_2,cac2,0.0
2030,sc01,03-10 23:00:00+01:00,Node_2,Node_3,eac1,-0.075
2030,sc01,03-10 23:00:00+01:00,Node_2,Node_3,cac1,-0.018749999999997158
2030,sc01,03-10 23:00:00+01:00,Node_1,Node_2,eac1,-0.065625
2030,sc01,03-13 00:00:00+01:00,Node_1,Node_3,cac1,0.0
2030,sc01,03-13 00:00:00+01:00,Node_1,Node_2,cac1,0.0
2030,sc01,03-13 00:00:00+01:00,Node_2,Node_3,cac3,0.0
2030,sc01,03-13 00:00:00+01:00,Node_2,Node_3,cac2,-0.037499999999994316
2030,sc01,03-13 00:00:00+01:00,Node_1,Node_3,cac3,0.0
2030,sc01,03-13 00:00:00+01:00,Node_1,Node_3,cac2,0.0
2030,sc01,03-13 00:00:00+01:00,Node_1,Node_2,cac3,0.0
2030,sc01,03-13 00:00:00+01:00,Node_1,Node_3,eac1,-0.075
2030,sc01,03-13 00:00:00+01:00,Node_1,Node_2,cac2,0.0
2030,sc01,03-13 00:00:00+01:00,Node_2,Node_3,eac1,-0.075
2030,sc01,03-13 00:00:00+01:00,Node_2,Node_3,cac1,-0.018749999999997158
2030,sc01,03-13 00:00:00+01:00,Node_1,Node_2,eac1,-0.05814821720971815
2030,sc01,03-13 01:00:00+01:00,Node_1,Node_3,cac1,0.0
2030,sc01,03-13 01:00:00+01:00,Node_1,Node_2,cac1,0.0
2030,sc01,03-13 01:00:00+01:00,Node_2,Node_3,cac3,0.0
2030,sc01,03-13 01:00:00+01:00,Node_2,Node_3,cac2,-0.037499999999994316
2030,sc01,03-13 01:00:00+01:00,Node_1,Node_3,cac3,0.0
2030,sc01,03-13 01:00:00+01:00,Node_1,Node_3,cac2,0.0
2030,sc01,03-13 01:00:00+01:00,Node_1,Node_2,cac3,0.0
2030,sc01,03-13 01:00:00+01:00,Node_1,Node_3,eac1,-0.075
2030,sc01,03-13 01:00:00+01:00,Node_1,Node_2,cac2,0.0
2030,sc01,03-13 01:00:00+01:00,Node_2,Node_3,eac1,-0.075
2030,sc01,03-13 01:00:00+01:00,Node_2,Node_3,cac1,-0.018749999999997158
2030,sc01,03-13 01:00:00+01:00,Node_1,Node_2,eac1,-0.05772757714558452
2030,sc01,03-13 02:00:00+01:00,Node_1,Node_3,cac1,0.0
2030,sc01,03-13 02:00:00+01:00,Node_1,Node_2,cac1,0.0
2030,sc01,03-13 02:00:00+01:00,Node_2,Node_3,cac3,0.0
2030,sc01,03-13 02:00:00+01:00,Node_2,Node_3,cac2,-0.037499999999994316
2030,sc01,03-13 02:00:00+01:00,Node_1,Node_3,cac3,0.0
2030,sc01,03-13 02:00:00+01:00,Node_1,Node_3,cac2,0.0
2030,sc01,03-13 02:00:00+01:00,Node_1,Node_2,cac3,0.0
2030,sc01,03-13 02:00:00+01:00,Node_1,Node_3,eac1,-0.075
2030,sc01,03-13 02:00:00+01:00,Node_1,Node_2,cac2,0.0
2030,sc01,03-13 02:00:00+01:00,Node_2,Node_3,eac1,-0.075
2030,sc01,03-13 02:00:00+01:00,Node_2,Node_3,cac1,-0.018749999999997158
2030,sc01,03-13 02:00:00+01:00,Node_1,Node_2,eac1,-0.05657510843539626
2030,sc01,03-13 03:00:00+01:00,Node_1,Node_3,cac1,0.0
2030,sc01,03-13 03:00:00+01:00,Node_1,Node_2,cac1,0.0
2030,sc01,03-13 03:00:00+01:00,Node_2,Node_3,cac3,0.0
2030,sc01,03-13 03:00:00+01:00,Node_2,Node_3,cac2,-0.037499999999994316
2030,sc01,03-13 03:00:00+01:00,Node_1,Node_3,cac3,0.0
2030,sc01,03-13 03:00:00+01:00,Node_1,Node_3,cac2,0.0
2030,sc01,03-13 03:00:00+01:00,Node_1,Node_2,cac3,0.0
2030,sc01,03-13 03:00:00+01:00,Node_1,Node_3,eac1,-0.075
2030,sc01,03-13 03:00:00+01:00,Node_1,Node_2,cac2,0.0
2030,sc01,03-13 03:00:00+01:00,Node_2,Node_3,eac1,-0.075
2030,sc01,03-13 03:00:00+01:00,Node_2,Node_3,cac1,-0.018749999999997158
2030,sc01,03-13 03:00:00+01:00,Node_1,Node_2,eac1,-0.056627055203847476
2030,sc01,03-13 04:00:00+01:00,Node_1,Node_3,cac1,0.0
2030,sc01,03-13 04:00:00+01:00,Node_1,Node_2,cac1,0.0
2030,sc01,03-13 04:00:00+01:00,Node_2,Node_3,cac3,0.0
2030,sc01,03-13 04:00:00+01:00,Node_2,Node_3,cac2,-0.037499999999994316
2030,sc01,03-13 04:00:00+01:00,Node_1,Node_3,cac3,0.0
2030,sc01,03-13 04:00:00+01:00,Node_1,Node_3,cac2,0.0
2030,sc01,03-13 04:00:00+01:00,Node_1,Node_2,cac3,0.0
2030,sc01,03-13 04:00:00+01:00,Node_1,Node_3,eac1,-0.075
2030,sc01,03-13 04:00:00+01:00,Node_1,Node_2,cac2,0.0
2030,sc01,03-13 04:00:00+01:00,Node_2,Node_3,eac1,-0.075
2030,sc01,03-13 04:00:00+01:00,Node_2,Node_3,cac1,-0.018749999999997158
2030,sc01,03-13 04:00:00+01:00,Node_1,Node_2,eac1,-0.062244305499289554
2030,sc01,03-13 05:00:00+01:00,Node_1,Node_3,cac1,0.0
2030,sc01,03-13 05:00:00+01:00,Node_1,Node_2,cac1,0.0
2030,sc01,03-13 05:00:00+01:00,Node_2,Node_3,cac3,0.0
2030,sc01,03-13 05:00:00+01:00,Node_2,Node_3,cac2,-0.037499999999994316
2030,sc01,03-13 05:00:00+01:00,Node_1,Node_3,cac3,0.0
2030,sc01,03-13 05:00:00+01:00,Node_1,Node_3,cac2,0.0
2030,sc01,03-13 05:00:00+01:00,Node_1,Node_2,cac3,0.0
2030,sc01,03-13 05:00:00+01:00,Node_1,Node_3,eac1,-0.075
2030,sc01,03-13 05:00:00+01:00,Node_1,Node_2,cac2,0.0
2030,sc01,03-13 05:00:00+01:00,Node_2,Node_3,eac1,-0.075
2030,sc01,03-13 05:00:00+01:00,Node_2,Node_3,cac1,-0.018749999999997158
2030,sc01,03-13 05:00:00+01:00,Node_1,Node_2,eac1,-0.065625
2030,sc01,03-13 06:00:00+01:00,Node_1,Node_3,cac1,0.0
2030,sc01,03-13 06:00:00+01:00,Node_1,Node_2,cac1,0.0
2030,sc01,03-13 06:00:00+01:00,Node_2,Node_3,cac3,0.0
2030,sc01,03-13 06:00:00+01:00,Node_2,Node_3,cac2,-0.037499999999994316
2030,sc01,03-13 06:00:00+01:00,Node_1,Node_3,cac3,0.0
2030,sc01,03-13 06:00:00+01:00,Node_1,Node_3,cac2,0.0
2030,sc01,03-13 06:00:00+01:00,Node_1,Node_2,cac3,0.0
2030,sc01,03-13 06:00:00+01:00,Node_1,Node_3,eac1,-0.075
2030,sc01,03-13 06:00:00+01:00,Node_1,Node_2,cac2,0.0
2030,sc01,03-13 06:00:00+01:00,Node_2,Node_3,eac1,-0.075
2030,sc01,03-13 06:00:00+01:00,Node_2,Node_3,cac1,-0.018749999999997158
2030,sc01,03-13 06:00:00+01:00,Node_1,Node_2,eac1,-0.065625
2030,sc01,03-13 07:00:00+01:00,Node_1,Node_3,cac1,0.0
2030,sc01,03-13 07:00:00+01:00,Node_1,Node_2,cac1,0.0
2030,sc01,03-13 07:00:00+01:00,Node_2,Node_3,cac3,0.0
2030,sc01,03-13 07:00:00+01:00,Node_2,Node_3,cac2,-0.037499999999994316
2030,sc01,03-13 07:00:00+01:00,Node_1,Node_3,cac3,0.0
2030,sc01,03-13 07:00:00+01:00,Node_1,Node_3,cac2,0.0
2030,sc01,03-13 07:00:00+01:00,Node_1,Node_2,cac3,0.0
2030,sc01,03-13 07:00:00+01:00,Node_1,Node_3,eac1,-0.075
2030,sc01,03-13 07:00:00+01:00,Node_1,Node_2,cac2,0.0
2030,sc01,03-13 07:00:00+01:00,Node_2,Node_3,eac1,-0.075
2030,sc01,03-13 07:00:00+01:00,Node_2,Node_3,cac1,-0.018749999999997158
2030,sc01,03-13 07:00:00+01:00,Node_1,Node_2,eac1,-0.065625
2030,sc01,03-13 08:00:00+01:00,Node_1,Node_3,cac1,0.0
2030,sc01,03-13 08:00:00+01:00,Node_1,Node_2,cac1,0.0
2030,sc01,03-13 08:00:00+01:00,Node_2,Node_3,cac3,0.0
2030,sc01,03-13 08:00:00+01:00,Node_2,Node_3,cac2,-0.037499999999994316
2030,sc01,03-13 08:00:00+01:00,Node_1,Node_3,cac3,0.0
2030,sc01,03-13 08:00:00+01:00,Node_1,Node_3,cac2,0.0
2030,sc01,03-13 08:00:00+01:00,Node_1,Node_2,cac3,0.0
2030,sc01,03-13 08:00:00+01:00,Node_1,Node_3,eac1,-0.075
2030,sc01,03-13 08:00:00+01:00,Node_1,Node_2,cac2,0.0
2030,sc01,03-13 08:00:00+01:00,Node_2,Node_3,eac1,-0.075
2030,sc01,03-13 08:00:00+01:00,Node_2,Node_3,cac1,-0.018749999999997158
2030,sc01,03-13 08:00:00+01:00,Node_1,Node_2,eac1,-0.065625
2030,sc01,03-13 09:00:00+01:00,Node_1,Node_3,cac1,0.0
2030,sc01,03-13 09:00:00+01:00,Node_1,Node_2,cac1,0.0
2030,sc01,03-13 09:00:00+01:00,Node_2,Node_3,cac3,0.0
2030,sc01,03-13 09:00:00+01:00,Node_2,Node_3,cac2,-0.037499999999994316
2030,sc01,03-13 09:00:00+01:00,Node_1,Node_3,cac3,0.0
2030,sc01,03-13 09:00:00+01:00,Node_1,Node_3,cac2,0.0
2030,sc01,03-13 09:00:00+01:00,Node_1,Node_2,cac3,0.0
2030,sc01,03-13 09:00:00+01:00,Node_1,Node_3,eac1,-0.075
2030,sc01,03-13 09:00:00+01:00,Node_1,Node_2,cac2,0.0
2030,sc01,03-13 09:00:00+01:00,Node_2,Node_3,eac1,-0.075
2030,sc01,03-13 09:00:00+01:00,Node_2,Node_3,cac1,-0.018749999999997158
2030,sc01,03-13 09:00:00+01:00,Node_1,Node_2,eac1,-0.065625
2030,sc01,03-13 10:00:00+01:00,Node_1,Node_3,cac1,0.0
2030,sc01,03-13 10:00:00+01:00,Node_1,Node_2,cac1,0.0
2030,sc01,03-13 10:00:00+01:00,Node_2,Node_3,cac3,0.0
2030,sc01,03-13 10:00:00+01:00,Node_2,Node_3,cac2,-0.037499999999994316
2030,sc01,03-13 10:00:00+01:00,Node_1,Node_3,cac3,0.0
2030,sc01,03-13 10:00:00+01:00,Node_1,Node_3,cac2,0.0
2030,sc01,03-13 10:00:00+01:00,Node_1,Node_2,cac3,0.0
2030,sc01,03-13 10:00:00+01:00,Node_1,Node_3,eac1,-0.075
2030,sc01,03-13 10:00:00+01:00,Node_1,Node_2,cac2,0.0
2030,sc01,03-13 10:00:00+01:00,Node_2,Node_3,eac1,-0.075
2030,sc01,03-13 10:00:00+01:00,Node_2,Node_3,cac1,-0.018749999999997158
2030,sc01,03-13 10:00:00+01:00,Node_1,Node_2,eac1,-0.06125255128783588
2030,sc01,03-13 11:00:00+01:00,Node_1,Node_3,cac1,0.0
2030,sc01,03-13 11:00:00+01:00,Node_1,Node_2,cac1,0.0
2030,sc01,03-13 11:00:00+01:00,Node_2,Node_3,cac3,0.0
2030,sc01,03-13 11:00:00+01:00,Node_2,Node_3,cac2,-0.037499999999994316
2030,sc01,03-13 11:00:00+01:00,Node_1,Node_3,cac3,0.0
2030,sc01,03-13 11:00:00+01:00,Node_1,Node_3,cac2,0.0
2030,sc01,03-13 11:00:00+01:00,Node_1,Node_2,cac3,0.0
2030,sc01,03-13 11:00:00+01:00,Node_1,Node_3,eac1,-0.075
2030,sc01,03-13 11:00:00+01:00,Node_1,Node_2,cac2,0.0
2030,sc01,03-13 11:00:00+01:00,Node_2,Node_3,eac1,-0.075
2030,sc01,03-13 11:00:00+01:00,Node_2,Node_3,cac1,-0.018749999999997158
2030,sc01,03-13 11:00:00+01:00,Node_1,Node_2,eac1,-0.055533841637043224
2030,sc01,03-13 12:00:00+01:00,Node_1,Node_3,cac1,0.0
2030,sc01,03-13 12:00:00+01:00,Node_1,Node_2,cac1,0.0
2030,sc01,03-13 12:00:00+01:00,Node_2,Node_3,cac3,0.0
2030,sc01,03-13 12:00:00+01:00,Node_2,Node_3,cac2,-0.037499999999994316
2030,sc01,03-13 12:00:00+01:00,Node_1,Node_3,cac3,0.0
2030,sc01,03-13 12:00:00+01:00,Node_1,Node_3,cac2,0.0
2030,sc01,03-13 12:00:00+01:00,Node_1,Node_2,cac3,0.0
2030,sc01,03-13 12:00:00+01:00,Node_1,Node_3,eac1,-0.075
2030,sc01,03-13 12:00:00+01:00,Node_1,Node_2,cac2,0.0
2030,sc01,03-13 12:00:00+01:00,Node_2,Node_3,eac1,-0.075
2030,sc01,03-13 12:00:00+01:00,Node_2,Node_3,cac1,-0.018749999999997158
2030,sc01,03-13 12:00:00+01:00,Node_1,Node_2,eac1,-0.05273671740584973
2030,sc01,03-13 13:00:00+01:00,Node_1,Node_3,cac1,0.0
2030,sc01,03-13 13:00:00+01:00,Node_1,Node_2,cac1,0.0
2030,sc01,03-13 13:00:00+01:00,Node_2,Node_3,cac3,0.0
2030,sc01,03-13 13:00:00+01:00,Node_2,Node_3,cac2,-0.037499999999994316
2030,sc01,03-13 13:00:00+01:00,Node_1,Node_3,cac3,0.0
2030,sc01,03-13 13:00:00+01:00,Node_1,Node_3,cac2,0.0
2030,sc01,03-13 13:00:00+01:00,Node_1,Node_2,cac3,0.0
2030,sc01,03-13 13:00:00+01:00,Node_1,Node_3,eac1,-0.075
2030,sc01,03-13 13:00:00+01:00,Node_1,Node_2,cac2,0.0
2030,sc01,03-13 13:00:00+01:00,Node_2,Node_3,eac1,-0.075
2030,sc01,03-13 13:00:00+01:00,Node_2,Node_3,cac1,-0.018749999999997158
2030,sc01,03-13 13:00:00+01:00,Node_1,Node_2,eac1,-0.0536057797058902
2030,sc01,03-13 14:00:00+01:00,Node_1,Node_3,cac1,0.0
2030,sc01,03-13 14:00:00+01:00,Node_1,Node_2,cac1,0.0
2030,sc01,03-13 14:00:00+01:00,Node_2,Node_3,cac3,0.0
2030,sc01,03-13 14:00:00+01:00,Node_2,Node_3,cac2,-0.037499999999994316
2030,sc01,03-13 14:00:00+01:00,Node_1,Node_3,cac3,0.0
2030,sc01,03-13 14:00:00+01:00,Node_1,Node_3,cac2,0.0
2030,sc01,03-13 14:00:00+01:00,Node_1,Node_2,cac3,0.0
2030,sc01,03-13 14:00:00+01:00,Node_1,Node_3,eac1,-0.075
2030,sc01,03-13 14:00:00+01:00,Node_1,Node_2,cac2,0.0
2030,sc01,03-13 14:00:00+01:00,Node_2,Node_3,eac1,-0.075
2030,sc01,03-13 14:00:00+01:00,Node_2,Node_3,cac1,-0.018749999999997158
2030,sc01,03-13 14:00:00+01:00,Node_1,Node_2,eac1,-0.05172941221099134
2030,sc01,03-13 15:00:00+01:00,Node_1,Node_3,cac1,0.0
2030,sc01,03-13 15:00:00+01:00,Node_1,Node_2,cac1,0.0
2030,sc01,03-13 15:00:00+01:00,Node_2,Node_3,cac3,0.0
2030,sc01,03-13 15:00:00+01:00,Node_2,Node_3,cac2,-0.037499999999994316
2030,sc01,03-13 15:00:00+01:00,Node_1,Node_3,cac3,0.0
2030,sc01,03-13 15:00:00+01:00,Node_1,Node_3,cac2,0.0
2030,sc01,03-13 15:00:00+01:00,Node_1,Node_2,cac3,0.0
2030,sc01,03-13 15:00:00+01:00,Node_1,Node_3,eac1,-0.075
2030,sc01,03-13 15:00:00+01:00,Node_1,Node_2,cac2,0.0
2030,sc01,03-13 15:00:00+01:00,Node_2,Node_3,eac1,-0.075
2030,sc01,03-13 15:00:00+01:00,Node_2,Node_3,cac1,-0.018749999999997158
2030,sc01,03-13 15:00:00+01:00,Node_1,Node_2,eac1,-0.052871141335685934
2030,sc01,03-13 16:00:00+01:00,Node_1,Node_3,cac1,0.0
2030,sc01,03-13 16:00:00+01:00,Node_1,Node_2,cac1,0.0
2030,sc01,03-13 16:00:00+01:00,Node_2,Node_3,cac3,0.0
2030,sc01,03-13 16:00:00+01:00,Node_2,Node_3,cac2,-0.037499999999994316
2030,sc01,03-13 16:00:00+01:00,Node_1,Node_3,cac3,0.0
2030,sc01,03-13 16:00:00+01:00,Node_1,Node_3,cac2,0.0
2030,sc01,03-13 16:00:00+01:00,Node_1,Node_2,cac3,0.0
2030,sc01,03-13 16:00:00+01:00,Node_1,Node_3,eac1,-0.075
2030,sc01,03-13 16:00:00+01:00,Node_1,Node_2,cac2,0.0
2030,sc01,03-13 16:00:00+01:00,Node_2,Node_3,eac1,-0.075
2030,sc01,03-13 16:00:00+01:00,Node_2,Node_3,cac1,-0.018749999999997158
2030,sc01,03-13 16:00:00+01:00,Node_1,Node_2,eac1,-0.05892243476617409
2030,sc01,03-13 17:00:00+01:00,Node_1,Node_3,cac1,0.0
2030,sc01,03-13 17:00:00+01:00,Node_1,Node_2,cac1,0.0
2030,sc01,03-13 17:00:00+01:00,Node_2,Node_3,cac3,0.0
2030,sc01,03-13 17:00:00+01:00,Node_2,Node_3,cac2,-0.037499999999994316
2030,sc01,03-13 17:00:00+01:00,Node_1,Node_3,cac3,0.0
2030,sc01,03-13 17:00:00+01:00,Node_1,Node_3,cac2,0.0
2030,sc01,03-13 17:00:00+01:00,Node_1,Node_2,cac3,0.0
2030,sc01,03-13 17:00:00+01:00,Node_1,Node_3,eac1,-0.075
2030,sc01,03-13 17:00:00+01:00,Node_1,Node_2,cac2,0.0
2030,sc01,03-13 17:00:00+01:00,Node_2,Node_3,eac1,-0.075
2030,sc01,03-13 17:00:00+01:00,Node_2,Node_3,cac1,-0.018749999999997158
2030,sc01,03-13 17:00:00+01:00,Node_1,Node_2,eac1,-0.065625
2030,sc01,03-13 18:00:00+01:00,Node_1,Node_3,cac1,0.0
2030,sc01,03-13 18:00:00+01:00,Node_1,Node_2,cac1,0.0
2030,sc01,03-13 18:00:00+01:00,Node_2,Node_3,cac3,0.0
2030,sc01,03-13 18:00:00+01:00,Node_2,Node_3,cac2,-0.037499999999994316
2030,sc01,03-13 18:00:00+01:00,Node_1,Node_3,cac3,0.0
2030,sc01,03-13 18:00:00+01:00,Node_1,Node_3,cac2,0.0
2030,sc01,03-13 18:00:00+01:00,Node_1,Node_2,cac3,0.0
2030,sc01,03-13 18:00:00+01:00,Node_1,Node_3,eac1,-0.075
2030,sc01,03-13 18:00:00+01:00,Node_1,Node_2,cac2,0.0
2030,sc01,03-13 18:00:00+01:00,Node_2,Node_3,eac1,-0.075
2030,sc01,03-13 18:00:00+01:00,Node_2,Node_3,cac1,-0.018749999999997158
2030,sc01,03-13 18:00:00+01:00,Node_1,Node_2,eac1,-0.065625
2030,sc01,03-13 19:00:00+01:00,Node_1,Node_3,cac1,0.0
2030,sc01,03-13 19:00:00+01:00,Node_1,Node_2,cac1,0.0
2030,sc01,03-13 19:00:00+01:00,Node_2,Node_3,cac3,0.0
2030,sc01,03-13 19:00:00+01:00,Node_2,Node_3,cac2,-0.037499999999994316
2030,sc01,03-13 19:00:00+01:00,Node_1,Node_3,cac3,0.0
2030,sc01,03-13 19:00:00+01:00,Node_1,Node_3,cac2,0.0
2030,sc01,03-13 19:00:00+01:00,Node_1,Node_2,cac3,0.0
2030,sc01,03-13 19:00:00+01:00,Node_1,Node_3,eac1,-0.075
2030,sc01,03-13 19:00:00+01:00,Node_1,Node_2,cac2,0.0
2030,sc01,03-13 19:00:00+01:00,Node_2,Node_3,eac1,-0.075
2030,sc01,03-13 19:00:00+01:00,Node_2,Node_3,cac1,-0.018749999999997158
2030,sc01,03-13 19:00:00+01:00,Node_1,Node_2,eac1,-0.065625
2030,sc01,03-13 20:00:00+01:00,Node_1,Node_3,cac1,0.0
2030,sc01,03-13 20:00:00+01:00,Node_1,Node_2,cac1,0.0
2030,sc01,03-13 20:00:00+01:00,Node_2,Node_3,cac3,0.0
2030,sc01,03-13 20:00:00+01:00,Node_2,Node_3,cac2,-0.037499999999994316
2030,sc01,03-13 20:00:00+01:00,Node_1,Node_3,cac3,0.0
2030,sc01,03-13 20:00:00+01:00,Node_1,Node_3,cac2,0.0
2030,sc01,03-13 20:00:00+01:00,Node_1,Node_2,cac3,0.0
2030,sc01,03-13 20:00:00+01:00,Node_1,Node_3,eac1,-0.075
2030,sc01,03-13 20:00:00+01:00,Node_1,Node_2,cac2,0.0
2030,sc01,03-13 20:00:00+01:00,Node_2,Node_3,eac1,-0.075
2030,sc01,03-13 20:00:00+01:00,Node_2,Node_3,cac1,-0.018749999999997158
2030,sc01,03-13 20:00:00+01:00,Node_1,Node_2,eac1,-0.065625
2030,sc01,03-13 21:00:00+01:00,Node_1,Node_3,cac1,0.0
2030,sc01,03-13 21:00:00+01:00,Node_1,Node_2,cac1,0.0
2030,sc01,03-13 21:00:00+01:00,Node_2,Node_3,cac3,0.0
2030,sc01,03-13 21:00:00+01:00,Node_2,Node_3,cac2,-0.037499999999994316
2030,sc01,03-13 21:00:00+01:00,Node_1,Node_3,cac3,0.0
2030,sc01,03-13 21:00:00+01:00,Node_1,Node_3,cac2,0.0
2030,sc01,03-13 21:00:00+01:00,Node_1,Node_2,cac3,0.0
2030,sc01,03-13 21:00:00+01:00,Node_1,Node_3,eac1,-0.075
2030,sc01,03-13 21:00:00+01:00,Node_1,Node_2,cac2,0.0
2030,sc01,03-13 21:00:00+01:00,Node_2,Node_3,eac1,-0.075
2030,sc01,03-13 21:00:00+01:00,Node_2,Node_3,cac1,-0.018749999999997158
2030,sc01,03-13 21:00:00+01:00,Node_1,Node_2,eac1,-0.065625
2030,sc01,03-13 22:00:00+01:00,Node_1,Node_3,cac1,0.0
2030,sc01,03-13 22:00:00+01:00,Node_1,Node_2,cac1,0.0
2030,sc01,03-13 22:00:00+01:00,Node_2,Node_3,cac3,0.0
2030,sc01,03-13 22:00:00+01:00,Node_2,Node_3,cac2,-0.037499999999994316
2030,sc01,03-13 22:00:00+01:00,Node_1,Node_3,cac3,0.0
2030,sc01,03-13 22:00:00+01:00,Node_1,Node_3,cac2,0.0
2030,sc01,03-13 22:00:00+01:00,Node_1,Node_2,cac3,0.0
2030,sc01,03-13 22:00:00+01:00,Node_1,Node_3,eac1,-0.075
2030,sc01,03-13 22:00:00+01:00,Node_1,Node_2,cac2,0.0
2030,sc01,03-13 22:00:00+01:00,Node_2,Node_3,eac1,-0.075
2030,sc01,03-13 22:00:00+01:00,Node_2,Node_3,cac1,-0.018749999999997158
2030,sc01,03-13 22:00:00+01:00,Node_1,Node_2,eac1,-0.065625
2030,sc01,03-13 23:00:00+01:00,Node_1,Node_3,cac1,0.0
2030,sc01,03-13 23:00:00+01:00,Node_1,Node_2,cac1,0.0
2030,sc01,03-13 23:00:00+01:00,Node_2,Node_3,cac3,0.0
2030,sc01,03-13 23:00:00+01:00,Node_2,Node_3,cac2,-0.037499999999994316
2030,sc01,03-13 23:00:00+01:00,Node_1,Node_3,cac3,0.0
2030,sc01,03-13 23:00:00+01:00,Node_1,Node_3,cac2,0.0
2030,sc01,03-13 23:00:00+01:00,Node_1,Node_2,cac3,0.0
2030,sc01,03-13 23:00:00+01:00,Node_1,Node_3,eac1,-0.075
2030,sc01,03-13 23:00:00+01:00,Node_1,Node_2,cac2,0.0
2030,sc01,03-13 23:00:00+01:00,Node_2,Node_3,eac1,-0.075
2030,sc01,03-13 23:00:00+01:00,Node_2,Node_3,cac1,-0.018749999999997158
2030,sc01,03-13 23:00:00+01:00,Node_1,Node_2,eac1,-0.06495659309141143
2030,sc01,03-15 00:00:00+01:00,Node_1,Node_3,cac1,0.0
2030,sc01,03-15 00:00:00+01:00,Node_1,Node_2,cac1,0.0
2030,sc01,03-15 00:00:00+01:00,Node_2,Node_3,cac3,0.0
2030,sc01,03-15 00:00:00+01:00,Node_2,Node_3,cac2,-0.037499999999994316
2030,sc01,03-15 00:00:00+01:00,Node_1,Node_3,cac3,0.0
2030,sc01,03-15 00:00:00+01:00,Node_1,Node_3,cac2,0.0
2030,sc01,03-15 00:00:00+01:00,Node_1,Node_2,cac3,0.0
2030,sc01,03-15 00:00:00+01:00,Node_1,Node_3,eac1,-0.075
2030,sc01,03-15 00:00:00+01:00,Node_1,Node_2,cac2,0.0
2030,sc01,03-15 00:00:00+01:00,Node_2,Node_3,eac1,-0.075
2030,sc01,03-15 00:00:00+01:00,Node_2,Node_3,cac1,-0.018749999999997158
2030,sc01,03-15 00:00:00+01:00,Node_1,Node_2,eac1,-0.06469785859637606
2030,sc01,03-15 01:00:00+01:00,Node_1,Node_3,cac1,0.0
2030,sc01,03-15 01:00:00+01:00,Node_1,Node_2,cac1,0.0
2030,sc01,03-15 01:00:00+01:00,Node_2,Node_3,cac3,0.0
2030,sc01,03-15 01:00:00+01:00,Node_2,Node_3,cac2,-0.037499999999994316
2030,sc01,03-15 01:00:00+01:00,Node_1,Node_3,cac3,0.0
2030,sc01,03-15 01:00:00+01:00,Node_1,Node_3,cac2,0.0
2030,sc01,03-15 01:00:00+01:00,Node_1,Node_2,cac3,0.0
2030,sc01,03-15 01:00:00+01:00,Node_1,Node_3,eac1,-0.075
2030,sc01,03-15 01:00:00+01:00,Node_1,Node_2,cac2,0.0
2030,sc01,03-15 01:00:00+01:00,Node_2,Node_3,eac1,-0.075
2030,sc01,03-15 01:00:00+01:00,Node_2,Node_3,cac1,-0.018749999999997158
2030,sc01,03-15 01:00:00+01:00,Node_1,Node_2,eac1,-0.06379829413367588
2030,sc01,03-15 02:00:00+01:00,Node_1,Node_3,cac1,0.0
2030,sc01,03-15 02:00:00+01:00,Node_1,Node_2,cac1,0.0
2030,sc01,03-15 02:00:00+01:00,Node_2,Node_3,cac3,0.0
2030,sc01,03-15 02:00:00+01:00,Node_2,Node_3,cac2,-0.037499999999994316
2030,sc01,03-15 02:00:00+01:00,Node_1,Node_3,cac3,0.0
2030,sc01,03-15 02:00:00+01:00,Node_1,Node_3,cac2,0.0
2030,sc01,03-15 02:00:00+01:00,Node_1,Node_2,cac3,0.0
2030,sc01,03-15 02:00:00+01:00,Node_1,Node_3,eac1,-0.075
2030,sc01,03-15 02:00:00+01:00,Node_1,Node_2,cac2,0.0
2030,sc01,03-15 02:00:00+01:00,Node_2,Node_3,eac1,-0.075
2030,sc01,03-15 02:00:00+01:00,Node_2,Node_3,cac1,-0.018749999999997158
2030,sc01,03-15 02:00:00+01:00,Node_1,Node_2,eac1,-0.06481707174003759
2030,sc01,03-15 03:00:00+01:00,Node_1,Node_3,cac1,0.0
2030,sc01,03-15 03:00:00+01:00,Node_1,Node_2,cac1,0.0
2030,sc01,03-15 03:00:00+01:00,Node_2,Node_3,cac3,0.0
2030,sc01,03-15 03:00:00+01:00,Node_2,Node_3,cac2,-0.037499999999994316
2030,sc01,03-15 03:00:00+01:00,Node_1,Node_3,cac3,0.0
2030,sc01,03-15 03:00:00+01:00,Node_1,Node_3,cac2,0.0
2030,sc01,03-15 03:00:00+01:00,Node_1,Node_2,cac3,0.0
2030,sc01,03-15 03:00:00+01:00,Node_1,Node_3,eac1,-0.075
2030,sc01,03-15 03:00:00+01:00,Node_1,Node_2,cac2,0.0
2030,sc01,03-15 03:00:00+01:00,Node_2,Node_3,eac1,-0.075
2030,sc01,03-15 03:00:00+01:00,Node_2,Node_3,cac1,-0.018749999999997158
2030,sc01,03-15 03:00:00+01:00,Node_1,Node_2,eac1,-0.06487891701403725
2030,sc01,03-15 04:00:00+01:00,Node_1,Node_3,cac1,0.0
2030,sc01,03-15 04:00:00+01:00,Node_1,Node_2,cac1,0.0
2030,sc01,03-15 04:00:00+01:00,Node_2,Node_3,cac3,0.0
2030,sc01,03-15 04:00:00+01:00,Node_2,Node_3,cac2,-0.037499999999994316
2030,sc01,03-15 04:00:00+01:00,Node_1,Node_3,cac3,0.0
2030,sc01,03-15 04:00:00+01:00,Node_1,Node_3,cac2,0.0
2030,sc01,03-15 04:00:00+01:00,Node_1,Node_2,cac3,0.0
2030,sc01,03-15 04:00:00+01:00,Node_1,Node_3,eac1,-0.075
2030,sc01,03-15 04:00:00+01:00,Node_1,Node_2,cac2,0.0
2030,sc01,03-15 04:00:00+01:00,Node_2,Node_3,eac1,-0.075
2030,sc01,03-15 04:00:00+01:00,Node_2,Node_3,cac1,-0.018749999999997158
2030,sc01,03-15 04:00:00+01:00,Node_1,Node_2,eac1,-0.065625
2030,sc01,03-15 05:00:00+01:00,Node_1,Node_3,cac1,0.0
2030,sc01,03-15 05:00:00+01:00,Node_1,Node_2,cac1,0.0
2030,sc01,03-15 05:00:00+01:00,Node_2,Node_3,cac3,0.0
2030,sc01,03-15 05:00:00+01:00,Node_2,Node_3,cac2,-0.037499999999994316
2030,sc01,03-15 05:00:00+01:00,Node_1,Node_3,cac3,0.0
2030,sc01,03-15 05:00:00+01:00,Node_1,Node_3,cac2,0.0
2030,sc01,03-15 05:00:00+01:00,Node_1,Node_2,cac3,0.0
2030,sc01,03-15 05:00:00+01:00,Node_1,Node_3,eac1,-0.075
2030,sc01,03-15 05:00:00+01:00,Node_1,Node_2,cac2,0.0
2030,sc01,03-15 05:00:00+01:00,Node_2,Node_3,eac1,-0.075
2030,sc01,03-15 05:00:00+01:00,Node_2,Node_3,cac1,-0.018749999999997158
2030,sc01,03-15 05:00:00+01:00,Node_1,Node_2,eac1,-0.065625
2030,sc01,03-15 06:00:00+01:00,Node_1,Node_3,cac1,0.0
2030,sc01,03-15 06:00:00+01:00,Node_1,Node_2,cac1,0.0
2030,sc01,03-15 06:00:00+01:00,Node_2,Node_3,cac3,0.0
2030,sc01,03-15 06:00:00+01:00,Node_2,Node_3,cac2,-0.037499999999994316
2030,sc01,03-15 06:00:00+01:00,Node_1,Node_3,cac3,0.0
2030,sc01,03-15 06:00:00+01:00,Node_1,Node_3,cac2,0.0
2030,sc01,03-15 06:00:00+01:00,Node_1,Node_2,cac3,0.0
2030,sc01,03-15 06:00:00+01:00,Node_1,Node_3,eac1,-0.075
2030,sc01,03-15 06:00:00+01:00,Node_1,Node_2,cac2,0.0
2030,sc01,03-15 06:00:00+01:00,Node_2,Node_3,eac1,-0.075
2030,sc01,03-15 06:00:00+01:00,Node_2,Node_3,cac1,-0.018749999999997158
2030,sc01,03-15 06:00:00+01:00,Node_1,Node_2,eac1,-0.065625
2030,sc01,03-15 07:00:00+01:00,Node_1,Node_3,cac1,0.0
2030,sc01,03-15 07:00:00+01:00,Node_1,Node_2,cac1,0.0
2030,sc01,03-15 07:00:00+01:00,Node_2,Node_3,cac3,0.0
2030,sc01,03-15 07:00:00+01:00,Node_2,Node_3,cac2,-0.037499999999994316
2030,sc01,03-15 07:00:00+01:00,Node_1,Node_3,cac3,0.0
2030,sc01,03-15 07:00:00+01:00,Node_1,Node_3,cac2,0.0
2030,sc01,03-15 07:00:00+01:00,Node_1,Node_2,cac3,0.0
2030,sc01,03-15 07:00:00+01:00,Node_1,Node_3,eac1,-0.075
2030,sc01,03-15 07:00:00+01:00,Node_1,Node_2,cac2,0.0
2030,sc01,03-15 07:00:00+01:00,Node_2,Node_3,eac1,-0.075
2030,sc01,03-15 07:00:00+01:00,Node_2,Node_3,cac1,-0.018749999999997158
2030,sc01,03-15 07:00:00+01:00,Node_1,Node_2,eac1,-0.065625
2030,sc01,03-15 08:00:00+01:00,Node_1,Node_3,cac1,0.0
2030,sc01,03-15 08:00:00+01:00,Node_1,Node_2,cac1,0.0
2030,sc01,03-15 08:00:00+01:00,Node_2,Node_3,cac3,0.0
2030,sc01,03-15 08:00:00+01:00,Node_2,Node_3,cac2,-0.037499999999994316
2030,sc01,03-15 08:00:00+01:00,Node_1,Node_3,cac3,0.0
2030,sc01,03-15 08:00:00+01:00,Node_1,Node_3,cac2,0.0
2030,sc01,03-15 08:00:00+01:00,Node_1,Node_2,cac3,0.0
2030,sc01,03-15 08:00:00+01:00,Node_1,Node_3,eac1,-0.075
2030,sc01,03-15 08:00:00+01:00,Node_1,Node_2,cac2,0.0
2030,sc01,03-15 08:00:00+01:00,Node_2,Node_3,eac1,-0.075
2030,sc01,03-15 08:00:00+01:00,Node_2,Node_3,cac1,-0.018749999999997158
2030,sc01,03-15 08:00:00+01:00,Node_1,Node_2,eac1,-0.065625
2030,sc01,03-15 09:00:00+01:00,Node_1,Node_3,cac1,0.0
2030,sc01,03-15 09:00:00+01:00,Node_1,Node_2,cac1,0.0
2030,sc01,03-15 09:00:00+01:00,Node_2,Node_3,cac3,0.0
2030,sc01,03-15 09:00:00+01:00,Node_2,Node_3,cac2,-0.037499999999994316
2030,sc01,03-15 09:00:00+01:00,Node_1,Node_3,cac3,0.0
2030,sc01,03-15 09:00:00+01:00,Node_1,Node_3,cac2,0.0
2030,sc01,03-15 09:00:00+01:00,Node_1,Node_2,cac3,0.0
2030,sc01,03-15 09:00:00+01:00,Node_1,Node_3,eac1,-0.075
2030,sc01,03-15 09:00:00+01:00,Node_1,Node_2,cac2,0.0
2030,sc01,03-15 09:00:00+01:00,Node_2,Node_3,eac1,-0.075
2030,sc01,03-15 09:00:00+01:00,Node_2,Node_3,cac1,-0.018749999999997158
2030,sc01,03-15 09:00:00+01:00,Node_1,Node_2,eac1,-0.065625
2030,sc01,03-15 10:00:00+01:00,Node_1,Node_3,cac1,0.0
2030,sc01,03-15 10:00:00+01:00,Node_1,Node_2,cac1,0.0
2030,sc01,03-15 10:00:00+01:00,Node_2,Node_3,cac3,0.0
2030,sc01,03-15 10:00:00+01:00,Node_2,Node_3,cac2,-0.037499999999994316
2030,sc01,03-15 10:00:00+01:00,Node_1,Node_3,cac3,0.0
2030,sc01,03-15 10:00:00+01:00,Node_1,Node_3,cac2,0.0
2030,sc01,03-15 10:00:00+01:00,Node_1,Node_2,cac3,0.0
2030,sc01,03-15 10:00:00+01:00,Node_1,Node_3,eac1,-0.075
2030,sc01,03-15 10:00:00+01:00,Node_1,Node_2,cac2,0.0
2030,sc01,03-15 10:00:00+01:00,Node_2,Node_3,eac1,-0.075
2030,sc01,03-15 10:00:00+01:00,Node_2,Node_3,cac1,-0.018749999999997158
2030,sc01,03-15 10:00:00+01:00,Node_1,Node_2,eac1,-0.065625
2030,sc01,03-15 11:00:00+01:00,Node_1,Node_3,cac1,0.0
2030,sc01,03-15 11:00:00+01:00,Node_1,Node_2,cac1,0.0
2030,sc01,03-15 11:00:00+01:00,Node_2,Node_3,cac3,0.0
2030,sc01,03-15 11:00:00+01:00,Node_2,Node_3,cac2,-0.037499999999994316
2030,sc01,03-15 11:00:00+01:00,Node_1,Node_3,cac3,0.0
2030,sc01,03-15 11:00:00+01:00,Node_1,Node_3,cac2,0.0
2030,sc01,03-15 11:00:00+01:00,Node_1,Node_2,cac3,0.0
2030,sc01,03-15 11:00:00+01:00,Node_1,Node_3,eac1,-0.075
2030,sc01,03-15 11:00:00+01:00,Node_1,Node_2,cac2,0.0
2030,sc01,03-15 11:00:00+01:00,Node_2,Node_3,eac1,-0.075
2030,sc01,03-15 11:00:00+01:00,Node_2,Node_3,cac1,-0.018749999999997158
2030,sc01,03-15 11:00:00+01:00,Node_1,Node_2,eac1,-0.065625
2030,sc01,03-15 12:00:00+01:00,Node_1,Node_3,cac1,0.0
2030,sc01,03-15 12:00:00+01:00,Node_1,Node_2,cac1,0.0
2030,sc01,03-15 12:00:00+01:00,Node_2,Node_3,cac3,0.0
2030,sc01,03-15 12:00:00+01:00,Node_2,Node_3,cac2,-0.037499999999994316
2030,sc01,03-15 12:00:00+01:00,Node_1,Node_3,cac3,0.0
2030,sc01,03-15 12:00:00+01:00,Node_1,Node_3,cac2,0.0
2030,sc01,03-15 12:00:00+01:00,Node_1,Node_2,cac3,0.0
2030,sc01,03-15 12:00:00+01:00,Node_1,Node_3,eac1,-0.075
2030,sc01,03-15 12:00:00+01:00,Node_1,Node_2,cac2,0.0
2030,sc01,03-15 12:00:00+01:00,Node_2,Node_3,eac1,-0.075
2030,sc01,03-15 12:00:00+01:00,Node_2,Node_3,cac1,-0.018749999999997158
2030,sc01,03-15 12:00:00+01:00,Node_1,Node_2,eac1,-0.065625
2030,sc01,03-15 13:00:00+01:00,Node_1,Node_3,cac1,0.0
2030,sc01,03-15 13:00:00+01:00,Node_1,Node_2,cac1,0.0
2030,sc01,03-15 13:00:00+01:00,Node_2,Node_3,cac3,0.0
2030,sc01,03-15 13:00:00+01:00,Node_2,Node_3,cac2,-0.037499999999994316
2030,sc01,03-15 13:00:00+01:00,Node_1,Node_3,cac3,0.0
2030,sc01,03-15 13:00:00+01:00,Node_1,Node_3,cac2,0.0
2030,sc01,03-15 13:00:00+01:00,Node_1,Node_2,cac3,0.0
2030,sc01,03-15 13:00:00+01:00,Node_1,Node_3,eac1,-0.075
2030,sc01,03-15 13:00:00+01:00,Node_1,Node_2,cac2,0.0
2030,sc01,03-15 13:00:00+01:00,Node_2,Node_3,eac1,-0.075
2030,sc01,03-15 13:00:00+01:00,Node_2,Node_3,cac1,-0.018749999999997158
2030,sc01,03-15 13:00:00+01:00,Node_1,Node_2,eac1,-0.065625
2030,sc01,03-15 14:00:00+01:00,Node_1,Node_3,cac1,0.0
2030,sc01,03-15 14:00:00+01:00,Node_1,Node_2,cac1,0.0
2030,sc01,03-15 14:00:00+01:00,Node_2,Node_3,cac3,0.0
2030,sc01,03-15 14:00:00+01:00,Node_2,Node_3,cac2,-0.037499999999994316
2030,sc01,03-15 14:00:00+01:00,Node_1,Node_3,cac3,0.0
2030,sc01,03-15 14:00:00+01:00,Node_1,Node_3,cac2,0.0
2030,sc01,03-15 14:00:00+01:00,Node_1,Node_2,cac3,0.0
2030,sc01,03-15 14:00:00+01:00,Node_1,Node_3,eac1,-0.075
2030,sc01,03-15 14:00:00+01:00,Node_1,Node_2,cac2,0.0
2030,sc01,03-15 14:00:00+01:00,Node_2,Node_3,eac1,-0.075
2030,sc01,03-15 14:00:00+01:00,Node_2,Node_3,cac1,-0.018749999999997158
2030,sc01,03-15 14:00:00+01:00,Node_1,Node_2,eac1,-0.065625
2030,sc01,03-15 15:00:00+01:00,Node_1,Node_3,cac1,0.0
2030,sc01,03-15 15:00:00+01:00,Node_1,Node_2,cac1,0.0
2030,sc01,03-15 15:00:00+01:00,Node_2,Node_3,cac3,0.0
2030,sc01,03-15 15:00:00+01:00,Node_2,Node_3,cac2,-0.037499999999994316
2030,sc01,03-15 15:00:00+01:00,Node_1,Node_3,cac3,0.0
2030,sc01,03-15 15:00:00+01:00,Node_1,Node_3,cac2,0.0
2030,sc01,03-15 15:00:00+01:00,Node_1,Node_2,cac3,0.0
2030,sc01,03-15 15:00:00+01:00,Node_1,Node_3,eac1,-0.075
2030,sc01,03-15 15:00:00+01:00,Node_1,Node_2,cac2,0.0
2030,sc01,03-15 15:00:00+01:00,Node_2,Node_3,eac1,-0.075
2030,sc01,03-15 15:00:00+01:00,Node_2,Node_3,cac1,-0.018749999999997158
2030,sc01,03-15 15:00:00+01:00,Node_1,Node_2,eac1,-0.065625
2030,sc01,03-15 16:00:00+01:00,Node_1,Node_3,cac1,0.0
2030,sc01,03-15 16:00:00+01:00,Node_1,Node_2,cac1,0.0
2030,sc01,03-15 16:00:00+01:00,Node_2,Node_3,cac3,0.0
2030,sc01,03-15 16:00:00+01:00,Node_2,Node_3,cac2,-0.037499999999994316
2030,sc01,03-15 16:00:00+01:00,Node_1,Node_3,cac3,0.0
2030,sc01,03-15 16:00:00+01:00,Node_1,Node_3,cac2,0.0
2030,sc01,03-15 16:00:00+01:00,Node_1,Node_2,cac3,0.0
2030,sc01,03-15 16:00:00+01:00,Node_1,Node_3,eac1,-0.075
2030,sc01,03-15 16:00:00+01:00,Node_1,Node_2,cac2,0.0
2030,sc01,03-15 16:00:00+01:00,Node_2,Node_3,eac1,-0.075
2030,sc01,03-15 16:00:00+01:00,Node_2,Node_3,cac1,-0.018749999999997158
2030,sc01,03-15 16:00:00+01:00,Node_1,Node_2,eac1,-0.065625
2030,sc01,03-15 17:00:00+01:00,Node_1,Node_3,cac1,0.0
2030,sc01,03-15 17:00:00+01:00,Node_1,Node_2,cac1,0.0
2030,sc01,03-15 17:00:00+01:00,Node_2,Node_3,cac3,0.0
2030,sc01,03-15 17:00:00+01:00,Node_2,Node_3,cac2,-0.037499999999994316
2030,sc01,03-15 17:00:00+01:00,Node_1,Node_3,cac3,0.0
2030,sc01,03-15 17:00:00+01:00,Node_1,Node_3,cac2,0.0
2030,sc01,03-15 17:00:00+01:00,Node_1,Node_2,cac3,0.0
2030,sc01,03-15 17:00:00+01:00,Node_1,Node_3,eac1,-0.075
2030,sc01,03-15 17:00:00+01:00,Node_1,Node_2,cac2,0.0
2030,sc01,03-15 17:00:00+01:00,Node_2,Node_3,eac1,-0.075
2030,sc01,03-15 17:00:00+01:00,Node_2,Node_3,cac1,-0.018749999999997158
2030,sc01,03-15 17:00:00+01:00,Node_1,Node_2,eac1,-0.065625
2030,sc01,03-15 18:00:00+01:00,Node_1,Node_3,cac1,0.0
2030,sc01,03-15 18:00:00+01:00,Node_1,Node_2,cac1,0.0
2030,sc01,03-15 18:00:00+01:00,Node_2,Node_3,cac3,0.0
2030,sc01,03-15 18:00:00+01:00,Node_2,Node_3,cac2,-0.037499999999994316
2030,sc01,03-15 18:00:00+01:00,Node_1,Node_3,cac3,0.0
2030,sc01,03-15 18:00:00+01:00,Node_1,Node_3,cac2,0.0
2030,sc01,03-15 18:00:00+01:00,Node_1,Node_2,cac3,0.0
2030,sc01,03-15 18:00:00+01:00,Node_1,Node_3,eac1,-0.075
2030,sc01,03-15 18:00:00+01:00,Node_1,Node_2,cac2,0.0
2030,sc01,03-15 18:00:00+01:00,Node_2,Node_3,eac1,-0.075
2030,sc01,03-15 18:00:00+01:00,Node_2,Node_3,cac1,-0.018749999999997158
2030,sc01,03-15 18:00:00+01:00,Node_1,Node_2,eac1,-0.065625
2030,sc01,03-15 19:00:00+01:00,Node_1,Node_3,cac1,0.0
2030,sc01,03-15 19:00:00+01:00,Node_1,Node_2,cac1,0.0
2030,sc01,03-15 19:00:00+01:00,Node_2,Node_3,cac3,0.0
2030,sc01,03-15 19:00:00+01:00,Node_2,Node_3,cac2,-0.037499999999994316
2030,sc01,03-15 19:00:00+01:00,Node_1,Node_3,cac3,0.0
2030,sc01,03-15 19:00:00+01:00,Node_1,Node_3,cac2,0.0
2030,sc01,03-15 19:00:00+01:00,Node_1,Node_2,cac3,0.0
2030,sc01,03-15 19:00:00+01:00,Node_1,Node_3,eac1,-0.075
2030,sc01,03-15 19:00:00+01:00,Node_1,Node_2,cac2,0.0
2030,sc01,03-15 19:00:00+01:00,Node_2,Node_3,eac1,-0.075
2030,sc01,03-15 19:00:00+01:00,Node_2,Node_3,cac1,-0.018749999999997158
2030,sc01,03-15 19:00:00+01:00,Node_1,Node_2,eac1,-0.065625
2030,sc01,03-15 20:00:00+01:00,Node_1,Node_3,cac1,0.0
2030,sc01,03-15 20:00:00+01:00,Node_1,Node_2,cac1,0.0
2030,sc01,03-15 20:00:00+01:00,Node_2,Node_3,cac3,0.0
2030,sc01,03-15 20:00:00+01:00,Node_2,Node_3,cac2,-0.037499999999994316
2030,sc01,03-15 20:00:00+01:00,Node_1,Node_3,cac3,0.0
2030,sc01,03-15 20:00:00+01:00,Node_1,Node_3,cac2,0.0
2030,sc01,03-15 20:00:00+01:00,Node_1,Node_2,cac3,0.0
2030,sc01,03-15 20:00:00+01:00,Node_1,Node_3,eac1,-0.075
2030,sc01,03-15 20:00:00+01:00,Node_1,Node_2,cac2,0.0
2030,sc01,03-15 20:00:00+01:00,Node_2,Node_3,eac1,-0.075
2030,sc01,03-15 20:00:00+01:00,Node_2,Node_3,cac1,-0.018749999999997158
2030,sc01,03-15 20:00:00+01:00,Node_1,Node_2,eac1,-0.065625
2030,sc01,03-15 21:00:00+01:00,Node_1,Node_3,cac1,0.0
2030,sc01,03-15 21:00:00+01:00,Node_1,Node_2,cac1,0.0
2030,sc01,03-15 21:00:00+01:00,Node_2,Node_3,cac3,0.0
2030,sc01,03-15 21:00:00+01:00,Node_2,Node_3,cac2,-0.037499999999994316
2030,sc01,03-15 21:00:00+01:00,Node_1,Node_3,cac3,0.0
2030,sc01,03-15 21:00:00+01:00,Node_1,Node_3,cac2,0.0
2030,sc01,03-15 21:00:00+01:00,Node_1,Node_2,cac3,0.0
2030,sc01,03-15 21:00:00+01:00,Node_1,Node_3,eac1,-0.075
2030,sc01,03-15 21:00:00+01:00,Node_1,Node_2,cac2,0.0
2030,sc01,03-15 21:00:00+01:00,Node_2,Node_3,eac1,-0.075
2030,sc01,03-15 21:00:00+01:00,Node_2,Node_3,cac1,-0.018749999999997158
2030,sc01,03-15 21:00:00+01:00,Node_1,Node_2,eac1,-0.065625
2030,sc01,03-15 22:00:00+01:00,Node_1,Node_3,cac1,0.0
2030,sc01,03-15 22:00:00+01:00,Node_1,Node_2,cac1,0.0
2030,sc01,03-15 22:00:00+01:00,Node_2,Node_3,cac3,0.0
2030,sc01,03-15 22:00:00+01:00,Node_2,Node_3,cac2,-0.037499999999994316
2030,sc01,03-15 22:00:00+01:00,Node_1,Node_3,cac3,0.0
2030,sc01,03-15 22:00:00+01:00,Node_1,Node_3,cac2,0.0
2030,sc01,03-15 22:00:00+01:00,Node_1,Node_2,cac3,0.0
2030,sc01,03-15 22:00:00+01:00,Node_1,Node_3,eac1,-0.075
2030,sc01,03-15 22:00:00+01:00,Node_1,Node_2,cac2,0.0
2030,sc01,03-15 22:00:00+01:00,Node_2,Node_3,eac1,-0.075
2030,sc01,03-15 22:00:00+01:00,Node_2,Node_3,cac1,-0.018749999999997158
2030,sc01,03-15 22:00:00+01:00,Node_1,Node_2,eac1,-0.065625
2030,sc01,03-15 23:00:00+01:00,Node_1,Node_3,cac1,0.0
2030,sc01,03-15 23:00:00+01:00,Node_1,Node_2,cac1,0.0
2030,sc01,03-15 23:00:00+01:00,Node_2,Node_3,cac3,0.0
2030,sc01,03-15 23:00:00+01:00,Node_2,Node_3,cac2,-0.037499999999994316
2030,sc01,03-15 23:00:00+01:00,Node_1,Node_3,cac3,0.0
2030,sc01,03-15 23:00:00+01:00,Node_1,Node_3,cac2,0.0
2030,sc01,03-15 23:00:00+01:00,Node_1,Node_2,cac3,0.0
2030,sc01,03-15 23:00:00+01:00,Node_1,Node_3,eac1,-0.075
2030,sc01,03-15 23:00:00+01:00,Node_1,Node_2,cac2,0.0
2030,sc01,03-15 23:00:00+01:00,Node_2,Node_3,eac1,-0.075
2030,sc01,03-15 23:00:00+01:00,Node_2,Node_3,cac1,-0.018749999999997158
2030,sc01,03-15 23:00:00+01:00,Node_1,Node_2,eac1,-0.065625
2030,sc01,04-16 00:00:00+02:00,Node_1,Node_3,cac1,0.0
2030,sc01,04-16 00:00:00+02:00,Node_1,Node_2,cac1,0.0
2030,sc01,04-16 00:00:00+02:00,Node_2,Node_3,cac3,0.0
2030,sc01,04-16 00:00:00+02:00,Node_2,Node_3,cac2,-0.037499999999994316
2030,sc01,04-16 00:00:00+02:00,Node_1,Node_3,cac3,0.0
2030,sc01,04-16 00:00:00+02:00,Node_1,Node_3,cac2,0.0
2030,sc01,04-16 00:00:00+02:00,Node_1,Node_2,cac3,0.0
2030,sc01,04-16 00:00:00+02:00,Node_1,Node_3,eac1,-0.075
2030,sc01,04-16 00:00:00+02:00,Node_1,Node_2,cac2,0.0
2030,sc01,04-16 00:00:00+02:00,Node_2,Node_3,eac1,-0.075
2030,sc01,04-16 00:00:00+02:00,Node_2,Node_3,cac1,-0.018749999999997158
2030,sc01,04-16 00:00:00+02:00,Node_1,Node_2,eac1,-0.065625
2030,sc01,04-16 01:00:00+02:00,Node_1,Node_3,cac1,0.0
2030,sc01,04-16 01:00:00+02:00,Node_1,Node_2,cac1,0.0
2030,sc01,04-16 01:00:00+02:00,Node_2,Node_3,cac3,0.0
2030,sc01,04-16 01:00:00+02:00,Node_2,Node_3,cac2,-0.037499999999994316
2030,sc01,04-16 01:00:00+02:00,Node_1,Node_3,cac3,0.0
2030,sc01,04-16 01:00:00+02:00,Node_1,Node_3,cac2,0.0
2030,sc01,04-16 01:00:00+02:00,Node_1,Node_2,cac3,0.0
2030,sc01,04-16 01:00:00+02:00,Node_1,Node_3,eac1,-0.075
2030,sc01,04-16 01:00:00+02:00,Node_1,Node_2,cac2,0.0
2030,sc01,04-16 01:00:00+02:00,Node_2,Node_3,eac1,-0.075
2030,sc01,04-16 01:00:00+02:00,Node_2,Node_3,cac1,-0.018749999999997158
2030,sc01,04-16 01:00:00+02:00,Node_1,Node_2,eac1,-0.065625
2030,sc01,04-16 02:00:00+02:00,Node_1,Node_3,cac1,0.0
2030,sc01,04-16 02:00:00+02:00,Node_1,Node_2,cac1,0.0
2030,sc01,04-16 02:00:00+02:00,Node_2,Node_3,cac3,0.0
2030,sc01,04-16 02:00:00+02:00,Node_2,Node_3,cac2,-0.037499999999994316
2030,sc01,04-16 02:00:00+02:00,Node_1,Node_3,cac3,0.0
2030,sc01,04-16 02:00:00+02:00,Node_1,Node_3,cac2,0.0
2030,sc01,04-16 02:00:00+02:00,Node_1,Node_2,cac3,0.0
2030,sc01,04-16 02:00:00+02:00,Node_1,Node_3,eac1,-0.075
2030,sc01,04-16 02:00:00+02:00,Node_1,Node_2,cac2,0.0
2030,sc01,04-16 02:00:00+02:00,Node_2,Node_3,eac1,-0.075
2030,sc01,04-16 02:00:00+02:00,Node_2,Node_3,cac1,-0.018749999999997158
2030,sc01,04-16 02:00:00+02:00,Node_1,Node_2,eac1,-0.065625
2030,sc01,04-16 03:00:00+02:00,Node_1,Node_3,cac1,0.0
2030,sc01,04-16 03:00:00+02:00,Node_1,Node_2,cac1,0.0
2030,sc01,04-16 03:00:00+02:00,Node_2,Node_3,cac3,0.0
2030,sc01,04-16 03:00:00+02:00,Node_2,Node_3,cac2,-0.037499999999994316
2030,sc01,04-16 03:00:00+02:00,Node_1,Node_3,cac3,0.0
2030,sc01,04-16 03:00:00+02:00,Node_1,Node_3,cac2,0.0
2030,sc01,04-16 03:00:00+02:00,Node_1,Node_2,cac3,0.0
2030,sc01,04-16 03:00:00+02:00,Node_1,Node_3,eac1,-0.075
2030,sc01,04-16 03:00:00+02:00,Node_1,Node_2,cac2,0.0
2030,sc01,04-16 03:00:00+02:00,Node_2,Node_3,eac1,-0.075
2030,sc01,04-16 03:00:00+02:00,Node_2,Node_3,cac1,-0.018749999999997158
2030,sc01,04-16 03:00:00+02:00,Node_1,Node_2,eac1,-0.065625
2030,sc01,04-16 04:00:00+02:00,Node_1,Node_3,cac1,0.0
2030,sc01,04-16 04:00:00+02:00,Node_1,Node_2,cac1,0.0
2030,sc01,04-16 04:00:00+02:00,Node_2,Node_3,cac3,0.0
2030,sc01,04-16 04:00:00+02:00,Node_2,Node_3,cac2,-0.037499999999994316
2030,sc01,04-16 04:00:00+02:00,Node_1,Node_3,cac3,0.0
2030,sc01,04-16 04:00:00+02:00,Node_1,Node_3,cac2,0.0
2030,sc01,04-16 04:00:00+02:00,Node_1,Node_2,cac3,0.0
2030,sc01,04-16 04:00:00+02:00,Node_1,Node_3,eac1,-0.075
2030,sc01,04-16 04:00:00+02:00,Node_1,Node_2,cac2,0.0
2030,sc01,04-16 04:00:00+02:00,Node_2,Node_3,eac1,-0.075
2030,sc01,04-16 04:00:00+02:00,Node_2,Node_3,cac1,-0.018749999999997158
2030,sc01,04-16 04:00:00+02:00,Node_1,Node_2,eac1,-0.065625
2030,sc01,04-16 05:00:00+02:00,Node_1,Node_3,cac1,0.0
2030,sc01,04-16 05:00:00+02:00,Node_1,Node_2,cac1,0.0
2030,sc01,04-16 05:00:00+02:00,Node_2,Node_3,cac3,0.0
2030,sc01,04-16 05:00:00+02:00,Node_2,Node_3,cac2,-0.037499999999994316
2030,sc01,04-16 05:00:00+02:00,Node_1,Node_3,cac3,0.0
2030,sc01,04-16 05:00:00+02:00,Node_1,Node_3,cac2,0.0
2030,sc01,04-16 05:00:00+02:00,Node_1,Node_2,cac3,0.0
2030,sc01,04-16 05:00:00+02:00,Node_1,Node_3,eac1,-0.075
2030,sc01,04-16 05:00:00+02:00,Node_1,Node_2,cac2,0.0
2030,sc01,04-16 05:00:00+02:00,Node_2,Node_3,eac1,-0.075
2030,sc01,04-16 05:00:00+02:00,Node_2,Node_3,cac1,-0.018749999999997158
2030,sc01,04-16 05:00:00+02:00,Node_1,Node_2,eac1,-0.065625
2030,sc01,04-16 06:00:00+02:00,Node_1,Node_3,cac1,0.0
2030,sc01,04-16 06:00:00+02:00,Node_1,Node_2,cac1,0.0
2030,sc01,04-16 06:00:00+02:00,Node_2,Node_3,cac3,0.0
2030,sc01,04-16 06:00:00+02:00,Node_2,Node_3,cac2,-0.037499999999994316
2030,sc01,04-16 06:00:00+02:00,Node_1,Node_3,cac3,0.0
2030,sc01,04-16 06:00:00+02:00,Node_1,Node_3,cac2,0.0
2030,sc01,04-16 06:00:00+02:00,Node_1,Node_2,cac3,0.0
2030,sc01,04-16 06:00:00+02:00,Node_1,Node_3,eac1,-0.075
2030,sc01,04-16 06:00:00+02:00,Node_1,Node_2,cac2,0.0
2030,sc01,04-16 06:00:00+02:00,Node_2,Node_3,eac1,-0.075
2030,sc01,04-16 06:00:00+02:00,Node_2,Node_3,cac1,-0.018749999999997158
2030,sc01,04-16 06:00:00+02:00,Node_1,Node_2,eac1,-0.065625
2030,sc01,04-16 07:00:00+02:00,Node_1,Node_3,cac1,0.0
2030,sc01,04-16 07:00:00+02:00,Node_1,Node_2,cac1,0.0
2030,sc01,04-16 07:00:00+02:00,Node_2,Node_3,cac3,0.0
2030,sc01,04-16 07:00:00+02:00,Node_2,Node_3,cac2,-0.037499999999994316
2030,sc01,04-16 07:00:00+02:00,Node_1,Node_3,cac3,0.0
2030,sc01,04-16 07:00:00+02:00,Node_1,Node_3,cac2,0.0
2030,sc01,04-16 07:00:00+02:00,Node_1,Node_2,cac3,0.0
2030,sc01,04-16 07:00:00+02:00,Node_1,Node_3,eac1,-0.075
2030,sc01,04-16 07:00:00+02:00,Node_1,Node_2,cac2,0.0
2030,sc01,04-16 07:00:00+02:00,Node_2,Node_3,eac1,-0.075
2030,sc01,04-16 07:00:00+02:00,Node_2,Node_3,cac1,-0.018749999999997158
2030,sc01,04-16 07:00:00+02:00,Node_1,Node_2,eac1,-0.065625
2030,sc01,04-16 08:00:00+02:00,Node_1,Node_3,cac1,0.0
2030,sc01,04-16 08:00:00+02:00,Node_1,Node_2,cac1,0.0
2030,sc01,04-16 08:00:00+02:00,Node_2,Node_3,cac3,0.0
2030,sc01,04-16 08:00:00+02:00,Node_2,Node_3,cac2,-0.037499999999994316
2030,sc01,04-16 08:00:00+02:00,Node_1,Node_3,cac3,0.0
2030,sc01,04-16 08:00:00+02:00,Node_1,Node_3,cac2,0.0
2030,sc01,04-16 08:00:00+02:00,Node_1,Node_2,cac3,0.0
2030,sc01,04-16 08:00:00+02:00,Node_1,Node_3,eac1,-0.075
2030,sc01,04-16 08:00:00+02:00,Node_1,Node_2,cac2,0.0
2030,sc01,04-16 08:00:00+02:00,Node_2,Node_3,eac1,-0.075
2030,sc01,04-16 08:00:00+02:00,Node_2,Node_3,cac1,-0.018749999999997158
2030,sc01,04-16 08:00:00+02:00,Node_1,Node_2,eac1,-0.065625
2030,sc01,04-16 09:00:00+02:00,Node_1,Node_3,cac1,0.0
2030,sc01,04-16 09:00:00+02:00,Node_1,Node_2,cac1,0.0
2030,sc01,04-16 09:00:00+02:00,Node_2,Node_3,cac3,0.0
2030,sc01,04-16 09:00:00+02:00,Node_2,Node_3,cac2,-0.037499999999994316
2030,sc01,04-16 09:00:00+02:00,Node_1,Node_3,cac3,0.0
2030,sc01,04-16 09:00:00+02:00,Node_1,Node_3,cac2,0.0
2030,sc01,04-16 09:00:00+02:00,Node_1,Node_2,cac3,0.0
2030,sc01,04-16 09:00:00+02:00,Node_1,Node_3,eac1,-0.075
2030,sc01,04-16 09:00:00+02:00,Node_1,Node_2,cac2,0.0
2030,sc01,04-16 09:00:00+02:00,Node_2,Node_3,eac1,-0.075
2030,sc01,04-16 09:00:00+02:00,Node_2,Node_3,cac1,-0.018749999999997158
2030,sc01,04-16 09:00:00+02:00,Node_1,Node_2,eac1,-0.065625
2030,sc01,04-16 10:00:00+02:00,Node_1,Node_3,cac1,0.0
2030,sc01,04-16 10:00:00+02:00,Node_1,Node_2,cac1,0.0
2030,sc01,04-16 10:00:00+02:00,Node_2,Node_3,cac3,0.0
2030,sc01,04-16 10:00:00+02:00,Node_2,Node_3,cac2,-0.037499999999994316
2030,sc01,04-16 10:00:00+02:00,Node_1,Node_3,cac3,0.0
2030,sc01,04-16 10:00:00+02:00,Node_1,Node_3,cac2,0.0
2030,sc01,04-16 10:00:00+02:00,Node_1,Node_2,cac3,0.0
2030,sc01,04-16 10:00:00+02:00,Node_1,Node_3,eac1,-0.075
2030,sc01,04-16 10:00:00+02:00,Node_1,Node_2,cac2,0.0
2030,sc01,04-16 10:00:00+02:00,Node_2,Node_3,eac1,-0.075
2030,sc01,04-16 10:00:00+02:00,Node_2,Node_3,cac1,-0.018749999999997158
2030,sc01,04-16 10:00:00+02:00,Node_1,Node_2,eac1,-0.065625
2030,sc01,04-16 11:00:00+02:00,Node_1,Node_3,cac1,0.0
2030,sc01,04-16 11:00:00+02:00,Node_1,Node_2,cac1,0.0
2030,sc01,04-16 11:00:00+02:00,Node_2,Node_3,cac3,0.0
2030,sc01,04-16 11:00:00+02:00,Node_2,Node_3,cac2,-0.037499999999994316
2030,sc01,04-16 11:00:00+02:00,Node_1,Node_3,cac3,0.0
2030,sc01,04-16 11:00:00+02:00,Node_1,Node_3,cac2,0.0
2030,sc01,04-16 11:00:00+02:00,Node_1,Node_2,cac3,0.0
2030,sc01,04-16 11:00:00+02:00,Node_1,Node_3,eac1,-0.075
2030,sc01,04-16 11:00:00+02:00,Node_1,Node_2,cac2,0.0
2030,sc01,04-16 11:00:00+02:00,Node_2,Node_3,eac1,-0.075
2030,sc01,04-16 11:00:00+02:00,Node_2,Node_3,cac1,-0.018749999999997158
2030,sc01,04-16 11:00:00+02:00,Node_1,Node_2,eac1,-0.065625
2030,sc01,04-16 12:00:00+02:00,Node_1,Node_3,cac1,0.0
2030,sc01,04-16 12:00:00+02:00,Node_1,Node_2,cac1,0.0
2030,sc01,04-16 12:00:00+02:00,Node_2,Node_3,cac3,0.0
2030,sc01,04-16 12:00:00+02:00,Node_2,Node_3,cac2,-0.037499999999994316
2030,sc01,04-16 12:00:00+02:00,Node_1,Node_3,cac3,0.0
2030,sc01,04-16 12:00:00+02:00,Node_1,Node_3,cac2,0.0
2030,sc01,04-16 12:00:00+02:00,Node_1,Node_2,cac3,0.0
2030,sc01,04-16 12:00:00+02:00,Node_1,Node_3,eac1,-0.075
2030,sc01,04-16 12:00:00+02:00,Node_1,Node_2,cac2,0.0
2030,sc01,04-16 12:00:00+02:00,Node_2,Node_3,eac1,-0.075
2030,sc01,04-16 12:00:00+02:00,Node_2,Node_3,cac1,-0.018749999999997158
2030,sc01,04-16 12:00:00+02:00,Node_1,Node_2,eac1,-0.065625
2030,sc01,04-16 13:00:00+02:00,Node_1,Node_3,cac1,0.0
2030,sc01,04-16 13:00:00+02:00,Node_1,Node_2,cac1,0.0
2030,sc01,04-16 13:00:00+02:00,Node_2,Node_3,cac3,0.0
2030,sc01,04-16 13:00:00+02:00,Node_2,Node_3,cac2,-0.037499999999994316
2030,sc01,04-16 13:00:00+02:00,Node_1,Node_3,cac3,0.0
2030,sc01,04-16 13:00:00+02:00,Node_1,Node_3,cac2,0.0
2030,sc01,04-16 13:00:00+02:00,Node_1,Node_2,cac3,0.0
2030,sc01,04-16 13:00:00+02:00,Node_1,Node_3,eac1,-0.075
2030,sc01,04-16 13:00:00+02:00,Node_1,Node_2,cac2,0.0
2030,sc01,04-16 13:00:00+02:00,Node_2,Node_3,eac1,-0.075
2030,sc01,04-16 13:00:00+02:00,Node_2,Node_3,cac1,-0.018749999999997158
2030,sc01,04-16 13:00:00+02:00,Node_1,Node_2,eac1,-0.065625
2030,sc01,04-16 14:00:00+02:00,Node_1,Node_3,cac1,0.0
2030,sc01,04-16 14:00:00+02:00,Node_1,Node_2,cac1,0.0
2030,sc01,04-16 14:00:00+02:00,Node_2,Node_3,cac3,0.0
2030,sc01,04-16 14:00:00+02:00,Node_2,Node_3,cac2,-0.037499999999994316
2030,sc01,04-16 14:00:00+02:00,Node_1,Node_3,cac3,0.0
2030,sc01,04-16 14:00:00+02:00,Node_1,Node_3,cac2,0.0
2030,sc01,04-16 14:00:00+02:00,Node_1,Node_2,cac3,0.0
2030,sc01,04-16 14:00:00+02:00,Node_1,Node_3,eac1,-0.075
2030,sc01,04-16 14:00:00+02:00,Node_1,Node_2,cac2,0.0
2030,sc01,04-16 14:00:00+02:00,Node_2,Node_3,eac1,-0.075
2030,sc01,04-16 14:00:00+02:00,Node_2,Node_3,cac1,-0.018749999999997158
2030,sc01,04-16 14:00:00+02:00,Node_1,Node_2,eac1,-0.065625
2030,sc01,04-16 15:00:00+02:00,Node_1,Node_3,cac1,0.0
2030,sc01,04-16 15:00:00+02:00,Node_1,Node_2,cac1,0.0
2030,sc01,04-16 15:00:00+02:00,Node_2,Node_3,cac3,0.0
2030,sc01,04-16 15:00:00+02:00,Node_2,Node_3,cac2,-0.037499999999994316
2030,sc01,04-16 15:00:00+02:00,Node_1,Node_3,cac3,0.0
2030,sc01,04-16 15:00:00+02:00,Node_1,Node_3,cac2,0.0
2030,sc01,04-16 15:00:00+02:00,Node_1,Node_2,cac3,0.0
2030,sc01,04-16 15:00:00+02:00,Node_1,Node_3,eac1,-0.075
2030,sc01,04-16 15:00:00+02:00,Node_1,Node_2,cac2,0.0
2030,sc01,04-16 15:00:00+02:00,Node_2,Node_3,eac1,-0.075
2030,sc01,04-16 15:00:00+02:00,Node_2,Node_3,cac1,-0.018749999999997158
2030,sc01,04-16 15:00:00+02:00,Node_1,Node_2,eac1,-0.065625
2030,sc01,04-16 16:00:00+02:00,Node_1,Node_3,cac1,0.0
2030,sc01,04-16 16:00:00+02:00,Node_1,Node_2,cac1,0.0
2030,sc01,04-16 16:00:00+02:00,Node_2,Node_3,cac3,0.0
2030,sc01,04-16 16:00:00+02:00,Node_2,Node_3,cac2,-0.037499999999994316
2030,sc01,04-16 16:00:00+02:00,Node_1,Node_3,cac3,0.0
2030,sc01,04-16 16:00:00+02:00,Node_1,Node_3,cac2,0.0
2030,sc01,04-16 16:00:00+02:00,Node_1,Node_2,cac3,0.0
2030,sc01,04-16 16:00:00+02:00,Node_1,Node_3,eac1,-0.075
2030,sc01,04-16 16:00:00+02:00,Node_1,Node_2,cac2,0.0
2030,sc01,04-16 16:00:00+02:00,Node_2,Node_3,eac1,-0.075
2030,sc01,04-16 16:00:00+02:00,Node_2,Node_3,cac1,-0.018749999999997158
2030,sc01,04-16 16:00:00+02:00,Node_1,Node_2,eac1,-0.065625
2030,sc01,04-16 17:00:00+02:00,Node_1,Node_3,cac1,0.0
2030,sc01,04-16 17:00:00+02:00,Node_1,Node_2,cac1,0.0
2030,sc01,04-16 17:00:00+02:00,Node_2,Node_3,cac3,0.0
2030,sc01,04-16 17:00:00+02:00,Node_2,Node_3,cac2,-0.037499999999994316
2030,sc01,04-16 17:00:00+02:00,Node_1,Node_3,cac3,0.0
2030,sc01,04-16 17:00:00+02:00,Node_1,Node_3,cac2,0.0
2030,sc01,04-16 17:00:00+02:00,Node_1,Node_2,cac3,0.0
2030,sc01,04-16 17:00:00+02:00,Node_1,Node_3,eac1,-0.075
2030,sc01,04-16 17:00:00+02:00,Node_1,Node_2,cac2,0.0
2030,sc01,04-16 17:00:00+02:00,Node_2,Node_3,eac1,-0.075
2030,sc01,04-16 17:00:00+02:00,Node_2,Node_3,cac1,-0.018749999999997158
2030,sc01,04-16 17:00:00+02:00,Node_1,Node_2,eac1,-0.065625
2030,sc01,04-16 18:00:00+02:00,Node_1,Node_3,cac1,0.0
2030,sc01,04-16 18:00:00+02:00,Node_1,Node_2,cac1,0.0
2030,sc01,04-16 18:00:00+02:00,Node_2,Node_3,cac3,0.0
2030,sc01,04-16 18:00:00+02:00,Node_2,Node_3,cac2,-0.037499999999994316
2030,sc01,04-16 18:00:00+02:00,Node_1,Node_3,cac3,0.0
2030,sc01,04-16 18:00:00+02:00,Node_1,Node_3,cac2,0.0
2030,sc01,04-16 18:00:00+02:00,Node_1,Node_2,cac3,0.0
2030,sc01,04-16 18:00:00+02:00,Node_1,Node_3,eac1,-0.075
2030,sc01,04-16 18:00:00+02:00,Node_1,Node_2,cac2,0.0
2030,sc01,04-16 18:00:00+02:00,Node_2,Node_3,eac1,-0.075
2030,sc01,04-16 18:00:00+02:00,Node_2,Node_3,cac1,-0.018749999999997158
2030,sc01,04-16 18:00:00+02:00,Node_1,Node_2,eac1,-0.065625
2030,sc01,04-16 19:00:00+02:00,Node_1,Node_3,cac1,0.0
2030,sc01,04-16 19:00:00+02:00,Node_1,Node_2,cac1,0.0
2030,sc01,04-16 19:00:00+02:00,Node_2,Node_3,cac3,0.0
2030,sc01,04-16 19:00:00+02:00,Node_2,Node_3,cac2,-0.037499999999994316
2030,sc01,04-16 19:00:00+02:00,Node_1,Node_3,cac3,0.0
2030,sc01,04-16 19:00:00+02:00,Node_1,Node_3,cac2,0.0
2030,sc01,04-16 19:00:00+02:00,Node_1,Node_2,cac3,0.0
2030,sc01,04-16 19:00:00+02:00,Node_1,Node_3,eac1,-0.075
2030,sc01,04-16 19:00:00+02:00,Node_1,Node_2,cac2,0.0
2030,sc01,04-16 19:00:00+02:00,Node_2,Node_3,eac1,-0.075
2030,sc01,04-16 19:00:00+02:00,Node_2,Node_3,cac1,-0.018749999999997158
2030,sc01,04-16 19:00:00+02:00,Node_1,Node_2,eac1,-0.065625
2030,sc01,04-16 20:00:00+02:00,Node_1,Node_3,cac1,0.0
2030,sc01,04-16 20:00:00+02:00,Node_1,Node_2,cac1,0.0
2030,sc01,04-16 20:00:00+02:00,Node_2,Node_3,cac3,0.0
2030,sc01,04-16 20:00:00+02:00,Node_2,Node_3,cac2,-0.037499999999994316
2030,sc01,04-16 20:00:00+02:00,Node_1,Node_3,cac3,0.0
2030,sc01,04-16 20:00:00+02:00,Node_1,Node_3,cac2,0.0
2030,sc01,04-16 20:00:00+02:00,Node_1,Node_2,cac3,0.0
2030,sc01,04-16 20:00:00+02:00,Node_1,Node_3,eac1,-0.075
2030,sc01,04-16 20:00:00+02:00,Node_1,Node_2,cac2,0.0
2030,sc01,04-16 20:00:00+02:00,Node_2,Node_3,eac1,-0.075
2030,sc01,04-16 20:00:00+02:00,Node_2,Node_3,cac1,-0.018749999999997158
2030,sc01,04-16 20:00:00+02:00,Node_1,Node_2,eac1,-0.065625
2030,sc01,04-16 21:00:00+02:00,Node_1,Node_3,cac1,0.0
2030,sc01,04-16 21:00:00+02:00,Node_1,Node_2,cac1,0.0
2030,sc01,04-16 21:00:00+02:00,Node_2,Node_3,cac3,0.0
2030,sc01,04-16 21:00:00+02:00,Node_2,Node_3,cac2,-0.037499999999994316
2030,sc01,04-16 21:00:00+02:00,Node_1,Node_3,cac3,0.0
2030,sc01,04-16 21:00:00+02:00,Node_1,Node_3,cac2,0.0
2030,sc01,04-16 21:00:00+02:00,Node_1,Node_2,cac3,0.0
2030,sc01,04-16 21:00:00+02:00,Node_1,Node_3,eac1,-0.075
2030,sc01,04-16 21:00:00+02:00,Node_1,Node_2,cac2,0.0
2030,sc01,04-16 21:00:00+02:00,Node_2,Node_3,eac1,-0.075
2030,sc01,04-16 21:00:00+02:00,Node_2,Node_3,cac1,-0.018749999999997158
2030,sc01,04-16 21:00:00+02:00,Node_1,Node_2,eac1,-0.065625
2030,sc01,04-16 22:00:00+02:00,Node_1,Node_3,cac1,0.0
2030,sc01,04-16 22:00:00+02:00,Node_1,Node_2,cac1,0.0
2030,sc01,04-16 22:00:00+02:00,Node_2,Node_3,cac3,0.0
2030,sc01,04-16 22:00:00+02:00,Node_2,Node_3,cac2,-0.037499999999994316
2030,sc01,04-16 22:00:00+02:00,Node_1,Node_3,cac3,0.0
2030,sc01,04-16 22:00:00+02:00,Node_1,Node_3,cac2,0.0
2030,sc01,04-16 22:00:00+02:00,Node_1,Node_2,cac3,0.0
2030,sc01,04-16 22:00:00+02:00,Node_1,Node_3,eac1,-0.075
2030,sc01,04-16 22:00:00+02:00,Node_1,Node_2,cac2,0.0
2030,sc01,04-16 22:00:00+02:00,Node_2,Node_3,eac1,-0.075
2030,sc01,04-16 22:00:00+02:00,Node_2,Node_3,cac1,-0.018749999999997158
2030,sc01,04-16 22:00:00+02:00,Node_1,Node_2,eac1,-0.065625
2030,sc01,04-16 23:00:00+02:00,Node_1,Node_3,cac1,0.0
2030,sc01,04-16 23:00:00+02:00,Node_1,Node_2,cac1,0.0
2030,sc01,04-16 23:00:00+02:00,Node_2,Node_3,cac3,0.0
2030,sc01,04-16 23:00:00+02:00,Node_2,Node_3,cac2,-0.037499999999994316
2030,sc01,04-16 23:00:00+02:00,Node_1,Node_3,cac3,0.0
2030,sc01,04-16 23:00:00+02:00,Node_1,Node_3,cac2,0.0
2030,sc01,04-16 23:00:00+02:00,Node_1,Node_2,cac3,0.0
2030,sc01,04-16 23:00:00+02:00,Node_1,Node_3,eac1,-0.075
2030,sc01,04-16 23:00:00+02:00,Node_1,Node_2,cac2,0.0
2030,sc01,04-16 23:00:00+02:00,Node_2,Node_3,eac1,-0.075
2030,sc01,04-16 23:00:00+02:00,Node_2,Node_3,cac1,-0.018749999999997158
2030,sc01,04-16 23:00:00+02:00,Node_1,Node_2,eac1,-0.065625
2030,sc01,04-19 00:00:00+02:00,Node_1,Node_3,cac1,0.0
2030,sc01,04-19 00:00:00+02:00,Node_1,Node_2,cac1,0.0
2030,sc01,04-19 00:00:00+02:00,Node_2,Node_3,cac3,0.0
2030,sc01,04-19 00:00:00+02:00,Node_2,Node_3,cac2,-0.037499999999994316
2030,sc01,04-19 00:00:00+02:00,Node_1,Node_3,cac3,0.0
2030,sc01,04-19 00:00:00+02:00,Node_1,Node_3,cac2,0.0
2030,sc01,04-19 00:00:00+02:00,Node_1,Node_2,cac3,0.0
2030,sc01,04-19 00:00:00+02:00,Node_1,Node_3,eac1,-0.075
2030,sc01,04-19 00:00:00+02:00,Node_1,Node_2,cac2,0.0
2030,sc01,04-19 00:00:00+02:00,Node_2,Node_3,eac1,-0.075
2030,sc01,04-19 00:00:00+02:00,Node_2,Node_3,cac1,-0.018749999999997158
2030,sc01,04-19 00:00:00+02:00,Node_1,Node_2,eac1,-0.065625
2030,sc01,04-19 01:00:00+02:00,Node_1,Node_3,cac1,0.0
2030,sc01,04-19 01:00:00+02:00,Node_1,Node_2,cac1,0.0
2030,sc01,04-19 01:00:00+02:00,Node_2,Node_3,cac3,0.0
2030,sc01,04-19 01:00:00+02:00,Node_2,Node_3,cac2,-0.037499999999994316
2030,sc01,04-19 01:00:00+02:00,Node_1,Node_3,cac3,0.0
2030,sc01,04-19 01:00:00+02:00,Node_1,Node_3,cac2,0.0
2030,sc01,04-19 01:00:00+02:00,Node_1,Node_2,cac3,0.0
2030,sc01,04-19 01:00:00+02:00,Node_1,Node_3,eac1,-0.075
2030,sc01,04-19 01:00:00+02:00,Node_1,Node_2,cac2,0.0
2030,sc01,04-19 01:00:00+02:00,Node_2,Node_3,eac1,-0.075
2030,sc01,04-19 01:00:00+02:00,Node_2,Node_3,cac1,-0.018749999999997158
2030,sc01,04-19 01:00:00+02:00,Node_1,Node_2,eac1,-0.06516597169852005
2030,sc01,04-19 02:00:00+02:00,Node_1,Node_3,cac1,0.0
2030,sc01,04-19 02:00:00+02:00,Node_1,Node_2,cac1,0.0
2030,sc01,04-19 02:00:00+02:00,Node_2,Node_3,cac3,0.0
2030,sc01,04-19 02:00:00+02:00,Node_2,Node_3,cac2,-0.037499999999994316
2030,sc01,04-19 02:00:00+02:00,Node_1,Node_3,cac3,0.0
2030,sc01,04-19 02:00:00+02:00,Node_1,Node_3,cac2,0.0
2030,sc01,04-19 02:00:00+02:00,Node_1,Node_2,cac3,0.0
2030,sc01,04-19 02:00:00+02:00,Node_1,Node_3,eac1,-0.075
2030,sc01,04-19 02:00:00+02:00,Node_1,Node_2,cac2,0.0
2030,sc01,04-19 02:00:00+02:00,Node_2,Node_3,eac1,-0.075
2030,sc01,04-19 02:00:00+02:00,Node_2,Node_3,cac1,-0.018749999999997158
2030,sc01,04-19 02:00:00+02:00,Node_1,Node_2,eac1,-0.06227732052931856
2030,sc01,04-19 03:00:00+02:00,Node_1,Node_3,cac1,0.0
2030,sc01,04-19 03:00:00+02:00,Node_1,Node_2,cac1,0.0
2030,sc01,04-19 03:00:00+02:00,Node_2,Node_3,cac3,0.0
2030,sc01,04-19 03:00:00+02:00,Node_2,Node_3,cac2,-0.037499999999994316
2030,sc01,04-19 03:00:00+02:00,Node_1,Node_3,cac3,0.0
2030,sc01,04-19 03:00:00+02:00,Node_1,Node_3,cac2,0.0
2030,sc01,04-19 03:00:00+02:00,Node_1,Node_2,cac3,0.0
2030,sc01,04-19 03:00:00+02:00,Node_1,Node_3,eac1,-0.075
2030,sc01,04-19 03:00:00+02:00,Node_1,Node_2,cac2,0.0
2030,sc01,04-19 03:00:00+02:00,Node_2,Node_3,eac1,-0.075
2030,sc01,04-19 03:00:00+02:00,Node_2,Node_3,cac1,-0.018749999999997158
2030,sc01,04-19 03:00:00+02:00,Node_1,Node_2,eac1,-0.06109313431670671
2030,sc01,04-19 04:00:00+02:00,Node_1,Node_3,cac1,0.0
2030,sc01,04-19 04:00:00+02:00,Node_1,Node_2,cac1,0.0
2030,sc01,04-19 04:00:00+02:00,Node_2,Node_3,cac3,0.0
2030,sc01,04-19 04:00:00+02:00,Node_2,Node_3,cac2,-0.037499999999994316
2030,sc01,04-19 04:00:00+02:00,Node_1,Node_3,cac3,0.0
2030,sc01,04-19 04:00:00+02:00,Node_1,Node_3,cac2,0.0
2030,sc01,04-19 04:00:00+02:00,Node_1,Node_2,cac3,0.0
2030,sc01,04-19 04:00:00+02:00,Node_1,Node_3,eac1,-0.075
2030,sc01,04-19 04:00:00+02:00,Node_1,Node_2,cac2,0.0
2030,sc01,04-19 04:00:00+02:00,Node_2,Node_3,eac1,-0.075
2030,sc01,04-19 04:00:00+02:00,Node_2,Node_3,cac1,-0.018749999999997158
2030,sc01,04-19 04:00:00+02:00,Node_1,Node_2,eac1,-0.060753676712295146
2030,sc01,04-19 05:00:00+02:00,Node_1,Node_3,cac1,0.0
2030,sc01,04-19 05:00:00+02:00,Node_1,Node_2,cac1,0.0
2030,sc01,04-19 05:00:00+02:00,Node_2,Node_3,cac3,0.0
2030,sc01,04-19 05:00:00+02:00,Node_2,Node_3,cac2,-0.037499999999994316
2030,sc01,04-19 05:00:00+02:00,Node_1,Node_3,cac3,0.0
2030,sc01,04-19 05:00:00+02:00,Node_1,Node_3,cac2,0.0
2030,sc01,04-19 05:00:00+02:00,Node_1,Node_2,cac3,0.0
2030,sc01,04-19 05:00:00+02:00,Node_1,Node_3,eac1,-0.075
2030,sc01,04-19 05:00:00+02:00,Node_1,Node_2,cac2,0.0
2030,sc01,04-19 05:00:00+02:00,Node_2,Node_3,eac1,-0.075
2030,sc01,04-19 05:00:00+02:00,Node_2,Node_3,cac1,-0.018749999999997158
2030,sc01,04-19 05:00:00+02:00,Node_1,Node_2,eac1,-0.06308616396402766
2030,sc01,04-19 06:00:00+02:00,Node_1,Node_3,cac1,0.0
2030,sc01,04-19 06:00:00+02:00,Node_1,Node_2,cac1,0.0
2030,sc01,04-19 06:00:00+02:00,Node_2,Node_3,cac3,0.0
2030,sc01,04-19 06:00:00+02:00,Node_2,Node_3,cac2,-0.037499999999994316
2030,sc01,04-19 06:00:00+02:00,Node_1,Node_3,cac3,0.0
2030,sc01,04-19 06:00:00+02:00,Node_1,Node_3,cac2,0.0
2030,sc01,04-19 06:00:00+02:00,Node_1,Node_2,cac3,0.0
2030,sc01,04-19 06:00:00+02:00,Node_1,Node_3,eac1,-0.075
2030,sc01,04-19 06:00:00+02:00,Node_1,Node_2,cac2,0.0
2030,sc01,04-19 06:00:00+02:00,Node_2,Node_3,eac1,-0.075
2030,sc01,04-19 06:00:00+02:00,Node_2,Node_3,cac1,-0.018749999999997158
2030,sc01,04-19 06:00:00+02:00,Node_1,Node_2,eac1,-0.065625
2030,sc01,04-19 07:00:00+02:00,Node_1,Node_3,cac1,0.0
2030,sc01,04-19 07:00:00+02:00,Node_1,Node_2,cac1,0.0
2030,sc01,04-19 07:00:00+02:00,Node_2,Node_3,cac3,0.0
2030,sc01,04-19 07:00:00+02:00,Node_2,Node_3,cac2,-0.037499999999994316
2030,sc01,04-19 07:00:00+02:00,Node_1,Node_3,cac3,0.0
2030,sc01,04-19 07:00:00+02:00,Node_1,Node_3,cac2,0.0
2030,sc01,04-19 07:00:00+02:00,Node_1,Node_2,cac3,0.0
2030,sc01,04-19 07:00:00+02:00,Node_1,Node_3,eac1,-0.075
2030,sc01,04-19 07:00:00+02:00,Node_1,Node_2,cac2,0.0
2030,sc01,04-19 07:00:00+02:00,Node_2,Node_3,eac1,-0.075
2030,sc01,04-19 07:00:00+02:00,Node_2,Node_3,cac1,-0.018749999999997158
2030,sc01,04-19 07:00:00+02:00,Node_1,Node_2,eac1,-0.065625
2030,sc01,04-19 08:00:00+02:00,Node_1,Node_3,cac1,0.0
2030,sc01,04-19 08:00:00+02:00,Node_1,Node_2,cac1,0.0
2030,sc01,04-19 08:00:00+02:00,Node_2,Node_3,cac3,0.0
2030,sc01,04-19 08:00:00+02:00,Node_2,Node_3,cac2,-0.037499999999994316
2030,sc01,04-19 08:00:00+02:00,Node_1,Node_3,cac3,0.0
2030,sc01,04-19 08:00:00+02:00,Node_1,Node_3,cac2,0.0
2030,sc01,04-19 08:00:00+02:00,Node_1,Node_2,cac3,0.0
2030,sc01,04-19 08:00:00+02:00,Node_1,Node_3,eac1,-0.075
2030,sc01,04-19 08:00:00+02:00,Node_1,Node_2,cac2,0.0
2030,sc01,04-19 08:00:00+02:00,Node_2,Node_3,eac1,-0.075
2030,sc01,04-19 08:00:00+02:00,Node_2,Node_3,cac1,-0.018749999999997158
2030,sc01,04-19 08:00:00+02:00,Node_1,Node_2,eac1,-0.065625
2030,sc01,04-19 09:00:00+02:00,Node_1,Node_3,cac1,0.0
2030,sc01,04-19 09:00:00+02:00,Node_1,Node_2,cac1,0.0
2030,sc01,04-19 09:00:00+02:00,Node_2,Node_3,cac3,0.0
2030,sc01,04-19 09:00:00+02:00,Node_2,Node_3,cac2,-0.037499999999994316
2030,sc01,04-19 09:00:00+02:00,Node_1,Node_3,cac3,0.0
2030,sc01,04-19 09:00:00+02:00,Node_1,Node_3,cac2,0.0
2030,sc01,04-19 09:00:00+02:00,Node_1,Node_2,cac3,0.0
2030,sc01,04-19 09:00:00+02:00,Node_1,Node_3,eac1,-0.075
2030,sc01,04-19 09:00:00+02:00,Node_1,Node_2,cac2,0.0
2030,sc01,04-19 09:00:00+02:00,Node_2,Node_3,eac1,-0.075
2030,sc01,04-19 09:00:00+02:00,Node_2,Node_3,cac1,-0.018749999999997158
2030,sc01,04-19 09:00:00+02:00,Node_1,Node_2,eac1,-0.065625
2030,sc01,04-19 10:00:00+02:00,Node_1,Node_3,cac1,0.0
2030,sc01,04-19 10:00:00+02:00,Node_1,Node_2,cac1,0.0
2030,sc01,04-19 10:00:00+02:00,Node_2,Node_3,cac3,0.0
2030,sc01,04-19 10:00:00+02:00,Node_2,Node_3,cac2,-0.037499999999994316
2030,sc01,04-19 10:00:00+02:00,Node_1,Node_3,cac3,0.0
2030,sc01,04-19 10:00:00+02:00,Node_1,Node_3,cac2,0.0
2030,sc01,04-19 10:00:00+02:00,Node_1,Node_2,cac3,0.0
2030,sc01,04-19 10:00:00+02:00,Node_1,Node_3,eac1,-0.075
2030,sc01,04-19 10:00:00+02:00,Node_1,Node_2,cac2,0.0
2030,sc01,04-19 10:00:00+02:00,Node_2,Node_3,eac1,-0.075
2030,sc01,04-19 10:00:00+02:00,Node_2,Node_3,cac1,-0.018749999999997158
2030,sc01,04-19 10:00:00+02:00,Node_1,Node_2,eac1,-0.06362171261989147
2030,sc01,04-19 11:00:00+02:00,Node_1,Node_3,cac1,0.0
2030,sc01,04-19 11:00:00+02:00,Node_1,Node_2,cac1,0.0
2030,sc01,04-19 11:00:00+02:00,Node_2,Node_3,cac3,0.0
2030,sc01,04-19 11:00:00+02:00,Node_2,Node_3,cac2,-0.037499999999994316
2030,sc01,04-19 11:00:00+02:00,Node_1,Node_3,cac3,0.0
2030,sc01,04-19 11:00:00+02:00,Node_1,Node_3,cac2,0.0
2030,sc01,04-19 11:00:00+02:00,Node_1,Node_2,cac3,0.0
2030,sc01,04-19 11:00:00+02:00,Node_1,Node_3,eac1,-0.075
2030,sc01,04-19 11:00:00+02:00,Node_1,Node_2,cac2,0.0
2030,sc01,04-19 11:00:00+02:00,Node_2,Node_3,eac1,-0.075
2030,sc01,04-19 11:00:00+02:00,Node_2,Node_3,cac1,-0.018749999999997158
2030,sc01,04-19 11:00:00+02:00,Node_1,Node_2,eac1,-0.06052881493479845
2030,sc01,04-19 12:00:00+02:00,Node_1,Node_3,cac1,0.0
2030,sc01,04-19 12:00:00+02:00,Node_1,Node_2,cac1,0.0
2030,sc01,04-19 12:00:00+02:00,Node_2,Node_3,cac3,0.0
2030,sc01,04-19 12:00:00+02:00,Node_2,Node_3,cac2,-0.037499999999994316
2030,sc01,04-19 12:00:00+02:00,Node_1,Node_3,cac3,0.0
2030,sc01,04-19 12:00:00+02:00,Node_1,Node_3,cac2,0.0
2030,sc01,04-19 12:00:00+02:00,Node_1,Node_2,cac3,0.0
2030,sc01,04-19 12:00:00+02:00,Node_1,Node_3,eac1,-0.075
2030,sc01,04-19 12:00:00+02:00,Node_1,Node_2,cac2,0.0
2030,sc01,04-19 12:00:00+02:00,Node_2,Node_3,eac1,-0.075
2030,sc01,04-19 12:00:00+02:00,Node_2,Node_3,cac1,-0.018749999999997158
2030,sc01,04-19 12:00:00+02:00,Node_1,Node_2,eac1,-0.061095664394175755
2030,sc01,04-19 13:00:00+02:00,Node_1,Node_3,cac1,0.0
2030,sc01,04-19 13:00:00+02:00,Node_1,Node_2,cac1,0.0
2030,sc01,04-19 13:00:00+02:00,Node_2,Node_3,cac3,0.0
2030,sc01,04-19 13:00:00+02:00,Node_2,Node_3,cac2,-0.037499999999994316
2030,sc01,04-19 13:00:00+02:00,Node_1,Node_3,cac3,0.0
2030,sc01,04-19 13:00:00+02:00,Node_1,Node_3,cac2,0.0
2030,sc01,04-19 13:00:00+02:00,Node_1,Node_2,cac3,0.0
2030,sc01,04-19 13:00:00+02:00,Node_1,Node_3,eac1,-0.075
2030,sc01,04-19 13:00:00+02:00,Node_1,Node_2,cac2,0.0
2030,sc01,04-19 13:00:00+02:00,Node_2,Node_3,eac1,-0.075
2030,sc01,04-19 13:00:00+02:00,Node_2,Node_3,cac1,-0.018749999999997158
2030,sc01,04-19 13:00:00+02:00,Node_1,Node_2,eac1,-0.06403326095119155
2030,sc01,04-19 14:00:00+02:00,Node_1,Node_3,cac1,0.0
2030,sc01,04-19 14:00:00+02:00,Node_1,Node_2,cac1,0.0
2030,sc01,04-19 14:00:00+02:00,Node_2,Node_3,cac3,0.0
2030,sc01,04-19 14:00:00+02:00,Node_2,Node_3,cac2,-0.037499999999994316
2030,sc01,04-19 14:00:00+02:00,Node_1,Node_3,cac3,0.0
2030,sc01,04-19 14:00:00+02:00,Node_1,Node_3,cac2,0.0
2030,sc01,04-19 14:00:00+02:00,Node_1,Node_2,cac3,0.0
2030,sc01,04-19 14:00:00+02:00,Node_1,Node_3,eac1,-0.075
2030,sc01,04-19 14:00:00+02:00,Node_1,Node_2,cac2,0.0
2030,sc01,04-19 14:00:00+02:00,Node_2,Node_3,eac1,-0.075
2030,sc01,04-19 14:00:00+02:00,Node_2,Node_3,cac1,-0.018749999999997158
2030,sc01,04-19 14:00:00+02:00,Node_1,Node_2,eac1,-0.06432177541142892
2030,sc01,04-19 15:00:00+02:00,Node_1,Node_3,cac1,0.0
2030,sc01,04-19 15:00:00+02:00,Node_1,Node_2,cac1,0.0
2030,sc01,04-19 15:00:00+02:00,Node_2,Node_3,cac3,0.0
2030,sc01,04-19 15:00:00+02:00,Node_2,Node_3,cac2,-0.037499999999994316
2030,sc01,04-19 15:00:00+02:00,Node_1,Node_3,cac3,0.0
2030,sc01,04-19 15:00:00+02:00,Node_1,Node_3,cac2,0.0
2030,sc01,04-19 15:00:00+02:00,Node_1,Node_2,cac3,0.0
2030,sc01,04-19 15:00:00+02:00,Node_1,Node_3,eac1,-0.075
2030,sc01,04-19 15:00:00+02:00,Node_1,Node_2,cac2,0.0
2030,sc01,04-19 15:00:00+02:00,Node_2,Node_3,eac1,-0.075
2030,sc01,04-19 15:00:00+02:00,Node_2,Node_3,cac1,-0.018749999999997158
2030,sc01,04-19 15:00:00+02:00,Node_1,Node_2,eac1,-0.065625
2030,sc01,04-19 16:00:00+02:00,Node_1,Node_3,cac1,0.0
2030,sc01,04-19 16:00:00+02:00,Node_1,Node_2,cac1,0.0
2030,sc01,04-19 16:00:00+02:00,Node_2,Node_3,cac3,0.0
2030,sc01,04-19 16:00:00+02:00,Node_2,Node_3,cac2,-0.037499999999994316
2030,sc01,04-19 16:00:00+02:00,Node_1,Node_3,cac3,0.0
2030,sc01,04-19 16:00:00+02:00,Node_1,Node_3,cac2,0.0
2030,sc01,04-19 16:00:00+02:00,Node_1,Node_2,cac3,0.0
2030,sc01,04-19 16:00:00+02:00,Node_1,Node_3,eac1,-0.075
2030,sc01,04-19 16:00:00+02:00,Node_1,Node_2,cac2,0.0
2030,sc01,04-19 16:00:00+02:00,Node_2,Node_3,eac1,-0.075
2030,sc01,04-19 16:00:00+02:00,Node_2,Node_3,cac1,-0.018749999999997158
2030,sc01,04-19 16:00:00+02:00,Node_1,Node_2,eac1,-0.065625
2030,sc01,04-19 17:00:00+02:00,Node_1,Node_3,cac1,0.0
2030,sc01,04-19 17:00:00+02:00,Node_1,Node_2,cac1,0.0
2030,sc01,04-19 17:00:00+02:00,Node_2,Node_3,cac3,0.0
2030,sc01,04-19 17:00:00+02:00,Node_2,Node_3,cac2,-0.037499999999994316
2030,sc01,04-19 17:00:00+02:00,Node_1,Node_3,cac3,0.0
2030,sc01,04-19 17:00:00+02:00,Node_1,Node_3,cac2,0.0
2030,sc01,04-19 17:00:00+02:00,Node_1,Node_2,cac3,0.0
2030,sc01,04-19 17:00:00+02:00,Node_1,Node_3,eac1,-0.075
2030,sc01,04-19 17:00:00+02:00,Node_1,Node_2,cac2,0.0
2030,sc01,04-19 17:00:00+02:00,Node_2,Node_3,eac1,-0.075
2030,sc01,04-19 17:00:00+02:00,Node_2,Node_3,cac1,-0.018749999999997158
2030,sc01,04-19 17:00:00+02:00,Node_1,Node_2,eac1,-0.065625
2030,sc01,04-19 18:00:00+02:00,Node_1,Node_3,cac1,0.0
2030,sc01,04-19 18:00:00+02:00,Node_1,Node_2,cac1,0.0
2030,sc01,04-19 18:00:00+02:00,Node_2,Node_3,cac3,0.0
2030,sc01,04-19 18:00:00+02:00,Node_2,Node_3,cac2,-0.037499999999994316
2030,sc01,04-19 18:00:00+02:00,Node_1,Node_3,cac3,0.0
2030,sc01,04-19 18:00:00+02:00,Node_1,Node_3,cac2,0.0
2030,sc01,04-19 18:00:00+02:00,Node_1,Node_2,cac3,0.0
2030,sc01,04-19 18:00:00+02:00,Node_1,Node_3,eac1,-0.075
2030,sc01,04-19 18:00:00+02:00,Node_1,Node_2,cac2,0.0
2030,sc01,04-19 18:00:00+02:00,Node_2,Node_3,eac1,-0.075
2030,sc01,04-19 18:00:00+02:00,Node_2,Node_3,cac1,-0.018749999999997158
2030,sc01,04-19 18:00:00+02:00,Node_1,Node_2,eac1,-0.065625
2030,sc01,04-19 19:00:00+02:00,Node_1,Node_3,cac1,0.0
2030,sc01,04-19 19:00:00+02:00,Node_1,Node_2,cac1,0.0
2030,sc01,04-19 19:00:00+02:00,Node_2,Node_3,cac3,0.0
2030,sc01,04-19 19:00:00+02:00,Node_2,Node_3,cac2,-0.037499999999994316
2030,sc01,04-19 19:00:00+02:00,Node_1,Node_3,cac3,0.0
2030,sc01,04-19 19:00:00+02:00,Node_1,Node_3,cac2,0.0
2030,sc01,04-19 19:00:00+02:00,Node_1,Node_2,cac3,0.0
2030,sc01,04-19 19:00:00+02:00,Node_1,Node_3,eac1,-0.075
2030,sc01,04-19 19:00:00+02:00,Node_1,Node_2,cac2,0.0
2030,sc01,04-19 19:00:00+02:00,Node_2,Node_3,eac1,-0.075
2030,sc01,04-19 19:00:00+02:00,Node_2,Node_3,cac1,-0.018749999999997158
2030,sc01,04-19 19:00:00+02:00,Node_1,Node_2,eac1,-0.065625
2030,sc01,04-19 20:00:00+02:00,Node_1,Node_3,cac1,0.0
2030,sc01,04-19 20:00:00+02:00,Node_1,Node_2,cac1,0.0
2030,sc01,04-19 20:00:00+02:00,Node_2,Node_3,cac3,0.0
2030,sc01,04-19 20:00:00+02:00,Node_2,Node_3,cac2,-0.037499999999994316
2030,sc01,04-19 20:00:00+02:00,Node_1,Node_3,cac3,0.0
2030,sc01,04-19 20:00:00+02:00,Node_1,Node_3,cac2,0.0
2030,sc01,04-19 20:00:00+02:00,Node_1,Node_2,cac3,0.0
2030,sc01,04-19 20:00:00+02:00,Node_1,Node_3,eac1,-0.075
2030,sc01,04-19 20:00:00+02:00,Node_1,Node_2,cac2,0.0
2030,sc01,04-19 20:00:00+02:00,Node_2,Node_3,eac1,-0.075
2030,sc01,04-19 20:00:00+02:00,Node_2,Node_3,cac1,-0.018749999999997158
2030,sc01,04-19 20:00:00+02:00,Node_1,Node_2,eac1,-0.065625
2030,sc01,04-19 21:00:00+02:00,Node_1,Node_3,cac1,0.0
2030,sc01,04-19 21:00:00+02:00,Node_1,Node_2,cac1,0.0
2030,sc01,04-19 21:00:00+02:00,Node_2,Node_3,cac3,0.0
2030,sc01,04-19 21:00:00+02:00,Node_2,Node_3,cac2,-0.037499999999994316
2030,sc01,04-19 21:00:00+02:00,Node_1,Node_3,cac3,0.0
2030,sc01,04-19 21:00:00+02:00,Node_1,Node_3,cac2,0.0
2030,sc01,04-19 21:00:00+02:00,Node_1,Node_2,cac3,0.0
2030,sc01,04-19 21:00:00+02:00,Node_1,Node_3,eac1,-0.075
2030,sc01,04-19 21:00:00+02:00,Node_1,Node_2,cac2,0.0
2030,sc01,04-19 21:00:00+02:00,Node_2,Node_3,eac1,-0.075
2030,sc01,04-19 21:00:00+02:00,Node_2,Node_3,cac1,-0.018749999999997158
2030,sc01,04-19 21:00:00+02:00,Node_1,Node_2,eac1,-0.065625
2030,sc01,04-19 22:00:00+02:00,Node_1,Node_3,cac1,0.0
2030,sc01,04-19 22:00:00+02:00,Node_1,Node_2,cac1,0.0
2030,sc01,04-19 22:00:00+02:00,Node_2,Node_3,cac3,0.0
2030,sc01,04-19 22:00:00+02:00,Node_2,Node_3,cac2,-0.037499999999994316
2030,sc01,04-19 22:00:00+02:00,Node_1,Node_3,cac3,0.0
2030,sc01,04-19 22:00:00+02:00,Node_1,Node_3,cac2,0.0
2030,sc01,04-19 22:00:00+02:00,Node_1,Node_2,cac3,0.0
2030,sc01,04-19 22:00:00+02:00,Node_1,Node_3,eac1,-0.075
2030,sc01,04-19 22:00:00+02:00,Node_1,Node_2,cac2,0.0
2030,sc01,04-19 22:00:00+02:00,Node_2,Node_3,eac1,-0.075
2030,sc01,04-19 22:00:00+02:00,Node_2,Node_3,cac1,-0.018749999999997158
2030,sc01,04-19 22:00:00+02:00,Node_1,Node_2,eac1,-0.065625
2030,sc01,04-19 23:00:00+02:00,Node_1,Node_3,cac1,0.0
2030,sc01,04-19 23:00:00+02:00,Node_1,Node_2,cac1,0.0
2030,sc01,04-19 23:00:00+02:00,Node_2,Node_3,cac3,0.0
2030,sc01,04-19 23:00:00+02:00,Node_2,Node_3,cac2,-0.037499999999994316
2030,sc01,04-19 23:00:00+02:00,Node_1,Node_3,cac3,0.0
2030,sc01,04-19 23:00:00+02:00,Node_1,Node_3,cac2,0.0
2030,sc01,04-19 23:00:00+02:00,Node_1,Node_2,cac3,0.0
2030,sc01,04-19 23:00:00+02:00,Node_1,Node_3,eac1,-0.075
2030,sc01,04-19 23:00:00+02:00,Node_1,Node_2,cac2,0.0
2030,sc01,04-19 23:00:00+02:00,Node_2,Node_3,eac1,-0.075
2030,sc01,04-19 23:00:00+02:00,Node_2,Node_3,cac1,-0.018749999999997158
2030,sc01,04-19 23:00:00+02:00,Node_1,Node_2,eac1,-0.065625
2030,sc01,04-26 00:00:00+02:00,Node_1,Node_3,cac1,0.0
2030,sc01,04-26 00:00:00+02:00,Node_1,Node_2,cac1,0.0
2030,sc01,04-26 00:00:00+02:00,Node_2,Node_3,cac3,0.0
2030,sc01,04-26 00:00:00+02:00,Node_2,Node_3,cac2,-0.037499999999994316
2030,sc01,04-26 00:00:00+02:00,Node_1,Node_3,cac3,0.0
2030,sc01,04-26 00:00:00+02:00,Node_1,Node_3,cac2,0.0
2030,sc01,04-26 00:00:00+02:00,Node_1,Node_2,cac3,0.0
2030,sc01,04-26 00:00:00+02:00,Node_1,Node_3,eac1,-0.075
2030,sc01,04-26 00:00:00+02:00,Node_1,Node_2,cac2,0.0
2030,sc01,04-26 00:00:00+02:00,Node_2,Node_3,eac1,-0.075
2030,sc01,04-26 00:00:00+02:00,Node_2,Node_3,cac1,-0.018749999999997158
2030,sc01,04-26 00:00:00+02:00,Node_1,Node_2,eac1,-0.065625
2030,sc01,04-26 01:00:00+02:00,Node_1,Node_3,cac1,0.0
2030,sc01,04-26 01:00:00+02:00,Node_1,Node_2,cac1,0.0
2030,sc01,04-26 01:00:00+02:00,Node_2,Node_3,cac3,0.0
2030,sc01,04-26 01:00:00+02:00,Node_2,Node_3,cac2,-0.037499999999994316
2030,sc01,04-26 01:00:00+02:00,Node_1,Node_3,cac3,0.0
2030,sc01,04-26 01:00:00+02:00,Node_1,Node_3,cac2,0.0
2030,sc01,04-26 01:00:00+02:00,Node_1,Node_2,cac3,0.0
2030,sc01,04-26 01:00:00+02:00,Node_1,Node_3,eac1,-0.075
2030,sc01,04-26 01:00:00+02:00,Node_1,Node_2,cac2,0.0
2030,sc01,04-26 01:00:00+02:00,Node_2,Node_3,eac1,-0.075
2030,sc01,04-26 01:00:00+02:00,Node_2,Node_3,cac1,-0.018749999999997158
2030,sc01,04-26 01:00:00+02:00,Node_1,Node_2,eac1,-0.06511290295890149
2030,sc01,04-26 02:00:00+02:00,Node_1,Node_3,cac1,0.0
2030,sc01,04-26 02:00:00+02:00,Node_1,Node_2,cac1,0.0
2030,sc01,04-26 02:00:00+02:00,Node_2,Node_3,cac3,0.0
2030,sc01,04-26 02:00:00+02:00,Node_2,Node_3,cac2,-0.037499999999994316
2030,sc01,04-26 02:00:00+02:00,Node_1,Node_3,cac3,0.0
2030,sc01,04-26 02:00:00+02:00,Node_1,Node_3,cac2,0.0
2030,sc01,04-26 02:00:00+02:00,Node_1,Node_2,cac3,0.0
2030,sc01,04-26 02:00:00+02:00,Node_1,Node_3,eac1,-0.075
2030,sc01,04-26 02:00:00+02:00,Node_1,Node_2,cac2,0.0
2030,sc01,04-26 02:00:00+02:00,Node_2,Node_3,eac1,-0.075
2030,sc01,04-26 02:00:00+02:00,Node_2,Node_3,cac1,-0.018749999999997158
2030,sc01,04-26 02:00:00+02:00,Node_1,Node_2,eac1,-0.061726080981486575
2030,sc01,04-26 03:00:00+02:00,Node_1,Node_3,cac1,0.0
2030,sc01,04-26 03:00:00+02:00,Node_1,Node_2,cac1,0.0
2030,sc01,04-26 03:00:00+02:00,Node_2,Node_3,cac3,0.0
2030,sc01,04-26 03:00:00+02:00,Node_2,Node_3,cac2,-0.037499999999994316
2030,sc01,04-26 03:00:00+02:00,Node_1,Node_3,cac3,0.0
2030,sc01,04-26 03:00:00+02:00,Node_1,Node_3,cac2,0.0
2030,sc01,04-26 03:00:00+02:00,Node_1,Node_2,cac3,0.0
2030,sc01,04-26 03:00:00+02:00,Node_1,Node_3,eac1,-0.075
2030,sc01,04-26 03:00:00+02:00,Node_1,Node_2,cac2,0.0
2030,sc01,04-26 03:00:00+02:00,Node_2,Node_3,eac1,-0.075
2030,sc01,04-26 03:00:00+02:00,Node_2,Node_3,cac1,-0.018749999999997158
2030,sc01,04-26 03:00:00+02:00,Node_1,Node_2,eac1,-0.06120999391566784
2030,sc01,04-26 04:00:00+02:00,Node_1,Node_3,cac1,0.0
2030,sc01,04-26 04:00:00+02:00,Node_1,Node_2,cac1,0.0
2030,sc01,04-26 04:00:00+02:00,Node_2,Node_3,cac3,0.0
2030,sc01,04-26 04:00:00+02:00,Node_2,Node_3,cac2,-0.037499999999994316
2030,sc01,04-26 04:00:00+02:00,Node_1,Node_3,cac3,0.0
2030,sc01,04-26 04:00:00+02:00,Node_1,Node_3,cac2,0.0
2030,sc01,04-26 04:00:00+02:00,Node_1,Node_2,cac3,0.0
2030,sc01,04-26 04:00:00+02:00,Node_1,Node_3,eac1,-0.075
2030,sc01,04-26 04:00:00+02:00,Node_1,Node_2,cac2,0.0
2030,sc01,04-26 04:00:00+02:00,Node_2,Node_3,eac1,-0.075
2030,sc01,04-26 04:00:00+02:00,Node_2,Node_3,cac1,-0.018749999999997158
2030,sc01,04-26 04:00:00+02:00,Node_1,Node_2,eac1,-0.0605480646848585
2030,sc01,04-26 05:00:00+02:00,Node_1,Node_3,cac1,0.0
2030,sc01,04-26 05:00:00+02:00,Node_1,Node_2,cac1,0.0
2030,sc01,04-26 05:00:00+02:00,Node_2,Node_3,cac3,0.0
2030,sc01,04-26 05:00:00+02:00,Node_2,Node_3,cac2,-0.037499999999994316
2030,sc01,04-26 05:00:00+02:00,Node_1,Node_3,cac3,0.0
2030,sc01,04-26 05:00:00+02:00,Node_1,Node_3,cac2,0.0
2030,sc01,04-26 05:00:00+02:00,Node_1,Node_2,cac3,0.0
2030,sc01,04-26 05:00:00+02:00,Node_1,Node_3,eac1,-0.075
2030,sc01,04-26 05:00:00+02:00,Node_1,Node_2,cac2,0.0
2030,sc01,04-26 05:00:00+02:00,Node_2,Node_3,eac1,-0.075
2030,sc01,04-26 05:00:00+02:00,Node_2,Node_3,cac1,-0.018749999999997158
2030,sc01,04-26 05:00:00+02:00,Node_1,Node_2,eac1,-0.062077135533201044
2030,sc01,04-26 06:00:00+02:00,Node_1,Node_3,cac1,0.0
2030,sc01,04-26 06:00:00+02:00,Node_1,Node_2,cac1,0.0
2030,sc01,04-26 06:00:00+02:00,Node_2,Node_3,cac3,0.0
2030,sc01,04-26 06:00:00+02:00,Node_2,Node_3,cac2,-0.037499999999994316
2030,sc01,04-26 06:00:00+02:00,Node_1,Node_3,cac3,0.0
2030,sc01,04-26 06:00:00+02:00,Node_1,Node_3,cac2,0.0
2030,sc01,04-26 06:00:00+02:00,Node_1,Node_2,cac3,0.0
2030,sc01,04-26 06:00:00+02:00,Node_1,Node_3,eac1,-0.075
2030,sc01,04-26 06:00:00+02:00,Node_1,Node_2,cac2,0.0
2030,sc01,04-26 06:00:00+02:00,Node_2,Node_3,eac1,-0.075
2030,sc01,04-26 06:00:00+02:00,Node_2,Node_3,cac1,-0.018749999999997158
2030,sc01,04-26 06:00:00+02:00,Node_1,Node_2,eac1,-0.06542568784357172
2030,sc01,04-26 07:00:00+02:00,Node_1,Node_3,cac1,0.0
2030,sc01,04-26 07:00:00+02:00,Node_1,Node_2,cac1,0.0
2030,sc01,04-26 07:00:00+02:00,Node_2,Node_3,cac3,0.0
2030,sc01,04-26 07:00:00+02:00,Node_2,Node_3,cac2,-0.037499999999994316
2030,sc01,04-26 07:00:00+02:00,Node_1,Node_3,cac3,0.0
2030,sc01,04-26 07:00:00+02:00,Node_1,Node_3,cac2,0.0
2030,sc01,04-26 07:00:00+02:00,Node_1,Node_2,cac3,0.0
2030,sc01,04-26 07:00:00+02:00,Node_1,Node_3,eac1,-0.075
2030,sc01,04-26 07:00:00+02:00,Node_1,Node_2,cac2,0.0
2030,sc01,04-26 07:00:00+02:00,Node_2,Node_3,eac1,-0.075
2030,sc01,04-26 07:00:00+02:00,Node_2,Node_3,cac1,-0.018749999999997158
2030,sc01,04-26 07:00:00+02:00,Node_1,Node_2,eac1,-0.065625
2030,sc01,04-26 08:00:00+02:00,Node_1,Node_3,cac1,0.0
2030,sc01,04-26 08:00:00+02:00,Node_1,Node_2,cac1,0.0
2030,sc01,04-26 08:00:00+02:00,Node_2,Node_3,cac3,0.0
2030,sc01,04-26 08:00:00+02:00,Node_2,Node_3,cac2,-0.037499999999994316
2030,sc01,04-26 08:00:00+02:00,Node_1,Node_3,cac3,0.0
2030,sc01,04-26 08:00:00+02:00,Node_1,Node_3,cac2,0.0
2030,sc01,04-26 08:00:00+02:00,Node_1,Node_2,cac3,0.0
2030,sc01,04-26 08:00:00+02:00,Node_1,Node_3,eac1,-0.075
2030,sc01,04-26 08:00:00+02:00,Node_1,Node_2,cac2,0.0
2030,sc01,04-26 08:00:00+02:00,Node_2,Node_3,eac1,-0.075
2030,sc01,04-26 08:00:00+02:00,Node_2,Node_3,cac1,-0.018749999999997158
2030,sc01,04-26 08:00:00+02:00,Node_1,Node_2,eac1,-0.065625
2030,sc01,04-26 09:00:00+02:00,Node_1,Node_3,cac1,0.0
2030,sc01,04-26 09:00:00+02:00,Node_1,Node_2,cac1,0.0
2030,sc01,04-26 09:00:00+02:00,Node_2,Node_3,cac3,0.0
2030,sc01,04-26 09:00:00+02:00,Node_2,Node_3,cac2,-0.037499999999994316
2030,sc01,04-26 09:00:00+02:00,Node_1,Node_3,cac3,0.0
2030,sc01,04-26 09:00:00+02:00,Node_1,Node_3,cac2,0.0
2030,sc01,04-26 09:00:00+02:00,Node_1,Node_2,cac3,0.0
2030,sc01,04-26 09:00:00+02:00,Node_1,Node_3,eac1,-0.075
2030,sc01,04-26 09:00:00+02:00,Node_1,Node_2,cac2,0.0
2030,sc01,04-26 09:00:00+02:00,Node_2,Node_3,eac1,-0.075
2030,sc01,04-26 09:00:00+02:00,Node_2,Node_3,cac1,-0.018749999999997158
2030,sc01,04-26 09:00:00+02:00,Node_1,Node_2,eac1,-0.065625
2030,sc01,04-26 10:00:00+02:00,Node_1,Node_3,cac1,0.0
2030,sc01,04-26 10:00:00+02:00,Node_1,Node_2,cac1,0.0
2030,sc01,04-26 10:00:00+02:00,Node_2,Node_3,cac3,0.0
2030,sc01,04-26 10:00:00+02:00,Node_2,Node_3,cac2,-0.037499999999994316
2030,sc01,04-26 10:00:00+02:00,Node_1,Node_3,cac3,0.0
2030,sc01,04-26 10:00:00+02:00,Node_1,Node_3,cac2,0.0
2030,sc01,04-26 10:00:00+02:00,Node_1,Node_2,cac3,0.0
2030,sc01,04-26 10:00:00+02:00,Node_1,Node_3,eac1,-0.075
2030,sc01,04-26 10:00:00+02:00,Node_1,Node_2,cac2,0.0
2030,sc01,04-26 10:00:00+02:00,Node_2,Node_3,eac1,-0.075
2030,sc01,04-26 10:00:00+02:00,Node_2,Node_3,cac1,-0.018749999999997158
2030,sc01,04-26 10:00:00+02:00,Node_1,Node_2,eac1,-0.065625
2030,sc01,04-26 11:00:00+02:00,Node_1,Node_3,cac1,0.0
2030,sc01,04-26 11:00:00+02:00,Node_1,Node_2,cac1,0.0
2030,sc01,04-26 11:00:00+02:00,Node_2,Node_3,cac3,0.0
2030,sc01,04-26 11:00:00+02:00,Node_2,Node_3,cac2,-0.037499999999994316
2030,sc01,04-26 11:00:00+02:00,Node_1,Node_3,cac3,0.0
2030,sc01,04-26 11:00:00+02:00,Node_1,Node_3,cac2,0.0
2030,sc01,04-26 11:00:00+02:00,Node_1,Node_2,cac3,0.0
2030,sc01,04-26 11:00:00+02:00,Node_1,Node_3,eac1,-0.075
2030,sc01,04-26 11:00:00+02:00,Node_1,Node_2,cac2,0.0
2030,sc01,04-26 11:00:00+02:00,Node_2,Node_3,eac1,-0.075
2030,sc01,04-26 11:00:00+02:00,Node_2,Node_3,cac1,-0.018749999999997158
2030,sc01,04-26 11:00:00+02:00,Node_1,Node_2,eac1,-0.065625
2030,sc01,04-26 12:00:00+02:00,Node_1,Node_3,cac1,0.0
2030,sc01,04-26 12:00:00+02:00,Node_1,Node_2,cac1,0.0
2030,sc01,04-26 12:00:00+02:00,Node_2,Node_3,cac3,0.0
2030,sc01,04-26 12:00:00+02:00,Node_2,Node_3,cac2,-0.037499999999994316
2030,sc01,04-26 12:00:00+02:00,Node_1,Node_3,cac3,0.0
2030,sc01,04-26 12:00:00+02:00,Node_1,Node_3,cac2,0.0
2030,sc01,04-26 12:00:00+02:00,Node_1,Node_2,cac3,0.0
2030,sc01,04-26 12:00:00+02:00,Node_1,Node_3,eac1,-0.075
2030,sc01,04-26 12:00:00+02:00,Node_1,Node_2,cac2,0.0
2030,sc01,04-26 12:00:00+02:00,Node_2,Node_3,eac1,-0.075
2030,sc01,04-26 12:00:00+02:00,Node_2,Node_3,cac1,-0.018749999999997158
2030,sc01,04-26 12:00:00+02:00,Node_1,Node_2,eac1,-0.065625
2030,sc01,04-26 13:00:00+02:00,Node_1,Node_3,cac1,0.0
2030,sc01,04-26 13:00:00+02:00,Node_1,Node_2,cac1,0.0
2030,sc01,04-26 13:00:00+02:00,Node_2,Node_3,cac3,0.0
2030,sc01,04-26 13:00:00+02:00,Node_2,Node_3,cac2,-0.037499999999994316
2030,sc01,04-26 13:00:00+02:00,Node_1,Node_3,cac3,0.0
2030,sc01,04-26 13:00:00+02:00,Node_1,Node_3,cac2,0.0
2030,sc01,04-26 13:00:00+02:00,Node_1,Node_2,cac3,0.0
2030,sc01,04-26 13:00:00+02:00,Node_1,Node_3,eac1,-0.075
2030,sc01,04-26 13:00:00+02:00,Node_1,Node_2,cac2,0.0
2030,sc01,04-26 13:00:00+02:00,Node_2,Node_3,eac1,-0.075
2030,sc01,04-26 13:00:00+02:00,Node_2,Node_3,cac1,-0.018749999999997158
2030,sc01,04-26 13:00:00+02:00,Node_1,Node_2,eac1,-0.065625
2030,sc01,04-26 14:00:00+02:00,Node_1,Node_3,cac1,0.0
2030,sc01,04-26 14:00:00+02:00,Node_1,Node_2,cac1,0.0
2030,sc01,04-26 14:00:00+02:00,Node_2,Node_3,cac3,0.0
2030,sc01,04-26 14:00:00+02:00,Node_2,Node_3,cac2,-0.037499999999994316
2030,sc01,04-26 14:00:00+02:00,Node_1,Node_3,cac3,0.0
2030,sc01,04-26 14:00:00+02:00,Node_1,Node_3,cac2,0.0
2030,sc01,04-26 14:00:00+02:00,Node_1,Node_2,cac3,0.0
2030,sc01,04-26 14:00:00+02:00,Node_1,Node_3,eac1,-0.075
2030,sc01,04-26 14:00:00+02:00,Node_1,Node_2,cac2,0.0
2030,sc01,04-26 14:00:00+02:00,Node_2,Node_3,eac1,-0.075
2030,sc01,04-26 14:00:00+02:00,Node_2,Node_3,cac1,-0.018749999999997158
2030,sc01,04-26 14:00:00+02:00,Node_1,Node_2,eac1,-0.065625
2030,sc01,04-26 15:00:00+02:00,Node_1,Node_3,cac1,0.0
2030,sc01,04-26 15:00:00+02:00,Node_1,Node_2,cac1,0.0
2030,sc01,04-26 15:00:00+02:00,Node_2,Node_3,cac3,0.0
2030,sc01,04-26 15:00:00+02:00,Node_2,Node_3,cac2,-0.037499999999994316
2030,sc01,04-26 15:00:00+02:00,Node_1,Node_3,cac3,0.0
2030,sc01,04-26 15:00:00+02:00,Node_1,Node_3,cac2,0.0
2030,sc01,04-26 15:00:00+02:00,Node_1,Node_2,cac3,0.0
2030,sc01,04-26 15:00:00+02:00,Node_1,Node_3,eac1,-0.075
2030,sc01,04-26 15:00:00+02:00,Node_1,Node_2,cac2,0.0
2030,sc01,04-26 15:00:00+02:00,Node_2,Node_3,eac1,-0.075
2030,sc01,04-26 15:00:00+02:00,Node_2,Node_3,cac1,-0.018749999999997158
2030,sc01,04-26 15:00:00+02:00,Node_1,Node_2,eac1,-0.065625
2030,sc01,04-26 16:00:00+02:00,Node_1,Node_3,cac1,0.0
2030,sc01,04-26 16:00:00+02:00,Node_1,Node_2,cac1,0.0
2030,sc01,04-26 16:00:00+02:00,Node_2,Node_3,cac3,0.0
2030,sc01,04-26 16:00:00+02:00,Node_2,Node_3,cac2,-0.037499999999994316
2030,sc01,04-26 16:00:00+02:00,Node_1,Node_3,cac3,0.0
2030,sc01,04-26 16:00:00+02:00,Node_1,Node_3,cac2,0.0
2030,sc01,04-26 16:00:00+02:00,Node_1,Node_2,cac3,0.0
2030,sc01,04-26 16:00:00+02:00,Node_1,Node_3,eac1,-0.075
2030,sc01,04-26 16:00:00+02:00,Node_1,Node_2,cac2,0.0
2030,sc01,04-26 16:00:00+02:00,Node_2,Node_3,eac1,-0.075
2030,sc01,04-26 16:00:00+02:00,Node_2,Node_3,cac1,-0.018749999999997158
2030,sc01,04-26 16:00:00+02:00,Node_1,Node_2,eac1,-0.065625
2030,sc01,04-26 17:00:00+02:00,Node_1,Node_3,cac1,0.0
2030,sc01,04-26 17:00:00+02:00,Node_1,Node_2,cac1,0.0
2030,sc01,04-26 17:00:00+02:00,Node_2,Node_3,cac3,0.0
2030,sc01,04-26 17:00:00+02:00,Node_2,Node_3,cac2,-0.037499999999994316
2030,sc01,04-26 17:00:00+02:00,Node_1,Node_3,cac3,0.0
2030,sc01,04-26 17:00:00+02:00,Node_1,Node_3,cac2,0.0
2030,sc01,04-26 17:00:00+02:00,Node_1,Node_2,cac3,0.0
2030,sc01,04-26 17:00:00+02:00,Node_1,Node_3,eac1,-0.075
2030,sc01,04-26 17:00:00+02:00,Node_1,Node_2,cac2,0.0
2030,sc01,04-26 17:00:00+02:00,Node_2,Node_3,eac1,-0.075
2030,sc01,04-26 17:00:00+02:00,Node_2,Node_3,cac1,-0.018749999999997158
2030,sc01,04-26 17:00:00+02:00,Node_1,Node_2,eac1,-0.065625
2030,sc01,04-26 18:00:00+02:00,Node_1,Node_3,cac1,0.0
2030,sc01,04-26 18:00:00+02:00,Node_1,Node_2,cac1,0.0
2030,sc01,04-26 18:00:00+02:00,Node_2,Node_3,cac3,0.0
2030,sc01,04-26 18:00:00+02:00,Node_2,Node_3,cac2,-0.037499999999994316
2030,sc01,04-26 18:00:00+02:00,Node_1,Node_3,cac3,0.0
2030,sc01,04-26 18:00:00+02:00,Node_1,Node_3,cac2,0.0
2030,sc01,04-26 18:00:00+02:00,Node_1,Node_2,cac3,0.0
2030,sc01,04-26 18:00:00+02:00,Node_1,Node_3,eac1,-0.075
2030,sc01,04-26 18:00:00+02:00,Node_1,Node_2,cac2,0.0
2030,sc01,04-26 18:00:00+02:00,Node_2,Node_3,eac1,-0.075
2030,sc01,04-26 18:00:00+02:00,Node_2,Node_3,cac1,-0.018749999999997158
2030,sc01,04-26 18:00:00+02:00,Node_1,Node_2,eac1,-0.065625
2030,sc01,04-26 19:00:00+02:00,Node_1,Node_3,cac1,0.0
2030,sc01,04-26 19:00:00+02:00,Node_1,Node_2,cac1,0.0
2030,sc01,04-26 19:00:00+02:00,Node_2,Node_3,cac3,0.0
2030,sc01,04-26 19:00:00+02:00,Node_2,Node_3,cac2,-0.037499999999994316
2030,sc01,04-26 19:00:00+02:00,Node_1,Node_3,cac3,0.0
2030,sc01,04-26 19:00:00+02:00,Node_1,Node_3,cac2,0.0
2030,sc01,04-26 19:00:00+02:00,Node_1,Node_2,cac3,0.0
2030,sc01,04-26 19:00:00+02:00,Node_1,Node_3,eac1,-0.075
2030,sc01,04-26 19:00:00+02:00,Node_1,Node_2,cac2,0.0
2030,sc01,04-26 19:00:00+02:00,Node_2,Node_3,eac1,-0.075
2030,sc01,04-26 19:00:00+02:00,Node_2,Node_3,cac1,-0.018749999999997158
2030,sc01,04-26 19:00:00+02:00,Node_1,Node_2,eac1,-0.065625
2030,sc01,04-26 20:00:00+02:00,Node_1,Node_3,cac1,0.0
2030,sc01,04-26 20:00:00+02:00,Node_1,Node_2,cac1,0.0
2030,sc01,04-26 20:00:00+02:00,Node_2,Node_3,cac3,0.0
2030,sc01,04-26 20:00:00+02:00,Node_2,Node_3,cac2,-0.037499999999994316
2030,sc01,04-26 20:00:00+02:00,Node_1,Node_3,cac3,0.0
2030,sc01,04-26 20:00:00+02:00,Node_1,Node_3,cac2,0.0
2030,sc01,04-26 20:00:00+02:00,Node_1,Node_2,cac3,0.0
2030,sc01,04-26 20:00:00+02:00,Node_1,Node_3,eac1,-0.075
2030,sc01,04-26 20:00:00+02:00,Node_1,Node_2,cac2,0.0
2030,sc01,04-26 20:00:00+02:00,Node_2,Node_3,eac1,-0.075
2030,sc01,04-26 20:00:00+02:00,Node_2,Node_3,cac1,-0.018749999999997158
2030,sc01,04-26 20:00:00+02:00,Node_1,Node_2,eac1,-0.065625
2030,sc01,04-26 21:00:00+02:00,Node_1,Node_3,cac1,0.0
2030,sc01,04-26 21:00:00+02:00,Node_1,Node_2,cac1,0.0
2030,sc01,04-26 21:00:00+02:00,Node_2,Node_3,cac3,0.0
2030,sc01,04-26 21:00:00+02:00,Node_2,Node_3,cac2,-0.037499999999994316
2030,sc01,04-26 21:00:00+02:00,Node_1,Node_3,cac3,0.0
2030,sc01,04-26 21:00:00+02:00,Node_1,Node_3,cac2,0.0
2030,sc01,04-26 21:00:00+02:00,Node_1,Node_2,cac3,0.0
2030,sc01,04-26 21:00:00+02:00,Node_1,Node_3,eac1,-0.075
2030,sc01,04-26 21:00:00+02:00,Node_1,Node_2,cac2,0.0
2030,sc01,04-26 21:00:00+02:00,Node_2,Node_3,eac1,-0.075
2030,sc01,04-26 21:00:00+02:00,Node_2,Node_3,cac1,-0.018749999999997158
2030,sc01,04-26 21:00:00+02:00,Node_1,Node_2,eac1,-0.065625
2030,sc01,04-26 22:00:00+02:00,Node_1,Node_3,cac1,0.0
2030,sc01,04-26 22:00:00+02:00,Node_1,Node_2,cac1,0.0
2030,sc01,04-26 22:00:00+02:00,Node_2,Node_3,cac3,0.0
2030,sc01,04-26 22:00:00+02:00,Node_2,Node_3,cac2,-0.037499999999994316
2030,sc01,04-26 22:00:00+02:00,Node_1,Node_3,cac3,0.0
2030,sc01,04-26 22:00:00+02:00,Node_1,Node_3,cac2,0.0
2030,sc01,04-26 22:00:00+02:00,Node_1,Node_2,cac3,0.0
2030,sc01,04-26 22:00:00+02:00,Node_1,Node_3,eac1,-0.075
2030,sc01,04-26 22:00:00+02:00,Node_1,Node_2,cac2,0.0
2030,sc01,04-26 22:00:00+02:00,Node_2,Node_3,eac1,-0.075
2030,sc01,04-26 22:00:00+02:00,Node_2,Node_3,cac1,-0.018749999999997158
2030,sc01,04-26 22:00:00+02:00,Node_1,Node_2,eac1,-0.065625
2030,sc01,04-26 23:00:00+02:00,Node_1,Node_3,cac1,0.0
2030,sc01,04-26 23:00:00+02:00,Node_1,Node_2,cac1,0.0
2030,sc01,04-26 23:00:00+02:00,Node_2,Node_3,cac3,0.0
2030,sc01,04-26 23:00:00+02:00,Node_2,Node_3,cac2,-0.037499999999994316
2030,sc01,04-26 23:00:00+02:00,Node_1,Node_3,cac3,0.0
2030,sc01,04-26 23:00:00+02:00,Node_1,Node_3,cac2,0.0
2030,sc01,04-26 23:00:00+02:00,Node_1,Node_2,cac3,0.0
2030,sc01,04-26 23:00:00+02:00,Node_1,Node_3,eac1,-0.075
2030,sc01,04-26 23:00:00+02:00,Node_1,Node_2,cac2,0.0
2030,sc01,04-26 23:00:00+02:00,Node_2,Node_3,eac1,-0.075
2030,sc01,04-26 23:00:00+02:00,Node_2,Node_3,cac1,-0.018749999999997158
2030,sc01,04-26 23:00:00+02:00,Node_1,Node_2,eac1,-0.058581545580125294
2030,sc01,04-30 00:00:00+02:00,Node_1,Node_3,cac1,0.0
2030,sc01,04-30 00:00:00+02:00,Node_1,Node_2,cac1,0.0
2030,sc01,04-30 00:00:00+02:00,Node_2,Node_3,cac3,0.0
2030,sc01,04-30 00:00:00+02:00,Node_2,Node_3,cac2,-0.037499999999994316
2030,sc01,04-30 00:00:00+02:00,Node_1,Node_3,cac3,0.0
2030,sc01,04-30 00:00:00+02:00,Node_1,Node_3,cac2,0.0
2030,sc01,04-30 00:00:00+02:00,Node_1,Node_2,cac3,0.0
2030,sc01,04-30 00:00:00+02:00,Node_1,Node_3,eac1,-0.075
2030,sc01,04-30 00:00:00+02:00,Node_1,Node_2,cac2,0.0
2030,sc01,04-30 00:00:00+02:00,Node_2,Node_3,eac1,-0.075
2030,sc01,04-30 00:00:00+02:00,Node_2,Node_3,cac1,-0.018749999999997158
2030,sc01,04-30 00:00:00+02:00,Node_1,Node_2,eac1,-0.065625
2030,sc01,04-30 01:00:00+02:00,Node_1,Node_3,cac1,0.0
2030,sc01,04-30 01:00:00+02:00,Node_1,Node_2,cac1,0.0
2030,sc01,04-30 01:00:00+02:00,Node_2,Node_3,cac3,0.0
2030,sc01,04-30 01:00:00+02:00,Node_2,Node_3,cac2,-0.037499999999994316
2030,sc01,04-30 01:00:00+02:00,Node_1,Node_3,cac3,0.0
2030,sc01,04-30 01:00:00+02:00,Node_1,Node_3,cac2,0.0
2030,sc01,04-30 01:00:00+02:00,Node_1,Node_2,cac3,0.0
2030,sc01,04-30 01:00:00+02:00,Node_1,Node_3,eac1,-0.075
2030,sc01,04-30 01:00:00+02:00,Node_1,Node_2,cac2,0.0
2030,sc01,04-30 01:00:00+02:00,Node_2,Node_3,eac1,-0.075
2030,sc01,04-30 01:00:00+02:00,Node_2,Node_3,cac1,-0.018749999999997158
2030,sc01,04-30 01:00:00+02:00,Node_1,Node_2,eac1,-0.065625
2030,sc01,04-30 02:00:00+02:00,Node_1,Node_3,cac1,0.0
2030,sc01,04-30 02:00:00+02:00,Node_1,Node_2,cac1,0.0
2030,sc01,04-30 02:00:00+02:00,Node_2,Node_3,cac3,0.0
2030,sc01,04-30 02:00:00+02:00,Node_2,Node_3,cac2,-0.037499999999994316
2030,sc01,04-30 02:00:00+02:00,Node_1,Node_3,cac3,0.0
2030,sc01,04-30 02:00:00+02:00,Node_1,Node_3,cac2,0.0
2030,sc01,04-30 02:00:00+02:00,Node_1,Node_2,cac3,0.0
2030,sc01,04-30 02:00:00+02:00,Node_1,Node_3,eac1,-0.075
2030,sc01,04-30 02:00:00+02:00,Node_1,Node_2,cac2,0.0
2030,sc01,04-30 02:00:00+02:00,Node_2,Node_3,eac1,-0.075
2030,sc01,04-30 02:00:00+02:00,Node_2,Node_3,cac1,-0.018749999999997158
2030,sc01,04-30 02:00:00+02:00,Node_1,Node_2,eac1,-0.065625
2030,sc01,04-30 03:00:00+02:00,Node_1,Node_3,cac1,0.0
2030,sc01,04-30 03:00:00+02:00,Node_1,Node_2,cac1,0.0
2030,sc01,04-30 03:00:00+02:00,Node_2,Node_3,cac3,0.0
2030,sc01,04-30 03:00:00+02:00,Node_2,Node_3,cac2,-0.037499999999994316
2030,sc01,04-30 03:00:00+02:00,Node_1,Node_3,cac3,0.0
2030,sc01,04-30 03:00:00+02:00,Node_1,Node_3,cac2,0.0
2030,sc01,04-30 03:00:00+02:00,Node_1,Node_2,cac3,0.0
2030,sc01,04-30 03:00:00+02:00,Node_1,Node_3,eac1,-0.075
2030,sc01,04-30 03:00:00+02:00,Node_1,Node_2,cac2,0.0
2030,sc01,04-30 03:00:00+02:00,Node_2,Node_3,eac1,-0.075
2030,sc01,04-30 03:00:00+02:00,Node_2,Node_3,cac1,-0.018749999999997158
2030,sc01,04-30 03:00:00+02:00,Node_1,Node_2,eac1,-0.065625
2030,sc01,04-30 04:00:00+02:00,Node_1,Node_3,cac1,0.0
2030,sc01,04-30 04:00:00+02:00,Node_1,Node_2,cac1,0.0
2030,sc01,04-30 04:00:00+02:00,Node_2,Node_3,cac3,0.0
2030,sc01,04-30 04:00:00+02:00,Node_2,Node_3,cac2,-0.037499999999994316
2030,sc01,04-30 04:00:00+02:00,Node_1,Node_3,cac3,0.0
2030,sc01,04-30 04:00:00+02:00,Node_1,Node_3,cac2,0.0
2030,sc01,04-30 04:00:00+02:00,Node_1,Node_2,cac3,0.0
2030,sc01,04-30 04:00:00+02:00,Node_1,Node_3,eac1,-0.075
2030,sc01,04-30 04:00:00+02:00,Node_1,Node_2,cac2,0.0
2030,sc01,04-30 04:00:00+02:00,Node_2,Node_3,eac1,-0.075
2030,sc01,04-30 04:00:00+02:00,Node_2,Node_3,cac1,-0.018749999999997158
2030,sc01,04-30 04:00:00+02:00,Node_1,Node_2,eac1,-0.065625
2030,sc01,04-30 05:00:00+02:00,Node_1,Node_3,cac1,0.0
2030,sc01,04-30 05:00:00+02:00,Node_1,Node_2,cac1,0.0
2030,sc01,04-30 05:00:00+02:00,Node_2,Node_3,cac3,0.0
2030,sc01,04-30 05:00:00+02:00,Node_2,Node_3,cac2,-0.037499999999994316
2030,sc01,04-30 05:00:00+02:00,Node_1,Node_3,cac3,0.0
2030,sc01,04-30 05:00:00+02:00,Node_1,Node_3,cac2,0.0
2030,sc01,04-30 05:00:00+02:00,Node_1,Node_2,cac3,0.0
2030,sc01,04-30 05:00:00+02:00,Node_1,Node_3,eac1,-0.075
2030,sc01,04-30 05:00:00+02:00,Node_1,Node_2,cac2,0.0
2030,sc01,04-30 05:00:00+02:00,Node_2,Node_3,eac1,-0.075
2030,sc01,04-30 05:00:00+02:00,Node_2,Node_3,cac1,-0.018749999999997158
2030,sc01,04-30 05:00:00+02:00,Node_1,Node_2,eac1,-0.065625
2030,sc01,04-30 06:00:00+02:00,Node_1,Node_3,cac1,0.0
2030,sc01,04-30 06:00:00+02:00,Node_1,Node_2,cac1,0.0
2030,sc01,04-30 06:00:00+02:00,Node_2,Node_3,cac3,0.0
2030,sc01,04-30 06:00:00+02:00,Node_2,Node_3,cac2,-0.037499999999994316
2030,sc01,04-30 06:00:00+02:00,Node_1,Node_3,cac3,0.0
2030,sc01,04-30 06:00:00+02:00,Node_1,Node_3,cac2,0.0
2030,sc01,04-30 06:00:00+02:00,Node_1,Node_2,cac3,0.0
2030,sc01,04-30 06:00:00+02:00,Node_1,Node_3,eac1,-0.075
2030,sc01,04-30 06:00:00+02:00,Node_1,Node_2,cac2,0.0
2030,sc01,04-30 06:00:00+02:00,Node_2,Node_3,eac1,-0.075
2030,sc01,04-30 06:00:00+02:00,Node_2,Node_3,cac1,-0.018749999999997158
2030,sc01,04-30 06:00:00+02:00,Node_1,Node_2,eac1,-0.065625
2030,sc01,04-30 07:00:00+02:00,Node_1,Node_3,cac1,0.0
2030,sc01,04-30 07:00:00+02:00,Node_1,Node_2,cac1,0.0
2030,sc01,04-30 07:00:00+02:00,Node_2,Node_3,cac3,0.0
2030,sc01,04-30 07:00:00+02:00,Node_2,Node_3,cac2,-0.037499999999994316
2030,sc01,04-30 07:00:00+02:00,Node_1,Node_3,cac3,0.0
2030,sc01,04-30 07:00:00+02:00,Node_1,Node_3,cac2,0.0
2030,sc01,04-30 07:00:00+02:00,Node_1,Node_2,cac3,0.0
2030,sc01,04-30 07:00:00+02:00,Node_1,Node_3,eac1,-0.075
2030,sc01,04-30 07:00:00+02:00,Node_1,Node_2,cac2,0.0
2030,sc01,04-30 07:00:00+02:00,Node_2,Node_3,eac1,-0.075
2030,sc01,04-30 07:00:00+02:00,Node_2,Node_3,cac1,-0.018749999999997158
2030,sc01,04-30 07:00:00+02:00,Node_1,Node_2,eac1,-0.065625
2030,sc01,04-30 08:00:00+02:00,Node_1,Node_3,cac1,0.0
2030,sc01,04-30 08:00:00+02:00,Node_1,Node_2,cac1,0.0
2030,sc01,04-30 08:00:00+02:00,Node_2,Node_3,cac3,0.0
2030,sc01,04-30 08:00:00+02:00,Node_2,Node_3,cac2,-0.037499999999994316
2030,sc01,04-30 08:00:00+02:00,Node_1,Node_3,cac3,0.0
2030,sc01,04-30 08:00:00+02:00,Node_1,Node_3,cac2,0.0
2030,sc01,04-30 08:00:00+02:00,Node_1,Node_2,cac3,0.0
2030,sc01,04-30 08:00:00+02:00,Node_1,Node_3,eac1,-0.075
2030,sc01,04-30 08:00:00+02:00,Node_1,Node_2,cac2,0.0
2030,sc01,04-30 08:00:00+02:00,Node_2,Node_3,eac1,-0.075
2030,sc01,04-30 08:00:00+02:00,Node_2,Node_3,cac1,-0.018749999999997158
2030,sc01,04-30 08:00:00+02:00,Node_1,Node_2,eac1,-0.065625
2030,sc01,04-30 09:00:00+02:00,Node_1,Node_3,cac1,0.0
2030,sc01,04-30 09:00:00+02:00,Node_1,Node_2,cac1,0.0
2030,sc01,04-30 09:00:00+02:00,Node_2,Node_3,cac3,0.0
2030,sc01,04-30 09:00:00+02:00,Node_2,Node_3,cac2,-0.037499999999994316
2030,sc01,04-30 09:00:00+02:00,Node_1,Node_3,cac3,0.0
2030,sc01,04-30 09:00:00+02:00,Node_1,Node_3,cac2,0.0
2030,sc01,04-30 09:00:00+02:00,Node_1,Node_2,cac3,0.0
2030,sc01,04-30 09:00:00+02:00,Node_1,Node_3,eac1,-0.075
2030,sc01,04-30 09:00:00+02:00,Node_1,Node_2,cac2,0.0
2030,sc01,04-30 09:00:00+02:00,Node_2,Node_3,eac1,-0.075
2030,sc01,04-30 09:00:00+02:00,Node_2,Node_3,cac1,-0.018749999999997158
2030,sc01,04-30 09:00:00+02:00,Node_1,Node_2,eac1,-0.065625
2030,sc01,04-30 10:00:00+02:00,Node_1,Node_3,cac1,0.0
2030,sc01,04-30 10:00:00+02:00,Node_1,Node_2,cac1,0.0
2030,sc01,04-30 10:00:00+02:00,Node_2,Node_3,cac3,0.0
2030,sc01,04-30 10:00:00+02:00,Node_2,Node_3,cac2,-0.037499999999994316
2030,sc01,04-30 10:00:00+02:00,Node_1,Node_3,cac3,0.0
2030,sc01,04-30 10:00:00+02:00,Node_1,Node_3,cac2,0.0
2030,sc01,04-30 10:00:00+02:00,Node_1,Node_2,cac3,0.0
2030,sc01,04-30 10:00:00+02:00,Node_1,Node_3,eac1,-0.075
2030,sc01,04-30 10:00:00+02:00,Node_1,Node_2,cac2,0.0
2030,sc01,04-30 10:00:00+02:00,Node_2,Node_3,eac1,-0.075
2030,sc01,04-30 10:00:00+02:00,Node_2,Node_3,cac1,-0.018749999999997158
2030,sc01,04-30 10:00:00+02:00,Node_1,Node_2,eac1,-0.065625
2030,sc01,04-30 11:00:00+02:00,Node_1,Node_3,cac1,0.0
2030,sc01,04-30 11:00:00+02:00,Node_1,Node_2,cac1,0.0
2030,sc01,04-30 11:00:00+02:00,Node_2,Node_3,cac3,0.0
2030,sc01,04-30 11:00:00+02:00,Node_2,Node_3,cac2,-0.037499999999994316
2030,sc01,04-30 11:00:00+02:00,Node_1,Node_3,cac3,0.0
2030,sc01,04-30 11:00:00+02:00,Node_1,Node_3,cac2,0.0
2030,sc01,04-30 11:00:00+02:00,Node_1,Node_2,cac3,0.0
2030,sc01,04-30 11:00:00+02:00,Node_1,Node_3,eac1,-0.075
2030,sc01,04-30 11:00:00+02:00,Node_1,Node_2,cac2,0.0
2030,sc01,04-30 11:00:00+02:00,Node_2,Node_3,eac1,-0.075
2030,sc01,04-30 11:00:00+02:00,Node_2,Node_3,cac1,-0.018749999999997158
2030,sc01,04-30 11:00:00+02:00,Node_1,Node_2,eac1,-0.065625
2030,sc01,04-30 12:00:00+02:00,Node_1,Node_3,cac1,0.0
2030,sc01,04-30 12:00:00+02:00,Node_1,Node_2,cac1,0.0
2030,sc01,04-30 12:00:00+02:00,Node_2,Node_3,cac3,0.0
2030,sc01,04-30 12:00:00+02:00,Node_2,Node_3,cac2,-0.037499999999994316
2030,sc01,04-30 12:00:00+02:00,Node_1,Node_3,cac3,0.0
2030,sc01,04-30 12:00:00+02:00,Node_1,Node_3,cac2,0.0
2030,sc01,04-30 12:00:00+02:00,Node_1,Node_2,cac3,0.0
2030,sc01,04-30 12:00:00+02:00,Node_1,Node_3,eac1,-0.075
2030,sc01,04-30 12:00:00+02:00,Node_1,Node_2,cac2,0.0
2030,sc01,04-30 12:00:00+02:00,Node_2,Node_3,eac1,-0.075
2030,sc01,04-30 12:00:00+02:00,Node_2,Node_3,cac1,-0.018749999999997158
2030,sc01,04-30 12:00:00+02:00,Node_1,Node_2,eac1,-0.065625
2030,sc01,04-30 13:00:00+02:00,Node_1,Node_3,cac1,0.0
2030,sc01,04-30 13:00:00+02:00,Node_1,Node_2,cac1,0.0
2030,sc01,04-30 13:00:00+02:00,Node_2,Node_3,cac3,0.0
2030,sc01,04-30 13:00:00+02:00,Node_2,Node_3,cac2,-0.037499999999994316
2030,sc01,04-30 13:00:00+02:00,Node_1,Node_3,cac3,0.0
2030,sc01,04-30 13:00:00+02:00,Node_1,Node_3,cac2,0.0
2030,sc01,04-30 13:00:00+02:00,Node_1,Node_2,cac3,0.0
2030,sc01,04-30 13:00:00+02:00,Node_1,Node_3,eac1,-0.075
2030,sc01,04-30 13:00:00+02:00,Node_1,Node_2,cac2,0.0
2030,sc01,04-30 13:00:00+02:00,Node_2,Node_3,eac1,-0.075
2030,sc01,04-30 13:00:00+02:00,Node_2,Node_3,cac1,-0.018749999999997158
2030,sc01,04-30 13:00:00+02:00,Node_1,Node_2,eac1,-0.065625
2030,sc01,04-30 14:00:00+02:00,Node_1,Node_3,cac1,0.0
2030,sc01,04-30 14:00:00+02:00,Node_1,Node_2,cac1,0.0
2030,sc01,04-30 14:00:00+02:00,Node_2,Node_3,cac3,0.0
2030,sc01,04-30 14:00:00+02:00,Node_2,Node_3,cac2,-0.037499999999994316
2030,sc01,04-30 14:00:00+02:00,Node_1,Node_3,cac3,0.0
2030,sc01,04-30 14:00:00+02:00,Node_1,Node_3,cac2,0.0
2030,sc01,04-30 14:00:00+02:00,Node_1,Node_2,cac3,0.0
2030,sc01,04-30 14:00:00+02:00,Node_1,Node_3,eac1,-0.075
2030,sc01,04-30 14:00:00+02:00,Node_1,Node_2,cac2,0.0
2030,sc01,04-30 14:00:00+02:00,Node_2,Node_3,eac1,-0.075
2030,sc01,04-30 14:00:00+02:00,Node_2,Node_3,cac1,-0.018749999999997158
2030,sc01,04-30 14:00:00+02:00,Node_1,Node_2,eac1,-0.065625
2030,sc01,04-30 15:00:00+02:00,Node_1,Node_3,cac1,0.0
2030,sc01,04-30 15:00:00+02:00,Node_1,Node_2,cac1,0.0
2030,sc01,04-30 15:00:00+02:00,Node_2,Node_3,cac3,0.0
2030,sc01,04-30 15:00:00+02:00,Node_2,Node_3,cac2,-0.037499999999994316
2030,sc01,04-30 15:00:00+02:00,Node_1,Node_3,cac3,0.0
2030,sc01,04-30 15:00:00+02:00,Node_1,Node_3,cac2,0.0
2030,sc01,04-30 15:00:00+02:00,Node_1,Node_2,cac3,0.0
2030,sc01,04-30 15:00:00+02:00,Node_1,Node_3,eac1,-0.075
2030,sc01,04-30 15:00:00+02:00,Node_1,Node_2,cac2,0.0
2030,sc01,04-30 15:00:00+02:00,Node_2,Node_3,eac1,-0.075
2030,sc01,04-30 15:00:00+02:00,Node_2,Node_3,cac1,-0.018749999999997158
2030,sc01,04-30 15:00:00+02:00,Node_1,Node_2,eac1,-0.065625
2030,sc01,04-30 16:00:00+02:00,Node_1,Node_3,cac1,0.0
2030,sc01,04-30 16:00:00+02:00,Node_1,Node_2,cac1,0.0
2030,sc01,04-30 16:00:00+02:00,Node_2,Node_3,cac3,0.0
2030,sc01,04-30 16:00:00+02:00,Node_2,Node_3,cac2,-0.037499999999994316
2030,sc01,04-30 16:00:00+02:00,Node_1,Node_3,cac3,0.0
2030,sc01,04-30 16:00:00+02:00,Node_1,Node_3,cac2,0.0
2030,sc01,04-30 16:00:00+02:00,Node_1,Node_2,cac3,0.0
2030,sc01,04-30 16:00:00+02:00,Node_1,Node_3,eac1,-0.075
2030,sc01,04-30 16:00:00+02:00,Node_1,Node_2,cac2,0.0
2030,sc01,04-30 16:00:00+02:00,Node_2,Node_3,eac1,-0.075
2030,sc01,04-30 16:00:00+02:00,Node_2,Node_3,cac1,-0.018749999999997158
2030,sc01,04-30 16:00:00+02:00,Node_1,Node_2,eac1,-0.065625
2030,sc01,04-30 17:00:00+02:00,Node_1,Node_3,cac1,0.0
2030,sc01,04-30 17:00:00+02:00,Node_1,Node_2,cac1,0.0
2030,sc01,04-30 17:00:00+02:00,Node_2,Node_3,cac3,0.0
2030,sc01,04-30 17:00:00+02:00,Node_2,Node_3,cac2,-0.037499999999994316
2030,sc01,04-30 17:00:00+02:00,Node_1,Node_3,cac3,0.0
2030,sc01,04-30 17:00:00+02:00,Node_1,Node_3,cac2,0.0
2030,sc01,04-30 17:00:00+02:00,Node_1,Node_2,cac3,0.0
2030,sc01,04-30 17:00:00+02:00,Node_1,Node_3,eac1,-0.075
2030,sc01,04-30 17:00:00+02:00,Node_1,Node_2,cac2,0.0
2030,sc01,04-30 17:00:00+02:00,Node_2,Node_3,eac1,-0.075
2030,sc01,04-30 17:00:00+02:00,Node_2,Node_3,cac1,-0.018749999999997158
2030,sc01,04-30 17:00:00+02:00,Node_1,Node_2,eac1,-0.065625
2030,sc01,04-30 18:00:00+02:00,Node_1,Node_3,cac1,0.0
2030,sc01,04-30 18:00:00+02:00,Node_1,Node_2,cac1,0.0
2030,sc01,04-30 18:00:00+02:00,Node_2,Node_3,cac3,0.0
2030,sc01,04-30 18:00:00+02:00,Node_2,Node_3,cac2,-0.037499999999994316
2030,sc01,04-30 18:00:00+02:00,Node_1,Node_3,cac3,0.0
2030,sc01,04-30 18:00:00+02:00,Node_1,Node_3,cac2,0.0
2030,sc01,04-30 18:00:00+02:00,Node_1,Node_2,cac3,0.0
2030,sc01,04-30 18:00:00+02:00,Node_1,Node_3,eac1,-0.075
2030,sc01,04-30 18:00:00+02:00,Node_1,Node_2,cac2,0.0
2030,sc01,04-30 18:00:00+02:00,Node_2,Node_3,eac1,-0.075
2030,sc01,04-30 18:00:00+02:00,Node_2,Node_3,cac1,-0.018749999999997158
2030,sc01,04-30 18:00:00+02:00,Node_1,Node_2,eac1,-0.065625
2030,sc01,04-30 19:00:00+02:00,Node_1,Node_3,cac1,0.0
2030,sc01,04-30 19:00:00+02:00,Node_1,Node_2,cac1,0.0
2030,sc01,04-30 19:00:00+02:00,Node_2,Node_3,cac3,0.0
2030,sc01,04-30 19:00:00+02:00,Node_2,Node_3,cac2,-0.037499999999994316
2030,sc01,04-30 19:00:00+02:00,Node_1,Node_3,cac3,0.0
2030,sc01,04-30 19:00:00+02:00,Node_1,Node_3,cac2,0.0
2030,sc01,04-30 19:00:00+02:00,Node_1,Node_2,cac3,0.0
2030,sc01,04-30 19:00:00+02:00,Node_1,Node_3,eac1,-0.075
2030,sc01,04-30 19:00:00+02:00,Node_1,Node_2,cac2,0.0
2030,sc01,04-30 19:00:00+02:00,Node_2,Node_3,eac1,-0.075
2030,sc01,04-30 19:00:00+02:00,Node_2,Node_3,cac1,-0.018749999999997158
2030,sc01,04-30 19:00:00+02:00,Node_1,Node_2,eac1,-0.065625
2030,sc01,04-30 20:00:00+02:00,Node_1,Node_3,cac1,0.0
2030,sc01,04-30 20:00:00+02:00,Node_1,Node_2,cac1,0.0
2030,sc01,04-30 20:00:00+02:00,Node_2,Node_3,cac3,0.0
2030,sc01,04-30 20:00:00+02:00,Node_2,Node_3,cac2,-0.037499999999994316
2030,sc01,04-30 20:00:00+02:00,Node_1,Node_3,cac3,0.0
2030,sc01,04-30 20:00:00+02:00,Node_1,Node_3,cac2,0.0
2030,sc01,04-30 20:00:00+02:00,Node_1,Node_2,cac3,0.0
2030,sc01,04-30 20:00:00+02:00,Node_1,Node_3,eac1,-0.075
2030,sc01,04-30 20:00:00+02:00,Node_1,Node_2,cac2,0.0
2030,sc01,04-30 20:00:00+02:00,Node_2,Node_3,eac1,-0.075
2030,sc01,04-30 20:00:00+02:00,Node_2,Node_3,cac1,-0.018749999999997158
2030,sc01,04-30 20:00:00+02:00,Node_1,Node_2,eac1,-0.065625
2030,sc01,04-30 21:00:00+02:00,Node_1,Node_3,cac1,0.0
2030,sc01,04-30 21:00:00+02:00,Node_1,Node_2,cac1,0.0
2030,sc01,04-30 21:00:00+02:00,Node_2,Node_3,cac3,0.0
2030,sc01,04-30 21:00:00+02:00,Node_2,Node_3,cac2,-0.037499999999994316
2030,sc01,04-30 21:00:00+02:00,Node_1,Node_3,cac3,0.0
2030,sc01,04-30 21:00:00+02:00,Node_1,Node_3,cac2,0.0
2030,sc01,04-30 21:00:00+02:00,Node_1,Node_2,cac3,0.0
2030,sc01,04-30 21:00:00+02:00,Node_1,Node_3,eac1,-0.075
2030,sc01,04-30 21:00:00+02:00,Node_1,Node_2,cac2,0.0
2030,sc01,04-30 21:00:00+02:00,Node_2,Node_3,eac1,-0.075
2030,sc01,04-30 21:00:00+02:00,Node_2,Node_3,cac1,-0.018749999999997158
2030,sc01,04-30 21:00:00+02:00,Node_1,Node_2,eac1,-0.065625
2030,sc01,04-30 22:00:00+02:00,Node_1,Node_3,cac1,0.0
2030,sc01,04-30 22:00:00+02:00,Node_1,Node_2,cac1,0.0
2030,sc01,04-30 22:00:00+02:00,Node_2,Node_3,cac3,0.0
2030,sc01,04-30 22:00:00+02:00,Node_2,Node_3,cac2,-0.037499999999994316
2030,sc01,04-30 22:00:00+02:00,Node_1,Node_3,cac3,0.0
2030,sc01,04-30 22:00:00+02:00,Node_1,Node_3,cac2,0.0
2030,sc01,04-30 22:00:00+02:00,Node_1,Node_2,cac3,0.0
2030,sc01,04-30 22:00:00+02:00,Node_1,Node_3,eac1,-0.075
2030,sc01,04-30 22:00:00+02:00,Node_1,Node_2,cac2,0.0
2030,sc01,04-30 22:00:00+02:00,Node_2,Node_3,eac1,-0.075
2030,sc01,04-30 22:00:00+02:00,Node_2,Node_3,cac1,-0.018749999999997158
2030,sc01,04-30 22:00:00+02:00,Node_1,Node_2,eac1,-0.065625
2030,sc01,04-30 23:00:00+02:00,Node_1,Node_3,cac1,0.0
2030,sc01,04-30 23:00:00+02:00,Node_1,Node_2,cac1,0.0
2030,sc01,04-30 23:00:00+02:00,Node_2,Node_3,cac3,0.0
2030,sc01,04-30 23:00:00+02:00,Node_2,Node_3,cac2,-0.037499999999994316
2030,sc01,04-30 23:00:00+02:00,Node_1,Node_3,cac3,0.0
2030,sc01,04-30 23:00:00+02:00,Node_1,Node_3,cac2,0.0
2030,sc01,04-30 23:00:00+02:00,Node_1,Node_2,cac3,0.0
2030,sc01,04-30 23:00:00+02:00,Node_1,Node_3,eac1,-0.075
2030,sc01,04-30 23:00:00+02:00,Node_1,Node_2,cac2,0.0
2030,sc01,04-30 23:00:00+02:00,Node_2,Node_3,eac1,-0.075
2030,sc01,04-30 23:00:00+02:00,Node_2,Node_3,cac1,-0.018749999999997158
2030,sc01,04-30 23:00:00+02:00,Node_1,Node_2,eac1,-0.06520356424497088
2030,sc01,05-22 00:00:00+02:00,Node_1,Node_3,cac1,0.0
2030,sc01,05-22 00:00:00+02:00,Node_1,Node_2,cac1,0.0
2030,sc01,05-22 00:00:00+02:00,Node_2,Node_3,cac3,0.0
2030,sc01,05-22 00:00:00+02:00,Node_2,Node_3,cac2,-0.037499999999994316
2030,sc01,05-22 00:00:00+02:00,Node_1,Node_3,cac3,0.0
2030,sc01,05-22 00:00:00+02:00,Node_1,Node_3,cac2,0.0
2030,sc01,05-22 00:00:00+02:00,Node_1,Node_2,cac3,0.0
2030,sc01,05-22 00:00:00+02:00,Node_1,Node_3,eac1,-0.075
2030,sc01,05-22 00:00:00+02:00,Node_1,Node_2,cac2,0.0
2030,sc01,05-22 00:00:00+02:00,Node_2,Node_3,eac1,-0.075
2030,sc01,05-22 00:00:00+02:00,Node_2,Node_3,cac1,-0.018749999999997158
2030,sc01,05-22 00:00:00+02:00,Node_1,Node_2,eac1,-0.058397570146994524
2030,sc01,05-22 01:00:00+02:00,Node_1,Node_3,cac1,0.0
2030,sc01,05-22 01:00:00+02:00,Node_1,Node_2,cac1,0.0
2030,sc01,05-22 01:00:00+02:00,Node_2,Node_3,cac3,0.0
2030,sc01,05-22 01:00:00+02:00,Node_2,Node_3,cac2,-0.037499999999994316
2030,sc01,05-22 01:00:00+02:00,Node_1,Node_3,cac3,0.0
2030,sc01,05-22 01:00:00+02:00,Node_1,Node_3,cac2,0.0
2030,sc01,05-22 01:00:00+02:00,Node_1,Node_2,cac3,0.0
2030,sc01,05-22 01:00:00+02:00,Node_1,Node_3,eac1,-0.075
2030,sc01,05-22 01:00:00+02:00,Node_1,Node_2,cac2,0.0
2030,sc01,05-22 01:00:00+02:00,Node_2,Node_3,eac1,-0.075
2030,sc01,05-22 01:00:00+02:00,Node_2,Node_3,cac1,-0.018749999999997158
2030,sc01,05-22 01:00:00+02:00,Node_1,Node_2,eac1,-0.05575001011220593
2030,sc01,05-22 02:00:00+02:00,Node_1,Node_3,cac1,0.0
2030,sc01,05-22 02:00:00+02:00,Node_1,Node_2,cac1,0.0
2030,sc01,05-22 02:00:00+02:00,Node_2,Node_3,cac3,0.0
2030,sc01,05-22 02:00:00+02:00,Node_2,Node_3,cac2,-0.037499999999994316
2030,sc01,05-22 02:00:00+02:00,Node_1,Node_3,cac3,0.0
2030,sc01,05-22 02:00:00+02:00,Node_1,Node_3,cac2,0.0
2030,sc01,05-22 02:00:00+02:00,Node_1,Node_2,cac3,0.0
2030,sc01,05-22 02:00:00+02:00,Node_1,Node_3,eac1,-0.075
2030,sc01,05-22 02:00:00+02:00,Node_1,Node_2,cac2,0.0
2030,sc01,05-22 02:00:00+02:00,Node_2,Node_3,eac1,-0.075
2030,sc01,05-22 02:00:00+02:00,Node_2,Node_3,cac1,-0.018749999999997158
2030,sc01,05-22 02:00:00+02:00,Node_1,Node_2,eac1,-0.054244739038466605
2030,sc01,05-22 03:00:00+02:00,Node_1,Node_3,cac1,0.0
2030,sc01,05-22 03:00:00+02:00,Node_1,Node_2,cac1,0.0
2030,sc01,05-22 03:00:00+02:00,Node_2,Node_3,cac3,0.0
2030,sc01,05-22 03:00:00+02:00,Node_2,Node_3,cac2,-0.037499999999994316
2030,sc01,05-22 03:00:00+02:00,Node_1,Node_3,cac3,0.0
2030,sc01,05-22 03:00:00+02:00,Node_1,Node_3,cac2,0.0
2030,sc01,05-22 03:00:00+02:00,Node_1,Node_2,cac3,0.0
2030,sc01,05-22 03:00:00+02:00,Node_1,Node_3,eac1,-0.075
2030,sc01,05-22 03:00:00+02:00,Node_1,Node_2,cac2,0.0
2030,sc01,05-22 03:00:00+02:00,Node_2,Node_3,eac1,-0.075
2030,sc01,05-22 03:00:00+02:00,Node_2,Node_3,cac1,-0.018749999999997158
2030,sc01,05-22 03:00:00+02:00,Node_1,Node_2,eac1,-0.05372973231084188
2030,sc01,05-22 04:00:00+02:00,Node_1,Node_3,cac1,0.0
2030,sc01,05-22 04:00:00+02:00,Node_1,Node_2,cac1,0.0
2030,sc01,05-22 04:00:00+02:00,Node_2,Node_3,cac3,0.0
2030,sc01,05-22 04:00:00+02:00,Node_2,Node_3,cac2,-0.037499999999994316
2030,sc01,05-22 04:00:00+02:00,Node_1,Node_3,cac3,0.0
2030,sc01,05-22 04:00:00+02:00,Node_1,Node_3,cac2,0.0
2030,sc01,05-22 04:00:00+02:00,Node_1,Node_2,cac3,0.0
2030,sc01,05-22 04:00:00+02:00,Node_1,Node_3,eac1,-0.075
2030,sc01,05-22 04:00:00+02:00,Node_1,Node_2,cac2,0.0
2030,sc01,05-22 04:00:00+02:00,Node_2,Node_3,eac1,-0.075
2030,sc01,05-22 04:00:00+02:00,Node_2,Node_3,cac1,-0.018749999999997158
2030,sc01,05-22 04:00:00+02:00,Node_1,Node_2,eac1,-0.056033724232070745
2030,sc01,05-22 05:00:00+02:00,Node_1,Node_3,cac1,0.0
2030,sc01,05-22 05:00:00+02:00,Node_1,Node_2,cac1,0.0
2030,sc01,05-22 05:00:00+02:00,Node_2,Node_3,cac3,0.0
2030,sc01,05-22 05:00:00+02:00,Node_2,Node_3,cac2,-0.037499999999994316
2030,sc01,05-22 05:00:00+02:00,Node_1,Node_3,cac3,0.0
2030,sc01,05-22 05:00:00+02:00,Node_1,Node_3,cac2,0.0
2030,sc01,05-22 05:00:00+02:00,Node_1,Node_2,cac3,0.0
2030,sc01,05-22 05:00:00+02:00,Node_1,Node_3,eac1,-0.075
2030,sc01,05-22 05:00:00+02:00,Node_1,Node_2,cac2,0.0
2030,sc01,05-22 05:00:00+02:00,Node_2,Node_3,eac1,-0.075
2030,sc01,05-22 05:00:00+02:00,Node_2,Node_3,cac1,-0.018749999999997158
2030,sc01,05-22 05:00:00+02:00,Node_1,Node_2,eac1,-0.065625
2030,sc01,05-22 06:00:00+02:00,Node_1,Node_3,cac1,0.0
2030,sc01,05-22 06:00:00+02:00,Node_1,Node_2,cac1,0.0
2030,sc01,05-22 06:00:00+02:00,Node_2,Node_3,cac3,0.0
2030,sc01,05-22 06:00:00+02:00,Node_2,Node_3,cac2,-0.037499999999994316
2030,sc01,05-22 06:00:00+02:00,Node_1,Node_3,cac3,0.0
2030,sc01,05-22 06:00:00+02:00,Node_1,Node_3,cac2,0.0
2030,sc01,05-22 06:00:00+02:00,Node_1,Node_2,cac3,0.0
2030,sc01,05-22 06:00:00+02:00,Node_1,Node_3,eac1,-0.075
2030,sc01,05-22 06:00:00+02:00,Node_1,Node_2,cac2,0.0
2030,sc01,05-22 06:00:00+02:00,Node_2,Node_3,eac1,-0.075
2030,sc01,05-22 06:00:00+02:00,Node_2,Node_3,cac1,-0.018749999999997158
2030,sc01,05-22 06:00:00+02:00,Node_1,Node_2,eac1,-0.065625
2030,sc01,05-22 07:00:00+02:00,Node_1,Node_3,cac1,0.0
2030,sc01,05-22 07:00:00+02:00,Node_1,Node_2,cac1,0.0
2030,sc01,05-22 07:00:00+02:00,Node_2,Node_3,cac3,0.0
2030,sc01,05-22 07:00:00+02:00,Node_2,Node_3,cac2,-0.037499999999994316
2030,sc01,05-22 07:00:00+02:00,Node_1,Node_3,cac3,0.0
2030,sc01,05-22 07:00:00+02:00,Node_1,Node_3,cac2,0.0
2030,sc01,05-22 07:00:00+02:00,Node_1,Node_2,cac3,0.0
2030,sc01,05-22 07:00:00+02:00,Node_1,Node_3,eac1,-0.075
2030,sc01,05-22 07:00:00+02:00,Node_1,Node_2,cac2,0.0
2030,sc01,05-22 07:00:00+02:00,Node_2,Node_3,eac1,-0.075
2030,sc01,05-22 07:00:00+02:00,Node_2,Node_3,cac1,-0.018749999999997158
2030,sc01,05-22 07:00:00+02:00,Node_1,Node_2,eac1,-0.065625
2030,sc01,05-22 08:00:00+02:00,Node_1,Node_3,cac1,0.0
2030,sc01,05-22 08:00:00+02:00,Node_1,Node_2,cac1,0.0
2030,sc01,05-22 08:00:00+02:00,Node_2,Node_3,cac3,0.0
2030,sc01,05-22 08:00:00+02:00,Node_2,Node_3,cac2,-0.037499999999994316
2030,sc01,05-22 08:00:00+02:00,Node_1,Node_3,cac3,0.0
2030,sc01,05-22 08:00:00+02:00,Node_1,Node_3,cac2,0.0
2030,sc01,05-22 08:00:00+02:00,Node_1,Node_2,cac3,0.0
2030,sc01,05-22 08:00:00+02:00,Node_1,Node_3,eac1,-0.075
2030,sc01,05-22 08:00:00+02:00,Node_1,Node_2,cac2,0.0
2030,sc01,05-22 08:00:00+02:00,Node_2,Node_3,eac1,-0.075
2030,sc01,05-22 08:00:00+02:00,Node_2,Node_3,cac1,-0.018749999999997158
2030,sc01,05-22 08:00:00+02:00,Node_1,Node_2,eac1,-0.065625
2030,sc01,05-22 09:00:00+02:00,Node_1,Node_3,cac1,0.0
2030,sc01,05-22 09:00:00+02:00,Node_1,Node_2,cac1,0.0
2030,sc01,05-22 09:00:00+02:00,Node_2,Node_3,cac3,0.0
2030,sc01,05-22 09:00:00+02:00,Node_2,Node_3,cac2,-0.037499999999994316
2030,sc01,05-22 09:00:00+02:00,Node_1,Node_3,cac3,0.0
2030,sc01,05-22 09:00:00+02:00,Node_1,Node_3,cac2,0.0
2030,sc01,05-22 09:00:00+02:00,Node_1,Node_2,cac3,0.0
2030,sc01,05-22 09:00:00+02:00,Node_1,Node_3,eac1,-0.075
2030,sc01,05-22 09:00:00+02:00,Node_1,Node_2,cac2,0.0
2030,sc01,05-22 09:00:00+02:00,Node_2,Node_3,eac1,-0.075
2030,sc01,05-22 09:00:00+02:00,Node_2,Node_3,cac1,-0.018749999999997158
2030,sc01,05-22 09:00:00+02:00,Node_1,Node_2,eac1,-0.065625
2030,sc01,05-22 10:00:00+02:00,Node_1,Node_3,cac1,0.0
2030,sc01,05-22 10:00:00+02:00,Node_1,Node_2,cac1,0.0
2030,sc01,05-22 10:00:00+02:00,Node_2,Node_3,cac3,0.0
2030,sc01,05-22 10:00:00+02:00,Node_2,Node_3,cac2,-0.037499999999994316
2030,sc01,05-22 10:00:00+02:00,Node_1,Node_3,cac3,0.0
2030,sc01,05-22 10:00:00+02:00,Node_1,Node_3,cac2,0.0
2030,sc01,05-22 10:00:00+02:00,Node_1,Node_2,cac3,0.0
2030,sc01,05-22 10:00:00+02:00,Node_1,Node_3,eac1,-0.075
2030,sc01,05-22 10:00:00+02:00,Node_1,Node_2,cac2,0.0
2030,sc01,05-22 10:00:00+02:00,Node_2,Node_3,eac1,-0.075
2030,sc01,05-22 10:00:00+02:00,Node_2,Node_3,cac1,-0.018749999999997158
2030,sc01,05-22 10:00:00+02:00,Node_1,Node_2,eac1,-0.065625
2030,sc01,05-22 11:00:00+02:00,Node_1,Node_3,cac1,0.0
2030,sc01,05-22 11:00:00+02:00,Node_1,Node_2,cac1,0.0
2030,sc01,05-22 11:00:00+02:00,Node_2,Node_3,cac3,0.0
2030,sc01,05-22 11:00:00+02:00,Node_2,Node_3,cac2,-0.037499999999994316
2030,sc01,05-22 11:00:00+02:00,Node_1,Node_3,cac3,0.0
2030,sc01,05-22 11:00:00+02:00,Node_1,Node_3,cac2,0.0
2030,sc01,05-22 11:00:00+02:00,Node_1,Node_2,cac3,0.0
2030,sc01,05-22 11:00:00+02:00,Node_1,Node_3,eac1,-0.075
2030,sc01,05-22 11:00:00+02:00,Node_1,Node_2,cac2,0.0
2030,sc01,05-22 11:00:00+02:00,Node_2,Node_3,eac1,-0.075
2030,sc01,05-22 11:00:00+02:00,Node_2,Node_3,cac1,-0.018749999999997158
2030,sc01,05-22 11:00:00+02:00,Node_1,Node_2,eac1,-0.065625
2030,sc01,05-22 12:00:00+02:00,Node_1,Node_3,cac1,0.0
2030,sc01,05-22 12:00:00+02:00,Node_1,Node_2,cac1,0.0
2030,sc01,05-22 12:00:00+02:00,Node_2,Node_3,cac3,0.0
2030,sc01,05-22 12:00:00+02:00,Node_2,Node_3,cac2,-0.037499999999994316
2030,sc01,05-22 12:00:00+02:00,Node_1,Node_3,cac3,0.0
2030,sc01,05-22 12:00:00+02:00,Node_1,Node_3,cac2,0.0
2030,sc01,05-22 12:00:00+02:00,Node_1,Node_2,cac3,0.0
2030,sc01,05-22 12:00:00+02:00,Node_1,Node_3,eac1,-0.075
2030,sc01,05-22 12:00:00+02:00,Node_1,Node_2,cac2,0.0
2030,sc01,05-22 12:00:00+02:00,Node_2,Node_3,eac1,-0.075
2030,sc01,05-22 12:00:00+02:00,Node_2,Node_3,cac1,-0.018749999999997158
2030,sc01,05-22 12:00:00+02:00,Node_1,Node_2,eac1,-0.065625
2030,sc01,05-22 13:00:00+02:00,Node_1,Node_3,cac1,0.0
2030,sc01,05-22 13:00:00+02:00,Node_1,Node_2,cac1,0.0
2030,sc01,05-22 13:00:00+02:00,Node_2,Node_3,cac3,0.0
2030,sc01,05-22 13:00:00+02:00,Node_2,Node_3,cac2,-0.037499999999994316
2030,sc01,05-22 13:00:00+02:00,Node_1,Node_3,cac3,0.0
2030,sc01,05-22 13:00:00+02:00,Node_1,Node_3,cac2,0.0
2030,sc01,05-22 13:00:00+02:00,Node_1,Node_2,cac3,0.0
2030,sc01,05-22 13:00:00+02:00,Node_1,Node_3,eac1,-0.075
2030,sc01,05-22 13:00:00+02:00,Node_1,Node_2,cac2,0.0
2030,sc01,05-22 13:00:00+02:00,Node_2,Node_3,eac1,-0.075
2030,sc01,05-22 13:00:00+02:00,Node_2,Node_3,cac1,-0.018749999999997158
2030,sc01,05-22 13:00:00+02:00,Node_1,Node_2,eac1,-0.065625
2030,sc01,05-22 14:00:00+02:00,Node_1,Node_3,cac1,0.0
2030,sc01,05-22 14:00:00+02:00,Node_1,Node_2,cac1,0.0
2030,sc01,05-22 14:00:00+02:00,Node_2,Node_3,cac3,0.0
2030,sc01,05-22 14:00:00+02:00,Node_2,Node_3,cac2,-0.037499999999994316
2030,sc01,05-22 14:00:00+02:00,Node_1,Node_3,cac3,0.0
2030,sc01,05-22 14:00:00+02:00,Node_1,Node_3,cac2,0.0
2030,sc01,05-22 14:00:00+02:00,Node_1,Node_2,cac3,0.0
2030,sc01,05-22 14:00:00+02:00,Node_1,Node_3,eac1,-0.075
2030,sc01,05-22 14:00:00+02:00,Node_1,Node_2,cac2,0.0
2030,sc01,05-22 14:00:00+02:00,Node_2,Node_3,eac1,-0.075
2030,sc01,05-22 14:00:00+02:00,Node_2,Node_3,cac1,-0.018749999999997158
2030,sc01,05-22 14:00:00+02:00,Node_1,Node_2,eac1,-0.065625
2030,sc01,05-22 15:00:00+02:00,Node_1,Node_3,cac1,0.0
2030,sc01,05-22 15:00:00+02:00,Node_1,Node_2,cac1,0.0
2030,sc01,05-22 15:00:00+02:00,Node_2,Node_3,cac3,0.0
2030,sc01,05-22 15:00:00+02:00,Node_2,Node_3,cac2,-0.037499999999994316
2030,sc01,05-22 15:00:00+02:00,Node_1,Node_3,cac3,0.0
2030,sc01,05-22 15:00:00+02:00,Node_1,Node_3,cac2,0.0
2030,sc01,05-22 15:00:00+02:00,Node_1,Node_2,cac3,0.0
2030,sc01,05-22 15:00:00+02:00,Node_1,Node_3,eac1,-0.075
2030,sc01,05-22 15:00:00+02:00,Node_1,Node_2,cac2,0.0
2030,sc01,05-22 15:00:00+02:00,Node_2,Node_3,eac1,-0.075
2030,sc01,05-22 15:00:00+02:00,Node_2,Node_3,cac1,-0.018749999999997158
2030,sc01,05-22 15:00:00+02:00,Node_1,Node_2,eac1,-0.065625
2030,sc01,05-22 16:00:00+02:00,Node_1,Node_3,cac1,0.0
2030,sc01,05-22 16:00:00+02:00,Node_1,Node_2,cac1,0.0
2030,sc01,05-22 16:00:00+02:00,Node_2,Node_3,cac3,0.0
2030,sc01,05-22 16:00:00+02:00,Node_2,Node_3,cac2,-0.037499999999994316
2030,sc01,05-22 16:00:00+02:00,Node_1,Node_3,cac3,0.0
2030,sc01,05-22 16:00:00+02:00,Node_1,Node_3,cac2,0.0
2030,sc01,05-22 16:00:00+02:00,Node_1,Node_2,cac3,0.0
2030,sc01,05-22 16:00:00+02:00,Node_1,Node_3,eac1,-0.075
2030,sc01,05-22 16:00:00+02:00,Node_1,Node_2,cac2,0.0
2030,sc01,05-22 16:00:00+02:00,Node_2,Node_3,eac1,-0.075
2030,sc01,05-22 16:00:00+02:00,Node_2,Node_3,cac1,-0.018749999999997158
2030,sc01,05-22 16:00:00+02:00,Node_1,Node_2,eac1,-0.065625
2030,sc01,05-22 17:00:00+02:00,Node_1,Node_3,cac1,0.0
2030,sc01,05-22 17:00:00+02:00,Node_1,Node_2,cac1,0.0
2030,sc01,05-22 17:00:00+02:00,Node_2,Node_3,cac3,0.0
2030,sc01,05-22 17:00:00+02:00,Node_2,Node_3,cac2,-0.037499999999994316
2030,sc01,05-22 17:00:00+02:00,Node_1,Node_3,cac3,0.0
2030,sc01,05-22 17:00:00+02:00,Node_1,Node_3,cac2,0.0
2030,sc01,05-22 17:00:00+02:00,Node_1,Node_2,cac3,0.0
2030,sc01,05-22 17:00:00+02:00,Node_1,Node_3,eac1,-0.075
2030,sc01,05-22 17:00:00+02:00,Node_1,Node_2,cac2,0.0
2030,sc01,05-22 17:00:00+02:00,Node_2,Node_3,eac1,-0.075
2030,sc01,05-22 17:00:00+02:00,Node_2,Node_3,cac1,-0.018749999999997158
2030,sc01,05-22 17:00:00+02:00,Node_1,Node_2,eac1,-0.065625
2030,sc01,05-22 18:00:00+02:00,Node_1,Node_3,cac1,0.0
2030,sc01,05-22 18:00:00+02:00,Node_1,Node_2,cac1,0.0
2030,sc01,05-22 18:00:00+02:00,Node_2,Node_3,cac3,0.0
2030,sc01,05-22 18:00:00+02:00,Node_2,Node_3,cac2,-0.037499999999994316
2030,sc01,05-22 18:00:00+02:00,Node_1,Node_3,cac3,0.0
2030,sc01,05-22 18:00:00+02:00,Node_1,Node_3,cac2,0.0
2030,sc01,05-22 18:00:00+02:00,Node_1,Node_2,cac3,0.0
2030,sc01,05-22 18:00:00+02:00,Node_1,Node_3,eac1,-0.075
2030,sc01,05-22 18:00:00+02:00,Node_1,Node_2,cac2,0.0
2030,sc01,05-22 18:00:00+02:00,Node_2,Node_3,eac1,-0.075
2030,sc01,05-22 18:00:00+02:00,Node_2,Node_3,cac1,-0.018749999999997158
2030,sc01,05-22 18:00:00+02:00,Node_1,Node_2,eac1,-0.051121486361864754
2030,sc01,05-22 19:00:00+02:00,Node_1,Node_3,cac1,0.0
2030,sc01,05-22 19:00:00+02:00,Node_1,Node_2,cac1,0.0
2030,sc01,05-22 19:00:00+02:00,Node_2,Node_3,cac3,0.0
2030,sc01,05-22 19:00:00+02:00,Node_2,Node_3,cac2,-0.037499999999994316
2030,sc01,05-22 19:00:00+02:00,Node_1,Node_3,cac3,0.0
2030,sc01,05-22 19:00:00+02:00,Node_1,Node_3,cac2,0.0
2030,sc01,05-22 19:00:00+02:00,Node_1,Node_2,cac3,0.0
2030,sc01,05-22 19:00:00+02:00,Node_1,Node_3,eac1,-0.075
2030,sc01,05-22 19:00:00+02:00,Node_1,Node_2,cac2,0.0
2030,sc01,05-22 19:00:00+02:00,Node_2,Node_3,eac1,-0.075
2030,sc01,05-22 19:00:00+02:00,Node_2,Node_3,cac1,-0.018749999999997158
2030,sc01,05-22 19:00:00+02:00,Node_1,Node_2,eac1,-0.04941868660472437
2030,sc01,05-22 20:00:00+02:00,Node_1,Node_3,cac1,0.0
2030,sc01,05-22 20:00:00+02:00,Node_1,Node_2,cac1,0.0
2030,sc01,05-22 20:00:00+02:00,Node_2,Node_3,cac3,0.0
2030,sc01,05-22 20:00:00+02:00,Node_2,Node_3,cac2,-0.037499999999994316
2030,sc01,05-22 20:00:00+02:00,Node_1,Node_3,cac3,0.0
2030,sc01,05-22 20:00:00+02:00,Node_1,Node_3,cac2,0.0
2030,sc01,05-22 20:00:00+02:00,Node_1,Node_2,cac3,0.0
2030,sc01,05-22 20:00:00+02:00,Node_1,Node_3,eac1,-0.075
2030,sc01,05-22 20:00:00+02:00,Node_1,Node_2,cac2,0.0
2030,sc01,05-22 20:00:00+02:00,Node_2,Node_3,eac1,-0.075
2030,sc01,05-22 20:00:00+02:00,Node_2,Node_3,cac1,-0.018749999999997158
2030,sc01,05-22 20:00:00+02:00,Node_1,Node_2,eac1,-0.05520789411662008
2030,sc01,05-22 21:00:00+02:00,Node_1,Node_3,cac1,0.0
2030,sc01,05-22 21:00:00+02:00,Node_1,Node_2,cac1,0.0
2030,sc01,05-22 21:00:00+02:00,Node_2,Node_3,cac3,0.0
2030,sc01,05-22 21:00:00+02:00,Node_2,Node_3,cac2,-0.037499999999994316
2030,sc01,05-22 21:00:00+02:00,Node_1,Node_3,cac3,0.0
2030,sc01,05-22 21:00:00+02:00,Node_1,Node_3,cac2,0.0
2030,sc01,05-22 21:00:00+02:00,Node_1,Node_2,cac3,0.0
2030,sc01,05-22 21:00:00+02:00,Node_1,Node_3,eac1,-0.075
2030,sc01,05-22 21:00:00+02:00,Node_1,Node_2,cac2,0.0
2030,sc01,05-22 21:00:00+02:00,Node_2,Node_3,eac1,-0.075
2030,sc01,05-22 21:00:00+02:00,Node_2,Node_3,cac1,-0.018749999999997158
2030,sc01,05-22 21:00:00+02:00,Node_1,Node_2,eac1,-0.065625
2030,sc01,05-22 22:00:00+02:00,Node_1,Node_3,cac1,0.0
2030,sc01,05-22 22:00:00+02:00,Node_1,Node_2,cac1,0.0
2030,sc01,05-22 22:00:00+02:00,Node_2,Node_3,cac3,0.0
2030,sc01,05-22 22:00:00+02:00,Node_2,Node_3,cac2,-0.037499999999994316
2030,sc01,05-22 22:00:00+02:00,Node_1,Node_3,cac3,0.0
2030,sc01,05-22 22:00:00+02:00,Node_1,Node_3,cac2,0.0
2030,sc01,05-22 22:00:00+02:00,Node_1,Node_2,cac3,0.0
2030,sc01,05-22 22:00:00+02:00,Node_1,Node_3,eac1,-0.075
2030,sc01,05-22 22:00:00+02:00,Node_1,Node_2,cac2,0.0
2030,sc01,05-22 22:00:00+02:00,Node_2,Node_3,eac1,-0.075
2030,sc01,05-22 22:00:00+02:00,Node_2,Node_3,cac1,-0.018749999999997158
2030,sc01,05-22 22:00:00+02:00,Node_1,Node_2,eac1,-0.065625
2030,sc01,05-22 23:00:00+02:00,Node_1,Node_3,cac1,0.0
2030,sc01,05-22 23:00:00+02:00,Node_1,Node_2,cac1,0.0
2030,sc01,05-22 23:00:00+02:00,Node_2,Node_3,cac3,0.0
2030,sc01,05-22 23:00:00+02:00,Node_2,Node_3,cac2,-0.037499999999994316
2030,sc01,05-22 23:00:00+02:00,Node_1,Node_3,cac3,0.0
2030,sc01,05-22 23:00:00+02:00,Node_1,Node_3,cac2,0.0
2030,sc01,05-22 23:00:00+02:00,Node_1,Node_2,cac3,0.0
2030,sc01,05-22 23:00:00+02:00,Node_1,Node_3,eac1,-0.075
2030,sc01,05-22 23:00:00+02:00,Node_1,Node_2,cac2,0.0
2030,sc01,05-22 23:00:00+02:00,Node_2,Node_3,eac1,-0.075
2030,sc01,05-22 23:00:00+02:00,Node_2,Node_3,cac1,-0.018749999999997158
2030,sc01,05-22 23:00:00+02:00,Node_1,Node_2,eac1,-0.065625
2030,sc01,06-03 00:00:00+02:00,Node_1,Node_3,cac1,0.0
2030,sc01,06-03 00:00:00+02:00,Node_1,Node_2,cac1,0.0
2030,sc01,06-03 00:00:00+02:00,Node_2,Node_3,cac3,0.0
2030,sc01,06-03 00:00:00+02:00,Node_2,Node_3,cac2,-0.037499999999994316
2030,sc01,06-03 00:00:00+02:00,Node_1,Node_3,cac3,0.0
2030,sc01,06-03 00:00:00+02:00,Node_1,Node_3,cac2,0.0
2030,sc01,06-03 00:00:00+02:00,Node_1,Node_2,cac3,0.0
2030,sc01,06-03 00:00:00+02:00,Node_1,Node_3,eac1,-0.075
2030,sc01,06-03 00:00:00+02:00,Node_1,Node_2,cac2,0.0
2030,sc01,06-03 00:00:00+02:00,Node_2,Node_3,eac1,-0.075
2030,sc01,06-03 00:00:00+02:00,Node_2,Node_3,cac1,-0.018749999999997158
2030,sc01,06-03 00:00:00+02:00,Node_1,Node_2,eac1,-0.065625
2030,sc01,06-03 01:00:00+02:00,Node_1,Node_3,cac1,0.0
2030,sc01,06-03 01:00:00+02:00,Node_1,Node_2,cac1,0.0
2030,sc01,06-03 01:00:00+02:00,Node_2,Node_3,cac3,0.0
2030,sc01,06-03 01:00:00+02:00,Node_2,Node_3,cac2,-0.037499999999994316
2030,sc01,06-03 01:00:00+02:00,Node_1,Node_3,cac3,0.0
2030,sc01,06-03 01:00:00+02:00,Node_1,Node_3,cac2,0.0
2030,sc01,06-03 01:00:00+02:00,Node_1,Node_2,cac3,0.0
2030,sc01,06-03 01:00:00+02:00,Node_1,Node_3,eac1,-0.075
2030,sc01,06-03 01:00:00+02:00,Node_1,Node_2,cac2,0.0
2030,sc01,06-03 01:00:00+02:00,Node_2,Node_3,eac1,-0.075
2030,sc01,06-03 01:00:00+02:00,Node_2,Node_3,cac1,-0.018749999999997158
2030,sc01,06-03 01:00:00+02:00,Node_1,Node_2,eac1,-0.065625
2030,sc01,06-03 02:00:00+02:00,Node_1,Node_3,cac1,0.0
2030,sc01,06-03 02:00:00+02:00,Node_1,Node_2,cac1,0.0
2030,sc01,06-03 02:00:00+02:00,Node_2,Node_3,cac3,0.0
2030,sc01,06-03 02:00:00+02:00,Node_2,Node_3,cac2,-0.037499999999994316
2030,sc01,06-03 02:00:00+02:00,Node_1,Node_3,cac3,0.0
2030,sc01,06-03 02:00:00+02:00,Node_1,Node_3,cac2,0.0
2030,sc01,06-03 02:00:00+02:00,Node_1,Node_2,cac3,0.0
2030,sc01,06-03 02:00:00+02:00,Node_1,Node_3,eac1,-0.075
2030,sc01,06-03 02:00:00+02:00,Node_1,Node_2,cac2,0.0
2030,sc01,06-03 02:00:00+02:00,Node_2,Node_3,eac1,-0.075
2030,sc01,06-03 02:00:00+02:00,Node_2,Node_3,cac1,-0.018749999999997158
2030,sc01,06-03 02:00:00+02:00,Node_1,Node_2,eac1,-0.065625
2030,sc01,06-03 03:00:00+02:00,Node_1,Node_3,cac1,0.0
2030,sc01,06-03 03:00:00+02:00,Node_1,Node_2,cac1,0.0
2030,sc01,06-03 03:00:00+02:00,Node_2,Node_3,cac3,0.0
2030,sc01,06-03 03:00:00+02:00,Node_2,Node_3,cac2,-0.037499999999994316
2030,sc01,06-03 03:00:00+02:00,Node_1,Node_3,cac3,0.0
2030,sc01,06-03 03:00:00+02:00,Node_1,Node_3,cac2,0.0
2030,sc01,06-03 03:00:00+02:00,Node_1,Node_2,cac3,0.0
2030,sc01,06-03 03:00:00+02:00,Node_1,Node_3,eac1,-0.075
2030,sc01,06-03 03:00:00+02:00,Node_1,Node_2,cac2,0.0
2030,sc01,06-03 03:00:00+02:00,Node_2,Node_3,eac1,-0.075
2030,sc01,06-03 03:00:00+02:00,Node_2,Node_3,cac1,-0.018749999999997158
2030,sc01,06-03 03:00:00+02:00,Node_1,Node_2,eac1,-0.065625
2030,sc01,06-03 04:00:00+02:00,Node_1,Node_3,cac1,0.0
2030,sc01,06-03 04:00:00+02:00,Node_1,Node_2,cac1,0.0
2030,sc01,06-03 04:00:00+02:00,Node_2,Node_3,cac3,0.0
2030,sc01,06-03 04:00:00+02:00,Node_2,Node_3,cac2,-0.037499999999994316
2030,sc01,06-03 04:00:00+02:00,Node_1,Node_3,cac3,0.0
2030,sc01,06-03 04:00:00+02:00,Node_1,Node_3,cac2,0.0
2030,sc01,06-03 04:00:00+02:00,Node_1,Node_2,cac3,0.0
2030,sc01,06-03 04:00:00+02:00,Node_1,Node_3,eac1,-0.075
2030,sc01,06-03 04:00:00+02:00,Node_1,Node_2,cac2,0.0
2030,sc01,06-03 04:00:00+02:00,Node_2,Node_3,eac1,-0.075
2030,sc01,06-03 04:00:00+02:00,Node_2,Node_3,cac1,-0.018749999999997158
2030,sc01,06-03 04:00:00+02:00,Node_1,Node_2,eac1,-0.065625
2030,sc01,06-03 05:00:00+02:00,Node_1,Node_3,cac1,0.0
2030,sc01,06-03 05:00:00+02:00,Node_1,Node_2,cac1,0.0
2030,sc01,06-03 05:00:00+02:00,Node_2,Node_3,cac3,0.0
2030,sc01,06-03 05:00:00+02:00,Node_2,Node_3,cac2,-0.037499999999994316
2030,sc01,06-03 05:00:00+02:00,Node_1,Node_3,cac3,0.0
2030,sc01,06-03 05:00:00+02:00,Node_1,Node_3,cac2,0.0
2030,sc01,06-03 05:00:00+02:00,Node_1,Node_2,cac3,0.0
2030,sc01,06-03 05:00:00+02:00,Node_1,Node_3,eac1,-0.075
2030,sc01,06-03 05:00:00+02:00,Node_1,Node_2,cac2,0.0
2030,sc01,06-03 05:00:00+02:00,Node_2,Node_3,eac1,-0.075
2030,sc01,06-03 05:00:00+02:00,Node_2,Node_3,cac1,-0.018749999999997158
2030,sc01,06-03 05:00:00+02:00,Node_1,Node_2,eac1,-0.065625
2030,sc01,06-03 06:00:00+02:00,Node_1,Node_3,cac1,0.0
2030,sc01,06-03 06:00:00+02:00,Node_1,Node_2,cac1,0.0
2030,sc01,06-03 06:00:00+02:00,Node_2,Node_3,cac3,0.0
2030,sc01,06-03 06:00:00+02:00,Node_2,Node_3,cac2,-0.037499999999994316
2030,sc01,06-03 06:00:00+02:00,Node_1,Node_3,cac3,0.0
2030,sc01,06-03 06:00:00+02:00,Node_1,Node_3,cac2,0.0
2030,sc01,06-03 06:00:00+02:00,Node_1,Node_2,cac3,0.0
2030,sc01,06-03 06:00:00+02:00,Node_1,Node_3,eac1,-0.075
2030,sc01,06-03 06:00:00+02:00,Node_1,Node_2,cac2,0.0
2030,sc01,06-03 06:00:00+02:00,Node_2,Node_3,eac1,-0.075
2030,sc01,06-03 06:00:00+02:00,Node_2,Node_3,cac1,-0.018749999999997158
2030,sc01,06-03 06:00:00+02:00,Node_1,Node_2,eac1,-0.065625
2030,sc01,06-03 07:00:00+02:00,Node_1,Node_3,cac1,0.0
2030,sc01,06-03 07:00:00+02:00,Node_1,Node_2,cac1,0.0
2030,sc01,06-03 07:00:00+02:00,Node_2,Node_3,cac3,0.0
2030,sc01,06-03 07:00:00+02:00,Node_2,Node_3,cac2,-0.037499999999994316
2030,sc01,06-03 07:00:00+02:00,Node_1,Node_3,cac3,0.0
2030,sc01,06-03 07:00:00+02:00,Node_1,Node_3,cac2,0.0
2030,sc01,06-03 07:00:00+02:00,Node_1,Node_2,cac3,0.0
2030,sc01,06-03 07:00:00+02:00,Node_1,Node_3,eac1,-0.075
2030,sc01,06-03 07:00:00+02:00,Node_1,Node_2,cac2,0.0
2030,sc01,06-03 07:00:00+02:00,Node_2,Node_3,eac1,-0.075
2030,sc01,06-03 07:00:00+02:00,Node_2,Node_3,cac1,-0.018749999999997158
2030,sc01,06-03 07:00:00+02:00,Node_1,Node_2,eac1,-0.065625
2030,sc01,06-03 08:00:00+02:00,Node_1,Node_3,cac1,0.0
2030,sc01,06-03 08:00:00+02:00,Node_1,Node_2,cac1,0.0
2030,sc01,06-03 08:00:00+02:00,Node_2,Node_3,cac3,0.0
2030,sc01,06-03 08:00:00+02:00,Node_2,Node_3,cac2,-0.037499999999994316
2030,sc01,06-03 08:00:00+02:00,Node_1,Node_3,cac3,0.0
2030,sc01,06-03 08:00:00+02:00,Node_1,Node_3,cac2,0.0
2030,sc01,06-03 08:00:00+02:00,Node_1,Node_2,cac3,0.0
2030,sc01,06-03 08:00:00+02:00,Node_1,Node_3,eac1,-0.075
2030,sc01,06-03 08:00:00+02:00,Node_1,Node_2,cac2,0.0
2030,sc01,06-03 08:00:00+02:00,Node_2,Node_3,eac1,-0.075
2030,sc01,06-03 08:00:00+02:00,Node_2,Node_3,cac1,-0.018749999999997158
2030,sc01,06-03 08:00:00+02:00,Node_1,Node_2,eac1,-0.065625
2030,sc01,06-03 09:00:00+02:00,Node_1,Node_3,cac1,0.0
2030,sc01,06-03 09:00:00+02:00,Node_1,Node_2,cac1,0.0
2030,sc01,06-03 09:00:00+02:00,Node_2,Node_3,cac3,0.0
2030,sc01,06-03 09:00:00+02:00,Node_2,Node_3,cac2,-0.037499999999994316
2030,sc01,06-03 09:00:00+02:00,Node_1,Node_3,cac3,0.0
2030,sc01,06-03 09:00:00+02:00,Node_1,Node_3,cac2,0.0
2030,sc01,06-03 09:00:00+02:00,Node_1,Node_2,cac3,0.0
2030,sc01,06-03 09:00:00+02:00,Node_1,Node_3,eac1,-0.075
2030,sc01,06-03 09:00:00+02:00,Node_1,Node_2,cac2,0.0
2030,sc01,06-03 09:00:00+02:00,Node_2,Node_3,eac1,-0.075
2030,sc01,06-03 09:00:00+02:00,Node_2,Node_3,cac1,-0.018749999999997158
2030,sc01,06-03 09:00:00+02:00,Node_1,Node_2,eac1,-0.065625
2030,sc01,06-03 10:00:00+02:00,Node_1,Node_3,cac1,0.0
2030,sc01,06-03 10:00:00+02:00,Node_1,Node_2,cac1,0.0
2030,sc01,06-03 10:00:00+02:00,Node_2,Node_3,cac3,0.0
2030,sc01,06-03 10:00:00+02:00,Node_2,Node_3,cac2,-0.037499999999994316
2030,sc01,06-03 10:00:00+02:00,Node_1,Node_3,cac3,0.0
2030,sc01,06-03 10:00:00+02:00,Node_1,Node_3,cac2,0.0
2030,sc01,06-03 10:00:00+02:00,Node_1,Node_2,cac3,0.0
2030,sc01,06-03 10:00:00+02:00,Node_1,Node_3,eac1,-0.075
2030,sc01,06-03 10:00:00+02:00,Node_1,Node_2,cac2,0.0
2030,sc01,06-03 10:00:00+02:00,Node_2,Node_3,eac1,-0.075
2030,sc01,06-03 10:00:00+02:00,Node_2,Node_3,cac1,-0.018749999999997158
2030,sc01,06-03 10:00:00+02:00,Node_1,Node_2,eac1,-0.065625
2030,sc01,06-03 11:00:00+02:00,Node_1,Node_3,cac1,0.0
2030,sc01,06-03 11:00:00+02:00,Node_1,Node_2,cac1,0.0
2030,sc01,06-03 11:00:00+02:00,Node_2,Node_3,cac3,0.0
2030,sc01,06-03 11:00:00+02:00,Node_2,Node_3,cac2,-0.037499999999994316
2030,sc01,06-03 11:00:00+02:00,Node_1,Node_3,cac3,0.0
2030,sc01,06-03 11:00:00+02:00,Node_1,Node_3,cac2,0.0
2030,sc01,06-03 11:00:00+02:00,Node_1,Node_2,cac3,0.0
2030,sc01,06-03 11:00:00+02:00,Node_1,Node_3,eac1,-0.075
2030,sc01,06-03 11:00:00+02:00,Node_1,Node_2,cac2,0.0
2030,sc01,06-03 11:00:00+02:00,Node_2,Node_3,eac1,-0.075
2030,sc01,06-03 11:00:00+02:00,Node_2,Node_3,cac1,-0.018749999999997158
2030,sc01,06-03 11:00:00+02:00,Node_1,Node_2,eac1,-0.065625
2030,sc01,06-03 12:00:00+02:00,Node_1,Node_3,cac1,0.0
2030,sc01,06-03 12:00:00+02:00,Node_1,Node_2,cac1,0.0
2030,sc01,06-03 12:00:00+02:00,Node_2,Node_3,cac3,0.0
2030,sc01,06-03 12:00:00+02:00,Node_2,Node_3,cac2,-0.037499999999994316
2030,sc01,06-03 12:00:00+02:00,Node_1,Node_3,cac3,0.0
2030,sc01,06-03 12:00:00+02:00,Node_1,Node_3,cac2,0.0
2030,sc01,06-03 12:00:00+02:00,Node_1,Node_2,cac3,0.0
2030,sc01,06-03 12:00:00+02:00,Node_1,Node_3,eac1,-0.075
2030,sc01,06-03 12:00:00+02:00,Node_1,Node_2,cac2,0.0
2030,sc01,06-03 12:00:00+02:00,Node_2,Node_3,eac1,-0.075
2030,sc01,06-03 12:00:00+02:00,Node_2,Node_3,cac1,-0.018749999999997158
2030,sc01,06-03 12:00:00+02:00,Node_1,Node_2,eac1,-0.065625
2030,sc01,06-03 13:00:00+02:00,Node_1,Node_3,cac1,0.0
2030,sc01,06-03 13:00:00+02:00,Node_1,Node_2,cac1,0.0
2030,sc01,06-03 13:00:00+02:00,Node_2,Node_3,cac3,0.0
2030,sc01,06-03 13:00:00+02:00,Node_2,Node_3,cac2,-0.037499999999994316
2030,sc01,06-03 13:00:00+02:00,Node_1,Node_3,cac3,0.0
2030,sc01,06-03 13:00:00+02:00,Node_1,Node_3,cac2,0.0
2030,sc01,06-03 13:00:00+02:00,Node_1,Node_2,cac3,0.0
2030,sc01,06-03 13:00:00+02:00,Node_1,Node_3,eac1,-0.075
2030,sc01,06-03 13:00:00+02:00,Node_1,Node_2,cac2,0.0
2030,sc01,06-03 13:00:00+02:00,Node_2,Node_3,eac1,-0.075
2030,sc01,06-03 13:00:00+02:00,Node_2,Node_3,cac1,-0.018749999999997158
2030,sc01,06-03 13:00:00+02:00,Node_1,Node_2,eac1,-0.065625
2030,sc01,06-03 14:00:00+02:00,Node_1,Node_3,cac1,0.0
2030,sc01,06-03 14:00:00+02:00,Node_1,Node_2,cac1,0.0
2030,sc01,06-03 14:00:00+02:00,Node_2,Node_3,cac3,0.0
2030,sc01,06-03 14:00:00+02:00,Node_2,Node_3,cac2,-0.037499999999994316
2030,sc01,06-03 14:00:00+02:00,Node_1,Node_3,cac3,0.0
2030,sc01,06-03 14:00:00+02:00,Node_1,Node_3,cac2,0.0
2030,sc01,06-03 14:00:00+02:00,Node_1,Node_2,cac3,0.0
2030,sc01,06-03 14:00:00+02:00,Node_1,Node_3,eac1,-0.075
2030,sc01,06-03 14:00:00+02:00,Node_1,Node_2,cac2,0.0
2030,sc01,06-03 14:00:00+02:00,Node_2,Node_3,eac1,-0.075
2030,sc01,06-03 14:00:00+02:00,Node_2,Node_3,cac1,-0.018749999999997158
2030,sc01,06-03 14:00:00+02:00,Node_1,Node_2,eac1,-0.065625
2030,sc01,06-03 15:00:00+02:00,Node_1,Node_3,cac1,0.0
2030,sc01,06-03 15:00:00+02:00,Node_1,Node_2,cac1,0.0
2030,sc01,06-03 15:00:00+02:00,Node_2,Node_3,cac3,0.0
2030,sc01,06-03 15:00:00+02:00,Node_2,Node_3,cac2,-0.037499999999994316
2030,sc01,06-03 15:00:00+02:00,Node_1,Node_3,cac3,0.0
2030,sc01,06-03 15:00:00+02:00,Node_1,Node_3,cac2,0.0
2030,sc01,06-03 15:00:00+02:00,Node_1,Node_2,cac3,0.0
2030,sc01,06-03 15:00:00+02:00,Node_1,Node_3,eac1,-0.075
2030,sc01,06-03 15:00:00+02:00,Node_1,Node_2,cac2,0.0
2030,sc01,06-03 15:00:00+02:00,Node_2,Node_3,eac1,-0.075
2030,sc01,06-03 15:00:00+02:00,Node_2,Node_3,cac1,-0.018749999999997158
2030,sc01,06-03 15:00:00+02:00,Node_1,Node_2,eac1,-0.065625
2030,sc01,06-03 16:00:00+02:00,Node_1,Node_3,cac1,0.0
2030,sc01,06-03 16:00:00+02:00,Node_1,Node_2,cac1,0.0
2030,sc01,06-03 16:00:00+02:00,Node_2,Node_3,cac3,0.0
2030,sc01,06-03 16:00:00+02:00,Node_2,Node_3,cac2,-0.037499999999994316
2030,sc01,06-03 16:00:00+02:00,Node_1,Node_3,cac3,0.0
2030,sc01,06-03 16:00:00+02:00,Node_1,Node_3,cac2,0.0
2030,sc01,06-03 16:00:00+02:00,Node_1,Node_2,cac3,0.0
2030,sc01,06-03 16:00:00+02:00,Node_1,Node_3,eac1,-0.075
2030,sc01,06-03 16:00:00+02:00,Node_1,Node_2,cac2,0.0
2030,sc01,06-03 16:00:00+02:00,Node_2,Node_3,eac1,-0.075
2030,sc01,06-03 16:00:00+02:00,Node_2,Node_3,cac1,-0.018749999999997158
2030,sc01,06-03 16:00:00+02:00,Node_1,Node_2,eac1,-0.065625
2030,sc01,06-03 17:00:00+02:00,Node_1,Node_3,cac1,0.0
2030,sc01,06-03 17:00:00+02:00,Node_1,Node_2,cac1,0.0
2030,sc01,06-03 17:00:00+02:00,Node_2,Node_3,cac3,0.0
2030,sc01,06-03 17:00:00+02:00,Node_2,Node_3,cac2,-0.037499999999994316
2030,sc01,06-03 17:00:00+02:00,Node_1,Node_3,cac3,0.0
2030,sc01,06-03 17:00:00+02:00,Node_1,Node_3,cac2,0.0
2030,sc01,06-03 17:00:00+02:00,Node_1,Node_2,cac3,0.0
2030,sc01,06-03 17:00:00+02:00,Node_1,Node_3,eac1,-0.075
2030,sc01,06-03 17:00:00+02:00,Node_1,Node_2,cac2,0.0
2030,sc01,06-03 17:00:00+02:00,Node_2,Node_3,eac1,-0.075
2030,sc01,06-03 17:00:00+02:00,Node_2,Node_3,cac1,-0.018749999999997158
2030,sc01,06-03 17:00:00+02:00,Node_1,Node_2,eac1,-0.065625
2030,sc01,06-03 18:00:00+02:00,Node_1,Node_3,cac1,0.0
2030,sc01,06-03 18:00:00+02:00,Node_1,Node_2,cac1,0.0
2030,sc01,06-03 18:00:00+02:00,Node_2,Node_3,cac3,0.0
2030,sc01,06-03 18:00:00+02:00,Node_2,Node_3,cac2,-0.037499999999994316
2030,sc01,06-03 18:00:00+02:00,Node_1,Node_3,cac3,0.0
2030,sc01,06-03 18:00:00+02:00,Node_1,Node_3,cac2,0.0
2030,sc01,06-03 18:00:00+02:00,Node_1,Node_2,cac3,0.0
2030,sc01,06-03 18:00:00+02:00,Node_1,Node_3,eac1,-0.075
2030,sc01,06-03 18:00:00+02:00,Node_1,Node_2,cac2,0.0
2030,sc01,06-03 18:00:00+02:00,Node_2,Node_3,eac1,-0.075
2030,sc01,06-03 18:00:00+02:00,Node_2,Node_3,cac1,-0.018749999999997158
2030,sc01,06-03 18:00:00+02:00,Node_1,Node_2,eac1,-0.065625
2030,sc01,06-03 19:00:00+02:00,Node_1,Node_3,cac1,0.0
2030,sc01,06-03 19:00:00+02:00,Node_1,Node_2,cac1,0.0
2030,sc01,06-03 19:00:00+02:00,Node_2,Node_3,cac3,0.0
2030,sc01,06-03 19:00:00+02:00,Node_2,Node_3,cac2,-0.037499999999994316
2030,sc01,06-03 19:00:00+02:00,Node_1,Node_3,cac3,0.0
2030,sc01,06-03 19:00:00+02:00,Node_1,Node_3,cac2,0.0
2030,sc01,06-03 19:00:00+02:00,Node_1,Node_2,cac3,0.0
2030,sc01,06-03 19:00:00+02:00,Node_1,Node_3,eac1,-0.075
2030,sc01,06-03 19:00:00+02:00,Node_1,Node_2,cac2,0.0
2030,sc01,06-03 19:00:00+02:00,Node_2,Node_3,eac1,-0.075
2030,sc01,06-03 19:00:00+02:00,Node_2,Node_3,cac1,-0.018749999999997158
2030,sc01,06-03 19:00:00+02:00,Node_1,Node_2,eac1,-0.065625
2030,sc01,06-03 20:00:00+02:00,Node_1,Node_3,cac1,0.0
2030,sc01,06-03 20:00:00+02:00,Node_1,Node_2,cac1,0.0
2030,sc01,06-03 20:00:00+02:00,Node_2,Node_3,cac3,0.0
2030,sc01,06-03 20:00:00+02:00,Node_2,Node_3,cac2,-0.037499999999994316
2030,sc01,06-03 20:00:00+02:00,Node_1,Node_3,cac3,0.0
2030,sc01,06-03 20:00:00+02:00,Node_1,Node_3,cac2,0.0
2030,sc01,06-03 20:00:00+02:00,Node_1,Node_2,cac3,0.0
2030,sc01,06-03 20:00:00+02:00,Node_1,Node_3,eac1,-0.075
2030,sc01,06-03 20:00:00+02:00,Node_1,Node_2,cac2,0.0
2030,sc01,06-03 20:00:00+02:00,Node_2,Node_3,eac1,-0.075
2030,sc01,06-03 20:00:00+02:00,Node_2,Node_3,cac1,-0.018749999999997158
2030,sc01,06-03 20:00:00+02:00,Node_1,Node_2,eac1,-0.065625
2030,sc01,06-03 21:00:00+02:00,Node_1,Node_3,cac1,0.0
2030,sc01,06-03 21:00:00+02:00,Node_1,Node_2,cac1,0.0
2030,sc01,06-03 21:00:00+02:00,Node_2,Node_3,cac3,0.0
2030,sc01,06-03 21:00:00+02:00,Node_2,Node_3,cac2,-0.037499999999994316
2030,sc01,06-03 21:00:00+02:00,Node_1,Node_3,cac3,0.0
2030,sc01,06-03 21:00:00+02:00,Node_1,Node_3,cac2,0.0
2030,sc01,06-03 21:00:00+02:00,Node_1,Node_2,cac3,0.0
2030,sc01,06-03 21:00:00+02:00,Node_1,Node_3,eac1,-0.075
2030,sc01,06-03 21:00:00+02:00,Node_1,Node_2,cac2,0.0
2030,sc01,06-03 21:00:00+02:00,Node_2,Node_3,eac1,-0.075
2030,sc01,06-03 21:00:00+02:00,Node_2,Node_3,cac1,-0.018749999999997158
2030,sc01,06-03 21:00:00+02:00,Node_1,Node_2,eac1,-0.065625
2030,sc01,06-03 22:00:00+02:00,Node_1,Node_3,cac1,0.0
2030,sc01,06-03 22:00:00+02:00,Node_1,Node_2,cac1,0.0
2030,sc01,06-03 22:00:00+02:00,Node_2,Node_3,cac3,0.0
2030,sc01,06-03 22:00:00+02:00,Node_2,Node_3,cac2,-0.037499999999994316
2030,sc01,06-03 22:00:00+02:00,Node_1,Node_3,cac3,0.0
2030,sc01,06-03 22:00:00+02:00,Node_1,Node_3,cac2,0.0
2030,sc01,06-03 22:00:00+02:00,Node_1,Node_2,cac3,0.0
2030,sc01,06-03 22:00:00+02:00,Node_1,Node_3,eac1,-0.075
2030,sc01,06-03 22:00:00+02:00,Node_1,Node_2,cac2,0.0
2030,sc01,06-03 22:00:00+02:00,Node_2,Node_3,eac1,-0.075
2030,sc01,06-03 22:00:00+02:00,Node_2,Node_3,cac1,-0.018749999999997158
2030,sc01,06-03 22:00:00+02:00,Node_1,Node_2,eac1,-0.065625
2030,sc01,06-03 23:00:00+02:00,Node_1,Node_3,cac1,0.0
2030,sc01,06-03 23:00:00+02:00,Node_1,Node_2,cac1,0.0
2030,sc01,06-03 23:00:00+02:00,Node_2,Node_3,cac3,0.0
2030,sc01,06-03 23:00:00+02:00,Node_2,Node_3,cac2,-0.037499999999994316
2030,sc01,06-03 23:00:00+02:00,Node_1,Node_3,cac3,0.0
2030,sc01,06-03 23:00:00+02:00,Node_1,Node_3,cac2,0.0
2030,sc01,06-03 23:00:00+02:00,Node_1,Node_2,cac3,0.0
2030,sc01,06-03 23:00:00+02:00,Node_1,Node_3,eac1,-0.075
2030,sc01,06-03 23:00:00+02:00,Node_1,Node_2,cac2,0.0
2030,sc01,06-03 23:00:00+02:00,Node_2,Node_3,eac1,-0.075
2030,sc01,06-03 23:00:00+02:00,Node_2,Node_3,cac1,-0.018749999999997158
2030,sc01,06-03 23:00:00+02:00,Node_1,Node_2,eac1,-0.065625
2030,sc01,06-18 00:00:00+02:00,Node_1,Node_3,cac1,0.0
2030,sc01,06-18 00:00:00+02:00,Node_1,Node_2,cac1,0.0
2030,sc01,06-18 00:00:00+02:00,Node_2,Node_3,cac3,0.0
2030,sc01,06-18 00:00:00+02:00,Node_2,Node_3,cac2,-0.037499999999994316
2030,sc01,06-18 00:00:00+02:00,Node_1,Node_3,cac3,0.0
2030,sc01,06-18 00:00:00+02:00,Node_1,Node_3,cac2,0.0
2030,sc01,06-18 00:00:00+02:00,Node_1,Node_2,cac3,0.0
2030,sc01,06-18 00:00:00+02:00,Node_1,Node_3,eac1,-0.075
2030,sc01,06-18 00:00:00+02:00,Node_1,Node_2,cac2,0.0
2030,sc01,06-18 00:00:00+02:00,Node_2,Node_3,eac1,-0.075
2030,sc01,06-18 00:00:00+02:00,Node_2,Node_3,cac1,-0.018749999999997158
2030,sc01,06-18 00:00:00+02:00,Node_1,Node_2,eac1,-0.065625
2030,sc01,06-18 01:00:00+02:00,Node_1,Node_3,cac1,0.0
2030,sc01,06-18 01:00:00+02:00,Node_1,Node_2,cac1,0.0
2030,sc01,06-18 01:00:00+02:00,Node_2,Node_3,cac3,0.0
2030,sc01,06-18 01:00:00+02:00,Node_2,Node_3,cac2,-0.037499999999994316
2030,sc01,06-18 01:00:00+02:00,Node_1,Node_3,cac3,0.0
2030,sc01,06-18 01:00:00+02:00,Node_1,Node_3,cac2,0.0
2030,sc01,06-18 01:00:00+02:00,Node_1,Node_2,cac3,0.0
2030,sc01,06-18 01:00:00+02:00,Node_1,Node_3,eac1,-0.075
2030,sc01,06-18 01:00:00+02:00,Node_1,Node_2,cac2,0.0
2030,sc01,06-18 01:00:00+02:00,Node_2,Node_3,eac1,-0.075
2030,sc01,06-18 01:00:00+02:00,Node_2,Node_3,cac1,-0.018749999999997158
2030,sc01,06-18 01:00:00+02:00,Node_1,Node_2,eac1,-0.065625
2030,sc01,06-18 02:00:00+02:00,Node_1,Node_3,cac1,0.0
2030,sc01,06-18 02:00:00+02:00,Node_1,Node_2,cac1,0.0
2030,sc01,06-18 02:00:00+02:00,Node_2,Node_3,cac3,0.0
2030,sc01,06-18 02:00:00+02:00,Node_2,Node_3,cac2,-0.037499999999994316
2030,sc01,06-18 02:00:00+02:00,Node_1,Node_3,cac3,0.0
2030,sc01,06-18 02:00:00+02:00,Node_1,Node_3,cac2,0.0
2030,sc01,06-18 02:00:00+02:00,Node_1,Node_2,cac3,0.0
2030,sc01,06-18 02:00:00+02:00,Node_1,Node_3,eac1,-0.075
2030,sc01,06-18 02:00:00+02:00,Node_1,Node_2,cac2,0.0
2030,sc01,06-18 02:00:00+02:00,Node_2,Node_3,eac1,-0.075
2030,sc01,06-18 02:00:00+02:00,Node_2,Node_3,cac1,-0.018749999999997158
2030,sc01,06-18 02:00:00+02:00,Node_1,Node_2,eac1,-0.065625
2030,sc01,06-18 03:00:00+02:00,Node_1,Node_3,cac1,0.0
2030,sc01,06-18 03:00:00+02:00,Node_1,Node_2,cac1,0.0
2030,sc01,06-18 03:00:00+02:00,Node_2,Node_3,cac3,0.0
2030,sc01,06-18 03:00:00+02:00,Node_2,Node_3,cac2,-0.037499999999994316
2030,sc01,06-18 03:00:00+02:00,Node_1,Node_3,cac3,0.0
2030,sc01,06-18 03:00:00+02:00,Node_1,Node_3,cac2,0.0
2030,sc01,06-18 03:00:00+02:00,Node_1,Node_2,cac3,0.0
2030,sc01,06-18 03:00:00+02:00,Node_1,Node_3,eac1,-0.075
2030,sc01,06-18 03:00:00+02:00,Node_1,Node_2,cac2,0.0
2030,sc01,06-18 03:00:00+02:00,Node_2,Node_3,eac1,-0.075
2030,sc01,06-18 03:00:00+02:00,Node_2,Node_3,cac1,-0.018749999999997158
2030,sc01,06-18 03:00:00+02:00,Node_1,Node_2,eac1,-0.065625
2030,sc01,06-18 04:00:00+02:00,Node_1,Node_3,cac1,0.0
2030,sc01,06-18 04:00:00+02:00,Node_1,Node_2,cac1,0.0
2030,sc01,06-18 04:00:00+02:00,Node_2,Node_3,cac3,0.0
2030,sc01,06-18 04:00:00+02:00,Node_2,Node_3,cac2,-0.037499999999994316
2030,sc01,06-18 04:00:00+02:00,Node_1,Node_3,cac3,0.0
2030,sc01,06-18 04:00:00+02:00,Node_1,Node_3,cac2,0.0
2030,sc01,06-18 04:00:00+02:00,Node_1,Node_2,cac3,0.0
2030,sc01,06-18 04:00:00+02:00,Node_1,Node_3,eac1,-0.075
2030,sc01,06-18 04:00:00+02:00,Node_1,Node_2,cac2,0.0
2030,sc01,06-18 04:00:00+02:00,Node_2,Node_3,eac1,-0.075
2030,sc01,06-18 04:00:00+02:00,Node_2,Node_3,cac1,-0.018749999999997158
2030,sc01,06-18 04:00:00+02:00,Node_1,Node_2,eac1,-0.065625
2030,sc01,06-18 05:00:00+02:00,Node_1,Node_3,cac1,0.0
2030,sc01,06-18 05:00:00+02:00,Node_1,Node_2,cac1,0.0
2030,sc01,06-18 05:00:00+02:00,Node_2,Node_3,cac3,0.0
2030,sc01,06-18 05:00:00+02:00,Node_2,Node_3,cac2,-0.037499999999994316
2030,sc01,06-18 05:00:00+02:00,Node_1,Node_3,cac3,0.0
2030,sc01,06-18 05:00:00+02:00,Node_1,Node_3,cac2,0.0
2030,sc01,06-18 05:00:00+02:00,Node_1,Node_2,cac3,0.0
2030,sc01,06-18 05:00:00+02:00,Node_1,Node_3,eac1,-0.075
2030,sc01,06-18 05:00:00+02:00,Node_1,Node_2,cac2,0.0
2030,sc01,06-18 05:00:00+02:00,Node_2,Node_3,eac1,-0.075
2030,sc01,06-18 05:00:00+02:00,Node_2,Node_3,cac1,-0.018749999999997158
2030,sc01,06-18 05:00:00+02:00,Node_1,Node_2,eac1,-0.065625
2030,sc01,06-18 06:00:00+02:00,Node_1,Node_3,cac1,0.0
2030,sc01,06-18 06:00:00+02:00,Node_1,Node_2,cac1,0.0
2030,sc01,06-18 06:00:00+02:00,Node_2,Node_3,cac3,0.0
2030,sc01,06-18 06:00:00+02:00,Node_2,Node_3,cac2,-0.037499999999994316
2030,sc01,06-18 06:00:00+02:00,Node_1,Node_3,cac3,0.0
2030,sc01,06-18 06:00:00+02:00,Node_1,Node_3,cac2,0.0
2030,sc01,06-18 06:00:00+02:00,Node_1,Node_2,cac3,0.0
2030,sc01,06-18 06:00:00+02:00,Node_1,Node_3,eac1,-0.075
2030,sc01,06-18 06:00:00+02:00,Node_1,Node_2,cac2,0.0
2030,sc01,06-18 06:00:00+02:00,Node_2,Node_3,eac1,-0.075
2030,sc01,06-18 06:00:00+02:00,Node_2,Node_3,cac1,-0.018749999999997158
2030,sc01,06-18 06:00:00+02:00,Node_1,Node_2,eac1,-0.065625
2030,sc01,06-18 07:00:00+02:00,Node_1,Node_3,cac1,0.0
2030,sc01,06-18 07:00:00+02:00,Node_1,Node_2,cac1,0.0
2030,sc01,06-18 07:00:00+02:00,Node_2,Node_3,cac3,0.0
2030,sc01,06-18 07:00:00+02:00,Node_2,Node_3,cac2,-0.037499999999994316
2030,sc01,06-18 07:00:00+02:00,Node_1,Node_3,cac3,0.0
2030,sc01,06-18 07:00:00+02:00,Node_1,Node_3,cac2,0.0
2030,sc01,06-18 07:00:00+02:00,Node_1,Node_2,cac3,0.0
2030,sc01,06-18 07:00:00+02:00,Node_1,Node_3,eac1,-0.075
2030,sc01,06-18 07:00:00+02:00,Node_1,Node_2,cac2,0.0
2030,sc01,06-18 07:00:00+02:00,Node_2,Node_3,eac1,-0.075
2030,sc01,06-18 07:00:00+02:00,Node_2,Node_3,cac1,-0.018749999999997158
2030,sc01,06-18 07:00:00+02:00,Node_1,Node_2,eac1,-0.065625
2030,sc01,06-18 08:00:00+02:00,Node_1,Node_3,cac1,0.0
2030,sc01,06-18 08:00:00+02:00,Node_1,Node_2,cac1,0.0
2030,sc01,06-18 08:00:00+02:00,Node_2,Node_3,cac3,0.0
2030,sc01,06-18 08:00:00+02:00,Node_2,Node_3,cac2,-0.037499999999994316
2030,sc01,06-18 08:00:00+02:00,Node_1,Node_3,cac3,0.0
2030,sc01,06-18 08:00:00+02:00,Node_1,Node_3,cac2,0.0
2030,sc01,06-18 08:00:00+02:00,Node_1,Node_2,cac3,0.0
2030,sc01,06-18 08:00:00+02:00,Node_1,Node_3,eac1,-0.075
2030,sc01,06-18 08:00:00+02:00,Node_1,Node_2,cac2,0.0
2030,sc01,06-18 08:00:00+02:00,Node_2,Node_3,eac1,-0.075
2030,sc01,06-18 08:00:00+02:00,Node_2,Node_3,cac1,-0.018749999999997158
2030,sc01,06-18 08:00:00+02:00,Node_1,Node_2,eac1,-0.065625
2030,sc01,06-18 09:00:00+02:00,Node_1,Node_3,cac1,0.0
2030,sc01,06-18 09:00:00+02:00,Node_1,Node_2,cac1,0.0
2030,sc01,06-18 09:00:00+02:00,Node_2,Node_3,cac3,0.0
2030,sc01,06-18 09:00:00+02:00,Node_2,Node_3,cac2,-0.037499999999994316
2030,sc01,06-18 09:00:00+02:00,Node_1,Node_3,cac3,0.0
2030,sc01,06-18 09:00:00+02:00,Node_1,Node_3,cac2,0.0
2030,sc01,06-18 09:00:00+02:00,Node_1,Node_2,cac3,0.0
2030,sc01,06-18 09:00:00+02:00,Node_1,Node_3,eac1,-0.075
2030,sc01,06-18 09:00:00+02:00,Node_1,Node_2,cac2,0.0
2030,sc01,06-18 09:00:00+02:00,Node_2,Node_3,eac1,-0.075
2030,sc01,06-18 09:00:00+02:00,Node_2,Node_3,cac1,-0.018749999999997158
2030,sc01,06-18 09:00:00+02:00,Node_1,Node_2,eac1,-0.065625
2030,sc01,06-18 10:00:00+02:00,Node_1,Node_3,cac1,0.0
2030,sc01,06-18 10:00:00+02:00,Node_1,Node_2,cac1,0.0
2030,sc01,06-18 10:00:00+02:00,Node_2,Node_3,cac3,0.0
2030,sc01,06-18 10:00:00+02:00,Node_2,Node_3,cac2,-0.037499999999994316
2030,sc01,06-18 10:00:00+02:00,Node_1,Node_3,cac3,0.0
2030,sc01,06-18 10:00:00+02:00,Node_1,Node_3,cac2,0.0
2030,sc01,06-18 10:00:00+02:00,Node_1,Node_2,cac3,0.0
2030,sc01,06-18 10:00:00+02:00,Node_1,Node_3,eac1,-0.075
2030,sc01,06-18 10:00:00+02:00,Node_1,Node_2,cac2,0.0
2030,sc01,06-18 10:00:00+02:00,Node_2,Node_3,eac1,-0.075
2030,sc01,06-18 10:00:00+02:00,Node_2,Node_3,cac1,-0.018749999999997158
2030,sc01,06-18 10:00:00+02:00,Node_1,Node_2,eac1,-0.065625
2030,sc01,06-18 11:00:00+02:00,Node_1,Node_3,cac1,0.0
2030,sc01,06-18 11:00:00+02:00,Node_1,Node_2,cac1,0.0
2030,sc01,06-18 11:00:00+02:00,Node_2,Node_3,cac3,0.0
2030,sc01,06-18 11:00:00+02:00,Node_2,Node_3,cac2,-0.037499999999994316
2030,sc01,06-18 11:00:00+02:00,Node_1,Node_3,cac3,0.0
2030,sc01,06-18 11:00:00+02:00,Node_1,Node_3,cac2,0.0
2030,sc01,06-18 11:00:00+02:00,Node_1,Node_2,cac3,0.0
2030,sc01,06-18 11:00:00+02:00,Node_1,Node_3,eac1,-0.075
2030,sc01,06-18 11:00:00+02:00,Node_1,Node_2,cac2,0.0
2030,sc01,06-18 11:00:00+02:00,Node_2,Node_3,eac1,-0.075
2030,sc01,06-18 11:00:00+02:00,Node_2,Node_3,cac1,-0.018749999999997158
2030,sc01,06-18 11:00:00+02:00,Node_1,Node_2,eac1,-0.065625
2030,sc01,06-18 12:00:00+02:00,Node_1,Node_3,cac1,0.0
2030,sc01,06-18 12:00:00+02:00,Node_1,Node_2,cac1,0.0
2030,sc01,06-18 12:00:00+02:00,Node_2,Node_3,cac3,0.0
2030,sc01,06-18 12:00:00+02:00,Node_2,Node_3,cac2,-0.037499999999994316
2030,sc01,06-18 12:00:00+02:00,Node_1,Node_3,cac3,0.0
2030,sc01,06-18 12:00:00+02:00,Node_1,Node_3,cac2,0.0
2030,sc01,06-18 12:00:00+02:00,Node_1,Node_2,cac3,0.0
2030,sc01,06-18 12:00:00+02:00,Node_1,Node_3,eac1,-0.075
2030,sc01,06-18 12:00:00+02:00,Node_1,Node_2,cac2,0.0
2030,sc01,06-18 12:00:00+02:00,Node_2,Node_3,eac1,-0.075
2030,sc01,06-18 12:00:00+02:00,Node_2,Node_3,cac1,-0.018749999999997158
2030,sc01,06-18 12:00:00+02:00,Node_1,Node_2,eac1,-0.065625
2030,sc01,06-18 13:00:00+02:00,Node_1,Node_3,cac1,0.0
2030,sc01,06-18 13:00:00+02:00,Node_1,Node_2,cac1,0.0
2030,sc01,06-18 13:00:00+02:00,Node_2,Node_3,cac3,0.0
2030,sc01,06-18 13:00:00+02:00,Node_2,Node_3,cac2,-0.037499999999994316
2030,sc01,06-18 13:00:00+02:00,Node_1,Node_3,cac3,0.0
2030,sc01,06-18 13:00:00+02:00,Node_1,Node_3,cac2,0.0
2030,sc01,06-18 13:00:00+02:00,Node_1,Node_2,cac3,0.0
2030,sc01,06-18 13:00:00+02:00,Node_1,Node_3,eac1,-0.075
2030,sc01,06-18 13:00:00+02:00,Node_1,Node_2,cac2,0.0
2030,sc01,06-18 13:00:00+02:00,Node_2,Node_3,eac1,-0.075
2030,sc01,06-18 13:00:00+02:00,Node_2,Node_3,cac1,-0.018749999999997158
2030,sc01,06-18 13:00:00+02:00,Node_1,Node_2,eac1,-0.065625
2030,sc01,06-18 14:00:00+02:00,Node_1,Node_3,cac1,0.0
2030,sc01,06-18 14:00:00+02:00,Node_1,Node_2,cac1,0.0
2030,sc01,06-18 14:00:00+02:00,Node_2,Node_3,cac3,0.0
2030,sc01,06-18 14:00:00+02:00,Node_2,Node_3,cac2,-0.037499999999994316
2030,sc01,06-18 14:00:00+02:00,Node_1,Node_3,cac3,0.0
2030,sc01,06-18 14:00:00+02:00,Node_1,Node_3,cac2,0.0
2030,sc01,06-18 14:00:00+02:00,Node_1,Node_2,cac3,0.0
2030,sc01,06-18 14:00:00+02:00,Node_1,Node_3,eac1,-0.075
2030,sc01,06-18 14:00:00+02:00,Node_1,Node_2,cac2,0.0
2030,sc01,06-18 14:00:00+02:00,Node_2,Node_3,eac1,-0.075
2030,sc01,06-18 14:00:00+02:00,Node_2,Node_3,cac1,-0.018749999999997158
2030,sc01,06-18 14:00:00+02:00,Node_1,Node_2,eac1,-0.065625
2030,sc01,06-18 15:00:00+02:00,Node_1,Node_3,cac1,0.0
2030,sc01,06-18 15:00:00+02:00,Node_1,Node_2,cac1,0.0
2030,sc01,06-18 15:00:00+02:00,Node_2,Node_3,cac3,0.0
2030,sc01,06-18 15:00:00+02:00,Node_2,Node_3,cac2,-0.037499999999994316
2030,sc01,06-18 15:00:00+02:00,Node_1,Node_3,cac3,0.0
2030,sc01,06-18 15:00:00+02:00,Node_1,Node_3,cac2,0.0
2030,sc01,06-18 15:00:00+02:00,Node_1,Node_2,cac3,0.0
2030,sc01,06-18 15:00:00+02:00,Node_1,Node_3,eac1,-0.075
2030,sc01,06-18 15:00:00+02:00,Node_1,Node_2,cac2,0.0
2030,sc01,06-18 15:00:00+02:00,Node_2,Node_3,eac1,-0.075
2030,sc01,06-18 15:00:00+02:00,Node_2,Node_3,cac1,-0.018749999999997158
2030,sc01,06-18 15:00:00+02:00,Node_1,Node_2,eac1,-0.065625
2030,sc01,06-18 16:00:00+02:00,Node_1,Node_3,cac1,0.0
2030,sc01,06-18 16:00:00+02:00,Node_1,Node_2,cac1,0.0
2030,sc01,06-18 16:00:00+02:00,Node_2,Node_3,cac3,0.0
2030,sc01,06-18 16:00:00+02:00,Node_2,Node_3,cac2,-0.037499999999994316
2030,sc01,06-18 16:00:00+02:00,Node_1,Node_3,cac3,0.0
2030,sc01,06-18 16:00:00+02:00,Node_1,Node_3,cac2,0.0
2030,sc01,06-18 16:00:00+02:00,Node_1,Node_2,cac3,0.0
2030,sc01,06-18 16:00:00+02:00,Node_1,Node_3,eac1,-0.075
2030,sc01,06-18 16:00:00+02:00,Node_1,Node_2,cac2,0.0
2030,sc01,06-18 16:00:00+02:00,Node_2,Node_3,eac1,-0.075
2030,sc01,06-18 16:00:00+02:00,Node_2,Node_3,cac1,-0.018749999999997158
2030,sc01,06-18 16:00:00+02:00,Node_1,Node_2,eac1,-0.065625
2030,sc01,06-18 17:00:00+02:00,Node_1,Node_3,cac1,0.0
2030,sc01,06-18 17:00:00+02:00,Node_1,Node_2,cac1,0.0
2030,sc01,06-18 17:00:00+02:00,Node_2,Node_3,cac3,0.0
2030,sc01,06-18 17:00:00+02:00,Node_2,Node_3,cac2,-0.037499999999994316
2030,sc01,06-18 17:00:00+02:00,Node_1,Node_3,cac3,0.0
2030,sc01,06-18 17:00:00+02:00,Node_1,Node_3,cac2,0.0
2030,sc01,06-18 17:00:00+02:00,Node_1,Node_2,cac3,0.0
2030,sc01,06-18 17:00:00+02:00,Node_1,Node_3,eac1,-0.075
2030,sc01,06-18 17:00:00+02:00,Node_1,Node_2,cac2,0.0
2030,sc01,06-18 17:00:00+02:00,Node_2,Node_3,eac1,-0.075
2030,sc01,06-18 17:00:00+02:00,Node_2,Node_3,cac1,-0.018749999999997158
2030,sc01,06-18 17:00:00+02:00,Node_1,Node_2,eac1,-0.065625
2030,sc01,06-18 18:00:00+02:00,Node_1,Node_3,cac1,0.0
2030,sc01,06-18 18:00:00+02:00,Node_1,Node_2,cac1,0.0
2030,sc01,06-18 18:00:00+02:00,Node_2,Node_3,cac3,0.0
2030,sc01,06-18 18:00:00+02:00,Node_2,Node_3,cac2,-0.037499999999994316
2030,sc01,06-18 18:00:00+02:00,Node_1,Node_3,cac3,0.0
2030,sc01,06-18 18:00:00+02:00,Node_1,Node_3,cac2,0.0
2030,sc01,06-18 18:00:00+02:00,Node_1,Node_2,cac3,0.0
2030,sc01,06-18 18:00:00+02:00,Node_1,Node_3,eac1,-0.075
2030,sc01,06-18 18:00:00+02:00,Node_1,Node_2,cac2,0.0
2030,sc01,06-18 18:00:00+02:00,Node_2,Node_3,eac1,-0.075
2030,sc01,06-18 18:00:00+02:00,Node_2,Node_3,cac1,-0.018749999999997158
2030,sc01,06-18 18:00:00+02:00,Node_1,Node_2,eac1,-0.065625
2030,sc01,06-18 19:00:00+02:00,Node_1,Node_3,cac1,0.0
2030,sc01,06-18 19:00:00+02:00,Node_1,Node_2,cac1,0.0
2030,sc01,06-18 19:00:00+02:00,Node_2,Node_3,cac3,0.0
2030,sc01,06-18 19:00:00+02:00,Node_2,Node_3,cac2,-0.037499999999994316
2030,sc01,06-18 19:00:00+02:00,Node_1,Node_3,cac3,0.0
2030,sc01,06-18 19:00:00+02:00,Node_1,Node_3,cac2,0.0
2030,sc01,06-18 19:00:00+02:00,Node_1,Node_2,cac3,0.0
2030,sc01,06-18 19:00:00+02:00,Node_1,Node_3,eac1,-0.075
2030,sc01,06-18 19:00:00+02:00,Node_1,Node_2,cac2,0.0
2030,sc01,06-18 19:00:00+02:00,Node_2,Node_3,eac1,-0.075
2030,sc01,06-18 19:00:00+02:00,Node_2,Node_3,cac1,-0.018749999999997158
2030,sc01,06-18 19:00:00+02:00,Node_1,Node_2,eac1,-0.065625
2030,sc01,06-18 20:00:00+02:00,Node_1,Node_3,cac1,0.0
2030,sc01,06-18 20:00:00+02:00,Node_1,Node_2,cac1,0.0
2030,sc01,06-18 20:00:00+02:00,Node_2,Node_3,cac3,0.0
2030,sc01,06-18 20:00:00+02:00,Node_2,Node_3,cac2,-0.037499999999994316
2030,sc01,06-18 20:00:00+02:00,Node_1,Node_3,cac3,0.0
2030,sc01,06-18 20:00:00+02:00,Node_1,Node_3,cac2,0.0
2030,sc01,06-18 20:00:00+02:00,Node_1,Node_2,cac3,0.0
2030,sc01,06-18 20:00:00+02:00,Node_1,Node_3,eac1,-0.075
2030,sc01,06-18 20:00:00+02:00,Node_1,Node_2,cac2,0.0
2030,sc01,06-18 20:00:00+02:00,Node_2,Node_3,eac1,-0.075
2030,sc01,06-18 20:00:00+02:00,Node_2,Node_3,cac1,-0.018749999999997158
2030,sc01,06-18 20:00:00+02:00,Node_1,Node_2,eac1,-0.065625
2030,sc01,06-18 21:00:00+02:00,Node_1,Node_3,cac1,0.0
2030,sc01,06-18 21:00:00+02:00,Node_1,Node_2,cac1,0.0
2030,sc01,06-18 21:00:00+02:00,Node_2,Node_3,cac3,0.0
2030,sc01,06-18 21:00:00+02:00,Node_2,Node_3,cac2,-0.037499999999994316
2030,sc01,06-18 21:00:00+02:00,Node_1,Node_3,cac3,0.0
2030,sc01,06-18 21:00:00+02:00,Node_1,Node_3,cac2,0.0
2030,sc01,06-18 21:00:00+02:00,Node_1,Node_2,cac3,0.0
2030,sc01,06-18 21:00:00+02:00,Node_1,Node_3,eac1,-0.075
2030,sc01,06-18 21:00:00+02:00,Node_1,Node_2,cac2,0.0
2030,sc01,06-18 21:00:00+02:00,Node_2,Node_3,eac1,-0.075
2030,sc01,06-18 21:00:00+02:00,Node_2,Node_3,cac1,-0.018749999999997158
2030,sc01,06-18 21:00:00+02:00,Node_1,Node_2,eac1,-0.065625
2030,sc01,06-18 22:00:00+02:00,Node_1,Node_3,cac1,0.0
2030,sc01,06-18 22:00:00+02:00,Node_1,Node_2,cac1,0.0
2030,sc01,06-18 22:00:00+02:00,Node_2,Node_3,cac3,0.0
2030,sc01,06-18 22:00:00+02:00,Node_2,Node_3,cac2,-0.037499999999994316
2030,sc01,06-18 22:00:00+02:00,Node_1,Node_3,cac3,0.0
2030,sc01,06-18 22:00:00+02:00,Node_1,Node_3,cac2,0.0
2030,sc01,06-18 22:00:00+02:00,Node_1,Node_2,cac3,0.0
2030,sc01,06-18 22:00:00+02:00,Node_1,Node_3,eac1,-0.075
2030,sc01,06-18 22:00:00+02:00,Node_1,Node_2,cac2,0.0
2030,sc01,06-18 22:00:00+02:00,Node_2,Node_3,eac1,-0.075
2030,sc01,06-18 22:00:00+02:00,Node_2,Node_3,cac1,-0.018749999999997158
2030,sc01,06-18 22:00:00+02:00,Node_1,Node_2,eac1,-0.065625
2030,sc01,06-18 23:00:00+02:00,Node_1,Node_3,cac1,0.0
2030,sc01,06-18 23:00:00+02:00,Node_1,Node_2,cac1,0.0
2030,sc01,06-18 23:00:00+02:00,Node_2,Node_3,cac3,0.0
2030,sc01,06-18 23:00:00+02:00,Node_2,Node_3,cac2,-0.037499999999994316
2030,sc01,06-18 23:00:00+02:00,Node_1,Node_3,cac3,0.0
2030,sc01,06-18 23:00:00+02:00,Node_1,Node_3,cac2,0.0
2030,sc01,06-18 23:00:00+02:00,Node_1,Node_2,cac3,0.0
2030,sc01,06-18 23:00:00+02:00,Node_1,Node_3,eac1,-0.075
2030,sc01,06-18 23:00:00+02:00,Node_1,Node_2,cac2,0.0
2030,sc01,06-18 23:00:00+02:00,Node_2,Node_3,eac1,-0.075
2030,sc01,06-18 23:00:00+02:00,Node_2,Node_3,cac1,-0.018749999999997158
2030,sc01,06-18 23:00:00+02:00,Node_1,Node_2,eac1,-0.065625
2030,sc01,06-26 00:00:00+02:00,Node_1,Node_3,cac1,0.0
2030,sc01,06-26 00:00:00+02:00,Node_1,Node_2,cac1,0.0
2030,sc01,06-26 00:00:00+02:00,Node_2,Node_3,cac3,0.0
2030,sc01,06-26 00:00:00+02:00,Node_2,Node_3,cac2,-0.037499999999994316
2030,sc01,06-26 00:00:00+02:00,Node_1,Node_3,cac3,0.0
2030,sc01,06-26 00:00:00+02:00,Node_1,Node_3,cac2,0.0
2030,sc01,06-26 00:00:00+02:00,Node_1,Node_2,cac3,0.0
2030,sc01,06-26 00:00:00+02:00,Node_1,Node_3,eac1,-0.075
2030,sc01,06-26 00:00:00+02:00,Node_1,Node_2,cac2,0.0
2030,sc01,06-26 00:00:00+02:00,Node_2,Node_3,eac1,-0.075
2030,sc01,06-26 00:00:00+02:00,Node_2,Node_3,cac1,-0.018749999999997158
2030,sc01,06-26 00:00:00+02:00,Node_1,Node_2,eac1,-0.065625
2030,sc01,06-26 01:00:00+02:00,Node_1,Node_3,cac1,0.0
2030,sc01,06-26 01:00:00+02:00,Node_1,Node_2,cac1,0.0
2030,sc01,06-26 01:00:00+02:00,Node_2,Node_3,cac3,0.0
2030,sc01,06-26 01:00:00+02:00,Node_2,Node_3,cac2,-0.037499999999994316
2030,sc01,06-26 01:00:00+02:00,Node_1,Node_3,cac3,0.0
2030,sc01,06-26 01:00:00+02:00,Node_1,Node_3,cac2,0.0
2030,sc01,06-26 01:00:00+02:00,Node_1,Node_2,cac3,0.0
2030,sc01,06-26 01:00:00+02:00,Node_1,Node_3,eac1,-0.075
2030,sc01,06-26 01:00:00+02:00,Node_1,Node_2,cac2,0.0
2030,sc01,06-26 01:00:00+02:00,Node_2,Node_3,eac1,-0.075
2030,sc01,06-26 01:00:00+02:00,Node_2,Node_3,cac1,-0.018749999999997158
2030,sc01,06-26 01:00:00+02:00,Node_1,Node_2,eac1,-0.065625
2030,sc01,06-26 02:00:00+02:00,Node_1,Node_3,cac1,0.0
2030,sc01,06-26 02:00:00+02:00,Node_1,Node_2,cac1,0.0
2030,sc01,06-26 02:00:00+02:00,Node_2,Node_3,cac3,0.0
2030,sc01,06-26 02:00:00+02:00,Node_2,Node_3,cac2,-0.037499999999994316
2030,sc01,06-26 02:00:00+02:00,Node_1,Node_3,cac3,0.0
2030,sc01,06-26 02:00:00+02:00,Node_1,Node_3,cac2,0.0
2030,sc01,06-26 02:00:00+02:00,Node_1,Node_2,cac3,0.0
2030,sc01,06-26 02:00:00+02:00,Node_1,Node_3,eac1,-0.075
2030,sc01,06-26 02:00:00+02:00,Node_1,Node_2,cac2,0.0
2030,sc01,06-26 02:00:00+02:00,Node_2,Node_3,eac1,-0.075
2030,sc01,06-26 02:00:00+02:00,Node_2,Node_3,cac1,-0.018749999999997158
2030,sc01,06-26 02:00:00+02:00,Node_1,Node_2,eac1,-0.065625
2030,sc01,06-26 03:00:00+02:00,Node_1,Node_3,cac1,0.0
2030,sc01,06-26 03:00:00+02:00,Node_1,Node_2,cac1,0.0
2030,sc01,06-26 03:00:00+02:00,Node_2,Node_3,cac3,0.0
2030,sc01,06-26 03:00:00+02:00,Node_2,Node_3,cac2,-0.037499999999994316
2030,sc01,06-26 03:00:00+02:00,Node_1,Node_3,cac3,0.0
2030,sc01,06-26 03:00:00+02:00,Node_1,Node_3,cac2,0.0
2030,sc01,06-26 03:00:00+02:00,Node_1,Node_2,cac3,0.0
2030,sc01,06-26 03:00:00+02:00,Node_1,Node_3,eac1,-0.075
2030,sc01,06-26 03:00:00+02:00,Node_1,Node_2,cac2,0.0
2030,sc01,06-26 03:00:00+02:00,Node_2,Node_3,eac1,-0.075
2030,sc01,06-26 03:00:00+02:00,Node_2,Node_3,cac1,-0.018749999999997158
2030,sc01,06-26 03:00:00+02:00,Node_1,Node_2,eac1,-0.065625
2030,sc01,06-26 04:00:00+02:00,Node_1,Node_3,cac1,0.0
2030,sc01,06-26 04:00:00+02:00,Node_1,Node_2,cac1,0.0
2030,sc01,06-26 04:00:00+02:00,Node_2,Node_3,cac3,0.0
2030,sc01,06-26 04:00:00+02:00,Node_2,Node_3,cac2,-0.037499999999994316
2030,sc01,06-26 04:00:00+02:00,Node_1,Node_3,cac3,0.0
2030,sc01,06-26 04:00:00+02:00,Node_1,Node_3,cac2,0.0
2030,sc01,06-26 04:00:00+02:00,Node_1,Node_2,cac3,0.0
2030,sc01,06-26 04:00:00+02:00,Node_1,Node_3,eac1,-0.075
2030,sc01,06-26 04:00:00+02:00,Node_1,Node_2,cac2,0.0
2030,sc01,06-26 04:00:00+02:00,Node_2,Node_3,eac1,-0.075
2030,sc01,06-26 04:00:00+02:00,Node_2,Node_3,cac1,-0.018749999999997158
2030,sc01,06-26 04:00:00+02:00,Node_1,Node_2,eac1,-0.065625
2030,sc01,06-26 05:00:00+02:00,Node_1,Node_3,cac1,0.0
2030,sc01,06-26 05:00:00+02:00,Node_1,Node_2,cac1,0.0
2030,sc01,06-26 05:00:00+02:00,Node_2,Node_3,cac3,0.0
2030,sc01,06-26 05:00:00+02:00,Node_2,Node_3,cac2,-0.037499999999994316
2030,sc01,06-26 05:00:00+02:00,Node_1,Node_3,cac3,0.0
2030,sc01,06-26 05:00:00+02:00,Node_1,Node_3,cac2,0.0
2030,sc01,06-26 05:00:00+02:00,Node_1,Node_2,cac3,0.0
2030,sc01,06-26 05:00:00+02:00,Node_1,Node_3,eac1,-0.075
2030,sc01,06-26 05:00:00+02:00,Node_1,Node_2,cac2,0.0
2030,sc01,06-26 05:00:00+02:00,Node_2,Node_3,eac1,-0.075
2030,sc01,06-26 05:00:00+02:00,Node_2,Node_3,cac1,-0.018749999999997158
2030,sc01,06-26 05:00:00+02:00,Node_1,Node_2,eac1,-0.065625
2030,sc01,06-26 06:00:00+02:00,Node_1,Node_3,cac1,0.0
2030,sc01,06-26 06:00:00+02:00,Node_1,Node_2,cac1,0.0
2030,sc01,06-26 06:00:00+02:00,Node_2,Node_3,cac3,0.0
2030,sc01,06-26 06:00:00+02:00,Node_2,Node_3,cac2,-0.037499999999994316
2030,sc01,06-26 06:00:00+02:00,Node_1,Node_3,cac3,0.0
2030,sc01,06-26 06:00:00+02:00,Node_1,Node_3,cac2,0.0
2030,sc01,06-26 06:00:00+02:00,Node_1,Node_2,cac3,0.0
2030,sc01,06-26 06:00:00+02:00,Node_1,Node_3,eac1,-0.075
2030,sc01,06-26 06:00:00+02:00,Node_1,Node_2,cac2,0.0
2030,sc01,06-26 06:00:00+02:00,Node_2,Node_3,eac1,-0.075
2030,sc01,06-26 06:00:00+02:00,Node_2,Node_3,cac1,-0.018749999999997158
2030,sc01,06-26 06:00:00+02:00,Node_1,Node_2,eac1,-0.065625
2030,sc01,06-26 07:00:00+02:00,Node_1,Node_3,cac1,0.0
2030,sc01,06-26 07:00:00+02:00,Node_1,Node_2,cac1,0.0
2030,sc01,06-26 07:00:00+02:00,Node_2,Node_3,cac3,0.0
2030,sc01,06-26 07:00:00+02:00,Node_2,Node_3,cac2,-0.037499999999994316
2030,sc01,06-26 07:00:00+02:00,Node_1,Node_3,cac3,0.0
2030,sc01,06-26 07:00:00+02:00,Node_1,Node_3,cac2,0.0
2030,sc01,06-26 07:00:00+02:00,Node_1,Node_2,cac3,0.0
2030,sc01,06-26 07:00:00+02:00,Node_1,Node_3,eac1,-0.075
2030,sc01,06-26 07:00:00+02:00,Node_1,Node_2,cac2,0.0
2030,sc01,06-26 07:00:00+02:00,Node_2,Node_3,eac1,-0.075
2030,sc01,06-26 07:00:00+02:00,Node_2,Node_3,cac1,-0.018749999999997158
2030,sc01,06-26 07:00:00+02:00,Node_1,Node_2,eac1,-0.065625
2030,sc01,06-26 08:00:00+02:00,Node_1,Node_3,cac1,0.0
2030,sc01,06-26 08:00:00+02:00,Node_1,Node_2,cac1,0.0
2030,sc01,06-26 08:00:00+02:00,Node_2,Node_3,cac3,0.0
2030,sc01,06-26 08:00:00+02:00,Node_2,Node_3,cac2,-0.037499999999994316
2030,sc01,06-26 08:00:00+02:00,Node_1,Node_3,cac3,0.0
2030,sc01,06-26 08:00:00+02:00,Node_1,Node_3,cac2,0.0
2030,sc01,06-26 08:00:00+02:00,Node_1,Node_2,cac3,0.0
2030,sc01,06-26 08:00:00+02:00,Node_1,Node_3,eac1,-0.075
2030,sc01,06-26 08:00:00+02:00,Node_1,Node_2,cac2,0.0
2030,sc01,06-26 08:00:00+02:00,Node_2,Node_3,eac1,-0.075
2030,sc01,06-26 08:00:00+02:00,Node_2,Node_3,cac1,-0.018749999999997158
2030,sc01,06-26 08:00:00+02:00,Node_1,Node_2,eac1,-0.065625
2030,sc01,06-26 09:00:00+02:00,Node_1,Node_3,cac1,0.0
2030,sc01,06-26 09:00:00+02:00,Node_1,Node_2,cac1,0.0
2030,sc01,06-26 09:00:00+02:00,Node_2,Node_3,cac3,0.0
2030,sc01,06-26 09:00:00+02:00,Node_2,Node_3,cac2,-0.037499999999994316
2030,sc01,06-26 09:00:00+02:00,Node_1,Node_3,cac3,0.0
2030,sc01,06-26 09:00:00+02:00,Node_1,Node_3,cac2,0.0
2030,sc01,06-26 09:00:00+02:00,Node_1,Node_2,cac3,0.0
2030,sc01,06-26 09:00:00+02:00,Node_1,Node_3,eac1,-0.075
2030,sc01,06-26 09:00:00+02:00,Node_1,Node_2,cac2,0.0
2030,sc01,06-26 09:00:00+02:00,Node_2,Node_3,eac1,-0.075
2030,sc01,06-26 09:00:00+02:00,Node_2,Node_3,cac1,-0.018749999999997158
2030,sc01,06-26 09:00:00+02:00,Node_1,Node_2,eac1,-0.065625
2030,sc01,06-26 10:00:00+02:00,Node_1,Node_3,cac1,0.0
2030,sc01,06-26 10:00:00+02:00,Node_1,Node_2,cac1,0.0
2030,sc01,06-26 10:00:00+02:00,Node_2,Node_3,cac3,0.0
2030,sc01,06-26 10:00:00+02:00,Node_2,Node_3,cac2,-0.037499999999994316
2030,sc01,06-26 10:00:00+02:00,Node_1,Node_3,cac3,0.0
2030,sc01,06-26 10:00:00+02:00,Node_1,Node_3,cac2,0.0
2030,sc01,06-26 10:00:00+02:00,Node_1,Node_2,cac3,0.0
2030,sc01,06-26 10:00:00+02:00,Node_1,Node_3,eac1,-0.075
2030,sc01,06-26 10:00:00+02:00,Node_1,Node_2,cac2,0.0
2030,sc01,06-26 10:00:00+02:00,Node_2,Node_3,eac1,-0.075
2030,sc01,06-26 10:00:00+02:00,Node_2,Node_3,cac1,-0.018749999999997158
2030,sc01,06-26 10:00:00+02:00,Node_1,Node_2,eac1,-0.065625
2030,sc01,06-26 11:00:00+02:00,Node_1,Node_3,cac1,0.0
2030,sc01,06-26 11:00:00+02:00,Node_1,Node_2,cac1,0.0
2030,sc01,06-26 11:00:00+02:00,Node_2,Node_3,cac3,0.0
2030,sc01,06-26 11:00:00+02:00,Node_2,Node_3,cac2,-0.037499999999994316
2030,sc01,06-26 11:00:00+02:00,Node_1,Node_3,cac3,0.0
2030,sc01,06-26 11:00:00+02:00,Node_1,Node_3,cac2,0.0
2030,sc01,06-26 11:00:00+02:00,Node_1,Node_2,cac3,0.0
2030,sc01,06-26 11:00:00+02:00,Node_1,Node_3,eac1,-0.075
2030,sc01,06-26 11:00:00+02:00,Node_1,Node_2,cac2,0.0
2030,sc01,06-26 11:00:00+02:00,Node_2,Node_3,eac1,-0.075
2030,sc01,06-26 11:00:00+02:00,Node_2,Node_3,cac1,-0.018749999999997158
2030,sc01,06-26 11:00:00+02:00,Node_1,Node_2,eac1,-0.065625
2030,sc01,06-26 12:00:00+02:00,Node_1,Node_3,cac1,0.0
2030,sc01,06-26 12:00:00+02:00,Node_1,Node_2,cac1,0.0
2030,sc01,06-26 12:00:00+02:00,Node_2,Node_3,cac3,0.0
2030,sc01,06-26 12:00:00+02:00,Node_2,Node_3,cac2,-0.037499999999994316
2030,sc01,06-26 12:00:00+02:00,Node_1,Node_3,cac3,0.0
2030,sc01,06-26 12:00:00+02:00,Node_1,Node_3,cac2,0.0
2030,sc01,06-26 12:00:00+02:00,Node_1,Node_2,cac3,0.0
2030,sc01,06-26 12:00:00+02:00,Node_1,Node_3,eac1,-0.075
2030,sc01,06-26 12:00:00+02:00,Node_1,Node_2,cac2,0.0
2030,sc01,06-26 12:00:00+02:00,Node_2,Node_3,eac1,-0.075
2030,sc01,06-26 12:00:00+02:00,Node_2,Node_3,cac1,-0.018749999999997158
2030,sc01,06-26 12:00:00+02:00,Node_1,Node_2,eac1,-0.065625
2030,sc01,06-26 13:00:00+02:00,Node_1,Node_3,cac1,0.0
2030,sc01,06-26 13:00:00+02:00,Node_1,Node_2,cac1,0.0
2030,sc01,06-26 13:00:00+02:00,Node_2,Node_3,cac3,0.0
2030,sc01,06-26 13:00:00+02:00,Node_2,Node_3,cac2,-0.037499999999994316
2030,sc01,06-26 13:00:00+02:00,Node_1,Node_3,cac3,0.0
2030,sc01,06-26 13:00:00+02:00,Node_1,Node_3,cac2,0.0
2030,sc01,06-26 13:00:00+02:00,Node_1,Node_2,cac3,0.0
2030,sc01,06-26 13:00:00+02:00,Node_1,Node_3,eac1,-0.075
2030,sc01,06-26 13:00:00+02:00,Node_1,Node_2,cac2,0.0
2030,sc01,06-26 13:00:00+02:00,Node_2,Node_3,eac1,-0.075
2030,sc01,06-26 13:00:00+02:00,Node_2,Node_3,cac1,-0.018749999999997158
2030,sc01,06-26 13:00:00+02:00,Node_1,Node_2,eac1,-0.065625
2030,sc01,06-26 14:00:00+02:00,Node_1,Node_3,cac1,0.0
2030,sc01,06-26 14:00:00+02:00,Node_1,Node_2,cac1,0.0
2030,sc01,06-26 14:00:00+02:00,Node_2,Node_3,cac3,0.0
2030,sc01,06-26 14:00:00+02:00,Node_2,Node_3,cac2,-0.037499999999994316
2030,sc01,06-26 14:00:00+02:00,Node_1,Node_3,cac3,0.0
2030,sc01,06-26 14:00:00+02:00,Node_1,Node_3,cac2,0.0
2030,sc01,06-26 14:00:00+02:00,Node_1,Node_2,cac3,0.0
2030,sc01,06-26 14:00:00+02:00,Node_1,Node_3,eac1,-0.075
2030,sc01,06-26 14:00:00+02:00,Node_1,Node_2,cac2,0.0
2030,sc01,06-26 14:00:00+02:00,Node_2,Node_3,eac1,-0.075
2030,sc01,06-26 14:00:00+02:00,Node_2,Node_3,cac1,-0.018749999999997158
2030,sc01,06-26 14:00:00+02:00,Node_1,Node_2,eac1,-0.065625
2030,sc01,06-26 15:00:00+02:00,Node_1,Node_3,cac1,0.0
2030,sc01,06-26 15:00:00+02:00,Node_1,Node_2,cac1,0.0
2030,sc01,06-26 15:00:00+02:00,Node_2,Node_3,cac3,0.0
2030,sc01,06-26 15:00:00+02:00,Node_2,Node_3,cac2,-0.037499999999994316
2030,sc01,06-26 15:00:00+02:00,Node_1,Node_3,cac3,0.0
2030,sc01,06-26 15:00:00+02:00,Node_1,Node_3,cac2,0.0
2030,sc01,06-26 15:00:00+02:00,Node_1,Node_2,cac3,0.0
2030,sc01,06-26 15:00:00+02:00,Node_1,Node_3,eac1,-0.075
2030,sc01,06-26 15:00:00+02:00,Node_1,Node_2,cac2,0.0
2030,sc01,06-26 15:00:00+02:00,Node_2,Node_3,eac1,-0.075
2030,sc01,06-26 15:00:00+02:00,Node_2,Node_3,cac1,-0.018749999999997158
2030,sc01,06-26 15:00:00+02:00,Node_1,Node_2,eac1,-0.065625
2030,sc01,06-26 16:00:00+02:00,Node_1,Node_3,cac1,0.0
2030,sc01,06-26 16:00:00+02:00,Node_1,Node_2,cac1,0.0
2030,sc01,06-26 16:00:00+02:00,Node_2,Node_3,cac3,0.0
2030,sc01,06-26 16:00:00+02:00,Node_2,Node_3,cac2,-0.037499999999994316
2030,sc01,06-26 16:00:00+02:00,Node_1,Node_3,cac3,0.0
2030,sc01,06-26 16:00:00+02:00,Node_1,Node_3,cac2,0.0
2030,sc01,06-26 16:00:00+02:00,Node_1,Node_2,cac3,0.0
2030,sc01,06-26 16:00:00+02:00,Node_1,Node_3,eac1,-0.075
2030,sc01,06-26 16:00:00+02:00,Node_1,Node_2,cac2,0.0
2030,sc01,06-26 16:00:00+02:00,Node_2,Node_3,eac1,-0.075
2030,sc01,06-26 16:00:00+02:00,Node_2,Node_3,cac1,-0.018749999999997158
2030,sc01,06-26 16:00:00+02:00,Node_1,Node_2,eac1,-0.065625
2030,sc01,06-26 17:00:00+02:00,Node_1,Node_3,cac1,0.0
2030,sc01,06-26 17:00:00+02:00,Node_1,Node_2,cac1,0.0
2030,sc01,06-26 17:00:00+02:00,Node_2,Node_3,cac3,0.0
2030,sc01,06-26 17:00:00+02:00,Node_2,Node_3,cac2,-0.037499999999994316
2030,sc01,06-26 17:00:00+02:00,Node_1,Node_3,cac3,0.0
2030,sc01,06-26 17:00:00+02:00,Node_1,Node_3,cac2,0.0
2030,sc01,06-26 17:00:00+02:00,Node_1,Node_2,cac3,0.0
2030,sc01,06-26 17:00:00+02:00,Node_1,Node_3,eac1,-0.075
2030,sc01,06-26 17:00:00+02:00,Node_1,Node_2,cac2,0.0
2030,sc01,06-26 17:00:00+02:00,Node_2,Node_3,eac1,-0.075
2030,sc01,06-26 17:00:00+02:00,Node_2,Node_3,cac1,-0.018749999999997158
2030,sc01,06-26 17:00:00+02:00,Node_1,Node_2,eac1,-0.065625
2030,sc01,06-26 18:00:00+02:00,Node_1,Node_3,cac1,0.0
2030,sc01,06-26 18:00:00+02:00,Node_1,Node_2,cac1,0.0
2030,sc01,06-26 18:00:00+02:00,Node_2,Node_3,cac3,0.0
2030,sc01,06-26 18:00:00+02:00,Node_2,Node_3,cac2,-0.037499999999994316
2030,sc01,06-26 18:00:00+02:00,Node_1,Node_3,cac3,0.0
2030,sc01,06-26 18:00:00+02:00,Node_1,Node_3,cac2,0.0
2030,sc01,06-26 18:00:00+02:00,Node_1,Node_2,cac3,0.0
2030,sc01,06-26 18:00:00+02:00,Node_1,Node_3,eac1,-0.075
2030,sc01,06-26 18:00:00+02:00,Node_1,Node_2,cac2,0.0
2030,sc01,06-26 18:00:00+02:00,Node_2,Node_3,eac1,-0.075
2030,sc01,06-26 18:00:00+02:00,Node_2,Node_3,cac1,-0.018749999999997158
2030,sc01,06-26 18:00:00+02:00,Node_1,Node_2,eac1,-0.065625
2030,sc01,06-26 19:00:00+02:00,Node_1,Node_3,cac1,0.0
2030,sc01,06-26 19:00:00+02:00,Node_1,Node_2,cac1,0.0
2030,sc01,06-26 19:00:00+02:00,Node_2,Node_3,cac3,0.0
2030,sc01,06-26 19:00:00+02:00,Node_2,Node_3,cac2,-0.037499999999994316
2030,sc01,06-26 19:00:00+02:00,Node_1,Node_3,cac3,0.0
2030,sc01,06-26 19:00:00+02:00,Node_1,Node_3,cac2,0.0
2030,sc01,06-26 19:00:00+02:00,Node_1,Node_2,cac3,0.0
2030,sc01,06-26 19:00:00+02:00,Node_1,Node_3,eac1,-0.075
2030,sc01,06-26 19:00:00+02:00,Node_1,Node_2,cac2,0.0
2030,sc01,06-26 19:00:00+02:00,Node_2,Node_3,eac1,-0.075
2030,sc01,06-26 19:00:00+02:00,Node_2,Node_3,cac1,-0.018749999999997158
2030,sc01,06-26 19:00:00+02:00,Node_1,Node_2,eac1,-0.065625
2030,sc01,06-26 20:00:00+02:00,Node_1,Node_3,cac1,0.0
2030,sc01,06-26 20:00:00+02:00,Node_1,Node_2,cac1,0.0
2030,sc01,06-26 20:00:00+02:00,Node_2,Node_3,cac3,0.0
2030,sc01,06-26 20:00:00+02:00,Node_2,Node_3,cac2,-0.037499999999994316
2030,sc01,06-26 20:00:00+02:00,Node_1,Node_3,cac3,0.0
2030,sc01,06-26 20:00:00+02:00,Node_1,Node_3,cac2,0.0
2030,sc01,06-26 20:00:00+02:00,Node_1,Node_2,cac3,0.0
2030,sc01,06-26 20:00:00+02:00,Node_1,Node_3,eac1,-0.075
2030,sc01,06-26 20:00:00+02:00,Node_1,Node_2,cac2,0.0
2030,sc01,06-26 20:00:00+02:00,Node_2,Node_3,eac1,-0.075
2030,sc01,06-26 20:00:00+02:00,Node_2,Node_3,cac1,-0.018749999999997158
2030,sc01,06-26 20:00:00+02:00,Node_1,Node_2,eac1,-0.065625
2030,sc01,06-26 21:00:00+02:00,Node_1,Node_3,cac1,0.0
2030,sc01,06-26 21:00:00+02:00,Node_1,Node_2,cac1,0.0
2030,sc01,06-26 21:00:00+02:00,Node_2,Node_3,cac3,0.0
2030,sc01,06-26 21:00:00+02:00,Node_2,Node_3,cac2,-0.037499999999994316
2030,sc01,06-26 21:00:00+02:00,Node_1,Node_3,cac3,0.0
2030,sc01,06-26 21:00:00+02:00,Node_1,Node_3,cac2,0.0
2030,sc01,06-26 21:00:00+02:00,Node_1,Node_2,cac3,0.0
2030,sc01,06-26 21:00:00+02:00,Node_1,Node_3,eac1,-0.075
2030,sc01,06-26 21:00:00+02:00,Node_1,Node_2,cac2,0.0
2030,sc01,06-26 21:00:00+02:00,Node_2,Node_3,eac1,-0.075
2030,sc01,06-26 21:00:00+02:00,Node_2,Node_3,cac1,-0.018749999999997158
2030,sc01,06-26 21:00:00+02:00,Node_1,Node_2,eac1,-0.065625
2030,sc01,06-26 22:00:00+02:00,Node_1,Node_3,cac1,0.0
2030,sc01,06-26 22:00:00+02:00,Node_1,Node_2,cac1,0.0
2030,sc01,06-26 22:00:00+02:00,Node_2,Node_3,cac3,0.0
2030,sc01,06-26 22:00:00+02:00,Node_2,Node_3,cac2,-0.037499999999994316
2030,sc01,06-26 22:00:00+02:00,Node_1,Node_3,cac3,0.0
2030,sc01,06-26 22:00:00+02:00,Node_1,Node_3,cac2,0.0
2030,sc01,06-26 22:00:00+02:00,Node_1,Node_2,cac3,0.0
2030,sc01,06-26 22:00:00+02:00,Node_1,Node_3,eac1,-0.075
2030,sc01,06-26 22:00:00+02:00,Node_1,Node_2,cac2,0.0
2030,sc01,06-26 22:00:00+02:00,Node_2,Node_3,eac1,-0.075
2030,sc01,06-26 22:00:00+02:00,Node_2,Node_3,cac1,-0.018749999999997158
2030,sc01,06-26 22:00:00+02:00,Node_1,Node_2,eac1,-0.065625
2030,sc01,06-26 23:00:00+02:00,Node_1,Node_3,cac1,0.0
2030,sc01,06-26 23:00:00+02:00,Node_1,Node_2,cac1,0.0
2030,sc01,06-26 23:00:00+02:00,Node_2,Node_3,cac3,0.0
2030,sc01,06-26 23:00:00+02:00,Node_2,Node_3,cac2,-0.037499999999994316
2030,sc01,06-26 23:00:00+02:00,Node_1,Node_3,cac3,0.0
2030,sc01,06-26 23:00:00+02:00,Node_1,Node_3,cac2,0.0
2030,sc01,06-26 23:00:00+02:00,Node_1,Node_2,cac3,0.0
2030,sc01,06-26 23:00:00+02:00,Node_1,Node_3,eac1,-0.075
2030,sc01,06-26 23:00:00+02:00,Node_1,Node_2,cac2,0.0
2030,sc01,06-26 23:00:00+02:00,Node_2,Node_3,eac1,-0.075
2030,sc01,06-26 23:00:00+02:00,Node_2,Node_3,cac1,-0.018749999999997158
2030,sc01,06-26 23:00:00+02:00,Node_1,Node_2,eac1,-0.065625
2030,sc01,08-30 00:00:00+02:00,Node_1,Node_3,cac1,0.0
2030,sc01,08-30 00:00:00+02:00,Node_1,Node_2,cac1,0.0
2030,sc01,08-30 00:00:00+02:00,Node_2,Node_3,cac3,0.0
2030,sc01,08-30 00:00:00+02:00,Node_2,Node_3,cac2,-0.037499999999994316
2030,sc01,08-30 00:00:00+02:00,Node_1,Node_3,cac3,0.0
2030,sc01,08-30 00:00:00+02:00,Node_1,Node_3,cac2,0.0
2030,sc01,08-30 00:00:00+02:00,Node_1,Node_2,cac3,0.0
2030,sc01,08-30 00:00:00+02:00,Node_1,Node_3,eac1,-0.075
2030,sc01,08-30 00:00:00+02:00,Node_1,Node_2,cac2,0.0
2030,sc01,08-30 00:00:00+02:00,Node_2,Node_3,eac1,-0.075
2030,sc01,08-30 00:00:00+02:00,Node_2,Node_3,cac1,-0.018749999999997158
2030,sc01,08-30 00:00:00+02:00,Node_1,Node_2,eac1,-0.065625
2030,sc01,08-30 01:00:00+02:00,Node_1,Node_3,cac1,0.0
2030,sc01,08-30 01:00:00+02:00,Node_1,Node_2,cac1,0.0
2030,sc01,08-30 01:00:00+02:00,Node_2,Node_3,cac3,0.0
2030,sc01,08-30 01:00:00+02:00,Node_2,Node_3,cac2,-0.037499999999994316
2030,sc01,08-30 01:00:00+02:00,Node_1,Node_3,cac3,0.0
2030,sc01,08-30 01:00:00+02:00,Node_1,Node_3,cac2,0.0
2030,sc01,08-30 01:00:00+02:00,Node_1,Node_2,cac3,0.0
2030,sc01,08-30 01:00:00+02:00,Node_1,Node_3,eac1,-0.075
2030,sc01,08-30 01:00:00+02:00,Node_1,Node_2,cac2,0.0
2030,sc01,08-30 01:00:00+02:00,Node_2,Node_3,eac1,-0.075
2030,sc01,08-30 01:00:00+02:00,Node_2,Node_3,cac1,-0.018749999999997158
2030,sc01,08-30 01:00:00+02:00,Node_1,Node_2,eac1,-0.065625
2030,sc01,08-30 02:00:00+02:00,Node_1,Node_3,cac1,0.0
2030,sc01,08-30 02:00:00+02:00,Node_1,Node_2,cac1,0.0
2030,sc01,08-30 02:00:00+02:00,Node_2,Node_3,cac3,0.0
2030,sc01,08-30 02:00:00+02:00,Node_2,Node_3,cac2,-0.037499999999994316
2030,sc01,08-30 02:00:00+02:00,Node_1,Node_3,cac3,0.0
2030,sc01,08-30 02:00:00+02:00,Node_1,Node_3,cac2,0.0
2030,sc01,08-30 02:00:00+02:00,Node_1,Node_2,cac3,0.0
2030,sc01,08-30 02:00:00+02:00,Node_1,Node_3,eac1,-0.075
2030,sc01,08-30 02:00:00+02:00,Node_1,Node_2,cac2,0.0
2030,sc01,08-30 02:00:00+02:00,Node_2,Node_3,eac1,-0.075
2030,sc01,08-30 02:00:00+02:00,Node_2,Node_3,cac1,-0.018749999999997158
2030,sc01,08-30 02:00:00+02:00,Node_1,Node_2,eac1,-0.065625
2030,sc01,08-30 03:00:00+02:00,Node_1,Node_3,cac1,0.0
2030,sc01,08-30 03:00:00+02:00,Node_1,Node_2,cac1,0.0
2030,sc01,08-30 03:00:00+02:00,Node_2,Node_3,cac3,0.0
2030,sc01,08-30 03:00:00+02:00,Node_2,Node_3,cac2,-0.037499999999994316
2030,sc01,08-30 03:00:00+02:00,Node_1,Node_3,cac3,0.0
2030,sc01,08-30 03:00:00+02:00,Node_1,Node_3,cac2,0.0
2030,sc01,08-30 03:00:00+02:00,Node_1,Node_2,cac3,0.0
2030,sc01,08-30 03:00:00+02:00,Node_1,Node_3,eac1,-0.075
2030,sc01,08-30 03:00:00+02:00,Node_1,Node_2,cac2,0.0
2030,sc01,08-30 03:00:00+02:00,Node_2,Node_3,eac1,-0.075
2030,sc01,08-30 03:00:00+02:00,Node_2,Node_3,cac1,-0.018749999999997158
2030,sc01,08-30 03:00:00+02:00,Node_1,Node_2,eac1,-0.065625
2030,sc01,08-30 04:00:00+02:00,Node_1,Node_3,cac1,0.0
2030,sc01,08-30 04:00:00+02:00,Node_1,Node_2,cac1,0.0
2030,sc01,08-30 04:00:00+02:00,Node_2,Node_3,cac3,0.0
2030,sc01,08-30 04:00:00+02:00,Node_2,Node_3,cac2,-0.037499999999994316
2030,sc01,08-30 04:00:00+02:00,Node_1,Node_3,cac3,0.0
2030,sc01,08-30 04:00:00+02:00,Node_1,Node_3,cac2,0.0
2030,sc01,08-30 04:00:00+02:00,Node_1,Node_2,cac3,0.0
2030,sc01,08-30 04:00:00+02:00,Node_1,Node_3,eac1,-0.075
2030,sc01,08-30 04:00:00+02:00,Node_1,Node_2,cac2,0.0
2030,sc01,08-30 04:00:00+02:00,Node_2,Node_3,eac1,-0.075
2030,sc01,08-30 04:00:00+02:00,Node_2,Node_3,cac1,-0.018749999999997158
2030,sc01,08-30 04:00:00+02:00,Node_1,Node_2,eac1,-0.065625
2030,sc01,08-30 05:00:00+02:00,Node_1,Node_3,cac1,0.0
2030,sc01,08-30 05:00:00+02:00,Node_1,Node_2,cac1,0.0
2030,sc01,08-30 05:00:00+02:00,Node_2,Node_3,cac3,0.0
2030,sc01,08-30 05:00:00+02:00,Node_2,Node_3,cac2,-0.037499999999994316
2030,sc01,08-30 05:00:00+02:00,Node_1,Node_3,cac3,0.0
2030,sc01,08-30 05:00:00+02:00,Node_1,Node_3,cac2,0.0
2030,sc01,08-30 05:00:00+02:00,Node_1,Node_2,cac3,0.0
2030,sc01,08-30 05:00:00+02:00,Node_1,Node_3,eac1,-0.075
2030,sc01,08-30 05:00:00+02:00,Node_1,Node_2,cac2,0.0
2030,sc01,08-30 05:00:00+02:00,Node_2,Node_3,eac1,-0.075
2030,sc01,08-30 05:00:00+02:00,Node_2,Node_3,cac1,-0.018749999999997158
2030,sc01,08-30 05:00:00+02:00,Node_1,Node_2,eac1,-0.065625
2030,sc01,08-30 06:00:00+02:00,Node_1,Node_3,cac1,0.0
2030,sc01,08-30 06:00:00+02:00,Node_1,Node_2,cac1,0.0
2030,sc01,08-30 06:00:00+02:00,Node_2,Node_3,cac3,0.0
2030,sc01,08-30 06:00:00+02:00,Node_2,Node_3,cac2,-0.037499999999994316
2030,sc01,08-30 06:00:00+02:00,Node_1,Node_3,cac3,0.0
2030,sc01,08-30 06:00:00+02:00,Node_1,Node_3,cac2,0.0
2030,sc01,08-30 06:00:00+02:00,Node_1,Node_2,cac3,0.0
2030,sc01,08-30 06:00:00+02:00,Node_1,Node_3,eac1,-0.075
2030,sc01,08-30 06:00:00+02:00,Node_1,Node_2,cac2,0.0
2030,sc01,08-30 06:00:00+02:00,Node_2,Node_3,eac1,-0.075
2030,sc01,08-30 06:00:00+02:00,Node_2,Node_3,cac1,-0.018749999999997158
2030,sc01,08-30 06:00:00+02:00,Node_1,Node_2,eac1,-0.065625
2030,sc01,08-30 07:00:00+02:00,Node_1,Node_3,cac1,0.0
2030,sc01,08-30 07:00:00+02:00,Node_1,Node_2,cac1,0.0
2030,sc01,08-30 07:00:00+02:00,Node_2,Node_3,cac3,0.0
2030,sc01,08-30 07:00:00+02:00,Node_2,Node_3,cac2,-0.037499999999994316
2030,sc01,08-30 07:00:00+02:00,Node_1,Node_3,cac3,0.0
2030,sc01,08-30 07:00:00+02:00,Node_1,Node_3,cac2,0.0
2030,sc01,08-30 07:00:00+02:00,Node_1,Node_2,cac3,0.0
2030,sc01,08-30 07:00:00+02:00,Node_1,Node_3,eac1,-0.075
2030,sc01,08-30 07:00:00+02:00,Node_1,Node_2,cac2,0.0
2030,sc01,08-30 07:00:00+02:00,Node_2,Node_3,eac1,-0.075
2030,sc01,08-30 07:00:00+02:00,Node_2,Node_3,cac1,-0.018749999999997158
2030,sc01,08-30 07:00:00+02:00,Node_1,Node_2,eac1,-0.065625
2030,sc01,08-30 08:00:00+02:00,Node_1,Node_3,cac1,0.0
2030,sc01,08-30 08:00:00+02:00,Node_1,Node_2,cac1,0.0
2030,sc01,08-30 08:00:00+02:00,Node_2,Node_3,cac3,0.0
2030,sc01,08-30 08:00:00+02:00,Node_2,Node_3,cac2,-0.037499999999994316
2030,sc01,08-30 08:00:00+02:00,Node_1,Node_3,cac3,0.0
2030,sc01,08-30 08:00:00+02:00,Node_1,Node_3,cac2,0.0
2030,sc01,08-30 08:00:00+02:00,Node_1,Node_2,cac3,0.0
2030,sc01,08-30 08:00:00+02:00,Node_1,Node_3,eac1,-0.075
2030,sc01,08-30 08:00:00+02:00,Node_1,Node_2,cac2,0.0
2030,sc01,08-30 08:00:00+02:00,Node_2,Node_3,eac1,-0.075
2030,sc01,08-30 08:00:00+02:00,Node_2,Node_3,cac1,-0.018749999999997158
2030,sc01,08-30 08:00:00+02:00,Node_1,Node_2,eac1,-0.065625
2030,sc01,08-30 09:00:00+02:00,Node_1,Node_3,cac1,0.0
2030,sc01,08-30 09:00:00+02:00,Node_1,Node_2,cac1,0.0
2030,sc01,08-30 09:00:00+02:00,Node_2,Node_3,cac3,0.0
2030,sc01,08-30 09:00:00+02:00,Node_2,Node_3,cac2,-0.037499999999994316
2030,sc01,08-30 09:00:00+02:00,Node_1,Node_3,cac3,0.0
2030,sc01,08-30 09:00:00+02:00,Node_1,Node_3,cac2,0.0
2030,sc01,08-30 09:00:00+02:00,Node_1,Node_2,cac3,0.0
2030,sc01,08-30 09:00:00+02:00,Node_1,Node_3,eac1,-0.075
2030,sc01,08-30 09:00:00+02:00,Node_1,Node_2,cac2,0.0
2030,sc01,08-30 09:00:00+02:00,Node_2,Node_3,eac1,-0.075
2030,sc01,08-30 09:00:00+02:00,Node_2,Node_3,cac1,-0.018749999999997158
2030,sc01,08-30 09:00:00+02:00,Node_1,Node_2,eac1,-0.065625
2030,sc01,08-30 10:00:00+02:00,Node_1,Node_3,cac1,0.0
2030,sc01,08-30 10:00:00+02:00,Node_1,Node_2,cac1,0.0
2030,sc01,08-30 10:00:00+02:00,Node_2,Node_3,cac3,0.0
2030,sc01,08-30 10:00:00+02:00,Node_2,Node_3,cac2,-0.037499999999994316
2030,sc01,08-30 10:00:00+02:00,Node_1,Node_3,cac3,0.0
2030,sc01,08-30 10:00:00+02:00,Node_1,Node_3,cac2,0.0
2030,sc01,08-30 10:00:00+02:00,Node_1,Node_2,cac3,0.0
2030,sc01,08-30 10:00:00+02:00,Node_1,Node_3,eac1,-0.075
2030,sc01,08-30 10:00:00+02:00,Node_1,Node_2,cac2,0.0
2030,sc01,08-30 10:00:00+02:00,Node_2,Node_3,eac1,-0.075
2030,sc01,08-30 10:00:00+02:00,Node_2,Node_3,cac1,-0.018749999999997158
2030,sc01,08-30 10:00:00+02:00,Node_1,Node_2,eac1,-0.065625
2030,sc01,08-30 11:00:00+02:00,Node_1,Node_3,cac1,0.0
2030,sc01,08-30 11:00:00+02:00,Node_1,Node_2,cac1,0.0
2030,sc01,08-30 11:00:00+02:00,Node_2,Node_3,cac3,0.0
2030,sc01,08-30 11:00:00+02:00,Node_2,Node_3,cac2,-0.037499999999994316
2030,sc01,08-30 11:00:00+02:00,Node_1,Node_3,cac3,0.0
2030,sc01,08-30 11:00:00+02:00,Node_1,Node_3,cac2,0.0
2030,sc01,08-30 11:00:00+02:00,Node_1,Node_2,cac3,0.0
2030,sc01,08-30 11:00:00+02:00,Node_1,Node_3,eac1,-0.075
2030,sc01,08-30 11:00:00+02:00,Node_1,Node_2,cac2,0.0
2030,sc01,08-30 11:00:00+02:00,Node_2,Node_3,eac1,-0.075
2030,sc01,08-30 11:00:00+02:00,Node_2,Node_3,cac1,-0.018749999999997158
2030,sc01,08-30 11:00:00+02:00,Node_1,Node_2,eac1,-0.065625
2030,sc01,08-30 12:00:00+02:00,Node_1,Node_3,cac1,0.0
2030,sc01,08-30 12:00:00+02:00,Node_1,Node_2,cac1,0.0
2030,sc01,08-30 12:00:00+02:00,Node_2,Node_3,cac3,0.0
2030,sc01,08-30 12:00:00+02:00,Node_2,Node_3,cac2,-0.037499999999994316
2030,sc01,08-30 12:00:00+02:00,Node_1,Node_3,cac3,0.0
2030,sc01,08-30 12:00:00+02:00,Node_1,Node_3,cac2,0.0
2030,sc01,08-30 12:00:00+02:00,Node_1,Node_2,cac3,0.0
2030,sc01,08-30 12:00:00+02:00,Node_1,Node_3,eac1,-0.075
2030,sc01,08-30 12:00:00+02:00,Node_1,Node_2,cac2,0.0
2030,sc01,08-30 12:00:00+02:00,Node_2,Node_3,eac1,-0.075
2030,sc01,08-30 12:00:00+02:00,Node_2,Node_3,cac1,-0.018749999999997158
2030,sc01,08-30 12:00:00+02:00,Node_1,Node_2,eac1,-0.065625
2030,sc01,08-30 13:00:00+02:00,Node_1,Node_3,cac1,0.0
2030,sc01,08-30 13:00:00+02:00,Node_1,Node_2,cac1,0.0
2030,sc01,08-30 13:00:00+02:00,Node_2,Node_3,cac3,0.0
2030,sc01,08-30 13:00:00+02:00,Node_2,Node_3,cac2,-0.037499999999994316
2030,sc01,08-30 13:00:00+02:00,Node_1,Node_3,cac3,0.0
2030,sc01,08-30 13:00:00+02:00,Node_1,Node_3,cac2,0.0
2030,sc01,08-30 13:00:00+02:00,Node_1,Node_2,cac3,0.0
2030,sc01,08-30 13:00:00+02:00,Node_1,Node_3,eac1,-0.075
2030,sc01,08-30 13:00:00+02:00,Node_1,Node_2,cac2,0.0
2030,sc01,08-30 13:00:00+02:00,Node_2,Node_3,eac1,-0.075
2030,sc01,08-30 13:00:00+02:00,Node_2,Node_3,cac1,-0.018749999999997158
2030,sc01,08-30 13:00:00+02:00,Node_1,Node_2,eac1,-0.065625
2030,sc01,08-30 14:00:00+02:00,Node_1,Node_3,cac1,0.0
2030,sc01,08-30 14:00:00+02:00,Node_1,Node_2,cac1,0.0
2030,sc01,08-30 14:00:00+02:00,Node_2,Node_3,cac3,0.0
2030,sc01,08-30 14:00:00+02:00,Node_2,Node_3,cac2,-0.037499999999994316
2030,sc01,08-30 14:00:00+02:00,Node_1,Node_3,cac3,0.0
2030,sc01,08-30 14:00:00+02:00,Node_1,Node_3,cac2,0.0
2030,sc01,08-30 14:00:00+02:00,Node_1,Node_2,cac3,0.0
2030,sc01,08-30 14:00:00+02:00,Node_1,Node_3,eac1,-0.075
2030,sc01,08-30 14:00:00+02:00,Node_1,Node_2,cac2,0.0
2030,sc01,08-30 14:00:00+02:00,Node_2,Node_3,eac1,-0.075
2030,sc01,08-30 14:00:00+02:00,Node_2,Node_3,cac1,-0.018749999999997158
2030,sc01,08-30 14:00:00+02:00,Node_1,Node_2,eac1,-0.065625
2030,sc01,08-30 15:00:00+02:00,Node_1,Node_3,cac1,0.0
2030,sc01,08-30 15:00:00+02:00,Node_1,Node_2,cac1,0.0
2030,sc01,08-30 15:00:00+02:00,Node_2,Node_3,cac3,0.0
2030,sc01,08-30 15:00:00+02:00,Node_2,Node_3,cac2,-0.037499999999994316
2030,sc01,08-30 15:00:00+02:00,Node_1,Node_3,cac3,0.0
2030,sc01,08-30 15:00:00+02:00,Node_1,Node_3,cac2,0.0
2030,sc01,08-30 15:00:00+02:00,Node_1,Node_2,cac3,0.0
2030,sc01,08-30 15:00:00+02:00,Node_1,Node_3,eac1,-0.075
2030,sc01,08-30 15:00:00+02:00,Node_1,Node_2,cac2,0.0
2030,sc01,08-30 15:00:00+02:00,Node_2,Node_3,eac1,-0.075
2030,sc01,08-30 15:00:00+02:00,Node_2,Node_3,cac1,-0.018749999999997158
2030,sc01,08-30 15:00:00+02:00,Node_1,Node_2,eac1,-0.065625
2030,sc01,08-30 16:00:00+02:00,Node_1,Node_3,cac1,0.0
2030,sc01,08-30 16:00:00+02:00,Node_1,Node_2,cac1,0.0
2030,sc01,08-30 16:00:00+02:00,Node_2,Node_3,cac3,0.0
2030,sc01,08-30 16:00:00+02:00,Node_2,Node_3,cac2,-0.037499999999994316
2030,sc01,08-30 16:00:00+02:00,Node_1,Node_3,cac3,0.0
2030,sc01,08-30 16:00:00+02:00,Node_1,Node_3,cac2,0.0
2030,sc01,08-30 16:00:00+02:00,Node_1,Node_2,cac3,0.0
2030,sc01,08-30 16:00:00+02:00,Node_1,Node_3,eac1,-0.075
2030,sc01,08-30 16:00:00+02:00,Node_1,Node_2,cac2,0.0
2030,sc01,08-30 16:00:00+02:00,Node_2,Node_3,eac1,-0.075
2030,sc01,08-30 16:00:00+02:00,Node_2,Node_3,cac1,-0.018749999999997158
2030,sc01,08-30 16:00:00+02:00,Node_1,Node_2,eac1,-0.065625
2030,sc01,08-30 17:00:00+02:00,Node_1,Node_3,cac1,0.0
2030,sc01,08-30 17:00:00+02:00,Node_1,Node_2,cac1,0.0
2030,sc01,08-30 17:00:00+02:00,Node_2,Node_3,cac3,0.0
2030,sc01,08-30 17:00:00+02:00,Node_2,Node_3,cac2,-0.037499999999994316
2030,sc01,08-30 17:00:00+02:00,Node_1,Node_3,cac3,0.0
2030,sc01,08-30 17:00:00+02:00,Node_1,Node_3,cac2,0.0
2030,sc01,08-30 17:00:00+02:00,Node_1,Node_2,cac3,0.0
2030,sc01,08-30 17:00:00+02:00,Node_1,Node_3,eac1,-0.075
2030,sc01,08-30 17:00:00+02:00,Node_1,Node_2,cac2,0.0
2030,sc01,08-30 17:00:00+02:00,Node_2,Node_3,eac1,-0.075
2030,sc01,08-30 17:00:00+02:00,Node_2,Node_3,cac1,-0.018749999999997158
2030,sc01,08-30 17:00:00+02:00,Node_1,Node_2,eac1,-0.065625
2030,sc01,08-30 18:00:00+02:00,Node_1,Node_3,cac1,0.0
2030,sc01,08-30 18:00:00+02:00,Node_1,Node_2,cac1,0.0
2030,sc01,08-30 18:00:00+02:00,Node_2,Node_3,cac3,0.0
2030,sc01,08-30 18:00:00+02:00,Node_2,Node_3,cac2,-0.037499999999994316
2030,sc01,08-30 18:00:00+02:00,Node_1,Node_3,cac3,0.0
2030,sc01,08-30 18:00:00+02:00,Node_1,Node_3,cac2,0.0
2030,sc01,08-30 18:00:00+02:00,Node_1,Node_2,cac3,0.0
2030,sc01,08-30 18:00:00+02:00,Node_1,Node_3,eac1,-0.075
2030,sc01,08-30 18:00:00+02:00,Node_1,Node_2,cac2,0.0
2030,sc01,08-30 18:00:00+02:00,Node_2,Node_3,eac1,-0.075
2030,sc01,08-30 18:00:00+02:00,Node_2,Node_3,cac1,-0.018749999999997158
2030,sc01,08-30 18:00:00+02:00,Node_1,Node_2,eac1,-0.065625
2030,sc01,08-30 19:00:00+02:00,Node_1,Node_3,cac1,0.0
2030,sc01,08-30 19:00:00+02:00,Node_1,Node_2,cac1,0.0
2030,sc01,08-30 19:00:00+02:00,Node_2,Node_3,cac3,0.0
2030,sc01,08-30 19:00:00+02:00,Node_2,Node_3,cac2,-0.037499999999994316
2030,sc01,08-30 19:00:00+02:00,Node_1,Node_3,cac3,0.0
2030,sc01,08-30 19:00:00+02:00,Node_1,Node_3,cac2,0.0
2030,sc01,08-30 19:00:00+02:00,Node_1,Node_2,cac3,0.0
2030,sc01,08-30 19:00:00+02:00,Node_1,Node_3,eac1,-0.075
2030,sc01,08-30 19:00:00+02:00,Node_1,Node_2,cac2,0.0
2030,sc01,08-30 19:00:00+02:00,Node_2,Node_3,eac1,-0.075
2030,sc01,08-30 19:00:00+02:00,Node_2,Node_3,cac1,-0.018749999999997158
2030,sc01,08-30 19:00:00+02:00,Node_1,Node_2,eac1,-0.065625
2030,sc01,08-30 20:00:00+02:00,Node_1,Node_3,cac1,0.0
2030,sc01,08-30 20:00:00+02:00,Node_1,Node_2,cac1,0.0
2030,sc01,08-30 20:00:00+02:00,Node_2,Node_3,cac3,0.0
2030,sc01,08-30 20:00:00+02:00,Node_2,Node_3,cac2,-0.037499999999994316
2030,sc01,08-30 20:00:00+02:00,Node_1,Node_3,cac3,0.0
2030,sc01,08-30 20:00:00+02:00,Node_1,Node_3,cac2,0.0
2030,sc01,08-30 20:00:00+02:00,Node_1,Node_2,cac3,0.0
2030,sc01,08-30 20:00:00+02:00,Node_1,Node_3,eac1,-0.075
2030,sc01,08-30 20:00:00+02:00,Node_1,Node_2,cac2,0.0
2030,sc01,08-30 20:00:00+02:00,Node_2,Node_3,eac1,-0.075
2030,sc01,08-30 20:00:00+02:00,Node_2,Node_3,cac1,-0.018749999999997158
2030,sc01,08-30 20:00:00+02:00,Node_1,Node_2,eac1,-0.065625
2030,sc01,08-30 21:00:00+02:00,Node_1,Node_3,cac1,0.0
2030,sc01,08-30 21:00:00+02:00,Node_1,Node_2,cac1,0.0
2030,sc01,08-30 21:00:00+02:00,Node_2,Node_3,cac3,0.0
2030,sc01,08-30 21:00:00+02:00,Node_2,Node_3,cac2,-0.037499999999994316
2030,sc01,08-30 21:00:00+02:00,Node_1,Node_3,cac3,0.0
2030,sc01,08-30 21:00:00+02:00,Node_1,Node_3,cac2,0.0
2030,sc01,08-30 21:00:00+02:00,Node_1,Node_2,cac3,0.0
2030,sc01,08-30 21:00:00+02:00,Node_1,Node_3,eac1,-0.075
2030,sc01,08-30 21:00:00+02:00,Node_1,Node_2,cac2,0.0
2030,sc01,08-30 21:00:00+02:00,Node_2,Node_3,eac1,-0.075
2030,sc01,08-30 21:00:00+02:00,Node_2,Node_3,cac1,-0.018749999999997158
2030,sc01,08-30 21:00:00+02:00,Node_1,Node_2,eac1,-0.065625
2030,sc01,08-30 22:00:00+02:00,Node_1,Node_3,cac1,0.0
2030,sc01,08-30 22:00:00+02:00,Node_1,Node_2,cac1,0.0
2030,sc01,08-30 22:00:00+02:00,Node_2,Node_3,cac3,0.0
2030,sc01,08-30 22:00:00+02:00,Node_2,Node_3,cac2,-0.037499999999994316
2030,sc01,08-30 22:00:00+02:00,Node_1,Node_3,cac3,0.0
2030,sc01,08-30 22:00:00+02:00,Node_1,Node_3,cac2,0.0
2030,sc01,08-30 22:00:00+02:00,Node_1,Node_2,cac3,0.0
2030,sc01,08-30 22:00:00+02:00,Node_1,Node_3,eac1,-0.075
2030,sc01,08-30 22:00:00+02:00,Node_1,Node_2,cac2,0.0
2030,sc01,08-30 22:00:00+02:00,Node_2,Node_3,eac1,-0.075
2030,sc01,08-30 22:00:00+02:00,Node_2,Node_3,cac1,-0.018749999999997158
2030,sc01,08-30 22:00:00+02:00,Node_1,Node_2,eac1,-0.065625
2030,sc01,08-30 23:00:00+02:00,Node_1,Node_3,cac1,0.0
2030,sc01,08-30 23:00:00+02:00,Node_1,Node_2,cac1,0.0
2030,sc01,08-30 23:00:00+02:00,Node_2,Node_3,cac3,0.0
2030,sc01,08-30 23:00:00+02:00,Node_2,Node_3,cac2,-0.037499999999994316
2030,sc01,08-30 23:00:00+02:00,Node_1,Node_3,cac3,0.0
2030,sc01,08-30 23:00:00+02:00,Node_1,Node_3,cac2,0.0
2030,sc01,08-30 23:00:00+02:00,Node_1,Node_2,cac3,0.0
2030,sc01,08-30 23:00:00+02:00,Node_1,Node_3,eac1,-0.075
2030,sc01,08-30 23:00:00+02:00,Node_1,Node_2,cac2,0.0
2030,sc01,08-30 23:00:00+02:00,Node_2,Node_3,eac1,-0.075
2030,sc01,08-30 23:00:00+02:00,Node_2,Node_3,cac1,-0.018749999999997158
2030,sc01,08-30 23:00:00+02:00,Node_1,Node_2,eac1,-0.065625
2030,sc01,09-07 00:00:00+02:00,Node_1,Node_3,cac1,0.0
2030,sc01,09-07 00:00:00+02:00,Node_1,Node_2,cac1,0.0
2030,sc01,09-07 00:00:00+02:00,Node_2,Node_3,cac3,0.0
2030,sc01,09-07 00:00:00+02:00,Node_2,Node_3,cac2,-0.037499999999994316
2030,sc01,09-07 00:00:00+02:00,Node_1,Node_3,cac3,0.0
2030,sc01,09-07 00:00:00+02:00,Node_1,Node_3,cac2,0.0
2030,sc01,09-07 00:00:00+02:00,Node_1,Node_2,cac3,0.0
2030,sc01,09-07 00:00:00+02:00,Node_1,Node_3,eac1,-0.075
2030,sc01,09-07 00:00:00+02:00,Node_1,Node_2,cac2,0.0
2030,sc01,09-07 00:00:00+02:00,Node_2,Node_3,eac1,-0.075
2030,sc01,09-07 00:00:00+02:00,Node_2,Node_3,cac1,-0.018749999999997158
2030,sc01,09-07 00:00:00+02:00,Node_1,Node_2,eac1,-0.065625
2030,sc01,09-07 01:00:00+02:00,Node_1,Node_3,cac1,0.0
2030,sc01,09-07 01:00:00+02:00,Node_1,Node_2,cac1,0.0
2030,sc01,09-07 01:00:00+02:00,Node_2,Node_3,cac3,0.0
2030,sc01,09-07 01:00:00+02:00,Node_2,Node_3,cac2,-0.037499999999994316
2030,sc01,09-07 01:00:00+02:00,Node_1,Node_3,cac3,0.0
2030,sc01,09-07 01:00:00+02:00,Node_1,Node_3,cac2,0.0
2030,sc01,09-07 01:00:00+02:00,Node_1,Node_2,cac3,0.0
2030,sc01,09-07 01:00:00+02:00,Node_1,Node_3,eac1,-0.075
2030,sc01,09-07 01:00:00+02:00,Node_1,Node_2,cac2,0.0
2030,sc01,09-07 01:00:00+02:00,Node_2,Node_3,eac1,-0.075
2030,sc01,09-07 01:00:00+02:00,Node_2,Node_3,cac1,-0.018749999999997158
2030,sc01,09-07 01:00:00+02:00,Node_1,Node_2,eac1,-0.065625
2030,sc01,09-07 02:00:00+02:00,Node_1,Node_3,cac1,0.0
2030,sc01,09-07 02:00:00+02:00,Node_1,Node_2,cac1,0.0
2030,sc01,09-07 02:00:00+02:00,Node_2,Node_3,cac3,0.0
2030,sc01,09-07 02:00:00+02:00,Node_2,Node_3,cac2,-0.037499999999994316
2030,sc01,09-07 02:00:00+02:00,Node_1,Node_3,cac3,0.0
2030,sc01,09-07 02:00:00+02:00,Node_1,Node_3,cac2,0.0
2030,sc01,09-07 02:00:00+02:00,Node_1,Node_2,cac3,0.0
2030,sc01,09-07 02:00:00+02:00,Node_1,Node_3,eac1,-0.075
2030,sc01,09-07 02:00:00+02:00,Node_1,Node_2,cac2,0.0
2030,sc01,09-07 02:00:00+02:00,Node_2,Node_3,eac1,-0.075
2030,sc01,09-07 02:00:00+02:00,Node_2,Node_3,cac1,-0.018749999999997158
2030,sc01,09-07 02:00:00+02:00,Node_1,Node_2,eac1,-0.065625
2030,sc01,09-07 03:00:00+02:00,Node_1,Node_3,cac1,0.0
2030,sc01,09-07 03:00:00+02:00,Node_1,Node_2,cac1,0.0
2030,sc01,09-07 03:00:00+02:00,Node_2,Node_3,cac3,0.0
2030,sc01,09-07 03:00:00+02:00,Node_2,Node_3,cac2,-0.037499999999994316
2030,sc01,09-07 03:00:00+02:00,Node_1,Node_3,cac3,0.0
2030,sc01,09-07 03:00:00+02:00,Node_1,Node_3,cac2,0.0
2030,sc01,09-07 03:00:00+02:00,Node_1,Node_2,cac3,0.0
2030,sc01,09-07 03:00:00+02:00,Node_1,Node_3,eac1,-0.075
2030,sc01,09-07 03:00:00+02:00,Node_1,Node_2,cac2,0.0
2030,sc01,09-07 03:00:00+02:00,Node_2,Node_3,eac1,-0.075
2030,sc01,09-07 03:00:00+02:00,Node_2,Node_3,cac1,-0.018749999999997158
2030,sc01,09-07 03:00:00+02:00,Node_1,Node_2,eac1,-0.065625
2030,sc01,09-07 04:00:00+02:00,Node_1,Node_3,cac1,0.0
2030,sc01,09-07 04:00:00+02:00,Node_1,Node_2,cac1,0.0
2030,sc01,09-07 04:00:00+02:00,Node_2,Node_3,cac3,0.0
2030,sc01,09-07 04:00:00+02:00,Node_2,Node_3,cac2,-0.037499999999994316
2030,sc01,09-07 04:00:00+02:00,Node_1,Node_3,cac3,0.0
2030,sc01,09-07 04:00:00+02:00,Node_1,Node_3,cac2,0.0
2030,sc01,09-07 04:00:00+02:00,Node_1,Node_2,cac3,0.0
2030,sc01,09-07 04:00:00+02:00,Node_1,Node_3,eac1,-0.075
2030,sc01,09-07 04:00:00+02:00,Node_1,Node_2,cac2,0.0
2030,sc01,09-07 04:00:00+02:00,Node_2,Node_3,eac1,-0.075
2030,sc01,09-07 04:00:00+02:00,Node_2,Node_3,cac1,-0.018749999999997158
2030,sc01,09-07 04:00:00+02:00,Node_1,Node_2,eac1,-0.065625
2030,sc01,09-07 05:00:00+02:00,Node_1,Node_3,cac1,0.0
2030,sc01,09-07 05:00:00+02:00,Node_1,Node_2,cac1,0.0
2030,sc01,09-07 05:00:00+02:00,Node_2,Node_3,cac3,0.0
2030,sc01,09-07 05:00:00+02:00,Node_2,Node_3,cac2,-0.037499999999994316
2030,sc01,09-07 05:00:00+02:00,Node_1,Node_3,cac3,0.0
2030,sc01,09-07 05:00:00+02:00,Node_1,Node_3,cac2,0.0
2030,sc01,09-07 05:00:00+02:00,Node_1,Node_2,cac3,0.0
2030,sc01,09-07 05:00:00+02:00,Node_1,Node_3,eac1,-0.075
2030,sc01,09-07 05:00:00+02:00,Node_1,Node_2,cac2,0.0
2030,sc01,09-07 05:00:00+02:00,Node_2,Node_3,eac1,-0.075
2030,sc01,09-07 05:00:00+02:00,Node_2,Node_3,cac1,-0.018749999999997158
2030,sc01,09-07 05:00:00+02:00,Node_1,Node_2,eac1,-0.065625
2030,sc01,09-07 06:00:00+02:00,Node_1,Node_3,cac1,0.0
2030,sc01,09-07 06:00:00+02:00,Node_1,Node_2,cac1,0.0
2030,sc01,09-07 06:00:00+02:00,Node_2,Node_3,cac3,0.0
2030,sc01,09-07 06:00:00+02:00,Node_2,Node_3,cac2,-0.037499999999994316
2030,sc01,09-07 06:00:00+02:00,Node_1,Node_3,cac3,0.0
2030,sc01,09-07 06:00:00+02:00,Node_1,Node_3,cac2,0.0
2030,sc01,09-07 06:00:00+02:00,Node_1,Node_2,cac3,0.0
2030,sc01,09-07 06:00:00+02:00,Node_1,Node_3,eac1,-0.075
2030,sc01,09-07 06:00:00+02:00,Node_1,Node_2,cac2,0.0
2030,sc01,09-07 06:00:00+02:00,Node_2,Node_3,eac1,-0.075
2030,sc01,09-07 06:00:00+02:00,Node_2,Node_3,cac1,-0.018749999999997158
2030,sc01,09-07 06:00:00+02:00,Node_1,Node_2,eac1,-0.065625
2030,sc01,09-07 07:00:00+02:00,Node_1,Node_3,cac1,0.0
2030,sc01,09-07 07:00:00+02:00,Node_1,Node_2,cac1,0.0
2030,sc01,09-07 07:00:00+02:00,Node_2,Node_3,cac3,0.0
2030,sc01,09-07 07:00:00+02:00,Node_2,Node_3,cac2,-0.037499999999994316
2030,sc01,09-07 07:00:00+02:00,Node_1,Node_3,cac3,0.0
2030,sc01,09-07 07:00:00+02:00,Node_1,Node_3,cac2,0.0
2030,sc01,09-07 07:00:00+02:00,Node_1,Node_2,cac3,0.0
2030,sc01,09-07 07:00:00+02:00,Node_1,Node_3,eac1,-0.075
2030,sc01,09-07 07:00:00+02:00,Node_1,Node_2,cac2,0.0
2030,sc01,09-07 07:00:00+02:00,Node_2,Node_3,eac1,-0.075
2030,sc01,09-07 07:00:00+02:00,Node_2,Node_3,cac1,-0.018749999999997158
2030,sc01,09-07 07:00:00+02:00,Node_1,Node_2,eac1,-0.065625
2030,sc01,09-07 08:00:00+02:00,Node_1,Node_3,cac1,0.0
2030,sc01,09-07 08:00:00+02:00,Node_1,Node_2,cac1,0.0
2030,sc01,09-07 08:00:00+02:00,Node_2,Node_3,cac3,0.0
2030,sc01,09-07 08:00:00+02:00,Node_2,Node_3,cac2,-0.037499999999994316
2030,sc01,09-07 08:00:00+02:00,Node_1,Node_3,cac3,0.0
2030,sc01,09-07 08:00:00+02:00,Node_1,Node_3,cac2,0.0
2030,sc01,09-07 08:00:00+02:00,Node_1,Node_2,cac3,0.0
2030,sc01,09-07 08:00:00+02:00,Node_1,Node_3,eac1,-0.075
2030,sc01,09-07 08:00:00+02:00,Node_1,Node_2,cac2,0.0
2030,sc01,09-07 08:00:00+02:00,Node_2,Node_3,eac1,-0.075
2030,sc01,09-07 08:00:00+02:00,Node_2,Node_3,cac1,-0.018749999999997158
2030,sc01,09-07 08:00:00+02:00,Node_1,Node_2,eac1,-0.065625
2030,sc01,09-07 09:00:00+02:00,Node_1,Node_3,cac1,0.0
2030,sc01,09-07 09:00:00+02:00,Node_1,Node_2,cac1,0.0
2030,sc01,09-07 09:00:00+02:00,Node_2,Node_3,cac3,0.0
2030,sc01,09-07 09:00:00+02:00,Node_2,Node_3,cac2,-0.037499999999994316
2030,sc01,09-07 09:00:00+02:00,Node_1,Node_3,cac3,0.0
2030,sc01,09-07 09:00:00+02:00,Node_1,Node_3,cac2,0.0
2030,sc01,09-07 09:00:00+02:00,Node_1,Node_2,cac3,0.0
2030,sc01,09-07 09:00:00+02:00,Node_1,Node_3,eac1,-0.075
2030,sc01,09-07 09:00:00+02:00,Node_1,Node_2,cac2,0.0
2030,sc01,09-07 09:00:00+02:00,Node_2,Node_3,eac1,-0.075
2030,sc01,09-07 09:00:00+02:00,Node_2,Node_3,cac1,-0.018749999999997158
2030,sc01,09-07 09:00:00+02:00,Node_1,Node_2,eac1,-0.065625
2030,sc01,09-07 10:00:00+02:00,Node_1,Node_3,cac1,0.0
2030,sc01,09-07 10:00:00+02:00,Node_1,Node_2,cac1,0.0
2030,sc01,09-07 10:00:00+02:00,Node_2,Node_3,cac3,0.0
2030,sc01,09-07 10:00:00+02:00,Node_2,Node_3,cac2,-0.037499999999994316
2030,sc01,09-07 10:00:00+02:00,Node_1,Node_3,cac3,0.0
2030,sc01,09-07 10:00:00+02:00,Node_1,Node_3,cac2,0.0
2030,sc01,09-07 10:00:00+02:00,Node_1,Node_2,cac3,0.0
2030,sc01,09-07 10:00:00+02:00,Node_1,Node_3,eac1,-0.075
2030,sc01,09-07 10:00:00+02:00,Node_1,Node_2,cac2,0.0
2030,sc01,09-07 10:00:00+02:00,Node_2,Node_3,eac1,-0.075
2030,sc01,09-07 10:00:00+02:00,Node_2,Node_3,cac1,-0.018749999999997158
2030,sc01,09-07 10:00:00+02:00,Node_1,Node_2,eac1,-0.065625
2030,sc01,09-07 11:00:00+02:00,Node_1,Node_3,cac1,0.0
2030,sc01,09-07 11:00:00+02:00,Node_1,Node_2,cac1,0.0
2030,sc01,09-07 11:00:00+02:00,Node_2,Node_3,cac3,0.0
2030,sc01,09-07 11:00:00+02:00,Node_2,Node_3,cac2,-0.037499999999994316
2030,sc01,09-07 11:00:00+02:00,Node_1,Node_3,cac3,0.0
2030,sc01,09-07 11:00:00+02:00,Node_1,Node_3,cac2,0.0
2030,sc01,09-07 11:00:00+02:00,Node_1,Node_2,cac3,0.0
2030,sc01,09-07 11:00:00+02:00,Node_1,Node_3,eac1,-0.075
2030,sc01,09-07 11:00:00+02:00,Node_1,Node_2,cac2,0.0
2030,sc01,09-07 11:00:00+02:00,Node_2,Node_3,eac1,-0.075
2030,sc01,09-07 11:00:00+02:00,Node_2,Node_3,cac1,-0.018749999999997158
2030,sc01,09-07 11:00:00+02:00,Node_1,Node_2,eac1,-0.065625
2030,sc01,09-07 12:00:00+02:00,Node_1,Node_3,cac1,0.0
2030,sc01,09-07 12:00:00+02:00,Node_1,Node_2,cac1,0.0
2030,sc01,09-07 12:00:00+02:00,Node_2,Node_3,cac3,0.0
2030,sc01,09-07 12:00:00+02:00,Node_2,Node_3,cac2,-0.037499999999994316
2030,sc01,09-07 12:00:00+02:00,Node_1,Node_3,cac3,0.0
2030,sc01,09-07 12:00:00+02:00,Node_1,Node_3,cac2,0.0
2030,sc01,09-07 12:00:00+02:00,Node_1,Node_2,cac3,0.0
2030,sc01,09-07 12:00:00+02:00,Node_1,Node_3,eac1,-0.075
2030,sc01,09-07 12:00:00+02:00,Node_1,Node_2,cac2,0.0
2030,sc01,09-07 12:00:00+02:00,Node_2,Node_3,eac1,-0.075
2030,sc01,09-07 12:00:00+02:00,Node_2,Node_3,cac1,-0.018749999999997158
2030,sc01,09-07 12:00:00+02:00,Node_1,Node_2,eac1,-0.065625
2030,sc01,09-07 13:00:00+02:00,Node_1,Node_3,cac1,0.0
2030,sc01,09-07 13:00:00+02:00,Node_1,Node_2,cac1,0.0
2030,sc01,09-07 13:00:00+02:00,Node_2,Node_3,cac3,0.0
2030,sc01,09-07 13:00:00+02:00,Node_2,Node_3,cac2,-0.037499999999994316
2030,sc01,09-07 13:00:00+02:00,Node_1,Node_3,cac3,0.0
2030,sc01,09-07 13:00:00+02:00,Node_1,Node_3,cac2,0.0
2030,sc01,09-07 13:00:00+02:00,Node_1,Node_2,cac3,0.0
2030,sc01,09-07 13:00:00+02:00,Node_1,Node_3,eac1,-0.075
2030,sc01,09-07 13:00:00+02:00,Node_1,Node_2,cac2,0.0
2030,sc01,09-07 13:00:00+02:00,Node_2,Node_3,eac1,-0.075
2030,sc01,09-07 13:00:00+02:00,Node_2,Node_3,cac1,-0.018749999999997158
2030,sc01,09-07 13:00:00+02:00,Node_1,Node_2,eac1,-0.065625
2030,sc01,09-07 14:00:00+02:00,Node_1,Node_3,cac1,0.0
2030,sc01,09-07 14:00:00+02:00,Node_1,Node_2,cac1,0.0
2030,sc01,09-07 14:00:00+02:00,Node_2,Node_3,cac3,0.0
2030,sc01,09-07 14:00:00+02:00,Node_2,Node_3,cac2,-0.037499999999994316
2030,sc01,09-07 14:00:00+02:00,Node_1,Node_3,cac3,0.0
2030,sc01,09-07 14:00:00+02:00,Node_1,Node_3,cac2,0.0
2030,sc01,09-07 14:00:00+02:00,Node_1,Node_2,cac3,0.0
2030,sc01,09-07 14:00:00+02:00,Node_1,Node_3,eac1,-0.075
2030,sc01,09-07 14:00:00+02:00,Node_1,Node_2,cac2,0.0
2030,sc01,09-07 14:00:00+02:00,Node_2,Node_3,eac1,-0.075
2030,sc01,09-07 14:00:00+02:00,Node_2,Node_3,cac1,-0.018749999999997158
2030,sc01,09-07 14:00:00+02:00,Node_1,Node_2,eac1,-0.065625
2030,sc01,09-07 15:00:00+02:00,Node_1,Node_3,cac1,0.0
2030,sc01,09-07 15:00:00+02:00,Node_1,Node_2,cac1,0.0
2030,sc01,09-07 15:00:00+02:00,Node_2,Node_3,cac3,0.0
2030,sc01,09-07 15:00:00+02:00,Node_2,Node_3,cac2,-0.037499999999994316
2030,sc01,09-07 15:00:00+02:00,Node_1,Node_3,cac3,0.0
2030,sc01,09-07 15:00:00+02:00,Node_1,Node_3,cac2,0.0
2030,sc01,09-07 15:00:00+02:00,Node_1,Node_2,cac3,0.0
2030,sc01,09-07 15:00:00+02:00,Node_1,Node_3,eac1,-0.075
2030,sc01,09-07 15:00:00+02:00,Node_1,Node_2,cac2,0.0
2030,sc01,09-07 15:00:00+02:00,Node_2,Node_3,eac1,-0.075
2030,sc01,09-07 15:00:00+02:00,Node_2,Node_3,cac1,-0.018749999999997158
2030,sc01,09-07 15:00:00+02:00,Node_1,Node_2,eac1,-0.065625
2030,sc01,09-07 16:00:00+02:00,Node_1,Node_3,cac1,0.0
2030,sc01,09-07 16:00:00+02:00,Node_1,Node_2,cac1,0.0
2030,sc01,09-07 16:00:00+02:00,Node_2,Node_3,cac3,0.0
2030,sc01,09-07 16:00:00+02:00,Node_2,Node_3,cac2,-0.037499999999994316
2030,sc01,09-07 16:00:00+02:00,Node_1,Node_3,cac3,0.0
2030,sc01,09-07 16:00:00+02:00,Node_1,Node_3,cac2,0.0
2030,sc01,09-07 16:00:00+02:00,Node_1,Node_2,cac3,0.0
2030,sc01,09-07 16:00:00+02:00,Node_1,Node_3,eac1,-0.075
2030,sc01,09-07 16:00:00+02:00,Node_1,Node_2,cac2,0.0
2030,sc01,09-07 16:00:00+02:00,Node_2,Node_3,eac1,-0.075
2030,sc01,09-07 16:00:00+02:00,Node_2,Node_3,cac1,-0.018749999999997158
2030,sc01,09-07 16:00:00+02:00,Node_1,Node_2,eac1,-0.065625
2030,sc01,09-07 17:00:00+02:00,Node_1,Node_3,cac1,0.0
2030,sc01,09-07 17:00:00+02:00,Node_1,Node_2,cac1,0.0
2030,sc01,09-07 17:00:00+02:00,Node_2,Node_3,cac3,0.0
2030,sc01,09-07 17:00:00+02:00,Node_2,Node_3,cac2,-0.037499999999994316
2030,sc01,09-07 17:00:00+02:00,Node_1,Node_3,cac3,0.0
2030,sc01,09-07 17:00:00+02:00,Node_1,Node_3,cac2,0.0
2030,sc01,09-07 17:00:00+02:00,Node_1,Node_2,cac3,0.0
2030,sc01,09-07 17:00:00+02:00,Node_1,Node_3,eac1,-0.075
2030,sc01,09-07 17:00:00+02:00,Node_1,Node_2,cac2,0.0
2030,sc01,09-07 17:00:00+02:00,Node_2,Node_3,eac1,-0.075
2030,sc01,09-07 17:00:00+02:00,Node_2,Node_3,cac1,-0.018749999999997158
2030,sc01,09-07 17:00:00+02:00,Node_1,Node_2,eac1,-0.065625
2030,sc01,09-07 18:00:00+02:00,Node_1,Node_3,cac1,0.0
2030,sc01,09-07 18:00:00+02:00,Node_1,Node_2,cac1,0.0
2030,sc01,09-07 18:00:00+02:00,Node_2,Node_3,cac3,0.0
2030,sc01,09-07 18:00:00+02:00,Node_2,Node_3,cac2,-0.037499999999994316
2030,sc01,09-07 18:00:00+02:00,Node_1,Node_3,cac3,0.0
2030,sc01,09-07 18:00:00+02:00,Node_1,Node_3,cac2,0.0
2030,sc01,09-07 18:00:00+02:00,Node_1,Node_2,cac3,0.0
2030,sc01,09-07 18:00:00+02:00,Node_1,Node_3,eac1,-0.075
2030,sc01,09-07 18:00:00+02:00,Node_1,Node_2,cac2,0.0
2030,sc01,09-07 18:00:00+02:00,Node_2,Node_3,eac1,-0.075
2030,sc01,09-07 18:00:00+02:00,Node_2,Node_3,cac1,-0.018749999999997158
2030,sc01,09-07 18:00:00+02:00,Node_1,Node_2,eac1,-0.065625
2030,sc01,09-07 19:00:00+02:00,Node_1,Node_3,cac1,0.0
2030,sc01,09-07 19:00:00+02:00,Node_1,Node_2,cac1,0.0
2030,sc01,09-07 19:00:00+02:00,Node_2,Node_3,cac3,0.0
2030,sc01,09-07 19:00:00+02:00,Node_2,Node_3,cac2,-0.037499999999994316
2030,sc01,09-07 19:00:00+02:00,Node_1,Node_3,cac3,0.0
2030,sc01,09-07 19:00:00+02:00,Node_1,Node_3,cac2,0.0
2030,sc01,09-07 19:00:00+02:00,Node_1,Node_2,cac3,0.0
2030,sc01,09-07 19:00:00+02:00,Node_1,Node_3,eac1,-0.075
2030,sc01,09-07 19:00:00+02:00,Node_1,Node_2,cac2,0.0
2030,sc01,09-07 19:00:00+02:00,Node_2,Node_3,eac1,-0.075
2030,sc01,09-07 19:00:00+02:00,Node_2,Node_3,cac1,-0.018749999999997158
2030,sc01,09-07 19:00:00+02:00,Node_1,Node_2,eac1,-0.065625
2030,sc01,09-07 20:00:00+02:00,Node_1,Node_3,cac1,0.0
2030,sc01,09-07 20:00:00+02:00,Node_1,Node_2,cac1,0.0
2030,sc01,09-07 20:00:00+02:00,Node_2,Node_3,cac3,0.0
2030,sc01,09-07 20:00:00+02:00,Node_2,Node_3,cac2,-0.037499999999994316
2030,sc01,09-07 20:00:00+02:00,Node_1,Node_3,cac3,0.0
2030,sc01,09-07 20:00:00+02:00,Node_1,Node_3,cac2,0.0
2030,sc01,09-07 20:00:00+02:00,Node_1,Node_2,cac3,0.0
2030,sc01,09-07 20:00:00+02:00,Node_1,Node_3,eac1,-0.075
2030,sc01,09-07 20:00:00+02:00,Node_1,Node_2,cac2,0.0
2030,sc01,09-07 20:00:00+02:00,Node_2,Node_3,eac1,-0.075
2030,sc01,09-07 20:00:00+02:00,Node_2,Node_3,cac1,-0.018749999999997158
2030,sc01,09-07 20:00:00+02:00,Node_1,Node_2,eac1,-0.065625
2030,sc01,09-07 21:00:00+02:00,Node_1,Node_3,cac1,0.0
2030,sc01,09-07 21:00:00+02:00,Node_1,Node_2,cac1,0.0
2030,sc01,09-07 21:00:00+02:00,Node_2,Node_3,cac3,0.0
2030,sc01,09-07 21:00:00+02:00,Node_2,Node_3,cac2,-0.037499999999994316
2030,sc01,09-07 21:00:00+02:00,Node_1,Node_3,cac3,0.0
2030,sc01,09-07 21:00:00+02:00,Node_1,Node_3,cac2,0.0
2030,sc01,09-07 21:00:00+02:00,Node_1,Node_2,cac3,0.0
2030,sc01,09-07 21:00:00+02:00,Node_1,Node_3,eac1,-0.075
2030,sc01,09-07 21:00:00+02:00,Node_1,Node_2,cac2,0.0
2030,sc01,09-07 21:00:00+02:00,Node_2,Node_3,eac1,-0.075
2030,sc01,09-07 21:00:00+02:00,Node_2,Node_3,cac1,-0.018749999999997158
2030,sc01,09-07 21:00:00+02:00,Node_1,Node_2,eac1,-0.065625
2030,sc01,09-07 22:00:00+02:00,Node_1,Node_3,cac1,0.0
2030,sc01,09-07 22:00:00+02:00,Node_1,Node_2,cac1,0.0
2030,sc01,09-07 22:00:00+02:00,Node_2,Node_3,cac3,0.0
2030,sc01,09-07 22:00:00+02:00,Node_2,Node_3,cac2,-0.037499999999994316
2030,sc01,09-07 22:00:00+02:00,Node_1,Node_3,cac3,0.0
2030,sc01,09-07 22:00:00+02:00,Node_1,Node_3,cac2,0.0
2030,sc01,09-07 22:00:00+02:00,Node_1,Node_2,cac3,0.0
2030,sc01,09-07 22:00:00+02:00,Node_1,Node_3,eac1,-0.075
2030,sc01,09-07 22:00:00+02:00,Node_1,Node_2,cac2,0.0
2030,sc01,09-07 22:00:00+02:00,Node_2,Node_3,eac1,-0.075
2030,sc01,09-07 22:00:00+02:00,Node_2,Node_3,cac1,-0.018749999999997158
2030,sc01,09-07 22:00:00+02:00,Node_1,Node_2,eac1,-0.065625
2030,sc01,09-07 23:00:00+02:00,Node_1,Node_3,cac1,0.0
2030,sc01,09-07 23:00:00+02:00,Node_1,Node_2,cac1,0.0
2030,sc01,09-07 23:00:00+02:00,Node_2,Node_3,cac3,0.0
2030,sc01,09-07 23:00:00+02:00,Node_2,Node_3,cac2,-0.037499999999994316
2030,sc01,09-07 23:00:00+02:00,Node_1,Node_3,cac3,0.0
2030,sc01,09-07 23:00:00+02:00,Node_1,Node_3,cac2,0.0
2030,sc01,09-07 23:00:00+02:00,Node_1,Node_2,cac3,0.0
2030,sc01,09-07 23:00:00+02:00,Node_1,Node_3,eac1,-0.075
2030,sc01,09-07 23:00:00+02:00,Node_1,Node_2,cac2,0.0
2030,sc01,09-07 23:00:00+02:00,Node_2,Node_3,eac1,-0.075
2030,sc01,09-07 23:00:00+02:00,Node_2,Node_3,cac1,-0.018749999999997158
2030,sc01,09-07 23:00:00+02:00,Node_1,Node_2,eac1,-0.065625
2030,sc01,09-13 00:00:00+02:00,Node_1,Node_3,cac1,0.0
2030,sc01,09-13 00:00:00+02:00,Node_1,Node_2,cac1,0.0
2030,sc01,09-13 00:00:00+02:00,Node_2,Node_3,cac3,0.0
2030,sc01,09-13 00:00:00+02:00,Node_2,Node_3,cac2,-0.037499999999994316
2030,sc01,09-13 00:00:00+02:00,Node_1,Node_3,cac3,0.0
2030,sc01,09-13 00:00:00+02:00,Node_1,Node_3,cac2,0.0
2030,sc01,09-13 00:00:00+02:00,Node_1,Node_2,cac3,0.0
2030,sc01,09-13 00:00:00+02:00,Node_1,Node_3,eac1,-0.075
2030,sc01,09-13 00:00:00+02:00,Node_1,Node_2,cac2,0.0
2030,sc01,09-13 00:00:00+02:00,Node_2,Node_3,eac1,-0.075
2030,sc01,09-13 00:00:00+02:00,Node_2,Node_3,cac1,-0.018749999999997158
2030,sc01,09-13 00:00:00+02:00,Node_1,Node_2,eac1,-0.065625
2030,sc01,09-13 01:00:00+02:00,Node_1,Node_3,cac1,0.0
2030,sc01,09-13 01:00:00+02:00,Node_1,Node_2,cac1,0.0
2030,sc01,09-13 01:00:00+02:00,Node_2,Node_3,cac3,0.0
2030,sc01,09-13 01:00:00+02:00,Node_2,Node_3,cac2,-0.037499999999994316
2030,sc01,09-13 01:00:00+02:00,Node_1,Node_3,cac3,0.0
2030,sc01,09-13 01:00:00+02:00,Node_1,Node_3,cac2,0.0
2030,sc01,09-13 01:00:00+02:00,Node_1,Node_2,cac3,0.0
2030,sc01,09-13 01:00:00+02:00,Node_1,Node_3,eac1,-0.075
2030,sc01,09-13 01:00:00+02:00,Node_1,Node_2,cac2,0.0
2030,sc01,09-13 01:00:00+02:00,Node_2,Node_3,eac1,-0.075
2030,sc01,09-13 01:00:00+02:00,Node_2,Node_3,cac1,-0.018749999999997158
2030,sc01,09-13 01:00:00+02:00,Node_1,Node_2,eac1,-0.065625
2030,sc01,09-13 02:00:00+02:00,Node_1,Node_3,cac1,0.0
2030,sc01,09-13 02:00:00+02:00,Node_1,Node_2,cac1,0.0
2030,sc01,09-13 02:00:00+02:00,Node_2,Node_3,cac3,0.0
2030,sc01,09-13 02:00:00+02:00,Node_2,Node_3,cac2,-0.037499999999994316
2030,sc01,09-13 02:00:00+02:00,Node_1,Node_3,cac3,0.0
2030,sc01,09-13 02:00:00+02:00,Node_1,Node_3,cac2,0.0
2030,sc01,09-13 02:00:00+02:00,Node_1,Node_2,cac3,0.0
2030,sc01,09-13 02:00:00+02:00,Node_1,Node_3,eac1,-0.075
2030,sc01,09-13 02:00:00+02:00,Node_1,Node_2,cac2,0.0
2030,sc01,09-13 02:00:00+02:00,Node_2,Node_3,eac1,-0.075
2030,sc01,09-13 02:00:00+02:00,Node_2,Node_3,cac1,-0.018749999999997158
2030,sc01,09-13 02:00:00+02:00,Node_1,Node_2,eac1,-0.06482800306179115
2030,sc01,09-13 03:00:00+02:00,Node_1,Node_3,cac1,0.0
2030,sc01,09-13 03:00:00+02:00,Node_1,Node_2,cac1,0.0
2030,sc01,09-13 03:00:00+02:00,Node_2,Node_3,cac3,0.0
2030,sc01,09-13 03:00:00+02:00,Node_2,Node_3,cac2,-0.037499999999994316
2030,sc01,09-13 03:00:00+02:00,Node_1,Node_3,cac3,0.0
2030,sc01,09-13 03:00:00+02:00,Node_1,Node_3,cac2,0.0
2030,sc01,09-13 03:00:00+02:00,Node_1,Node_2,cac3,0.0
2030,sc01,09-13 03:00:00+02:00,Node_1,Node_3,eac1,-0.075
2030,sc01,09-13 03:00:00+02:00,Node_1,Node_2,cac2,0.0
2030,sc01,09-13 03:00:00+02:00,Node_2,Node_3,eac1,-0.075
2030,sc01,09-13 03:00:00+02:00,Node_2,Node_3,cac1,-0.018749999999997158
2030,sc01,09-13 03:00:00+02:00,Node_1,Node_2,eac1,-0.06224556349562249
2030,sc01,09-13 04:00:00+02:00,Node_1,Node_3,cac1,0.0
2030,sc01,09-13 04:00:00+02:00,Node_1,Node_2,cac1,0.0
2030,sc01,09-13 04:00:00+02:00,Node_2,Node_3,cac3,0.0
2030,sc01,09-13 04:00:00+02:00,Node_2,Node_3,cac2,-0.037499999999994316
2030,sc01,09-13 04:00:00+02:00,Node_1,Node_3,cac3,0.0
2030,sc01,09-13 04:00:00+02:00,Node_1,Node_3,cac2,0.0
2030,sc01,09-13 04:00:00+02:00,Node_1,Node_2,cac3,0.0
2030,sc01,09-13 04:00:00+02:00,Node_1,Node_3,eac1,-0.075
2030,sc01,09-13 04:00:00+02:00,Node_1,Node_2,cac2,0.0
2030,sc01,09-13 04:00:00+02:00,Node_2,Node_3,eac1,-0.075
2030,sc01,09-13 04:00:00+02:00,Node_2,Node_3,cac1,-0.018749999999997158
2030,sc01,09-13 04:00:00+02:00,Node_1,Node_2,eac1,-0.061145483355574015
2030,sc01,09-13 05:00:00+02:00,Node_1,Node_3,cac1,0.0
2030,sc01,09-13 05:00:00+02:00,Node_1,Node_2,cac1,0.0
2030,sc01,09-13 05:00:00+02:00,Node_2,Node_3,cac3,0.0
2030,sc01,09-13 05:00:00+02:00,Node_2,Node_3,cac2,-0.037499999999994316
2030,sc01,09-13 05:00:00+02:00,Node_1,Node_3,cac3,0.0
2030,sc01,09-13 05:00:00+02:00,Node_1,Node_3,cac2,0.0
2030,sc01,09-13 05:00:00+02:00,Node_1,Node_2,cac3,0.0
2030,sc01,09-13 05:00:00+02:00,Node_1,Node_3,eac1,-0.075
2030,sc01,09-13 05:00:00+02:00,Node_1,Node_2,cac2,0.0
2030,sc01,09-13 05:00:00+02:00,Node_2,Node_3,eac1,-0.075
2030,sc01,09-13 05:00:00+02:00,Node_2,Node_3,cac1,-0.018749999999997158
2030,sc01,09-13 05:00:00+02:00,Node_1,Node_2,eac1,-0.06109661942466388
2030,sc01,09-13 06:00:00+02:00,Node_1,Node_3,cac1,0.0
2030,sc01,09-13 06:00:00+02:00,Node_1,Node_2,cac1,0.0
2030,sc01,09-13 06:00:00+02:00,Node_2,Node_3,cac3,0.0
2030,sc01,09-13 06:00:00+02:00,Node_2,Node_3,cac2,-0.037499999999994316
2030,sc01,09-13 06:00:00+02:00,Node_1,Node_3,cac3,0.0
2030,sc01,09-13 06:00:00+02:00,Node_1,Node_3,cac2,0.0
2030,sc01,09-13 06:00:00+02:00,Node_1,Node_2,cac3,0.0
2030,sc01,09-13 06:00:00+02:00,Node_1,Node_3,eac1,-0.075
2030,sc01,09-13 06:00:00+02:00,Node_1,Node_2,cac2,0.0
2030,sc01,09-13 06:00:00+02:00,Node_2,Node_3,eac1,-0.075
2030,sc01,09-13 06:00:00+02:00,Node_2,Node_3,cac1,-0.018749999999997158
2030,sc01,09-13 06:00:00+02:00,Node_1,Node_2,eac1,-0.065625
2030,sc01,09-13 07:00:00+02:00,Node_1,Node_3,cac1,0.0
2030,sc01,09-13 07:00:00+02:00,Node_1,Node_2,cac1,0.0
2030,sc01,09-13 07:00:00+02:00,Node_2,Node_3,cac3,0.0
2030,sc01,09-13 07:00:00+02:00,Node_2,Node_3,cac2,-0.037499999999994316
2030,sc01,09-13 07:00:00+02:00,Node_1,Node_3,cac3,0.0
2030,sc01,09-13 07:00:00+02:00,Node_1,Node_3,cac2,0.0
2030,sc01,09-13 07:00:00+02:00,Node_1,Node_2,cac3,0.0
2030,sc01,09-13 07:00:00+02:00,Node_1,Node_3,eac1,-0.075
2030,sc01,09-13 07:00:00+02:00,Node_1,Node_2,cac2,0.0
2030,sc01,09-13 07:00:00+02:00,Node_2,Node_3,eac1,-0.075
2030,sc01,09-13 07:00:00+02:00,Node_2,Node_3,cac1,-0.018749999999997158
2030,sc01,09-13 07:00:00+02:00,Node_1,Node_2,eac1,-0.065625
2030,sc01,09-13 08:00:00+02:00,Node_1,Node_3,cac1,0.0
2030,sc01,09-13 08:00:00+02:00,Node_1,Node_2,cac1,0.0
2030,sc01,09-13 08:00:00+02:00,Node_2,Node_3,cac3,0.0
2030,sc01,09-13 08:00:00+02:00,Node_2,Node_3,cac2,-0.037499999999994316
2030,sc01,09-13 08:00:00+02:00,Node_1,Node_3,cac3,0.0
2030,sc01,09-13 08:00:00+02:00,Node_1,Node_3,cac2,0.0
2030,sc01,09-13 08:00:00+02:00,Node_1,Node_2,cac3,0.0
2030,sc01,09-13 08:00:00+02:00,Node_1,Node_3,eac1,-0.075
2030,sc01,09-13 08:00:00+02:00,Node_1,Node_2,cac2,0.0
2030,sc01,09-13 08:00:00+02:00,Node_2,Node_3,eac1,-0.075
2030,sc01,09-13 08:00:00+02:00,Node_2,Node_3,cac1,-0.018749999999997158
2030,sc01,09-13 08:00:00+02:00,Node_1,Node_2,eac1,-0.065625
2030,sc01,09-13 09:00:00+02:00,Node_1,Node_3,cac1,0.0
2030,sc01,09-13 09:00:00+02:00,Node_1,Node_2,cac1,0.0
2030,sc01,09-13 09:00:00+02:00,Node_2,Node_3,cac3,0.0
2030,sc01,09-13 09:00:00+02:00,Node_2,Node_3,cac2,-0.037499999999994316
2030,sc01,09-13 09:00:00+02:00,Node_1,Node_3,cac3,0.0
2030,sc01,09-13 09:00:00+02:00,Node_1,Node_3,cac2,0.0
2030,sc01,09-13 09:00:00+02:00,Node_1,Node_2,cac3,0.0
2030,sc01,09-13 09:00:00+02:00,Node_1,Node_3,eac1,-0.075
2030,sc01,09-13 09:00:00+02:00,Node_1,Node_2,cac2,0.0
2030,sc01,09-13 09:00:00+02:00,Node_2,Node_3,eac1,-0.075
2030,sc01,09-13 09:00:00+02:00,Node_2,Node_3,cac1,-0.018749999999997158
2030,sc01,09-13 09:00:00+02:00,Node_1,Node_2,eac1,-0.06489226785973301
2030,sc01,09-13 10:00:00+02:00,Node_1,Node_3,cac1,0.0
2030,sc01,09-13 10:00:00+02:00,Node_1,Node_2,cac1,0.0
2030,sc01,09-13 10:00:00+02:00,Node_2,Node_3,cac3,0.0
2030,sc01,09-13 10:00:00+02:00,Node_2,Node_3,cac2,-0.037499999999994316
2030,sc01,09-13 10:00:00+02:00,Node_1,Node_3,cac3,0.0
2030,sc01,09-13 10:00:00+02:00,Node_1,Node_3,cac2,0.0
2030,sc01,09-13 10:00:00+02:00,Node_1,Node_2,cac3,0.0
2030,sc01,09-13 10:00:00+02:00,Node_1,Node_3,eac1,-0.075
2030,sc01,09-13 10:00:00+02:00,Node_1,Node_2,cac2,0.0
2030,sc01,09-13 10:00:00+02:00,Node_2,Node_3,eac1,-0.075
2030,sc01,09-13 10:00:00+02:00,Node_2,Node_3,cac1,-0.018749999999997158
2030,sc01,09-13 10:00:00+02:00,Node_1,Node_2,eac1,-0.0616748860073244
2030,sc01,09-13 11:00:00+02:00,Node_1,Node_3,cac1,0.0
2030,sc01,09-13 11:00:00+02:00,Node_1,Node_2,cac1,0.0
2030,sc01,09-13 11:00:00+02:00,Node_2,Node_3,cac3,0.0
2030,sc01,09-13 11:00:00+02:00,Node_2,Node_3,cac2,-0.037499999999994316
2030,sc01,09-13 11:00:00+02:00,Node_1,Node_3,cac3,0.0
2030,sc01,09-13 11:00:00+02:00,Node_1,Node_3,cac2,0.0
2030,sc01,09-13 11:00:00+02:00,Node_1,Node_2,cac3,0.0
2030,sc01,09-13 11:00:00+02:00,Node_1,Node_3,eac1,-0.075
2030,sc01,09-13 11:00:00+02:00,Node_1,Node_2,cac2,0.0
2030,sc01,09-13 11:00:00+02:00,Node_2,Node_3,eac1,-0.075
2030,sc01,09-13 11:00:00+02:00,Node_2,Node_3,cac1,-0.018749999999997158
2030,sc01,09-13 11:00:00+02:00,Node_1,Node_2,eac1,-0.059761201967078084
2030,sc01,09-13 12:00:00+02:00,Node_1,Node_3,cac1,0.0
2030,sc01,09-13 12:00:00+02:00,Node_1,Node_2,cac1,0.0
2030,sc01,09-13 12:00:00+02:00,Node_2,Node_3,cac3,0.0
2030,sc01,09-13 12:00:00+02:00,Node_2,Node_3,cac2,-0.037499999999994316
2030,sc01,09-13 12:00:00+02:00,Node_1,Node_3,cac3,0.0
2030,sc01,09-13 12:00:00+02:00,Node_1,Node_3,cac2,0.0
2030,sc01,09-13 12:00:00+02:00,Node_1,Node_2,cac3,0.0
2030,sc01,09-13 12:00:00+02:00,Node_1,Node_3,eac1,-0.075
2030,sc01,09-13 12:00:00+02:00,Node_1,Node_2,cac2,0.0
2030,sc01,09-13 12:00:00+02:00,Node_2,Node_3,eac1,-0.075
2030,sc01,09-13 12:00:00+02:00,Node_2,Node_3,cac1,-0.018749999999997158
2030,sc01,09-13 12:00:00+02:00,Node_1,Node_2,eac1,-0.05493058486777613
2030,sc01,09-13 13:00:00+02:00,Node_1,Node_3,cac1,0.0
2030,sc01,09-13 13:00:00+02:00,Node_1,Node_2,cac1,0.0
2030,sc01,09-13 13:00:00+02:00,Node_2,Node_3,cac3,0.0
2030,sc01,09-13 13:00:00+02:00,Node_2,Node_3,cac2,-0.037499999999994316
2030,sc01,09-13 13:00:00+02:00,Node_1,Node_3,cac3,0.0
2030,sc01,09-13 13:00:00+02:00,Node_1,Node_3,cac2,0.0
2030,sc01,09-13 13:00:00+02:00,Node_1,Node_2,cac3,0.0
2030,sc01,09-13 13:00:00+02:00,Node_1,Node_3,eac1,-0.075
2030,sc01,09-13 13:00:00+02:00,Node_1,Node_2,cac2,0.0
2030,sc01,09-13 13:00:00+02:00,Node_2,Node_3,eac1,-0.075
2030,sc01,09-13 13:00:00+02:00,Node_2,Node_3,cac1,-0.018749999999997158
2030,sc01,09-13 13:00:00+02:00,Node_1,Node_2,eac1,-0.052050342249515325
2030,sc01,09-13 14:00:00+02:00,Node_1,Node_3,cac1,0.0
2030,sc01,09-13 14:00:00+02:00,Node_1,Node_2,cac1,0.0
2030,sc01,09-13 14:00:00+02:00,Node_2,Node_3,cac3,0.0
2030,sc01,09-13 14:00:00+02:00,Node_2,Node_3,cac2,-0.037499999999994316
2030,sc01,09-13 14:00:00+02:00,Node_1,Node_3,cac3,0.0
2030,sc01,09-13 14:00:00+02:00,Node_1,Node_3,cac2,0.0
2030,sc01,09-13 14:00:00+02:00,Node_1,Node_2,cac3,0.0
2030,sc01,09-13 14:00:00+02:00,Node_1,Node_3,eac1,-0.075
2030,sc01,09-13 14:00:00+02:00,Node_1,Node_2,cac2,0.0
2030,sc01,09-13 14:00:00+02:00,Node_2,Node_3,eac1,-0.075
2030,sc01,09-13 14:00:00+02:00,Node_2,Node_3,cac1,-0.018749999999997158
2030,sc01,09-13 14:00:00+02:00,Node_1,Node_2,eac1,-0.050708398822081335
2030,sc01,09-13 15:00:00+02:00,Node_1,Node_3,cac1,0.0
2030,sc01,09-13 15:00:00+02:00,Node_1,Node_2,cac1,0.0
2030,sc01,09-13 15:00:00+02:00,Node_2,Node_3,cac3,0.0
2030,sc01,09-13 15:00:00+02:00,Node_2,Node_3,cac2,-0.037499999999994316
2030,sc01,09-13 15:00:00+02:00,Node_1,Node_3,cac3,0.0
2030,sc01,09-13 15:00:00+02:00,Node_1,Node_3,cac2,0.0
2030,sc01,09-13 15:00:00+02:00,Node_1,Node_2,cac3,0.0
2030,sc01,09-13 15:00:00+02:00,Node_1,Node_3,eac1,-0.075
2030,sc01,09-13 15:00:00+02:00,Node_1,Node_2,cac2,0.0
2030,sc01,09-13 15:00:00+02:00,Node_2,Node_3,eac1,-0.075
2030,sc01,09-13 15:00:00+02:00,Node_2,Node_3,cac1,-0.018749999999997158
2030,sc01,09-13 15:00:00+02:00,Node_1,Node_2,eac1,-0.04947727561280134
2030,sc01,09-13 16:00:00+02:00,Node_1,Node_3,cac1,0.0
2030,sc01,09-13 16:00:00+02:00,Node_1,Node_2,cac1,0.0
2030,sc01,09-13 16:00:00+02:00,Node_2,Node_3,cac3,0.0
2030,sc01,09-13 16:00:00+02:00,Node_2,Node_3,cac2,-0.037499999999994316
2030,sc01,09-13 16:00:00+02:00,Node_1,Node_3,cac3,0.0
2030,sc01,09-13 16:00:00+02:00,Node_1,Node_3,cac2,0.0
2030,sc01,09-13 16:00:00+02:00,Node_1,Node_2,cac3,0.0
2030,sc01,09-13 16:00:00+02:00,Node_1,Node_3,eac1,-0.075
2030,sc01,09-13 16:00:00+02:00,Node_1,Node_2,cac2,0.0
2030,sc01,09-13 16:00:00+02:00,Node_2,Node_3,eac1,-0.075
2030,sc01,09-13 16:00:00+02:00,Node_2,Node_3,cac1,-0.018749999999997158
2030,sc01,09-13 16:00:00+02:00,Node_1,Node_2,eac1,-0.052968515010945794
2030,sc01,09-13 17:00:00+02:00,Node_1,Node_3,cac1,0.0
2030,sc01,09-13 17:00:00+02:00,Node_1,Node_2,cac1,0.0
2030,sc01,09-13 17:00:00+02:00,Node_2,Node_3,cac3,0.0
2030,sc01,09-13 17:00:00+02:00,Node_2,Node_3,cac2,-0.037499999999994316
2030,sc01,09-13 17:00:00+02:00,Node_1,Node_3,cac3,0.0
2030,sc01,09-13 17:00:00+02:00,Node_1,Node_3,cac2,0.0
2030,sc01,09-13 17:00:00+02:00,Node_1,Node_2,cac3,0.0
2030,sc01,09-13 17:00:00+02:00,Node_1,Node_3,eac1,-0.075
2030,sc01,09-13 17:00:00+02:00,Node_1,Node_2,cac2,0.0
2030,sc01,09-13 17:00:00+02:00,Node_2,Node_3,eac1,-0.075
2030,sc01,09-13 17:00:00+02:00,Node_2,Node_3,cac1,-0.018749999999997158
2030,sc01,09-13 17:00:00+02:00,Node_1,Node_2,eac1,-0.05890990547413821
2030,sc01,09-13 18:00:00+02:00,Node_1,Node_3,cac1,0.0
2030,sc01,09-13 18:00:00+02:00,Node_1,Node_2,cac1,0.0
2030,sc01,09-13 18:00:00+02:00,Node_2,Node_3,cac3,0.0
2030,sc01,09-13 18:00:00+02:00,Node_2,Node_3,cac2,-0.037499999999994316
2030,sc01,09-13 18:00:00+02:00,Node_1,Node_3,cac3,0.0
2030,sc01,09-13 18:00:00+02:00,Node_1,Node_3,cac2,0.0
2030,sc01,09-13 18:00:00+02:00,Node_1,Node_2,cac3,0.0
2030,sc01,09-13 18:00:00+02:00,Node_1,Node_3,eac1,-0.075
2030,sc01,09-13 18:00:00+02:00,Node_1,Node_2,cac2,0.0
2030,sc01,09-13 18:00:00+02:00,Node_2,Node_3,eac1,-0.075
2030,sc01,09-13 18:00:00+02:00,Node_2,Node_3,cac1,-0.018749999999997158
2030,sc01,09-13 18:00:00+02:00,Node_1,Node_2,eac1,-0.065625
2030,sc01,09-13 19:00:00+02:00,Node_1,Node_3,cac1,0.0
2030,sc01,09-13 19:00:00+02:00,Node_1,Node_2,cac1,0.0
2030,sc01,09-13 19:00:00+02:00,Node_2,Node_3,cac3,0.0
2030,sc01,09-13 19:00:00+02:00,Node_2,Node_3,cac2,-0.037499999999994316
2030,sc01,09-13 19:00:00+02:00,Node_1,Node_3,cac3,0.0
2030,sc01,09-13 19:00:00+02:00,Node_1,Node_3,cac2,0.0
2030,sc01,09-13 19:00:00+02:00,Node_1,Node_2,cac3,0.0
2030,sc01,09-13 19:00:00+02:00,Node_1,Node_3,eac1,-0.075
2030,sc01,09-13 19:00:00+02:00,Node_1,Node_2,cac2,0.0
2030,sc01,09-13 19:00:00+02:00,Node_2,Node_3,eac1,-0.075
2030,sc01,09-13 19:00:00+02:00,Node_2,Node_3,cac1,-0.018749999999997158
2030,sc01,09-13 19:00:00+02:00,Node_1,Node_2,eac1,-0.065625
2030,sc01,09-13 20:00:00+02:00,Node_1,Node_3,cac1,0.0
2030,sc01,09-13 20:00:00+02:00,Node_1,Node_2,cac1,0.0
2030,sc01,09-13 20:00:00+02:00,Node_2,Node_3,cac3,0.0
2030,sc01,09-13 20:00:00+02:00,Node_2,Node_3,cac2,-0.037499999999994316
2030,sc01,09-13 20:00:00+02:00,Node_1,Node_3,cac3,0.0
2030,sc01,09-13 20:00:00+02:00,Node_1,Node_3,cac2,0.0
2030,sc01,09-13 20:00:00+02:00,Node_1,Node_2,cac3,0.0
2030,sc01,09-13 20:00:00+02:00,Node_1,Node_3,eac1,-0.075
2030,sc01,09-13 20:00:00+02:00,Node_1,Node_2,cac2,0.0
2030,sc01,09-13 20:00:00+02:00,Node_2,Node_3,eac1,-0.075
2030,sc01,09-13 20:00:00+02:00,Node_2,Node_3,cac1,-0.018749999999997158
2030,sc01,09-13 20:00:00+02:00,Node_1,Node_2,eac1,-0.065625
2030,sc01,09-13 21:00:00+02:00,Node_1,Node_3,cac1,0.0
2030,sc01,09-13 21:00:00+02:00,Node_1,Node_2,cac1,0.0
2030,sc01,09-13 21:00:00+02:00,Node_2,Node_3,cac3,0.0
2030,sc01,09-13 21:00:00+02:00,Node_2,Node_3,cac2,-0.037499999999994316
2030,sc01,09-13 21:00:00+02:00,Node_1,Node_3,cac3,0.0
2030,sc01,09-13 21:00:00+02:00,Node_1,Node_3,cac2,0.0
2030,sc01,09-13 21:00:00+02:00,Node_1,Node_2,cac3,0.0
2030,sc01,09-13 21:00:00+02:00,Node_1,Node_3,eac1,-0.075
2030,sc01,09-13 21:00:00+02:00,Node_1,Node_2,cac2,0.0
2030,sc01,09-13 21:00:00+02:00,Node_2,Node_3,eac1,-0.075
2030,sc01,09-13 21:00:00+02:00,Node_2,Node_3,cac1,-0.018749999999997158
2030,sc01,09-13 21:00:00+02:00,Node_1,Node_2,eac1,-0.065625
2030,sc01,09-13 22:00:00+02:00,Node_1,Node_3,cac1,0.0
2030,sc01,09-13 22:00:00+02:00,Node_1,Node_2,cac1,0.0
2030,sc01,09-13 22:00:00+02:00,Node_2,Node_3,cac3,0.0
2030,sc01,09-13 22:00:00+02:00,Node_2,Node_3,cac2,-0.037499999999994316
2030,sc01,09-13 22:00:00+02:00,Node_1,Node_3,cac3,0.0
2030,sc01,09-13 22:00:00+02:00,Node_1,Node_3,cac2,0.0
2030,sc01,09-13 22:00:00+02:00,Node_1,Node_2,cac3,0.0
2030,sc01,09-13 22:00:00+02:00,Node_1,Node_3,eac1,-0.075
2030,sc01,09-13 22:00:00+02:00,Node_1,Node_2,cac2,0.0
2030,sc01,09-13 22:00:00+02:00,Node_2,Node_3,eac1,-0.075
2030,sc01,09-13 22:00:00+02:00,Node_2,Node_3,cac1,-0.018749999999997158
2030,sc01,09-13 22:00:00+02:00,Node_1,Node_2,eac1,-0.065625
2030,sc01,09-13 23:00:00+02:00,Node_1,Node_3,cac1,0.0
2030,sc01,09-13 23:00:00+02:00,Node_1,Node_2,cac1,0.0
2030,sc01,09-13 23:00:00+02:00,Node_2,Node_3,cac3,0.0
2030,sc01,09-13 23:00:00+02:00,Node_2,Node_3,cac2,-0.037499999999994316
2030,sc01,09-13 23:00:00+02:00,Node_1,Node_3,cac3,0.0
2030,sc01,09-13 23:00:00+02:00,Node_1,Node_3,cac2,0.0
2030,sc01,09-13 23:00:00+02:00,Node_1,Node_2,cac3,0.0
2030,sc01,09-13 23:00:00+02:00,Node_1,Node_3,eac1,-0.075
2030,sc01,09-13 23:00:00+02:00,Node_1,Node_2,cac2,0.0
2030,sc01,09-13 23:00:00+02:00,Node_2,Node_3,eac1,-0.075
2030,sc01,09-13 23:00:00+02:00,Node_2,Node_3,cac1,-0.018749999999997158
2030,sc01,09-13 23:00:00+02:00,Node_1,Node_2,eac1,-0.061506026884558196
2030,sc01,09-19 00:00:00+02:00,Node_1,Node_3,cac1,0.0
2030,sc01,09-19 00:00:00+02:00,Node_1,Node_2,cac1,0.0
2030,sc01,09-19 00:00:00+02:00,Node_2,Node_3,cac3,0.0
2030,sc01,09-19 00:00:00+02:00,Node_2,Node_3,cac2,-0.037499999999994316
2030,sc01,09-19 00:00:00+02:00,Node_1,Node_3,cac3,0.0
2030,sc01,09-19 00:00:00+02:00,Node_1,Node_3,cac2,0.0
2030,sc01,09-19 00:00:00+02:00,Node_1,Node_2,cac3,0.0
2030,sc01,09-19 00:00:00+02:00,Node_1,Node_3,eac1,-0.075
2030,sc01,09-19 00:00:00+02:00,Node_1,Node_2,cac2,0.0
2030,sc01,09-19 00:00:00+02:00,Node_2,Node_3,eac1,-0.075
2030,sc01,09-19 00:00:00+02:00,Node_2,Node_3,cac1,-0.018749999999997158
2030,sc01,09-19 00:00:00+02:00,Node_1,Node_2,eac1,-0.065625
2030,sc01,09-19 01:00:00+02:00,Node_1,Node_3,cac1,0.0
2030,sc01,09-19 01:00:00+02:00,Node_1,Node_2,cac1,0.0
2030,sc01,09-19 01:00:00+02:00,Node_2,Node_3,cac3,0.0
2030,sc01,09-19 01:00:00+02:00,Node_2,Node_3,cac2,-0.037499999999994316
2030,sc01,09-19 01:00:00+02:00,Node_1,Node_3,cac3,0.0
2030,sc01,09-19 01:00:00+02:00,Node_1,Node_3,cac2,0.0
2030,sc01,09-19 01:00:00+02:00,Node_1,Node_2,cac3,0.0
2030,sc01,09-19 01:00:00+02:00,Node_1,Node_3,eac1,-0.075
2030,sc01,09-19 01:00:00+02:00,Node_1,Node_2,cac2,0.0
2030,sc01,09-19 01:00:00+02:00,Node_2,Node_3,eac1,-0.075
2030,sc01,09-19 01:00:00+02:00,Node_2,Node_3,cac1,-0.018749999999997158
2030,sc01,09-19 01:00:00+02:00,Node_1,Node_2,eac1,-0.065625
2030,sc01,09-19 02:00:00+02:00,Node_1,Node_3,cac1,0.0
2030,sc01,09-19 02:00:00+02:00,Node_1,Node_2,cac1,0.0
2030,sc01,09-19 02:00:00+02:00,Node_2,Node_3,cac3,0.0
2030,sc01,09-19 02:00:00+02:00,Node_2,Node_3,cac2,-0.037499999999994316
2030,sc01,09-19 02:00:00+02:00,Node_1,Node_3,cac3,0.0
2030,sc01,09-19 02:00:00+02:00,Node_1,Node_3,cac2,0.0
2030,sc01,09-19 02:00:00+02:00,Node_1,Node_2,cac3,0.0
2030,sc01,09-19 02:00:00+02:00,Node_1,Node_3,eac1,-0.075
2030,sc01,09-19 02:00:00+02:00,Node_1,Node_2,cac2,0.0
2030,sc01,09-19 02:00:00+02:00,Node_2,Node_3,eac1,-0.075
2030,sc01,09-19 02:00:00+02:00,Node_2,Node_3,cac1,-0.018749999999997158
2030,sc01,09-19 02:00:00+02:00,Node_1,Node_2,eac1,-0.065625
2030,sc01,09-19 03:00:00+02:00,Node_1,Node_3,cac1,0.0
2030,sc01,09-19 03:00:00+02:00,Node_1,Node_2,cac1,0.0
2030,sc01,09-19 03:00:00+02:00,Node_2,Node_3,cac3,0.0
2030,sc01,09-19 03:00:00+02:00,Node_2,Node_3,cac2,-0.037499999999994316
2030,sc01,09-19 03:00:00+02:00,Node_1,Node_3,cac3,0.0
2030,sc01,09-19 03:00:00+02:00,Node_1,Node_3,cac2,0.0
2030,sc01,09-19 03:00:00+02:00,Node_1,Node_2,cac3,0.0
2030,sc01,09-19 03:00:00+02:00,Node_1,Node_3,eac1,-0.075
2030,sc01,09-19 03:00:00+02:00,Node_1,Node_2,cac2,0.0
2030,sc01,09-19 03:00:00+02:00,Node_2,Node_3,eac1,-0.075
2030,sc01,09-19 03:00:00+02:00,Node_2,Node_3,cac1,-0.018749999999997158
2030,sc01,09-19 03:00:00+02:00,Node_1,Node_2,eac1,-0.065625
2030,sc01,09-19 04:00:00+02:00,Node_1,Node_3,cac1,0.0
2030,sc01,09-19 04:00:00+02:00,Node_1,Node_2,cac1,0.0
2030,sc01,09-19 04:00:00+02:00,Node_2,Node_3,cac3,0.0
2030,sc01,09-19 04:00:00+02:00,Node_2,Node_3,cac2,-0.037499999999994316
2030,sc01,09-19 04:00:00+02:00,Node_1,Node_3,cac3,0.0
2030,sc01,09-19 04:00:00+02:00,Node_1,Node_3,cac2,0.0
2030,sc01,09-19 04:00:00+02:00,Node_1,Node_2,cac3,0.0
2030,sc01,09-19 04:00:00+02:00,Node_1,Node_3,eac1,-0.075
2030,sc01,09-19 04:00:00+02:00,Node_1,Node_2,cac2,0.0
2030,sc01,09-19 04:00:00+02:00,Node_2,Node_3,eac1,-0.075
2030,sc01,09-19 04:00:00+02:00,Node_2,Node_3,cac1,-0.018749999999997158
2030,sc01,09-19 04:00:00+02:00,Node_1,Node_2,eac1,-0.065625
2030,sc01,09-19 05:00:00+02:00,Node_1,Node_3,cac1,0.0
2030,sc01,09-19 05:00:00+02:00,Node_1,Node_2,cac1,0.0
2030,sc01,09-19 05:00:00+02:00,Node_2,Node_3,cac3,0.0
2030,sc01,09-19 05:00:00+02:00,Node_2,Node_3,cac2,-0.037499999999994316
2030,sc01,09-19 05:00:00+02:00,Node_1,Node_3,cac3,0.0
2030,sc01,09-19 05:00:00+02:00,Node_1,Node_3,cac2,0.0
2030,sc01,09-19 05:00:00+02:00,Node_1,Node_2,cac3,0.0
2030,sc01,09-19 05:00:00+02:00,Node_1,Node_3,eac1,-0.075
2030,sc01,09-19 05:00:00+02:00,Node_1,Node_2,cac2,0.0
2030,sc01,09-19 05:00:00+02:00,Node_2,Node_3,eac1,-0.075
2030,sc01,09-19 05:00:00+02:00,Node_2,Node_3,cac1,-0.018749999999997158
2030,sc01,09-19 05:00:00+02:00,Node_1,Node_2,eac1,-0.065625
2030,sc01,09-19 06:00:00+02:00,Node_1,Node_3,cac1,0.0
2030,sc01,09-19 06:00:00+02:00,Node_1,Node_2,cac1,0.0
2030,sc01,09-19 06:00:00+02:00,Node_2,Node_3,cac3,0.0
2030,sc01,09-19 06:00:00+02:00,Node_2,Node_3,cac2,-0.037499999999994316
2030,sc01,09-19 06:00:00+02:00,Node_1,Node_3,cac3,0.0
2030,sc01,09-19 06:00:00+02:00,Node_1,Node_3,cac2,0.0
2030,sc01,09-19 06:00:00+02:00,Node_1,Node_2,cac3,0.0
2030,sc01,09-19 06:00:00+02:00,Node_1,Node_3,eac1,-0.075
2030,sc01,09-19 06:00:00+02:00,Node_1,Node_2,cac2,0.0
2030,sc01,09-19 06:00:00+02:00,Node_2,Node_3,eac1,-0.075
2030,sc01,09-19 06:00:00+02:00,Node_2,Node_3,cac1,-0.018749999999997158
2030,sc01,09-19 06:00:00+02:00,Node_1,Node_2,eac1,-0.065625
2030,sc01,09-19 07:00:00+02:00,Node_1,Node_3,cac1,0.0
2030,sc01,09-19 07:00:00+02:00,Node_1,Node_2,cac1,0.0
2030,sc01,09-19 07:00:00+02:00,Node_2,Node_3,cac3,0.0
2030,sc01,09-19 07:00:00+02:00,Node_2,Node_3,cac2,-0.037499999999994316
2030,sc01,09-19 07:00:00+02:00,Node_1,Node_3,cac3,0.0
2030,sc01,09-19 07:00:00+02:00,Node_1,Node_3,cac2,0.0
2030,sc01,09-19 07:00:00+02:00,Node_1,Node_2,cac3,0.0
2030,sc01,09-19 07:00:00+02:00,Node_1,Node_3,eac1,-0.075
2030,sc01,09-19 07:00:00+02:00,Node_1,Node_2,cac2,0.0
2030,sc01,09-19 07:00:00+02:00,Node_2,Node_3,eac1,-0.075
2030,sc01,09-19 07:00:00+02:00,Node_2,Node_3,cac1,-0.018749999999997158
2030,sc01,09-19 07:00:00+02:00,Node_1,Node_2,eac1,-0.065625
2030,sc01,09-19 08:00:00+02:00,Node_1,Node_3,cac1,0.0
2030,sc01,09-19 08:00:00+02:00,Node_1,Node_2,cac1,0.0
2030,sc01,09-19 08:00:00+02:00,Node_2,Node_3,cac3,0.0
2030,sc01,09-19 08:00:00+02:00,Node_2,Node_3,cac2,-0.037499999999994316
2030,sc01,09-19 08:00:00+02:00,Node_1,Node_3,cac3,0.0
2030,sc01,09-19 08:00:00+02:00,Node_1,Node_3,cac2,0.0
2030,sc01,09-19 08:00:00+02:00,Node_1,Node_2,cac3,0.0
2030,sc01,09-19 08:00:00+02:00,Node_1,Node_3,eac1,-0.075
2030,sc01,09-19 08:00:00+02:00,Node_1,Node_2,cac2,0.0
2030,sc01,09-19 08:00:00+02:00,Node_2,Node_3,eac1,-0.075
2030,sc01,09-19 08:00:00+02:00,Node_2,Node_3,cac1,-0.018749999999997158
2030,sc01,09-19 08:00:00+02:00,Node_1,Node_2,eac1,-0.065625
2030,sc01,09-19 09:00:00+02:00,Node_1,Node_3,cac1,0.0
2030,sc01,09-19 09:00:00+02:00,Node_1,Node_2,cac1,0.0
2030,sc01,09-19 09:00:00+02:00,Node_2,Node_3,cac3,0.0
2030,sc01,09-19 09:00:00+02:00,Node_2,Node_3,cac2,-0.037499999999994316
2030,sc01,09-19 09:00:00+02:00,Node_1,Node_3,cac3,0.0
2030,sc01,09-19 09:00:00+02:00,Node_1,Node_3,cac2,0.0
2030,sc01,09-19 09:00:00+02:00,Node_1,Node_2,cac3,0.0
2030,sc01,09-19 09:00:00+02:00,Node_1,Node_3,eac1,-0.075
2030,sc01,09-19 09:00:00+02:00,Node_1,Node_2,cac2,0.0
2030,sc01,09-19 09:00:00+02:00,Node_2,Node_3,eac1,-0.075
2030,sc01,09-19 09:00:00+02:00,Node_2,Node_3,cac1,-0.018749999999997158
2030,sc01,09-19 09:00:00+02:00,Node_1,Node_2,eac1,-0.065625
2030,sc01,09-19 10:00:00+02:00,Node_1,Node_3,cac1,0.0
2030,sc01,09-19 10:00:00+02:00,Node_1,Node_2,cac1,0.0
2030,sc01,09-19 10:00:00+02:00,Node_2,Node_3,cac3,0.0
2030,sc01,09-19 10:00:00+02:00,Node_2,Node_3,cac2,-0.037499999999994316
2030,sc01,09-19 10:00:00+02:00,Node_1,Node_3,cac3,0.0
2030,sc01,09-19 10:00:00+02:00,Node_1,Node_3,cac2,0.0
2030,sc01,09-19 10:00:00+02:00,Node_1,Node_2,cac3,0.0
2030,sc01,09-19 10:00:00+02:00,Node_1,Node_3,eac1,-0.075
2030,sc01,09-19 10:00:00+02:00,Node_1,Node_2,cac2,0.0
2030,sc01,09-19 10:00:00+02:00,Node_2,Node_3,eac1,-0.075
2030,sc01,09-19 10:00:00+02:00,Node_2,Node_3,cac1,-0.018749999999997158
2030,sc01,09-19 10:00:00+02:00,Node_1,Node_2,eac1,-0.065625
2030,sc01,09-19 11:00:00+02:00,Node_1,Node_3,cac1,0.0
2030,sc01,09-19 11:00:00+02:00,Node_1,Node_2,cac1,0.0
2030,sc01,09-19 11:00:00+02:00,Node_2,Node_3,cac3,0.0
2030,sc01,09-19 11:00:00+02:00,Node_2,Node_3,cac2,-0.037499999999994316
2030,sc01,09-19 11:00:00+02:00,Node_1,Node_3,cac3,0.0
2030,sc01,09-19 11:00:00+02:00,Node_1,Node_3,cac2,0.0
2030,sc01,09-19 11:00:00+02:00,Node_1,Node_2,cac3,0.0
2030,sc01,09-19 11:00:00+02:00,Node_1,Node_3,eac1,-0.075
2030,sc01,09-19 11:00:00+02:00,Node_1,Node_2,cac2,0.0
2030,sc01,09-19 11:00:00+02:00,Node_2,Node_3,eac1,-0.075
2030,sc01,09-19 11:00:00+02:00,Node_2,Node_3,cac1,-0.018749999999997158
2030,sc01,09-19 11:00:00+02:00,Node_1,Node_2,eac1,-0.065625
2030,sc01,09-19 12:00:00+02:00,Node_1,Node_3,cac1,0.0
2030,sc01,09-19 12:00:00+02:00,Node_1,Node_2,cac1,0.0
2030,sc01,09-19 12:00:00+02:00,Node_2,Node_3,cac3,0.0
2030,sc01,09-19 12:00:00+02:00,Node_2,Node_3,cac2,-0.037499999999994316
2030,sc01,09-19 12:00:00+02:00,Node_1,Node_3,cac3,0.0
2030,sc01,09-19 12:00:00+02:00,Node_1,Node_3,cac2,0.0
2030,sc01,09-19 12:00:00+02:00,Node_1,Node_2,cac3,0.0
2030,sc01,09-19 12:00:00+02:00,Node_1,Node_3,eac1,-0.075
2030,sc01,09-19 12:00:00+02:00,Node_1,Node_2,cac2,0.0
2030,sc01,09-19 12:00:00+02:00,Node_2,Node_3,eac1,-0.075
2030,sc01,09-19 12:00:00+02:00,Node_2,Node_3,cac1,-0.018749999999997158
2030,sc01,09-19 12:00:00+02:00,Node_1,Node_2,eac1,-0.065625
2030,sc01,09-19 13:00:00+02:00,Node_1,Node_3,cac1,0.0
2030,sc01,09-19 13:00:00+02:00,Node_1,Node_2,cac1,0.0
2030,sc01,09-19 13:00:00+02:00,Node_2,Node_3,cac3,0.0
2030,sc01,09-19 13:00:00+02:00,Node_2,Node_3,cac2,-0.037499999999994316
2030,sc01,09-19 13:00:00+02:00,Node_1,Node_3,cac3,0.0
2030,sc01,09-19 13:00:00+02:00,Node_1,Node_3,cac2,0.0
2030,sc01,09-19 13:00:00+02:00,Node_1,Node_2,cac3,0.0
2030,sc01,09-19 13:00:00+02:00,Node_1,Node_3,eac1,-0.075
2030,sc01,09-19 13:00:00+02:00,Node_1,Node_2,cac2,0.0
2030,sc01,09-19 13:00:00+02:00,Node_2,Node_3,eac1,-0.075
2030,sc01,09-19 13:00:00+02:00,Node_2,Node_3,cac1,-0.018749999999997158
2030,sc01,09-19 13:00:00+02:00,Node_1,Node_2,eac1,-0.065625
2030,sc01,09-19 14:00:00+02:00,Node_1,Node_3,cac1,0.0
2030,sc01,09-19 14:00:00+02:00,Node_1,Node_2,cac1,0.0
2030,sc01,09-19 14:00:00+02:00,Node_2,Node_3,cac3,0.0
2030,sc01,09-19 14:00:00+02:00,Node_2,Node_3,cac2,-0.037499999999994316
2030,sc01,09-19 14:00:00+02:00,Node_1,Node_3,cac3,0.0
2030,sc01,09-19 14:00:00+02:00,Node_1,Node_3,cac2,0.0
2030,sc01,09-19 14:00:00+02:00,Node_1,Node_2,cac3,0.0
2030,sc01,09-19 14:00:00+02:00,Node_1,Node_3,eac1,-0.075
2030,sc01,09-19 14:00:00+02:00,Node_1,Node_2,cac2,0.0
2030,sc01,09-19 14:00:00+02:00,Node_2,Node_3,eac1,-0.075
2030,sc01,09-19 14:00:00+02:00,Node_2,Node_3,cac1,-0.018749999999997158
2030,sc01,09-19 14:00:00+02:00,Node_1,Node_2,eac1,-0.065625
2030,sc01,09-19 15:00:00+02:00,Node_1,Node_3,cac1,0.0
2030,sc01,09-19 15:00:00+02:00,Node_1,Node_2,cac1,0.0
2030,sc01,09-19 15:00:00+02:00,Node_2,Node_3,cac3,0.0
2030,sc01,09-19 15:00:00+02:00,Node_2,Node_3,cac2,-0.037499999999994316
2030,sc01,09-19 15:00:00+02:00,Node_1,Node_3,cac3,0.0
2030,sc01,09-19 15:00:00+02:00,Node_1,Node_3,cac2,0.0
2030,sc01,09-19 15:00:00+02:00,Node_1,Node_2,cac3,0.0
2030,sc01,09-19 15:00:00+02:00,Node_1,Node_3,eac1,-0.075
2030,sc01,09-19 15:00:00+02:00,Node_1,Node_2,cac2,0.0
2030,sc01,09-19 15:00:00+02:00,Node_2,Node_3,eac1,-0.075
2030,sc01,09-19 15:00:00+02:00,Node_2,Node_3,cac1,-0.018749999999997158
2030,sc01,09-19 15:00:00+02:00,Node_1,Node_2,eac1,-0.065625
2030,sc01,09-19 16:00:00+02:00,Node_1,Node_3,cac1,0.0
2030,sc01,09-19 16:00:00+02:00,Node_1,Node_2,cac1,0.0
2030,sc01,09-19 16:00:00+02:00,Node_2,Node_3,cac3,0.0
2030,sc01,09-19 16:00:00+02:00,Node_2,Node_3,cac2,-0.037499999999994316
2030,sc01,09-19 16:00:00+02:00,Node_1,Node_3,cac3,0.0
2030,sc01,09-19 16:00:00+02:00,Node_1,Node_3,cac2,0.0
2030,sc01,09-19 16:00:00+02:00,Node_1,Node_2,cac3,0.0
2030,sc01,09-19 16:00:00+02:00,Node_1,Node_3,eac1,-0.075
2030,sc01,09-19 16:00:00+02:00,Node_1,Node_2,cac2,0.0
2030,sc01,09-19 16:00:00+02:00,Node_2,Node_3,eac1,-0.075
2030,sc01,09-19 16:00:00+02:00,Node_2,Node_3,cac1,-0.018749999999997158
2030,sc01,09-19 16:00:00+02:00,Node_1,Node_2,eac1,-0.065625
2030,sc01,09-19 17:00:00+02:00,Node_1,Node_3,cac1,0.0
2030,sc01,09-19 17:00:00+02:00,Node_1,Node_2,cac1,0.0
2030,sc01,09-19 17:00:00+02:00,Node_2,Node_3,cac3,0.0
2030,sc01,09-19 17:00:00+02:00,Node_2,Node_3,cac2,-0.037499999999994316
2030,sc01,09-19 17:00:00+02:00,Node_1,Node_3,cac3,0.0
2030,sc01,09-19 17:00:00+02:00,Node_1,Node_3,cac2,0.0
2030,sc01,09-19 17:00:00+02:00,Node_1,Node_2,cac3,0.0
2030,sc01,09-19 17:00:00+02:00,Node_1,Node_3,eac1,-0.075
2030,sc01,09-19 17:00:00+02:00,Node_1,Node_2,cac2,0.0
2030,sc01,09-19 17:00:00+02:00,Node_2,Node_3,eac1,-0.075
2030,sc01,09-19 17:00:00+02:00,Node_2,Node_3,cac1,-0.018749999999997158
2030,sc01,09-19 17:00:00+02:00,Node_1,Node_2,eac1,-0.065625
2030,sc01,09-19 18:00:00+02:00,Node_1,Node_3,cac1,0.0
2030,sc01,09-19 18:00:00+02:00,Node_1,Node_2,cac1,0.0
2030,sc01,09-19 18:00:00+02:00,Node_2,Node_3,cac3,0.0
2030,sc01,09-19 18:00:00+02:00,Node_2,Node_3,cac2,-0.037499999999994316
2030,sc01,09-19 18:00:00+02:00,Node_1,Node_3,cac3,0.0
2030,sc01,09-19 18:00:00+02:00,Node_1,Node_3,cac2,0.0
2030,sc01,09-19 18:00:00+02:00,Node_1,Node_2,cac3,0.0
2030,sc01,09-19 18:00:00+02:00,Node_1,Node_3,eac1,-0.075
2030,sc01,09-19 18:00:00+02:00,Node_1,Node_2,cac2,0.0
2030,sc01,09-19 18:00:00+02:00,Node_2,Node_3,eac1,-0.075
2030,sc01,09-19 18:00:00+02:00,Node_2,Node_3,cac1,-0.018749999999997158
2030,sc01,09-19 18:00:00+02:00,Node_1,Node_2,eac1,-0.065625
2030,sc01,09-19 19:00:00+02:00,Node_1,Node_3,cac1,0.0
2030,sc01,09-19 19:00:00+02:00,Node_1,Node_2,cac1,0.0
2030,sc01,09-19 19:00:00+02:00,Node_2,Node_3,cac3,0.0
2030,sc01,09-19 19:00:00+02:00,Node_2,Node_3,cac2,-0.037499999999994316
2030,sc01,09-19 19:00:00+02:00,Node_1,Node_3,cac3,0.0
2030,sc01,09-19 19:00:00+02:00,Node_1,Node_3,cac2,0.0
2030,sc01,09-19 19:00:00+02:00,Node_1,Node_2,cac3,0.0
2030,sc01,09-19 19:00:00+02:00,Node_1,Node_3,eac1,-0.075
2030,sc01,09-19 19:00:00+02:00,Node_1,Node_2,cac2,0.0
2030,sc01,09-19 19:00:00+02:00,Node_2,Node_3,eac1,-0.075
2030,sc01,09-19 19:00:00+02:00,Node_2,Node_3,cac1,-0.018749999999997158
2030,sc01,09-19 19:00:00+02:00,Node_1,Node_2,eac1,-0.065625
2030,sc01,09-19 20:00:00+02:00,Node_1,Node_3,cac1,0.0
2030,sc01,09-19 20:00:00+02:00,Node_1,Node_2,cac1,0.0
2030,sc01,09-19 20:00:00+02:00,Node_2,Node_3,cac3,0.0
2030,sc01,09-19 20:00:00+02:00,Node_2,Node_3,cac2,-0.037499999999994316
2030,sc01,09-19 20:00:00+02:00,Node_1,Node_3,cac3,0.0
2030,sc01,09-19 20:00:00+02:00,Node_1,Node_3,cac2,0.0
2030,sc01,09-19 20:00:00+02:00,Node_1,Node_2,cac3,0.0
2030,sc01,09-19 20:00:00+02:00,Node_1,Node_3,eac1,-0.075
2030,sc01,09-19 20:00:00+02:00,Node_1,Node_2,cac2,0.0
2030,sc01,09-19 20:00:00+02:00,Node_2,Node_3,eac1,-0.075
2030,sc01,09-19 20:00:00+02:00,Node_2,Node_3,cac1,-0.018749999999997158
2030,sc01,09-19 20:00:00+02:00,Node_1,Node_2,eac1,-0.065625
2030,sc01,09-19 21:00:00+02:00,Node_1,Node_3,cac1,0.0
2030,sc01,09-19 21:00:00+02:00,Node_1,Node_2,cac1,0.0
2030,sc01,09-19 21:00:00+02:00,Node_2,Node_3,cac3,0.0
2030,sc01,09-19 21:00:00+02:00,Node_2,Node_3,cac2,-0.037499999999994316
2030,sc01,09-19 21:00:00+02:00,Node_1,Node_3,cac3,0.0
2030,sc01,09-19 21:00:00+02:00,Node_1,Node_3,cac2,0.0
2030,sc01,09-19 21:00:00+02:00,Node_1,Node_2,cac3,0.0
2030,sc01,09-19 21:00:00+02:00,Node_1,Node_3,eac1,-0.075
2030,sc01,09-19 21:00:00+02:00,Node_1,Node_2,cac2,0.0
2030,sc01,09-19 21:00:00+02:00,Node_2,Node_3,eac1,-0.075
2030,sc01,09-19 21:00:00+02:00,Node_2,Node_3,cac1,-0.018749999999997158
2030,sc01,09-19 21:00:00+02:00,Node_1,Node_2,eac1,-0.065625
2030,sc01,09-19 22:00:00+02:00,Node_1,Node_3,cac1,0.0
2030,sc01,09-19 22:00:00+02:00,Node_1,Node_2,cac1,0.0
2030,sc01,09-19 22:00:00+02:00,Node_2,Node_3,cac3,0.0
2030,sc01,09-19 22:00:00+02:00,Node_2,Node_3,cac2,-0.037499999999994316
2030,sc01,09-19 22:00:00+02:00,Node_1,Node_3,cac3,0.0
2030,sc01,09-19 22:00:00+02:00,Node_1,Node_3,cac2,0.0
2030,sc01,09-19 22:00:00+02:00,Node_1,Node_2,cac3,0.0
2030,sc01,09-19 22:00:00+02:00,Node_1,Node_3,eac1,-0.075
2030,sc01,09-19 22:00:00+02:00,Node_1,Node_2,cac2,0.0
2030,sc01,09-19 22:00:00+02:00,Node_2,Node_3,eac1,-0.075
2030,sc01,09-19 22:00:00+02:00,Node_2,Node_3,cac1,-0.018749999999997158
2030,sc01,09-19 22:00:00+02:00,Node_1,Node_2,eac1,-0.065625
2030,sc01,09-19 23:00:00+02:00,Node_1,Node_3,cac1,0.0
2030,sc01,09-19 23:00:00+02:00,Node_1,Node_2,cac1,0.0
2030,sc01,09-19 23:00:00+02:00,Node_2,Node_3,cac3,0.0
2030,sc01,09-19 23:00:00+02:00,Node_2,Node_3,cac2,-0.037499999999994316
2030,sc01,09-19 23:00:00+02:00,Node_1,Node_3,cac3,0.0
2030,sc01,09-19 23:00:00+02:00,Node_1,Node_3,cac2,0.0
2030,sc01,09-19 23:00:00+02:00,Node_1,Node_2,cac3,0.0
2030,sc01,09-19 23:00:00+02:00,Node_1,Node_3,eac1,-0.075
2030,sc01,09-19 23:00:00+02:00,Node_1,Node_2,cac2,0.0
2030,sc01,09-19 23:00:00+02:00,Node_2,Node_3,eac1,-0.075
2030,sc01,09-19 23:00:00+02:00,Node_2,Node_3,cac1,-0.018749999999997158
2030,sc01,09-19 23:00:00+02:00,Node_1,Node_2,eac1,-0.065625
2030,sc01,09-22 00:00:00+02:00,Node_1,Node_3,cac1,0.0
2030,sc01,09-22 00:00:00+02:00,Node_1,Node_2,cac1,0.0
2030,sc01,09-22 00:00:00+02:00,Node_2,Node_3,cac3,0.0
2030,sc01,09-22 00:00:00+02:00,Node_2,Node_3,cac2,-0.037499999999994316
2030,sc01,09-22 00:00:00+02:00,Node_1,Node_3,cac3,0.0
2030,sc01,09-22 00:00:00+02:00,Node_1,Node_3,cac2,0.0
2030,sc01,09-22 00:00:00+02:00,Node_1,Node_2,cac3,0.0
2030,sc01,09-22 00:00:00+02:00,Node_1,Node_3,eac1,-0.075
2030,sc01,09-22 00:00:00+02:00,Node_1,Node_2,cac2,0.0
2030,sc01,09-22 00:00:00+02:00,Node_2,Node_3,eac1,-0.075
2030,sc01,09-22 00:00:00+02:00,Node_2,Node_3,cac1,-0.018749999999997158
2030,sc01,09-22 00:00:00+02:00,Node_1,Node_2,eac1,-0.065625
2030,sc01,09-22 01:00:00+02:00,Node_1,Node_3,cac1,0.0
2030,sc01,09-22 01:00:00+02:00,Node_1,Node_2,cac1,0.0
2030,sc01,09-22 01:00:00+02:00,Node_2,Node_3,cac3,0.0
2030,sc01,09-22 01:00:00+02:00,Node_2,Node_3,cac2,-0.037499999999994316
2030,sc01,09-22 01:00:00+02:00,Node_1,Node_3,cac3,0.0
2030,sc01,09-22 01:00:00+02:00,Node_1,Node_3,cac2,0.0
2030,sc01,09-22 01:00:00+02:00,Node_1,Node_2,cac3,0.0
2030,sc01,09-22 01:00:00+02:00,Node_1,Node_3,eac1,-0.075
2030,sc01,09-22 01:00:00+02:00,Node_1,Node_2,cac2,0.0
2030,sc01,09-22 01:00:00+02:00,Node_2,Node_3,eac1,-0.075
2030,sc01,09-22 01:00:00+02:00,Node_2,Node_3,cac1,-0.018749999999997158
2030,sc01,09-22 01:00:00+02:00,Node_1,Node_2,eac1,-0.065625
2030,sc01,09-22 02:00:00+02:00,Node_1,Node_3,cac1,0.0
2030,sc01,09-22 02:00:00+02:00,Node_1,Node_2,cac1,0.0
2030,sc01,09-22 02:00:00+02:00,Node_2,Node_3,cac3,0.0
2030,sc01,09-22 02:00:00+02:00,Node_2,Node_3,cac2,-0.037499999999994316
2030,sc01,09-22 02:00:00+02:00,Node_1,Node_3,cac3,0.0
2030,sc01,09-22 02:00:00+02:00,Node_1,Node_3,cac2,0.0
2030,sc01,09-22 02:00:00+02:00,Node_1,Node_2,cac3,0.0
2030,sc01,09-22 02:00:00+02:00,Node_1,Node_3,eac1,-0.075
2030,sc01,09-22 02:00:00+02:00,Node_1,Node_2,cac2,0.0
2030,sc01,09-22 02:00:00+02:00,Node_2,Node_3,eac1,-0.075
2030,sc01,09-22 02:00:00+02:00,Node_2,Node_3,cac1,-0.018749999999997158
2030,sc01,09-22 02:00:00+02:00,Node_1,Node_2,eac1,-0.065625
2030,sc01,09-22 03:00:00+02:00,Node_1,Node_3,cac1,0.0
2030,sc01,09-22 03:00:00+02:00,Node_1,Node_2,cac1,0.0
2030,sc01,09-22 03:00:00+02:00,Node_2,Node_3,cac3,0.0
2030,sc01,09-22 03:00:00+02:00,Node_2,Node_3,cac2,-0.037499999999994316
2030,sc01,09-22 03:00:00+02:00,Node_1,Node_3,cac3,0.0
2030,sc01,09-22 03:00:00+02:00,Node_1,Node_3,cac2,0.0
2030,sc01,09-22 03:00:00+02:00,Node_1,Node_2,cac3,0.0
2030,sc01,09-22 03:00:00+02:00,Node_1,Node_3,eac1,-0.075
2030,sc01,09-22 03:00:00+02:00,Node_1,Node_2,cac2,0.0
2030,sc01,09-22 03:00:00+02:00,Node_2,Node_3,eac1,-0.075
2030,sc01,09-22 03:00:00+02:00,Node_2,Node_3,cac1,-0.018749999999997158
2030,sc01,09-22 03:00:00+02:00,Node_1,Node_2,eac1,-0.065625
2030,sc01,09-22 04:00:00+02:00,Node_1,Node_3,cac1,0.0
2030,sc01,09-22 04:00:00+02:00,Node_1,Node_2,cac1,0.0
2030,sc01,09-22 04:00:00+02:00,Node_2,Node_3,cac3,0.0
2030,sc01,09-22 04:00:00+02:00,Node_2,Node_3,cac2,-0.037499999999994316
2030,sc01,09-22 04:00:00+02:00,Node_1,Node_3,cac3,0.0
2030,sc01,09-22 04:00:00+02:00,Node_1,Node_3,cac2,0.0
2030,sc01,09-22 04:00:00+02:00,Node_1,Node_2,cac3,0.0
2030,sc01,09-22 04:00:00+02:00,Node_1,Node_3,eac1,-0.075
2030,sc01,09-22 04:00:00+02:00,Node_1,Node_2,cac2,0.0
2030,sc01,09-22 04:00:00+02:00,Node_2,Node_3,eac1,-0.075
2030,sc01,09-22 04:00:00+02:00,Node_2,Node_3,cac1,-0.018749999999997158
2030,sc01,09-22 04:00:00+02:00,Node_1,Node_2,eac1,-0.065625
2030,sc01,09-22 05:00:00+02:00,Node_1,Node_3,cac1,0.0
2030,sc01,09-22 05:00:00+02:00,Node_1,Node_2,cac1,0.0
2030,sc01,09-22 05:00:00+02:00,Node_2,Node_3,cac3,0.0
2030,sc01,09-22 05:00:00+02:00,Node_2,Node_3,cac2,-0.037499999999994316
2030,sc01,09-22 05:00:00+02:00,Node_1,Node_3,cac3,0.0
2030,sc01,09-22 05:00:00+02:00,Node_1,Node_3,cac2,0.0
2030,sc01,09-22 05:00:00+02:00,Node_1,Node_2,cac3,0.0
2030,sc01,09-22 05:00:00+02:00,Node_1,Node_3,eac1,-0.075
2030,sc01,09-22 05:00:00+02:00,Node_1,Node_2,cac2,0.0
2030,sc01,09-22 05:00:00+02:00,Node_2,Node_3,eac1,-0.075
2030,sc01,09-22 05:00:00+02:00,Node_2,Node_3,cac1,-0.018749999999997158
2030,sc01,09-22 05:00:00+02:00,Node_1,Node_2,eac1,-0.065625
2030,sc01,09-22 06:00:00+02:00,Node_1,Node_3,cac1,0.0
2030,sc01,09-22 06:00:00+02:00,Node_1,Node_2,cac1,0.0
2030,sc01,09-22 06:00:00+02:00,Node_2,Node_3,cac3,0.0
2030,sc01,09-22 06:00:00+02:00,Node_2,Node_3,cac2,-0.037499999999994316
2030,sc01,09-22 06:00:00+02:00,Node_1,Node_3,cac3,0.0
2030,sc01,09-22 06:00:00+02:00,Node_1,Node_3,cac2,0.0
2030,sc01,09-22 06:00:00+02:00,Node_1,Node_2,cac3,0.0
2030,sc01,09-22 06:00:00+02:00,Node_1,Node_3,eac1,-0.075
2030,sc01,09-22 06:00:00+02:00,Node_1,Node_2,cac2,0.0
2030,sc01,09-22 06:00:00+02:00,Node_2,Node_3,eac1,-0.075
2030,sc01,09-22 06:00:00+02:00,Node_2,Node_3,cac1,-0.018749999999997158
2030,sc01,09-22 06:00:00+02:00,Node_1,Node_2,eac1,-0.065625
2030,sc01,09-22 07:00:00+02:00,Node_1,Node_3,cac1,0.0
2030,sc01,09-22 07:00:00+02:00,Node_1,Node_2,cac1,0.0
2030,sc01,09-22 07:00:00+02:00,Node_2,Node_3,cac3,0.0
2030,sc01,09-22 07:00:00+02:00,Node_2,Node_3,cac2,-0.037499999999994316
2030,sc01,09-22 07:00:00+02:00,Node_1,Node_3,cac3,0.0
2030,sc01,09-22 07:00:00+02:00,Node_1,Node_3,cac2,0.0
2030,sc01,09-22 07:00:00+02:00,Node_1,Node_2,cac3,0.0
2030,sc01,09-22 07:00:00+02:00,Node_1,Node_3,eac1,-0.075
2030,sc01,09-22 07:00:00+02:00,Node_1,Node_2,cac2,0.0
2030,sc01,09-22 07:00:00+02:00,Node_2,Node_3,eac1,-0.075
2030,sc01,09-22 07:00:00+02:00,Node_2,Node_3,cac1,-0.018749999999997158
2030,sc01,09-22 07:00:00+02:00,Node_1,Node_2,eac1,-0.065625
2030,sc01,09-22 08:00:00+02:00,Node_1,Node_3,cac1,0.0
2030,sc01,09-22 08:00:00+02:00,Node_1,Node_2,cac1,0.0
2030,sc01,09-22 08:00:00+02:00,Node_2,Node_3,cac3,0.0
2030,sc01,09-22 08:00:00+02:00,Node_2,Node_3,cac2,-0.037499999999994316
2030,sc01,09-22 08:00:00+02:00,Node_1,Node_3,cac3,0.0
2030,sc01,09-22 08:00:00+02:00,Node_1,Node_3,cac2,0.0
2030,sc01,09-22 08:00:00+02:00,Node_1,Node_2,cac3,0.0
2030,sc01,09-22 08:00:00+02:00,Node_1,Node_3,eac1,-0.075
2030,sc01,09-22 08:00:00+02:00,Node_1,Node_2,cac2,0.0
2030,sc01,09-22 08:00:00+02:00,Node_2,Node_3,eac1,-0.075
2030,sc01,09-22 08:00:00+02:00,Node_2,Node_3,cac1,-0.018749999999997158
2030,sc01,09-22 08:00:00+02:00,Node_1,Node_2,eac1,-0.065625
2030,sc01,09-22 09:00:00+02:00,Node_1,Node_3,cac1,0.0
2030,sc01,09-22 09:00:00+02:00,Node_1,Node_2,cac1,0.0
2030,sc01,09-22 09:00:00+02:00,Node_2,Node_3,cac3,0.0
2030,sc01,09-22 09:00:00+02:00,Node_2,Node_3,cac2,-0.037499999999994316
2030,sc01,09-22 09:00:00+02:00,Node_1,Node_3,cac3,0.0
2030,sc01,09-22 09:00:00+02:00,Node_1,Node_3,cac2,0.0
2030,sc01,09-22 09:00:00+02:00,Node_1,Node_2,cac3,0.0
2030,sc01,09-22 09:00:00+02:00,Node_1,Node_3,eac1,-0.075
2030,sc01,09-22 09:00:00+02:00,Node_1,Node_2,cac2,0.0
2030,sc01,09-22 09:00:00+02:00,Node_2,Node_3,eac1,-0.075
2030,sc01,09-22 09:00:00+02:00,Node_2,Node_3,cac1,-0.018749999999997158
2030,sc01,09-22 09:00:00+02:00,Node_1,Node_2,eac1,-0.065625
2030,sc01,09-22 10:00:00+02:00,Node_1,Node_3,cac1,0.0
2030,sc01,09-22 10:00:00+02:00,Node_1,Node_2,cac1,0.0
2030,sc01,09-22 10:00:00+02:00,Node_2,Node_3,cac3,0.0
2030,sc01,09-22 10:00:00+02:00,Node_2,Node_3,cac2,-0.037499999999994316
2030,sc01,09-22 10:00:00+02:00,Node_1,Node_3,cac3,0.0
2030,sc01,09-22 10:00:00+02:00,Node_1,Node_3,cac2,0.0
2030,sc01,09-22 10:00:00+02:00,Node_1,Node_2,cac3,0.0
2030,sc01,09-22 10:00:00+02:00,Node_1,Node_3,eac1,-0.075
2030,sc01,09-22 10:00:00+02:00,Node_1,Node_2,cac2,0.0
2030,sc01,09-22 10:00:00+02:00,Node_2,Node_3,eac1,-0.075
2030,sc01,09-22 10:00:00+02:00,Node_2,Node_3,cac1,-0.018749999999997158
2030,sc01,09-22 10:00:00+02:00,Node_1,Node_2,eac1,-0.065625
2030,sc01,09-22 11:00:00+02:00,Node_1,Node_3,cac1,0.0
2030,sc01,09-22 11:00:00+02:00,Node_1,Node_2,cac1,0.0
2030,sc01,09-22 11:00:00+02:00,Node_2,Node_3,cac3,0.0
2030,sc01,09-22 11:00:00+02:00,Node_2,Node_3,cac2,-0.037499999999994316
2030,sc01,09-22 11:00:00+02:00,Node_1,Node_3,cac3,0.0
2030,sc01,09-22 11:00:00+02:00,Node_1,Node_3,cac2,0.0
2030,sc01,09-22 11:00:00+02:00,Node_1,Node_2,cac3,0.0
2030,sc01,09-22 11:00:00+02:00,Node_1,Node_3,eac1,-0.075
2030,sc01,09-22 11:00:00+02:00,Node_1,Node_2,cac2,0.0
2030,sc01,09-22 11:00:00+02:00,Node_2,Node_3,eac1,-0.075
2030,sc01,09-22 11:00:00+02:00,Node_2,Node_3,cac1,-0.018749999999997158
2030,sc01,09-22 11:00:00+02:00,Node_1,Node_2,eac1,-0.065625
2030,sc01,09-22 12:00:00+02:00,Node_1,Node_3,cac1,0.0
2030,sc01,09-22 12:00:00+02:00,Node_1,Node_2,cac1,0.0
2030,sc01,09-22 12:00:00+02:00,Node_2,Node_3,cac3,0.0
2030,sc01,09-22 12:00:00+02:00,Node_2,Node_3,cac2,-0.037499999999994316
2030,sc01,09-22 12:00:00+02:00,Node_1,Node_3,cac3,0.0
2030,sc01,09-22 12:00:00+02:00,Node_1,Node_3,cac2,0.0
2030,sc01,09-22 12:00:00+02:00,Node_1,Node_2,cac3,0.0
2030,sc01,09-22 12:00:00+02:00,Node_1,Node_3,eac1,-0.075
2030,sc01,09-22 12:00:00+02:00,Node_1,Node_2,cac2,0.0
2030,sc01,09-22 12:00:00+02:00,Node_2,Node_3,eac1,-0.075
2030,sc01,09-22 12:00:00+02:00,Node_2,Node_3,cac1,-0.018749999999997158
2030,sc01,09-22 12:00:00+02:00,Node_1,Node_2,eac1,-0.065625
2030,sc01,09-22 13:00:00+02:00,Node_1,Node_3,cac1,0.0
2030,sc01,09-22 13:00:00+02:00,Node_1,Node_2,cac1,0.0
2030,sc01,09-22 13:00:00+02:00,Node_2,Node_3,cac3,0.0
2030,sc01,09-22 13:00:00+02:00,Node_2,Node_3,cac2,-0.037499999999994316
2030,sc01,09-22 13:00:00+02:00,Node_1,Node_3,cac3,0.0
2030,sc01,09-22 13:00:00+02:00,Node_1,Node_3,cac2,0.0
2030,sc01,09-22 13:00:00+02:00,Node_1,Node_2,cac3,0.0
2030,sc01,09-22 13:00:00+02:00,Node_1,Node_3,eac1,-0.075
2030,sc01,09-22 13:00:00+02:00,Node_1,Node_2,cac2,0.0
2030,sc01,09-22 13:00:00+02:00,Node_2,Node_3,eac1,-0.075
2030,sc01,09-22 13:00:00+02:00,Node_2,Node_3,cac1,-0.018749999999997158
2030,sc01,09-22 13:00:00+02:00,Node_1,Node_2,eac1,-0.065625
2030,sc01,09-22 14:00:00+02:00,Node_1,Node_3,cac1,0.0
2030,sc01,09-22 14:00:00+02:00,Node_1,Node_2,cac1,0.0
2030,sc01,09-22 14:00:00+02:00,Node_2,Node_3,cac3,0.0
2030,sc01,09-22 14:00:00+02:00,Node_2,Node_3,cac2,-0.037499999999994316
2030,sc01,09-22 14:00:00+02:00,Node_1,Node_3,cac3,0.0
2030,sc01,09-22 14:00:00+02:00,Node_1,Node_3,cac2,0.0
2030,sc01,09-22 14:00:00+02:00,Node_1,Node_2,cac3,0.0
2030,sc01,09-22 14:00:00+02:00,Node_1,Node_3,eac1,-0.075
2030,sc01,09-22 14:00:00+02:00,Node_1,Node_2,cac2,0.0
2030,sc01,09-22 14:00:00+02:00,Node_2,Node_3,eac1,-0.075
2030,sc01,09-22 14:00:00+02:00,Node_2,Node_3,cac1,-0.018749999999997158
2030,sc01,09-22 14:00:00+02:00,Node_1,Node_2,eac1,-0.065625
2030,sc01,09-22 15:00:00+02:00,Node_1,Node_3,cac1,0.0
2030,sc01,09-22 15:00:00+02:00,Node_1,Node_2,cac1,0.0
2030,sc01,09-22 15:00:00+02:00,Node_2,Node_3,cac3,0.0
2030,sc01,09-22 15:00:00+02:00,Node_2,Node_3,cac2,-0.037499999999994316
2030,sc01,09-22 15:00:00+02:00,Node_1,Node_3,cac3,0.0
2030,sc01,09-22 15:00:00+02:00,Node_1,Node_3,cac2,0.0
2030,sc01,09-22 15:00:00+02:00,Node_1,Node_2,cac3,0.0
2030,sc01,09-22 15:00:00+02:00,Node_1,Node_3,eac1,-0.075
2030,sc01,09-22 15:00:00+02:00,Node_1,Node_2,cac2,0.0
2030,sc01,09-22 15:00:00+02:00,Node_2,Node_3,eac1,-0.075
2030,sc01,09-22 15:00:00+02:00,Node_2,Node_3,cac1,-0.018749999999997158
2030,sc01,09-22 15:00:00+02:00,Node_1,Node_2,eac1,-0.065625
2030,sc01,09-22 16:00:00+02:00,Node_1,Node_3,cac1,0.0
2030,sc01,09-22 16:00:00+02:00,Node_1,Node_2,cac1,0.0
2030,sc01,09-22 16:00:00+02:00,Node_2,Node_3,cac3,0.0
2030,sc01,09-22 16:00:00+02:00,Node_2,Node_3,cac2,-0.037499999999994316
2030,sc01,09-22 16:00:00+02:00,Node_1,Node_3,cac3,0.0
2030,sc01,09-22 16:00:00+02:00,Node_1,Node_3,cac2,0.0
2030,sc01,09-22 16:00:00+02:00,Node_1,Node_2,cac3,0.0
2030,sc01,09-22 16:00:00+02:00,Node_1,Node_3,eac1,-0.075
2030,sc01,09-22 16:00:00+02:00,Node_1,Node_2,cac2,0.0
2030,sc01,09-22 16:00:00+02:00,Node_2,Node_3,eac1,-0.075
2030,sc01,09-22 16:00:00+02:00,Node_2,Node_3,cac1,-0.018749999999997158
2030,sc01,09-22 16:00:00+02:00,Node_1,Node_2,eac1,-0.065625
2030,sc01,09-22 17:00:00+02:00,Node_1,Node_3,cac1,0.0
2030,sc01,09-22 17:00:00+02:00,Node_1,Node_2,cac1,0.0
2030,sc01,09-22 17:00:00+02:00,Node_2,Node_3,cac3,0.0
2030,sc01,09-22 17:00:00+02:00,Node_2,Node_3,cac2,-0.037499999999994316
2030,sc01,09-22 17:00:00+02:00,Node_1,Node_3,cac3,0.0
2030,sc01,09-22 17:00:00+02:00,Node_1,Node_3,cac2,0.0
2030,sc01,09-22 17:00:00+02:00,Node_1,Node_2,cac3,0.0
2030,sc01,09-22 17:00:00+02:00,Node_1,Node_3,eac1,-0.075
2030,sc01,09-22 17:00:00+02:00,Node_1,Node_2,cac2,0.0
2030,sc01,09-22 17:00:00+02:00,Node_2,Node_3,eac1,-0.075
2030,sc01,09-22 17:00:00+02:00,Node_2,Node_3,cac1,-0.018749999999997158
2030,sc01,09-22 17:00:00+02:00,Node_1,Node_2,eac1,-0.065625
2030,sc01,09-22 18:00:00+02:00,Node_1,Node_3,cac1,0.0
2030,sc01,09-22 18:00:00+02:00,Node_1,Node_2,cac1,0.0
2030,sc01,09-22 18:00:00+02:00,Node_2,Node_3,cac3,0.0
2030,sc01,09-22 18:00:00+02:00,Node_2,Node_3,cac2,-0.037499999999994316
2030,sc01,09-22 18:00:00+02:00,Node_1,Node_3,cac3,0.0
2030,sc01,09-22 18:00:00+02:00,Node_1,Node_3,cac2,0.0
2030,sc01,09-22 18:00:00+02:00,Node_1,Node_2,cac3,0.0
2030,sc01,09-22 18:00:00+02:00,Node_1,Node_3,eac1,-0.075
2030,sc01,09-22 18:00:00+02:00,Node_1,Node_2,cac2,0.0
2030,sc01,09-22 18:00:00+02:00,Node_2,Node_3,eac1,-0.075
2030,sc01,09-22 18:00:00+02:00,Node_2,Node_3,cac1,-0.018749999999997158
2030,sc01,09-22 18:00:00+02:00,Node_1,Node_2,eac1,-0.065625
2030,sc01,09-22 19:00:00+02:00,Node_1,Node_3,cac1,0.0
2030,sc01,09-22 19:00:00+02:00,Node_1,Node_2,cac1,0.0
2030,sc01,09-22 19:00:00+02:00,Node_2,Node_3,cac3,0.0
2030,sc01,09-22 19:00:00+02:00,Node_2,Node_3,cac2,-0.037499999999994316
2030,sc01,09-22 19:00:00+02:00,Node_1,Node_3,cac3,0.0
2030,sc01,09-22 19:00:00+02:00,Node_1,Node_3,cac2,0.0
2030,sc01,09-22 19:00:00+02:00,Node_1,Node_2,cac3,0.0
2030,sc01,09-22 19:00:00+02:00,Node_1,Node_3,eac1,-0.075
2030,sc01,09-22 19:00:00+02:00,Node_1,Node_2,cac2,0.0
2030,sc01,09-22 19:00:00+02:00,Node_2,Node_3,eac1,-0.075
2030,sc01,09-22 19:00:00+02:00,Node_2,Node_3,cac1,-0.018749999999997158
2030,sc01,09-22 19:00:00+02:00,Node_1,Node_2,eac1,-0.065625
2030,sc01,09-22 20:00:00+02:00,Node_1,Node_3,cac1,0.0
2030,sc01,09-22 20:00:00+02:00,Node_1,Node_2,cac1,0.0
2030,sc01,09-22 20:00:00+02:00,Node_2,Node_3,cac3,0.0
2030,sc01,09-22 20:00:00+02:00,Node_2,Node_3,cac2,-0.037499999999994316
2030,sc01,09-22 20:00:00+02:00,Node_1,Node_3,cac3,0.0
2030,sc01,09-22 20:00:00+02:00,Node_1,Node_3,cac2,0.0
2030,sc01,09-22 20:00:00+02:00,Node_1,Node_2,cac3,0.0
2030,sc01,09-22 20:00:00+02:00,Node_1,Node_3,eac1,-0.075
2030,sc01,09-22 20:00:00+02:00,Node_1,Node_2,cac2,0.0
2030,sc01,09-22 20:00:00+02:00,Node_2,Node_3,eac1,-0.075
2030,sc01,09-22 20:00:00+02:00,Node_2,Node_3,cac1,-0.018749999999997158
2030,sc01,09-22 20:00:00+02:00,Node_1,Node_2,eac1,-0.065625
2030,sc01,09-22 21:00:00+02:00,Node_1,Node_3,cac1,0.0
2030,sc01,09-22 21:00:00+02:00,Node_1,Node_2,cac1,0.0
2030,sc01,09-22 21:00:00+02:00,Node_2,Node_3,cac3,0.0
2030,sc01,09-22 21:00:00+02:00,Node_2,Node_3,cac2,-0.037499999999994316
2030,sc01,09-22 21:00:00+02:00,Node_1,Node_3,cac3,0.0
2030,sc01,09-22 21:00:00+02:00,Node_1,Node_3,cac2,0.0
2030,sc01,09-22 21:00:00+02:00,Node_1,Node_2,cac3,0.0
2030,sc01,09-22 21:00:00+02:00,Node_1,Node_3,eac1,-0.075
2030,sc01,09-22 21:00:00+02:00,Node_1,Node_2,cac2,0.0
2030,sc01,09-22 21:00:00+02:00,Node_2,Node_3,eac1,-0.075
2030,sc01,09-22 21:00:00+02:00,Node_2,Node_3,cac1,-0.018749999999997158
2030,sc01,09-22 21:00:00+02:00,Node_1,Node_2,eac1,-0.065625
2030,sc01,09-22 22:00:00+02:00,Node_1,Node_3,cac1,0.0
2030,sc01,09-22 22:00:00+02:00,Node_1,Node_2,cac1,0.0
2030,sc01,09-22 22:00:00+02:00,Node_2,Node_3,cac3,0.0
2030,sc01,09-22 22:00:00+02:00,Node_2,Node_3,cac2,-0.037499999999994316
2030,sc01,09-22 22:00:00+02:00,Node_1,Node_3,cac3,0.0
2030,sc01,09-22 22:00:00+02:00,Node_1,Node_3,cac2,0.0
2030,sc01,09-22 22:00:00+02:00,Node_1,Node_2,cac3,0.0
2030,sc01,09-22 22:00:00+02:00,Node_1,Node_3,eac1,-0.075
2030,sc01,09-22 22:00:00+02:00,Node_1,Node_2,cac2,0.0
2030,sc01,09-22 22:00:00+02:00,Node_2,Node_3,eac1,-0.075
2030,sc01,09-22 22:00:00+02:00,Node_2,Node_3,cac1,-0.018749999999997158
2030,sc01,09-22 22:00:00+02:00,Node_1,Node_2,eac1,-0.065625
2030,sc01,09-22 23:00:00+02:00,Node_1,Node_3,cac1,0.0
2030,sc01,09-22 23:00:00+02:00,Node_1,Node_2,cac1,0.0
2030,sc01,09-22 23:00:00+02:00,Node_2,Node_3,cac3,0.0
2030,sc01,09-22 23:00:00+02:00,Node_2,Node_3,cac2,-0.037499999999994316
2030,sc01,09-22 23:00:00+02:00,Node_1,Node_3,cac3,0.0
2030,sc01,09-22 23:00:00+02:00,Node_1,Node_3,cac2,0.0
2030,sc01,09-22 23:00:00+02:00,Node_1,Node_2,cac3,0.0
2030,sc01,09-22 23:00:00+02:00,Node_1,Node_3,eac1,-0.075
2030,sc01,09-22 23:00:00+02:00,Node_1,Node_2,cac2,0.0
2030,sc01,09-22 23:00:00+02:00,Node_2,Node_3,eac1,-0.075
2030,sc01,09-22 23:00:00+02:00,Node_2,Node_3,cac1,-0.018749999999997158
2030,sc01,09-22 23:00:00+02:00,Node_1,Node_2,eac1,-0.065625
2030,sc01,10-10 00:00:00+02:00,Node_1,Node_3,cac1,0.0
2030,sc01,10-10 00:00:00+02:00,Node_1,Node_2,cac1,0.0
2030,sc01,10-10 00:00:00+02:00,Node_2,Node_3,cac3,0.0
2030,sc01,10-10 00:00:00+02:00,Node_2,Node_3,cac2,-0.037499999999994316
2030,sc01,10-10 00:00:00+02:00,Node_1,Node_3,cac3,0.0
2030,sc01,10-10 00:00:00+02:00,Node_1,Node_3,cac2,0.0
2030,sc01,10-10 00:00:00+02:00,Node_1,Node_2,cac3,0.0
2030,sc01,10-10 00:00:00+02:00,Node_1,Node_3,eac1,-0.075
2030,sc01,10-10 00:00:00+02:00,Node_1,Node_2,cac2,0.0
2030,sc01,10-10 00:00:00+02:00,Node_2,Node_3,eac1,-0.075
2030,sc01,10-10 00:00:00+02:00,Node_2,Node_3,cac1,-0.018749999999997158
2030,sc01,10-10 00:00:00+02:00,Node_1,Node_2,eac1,-0.065625
2030,sc01,10-10 01:00:00+02:00,Node_1,Node_3,cac1,0.0
2030,sc01,10-10 01:00:00+02:00,Node_1,Node_2,cac1,0.0
2030,sc01,10-10 01:00:00+02:00,Node_2,Node_3,cac3,0.0
2030,sc01,10-10 01:00:00+02:00,Node_2,Node_3,cac2,-0.037499999999994316
2030,sc01,10-10 01:00:00+02:00,Node_1,Node_3,cac3,0.0
2030,sc01,10-10 01:00:00+02:00,Node_1,Node_3,cac2,0.0
2030,sc01,10-10 01:00:00+02:00,Node_1,Node_2,cac3,0.0
2030,sc01,10-10 01:00:00+02:00,Node_1,Node_3,eac1,-0.075
2030,sc01,10-10 01:00:00+02:00,Node_1,Node_2,cac2,0.0
2030,sc01,10-10 01:00:00+02:00,Node_2,Node_3,eac1,-0.075
2030,sc01,10-10 01:00:00+02:00,Node_2,Node_3,cac1,-0.018749999999997158
2030,sc01,10-10 01:00:00+02:00,Node_1,Node_2,eac1,-0.065625
2030,sc01,10-10 02:00:00+02:00,Node_1,Node_3,cac1,0.0
2030,sc01,10-10 02:00:00+02:00,Node_1,Node_2,cac1,0.0
2030,sc01,10-10 02:00:00+02:00,Node_2,Node_3,cac3,0.0
2030,sc01,10-10 02:00:00+02:00,Node_2,Node_3,cac2,-0.037499999999994316
2030,sc01,10-10 02:00:00+02:00,Node_1,Node_3,cac3,0.0
2030,sc01,10-10 02:00:00+02:00,Node_1,Node_3,cac2,0.0
2030,sc01,10-10 02:00:00+02:00,Node_1,Node_2,cac3,0.0
2030,sc01,10-10 02:00:00+02:00,Node_1,Node_3,eac1,-0.075
2030,sc01,10-10 02:00:00+02:00,Node_1,Node_2,cac2,0.0
2030,sc01,10-10 02:00:00+02:00,Node_2,Node_3,eac1,-0.075
2030,sc01,10-10 02:00:00+02:00,Node_2,Node_3,cac1,-0.018749999999997158
2030,sc01,10-10 02:00:00+02:00,Node_1,Node_2,eac1,-0.065625
2030,sc01,10-10 03:00:00+02:00,Node_1,Node_3,cac1,0.0
2030,sc01,10-10 03:00:00+02:00,Node_1,Node_2,cac1,0.0
2030,sc01,10-10 03:00:00+02:00,Node_2,Node_3,cac3,0.0
2030,sc01,10-10 03:00:00+02:00,Node_2,Node_3,cac2,-0.037499999999994316
2030,sc01,10-10 03:00:00+02:00,Node_1,Node_3,cac3,0.0
2030,sc01,10-10 03:00:00+02:00,Node_1,Node_3,cac2,0.0
2030,sc01,10-10 03:00:00+02:00,Node_1,Node_2,cac3,0.0
2030,sc01,10-10 03:00:00+02:00,Node_1,Node_3,eac1,-0.075
2030,sc01,10-10 03:00:00+02:00,Node_1,Node_2,cac2,0.0
2030,sc01,10-10 03:00:00+02:00,Node_2,Node_3,eac1,-0.075
2030,sc01,10-10 03:00:00+02:00,Node_2,Node_3,cac1,-0.018749999999997158
2030,sc01,10-10 03:00:00+02:00,Node_1,Node_2,eac1,-0.065625
2030,sc01,10-10 04:00:00+02:00,Node_1,Node_3,cac1,0.0
2030,sc01,10-10 04:00:00+02:00,Node_1,Node_2,cac1,0.0
2030,sc01,10-10 04:00:00+02:00,Node_2,Node_3,cac3,0.0
2030,sc01,10-10 04:00:00+02:00,Node_2,Node_3,cac2,-0.037499999999994316
2030,sc01,10-10 04:00:00+02:00,Node_1,Node_3,cac3,0.0
2030,sc01,10-10 04:00:00+02:00,Node_1,Node_3,cac2,0.0
2030,sc01,10-10 04:00:00+02:00,Node_1,Node_2,cac3,0.0
2030,sc01,10-10 04:00:00+02:00,Node_1,Node_3,eac1,-0.075
2030,sc01,10-10 04:00:00+02:00,Node_1,Node_2,cac2,0.0
2030,sc01,10-10 04:00:00+02:00,Node_2,Node_3,eac1,-0.075
2030,sc01,10-10 04:00:00+02:00,Node_2,Node_3,cac1,-0.018749999999997158
2030,sc01,10-10 04:00:00+02:00,Node_1,Node_2,eac1,-0.065625
2030,sc01,10-10 05:00:00+02:00,Node_1,Node_3,cac1,0.0
2030,sc01,10-10 05:00:00+02:00,Node_1,Node_2,cac1,0.0
2030,sc01,10-10 05:00:00+02:00,Node_2,Node_3,cac3,0.0
2030,sc01,10-10 05:00:00+02:00,Node_2,Node_3,cac2,-0.037499999999994316
2030,sc01,10-10 05:00:00+02:00,Node_1,Node_3,cac3,0.0
2030,sc01,10-10 05:00:00+02:00,Node_1,Node_3,cac2,0.0
2030,sc01,10-10 05:00:00+02:00,Node_1,Node_2,cac3,0.0
2030,sc01,10-10 05:00:00+02:00,Node_1,Node_3,eac1,-0.075
2030,sc01,10-10 05:00:00+02:00,Node_1,Node_2,cac2,0.0
2030,sc01,10-10 05:00:00+02:00,Node_2,Node_3,eac1,-0.075
2030,sc01,10-10 05:00:00+02:00,Node_2,Node_3,cac1,-0.018749999999997158
2030,sc01,10-10 05:00:00+02:00,Node_1,Node_2,eac1,-0.065625
2030,sc01,10-10 06:00:00+02:00,Node_1,Node_3,cac1,0.0
2030,sc01,10-10 06:00:00+02:00,Node_1,Node_2,cac1,0.0
2030,sc01,10-10 06:00:00+02:00,Node_2,Node_3,cac3,0.0
2030,sc01,10-10 06:00:00+02:00,Node_2,Node_3,cac2,-0.037499999999994316
2030,sc01,10-10 06:00:00+02:00,Node_1,Node_3,cac3,0.0
2030,sc01,10-10 06:00:00+02:00,Node_1,Node_3,cac2,0.0
2030,sc01,10-10 06:00:00+02:00,Node_1,Node_2,cac3,0.0
2030,sc01,10-10 06:00:00+02:00,Node_1,Node_3,eac1,-0.075
2030,sc01,10-10 06:00:00+02:00,Node_1,Node_2,cac2,0.0
2030,sc01,10-10 06:00:00+02:00,Node_2,Node_3,eac1,-0.075
2030,sc01,10-10 06:00:00+02:00,Node_2,Node_3,cac1,-0.018749999999997158
2030,sc01,10-10 06:00:00+02:00,Node_1,Node_2,eac1,-0.065625
2030,sc01,10-10 07:00:00+02:00,Node_1,Node_3,cac1,0.0
2030,sc01,10-10 07:00:00+02:00,Node_1,Node_2,cac1,0.0
2030,sc01,10-10 07:00:00+02:00,Node_2,Node_3,cac3,0.0
2030,sc01,10-10 07:00:00+02:00,Node_2,Node_3,cac2,-0.037499999999994316
2030,sc01,10-10 07:00:00+02:00,Node_1,Node_3,cac3,0.0
2030,sc01,10-10 07:00:00+02:00,Node_1,Node_3,cac2,0.0
2030,sc01,10-10 07:00:00+02:00,Node_1,Node_2,cac3,0.0
2030,sc01,10-10 07:00:00+02:00,Node_1,Node_3,eac1,-0.075
2030,sc01,10-10 07:00:00+02:00,Node_1,Node_2,cac2,0.0
2030,sc01,10-10 07:00:00+02:00,Node_2,Node_3,eac1,-0.075
2030,sc01,10-10 07:00:00+02:00,Node_2,Node_3,cac1,-0.018749999999997158
2030,sc01,10-10 07:00:00+02:00,Node_1,Node_2,eac1,-0.065625
2030,sc01,10-10 08:00:00+02:00,Node_1,Node_3,cac1,0.0
2030,sc01,10-10 08:00:00+02:00,Node_1,Node_2,cac1,0.0
2030,sc01,10-10 08:00:00+02:00,Node_2,Node_3,cac3,0.0
2030,sc01,10-10 08:00:00+02:00,Node_2,Node_3,cac2,-0.037499999999994316
2030,sc01,10-10 08:00:00+02:00,Node_1,Node_3,cac3,0.0
2030,sc01,10-10 08:00:00+02:00,Node_1,Node_3,cac2,0.0
2030,sc01,10-10 08:00:00+02:00,Node_1,Node_2,cac3,0.0
2030,sc01,10-10 08:00:00+02:00,Node_1,Node_3,eac1,-0.075
2030,sc01,10-10 08:00:00+02:00,Node_1,Node_2,cac2,0.0
2030,sc01,10-10 08:00:00+02:00,Node_2,Node_3,eac1,-0.075
2030,sc01,10-10 08:00:00+02:00,Node_2,Node_3,cac1,-0.018749999999997158
2030,sc01,10-10 08:00:00+02:00,Node_1,Node_2,eac1,-0.065625
2030,sc01,10-10 09:00:00+02:00,Node_1,Node_3,cac1,0.0
2030,sc01,10-10 09:00:00+02:00,Node_1,Node_2,cac1,0.0
2030,sc01,10-10 09:00:00+02:00,Node_2,Node_3,cac3,0.0
2030,sc01,10-10 09:00:00+02:00,Node_2,Node_3,cac2,-0.037499999999994316
2030,sc01,10-10 09:00:00+02:00,Node_1,Node_3,cac3,0.0
2030,sc01,10-10 09:00:00+02:00,Node_1,Node_3,cac2,0.0
2030,sc01,10-10 09:00:00+02:00,Node_1,Node_2,cac3,0.0
2030,sc01,10-10 09:00:00+02:00,Node_1,Node_3,eac1,-0.075
2030,sc01,10-10 09:00:00+02:00,Node_1,Node_2,cac2,0.0
2030,sc01,10-10 09:00:00+02:00,Node_2,Node_3,eac1,-0.075
2030,sc01,10-10 09:00:00+02:00,Node_2,Node_3,cac1,-0.018749999999997158
2030,sc01,10-10 09:00:00+02:00,Node_1,Node_2,eac1,-0.065625
2030,sc01,10-10 10:00:00+02:00,Node_1,Node_3,cac1,0.0
2030,sc01,10-10 10:00:00+02:00,Node_1,Node_2,cac1,0.0
2030,sc01,10-10 10:00:00+02:00,Node_2,Node_3,cac3,0.0
2030,sc01,10-10 10:00:00+02:00,Node_2,Node_3,cac2,-0.037499999999994316
2030,sc01,10-10 10:00:00+02:00,Node_1,Node_3,cac3,0.0
2030,sc01,10-10 10:00:00+02:00,Node_1,Node_3,cac2,0.0
2030,sc01,10-10 10:00:00+02:00,Node_1,Node_2,cac3,0.0
2030,sc01,10-10 10:00:00+02:00,Node_1,Node_3,eac1,-0.075
2030,sc01,10-10 10:00:00+02:00,Node_1,Node_2,cac2,0.0
2030,sc01,10-10 10:00:00+02:00,Node_2,Node_3,eac1,-0.075
2030,sc01,10-10 10:00:00+02:00,Node_2,Node_3,cac1,-0.018749999999997158
2030,sc01,10-10 10:00:00+02:00,Node_1,Node_2,eac1,-0.065625
2030,sc01,10-10 11:00:00+02:00,Node_1,Node_3,cac1,0.0
2030,sc01,10-10 11:00:00+02:00,Node_1,Node_2,cac1,0.0
2030,sc01,10-10 11:00:00+02:00,Node_2,Node_3,cac3,0.0
2030,sc01,10-10 11:00:00+02:00,Node_2,Node_3,cac2,-0.037499999999994316
2030,sc01,10-10 11:00:00+02:00,Node_1,Node_3,cac3,0.0
2030,sc01,10-10 11:00:00+02:00,Node_1,Node_3,cac2,0.0
2030,sc01,10-10 11:00:00+02:00,Node_1,Node_2,cac3,0.0
2030,sc01,10-10 11:00:00+02:00,Node_1,Node_3,eac1,-0.075
2030,sc01,10-10 11:00:00+02:00,Node_1,Node_2,cac2,0.0
2030,sc01,10-10 11:00:00+02:00,Node_2,Node_3,eac1,-0.075
2030,sc01,10-10 11:00:00+02:00,Node_2,Node_3,cac1,-0.018749999999997158
2030,sc01,10-10 11:00:00+02:00,Node_1,Node_2,eac1,-0.065625
2030,sc01,10-10 12:00:00+02:00,Node_1,Node_3,cac1,0.0
2030,sc01,10-10 12:00:00+02:00,Node_1,Node_2,cac1,0.0
2030,sc01,10-10 12:00:00+02:00,Node_2,Node_3,cac3,0.0
2030,sc01,10-10 12:00:00+02:00,Node_2,Node_3,cac2,-0.037499999999994316
2030,sc01,10-10 12:00:00+02:00,Node_1,Node_3,cac3,0.0
2030,sc01,10-10 12:00:00+02:00,Node_1,Node_3,cac2,0.0
2030,sc01,10-10 12:00:00+02:00,Node_1,Node_2,cac3,0.0
2030,sc01,10-10 12:00:00+02:00,Node_1,Node_3,eac1,-0.075
2030,sc01,10-10 12:00:00+02:00,Node_1,Node_2,cac2,0.0
2030,sc01,10-10 12:00:00+02:00,Node_2,Node_3,eac1,-0.075
2030,sc01,10-10 12:00:00+02:00,Node_2,Node_3,cac1,-0.018749999999997158
2030,sc01,10-10 12:00:00+02:00,Node_1,Node_2,eac1,-0.065625
2030,sc01,10-10 13:00:00+02:00,Node_1,Node_3,cac1,0.0
2030,sc01,10-10 13:00:00+02:00,Node_1,Node_2,cac1,0.0
2030,sc01,10-10 13:00:00+02:00,Node_2,Node_3,cac3,0.0
2030,sc01,10-10 13:00:00+02:00,Node_2,Node_3,cac2,-0.037499999999994316
2030,sc01,10-10 13:00:00+02:00,Node_1,Node_3,cac3,0.0
2030,sc01,10-10 13:00:00+02:00,Node_1,Node_3,cac2,0.0
2030,sc01,10-10 13:00:00+02:00,Node_1,Node_2,cac3,0.0
2030,sc01,10-10 13:00:00+02:00,Node_1,Node_3,eac1,-0.075
2030,sc01,10-10 13:00:00+02:00,Node_1,Node_2,cac2,0.0
2030,sc01,10-10 13:00:00+02:00,Node_2,Node_3,eac1,-0.075
2030,sc01,10-10 13:00:00+02:00,Node_2,Node_3,cac1,-0.018749999999997158
2030,sc01,10-10 13:00:00+02:00,Node_1,Node_2,eac1,-0.065625
2030,sc01,10-10 14:00:00+02:00,Node_1,Node_3,cac1,0.0
2030,sc01,10-10 14:00:00+02:00,Node_1,Node_2,cac1,0.0
2030,sc01,10-10 14:00:00+02:00,Node_2,Node_3,cac3,0.0
2030,sc01,10-10 14:00:00+02:00,Node_2,Node_3,cac2,-0.037499999999994316
2030,sc01,10-10 14:00:00+02:00,Node_1,Node_3,cac3,0.0
2030,sc01,10-10 14:00:00+02:00,Node_1,Node_3,cac2,0.0
2030,sc01,10-10 14:00:00+02:00,Node_1,Node_2,cac3,0.0
2030,sc01,10-10 14:00:00+02:00,Node_1,Node_3,eac1,-0.075
2030,sc01,10-10 14:00:00+02:00,Node_1,Node_2,cac2,0.0
2030,sc01,10-10 14:00:00+02:00,Node_2,Node_3,eac1,-0.075
2030,sc01,10-10 14:00:00+02:00,Node_2,Node_3,cac1,-0.018749999999997158
2030,sc01,10-10 14:00:00+02:00,Node_1,Node_2,eac1,-0.065625
2030,sc01,10-10 15:00:00+02:00,Node_1,Node_3,cac1,0.0
2030,sc01,10-10 15:00:00+02:00,Node_1,Node_2,cac1,0.0
2030,sc01,10-10 15:00:00+02:00,Node_2,Node_3,cac3,0.0
2030,sc01,10-10 15:00:00+02:00,Node_2,Node_3,cac2,-0.037499999999994316
2030,sc01,10-10 15:00:00+02:00,Node_1,Node_3,cac3,0.0
2030,sc01,10-10 15:00:00+02:00,Node_1,Node_3,cac2,0.0
2030,sc01,10-10 15:00:00+02:00,Node_1,Node_2,cac3,0.0
2030,sc01,10-10 15:00:00+02:00,Node_1,Node_3,eac1,-0.075
2030,sc01,10-10 15:00:00+02:00,Node_1,Node_2,cac2,0.0
2030,sc01,10-10 15:00:00+02:00,Node_2,Node_3,eac1,-0.075
2030,sc01,10-10 15:00:00+02:00,Node_2,Node_3,cac1,-0.018749999999997158
2030,sc01,10-10 15:00:00+02:00,Node_1,Node_2,eac1,-0.065625
2030,sc01,10-10 16:00:00+02:00,Node_1,Node_3,cac1,0.0
2030,sc01,10-10 16:00:00+02:00,Node_1,Node_2,cac1,0.0
2030,sc01,10-10 16:00:00+02:00,Node_2,Node_3,cac3,0.0
2030,sc01,10-10 16:00:00+02:00,Node_2,Node_3,cac2,-0.037499999999994316
2030,sc01,10-10 16:00:00+02:00,Node_1,Node_3,cac3,0.0
2030,sc01,10-10 16:00:00+02:00,Node_1,Node_3,cac2,0.0
2030,sc01,10-10 16:00:00+02:00,Node_1,Node_2,cac3,0.0
2030,sc01,10-10 16:00:00+02:00,Node_1,Node_3,eac1,-0.075
2030,sc01,10-10 16:00:00+02:00,Node_1,Node_2,cac2,0.0
2030,sc01,10-10 16:00:00+02:00,Node_2,Node_3,eac1,-0.075
2030,sc01,10-10 16:00:00+02:00,Node_2,Node_3,cac1,-0.018749999999997158
2030,sc01,10-10 16:00:00+02:00,Node_1,Node_2,eac1,-0.065625
2030,sc01,10-10 17:00:00+02:00,Node_1,Node_3,cac1,0.0
2030,sc01,10-10 17:00:00+02:00,Node_1,Node_2,cac1,0.0
2030,sc01,10-10 17:00:00+02:00,Node_2,Node_3,cac3,0.0
2030,sc01,10-10 17:00:00+02:00,Node_2,Node_3,cac2,-0.037499999999994316
2030,sc01,10-10 17:00:00+02:00,Node_1,Node_3,cac3,0.0
2030,sc01,10-10 17:00:00+02:00,Node_1,Node_3,cac2,0.0
2030,sc01,10-10 17:00:00+02:00,Node_1,Node_2,cac3,0.0
2030,sc01,10-10 17:00:00+02:00,Node_1,Node_3,eac1,-0.075
2030,sc01,10-10 17:00:00+02:00,Node_1,Node_2,cac2,0.0
2030,sc01,10-10 17:00:00+02:00,Node_2,Node_3,eac1,-0.075
2030,sc01,10-10 17:00:00+02:00,Node_2,Node_3,cac1,-0.018749999999997158
2030,sc01,10-10 17:00:00+02:00,Node_1,Node_2,eac1,-0.065625
2030,sc01,10-10 18:00:00+02:00,Node_1,Node_3,cac1,0.0
2030,sc01,10-10 18:00:00+02:00,Node_1,Node_2,cac1,0.0
2030,sc01,10-10 18:00:00+02:00,Node_2,Node_3,cac3,0.0
2030,sc01,10-10 18:00:00+02:00,Node_2,Node_3,cac2,-0.037499999999994316
2030,sc01,10-10 18:00:00+02:00,Node_1,Node_3,cac3,0.0
2030,sc01,10-10 18:00:00+02:00,Node_1,Node_3,cac2,0.0
2030,sc01,10-10 18:00:00+02:00,Node_1,Node_2,cac3,0.0
2030,sc01,10-10 18:00:00+02:00,Node_1,Node_3,eac1,-0.075
2030,sc01,10-10 18:00:00+02:00,Node_1,Node_2,cac2,0.0
2030,sc01,10-10 18:00:00+02:00,Node_2,Node_3,eac1,-0.075
2030,sc01,10-10 18:00:00+02:00,Node_2,Node_3,cac1,-0.018749999999997158
2030,sc01,10-10 18:00:00+02:00,Node_1,Node_2,eac1,-0.065625
2030,sc01,10-10 19:00:00+02:00,Node_1,Node_3,cac1,0.0
2030,sc01,10-10 19:00:00+02:00,Node_1,Node_2,cac1,0.0
2030,sc01,10-10 19:00:00+02:00,Node_2,Node_3,cac3,0.0
2030,sc01,10-10 19:00:00+02:00,Node_2,Node_3,cac2,-0.037499999999994316
2030,sc01,10-10 19:00:00+02:00,Node_1,Node_3,cac3,0.0
2030,sc01,10-10 19:00:00+02:00,Node_1,Node_3,cac2,0.0
2030,sc01,10-10 19:00:00+02:00,Node_1,Node_2,cac3,0.0
2030,sc01,10-10 19:00:00+02:00,Node_1,Node_3,eac1,-0.075
2030,sc01,10-10 19:00:00+02:00,Node_1,Node_2,cac2,0.0
2030,sc01,10-10 19:00:00+02:00,Node_2,Node_3,eac1,-0.075
2030,sc01,10-10 19:00:00+02:00,Node_2,Node_3,cac1,-0.018749999999997158
2030,sc01,10-10 19:00:00+02:00,Node_1,Node_2,eac1,-0.065625
2030,sc01,10-10 20:00:00+02:00,Node_1,Node_3,cac1,0.0
2030,sc01,10-10 20:00:00+02:00,Node_1,Node_2,cac1,0.0
2030,sc01,10-10 20:00:00+02:00,Node_2,Node_3,cac3,0.0
2030,sc01,10-10 20:00:00+02:00,Node_2,Node_3,cac2,-0.037499999999994316
2030,sc01,10-10 20:00:00+02:00,Node_1,Node_3,cac3,0.0
2030,sc01,10-10 20:00:00+02:00,Node_1,Node_3,cac2,0.0
2030,sc01,10-10 20:00:00+02:00,Node_1,Node_2,cac3,0.0
2030,sc01,10-10 20:00:00+02:00,Node_1,Node_3,eac1,-0.075
2030,sc01,10-10 20:00:00+02:00,Node_1,Node_2,cac2,0.0
2030,sc01,10-10 20:00:00+02:00,Node_2,Node_3,eac1,-0.075
2030,sc01,10-10 20:00:00+02:00,Node_2,Node_3,cac1,-0.018749999999997158
2030,sc01,10-10 20:00:00+02:00,Node_1,Node_2,eac1,-0.065625
2030,sc01,10-10 21:00:00+02:00,Node_1,Node_3,cac1,0.0
2030,sc01,10-10 21:00:00+02:00,Node_1,Node_2,cac1,0.0
2030,sc01,10-10 21:00:00+02:00,Node_2,Node_3,cac3,0.0
2030,sc01,10-10 21:00:00+02:00,Node_2,Node_3,cac2,-0.037499999999994316
2030,sc01,10-10 21:00:00+02:00,Node_1,Node_3,cac3,0.0
2030,sc01,10-10 21:00:00+02:00,Node_1,Node_3,cac2,0.0
2030,sc01,10-10 21:00:00+02:00,Node_1,Node_2,cac3,0.0
2030,sc01,10-10 21:00:00+02:00,Node_1,Node_3,eac1,-0.075
2030,sc01,10-10 21:00:00+02:00,Node_1,Node_2,cac2,0.0
2030,sc01,10-10 21:00:00+02:00,Node_2,Node_3,eac1,-0.075
2030,sc01,10-10 21:00:00+02:00,Node_2,Node_3,cac1,-0.018749999999997158
2030,sc01,10-10 21:00:00+02:00,Node_1,Node_2,eac1,-0.065625
2030,sc01,10-10 22:00:00+02:00,Node_1,Node_3,cac1,0.0
2030,sc01,10-10 22:00:00+02:00,Node_1,Node_2,cac1,0.0
2030,sc01,10-10 22:00:00+02:00,Node_2,Node_3,cac3,0.0
2030,sc01,10-10 22:00:00+02:00,Node_2,Node_3,cac2,-0.037499999999994316
2030,sc01,10-10 22:00:00+02:00,Node_1,Node_3,cac3,0.0
2030,sc01,10-10 22:00:00+02:00,Node_1,Node_3,cac2,0.0
2030,sc01,10-10 22:00:00+02:00,Node_1,Node_2,cac3,0.0
2030,sc01,10-10 22:00:00+02:00,Node_1,Node_3,eac1,-0.075
2030,sc01,10-10 22:00:00+02:00,Node_1,Node_2,cac2,0.0
2030,sc01,10-10 22:00:00+02:00,Node_2,Node_3,eac1,-0.075
2030,sc01,10-10 22:00:00+02:00,Node_2,Node_3,cac1,-0.018749999999997158
2030,sc01,10-10 22:00:00+02:00,Node_1,Node_2,eac1,-0.065625
2030,sc01,10-10 23:00:00+02:00,Node_1,Node_3,cac1,0.0
2030,sc01,10-10 23:00:00+02:00,Node_1,Node_2,cac1,0.0
2030,sc01,10-10 23:00:00+02:00,Node_2,Node_3,cac3,0.0
2030,sc01,10-10 23:00:00+02:00,Node_2,Node_3,cac2,-0.037499999999994316
2030,sc01,10-10 23:00:00+02:00,Node_1,Node_3,cac3,0.0
2030,sc01,10-10 23:00:00+02:00,Node_1,Node_3,cac2,0.0
2030,sc01,10-10 23:00:00+02:00,Node_1,Node_2,cac3,0.0
2030,sc01,10-10 23:00:00+02:00,Node_1,Node_3,eac1,-0.075
2030,sc01,10-10 23:00:00+02:00,Node_1,Node_2,cac2,0.0
2030,sc01,10-10 23:00:00+02:00,Node_2,Node_3,eac1,-0.075
2030,sc01,10-10 23:00:00+02:00,Node_2,Node_3,cac1,-0.018749999999997158
2030,sc01,10-10 23:00:00+02:00,Node_1,Node_2,eac1,-0.065625
2030,sc01,10-17 00:00:00+02:00,Node_1,Node_3,cac1,0.0
2030,sc01,10-17 00:00:00+02:00,Node_1,Node_2,cac1,0.0
2030,sc01,10-17 00:00:00+02:00,Node_2,Node_3,cac3,0.0
2030,sc01,10-17 00:00:00+02:00,Node_2,Node_3,cac2,-0.037499999999994316
2030,sc01,10-17 00:00:00+02:00,Node_1,Node_3,cac3,0.0
2030,sc01,10-17 00:00:00+02:00,Node_1,Node_3,cac2,0.0
2030,sc01,10-17 00:00:00+02:00,Node_1,Node_2,cac3,0.0
2030,sc01,10-17 00:00:00+02:00,Node_1,Node_3,eac1,-0.075
2030,sc01,10-17 00:00:00+02:00,Node_1,Node_2,cac2,0.0
2030,sc01,10-17 00:00:00+02:00,Node_2,Node_3,eac1,-0.075
2030,sc01,10-17 00:00:00+02:00,Node_2,Node_3,cac1,-0.018749999999997158
2030,sc01,10-17 00:00:00+02:00,Node_1,Node_2,eac1,-0.065625
2030,sc01,10-17 01:00:00+02:00,Node_1,Node_3,cac1,0.0
2030,sc01,10-17 01:00:00+02:00,Node_1,Node_2,cac1,0.0
2030,sc01,10-17 01:00:00+02:00,Node_2,Node_3,cac3,0.0
2030,sc01,10-17 01:00:00+02:00,Node_2,Node_3,cac2,-0.037499999999994316
2030,sc01,10-17 01:00:00+02:00,Node_1,Node_3,cac3,0.0
2030,sc01,10-17 01:00:00+02:00,Node_1,Node_3,cac2,0.0
2030,sc01,10-17 01:00:00+02:00,Node_1,Node_2,cac3,0.0
2030,sc01,10-17 01:00:00+02:00,Node_1,Node_3,eac1,-0.075
2030,sc01,10-17 01:00:00+02:00,Node_1,Node_2,cac2,0.0
2030,sc01,10-17 01:00:00+02:00,Node_2,Node_3,eac1,-0.075
2030,sc01,10-17 01:00:00+02:00,Node_2,Node_3,cac1,-0.018749999999997158
2030,sc01,10-17 01:00:00+02:00,Node_1,Node_2,eac1,-0.0649739676741431
2030,sc01,10-17 02:00:00+02:00,Node_1,Node_3,cac1,0.0
2030,sc01,10-17 02:00:00+02:00,Node_1,Node_2,cac1,0.0
2030,sc01,10-17 02:00:00+02:00,Node_2,Node_3,cac3,0.0
2030,sc01,10-17 02:00:00+02:00,Node_2,Node_3,cac2,-0.037499999999994316
2030,sc01,10-17 02:00:00+02:00,Node_1,Node_3,cac3,0.0
2030,sc01,10-17 02:00:00+02:00,Node_1,Node_3,cac2,0.0
2030,sc01,10-17 02:00:00+02:00,Node_1,Node_2,cac3,0.0
2030,sc01,10-17 02:00:00+02:00,Node_1,Node_3,eac1,-0.075
2030,sc01,10-17 02:00:00+02:00,Node_1,Node_2,cac2,0.0
2030,sc01,10-17 02:00:00+02:00,Node_2,Node_3,eac1,-0.075
2030,sc01,10-17 02:00:00+02:00,Node_2,Node_3,cac1,-0.018749999999997158
2030,sc01,10-17 02:00:00+02:00,Node_1,Node_2,eac1,-0.06053406896910474
2030,sc01,10-17 03:00:00+02:00,Node_1,Node_3,cac1,0.0
2030,sc01,10-17 03:00:00+02:00,Node_1,Node_2,cac1,0.0
2030,sc01,10-17 03:00:00+02:00,Node_2,Node_3,cac3,0.0
2030,sc01,10-17 03:00:00+02:00,Node_2,Node_3,cac2,-0.037499999999994316
2030,sc01,10-17 03:00:00+02:00,Node_1,Node_3,cac3,0.0
2030,sc01,10-17 03:00:00+02:00,Node_1,Node_3,cac2,0.0
2030,sc01,10-17 03:00:00+02:00,Node_1,Node_2,cac3,0.0
2030,sc01,10-17 03:00:00+02:00,Node_1,Node_3,eac1,-0.075
2030,sc01,10-17 03:00:00+02:00,Node_1,Node_2,cac2,0.0
2030,sc01,10-17 03:00:00+02:00,Node_2,Node_3,eac1,-0.075
2030,sc01,10-17 03:00:00+02:00,Node_2,Node_3,cac1,-0.018749999999997158
2030,sc01,10-17 03:00:00+02:00,Node_1,Node_2,eac1,-0.05989621844054227
2030,sc01,10-17 04:00:00+02:00,Node_1,Node_3,cac1,0.0
2030,sc01,10-17 04:00:00+02:00,Node_1,Node_2,cac1,0.0
2030,sc01,10-17 04:00:00+02:00,Node_2,Node_3,cac3,0.0
2030,sc01,10-17 04:00:00+02:00,Node_2,Node_3,cac2,-0.037499999999994316
2030,sc01,10-17 04:00:00+02:00,Node_1,Node_3,cac3,0.0
2030,sc01,10-17 04:00:00+02:00,Node_1,Node_3,cac2,0.0
2030,sc01,10-17 04:00:00+02:00,Node_1,Node_2,cac3,0.0
2030,sc01,10-17 04:00:00+02:00,Node_1,Node_3,eac1,-0.075
2030,sc01,10-17 04:00:00+02:00,Node_1,Node_2,cac2,0.0
2030,sc01,10-17 04:00:00+02:00,Node_2,Node_3,eac1,-0.075
2030,sc01,10-17 04:00:00+02:00,Node_2,Node_3,cac1,-0.018749999999997158
2030,sc01,10-17 04:00:00+02:00,Node_1,Node_2,eac1,-0.06250632279903812
2030,sc01,10-17 05:00:00+02:00,Node_1,Node_3,cac1,0.0
2030,sc01,10-17 05:00:00+02:00,Node_1,Node_2,cac1,0.0
2030,sc01,10-17 05:00:00+02:00,Node_2,Node_3,cac3,0.0
2030,sc01,10-17 05:00:00+02:00,Node_2,Node_3,cac2,-0.037499999999994316
2030,sc01,10-17 05:00:00+02:00,Node_1,Node_3,cac3,0.0
2030,sc01,10-17 05:00:00+02:00,Node_1,Node_3,cac2,0.0
2030,sc01,10-17 05:00:00+02:00,Node_1,Node_2,cac3,0.0
2030,sc01,10-17 05:00:00+02:00,Node_1,Node_3,eac1,-0.075
2030,sc01,10-17 05:00:00+02:00,Node_1,Node_2,cac2,0.0
2030,sc01,10-17 05:00:00+02:00,Node_2,Node_3,eac1,-0.075
2030,sc01,10-17 05:00:00+02:00,Node_2,Node_3,cac1,-0.018749999999997158
2030,sc01,10-17 05:00:00+02:00,Node_1,Node_2,eac1,-0.065625
2030,sc01,10-17 06:00:00+02:00,Node_1,Node_3,cac1,0.0
2030,sc01,10-17 06:00:00+02:00,Node_1,Node_2,cac1,0.0
2030,sc01,10-17 06:00:00+02:00,Node_2,Node_3,cac3,0.0
2030,sc01,10-17 06:00:00+02:00,Node_2,Node_3,cac2,-0.037499999999994316
2030,sc01,10-17 06:00:00+02:00,Node_1,Node_3,cac3,0.0
2030,sc01,10-17 06:00:00+02:00,Node_1,Node_3,cac2,0.0
2030,sc01,10-17 06:00:00+02:00,Node_1,Node_2,cac3,0.0
2030,sc01,10-17 06:00:00+02:00,Node_1,Node_3,eac1,-0.075
2030,sc01,10-17 06:00:00+02:00,Node_1,Node_2,cac2,0.0
2030,sc01,10-17 06:00:00+02:00,Node_2,Node_3,eac1,-0.075
2030,sc01,10-17 06:00:00+02:00,Node_2,Node_3,cac1,-0.018749999999997158
2030,sc01,10-17 06:00:00+02:00,Node_1,Node_2,eac1,-0.065625
2030,sc01,10-17 07:00:00+02:00,Node_1,Node_3,cac1,0.0
2030,sc01,10-17 07:00:00+02:00,Node_1,Node_2,cac1,0.0
2030,sc01,10-17 07:00:00+02:00,Node_2,Node_3,cac3,0.0
2030,sc01,10-17 07:00:00+02:00,Node_2,Node_3,cac2,-0.037499999999994316
2030,sc01,10-17 07:00:00+02:00,Node_1,Node_3,cac3,0.0
2030,sc01,10-17 07:00:00+02:00,Node_1,Node_3,cac2,0.0
2030,sc01,10-17 07:00:00+02:00,Node_1,Node_2,cac3,0.0
2030,sc01,10-17 07:00:00+02:00,Node_1,Node_3,eac1,-0.075
2030,sc01,10-17 07:00:00+02:00,Node_1,Node_2,cac2,0.0
2030,sc01,10-17 07:00:00+02:00,Node_2,Node_3,eac1,-0.075
2030,sc01,10-17 07:00:00+02:00,Node_2,Node_3,cac1,-0.018749999999997158
2030,sc01,10-17 07:00:00+02:00,Node_1,Node_2,eac1,-0.065625
2030,sc01,10-17 08:00:00+02:00,Node_1,Node_3,cac1,0.0
2030,sc01,10-17 08:00:00+02:00,Node_1,Node_2,cac1,0.0
2030,sc01,10-17 08:00:00+02:00,Node_2,Node_3,cac3,0.0
2030,sc01,10-17 08:00:00+02:00,Node_2,Node_3,cac2,-0.037499999999994316
2030,sc01,10-17 08:00:00+02:00,Node_1,Node_3,cac3,0.0
2030,sc01,10-17 08:00:00+02:00,Node_1,Node_3,cac2,0.0
2030,sc01,10-17 08:00:00+02:00,Node_1,Node_2,cac3,0.0
2030,sc01,10-17 08:00:00+02:00,Node_1,Node_3,eac1,-0.075
2030,sc01,10-17 08:00:00+02:00,Node_1,Node_2,cac2,0.0
2030,sc01,10-17 08:00:00+02:00,Node_2,Node_3,eac1,-0.075
2030,sc01,10-17 08:00:00+02:00,Node_2,Node_3,cac1,-0.018749999999997158
2030,sc01,10-17 08:00:00+02:00,Node_1,Node_2,eac1,-0.065625
2030,sc01,10-17 09:00:00+02:00,Node_1,Node_3,cac1,0.0
2030,sc01,10-17 09:00:00+02:00,Node_1,Node_2,cac1,0.0
2030,sc01,10-17 09:00:00+02:00,Node_2,Node_3,cac3,0.0
2030,sc01,10-17 09:00:00+02:00,Node_2,Node_3,cac2,-0.037499999999994316
2030,sc01,10-17 09:00:00+02:00,Node_1,Node_3,cac3,0.0
2030,sc01,10-17 09:00:00+02:00,Node_1,Node_3,cac2,0.0
2030,sc01,10-17 09:00:00+02:00,Node_1,Node_2,cac3,0.0
2030,sc01,10-17 09:00:00+02:00,Node_1,Node_3,eac1,-0.075
2030,sc01,10-17 09:00:00+02:00,Node_1,Node_2,cac2,0.0
2030,sc01,10-17 09:00:00+02:00,Node_2,Node_3,eac1,-0.075
2030,sc01,10-17 09:00:00+02:00,Node_2,Node_3,cac1,-0.018749999999997158
2030,sc01,10-17 09:00:00+02:00,Node_1,Node_2,eac1,-0.065625
2030,sc01,10-17 10:00:00+02:00,Node_1,Node_3,cac1,0.0
2030,sc01,10-17 10:00:00+02:00,Node_1,Node_2,cac1,0.0
2030,sc01,10-17 10:00:00+02:00,Node_2,Node_3,cac3,0.0
2030,sc01,10-17 10:00:00+02:00,Node_2,Node_3,cac2,-0.037499999999994316
2030,sc01,10-17 10:00:00+02:00,Node_1,Node_3,cac3,0.0
2030,sc01,10-17 10:00:00+02:00,Node_1,Node_3,cac2,0.0
2030,sc01,10-17 10:00:00+02:00,Node_1,Node_2,cac3,0.0
2030,sc01,10-17 10:00:00+02:00,Node_1,Node_3,eac1,-0.075
2030,sc01,10-17 10:00:00+02:00,Node_1,Node_2,cac2,0.0
2030,sc01,10-17 10:00:00+02:00,Node_2,Node_3,eac1,-0.075
2030,sc01,10-17 10:00:00+02:00,Node_2,Node_3,cac1,-0.018749999999997158
2030,sc01,10-17 10:00:00+02:00,Node_1,Node_2,eac1,-0.065625
2030,sc01,10-17 11:00:00+02:00,Node_1,Node_3,cac1,0.0
2030,sc01,10-17 11:00:00+02:00,Node_1,Node_2,cac1,0.0
2030,sc01,10-17 11:00:00+02:00,Node_2,Node_3,cac3,0.0
2030,sc01,10-17 11:00:00+02:00,Node_2,Node_3,cac2,-0.037499999999994316
2030,sc01,10-17 11:00:00+02:00,Node_1,Node_3,cac3,0.0
2030,sc01,10-17 11:00:00+02:00,Node_1,Node_3,cac2,0.0
2030,sc01,10-17 11:00:00+02:00,Node_1,Node_2,cac3,0.0
2030,sc01,10-17 11:00:00+02:00,Node_1,Node_3,eac1,-0.075
2030,sc01,10-17 11:00:00+02:00,Node_1,Node_2,cac2,0.0
2030,sc01,10-17 11:00:00+02:00,Node_2,Node_3,eac1,-0.075
2030,sc01,10-17 11:00:00+02:00,Node_2,Node_3,cac1,-0.018749999999997158
2030,sc01,10-17 11:00:00+02:00,Node_1,Node_2,eac1,-0.065625
2030,sc01,10-17 12:00:00+02:00,Node_1,Node_3,cac1,0.0
2030,sc01,10-17 12:00:00+02:00,Node_1,Node_2,cac1,0.0
2030,sc01,10-17 12:00:00+02:00,Node_2,Node_3,cac3,0.0
2030,sc01,10-17 12:00:00+02:00,Node_2,Node_3,cac2,-0.037499999999994316
2030,sc01,10-17 12:00:00+02:00,Node_1,Node_3,cac3,0.0
2030,sc01,10-17 12:00:00+02:00,Node_1,Node_3,cac2,0.0
2030,sc01,10-17 12:00:00+02:00,Node_1,Node_2,cac3,0.0
2030,sc01,10-17 12:00:00+02:00,Node_1,Node_3,eac1,-0.075
2030,sc01,10-17 12:00:00+02:00,Node_1,Node_2,cac2,0.0
2030,sc01,10-17 12:00:00+02:00,Node_2,Node_3,eac1,-0.075
2030,sc01,10-17 12:00:00+02:00,Node_2,Node_3,cac1,-0.018749999999997158
2030,sc01,10-17 12:00:00+02:00,Node_1,Node_2,eac1,-0.065625
2030,sc01,10-17 13:00:00+02:00,Node_1,Node_3,cac1,0.0
2030,sc01,10-17 13:00:00+02:00,Node_1,Node_2,cac1,0.0
2030,sc01,10-17 13:00:00+02:00,Node_2,Node_3,cac3,0.0
2030,sc01,10-17 13:00:00+02:00,Node_2,Node_3,cac2,-0.037499999999994316
2030,sc01,10-17 13:00:00+02:00,Node_1,Node_3,cac3,0.0
2030,sc01,10-17 13:00:00+02:00,Node_1,Node_3,cac2,0.0
2030,sc01,10-17 13:00:00+02:00,Node_1,Node_2,cac3,0.0
2030,sc01,10-17 13:00:00+02:00,Node_1,Node_3,eac1,-0.075
2030,sc01,10-17 13:00:00+02:00,Node_1,Node_2,cac2,0.0
2030,sc01,10-17 13:00:00+02:00,Node_2,Node_3,eac1,-0.075
2030,sc01,10-17 13:00:00+02:00,Node_2,Node_3,cac1,-0.018749999999997158
2030,sc01,10-17 13:00:00+02:00,Node_1,Node_2,eac1,-0.065625
2030,sc01,10-17 14:00:00+02:00,Node_1,Node_3,cac1,0.0
2030,sc01,10-17 14:00:00+02:00,Node_1,Node_2,cac1,0.0
2030,sc01,10-17 14:00:00+02:00,Node_2,Node_3,cac3,0.0
2030,sc01,10-17 14:00:00+02:00,Node_2,Node_3,cac2,-0.037499999999994316
2030,sc01,10-17 14:00:00+02:00,Node_1,Node_3,cac3,0.0
2030,sc01,10-17 14:00:00+02:00,Node_1,Node_3,cac2,0.0
2030,sc01,10-17 14:00:00+02:00,Node_1,Node_2,cac3,0.0
2030,sc01,10-17 14:00:00+02:00,Node_1,Node_3,eac1,-0.075
2030,sc01,10-17 14:00:00+02:00,Node_1,Node_2,cac2,0.0
2030,sc01,10-17 14:00:00+02:00,Node_2,Node_3,eac1,-0.075
2030,sc01,10-17 14:00:00+02:00,Node_2,Node_3,cac1,-0.018749999999997158
2030,sc01,10-17 14:00:00+02:00,Node_1,Node_2,eac1,-0.065625
2030,sc01,10-17 15:00:00+02:00,Node_1,Node_3,cac1,0.0
2030,sc01,10-17 15:00:00+02:00,Node_1,Node_2,cac1,0.0
2030,sc01,10-17 15:00:00+02:00,Node_2,Node_3,cac3,0.0
2030,sc01,10-17 15:00:00+02:00,Node_2,Node_3,cac2,-0.037499999999994316
2030,sc01,10-17 15:00:00+02:00,Node_1,Node_3,cac3,0.0
2030,sc01,10-17 15:00:00+02:00,Node_1,Node_3,cac2,0.0
2030,sc01,10-17 15:00:00+02:00,Node_1,Node_2,cac3,0.0
2030,sc01,10-17 15:00:00+02:00,Node_1,Node_3,eac1,-0.075
2030,sc01,10-17 15:00:00+02:00,Node_1,Node_2,cac2,0.0
2030,sc01,10-17 15:00:00+02:00,Node_2,Node_3,eac1,-0.075
2030,sc01,10-17 15:00:00+02:00,Node_2,Node_3,cac1,-0.018749999999997158
2030,sc01,10-17 15:00:00+02:00,Node_1,Node_2,eac1,-0.065625
2030,sc01,10-17 16:00:00+02:00,Node_1,Node_3,cac1,0.0
2030,sc01,10-17 16:00:00+02:00,Node_1,Node_2,cac1,0.0
2030,sc01,10-17 16:00:00+02:00,Node_2,Node_3,cac3,0.0
2030,sc01,10-17 16:00:00+02:00,Node_2,Node_3,cac2,-0.037499999999994316
2030,sc01,10-17 16:00:00+02:00,Node_1,Node_3,cac3,0.0
2030,sc01,10-17 16:00:00+02:00,Node_1,Node_3,cac2,0.0
2030,sc01,10-17 16:00:00+02:00,Node_1,Node_2,cac3,0.0
2030,sc01,10-17 16:00:00+02:00,Node_1,Node_3,eac1,-0.075
2030,sc01,10-17 16:00:00+02:00,Node_1,Node_2,cac2,0.0
2030,sc01,10-17 16:00:00+02:00,Node_2,Node_3,eac1,-0.075
2030,sc01,10-17 16:00:00+02:00,Node_2,Node_3,cac1,-0.018749999999997158
2030,sc01,10-17 16:00:00+02:00,Node_1,Node_2,eac1,-0.065625
2030,sc01,10-17 17:00:00+02:00,Node_1,Node_3,cac1,0.0
2030,sc01,10-17 17:00:00+02:00,Node_1,Node_2,cac1,0.0
2030,sc01,10-17 17:00:00+02:00,Node_2,Node_3,cac3,0.0
2030,sc01,10-17 17:00:00+02:00,Node_2,Node_3,cac2,-0.037499999999994316
2030,sc01,10-17 17:00:00+02:00,Node_1,Node_3,cac3,0.0
2030,sc01,10-17 17:00:00+02:00,Node_1,Node_3,cac2,0.0
2030,sc01,10-17 17:00:00+02:00,Node_1,Node_2,cac3,0.0
2030,sc01,10-17 17:00:00+02:00,Node_1,Node_3,eac1,-0.075
2030,sc01,10-17 17:00:00+02:00,Node_1,Node_2,cac2,0.0
2030,sc01,10-17 17:00:00+02:00,Node_2,Node_3,eac1,-0.075
2030,sc01,10-17 17:00:00+02:00,Node_2,Node_3,cac1,-0.018749999999997158
2030,sc01,10-17 17:00:00+02:00,Node_1,Node_2,eac1,-0.065625
2030,sc01,10-17 18:00:00+02:00,Node_1,Node_3,cac1,0.0
2030,sc01,10-17 18:00:00+02:00,Node_1,Node_2,cac1,0.0
2030,sc01,10-17 18:00:00+02:00,Node_2,Node_3,cac3,0.0
2030,sc01,10-17 18:00:00+02:00,Node_2,Node_3,cac2,-0.037499999999994316
2030,sc01,10-17 18:00:00+02:00,Node_1,Node_3,cac3,0.0
2030,sc01,10-17 18:00:00+02:00,Node_1,Node_3,cac2,0.0
2030,sc01,10-17 18:00:00+02:00,Node_1,Node_2,cac3,0.0
2030,sc01,10-17 18:00:00+02:00,Node_1,Node_3,eac1,-0.075
2030,sc01,10-17 18:00:00+02:00,Node_1,Node_2,cac2,0.0
2030,sc01,10-17 18:00:00+02:00,Node_2,Node_3,eac1,-0.075
2030,sc01,10-17 18:00:00+02:00,Node_2,Node_3,cac1,-0.018749999999997158
2030,sc01,10-17 18:00:00+02:00,Node_1,Node_2,eac1,-0.065625
2030,sc01,10-17 19:00:00+02:00,Node_1,Node_3,cac1,0.0
2030,sc01,10-17 19:00:00+02:00,Node_1,Node_2,cac1,0.0
2030,sc01,10-17 19:00:00+02:00,Node_2,Node_3,cac3,0.0
2030,sc01,10-17 19:00:00+02:00,Node_2,Node_3,cac2,-0.037499999999994316
2030,sc01,10-17 19:00:00+02:00,Node_1,Node_3,cac3,0.0
2030,sc01,10-17 19:00:00+02:00,Node_1,Node_3,cac2,0.0
2030,sc01,10-17 19:00:00+02:00,Node_1,Node_2,cac3,0.0
2030,sc01,10-17 19:00:00+02:00,Node_1,Node_3,eac1,-0.075
2030,sc01,10-17 19:00:00+02:00,Node_1,Node_2,cac2,0.0
2030,sc01,10-17 19:00:00+02:00,Node_2,Node_3,eac1,-0.075
2030,sc01,10-17 19:00:00+02:00,Node_2,Node_3,cac1,-0.018749999999997158
2030,sc01,10-17 19:00:00+02:00,Node_1,Node_2,eac1,-0.065625
2030,sc01,10-17 20:00:00+02:00,Node_1,Node_3,cac1,0.0
2030,sc01,10-17 20:00:00+02:00,Node_1,Node_2,cac1,0.0
2030,sc01,10-17 20:00:00+02:00,Node_2,Node_3,cac3,0.0
2030,sc01,10-17 20:00:00+02:00,Node_2,Node_3,cac2,-0.037499999999994316
2030,sc01,10-17 20:00:00+02:00,Node_1,Node_3,cac3,0.0
2030,sc01,10-17 20:00:00+02:00,Node_1,Node_3,cac2,0.0
2030,sc01,10-17 20:00:00+02:00,Node_1,Node_2,cac3,0.0
2030,sc01,10-17 20:00:00+02:00,Node_1,Node_3,eac1,-0.075
2030,sc01,10-17 20:00:00+02:00,Node_1,Node_2,cac2,0.0
2030,sc01,10-17 20:00:00+02:00,Node_2,Node_3,eac1,-0.075
2030,sc01,10-17 20:00:00+02:00,Node_2,Node_3,cac1,-0.018749999999997158
2030,sc01,10-17 20:00:00+02:00,Node_1,Node_2,eac1,-0.065625
2030,sc01,10-17 21:00:00+02:00,Node_1,Node_3,cac1,0.0
2030,sc01,10-17 21:00:00+02:00,Node_1,Node_2,cac1,0.0
2030,sc01,10-17 21:00:00+02:00,Node_2,Node_3,cac3,0.0
2030,sc01,10-17 21:00:00+02:00,Node_2,Node_3,cac2,-0.037499999999994316
2030,sc01,10-17 21:00:00+02:00,Node_1,Node_3,cac3,0.0
2030,sc01,10-17 21:00:00+02:00,Node_1,Node_3,cac2,0.0
2030,sc01,10-17 21:00:00+02:00,Node_1,Node_2,cac3,0.0
2030,sc01,10-17 21:00:00+02:00,Node_1,Node_3,eac1,-0.075
2030,sc01,10-17 21:00:00+02:00,Node_1,Node_2,cac2,0.0
2030,sc01,10-17 21:00:00+02:00,Node_2,Node_3,eac1,-0.075
2030,sc01,10-17 21:00:00+02:00,Node_2,Node_3,cac1,-0.018749999999997158
2030,sc01,10-17 21:00:00+02:00,Node_1,Node_2,eac1,-0.065625
2030,sc01,10-17 22:00:00+02:00,Node_1,Node_3,cac1,0.0
2030,sc01,10-17 22:00:00+02:00,Node_1,Node_2,cac1,0.0
2030,sc01,10-17 22:00:00+02:00,Node_2,Node_3,cac3,0.0
2030,sc01,10-17 22:00:00+02:00,Node_2,Node_3,cac2,-0.037499999999994316
2030,sc01,10-17 22:00:00+02:00,Node_1,Node_3,cac3,0.0
2030,sc01,10-17 22:00:00+02:00,Node_1,Node_3,cac2,0.0
2030,sc01,10-17 22:00:00+02:00,Node_1,Node_2,cac3,0.0
2030,sc01,10-17 22:00:00+02:00,Node_1,Node_3,eac1,-0.075
2030,sc01,10-17 22:00:00+02:00,Node_1,Node_2,cac2,0.0
2030,sc01,10-17 22:00:00+02:00,Node_2,Node_3,eac1,-0.075
2030,sc01,10-17 22:00:00+02:00,Node_2,Node_3,cac1,-0.018749999999997158
2030,sc01,10-17 22:00:00+02:00,Node_1,Node_2,eac1,-0.065625
2030,sc01,10-17 23:00:00+02:00,Node_1,Node_3,cac1,0.0
2030,sc01,10-17 23:00:00+02:00,Node_1,Node_2,cac1,0.0
2030,sc01,10-17 23:00:00+02:00,Node_2,Node_3,cac3,0.0
2030,sc01,10-17 23:00:00+02:00,Node_2,Node_3,cac2,-0.037499999999994316
2030,sc01,10-17 23:00:00+02:00,Node_1,Node_3,cac3,0.0
2030,sc01,10-17 23:00:00+02:00,Node_1,Node_3,cac2,0.0
2030,sc01,10-17 23:00:00+02:00,Node_1,Node_2,cac3,0.0
2030,sc01,10-17 23:00:00+02:00,Node_1,Node_3,eac1,-0.075
2030,sc01,10-17 23:00:00+02:00,Node_1,Node_2,cac2,0.0
2030,sc01,10-17 23:00:00+02:00,Node_2,Node_3,eac1,-0.075
2030,sc01,10-17 23:00:00+02:00,Node_2,Node_3,cac1,-0.018749999999997158
2030,sc01,10-17 23:00:00+02:00,Node_1,Node_2,eac1,-0.065625
2030,sc01,10-19 00:00:00+02:00,Node_1,Node_3,cac1,0.0
2030,sc01,10-19 00:00:00+02:00,Node_1,Node_2,cac1,0.0
2030,sc01,10-19 00:00:00+02:00,Node_2,Node_3,cac3,0.0
2030,sc01,10-19 00:00:00+02:00,Node_2,Node_3,cac2,-0.037499999999994316
2030,sc01,10-19 00:00:00+02:00,Node_1,Node_3,cac3,0.0
2030,sc01,10-19 00:00:00+02:00,Node_1,Node_3,cac2,0.0
2030,sc01,10-19 00:00:00+02:00,Node_1,Node_2,cac3,0.0
2030,sc01,10-19 00:00:00+02:00,Node_1,Node_3,eac1,-0.075
2030,sc01,10-19 00:00:00+02:00,Node_1,Node_2,cac2,0.0
2030,sc01,10-19 00:00:00+02:00,Node_2,Node_3,eac1,-0.075
2030,sc01,10-19 00:00:00+02:00,Node_2,Node_3,cac1,-0.018749999999997158
2030,sc01,10-19 00:00:00+02:00,Node_1,Node_2,eac1,-0.065625
2030,sc01,10-19 01:00:00+02:00,Node_1,Node_3,cac1,0.0
2030,sc01,10-19 01:00:00+02:00,Node_1,Node_2,cac1,0.0
2030,sc01,10-19 01:00:00+02:00,Node_2,Node_3,cac3,0.0
2030,sc01,10-19 01:00:00+02:00,Node_2,Node_3,cac2,-0.037499999999994316
2030,sc01,10-19 01:00:00+02:00,Node_1,Node_3,cac3,0.0
2030,sc01,10-19 01:00:00+02:00,Node_1,Node_3,cac2,0.0
2030,sc01,10-19 01:00:00+02:00,Node_1,Node_2,cac3,0.0
2030,sc01,10-19 01:00:00+02:00,Node_1,Node_3,eac1,-0.075
2030,sc01,10-19 01:00:00+02:00,Node_1,Node_2,cac2,0.0
2030,sc01,10-19 01:00:00+02:00,Node_2,Node_3,eac1,-0.075
2030,sc01,10-19 01:00:00+02:00,Node_2,Node_3,cac1,-0.018749999999997158
2030,sc01,10-19 01:00:00+02:00,Node_1,Node_2,eac1,-0.06442009142020415
2030,sc01,10-19 02:00:00+02:00,Node_1,Node_3,cac1,0.0
2030,sc01,10-19 02:00:00+02:00,Node_1,Node_2,cac1,0.0
2030,sc01,10-19 02:00:00+02:00,Node_2,Node_3,cac3,0.0
2030,sc01,10-19 02:00:00+02:00,Node_2,Node_3,cac2,-0.037499999999994316
2030,sc01,10-19 02:00:00+02:00,Node_1,Node_3,cac3,0.0
2030,sc01,10-19 02:00:00+02:00,Node_1,Node_3,cac2,0.0
2030,sc01,10-19 02:00:00+02:00,Node_1,Node_2,cac3,0.0
2030,sc01,10-19 02:00:00+02:00,Node_1,Node_3,eac1,-0.075
2030,sc01,10-19 02:00:00+02:00,Node_1,Node_2,cac2,0.0
2030,sc01,10-19 02:00:00+02:00,Node_2,Node_3,eac1,-0.075
2030,sc01,10-19 02:00:00+02:00,Node_2,Node_3,cac1,-0.018749999999997158
2030,sc01,10-19 02:00:00+02:00,Node_1,Node_2,eac1,-0.06329729488427915
2030,sc01,10-19 03:00:00+02:00,Node_1,Node_3,cac1,0.0
2030,sc01,10-19 03:00:00+02:00,Node_1,Node_2,cac1,0.0
2030,sc01,10-19 03:00:00+02:00,Node_2,Node_3,cac3,0.0
2030,sc01,10-19 03:00:00+02:00,Node_2,Node_3,cac2,-0.037499999999994316
2030,sc01,10-19 03:00:00+02:00,Node_1,Node_3,cac3,0.0
2030,sc01,10-19 03:00:00+02:00,Node_1,Node_3,cac2,0.0
2030,sc01,10-19 03:00:00+02:00,Node_1,Node_2,cac3,0.0
2030,sc01,10-19 03:00:00+02:00,Node_1,Node_3,eac1,-0.075
2030,sc01,10-19 03:00:00+02:00,Node_1,Node_2,cac2,0.0
2030,sc01,10-19 03:00:00+02:00,Node_2,Node_3,eac1,-0.075
2030,sc01,10-19 03:00:00+02:00,Node_2,Node_3,cac1,-0.018749999999997158
2030,sc01,10-19 03:00:00+02:00,Node_1,Node_2,eac1,-0.06351402056938582
2030,sc01,10-19 04:00:00+02:00,Node_1,Node_3,cac1,0.0
2030,sc01,10-19 04:00:00+02:00,Node_1,Node_2,cac1,0.0
2030,sc01,10-19 04:00:00+02:00,Node_2,Node_3,cac3,0.0
2030,sc01,10-19 04:00:00+02:00,Node_2,Node_3,cac2,-0.037499999999994316
2030,sc01,10-19 04:00:00+02:00,Node_1,Node_3,cac3,0.0
2030,sc01,10-19 04:00:00+02:00,Node_1,Node_3,cac2,0.0
2030,sc01,10-19 04:00:00+02:00,Node_1,Node_2,cac3,0.0
2030,sc01,10-19 04:00:00+02:00,Node_1,Node_3,eac1,-0.075
2030,sc01,10-19 04:00:00+02:00,Node_1,Node_2,cac2,0.0
2030,sc01,10-19 04:00:00+02:00,Node_2,Node_3,eac1,-0.075
2030,sc01,10-19 04:00:00+02:00,Node_2,Node_3,cac1,-0.018749999999997158
2030,sc01,10-19 04:00:00+02:00,Node_1,Node_2,eac1,-0.06466316321484555
2030,sc01,10-19 05:00:00+02:00,Node_1,Node_3,cac1,0.0
2030,sc01,10-19 05:00:00+02:00,Node_1,Node_2,cac1,0.0
2030,sc01,10-19 05:00:00+02:00,Node_2,Node_3,cac3,0.0
2030,sc01,10-19 05:00:00+02:00,Node_2,Node_3,cac2,-0.037499999999994316
2030,sc01,10-19 05:00:00+02:00,Node_1,Node_3,cac3,0.0
2030,sc01,10-19 05:00:00+02:00,Node_1,Node_3,cac2,0.0
2030,sc01,10-19 05:00:00+02:00,Node_1,Node_2,cac3,0.0
2030,sc01,10-19 05:00:00+02:00,Node_1,Node_3,eac1,-0.075
2030,sc01,10-19 05:00:00+02:00,Node_1,Node_2,cac2,0.0
2030,sc01,10-19 05:00:00+02:00,Node_2,Node_3,eac1,-0.075
2030,sc01,10-19 05:00:00+02:00,Node_2,Node_3,cac1,-0.018749999999997158
2030,sc01,10-19 05:00:00+02:00,Node_1,Node_2,eac1,-0.065625
2030,sc01,10-19 06:00:00+02:00,Node_1,Node_3,cac1,0.0
2030,sc01,10-19 06:00:00+02:00,Node_1,Node_2,cac1,0.0
2030,sc01,10-19 06:00:00+02:00,Node_2,Node_3,cac3,0.0
2030,sc01,10-19 06:00:00+02:00,Node_2,Node_3,cac2,-0.037499999999994316
2030,sc01,10-19 06:00:00+02:00,Node_1,Node_3,cac3,0.0
2030,sc01,10-19 06:00:00+02:00,Node_1,Node_3,cac2,0.0
2030,sc01,10-19 06:00:00+02:00,Node_1,Node_2,cac3,0.0
2030,sc01,10-19 06:00:00+02:00,Node_1,Node_3,eac1,-0.075
2030,sc01,10-19 06:00:00+02:00,Node_1,Node_2,cac2,0.0
2030,sc01,10-19 06:00:00+02:00,Node_2,Node_3,eac1,-0.075
2030,sc01,10-19 06:00:00+02:00,Node_2,Node_3,cac1,-0.018749999999997158
2030,sc01,10-19 06:00:00+02:00,Node_1,Node_2,eac1,-0.065625
2030,sc01,10-19 07:00:00+02:00,Node_1,Node_3,cac1,0.0
2030,sc01,10-19 07:00:00+02:00,Node_1,Node_2,cac1,0.0
2030,sc01,10-19 07:00:00+02:00,Node_2,Node_3,cac3,0.0
2030,sc01,10-19 07:00:00+02:00,Node_2,Node_3,cac2,-0.037499999999994316
2030,sc01,10-19 07:00:00+02:00,Node_1,Node_3,cac3,0.0
2030,sc01,10-19 07:00:00+02:00,Node_1,Node_3,cac2,0.0
2030,sc01,10-19 07:00:00+02:00,Node_1,Node_2,cac3,0.0
2030,sc01,10-19 07:00:00+02:00,Node_1,Node_3,eac1,-0.075
2030,sc01,10-19 07:00:00+02:00,Node_1,Node_2,cac2,0.0
2030,sc01,10-19 07:00:00+02:00,Node_2,Node_3,eac1,-0.075
2030,sc01,10-19 07:00:00+02:00,Node_2,Node_3,cac1,-0.018749999999997158
2030,sc01,10-19 07:00:00+02:00,Node_1,Node_2,eac1,-0.065625
2030,sc01,10-19 08:00:00+02:00,Node_1,Node_3,cac1,0.0
2030,sc01,10-19 08:00:00+02:00,Node_1,Node_2,cac1,0.0
2030,sc01,10-19 08:00:00+02:00,Node_2,Node_3,cac3,0.0
2030,sc01,10-19 08:00:00+02:00,Node_2,Node_3,cac2,-0.037499999999994316
2030,sc01,10-19 08:00:00+02:00,Node_1,Node_3,cac3,0.0
2030,sc01,10-19 08:00:00+02:00,Node_1,Node_3,cac2,0.0
2030,sc01,10-19 08:00:00+02:00,Node_1,Node_2,cac3,0.0
2030,sc01,10-19 08:00:00+02:00,Node_1,Node_3,eac1,-0.075
2030,sc01,10-19 08:00:00+02:00,Node_1,Node_2,cac2,0.0
2030,sc01,10-19 08:00:00+02:00,Node_2,Node_3,eac1,-0.075
2030,sc01,10-19 08:00:00+02:00,Node_2,Node_3,cac1,-0.018749999999997158
2030,sc01,10-19 08:00:00+02:00,Node_1,Node_2,eac1,-0.065625
2030,sc01,10-19 09:00:00+02:00,Node_1,Node_3,cac1,0.0
2030,sc01,10-19 09:00:00+02:00,Node_1,Node_2,cac1,0.0
2030,sc01,10-19 09:00:00+02:00,Node_2,Node_3,cac3,0.0
2030,sc01,10-19 09:00:00+02:00,Node_2,Node_3,cac2,-0.037499999999994316
2030,sc01,10-19 09:00:00+02:00,Node_1,Node_3,cac3,0.0
2030,sc01,10-19 09:00:00+02:00,Node_1,Node_3,cac2,0.0
2030,sc01,10-19 09:00:00+02:00,Node_1,Node_2,cac3,0.0
2030,sc01,10-19 09:00:00+02:00,Node_1,Node_3,eac1,-0.075
2030,sc01,10-19 09:00:00+02:00,Node_1,Node_2,cac2,0.0
2030,sc01,10-19 09:00:00+02:00,Node_2,Node_3,eac1,-0.075
2030,sc01,10-19 09:00:00+02:00,Node_2,Node_3,cac1,-0.018749999999997158
2030,sc01,10-19 09:00:00+02:00,Node_1,Node_2,eac1,-0.065625
2030,sc01,10-19 10:00:00+02:00,Node_1,Node_3,cac1,0.0
2030,sc01,10-19 10:00:00+02:00,Node_1,Node_2,cac1,0.0
2030,sc01,10-19 10:00:00+02:00,Node_2,Node_3,cac3,0.0
2030,sc01,10-19 10:00:00+02:00,Node_2,Node_3,cac2,-0.037499999999994316
2030,sc01,10-19 10:00:00+02:00,Node_1,Node_3,cac3,0.0
2030,sc01,10-19 10:00:00+02:00,Node_1,Node_3,cac2,0.0
2030,sc01,10-19 10:00:00+02:00,Node_1,Node_2,cac3,0.0
2030,sc01,10-19 10:00:00+02:00,Node_1,Node_3,eac1,-0.075
2030,sc01,10-19 10:00:00+02:00,Node_1,Node_2,cac2,0.0
2030,sc01,10-19 10:00:00+02:00,Node_2,Node_3,eac1,-0.075
2030,sc01,10-19 10:00:00+02:00,Node_2,Node_3,cac1,-0.018749999999997158
2030,sc01,10-19 10:00:00+02:00,Node_1,Node_2,eac1,-0.065625
2030,sc01,10-19 11:00:00+02:00,Node_1,Node_3,cac1,0.0
2030,sc01,10-19 11:00:00+02:00,Node_1,Node_2,cac1,0.0
2030,sc01,10-19 11:00:00+02:00,Node_2,Node_3,cac3,0.0
2030,sc01,10-19 11:00:00+02:00,Node_2,Node_3,cac2,-0.037499999999994316
2030,sc01,10-19 11:00:00+02:00,Node_1,Node_3,cac3,0.0
2030,sc01,10-19 11:00:00+02:00,Node_1,Node_3,cac2,0.0
2030,sc01,10-19 11:00:00+02:00,Node_1,Node_2,cac3,0.0
2030,sc01,10-19 11:00:00+02:00,Node_1,Node_3,eac1,-0.075
2030,sc01,10-19 11:00:00+02:00,Node_1,Node_2,cac2,0.0
2030,sc01,10-19 11:00:00+02:00,Node_2,Node_3,eac1,-0.075
2030,sc01,10-19 11:00:00+02:00,Node_2,Node_3,cac1,-0.018749999999997158
2030,sc01,10-19 11:00:00+02:00,Node_1,Node_2,eac1,-0.065625
2030,sc01,10-19 12:00:00+02:00,Node_1,Node_3,cac1,0.0
2030,sc01,10-19 12:00:00+02:00,Node_1,Node_2,cac1,0.0
2030,sc01,10-19 12:00:00+02:00,Node_2,Node_3,cac3,0.0
2030,sc01,10-19 12:00:00+02:00,Node_2,Node_3,cac2,-0.037499999999994316
2030,sc01,10-19 12:00:00+02:00,Node_1,Node_3,cac3,0.0
2030,sc01,10-19 12:00:00+02:00,Node_1,Node_3,cac2,0.0
2030,sc01,10-19 12:00:00+02:00,Node_1,Node_2,cac3,0.0
2030,sc01,10-19 12:00:00+02:00,Node_1,Node_3,eac1,-0.075
2030,sc01,10-19 12:00:00+02:00,Node_1,Node_2,cac2,0.0
2030,sc01,10-19 12:00:00+02:00,Node_2,Node_3,eac1,-0.075
2030,sc01,10-19 12:00:00+02:00,Node_2,Node_3,cac1,-0.018749999999997158
2030,sc01,10-19 12:00:00+02:00,Node_1,Node_2,eac1,-0.065625
2030,sc01,10-19 13:00:00+02:00,Node_1,Node_3,cac1,0.0
2030,sc01,10-19 13:00:00+02:00,Node_1,Node_2,cac1,0.0
2030,sc01,10-19 13:00:00+02:00,Node_2,Node_3,cac3,0.0
2030,sc01,10-19 13:00:00+02:00,Node_2,Node_3,cac2,-0.037499999999994316
2030,sc01,10-19 13:00:00+02:00,Node_1,Node_3,cac3,0.0
2030,sc01,10-19 13:00:00+02:00,Node_1,Node_3,cac2,0.0
2030,sc01,10-19 13:00:00+02:00,Node_1,Node_2,cac3,0.0
2030,sc01,10-19 13:00:00+02:00,Node_1,Node_3,eac1,-0.075
2030,sc01,10-19 13:00:00+02:00,Node_1,Node_2,cac2,0.0
2030,sc01,10-19 13:00:00+02:00,Node_2,Node_3,eac1,-0.075
2030,sc01,10-19 13:00:00+02:00,Node_2,Node_3,cac1,-0.018749999999997158
2030,sc01,10-19 13:00:00+02:00,Node_1,Node_2,eac1,-0.065625
2030,sc01,10-19 14:00:00+02:00,Node_1,Node_3,cac1,0.0
2030,sc01,10-19 14:00:00+02:00,Node_1,Node_2,cac1,0.0
2030,sc01,10-19 14:00:00+02:00,Node_2,Node_3,cac3,0.0
2030,sc01,10-19 14:00:00+02:00,Node_2,Node_3,cac2,-0.037499999999994316
2030,sc01,10-19 14:00:00+02:00,Node_1,Node_3,cac3,0.0
2030,sc01,10-19 14:00:00+02:00,Node_1,Node_3,cac2,0.0
2030,sc01,10-19 14:00:00+02:00,Node_1,Node_2,cac3,0.0
2030,sc01,10-19 14:00:00+02:00,Node_1,Node_3,eac1,-0.075
2030,sc01,10-19 14:00:00+02:00,Node_1,Node_2,cac2,0.0
2030,sc01,10-19 14:00:00+02:00,Node_2,Node_3,eac1,-0.075
2030,sc01,10-19 14:00:00+02:00,Node_2,Node_3,cac1,-0.018749999999997158
2030,sc01,10-19 14:00:00+02:00,Node_1,Node_2,eac1,-0.065625
2030,sc01,10-19 15:00:00+02:00,Node_1,Node_3,cac1,0.0
2030,sc01,10-19 15:00:00+02:00,Node_1,Node_2,cac1,0.0
2030,sc01,10-19 15:00:00+02:00,Node_2,Node_3,cac3,0.0
2030,sc01,10-19 15:00:00+02:00,Node_2,Node_3,cac2,-0.037499999999994316
2030,sc01,10-19 15:00:00+02:00,Node_1,Node_3,cac3,0.0
2030,sc01,10-19 15:00:00+02:00,Node_1,Node_3,cac2,0.0
2030,sc01,10-19 15:00:00+02:00,Node_1,Node_2,cac3,0.0
2030,sc01,10-19 15:00:00+02:00,Node_1,Node_3,eac1,-0.075
2030,sc01,10-19 15:00:00+02:00,Node_1,Node_2,cac2,0.0
2030,sc01,10-19 15:00:00+02:00,Node_2,Node_3,eac1,-0.075
2030,sc01,10-19 15:00:00+02:00,Node_2,Node_3,cac1,-0.018749999999997158
2030,sc01,10-19 15:00:00+02:00,Node_1,Node_2,eac1,-0.065625
2030,sc01,10-19 16:00:00+02:00,Node_1,Node_3,cac1,0.0
2030,sc01,10-19 16:00:00+02:00,Node_1,Node_2,cac1,0.0
2030,sc01,10-19 16:00:00+02:00,Node_2,Node_3,cac3,0.0
2030,sc01,10-19 16:00:00+02:00,Node_2,Node_3,cac2,-0.037499999999994316
2030,sc01,10-19 16:00:00+02:00,Node_1,Node_3,cac3,0.0
2030,sc01,10-19 16:00:00+02:00,Node_1,Node_3,cac2,0.0
2030,sc01,10-19 16:00:00+02:00,Node_1,Node_2,cac3,0.0
2030,sc01,10-19 16:00:00+02:00,Node_1,Node_3,eac1,-0.075
2030,sc01,10-19 16:00:00+02:00,Node_1,Node_2,cac2,0.0
2030,sc01,10-19 16:00:00+02:00,Node_2,Node_3,eac1,-0.075
2030,sc01,10-19 16:00:00+02:00,Node_2,Node_3,cac1,-0.018749999999997158
2030,sc01,10-19 16:00:00+02:00,Node_1,Node_2,eac1,-0.065625
2030,sc01,10-19 17:00:00+02:00,Node_1,Node_3,cac1,0.0
2030,sc01,10-19 17:00:00+02:00,Node_1,Node_2,cac1,0.0
2030,sc01,10-19 17:00:00+02:00,Node_2,Node_3,cac3,0.0
2030,sc01,10-19 17:00:00+02:00,Node_2,Node_3,cac2,-0.037499999999994316
2030,sc01,10-19 17:00:00+02:00,Node_1,Node_3,cac3,0.0
2030,sc01,10-19 17:00:00+02:00,Node_1,Node_3,cac2,0.0
2030,sc01,10-19 17:00:00+02:00,Node_1,Node_2,cac3,0.0
2030,sc01,10-19 17:00:00+02:00,Node_1,Node_3,eac1,-0.075
2030,sc01,10-19 17:00:00+02:00,Node_1,Node_2,cac2,0.0
2030,sc01,10-19 17:00:00+02:00,Node_2,Node_3,eac1,-0.075
2030,sc01,10-19 17:00:00+02:00,Node_2,Node_3,cac1,-0.018749999999997158
2030,sc01,10-19 17:00:00+02:00,Node_1,Node_2,eac1,-0.065625
2030,sc01,10-19 18:00:00+02:00,Node_1,Node_3,cac1,0.0
2030,sc01,10-19 18:00:00+02:00,Node_1,Node_2,cac1,0.0
2030,sc01,10-19 18:00:00+02:00,Node_2,Node_3,cac3,0.0
2030,sc01,10-19 18:00:00+02:00,Node_2,Node_3,cac2,-0.037499999999994316
2030,sc01,10-19 18:00:00+02:00,Node_1,Node_3,cac3,0.0
2030,sc01,10-19 18:00:00+02:00,Node_1,Node_3,cac2,0.0
2030,sc01,10-19 18:00:00+02:00,Node_1,Node_2,cac3,0.0
2030,sc01,10-19 18:00:00+02:00,Node_1,Node_3,eac1,-0.075
2030,sc01,10-19 18:00:00+02:00,Node_1,Node_2,cac2,0.0
2030,sc01,10-19 18:00:00+02:00,Node_2,Node_3,eac1,-0.075
2030,sc01,10-19 18:00:00+02:00,Node_2,Node_3,cac1,-0.018749999999997158
2030,sc01,10-19 18:00:00+02:00,Node_1,Node_2,eac1,-0.065625
2030,sc01,10-19 19:00:00+02:00,Node_1,Node_3,cac1,0.0
2030,sc01,10-19 19:00:00+02:00,Node_1,Node_2,cac1,0.0
2030,sc01,10-19 19:00:00+02:00,Node_2,Node_3,cac3,0.0
2030,sc01,10-19 19:00:00+02:00,Node_2,Node_3,cac2,-0.037499999999994316
2030,sc01,10-19 19:00:00+02:00,Node_1,Node_3,cac3,0.0
2030,sc01,10-19 19:00:00+02:00,Node_1,Node_3,cac2,0.0
2030,sc01,10-19 19:00:00+02:00,Node_1,Node_2,cac3,0.0
2030,sc01,10-19 19:00:00+02:00,Node_1,Node_3,eac1,-0.075
2030,sc01,10-19 19:00:00+02:00,Node_1,Node_2,cac2,0.0
2030,sc01,10-19 19:00:00+02:00,Node_2,Node_3,eac1,-0.075
2030,sc01,10-19 19:00:00+02:00,Node_2,Node_3,cac1,-0.018749999999997158
2030,sc01,10-19 19:00:00+02:00,Node_1,Node_2,eac1,-0.065625
2030,sc01,10-19 20:00:00+02:00,Node_1,Node_3,cac1,0.0
2030,sc01,10-19 20:00:00+02:00,Node_1,Node_2,cac1,0.0
2030,sc01,10-19 20:00:00+02:00,Node_2,Node_3,cac3,0.0
2030,sc01,10-19 20:00:00+02:00,Node_2,Node_3,cac2,-0.037499999999994316
2030,sc01,10-19 20:00:00+02:00,Node_1,Node_3,cac3,0.0
2030,sc01,10-19 20:00:00+02:00,Node_1,Node_3,cac2,0.0
2030,sc01,10-19 20:00:00+02:00,Node_1,Node_2,cac3,0.0
2030,sc01,10-19 20:00:00+02:00,Node_1,Node_3,eac1,-0.075
2030,sc01,10-19 20:00:00+02:00,Node_1,Node_2,cac2,0.0
2030,sc01,10-19 20:00:00+02:00,Node_2,Node_3,eac1,-0.075
2030,sc01,10-19 20:00:00+02:00,Node_2,Node_3,cac1,-0.018749999999997158
2030,sc01,10-19 20:00:00+02:00,Node_1,Node_2,eac1,-0.065625
2030,sc01,10-19 21:00:00+02:00,Node_1,Node_3,cac1,0.0
2030,sc01,10-19 21:00:00+02:00,Node_1,Node_2,cac1,0.0
2030,sc01,10-19 21:00:00+02:00,Node_2,Node_3,cac3,0.0
2030,sc01,10-19 21:00:00+02:00,Node_2,Node_3,cac2,-0.037499999999994316
2030,sc01,10-19 21:00:00+02:00,Node_1,Node_3,cac3,0.0
2030,sc01,10-19 21:00:00+02:00,Node_1,Node_3,cac2,0.0
2030,sc01,10-19 21:00:00+02:00,Node_1,Node_2,cac3,0.0
2030,sc01,10-19 21:00:00+02:00,Node_1,Node_3,eac1,-0.075
2030,sc01,10-19 21:00:00+02:00,Node_1,Node_2,cac2,0.0
2030,sc01,10-19 21:00:00+02:00,Node_2,Node_3,eac1,-0.075
2030,sc01,10-19 21:00:00+02:00,Node_2,Node_3,cac1,-0.018749999999997158
2030,sc01,10-19 21:00:00+02:00,Node_1,Node_2,eac1,-0.065625
2030,sc01,10-19 22:00:00+02:00,Node_1,Node_3,cac1,0.0
2030,sc01,10-19 22:00:00+02:00,Node_1,Node_2,cac1,0.0
2030,sc01,10-19 22:00:00+02:00,Node_2,Node_3,cac3,0.0
2030,sc01,10-19 22:00:00+02:00,Node_2,Node_3,cac2,-0.037499999999994316
2030,sc01,10-19 22:00:00+02:00,Node_1,Node_3,cac3,0.0
2030,sc01,10-19 22:00:00+02:00,Node_1,Node_3,cac2,0.0
2030,sc01,10-19 22:00:00+02:00,Node_1,Node_2,cac3,0.0
2030,sc01,10-19 22:00:00+02:00,Node_1,Node_3,eac1,-0.075
2030,sc01,10-19 22:00:00+02:00,Node_1,Node_2,cac2,0.0
2030,sc01,10-19 22:00:00+02:00,Node_2,Node_3,eac1,-0.075
2030,sc01,10-19 22:00:00+02:00,Node_2,Node_3,cac1,-0.018749999999997158
2030,sc01,10-19 22:00:00+02:00,Node_1,Node_2,eac1,-0.065625
2030,sc01,10-19 23:00:00+02:00,Node_1,Node_3,cac1,0.0
2030,sc01,10-19 23:00:00+02:00,Node_1,Node_2,cac1,0.0
2030,sc01,10-19 23:00:00+02:00,Node_2,Node_3,cac3,0.0
2030,sc01,10-19 23:00:00+02:00,Node_2,Node_3,cac2,-0.037499999999994316
2030,sc01,10-19 23:00:00+02:00,Node_1,Node_3,cac3,0.0
2030,sc01,10-19 23:00:00+02:00,Node_1,Node_3,cac2,0.0
2030,sc01,10-19 23:00:00+02:00,Node_1,Node_2,cac3,0.0
2030,sc01,10-19 23:00:00+02:00,Node_1,Node_3,eac1,-0.075
2030,sc01,10-19 23:00:00+02:00,Node_1,Node_2,cac2,0.0
2030,sc01,10-19 23:00:00+02:00,Node_2,Node_3,eac1,-0.075
2030,sc01,10-19 23:00:00+02:00,Node_2,Node_3,cac1,-0.018749999999997158
2030,sc01,10-19 23:00:00+02:00,Node_1,Node_2,eac1,-0.065625
2030,sc01,10-22 00:00:00+02:00,Node_1,Node_3,cac1,0.0
2030,sc01,10-22 00:00:00+02:00,Node_1,Node_2,cac1,0.0
2030,sc01,10-22 00:00:00+02:00,Node_2,Node_3,cac3,0.0
2030,sc01,10-22 00:00:00+02:00,Node_2,Node_3,cac2,-0.037499999999994316
2030,sc01,10-22 00:00:00+02:00,Node_1,Node_3,cac3,0.0
2030,sc01,10-22 00:00:00+02:00,Node_1,Node_3,cac2,0.0
2030,sc01,10-22 00:00:00+02:00,Node_1,Node_2,cac3,0.0
2030,sc01,10-22 00:00:00+02:00,Node_1,Node_3,eac1,-0.075
2030,sc01,10-22 00:00:00+02:00,Node_1,Node_2,cac2,0.0
2030,sc01,10-22 00:00:00+02:00,Node_2,Node_3,eac1,-0.075
2030,sc01,10-22 00:00:00+02:00,Node_2,Node_3,cac1,-0.018749999999997158
2030,sc01,10-22 00:00:00+02:00,Node_1,Node_2,eac1,-0.058899893531162206
2030,sc01,10-22 01:00:00+02:00,Node_1,Node_3,cac1,0.0
2030,sc01,10-22 01:00:00+02:00,Node_1,Node_2,cac1,0.0
2030,sc01,10-22 01:00:00+02:00,Node_2,Node_3,cac3,0.0
2030,sc01,10-22 01:00:00+02:00,Node_2,Node_3,cac2,-0.037499999999994316
2030,sc01,10-22 01:00:00+02:00,Node_1,Node_3,cac3,0.0
2030,sc01,10-22 01:00:00+02:00,Node_1,Node_3,cac2,0.0
2030,sc01,10-22 01:00:00+02:00,Node_1,Node_2,cac3,0.0
2030,sc01,10-22 01:00:00+02:00,Node_1,Node_3,eac1,-0.075
2030,sc01,10-22 01:00:00+02:00,Node_1,Node_2,cac2,0.0
2030,sc01,10-22 01:00:00+02:00,Node_2,Node_3,eac1,-0.075
2030,sc01,10-22 01:00:00+02:00,Node_2,Node_3,cac1,-0.018749999999997158
2030,sc01,10-22 01:00:00+02:00,Node_1,Node_2,eac1,-0.05554538453480973
2030,sc01,10-22 02:00:00+02:00,Node_1,Node_3,cac1,0.0
2030,sc01,10-22 02:00:00+02:00,Node_1,Node_2,cac1,0.0
2030,sc01,10-22 02:00:00+02:00,Node_2,Node_3,cac3,0.0
2030,sc01,10-22 02:00:00+02:00,Node_2,Node_3,cac2,-0.037499999999994316
2030,sc01,10-22 02:00:00+02:00,Node_1,Node_3,cac3,0.0
2030,sc01,10-22 02:00:00+02:00,Node_1,Node_3,cac2,0.0
2030,sc01,10-22 02:00:00+02:00,Node_1,Node_2,cac3,0.0
2030,sc01,10-22 02:00:00+02:00,Node_1,Node_3,eac1,-0.075
2030,sc01,10-22 02:00:00+02:00,Node_1,Node_2,cac2,0.0
2030,sc01,10-22 02:00:00+02:00,Node_2,Node_3,eac1,-0.075
2030,sc01,10-22 02:00:00+02:00,Node_2,Node_3,cac1,-0.018749999999997158
2030,sc01,10-22 02:00:00+02:00,Node_1,Node_2,eac1,-0.054121975060247754
2030,sc01,10-22 03:00:00+02:00,Node_1,Node_3,cac1,0.0
2030,sc01,10-22 03:00:00+02:00,Node_1,Node_2,cac1,0.0
2030,sc01,10-22 03:00:00+02:00,Node_2,Node_3,cac3,0.0
2030,sc01,10-22 03:00:00+02:00,Node_2,Node_3,cac2,-0.037499999999994316
2030,sc01,10-22 03:00:00+02:00,Node_1,Node_3,cac3,0.0
2030,sc01,10-22 03:00:00+02:00,Node_1,Node_3,cac2,0.0
2030,sc01,10-22 03:00:00+02:00,Node_1,Node_2,cac3,0.0
2030,sc01,10-22 03:00:00+02:00,Node_1,Node_3,eac1,-0.075
2030,sc01,10-22 03:00:00+02:00,Node_1,Node_2,cac2,0.0
2030,sc01,10-22 03:00:00+02:00,Node_2,Node_3,eac1,-0.075
2030,sc01,10-22 03:00:00+02:00,Node_2,Node_3,cac1,-0.018749999999997158
2030,sc01,10-22 03:00:00+02:00,Node_1,Node_2,eac1,-0.05454165222900542
2030,sc01,10-22 04:00:00+02:00,Node_1,Node_3,cac1,0.0
2030,sc01,10-22 04:00:00+02:00,Node_1,Node_2,cac1,0.0
2030,sc01,10-22 04:00:00+02:00,Node_2,Node_3,cac3,0.0
2030,sc01,10-22 04:00:00+02:00,Node_2,Node_3,cac2,-0.037499999999994316
2030,sc01,10-22 04:00:00+02:00,Node_1,Node_3,cac3,0.0
2030,sc01,10-22 04:00:00+02:00,Node_1,Node_3,cac2,0.0
2030,sc01,10-22 04:00:00+02:00,Node_1,Node_2,cac3,0.0
2030,sc01,10-22 04:00:00+02:00,Node_1,Node_3,eac1,-0.075
2030,sc01,10-22 04:00:00+02:00,Node_1,Node_2,cac2,0.0
2030,sc01,10-22 04:00:00+02:00,Node_2,Node_3,eac1,-0.075
2030,sc01,10-22 04:00:00+02:00,Node_2,Node_3,cac1,-0.018749999999997158
2030,sc01,10-22 04:00:00+02:00,Node_1,Node_2,eac1,-0.05736513884821193
2030,sc01,10-22 05:00:00+02:00,Node_1,Node_3,cac1,0.0
2030,sc01,10-22 05:00:00+02:00,Node_1,Node_2,cac1,0.0
2030,sc01,10-22 05:00:00+02:00,Node_2,Node_3,cac3,0.0
2030,sc01,10-22 05:00:00+02:00,Node_2,Node_3,cac2,-0.037499999999994316
2030,sc01,10-22 05:00:00+02:00,Node_1,Node_3,cac3,0.0
2030,sc01,10-22 05:00:00+02:00,Node_1,Node_3,cac2,0.0
2030,sc01,10-22 05:00:00+02:00,Node_1,Node_2,cac3,0.0
2030,sc01,10-22 05:00:00+02:00,Node_1,Node_3,eac1,-0.075
2030,sc01,10-22 05:00:00+02:00,Node_1,Node_2,cac2,0.0
2030,sc01,10-22 05:00:00+02:00,Node_2,Node_3,eac1,-0.075
2030,sc01,10-22 05:00:00+02:00,Node_2,Node_3,cac1,-0.018749999999997158
2030,sc01,10-22 05:00:00+02:00,Node_1,Node_2,eac1,-0.065625
2030,sc01,10-22 06:00:00+02:00,Node_1,Node_3,cac1,0.0
2030,sc01,10-22 06:00:00+02:00,Node_1,Node_2,cac1,0.0
2030,sc01,10-22 06:00:00+02:00,Node_2,Node_3,cac3,0.0
2030,sc01,10-22 06:00:00+02:00,Node_2,Node_3,cac2,-0.037499999999994316
2030,sc01,10-22 06:00:00+02:00,Node_1,Node_3,cac3,0.0
2030,sc01,10-22 06:00:00+02:00,Node_1,Node_3,cac2,0.0
2030,sc01,10-22 06:00:00+02:00,Node_1,Node_2,cac3,0.0
2030,sc01,10-22 06:00:00+02:00,Node_1,Node_3,eac1,-0.075
2030,sc01,10-22 06:00:00+02:00,Node_1,Node_2,cac2,0.0
2030,sc01,10-22 06:00:00+02:00,Node_2,Node_3,eac1,-0.075
2030,sc01,10-22 06:00:00+02:00,Node_2,Node_3,cac1,-0.018749999999997158
2030,sc01,10-22 06:00:00+02:00,Node_1,Node_2,eac1,-0.065625
2030,sc01,10-22 07:00:00+02:00,Node_1,Node_3,cac1,0.0
2030,sc01,10-22 07:00:00+02:00,Node_1,Node_2,cac1,0.0
2030,sc01,10-22 07:00:00+02:00,Node_2,Node_3,cac3,0.0
2030,sc01,10-22 07:00:00+02:00,Node_2,Node_3,cac2,-0.037499999999994316
2030,sc01,10-22 07:00:00+02:00,Node_1,Node_3,cac3,0.0
2030,sc01,10-22 07:00:00+02:00,Node_1,Node_3,cac2,0.0
2030,sc01,10-22 07:00:00+02:00,Node_1,Node_2,cac3,0.0
2030,sc01,10-22 07:00:00+02:00,Node_1,Node_3,eac1,-0.075
2030,sc01,10-22 07:00:00+02:00,Node_1,Node_2,cac2,0.0
2030,sc01,10-22 07:00:00+02:00,Node_2,Node_3,eac1,-0.075
2030,sc01,10-22 07:00:00+02:00,Node_2,Node_3,cac1,-0.018749999999997158
2030,sc01,10-22 07:00:00+02:00,Node_1,Node_2,eac1,-0.065625
2030,sc01,10-22 08:00:00+02:00,Node_1,Node_3,cac1,0.0
2030,sc01,10-22 08:00:00+02:00,Node_1,Node_2,cac1,0.0
2030,sc01,10-22 08:00:00+02:00,Node_2,Node_3,cac3,0.0
2030,sc01,10-22 08:00:00+02:00,Node_2,Node_3,cac2,-0.037499999999994316
2030,sc01,10-22 08:00:00+02:00,Node_1,Node_3,cac3,0.0
2030,sc01,10-22 08:00:00+02:00,Node_1,Node_3,cac2,0.0
2030,sc01,10-22 08:00:00+02:00,Node_1,Node_2,cac3,0.0
2030,sc01,10-22 08:00:00+02:00,Node_1,Node_3,eac1,-0.075
2030,sc01,10-22 08:00:00+02:00,Node_1,Node_2,cac2,0.0
2030,sc01,10-22 08:00:00+02:00,Node_2,Node_3,eac1,-0.075
2030,sc01,10-22 08:00:00+02:00,Node_2,Node_3,cac1,-0.018749999999997158
2030,sc01,10-22 08:00:00+02:00,Node_1,Node_2,eac1,-0.065625
2030,sc01,10-22 09:00:00+02:00,Node_1,Node_3,cac1,0.0
2030,sc01,10-22 09:00:00+02:00,Node_1,Node_2,cac1,0.0
2030,sc01,10-22 09:00:00+02:00,Node_2,Node_3,cac3,0.0
2030,sc01,10-22 09:00:00+02:00,Node_2,Node_3,cac2,-0.037499999999994316
2030,sc01,10-22 09:00:00+02:00,Node_1,Node_3,cac3,0.0
2030,sc01,10-22 09:00:00+02:00,Node_1,Node_3,cac2,0.0
2030,sc01,10-22 09:00:00+02:00,Node_1,Node_2,cac3,0.0
2030,sc01,10-22 09:00:00+02:00,Node_1,Node_3,eac1,-0.075
2030,sc01,10-22 09:00:00+02:00,Node_1,Node_2,cac2,0.0
2030,sc01,10-22 09:00:00+02:00,Node_2,Node_3,eac1,-0.075
2030,sc01,10-22 09:00:00+02:00,Node_2,Node_3,cac1,-0.018749999999997158
2030,sc01,10-22 09:00:00+02:00,Node_1,Node_2,eac1,-0.065625
2030,sc01,10-22 10:00:00+02:00,Node_1,Node_3,cac1,0.0
2030,sc01,10-22 10:00:00+02:00,Node_1,Node_2,cac1,0.0
2030,sc01,10-22 10:00:00+02:00,Node_2,Node_3,cac3,0.0
2030,sc01,10-22 10:00:00+02:00,Node_2,Node_3,cac2,-0.037499999999994316
2030,sc01,10-22 10:00:00+02:00,Node_1,Node_3,cac3,0.0
2030,sc01,10-22 10:00:00+02:00,Node_1,Node_3,cac2,0.0
2030,sc01,10-22 10:00:00+02:00,Node_1,Node_2,cac3,0.0
2030,sc01,10-22 10:00:00+02:00,Node_1,Node_3,eac1,-0.075
2030,sc01,10-22 10:00:00+02:00,Node_1,Node_2,cac2,0.0
2030,sc01,10-22 10:00:00+02:00,Node_2,Node_3,eac1,-0.075
2030,sc01,10-22 10:00:00+02:00,Node_2,Node_3,cac1,-0.018749999999997158
2030,sc01,10-22 10:00:00+02:00,Node_1,Node_2,eac1,-0.06161329906566948
2030,sc01,10-22 11:00:00+02:00,Node_1,Node_3,cac1,0.0
2030,sc01,10-22 11:00:00+02:00,Node_1,Node_2,cac1,0.0
2030,sc01,10-22 11:00:00+02:00,Node_2,Node_3,cac3,0.0
2030,sc01,10-22 11:00:00+02:00,Node_2,Node_3,cac2,-0.037499999999994316
2030,sc01,10-22 11:00:00+02:00,Node_1,Node_3,cac3,0.0
2030,sc01,10-22 11:00:00+02:00,Node_1,Node_3,cac2,0.0
2030,sc01,10-22 11:00:00+02:00,Node_1,Node_2,cac3,0.0
2030,sc01,10-22 11:00:00+02:00,Node_1,Node_3,eac1,-0.075
2030,sc01,10-22 11:00:00+02:00,Node_1,Node_2,cac2,0.0
2030,sc01,10-22 11:00:00+02:00,Node_2,Node_3,eac1,-0.075
2030,sc01,10-22 11:00:00+02:00,Node_2,Node_3,cac1,-0.018749999999997158
2030,sc01,10-22 11:00:00+02:00,Node_1,Node_2,eac1,-0.05912834324163896
2030,sc01,10-22 12:00:00+02:00,Node_1,Node_3,cac1,0.0
2030,sc01,10-22 12:00:00+02:00,Node_1,Node_2,cac1,0.0
2030,sc01,10-22 12:00:00+02:00,Node_2,Node_3,cac3,0.0
2030,sc01,10-22 12:00:00+02:00,Node_2,Node_3,cac2,-0.037499999999994316
2030,sc01,10-22 12:00:00+02:00,Node_1,Node_3,cac3,0.0
2030,sc01,10-22 12:00:00+02:00,Node_1,Node_3,cac2,0.0
2030,sc01,10-22 12:00:00+02:00,Node_1,Node_2,cac3,0.0
2030,sc01,10-22 12:00:00+02:00,Node_1,Node_3,eac1,-0.075
2030,sc01,10-22 12:00:00+02:00,Node_1,Node_2,cac2,0.0
2030,sc01,10-22 12:00:00+02:00,Node_2,Node_3,eac1,-0.075
2030,sc01,10-22 12:00:00+02:00,Node_2,Node_3,cac1,-0.018749999999997158
2030,sc01,10-22 12:00:00+02:00,Node_1,Node_2,eac1,-0.05831584500132733
2030,sc01,10-22 13:00:00+02:00,Node_1,Node_3,cac1,0.0
2030,sc01,10-22 13:00:00+02:00,Node_1,Node_2,cac1,0.0
2030,sc01,10-22 13:00:00+02:00,Node_2,Node_3,cac3,0.0
2030,sc01,10-22 13:00:00+02:00,Node_2,Node_3,cac2,-0.037499999999994316
2030,sc01,10-22 13:00:00+02:00,Node_1,Node_3,cac3,0.0
2030,sc01,10-22 13:00:00+02:00,Node_1,Node_3,cac2,0.0
2030,sc01,10-22 13:00:00+02:00,Node_1,Node_2,cac3,0.0
2030,sc01,10-22 13:00:00+02:00,Node_1,Node_3,eac1,-0.075
2030,sc01,10-22 13:00:00+02:00,Node_1,Node_2,cac2,0.0
2030,sc01,10-22 13:00:00+02:00,Node_2,Node_3,eac1,-0.075
2030,sc01,10-22 13:00:00+02:00,Node_2,Node_3,cac1,-0.018749999999997158
2030,sc01,10-22 13:00:00+02:00,Node_1,Node_2,eac1,-0.057676633307352176
2030,sc01,10-22 14:00:00+02:00,Node_1,Node_3,cac1,0.0
2030,sc01,10-22 14:00:00+02:00,Node_1,Node_2,cac1,0.0
2030,sc01,10-22 14:00:00+02:00,Node_2,Node_3,cac3,0.0
2030,sc01,10-22 14:00:00+02:00,Node_2,Node_3,cac2,-0.037499999999994316
2030,sc01,10-22 14:00:00+02:00,Node_1,Node_3,cac3,0.0
2030,sc01,10-22 14:00:00+02:00,Node_1,Node_3,cac2,0.0
2030,sc01,10-22 14:00:00+02:00,Node_1,Node_2,cac3,0.0
2030,sc01,10-22 14:00:00+02:00,Node_1,Node_3,eac1,-0.075
2030,sc01,10-22 14:00:00+02:00,Node_1,Node_2,cac2,0.0
2030,sc01,10-22 14:00:00+02:00,Node_2,Node_3,eac1,-0.075
2030,sc01,10-22 14:00:00+02:00,Node_2,Node_3,cac1,-0.018749999999997158
2030,sc01,10-22 14:00:00+02:00,Node_1,Node_2,eac1,-0.05887178455830622
2030,sc01,10-22 15:00:00+02:00,Node_1,Node_3,cac1,0.0
2030,sc01,10-22 15:00:00+02:00,Node_1,Node_2,cac1,0.0
2030,sc01,10-22 15:00:00+02:00,Node_2,Node_3,cac3,0.0
2030,sc01,10-22 15:00:00+02:00,Node_2,Node_3,cac2,-0.037499999999994316
2030,sc01,10-22 15:00:00+02:00,Node_1,Node_3,cac3,0.0
2030,sc01,10-22 15:00:00+02:00,Node_1,Node_3,cac2,0.0
2030,sc01,10-22 15:00:00+02:00,Node_1,Node_2,cac3,0.0
2030,sc01,10-22 15:00:00+02:00,Node_1,Node_3,eac1,-0.075
2030,sc01,10-22 15:00:00+02:00,Node_1,Node_2,cac2,0.0
2030,sc01,10-22 15:00:00+02:00,Node_2,Node_3,eac1,-0.075
2030,sc01,10-22 15:00:00+02:00,Node_2,Node_3,cac1,-0.018749999999997158
2030,sc01,10-22 15:00:00+02:00,Node_1,Node_2,eac1,-0.0629502641295403
2030,sc01,10-22 16:00:00+02:00,Node_1,Node_3,cac1,0.0
2030,sc01,10-22 16:00:00+02:00,Node_1,Node_2,cac1,0.0
2030,sc01,10-22 16:00:00+02:00,Node_2,Node_3,cac3,0.0
2030,sc01,10-22 16:00:00+02:00,Node_2,Node_3,cac2,-0.037499999999994316
2030,sc01,10-22 16:00:00+02:00,Node_1,Node_3,cac3,0.0
2030,sc01,10-22 16:00:00+02:00,Node_1,Node_3,cac2,0.0
2030,sc01,10-22 16:00:00+02:00,Node_1,Node_2,cac3,0.0
2030,sc01,10-22 16:00:00+02:00,Node_1,Node_3,eac1,-0.075
2030,sc01,10-22 16:00:00+02:00,Node_1,Node_2,cac2,0.0
2030,sc01,10-22 16:00:00+02:00,Node_2,Node_3,eac1,-0.075
2030,sc01,10-22 16:00:00+02:00,Node_2,Node_3,cac1,-0.018749999999997158
2030,sc01,10-22 16:00:00+02:00,Node_1,Node_2,eac1,-0.065625
2030,sc01,10-22 17:00:00+02:00,Node_1,Node_3,cac1,0.0
2030,sc01,10-22 17:00:00+02:00,Node_1,Node_2,cac1,0.0
2030,sc01,10-22 17:00:00+02:00,Node_2,Node_3,cac3,0.0
2030,sc01,10-22 17:00:00+02:00,Node_2,Node_3,cac2,-0.037499999999994316
2030,sc01,10-22 17:00:00+02:00,Node_1,Node_3,cac3,0.0
2030,sc01,10-22 17:00:00+02:00,Node_1,Node_3,cac2,0.0
2030,sc01,10-22 17:00:00+02:00,Node_1,Node_2,cac3,0.0
2030,sc01,10-22 17:00:00+02:00,Node_1,Node_3,eac1,-0.075
2030,sc01,10-22 17:00:00+02:00,Node_1,Node_2,cac2,0.0
2030,sc01,10-22 17:00:00+02:00,Node_2,Node_3,eac1,-0.075
2030,sc01,10-22 17:00:00+02:00,Node_2,Node_3,cac1,-0.018749999999997158
2030,sc01,10-22 17:00:00+02:00,Node_1,Node_2,eac1,-0.065625
2030,sc01,10-22 18:00:00+02:00,Node_1,Node_3,cac1,0.0
2030,sc01,10-22 18:00:00+02:00,Node_1,Node_2,cac1,0.0
2030,sc01,10-22 18:00:00+02:00,Node_2,Node_3,cac3,0.0
2030,sc01,10-22 18:00:00+02:00,Node_2,Node_3,cac2,-0.037499999999994316
2030,sc01,10-22 18:00:00+02:00,Node_1,Node_3,cac3,0.0
2030,sc01,10-22 18:00:00+02:00,Node_1,Node_3,cac2,0.0
2030,sc01,10-22 18:00:00+02:00,Node_1,Node_2,cac3,0.0
2030,sc01,10-22 18:00:00+02:00,Node_1,Node_3,eac1,-0.075
2030,sc01,10-22 18:00:00+02:00,Node_1,Node_2,cac2,0.0
2030,sc01,10-22 18:00:00+02:00,Node_2,Node_3,eac1,-0.075
2030,sc01,10-22 18:00:00+02:00,Node_2,Node_3,cac1,-0.018749999999997158
2030,sc01,10-22 18:00:00+02:00,Node_1,Node_2,eac1,-0.065625
2030,sc01,10-22 19:00:00+02:00,Node_1,Node_3,cac1,0.0
2030,sc01,10-22 19:00:00+02:00,Node_1,Node_2,cac1,0.0
2030,sc01,10-22 19:00:00+02:00,Node_2,Node_3,cac3,0.0
2030,sc01,10-22 19:00:00+02:00,Node_2,Node_3,cac2,-0.037499999999994316
2030,sc01,10-22 19:00:00+02:00,Node_1,Node_3,cac3,0.0
2030,sc01,10-22 19:00:00+02:00,Node_1,Node_3,cac2,0.0
2030,sc01,10-22 19:00:00+02:00,Node_1,Node_2,cac3,0.0
2030,sc01,10-22 19:00:00+02:00,Node_1,Node_3,eac1,-0.075
2030,sc01,10-22 19:00:00+02:00,Node_1,Node_2,cac2,0.0
2030,sc01,10-22 19:00:00+02:00,Node_2,Node_3,eac1,-0.075
2030,sc01,10-22 19:00:00+02:00,Node_2,Node_3,cac1,-0.018749999999997158
2030,sc01,10-22 19:00:00+02:00,Node_1,Node_2,eac1,-0.065625
2030,sc01,10-22 20:00:00+02:00,Node_1,Node_3,cac1,0.0
2030,sc01,10-22 20:00:00+02:00,Node_1,Node_2,cac1,0.0
2030,sc01,10-22 20:00:00+02:00,Node_2,Node_3,cac3,0.0
2030,sc01,10-22 20:00:00+02:00,Node_2,Node_3,cac2,-0.037499999999994316
2030,sc01,10-22 20:00:00+02:00,Node_1,Node_3,cac3,0.0
2030,sc01,10-22 20:00:00+02:00,Node_1,Node_3,cac2,0.0
2030,sc01,10-22 20:00:00+02:00,Node_1,Node_2,cac3,0.0
2030,sc01,10-22 20:00:00+02:00,Node_1,Node_3,eac1,-0.075
2030,sc01,10-22 20:00:00+02:00,Node_1,Node_2,cac2,0.0
2030,sc01,10-22 20:00:00+02:00,Node_2,Node_3,eac1,-0.075
2030,sc01,10-22 20:00:00+02:00,Node_2,Node_3,cac1,-0.018749999999997158
2030,sc01,10-22 20:00:00+02:00,Node_1,Node_2,eac1,-0.065625
2030,sc01,10-22 21:00:00+02:00,Node_1,Node_3,cac1,0.0
2030,sc01,10-22 21:00:00+02:00,Node_1,Node_2,cac1,0.0
2030,sc01,10-22 21:00:00+02:00,Node_2,Node_3,cac3,0.0
2030,sc01,10-22 21:00:00+02:00,Node_2,Node_3,cac2,-0.037499999999994316
2030,sc01,10-22 21:00:00+02:00,Node_1,Node_3,cac3,0.0
2030,sc01,10-22 21:00:00+02:00,Node_1,Node_3,cac2,0.0
2030,sc01,10-22 21:00:00+02:00,Node_1,Node_2,cac3,0.0
2030,sc01,10-22 21:00:00+02:00,Node_1,Node_3,eac1,-0.075
2030,sc01,10-22 21:00:00+02:00,Node_1,Node_2,cac2,0.0
2030,sc01,10-22 21:00:00+02:00,Node_2,Node_3,eac1,-0.075
2030,sc01,10-22 21:00:00+02:00,Node_2,Node_3,cac1,-0.018749999999997158
2030,sc01,10-22 21:00:00+02:00,Node_1,Node_2,eac1,-0.065625
2030,sc01,10-22 22:00:00+02:00,Node_1,Node_3,cac1,0.0
2030,sc01,10-22 22:00:00+02:00,Node_1,Node_2,cac1,0.0
2030,sc01,10-22 22:00:00+02:00,Node_2,Node_3,cac3,0.0
2030,sc01,10-22 22:00:00+02:00,Node_2,Node_3,cac2,-0.037499999999994316
2030,sc01,10-22 22:00:00+02:00,Node_1,Node_3,cac3,0.0
2030,sc01,10-22 22:00:00+02:00,Node_1,Node_3,cac2,0.0
2030,sc01,10-22 22:00:00+02:00,Node_1,Node_2,cac3,0.0
2030,sc01,10-22 22:00:00+02:00,Node_1,Node_3,eac1,-0.075
2030,sc01,10-22 22:00:00+02:00,Node_1,Node_2,cac2,0.0
2030,sc01,10-22 22:00:00+02:00,Node_2,Node_3,eac1,-0.075
2030,sc01,10-22 22:00:00+02:00,Node_2,Node_3,cac1,-0.018749999999997158
2030,sc01,10-22 22:00:00+02:00,Node_1,Node_2,eac1,-0.065625
2030,sc01,10-22 23:00:00+02:00,Node_1,Node_3,cac1,0.0
2030,sc01,10-22 23:00:00+02:00,Node_1,Node_2,cac1,0.0
2030,sc01,10-22 23:00:00+02:00,Node_2,Node_3,cac3,0.0
2030,sc01,10-22 23:00:00+02:00,Node_2,Node_3,cac2,-0.037499999999994316
2030,sc01,10-22 23:00:00+02:00,Node_1,Node_3,cac3,0.0
2030,sc01,10-22 23:00:00+02:00,Node_1,Node_3,cac2,0.0
2030,sc01,10-22 23:00:00+02:00,Node_1,Node_2,cac3,0.0
2030,sc01,10-22 23:00:00+02:00,Node_1,Node_3,eac1,-0.075
2030,sc01,10-22 23:00:00+02:00,Node_1,Node_2,cac2,0.0
2030,sc01,10-22 23:00:00+02:00,Node_2,Node_3,eac1,-0.075
2030,sc01,10-22 23:00:00+02:00,Node_2,Node_3,cac1,-0.018749999999997158
2030,sc01,10-22 23:00:00+02:00,Node_1,Node_2,eac1,-0.065625
2030,sc01,11-05 00:00:00+01:00,Node_1,Node_3,cac1,0.0
2030,sc01,11-05 00:00:00+01:00,Node_1,Node_2,cac1,0.0
2030,sc01,11-05 00:00:00+01:00,Node_2,Node_3,cac3,0.0
2030,sc01,11-05 00:00:00+01:00,Node_2,Node_3,cac2,-0.037499999999994316
2030,sc01,11-05 00:00:00+01:00,Node_1,Node_3,cac3,0.0
2030,sc01,11-05 00:00:00+01:00,Node_1,Node_3,cac2,0.0
2030,sc01,11-05 00:00:00+01:00,Node_1,Node_2,cac3,0.0
2030,sc01,11-05 00:00:00+01:00,Node_1,Node_3,eac1,-0.075
2030,sc01,11-05 00:00:00+01:00,Node_1,Node_2,cac2,0.0
2030,sc01,11-05 00:00:00+01:00,Node_2,Node_3,eac1,-0.075
2030,sc01,11-05 00:00:00+01:00,Node_2,Node_3,cac1,-0.018749999999997158
2030,sc01,11-05 00:00:00+01:00,Node_1,Node_2,eac1,-0.065625
2030,sc01,11-05 01:00:00+01:00,Node_1,Node_3,cac1,0.0
2030,sc01,11-05 01:00:00+01:00,Node_1,Node_2,cac1,0.0
2030,sc01,11-05 01:00:00+01:00,Node_2,Node_3,cac3,0.0
2030,sc01,11-05 01:00:00+01:00,Node_2,Node_3,cac2,-0.037499999999994316
2030,sc01,11-05 01:00:00+01:00,Node_1,Node_3,cac3,0.0
2030,sc01,11-05 01:00:00+01:00,Node_1,Node_3,cac2,0.0
2030,sc01,11-05 01:00:00+01:00,Node_1,Node_2,cac3,0.0
2030,sc01,11-05 01:00:00+01:00,Node_1,Node_3,eac1,-0.075
2030,sc01,11-05 01:00:00+01:00,Node_1,Node_2,cac2,0.0
2030,sc01,11-05 01:00:00+01:00,Node_2,Node_3,eac1,-0.075
2030,sc01,11-05 01:00:00+01:00,Node_2,Node_3,cac1,-0.018749999999997158
2030,sc01,11-05 01:00:00+01:00,Node_1,Node_2,eac1,-0.06282734956769787
2030,sc01,11-05 02:00:00+01:00,Node_1,Node_3,cac1,0.0
2030,sc01,11-05 02:00:00+01:00,Node_1,Node_2,cac1,0.0
2030,sc01,11-05 02:00:00+01:00,Node_2,Node_3,cac3,0.0
2030,sc01,11-05 02:00:00+01:00,Node_2,Node_3,cac2,-0.037499999999994316
2030,sc01,11-05 02:00:00+01:00,Node_1,Node_3,cac3,0.0
2030,sc01,11-05 02:00:00+01:00,Node_1,Node_3,cac2,0.0
2030,sc01,11-05 02:00:00+01:00,Node_1,Node_2,cac3,0.0
2030,sc01,11-05 02:00:00+01:00,Node_1,Node_3,eac1,-0.075
2030,sc01,11-05 02:00:00+01:00,Node_1,Node_2,cac2,0.0
2030,sc01,11-05 02:00:00+01:00,Node_2,Node_3,eac1,-0.075
2030,sc01,11-05 02:00:00+01:00,Node_2,Node_3,cac1,-0.018749999999997158
2030,sc01,11-05 02:00:00+01:00,Node_1,Node_2,eac1,-0.05997571786349454
2030,sc01,11-05 03:00:00+01:00,Node_1,Node_3,cac1,0.0
2030,sc01,11-05 03:00:00+01:00,Node_1,Node_2,cac1,0.0
2030,sc01,11-05 03:00:00+01:00,Node_2,Node_3,cac3,0.0
2030,sc01,11-05 03:00:00+01:00,Node_2,Node_3,cac2,-0.037499999999994316
2030,sc01,11-05 03:00:00+01:00,Node_1,Node_3,cac3,0.0
2030,sc01,11-05 03:00:00+01:00,Node_1,Node_3,cac2,0.0
2030,sc01,11-05 03:00:00+01:00,Node_1,Node_2,cac3,0.0
2030,sc01,11-05 03:00:00+01:00,Node_1,Node_3,eac1,-0.075
2030,sc01,11-05 03:00:00+01:00,Node_1,Node_2,cac2,0.0
2030,sc01,11-05 03:00:00+01:00,Node_2,Node_3,eac1,-0.075
2030,sc01,11-05 03:00:00+01:00,Node_2,Node_3,cac1,-0.018749999999997158
2030,sc01,11-05 03:00:00+01:00,Node_1,Node_2,eac1,-0.05999367385612686
2030,sc01,11-05 04:00:00+01:00,Node_1,Node_3,cac1,0.0
2030,sc01,11-05 04:00:00+01:00,Node_1,Node_2,cac1,0.0
2030,sc01,11-05 04:00:00+01:00,Node_2,Node_3,cac3,0.0
2030,sc01,11-05 04:00:00+01:00,Node_2,Node_3,cac2,-0.037499999999994316
2030,sc01,11-05 04:00:00+01:00,Node_1,Node_3,cac3,0.0
2030,sc01,11-05 04:00:00+01:00,Node_1,Node_3,cac2,0.0
2030,sc01,11-05 04:00:00+01:00,Node_1,Node_2,cac3,0.0
2030,sc01,11-05 04:00:00+01:00,Node_1,Node_3,eac1,-0.075
2030,sc01,11-05 04:00:00+01:00,Node_1,Node_2,cac2,0.0
2030,sc01,11-05 04:00:00+01:00,Node_2,Node_3,eac1,-0.075
2030,sc01,11-05 04:00:00+01:00,Node_2,Node_3,cac1,-0.018749999999997158
2030,sc01,11-05 04:00:00+01:00,Node_1,Node_2,eac1,-0.06269741804936071
2030,sc01,11-05 05:00:00+01:00,Node_1,Node_3,cac1,0.0
2030,sc01,11-05 05:00:00+01:00,Node_1,Node_2,cac1,0.0
2030,sc01,11-05 05:00:00+01:00,Node_2,Node_3,cac3,0.0
2030,sc01,11-05 05:00:00+01:00,Node_2,Node_3,cac2,-0.037499999999994316
2030,sc01,11-05 05:00:00+01:00,Node_1,Node_3,cac3,0.0
2030,sc01,11-05 05:00:00+01:00,Node_1,Node_3,cac2,0.0
2030,sc01,11-05 05:00:00+01:00,Node_1,Node_2,cac3,0.0
2030,sc01,11-05 05:00:00+01:00,Node_1,Node_3,eac1,-0.075
2030,sc01,11-05 05:00:00+01:00,Node_1,Node_2,cac2,0.0
2030,sc01,11-05 05:00:00+01:00,Node_2,Node_3,eac1,-0.075
2030,sc01,11-05 05:00:00+01:00,Node_2,Node_3,cac1,-0.018749999999997158
2030,sc01,11-05 05:00:00+01:00,Node_1,Node_2,eac1,-0.065625
2030,sc01,11-05 06:00:00+01:00,Node_1,Node_3,cac1,0.0
2030,sc01,11-05 06:00:00+01:00,Node_1,Node_2,cac1,0.0
2030,sc01,11-05 06:00:00+01:00,Node_2,Node_3,cac3,0.0
2030,sc01,11-05 06:00:00+01:00,Node_2,Node_3,cac2,-0.037499999999994316
2030,sc01,11-05 06:00:00+01:00,Node_1,Node_3,cac3,0.0
2030,sc01,11-05 06:00:00+01:00,Node_1,Node_3,cac2,0.0
2030,sc01,11-05 06:00:00+01:00,Node_1,Node_2,cac3,0.0
2030,sc01,11-05 06:00:00+01:00,Node_1,Node_3,eac1,-0.075
2030,sc01,11-05 06:00:00+01:00,Node_1,Node_2,cac2,0.0
2030,sc01,11-05 06:00:00+01:00,Node_2,Node_3,eac1,-0.075
2030,sc01,11-05 06:00:00+01:00,Node_2,Node_3,cac1,-0.018749999999997158
2030,sc01,11-05 06:00:00+01:00,Node_1,Node_2,eac1,-0.065625
2030,sc01,11-05 07:00:00+01:00,Node_1,Node_3,cac1,0.0
2030,sc01,11-05 07:00:00+01:00,Node_1,Node_2,cac1,0.0
2030,sc01,11-05 07:00:00+01:00,Node_2,Node_3,cac3,0.0
2030,sc01,11-05 07:00:00+01:00,Node_2,Node_3,cac2,-0.037499999999994316
2030,sc01,11-05 07:00:00+01:00,Node_1,Node_3,cac3,0.0
2030,sc01,11-05 07:00:00+01:00,Node_1,Node_3,cac2,0.0
2030,sc01,11-05 07:00:00+01:00,Node_1,Node_2,cac3,0.0
2030,sc01,11-05 07:00:00+01:00,Node_1,Node_3,eac1,-0.075
2030,sc01,11-05 07:00:00+01:00,Node_1,Node_2,cac2,0.0
2030,sc01,11-05 07:00:00+01:00,Node_2,Node_3,eac1,-0.075
2030,sc01,11-05 07:00:00+01:00,Node_2,Node_3,cac1,-0.018749999999997158
2030,sc01,11-05 07:00:00+01:00,Node_1,Node_2,eac1,-0.065625
2030,sc01,11-05 08:00:00+01:00,Node_1,Node_3,cac1,0.0
2030,sc01,11-05 08:00:00+01:00,Node_1,Node_2,cac1,0.0
2030,sc01,11-05 08:00:00+01:00,Node_2,Node_3,cac3,0.0
2030,sc01,11-05 08:00:00+01:00,Node_2,Node_3,cac2,-0.037499999999994316
2030,sc01,11-05 08:00:00+01:00,Node_1,Node_3,cac3,0.0
2030,sc01,11-05 08:00:00+01:00,Node_1,Node_3,cac2,0.0
2030,sc01,11-05 08:00:00+01:00,Node_1,Node_2,cac3,0.0
2030,sc01,11-05 08:00:00+01:00,Node_1,Node_3,eac1,-0.075
2030,sc01,11-05 08:00:00+01:00,Node_1,Node_2,cac2,0.0
2030,sc01,11-05 08:00:00+01:00,Node_2,Node_3,eac1,-0.075
2030,sc01,11-05 08:00:00+01:00,Node_2,Node_3,cac1,-0.018749999999997158
2030,sc01,11-05 08:00:00+01:00,Node_1,Node_2,eac1,-0.065625
2030,sc01,11-05 09:00:00+01:00,Node_1,Node_3,cac1,0.0
2030,sc01,11-05 09:00:00+01:00,Node_1,Node_2,cac1,0.0
2030,sc01,11-05 09:00:00+01:00,Node_2,Node_3,cac3,0.0
2030,sc01,11-05 09:00:00+01:00,Node_2,Node_3,cac2,-0.037499999999994316
2030,sc01,11-05 09:00:00+01:00,Node_1,Node_3,cac3,0.0
2030,sc01,11-05 09:00:00+01:00,Node_1,Node_3,cac2,0.0
2030,sc01,11-05 09:00:00+01:00,Node_1,Node_2,cac3,0.0
2030,sc01,11-05 09:00:00+01:00,Node_1,Node_3,eac1,-0.075
2030,sc01,11-05 09:00:00+01:00,Node_1,Node_2,cac2,0.0
2030,sc01,11-05 09:00:00+01:00,Node_2,Node_3,eac1,-0.075
2030,sc01,11-05 09:00:00+01:00,Node_2,Node_3,cac1,-0.018749999999997158
2030,sc01,11-05 09:00:00+01:00,Node_1,Node_2,eac1,-0.065625
2030,sc01,11-05 10:00:00+01:00,Node_1,Node_3,cac1,0.0
2030,sc01,11-05 10:00:00+01:00,Node_1,Node_2,cac1,0.0
2030,sc01,11-05 10:00:00+01:00,Node_2,Node_3,cac3,0.0
2030,sc01,11-05 10:00:00+01:00,Node_2,Node_3,cac2,-0.037499999999994316
2030,sc01,11-05 10:00:00+01:00,Node_1,Node_3,cac3,0.0
2030,sc01,11-05 10:00:00+01:00,Node_1,Node_3,cac2,0.0
2030,sc01,11-05 10:00:00+01:00,Node_1,Node_2,cac3,0.0
2030,sc01,11-05 10:00:00+01:00,Node_1,Node_3,eac1,-0.075
2030,sc01,11-05 10:00:00+01:00,Node_1,Node_2,cac2,0.0
2030,sc01,11-05 10:00:00+01:00,Node_2,Node_3,eac1,-0.075
2030,sc01,11-05 10:00:00+01:00,Node_2,Node_3,cac1,-0.018749999999997158
2030,sc01,11-05 10:00:00+01:00,Node_1,Node_2,eac1,-0.065625
2030,sc01,11-05 11:00:00+01:00,Node_1,Node_3,cac1,0.0
2030,sc01,11-05 11:00:00+01:00,Node_1,Node_2,cac1,0.0
2030,sc01,11-05 11:00:00+01:00,Node_2,Node_3,cac3,0.0
2030,sc01,11-05 11:00:00+01:00,Node_2,Node_3,cac2,-0.037499999999994316
2030,sc01,11-05 11:00:00+01:00,Node_1,Node_3,cac3,0.0
2030,sc01,11-05 11:00:00+01:00,Node_1,Node_3,cac2,0.0
2030,sc01,11-05 11:00:00+01:00,Node_1,Node_2,cac3,0.0
2030,sc01,11-05 11:00:00+01:00,Node_1,Node_3,eac1,-0.075
2030,sc01,11-05 11:00:00+01:00,Node_1,Node_2,cac2,0.0
2030,sc01,11-05 11:00:00+01:00,Node_2,Node_3,eac1,-0.075
2030,sc01,11-05 11:00:00+01:00,Node_2,Node_3,cac1,-0.018749999999997158
2030,sc01,11-05 11:00:00+01:00,Node_1,Node_2,eac1,-0.065625
2030,sc01,11-05 12:00:00+01:00,Node_1,Node_3,cac1,0.0
2030,sc01,11-05 12:00:00+01:00,Node_1,Node_2,cac1,0.0
2030,sc01,11-05 12:00:00+01:00,Node_2,Node_3,cac3,0.0
2030,sc01,11-05 12:00:00+01:00,Node_2,Node_3,cac2,-0.037499999999994316
2030,sc01,11-05 12:00:00+01:00,Node_1,Node_3,cac3,0.0
2030,sc01,11-05 12:00:00+01:00,Node_1,Node_3,cac2,0.0
2030,sc01,11-05 12:00:00+01:00,Node_1,Node_2,cac3,0.0
2030,sc01,11-05 12:00:00+01:00,Node_1,Node_3,eac1,-0.075
2030,sc01,11-05 12:00:00+01:00,Node_1,Node_2,cac2,0.0
2030,sc01,11-05 12:00:00+01:00,Node_2,Node_3,eac1,-0.075
2030,sc01,11-05 12:00:00+01:00,Node_2,Node_3,cac1,-0.018749999999997158
2030,sc01,11-05 12:00:00+01:00,Node_1,Node_2,eac1,-0.065625
2030,sc01,11-05 13:00:00+01:00,Node_1,Node_3,cac1,0.0
2030,sc01,11-05 13:00:00+01:00,Node_1,Node_2,cac1,0.0
2030,sc01,11-05 13:00:00+01:00,Node_2,Node_3,cac3,0.0
2030,sc01,11-05 13:00:00+01:00,Node_2,Node_3,cac2,-0.037499999999994316
2030,sc01,11-05 13:00:00+01:00,Node_1,Node_3,cac3,0.0
2030,sc01,11-05 13:00:00+01:00,Node_1,Node_3,cac2,0.0
2030,sc01,11-05 13:00:00+01:00,Node_1,Node_2,cac3,0.0
2030,sc01,11-05 13:00:00+01:00,Node_1,Node_3,eac1,-0.075
2030,sc01,11-05 13:00:00+01:00,Node_1,Node_2,cac2,0.0
2030,sc01,11-05 13:00:00+01:00,Node_2,Node_3,eac1,-0.075
2030,sc01,11-05 13:00:00+01:00,Node_2,Node_3,cac1,-0.018749999999997158
2030,sc01,11-05 13:00:00+01:00,Node_1,Node_2,eac1,-0.065625
2030,sc01,11-05 14:00:00+01:00,Node_1,Node_3,cac1,0.0
2030,sc01,11-05 14:00:00+01:00,Node_1,Node_2,cac1,0.0
2030,sc01,11-05 14:00:00+01:00,Node_2,Node_3,cac3,0.0
2030,sc01,11-05 14:00:00+01:00,Node_2,Node_3,cac2,-0.037499999999994316
2030,sc01,11-05 14:00:00+01:00,Node_1,Node_3,cac3,0.0
2030,sc01,11-05 14:00:00+01:00,Node_1,Node_3,cac2,0.0
2030,sc01,11-05 14:00:00+01:00,Node_1,Node_2,cac3,0.0
2030,sc01,11-05 14:00:00+01:00,Node_1,Node_3,eac1,-0.075
2030,sc01,11-05 14:00:00+01:00,Node_1,Node_2,cac2,0.0
2030,sc01,11-05 14:00:00+01:00,Node_2,Node_3,eac1,-0.075
2030,sc01,11-05 14:00:00+01:00,Node_2,Node_3,cac1,-0.018749999999997158
2030,sc01,11-05 14:00:00+01:00,Node_1,Node_2,eac1,-0.065625
2030,sc01,11-05 15:00:00+01:00,Node_1,Node_3,cac1,0.0
2030,sc01,11-05 15:00:00+01:00,Node_1,Node_2,cac1,0.0
2030,sc01,11-05 15:00:00+01:00,Node_2,Node_3,cac3,0.0
2030,sc01,11-05 15:00:00+01:00,Node_2,Node_3,cac2,-0.037499999999994316
2030,sc01,11-05 15:00:00+01:00,Node_1,Node_3,cac3,0.0
2030,sc01,11-05 15:00:00+01:00,Node_1,Node_3,cac2,0.0
2030,sc01,11-05 15:00:00+01:00,Node_1,Node_2,cac3,0.0
2030,sc01,11-05 15:00:00+01:00,Node_1,Node_3,eac1,-0.075
2030,sc01,11-05 15:00:00+01:00,Node_1,Node_2,cac2,0.0
2030,sc01,11-05 15:00:00+01:00,Node_2,Node_3,eac1,-0.075
2030,sc01,11-05 15:00:00+01:00,Node_2,Node_3,cac1,-0.018749999999997158
2030,sc01,11-05 15:00:00+01:00,Node_1,Node_2,eac1,-0.065625
2030,sc01,11-05 16:00:00+01:00,Node_1,Node_3,cac1,0.0
2030,sc01,11-05 16:00:00+01:00,Node_1,Node_2,cac1,0.0
2030,sc01,11-05 16:00:00+01:00,Node_2,Node_3,cac3,0.0
2030,sc01,11-05 16:00:00+01:00,Node_2,Node_3,cac2,-0.037499999999994316
2030,sc01,11-05 16:00:00+01:00,Node_1,Node_3,cac3,0.0
2030,sc01,11-05 16:00:00+01:00,Node_1,Node_3,cac2,0.0
2030,sc01,11-05 16:00:00+01:00,Node_1,Node_2,cac3,0.0
2030,sc01,11-05 16:00:00+01:00,Node_1,Node_3,eac1,-0.075
2030,sc01,11-05 16:00:00+01:00,Node_1,Node_2,cac2,0.0
2030,sc01,11-05 16:00:00+01:00,Node_2,Node_3,eac1,-0.075
2030,sc01,11-05 16:00:00+01:00,Node_2,Node_3,cac1,-0.018749999999997158
2030,sc01,11-05 16:00:00+01:00,Node_1,Node_2,eac1,-0.065625
2030,sc01,11-05 17:00:00+01:00,Node_1,Node_3,cac1,0.0
2030,sc01,11-05 17:00:00+01:00,Node_1,Node_2,cac1,0.0
2030,sc01,11-05 17:00:00+01:00,Node_2,Node_3,cac3,0.0
2030,sc01,11-05 17:00:00+01:00,Node_2,Node_3,cac2,-0.037499999999994316
2030,sc01,11-05 17:00:00+01:00,Node_1,Node_3,cac3,0.0
2030,sc01,11-05 17:00:00+01:00,Node_1,Node_3,cac2,0.0
2030,sc01,11-05 17:00:00+01:00,Node_1,Node_2,cac3,0.0
2030,sc01,11-05 17:00:00+01:00,Node_1,Node_3,eac1,-0.075
2030,sc01,11-05 17:00:00+01:00,Node_1,Node_2,cac2,0.0
2030,sc01,11-05 17:00:00+01:00,Node_2,Node_3,eac1,-0.075
2030,sc01,11-05 17:00:00+01:00,Node_2,Node_3,cac1,-0.018749999999997158
2030,sc01,11-05 17:00:00+01:00,Node_1,Node_2,eac1,-0.065625
2030,sc01,11-05 18:00:00+01:00,Node_1,Node_3,cac1,0.0
2030,sc01,11-05 18:00:00+01:00,Node_1,Node_2,cac1,0.0
2030,sc01,11-05 18:00:00+01:00,Node_2,Node_3,cac3,0.0
2030,sc01,11-05 18:00:00+01:00,Node_2,Node_3,cac2,-0.037499999999994316
2030,sc01,11-05 18:00:00+01:00,Node_1,Node_3,cac3,0.0
2030,sc01,11-05 18:00:00+01:00,Node_1,Node_3,cac2,0.0
2030,sc01,11-05 18:00:00+01:00,Node_1,Node_2,cac3,0.0
2030,sc01,11-05 18:00:00+01:00,Node_1,Node_3,eac1,-0.075
2030,sc01,11-05 18:00:00+01:00,Node_1,Node_2,cac2,0.0
2030,sc01,11-05 18:00:00+01:00,Node_2,Node_3,eac1,-0.075
2030,sc01,11-05 18:00:00+01:00,Node_2,Node_3,cac1,-0.018749999999997158
2030,sc01,11-05 18:00:00+01:00,Node_1,Node_2,eac1,-0.065625
2030,sc01,11-05 19:00:00+01:00,Node_1,Node_3,cac1,0.0
2030,sc01,11-05 19:00:00+01:00,Node_1,Node_2,cac1,0.0
2030,sc01,11-05 19:00:00+01:00,Node_2,Node_3,cac3,0.0
2030,sc01,11-05 19:00:00+01:00,Node_2,Node_3,cac2,-0.037499999999994316
2030,sc01,11-05 19:00:00+01:00,Node_1,Node_3,cac3,0.0
2030,sc01,11-05 19:00:00+01:00,Node_1,Node_3,cac2,0.0
2030,sc01,11-05 19:00:00+01:00,Node_1,Node_2,cac3,0.0
2030,sc01,11-05 19:00:00+01:00,Node_1,Node_3,eac1,-0.075
2030,sc01,11-05 19:00:00+01:00,Node_1,Node_2,cac2,0.0
2030,sc01,11-05 19:00:00+01:00,Node_2,Node_3,eac1,-0.075
2030,sc01,11-05 19:00:00+01:00,Node_2,Node_3,cac1,-0.018749999999997158
2030,sc01,11-05 19:00:00+01:00,Node_1,Node_2,eac1,-0.065625
2030,sc01,11-05 20:00:00+01:00,Node_1,Node_3,cac1,0.0
2030,sc01,11-05 20:00:00+01:00,Node_1,Node_2,cac1,0.0
2030,sc01,11-05 20:00:00+01:00,Node_2,Node_3,cac3,0.0
2030,sc01,11-05 20:00:00+01:00,Node_2,Node_3,cac2,-0.037499999999994316
2030,sc01,11-05 20:00:00+01:00,Node_1,Node_3,cac3,0.0
2030,sc01,11-05 20:00:00+01:00,Node_1,Node_3,cac2,0.0
2030,sc01,11-05 20:00:00+01:00,Node_1,Node_2,cac3,0.0
2030,sc01,11-05 20:00:00+01:00,Node_1,Node_3,eac1,-0.075
2030,sc01,11-05 20:00:00+01:00,Node_1,Node_2,cac2,0.0
2030,sc01,11-05 20:00:00+01:00,Node_2,Node_3,eac1,-0.075
2030,sc01,11-05 20:00:00+01:00,Node_2,Node_3,cac1,-0.018749999999997158
2030,sc01,11-05 20:00:00+01:00,Node_1,Node_2,eac1,-0.065625
2030,sc01,11-05 21:00:00+01:00,Node_1,Node_3,cac1,0.0
2030,sc01,11-05 21:00:00+01:00,Node_1,Node_2,cac1,0.0
2030,sc01,11-05 21:00:00+01:00,Node_2,Node_3,cac3,0.0
2030,sc01,11-05 21:00:00+01:00,Node_2,Node_3,cac2,-0.037499999999994316
2030,sc01,11-05 21:00:00+01:00,Node_1,Node_3,cac3,0.0
2030,sc01,11-05 21:00:00+01:00,Node_1,Node_3,cac2,0.0
2030,sc01,11-05 21:00:00+01:00,Node_1,Node_2,cac3,0.0
2030,sc01,11-05 21:00:00+01:00,Node_1,Node_3,eac1,-0.075
2030,sc01,11-05 21:00:00+01:00,Node_1,Node_2,cac2,0.0
2030,sc01,11-05 21:00:00+01:00,Node_2,Node_3,eac1,-0.075
2030,sc01,11-05 21:00:00+01:00,Node_2,Node_3,cac1,-0.018749999999997158
2030,sc01,11-05 21:00:00+01:00,Node_1,Node_2,eac1,-0.065625
2030,sc01,11-05 22:00:00+01:00,Node_1,Node_3,cac1,0.0
2030,sc01,11-05 22:00:00+01:00,Node_1,Node_2,cac1,0.0
2030,sc01,11-05 22:00:00+01:00,Node_2,Node_3,cac3,0.0
2030,sc01,11-05 22:00:00+01:00,Node_2,Node_3,cac2,-0.037499999999994316
2030,sc01,11-05 22:00:00+01:00,Node_1,Node_3,cac3,0.0
2030,sc01,11-05 22:00:00+01:00,Node_1,Node_3,cac2,0.0
2030,sc01,11-05 22:00:00+01:00,Node_1,Node_2,cac3,0.0
2030,sc01,11-05 22:00:00+01:00,Node_1,Node_3,eac1,-0.075
2030,sc01,11-05 22:00:00+01:00,Node_1,Node_2,cac2,0.0
2030,sc01,11-05 22:00:00+01:00,Node_2,Node_3,eac1,-0.075
2030,sc01,11-05 22:00:00+01:00,Node_2,Node_3,cac1,-0.018749999999997158
2030,sc01,11-05 22:00:00+01:00,Node_1,Node_2,eac1,-0.065625
2030,sc01,11-05 23:00:00+01:00,Node_1,Node_3,cac1,0.0
2030,sc01,11-05 23:00:00+01:00,Node_1,Node_2,cac1,0.0
2030,sc01,11-05 23:00:00+01:00,Node_2,Node_3,cac3,0.0
2030,sc01,11-05 23:00:00+01:00,Node_2,Node_3,cac2,-0.037499999999994316
2030,sc01,11-05 23:00:00+01:00,Node_1,Node_3,cac3,0.0
2030,sc01,11-05 23:00:00+01:00,Node_1,Node_3,cac2,0.0
2030,sc01,11-05 23:00:00+01:00,Node_1,Node_2,cac3,0.0
2030,sc01,11-05 23:00:00+01:00,Node_1,Node_3,eac1,-0.075
2030,sc01,11-05 23:00:00+01:00,Node_1,Node_2,cac2,0.0
2030,sc01,11-05 23:00:00+01:00,Node_2,Node_3,eac1,-0.075
2030,sc01,11-05 23:00:00+01:00,Node_2,Node_3,cac1,-0.018749999999997158
2030,sc01,11-05 23:00:00+01:00,Node_1,Node_2,eac1,-0.065625
2030,sc01,11-17 00:00:00+01:00,Node_1,Node_3,cac1,0.0
2030,sc01,11-17 00:00:00+01:00,Node_1,Node_2,cac1,0.0
2030,sc01,11-17 00:00:00+01:00,Node_2,Node_3,cac3,0.0
2030,sc01,11-17 00:00:00+01:00,Node_2,Node_3,cac2,-0.037499999999994316
2030,sc01,11-17 00:00:00+01:00,Node_1,Node_3,cac3,0.0
2030,sc01,11-17 00:00:00+01:00,Node_1,Node_3,cac2,0.0
2030,sc01,11-17 00:00:00+01:00,Node_1,Node_2,cac3,0.0
2030,sc01,11-17 00:00:00+01:00,Node_1,Node_3,eac1,-0.075
2030,sc01,11-17 00:00:00+01:00,Node_1,Node_2,cac2,0.0
2030,sc01,11-17 00:00:00+01:00,Node_2,Node_3,eac1,-0.075
2030,sc01,11-17 00:00:00+01:00,Node_2,Node_3,cac1,-0.018749999999997158
2030,sc01,11-17 00:00:00+01:00,Node_1,Node_2,eac1,-0.065625
2030,sc01,11-17 01:00:00+01:00,Node_1,Node_3,cac1,0.0
2030,sc01,11-17 01:00:00+01:00,Node_1,Node_2,cac1,0.0
2030,sc01,11-17 01:00:00+01:00,Node_2,Node_3,cac3,0.0
2030,sc01,11-17 01:00:00+01:00,Node_2,Node_3,cac2,-0.037499999999994316
2030,sc01,11-17 01:00:00+01:00,Node_1,Node_3,cac3,0.0
2030,sc01,11-17 01:00:00+01:00,Node_1,Node_3,cac2,0.0
2030,sc01,11-17 01:00:00+01:00,Node_1,Node_2,cac3,0.0
2030,sc01,11-17 01:00:00+01:00,Node_1,Node_3,eac1,-0.075
2030,sc01,11-17 01:00:00+01:00,Node_1,Node_2,cac2,0.0
2030,sc01,11-17 01:00:00+01:00,Node_2,Node_3,eac1,-0.075
2030,sc01,11-17 01:00:00+01:00,Node_2,Node_3,cac1,-0.018749999999997158
2030,sc01,11-17 01:00:00+01:00,Node_1,Node_2,eac1,-0.065625
2030,sc01,11-17 02:00:00+01:00,Node_1,Node_3,cac1,0.0
2030,sc01,11-17 02:00:00+01:00,Node_1,Node_2,cac1,0.0
2030,sc01,11-17 02:00:00+01:00,Node_2,Node_3,cac3,0.0
2030,sc01,11-17 02:00:00+01:00,Node_2,Node_3,cac2,-0.037499999999994316
2030,sc01,11-17 02:00:00+01:00,Node_1,Node_3,cac3,0.0
2030,sc01,11-17 02:00:00+01:00,Node_1,Node_3,cac2,0.0
2030,sc01,11-17 02:00:00+01:00,Node_1,Node_2,cac3,0.0
2030,sc01,11-17 02:00:00+01:00,Node_1,Node_3,eac1,-0.075
2030,sc01,11-17 02:00:00+01:00,Node_1,Node_2,cac2,0.0
2030,sc01,11-17 02:00:00+01:00,Node_2,Node_3,eac1,-0.075
2030,sc01,11-17 02:00:00+01:00,Node_2,Node_3,cac1,-0.018749999999997158
2030,sc01,11-17 02:00:00+01:00,Node_1,Node_2,eac1,-0.065625
2030,sc01,11-17 03:00:00+01:00,Node_1,Node_3,cac1,0.0
2030,sc01,11-17 03:00:00+01:00,Node_1,Node_2,cac1,0.0
2030,sc01,11-17 03:00:00+01:00,Node_2,Node_3,cac3,0.0
2030,sc01,11-17 03:00:00+01:00,Node_2,Node_3,cac2,-0.037499999999994316
2030,sc01,11-17 03:00:00+01:00,Node_1,Node_3,cac3,0.0
2030,sc01,11-17 03:00:00+01:00,Node_1,Node_3,cac2,0.0
2030,sc01,11-17 03:00:00+01:00,Node_1,Node_2,cac3,0.0
2030,sc01,11-17 03:00:00+01:00,Node_1,Node_3,eac1,-0.075
2030,sc01,11-17 03:00:00+01:00,Node_1,Node_2,cac2,0.0
2030,sc01,11-17 03:00:00+01:00,Node_2,Node_3,eac1,-0.075
2030,sc01,11-17 03:00:00+01:00,Node_2,Node_3,cac1,-0.018749999999997158
2030,sc01,11-17 03:00:00+01:00,Node_1,Node_2,eac1,-0.065625
2030,sc01,11-17 04:00:00+01:00,Node_1,Node_3,cac1,0.0
2030,sc01,11-17 04:00:00+01:00,Node_1,Node_2,cac1,0.0
2030,sc01,11-17 04:00:00+01:00,Node_2,Node_3,cac3,0.0
2030,sc01,11-17 04:00:00+01:00,Node_2,Node_3,cac2,-0.037499999999994316
2030,sc01,11-17 04:00:00+01:00,Node_1,Node_3,cac3,0.0
2030,sc01,11-17 04:00:00+01:00,Node_1,Node_3,cac2,0.0
2030,sc01,11-17 04:00:00+01:00,Node_1,Node_2,cac3,0.0
2030,sc01,11-17 04:00:00+01:00,Node_1,Node_3,eac1,-0.075
2030,sc01,11-17 04:00:00+01:00,Node_1,Node_2,cac2,0.0
2030,sc01,11-17 04:00:00+01:00,Node_2,Node_3,eac1,-0.075
2030,sc01,11-17 04:00:00+01:00,Node_2,Node_3,cac1,-0.018749999999997158
2030,sc01,11-17 04:00:00+01:00,Node_1,Node_2,eac1,-0.065625
2030,sc01,11-17 05:00:00+01:00,Node_1,Node_3,cac1,0.0
2030,sc01,11-17 05:00:00+01:00,Node_1,Node_2,cac1,0.0
2030,sc01,11-17 05:00:00+01:00,Node_2,Node_3,cac3,0.0
2030,sc01,11-17 05:00:00+01:00,Node_2,Node_3,cac2,-0.037499999999994316
2030,sc01,11-17 05:00:00+01:00,Node_1,Node_3,cac3,0.0
2030,sc01,11-17 05:00:00+01:00,Node_1,Node_3,cac2,0.0
2030,sc01,11-17 05:00:00+01:00,Node_1,Node_2,cac3,0.0
2030,sc01,11-17 05:00:00+01:00,Node_1,Node_3,eac1,-0.075
2030,sc01,11-17 05:00:00+01:00,Node_1,Node_2,cac2,0.0
2030,sc01,11-17 05:00:00+01:00,Node_2,Node_3,eac1,-0.075
2030,sc01,11-17 05:00:00+01:00,Node_2,Node_3,cac1,-0.018749999999997158
2030,sc01,11-17 05:00:00+01:00,Node_1,Node_2,eac1,-0.065625
2030,sc01,11-17 06:00:00+01:00,Node_1,Node_3,cac1,0.0
2030,sc01,11-17 06:00:00+01:00,Node_1,Node_2,cac1,0.0
2030,sc01,11-17 06:00:00+01:00,Node_2,Node_3,cac3,0.0
2030,sc01,11-17 06:00:00+01:00,Node_2,Node_3,cac2,-0.037499999999994316
2030,sc01,11-17 06:00:00+01:00,Node_1,Node_3,cac3,0.0
2030,sc01,11-17 06:00:00+01:00,Node_1,Node_3,cac2,0.0
2030,sc01,11-17 06:00:00+01:00,Node_1,Node_2,cac3,0.0
2030,sc01,11-17 06:00:00+01:00,Node_1,Node_3,eac1,-0.075
2030,sc01,11-17 06:00:00+01:00,Node_1,Node_2,cac2,0.0
2030,sc01,11-17 06:00:00+01:00,Node_2,Node_3,eac1,-0.075
2030,sc01,11-17 06:00:00+01:00,Node_2,Node_3,cac1,-0.018749999999997158
2030,sc01,11-17 06:00:00+01:00,Node_1,Node_2,eac1,-0.065625
2030,sc01,11-17 07:00:00+01:00,Node_1,Node_3,cac1,0.0
2030,sc01,11-17 07:00:00+01:00,Node_1,Node_2,cac1,0.0
2030,sc01,11-17 07:00:00+01:00,Node_2,Node_3,cac3,0.0
2030,sc01,11-17 07:00:00+01:00,Node_2,Node_3,cac2,-0.037499999999994316
2030,sc01,11-17 07:00:00+01:00,Node_1,Node_3,cac3,0.0
2030,sc01,11-17 07:00:00+01:00,Node_1,Node_3,cac2,0.0
2030,sc01,11-17 07:00:00+01:00,Node_1,Node_2,cac3,0.0
2030,sc01,11-17 07:00:00+01:00,Node_1,Node_3,eac1,-0.075
2030,sc01,11-17 07:00:00+01:00,Node_1,Node_2,cac2,0.0
2030,sc01,11-17 07:00:00+01:00,Node_2,Node_3,eac1,-0.075
2030,sc01,11-17 07:00:00+01:00,Node_2,Node_3,cac1,-0.018749999999997158
2030,sc01,11-17 07:00:00+01:00,Node_1,Node_2,eac1,-0.065625
2030,sc01,11-17 08:00:00+01:00,Node_1,Node_3,cac1,0.0
2030,sc01,11-17 08:00:00+01:00,Node_1,Node_2,cac1,0.0
2030,sc01,11-17 08:00:00+01:00,Node_2,Node_3,cac3,0.0
2030,sc01,11-17 08:00:00+01:00,Node_2,Node_3,cac2,-0.037499999999994316
2030,sc01,11-17 08:00:00+01:00,Node_1,Node_3,cac3,0.0
2030,sc01,11-17 08:00:00+01:00,Node_1,Node_3,cac2,0.0
2030,sc01,11-17 08:00:00+01:00,Node_1,Node_2,cac3,0.0
2030,sc01,11-17 08:00:00+01:00,Node_1,Node_3,eac1,-0.075
2030,sc01,11-17 08:00:00+01:00,Node_1,Node_2,cac2,0.0
2030,sc01,11-17 08:00:00+01:00,Node_2,Node_3,eac1,-0.075
2030,sc01,11-17 08:00:00+01:00,Node_2,Node_3,cac1,-0.018749999999997158
2030,sc01,11-17 08:00:00+01:00,Node_1,Node_2,eac1,-0.065625
2030,sc01,11-17 09:00:00+01:00,Node_1,Node_3,cac1,0.0
2030,sc01,11-17 09:00:00+01:00,Node_1,Node_2,cac1,0.0
2030,sc01,11-17 09:00:00+01:00,Node_2,Node_3,cac3,0.0
2030,sc01,11-17 09:00:00+01:00,Node_2,Node_3,cac2,-0.037499999999994316
2030,sc01,11-17 09:00:00+01:00,Node_1,Node_3,cac3,0.0
2030,sc01,11-17 09:00:00+01:00,Node_1,Node_3,cac2,0.0
2030,sc01,11-17 09:00:00+01:00,Node_1,Node_2,cac3,0.0
2030,sc01,11-17 09:00:00+01:00,Node_1,Node_3,eac1,-0.075
2030,sc01,11-17 09:00:00+01:00,Node_1,Node_2,cac2,0.0
2030,sc01,11-17 09:00:00+01:00,Node_2,Node_3,eac1,-0.075
2030,sc01,11-17 09:00:00+01:00,Node_2,Node_3,cac1,-0.018749999999997158
2030,sc01,11-17 09:00:00+01:00,Node_1,Node_2,eac1,-0.065625
2030,sc01,11-17 10:00:00+01:00,Node_1,Node_3,cac1,0.0
2030,sc01,11-17 10:00:00+01:00,Node_1,Node_2,cac1,0.0
2030,sc01,11-17 10:00:00+01:00,Node_2,Node_3,cac3,0.0
2030,sc01,11-17 10:00:00+01:00,Node_2,Node_3,cac2,-0.037499999999994316
2030,sc01,11-17 10:00:00+01:00,Node_1,Node_3,cac3,0.0
2030,sc01,11-17 10:00:00+01:00,Node_1,Node_3,cac2,0.0
2030,sc01,11-17 10:00:00+01:00,Node_1,Node_2,cac3,0.0
2030,sc01,11-17 10:00:00+01:00,Node_1,Node_3,eac1,-0.075
2030,sc01,11-17 10:00:00+01:00,Node_1,Node_2,cac2,0.0
2030,sc01,11-17 10:00:00+01:00,Node_2,Node_3,eac1,-0.075
2030,sc01,11-17 10:00:00+01:00,Node_2,Node_3,cac1,-0.018749999999997158
2030,sc01,11-17 10:00:00+01:00,Node_1,Node_2,eac1,-0.065625
2030,sc01,11-17 11:00:00+01:00,Node_1,Node_3,cac1,0.0
2030,sc01,11-17 11:00:00+01:00,Node_1,Node_2,cac1,0.0
2030,sc01,11-17 11:00:00+01:00,Node_2,Node_3,cac3,0.0
2030,sc01,11-17 11:00:00+01:00,Node_2,Node_3,cac2,-0.037499999999994316
2030,sc01,11-17 11:00:00+01:00,Node_1,Node_3,cac3,0.0
2030,sc01,11-17 11:00:00+01:00,Node_1,Node_3,cac2,0.0
2030,sc01,11-17 11:00:00+01:00,Node_1,Node_2,cac3,0.0
2030,sc01,11-17 11:00:00+01:00,Node_1,Node_3,eac1,-0.075
2030,sc01,11-17 11:00:00+01:00,Node_1,Node_2,cac2,0.0
2030,sc01,11-17 11:00:00+01:00,Node_2,Node_3,eac1,-0.075
2030,sc01,11-17 11:00:00+01:00,Node_2,Node_3,cac1,-0.018749999999997158
2030,sc01,11-17 11:00:00+01:00,Node_1,Node_2,eac1,-0.065625
2030,sc01,11-17 12:00:00+01:00,Node_1,Node_3,cac1,0.0
2030,sc01,11-17 12:00:00+01:00,Node_1,Node_2,cac1,0.0
2030,sc01,11-17 12:00:00+01:00,Node_2,Node_3,cac3,0.0
2030,sc01,11-17 12:00:00+01:00,Node_2,Node_3,cac2,-0.037499999999994316
2030,sc01,11-17 12:00:00+01:00,Node_1,Node_3,cac3,0.0
2030,sc01,11-17 12:00:00+01:00,Node_1,Node_3,cac2,0.0
2030,sc01,11-17 12:00:00+01:00,Node_1,Node_2,cac3,0.0
2030,sc01,11-17 12:00:00+01:00,Node_1,Node_3,eac1,-0.075
2030,sc01,11-17 12:00:00+01:00,Node_1,Node_2,cac2,0.0
2030,sc01,11-17 12:00:00+01:00,Node_2,Node_3,eac1,-0.075
2030,sc01,11-17 12:00:00+01:00,Node_2,Node_3,cac1,-0.018749999999997158
2030,sc01,11-17 12:00:00+01:00,Node_1,Node_2,eac1,-0.065625
2030,sc01,11-17 13:00:00+01:00,Node_1,Node_3,cac1,0.0
2030,sc01,11-17 13:00:00+01:00,Node_1,Node_2,cac1,0.0
2030,sc01,11-17 13:00:00+01:00,Node_2,Node_3,cac3,0.0
2030,sc01,11-17 13:00:00+01:00,Node_2,Node_3,cac2,-0.037499999999994316
2030,sc01,11-17 13:00:00+01:00,Node_1,Node_3,cac3,0.0
2030,sc01,11-17 13:00:00+01:00,Node_1,Node_3,cac2,0.0
2030,sc01,11-17 13:00:00+01:00,Node_1,Node_2,cac3,0.0
2030,sc01,11-17 13:00:00+01:00,Node_1,Node_3,eac1,-0.075
2030,sc01,11-17 13:00:00+01:00,Node_1,Node_2,cac2,0.0
2030,sc01,11-17 13:00:00+01:00,Node_2,Node_3,eac1,-0.075
2030,sc01,11-17 13:00:00+01:00,Node_2,Node_3,cac1,-0.018749999999997158
2030,sc01,11-17 13:00:00+01:00,Node_1,Node_2,eac1,-0.065625
2030,sc01,11-17 14:00:00+01:00,Node_1,Node_3,cac1,0.0
2030,sc01,11-17 14:00:00+01:00,Node_1,Node_2,cac1,0.0
2030,sc01,11-17 14:00:00+01:00,Node_2,Node_3,cac3,0.0
2030,sc01,11-17 14:00:00+01:00,Node_2,Node_3,cac2,-0.037499999999994316
2030,sc01,11-17 14:00:00+01:00,Node_1,Node_3,cac3,0.0
2030,sc01,11-17 14:00:00+01:00,Node_1,Node_3,cac2,0.0
2030,sc01,11-17 14:00:00+01:00,Node_1,Node_2,cac3,0.0
2030,sc01,11-17 14:00:00+01:00,Node_1,Node_3,eac1,-0.075
2030,sc01,11-17 14:00:00+01:00,Node_1,Node_2,cac2,0.0
2030,sc01,11-17 14:00:00+01:00,Node_2,Node_3,eac1,-0.075
2030,sc01,11-17 14:00:00+01:00,Node_2,Node_3,cac1,-0.018749999999997158
2030,sc01,11-17 14:00:00+01:00,Node_1,Node_2,eac1,-0.065625
2030,sc01,11-17 15:00:00+01:00,Node_1,Node_3,cac1,0.0
2030,sc01,11-17 15:00:00+01:00,Node_1,Node_2,cac1,0.0
2030,sc01,11-17 15:00:00+01:00,Node_2,Node_3,cac3,0.0
2030,sc01,11-17 15:00:00+01:00,Node_2,Node_3,cac2,-0.037499999999994316
2030,sc01,11-17 15:00:00+01:00,Node_1,Node_3,cac3,0.0
2030,sc01,11-17 15:00:00+01:00,Node_1,Node_3,cac2,0.0
2030,sc01,11-17 15:00:00+01:00,Node_1,Node_2,cac3,0.0
2030,sc01,11-17 15:00:00+01:00,Node_1,Node_3,eac1,-0.075
2030,sc01,11-17 15:00:00+01:00,Node_1,Node_2,cac2,0.0
2030,sc01,11-17 15:00:00+01:00,Node_2,Node_3,eac1,-0.075
2030,sc01,11-17 15:00:00+01:00,Node_2,Node_3,cac1,-0.018749999999997158
2030,sc01,11-17 15:00:00+01:00,Node_1,Node_2,eac1,-0.065625
2030,sc01,11-17 16:00:00+01:00,Node_1,Node_3,cac1,0.0
2030,sc01,11-17 16:00:00+01:00,Node_1,Node_2,cac1,0.0
2030,sc01,11-17 16:00:00+01:00,Node_2,Node_3,cac3,0.0
2030,sc01,11-17 16:00:00+01:00,Node_2,Node_3,cac2,-0.037499999999994316
2030,sc01,11-17 16:00:00+01:00,Node_1,Node_3,cac3,0.0
2030,sc01,11-17 16:00:00+01:00,Node_1,Node_3,cac2,0.0
2030,sc01,11-17 16:00:00+01:00,Node_1,Node_2,cac3,0.0
2030,sc01,11-17 16:00:00+01:00,Node_1,Node_3,eac1,-0.075
2030,sc01,11-17 16:00:00+01:00,Node_1,Node_2,cac2,0.0
2030,sc01,11-17 16:00:00+01:00,Node_2,Node_3,eac1,-0.075
2030,sc01,11-17 16:00:00+01:00,Node_2,Node_3,cac1,-0.018749999999997158
2030,sc01,11-17 16:00:00+01:00,Node_1,Node_2,eac1,-0.065625
2030,sc01,11-17 17:00:00+01:00,Node_1,Node_3,cac1,0.0
2030,sc01,11-17 17:00:00+01:00,Node_1,Node_2,cac1,0.0
2030,sc01,11-17 17:00:00+01:00,Node_2,Node_3,cac3,0.0
2030,sc01,11-17 17:00:00+01:00,Node_2,Node_3,cac2,-0.037499999999994316
2030,sc01,11-17 17:00:00+01:00,Node_1,Node_3,cac3,0.0
2030,sc01,11-17 17:00:00+01:00,Node_1,Node_3,cac2,0.0
2030,sc01,11-17 17:00:00+01:00,Node_1,Node_2,cac3,0.0
2030,sc01,11-17 17:00:00+01:00,Node_1,Node_3,eac1,-0.075
2030,sc01,11-17 17:00:00+01:00,Node_1,Node_2,cac2,0.0
2030,sc01,11-17 17:00:00+01:00,Node_2,Node_3,eac1,-0.075
2030,sc01,11-17 17:00:00+01:00,Node_2,Node_3,cac1,-0.018749999999997158
2030,sc01,11-17 17:00:00+01:00,Node_1,Node_2,eac1,-0.065625
2030,sc01,11-17 18:00:00+01:00,Node_1,Node_3,cac1,0.0
2030,sc01,11-17 18:00:00+01:00,Node_1,Node_2,cac1,0.0
2030,sc01,11-17 18:00:00+01:00,Node_2,Node_3,cac3,0.0
2030,sc01,11-17 18:00:00+01:00,Node_2,Node_3,cac2,-0.037499999999994316
2030,sc01,11-17 18:00:00+01:00,Node_1,Node_3,cac3,0.0
2030,sc01,11-17 18:00:00+01:00,Node_1,Node_3,cac2,0.0
2030,sc01,11-17 18:00:00+01:00,Node_1,Node_2,cac3,0.0
2030,sc01,11-17 18:00:00+01:00,Node_1,Node_3,eac1,-0.075
2030,sc01,11-17 18:00:00+01:00,Node_1,Node_2,cac2,0.0
2030,sc01,11-17 18:00:00+01:00,Node_2,Node_3,eac1,-0.075
2030,sc01,11-17 18:00:00+01:00,Node_2,Node_3,cac1,-0.018749999999997158
2030,sc01,11-17 18:00:00+01:00,Node_1,Node_2,eac1,-0.065625
2030,sc01,11-17 19:00:00+01:00,Node_1,Node_3,cac1,0.0
2030,sc01,11-17 19:00:00+01:00,Node_1,Node_2,cac1,0.0
2030,sc01,11-17 19:00:00+01:00,Node_2,Node_3,cac3,0.0
2030,sc01,11-17 19:00:00+01:00,Node_2,Node_3,cac2,-0.037499999999994316
2030,sc01,11-17 19:00:00+01:00,Node_1,Node_3,cac3,0.0
2030,sc01,11-17 19:00:00+01:00,Node_1,Node_3,cac2,0.0
2030,sc01,11-17 19:00:00+01:00,Node_1,Node_2,cac3,0.0
2030,sc01,11-17 19:00:00+01:00,Node_1,Node_3,eac1,-0.075
2030,sc01,11-17 19:00:00+01:00,Node_1,Node_2,cac2,0.0
2030,sc01,11-17 19:00:00+01:00,Node_2,Node_3,eac1,-0.075
2030,sc01,11-17 19:00:00+01:00,Node_2,Node_3,cac1,-0.018749999999997158
2030,sc01,11-17 19:00:00+01:00,Node_1,Node_2,eac1,-0.065625
2030,sc01,11-17 20:00:00+01:00,Node_1,Node_3,cac1,0.0
2030,sc01,11-17 20:00:00+01:00,Node_1,Node_2,cac1,0.0
2030,sc01,11-17 20:00:00+01:00,Node_2,Node_3,cac3,0.0
2030,sc01,11-17 20:00:00+01:00,Node_2,Node_3,cac2,-0.037499999999994316
2030,sc01,11-17 20:00:00+01:00,Node_1,Node_3,cac3,0.0
2030,sc01,11-17 20:00:00+01:00,Node_1,Node_3,cac2,0.0
2030,sc01,11-17 20:00:00+01:00,Node_1,Node_2,cac3,0.0
2030,sc01,11-17 20:00:00+01:00,Node_1,Node_3,eac1,-0.075
2030,sc01,11-17 20:00:00+01:00,Node_1,Node_2,cac2,0.0
2030,sc01,11-17 20:00:00+01:00,Node_2,Node_3,eac1,-0.075
2030,sc01,11-17 20:00:00+01:00,Node_2,Node_3,cac1,-0.018749999999997158
2030,sc01,11-17 20:00:00+01:00,Node_1,Node_2,eac1,-0.065625
2030,sc01,11-17 21:00:00+01:00,Node_1,Node_3,cac1,0.0
2030,sc01,11-17 21:00:00+01:00,Node_1,Node_2,cac1,0.0
2030,sc01,11-17 21:00:00+01:00,Node_2,Node_3,cac3,0.0
2030,sc01,11-17 21:00:00+01:00,Node_2,Node_3,cac2,-0.037499999999994316
2030,sc01,11-17 21:00:00+01:00,Node_1,Node_3,cac3,0.0
2030,sc01,11-17 21:00:00+01:00,Node_1,Node_3,cac2,0.0
2030,sc01,11-17 21:00:00+01:00,Node_1,Node_2,cac3,0.0
2030,sc01,11-17 21:00:00+01:00,Node_1,Node_3,eac1,-0.075
2030,sc01,11-17 21:00:00+01:00,Node_1,Node_2,cac2,0.0
2030,sc01,11-17 21:00:00+01:00,Node_2,Node_3,eac1,-0.075
2030,sc01,11-17 21:00:00+01:00,Node_2,Node_3,cac1,-0.018749999999997158
2030,sc01,11-17 21:00:00+01:00,Node_1,Node_2,eac1,-0.065625
2030,sc01,11-17 22:00:00+01:00,Node_1,Node_3,cac1,0.0
2030,sc01,11-17 22:00:00+01:00,Node_1,Node_2,cac1,0.0
2030,sc01,11-17 22:00:00+01:00,Node_2,Node_3,cac3,0.0
2030,sc01,11-17 22:00:00+01:00,Node_2,Node_3,cac2,-0.037499999999994316
2030,sc01,11-17 22:00:00+01:00,Node_1,Node_3,cac3,0.0
2030,sc01,11-17 22:00:00+01:00,Node_1,Node_3,cac2,0.0
2030,sc01,11-17 22:00:00+01:00,Node_1,Node_2,cac3,0.0
2030,sc01,11-17 22:00:00+01:00,Node_1,Node_3,eac1,-0.075
2030,sc01,11-17 22:00:00+01:00,Node_1,Node_2,cac2,0.0
2030,sc01,11-17 22:00:00+01:00,Node_2,Node_3,eac1,-0.075
2030,sc01,11-17 22:00:00+01:00,Node_2,Node_3,cac1,-0.018749999999997158
2030,sc01,11-17 22:00:00+01:00,Node_1,Node_2,eac1,-0.065625
2030,sc01,11-17 23:00:00+01:00,Node_1,Node_3,cac1,0.0
2030,sc01,11-17 23:00:00+01:00,Node_1,Node_2,cac1,0.0
2030,sc01,11-17 23:00:00+01:00,Node_2,Node_3,cac3,0.0
2030,sc01,11-17 23:00:00+01:00,Node_2,Node_3,cac2,-0.037499999999994316
2030,sc01,11-17 23:00:00+01:00,Node_1,Node_3,cac3,0.0
2030,sc01,11-17 23:00:00+01:00,Node_1,Node_3,cac2,0.0
2030,sc01,11-17 23:00:00+01:00,Node_1,Node_2,cac3,0.0
2030,sc01,11-17 23:00:00+01:00,Node_1,Node_3,eac1,-0.075
2030,sc01,11-17 23:00:00+01:00,Node_1,Node_2,cac2,0.0
2030,sc01,11-17 23:00:00+01:00,Node_2,Node_3,eac1,-0.075
2030,sc01,11-17 23:00:00+01:00,Node_2,Node_3,cac1,-0.018749999999997158
2030,sc01,11-17 23:00:00+01:00,Node_1,Node_2,eac1,-0.065625
2030,sc01,12-02 00:00:00+01:00,Node_1,Node_3,cac1,0.0
2030,sc01,12-02 00:00:00+01:00,Node_1,Node_2,cac1,0.0
2030,sc01,12-02 00:00:00+01:00,Node_2,Node_3,cac3,0.0
2030,sc01,12-02 00:00:00+01:00,Node_2,Node_3,cac2,-0.037499999999994316
2030,sc01,12-02 00:00:00+01:00,Node_1,Node_3,cac3,0.0
2030,sc01,12-02 00:00:00+01:00,Node_1,Node_3,cac2,0.0
2030,sc01,12-02 00:00:00+01:00,Node_1,Node_2,cac3,0.0
2030,sc01,12-02 00:00:00+01:00,Node_1,Node_3,eac1,-0.075
2030,sc01,12-02 00:00:00+01:00,Node_1,Node_2,cac2,0.0
2030,sc01,12-02 00:00:00+01:00,Node_2,Node_3,eac1,-0.075
2030,sc01,12-02 00:00:00+01:00,Node_2,Node_3,cac1,-0.018749999999997158
2030,sc01,12-02 00:00:00+01:00,Node_1,Node_2,eac1,-0.065625
2030,sc01,12-02 01:00:00+01:00,Node_1,Node_3,cac1,0.0
2030,sc01,12-02 01:00:00+01:00,Node_1,Node_2,cac1,0.0
2030,sc01,12-02 01:00:00+01:00,Node_2,Node_3,cac3,0.0
2030,sc01,12-02 01:00:00+01:00,Node_2,Node_3,cac2,-0.037499999999994316
2030,sc01,12-02 01:00:00+01:00,Node_1,Node_3,cac3,0.0
2030,sc01,12-02 01:00:00+01:00,Node_1,Node_3,cac2,0.0
2030,sc01,12-02 01:00:00+01:00,Node_1,Node_2,cac3,0.0
2030,sc01,12-02 01:00:00+01:00,Node_1,Node_3,eac1,-0.075
2030,sc01,12-02 01:00:00+01:00,Node_1,Node_2,cac2,0.0
2030,sc01,12-02 01:00:00+01:00,Node_2,Node_3,eac1,-0.075
2030,sc01,12-02 01:00:00+01:00,Node_2,Node_3,cac1,-0.018749999999997158
2030,sc01,12-02 01:00:00+01:00,Node_1,Node_2,eac1,-0.065625
2030,sc01,12-02 02:00:00+01:00,Node_1,Node_3,cac1,0.0
2030,sc01,12-02 02:00:00+01:00,Node_1,Node_2,cac1,0.0
2030,sc01,12-02 02:00:00+01:00,Node_2,Node_3,cac3,0.0
2030,sc01,12-02 02:00:00+01:00,Node_2,Node_3,cac2,-0.037499999999994316
2030,sc01,12-02 02:00:00+01:00,Node_1,Node_3,cac3,0.0
2030,sc01,12-02 02:00:00+01:00,Node_1,Node_3,cac2,0.0
2030,sc01,12-02 02:00:00+01:00,Node_1,Node_2,cac3,0.0
2030,sc01,12-02 02:00:00+01:00,Node_1,Node_3,eac1,-0.075
2030,sc01,12-02 02:00:00+01:00,Node_1,Node_2,cac2,0.0
2030,sc01,12-02 02:00:00+01:00,Node_2,Node_3,eac1,-0.075
2030,sc01,12-02 02:00:00+01:00,Node_2,Node_3,cac1,-0.018749999999997158
2030,sc01,12-02 02:00:00+01:00,Node_1,Node_2,eac1,-0.065625
2030,sc01,12-02 03:00:00+01:00,Node_1,Node_3,cac1,0.0
2030,sc01,12-02 03:00:00+01:00,Node_1,Node_2,cac1,0.0
2030,sc01,12-02 03:00:00+01:00,Node_2,Node_3,cac3,0.0
2030,sc01,12-02 03:00:00+01:00,Node_2,Node_3,cac2,-0.037499999999994316
2030,sc01,12-02 03:00:00+01:00,Node_1,Node_3,cac3,0.0
2030,sc01,12-02 03:00:00+01:00,Node_1,Node_3,cac2,0.0
2030,sc01,12-02 03:00:00+01:00,Node_1,Node_2,cac3,0.0
2030,sc01,12-02 03:00:00+01:00,Node_1,Node_3,eac1,-0.075
2030,sc01,12-02 03:00:00+01:00,Node_1,Node_2,cac2,0.0
2030,sc01,12-02 03:00:00+01:00,Node_2,Node_3,eac1,-0.075
2030,sc01,12-02 03:00:00+01:00,Node_2,Node_3,cac1,-0.018749999999997158
2030,sc01,12-02 03:00:00+01:00,Node_1,Node_2,eac1,-0.065625
2030,sc01,12-02 04:00:00+01:00,Node_1,Node_3,cac1,0.0
2030,sc01,12-02 04:00:00+01:00,Node_1,Node_2,cac1,0.0
2030,sc01,12-02 04:00:00+01:00,Node_2,Node_3,cac3,0.0
2030,sc01,12-02 04:00:00+01:00,Node_2,Node_3,cac2,-0.037499999999994316
2030,sc01,12-02 04:00:00+01:00,Node_1,Node_3,cac3,0.0
2030,sc01,12-02 04:00:00+01:00,Node_1,Node_3,cac2,0.0
2030,sc01,12-02 04:00:00+01:00,Node_1,Node_2,cac3,0.0
2030,sc01,12-02 04:00:00+01:00,Node_1,Node_3,eac1,-0.075
2030,sc01,12-02 04:00:00+01:00,Node_1,Node_2,cac2,0.0
2030,sc01,12-02 04:00:00+01:00,Node_2,Node_3,eac1,-0.075
2030,sc01,12-02 04:00:00+01:00,Node_2,Node_3,cac1,-0.018749999999997158
2030,sc01,12-02 04:00:00+01:00,Node_1,Node_2,eac1,-0.065625
2030,sc01,12-02 05:00:00+01:00,Node_1,Node_3,cac1,0.0
2030,sc01,12-02 05:00:00+01:00,Node_1,Node_2,cac1,0.0
2030,sc01,12-02 05:00:00+01:00,Node_2,Node_3,cac3,0.0
2030,sc01,12-02 05:00:00+01:00,Node_2,Node_3,cac2,-0.037499999999994316
2030,sc01,12-02 05:00:00+01:00,Node_1,Node_3,cac3,0.0
2030,sc01,12-02 05:00:00+01:00,Node_1,Node_3,cac2,0.0
2030,sc01,12-02 05:00:00+01:00,Node_1,Node_2,cac3,0.0
2030,sc01,12-02 05:00:00+01:00,Node_1,Node_3,eac1,-0.075
2030,sc01,12-02 05:00:00+01:00,Node_1,Node_2,cac2,0.0
2030,sc01,12-02 05:00:00+01:00,Node_2,Node_3,eac1,-0.075
2030,sc01,12-02 05:00:00+01:00,Node_2,Node_3,cac1,-0.018749999999997158
2030,sc01,12-02 05:00:00+01:00,Node_1,Node_2,eac1,-0.065625
2030,sc01,12-02 06:00:00+01:00,Node_1,Node_3,cac1,0.0
2030,sc01,12-02 06:00:00+01:00,Node_1,Node_2,cac1,0.0
2030,sc01,12-02 06:00:00+01:00,Node_2,Node_3,cac3,0.0
2030,sc01,12-02 06:00:00+01:00,Node_2,Node_3,cac2,-0.037499999999994316
2030,sc01,12-02 06:00:00+01:00,Node_1,Node_3,cac3,0.0
2030,sc01,12-02 06:00:00+01:00,Node_1,Node_3,cac2,0.0
2030,sc01,12-02 06:00:00+01:00,Node_1,Node_2,cac3,0.0
2030,sc01,12-02 06:00:00+01:00,Node_1,Node_3,eac1,-0.075
2030,sc01,12-02 06:00:00+01:00,Node_1,Node_2,cac2,0.0
2030,sc01,12-02 06:00:00+01:00,Node_2,Node_3,eac1,-0.075
2030,sc01,12-02 06:00:00+01:00,Node_2,Node_3,cac1,-0.018749999999997158
2030,sc01,12-02 06:00:00+01:00,Node_1,Node_2,eac1,-0.065625
2030,sc01,12-02 07:00:00+01:00,Node_1,Node_3,cac1,0.0
2030,sc01,12-02 07:00:00+01:00,Node_1,Node_2,cac1,0.0
2030,sc01,12-02 07:00:00+01:00,Node_2,Node_3,cac3,0.0
2030,sc01,12-02 07:00:00+01:00,Node_2,Node_3,cac2,-0.037499999999994316
2030,sc01,12-02 07:00:00+01:00,Node_1,Node_3,cac3,0.0
2030,sc01,12-02 07:00:00+01:00,Node_1,Node_3,cac2,0.0
2030,sc01,12-02 07:00:00+01:00,Node_1,Node_2,cac3,0.0
2030,sc01,12-02 07:00:00+01:00,Node_1,Node_3,eac1,-0.075
2030,sc01,12-02 07:00:00+01:00,Node_1,Node_2,cac2,0.0
2030,sc01,12-02 07:00:00+01:00,Node_2,Node_3,eac1,-0.075
2030,sc01,12-02 07:00:00+01:00,Node_2,Node_3,cac1,-0.018749999999997158
2030,sc01,12-02 07:00:00+01:00,Node_1,Node_2,eac1,-0.065625
2030,sc01,12-02 08:00:00+01:00,Node_1,Node_3,cac1,0.0
2030,sc01,12-02 08:00:00+01:00,Node_1,Node_2,cac1,0.0
2030,sc01,12-02 08:00:00+01:00,Node_2,Node_3,cac3,0.0
2030,sc01,12-02 08:00:00+01:00,Node_2,Node_3,cac2,-0.037499999999994316
2030,sc01,12-02 08:00:00+01:00,Node_1,Node_3,cac3,0.0
2030,sc01,12-02 08:00:00+01:00,Node_1,Node_3,cac2,0.0
2030,sc01,12-02 08:00:00+01:00,Node_1,Node_2,cac3,0.0
2030,sc01,12-02 08:00:00+01:00,Node_1,Node_3,eac1,-0.075
2030,sc01,12-02 08:00:00+01:00,Node_1,Node_2,cac2,0.0
2030,sc01,12-02 08:00:00+01:00,Node_2,Node_3,eac1,-0.075
2030,sc01,12-02 08:00:00+01:00,Node_2,Node_3,cac1,-0.018749999999997158
2030,sc01,12-02 08:00:00+01:00,Node_1,Node_2,eac1,-0.065625
2030,sc01,12-02 09:00:00+01:00,Node_1,Node_3,cac1,0.0
2030,sc01,12-02 09:00:00+01:00,Node_1,Node_2,cac1,0.0
2030,sc01,12-02 09:00:00+01:00,Node_2,Node_3,cac3,0.0
2030,sc01,12-02 09:00:00+01:00,Node_2,Node_3,cac2,-0.037499999999994316
2030,sc01,12-02 09:00:00+01:00,Node_1,Node_3,cac3,0.0
2030,sc01,12-02 09:00:00+01:00,Node_1,Node_3,cac2,0.0
2030,sc01,12-02 09:00:00+01:00,Node_1,Node_2,cac3,0.0
2030,sc01,12-02 09:00:00+01:00,Node_1,Node_3,eac1,-0.075
2030,sc01,12-02 09:00:00+01:00,Node_1,Node_2,cac2,0.0
2030,sc01,12-02 09:00:00+01:00,Node_2,Node_3,eac1,-0.075
2030,sc01,12-02 09:00:00+01:00,Node_2,Node_3,cac1,-0.018749999999997158
2030,sc01,12-02 09:00:00+01:00,Node_1,Node_2,eac1,-0.065625
2030,sc01,12-02 10:00:00+01:00,Node_1,Node_3,cac1,0.0
2030,sc01,12-02 10:00:00+01:00,Node_1,Node_2,cac1,0.0
2030,sc01,12-02 10:00:00+01:00,Node_2,Node_3,cac3,0.0
2030,sc01,12-02 10:00:00+01:00,Node_2,Node_3,cac2,-0.037499999999994316
2030,sc01,12-02 10:00:00+01:00,Node_1,Node_3,cac3,0.0
2030,sc01,12-02 10:00:00+01:00,Node_1,Node_3,cac2,0.0
2030,sc01,12-02 10:00:00+01:00,Node_1,Node_2,cac3,0.0
2030,sc01,12-02 10:00:00+01:00,Node_1,Node_3,eac1,-0.075
2030,sc01,12-02 10:00:00+01:00,Node_1,Node_2,cac2,0.0
2030,sc01,12-02 10:00:00+01:00,Node_2,Node_3,eac1,-0.075
2030,sc01,12-02 10:00:00+01:00,Node_2,Node_3,cac1,-0.018749999999997158
2030,sc01,12-02 10:00:00+01:00,Node_1,Node_2,eac1,-0.065625
2030,sc01,12-02 11:00:00+01:00,Node_1,Node_3,cac1,0.0
2030,sc01,12-02 11:00:00+01:00,Node_1,Node_2,cac1,0.0
2030,sc01,12-02 11:00:00+01:00,Node_2,Node_3,cac3,0.0
2030,sc01,12-02 11:00:00+01:00,Node_2,Node_3,cac2,-0.037499999999994316
2030,sc01,12-02 11:00:00+01:00,Node_1,Node_3,cac3,0.0
2030,sc01,12-02 11:00:00+01:00,Node_1,Node_3,cac2,0.0
2030,sc01,12-02 11:00:00+01:00,Node_1,Node_2,cac3,0.0
2030,sc01,12-02 11:00:00+01:00,Node_1,Node_3,eac1,-0.075
2030,sc01,12-02 11:00:00+01:00,Node_1,Node_2,cac2,0.0
2030,sc01,12-02 11:00:00+01:00,Node_2,Node_3,eac1,-0.075
2030,sc01,12-02 11:00:00+01:00,Node_2,Node_3,cac1,-0.018749999999997158
2030,sc01,12-02 11:00:00+01:00,Node_1,Node_2,eac1,-0.065625
2030,sc01,12-02 12:00:00+01:00,Node_1,Node_3,cac1,0.0
2030,sc01,12-02 12:00:00+01:00,Node_1,Node_2,cac1,0.0
2030,sc01,12-02 12:00:00+01:00,Node_2,Node_3,cac3,0.0
2030,sc01,12-02 12:00:00+01:00,Node_2,Node_3,cac2,-0.037499999999994316
2030,sc01,12-02 12:00:00+01:00,Node_1,Node_3,cac3,0.0
2030,sc01,12-02 12:00:00+01:00,Node_1,Node_3,cac2,0.0
2030,sc01,12-02 12:00:00+01:00,Node_1,Node_2,cac3,0.0
2030,sc01,12-02 12:00:00+01:00,Node_1,Node_3,eac1,-0.075
2030,sc01,12-02 12:00:00+01:00,Node_1,Node_2,cac2,0.0
2030,sc01,12-02 12:00:00+01:00,Node_2,Node_3,eac1,-0.075
2030,sc01,12-02 12:00:00+01:00,Node_2,Node_3,cac1,-0.018749999999997158
2030,sc01,12-02 12:00:00+01:00,Node_1,Node_2,eac1,-0.065625
2030,sc01,12-02 13:00:00+01:00,Node_1,Node_3,cac1,0.0
2030,sc01,12-02 13:00:00+01:00,Node_1,Node_2,cac1,0.0
2030,sc01,12-02 13:00:00+01:00,Node_2,Node_3,cac3,0.0
2030,sc01,12-02 13:00:00+01:00,Node_2,Node_3,cac2,-0.037499999999994316
2030,sc01,12-02 13:00:00+01:00,Node_1,Node_3,cac3,0.0
2030,sc01,12-02 13:00:00+01:00,Node_1,Node_3,cac2,0.0
2030,sc01,12-02 13:00:00+01:00,Node_1,Node_2,cac3,0.0
2030,sc01,12-02 13:00:00+01:00,Node_1,Node_3,eac1,-0.075
2030,sc01,12-02 13:00:00+01:00,Node_1,Node_2,cac2,0.0
2030,sc01,12-02 13:00:00+01:00,Node_2,Node_3,eac1,-0.075
2030,sc01,12-02 13:00:00+01:00,Node_2,Node_3,cac1,-0.018749999999997158
2030,sc01,12-02 13:00:00+01:00,Node_1,Node_2,eac1,-0.065625
2030,sc01,12-02 14:00:00+01:00,Node_1,Node_3,cac1,0.0
2030,sc01,12-02 14:00:00+01:00,Node_1,Node_2,cac1,0.0
2030,sc01,12-02 14:00:00+01:00,Node_2,Node_3,cac3,0.0
2030,sc01,12-02 14:00:00+01:00,Node_2,Node_3,cac2,-0.037499999999994316
2030,sc01,12-02 14:00:00+01:00,Node_1,Node_3,cac3,0.0
2030,sc01,12-02 14:00:00+01:00,Node_1,Node_3,cac2,0.0
2030,sc01,12-02 14:00:00+01:00,Node_1,Node_2,cac3,0.0
2030,sc01,12-02 14:00:00+01:00,Node_1,Node_3,eac1,-0.075
2030,sc01,12-02 14:00:00+01:00,Node_1,Node_2,cac2,0.0
2030,sc01,12-02 14:00:00+01:00,Node_2,Node_3,eac1,-0.075
2030,sc01,12-02 14:00:00+01:00,Node_2,Node_3,cac1,-0.018749999999997158
2030,sc01,12-02 14:00:00+01:00,Node_1,Node_2,eac1,-0.065625
2030,sc01,12-02 15:00:00+01:00,Node_1,Node_3,cac1,0.0
2030,sc01,12-02 15:00:00+01:00,Node_1,Node_2,cac1,0.0
2030,sc01,12-02 15:00:00+01:00,Node_2,Node_3,cac3,0.0
2030,sc01,12-02 15:00:00+01:00,Node_2,Node_3,cac2,-0.037499999999994316
2030,sc01,12-02 15:00:00+01:00,Node_1,Node_3,cac3,0.0
2030,sc01,12-02 15:00:00+01:00,Node_1,Node_3,cac2,0.0
2030,sc01,12-02 15:00:00+01:00,Node_1,Node_2,cac3,0.0
2030,sc01,12-02 15:00:00+01:00,Node_1,Node_3,eac1,-0.075
2030,sc01,12-02 15:00:00+01:00,Node_1,Node_2,cac2,0.0
2030,sc01,12-02 15:00:00+01:00,Node_2,Node_3,eac1,-0.075
2030,sc01,12-02 15:00:00+01:00,Node_2,Node_3,cac1,-0.018749999999997158
2030,sc01,12-02 15:00:00+01:00,Node_1,Node_2,eac1,-0.065625
2030,sc01,12-02 16:00:00+01:00,Node_1,Node_3,cac1,0.0
2030,sc01,12-02 16:00:00+01:00,Node_1,Node_2,cac1,0.0
2030,sc01,12-02 16:00:00+01:00,Node_2,Node_3,cac3,0.0
2030,sc01,12-02 16:00:00+01:00,Node_2,Node_3,cac2,-0.037499999999994316
2030,sc01,12-02 16:00:00+01:00,Node_1,Node_3,cac3,0.0
2030,sc01,12-02 16:00:00+01:00,Node_1,Node_3,cac2,0.0
2030,sc01,12-02 16:00:00+01:00,Node_1,Node_2,cac3,0.0
2030,sc01,12-02 16:00:00+01:00,Node_1,Node_3,eac1,-0.075
2030,sc01,12-02 16:00:00+01:00,Node_1,Node_2,cac2,0.0
2030,sc01,12-02 16:00:00+01:00,Node_2,Node_3,eac1,-0.075
2030,sc01,12-02 16:00:00+01:00,Node_2,Node_3,cac1,-0.018749999999997158
2030,sc01,12-02 16:00:00+01:00,Node_1,Node_2,eac1,-0.065625
2030,sc01,12-02 17:00:00+01:00,Node_1,Node_3,cac1,0.0
2030,sc01,12-02 17:00:00+01:00,Node_1,Node_2,cac1,0.0
2030,sc01,12-02 17:00:00+01:00,Node_2,Node_3,cac3,0.0
2030,sc01,12-02 17:00:00+01:00,Node_2,Node_3,cac2,-0.037499999999994316
2030,sc01,12-02 17:00:00+01:00,Node_1,Node_3,cac3,0.0
2030,sc01,12-02 17:00:00+01:00,Node_1,Node_3,cac2,0.0
2030,sc01,12-02 17:00:00+01:00,Node_1,Node_2,cac3,0.0
2030,sc01,12-02 17:00:00+01:00,Node_1,Node_3,eac1,-0.075
2030,sc01,12-02 17:00:00+01:00,Node_1,Node_2,cac2,0.0
2030,sc01,12-02 17:00:00+01:00,Node_2,Node_3,eac1,-0.075
2030,sc01,12-02 17:00:00+01:00,Node_2,Node_3,cac1,-0.018749999999997158
2030,sc01,12-02 17:00:00+01:00,Node_1,Node_2,eac1,-0.065625
2030,sc01,12-02 18:00:00+01:00,Node_1,Node_3,cac1,0.0
2030,sc01,12-02 18:00:00+01:00,Node_1,Node_2,cac1,0.0
2030,sc01,12-02 18:00:00+01:00,Node_2,Node_3,cac3,0.0
2030,sc01,12-02 18:00:00+01:00,Node_2,Node_3,cac2,-0.037499999999994316
2030,sc01,12-02 18:00:00+01:00,Node_1,Node_3,cac3,0.0
2030,sc01,12-02 18:00:00+01:00,Node_1,Node_3,cac2,0.0
2030,sc01,12-02 18:00:00+01:00,Node_1,Node_2,cac3,0.0
2030,sc01,12-02 18:00:00+01:00,Node_1,Node_3,eac1,-0.075
2030,sc01,12-02 18:00:00+01:00,Node_1,Node_2,cac2,0.0
2030,sc01,12-02 18:00:00+01:00,Node_2,Node_3,eac1,-0.075
2030,sc01,12-02 18:00:00+01:00,Node_2,Node_3,cac1,-0.018749999999997158
2030,sc01,12-02 18:00:00+01:00,Node_1,Node_2,eac1,-0.065625
2030,sc01,12-02 19:00:00+01:00,Node_1,Node_3,cac1,0.0
2030,sc01,12-02 19:00:00+01:00,Node_1,Node_2,cac1,0.0
2030,sc01,12-02 19:00:00+01:00,Node_2,Node_3,cac3,0.0
2030,sc01,12-02 19:00:00+01:00,Node_2,Node_3,cac2,-0.037499999999994316
2030,sc01,12-02 19:00:00+01:00,Node_1,Node_3,cac3,0.0
2030,sc01,12-02 19:00:00+01:00,Node_1,Node_3,cac2,0.0
2030,sc01,12-02 19:00:00+01:00,Node_1,Node_2,cac3,0.0
2030,sc01,12-02 19:00:00+01:00,Node_1,Node_3,eac1,-0.075
2030,sc01,12-02 19:00:00+01:00,Node_1,Node_2,cac2,0.0
2030,sc01,12-02 19:00:00+01:00,Node_2,Node_3,eac1,-0.075
2030,sc01,12-02 19:00:00+01:00,Node_2,Node_3,cac1,-0.018749999999997158
2030,sc01,12-02 19:00:00+01:00,Node_1,Node_2,eac1,-0.065625
2030,sc01,12-02 20:00:00+01:00,Node_1,Node_3,cac1,0.0
2030,sc01,12-02 20:00:00+01:00,Node_1,Node_2,cac1,0.0
2030,sc01,12-02 20:00:00+01:00,Node_2,Node_3,cac3,0.0
2030,sc01,12-02 20:00:00+01:00,Node_2,Node_3,cac2,-0.037499999999994316
2030,sc01,12-02 20:00:00+01:00,Node_1,Node_3,cac3,0.0
2030,sc01,12-02 20:00:00+01:00,Node_1,Node_3,cac2,0.0
2030,sc01,12-02 20:00:00+01:00,Node_1,Node_2,cac3,0.0
2030,sc01,12-02 20:00:00+01:00,Node_1,Node_3,eac1,-0.075
2030,sc01,12-02 20:00:00+01:00,Node_1,Node_2,cac2,0.0
2030,sc01,12-02 20:00:00+01:00,Node_2,Node_3,eac1,-0.075
2030,sc01,12-02 20:00:00+01:00,Node_2,Node_3,cac1,-0.018749999999997158
2030,sc01,12-02 20:00:00+01:00,Node_1,Node_2,eac1,-0.065625
2030,sc01,12-02 21:00:00+01:00,Node_1,Node_3,cac1,0.0
2030,sc01,12-02 21:00:00+01:00,Node_1,Node_2,cac1,0.0
2030,sc01,12-02 21:00:00+01:00,Node_2,Node_3,cac3,0.0
2030,sc01,12-02 21:00:00+01:00,Node_2,Node_3,cac2,-0.037499999999994316
2030,sc01,12-02 21:00:00+01:00,Node_1,Node_3,cac3,0.0
2030,sc01,12-02 21:00:00+01:00,Node_1,Node_3,cac2,0.0
2030,sc01,12-02 21:00:00+01:00,Node_1,Node_2,cac3,0.0
2030,sc01,12-02 21:00:00+01:00,Node_1,Node_3,eac1,-0.075
2030,sc01,12-02 21:00:00+01:00,Node_1,Node_2,cac2,0.0
2030,sc01,12-02 21:00:00+01:00,Node_2,Node_3,eac1,-0.075
2030,sc01,12-02 21:00:00+01:00,Node_2,Node_3,cac1,-0.018749999999997158
2030,sc01,12-02 21:00:00+01:00,Node_1,Node_2,eac1,-0.065625
2030,sc01,12-02 22:00:00+01:00,Node_1,Node_3,cac1,0.0
2030,sc01,12-02 22:00:00+01:00,Node_1,Node_2,cac1,0.0
2030,sc01,12-02 22:00:00+01:00,Node_2,Node_3,cac3,0.0
2030,sc01,12-02 22:00:00+01:00,Node_2,Node_3,cac2,-0.037499999999994316
2030,sc01,12-02 22:00:00+01:00,Node_1,Node_3,cac3,0.0
2030,sc01,12-02 22:00:00+01:00,Node_1,Node_3,cac2,0.0
2030,sc01,12-02 22:00:00+01:00,Node_1,Node_2,cac3,0.0
2030,sc01,12-02 22:00:00+01:00,Node_1,Node_3,eac1,-0.075
2030,sc01,12-02 22:00:00+01:00,Node_1,Node_2,cac2,0.0
2030,sc01,12-02 22:00:00+01:00,Node_2,Node_3,eac1,-0.075
2030,sc01,12-02 22:00:00+01:00,Node_2,Node_3,cac1,-0.018749999999997158
2030,sc01,12-02 22:00:00+01:00,Node_1,Node_2,eac1,-0.065625
2030,sc01,12-02 23:00:00+01:00,Node_1,Node_3,cac1,0.0
2030,sc01,12-02 23:00:00+01:00,Node_1,Node_2,cac1,0.0
2030,sc01,12-02 23:00:00+01:00,Node_2,Node_3,cac3,0.0
2030,sc01,12-02 23:00:00+01:00,Node_2,Node_3,cac2,-0.037499999999994316
2030,sc01,12-02 23:00:00+01:00,Node_1,Node_3,cac3,0.0
2030,sc01,12-02 23:00:00+01:00,Node_1,Node_3,cac2,0.0
2030,sc01,12-02 23:00:00+01:00,Node_1,Node_2,cac3,0.0
2030,sc01,12-02 23:00:00+01:00,Node_1,Node_3,eac1,-0.075
2030,sc01,12-02 23:00:00+01:00,Node_1,Node_2,cac2,0.0
2030,sc01,12-02 23:00:00+01:00,Node_2,Node_3,eac1,-0.075
2030,sc01,12-02 23:00:00+01:00,Node_2,Node_3,cac1,-0.018749999999997158
2030,sc01,12-02 23:00:00+01:00,Node_1,Node_2,eac1,-0.065625
2030,sc01,12-09 00:00:00+01:00,Node_1,Node_3,cac1,0.0
2030,sc01,12-09 00:00:00+01:00,Node_1,Node_2,cac1,0.0
2030,sc01,12-09 00:00:00+01:00,Node_2,Node_3,cac3,0.0
2030,sc01,12-09 00:00:00+01:00,Node_2,Node_3,cac2,-0.037499999999994316
2030,sc01,12-09 00:00:00+01:00,Node_1,Node_3,cac3,0.0
2030,sc01,12-09 00:00:00+01:00,Node_1,Node_3,cac2,0.0
2030,sc01,12-09 00:00:00+01:00,Node_1,Node_2,cac3,0.0
2030,sc01,12-09 00:00:00+01:00,Node_1,Node_3,eac1,-0.075
2030,sc01,12-09 00:00:00+01:00,Node_1,Node_2,cac2,0.0
2030,sc01,12-09 00:00:00+01:00,Node_2,Node_3,eac1,-0.075
2030,sc01,12-09 00:00:00+01:00,Node_2,Node_3,cac1,-0.018749999999997158
2030,sc01,12-09 00:00:00+01:00,Node_1,Node_2,eac1,-0.065625
2030,sc01,12-09 01:00:00+01:00,Node_1,Node_3,cac1,0.0
2030,sc01,12-09 01:00:00+01:00,Node_1,Node_2,cac1,0.0
2030,sc01,12-09 01:00:00+01:00,Node_2,Node_3,cac3,0.0
2030,sc01,12-09 01:00:00+01:00,Node_2,Node_3,cac2,-0.037499999999994316
2030,sc01,12-09 01:00:00+01:00,Node_1,Node_3,cac3,0.0
2030,sc01,12-09 01:00:00+01:00,Node_1,Node_3,cac2,0.0
2030,sc01,12-09 01:00:00+01:00,Node_1,Node_2,cac3,0.0
2030,sc01,12-09 01:00:00+01:00,Node_1,Node_3,eac1,-0.075
2030,sc01,12-09 01:00:00+01:00,Node_1,Node_2,cac2,0.0
2030,sc01,12-09 01:00:00+01:00,Node_2,Node_3,eac1,-0.075
2030,sc01,12-09 01:00:00+01:00,Node_2,Node_3,cac1,-0.018749999999997158
2030,sc01,12-09 01:00:00+01:00,Node_1,Node_2,eac1,-0.065625
2030,sc01,12-09 02:00:00+01:00,Node_1,Node_3,cac1,0.0
2030,sc01,12-09 02:00:00+01:00,Node_1,Node_2,cac1,0.0
2030,sc01,12-09 02:00:00+01:00,Node_2,Node_3,cac3,0.0
2030,sc01,12-09 02:00:00+01:00,Node_2,Node_3,cac2,-0.037499999999994316
2030,sc01,12-09 02:00:00+01:00,Node_1,Node_3,cac3,0.0
2030,sc01,12-09 02:00:00+01:00,Node_1,Node_3,cac2,0.0
2030,sc01,12-09 02:00:00+01:00,Node_1,Node_2,cac3,0.0
2030,sc01,12-09 02:00:00+01:00,Node_1,Node_3,eac1,-0.075
2030,sc01,12-09 02:00:00+01:00,Node_1,Node_2,cac2,0.0
2030,sc01,12-09 02:00:00+01:00,Node_2,Node_3,eac1,-0.075
2030,sc01,12-09 02:00:00+01:00,Node_2,Node_3,cac1,-0.018749999999997158
2030,sc01,12-09 02:00:00+01:00,Node_1,Node_2,eac1,-0.065625
2030,sc01,12-09 03:00:00+01:00,Node_1,Node_3,cac1,0.0
2030,sc01,12-09 03:00:00+01:00,Node_1,Node_2,cac1,0.0
2030,sc01,12-09 03:00:00+01:00,Node_2,Node_3,cac3,0.0
2030,sc01,12-09 03:00:00+01:00,Node_2,Node_3,cac2,-0.037499999999994316
2030,sc01,12-09 03:00:00+01:00,Node_1,Node_3,cac3,0.0
2030,sc01,12-09 03:00:00+01:00,Node_1,Node_3,cac2,0.0
2030,sc01,12-09 03:00:00+01:00,Node_1,Node_2,cac3,0.0
2030,sc01,12-09 03:00:00+01:00,Node_1,Node_3,eac1,-0.075
2030,sc01,12-09 03:00:00+01:00,Node_1,Node_2,cac2,0.0
2030,sc01,12-09 03:00:00+01:00,Node_2,Node_3,eac1,-0.075
2030,sc01,12-09 03:00:00+01:00,Node_2,Node_3,cac1,-0.018749999999997158
2030,sc01,12-09 03:00:00+01:00,Node_1,Node_2,eac1,-0.065625
2030,sc01,12-09 04:00:00+01:00,Node_1,Node_3,cac1,0.0
2030,sc01,12-09 04:00:00+01:00,Node_1,Node_2,cac1,0.0
2030,sc01,12-09 04:00:00+01:00,Node_2,Node_3,cac3,0.0
2030,sc01,12-09 04:00:00+01:00,Node_2,Node_3,cac2,-0.037499999999994316
2030,sc01,12-09 04:00:00+01:00,Node_1,Node_3,cac3,0.0
2030,sc01,12-09 04:00:00+01:00,Node_1,Node_3,cac2,0.0
2030,sc01,12-09 04:00:00+01:00,Node_1,Node_2,cac3,0.0
2030,sc01,12-09 04:00:00+01:00,Node_1,Node_3,eac1,-0.075
2030,sc01,12-09 04:00:00+01:00,Node_1,Node_2,cac2,0.0
2030,sc01,12-09 04:00:00+01:00,Node_2,Node_3,eac1,-0.075
2030,sc01,12-09 04:00:00+01:00,Node_2,Node_3,cac1,-0.018749999999997158
2030,sc01,12-09 04:00:00+01:00,Node_1,Node_2,eac1,-0.065625
2030,sc01,12-09 05:00:00+01:00,Node_1,Node_3,cac1,0.0
2030,sc01,12-09 05:00:00+01:00,Node_1,Node_2,cac1,0.0
2030,sc01,12-09 05:00:00+01:00,Node_2,Node_3,cac3,0.0
2030,sc01,12-09 05:00:00+01:00,Node_2,Node_3,cac2,-0.037499999999994316
2030,sc01,12-09 05:00:00+01:00,Node_1,Node_3,cac3,0.0
2030,sc01,12-09 05:00:00+01:00,Node_1,Node_3,cac2,0.0
2030,sc01,12-09 05:00:00+01:00,Node_1,Node_2,cac3,0.0
2030,sc01,12-09 05:00:00+01:00,Node_1,Node_3,eac1,-0.075
2030,sc01,12-09 05:00:00+01:00,Node_1,Node_2,cac2,0.0
2030,sc01,12-09 05:00:00+01:00,Node_2,Node_3,eac1,-0.075
2030,sc01,12-09 05:00:00+01:00,Node_2,Node_3,cac1,-0.018749999999997158
2030,sc01,12-09 05:00:00+01:00,Node_1,Node_2,eac1,-0.065625
2030,sc01,12-09 06:00:00+01:00,Node_1,Node_3,cac1,0.0
2030,sc01,12-09 06:00:00+01:00,Node_1,Node_2,cac1,0.0
2030,sc01,12-09 06:00:00+01:00,Node_2,Node_3,cac3,0.0
2030,sc01,12-09 06:00:00+01:00,Node_2,Node_3,cac2,-0.037499999999994316
2030,sc01,12-09 06:00:00+01:00,Node_1,Node_3,cac3,0.0
2030,sc01,12-09 06:00:00+01:00,Node_1,Node_3,cac2,0.0
2030,sc01,12-09 06:00:00+01:00,Node_1,Node_2,cac3,0.0
2030,sc01,12-09 06:00:00+01:00,Node_1,Node_3,eac1,-0.075
2030,sc01,12-09 06:00:00+01:00,Node_1,Node_2,cac2,0.0
2030,sc01,12-09 06:00:00+01:00,Node_2,Node_3,eac1,-0.075
2030,sc01,12-09 06:00:00+01:00,Node_2,Node_3,cac1,-0.018749999999997158
2030,sc01,12-09 06:00:00+01:00,Node_1,Node_2,eac1,-0.065625
2030,sc01,12-09 07:00:00+01:00,Node_1,Node_3,cac1,0.0
2030,sc01,12-09 07:00:00+01:00,Node_1,Node_2,cac1,0.0
2030,sc01,12-09 07:00:00+01:00,Node_2,Node_3,cac3,0.0
2030,sc01,12-09 07:00:00+01:00,Node_2,Node_3,cac2,-0.037499999999994316
2030,sc01,12-09 07:00:00+01:00,Node_1,Node_3,cac3,0.0
2030,sc01,12-09 07:00:00+01:00,Node_1,Node_3,cac2,0.0
2030,sc01,12-09 07:00:00+01:00,Node_1,Node_2,cac3,0.0
2030,sc01,12-09 07:00:00+01:00,Node_1,Node_3,eac1,-0.075
2030,sc01,12-09 07:00:00+01:00,Node_1,Node_2,cac2,0.0
2030,sc01,12-09 07:00:00+01:00,Node_2,Node_3,eac1,-0.075
2030,sc01,12-09 07:00:00+01:00,Node_2,Node_3,cac1,-0.018749999999997158
2030,sc01,12-09 07:00:00+01:00,Node_1,Node_2,eac1,-0.065625
2030,sc01,12-09 08:00:00+01:00,Node_1,Node_3,cac1,0.0
2030,sc01,12-09 08:00:00+01:00,Node_1,Node_2,cac1,0.0
2030,sc01,12-09 08:00:00+01:00,Node_2,Node_3,cac3,0.0
2030,sc01,12-09 08:00:00+01:00,Node_2,Node_3,cac2,-0.037499999999994316
2030,sc01,12-09 08:00:00+01:00,Node_1,Node_3,cac3,0.0
2030,sc01,12-09 08:00:00+01:00,Node_1,Node_3,cac2,0.0
2030,sc01,12-09 08:00:00+01:00,Node_1,Node_2,cac3,0.0
2030,sc01,12-09 08:00:00+01:00,Node_1,Node_3,eac1,-0.075
2030,sc01,12-09 08:00:00+01:00,Node_1,Node_2,cac2,0.0
2030,sc01,12-09 08:00:00+01:00,Node_2,Node_3,eac1,-0.075
2030,sc01,12-09 08:00:00+01:00,Node_2,Node_3,cac1,-0.018749999999997158
2030,sc01,12-09 08:00:00+01:00,Node_1,Node_2,eac1,-0.065625
2030,sc01,12-09 09:00:00+01:00,Node_1,Node_3,cac1,0.0
2030,sc01,12-09 09:00:00+01:00,Node_1,Node_2,cac1,0.0
2030,sc01,12-09 09:00:00+01:00,Node_2,Node_3,cac3,0.0
2030,sc01,12-09 09:00:00+01:00,Node_2,Node_3,cac2,-0.037499999999994316
2030,sc01,12-09 09:00:00+01:00,Node_1,Node_3,cac3,0.0
2030,sc01,12-09 09:00:00+01:00,Node_1,Node_3,cac2,0.0
2030,sc01,12-09 09:00:00+01:00,Node_1,Node_2,cac3,0.0
2030,sc01,12-09 09:00:00+01:00,Node_1,Node_3,eac1,-0.075
2030,sc01,12-09 09:00:00+01:00,Node_1,Node_2,cac2,0.0
2030,sc01,12-09 09:00:00+01:00,Node_2,Node_3,eac1,-0.075
2030,sc01,12-09 09:00:00+01:00,Node_2,Node_3,cac1,-0.018749999999997158
2030,sc01,12-09 09:00:00+01:00,Node_1,Node_2,eac1,-0.065625
2030,sc01,12-09 10:00:00+01:00,Node_1,Node_3,cac1,0.0
2030,sc01,12-09 10:00:00+01:00,Node_1,Node_2,cac1,0.0
2030,sc01,12-09 10:00:00+01:00,Node_2,Node_3,cac3,0.0
2030,sc01,12-09 10:00:00+01:00,Node_2,Node_3,cac2,-0.037499999999994316
2030,sc01,12-09 10:00:00+01:00,Node_1,Node_3,cac3,0.0
2030,sc01,12-09 10:00:00+01:00,Node_1,Node_3,cac2,0.0
2030,sc01,12-09 10:00:00+01:00,Node_1,Node_2,cac3,0.0
2030,sc01,12-09 10:00:00+01:00,Node_1,Node_3,eac1,-0.075
2030,sc01,12-09 10:00:00+01:00,Node_1,Node_2,cac2,0.0
2030,sc01,12-09 10:00:00+01:00,Node_2,Node_3,eac1,-0.075
2030,sc01,12-09 10:00:00+01:00,Node_2,Node_3,cac1,-0.018749999999997158
2030,sc01,12-09 10:00:00+01:00,Node_1,Node_2,eac1,-0.065625
2030,sc01,12-09 11:00:00+01:00,Node_1,Node_3,cac1,0.0
2030,sc01,12-09 11:00:00+01:00,Node_1,Node_2,cac1,0.0
2030,sc01,12-09 11:00:00+01:00,Node_2,Node_3,cac3,0.0
2030,sc01,12-09 11:00:00+01:00,Node_2,Node_3,cac2,-0.037499999999994316
2030,sc01,12-09 11:00:00+01:00,Node_1,Node_3,cac3,0.0
2030,sc01,12-09 11:00:00+01:00,Node_1,Node_3,cac2,0.0
2030,sc01,12-09 11:00:00+01:00,Node_1,Node_2,cac3,0.0
2030,sc01,12-09 11:00:00+01:00,Node_1,Node_3,eac1,-0.075
2030,sc01,12-09 11:00:00+01:00,Node_1,Node_2,cac2,0.0
2030,sc01,12-09 11:00:00+01:00,Node_2,Node_3,eac1,-0.075
2030,sc01,12-09 11:00:00+01:00,Node_2,Node_3,cac1,-0.018749999999997158
2030,sc01,12-09 11:00:00+01:00,Node_1,Node_2,eac1,-0.065625
2030,sc01,12-09 12:00:00+01:00,Node_1,Node_3,cac1,0.0
2030,sc01,12-09 12:00:00+01:00,Node_1,Node_2,cac1,0.0
2030,sc01,12-09 12:00:00+01:00,Node_2,Node_3,cac3,0.0
2030,sc01,12-09 12:00:00+01:00,Node_2,Node_3,cac2,-0.037499999999994316
2030,sc01,12-09 12:00:00+01:00,Node_1,Node_3,cac3,0.0
2030,sc01,12-09 12:00:00+01:00,Node_1,Node_3,cac2,0.0
2030,sc01,12-09 12:00:00+01:00,Node_1,Node_2,cac3,0.0
2030,sc01,12-09 12:00:00+01:00,Node_1,Node_3,eac1,-0.075
2030,sc01,12-09 12:00:00+01:00,Node_1,Node_2,cac2,0.0
2030,sc01,12-09 12:00:00+01:00,Node_2,Node_3,eac1,-0.075
2030,sc01,12-09 12:00:00+01:00,Node_2,Node_3,cac1,-0.018749999999997158
2030,sc01,12-09 12:00:00+01:00,Node_1,Node_2,eac1,-0.065625
2030,sc01,12-09 13:00:00+01:00,Node_1,Node_3,cac1,0.0
2030,sc01,12-09 13:00:00+01:00,Node_1,Node_2,cac1,0.0
2030,sc01,12-09 13:00:00+01:00,Node_2,Node_3,cac3,0.0
2030,sc01,12-09 13:00:00+01:00,Node_2,Node_3,cac2,-0.037499999999994316
2030,sc01,12-09 13:00:00+01:00,Node_1,Node_3,cac3,0.0
2030,sc01,12-09 13:00:00+01:00,Node_1,Node_3,cac2,0.0
2030,sc01,12-09 13:00:00+01:00,Node_1,Node_2,cac3,0.0
2030,sc01,12-09 13:00:00+01:00,Node_1,Node_3,eac1,-0.075
2030,sc01,12-09 13:00:00+01:00,Node_1,Node_2,cac2,0.0
2030,sc01,12-09 13:00:00+01:00,Node_2,Node_3,eac1,-0.075
2030,sc01,12-09 13:00:00+01:00,Node_2,Node_3,cac1,-0.018749999999997158
2030,sc01,12-09 13:00:00+01:00,Node_1,Node_2,eac1,-0.065625
2030,sc01,12-09 14:00:00+01:00,Node_1,Node_3,cac1,0.0
2030,sc01,12-09 14:00:00+01:00,Node_1,Node_2,cac1,0.0
2030,sc01,12-09 14:00:00+01:00,Node_2,Node_3,cac3,0.0
2030,sc01,12-09 14:00:00+01:00,Node_2,Node_3,cac2,-0.037499999999994316
2030,sc01,12-09 14:00:00+01:00,Node_1,Node_3,cac3,0.0
2030,sc01,12-09 14:00:00+01:00,Node_1,Node_3,cac2,0.0
2030,sc01,12-09 14:00:00+01:00,Node_1,Node_2,cac3,0.0
2030,sc01,12-09 14:00:00+01:00,Node_1,Node_3,eac1,-0.075
2030,sc01,12-09 14:00:00+01:00,Node_1,Node_2,cac2,0.0
2030,sc01,12-09 14:00:00+01:00,Node_2,Node_3,eac1,-0.075
2030,sc01,12-09 14:00:00+01:00,Node_2,Node_3,cac1,-0.018749999999997158
2030,sc01,12-09 14:00:00+01:00,Node_1,Node_2,eac1,-0.065625
2030,sc01,12-09 15:00:00+01:00,Node_1,Node_3,cac1,0.0
2030,sc01,12-09 15:00:00+01:00,Node_1,Node_2,cac1,0.0
2030,sc01,12-09 15:00:00+01:00,Node_2,Node_3,cac3,0.0
2030,sc01,12-09 15:00:00+01:00,Node_2,Node_3,cac2,-0.037499999999994316
2030,sc01,12-09 15:00:00+01:00,Node_1,Node_3,cac3,0.0
2030,sc01,12-09 15:00:00+01:00,Node_1,Node_3,cac2,0.0
2030,sc01,12-09 15:00:00+01:00,Node_1,Node_2,cac3,0.0
2030,sc01,12-09 15:00:00+01:00,Node_1,Node_3,eac1,-0.075
2030,sc01,12-09 15:00:00+01:00,Node_1,Node_2,cac2,0.0
2030,sc01,12-09 15:00:00+01:00,Node_2,Node_3,eac1,-0.075
2030,sc01,12-09 15:00:00+01:00,Node_2,Node_3,cac1,-0.018749999999997158
2030,sc01,12-09 15:00:00+01:00,Node_1,Node_2,eac1,-0.065625
2030,sc01,12-09 16:00:00+01:00,Node_1,Node_3,cac1,0.0
2030,sc01,12-09 16:00:00+01:00,Node_1,Node_2,cac1,0.0
2030,sc01,12-09 16:00:00+01:00,Node_2,Node_3,cac3,0.0
2030,sc01,12-09 16:00:00+01:00,Node_2,Node_3,cac2,-0.037499999999994316
2030,sc01,12-09 16:00:00+01:00,Node_1,Node_3,cac3,0.0
2030,sc01,12-09 16:00:00+01:00,Node_1,Node_3,cac2,0.0
2030,sc01,12-09 16:00:00+01:00,Node_1,Node_2,cac3,0.0
2030,sc01,12-09 16:00:00+01:00,Node_1,Node_3,eac1,-0.075
2030,sc01,12-09 16:00:00+01:00,Node_1,Node_2,cac2,0.0
2030,sc01,12-09 16:00:00+01:00,Node_2,Node_3,eac1,-0.075
2030,sc01,12-09 16:00:00+01:00,Node_2,Node_3,cac1,-0.018749999999997158
2030,sc01,12-09 16:00:00+01:00,Node_1,Node_2,eac1,-0.065625
2030,sc01,12-09 17:00:00+01:00,Node_1,Node_3,cac1,0.0
2030,sc01,12-09 17:00:00+01:00,Node_1,Node_2,cac1,0.0
2030,sc01,12-09 17:00:00+01:00,Node_2,Node_3,cac3,0.0
2030,sc01,12-09 17:00:00+01:00,Node_2,Node_3,cac2,-0.037499999999994316
2030,sc01,12-09 17:00:00+01:00,Node_1,Node_3,cac3,0.0
2030,sc01,12-09 17:00:00+01:00,Node_1,Node_3,cac2,0.0
2030,sc01,12-09 17:00:00+01:00,Node_1,Node_2,cac3,0.0
2030,sc01,12-09 17:00:00+01:00,Node_1,Node_3,eac1,-0.075
2030,sc01,12-09 17:00:00+01:00,Node_1,Node_2,cac2,0.0
2030,sc01,12-09 17:00:00+01:00,Node_2,Node_3,eac1,-0.075
2030,sc01,12-09 17:00:00+01:00,Node_2,Node_3,cac1,-0.018749999999997158
2030,sc01,12-09 17:00:00+01:00,Node_1,Node_2,eac1,-0.065625
2030,sc01,12-09 18:00:00+01:00,Node_1,Node_3,cac1,0.0
2030,sc01,12-09 18:00:00+01:00,Node_1,Node_2,cac1,0.0
2030,sc01,12-09 18:00:00+01:00,Node_2,Node_3,cac3,0.0
2030,sc01,12-09 18:00:00+01:00,Node_2,Node_3,cac2,-0.037499999999994316
2030,sc01,12-09 18:00:00+01:00,Node_1,Node_3,cac3,0.0
2030,sc01,12-09 18:00:00+01:00,Node_1,Node_3,cac2,0.0
2030,sc01,12-09 18:00:00+01:00,Node_1,Node_2,cac3,0.0
2030,sc01,12-09 18:00:00+01:00,Node_1,Node_3,eac1,-0.075
2030,sc01,12-09 18:00:00+01:00,Node_1,Node_2,cac2,0.0
2030,sc01,12-09 18:00:00+01:00,Node_2,Node_3,eac1,-0.075
2030,sc01,12-09 18:00:00+01:00,Node_2,Node_3,cac1,-0.018749999999997158
2030,sc01,12-09 18:00:00+01:00,Node_1,Node_2,eac1,-0.065625
2030,sc01,12-09 19:00:00+01:00,Node_1,Node_3,cac1,0.0
2030,sc01,12-09 19:00:00+01:00,Node_1,Node_2,cac1,0.0
2030,sc01,12-09 19:00:00+01:00,Node_2,Node_3,cac3,0.0
2030,sc01,12-09 19:00:00+01:00,Node_2,Node_3,cac2,-0.037499999999994316
2030,sc01,12-09 19:00:00+01:00,Node_1,Node_3,cac3,0.0
2030,sc01,12-09 19:00:00+01:00,Node_1,Node_3,cac2,0.0
2030,sc01,12-09 19:00:00+01:00,Node_1,Node_2,cac3,0.0
2030,sc01,12-09 19:00:00+01:00,Node_1,Node_3,eac1,-0.075
2030,sc01,12-09 19:00:00+01:00,Node_1,Node_2,cac2,0.0
2030,sc01,12-09 19:00:00+01:00,Node_2,Node_3,eac1,-0.075
2030,sc01,12-09 19:00:00+01:00,Node_2,Node_3,cac1,-0.018749999999997158
2030,sc01,12-09 19:00:00+01:00,Node_1,Node_2,eac1,-0.065625
2030,sc01,12-09 20:00:00+01:00,Node_1,Node_3,cac1,0.0
2030,sc01,12-09 20:00:00+01:00,Node_1,Node_2,cac1,0.0
2030,sc01,12-09 20:00:00+01:00,Node_2,Node_3,cac3,0.0
2030,sc01,12-09 20:00:00+01:00,Node_2,Node_3,cac2,-0.037499999999994316
2030,sc01,12-09 20:00:00+01:00,Node_1,Node_3,cac3,0.0
2030,sc01,12-09 20:00:00+01:00,Node_1,Node_3,cac2,0.0
2030,sc01,12-09 20:00:00+01:00,Node_1,Node_2,cac3,0.0
2030,sc01,12-09 20:00:00+01:00,Node_1,Node_3,eac1,-0.075
2030,sc01,12-09 20:00:00+01:00,Node_1,Node_2,cac2,0.0
2030,sc01,12-09 20:00:00+01:00,Node_2,Node_3,eac1,-0.075
2030,sc01,12-09 20:00:00+01:00,Node_2,Node_3,cac1,-0.018749999999997158
2030,sc01,12-09 20:00:00+01:00,Node_1,Node_2,eac1,-0.065625
2030,sc01,12-09 21:00:00+01:00,Node_1,Node_3,cac1,0.0
2030,sc01,12-09 21:00:00+01:00,Node_1,Node_2,cac1,0.0
2030,sc01,12-09 21:00:00+01:00,Node_2,Node_3,cac3,0.0
2030,sc01,12-09 21:00:00+01:00,Node_2,Node_3,cac2,-0.037499999999994316
2030,sc01,12-09 21:00:00+01:00,Node_1,Node_3,cac3,0.0
2030,sc01,12-09 21:00:00+01:00,Node_1,Node_3,cac2,0.0
2030,sc01,12-09 21:00:00+01:00,Node_1,Node_2,cac3,0.0
2030,sc01,12-09 21:00:00+01:00,Node_1,Node_3,eac1,-0.075
2030,sc01,12-09 21:00:00+01:00,Node_1,Node_2,cac2,0.0
2030,sc01,12-09 21:00:00+01:00,Node_2,Node_3,eac1,-0.075
2030,sc01,12-09 21:00:00+01:00,Node_2,Node_3,cac1,-0.018749999999997158
2030,sc01,12-09 21:00:00+01:00,Node_1,Node_2,eac1,-0.065625
2030,sc01,12-09 22:00:00+01:00,Node_1,Node_3,cac1,0.0
2030,sc01,12-09 22:00:00+01:00,Node_1,Node_2,cac1,0.0
2030,sc01,12-09 22:00:00+01:00,Node_2,Node_3,cac3,0.0
2030,sc01,12-09 22:00:00+01:00,Node_2,Node_3,cac2,-0.037499999999994316
2030,sc01,12-09 22:00:00+01:00,Node_1,Node_3,cac3,0.0
2030,sc01,12-09 22:00:00+01:00,Node_1,Node_3,cac2,0.0
2030,sc01,12-09 22:00:00+01:00,Node_1,Node_2,cac3,0.0
2030,sc01,12-09 22:00:00+01:00,Node_1,Node_3,eac1,-0.075
2030,sc01,12-09 22:00:00+01:00,Node_1,Node_2,cac2,0.0
2030,sc01,12-09 22:00:00+01:00,Node_2,Node_3,eac1,-0.075
2030,sc01,12-09 22:00:00+01:00,Node_2,Node_3,cac1,-0.018749999999997158
2030,sc01,12-09 22:00:00+01:00,Node_1,Node_2,eac1,-0.065625
2030,sc01,12-09 23:00:00+01:00,Node_1,Node_3,cac1,0.0
2030,sc01,12-09 23:00:00+01:00,Node_1,Node_2,cac1,0.0
2030,sc01,12-09 23:00:00+01:00,Node_2,Node_3,cac3,0.0
2030,sc01,12-09 23:00:00+01:00,Node_2,Node_3,cac2,-0.037499999999994316
2030,sc01,12-09 23:00:00+01:00,Node_1,Node_3,cac3,0.0
2030,sc01,12-09 23:00:00+01:00,Node_1,Node_3,cac2,0.0
2030,sc01,12-09 23:00:00+01:00,Node_1,Node_2,cac3,0.0
2030,sc01,12-09 23:00:00+01:00,Node_1,Node_3,eac1,-0.075
2030,sc01,12-09 23:00:00+01:00,Node_1,Node_2,cac2,0.0
2030,sc01,12-09 23:00:00+01:00,Node_2,Node_3,eac1,-0.075
2030,sc01,12-09 23:00:00+01:00,Node_2,Node_3,cac1,-0.018749999999997158
2030,sc01,12-09 23:00:00+01:00,Node_1,Node_2,eac1,-0.065625
2030,sc01,12-21 00:00:00+01:00,Node_1,Node_3,cac1,0.0
2030,sc01,12-21 00:00:00+01:00,Node_1,Node_2,cac1,0.0
2030,sc01,12-21 00:00:00+01:00,Node_2,Node_3,cac3,0.0
2030,sc01,12-21 00:00:00+01:00,Node_2,Node_3,cac2,-0.037499999999994316
2030,sc01,12-21 00:00:00+01:00,Node_1,Node_3,cac3,0.0
2030,sc01,12-21 00:00:00+01:00,Node_1,Node_3,cac2,0.0
2030,sc01,12-21 00:00:00+01:00,Node_1,Node_2,cac3,0.0
2030,sc01,12-21 00:00:00+01:00,Node_1,Node_3,eac1,-0.075
2030,sc01,12-21 00:00:00+01:00,Node_1,Node_2,cac2,0.0
2030,sc01,12-21 00:00:00+01:00,Node_2,Node_3,eac1,-0.075
2030,sc01,12-21 00:00:00+01:00,Node_2,Node_3,cac1,-0.018749999999997158
2030,sc01,12-21 00:00:00+01:00,Node_1,Node_2,eac1,-0.065625
2030,sc01,12-21 01:00:00+01:00,Node_1,Node_3,cac1,0.0
2030,sc01,12-21 01:00:00+01:00,Node_1,Node_2,cac1,0.0
2030,sc01,12-21 01:00:00+01:00,Node_2,Node_3,cac3,0.0
2030,sc01,12-21 01:00:00+01:00,Node_2,Node_3,cac2,-0.037499999999994316
2030,sc01,12-21 01:00:00+01:00,Node_1,Node_3,cac3,0.0
2030,sc01,12-21 01:00:00+01:00,Node_1,Node_3,cac2,0.0
2030,sc01,12-21 01:00:00+01:00,Node_1,Node_2,cac3,0.0
2030,sc01,12-21 01:00:00+01:00,Node_1,Node_3,eac1,-0.075
2030,sc01,12-21 01:00:00+01:00,Node_1,Node_2,cac2,0.0
2030,sc01,12-21 01:00:00+01:00,Node_2,Node_3,eac1,-0.075
2030,sc01,12-21 01:00:00+01:00,Node_2,Node_3,cac1,-0.018749999999997158
2030,sc01,12-21 01:00:00+01:00,Node_1,Node_2,eac1,-0.065625
2030,sc01,12-21 02:00:00+01:00,Node_1,Node_3,cac1,0.0
2030,sc01,12-21 02:00:00+01:00,Node_1,Node_2,cac1,0.0
2030,sc01,12-21 02:00:00+01:00,Node_2,Node_3,cac3,0.0
2030,sc01,12-21 02:00:00+01:00,Node_2,Node_3,cac2,-0.037499999999994316
2030,sc01,12-21 02:00:00+01:00,Node_1,Node_3,cac3,0.0
2030,sc01,12-21 02:00:00+01:00,Node_1,Node_3,cac2,0.0
2030,sc01,12-21 02:00:00+01:00,Node_1,Node_2,cac3,0.0
2030,sc01,12-21 02:00:00+01:00,Node_1,Node_3,eac1,-0.075
2030,sc01,12-21 02:00:00+01:00,Node_1,Node_2,cac2,0.0
2030,sc01,12-21 02:00:00+01:00,Node_2,Node_3,eac1,-0.075
2030,sc01,12-21 02:00:00+01:00,Node_2,Node_3,cac1,-0.018749999999997158
2030,sc01,12-21 02:00:00+01:00,Node_1,Node_2,eac1,-0.065625
2030,sc01,12-21 03:00:00+01:00,Node_1,Node_3,cac1,0.0
2030,sc01,12-21 03:00:00+01:00,Node_1,Node_2,cac1,0.0
2030,sc01,12-21 03:00:00+01:00,Node_2,Node_3,cac3,0.0
2030,sc01,12-21 03:00:00+01:00,Node_2,Node_3,cac2,-0.037499999999994316
2030,sc01,12-21 03:00:00+01:00,Node_1,Node_3,cac3,0.0
2030,sc01,12-21 03:00:00+01:00,Node_1,Node_3,cac2,0.0
2030,sc01,12-21 03:00:00+01:00,Node_1,Node_2,cac3,0.0
2030,sc01,12-21 03:00:00+01:00,Node_1,Node_3,eac1,-0.075
2030,sc01,12-21 03:00:00+01:00,Node_1,Node_2,cac2,0.0
2030,sc01,12-21 03:00:00+01:00,Node_2,Node_3,eac1,-0.075
2030,sc01,12-21 03:00:00+01:00,Node_2,Node_3,cac1,-0.018749999999997158
2030,sc01,12-21 03:00:00+01:00,Node_1,Node_2,eac1,-0.065625
2030,sc01,12-21 04:00:00+01:00,Node_1,Node_3,cac1,0.0
2030,sc01,12-21 04:00:00+01:00,Node_1,Node_2,cac1,0.0
2030,sc01,12-21 04:00:00+01:00,Node_2,Node_3,cac3,0.0
2030,sc01,12-21 04:00:00+01:00,Node_2,Node_3,cac2,-0.037499999999994316
2030,sc01,12-21 04:00:00+01:00,Node_1,Node_3,cac3,0.0
2030,sc01,12-21 04:00:00+01:00,Node_1,Node_3,cac2,0.0
2030,sc01,12-21 04:00:00+01:00,Node_1,Node_2,cac3,0.0
2030,sc01,12-21 04:00:00+01:00,Node_1,Node_3,eac1,-0.075
2030,sc01,12-21 04:00:00+01:00,Node_1,Node_2,cac2,0.0
2030,sc01,12-21 04:00:00+01:00,Node_2,Node_3,eac1,-0.075
2030,sc01,12-21 04:00:00+01:00,Node_2,Node_3,cac1,-0.018749999999997158
2030,sc01,12-21 04:00:00+01:00,Node_1,Node_2,eac1,-0.065625
2030,sc01,12-21 05:00:00+01:00,Node_1,Node_3,cac1,0.0
2030,sc01,12-21 05:00:00+01:00,Node_1,Node_2,cac1,0.0
2030,sc01,12-21 05:00:00+01:00,Node_2,Node_3,cac3,0.0
2030,sc01,12-21 05:00:00+01:00,Node_2,Node_3,cac2,-0.037499999999994316
2030,sc01,12-21 05:00:00+01:00,Node_1,Node_3,cac3,0.0
2030,sc01,12-21 05:00:00+01:00,Node_1,Node_3,cac2,0.0
2030,sc01,12-21 05:00:00+01:00,Node_1,Node_2,cac3,0.0
2030,sc01,12-21 05:00:00+01:00,Node_1,Node_3,eac1,-0.075
2030,sc01,12-21 05:00:00+01:00,Node_1,Node_2,cac2,0.0
2030,sc01,12-21 05:00:00+01:00,Node_2,Node_3,eac1,-0.075
2030,sc01,12-21 05:00:00+01:00,Node_2,Node_3,cac1,-0.018749999999997158
2030,sc01,12-21 05:00:00+01:00,Node_1,Node_2,eac1,-0.065625
2030,sc01,12-21 06:00:00+01:00,Node_1,Node_3,cac1,0.0
2030,sc01,12-21 06:00:00+01:00,Node_1,Node_2,cac1,0.0
2030,sc01,12-21 06:00:00+01:00,Node_2,Node_3,cac3,0.0
2030,sc01,12-21 06:00:00+01:00,Node_2,Node_3,cac2,-0.037499999999994316
2030,sc01,12-21 06:00:00+01:00,Node_1,Node_3,cac3,0.0
2030,sc01,12-21 06:00:00+01:00,Node_1,Node_3,cac2,0.0
2030,sc01,12-21 06:00:00+01:00,Node_1,Node_2,cac3,0.0
2030,sc01,12-21 06:00:00+01:00,Node_1,Node_3,eac1,-0.075
2030,sc01,12-21 06:00:00+01:00,Node_1,Node_2,cac2,0.0
2030,sc01,12-21 06:00:00+01:00,Node_2,Node_3,eac1,-0.075
2030,sc01,12-21 06:00:00+01:00,Node_2,Node_3,cac1,-0.018749999999997158
2030,sc01,12-21 06:00:00+01:00,Node_1,Node_2,eac1,-0.065625
2030,sc01,12-21 07:00:00+01:00,Node_1,Node_3,cac1,0.0
2030,sc01,12-21 07:00:00+01:00,Node_1,Node_2,cac1,0.0
2030,sc01,12-21 07:00:00+01:00,Node_2,Node_3,cac3,0.0
2030,sc01,12-21 07:00:00+01:00,Node_2,Node_3,cac2,-0.037499999999994316
2030,sc01,12-21 07:00:00+01:00,Node_1,Node_3,cac3,0.0
2030,sc01,12-21 07:00:00+01:00,Node_1,Node_3,cac2,0.0
2030,sc01,12-21 07:00:00+01:00,Node_1,Node_2,cac3,0.0
2030,sc01,12-21 07:00:00+01:00,Node_1,Node_3,eac1,-0.075
2030,sc01,12-21 07:00:00+01:00,Node_1,Node_2,cac2,0.0
2030,sc01,12-21 07:00:00+01:00,Node_2,Node_3,eac1,-0.075
2030,sc01,12-21 07:00:00+01:00,Node_2,Node_3,cac1,-0.018749999999997158
2030,sc01,12-21 07:00:00+01:00,Node_1,Node_2,eac1,-0.065625
2030,sc01,12-21 08:00:00+01:00,Node_1,Node_3,cac1,0.0
2030,sc01,12-21 08:00:00+01:00,Node_1,Node_2,cac1,0.0
2030,sc01,12-21 08:00:00+01:00,Node_2,Node_3,cac3,0.0
2030,sc01,12-21 08:00:00+01:00,Node_2,Node_3,cac2,-0.037499999999994316
2030,sc01,12-21 08:00:00+01:00,Node_1,Node_3,cac3,0.0
2030,sc01,12-21 08:00:00+01:00,Node_1,Node_3,cac2,0.0
2030,sc01,12-21 08:00:00+01:00,Node_1,Node_2,cac3,0.0
2030,sc01,12-21 08:00:00+01:00,Node_1,Node_3,eac1,-0.075
2030,sc01,12-21 08:00:00+01:00,Node_1,Node_2,cac2,0.0
2030,sc01,12-21 08:00:00+01:00,Node_2,Node_3,eac1,-0.075
2030,sc01,12-21 08:00:00+01:00,Node_2,Node_3,cac1,-0.018749999999997158
2030,sc01,12-21 08:00:00+01:00,Node_1,Node_2,eac1,-0.065625
2030,sc01,12-21 09:00:00+01:00,Node_1,Node_3,cac1,0.0
2030,sc01,12-21 09:00:00+01:00,Node_1,Node_2,cac1,0.0
2030,sc01,12-21 09:00:00+01:00,Node_2,Node_3,cac3,0.0
2030,sc01,12-21 09:00:00+01:00,Node_2,Node_3,cac2,-0.037499999999994316
2030,sc01,12-21 09:00:00+01:00,Node_1,Node_3,cac3,0.0
2030,sc01,12-21 09:00:00+01:00,Node_1,Node_3,cac2,0.0
2030,sc01,12-21 09:00:00+01:00,Node_1,Node_2,cac3,0.0
2030,sc01,12-21 09:00:00+01:00,Node_1,Node_3,eac1,-0.075
2030,sc01,12-21 09:00:00+01:00,Node_1,Node_2,cac2,0.0
2030,sc01,12-21 09:00:00+01:00,Node_2,Node_3,eac1,-0.075
2030,sc01,12-21 09:00:00+01:00,Node_2,Node_3,cac1,-0.018749999999997158
2030,sc01,12-21 09:00:00+01:00,Node_1,Node_2,eac1,-0.065625
2030,sc01,12-21 10:00:00+01:00,Node_1,Node_3,cac1,0.0
2030,sc01,12-21 10:00:00+01:00,Node_1,Node_2,cac1,0.0
2030,sc01,12-21 10:00:00+01:00,Node_2,Node_3,cac3,0.0
2030,sc01,12-21 10:00:00+01:00,Node_2,Node_3,cac2,-0.037499999999994316
2030,sc01,12-21 10:00:00+01:00,Node_1,Node_3,cac3,0.0
2030,sc01,12-21 10:00:00+01:00,Node_1,Node_3,cac2,0.0
2030,sc01,12-21 10:00:00+01:00,Node_1,Node_2,cac3,0.0
2030,sc01,12-21 10:00:00+01:00,Node_1,Node_3,eac1,-0.075
2030,sc01,12-21 10:00:00+01:00,Node_1,Node_2,cac2,0.0
2030,sc01,12-21 10:00:00+01:00,Node_2,Node_3,eac1,-0.075
2030,sc01,12-21 10:00:00+01:00,Node_2,Node_3,cac1,-0.018749999999997158
2030,sc01,12-21 10:00:00+01:00,Node_1,Node_2,eac1,-0.065625
2030,sc01,12-21 11:00:00+01:00,Node_1,Node_3,cac1,0.0
2030,sc01,12-21 11:00:00+01:00,Node_1,Node_2,cac1,0.0
2030,sc01,12-21 11:00:00+01:00,Node_2,Node_3,cac3,0.0
2030,sc01,12-21 11:00:00+01:00,Node_2,Node_3,cac2,-0.037499999999994316
2030,sc01,12-21 11:00:00+01:00,Node_1,Node_3,cac3,0.0
2030,sc01,12-21 11:00:00+01:00,Node_1,Node_3,cac2,0.0
2030,sc01,12-21 11:00:00+01:00,Node_1,Node_2,cac3,0.0
2030,sc01,12-21 11:00:00+01:00,Node_1,Node_3,eac1,-0.075
2030,sc01,12-21 11:00:00+01:00,Node_1,Node_2,cac2,0.0
2030,sc01,12-21 11:00:00+01:00,Node_2,Node_3,eac1,-0.075
2030,sc01,12-21 11:00:00+01:00,Node_2,Node_3,cac1,-0.018749999999997158
2030,sc01,12-21 11:00:00+01:00,Node_1,Node_2,eac1,-0.065625
2030,sc01,12-21 12:00:00+01:00,Node_1,Node_3,cac1,0.0
2030,sc01,12-21 12:00:00+01:00,Node_1,Node_2,cac1,0.0
2030,sc01,12-21 12:00:00+01:00,Node_2,Node_3,cac3,0.0
2030,sc01,12-21 12:00:00+01:00,Node_2,Node_3,cac2,-0.037499999999994316
2030,sc01,12-21 12:00:00+01:00,Node_1,Node_3,cac3,0.0
2030,sc01,12-21 12:00:00+01:00,Node_1,Node_3,cac2,0.0
2030,sc01,12-21 12:00:00+01:00,Node_1,Node_2,cac3,0.0
2030,sc01,12-21 12:00:00+01:00,Node_1,Node_3,eac1,-0.075
2030,sc01,12-21 12:00:00+01:00,Node_1,Node_2,cac2,0.0
2030,sc01,12-21 12:00:00+01:00,Node_2,Node_3,eac1,-0.075
2030,sc01,12-21 12:00:00+01:00,Node_2,Node_3,cac1,-0.018749999999997158
2030,sc01,12-21 12:00:00+01:00,Node_1,Node_2,eac1,-0.065625
2030,sc01,12-21 13:00:00+01:00,Node_1,Node_3,cac1,0.0
2030,sc01,12-21 13:00:00+01:00,Node_1,Node_2,cac1,0.0
2030,sc01,12-21 13:00:00+01:00,Node_2,Node_3,cac3,0.0
2030,sc01,12-21 13:00:00+01:00,Node_2,Node_3,cac2,-0.037499999999994316
2030,sc01,12-21 13:00:00+01:00,Node_1,Node_3,cac3,0.0
2030,sc01,12-21 13:00:00+01:00,Node_1,Node_3,cac2,0.0
2030,sc01,12-21 13:00:00+01:00,Node_1,Node_2,cac3,0.0
2030,sc01,12-21 13:00:00+01:00,Node_1,Node_3,eac1,-0.075
2030,sc01,12-21 13:00:00+01:00,Node_1,Node_2,cac2,0.0
2030,sc01,12-21 13:00:00+01:00,Node_2,Node_3,eac1,-0.075
2030,sc01,12-21 13:00:00+01:00,Node_2,Node_3,cac1,-0.018749999999997158
2030,sc01,12-21 13:00:00+01:00,Node_1,Node_2,eac1,-0.065625
2030,sc01,12-21 14:00:00+01:00,Node_1,Node_3,cac1,0.0
2030,sc01,12-21 14:00:00+01:00,Node_1,Node_2,cac1,0.0
2030,sc01,12-21 14:00:00+01:00,Node_2,Node_3,cac3,0.0
2030,sc01,12-21 14:00:00+01:00,Node_2,Node_3,cac2,-0.037499999999994316
2030,sc01,12-21 14:00:00+01:00,Node_1,Node_3,cac3,0.0
2030,sc01,12-21 14:00:00+01:00,Node_1,Node_3,cac2,0.0
2030,sc01,12-21 14:00:00+01:00,Node_1,Node_2,cac3,0.0
2030,sc01,12-21 14:00:00+01:00,Node_1,Node_3,eac1,-0.075
2030,sc01,12-21 14:00:00+01:00,Node_1,Node_2,cac2,0.0
2030,sc01,12-21 14:00:00+01:00,Node_2,Node_3,eac1,-0.075
2030,sc01,12-21 14:00:00+01:00,Node_2,Node_3,cac1,-0.018749999999997158
2030,sc01,12-21 14:00:00+01:00,Node_1,Node_2,eac1,-0.065625
2030,sc01,12-21 15:00:00+01:00,Node_1,Node_3,cac1,0.0
2030,sc01,12-21 15:00:00+01:00,Node_1,Node_2,cac1,0.0
2030,sc01,12-21 15:00:00+01:00,Node_2,Node_3,cac3,0.0
2030,sc01,12-21 15:00:00+01:00,Node_2,Node_3,cac2,-0.037499999999994316
2030,sc01,12-21 15:00:00+01:00,Node_1,Node_3,cac3,0.0
2030,sc01,12-21 15:00:00+01:00,Node_1,Node_3,cac2,0.0
2030,sc01,12-21 15:00:00+01:00,Node_1,Node_2,cac3,0.0
2030,sc01,12-21 15:00:00+01:00,Node_1,Node_3,eac1,-0.075
2030,sc01,12-21 15:00:00+01:00,Node_1,Node_2,cac2,0.0
2030,sc01,12-21 15:00:00+01:00,Node_2,Node_3,eac1,-0.075
2030,sc01,12-21 15:00:00+01:00,Node_2,Node_3,cac1,-0.018749999999997158
2030,sc01,12-21 15:00:00+01:00,Node_1,Node_2,eac1,-0.065625
2030,sc01,12-21 16:00:00+01:00,Node_1,Node_3,cac1,0.0
2030,sc01,12-21 16:00:00+01:00,Node_1,Node_2,cac1,0.0
2030,sc01,12-21 16:00:00+01:00,Node_2,Node_3,cac3,0.0
2030,sc01,12-21 16:00:00+01:00,Node_2,Node_3,cac2,-0.037499999999994316
2030,sc01,12-21 16:00:00+01:00,Node_1,Node_3,cac3,0.0
2030,sc01,12-21 16:00:00+01:00,Node_1,Node_3,cac2,0.0
2030,sc01,12-21 16:00:00+01:00,Node_1,Node_2,cac3,0.0
2030,sc01,12-21 16:00:00+01:00,Node_1,Node_3,eac1,-0.075
2030,sc01,12-21 16:00:00+01:00,Node_1,Node_2,cac2,0.0
2030,sc01,12-21 16:00:00+01:00,Node_2,Node_3,eac1,-0.075
2030,sc01,12-21 16:00:00+01:00,Node_2,Node_3,cac1,-0.018749999999997158
2030,sc01,12-21 16:00:00+01:00,Node_1,Node_2,eac1,-0.065625
2030,sc01,12-21 17:00:00+01:00,Node_1,Node_3,cac1,0.0
2030,sc01,12-21 17:00:00+01:00,Node_1,Node_2,cac1,0.0
2030,sc01,12-21 17:00:00+01:00,Node_2,Node_3,cac3,0.0
2030,sc01,12-21 17:00:00+01:00,Node_2,Node_3,cac2,-0.037499999999994316
2030,sc01,12-21 17:00:00+01:00,Node_1,Node_3,cac3,0.0
2030,sc01,12-21 17:00:00+01:00,Node_1,Node_3,cac2,0.0
2030,sc01,12-21 17:00:00+01:00,Node_1,Node_2,cac3,0.0
2030,sc01,12-21 17:00:00+01:00,Node_1,Node_3,eac1,-0.075
2030,sc01,12-21 17:00:00+01:00,Node_1,Node_2,cac2,0.0
2030,sc01,12-21 17:00:00+01:00,Node_2,Node_3,eac1,-0.075
2030,sc01,12-21 17:00:00+01:00,Node_2,Node_3,cac1,-0.018749999999997158
2030,sc01,12-21 17:00:00+01:00,Node_1,Node_2,eac1,-0.065625
2030,sc01,12-21 18:00:00+01:00,Node_1,Node_3,cac1,0.0
2030,sc01,12-21 18:00:00+01:00,Node_1,Node_2,cac1,0.0
2030,sc01,12-21 18:00:00+01:00,Node_2,Node_3,cac3,0.0
2030,sc01,12-21 18:00:00+01:00,Node_2,Node_3,cac2,-0.037499999999994316
2030,sc01,12-21 18:00:00+01:00,Node_1,Node_3,cac3,0.0
2030,sc01,12-21 18:00:00+01:00,Node_1,Node_3,cac2,0.0
2030,sc01,12-21 18:00:00+01:00,Node_1,Node_2,cac3,0.0
2030,sc01,12-21 18:00:00+01:00,Node_1,Node_3,eac1,-0.075
2030,sc01,12-21 18:00:00+01:00,Node_1,Node_2,cac2,0.0
2030,sc01,12-21 18:00:00+01:00,Node_2,Node_3,eac1,-0.075
2030,sc01,12-21 18:00:00+01:00,Node_2,Node_3,cac1,-0.018749999999997158
2030,sc01,12-21 18:00:00+01:00,Node_1,Node_2,eac1,-0.065625
2030,sc01,12-21 19:00:00+01:00,Node_1,Node_3,cac1,0.0
2030,sc01,12-21 19:00:00+01:00,Node_1,Node_2,cac1,0.0
2030,sc01,12-21 19:00:00+01:00,Node_2,Node_3,cac3,0.0
2030,sc01,12-21 19:00:00+01:00,Node_2,Node_3,cac2,-0.037499999999994316
2030,sc01,12-21 19:00:00+01:00,Node_1,Node_3,cac3,0.0
2030,sc01,12-21 19:00:00+01:00,Node_1,Node_3,cac2,0.0
2030,sc01,12-21 19:00:00+01:00,Node_1,Node_2,cac3,0.0
2030,sc01,12-21 19:00:00+01:00,Node_1,Node_3,eac1,-0.075
2030,sc01,12-21 19:00:00+01:00,Node_1,Node_2,cac2,0.0
2030,sc01,12-21 19:00:00+01:00,Node_2,Node_3,eac1,-0.075
2030,sc01,12-21 19:00:00+01:00,Node_2,Node_3,cac1,-0.018749999999997158
2030,sc01,12-21 19:00:00+01:00,Node_1,Node_2,eac1,-0.065625
2030,sc01,12-21 20:00:00+01:00,Node_1,Node_3,cac1,0.0
2030,sc01,12-21 20:00:00+01:00,Node_1,Node_2,cac1,0.0
2030,sc01,12-21 20:00:00+01:00,Node_2,Node_3,cac3,0.0
2030,sc01,12-21 20:00:00+01:00,Node_2,Node_3,cac2,-0.037499999999994316
2030,sc01,12-21 20:00:00+01:00,Node_1,Node_3,cac3,0.0
2030,sc01,12-21 20:00:00+01:00,Node_1,Node_3,cac2,0.0
2030,sc01,12-21 20:00:00+01:00,Node_1,Node_2,cac3,0.0
2030,sc01,12-21 20:00:00+01:00,Node_1,Node_3,eac1,-0.075
2030,sc01,12-21 20:00:00+01:00,Node_1,Node_2,cac2,0.0
2030,sc01,12-21 20:00:00+01:00,Node_2,Node_3,eac1,-0.075
2030,sc01,12-21 20:00:00+01:00,Node_2,Node_3,cac1,-0.018749999999997158
2030,sc01,12-21 20:00:00+01:00,Node_1,Node_2,eac1,-0.065625
2030,sc01,12-21 21:00:00+01:00,Node_1,Node_3,cac1,0.0
2030,sc01,12-21 21:00:00+01:00,Node_1,Node_2,cac1,0.0
2030,sc01,12-21 21:00:00+01:00,Node_2,Node_3,cac3,0.0
2030,sc01,12-21 21:00:00+01:00,Node_2,Node_3,cac2,-0.037499999999994316
2030,sc01,12-21 21:00:00+01:00,Node_1,Node_3,cac3,0.0
2030,sc01,12-21 21:00:00+01:00,Node_1,Node_3,cac2,0.0
2030,sc01,12-21 21:00:00+01:00,Node_1,Node_2,cac3,0.0
2030,sc01,12-21 21:00:00+01:00,Node_1,Node_3,eac1,-0.075
2030,sc01,12-21 21:00:00+01:00,Node_1,Node_2,cac2,0.0
2030,sc01,12-21 21:00:00+01:00,Node_2,Node_3,eac1,-0.075
2030,sc01,12-21 21:00:00+01:00,Node_2,Node_3,cac1,-0.018749999999997158
2030,sc01,12-21 21:00:00+01:00,Node_1,Node_2,eac1,-0.065625
2030,sc01,12-21 22:00:00+01:00,Node_1,Node_3,cac1,0.0
2030,sc01,12-21 22:00:00+01:00,Node_1,Node_2,cac1,0.0
2030,sc01,12-21 22:00:00+01:00,Node_2,Node_3,cac3,0.0
2030,sc01,12-21 22:00:00+01:00,Node_2,Node_3,cac2,-0.037499999999994316
2030,sc01,12-21 22:00:00+01:00,Node_1,Node_3,cac3,0.0
2030,sc01,12-21 22:00:00+01:00,Node_1,Node_3,cac2,0.0
2030,sc01,12-21 22:00:00+01:00,Node_1,Node_2,cac3,0.0
2030,sc01,12-21 22:00:00+01:00,Node_1,Node_3,eac1,-0.075
2030,sc01,12-21 22:00:00+01:00,Node_1,Node_2,cac2,0.0
2030,sc01,12-21 22:00:00+01:00,Node_2,Node_3,eac1,-0.075
2030,sc01,12-21 22:00:00+01:00,Node_2,Node_3,cac1,-0.018749999999997158
2030,sc01,12-21 22:00:00+01:00,Node_1,Node_2,eac1,-0.065625
2030,sc01,12-21 23:00:00+01:00,Node_1,Node_3,cac1,0.0
2030,sc01,12-21 23:00:00+01:00,Node_1,Node_2,cac1,0.0
2030,sc01,12-21 23:00:00+01:00,Node_2,Node_3,cac3,0.0
2030,sc01,12-21 23:00:00+01:00,Node_2,Node_3,cac2,-0.037499999999994316
2030,sc01,12-21 23:00:00+01:00,Node_1,Node_3,cac3,0.0
2030,sc01,12-21 23:00:00+01:00,Node_1,Node_3,cac2,0.0
2030,sc01,12-21 23:00:00+01:00,Node_1,Node_2,cac3,0.0
2030,sc01,12-21 23:00:00+01:00,Node_1,Node_3,eac1,-0.075
2030,sc01,12-21 23:00:00+01:00,Node_1,Node_2,cac2,0.0
2030,sc01,12-21 23:00:00+01:00,Node_2,Node_3,eac1,-0.075
2030,sc01,12-21 23:00:00+01:00,Node_2,Node_3,cac1,-0.018749999999997158
2030,sc01,12-21 23:00:00+01:00,Node_1,Node_2,eac1,-0.065625
2030,sc01,12-27 00:00:00+01:00,Node_1,Node_3,cac1,0.0
2030,sc01,12-27 00:00:00+01:00,Node_1,Node_2,cac1,0.0
2030,sc01,12-27 00:00:00+01:00,Node_2,Node_3,cac3,0.0
2030,sc01,12-27 00:00:00+01:00,Node_2,Node_3,cac2,-0.037499999999994316
2030,sc01,12-27 00:00:00+01:00,Node_1,Node_3,cac3,0.0
2030,sc01,12-27 00:00:00+01:00,Node_1,Node_3,cac2,0.0
2030,sc01,12-27 00:00:00+01:00,Node_1,Node_2,cac3,0.0
2030,sc01,12-27 00:00:00+01:00,Node_1,Node_3,eac1,-0.075
2030,sc01,12-27 00:00:00+01:00,Node_1,Node_2,cac2,0.0
2030,sc01,12-27 00:00:00+01:00,Node_2,Node_3,eac1,-0.075
2030,sc01,12-27 00:00:00+01:00,Node_2,Node_3,cac1,-0.018749999999997158
2030,sc01,12-27 00:00:00+01:00,Node_1,Node_2,eac1,-0.065625
2030,sc01,12-27 01:00:00+01:00,Node_1,Node_3,cac1,0.0
2030,sc01,12-27 01:00:00+01:00,Node_1,Node_2,cac1,0.0
2030,sc01,12-27 01:00:00+01:00,Node_2,Node_3,cac3,0.0
2030,sc01,12-27 01:00:00+01:00,Node_2,Node_3,cac2,-0.037499999999994316
2030,sc01,12-27 01:00:00+01:00,Node_1,Node_3,cac3,0.0
2030,sc01,12-27 01:00:00+01:00,Node_1,Node_3,cac2,0.0
2030,sc01,12-27 01:00:00+01:00,Node_1,Node_2,cac3,0.0
2030,sc01,12-27 01:00:00+01:00,Node_1,Node_3,eac1,-0.075
2030,sc01,12-27 01:00:00+01:00,Node_1,Node_2,cac2,0.0
2030,sc01,12-27 01:00:00+01:00,Node_2,Node_3,eac1,-0.075
2030,sc01,12-27 01:00:00+01:00,Node_2,Node_3,cac1,-0.018749999999997158
2030,sc01,12-27 01:00:00+01:00,Node_1,Node_2,eac1,-0.065625
2030,sc01,12-27 02:00:00+01:00,Node_1,Node_3,cac1,0.0
2030,sc01,12-27 02:00:00+01:00,Node_1,Node_2,cac1,0.0
2030,sc01,12-27 02:00:00+01:00,Node_2,Node_3,cac3,0.0
2030,sc01,12-27 02:00:00+01:00,Node_2,Node_3,cac2,-0.037499999999994316
2030,sc01,12-27 02:00:00+01:00,Node_1,Node_3,cac3,0.0
2030,sc01,12-27 02:00:00+01:00,Node_1,Node_3,cac2,0.0
2030,sc01,12-27 02:00:00+01:00,Node_1,Node_2,cac3,0.0
2030,sc01,12-27 02:00:00+01:00,Node_1,Node_3,eac1,-0.075
2030,sc01,12-27 02:00:00+01:00,Node_1,Node_2,cac2,0.0
2030,sc01,12-27 02:00:00+01:00,Node_2,Node_3,eac1,-0.075
2030,sc01,12-27 02:00:00+01:00,Node_2,Node_3,cac1,-0.018749999999997158
2030,sc01,12-27 02:00:00+01:00,Node_1,Node_2,eac1,-0.06530154863784787
2030,sc01,12-27 03:00:00+01:00,Node_1,Node_3,cac1,0.0
2030,sc01,12-27 03:00:00+01:00,Node_1,Node_2,cac1,0.0
2030,sc01,12-27 03:00:00+01:00,Node_2,Node_3,cac3,0.0
2030,sc01,12-27 03:00:00+01:00,Node_2,Node_3,cac2,-0.037499999999994316
2030,sc01,12-27 03:00:00+01:00,Node_1,Node_3,cac3,0.0
2030,sc01,12-27 03:00:00+01:00,Node_1,Node_3,cac2,0.0
2030,sc01,12-27 03:00:00+01:00,Node_1,Node_2,cac3,0.0
2030,sc01,12-27 03:00:00+01:00,Node_1,Node_3,eac1,-0.075
2030,sc01,12-27 03:00:00+01:00,Node_1,Node_2,cac2,0.0
2030,sc01,12-27 03:00:00+01:00,Node_2,Node_3,eac1,-0.075
2030,sc01,12-27 03:00:00+01:00,Node_2,Node_3,cac1,-0.018749999999997158
2030,sc01,12-27 03:00:00+01:00,Node_1,Node_2,eac1,-0.06559773899237138
2030,sc01,12-27 04:00:00+01:00,Node_1,Node_3,cac1,0.0
2030,sc01,12-27 04:00:00+01:00,Node_1,Node_2,cac1,0.0
2030,sc01,12-27 04:00:00+01:00,Node_2,Node_3,cac3,0.0
2030,sc01,12-27 04:00:00+01:00,Node_2,Node_3,cac2,-0.037499999999994316
2030,sc01,12-27 04:00:00+01:00,Node_1,Node_3,cac3,0.0
2030,sc01,12-27 04:00:00+01:00,Node_1,Node_3,cac2,0.0
2030,sc01,12-27 04:00:00+01:00,Node_1,Node_2,cac3,0.0
2030,sc01,12-27 04:00:00+01:00,Node_1,Node_3,eac1,-0.075
2030,sc01,12-27 04:00:00+01:00,Node_1,Node_2,cac2,0.0
2030,sc01,12-27 04:00:00+01:00,Node_2,Node_3,eac1,-0.075
2030,sc01,12-27 04:00:00+01:00,Node_2,Node_3,cac1,-0.018749999999997158
2030,sc01,12-27 04:00:00+01:00,Node_1,Node_2,eac1,-0.065625
2030,sc01,12-27 05:00:00+01:00,Node_1,Node_3,cac1,0.0
2030,sc01,12-27 05:00:00+01:00,Node_1,Node_2,cac1,0.0
2030,sc01,12-27 05:00:00+01:00,Node_2,Node_3,cac3,0.0
2030,sc01,12-27 05:00:00+01:00,Node_2,Node_3,cac2,-0.037499999999994316
2030,sc01,12-27 05:00:00+01:00,Node_1,Node_3,cac3,0.0
2030,sc01,12-27 05:00:00+01:00,Node_1,Node_3,cac2,0.0
2030,sc01,12-27 05:00:00+01:00,Node_1,Node_2,cac3,0.0
2030,sc01,12-27 05:00:00+01:00,Node_1,Node_3,eac1,-0.075
2030,sc01,12-27 05:00:00+01:00,Node_1,Node_2,cac2,0.0
2030,sc01,12-27 05:00:00+01:00,Node_2,Node_3,eac1,-0.075
2030,sc01,12-27 05:00:00+01:00,Node_2,Node_3,cac1,-0.018749999999997158
2030,sc01,12-27 05:00:00+01:00,Node_1,Node_2,eac1,-0.065625
2030,sc01,12-27 06:00:00+01:00,Node_1,Node_3,cac1,0.0
2030,sc01,12-27 06:00:00+01:00,Node_1,Node_2,cac1,0.0
2030,sc01,12-27 06:00:00+01:00,Node_2,Node_3,cac3,0.0
2030,sc01,12-27 06:00:00+01:00,Node_2,Node_3,cac2,-0.037499999999994316
2030,sc01,12-27 06:00:00+01:00,Node_1,Node_3,cac3,0.0
2030,sc01,12-27 06:00:00+01:00,Node_1,Node_3,cac2,0.0
2030,sc01,12-27 06:00:00+01:00,Node_1,Node_2,cac3,0.0
2030,sc01,12-27 06:00:00+01:00,Node_1,Node_3,eac1,-0.075
2030,sc01,12-27 06:00:00+01:00,Node_1,Node_2,cac2,0.0
2030,sc01,12-27 06:00:00+01:00,Node_2,Node_3,eac1,-0.075
2030,sc01,12-27 06:00:00+01:00,Node_2,Node_3,cac1,-0.018749999999997158
2030,sc01,12-27 06:00:00+01:00,Node_1,Node_2,eac1,-0.065625
2030,sc01,12-27 07:00:00+01:00,Node_1,Node_3,cac1,0.0
2030,sc01,12-27 07:00:00+01:00,Node_1,Node_2,cac1,0.0
2030,sc01,12-27 07:00:00+01:00,Node_2,Node_3,cac3,0.0
2030,sc01,12-27 07:00:00+01:00,Node_2,Node_3,cac2,-0.037499999999994316
2030,sc01,12-27 07:00:00+01:00,Node_1,Node_3,cac3,0.0
2030,sc01,12-27 07:00:00+01:00,Node_1,Node_3,cac2,0.0
2030,sc01,12-27 07:00:00+01:00,Node_1,Node_2,cac3,0.0
2030,sc01,12-27 07:00:00+01:00,Node_1,Node_3,eac1,-0.075
2030,sc01,12-27 07:00:00+01:00,Node_1,Node_2,cac2,0.0
2030,sc01,12-27 07:00:00+01:00,Node_2,Node_3,eac1,-0.075
2030,sc01,12-27 07:00:00+01:00,Node_2,Node_3,cac1,-0.018749999999997158
2030,sc01,12-27 07:00:00+01:00,Node_1,Node_2,eac1,-0.065625
2030,sc01,12-27 08:00:00+01:00,Node_1,Node_3,cac1,0.0
2030,sc01,12-27 08:00:00+01:00,Node_1,Node_2,cac1,0.0
2030,sc01,12-27 08:00:00+01:00,Node_2,Node_3,cac3,0.0
2030,sc01,12-27 08:00:00+01:00,Node_2,Node_3,cac2,-0.037499999999994316
2030,sc01,12-27 08:00:00+01:00,Node_1,Node_3,cac3,0.0
2030,sc01,12-27 08:00:00+01:00,Node_1,Node_3,cac2,0.0
2030,sc01,12-27 08:00:00+01:00,Node_1,Node_2,cac3,0.0
2030,sc01,12-27 08:00:00+01:00,Node_1,Node_3,eac1,-0.075
2030,sc01,12-27 08:00:00+01:00,Node_1,Node_2,cac2,0.0
2030,sc01,12-27 08:00:00+01:00,Node_2,Node_3,eac1,-0.075
2030,sc01,12-27 08:00:00+01:00,Node_2,Node_3,cac1,-0.018749999999997158
2030,sc01,12-27 08:00:00+01:00,Node_1,Node_2,eac1,-0.065625
2030,sc01,12-27 09:00:00+01:00,Node_1,Node_3,cac1,0.0
2030,sc01,12-27 09:00:00+01:00,Node_1,Node_2,cac1,0.0
2030,sc01,12-27 09:00:00+01:00,Node_2,Node_3,cac3,0.0
2030,sc01,12-27 09:00:00+01:00,Node_2,Node_3,cac2,-0.037499999999994316
2030,sc01,12-27 09:00:00+01:00,Node_1,Node_3,cac3,0.0
2030,sc01,12-27 09:00:00+01:00,Node_1,Node_3,cac2,0.0
2030,sc01,12-27 09:00:00+01:00,Node_1,Node_2,cac3,0.0
2030,sc01,12-27 09:00:00+01:00,Node_1,Node_3,eac1,-0.075
2030,sc01,12-27 09:00:00+01:00,Node_1,Node_2,cac2,0.0
2030,sc01,12-27 09:00:00+01:00,Node_2,Node_3,eac1,-0.075
2030,sc01,12-27 09:00:00+01:00,Node_2,Node_3,cac1,-0.018749999999997158
2030,sc01,12-27 09:00:00+01:00,Node_1,Node_2,eac1,-0.065625
2030,sc01,12-27 10:00:00+01:00,Node_1,Node_3,cac1,0.0
2030,sc01,12-27 10:00:00+01:00,Node_1,Node_2,cac1,0.0
2030,sc01,12-27 10:00:00+01:00,Node_2,Node_3,cac3,0.0
2030,sc01,12-27 10:00:00+01:00,Node_2,Node_3,cac2,-0.037499999999994316
2030,sc01,12-27 10:00:00+01:00,Node_1,Node_3,cac3,0.0
2030,sc01,12-27 10:00:00+01:00,Node_1,Node_3,cac2,0.0
2030,sc01,12-27 10:00:00+01:00,Node_1,Node_2,cac3,0.0
2030,sc01,12-27 10:00:00+01:00,Node_1,Node_3,eac1,-0.075
2030,sc01,12-27 10:00:00+01:00,Node_1,Node_2,cac2,0.0
2030,sc01,12-27 10:00:00+01:00,Node_2,Node_3,eac1,-0.075
2030,sc01,12-27 10:00:00+01:00,Node_2,Node_3,cac1,-0.018749999999997158
2030,sc01,12-27 10:00:00+01:00,Node_1,Node_2,eac1,-0.0649306086157253
2030,sc01,12-27 11:00:00+01:00,Node_1,Node_3,cac1,0.0
2030,sc01,12-27 11:00:00+01:00,Node_1,Node_2,cac1,0.0
2030,sc01,12-27 11:00:00+01:00,Node_2,Node_3,cac3,0.0
2030,sc01,12-27 11:00:00+01:00,Node_2,Node_3,cac2,-0.037499999999994316
2030,sc01,12-27 11:00:00+01:00,Node_1,Node_3,cac3,0.0
2030,sc01,12-27 11:00:00+01:00,Node_1,Node_3,cac2,0.0
2030,sc01,12-27 11:00:00+01:00,Node_1,Node_2,cac3,0.0
2030,sc01,12-27 11:00:00+01:00,Node_1,Node_3,eac1,-0.075
2030,sc01,12-27 11:00:00+01:00,Node_1,Node_2,cac2,0.0
2030,sc01,12-27 11:00:00+01:00,Node_2,Node_3,eac1,-0.075
2030,sc01,12-27 11:00:00+01:00,Node_2,Node_3,cac1,-0.018749999999997158
2030,sc01,12-27 11:00:00+01:00,Node_1,Node_2,eac1,-0.057851816442791915
2030,sc01,12-27 12:00:00+01:00,Node_1,Node_3,cac1,0.0
2030,sc01,12-27 12:00:00+01:00,Node_1,Node_2,cac1,0.0
2030,sc01,12-27 12:00:00+01:00,Node_2,Node_3,cac3,0.0
2030,sc01,12-27 12:00:00+01:00,Node_2,Node_3,cac2,-0.037499999999994316
2030,sc01,12-27 12:00:00+01:00,Node_1,Node_3,cac3,0.0
2030,sc01,12-27 12:00:00+01:00,Node_1,Node_3,cac2,0.0
2030,sc01,12-27 12:00:00+01:00,Node_1,Node_2,cac3,0.0
2030,sc01,12-27 12:00:00+01:00,Node_1,Node_3,eac1,-0.075
2030,sc01,12-27 12:00:00+01:00,Node_1,Node_2,cac2,0.0
2030,sc01,12-27 12:00:00+01:00,Node_2,Node_3,eac1,-0.075
2030,sc01,12-27 12:00:00+01:00,Node_2,Node_3,cac1,-0.018749999999997158
2030,sc01,12-27 12:00:00+01:00,Node_1,Node_2,eac1,-0.05115545920369868
2030,sc01,12-27 13:00:00+01:00,Node_1,Node_3,cac1,0.0
2030,sc01,12-27 13:00:00+01:00,Node_1,Node_2,cac1,0.0
2030,sc01,12-27 13:00:00+01:00,Node_2,Node_3,cac3,0.0
2030,sc01,12-27 13:00:00+01:00,Node_2,Node_3,cac2,-0.037499999999994316
2030,sc01,12-27 13:00:00+01:00,Node_1,Node_3,cac3,0.0
2030,sc01,12-27 13:00:00+01:00,Node_1,Node_3,cac2,0.0
2030,sc01,12-27 13:00:00+01:00,Node_1,Node_2,cac3,0.0
2030,sc01,12-27 13:00:00+01:00,Node_1,Node_3,eac1,-0.075
2030,sc01,12-27 13:00:00+01:00,Node_1,Node_2,cac2,0.0
2030,sc01,12-27 13:00:00+01:00,Node_2,Node_3,eac1,-0.075
2030,sc01,12-27 13:00:00+01:00,Node_2,Node_3,cac1,-0.018749999999997158
2030,sc01,12-27 13:00:00+01:00,Node_1,Node_2,eac1,-0.047012295182270236
2030,sc01,12-27 14:00:00+01:00,Node_1,Node_3,cac1,0.0
2030,sc01,12-27 14:00:00+01:00,Node_1,Node_2,cac1,0.0
2030,sc01,12-27 14:00:00+01:00,Node_2,Node_3,cac3,0.0
2030,sc01,12-27 14:00:00+01:00,Node_2,Node_3,cac2,-0.037499999999994316
2030,sc01,12-27 14:00:00+01:00,Node_1,Node_3,cac3,0.0
2030,sc01,12-27 14:00:00+01:00,Node_1,Node_3,cac2,0.0
2030,sc01,12-27 14:00:00+01:00,Node_1,Node_2,cac3,0.0
2030,sc01,12-27 14:00:00+01:00,Node_1,Node_3,eac1,-0.075
2030,sc01,12-27 14:00:00+01:00,Node_1,Node_2,cac2,0.0
2030,sc01,12-27 14:00:00+01:00,Node_2,Node_3,eac1,-0.075
2030,sc01,12-27 14:00:00+01:00,Node_2,Node_3,cac1,-0.018749999999997158
2030,sc01,12-27 14:00:00+01:00,Node_1,Node_2,eac1,-0.045574918209467796
2030,sc01,12-27 15:00:00+01:00,Node_1,Node_3,cac1,0.0
2030,sc01,12-27 15:00:00+01:00,Node_1,Node_2,cac1,0.0
2030,sc01,12-27 15:00:00+01:00,Node_2,Node_3,cac3,0.0
2030,sc01,12-27 15:00:00+01:00,Node_2,Node_3,cac2,-0.037499999999994316
2030,sc01,12-27 15:00:00+01:00,Node_1,Node_3,cac3,0.0
2030,sc01,12-27 15:00:00+01:00,Node_1,Node_3,cac2,0.0
2030,sc01,12-27 15:00:00+01:00,Node_1,Node_2,cac3,0.0
2030,sc01,12-27 15:00:00+01:00,Node_1,Node_3,eac1,-0.075
2030,sc01,12-27 15:00:00+01:00,Node_1,Node_2,cac2,0.0
2030,sc01,12-27 15:00:00+01:00,Node_2,Node_3,eac1,-0.075
2030,sc01,12-27 15:00:00+01:00,Node_2,Node_3,cac1,-0.018749999999997158
2030,sc01,12-27 15:00:00+01:00,Node_1,Node_2,eac1,-0.04695754197291535
2030,sc01,12-27 16:00:00+01:00,Node_1,Node_3,cac1,0.0
2030,sc01,12-27 16:00:00+01:00,Node_1,Node_2,cac1,0.0
2030,sc01,12-27 16:00:00+01:00,Node_2,Node_3,cac3,0.0
2030,sc01,12-27 16:00:00+01:00,Node_2,Node_3,cac2,-0.037499999999994316
2030,sc01,12-27 16:00:00+01:00,Node_1,Node_3,cac3,0.0
2030,sc01,12-27 16:00:00+01:00,Node_1,Node_3,cac2,0.0
2030,sc01,12-27 16:00:00+01:00,Node_1,Node_2,cac3,0.0
2030,sc01,12-27 16:00:00+01:00,Node_1,Node_3,eac1,-0.075
2030,sc01,12-27 16:00:00+01:00,Node_1,Node_2,cac2,0.0
2030,sc01,12-27 16:00:00+01:00,Node_2,Node_3,eac1,-0.075
2030,sc01,12-27 16:00:00+01:00,Node_2,Node_3,cac1,-0.018749999999997158
2030,sc01,12-27 16:00:00+01:00,Node_1,Node_2,eac1,-0.05837343541776363
2030,sc01,12-27 17:00:00+01:00,Node_1,Node_3,cac1,0.0
2030,sc01,12-27 17:00:00+01:00,Node_1,Node_2,cac1,0.0
2030,sc01,12-27 17:00:00+01:00,Node_2,Node_3,cac3,0.0
2030,sc01,12-27 17:00:00+01:00,Node_2,Node_3,cac2,-0.037499999999994316
2030,sc01,12-27 17:00:00+01:00,Node_1,Node_3,cac3,0.0
2030,sc01,12-27 17:00:00+01:00,Node_1,Node_3,cac2,0.0
2030,sc01,12-27 17:00:00+01:00,Node_1,Node_2,cac3,0.0
2030,sc01,12-27 17:00:00+01:00,Node_1,Node_3,eac1,-0.075
2030,sc01,12-27 17:00:00+01:00,Node_1,Node_2,cac2,0.0
2030,sc01,12-27 17:00:00+01:00,Node_2,Node_3,eac1,-0.075
2030,sc01,12-27 17:00:00+01:00,Node_2,Node_3,cac1,-0.018749999999997158
2030,sc01,12-27 17:00:00+01:00,Node_1,Node_2,eac1,-0.065625
2030,sc01,12-27 18:00:00+01:00,Node_1,Node_3,cac1,0.0
2030,sc01,12-27 18:00:00+01:00,Node_1,Node_2,cac1,0.0
2030,sc01,12-27 18:00:00+01:00,Node_2,Node_3,cac3,0.0
2030,sc01,12-27 18:00:00+01:00,Node_2,Node_3,cac2,-0.037499999999994316
2030,sc01,12-27 18:00:00+01:00,Node_1,Node_3,cac3,0.0
2030,sc01,12-27 18:00:00+01:00,Node_1,Node_3,cac2,0.0
2030,sc01,12-27 18:00:00+01:00,Node_1,Node_2,cac3,0.0
2030,sc01,12-27 18:00:00+01:00,Node_1,Node_3,eac1,-0.075
2030,sc01,12-27 18:00:00+01:00,Node_1,Node_2,cac2,0.0
2030,sc01,12-27 18:00:00+01:00,Node_2,Node_3,eac1,-0.075
2030,sc01,12-27 18:00:00+01:00,Node_2,Node_3,cac1,-0.018749999999997158
2030,sc01,12-27 18:00:00+01:00,Node_1,Node_2,eac1,-0.065625
2030,sc01,12-27 19:00:00+01:00,Node_1,Node_3,cac1,0.0
2030,sc01,12-27 19:00:00+01:00,Node_1,Node_2,cac1,0.0
2030,sc01,12-27 19:00:00+01:00,Node_2,Node_3,cac3,0.0
2030,sc01,12-27 19:00:00+01:00,Node_2,Node_3,cac2,-0.037499999999994316
2030,sc01,12-27 19:00:00+01:00,Node_1,Node_3,cac3,0.0
2030,sc01,12-27 19:00:00+01:00,Node_1,Node_3,cac2,0.0
2030,sc01,12-27 19:00:00+01:00,Node_1,Node_2,cac3,0.0
2030,sc01,12-27 19:00:00+01:00,Node_1,Node_3,eac1,-0.075
2030,sc01,12-27 19:00:00+01:00,Node_1,Node_2,cac2,0.0
2030,sc01,12-27 19:00:00+01:00,Node_2,Node_3,eac1,-0.075
2030,sc01,12-27 19:00:00+01:00,Node_2,Node_3,cac1,-0.018749999999997158
2030,sc01,12-27 19:00:00+01:00,Node_1,Node_2,eac1,-0.065625
2030,sc01,12-27 20:00:00+01:00,Node_1,Node_3,cac1,0.0
2030,sc01,12-27 20:00:00+01:00,Node_1,Node_2,cac1,0.0
2030,sc01,12-27 20:00:00+01:00,Node_2,Node_3,cac3,0.0
2030,sc01,12-27 20:00:00+01:00,Node_2,Node_3,cac2,-0.037499999999994316
2030,sc01,12-27 20:00:00+01:00,Node_1,Node_3,cac3,0.0
2030,sc01,12-27 20:00:00+01:00,Node_1,Node_3,cac2,0.0
2030,sc01,12-27 20:00:00+01:00,Node_1,Node_2,cac3,0.0
2030,sc01,12-27 20:00:00+01:00,Node_1,Node_3,eac1,-0.075
2030,sc01,12-27 20:00:00+01:00,Node_1,Node_2,cac2,0.0
2030,sc01,12-27 20:00:00+01:00,Node_2,Node_3,eac1,-0.075
2030,sc01,12-27 20:00:00+01:00,Node_2,Node_3,cac1,-0.018749999999997158
2030,sc01,12-27 20:00:00+01:00,Node_1,Node_2,eac1,-0.065625
2030,sc01,12-27 21:00:00+01:00,Node_1,Node_3,cac1,0.0
2030,sc01,12-27 21:00:00+01:00,Node_1,Node_2,cac1,0.0
2030,sc01,12-27 21:00:00+01:00,Node_2,Node_3,cac3,0.0
2030,sc01,12-27 21:00:00+01:00,Node_2,Node_3,cac2,-0.037499999999994316
2030,sc01,12-27 21:00:00+01:00,Node_1,Node_3,cac3,0.0
2030,sc01,12-27 21:00:00+01:00,Node_1,Node_3,cac2,0.0
2030,sc01,12-27 21:00:00+01:00,Node_1,Node_2,cac3,0.0
2030,sc01,12-27 21:00:00+01:00,Node_1,Node_3,eac1,-0.075
2030,sc01,12-27 21:00:00+01:00,Node_1,Node_2,cac2,0.0
2030,sc01,12-27 21:00:00+01:00,Node_2,Node_3,eac1,-0.075
2030,sc01,12-27 21:00:00+01:00,Node_2,Node_3,cac1,-0.018749999999997158
2030,sc01,12-27 21:00:00+01:00,Node_1,Node_2,eac1,-0.06202606319834558
2030,sc01,12-27 22:00:00+01:00,Node_1,Node_3,cac1,0.0
2030,sc01,12-27 22:00:00+01:00,Node_1,Node_2,cac1,0.0
2030,sc01,12-27 22:00:00+01:00,Node_2,Node_3,cac3,0.0
2030,sc01,12-27 22:00:00+01:00,Node_2,Node_3,cac2,-0.037499999999994316
2030,sc01,12-27 22:00:00+01:00,Node_1,Node_3,cac3,0.0
2030,sc01,12-27 22:00:00+01:00,Node_1,Node_3,cac2,0.0
2030,sc01,12-27 22:00:00+01:00,Node_1,Node_2,cac3,0.0
2030,sc01,12-27 22:00:00+01:00,Node_1,Node_3,eac1,-0.075
2030,sc01,12-27 22:00:00+01:00,Node_1,Node_2,cac2,0.0
2030,sc01,12-27 22:00:00+01:00,Node_2,Node_3,eac1,-0.075
2030,sc01,12-27 22:00:00+01:00,Node_2,Node_3,cac1,-0.018749999999997158
2030,sc01,12-27 22:00:00+01:00,Node_1,Node_2,eac1,-0.05240383540780158
2030,sc01,12-27 23:00:00+01:00,Node_1,Node_3,cac1,0.0
2030,sc01,12-27 23:00:00+01:00,Node_1,Node_2,cac1,0.0
2030,sc01,12-27 23:00:00+01:00,Node_2,Node_3,cac3,0.0
2030,sc01,12-27 23:00:00+01:00,Node_2,Node_3,cac2,-0.037499999999994316
2030,sc01,12-27 23:00:00+01:00,Node_1,Node_3,cac3,0.0
2030,sc01,12-27 23:00:00+01:00,Node_1,Node_3,cac2,0.0
2030,sc01,12-27 23:00:00+01:00,Node_1,Node_2,cac3,0.0
2030,sc01,12-27 23:00:00+01:00,Node_1,Node_3,eac1,-0.075
2030,sc01,12-27 23:00:00+01:00,Node_1,Node_2,cac2,0.0
2030,sc01,12-27 23:00:00+01:00,Node_2,Node_3,eac1,-0.075
2030,sc01,12-27 23:00:00+01:00,Node_2,Node_3,cac1,-0.018749999999997158
2030,sc01,12-27 23:00:00+01:00,Node_1,Node_2,eac1,-0.0435334530700312
2030,sc01,12-30 00:00:00+01:00,Node_1,Node_3,cac1,0.0
2030,sc01,12-30 00:00:00+01:00,Node_1,Node_2,cac1,0.0
2030,sc01,12-30 00:00:00+01:00,Node_2,Node_3,cac3,0.0
2030,sc01,12-30 00:00:00+01:00,Node_2,Node_3,cac2,-0.037499999999994316
2030,sc01,12-30 00:00:00+01:00,Node_1,Node_3,cac3,0.0
2030,sc01,12-30 00:00:00+01:00,Node_1,Node_3,cac2,0.0
2030,sc01,12-30 00:00:00+01:00,Node_1,Node_2,cac3,0.0
2030,sc01,12-30 00:00:00+01:00,Node_1,Node_3,eac1,-0.075
2030,sc01,12-30 00:00:00+01:00,Node_1,Node_2,cac2,0.0
2030,sc01,12-30 00:00:00+01:00,Node_2,Node_3,eac1,-0.075
2030,sc01,12-30 00:00:00+01:00,Node_2,Node_3,cac1,-0.018749999999997158
2030,sc01,12-30 00:00:00+01:00,Node_1,Node_2,eac1,-0.065625
2030,sc01,12-30 01:00:00+01:00,Node_1,Node_3,cac1,0.0
2030,sc01,12-30 01:00:00+01:00,Node_1,Node_2,cac1,0.0
2030,sc01,12-30 01:00:00+01:00,Node_2,Node_3,cac3,0.0
2030,sc01,12-30 01:00:00+01:00,Node_2,Node_3,cac2,-0.037499999999994316
2030,sc01,12-30 01:00:00+01:00,Node_1,Node_3,cac3,0.0
2030,sc01,12-30 01:00:00+01:00,Node_1,Node_3,cac2,0.0
2030,sc01,12-30 01:00:00+01:00,Node_1,Node_2,cac3,0.0
2030,sc01,12-30 01:00:00+01:00,Node_1,Node_3,eac1,-0.075
2030,sc01,12-30 01:00:00+01:00,Node_1,Node_2,cac2,0.0
2030,sc01,12-30 01:00:00+01:00,Node_2,Node_3,eac1,-0.075
2030,sc01,12-30 01:00:00+01:00,Node_2,Node_3,cac1,-0.018749999999997158
2030,sc01,12-30 01:00:00+01:00,Node_1,Node_2,eac1,-0.065625
2030,sc01,12-30 02:00:00+01:00,Node_1,Node_3,cac1,0.0
2030,sc01,12-30 02:00:00+01:00,Node_1,Node_2,cac1,0.0
2030,sc01,12-30 02:00:00+01:00,Node_2,Node_3,cac3,0.0
2030,sc01,12-30 02:00:00+01:00,Node_2,Node_3,cac2,-0.037499999999994316
2030,sc01,12-30 02:00:00+01:00,Node_1,Node_3,cac3,0.0
2030,sc01,12-30 02:00:00+01:00,Node_1,Node_3,cac2,0.0
2030,sc01,12-30 02:00:00+01:00,Node_1,Node_2,cac3,0.0
2030,sc01,12-30 02:00:00+01:00,Node_1,Node_3,eac1,-0.075
2030,sc01,12-30 02:00:00+01:00,Node_1,Node_2,cac2,0.0
2030,sc01,12-30 02:00:00+01:00,Node_2,Node_3,eac1,-0.075
2030,sc01,12-30 02:00:00+01:00,Node_2,Node_3,cac1,-0.018749999999997158
2030,sc01,12-30 02:00:00+01:00,Node_1,Node_2,eac1,-0.06415912807190693
2030,sc01,12-30 03:00:00+01:00,Node_1,Node_3,cac1,0.0
2030,sc01,12-30 03:00:00+01:00,Node_1,Node_2,cac1,0.0
2030,sc01,12-30 03:00:00+01:00,Node_2,Node_3,cac3,0.0
2030,sc01,12-30 03:00:00+01:00,Node_2,Node_3,cac2,-0.037499999999994316
2030,sc01,12-30 03:00:00+01:00,Node_1,Node_3,cac3,0.0
2030,sc01,12-30 03:00:00+01:00,Node_1,Node_3,cac2,0.0
2030,sc01,12-30 03:00:00+01:00,Node_1,Node_2,cac3,0.0
2030,sc01,12-30 03:00:00+01:00,Node_1,Node_3,eac1,-0.075
2030,sc01,12-30 03:00:00+01:00,Node_1,Node_2,cac2,0.0
2030,sc01,12-30 03:00:00+01:00,Node_2,Node_3,eac1,-0.075
2030,sc01,12-30 03:00:00+01:00,Node_2,Node_3,cac1,-0.018749999999997158
2030,sc01,12-30 03:00:00+01:00,Node_1,Node_2,eac1,-0.06504419272556561
2030,sc01,12-30 04:00:00+01:00,Node_1,Node_3,cac1,0.0
2030,sc01,12-30 04:00:00+01:00,Node_1,Node_2,cac1,0.0
2030,sc01,12-30 04:00:00+01:00,Node_2,Node_3,cac3,0.0
2030,sc01,12-30 04:00:00+01:00,Node_2,Node_3,cac2,-0.037499999999994316
2030,sc01,12-30 04:00:00+01:00,Node_1,Node_3,cac3,0.0
2030,sc01,12-30 04:00:00+01:00,Node_1,Node_3,cac2,0.0
2030,sc01,12-30 04:00:00+01:00,Node_1,Node_2,cac3,0.0
2030,sc01,12-30 04:00:00+01:00,Node_1,Node_3,eac1,-0.075
2030,sc01,12-30 04:00:00+01:00,Node_1,Node_2,cac2,0.0
2030,sc01,12-30 04:00:00+01:00,Node_2,Node_3,eac1,-0.075
2030,sc01,12-30 04:00:00+01:00,Node_2,Node_3,cac1,-0.018749999999997158
2030,sc01,12-30 04:00:00+01:00,Node_1,Node_2,eac1,-0.065625
2030,sc01,12-30 05:00:00+01:00,Node_1,Node_3,cac1,0.0
2030,sc01,12-30 05:00:00+01:00,Node_1,Node_2,cac1,0.0
2030,sc01,12-30 05:00:00+01:00,Node_2,Node_3,cac3,0.0
2030,sc01,12-30 05:00:00+01:00,Node_2,Node_3,cac2,-0.037499999999994316
2030,sc01,12-30 05:00:00+01:00,Node_1,Node_3,cac3,0.0
2030,sc01,12-30 05:00:00+01:00,Node_1,Node_3,cac2,0.0
2030,sc01,12-30 05:00:00+01:00,Node_1,Node_2,cac3,0.0
2030,sc01,12-30 05:00:00+01:00,Node_1,Node_3,eac1,-0.075
2030,sc01,12-30 05:00:00+01:00,Node_1,Node_2,cac2,0.0
2030,sc01,12-30 05:00:00+01:00,Node_2,Node_3,eac1,-0.075
2030,sc01,12-30 05:00:00+01:00,Node_2,Node_3,cac1,-0.018749999999997158
2030,sc01,12-30 05:00:00+01:00,Node_1,Node_2,eac1,-0.065625
2030,sc01,12-30 06:00:00+01:00,Node_1,Node_3,cac1,0.0
2030,sc01,12-30 06:00:00+01:00,Node_1,Node_2,cac1,0.0
2030,sc01,12-30 06:00:00+01:00,Node_2,Node_3,cac3,0.0
2030,sc01,12-30 06:00:00+01:00,Node_2,Node_3,cac2,-0.037499999999994316
2030,sc01,12-30 06:00:00+01:00,Node_1,Node_3,cac3,0.0
2030,sc01,12-30 06:00:00+01:00,Node_1,Node_3,cac2,0.0
2030,sc01,12-30 06:00:00+01:00,Node_1,Node_2,cac3,0.0
2030,sc01,12-30 06:00:00+01:00,Node_1,Node_3,eac1,-0.075
2030,sc01,12-30 06:00:00+01:00,Node_1,Node_2,cac2,0.0
2030,sc01,12-30 06:00:00+01:00,Node_2,Node_3,eac1,-0.075
2030,sc01,12-30 06:00:00+01:00,Node_2,Node_3,cac1,-0.018749999999997158
2030,sc01,12-30 06:00:00+01:00,Node_1,Node_2,eac1,-0.065625
2030,sc01,12-30 07:00:00+01:00,Node_1,Node_3,cac1,0.0
2030,sc01,12-30 07:00:00+01:00,Node_1,Node_2,cac1,0.0
2030,sc01,12-30 07:00:00+01:00,Node_2,Node_3,cac3,0.0
2030,sc01,12-30 07:00:00+01:00,Node_2,Node_3,cac2,-0.037499999999994316
2030,sc01,12-30 07:00:00+01:00,Node_1,Node_3,cac3,0.0
2030,sc01,12-30 07:00:00+01:00,Node_1,Node_3,cac2,0.0
2030,sc01,12-30 07:00:00+01:00,Node_1,Node_2,cac3,0.0
2030,sc01,12-30 07:00:00+01:00,Node_1,Node_3,eac1,-0.075
2030,sc01,12-30 07:00:00+01:00,Node_1,Node_2,cac2,0.0
2030,sc01,12-30 07:00:00+01:00,Node_2,Node_3,eac1,-0.075
2030,sc01,12-30 07:00:00+01:00,Node_2,Node_3,cac1,-0.018749999999997158
2030,sc01,12-30 07:00:00+01:00,Node_1,Node_2,eac1,-0.065625
2030,sc01,12-30 08:00:00+01:00,Node_1,Node_3,cac1,0.0
2030,sc01,12-30 08:00:00+01:00,Node_1,Node_2,cac1,0.0
2030,sc01,12-30 08:00:00+01:00,Node_2,Node_3,cac3,0.0
2030,sc01,12-30 08:00:00+01:00,Node_2,Node_3,cac2,-0.037499999999994316
2030,sc01,12-30 08:00:00+01:00,Node_1,Node_3,cac3,0.0
2030,sc01,12-30 08:00:00+01:00,Node_1,Node_3,cac2,0.0
2030,sc01,12-30 08:00:00+01:00,Node_1,Node_2,cac3,0.0
2030,sc01,12-30 08:00:00+01:00,Node_1,Node_3,eac1,-0.075
2030,sc01,12-30 08:00:00+01:00,Node_1,Node_2,cac2,0.0
2030,sc01,12-30 08:00:00+01:00,Node_2,Node_3,eac1,-0.075
2030,sc01,12-30 08:00:00+01:00,Node_2,Node_3,cac1,-0.018749999999997158
2030,sc01,12-30 08:00:00+01:00,Node_1,Node_2,eac1,-0.065625
2030,sc01,12-30 09:00:00+01:00,Node_1,Node_3,cac1,0.0
2030,sc01,12-30 09:00:00+01:00,Node_1,Node_2,cac1,0.0
2030,sc01,12-30 09:00:00+01:00,Node_2,Node_3,cac3,0.0
2030,sc01,12-30 09:00:00+01:00,Node_2,Node_3,cac2,-0.037499999999994316
2030,sc01,12-30 09:00:00+01:00,Node_1,Node_3,cac3,0.0
2030,sc01,12-30 09:00:00+01:00,Node_1,Node_3,cac2,0.0
2030,sc01,12-30 09:00:00+01:00,Node_1,Node_2,cac3,0.0
2030,sc01,12-30 09:00:00+01:00,Node_1,Node_3,eac1,-0.075
2030,sc01,12-30 09:00:00+01:00,Node_1,Node_2,cac2,0.0
2030,sc01,12-30 09:00:00+01:00,Node_2,Node_3,eac1,-0.075
2030,sc01,12-30 09:00:00+01:00,Node_2,Node_3,cac1,-0.018749999999997158
2030,sc01,12-30 09:00:00+01:00,Node_1,Node_2,eac1,-0.065625
2030,sc01,12-30 10:00:00+01:00,Node_1,Node_3,cac1,0.0
2030,sc01,12-30 10:00:00+01:00,Node_1,Node_2,cac1,0.0
2030,sc01,12-30 10:00:00+01:00,Node_2,Node_3,cac3,0.0
2030,sc01,12-30 10:00:00+01:00,Node_2,Node_3,cac2,-0.037499999999994316
2030,sc01,12-30 10:00:00+01:00,Node_1,Node_3,cac3,0.0
2030,sc01,12-30 10:00:00+01:00,Node_1,Node_3,cac2,0.0
2030,sc01,12-30 10:00:00+01:00,Node_1,Node_2,cac3,0.0
2030,sc01,12-30 10:00:00+01:00,Node_1,Node_3,eac1,-0.075
2030,sc01,12-30 10:00:00+01:00,Node_1,Node_2,cac2,0.0
2030,sc01,12-30 10:00:00+01:00,Node_2,Node_3,eac1,-0.075
2030,sc01,12-30 10:00:00+01:00,Node_2,Node_3,cac1,-0.018749999999997158
2030,sc01,12-30 10:00:00+01:00,Node_1,Node_2,eac1,-0.065625
2030,sc01,12-30 11:00:00+01:00,Node_1,Node_3,cac1,0.0
2030,sc01,12-30 11:00:00+01:00,Node_1,Node_2,cac1,0.0
2030,sc01,12-30 11:00:00+01:00,Node_2,Node_3,cac3,0.0
2030,sc01,12-30 11:00:00+01:00,Node_2,Node_3,cac2,-0.037499999999994316
2030,sc01,12-30 11:00:00+01:00,Node_1,Node_3,cac3,0.0
2030,sc01,12-30 11:00:00+01:00,Node_1,Node_3,cac2,0.0
2030,sc01,12-30 11:00:00+01:00,Node_1,Node_2,cac3,0.0
2030,sc01,12-30 11:00:00+01:00,Node_1,Node_3,eac1,-0.075
2030,sc01,12-30 11:00:00+01:00,Node_1,Node_2,cac2,0.0
2030,sc01,12-30 11:00:00+01:00,Node_2,Node_3,eac1,-0.075
2030,sc01,12-30 11:00:00+01:00,Node_2,Node_3,cac1,-0.018749999999997158
2030,sc01,12-30 11:00:00+01:00,Node_1,Node_2,eac1,-0.06436253942138137
2030,sc01,12-30 12:00:00+01:00,Node_1,Node_3,cac1,0.0
2030,sc01,12-30 12:00:00+01:00,Node_1,Node_2,cac1,0.0
2030,sc01,12-30 12:00:00+01:00,Node_2,Node_3,cac3,0.0
2030,sc01,12-30 12:00:00+01:00,Node_2,Node_3,cac2,-0.037499999999994316
2030,sc01,12-30 12:00:00+01:00,Node_1,Node_3,cac3,0.0
2030,sc01,12-30 12:00:00+01:00,Node_1,Node_3,cac2,0.0
2030,sc01,12-30 12:00:00+01:00,Node_1,Node_2,cac3,0.0
2030,sc01,12-30 12:00:00+01:00,Node_1,Node_3,eac1,-0.075
2030,sc01,12-30 12:00:00+01:00,Node_1,Node_2,cac2,0.0
2030,sc01,12-30 12:00:00+01:00,Node_2,Node_3,eac1,-0.075
2030,sc01,12-30 12:00:00+01:00,Node_2,Node_3,cac1,-0.018749999999997158
2030,sc01,12-30 12:00:00+01:00,Node_1,Node_2,eac1,-0.05283760596429943
2030,sc01,12-30 13:00:00+01:00,Node_1,Node_3,cac1,0.0
2030,sc01,12-30 13:00:00+01:00,Node_1,Node_2,cac1,0.0
2030,sc01,12-30 13:00:00+01:00,Node_2,Node_3,cac3,0.0
2030,sc01,12-30 13:00:00+01:00,Node_2,Node_3,cac2,-0.037499999999994316
2030,sc01,12-30 13:00:00+01:00,Node_1,Node_3,cac3,0.0
2030,sc01,12-30 13:00:00+01:00,Node_1,Node_3,cac2,0.0
2030,sc01,12-30 13:00:00+01:00,Node_1,Node_2,cac3,0.0
2030,sc01,12-30 13:00:00+01:00,Node_1,Node_3,eac1,-0.075
2030,sc01,12-30 13:00:00+01:00,Node_1,Node_2,cac2,0.0
2030,sc01,12-30 13:00:00+01:00,Node_2,Node_3,eac1,-0.075
2030,sc01,12-30 13:00:00+01:00,Node_2,Node_3,cac1,-0.018749999999997158
2030,sc01,12-30 13:00:00+01:00,Node_1,Node_2,eac1,-0.04427673005983479
2030,sc01,12-30 14:00:00+01:00,Node_1,Node_3,cac1,0.0
2030,sc01,12-30 14:00:00+01:00,Node_1,Node_2,cac1,0.0
2030,sc01,12-30 14:00:00+01:00,Node_2,Node_3,cac3,0.0
2030,sc01,12-30 14:00:00+01:00,Node_2,Node_3,cac2,-0.037499999999994316
2030,sc01,12-30 14:00:00+01:00,Node_1,Node_3,cac3,0.0
2030,sc01,12-30 14:00:00+01:00,Node_1,Node_3,cac2,0.0
2030,sc01,12-30 14:00:00+01:00,Node_1,Node_2,cac3,0.0
2030,sc01,12-30 14:00:00+01:00,Node_1,Node_3,eac1,-0.075
2030,sc01,12-30 14:00:00+01:00,Node_1,Node_2,cac2,0.0
2030,sc01,12-30 14:00:00+01:00,Node_2,Node_3,eac1,-0.075
2030,sc01,12-30 14:00:00+01:00,Node_2,Node_3,cac1,-0.018749999999997158
2030,sc01,12-30 14:00:00+01:00,Node_1,Node_2,eac1,-0.03986047269451044
2030,sc01,12-30 15:00:00+01:00,Node_1,Node_3,cac1,0.0
2030,sc01,12-30 15:00:00+01:00,Node_1,Node_2,cac1,0.0
2030,sc01,12-30 15:00:00+01:00,Node_2,Node_3,cac3,0.0
2030,sc01,12-30 15:00:00+01:00,Node_2,Node_3,cac2,-0.037499999999994316
2030,sc01,12-30 15:00:00+01:00,Node_1,Node_3,cac3,0.0
2030,sc01,12-30 15:00:00+01:00,Node_1,Node_3,cac2,0.0
2030,sc01,12-30 15:00:00+01:00,Node_1,Node_2,cac3,0.0
2030,sc01,12-30 15:00:00+01:00,Node_1,Node_3,eac1,-0.075
2030,sc01,12-30 15:00:00+01:00,Node_1,Node_2,cac2,0.0
2030,sc01,12-30 15:00:00+01:00,Node_2,Node_3,eac1,-0.075
2030,sc01,12-30 15:00:00+01:00,Node_2,Node_3,cac1,-0.018749999999997158
2030,sc01,12-30 15:00:00+01:00,Node_1,Node_2,eac1,-0.04208654589689331
2030,sc01,12-30 16:00:00+01:00,Node_1,Node_3,cac1,0.0
2030,sc01,12-30 16:00:00+01:00,Node_1,Node_2,cac1,0.0
2030,sc01,12-30 16:00:00+01:00,Node_2,Node_3,cac3,0.0
2030,sc01,12-30 16:00:00+01:00,Node_2,Node_3,cac2,-0.037499999999994316
2030,sc01,12-30 16:00:00+01:00,Node_1,Node_3,cac3,0.0
2030,sc01,12-30 16:00:00+01:00,Node_1,Node_3,cac2,0.0
2030,sc01,12-30 16:00:00+01:00,Node_1,Node_2,cac3,0.0
2030,sc01,12-30 16:00:00+01:00,Node_1,Node_3,eac1,-0.075
2030,sc01,12-30 16:00:00+01:00,Node_1,Node_2,cac2,0.0
2030,sc01,12-30 16:00:00+01:00,Node_2,Node_3,eac1,-0.075
2030,sc01,12-30 16:00:00+01:00,Node_2,Node_3,cac1,-0.018749999999997158
2030,sc01,12-30 16:00:00+01:00,Node_1,Node_2,eac1,-0.057786786909986176
2030,sc01,12-30 17:00:00+01:00,Node_1,Node_3,cac1,0.0
2030,sc01,12-30 17:00:00+01:00,Node_1,Node_2,cac1,0.0
2030,sc01,12-30 17:00:00+01:00,Node_2,Node_3,cac3,0.0
2030,sc01,12-30 17:00:00+01:00,Node_2,Node_3,cac2,-0.037499999999994316
2030,sc01,12-30 17:00:00+01:00,Node_1,Node_3,cac3,0.0
2030,sc01,12-30 17:00:00+01:00,Node_1,Node_3,cac2,0.0
2030,sc01,12-30 17:00:00+01:00,Node_1,Node_2,cac3,0.0
2030,sc01,12-30 17:00:00+01:00,Node_1,Node_3,eac1,-0.075
2030,sc01,12-30 17:00:00+01:00,Node_1,Node_2,cac2,0.0
2030,sc01,12-30 17:00:00+01:00,Node_2,Node_3,eac1,-0.075
2030,sc01,12-30 17:00:00+01:00,Node_2,Node_3,cac1,-0.018749999999997158
2030,sc01,12-30 17:00:00+01:00,Node_1,Node_2,eac1,-0.065625
2030,sc01,12-30 18:00:00+01:00,Node_1,Node_3,cac1,0.0
2030,sc01,12-30 18:00:00+01:00,Node_1,Node_2,cac1,0.0
2030,sc01,12-30 18:00:00+01:00,Node_2,Node_3,cac3,0.0
2030,sc01,12-30 18:00:00+01:00,Node_2,Node_3,cac2,-0.037499999999994316
2030,sc01,12-30 18:00:00+01:00,Node_1,Node_3,cac3,0.0
2030,sc01,12-30 18:00:00+01:00,Node_1,Node_3,cac2,0.0
2030,sc01,12-30 18:00:00+01:00,Node_1,Node_2,cac3,0.0
2030,sc01,12-30 18:00:00+01:00,Node_1,Node_3,eac1,-0.075
2030,sc01,12-30 18:00:00+01:00,Node_1,Node_2,cac2,0.0
2030,sc01,12-30 18:00:00+01:00,Node_2,Node_3,eac1,-0.075
2030,sc01,12-30 18:00:00+01:00,Node_2,Node_3,cac1,-0.018749999999997158
2030,sc01,12-30 18:00:00+01:00,Node_1,Node_2,eac1,-0.065625
2030,sc01,12-30 19:00:00+01:00,Node_1,Node_3,cac1,0.0
2030,sc01,12-30 19:00:00+01:00,Node_1,Node_2,cac1,0.0
2030,sc01,12-30 19:00:00+01:00,Node_2,Node_3,cac3,0.0
2030,sc01,12-30 19:00:00+01:00,Node_2,Node_3,cac2,-0.037499999999994316
2030,sc01,12-30 19:00:00+01:00,Node_1,Node_3,cac3,0.0
2030,sc01,12-30 19:00:00+01:00,Node_1,Node_3,cac2,0.0
2030,sc01,12-30 19:00:00+01:00,Node_1,Node_2,cac3,0.0
2030,sc01,12-30 19:00:00+01:00,Node_1,Node_3,eac1,-0.075
2030,sc01,12-30 19:00:00+01:00,Node_1,Node_2,cac2,0.0
2030,sc01,12-30 19:00:00+01:00,Node_2,Node_3,eac1,-0.075
2030,sc01,12-30 19:00:00+01:00,Node_2,Node_3,cac1,-0.018749999999997158
2030,sc01,12-30 19:00:00+01:00,Node_1,Node_2,eac1,-0.065625
2030,sc01,12-30 20:00:00+01:00,Node_1,Node_3,cac1,0.0
2030,sc01,12-30 20:00:00+01:00,Node_1,Node_2,cac1,0.0
2030,sc01,12-30 20:00:00+01:00,Node_2,Node_3,cac3,0.0
2030,sc01,12-30 20:00:00+01:00,Node_2,Node_3,cac2,-0.037499999999994316
2030,sc01,12-30 20:00:00+01:00,Node_1,Node_3,cac3,0.0
2030,sc01,12-30 20:00:00+01:00,Node_1,Node_3,cac2,0.0
2030,sc01,12-30 20:00:00+01:00,Node_1,Node_2,cac3,0.0
2030,sc01,12-30 20:00:00+01:00,Node_1,Node_3,eac1,-0.075
2030,sc01,12-30 20:00:00+01:00,Node_1,Node_2,cac2,0.0
2030,sc01,12-30 20:00:00+01:00,Node_2,Node_3,eac1,-0.075
2030,sc01,12-30 20:00:00+01:00,Node_2,Node_3,cac1,-0.018749999999997158
2030,sc01,12-30 20:00:00+01:00,Node_1,Node_2,eac1,-0.065625
2030,sc01,12-30 21:00:00+01:00,Node_1,Node_3,cac1,0.0
2030,sc01,12-30 21:00:00+01:00,Node_1,Node_2,cac1,0.0
2030,sc01,12-30 21:00:00+01:00,Node_2,Node_3,cac3,0.0
2030,sc01,12-30 21:00:00+01:00,Node_2,Node_3,cac2,-0.037499999999994316
2030,sc01,12-30 21:00:00+01:00,Node_1,Node_3,cac3,0.0
2030,sc01,12-30 21:00:00+01:00,Node_1,Node_3,cac2,0.0
2030,sc01,12-30 21:00:00+01:00,Node_1,Node_2,cac3,0.0
2030,sc01,12-30 21:00:00+01:00,Node_1,Node_3,eac1,-0.075
2030,sc01,12-30 21:00:00+01:00,Node_1,Node_2,cac2,0.0
2030,sc01,12-30 21:00:00+01:00,Node_2,Node_3,eac1,-0.075
2030,sc01,12-30 21:00:00+01:00,Node_2,Node_3,cac1,-0.018749999999997158
2030,sc01,12-30 21:00:00+01:00,Node_1,Node_2,eac1,-0.065625
2030,sc01,12-30 22:00:00+01:00,Node_1,Node_3,cac1,0.0
2030,sc01,12-30 22:00:00+01:00,Node_1,Node_2,cac1,0.0
2030,sc01,12-30 22:00:00+01:00,Node_2,Node_3,cac3,0.0
2030,sc01,12-30 22:00:00+01:00,Node_2,Node_3,cac2,-0.037499999999994316
2030,sc01,12-30 22:00:00+01:00,Node_1,Node_3,cac3,0.0
2030,sc01,12-30 22:00:00+01:00,Node_1,Node_3,cac2,0.0
2030,sc01,12-30 22:00:00+01:00,Node_1,Node_2,cac3,0.0
2030,sc01,12-30 22:00:00+01:00,Node_1,Node_3,eac1,-0.075
2030,sc01,12-30 22:00:00+01:00,Node_1,Node_2,cac2,0.0
2030,sc01,12-30 22:00:00+01:00,Node_2,Node_3,eac1,-0.075
2030,sc01,12-30 22:00:00+01:00,Node_2,Node_3,cac1,-0.018749999999997158
2030,sc01,12-30 22:00:00+01:00,Node_1,Node_2,eac1,-0.05827393260113922
2030,sc01,12-30 23:00:00+01:00,Node_1,Node_3,cac1,0.0
2030,sc01,12-30 23:00:00+01:00,Node_1,Node_2,cac1,0.0
2030,sc01,12-30 23:00:00+01:00,Node_2,Node_3,cac3,0.0
2030,sc01,12-30 23:00:00+01:00,Node_2,Node_3,cac2,-0.037499999999994316
2030,sc01,12-30 23:00:00+01:00,Node_1,Node_3,cac3,0.0
2030,sc01,12-30 23:00:00+01:00,Node_1,Node_3,cac2,0.0
2030,sc01,12-30 23:00:00+01:00,Node_1,Node_2,cac3,0.0
2030,sc01,12-30 23:00:00+01:00,Node_1,Node_3,eac1,-0.075
2030,sc01,12-30 23:00:00+01:00,Node_1,Node_2,cac2,0.0
2030,sc01,12-30 23:00:00+01:00,Node_2,Node_3,eac1,-0.075
2030,sc01,12-30 23:00:00+01:00,Node_2,Node_3,cac1,-0.018749999999997158
2030,sc01,12-30 23:00:00+01:00,Node_1,Node_2,eac1,-0.05525231558954147
